# Export File Created with QBlade CE v2.0.9.7b_beta windows on 16.08.2026 at 09:28:32
Blade_NACA_0015_Circ95_Sol1.25 Simulation 3.13;Blade_NACA_0015_Circ95_Sol1.25 Simulation 3.13;Blade_NACA_0015_Circ95_Sol1.25 Simulation 3.13;Blade_NACA_0015_Circ95_Sol1.25 Simulation 3.13;Blade_NACA_0015_Circ95_Sol1.25 Simulation 3.13;Blade_NACA_0015_Circ95_Sol1.25 Simulation 3.13;Blade_NACA_0015_Circ95_Sol1.25 Simulation 3.13;Blade_NACA_0015_Circ95_Sol1.25 Simulation 3.13;Blade_NACA_0015_Circ95_Sol1.25 Simulation 3.13;Blade_NACA_0015_Circ95_Sol1.25 Simulation 3.13;Blade_NACA_0015_Circ95_Sol1.25 Simulation 3.13;Blade_NACA_0015_Circ95_Sol1.25 Simulation 3.13;Blade_NACA_0015_Circ95_Sol1.25 Simulation 3.13;Blade_NACA_0015_Circ95_Sol1.25 Simulation 3.13;Blade_NACA_0015_Circ95_Sol1.25 Simulation 3.13;Blade_NACA_0015_Circ95_Sol1.25 Simulation 3.13;Blade_NACA_0015_Circ95_Sol1.25 Simulation 3.13;Blade_NACA_0015_Circ95_Sol1.25 Simulation 3.13;Blade_NACA_0015_Circ95_Sol1.25 Simulation 3.13;Blade_NACA_0015_Circ95_Sol1.25 Simulation 3.13;Blade_NACA_0015_Circ95_Sol1.25 Simulation 3.13;Blade_NACA_0015_Circ95_Sol1.25 Simulation 3.13;Blade_NACA_0015_Circ95_Sol1.25 Simulation 3.13;Blade_NACA_0015_Circ95_Sol1.25 Simulation 3.13;Blade_NACA_0015_Circ95_Sol1.25 Simulation 3.13;Blade_NACA_0015_Circ95_Sol1.25 Simulation 3.13;Blade_NACA_0015_Circ95_Sol1.25 Simulation 3.13;Blade_NACA_0015_Circ95_Sol1.25 Simulation 3.13;Blade_NACA_0015_Circ95_Sol1.25 Simulation 3.13;Blade_NACA_0015_Circ95_Sol1.25 Simulation 3.13;Blade_NACA_0015_Circ95_Sol1.25 Simulation 3.13;Blade_NACA_0015_Circ95_Sol1.25 Simulation 3.13;Blade_NACA_0015_Circ95_Sol1.25 Simulation 3.13;Blade_NACA_0015_Circ95_Sol1.25 Simulation 3.13;Blade_NACA_0015_Circ95_Sol1.25 Simulation 3.13;Blade_NACA_0015_Circ95_Sol1.25 Simulation 3.13;Blade_NACA_0015_Circ95_Sol1.25 Simulation 3.13;Blade_NACA_0015_Circ95_Sol1.25 Simulation 3.13;Blade_NACA_0015_Circ95_Sol1.25 Simulation 3.13;Blade_NACA_0015_Circ95_Sol1.25 Simulation 3.13;Blade_NACA_0015_Circ95_Sol1.25 Simulation 3.13;Blade_NACA_0015_Circ95_Sol1.25 Simulation 3.13;Blade_NACA_0015_Circ95_Sol1.25 Simulation 3.13;Blade_NACA_0015_Circ95_Sol1.25 Simulation 3.13;Blade_NACA_0015_Circ95_Sol1.25 Simulation 3.13;Blade_NACA_0015_Circ95_Sol1.25 Simulation 3.13;Blade_NACA_0015_Circ95_Sol1.25 Simulation 3.13;Blade_NACA_0015_Circ95_Sol1.25 Simulation 3.13;Blade_NACA_0015_Circ95_Sol1.25 Simulation 3.13;Blade_NACA_0015_Circ95_Sol1.25 Simulation 3.13;Blade_NACA_0015_Circ95_Sol1.25 Simulation 3.13;Blade_NACA_0015_Circ95_Sol1.25 Simulation 3.13;Blade_NACA_0015_Circ95_Sol1.25 Simulation 3.13;Blade_NACA_0015_Circ95_Sol1.25 Simulation 3.13;Blade_NACA_0015_Circ95_Sol1.25 Simulation 3.13;Blade_NACA_0015_Circ95_Sol1.25 Simulation 3.13;Blade_NACA_0015_Circ95_Sol1.25 Simulation 3.13;Blade_NACA_0015_Circ95_Sol1.25 Simulation 3.13;Blade_NACA_0015_Circ95_Sol1.25 Simulation 3.13;Blade_NACA_0015_Circ95_Sol1.25 Simulation 3.13;Blade_NACA_0015_Circ95_Sol1.25 Simulation 3.13;Blade_NACA_0015_Circ95_Sol1.25 Simulation 3.13;Blade_NACA_0015_Circ95_Sol1.25 Simulation 3.13;Blade_NACA_0015_Circ95_Sol1.25 Simulation 3.13;Blade_NACA_0015_Circ95_Sol1.25 Simulation 3.13;Blade_NACA_0015_Circ95_Sol1.25 Simulation 3.13;Blade_NACA_0015_Circ95_Sol1.25 Simulation 3.13;Blade_NACA_0015_Circ95_Sol1.25 Simulation 3.13;Blade_NACA_0015_Circ95_Sol1.25 Simulation 3.13;Blade_NACA_0015_Circ95_Sol1.25 Simulation 3.13;Blade_NACA_0015_Circ95_Sol1.25 Simulation 3.13;Blade_NACA_0015_Circ95_Sol1.25 Simulation 3.13;Blade_NACA_0015_Circ95_Sol1.25 Simulation 3.13;Blade_NACA_0015_Circ95_Sol1.25 Simulation 3.13;Blade_NACA_0015_Circ95_Sol1.25 Simulation 3.13;Blade_NACA_0015_Circ95_Sol1.25 Simulation 3.13;Blade_NACA_0015_Circ95_Sol1.25 Simulation 3.13;Blade_NACA_0015_Circ95_Sol1.25 Simulation 3.13;Blade_NACA_0015_Circ95_Sol1.25 Simulation 3.13;Blade_NACA_0015_Circ95_Sol1.25 Simulation 3.13;Blade_NACA_0015_Circ95_Sol1.25 Simulation 3.13;Blade_NACA_0015_Circ95_Sol1.25 Simulation 3.13;Blade_NACA_0015_Circ95_Sol1.25 Simulation 3.13;Blade_NACA_0015_Circ95_Sol1.25 Simulation 3.13;Blade_NACA_0015_Circ95_Sol1.25 Simulation 3.13;Blade_NACA_0015_Circ95_Sol1.25 Simulation 3.13;Blade_NACA_0015_Circ95_Sol1.25 Simulation 3.13;Blade_NACA_0015_Circ95_Sol1.25 Simulation 3.13;Blade_NACA_0015_Circ95_Sol1.25 Simulation 3.13;Blade_NACA_0015_Circ95_Sol1.25 Simulation 3.13;Blade_NACA_0015_Circ95_Sol1.25 Simulation 3.13;Blade_NACA_0015_Circ95_Sol1.25 Simulation 3.13;Blade_NACA_0015_Circ95_Sol1.25 Simulation 3.13;Blade_NACA_0015_Circ95_Sol1.25 Simulation 3.13;Blade_NACA_0015_Circ95_Sol1.25 Simulation 3.13;Blade_NACA_0015_Circ95_Sol1.25 Simulation 3.13;Blade_NACA_0015_Circ95_Sol1.25 Simulation 3.13;Blade_NACA_0015_Circ95_Sol1.25 Simulation 3.13;Blade_NACA_0015_Circ95_Sol1.25 Simulation 3.13;Blade_NACA_0015_Circ95_Sol1.25 Simulation 3.13;Blade_NACA_0015_Circ95_Sol1.25 Simulation 3.13;Blade_NACA_0015_Circ95_Sol1.25 Simulation 3.13;Blade_NACA_0015_Circ95_Sol1.25 Simulation 3.13;Blade_NACA_0015_Circ95_Sol1.25 Simulation 3.13;Blade_NACA_0015_Circ95_Sol1.25 Simulation 3.13;Blade_NACA_0015_Circ95_Sol1.25 Simulation 3.13;Blade_NACA_0015_Circ95_Sol1.25 Simulation 3.13;Blade_NACA_0015_Circ95_Sol1.25 Simulation 3.13;Blade_NACA_0015_Circ95_Sol1.25 Simulation 3.13;Blade_NACA_0015_Circ95_Sol1.25 Simulation 3.13;Blade_NACA_0015_Circ95_Sol1.25 Simulation 3.13;Blade_NACA_0015_Circ95_Sol1.25 Simulation 3.13;Blade_NACA_0015_Circ95_Sol1.25 Simulation 3.13;Blade_NACA_0015_Circ95_Sol1.25 Simulation 3.13;Blade_NACA_0015_Circ95_Sol1.25 Simulation 3.13;Blade_NACA_0015_Circ95_Sol1.25 Simulation 3.13;Blade_NACA_0015_Circ95_Sol1.25 Simulation 3.13;Blade_NACA_0015_Circ95_Sol1.25 Simulation 3.13;Blade_NACA_0015_Circ95_Sol1.25 Simulation 3.13;Blade_NACA_0015_Circ95_Sol1.25 Simulation 3.13;Blade_NACA_0015_Circ95_Sol1.25 Simulation 3.13;Blade_NACA_0015_Circ95_Sol1.25 Simulation 3.13;Blade_NACA_0015_Circ95_Sol1.25 Simulation 3.13;Blade_NACA_0015_Circ95_Sol1.25 Simulation 3.13;Blade_NACA_0015_Circ95_Sol1.25 Simulation 3.13;Blade_NACA_0015_Circ95_Sol1.25 Simulation 3.13;Blade_NACA_0015_Circ95_Sol1.25 Simulation 3.13;Blade_NACA_0015_Circ95_Sol1.25 Simulation 3.13;Blade_NACA_0015_Circ95_Sol1.25 Simulation 3.13;Blade_NACA_0015_Circ95_Sol1.25 Simulation 3.13;Blade_NACA_0015_Circ95_Sol1.25 Simulation 3.13;Blade_NACA_0015_Circ95_Sol1.25 Simulation 3.13;Blade_NACA_0015_Circ95_Sol1.25 Simulation 3.13;Blade_NACA_0015_Circ95_Sol1.25 Simulation 3.13;Blade_NACA_0015_Circ95_Sol1.25 Simulation 3.13;Blade_NACA_0015_Circ95_Sol1.25 Simulation 3.13;Blade_NACA_0015_Circ95_Sol1.25 Simulation 3.13;Blade_NACA_0015_Circ95_Sol1.25 Simulation 3.13;Blade_NACA_0015_Circ95_Sol1.25 Simulation 3.13;Blade_NACA_0015_Circ95_Sol1.25 Simulation 3.13;Blade_NACA_0015_Circ95_Sol1.25 Simulation 3.13;Blade_NACA_0015_Circ95_Sol1.25 Simulation 3.13;Blade_NACA_0015_Circ95_Sol1.25 Simulation 3.13;Blade_NACA_0015_Circ95_Sol1.25 Simulation 3.13;Blade_NACA_0015_Circ95_Sol1.25 Simulation 3.13;Blade_NACA_0015_Circ95_Sol1.25 Simulation 3.13;Blade_NACA_0015_Circ95_Sol1.25 Simulation 3.13;Blade_NACA_0015_Circ95_Sol1.25 Simulation 3.13;Blade_NACA_0015_Circ95_Sol1.25 Simulation 3.13;Blade_NACA_0015_Circ95_Sol1.25 Simulation 3.13;Blade_NACA_0015_Circ95_Sol1.25 Simulation 3.13;Blade_NACA_0015_Circ95_Sol1.25 Simulation 3.13;Blade_NACA_0015_Circ95_Sol1.25 Simulation 3.13;Blade_NACA_0015_Circ95_Sol1.25 Simulation 3.13;Blade_NACA_0015_Circ95_Sol1.25 Simulation 3.13;Blade_NACA_0015_Circ95_Sol1.25 Simulation 3.13;Blade_NACA_0015_Circ95_Sol1.25 Simulation 3.13;Blade_NACA_0015_Circ95_Sol1.25 Simulation 3.13;Blade_NACA_0015_Circ95_Sol1.25 Simulation 3.13;Blade_NACA_0015_Circ95_Sol1.25 Simulation 3.13;Blade_NACA_0015_Circ95_Sol1.25 Simulation 3.13;Blade_NACA_0015_Circ95_Sol1.25 Simulation 3.13;Blade_NACA_0015_Circ95_Sol1.25 Simulation 3.13;Blade_NACA_0015_Circ95_Sol1.25 Simulation 3.13;Blade_NACA_0015_Circ95_Sol1.25 Simulation 3.13;Blade_NACA_0015_Circ95_Sol1.25 Simulation 3.13;Blade_NACA_0015_Circ95_Sol1.25 Simulation 3.13;Blade_NACA_0015_Circ95_Sol1.25 Simulation 3.13;Blade_NACA_0015_Circ95_Sol1.25 Simulation 3.13;Blade_NACA_0015_Circ95_Sol1.25 Simulation 3.13;Blade_NACA_0015_Circ95_Sol1.25 Simulation 3.13;Blade_NACA_0015_Circ95_Sol1.25 Simulation 3.13;Blade_NACA_0015_Circ95_Sol1.25 Simulation 3.13;Blade_NACA_0015_Circ95_Sol1.25 Simulation 3.13;Blade_NACA_0015_Circ95_Sol1.25 Simulation 3.13;Blade_NACA_0015_Circ95_Sol1.25 Simulation 3.13;Blade_NACA_0015_Circ95_Sol1.25 Simulation 3.13;Blade_NACA_0015_Circ95_Sol1.25 Simulation 3.13;Blade_NACA_0015_Circ95_Sol1.25 Simulation 3.13;Blade_NACA_0015_Circ95_Sol1.25 Simulation 3.13;Blade_NACA_0015_Circ95_Sol1.25 Simulation 3.13;Blade_NACA_0015_Circ95_Sol1.25 Simulation 3.13;Blade_NACA_0015_Circ95_Sol1.25 Simulation 3.13;Blade_NACA_0015_Circ95_Sol1.25 Simulation 3.13;Blade_NACA_0015_Circ95_Sol1.25 Simulation 3.13;Blade_NACA_0015_Circ95_Sol1.25 Simulation 3.13;Blade_NACA_0015_Circ95_Sol1.25 Simulation 3.13;Blade_NACA_0015_Circ95_Sol1.25 Simulation 3.13;Blade_NACA_0015_Circ95_Sol1.25 Simulation 3.13;Blade_NACA_0015_Circ95_Sol1.25 Simulation 3.13;Blade_NACA_0015_Circ95_Sol1.25 Simulation 3.13;Blade_NACA_0015_Circ95_Sol1.25 Simulation 3.13;Blade_NACA_0015_Circ95_Sol1.25 Simulation 3.13;Blade_NACA_0015_Circ95_Sol1.25 Simulation 3.13;Blade_NACA_0015_Circ95_Sol1.25 Simulation 3.13;Blade_NACA_0015_Circ95_Sol1.25 Simulation 3.13;Blade_NACA_0015_Circ95_Sol1.25 Simulation 3.13;Blade_NACA_0015_Circ95_Sol1.25 Simulation 3.13;Blade_NACA_0015_Circ95_Sol1.25 Simulation 3.13;Blade_NACA_0015_Circ95_Sol1.25 Simulation 3.13;Blade_NACA_0015_Circ95_Sol1.25 Simulation 3.13;Blade_NACA_0015_Circ95_Sol1.25 Simulation 3.13;Blade_NACA_0015_Circ95_Sol1.25 Simulation 3.13;Blade_NACA_0015_Circ95_Sol1.25 Simulation 3.13;Blade_NACA_0015_Circ95_Sol1.25 Simulation 3.13;Blade_NACA_0015_Circ95_Sol1.25 Simulation 3.13;Blade_NACA_0015_Circ95_Sol1.25 Simulation 3.13;Blade_NACA_0015_Circ95_Sol1.25 Simulation 3.13;Blade_NACA_0015_Circ95_Sol1.25 Simulation 3.13;Blade_NACA_0015_Circ95_Sol1.25 Simulation 3.13;Blade_NACA_0015_Circ95_Sol1.25 Simulation 3.13;Blade_NACA_0015_Circ95_Sol1.25 Simulation 3.13;Blade_NACA_0015_Circ95_Sol1.25 Simulation 3.13;Blade_NACA_0015_Circ95_Sol1.25 Simulation 3.13;Blade_NACA_0015_Circ95_Sol1.25 Simulation 3.13;Blade_NACA_0015_Circ95_Sol1.25 Simulation 3.13;Blade_NACA_0015_Circ95_Sol1.25 Simulation 3.13;Blade_NACA_0015_Circ95_Sol1.25 Simulation 3.13;Blade_NACA_0015_Circ95_Sol1.25 Simulation 3.13;Blade_NACA_0015_Circ95_Sol1.25 Simulation 3.13;Blade_NACA_0015_Circ95_Sol1.25 Simulation 3.13;Blade_NACA_0015_Circ95_Sol1.25 Simulation 3.13;Blade_NACA_0015_Circ95_Sol1.25 Simulation 3.13;Blade_NACA_0015_Circ95_Sol1.25 Simulation 3.13;Blade_NACA_0015_Circ95_Sol1.25 Simulation 3.13;Blade_NACA_0015_Circ95_Sol1.25 Simulation 3.13;Blade_NACA_0015_Circ95_Sol1.25 Simulation 3.13;Blade_NACA_0015_Circ95_Sol1.25 Simulation 3.13;Blade_NACA_0015_Circ95_Sol1.25 Simulation 3.13;Blade_NACA_0015_Circ95_Sol1.25 Simulation 3.13;Blade_NACA_0015_Circ95_Sol1.25 Simulation 3.13;Blade_NACA_0015_Circ95_Sol1.25 Simulation 3.13;Blade_NACA_0015_Circ95_Sol1.25 Simulation 3.13;Blade_NACA_0015_Circ95_Sol1.25 Simulation 3.13;Blade_NACA_0015_Circ95_Sol1.25 Simulation 3.13;Blade_NACA_0015_Circ95_Sol1.25 Simulation 3.13;Blade_NACA_0015_Circ95_Sol1.25 Simulation 3.13;Blade_NACA_0015_Circ95_Sol1.25 Simulation 3.13;Blade_NACA_0015_Circ95_Sol1.25 Simulation 3.13;Blade_NACA_0015_Circ95_Sol1.25 Simulation 3.13;Blade_NACA_0015_Circ95_Sol1.25 Simulation 3.13;Blade_NACA_0015_Circ95_Sol1.25 Simulation 3.13;Blade_NACA_0015_Circ95_Sol1.25 Simulation 3.13;Blade_NACA_0015_Circ95_Sol1.25 Simulation 3.13;Blade_NACA_0015_Circ95_Sol1.25 Simulation 3.13;Blade_NACA_0015_Circ95_Sol1.25 Simulation 3.13;Blade_NACA_0015_Circ95_Sol1.25 Simulation 3.13;Blade_NACA_0015_Circ95_Sol1.25 Simulation 3.13;Blade_NACA_0015_Circ95_Sol1.25 Simulation 3.13;Blade_NACA_0015_Circ95_Sol1.25 Simulation 3.13;Blade_NACA_0015_Circ95_Sol1.25 Simulation 3.13;Blade_NACA_0015_Circ95_Sol1.25 Simulation 3.13;Blade_NACA_0015_Circ95_Sol1.25 Simulation 3.13;Blade_NACA_0015_Circ95_Sol1.25 Simulation 3.13;Blade_NACA_0015_Circ95_Sol1.25 Simulation 3.13;Blade_NACA_0015_Circ95_Sol1.25 Simulation 3.13;Blade_NACA_0015_Circ95_Sol1.25 Simulation 3.13;Blade_NACA_0015_Circ95_Sol1.25 Simulation 3.13;Blade_NACA_0015_Circ95_Sol1.25 Simulation 3.13;Blade_NACA_0015_Circ95_Sol1.25 Simulation 3.13;Blade_NACA_0015_Circ95_Sol1.25 Simulation 3.13;Blade_NACA_0015_Circ95_Sol1.25 Simulation 3.13;Blade_NACA_0015_Circ95_Sol1.25 Simulation 3.13;Blade_NACA_0015_Circ95_Sol1.25 Simulation 3.13;Blade_NACA_0015_Circ95_Sol1.25 Simulation 3.13;Blade_NACA_0015_Circ95_Sol1.25 Simulation 3.13;Blade_NACA_0015_Circ95_Sol1.25 Simulation 3.13;Blade_NACA_0015_Circ95_Sol1.25 Simulation 3.13;Blade_NACA_0015_Circ95_Sol1.25 Simulation 3.13;Blade_NACA_0015_Circ95_Sol1.25 Simulation 3.13;Blade_NACA_0015_Circ95_Sol1.25 Simulation 3.13;Blade_NACA_0015_Circ95_Sol1.25 Simulation 3.13;Blade_NACA_0015_Circ95_Sol1.25 Simulation 3.13;Blade_NACA_0015_Circ95_Sol1.25 Simulation 3.13;Blade_NACA_0015_Circ95_Sol1.25 Simulation 3.13;Blade_NACA_0015_Circ95_Sol1.25 Simulation 3.13;Blade_NACA_0015_Circ95_Sol1.25 Simulation 3.13;Blade_NACA_0015_Circ95_Sol1.25 Simulation 3.13;Blade_NACA_0015_Circ95_Sol1.25 Simulation 3.13;Blade_NACA_0015_Circ95_Sol1.25 Simulation 3.13;Blade_NACA_0015_Circ95_Sol1.25 Simulation 3.13;Blade_NACA_0015_Circ95_Sol1.25 Simulation 3.13;Blade_NACA_0015_Circ95_Sol1.25 Simulation 3.13;Blade_NACA_0015_Circ95_Sol1.25 Simulation 3.13;Blade_NACA_0015_Circ95_Sol1.25 Simulation 3.13;Blade_NACA_0015_Circ95_Sol1.25 Simulation 3.13;Blade_NACA_0015_Circ95_Sol1.25 Simulation 3.13;Blade_NACA_0015_Circ95_Sol1.25 Simulation 3.13;Blade_NACA_0015_Circ95_Sol1.25 Simulation 3.13;Blade_NACA_0015_Circ95_Sol1.25 Simulation 3.13;Blade_NACA_0015_Circ95_Sol1.25 Simulation 3.13;Blade_NACA_0015_Circ95_Sol1.25 Simulation 3.13;Blade_NACA_0015_Circ95_Sol1.25 Simulation 3.13;Blade_NACA_0015_Circ95_Sol1.25 Simulation 3.13;Blade_NACA_0015_Circ95_Sol1.25 Simulation 3.13;Blade_NACA_0015_Circ95_Sol1.25 Simulation 3.13;Blade_NACA_0015_Circ95_Sol1.25 Simulation 3.13;Blade_NACA_0015_Circ95_Sol1.25 Simulation 3.13;Blade_NACA_0015_Circ95_Sol1.25 Simulation 3.13;Blade_NACA_0015_Circ95_Sol1.25 Simulation 3.13;Blade_NACA_0015_Circ95_Sol1.25 Simulation 3.13;Blade_NACA_0015_Circ95_Sol1.25 Simulation 3.13;Blade_NACA_0015_Circ95_Sol1.25 Simulation 3.13;Blade_NACA_0015_Circ95_Sol1.25 Simulation 3.13;Blade_NACA_0015_Circ95_Sol1.25 Simulation 3.13;Blade_NACA_0015_Circ95_Sol1.25 Simulation 3.13;Blade_NACA_0015_Circ95_Sol1.25 Simulation 3.13;Blade_NACA_0015_Circ95_Sol1.25 Simulation 3.13;Blade_NACA_0015_Circ95_Sol1.25 Simulation 3.13;Blade_NACA_0015_Circ95_Sol1.25 Simulation 3.13;Blade_NACA_0015_Circ95_Sol1.25 Simulation 3.13;Blade_NACA_0015_Circ95_Sol1.25 Simulation 3.13;Blade_NACA_0015_Circ95_Sol1.25 Simulation 3.13;Blade_NACA_0015_Circ95_Sol1.25 Simulation 3.13;Blade_NACA_0015_Circ95_Sol1.25 Simulation 3.13;Blade_NACA_0015_Circ95_Sol1.25 Simulation 3.13;Blade_NACA_0015_Circ95_Sol1.25 Simulation 3.13;Blade_NACA_0015_Circ95_Sol1.25 Simulation 3.13;Blade_NACA_0015_Circ95_Sol1.25 Simulation 3.13;Blade_NACA_0015_Circ95_Sol1.25 Simulation 3.13;Blade_NACA_0015_Circ95_Sol1.25 Simulation 3.13;Blade_NACA_0015_Circ95_Sol1.25 Simulation 3.13;Blade_NACA_0015_Circ95_Sol1.25 Simulation 3.13;Blade_NACA_0015_Circ95_Sol1.25 Simulation 3.13;Blade_NACA_0015_Circ95_Sol1.25 Simulation 3.13;Blade_NACA_0015_Circ95_Sol1.25 Simulation 3.13;Blade_NACA_0015_Circ95_Sol1.25 Simulation 3.13;Blade_NACA_0015_Circ95_Sol1.25 Simulation 3.13;Blade_NACA_0015_Circ95_Sol1.25 Simulation 3.13;Blade_NACA_0015_Circ95_Sol1.25 Simulation 3.13;Blade_NACA_0015_Circ95_Sol1.25 Simulation 3.13;Blade_NACA_0015_Circ95_Sol1.25 Simulation 3.13;Blade_NACA_0015_Circ95_Sol1.25 Simulation 3.13;Blade_NACA_0015_Circ95_Sol1.25 Simulation 3.13;Blade_NACA_0015_Circ95_Sol1.25 Simulation 3.13;Blade_NACA_0015_Circ95_Sol1.25 Simulation 3.13;Blade_NACA_0015_Circ95_Sol1.25 Simulation 3.13;Blade_NACA_0015_Circ95_Sol1.25 Simulation 3.13;Blade_NACA_0015_Circ95_Sol1.25 Simulation 3.13;Blade_NACA_0015_Circ95_Sol1.25 Simulation 3.13;Blade_NACA_0015_Circ95_Sol1.25 Simulation 3.13;Blade_NACA_0015_Circ95_Sol1.25 Simulation 3.13;Blade_NACA_0015_Circ95_Sol1.25 Simulation 3.13;Blade_NACA_0015_Circ95_Sol1.25 Simulation 3.13;Blade_NACA_0015_Circ95_Sol1.25 Simulation 3.13;Blade_NACA_0015_Circ95_Sol1.25 Simulation 3.13;Blade_NACA_0015_Circ95_Sol1.25 Simulation 3.13;Blade_NACA_0015_Circ95_Sol1.25 Simulation 3.13;Blade_NACA_0015_Circ95_Sol1.25 Simulation 3.13;Blade_NACA_0015_Circ95_Sol1.25 Simulation 3.13;Blade_NACA_0015_Circ95_Sol1.25 Simulation 3.13;Blade_NACA_0015_Circ95_Sol1.25 Simulation 3.13;Blade_NACA_0015_Circ95_Sol1.25 Simulation 3.13;Blade_NACA_0015_Circ95_Sol1.25 Simulation 3.13;Blade_NACA_0015_Circ95_Sol1.25 Simulation 3.13;Blade_NACA_0015_Circ95_Sol1.25 Simulation 3.13;Blade_NACA_0015_Circ95_Sol1.25 Simulation 3.13;Blade_NACA_0015_Circ95_Sol1.25 Simulation 3.13;Blade_NACA_0015_Circ95_Sol1.25 Simulation 3.13;Blade_NACA_0015_Circ95_Sol1.25 Simulation 3.13;Blade_NACA_0015_Circ95_Sol1.25 Simulation 3.13;Blade_NACA_0015_Circ95_Sol1.25 Simulation 3.13;Blade_NACA_0015_Circ95_Sol1.25 Simulation 3.13;Blade_NACA_0015_Circ95_Sol1.25 Simulation 3.13;Blade_NACA_0015_Circ95_Sol1.25 Simulation 3.13;Blade_NACA_0015_Circ95_Sol1.25 Simulation 3.13;Blade_NACA_0015_Circ95_Sol1.25 Simulation 3.13;Blade_NACA_0015_Circ95_Sol1.25 Simulation 3.13;Blade_NACA_0015_Circ95_Sol1.25 Simulation 3.13;Blade_NACA_0015_Circ95_Sol1.25 Simulation 3.13;Blade_NACA_0015_Circ95_Sol1.25 Simulation 3.13;Blade_NACA_0015_Circ95_Sol1.25 Simulation 3.13;Blade_NACA_0015_Circ95_Sol1.25 Simulation 3.13;Blade_NACA_0015_Circ95_Sol1.25 Simulation 3.13;Blade_NACA_0015_Circ95_Sol1.25 Simulation 3.13;Blade_NACA_0015_Circ95_Sol1.25 Simulation 3.13;Blade_NACA_0015_Circ95_Sol1.25 Simulation 3.13;Blade_NACA_0015_Circ95_Sol1.25 Simulation 3.13;Blade_NACA_0015_Circ95_Sol1.25 Simulation 3.13;Blade_NACA_0015_Circ95_Sol1.25 Simulation 3.13;Blade_NACA_0015_Circ95_Sol1.25 Simulation 3.13;Blade_NACA_0015_Circ95_Sol1.25 Simulation 3.13;Blade_NACA_0015_Circ95_Sol1.25 Simulation 3.13;Blade_NACA_0015_Circ95_Sol1.25 Simulation 3.13;Blade_NACA_0015_Circ95_Sol1.25 Simulation 3.13;Blade_NACA_0015_Circ95_Sol1.25 Simulation 3.13;Blade_NACA_0015_Circ95_Sol1.25 Simulation 3.13;Blade_NACA_0015_Circ95_Sol1.25 Simulation 3.13;Blade_NACA_0015_Circ95_Sol1.25 Simulation 3.13;Blade_NACA_0015_Circ95_Sol1.25 Simulation 3.13;Blade_NACA_0015_Circ95_Sol1.25 Simulation 3.13;Blade_NACA_0015_Circ95_Sol1.25 Simulation 3.13;Blade_NACA_0015_Circ95_Sol1.25 Simulation 3.13;Blade_NACA_0015_Circ95_Sol1.25 Simulation 3.13;Blade_NACA_0015_Circ95_Sol1.25 Simulation 3.13;Blade_NACA_0015_Circ95_Sol1.25 Simulation 3.13;Blade_NACA_0015_Circ95_Sol1.25 Simulation 3.13;Blade_NACA_0015_Circ95_Sol1.25 Simulation 3.13;Blade_NACA_0015_Circ95_Sol1.25 Simulation 3.13;Blade_NACA_0015_Circ95_Sol1.25 Simulation 3.13;Blade_NACA_0015_Circ95_Sol1.25 Simulation 3.13;Blade_NACA_0015_Circ95_Sol1.25 Simulation 3.13;Blade_NACA_0015_Circ95_Sol1.25 Simulation 3.13;Blade_NACA_0015_Circ95_Sol1.25 Simulation 3.13;Blade_NACA_0015_Circ95_Sol1.25 Simulation 3.13;Blade_NACA_0015_Circ95_Sol1.25 Simulation 3.13;Blade_NACA_0015_Circ95_Sol1.25 Simulation 3.13;Blade_NACA_0015_Circ95_Sol1.25 Simulation 3.13;Blade_NACA_0015_Circ95_Sol1.25 Simulation 3.13;Blade_NACA_0015_Circ95_Sol1.25 Simulation 3.13;Blade_NACA_0015_Circ95_Sol1.25 Simulation 3.13;Blade_NACA_0015_Circ95_Sol1.25 Simulation 3.13;Blade_NACA_0015_Circ95_Sol1.25 Simulation 3.13;Blade_NACA_0015_Circ95_Sol1.25 Simulation 3.13;Blade_NACA_0015_Circ95_Sol1.25 Simulation 3.13;Blade_NACA_0015_Circ95_Sol1.25 Simulation 3.13;Blade_NACA_0015_Circ95_Sol1.25 Simulation 3.13;Blade_NACA_0015_Circ95_Sol1.25 Simulation 3.13;Blade_NACA_0015_Circ95_Sol1.25 Simulation 3.13;Blade_NACA_0015_Circ95_Sol1.25 Simulation 3.13;Blade_NACA_0015_Circ95_Sol1.25 Simulation 3.13;Blade_NACA_0015_Circ95_Sol1.25 Simulation 3.13;Blade_NACA_0015_Circ95_Sol1.25 Simulation 3.13;Blade_NACA_0015_Circ95_Sol1.25 Simulation 3.13;Blade_NACA_0015_Circ95_Sol1.25 Simulation 3.13;Blade_NACA_0015_Circ95_Sol1.25 Simulation 3.13;Blade_NACA_0015_Circ95_Sol1.25 Simulation 3.13;Blade_NACA_0015_Circ95_Sol1.25 Simulation 3.13;Blade_NACA_0015_Circ95_Sol1.25 Simulation 3.13;Blade_NACA_0015_Circ95_Sol1.25 Simulation 3.13;Blade_NACA_0015_Circ95_Sol1.25 Simulation 3.13;Blade_NACA_0015_Circ95_Sol1.25 Simulation 3.13;Blade_NACA_0015_Circ95_Sol1.25 Simulation 3.13;Blade_NACA_0015_Circ95_Sol1.25 Simulation 3.13;Blade_NACA_0015_Circ95_Sol1.25 Simulation 3.13;Blade_NACA_0015_Circ95_Sol1.25 Simulation 3.13;Blade_NACA_0015_Circ95_Sol1.25 Simulation 3.13;Blade_NACA_0015_Circ95_Sol1.25 Simulation 3.13;Blade_NACA_0015_Circ95_Sol1.25 Simulation 3.13;Blade_NACA_0015_Circ95_Sol1.25 Simulation 3.13;Blade_NACA_0015_Circ95_Sol1.25 Simulation 3.13;Blade_NACA_0015_Circ95_Sol1.25 Simulation 3.13;Blade_NACA_0015_Circ95_Sol1.25 Simulation 3.13;Blade_NACA_0015_Circ95_Sol1.25 Simulation 3.13;Blade_NACA_0015_Circ95_Sol1.25 Simulation 3.13;Blade_NACA_0015_Circ95_Sol1.25 Simulation 3.13;Blade_NACA_0015_Circ95_Sol1.25 Simulation 3.13;Blade_NACA_0015_Circ95_Sol1.25 Simulation 3.13;Blade_NACA_0015_Circ95_Sol1.25 Simulation 3.13;Blade_NACA_0015_Circ95_Sol1.25 Simulation 3.13;Blade_NACA_0015_Circ95_Sol1.25 Simulation 3.13;Blade_NACA_0015_Circ95_Sol1.25 Simulation 3.13;Blade_NACA_0015_Circ95_Sol1.25 Simulation 3.13;Blade_NACA_0015_Circ95_Sol1.25 Simulation 3.13;Blade_NACA_0015_Circ95_Sol1.25 Simulation 3.13;Blade_NACA_0015_Circ95_Sol1.25 Simulation 3.13;Blade_NACA_0015_Circ95_Sol1.25 Simulation 3.13;Blade_NACA_0015_Circ95_Sol1.25 Simulation 3.13;Blade_NACA_0015_Circ95_Sol1.25 Simulation 3.13;Blade_NACA_0015_Circ95_Sol1.25 Simulation 3.13;Blade_NACA_0015_Circ95_Sol1.25 Simulation 3.13;Blade_NACA_0015_Circ95_Sol1.25 Simulation 3.13;Blade_NACA_0015_Circ95_Sol1.25 Simulation 3.13;Blade_NACA_0015_Circ95_Sol1.25 Simulation 3.13;Blade_NACA_0015_Circ95_Sol1.25 Simulation 3.13;Blade_NACA_0015_Circ95_Sol1.25 Simulation 3.13;Blade_NACA_0015_Circ95_Sol1.25 Simulation 3.13;Blade_NACA_0015_Circ95_Sol1.25 Simulation 3.13;Blade_NACA_0015_Circ95_Sol1.25 Simulation 3.13;Blade_NACA_0015_Circ95_Sol1.25 Simulation 3.13;Blade_NACA_0015_Circ95_Sol1.25 Simulation 3.13;Blade_NACA_0015_Circ95_Sol1.25 Simulation 3.13;Blade_NACA_0015_Circ95_Sol1.25 Simulation 3.13;Blade_NACA_0015_Circ95_Sol1.25 Simulation 3.13;Blade_NACA_0015_Circ95_Sol1.25 Simulation 3.13;Blade_NACA_0015_Circ95_Sol1.25 Simulation 3.13;Blade_NACA_0015_Circ95_Sol1.25 Simulation 3.13;Blade_NACA_0015_Circ95_Sol1.25 Simulation 3.13;Blade_NACA_0015_Circ95_Sol1.25 Simulation 3.13;Blade_NACA_0015_Circ95_Sol1.25 Simulation 3.13;Blade_NACA_0015_Circ95_Sol1.25 Simulation 3.13;Blade_NACA_0015_Circ95_Sol1.25 Simulation 3.13;Blade_NACA_0015_Circ95_Sol1.25 Simulation 3.13;Blade_NACA_0015_Circ95_Sol1.25 Simulation 3.13;Blade_NACA_0015_Circ95_Sol1.25 Simulation 3.13;Blade_NACA_0015_Circ95_Sol1.25 Simulation 3.13;Blade_NACA_0015_Circ95_Sol1.25 Simulation 3.13;Blade_NACA_0015_Circ95_Sol1.25 Simulation 3.13;Blade_NACA_0015_Circ95_Sol1.25 Simulation 3.13;Blade_NACA_0015_Circ95_Sol1.25 Simulation 3.13;Blade_NACA_0015_Circ95_Sol1.25 Simulation 3.13;Blade_NACA_0015_Circ95_Sol1.25 Simulation 3.13;Blade_NACA_0015_Circ95_Sol1.25 Simulation 3.13;Blade_NACA_0015_Circ95_Sol1.25 Simulation 3.13;Blade_NACA_0015_Circ95_Sol1.25 Simulation 3.13;Blade_NACA_0015_Circ95_Sol1.25 Simulation 3.13;Blade_NACA_0015_Circ95_Sol1.25 Simulation 3.13;Blade_NACA_0015_Circ95_Sol1.25 Simulation 3.13;Blade_NACA_0015_Circ95_Sol1.25 Simulation 3.13;Blade_NACA_0015_Circ95_Sol1.25 Simulation 3.13;Blade_NACA_0015_Circ95_Sol1.25 Simulation 3.13;Blade_NACA_0015_Circ95_Sol1.25 Simulation 3.13;Blade_NACA_0015_Circ95_Sol1.25 Simulation 3.13;Blade_NACA_0015_Circ95_Sol1.25 Simulation 3.13;Blade_NACA_0015_Circ95_Sol1.25 Simulation 3.13;Blade_NACA_0015_Circ95_Sol1.25 Simulation 3.13;Blade_NACA_0015_Circ95_Sol1.25 Simulation 3.13;Blade_NACA_0015_Circ95_Sol1.25 Simulation 3.13;Blade_NACA_0015_Circ95_Sol1.25 Simulation 3.13;Blade_NACA_0015_Circ95_Sol1.25 Simulation 3.13;Blade_NACA_0015_Circ95_Sol1.25 Simulation 3.13;Blade_NACA_0015_Circ95_Sol1.25 Simulation 3.13;Blade_NACA_0015_Circ95_Sol1.25 Simulation 3.13;Blade_NACA_0015_Circ95_Sol1.25 Simulation 3.13;Blade_NACA_0015_Circ95_Sol1.25 Simulation 3.13;Blade_NACA_0015_Circ95_Sol1.25 Simulation 3.13;Blade_NACA_0015_Circ95_Sol1.25 Simulation 3.13;Blade_NACA_0015_Circ95_Sol1.25 Simulation 3.13;Blade_NACA_0015_Circ95_Sol1.25 Simulation 3.13;Blade_NACA_0015_Circ95_Sol1.25 Simulation 3.13;Blade_NACA_0015_Circ95_Sol1.25 Simulation 3.13;Blade_NACA_0015_Circ95_Sol1.25 Simulation 3.13;Blade_NACA_0015_Circ95_Sol1.25 Simulation 3.13;Blade_NACA_0015_Circ95_Sol1.25 Simulation 3.13;Blade_NACA_0015_Circ95_Sol1.25 Simulation 3.13;Blade_NACA_0015_Circ95_Sol1.25 Simulation 3.13;Blade_NACA_0015_Circ95_Sol1.25 Simulation 3.13;Blade_NACA_0015_Circ95_Sol1.25 Simulation 3.13;Blade_NACA_0015_Circ95_Sol1.25 Simulation 3.13;Blade_NACA_0015_Circ95_Sol1.25 Simulation 3.13;Blade_NACA_0015_Circ95_Sol1.25 Simulation 3.13;Blade_NACA_0015_Circ95_Sol1.25 Simulation 3.13;Blade_NACA_0015_Circ95_Sol1.25 Simulation 3.13;Blade_NACA_0015_Circ95_Sol1.25 Simulation 3.13;Blade_NACA_0015_Circ95_Sol1.25 Simulation 3.13;Blade_NACA_0015_Circ95_Sol1.25 Simulation 3.13;Blade_NACA_0015_Circ95_Sol1.25 Simulation 3.13;Blade_NACA_0015_Circ95_Sol1.25 Simulation 3.13;Blade_NACA_0015_Circ95_Sol1.25 Simulation 3.13;Blade_NACA_0015_Circ95_Sol1.25 Simulation 3.13;Blade_NACA_0015_Circ95_Sol1.25 Simulation 3.13;Blade_NACA_0015_Circ95_Sol1.25 Simulation 3.13;Blade_NACA_0015_Circ95_Sol1.25 Simulation 3.13;Blade_NACA_0015_Circ95_Sol1.25 Simulation 3.13;Blade_NACA_0015_Circ95_Sol1.25 Simulation 3.13;Blade_NACA_0015_Circ95_Sol1.25 Simulation 3.13;Blade_NACA_0015_Circ95_Sol1.25 Simulation 3.13;Blade_NACA_0015_Circ95_Sol1.25 Simulation 3.13;Blade_NACA_0015_Circ95_Sol1.25 Simulation 3.13;Blade_NACA_0015_Circ95_Sol1.25 Simulation 3.13;Blade_NACA_0015_Circ95_Sol1.25 Simulation 3.13;Blade_NACA_0015_Circ95_Sol1.25 Simulation 3.13;Blade_NACA_0015_Circ95_Sol1.25 Simulation 3.13;Blade_NACA_0015_Circ95_Sol1.25 Simulation 3.13;Blade_NACA_0015_Circ95_Sol1.25 Simulation 3.13;Blade_NACA_0015_Circ95_Sol1.25 Simulation 3.13;Blade_NACA_0015_Circ95_Sol1.25 Simulation 3.13;Blade_NACA_0015_Circ95_Sol1.25 Simulation 3.13;Blade_NACA_0015_Circ95_Sol1.25 Simulation 3.13;Blade_NACA_0015_Circ95_Sol1.25 Simulation 3.13;Blade_NACA_0015_Circ95_Sol1.25 Simulation 3.13;Blade_NACA_0015_Circ95_Sol1.25 Simulation 3.13;Blade_NACA_0015_Circ95_Sol1.25 Simulation 3.13;Blade_NACA_0015_Circ95_Sol1.25 Simulation 3.13;Blade_NACA_0015_Circ95_Sol1.25 Simulation 3.13;Blade_NACA_0015_Circ95_Sol1.25 Simulation 3.13;Blade_NACA_0015_Circ95_Sol1.25 Simulation 3.13;Blade_NACA_0015_Circ95_Sol1.25 Simulation 3.13;Blade_NACA_0015_Circ95_Sol1.25 Simulation 3.13;Blade_NACA_0015_Circ95_Sol1.25 Simulation 3.13;Blade_NACA_0015_Circ95_Sol1.25 Simulation 3.13;Blade_NACA_0015_Circ95_Sol1.25 Simulation 3.13;Blade_NACA_0015_Circ95_Sol1.25 Simulation 3.13;Blade_NACA_0015_Circ95_Sol1.25 Simulation 3.13;Blade_NACA_0015_Circ95_Sol1.25 Simulation 3.13;Blade_NACA_0015_Circ95_Sol1.25 Simulation 3.13;Blade_NACA_0015_Circ95_Sol1.25 Simulation 3.13;Blade_NACA_0015_Circ95_Sol1.25 Simulation 3.13;Blade_NACA_0015_Circ95_Sol1.25 Simulation 3.13;Blade_NACA_0015_Circ95_Sol1.25 Simulation 3.13;Blade_NACA_0015_Circ95_Sol1.25 Simulation 3.13;Blade_NACA_0015_Circ95_Sol1.25 Simulation 3.13;Blade_NACA_0015_Circ95_Sol1.25 Simulation 3.13;Blade_NACA_0015_Circ95_Sol1.25 Simulation 3.13;Blade_NACA_0015_Circ95_Sol1.25 Simulation 3.13;Blade_NACA_0015_Circ95_Sol1.25 Simulation 3.13;Blade_NACA_0015_Circ95_Sol1.25 Simulation 3.13;Blade_NACA_0015_Circ95_Sol1.25 Simulation 3.13;Blade_NACA_0015_Circ95_Sol1.25 Simulation 3.13;Blade_NACA_0015_Circ95_Sol1.25 Simulation 3.13;Blade_NACA_0015_Circ95_Sol1.25 Simulation 3.13;Blade_NACA_0015_Circ95_Sol1.25 Simulation 3.13;Blade_NACA_0015_Circ95_Sol1.25 Simulation 3.13;Blade_NACA_0015_Circ95_Sol1.25 Simulation 3.13;Blade_NACA_0015_Circ95_Sol1.25 Simulation 3.13;Blade_NACA_0015_Circ95_Sol1.25 Simulation 3.13;Blade_NACA_0015_Circ95_Sol1.25 Simulation 3.13;Blade_NACA_0015_Circ95_Sol1.25 Simulation 3.13;Blade_NACA_0015_Circ95_Sol1.25 Simulation 3.13;Blade_NACA_0015_Circ95_Sol1.25 Simulation 3.13;Blade_NACA_0015_Circ95_Sol1.25 Simulation 3.13;Blade_NACA_0015_Circ95_Sol1.25 Simulation 3.13;Blade_NACA_0015_Circ95_Sol1.25 Simulation 3.13;Blade_NACA_0015_Circ95_Sol1.25 Simulation 3.13;Blade_NACA_0015_Circ95_Sol1.25 Simulation 3.13;Blade_NACA_0015_Circ95_Sol1.25 Simulation 3.13;Blade_NACA_0015_Circ95_Sol1.25 Simulation 3.13;Blade_NACA_0015_Circ95_Sol1.25 Simulation 3.13;Blade_NACA_0015_Circ95_Sol1.25 Simulation 3.13;Blade_NACA_0015_Circ95_Sol1.25 Simulation 3.13;Blade_NACA_0015_Circ95_Sol1.25 Simulation 3.13;Blade_NACA_0015_Circ95_Sol1.25 Simulation 3.13;Blade_NACA_0015_Circ95_Sol1.25 Simulation 3.13;Blade_NACA_0015_Circ95_Sol1.25 Simulation 3.13;Blade_NACA_0015_Circ95_Sol1.25 Simulation 3.13;Blade_NACA_0015_Circ95_Sol1.25 Simulation 3.13;Blade_NACA_0015_Circ95_Sol1.25 Simulation 3.13;Blade_NACA_0015_Circ95_Sol1.25 Simulation 3.13;Blade_NACA_0015_Circ95_Sol1.25 Simulation 3.13;Blade_NACA_0015_Circ95_Sol1.25 Simulation 3.13;Blade_NACA_0015_Circ95_Sol1.25 Simulation 3.13;Blade_NACA_0015_Circ95_Sol1.25 Simulation 3.13;Blade_NACA_0015_Circ95_Sol1.25 Simulation 3.13;Blade_NACA_0015_Circ95_Sol1.25 Simulation 3.13;Blade_NACA_0015_Circ95_Sol1.25 Simulation 3.13;Blade_NACA_0015_Circ95_Sol1.25 Simulation 3.13;Blade_NACA_0015_Circ95_Sol1.25 Simulation 3.13;Blade_NACA_0015_Circ95_Sol1.25 Simulation 3.13;Blade_NACA_0015_Circ95_Sol1.25 Simulation 3.13;Blade_NACA_0015_Circ95_Sol1.25 Simulation 3.13;Blade_NACA_0015_Circ95_Sol1.25 Simulation 3.13;Blade_NACA_0015_Circ95_Sol1.25 Simulation 3.13;Blade_NACA_0015_Circ95_Sol1.25 Simulation 3.13;Blade_NACA_0015_Circ95_Sol1.25 Simulation 3.13;Blade_NACA_0015_Circ95_Sol1.25 Simulation 3.13;Blade_NACA_0015_Circ95_Sol1.25 Simulation 3.13;Blade_NACA_0015_Circ95_Sol1.25 Simulation 3.13;Blade_NACA_0015_Circ95_Sol1.25 Simulation 3.13;Blade_NACA_0015_Circ95_Sol1.25 Simulation 3.13;Blade_NACA_0015_Circ95_Sol1.25 Simulation 3.13;Blade_NACA_0015_Circ95_Sol1.25 Simulation 3.13;Blade_NACA_0015_Circ95_Sol1.25 Simulation 3.13;Blade_NACA_0015_Circ95_Sol1.25 Simulation 3.13;Blade_NACA_0015_Circ95_Sol1.25 Simulation 3.13;Blade_NACA_0015_Circ95_Sol1.25 Simulation 3.13;Blade_NACA_0015_Circ95_Sol1.25 Simulation 3.13;Blade_NACA_0015_Circ95_Sol1.25 Simulation 3.13;Blade_NACA_0015_Circ95_Sol1.25 Simulation 3.13;Blade_NACA_0015_Circ95_Sol1.25 Simulation 3.13;Blade_NACA_0015_Circ95_Sol1.25 Simulation 3.13;Blade_NACA_0015_Circ95_Sol1.25 Simulation 3.13;Blade_NACA_0015_Circ95_Sol1.25 Simulation 3.13;Blade_NACA_0015_Circ95_Sol1.25 Simulation 3.13;Blade_NACA_0015_Circ95_Sol1.25 Simulation 3.13;Blade_NACA_0015_Circ95_Sol1.25 Simulation 3.13;Blade_NACA_0015_Circ95_Sol1.25 Simulation 3.13;Blade_NACA_0015_Circ95_Sol1.25 Simulation 3.13;Blade_NACA_0015_Circ95_Sol1.25 Simulation 3.13;Blade_NACA_0015_Circ95_Sol1.25 Simulation 3.13;Blade_NACA_0015_Circ95_Sol1.25 Simulation 3.13;Blade_NACA_0015_Circ95_Sol1.25 Simulation 3.13;Blade_NACA_0015_Circ95_Sol1.25 Simulation 3.13;Blade_NACA_0015_Circ95_Sol1.25 Simulation 3.13;Blade_NACA_0015_Circ95_Sol1.25 Simulation 3.13;Blade_NACA_0015_Circ95_Sol1.25 Simulation 3.13;Blade_NACA_0015_Circ95_Sol1.25 Simulation 3.13;Blade_NACA_0015_Circ95_Sol1.25 Simulation 3.13;Blade_NACA_0015_Circ95_Sol1.25 Simulation 3.13;Blade_NACA_0015_Circ95_Sol1.25 Simulation 3.13;Blade_NACA_0015_Circ95_Sol1.25 Simulation 3.13;Blade_NACA_0015_Circ95_Sol1.25 Simulation 3.13;Blade_NACA_0015_Circ95_Sol1.25 Simulation 3.13;Blade_NACA_0015_Circ95_Sol1.25 Simulation 3.13;Blade_NACA_0015_Circ95_Sol1.25 Simulation 3.13;Blade_NACA_0015_Circ95_Sol1.25 Simulation 3.13;Blade_NACA_0015_Circ95_Sol1.25 Simulation 3.13;Blade_NACA_0015_Circ95_Sol1.25 Simulation 3.13;Blade_NACA_0015_Circ95_Sol1.25 Simulation 3.13;Blade_NACA_0015_Circ95_Sol1.25 Simulation 3.13;Blade_NACA_0015_Circ95_Sol1.25 Simulation 3.13;Blade_NACA_0015_Circ95_Sol1.25 Simulation 3.13;Blade_NACA_0015_Circ95_Sol1.25 Simulation 3.13;Blade_NACA_0015_Circ95_Sol1.25 Simulation 3.13;Blade_NACA_0015_Circ95_Sol1.25 Simulation 3.13;Blade_NACA_0015_Circ95_Sol1.25 Simulation 3.13;Blade_NACA_0015_Circ95_Sol1.25 Simulation 3.13;Blade_NACA_0015_Circ95_Sol1.25 Simulation 3.13;Blade_NACA_0015_Circ95_Sol1.25 Simulation 3.13;Blade_NACA_0015_Circ95_Sol1.25 Simulation 3.13;Blade_NACA_0015_Circ95_Sol1.25 Simulation 3.13;Blade_NACA_0015_Circ95_Sol1.25 Simulation 3.13;Blade_NACA_0015_Circ95_Sol1.25 Simulation 3.13;Blade_NACA_0015_Circ95_Sol1.25 Simulation 3.13;Blade_NACA_0015_Circ95_Sol1.25 Simulation 3.13;Blade_NACA_0015_Circ95_Sol1.25 Simulation 3.13;Blade_NACA_0015_Circ95_Sol1.25 Simulation 3.13;Blade_NACA_0015_Circ95_Sol1.25 Simulation 3.13;Blade_NACA_0015_Circ95_Sol1.25 Simulation 3.13;Blade_NACA_0015_Circ95_Sol1.25 Simulation 3.13;Blade_NACA_0015_Circ95_Sol1.25 Simulation 3.13;Blade_NACA_0015_Circ95_Sol1.25 Simulation 3.13;Blade_NACA_0015_Circ95_Sol1.25 Simulation 3.13;Blade_NACA_0015_Circ95_Sol1.25 Simulation 3.13;Blade_NACA_0015_Circ95_Sol1.25 Simulation 3.13;Blade_NACA_0015_Circ95_Sol1.25 Simulation 3.13;Blade_NACA_0015_Circ95_Sol1.25 Simulation 3.13;Blade_NACA_0015_Circ95_Sol1.25 Simulation 3.13;Blade_NACA_0015_Circ95_Sol1.25 Simulation 3.13;Blade_NACA_0015_Circ95_Sol1.25 Simulation 3.13;Blade_NACA_0015_Circ95_Sol1.25 Simulation 3.13;Blade_NACA_0015_Circ95_Sol1.25 Simulation 3.13;Blade_NACA_0015_Circ95_Sol1.25 Simulation 3.13;Blade_NACA_0015_Circ95_Sol1.25 Simulation 3.13;Blade_NACA_0015_Circ95_Sol1.25 Simulation 3.13;Blade_NACA_0015_Circ95_Sol1.25 Simulation 3.13;Blade_NACA_0015_Circ95_Sol1.25 Simulation 3.13;Blade_NACA_0015_Circ95_Sol1.25 Simulation 3.13;Blade_NACA_0015_Circ95_Sol1.25 Simulation 3.13;Blade_NACA_0015_Circ95_Sol1.25 Simulation 3.13;Blade_NACA_0015_Circ95_Sol1.25 Simulation 3.13;Blade_NACA_0015_Circ95_Sol1.25 Simulation 3.13;Blade_NACA_0015_Circ95_Sol1.25 Simulation 3.13;Blade_NACA_0015_Circ95_Sol1.25 Simulation 3.13;Blade_NACA_0015_Circ95_Sol1.25 Simulation 3.13;Blade_NACA_0015_Circ95_Sol1.25 Simulation 3.13;Blade_NACA_0015_Circ95_Sol1.25 Simulation 3.13;Blade_NACA_0015_Circ95_Sol1.25 Simulation 3.13;Blade_NACA_0015_Circ95_Sol1.25 Simulation 3.13;Blade_NACA_0015_Circ95_Sol1.25 Simulation 3.13;Blade_NACA_0015_Circ95_Sol1.25 Simulation 3.13;Blade_NACA_0015_Circ95_Sol1.25 Simulation 3.13;Blade_NACA_0015_Circ95_Sol1.25 Simulation 3.13;Blade_NACA_0015_Circ95_Sol1.25 Simulation 3.13;Blade_NACA_0015_Circ95_Sol1.25 Simulation 3.13;Blade_NACA_0015_Circ95_Sol1.25 Simulation 3.13;Blade_NACA_0015_Circ95_Sol1.25 Simulation 3.13;Blade_NACA_0015_Circ95_Sol1.25 Simulation 3.13;Blade_NACA_0015_Circ95_Sol1.25 Simulation 3.13;Blade_NACA_0015_Circ95_Sol1.25 Simulation 3.13;Blade_NACA_0015_Circ95_Sol1.25 Simulation 3.13;Blade_NACA_0015_Circ95_Sol1.25 Simulation 3.13;Blade_NACA_0015_Circ95_Sol1.25 Simulation 3.13;Blade_NACA_0015_Circ95_Sol1.25 Simulation 3.13;Blade_NACA_0015_Circ95_Sol1.25 Simulation 3.13;Blade_NACA_0015_Circ95_Sol1.25 Simulation 3.13;Blade_NACA_0015_Circ95_Sol1.25 Simulation 3.13;Blade_NACA_0015_Circ95_Sol1.25 Simulation 3.13;Blade_NACA_0015_Circ95_Sol1.25 Simulation 3.13;Blade_NACA_0015_Circ95_Sol1.25 Simulation 3.13;Blade_NACA_0015_Circ95_Sol1.25 Simulation 3.13;Blade_NACA_0015_Circ95_Sol1.25 Simulation 3.13;Blade_NACA_0015_Circ95_Sol1.25 Simulation 3.13;Blade_NACA_0015_Circ95_Sol1.25 Simulation 3.13;Blade_NACA_0015_Circ95_Sol1.25 Simulation 3.13;Blade_NACA_0015_Circ95_Sol1.25 Simulation 3.13;Blade_NACA_0015_Circ95_Sol1.25 Simulation 3.13;Blade_NACA_0015_Circ95_Sol1.25 Simulation 3.13;Blade_NACA_0015_Circ95_Sol1.25 Simulation 3.13;Blade_NACA_0015_Circ95_Sol1.25 Simulation 3.13;Blade_NACA_0015_Circ95_Sol1.25 Simulation 3.13;Blade_NACA_0015_Circ95_Sol1.25 Simulation 3.13;Blade_NACA_0015_Circ95_Sol1.25 Simulation 3.13;Blade_NACA_0015_Circ95_Sol1.25 Simulation 3.13;Blade_NACA_0015_Circ95_Sol1.25 Simulation 3.13;Blade_NACA_0015_Circ95_Sol1.25 Simulation 3.13;Blade_NACA_0015_Circ95_Sol1.25 Simulation 3.13;Blade_NACA_0015_Circ95_Sol1.25 Simulation 3.13;Blade_NACA_0015_Circ95_Sol1.25 Simulation 3.13;Blade_NACA_0015_Circ95_Sol1.25 Simulation 3.13;Blade_NACA_0015_Circ95_Sol1.25 Simulation 3.13;Blade_NACA_0015_Circ95_Sol1.25 Simulation 3.13;Blade_NACA_0015_Circ95_Sol1.25 Simulation 3.13;Blade_NACA_0015_Circ95_Sol1.25 Simulation 3.13;Blade_NACA_0015_Circ95_Sol1.25 Simulation 3.13;Blade_NACA_0015_Circ95_Sol1.25 Simulation 3.13;Blade_NACA_0015_Circ95_Sol1.25 Simulation 3.13;Blade_NACA_0015_Circ95_Sol1.25 Simulation 3.13;Blade_NACA_0015_Circ95_Sol1.25 Simulation 3.13;Blade_NACA_0015_Circ95_Sol1.25 Simulation 3.13;Blade_NACA_0015_Circ95_Sol1.25 Simulation 3.13;Blade_NACA_0015_Circ95_Sol1.25 Simulation 3.13;Blade_NACA_0015_Circ95_Sol1.25 Simulation 3.13;Blade_NACA_0015_Circ95_Sol1.25 Simulation 3.13;Blade_NACA_0015_Circ95_Sol1.25 Simulation 3.13;Blade_NACA_0015_Circ95_Sol1.25 Simulation 3.13;Blade_NACA_0015_Circ95_Sol1.25 Simulation 3.13;Blade_NACA_0015_Circ95_Sol1.25 Simulation 3.13;Blade_NACA_0015_Circ95_Sol1.25 Simulation 3.13;Blade_NACA_0015_Circ95_Sol1.25 Simulation 3.13;Blade_NACA_0015_Circ95_Sol1.25 Simulation 3.13;Blade_NACA_0015_Circ95_Sol1.25 Simulation 3.13;Blade_NACA_0015_Circ95_Sol1.25 Simulation 3.13;Blade_NACA_0015_Circ95_Sol1.25 Simulation 3.13;Blade_NACA_0015_Circ95_Sol1.25 Simulation 3.13;Blade_NACA_0015_Circ95_Sol1.25 Simulation 3.13;Blade_NACA_0015_Circ95_Sol1.25 Simulation 3.13;Blade_NACA_0015_Circ95_Sol1.25 Simulation 3.13;Blade_NACA_0015_Circ95_Sol1.25 Simulation 3.13;Blade_NACA_0015_Circ95_Sol1.25 Simulation 3.13;Blade_NACA_0015_Circ95_Sol1.25 Simulation 3.13;Blade_NACA_0015_Circ95_Sol1.25 Simulation 3.13;Blade_NACA_0015_Circ95_Sol1.25 Simulation 3.13;Blade_NACA_0015_Circ95_Sol1.25 Simulation 3.13;Blade_NACA_0015_Circ95_Sol1.25 Simulation 3.13;Blade_NACA_0015_Circ95_Sol1.25 Simulation 3.13;Blade_NACA_0015_Circ95_Sol1.25 Simulation 3.13;Blade_NACA_0015_Circ95_Sol1.25 Simulation 3.13;Blade_NACA_0015_Circ95_Sol1.25 Simulation 3.13;Blade_NACA_0015_Circ95_Sol1.25 Simulation 3.13;Blade_NACA_0015_Circ95_Sol1.25 Simulation 3.13;Blade_NACA_0015_Circ95_Sol1.25 Simulation 3.13;Blade_NACA_0015_Circ95_Sol1.25 Simulation 3.13;Blade_NACA_0015_Circ95_Sol1.25 Simulation 3.13;Blade_NACA_0015_Circ95_Sol1.25 Simulation 3.13;Blade_NACA_0015_Circ95_Sol1.25 Simulation 3.13;Blade_NACA_0015_Circ95_Sol1.25 Simulation 3.13;Blade_NACA_0015_Circ95_Sol1.25 Simulation 3.13;Blade_NACA_0015_Circ95_Sol1.25 Simulation 3.13;Blade_NACA_0015_Circ95_Sol1.25 Simulation 3.13;Blade_NACA_0015_Circ95_Sol1.25 Simulation 3.13;Blade_NACA_0015_Circ95_Sol1.25 Simulation 3.13;Blade_NACA_0015_Circ95_Sol1.25 Simulation 3.13;Blade_NACA_0015_Circ95_Sol1.25 Simulation 3.13;Blade_NACA_0015_Circ95_Sol1.25 Simulation 3.13;Blade_NACA_0015_Circ95_Sol1.25 Simulation 3.13;Blade_NACA_0015_Circ95_Sol1.25 Simulation 3.13;Blade_NACA_0015_Circ95_Sol1.25 Simulation 3.13;Blade_NACA_0015_Circ95_Sol1.25 Simulation 3.13;Blade_NACA_0015_Circ95_Sol1.25 Simulation 3.13;Blade_NACA_0015_Circ95_Sol1.25 Simulation 3.13;Blade_NACA_0015_Circ95_Sol1.25 Simulation 3.13;Blade_NACA_0015_Circ95_Sol1.25 Simulation 3.13;Blade_NACA_0015_Circ95_Sol1.25 Simulation 3.13;Blade_NACA_0015_Circ95_Sol1.25 Simulation 3.13;Blade_NACA_0015_Circ95_Sol1.25 Simulation 3.13;Blade_NACA_0015_Circ95_Sol1.25 Simulation 3.13;Blade_NACA_0015_Circ95_Sol1.25 Simulation 3.13;Blade_NACA_0015_Circ95_Sol1.25 Simulation 3.13;Blade_NACA_0015_Circ95_Sol1.25 Simulation 3.13;Blade_NACA_0015_Circ95_Sol1.25 Simulation 3.13;Blade_NACA_0015_Circ95_Sol1.25 Simulation 3.13;Blade_NACA_0015_Circ95_Sol1.25 Simulation 3.13;Blade_NACA_0015_Circ95_Sol1.25 Simulation 3.13;Blade_NACA_0015_Circ95_Sol1.25 Simulation 3.13;Blade_NACA_0015_Circ95_Sol1.25 Simulation 3.13;Blade_NACA_0015_Circ95_Sol1.25 Simulation 3.13;Blade_NACA_0015_Circ95_Sol1.25 Simulation 3.13;Blade_NACA_0015_Circ95_Sol1.25 Simulation 3.13;Blade_NACA_0015_Circ95_Sol1.25 Simulation 3.13;Blade_NACA_0015_Circ95_Sol1.25 Simulation 3.13;Blade_NACA_0015_Circ95_Sol1.25 Simulation 3.13;Blade_NACA_0015_Circ95_Sol1.25 Simulation 3.13;Blade_NACA_0015_Circ95_Sol1.25 Simulation 3.13;Blade_NACA_0015_Circ95_Sol1.25 Simulation 3.13;Blade_NACA_0015_Circ95_Sol1.25 Simulation 3.13;Blade_NACA_0015_Circ95_Sol1.25 Simulation 3.13;Blade_NACA_0015_Circ95_Sol1.25 Simulation 3.13;Blade_NACA_0015_Circ95_Sol1.25 Simulation 3.13;Blade_NACA_0015_Circ95_Sol1.25 Simulation 3.13;Blade_NACA_0015_Circ95_Sol1.25 Simulation 3.13;Blade_NACA_0015_Circ95_Sol1.25 Simulation 3.13;Blade_NACA_0015_Circ95_Sol1.25 Simulation 3.13;Blade_NACA_0015_Circ95_Sol1.25 Simulation 3.13;Blade_NACA_0015_Circ95_Sol1.25 Simulation 3.13;Blade_NACA_0015_Circ95_Sol1.25 Simulation 3.13;Blade_NACA_0015_Circ95_Sol1.25 Simulation 3.13;Blade_NACA_0015_Circ95_Sol1.25 Simulation 3.13;Blade_NACA_0015_Circ95_Sol1.25 Simulation 3.13;Blade_NACA_0015_Circ95_Sol1.25 Simulation 3.13;Blade_NACA_0015_Circ95_Sol1.25 Simulation 3.13;Blade_NACA_0015_Circ95_Sol1.25 Simulation 3.13;Blade_NACA_0015_Circ95_Sol1.25 Simulation 3.13;Blade_NACA_0015_Circ95_Sol1.25 Simulation 3.13;Blade_NACA_0015_Circ95_Sol1.25 Simulation 3.13;Blade_NACA_0015_Circ95_Sol1.25 Simulation 3.13;Blade_NACA_0015_Circ95_Sol1.25 Simulation 3.13;Blade_NACA_0015_Circ95_Sol1.25 Simulation 3.13;Blade_NACA_0015_Circ95_Sol1.25 Simulation 3.13;Blade_NACA_0015_Circ95_Sol1.25 Simulation 3.13;Blade_NACA_0015_Circ95_Sol1.25 Simulation 3.13;Blade_NACA_0015_Circ95_Sol1.25 Simulation 3.13;Blade_NACA_0015_Circ95_Sol1.25 Simulation 3.13;Blade_NACA_0015_Circ95_Sol1.25 Simulation 3.13;Blade_NACA_0015_Circ95_Sol1.25 Simulation 3.13;Blade_NACA_0015_Circ95_Sol1.25 Simulation 3.13;Blade_NACA_0015_Circ95_Sol1.25 Simulation 3.13;Blade_NACA_0015_Circ95_Sol1.25 Simulation 3.13;Blade_NACA_0015_Circ95_Sol1.25 Simulation 3.13;Blade_NACA_0015_Circ95_Sol1.25 Simulation 3.13;Blade_NACA_0015_Circ95_Sol1.25 Simulation 3.13;Blade_NACA_0015_Circ95_Sol1.25 Simulation 3.13;Blade_NACA_0015_Circ95_Sol1.25 Simulation 3.13;Blade_NACA_0015_Circ95_Sol1.25 Simulation 3.13;Blade_NACA_0015_Circ95_Sol1.25 Simulation 3.13;Blade_NACA_0015_Circ95_Sol1.25 Simulation 3.13;Blade_NACA_0015_Circ95_Sol1.25 Simulation 3.13;Blade_NACA_0015_Circ95_Sol1.25 Simulation 3.13;Blade_NACA_0015_Circ95_Sol1.25 Simulation 3.13;Blade_NACA_0015_Circ95_Sol1.25 Simulation 3.13;Blade_NACA_0015_Circ95_Sol1.25 Simulation 3.13;Blade_NACA_0015_Circ95_Sol1.25 Simulation 3.13;Blade_NACA_0015_Circ95_Sol1.25 Simulation 3.13;Blade_NACA_0015_Circ95_Sol1.25 Simulation 3.13;Blade_NACA_0015_Circ95_Sol1.25 Simulation 3.13;Blade_NACA_0015_Circ95_Sol1.25 Simulation 3.13;Blade_NACA_0015_Circ95_Sol1.25 Simulation 3.13;Blade_NACA_0015_Circ95_Sol1.25 Simulation 3.13;Blade_NACA_0015_Circ95_Sol1.25 Simulation 3.13;Blade_NACA_0015_Circ95_Sol1.25 Simulation 3.13;Blade_NACA_0015_Circ95_Sol1.25 Simulation 3.13;Blade_NACA_0015_Circ95_Sol1.25 Simulation 3.13;Blade_NACA_0015_Circ95_Sol1.25 Simulation 3.13;Blade_NACA_0015_Circ95_Sol1.25 Simulation 3.13;Blade_NACA_0015_Circ95_Sol1.25 Simulation 3.13;Blade_NACA_0015_Circ95_Sol1.25 Simulation 3.13;Blade_NACA_0015_Circ95_Sol1.25 Simulation 3.13;Blade_NACA_0015_Circ95_Sol1.25 Simulation 3.13;Blade_NACA_0015_Circ95_Sol1.25 Simulation 3.13;Blade_NACA_0015_Circ95_Sol1.25 Simulation 3.13;Blade_NACA_0015_Circ95_Sol1.25 Simulation 3.13;Blade_NACA_0015_Circ95_Sol1.25 Simulation 3.13;Blade_NACA_0015_Circ95_Sol1.25 Simulation 3.13;Blade_NACA_0015_Circ95_Sol1.25 Simulation 3.13;Blade_NACA_0015_Circ95_Sol1.25 Simulation 3.13;Blade_NACA_0015_Circ95_Sol1.25 Simulation 3.13;Blade_NACA_0015_Circ95_Sol1.25 Simulation 3.13;Blade_NACA_0015_Circ95_Sol1.25 Simulation 3.13;Blade_NACA_0015_Circ95_Sol1.25 Simulation 3.13;Blade_NACA_0015_Circ95_Sol1.25 Simulation 3.13;Blade_NACA_0015_Circ95_Sol1.25 Simulation 3.13;Blade_NACA_0015_Circ95_Sol1.25 Simulation 3.13;Blade_NACA_0015_Circ95_Sol1.25 Simulation 3.13;Blade_NACA_0015_Circ95_Sol1.25 Simulation 3.13;Blade_NACA_0015_Circ95_Sol1.25 Simulation 3.13;Blade_NACA_0015_Circ95_Sol1.25 Simulation 3.13;Blade_NACA_0015_Circ95_Sol1.25 Simulation 3.13;Blade_NACA_0015_Circ95_Sol1.25 Simulation 3.13;Blade_NACA_0015_Circ95_Sol1.25 Simulation 3.13;Blade_NACA_0015_Circ95_Sol1.25 Simulation 3.13;Blade_NACA_0015_Circ95_Sol1.25 Simulation 3.13;Blade_NACA_0015_Circ95_Sol1.25 Simulation 3.13;Blade_NACA_0015_Circ95_Sol1.25 Simulation 3.13;Blade_NACA_0015_Circ95_Sol1.25 Simulation 3.13;Blade_NACA_0015_Circ95_Sol1.25 Simulation 3.13;Blade_NACA_0015_Circ95_Sol1.25 Simulation 3.13;Blade_NACA_0015_Circ95_Sol1.25 Simulation 3.13;Blade_NACA_0015_Circ95_Sol1.25 Simulation 3.13;Blade_NACA_0015_Circ95_Sol1.25 Simulation 3.13;Blade_NACA_0015_Circ95_Sol1.25 Simulation 3.13;Blade_NACA_0015_Circ95_Sol1.25 Simulation 3.13;Blade_NACA_0015_Circ95_Sol1.25 Simulation 3.13;Blade_NACA_0015_Circ95_Sol1.25 Simulation 3.13;Blade_NACA_0015_Circ95_Sol1.25 Simulation 3.13;Blade_NACA_0015_Circ95_Sol1.25 Simulation 3.13;Blade_NACA_0015_Circ95_Sol1.25 Simulation 3.13;Blade_NACA_0015_Circ95_Sol1.25 Simulation 3.13;Blade_NACA_0015_Circ95_Sol1.25 Simulation 3.13;Blade_NACA_0015_Circ95_Sol1.25 Simulation 3.13;Blade_NACA_0015_Circ95_Sol1.25 Simulation 3.13;Blade_NACA_0015_Circ95_Sol1.25 Simulation 3.13;Blade_NACA_0015_Circ95_Sol1.25 Simulation 3.13;Blade_NACA_0015_Circ95_Sol1.25 Simulation 3.13;Blade_NACA_0015_Circ95_Sol1.25 Simulation 3.13;Blade_NACA_0015_Circ95_Sol1.25 Simulation 3.13;Blade_NACA_0015_Circ95_Sol1.25 Simulation 3.13;Blade_NACA_0015_Circ95_Sol1.25 Simulation 3.13;Blade_NACA_0015_Circ95_Sol1.25 Simulation 3.13;Blade_NACA_0015_Circ95_Sol1.25 Simulation 3.13;Blade_NACA_0015_Circ95_Sol1.25 Simulation 3.13;Blade_NACA_0015_Circ95_Sol1.25 Simulation 3.13;Blade_NACA_0015_Circ95_Sol1.25 Simulation 3.13;Blade_NACA_0015_Circ95_Sol1.25 Simulation 3.13;Blade_NACA_0015_Circ95_Sol1.25 Simulation 3.13;Blade_NACA_0015_Circ95_Sol1.25 Simulation 3.13;Blade_NACA_0015_Circ95_Sol1.25 Simulation 3.13;Blade_NACA_0015_Circ95_Sol1.25 Simulation 3.13;Blade_NACA_0015_Circ95_Sol1.25 Simulation 3.13;Blade_NACA_0015_Circ95_Sol1.25 Simulation 3.13;Blade_NACA_0015_Circ95_Sol1.25 Simulation 3.13;Blade_NACA_0015_Circ95_Sol1.25 Simulation 3.13;Blade_NACA_0015_Circ95_Sol1.25 Simulation 3.13;Blade_NACA_0015_Circ95_Sol1.25 Simulation 3.13;Blade_NACA_0015_Circ95_Sol1.25 Simulation 3.13;Blade_NACA_0015_Circ95_Sol1.25 Simulation 3.13;Blade_NACA_0015_Circ95_Sol1.25 Simulation 3.13;Blade_NACA_0015_Circ95_Sol1.25 Simulation 3.13;Blade_NACA_0015_Circ95_Sol1.25 Simulation 3.13;Blade_NACA_0015_Circ95_Sol1.25 Simulation 3.13;Blade_NACA_0015_Circ95_Sol1.25 Simulation 3.13;Blade_NACA_0015_Circ95_Sol1.25 Simulation 3.13;Blade_NACA_0015_Circ95_Sol1.25 Simulation 3.13;Blade_NACA_0015_Circ95_Sol1.25 Simulation 3.13;Blade_NACA_0015_Circ95_Sol1.25 Simulation 3.13;Blade_NACA_0015_Circ95_Sol1.25 Simulation 3.13;Blade_NACA_0015_Circ95_Sol1.25 Simulation 3.13;Blade_NACA_0015_Circ95_Sol1.25 Simulation 3.13;Blade_NACA_0015_Circ95_Sol1.25 Simulation 3.13;Blade_NACA_0015_Circ95_Sol1.25 Simulation 3.13;Blade_NACA_0015_Circ95_Sol1.25 Simulation 3.13;Blade_NACA_0015_Circ95_Sol1.25 Simulation 3.13;Blade_NACA_0015_Circ95_Sol1.25 Simulation 3.13;Blade_NACA_0015_Circ95_Sol1.25 Simulation 3.13;Blade_NACA_0015_Circ95_Sol1.25 Simulation 3.13;Blade_NACA_0015_Circ95_Sol1.25 Simulation 3.13;Blade_NACA_0015_Circ95_Sol1.25 Simulation 3.13;Blade_NACA_0015_Circ95_Sol1.25 Simulation 3.13;Blade_NACA_0015_Circ95_Sol1.25 Simulation 3.13;Blade_NACA_0015_Circ95_Sol1.25 Simulation 3.13;Blade_NACA_0015_Circ95_Sol1.25 Simulation 3.13;Blade_NACA_0015_Circ95_Sol1.25 Simulation 3.13;Blade_NACA_0015_Circ95_Sol1.25 Simulation 3.13;Blade_NACA_0015_Circ95_Sol1.25 Simulation 3.13;Blade_NACA_0015_Circ95_Sol1.25 Simulation 3.13;Blade_NACA_0015_Circ95_Sol1.25 Simulation 3.13;Blade_NACA_0015_Circ95_Sol1.25 Simulation 3.13;Blade_NACA_0015_Circ95_Sol1.25 Simulation 3.13;Blade_NACA_0015_Circ95_Sol1.25 Simulation 3.13;Blade_NACA_0015_Circ95_Sol1.25 Simulation 3.13;Blade_NACA_0015_Circ95_Sol1.25 Simulation 3.13;Blade_NACA_0015_Circ95_Sol1.25 Simulation 3.13;Blade_NACA_0015_Circ95_Sol1.25 Simulation 3.13;Blade_NACA_0015_Circ95_Sol1.25 Simulation 3.13;Blade_NACA_0015_Circ95_Sol1.25 Simulation 3.13;Blade_NACA_0015_Circ95_Sol1.25 Simulation 3.13;Blade_NACA_0015_Circ95_Sol1.25 Simulation 3.13;Blade_NACA_0015_Circ95_Sol1.25 Simulation 3.13;Blade_NACA_0015_Circ95_Sol1.25 Simulation 3.13;Blade_NACA_0015_Circ95_Sol1.25 Simulation 3.13;Blade_NACA_0015_Circ95_Sol1.25 Simulation 3.13;Blade_NACA_0015_Circ95_Sol1.25 Simulation 3.13;Blade_NACA_0015_Circ95_Sol1.25 Simulation 3.13;Blade_NACA_0015_Circ95_Sol1.25 Simulation 3.13;Blade_NACA_0015_Circ95_Sol1.25 Simulation 3.13;Blade_NACA_0015_Circ95_Sol1.25 Simulation 3.13;Blade_NACA_0015_Circ95_Sol1.25 Simulation 3.13;Blade_NACA_0015_Circ95_Sol1.25 Simulation 3.13;Blade_NACA_0015_Circ95_Sol1.25 Simulation 3.13;Blade_NACA_0015_Circ95_Sol1.25 Simulation 3.13;Blade_NACA_0015_Circ95_Sol1.25 Simulation 3.13;Blade_NACA_0015_Circ95_Sol1.25 Simulation 3.13;Blade_NACA_0015_Circ95_Sol1.25 Simulation 3.13;Blade_NACA_0015_Circ95_Sol1.25 Simulation 3.13;Blade_NACA_0015_Circ95_Sol1.25 Simulation 3.13;Blade_NACA_0015_Circ95_Sol1.25 Simulation 3.13;Blade_NACA_0015_Circ95_Sol1.25 Simulation 3.13;Blade_NACA_0015_Circ95_Sol1.25 Simulation 3.13;Blade_NACA_0015_Circ95_Sol1.25 Simulation 3.13;Blade_NACA_0015_Circ95_Sol1.25 Simulation 3.13;Blade_NACA_0015_Circ95_Sol1.25 Simulation 3.13;Blade_NACA_0015_Circ95_Sol1.25 Simulation 3.13;Blade_NACA_0015_Circ95_Sol1.25 Simulation 3.13;Blade_NACA_0015_Circ95_Sol1.25 Simulation 3.13;Blade_NACA_0015_Circ95_Sol1.25 Simulation 3.13;Blade_NACA_0015_Circ95_Sol1.25 Simulation 3.13;Blade_NACA_0015_Circ95_Sol1.25 Simulation 3.13;Blade_NACA_0015_Circ95_Sol1.25 Simulation 3.13;Blade_NACA_0015_Circ95_Sol1.25 Simulation 3.13;Blade_NACA_0015_Circ95_Sol1.25 Simulation 3.13;Blade_NACA_0015_Circ95_Sol1.25 Simulation 3.13;Blade_NACA_0015_Circ95_Sol1.25 Simulation 3.13;Blade_NACA_0015_Circ95_Sol1.25 Simulation 3.13;Blade_NACA_0015_Circ95_Sol1.25 Simulation 3.13;Blade_NACA_0015_Circ95_Sol1.25 Simulation 3.13;Blade_NACA_0015_Circ95_Sol1.25 Simulation 3.13;Blade_NACA_0015_Circ95_Sol1.25 Simulation 3.13;Blade_NACA_0015_Circ95_Sol1.25 Simulation 3.13;Blade_NACA_0015_Circ95_Sol1.25 Simulation 3.13;Blade_NACA_0015_Circ95_Sol1.25 Simulation 3.13;Blade_NACA_0015_Circ95_Sol1.25 Simulation 3.13;Blade_NACA_0015_Circ95_Sol1.25 Simulation 3.13;Blade_NACA_0015_Circ95_Sol1.25 Simulation 3.13;Blade_NACA_0015_Circ95_Sol1.25 Simulation 3.13;Blade_NACA_0015_Circ95_Sol1.25 Simulation 3.13;Blade_NACA_0015_Circ95_Sol1.25 Simulation 3.13;Blade_NACA_0015_Circ95_Sol1.25 Simulation 3.13;Blade_NACA_0015_Circ95_Sol1.25 Simulation 3.13;Blade_NACA_0015_Circ95_Sol1.25 Simulation 3.13;Blade_NACA_0015_Circ95_Sol1.25 Simulation 3.13;Blade_NACA_0015_Circ95_Sol1.25 Simulation 3.13;Blade_NACA_0015_Circ95_Sol1.25 Simulation 3.13;Blade_NACA_0015_Circ95_Sol1.25 Simulation 3.13;Blade_NACA_0015_Circ95_Sol1.25 Simulation 3.13;Blade_NACA_0015_Circ95_Sol1.25 Simulation 3.13;Blade_NACA_0015_Circ95_Sol1.25 Simulation 3.13;Blade_NACA_0015_Circ95_Sol1.25 Simulation 3.13;Blade_NACA_0015_Circ95_Sol1.25 Simulation 3.13;Blade_NACA_0015_Circ95_Sol1.25 Simulation 3.13;Blade_NACA_0015_Circ95_Sol1.25 Simulation 3.13;Blade_NACA_0015_Circ95_Sol1.25 Simulation 3.13;Blade_NACA_0015_Circ95_Sol1.25 Simulation 3.13;Blade_NACA_0015_Circ95_Sol1.25 Simulation 3.13;Blade_NACA_0015_Circ95_Sol1.25 Simulation 3.13;Blade_NACA_0015_Circ95_Sol1.25 Simulation 3.13;Blade_NACA_0015_Circ95_Sol1.25 Simulation 3.13;Blade_NACA_0015_Circ95_Sol1.25 Simulation 3.13;Blade_NACA_0015_Circ95_Sol1.25 Simulation 3.13;Blade_NACA_0015_Circ95_Sol1.25 Simulation 3.13;Blade_NACA_0015_Circ95_Sol1.25 Simulation 3.13;Blade_NACA_0015_Circ95_Sol1.25 Simulation 3.13;Blade_NACA_0015_Circ95_Sol1.25 Simulation 3.13;Blade_NACA_0015_Circ95_Sol1.25 Simulation 3.13;Blade_NACA_0015_Circ95_Sol1.25 Simulation 3.13;Blade_NACA_0015_Circ95_Sol1.25 Simulation 3.13;Blade_NACA_0015_Circ95_Sol1.25 Simulation 3.13;Blade_NACA_0015_Circ95_Sol1.25 Simulation 3.13;Blade_NACA_0015_Circ95_Sol1.25 Simulation 3.13;Blade_NACA_0015_Circ95_Sol1.25 Simulation 3.13;Blade_NACA_0015_Circ95_Sol1.25 Simulation 3.13;Blade_NACA_0015_Circ95_Sol1.25 Simulation 3.13;Blade_NACA_0015_Circ95_Sol1.25 Simulation 3.13;Blade_NACA_0015_Circ95_Sol1.25 Simulation 3.13;Blade_NACA_0015_Circ95_Sol1.25 Simulation 3.13;Blade_NACA_0015_Circ95_Sol1.25 Simulation 3.13;Blade_NACA_0015_Circ95_Sol1.25 Simulation 3.13;Blade_NACA_0015_Circ95_Sol1.25 Simulation 3.13;Blade_NACA_0015_Circ95_Sol1.25 Simulation 3.13;Blade_NACA_0015_Circ95_Sol1.25 Simulation 3.13;Blade_NACA_0015_Circ95_Sol1.25 Simulation 3.13;Blade_NACA_0015_Circ95_Sol1.25 Simulation 3.13;Blade_NACA_0015_Circ95_Sol1.25 Simulation 3.13;Blade_NACA_0015_Circ95_Sol1.25 Simulation 3.13;Blade_NACA_0015_Circ95_Sol1.25 Simulation 3.13;Blade_NACA_0015_Circ95_Sol1.25 Simulation 3.13;Blade_NACA_0015_Circ95_Sol1.25 Simulation 3.13;Blade_NACA_0015_Circ95_Sol1.25 Simulation 3.13;Blade_NACA_0015_Circ95_Sol1.25 Simulation 3.13;Blade_NACA_0015_Circ95_Sol1.25 Simulation 3.13;Blade_NACA_0015_Circ95_Sol1.25 Simulation 3.13;Blade_NACA_0015_Circ95_Sol1.25 Simulation 3.13;Blade_NACA_0015_Circ95_Sol1.25 Simulation 3.13;Blade_NACA_0015_Circ95_Sol1.25 Simulation 3.13;Blade_NACA_0015_Circ95_Sol1.25 Simulation 3.13;Blade_NACA_0015_Circ95_Sol1.25 Simulation 3.13;Blade_NACA_0015_Circ95_Sol1.25 Simulation 3.13;Blade_NACA_0015_Circ95_Sol1.25 Simulation 3.13;Blade_NACA_0015_Circ95_Sol1.25 Simulation 3.13;Blade_NACA_0015_Circ95_Sol1.25 Simulation 3.13;Blade_NACA_0015_Circ95_Sol1.25 Simulation 3.13;Blade_NACA_0015_Circ95_Sol1.25 Simulation 3.13;Blade_NACA_0015_Circ95_Sol1.25 Simulation 3.13;Blade_NACA_0015_Circ95_Sol1.25 Simulation 3.13;Blade_NACA_0015_Circ95_Sol1.25 Simulation 3.13;Blade_NACA_0015_Circ95_Sol1.25 Simulation 3.13;Blade_NACA_0015_Circ95_Sol1.25 Simulation 3.13;Blade_NACA_0015_Circ95_Sol1.25 Simulation 3.13;Blade_NACA_0015_Circ95_Sol1.25 Simulation 3.13;Blade_NACA_0015_Circ95_Sol1.25 Simulation 3.13;Blade_NACA_0015_Circ95_Sol1.25 Simulation 3.13;Blade_NACA_0015_Circ95_Sol1.25 Simulation 3.13;Blade_NACA_0015_Circ95_Sol1.25 Simulation 3.13;Blade_NACA_0015_Circ95_Sol1.25 Simulation 3.13;Blade_NACA_0015_Circ95_Sol1.25 Simulation 3.13;Blade_NACA_0015_Circ95_Sol1.25 Simulation 3.13;Blade_NACA_0015_Circ95_Sol1.25 Simulation 3.13;Blade_NACA_0015_Circ95_Sol1.25 Simulation 3.13;Blade_NACA_0015_Circ95_Sol1.25 Simulation 3.13;Blade_NACA_0015_Circ95_Sol1.25 Simulation 3.13;Blade_NACA_0015_Circ95_Sol1.25 Simulation 3.13;Blade_NACA_0015_Circ95_Sol1.25 Simulation 3.13;Blade_NACA_0015_Circ95_Sol1.25 Simulation 3.13;Blade_NACA_0015_Circ95_Sol1.25 Simulation 3.13;Blade_NACA_0015_Circ95_Sol1.25 Simulation 3.13;Blade_NACA_0015_Circ95_Sol1.25 Simulation 3.13;Blade_NACA_0015_Circ95_Sol1.25 Simulation 3.13;Blade_NACA_0015_Circ95_Sol1.25 Simulation 3.13;Blade_NACA_0015_Circ95_Sol1.25 Simulation 3.13;Blade_NACA_0015_Circ95_Sol1.25 Simulation 3.13;Blade_NACA_0015_Circ95_Sol1.25 Simulation 3.13;Blade_NACA_0015_Circ95_Sol1.25 Simulation 3.13;Blade_NACA_0015_Circ95_Sol1.25 Simulation 3.13;Blade_NACA_0015_Circ95_Sol1.25 Simulation 3.13;Blade_NACA_0015_Circ95_Sol1.25 Simulation 3.13;Blade_NACA_0015_Circ95_Sol1.25 Simulation 3.13;Blade_NACA_0015_Circ95_Sol1.25 Simulation 3.13;Blade_NACA_0015_Circ95_Sol1.25 Simulation 3.13;Blade_NACA_0015_Circ95_Sol1.25 Simulation 3.13;Blade_NACA_0015_Circ95_Sol1.25 Simulation 3.13;Blade_NACA_0015_Circ95_Sol1.25 Simulation 3.13;Blade_NACA_0015_Circ95_Sol1.25 Simulation 3.13;Blade_NACA_0015_Circ95_Sol1.25 Simulation 3.13;Blade_NACA_0015_Circ95_Sol1.25 Simulation 3.13;Blade_NACA_0015_Circ95_Sol1.25 Simulation 3.13;Blade_NACA_0015_Circ95_Sol1.25 Simulation 3.13;Blade_NACA_0015_Circ95_Sol1.25 Simulation 3.13;Blade_NACA_0015_Circ95_Sol1.25 Simulation 3.13;Blade_NACA_0015_Circ95_Sol1.25 Simulation 3.13;Blade_NACA_0015_Circ95_Sol1.25 Simulation 3.13;Blade_NACA_0015_Circ95_Sol1.25 Simulation 3.13;Blade_NACA_0015_Circ95_Sol1.25 Simulation 3.13;Blade_NACA_0015_Circ95_Sol1.25 Simulation 3.13;Blade_NACA_0015_Circ95_Sol1.25 Simulation 3.13;Blade_NACA_0015_Circ95_Sol1.25 Simulation 3.13;Blade_NACA_0015_Circ95_Sol1.25 Simulation 3.13;Blade_NACA_0015_Circ95_Sol1.25 Simulation 3.13;Blade_NACA_0015_Circ95_Sol1.25 Simulation 3.13;Blade_NACA_0015_Circ95_Sol1.25 Simulation 3.13;Blade_NACA_0015_Circ95_Sol1.25 Simulation 3.13;Blade_NACA_0015_Circ95_Sol1.25 Simulation 3.13;Blade_NACA_0015_Circ95_Sol1.25 Simulation 3.13;Blade_NACA_0015_Circ95_Sol1.25 Simulation 3.13;Blade_NACA_0015_Circ95_Sol1.25 Simulation 3.13;Blade_NACA_0015_Circ95_Sol1.25 Simulation 3.13;Blade_NACA_0015_Circ95_Sol1.25 Simulation 3.13;Blade_NACA_0015_Circ95_Sol1.25 Simulation 3.13;Blade_NACA_0015_Circ95_Sol1.25 Simulation 3.13;Blade_NACA_0015_Circ95_Sol1.25 Simulation 3.13;Blade_NACA_0015_Circ95_Sol1.25 Simulation 3.13;Blade_NACA_0015_Circ95_Sol1.25 Simulation 3.13;Blade_NACA_0015_Circ95_Sol1.25 Simulation 3.13;Blade_NACA_0015_Circ95_Sol1.25 Simulation 3.13;Blade_NACA_0015_Circ95_Sol1.25 Simulation 3.13;Blade_NACA_0015_Circ95_Sol1.25 Simulation 3.13;Blade_NACA_0015_Circ95_Sol1.25 Simulation 3.13;Blade_NACA_0015_Circ95_Sol1.25 Simulation 3.13;Blade_NACA_0015_Circ95_Sol1.25 Simulation 3.13;Blade_NACA_0015_Circ95_Sol1.25 Simulation 3.13;Blade_NACA_0015_Circ95_Sol1.25 Simulation 3.13;Blade_NACA_0015_Circ95_Sol1.25 Simulation 3.13;Blade_NACA_0015_Circ95_Sol1.25 Simulation 3.13;Blade_NACA_0015_Circ95_Sol1.25 Simulation 3.13;Blade_NACA_0015_Circ95_Sol1.25 Simulation 3.13;Blade_NACA_0015_Circ95_Sol1.25 Simulation 3.13;Blade_NACA_0015_Circ95_Sol1.25 Simulation 3.13;Blade_NACA_0015_Circ95_Sol1.25 Simulation 3.13;Blade_NACA_0015_Circ95_Sol1.25 Simulation 3.13;Blade_NACA_0015_Circ95_Sol1.25 Simulation 3.13;Blade_NACA_0015_Circ95_Sol1.25 Simulation 3.13;Blade_NACA_0015_Circ95_Sol1.25 Simulation 3.13;Blade_NACA_0015_Circ95_Sol1.25 Simulation 3.13;Blade_NACA_0015_Circ95_Sol1.25 Simulation 3.13;Blade_NACA_0015_Circ95_Sol1.25 Simulation 3.13;Blade_NACA_0015_Circ95_Sol1.25 Simulation 3.13;Blade_NACA_0015_Circ95_Sol1.25 Simulation 3.13;Blade_NACA_0015_Circ95_Sol1.25 Simulation 3.13;Blade_NACA_0015_Circ95_Sol1.25 Simulation 3.13;Blade_NACA_0015_Circ95_Sol1.25 Simulation 3.13;Blade_NACA_0015_Circ95_Sol1.25 Simulation 3.13;Blade_NACA_0015_Circ95_Sol1.25 Simulation 3.13;Blade_NACA_0015_Circ95_Sol1.25 Simulation 3.13;Blade_NACA_0015_Circ95_Sol1.25 Simulation 3.13;Blade_NACA_0015_Circ95_Sol1.25 Simulation 3.13;Blade_NACA_0015_Circ95_Sol1.25 Simulation 3.13;Blade_NACA_0015_Circ95_Sol1.25 Simulation 3.13;Blade_NACA_0015_Circ95_Sol1.25 Simulation 3.13;Blade_NACA_0015_Circ95_Sol1.25 Simulation 3.13;Blade_NACA_0015_Circ95_Sol1.25 Simulation 3.13;Blade_NACA_0015_Circ95_Sol1.25 Simulation 3.13;Blade_NACA_0015_Circ95_Sol1.25 Simulation 3.13;Blade_NACA_0015_Circ95_Sol1.25 Simulation 3.13;Blade_NACA_0015_Circ95_Sol1.25 Simulation 3.13;Blade_NACA_0015_Circ95_Sol1.25 Simulation 3.13;Blade_NACA_0015_Circ95_Sol1.25 Simulation 3.13;Blade_NACA_0015_Circ95_Sol1.25 Simulation 3.13;Blade_NACA_0015_Circ95_Sol1.25 Simulation 3.13;Blade_NACA_0015_Circ95_Sol1.25 Simulation 3.13;Blade_NACA_0015_Circ95_Sol1.25 Simulation 3.13;Blade_NACA_0015_Circ95_Sol1.25 Simulation 3.13;Blade_NACA_0015_Circ95_Sol1.25 Simulation 3.13;Blade_NACA_0015_Circ95_Sol1.25 Simulation 3.13;Blade_NACA_0015_Circ95_Sol1.25 Simulation 3.13;Blade_NACA_0015_Circ95_Sol1.25 Simulation 3.13;Blade_NACA_0015_Circ95_Sol1.25 Simulation 3.13;Blade_NACA_0015_Circ95_Sol1.25 Simulation 3.13;Blade_NACA_0015_Circ95_Sol1.25 Simulation 3.13;Blade_NACA_0015_Circ95_Sol1.25 Simulation 3.13;Blade_NACA_0015_Circ95_Sol1.25 Simulation 3.13;Blade_NACA_0015_Circ95_Sol1.25 Simulation 3.13;Blade_NACA_0015_Circ95_Sol1.25 Simulation 3.13;Blade_NACA_0015_Circ95_Sol1.25 Simulation 3.13;Blade_NACA_0015_Circ95_Sol1.25 Simulation 3.13;Blade_NACA_0015_Circ95_Sol1.25 Simulation 3.13;Blade_NACA_0015_Circ95_Sol1.25 Simulation 3.13;Blade_NACA_0015_Circ95_Sol1.25 Simulation 3.13;Blade_NACA_0015_Circ95_Sol1.25 Simulation 3.13;Blade_NACA_0015_Circ95_Sol1.25 Simulation 3.13;Blade_NACA_0015_Circ95_Sol1.25 Simulation 3.13;Blade_NACA_0015_Circ95_Sol1.25 Simulation 3.13;Blade_NACA_0015_Circ95_Sol1.25 Simulation 3.13;Blade_NACA_0015_Circ95_Sol1.25 Simulation 3.13;Blade_NACA_0015_Circ95_Sol1.25 Simulation 3.13;Blade_NACA_0015_Circ95_Sol1.25 Simulation 3.13;Blade_NACA_0015_Circ95_Sol1.25 Simulation 3.13;Blade_NACA_0015_Circ95_Sol1.25 Simulation 3.13;Blade_NACA_0015_Circ95_Sol1.25 Simulation 3.13;Blade_NACA_0015_Circ95_Sol1.25 Simulation 3.13;Blade_NACA_0015_Circ95_Sol1.25 Simulation 3.13;Blade_NACA_0015_Circ95_Sol1.25 Simulation 3.13;Blade_NACA_0015_Circ95_Sol1.25 Simulation 3.13;Blade_NACA_0015_Circ95_Sol1.25 Simulation 3.13;Blade_NACA_0015_Circ95_Sol1.25 Simulation 3.13;Blade_NACA_0015_Circ95_Sol1.25 Simulation 3.13;Blade_NACA_0015_Circ95_Sol1.25 Simulation 3.13;Blade_NACA_0015_Circ95_Sol1.25 Simulation 3.13;Blade_NACA_0015_Circ95_Sol1.25 Simulation 3.13;Blade_NACA_0015_Circ95_Sol1.25 Simulation 3.13;Blade_NACA_0015_Circ95_Sol1.25 Simulation 3.13;Blade_NACA_0015_Circ95_Sol1.25 Simulation 3.13;Blade_NACA_0015_Circ95_Sol1.25 Simulation 3.13;Blade_NACA_0015_Circ95_Sol1.25 Simulation 3.13;Blade_NACA_0015_Circ95_Sol1.25 Simulation 3.13;Blade_NACA_0015_Circ95_Sol1.25 Simulation 3.13;Blade_NACA_0015_Circ95_Sol1.25 Simulation 3.13;Blade_NACA_0015_Circ95_Sol1.25 Simulation 3.13;Blade_NACA_0015_Circ95_Sol1.25 Simulation 3.13;Blade_NACA_0015_Circ95_Sol1.25 Simulation 3.13;Blade_NACA_0015_Circ95_Sol1.25 Simulation 3.13;Blade_NACA_0015_Circ95_Sol1.25 Simulation 3.13;Blade_NACA_0015_Circ95_Sol1.25 Simulation 3.13;Blade_NACA_0015_Circ95_Sol1.25 Simulation 3.13;Blade_NACA_0015_Circ95_Sol1.25 Simulation 3.13;Blade_NACA_0015_Circ95_Sol1.25 Simulation 3.13;Blade_NACA_0015_Circ95_Sol1.25 Simulation 3.13;Blade_NACA_0015_Circ95_Sol1.25 Simulation 3.13;Blade_NACA_0015_Circ95_Sol1.25 Simulation 3.13;Blade_NACA_0015_Circ95_Sol1.25 Simulation 3.13;Blade_NACA_0015_Circ95_Sol1.25 Simulation 3.13;Blade_NACA_0015_Circ95_Sol1.25 Simulation 3.13;Blade_NACA_0015_Circ95_Sol1.25 Simulation 3.13;Blade_NACA_0015_Circ95_Sol1.25 Simulation 3.13;Blade_NACA_0015_Circ95_Sol1.25 Simulation 3.13;Blade_NACA_0015_Circ95_Sol1.25 Simulation 3.13;Blade_NACA_0015_Circ95_Sol1.25 Simulation 3.13;Blade_NACA_0015_Circ95_Sol1.25 Simulation 3.13;Blade_NACA_0015_Circ95_Sol1.25 Simulation 3.13;Blade_NACA_0015_Circ95_Sol1.25 Simulation 3.13;Blade_NACA_0015_Circ95_Sol1.25 Simulation 3.13;Blade_NACA_0015_Circ95_Sol1.25 Simulation 3.13;Blade_NACA_0015_Circ95_Sol1.25 Simulation 3.13;Blade_NACA_0015_Circ95_Sol1.25 Simulation 3.13;Blade_NACA_0015_Circ95_Sol1.25 Simulation 3.13;Blade_NACA_0015_Circ95_Sol1.25 Simulation 3.13;Blade_NACA_0015_Circ95_Sol1.25 Simulation 3.13;Blade_NACA_0015_Circ95_Sol1.25 Simulation 3.13;Blade_NACA_0015_Circ95_Sol1.25 Simulation 3.13;Blade_NACA_0015_Circ95_Sol1.25 Simulation 3.13;Blade_NACA_0015_Circ95_Sol1.25 Simulation 3.13;Blade_NACA_0015_Circ95_Sol1.25 Simulation 3.13;Blade_NACA_0015_Circ95_Sol1.25 Simulation 3.13;Blade_NACA_0015_Circ95_Sol1.25 Simulation 3.13;Blade_NACA_0015_Circ95_Sol1.25 Simulation 3.13;Blade_NACA_0015_Circ95_Sol1.25 Simulation 3.13;Blade_NACA_0015_Circ95_Sol1.25 Simulation 3.13;Blade_NACA_0015_Circ95_Sol1.25 Simulation 3.13;Blade_NACA_0015_Circ95_Sol1.25 Simulation 3.13;Blade_NACA_0015_Circ95_Sol1.25 Simulation 3.13;Blade_NACA_0015_Circ95_Sol1.25 Simulation 3.13;Blade_NACA_0015_Circ95_Sol1.25 Simulation 3.13;Blade_NACA_0015_Circ95_Sol1.25 Simulation 3.13;Blade_NACA_0015_Circ95_Sol1.25 Simulation 3.13;Blade_NACA_0015_Circ95_Sol1.25 Simulation 3.13;Blade_NACA_0015_Circ95_Sol1.25 Simulation 3.13;Blade_NACA_0015_Circ95_Sol1.25 Simulation 3.13;Blade_NACA_0015_Circ95_Sol1.25 Simulation 3.13;Blade_NACA_0015_Circ95_Sol1.25 Simulation 3.13;Blade_NACA_0015_Circ95_Sol1.25 Simulation 3.13;Blade_NACA_0015_Circ95_Sol1.25 Simulation 3.13;Blade_NACA_0015_Circ95_Sol1.25 Simulation 3.13;Blade_NACA_0015_Circ95_Sol1.25 Simulation 3.13;Blade_NACA_0015_Circ95_Sol1.25 Simulation 3.13;Blade_NACA_0015_Circ95_Sol1.25 Simulation 3.13;Blade_NACA_0015_Circ95_Sol1.25 Simulation 3.13;Blade_NACA_0015_Circ95_Sol1.25 Simulation 3.13;Blade_NACA_0015_Circ95_Sol1.25 Simulation 3.13;Blade_NACA_0015_Circ95_Sol1.25 Simulation 3.13;Blade_NACA_0015_Circ95_Sol1.25 Simulation 3.13;Blade_NACA_0015_Circ95_Sol1.25 Simulation 3.13;Blade_NACA_0015_Circ95_Sol1.25 Simulation 3.13;Blade_NACA_0015_Circ95_Sol1.25 Simulation 3.13;Blade_NACA_0015_Circ95_Sol1.25 Simulation 3.13;Blade_NACA_0015_Circ95_Sol1.25 Simulation 3.13;Blade_NACA_0015_Circ95_Sol1.25 Simulation 3.13;Blade_NACA_0015_Circ95_Sol1.25 Simulation 3.13;Blade_NACA_0015_Circ95_Sol1.25 Simulation 3.13;Blade_NACA_0015_Circ95_Sol1.25 Simulation 3.13;Blade_NACA_0015_Circ95_Sol1.25 Simulation 3.13;Blade_NACA_0015_Circ95_Sol1.25 Simulation 3.13;Blade_NACA_0015_Circ95_Sol1.25 Simulation 3.13;Blade_NACA_0015_Circ95_Sol1.25 Simulation 3.13;Blade_NACA_0015_Circ95_Sol1.25 Simulation 3.13;Blade_NACA_0015_Circ95_Sol1.25 Simulation 3.13;Blade_NACA_0015_Circ95_Sol1.25 Simulation 3.13;Blade_NACA_0015_Circ95_Sol1.25 Simulation 3.13;Blade_NACA_0015_Circ95_Sol1.25 Simulation 3.13;Blade_NACA_0015_Circ95_Sol1.25 Simulation 3.13;Blade_NACA_0015_Circ95_Sol1.25 Simulation 3.13;Blade_NACA_0015_Circ95_Sol1.25 Simulation 3.13;Blade_NACA_0015_Circ95_Sol1.25 Simulation 3.13;Blade_NACA_0015_Circ95_Sol1.25 Simulation 3.13;Blade_NACA_0015_Circ95_Sol1.25 Simulation 3.13;Blade_NACA_0015_Circ95_Sol1.25 Simulation 3.13;Blade_NACA_0015_Circ95_Sol1.25 Simulation 3.13;Blade_NACA_0015_Circ95_Sol1.25 Simulation 3.13;Blade_NACA_0015_Circ95_Sol1.25 Simulation 3.13;Blade_NACA_0015_Circ95_Sol1.25 Simulation 3.13;Blade_NACA_0015_Circ95_Sol1.25 Simulation 3.13;Blade_NACA_0015_Circ95_Sol1.25 Simulation 3.13;Blade_NACA_0015_Circ95_Sol1.25 Simulation 3.13;Blade_NACA_0015_Circ95_Sol1.25 Simulation 3.13;Blade_NACA_0015_Circ95_Sol1.25 Simulation 3.13;Blade_NACA_0015_Circ95_Sol1.25 Simulation 3.13;Blade_NACA_0015_Circ95_Sol1.25 Simulation 3.13;Blade_NACA_0015_Circ95_Sol1.25 Simulation 3.13;Blade_NACA_0015_Circ95_Sol1.25 Simulation 3.13;Blade_NACA_0015_Circ95_Sol1.25 Simulation 3.13;Blade_NACA_0015_Circ95_Sol1.25 Simulation 3.13;Blade_NACA_0015_Circ95_Sol1.25 Simulation 3.13;Blade_NACA_0015_Circ95_Sol1.25 Simulation 3.13;Blade_NACA_0015_Circ95_Sol1.25 Simulation 3.13;Blade_NACA_0015_Circ95_Sol1.25 Simulation 3.13;Blade_NACA_0015_Circ95_Sol1.25 Simulation 3.13;Blade_NACA_0015_Circ95_Sol1.25 Simulation 3.13;Blade_NACA_0015_Circ95_Sol1.25 Simulation 3.13;Blade_NACA_0015_Circ95_Sol1.25 Simulation 3.13;Blade_NACA_0015_Circ95_Sol1.25 Simulation 3.13;Blade_NACA_0015_Circ95_Sol1.25 Simulation 3.13;Blade_NACA_0015_Circ95_Sol1.25 Simulation 3.13;Blade_NACA_0015_Circ95_Sol1.25 Simulation 3.13;Blade_NACA_0015_Circ95_Sol1.25 Simulation 3.13;Blade_NACA_0015_Circ95_Sol1.25 Simulation 3.13;Blade_NACA_0015_Circ95_Sol1.25 Simulation 3.13;Blade_NACA_0015_Circ95_Sol1.25 Simulation 3.13;Blade_NACA_0015_Circ95_Sol1.25 Simulation 3.13;Blade_NACA_0015_Circ95_Sol1.25 Simulation 3.13;Blade_NACA_0015_Circ95_Sol1.25 Simulation 3.13;Blade_NACA_0015_Circ95_Sol1.25 Simulation 3.13;Blade_NACA_0015_Circ95_Sol1.25 Simulation 3.13;Blade_NACA_0015_Circ95_Sol1.25 Simulation 3.13;Blade_NACA_0015_Circ95_Sol1.25 Simulation 3.13;Blade_NACA_0015_Circ95_Sol1.25 Simulation 3.13;Blade_NACA_0015_Circ95_Sol1.25 Simulation 3.13;Blade_NACA_0015_Circ95_Sol1.25 Simulation 3.13;Blade_NACA_0015_Circ95_Sol1.25 Simulation 3.13;Blade_NACA_0015_Circ95_Sol1.25 Simulation 3.13;Blade_NACA_0015_Circ95_Sol1.25 Simulation 3.13;Blade_NACA_0015_Circ95_Sol1.25 Simulation 3.13;Blade_NACA_0015_Circ95_Sol1.25 Simulation 3.13;Blade_NACA_0015_Circ95_Sol1.25 Simulation 3.13;Blade_NACA_0015_Circ95_Sol1.25 Simulation 3.13;Blade_NACA_0015_Circ95_Sol1.25 Simulation 3.13;Blade_NACA_0015_Circ95_Sol1.25 Simulation 3.13;Blade_NACA_0015_Circ95_Sol1.25 Simulation 3.13;Blade_NACA_0015_Circ95_Sol1.25 Simulation 3.13;Blade_NACA_0015_Circ95_Sol1.25 Simulation 3.13;Blade_NACA_0015_Circ95_Sol1.25 Simulation 3.13;Blade_NACA_0015_Circ95_Sol1.25 Simulation 3.13;Blade_NACA_0015_Circ95_Sol1.25 Simulation 3.13;Blade_NACA_0015_Circ95_Sol1.25 Simulation 3.13;Blade_NACA_0015_Circ95_Sol1.25 Simulation 3.13;Blade_NACA_0015_Circ95_Sol1.25 Simulation 3.13;Blade_NACA_0015_Circ95_Sol1.25 Simulation 3.13;Blade_NACA_0015_Circ95_Sol1.25 Simulation 3.13;Blade_NACA_0015_Circ95_Sol1.25 Simulation 3.13;Blade_NACA_0015_Circ95_Sol1.25 Simulation 3.13;Blade_NACA_0015_Circ95_Sol1.25 Simulation 3.13;Blade_NACA_0015_Circ95_Sol1.25 Simulation 3.13;Blade_NACA_0015_Circ95_Sol1.25 Simulation 3.13;Blade_NACA_0015_Circ95_Sol1.25 Simulation 3.13;Blade_NACA_0015_Circ95_Sol1.25 Simulation 3.13;Blade_NACA_0015_Circ95_Sol1.25 Simulation 3.13;Blade_NACA_0015_Circ95_Sol1.25 Simulation 3.13;Blade_NACA_0015_Circ95_Sol1.25 Simulation 3.13;Blade_NACA_0015_Circ95_Sol1.25 Simulation 3.13;Blade_NACA_0015_Circ95_Sol1.25 Simulation 3.13;Blade_NACA_0015_Circ95_Sol1.25 Simulation 3.13;Blade_NACA_0015_Circ95_Sol1.25 Simulation 3.13;Blade_NACA_0015_Circ95_Sol1.25 Simulation 3.13;Blade_NACA_0015_Circ95_Sol1.25 Simulation 3.13;Blade_NACA_0015_Circ95_Sol1.25 Simulation 3.13;Blade_NACA_0015_Circ95_Sol1.25 Simulation 3.13;Blade_NACA_0015_Circ95_Sol1.25 Simulation 3.13;Blade_NACA_0015_Circ95_Sol1.25 Simulation 3.13;Blade_NACA_0015_Circ95_Sol1.25 Simulation 3.13;Blade_NACA_0015_Circ95_Sol1.25 Simulation 3.13;Blade_NACA_0015_Circ95_Sol1.25 Simulation 3.13;Blade_NACA_0015_Circ95_Sol1.25 Simulation 3.13;Blade_NACA_0015_Circ95_Sol1.25 Simulation 3.13;Blade_NACA_0015_Circ95_Sol1.25 Simulation 3.13;Blade_NACA_0015_Circ95_Sol1.25 Simulation 3.13;Blade_NACA_0015_Circ95_Sol1.25 Simulation 3.13;Blade_NACA_0015_Circ95_Sol1.25 Simulation 3.13;Blade_NACA_0015_Circ95_Sol1.25 Simulation 3.13;Blade_NACA_0015_Circ95_Sol1.25 Simulation 3.13;Blade_NACA_0015_Circ95_Sol1.25 Simulation 3.13;Blade_NACA_0015_Circ95_Sol1.25 Simulation 3.13;Blade_NACA_0015_Circ95_Sol1.25 Simulation 3.13;Blade_NACA_0015_Circ95_Sol1.25 Simulation 3.13;Blade_NACA_0015_Circ95_Sol1.25 Simulation 3.13;Blade_NACA_0015_Circ95_Sol1.25 Simulation 3.13;Blade_NACA_0015_Circ95_Sol1.25 Simulation 3.13;Blade_NACA_0015_Circ95_Sol1.25 Simulation 3.13;Blade_NACA_0015_Circ95_Sol1.25 Simulation 3.13;Blade_NACA_0015_Circ95_Sol1.25 Simulation 3.13;Blade_NACA_0015_Circ95_Sol1.25 Simulation 3.13;Blade_NACA_0015_Circ95_Sol1.25 Simulation 3.13;Blade_NACA_0015_Circ95_Sol1.25 Simulation 3.13;Blade_NACA_0015_Circ95_Sol1.25 Simulation 3.13;Blade_NACA_0015_Circ95_Sol1.25 Simulation 3.13;Blade_NACA_0015_Circ95_Sol1.25 Simulation 3.13;Blade_NACA_0015_Circ95_Sol1.25 Simulation 3.13;Blade_NACA_0015_Circ95_Sol1.25 Simulation 3.13;Blade_NACA_0015_Circ95_Sol1.25 Simulation 3.13;Blade_NACA_0015_Circ95_Sol1.25 Simulation 3.13;Blade_NACA_0015_Circ95_Sol1.25 Simulation 3.13;Blade_NACA_0015_Circ95_Sol1.25 Simulation 3.13;Blade_NACA_0015_Circ95_Sol1.25 Simulation 3.13;Blade_NACA_0015_Circ95_Sol1.25 Simulation 3.13;Blade_NACA_0015_Circ95_Sol1.25 Simulation 3.13;Blade_NACA_0015_Circ95_Sol1.25 Simulation 3.13;Blade_NACA_0015_Circ95_Sol1.25 Simulation 3.13;Blade_NACA_0015_Circ95_Sol1.25 Simulation 3.13;Blade_NACA_0015_Circ95_Sol1.25 Simulation 3.13;Blade_NACA_0015_Circ95_Sol1.25 Simulation 3.13;Blade_NACA_0015_Circ95_Sol1.25 Simulation 3.13;Blade_NACA_0015_Circ95_Sol1.25 Simulation 3.13;Blade_NACA_0015_Circ95_Sol1.25 Simulation 3.13;Blade_NACA_0015_Circ95_Sol1.25 Simulation 3.13;Blade_NACA_0015_Circ95_Sol1.25 Simulation 3.13;Blade_NACA_0015_Circ95_Sol1.25 Simulation 3.13;Blade_NACA_0015_Circ95_Sol1.25 Simulation 3.13;Blade_NACA_0015_Circ95_Sol1.25 Simulation 3.13;Blade_NACA_0015_Circ95_Sol1.25 Simulation 3.13;Blade_NACA_0015_Circ95_Sol1.25 Simulation 3.13;Blade_NACA_0015_Circ95_Sol1.25 Simulation 3.13;Blade_NACA_0015_Circ95_Sol1.25 Simulation 3.13;Blade_NACA_0015_Circ95_Sol1.25 Simulation 3.13;Blade_NACA_0015_Circ95_Sol1.25 Simulation 3.13;Blade_NACA_0015_Circ95_Sol1.25 Simulation 3.13;Blade_NACA_0015_Circ95_Sol1.25 Simulation 3.13;Blade_NACA_0015_Circ95_Sol1.25 Simulation 3.13;Blade_NACA_0015_Circ95_Sol1.25 Simulation 3.13;Blade_NACA_0015_Circ95_Sol1.25 Simulation 3.13;Blade_NACA_0015_Circ95_Sol1.25 Simulation 3.13;Blade_NACA_0015_Circ95_Sol1.25 Simulation 3.13;Blade_NACA_0015_Circ95_Sol1.25 Simulation 3.13;Blade_NACA_0015_Circ95_Sol1.25 Simulation 3.13;Blade_NACA_0015_Circ95_Sol1.25 Simulation 3.13;Blade_NACA_0015_Circ95_Sol1.25 Simulation 3.13;Blade_NACA_0015_Circ95_Sol1.25 Simulation 3.13;Blade_NACA_0015_Circ95_Sol1.25 Simulation 3.13;Blade_NACA_0015_Circ95_Sol1.25 Simulation 3.13;Blade_NACA_0015_Circ95_Sol1.25 Simulation 3.13;Blade_NACA_0015_Circ95_Sol1.25 Simulation 3.13;Blade_NACA_0015_Circ95_Sol1.25 Simulation 3.13;Blade_NACA_0015_Circ95_Sol1.25 Simulation 3.13;Blade_NACA_0015_Circ95_Sol1.25 Simulation 3.13;Blade_NACA_0015_Circ95_Sol1.25 Simulation 3.13;Blade_NACA_0015_Circ95_Sol1.25 Simulation 3.13;Blade_NACA_0015_Circ95_Sol1.25 Simulation 3.13;Blade_NACA_0015_Circ95_Sol1.25 Simulation 3.13;Blade_NACA_0015_Circ95_Sol1.25 Simulation 3.13;Blade_NACA_0015_Circ95_Sol1.25 Simulation 3.13;Blade_NACA_0015_Circ95_Sol1.25 Simulation 3.13;Blade_NACA_0015_Circ95_Sol1.25 Simulation 3.13;Blade_NACA_0015_Circ95_Sol1.25 Simulation 3.13;Blade_NACA_0015_Circ95_Sol1.25 Simulation 3.13;Blade_NACA_0015_Circ95_Sol1.25 Simulation 3.13;Blade_NACA_0015_Circ95_Sol1.25 Simulation 3.13;Blade_NACA_0015_Circ95_Sol1.25 Simulation 3.13;Blade_NACA_0015_Circ95_Sol1.25 Simulation 3.13;Blade_NACA_0015_Circ95_Sol1.25 Simulation 3.13;Blade_NACA_0015_Circ95_Sol1.25 Simulation 3.13;Blade_NACA_0015_Circ95_Sol1.25 Simulation 3.13;Blade_NACA_0015_Circ95_Sol1.25 Simulation 3.13;Blade_NACA_0015_Circ95_Sol1.25 Simulation 3.13;Blade_NACA_0015_Circ95_Sol1.25 Simulation 3.13;Blade_NACA_0015_Circ95_Sol1.25 Simulation 3.13;Blade_NACA_0015_Circ95_Sol1.25 Simulation 3.13;Blade_NACA_0015_Circ95_Sol1.25 Simulation 3.13;Blade_NACA_0015_Circ95_Sol1.25 Simulation 3.13;Blade_NACA_0015_Circ95_Sol1.25 Simulation 3.13;Blade_NACA_0015_Circ95_Sol1.25 Simulation 3.13;Blade_NACA_0015_Circ95_Sol1.25 Simulation 3.13;Blade_NACA_0015_Circ95_Sol1.25 Simulation 3.13;Blade_NACA_0015_Circ95_Sol1.25 Simulation 3.13;Blade_NACA_0015_Circ95_Sol1.25 Simulation 3.13;Blade_NACA_0015_Circ95_Sol1.25 Simulation 3.13;Blade_NACA_0015_Circ95_Sol1.25 Simulation 3.13;Blade_NACA_0015_Circ95_Sol1.25 Simulation 3.13;Blade_NACA_0015_Circ95_Sol1.25 Simulation 3.13;Blade_NACA_0015_Circ95_Sol1.25 Simulation 3.13;Blade_NACA_0015_Circ95_Sol1.25 Simulation 3.13;Blade_NACA_0015_Circ95_Sol1.25 Simulation 3.13;Blade_NACA_0015_Circ95_Sol1.25 Simulation 3.13;Blade_NACA_0015_Circ95_Sol1.25 Simulation 3.13;Blade_NACA_0015_Circ95_Sol1.25 Simulation 3.13;Blade_NACA_0015_Circ95_Sol1.25 Simulation 3.13;Blade_NACA_0015_Circ95_Sol1.25 Simulation 3.13;Blade_NACA_0015_Circ95_Sol1.25 Simulation 3.13;Blade_NACA_0015_Circ95_Sol1.25 Simulation 3.13;Blade_NACA_0015_Circ95_Sol1.25 Simulation 3.13;Blade_NACA_0015_Circ95_Sol1.25 Simulation 3.13;Blade_NACA_0015_Circ95_Sol1.25 Simulation 3.13;Blade_NACA_0015_Circ95_Sol1.25 Simulation 3.13;Blade_NACA_0015_Circ95_Sol1.25 Simulation 3.13;Blade_NACA_0015_Circ95_Sol1.25 Simulation 3.13;Blade_NACA_0015_Circ95_Sol1.25 Simulation 3.13;Blade_NACA_0015_Circ95_Sol1.25 Simulation 3.13;Blade_NACA_0015_Circ95_Sol1.25 Simulation 3.13;Blade_NACA_0015_Circ95_Sol1.25 Simulation 3.13;Blade_NACA_0015_Circ95_Sol1.25 Simulation 3.13;Blade_NACA_0015_Circ95_Sol1.25 Simulation 3.13;Blade_NACA_0015_Circ95_Sol1.25 Simulation 3.13;Blade_NACA_0015_Circ95_Sol1.25 Simulation 3.13;Blade_NACA_0015_Circ95_Sol1.25 Simulation 3.13;Blade_NACA_0015_Circ95_Sol1.25 Simulation 3.13;Blade_NACA_0015_Circ95_Sol1.25 Simulation 3.13;Blade_NACA_0015_Circ95_Sol1.25 Simulation 3.13;Blade_NACA_0015_Circ95_Sol1.25 Simulation 3.13;Blade_NACA_0015_Circ95_Sol1.25 Simulation 3.13;Blade_NACA_0015_Circ95_Sol1.25 Simulation 3.13;Blade_NACA_0015_Circ95_Sol1.25 Simulation 3.13;Blade_NACA_0015_Circ95_Sol1.25 Simulation 3.13;Blade_NACA_0015_Circ95_Sol1.25 Simulation 3.13;Blade_NACA_0015_Circ95_Sol1.25 Simulation 3.13;Blade_NACA_0015_Circ95_Sol1.25 Simulation 3.13;Blade_NACA_0015_Circ95_Sol1.25 Simulation 3.13;Blade_NACA_0015_Circ95_Sol1.25 Simulation 3.13;Blade_NACA_0015_Circ95_Sol1.25 Simulation 3.13;Blade_NACA_0015_Circ95_Sol1.25 Simulation 3.13;Blade_NACA_0015_Circ95_Sol1.25 Simulation 3.13;Blade_NACA_0015_Circ95_Sol1.25 Simulation 3.13;Blade_NACA_0015_Circ95_Sol1.25 Simulation 3.13;Blade_NACA_0015_Circ95_Sol1.25 Simulation 3.13;Blade_NACA_0015_Circ95_Sol1.25 Simulation 3.13;Blade_NACA_0015_Circ95_Sol1.25 Simulation 3.13;Blade_NACA_0015_Circ95_Sol1.25 Simulation 3.13;Blade_NACA_0015_Circ95_Sol1.25 Simulation 3.13;Blade_NACA_0015_Circ95_Sol1.25 Simulation 3.13;Blade_NACA_0015_Circ95_Sol1.25 Simulation 3.13;Blade_NACA_0015_Circ95_Sol1.25 Simulation 3.13;Blade_NACA_0015_Circ95_Sol1.25 Simulation 3.13;Blade_NACA_0015_Circ95_Sol1.25 Simulation 3.13;Blade_NACA_0015_Circ95_Sol1.25 Simulation 3.13;Blade_NACA_0015_Circ95_Sol1.25 Simulation 3.13;Blade_NACA_0015_Circ95_Sol1.25 Simulation 3.13;Blade_NACA_0015_Circ95_Sol1.25 Simulation 3.13;Blade_NACA_0015_Circ95_Sol1.25 Simulation 3.13;Blade_NACA_0015_Circ95_Sol1.25 Simulation 3.13;Blade_NACA_0015_Circ95_Sol1.25 Simulation 3.13;Blade_NACA_0015_Circ95_Sol1.25 Simulation 3.13;Blade_NACA_0015_Circ95_Sol1.25 Simulation 3.13;Blade_NACA_0015_Circ95_Sol1.25 Simulation 3.13;Blade_NACA_0015_Circ95_Sol1.25 Simulation 3.13;Blade_NACA_0015_Circ95_Sol1.25 Simulation 3.13;Blade_NACA_0015_Circ95_Sol1.25 Simulation 3.13;Blade_NACA_0015_Circ95_Sol1.25 Simulation 3.13;Blade_NACA_0015_Circ95_Sol1.25 Simulation 3.13;Blade_NACA_0015_Circ95_Sol1.25 Simulation 3.13;Blade_NACA_0015_Circ95_Sol1.25 Simulation 3.13;Blade_NACA_0015_Circ95_Sol1.25 Simulation 3.13;Blade_NACA_0015_Circ95_Sol1.25 Simulation 3.13;Blade_NACA_0015_Circ95_Sol1.25 Simulation 3.13;Blade_NACA_0015_Circ95_Sol1.25 Simulation 3.13;Blade_NACA_0015_Circ95_Sol1.25 Simulation 3.13;Blade_NACA_0015_Circ95_Sol1.25 Simulation 3.13;Blade_NACA_0015_Circ95_Sol1.25 Simulation 3.13;Blade_NACA_0015_Circ95_Sol1.25 Simulation 3.13;Blade_NACA_0015_Circ95_Sol1.25 Simulation 3.13;Blade_NACA_0015_Circ95_Sol1.25 Simulation 3.13;Blade_NACA_0015_Circ95_Sol1.25 Simulation 3.13;Blade_NACA_0015_Circ95_Sol1.25 Simulation 3.13;Blade_NACA_0015_Circ95_Sol1.25 Simulation 3.13;Blade_NACA_0015_Circ95_Sol1.25 Simulation 3.13;Blade_NACA_0015_Circ95_Sol1.25 Simulation 3.13;Blade_NACA_0015_Circ95_Sol1.25 Simulation 3.13;Blade_NACA_0015_Circ95_Sol1.25 Simulation 3.13;Blade_NACA_0015_Circ95_Sol1.25 Simulation 3.13;Blade_NACA_0015_Circ95_Sol1.25 Simulation 3.13;Blade_NACA_0015_Circ95_Sol1.25 Simulation 3.13;Blade_NACA_0015_Circ95_Sol1.25 Simulation 3.13;Blade_NACA_0015_Circ95_Sol1.25 Simulation 3.13;Blade_NACA_0015_Circ95_Sol1.25 Simulation 3.13;Blade_NACA_0015_Circ95_Sol1.25 Simulation 3.13;Blade_NACA_0015_Circ95_Sol1.25 Simulation 3.13;Blade_NACA_0015_Circ95_Sol1.25 Simulation 3.13;Blade_NACA_0015_Circ95_Sol1.25 Simulation 3.13;Blade_NACA_0015_Circ95_Sol1.25 Simulation 3.13;Blade_NACA_0015_Circ95_Sol1.25 Simulation 3.13;Blade_NACA_0015_Circ95_Sol1.25 Simulation 3.13;Blade_NACA_0015_Circ95_Sol1.25 Simulation 3.13;Blade_NACA_0015_Circ95_Sol1.25 Simulation 3.13;Blade_NACA_0015_Circ95_Sol1.25 Simulation 3.13;Blade_NACA_0015_Circ95_Sol1.25 Simulation 3.13;Blade_NACA_0015_Circ95_Sol1.25 Simulation 3.13;Blade_NACA_0015_Circ95_Sol1.25 Simulation 3.13;Blade_NACA_0015_Circ95_Sol1.25 Simulation 3.13;Blade_NACA_0015_Circ95_Sol1.25 Simulation 3.13;Blade_NACA_0015_Circ95_Sol1.25 Simulation 3.13;Blade_NACA_0015_Circ95_Sol1.25 Simulation 3.13;Blade_NACA_0015_Circ95_Sol1.25 Simulation 3.13;Blade_NACA_0015_Circ95_Sol1.25 Simulation 3.13;Blade_NACA_0015_Circ95_Sol1.25 Simulation 3.13;Blade_NACA_0015_Circ95_Sol1.25 Simulation 3.13;Blade_NACA_0015_Circ95_Sol1.25 Simulation 3.13;Blade_NACA_0015_Circ95_Sol1.25 Simulation 3.13;Blade_NACA_0015_Circ95_Sol1.25 Simulation 3.13;Blade_NACA_0015_Circ95_Sol1.25 Simulation 3.13;Blade_NACA_0015_Circ95_Sol1.25 Simulation 3.13;Blade_NACA_0015_Circ95_Sol1.25 Simulation 3.13;Blade_NACA_0015_Circ95_Sol1.25 Simulation 3.13;Blade_NACA_0015_Circ95_Sol1.25 Simulation 3.13;Blade_NACA_0015_Circ95_Sol1.25 Simulation 3.13;Blade_NACA_0015_Circ95_Sol1.25 Simulation 3.13;Blade_NACA_0015_Circ95_Sol1.25 Simulation 3.13;Blade_NACA_0015_Circ95_Sol1.25 Simulation 3.13;Blade_NACA_0015_Circ95_Sol1.25 Simulation 3.13;Blade_NACA_0015_Circ95_Sol1.25 Simulation 3.13;Blade_NACA_0015_Circ95_Sol1.25 Simulation 3.13;Blade_NACA_0015_Circ95_Sol1.25 Simulation 3.13;Blade_NACA_0015_Circ95_Sol1.25 Simulation 3.13;Blade_NACA_0015_Circ95_Sol1.25 Simulation 3.13;Blade_NACA_0015_Circ95_Sol1.25 Simulation 3.13;Blade_NACA_0015_Circ95_Sol1.25 Simulation 3.13;Blade_NACA_0015_Circ95_Sol1.25 Simulation 3.13;Blade_NACA_0015_Circ95_Sol1.25 Simulation 3.13;Blade_NACA_0015_Circ95_Sol1.25 Simulation 3.13;Blade_NACA_0015_Circ95_Sol1.25 Simulation 3.13;Blade_NACA_0015_Circ95_Sol1.25 Simulation 3.13;Blade_NACA_0015_Circ95_Sol1.25 Simulation 3.13;Blade_NACA_0015_Circ95_Sol1.25 Simulation 3.13;Blade_NACA_0015_Circ95_Sol1.25 Simulation 3.13;Blade_NACA_0015_Circ95_Sol1.25 Simulation 3.13;Blade_NACA_0015_Circ95_Sol1.25 Simulation 3.13;Blade_NACA_0015_Circ95_Sol1.25 Simulation 3.13;Blade_NACA_0015_Circ95_Sol1.25 Simulation 3.13;Blade_NACA_0015_Circ95_Sol1.25 Simulation 3.13;Blade_NACA_0015_Circ95_Sol1.25 Simulation 3.13;Blade_NACA_0015_Circ95_Sol1.25 Simulation 3.13;Blade_NACA_0015_Circ95_Sol1.25 Simulation 3.13;Blade_NACA_0015_Circ95_Sol1.25 Simulation 3.13;Blade_NACA_0015_Circ95_Sol1.25 Simulation 3.13;Blade_NACA_0015_Circ95_Sol1.25 Simulation 3.13;Blade_NACA_0015_Circ95_Sol1.25 Simulation 3.13;Blade_NACA_0015_Circ95_Sol1.25 Simulation 3.13;Blade_NACA_0015_Circ95_Sol1.25 Simulation 3.13;Blade_NACA_0015_Circ95_Sol1.25 Simulation 3.13;Blade_NACA_0015_Circ95_Sol1.25 Simulation 3.13;Blade_NACA_0015_Circ95_Sol1.25 Simulation 3.13;Blade_NACA_0015_Circ95_Sol1.25 Simulation 3.13;Blade_NACA_0015_Circ95_Sol1.25 Simulation 3.13;Blade_NACA_0015_Circ95_Sol1.25 Simulation 3.13;Blade_NACA_0015_Circ95_Sol1.25 Simulation 3.13;Blade_NACA_0015_Circ95_Sol1.25 Simulation 3.13;Blade_NACA_0015_Circ95_Sol1.25 Simulation 3.13;Blade_NACA_0015_Circ95_Sol1.25 Simulation 3.13;Blade_NACA_0015_Circ95_Sol1.25 Simulation 3.13;Blade_NACA_0015_Circ95_Sol1.25 Simulation 3.13;Blade_NACA_0015_Circ95_Sol1.25 Simulation 3.13;Blade_NACA_0015_Circ95_Sol1.25 Simulation 3.13;Blade_NACA_0015_Circ95_Sol1.25 Simulation 3.13;Blade_NACA_0015_Circ95_Sol1.25 Simulation 3.13;Blade_NACA_0015_Circ95_Sol1.25 Simulation 3.13;Blade_NACA_0015_Circ95_Sol1.25 Simulation 3.13;Blade_NACA_0015_Circ95_Sol1.25 Simulation 3.13;Blade_NACA_0015_Circ95_Sol1.25 Simulation 3.13;Blade_NACA_0015_Circ95_Sol1.25 Simulation 3.13;Blade_NACA_0015_Circ95_Sol1.25 Simulation 3.13;Blade_NACA_0015_Circ95_Sol1.25 Simulation 3.13;Blade_NACA_0015_Circ95_Sol1.25 Simulation 3.13;Blade_NACA_0015_Circ95_Sol1.25 Simulation 3.13;Blade_NACA_0015_Circ95_Sol1.25 Simulation 3.13;Blade_NACA_0015_Circ95_Sol1.25 Simulation 3.13;Blade_NACA_0015_Circ95_Sol1.25 Simulation 3.13;Blade_NACA_0015_Circ95_Sol1.25 Simulation 3.13;Blade_NACA_0015_Circ95_Sol1.25 Simulation 3.13;Blade_NACA_0015_Circ95_Sol1.25 Simulation 3.13;Blade_NACA_0015_Circ95_Sol1.25 Simulation 3.13;Blade_NACA_0015_Circ95_Sol1.25 Simulation 3.13;Blade_NACA_0015_Circ95_Sol1.25 Simulation 3.13;Blade_NACA_0015_Circ95_Sol1.25 Simulation 3.13;Blade_NACA_0015_Circ95_Sol1.25 Simulation 3.13;Blade_NACA_0015_Circ95_Sol1.25 Simulation 3.13;Blade_NACA_0015_Circ95_Sol1.25 Simulation 3.13;Blade_NACA_0015_Circ95_Sol1.25 Simulation 3.13;Blade_NACA_0015_Circ95_Sol1.25 Simulation 3.13;Blade_NACA_0015_Circ95_Sol1.25 Simulation 3.13;Blade_NACA_0015_Circ95_Sol1.25 Simulation 3.13;Blade_NACA_0015_Circ95_Sol1.25 Simulation 3.13;Blade_NACA_0015_Circ95_Sol1.25 Simulation 3.13;Blade_NACA_0015_Circ95_Sol1.25 Simulation 3.13;Blade_NACA_0015_Circ95_Sol1.25 Simulation 3.13;Blade_NACA_0015_Circ95_Sol1.25 Simulation 3.13;Blade_NACA_0015_Circ95_Sol1.25 Simulation 3.13;Blade_NACA_0015_Circ95_Sol1.25 Simulation 3.13;Blade_NACA_0015_Circ95_Sol1.25 Simulation 3.13;Blade_NACA_0015_Circ95_Sol1.25 Simulation 3.13;Blade_NACA_0015_Circ95_Sol1.25 Simulation 3.13;Blade_NACA_0015_Circ95_Sol1.25 Simulation 3.13;Blade_NACA_0015_Circ95_Sol1.25 Simulation 3.13;Blade_NACA_0015_Circ95_Sol1.25 Simulation 3.13;Blade_NACA_0015_Circ95_Sol1.25 Simulation 3.13;Blade_NACA_0015_Circ95_Sol1.25 Simulation 3.13;Blade_NACA_0015_Circ95_Sol1.25 Simulation 3.13;Blade_NACA_0015_Circ95_Sol1.25 Simulation 3.13;Blade_NACA_0015_Circ95_Sol1.25 Simulation 3.13;Blade_NACA_0015_Circ95_Sol1.25 Simulation 3.13;Blade_NACA_0015_Circ95_Sol1.25 Simulation 3.13;Blade_NACA_0015_Circ95_Sol1.25 Simulation 3.13;Blade_NACA_0015_Circ95_Sol1.25 Simulation 3.13;Blade_NACA_0015_Circ95_Sol1.25 Simulation 3.13;Blade_NACA_0015_Circ95_Sol1.25 Simulation 3.13;Blade_NACA_0015_Circ95_Sol1.25 Simulation 3.13;Blade_NACA_0015_Circ95_Sol1.25 Simulation 3.13;Blade_NACA_0015_Circ95_Sol1.25 Simulation 3.13;Blade_NACA_0015_Circ95_Sol1.25 Simulation 3.13;Blade_NACA_0015_Circ95_Sol1.25 Simulation 3.13;Blade_NACA_0015_Circ95_Sol1.25 Simulation 3.13;Blade_NACA_0015_Circ95_Sol1.25 Simulation 3.13;Blade_NACA_0015_Circ95_Sol1.25 Simulation 3.13;Blade_NACA_0015_Circ95_Sol1.25 Simulation 3.13;Blade_NACA_0015_Circ95_Sol1.25 Simulation 3.13;Blade_NACA_0015_Circ95_Sol1.25 Simulation 3.13;Blade_NACA_0015_Circ95_Sol1.25 Simulation 3.13;Blade_NACA_0015_Circ95_Sol1.25 Simulation 3.13;Blade_NACA_0015_Circ95_Sol1.25 Simulation 3.13;Blade_NACA_0015_Circ95_Sol1.25 Simulation 3.13;Blade_NACA_0015_Circ95_Sol1.25 Simulation 3.13;Blade_NACA_0015_Circ95_Sol1.25 Simulation 3.13;Blade_NACA_0015_Circ95_Sol1.25 Simulation 3.13;Blade_NACA_0015_Circ95_Sol1.25 Simulation 3.13;Blade_NACA_0015_Circ95_Sol1.25 Simulation 3.13;Blade_NACA_0015_Circ95_Sol1.25 Simulation 3.13;Blade_NACA_0015_Circ95_Sol1.25 Simulation 3.13;Blade_NACA_0015_Circ95_Sol1.25 Simulation 3.13;Blade_NACA_0015_Circ95_Sol1.25 Simulation 3.13;Blade_NACA_0015_Circ95_Sol1.25 Simulation 3.13;Blade_NACA_0015_Circ95_Sol1.25 Simulation 3.13;Blade_NACA_0015_Circ95_Sol1.25 Simulation 3.13;Blade_NACA_0015_Circ95_Sol1.25 Simulation 3.13;Blade_NACA_0015_Circ95_Sol1.25 Simulation 3.13;Blade_NACA_0015_Circ95_Sol1.25 Simulation 3.13;Blade_NACA_0015_Circ95_Sol1.25 Simulation 3.13;Blade_NACA_0015_Circ95_Sol1.25 Simulation 3.13;Blade_NACA_0015_Circ95_Sol1.25 Simulation 3.13;Blade_NACA_0015_Circ95_Sol1.25 Simulation 3.13;Blade_NACA_0015_Circ95_Sol1.25 Simulation 3.13;Blade_NACA_0015_Circ95_Sol1.25 Simulation 3.13;Blade_NACA_0015_Circ95_Sol1.25 Simulation 3.13;Blade_NACA_0015_Circ95_Sol1.25 Simulation 3.13;Blade_NACA_0015_Circ95_Sol1.25 Simulation 3.13;Blade_NACA_0015_Circ95_Sol1.25 Simulation 3.13;Blade_NACA_0015_Circ95_Sol1.25 Simulation 3.13;Blade_NACA_0015_Circ95_Sol1.25 Simulation 3.13;Blade_NACA_0015_Circ95_Sol1.25 Simulation 3.13;Blade_NACA_0015_Circ95_Sol1.25 Simulation 3.13;Blade_NACA_0015_Circ95_Sol1.25 Simulation 3.13;Blade_NACA_0015_Circ95_Sol1.25 Simulation 3.13;Blade_NACA_0015_Circ95_Sol1.25 Simulation 3.13;Blade_NACA_0015_Circ95_Sol1.25 Simulation 3.13;Blade_NACA_0015_Circ95_Sol1.25 Simulation 3.13;Blade_NACA_0015_Circ95_Sol1.25 Simulation 3.13;Blade_NACA_0015_Circ95_Sol1.25 Simulation 3.13;Blade_NACA_0015_Circ95_Sol1.25 Simulation 3.13;Blade_NACA_0015_Circ95_Sol1.25 Simulation 3.13;Blade_NACA_0015_Circ95_Sol1.25 Simulation 3.13;Blade_NACA_0015_Circ95_Sol1.25 Simulation 3.13;Blade_NACA_0015_Circ95_Sol1.25 Simulation 3.13;Blade_NACA_0015_Circ95_Sol1.25 Simulation 3.13;Blade_NACA_0015_Circ95_Sol1.25 Simulation 3.13;Blade_NACA_0015_Circ95_Sol1.25 Simulation 3.13;Blade_NACA_0015_Circ95_Sol1.25 Simulation 3.13;Blade_NACA_0015_Circ95_Sol1.25 Simulation 3.13;Blade_NACA_0015_Circ95_Sol1.25 Simulation 3.13;Blade_NACA_0015_Circ95_Sol1.25 Simulation 3.13;Blade_NACA_0015_Circ95_Sol1.25 Simulation 3.13;Blade_NACA_0015_Circ95_Sol1.25 Simulation 3.13;Blade_NACA_0015_Circ95_Sol1.25 Simulation 3.13;Blade_NACA_0015_Circ95_Sol1.25 Simulation 3.13;Blade_NACA_0015_Circ95_Sol1.25 Simulation 3.13;Blade_NACA_0015_Circ95_Sol1.25 Simulation 3.13;Blade_NACA_0015_Circ95_Sol1.25 Simulation 3.13;Blade_NACA_0015_Circ95_Sol1.25 Simulation 3.13;Blade_NACA_0015_Circ95_Sol1.25 Simulation 3.13;Blade_NACA_0015_Circ95_Sol1.25 Simulation 3.13;Blade_NACA_0015_Circ95_Sol1.25 Simulation 3.13;Blade_NACA_0015_Circ95_Sol1.25 Simulation 3.13;Blade_NACA_0015_Circ95_Sol1.25 Simulation 3.13;Blade_NACA_0015_Circ95_Sol1.25 Simulation 3.13;Blade_NACA_0015_Circ95_Sol1.25 Simulation 3.13;Blade_NACA_0015_Circ95_Sol1.25 Simulation 3.13;Blade_NACA_0015_Circ95_Sol1.25 Simulation 3.13;Blade_NACA_0015_Circ95_Sol1.25 Simulation 3.13;Blade_NACA_0015_Circ95_Sol1.25 Simulation 3.13;Blade_NACA_0015_Circ95_Sol1.25 Simulation 3.13;Blade_NACA_0015_Circ95_Sol1.25 Simulation 3.13;Blade_NACA_0015_Circ95_Sol1.25 Simulation 3.13;Blade_NACA_0015_Circ95_Sol1.25 Simulation 3.13;Blade_NACA_0015_Circ95_Sol1.25 Simulation 3.13;Blade_NACA_0015_Circ95_Sol1.25 Simulation 3.13;Blade_NACA_0015_Circ95_Sol1.25 Simulation 3.13;Blade_NACA_0015_Circ95_Sol1.25 Simulation 3.13;Blade_NACA_0015_Circ95_Sol1.25 Simulation 3.13;Blade_NACA_0015_Circ95_Sol1.25 Simulation 3.13;Blade_NACA_0015_Circ95_Sol1.25 Simulation 3.13;Blade_NACA_0015_Circ95_Sol1.25 Simulation 3.13;Blade_NACA_0015_Circ95_Sol1.25 Simulation 3.13;Blade_NACA_0015_Circ95_Sol1.25 Simulation 3.13;Blade_NACA_0015_Circ95_Sol1.25 Simulation 3.13;Blade_NACA_0015_Circ95_Sol1.25 Simulation 3.13;Blade_NACA_0015_Circ95_Sol1.25 Simulation 3.13;Blade_NACA_0015_Circ95_Sol1.25 Simulation 3.13;Blade_NACA_0015_Circ95_Sol1.25 Simulation 3.13;Blade_NACA_0015_Circ95_Sol1.25 Simulation 3.13;Blade_NACA_0015_Circ95_Sol1.25 Simulation 3.13;Blade_NACA_0015_Circ95_Sol1.25 Simulation 3.13;Blade_NACA_0015_Circ95_Sol1.25 Simulation 3.13;Blade_NACA_0015_Circ95_Sol1.25 Simulation 3.13;Blade_NACA_0015_Circ95_Sol1.25 Simulation 3.13;Blade_NACA_0015_Circ95_Sol1.25 Simulation 3.13;Blade_NACA_0015_Circ95_Sol1.25 Simulation 3.13;Blade_NACA_0015_Circ95_Sol1.25 Simulation 3.13;Blade_NACA_0015_Circ95_Sol1.25 Simulation 3.13;Blade_NACA_0015_Circ95_Sol1.25 Simulation 3.13;Blade_NACA_0015_Circ95_Sol1.25 Simulation 3.13;Blade_NACA_0015_Circ95_Sol1.25 Simulation 3.13;Blade_NACA_0015_Circ95_Sol1.25 Simulation 3.13;Blade_NACA_0015_Circ95_Sol1.25 Simulation 3.13;Blade_NACA_0015_Circ95_Sol1.25 Simulation 3.13;Blade_NACA_0015_Circ95_Sol1.25 Simulation 3.13;Blade_NACA_0015_Circ95_Sol1.25 Simulation 3.13;Blade_NACA_0015_Circ95_Sol1.25 Simulation 3.13;Blade_NACA_0015_Circ95_Sol1.25 Simulation 3.13;Blade_NACA_0015_Circ95_Sol1.25 Simulation 3.13;Blade_NACA_0015_Circ95_Sol1.25 Simulation 3.13;Blade_NACA_0015_Circ95_Sol1.25 Simulation 3.13;Blade_NACA_0015_Circ95_Sol1.25 Simulation 3.13;Blade_NACA_0015_Circ95_Sol1.25 Simulation 3.13;Blade_NACA_0015_Circ95_Sol1.25 Simulation 3.13;Blade_NACA_0015_Circ95_Sol1.25 Simulation 3.13;Blade_NACA_0015_Circ95_Sol1.25 Simulation 3.13;Blade_NACA_0015_Circ95_Sol1.25 Simulation 3.13;Blade_NACA_0015_Circ95_Sol1.25 Simulation 3.13;Blade_NACA_0015_Circ95_Sol1.25 Simulation 3.13;Blade_NACA_0015_Circ95_Sol1.25 Simulation 3.13;Blade_NACA_0015_Circ95_Sol1.25 Simulation 3.13;Blade_NACA_0015_Circ95_Sol1.25 Simulation 3.13;Blade_NACA_0015_Circ95_Sol1.25 Simulation 3.13;Blade_NACA_0015_Circ95_Sol1.25 Simulation 3.13;Blade_NACA_0015_Circ95_Sol1.25 Simulation 3.13;Blade_NACA_0015_Circ95_Sol1.25 Simulation 3.13;Blade_NACA_0015_Circ95_Sol1.25 Simulation 3.13;Blade_NACA_0015_Circ95_Sol1.25 Simulation 3.13;Blade_NACA_0015_Circ95_Sol1.25 Simulation 3.13;Blade_NACA_0015_Circ95_Sol1.25 Simulation 3.13;Blade_NACA_0015_Circ95_Sol1.25 Simulation 3.13;Blade_NACA_0015_Circ95_Sol1.25 Simulation 3.13;Blade_NACA_0015_Circ95_Sol1.25 Simulation 3.13;Blade_NACA_0015_Circ95_Sol1.25 Simulation 3.13;Blade_NACA_0015_Circ95_Sol1.25 Simulation 3.13;Blade_NACA_0015_Circ95_Sol1.25 Simulation 3.13;Blade_NACA_0015_Circ95_Sol1.25 Simulation 3.13;Blade_NACA_0015_Circ95_Sol1.25 Simulation 3.13;Blade_NACA_0015_Circ95_Sol1.25 Simulation 3.13;Blade_NACA_0015_Circ95_Sol1.25 Simulation 3.13;Blade_NACA_0015_Circ95_Sol1.25 Simulation 3.13;Blade_NACA_0015_Circ95_Sol1.25 Simulation 3.13;Blade_NACA_0015_Circ95_Sol1.25 Simulation 3.13;Blade_NACA_0015_Circ95_Sol1.25 Simulation 3.13;Blade_NACA_0015_Circ95_Sol1.25 Simulation 3.13;Blade_NACA_0015_Circ95_Sol1.25 Simulation 3.13;Blade_NACA_0015_Circ95_Sol1.25 Simulation 3.13;Blade_NACA_0015_Circ95_Sol1.25 Simulation 3.13;Blade_NACA_0015_Circ95_Sol1.25 Simulation 3.13;Blade_NACA_0015_Circ95_Sol1.25 Simulation 3.13;Blade_NACA_0015_Circ95_Sol1.25 Simulation 3.13;Blade_NACA_0015_Circ95_Sol1.25 Simulation 3.13;Blade_NACA_0015_Circ95_Sol1.25 Simulation 3.13;Blade_NACA_0015_Circ95_Sol1.25 Simulation 3.13;Blade_NACA_0015_Circ95_Sol1.25 Simulation 3.13;Blade_NACA_0015_Circ95_Sol1.25 Simulation 3.13;Blade_NACA_0015_Circ95_Sol1.25 Simulation 3.13;Blade_NACA_0015_Circ95_Sol1.25 Simulation 3.13;Blade_NACA_0015_Circ95_Sol1.25 Simulation 3.13;Blade_NACA_0015_Circ95_Sol1.25 Simulation 3.13;Blade_NACA_0015_Circ95_Sol1.25 Simulation 3.13;Blade_NACA_0015_Circ95_Sol1.25 Simulation 3.13;Blade_NACA_0015_Circ95_Sol1.25 Simulation 3.13;Blade_NACA_0015_Circ95_Sol1.25 Simulation 3.13;Blade_NACA_0015_Circ95_Sol1.25 Simulation 3.13;Blade_NACA_0015_Circ95_Sol1.25 Simulation 3.13;Blade_NACA_0015_Circ95_Sol1.25 Simulation 3.13;Blade_NACA_0015_Circ95_Sol1.25 Simulation 3.13;Blade_NACA_0015_Circ95_Sol1.25 Simulation 3.13;Blade_NACA_0015_Circ95_Sol1.25 Simulation 3.13;Blade_NACA_0015_Circ95_Sol1.25 Simulation 3.13;Blade_NACA_0015_Circ95_Sol1.25 Simulation 3.13;Blade_NACA_0015_Circ95_Sol1.25 Simulation 3.13;Blade_NACA_0015_Circ95_Sol1.25 Simulation 3.13;Blade_NACA_0015_Circ95_Sol1.25 Simulation 3.13;Blade_NACA_0015_Circ95_Sol1.25 Simulation 3.13;Blade_NACA_0015_Circ95_Sol1.25 Simulation 3.13;Blade_NACA_0015_Circ95_Sol1.25 Simulation 3.13;Blade_NACA_0015_Circ95_Sol1.25 Simulation 3.13;Blade_NACA_0015_Circ95_Sol1.25 Simulation 3.13;Blade_NACA_0015_Circ95_Sol1.25 Simulation 3.13;Blade_NACA_0015_Circ95_Sol1.25 Simulation 3.13;Blade_NACA_0015_Circ95_Sol1.25 Simulation 3.13;Blade_NACA_0015_Circ95_Sol1.25 Simulation 3.13;Blade_NACA_0015_Circ95_Sol1.25 Simulation 3.13;Blade_NACA_0015_Circ95_Sol1.25 Simulation 3.13;Blade_NACA_0015_Circ95_Sol1.25 Simulation 3.13;Blade_NACA_0015_Circ95_Sol1.25 Simulation 3.13;Blade_NACA_0015_Circ95_Sol1.25 Simulation 3.13;Blade_NACA_0015_Circ95_Sol1.25 Simulation 3.13;Blade_NACA_0015_Circ95_Sol1.25 Simulation 3.13;Blade_NACA_0015_Circ95_Sol1.25 Simulation 3.13;Blade_NACA_0015_Circ95_Sol1.25 Simulation 3.13;Blade_NACA_0015_Circ95_Sol1.25 Simulation 3.13;Blade_NACA_0015_Circ95_Sol1.25 Simulation 3.13;Blade_NACA_0015_Circ95_Sol1.25 Simulation 3.13;Blade_NACA_0015_Circ95_Sol1.25 Simulation 3.13;Blade_NACA_0015_Circ95_Sol1.25 Simulation 3.13;Blade_NACA_0015_Circ95_Sol1.25 Simulation 3.13;Blade_NACA_0015_Circ95_Sol1.25 Simulation 3.13;Blade_NACA_0015_Circ95_Sol1.25 Simulation 3.13;Blade_NACA_0015_Circ95_Sol1.25 Simulation 3.13;Blade_NACA_0015_Circ95_Sol1.25 Simulation 3.13;Blade_NACA_0015_Circ95_Sol1.25 Simulation 3.13;Blade_NACA_0015_Circ95_Sol1.25 Simulation 3.13;Blade_NACA_0015_Circ95_Sol1.25 Simulation 3.13;Blade_NACA_0015_Circ95_Sol1.25 Simulation 3.13;Blade_NACA_0015_Circ95_Sol1.25 Simulation 3.13;Blade_NACA_0015_Circ95_Sol1.25 Simulation 3.13;Blade_NACA_0015_Circ95_Sol1.25 Simulation 3.13;Blade_NACA_0015_Circ95_Sol1.25 Simulation 3.13;Blade_NACA_0015_Circ95_Sol1.25 Simulation 3.13;Blade_NACA_0015_Circ95_Sol1.25 Simulation 3.13;Blade_NACA_0015_Circ95_Sol1.25 Simulation 3.13;Blade_NACA_0015_Circ95_Sol1.25 Simulation 3.13;Blade_NACA_0015_Circ95_Sol1.25 Simulation 3.13;Blade_NACA_0015_Circ95_Sol1.25 Simulation 3.13;Blade_NACA_0015_Circ95_Sol1.25 Simulation 3.13;Blade_NACA_0015_Circ95_Sol1.25 Simulation 3.13;Blade_NACA_0015_Circ95_Sol1.25 Simulation 3.13;Blade_NACA_0015_Circ95_Sol1.25 Simulation 3.13;Blade_NACA_0015_Circ95_Sol1.25 Simulation 3.13;Blade_NACA_0015_Circ95_Sol1.25 Simulation 3.13;Blade_NACA_0015_Circ95_Sol1.25 Simulation 3.13;Blade_NACA_0015_Circ95_Sol1.25 Simulation 3.13;Blade_NACA_0015_Circ95_Sol1.25 Simulation 3.13;Blade_NACA_0015_Circ95_Sol1.25 Simulation 3.13;Blade_NACA_0015_Circ95_Sol1.25 Simulation 3.13;Blade_NACA_0015_Circ95_Sol1.25 Simulation 3.13;Blade_NACA_0015_Circ95_Sol1.25 Simulation 3.13;Blade_NACA_0015_Circ95_Sol1.25 Simulation 3.13;Blade_NACA_0015_Circ95_Sol1.25 Simulation 3.13;Blade_NACA_0015_Circ95_Sol1.25 Simulation 3.13;Blade_NACA_0015_Circ95_Sol1.25 Simulation 3.13;Blade_NACA_0015_Circ95_Sol1.25 Simulation 3.13;Blade_NACA_0015_Circ95_Sol1.25 Simulation 3.13;Blade_NACA_0015_Circ95_Sol1.25 Simulation 3.13;Blade_NACA_0015_Circ95_Sol1.25 Simulation 3.13;Blade_NACA_0015_Circ95_Sol1.25 Simulation 3.13;Blade_NACA_0015_Circ95_Sol1.25 Simulation 3.13;Blade_NACA_0015_Circ95_Sol1.25 Simulation 3.13;Blade_NACA_0015_Circ95_Sol1.25 Simulation 3.13;Blade_NACA_0015_Circ95_Sol1.25 Simulation 3.13;Blade_NACA_0015_Circ95_Sol1.25 Simulation 3.13;Blade_NACA_0015_Circ95_Sol1.25 Simulation 3.13;Blade_NACA_0015_Circ95_Sol1.25 Simulation 3.13;Blade_NACA_0015_Circ95_Sol1.25 Simulation 3.13;Blade_NACA_0015_Circ95_Sol1.25 Simulation 3.13;Blade_NACA_0015_Circ95_Sol1.25 Simulation 3.13;Blade_NACA_0015_Circ95_Sol1.25 Simulation 3.13;Blade_NACA_0015_Circ95_Sol1.25 Simulation 3.13;Blade_NACA_0015_Circ95_Sol1.25 Simulation 3.13;Blade_NACA_0015_Circ95_Sol1.25 Simulation 3.13;Blade_NACA_0015_Circ95_Sol1.25 Simulation 3.13;Blade_NACA_0015_Circ95_Sol1.25 Simulation 3.13;Blade_NACA_0015_Circ95_Sol1.25 Simulation 3.13;Blade_NACA_0015_Circ95_Sol1.25 Simulation 3.13;Blade_NACA_0015_Circ95_Sol1.25 Simulation 3.13;Blade_NACA_0015_Circ95_Sol1.25 Simulation 3.13;Blade_NACA_0015_Circ95_Sol1.25 Simulation 3.13;Blade_NACA_0015_Circ95_Sol1.25 Simulation 3.13;Blade_NACA_0015_Circ95_Sol1.25 Simulation 3.13;Blade_NACA_0015_Circ95_Sol1.25 Simulation 3.13;Blade_NACA_0015_Circ95_Sol1.25 Simulation 3.13;Blade_NACA_0015_Circ95_Sol1.25 Simulation 3.13;Blade_NACA_0015_Circ95_Sol1.25 Simulation 3.13;Blade_NACA_0015_Circ95_Sol1.25 Simulation 3.13;Blade_NACA_0015_Circ95_Sol1.25 Simulation 3.13;Blade_NACA_0015_Circ95_Sol1.25 Simulation 3.13;Blade_NACA_0015_Circ95_Sol1.25 Simulation 3.13;Blade_NACA_0015_Circ95_Sol1.25 Simulation 3.13;Blade_NACA_0015_Circ95_Sol1.25 Simulation 3.13;Blade_NACA_0015_Circ95_Sol1.25 Simulation 3.13;Blade_NACA_0015_Circ95_Sol1.25 Simulation 3.13;Blade_NACA_0015_Circ95_Sol1.25 Simulation 3.13;Blade_NACA_0015_Circ95_Sol1.25 Simulation 3.13;Blade_NACA_0015_Circ95_Sol1.25 Simulation 3.13;Blade_NACA_0015_Circ95_Sol1.25 Simulation 3.13;Blade_NACA_0015_Circ95_Sol1.25 Simulation 3.13;Blade_NACA_0015_Circ95_Sol1.25 Simulation 3.13;Blade_NACA_0015_Circ95_Sol1.25 Simulation 3.13;Blade_NACA_0015_Circ95_Sol1.25 Simulation 3.13;Blade_NACA_0015_Circ95_Sol1.25 Simulation 3.13;Blade_NACA_0015_Circ95_Sol1.25 Simulation 3.13;Blade_NACA_0015_Circ95_Sol1.25 Simulation 3.13;Blade_NACA_0015_Circ95_Sol1.25 Simulation 3.13;Blade_NACA_0015_Circ95_Sol1.25 Simulation 3.13;Blade_NACA_0015_Circ95_Sol1.25 Simulation 3.13;Blade_NACA_0015_Circ95_Sol1.25 Simulation 3.13;Blade_NACA_0015_Circ95_Sol1.25 Simulation 3.13;Blade_NACA_0015_Circ95_Sol1.25 Simulation 3.13;Blade_NACA_0015_Circ95_Sol1.25 Simulation 3.13;Blade_NACA_0015_Circ95_Sol1.25 Simulation 3.13;Blade_NACA_0015_Circ95_Sol1.25 Simulation 3.13;Blade_NACA_0015_Circ95_Sol1.25 Simulation 3.13;Blade_NACA_0015_Circ95_Sol1.25 Simulation 3.13;Blade_NACA_0015_Circ95_Sol1.25 Simulation 3.13;Blade_NACA_0015_Circ95_Sol1.25 Simulation 3.13;Blade_NACA_0015_Circ95_Sol1.25 Simulation 3.13;Blade_NACA_0015_Circ95_Sol1.25 Simulation 3.13;Blade_NACA_0015_Circ95_Sol1.25 Simulation 3.13;Blade_NACA_0015_Circ95_Sol1.25 Simulation 3.13;Blade_NACA_0015_Circ95_Sol1.25 Simulation 3.13;Blade_NACA_0015_Circ95_Sol1.25 Simulation 3.13;Blade_NACA_0015_Circ95_Sol1.25 Simulation 3.13;Blade_NACA_0015_Circ95_Sol1.25 Simulation 3.13;Blade_NACA_0015_Circ95_Sol1.25 Simulation 3.13;Blade_NACA_0015_Circ95_Sol1.25 Simulation 3.13;Blade_NACA_0015_Circ95_Sol1.25 Simulation 3.13;Blade_NACA_0015_Circ95_Sol1.25 Simulation 3.13;Blade_NACA_0015_Circ95_Sol1.25 Simulation 3.13;Blade_NACA_0015_Circ95_Sol1.25 Simulation 3.13;Blade_NACA_0015_Circ95_Sol1.25 Simulation 3.13;Blade_NACA_0015_Circ95_Sol1.25 Simulation 3.13;Blade_NACA_0015_Circ95_Sol1.25 Simulation 3.13;Blade_NACA_0015_Circ95_Sol1.25 Simulation 3.13;Blade_NACA_0015_Circ95_Sol1.25 Simulation 3.13;Blade_NACA_0015_Circ95_Sol1.25 Simulation 3.13;Blade_NACA_0015_Circ95_Sol1.25 Simulation 3.13;Blade_NACA_0015_Circ95_Sol1.25 Simulation 3.13;Blade_NACA_0015_Circ95_Sol1.25 Simulation 3.13;Blade_NACA_0015_Circ95_Sol1.25 Simulation 3.13;Blade_NACA_0015_Circ95_Sol1.25 Simulation 3.13;Blade_NACA_0015_Circ95_Sol1.25 Simulation 3.13;Blade_NACA_0015_Circ95_Sol1.25 Simulation 3.13;Blade_NACA_0015_Circ95_Sol1.25 Simulation 3.13;Blade_NACA_0015_Circ95_Sol1.25 Simulation 3.13;Blade_NACA_0015_Circ95_Sol1.25 Simulation 3.13;Blade_NACA_0015_Circ95_Sol1.25 Simulation 3.13;Blade_NACA_0015_Circ95_Sol1.25 Simulation 3.13;Blade_NACA_0015_Circ95_Sol1.25 Simulation 3.13;Blade_NACA_0015_Circ95_Sol1.25 Simulation 3.13;Blade_NACA_0015_Circ95_Sol1.25 Simulation 3.13;Blade_NACA_0015_Circ95_Sol1.25 Simulation 3.13;Blade_NACA_0015_Circ95_Sol1.25 Simulation 3.13;Blade_NACA_0015_Circ95_Sol1.25 Simulation 3.13;Blade_NACA_0015_Circ95_Sol1.25 Simulation 3.13;Blade_NACA_0015_Circ95_Sol1.25 Simulation 3.13;Blade_NACA_0015_Circ95_Sol1.25 Simulation 3.13;Blade_NACA_0015_Circ95_Sol1.25 Simulation 3.13;Blade_NACA_0015_Circ95_Sol1.25 Simulation 3.13;Blade_NACA_0015_Circ95_Sol1.25 Simulation 3.13;Blade_NACA_0015_Circ95_Sol1.25 Simulation 3.13;Blade_NACA_0015_Circ95_Sol1.25 Simulation 3.13;Blade_NACA_0015_Circ95_Sol1.25 Simulation 3.13;Blade_NACA_0015_Circ95_Sol1.25 Simulation 3.13;Blade_NACA_0015_Circ95_Sol1.25 Simulation 3.13;Blade_NACA_0015_Circ95_Sol1.25 Simulation 3.13;Blade_NACA_0015_Circ95_Sol1.25 Simulation 3.13;Blade_NACA_0015_Circ95_Sol1.25 Simulation 3.13;Blade_NACA_0015_Circ95_Sol1.25 Simulation 3.13;Blade_NACA_0015_Circ95_Sol1.25 Simulation 3.13;Blade_NACA_0015_Circ95_Sol1.25 Simulation 3.13;Blade_NACA_0015_Circ95_Sol1.25 Simulation 3.13;Blade_NACA_0015_Circ95_Sol1.25 Simulation 3.13;Blade_NACA_0015_Circ95_Sol1.25 Simulation 3.13;Blade_NACA_0015_Circ95_Sol1.25 Simulation 3.13;Blade_NACA_0015_Circ95_Sol1.25 Simulation 3.13;Blade_NACA_0015_Circ95_Sol1.25 Simulation 3.13;Blade_NACA_0015_Circ95_Sol1.25 Simulation 3.13;Blade_NACA_0015_Circ95_Sol1.25 Simulation 3.13;Blade_NACA_0015_Circ95_Sol1.25 Simulation 3.13;Blade_NACA_0015_Circ95_Sol1.25 Simulation 3.13;Blade_NACA_0015_Circ95_Sol1.25 Simulation 3.13;Blade_NACA_0015_Circ95_Sol1.25 Simulation 3.13;Blade_NACA_0015_Circ95_Sol1.25 Simulation 3.13;Blade_NACA_0015_Circ95_Sol1.25 Simulation 3.13;Blade_NACA_0015_Circ95_Sol1.25 Simulation 3.13;Blade_NACA_0015_Circ95_Sol1.25 Simulation 3.13;Blade_NACA_0015_Circ95_Sol1.25 Simulation 3.13;Blade_NACA_0015_Circ95_Sol1.25 Simulation 3.13;Blade_NACA_0015_Circ95_Sol1.25 Simulation 3.13;Blade_NACA_0015_Circ95_Sol1.25 Simulation 3.13;Blade_NACA_0015_Circ95_Sol1.25 Simulation 3.13;Blade_NACA_0015_Circ95_Sol1.25 Simulation 3.13;Blade_NACA_0015_Circ95_Sol1.25 Simulation 3.13;Blade_NACA_0015_Circ95_Sol1.25 Simulation 3.13;Blade_NACA_0015_Circ95_Sol1.25 Simulation 3.13;Blade_NACA_0015_Circ95_Sol1.25 Simulation 3.13;Blade_NACA_0015_Circ95_Sol1.25 Simulation 3.13;Blade_NACA_0015_Circ95_Sol1.25 Simulation 3.13;Blade_NACA_0015_Circ95_Sol1.25 Simulation 3.13;Blade_NACA_0015_Circ95_Sol1.25 Simulation 3.13;Blade_NACA_0015_Circ95_Sol1.25 Simulation 3.13;Blade_NACA_0015_Circ95_Sol1.25 Simulation 3.13;Blade_NACA_0015_Circ95_Sol1.25 Simulation 3.13;Blade_NACA_0015_Circ95_Sol1.25 Simulation 3.13;Blade_NACA_0015_Circ95_Sol1.25 Simulation 3.13;Blade_NACA_0015_Circ95_Sol1.25 Simulation 3.13;Blade_NACA_0015_Circ95_Sol1.25 Simulation 3.13;Blade_NACA_0015_Circ95_Sol1.25 Simulation 3.13;Blade_NACA_0015_Circ95_Sol1.25 Simulation 3.13;Blade_NACA_0015_Circ95_Sol1.25 Simulation 3.13;Blade_NACA_0015_Circ95_Sol1.25 Simulation 3.13;Blade_NACA_0015_Circ95_Sol1.25 Simulation 3.13;Blade_NACA_0015_Circ95_Sol1.25 Simulation 3.13;Blade_NACA_0015_Circ95_Sol1.25 Simulation 3.13;Blade_NACA_0015_Circ95_Sol1.25 Simulation 3.13;Blade_NACA_0015_Circ95_Sol1.25 Simulation 3.13;Blade_NACA_0015_Circ95_Sol1.25 Simulation 3.13;Blade_NACA_0015_Circ95_Sol1.25 Simulation 3.13;Blade_NACA_0015_Circ95_Sol1.25 Simulation 3.13;Blade_NACA_0015_Circ95_Sol1.25 Simulation 3.13;Blade_NACA_0015_Circ95_Sol1.25 Simulation 3.13;Blade_NACA_0015_Circ95_Sol1.25 Simulation 3.13;Blade_NACA_0015_Circ95_Sol1.25 Simulation 3.13;Blade_NACA_0015_Circ95_Sol1.25 Simulation 3.13;Blade_NACA_0015_Circ95_Sol1.25 Simulation 3.13;Blade_NACA_0015_Circ95_Sol1.25 Simulation 3.13;Blade_NACA_0015_Circ95_Sol1.25 Simulation 3.13;Blade_NACA_0015_Circ95_Sol1.25 Simulation 3.13;Blade_NACA_0015_Circ95_Sol1.25 Simulation 3.13;Blade_NACA_0015_Circ95_Sol1.25 Simulation 3.13;Blade_NACA_0015_Circ95_Sol1.25 Simulation 3.13;Blade_NACA_0015_Circ95_Sol1.25 Simulation 3.13;Blade_NACA_0015_Circ95_Sol1.25 Simulation 3.13;Blade_NACA_0015_Circ95_Sol1.25 Simulation 3.13;Blade_NACA_0015_Circ95_Sol1.25 Simulation 3.13;Blade_NACA_0015_Circ95_Sol1.25 Simulation 3.13;Blade_NACA_0015_Circ95_Sol1.25 Simulation 3.13;Blade_NACA_0015_Circ95_Sol1.25 Simulation 3.13;Blade_NACA_0015_Circ95_Sol1.25 Simulation 3.13;Blade_NACA_0015_Circ95_Sol1.25 Simulation 3.13;Blade_NACA_0015_Circ95_Sol1.25 Simulation 3.13;Blade_NACA_0015_Circ95_Sol1.25 Simulation 3.13;Blade_NACA_0015_Circ95_Sol1.25 Simulation 3.13;Blade_NACA_0015_Circ95_Sol1.25 Simulation 3.13;Blade_NACA_0015_Circ95_Sol1.25 Simulation 3.13;Blade_NACA_0015_Circ95_Sol1.25 Simulation 3.13;Blade_NACA_0015_Circ95_Sol1.25 Simulation 3.13;Blade_NACA_0015_Circ95_Sol1.25 Simulation 3.13;Blade_NACA_0015_Circ95_Sol1.25 Simulation 3.13;Blade_NACA_0015_Circ95_Sol1.25 Simulation 3.13;Blade_NACA_0015_Circ95_Sol1.25 Simulation 3.13;Blade_NACA_0015_Circ95_Sol1.25 Simulation 3.13;Blade_NACA_0015_Circ95_Sol1.25 Simulation 3.13;Blade_NACA_0015_Circ95_Sol1.25 Simulation 3.13;Blade_NACA_0015_Circ95_Sol1.25 Simulation 3.13;Blade_NACA_0015_Circ95_Sol1.25 Simulation 3.13;Blade_NACA_0015_Circ95_Sol1.25 Simulation 3.13;Blade_NACA_0015_Circ95_Sol1.25 Simulation 3.13;Blade_NACA_0015_Circ95_Sol1.25 Simulation 3.13;Blade_NACA_0015_Circ95_Sol1.25 Simulation 3.13;Blade_NACA_0015_Circ95_Sol1.25 Simulation 3.13;Blade_NACA_0015_Circ95_Sol1.25 Simulation 3.13;Blade_NACA_0015_Circ95_Sol1.25 Simulation 3.13;Blade_NACA_0015_Circ95_Sol1.25 Simulation 3.13;Blade_NACA_0015_Circ95_Sol1.25 Simulation 3.13;Blade_NACA_0015_Circ95_Sol1.25 Simulation 3.13;Blade_NACA_0015_Circ95_Sol1.25 Simulation 3.13;Blade_NACA_0015_Circ95_Sol1.25 Simulation 3.13;Blade_NACA_0015_Circ95_Sol1.25 Simulation 3.13;Blade_NACA_0015_Circ95_Sol1.25 Simulation 3.13;Blade_NACA_0015_Circ95_Sol1.25 Simulation 3.13;Blade_NACA_0015_Circ95_Sol1.25 Simulation 3.13;Blade_NACA_0015_Circ95_Sol1.25 Simulation 3.13;Blade_NACA_0015_Circ95_Sol1.25 Simulation 3.13;Blade_NACA_0015_Circ95_Sol1.25 Simulation 3.13;Blade_NACA_0015_Circ95_Sol1.25 Simulation 3.13;Blade_NACA_0015_Circ95_Sol1.25 Simulation 3.13;Blade_NACA_0015_Circ95_Sol1.25 Simulation 3.13;Blade_NACA_0015_Circ95_Sol1.25 Simulation 3.13;Blade_NACA_0015_Circ95_Sol1.25 Simulation 3.13;Blade_NACA_0015_Circ95_Sol1.25 Simulation 3.13;Blade_NACA_0015_Circ95_Sol1.25 Simulation 3.13;Blade_NACA_0015_Circ95_Sol1.25 Simulation 3.13;Blade_NACA_0015_Circ95_Sol1.25 Simulation 3.13;Blade_NACA_0015_Circ95_Sol1.25 Simulation 3.13;Blade_NACA_0015_Circ95_Sol1.25 Simulation 3.13;Blade_NACA_0015_Circ95_Sol1.25 Simulation 3.13;Blade_NACA_0015_Circ95_Sol1.25 Simulation 3.13;Blade_NACA_0015_Circ95_Sol1.25 Simulation 3.13;Blade_NACA_0015_Circ95_Sol1.25 Simulation 3.13;Blade_NACA_0015_Circ95_Sol1.25 Simulation 3.13;Blade_NACA_0015_Circ95_Sol1.25 Simulation 3.13;Blade_NACA_0015_Circ95_Sol1.25 Simulation 3.13;Blade_NACA_0015_Circ95_Sol1.25 Simulation 3.13;Blade_NACA_0015_Circ95_Sol1.25 Simulation 3.13;Blade_NACA_0015_Circ95_Sol1.25 Simulation 3.13;Blade_NACA_0015_Circ95_Sol1.25 Simulation 3.13;Blade_NACA_0015_Circ95_Sol1.25 Simulation 3.13;Blade_NACA_0015_Circ95_Sol1.25 Simulation 3.13;Blade_NACA_0015_Circ95_Sol1.25 Simulation 3.13;Blade_NACA_0015_Circ95_Sol1.25 Simulation 3.13;Blade_NACA_0015_Circ95_Sol1.25 Simulation 3.13;Blade_NACA_0015_Circ95_Sol1.25 Simulation 3.13;Blade_NACA_0015_Circ95_Sol1.25 Simulation 3.13;Blade_NACA_0015_Circ95_Sol1.25 Simulation 3.13;Blade_NACA_0015_Circ95_Sol1.25 Simulation 3.13;Blade_NACA_0015_Circ95_Sol1.25 Simulation 3.13;Blade_NACA_0015_Circ95_Sol1.25 Simulation 3.13;Blade_NACA_0015_Circ95_Sol1.25 Simulation 3.13;Blade_NACA_0015_Circ95_Sol1.25 Simulation 3.13;Blade_NACA_0015_Circ95_Sol1.25 Simulation 3.13;Blade_NACA_0015_Circ95_Sol1.25 Simulation 3.13;Blade_NACA_0015_Circ95_Sol1.25 Simulation 3.13;Blade_NACA_0015_Circ95_Sol1.25 Simulation 3.13;Blade_NACA_0015_Circ95_Sol1.25 Simulation 3.13;Blade_NACA_0015_Circ95_Sol1.25 Simulation 3.13;Blade_NACA_0015_Circ95_Sol1.25 Simulation 3.13;Blade_NACA_0015_Circ95_Sol1.25 Simulation 3.13;Blade_NACA_0015_Circ95_Sol1.25 Simulation 3.13;Blade_NACA_0015_Circ95_Sol1.25 Simulation 3.13;Blade_NACA_0015_Circ95_Sol1.25 Simulation 3.13;Blade_NACA_0015_Circ95_Sol1.25 Simulation 3.13;Blade_NACA_0015_Circ95_Sol1.25 Simulation 3.13;Blade_NACA_0015_Circ95_Sol1.25 Simulation 3.13;Blade_NACA_0015_Circ95_Sol1.25 Simulation 3.13;Blade_NACA_0015_Circ95_Sol1.25 Simulation 3.13;Blade_NACA_0015_Circ95_Sol1.25 Simulation 3.13;Blade_NACA_0015_Circ95_Sol1.25 Simulation 3.13;Blade_NACA_0015_Circ95_Sol1.25 Simulation 3.13;Blade_NACA_0015_Circ95_Sol1.25 Simulation 3.13;Blade_NACA_0015_Circ95_Sol1.25 Simulation 3.13;Blade_NACA_0015_Circ95_Sol1.25 Simulation 3.13;Blade_NACA_0015_Circ95_Sol1.25 Simulation 3.13;Blade_NACA_0015_Circ95_Sol1.25 Simulation 3.13;Blade_NACA_0015_Circ95_Sol1.25 Simulation 3.13;Blade_NACA_0015_Circ95_Sol1.25 Simulation 3.13;Blade_NACA_0015_Circ95_Sol1.25 Simulation 3.13;Blade_NACA_0015_Circ95_Sol1.25 Simulation 3.13;Blade_NACA_0015_Circ95_Sol1.25 Simulation 3.13;Blade_NACA_0015_Circ95_Sol1.25 Simulation 3.13;Blade_NACA_0015_Circ95_Sol1.25 Simulation 3.13;Blade_NACA_0015_Circ95_Sol1.25 Simulation 3.13;Blade_NACA_0015_Circ95_Sol1.25 Simulation 3.13;Blade_NACA_0015_Circ95_Sol1.25 Simulation 3.13;Blade_NACA_0015_Circ95_Sol1.25 Simulation 3.13;Blade_NACA_0015_Circ95_Sol1.25 Simulation 3.13;Blade_NACA_0015_Circ95_Sol1.25 Simulation 3.13;Blade_NACA_0015_Circ95_Sol1.25 Simulation 3.13;Blade_NACA_0015_Circ95_Sol1.25 Simulation 3.13;Blade_NACA_0015_Circ95_Sol1.25 Simulation 3.13;Blade_NACA_0015_Circ95_Sol1.25 Simulation 3.13;Blade_NACA_0015_Circ95_Sol1.25 Simulation 3.13;Blade_NACA_0015_Circ95_Sol1.25 Simulation 3.13;Blade_NACA_0015_Circ95_Sol1.25 Simulation 3.13;Blade_NACA_0015_Circ95_Sol1.25 Simulation 3.13;Blade_NACA_0015_Circ95_Sol1.25 Simulation 3.13;Blade_NACA_0015_Circ95_Sol1.25 Simulation 3.13;Blade_NACA_0015_Circ95_Sol1.25 Simulation 3.13;Blade_NACA_0015_Circ95_Sol1.25 Simulation 3.13;Blade_NACA_0015_Circ95_Sol1.25 Simulation 3.13;Blade_NACA_0015_Circ95_Sol1.25 Simulation 3.13;Blade_NACA_0015_Circ95_Sol1.25 Simulation 3.13;Blade_NACA_0015_Circ95_Sol1.25 Simulation 3.13;Blade_NACA_0015_Circ95_Sol1.25 Simulation 3.13;Blade_NACA_0015_Circ95_Sol1.25 Simulation 3.13;Blade_NACA_0015_Circ95_Sol1.25 Simulation 3.13;Blade_NACA_0015_Circ95_Sol1.25 Simulation 3.13;Blade_NACA_0015_Circ95_Sol1.25 Simulation 3.13;Blade_NACA_0015_Circ95_Sol1.25 Simulation 3.13;Blade_NACA_0015_Circ95_Sol1.25 Simulation 3.13;Blade_NACA_0015_Circ95_Sol1.25 Simulation 3.13;Blade_NACA_0015_Circ95_Sol1.25 Simulation 3.13;Blade_NACA_0015_Circ95_Sol1.25 Simulation 3.13;Blade_NACA_0015_Circ95_Sol1.25 Simulation 3.13;Blade_NACA_0015_Circ95_Sol1.25 Simulation 3.13;Blade_NACA_0015_Circ95_Sol1.25 Simulation 3.13;Blade_NACA_0015_Circ95_Sol1.25 Simulation 3.13;Blade_NACA_0015_Circ95_Sol1.25 Simulation 3.13;Blade_NACA_0015_Circ95_Sol1.25 Simulation 3.13;Blade_NACA_0015_Circ95_Sol1.25 Simulation 3.13;Blade_NACA_0015_Circ95_Sol1.25 Simulation 3.13;Blade_NACA_0015_Circ95_Sol1.25 Simulation 3.13;Blade_NACA_0015_Circ95_Sol1.25 Simulation 3.13;Blade_NACA_0015_Circ95_Sol1.25 Simulation 3.13;Blade_NACA_0015_Circ95_Sol1.25 Simulation 3.13;Blade_NACA_0015_Circ95_Sol1.25 Simulation 3.13;Blade_NACA_0015_Circ95_Sol1.25 Simulation 3.13;Blade_NACA_0015_Circ95_Sol1.25 Simulation 3.13;Blade_NACA_0015_Circ95_Sol1.25 Simulation 3.13;Blade_NACA_0015_Circ95_Sol1.25 Simulation 3.13;Blade_NACA_0015_Circ95_Sol1.25 Simulation 3.13;Blade_NACA_0015_Circ95_Sol1.25 Simulation 3.13;Blade_NACA_0015_Circ95_Sol1.25 Simulation 3.13;Blade_NACA_0015_Circ95_Sol1.25 Simulation 3.13;Blade_NACA_0015_Circ95_Sol1.25 Simulation 3.13;Blade_NACA_0015_Circ95_Sol1.25 Simulation 3.13;Blade_NACA_0015_Circ95_Sol1.25 Simulation 3.13;Blade_NACA_0015_Circ95_Sol1.25 Simulation 3.13;Blade_NACA_0015_Circ95_Sol1.25 Simulation 3.13;Blade_NACA_0015_Circ95_Sol1.25 Simulation 3.13;Blade_NACA_0015_Circ95_Sol1.25 Simulation 3.13;Blade_NACA_0015_Circ95_Sol1.25 Simulation 3.13;Blade_NACA_0015_Circ95_Sol1.25 Simulation 3.13;Blade_NACA_0015_Circ95_Sol1.25 Simulation 3.13;Blade_NACA_0015_Circ95_Sol1.25 Simulation 3.13;Blade_NACA_0015_Circ95_Sol1.25 Simulation 3.13;Blade_NACA_0015_Circ95_Sol1.25 Simulation 3.13;Blade_NACA_0015_Circ95_Sol1.25 Simulation 3.13;Blade_NACA_0015_Circ95_Sol1.25 Simulation 3.13;Blade_NACA_0015_Circ95_Sol1.25 Simulation 3.13;Blade_NACA_0015_Circ95_Sol1.25 Simulation 3.13;Blade_NACA_0015_Circ95_Sol1.25 Simulation 3.13;Blade_NACA_0015_Circ95_Sol1.25 Simulation 3.13;Blade_NACA_0015_Circ95_Sol1.25 Simulation 3.13;Blade_NACA_0015_Circ95_Sol1.25 Simulation 3.13;Blade_NACA_0015_Circ95_Sol1.25 Simulation 3.13;Blade_NACA_0015_Circ95_Sol1.25 Simulation 3.13;Blade_NACA_0015_Circ95_Sol1.25 Simulation 3.13;Blade_NACA_0015_Circ95_Sol1.25 Simulation 3.13;Blade_NACA_0015_Circ95_Sol1.25 Simulation 3.13;Blade_NACA_0015_Circ95_Sol1.25 Simulation 3.13;Blade_NACA_0015_Circ95_Sol1.25 Simulation 3.13;Blade_NACA_0015_Circ95_Sol1.25 Simulation 3.13;Blade_NACA_0015_Circ95_Sol1.25 Simulation 3.13;Blade_NACA_0015_Circ95_Sol1.25 Simulation 3.13;Blade_NACA_0015_Circ95_Sol1.25 Simulation 3.13;Blade_NACA_0015_Circ95_Sol1.25 Simulation 3.13;Blade_NACA_0015_Circ95_Sol1.25 Simulation 3.13;Blade_NACA_0015_Circ95_Sol1.25 Simulation 3.13;Blade_NACA_0015_Circ95_Sol1.25 Simulation 3.13;Blade_NACA_0015_Circ95_Sol1.25 Simulation 3.13;Blade_NACA_0015_Circ95_Sol1.25 Simulation 3.13;Blade_NACA_0015_Circ95_Sol1.25 Simulation 3.13;Blade_NACA_0015_Circ95_Sol1.25 Simulation 3.13;Blade_NACA_0015_Circ95_Sol1.25 Simulation 3.13;Blade_NACA_0015_Circ95_Sol1.25 Simulation 3.13;Blade_NACA_0015_Circ95_Sol1.25 Simulation 3.13;Blade_NACA_0015_Circ95_Sol1.25 Simulation 3.13;Blade_NACA_0015_Circ95_Sol1.25 Simulation 3.13;Blade_NACA_0015_Circ95_Sol1.25 Simulation 3.13;Blade_NACA_0015_Circ95_Sol1.25 Simulation 3.13;Blade_NACA_0015_Circ95_Sol1.25 Simulation 3.13;Blade_NACA_0015_Circ95_Sol1.25 Simulation 3.13;Blade_NACA_0015_Circ95_Sol1.25 Simulation 3.13;Blade_NACA_0015_Circ95_Sol1.25 Simulation 3.13;Blade_NACA_0015_Circ95_Sol1.25 Simulation 3.13;Blade_NACA_0015_Circ95_Sol1.25 Simulation 3.13;Blade_NACA_0015_Circ95_Sol1.25 Simulation 3.13;Blade_NACA_0015_Circ95_Sol1.25 Simulation 3.13;Blade_NACA_0015_Circ95_Sol1.25 Simulation 3.13;Blade_NACA_0015_Circ95_Sol1.25 Simulation 3.13;Blade_NACA_0015_Circ95_Sol1.25 Simulation 3.13;Blade_NACA_0015_Circ95_Sol1.25 Simulation 3.13;Blade_NACA_0015_Circ95_Sol1.25 Simulation 3.13;Blade_NACA_0015_Circ95_Sol1.25 Simulation 3.13;Blade_NACA_0015_Circ95_Sol1.25 Simulation 3.13;Blade_NACA_0015_Circ95_Sol1.25 Simulation 3.13;Blade_NACA_0015_Circ95_Sol1.25 Simulation 3.13;Blade_NACA_0015_Circ95_Sol1.25 Simulation 3.13;Blade_NACA_0015_Circ95_Sol1.25 Simulation 3.13;Blade_NACA_0015_Circ95_Sol1.25 Simulation 3.13;Blade_NACA_0015_Circ95_Sol1.25 Simulation 3.13;Blade_NACA_0015_Circ95_Sol1.25 Simulation 3.13;Blade_NACA_0015_Circ95_Sol1.25 Simulation 3.13;Blade_NACA_0015_Circ95_Sol1.25 Simulation 3.13;Blade_NACA_0015_Circ95_Sol1.25 Simulation 3.13;Blade_NACA_0015_Circ95_Sol1.25 Simulation 3.13;Blade_NACA_0015_Circ95_Sol1.25 Simulation 3.13;Blade_NACA_0015_Circ95_Sol1.25 Simulation 3.13;Blade_NACA_0015_Circ95_Sol1.25 Simulation 3.13;Blade_NACA_0015_Circ95_Sol1.25 Simulation 3.13;Blade_NACA_0015_Circ95_Sol1.25 Simulation 3.13;Blade_NACA_0015_Circ95_Sol1.25 Simulation 3.13;Blade_NACA_0015_Circ95_Sol1.25 Simulation 3.13;Blade_NACA_0015_Circ95_Sol1.25 Simulation 3.13;Blade_NACA_0015_Circ95_Sol1.25 Simulation 3.13;Blade_NACA_0015_Circ95_Sol1.25 Simulation 3.13;Blade_NACA_0015_Circ95_Sol1.25 Simulation 3.13;Blade_NACA_0015_Circ95_Sol1.25 Simulation 3.13;Blade_NACA_0015_Circ95_Sol1.25 Simulation 3.13;Blade_NACA_0015_Circ95_Sol1.25 Simulation 3.13;Blade_NACA_0015_Circ95_Sol1.25 Simulation 3.13;Blade_NACA_0015_Circ95_Sol1.25 Simulation 3.13;Blade_NACA_0015_Circ95_Sol1.25 Simulation 3.13;Blade_NACA_0015_Circ95_Sol1.25 Simulation 3.13;Blade_NACA_0015_Circ95_Sol1.25 Simulation 3.13;Blade_NACA_0015_Circ95_Sol1.25 Simulation 3.13;Blade_NACA_0015_Circ95_Sol1.25 Simulation 3.13;Blade_NACA_0015_Circ95_Sol1.25 Simulation 3.13;Blade_NACA_0015_Circ95_Sol1.25 Simulation 3.13;Blade_NACA_0015_Circ95_Sol1.25 Simulation 3.13;Blade_NACA_0015_Circ95_Sol1.25 Simulation 3.13;Blade_NACA_0015_Circ95_Sol1.25 Simulation 3.13;Blade_NACA_0015_Circ95_Sol1.25 Simulation 3.13;Blade_NACA_0015_Circ95_Sol1.25 Simulation 3.13;Blade_NACA_0015_Circ95_Sol1.25 Simulation 3.13;Blade_NACA_0015_Circ95_Sol1.25 Simulation 3.13;Blade_NACA_0015_Circ95_Sol1.25 Simulation 3.13;Blade_NACA_0015_Circ95_Sol1.25 Simulation 3.13;Blade_NACA_0015_Circ95_Sol1.25 Simulation 3.13;Blade_NACA_0015_Circ95_Sol1.25 Simulation 3.13;Blade_NACA_0015_Circ95_Sol1.25 Simulation 3.13;Blade_NACA_0015_Circ95_Sol1.25 Simulation 3.13;Blade_NACA_0015_Circ95_Sol1.25 Simulation 3.13;Blade_NACA_0015_Circ95_Sol1.25 Simulation 3.13;Blade_NACA_0015_Circ95_Sol1.25 Simulation 3.13;Blade_NACA_0015_Circ95_Sol1.25 Simulation 3.13;Blade_NACA_0015_Circ95_Sol1.25 Simulation 3.13;Blade_NACA_0015_Circ95_Sol1.25 Simulation 3.13;Blade_NACA_0015_Circ95_Sol1.25 Simulation 3.13;Blade_NACA_0015_Circ95_Sol1.25 Simulation 3.13;Blade_NACA_0015_Circ95_Sol1.25 Simulation 3.13;Blade_NACA_0015_Circ95_Sol1.25 Simulation 3.13;Blade_NACA_0015_Circ95_Sol1.25 Simulation 3.13;Blade_NACA_0015_Circ95_Sol1.25 Simulation 3.13;Blade_NACA_0015_Circ95_Sol1.25 Simulation 3.13;Blade_NACA_0015_Circ95_Sol1.25 Simulation 3.13;Blade_NACA_0015_Circ95_Sol1.25 Simulation 3.13;Blade_NACA_0015_Circ95_Sol1.25 Simulation 3.13;Blade_NACA_0015_Circ95_Sol1.25 Simulation 3.13;Blade_NACA_0015_Circ95_Sol1.25 Simulation 3.13;Blade_NACA_0015_Circ95_Sol1.25 Simulation 3.13;Blade_NACA_0015_Circ95_Sol1.25 Simulation 3.13;Blade_NACA_0015_Circ95_Sol1.25 Simulation 3.13;Blade_NACA_0015_Circ95_Sol1.25 Simulation 3.13;Blade_NACA_0015_Circ95_Sol1.25 Simulation 3.13;Blade_NACA_0015_Circ95_Sol1.25 Simulation 3.13;Blade_NACA_0015_Circ95_Sol1.25 Simulation 3.13;Blade_NACA_0015_Circ95_Sol1.25 Simulation 3.13;Blade_NACA_0015_Circ95_Sol1.25 Simulation 3.13;Blade_NACA_0015_Circ95_Sol1.25 Simulation 3.13;Blade_NACA_0015_Circ95_Sol1.25 Simulation 3.13;Blade_NACA_0015_Circ95_Sol1.25 Simulation 3.13;Blade_NACA_0015_Circ95_Sol1.25 Simulation 3.13;Blade_NACA_0015_Circ95_Sol1.25 Simulation 3.13;Blade_NACA_0015_Circ95_Sol1.25 Simulation 3.13;Blade_NACA_0015_Circ95_Sol1.25 Simulation 3.13;Blade_NACA_0015_Circ95_Sol1.25 Simulation 3.13;Blade_NACA_0015_Circ95_Sol1.25 Simulation 3.13;Blade_NACA_0015_Circ95_Sol1.25 Simulation 3.13;Blade_NACA_0015_Circ95_Sol1.25 Simulation 3.13;Blade_NACA_0015_Circ95_Sol1.25 Simulation 3.13;Blade_NACA_0015_Circ95_Sol1.25 Simulation 3.13;Blade_NACA_0015_Circ95_Sol1.25 Simulation 3.13;Blade_NACA_0015_Circ95_Sol1.25 Simulation 3.13;Blade_NACA_0015_Circ95_Sol1.25 Simulation 3.13;Blade_NACA_0015_Circ95_Sol1.25 Simulation 3.13;Blade_NACA_0015_Circ95_Sol1.25 Simulation 3.13;Blade_NACA_0015_Circ95_Sol1.25 Simulation 3.13;Blade_NACA_0015_Circ95_Sol1.25 Simulation 3.13;Blade_NACA_0015_Circ95_Sol1.25 Simulation 3.13;Blade_NACA_0015_Circ95_Sol1.25 Simulation 3.13;Blade_NACA_0015_Circ95_Sol1.25 Simulation 3.13;Blade_NACA_0015_Circ95_Sol1.25 Simulation 3.13;Blade_NACA_0015_Circ95_Sol1.25 Simulation 3.13;Blade_NACA_0015_Circ95_Sol1.25 Simulation 3.13;Blade_NACA_0015_Circ95_Sol1.25 Simulation 3.13;Blade_NACA_0015_Circ95_Sol1.25 Simulation 3.13;Blade_NACA_0015_Circ95_Sol1.25 Simulation 3.13;Blade_NACA_0015_Circ95_Sol1.25 Simulation 3.13;Blade_NACA_0015_Circ95_Sol1.25 Simulation 3.13;Blade_NACA_0015_Circ95_Sol1.25 Simulation 3.13;Blade_NACA_0015_Circ95_Sol1.25 Simulation 3.13;Blade_NACA_0015_Circ95_Sol1.25 Simulation 3.13;Blade_NACA_0015_Circ95_Sol1.25 Simulation 3.13;Blade_NACA_0015_Circ95_Sol1.25 Simulation 3.13;Blade_NACA_0015_Circ95_Sol1.25 Simulation 3.13;Blade_NACA_0015_Circ95_Sol1.25 Simulation 3.13;Blade_NACA_0015_Circ95_Sol1.25 Simulation 3.13;Blade_NACA_0015_Circ95_Sol1.25 Simulation 3.13;Blade_NACA_0015_Circ95_Sol1.25 Simulation 3.13;Blade_NACA_0015_Circ95_Sol1.25 Simulation 3.13;Blade_NACA_0015_Circ95_Sol1.25 Simulation 3.13;Blade_NACA_0015_Circ95_Sol1.25 Simulation 3.13;Blade_NACA_0015_Circ95_Sol1.25 Simulation 3.13;Blade_NACA_0015_Circ95_Sol1.25 Simulation 3.13;Blade_NACA_0015_Circ95_Sol1.25 Simulation 3.13;Blade_NACA_0015_Circ95_Sol1.25 Simulation 3.13;Blade_NACA_0015_Circ95_Sol1.25 Simulation 3.13;Blade_NACA_0015_Circ95_Sol1.25 Simulation 3.13;Blade_NACA_0015_Circ95_Sol1.25 Simulation 3.13;Blade_NACA_0015_Circ95_Sol1.25 Simulation 3.13;Blade_NACA_0015_Circ95_Sol1.25 Simulation 3.13;Blade_NACA_0015_Circ95_Sol1.25 Simulation 3.13;Blade_NACA_0015_Circ95_Sol1.25 Simulation 3.13;Blade_NACA_0015_Circ95_Sol1.25 Simulation 3.13;Blade_NACA_0015_Circ95_Sol1.25 Simulation 3.13;Blade_NACA_0015_Circ95_Sol1.25 Simulation 3.13;Blade_NACA_0015_Circ95_Sol1.25 Simulation 3.13;Blade_NACA_0015_Circ95_Sol1.25 Simulation 3.13;Blade_NACA_0015_Circ95_Sol1.25 Simulation 3.13;Blade_NACA_0015_Circ95_Sol1.25 Simulation 3.13;Blade_NACA_0015_Circ95_Sol1.25 Simulation 3.13;Blade_NACA_0015_Circ95_Sol1.25 Simulation 3.13;Blade_NACA_0015_Circ95_Sol1.25 Simulation 3.13;Blade_NACA_0015_Circ95_Sol1.25 Simulation 3.13;Blade_NACA_0015_Circ95_Sol1.25 Simulation 3.13;Blade_NACA_0015_Circ95_Sol1.25 Simulation 3.13;Blade_NACA_0015_Circ95_Sol1.25 Simulation 3.13;Blade_NACA_0015_Circ95_Sol1.25 Simulation 3.13;Blade_NACA_0015_Circ95_Sol1.25 Simulation 3.13;Blade_NACA_0015_Circ95_Sol1.25 Simulation 3.13;Blade_NACA_0015_Circ95_Sol1.25 Simulation 3.13;Blade_NACA_0015_Circ95_Sol1.25 Simulation 3.13;Blade_NACA_0015_Circ95_Sol1.25 Simulation 3.13;Blade_NACA_0015_Circ95_Sol1.25 Simulation 3.13;Blade_NACA_0015_Circ95_Sol1.25 Simulation 3.13;Blade_NACA_0015_Circ95_Sol1.25 Simulation 3.13;Blade_NACA_0015_Circ95_Sol1.25 Simulation 3.13;Blade_NACA_0015_Circ95_Sol1.25 Simulation 3.13;Blade_NACA_0015_Circ95_Sol1.25 Simulation 3.13;Blade_NACA_0015_Circ95_Sol1.25 Simulation 3.13;Blade_NACA_0015_Circ95_Sol1.25 Simulation 3.13;Blade_NACA_0015_Circ95_Sol1.25 Simulation 3.13;Blade_NACA_0015_Circ95_Sol1.25 Simulation 3.13;Blade_NACA_0015_Circ95_Sol1.25 Simulation 3.13;Blade_NACA_0015_Circ95_Sol1.25 Simulation 3.13;Blade_NACA_0015_Circ95_Sol1.25 Simulation 3.13;Blade_NACA_0015_Circ95_Sol1.25 Simulation 3.13;Blade_NACA_0015_Circ95_Sol1.25 Simulation 3.13;Blade_NACA_0015_Circ95_Sol1.25 Simulation 3.13;Blade_NACA_0015_Circ95_Sol1.25 Simulation 3.13;Blade_NACA_0015_Circ95_Sol1.25 Simulation 3.13;Blade_NACA_0015_Circ95_Sol1.25 Simulation 3.13;Blade_NACA_0015_Circ95_Sol1.25 Simulation 3.13;Blade_NACA_0015_Circ95_Sol1.25 Simulation 3.13;Blade_NACA_0015_Circ95_Sol1.25 Simulation 3.13;Blade_NACA_0015_Circ95_Sol1.25 Simulation 3.13;Blade_NACA_0015_Circ95_Sol1.25 Simulation 3.13;Blade_NACA_0015_Circ95_Sol1.25 Simulation 3.13;Blade_NACA_0015_Circ95_Sol1.25 Simulation 3.13;Blade_NACA_0015_Circ95_Sol1.25 Simulation 3.13;Blade_NACA_0015_Circ95_Sol1.25 Simulation 3.13;Blade_NACA_0015_Circ95_Sol1.25 Simulation 3.13;Blade_NACA_0015_Circ95_Sol1.25 Simulation 3.13;Blade_NACA_0015_Circ95_Sol1.25 Simulation 3.13;Blade_NACA_0015_Circ95_Sol1.25 Simulation 3.13;Blade_NACA_0015_Circ95_Sol1.25 Simulation 3.13;Blade_NACA_0015_Circ95_Sol1.25 Simulation 3.13;Blade_NACA_0015_Circ95_Sol1.25 Simulation 3.13;Blade_NACA_0015_Circ95_Sol1.25 Simulation 3.13;Blade_NACA_0015_Circ95_Sol1.25 Simulation 3.13;Blade_NACA_0015_Circ95_Sol1.25 Simulation 3.13;Blade_NACA_0015_Circ95_Sol1.25 Simulation 3.13;Blade_NACA_0015_Circ95_Sol1.25 Simulation 3.13;Blade_NACA_0015_Circ95_Sol1.25 Simulation 3.13;Blade_NACA_0015_Circ95_Sol1.25 Simulation 3.13;Blade_NACA_0015_Circ95_Sol1.25 Simulation 3.13;Blade_NACA_0015_Circ95_Sol1.25 Simulation 3.13;Blade_NACA_0015_Circ95_Sol1.25 Simulation 3.13;Blade_NACA_0015_Circ95_Sol1.25 Simulation 3.13;Blade_NACA_0015_Circ95_Sol1.25 Simulation 3.13;Blade_NACA_0015_Circ95_Sol1.25 Simulation 3.13;Blade_NACA_0015_Circ95_Sol1.25 Simulation 3.13;Blade_NACA_0015_Circ95_Sol1.25 Simulation 3.13;Blade_NACA_0015_Circ95_Sol1.25 Simulation 3.13;Blade_NACA_0015_Circ95_Sol1.25 Simulation 3.13;Blade_NACA_0015_Circ95_Sol1.25 Simulation 3.13;Blade_NACA_0015_Circ95_Sol1.25 Simulation 3.13;Blade_NACA_0015_Circ95_Sol1.25 Simulation 3.13;Blade_NACA_0015_Circ95_Sol1.25 Simulation 3.13;Blade_NACA_0015_Circ95_Sol1.25 Simulation 3.13;Blade_NACA_0015_Circ95_Sol1.25 Simulation 3.13;Blade_NACA_0015_Circ95_Sol1.25 Simulation 3.13;Blade_NACA_0015_Circ95_Sol1.25 Simulation 3.13;Blade_NACA_0015_Circ95_Sol1.25 Simulation 3.13;Blade_NACA_0015_Circ95_Sol1.25 Simulation 3.13;Blade_NACA_0015_Circ95_Sol1.25 Simulation 3.13;Blade_NACA_0015_Circ95_Sol1.25 Simulation 3.13;Blade_NACA_0015_Circ95_Sol1.25 Simulation 3.13;Blade_NACA_0015_Circ95_Sol1.25 Simulation 3.13;Blade_NACA_0015_Circ95_Sol1.25 Simulation 3.13;Blade_NACA_0015_Circ95_Sol1.25 Simulation 3.13;Blade_NACA_0015_Circ95_Sol1.25 Simulation 3.13;Blade_NACA_0015_Circ95_Sol1.25 Simulation 3.13;Blade_NACA_0015_Circ95_Sol1.25 Simulation 3.13;Blade_NACA_0015_Circ95_Sol1.25 Simulation 3.13;Blade_NACA_0015_Circ95_Sol1.25 Simulation 3.13;Blade_NACA_0015_Circ95_Sol1.25 Simulation 3.13;Blade_NACA_0015_Circ95_Sol1.25 Simulation 3.13;Blade_NACA_0015_Circ95_Sol1.25 Simulation 3.13;Blade_NACA_0015_Circ95_Sol1.25 Simulation 3.13;Blade_NACA_0015_Circ95_Sol1.25 Simulation 3.13;Blade_NACA_0015_Circ95_Sol1.25 Simulation 3.13;Blade_NACA_0015_Circ95_Sol1.25 Simulation 3.13;Blade_NACA_0015_Circ95_Sol1.25 Simulation 3.13;Blade_NACA_0015_Circ95_Sol1.25 Simulation 3.13;Blade_NACA_0015_Circ95_Sol1.25 Simulation 3.13;Blade_NACA_0015_Circ95_Sol1.25 Simulation 3.13;Blade_NACA_0015_Circ95_Sol1.25 Simulation 3.13;Blade_NACA_0015_Circ95_Sol1.25 Simulation 3.13;Blade_NACA_0015_Circ95_Sol1.25 Simulation 3.13;Blade_NACA_0015_Circ95_Sol1.25 Simulation 3.13;Blade_NACA_0015_Circ95_Sol1.25 Simulation 3.13;Blade_NACA_0015_Circ95_Sol1.25 Simulation 3.13;Blade_NACA_0015_Circ95_Sol1.25 Simulation 3.13;Blade_NACA_0015_Circ95_Sol1.25 Simulation 3.13;Blade_NACA_0015_Circ95_Sol1.25 Simulation 3.13;Blade_NACA_0015_Circ95_Sol1.25 Simulation 3.13;Blade_NACA_0015_Circ95_Sol1.25 Simulation 3.13;Blade_NACA_0015_Circ95_Sol1.25 Simulation 3.13;Blade_NACA_0015_Circ95_Sol1.25 Simulation 3.13;Blade_NACA_0015_Circ95_Sol1.25 Simulation 3.13;Blade_NACA_0015_Circ95_Sol1.25 Simulation 3.13;Blade_NACA_0015_Circ95_Sol1.25 Simulation 3.13;Blade_NACA_0015_Circ95_Sol1.25 Simulation 3.13;Blade_NACA_0015_Circ95_Sol1.25 Simulation 3.13;Blade_NACA_0015_Circ95_Sol1.25 Simulation 3.13;Blade_NACA_0015_Circ95_Sol1.25 Simulation 3.13;Blade_NACA_0015_Circ95_Sol1.25 Simulation 3.13;Blade_NACA_0015_Circ95_Sol1.25 Simulation 3.13;Blade_NACA_0015_Circ95_Sol1.25 Simulation 3.13;Blade_NACA_0015_Circ95_Sol1.25 Simulation 3.13;Blade_NACA_0015_Circ95_Sol1.25 Simulation 3.13;Blade_NACA_0015_Circ95_Sol1.25 Simulation 3.13;Blade_NACA_0015_Circ95_Sol1.25 Simulation 3.13;Blade_NACA_0015_Circ95_Sol1.25 Simulation 3.13;Blade_NACA_0015_Circ95_Sol1.25 Simulation 3.13;Blade_NACA_0015_Circ95_Sol1.25 Simulation 3.13;Blade_NACA_0015_Circ95_Sol1.25 Simulation 3.13;Blade_NACA_0015_Circ95_Sol1.25 Simulation 3.13;Blade_NACA_0015_Circ95_Sol1.25 Simulation 3.13;Blade_NACA_0015_Circ95_Sol1.25 Simulation 3.13;Blade_NACA_0015_Circ95_Sol1.25 Simulation 3.13;Blade_NACA_0015_Circ95_Sol1.25 Simulation 3.13;Blade_NACA_0015_Circ95_Sol1.25 Simulation 3.13;Blade_NACA_0015_Circ95_Sol1.25 Simulation 3.13;Blade_NACA_0015_Circ95_Sol1.25 Simulation 3.13;Blade_NACA_0015_Circ95_Sol1.25 Simulation 3.13;Blade_NACA_0015_Circ95_Sol1.25 Simulation 3.13;Blade_NACA_0015_Circ95_Sol1.25 Simulation 3.13;Blade_NACA_0015_Circ95_Sol1.25 Simulation 3.13;Blade_NACA_0015_Circ95_Sol1.25 Simulation 3.13;Blade_NACA_0015_Circ95_Sol1.25 Simulation 3.13;Blade_NACA_0015_Circ95_Sol1.25 Simulation 3.13;Blade_NACA_0015_Circ95_Sol1.25 Simulation 3.13;Blade_NACA_0015_Circ95_Sol1.25 Simulation 3.13;Blade_NACA_0015_Circ95_Sol1.25 Simulation 3.13;Blade_NACA_0015_Circ95_Sol1.25 Simulation 3.13;Blade_NACA_0015_Circ95_Sol1.25 Simulation 3.13;Blade_NACA_0015_Circ95_Sol1.25 Simulation 3.13;Blade_NACA_0015_Circ95_Sol1.25 Simulation 3.13;Blade_NACA_0015_Circ95_Sol1.25 Simulation 3.13;Blade_NACA_0015_Circ95_Sol1.25 Simulation 3.13;Blade_NACA_0015_Circ95_Sol1.25 Simulation 3.13;Blade_NACA_0015_Circ95_Sol1.25 Simulation 3.13;Blade_NACA_0015_Circ95_Sol1.25 Simulation 3.13;Blade_NACA_0015_Circ95_Sol1.25 Simulation 3.13;Blade_NACA_0015_Circ95_Sol1.25 Simulation 3.13;Blade_NACA_0015_Circ95_Sol1.25 Simulation 3.13;Blade_NACA_0015_Circ95_Sol1.25 Simulation 3.13;Blade_NACA_0015_Circ95_Sol1.25 Simulation 3.13;Blade_NACA_0015_Circ95_Sol1.25 Simulation 3.13;Blade_NACA_0015_Circ95_Sol1.25 Simulation 3.13;Blade_NACA_0015_Circ95_Sol1.25 Simulation 3.13;Blade_NACA_0015_Circ95_Sol1.25 Simulation 3.13;Blade_NACA_0015_Circ95_Sol1.25 Simulation 3.13;Blade_NACA_0015_Circ95_Sol1.25 Simulation 3.13;Blade_NACA_0015_Circ95_Sol1.25 Simulation 3.13;Blade_NACA_0015_Circ95_Sol1.25 Simulation 3.13;Blade_NACA_0015_Circ95_Sol1.25 Simulation 3.13;Blade_NACA_0015_Circ95_Sol1.25 Simulation 3.13;Blade_NACA_0015_Circ95_Sol1.25 Simulation 3.13;Blade_NACA_0015_Circ95_Sol1.25 Simulation 3.13;Blade_NACA_0015_Circ95_Sol1.25 Simulation 3.13;Blade_NACA_0015_Circ95_Sol1.25 Simulation 3.13;Blade_NACA_0015_Circ95_Sol1.25 Simulation 3.13;Blade_NACA_0015_Circ95_Sol1.25 Simulation 3.13;Blade_NACA_0015_Circ95_Sol1.25 Simulation 3.13;Blade_NACA_0015_Circ95_Sol1.25 Simulation 3.13;Blade_NACA_0015_Circ95_Sol1.25 Simulation 3.13;Blade_NACA_0015_Circ95_Sol1.25 Simulation 3.13;Blade_NACA_0015_Circ95_Sol1.25 Simulation 3.13;Blade_NACA_0015_Circ95_Sol1.25 Simulation 3.13;Blade_NACA_0015_Circ95_Sol1.25 Simulation 3.13;Blade_NACA_0015_Circ95_Sol1.25 Simulation 3.13;Blade_NACA_0015_Circ95_Sol1.25 Simulation 3.13;Blade_NACA_0015_Circ95_Sol1.25 Simulation 3.13;Blade_NACA_0015_Circ95_Sol1.25 Simulation 3.13;Blade_NACA_0015_Circ95_Sol1.25 Simulation 3.13;Blade_NACA_0015_Circ95_Sol1.25 Simulation 3.13;Blade_NACA_0015_Circ95_Sol1.25 Simulation 3.13;Blade_NACA_0015_Circ95_Sol1.25 Simulation 3.13;Blade_NACA_0015_Circ95_Sol1.25 Simulation 3.13;Blade_NACA_0015_Circ95_Sol1.25 Simulation 3.13;Blade_NACA_0015_Circ95_Sol1.25 Simulation 3.13;Blade_NACA_0015_Circ95_Sol1.25 Simulation 3.13;Blade_NACA_0015_Circ95_Sol1.25 Simulation 3.13;Blade_NACA_0015_Circ95_Sol1.25 Simulation 3.13;Blade_NACA_0015_Circ95_Sol1.25 Simulation 3.13;Blade_NACA_0015_Circ95_Sol1.25 Simulation 3.13;Blade_NACA_0015_Circ95_Sol1.25 Simulation 3.13;Blade_NACA_0015_Circ95_Sol1.25 Simulation 3.13;Blade_NACA_0015_Circ95_Sol1.25 Simulation 3.13;Blade_NACA_0015_Circ95_Sol1.25 Simulation 3.13;Blade_NACA_0015_Circ95_Sol1.25 Simulation 3.13;Blade_NACA_0015_Circ95_Sol1.25 Simulation 3.13;Blade_NACA_0015_Circ95_Sol1.25 Simulation 3.13;Blade_NACA_0015_Circ95_Sol1.25 Simulation 3.13;Blade_NACA_0015_Circ95_Sol1.25 Simulation 3.13;Blade_NACA_0015_Circ95_Sol1.25 Simulation 3.13;Blade_NACA_0015_Circ95_Sol1.25 Simulation 3.13;Blade_NACA_0015_Circ95_Sol1.25 Simulation 3.13;Blade_NACA_0015_Circ95_Sol1.25 Simulation 3.13;Blade_NACA_0015_Circ95_Sol1.25 Simulation 3.13;Blade_NACA_0015_Circ95_Sol1.25 Simulation 3.13;Blade_NACA_0015_Circ95_Sol1.25 Simulation 3.13;Blade_NACA_0015_Circ95_Sol1.25 Simulation 3.13;Blade_NACA_0015_Circ95_Sol1.25 Simulation 3.13;Blade_NACA_0015_Circ95_Sol1.25 Simulation 3.13;Blade_NACA_0015_Circ95_Sol1.25 Simulation 3.13;Blade_NACA_0015_Circ95_Sol1.25 Simulation 3.13;Blade_NACA_0015_Circ95_Sol1.25 Simulation 3.13;Blade_NACA_0015_Circ95_Sol1.25 Simulation 3.13;Blade_NACA_0015_Circ95_Sol1.25 Simulation 3.13;Blade_NACA_0015_Circ95_Sol1.25 Simulation 3.13;Blade_NACA_0015_Circ95_Sol1.25 Simulation 3.13;Blade_NACA_0015_Circ95_Sol1.25 Simulation 3.13;Blade_NACA_0015_Circ95_Sol1.25 Simulation 3.13;Blade_NACA_0015_Circ95_Sol1.25 Simulation 3.13;Blade_NACA_0015_Circ95_Sol1.25 Simulation 3.13;Blade_NACA_0015_Circ95_Sol1.25 Simulation 3.13;Blade_NACA_0015_Circ95_Sol1.25 Simulation 3.13;Blade_NACA_0015_Circ95_Sol1.25 Simulation 3.13;Blade_NACA_0015_Circ95_Sol1.25 Simulation 3.13;Blade_NACA_0015_Circ95_Sol1.25 Simulation 3.13;Blade_NACA_0015_Circ95_Sol1.25 Simulation 3.13;Blade_NACA_0015_Circ95_Sol1.25 Simulation 3.13;Blade_NACA_0015_Circ95_Sol1.25 Simulation 3.13;Blade_NACA_0015_Circ95_Sol1.25 Simulation 3.13;Blade_NACA_0015_Circ95_Sol1.25 Simulation 3.13;Blade_NACA_0015_Circ95_Sol1.25 Simulation 3.13;Blade_NACA_0015_Circ95_Sol1.25 Simulation 3.13;Blade_NACA_0015_Circ95_Sol1.25 Simulation 3.13;Blade_NACA_0015_Circ95_Sol1.25 Simulation 3.13;Blade_NACA_0015_Circ95_Sol1.25 Simulation 3.13;Blade_NACA_0015_Circ95_Sol1.25 Simulation 3.13;Blade_NACA_0015_Circ95_Sol1.25 Simulation 3.13;Blade_NACA_0015_Circ95_Sol1.25 Simulation 3.13;Blade_NACA_0015_Circ95_Sol1.25 Simulation 3.13;Blade_NACA_0015_Circ95_Sol1.25 Simulation 3.13;Blade_NACA_0015_Circ95_Sol1.25 Simulation 3.13;Blade_NACA_0015_Circ95_Sol1.25 Simulation 3.13;Blade_NACA_0015_Circ95_Sol1.25 Simulation 3.13;Blade_NACA_0015_Circ95_Sol1.25 Simulation 3.13;Blade_NACA_0015_Circ95_Sol1.25 Simulation 3.13;Blade_NACA_0015_Circ95_Sol1.25 Simulation 3.13;Blade_NACA_0015_Circ95_Sol1.25 Simulation 3.13;Blade_NACA_0015_Circ95_Sol1.25 Simulation 3.13;Blade_NACA_0015_Circ95_Sol1.25 Simulation 3.13;Blade_NACA_0015_Circ95_Sol1.25 Simulation 3.13;Blade_NACA_0015_Circ95_Sol1.25 Simulation 3.13;Blade_NACA_0015_Circ95_Sol1.25 Simulation 3.13;Blade_NACA_0015_Circ95_Sol1.25 Simulation 3.13;Blade_NACA_0015_Circ95_Sol1.25 Simulation 3.13;Blade_NACA_0015_Circ95_Sol1.25 Simulation 3.13;Blade_NACA_0015_Circ95_Sol1.25 Simulation 3.13;Blade_NACA_0015_Circ95_Sol1.25 Simulation 3.13;Blade_NACA_0015_Circ95_Sol1.25 Simulation 3.13;Blade_NACA_0015_Circ95_Sol1.25 Simulation 3.13;Blade_NACA_0015_Circ95_Sol1.25 Simulation 3.13;Blade_NACA_0015_Circ95_Sol1.25 Simulation 3.13;Blade_NACA_0015_Circ95_Sol1.25 Simulation 3.13;Blade_NACA_0015_Circ95_Sol1.25 Simulation 3.13;Blade_NACA_0015_Circ95_Sol1.25 Simulation 3.13;Blade_NACA_0015_Circ95_Sol1.25 Simulation 3.13;Blade_NACA_0015_Circ95_Sol1.25 Simulation 3.13;Blade_NACA_0015_Circ95_Sol1.25 Simulation 3.13;Blade_NACA_0015_Circ95_Sol1.25 Simulation 3.13;Blade_NACA_0015_Circ95_Sol1.25 Simulation 3.13;Blade_NACA_0015_Circ95_Sol1.25 Simulation 3.13;Blade_NACA_0015_Circ95_Sol1.25 Simulation 3.13;Blade_NACA_0015_Circ95_Sol1.25 Simulation 3.13;Blade_NACA_0015_Circ95_Sol1.25 Simulation 3.13;Blade_NACA_0015_Circ95_Sol1.25 Simulation 3.13;Blade_NACA_0015_Circ95_Sol1.25 Simulation 3.13;Blade_NACA_0015_Circ95_Sol1.25 Simulation 3.13;Blade_NACA_0015_Circ95_Sol1.25 Simulation 3.13;Blade_NACA_0015_Circ95_Sol1.25 Simulation 3.13;Blade_NACA_0015_Circ95_Sol1.25 Simulation 3.13;Blade_NACA_0015_Circ95_Sol1.25 Simulation 3.13;Blade_NACA_0015_Circ95_Sol1.25 Simulation 3.13;Blade_NACA_0015_Circ95_Sol1.25 Simulation 3.13;Blade_NACA_0015_Circ95_Sol1.25 Simulation 3.13;Blade_NACA_0015_Circ95_Sol1.25 Simulation 3.13;Blade_NACA_0015_Circ95_Sol1.25 Simulation 3.13;Blade_NACA_0015_Circ95_Sol1.25 Simulation 3.13;Blade_NACA_0015_Circ95_Sol1.25 Simulation 3.13;Blade_NACA_0015_Circ95_Sol1.25 Simulation 3.13;Blade_NACA_0015_Circ95_Sol1.25 Simulation 3.13;Blade_NACA_0015_Circ95_Sol1.25 Simulation 3.13;Blade_NACA_0015_Circ95_Sol1.25 Simulation 3.13;Blade_NACA_0015_Circ95_Sol1.25 Simulation 3.13;Blade_NACA_0015_Circ95_Sol1.25 Simulation 3.13;Blade_NACA_0015_Circ95_Sol1.25 Simulation 3.13;Blade_NACA_0015_Circ95_Sol1.25 Simulation 3.13;Blade_NACA_0015_Circ95_Sol1.25 Simulation 3.13;Blade_NACA_0015_Circ95_Sol1.25 Simulation 3.13;Blade_NACA_0015_Circ95_Sol1.25 Simulation 3.13;Blade_NACA_0015_Circ95_Sol1.25 Simulation 3.13;Blade_NACA_0015_Circ95_Sol1.25 Simulation 3.13;Blade_NACA_0015_Circ95_Sol1.25 Simulation 3.13;Blade_NACA_0015_Circ95_Sol1.25 Simulation 3.13;Blade_NACA_0015_Circ95_Sol1.25 Simulation 3.13;Blade_NACA_0015_Circ95_Sol1.25 Simulation 3.13;Blade_NACA_0015_Circ95_Sol1.25 Simulation 3.13;Blade_NACA_0015_Circ95_Sol1.25 Simulation 3.13;Blade_NACA_0015_Circ95_Sol1.25 Simulation 3.13;Blade_NACA_0015_Circ95_Sol1.25 Simulation 3.13;Blade_NACA_0015_Circ95_Sol1.25 Simulation 3.13;Blade_NACA_0015_Circ95_Sol1.25 Simulation 3.13;Blade_NACA_0015_Circ95_Sol1.25 Simulation 3.13;Blade_NACA_0015_Circ95_Sol1.25 Simulation 3.13;Blade_NACA_0015_Circ95_Sol1.25 Simulation 3.13;Blade_NACA_0015_Circ95_Sol1.25 Simulation 3.13;Blade_NACA_0015_Circ95_Sol1.25 Simulation 3.13;Blade_NACA_0015_Circ95_Sol1.25 Simulation 3.13;Blade_NACA_0015_Circ95_Sol1.25 Simulation 3.13;Blade_NACA_0015_Circ95_Sol1.25 Simulation 3.13;Blade_NACA_0015_Circ95_Sol1.25 Simulation 3.13;Blade_NACA_0015_Circ95_Sol1.25 Simulation 3.13;Blade_NACA_0015_Circ95_Sol1.25 Simulation 3.13;Blade_NACA_0015_Circ95_Sol1.25 Simulation 3.13;Blade_NACA_0015_Circ95_Sol1.25 Simulation 3.13;Blade_NACA_0015_Circ95_Sol1.25 Simulation 3.13;Blade_NACA_0015_Circ95_Sol1.25 Simulation 3.13;Blade_NACA_0015_Circ95_Sol1.25 Simulation 3.13;Blade_NACA_0015_Circ95_Sol1.25 Simulation 3.13;Blade_NACA_0015_Circ95_Sol1.25 Simulation 3.13;Blade_NACA_0015_Circ95_Sol1.25 Simulation 3.13;Blade_NACA_0015_Circ95_Sol1.25 Simulation 3.13;Blade_NACA_0015_Circ95_Sol1.25 Simulation 3.13;Blade_NACA_0015_Circ95_Sol1.25 Simulation 3.13;Blade_NACA_0015_Circ95_Sol1.25 Simulation 3.13;Blade_NACA_0015_Circ95_Sol1.25 Simulation 3.13;Blade_NACA_0015_Circ95_Sol1.25 Simulation 3.13;Blade_NACA_0015_Circ95_Sol1.25 Simulation 3.13;Blade_NACA_0015_Circ95_Sol1.25 Simulation 3.13;Blade_NACA_0015_Circ95_Sol1.25 Simulation 3.13;Blade_NACA_0015_Circ95_Sol1.25 Simulation 3.13;Blade_NACA_0015_Circ95_Sol1.25 Simulation 3.13;Blade_NACA_0015_Circ95_Sol1.25 Simulation 3.13;Blade_NACA_0015_Circ95_Sol1.25 Simulation 3.13;Blade_NACA_0015_Circ95_Sol1.25 Simulation 3.13;Blade_NACA_0015_Circ95_Sol1.25 Simulation 3.13;Blade_NACA_0015_Circ95_Sol1.25 Simulation 3.13;Blade_NACA_0015_Circ95_Sol1.25 Simulation 3.13;Blade_NACA_0015_Circ95_Sol1.25 Simulation 3.13;Blade_NACA_0015_Circ95_Sol1.25 Simulation 3.13;Blade_NACA_0015_Circ95_Sol1.25 Simulation 3.13;Blade_NACA_0015_Circ95_Sol1.25 Simulation 3.13;Blade_NACA_0015_Circ95_Sol1.25 Simulation 3.13;Blade_NACA_0015_Circ95_Sol1.25 Simulation 3.13;Blade_NACA_0015_Circ95_Sol1.25 Simulation 3.13;Blade_NACA_0015_Circ95_Sol1.25 Simulation 3.13;Blade_NACA_0015_Circ95_Sol1.25 Simulation 3.13;Blade_NACA_0015_Circ95_Sol1.25 Simulation 3.13;Blade_NACA_0015_Circ95_Sol1.25 Simulation 3.13;Blade_NACA_0015_Circ95_Sol1.25 Simulation 3.13;Blade_NACA_0015_Circ95_Sol1.25 Simulation 3.13;Blade_NACA_0015_Circ95_Sol1.25 Simulation 3.13;Blade_NACA_0015_Circ95_Sol1.25 Simulation 3.13;Blade_NACA_0015_Circ95_Sol1.25 Simulation 3.13;Blade_NACA_0015_Circ95_Sol1.25 Simulation 3.13;Blade_NACA_0015_Circ95_Sol1.25 Simulation 3.13;Blade_NACA_0015_Circ95_Sol1.25 Simulation 3.13;Blade_NACA_0015_Circ95_Sol1.25 Simulation 3.13;Blade_NACA_0015_Circ95_Sol1.25 Simulation 3.13;Blade_NACA_0015_Circ95_Sol1.25 Simulation 3.13;Blade_NACA_0015_Circ95_Sol1.25 Simulation 3.13;Blade_NACA_0015_Circ95_Sol1.25 Simulation 3.13;Blade_NACA_0015_Circ95_Sol1.25 Simulation 3.13;Blade_NACA_0015_Circ95_Sol1.25 Simulation 3.13;Blade_NACA_0015_Circ95_Sol1.25 Simulation 3.13;Blade_NACA_0015_Circ95_Sol1.25 Simulation 3.13;Blade_NACA_0015_Circ95_Sol1.25 Simulation 3.13;Blade_NACA_0015_Circ95_Sol1.25 Simulation 3.13;Blade_NACA_0015_Circ95_Sol1.25 Simulation 3.13;Blade_NACA_0015_Circ95_Sol1.25 Simulation 3.13;Blade_NACA_0015_Circ95_Sol1.25 Simulation 3.13;Blade_NACA_0015_Circ95_Sol1.25 Simulation 3.13;Blade_NACA_0015_Circ95_Sol1.25 Simulation 3.13;Blade_NACA_0015_Circ95_Sol1.25 Simulation 3.13;Blade_NACA_0015_Circ95_Sol1.25 Simulation 3.13;Blade_NACA_0015_Circ95_Sol1.25 Simulation 3.13;Blade_NACA_0015_Circ95_Sol1.25 Simulation 3.13;Blade_NACA_0015_Circ95_Sol1.25 Simulation 3.13;Blade_NACA_0015_Circ95_Sol1.25 Simulation 3.13;Blade_NACA_0015_Circ95_Sol1.25 Simulation 3.13;Blade_NACA_0015_Circ95_Sol1.25 Simulation 3.13;Blade_NACA_0015_Circ95_Sol1.25 Simulation 3.13;Blade_NACA_0015_Circ95_Sol1.25 Simulation 3.13;Blade_NACA_0015_Circ95_Sol1.25 Simulation 3.13;Blade_NACA_0015_Circ95_Sol1.25 Simulation 3.13;Blade_NACA_0015_Circ95_Sol1.25 Simulation 3.13;Blade_NACA_0015_Circ95_Sol1.25 Simulation 3.13;Blade_NACA_0015_Circ95_Sol1.25 Simulation 3.13;Blade_NACA_0015_Circ95_Sol1.25 Simulation 3.13;Blade_NACA_0015_Circ95_Sol1.25 Simulation 3.13;Blade_NACA_0015_Circ95_Sol1.25 Simulation 3.13;Blade_NACA_0015_Circ95_Sol1.25 Simulation 3.13;Blade_NACA_0015_Circ95_Sol1.25 Simulation 3.13;Blade_NACA_0015_Circ95_Sol1.25 Simulation 3.13;Blade_NACA_0015_Circ95_Sol1.25 Simulation 3.13;Blade_NACA_0015_Circ95_Sol1.25 Simulation 3.13;Blade_NACA_0015_Circ95_Sol1.25 Simulation 3.13;Blade_NACA_0015_Circ95_Sol1.25 Simulation 3.13;Blade_NACA_0015_Circ95_Sol1.25 Simulation 3.13;Blade_NACA_0015_Circ95_Sol1.25 Simulation 3.13;Blade_NACA_0015_Circ95_Sol1.25 Simulation 3.13;Blade_NACA_0015_Circ95_Sol1.25 Simulation 3.13;Blade_NACA_0015_Circ95_Sol1.25 Simulation 3.13;Blade_NACA_0015_Circ95_Sol1.25 Simulation 3.13;Blade_NACA_0015_Circ95_Sol1.25 Simulation 3.13;Blade_NACA_0015_Circ95_Sol1.25 Simulation 3.13;Blade_NACA_0015_Circ95_Sol1.25 Simulation 3.13;Blade_NACA_0015_Circ95_Sol1.25 Simulation 3.13;Blade_NACA_0015_Circ95_Sol1.25 Simulation 3.13;Blade_NACA_0015_Circ95_Sol1.25 Simulation 3.13;Blade_NACA_0015_Circ95_Sol1.25 Simulation 3.13;Blade_NACA_0015_Circ95_Sol1.25 Simulation 3.13;Blade_NACA_0015_Circ95_Sol1.25 Simulation 3.13;Blade_NACA_0015_Circ95_Sol1.25 Simulation 3.13;Blade_NACA_0015_Circ95_Sol1.25 Simulation 3.13;Blade_NACA_0015_Circ95_Sol1.25 Simulation 3.13;Blade_NACA_0015_Circ95_Sol1.25 Simulation 3.13;Blade_NACA_0015_Circ95_Sol1.25 Simulation 3.13;Blade_NACA_0015_Circ95_Sol1.25 Simulation 3.13;Blade_NACA_0015_Circ95_Sol1.25 Simulation 3.13;Blade_NACA_0015_Circ95_Sol1.25 Simulation 3.13;Blade_NACA_0015_Circ95_Sol1.25 Simulation 3.13;Blade_NACA_0015_Circ95_Sol1.25 Simulation 3.13;Blade_NACA_0015_Circ95_Sol1.25 Simulation 3.13;Blade_NACA_0015_Circ95_Sol1.25 Simulation 3.13;Blade_NACA_0015_Circ95_Sol1.25 Simulation 3.13;Blade_NACA_0015_Circ95_Sol1.25 Simulation 3.13;Blade_NACA_0015_Circ95_Sol1.25 Simulation 3.13;Blade_NACA_0015_Circ95_Sol1.25 Simulation 3.13;Blade_NACA_0015_Circ95_Sol1.25 Simulation 3.13;Blade_NACA_0015_Circ95_Sol1.25 Simulation 3.13;Blade_NACA_0015_Circ95_Sol1.25 Simulation 3.13;Blade_NACA_0015_Circ95_Sol1.25 Simulation 3.13;Blade_NACA_0015_Circ95_Sol1.25 Simulation 3.13;Blade_NACA_0015_Circ95_Sol1.25 Simulation 3.13;Blade_NACA_0015_Circ95_Sol1.25 Simulation 3.13;Blade_NACA_0015_Circ95_Sol1.25 Simulation 3.13;Blade_NACA_0015_Circ95_Sol1.25 Simulation 3.13;Blade_NACA_0015_Circ95_Sol1.25 Simulation 3.13;Blade_NACA_0015_Circ95_Sol1.25 Simulation 3.13;Blade_NACA_0015_Circ95_Sol1.25 Simulation 3.13;Blade_NACA_0015_Circ95_Sol1.25 Simulation 3.13;Blade_NACA_0015_Circ95_Sol1.25 Simulation 3.13;Blade_NACA_0015_Circ95_Sol1.25 Simulation 3.13;Blade_NACA_0015_Circ95_Sol1.25 Simulation 3.13;Blade_NACA_0015_Circ95_Sol1.25 Simulation 3.13;Blade_NACA_0015_Circ95_Sol1.25 Simulation 3.13;Blade_NACA_0015_Circ95_Sol1.25 Simulation 3.13;Blade_NACA_0015_Circ95_Sol1.25 Simulation 3.13;Blade_NACA_0015_Circ95_Sol1.25 Simulation 3.13;Blade_NACA_0015_Circ95_Sol1.25 Simulation 3.13;Blade_NACA_0015_Circ95_Sol1.25 Simulation 3.13;Blade_NACA_0015_Circ95_Sol1.25 Simulation 3.13;Blade_NACA_0015_Circ95_Sol1.25 Simulation 3.13;Blade_NACA_0015_Circ95_Sol1.25 Simulation 3.13;Blade_NACA_0015_Circ95_Sol1.25 Simulation 3.13;Blade_NACA_0015_Circ95_Sol1.25 Simulation 3.13;Blade_NACA_0015_Circ95_Sol1.25 Simulation 3.13;Blade_NACA_0015_Circ95_Sol1.25 Simulation 3.13;Blade_NACA_0015_Circ95_Sol1.25 Simulation 3.13;Blade_NACA_0015_Circ95_Sol1.25 Simulation 3.13;Blade_NACA_0015_Circ95_Sol1.25 Simulation 3.13;Blade_NACA_0015_Circ95_Sol1.25 Simulation 3.13;Blade_NACA_0015_Circ95_Sol1.25 Simulation 3.13;Blade_NACA_0015_Circ95_Sol1.25 Simulation 3.13;Blade_NACA_0015_Circ95_Sol1.25 Simulation 3.13;Blade_NACA_0015_Circ95_Sol1.25 Simulation 3.13;Blade_NACA_0015_Circ95_Sol1.25 Simulation 3.13;Blade_NACA_0015_Circ95_Sol1.25 Simulation 3.13;Blade_NACA_0015_Circ95_Sol1.25 Simulation 3.13;Blade_NACA_0015_Circ95_Sol1.25 Simulation 3.13;Blade_NACA_0015_Circ95_Sol1.25 Simulation 3.13;Blade_NACA_0015_Circ95_Sol1.25 Simulation 3.13;Blade_NACA_0015_Circ95_Sol1.25 Simulation 3.13;Blade_NACA_0015_Circ95_Sol1.25 Simulation 3.13;Blade_NACA_0015_Circ95_Sol1.25 Simulation 3.13;Blade_NACA_0015_Circ95_Sol1.25 Simulation 3.13;Blade_NACA_0015_Circ95_Sol1.25 Simulation 3.13;Blade_NACA_0015_Circ95_Sol1.25 Simulation 3.13;Blade_NACA_0015_Circ95_Sol1.25 Simulation 3.13;Blade_NACA_0015_Circ95_Sol1.25 Simulation 3.13;Blade_NACA_0015_Circ95_Sol1.25 Simulation 3.13;Blade_NACA_0015_Circ95_Sol1.25 Simulation 3.13;Blade_NACA_0015_Circ95_Sol1.25 Simulation 3.13;Blade_NACA_0015_Circ95_Sol1.25 Simulation 3.13;Blade_NACA_0015_Circ95_Sol1.25 Simulation 3.13;Blade_NACA_0015_Circ95_Sol1.25 Simulation 3.13;Blade_NACA_0015_Circ95_Sol1.25 Simulation 3.13;Blade_NACA_0015_Circ95_Sol1.25 Simulation 3.13;Blade_NACA_0015_Circ95_Sol1.25 Simulation 3.13;Blade_NACA_0015_Circ95_Sol1.25 Simulation 3.13;Blade_NACA_0015_Circ95_Sol1.25 Simulation 3.13;Blade_NACA_0015_Circ95_Sol1.25 Simulation 3.13;Blade_NACA_0015_Circ95_Sol1.25 Simulation 3.13;Blade_NACA_0015_Circ95_Sol1.25 Simulation 3.13;Blade_NACA_0015_Circ95_Sol1.25 Simulation 3.13;Blade_NACA_0015_Circ95_Sol1.25 Simulation 3.13;Blade_NACA_0015_Circ95_Sol1.25 Simulation 3.13;Blade_NACA_0015_Circ95_Sol1.25 Simulation 3.13;Blade_NACA_0015_Circ95_Sol1.25 Simulation 3.13;Blade_NACA_0015_Circ95_Sol1.25 Simulation 3.13;Blade_NACA_0015_Circ95_Sol1.25 Simulation 3.13;Blade_NACA_0015_Circ95_Sol1.25 Simulation 3.13;Blade_NACA_0015_Circ95_Sol1.25 Simulation 3.13;Blade_NACA_0015_Circ95_Sol1.25 Simulation 3.13;Blade_NACA_0015_Circ95_Sol1.25 Simulation 3.13;Blade_NACA_0015_Circ95_Sol1.25 Simulation 3.13;Blade_NACA_0015_Circ95_Sol1.25 Simulation 3.13;Blade_NACA_0015_Circ95_Sol1.25 Simulation 3.13;Blade_NACA_0015_Circ95_Sol1.25 Simulation 3.13;Blade_NACA_0015_Circ95_Sol1.25 Simulation 3.13;Blade_NACA_0015_Circ95_Sol1.25 Simulation 3.13;Blade_NACA_0015_Circ95_Sol1.25 Simulation 3.13;Blade_NACA_0015_Circ95_Sol1.25 Simulation 3.13;Blade_NACA_0015_Circ95_Sol1.25 Simulation 3.13;Blade_NACA_0015_Circ95_Sol1.25 Simulation 3.13;Blade_NACA_0015_Circ95_Sol1.25 Simulation 3.13;Blade_NACA_0015_Circ95_Sol1.25 Simulation 3.13;Blade_NACA_0015_Circ95_Sol1.25 Simulation 3.13;Blade_NACA_0015_Circ95_Sol1.25 Simulation 3.13;Blade_NACA_0015_Circ95_Sol1.25 Simulation 3.13;Blade_NACA_0015_Circ95_Sol1.25 Simulation 3.13;Blade_NACA_0015_Circ95_Sol1.25 Simulation 3.13;Blade_NACA_0015_Circ95_Sol1.25 Simulation 3.13;Blade_NACA_0015_Circ95_Sol1.25 Simulation 3.13;Blade_NACA_0015_Circ95_Sol1.25 Simulation 3.13;Blade_NACA_0015_Circ95_Sol1.25 Simulation 3.13;Blade_NACA_0015_Circ95_Sol1.25 Simulation 3.13;Blade_NACA_0015_Circ95_Sol1.25 Simulation 3.13;Blade_NACA_0015_Circ95_Sol1.25 Simulation 3.13;Blade_NACA_0015_Circ95_Sol1.25 Simulation 3.13;Blade_NACA_0015_Circ95_Sol1.25 Simulation 3.13;Blade_NACA_0015_Circ95_Sol1.25 Simulation 3.13;Blade_NACA_0015_Circ95_Sol1.25 Simulation 3.13;Blade_NACA_0015_Circ95_Sol1.25 Simulation 3.13;Blade_NACA_0015_Circ95_Sol1.25 Simulation 3.13;Blade_NACA_0015_Circ95_Sol1.25 Simulation 3.13;Blade_NACA_0015_Circ95_Sol1.25 Simulation 3.13;Blade_NACA_0015_Circ95_Sol1.25 Simulation 3.13;Blade_NACA_0015_Circ95_Sol1.25 Simulation 3.13;Blade_NACA_0015_Circ95_Sol1.25 Simulation 3.13;Blade_NACA_0015_Circ95_Sol1.25 Simulation 3.13;Blade_NACA_0015_Circ95_Sol1.25 Simulation 3.13;Blade_NACA_0015_Circ95_Sol1.25 Simulation 3.13;Blade_NACA_0015_Circ95_Sol1.25 Simulation 3.13;Blade_NACA_0015_Circ95_Sol1.25 Simulation 3.13;Blade_NACA_0015_Circ95_Sol1.25 Simulation 3.13;Blade_NACA_0015_Circ95_Sol1.25 Simulation 3.13;Blade_NACA_0015_Circ95_Sol1.25 Simulation 3.13;Blade_NACA_0015_Circ95_Sol1.25 Simulation 3.13;Blade_NACA_0015_Circ95_Sol1.25 Simulation 3.13;Blade_NACA_0015_Circ95_Sol1.25 Simulation 3.13;Blade_NACA_0015_Circ95_Sol1.25 Simulation 3.13;Blade_NACA_0015_Circ95_Sol1.25 Simulation 3.13;Blade_NACA_0015_Circ95_Sol1.25 Simulation 3.13;Blade_NACA_0015_Circ95_Sol1.25 Simulation 3.13;Blade_NACA_0015_Circ95_Sol1.25 Simulation 3.13;Blade_NACA_0015_Circ95_Sol1.25 Simulation 3.13;Blade_NACA_0015_Circ95_Sol1.25 Simulation 3.13;Blade_NACA_0015_Circ95_Sol1.25 Simulation 3.13;Blade_NACA_0015_Circ95_Sol1.25 Simulation 3.13;Blade_NACA_0015_Circ95_Sol1.25 Simulation 3.13;Blade_NACA_0015_Circ95_Sol1.25 Simulation 3.13;Blade_NACA_0015_Circ95_Sol1.25 Simulation 3.13;Blade_NACA_0015_Circ95_Sol1.25 Simulation 3.13;Blade_NACA_0015_Circ95_Sol1.25 Simulation 3.13;Blade_NACA_0015_Circ95_Sol1.25 Simulation 3.13;Blade_NACA_0015_Circ95_Sol1.25 Simulation 3.13;Blade_NACA_0015_Circ95_Sol1.25 Simulation 3.13;Blade_NACA_0015_Circ95_Sol1.25 Simulation 3.13;Blade_NACA_0015_Circ95_Sol1.25 Simulation 3.13;Blade_NACA_0015_Circ95_Sol1.25 Simulation 3.13;Blade_NACA_0015_Circ95_Sol1.25 Simulation 3.13;Blade_NACA_0015_Circ95_Sol1.25 Simulation 3.13;Blade_NACA_0015_Circ95_Sol1.25 Simulation 3.13;Blade_NACA_0015_Circ95_Sol1.25 Simulation 3.13;Blade_NACA_0015_Circ95_Sol1.25 Simulation 3.13;Blade_NACA_0015_Circ95_Sol1.25 Simulation 3.13;Blade_NACA_0015_Circ95_Sol1.25 Simulation 3.13;Blade_NACA_0015_Circ95_Sol1.25 Simulation 3.13;Blade_NACA_0015_Circ95_Sol1.25 Simulation 3.13;Blade_NACA_0015_Circ95_Sol1.25 Simulation 3.13;Blade_NACA_0015_Circ95_Sol1.25 Simulation 3.13;Blade_NACA_0015_Circ95_Sol1.25 Simulation 3.13;Blade_NACA_0015_Circ95_Sol1.25 Simulation 3.13;Blade_NACA_0015_Circ95_Sol1.25 Simulation 3.13;Blade_NACA_0015_Circ95_Sol1.25 Simulation 3.13;Blade_NACA_0015_Circ95_Sol1.25 Simulation 3.13;Blade_NACA_0015_Circ95_Sol1.25 Simulation 3.13;Blade_NACA_0015_Circ95_Sol1.25 Simulation 3.13;Blade_NACA_0015_Circ95_Sol1.25 Simulation 3.13;Blade_NACA_0015_Circ95_Sol1.25 Simulation 3.13;Blade_NACA_0015_Circ95_Sol1.25 Simulation 3.13;Blade_NACA_0015_Circ95_Sol1.25 Simulation 3.13;Blade_NACA_0015_Circ95_Sol1.25 Simulation 3.13;Blade_NACA_0015_Circ95_Sol1.25 Simulation 3.13;Blade_NACA_0015_Circ95_Sol1.25 Simulation 3.13;Blade_NACA_0015_Circ95_Sol1.25 Simulation 3.13;Blade_NACA_0015_Circ95_Sol1.25 Simulation 3.13;Blade_NACA_0015_Circ95_Sol1.25 Simulation 3.13;Blade_NACA_0015_Circ95_Sol1.25 Simulation 3.13;Blade_NACA_0015_Circ95_Sol1.25 Simulation 3.13;Blade_NACA_0015_Circ95_Sol1.25 Simulation 3.13;Blade_NACA_0015_Circ95_Sol1.25 Simulation 3.13;Blade_NACA_0015_Circ95_Sol1.25 Simulation 3.13;Blade_NACA_0015_Circ95_Sol1.25 Simulation 3.13;Blade_NACA_0015_Circ95_Sol1.25 Simulation 3.13;Blade_NACA_0015_Circ95_Sol1.25 Simulation 3.13;Blade_NACA_0015_Circ95_Sol1.25 Simulation 3.13;Blade_NACA_0015_Circ95_Sol1.25 Simulation 3.13;Blade_NACA_0015_Circ95_Sol1.25 Simulation 3.13;Blade_NACA_0015_Circ95_Sol1.25 Simulation 3.13;Blade_NACA_0015_Circ95_Sol1.25 Simulation 3.13;Blade_NACA_0015_Circ95_Sol1.25 Simulation 3.13;Blade_NACA_0015_Circ95_Sol1.25 Simulation 3.13;Blade_NACA_0015_Circ95_Sol1.25 Simulation 3.13;Blade_NACA_0015_Circ95_Sol1.25 Simulation 3.13;Blade_NACA_0015_Circ95_Sol1.25 Simulation 3.13;Blade_NACA_0015_Circ95_Sol1.25 Simulation 3.13;Blade_NACA_0015_Circ95_Sol1.25 Simulation 3.13;Blade_NACA_0015_Circ95_Sol1.25 Simulation 3.13;Blade_NACA_0015_Circ95_Sol1.25 Simulation 3.13;Blade_NACA_0015_Circ95_Sol1.25 Simulation 3.13;Blade_NACA_0015_Circ95_Sol1.25 Simulation 3.13;Blade_NACA_0015_Circ95_Sol1.25 Simulation 3.13;Blade_NACA_0015_Circ95_Sol1.25 Simulation 3.13;Blade_NACA_0015_Circ95_Sol1.25 Simulation 3.13;Blade_NACA_0015_Circ95_Sol1.25 Simulation 3.13;Blade_NACA_0015_Circ95_Sol1.25 Simulation 3.13;Blade_NACA_0015_Circ95_Sol1.25 Simulation 3.13;Blade_NACA_0015_Circ95_Sol1.25 Simulation 3.13;Blade_NACA_0015_Circ95_Sol1.25 Simulation 3.13;Blade_NACA_0015_Circ95_Sol1.25 Simulation 3.13;Blade_NACA_0015_Circ95_Sol1.25 Simulation 3.13;Blade_NACA_0015_Circ95_Sol1.25 Simulation 3.13;Blade_NACA_0015_Circ95_Sol1.25 Simulation 3.13;Blade_NACA_0015_Circ95_Sol1.25 Simulation 3.13;Blade_NACA_0015_Circ95_Sol1.25 Simulation 3.13;Blade_NACA_0015_Circ95_Sol1.25 Simulation 3.13;Blade_NACA_0015_Circ95_Sol1.25 Simulation 3.13;Blade_NACA_0015_Circ95_Sol1.25 Simulation 3.13;Blade_NACA_0015_Circ95_Sol1.25 Simulation 3.13;Blade_NACA_0015_Circ95_Sol1.25 Simulation 3.13;Blade_NACA_0015_Circ95_Sol1.25 Simulation 3.13;Blade_NACA_0015_Circ95_Sol1.25 Simulation 3.13;Blade_NACA_0015_Circ95_Sol1.25 Simulation 3.13;Blade_NACA_0015_Circ95_Sol1.25 Simulation 3.13;Blade_NACA_0015_Circ95_Sol1.25 Simulation 3.13;Blade_NACA_0015_Circ95_Sol1.25 Simulation 3.13;Blade_NACA_0015_Circ95_Sol1.25 Simulation 3.13;Blade_NACA_0015_Circ95_Sol1.25 Simulation 3.13;Blade_NACA_0015_Circ95_Sol1.25 Simulation 3.13;Blade_NACA_0015_Circ95_Sol1.25 Simulation 3.13;Blade_NACA_0015_Circ95_Sol1.25 Simulation 3.13;Blade_NACA_0015_Circ95_Sol1.25 Simulation 3.13;Blade_NACA_0015_Circ95_Sol1.25 Simulation 3.13;Blade_NACA_0015_Circ95_Sol1.25 Simulation 3.13;Blade_NACA_0015_Circ95_Sol1.25 Simulation 3.13;Blade_NACA_0015_Circ95_Sol1.25 Simulation 3.13;Blade_NACA_0015_Circ95_Sol1.25 Simulation 3.13;Blade_NACA_0015_Circ95_Sol1.25 Simulation 3.13;Blade_NACA_0015_Circ95_Sol1.25 Simulation 3.13;Blade_NACA_0015_Circ95_Sol1.25 Simulation 3.13;Blade_NACA_0015_Circ95_Sol1.25 Simulation 3.13;Blade_NACA_0015_Circ95_Sol1.25 Simulation 3.13;Blade_NACA_0015_Circ95_Sol1.25 Simulation 3.13;Blade_NACA_0015_Circ95_Sol1.25 Simulation 3.13;Blade_NACA_0015_Circ95_Sol1.25 Simulation 3.13;Blade_NACA_0015_Circ95_Sol1.25 Simulation 3.13;Blade_NACA_0015_Circ95_Sol1.25 Simulation 3.13;Blade_NACA_0015_Circ95_Sol1.25 Simulation 3.13;Blade_NACA_0015_Circ95_Sol1.25 Simulation 3.13;Blade_NACA_0015_Circ95_Sol1.25 Simulation 3.13;Blade_NACA_0015_Circ95_Sol1.25 Simulation 3.13;Blade_NACA_0015_Circ95_Sol1.25 Simulation 3.13;Blade_NACA_0015_Circ95_Sol1.25 Simulation 3.13;Blade_NACA_0015_Circ95_Sol1.25 Simulation 3.13;Blade_NACA_0015_Circ95_Sol1.25 Simulation 3.13;Blade_NACA_0015_Circ95_Sol1.25 Simulation 3.13;Blade_NACA_0015_Circ95_Sol1.25 Simulation 3.13;Blade_NACA_0015_Circ95_Sol1.25 Simulation 3.13;Blade_NACA_0015_Circ95_Sol1.25 Simulation 3.13;Blade_NACA_0015_Circ95_Sol1.25 Simulation 3.13;Blade_NACA_0015_Circ95_Sol1.25 Simulation 3.13;Blade_NACA_0015_Circ95_Sol1.25 Simulation 3.13;Blade_NACA_0015_Circ95_Sol1.25 Simulation 3.13;Blade_NACA_0015_Circ95_Sol1.25 Simulation 3.13;Blade_NACA_0015_Circ95_Sol1.25 Simulation 3.13;Blade_NACA_0015_Circ95_Sol1.25 Simulation 3.13;Blade_NACA_0015_Circ95_Sol1.25 Simulation 3.13;Blade_NACA_0015_Circ95_Sol1.25 Simulation 3.13;Blade_NACA_0015_Circ95_Sol1.25 Simulation 3.13;Blade_NACA_0015_Circ95_Sol1.25 Simulation 3.13;Blade_NACA_0015_Circ95_Sol1.25 Simulation 3.13;Blade_NACA_0015_Circ95_Sol1.25 Simulation 3.13;Blade_NACA_0015_Circ95_Sol1.25 Simulation 3.13;Blade_NACA_0015_Circ95_Sol1.25 Simulation 3.13;Blade_NACA_0015_Circ95_Sol1.25 Simulation 3.13;Blade_NACA_0015_Circ95_Sol1.25 Simulation 3.13;Blade_NACA_0015_Circ95_Sol1.25 Simulation 3.13;Blade_NACA_0015_Circ95_Sol1.25 Simulation 3.13;Blade_NACA_0015_Circ95_Sol1.25 Simulation 3.13;Blade_NACA_0015_Circ95_Sol1.25 Simulation 3.13;Blade_NACA_0015_Circ95_Sol1.25 Simulation 3.13;Blade_NACA_0015_Circ95_Sol1.25 Simulation 3.13;Blade_NACA_0015_Circ95_Sol1.25 Simulation 3.13;Blade_NACA_0015_Circ95_Sol1.25 Simulation 3.13;Blade_NACA_0015_Circ95_Sol1.25 Simulation 3.13;Blade_NACA_0015_Circ95_Sol1.25 Simulation 3.13;Blade_NACA_0015_Circ95_Sol1.25 Simulation 3.13;Blade_NACA_0015_Circ95_Sol1.25 Simulation 3.13;Blade_NACA_0015_Circ95_Sol1.25 Simulation 3.13;Blade_NACA_0015_Circ95_Sol1.25 Simulation 3.13;Blade_NACA_0015_Circ95_Sol1.25 Simulation 3.13;Blade_NACA_0015_Circ95_Sol1.25 Simulation 3.13;Blade_NACA_0015_Circ95_Sol1.25 Simulation 3.13;Blade_NACA_0015_Circ95_Sol1.25 Simulation 3.13;Blade_NACA_0015_Circ95_Sol1.25 Simulation 3.13;Blade_NACA_0015_Circ95_Sol1.25 Simulation 3.13;Blade_NACA_0015_Circ95_Sol1.25 Simulation 3.13;Blade_NACA_0015_Circ95_Sol1.25 Simulation 3.13;Blade_NACA_0015_Circ95_Sol1.25 Simulation 3.13;Blade_NACA_0015_Circ95_Sol1.25 Simulation 3.13;Blade_NACA_0015_Circ95_Sol1.25 Simulation 3.13;Blade_NACA_0015_Circ95_Sol1.25 Simulation 3.13;Blade_NACA_0015_Circ95_Sol1.25 Simulation 3.13;Blade_NACA_0015_Circ95_Sol1.25 Simulation 3.13;Blade_NACA_0015_Circ95_Sol1.25 Simulation 3.13;Blade_NACA_0015_Circ95_Sol1.25 Simulation 3.13;Blade_NACA_0015_Circ95_Sol1.25 Simulation 3.13;Blade_NACA_0015_Circ95_Sol1.25 Simulation 3.13;Blade_NACA_0015_Circ95_Sol1.25 Simulation 3.13;Blade_NACA_0015_Circ95_Sol1.25 Simulation 3.13;Blade_NACA_0015_Circ95_Sol1.25 Simulation 3.13;Blade_NACA_0015_Circ95_Sol1.25 Simulation 3.13;Blade_NACA_0015_Circ95_Sol1.25 Simulation 3.13;Blade_NACA_0015_Circ95_Sol1.25 Simulation 3.13;Blade_NACA_0015_Circ95_Sol1.25 Simulation 3.13;Blade_NACA_0015_Circ95_Sol1.25 Simulation 3.13;Blade_NACA_0015_Circ95_Sol1.25 Simulation 3.13;Blade_NACA_0015_Circ95_Sol1.25 Simulation 3.13;Blade_NACA_0015_Circ95_Sol1.25 Simulation 3.13;Blade_NACA_0015_Circ95_Sol1.25 Simulation 3.13;Blade_NACA_0015_Circ95_Sol1.25 Simulation 3.13;Blade_NACA_0015_Circ95_Sol1.25 Simulation 3.13;Blade_NACA_0015_Circ95_Sol1.25 Simulation 3.13;Blade_NACA_0015_Circ95_Sol1.25 Simulation 3.13;Blade_NACA_0015_Circ95_Sol1.25 Simulation 3.13;Blade_NACA_0015_Circ95_Sol1.25 Simulation 3.13;Blade_NACA_0015_Circ95_Sol1.25 Simulation 3.13;Blade_NACA_0015_Circ95_Sol1.25 Simulation 3.13;Blade_NACA_0015_Circ95_Sol1.25 Simulation 3.13;Blade_NACA_0015_Circ95_Sol1.25 Simulation 3.13;Blade_NACA_0015_Circ95_Sol1.25 Simulation 3.13;Blade_NACA_0015_Circ95_Sol1.25 Simulation 3.13;Blade_NACA_0015_Circ95_Sol1.25 Simulation 3.13;Blade_NACA_0015_Circ95_Sol1.25 Simulation 3.13;Blade_NACA_0015_Circ95_Sol1.25 Simulation 3.13;Blade_NACA_0015_Circ95_Sol1.25 Simulation 3.13;Blade_NACA_0015_Circ95_Sol1.25 Simulation 3.13;Blade_NACA_0015_Circ95_Sol1.25 Simulation 3.13;Blade_NACA_0015_Circ95_Sol1.25 Simulation 3.13;Blade_NACA_0015_Circ95_Sol1.25 Simulation 3.13;Blade_NACA_0015_Circ95_Sol1.25 Simulation 3.13;Blade_NACA_0015_Circ95_Sol1.25 Simulation 3.13;Blade_NACA_0015_Circ95_Sol1.25 Simulation 3.13;Blade_NACA_0015_Circ95_Sol1.25 Simulation 3.13;Blade_NACA_0015_Circ95_Sol1.25 Simulation 3.13;Blade_NACA_0015_Circ95_Sol1.25 Simulation 3.13;Blade_NACA_0015_Circ95_Sol1.25 Simulation 3.13;Blade_NACA_0015_Circ95_Sol1.25 Simulation 3.13;Blade_NACA_0015_Circ95_Sol1.25 Simulation 3.13;Blade_NACA_0015_Circ95_Sol1.25 Simulation 3.13;Blade_NACA_0015_Circ95_Sol1.25 Simulation 3.13;Blade_NACA_0015_Circ95_Sol1.25 Simulation 3.13;Blade_NACA_0015_Circ95_Sol1.25 Simulation 3.13;Blade_NACA_0015_Circ95_Sol1.25 Simulation 3.13;Blade_NACA_0015_Circ95_Sol1.25 Simulation 3.13;Blade_NACA_0015_Circ95_Sol1.25 Simulation 3.13;Blade_NACA_0015_Circ95_Sol1.25 Simulation 3.13;Blade_NACA_0015_Circ95_Sol1.25 Simulation 3.13;Blade_NACA_0015_Circ95_Sol1.25 Simulation 3.13;Blade_NACA_0015_Circ95_Sol1.25 Simulation 3.13;Blade_NACA_0015_Circ95_Sol1.25 Simulation 3.13;Blade_NACA_0015_Circ95_Sol1.25 Simulation 3.13;Blade_NACA_0015_Circ95_Sol1.25 Simulation 3.13;Blade_NACA_0015_Circ95_Sol1.25 Simulation 3.13;Blade_NACA_0015_Circ95_Sol1.25 Simulation 3.13;Blade_NACA_0015_Circ95_Sol1.25 Simulation 3.13;Blade_NACA_0015_Circ95_Sol1.25 Simulation 3.13;Blade_NACA_0015_Circ95_Sol1.25 Simulation 3.13;Blade_NACA_0015_Circ95_Sol1.25 Simulation 3.13;Blade_NACA_0015_Circ95_Sol1.25 Simulation 3.13;Blade_NACA_0015_Circ95_Sol1.25 Simulation 3.13;Blade_NACA_0015_Circ95_Sol1.25 Simulation 3.13;Blade_NACA_0015_Circ95_Sol1.25 Simulation 3.13;Blade_NACA_0015_Circ95_Sol1.25 Simulation 3.13;Blade_NACA_0015_Circ95_Sol1.25 Simulation 3.13;Blade_NACA_0015_Circ95_Sol1.25 Simulation 3.13;Blade_NACA_0015_Circ95_Sol1.25 Simulation 3.13;Blade_NACA_0015_Circ95_Sol1.25 Simulation 3.13;Blade_NACA_0015_Circ95_Sol1.25 Simulation 3.13;Blade_NACA_0015_Circ95_Sol1.25 Simulation 3.13;Blade_NACA_0015_Circ95_Sol1.25 Simulation 3.13;Blade_NACA_0015_Circ95_Sol1.25 Simulation 3.13;Blade_NACA_0015_Circ95_Sol1.25 Simulation 3.13;Blade_NACA_0015_Circ95_Sol1.25 Simulation 3.13;Blade_NACA_0015_Circ95_Sol1.25 Simulation 3.13;Blade_NACA_0015_Circ95_Sol1.25 Simulation 3.13;Blade_NACA_0015_Circ95_Sol1.25 Simulation 3.13;Blade_NACA_0015_Circ95_Sol1.25 Simulation 3.13;Blade_NACA_0015_Circ95_Sol1.25 Simulation 3.13;Blade_NACA_0015_Circ95_Sol1.25 Simulation 3.13;Blade_NACA_0015_Circ95_Sol1.25 Simulation 3.13;Blade_NACA_0015_Circ95_Sol1.25 Simulation 3.13;Blade_NACA_0015_Circ95_Sol1.25 Simulation 3.13;Blade_NACA_0015_Circ95_Sol1.25 Simulation 3.13;Blade_NACA_0015_Circ95_Sol1.25 Simulation 3.13;Blade_NACA_0015_Circ95_Sol1.25 Simulation 3.13;Blade_NACA_0015_Circ95_Sol1.25 Simulation 3.13;Blade_NACA_0015_Circ95_Sol1.25 Simulation 3.13;Blade_NACA_0015_Circ95_Sol1.25 Simulation 3.13;Blade_NACA_0015_Circ95_Sol1.25 Simulation 3.13;Blade_NACA_0015_Circ95_Sol1.25 Simulation 3.13;Blade_NACA_0015_Circ95_Sol1.25 Simulation 3.13;Blade_NACA_0015_Circ95_Sol1.25 Simulation 3.13;Blade_NACA_0015_Circ95_Sol1.25 Simulation 3.13;Blade_NACA_0015_Circ95_Sol1.25 Simulation 3.13;Blade_NACA_0015_Circ95_Sol1.25 Simulation 3.13;Blade_NACA_0015_Circ95_Sol1.25 Simulation 3.13;Blade_NACA_0015_Circ95_Sol1.25 Simulation 3.13;Blade_NACA_0015_Circ95_Sol1.25 Simulation 3.13;Blade_NACA_0015_Circ95_Sol1.25 Simulation 3.13;Blade_NACA_0015_Circ95_Sol1.25 Simulation 3.13;Blade_NACA_0015_Circ95_Sol1.25 Simulation 3.13;Blade_NACA_0015_Circ95_Sol1.25 Simulation 3.13;Blade_NACA_0015_Circ95_Sol1.25 Simulation 3.13;Blade_NACA_0015_Circ95_Sol1.25 Simulation 3.13;Blade_NACA_0015_Circ95_Sol1.25 Simulation 3.13;Blade_NACA_0015_Circ95_Sol1.25 Simulation 3.13;Blade_NACA_0015_Circ95_Sol1.25 Simulation 3.13;Blade_NACA_0015_Circ95_Sol1.25 Simulation 3.13;Blade_NACA_0015_Circ95_Sol1.25 Simulation 3.13;Blade_NACA_0015_Circ95_Sol1.25 Simulation 3.13;Blade_NACA_0015_Circ95_Sol1.25 Simulation 3.13;Blade_NACA_0015_Circ95_Sol1.25 Simulation 3.13;Blade_NACA_0015_Circ95_Sol1.25 Simulation 3.13;Blade_NACA_0015_Circ95_Sol1.25 Simulation 3.13;Blade_NACA_0015_Circ95_Sol1.25 Simulation 3.13;Blade_NACA_0015_Circ95_Sol1.25 Simulation 3.13;Blade_NACA_0015_Circ95_Sol1.25 Simulation 3.13;Blade_NACA_0015_Circ95_Sol1.25 Simulation 3.13;Blade_NACA_0015_Circ95_Sol1.25 Simulation 3.13;Blade_NACA_0015_Circ95_Sol1.25 Simulation 3.13;Blade_NACA_0015_Circ95_Sol1.25 Simulation 3.13;Blade_NACA_0015_Circ95_Sol1.25 Simulation 3.13;Blade_NACA_0015_Circ95_Sol1.25 Simulation 3.13;Blade_NACA_0015_Circ95_Sol1.25 Simulation 3.13;Blade_NACA_0015_Circ95_Sol1.25 Simulation 3.13;Blade_NACA_0015_Circ95_Sol1.25 Simulation 3.13;Blade_NACA_0015_Circ95_Sol1.25 Simulation 3.13;Blade_NACA_0015_Circ95_Sol1.25 Simulation 3.13;Blade_NACA_0015_Circ95_Sol1.25 Simulation 3.13;Blade_NACA_0015_Circ95_Sol1.25 Simulation 3.13;Blade_NACA_0015_Circ95_Sol1.25 Simulation 3.13;Blade_NACA_0015_Circ95_Sol1.25 Simulation 3.13;Blade_NACA_0015_Circ95_Sol1.25 Simulation 3.13;Blade_NACA_0015_Circ95_Sol1.25 Simulation 3.13;Blade_NACA_0015_Circ95_Sol1.25 Simulation 3.13;Blade_NACA_0015_Circ95_Sol1.25 Simulation 3.13;Blade_NACA_0015_Circ95_Sol1.25 Simulation 3.13;Blade_NACA_0015_Circ95_Sol1.25 Simulation 3.13;Blade_NACA_0015_Circ95_Sol1.25 Simulation 3.13;Blade_NACA_0015_Circ95_Sol1.25 Simulation 3.13;Blade_NACA_0015_Circ95_Sol1.25 Simulation 3.13;Blade_NACA_0015_Circ95_Sol1.25 Simulation 3.13;Blade_NACA_0015_Circ95_Sol1.25 Simulation 3.13;Blade_NACA_0015_Circ95_Sol1.25 Simulation 3.13;Blade_NACA_0015_Circ95_Sol1.25 Simulation 3.13;Blade_NACA_0015_Circ95_Sol1.25 Simulation 3.13;Blade_NACA_0015_Circ95_Sol1.25 Simulation 3.13;Blade_NACA_0015_Circ95_Sol1.25 Simulation 3.13;Blade_NACA_0015_Circ95_Sol1.25 Simulation 3.13;Blade_NACA_0015_Circ95_Sol1.25 Simulation 3.13;Blade_NACA_0015_Circ95_Sol1.25 Simulation 3.13;Blade_NACA_0015_Circ95_Sol1.25 Simulation 3.13;Blade_NACA_0015_Circ95_Sol1.25 Simulation 3.13;Blade_NACA_0015_Circ95_Sol1.25 Simulation 3.13;Blade_NACA_0015_Circ95_Sol1.25 Simulation 3.13;Blade_NACA_0015_Circ95_Sol1.25 Simulation 3.13;Blade_NACA_0015_Circ95_Sol1.25 Simulation 3.13;Blade_NACA_0015_Circ95_Sol1.25 Simulation 3.13;Blade_NACA_0015_Circ95_Sol1.25 Simulation 3.13;Blade_NACA_0015_Circ95_Sol1.25 Simulation 3.13;Blade_NACA_0015_Circ95_Sol1.25 Simulation 3.13;Blade_NACA_0015_Circ95_Sol1.25 Simulation 3.13;Blade_NACA_0015_Circ95_Sol1.25 Simulation 3.13;Blade_NACA_0015_Circ95_Sol1.25 Simulation 3.13;Blade_NACA_0015_Circ95_Sol1.25 Simulation 3.13;Blade_NACA_0015_Circ95_Sol1.25 Simulation 3.13;Blade_NACA_0015_Circ95_Sol1.25 Simulation 3.13;Blade_NACA_0015_Circ95_Sol1.25 Simulation 3.13;Blade_NACA_0015_Circ95_Sol1.25 Simulation 3.13;Blade_NACA_0015_Circ95_Sol1.25 Simulation 3.13;Blade_NACA_0015_Circ95_Sol1.25 Simulation 3.13;Blade_NACA_0015_Circ95_Sol1.25 Simulation 3.13;Blade_NACA_0015_Circ95_Sol1.25 Simulation 3.13;Blade_NACA_0015_Circ95_Sol1.25 Simulation 3.13;Blade_NACA_0015_Circ95_Sol1.25 Simulation 3.13;Blade_NACA_0015_Circ95_Sol1.25 Simulation 3.13;Blade_NACA_0015_Circ95_Sol1.25 Simulation 3.13;Blade_NACA_0015_Circ95_Sol1.25 Simulation 3.13;Blade_NACA_0015_Circ95_Sol1.25 Simulation 3.13;Blade_NACA_0015_Circ95_Sol1.25 Simulation 3.13;Blade_NACA_0015_Circ95_Sol1.25 Simulation 3.13;Blade_NACA_0015_Circ95_Sol1.25 Simulation 3.13;Blade_NACA_0015_Circ95_Sol1.25 Simulation 3.13;Blade_NACA_0015_Circ95_Sol1.25 Simulation 3.13;Blade_NACA_0015_Circ95_Sol1.25 Simulation 3.13;Blade_NACA_0015_Circ95_Sol1.25 Simulation 3.13;Blade_NACA_0015_Circ95_Sol1.25 Simulation 3.13;Blade_NACA_0015_Circ95_Sol1.25 Simulation 3.13;Blade_NACA_0015_Circ95_Sol1.25 Simulation 3.13;Blade_NACA_0015_Circ95_Sol1.25 Simulation 3.13;Blade_NACA_0015_Circ95_Sol1.25 Simulation 3.13;Blade_NACA_0015_Circ95_Sol1.25 Simulation 3.13;Blade_NACA_0015_Circ95_Sol1.25 Simulation 3.13;Blade_NACA_0015_Circ95_Sol1.25 Simulation 3.13;Blade_NACA_0015_Circ95_Sol1.25 Simulation 3.13;Blade_NACA_0015_Circ95_Sol1.25 Simulation 3.13;Blade_NACA_0015_Circ95_Sol1.25 Simulation 3.13;Blade_NACA_0015_Circ95_Sol1.25 Simulation 3.13;Blade_NACA_0015_Circ95_Sol1.25 Simulation 3.13;Blade_NACA_0015_Circ95_Sol1.25 Simulation 3.13;Blade_NACA_0015_Circ95_Sol1.25 Simulation 3.13;Blade_NACA_0015_Circ95_Sol1.25 Simulation 3.13;Blade_NACA_0015_Circ95_Sol1.25 Simulation 3.13;Blade_NACA_0015_Circ95_Sol1.25 Simulation 3.13;Blade_NACA_0015_Circ95_Sol1.25 Simulation 3.13;Blade_NACA_0015_Circ95_Sol1.25 Simulation 3.13;Blade_NACA_0015_Circ95_Sol1.25 Simulation 3.13;Blade_NACA_0015_Circ95_Sol1.25 Simulation 3.13;Blade_NACA_0015_Circ95_Sol1.25 Simulation 3.13;Blade_NACA_0015_Circ95_Sol1.25 Simulation 3.13;Blade_NACA_0015_Circ95_Sol1.25 Simulation 3.13;Blade_NACA_0015_Circ95_Sol1.25 Simulation 3.13;Blade_NACA_0015_Circ95_Sol1.25 Simulation 3.13;Blade_NACA_0015_Circ95_Sol1.25 Simulation 3.13;Blade_NACA_0015_Circ95_Sol1.25 Simulation 3.13;Blade_NACA_0015_Circ95_Sol1.25 Simulation 3.13;Blade_NACA_0015_Circ95_Sol1.25 Simulation 3.13;Blade_NACA_0015_Circ95_Sol1.25 Simulation 3.13;Blade_NACA_0015_Circ95_Sol1.25 Simulation 3.13;Blade_NACA_0015_Circ95_Sol1.25 Simulation 3.13;Blade_NACA_0015_Circ95_Sol1.25 Simulation 3.13;Blade_NACA_0015_Circ95_Sol1.25 Simulation 3.13;Blade_NACA_0015_Circ95_Sol1.25 Simulation 3.13;Blade_NACA_0015_Circ95_Sol1.25 Simulation 3.13;Blade_NACA_0015_Circ95_Sol1.25 Simulation 3.13;Blade_NACA_0015_Circ95_Sol1.25 Simulation 3.13;Blade_NACA_0015_Circ95_Sol1.25 Simulation 3.13;Blade_NACA_0015_Circ95_Sol1.25 Simulation 3.13;Blade_NACA_0015_Circ95_Sol1.25 Simulation 3.13;Blade_NACA_0015_Circ95_Sol1.25 Simulation 3.13;Blade_NACA_0015_Circ95_Sol1.25 Simulation 3.13;Blade_NACA_0015_Circ95_Sol1.25 Simulation 3.13;Blade_NACA_0015_Circ95_Sol1.25 Simulation 3.13;Blade_NACA_0015_Circ95_Sol1.25 Simulation 3.13;Blade_NACA_0015_Circ95_Sol1.25 Simulation 3.13;Blade_NACA_0015_Circ95_Sol1.25 Simulation 3.13;Blade_NACA_0015_Circ95_Sol1.25 Simulation 3.13;Blade_NACA_0015_Circ95_Sol1.25 Simulation 3.13;Blade_NACA_0015_Circ95_Sol1.25 Simulation 3.13;Blade_NACA_0015_Circ95_Sol1.25 Simulation 3.13;Blade_NACA_0015_Circ95_Sol1.25 Simulation 3.13;Blade_NACA_0015_Circ95_Sol1.25 Simulation 3.13;Blade_NACA_0015_Circ95_Sol1.25 Simulation 3.13;Blade_NACA_0015_Circ95_Sol1.25 Simulation 3.13;Blade_NACA_0015_Circ95_Sol1.25 Simulation 3.13;Blade_NACA_0015_Circ95_Sol1.25 Simulation 3.13;Blade_NACA_0015_Circ95_Sol1.25 Simulation 3.13;Blade_NACA_0015_Circ95_Sol1.25 Simulation 3.13;Blade_NACA_0015_Circ95_Sol1.25 Simulation 3.13;Blade_NACA_0015_Circ95_Sol1.25 Simulation 3.13;Blade_NACA_0015_Circ95_Sol1.25 Simulation 3.13;Blade_NACA_0015_Circ95_Sol1.25 Simulation 3.13;Blade_NACA_0015_Circ95_Sol1.25 Simulation 3.13;Blade_NACA_0015_Circ95_Sol1.25 Simulation 3.13;Blade_NACA_0015_Circ95_Sol1.25 Simulation 3.13;Blade_NACA_0015_Circ95_Sol1.25 Simulation 3.13;Blade_NACA_0015_Circ95_Sol1.25 Simulation 3.13;Blade_NACA_0015_Circ95_Sol1.25 Simulation 3.13;Blade_NACA_0015_Circ95_Sol1.25 Simulation 3.13;Blade_NACA_0015_Circ95_Sol1.25 Simulation 3.13;Blade_NACA_0015_Circ95_Sol1.25 Simulation 3.13;Blade_NACA_0015_Circ95_Sol1.25 Simulation 3.13;Blade_NACA_0015_Circ95_Sol1.25 Simulation 3.13;Blade_NACA_0015_Circ95_Sol1.25 Simulation 3.13;Blade_NACA_0015_Circ95_Sol1.25 Simulation 3.13;Blade_NACA_0015_Circ95_Sol1.25 Simulation 3.13;Blade_NACA_0015_Circ95_Sol1.25 Simulation 3.13;Blade_NACA_0015_Circ95_Sol1.25 Simulation 3.13;Blade_NACA_0015_Circ95_Sol1.25 Simulation 3.13;Blade_NACA_0015_Circ95_Sol1.25 Simulation 3.13;Blade_NACA_0015_Circ95_Sol1.25 Simulation 3.13;Blade_NACA_0015_Circ95_Sol1.25 Simulation 3.13;Blade_NACA_0015_Circ95_Sol1.25 Simulation 3.13;Blade_NACA_0015_Circ95_Sol1.25 Simulation 3.13;Blade_NACA_0015_Circ95_Sol1.25 Simulation 3.13;Blade_NACA_0015_Circ95_Sol1.25 Simulation 3.13;Blade_NACA_0015_Circ95_Sol1.25 Simulation 3.13;Blade_NACA_0015_Circ95_Sol1.25 Simulation 3.13;Blade_NACA_0015_Circ95_Sol1.25 Simulation 3.13;Blade_NACA_0015_Circ95_Sol1.25 Simulation 3.13;Blade_NACA_0015_Circ95_Sol1.25 Simulation 3.13;Blade_NACA_0015_Circ95_Sol1.25 Simulation 3.13;Blade_NACA_0015_Circ95_Sol1.25 Simulation 3.13;Blade_NACA_0015_Circ95_Sol1.25 Simulation 3.13;Blade_NACA_0015_Circ95_Sol1.25 Simulation 3.13;Blade_NACA_0015_Circ95_Sol1.25 Simulation 3.13;Blade_NACA_0015_Circ95_Sol1.25 Simulation 3.13;Blade_NACA_0015_Circ95_Sol1.25 Simulation 3.13;Blade_NACA_0015_Circ95_Sol1.25 Simulation 3.13;Blade_NACA_0015_Circ95_Sol1.25 Simulation 3.13;Blade_NACA_0015_Circ95_Sol1.25 Simulation 3.13;Blade_NACA_0015_Circ95_Sol1.25 Simulation 3.13;Blade_NACA_0015_Circ95_Sol1.25 Simulation 3.13;Blade_NACA_0015_Circ95_Sol1.25 Simulation 3.13;Blade_NACA_0015_Circ95_Sol1.25 Simulation 3.13;Blade_NACA_0015_Circ95_Sol1.25 Simulation 3.13;Blade_NACA_0015_Circ95_Sol1.25 Simulation 3.13;Blade_NACA_0015_Circ95_Sol1.25 Simulation 3.13;Blade_NACA_0015_Circ95_Sol1.25 Simulation 3.13;Blade_NACA_0015_Circ95_Sol1.25 Simulation 3.13;Blade_NACA_0015_Circ95_Sol1.25 Simulation 3.13;Blade_NACA_0015_Circ95_Sol1.25 Simulation 3.13;Blade_NACA_0015_Circ95_Sol1.25 Simulation 3.13;Blade_NACA_0015_Circ95_Sol1.25 Simulation 3.13;Blade_NACA_0015_Circ95_Sol1.25 Simulation 3.13;Blade_NACA_0015_Circ95_Sol1.25 Simulation 3.13;Blade_NACA_0015_Circ95_Sol1.25 Simulation 3.13;Blade_NACA_0015_Circ95_Sol1.25 Simulation 3.13;Blade_NACA_0015_Circ95_Sol1.25 Simulation 3.13;Blade_NACA_0015_Circ95_Sol1.25 Simulation 3.13;Blade_NACA_0015_Circ95_Sol1.25 Simulation 3.13;Blade_NACA_0015_Circ95_Sol1.25 Simulation 3.13;Blade_NACA_0015_Circ95_Sol1.25 Simulation 3.13;Blade_NACA_0015_Circ95_Sol1.25 Simulation 3.13;Blade_NACA_0015_Circ95_Sol1.25 Simulation 3.13;Blade_NACA_0015_Circ95_Sol1.25 Simulation 3.13;Blade_NACA_0015_Circ95_Sol1.25 Simulation 3.13;Blade_NACA_0015_Circ95_Sol1.25 Simulation 3.13;Blade_NACA_0015_Circ95_Sol1.25 Simulation 3.13;Blade_NACA_0015_Circ95_Sol1.25 Simulation 3.13;Blade_NACA_0015_Circ95_Sol1.25 Simulation 3.13;Blade_NACA_0015_Circ95_Sol1.25 Simulation 3.13;Blade_NACA_0015_Circ95_Sol1.25 Simulation 3.13;Blade_NACA_0015_Circ95_Sol1.25 Simulation 3.13;Blade_NACA_0015_Circ95_Sol1.25 Simulation 3.13;Blade_NACA_0015_Circ95_Sol1.25 Simulation 3.13;Blade_NACA_0015_Circ95_Sol1.25 Simulation 3.13;Blade_NACA_0015_Circ95_Sol1.25 Simulation 3.13;Blade_NACA_0015_Circ95_Sol1.25 Simulation 3.13;Blade_NACA_0015_Circ95_Sol1.25 Simulation 3.13;Blade_NACA_0015_Circ95_Sol1.25 Simulation 3.13;Blade_NACA_0015_Circ95_Sol1.25 Simulation 3.13;Blade_NACA_0015_Circ95_Sol1.25 Simulation 3.13;Blade_NACA_0015_Circ95_Sol1.25 Simulation 3.13;Blade_NACA_0015_Circ95_Sol1.25 Simulation 3.13;Blade_NACA_0015_Circ95_Sol1.25 Simulation 3.13;Blade_NACA_0015_Circ95_Sol1.25 Simulation 3.13;Blade_NACA_0015_Circ95_Sol1.25 Simulation 3.13;Blade_NACA_0015_Circ95_Sol1.25 Simulation 3.13;Blade_NACA_0015_Circ95_Sol1.25 Simulation 3.13;Blade_NACA_0015_Circ95_Sol1.25 Simulation 3.13;Blade_NACA_0015_Circ95_Sol1.25 Simulation 3.13;Blade_NACA_0015_Circ95_Sol1.25 Simulation 3.13;Blade_NACA_0015_Circ95_Sol1.25 Simulation 3.13;Blade_NACA_0015_Circ95_Sol1.25 Simulation 3.13;Blade_NACA_0015_Circ95_Sol1.25 Simulation 3.13;Blade_NACA_0015_Circ95_Sol1.25 Simulation 3.13;Blade_NACA_0015_Circ95_Sol1.25 Simulation 3.13;Blade_NACA_0015_Circ95_Sol1.25 Simulation 3.13;Blade_NACA_0015_Circ95_Sol1.25 Simulation 3.13;Blade_NACA_0015_Circ95_Sol1.25 Simulation 3.13;Blade_NACA_0015_Circ95_Sol1.25 Simulation 3.13;Blade_NACA_0015_Circ95_Sol1.25 Simulation 3.13;Blade_NACA_0015_Circ95_Sol1.25 Simulation 3.13;Blade_NACA_0015_Circ95_Sol1.25 Simulation 3.13;Blade_NACA_0015_Circ95_Sol1.25 Simulation 3.13;Blade_NACA_0015_Circ95_Sol1.25 Simulation 3.13;Blade_NACA_0015_Circ95_Sol1.25 Simulation 3.13;Blade_NACA_0015_Circ95_Sol1.25 Simulation 3.13;Blade_NACA_0015_Circ95_Sol1.25 Simulation 3.13;Blade_NACA_0015_Circ95_Sol1.25 Simulation 3.13;Blade_NACA_0015_Circ95_Sol1.25 Simulation 3.13;Blade_NACA_0015_Circ95_Sol1.25 Simulation 3.13;Blade_NACA_0015_Circ95_Sol1.25 Simulation 3.13;Blade_NACA_0015_Circ95_Sol1.25 Simulation 3.13;Blade_NACA_0015_Circ95_Sol1.25 Simulation 3.13;Blade_NACA_0015_Circ95_Sol1.25 Simulation 3.13;Blade_NACA_0015_Circ95_Sol1.25 Simulation 3.13;Blade_NACA_0015_Circ95_Sol1.25 Simulation 3.13;Blade_NACA_0015_Circ95_Sol1.25 Simulation 3.13;Blade_NACA_0015_Circ95_Sol1.25 Simulation 3.13;Blade_NACA_0015_Circ95_Sol1.25 Simulation 3.13;Blade_NACA_0015_Circ95_Sol1.25 Simulation 3.13;Blade_NACA_0015_Circ95_Sol1.25 Simulation 3.13;Blade_NACA_0015_Circ95_Sol1.25 Simulation 3.13;Blade_NACA_0015_Circ95_Sol1.25 Simulation 3.13;Blade_NACA_0015_Circ95_Sol1.25 Simulation 3.13;Blade_NACA_0015_Circ95_Sol1.25 Simulation 3.13;Blade_NACA_0015_Circ95_Sol1.25 Simulation 3.13;Blade_NACA_0015_Circ95_Sol1.25 Simulation 3.13;Blade_NACA_0015_Circ95_Sol1.25 Simulation 3.13;Blade_NACA_0015_Circ95_Sol1.25 Simulation 3.13;Blade_NACA_0015_Circ95_Sol1.25 Simulation 3.13;Blade_NACA_0015_Circ95_Sol1.25 Simulation 3.13;Blade_NACA_0015_Circ95_Sol1.25 Simulation 3.13;Blade_NACA_0015_Circ95_Sol1.25 Simulation 3.13;Blade_NACA_0015_Circ95_Sol1.25 Simulation 3.13;Blade_NACA_0015_Circ95_Sol1.25 Simulation 3.13;Blade_NACA_0015_Circ95_Sol1.25 Simulation 3.13;Blade_NACA_0015_Circ95_Sol1.25 Simulation 3.13;Blade_NACA_0015_Circ95_Sol1.25 Simulation 3.13;Blade_NACA_0015_Circ95_Sol1.25 Simulation 3.13;Blade_NACA_0015_Circ95_Sol1.25 Simulation 3.13;Blade_NACA_0015_Circ95_Sol1.25 Simulation 3.13;Blade_NACA_0015_Circ95_Sol1.25 Simulation 3.13;Blade_NACA_0015_Circ95_Sol1.25 Simulation 3.13;Blade_NACA_0015_Circ95_Sol1.25 Simulation 3.13;Blade_NACA_0015_Circ95_Sol1.25 Simulation 3.13;Blade_NACA_0015_Circ95_Sol1.25 Simulation 3.13;Blade_NACA_0015_Circ95_Sol1.25 Simulation 3.13;Blade_NACA_0015_Circ95_Sol1.25 Simulation 3.13;Blade_NACA_0015_Circ95_Sol1.25 Simulation 3.13;Blade_NACA_0015_Circ95_Sol1.25 Simulation 3.13;Blade_NACA_0015_Circ95_Sol1.25 Simulation 3.13;Blade_NACA_0015_Circ95_Sol1.25 Simulation 3.13;Blade_NACA_0015_Circ95_Sol1.25 Simulation 3.13;Blade_NACA_0015_Circ95_Sol1.25 Simulation 3.13;Blade_NACA_0015_Circ95_Sol1.25 Simulation 3.13;Blade_NACA_0015_Circ95_Sol1.25 Simulation 3.13;Blade_NACA_0015_Circ95_Sol1.25 Simulation 3.13;Blade_NACA_0015_Circ95_Sol1.25 Simulation 3.13;Blade_NACA_0015_Circ95_Sol1.25 Simulation 3.13;Blade_NACA_0015_Circ95_Sol1.25 Simulation 3.13;Blade_NACA_0015_Circ95_Sol1.25 Simulation 3.13;Blade_NACA_0015_Circ95_Sol1.25 Simulation 3.13;Blade_NACA_0015_Circ95_Sol1.25 Simulation 3.13;Blade_NACA_0015_Circ95_Sol1.25 Simulation 3.13;Blade_NACA_0015_Circ95_Sol1.25 Simulation 3.13;Blade_NACA_0015_Circ95_Sol1.25 Simulation 3.13;Blade_NACA_0015_Circ95_Sol1.25 Simulation 3.13;Blade_NACA_0015_Circ95_Sol1.25 Simulation 3.13;Blade_NACA_0015_Circ95_Sol1.25 Simulation 3.13;Blade_NACA_0015_Circ95_Sol1.25 Simulation 3.13;Blade_NACA_0015_Circ95_Sol1.25 Simulation 3.13;Blade_NACA_0015_Circ95_Sol1.25 Simulation 3.13;Blade_NACA_0015_Circ95_Sol1.25 Simulation 3.13;Blade_NACA_0015_Circ95_Sol1.25 Simulation 3.13;Blade_NACA_0015_Circ95_Sol1.25 Simulation 3.13;Blade_NACA_0015_Circ95_Sol1.25 Simulation 3.13;Blade_NACA_0015_Circ95_Sol1.25 Simulation 3.13;Blade_NACA_0015_Circ95_Sol1.25 Simulation 3.13;Blade_NACA_0015_Circ95_Sol1.25 Simulation 3.13;Blade_NACA_0015_Circ95_Sol1.25 Simulation 3.13;Blade_NACA_0015_Circ95_Sol1.25 Simulation 3.13;Blade_NACA_0015_Circ95_Sol1.25 Simulation 3.13;Blade_NACA_0015_Circ95_Sol1.25 Simulation 3.13;Blade_NACA_0015_Circ95_Sol1.25 Simulation 3.13;Blade_NACA_0015_Circ95_Sol1.25 Simulation 3.13;Blade_NACA_0015_Circ95_Sol1.25 Simulation 3.13;Blade_NACA_0015_Circ95_Sol1.25 Simulation 3.13;Blade_NACA_0015_Circ95_Sol1.25 Simulation 3.13;Blade_NACA_0015_Circ95_Sol1.25 Simulation 3.13;Blade_NACA_0015_Circ95_Sol1.25 Simulation 3.13;Blade_NACA_0015_Circ95_Sol1.25 Simulation 3.13;Blade_NACA_0015_Circ95_Sol1.25 Simulation 3.13;Blade_NACA_0015_Circ95_Sol1.25 Simulation 3.13;Blade_NACA_0015_Circ95_Sol1.25 Simulation 3.13;Blade_NACA_0015_Circ95_Sol1.25 Simulation 3.13;Blade_NACA_0015_Circ95_Sol1.25 Simulation 3.13;Blade_NACA_0015_Circ95_Sol1.25 Simulation 3.13;Blade_NACA_0015_Circ95_Sol1.25 Simulation 3.13;Blade_NACA_0015_Circ95_Sol1.25 Simulation 3.13;Blade_NACA_0015_Circ95_Sol1.25 Simulation 3.13;Blade_NACA_0015_Circ95_Sol1.25 Simulation 3.13;Blade_NACA_0015_Circ95_Sol1.25 Simulation 3.13;Blade_NACA_0015_Circ95_Sol1.25 Simulation 3.13;Blade_NACA_0015_Circ95_Sol1.25 Simulation 3.13;Blade_NACA_0015_Circ95_Sol1.25 Simulation 3.13;Blade_NACA_0015_Circ95_Sol1.25 Simulation 3.13;Blade_NACA_0015_Circ95_Sol1.25 Simulation 3.13;Blade_NACA_0015_Circ95_Sol1.25 Simulation 3.13;Blade_NACA_0015_Circ95_Sol1.25 Simulation 3.13;Blade_NACA_0015_Circ95_Sol1.25 Simulation 3.13;Blade_NACA_0015_Circ95_Sol1.25 Simulation 3.13;Blade_NACA_0015_Circ95_Sol1.25 Simulation 3.13;Blade_NACA_0015_Circ95_Sol1.25 Simulation 3.13;Blade_NACA_0015_Circ95_Sol1.25 Simulation 3.13;Blade_NACA_0015_Circ95_Sol1.25 Simulation 3.13;Blade_NACA_0015_Circ95_Sol1.25 Simulation 3.13;Blade_NACA_0015_Circ95_Sol1.25 Simulation 3.13;Blade_NACA_0015_Circ95_Sol1.25 Simulation 3.13;Blade_NACA_0015_Circ95_Sol1.25 Simulation 3.13;Blade_NACA_0015_Circ95_Sol1.25 Simulation 3.13;Blade_NACA_0015_Circ95_Sol1.25 Simulation 3.13;Blade_NACA_0015_Circ95_Sol1.25 Simulation 3.13;Blade_NACA_0015_Circ95_Sol1.25 Simulation 3.13;Blade_NACA_0015_Circ95_Sol1.25 Simulation 3.13;Blade_NACA_0015_Circ95_Sol1.25 Simulation 3.13;Blade_NACA_0015_Circ95_Sol1.25 Simulation 3.13;Blade_NACA_0015_Circ95_Sol1.25 Simulation 3.13;Blade_NACA_0015_Circ95_Sol1.25 Simulation 3.13;Blade_NACA_0015_Circ95_Sol1.25 Simulation 3.13;Blade_NACA_0015_Circ95_Sol1.25 Simulation 3.13;Blade_NACA_0015_Circ95_Sol1.25 Simulation 3.13;Blade_NACA_0015_Circ95_Sol1.25 Simulation 3.13;Blade_NACA_0015_Circ95_Sol1.25 Simulation 3.13;Blade_NACA_0015_Circ95_Sol1.25 Simulation 3.13;Blade_NACA_0015_Circ95_Sol1.25 Simulation 3.13;Blade_NACA_0015_Circ95_Sol1.25 Simulation 3.13;Blade_NACA_0015_Circ95_Sol1.25 Simulation 3.13;Blade_NACA_0015_Circ95_Sol1.25 Simulation 3.13;Blade_NACA_0015_Circ95_Sol1.25 Simulation 3.13;Blade_NACA_0015_Circ95_Sol1.25 Simulation 3.13;Blade_NACA_0015_Circ95_Sol1.25 Simulation 3.13;Blade_NACA_0015_Circ95_Sol1.25 Simulation 3.13;Blade_NACA_0015_Circ95_Sol1.25 Simulation 3.13;Blade_NACA_0015_Circ95_Sol1.25 Simulation 3.13;Blade_NACA_0015_Circ95_Sol1.25 Simulation 3.13;Blade_NACA_0015_Circ95_Sol1.25 Simulation 3.13;Blade_NACA_0015_Circ95_Sol1.25 Simulation 3.13;Blade_NACA_0015_Circ95_Sol1.25 Simulation 3.13;Blade_NACA_0015_Circ95_Sol1.25 Simulation 3.13;Blade_NACA_0015_Circ95_Sol1.25 Simulation 3.13;Blade_NACA_0015_Circ95_Sol1.25 Simulation 3.13;Blade_NACA_0015_Circ95_Sol1.25 Simulation 3.13;Blade_NACA_0015_Circ95_Sol1.25 Simulation 3.13;Blade_NACA_0015_Circ95_Sol1.25 Simulation 3.13;Blade_NACA_0015_Circ95_Sol1.25 Simulation 3.13;Blade_NACA_0015_Circ95_Sol1.25 Simulation 3.13;Blade_NACA_0015_Circ95_Sol1.25 Simulation 3.13;Blade_NACA_0015_Circ95_Sol1.25 Simulation 3.13;Blade_NACA_0015_Circ95_Sol1.25 Simulation 3.13;Blade_NACA_0015_Circ95_Sol1.25 Simulation 3.13;Blade_NACA_0015_Circ95_Sol1.25 Simulation 3.13;Blade_NACA_0015_Circ95_Sol1.25 Simulation 3.13;Blade_NACA_0015_Circ95_Sol1.25 Simulation 3.13;Blade_NACA_0015_Circ95_Sol1.25 Simulation 3.13;Blade_NACA_0015_Circ95_Sol1.25 Simulation 3.13;Blade_NACA_0015_Circ95_Sol1.25 Simulation 3.13;Blade_NACA_0015_Circ95_Sol1.25 Simulation 3.13;Blade_NACA_0015_Circ95_Sol1.25 Simulation 3.13;Blade_NACA_0015_Circ95_Sol1.25 Simulation 3.13;Blade_NACA_0015_Circ95_Sol1.25 Simulation 3.13;Blade_NACA_0015_Circ95_Sol1.25 Simulation 3.13;Blade_NACA_0015_Circ95_Sol1.25 Simulation 3.13;Blade_NACA_0015_Circ95_Sol1.25 Simulation 3.13;Blade_NACA_0015_Circ95_Sol1.25 Simulation 3.13;Blade_NACA_0015_Circ95_Sol1.25 Simulation 3.13;Blade_NACA_0015_Circ95_Sol1.25 Simulation 3.13;Blade_NACA_0015_Circ95_Sol1.25 Simulation 3.13;Blade_NACA_0015_Circ95_Sol1.25 Simulation 3.13;Blade_NACA_0015_Circ95_Sol1.25 Simulation 3.13;Blade_NACA_0015_Circ95_Sol1.25 Simulation 3.13;Blade_NACA_0015_Circ95_Sol1.25 Simulation 3.13;Blade_NACA_0015_Circ95_Sol1.25 Simulation 3.13;Blade_NACA_0015_Circ95_Sol1.25 Simulation 3.13;Blade_NACA_0015_Circ95_Sol1.25 Simulation 3.13;Blade_NACA_0015_Circ95_Sol1.25 Simulation 3.13;Blade_NACA_0015_Circ95_Sol1.25 Simulation 3.13;Blade_NACA_0015_Circ95_Sol1.25 Simulation 3.13;Blade_NACA_0015_Circ95_Sol1.25 Simulation 3.13;Blade_NACA_0015_Circ95_Sol1.25 Simulation 3.13;Blade_NACA_0015_Circ95_Sol1.25 Simulation 3.13;Blade_NACA_0015_Circ95_Sol1.25 Simulation 3.13;Blade_NACA_0015_Circ95_Sol1.25 Simulation 3.13;Blade_NACA_0015_Circ95_Sol1.25 Simulation 3.13;Blade_NACA_0015_Circ95_Sol1.25 Simulation 3.13;Blade_NACA_0015_Circ95_Sol1.25 Simulation 3.13;Blade_NACA_0015_Circ95_Sol1.25 Simulation 3.13;Blade_NACA_0015_Circ95_Sol1.25 Simulation 3.13;Blade_NACA_0015_Circ95_Sol1.25 Simulation 3.13;Blade_NACA_0015_Circ95_Sol1.25 Simulation 3.13;Blade_NACA_0015_Circ95_Sol1.25 Simulation 3.13;Blade_NACA_0015_Circ95_Sol1.25 Simulation 3.13;Blade_NACA_0015_Circ95_Sol1.25 Simulation 3.13;Blade_NACA_0015_Circ95_Sol1.25 Simulation 3.13;Blade_NACA_0015_Circ95_Sol1.25 Simulation 3.13;Blade_NACA_0015_Circ95_Sol1.25 Simulation 3.13;Blade_NACA_0015_Circ95_Sol1.25 Simulation 3.13;Blade_NACA_0015_Circ95_Sol1.25 Simulation 3.13;Blade_NACA_0015_Circ95_Sol1.25 Simulation 3.13;Blade_NACA_0015_Circ95_Sol1.25 Simulation 3.13;Blade_NACA_0015_Circ95_Sol1.25 Simulation 3.13;Blade_NACA_0015_Circ95_Sol1.25 Simulation 3.13;Blade_NACA_0015_Circ95_Sol1.25 Simulation 3.13;Blade_NACA_0015_Circ95_Sol1.25 Simulation 3.13;Blade_NACA_0015_Circ95_Sol1.25 Simulation 3.13;Blade_NACA_0015_Circ95_Sol1.25 Simulation 3.13;Blade_NACA_0015_Circ95_Sol1.25 Simulation 3.13;Blade_NACA_0015_Circ95_Sol1.25 Simulation 3.13;Blade_NACA_0015_Circ95_Sol1.25 Simulation 3.13;Blade_NACA_0015_Circ95_Sol1.25 Simulation 3.13;Blade_NACA_0015_Circ95_Sol1.25 Simulation 3.13;Blade_NACA_0015_Circ95_Sol1.25 Simulation 3.13;Blade_NACA_0015_Circ95_Sol1.25 Simulation 3.13;Blade_NACA_0015_Circ95_Sol1.25 Simulation 3.13;Blade_NACA_0015_Circ95_Sol1.25 Simulation 3.13;Blade_NACA_0015_Circ95_Sol1.25 Simulation 3.13;Blade_NACA_0015_Circ95_Sol1.25 Simulation 3.13;Blade_NACA_0015_Circ95_Sol1.25 Simulation 3.13;Blade_NACA_0015_Circ95_Sol1.25 Simulation 3.13;Blade_NACA_0015_Circ95_Sol1.25 Simulation 3.13;Blade_NACA_0015_Circ95_Sol1.25 Simulation 3.13;Blade_NACA_0015_Circ95_Sol1.25 Simulation 3.13;Blade_NACA_0015_Circ95_Sol1.25 Simulation 3.13;Blade_NACA_0015_Circ95_Sol1.25 Simulation 3.13;Blade_NACA_0015_Circ95_Sol1.25 Simulation 3.13;Blade_NACA_0015_Circ95_Sol1.25 Simulation 3.13;Blade_NACA_0015_Circ95_Sol1.25 Simulation 3.13;Blade_NACA_0015_Circ95_Sol1.25 Simulation 3.13;Blade_NACA_0015_Circ95_Sol1.25 Simulation 3.13;Blade_NACA_0015_Circ95_Sol1.25 Simulation 3.13;Blade_NACA_0015_Circ95_Sol1.25 Simulation 3.13;Blade_NACA_0015_Circ95_Sol1.25 Simulation 3.13;Blade_NACA_0015_Circ95_Sol1.25 Simulation 3.13;Blade_NACA_0015_Circ95_Sol1.25 Simulation 3.13;Blade_NACA_0015_Circ95_Sol1.25 Simulation 3.13;Blade_NACA_0015_Circ95_Sol1.25 Simulation 3.13;Blade_NACA_0015_Circ95_Sol1.25 Simulation 3.13;Blade_NACA_0015_Circ95_Sol1.25 Simulation 3.13;Blade_NACA_0015_Circ95_Sol1.25 Simulation 3.13;Blade_NACA_0015_Circ95_Sol1.25 Simulation 3.13;Blade_NACA_0015_Circ95_Sol1.25 Simulation 3.13;Blade_NACA_0015_Circ95_Sol1.25 Simulation 3.13;Blade_NACA_0015_Circ95_Sol1.25 Simulation 3.13;Blade_NACA_0015_Circ95_Sol1.25 Simulation 3.13;Blade_NACA_0015_Circ95_Sol1.25 Simulation 3.13;Blade_NACA_0015_Circ95_Sol1.25 Simulation 3.13;Blade_NACA_0015_Circ95_Sol1.25 Simulation 3.13;Blade_NACA_0015_Circ95_Sol1.25 Simulation 3.13;Blade_NACA_0015_Circ95_Sol1.25 Simulation 3.13;Blade_NACA_0015_Circ95_Sol1.25 Simulation 3.13;Blade_NACA_0015_Circ95_Sol1.25 Simulation 3.13;Blade_NACA_0015_Circ95_Sol1.25 Simulation 3.13;Blade_NACA_0015_Circ95_Sol1.25 Simulation 3.13;Blade_NACA_0015_Circ95_Sol1.25 Simulation 3.13;Blade_NACA_0015_Circ95_Sol1.25 Simulation 3.13;Blade_NACA_0015_Circ95_Sol1.25 Simulation 3.13;Blade_NACA_0015_Circ95_Sol1.25 Simulation 3.13;Blade_NACA_0015_Circ95_Sol1.25 Simulation 3.13;Blade_NACA_0015_Circ95_Sol1.25 Simulation 3.13;Blade_NACA_0015_Circ95_Sol1.25 Simulation 3.13;Blade_NACA_0015_Circ95_Sol1.25 Simulation 3.13;Blade_NACA_0015_Circ95_Sol1.25 Simulation 3.13;Blade_NACA_0015_Circ95_Sol1.25 Simulation 3.13;Blade_NACA_0015_Circ95_Sol1.25 Simulation 3.13;Blade_NACA_0015_Circ95_Sol1.25 Simulation 3.13;Blade_NACA_0015_Circ95_Sol1.25 Simulation 3.13;Blade_NACA_0015_Circ95_Sol1.25 Simulation 3.13;Blade_NACA_0015_Circ95_Sol1.25 Simulation 3.13;Blade_NACA_0015_Circ95_Sol1.25 Simulation 3.13;Blade_NACA_0015_Circ95_Sol1.25 Simulation 3.13;Blade_NACA_0015_Circ95_Sol1.25 Simulation 3.13;Blade_NACA_0015_Circ95_Sol1.25 Simulation 3.13;Blade_NACA_0015_Circ95_Sol1.25 Simulation 3.13;Blade_NACA_0015_Circ95_Sol1.25 Simulation 3.13;Blade_NACA_0015_Circ95_Sol1.25 Simulation 3.13;Blade_NACA_0015_Circ95_Sol1.25 Simulation 3.13;Blade_NACA_0015_Circ95_Sol1.25 Simulation 3.13;Blade_NACA_0015_Circ95_Sol1.25 Simulation 3.13;Blade_NACA_0015_Circ95_Sol1.25 Simulation 3.13;Blade_NACA_0015_Circ95_Sol1.25 Simulation 3.13;Blade_NACA_0015_Circ95_Sol1.25 Simulation 3.13;Blade_NACA_0015_Circ95_Sol1.25 Simulation 3.13;Blade_NACA_0015_Circ95_Sol1.25 Simulation 3.13;Blade_NACA_0015_Circ95_Sol1.25 Simulation 3.13;Blade_NACA_0015_Circ95_Sol1.25 Simulation 3.13;Blade_NACA_0015_Circ95_Sol1.25 Simulation 3.13;Blade_NACA_0015_Circ95_Sol1.25 Simulation 3.13;Blade_NACA_0015_Circ95_Sol1.25 Simulation 3.13;Blade_NACA_0015_Circ95_Sol1.25 Simulation 3.13;Blade_NACA_0015_Circ95_Sol1.25 Simulation 3.13;Blade_NACA_0015_Circ95_Sol1.25 Simulation 3.13;Blade_NACA_0015_Circ95_Sol1.25 Simulation 3.13;Blade_NACA_0015_Circ95_Sol1.25 Simulation 3.13;Blade_NACA_0015_Circ95_Sol1.25 Simulation 3.13;Blade_NACA_0015_Circ95_Sol1.25 Simulation 3.13;Blade_NACA_0015_Circ95_Sol1.25 Simulation 3.13;Blade_NACA_0015_Circ95_Sol1.25 Simulation 3.13;Blade_NACA_0015_Circ95_Sol1.25 Simulation 3.13;Blade_NACA_0015_Circ95_Sol1.25 Simulation 3.13;Blade_NACA_0015_Circ95_Sol1.25 Simulation 3.13;Blade_NACA_0015_Circ95_Sol1.25 Simulation 3.13;Blade_NACA_0015_Circ95_Sol1.25 Simulation 3.13;Blade_NACA_0015_Circ95_Sol1.25 Simulation 3.13;Blade_NACA_0015_Circ95_Sol1.25 Simulation 3.13;Blade_NACA_0015_Circ95_Sol1.25 Simulation 3.13;Blade_NACA_0015_Circ95_Sol1.25 Simulation 3.13;Blade_NACA_0015_Circ95_Sol1.25 Simulation 3.13;Blade_NACA_0015_Circ95_Sol1.25 Simulation 3.13;Blade_NACA_0015_Circ95_Sol1.25 Simulation 3.13;Blade_NACA_0015_Circ95_Sol1.25 Simulation 3.13;Blade_NACA_0015_Circ95_Sol1.25 Simulation 3.13;Blade_NACA_0015_Circ95_Sol1.25 Simulation 3.13;Blade_NACA_0015_Circ95_Sol1.25 Simulation 3.13;Blade_NACA_0015_Circ95_Sol1.25 Simulation 3.13;Blade_NACA_0015_Circ95_Sol1.25 Simulation 3.13;Blade_NACA_0015_Circ95_Sol1.25 Simulation 3.13;Blade_NACA_0015_Circ95_Sol1.25 Simulation 3.13;Blade_NACA_0015_Circ95_Sol1.25 Simulation 3.13;Blade_NACA_0015_Circ95_Sol1.25 Simulation 3.13;Blade_NACA_0015_Circ95_Sol1.25 Simulation 3.13;Blade_NACA_0015_Circ95_Sol1.25 Simulation 3.13;Blade_NACA_0015_Circ95_Sol1.25 Simulation 3.13;Blade_NACA_0015_Circ95_Sol1.25 Simulation 3.13;Blade_NACA_0015_Circ95_Sol1.25 Simulation 3.13;Blade_NACA_0015_Circ95_Sol1.25 Simulation 3.13;Blade_NACA_0015_Circ95_Sol1.25 Simulation 3.13;Blade_NACA_0015_Circ95_Sol1.25 Simulation 3.13;Blade_NACA_0015_Circ95_Sol1.25 Simulation 3.13;Blade_NACA_0015_Circ95_Sol1.25 Simulation 3.13;Blade_NACA_0015_Circ95_Sol1.25 Simulation 3.13;Blade_NACA_0015_Circ95_Sol1.25 Simulation 3.13;Blade_NACA_0015_Circ95_Sol1.25 Simulation 3.13;Blade_NACA_0015_Circ95_Sol1.25 Simulation 3.13;Blade_NACA_0015_Circ95_Sol1.25 Simulation 3.13;Blade_NACA_0015_Circ95_Sol1.25 Simulation 3.13;Blade_NACA_0015_Circ95_Sol1.25 Simulation 3.13;Blade_NACA_0015_Circ95_Sol1.25 Simulation 3.13;Blade_NACA_0015_Circ95_Sol1.25 Simulation 3.13;Blade_NACA_0015_Circ95_Sol1.25 Simulation 3.13;Blade_NACA_0015_Circ95_Sol1.25 Simulation 3.13;Blade_NACA_0015_Circ95_Sol1.25 Simulation 3.13;Blade_NACA_0015_Circ95_Sol1.25 Simulation 3.13;Blade_NACA_0015_Circ95_Sol1.25 Simulation 3.13;Blade_NACA_0015_Circ95_Sol1.25 Simulation 3.13;Blade_NACA_0015_Circ95_Sol1.25 Simulation 3.13;Blade_NACA_0015_Circ95_Sol1.25 Simulation 3.13;Blade_NACA_0015_Circ95_Sol1.25 Simulation 3.13;Blade_NACA_0015_Circ95_Sol1.25 Simulation 3.13;Blade_NACA_0015_Circ95_Sol1.25 Simulation 3.13;Blade_NACA_0015_Circ95_Sol1.25 Simulation 3.13;Blade_NACA_0015_Circ95_Sol1.25 Simulation 3.13;Blade_NACA_0015_Circ95_Sol1.25 Simulation 3.13;Blade_NACA_0015_Circ95_Sol1.25 Simulation 3.13;Blade_NACA_0015_Circ95_Sol1.25 Simulation 3.13;Blade_NACA_0015_Circ95_Sol1.25 Simulation 3.13;Blade_NACA_0015_Circ95_Sol1.25 Simulation 3.13;Blade_NACA_0015_Circ95_Sol1.25 Simulation 3.13;Blade_NACA_0015_Circ95_Sol1.25 Simulation 3.13;Blade_NACA_0015_Circ95_Sol1.25 Simulation 3.13;Blade_NACA_0015_Circ95_Sol1.25 Simulation 3.13;Blade_NACA_0015_Circ95_Sol1.25 Simulation 3.13;Blade_NACA_0015_Circ95_Sol1.25 Simulation 3.13;Blade_NACA_0015_Circ95_Sol1.25 Simulation 3.13;Blade_NACA_0015_Circ95_Sol1.25 Simulation 3.13;Blade_NACA_0015_Circ95_Sol1.25 Simulation 3.13;Blade_NACA_0015_Circ95_Sol1.25 Simulation 3.13;Blade_NACA_0015_Circ95_Sol1.25 Simulation 3.13;Blade_NACA_0015_Circ95_Sol1.25 Simulation 3.13;Blade_NACA_0015_Circ95_Sol1.25 Simulation 3.13;Blade_NACA_0015_Circ95_Sol1.25 Simulation 3.13;Blade_NACA_0015_Circ95_Sol1.25 Simulation 3.13;Blade_NACA_0015_Circ95_Sol1.25 Simulation 3.13;Blade_NACA_0015_Circ95_Sol1.25 Simulation 3.13;Blade_NACA_0015_Circ95_Sol1.25 Simulation 3.13;Blade_NACA_0015_Circ95_Sol1.25 Simulation 3.13;Blade_NACA_0015_Circ95_Sol1.25 Simulation 3.13;Blade_NACA_0015_Circ95_Sol1.25 Simulation 3.13;Blade_NACA_0015_Circ95_Sol1.25 Simulation 3.13;Blade_NACA_0015_Circ95_Sol1.25 Simulation 3.13;Blade_NACA_0015_Circ95_Sol1.25 Simulation 3.13;Blade_NACA_0015_Circ95_Sol1.25 Simulation 3.13;Blade_NACA_0015_Circ95_Sol1.25 Simulation 3.13;Blade_NACA_0015_Circ95_Sol1.25 Simulation 3.13;Blade_NACA_0015_Circ95_Sol1.25 Simulation 3.13;Blade_NACA_0015_Circ95_Sol1.25 Simulation 3.13;Blade_NACA_0015_Circ95_Sol1.25 Simulation 3.13;Blade_NACA_0015_Circ95_Sol1.25 Simulation 3.13;Blade_NACA_0015_Circ95_Sol1.25 Simulation 3.13;Blade_NACA_0015_Circ95_Sol1.25 Simulation 3.13;Blade_NACA_0015_Circ95_Sol1.25 Simulation 3.13;Blade_NACA_0015_Circ95_Sol1.25 Simulation 3.13;Blade_NACA_0015_Circ95_Sol1.25 Simulation 3.13;Blade_NACA_0015_Circ95_Sol1.25 Simulation 3.13;Blade_NACA_0015_Circ95_Sol1.25 Simulation 3.13;Blade_NACA_0015_Circ95_Sol1.25 Simulation 3.13;Blade_NACA_0015_Circ95_Sol1.25 Simulation 3.13;Blade_NACA_0015_Circ95_Sol1.25 Simulation 3.13;Blade_NACA_0015_Circ95_Sol1.25 Simulation 3.13;Blade_NACA_0015_Circ95_Sol1.25 Simulation 3.13;Blade_NACA_0015_Circ95_Sol1.25 Simulation 3.13;Blade_NACA_0015_Circ95_Sol1.25 Simulation 3.13;Blade_NACA_0015_Circ95_Sol1.25 Simulation 3.13;Blade_NACA_0015_Circ95_Sol1.25 Simulation 3.13;Blade_NACA_0015_Circ95_Sol1.25 Simulation 3.13;Blade_NACA_0015_Circ95_Sol1.25 Simulation 3.13;Blade_NACA_0015_Circ95_Sol1.25 Simulation 3.13;Blade_NACA_0015_Circ95_Sol1.25 Simulation 3.13;Blade_NACA_0015_Circ95_Sol1.25 Simulation 3.13;Blade_NACA_0015_Circ95_Sol1.25 Simulation 3.13;Blade_NACA_0015_Circ95_Sol1.25 Simulation 3.13;Blade_NACA_0015_Circ95_Sol1.25 Simulation 3.13;Blade_NACA_0015_Circ95_Sol1.25 Simulation 3.13;Blade_NACA_0015_Circ95_Sol1.25 Simulation 3.13;Blade_NACA_0015_Circ95_Sol1.25 Simulation 3.13;Blade_NACA_0015_Circ95_Sol1.25 Simulation 3.13;Blade_NACA_0015_Circ95_Sol1.25 Simulation 3.13;Blade_NACA_0015_Circ95_Sol1.25 Simulation 3.13;Blade_NACA_0015_Circ95_Sol1.25 Simulation 3.13;Blade_NACA_0015_Circ95_Sol1.25 Simulation 3.13;Blade_NACA_0015_Circ95_Sol1.25 Simulation 3.13;Blade_NACA_0015_Circ95_Sol1.25 Simulation 3.13;Blade_NACA_0015_Circ95_Sol1.25 Simulation 3.13;Blade_NACA_0015_Circ95_Sol1.25 Simulation 3.13;Blade_NACA_0015_Circ95_Sol1.25 Simulation 3.13;Blade_NACA_0015_Circ95_Sol1.25 Simulation 3.13;Blade_NACA_0015_Circ95_Sol1.25 Simulation 3.13;Blade_NACA_0015_Circ95_Sol1.25 Simulation 3.13;Blade_NACA_0015_Circ95_Sol1.25 Simulation 3.13;Blade_NACA_0015_Circ95_Sol1.25 Simulation 3.13;Blade_NACA_0015_Circ95_Sol1.25 Simulation 3.13;Blade_NACA_0015_Circ95_Sol1.25 Simulation 3.13;Blade_NACA_0015_Circ95_Sol1.25 Simulation 3.13;Blade_NACA_0015_Circ95_Sol1.25 Simulation 3.13;Blade_NACA_0015_Circ95_Sol1.25 Simulation 3.13;Blade_NACA_0015_Circ95_Sol1.25 Simulation 3.13;Blade_NACA_0015_Circ95_Sol1.25 Simulation 3.13;Blade_NACA_0015_Circ95_Sol1.25 Simulation 3.13;Blade_NACA_0015_Circ95_Sol1.25 Simulation 3.13;Blade_NACA_0015_Circ95_Sol1.25 Simulation 3.13;Blade_NACA_0015_Circ95_Sol1.25 Simulation 3.13;Blade_NACA_0015_Circ95_Sol1.25 Simulation 3.13;Blade_NACA_0015_Circ95_Sol1.25 Simulation 3.13;Blade_NACA_0015_Circ95_Sol1.25 Simulation 3.13;Blade_NACA_0015_Circ95_Sol1.25 Simulation 3.13;Blade_NACA_0015_Circ95_Sol1.25 Simulation 3.13;Blade_NACA_0015_Circ95_Sol1.25 Simulation 3.13;Blade_NACA_0015_Circ95_Sol1.25 Simulation 3.13;Blade_NACA_0015_Circ95_Sol1.25 Simulation 3.13;Blade_NACA_0015_Circ95_Sol1.25 Simulation 3.13;Blade_NACA_0015_Circ95_Sol1.25 Simulation 3.13;Blade_NACA_0015_Circ95_Sol1.25 Simulation 3.13;Blade_NACA_0015_Circ95_Sol1.25 Simulation 3.13;Blade_NACA_0015_Circ95_Sol1.25 Simulation 3.13;Blade_NACA_0015_Circ95_Sol1.25 Simulation 3.13;Blade_NACA_0015_Circ95_Sol1.25 Simulation 3.13;Blade_NACA_0015_Circ95_Sol1.25 Simulation 3.13;Blade_NACA_0015_Circ95_Sol1.25 Simulation 3.13;Blade_NACA_0015_Circ95_Sol1.25 Simulation 3.13;Blade_NACA_0015_Circ95_Sol1.25 Simulation 3.13;Blade_NACA_0015_Circ95_Sol1.25 Simulation 3.13;Blade_NACA_0015_Circ95_Sol1.25 Simulation 3.13;Blade_NACA_0015_Circ95_Sol1.25 Simulation 3.13;Blade_NACA_0015_Circ95_Sol1.25 Simulation 3.13;Blade_NACA_0015_Circ95_Sol1.25 Simulation 3.13;Blade_NACA_0015_Circ95_Sol1.25 Simulation 3.13;Blade_NACA_0015_Circ95_Sol1.25 Simulation 3.13;Blade_NACA_0015_Circ95_Sol1.25 Simulation 3.13;Blade_NACA_0015_Circ95_Sol1.25 Simulation 3.13;Blade_NACA_0015_Circ95_Sol1.25 Simulation 3.13;Blade_NACA_0015_Circ95_Sol1.25 Simulation 3.13;Blade_NACA_0015_Circ95_Sol1.25 Simulation 3.13;Blade_NACA_0015_Circ95_Sol1.25 Simulation 3.13;Blade_NACA_0015_Circ95_Sol1.25 Simulation 3.13;Blade_NACA_0015_Circ95_Sol1.25 Simulation 3.13;Blade_NACA_0015_Circ95_Sol1.25 Simulation 3.13;Blade_NACA_0015_Circ95_Sol1.25 Simulation 3.13;Blade_NACA_0015_Circ95_Sol1.25 Simulation 3.13;Blade_NACA_0015_Circ95_Sol1.25 Simulation 3.13;Blade_NACA_0015_Circ95_Sol1.25 Simulation 3.13;Blade_NACA_0015_Circ95_Sol1.25 Simulation 3.13;Blade_NACA_0015_Circ95_Sol1.25 Simulation 3.13;Blade_NACA_0015_Circ95_Sol1.25 Simulation 3.13;Blade_NACA_0015_Circ95_Sol1.25 Simulation 3.13;Blade_NACA_0015_Circ95_Sol1.25 Simulation 3.13;Blade_NACA_0015_Circ95_Sol1.25 Simulation 3.13;Blade_NACA_0015_Circ95_Sol1.25 Simulation 3.13;Blade_NACA_0015_Circ95_Sol1.25 Simulation 3.13;Blade_NACA_0015_Circ95_Sol1.25 Simulation 3.13;Blade_NACA_0015_Circ95_Sol1.25 Simulation 3.13;Blade_NACA_0015_Circ95_Sol1.25 Simulation 3.13;Blade_NACA_0015_Circ95_Sol1.25 Simulation 3.13;Blade_NACA_0015_Circ95_Sol1.25 Simulation 3.13;Blade_NACA_0015_Circ95_Sol1.25 Simulation 3.13;Blade_NACA_0015_Circ95_Sol1.25 Simulation 3.13;Blade_NACA_0015_Circ95_Sol1.25 Simulation 3.13;Blade_NACA_0015_Circ95_Sol1.25 Simulation 3.13;Blade_NACA_0015_Circ95_Sol1.25 Simulation 3.13;Blade_NACA_0015_Circ95_Sol1.25 Simulation 3.13;Blade_NACA_0015_Circ95_Sol1.25 Simulation 3.13;Blade_NACA_0015_Circ95_Sol1.25 Simulation 3.13;Blade_NACA_0015_Circ95_Sol1.25 Simulation 3.13;Blade_NACA_0015_Circ95_Sol1.25 Simulation 3.13;Blade_NACA_0015_Circ95_Sol1.25 Simulation 3.13;Blade_NACA_0015_Circ95_Sol1.25 Simulation 3.13;Blade_NACA_0015_Circ95_Sol1.25 Simulation 3.13;Blade_NACA_0015_Circ95_Sol1.25 Simulation 3.13;Blade_NACA_0015_Circ95_Sol1.25 Simulation 3.13;Blade_NACA_0015_Circ95_Sol1.25 Simulation 3.13;Blade_NACA_0015_Circ95_Sol1.25 Simulation 3.13;Blade_NACA_0015_Circ95_Sol1.25 Simulation 3.13;Blade_NACA_0015_Circ95_Sol1.25 Simulation 3.13;Blade_NACA_0015_Circ95_Sol1.25 Simulation 3.13;Blade_NACA_0015_Circ95_Sol1.25 Simulation 3.13;Blade_NACA_0015_Circ95_Sol1.25 Simulation 3.13;Blade_NACA_0015_Circ95_Sol1.25 Simulation 3.13;Blade_NACA_0015_Circ95_Sol1.25 Simulation 3.13;Blade_NACA_0015_Circ95_Sol1.25 Simulation 3.13;Blade_NACA_0015_Circ95_Sol1.25 Simulation 3.13;Blade_NACA_0015_Circ95_Sol1.25 Simulation 3.13;Blade_NACA_0015_Circ95_Sol1.25 Simulation 3.13;Blade_NACA_0015_Circ95_Sol1.25 Simulation 3.13;Blade_NACA_0015_Circ95_Sol1.25 Simulation 3.13;Blade_NACA_0015_Circ95_Sol1.25 Simulation 3.13;Blade_NACA_0015_Circ95_Sol1.25 Simulation 3.13;Blade_NACA_0015_Circ95_Sol1.25 Simulation 3.13;Blade_NACA_0015_Circ95_Sol1.25 Simulation 3.13;Blade_NACA_0015_Circ95_Sol1.25 Simulation 3.13;Blade_NACA_0015_Circ95_Sol1.25 Simulation 3.13;Blade_NACA_0015_Circ95_Sol1.25 Simulation 3.13;Blade_NACA_0015_Circ95_Sol1.25 Simulation 3.13;Blade_NACA_0015_Circ95_Sol1.25 Simulation 3.13;Blade_NACA_0015_Circ95_Sol1.25 Simulation 3.13;Blade_NACA_0015_Circ95_Sol1.25 Simulation 3.13;Blade_NACA_0015_Circ95_Sol1.25 Simulation 3.13;Blade_NACA_0015_Circ95_Sol1.25 Simulation 3.13;Blade_NACA_0015_Circ95_Sol1.25 Simulation 3.13;Blade_NACA_0015_Circ95_Sol1.25 Simulation 3.13;Blade_NACA_0015_Circ95_Sol1.25 Simulation 3.13;Blade_NACA_0015_Circ95_Sol1.25 Simulation 3.13;Blade_NACA_0015_Circ95_Sol1.25 Simulation 3.13;Blade_NACA_0015_Circ95_Sol1.25 Simulation 3.13;Blade_NACA_0015_Circ95_Sol1.25 Simulation 3.13;Blade_NACA_0015_Circ95_Sol1.25 Simulation 3.13;Blade_NACA_0015_Circ95_Sol1.25 Simulation 3.13;Blade_NACA_0015_Circ95_Sol1.25 Simulation 3.13;Blade_NACA_0015_Circ95_Sol1.25 Simulation 3.13;Blade_NACA_0015_Circ95_Sol1.25 Simulation 3.13;Blade_NACA_0015_Circ95_Sol1.25 Simulation 3.13;Blade_NACA_0015_Circ95_Sol1.25 Simulation 3.13;Blade_NACA_0015_Circ95_Sol1.25 Simulation 3.13;Blade_NACA_0015_Circ95_Sol1.25 Simulation 3.13;Blade_NACA_0015_Circ95_Sol1.25 Simulation 3.13;Blade_NACA_0015_Circ95_Sol1.25 Simulation 3.13;Blade_NACA_0015_Circ95_Sol1.25 Simulation 3.13;Blade_NACA_0015_Circ95_Sol1.25 Simulation 3.13;Blade_NACA_0015_Circ95_Sol1.25 Simulation 3.13;Blade_NACA_0015_Circ95_Sol1.25 Simulation 3.13;Blade_NACA_0015_Circ95_Sol1.25 Simulation 3.13;Blade_NACA_0015_Circ95_Sol1.25 Simulation 3.13;Blade_NACA_0015_Circ95_Sol1.25 Simulation 3.13;Blade_NACA_0015_Circ95_Sol1.25 Simulation 3.13;Blade_NACA_0015_Circ95_Sol1.25 Simulation 3.13;Blade_NACA_0015_Circ95_Sol1.25 Simulation 3.13;Blade_NACA_0015_Circ95_Sol1.25 Simulation 3.13;Blade_NACA_0015_Circ95_Sol1.25 Simulation 3.13;Blade_NACA_0015_Circ95_Sol1.25 Simulation 3.13;Blade_NACA_0015_Circ95_Sol1.25 Simulation 3.13;Blade_NACA_0015_Circ95_Sol1.25 Simulation 3.13;Blade_NACA_0015_Circ95_Sol1.25 Simulation 3.13;Blade_NACA_0015_Circ95_Sol1.25 Simulation 3.13;Blade_NACA_0015_Circ95_Sol1.25 Simulation 3.13;Blade_NACA_0015_Circ95_Sol1.25 Simulation 3.13;Blade_NACA_0015_Circ95_Sol1.25 Simulation 3.13;Blade_NACA_0015_Circ95_Sol1.25 Simulation 3.13;Blade_NACA_0015_Circ95_Sol1.25 Simulation 3.13;Blade_NACA_0015_Circ95_Sol1.25 Simulation 3.13;Blade_NACA_0015_Circ95_Sol1.25 Simulation 3.13;Blade_NACA_0015_Circ95_Sol1.25 Simulation 3.13;Blade_NACA_0015_Circ95_Sol1.25 Simulation 3.13;Blade_NACA_0015_Circ95_Sol1.25 Simulation 3.13;Blade_NACA_0015_Circ95_Sol1.25 Simulation 3.13;Blade_NACA_0015_Circ95_Sol1.25 Simulation 3.13;Blade_NACA_0015_Circ95_Sol1.25 Simulation 3.13;Blade_NACA_0015_Circ95_Sol1.25 Simulation 3.13;Blade_NACA_0015_Circ95_Sol1.25 Simulation 3.13;Blade_NACA_0015_Circ95_Sol1.25 Simulation 3.13;Blade_NACA_0015_Circ95_Sol1.25 Simulation 3.13;Blade_NACA_0015_Circ95_Sol1.25 Simulation 3.13;Blade_NACA_0015_Circ95_Sol1.25 Simulation 3.13;Blade_NACA_0015_Circ95_Sol1.25 Simulation 3.13;Blade_NACA_0015_Circ95_Sol1.25 Simulation 3.13;Blade_NACA_0015_Circ95_Sol1.25 Simulation 3.13;Blade_NACA_0015_Circ95_Sol1.25 Simulation 3.13;Blade_NACA_0015_Circ95_Sol1.25 Simulation 3.13;Blade_NACA_0015_Circ95_Sol1.25 Simulation 3.13;Blade_NACA_0015_Circ95_Sol1.25 Simulation 3.13;Blade_NACA_0015_Circ95_Sol1.25 Simulation 3.13;Blade_NACA_0015_Circ95_Sol1.25 Simulation 3.13;Blade_NACA_0015_Circ95_Sol1.25 Simulation 3.13;Blade_NACA_0015_Circ95_Sol1.25 Simulation 3.13;Blade_NACA_0015_Circ95_Sol1.25 Simulation 3.13;Blade_NACA_0015_Circ95_Sol1.25 Simulation 3.13;Blade_NACA_0015_Circ95_Sol1.25 Simulation 3.13;Blade_NACA_0015_Circ95_Sol1.25 Simulation 3.13;Blade_NACA_0015_Circ95_Sol1.25 Simulation 3.13;Blade_NACA_0015_Circ95_Sol1.25 Simulation 3.13;Blade_NACA_0015_Circ95_Sol1.25 Simulation 3.13;Blade_NACA_0015_Circ95_Sol1.25 Simulation 3.13;Blade_NACA_0015_Circ95_Sol1.25 Simulation 3.13;Blade_NACA_0015_Circ95_Sol1.25 Simulation 3.13;Blade_NACA_0015_Circ95_Sol1.25 Simulation 3.13;Blade_NACA_0015_Circ95_Sol1.25 Simulation 3.13;Blade_NACA_0015_Circ95_Sol1.25 Simulation 3.13;Blade_NACA_0015_Circ95_Sol1.25 Simulation 3.13;Blade_NACA_0015_Circ95_Sol1.25 Simulation 3.13;Blade_NACA_0015_Circ95_Sol1.25 Simulation 3.13;Blade_NACA_0015_Circ95_Sol1.25 Simulation 3.13;Blade_NACA_0015_Circ95_Sol1.25 Simulation 3.13;Blade_NACA_0015_Circ95_Sol1.25 Simulation 3.13;Blade_NACA_0015_Circ95_Sol1.25 Simulation 3.13;Blade_NACA_0015_Circ95_Sol1.25 Simulation 3.13;Blade_NACA_0015_Circ95_Sol1.25 Simulation 3.13;Blade_NACA_0015_Circ95_Sol1.25 Simulation 3.13;Blade_NACA_0015_Circ95_Sol1.25 Simulation 3.13;Blade_NACA_0015_Circ95_Sol1.25 Simulation 3.13;Blade_NACA_0015_Circ95_Sol1.25 Simulation 3.13;Blade_NACA_0015_Circ95_Sol1.25 Simulation 3.13;Blade_NACA_0015_Circ95_Sol1.25 Simulation 3.13;Blade_NACA_0015_Circ95_Sol1.25 Simulation 3.13;Blade_NACA_0015_Circ95_Sol1.25 Simulation 3.13;Blade_NACA_0015_Circ95_Sol1.25 Simulation 3.13;Blade_NACA_0015_Circ95_Sol1.25 Simulation 3.13;Blade_NACA_0015_Circ95_Sol1.25 Simulation 3.13;Blade_NACA_0015_Circ95_Sol1.25 Simulation 3.13;Blade_NACA_0015_Circ95_Sol1.25 Simulation 3.13;Blade_NACA_0015_Circ95_Sol1.25 Simulation 3.13;Blade_NACA_0015_Circ95_Sol1.25 Simulation 3.13;Blade_NACA_0015_Circ95_Sol1.25 Simulation 3.13;Blade_NACA_0015_Circ95_Sol1.25 Simulation 3.13;Blade_NACA_0015_Circ95_Sol1.25 Simulation 3.13;Blade_NACA_0015_Circ95_Sol1.25 Simulation 3.13;Blade_NACA_0015_Circ95_Sol1.25 Simulation 3.13;Blade_NACA_0015_Circ95_Sol1.25 Simulation 3.13;Blade_NACA_0015_Circ95_Sol1.25 Simulation 3.13;Blade_NACA_0015_Circ95_Sol1.25 Simulation 3.13;Blade_NACA_0015_Circ95_Sol1.25 Simulation 3.13;Blade_NACA_0015_Circ95_Sol1.25 Simulation 3.13;Blade_NACA_0015_Circ95_Sol1.25 Simulation 3.13;Blade_NACA_0015_Circ95_Sol1.25 Simulation 3.13;Blade_NACA_0015_Circ95_Sol1.25 Simulation 3.13;Blade_NACA_0015_Circ95_Sol1.25 Simulation 3.13;Blade_NACA_0015_Circ95_Sol1.25 Simulation 3.13;Blade_NACA_0015_Circ95_Sol1.25 Simulation 3.13;Blade_NACA_0015_Circ95_Sol1.25 Simulation 3.13;Blade_NACA_0015_Circ95_Sol1.25 Simulation 3.13;Blade_NACA_0015_Circ95_Sol1.25 Simulation 3.13;Blade_NACA_0015_Circ95_Sol1.25 Simulation 3.13;Blade_NACA_0015_Circ95_Sol1.25 Simulation 3.13;Blade_NACA_0015_Circ95_Sol1.25 Simulation 3.13;Blade_NACA_0015_Circ95_Sol1.25 Simulation 3.13;Blade_NACA_0015_Circ95_Sol1.25 Simulation 3.13;Blade_NACA_0015_Circ95_Sol1.25 Simulation 3.13;Blade_NACA_0015_Circ95_Sol1.25 Simulation 3.13;Blade_NACA_0015_Circ95_Sol1.25 Simulation 3.13;Blade_NACA_0015_Circ95_Sol1.25 Simulation 3.13;Blade_NACA_0015_Circ95_Sol1.25 Simulation 3.13;Blade_NACA_0015_Circ95_Sol1.25 Simulation 3.13;Blade_NACA_0015_Circ95_Sol1.25 Simulation 3.13;Blade_NACA_0015_Circ95_Sol1.25 Simulation 3.13;Blade_NACA_0015_Circ95_Sol1.25 Simulation 3.13;Blade_NACA_0015_Circ95_Sol1.25 Simulation 3.13;Blade_NACA_0015_Circ95_Sol1.25 Simulation 3.13;Blade_NACA_0015_Circ95_Sol1.25 Simulation 3.13;Blade_NACA_0015_Circ95_Sol1.25 Simulation 3.13;Blade_NACA_0015_Circ95_Sol1.25 Simulation 3.13;Blade_NACA_0015_Circ95_Sol1.25 Simulation 3.13;Blade_NACA_0015_Circ95_Sol1.25 Simulation 3.13;Blade_NACA_0015_Circ95_Sol1.25 Simulation 3.13;Blade_NACA_0015_Circ95_Sol1.25 Simulation 3.13;Blade_NACA_0015_Circ95_Sol1.25 Simulation 3.13;Blade_NACA_0015_Circ95_Sol1.25 Simulation 3.13;Blade_NACA_0015_Circ95_Sol1.25 Simulation 3.13;Blade_NACA_0015_Circ95_Sol1.25 Simulation 3.13;Blade_NACA_0015_Circ95_Sol1.25 Simulation 3.13;Blade_NACA_0015_Circ95_Sol1.25 Simulation 3.13;Blade_NACA_0015_Circ95_Sol1.25 Simulation 3.13;Blade_NACA_0015_Circ95_Sol1.25 Simulation 3.13;Blade_NACA_0015_Circ95_Sol1.25 Simulation 3.13;Blade_NACA_0015_Circ95_Sol1.25 Simulation 3.13;Blade_NACA_0015_Circ95_Sol1.25 Simulation 3.13;Blade_NACA_0015_Circ95_Sol1.25 Simulation 3.13;Blade_NACA_0015_Circ95_Sol1.25 Simulation 3.13;Blade_NACA_0015_Circ95_Sol1.25 Simulation 3.13;Blade_NACA_0015_Circ95_Sol1.25 Simulation 3.13;Blade_NACA_0015_Circ95_Sol1.25 Simulation 3.13;Blade_NACA_0015_Circ95_Sol1.25 Simulation 3.13;Blade_NACA_0015_Circ95_Sol1.25 Simulation 3.13;Blade_NACA_0015_Circ95_Sol1.25 Simulation 3.13;Blade_NACA_0015_Circ95_Sol1.25 Simulation 3.13;Blade_NACA_0015_Circ95_Sol1.25 Simulation 3.13;Blade_NACA_0015_Circ95_Sol1.25 Simulation 3.13;Blade_NACA_0015_Circ95_Sol1.25 Simulation 3.13;Blade_NACA_0015_Circ95_Sol1.25 Simulation 3.13;Blade_NACA_0015_Circ95_Sol1.25 Simulation 3.13;Blade_NACA_0015_Circ95_Sol1.25 Simulation 3.13;Blade_NACA_0015_Circ95_Sol1.25 Simulation 3.13;Blade_NACA_0015_Circ95_Sol1.25 Simulation 3.13;Blade_NACA_0015_Circ95_Sol1.25 Simulation 3.13;Blade_NACA_0015_Circ95_Sol1.25 Simulation 3.13;Blade_NACA_0015_Circ95_Sol1.25 Simulation 3.13;Blade_NACA_0015_Circ95_Sol1.25 Simulation 3.13;Blade_NACA_0015_Circ95_Sol1.25 Simulation 3.13;Blade_NACA_0015_Circ95_Sol1.25 Simulation 3.13;Blade_NACA_0015_Circ95_Sol1.25 Simulation 3.13;Blade_NACA_0015_Circ95_Sol1.25 Simulation 3.13;Blade_NACA_0015_Circ95_Sol1.25 Simulation 3.13;Blade_NACA_0015_Circ95_Sol1.25 Simulation 3.13;Blade_NACA_0015_Circ95_Sol1.25 Simulation 3.13;Blade_NACA_0015_Circ95_Sol1.25 Simulation 3.13;Blade_NACA_0015_Circ95_Sol1.25 Simulation 3.13;Blade_NACA_0015_Circ95_Sol1.25 Simulation 3.13;Blade_NACA_0015_Circ95_Sol1.25 Simulation 3.13;Blade_NACA_0015_Circ95_Sol1.25 Simulation 3.13;Blade_NACA_0015_Circ95_Sol1.25 Simulation 3.13;Blade_NACA_0015_Circ95_Sol1.25 Simulation 3.13;Blade_NACA_0015_Circ95_Sol1.25 Simulation 3.13;Blade_NACA_0015_Circ95_Sol1.25 Simulation 3.13;Blade_NACA_0015_Circ95_Sol1.25 Simulation 3.13;Blade_NACA_0015_Circ95_Sol1.25 Simulation 3.13;Blade_NACA_0015_Circ95_Sol1.25 Simulation 3.13;Blade_NACA_0015_Circ95_Sol1.25 Simulation 3.13;Blade_NACA_0015_Circ95_Sol1.25 Simulation 3.13;Blade_NACA_0015_Circ95_Sol1.25 Simulation 3.13;Blade_NACA_0015_Circ95_Sol1.25 Simulation 3.13;Blade_NACA_0015_Circ95_Sol1.25 Simulation 3.13;Blade_NACA_0015_Circ95_Sol1.25 Simulation 3.13;Blade_NACA_0015_Circ95_Sol1.25 Simulation 3.13;Blade_NACA_0015_Circ95_Sol1.25 Simulation 3.13;Blade_NACA_0015_Circ95_Sol1.25 Simulation 3.13;Blade_NACA_0015_Circ95_Sol1.25 Simulation 3.13;Blade_NACA_0015_Circ95_Sol1.25 Simulation 3.13;Blade_NACA_0015_Circ95_Sol1.25 Simulation 3.13;Blade_NACA_0015_Circ95_Sol1.25 Simulation 3.13;Blade_NACA_0015_Circ95_Sol1.25 Simulation 3.13;Blade_NACA_0015_Circ95_Sol1.25 Simulation 3.13;Blade_NACA_0015_Circ95_Sol1.25 Simulation 3.13;Blade_NACA_0015_Circ95_Sol1.25 Simulation 3.13;Blade_NACA_0015_Circ95_Sol1.25 Simulation 3.13;Blade_NACA_0015_Circ95_Sol1.25 Simulation 3.13;Blade_NACA_0015_Circ95_Sol1.25 Simulation 3.13;Blade_NACA_0015_Circ95_Sol1.25 Simulation 3.13;Blade_NACA_0015_Circ95_Sol1.25 Simulation 3.13;Blade_NACA_0015_Circ95_Sol1.25 Simulation 3.13;Blade_NACA_0015_Circ95_Sol1.25 Simulation 3.13;Blade_NACA_0015_Circ95_Sol1.25 Simulation 3.13;Blade_NACA_0015_Circ95_Sol1.25 Simulation 3.13;Blade_NACA_0015_Circ95_Sol1.25 Simulation 3.13;Blade_NACA_0015_Circ95_Sol1.25 Simulation 3.13;Blade_NACA_0015_Circ95_Sol1.25 Simulation 3.13;Blade_NACA_0015_Circ95_Sol1.25 Simulation 3.13;Blade_NACA_0015_Circ95_Sol1.25 Simulation 3.13;Blade_NACA_0015_Circ95_Sol1.25 Simulation 3.13;Blade_NACA_0015_Circ95_Sol1.25 Simulation 3.13;Blade_NACA_0015_Circ95_Sol1.25 Simulation 3.13;Blade_NACA_0015_Circ95_Sol1.25 Simulation 3.13;Blade_NACA_0015_Circ95_Sol1.25 Simulation 3.13;Blade_NACA_0015_Circ95_Sol1.25 Simulation 3.13;Blade_NACA_0015_Circ95_Sol1.25 Simulation 3.13;Blade_NACA_0015_Circ95_Sol1.25 Simulation 3.13;Blade_NACA_0015_Circ95_Sol1.25 Simulation 3.13;Blade_NACA_0015_Circ95_Sol1.25 Simulation 3.13;Blade_NACA_0015_Circ95_Sol1.25 Simulation 3.13;Blade_NACA_0015_Circ95_Sol1.25 Simulation 3.13;Blade_NACA_0015_Circ95_Sol1.25 Simulation 3.13;Blade_NACA_0015_Circ95_Sol1.25 Simulation 3.13;Blade_NACA_0015_Circ95_Sol1.25 Simulation 3.13;Blade_NACA_0015_Circ95_Sol1.25 Simulation 3.13;Blade_NACA_0015_Circ95_Sol1.25 Simulation 3.13;Blade_NACA_0015_Circ95_Sol1.25 Simulation 3.13;Blade_NACA_0015_Circ95_Sol1.25 Simulation 3.13;Blade_NACA_0015_Circ95_Sol1.25 Simulation 3.13;Blade_NACA_0015_Circ95_Sol1.25 Simulation 3.13;Blade_NACA_0015_Circ95_Sol1.25 Simulation 3.13;Blade_NACA_0015_Circ95_Sol1.25 Simulation 3.13;Blade_NACA_0015_Circ95_Sol1.25 Simulation 3.13;Blade_NACA_0015_Circ95_Sol1.25 Simulation 3.13;Blade_NACA_0015_Circ95_Sol1.25 Simulation 3.13;Blade_NACA_0015_Circ95_Sol1.25 Simulation 3.13;Blade_NACA_0015_Circ95_Sol1.25 Simulation 3.13;Blade_NACA_0015_Circ95_Sol1.25 Simulation 3.13;Blade_NACA_0015_Circ95_Sol1.25 Simulation 3.13;Blade_NACA_0015_Circ95_Sol1.25 Simulation 3.13;Blade_NACA_0015_Circ95_Sol1.25 Simulation 3.13;Blade_NACA_0015_Circ95_Sol1.25 Simulation 3.13;Blade_NACA_0015_Circ95_Sol1.25 Simulation 3.13;Blade_NACA_0015_Circ95_Sol1.25 Simulation 3.13;Blade_NACA_0015_Circ95_Sol1.25 Simulation 3.13;Blade_NACA_0015_Circ95_Sol1.25 Simulation 3.13;Blade_NACA_0015_Circ95_Sol1.25 Simulation 3.13;Blade_NACA_0015_Circ95_Sol1.25 Simulation 3.13;Blade_NACA_0015_Circ95_Sol1.25 Simulation 3.13;Blade_NACA_0015_Circ95_Sol1.25 Simulation 3.13;Blade_NACA_0015_Circ95_Sol1.25 Simulation 3.13;Blade_NACA_0015_Circ95_Sol1.25 Simulation 3.13;Blade_NACA_0015_Circ95_Sol1.25 Simulation 3.13;Blade_NACA_0015_Circ95_Sol1.25 Simulation 3.13;Blade_NACA_0015_Circ95_Sol1.25 Simulation 3.13;Blade_NACA_0015_Circ95_Sol1.25 Simulation 3.13;Blade_NACA_0015_Circ95_Sol1.25 Simulation 3.13;Blade_NACA_0015_Circ95_Sol1.25 Simulation 3.13;Blade_NACA_0015_Circ95_Sol1.25 Simulation 3.13;Blade_NACA_0015_Circ95_Sol1.25 Simulation 3.13;Blade_NACA_0015_Circ95_Sol1.25 Simulation 3.13;Blade_NACA_0015_Circ95_Sol1.25 Simulation 3.13;Blade_NACA_0015_Circ95_Sol1.25 Simulation 3.13;Blade_NACA_0015_Circ95_Sol1.25 Simulation 3.13;Blade_NACA_0015_Circ95_Sol1.25 Simulation 3.13;Blade_NACA_0015_Circ95_Sol1.25 Simulation 3.13;Blade_NACA_0015_Circ95_Sol1.25 Simulation 3.13;Blade_NACA_0015_Circ95_Sol1.25 Simulation 3.13;Blade_NACA_0015_Circ95_Sol1.25 Simulation 3.13;Blade_NACA_0015_Circ95_Sol1.25 Simulation 3.13;Blade_NACA_0015_Circ95_Sol1.25 Simulation 3.13;Blade_NACA_0015_Circ95_Sol1.25 Simulation 3.13;Blade_NACA_0015_Circ95_Sol1.25 Simulation 3.13;Blade_NACA_0015_Circ95_Sol1.25 Simulation 3.13;Blade_NACA_0015_Circ95_Sol1.25 Simulation 3.13;Blade_NACA_0015_Circ95_Sol1.25 Simulation 3.13;Blade_NACA_0015_Circ95_Sol1.25 Simulation 3.13;Blade_NACA_0015_Circ95_Sol1.25 Simulation 3.13;Blade_NACA_0015_Circ95_Sol1.25 Simulation 3.13;Blade_NACA_0015_Circ95_Sol1.25 Simulation 3.13;Blade_NACA_0015_Circ95_Sol1.25 Simulation 3.13;Blade_NACA_0015_Circ95_Sol1.25 Simulation 3.13;Blade_NACA_0015_Circ95_Sol1.25 Simulation 3.13;Blade_NACA_0015_Circ95_Sol1.25 Simulation 3.13;Blade_NACA_0015_Circ95_Sol1.25 Simulation 3.13;Blade_NACA_0015_Circ95_Sol1.25 Simulation 3.13;Blade_NACA_0015_Circ95_Sol1.25 Simulation 3.13;Blade_NACA_0015_Circ95_Sol1.25 Simulation 3.13;Blade_NACA_0015_Circ95_Sol1.25 Simulation 3.13;Blade_NACA_0015_Circ95_Sol1.25 Simulation 3.13;Blade_NACA_0015_Circ95_Sol1.25 Simulation 3.13;Blade_NACA_0015_Circ95_Sol1.25 Simulation 3.13;Blade_NACA_0015_Circ95_Sol1.25 Simulation 3.13;Blade_NACA_0015_Circ95_Sol1.25 Simulation 3.13;Blade_NACA_0015_Circ95_Sol1.25 Simulation 3.13;Blade_NACA_0015_Circ95_Sol1.25 Simulation 3.13;Blade_NACA_0015_Circ95_Sol1.25 Simulation 3.13;Blade_NACA_0015_Circ95_Sol1.25 Simulation 3.13;Blade_NACA_0015_Circ95_Sol1.25 Simulation 3.13;Blade_NACA_0015_Circ95_Sol1.25 Simulation 3.13;Blade_NACA_0015_Circ95_Sol1.25 Simulation 3.13;Blade_NACA_0015_Circ95_Sol1.25 Simulation 3.13;Blade_NACA_0015_Circ95_Sol1.25 Simulation 3.13;Blade_NACA_0015_Circ95_Sol1.25 Simulation 3.13;Blade_NACA_0015_Circ95_Sol1.25 Simulation 3.13;Blade_NACA_0015_Circ95_Sol1.25 Simulation 3.13;Blade_NACA_0015_Circ95_Sol1.25 Simulation 3.13;Blade_NACA_0015_Circ95_Sol1.25 Simulation 3.13;Blade_NACA_0015_Circ95_Sol1.25 Simulation 3.13;Blade_NACA_0015_Circ95_Sol1.25 Simulation 3.13;Blade_NACA_0015_Circ95_Sol1.25 Simulation 3.13;Blade_NACA_0015_Circ95_Sol1.25 Simulation 3.13;Blade_NACA_0015_Circ95_Sol1.25 Simulation 3.13;Blade_NACA_0015_Circ95_Sol1.25 Simulation 3.13;Blade_NACA_0015_Circ95_Sol1.25 Simulation 3.13;Blade_NACA_0015_Circ95_Sol1.25 Simulation 3.13;Blade_NACA_0015_Circ95_Sol1.25 Simulation 3.13;Blade_NACA_0015_Circ95_Sol1.25 Simulation 3.13;Blade_NACA_0015_Circ95_Sol1.25 Simulation 3.13;Blade_NACA_0015_Circ95_Sol1.25 Simulation 3.13;Blade_NACA_0015_Circ95_Sol1.25 Simulation 3.13;Blade_NACA_0015_Circ95_Sol1.25 Simulation 3.13;Blade_NACA_0015_Circ95_Sol1.25 Simulation 3.13;Blade_NACA_0015_Circ95_Sol1.25 Simulation 3.13;Blade_NACA_0015_Circ95_Sol1.25 Simulation 3.13;Blade_NACA_0015_Circ95_Sol1.25 Simulation 3.13;Blade_NACA_0015_Circ95_Sol1.25 Simulation 3.13;Blade_NACA_0015_Circ95_Sol1.25 Simulation 3.13;Blade_NACA_0015_Circ95_Sol1.25 Simulation 3.13;Blade_NACA_0015_Circ95_Sol1.25 Simulation 3.13;Blade_NACA_0015_Circ95_Sol1.25 Simulation 3.13;Blade_NACA_0015_Circ95_Sol1.25 Simulation 3.13;Blade_NACA_0015_Circ95_Sol1.25 Simulation 3.13;Blade_NACA_0015_Circ95_Sol1.25 Simulation 3.13;Blade_NACA_0015_Circ95_Sol1.25 Simulation 3.13;Blade_NACA_0015_Circ95_Sol1.25 Simulation 3.13;Blade_NACA_0015_Circ95_Sol1.25 Simulation 3.13;Blade_NACA_0015_Circ95_Sol1.25 Simulation 3.13;Blade_NACA_0015_Circ95_Sol1.25 Simulation 3.13;Blade_NACA_0015_Circ95_Sol1.25 Simulation 3.13;Blade_NACA_0015_Circ95_Sol1.25 Simulation 3.13;Blade_NACA_0015_Circ95_Sol1.25 Simulation 3.13;Blade_NACA_0015_Circ95_Sol1.25 Simulation 3.13;Blade_NACA_0015_Circ95_Sol1.25 Simulation 3.13;Blade_NACA_0015_Circ95_Sol1.25 Simulation 3.13;Blade_NACA_0015_Circ95_Sol1.25 Simulation 3.13;Blade_NACA_0015_Circ95_Sol1.25 Simulation 3.13;Blade_NACA_0015_Circ95_Sol1.25 Simulation 3.13;Blade_NACA_0015_Circ95_Sol1.25 Simulation 3.13;Blade_NACA_0015_Circ95_Sol1.25 Simulation 3.13;Blade_NACA_0015_Circ95_Sol1.25 Simulation 3.13;Blade_NACA_0015_Circ95_Sol1.25 Simulation 3.13;Blade_NACA_0015_Circ95_Sol1.25 Simulation 3.13;Blade_NACA_0015_Circ95_Sol1.25 Simulation 3.13;Blade_NACA_0015_Circ95_Sol1.25 Simulation 3.13;Blade_NACA_0015_Circ95_Sol1.25 Simulation 3.13;Blade_NACA_0015_Circ95_Sol1.25 Simulation 3.13;Blade_NACA_0015_Circ95_Sol1.25 Simulation 3.13;Blade_NACA_0015_Circ95_Sol1.25 Simulation 3.13;Blade_NACA_0015_Circ95_Sol1.25 Simulation 3.13;Blade_NACA_0015_Circ95_Sol1.25 Simulation 3.13;Blade_NACA_0015_Circ95_Sol1.25 Simulation 3.13;Blade_NACA_0015_Circ95_Sol1.25 Simulation 3.13;Blade_NACA_0015_Circ95_Sol1.25 Simulation 3.13;Blade_NACA_0015_Circ95_Sol1.25 Simulation 3.13;Blade_NACA_0015_Circ95_Sol1.25 Simulation 3.13;Blade_NACA_0015_Circ95_Sol1.25 Simulation 3.13;Blade_NACA_0015_Circ95_Sol1.25 Simulation 3.13;Blade_NACA_0015_Circ95_Sol1.25 Simulation 3.13;Blade_NACA_0015_Circ95_Sol1.25 Simulation 3.13;Blade_NACA_0015_Circ95_Sol1.25 Simulation 3.13;Blade_NACA_0015_Circ95_Sol1.25 Simulation 3.13;Blade_NACA_0015_Circ95_Sol1.25 Simulation 3.13;Blade_NACA_0015_Circ95_Sol1.25 Simulation 3.13;Blade_NACA_0015_Circ95_Sol1.25 Simulation 3.13;Blade_NACA_0015_Circ95_Sol1.25 Simulation 3.13;Blade_NACA_0015_Circ95_Sol1.25 Simulation 3.13;Blade_NACA_0015_Circ95_Sol1.25 Simulation 3.13;Blade_NACA_0015_Circ95_Sol1.25 Simulation 3.13;Blade_NACA_0015_Circ95_Sol1.25 Simulation 3.13;Blade_NACA_0015_Circ95_Sol1.25 Simulation 3.13;Blade_NACA_0015_Circ95_Sol1.25 Simulation 3.13;Blade_NACA_0015_Circ95_Sol1.25 Simulation 3.13;Blade_NACA_0015_Circ95_Sol1.25 Simulation 3.13;Blade_NACA_0015_Circ95_Sol1.25 Simulation 3.13;Blade_NACA_0015_Circ95_Sol1.25 Simulation 3.13;Blade_NACA_0015_Circ95_Sol1.25 Simulation 3.13;Blade_NACA_0015_Circ95_Sol1.25 Simulation 3.13;Blade_NACA_0015_Circ95_Sol1.25 Simulation 3.13;Blade_NACA_0015_Circ95_Sol1.25 Simulation 3.13;Blade_NACA_0015_Circ95_Sol1.25 Simulation 3.13;Blade_NACA_0015_Circ95_Sol1.25 Simulation 3.13;Blade_NACA_0015_Circ95_Sol1.25 Simulation 3.13;Blade_NACA_0015_Circ95_Sol1.25 Simulation 3.13;Blade_NACA_0015_Circ95_Sol1.25 Simulation 3.13;Blade_NACA_0015_Circ95_Sol1.25 Simulation 3.13;Blade_NACA_0015_Circ95_Sol1.25 Simulation 3.13;Blade_NACA_0015_Circ95_Sol1.25 Simulation 3.13;Blade_NACA_0015_Circ95_Sol1.25 Simulation 3.13;Blade_NACA_0015_Circ95_Sol1.25 Simulation 3.13;Blade_NACA_0015_Circ95_Sol1.25 Simulation 3.13;Blade_NACA_0015_Circ95_Sol1.25 Simulation 3.13;Blade_NACA_0015_Circ95_Sol1.25 Simulation 3.13;Blade_NACA_0015_Circ95_Sol1.25 Simulation 3.13;Blade_NACA_0015_Circ95_Sol1.25 Simulation 3.13;Blade_NACA_0015_Circ95_Sol1.25 Simulation 3.13;Blade_NACA_0015_Circ95_Sol1.25 Simulation 3.13;Blade_NACA_0015_Circ95_Sol1.25 Simulation 3.13;Blade_NACA_0015_Circ95_Sol1.25 Simulation 3.13;Blade_NACA_0015_Circ95_Sol1.25 Simulation 3.13;Blade_NACA_0015_Circ95_Sol1.25 Simulation 3.13;Blade_NACA_0015_Circ95_Sol1.25 Simulation 3.13;Blade_NACA_0015_Circ95_Sol1.25 Simulation 3.13;Blade_NACA_0015_Circ95_Sol1.25 Simulation 3.13;Blade_NACA_0015_Circ95_Sol1.25 Simulation 3.13;Blade_NACA_0015_Circ95_Sol1.25 Simulation 3.13;Blade_NACA_0015_Circ95_Sol1.25 Simulation 3.13;Blade_NACA_0015_Circ95_Sol1.25 Simulation 3.13;Blade_NACA_0015_Circ95_Sol1.25 Simulation 3.13;Blade_NACA_0015_Circ95_Sol1.25 Simulation 3.13;Blade_NACA_0015_Circ95_Sol1.25 Simulation 3.13;Blade_NACA_0015_Circ95_Sol1.25 Simulation 3.13;Blade_NACA_0015_Circ95_Sol1.25 Simulation 3.13;Blade_NACA_0015_Circ95_Sol1.25 Simulation 3.13;Blade_NACA_0015_Circ95_Sol1.25 Simulation 3.13;Blade_NACA_0015_Circ95_Sol1.25 Simulation 3.13;Blade_NACA_0015_Circ95_Sol1.25 Simulation 3.13;Blade_NACA_0015_Circ95_Sol1.25 Simulation 3.13;Blade_NACA_0015_Circ95_Sol1.25 Simulation 3.13;Blade_NACA_0015_Circ95_Sol1.25 Simulation 3.13;Blade_NACA_0015_Circ95_Sol1.25 Simulation 3.13;Blade_NACA_0015_Circ95_Sol1.25 Simulation 3.13;Blade_NACA_0015_Circ95_Sol1.25 Simulation 3.13;Blade_NACA_0015_Circ95_Sol1.25 Simulation 3.13;Blade_NACA_0015_Circ95_Sol1.25 Simulation 3.13;Blade_NACA_0015_Circ95_Sol1.25 Simulation 3.13;Blade_NACA_0015_Circ95_Sol1.25 Simulation 3.13;Blade_NACA_0015_Circ95_Sol1.25 Simulation 3.13;Blade_NACA_0015_Circ95_Sol1.25 Simulation 3.13;Blade_NACA_0015_Circ95_Sol1.25 Simulation 3.13;Blade_NACA_0015_Circ95_Sol1.25 Simulation 3.13;Blade_NACA_0015_Circ95_Sol1.25 Simulation 3.13;Blade_NACA_0015_Circ95_Sol1.25 Simulation 3.13;Blade_NACA_0015_Circ95_Sol1.25 Simulation 3.13;Blade_NACA_0015_Circ95_Sol1.25 Simulation 3.13;Blade_NACA_0015_Circ95_Sol1.25 Simulation 3.13;Blade_NACA_0015_Circ95_Sol1.25 Simulation 3.13;Blade_NACA_0015_Circ95_Sol1.25 Simulation 3.13;Blade_NACA_0015_Circ95_Sol1.25 Simulation 3.13;Blade_NACA_0015_Circ95_Sol1.25 Simulation 3.13;Blade_NACA_0015_Circ95_Sol1.25 Simulation 3.13;Blade_NACA_0015_Circ95_Sol1.25 Simulation 3.13;Blade_NACA_0015_Circ95_Sol1.25 Simulation 3.13;Blade_NACA_0015_Circ95_Sol1.25 Simulation 3.13;Blade_NACA_0015_Circ95_Sol1.25 Simulation 3.13;Blade_NACA_0015_Circ95_Sol1.25 Simulation 3.13;Blade_NACA_0015_Circ95_Sol1.25 Simulation 3.13;Blade_NACA_0015_Circ95_Sol1.25 Simulation 3.13;Blade_NACA_0015_Circ95_Sol1.25 Simulation 3.13;Blade_NACA_0015_Circ95_Sol1.25 Simulation 3.13;Blade_NACA_0015_Circ95_Sol1.25 Simulation 3.13;Blade_NACA_0015_Circ95_Sol1.25 Simulation 3.13;Blade_NACA_0015_Circ95_Sol1.25 Simulation 3.13;Blade_NACA_0015_Circ95_Sol1.25 Simulation 3.13;Blade_NACA_0015_Circ95_Sol1.25 Simulation 3.13;Blade_NACA_0015_Circ95_Sol1.25 Simulation 3.13;Blade_NACA_0015_Circ95_Sol1.25 Simulation 3.13;Blade_NACA_0015_Circ95_Sol1.25 Simulation 3.13;Blade_NACA_0015_Circ95_Sol1.25 Simulation 3.13;Blade_NACA_0015_Circ95_Sol1.25 Simulation 3.13;Blade_NACA_0015_Circ95_Sol1.25 Simulation 3.13;Blade_NACA_0015_Circ95_Sol1.25 Simulation 3.13;Blade_NACA_0015_Circ95_Sol1.25 Simulation 3.13;Blade_NACA_0015_Circ95_Sol1.25 Simulation 3.13;Blade_NACA_0015_Circ95_Sol1.25 Simulation 3.13;Blade_NACA_0015_Circ95_Sol1.25 Simulation 3.13;Blade_NACA_0015_Circ95_Sol1.25 Simulation 3.13;Blade_NACA_0015_Circ95_Sol1.25 Simulation 3.13;Blade_NACA_0015_Circ95_Sol1.25 Simulation 3.13;Blade_NACA_0015_Circ95_Sol1.25 Simulation 3.13;Blade_NACA_0015_Circ95_Sol1.25 Simulation 3.13;Blade_NACA_0015_Circ95_Sol1.25 Simulation 3.13;Blade_NACA_0015_Circ95_Sol1.25 Simulation 3.13;Blade_NACA_0015_Circ95_Sol1.25 Simulation 3.13;Blade_NACA_0015_Circ95_Sol1.25 Simulation 3.13;Blade_NACA_0015_Circ95_Sol1.25 Simulation 3.13;Blade_NACA_0015_Circ95_Sol1.25 Simulation 3.13;Blade_NACA_0015_Circ95_Sol1.25 Simulation 3.13;Blade_NACA_0015_Circ95_Sol1.25 Simulation 3.13;Blade_NACA_0015_Circ95_Sol1.25 Simulation 3.13;Blade_NACA_0015_Circ95_Sol1.25 Simulation 3.13;Blade_NACA_0015_Circ95_Sol1.25 Simulation 3.13;Blade_NACA_0015_Circ95_Sol1.25 Simulation 3.13;Blade_NACA_0015_Circ95_Sol1.25 Simulation 3.13;Blade_NACA_0015_Circ95_Sol1.25 Simulation 3.13;Blade_NACA_0015_Circ95_Sol1.25 Simulation 3.13;Blade_NACA_0015_Circ95_Sol1.25 Simulation 3.13;Blade_NACA_0015_Circ95_Sol1.25 Simulation 3.13;Blade_NACA_0015_Circ95_Sol1.25 Simulation 3.13;Blade_NACA_0015_Circ95_Sol1.25 Simulation 3.13;Blade_NACA_0015_Circ95_Sol1.25 Simulation 3.13;Blade_NACA_0015_Circ95_Sol1.25 Simulation 3.13;Blade_NACA_0015_Circ95_Sol1.25 Simulation 3.13;Blade_NACA_0015_Circ95_Sol1.25 Simulation 3.13;Blade_NACA_0015_Circ95_Sol1.25 Simulation 3.13;Blade_NACA_0015_Circ95_Sol1.25 Simulation 3.13;Blade_NACA_0015_Circ95_Sol1.25 Simulation 3.13;Blade_NACA_0015_Circ95_Sol1.25 Simulation 3.13;Blade_NACA_0015_Circ95_Sol1.25 Simulation 3.13;Blade_NACA_0015_Circ95_Sol1.25 Simulation 3.13;Blade_NACA_0015_Circ95_Sol1.25 Simulation 3.13;Blade_NACA_0015_Circ95_Sol1.25 Simulation 3.13;Blade_NACA_0015_Circ95_Sol1.25 Simulation 3.13;Blade_NACA_0015_Circ95_Sol1.25 Simulation 3.13;Blade_NACA_0015_Circ95_Sol1.25 Simulation 3.13;Blade_NACA_0015_Circ95_Sol1.25 Simulation 3.13;Blade_NACA_0015_Circ95_Sol1.25 Simulation 3.13;Blade_NACA_0015_Circ95_Sol1.25 Simulation 3.13;Blade_NACA_0015_Circ95_Sol1.25 Simulation 3.13;Blade_NACA_0015_Circ95_Sol1.25 Simulation 3.13;Blade_NACA_0015_Circ95_Sol1.25 Simulation 3.13;Blade_NACA_0015_Circ95_Sol1.25 Simulation 3.13;Blade_NACA_0015_Circ95_Sol1.25 Simulation 3.13;Blade_NACA_0015_Circ95_Sol1.25 Simulation 3.13;Blade_NACA_0015_Circ95_Sol1.25 Simulation 3.13;Blade_NACA_0015_Circ95_Sol1.25 Simulation 3.13;Blade_NACA_0015_Circ95_Sol1.25 Simulation 3.13;Blade_NACA_0015_Circ95_Sol1.25 Simulation 3.13;Blade_NACA_0015_Circ95_Sol1.25 Simulation 3.13;Blade_NACA_0015_Circ95_Sol1.25 Simulation 3.13;Blade_NACA_0015_Circ95_Sol1.25 Simulation 3.13;Blade_NACA_0015_Circ95_Sol1.25 Simulation 3.13;Blade_NACA_0015_Circ95_Sol1.25 Simulation 3.13;Blade_NACA_0015_Circ95_Sol1.25 Simulation 3.13
Azimuthal Angle Theta [deg];Rotor Torque [Nm];Azimuthal Angle Theta [deg];Rotor Torque [Nm];Azimuthal Angle Theta [deg];Rotor Torque [Nm];Azimuthal Angle Theta [deg];Rotor Torque [Nm];Azimuthal Angle Theta [deg];Rotor Torque [Nm];Azimuthal Angle Theta [deg];Rotor Torque [Nm];Azimuthal Angle Theta [deg];Rotor Torque [Nm];Azimuthal Angle Theta [deg];Rotor Torque [Nm];Azimuthal Angle Theta [deg];Rotor Torque [Nm];Azimuthal Angle Theta [deg];Rotor Torque [Nm];Azimuthal Angle Theta [deg];Rotor Torque [Nm];Azimuthal Angle Theta [deg];Rotor Torque [Nm];Azimuthal Angle Theta [deg];Rotor Torque [Nm];Azimuthal Angle Theta [deg];Rotor Torque [Nm];Azimuthal Angle Theta [deg];Rotor Torque [Nm];Azimuthal Angle Theta [deg];Rotor Torque [Nm];Azimuthal Angle Theta [deg];Rotor Torque [Nm];Azimuthal Angle Theta [deg];Rotor Torque [Nm];Azimuthal Angle Theta [deg];Rotor Torque [Nm];Azimuthal Angle Theta [deg];Rotor Torque [Nm];Azimuthal Angle Theta [deg];Rotor Torque [Nm];Azimuthal Angle Theta [deg];Rotor Torque [Nm];Azimuthal Angle Theta [deg];Rotor Torque [Nm];Azimuthal Angle Theta [deg];Rotor Torque [Nm];Azimuthal Angle Theta [deg];Rotor Torque [Nm];Azimuthal Angle Theta [deg];Rotor Torque [Nm];Azimuthal Angle Theta [deg];Rotor Torque [Nm];Azimuthal Angle Theta [deg];Rotor Torque [Nm];Azimuthal Angle Theta [deg];Rotor Torque [Nm];Azimuthal Angle Theta [deg];Rotor Torque [Nm];Azimuthal Angle Theta [deg];Rotor Torque [Nm];Azimuthal Angle Theta [deg];Rotor Torque [Nm];Azimuthal Angle Theta [deg];Rotor Torque [Nm];Azimuthal Angle Theta [deg];Rotor Torque [Nm];Azimuthal Angle Theta [deg];Rotor Torque [Nm];Azimuthal Angle Theta [deg];Rotor Torque [Nm];Azimuthal Angle Theta [deg];Rotor Torque [Nm];Azimuthal Angle Theta [deg];Rotor Torque [Nm];Azimuthal Angle Theta [deg];Rotor Torque [Nm];Azimuthal Angle Theta [deg];Rotor Torque [Nm];Azimuthal Angle Theta [deg];Rotor Torque [Nm];Azimuthal Angle Theta [deg];Rotor Torque [Nm];Azimuthal Angle Theta [deg];Rotor Torque [Nm];Azimuthal Angle Theta [deg];Rotor Torque [Nm];Azimuthal Angle Theta [deg];Rotor Torque [Nm];Azimuthal Angle Theta [deg];Rotor Torque [Nm];Azimuthal Angle Theta [deg];Rotor Torque [Nm];Azimuthal Angle Theta [deg];Rotor Torque [Nm];Azimuthal Angle Theta [deg];Rotor Torque [Nm];Azimuthal Angle Theta [deg];Rotor Torque [Nm];Azimuthal Angle Theta [deg];Rotor Torque [Nm];Azimuthal Angle Theta [deg];Rotor Torque [Nm];Azimuthal Angle Theta [deg];Rotor Torque [Nm];Azimuthal Angle Theta [deg];Rotor Torque [Nm];Azimuthal Angle Theta [deg];Rotor Torque [Nm];Azimuthal Angle Theta [deg];Rotor Torque [Nm];Azimuthal Angle Theta [deg];Rotor Torque [Nm];Azimuthal Angle Theta [deg];Rotor Torque [Nm];Azimuthal Angle Theta [deg];Rotor Torque [Nm];Azimuthal Angle Theta [deg];Rotor Torque [Nm];Azimuthal Angle Theta [deg];Rotor Torque [Nm];Azimuthal Angle Theta [deg];Rotor Torque [Nm];Azimuthal Angle Theta [deg];Rotor Torque [Nm];Azimuthal Angle Theta [deg];Rotor Torque [Nm];Azimuthal Angle Theta [deg];Rotor Torque [Nm];Azimuthal Angle Theta [deg];Rotor Torque [Nm];Azimuthal Angle Theta [deg];Rotor Torque [Nm];Azimuthal Angle Theta [deg];Rotor Torque [Nm];Azimuthal Angle Theta [deg];Rotor Torque [Nm];Azimuthal Angle Theta [deg];Rotor Torque [Nm];Azimuthal Angle Theta [deg];Rotor Torque [Nm];Azimuthal Angle Theta [deg];Rotor Torque [Nm];Azimuthal Angle Theta [deg];Rotor Torque [Nm];Azimuthal Angle Theta [deg];Rotor Torque [Nm];Azimuthal Angle Theta [deg];Rotor Torque [Nm];Azimuthal Angle Theta [deg];Rotor Torque [Nm];Azimuthal Angle Theta [deg];Rotor Torque [Nm];Azimuthal Angle Theta [deg];Rotor Torque [Nm];Azimuthal Angle Theta [deg];Rotor Torque [Nm];Azimuthal Angle Theta [deg];Rotor Torque [Nm];Azimuthal Angle Theta [deg];Rotor Torque [Nm];Azimuthal Angle Theta [deg];Rotor Torque [Nm];Azimuthal Angle Theta [deg];Rotor Torque [Nm];Azimuthal Angle Theta [deg];Rotor Torque [Nm];Azimuthal Angle Theta [deg];Rotor Torque [Nm];Azimuthal Angle Theta [deg];Rotor Torque [Nm];Azimuthal Angle Theta [deg];Rotor Torque [Nm];Azimuthal Angle Theta [deg];Rotor Torque [Nm];Azimuthal Angle Theta [deg];Rotor Torque [Nm];Azimuthal Angle Theta [deg];Rotor Torque [Nm];Azimuthal Angle Theta [deg];Rotor Torque [Nm];Azimuthal Angle Theta [deg];Rotor Torque [Nm];Azimuthal Angle Theta [deg];Rotor Torque [Nm];Azimuthal Angle Theta [deg];Rotor Torque [Nm];Azimuthal Angle Theta [deg];Rotor Torque [Nm];Azimuthal Angle Theta [deg];Rotor Torque [Nm];Azimuthal Angle Theta [deg];Rotor Torque [Nm];Azimuthal Angle Theta [deg];Rotor Torque [Nm];Azimuthal Angle Theta [deg];Rotor Torque [Nm];Azimuthal Angle Theta [deg];Rotor Torque [Nm];Azimuthal Angle Theta [deg];Rotor Torque [Nm];Azimuthal Angle Theta [deg];Rotor Torque [Nm];Azimuthal Angle Theta [deg];Rotor Torque [Nm];Azimuthal Angle Theta [deg];Rotor Torque [Nm];Azimuthal Angle Theta [deg];Rotor Torque [Nm];Azimuthal Angle Theta [deg];Rotor Torque [Nm];Azimuthal Angle Theta [deg];Rotor Torque [Nm];Azimuthal Angle Theta [deg];Rotor Torque [Nm];Azimuthal Angle Theta [deg];Rotor Torque [Nm];Azimuthal Angle Theta [deg];Rotor Torque [Nm];Azimuthal Angle Theta [deg];Rotor Torque [Nm];Azimuthal Angle Theta [deg];Rotor Torque [Nm];Azimuthal Angle Theta [deg];Rotor Torque [Nm];Azimuthal Angle Theta [deg];Rotor Torque [Nm];Azimuthal Angle Theta [deg];Rotor Torque [Nm];Azimuthal Angle Theta [deg];Rotor Torque [Nm];Azimuthal Angle Theta [deg];Rotor Torque [Nm];Azimuthal Angle Theta [deg];Rotor Torque [Nm];Azimuthal Angle Theta [deg];Rotor Torque [Nm];Azimuthal Angle Theta [deg];Rotor Torque [Nm];Azimuthal Angle Theta [deg];Rotor Torque [Nm];Azimuthal Angle Theta [deg];Rotor Torque [Nm];Azimuthal Angle Theta [deg];Rotor Torque [Nm];Azimuthal Angle Theta [deg];Rotor Torque [Nm];Azimuthal Angle Theta [deg];Rotor Torque [Nm];Azimuthal Angle Theta [deg];Rotor Torque [Nm];Azimuthal Angle Theta [deg];Rotor Torque [Nm];Azimuthal Angle Theta [deg];Rotor Torque [Nm];Azimuthal Angle Theta [deg];Rotor Torque [Nm];Azimuthal Angle Theta [deg];Rotor Torque [Nm];Azimuthal Angle Theta [deg];Rotor Torque [Nm];Azimuthal Angle Theta [deg];Rotor Torque [Nm];Azimuthal Angle Theta [deg];Rotor Torque [Nm];Azimuthal Angle Theta [deg];Rotor Torque [Nm];Azimuthal Angle Theta [deg];Rotor Torque [Nm];Azimuthal Angle Theta [deg];Rotor Torque [Nm];Azimuthal Angle Theta [deg];Rotor Torque [Nm];Azimuthal Angle Theta [deg];Rotor Torque [Nm];Azimuthal Angle Theta [deg];Rotor Torque [Nm];Azimuthal Angle Theta [deg];Rotor Torque [Nm];Azimuthal Angle Theta [deg];Rotor Torque [Nm];Azimuthal Angle Theta [deg];Rotor Torque [Nm];Azimuthal Angle Theta [deg];Rotor Torque [Nm];Azimuthal Angle Theta [deg];Rotor Torque [Nm];Azimuthal Angle Theta [deg];Rotor Torque [Nm];Azimuthal Angle Theta [deg];Rotor Torque [Nm];Azimuthal Angle Theta [deg];Rotor Torque [Nm];Azimuthal Angle Theta [deg];Rotor Torque [Nm];Azimuthal Angle Theta [deg];Rotor Torque [Nm];Azimuthal Angle Theta [deg];Rotor Torque [Nm];Azimuthal Angle Theta [deg];Rotor Torque [Nm];Azimuthal Angle Theta [deg];Rotor Torque [Nm];Azimuthal Angle Theta [deg];Rotor Torque [Nm];Azimuthal Angle Theta [deg];Rotor Torque [Nm];Azimuthal Angle Theta [deg];Rotor Torque [Nm];Azimuthal Angle Theta [deg];Rotor Torque [Nm];Azimuthal Angle Theta [deg];Rotor Torque [Nm];Azimuthal Angle Theta [deg];Rotor Torque [Nm];Azimuthal Angle Theta [deg];Rotor Torque [Nm];Azimuthal Angle Theta [deg];Rotor Torque [Nm];Azimuthal Angle Theta [deg];Rotor Torque [Nm];Azimuthal Angle Theta [deg];Rotor Torque [Nm];Azimuthal Angle Theta [deg];Rotor Torque [Nm];Azimuthal Angle Theta [deg];Rotor Torque [Nm];Azimuthal Angle Theta [deg];Rotor Torque [Nm];Azimuthal Angle Theta [deg];Rotor Torque [Nm];Azimuthal Angle Theta [deg];Rotor Torque [Nm];Azimuthal Angle Theta [deg];Rotor Torque [Nm];Azimuthal Angle Theta [deg];Rotor Torque [Nm];Azimuthal Angle Theta [deg];Rotor Torque [Nm];Azimuthal Angle Theta [deg];Rotor Torque [Nm];Azimuthal Angle Theta [deg];Rotor Torque [Nm];Azimuthal Angle Theta [deg];Rotor Torque [Nm];Azimuthal Angle Theta [deg];Rotor Torque [Nm];Azimuthal Angle Theta [deg];Rotor Torque [Nm];Azimuthal Angle Theta [deg];Rotor Torque [Nm];Azimuthal Angle Theta [deg];Rotor Torque [Nm];Azimuthal Angle Theta [deg];Rotor Torque [Nm];Azimuthal Angle Theta [deg];Rotor Torque [Nm];Azimuthal Angle Theta [deg];Rotor Torque [Nm];Azimuthal Angle Theta [deg];Rotor Torque [Nm];Azimuthal Angle Theta [deg];Rotor Torque [Nm];Azimuthal Angle Theta [deg];Rotor Torque [Nm];Azimuthal Angle Theta [deg];Rotor Torque [Nm];Azimuthal Angle Theta [deg];Rotor Torque [Nm];Azimuthal Angle Theta [deg];Rotor Torque [Nm];Azimuthal Angle Theta [deg];Rotor Torque [Nm];Azimuthal Angle Theta [deg];Rotor Torque [Nm];Azimuthal Angle Theta [deg];Rotor Torque [Nm];Azimuthal Angle Theta [deg];Rotor Torque [Nm];Azimuthal Angle Theta [deg];Rotor Torque [Nm];Azimuthal Angle Theta [deg];Rotor Torque [Nm];Azimuthal Angle Theta [deg];Rotor Torque [Nm];Azimuthal Angle Theta [deg];Rotor Torque [Nm];Azimuthal Angle Theta [deg];Rotor Torque [Nm];Azimuthal Angle Theta [deg];Rotor Torque [Nm];Azimuthal Angle Theta [deg];Rotor Torque [Nm];Azimuthal Angle Theta [deg];Rotor Torque [Nm];Azimuthal Angle Theta [deg];Rotor Torque [Nm];Azimuthal Angle Theta [deg];Rotor Torque [Nm];Azimuthal Angle Theta [deg];Rotor Torque [Nm];Azimuthal Angle Theta [deg];Rotor Torque [Nm];Azimuthal Angle Theta [deg];Rotor Torque [Nm];Azimuthal Angle Theta [deg];Rotor Torque [Nm];Azimuthal Angle Theta [deg];Rotor Torque [Nm];Azimuthal Angle Theta [deg];Rotor Torque [Nm];Azimuthal Angle Theta [deg];Rotor Torque [Nm];Azimuthal Angle Theta [deg];Rotor Torque [Nm];Azimuthal Angle Theta [deg];Rotor Torque [Nm];Azimuthal Angle Theta [deg];Rotor Torque [Nm];Azimuthal Angle Theta [deg];Rotor Torque [Nm];Azimuthal Angle Theta [deg];Rotor Torque [Nm];Azimuthal Angle Theta [deg];Rotor Torque [Nm];Azimuthal Angle Theta [deg];Rotor Torque [Nm];Azimuthal Angle Theta [deg];Rotor Torque [Nm];Azimuthal Angle Theta [deg];Rotor Torque [Nm];Azimuthal Angle Theta [deg];Rotor Torque [Nm];Azimuthal Angle Theta [deg];Rotor Torque [Nm];Azimuthal Angle Theta [deg];Rotor Torque [Nm];Azimuthal Angle Theta [deg];Rotor Torque [Nm];Azimuthal Angle Theta [deg];Rotor Torque [Nm];Azimuthal Angle Theta [deg];Rotor Torque [Nm];Azimuthal Angle Theta [deg];Rotor Torque [Nm];Azimuthal Angle Theta [deg];Rotor Torque [Nm];Azimuthal Angle Theta [deg];Rotor Torque [Nm];Azimuthal Angle Theta [deg];Rotor Torque [Nm];Azimuthal Angle Theta [deg];Rotor Torque [Nm];Azimuthal Angle Theta [deg];Rotor Torque [Nm];Azimuthal Angle Theta [deg];Rotor Torque [Nm];Azimuthal Angle Theta [deg];Rotor Torque [Nm];Azimuthal Angle Theta [deg];Rotor Torque [Nm];Azimuthal Angle Theta [deg];Rotor Torque [Nm];Azimuthal Angle Theta [deg];Rotor Torque [Nm];Azimuthal Angle Theta [deg];Rotor Torque [Nm];Azimuthal Angle Theta [deg];Rotor Torque [Nm];Azimuthal Angle Theta [deg];Rotor Torque [Nm];Azimuthal Angle Theta [deg];Rotor Torque [Nm];Azimuthal Angle Theta [deg];Rotor Torque [Nm];Azimuthal Angle Theta [deg];Rotor Torque [Nm];Azimuthal Angle Theta [deg];Rotor Torque [Nm];Azimuthal Angle Theta [deg];Rotor Torque [Nm];Azimuthal Angle Theta [deg];Rotor Torque [Nm];Azimuthal Angle Theta [deg];Rotor Torque [Nm];Azimuthal Angle Theta [deg];Rotor Torque [Nm];Azimuthal Angle Theta [deg];Rotor Torque [Nm];Azimuthal Angle Theta [deg];Rotor Torque [Nm];Azimuthal Angle Theta [deg];Rotor Torque [Nm];Azimuthal Angle Theta [deg];Rotor Torque [Nm];Azimuthal Angle Theta [deg];Rotor Torque [Nm];Azimuthal Angle Theta [deg];Rotor Torque [Nm];Azimuthal Angle Theta [deg];Rotor Torque [Nm];Azimuthal Angle Theta [deg];Rotor Torque [Nm];Azimuthal Angle Theta [deg];Rotor Torque [Nm];Azimuthal Angle Theta [deg];Rotor Torque [Nm];Azimuthal Angle Theta [deg];Rotor Torque [Nm];Azimuthal Angle Theta [deg];Rotor Torque [Nm];Azimuthal Angle Theta [deg];Rotor Torque [Nm];Azimuthal Angle Theta [deg];Rotor Torque [Nm];Azimuthal Angle Theta [deg];Rotor Torque [Nm];Azimuthal Angle Theta [deg];Rotor Torque [Nm];Azimuthal Angle Theta [deg];Rotor Torque [Nm];Azimuthal Angle Theta [deg];Rotor Torque [Nm];Azimuthal Angle Theta [deg];Rotor Torque [Nm];Azimuthal Angle Theta [deg];Rotor Torque [Nm];Azimuthal Angle Theta [deg];Rotor Torque [Nm];Azimuthal Angle Theta [deg];Rotor Torque [Nm];Azimuthal Angle Theta [deg];Rotor Torque [Nm];Azimuthal Angle Theta [deg];Rotor Torque [Nm];Azimuthal Angle Theta [deg];Rotor Torque [Nm];Azimuthal Angle Theta [deg];Rotor Torque [Nm];Azimuthal Angle Theta [deg];Rotor Torque [Nm];Azimuthal Angle Theta [deg];Rotor Torque [Nm];Azimuthal Angle Theta [deg];Rotor Torque [Nm];Azimuthal Angle Theta [deg];Rotor Torque [Nm];Azimuthal Angle Theta [deg];Rotor Torque [Nm];Azimuthal Angle Theta [deg];Rotor Torque [Nm];Azimuthal Angle Theta [deg];Rotor Torque [Nm];Azimuthal Angle Theta [deg];Rotor Torque [Nm];Azimuthal Angle Theta [deg];Rotor Torque [Nm];Azimuthal Angle Theta [deg];Rotor Torque [Nm];Azimuthal Angle Theta [deg];Rotor Torque [Nm];Azimuthal Angle Theta [deg];Rotor Torque [Nm];Azimuthal Angle Theta [deg];Rotor Torque [Nm];Azimuthal Angle Theta [deg];Rotor Torque [Nm];Azimuthal Angle Theta [deg];Rotor Torque [Nm];Azimuthal Angle Theta [deg];Rotor Torque [Nm];Azimuthal Angle Theta [deg];Rotor Torque [Nm];Azimuthal Angle Theta [deg];Rotor Torque [Nm];Azimuthal Angle Theta [deg];Rotor Torque [Nm];Azimuthal Angle Theta [deg];Rotor Torque [Nm];Azimuthal Angle Theta [deg];Rotor Torque [Nm];Azimuthal Angle Theta [deg];Rotor Torque [Nm];Azimuthal Angle Theta [deg];Rotor Torque [Nm];Azimuthal Angle Theta [deg];Rotor Torque [Nm];Azimuthal Angle Theta [deg];Rotor Torque [Nm];Azimuthal Angle Theta [deg];Rotor Torque [Nm];Azimuthal Angle Theta [deg];Rotor Torque [Nm];Azimuthal Angle Theta [deg];Rotor Torque [Nm];Azimuthal Angle Theta [deg];Rotor Torque [Nm];Azimuthal Angle Theta [deg];Rotor Torque [Nm];Azimuthal Angle Theta [deg];Rotor Torque [Nm];Azimuthal Angle Theta [deg];Rotor Torque [Nm];Azimuthal Angle Theta [deg];Rotor Torque [Nm];Azimuthal Angle Theta [deg];Rotor Torque [Nm];Azimuthal Angle Theta [deg];Rotor Torque [Nm];Azimuthal Angle Theta [deg];Rotor Torque [Nm];Azimuthal Angle Theta [deg];Rotor Torque [Nm];Azimuthal Angle Theta [deg];Rotor Torque [Nm];Azimuthal Angle Theta [deg];Rotor Torque [Nm];Azimuthal Angle Theta [deg];Rotor Torque [Nm];Azimuthal Angle Theta [deg];Rotor Torque [Nm];Azimuthal Angle Theta [deg];Rotor Torque [Nm];Azimuthal Angle Theta [deg];Rotor Torque [Nm];Azimuthal Angle Theta [deg];Rotor Torque [Nm];Azimuthal Angle Theta [deg];Rotor Torque [Nm];Azimuthal Angle Theta [deg];Rotor Torque [Nm];Azimuthal Angle Theta [deg];Rotor Torque [Nm];Azimuthal Angle Theta [deg];Rotor Torque [Nm];Azimuthal Angle Theta [deg];Rotor Torque [Nm];Azimuthal Angle Theta [deg];Rotor Torque [Nm];Azimuthal Angle Theta [deg];Rotor Torque [Nm];Azimuthal Angle Theta [deg];Rotor Torque [Nm];Azimuthal Angle Theta [deg];Rotor Torque [Nm];Azimuthal Angle Theta [deg];Rotor Torque [Nm];Azimuthal Angle Theta [deg];Rotor Torque [Nm];Azimuthal Angle Theta [deg];Rotor Torque [Nm];Azimuthal Angle Theta [deg];Rotor Torque [Nm];Azimuthal Angle Theta [deg];Rotor Torque [Nm];Azimuthal Angle Theta [deg];Rotor Torque [Nm];Azimuthal Angle Theta [deg];Rotor Torque [Nm];Azimuthal Angle Theta [deg];Rotor Torque [Nm];Azimuthal Angle Theta [deg];Rotor Torque [Nm];Azimuthal Angle Theta [deg];Rotor Torque [Nm];Azimuthal Angle Theta [deg];Rotor Torque [Nm];Azimuthal Angle Theta [deg];Rotor Torque [Nm];Azimuthal Angle Theta [deg];Rotor Torque [Nm];Azimuthal Angle Theta [deg];Rotor Torque [Nm];Azimuthal Angle Theta [deg];Rotor Torque [Nm];Azimuthal Angle Theta [deg];Rotor Torque [Nm];Azimuthal Angle Theta [deg];Rotor Torque [Nm];Azimuthal Angle Theta [deg];Rotor Torque [Nm];Azimuthal Angle Theta [deg];Rotor Torque [Nm];Azimuthal Angle Theta [deg];Rotor Torque [Nm];Azimuthal Angle Theta [deg];Rotor Torque [Nm];Azimuthal Angle Theta [deg];Rotor Torque [Nm];Azimuthal Angle Theta [deg];Rotor Torque [Nm];Azimuthal Angle Theta [deg];Rotor Torque [Nm];Azimuthal Angle Theta [deg];Rotor Torque [Nm];Azimuthal Angle Theta [deg];Rotor Torque [Nm];Azimuthal Angle Theta [deg];Rotor Torque [Nm];Azimuthal Angle Theta [deg];Rotor Torque [Nm];Azimuthal Angle Theta [deg];Rotor Torque [Nm];Azimuthal Angle Theta [deg];Rotor Torque [Nm];Azimuthal Angle Theta [deg];Rotor Torque [Nm];Azimuthal Angle Theta [deg];Rotor Torque [Nm];Azimuthal Angle Theta [deg];Rotor Torque [Nm];Azimuthal Angle Theta [deg];Rotor Torque [Nm];Azimuthal Angle Theta [deg];Rotor Torque [Nm];Azimuthal Angle Theta [deg];Rotor Torque [Nm];Azimuthal Angle Theta [deg];Rotor Torque [Nm];Azimuthal Angle Theta [deg];Rotor Torque [Nm];Azimuthal Angle Theta [deg];Rotor Torque [Nm];Azimuthal Angle Theta [deg];Rotor Torque [Nm];Azimuthal Angle Theta [deg];Rotor Torque [Nm];Azimuthal Angle Theta [deg];Rotor Torque [Nm];Azimuthal Angle Theta [deg];Rotor Torque [Nm];Azimuthal Angle Theta [deg];Rotor Torque [Nm];Azimuthal Angle Theta [deg];Rotor Torque [Nm];Azimuthal Angle Theta [deg];Rotor Torque [Nm];Azimuthal Angle Theta [deg];Rotor Torque [Nm];Azimuthal Angle Theta [deg];Rotor Torque [Nm];Azimuthal Angle Theta [deg];Rotor Torque [Nm];Azimuthal Angle Theta [deg];Rotor Torque [Nm];Azimuthal Angle Theta [deg];Rotor Torque [Nm];Azimuthal Angle Theta [deg];Rotor Torque [Nm];Azimuthal Angle Theta [deg];Rotor Torque [Nm];Azimuthal Angle Theta [deg];Rotor Torque [Nm];Azimuthal Angle Theta [deg];Rotor Torque [Nm];Azimuthal Angle Theta [deg];Rotor Torque [Nm];Azimuthal Angle Theta [deg];Rotor Torque [Nm];Azimuthal Angle Theta [deg];Rotor Torque [Nm];Azimuthal Angle Theta [deg];Rotor Torque [Nm];Azimuthal Angle Theta [deg];Rotor Torque [Nm];Azimuthal Angle Theta [deg];Rotor Torque [Nm];Azimuthal Angle Theta [deg];Rotor Torque [Nm];Azimuthal Angle Theta [deg];Rotor Torque [Nm];Azimuthal Angle Theta [deg];Rotor Torque [Nm];Azimuthal Angle Theta [deg];Rotor Torque [Nm];Azimuthal Angle Theta [deg];Rotor Torque [Nm];Azimuthal Angle Theta [deg];Rotor Torque [Nm];Azimuthal Angle Theta [deg];Rotor Torque [Nm];Azimuthal Angle Theta [deg];Rotor Torque [Nm];Azimuthal Angle Theta [deg];Rotor Torque [Nm];Azimuthal Angle Theta [deg];Rotor Torque [Nm];Azimuthal Angle Theta [deg];Rotor Torque [Nm];Azimuthal Angle Theta [deg];Rotor Torque [Nm];Azimuthal Angle Theta [deg];Rotor Torque [Nm];Azimuthal Angle Theta [deg];Rotor Torque [Nm];Azimuthal Angle Theta [deg];Rotor Torque [Nm];Azimuthal Angle Theta [deg];Rotor Torque [Nm];Azimuthal Angle Theta [deg];Rotor Torque [Nm];Azimuthal Angle Theta [deg];Rotor Torque [Nm];Azimuthal Angle Theta [deg];Rotor Torque [Nm];Azimuthal Angle Theta [deg];Rotor Torque [Nm];Azimuthal Angle Theta [deg];Rotor Torque [Nm];Azimuthal Angle Theta [deg];Rotor Torque [Nm];Azimuthal Angle Theta [deg];Rotor Torque [Nm];Azimuthal Angle Theta [deg];Rotor Torque [Nm];Azimuthal Angle Theta [deg];Rotor Torque [Nm];Azimuthal Angle Theta [deg];Rotor Torque [Nm];Azimuthal Angle Theta [deg];Rotor Torque [Nm];Azimuthal Angle Theta [deg];Rotor Torque [Nm];Azimuthal Angle Theta [deg];Rotor Torque [Nm];Azimuthal Angle Theta [deg];Rotor Torque [Nm];Azimuthal Angle Theta [deg];Rotor Torque [Nm];Azimuthal Angle Theta [deg];Rotor Torque [Nm];Azimuthal Angle Theta [deg];Rotor Torque [Nm];Azimuthal Angle Theta [deg];Rotor Torque [Nm];Azimuthal Angle Theta [deg];Rotor Torque [Nm];Azimuthal Angle Theta [deg];Rotor Torque [Nm];Azimuthal Angle Theta [deg];Rotor Torque [Nm];Azimuthal Angle Theta [deg];Rotor Torque [Nm];Azimuthal Angle Theta [deg];Rotor Torque [Nm];Azimuthal Angle Theta [deg];Rotor Torque [Nm];Azimuthal Angle Theta [deg];Rotor Torque [Nm];Azimuthal Angle Theta [deg];Rotor Torque [Nm];Azimuthal Angle Theta [deg];Rotor Torque [Nm];Azimuthal Angle Theta [deg];Rotor Torque [Nm];Azimuthal Angle Theta [deg];Rotor Torque [Nm];Azimuthal Angle Theta [deg];Rotor Torque [Nm];Azimuthal Angle Theta [deg];Rotor Torque [Nm];Azimuthal Angle Theta [deg];Rotor Torque [Nm];Azimuthal Angle Theta [deg];Rotor Torque [Nm];Azimuthal Angle Theta [deg];Rotor Torque [Nm];Azimuthal Angle Theta [deg];Rotor Torque [Nm];Azimuthal Angle Theta [deg];Rotor Torque [Nm];Azimuthal Angle Theta [deg];Rotor Torque [Nm];Azimuthal Angle Theta [deg];Rotor Torque [Nm];Azimuthal Angle Theta [deg];Rotor Torque [Nm];Azimuthal Angle Theta [deg];Rotor Torque [Nm];Azimuthal Angle Theta [deg];Rotor Torque [Nm];Azimuthal Angle Theta [deg];Rotor Torque [Nm];Azimuthal Angle Theta [deg];Rotor Torque [Nm];Azimuthal Angle Theta [deg];Rotor Torque [Nm];Azimuthal Angle Theta [deg];Rotor Torque [Nm];Azimuthal Angle Theta [deg];Rotor Torque [Nm];Azimuthal Angle Theta [deg];Rotor Torque [Nm];Azimuthal Angle Theta [deg];Rotor Torque [Nm];Azimuthal Angle Theta [deg];Rotor Torque [Nm];Azimuthal Angle Theta [deg];Rotor Torque [Nm];Azimuthal Angle Theta [deg];Rotor Torque [Nm];Azimuthal Angle Theta [deg];Rotor Torque [Nm];Azimuthal Angle Theta [deg];Rotor Torque [Nm];Azimuthal Angle Theta [deg];Rotor Torque [Nm];Azimuthal Angle Theta [deg];Rotor Torque [Nm];Azimuthal Angle Theta [deg];Rotor Torque [Nm];Azimuthal Angle Theta [deg];Rotor Torque [Nm];Azimuthal Angle Theta [deg];Rotor Torque [Nm];Azimuthal Angle Theta [deg];Rotor Torque [Nm];Azimuthal Angle Theta [deg];Rotor Torque [Nm];Azimuthal Angle Theta [deg];Rotor Torque [Nm];Azimuthal Angle Theta [deg];Rotor Torque [Nm];Azimuthal Angle Theta [deg];Rotor Torque [Nm];Azimuthal Angle Theta [deg];Rotor Torque [Nm];Azimuthal Angle Theta [deg];Rotor Torque [Nm];Azimuthal Angle Theta [deg];Rotor Torque [Nm];Azimuthal Angle Theta [deg];Rotor Torque [Nm];Azimuthal Angle Theta [deg];Rotor Torque [Nm];Azimuthal Angle Theta [deg];Rotor Torque [Nm];Azimuthal Angle Theta [deg];Rotor Torque [Nm];Azimuthal Angle Theta [deg];Rotor Torque [Nm];Azimuthal Angle Theta [deg];Rotor Torque [Nm];Azimuthal Angle Theta [deg];Rotor Torque [Nm];Azimuthal Angle Theta [deg];Rotor Torque [Nm];Azimuthal Angle Theta [deg];Rotor Torque [Nm];Azimuthal Angle Theta [deg];Rotor Torque [Nm];Azimuthal Angle Theta [deg];Rotor Torque [Nm];Azimuthal Angle Theta [deg];Rotor Torque [Nm];Azimuthal Angle Theta [deg];Rotor Torque [Nm];Azimuthal Angle Theta [deg];Rotor Torque [Nm];Azimuthal Angle Theta [deg];Rotor Torque [Nm];Azimuthal Angle Theta [deg];Rotor Torque [Nm];Azimuthal Angle Theta [deg];Rotor Torque [Nm];Azimuthal Angle Theta [deg];Rotor Torque [Nm];Azimuthal Angle Theta [deg];Rotor Torque [Nm];Azimuthal Angle Theta [deg];Rotor Torque [Nm];Azimuthal Angle Theta [deg];Rotor Torque [Nm];Azimuthal Angle Theta [deg];Rotor Torque [Nm];Azimuthal Angle Theta [deg];Rotor Torque [Nm];Azimuthal Angle Theta [deg];Rotor Torque [Nm];Azimuthal Angle Theta [deg];Rotor Torque [Nm];Azimuthal Angle Theta [deg];Rotor Torque [Nm];Azimuthal Angle Theta [deg];Rotor Torque [Nm];Azimuthal Angle Theta [deg];Rotor Torque [Nm];Azimuthal Angle Theta [deg];Rotor Torque [Nm];Azimuthal Angle Theta [deg];Rotor Torque [Nm];Azimuthal Angle Theta [deg];Rotor Torque [Nm];Azimuthal Angle Theta [deg];Rotor Torque [Nm];Azimuthal Angle Theta [deg];Rotor Torque [Nm];Azimuthal Angle Theta [deg];Rotor Torque [Nm];Azimuthal Angle Theta [deg];Rotor Torque [Nm];Azimuthal Angle Theta [deg];Rotor Torque [Nm];Azimuthal Angle Theta [deg];Rotor Torque [Nm];Azimuthal Angle Theta [deg];Rotor Torque [Nm];Azimuthal Angle Theta [deg];Rotor Torque [Nm];Azimuthal Angle Theta [deg];Rotor Torque [Nm];Azimuthal Angle Theta [deg];Rotor Torque [Nm];Azimuthal Angle Theta [deg];Rotor Torque [Nm];Azimuthal Angle Theta [deg];Rotor Torque [Nm];Azimuthal Angle Theta [deg];Rotor Torque [Nm];Azimuthal Angle Theta [deg];Rotor Torque [Nm];Azimuthal Angle Theta [deg];Rotor Torque [Nm];Azimuthal Angle Theta [deg];Rotor Torque [Nm];Azimuthal Angle Theta [deg];Rotor Torque [Nm];Azimuthal Angle Theta [deg];Rotor Torque [Nm];Azimuthal Angle Theta [deg];Rotor Torque [Nm];Azimuthal Angle Theta [deg];Rotor Torque [Nm];Azimuthal Angle Theta [deg];Rotor Torque [Nm];Azimuthal Angle Theta [deg];Rotor Torque [Nm];Azimuthal Angle Theta [deg];Rotor Torque [Nm];Azimuthal Angle Theta [deg];Rotor Torque [Nm];Azimuthal Angle Theta [deg];Rotor Torque [Nm];Azimuthal Angle Theta [deg];Rotor Torque [Nm];Azimuthal Angle Theta [deg];Rotor Torque [Nm];Azimuthal Angle Theta [deg];Rotor Torque [Nm];Azimuthal Angle Theta [deg];Rotor Torque [Nm];Azimuthal Angle Theta [deg];Rotor Torque [Nm];Azimuthal Angle Theta [deg];Rotor Torque [Nm];Azimuthal Angle Theta [deg];Rotor Torque [Nm];Azimuthal Angle Theta [deg];Rotor Torque [Nm];Azimuthal Angle Theta [deg];Rotor Torque [Nm];Azimuthal Angle Theta [deg];Rotor Torque [Nm];Azimuthal Angle Theta [deg];Rotor Torque [Nm];Azimuthal Angle Theta [deg];Rotor Torque [Nm];Azimuthal Angle Theta [deg];Rotor Torque [Nm];Azimuthal Angle Theta [deg];Rotor Torque [Nm];Azimuthal Angle Theta [deg];Rotor Torque [Nm];Azimuthal Angle Theta [deg];Rotor Torque [Nm];Azimuthal Angle Theta [deg];Rotor Torque [Nm];Azimuthal Angle Theta [deg];Rotor Torque [Nm];Azimuthal Angle Theta [deg];Rotor Torque [Nm];Azimuthal Angle Theta [deg];Rotor Torque [Nm];Azimuthal Angle Theta [deg];Rotor Torque [Nm];Azimuthal Angle Theta [deg];Rotor Torque [Nm];Azimuthal Angle Theta [deg];Rotor Torque [Nm];Azimuthal Angle Theta [deg];Rotor Torque [Nm];Azimuthal Angle Theta [deg];Rotor Torque [Nm];Azimuthal Angle Theta [deg];Rotor Torque [Nm];Azimuthal Angle Theta [deg];Rotor Torque [Nm];Azimuthal Angle Theta [deg];Rotor Torque [Nm];Azimuthal Angle Theta [deg];Rotor Torque [Nm];Azimuthal Angle Theta [deg];Rotor Torque [Nm];Azimuthal Angle Theta [deg];Rotor Torque [Nm];Azimuthal Angle Theta [deg];Rotor Torque [Nm];Azimuthal Angle Theta [deg];Rotor Torque [Nm];Azimuthal Angle Theta [deg];Rotor Torque [Nm];Azimuthal Angle Theta [deg];Rotor Torque [Nm];Azimuthal Angle Theta [deg];Rotor Torque [Nm];Azimuthal Angle Theta [deg];Rotor Torque [Nm];Azimuthal Angle Theta [deg];Rotor Torque [Nm];Azimuthal Angle Theta [deg];Rotor Torque [Nm];Azimuthal Angle Theta [deg];Rotor Torque [Nm];Azimuthal Angle Theta [deg];Rotor Torque [Nm];Azimuthal Angle Theta [deg];Rotor Torque [Nm];Azimuthal Angle Theta [deg];Rotor Torque [Nm];Azimuthal Angle Theta [deg];Rotor Torque [Nm];Azimuthal Angle Theta [deg];Rotor Torque [Nm];Azimuthal Angle Theta [deg];Rotor Torque [Nm];Azimuthal Angle Theta [deg];Rotor Torque [Nm];Azimuthal Angle Theta [deg];Rotor Torque [Nm];Azimuthal Angle Theta [deg];Rotor Torque [Nm];Azimuthal Angle Theta [deg];Rotor Torque [Nm];Azimuthal Angle Theta [deg];Rotor Torque [Nm];Azimuthal Angle Theta [deg];Rotor Torque [Nm];Azimuthal Angle Theta [deg];Rotor Torque [Nm];Azimuthal Angle Theta [deg];Rotor Torque [Nm];Azimuthal Angle Theta [deg];Rotor Torque [Nm];Azimuthal Angle Theta [deg];Rotor Torque [Nm];Azimuthal Angle Theta [deg];Rotor Torque [Nm];Azimuthal Angle Theta [deg];Rotor Torque [Nm];Azimuthal Angle Theta [deg];Rotor Torque [Nm];Azimuthal Angle Theta [deg];Rotor Torque [Nm];Azimuthal Angle Theta [deg];Rotor Torque [Nm];Azimuthal Angle Theta [deg];Rotor Torque [Nm];Azimuthal Angle Theta [deg];Rotor Torque [Nm];Azimuthal Angle Theta [deg];Rotor Torque [Nm];Azimuthal Angle Theta [deg];Rotor Torque [Nm];Azimuthal Angle Theta [deg];Rotor Torque [Nm];Azimuthal Angle Theta [deg];Rotor Torque [Nm];Azimuthal Angle Theta [deg];Rotor Torque [Nm];Azimuthal Angle Theta [deg];Rotor Torque [Nm];Azimuthal Angle Theta [deg];Rotor Torque [Nm];Azimuthal Angle Theta [deg];Rotor Torque [Nm];Azimuthal Angle Theta [deg];Rotor Torque [Nm];Azimuthal Angle Theta [deg];Rotor Torque [Nm];Azimuthal Angle Theta [deg];Rotor Torque [Nm];Azimuthal Angle Theta [deg];Rotor Torque [Nm];Azimuthal Angle Theta [deg];Rotor Torque [Nm];Azimuthal Angle Theta [deg];Rotor Torque [Nm];Azimuthal Angle Theta [deg];Rotor Torque [Nm];Azimuthal Angle Theta [deg];Rotor Torque [Nm];Azimuthal Angle Theta [deg];Rotor Torque [Nm];Azimuthal Angle Theta [deg];Rotor Torque [Nm];Azimuthal Angle Theta [deg];Rotor Torque [Nm];Azimuthal Angle Theta [deg];Rotor Torque [Nm];Azimuthal Angle Theta [deg];Rotor Torque [Nm];Azimuthal Angle Theta [deg];Rotor Torque [Nm];Azimuthal Angle Theta [deg];Rotor Torque [Nm];Azimuthal Angle Theta [deg];Rotor Torque [Nm];Azimuthal Angle Theta [deg];Rotor Torque [Nm];Azimuthal Angle Theta [deg];Rotor Torque [Nm];Azimuthal Angle Theta [deg];Rotor Torque [Nm];Azimuthal Angle Theta [deg];Rotor Torque [Nm];Azimuthal Angle Theta [deg];Rotor Torque [Nm];Azimuthal Angle Theta [deg];Rotor Torque [Nm];Azimuthal Angle Theta [deg];Rotor Torque [Nm];Azimuthal Angle Theta [deg];Rotor Torque [Nm];Azimuthal Angle Theta [deg];Rotor Torque [Nm];Azimuthal Angle Theta [deg];Rotor Torque [Nm];Azimuthal Angle Theta [deg];Rotor Torque [Nm];Azimuthal Angle Theta [deg];Rotor Torque [Nm];Azimuthal Angle Theta [deg];Rotor Torque [Nm];Azimuthal Angle Theta [deg];Rotor Torque [Nm];Azimuthal Angle Theta [deg];Rotor Torque [Nm];Azimuthal Angle Theta [deg];Rotor Torque [Nm];Azimuthal Angle Theta [deg];Rotor Torque [Nm];Azimuthal Angle Theta [deg];Rotor Torque [Nm];Azimuthal Angle Theta [deg];Rotor Torque [Nm];Azimuthal Angle Theta [deg];Rotor Torque [Nm];Azimuthal Angle Theta [deg];Rotor Torque [Nm];Azimuthal Angle Theta [deg];Rotor Torque [Nm];Azimuthal Angle Theta [deg];Rotor Torque [Nm];Azimuthal Angle Theta [deg];Rotor Torque [Nm];Azimuthal Angle Theta [deg];Rotor Torque [Nm];Azimuthal Angle Theta [deg];Rotor Torque [Nm];Azimuthal Angle Theta [deg];Rotor Torque [Nm];Azimuthal Angle Theta [deg];Rotor Torque [Nm];Azimuthal Angle Theta [deg];Rotor Torque [Nm];Azimuthal Angle Theta [deg];Rotor Torque [Nm];Azimuthal Angle Theta [deg];Rotor Torque [Nm];Azimuthal Angle Theta [deg];Rotor Torque [Nm];Azimuthal Angle Theta [deg];Rotor Torque [Nm];Azimuthal Angle Theta [deg];Rotor Torque [Nm];Azimuthal Angle Theta [deg];Rotor Torque [Nm];Azimuthal Angle Theta [deg];Rotor Torque [Nm];Azimuthal Angle Theta [deg];Rotor Torque [Nm];Azimuthal Angle Theta [deg];Rotor Torque [Nm];Azimuthal Angle Theta [deg];Rotor Torque [Nm];Azimuthal Angle Theta [deg];Rotor Torque [Nm];Azimuthal Angle Theta [deg];Rotor Torque [Nm];Azimuthal Angle Theta [deg];Rotor Torque [Nm];Azimuthal Angle Theta [deg];Rotor Torque [Nm];Azimuthal Angle Theta [deg];Rotor Torque [Nm];Azimuthal Angle Theta [deg];Rotor Torque [Nm];Azimuthal Angle Theta [deg];Rotor Torque [Nm];Azimuthal Angle Theta [deg];Rotor Torque [Nm];Azimuthal Angle Theta [deg];Rotor Torque [Nm];Azimuthal Angle Theta [deg];Rotor Torque [Nm];Azimuthal Angle Theta [deg];Rotor Torque [Nm];Azimuthal Angle Theta [deg];Rotor Torque [Nm];Azimuthal Angle Theta [deg];Rotor Torque [Nm];Azimuthal Angle Theta [deg];Rotor Torque [Nm];Azimuthal Angle Theta [deg];Rotor Torque [Nm];Azimuthal Angle Theta [deg];Rotor Torque [Nm];Azimuthal Angle Theta [deg];Rotor Torque [Nm];Azimuthal Angle Theta [deg];Rotor Torque [Nm];Azimuthal Angle Theta [deg];Rotor Torque [Nm];Azimuthal Angle Theta [deg];Rotor Torque [Nm];Azimuthal Angle Theta [deg];Rotor Torque [Nm];Azimuthal Angle Theta [deg];Rotor Torque [Nm];Azimuthal Angle Theta [deg];Rotor Torque [Nm];Azimuthal Angle Theta [deg];Rotor Torque [Nm];Azimuthal Angle Theta [deg];Rotor Torque [Nm];Azimuthal Angle Theta [deg];Rotor Torque [Nm];Azimuthal Angle Theta [deg];Rotor Torque [Nm];Azimuthal Angle Theta [deg];Rotor Torque [Nm];Azimuthal Angle Theta [deg];Rotor Torque [Nm];Azimuthal Angle Theta [deg];Rotor Torque [Nm];Azimuthal Angle Theta [deg];Rotor Torque [Nm];Azimuthal Angle Theta [deg];Rotor Torque [Nm];Azimuthal Angle Theta [deg];Rotor Torque [Nm];Azimuthal Angle Theta [deg];Rotor Torque [Nm];Azimuthal Angle Theta [deg];Rotor Torque [Nm];Azimuthal Angle Theta [deg];Rotor Torque [Nm];Azimuthal Angle Theta [deg];Rotor Torque [Nm];Azimuthal Angle Theta [deg];Rotor Torque [Nm];Azimuthal Angle Theta [deg];Rotor Torque [Nm];Azimuthal Angle Theta [deg];Rotor Torque [Nm];Azimuthal Angle Theta [deg];Rotor Torque [Nm];Azimuthal Angle Theta [deg];Rotor Torque [Nm];Azimuthal Angle Theta [deg];Rotor Torque [Nm];Azimuthal Angle Theta [deg];Rotor Torque [Nm];Azimuthal Angle Theta [deg];Rotor Torque [Nm];Azimuthal Angle Theta [deg];Rotor Torque [Nm];Azimuthal Angle Theta [deg];Rotor Torque [Nm];Azimuthal Angle Theta [deg];Rotor Torque [Nm];Azimuthal Angle Theta [deg];Rotor Torque [Nm];Azimuthal Angle Theta [deg];Rotor Torque [Nm];Azimuthal Angle Theta [deg];Rotor Torque [Nm];Azimuthal Angle Theta [deg];Rotor Torque [Nm];Azimuthal Angle Theta [deg];Rotor Torque [Nm];Azimuthal Angle Theta [deg];Rotor Torque [Nm];Azimuthal Angle Theta [deg];Rotor Torque [Nm];Azimuthal Angle Theta [deg];Rotor Torque [Nm];Azimuthal Angle Theta [deg];Rotor Torque [Nm];Azimuthal Angle Theta [deg];Rotor Torque [Nm];Azimuthal Angle Theta [deg];Rotor Torque [Nm];Azimuthal Angle Theta [deg];Rotor Torque [Nm];Azimuthal Angle Theta [deg];Rotor Torque [Nm];Azimuthal Angle Theta [deg];Rotor Torque [Nm];Azimuthal Angle Theta [deg];Rotor Torque [Nm];Azimuthal Angle Theta [deg];Rotor Torque [Nm];Azimuthal Angle Theta [deg];Rotor Torque [Nm];Azimuthal Angle Theta [deg];Rotor Torque [Nm];Azimuthal Angle Theta [deg];Rotor Torque [Nm];Azimuthal Angle Theta [deg];Rotor Torque [Nm];Azimuthal Angle Theta [deg];Rotor Torque [Nm];Azimuthal Angle Theta [deg];Rotor Torque [Nm];Azimuthal Angle Theta [deg];Rotor Torque [Nm];Azimuthal Angle Theta [deg];Rotor Torque [Nm];Azimuthal Angle Theta [deg];Rotor Torque [Nm];Azimuthal Angle Theta [deg];Rotor Torque [Nm];Azimuthal Angle Theta [deg];Rotor Torque [Nm];Azimuthal Angle Theta [deg];Rotor Torque [Nm];Azimuthal Angle Theta [deg];Rotor Torque [Nm];Azimuthal Angle Theta [deg];Rotor Torque [Nm];Azimuthal Angle Theta [deg];Rotor Torque [Nm];Azimuthal Angle Theta [deg];Rotor Torque [Nm];Azimuthal Angle Theta [deg];Rotor Torque [Nm];Azimuthal Angle Theta [deg];Rotor Torque [Nm];Azimuthal Angle Theta [deg];Rotor Torque [Nm];Azimuthal Angle Theta [deg];Rotor Torque [Nm];Azimuthal Angle Theta [deg];Rotor Torque [Nm];Azimuthal Angle Theta [deg];Rotor Torque [Nm];Azimuthal Angle Theta [deg];Rotor Torque [Nm];Azimuthal Angle Theta [deg];Rotor Torque [Nm];Azimuthal Angle Theta [deg];Rotor Torque [Nm];Azimuthal Angle Theta [deg];Rotor Torque [Nm];Azimuthal Angle Theta [deg];Rotor Torque [Nm];Azimuthal Angle Theta [deg];Rotor Torque [Nm];Azimuthal Angle Theta [deg];Rotor Torque [Nm];Azimuthal Angle Theta [deg];Rotor Torque [Nm];Azimuthal Angle Theta [deg];Rotor Torque [Nm];Azimuthal Angle Theta [deg];Rotor Torque [Nm];Azimuthal Angle Theta [deg];Rotor Torque [Nm];Azimuthal Angle Theta [deg];Rotor Torque [Nm];Azimuthal Angle Theta [deg];Rotor Torque [Nm];Azimuthal Angle Theta [deg];Rotor Torque [Nm];Azimuthal Angle Theta [deg];Rotor Torque [Nm];Azimuthal Angle Theta [deg];Rotor Torque [Nm];Azimuthal Angle Theta [deg];Rotor Torque [Nm];Azimuthal Angle Theta [deg];Rotor Torque [Nm];Azimuthal Angle Theta [deg];Rotor Torque [Nm];Azimuthal Angle Theta [deg];Rotor Torque [Nm];Azimuthal Angle Theta [deg];Rotor Torque [Nm];Azimuthal Angle Theta [deg];Rotor Torque [Nm];Azimuthal Angle Theta [deg];Rotor Torque [Nm];Azimuthal Angle Theta [deg];Rotor Torque [Nm];Azimuthal Angle Theta [deg];Rotor Torque [Nm];Azimuthal Angle Theta [deg];Rotor Torque [Nm];Azimuthal Angle Theta [deg];Rotor Torque [Nm];Azimuthal Angle Theta [deg];Rotor Torque [Nm];Azimuthal Angle Theta [deg];Rotor Torque [Nm];Azimuthal Angle Theta [deg];Rotor Torque [Nm];Azimuthal Angle Theta [deg];Rotor Torque [Nm];Azimuthal Angle Theta [deg];Rotor Torque [Nm];Azimuthal Angle Theta [deg];Rotor Torque [Nm];Azimuthal Angle Theta [deg];Rotor Torque [Nm];Azimuthal Angle Theta [deg];Rotor Torque [Nm];Azimuthal Angle Theta [deg];Rotor Torque [Nm];Azimuthal Angle Theta [deg];Rotor Torque [Nm];Azimuthal Angle Theta [deg];Rotor Torque [Nm];Azimuthal Angle Theta [deg];Rotor Torque [Nm];Azimuthal Angle Theta [deg];Rotor Torque [Nm];Azimuthal Angle Theta [deg];Rotor Torque [Nm];Azimuthal Angle Theta [deg];Rotor Torque [Nm];Azimuthal Angle Theta [deg];Rotor Torque [Nm];Azimuthal Angle Theta [deg];Rotor Torque [Nm];Azimuthal Angle Theta [deg];Rotor Torque [Nm];Azimuthal Angle Theta [deg];Rotor Torque [Nm];Azimuthal Angle Theta [deg];Rotor Torque [Nm];Azimuthal Angle Theta [deg];Rotor Torque [Nm];Azimuthal Angle Theta [deg];Rotor Torque [Nm];Azimuthal Angle Theta [deg];Rotor Torque [Nm];Azimuthal Angle Theta [deg];Rotor Torque [Nm];Azimuthal Angle Theta [deg];Rotor Torque [Nm];Azimuthal Angle Theta [deg];Rotor Torque [Nm];Azimuthal Angle Theta [deg];Rotor Torque [Nm];Azimuthal Angle Theta [deg];Rotor Torque [Nm];Azimuthal Angle Theta [deg];Rotor Torque [Nm];Azimuthal Angle Theta [deg];Rotor Torque [Nm];Azimuthal Angle Theta [deg];Rotor Torque [Nm];Azimuthal Angle Theta [deg];Rotor Torque [Nm];Azimuthal Angle Theta [deg];Rotor Torque [Nm];Azimuthal Angle Theta [deg];Rotor Torque [Nm];Azimuthal Angle Theta [deg];Rotor Torque [Nm];Azimuthal Angle Theta [deg];Rotor Torque [Nm];Azimuthal Angle Theta [deg];Rotor Torque [Nm];Azimuthal Angle Theta [deg];Rotor Torque [Nm];Azimuthal Angle Theta [deg];Rotor Torque [Nm];Azimuthal Angle Theta [deg];Rotor Torque [Nm];Azimuthal Angle Theta [deg];Rotor Torque [Nm];Azimuthal Angle Theta [deg];Rotor Torque [Nm];Azimuthal Angle Theta [deg];Rotor Torque [Nm];Azimuthal Angle Theta [deg];Rotor Torque [Nm];Azimuthal Angle Theta [deg];Rotor Torque [Nm];Azimuthal Angle Theta [deg];Rotor Torque [Nm];Azimuthal Angle Theta [deg];Rotor Torque [Nm];Azimuthal Angle Theta [deg];Rotor Torque [Nm];Azimuthal Angle Theta [deg];Rotor Torque [Nm];Azimuthal Angle Theta [deg];Rotor Torque [Nm];Azimuthal Angle Theta [deg];Rotor Torque [Nm];Azimuthal Angle Theta [deg];Rotor Torque [Nm];Azimuthal Angle Theta [deg];Rotor Torque [Nm];Azimuthal Angle Theta [deg];Rotor Torque [Nm];Azimuthal Angle Theta [deg];Rotor Torque [Nm];Azimuthal Angle Theta [deg];Rotor Torque [Nm];Azimuthal Angle Theta [deg];Rotor Torque [Nm];Azimuthal Angle Theta [deg];Rotor Torque [Nm];Azimuthal Angle Theta [deg];Rotor Torque [Nm];Azimuthal Angle Theta [deg];Rotor Torque [Nm];Azimuthal Angle Theta [deg];Rotor Torque [Nm];Azimuthal Angle Theta [deg];Rotor Torque [Nm];Azimuthal Angle Theta [deg];Rotor Torque [Nm];Azimuthal Angle Theta [deg];Rotor Torque [Nm];Azimuthal Angle Theta [deg];Rotor Torque [Nm];Azimuthal Angle Theta [deg];Rotor Torque [Nm];Azimuthal Angle Theta [deg];Rotor Torque [Nm];Azimuthal Angle Theta [deg];Rotor Torque [Nm];Azimuthal Angle Theta [deg];Rotor Torque [Nm];Azimuthal Angle Theta [deg];Rotor Torque [Nm];Azimuthal Angle Theta [deg];Rotor Torque [Nm];Azimuthal Angle Theta [deg];Rotor Torque [Nm];Azimuthal Angle Theta [deg];Rotor Torque [Nm];Azimuthal Angle Theta [deg];Rotor Torque [Nm];Azimuthal Angle Theta [deg];Rotor Torque [Nm];Azimuthal Angle Theta [deg];Rotor Torque [Nm];Azimuthal Angle Theta [deg];Rotor Torque [Nm];Azimuthal Angle Theta [deg];Rotor Torque [Nm];Azimuthal Angle Theta [deg];Rotor Torque [Nm];Azimuthal Angle Theta [deg];Rotor Torque [Nm];Azimuthal Angle Theta [deg];Rotor Torque [Nm];Azimuthal Angle Theta [deg];Rotor Torque [Nm];Azimuthal Angle Theta [deg];Rotor Torque [Nm];Azimuthal Angle Theta [deg];Rotor Torque [Nm];Azimuthal Angle Theta [deg];Rotor Torque [Nm];Azimuthal Angle Theta [deg];Rotor Torque [Nm];Azimuthal Angle Theta [deg];Rotor Torque [Nm];Azimuthal Angle Theta [deg];Rotor Torque [Nm];Azimuthal Angle Theta [deg];Rotor Torque [Nm];Azimuthal Angle Theta [deg];Rotor Torque [Nm];Azimuthal Angle Theta [deg];Rotor Torque [Nm];Azimuthal Angle Theta [deg];Rotor Torque [Nm];Azimuthal Angle Theta [deg];Rotor Torque [Nm];Azimuthal Angle Theta [deg];Rotor Torque [Nm];Azimuthal Angle Theta [deg];Rotor Torque [Nm];Azimuthal Angle Theta [deg];Rotor Torque [Nm];Azimuthal Angle Theta [deg];Rotor Torque [Nm];Azimuthal Angle Theta [deg];Rotor Torque [Nm];Azimuthal Angle Theta [deg];Rotor Torque [Nm];Azimuthal Angle Theta [deg];Rotor Torque [Nm];Azimuthal Angle Theta [deg];Rotor Torque [Nm];Azimuthal Angle Theta [deg];Rotor Torque [Nm];Azimuthal Angle Theta [deg];Rotor Torque [Nm];Azimuthal Angle Theta [deg];Rotor Torque [Nm];Azimuthal Angle Theta [deg];Rotor Torque [Nm];Azimuthal Angle Theta [deg];Rotor Torque [Nm];Azimuthal Angle Theta [deg];Rotor Torque [Nm];Azimuthal Angle Theta [deg];Rotor Torque [Nm];Azimuthal Angle Theta [deg];Rotor Torque [Nm];Azimuthal Angle Theta [deg];Rotor Torque [Nm];Azimuthal Angle Theta [deg];Rotor Torque [Nm];Azimuthal Angle Theta [deg];Rotor Torque [Nm];Azimuthal Angle Theta [deg];Rotor Torque [Nm];Azimuthal Angle Theta [deg];Rotor Torque [Nm];Azimuthal Angle Theta [deg];Rotor Torque [Nm];Azimuthal Angle Theta [deg];Rotor Torque [Nm];Azimuthal Angle Theta [deg];Rotor Torque [Nm];Azimuthal Angle Theta [deg];Rotor Torque [Nm];Azimuthal Angle Theta [deg];Rotor Torque [Nm];Azimuthal Angle Theta [deg];Rotor Torque [Nm];Azimuthal Angle Theta [deg];Rotor Torque [Nm];Azimuthal Angle Theta [deg];Rotor Torque [Nm];Azimuthal Angle Theta [deg];Rotor Torque [Nm];Azimuthal Angle Theta [deg];Rotor Torque [Nm];Azimuthal Angle Theta [deg];Rotor Torque [Nm];Azimuthal Angle Theta [deg];Rotor Torque [Nm];Azimuthal Angle Theta [deg];Rotor Torque [Nm];Azimuthal Angle Theta [deg];Rotor Torque [Nm];Azimuthal Angle Theta [deg];Rotor Torque [Nm];Azimuthal Angle Theta [deg];Rotor Torque [Nm];Azimuthal Angle Theta [deg];Rotor Torque [Nm];Azimuthal Angle Theta [deg];Rotor Torque [Nm];Azimuthal Angle Theta [deg];Rotor Torque [Nm];Azimuthal Angle Theta [deg];Rotor Torque [Nm];Azimuthal Angle Theta [deg];Rotor Torque [Nm];Azimuthal Angle Theta [deg];Rotor Torque [Nm];Azimuthal Angle Theta [deg];Rotor Torque [Nm];Azimuthal Angle Theta [deg];Rotor Torque [Nm];Azimuthal Angle Theta [deg];Rotor Torque [Nm];Azimuthal Angle Theta [deg];Rotor Torque [Nm];Azimuthal Angle Theta [deg];Rotor Torque [Nm];Azimuthal Angle Theta [deg];Rotor Torque [Nm];Azimuthal Angle Theta [deg];Rotor Torque [Nm];Azimuthal Angle Theta [deg];Rotor Torque [Nm];Azimuthal Angle Theta [deg];Rotor Torque [Nm];Azimuthal Angle Theta [deg];Rotor Torque [Nm];Azimuthal Angle Theta [deg];Rotor Torque [Nm];Azimuthal Angle Theta [deg];Rotor Torque [Nm];Azimuthal Angle Theta [deg];Rotor Torque [Nm];Azimuthal Angle Theta [deg];Rotor Torque [Nm];Azimuthal Angle Theta [deg];Rotor Torque [Nm];Azimuthal Angle Theta [deg];Rotor Torque [Nm];Azimuthal Angle Theta [deg];Rotor Torque [Nm];Azimuthal Angle Theta [deg];Rotor Torque [Nm];Azimuthal Angle Theta [deg];Rotor Torque [Nm];Azimuthal Angle Theta [deg];Rotor Torque [Nm];Azimuthal Angle Theta [deg];Rotor Torque [Nm];Azimuthal Angle Theta [deg];Rotor Torque [Nm];Azimuthal Angle Theta [deg];Rotor Torque [Nm];Azimuthal Angle Theta [deg];Rotor Torque [Nm];Azimuthal Angle Theta [deg];Rotor Torque [Nm];Azimuthal Angle Theta [deg];Rotor Torque [Nm];Azimuthal Angle Theta [deg];Rotor Torque [Nm];Azimuthal Angle Theta [deg];Rotor Torque [Nm];Azimuthal Angle Theta [deg];Rotor Torque [Nm];Azimuthal Angle Theta [deg];Rotor Torque [Nm];Azimuthal Angle Theta [deg];Rotor Torque [Nm];Azimuthal Angle Theta [deg];Rotor Torque [Nm];Azimuthal Angle Theta [deg];Rotor Torque [Nm];Azimuthal Angle Theta [deg];Rotor Torque [Nm];Azimuthal Angle Theta [deg];Rotor Torque [Nm];Azimuthal Angle Theta [deg];Rotor Torque [Nm];Azimuthal Angle Theta [deg];Rotor Torque [Nm];Azimuthal Angle Theta [deg];Rotor Torque [Nm];Azimuthal Angle Theta [deg];Rotor Torque [Nm];Azimuthal Angle Theta [deg];Rotor Torque [Nm];Azimuthal Angle Theta [deg];Rotor Torque [Nm];Azimuthal Angle Theta [deg];Rotor Torque [Nm];Azimuthal Angle Theta [deg];Rotor Torque [Nm];Azimuthal Angle Theta [deg];Rotor Torque [Nm];Azimuthal Angle Theta [deg];Rotor Torque [Nm];Azimuthal Angle Theta [deg];Rotor Torque [Nm];Azimuthal Angle Theta [deg];Rotor Torque [Nm];Azimuthal Angle Theta [deg];Rotor Torque [Nm];Azimuthal Angle Theta [deg];Rotor Torque [Nm];Azimuthal Angle Theta [deg];Rotor Torque [Nm];Azimuthal Angle Theta [deg];Rotor Torque [Nm];Azimuthal Angle Theta [deg];Rotor Torque [Nm];Azimuthal Angle Theta [deg];Rotor Torque [Nm];Azimuthal Angle Theta [deg];Rotor Torque [Nm];Azimuthal Angle Theta [deg];Rotor Torque [Nm];Azimuthal Angle Theta [deg];Rotor Torque [Nm];Azimuthal Angle Theta [deg];Rotor Torque [Nm];Azimuthal Angle Theta [deg];Rotor Torque [Nm];Azimuthal Angle Theta [deg];Rotor Torque [Nm];Azimuthal Angle Theta [deg];Rotor Torque [Nm];Azimuthal Angle Theta [deg];Rotor Torque [Nm];Azimuthal Angle Theta [deg];Rotor Torque [Nm];Azimuthal Angle Theta [deg];Rotor Torque [Nm];Azimuthal Angle Theta [deg];Rotor Torque [Nm];Azimuthal Angle Theta [deg];Rotor Torque [Nm];Azimuthal Angle Theta [deg];Rotor Torque [Nm];Azimuthal Angle Theta [deg];Rotor Torque [Nm];Azimuthal Angle Theta [deg];Rotor Torque [Nm];Azimuthal Angle Theta [deg];Rotor Torque [Nm];Azimuthal Angle Theta [deg];Rotor Torque [Nm];Azimuthal Angle Theta [deg];Rotor Torque [Nm];Azimuthal Angle Theta [deg];Rotor Torque [Nm];Azimuthal Angle Theta [deg];Rotor Torque [Nm];Azimuthal Angle Theta [deg];Rotor Torque [Nm];Azimuthal Angle Theta [deg];Rotor Torque [Nm];Azimuthal Angle Theta [deg];Rotor Torque [Nm];Azimuthal Angle Theta [deg];Rotor Torque [Nm];Azimuthal Angle Theta [deg];Rotor Torque [Nm];Azimuthal Angle Theta [deg];Rotor Torque [Nm];Azimuthal Angle Theta [deg];Rotor Torque [Nm];Azimuthal Angle Theta [deg];Rotor Torque [Nm];Azimuthal Angle Theta [deg];Rotor Torque [Nm];Azimuthal Angle Theta [deg];Rotor Torque [Nm];Azimuthal Angle Theta [deg];Rotor Torque [Nm];Azimuthal Angle Theta [deg];Rotor Torque [Nm];Azimuthal Angle Theta [deg];Rotor Torque [Nm];Azimuthal Angle Theta [deg];Rotor Torque [Nm];Azimuthal Angle Theta [deg];Rotor Torque [Nm];Azimuthal Angle Theta [deg];Rotor Torque [Nm];Azimuthal Angle Theta [deg];Rotor Torque [Nm];Azimuthal Angle Theta [deg];Rotor Torque [Nm];Azimuthal Angle Theta [deg];Rotor Torque [Nm];Azimuthal Angle Theta [deg];Rotor Torque [Nm];Azimuthal Angle Theta [deg];Rotor Torque [Nm];Azimuthal Angle Theta [deg];Rotor Torque [Nm];Azimuthal Angle Theta [deg];Rotor Torque [Nm];Azimuthal Angle Theta [deg];Rotor Torque [Nm];Azimuthal Angle Theta [deg];Rotor Torque [Nm];Azimuthal Angle Theta [deg];Rotor Torque [Nm];Azimuthal Angle Theta [deg];Rotor Torque [Nm];Azimuthal Angle Theta [deg];Rotor Torque [Nm];Azimuthal Angle Theta [deg];Rotor Torque [Nm];Azimuthal Angle Theta [deg];Rotor Torque [Nm];Azimuthal Angle Theta [deg];Rotor Torque [Nm];Azimuthal Angle Theta [deg];Rotor Torque [Nm];Azimuthal Angle Theta [deg];Rotor Torque [Nm];Azimuthal Angle Theta [deg];Rotor Torque [Nm];Azimuthal Angle Theta [deg];Rotor Torque [Nm];Azimuthal Angle Theta [deg];Rotor Torque [Nm];Azimuthal Angle Theta [deg];Rotor Torque [Nm];Azimuthal Angle Theta [deg];Rotor Torque [Nm];Azimuthal Angle Theta [deg];Rotor Torque [Nm];Azimuthal Angle Theta [deg];Rotor Torque [Nm];Azimuthal Angle Theta [deg];Rotor Torque [Nm];Azimuthal Angle Theta [deg];Rotor Torque [Nm];Azimuthal Angle Theta [deg];Rotor Torque [Nm];Azimuthal Angle Theta [deg];Rotor Torque [Nm];Azimuthal Angle Theta [deg];Rotor Torque [Nm];Azimuthal Angle Theta [deg];Rotor Torque [Nm];Azimuthal Angle Theta [deg];Rotor Torque [Nm];Azimuthal Angle Theta [deg];Rotor Torque [Nm];Azimuthal Angle Theta [deg];Rotor Torque [Nm];Azimuthal Angle Theta [deg];Rotor Torque [Nm];Azimuthal Angle Theta [deg];Rotor Torque [Nm];Azimuthal Angle Theta [deg];Rotor Torque [Nm];Azimuthal Angle Theta [deg];Rotor Torque [Nm];Azimuthal Angle Theta [deg];Rotor Torque [Nm];Azimuthal Angle Theta [deg];Rotor Torque [Nm];Azimuthal Angle Theta [deg];Rotor Torque [Nm];Azimuthal Angle Theta [deg];Rotor Torque [Nm];Azimuthal Angle Theta [deg];Rotor Torque [Nm];Azimuthal Angle Theta [deg];Rotor Torque [Nm];Azimuthal Angle Theta [deg];Rotor Torque [Nm];Azimuthal Angle Theta [deg];Rotor Torque [Nm];Azimuthal Angle Theta [deg];Rotor Torque [Nm];Azimuthal Angle Theta [deg];Rotor Torque [Nm];Azimuthal Angle Theta [deg];Rotor Torque [Nm];Azimuthal Angle Theta [deg];Rotor Torque [Nm];Azimuthal Angle Theta [deg];Rotor Torque [Nm];Azimuthal Angle Theta [deg];Rotor Torque [Nm];Azimuthal Angle Theta [deg];Rotor Torque [Nm];Azimuthal Angle Theta [deg];Rotor Torque [Nm];Azimuthal Angle Theta [deg];Rotor Torque [Nm];Azimuthal Angle Theta [deg];Rotor Torque [Nm];Azimuthal Angle Theta [deg];Rotor Torque [Nm];Azimuthal Angle Theta [deg];Rotor Torque [Nm];Azimuthal Angle Theta [deg];Rotor Torque [Nm];Azimuthal Angle Theta [deg];Rotor Torque [Nm];Azimuthal Angle Theta [deg];Rotor Torque [Nm];Azimuthal Angle Theta [deg];Rotor Torque [Nm];Azimuthal Angle Theta [deg];Rotor Torque [Nm];Azimuthal Angle Theta [deg];Rotor Torque [Nm];Azimuthal Angle Theta [deg];Rotor Torque [Nm];Azimuthal Angle Theta [deg];Rotor Torque [Nm];Azimuthal Angle Theta [deg];Rotor Torque [Nm];Azimuthal Angle Theta [deg];Rotor Torque [Nm];Azimuthal Angle Theta [deg];Rotor Torque [Nm];Azimuthal Angle Theta [deg];Rotor Torque [Nm];Azimuthal Angle Theta [deg];Rotor Torque [Nm];Azimuthal Angle Theta [deg];Rotor Torque [Nm];Azimuthal Angle Theta [deg];Rotor Torque [Nm];Azimuthal Angle Theta [deg];Rotor Torque [Nm];Azimuthal Angle Theta [deg];Rotor Torque [Nm];Azimuthal Angle Theta [deg];Rotor Torque [Nm];Azimuthal Angle Theta [deg];Rotor Torque [Nm];Azimuthal Angle Theta [deg];Rotor Torque [Nm];Azimuthal Angle Theta [deg];Rotor Torque [Nm];Azimuthal Angle Theta [deg];Rotor Torque [Nm];Azimuthal Angle Theta [deg];Rotor Torque [Nm];Azimuthal Angle Theta [deg];Rotor Torque [Nm];Azimuthal Angle Theta [deg];Rotor Torque [Nm];Azimuthal Angle Theta [deg];Rotor Torque [Nm];Azimuthal Angle Theta [deg];Rotor Torque [Nm];Azimuthal Angle Theta [deg];Rotor Torque [Nm];Azimuthal Angle Theta [deg];Rotor Torque [Nm];Azimuthal Angle Theta [deg];Rotor Torque [Nm];Azimuthal Angle Theta [deg];Rotor Torque [Nm];Azimuthal Angle Theta [deg];Rotor Torque [Nm];Azimuthal Angle Theta [deg];Rotor Torque [Nm];Azimuthal Angle Theta [deg];Rotor Torque [Nm];Azimuthal Angle Theta [deg];Rotor Torque [Nm];Azimuthal Angle Theta [deg];Rotor Torque [Nm];Azimuthal Angle Theta [deg];Rotor Torque [Nm];Azimuthal Angle Theta [deg];Rotor Torque [Nm];Azimuthal Angle Theta [deg];Rotor Torque [Nm];Azimuthal Angle Theta [deg];Rotor Torque [Nm];Azimuthal Angle Theta [deg];Rotor Torque [Nm];Azimuthal Angle Theta [deg];Rotor Torque [Nm];Azimuthal Angle Theta [deg];Rotor Torque [Nm];Azimuthal Angle Theta [deg];Rotor Torque [Nm];Azimuthal Angle Theta [deg];Rotor Torque [Nm];Azimuthal Angle Theta [deg];Rotor Torque [Nm];Azimuthal Angle Theta [deg];Rotor Torque [Nm];Azimuthal Angle Theta [deg];Rotor Torque [Nm];Azimuthal Angle Theta [deg];Rotor Torque [Nm];Azimuthal Angle Theta [deg];Rotor Torque [Nm];Azimuthal Angle Theta [deg];Rotor Torque [Nm];Azimuthal Angle Theta [deg];Rotor Torque [Nm];Azimuthal Angle Theta [deg];Rotor Torque [Nm];Azimuthal Angle Theta [deg];Rotor Torque [Nm];Azimuthal Angle Theta [deg];Rotor Torque [Nm];Azimuthal Angle Theta [deg];Rotor Torque [Nm];Azimuthal Angle Theta [deg];Rotor Torque [Nm];Azimuthal Angle Theta [deg];Rotor Torque [Nm];Azimuthal Angle Theta [deg];Rotor Torque [Nm];Azimuthal Angle Theta [deg];Rotor Torque [Nm];Azimuthal Angle Theta [deg];Rotor Torque [Nm];Azimuthal Angle Theta [deg];Rotor Torque [Nm];Azimuthal Angle Theta [deg];Rotor Torque [Nm];Azimuthal Angle Theta [deg];Rotor Torque [Nm];Azimuthal Angle Theta [deg];Rotor Torque [Nm];Azimuthal Angle Theta [deg];Rotor Torque [Nm];Azimuthal Angle Theta [deg];Rotor Torque [Nm];Azimuthal Angle Theta [deg];Rotor Torque [Nm];Azimuthal Angle Theta [deg];Rotor Torque [Nm];Azimuthal Angle Theta [deg];Rotor Torque [Nm];Azimuthal Angle Theta [deg];Rotor Torque [Nm];Azimuthal Angle Theta [deg];Rotor Torque [Nm];Azimuthal Angle Theta [deg];Rotor Torque [Nm];Azimuthal Angle Theta [deg];Rotor Torque [Nm];Azimuthal Angle Theta [deg];Rotor Torque [Nm];Azimuthal Angle Theta [deg];Rotor Torque [Nm];Azimuthal Angle Theta [deg];Rotor Torque [Nm];Azimuthal Angle Theta [deg];Rotor Torque [Nm];Azimuthal Angle Theta [deg];Rotor Torque [Nm];Azimuthal Angle Theta [deg];Rotor Torque [Nm];Azimuthal Angle Theta [deg];Rotor Torque [Nm];Azimuthal Angle Theta [deg];Rotor Torque [Nm];Azimuthal Angle Theta [deg];Rotor Torque [Nm];Azimuthal Angle Theta [deg];Rotor Torque [Nm];Azimuthal Angle Theta [deg];Rotor Torque [Nm];Azimuthal Angle Theta [deg];Rotor Torque [Nm];Azimuthal Angle Theta [deg];Rotor Torque [Nm];Azimuthal Angle Theta [deg];Rotor Torque [Nm];Azimuthal Angle Theta [deg];Rotor Torque [Nm];Azimuthal Angle Theta [deg];Rotor Torque [Nm];Azimuthal Angle Theta [deg];Rotor Torque [Nm];Azimuthal Angle Theta [deg];Rotor Torque [Nm];Azimuthal Angle Theta [deg];Rotor Torque [Nm];Azimuthal Angle Theta [deg];Rotor Torque [Nm];Azimuthal Angle Theta [deg];Rotor Torque [Nm];Azimuthal Angle Theta [deg];Rotor Torque [Nm];Azimuthal Angle Theta [deg];Rotor Torque [Nm];Azimuthal Angle Theta [deg];Rotor Torque [Nm];Azimuthal Angle Theta [deg];Rotor Torque [Nm];Azimuthal Angle Theta [deg];Rotor Torque [Nm];Azimuthal Angle Theta [deg];Rotor Torque [Nm];Azimuthal Angle Theta [deg];Rotor Torque [Nm];Azimuthal Angle Theta [deg];Rotor Torque [Nm];Azimuthal Angle Theta [deg];Rotor Torque [Nm];Azimuthal Angle Theta [deg];Rotor Torque [Nm];Azimuthal Angle Theta [deg];Rotor Torque [Nm];Azimuthal Angle Theta [deg];Rotor Torque [Nm];Azimuthal Angle Theta [deg];Rotor Torque [Nm];Azimuthal Angle Theta [deg];Rotor Torque [Nm];Azimuthal Angle Theta [deg];Rotor Torque [Nm];Azimuthal Angle Theta [deg];Rotor Torque [Nm];Azimuthal Angle Theta [deg];Rotor Torque [Nm];Azimuthal Angle Theta [deg];Rotor Torque [Nm];Azimuthal Angle Theta [deg];Rotor Torque [Nm];Azimuthal Angle Theta [deg];Rotor Torque [Nm];Azimuthal Angle Theta [deg];Rotor Torque [Nm];Azimuthal Angle Theta [deg];Rotor Torque [Nm];Azimuthal Angle Theta [deg];Rotor Torque [Nm];Azimuthal Angle Theta [deg];Rotor Torque [Nm];Azimuthal Angle Theta [deg];Rotor Torque [Nm];Azimuthal Angle Theta [deg];Rotor Torque [Nm];Azimuthal Angle Theta [deg];Rotor Torque [Nm];Azimuthal Angle Theta [deg];Rotor Torque [Nm];Azimuthal Angle Theta [deg];Rotor Torque [Nm];Azimuthal Angle Theta [deg];Rotor Torque [Nm];Azimuthal Angle Theta [deg];Rotor Torque [Nm];Azimuthal Angle Theta [deg];Rotor Torque [Nm];Azimuthal Angle Theta [deg];Rotor Torque [Nm];Azimuthal Angle Theta [deg];Rotor Torque [Nm];Azimuthal Angle Theta [deg];Rotor Torque [Nm];Azimuthal Angle Theta [deg];Rotor Torque [Nm];Azimuthal Angle Theta [deg];Rotor Torque [Nm];Azimuthal Angle Theta [deg];Rotor Torque [Nm];Azimuthal Angle Theta [deg];Rotor Torque [Nm];Azimuthal Angle Theta [deg];Rotor Torque [Nm];Azimuthal Angle Theta [deg];Rotor Torque [Nm];Azimuthal Angle Theta [deg];Rotor Torque [Nm];Azimuthal Angle Theta [deg];Rotor Torque [Nm];Azimuthal Angle Theta [deg];Rotor Torque [Nm];Azimuthal Angle Theta [deg];Rotor Torque [Nm];Azimuthal Angle Theta [deg];Rotor Torque [Nm];Azimuthal Angle Theta [deg];Rotor Torque [Nm];Azimuthal Angle Theta [deg];Rotor Torque [Nm];Azimuthal Angle Theta [deg];Rotor Torque [Nm];Azimuthal Angle Theta [deg];Rotor Torque [Nm];Azimuthal Angle Theta [deg];Rotor Torque [Nm];Azimuthal Angle Theta [deg];Rotor Torque [Nm];Azimuthal Angle Theta [deg];Rotor Torque [Nm];Azimuthal Angle Theta [deg];Rotor Torque [Nm];Azimuthal Angle Theta [deg];Rotor Torque [Nm];Azimuthal Angle Theta [deg];Rotor Torque [Nm];Azimuthal Angle Theta [deg];Rotor Torque [Nm];Azimuthal Angle Theta [deg];Rotor Torque [Nm];Azimuthal Angle Theta [deg];Rotor Torque [Nm];Azimuthal Angle Theta [deg];Rotor Torque [Nm];Azimuthal Angle Theta [deg];Rotor Torque [Nm];Azimuthal Angle Theta [deg];Rotor Torque [Nm];Azimuthal Angle Theta [deg];Rotor Torque [Nm];Azimuthal Angle Theta [deg];Rotor Torque [Nm];Azimuthal Angle Theta [deg];Rotor Torque [Nm];Azimuthal Angle Theta [deg];Rotor Torque [Nm];Azimuthal Angle Theta [deg];Rotor Torque [Nm];Azimuthal Angle Theta [deg];Rotor Torque [Nm];Azimuthal Angle Theta [deg];Rotor Torque [Nm];Azimuthal Angle Theta [deg];Rotor Torque [Nm];Azimuthal Angle Theta [deg];Rotor Torque [Nm];Azimuthal Angle Theta [deg];Rotor Torque [Nm];Azimuthal Angle Theta [deg];Rotor Torque [Nm];Azimuthal Angle Theta [deg];Rotor Torque [Nm];Azimuthal Angle Theta [deg];Rotor Torque [Nm];Azimuthal Angle Theta [deg];Rotor Torque [Nm];Azimuthal Angle Theta [deg];Rotor Torque [Nm];Azimuthal Angle Theta [deg];Rotor Torque [Nm];Azimuthal Angle Theta [deg];Rotor Torque [Nm];Azimuthal Angle Theta [deg];Rotor Torque [Nm];Azimuthal Angle Theta [deg];Rotor Torque [Nm];Azimuthal Angle Theta [deg];Rotor Torque [Nm];Azimuthal Angle Theta [deg];Rotor Torque [Nm];Azimuthal Angle Theta [deg];Rotor Torque [Nm];Azimuthal Angle Theta [deg];Rotor Torque [Nm];Azimuthal Angle Theta [deg];Rotor Torque [Nm];Azimuthal Angle Theta [deg];Rotor Torque [Nm];Azimuthal Angle Theta [deg];Rotor Torque [Nm];Azimuthal Angle Theta [deg];Rotor Torque [Nm];Azimuthal Angle Theta [deg];Rotor Torque [Nm];Azimuthal Angle Theta [deg];Rotor Torque [Nm];Azimuthal Angle Theta [deg];Rotor Torque [Nm];Azimuthal Angle Theta [deg];Rotor Torque [Nm];Azimuthal Angle Theta [deg];Rotor Torque [Nm];Azimuthal Angle Theta [deg];Rotor Torque [Nm];Azimuthal Angle Theta [deg];Rotor Torque [Nm];Azimuthal Angle Theta [deg];Rotor Torque [Nm];Azimuthal Angle Theta [deg];Rotor Torque [Nm];Azimuthal Angle Theta [deg];Rotor Torque [Nm];Azimuthal Angle Theta [deg];Rotor Torque [Nm];Azimuthal Angle Theta [deg];Rotor Torque [Nm];Azimuthal Angle Theta [deg];Rotor Torque [Nm];Azimuthal Angle Theta [deg];Rotor Torque [Nm];Azimuthal Angle Theta [deg];Rotor Torque [Nm];Azimuthal Angle Theta [deg];Rotor Torque [Nm];Azimuthal Angle Theta [deg];Rotor Torque [Nm];Azimuthal Angle Theta [deg];Rotor Torque [Nm];Azimuthal Angle Theta [deg];Rotor Torque [Nm];Azimuthal Angle Theta [deg];Rotor Torque [Nm];Azimuthal Angle Theta [deg];Rotor Torque [Nm];Azimuthal Angle Theta [deg];Rotor Torque [Nm];Azimuthal Angle Theta [deg];Rotor Torque [Nm];Azimuthal Angle Theta [deg];Rotor Torque [Nm];Azimuthal Angle Theta [deg];Rotor Torque [Nm];Azimuthal Angle Theta [deg];Rotor Torque [Nm];Azimuthal Angle Theta [deg];Rotor Torque [Nm];Azimuthal Angle Theta [deg];Rotor Torque [Nm];Azimuthal Angle Theta [deg];Rotor Torque [Nm];Azimuthal Angle Theta [deg];Rotor Torque [Nm];Azimuthal Angle Theta [deg];Rotor Torque [Nm];Azimuthal Angle Theta [deg];Rotor Torque [Nm];Azimuthal Angle Theta [deg];Rotor Torque [Nm];Azimuthal Angle Theta [deg];Rotor Torque [Nm];Azimuthal Angle Theta [deg];Rotor Torque [Nm];Azimuthal Angle Theta [deg];Rotor Torque [Nm];Azimuthal Angle Theta [deg];Rotor Torque [Nm];Azimuthal Angle Theta [deg];Rotor Torque [Nm];Azimuthal Angle Theta [deg];Rotor Torque [Nm];Azimuthal Angle Theta [deg];Rotor Torque [Nm];Azimuthal Angle Theta [deg];Rotor Torque [Nm];Azimuthal Angle Theta [deg];Rotor Torque [Nm];Azimuthal Angle Theta [deg];Rotor Torque [Nm];Azimuthal Angle Theta [deg];Rotor Torque [Nm];Azimuthal Angle Theta [deg];Rotor Torque [Nm];Azimuthal Angle Theta [deg];Rotor Torque [Nm];Azimuthal Angle Theta [deg];Rotor Torque [Nm];Azimuthal Angle Theta [deg];Rotor Torque [Nm];Azimuthal Angle Theta [deg];Rotor Torque [Nm];Azimuthal Angle Theta [deg];Rotor Torque [Nm];Azimuthal Angle Theta [deg];Rotor Torque [Nm];Azimuthal Angle Theta [deg];Rotor Torque [Nm];Azimuthal Angle Theta [deg];Rotor Torque [Nm];Azimuthal Angle Theta [deg];Rotor Torque [Nm];Azimuthal Angle Theta [deg];Rotor Torque [Nm];Azimuthal Angle Theta [deg];Rotor Torque [Nm];Azimuthal Angle Theta [deg];Rotor Torque [Nm];Azimuthal Angle Theta [deg];Rotor Torque [Nm];Azimuthal Angle Theta [deg];Rotor Torque [Nm];Azimuthal Angle Theta [deg];Rotor Torque [Nm];Azimuthal Angle Theta [deg];Rotor Torque [Nm];Azimuthal Angle Theta [deg];Rotor Torque [Nm];Azimuthal Angle Theta [deg];Rotor Torque [Nm];Azimuthal Angle Theta [deg];Rotor Torque [Nm];Azimuthal Angle Theta [deg];Rotor Torque [Nm];Azimuthal Angle Theta [deg];Rotor Torque [Nm];Azimuthal Angle Theta [deg];Rotor Torque [Nm];Azimuthal Angle Theta [deg];Rotor Torque [Nm];Azimuthal Angle Theta [deg];Rotor Torque [Nm];Azimuthal Angle Theta [deg];Rotor Torque [Nm];Azimuthal Angle Theta [deg];Rotor Torque [Nm];Azimuthal Angle Theta [deg];Rotor Torque [Nm];Azimuthal Angle Theta [deg];Rotor Torque [Nm];Azimuthal Angle Theta [deg];Rotor Torque [Nm];Azimuthal Angle Theta [deg];Rotor Torque [Nm];Azimuthal Angle Theta [deg];Rotor Torque [Nm];Azimuthal Angle Theta [deg];Rotor Torque [Nm];Azimuthal Angle Theta [deg];Rotor Torque [Nm];Azimuthal Angle Theta [deg];Rotor Torque [Nm];Azimuthal Angle Theta [deg];Rotor Torque [Nm];Azimuthal Angle Theta [deg];Rotor Torque [Nm];Azimuthal Angle Theta [deg];Rotor Torque [Nm];Azimuthal Angle Theta [deg];Rotor Torque [Nm];Azimuthal Angle Theta [deg];Rotor Torque [Nm];Azimuthal Angle Theta [deg];Rotor Torque [Nm];Azimuthal Angle Theta [deg];Rotor Torque [Nm];Azimuthal Angle Theta [deg];Rotor Torque [Nm];Azimuthal Angle Theta [deg];Rotor Torque [Nm];Azimuthal Angle Theta [deg];Rotor Torque [Nm];Azimuthal Angle Theta [deg];Rotor Torque [Nm];Azimuthal Angle Theta [deg];Rotor Torque [Nm];Azimuthal Angle Theta [deg];Rotor Torque [Nm];Azimuthal Angle Theta [deg];Rotor Torque [Nm];Azimuthal Angle Theta [deg];Rotor Torque [Nm];Azimuthal Angle Theta [deg];Rotor Torque [Nm];Azimuthal Angle Theta [deg];Rotor Torque [Nm];Azimuthal Angle Theta [deg];Rotor Torque [Nm];Azimuthal Angle Theta [deg];Rotor Torque [Nm];Azimuthal Angle Theta [deg];Rotor Torque [Nm];Azimuthal Angle Theta [deg];Rotor Torque [Nm];Azimuthal Angle Theta [deg];Rotor Torque [Nm];Azimuthal Angle Theta [deg];Rotor Torque [Nm];Azimuthal Angle Theta [deg];Rotor Torque [Nm];Azimuthal Angle Theta [deg];Rotor Torque [Nm];Azimuthal Angle Theta [deg];Rotor Torque [Nm];Azimuthal Angle Theta [deg];Rotor Torque [Nm];Azimuthal Angle Theta [deg];Rotor Torque [Nm];Azimuthal Angle Theta [deg];Rotor Torque [Nm];Azimuthal Angle Theta [deg];Rotor Torque [Nm];Azimuthal Angle Theta [deg];Rotor Torque [Nm];Azimuthal Angle Theta [deg];Rotor Torque [Nm];Azimuthal Angle Theta [deg];Rotor Torque [Nm];Azimuthal Angle Theta [deg];Rotor Torque [Nm];Azimuthal Angle Theta [deg];Rotor Torque [Nm];Azimuthal Angle Theta [deg];Rotor Torque [Nm];Azimuthal Angle Theta [deg];Rotor Torque [Nm];Azimuthal Angle Theta [deg];Rotor Torque [Nm];Azimuthal Angle Theta [deg];Rotor Torque [Nm];Azimuthal Angle Theta [deg];Rotor Torque [Nm];Azimuthal Angle Theta [deg];Rotor Torque [Nm];Azimuthal Angle Theta [deg];Rotor Torque [Nm];Azimuthal Angle Theta [deg];Rotor Torque [Nm];Azimuthal Angle Theta [deg];Rotor Torque [Nm];Azimuthal Angle Theta [deg];Rotor Torque [Nm];Azimuthal Angle Theta [deg];Rotor Torque [Nm];Azimuthal Angle Theta [deg];Rotor Torque [Nm];Azimuthal Angle Theta [deg];Rotor Torque [Nm];Azimuthal Angle Theta [deg];Rotor Torque [Nm];Azimuthal Angle Theta [deg];Rotor Torque [Nm];Azimuthal Angle Theta [deg];Rotor Torque [Nm];Azimuthal Angle Theta [deg];Rotor Torque [Nm];Azimuthal Angle Theta [deg];Rotor Torque [Nm];Azimuthal Angle Theta [deg];Rotor Torque [Nm];Azimuthal Angle Theta [deg];Rotor Torque [Nm];Azimuthal Angle Theta [deg];Rotor Torque [Nm];Azimuthal Angle Theta [deg];Rotor Torque [Nm];Azimuthal Angle Theta [deg];Rotor Torque [Nm];Azimuthal Angle Theta [deg];Rotor Torque [Nm];Azimuthal Angle Theta [deg];Rotor Torque [Nm];Azimuthal Angle Theta [deg];Rotor Torque [Nm];Azimuthal Angle Theta [deg];Rotor Torque [Nm];Azimuthal Angle Theta [deg];Rotor Torque [Nm];Azimuthal Angle Theta [deg];Rotor Torque [Nm];Azimuthal Angle Theta [deg];Rotor Torque [Nm];Azimuthal Angle Theta [deg];Rotor Torque [Nm];Azimuthal Angle Theta [deg];Rotor Torque [Nm];Azimuthal Angle Theta [deg];Rotor Torque [Nm];Azimuthal Angle Theta [deg];Rotor Torque [Nm];Azimuthal Angle Theta [deg];Rotor Torque [Nm];Azimuthal Angle Theta [deg];Rotor Torque [Nm];Azimuthal Angle Theta [deg];Rotor Torque [Nm];Azimuthal Angle Theta [deg];Rotor Torque [Nm];Azimuthal Angle Theta [deg];Rotor Torque [Nm];Azimuthal Angle Theta [deg];Rotor Torque [Nm];Azimuthal Angle Theta [deg];Rotor Torque [Nm];Azimuthal Angle Theta [deg];Rotor Torque [Nm];Azimuthal Angle Theta [deg];Rotor Torque [Nm];Azimuthal Angle Theta [deg];Rotor Torque [Nm];Azimuthal Angle Theta [deg];Rotor Torque [Nm];Azimuthal Angle Theta [deg];Rotor Torque [Nm];Azimuthal Angle Theta [deg];Rotor Torque [Nm];Azimuthal Angle Theta [deg];Rotor Torque [Nm];Azimuthal Angle Theta [deg];Rotor Torque [Nm];Azimuthal Angle Theta [deg];Rotor Torque [Nm];Azimuthal Angle Theta [deg];Rotor Torque [Nm];Azimuthal Angle Theta [deg];Rotor Torque [Nm];Azimuthal Angle Theta [deg];Rotor Torque [Nm];Azimuthal Angle Theta [deg];Rotor Torque [Nm];Azimuthal Angle Theta [deg];Rotor Torque [Nm];Azimuthal Angle Theta [deg];Rotor Torque [Nm];Azimuthal Angle Theta [deg];Rotor Torque [Nm];Azimuthal Angle Theta [deg];Rotor Torque [Nm];Azimuthal Angle Theta [deg];Rotor Torque [Nm];Azimuthal Angle Theta [deg];Rotor Torque [Nm];Azimuthal Angle Theta [deg];Rotor Torque [Nm];Azimuthal Angle Theta [deg];Rotor Torque [Nm];Azimuthal Angle Theta [deg];Rotor Torque [Nm];Azimuthal Angle Theta [deg];Rotor Torque [Nm];Azimuthal Angle Theta [deg];Rotor Torque [Nm];Azimuthal Angle Theta [deg];Rotor Torque [Nm];Azimuthal Angle Theta [deg];Rotor Torque [Nm];Azimuthal Angle Theta [deg];Rotor Torque [Nm];Azimuthal Angle Theta [deg];Rotor Torque [Nm];Azimuthal Angle Theta [deg];Rotor Torque [Nm];Azimuthal Angle Theta [deg];Rotor Torque [Nm];Azimuthal Angle Theta [deg];Rotor Torque [Nm];Azimuthal Angle Theta [deg];Rotor Torque [Nm];Azimuthal Angle Theta [deg];Rotor Torque [Nm];Azimuthal Angle Theta [deg];Rotor Torque [Nm];Azimuthal Angle Theta [deg];Rotor Torque [Nm];Azimuthal Angle Theta [deg];Rotor Torque [Nm];Azimuthal Angle Theta [deg];Rotor Torque [Nm];Azimuthal Angle Theta [deg];Rotor Torque [Nm];Azimuthal Angle Theta [deg];Rotor Torque [Nm];Azimuthal Angle Theta [deg];Rotor Torque [Nm];Azimuthal Angle Theta [deg];Rotor Torque [Nm];Azimuthal Angle Theta [deg];Rotor Torque [Nm];Azimuthal Angle Theta [deg];Rotor Torque [Nm];Azimuthal Angle Theta [deg];Rotor Torque [Nm];Azimuthal Angle Theta [deg];Rotor Torque [Nm];Azimuthal Angle Theta [deg];Rotor Torque [Nm];Azimuthal Angle Theta [deg];Rotor Torque [Nm];Azimuthal Angle Theta [deg];Rotor Torque [Nm];Azimuthal Angle Theta [deg];Rotor Torque [Nm];Azimuthal Angle Theta [deg];Rotor Torque [Nm];Azimuthal Angle Theta [deg];Rotor Torque [Nm];Azimuthal Angle Theta [deg];Rotor Torque [Nm];Azimuthal Angle Theta [deg];Rotor Torque [Nm];Azimuthal Angle Theta [deg];Rotor Torque [Nm];Azimuthal Angle Theta [deg];Rotor Torque [Nm];Azimuthal Angle Theta [deg];Rotor Torque [Nm];Azimuthal Angle Theta [deg];Rotor Torque [Nm];Azimuthal Angle Theta [deg];Rotor Torque [Nm];Azimuthal Angle Theta [deg];Rotor Torque [Nm];Azimuthal Angle Theta [deg];Rotor Torque [Nm];Azimuthal Angle Theta [deg];Rotor Torque [Nm];Azimuthal Angle Theta [deg];Rotor Torque [Nm];Azimuthal Angle Theta [deg];Rotor Torque [Nm];Azimuthal Angle Theta [deg];Rotor Torque [Nm];Azimuthal Angle Theta [deg];Rotor Torque [Nm];Azimuthal Angle Theta [deg];Rotor Torque [Nm];Azimuthal Angle Theta [deg];Rotor Torque [Nm];Azimuthal Angle Theta [deg];Rotor Torque [Nm];Azimuthal Angle Theta [deg];Rotor Torque [Nm];Azimuthal Angle Theta [deg];Rotor Torque [Nm];Azimuthal Angle Theta [deg];Rotor Torque [Nm];Azimuthal Angle Theta [deg];Rotor Torque [Nm];Azimuthal Angle Theta [deg];Rotor Torque [Nm];Azimuthal Angle Theta [deg];Rotor Torque [Nm];Azimuthal Angle Theta [deg];Rotor Torque [Nm];Azimuthal Angle Theta [deg];Rotor Torque [Nm];Azimuthal Angle Theta [deg];Rotor Torque [Nm];Azimuthal Angle Theta [deg];Rotor Torque [Nm];Azimuthal Angle Theta [deg];Rotor Torque [Nm];Azimuthal Angle Theta [deg];Rotor Torque [Nm];Azimuthal Angle Theta [deg];Rotor Torque [Nm];Azimuthal Angle Theta [deg];Rotor Torque [Nm];Azimuthal Angle Theta [deg];Rotor Torque [Nm];Azimuthal Angle Theta [deg];Rotor Torque [Nm];Azimuthal Angle Theta [deg];Rotor Torque [Nm];Azimuthal Angle Theta [deg];Rotor Torque [Nm];Azimuthal Angle Theta [deg];Rotor Torque [Nm];Azimuthal Angle Theta [deg];Rotor Torque [Nm];Azimuthal Angle Theta [deg];Rotor Torque [Nm];Azimuthal Angle Theta [deg];Rotor Torque [Nm];Azimuthal Angle Theta [deg];Rotor Torque [Nm];Azimuthal Angle Theta [deg];Rotor Torque [Nm];Azimuthal Angle Theta [deg];Rotor Torque [Nm];Azimuthal Angle Theta [deg];Rotor Torque [Nm];Azimuthal Angle Theta [deg];Rotor Torque [Nm];Azimuthal Angle Theta [deg];Rotor Torque [Nm];Azimuthal Angle Theta [deg];Rotor Torque [Nm];Azimuthal Angle Theta [deg];Rotor Torque [Nm];Azimuthal Angle Theta [deg];Rotor Torque [Nm];Azimuthal Angle Theta [deg];Rotor Torque [Nm];Azimuthal Angle Theta [deg];Rotor Torque [Nm];Azimuthal Angle Theta [deg];Rotor Torque [Nm];Azimuthal Angle Theta [deg];Rotor Torque [Nm];Azimuthal Angle Theta [deg];Rotor Torque [Nm];Azimuthal Angle Theta [deg];Rotor Torque [Nm];Azimuthal Angle Theta [deg];Rotor Torque [Nm];Azimuthal Angle Theta [deg];Rotor Torque [Nm];Azimuthal Angle Theta [deg];Rotor Torque [Nm];Azimuthal Angle Theta [deg];Rotor Torque [Nm];Azimuthal Angle Theta [deg];Rotor Torque [Nm];Azimuthal Angle Theta [deg];Rotor Torque [Nm];Azimuthal Angle Theta [deg];Rotor Torque [Nm];Azimuthal Angle Theta [deg];Rotor Torque [Nm];Azimuthal Angle Theta [deg];Rotor Torque [Nm];Azimuthal Angle Theta [deg];Rotor Torque [Nm];Azimuthal Angle Theta [deg];Rotor Torque [Nm];Azimuthal Angle Theta [deg];Rotor Torque [Nm];Azimuthal Angle Theta [deg];Rotor Torque [Nm];Azimuthal Angle Theta [deg];Rotor Torque [Nm];Azimuthal Angle Theta [deg];Rotor Torque [Nm];Azimuthal Angle Theta [deg];Rotor Torque [Nm];Azimuthal Angle Theta [deg];Rotor Torque [Nm];Azimuthal Angle Theta [deg];Rotor Torque [Nm];Azimuthal Angle Theta [deg];Rotor Torque [Nm];Azimuthal Angle Theta [deg];Rotor Torque [Nm];Azimuthal Angle Theta [deg];Rotor Torque [Nm];Azimuthal Angle Theta [deg];Rotor Torque [Nm];Azimuthal Angle Theta [deg];Rotor Torque [Nm];Azimuthal Angle Theta [deg];Rotor Torque [Nm];Azimuthal Angle Theta [deg];Rotor Torque [Nm];Azimuthal Angle Theta [deg];Rotor Torque [Nm];Azimuthal Angle Theta [deg];Rotor Torque [Nm];Azimuthal Angle Theta [deg];Rotor Torque [Nm];Azimuthal Angle Theta [deg];Rotor Torque [Nm];Azimuthal Angle Theta [deg];Rotor Torque [Nm];Azimuthal Angle Theta [deg];Rotor Torque [Nm];Azimuthal Angle Theta [deg];Rotor Torque [Nm];Azimuthal Angle Theta [deg];Rotor Torque [Nm];Azimuthal Angle Theta [deg];Rotor Torque [Nm];Azimuthal Angle Theta [deg];Rotor Torque [Nm];Azimuthal Angle Theta [deg];Rotor Torque [Nm];Azimuthal Angle Theta [deg];Rotor Torque [Nm];Azimuthal Angle Theta [deg];Rotor Torque [Nm];Azimuthal Angle Theta [deg];Rotor Torque [Nm];Azimuthal Angle Theta [deg];Rotor Torque [Nm];Azimuthal Angle Theta [deg];Rotor Torque [Nm];Azimuthal Angle Theta [deg];Rotor Torque [Nm];Azimuthal Angle Theta [deg];Rotor Torque [Nm];Azimuthal Angle Theta [deg];Rotor Torque [Nm];Azimuthal Angle Theta [deg];Rotor Torque [Nm];Azimuthal Angle Theta [deg];Rotor Torque [Nm];Azimuthal Angle Theta [deg];Rotor Torque [Nm];Azimuthal Angle Theta [deg];Rotor Torque [Nm];Azimuthal Angle Theta [deg];Rotor Torque [Nm];Azimuthal Angle Theta [deg];Rotor Torque [Nm];Azimuthal Angle Theta [deg];Rotor Torque [Nm];Azimuthal Angle Theta [deg];Rotor Torque [Nm];Azimuthal Angle Theta [deg];Rotor Torque [Nm];Azimuthal Angle Theta [deg];Rotor Torque [Nm];Azimuthal Angle Theta [deg];Rotor Torque [Nm];Azimuthal Angle Theta [deg];Rotor Torque [Nm];Azimuthal Angle Theta [deg];Rotor Torque [Nm];Azimuthal Angle Theta [deg];Rotor Torque [Nm];Azimuthal Angle Theta [deg];Rotor Torque [Nm];Azimuthal Angle Theta [deg];Rotor Torque [Nm];Azimuthal Angle Theta [deg];Rotor Torque [Nm];Azimuthal Angle Theta [deg];Rotor Torque [Nm];Azimuthal Angle Theta [deg];Rotor Torque [Nm];Azimuthal Angle Theta [deg];Rotor Torque [Nm];Azimuthal Angle Theta [deg];Rotor Torque [Nm];Azimuthal Angle Theta [deg];Rotor Torque [Nm];Azimuthal Angle Theta [deg];Rotor Torque [Nm];Azimuthal Angle Theta [deg];Rotor Torque [Nm];Azimuthal Angle Theta [deg];Rotor Torque [Nm];Azimuthal Angle Theta [deg];Rotor Torque [Nm];Azimuthal Angle Theta [deg];Rotor Torque [Nm];Azimuthal Angle Theta [deg];Rotor Torque [Nm];Azimuthal Angle Theta [deg];Rotor Torque [Nm];Azimuthal Angle Theta [deg];Rotor Torque [Nm];Azimuthal Angle Theta [deg];Rotor Torque [Nm];Azimuthal Angle Theta [deg];Rotor Torque [Nm];Azimuthal Angle Theta [deg];Rotor Torque [Nm];Azimuthal Angle Theta [deg];Rotor Torque [Nm];Azimuthal Angle Theta [deg];Rotor Torque [Nm];Azimuthal Angle Theta [deg];Rotor Torque [Nm];Azimuthal Angle Theta [deg];Rotor Torque [Nm];Azimuthal Angle Theta [deg];Rotor Torque [Nm];Azimuthal Angle Theta [deg];Rotor Torque [Nm];Azimuthal Angle Theta [deg];Rotor Torque [Nm];Azimuthal Angle Theta [deg];Rotor Torque [Nm];Azimuthal Angle Theta [deg];Rotor Torque [Nm];Azimuthal Angle Theta [deg];Rotor Torque [Nm];Azimuthal Angle Theta [deg];Rotor Torque [Nm];Azimuthal Angle Theta [deg];Rotor Torque [Nm];Azimuthal Angle Theta [deg];Rotor Torque [Nm];Azimuthal Angle Theta [deg];Rotor Torque [Nm];Azimuthal Angle Theta [deg];Rotor Torque [Nm];Azimuthal Angle Theta [deg];Rotor Torque [Nm];Azimuthal Angle Theta [deg];Rotor Torque [Nm];Azimuthal Angle Theta [deg];Rotor Torque [Nm];Azimuthal Angle Theta [deg];Rotor Torque [Nm];Azimuthal Angle Theta [deg];Rotor Torque [Nm];Azimuthal Angle Theta [deg];Rotor Torque [Nm];Azimuthal Angle Theta [deg];Rotor Torque [Nm];Azimuthal Angle Theta [deg];Rotor Torque [Nm];Azimuthal Angle Theta [deg];Rotor Torque [Nm];Azimuthal Angle Theta [deg];Rotor Torque [Nm];Azimuthal Angle Theta [deg];Rotor Torque [Nm];Azimuthal Angle Theta [deg];Rotor Torque [Nm];Azimuthal Angle Theta [deg];Rotor Torque [Nm];Azimuthal Angle Theta [deg];Rotor Torque [Nm];Azimuthal Angle Theta [deg];Rotor Torque [Nm];Azimuthal Angle Theta [deg];Rotor Torque [Nm];Azimuthal Angle Theta [deg];Rotor Torque [Nm];Azimuthal Angle Theta [deg];Rotor Torque [Nm];Azimuthal Angle Theta [deg];Rotor Torque [Nm];Azimuthal Angle Theta [deg];Rotor Torque [Nm];Azimuthal Angle Theta [deg];Rotor Torque [Nm];Azimuthal Angle Theta [deg];Rotor Torque [Nm];Azimuthal Angle Theta [deg];Rotor Torque [Nm];Azimuthal Angle Theta [deg];Rotor Torque [Nm];Azimuthal Angle Theta [deg];Rotor Torque [Nm];Azimuthal Angle Theta [deg];Rotor Torque [Nm];Azimuthal Angle Theta [deg];Rotor Torque [Nm];Azimuthal Angle Theta [deg];Rotor Torque [Nm];Azimuthal Angle Theta [deg];Rotor Torque [Nm];Azimuthal Angle Theta [deg];Rotor Torque [Nm];Azimuthal Angle Theta [deg];Rotor Torque [Nm];Azimuthal Angle Theta [deg];Rotor Torque [Nm];Azimuthal Angle Theta [deg];Rotor Torque [Nm];Azimuthal Angle Theta [deg];Rotor Torque [Nm];Azimuthal Angle Theta [deg];Rotor Torque [Nm];Azimuthal Angle Theta [deg];Rotor Torque [Nm];Azimuthal Angle Theta [deg];Rotor Torque [Nm];Azimuthal Angle Theta [deg];Rotor Torque [Nm];Azimuthal Angle Theta [deg];Rotor Torque [Nm];Azimuthal Angle Theta [deg];Rotor Torque [Nm];Azimuthal Angle Theta [deg];Rotor Torque [Nm];Azimuthal Angle Theta [deg];Rotor Torque [Nm];Azimuthal Angle Theta [deg];Rotor Torque [Nm];Azimuthal Angle Theta [deg];Rotor Torque [Nm];Azimuthal Angle Theta [deg];Rotor Torque [Nm];Azimuthal Angle Theta [deg];Rotor Torque [Nm];Azimuthal Angle Theta [deg];Rotor Torque [Nm];Azimuthal Angle Theta [deg];Rotor Torque [Nm];Azimuthal Angle Theta [deg];Rotor Torque [Nm];Azimuthal Angle Theta [deg];Rotor Torque [Nm];Azimuthal Angle Theta [deg];Rotor Torque [Nm];Azimuthal Angle Theta [deg];Rotor Torque [Nm];Azimuthal Angle Theta [deg];Rotor Torque [Nm];Azimuthal Angle Theta [deg];Rotor Torque [Nm];Azimuthal Angle Theta [deg];Rotor Torque [Nm];Azimuthal Angle Theta [deg];Rotor Torque [Nm];Azimuthal Angle Theta [deg];Rotor Torque [Nm];Azimuthal Angle Theta [deg];Rotor Torque [Nm];Azimuthal Angle Theta [deg];Rotor Torque [Nm];Azimuthal Angle Theta [deg];Rotor Torque [Nm];Azimuthal Angle Theta [deg];Rotor Torque [Nm];Azimuthal Angle Theta [deg];Rotor Torque [Nm];Azimuthal Angle Theta [deg];Rotor Torque [Nm];Azimuthal Angle Theta [deg];Rotor Torque [Nm];Azimuthal Angle Theta [deg];Rotor Torque [Nm];Azimuthal Angle Theta [deg];Rotor Torque [Nm];Azimuthal Angle Theta [deg];Rotor Torque [Nm];Azimuthal Angle Theta [deg];Rotor Torque [Nm];Azimuthal Angle Theta [deg];Rotor Torque [Nm];Azimuthal Angle Theta [deg];Rotor Torque [Nm];Azimuthal Angle Theta [deg];Rotor Torque [Nm];Azimuthal Angle Theta [deg];Rotor Torque [Nm];Azimuthal Angle Theta [deg];Rotor Torque [Nm];Azimuthal Angle Theta [deg];Rotor Torque [Nm];Azimuthal Angle Theta [deg];Rotor Torque [Nm];Azimuthal Angle Theta [deg];Rotor Torque [Nm];Azimuthal Angle Theta [deg];Rotor Torque [Nm];Azimuthal Angle Theta [deg];Rotor Torque [Nm];Azimuthal Angle Theta [deg];Rotor Torque [Nm];Azimuthal Angle Theta [deg];Rotor Torque [Nm];Azimuthal Angle Theta [deg];Rotor Torque [Nm];Azimuthal Angle Theta [deg];Rotor Torque [Nm];Azimuthal Angle Theta [deg];Rotor Torque [Nm];Azimuthal Angle Theta [deg];Rotor Torque [Nm];Azimuthal Angle Theta [deg];Rotor Torque [Nm];Azimuthal Angle Theta [deg];Rotor Torque [Nm];Azimuthal Angle Theta [deg];Rotor Torque [Nm];Azimuthal Angle Theta [deg];Rotor Torque [Nm];Azimuthal Angle Theta [deg];Rotor Torque [Nm];Azimuthal Angle Theta [deg];Rotor Torque [Nm];Azimuthal Angle Theta [deg];Rotor Torque [Nm];Azimuthal Angle Theta [deg];Rotor Torque [Nm];Azimuthal Angle Theta [deg];Rotor Torque [Nm];Azimuthal Angle Theta [deg];Rotor Torque [Nm];Azimuthal Angle Theta [deg];Rotor Torque [Nm];Azimuthal Angle Theta [deg];Rotor Torque [Nm];Azimuthal Angle Theta [deg];Rotor Torque [Nm];Azimuthal Angle Theta [deg];Rotor Torque [Nm];Azimuthal Angle Theta [deg];Rotor Torque [Nm];Azimuthal Angle Theta [deg];Rotor Torque [Nm];Azimuthal Angle Theta [deg];Rotor Torque [Nm];Azimuthal Angle Theta [deg];Rotor Torque [Nm];Azimuthal Angle Theta [deg];Rotor Torque [Nm];Azimuthal Angle Theta [deg];Rotor Torque [Nm];Azimuthal Angle Theta [deg];Rotor Torque [Nm];Azimuthal Angle Theta [deg];Rotor Torque [Nm];Azimuthal Angle Theta [deg];Rotor Torque [Nm];Azimuthal Angle Theta [deg];Rotor Torque [Nm];Azimuthal Angle Theta [deg];Rotor Torque [Nm];Azimuthal Angle Theta [deg];Rotor Torque [Nm];Azimuthal Angle Theta [deg];Rotor Torque [Nm];Azimuthal Angle Theta [deg];Rotor Torque [Nm];Azimuthal Angle Theta [deg];Rotor Torque [Nm];Azimuthal Angle Theta [deg];Rotor Torque [Nm];Azimuthal Angle Theta [deg];Rotor Torque [Nm];Azimuthal Angle Theta [deg];Rotor Torque [Nm];Azimuthal Angle Theta [deg];Rotor Torque [Nm];Azimuthal Angle Theta [deg];Rotor Torque [Nm];Azimuthal Angle Theta [deg];Rotor Torque [Nm];Azimuthal Angle Theta [deg];Rotor Torque [Nm];Azimuthal Angle Theta [deg];Rotor Torque [Nm];Azimuthal Angle Theta [deg];Rotor Torque [Nm];Azimuthal Angle Theta [deg];Rotor Torque [Nm];Azimuthal Angle Theta [deg];Rotor Torque [Nm];Azimuthal Angle Theta [deg];Rotor Torque [Nm];Azimuthal Angle Theta [deg];Rotor Torque [Nm];Azimuthal Angle Theta [deg];Rotor Torque [Nm];Azimuthal Angle Theta [deg];Rotor Torque [Nm];Azimuthal Angle Theta [deg];Rotor Torque [Nm];Azimuthal Angle Theta [deg];Rotor Torque [Nm];Azimuthal Angle Theta [deg];Rotor Torque [Nm];Azimuthal Angle Theta [deg];Rotor Torque [Nm];Azimuthal Angle Theta [deg];Rotor Torque [Nm];Azimuthal Angle Theta [deg];Rotor Torque [Nm];Azimuthal Angle Theta [deg];Rotor Torque [Nm];Azimuthal Angle Theta [deg];Rotor Torque [Nm];Azimuthal Angle Theta [deg];Rotor Torque [Nm];Azimuthal Angle Theta [deg];Rotor Torque [Nm];Azimuthal Angle Theta [deg];Rotor Torque [Nm];Azimuthal Angle Theta [deg];Rotor Torque [Nm];Azimuthal Angle Theta [deg];Rotor Torque [Nm];Azimuthal Angle Theta [deg];Rotor Torque [Nm];Azimuthal Angle Theta [deg];Rotor Torque [Nm];Azimuthal Angle Theta [deg];Rotor Torque [Nm];Azimuthal Angle Theta [deg];Rotor Torque [Nm];Azimuthal Angle Theta [deg];Rotor Torque [Nm];Azimuthal Angle Theta [deg];Rotor Torque [Nm];Azimuthal Angle Theta [deg];Rotor Torque [Nm];Azimuthal Angle Theta [deg];Rotor Torque [Nm];Azimuthal Angle Theta [deg];Rotor Torque [Nm];Azimuthal Angle Theta [deg];Rotor Torque [Nm];Azimuthal Angle Theta [deg];Rotor Torque [Nm];Azimuthal Angle Theta [deg];Rotor Torque [Nm];Azimuthal Angle Theta [deg];Rotor Torque [Nm];Azimuthal Angle Theta [deg];Rotor Torque [Nm];Azimuthal Angle Theta [deg];Rotor Torque [Nm];Azimuthal Angle Theta [deg];Rotor Torque [Nm];Azimuthal Angle Theta [deg];Rotor Torque [Nm];Azimuthal Angle Theta [deg];Rotor Torque [Nm];Azimuthal Angle Theta [deg];Rotor Torque [Nm];Azimuthal Angle Theta [deg];Rotor Torque [Nm];Azimuthal Angle Theta [deg];Rotor Torque [Nm];Azimuthal Angle Theta [deg];Rotor Torque [Nm];Azimuthal Angle Theta [deg];Rotor Torque [Nm];Azimuthal Angle Theta [deg];Rotor Torque [Nm];Azimuthal Angle Theta [deg];Rotor Torque [Nm];Azimuthal Angle Theta [deg];Rotor Torque [Nm];Azimuthal Angle Theta [deg];Rotor Torque [Nm];Azimuthal Angle Theta [deg];Rotor Torque [Nm];Azimuthal Angle Theta [deg];Rotor Torque [Nm];Azimuthal Angle Theta [deg];Rotor Torque [Nm];Azimuthal Angle Theta [deg];Rotor Torque [Nm];Azimuthal Angle Theta [deg];Rotor Torque [Nm];Azimuthal Angle Theta [deg];Rotor Torque [Nm];Azimuthal Angle Theta [deg];Rotor Torque [Nm];Azimuthal Angle Theta [deg];Rotor Torque [Nm];Azimuthal Angle Theta [deg];Rotor Torque [Nm];Azimuthal Angle Theta [deg];Rotor Torque [Nm];Azimuthal Angle Theta [deg];Rotor Torque [Nm];Azimuthal Angle Theta [deg];Rotor Torque [Nm];Azimuthal Angle Theta [deg];Rotor Torque [Nm];Azimuthal Angle Theta [deg];Rotor Torque [Nm];Azimuthal Angle Theta [deg];Rotor Torque [Nm];Azimuthal Angle Theta [deg];Rotor Torque [Nm];Azimuthal Angle Theta [deg];Rotor Torque [Nm];Azimuthal Angle Theta [deg];Rotor Torque [Nm];Azimuthal Angle Theta [deg];Rotor Torque [Nm];Azimuthal Angle Theta [deg];Rotor Torque [Nm];Azimuthal Angle Theta [deg];Rotor Torque [Nm];Azimuthal Angle Theta [deg];Rotor Torque [Nm];Azimuthal Angle Theta [deg];Rotor Torque [Nm];Azimuthal Angle Theta [deg];Rotor Torque [Nm];Azimuthal Angle Theta [deg];Rotor Torque [Nm];Azimuthal Angle Theta [deg];Rotor Torque [Nm];Azimuthal Angle Theta [deg];Rotor Torque [Nm];Azimuthal Angle Theta [deg];Rotor Torque [Nm];Azimuthal Angle Theta [deg];Rotor Torque [Nm];Azimuthal Angle Theta [deg];Rotor Torque [Nm];Azimuthal Angle Theta [deg];Rotor Torque [Nm];Azimuthal Angle Theta [deg];Rotor Torque [Nm];Azimuthal Angle Theta [deg];Rotor Torque [Nm];Azimuthal Angle Theta [deg];Rotor Torque [Nm];Azimuthal Angle Theta [deg];Rotor Torque [Nm];Azimuthal Angle Theta [deg];Rotor Torque [Nm];Azimuthal Angle Theta [deg];Rotor Torque [Nm];Azimuthal Angle Theta [deg];Rotor Torque [Nm];Azimuthal Angle Theta [deg];Rotor Torque [Nm];Azimuthal Angle Theta [deg];Rotor Torque [Nm];Azimuthal Angle Theta [deg];Rotor Torque [Nm];Azimuthal Angle Theta [deg];Rotor Torque [Nm];Azimuthal Angle Theta [deg];Rotor Torque [Nm];Azimuthal Angle Theta [deg];Rotor Torque [Nm];Azimuthal Angle Theta [deg];Rotor Torque [Nm];Azimuthal Angle Theta [deg];Rotor Torque [Nm];Azimuthal Angle Theta [deg];Rotor Torque [Nm];Azimuthal Angle Theta [deg];Rotor Torque [Nm];Azimuthal Angle Theta [deg];Rotor Torque [Nm];Azimuthal Angle Theta [deg];Rotor Torque [Nm];Azimuthal Angle Theta [deg];Rotor Torque [Nm];Azimuthal Angle Theta [deg];Rotor Torque [Nm];Azimuthal Angle Theta [deg];Rotor Torque [Nm];Azimuthal Angle Theta [deg];Rotor Torque [Nm];Azimuthal Angle Theta [deg];Rotor Torque [Nm];Azimuthal Angle Theta [deg];Rotor Torque [Nm];Azimuthal Angle Theta [deg];Rotor Torque [Nm];Azimuthal Angle Theta [deg];Rotor Torque [Nm];Azimuthal Angle Theta [deg];Rotor Torque [Nm];Azimuthal Angle Theta [deg];Rotor Torque [Nm];Azimuthal Angle Theta [deg];Rotor Torque [Nm];Azimuthal Angle Theta [deg];Rotor Torque [Nm];Azimuthal Angle Theta [deg];Rotor Torque [Nm];Azimuthal Angle Theta [deg];Rotor Torque [Nm];Azimuthal Angle Theta [deg];Rotor Torque [Nm];Azimuthal Angle Theta [deg];Rotor Torque [Nm];Azimuthal Angle Theta [deg];Rotor Torque [Nm];Azimuthal Angle Theta [deg];Rotor Torque [Nm];Azimuthal Angle Theta [deg];Rotor Torque [Nm];Azimuthal Angle Theta [deg];Rotor Torque [Nm];Azimuthal Angle Theta [deg];Rotor Torque [Nm];Azimuthal Angle Theta [deg];Rotor Torque [Nm];Azimuthal Angle Theta [deg];Rotor Torque [Nm];Azimuthal Angle Theta [deg];Rotor Torque [Nm];Azimuthal Angle Theta [deg];Rotor Torque [Nm];Azimuthal Angle Theta [deg];Rotor Torque [Nm];Azimuthal Angle Theta [deg];Rotor Torque [Nm];Azimuthal Angle Theta [deg];Rotor Torque [Nm];Azimuthal Angle Theta [deg];Rotor Torque [Nm];Azimuthal Angle Theta [deg];Rotor Torque [Nm];Azimuthal Angle Theta [deg];Rotor Torque [Nm];Azimuthal Angle Theta [deg];Rotor Torque [Nm];Azimuthal Angle Theta [deg];Rotor Torque [Nm];Azimuthal Angle Theta [deg];Rotor Torque [Nm];Azimuthal Angle Theta [deg];Rotor Torque [Nm];Azimuthal Angle Theta [deg];Rotor Torque [Nm];Azimuthal Angle Theta [deg];Rotor Torque [Nm];Azimuthal Angle Theta [deg];Rotor Torque [Nm];Azimuthal Angle Theta [deg];Rotor Torque [Nm];Azimuthal Angle Theta [deg];Rotor Torque [Nm];Azimuthal Angle Theta [deg];Rotor Torque [Nm];Azimuthal Angle Theta [deg];Rotor Torque [Nm];Azimuthal Angle Theta [deg];Rotor Torque [Nm];Azimuthal Angle Theta [deg];Rotor Torque [Nm];Azimuthal Angle Theta [deg];Rotor Torque [Nm];Azimuthal Angle Theta [deg];Rotor Torque [Nm];Azimuthal Angle Theta [deg];Rotor Torque [Nm];Azimuthal Angle Theta [deg];Rotor Torque [Nm];Azimuthal Angle Theta [deg];Rotor Torque [Nm];Azimuthal Angle Theta [deg];Rotor Torque [Nm];Azimuthal Angle Theta [deg];Rotor Torque [Nm];Azimuthal Angle Theta [deg];Rotor Torque [Nm];Azimuthal Angle Theta [deg];Rotor Torque [Nm];Azimuthal Angle Theta [deg];Rotor Torque [Nm];Azimuthal Angle Theta [deg];Rotor Torque [Nm];Azimuthal Angle Theta [deg];Rotor Torque [Nm];Azimuthal Angle Theta [deg];Rotor Torque [Nm];Azimuthal Angle Theta [deg];Rotor Torque [Nm];Azimuthal Angle Theta [deg];Rotor Torque [Nm];Azimuthal Angle Theta [deg];Rotor Torque [Nm];Azimuthal Angle Theta [deg];Rotor Torque [Nm];Azimuthal Angle Theta [deg];Rotor Torque [Nm];Azimuthal Angle Theta [deg];Rotor Torque [Nm];Azimuthal Angle Theta [deg];Rotor Torque [Nm];Azimuthal Angle Theta [deg];Rotor Torque [Nm];Azimuthal Angle Theta [deg];Rotor Torque [Nm];Azimuthal Angle Theta [deg];Rotor Torque [Nm];Azimuthal Angle Theta [deg];Rotor Torque [Nm];Azimuthal Angle Theta [deg];Rotor Torque [Nm];Azimuthal Angle Theta [deg];Rotor Torque [Nm];Azimuthal Angle Theta [deg];Rotor Torque [Nm];Azimuthal Angle Theta [deg];Rotor Torque [Nm];Azimuthal Angle Theta [deg];Rotor Torque [Nm];Azimuthal Angle Theta [deg];Rotor Torque [Nm];Azimuthal Angle Theta [deg];Rotor Torque [Nm];Azimuthal Angle Theta [deg];Rotor Torque [Nm];Azimuthal Angle Theta [deg];Rotor Torque [Nm];Azimuthal Angle Theta [deg];Rotor Torque [Nm];Azimuthal Angle Theta [deg];Rotor Torque [Nm];Azimuthal Angle Theta [deg];Rotor Torque [Nm];Azimuthal Angle Theta [deg];Rotor Torque [Nm];Azimuthal Angle Theta [deg];Rotor Torque [Nm];Azimuthal Angle Theta [deg];Rotor Torque [Nm];Azimuthal Angle Theta [deg];Rotor Torque [Nm];Azimuthal Angle Theta [deg];Rotor Torque [Nm];Azimuthal Angle Theta [deg];Rotor Torque [Nm];Azimuthal Angle Theta [deg];Rotor Torque [Nm];Azimuthal Angle Theta [deg];Rotor Torque [Nm];Azimuthal Angle Theta [deg];Rotor Torque [Nm];Azimuthal Angle Theta [deg];Rotor Torque [Nm];Azimuthal Angle Theta [deg];Rotor Torque [Nm];Azimuthal Angle Theta [deg];Rotor Torque [Nm];Azimuthal Angle Theta [deg];Rotor Torque [Nm];Azimuthal Angle Theta [deg];Rotor Torque [Nm];Azimuthal Angle Theta [deg];Rotor Torque [Nm];Azimuthal Angle Theta [deg];Rotor Torque [Nm];Azimuthal Angle Theta [deg];Rotor Torque [Nm];Azimuthal Angle Theta [deg];Rotor Torque [Nm];Azimuthal Angle Theta [deg];Rotor Torque [Nm];Azimuthal Angle Theta [deg];Rotor Torque [Nm];Azimuthal Angle Theta [deg];Rotor Torque [Nm];Azimuthal Angle Theta [deg];Rotor Torque [Nm];Azimuthal Angle Theta [deg];Rotor Torque [Nm];Azimuthal Angle Theta [deg];Rotor Torque [Nm];Azimuthal Angle Theta [deg];Rotor Torque [Nm];Azimuthal Angle Theta [deg];Rotor Torque [Nm];Azimuthal Angle Theta [deg];Rotor Torque [Nm];Azimuthal Angle Theta [deg];Rotor Torque [Nm];Azimuthal Angle Theta [deg];Rotor Torque [Nm];Azimuthal Angle Theta [deg];Rotor Torque [Nm];Azimuthal Angle Theta [deg];Rotor Torque [Nm];Azimuthal Angle Theta [deg];Rotor Torque [Nm];Azimuthal Angle Theta [deg];Rotor Torque [Nm];Azimuthal Angle Theta [deg];Rotor Torque [Nm];Azimuthal Angle Theta [deg];Rotor Torque [Nm];Azimuthal Angle Theta [deg];Rotor Torque [Nm];Azimuthal Angle Theta [deg];Rotor Torque [Nm];Azimuthal Angle Theta [deg];Rotor Torque [Nm];Azimuthal Angle Theta [deg];Rotor Torque [Nm];Azimuthal Angle Theta [deg];Rotor Torque [Nm];Azimuthal Angle Theta [deg];Rotor Torque [Nm];Azimuthal Angle Theta [deg];Rotor Torque [Nm];Azimuthal Angle Theta [deg];Rotor Torque [Nm];Azimuthal Angle Theta [deg];Rotor Torque [Nm];Azimuthal Angle Theta [deg];Rotor Torque [Nm];Azimuthal Angle Theta [deg];Rotor Torque [Nm];Azimuthal Angle Theta [deg];Rotor Torque [Nm];Azimuthal Angle Theta [deg];Rotor Torque [Nm];Azimuthal Angle Theta [deg];Rotor Torque [Nm];Azimuthal Angle Theta [deg];Rotor Torque [Nm];Azimuthal Angle Theta [deg];Rotor Torque [Nm];Azimuthal Angle Theta [deg];Rotor Torque [Nm];Azimuthal Angle Theta [deg];Rotor Torque [Nm];Azimuthal Angle Theta [deg];Rotor Torque [Nm];Azimuthal Angle Theta [deg];Rotor Torque [Nm];Azimuthal Angle Theta [deg];Rotor Torque [Nm];Azimuthal Angle Theta [deg];Rotor Torque [Nm];Azimuthal Angle Theta [deg];Rotor Torque [Nm];Azimuthal Angle Theta [deg];Rotor Torque [Nm];Azimuthal Angle Theta [deg];Rotor Torque [Nm];Azimuthal Angle Theta [deg];Rotor Torque [Nm];Azimuthal Angle Theta [deg];Rotor Torque [Nm];Azimuthal Angle Theta [deg];Rotor Torque [Nm];Azimuthal Angle Theta [deg];Rotor Torque [Nm];Azimuthal Angle Theta [deg];Rotor Torque [Nm];Azimuthal Angle Theta [deg];Rotor Torque [Nm];Azimuthal Angle Theta [deg];Rotor Torque [Nm];Azimuthal Angle Theta [deg];Rotor Torque [Nm];Azimuthal Angle Theta [deg];Rotor Torque [Nm];Azimuthal Angle Theta [deg];Rotor Torque [Nm];Azimuthal Angle Theta [deg];Rotor Torque [Nm];Azimuthal Angle Theta [deg];Rotor Torque [Nm];Azimuthal Angle Theta [deg];Rotor Torque [Nm];Azimuthal Angle Theta [deg];Rotor Torque [Nm];Azimuthal Angle Theta [deg];Rotor Torque [Nm];Azimuthal Angle Theta [deg];Rotor Torque [Nm];Azimuthal Angle Theta [deg];Rotor Torque [Nm];Azimuthal Angle Theta [deg];Rotor Torque [Nm];Azimuthal Angle Theta [deg];Rotor Torque [Nm];Azimuthal Angle Theta [deg];Rotor Torque [Nm];Azimuthal Angle Theta [deg];Rotor Torque [Nm];Azimuthal Angle Theta [deg];Rotor Torque [Nm];Azimuthal Angle Theta [deg];Rotor Torque [Nm];Azimuthal Angle Theta [deg];Rotor Torque [Nm];Azimuthal Angle Theta [deg];Rotor Torque [Nm];Azimuthal Angle Theta [deg];Rotor Torque [Nm];Azimuthal Angle Theta [deg];Rotor Torque [Nm];Azimuthal Angle Theta [deg];Rotor Torque [Nm];Azimuthal Angle Theta [deg];Rotor Torque [Nm];Azimuthal Angle Theta [deg];Rotor Torque [Nm];Azimuthal Angle Theta [deg];Rotor Torque [Nm];Azimuthal Angle Theta [deg];Rotor Torque [Nm];Azimuthal Angle Theta [deg];Rotor Torque [Nm];Azimuthal Angle Theta [deg];Rotor Torque [Nm];Azimuthal Angle Theta [deg];Rotor Torque [Nm];Azimuthal Angle Theta [deg];Rotor Torque [Nm];Azimuthal Angle Theta [deg];Rotor Torque [Nm];Azimuthal Angle Theta [deg];Rotor Torque [Nm];Azimuthal Angle Theta [deg];Rotor Torque [Nm];Azimuthal Angle Theta [deg];Rotor Torque [Nm];Azimuthal Angle Theta [deg];Rotor Torque [Nm];Azimuthal Angle Theta [deg];Rotor Torque [Nm];Azimuthal Angle Theta [deg];Rotor Torque [Nm];Azimuthal Angle Theta [deg];Rotor Torque [Nm];Azimuthal Angle Theta [deg];Rotor Torque [Nm];Azimuthal Angle Theta [deg];Rotor Torque [Nm];Azimuthal Angle Theta [deg];Rotor Torque [Nm];Azimuthal Angle Theta [deg];Rotor Torque [Nm];Azimuthal Angle Theta [deg];Rotor Torque [Nm];Azimuthal Angle Theta [deg];Rotor Torque [Nm];Azimuthal Angle Theta [deg];Rotor Torque [Nm];Azimuthal Angle Theta [deg];Rotor Torque [Nm];Azimuthal Angle Theta [deg];Rotor Torque [Nm];Azimuthal Angle Theta [deg];Rotor Torque [Nm];Azimuthal Angle Theta [deg];Rotor Torque [Nm];Azimuthal Angle Theta [deg];Rotor Torque [Nm];Azimuthal Angle Theta [deg];Rotor Torque [Nm];Azimuthal Angle Theta [deg];Rotor Torque [Nm];Azimuthal Angle Theta [deg];Rotor Torque [Nm];Azimuthal Angle Theta [deg];Rotor Torque [Nm];Azimuthal Angle Theta [deg];Rotor Torque [Nm];Azimuthal Angle Theta [deg];Rotor Torque [Nm];Azimuthal Angle Theta [deg];Rotor Torque [Nm];Azimuthal Angle Theta [deg];Rotor Torque [Nm];Azimuthal Angle Theta [deg];Rotor Torque [Nm];Azimuthal Angle Theta [deg];Rotor Torque [Nm];Azimuthal Angle Theta [deg];Rotor Torque [Nm];Azimuthal Angle Theta [deg];Rotor Torque [Nm];Azimuthal Angle Theta [deg];Rotor Torque [Nm];Azimuthal Angle Theta [deg];Rotor Torque [Nm];Azimuthal Angle Theta [deg];Rotor Torque [Nm];Azimuthal Angle Theta [deg];Rotor Torque [Nm];Azimuthal Angle Theta [deg];Rotor Torque [Nm];Azimuthal Angle Theta [deg];Rotor Torque [Nm];Azimuthal Angle Theta [deg];Rotor Torque [Nm];Azimuthal Angle Theta [deg];Rotor Torque [Nm];Azimuthal Angle Theta [deg];Rotor Torque [Nm];Azimuthal Angle Theta [deg];Rotor Torque [Nm];Azimuthal Angle Theta [deg];Rotor Torque [Nm];Azimuthal Angle Theta [deg];Rotor Torque [Nm];Azimuthal Angle Theta [deg];Rotor Torque [Nm];Azimuthal Angle Theta [deg];Rotor Torque [Nm];Azimuthal Angle Theta [deg];Rotor Torque [Nm];Azimuthal Angle Theta [deg];Rotor Torque [Nm];Azimuthal Angle Theta [deg];Rotor Torque [Nm];Azimuthal Angle Theta [deg];Rotor Torque [Nm];Azimuthal Angle Theta [deg];Rotor Torque [Nm];Azimuthal Angle Theta [deg];Rotor Torque [Nm];Azimuthal Angle Theta [deg];Rotor Torque [Nm];Azimuthal Angle Theta [deg];Rotor Torque [Nm];Azimuthal Angle Theta [deg];Rotor Torque [Nm];Azimuthal Angle Theta [deg];Rotor Torque [Nm];Azimuthal Angle Theta [deg];Rotor Torque [Nm];Azimuthal Angle Theta [deg];Rotor Torque [Nm];Azimuthal Angle Theta [deg];Rotor Torque [Nm];Azimuthal Angle Theta [deg];Rotor Torque [Nm];Azimuthal Angle Theta [deg];Rotor Torque [Nm];Azimuthal Angle Theta [deg];Rotor Torque [Nm];Azimuthal Angle Theta [deg];Rotor Torque [Nm];Azimuthal Angle Theta [deg];Rotor Torque [Nm];Azimuthal Angle Theta [deg];Rotor Torque [Nm];Azimuthal Angle Theta [deg];Rotor Torque [Nm];Azimuthal Angle Theta [deg];Rotor Torque [Nm];Azimuthal Angle Theta [deg];Rotor Torque [Nm];Azimuthal Angle Theta [deg];Rotor Torque [Nm];Azimuthal Angle Theta [deg];Rotor Torque [Nm];Azimuthal Angle Theta [deg];Rotor Torque [Nm];Azimuthal Angle Theta [deg];Rotor Torque [Nm];Azimuthal Angle Theta [deg];Rotor Torque [Nm];Azimuthal Angle Theta [deg];Rotor Torque [Nm];Azimuthal Angle Theta [deg];Rotor Torque [Nm];Azimuthal Angle Theta [deg];Rotor Torque [Nm];Azimuthal Angle Theta [deg];Rotor Torque [Nm];Azimuthal Angle Theta [deg];Rotor Torque [Nm];Azimuthal Angle Theta [deg];Rotor Torque [Nm];Azimuthal Angle Theta [deg];Rotor Torque [Nm];Azimuthal Angle Theta [deg];Rotor Torque [Nm];Azimuthal Angle Theta [deg];Rotor Torque [Nm];Azimuthal Angle Theta [deg];Rotor Torque [Nm];Azimuthal Angle Theta [deg];Rotor Torque [Nm];Azimuthal Angle Theta [deg];Rotor Torque [Nm];Azimuthal Angle Theta [deg];Rotor Torque [Nm];Azimuthal Angle Theta [deg];Rotor Torque [Nm];Azimuthal Angle Theta [deg];Rotor Torque [Nm];Azimuthal Angle Theta [deg];Rotor Torque [Nm];Azimuthal Angle Theta [deg];Rotor Torque [Nm];Azimuthal Angle Theta [deg];Rotor Torque [Nm];Azimuthal Angle Theta [deg];Rotor Torque [Nm];Azimuthal Angle Theta [deg];Rotor Torque [Nm];Azimuthal Angle Theta [deg];Rotor Torque [Nm];Azimuthal Angle Theta [deg];Rotor Torque [Nm];Azimuthal Angle Theta [deg];Rotor Torque [Nm];Azimuthal Angle Theta [deg];Rotor Torque [Nm];Azimuthal Angle Theta [deg];Rotor Torque [Nm];Azimuthal Angle Theta [deg];Rotor Torque [Nm];Azimuthal Angle Theta [deg];Rotor Torque [Nm];Azimuthal Angle Theta [deg];Rotor Torque [Nm];Azimuthal Angle Theta [deg];Rotor Torque [Nm];Azimuthal Angle Theta [deg];Rotor Torque [Nm];Azimuthal Angle Theta [deg];Rotor Torque [Nm];Azimuthal Angle Theta [deg];Rotor Torque [Nm];Azimuthal Angle Theta [deg];Rotor Torque [Nm];Azimuthal Angle Theta [deg];Rotor Torque [Nm];Azimuthal Angle Theta [deg];Rotor Torque [Nm];Azimuthal Angle Theta [deg];Rotor Torque [Nm];Azimuthal Angle Theta [deg];Rotor Torque [Nm];Azimuthal Angle Theta [deg];Rotor Torque [Nm];Azimuthal Angle Theta [deg];Rotor Torque [Nm];Azimuthal Angle Theta [deg];Rotor Torque [Nm];Azimuthal Angle Theta [deg];Rotor Torque [Nm];Azimuthal Angle Theta [deg];Rotor Torque [Nm];Azimuthal Angle Theta [deg];Rotor Torque [Nm];Azimuthal Angle Theta [deg];Rotor Torque [Nm];Azimuthal Angle Theta [deg];Rotor Torque [Nm];Azimuthal Angle Theta [deg];Rotor Torque [Nm];Azimuthal Angle Theta [deg];Rotor Torque [Nm];Azimuthal Angle Theta [deg];Rotor Torque [Nm];Azimuthal Angle Theta [deg];Rotor Torque [Nm];Azimuthal Angle Theta [deg];Rotor Torque [Nm];Azimuthal Angle Theta [deg];Rotor Torque [Nm];Azimuthal Angle Theta [deg];Rotor Torque [Nm];Azimuthal Angle Theta [deg];Rotor Torque [Nm];Azimuthal Angle Theta [deg];Rotor Torque [Nm];Azimuthal Angle Theta [deg];Rotor Torque [Nm];Azimuthal Angle Theta [deg];Rotor Torque [Nm];Azimuthal Angle Theta [deg];Rotor Torque [Nm];Azimuthal Angle Theta [deg];Rotor Torque [Nm];Azimuthal Angle Theta [deg];Rotor Torque [Nm];Azimuthal Angle Theta [deg];Rotor Torque [Nm];Azimuthal Angle Theta [deg];Rotor Torque [Nm];Azimuthal Angle Theta [deg];Rotor Torque [Nm];Azimuthal Angle Theta [deg];Rotor Torque [Nm];Azimuthal Angle Theta [deg];Rotor Torque [Nm];Azimuthal Angle Theta [deg];Rotor Torque [Nm];Azimuthal Angle Theta [deg];Rotor Torque [Nm];Azimuthal Angle Theta [deg];Rotor Torque [Nm];Azimuthal Angle Theta [deg];Rotor Torque [Nm];Azimuthal Angle Theta [deg];Rotor Torque [Nm];Azimuthal Angle Theta [deg];Rotor Torque [Nm];Azimuthal Angle Theta [deg];Rotor Torque [Nm];Azimuthal Angle Theta [deg];Rotor Torque [Nm];Azimuthal Angle Theta [deg];Rotor Torque [Nm];Azimuthal Angle Theta [deg];Rotor Torque [Nm];Azimuthal Angle Theta [deg];Rotor Torque [Nm];Azimuthal Angle Theta [deg];Rotor Torque [Nm];Azimuthal Angle Theta [deg];Rotor Torque [Nm];Azimuthal Angle Theta [deg];Rotor Torque [Nm];Azimuthal Angle Theta [deg];Rotor Torque [Nm];Azimuthal Angle Theta [deg];Rotor Torque [Nm];Azimuthal Angle Theta [deg];Rotor Torque [Nm];Azimuthal Angle Theta [deg];Rotor Torque [Nm];Azimuthal Angle Theta [deg];Rotor Torque [Nm];Azimuthal Angle Theta [deg];Rotor Torque [Nm];Azimuthal Angle Theta [deg];Rotor Torque [Nm];Azimuthal Angle Theta [deg];Rotor Torque [Nm];Azimuthal Angle Theta [deg];Rotor Torque [Nm];Azimuthal Angle Theta [deg];Rotor Torque [Nm];Azimuthal Angle Theta [deg];Rotor Torque [Nm];Azimuthal Angle Theta [deg];Rotor Torque [Nm];Azimuthal Angle Theta [deg];Rotor Torque [Nm];Azimuthal Angle Theta [deg];Rotor Torque [Nm];Azimuthal Angle Theta [deg];Rotor Torque [Nm];Azimuthal Angle Theta [deg];Rotor Torque [Nm];Azimuthal Angle Theta [deg];Rotor Torque [Nm];Azimuthal Angle Theta [deg];Rotor Torque [Nm];Azimuthal Angle Theta [deg];Rotor Torque [Nm];Azimuthal Angle Theta [deg];Rotor Torque [Nm];Azimuthal Angle Theta [deg];Rotor Torque [Nm];Azimuthal Angle Theta [deg];Rotor Torque [Nm];Azimuthal Angle Theta [deg];Rotor Torque [Nm];Azimuthal Angle Theta [deg];Rotor Torque [Nm];Azimuthal Angle Theta [deg];Rotor Torque [Nm];Azimuthal Angle Theta [deg];Rotor Torque [Nm];Azimuthal Angle Theta [deg];Rotor Torque [Nm];Azimuthal Angle Theta [deg];Rotor Torque [Nm];Azimuthal Angle Theta [deg];Rotor Torque [Nm];Azimuthal Angle Theta [deg];Rotor Torque [Nm];Azimuthal Angle Theta [deg];Rotor Torque [Nm];Azimuthal Angle Theta [deg];Rotor Torque [Nm];Azimuthal Angle Theta [deg];Rotor Torque [Nm];Azimuthal Angle Theta [deg];Rotor Torque [Nm];Azimuthal Angle Theta [deg];Rotor Torque [Nm];Azimuthal Angle Theta [deg];Rotor Torque [Nm];Azimuthal Angle Theta [deg];Rotor Torque [Nm];Azimuthal Angle Theta [deg];Rotor Torque [Nm];Azimuthal Angle Theta [deg];Rotor Torque [Nm];Azimuthal Angle Theta [deg];Rotor Torque [Nm];Azimuthal Angle Theta [deg];Rotor Torque [Nm];Azimuthal Angle Theta [deg];Rotor Torque [Nm];Azimuthal Angle Theta [deg];Rotor Torque [Nm];Azimuthal Angle Theta [deg];Rotor Torque [Nm];Azimuthal Angle Theta [deg];Rotor Torque [Nm];Azimuthal Angle Theta [deg];Rotor Torque [Nm];Azimuthal Angle Theta [deg];Rotor Torque [Nm];Azimuthal Angle Theta [deg];Rotor Torque [Nm];Azimuthal Angle Theta [deg];Rotor Torque [Nm];Azimuthal Angle Theta [deg];Rotor Torque [Nm];Azimuthal Angle Theta [deg];Rotor Torque [Nm];Azimuthal Angle Theta [deg];Rotor Torque [Nm];Azimuthal Angle Theta [deg];Rotor Torque [Nm];Azimuthal Angle Theta [deg];Rotor Torque [Nm];Azimuthal Angle Theta [deg];Rotor Torque [Nm];Azimuthal Angle Theta [deg];Rotor Torque [Nm];Azimuthal Angle Theta [deg];Rotor Torque [Nm];Azimuthal Angle Theta [deg];Rotor Torque [Nm];Azimuthal Angle Theta [deg];Rotor Torque [Nm];Azimuthal Angle Theta [deg];Rotor Torque [Nm];Azimuthal Angle Theta [deg];Rotor Torque [Nm];Azimuthal Angle Theta [deg];Rotor Torque [Nm];Azimuthal Angle Theta [deg];Rotor Torque [Nm];Azimuthal Angle Theta [deg];Rotor Torque [Nm];Azimuthal Angle Theta [deg];Rotor Torque [Nm];Azimuthal Angle Theta [deg];Rotor Torque [Nm];Azimuthal Angle Theta [deg];Rotor Torque [Nm];Azimuthal Angle Theta [deg];Rotor Torque [Nm];Azimuthal Angle Theta [deg];Rotor Torque [Nm];Azimuthal Angle Theta [deg];Rotor Torque [Nm];Azimuthal Angle Theta [deg];Rotor Torque [Nm];Azimuthal Angle Theta [deg];Rotor Torque [Nm];Azimuthal Angle Theta [deg];Rotor Torque [Nm];Azimuthal Angle Theta [deg];Rotor Torque [Nm];Azimuthal Angle Theta [deg];Rotor Torque [Nm];Azimuthal Angle Theta [deg];Rotor Torque [Nm];Azimuthal Angle Theta [deg];Rotor Torque [Nm];Azimuthal Angle Theta [deg];Rotor Torque [Nm];Azimuthal Angle Theta [deg];Rotor Torque [Nm];Azimuthal Angle Theta [deg];Rotor Torque [Nm];Azimuthal Angle Theta [deg];Rotor Torque [Nm];Azimuthal Angle Theta [deg];Rotor Torque [Nm];Azimuthal Angle Theta [deg];Rotor Torque [Nm];Azimuthal Angle Theta [deg];Rotor Torque [Nm];Azimuthal Angle Theta [deg];Rotor Torque [Nm];Azimuthal Angle Theta [deg];Rotor Torque [Nm];Azimuthal Angle Theta [deg];Rotor Torque [Nm];Azimuthal Angle Theta [deg];Rotor Torque [Nm];Azimuthal Angle Theta [deg];Rotor Torque [Nm];Azimuthal Angle Theta [deg];Rotor Torque [Nm];Azimuthal Angle Theta [deg];Rotor Torque [Nm];Azimuthal Angle Theta [deg];Rotor Torque [Nm];Azimuthal Angle Theta [deg];Rotor Torque [Nm];Azimuthal Angle Theta [deg];Rotor Torque [Nm];Azimuthal Angle Theta [deg];Rotor Torque [Nm];Azimuthal Angle Theta [deg];Rotor Torque [Nm];Azimuthal Angle Theta [deg];Rotor Torque [Nm];Azimuthal Angle Theta [deg];Rotor Torque [Nm];Azimuthal Angle Theta [deg];Rotor Torque [Nm];Azimuthal Angle Theta [deg];Rotor Torque [Nm];Azimuthal Angle Theta [deg];Rotor Torque [Nm];Azimuthal Angle Theta [deg];Rotor Torque [Nm];Azimuthal Angle Theta [deg];Rotor Torque [Nm];Azimuthal Angle Theta [deg];Rotor Torque [Nm];Azimuthal Angle Theta [deg];Rotor Torque [Nm];Azimuthal Angle Theta [deg];Rotor Torque [Nm];Azimuthal Angle Theta [deg];Rotor Torque [Nm];Azimuthal Angle Theta [deg];Rotor Torque [Nm];Azimuthal Angle Theta [deg];Rotor Torque [Nm];Azimuthal Angle Theta [deg];Rotor Torque [Nm];Azimuthal Angle Theta [deg];Rotor Torque [Nm];Azimuthal Angle Theta [deg];Rotor Torque [Nm];Azimuthal Angle Theta [deg];Rotor Torque [Nm];Azimuthal Angle Theta [deg];Rotor Torque [Nm];Azimuthal Angle Theta [deg];Rotor Torque [Nm];Azimuthal Angle Theta [deg];Rotor Torque [Nm];Azimuthal Angle Theta [deg];Rotor Torque [Nm];Azimuthal Angle Theta [deg];Rotor Torque [Nm];Azimuthal Angle Theta [deg];Rotor Torque [Nm];Azimuthal Angle Theta [deg];Rotor Torque [Nm];Azimuthal Angle Theta [deg];Rotor Torque [Nm];Azimuthal Angle Theta [deg];Rotor Torque [Nm];Azimuthal Angle Theta [deg];Rotor Torque [Nm];Azimuthal Angle Theta [deg];Rotor Torque [Nm];Azimuthal Angle Theta [deg];Rotor Torque [Nm];Azimuthal Angle Theta [deg];Rotor Torque [Nm];Azimuthal Angle Theta [deg];Rotor Torque [Nm];Azimuthal Angle Theta [deg];Rotor Torque [Nm];Azimuthal Angle Theta [deg];Rotor Torque [Nm];Azimuthal Angle Theta [deg];Rotor Torque [Nm];Azimuthal Angle Theta [deg];Rotor Torque [Nm];Azimuthal Angle Theta [deg];Rotor Torque [Nm];Azimuthal Angle Theta [deg];Rotor Torque [Nm];Azimuthal Angle Theta [deg];Rotor Torque [Nm];Azimuthal Angle Theta [deg];Rotor Torque [Nm];Azimuthal Angle Theta [deg];Rotor Torque [Nm];Azimuthal Angle Theta [deg];Rotor Torque [Nm];Azimuthal Angle Theta [deg];Rotor Torque [Nm];Azimuthal Angle Theta [deg];Rotor Torque [Nm];Azimuthal Angle Theta [deg];Rotor Torque [Nm];Azimuthal Angle Theta [deg];Rotor Torque [Nm];Azimuthal Angle Theta [deg];Rotor Torque [Nm];Azimuthal Angle Theta [deg];Rotor Torque [Nm];Azimuthal Angle Theta [deg];Rotor Torque [Nm];Azimuthal Angle Theta [deg];Rotor Torque [Nm];Azimuthal Angle Theta [deg];Rotor Torque [Nm];Azimuthal Angle Theta [deg];Rotor Torque [Nm];Azimuthal Angle Theta [deg];Rotor Torque [Nm];Azimuthal Angle Theta [deg];Rotor Torque [Nm];Azimuthal Angle Theta [deg];Rotor Torque [Nm];Azimuthal Angle Theta [deg];Rotor Torque [Nm];Azimuthal Angle Theta [deg];Rotor Torque [Nm];Azimuthal Angle Theta [deg];Rotor Torque [Nm];Azimuthal Angle Theta [deg];Rotor Torque [Nm];Azimuthal Angle Theta [deg];Rotor Torque [Nm];Azimuthal Angle Theta [deg];Rotor Torque [Nm];Azimuthal Angle Theta [deg];Rotor Torque [Nm];Azimuthal Angle Theta [deg];Rotor Torque [Nm];Azimuthal Angle Theta [deg];Rotor Torque [Nm];Azimuthal Angle Theta [deg];Rotor Torque [Nm];Azimuthal Angle Theta [deg];Rotor Torque [Nm];Azimuthal Angle Theta [deg];Rotor Torque [Nm];Azimuthal Angle Theta [deg];Rotor Torque [Nm];Azimuthal Angle Theta [deg];Rotor Torque [Nm];Azimuthal Angle Theta [deg];Rotor Torque [Nm];Azimuthal Angle Theta [deg];Rotor Torque [Nm];Azimuthal Angle Theta [deg];Rotor Torque [Nm];Azimuthal Angle Theta [deg];Rotor Torque [Nm];Azimuthal Angle Theta [deg];Rotor Torque [Nm];Azimuthal Angle Theta [deg];Rotor Torque [Nm];Azimuthal Angle Theta [deg];Rotor Torque [Nm];Azimuthal Angle Theta [deg];Rotor Torque [Nm];Azimuthal Angle Theta [deg];Rotor Torque [Nm];Azimuthal Angle Theta [deg];Rotor Torque [Nm];Azimuthal Angle Theta [deg];Rotor Torque [Nm];Azimuthal Angle Theta [deg];Rotor Torque [Nm];Azimuthal Angle Theta [deg];Rotor Torque [Nm];Azimuthal Angle Theta [deg];Rotor Torque [Nm];Azimuthal Angle Theta [deg];Rotor Torque [Nm];Azimuthal Angle Theta [deg];Rotor Torque [Nm];Azimuthal Angle Theta [deg];Rotor Torque [Nm];Azimuthal Angle Theta [deg];Rotor Torque [Nm];Azimuthal Angle Theta [deg];Rotor Torque [Nm];Azimuthal Angle Theta [deg];Rotor Torque [Nm];Azimuthal Angle Theta [deg];Rotor Torque [Nm];Azimuthal Angle Theta [deg];Rotor Torque [Nm];Azimuthal Angle Theta [deg];Rotor Torque [Nm];Azimuthal Angle Theta [deg];Rotor Torque [Nm];Azimuthal Angle Theta [deg];Rotor Torque [Nm];Azimuthal Angle Theta [deg];Rotor Torque [Nm];Azimuthal Angle Theta [deg];Rotor Torque [Nm];Azimuthal Angle Theta [deg];Rotor Torque [Nm];Azimuthal Angle Theta [deg];Rotor Torque [Nm];Azimuthal Angle Theta [deg];Rotor Torque [Nm];Azimuthal Angle Theta [deg];Rotor Torque [Nm];Azimuthal Angle Theta [deg];Rotor Torque [Nm];Azimuthal Angle Theta [deg];Rotor Torque [Nm];Azimuthal Angle Theta [deg];Rotor Torque [Nm];Azimuthal Angle Theta [deg];Rotor Torque [Nm];Azimuthal Angle Theta [deg];Rotor Torque [Nm];Azimuthal Angle Theta [deg];Rotor Torque [Nm];Azimuthal Angle Theta [deg];Rotor Torque [Nm];Azimuthal Angle Theta [deg];Rotor Torque [Nm];Azimuthal Angle Theta [deg];Rotor Torque [Nm];Azimuthal Angle Theta [deg];Rotor Torque [Nm];Azimuthal Angle Theta [deg];Rotor Torque [Nm];Azimuthal Angle Theta [deg];Rotor Torque [Nm];Azimuthal Angle Theta [deg];Rotor Torque [Nm];Azimuthal Angle Theta [deg];Rotor Torque [Nm];Azimuthal Angle Theta [deg];Rotor Torque [Nm];Azimuthal Angle Theta [deg];Rotor Torque [Nm];Azimuthal Angle Theta [deg];Rotor Torque [Nm];Azimuthal Angle Theta [deg];Rotor Torque [Nm];Azimuthal Angle Theta [deg];Rotor Torque [Nm];Azimuthal Angle Theta [deg];Rotor Torque [Nm];Azimuthal Angle Theta [deg];Rotor Torque [Nm];Azimuthal Angle Theta [deg];Rotor Torque [Nm];Azimuthal Angle Theta [deg];Rotor Torque [Nm];Azimuthal Angle Theta [deg];Rotor Torque [Nm];Azimuthal Angle Theta [deg];Rotor Torque [Nm];Azimuthal Angle Theta [deg];Rotor Torque [Nm];Azimuthal Angle Theta [deg];Rotor Torque [Nm];Azimuthal Angle Theta [deg];Rotor Torque [Nm];Azimuthal Angle Theta [deg];Rotor Torque [Nm];Azimuthal Angle Theta [deg];Rotor Torque [Nm];Azimuthal Angle Theta [deg];Rotor Torque [Nm];Azimuthal Angle Theta [deg];Rotor Torque [Nm];Azimuthal Angle Theta [deg];Rotor Torque [Nm];Azimuthal Angle Theta [deg];Rotor Torque [Nm];Azimuthal Angle Theta [deg];Rotor Torque [Nm];Azimuthal Angle Theta [deg];Rotor Torque [Nm];Azimuthal Angle Theta [deg];Rotor Torque [Nm];Azimuthal Angle Theta [deg];Rotor Torque [Nm];Azimuthal Angle Theta [deg];Rotor Torque [Nm];Azimuthal Angle Theta [deg];Rotor Torque [Nm];Azimuthal Angle Theta [deg];Rotor Torque [Nm];Azimuthal Angle Theta [deg];Rotor Torque [Nm];Azimuthal Angle Theta [deg];Rotor Torque [Nm];Azimuthal Angle Theta [deg];Rotor Torque [Nm];Azimuthal Angle Theta [deg];Rotor Torque [Nm];Azimuthal Angle Theta [deg];Rotor Torque [Nm];Azimuthal Angle Theta [deg];Rotor Torque [Nm];Azimuthal Angle Theta [deg];Rotor Torque [Nm];Azimuthal Angle Theta [deg];Rotor Torque [Nm];Azimuthal Angle Theta [deg];Rotor Torque [Nm];Azimuthal Angle Theta [deg];Rotor Torque [Nm];Azimuthal Angle Theta [deg];Rotor Torque [Nm];Azimuthal Angle Theta [deg];Rotor Torque [Nm];Azimuthal Angle Theta [deg];Rotor Torque [Nm];Azimuthal Angle Theta [deg];Rotor Torque [Nm];Azimuthal Angle Theta [deg];Rotor Torque [Nm];Azimuthal Angle Theta [deg];Rotor Torque [Nm];Azimuthal Angle Theta [deg];Rotor Torque [Nm];Azimuthal Angle Theta [deg];Rotor Torque [Nm];Azimuthal Angle Theta [deg];Rotor Torque [Nm];Azimuthal Angle Theta [deg];Rotor Torque [Nm];Azimuthal Angle Theta [deg];Rotor Torque [Nm];Azimuthal Angle Theta [deg];Rotor Torque [Nm];Azimuthal Angle Theta [deg];Rotor Torque [Nm];Azimuthal Angle Theta [deg];Rotor Torque [Nm];Azimuthal Angle Theta [deg];Rotor Torque [Nm];Azimuthal Angle Theta [deg];Rotor Torque [Nm];Azimuthal Angle Theta [deg];Rotor Torque [Nm];Azimuthal Angle Theta [deg];Rotor Torque [Nm];Azimuthal Angle Theta [deg];Rotor Torque [Nm];Azimuthal Angle Theta [deg];Rotor Torque [Nm];Azimuthal Angle Theta [deg];Rotor Torque [Nm];Azimuthal Angle Theta [deg];Rotor Torque [Nm];Azimuthal Angle Theta [deg];Rotor Torque [Nm];Azimuthal Angle Theta [deg];Rotor Torque [Nm];Azimuthal Angle Theta [deg];Rotor Torque [Nm];Azimuthal Angle Theta [deg];Rotor Torque [Nm];Azimuthal Angle Theta [deg];Rotor Torque [Nm];Azimuthal Angle Theta [deg];Rotor Torque [Nm];Azimuthal Angle Theta [deg];Rotor Torque [Nm];Azimuthal Angle Theta [deg];Rotor Torque [Nm];Azimuthal Angle Theta [deg];Rotor Torque [Nm];Azimuthal Angle Theta [deg];Rotor Torque [Nm];Azimuthal Angle Theta [deg];Rotor Torque [Nm];Azimuthal Angle Theta [deg];Rotor Torque [Nm];Azimuthal Angle Theta [deg];Rotor Torque [Nm];Azimuthal Angle Theta [deg];Rotor Torque [Nm];Azimuthal Angle Theta [deg];Rotor Torque [Nm];Azimuthal Angle Theta [deg];Rotor Torque [Nm];Azimuthal Angle Theta [deg];Rotor Torque [Nm];Azimuthal Angle Theta [deg];Rotor Torque [Nm];Azimuthal Angle Theta [deg];Rotor Torque [Nm];Azimuthal Angle Theta [deg];Rotor Torque [Nm];Azimuthal Angle Theta [deg];Rotor Torque [Nm];Azimuthal Angle Theta [deg];Rotor Torque [Nm];Azimuthal Angle Theta [deg];Rotor Torque [Nm];Azimuthal Angle Theta [deg];Rotor Torque [Nm];Azimuthal Angle Theta [deg];Rotor Torque [Nm];Azimuthal Angle Theta [deg];Rotor Torque [Nm];Azimuthal Angle Theta [deg];Rotor Torque [Nm];Azimuthal Angle Theta [deg];Rotor Torque [Nm];Azimuthal Angle Theta [deg];Rotor Torque [Nm];Azimuthal Angle Theta [deg];Rotor Torque [Nm];Azimuthal Angle Theta [deg];Rotor Torque [Nm];Azimuthal Angle Theta [deg];Rotor Torque [Nm];Azimuthal Angle Theta [deg];Rotor Torque [Nm];Azimuthal Angle Theta [deg];Rotor Torque [Nm];Azimuthal Angle Theta [deg];Rotor Torque [Nm];Azimuthal Angle Theta [deg];Rotor Torque [Nm];Azimuthal Angle Theta [deg];Rotor Torque [Nm];Azimuthal Angle Theta [deg];Rotor Torque [Nm];Azimuthal Angle Theta [deg];Rotor Torque [Nm];Azimuthal Angle Theta [deg];Rotor Torque [Nm];Azimuthal Angle Theta [deg];Rotor Torque [Nm];Azimuthal Angle Theta [deg];Rotor Torque [Nm];Azimuthal Angle Theta [deg];Rotor Torque [Nm];Azimuthal Angle Theta [deg];Rotor Torque [Nm];Azimuthal Angle Theta [deg];Rotor Torque [Nm];Azimuthal Angle Theta [deg];Rotor Torque [Nm];Azimuthal Angle Theta [deg];Rotor Torque [Nm];Azimuthal Angle Theta [deg];Rotor Torque [Nm];Azimuthal Angle Theta [deg];Rotor Torque [Nm];Azimuthal Angle Theta [deg];Rotor Torque [Nm];Azimuthal Angle Theta [deg];Rotor Torque [Nm];Azimuthal Angle Theta [deg];Rotor Torque [Nm];Azimuthal Angle Theta [deg];Rotor Torque [Nm];Azimuthal Angle Theta [deg];Rotor Torque [Nm];Azimuthal Angle Theta [deg];Rotor Torque [Nm];Azimuthal Angle Theta [deg];Rotor Torque [Nm];Azimuthal Angle Theta [deg];Rotor Torque [Nm];Azimuthal Angle Theta [deg];Rotor Torque [Nm];Azimuthal Angle Theta [deg];Rotor Torque [Nm];Azimuthal Angle Theta [deg];Rotor Torque [Nm];Azimuthal Angle Theta [deg];Rotor Torque [Nm];Azimuthal Angle Theta [deg];Rotor Torque [Nm];Azimuthal Angle Theta [deg];Rotor Torque [Nm];Azimuthal Angle Theta [deg];Rotor Torque [Nm];Azimuthal Angle Theta [deg];Rotor Torque [Nm];Azimuthal Angle Theta [deg];Rotor Torque [Nm];Azimuthal Angle Theta [deg];Rotor Torque [Nm];Azimuthal Angle Theta [deg];Rotor Torque [Nm];Azimuthal Angle Theta [deg];Rotor Torque [Nm];Azimuthal Angle Theta [deg];Rotor Torque [Nm];Azimuthal Angle Theta [deg];Rotor Torque [Nm];Azimuthal Angle Theta [deg];Rotor Torque [Nm];Azimuthal Angle Theta [deg];Rotor Torque [Nm];Azimuthal Angle Theta [deg];Rotor Torque [Nm];Azimuthal Angle Theta [deg];Rotor Torque [Nm];Azimuthal Angle Theta [deg];Rotor Torque [Nm];Azimuthal Angle Theta [deg];Rotor Torque [Nm];Azimuthal Angle Theta [deg];Rotor Torque [Nm];Azimuthal Angle Theta [deg];Rotor Torque [Nm];Azimuthal Angle Theta [deg];Rotor Torque [Nm];Azimuthal Angle Theta [deg];Rotor Torque [Nm];Azimuthal Angle Theta [deg];Rotor Torque [Nm];Azimuthal Angle Theta [deg];Rotor Torque [Nm];Azimuthal Angle Theta [deg];Rotor Torque [Nm];Azimuthal Angle Theta [deg];Rotor Torque [Nm];Azimuthal Angle Theta [deg];Rotor Torque [Nm];Azimuthal Angle Theta [deg];Rotor Torque [Nm];Azimuthal Angle Theta [deg];Rotor Torque [Nm];Azimuthal Angle Theta [deg];Rotor Torque [Nm];Azimuthal Angle Theta [deg];Rotor Torque [Nm];Azimuthal Angle Theta [deg];Rotor Torque [Nm];Azimuthal Angle Theta [deg];Rotor Torque [Nm];Azimuthal Angle Theta [deg];Rotor Torque [Nm];Azimuthal Angle Theta [deg];Rotor Torque [Nm];Azimuthal Angle Theta [deg];Rotor Torque [Nm];Azimuthal Angle Theta [deg];Rotor Torque [Nm];Azimuthal Angle Theta [deg];Rotor Torque [Nm];Azimuthal Angle Theta [deg];Rotor Torque [Nm];Azimuthal Angle Theta [deg];Rotor Torque [Nm];Azimuthal Angle Theta [deg];Rotor Torque [Nm];Azimuthal Angle Theta [deg];Rotor Torque [Nm];Azimuthal Angle Theta [deg];Rotor Torque [Nm];Azimuthal Angle Theta [deg];Rotor Torque [Nm];Azimuthal Angle Theta [deg];Rotor Torque [Nm];Azimuthal Angle Theta [deg];Rotor Torque [Nm];Azimuthal Angle Theta [deg];Rotor Torque [Nm];Azimuthal Angle Theta [deg];Rotor Torque [Nm];Azimuthal Angle Theta [deg];Rotor Torque [Nm];Azimuthal Angle Theta [deg];Rotor Torque [Nm];Azimuthal Angle Theta [deg];Rotor Torque [Nm];Azimuthal Angle Theta [deg];Rotor Torque [Nm];Azimuthal Angle Theta [deg];Rotor Torque [Nm];Azimuthal Angle Theta [deg];Rotor Torque [Nm];Azimuthal Angle Theta [deg];Rotor Torque [Nm];Azimuthal Angle Theta [deg];Rotor Torque [Nm];Azimuthal Angle Theta [deg];Rotor Torque [Nm];Azimuthal Angle Theta [deg];Rotor Torque [Nm];Azimuthal Angle Theta [deg];Rotor Torque [Nm];Azimuthal Angle Theta [deg];Rotor Torque [Nm];Azimuthal Angle Theta [deg];Rotor Torque [Nm];Azimuthal Angle Theta [deg];Rotor Torque [Nm];Azimuthal Angle Theta [deg];Rotor Torque [Nm];Azimuthal Angle Theta [deg];Rotor Torque [Nm];Azimuthal Angle Theta [deg];Rotor Torque [Nm];Azimuthal Angle Theta [deg];Rotor Torque [Nm];Azimuthal Angle Theta [deg];Rotor Torque [Nm];Azimuthal Angle Theta [deg];Rotor Torque [Nm];Azimuthal Angle Theta [deg];Rotor Torque [Nm];Azimuthal Angle Theta [deg];Rotor Torque [Nm];Azimuthal Angle Theta [deg];Rotor Torque [Nm];Azimuthal Angle Theta [deg];Rotor Torque [Nm];Azimuthal Angle Theta [deg];Rotor Torque [Nm];Azimuthal Angle Theta [deg];Rotor Torque [Nm];Azimuthal Angle Theta [deg];Rotor Torque [Nm];Azimuthal Angle Theta [deg];Rotor Torque [Nm];Azimuthal Angle Theta [deg];Rotor Torque [Nm];Azimuthal Angle Theta [deg];Rotor Torque [Nm];Azimuthal Angle Theta [deg];Rotor Torque [Nm];Azimuthal Angle Theta [deg];Rotor Torque [Nm];Azimuthal Angle Theta [deg];Rotor Torque [Nm];Azimuthal Angle Theta [deg];Rotor Torque [Nm];Azimuthal Angle Theta [deg];Rotor Torque [Nm];Azimuthal Angle Theta [deg];Rotor Torque [Nm];Azimuthal Angle Theta [deg];Rotor Torque [Nm];Azimuthal Angle Theta [deg];Rotor Torque [Nm];Azimuthal Angle Theta [deg];Rotor Torque [Nm];Azimuthal Angle Theta [deg];Rotor Torque [Nm];Azimuthal Angle Theta [deg];Rotor Torque [Nm];Azimuthal Angle Theta [deg];Rotor Torque [Nm];Azimuthal Angle Theta [deg];Rotor Torque [Nm];Azimuthal Angle Theta [deg];Rotor Torque [Nm];Azimuthal Angle Theta [deg];Rotor Torque [Nm];Azimuthal Angle Theta [deg];Rotor Torque [Nm];Azimuthal Angle Theta [deg];Rotor Torque [Nm];Azimuthal Angle Theta [deg];Rotor Torque [Nm];Azimuthal Angle Theta [deg];Rotor Torque [Nm];Azimuthal Angle Theta [deg];Rotor Torque [Nm];Azimuthal Angle Theta [deg];Rotor Torque [Nm];Azimuthal Angle Theta [deg];Rotor Torque [Nm];Azimuthal Angle Theta [deg];Rotor Torque [Nm];Azimuthal Angle Theta [deg];Rotor Torque [Nm];Azimuthal Angle Theta [deg];Rotor Torque [Nm];Azimuthal Angle Theta [deg];Rotor Torque [Nm];Azimuthal Angle Theta [deg];Rotor Torque [Nm];Azimuthal Angle Theta [deg];Rotor Torque [Nm];Azimuthal Angle Theta [deg];Rotor Torque [Nm];Azimuthal Angle Theta [deg];Rotor Torque [Nm];Azimuthal Angle Theta [deg];Rotor Torque [Nm];Azimuthal Angle Theta [deg];Rotor Torque [Nm];Azimuthal Angle Theta [deg];Rotor Torque [Nm];Azimuthal Angle Theta [deg];Rotor Torque [Nm];Azimuthal Angle Theta [deg];Rotor Torque [Nm];Azimuthal Angle Theta [deg];Rotor Torque [Nm];Azimuthal Angle Theta [deg];Rotor Torque [Nm];Azimuthal Angle Theta [deg];Rotor Torque [Nm];Azimuthal Angle Theta [deg];Rotor Torque [Nm];Azimuthal Angle Theta [deg];Rotor Torque [Nm];Azimuthal Angle Theta [deg];Rotor Torque [Nm];Azimuthal Angle Theta [deg];Rotor Torque [Nm];Azimuthal Angle Theta [deg];Rotor Torque [Nm];Azimuthal Angle Theta [deg];Rotor Torque [Nm];Azimuthal Angle Theta [deg];Rotor Torque [Nm];Azimuthal Angle Theta [deg];Rotor Torque [Nm];Azimuthal Angle Theta [deg];Rotor Torque [Nm];Azimuthal Angle Theta [deg];Rotor Torque [Nm];Azimuthal Angle Theta [deg];Rotor Torque [Nm];Azimuthal Angle Theta [deg];Rotor Torque [Nm];Azimuthal Angle Theta [deg];Rotor Torque [Nm];Azimuthal Angle Theta [deg];Rotor Torque [Nm];Azimuthal Angle Theta [deg];Rotor Torque [Nm];Azimuthal Angle Theta [deg];Rotor Torque [Nm];Azimuthal Angle Theta [deg];Rotor Torque [Nm];Azimuthal Angle Theta [deg];Rotor Torque [Nm];Azimuthal Angle Theta [deg];Rotor Torque [Nm];Azimuthal Angle Theta [deg];Rotor Torque [Nm];Azimuthal Angle Theta [deg];Rotor Torque [Nm];Azimuthal Angle Theta [deg];Rotor Torque [Nm];Azimuthal Angle Theta [deg];Rotor Torque [Nm];Azimuthal Angle Theta [deg];Rotor Torque [Nm];Azimuthal Angle Theta [deg];Rotor Torque [Nm];Azimuthal Angle Theta [deg];Rotor Torque [Nm];Azimuthal Angle Theta [deg];Rotor Torque [Nm];Azimuthal Angle Theta [deg];Rotor Torque [Nm];Azimuthal Angle Theta [deg];Rotor Torque [Nm];Azimuthal Angle Theta [deg];Rotor Torque [Nm];Azimuthal Angle Theta [deg];Rotor Torque [Nm];Azimuthal Angle Theta [deg];Rotor Torque [Nm];Azimuthal Angle Theta [deg];Rotor Torque [Nm];Azimuthal Angle Theta [deg];Rotor Torque [Nm];Azimuthal Angle Theta [deg];Rotor Torque [Nm];Azimuthal Angle Theta [deg];Rotor Torque [Nm];Azimuthal Angle Theta [deg];Rotor Torque [Nm];Azimuthal Angle Theta [deg];Rotor Torque [Nm];Azimuthal Angle Theta [deg];Rotor Torque [Nm];Azimuthal Angle Theta [deg];Rotor Torque [Nm];Azimuthal Angle Theta [deg];Rotor Torque [Nm];Azimuthal Angle Theta [deg];Rotor Torque [Nm];Azimuthal Angle Theta [deg];Rotor Torque [Nm];Azimuthal Angle Theta [deg];Rotor Torque [Nm];Azimuthal Angle Theta [deg];Rotor Torque [Nm];Azimuthal Angle Theta [deg];Rotor Torque [Nm];Azimuthal Angle Theta [deg];Rotor Torque [Nm];Azimuthal Angle Theta [deg];Rotor Torque [Nm];Azimuthal Angle Theta [deg];Rotor Torque [Nm];Azimuthal Angle Theta [deg];Rotor Torque [Nm];Azimuthal Angle Theta [deg];Rotor Torque [Nm];Azimuthal Angle Theta [deg];Rotor Torque [Nm];Azimuthal Angle Theta [deg];Rotor Torque [Nm];Azimuthal Angle Theta [deg];Rotor Torque [Nm];Azimuthal Angle Theta [deg];Rotor Torque [Nm];Azimuthal Angle Theta [deg];Rotor Torque [Nm];Azimuthal Angle Theta [deg];Rotor Torque [Nm];Azimuthal Angle Theta [deg];Rotor Torque [Nm];Azimuthal Angle Theta [deg];Rotor Torque [Nm];Azimuthal Angle Theta [deg];Rotor Torque [Nm];Azimuthal Angle Theta [deg];Rotor Torque [Nm];Azimuthal Angle Theta [deg];Rotor Torque [Nm];Azimuthal Angle Theta [deg];Rotor Torque [Nm];Azimuthal Angle Theta [deg];Rotor Torque [Nm];Azimuthal Angle Theta [deg];Rotor Torque [Nm];Azimuthal Angle Theta [deg];Rotor Torque [Nm];Azimuthal Angle Theta [deg];Rotor Torque [Nm];Azimuthal Angle Theta [deg];Rotor Torque [Nm];Azimuthal Angle Theta [deg];Rotor Torque [Nm];Azimuthal Angle Theta [deg];Rotor Torque [Nm];Azimuthal Angle Theta [deg];Rotor Torque [Nm];Azimuthal Angle Theta [deg];Rotor Torque [Nm];Azimuthal Angle Theta [deg];Rotor Torque [Nm];Azimuthal Angle Theta [deg];Rotor Torque [Nm];Azimuthal Angle Theta [deg];Rotor Torque [Nm];Azimuthal Angle Theta [deg];Rotor Torque [Nm];Azimuthal Angle Theta [deg];Rotor Torque [Nm];Azimuthal Angle Theta [deg];Rotor Torque [Nm];Azimuthal Angle Theta [deg];Rotor Torque [Nm];Azimuthal Angle Theta [deg];Rotor Torque [Nm];Azimuthal Angle Theta [deg];Rotor Torque [Nm];Azimuthal Angle Theta [deg];Rotor Torque [Nm];Azimuthal Angle Theta [deg];Rotor Torque [Nm];Azimuthal Angle Theta [deg];Rotor Torque [Nm];Azimuthal Angle Theta [deg];Rotor Torque [Nm];Azimuthal Angle Theta [deg];Rotor Torque [Nm];Azimuthal Angle Theta [deg];Rotor Torque [Nm];Azimuthal Angle Theta [deg];Rotor Torque [Nm];Azimuthal Angle Theta [deg];Rotor Torque [Nm];Azimuthal Angle Theta [deg];Rotor Torque [Nm];Azimuthal Angle Theta [deg];Rotor Torque [Nm];Azimuthal Angle Theta [deg];Rotor Torque [Nm];Azimuthal Angle Theta [deg];Rotor Torque [Nm];Azimuthal Angle Theta [deg];Rotor Torque [Nm];Azimuthal Angle Theta [deg];Rotor Torque [Nm];Azimuthal Angle Theta [deg];Rotor Torque [Nm];Azimuthal Angle Theta [deg];Rotor Torque [Nm];Azimuthal Angle Theta [deg];Rotor Torque [Nm];Azimuthal Angle Theta [deg];Rotor Torque [Nm];Azimuthal Angle Theta [deg];Rotor Torque [Nm];Azimuthal Angle Theta [deg];Rotor Torque [Nm];Azimuthal Angle Theta [deg];Rotor Torque [Nm];Azimuthal Angle Theta [deg];Rotor Torque [Nm];Azimuthal Angle Theta [deg];Rotor Torque [Nm];Azimuthal Angle Theta [deg];Rotor Torque [Nm];Azimuthal Angle Theta [deg];Rotor Torque [Nm];Azimuthal Angle Theta [deg];Rotor Torque [Nm];Azimuthal Angle Theta [deg];Rotor Torque [Nm];Azimuthal Angle Theta [deg];Rotor Torque [Nm];Azimuthal Angle Theta [deg];Rotor Torque [Nm];Azimuthal Angle Theta [deg];Rotor Torque [Nm];Azimuthal Angle Theta [deg];Rotor Torque [Nm];Azimuthal Angle Theta [deg];Rotor Torque [Nm];Azimuthal Angle Theta [deg];Rotor Torque [Nm];Azimuthal Angle Theta [deg];Rotor Torque [Nm];Azimuthal Angle Theta [deg];Rotor Torque [Nm];Azimuthal Angle Theta [deg];Rotor Torque [Nm];Azimuthal Angle Theta [deg];Rotor Torque [Nm];Azimuthal Angle Theta [deg];Rotor Torque [Nm];Azimuthal Angle Theta [deg];Rotor Torque [Nm];Azimuthal Angle Theta [deg];Rotor Torque [Nm];Azimuthal Angle Theta [deg];Rotor Torque [Nm];Azimuthal Angle Theta [deg];Rotor Torque [Nm];Azimuthal Angle Theta [deg];Rotor Torque [Nm];Azimuthal Angle Theta [deg];Rotor Torque [Nm];Azimuthal Angle Theta [deg];Rotor Torque [Nm];Azimuthal Angle Theta [deg];Rotor Torque [Nm];Azimuthal Angle Theta [deg];Rotor Torque [Nm];Azimuthal Angle Theta [deg];Rotor Torque [Nm];Azimuthal Angle Theta [deg];Rotor Torque [Nm];Azimuthal Angle Theta [deg];Rotor Torque [Nm];Azimuthal Angle Theta [deg];Rotor Torque [Nm];Azimuthal Angle Theta [deg];Rotor Torque [Nm];Azimuthal Angle Theta [deg];Rotor Torque [Nm];Azimuthal Angle Theta [deg];Rotor Torque [Nm];Azimuthal Angle Theta [deg];Rotor Torque [Nm];Azimuthal Angle Theta [deg];Rotor Torque [Nm];Azimuthal Angle Theta [deg];Rotor Torque [Nm];Azimuthal Angle Theta [deg];Rotor Torque [Nm];Azimuthal Angle Theta [deg];Rotor Torque [Nm];Azimuthal Angle Theta [deg];Rotor Torque [Nm];Azimuthal Angle Theta [deg];Rotor Torque [Nm];Azimuthal Angle Theta [deg];Rotor Torque [Nm];Azimuthal Angle Theta [deg];Rotor Torque [Nm];Azimuthal Angle Theta [deg];Rotor Torque [Nm];Azimuthal Angle Theta [deg];Rotor Torque [Nm];Azimuthal Angle Theta [deg];Rotor Torque [Nm];Azimuthal Angle Theta [deg];Rotor Torque [Nm];Azimuthal Angle Theta [deg];Rotor Torque [Nm];Azimuthal Angle Theta [deg];Rotor Torque [Nm];Azimuthal Angle Theta [deg];Rotor Torque [Nm];Azimuthal Angle Theta [deg];Rotor Torque [Nm];Azimuthal Angle Theta [deg];Rotor Torque [Nm];Azimuthal Angle Theta [deg];Rotor Torque [Nm];Azimuthal Angle Theta [deg];Rotor Torque [Nm];Azimuthal Angle Theta [deg];Rotor Torque [Nm];Azimuthal Angle Theta [deg];Rotor Torque [Nm];Azimuthal Angle Theta [deg];Rotor Torque [Nm];Azimuthal Angle Theta [deg];Rotor Torque [Nm];Azimuthal Angle Theta [deg];Rotor Torque [Nm];Azimuthal Angle Theta [deg];Rotor Torque [Nm];Azimuthal Angle Theta [deg];Rotor Torque [Nm];Azimuthal Angle Theta [deg];Rotor Torque [Nm];Azimuthal Angle Theta [deg];Rotor Torque [Nm];Azimuthal Angle Theta [deg];Rotor Torque [Nm];Azimuthal Angle Theta [deg];Rotor Torque [Nm];Azimuthal Angle Theta [deg];Rotor Torque [Nm];Azimuthal Angle Theta [deg];Rotor Torque [Nm];Azimuthal Angle Theta [deg];Rotor Torque [Nm];Azimuthal Angle Theta [deg];Rotor Torque [Nm];Azimuthal Angle Theta [deg];Rotor Torque [Nm];Azimuthal Angle Theta [deg];Rotor Torque [Nm];Azimuthal Angle Theta [deg];Rotor Torque [Nm];Azimuthal Angle Theta [deg];Rotor Torque [Nm];Azimuthal Angle Theta [deg];Rotor Torque [Nm];Azimuthal Angle Theta [deg];Rotor Torque [Nm];Azimuthal Angle Theta [deg];Rotor Torque [Nm];Azimuthal Angle Theta [deg];Rotor Torque [Nm];Azimuthal Angle Theta [deg];Rotor Torque [Nm];Azimuthal Angle Theta [deg];Rotor Torque [Nm];Azimuthal Angle Theta [deg];Rotor Torque [Nm];Azimuthal Angle Theta [deg];Rotor Torque [Nm];Azimuthal Angle Theta [deg];Rotor Torque [Nm];Azimuthal Angle Theta [deg];Rotor Torque [Nm];Azimuthal Angle Theta [deg];Rotor Torque [Nm];Azimuthal Angle Theta [deg];Rotor Torque [Nm];Azimuthal Angle Theta [deg];Rotor Torque [Nm];Azimuthal Angle Theta [deg];Rotor Torque [Nm];Azimuthal Angle Theta [deg];Rotor Torque [Nm];Azimuthal Angle Theta [deg];Rotor Torque [Nm];Azimuthal Angle Theta [deg];Rotor Torque [Nm];Azimuthal Angle Theta [deg];Rotor Torque [Nm];Azimuthal Angle Theta [deg];Rotor Torque [Nm];Azimuthal Angle Theta [deg];Rotor Torque [Nm];Azimuthal Angle Theta [deg];Rotor Torque [Nm];Azimuthal Angle Theta [deg];Rotor Torque [Nm];Azimuthal Angle Theta [deg];Rotor Torque [Nm];Azimuthal Angle Theta [deg];Rotor Torque [Nm];Azimuthal Angle Theta [deg];Rotor Torque [Nm];Azimuthal Angle Theta [deg];Rotor Torque [Nm];Azimuthal Angle Theta [deg];Rotor Torque [Nm];Azimuthal Angle Theta [deg];Rotor Torque [Nm];Azimuthal Angle Theta [deg];Rotor Torque [Nm];Azimuthal Angle Theta [deg];Rotor Torque [Nm];Azimuthal Angle Theta [deg];Rotor Torque [Nm];Azimuthal Angle Theta [deg];Rotor Torque [Nm];Azimuthal Angle Theta [deg];Rotor Torque [Nm];Azimuthal Angle Theta [deg];Rotor Torque [Nm];Azimuthal Angle Theta [deg];Rotor Torque [Nm];Azimuthal Angle Theta [deg];Rotor Torque [Nm];Azimuthal Angle Theta [deg];Rotor Torque [Nm];Azimuthal Angle Theta [deg];Rotor Torque [Nm];Azimuthal Angle Theta [deg];Rotor Torque [Nm];Azimuthal Angle Theta [deg];Rotor Torque [Nm];Azimuthal Angle Theta [deg];Rotor Torque [Nm];Azimuthal Angle Theta [deg];Rotor Torque [Nm];Azimuthal Angle Theta [deg];Rotor Torque [Nm];Azimuthal Angle Theta [deg];Rotor Torque [Nm];Azimuthal Angle Theta [deg];Rotor Torque [Nm];Azimuthal Angle Theta [deg];Rotor Torque [Nm];Azimuthal Angle Theta [deg];Rotor Torque [Nm];Azimuthal Angle Theta [deg];Rotor Torque [Nm];Azimuthal Angle Theta [deg];Rotor Torque [Nm];Azimuthal Angle Theta [deg];Rotor Torque [Nm];Azimuthal Angle Theta [deg];Rotor Torque [Nm];Azimuthal Angle Theta [deg];Rotor Torque [Nm];Azimuthal Angle Theta [deg];Rotor Torque [Nm];Azimuthal Angle Theta [deg];Rotor Torque [Nm];Azimuthal Angle Theta [deg];Rotor Torque [Nm];Azimuthal Angle Theta [deg];Rotor Torque [Nm];Azimuthal Angle Theta [deg];Rotor Torque [Nm];Azimuthal Angle Theta [deg];Rotor Torque [Nm];Azimuthal Angle Theta [deg];Rotor Torque [Nm];Azimuthal Angle Theta [deg];Rotor Torque [Nm];Azimuthal Angle Theta [deg];Rotor Torque [Nm];Azimuthal Angle Theta [deg];Rotor Torque [Nm];Azimuthal Angle Theta [deg];Rotor Torque [Nm];Azimuthal Angle Theta [deg];Rotor Torque [Nm];Azimuthal Angle Theta [deg];Rotor Torque [Nm];Azimuthal Angle Theta [deg];Rotor Torque [Nm];Azimuthal Angle Theta [deg];Rotor Torque [Nm];Azimuthal Angle Theta [deg];Rotor Torque [Nm];Azimuthal Angle Theta [deg];Rotor Torque [Nm];Azimuthal Angle Theta [deg];Rotor Torque [Nm];Azimuthal Angle Theta [deg];Rotor Torque [Nm];Azimuthal Angle Theta [deg];Rotor Torque [Nm];Azimuthal Angle Theta [deg];Rotor Torque [Nm];Azimuthal Angle Theta [deg];Rotor Torque [Nm];Azimuthal Angle Theta [deg];Rotor Torque [Nm];Azimuthal Angle Theta [deg];Rotor Torque [Nm];Azimuthal Angle Theta [deg];Rotor Torque [Nm];Azimuthal Angle Theta [deg];Rotor Torque [Nm];Azimuthal Angle Theta [deg];Rotor Torque [Nm];Azimuthal Angle Theta [deg];Rotor Torque [Nm];Azimuthal Angle Theta [deg];Rotor Torque [Nm];Azimuthal Angle Theta [deg];Rotor Torque [Nm];Azimuthal Angle Theta [deg];Rotor Torque [Nm];Azimuthal Angle Theta [deg];Rotor Torque [Nm];Azimuthal Angle Theta [deg];Rotor Torque [Nm];Azimuthal Angle Theta [deg];Rotor Torque [Nm];Azimuthal Angle Theta [deg];Rotor Torque [Nm];Azimuthal Angle Theta [deg];Rotor Torque [Nm];Azimuthal Angle Theta [deg];Rotor Torque [Nm];Azimuthal Angle Theta [deg];Rotor Torque [Nm];Azimuthal Angle Theta [deg];Rotor Torque [Nm];Azimuthal Angle Theta [deg];Rotor Torque [Nm];Azimuthal Angle Theta [deg];Rotor Torque [Nm];Azimuthal Angle Theta [deg];Rotor Torque [Nm];Azimuthal Angle Theta [deg];Rotor Torque [Nm];Azimuthal Angle Theta [deg];Rotor Torque [Nm];Azimuthal Angle Theta [deg];Rotor Torque [Nm];Azimuthal Angle Theta [deg];Rotor Torque [Nm];Azimuthal Angle Theta [deg];Rotor Torque [Nm];Azimuthal Angle Theta [deg];Rotor Torque [Nm];Azimuthal Angle Theta [deg];Rotor Torque [Nm];Azimuthal Angle Theta [deg];Rotor Torque [Nm];Azimuthal Angle Theta [deg];Rotor Torque [Nm];Azimuthal Angle Theta [deg];Rotor Torque [Nm];Azimuthal Angle Theta [deg];Rotor Torque [Nm];Azimuthal Angle Theta [deg];Rotor Torque [Nm];Azimuthal Angle Theta [deg];Rotor Torque [Nm];Azimuthal Angle Theta [deg];Rotor Torque [Nm];Azimuthal Angle Theta [deg];Rotor Torque [Nm];Azimuthal Angle Theta [deg];Rotor Torque [Nm];Azimuthal Angle Theta [deg];Rotor Torque [Nm];Azimuthal Angle Theta [deg];Rotor Torque [Nm];Azimuthal Angle Theta [deg];Rotor Torque [Nm];Azimuthal Angle Theta [deg];Rotor Torque [Nm];Azimuthal Angle Theta [deg];Rotor Torque [Nm];Azimuthal Angle Theta [deg];Rotor Torque [Nm];Azimuthal Angle Theta [deg];Rotor Torque [Nm];Azimuthal Angle Theta [deg];Rotor Torque [Nm];Azimuthal Angle Theta [deg];Rotor Torque [Nm];Azimuthal Angle Theta [deg];Rotor Torque [Nm];Azimuthal Angle Theta [deg];Rotor Torque [Nm];Azimuthal Angle Theta [deg];Rotor Torque [Nm];Azimuthal Angle Theta [deg];Rotor Torque [Nm];Azimuthal Angle Theta [deg];Rotor Torque [Nm];Azimuthal Angle Theta [deg];Rotor Torque [Nm];Azimuthal Angle Theta [deg];Rotor Torque [Nm];Azimuthal Angle Theta [deg];Rotor Torque [Nm];Azimuthal Angle Theta [deg];Rotor Torque [Nm];Azimuthal Angle Theta [deg];Rotor Torque [Nm];Azimuthal Angle Theta [deg];Rotor Torque [Nm];Azimuthal Angle Theta [deg];Rotor Torque [Nm];Azimuthal Angle Theta [deg];Rotor Torque [Nm];Azimuthal Angle Theta [deg];Rotor Torque [Nm];Azimuthal Angle Theta [deg];Rotor Torque [Nm];Azimuthal Angle Theta [deg];Rotor Torque [Nm];Azimuthal Angle Theta [deg];Rotor Torque [Nm];Azimuthal Angle Theta [deg];Rotor Torque [Nm];Azimuthal Angle Theta [deg];Rotor Torque [Nm];Azimuthal Angle Theta [deg];Rotor Torque [Nm];Azimuthal Angle Theta [deg];Rotor Torque [Nm];Azimuthal Angle Theta [deg];Rotor Torque [Nm];Azimuthal Angle Theta [deg];Rotor Torque [Nm];Azimuthal Angle Theta [deg];Rotor Torque [Nm];Azimuthal Angle Theta [deg];Rotor Torque [Nm];Azimuthal Angle Theta [deg];Rotor Torque [Nm];Azimuthal Angle Theta [deg];Rotor Torque [Nm];Azimuthal Angle Theta [deg];Rotor Torque [Nm];Azimuthal Angle Theta [deg];Rotor Torque [Nm];Azimuthal Angle Theta [deg];Rotor Torque [Nm];Azimuthal Angle Theta [deg];Rotor Torque [Nm];Azimuthal Angle Theta [deg];Rotor Torque [Nm];Azimuthal Angle Theta [deg];Rotor Torque [Nm];Azimuthal Angle Theta [deg];Rotor Torque [Nm];Azimuthal Angle Theta [deg];Rotor Torque [Nm];Azimuthal Angle Theta [deg];Rotor Torque [Nm];Azimuthal Angle Theta [deg];Rotor Torque [Nm];Azimuthal Angle Theta [deg];Rotor Torque [Nm];Azimuthal Angle Theta [deg];Rotor Torque [Nm];Azimuthal Angle Theta [deg];Rotor Torque [Nm];Azimuthal Angle Theta [deg];Rotor Torque [Nm];Azimuthal Angle Theta [deg];Rotor Torque [Nm];Azimuthal Angle Theta [deg];Rotor Torque [Nm];Azimuthal Angle Theta [deg];Rotor Torque [Nm];Azimuthal Angle Theta [deg];Rotor Torque [Nm];Azimuthal Angle Theta [deg];Rotor Torque [Nm];Azimuthal Angle Theta [deg];Rotor Torque [Nm];Azimuthal Angle Theta [deg];Rotor Torque [Nm];Azimuthal Angle Theta [deg];Rotor Torque [Nm];Azimuthal Angle Theta [deg];Rotor Torque [Nm];Azimuthal Angle Theta [deg];Rotor Torque [Nm];Azimuthal Angle Theta [deg];Rotor Torque [Nm];Azimuthal Angle Theta [deg];Rotor Torque [Nm];Azimuthal Angle Theta [deg];Rotor Torque [Nm];Azimuthal Angle Theta [deg];Rotor Torque [Nm];Azimuthal Angle Theta [deg];Rotor Torque [Nm];Azimuthal Angle Theta [deg];Rotor Torque [Nm];Azimuthal Angle Theta [deg];Rotor Torque [Nm];Azimuthal Angle Theta [deg];Rotor Torque [Nm];Azimuthal Angle Theta [deg];Rotor Torque [Nm];Azimuthal Angle Theta [deg];Rotor Torque [Nm];Azimuthal Angle Theta [deg];Rotor Torque [Nm];Azimuthal Angle Theta [deg];Rotor Torque [Nm];Azimuthal Angle Theta [deg];Rotor Torque [Nm];Azimuthal Angle Theta [deg];Rotor Torque [Nm];Azimuthal Angle Theta [deg];Rotor Torque [Nm];Azimuthal Angle Theta [deg];Rotor Torque [Nm];Azimuthal Angle Theta [deg];Rotor Torque [Nm];Azimuthal Angle Theta [deg];Rotor Torque [Nm];Azimuthal Angle Theta [deg];Rotor Torque [Nm];Azimuthal Angle Theta [deg];Rotor Torque [Nm];Azimuthal Angle Theta [deg];Rotor Torque [Nm];Azimuthal Angle Theta [deg];Rotor Torque [Nm];Azimuthal Angle Theta [deg];Rotor Torque [Nm];Azimuthal Angle Theta [deg];Rotor Torque [Nm];Azimuthal Angle Theta [deg];Rotor Torque [Nm];Azimuthal Angle Theta [deg];Rotor Torque [Nm];Azimuthal Angle Theta [deg];Rotor Torque [Nm];Azimuthal Angle Theta [deg];Rotor Torque [Nm];Azimuthal Angle Theta [deg];Rotor Torque [Nm];Azimuthal Angle Theta [deg];Rotor Torque [Nm];Azimuthal Angle Theta [deg];Rotor Torque [Nm];Azimuthal Angle Theta [deg];Rotor Torque [Nm];Azimuthal Angle Theta [deg];Rotor Torque [Nm];Azimuthal Angle Theta [deg];Rotor Torque [Nm];Azimuthal Angle Theta [deg];Rotor Torque [Nm];Azimuthal Angle Theta [deg];Rotor Torque [Nm];Azimuthal Angle Theta [deg];Rotor Torque [Nm];Azimuthal Angle Theta [deg];Rotor Torque [Nm];Azimuthal Angle Theta [deg];Rotor Torque [Nm];Azimuthal Angle Theta [deg];Rotor Torque [Nm];Azimuthal Angle Theta [deg];Rotor Torque [Nm];Azimuthal Angle Theta [deg];Rotor Torque [Nm];Azimuthal Angle Theta [deg];Rotor Torque [Nm];Azimuthal Angle Theta [deg];Rotor Torque [Nm];Azimuthal Angle Theta [deg];Rotor Torque [Nm];Azimuthal Angle Theta [deg];Rotor Torque [Nm];Azimuthal Angle Theta [deg];Rotor Torque [Nm];Azimuthal Angle Theta [deg];Rotor Torque [Nm];Azimuthal Angle Theta [deg];Rotor Torque [Nm];Azimuthal Angle Theta [deg];Rotor Torque [Nm];Azimuthal Angle Theta [deg];Rotor Torque [Nm];Azimuthal Angle Theta [deg];Rotor Torque [Nm];Azimuthal Angle Theta [deg];Rotor Torque [Nm];Azimuthal Angle Theta [deg];Rotor Torque [Nm];Azimuthal Angle Theta [deg];Rotor Torque [Nm];Azimuthal Angle Theta [deg];Rotor Torque [Nm];Azimuthal Angle Theta [deg];Rotor Torque [Nm];Azimuthal Angle Theta [deg];Rotor Torque [Nm];Azimuthal Angle Theta [deg];Rotor Torque [Nm];Azimuthal Angle Theta [deg];Rotor Torque [Nm];Azimuthal Angle Theta [deg];Rotor Torque [Nm];Azimuthal Angle Theta [deg];Rotor Torque [Nm];Azimuthal Angle Theta [deg];Rotor Torque [Nm];Azimuthal Angle Theta [deg];Rotor Torque [Nm];Azimuthal Angle Theta [deg];Rotor Torque [Nm];Azimuthal Angle Theta [deg];Rotor Torque [Nm];Azimuthal Angle Theta [deg];Rotor Torque [Nm];Azimuthal Angle Theta [deg];Rotor Torque [Nm];Azimuthal Angle Theta [deg];Rotor Torque [Nm];Azimuthal Angle Theta [deg];Rotor Torque [Nm];Azimuthal Angle Theta [deg];Rotor Torque [Nm];Azimuthal Angle Theta [deg];Rotor Torque [Nm];Azimuthal Angle Theta [deg];Rotor Torque [Nm];Azimuthal Angle Theta [deg];Rotor Torque [Nm];Azimuthal Angle Theta [deg];Rotor Torque [Nm];Azimuthal Angle Theta [deg];Rotor Torque [Nm];Azimuthal Angle Theta [deg];Rotor Torque [Nm];Azimuthal Angle Theta [deg];Rotor Torque [Nm];Azimuthal Angle Theta [deg];Rotor Torque [Nm];Azimuthal Angle Theta [deg];Rotor Torque [Nm];Azimuthal Angle Theta [deg];Rotor Torque [Nm];Azimuthal Angle Theta [deg];Rotor Torque [Nm];Azimuthal Angle Theta [deg];Rotor Torque [Nm];Azimuthal Angle Theta [deg];Rotor Torque [Nm];Azimuthal Angle Theta [deg];Rotor Torque [Nm];Azimuthal Angle Theta [deg];Rotor Torque [Nm];Azimuthal Angle Theta [deg];Rotor Torque [Nm];Azimuthal Angle Theta [deg];Rotor Torque [Nm];Azimuthal Angle Theta [deg];Rotor Torque [Nm];Azimuthal Angle Theta [deg];Rotor Torque [Nm];Azimuthal Angle Theta [deg];Rotor Torque [Nm];Azimuthal Angle Theta [deg];Rotor Torque [Nm];Azimuthal Angle Theta [deg];Rotor Torque [Nm];Azimuthal Angle Theta [deg];Rotor Torque [Nm];Azimuthal Angle Theta [deg];Rotor Torque [Nm];Azimuthal Angle Theta [deg];Rotor Torque [Nm];Azimuthal Angle Theta [deg];Rotor Torque [Nm];Azimuthal Angle Theta [deg];Rotor Torque [Nm];Azimuthal Angle Theta [deg];Rotor Torque [Nm];Azimuthal Angle Theta [deg];Rotor Torque [Nm];Azimuthal Angle Theta [deg];Rotor Torque [Nm];Azimuthal Angle Theta [deg];Rotor Torque [Nm];Azimuthal Angle Theta [deg];Rotor Torque [Nm];Azimuthal Angle Theta [deg];Rotor Torque [Nm];Azimuthal Angle Theta [deg];Rotor Torque [Nm];Azimuthal Angle Theta [deg];Rotor Torque [Nm];Azimuthal Angle Theta [deg];Rotor Torque [Nm];Azimuthal Angle Theta [deg];Rotor Torque [Nm];Azimuthal Angle Theta [deg];Rotor Torque [Nm];Azimuthal Angle Theta [deg];Rotor Torque [Nm];Azimuthal Angle Theta [deg];Rotor Torque [Nm];Azimuthal Angle Theta [deg];Rotor Torque [Nm];Azimuthal Angle Theta [deg];Rotor Torque [Nm];Azimuthal Angle Theta [deg];Rotor Torque [Nm];Azimuthal Angle Theta [deg];Rotor Torque [Nm];Azimuthal Angle Theta [deg];Rotor Torque [Nm];Azimuthal Angle Theta [deg];Rotor Torque [Nm];Azimuthal Angle Theta [deg];Rotor Torque [Nm];Azimuthal Angle Theta [deg];Rotor Torque [Nm];Azimuthal Angle Theta [deg];Rotor Torque [Nm];Azimuthal Angle Theta [deg];Rotor Torque [Nm];Azimuthal Angle Theta [deg];Rotor Torque [Nm];Azimuthal Angle Theta [deg];Rotor Torque [Nm];Azimuthal Angle Theta [deg];Rotor Torque [Nm];Azimuthal Angle Theta [deg];Rotor Torque [Nm];Azimuthal Angle Theta [deg];Rotor Torque [Nm];Azimuthal Angle Theta [deg];Rotor Torque [Nm];Azimuthal Angle Theta [deg];Rotor Torque [Nm];Azimuthal Angle Theta [deg];Rotor Torque [Nm];Azimuthal Angle Theta [deg];Rotor Torque [Nm];Azimuthal Angle Theta [deg];Rotor Torque [Nm];Azimuthal Angle Theta [deg];Rotor Torque [Nm];Azimuthal Angle Theta [deg];Rotor Torque [Nm];Azimuthal Angle Theta [deg];Rotor Torque [Nm];Azimuthal Angle Theta [deg];Rotor Torque [Nm];Azimuthal Angle Theta [deg];Rotor Torque [Nm];Azimuthal Angle Theta [deg];Rotor Torque [Nm];Azimuthal Angle Theta [deg];Rotor Torque [Nm];Azimuthal Angle Theta [deg];Rotor Torque [Nm];Azimuthal Angle Theta [deg];Rotor Torque [Nm];Azimuthal Angle Theta [deg];Rotor Torque [Nm];Azimuthal Angle Theta [deg];Rotor Torque [Nm];Azimuthal Angle Theta [deg];Rotor Torque [Nm];Azimuthal Angle Theta [deg];Rotor Torque [Nm];Azimuthal Angle Theta [deg];Rotor Torque [Nm];Azimuthal Angle Theta [deg];Rotor Torque [Nm];Azimuthal Angle Theta [deg];Rotor Torque [Nm];Azimuthal Angle Theta [deg];Rotor Torque [Nm];Azimuthal Angle Theta [deg];Rotor Torque [Nm];Azimuthal Angle Theta [deg];Rotor Torque [Nm];Azimuthal Angle Theta [deg];Rotor Torque [Nm];Azimuthal Angle Theta [deg];Rotor Torque [Nm];Azimuthal Angle Theta [deg];Rotor Torque [Nm];Azimuthal Angle Theta [deg];Rotor Torque [Nm];Azimuthal Angle Theta [deg];Rotor Torque [Nm];Azimuthal Angle Theta [deg];Rotor Torque [Nm];Azimuthal Angle Theta [deg];Rotor Torque [Nm];Azimuthal Angle Theta [deg];Rotor Torque [Nm];Azimuthal Angle Theta [deg];Rotor Torque [Nm];Azimuthal Angle Theta [deg];Rotor Torque [Nm];Azimuthal Angle Theta [deg];Rotor Torque [Nm];Azimuthal Angle Theta [deg];Rotor Torque [Nm];Azimuthal Angle Theta [deg];Rotor Torque [Nm];Azimuthal Angle Theta [deg];Rotor Torque [Nm];Azimuthal Angle Theta [deg];Rotor Torque [Nm];Azimuthal Angle Theta [deg];Rotor Torque [Nm];Azimuthal Angle Theta [deg];Rotor Torque [Nm];Azimuthal Angle Theta [deg];Rotor Torque [Nm];Azimuthal Angle Theta [deg];Rotor Torque [Nm];Azimuthal Angle Theta [deg];Rotor Torque [Nm];Azimuthal Angle Theta [deg];Rotor Torque [Nm];Azimuthal Angle Theta [deg];Rotor Torque [Nm];Azimuthal Angle Theta [deg];Rotor Torque [Nm];Azimuthal Angle Theta [deg];Rotor Torque [Nm];Azimuthal Angle Theta [deg];Rotor Torque [Nm];Azimuthal Angle Theta [deg];Rotor Torque [Nm];Azimuthal Angle Theta [deg];Rotor Torque [Nm];Azimuthal Angle Theta [deg];Rotor Torque [Nm];Azimuthal Angle Theta [deg];Rotor Torque [Nm];Azimuthal Angle Theta [deg];Rotor Torque [Nm];Azimuthal Angle Theta [deg];Rotor Torque [Nm];Azimuthal Angle Theta [deg];Rotor Torque [Nm];Azimuthal Angle Theta [deg];Rotor Torque [Nm];Azimuthal Angle Theta [deg];Rotor Torque [Nm];Azimuthal Angle Theta [deg];Rotor Torque [Nm];Azimuthal Angle Theta [deg];Rotor Torque [Nm];Azimuthal Angle Theta [deg];Rotor Torque [Nm];Azimuthal Angle Theta [deg];Rotor Torque [Nm];Azimuthal Angle Theta [deg];Rotor Torque [Nm];Azimuthal Angle Theta [deg];Rotor Torque [Nm];Azimuthal Angle Theta [deg];Rotor Torque [Nm];Azimuthal Angle Theta [deg];Rotor Torque [Nm];Azimuthal Angle Theta [deg];Rotor Torque [Nm];Azimuthal Angle Theta [deg];Rotor Torque [Nm];Azimuthal Angle Theta [deg];Rotor Torque [Nm];Azimuthal Angle Theta [deg];Rotor Torque [Nm];Azimuthal Angle Theta [deg];Rotor Torque [Nm];Azimuthal Angle Theta [deg];Rotor Torque [Nm];Azimuthal Angle Theta [deg];Rotor Torque [Nm];Azimuthal Angle Theta [deg];Rotor Torque [Nm];Azimuthal Angle Theta [deg];Rotor Torque [Nm];Azimuthal Angle Theta [deg];Rotor Torque [Nm];Azimuthal Angle Theta [deg];Rotor Torque [Nm];Azimuthal Angle Theta [deg];Rotor Torque [Nm];Azimuthal Angle Theta [deg];Rotor Torque [Nm];Azimuthal Angle Theta [deg];Rotor Torque [Nm];Azimuthal Angle Theta [deg];Rotor Torque [Nm];Azimuthal Angle Theta [deg];Rotor Torque [Nm];Azimuthal Angle Theta [deg];Rotor Torque [Nm];Azimuthal Angle Theta [deg];Rotor Torque [Nm];Azimuthal Angle Theta [deg];Rotor Torque [Nm];Azimuthal Angle Theta [deg];Rotor Torque [Nm];Azimuthal Angle Theta [deg];Rotor Torque [Nm];Azimuthal Angle Theta [deg];Rotor Torque [Nm];Azimuthal Angle Theta [deg];Rotor Torque [Nm];Azimuthal Angle Theta [deg];Rotor Torque [Nm];Azimuthal Angle Theta [deg];Rotor Torque [Nm];Azimuthal Angle Theta [deg];Rotor Torque [Nm];Azimuthal Angle Theta [deg];Rotor Torque [Nm];Azimuthal Angle Theta [deg];Rotor Torque [Nm];Azimuthal Angle Theta [deg];Rotor Torque [Nm];Azimuthal Angle Theta [deg];Rotor Torque [Nm];Azimuthal Angle Theta [deg];Rotor Torque [Nm];Azimuthal Angle Theta [deg];Rotor Torque [Nm];Azimuthal Angle Theta [deg];Rotor Torque [Nm];Azimuthal Angle Theta [deg];Rotor Torque [Nm];Azimuthal Angle Theta [deg];Rotor Torque [Nm];Azimuthal Angle Theta [deg];Rotor Torque [Nm];Azimuthal Angle Theta [deg];Rotor Torque [Nm];Azimuthal Angle Theta [deg];Rotor Torque [Nm];Azimuthal Angle Theta [deg];Rotor Torque [Nm];Azimuthal Angle Theta [deg];Rotor Torque [Nm];Azimuthal Angle Theta [deg];Rotor Torque [Nm];Azimuthal Angle Theta [deg];Rotor Torque [Nm];Azimuthal Angle Theta [deg];Rotor Torque [Nm];Azimuthal Angle Theta [deg];Rotor Torque [Nm];Azimuthal Angle Theta [deg];Rotor Torque [Nm];Azimuthal Angle Theta [deg];Rotor Torque [Nm];Azimuthal Angle Theta [deg];Rotor Torque [Nm];Azimuthal Angle Theta [deg];Rotor Torque [Nm];Azimuthal Angle Theta [deg];Rotor Torque [Nm];Azimuthal Angle Theta [deg];Rotor Torque [Nm];Azimuthal Angle Theta [deg];Rotor Torque [Nm];Azimuthal Angle Theta [deg];Rotor Torque [Nm];Azimuthal Angle Theta [deg];Rotor Torque [Nm];Azimuthal Angle Theta [deg];Rotor Torque [Nm];Azimuthal Angle Theta [deg];Rotor Torque [Nm];Azimuthal Angle Theta [deg];Rotor Torque [Nm];Azimuthal Angle Theta [deg];Rotor Torque [Nm];Azimuthal Angle Theta [deg];Rotor Torque [Nm];Azimuthal Angle Theta [deg];Rotor Torque [Nm];Azimuthal Angle Theta [deg];Rotor Torque [Nm];Azimuthal Angle Theta [deg];Rotor Torque [Nm];Azimuthal Angle Theta [deg];Rotor Torque [Nm];Azimuthal Angle Theta [deg];Rotor Torque [Nm];Azimuthal Angle Theta [deg];Rotor Torque [Nm];Azimuthal Angle Theta [deg];Rotor Torque [Nm];Azimuthal Angle Theta [deg];Rotor Torque [Nm];Azimuthal Angle Theta [deg];Rotor Torque [Nm];Azimuthal Angle Theta [deg];Rotor Torque [Nm];Azimuthal Angle Theta [deg];Rotor Torque [Nm];Azimuthal Angle Theta [deg];Rotor Torque [Nm];Azimuthal Angle Theta [deg];Rotor Torque [Nm];Azimuthal Angle Theta [deg];Rotor Torque [Nm];Azimuthal Angle Theta [deg];Rotor Torque [Nm];Azimuthal Angle Theta [deg];Rotor Torque [Nm];Azimuthal Angle Theta [deg];Rotor Torque [Nm];Azimuthal Angle Theta [deg];Rotor Torque [Nm];Azimuthal Angle Theta [deg];Rotor Torque [Nm];Azimuthal Angle Theta [deg];Rotor Torque [Nm];Azimuthal Angle Theta [deg];Rotor Torque [Nm];Azimuthal Angle Theta [deg];Rotor Torque [Nm];Azimuthal Angle Theta [deg];Rotor Torque [Nm];Azimuthal Angle Theta [deg];Rotor Torque [Nm];Azimuthal Angle Theta [deg];Rotor Torque [Nm];Azimuthal Angle Theta [deg];Rotor Torque [Nm];Azimuthal Angle Theta [deg];Rotor Torque [Nm];Azimuthal Angle Theta [deg];Rotor Torque [Nm];Azimuthal Angle Theta [deg];Rotor Torque [Nm];Azimuthal Angle Theta [deg];Rotor Torque [Nm];Azimuthal Angle Theta [deg];Rotor Torque [Nm];Azimuthal Angle Theta [deg];Rotor Torque [Nm];Azimuthal Angle Theta [deg];Rotor Torque [Nm];Azimuthal Angle Theta [deg];Rotor Torque [Nm];Azimuthal Angle Theta [deg];Rotor Torque [Nm];Azimuthal Angle Theta [deg];Rotor Torque [Nm];Azimuthal Angle Theta [deg];Rotor Torque [Nm];Azimuthal Angle Theta [deg];Rotor Torque [Nm];Azimuthal Angle Theta [deg];Rotor Torque [Nm];Azimuthal Angle Theta [deg];Rotor Torque [Nm];Azimuthal Angle Theta [deg];Rotor Torque [Nm];Azimuthal Angle Theta [deg];Rotor Torque [Nm];Azimuthal Angle Theta [deg];Rotor Torque [Nm];Azimuthal Angle Theta [deg];Rotor Torque [Nm];Azimuthal Angle Theta [deg];Rotor Torque [Nm];Azimuthal Angle Theta [deg];Rotor Torque [Nm];Azimuthal Angle Theta [deg];Rotor Torque [Nm];Azimuthal Angle Theta [deg];Rotor Torque [Nm];Azimuthal Angle Theta [deg];Rotor Torque [Nm];Azimuthal Angle Theta [deg];Rotor Torque [Nm];Azimuthal Angle Theta [deg];Rotor Torque [Nm];Azimuthal Angle Theta [deg];Rotor Torque [Nm];Azimuthal Angle Theta [deg];Rotor Torque [Nm];Azimuthal Angle Theta [deg];Rotor Torque [Nm];Azimuthal Angle Theta [deg];Rotor Torque [Nm];Azimuthal Angle Theta [deg];Rotor Torque [Nm];Azimuthal Angle Theta [deg];Rotor Torque [Nm];Azimuthal Angle Theta [deg];Rotor Torque [Nm];Azimuthal Angle Theta [deg];Rotor Torque [Nm];Azimuthal Angle Theta [deg];Rotor Torque [Nm];Azimuthal Angle Theta [deg];Rotor Torque [Nm];Azimuthal Angle Theta [deg];Rotor Torque [Nm];Azimuthal Angle Theta [deg];Rotor Torque [Nm];Azimuthal Angle Theta [deg];Rotor Torque [Nm];Azimuthal Angle Theta [deg];Rotor Torque [Nm];Azimuthal Angle Theta [deg];Rotor Torque [Nm];Azimuthal Angle Theta [deg];Rotor Torque [Nm];Azimuthal Angle Theta [deg];Rotor Torque [Nm];Azimuthal Angle Theta [deg];Rotor Torque [Nm];Azimuthal Angle Theta [deg];Rotor Torque [Nm];Azimuthal Angle Theta [deg];Rotor Torque [Nm];Azimuthal Angle Theta [deg];Rotor Torque [Nm];Azimuthal Angle Theta [deg];Rotor Torque [Nm];Azimuthal Angle Theta [deg];Rotor Torque [Nm];Azimuthal Angle Theta [deg];Rotor Torque [Nm];Azimuthal Angle Theta [deg];Rotor Torque [Nm];Azimuthal Angle Theta [deg];Rotor Torque [Nm];Azimuthal Angle Theta [deg];Rotor Torque [Nm];Azimuthal Angle Theta [deg];Rotor Torque [Nm];Azimuthal Angle Theta [deg];Rotor Torque [Nm];Azimuthal Angle Theta [deg];Rotor Torque [Nm];Azimuthal Angle Theta [deg];Rotor Torque [Nm];Azimuthal Angle Theta [deg];Rotor Torque [Nm];Azimuthal Angle Theta [deg];Rotor Torque [Nm];Azimuthal Angle Theta [deg];Rotor Torque [Nm];Azimuthal Angle Theta [deg];Rotor Torque [Nm];Azimuthal Angle Theta [deg];Rotor Torque [Nm];Azimuthal Angle Theta [deg];Rotor Torque [Nm];Azimuthal Angle Theta [deg];Rotor Torque [Nm];Azimuthal Angle Theta [deg];Rotor Torque [Nm];Azimuthal Angle Theta [deg];Rotor Torque [Nm];Azimuthal Angle Theta [deg];Rotor Torque [Nm];Azimuthal Angle Theta [deg];Rotor Torque [Nm];Azimuthal Angle Theta [deg];Rotor Torque [Nm];Azimuthal Angle Theta [deg];Rotor Torque [Nm];Azimuthal Angle Theta [deg];Rotor Torque [Nm];Azimuthal Angle Theta [deg];Rotor Torque [Nm];Azimuthal Angle Theta [deg];Rotor Torque [Nm];Azimuthal Angle Theta [deg];Rotor Torque [Nm];Azimuthal Angle Theta [deg];Rotor Torque [Nm];Azimuthal Angle Theta [deg];Rotor Torque [Nm];Azimuthal Angle Theta [deg];Rotor Torque [Nm];Azimuthal Angle Theta [deg];Rotor Torque [Nm];Azimuthal Angle Theta [deg];Rotor Torque [Nm];Azimuthal Angle Theta [deg];Rotor Torque [Nm];Azimuthal Angle Theta [deg];Rotor Torque [Nm];Azimuthal Angle Theta [deg];Rotor Torque [Nm];Azimuthal Angle Theta [deg];Rotor Torque [Nm];Azimuthal Angle Theta [deg];Rotor Torque [Nm];Azimuthal Angle Theta [deg];Rotor Torque [Nm];Azimuthal Angle Theta [deg];Rotor Torque [Nm];Azimuthal Angle Theta [deg];Rotor Torque [Nm];Azimuthal Angle Theta [deg];Rotor Torque [Nm];Azimuthal Angle Theta [deg];Rotor Torque [Nm];Azimuthal Angle Theta [deg];Rotor Torque [Nm];Azimuthal Angle Theta [deg];Rotor Torque [Nm];Azimuthal Angle Theta [deg];Rotor Torque [Nm];Azimuthal Angle Theta [deg];Rotor Torque [Nm];Azimuthal Angle Theta [deg];Rotor Torque [Nm];Azimuthal Angle Theta [deg];Rotor Torque [Nm];Azimuthal Angle Theta [deg];Rotor Torque [Nm];Azimuthal Angle Theta [deg];Rotor Torque [Nm];Azimuthal Angle Theta [deg];Rotor Torque [Nm];Azimuthal Angle Theta [deg];Rotor Torque [Nm];Azimuthal Angle Theta [deg];Rotor Torque [Nm];Azimuthal Angle Theta [deg];Rotor Torque [Nm];Azimuthal Angle Theta [deg];Rotor Torque [Nm];Azimuthal Angle Theta [deg];Rotor Torque [Nm];Azimuthal Angle Theta [deg];Rotor Torque [Nm];Azimuthal Angle Theta [deg];Rotor Torque [Nm];Azimuthal Angle Theta [deg];Rotor Torque [Nm];Azimuthal Angle Theta [deg];Rotor Torque [Nm];Azimuthal Angle Theta [deg];Rotor Torque [Nm];Azimuthal Angle Theta [deg];Rotor Torque [Nm];Azimuthal Angle Theta [deg];Rotor Torque [Nm];Azimuthal Angle Theta [deg];Rotor Torque [Nm];Azimuthal Angle Theta [deg];Rotor Torque [Nm];Azimuthal Angle Theta [deg];Rotor Torque [Nm];Azimuthal Angle Theta [deg];Rotor Torque [Nm];Azimuthal Angle Theta [deg];Rotor Torque [Nm];Azimuthal Angle Theta [deg];Rotor Torque [Nm];Azimuthal Angle Theta [deg];Rotor Torque [Nm];Azimuthal Angle Theta [deg];Rotor Torque [Nm];Azimuthal Angle Theta [deg];Rotor Torque [Nm];Azimuthal Angle Theta [deg];Rotor Torque [Nm];Azimuthal Angle Theta [deg];Rotor Torque [Nm];Azimuthal Angle Theta [deg];Rotor Torque [Nm];Azimuthal Angle Theta [deg];Rotor Torque [Nm];Azimuthal Angle Theta [deg];Rotor Torque [Nm];Azimuthal Angle Theta [deg];Rotor Torque [Nm];Azimuthal Angle Theta [deg];Rotor Torque [Nm];Azimuthal Angle Theta [deg];Rotor Torque [Nm];Azimuthal Angle Theta [deg];Rotor Torque [Nm];Azimuthal Angle Theta [deg];Rotor Torque [Nm];Azimuthal Angle Theta [deg];Rotor Torque [Nm];Azimuthal Angle Theta [deg];Rotor Torque [Nm];Azimuthal Angle Theta [deg];Rotor Torque [Nm];Azimuthal Angle Theta [deg];Rotor Torque [Nm];Azimuthal Angle Theta [deg];Rotor Torque [Nm];Azimuthal Angle Theta [deg];Rotor Torque [Nm];Azimuthal Angle Theta [deg];Rotor Torque [Nm];Azimuthal Angle Theta [deg];Rotor Torque [Nm];Azimuthal Angle Theta [deg];Rotor Torque [Nm];Azimuthal Angle Theta [deg];Rotor Torque [Nm];Azimuthal Angle Theta [deg];Rotor Torque [Nm];Azimuthal Angle Theta [deg];Rotor Torque [Nm];Azimuthal Angle Theta [deg];Rotor Torque [Nm];Azimuthal Angle Theta [deg];Rotor Torque [Nm];Azimuthal Angle Theta [deg];Rotor Torque [Nm];Azimuthal Angle Theta [deg];Rotor Torque [Nm];Azimuthal Angle Theta [deg];Rotor Torque [Nm];Azimuthal Angle Theta [deg];Rotor Torque [Nm];Azimuthal Angle Theta [deg];Rotor Torque [Nm];Azimuthal Angle Theta [deg];Rotor Torque [Nm];Azimuthal Angle Theta [deg];Rotor Torque [Nm];Azimuthal Angle Theta [deg];Rotor Torque [Nm];Azimuthal Angle Theta [deg];Rotor Torque [Nm];Azimuthal Angle Theta [deg];Rotor Torque [Nm];Azimuthal Angle Theta [deg];Rotor Torque [Nm];Azimuthal Angle Theta [deg];Rotor Torque [Nm];Azimuthal Angle Theta [deg];Rotor Torque [Nm];Azimuthal Angle Theta [deg];Rotor Torque [Nm];Azimuthal Angle Theta [deg];Rotor Torque [Nm];Azimuthal Angle Theta [deg];Rotor Torque [Nm];Azimuthal Angle Theta [deg];Rotor Torque [Nm];Azimuthal Angle Theta [deg];Rotor Torque [Nm];Azimuthal Angle Theta [deg];Rotor Torque [Nm];Azimuthal Angle Theta [deg];Rotor Torque [Nm];Azimuthal Angle Theta [deg];Rotor Torque [Nm];Azimuthal Angle Theta [deg];Rotor Torque [Nm];Azimuthal Angle Theta [deg];Rotor Torque [Nm];Azimuthal Angle Theta [deg];Rotor Torque [Nm];Azimuthal Angle Theta [deg];Rotor Torque [Nm];Azimuthal Angle Theta [deg];Rotor Torque [Nm];Azimuthal Angle Theta [deg];Rotor Torque [Nm];Azimuthal Angle Theta [deg];Rotor Torque [Nm];Azimuthal Angle Theta [deg];Rotor Torque [Nm];Azimuthal Angle Theta [deg];Rotor Torque [Nm];Azimuthal Angle Theta [deg];Rotor Torque [Nm];Azimuthal Angle Theta [deg];Rotor Torque [Nm];Azimuthal Angle Theta [deg];Rotor Torque [Nm];Azimuthal Angle Theta [deg];Rotor Torque [Nm];Azimuthal Angle Theta [deg];Rotor Torque [Nm];Azimuthal Angle Theta [deg];Rotor Torque [Nm];Azimuthal Angle Theta [deg];Rotor Torque [Nm];Azimuthal Angle Theta [deg];Rotor Torque [Nm];Azimuthal Angle Theta [deg];Rotor Torque [Nm];Azimuthal Angle Theta [deg];Rotor Torque [Nm];Azimuthal Angle Theta [deg];Rotor Torque [Nm];Azimuthal Angle Theta [deg];Rotor Torque [Nm];Azimuthal Angle Theta [deg];Rotor Torque [Nm];Azimuthal Angle Theta [deg];Rotor Torque [Nm];Azimuthal Angle Theta [deg];Rotor Torque [Nm];Azimuthal Angle Theta [deg];Rotor Torque [Nm];Azimuthal Angle Theta [deg];Rotor Torque [Nm];Azimuthal Angle Theta [deg];Rotor Torque [Nm];Azimuthal Angle Theta [deg];Rotor Torque [Nm];Azimuthal Angle Theta [deg];Rotor Torque [Nm];Azimuthal Angle Theta [deg];Rotor Torque [Nm];Azimuthal Angle Theta [deg];Rotor Torque [Nm];Azimuthal Angle Theta [deg];Rotor Torque [Nm];Azimuthal Angle Theta [deg];Rotor Torque [Nm];Azimuthal Angle Theta [deg];Rotor Torque [Nm];Azimuthal Angle Theta [deg];Rotor Torque [Nm];Azimuthal Angle Theta [deg];Rotor Torque [Nm];Azimuthal Angle Theta [deg];Rotor Torque [Nm];Azimuthal Angle Theta [deg];Rotor Torque [Nm];Azimuthal Angle Theta [deg];Rotor Torque [Nm];Azimuthal Angle Theta [deg];Rotor Torque [Nm];Azimuthal Angle Theta [deg];Rotor Torque [Nm];Azimuthal Angle Theta [deg];Rotor Torque [Nm];Azimuthal Angle Theta [deg];Rotor Torque [Nm];Azimuthal Angle Theta [deg];Rotor Torque [Nm];Azimuthal Angle Theta [deg];Rotor Torque [Nm];Azimuthal Angle Theta [deg];Rotor Torque [Nm];Azimuthal Angle Theta [deg];Rotor Torque [Nm];Azimuthal Angle Theta [deg];Rotor Torque [Nm];Azimuthal Angle Theta [deg];Rotor Torque [Nm];Azimuthal Angle Theta [deg];Rotor Torque [Nm];Azimuthal Angle Theta [deg];Rotor Torque [Nm];Azimuthal Angle Theta [deg];Rotor Torque [Nm];Azimuthal Angle Theta [deg];Rotor Torque [Nm];Azimuthal Angle Theta [deg];Rotor Torque [Nm];Azimuthal Angle Theta [deg];Rotor Torque [Nm];Azimuthal Angle Theta [deg];Rotor Torque [Nm];Azimuthal Angle Theta [deg];Rotor Torque [Nm];Azimuthal Angle Theta [deg];Rotor Torque [Nm];Azimuthal Angle Theta [deg];Rotor Torque [Nm];Azimuthal Angle Theta [deg];Rotor Torque [Nm];Azimuthal Angle Theta [deg];Rotor Torque [Nm];Azimuthal Angle Theta [deg];Rotor Torque [Nm];Azimuthal Angle Theta [deg];Rotor Torque [Nm];Azimuthal Angle Theta [deg];Rotor Torque [Nm];Azimuthal Angle Theta [deg];Rotor Torque [Nm];Azimuthal Angle Theta [deg];Rotor Torque [Nm];Azimuthal Angle Theta [deg];Rotor Torque [Nm];Azimuthal Angle Theta [deg];Rotor Torque [Nm];Azimuthal Angle Theta [deg];Rotor Torque [Nm];Azimuthal Angle Theta [deg];Rotor Torque [Nm];Azimuthal Angle Theta [deg];Rotor Torque [Nm];Azimuthal Angle Theta [deg];Rotor Torque [Nm];Azimuthal Angle Theta [deg];Rotor Torque [Nm];Azimuthal Angle Theta [deg];Rotor Torque [Nm];Azimuthal Angle Theta [deg];Rotor Torque [Nm];Azimuthal Angle Theta [deg];Rotor Torque [Nm];Azimuthal Angle Theta [deg];Rotor Torque [Nm];Azimuthal Angle Theta [deg];Rotor Torque [Nm];Azimuthal Angle Theta [deg];Rotor Torque [Nm];Azimuthal Angle Theta [deg];Rotor Torque [Nm];Azimuthal Angle Theta [deg];Rotor Torque [Nm];Azimuthal Angle Theta [deg];Rotor Torque [Nm];Azimuthal Angle Theta [deg];Rotor Torque [Nm];Azimuthal Angle Theta [deg];Rotor Torque [Nm];Azimuthal Angle Theta [deg];Rotor Torque [Nm];Azimuthal Angle Theta [deg];Rotor Torque [Nm];Azimuthal Angle Theta [deg];Rotor Torque [Nm];Azimuthal Angle Theta [deg];Rotor Torque [Nm];Azimuthal Angle Theta [deg];Rotor Torque [Nm];Azimuthal Angle Theta [deg];Rotor Torque [Nm];Azimuthal Angle Theta [deg];Rotor Torque [Nm];Azimuthal Angle Theta [deg];Rotor Torque [Nm];Azimuthal Angle Theta [deg];Rotor Torque [Nm];Azimuthal Angle Theta [deg];Rotor Torque [Nm];Azimuthal Angle Theta [deg];Rotor Torque [Nm];Azimuthal Angle Theta [deg];Rotor Torque [Nm];Azimuthal Angle Theta [deg];Rotor Torque [Nm];Azimuthal Angle Theta [deg];Rotor Torque [Nm];Azimuthal Angle Theta [deg];Rotor Torque [Nm];Azimuthal Angle Theta [deg];Rotor Torque [Nm];Azimuthal Angle Theta [deg];Rotor Torque [Nm];Azimuthal Angle Theta [deg];Rotor Torque [Nm];Azimuthal Angle Theta [deg];Rotor Torque [Nm];Azimuthal Angle Theta [deg];Rotor Torque [Nm];Azimuthal Angle Theta [deg];Rotor Torque [Nm];Azimuthal Angle Theta [deg];Rotor Torque [Nm];Azimuthal Angle Theta [deg];Rotor Torque [Nm];Azimuthal Angle Theta [deg];Rotor Torque [Nm];Azimuthal Angle Theta [deg];Rotor Torque [Nm];Azimuthal Angle Theta [deg];Rotor Torque [Nm];Azimuthal Angle Theta [deg];Rotor Torque [Nm];Azimuthal Angle Theta [deg];Rotor Torque [Nm];Azimuthal Angle Theta [deg];Rotor Torque [Nm];Azimuthal Angle Theta [deg];Rotor Torque [Nm];Azimuthal Angle Theta [deg];Rotor Torque [Nm];Azimuthal Angle Theta [deg];Rotor Torque [Nm];Azimuthal Angle Theta [deg];Rotor Torque [Nm];Azimuthal Angle Theta [deg];Rotor Torque [Nm];Azimuthal Angle Theta [deg];Rotor Torque [Nm];Azimuthal Angle Theta [deg];Rotor Torque [Nm];Azimuthal Angle Theta [deg];Rotor Torque [Nm];Azimuthal Angle Theta [deg];Rotor Torque [Nm];Azimuthal Angle Theta [deg];Rotor Torque [Nm];Azimuthal Angle Theta [deg];Rotor Torque [Nm];Azimuthal Angle Theta [deg];Rotor Torque [Nm];Azimuthal Angle Theta [deg];Rotor Torque [Nm];Azimuthal Angle Theta [deg];Rotor Torque [Nm];Azimuthal Angle Theta [deg];Rotor Torque [Nm];Azimuthal Angle Theta [deg];Rotor Torque [Nm];Azimuthal Angle Theta [deg];Rotor Torque [Nm];Azimuthal Angle Theta [deg];Rotor Torque [Nm];Azimuthal Angle Theta [deg];Rotor Torque [Nm];Azimuthal Angle Theta [deg];Rotor Torque [Nm];Azimuthal Angle Theta [deg];Rotor Torque [Nm];Azimuthal Angle Theta [deg];Rotor Torque [Nm];Azimuthal Angle Theta [deg];Rotor Torque [Nm];Azimuthal Angle Theta [deg];Rotor Torque [Nm];Azimuthal Angle Theta [deg];Rotor Torque [Nm];Azimuthal Angle Theta [deg];Rotor Torque [Nm];Azimuthal Angle Theta [deg];Rotor Torque [Nm];Azimuthal Angle Theta [deg];Rotor Torque [Nm];Azimuthal Angle Theta [deg];Rotor Torque [Nm];Azimuthal Angle Theta [deg];Rotor Torque [Nm];Azimuthal Angle Theta [deg];Rotor Torque [Nm];Azimuthal Angle Theta [deg];Rotor Torque [Nm];Azimuthal Angle Theta [deg];Rotor Torque [Nm];Azimuthal Angle Theta [deg];Rotor Torque [Nm];Azimuthal Angle Theta [deg];Rotor Torque [Nm];Azimuthal Angle Theta [deg];Rotor Torque [Nm];Azimuthal Angle Theta [deg];Rotor Torque [Nm];Azimuthal Angle Theta [deg];Rotor Torque [Nm];Azimuthal Angle Theta [deg];Rotor Torque [Nm];Azimuthal Angle Theta [deg];Rotor Torque [Nm];Azimuthal Angle Theta [deg];Rotor Torque [Nm];Azimuthal Angle Theta [deg];Rotor Torque [Nm];Azimuthal Angle Theta [deg];Rotor Torque [Nm];Azimuthal Angle Theta [deg];Rotor Torque [Nm];Azimuthal Angle Theta [deg];Rotor Torque [Nm];Azimuthal Angle Theta [deg];Rotor Torque [Nm];Azimuthal Angle Theta [deg];Rotor Torque [Nm];Azimuthal Angle Theta [deg];Rotor Torque [Nm];Azimuthal Angle Theta [deg];Rotor Torque [Nm];Azimuthal Angle Theta [deg];Rotor Torque [Nm];Azimuthal Angle Theta [deg];Rotor Torque [Nm];Azimuthal Angle Theta [deg];Rotor Torque [Nm];Azimuthal Angle Theta [deg];Rotor Torque [Nm];Azimuthal Angle Theta [deg];Rotor Torque [Nm];Azimuthal Angle Theta [deg];Rotor Torque [Nm];Azimuthal Angle Theta [deg];Rotor Torque [Nm];Azimuthal Angle Theta [deg];Rotor Torque [Nm];Azimuthal Angle Theta [deg];Rotor Torque [Nm];Azimuthal Angle Theta [deg];Rotor Torque [Nm];Azimuthal Angle Theta [deg];Rotor Torque [Nm];Azimuthal Angle Theta [deg];Rotor Torque [Nm];Azimuthal Angle Theta [deg];Rotor Torque [Nm];Azimuthal Angle Theta [deg];Rotor Torque [Nm];Azimuthal Angle Theta [deg];Rotor Torque [Nm];Azimuthal Angle Theta [deg];Rotor Torque [Nm];Azimuthal Angle Theta [deg];Rotor Torque [Nm];Azimuthal Angle Theta [deg];Rotor Torque [Nm];Azimuthal Angle Theta [deg];Rotor Torque [Nm];Azimuthal Angle Theta [deg];Rotor Torque [Nm];Azimuthal Angle Theta [deg];Rotor Torque [Nm];Azimuthal Angle Theta [deg];Rotor Torque [Nm];Azimuthal Angle Theta [deg];Rotor Torque [Nm];Azimuthal Angle Theta [deg];Rotor Torque [Nm];Azimuthal Angle Theta [deg];Rotor Torque [Nm];Azimuthal Angle Theta [deg];Rotor Torque [Nm];Azimuthal Angle Theta [deg];Rotor Torque [Nm];Azimuthal Angle Theta [deg];Rotor Torque [Nm];Azimuthal Angle Theta [deg];Rotor Torque [Nm];Azimuthal Angle Theta [deg];Rotor Torque [Nm];Azimuthal Angle Theta [deg];Rotor Torque [Nm];Azimuthal Angle Theta [deg];Rotor Torque [Nm];Azimuthal Angle Theta [deg];Rotor Torque [Nm];Azimuthal Angle Theta [deg];Rotor Torque [Nm];Azimuthal Angle Theta [deg];Rotor Torque [Nm];Azimuthal Angle Theta [deg];Rotor Torque [Nm];Azimuthal Angle Theta [deg];Rotor Torque [Nm];Azimuthal Angle Theta [deg];Rotor Torque [Nm];Azimuthal Angle Theta [deg];Rotor Torque [Nm];Azimuthal Angle Theta [deg];Rotor Torque [Nm];Azimuthal Angle Theta [deg];Rotor Torque [Nm];Azimuthal Angle Theta [deg];Rotor Torque [Nm];Azimuthal Angle Theta [deg];Rotor Torque [Nm];Azimuthal Angle Theta [deg];Rotor Torque [Nm];Azimuthal Angle Theta [deg];Rotor Torque [Nm];Azimuthal Angle Theta [deg];Rotor Torque [Nm];Azimuthal Angle Theta [deg];Rotor Torque [Nm];Azimuthal Angle Theta [deg];Rotor Torque [Nm];Azimuthal Angle Theta [deg];Rotor Torque [Nm];Azimuthal Angle Theta [deg];Rotor Torque [Nm];Azimuthal Angle Theta [deg];Rotor Torque [Nm];Azimuthal Angle Theta [deg];Rotor Torque [Nm];Azimuthal Angle Theta [deg];Rotor Torque [Nm];Azimuthal Angle Theta [deg];Rotor Torque [Nm];Azimuthal Angle Theta [deg];Rotor Torque [Nm];Azimuthal Angle Theta [deg];Rotor Torque [Nm];Azimuthal Angle Theta [deg];Rotor Torque [Nm];Azimuthal Angle Theta [deg];Rotor Torque [Nm];Azimuthal Angle Theta [deg];Rotor Torque [Nm];Azimuthal Angle Theta [deg];Rotor Torque [Nm];Azimuthal Angle Theta [deg];Rotor Torque [Nm];Azimuthal Angle Theta [deg];Rotor Torque [Nm];Azimuthal Angle Theta [deg];Rotor Torque [Nm];Azimuthal Angle Theta [deg];Rotor Torque [Nm];Azimuthal Angle Theta [deg];Rotor Torque [Nm];Azimuthal Angle Theta [deg];Rotor Torque [Nm];Azimuthal Angle Theta [deg];Rotor Torque [Nm];Azimuthal Angle Theta [deg];Rotor Torque [Nm];Azimuthal Angle Theta [deg];Rotor Torque [Nm];Azimuthal Angle Theta [deg];Rotor Torque [Nm];Azimuthal Angle Theta [deg];Rotor Torque [Nm];Azimuthal Angle Theta [deg];Rotor Torque [Nm];Azimuthal Angle Theta [deg];Rotor Torque [Nm];Azimuthal Angle Theta [deg];Rotor Torque [Nm];Azimuthal Angle Theta [deg];Rotor Torque [Nm];Azimuthal Angle Theta [deg];Rotor Torque [Nm];Azimuthal Angle Theta [deg];Rotor Torque [Nm];Azimuthal Angle Theta [deg];Rotor Torque [Nm];Azimuthal Angle Theta [deg];Rotor Torque [Nm];Azimuthal Angle Theta [deg];Rotor Torque [Nm];Azimuthal Angle Theta [deg];Rotor Torque [Nm];Azimuthal Angle Theta [deg];Rotor Torque [Nm];Azimuthal Angle Theta [deg];Rotor Torque [Nm];Azimuthal Angle Theta [deg];Rotor Torque [Nm];Azimuthal Angle Theta [deg];Rotor Torque [Nm];Azimuthal Angle Theta [deg];Rotor Torque [Nm];Azimuthal Angle Theta [deg];Rotor Torque [Nm];Azimuthal Angle Theta [deg];Rotor Torque [Nm];Azimuthal Angle Theta [deg];Rotor Torque [Nm];Azimuthal Angle Theta [deg];Rotor Torque [Nm];Azimuthal Angle Theta [deg];Rotor Torque [Nm];Azimuthal Angle Theta [deg];Rotor Torque [Nm];Azimuthal Angle Theta [deg];Rotor Torque [Nm];Azimuthal Angle Theta [deg];Rotor Torque [Nm];Azimuthal Angle Theta [deg];Rotor Torque [Nm];Azimuthal Angle Theta [deg];Rotor Torque [Nm];Azimuthal Angle Theta [deg];Rotor Torque [Nm];Azimuthal Angle Theta [deg];Rotor Torque [Nm];Azimuthal Angle Theta [deg];Rotor Torque [Nm];Azimuthal Angle Theta [deg];Rotor Torque [Nm];Azimuthal Angle Theta [deg];Rotor Torque [Nm];Azimuthal Angle Theta [deg];Rotor Torque [Nm];Azimuthal Angle Theta [deg];Rotor Torque [Nm];Azimuthal Angle Theta [deg];Rotor Torque [Nm];Azimuthal Angle Theta [deg];Rotor Torque [Nm];Azimuthal Angle Theta [deg];Rotor Torque [Nm];Azimuthal Angle Theta [deg];Rotor Torque [Nm];Azimuthal Angle Theta [deg];Rotor Torque [Nm];Azimuthal Angle Theta [deg];Rotor Torque [Nm];Azimuthal Angle Theta [deg];Rotor Torque [Nm];Azimuthal Angle Theta [deg];Rotor Torque [Nm];Azimuthal Angle Theta [deg];Rotor Torque [Nm];Azimuthal Angle Theta [deg];Rotor Torque [Nm];Azimuthal Angle Theta [deg];Rotor Torque [Nm];Azimuthal Angle Theta [deg];Rotor Torque [Nm];Azimuthal Angle Theta [deg];Rotor Torque [Nm];Azimuthal Angle Theta [deg];Rotor Torque [Nm];Azimuthal Angle Theta [deg];Rotor Torque [Nm];Azimuthal Angle Theta [deg];Rotor Torque [Nm];Azimuthal Angle Theta [deg];Rotor Torque [Nm];Azimuthal Angle Theta [deg];Rotor Torque [Nm];Azimuthal Angle Theta [deg];Rotor Torque [Nm];Azimuthal Angle Theta [deg];Rotor Torque [Nm];Azimuthal Angle Theta [deg];Rotor Torque [Nm];Azimuthal Angle Theta [deg];Rotor Torque [Nm];Azimuthal Angle Theta [deg];Rotor Torque [Nm];Azimuthal Angle Theta [deg];Rotor Torque [Nm];Azimuthal Angle Theta [deg];Rotor Torque [Nm];Azimuthal Angle Theta [deg];Rotor Torque [Nm];Azimuthal Angle Theta [deg];Rotor Torque [Nm];Azimuthal Angle Theta [deg];Rotor Torque [Nm];Azimuthal Angle Theta [deg];Rotor Torque [Nm];Azimuthal Angle Theta [deg];Rotor Torque [Nm];Azimuthal Angle Theta [deg];Rotor Torque [Nm];Azimuthal Angle Theta [deg];Rotor Torque [Nm];Azimuthal Angle Theta [deg];Rotor Torque [Nm];Azimuthal Angle Theta [deg];Rotor Torque [Nm];Azimuthal Angle Theta [deg];Rotor Torque [Nm];Azimuthal Angle Theta [deg];Rotor Torque [Nm];Azimuthal Angle Theta [deg];Rotor Torque [Nm];Azimuthal Angle Theta [deg];Rotor Torque [Nm];Azimuthal Angle Theta [deg];Rotor Torque [Nm];Azimuthal Angle Theta [deg];Rotor Torque [Nm];Azimuthal Angle Theta [deg];Rotor Torque [Nm];Azimuthal Angle Theta [deg];Rotor Torque [Nm];Azimuthal Angle Theta [deg];Rotor Torque [Nm];Azimuthal Angle Theta [deg];Rotor Torque [Nm];Azimuthal Angle Theta [deg];Rotor Torque [Nm];Azimuthal Angle Theta [deg];Rotor Torque [Nm];Azimuthal Angle Theta [deg];Rotor Torque [Nm];Azimuthal Angle Theta [deg];Rotor Torque [Nm];Azimuthal Angle Theta [deg];Rotor Torque [Nm];Azimuthal Angle Theta [deg];Rotor Torque [Nm];Azimuthal Angle Theta [deg];Rotor Torque [Nm];Azimuthal Angle Theta [deg];Rotor Torque [Nm];Azimuthal Angle Theta [deg];Rotor Torque [Nm];Azimuthal Angle Theta [deg];Rotor Torque [Nm];Azimuthal Angle Theta [deg];Rotor Torque [Nm];Azimuthal Angle Theta [deg];Rotor Torque [Nm];Azimuthal Angle Theta [deg];Rotor Torque [Nm];Azimuthal Angle Theta [deg];Rotor Torque [Nm];Azimuthal Angle Theta [deg];Rotor Torque [Nm];Azimuthal Angle Theta [deg];Rotor Torque [Nm];Azimuthal Angle Theta [deg];Rotor Torque [Nm];Azimuthal Angle Theta [deg];Rotor Torque [Nm];Azimuthal Angle Theta [deg];Rotor Torque [Nm];Azimuthal Angle Theta [deg];Rotor Torque [Nm];Azimuthal Angle Theta [deg];Rotor Torque [Nm];Azimuthal Angle Theta [deg];Rotor Torque [Nm];Azimuthal Angle Theta [deg];Rotor Torque [Nm];Azimuthal Angle Theta [deg];Rotor Torque [Nm];Azimuthal Angle Theta [deg];Rotor Torque [Nm];Azimuthal Angle Theta [deg];Rotor Torque [Nm];Azimuthal Angle Theta [deg];Rotor Torque [Nm];Azimuthal Angle Theta [deg];Rotor Torque [Nm];Azimuthal Angle Theta [deg];Rotor Torque [Nm];Azimuthal Angle Theta [deg];Rotor Torque [Nm];Azimuthal Angle Theta [deg];Rotor Torque [Nm];Azimuthal Angle Theta [deg];Rotor Torque [Nm];Azimuthal Angle Theta [deg];Rotor Torque [Nm];Azimuthal Angle Theta [deg];Rotor Torque [Nm];Azimuthal Angle Theta [deg];Rotor Torque [Nm];Azimuthal Angle Theta [deg];Rotor Torque [Nm];Azimuthal Angle Theta [deg];Rotor Torque [Nm];Azimuthal Angle Theta [deg];Rotor Torque [Nm];Azimuthal Angle Theta [deg];Rotor Torque [Nm];Azimuthal Angle Theta [deg];Rotor Torque [Nm];Azimuthal Angle Theta [deg];Rotor Torque [Nm];Azimuthal Angle Theta [deg];Rotor Torque [Nm];Azimuthal Angle Theta [deg];Rotor Torque [Nm];Azimuthal Angle Theta [deg];Rotor Torque [Nm];Azimuthal Angle Theta [deg];Rotor Torque [Nm];Azimuthal Angle Theta [deg];Rotor Torque [Nm];Azimuthal Angle Theta [deg];Rotor Torque [Nm];Azimuthal Angle Theta [deg];Rotor Torque [Nm];Azimuthal Angle Theta [deg];Rotor Torque [Nm];Azimuthal Angle Theta [deg];Rotor Torque [Nm];Azimuthal Angle Theta [deg];Rotor Torque [Nm];Azimuthal Angle Theta [deg];Rotor Torque [Nm];Azimuthal Angle Theta [deg];Rotor Torque [Nm];Azimuthal Angle Theta [deg];Rotor Torque [Nm];Azimuthal Angle Theta [deg];Rotor Torque [Nm];Azimuthal Angle Theta [deg];Rotor Torque [Nm];Azimuthal Angle Theta [deg];Rotor Torque [Nm];Azimuthal Angle Theta [deg];Rotor Torque [Nm];Azimuthal Angle Theta [deg];Rotor Torque [Nm];Azimuthal Angle Theta [deg];Rotor Torque [Nm];Azimuthal Angle Theta [deg];Rotor Torque [Nm];Azimuthal Angle Theta [deg];Rotor Torque [Nm];Azimuthal Angle Theta [deg];Rotor Torque [Nm];Azimuthal Angle Theta [deg];Rotor Torque [Nm];Azimuthal Angle Theta [deg];Rotor Torque [Nm];Azimuthal Angle Theta [deg];Rotor Torque [Nm];Azimuthal Angle Theta [deg];Rotor Torque [Nm];Azimuthal Angle Theta [deg];Rotor Torque [Nm];Azimuthal Angle Theta [deg];Rotor Torque [Nm];Azimuthal Angle Theta [deg];Rotor Torque [Nm];Azimuthal Angle Theta [deg];Rotor Torque [Nm];Azimuthal Angle Theta [deg];Rotor Torque [Nm];Azimuthal Angle Theta [deg];Rotor Torque [Nm];Azimuthal Angle Theta [deg];Rotor Torque [Nm];Azimuthal Angle Theta [deg];Rotor Torque [Nm];Azimuthal Angle Theta [deg];Rotor Torque [Nm];Azimuthal Angle Theta [deg];Rotor Torque [Nm];Azimuthal Angle Theta [deg];Rotor Torque [Nm];Azimuthal Angle Theta [deg];Rotor Torque [Nm];Azimuthal Angle Theta [deg];Rotor Torque [Nm];Azimuthal Angle Theta [deg];Rotor Torque [Nm];Azimuthal Angle Theta [deg];Rotor Torque [Nm];Azimuthal Angle Theta [deg];Rotor Torque [Nm];Azimuthal Angle Theta [deg];Rotor Torque [Nm];Azimuthal Angle Theta [deg];Rotor Torque [Nm];Azimuthal Angle Theta [deg];Rotor Torque [Nm];Azimuthal Angle Theta [deg];Rotor Torque [Nm];Azimuthal Angle Theta [deg];Rotor Torque [Nm];Azimuthal Angle Theta [deg];Rotor Torque [Nm];Azimuthal Angle Theta [deg];Rotor Torque [Nm];Azimuthal Angle Theta [deg];Rotor Torque [Nm];Azimuthal Angle Theta [deg];Rotor Torque [Nm];Azimuthal Angle Theta [deg];Rotor Torque [Nm];Azimuthal Angle Theta [deg];Rotor Torque [Nm];Azimuthal Angle Theta [deg];Rotor Torque [Nm];Azimuthal Angle Theta [deg];Rotor Torque [Nm];Azimuthal Angle Theta [deg];Rotor Torque [Nm];Azimuthal Angle Theta [deg];Rotor Torque [Nm];Azimuthal Angle Theta [deg];Rotor Torque [Nm];Azimuthal Angle Theta [deg];Rotor Torque [Nm];Azimuthal Angle Theta [deg];Rotor Torque [Nm];Azimuthal Angle Theta [deg];Rotor Torque [Nm];Azimuthal Angle Theta [deg];Rotor Torque [Nm];Azimuthal Angle Theta [deg];Rotor Torque [Nm];Azimuthal Angle Theta [deg];Rotor Torque [Nm];Azimuthal Angle Theta [deg];Rotor Torque [Nm];Azimuthal Angle Theta [deg];Rotor Torque [Nm];Azimuthal Angle Theta [deg];Rotor Torque [Nm];Azimuthal Angle Theta [deg];Rotor Torque [Nm];Azimuthal Angle Theta [deg];Rotor Torque [Nm];Azimuthal Angle Theta [deg];Rotor Torque [Nm];Azimuthal Angle Theta [deg];Rotor Torque [Nm];Azimuthal Angle Theta [deg];Rotor Torque [Nm];Azimuthal Angle Theta [deg];Rotor Torque [Nm];Azimuthal Angle Theta [deg];Rotor Torque [Nm];Azimuthal Angle Theta [deg];Rotor Torque [Nm];Azimuthal Angle Theta [deg];Rotor Torque [Nm];Azimuthal Angle Theta [deg];Rotor Torque [Nm];Azimuthal Angle Theta [deg];Rotor Torque [Nm];Azimuthal Angle Theta [deg];Rotor Torque [Nm];Azimuthal Angle Theta [deg];Rotor Torque [Nm];Azimuthal Angle Theta [deg];Rotor Torque [Nm];Azimuthal Angle Theta [deg];Rotor Torque [Nm];Azimuthal Angle Theta [deg];Rotor Torque [Nm];Azimuthal Angle Theta [deg];Rotor Torque [Nm];Azimuthal Angle Theta [deg];Rotor Torque [Nm];Azimuthal Angle Theta [deg];Rotor Torque [Nm];Azimuthal Angle Theta [deg];Rotor Torque [Nm];Azimuthal Angle Theta [deg];Rotor Torque [Nm];Azimuthal Angle Theta [deg];Rotor Torque [Nm];Azimuthal Angle Theta [deg];Rotor Torque [Nm];Azimuthal Angle Theta [deg];Rotor Torque [Nm];Azimuthal Angle Theta [deg];Rotor Torque [Nm];Azimuthal Angle Theta [deg];Rotor Torque [Nm];Azimuthal Angle Theta [deg];Rotor Torque [Nm];Azimuthal Angle Theta [deg];Rotor Torque [Nm];Azimuthal Angle Theta [deg];Rotor Torque [Nm];Azimuthal Angle Theta [deg];Rotor Torque [Nm];Azimuthal Angle Theta [deg];Rotor Torque [Nm];Azimuthal Angle Theta [deg];Rotor Torque [Nm];Azimuthal Angle Theta [deg];Rotor Torque [Nm];Azimuthal Angle Theta [deg];Rotor Torque [Nm];Azimuthal Angle Theta [deg];Rotor Torque [Nm];Azimuthal Angle Theta [deg];Rotor Torque [Nm];Azimuthal Angle Theta [deg];Rotor Torque [Nm];Azimuthal Angle Theta [deg];Rotor Torque [Nm];Azimuthal Angle Theta [deg];Rotor Torque [Nm];Azimuthal Angle Theta [deg];Rotor Torque [Nm];Azimuthal Angle Theta [deg];Rotor Torque [Nm];Azimuthal Angle Theta [deg];Rotor Torque [Nm];Azimuthal Angle Theta [deg];Rotor Torque [Nm];Azimuthal Angle Theta [deg];Rotor Torque [Nm];Azimuthal Angle Theta [deg];Rotor Torque [Nm];Azimuthal Angle Theta [deg];Rotor Torque [Nm];Azimuthal Angle Theta [deg];Rotor Torque [Nm];Azimuthal Angle Theta [deg];Rotor Torque [Nm];Azimuthal Angle Theta [deg];Rotor Torque [Nm];Azimuthal Angle Theta [deg];Rotor Torque [Nm];Azimuthal Angle Theta [deg];Rotor Torque [Nm];Azimuthal Angle Theta [deg];Rotor Torque [Nm];Azimuthal Angle Theta [deg];Rotor Torque [Nm];Azimuthal Angle Theta [deg];Rotor Torque [Nm];Azimuthal Angle Theta [deg];Rotor Torque [Nm];Azimuthal Angle Theta [deg];Rotor Torque [Nm];Azimuthal Angle Theta [deg];Rotor Torque [Nm];Azimuthal Angle Theta [deg];Rotor Torque [Nm];Azimuthal Angle Theta [deg];Rotor Torque [Nm];Azimuthal Angle Theta [deg];Rotor Torque [Nm];Azimuthal Angle Theta [deg];Rotor Torque [Nm];Azimuthal Angle Theta [deg];Rotor Torque [Nm];Azimuthal Angle Theta [deg];Rotor Torque [Nm];Azimuthal Angle Theta [deg];Rotor Torque [Nm];Azimuthal Angle Theta [deg];Rotor Torque [Nm];Azimuthal Angle Theta [deg];Rotor Torque [Nm];Azimuthal Angle Theta [deg];Rotor Torque [Nm];Azimuthal Angle Theta [deg];Rotor Torque [Nm];Azimuthal Angle Theta [deg];Rotor Torque [Nm];Azimuthal Angle Theta [deg];Rotor Torque [Nm];Azimuthal Angle Theta [deg];Rotor Torque [Nm];Azimuthal Angle Theta [deg];Rotor Torque [Nm];Azimuthal Angle Theta [deg];Rotor Torque [Nm];Azimuthal Angle Theta [deg];Rotor Torque [Nm];Azimuthal Angle Theta [deg];Rotor Torque [Nm];Azimuthal Angle Theta [deg];Rotor Torque [Nm];Azimuthal Angle Theta [deg];Rotor Torque [Nm];Azimuthal Angle Theta [deg];Rotor Torque [Nm];Azimuthal Angle Theta [deg];Rotor Torque [Nm];Azimuthal Angle Theta [deg];Rotor Torque [Nm];Azimuthal Angle Theta [deg];Rotor Torque [Nm];Azimuthal Angle Theta [deg];Rotor Torque [Nm];Azimuthal Angle Theta [deg];Rotor Torque [Nm];Azimuthal Angle Theta [deg];Rotor Torque [Nm];Azimuthal Angle Theta [deg];Rotor Torque [Nm];Azimuthal Angle Theta [deg];Rotor Torque [Nm];Azimuthal Angle Theta [deg];Rotor Torque [Nm];Azimuthal Angle Theta [deg];Rotor Torque [Nm];Azimuthal Angle Theta [deg];Rotor Torque [Nm];Azimuthal Angle Theta [deg];Rotor Torque [Nm];Azimuthal Angle Theta [deg];Rotor Torque [Nm];Azimuthal Angle Theta [deg];Rotor Torque [Nm];Azimuthal Angle Theta [deg];Rotor Torque [Nm];Azimuthal Angle Theta [deg];Rotor Torque [Nm];Azimuthal Angle Theta [deg];Rotor Torque [Nm];Azimuthal Angle Theta [deg];Rotor Torque [Nm];Azimuthal Angle Theta [deg];Rotor Torque [Nm];Azimuthal Angle Theta [deg];Rotor Torque [Nm];Azimuthal Angle Theta [deg];Rotor Torque [Nm];Azimuthal Angle Theta [deg];Rotor Torque [Nm];Azimuthal Angle Theta [deg];Rotor Torque [Nm];Azimuthal Angle Theta [deg];Rotor Torque [Nm];Azimuthal Angle Theta [deg];Rotor Torque [Nm];Azimuthal Angle Theta [deg];Rotor Torque [Nm];Azimuthal Angle Theta [deg];Rotor Torque [Nm];Azimuthal Angle Theta [deg];Rotor Torque [Nm];Azimuthal Angle Theta [deg];Rotor Torque [Nm];Azimuthal Angle Theta [deg];Rotor Torque [Nm];Azimuthal Angle Theta [deg];Rotor Torque [Nm];Azimuthal Angle Theta [deg];Rotor Torque [Nm];Azimuthal Angle Theta [deg];Rotor Torque [Nm];Azimuthal Angle Theta [deg];Rotor Torque [Nm];Azimuthal Angle Theta [deg];Rotor Torque [Nm];Azimuthal Angle Theta [deg];Rotor Torque [Nm];Azimuthal Angle Theta [deg];Rotor Torque [Nm];Azimuthal Angle Theta [deg];Rotor Torque [Nm];Azimuthal Angle Theta [deg];Rotor Torque [Nm];Azimuthal Angle Theta [deg];Rotor Torque [Nm];Azimuthal Angle Theta [deg];Rotor Torque [Nm];Azimuthal Angle Theta [deg];Rotor Torque [Nm];Azimuthal Angle Theta [deg];Rotor Torque [Nm];Azimuthal Angle Theta [deg];Rotor Torque [Nm];Azimuthal Angle Theta [deg];Rotor Torque [Nm];Azimuthal Angle Theta [deg];Rotor Torque [Nm];Azimuthal Angle Theta [deg];Rotor Torque [Nm];Azimuthal Angle Theta [deg];Rotor Torque [Nm];Azimuthal Angle Theta [deg];Rotor Torque [Nm];Azimuthal Angle Theta [deg];Rotor Torque [Nm];Azimuthal Angle Theta [deg];Rotor Torque [Nm];Azimuthal Angle Theta [deg];Rotor Torque [Nm];Azimuthal Angle Theta [deg];Rotor Torque [Nm];Azimuthal Angle Theta [deg];Rotor Torque [Nm];Azimuthal Angle Theta [deg];Rotor Torque [Nm];Azimuthal Angle Theta [deg];Rotor Torque [Nm];Azimuthal Angle Theta [deg];Rotor Torque [Nm];Azimuthal Angle Theta [deg];Rotor Torque [Nm];Azimuthal Angle Theta [deg];Rotor Torque [Nm];Azimuthal Angle Theta [deg];Rotor Torque [Nm];Azimuthal Angle Theta [deg];Rotor Torque [Nm];Azimuthal Angle Theta [deg];Rotor Torque [Nm];Azimuthal Angle Theta [deg];Rotor Torque [Nm];Azimuthal Angle Theta [deg];Rotor Torque [Nm];Azimuthal Angle Theta [deg];Rotor Torque [Nm];Azimuthal Angle Theta [deg];Rotor Torque [Nm];Azimuthal Angle Theta [deg];Rotor Torque [Nm];Azimuthal Angle Theta [deg];Rotor Torque [Nm];Azimuthal Angle Theta [deg];Rotor Torque [Nm];Azimuthal Angle Theta [deg];Rotor Torque [Nm];Azimuthal Angle Theta [deg];Rotor Torque [Nm];Azimuthal Angle Theta [deg];Rotor Torque [Nm];Azimuthal Angle Theta [deg];Rotor Torque [Nm];Azimuthal Angle Theta [deg];Rotor Torque [Nm];Azimuthal Angle Theta [deg];Rotor Torque [Nm];Azimuthal Angle Theta [deg];Rotor Torque [Nm];Azimuthal Angle Theta [deg];Rotor Torque [Nm];Azimuthal Angle Theta [deg];Rotor Torque [Nm];Azimuthal Angle Theta [deg];Rotor Torque [Nm];Azimuthal Angle Theta [deg];Rotor Torque [Nm];Azimuthal Angle Theta [deg];Rotor Torque [Nm];Azimuthal Angle Theta [deg];Rotor Torque [Nm];Azimuthal Angle Theta [deg];Rotor Torque [Nm];Azimuthal Angle Theta [deg];Rotor Torque [Nm];Azimuthal Angle Theta [deg];Rotor Torque [Nm];Azimuthal Angle Theta [deg];Rotor Torque [Nm];Azimuthal Angle Theta [deg];Rotor Torque [Nm];Azimuthal Angle Theta [deg];Rotor Torque [Nm];Azimuthal Angle Theta [deg];Rotor Torque [Nm];Azimuthal Angle Theta [deg];Rotor Torque [Nm];Azimuthal Angle Theta [deg];Rotor Torque [Nm];Azimuthal Angle Theta [deg];Rotor Torque [Nm];Azimuthal Angle Theta [deg];Rotor Torque [Nm];Azimuthal Angle Theta [deg];Rotor Torque [Nm];Azimuthal Angle Theta [deg];Rotor Torque [Nm];Azimuthal Angle Theta [deg];Rotor Torque [Nm];Azimuthal Angle Theta [deg];Rotor Torque [Nm];Azimuthal Angle Theta [deg];Rotor Torque [Nm];Azimuthal Angle Theta [deg];Rotor Torque [Nm];Azimuthal Angle Theta [deg];Rotor Torque [Nm];Azimuthal Angle Theta [deg];Rotor Torque [Nm];Azimuthal Angle Theta [deg];Rotor Torque [Nm];Azimuthal Angle Theta [deg];Rotor Torque [Nm];Azimuthal Angle Theta [deg];Rotor Torque [Nm];Azimuthal Angle Theta [deg];Rotor Torque [Nm];Azimuthal Angle Theta [deg];Rotor Torque [Nm];Azimuthal Angle Theta [deg];Rotor Torque [Nm];Azimuthal Angle Theta [deg];Rotor Torque [Nm];Azimuthal Angle Theta [deg];Rotor Torque [Nm];Azimuthal Angle Theta [deg];Rotor Torque [Nm];Azimuthal Angle Theta [deg];Rotor Torque [Nm];Azimuthal Angle Theta [deg];Rotor Torque [Nm];Azimuthal Angle Theta [deg];Rotor Torque [Nm];Azimuthal Angle Theta [deg];Rotor Torque [Nm];Azimuthal Angle Theta [deg];Rotor Torque [Nm];Azimuthal Angle Theta [deg];Rotor Torque [Nm];Azimuthal Angle Theta [deg];Rotor Torque [Nm];Azimuthal Angle Theta [deg];Rotor Torque [Nm];Azimuthal Angle Theta [deg];Rotor Torque [Nm];Azimuthal Angle Theta [deg];Rotor Torque [Nm];Azimuthal Angle Theta [deg];Rotor Torque [Nm];Azimuthal Angle Theta [deg];Rotor Torque [Nm];Azimuthal Angle Theta [deg];Rotor Torque [Nm];Azimuthal Angle Theta [deg];Rotor Torque [Nm];Azimuthal Angle Theta [deg];Rotor Torque [Nm];Azimuthal Angle Theta [deg];Rotor Torque [Nm];Azimuthal Angle Theta [deg];Rotor Torque [Nm];Azimuthal Angle Theta [deg];Rotor Torque [Nm];Azimuthal Angle Theta [deg];Rotor Torque [Nm];Azimuthal Angle Theta [deg];Rotor Torque [Nm];Azimuthal Angle Theta [deg];Rotor Torque [Nm];Azimuthal Angle Theta [deg];Rotor Torque [Nm];Azimuthal Angle Theta [deg];Rotor Torque [Nm];Azimuthal Angle Theta [deg];Rotor Torque [Nm];Azimuthal Angle Theta [deg];Rotor Torque [Nm];Azimuthal Angle Theta [deg];Rotor Torque [Nm];Azimuthal Angle Theta [deg];Rotor Torque [Nm];Azimuthal Angle Theta [deg];Rotor Torque [Nm];Azimuthal Angle Theta [deg];Rotor Torque [Nm];Azimuthal Angle Theta [deg];Rotor Torque [Nm];Azimuthal Angle Theta [deg];Rotor Torque [Nm];Azimuthal Angle Theta [deg];Rotor Torque [Nm];Azimuthal Angle Theta [deg];Rotor Torque [Nm];Azimuthal Angle Theta [deg];Rotor Torque [Nm];Azimuthal Angle Theta [deg];Rotor Torque [Nm];Azimuthal Angle Theta [deg];Rotor Torque [Nm];Azimuthal Angle Theta [deg];Rotor Torque [Nm];Azimuthal Angle Theta [deg];Rotor Torque [Nm];Azimuthal Angle Theta [deg];Rotor Torque [Nm];Azimuthal Angle Theta [deg];Rotor Torque [Nm];Azimuthal Angle Theta [deg];Rotor Torque [Nm];Azimuthal Angle Theta [deg];Rotor Torque [Nm];Azimuthal Angle Theta [deg];Rotor Torque [Nm];Azimuthal Angle Theta [deg];Rotor Torque [Nm];Azimuthal Angle Theta [deg];Rotor Torque [Nm];Azimuthal Angle Theta [deg];Rotor Torque [Nm];Azimuthal Angle Theta [deg];Rotor Torque [Nm];Azimuthal Angle Theta [deg];Rotor Torque [Nm];Azimuthal Angle Theta [deg];Rotor Torque [Nm];Azimuthal Angle Theta [deg];Rotor Torque [Nm];Azimuthal Angle Theta [deg];Rotor Torque [Nm];Azimuthal Angle Theta [deg];Rotor Torque [Nm];Azimuthal Angle Theta [deg];Rotor Torque [Nm];Azimuthal Angle Theta [deg];Rotor Torque [Nm];Azimuthal Angle Theta [deg];Rotor Torque [Nm];Azimuthal Angle Theta [deg];Rotor Torque [Nm];Azimuthal Angle Theta [deg];Rotor Torque [Nm];Azimuthal Angle Theta [deg];Rotor Torque [Nm];Azimuthal Angle Theta [deg];Rotor Torque [Nm];Azimuthal Angle Theta [deg];Rotor Torque [Nm];Azimuthal Angle Theta [deg];Rotor Torque [Nm];Azimuthal Angle Theta [deg];Rotor Torque [Nm];Azimuthal Angle Theta [deg];Rotor Torque [Nm];Azimuthal Angle Theta [deg];Rotor Torque [Nm];Azimuthal Angle Theta [deg];Rotor Torque [Nm];Azimuthal Angle Theta [deg];Rotor Torque [Nm];Azimuthal Angle Theta [deg];Rotor Torque [Nm];Azimuthal Angle Theta [deg];Rotor Torque [Nm];Azimuthal Angle Theta [deg];Rotor Torque [Nm];Azimuthal Angle Theta [deg];Rotor Torque [Nm];Azimuthal Angle Theta [deg];Rotor Torque [Nm];Azimuthal Angle Theta [deg];Rotor Torque [Nm];Azimuthal Angle Theta [deg];Rotor Torque [Nm];Azimuthal Angle Theta [deg];Rotor Torque [Nm];Azimuthal Angle Theta [deg];Rotor Torque [Nm];Azimuthal Angle Theta [deg];Rotor Torque [Nm];Azimuthal Angle Theta [deg];Rotor Torque [Nm];Azimuthal Angle Theta [deg];Rotor Torque [Nm];Azimuthal Angle Theta [deg];Rotor Torque [Nm];Azimuthal Angle Theta [deg];Rotor Torque [Nm];Azimuthal Angle Theta [deg];Rotor Torque [Nm];Azimuthal Angle Theta [deg];Rotor Torque [Nm];Azimuthal Angle Theta [deg];Rotor Torque [Nm];Azimuthal Angle Theta [deg];Rotor Torque [Nm];Azimuthal Angle Theta [deg];Rotor Torque [Nm];Azimuthal Angle Theta [deg];Rotor Torque [Nm];Azimuthal Angle Theta [deg];Rotor Torque [Nm];Azimuthal Angle Theta [deg];Rotor Torque [Nm];Azimuthal Angle Theta [deg];Rotor Torque [Nm];Azimuthal Angle Theta [deg];Rotor Torque [Nm];Azimuthal Angle Theta [deg];Rotor Torque [Nm];Azimuthal Angle Theta [deg];Rotor Torque [Nm];Azimuthal Angle Theta [deg];Rotor Torque [Nm];Azimuthal Angle Theta [deg];Rotor Torque [Nm];Azimuthal Angle Theta [deg];Rotor Torque [Nm];Azimuthal Angle Theta [deg];Rotor Torque [Nm];Azimuthal Angle Theta [deg];Rotor Torque [Nm];Azimuthal Angle Theta [deg];Rotor Torque [Nm];Azimuthal Angle Theta [deg];Rotor Torque [Nm];Azimuthal Angle Theta [deg];Rotor Torque [Nm];Azimuthal Angle Theta [deg];Rotor Torque [Nm];Azimuthal Angle Theta [deg];Rotor Torque [Nm];Azimuthal Angle Theta [deg];Rotor Torque [Nm];Azimuthal Angle Theta [deg];Rotor Torque [Nm];Azimuthal Angle Theta [deg];Rotor Torque [Nm];Azimuthal Angle Theta [deg];Rotor Torque [Nm];Azimuthal Angle Theta [deg];Rotor Torque [Nm];Azimuthal Angle Theta [deg];Rotor Torque [Nm];Azimuthal Angle Theta [deg];Rotor Torque [Nm];Azimuthal Angle Theta [deg];Rotor Torque [Nm];Azimuthal Angle Theta [deg];Rotor Torque [Nm];Azimuthal Angle Theta [deg];Rotor Torque [Nm];Azimuthal Angle Theta [deg];Rotor Torque [Nm];Azimuthal Angle Theta [deg];Rotor Torque [Nm];Azimuthal Angle Theta [deg];Rotor Torque [Nm];Azimuthal Angle Theta [deg];Rotor Torque [Nm];Azimuthal Angle Theta [deg];Rotor Torque [Nm];Azimuthal Angle Theta [deg];Rotor Torque [Nm];Azimuthal Angle Theta [deg];Rotor Torque [Nm];Azimuthal Angle Theta [deg];Rotor Torque [Nm];Azimuthal Angle Theta [deg];Rotor Torque [Nm];Azimuthal Angle Theta [deg];Rotor Torque [Nm];Azimuthal Angle Theta [deg];Rotor Torque [Nm];Azimuthal Angle Theta [deg];Rotor Torque [Nm];Azimuthal Angle Theta [deg];Rotor Torque [Nm];Azimuthal Angle Theta [deg];Rotor Torque [Nm];Azimuthal Angle Theta [deg];Rotor Torque [Nm];Azimuthal Angle Theta [deg];Rotor Torque [Nm];Azimuthal Angle Theta [deg];Rotor Torque [Nm];Azimuthal Angle Theta [deg];Rotor Torque [Nm];Azimuthal Angle Theta [deg];Rotor Torque [Nm];Azimuthal Angle Theta [deg];Rotor Torque [Nm];Azimuthal Angle Theta [deg];Rotor Torque [Nm];Azimuthal Angle Theta [deg];Rotor Torque [Nm];Azimuthal Angle Theta [deg];Rotor Torque [Nm];Azimuthal Angle Theta [deg];Rotor Torque [Nm];Azimuthal Angle Theta [deg];Rotor Torque [Nm];Azimuthal Angle Theta [deg];Rotor Torque [Nm];Azimuthal Angle Theta [deg];Rotor Torque [Nm];Azimuthal Angle Theta [deg];Rotor Torque [Nm];Azimuthal Angle Theta [deg];Rotor Torque [Nm];Azimuthal Angle Theta [deg];Rotor Torque [Nm];Azimuthal Angle Theta [deg];Rotor Torque [Nm];Azimuthal Angle Theta [deg];Rotor Torque [Nm];Azimuthal Angle Theta [deg];Rotor Torque [Nm];Azimuthal Angle Theta [deg];Rotor Torque [Nm];Azimuthal Angle Theta [deg];Rotor Torque [Nm];Azimuthal Angle Theta [deg];Rotor Torque [Nm];Azimuthal Angle Theta [deg];Rotor Torque [Nm];Azimuthal Angle Theta [deg];Rotor Torque [Nm];Azimuthal Angle Theta [deg];Rotor Torque [Nm];Azimuthal Angle Theta [deg];Rotor Torque [Nm];Azimuthal Angle Theta [deg];Rotor Torque [Nm];Azimuthal Angle Theta [deg];Rotor Torque [Nm];Azimuthal Angle Theta [deg];Rotor Torque [Nm];Azimuthal Angle Theta [deg];Rotor Torque [Nm];Azimuthal Angle Theta [deg];Rotor Torque [Nm];Azimuthal Angle Theta [deg];Rotor Torque [Nm];Azimuthal Angle Theta [deg];Rotor Torque [Nm];Azimuthal Angle Theta [deg];Rotor Torque [Nm];Azimuthal Angle Theta [deg];Rotor Torque [Nm];Azimuthal Angle Theta [deg];Rotor Torque [Nm];Azimuthal Angle Theta [deg];Rotor Torque [Nm];Azimuthal Angle Theta [deg];Rotor Torque [Nm];Azimuthal Angle Theta [deg];Rotor Torque [Nm];Azimuthal Angle Theta [deg];Rotor Torque [Nm];Azimuthal Angle Theta [deg];Rotor Torque [Nm];Azimuthal Angle Theta [deg];Rotor Torque [Nm];Azimuthal Angle Theta [deg];Rotor Torque [Nm];Azimuthal Angle Theta [deg];Rotor Torque [Nm];Azimuthal Angle Theta [deg];Rotor Torque [Nm];Azimuthal Angle Theta [deg];Rotor Torque [Nm];Azimuthal Angle Theta [deg];Rotor Torque [Nm];Azimuthal Angle Theta [deg];Rotor Torque [Nm];Azimuthal Angle Theta [deg];Rotor Torque [Nm];Azimuthal Angle Theta [deg];Rotor Torque [Nm];Azimuthal Angle Theta [deg];Rotor Torque [Nm];Azimuthal Angle Theta [deg];Rotor Torque [Nm];Azimuthal Angle Theta [deg];Rotor Torque [Nm];Azimuthal Angle Theta [deg];Rotor Torque [Nm];Azimuthal Angle Theta [deg];Rotor Torque [Nm];Azimuthal Angle Theta [deg];Rotor Torque [Nm];Azimuthal Angle Theta [deg];Rotor Torque [Nm];Azimuthal Angle Theta [deg];Rotor Torque [Nm];Azimuthal Angle Theta [deg];Rotor Torque [Nm];Azimuthal Angle Theta [deg];Rotor Torque [Nm];Azimuthal Angle Theta [deg];Rotor Torque [Nm];Azimuthal Angle Theta [deg];Rotor Torque [Nm];Azimuthal Angle Theta [deg];Rotor Torque [Nm];Azimuthal Angle Theta [deg];Rotor Torque [Nm];Azimuthal Angle Theta [deg];Rotor Torque [Nm];Azimuthal Angle Theta [deg];Rotor Torque [Nm];Azimuthal Angle Theta [deg];Rotor Torque [Nm];Azimuthal Angle Theta [deg];Rotor Torque [Nm];Azimuthal Angle Theta [deg];Rotor Torque [Nm];Azimuthal Angle Theta [deg];Rotor Torque [Nm];Azimuthal Angle Theta [deg];Rotor Torque [Nm];Azimuthal Angle Theta [deg];Rotor Torque [Nm];Azimuthal Angle Theta [deg];Rotor Torque [Nm];Azimuthal Angle Theta [deg];Rotor Torque [Nm];Azimuthal Angle Theta [deg];Rotor Torque [Nm];Azimuthal Angle Theta [deg];Rotor Torque [Nm];Azimuthal Angle Theta [deg];Rotor Torque [Nm];Azimuthal Angle Theta [deg];Rotor Torque [Nm];Azimuthal Angle Theta [deg];Rotor Torque [Nm];Azimuthal Angle Theta [deg];Rotor Torque [Nm];Azimuthal Angle Theta [deg];Rotor Torque [Nm];Azimuthal Angle Theta [deg];Rotor Torque [Nm];Azimuthal Angle Theta [deg];Rotor Torque [Nm];Azimuthal Angle Theta [deg];Rotor Torque [Nm];Azimuthal Angle Theta [deg];Rotor Torque [Nm];Azimuthal Angle Theta [deg];Rotor Torque [Nm];Azimuthal Angle Theta [deg];Rotor Torque [Nm];Azimuthal Angle Theta [deg];Rotor Torque [Nm];Azimuthal Angle Theta [deg];Rotor Torque [Nm];Azimuthal Angle Theta [deg];Rotor Torque [Nm];Azimuthal Angle Theta [deg];Rotor Torque [Nm];Azimuthal Angle Theta [deg];Rotor Torque [Nm];Azimuthal Angle Theta [deg];Rotor Torque [Nm];Azimuthal Angle Theta [deg];Rotor Torque [Nm];Azimuthal Angle Theta [deg];Rotor Torque [Nm];Azimuthal Angle Theta [deg];Rotor Torque [Nm];Azimuthal Angle Theta [deg];Rotor Torque [Nm];Azimuthal Angle Theta [deg];Rotor Torque [Nm];Azimuthal Angle Theta [deg];Rotor Torque [Nm];Azimuthal Angle Theta [deg];Rotor Torque [Nm];Azimuthal Angle Theta [deg];Rotor Torque [Nm];Azimuthal Angle Theta [deg];Rotor Torque [Nm];Azimuthal Angle Theta [deg];Rotor Torque [Nm];Azimuthal Angle Theta [deg];Rotor Torque [Nm];Azimuthal Angle Theta [deg];Rotor Torque [Nm];Azimuthal Angle Theta [deg];Rotor Torque [Nm];Azimuthal Angle Theta [deg];Rotor Torque [Nm];Azimuthal Angle Theta [deg];Rotor Torque [Nm];Azimuthal Angle Theta [deg];Rotor Torque [Nm];Azimuthal Angle Theta [deg];Rotor Torque [Nm];Azimuthal Angle Theta [deg];Rotor Torque [Nm];Azimuthal Angle Theta [deg];Rotor Torque [Nm];Azimuthal Angle Theta [deg];Rotor Torque [Nm];Azimuthal Angle Theta [deg];Rotor Torque [Nm];Azimuthal Angle Theta [deg];Rotor Torque [Nm];Azimuthal Angle Theta [deg];Rotor Torque [Nm];Azimuthal Angle Theta [deg];Rotor Torque [Nm];Azimuthal Angle Theta [deg];Rotor Torque [Nm];Azimuthal Angle Theta [deg];Rotor Torque [Nm];Azimuthal Angle Theta [deg];Rotor Torque [Nm];Azimuthal Angle Theta [deg];Rotor Torque [Nm];Azimuthal Angle Theta [deg];Rotor Torque [Nm];Azimuthal Angle Theta [deg];Rotor Torque [Nm];Azimuthal Angle Theta [deg];Rotor Torque [Nm];Azimuthal Angle Theta [deg];Rotor Torque [Nm];Azimuthal Angle Theta [deg];Rotor Torque [Nm];Azimuthal Angle Theta [deg];Rotor Torque [Nm];Azimuthal Angle Theta [deg];Rotor Torque [Nm];Azimuthal Angle Theta [deg];Rotor Torque [Nm];Azimuthal Angle Theta [deg];Rotor Torque [Nm];Azimuthal Angle Theta [deg];Rotor Torque [Nm];Azimuthal Angle Theta [deg];Rotor Torque [Nm];Azimuthal Angle Theta [deg];Rotor Torque [Nm];Azimuthal Angle Theta [deg];Rotor Torque [Nm];Azimuthal Angle Theta [deg];Rotor Torque [Nm];Azimuthal Angle Theta [deg];Rotor Torque [Nm];Azimuthal Angle Theta [deg];Rotor Torque [Nm];Azimuthal Angle Theta [deg];Rotor Torque [Nm];Azimuthal Angle Theta [deg];Rotor Torque [Nm];Azimuthal Angle Theta [deg];Rotor Torque [Nm];Azimuthal Angle Theta [deg];Rotor Torque [Nm];Azimuthal Angle Theta [deg];Rotor Torque [Nm];Azimuthal Angle Theta [deg];Rotor Torque [Nm];Azimuthal Angle Theta [deg];Rotor Torque [Nm];Azimuthal Angle Theta [deg];Rotor Torque [Nm];Azimuthal Angle Theta [deg];Rotor Torque [Nm];Azimuthal Angle Theta [deg];Rotor Torque [Nm];Azimuthal Angle Theta [deg];Rotor Torque [Nm];Azimuthal Angle Theta [deg];Rotor Torque [Nm];Azimuthal Angle Theta [deg];Rotor Torque [Nm];Azimuthal Angle Theta [deg];Rotor Torque [Nm];Azimuthal Angle Theta [deg];Rotor Torque [Nm];Azimuthal Angle Theta [deg];Rotor Torque [Nm];Azimuthal Angle Theta [deg];Rotor Torque [Nm];Azimuthal Angle Theta [deg];Rotor Torque [Nm];Azimuthal Angle Theta [deg];Rotor Torque [Nm];Azimuthal Angle Theta [deg];Rotor Torque [Nm];Azimuthal Angle Theta [deg];Rotor Torque [Nm];Azimuthal Angle Theta [deg];Rotor Torque [Nm];Azimuthal Angle Theta [deg];Rotor Torque [Nm];Azimuthal Angle Theta [deg];Rotor Torque [Nm];Azimuthal Angle Theta [deg];Rotor Torque [Nm];Azimuthal Angle Theta [deg];Rotor Torque [Nm];Azimuthal Angle Theta [deg];Rotor Torque [Nm];Azimuthal Angle Theta [deg];Rotor Torque [Nm];Azimuthal Angle Theta [deg];Rotor Torque [Nm];Azimuthal Angle Theta [deg];Rotor Torque [Nm];Azimuthal Angle Theta [deg];Rotor Torque [Nm];Azimuthal Angle Theta [deg];Rotor Torque [Nm];Azimuthal Angle Theta [deg];Rotor Torque [Nm];Azimuthal Angle Theta [deg];Rotor Torque [Nm];Azimuthal Angle Theta [deg];Rotor Torque [Nm];Azimuthal Angle Theta [deg];Rotor Torque [Nm];Azimuthal Angle Theta [deg];Rotor Torque [Nm];Azimuthal Angle Theta [deg];Rotor Torque [Nm];Azimuthal Angle Theta [deg];Rotor Torque [Nm];Azimuthal Angle Theta [deg];Rotor Torque [Nm];Azimuthal Angle Theta [deg];Rotor Torque [Nm];Azimuthal Angle Theta [deg];Rotor Torque [Nm];Azimuthal Angle Theta [deg];Rotor Torque [Nm];Azimuthal Angle Theta [deg];Rotor Torque [Nm];Azimuthal Angle Theta [deg];Rotor Torque [Nm];Azimuthal Angle Theta [deg];Rotor Torque [Nm];Azimuthal Angle Theta [deg];Rotor Torque [Nm];Azimuthal Angle Theta [deg];Rotor Torque [Nm];Azimuthal Angle Theta [deg];Rotor Torque [Nm];Azimuthal Angle Theta [deg];Rotor Torque [Nm];Azimuthal Angle Theta [deg];Rotor Torque [Nm];Azimuthal Angle Theta [deg];Rotor Torque [Nm];Azimuthal Angle Theta [deg];Rotor Torque [Nm];Azimuthal Angle Theta [deg];Rotor Torque [Nm];Azimuthal Angle Theta [deg];Rotor Torque [Nm];Azimuthal Angle Theta [deg];Rotor Torque [Nm];Azimuthal Angle Theta [deg];Rotor Torque [Nm];Azimuthal Angle Theta [deg];Rotor Torque [Nm];Azimuthal Angle Theta [deg];Rotor Torque [Nm];Azimuthal Angle Theta [deg];Rotor Torque [Nm];Azimuthal Angle Theta [deg];Rotor Torque [Nm];Azimuthal Angle Theta [deg];Rotor Torque [Nm];Azimuthal Angle Theta [deg];Rotor Torque [Nm];Azimuthal Angle Theta [deg];Rotor Torque [Nm];Azimuthal Angle Theta [deg];Rotor Torque [Nm];Azimuthal Angle Theta [deg];Rotor Torque [Nm];Azimuthal Angle Theta [deg];Rotor Torque [Nm];Azimuthal Angle Theta [deg];Rotor Torque [Nm];Azimuthal Angle Theta [deg];Rotor Torque [Nm];Azimuthal Angle Theta [deg];Rotor Torque [Nm];Azimuthal Angle Theta [deg];Rotor Torque [Nm];Azimuthal Angle Theta [deg];Rotor Torque [Nm];Azimuthal Angle Theta [deg];Rotor Torque [Nm];Azimuthal Angle Theta [deg];Rotor Torque [Nm];Azimuthal Angle Theta [deg];Rotor Torque [Nm];Azimuthal Angle Theta [deg];Rotor Torque [Nm];Azimuthal Angle Theta [deg];Rotor Torque [Nm];Azimuthal Angle Theta [deg];Rotor Torque [Nm];Azimuthal Angle Theta [deg];Rotor Torque [Nm];Azimuthal Angle Theta [deg];Rotor Torque [Nm];Azimuthal Angle Theta [deg];Rotor Torque [Nm];Azimuthal Angle Theta [deg];Rotor Torque [Nm];Azimuthal Angle Theta [deg];Rotor Torque [Nm];Azimuthal Angle Theta [deg];Rotor Torque [Nm];Azimuthal Angle Theta [deg];Rotor Torque [Nm];Azimuthal Angle Theta [deg];Rotor Torque [Nm];Azimuthal Angle Theta [deg];Rotor Torque [Nm];Azimuthal Angle Theta [deg];Rotor Torque [Nm];Azimuthal Angle Theta [deg];Rotor Torque [Nm];Azimuthal Angle Theta [deg];Rotor Torque [Nm];Azimuthal Angle Theta [deg];Rotor Torque [Nm];Azimuthal Angle Theta [deg];Rotor Torque [Nm];Azimuthal Angle Theta [deg];Rotor Torque [Nm];Azimuthal Angle Theta [deg];Rotor Torque [Nm];Azimuthal Angle Theta [deg];Rotor Torque [Nm];Azimuthal Angle Theta [deg];Rotor Torque [Nm];Azimuthal Angle Theta [deg];Rotor Torque [Nm];Azimuthal Angle Theta [deg];Rotor Torque [Nm];Azimuthal Angle Theta [deg];Rotor Torque [Nm];Azimuthal Angle Theta [deg];Rotor Torque [Nm];Azimuthal Angle Theta [deg];Rotor Torque [Nm];Azimuthal Angle Theta [deg];Rotor Torque [Nm];Azimuthal Angle Theta [deg];Rotor Torque [Nm];Azimuthal Angle Theta [deg];Rotor Torque [Nm];Azimuthal Angle Theta [deg];Rotor Torque [Nm];Azimuthal Angle Theta [deg];Rotor Torque [Nm];Azimuthal Angle Theta [deg];Rotor Torque [Nm];Azimuthal Angle Theta [deg];Rotor Torque [Nm];Azimuthal Angle Theta [deg];Rotor Torque [Nm];Azimuthal Angle Theta [deg];Rotor Torque [Nm];Azimuthal Angle Theta [deg];Rotor Torque [Nm];Azimuthal Angle Theta [deg];Rotor Torque [Nm];Azimuthal Angle Theta [deg];Rotor Torque [Nm];Azimuthal Angle Theta [deg];Rotor Torque [Nm];Azimuthal Angle Theta [deg];Rotor Torque [Nm];Azimuthal Angle Theta [deg];Rotor Torque [Nm];Azimuthal Angle Theta [deg];Rotor Torque [Nm];Azimuthal Angle Theta [deg];Rotor Torque [Nm];Azimuthal Angle Theta [deg];Rotor Torque [Nm];Azimuthal Angle Theta [deg];Rotor Torque [Nm];Azimuthal Angle Theta [deg];Rotor Torque [Nm];Azimuthal Angle Theta [deg];Rotor Torque [Nm];Azimuthal Angle Theta [deg];Rotor Torque [Nm];Azimuthal Angle Theta [deg];Rotor Torque [Nm];Azimuthal Angle Theta [deg];Rotor Torque [Nm];Azimuthal Angle Theta [deg];Rotor Torque [Nm];Azimuthal Angle Theta [deg];Rotor Torque [Nm];Azimuthal Angle Theta [deg];Rotor Torque [Nm];Azimuthal Angle Theta [deg];Rotor Torque [Nm];Azimuthal Angle Theta [deg];Rotor Torque [Nm];Azimuthal Angle Theta [deg];Rotor Torque [Nm];Azimuthal Angle Theta [deg];Rotor Torque [Nm];Azimuthal Angle Theta [deg];Rotor Torque [Nm];Azimuthal Angle Theta [deg];Rotor Torque [Nm];Azimuthal Angle Theta [deg];Rotor Torque [Nm];Azimuthal Angle Theta [deg];Rotor Torque [Nm];Azimuthal Angle Theta [deg];Rotor Torque [Nm];Azimuthal Angle Theta [deg];Rotor Torque [Nm];Azimuthal Angle Theta [deg];Rotor Torque [Nm];Azimuthal Angle Theta [deg];Rotor Torque [Nm];Azimuthal Angle Theta [deg];Rotor Torque [Nm];Azimuthal Angle Theta [deg];Rotor Torque [Nm];Azimuthal Angle Theta [deg];Rotor Torque [Nm];Azimuthal Angle Theta [deg];Rotor Torque [Nm];Azimuthal Angle Theta [deg];Rotor Torque [Nm];Azimuthal Angle Theta [deg];Rotor Torque [Nm];Azimuthal Angle Theta [deg];Rotor Torque [Nm];Azimuthal Angle Theta [deg];Rotor Torque [Nm];Azimuthal Angle Theta [deg];Rotor Torque [Nm];Azimuthal Angle Theta [deg];Rotor Torque [Nm];Azimuthal Angle Theta [deg];Rotor Torque [Nm];Azimuthal Angle Theta [deg];Rotor Torque [Nm];Azimuthal Angle Theta [deg];Rotor Torque [Nm];Azimuthal Angle Theta [deg];Rotor Torque [Nm];Azimuthal Angle Theta [deg];Rotor Torque [Nm];Azimuthal Angle Theta [deg];Rotor Torque [Nm];Azimuthal Angle Theta [deg];Rotor Torque [Nm];Azimuthal Angle Theta [deg];Rotor Torque [Nm];Azimuthal Angle Theta [deg];Rotor Torque [Nm];Azimuthal Angle Theta [deg];Rotor Torque [Nm];Azimuthal Angle Theta [deg];Rotor Torque [Nm];Azimuthal Angle Theta [deg];Rotor Torque [Nm];Azimuthal Angle Theta [deg];Rotor Torque [Nm];Azimuthal Angle Theta [deg];Rotor Torque [Nm];Azimuthal Angle Theta [deg];Rotor Torque [Nm];Azimuthal Angle Theta [deg];Rotor Torque [Nm];Azimuthal Angle Theta [deg];Rotor Torque [Nm];Azimuthal Angle Theta [deg];Rotor Torque [Nm];Azimuthal Angle Theta [deg];Rotor Torque [Nm];Azimuthal Angle Theta [deg];Rotor Torque [Nm];Azimuthal Angle Theta [deg];Rotor Torque [Nm];Azimuthal Angle Theta [deg];Rotor Torque [Nm];Azimuthal Angle Theta [deg];Rotor Torque [Nm];Azimuthal Angle Theta [deg];Rotor Torque [Nm];Azimuthal Angle Theta [deg];Rotor Torque [Nm];Azimuthal Angle Theta [deg];Rotor Torque [Nm];Azimuthal Angle Theta [deg];Rotor Torque [Nm];Azimuthal Angle Theta [deg];Rotor Torque [Nm];Azimuthal Angle Theta [deg];Rotor Torque [Nm];Azimuthal Angle Theta [deg];Rotor Torque [Nm];Azimuthal Angle Theta [deg];Rotor Torque [Nm];Azimuthal Angle Theta [deg];Rotor Torque [Nm];Azimuthal Angle Theta [deg];Rotor Torque [Nm];Azimuthal Angle Theta [deg];Rotor Torque [Nm];Azimuthal Angle Theta [deg];Rotor Torque [Nm];Azimuthal Angle Theta [deg];Rotor Torque [Nm];Azimuthal Angle Theta [deg];Rotor Torque [Nm];Azimuthal Angle Theta [deg];Rotor Torque [Nm];Azimuthal Angle Theta [deg];Rotor Torque [Nm];Azimuthal Angle Theta [deg];Rotor Torque [Nm];Azimuthal Angle Theta [deg];Rotor Torque [Nm];Azimuthal Angle Theta [deg];Rotor Torque [Nm];Azimuthal Angle Theta [deg];Rotor Torque [Nm];Azimuthal Angle Theta [deg];Rotor Torque [Nm];Azimuthal Angle Theta [deg];Rotor Torque [Nm];Azimuthal Angle Theta [deg];Rotor Torque [Nm];Azimuthal Angle Theta [deg];Rotor Torque [Nm];Azimuthal Angle Theta [deg];Rotor Torque [Nm];Azimuthal Angle Theta [deg];Rotor Torque [Nm];Azimuthal Angle Theta [deg];Rotor Torque [Nm];Azimuthal Angle Theta [deg];Rotor Torque [Nm];Azimuthal Angle Theta [deg];Rotor Torque [Nm];Azimuthal Angle Theta [deg];Rotor Torque [Nm];Azimuthal Angle Theta [deg];Rotor Torque [Nm];Azimuthal Angle Theta [deg];Rotor Torque [Nm];Azimuthal Angle Theta [deg];Rotor Torque [Nm];Azimuthal Angle Theta [deg];Rotor Torque [Nm];Azimuthal Angle Theta [deg];Rotor Torque [Nm];Azimuthal Angle Theta [deg];Rotor Torque [Nm];Azimuthal Angle Theta [deg];Rotor Torque [Nm];Azimuthal Angle Theta [deg];Rotor Torque [Nm];Azimuthal Angle Theta [deg];Rotor Torque [Nm];Azimuthal Angle Theta [deg];Rotor Torque [Nm];Azimuthal Angle Theta [deg];Rotor Torque [Nm];Azimuthal Angle Theta [deg];Rotor Torque [Nm];Azimuthal Angle Theta [deg];Rotor Torque [Nm];Azimuthal Angle Theta [deg];Rotor Torque [Nm];Azimuthal Angle Theta [deg];Rotor Torque [Nm];Azimuthal Angle Theta [deg];Rotor Torque [Nm];Azimuthal Angle Theta [deg];Rotor Torque [Nm];Azimuthal Angle Theta [deg];Rotor Torque [Nm];Azimuthal Angle Theta [deg];Rotor Torque [Nm];Azimuthal Angle Theta [deg];Rotor Torque [Nm];Azimuthal Angle Theta [deg];Rotor Torque [Nm];Azimuthal Angle Theta [deg];Rotor Torque [Nm];Azimuthal Angle Theta [deg];Rotor Torque [Nm];Azimuthal Angle Theta [deg];Rotor Torque [Nm];Azimuthal Angle Theta [deg];Rotor Torque [Nm];Azimuthal Angle Theta [deg];Rotor Torque [Nm];Azimuthal Angle Theta [deg];Rotor Torque [Nm];Azimuthal Angle Theta [deg];Rotor Torque [Nm];Azimuthal Angle Theta [deg];Rotor Torque [Nm];Azimuthal Angle Theta [deg];Rotor Torque [Nm];Azimuthal Angle Theta [deg];Rotor Torque [Nm];Azimuthal Angle Theta [deg];Rotor Torque [Nm];Azimuthal Angle Theta [deg];Rotor Torque [Nm];Azimuthal Angle Theta [deg];Rotor Torque [Nm];Azimuthal Angle Theta [deg];Rotor Torque [Nm];Azimuthal Angle Theta [deg];Rotor Torque [Nm];Azimuthal Angle Theta [deg];Rotor Torque [Nm];Azimuthal Angle Theta [deg];Rotor Torque [Nm];Azimuthal Angle Theta [deg];Rotor Torque [Nm];Azimuthal Angle Theta [deg];Rotor Torque [Nm];Azimuthal Angle Theta [deg];Rotor Torque [Nm];Azimuthal Angle Theta [deg];Rotor Torque [Nm];Azimuthal Angle Theta [deg];Rotor Torque [Nm];Azimuthal Angle Theta [deg];Rotor Torque [Nm];Azimuthal Angle Theta [deg];Rotor Torque [Nm];Azimuthal Angle Theta [deg];Rotor Torque [Nm];Azimuthal Angle Theta [deg];Rotor Torque [Nm];Azimuthal Angle Theta [deg];Rotor Torque [Nm];Azimuthal Angle Theta [deg];Rotor Torque [Nm];Azimuthal Angle Theta [deg];Rotor Torque [Nm];Azimuthal Angle Theta [deg];Rotor Torque [Nm];Azimuthal Angle Theta [deg];Rotor Torque [Nm];Azimuthal Angle Theta [deg];Rotor Torque [Nm];Azimuthal Angle Theta [deg];Rotor Torque [Nm];Azimuthal Angle Theta [deg];Rotor Torque [Nm];Azimuthal Angle Theta [deg];Rotor Torque [Nm];Azimuthal Angle Theta [deg];Rotor Torque [Nm];Azimuthal Angle Theta [deg];Rotor Torque [Nm];Azimuthal Angle Theta [deg];Rotor Torque [Nm];Azimuthal Angle Theta [deg];Rotor Torque [Nm];Azimuthal Angle Theta [deg];Rotor Torque [Nm];Azimuthal Angle Theta [deg];Rotor Torque [Nm];Azimuthal Angle Theta [deg];Rotor Torque [Nm];Azimuthal Angle Theta [deg];Rotor Torque [Nm];Azimuthal Angle Theta [deg];Rotor Torque [Nm];Azimuthal Angle Theta [deg];Rotor Torque [Nm];Azimuthal Angle Theta [deg];Rotor Torque [Nm];Azimuthal Angle Theta [deg];Rotor Torque [Nm];Azimuthal Angle Theta [deg];Rotor Torque [Nm];Azimuthal Angle Theta [deg];Rotor Torque [Nm];Azimuthal Angle Theta [deg];Rotor Torque [Nm];Azimuthal Angle Theta [deg];Rotor Torque [Nm];Azimuthal Angle Theta [deg];Rotor Torque [Nm];Azimuthal Angle Theta [deg];Rotor Torque [Nm];Azimuthal Angle Theta [deg];Rotor Torque [Nm];Azimuthal Angle Theta [deg];Rotor Torque [Nm];Azimuthal Angle Theta [deg];Rotor Torque [Nm];Azimuthal Angle Theta [deg];Rotor Torque [Nm];Azimuthal Angle Theta [deg];Rotor Torque [Nm];Azimuthal Angle Theta [deg];Rotor Torque [Nm];Azimuthal Angle Theta [deg];Rotor Torque [Nm];Azimuthal Angle Theta [deg];Rotor Torque [Nm];Azimuthal Angle Theta [deg];Rotor Torque [Nm];Azimuthal Angle Theta [deg];Rotor Torque [Nm];Azimuthal Angle Theta [deg];Rotor Torque [Nm];Azimuthal Angle Theta [deg];Rotor Torque [Nm];Azimuthal Angle Theta [deg];Rotor Torque [Nm];Azimuthal Angle Theta [deg];Rotor Torque [Nm];Azimuthal Angle Theta [deg];Rotor Torque [Nm];Azimuthal Angle Theta [deg];Rotor Torque [Nm];Azimuthal Angle Theta [deg];Rotor Torque [Nm];Azimuthal Angle Theta [deg];Rotor Torque [Nm];Azimuthal Angle Theta [deg];Rotor Torque [Nm];Azimuthal Angle Theta [deg];Rotor Torque [Nm];Azimuthal Angle Theta [deg];Rotor Torque [Nm];Azimuthal Angle Theta [deg];Rotor Torque [Nm];Azimuthal Angle Theta [deg];Rotor Torque [Nm];Azimuthal Angle Theta [deg];Rotor Torque [Nm];Azimuthal Angle Theta [deg];Rotor Torque [Nm];Azimuthal Angle Theta [deg];Rotor Torque [Nm];Azimuthal Angle Theta [deg];Rotor Torque [Nm];Azimuthal Angle Theta [deg];Rotor Torque [Nm];Azimuthal Angle Theta [deg];Rotor Torque [Nm];Azimuthal Angle Theta [deg];Rotor Torque [Nm];Azimuthal Angle Theta [deg];Rotor Torque [Nm];Azimuthal Angle Theta [deg];Rotor Torque [Nm];Azimuthal Angle Theta [deg];Rotor Torque [Nm];Azimuthal Angle Theta [deg];Rotor Torque [Nm];Azimuthal Angle Theta [deg];Rotor Torque [Nm];Azimuthal Angle Theta [deg];Rotor Torque [Nm];Azimuthal Angle Theta [deg];Rotor Torque [Nm];Azimuthal Angle Theta [deg];Rotor Torque [Nm];Azimuthal Angle Theta [deg];Rotor Torque [Nm];Azimuthal Angle Theta [deg];Rotor Torque [Nm];Azimuthal Angle Theta [deg];Rotor Torque [Nm];Azimuthal Angle Theta [deg];Rotor Torque [Nm];Azimuthal Angle Theta [deg];Rotor Torque [Nm];Azimuthal Angle Theta [deg];Rotor Torque [Nm];Azimuthal Angle Theta [deg];Rotor Torque [Nm];Azimuthal Angle Theta [deg];Rotor Torque [Nm];Azimuthal Angle Theta [deg];Rotor Torque [Nm];Azimuthal Angle Theta [deg];Rotor Torque [Nm];Azimuthal Angle Theta [deg];Rotor Torque [Nm];Azimuthal Angle Theta [deg];Rotor Torque [Nm];Azimuthal Angle Theta [deg];Rotor Torque [Nm];Azimuthal Angle Theta [deg];Rotor Torque [Nm];Azimuthal Angle Theta [deg];Rotor Torque [Nm];Azimuthal Angle Theta [deg];Rotor Torque [Nm];Azimuthal Angle Theta [deg];Rotor Torque [Nm];Azimuthal Angle Theta [deg];Rotor Torque [Nm];Azimuthal Angle Theta [deg];Rotor Torque [Nm];Azimuthal Angle Theta [deg];Rotor Torque [Nm];Azimuthal Angle Theta [deg];Rotor Torque [Nm];Azimuthal Angle Theta [deg];Rotor Torque [Nm];Azimuthal Angle Theta [deg];Rotor Torque [Nm];Azimuthal Angle Theta [deg];Rotor Torque [Nm];Azimuthal Angle Theta [deg];Rotor Torque [Nm];Azimuthal Angle Theta [deg];Rotor Torque [Nm];Azimuthal Angle Theta [deg];Rotor Torque [Nm];Azimuthal Angle Theta [deg];Rotor Torque [Nm];Azimuthal Angle Theta [deg];Rotor Torque [Nm];Azimuthal Angle Theta [deg];Rotor Torque [Nm];Azimuthal Angle Theta [deg];Rotor Torque [Nm];Azimuthal Angle Theta [deg];Rotor Torque [Nm];Azimuthal Angle Theta [deg];Rotor Torque [Nm];Azimuthal Angle Theta [deg];Rotor Torque [Nm];Azimuthal Angle Theta [deg];Rotor Torque [Nm];Azimuthal Angle Theta [deg];Rotor Torque [Nm];Azimuthal Angle Theta [deg];Rotor Torque [Nm];Azimuthal Angle Theta [deg];Rotor Torque [Nm];Azimuthal Angle Theta [deg];Rotor Torque [Nm];Azimuthal Angle Theta [deg];Rotor Torque [Nm];Azimuthal Angle Theta [deg];Rotor Torque [Nm];Azimuthal Angle Theta [deg];Rotor Torque [Nm];Azimuthal Angle Theta [deg];Rotor Torque [Nm];Azimuthal Angle Theta [deg];Rotor Torque [Nm];Azimuthal Angle Theta [deg];Rotor Torque [Nm];Azimuthal Angle Theta [deg];Rotor Torque [Nm];Azimuthal Angle Theta [deg];Rotor Torque [Nm];Azimuthal Angle Theta [deg];Rotor Torque [Nm];Azimuthal Angle Theta [deg];Rotor Torque [Nm];Azimuthal Angle Theta [deg];Rotor Torque [Nm];Azimuthal Angle Theta [deg];Rotor Torque [Nm];Azimuthal Angle Theta [deg];Rotor Torque [Nm];Azimuthal Angle Theta [deg];Rotor Torque [Nm];Azimuthal Angle Theta [deg];Rotor Torque [Nm];Azimuthal Angle Theta [deg];Rotor Torque [Nm];Azimuthal Angle Theta [deg];Rotor Torque [Nm];Azimuthal Angle Theta [deg];Rotor Torque [Nm];Azimuthal Angle Theta [deg];Rotor Torque [Nm];Azimuthal Angle Theta [deg];Rotor Torque [Nm];Azimuthal Angle Theta [deg];Rotor Torque [Nm];Azimuthal Angle Theta [deg];Rotor Torque [Nm];Azimuthal Angle Theta [deg];Rotor Torque [Nm];Azimuthal Angle Theta [deg];Rotor Torque [Nm];Azimuthal Angle Theta [deg];Rotor Torque [Nm];Azimuthal Angle Theta [deg];Rotor Torque [Nm];Azimuthal Angle Theta [deg];Rotor Torque [Nm];Azimuthal Angle Theta [deg];Rotor Torque [Nm];Azimuthal Angle Theta [deg];Rotor Torque [Nm];Azimuthal Angle Theta [deg];Rotor Torque [Nm];Azimuthal Angle Theta [deg];Rotor Torque [Nm];Azimuthal Angle Theta [deg];Rotor Torque [Nm];Azimuthal Angle Theta [deg];Rotor Torque [Nm];Azimuthal Angle Theta [deg];Rotor Torque [Nm];Azimuthal Angle Theta [deg];Rotor Torque [Nm];Azimuthal Angle Theta [deg];Rotor Torque [Nm];Azimuthal Angle Theta [deg];Rotor Torque [Nm];Azimuthal Angle Theta [deg];Rotor Torque [Nm];Azimuthal Angle Theta [deg];Rotor Torque [Nm];Azimuthal Angle Theta [deg];Rotor Torque [Nm];Azimuthal Angle Theta [deg];Rotor Torque [Nm];Azimuthal Angle Theta [deg];Rotor Torque [Nm];Azimuthal Angle Theta [deg];Rotor Torque [Nm];Azimuthal Angle Theta [deg];Rotor Torque [Nm];Azimuthal Angle Theta [deg];Rotor Torque [Nm];Azimuthal Angle Theta [deg];Rotor Torque [Nm];Azimuthal Angle Theta [deg];Rotor Torque [Nm];Azimuthal Angle Theta [deg];Rotor Torque [Nm];Azimuthal Angle Theta [deg];Rotor Torque [Nm];Azimuthal Angle Theta [deg];Rotor Torque [Nm];Azimuthal Angle Theta [deg];Rotor Torque [Nm];Azimuthal Angle Theta [deg];Rotor Torque [Nm];Azimuthal Angle Theta [deg];Rotor Torque [Nm];Azimuthal Angle Theta [deg];Rotor Torque [Nm];Azimuthal Angle Theta [deg];Rotor Torque [Nm];Azimuthal Angle Theta [deg];Rotor Torque [Nm];Azimuthal Angle Theta [deg];Rotor Torque [Nm];Azimuthal Angle Theta [deg];Rotor Torque [Nm];Azimuthal Angle Theta [deg];Rotor Torque [Nm];Azimuthal Angle Theta [deg];Rotor Torque [Nm];Azimuthal Angle Theta [deg];Rotor Torque [Nm];Azimuthal Angle Theta [deg];Rotor Torque [Nm];Azimuthal Angle Theta [deg];Rotor Torque [Nm];Azimuthal Angle Theta [deg];Rotor Torque [Nm];Azimuthal Angle Theta [deg];Rotor Torque [Nm];Azimuthal Angle Theta [deg];Rotor Torque [Nm];Azimuthal Angle Theta [deg];Rotor Torque [Nm];Azimuthal Angle Theta [deg];Rotor Torque [Nm];Azimuthal Angle Theta [deg];Rotor Torque [Nm];Azimuthal Angle Theta [deg];Rotor Torque [Nm];Azimuthal Angle Theta [deg];Rotor Torque [Nm];Azimuthal Angle Theta [deg];Rotor Torque [Nm];Azimuthal Angle Theta [deg];Rotor Torque [Nm];Azimuthal Angle Theta [deg];Rotor Torque [Nm];Azimuthal Angle Theta [deg];Rotor Torque [Nm];Azimuthal Angle Theta [deg];Rotor Torque [Nm];Azimuthal Angle Theta [deg];Rotor Torque [Nm];Azimuthal Angle Theta [deg];Rotor Torque [Nm];Azimuthal Angle Theta [deg];Rotor Torque [Nm];Azimuthal Angle Theta [deg];Rotor Torque [Nm];Azimuthal Angle Theta [deg];Rotor Torque [Nm];Azimuthal Angle Theta [deg];Rotor Torque [Nm];Azimuthal Angle Theta [deg];Rotor Torque [Nm];Azimuthal Angle Theta [deg];Rotor Torque [Nm];Azimuthal Angle Theta [deg];Rotor Torque [Nm];Azimuthal Angle Theta [deg];Rotor Torque [Nm];Azimuthal Angle Theta [deg];Rotor Torque [Nm];Azimuthal Angle Theta [deg];Rotor Torque [Nm];Azimuthal Angle Theta [deg];Rotor Torque [Nm];Azimuthal Angle Theta [deg];Rotor Torque [Nm];Azimuthal Angle Theta [deg];Rotor Torque [Nm];Azimuthal Angle Theta [deg];Rotor Torque [Nm];Azimuthal Angle Theta [deg];Rotor Torque [Nm];Azimuthal Angle Theta [deg];Rotor Torque [Nm];Azimuthal Angle Theta [deg];Rotor Torque [Nm];Azimuthal Angle Theta [deg];Rotor Torque [Nm];Azimuthal Angle Theta [deg];Rotor Torque [Nm];Azimuthal Angle Theta [deg];Rotor Torque [Nm];Azimuthal Angle Theta [deg];Rotor Torque [Nm];Azimuthal Angle Theta [deg];Rotor Torque [Nm];Azimuthal Angle Theta [deg];Rotor Torque [Nm];Azimuthal Angle Theta [deg];Rotor Torque [Nm];Azimuthal Angle Theta [deg];Rotor Torque [Nm];Azimuthal Angle Theta [deg];Rotor Torque [Nm];Azimuthal Angle Theta [deg];Rotor Torque [Nm];Azimuthal Angle Theta [deg];Rotor Torque [Nm];Azimuthal Angle Theta [deg];Rotor Torque [Nm];Azimuthal Angle Theta [deg];Rotor Torque [Nm];Azimuthal Angle Theta [deg];Rotor Torque [Nm];Azimuthal Angle Theta [deg];Rotor Torque [Nm];Azimuthal Angle Theta [deg];Rotor Torque [Nm];Azimuthal Angle Theta [deg];Rotor Torque [Nm];Azimuthal Angle Theta [deg];Rotor Torque [Nm];Azimuthal Angle Theta [deg];Rotor Torque [Nm];Azimuthal Angle Theta [deg];Rotor Torque [Nm];Azimuthal Angle Theta [deg];Rotor Torque [Nm];Azimuthal Angle Theta [deg];Rotor Torque [Nm];Azimuthal Angle Theta [deg];Rotor Torque [Nm];Azimuthal Angle Theta [deg];Rotor Torque [Nm];Azimuthal Angle Theta [deg];Rotor Torque [Nm];Azimuthal Angle Theta [deg];Rotor Torque [Nm];Azimuthal Angle Theta [deg];Rotor Torque [Nm];Azimuthal Angle Theta [deg];Rotor Torque [Nm];Azimuthal Angle Theta [deg];Rotor Torque [Nm];Azimuthal Angle Theta [deg];Rotor Torque [Nm];Azimuthal Angle Theta [deg];Rotor Torque [Nm];Azimuthal Angle Theta [deg];Rotor Torque [Nm];Azimuthal Angle Theta [deg];Rotor Torque [Nm];Azimuthal Angle Theta [deg];Rotor Torque [Nm];Azimuthal Angle Theta [deg];Rotor Torque [Nm];Azimuthal Angle Theta [deg];Rotor Torque [Nm];Azimuthal Angle Theta [deg];Rotor Torque [Nm];Azimuthal Angle Theta [deg];Rotor Torque [Nm];Azimuthal Angle Theta [deg];Rotor Torque [Nm];Azimuthal Angle Theta [deg];Rotor Torque [Nm];Azimuthal Angle Theta [deg];Rotor Torque [Nm];Azimuthal Angle Theta [deg];Rotor Torque [Nm];Azimuthal Angle Theta [deg];Rotor Torque [Nm];Azimuthal Angle Theta [deg];Rotor Torque [Nm];Azimuthal Angle Theta [deg];Rotor Torque [Nm];Azimuthal Angle Theta [deg];Rotor Torque [Nm];Azimuthal Angle Theta [deg];Rotor Torque [Nm];Azimuthal Angle Theta [deg];Rotor Torque [Nm];Azimuthal Angle Theta [deg];Rotor Torque [Nm];Azimuthal Angle Theta [deg];Rotor Torque [Nm];Azimuthal Angle Theta [deg];Rotor Torque [Nm];Azimuthal Angle Theta [deg];Rotor Torque [Nm];Azimuthal Angle Theta [deg];Rotor Torque [Nm];Azimuthal Angle Theta [deg];Rotor Torque [Nm];Azimuthal Angle Theta [deg];Rotor Torque [Nm];Azimuthal Angle Theta [deg];Rotor Torque [Nm];Azimuthal Angle Theta [deg];Rotor Torque [Nm];Azimuthal Angle Theta [deg];Rotor Torque [Nm];Azimuthal Angle Theta [deg];Rotor Torque [Nm];Azimuthal Angle Theta [deg];Rotor Torque [Nm];Azimuthal Angle Theta [deg];Rotor Torque [Nm];Azimuthal Angle Theta [deg];Rotor Torque [Nm];Azimuthal Angle Theta [deg];Rotor Torque [Nm];Azimuthal Angle Theta [deg];Rotor Torque [Nm];Azimuthal Angle Theta [deg];Rotor Torque [Nm];Azimuthal Angle Theta [deg];Rotor Torque [Nm];Azimuthal Angle Theta [deg];Rotor Torque [Nm];Azimuthal Angle Theta [deg];Rotor Torque [Nm];Azimuthal Angle Theta [deg];Rotor Torque [Nm];Azimuthal Angle Theta [deg];Rotor Torque [Nm];Azimuthal Angle Theta [deg];Rotor Torque [Nm];Azimuthal Angle Theta [deg];Rotor Torque [Nm];Azimuthal Angle Theta [deg];Rotor Torque [Nm];Azimuthal Angle Theta [deg];Rotor Torque [Nm];Azimuthal Angle Theta [deg];Rotor Torque [Nm];Azimuthal Angle Theta [deg];Rotor Torque [Nm];Azimuthal Angle Theta [deg];Rotor Torque [Nm];Azimuthal Angle Theta [deg];Rotor Torque [Nm];Azimuthal Angle Theta [deg];Rotor Torque [Nm];Azimuthal Angle Theta [deg];Rotor Torque [Nm];Azimuthal Angle Theta [deg];Rotor Torque [Nm];Azimuthal Angle Theta [deg];Rotor Torque [Nm];Azimuthal Angle Theta [deg];Rotor Torque [Nm];Azimuthal Angle Theta [deg];Rotor Torque [Nm];Azimuthal Angle Theta [deg];Rotor Torque [Nm];Azimuthal Angle Theta [deg];Rotor Torque [Nm];Azimuthal Angle Theta [deg];Rotor Torque [Nm];Azimuthal Angle Theta [deg];Rotor Torque [Nm];Azimuthal Angle Theta [deg];Rotor Torque [Nm];Azimuthal Angle Theta [deg];Rotor Torque [Nm];Azimuthal Angle Theta [deg];Rotor Torque [Nm];Azimuthal Angle Theta [deg];Rotor Torque [Nm];Azimuthal Angle Theta [deg];Rotor Torque [Nm];Azimuthal Angle Theta [deg];Rotor Torque [Nm];Azimuthal Angle Theta [deg];Rotor Torque [Nm];Azimuthal Angle Theta [deg];Rotor Torque [Nm];Azimuthal Angle Theta [deg];Rotor Torque [Nm];Azimuthal Angle Theta [deg];Rotor Torque [Nm];Azimuthal Angle Theta [deg];Rotor Torque [Nm];Azimuthal Angle Theta [deg];Rotor Torque [Nm];Azimuthal Angle Theta [deg];Rotor Torque [Nm];Azimuthal Angle Theta [deg];Rotor Torque [Nm];Azimuthal Angle Theta [deg];Rotor Torque [Nm];Azimuthal Angle Theta [deg];Rotor Torque [Nm];Azimuthal Angle Theta [deg];Rotor Torque [Nm];Azimuthal Angle Theta [deg];Rotor Torque [Nm];Azimuthal Angle Theta [deg];Rotor Torque [Nm];Azimuthal Angle Theta [deg];Rotor Torque [Nm];Azimuthal Angle Theta [deg];Rotor Torque [Nm];Azimuthal Angle Theta [deg];Rotor Torque [Nm];Azimuthal Angle Theta [deg];Rotor Torque [Nm];Azimuthal Angle Theta [deg];Rotor Torque [Nm];Azimuthal Angle Theta [deg];Rotor Torque [Nm];Azimuthal Angle Theta [deg];Rotor Torque [Nm];Azimuthal Angle Theta [deg];Rotor Torque [Nm];Azimuthal Angle Theta [deg];Rotor Torque [Nm];Azimuthal Angle Theta [deg];Rotor Torque [Nm];Azimuthal Angle Theta [deg];Rotor Torque [Nm];Azimuthal Angle Theta [deg];Rotor Torque [Nm];Azimuthal Angle Theta [deg];Rotor Torque [Nm];Azimuthal Angle Theta [deg];Rotor Torque [Nm]
2.5000000e+00;-6.1562955e-02;2.5000000e+00;-5.8699112e-02;2.5000000e+00;-3.3566643e-02;2.5000000e+00;1.2628025e-02;2.5000000e+00;7.6633051e-02;2.5000000e+00;1.5538558e-01;2.5000000e+00;1.9883586e-01;2.5000000e+00;2.0710331e-01;2.5000000e+00;2.0101240e-01;2.5000000e+00;2.2736043e-01;2.5000000e+00;1.8838237e-01;2.5000000e+00;1.3208841e-01;2.5000000e+00;7.8796759e-02;2.5000000e+00;3.3164963e-02;2.5000000e+00;-1.1815734e-02;2.5000000e+00;-5.8880113e-02;2.5000000e+00;-1.0057604e-01;2.5000000e+00;-1.4437062e-01;2.5000000e+00;-6.1562955e-02;2.5000000e+00;-5.8699112e-02;2.5000000e+00;-3.3566643e-02;2.5000000e+00;1.2628025e-02;2.5000000e+00;7.6633051e-02;2.5000000e+00;1.5538558e-01;2.5000000e+00;1.9883586e-01;2.5000000e+00;2.0710331e-01;2.5000000e+00;2.0101240e-01;2.5000000e+00;2.2736043e-01;2.5000000e+00;1.8838237e-01;2.5000000e+00;1.3208841e-01;2.5000000e+00;7.8796759e-02;2.5000000e+00;3.3164963e-02;2.5000000e+00;-1.1815734e-02;2.5000000e+00;-5.8880113e-02;2.5000000e+00;-1.0057604e-01;2.5000000e+00;-1.4437062e-01;2.5000000e+00;-6.1562955e-02;2.5000000e+00;-5.8699112e-02;2.5000000e+00;-3.3566643e-02;2.5000000e+00;1.2628025e-02;2.5000000e+00;7.6633051e-02;2.5000000e+00;1.5538558e-01;2.5000000e+00;1.9883586e-01;2.5000000e+00;2.0710331e-01;2.5000000e+00;2.0101240e-01;2.5000000e+00;2.2736043e-01;2.5000000e+00;1.8838237e-01;2.5000000e+00;1.3208841e-01;2.5000000e+00;7.8796759e-02;2.5000000e+00;3.3164963e-02;2.5000000e+00;-1.1815734e-02;2.5000000e+00;-5.8880113e-02;2.5000000e+00;-1.0057604e-01;2.5000000e+00;-1.4437062e-01;2.5000000e+00;-6.1562955e-02;2.5000000e+00;-5.8699112e-02;2.5000000e+00;-3.3566643e-02;2.5000000e+00;1.2628025e-02;2.5000000e+00;7.6633051e-02;2.5000000e+00;1.5538558e-01;2.5000000e+00;1.9883586e-01;2.5000000e+00;2.0710331e-01;2.5000000e+00;2.0101240e-01;2.5000000e+00;2.2736043e-01;2.5000000e+00;1.8838237e-01;2.5000000e+00;1.3208841e-01;2.5000000e+00;7.8796759e-02;2.5000000e+00;3.3164963e-02;2.5000000e+00;-1.1815734e-02;2.5000000e+00;-5.8880113e-02;2.5000000e+00;-1.0057604e-01;2.5000000e+00;-1.4437062e-01;2.5000000e+00;-6.1562955e-02;2.5000000e+00;-5.8699112e-02;2.5000000e+00;-3.3566643e-02;2.5000000e+00;1.2628025e-02;2.5000000e+00;7.6633051e-02;2.5000000e+00;1.5538558e-01;2.5000000e+00;1.9883586e-01;2.5000000e+00;2.0710331e-01;2.5000000e+00;2.0101240e-01;2.5000000e+00;2.2736043e-01;2.5000000e+00;1.8838237e-01;2.5000000e+00;1.3208841e-01;2.5000000e+00;7.8796759e-02;2.5000000e+00;3.3164963e-02;2.5000000e+00;-1.1815734e-02;2.5000000e+00;-5.8880113e-02;2.5000000e+00;-1.0057604e-01;2.5000000e+00;-1.4437062e-01;2.5000000e+00;-6.1562955e-02;2.5000000e+00;-5.8699112e-02;2.5000000e+00;-3.3566643e-02;2.5000000e+00;1.2628025e-02;2.5000000e+00;7.6633051e-02;2.5000000e+00;1.5538558e-01;2.5000000e+00;1.9883586e-01;2.5000000e+00;2.0710331e-01;2.5000000e+00;2.0101240e-01;2.5000000e+00;2.2736043e-01;2.5000000e+00;1.8838237e-01;2.5000000e+00;1.3208841e-01;2.5000000e+00;7.8796759e-02;2.5000000e+00;3.3164963e-02;2.5000000e+00;-1.1815734e-02;2.5000000e+00;-5.8880113e-02;2.5000000e+00;-1.0057604e-01;2.5000000e+00;-1.4437062e-01;2.5000000e+00;-6.1562955e-02;2.5000000e+00;-5.8699112e-02;2.5000000e+00;-3.3566643e-02;2.5000000e+00;1.2628025e-02;2.5000000e+00;7.6633051e-02;2.5000000e+00;1.5538558e-01;2.5000000e+00;1.9883586e-01;2.5000000e+00;2.0710331e-01;2.5000000e+00;2.0101240e-01;2.5000000e+00;2.2736043e-01;2.5000000e+00;1.8838237e-01;2.5000000e+00;1.3208841e-01;2.5000000e+00;7.8796759e-02;2.5000000e+00;3.3164963e-02;2.5000000e+00;-1.1815734e-02;2.5000000e+00;-5.8880113e-02;2.5000000e+00;-1.0057604e-01;2.5000000e+00;-1.4437062e-01;2.5000000e+00;-6.1562955e-02;2.5000000e+00;-5.8699112e-02;2.5000000e+00;-3.3566643e-02;2.5000000e+00;1.2628025e-02;2.5000000e+00;7.6633051e-02;2.5000000e+00;1.5538558e-01;2.5000000e+00;1.9883586e-01;2.5000000e+00;2.0710331e-01;2.5000000e+00;2.0101240e-01;2.5000000e+00;2.2736043e-01;2.5000000e+00;1.8838237e-01;2.5000000e+00;1.3208841e-01;2.5000000e+00;7.8796759e-02;2.5000000e+00;3.3164963e-02;2.5000000e+00;-1.1815734e-02;2.5000000e+00;-5.8880113e-02;2.5000000e+00;-1.0057604e-01;2.5000000e+00;-1.4437062e-01;2.5000000e+00;-6.1562955e-02;2.5000000e+00;-5.8699112e-02;2.5000000e+00;-3.3566643e-02;2.5000000e+00;1.2628025e-02;2.5000000e+00;7.6633051e-02;2.5000000e+00;1.5538558e-01;2.5000000e+00;1.9883586e-01;2.5000000e+00;2.0710331e-01;2.5000000e+00;2.0101240e-01;2.5000000e+00;2.2736043e-01;2.5000000e+00;1.8838237e-01;2.5000000e+00;1.3208841e-01;2.5000000e+00;7.8796759e-02;2.5000000e+00;3.3164963e-02;2.5000000e+00;-1.1815734e-02;2.5000000e+00;-5.8880113e-02;2.5000000e+00;-1.0057604e-01;2.5000000e+00;-1.4437062e-01;2.5000000e+00;-6.1562955e-02;2.5000000e+00;-5.8699112e-02;2.5000000e+00;-3.3566643e-02;2.5000000e+00;1.2628025e-02;2.5000000e+00;7.6633051e-02;2.5000000e+00;1.5538558e-01;2.5000000e+00;1.9883586e-01;2.5000000e+00;2.0710331e-01;2.5000000e+00;2.0101240e-01;2.5000000e+00;2.2736043e-01;2.5000000e+00;1.8838237e-01;2.5000000e+00;1.3208841e-01;2.5000000e+00;7.8796759e-02;2.5000000e+00;3.3164963e-02;2.5000000e+00;-1.1815734e-02;2.5000000e+00;-5.8880113e-02;2.5000000e+00;-1.0057604e-01;2.5000000e+00;-1.4437062e-01;2.5000000e+00;-6.1562955e-02;2.5000000e+00;-5.8699112e-02;2.5000000e+00;-3.3566643e-02;2.5000000e+00;1.2628025e-02;2.5000000e+00;7.6633051e-02;2.5000000e+00;1.5538558e-01;2.5000000e+00;1.9883586e-01;2.5000000e+00;2.0710331e-01;2.5000000e+00;2.0101240e-01;2.5000000e+00;2.2736043e-01;2.5000000e+00;1.8838237e-01;2.5000000e+00;1.3208841e-01;2.5000000e+00;7.8796759e-02;2.5000000e+00;3.3164963e-02;2.5000000e+00;-1.1815734e-02;2.5000000e+00;-5.8880113e-02;2.5000000e+00;-1.0057604e-01;2.5000000e+00;-1.4437062e-01;2.5000000e+00;-6.1562955e-02;2.5000000e+00;-5.8699112e-02;2.5000000e+00;-3.3566643e-02;2.5000000e+00;1.2628025e-02;2.5000000e+00;7.6633051e-02;2.5000000e+00;1.5538558e-01;2.5000000e+00;1.9883586e-01;2.5000000e+00;2.0710331e-01;2.5000000e+00;2.0101240e-01;2.5000000e+00;2.2736043e-01;2.5000000e+00;1.8838237e-01;2.5000000e+00;1.3208841e-01;2.5000000e+00;7.8796759e-02;2.5000000e+00;3.3164963e-02;2.5000000e+00;-1.1815734e-02;2.5000000e+00;-5.8880113e-02;2.5000000e+00;-1.0057604e-01;2.5000000e+00;-1.4437062e-01;2.5000000e+00;-6.1562955e-02;2.5000000e+00;-5.8699112e-02;2.5000000e+00;-3.3566643e-02;2.5000000e+00;1.2628025e-02;2.5000000e+00;7.6633051e-02;2.5000000e+00;1.5538558e-01;2.5000000e+00;1.9883586e-01;2.5000000e+00;2.0710331e-01;2.5000000e+00;2.0101240e-01;2.5000000e+00;2.2736043e-01;2.5000000e+00;1.8838237e-01;2.5000000e+00;1.3208841e-01;2.5000000e+00;7.8796759e-02;2.5000000e+00;3.3164963e-02;2.5000000e+00;-1.1815734e-02;2.5000000e+00;-5.8880113e-02;2.5000000e+00;-1.0057604e-01;2.5000000e+00;-1.4437062e-01;2.5000000e+00;-6.1562955e-02;2.5000000e+00;-5.8699112e-02;2.5000000e+00;-3.3566643e-02;2.5000000e+00;1.2628025e-02;2.5000000e+00;7.6633051e-02;2.5000000e+00;1.5538558e-01;2.5000000e+00;1.9883586e-01;2.5000000e+00;2.0710331e-01;2.5000000e+00;2.0101240e-01;2.5000000e+00;2.2736043e-01;2.5000000e+00;1.8838237e-01;2.5000000e+00;1.3208841e-01;2.5000000e+00;7.8796759e-02;2.5000000e+00;3.3164963e-02;2.5000000e+00;-1.1815734e-02;2.5000000e+00;-5.8880113e-02;2.5000000e+00;-1.0057604e-01;2.5000000e+00;-1.4437062e-01;2.5000000e+00;-6.1562955e-02;2.5000000e+00;-5.8699112e-02;2.5000000e+00;-3.3566643e-02;2.5000000e+00;1.2628025e-02;2.5000000e+00;7.6633051e-02;2.5000000e+00;1.5538558e-01;2.5000000e+00;1.9883586e-01;2.5000000e+00;2.0710331e-01;2.5000000e+00;2.0101240e-01;2.5000000e+00;2.2736043e-01;2.5000000e+00;1.8838237e-01;2.5000000e+00;1.3208841e-01;2.5000000e+00;7.8796759e-02;2.5000000e+00;3.3164963e-02;2.5000000e+00;-1.1815734e-02;2.5000000e+00;-5.8880113e-02;2.5000000e+00;-1.0057604e-01;2.5000000e+00;-1.4437062e-01;2.5000000e+00;-6.1562955e-02;2.5000000e+00;-5.8699112e-02;2.5000000e+00;-3.3566643e-02;2.5000000e+00;1.2628025e-02;2.5000000e+00;7.6633051e-02;2.5000000e+00;1.5538558e-01;2.5000000e+00;1.9883586e-01;2.5000000e+00;2.0710331e-01;2.5000000e+00;2.0101240e-01;2.5000000e+00;2.2736043e-01;2.5000000e+00;1.8838237e-01;2.5000000e+00;1.3208841e-01;2.5000000e+00;7.8796759e-02;2.5000000e+00;3.3164963e-02;2.5000000e+00;-1.1815734e-02;2.5000000e+00;-5.8880113e-02;2.5000000e+00;-1.0057604e-01;2.5000000e+00;-1.4437062e-01;2.5000000e+00;-6.1562955e-02;2.5000000e+00;-5.8699112e-02;2.5000000e+00;-3.3566643e-02;2.5000000e+00;1.2628025e-02;2.5000000e+00;7.6633051e-02;2.5000000e+00;1.5538558e-01;2.5000000e+00;1.9883586e-01;2.5000000e+00;2.0710331e-01;2.5000000e+00;2.0101240e-01;2.5000000e+00;2.2736043e-01;2.5000000e+00;1.8838237e-01;2.5000000e+00;1.3208841e-01;2.5000000e+00;7.8796759e-02;2.5000000e+00;3.3164963e-02;2.5000000e+00;-1.1815734e-02;2.5000000e+00;-5.8880113e-02;2.5000000e+00;-1.0057604e-01;2.5000000e+00;-1.4437062e-01;2.5000000e+00;-6.1562955e-02;2.5000000e+00;-5.8699112e-02;2.5000000e+00;-3.3566643e-02;2.5000000e+00;1.2628025e-02;2.5000000e+00;7.6633051e-02;2.5000000e+00;1.5538558e-01;2.5000000e+00;1.9883586e-01;2.5000000e+00;2.0710331e-01;2.5000000e+00;2.0101240e-01;2.5000000e+00;2.2736043e-01;2.5000000e+00;1.8838237e-01;2.5000000e+00;1.3208841e-01;2.5000000e+00;7.8796759e-02;2.5000000e+00;3.3164963e-02;2.5000000e+00;-1.1815734e-02;2.5000000e+00;-5.8880113e-02;2.5000000e+00;-1.0057604e-01;2.5000000e+00;-1.4437062e-01;2.5000000e+00;-6.1562955e-02;2.5000000e+00;-5.8699112e-02;2.5000000e+00;-3.3566643e-02;2.5000000e+00;1.2628025e-02;2.5000000e+00;7.6633051e-02;2.5000000e+00;1.5538558e-01;2.5000000e+00;1.9883586e-01;2.5000000e+00;2.0710331e-01;2.5000000e+00;2.0101240e-01;2.5000000e+00;2.2736043e-01;2.5000000e+00;1.8838237e-01;2.5000000e+00;1.3208841e-01;2.5000000e+00;7.8796759e-02;2.5000000e+00;3.3164963e-02;2.5000000e+00;-1.1815734e-02;2.5000000e+00;-5.8880113e-02;2.5000000e+00;-1.0057604e-01;2.5000000e+00;-1.4437062e-01;2.5000000e+00;-6.1562955e-02;2.5000000e+00;-5.8699112e-02;2.5000000e+00;-3.3566643e-02;2.5000000e+00;1.2628025e-02;2.5000000e+00;7.6633051e-02;2.5000000e+00;1.5538558e-01;2.5000000e+00;1.9883586e-01;2.5000000e+00;2.0710331e-01;2.5000000e+00;2.0101240e-01;2.5000000e+00;2.2736043e-01;2.5000000e+00;1.8838237e-01;2.5000000e+00;1.3208841e-01;2.5000000e+00;7.8796759e-02;2.5000000e+00;3.3164963e-02;2.5000000e+00;-1.1815734e-02;2.5000000e+00;-5.8880113e-02;2.5000000e+00;-1.0057604e-01;2.5000000e+00;-1.4437062e-01;2.5000000e+00;-6.1562955e-02;2.5000000e+00;-5.8699112e-02;2.5000000e+00;-3.3566643e-02;2.5000000e+00;1.2628025e-02;2.5000000e+00;7.6633051e-02;2.5000000e+00;1.5538558e-01;2.5000000e+00;1.9883586e-01;2.5000000e+00;2.0710331e-01;2.5000000e+00;2.0101240e-01;2.5000000e+00;2.2736043e-01;2.5000000e+00;1.8838237e-01;2.5000000e+00;1.3208841e-01;2.5000000e+00;7.8796759e-02;2.5000000e+00;3.3164963e-02;2.5000000e+00;-1.1815734e-02;2.5000000e+00;-5.8880113e-02;2.5000000e+00;-1.0057604e-01;2.5000000e+00;-1.4437062e-01;2.5000000e+00;-6.1562955e-02;2.5000000e+00;-5.8699112e-02;2.5000000e+00;-3.3566643e-02;2.5000000e+00;1.2628025e-02;2.5000000e+00;7.6633051e-02;2.5000000e+00;1.5538558e-01;2.5000000e+00;1.9883586e-01;2.5000000e+00;2.0710331e-01;2.5000000e+00;2.0101240e-01;2.5000000e+00;2.2736043e-01;2.5000000e+00;1.8838237e-01;2.5000000e+00;1.3208841e-01;2.5000000e+00;7.8796759e-02;2.5000000e+00;3.3164963e-02;2.5000000e+00;-1.1815734e-02;2.5000000e+00;-5.8880113e-02;2.5000000e+00;-1.0057604e-01;2.5000000e+00;-1.4437062e-01;2.5000000e+00;-6.1562955e-02;2.5000000e+00;-5.8699112e-02;2.5000000e+00;-3.3566643e-02;2.5000000e+00;1.2628025e-02;2.5000000e+00;7.6633051e-02;2.5000000e+00;1.5538558e-01;2.5000000e+00;1.9883586e-01;2.5000000e+00;2.0710331e-01;2.5000000e+00;2.0101240e-01;2.5000000e+00;2.2736043e-01;2.5000000e+00;1.8838237e-01;2.5000000e+00;1.3208841e-01;2.5000000e+00;7.8796759e-02;2.5000000e+00;3.3164963e-02;2.5000000e+00;-1.1815734e-02;2.5000000e+00;-5.8880113e-02;2.5000000e+00;-1.0057604e-01;2.5000000e+00;-1.4437062e-01;2.5000000e+00;-6.1562955e-02;2.5000000e+00;-5.8699112e-02;2.5000000e+00;-3.3566643e-02;2.5000000e+00;1.2628025e-02;2.5000000e+00;7.6633051e-02;2.5000000e+00;1.5538558e-01;2.5000000e+00;1.9883586e-01;2.5000000e+00;2.0710331e-01;2.5000000e+00;2.0101240e-01;2.5000000e+00;2.2736043e-01;2.5000000e+00;1.8838237e-01;2.5000000e+00;1.3208841e-01;2.5000000e+00;7.8796759e-02;2.5000000e+00;3.3164963e-02;2.5000000e+00;-1.1815734e-02;2.5000000e+00;-5.8880113e-02;2.5000000e+00;-1.0057604e-01;2.5000000e+00;-1.4437062e-01;2.5000000e+00;-6.1562955e-02;2.5000000e+00;-5.8699112e-02;2.5000000e+00;-3.3566643e-02;2.5000000e+00;1.2628025e-02;2.5000000e+00;7.6633051e-02;2.5000000e+00;1.5538558e-01;2.5000000e+00;1.9883586e-01;2.5000000e+00;2.0710331e-01;2.5000000e+00;2.0101240e-01;2.5000000e+00;2.2736043e-01;2.5000000e+00;1.8838237e-01;2.5000000e+00;1.3208841e-01;2.5000000e+00;7.8796759e-02;2.5000000e+00;3.3164963e-02;2.5000000e+00;-1.1815734e-02;2.5000000e+00;-5.8880113e-02;2.5000000e+00;-1.0057604e-01;2.5000000e+00;-1.4437062e-01;2.5000000e+00;-6.1562955e-02;2.5000000e+00;-5.8699112e-02;2.5000000e+00;-3.3566643e-02;2.5000000e+00;1.2628025e-02;2.5000000e+00;7.6633051e-02;2.5000000e+00;1.5538558e-01;2.5000000e+00;1.9883586e-01;2.5000000e+00;2.0710331e-01;2.5000000e+00;2.0101240e-01;2.5000000e+00;2.2736043e-01;2.5000000e+00;1.8838237e-01;2.5000000e+00;1.3208841e-01;2.5000000e+00;7.8796759e-02;2.5000000e+00;3.3164963e-02;2.5000000e+00;-1.1815734e-02;2.5000000e+00;-5.8880113e-02;2.5000000e+00;-1.0057604e-01;2.5000000e+00;-1.4437062e-01;2.5000000e+00;-6.1562955e-02;2.5000000e+00;-5.8699112e-02;2.5000000e+00;-3.3566643e-02;2.5000000e+00;1.2628025e-02;2.5000000e+00;7.6633051e-02;2.5000000e+00;1.5538558e-01;2.5000000e+00;1.9883586e-01;2.5000000e+00;2.0710331e-01;2.5000000e+00;2.0101240e-01;2.5000000e+00;2.2736043e-01;2.5000000e+00;1.8838237e-01;2.5000000e+00;1.3208841e-01;2.5000000e+00;7.8796759e-02;2.5000000e+00;3.3164963e-02;2.5000000e+00;-1.1815734e-02;2.5000000e+00;-5.8880113e-02;2.5000000e+00;-1.0057604e-01;2.5000000e+00;-1.4437062e-01;2.5000000e+00;-6.1562955e-02;2.5000000e+00;-5.8699112e-02;2.5000000e+00;-3.3566643e-02;2.5000000e+00;1.2628025e-02;2.5000000e+00;7.6633051e-02;2.5000000e+00;1.5538558e-01;2.5000000e+00;1.9883586e-01;2.5000000e+00;2.0710331e-01;2.5000000e+00;2.0101240e-01;2.5000000e+00;2.2736043e-01;2.5000000e+00;1.8838237e-01;2.5000000e+00;1.3208841e-01;2.5000000e+00;7.8796759e-02;2.5000000e+00;3.3164963e-02;2.5000000e+00;-1.1815734e-02;2.5000000e+00;-5.8880113e-02;2.5000000e+00;-1.0057604e-01;2.5000000e+00;-1.4437062e-01;2.5000000e+00;-6.1562955e-02;2.5000000e+00;-5.8699112e-02;2.5000000e+00;-3.3566643e-02;2.5000000e+00;1.2628025e-02;2.5000000e+00;7.6633051e-02;2.5000000e+00;1.5538558e-01;2.5000000e+00;1.9883586e-01;2.5000000e+00;2.0710331e-01;2.5000000e+00;2.0101240e-01;2.5000000e+00;2.2736043e-01;2.5000000e+00;1.8838237e-01;2.5000000e+00;1.3208841e-01;2.5000000e+00;7.8796759e-02;2.5000000e+00;3.3164963e-02;2.5000000e+00;-1.1815734e-02;2.5000000e+00;-5.8880113e-02;2.5000000e+00;-1.0057604e-01;2.5000000e+00;-1.4437062e-01;2.5000000e+00;-6.1562955e-02;2.5000000e+00;-5.8699112e-02;2.5000000e+00;-3.3566643e-02;2.5000000e+00;1.2628025e-02;2.5000000e+00;7.6633051e-02;2.5000000e+00;1.5538558e-01;2.5000000e+00;1.9883586e-01;2.5000000e+00;2.0710331e-01;2.5000000e+00;2.0101240e-01;2.5000000e+00;2.2736043e-01;2.5000000e+00;1.8838237e-01;2.5000000e+00;1.3208841e-01;2.5000000e+00;7.8796759e-02;2.5000000e+00;3.3164963e-02;2.5000000e+00;-1.1815734e-02;2.5000000e+00;-5.8880113e-02;2.5000000e+00;-1.0057604e-01;2.5000000e+00;-1.4437062e-01;2.5000000e+00;-6.1562955e-02;2.5000000e+00;-5.8699112e-02;2.5000000e+00;-3.3566643e-02;2.5000000e+00;1.2628025e-02;2.5000000e+00;7.6633051e-02;2.5000000e+00;1.5538558e-01;2.5000000e+00;1.9883586e-01;2.5000000e+00;2.0710331e-01;2.5000000e+00;2.0101240e-01;2.5000000e+00;2.2736043e-01;2.5000000e+00;1.8838237e-01;2.5000000e+00;1.3208841e-01;2.5000000e+00;7.8796759e-02;2.5000000e+00;3.3164963e-02;2.5000000e+00;-1.1815734e-02;2.5000000e+00;-5.8880113e-02;2.5000000e+00;-1.0057604e-01;2.5000000e+00;-1.4437062e-01;2.5000000e+00;-6.1562955e-02;2.5000000e+00;-5.8699112e-02;2.5000000e+00;-3.3566643e-02;2.5000000e+00;1.2628025e-02;2.5000000e+00;7.6633051e-02;2.5000000e+00;1.5538558e-01;2.5000000e+00;1.9883586e-01;2.5000000e+00;2.0710331e-01;2.5000000e+00;2.0101240e-01;2.5000000e+00;2.2736043e-01;2.5000000e+00;1.8838237e-01;2.5000000e+00;1.3208841e-01;2.5000000e+00;7.8796759e-02;2.5000000e+00;3.3164963e-02;2.5000000e+00;-1.1815734e-02;2.5000000e+00;-5.8880113e-02;2.5000000e+00;-1.0057604e-01;2.5000000e+00;-1.4437062e-01;2.5000000e+00;-6.1562955e-02;2.5000000e+00;-5.8699112e-02;2.5000000e+00;-3.3566643e-02;2.5000000e+00;1.2628025e-02;2.5000000e+00;7.6633051e-02;2.5000000e+00;1.5538558e-01;2.5000000e+00;1.9883586e-01;2.5000000e+00;2.0710331e-01;2.5000000e+00;2.0101240e-01;2.5000000e+00;2.2736043e-01;2.5000000e+00;1.8838237e-01;2.5000000e+00;1.3208841e-01;2.5000000e+00;7.8796759e-02;2.5000000e+00;3.3164963e-02;2.5000000e+00;-1.1815734e-02;2.5000000e+00;-5.8880113e-02;2.5000000e+00;-1.0057604e-01;2.5000000e+00;-1.4437062e-01;2.5000000e+00;-6.1562955e-02;2.5000000e+00;-5.8699112e-02;2.5000000e+00;-3.3566643e-02;2.5000000e+00;1.2628025e-02;2.5000000e+00;7.6633051e-02;2.5000000e+00;1.5538558e-01;2.5000000e+00;1.9883586e-01;2.5000000e+00;2.0710331e-01;2.5000000e+00;2.0101240e-01;2.5000000e+00;2.2736043e-01;2.5000000e+00;1.8838237e-01;2.5000000e+00;1.3208841e-01;2.5000000e+00;7.8796759e-02;2.5000000e+00;3.3164963e-02;2.5000000e+00;-1.1815734e-02;2.5000000e+00;-5.8880113e-02;2.5000000e+00;-1.0057604e-01;2.5000000e+00;-1.4437062e-01;2.5000000e+00;-6.1562955e-02;2.5000000e+00;-5.8699112e-02;2.5000000e+00;-3.3566643e-02;2.5000000e+00;1.2628025e-02;2.5000000e+00;7.6633051e-02;2.5000000e+00;1.5538558e-01;2.5000000e+00;1.9883586e-01;2.5000000e+00;2.0710331e-01;2.5000000e+00;2.0101240e-01;2.5000000e+00;2.2736043e-01;2.5000000e+00;1.8838237e-01;2.5000000e+00;1.3208841e-01;2.5000000e+00;7.8796759e-02;2.5000000e+00;3.3164963e-02;2.5000000e+00;-1.1815734e-02;2.5000000e+00;-5.8880113e-02;2.5000000e+00;-1.0057604e-01;2.5000000e+00;-1.4437062e-01;2.5000000e+00;-6.1562955e-02;2.5000000e+00;-5.8699112e-02;2.5000000e+00;-3.3566643e-02;2.5000000e+00;1.2628025e-02;2.5000000e+00;7.6633051e-02;2.5000000e+00;1.5538558e-01;2.5000000e+00;1.9883586e-01;2.5000000e+00;2.0710331e-01;2.5000000e+00;2.0101240e-01;2.5000000e+00;2.2736043e-01;2.5000000e+00;1.8838237e-01;2.5000000e+00;1.3208841e-01;2.5000000e+00;7.8796759e-02;2.5000000e+00;3.3164963e-02;2.5000000e+00;-1.1815734e-02;2.5000000e+00;-5.8880113e-02;2.5000000e+00;-1.0057604e-01;2.5000000e+00;-1.4437062e-01;2.5000000e+00;-6.1562955e-02;2.5000000e+00;-5.8699112e-02;2.5000000e+00;-3.3566643e-02;2.5000000e+00;1.2628025e-02;2.5000000e+00;7.6633051e-02;2.5000000e+00;1.5538558e-01;2.5000000e+00;1.9883586e-01;2.5000000e+00;2.0710331e-01;2.5000000e+00;2.0101240e-01;2.5000000e+00;2.2736043e-01;2.5000000e+00;1.8838237e-01;2.5000000e+00;1.3208841e-01;2.5000000e+00;7.8796759e-02;2.5000000e+00;3.3164963e-02;2.5000000e+00;-1.1815734e-02;2.5000000e+00;-5.8880113e-02;2.5000000e+00;-1.0057604e-01;2.5000000e+00;-1.4437062e-01;2.5000000e+00;-6.1562955e-02;2.5000000e+00;-5.8699112e-02;2.5000000e+00;-3.3566643e-02;2.5000000e+00;1.2628025e-02;2.5000000e+00;7.6633051e-02;2.5000000e+00;1.5538558e-01;2.5000000e+00;1.9883586e-01;2.5000000e+00;2.0710331e-01;2.5000000e+00;2.0101240e-01;2.5000000e+00;2.2736043e-01;2.5000000e+00;1.8838237e-01;2.5000000e+00;1.3208841e-01;2.5000000e+00;7.8796759e-02;2.5000000e+00;3.3164963e-02;2.5000000e+00;-1.1815734e-02;2.5000000e+00;-5.8880113e-02;2.5000000e+00;-1.0057604e-01;2.5000000e+00;-1.4437062e-01;2.5000000e+00;-6.1562955e-02;2.5000000e+00;-5.8699112e-02;2.5000000e+00;-3.3566643e-02;2.5000000e+00;1.2628025e-02;2.5000000e+00;7.6633051e-02;2.5000000e+00;1.5538558e-01;2.5000000e+00;1.9883586e-01;2.5000000e+00;2.0710331e-01;2.5000000e+00;2.0101240e-01;2.5000000e+00;2.2736043e-01;2.5000000e+00;1.8838237e-01;2.5000000e+00;1.3208841e-01;2.5000000e+00;7.8796759e-02;2.5000000e+00;3.3164963e-02;2.5000000e+00;-1.1815734e-02;2.5000000e+00;-5.8880113e-02;2.5000000e+00;-1.0057604e-01;2.5000000e+00;-1.4437062e-01;2.5000000e+00;-6.1562955e-02;2.5000000e+00;-5.8699112e-02;2.5000000e+00;-3.3566643e-02;2.5000000e+00;1.2628025e-02;2.5000000e+00;7.6633051e-02;2.5000000e+00;1.5538558e-01;2.5000000e+00;1.9883586e-01;2.5000000e+00;2.0710331e-01;2.5000000e+00;2.0101240e-01;2.5000000e+00;2.2736043e-01;2.5000000e+00;1.8838237e-01;2.5000000e+00;1.3208841e-01;2.5000000e+00;7.8796759e-02;2.5000000e+00;3.3164963e-02;2.5000000e+00;-1.1815734e-02;2.5000000e+00;-5.8880113e-02;2.5000000e+00;-1.0057604e-01;2.5000000e+00;-1.4437062e-01;2.5000000e+00;-6.1562955e-02;2.5000000e+00;-5.8699112e-02;2.5000000e+00;-3.3566643e-02;2.5000000e+00;1.2628025e-02;2.5000000e+00;7.6633051e-02;2.5000000e+00;1.5538558e-01;2.5000000e+00;1.9883586e-01;2.5000000e+00;2.0710331e-01;2.5000000e+00;2.0101240e-01;2.5000000e+00;2.2736043e-01;2.5000000e+00;1.8838237e-01;2.5000000e+00;1.3208841e-01;2.5000000e+00;7.8796759e-02;2.5000000e+00;3.3164963e-02;2.5000000e+00;-1.1815734e-02;2.5000000e+00;-5.8880113e-02;2.5000000e+00;-1.0057604e-01;2.5000000e+00;-1.4437062e-01;2.5000000e+00;-6.1562955e-02;2.5000000e+00;-5.8699112e-02;2.5000000e+00;-3.3566643e-02;2.5000000e+00;1.2628025e-02;2.5000000e+00;7.6633051e-02;2.5000000e+00;1.5538558e-01;2.5000000e+00;1.9883586e-01;2.5000000e+00;2.0710331e-01;2.5000000e+00;2.0101240e-01;2.5000000e+00;2.2736043e-01;2.5000000e+00;1.8838237e-01;2.5000000e+00;1.3208841e-01;2.5000000e+00;7.8796759e-02;2.5000000e+00;3.3164963e-02;2.5000000e+00;-1.1815734e-02;2.5000000e+00;-5.8880113e-02;2.5000000e+00;-1.0057604e-01;2.5000000e+00;-1.4437062e-01;2.5000000e+00;-6.1562955e-02;2.5000000e+00;-5.8699112e-02;2.5000000e+00;-3.3566643e-02;2.5000000e+00;1.2628025e-02;2.5000000e+00;7.6633051e-02;2.5000000e+00;1.5538558e-01;2.5000000e+00;1.9883586e-01;2.5000000e+00;2.0710331e-01;2.5000000e+00;2.0101240e-01;2.5000000e+00;2.2736043e-01;2.5000000e+00;1.8838237e-01;2.5000000e+00;1.3208841e-01;2.5000000e+00;7.8796759e-02;2.5000000e+00;3.3164963e-02;2.5000000e+00;-1.1815734e-02;2.5000000e+00;-5.8880113e-02;2.5000000e+00;-1.0057604e-01;2.5000000e+00;-1.4437062e-01;2.5000000e+00;-6.1562955e-02;2.5000000e+00;-5.8699112e-02;2.5000000e+00;-3.3566643e-02;2.5000000e+00;1.2628025e-02;2.5000000e+00;7.6633051e-02;2.5000000e+00;1.5538558e-01;2.5000000e+00;1.9883586e-01;2.5000000e+00;2.0710331e-01;2.5000000e+00;2.0101240e-01;2.5000000e+00;2.2736043e-01;2.5000000e+00;1.8838237e-01;2.5000000e+00;1.3208841e-01;2.5000000e+00;7.8796759e-02;2.5000000e+00;3.3164963e-02;2.5000000e+00;-1.1815734e-02;2.5000000e+00;-5.8880113e-02;2.5000000e+00;-1.0057604e-01;2.5000000e+00;-1.4437062e-01;2.5000000e+00;-6.1562955e-02;2.5000000e+00;-5.8699112e-02;2.5000000e+00;-3.3566643e-02;2.5000000e+00;1.2628025e-02;2.5000000e+00;7.6633051e-02;2.5000000e+00;1.5538558e-01;2.5000000e+00;1.9883586e-01;2.5000000e+00;2.0710331e-01;2.5000000e+00;2.0101240e-01;2.5000000e+00;2.2736043e-01;2.5000000e+00;1.8838237e-01;2.5000000e+00;1.3208841e-01;2.5000000e+00;7.8796759e-02;2.5000000e+00;3.3164963e-02;2.5000000e+00;-1.1815734e-02;2.5000000e+00;-5.8880113e-02;2.5000000e+00;-1.0057604e-01;2.5000000e+00;-1.4437062e-01;2.5000000e+00;-6.1562955e-02;2.5000000e+00;-5.8699112e-02;2.5000000e+00;-3.3566643e-02;2.5000000e+00;1.2628025e-02;2.5000000e+00;7.6633051e-02;2.5000000e+00;1.5538558e-01;2.5000000e+00;1.9883586e-01;2.5000000e+00;2.0710331e-01;2.5000000e+00;2.0101240e-01;2.5000000e+00;2.2736043e-01;2.5000000e+00;1.8838237e-01;2.5000000e+00;1.3208841e-01;2.5000000e+00;7.8796759e-02;2.5000000e+00;3.3164963e-02;2.5000000e+00;-1.1815734e-02;2.5000000e+00;-5.8880113e-02;2.5000000e+00;-1.0057604e-01;2.5000000e+00;-1.4437062e-01;2.5000000e+00;-6.1562955e-02;2.5000000e+00;-5.8699112e-02;2.5000000e+00;-3.3566643e-02;2.5000000e+00;1.2628025e-02;2.5000000e+00;7.6633051e-02;2.5000000e+00;1.5538558e-01;2.5000000e+00;1.9883586e-01;2.5000000e+00;2.0710331e-01;2.5000000e+00;2.0101240e-01;2.5000000e+00;2.2736043e-01;2.5000000e+00;1.8838237e-01;2.5000000e+00;1.3208841e-01;2.5000000e+00;7.8796759e-02;2.5000000e+00;3.3164963e-02;2.5000000e+00;-1.1815734e-02;2.5000000e+00;-5.8880113e-02;2.5000000e+00;-1.0057604e-01;2.5000000e+00;-1.4437062e-01;2.5000000e+00;-6.1562955e-02;2.5000000e+00;-5.8699112e-02;2.5000000e+00;-3.3566643e-02;2.5000000e+00;1.2628025e-02;2.5000000e+00;7.6633051e-02;2.5000000e+00;1.5538558e-01;2.5000000e+00;1.9883586e-01;2.5000000e+00;2.0710331e-01;2.5000000e+00;2.0101240e-01;2.5000000e+00;2.2736043e-01;2.5000000e+00;1.8838237e-01;2.5000000e+00;1.3208841e-01;2.5000000e+00;7.8796759e-02;2.5000000e+00;3.3164963e-02;2.5000000e+00;-1.1815734e-02;2.5000000e+00;-5.8880113e-02;2.5000000e+00;-1.0057604e-01;2.5000000e+00;-1.4437062e-01;2.5000000e+00;-6.1562955e-02;2.5000000e+00;-5.8699112e-02;2.5000000e+00;-3.3566643e-02;2.5000000e+00;1.2628025e-02;2.5000000e+00;7.6633051e-02;2.5000000e+00;1.5538558e-01;2.5000000e+00;1.9883586e-01;2.5000000e+00;2.0710331e-01;2.5000000e+00;2.0101240e-01;2.5000000e+00;2.2736043e-01;2.5000000e+00;1.8838237e-01;2.5000000e+00;1.3208841e-01;2.5000000e+00;7.8796759e-02;2.5000000e+00;3.3164963e-02;2.5000000e+00;-1.1815734e-02;2.5000000e+00;-5.8880113e-02;2.5000000e+00;-1.0057604e-01;2.5000000e+00;-1.4437062e-01;2.5000000e+00;-6.1562955e-02;2.5000000e+00;-5.8699112e-02;2.5000000e+00;-3.3566643e-02;2.5000000e+00;1.2628025e-02;2.5000000e+00;7.6633051e-02;2.5000000e+00;1.5538558e-01;2.5000000e+00;1.9883586e-01;2.5000000e+00;2.0710331e-01;2.5000000e+00;2.0101240e-01;2.5000000e+00;2.2736043e-01;2.5000000e+00;1.8838237e-01;2.5000000e+00;1.3208841e-01;2.5000000e+00;7.8796759e-02;2.5000000e+00;3.3164963e-02;2.5000000e+00;-1.1815734e-02;2.5000000e+00;-5.8880113e-02;2.5000000e+00;-1.0057604e-01;2.5000000e+00;-1.4437062e-01;2.5000000e+00;-6.1562955e-02;2.5000000e+00;-5.8699112e-02;2.5000000e+00;-3.3566643e-02;2.5000000e+00;1.2628025e-02;2.5000000e+00;7.6633051e-02;2.5000000e+00;1.5538558e-01;2.5000000e+00;1.9883586e-01;2.5000000e+00;2.0710331e-01;2.5000000e+00;2.0101240e-01;2.5000000e+00;2.2736043e-01;2.5000000e+00;1.8838237e-01;2.5000000e+00;1.3208841e-01;2.5000000e+00;7.8796759e-02;2.5000000e+00;3.3164963e-02;2.5000000e+00;-1.1815734e-02;2.5000000e+00;-5.8880113e-02;2.5000000e+00;-1.0057604e-01;2.5000000e+00;-1.4437062e-01;2.5000000e+00;-6.1562955e-02;2.5000000e+00;-5.8699112e-02;2.5000000e+00;-3.3566643e-02;2.5000000e+00;1.2628025e-02;2.5000000e+00;7.6633051e-02;2.5000000e+00;1.5538558e-01;2.5000000e+00;1.9883586e-01;2.5000000e+00;2.0710331e-01;2.5000000e+00;2.0101240e-01;2.5000000e+00;2.2736043e-01;2.5000000e+00;1.8838237e-01;2.5000000e+00;1.3208841e-01;2.5000000e+00;7.8796759e-02;2.5000000e+00;3.3164963e-02;2.5000000e+00;-1.1815734e-02;2.5000000e+00;-5.8880113e-02;2.5000000e+00;-1.0057604e-01;2.5000000e+00;-1.4437062e-01;2.5000000e+00;-6.1562955e-02;2.5000000e+00;-5.8699112e-02;2.5000000e+00;-3.3566643e-02;2.5000000e+00;1.2628025e-02;2.5000000e+00;7.6633051e-02;2.5000000e+00;1.5538558e-01;2.5000000e+00;1.9883586e-01;2.5000000e+00;2.0710331e-01;2.5000000e+00;2.0101240e-01;2.5000000e+00;2.2736043e-01;2.5000000e+00;1.8838237e-01;2.5000000e+00;1.3208841e-01;2.5000000e+00;7.8796759e-02;2.5000000e+00;3.3164963e-02;2.5000000e+00;-1.1815734e-02;2.5000000e+00;-5.8880113e-02;2.5000000e+00;-1.0057604e-01;2.5000000e+00;-1.4437062e-01;2.5000000e+00;-6.1562955e-02;2.5000000e+00;-5.8699112e-02;2.5000000e+00;-3.3566643e-02;2.5000000e+00;1.2628025e-02;2.5000000e+00;7.6633051e-02;2.5000000e+00;1.5538558e-01;2.5000000e+00;1.9883586e-01;2.5000000e+00;2.0710331e-01;2.5000000e+00;2.0101240e-01;2.5000000e+00;2.2736043e-01;2.5000000e+00;1.8838237e-01;2.5000000e+00;1.3208841e-01;2.5000000e+00;7.8796759e-02;2.5000000e+00;3.3164963e-02;2.5000000e+00;-1.1815734e-02;2.5000000e+00;-5.8880113e-02;2.5000000e+00;-1.0057604e-01;2.5000000e+00;-1.4437062e-01;2.5000000e+00;-6.1562955e-02;2.5000000e+00;-5.8699112e-02;2.5000000e+00;-3.3566643e-02;2.5000000e+00;1.2628025e-02;2.5000000e+00;7.6633051e-02;2.5000000e+00;1.5538558e-01;2.5000000e+00;1.9883586e-01;2.5000000e+00;2.0710331e-01;2.5000000e+00;2.0101240e-01;2.5000000e+00;2.2736043e-01;2.5000000e+00;1.8838237e-01;2.5000000e+00;1.3208841e-01;2.5000000e+00;7.8796759e-02;2.5000000e+00;3.3164963e-02;2.5000000e+00;-1.1815734e-02;2.5000000e+00;-5.8880113e-02;2.5000000e+00;-1.0057604e-01;2.5000000e+00;-1.4437062e-01;2.5000000e+00;-6.1562955e-02;2.5000000e+00;-5.8699112e-02;2.5000000e+00;-3.3566643e-02;2.5000000e+00;1.2628025e-02;2.5000000e+00;7.6633051e-02;2.5000000e+00;1.5538558e-01;2.5000000e+00;1.9883586e-01;2.5000000e+00;2.0710331e-01;2.5000000e+00;2.0101240e-01;2.5000000e+00;2.2736043e-01;2.5000000e+00;1.8838237e-01;2.5000000e+00;1.3208841e-01;2.5000000e+00;7.8796759e-02;2.5000000e+00;3.3164963e-02;2.5000000e+00;-1.1815734e-02;2.5000000e+00;-5.8880113e-02;2.5000000e+00;-1.0057604e-01;2.5000000e+00;-1.4437062e-01;2.5000000e+00;-6.1562955e-02;2.5000000e+00;-5.8699112e-02;2.5000000e+00;-3.3566643e-02;2.5000000e+00;1.2628025e-02;2.5000000e+00;7.6633051e-02;2.5000000e+00;1.5538558e-01;2.5000000e+00;1.9883586e-01;2.5000000e+00;2.0710331e-01;2.5000000e+00;2.0101240e-01;2.5000000e+00;2.2736043e-01;2.5000000e+00;1.8838237e-01;2.5000000e+00;1.3208841e-01;2.5000000e+00;7.8796759e-02;2.5000000e+00;3.3164963e-02;2.5000000e+00;-1.1815734e-02;2.5000000e+00;-5.8880113e-02;2.5000000e+00;-1.0057604e-01;2.5000000e+00;-1.4437062e-01;2.5000000e+00;-6.1562955e-02;2.5000000e+00;-5.8699112e-02;2.5000000e+00;-3.3566643e-02;2.5000000e+00;1.2628025e-02;2.5000000e+00;7.6633051e-02;2.5000000e+00;1.5538558e-01;2.5000000e+00;1.9883586e-01;2.5000000e+00;2.0710331e-01;2.5000000e+00;2.0101240e-01;2.5000000e+00;2.2736043e-01;2.5000000e+00;1.8838237e-01;2.5000000e+00;1.3208841e-01;2.5000000e+00;7.8796759e-02;2.5000000e+00;3.3164963e-02;2.5000000e+00;-1.1815734e-02;2.5000000e+00;-5.8880113e-02;2.5000000e+00;-1.0057604e-01;2.5000000e+00;-1.4437062e-01;2.5000000e+00;-6.1562955e-02;2.5000000e+00;-5.8699112e-02;2.5000000e+00;-3.3566643e-02;2.5000000e+00;1.2628025e-02;2.5000000e+00;7.6633051e-02;2.5000000e+00;1.5538558e-01;2.5000000e+00;1.9883586e-01;2.5000000e+00;2.0710331e-01;2.5000000e+00;2.0101240e-01;2.5000000e+00;2.2736043e-01;2.5000000e+00;1.8838237e-01;2.5000000e+00;1.3208841e-01;2.5000000e+00;7.8796759e-02;2.5000000e+00;3.3164963e-02;2.5000000e+00;-1.1815734e-02;2.5000000e+00;-5.8880113e-02;2.5000000e+00;-1.0057604e-01;2.5000000e+00;-1.4437062e-01;2.5000000e+00;-6.1562955e-02;2.5000000e+00;-5.8699112e-02;2.5000000e+00;-3.3566643e-02;2.5000000e+00;1.2628025e-02;2.5000000e+00;7.6633051e-02;2.5000000e+00;1.5538558e-01;2.5000000e+00;1.9883586e-01;2.5000000e+00;2.0710331e-01;2.5000000e+00;2.0101240e-01;2.5000000e+00;2.2736043e-01;2.5000000e+00;1.8838237e-01;2.5000000e+00;1.3208841e-01;2.5000000e+00;7.8796759e-02;2.5000000e+00;3.3164963e-02;2.5000000e+00;-1.1815734e-02;2.5000000e+00;-5.8880113e-02;2.5000000e+00;-1.0057604e-01;2.5000000e+00;-1.4437062e-01;2.5000000e+00;-6.1562955e-02;2.5000000e+00;-5.8699112e-02;2.5000000e+00;-3.3566643e-02;2.5000000e+00;1.2628025e-02;2.5000000e+00;7.6633051e-02;2.5000000e+00;1.5538558e-01;2.5000000e+00;1.9883586e-01;2.5000000e+00;2.0710331e-01;2.5000000e+00;2.0101240e-01;2.5000000e+00;2.2736043e-01;2.5000000e+00;1.8838237e-01;2.5000000e+00;1.3208841e-01;2.5000000e+00;7.8796759e-02;2.5000000e+00;3.3164963e-02;2.5000000e+00;-1.1815734e-02;2.5000000e+00;-5.8880113e-02;2.5000000e+00;-1.0057604e-01;2.5000000e+00;-1.4437062e-01;2.5000000e+00;-6.1562955e-02;2.5000000e+00;-5.8699112e-02;2.5000000e+00;-3.3566643e-02;2.5000000e+00;1.2628025e-02;2.5000000e+00;7.6633051e-02;2.5000000e+00;1.5538558e-01;2.5000000e+00;1.9883586e-01;2.5000000e+00;2.0710331e-01;2.5000000e+00;2.0101240e-01;2.5000000e+00;2.2736043e-01;2.5000000e+00;1.8838237e-01;2.5000000e+00;1.3208841e-01;2.5000000e+00;7.8796759e-02;2.5000000e+00;3.3164963e-02;2.5000000e+00;-1.1815734e-02;2.5000000e+00;-5.8880113e-02;2.5000000e+00;-1.0057604e-01;2.5000000e+00;-1.4437062e-01;2.5000000e+00;-6.1562955e-02;2.5000000e+00;-5.8699112e-02;2.5000000e+00;-3.3566643e-02;2.5000000e+00;1.2628025e-02;2.5000000e+00;7.6633051e-02;2.5000000e+00;1.5538558e-01;2.5000000e+00;1.9883586e-01;2.5000000e+00;2.0710331e-01;2.5000000e+00;2.0101240e-01;2.5000000e+00;2.2736043e-01;2.5000000e+00;1.8838237e-01;2.5000000e+00;1.3208841e-01;2.5000000e+00;7.8796759e-02;2.5000000e+00;3.3164963e-02;2.5000000e+00;-1.1815734e-02;2.5000000e+00;-5.8880113e-02;2.5000000e+00;-1.0057604e-01;2.5000000e+00;-1.4437062e-01;2.5000000e+00;-6.1562955e-02;2.5000000e+00;-5.8699112e-02;2.5000000e+00;-3.3566643e-02;2.5000000e+00;1.2628025e-02;2.5000000e+00;7.6633051e-02;2.5000000e+00;1.5538558e-01;2.5000000e+00;1.9883586e-01;2.5000000e+00;2.0710331e-01;2.5000000e+00;2.0101240e-01;2.5000000e+00;2.2736043e-01;2.5000000e+00;1.8838237e-01;2.5000000e+00;1.3208841e-01;2.5000000e+00;7.8796759e-02;2.5000000e+00;3.3164963e-02;2.5000000e+00;-1.1815734e-02;2.5000000e+00;-5.8880113e-02;2.5000000e+00;-1.0057604e-01;2.5000000e+00;-1.4437062e-01;2.5000000e+00;-6.1562955e-02;2.5000000e+00;-5.8699112e-02;2.5000000e+00;-3.3566643e-02;2.5000000e+00;1.2628025e-02;2.5000000e+00;7.6633051e-02;2.5000000e+00;1.5538558e-01;2.5000000e+00;1.9883586e-01;2.5000000e+00;2.0710331e-01;2.5000000e+00;2.0101240e-01;2.5000000e+00;2.2736043e-01;2.5000000e+00;1.8838237e-01;2.5000000e+00;1.3208841e-01;2.5000000e+00;7.8796759e-02;2.5000000e+00;3.3164963e-02;2.5000000e+00;-1.1815734e-02;2.5000000e+00;-5.8880113e-02;2.5000000e+00;-1.0057604e-01;2.5000000e+00;-1.4437062e-01;2.5000000e+00;-6.1562955e-02;2.5000000e+00;-5.8699112e-02;2.5000000e+00;-3.3566643e-02;2.5000000e+00;1.2628025e-02;2.5000000e+00;7.6633051e-02;2.5000000e+00;1.5538558e-01;2.5000000e+00;1.9883586e-01;2.5000000e+00;2.0710331e-01;2.5000000e+00;2.0101240e-01;2.5000000e+00;2.2736043e-01;2.5000000e+00;1.8838237e-01;2.5000000e+00;1.3208841e-01;2.5000000e+00;7.8796759e-02;2.5000000e+00;3.3164963e-02;2.5000000e+00;-1.1815734e-02;2.5000000e+00;-5.8880113e-02;2.5000000e+00;-1.0057604e-01;2.5000000e+00;-1.4437062e-01;2.5000000e+00;-6.1562955e-02;2.5000000e+00;-5.8699112e-02;2.5000000e+00;-3.3566643e-02;2.5000000e+00;1.2628025e-02;2.5000000e+00;7.6633051e-02;2.5000000e+00;1.5538558e-01;2.5000000e+00;1.9883586e-01;2.5000000e+00;2.0710331e-01;2.5000000e+00;2.0101240e-01;2.5000000e+00;2.2736043e-01;2.5000000e+00;1.8838237e-01;2.5000000e+00;1.3208841e-01;2.5000000e+00;7.8796759e-02;2.5000000e+00;3.3164963e-02;2.5000000e+00;-1.1815734e-02;2.5000000e+00;-5.8880113e-02;2.5000000e+00;-1.0057604e-01;2.5000000e+00;-1.4437062e-01;2.5000000e+00;-6.1562955e-02;2.5000000e+00;-5.8699112e-02;2.5000000e+00;-3.3566643e-02;2.5000000e+00;1.2628025e-02;2.5000000e+00;7.6633051e-02;2.5000000e+00;1.5538558e-01;2.5000000e+00;1.9883586e-01;2.5000000e+00;2.0710331e-01;2.5000000e+00;2.0101240e-01;2.5000000e+00;2.2736043e-01;2.5000000e+00;1.8838237e-01;2.5000000e+00;1.3208841e-01;2.5000000e+00;7.8796759e-02;2.5000000e+00;3.3164963e-02;2.5000000e+00;-1.1815734e-02;2.5000000e+00;-5.8880113e-02;2.5000000e+00;-1.0057604e-01;2.5000000e+00;-1.4437062e-01;2.5000000e+00;-6.1562955e-02;2.5000000e+00;-5.8699112e-02;2.5000000e+00;-3.3566643e-02;2.5000000e+00;1.2628025e-02;2.5000000e+00;7.6633051e-02;2.5000000e+00;1.5538558e-01;2.5000000e+00;1.9883586e-01;2.5000000e+00;2.0710331e-01;2.5000000e+00;2.0101240e-01;2.5000000e+00;2.2736043e-01;2.5000000e+00;1.8838237e-01;2.5000000e+00;1.3208841e-01;2.5000000e+00;7.8796759e-02;2.5000000e+00;3.3164963e-02;2.5000000e+00;-1.1815734e-02;2.5000000e+00;-5.8880113e-02;2.5000000e+00;-1.0057604e-01;2.5000000e+00;-1.4437062e-01;2.5000000e+00;-6.1562955e-02;2.5000000e+00;-5.8699112e-02;2.5000000e+00;-3.3566643e-02;2.5000000e+00;1.2628025e-02;2.5000000e+00;7.6633051e-02;2.5000000e+00;1.5538558e-01;2.5000000e+00;1.9883586e-01;2.5000000e+00;2.0710331e-01;2.5000000e+00;2.0101240e-01;2.5000000e+00;2.2736043e-01;2.5000000e+00;1.8838237e-01;2.5000000e+00;1.3208841e-01;2.5000000e+00;7.8796759e-02;2.5000000e+00;3.3164963e-02;2.5000000e+00;-1.1815734e-02;2.5000000e+00;-5.8880113e-02;2.5000000e+00;-1.0057604e-01;2.5000000e+00;-1.4437062e-01;2.5000000e+00;-6.1562955e-02;2.5000000e+00;-5.8699112e-02;2.5000000e+00;-3.3566643e-02;2.5000000e+00;1.2628025e-02;2.5000000e+00;7.6633051e-02;2.5000000e+00;1.5538558e-01;2.5000000e+00;1.9883586e-01;2.5000000e+00;2.0710331e-01;2.5000000e+00;2.0101240e-01;2.5000000e+00;2.2736043e-01;2.5000000e+00;1.8838237e-01;2.5000000e+00;1.3208841e-01;2.5000000e+00;7.8796759e-02;2.5000000e+00;3.3164963e-02;2.5000000e+00;-1.1815734e-02;2.5000000e+00;-5.8880113e-02;2.5000000e+00;-1.0057604e-01;2.5000000e+00;-1.4437062e-01;2.5000000e+00;-6.1562955e-02;2.5000000e+00;-5.8699112e-02;2.5000000e+00;-3.3566643e-02;2.5000000e+00;1.2628025e-02;2.5000000e+00;7.6633051e-02;2.5000000e+00;1.5538558e-01;2.5000000e+00;1.9883586e-01;2.5000000e+00;2.0710331e-01;2.5000000e+00;2.0101240e-01;2.5000000e+00;2.2736043e-01;2.5000000e+00;1.8838237e-01;2.5000000e+00;1.3208841e-01;2.5000000e+00;7.8796759e-02;2.5000000e+00;3.3164963e-02;2.5000000e+00;-1.1815734e-02;2.5000000e+00;-5.8880113e-02;2.5000000e+00;-1.0057604e-01;2.5000000e+00;-1.4437062e-01;2.5000000e+00;-6.1562955e-02;2.5000000e+00;-5.8699112e-02;2.5000000e+00;-3.3566643e-02;2.5000000e+00;1.2628025e-02;2.5000000e+00;7.6633051e-02;2.5000000e+00;1.5538558e-01;2.5000000e+00;1.9883586e-01;2.5000000e+00;2.0710331e-01;2.5000000e+00;2.0101240e-01;2.5000000e+00;2.2736043e-01;2.5000000e+00;1.8838237e-01;2.5000000e+00;1.3208841e-01;2.5000000e+00;7.8796759e-02;2.5000000e+00;3.3164963e-02;2.5000000e+00;-1.1815734e-02;2.5000000e+00;-5.8880113e-02;2.5000000e+00;-1.0057604e-01;2.5000000e+00;-1.4437062e-01;2.5000000e+00;-6.1562955e-02;2.5000000e+00;-5.8699112e-02;2.5000000e+00;-3.3566643e-02;2.5000000e+00;1.2628025e-02;2.5000000e+00;7.6633051e-02;2.5000000e+00;1.5538558e-01;2.5000000e+00;1.9883586e-01;2.5000000e+00;2.0710331e-01;2.5000000e+00;2.0101240e-01;2.5000000e+00;2.2736043e-01;2.5000000e+00;1.8838237e-01;2.5000000e+00;1.3208841e-01;2.5000000e+00;7.8796759e-02;2.5000000e+00;3.3164963e-02;2.5000000e+00;-1.1815734e-02;2.5000000e+00;-5.8880113e-02;2.5000000e+00;-1.0057604e-01;2.5000000e+00;-1.4437062e-01;2.5000000e+00;-6.1562955e-02;2.5000000e+00;-5.8699112e-02;2.5000000e+00;-3.3566643e-02;2.5000000e+00;1.2628025e-02;2.5000000e+00;7.6633051e-02;2.5000000e+00;1.5538558e-01;2.5000000e+00;1.9883586e-01;2.5000000e+00;2.0710331e-01;2.5000000e+00;2.0101240e-01;2.5000000e+00;2.2736043e-01;2.5000000e+00;1.8838237e-01;2.5000000e+00;1.3208841e-01;2.5000000e+00;7.8796759e-02;2.5000000e+00;3.3164963e-02;2.5000000e+00;-1.1815734e-02;2.5000000e+00;-5.8880113e-02;2.5000000e+00;-1.0057604e-01;2.5000000e+00;-1.4437062e-01;2.5000000e+00;-6.1562955e-02;2.5000000e+00;-5.8699112e-02;2.5000000e+00;-3.3566643e-02;2.5000000e+00;1.2628025e-02;2.5000000e+00;7.6633051e-02;2.5000000e+00;1.5538558e-01;2.5000000e+00;1.9883586e-01;2.5000000e+00;2.0710331e-01;2.5000000e+00;2.0101240e-01;2.5000000e+00;2.2736043e-01;2.5000000e+00;1.8838237e-01;2.5000000e+00;1.3208841e-01;2.5000000e+00;7.8796759e-02;2.5000000e+00;3.3164963e-02;2.5000000e+00;-1.1815734e-02;2.5000000e+00;-5.8880113e-02;2.5000000e+00;-1.0057604e-01;2.5000000e+00;-1.4437062e-01;2.5000000e+00;-6.1562955e-02;2.5000000e+00;-5.8699112e-02;2.5000000e+00;-3.3566643e-02;2.5000000e+00;1.2628025e-02;2.5000000e+00;7.6633051e-02;2.5000000e+00;1.5538558e-01;2.5000000e+00;1.9883586e-01;2.5000000e+00;2.0710331e-01;2.5000000e+00;2.0101240e-01;2.5000000e+00;2.2736043e-01;2.5000000e+00;1.8838237e-01;2.5000000e+00;1.3208841e-01;2.5000000e+00;7.8796759e-02;2.5000000e+00;3.3164963e-02;2.5000000e+00;-1.1815734e-02;2.5000000e+00;-5.8880113e-02;2.5000000e+00;-1.0057604e-01;2.5000000e+00;-1.4437062e-01;2.5000000e+00;-6.1562955e-02;2.5000000e+00;-5.8699112e-02;2.5000000e+00;-3.3566643e-02;2.5000000e+00;1.2628025e-02;2.5000000e+00;7.6633051e-02;2.5000000e+00;1.5538558e-01;2.5000000e+00;1.9883586e-01;2.5000000e+00;2.0710331e-01;2.5000000e+00;2.0101240e-01;2.5000000e+00;2.2736043e-01;2.5000000e+00;1.8838237e-01;2.5000000e+00;1.3208841e-01;2.5000000e+00;7.8796759e-02;2.5000000e+00;3.3164963e-02;2.5000000e+00;-1.1815734e-02;2.5000000e+00;-5.8880113e-02;2.5000000e+00;-1.0057604e-01;2.5000000e+00;-1.4437062e-01;2.5000000e+00;-6.1562955e-02;2.5000000e+00;-5.8699112e-02;2.5000000e+00;-3.3566643e-02;2.5000000e+00;1.2628025e-02;2.5000000e+00;7.6633051e-02;2.5000000e+00;1.5538558e-01;2.5000000e+00;1.9883586e-01;2.5000000e+00;2.0710331e-01;2.5000000e+00;2.0101240e-01;2.5000000e+00;2.2736043e-01;2.5000000e+00;1.8838237e-01;2.5000000e+00;1.3208841e-01;2.5000000e+00;7.8796759e-02;2.5000000e+00;3.3164963e-02;2.5000000e+00;-1.1815734e-02;2.5000000e+00;-5.8880113e-02;2.5000000e+00;-1.0057604e-01;2.5000000e+00;-1.4437062e-01;2.5000000e+00;-6.1562955e-02;2.5000000e+00;-5.8699112e-02;2.5000000e+00;-3.3566643e-02;2.5000000e+00;1.2628025e-02;2.5000000e+00;7.6633051e-02;2.5000000e+00;1.5538558e-01;2.5000000e+00;1.9883586e-01;2.5000000e+00;2.0710331e-01;2.5000000e+00;2.0101240e-01;2.5000000e+00;2.2736043e-01;2.5000000e+00;1.8838237e-01;2.5000000e+00;1.3208841e-01;2.5000000e+00;7.8796759e-02;2.5000000e+00;3.3164963e-02;2.5000000e+00;-1.1815734e-02;2.5000000e+00;-5.8880113e-02;2.5000000e+00;-1.0057604e-01;2.5000000e+00;-1.4437062e-01;2.5000000e+00;-6.1562955e-02;2.5000000e+00;-5.8699112e-02;2.5000000e+00;-3.3566643e-02;2.5000000e+00;1.2628025e-02;2.5000000e+00;7.6633051e-02;2.5000000e+00;1.5538558e-01;2.5000000e+00;1.9883586e-01;2.5000000e+00;2.0710331e-01;2.5000000e+00;2.0101240e-01;2.5000000e+00;2.2736043e-01;2.5000000e+00;1.8838237e-01;2.5000000e+00;1.3208841e-01;2.5000000e+00;7.8796759e-02;2.5000000e+00;3.3164963e-02;2.5000000e+00;-1.1815734e-02;2.5000000e+00;-5.8880113e-02;2.5000000e+00;-1.0057604e-01;2.5000000e+00;-1.4437062e-01;2.5000000e+00;-6.1562955e-02;2.5000000e+00;-5.8699112e-02;2.5000000e+00;-3.3566643e-02;2.5000000e+00;1.2628025e-02;2.5000000e+00;7.6633051e-02;2.5000000e+00;1.5538558e-01;2.5000000e+00;1.9883586e-01;2.5000000e+00;2.0710331e-01;2.5000000e+00;2.0101240e-01;2.5000000e+00;2.2736043e-01;2.5000000e+00;1.8838237e-01;2.5000000e+00;1.3208841e-01;2.5000000e+00;7.8796759e-02;2.5000000e+00;3.3164963e-02;2.5000000e+00;-1.1815734e-02;2.5000000e+00;-5.8880113e-02;2.5000000e+00;-1.0057604e-01;2.5000000e+00;-1.4437062e-01;2.5000000e+00;-6.1562955e-02;2.5000000e+00;-5.8699112e-02;2.5000000e+00;-3.3566643e-02;2.5000000e+00;1.2628025e-02;2.5000000e+00;7.6633051e-02;2.5000000e+00;1.5538558e-01;2.5000000e+00;1.9883586e-01;2.5000000e+00;2.0710331e-01;2.5000000e+00;2.0101240e-01;2.5000000e+00;2.2736043e-01;2.5000000e+00;1.8838237e-01;2.5000000e+00;1.3208841e-01;2.5000000e+00;7.8796759e-02;2.5000000e+00;3.3164963e-02;2.5000000e+00;-1.1815734e-02;2.5000000e+00;-5.8880113e-02;2.5000000e+00;-1.0057604e-01;2.5000000e+00;-1.4437062e-01;2.5000000e+00;-6.1562955e-02;2.5000000e+00;-5.8699112e-02;2.5000000e+00;-3.3566643e-02;2.5000000e+00;1.2628025e-02;2.5000000e+00;7.6633051e-02;2.5000000e+00;1.5538558e-01;2.5000000e+00;1.9883586e-01;2.5000000e+00;2.0710331e-01;2.5000000e+00;2.0101240e-01;2.5000000e+00;2.2736043e-01;2.5000000e+00;1.8838237e-01;2.5000000e+00;1.3208841e-01;2.5000000e+00;7.8796759e-02;2.5000000e+00;3.3164963e-02;2.5000000e+00;-1.1815734e-02;2.5000000e+00;-5.8880113e-02;2.5000000e+00;-1.0057604e-01;2.5000000e+00;-1.4437062e-01;2.5000000e+00;-6.1562955e-02;2.5000000e+00;-5.8699112e-02;2.5000000e+00;-3.3566643e-02;2.5000000e+00;1.2628025e-02;2.5000000e+00;7.6633051e-02;2.5000000e+00;1.5538558e-01;2.5000000e+00;1.9883586e-01;2.5000000e+00;2.0710331e-01;2.5000000e+00;2.0101240e-01;2.5000000e+00;2.2736043e-01;2.5000000e+00;1.8838237e-01;2.5000000e+00;1.3208841e-01;2.5000000e+00;7.8796759e-02;2.5000000e+00;3.3164963e-02;2.5000000e+00;-1.1815734e-02;2.5000000e+00;-5.8880113e-02;2.5000000e+00;-1.0057604e-01;2.5000000e+00;-1.4437062e-01;2.5000000e+00;-6.1562955e-02;2.5000000e+00;-5.8699112e-02;2.5000000e+00;-3.3566643e-02;2.5000000e+00;1.2628025e-02;2.5000000e+00;7.6633051e-02;2.5000000e+00;1.5538558e-01;2.5000000e+00;1.9883586e-01;2.5000000e+00;2.0710331e-01;2.5000000e+00;2.0101240e-01;2.5000000e+00;2.2736043e-01;2.5000000e+00;1.8838237e-01;2.5000000e+00;1.3208841e-01;2.5000000e+00;7.8796759e-02;2.5000000e+00;3.3164963e-02;2.5000000e+00;-1.1815734e-02;2.5000000e+00;-5.8880113e-02;2.5000000e+00;-1.0057604e-01;2.5000000e+00;-1.4437062e-01;2.5000000e+00;-6.1562955e-02;2.5000000e+00;-5.8699112e-02;2.5000000e+00;-3.3566643e-02;2.5000000e+00;1.2628025e-02;2.5000000e+00;7.6633051e-02;2.5000000e+00;1.5538558e-01;2.5000000e+00;1.9883586e-01;2.5000000e+00;2.0710331e-01;2.5000000e+00;2.0101240e-01;2.5000000e+00;2.2736043e-01;2.5000000e+00;1.8838237e-01;2.5000000e+00;1.3208841e-01;2.5000000e+00;7.8796759e-02;2.5000000e+00;3.3164963e-02;2.5000000e+00;-1.1815734e-02;2.5000000e+00;-5.8880113e-02;2.5000000e+00;-1.0057604e-01;2.5000000e+00;-1.4437062e-01;2.5000000e+00;-6.1562955e-02;2.5000000e+00;-5.8699112e-02;2.5000000e+00;-3.3566643e-02;2.5000000e+00;1.2628025e-02;2.5000000e+00;7.6633051e-02;2.5000000e+00;1.5538558e-01;2.5000000e+00;1.9883586e-01;2.5000000e+00;2.0710331e-01;2.5000000e+00;2.0101240e-01;2.5000000e+00;2.2736043e-01;2.5000000e+00;1.8838237e-01;2.5000000e+00;1.3208841e-01;2.5000000e+00;7.8796759e-02;2.5000000e+00;3.3164963e-02;2.5000000e+00;-1.1815734e-02;2.5000000e+00;-5.8880113e-02;2.5000000e+00;-1.0057604e-01;2.5000000e+00;-1.4437062e-01;2.5000000e+00;-6.1562955e-02;2.5000000e+00;-5.8699112e-02;2.5000000e+00;-3.3566643e-02;2.5000000e+00;1.2628025e-02;2.5000000e+00;7.6633051e-02;2.5000000e+00;1.5538558e-01;2.5000000e+00;1.9883586e-01;2.5000000e+00;2.0710331e-01;2.5000000e+00;2.0101240e-01;2.5000000e+00;2.2736043e-01;2.5000000e+00;1.8838237e-01;2.5000000e+00;1.3208841e-01;2.5000000e+00;7.8796759e-02;2.5000000e+00;3.3164963e-02;2.5000000e+00;-1.1815734e-02;2.5000000e+00;-5.8880113e-02;2.5000000e+00;-1.0057604e-01;2.5000000e+00;-1.4437062e-01;2.5000000e+00;-6.1562955e-02;2.5000000e+00;-5.8699112e-02;2.5000000e+00;-3.3566643e-02;2.5000000e+00;1.2628025e-02;2.5000000e+00;7.6633051e-02;2.5000000e+00;1.5538558e-01;2.5000000e+00;1.9883586e-01;2.5000000e+00;2.0710331e-01;2.5000000e+00;2.0101240e-01;2.5000000e+00;2.2736043e-01;2.5000000e+00;1.8838237e-01;2.5000000e+00;1.3208841e-01;2.5000000e+00;7.8796759e-02;2.5000000e+00;3.3164963e-02;2.5000000e+00;-1.1815734e-02;2.5000000e+00;-5.8880113e-02;2.5000000e+00;-1.0057604e-01;2.5000000e+00;-1.4437062e-01;2.5000000e+00;-6.1562955e-02;2.5000000e+00;-5.8699112e-02;2.5000000e+00;-3.3566643e-02;2.5000000e+00;1.2628025e-02;2.5000000e+00;7.6633051e-02;2.5000000e+00;1.5538558e-01;2.5000000e+00;1.9883586e-01;2.5000000e+00;2.0710331e-01;2.5000000e+00;2.0101240e-01;2.5000000e+00;2.2736043e-01;2.5000000e+00;1.8838237e-01;2.5000000e+00;1.3208841e-01;2.5000000e+00;7.8796759e-02;2.5000000e+00;3.3164963e-02;2.5000000e+00;-1.1815734e-02;2.5000000e+00;-5.8880113e-02;2.5000000e+00;-1.0057604e-01;2.5000000e+00;-1.4437062e-01;2.5000000e+00;-6.1562955e-02;2.5000000e+00;-5.8699112e-02;2.5000000e+00;-3.3566643e-02;2.5000000e+00;1.2628025e-02;2.5000000e+00;7.6633051e-02;2.5000000e+00;1.5538558e-01;2.5000000e+00;1.9883586e-01;2.5000000e+00;2.0710331e-01;2.5000000e+00;2.0101240e-01;2.5000000e+00;2.2736043e-01;2.5000000e+00;1.8838237e-01;2.5000000e+00;1.3208841e-01;2.5000000e+00;7.8796759e-02;2.5000000e+00;3.3164963e-02;2.5000000e+00;-1.1815734e-02;2.5000000e+00;-5.8880113e-02;2.5000000e+00;-1.0057604e-01;2.5000000e+00;-1.4437062e-01;2.5000000e+00;-6.1562955e-02;2.5000000e+00;-5.8699112e-02;2.5000000e+00;-3.3566643e-02;2.5000000e+00;1.2628025e-02;2.5000000e+00;7.6633051e-02;2.5000000e+00;1.5538558e-01;2.5000000e+00;1.9883586e-01;2.5000000e+00;2.0710331e-01;2.5000000e+00;2.0101240e-01;2.5000000e+00;2.2736043e-01;2.5000000e+00;1.8838237e-01;2.5000000e+00;1.3208841e-01;2.5000000e+00;7.8796759e-02;2.5000000e+00;3.3164963e-02;2.5000000e+00;-1.1815734e-02;2.5000000e+00;-5.8880113e-02;2.5000000e+00;-1.0057604e-01;2.5000000e+00;-1.4437062e-01;2.5000000e+00;-6.1562955e-02;2.5000000e+00;-5.8699112e-02;2.5000000e+00;-3.3566643e-02;2.5000000e+00;1.2628025e-02;2.5000000e+00;7.6633051e-02;2.5000000e+00;1.5538558e-01;2.5000000e+00;1.9883586e-01;2.5000000e+00;2.0710331e-01;2.5000000e+00;2.0101240e-01;2.5000000e+00;2.2736043e-01;2.5000000e+00;1.8838237e-01;2.5000000e+00;1.3208841e-01;2.5000000e+00;7.8796759e-02;2.5000000e+00;3.3164963e-02;2.5000000e+00;-1.1815734e-02;2.5000000e+00;-5.8880113e-02;2.5000000e+00;-1.0057604e-01;2.5000000e+00;-1.4437062e-01;2.5000000e+00;-6.1562955e-02;2.5000000e+00;-5.8699112e-02;2.5000000e+00;-3.3566643e-02;2.5000000e+00;1.2628025e-02;2.5000000e+00;7.6633051e-02;2.5000000e+00;1.5538558e-01;2.5000000e+00;1.9883586e-01;2.5000000e+00;2.0710331e-01;2.5000000e+00;2.0101240e-01;2.5000000e+00;2.2736043e-01;2.5000000e+00;1.8838237e-01;2.5000000e+00;1.3208841e-01;2.5000000e+00;7.8796759e-02;2.5000000e+00;3.3164963e-02;2.5000000e+00;-1.1815734e-02;2.5000000e+00;-5.8880113e-02;2.5000000e+00;-1.0057604e-01;2.5000000e+00;-1.4437062e-01;2.5000000e+00;-6.1562955e-02;2.5000000e+00;-5.8699112e-02;2.5000000e+00;-3.3566643e-02;2.5000000e+00;1.2628025e-02;2.5000000e+00;7.6633051e-02;2.5000000e+00;1.5538558e-01;2.5000000e+00;1.9883586e-01;2.5000000e+00;2.0710331e-01;2.5000000e+00;2.0101240e-01;2.5000000e+00;2.2736043e-01;2.5000000e+00;1.8838237e-01;2.5000000e+00;1.3208841e-01;2.5000000e+00;7.8796759e-02;2.5000000e+00;3.3164963e-02;2.5000000e+00;-1.1815734e-02;2.5000000e+00;-5.8880113e-02;2.5000000e+00;-1.0057604e-01;2.5000000e+00;-1.4437062e-01;2.5000000e+00;-6.1562955e-02;2.5000000e+00;-5.8699112e-02;2.5000000e+00;-3.3566643e-02;2.5000000e+00;1.2628025e-02;2.5000000e+00;7.6633051e-02;2.5000000e+00;1.5538558e-01;2.5000000e+00;1.9883586e-01;2.5000000e+00;2.0710331e-01;2.5000000e+00;2.0101240e-01;2.5000000e+00;2.2736043e-01;2.5000000e+00;1.8838237e-01;2.5000000e+00;1.3208841e-01;2.5000000e+00;7.8796759e-02;2.5000000e+00;3.3164963e-02;2.5000000e+00;-1.1815734e-02;2.5000000e+00;-5.8880113e-02;2.5000000e+00;-1.0057604e-01;2.5000000e+00;-1.4437062e-01;2.5000000e+00;-6.1562955e-02;2.5000000e+00;-5.8699112e-02;2.5000000e+00;-3.3566643e-02;2.5000000e+00;1.2628025e-02;2.5000000e+00;7.6633051e-02;2.5000000e+00;1.5538558e-01;2.5000000e+00;1.9883586e-01;2.5000000e+00;2.0710331e-01;2.5000000e+00;2.0101240e-01;2.5000000e+00;2.2736043e-01;2.5000000e+00;1.8838237e-01;2.5000000e+00;1.3208841e-01;2.5000000e+00;7.8796759e-02;2.5000000e+00;3.3164963e-02;2.5000000e+00;-1.1815734e-02;2.5000000e+00;-5.8880113e-02;2.5000000e+00;-1.0057604e-01;2.5000000e+00;-1.4437062e-01;2.5000000e+00;-6.1562955e-02;2.5000000e+00;-5.8699112e-02;2.5000000e+00;-3.3566643e-02;2.5000000e+00;1.2628025e-02;2.5000000e+00;7.6633051e-02;2.5000000e+00;1.5538558e-01;2.5000000e+00;1.9883586e-01;2.5000000e+00;2.0710331e-01;2.5000000e+00;2.0101240e-01;2.5000000e+00;2.2736043e-01;2.5000000e+00;1.8838237e-01;2.5000000e+00;1.3208841e-01;2.5000000e+00;7.8796759e-02;2.5000000e+00;3.3164963e-02;2.5000000e+00;-1.1815734e-02;2.5000000e+00;-5.8880113e-02;2.5000000e+00;-1.0057604e-01;2.5000000e+00;-1.4437062e-01;2.5000000e+00;-6.1562955e-02;2.5000000e+00;-5.8699112e-02;2.5000000e+00;-3.3566643e-02;2.5000000e+00;1.2628025e-02;2.5000000e+00;7.6633051e-02;2.5000000e+00;1.5538558e-01;2.5000000e+00;1.9883586e-01;2.5000000e+00;2.0710331e-01;2.5000000e+00;2.0101240e-01;2.5000000e+00;2.2736043e-01;2.5000000e+00;1.8838237e-01;2.5000000e+00;1.3208841e-01;2.5000000e+00;7.8796759e-02;2.5000000e+00;3.3164963e-02;2.5000000e+00;-1.1815734e-02;2.5000000e+00;-5.8880113e-02;2.5000000e+00;-1.0057604e-01;2.5000000e+00;-1.4437062e-01;2.5000000e+00;-6.1562955e-02;2.5000000e+00;-5.8699112e-02;2.5000000e+00;-3.3566643e-02;2.5000000e+00;1.2628025e-02;2.5000000e+00;7.6633051e-02;2.5000000e+00;1.5538558e-01;2.5000000e+00;1.9883586e-01;2.5000000e+00;2.0710331e-01;2.5000000e+00;2.0101240e-01;2.5000000e+00;2.2736043e-01;2.5000000e+00;1.8838237e-01;2.5000000e+00;1.3208841e-01;2.5000000e+00;7.8796759e-02;2.5000000e+00;3.3164963e-02;2.5000000e+00;-1.1815734e-02;2.5000000e+00;-5.8880113e-02;2.5000000e+00;-1.0057604e-01;2.5000000e+00;-1.4437062e-01;2.5000000e+00;-6.1562955e-02;2.5000000e+00;-5.8699112e-02;2.5000000e+00;-3.3566643e-02;2.5000000e+00;1.2628025e-02;2.5000000e+00;7.6633051e-02;2.5000000e+00;1.5538558e-01;2.5000000e+00;1.9883586e-01;2.5000000e+00;2.0710331e-01;2.5000000e+00;2.0101240e-01;2.5000000e+00;2.2736043e-01;2.5000000e+00;1.8838237e-01;2.5000000e+00;1.3208841e-01;2.5000000e+00;7.8796759e-02;2.5000000e+00;3.3164963e-02;2.5000000e+00;-1.1815734e-02;2.5000000e+00;-5.8880113e-02;2.5000000e+00;-1.0057604e-01;2.5000000e+00;-1.4437062e-01;2.5000000e+00;-6.1562955e-02;2.5000000e+00;-5.8699112e-02;2.5000000e+00;-3.3566643e-02;2.5000000e+00;1.2628025e-02;2.5000000e+00;7.6633051e-02;2.5000000e+00;1.5538558e-01;2.5000000e+00;1.9883586e-01;2.5000000e+00;2.0710331e-01;2.5000000e+00;2.0101240e-01;2.5000000e+00;2.2736043e-01;2.5000000e+00;1.8838237e-01;2.5000000e+00;1.3208841e-01;2.5000000e+00;7.8796759e-02;2.5000000e+00;3.3164963e-02;2.5000000e+00;-1.1815734e-02;2.5000000e+00;-5.8880113e-02;2.5000000e+00;-1.0057604e-01;2.5000000e+00;-1.4437062e-01;2.5000000e+00;-6.1562955e-02;2.5000000e+00;-5.8699112e-02;2.5000000e+00;-3.3566643e-02;2.5000000e+00;1.2628025e-02;2.5000000e+00;7.6633051e-02;2.5000000e+00;1.5538558e-01;2.5000000e+00;1.9883586e-01;2.5000000e+00;2.0710331e-01;2.5000000e+00;2.0101240e-01;2.5000000e+00;2.2736043e-01;2.5000000e+00;1.8838237e-01;2.5000000e+00;1.3208841e-01;2.5000000e+00;7.8796759e-02;2.5000000e+00;3.3164963e-02;2.5000000e+00;-1.1815734e-02;2.5000000e+00;-5.8880113e-02;2.5000000e+00;-1.0057604e-01;2.5000000e+00;-1.4437062e-01;2.5000000e+00;-6.1562955e-02;2.5000000e+00;-5.8699112e-02;2.5000000e+00;-3.3566643e-02;2.5000000e+00;1.2628025e-02;2.5000000e+00;7.6633051e-02;2.5000000e+00;1.5538558e-01;2.5000000e+00;1.9883586e-01;2.5000000e+00;2.0710331e-01;2.5000000e+00;2.0101240e-01;2.5000000e+00;2.2736043e-01;2.5000000e+00;1.8838237e-01;2.5000000e+00;1.3208841e-01;2.5000000e+00;7.8796759e-02;2.5000000e+00;3.3164963e-02;2.5000000e+00;-1.1815734e-02;2.5000000e+00;-5.8880113e-02;2.5000000e+00;-1.0057604e-01;2.5000000e+00;-1.4437062e-01;2.5000000e+00;-6.1562955e-02;2.5000000e+00;-5.8699112e-02;2.5000000e+00;-3.3566643e-02;2.5000000e+00;1.2628025e-02;2.5000000e+00;7.6633051e-02;2.5000000e+00;1.5538558e-01;2.5000000e+00;1.9883586e-01;2.5000000e+00;2.0710331e-01;2.5000000e+00;2.0101240e-01;2.5000000e+00;2.2736043e-01;2.5000000e+00;1.8838237e-01;2.5000000e+00;1.3208841e-01;2.5000000e+00;7.8796759e-02;2.5000000e+00;3.3164963e-02;2.5000000e+00;-1.1815734e-02;2.5000000e+00;-5.8880113e-02;2.5000000e+00;-1.0057604e-01;2.5000000e+00;-1.4437062e-01;2.5000000e+00;-6.1562955e-02;2.5000000e+00;-5.8699112e-02;2.5000000e+00;-3.3566643e-02;2.5000000e+00;1.2628025e-02;2.5000000e+00;7.6633051e-02;2.5000000e+00;1.5538558e-01;2.5000000e+00;1.9883586e-01;2.5000000e+00;2.0710331e-01;2.5000000e+00;2.0101240e-01;2.5000000e+00;2.2736043e-01;2.5000000e+00;1.8838237e-01;2.5000000e+00;1.3208841e-01;2.5000000e+00;7.8796759e-02;2.5000000e+00;3.3164963e-02;2.5000000e+00;-1.1815734e-02;2.5000000e+00;-5.8880113e-02;2.5000000e+00;-1.0057604e-01;2.5000000e+00;-1.4437062e-01;2.5000000e+00;-6.1562955e-02;2.5000000e+00;-5.8699112e-02;2.5000000e+00;-3.3566643e-02;2.5000000e+00;1.2628025e-02;2.5000000e+00;7.6633051e-02;2.5000000e+00;1.5538558e-01;2.5000000e+00;1.9883586e-01;2.5000000e+00;2.0710331e-01;2.5000000e+00;2.0101240e-01;2.5000000e+00;2.2736043e-01;2.5000000e+00;1.8838237e-01;2.5000000e+00;1.3208841e-01;2.5000000e+00;7.8796759e-02;2.5000000e+00;3.3164963e-02;2.5000000e+00;-1.1815734e-02;2.5000000e+00;-5.8880113e-02;2.5000000e+00;-1.0057604e-01;2.5000000e+00;-1.4437062e-01;2.5000000e+00;-6.1562955e-02;2.5000000e+00;-5.8699112e-02;2.5000000e+00;-3.3566643e-02;2.5000000e+00;1.2628025e-02;2.5000000e+00;7.6633051e-02;2.5000000e+00;1.5538558e-01;2.5000000e+00;1.9883586e-01;2.5000000e+00;2.0710331e-01;2.5000000e+00;2.0101240e-01;2.5000000e+00;2.2736043e-01;2.5000000e+00;1.8838237e-01;2.5000000e+00;1.3208841e-01;2.5000000e+00;7.8796759e-02;2.5000000e+00;3.3164963e-02;2.5000000e+00;-1.1815734e-02;2.5000000e+00;-5.8880113e-02;2.5000000e+00;-1.0057604e-01;2.5000000e+00;-1.4437062e-01;2.5000000e+00;-6.1562955e-02;2.5000000e+00;-5.8699112e-02;2.5000000e+00;-3.3566643e-02;2.5000000e+00;1.2628025e-02;2.5000000e+00;7.6633051e-02;2.5000000e+00;1.5538558e-01;2.5000000e+00;1.9883586e-01;2.5000000e+00;2.0710331e-01;2.5000000e+00;2.0101240e-01;2.5000000e+00;2.2736043e-01;2.5000000e+00;1.8838237e-01;2.5000000e+00;1.3208841e-01;2.5000000e+00;7.8796759e-02;2.5000000e+00;3.3164963e-02;2.5000000e+00;-1.1815734e-02;2.5000000e+00;-5.8880113e-02;2.5000000e+00;-1.0057604e-01;2.5000000e+00;-1.4437062e-01;2.5000000e+00;-6.1562955e-02;2.5000000e+00;-5.8699112e-02;2.5000000e+00;-3.3566643e-02;2.5000000e+00;1.2628025e-02;2.5000000e+00;7.6633051e-02;2.5000000e+00;1.5538558e-01;2.5000000e+00;1.9883586e-01;2.5000000e+00;2.0710331e-01;2.5000000e+00;2.0101240e-01;2.5000000e+00;2.2736043e-01;2.5000000e+00;1.8838237e-01;2.5000000e+00;1.3208841e-01;2.5000000e+00;7.8796759e-02;2.5000000e+00;3.3164963e-02;2.5000000e+00;-1.1815734e-02;2.5000000e+00;-5.8880113e-02;2.5000000e+00;-1.0057604e-01;2.5000000e+00;-1.4437062e-01;2.5000000e+00;-6.1562955e-02;2.5000000e+00;-5.8699112e-02;2.5000000e+00;-3.3566643e-02;2.5000000e+00;1.2628025e-02;2.5000000e+00;7.6633051e-02;2.5000000e+00;1.5538558e-01;2.5000000e+00;1.9883586e-01;2.5000000e+00;2.0710331e-01;2.5000000e+00;2.0101240e-01;2.5000000e+00;2.2736043e-01;2.5000000e+00;1.8838237e-01;2.5000000e+00;1.3208841e-01;2.5000000e+00;7.8796759e-02;2.5000000e+00;3.3164963e-02;2.5000000e+00;-1.1815734e-02;2.5000000e+00;-5.8880113e-02;2.5000000e+00;-1.0057604e-01;2.5000000e+00;-1.4437062e-01;2.5000000e+00;-6.1562955e-02;2.5000000e+00;-5.8699112e-02;2.5000000e+00;-3.3566643e-02;2.5000000e+00;1.2628025e-02;2.5000000e+00;7.6633051e-02;2.5000000e+00;1.5538558e-01;2.5000000e+00;1.9883586e-01;2.5000000e+00;2.0710331e-01;2.5000000e+00;2.0101240e-01;2.5000000e+00;2.2736043e-01;2.5000000e+00;1.8838237e-01;2.5000000e+00;1.3208841e-01;2.5000000e+00;7.8796759e-02;2.5000000e+00;3.3164963e-02;2.5000000e+00;-1.1815734e-02;2.5000000e+00;-5.8880113e-02;2.5000000e+00;-1.0057604e-01;2.5000000e+00;-1.4437062e-01;2.5000000e+00;-6.1562955e-02;2.5000000e+00;-5.8699112e-02;2.5000000e+00;-3.3566643e-02;2.5000000e+00;1.2628025e-02;2.5000000e+00;7.6633051e-02;2.5000000e+00;1.5538558e-01;2.5000000e+00;1.9883586e-01;2.5000000e+00;2.0710331e-01;2.5000000e+00;2.0101240e-01;2.5000000e+00;2.2736043e-01;2.5000000e+00;1.8838237e-01;2.5000000e+00;1.3208841e-01;2.5000000e+00;7.8796759e-02;2.5000000e+00;3.3164963e-02;2.5000000e+00;-1.1815734e-02;2.5000000e+00;-5.8880113e-02;2.5000000e+00;-1.0057604e-01;2.5000000e+00;-1.4437062e-01;2.5000000e+00;-6.1562955e-02;2.5000000e+00;-5.8699112e-02;2.5000000e+00;-3.3566643e-02;2.5000000e+00;1.2628025e-02;2.5000000e+00;7.6633051e-02;2.5000000e+00;1.5538558e-01;2.5000000e+00;1.9883586e-01;2.5000000e+00;2.0710331e-01;2.5000000e+00;2.0101240e-01;2.5000000e+00;2.2736043e-01;2.5000000e+00;1.8838237e-01;2.5000000e+00;1.3208841e-01;2.5000000e+00;7.8796759e-02;2.5000000e+00;3.3164963e-02;2.5000000e+00;-1.1815734e-02;2.5000000e+00;-5.8880113e-02;2.5000000e+00;-1.0057604e-01;2.5000000e+00;-1.4437062e-01;2.5000000e+00;-6.1562955e-02;2.5000000e+00;-5.8699112e-02;2.5000000e+00;-3.3566643e-02;2.5000000e+00;1.2628025e-02;2.5000000e+00;7.6633051e-02;2.5000000e+00;1.5538558e-01;2.5000000e+00;1.9883586e-01;2.5000000e+00;2.0710331e-01;2.5000000e+00;2.0101240e-01;2.5000000e+00;2.2736043e-01;2.5000000e+00;1.8838237e-01;2.5000000e+00;1.3208841e-01;2.5000000e+00;7.8796759e-02;2.5000000e+00;3.3164963e-02;2.5000000e+00;-1.1815734e-02;2.5000000e+00;-5.8880113e-02;2.5000000e+00;-1.0057604e-01;2.5000000e+00;-1.4437062e-01;2.5000000e+00;-6.1562955e-02;2.5000000e+00;-5.8699112e-02;2.5000000e+00;-3.3566643e-02;2.5000000e+00;1.2628025e-02;2.5000000e+00;7.6633051e-02;2.5000000e+00;1.5538558e-01;2.5000000e+00;1.9883586e-01;2.5000000e+00;2.0710331e-01;2.5000000e+00;2.0101240e-01;2.5000000e+00;2.2736043e-01;2.5000000e+00;1.8838237e-01;2.5000000e+00;1.3208841e-01;2.5000000e+00;7.8796759e-02;2.5000000e+00;3.3164963e-02;2.5000000e+00;-1.1815734e-02;2.5000000e+00;-5.8880113e-02;2.5000000e+00;-1.0057604e-01;2.5000000e+00;-1.4437062e-01;2.5000000e+00;-6.1562955e-02;2.5000000e+00;-5.8699112e-02;2.5000000e+00;-3.3566643e-02;2.5000000e+00;1.2628025e-02;2.5000000e+00;7.6633051e-02;2.5000000e+00;1.5538558e-01;2.5000000e+00;1.9883586e-01;2.5000000e+00;2.0710331e-01;2.5000000e+00;2.0101240e-01;2.5000000e+00;2.2736043e-01;2.5000000e+00;1.8838237e-01;2.5000000e+00;1.3208841e-01;2.5000000e+00;7.8796759e-02;2.5000000e+00;3.3164963e-02;2.5000000e+00;-1.1815734e-02;2.5000000e+00;-5.8880113e-02;2.5000000e+00;-1.0057604e-01;2.5000000e+00;-1.4437062e-01;2.5000000e+00;-6.1562955e-02;2.5000000e+00;-5.8699112e-02;2.5000000e+00;-3.3566643e-02;2.5000000e+00;1.2628025e-02;2.5000000e+00;7.6633051e-02;2.5000000e+00;1.5538558e-01;2.5000000e+00;1.9883586e-01;2.5000000e+00;2.0710331e-01;2.5000000e+00;2.0101240e-01;2.5000000e+00;2.2736043e-01;2.5000000e+00;1.8838237e-01;2.5000000e+00;1.3208841e-01;2.5000000e+00;7.8796759e-02;2.5000000e+00;3.3164963e-02;2.5000000e+00;-1.1815734e-02;2.5000000e+00;-5.8880113e-02;2.5000000e+00;-1.0057604e-01;2.5000000e+00;-1.4437062e-01;2.5000000e+00;-6.1562955e-02;2.5000000e+00;-5.8699112e-02;2.5000000e+00;-3.3566643e-02;2.5000000e+00;1.2628025e-02;2.5000000e+00;7.6633051e-02;2.5000000e+00;1.5538558e-01;2.5000000e+00;1.9883586e-01;2.5000000e+00;2.0710331e-01;2.5000000e+00;2.0101240e-01;2.5000000e+00;2.2736043e-01;2.5000000e+00;1.8838237e-01;2.5000000e+00;1.3208841e-01;2.5000000e+00;7.8796759e-02;2.5000000e+00;3.3164963e-02;2.5000000e+00;-1.1815734e-02;2.5000000e+00;-5.8880113e-02;2.5000000e+00;-1.0057604e-01;2.5000000e+00;-1.4437062e-01;2.5000000e+00;-6.1562955e-02;2.5000000e+00;-5.8699112e-02;2.5000000e+00;-3.3566643e-02;2.5000000e+00;1.2628025e-02;2.5000000e+00;7.6633051e-02;2.5000000e+00;1.5538558e-01;2.5000000e+00;1.9883586e-01;2.5000000e+00;2.0710331e-01;2.5000000e+00;2.0101240e-01;2.5000000e+00;2.2736043e-01;2.5000000e+00;1.8838237e-01;2.5000000e+00;1.3208841e-01;2.5000000e+00;7.8796759e-02;2.5000000e+00;3.3164963e-02;2.5000000e+00;-1.1815734e-02;2.5000000e+00;-5.8880113e-02;2.5000000e+00;-1.0057604e-01;2.5000000e+00;-1.4437062e-01;2.5000000e+00;-6.1562955e-02;2.5000000e+00;-5.8699112e-02;2.5000000e+00;-3.3566643e-02;2.5000000e+00;1.2628025e-02;2.5000000e+00;7.6633051e-02;2.5000000e+00;1.5538558e-01;2.5000000e+00;1.9883586e-01;2.5000000e+00;2.0710331e-01;2.5000000e+00;2.0101240e-01;2.5000000e+00;2.2736043e-01;2.5000000e+00;1.8838237e-01;2.5000000e+00;1.3208841e-01;2.5000000e+00;7.8796759e-02;2.5000000e+00;3.3164963e-02;2.5000000e+00;-1.1815734e-02;2.5000000e+00;-5.8880113e-02;2.5000000e+00;-1.0057604e-01;2.5000000e+00;-1.4437062e-01;2.5000000e+00;-6.1562955e-02;2.5000000e+00;-5.8699112e-02;2.5000000e+00;-3.3566643e-02;2.5000000e+00;1.2628025e-02;2.5000000e+00;7.6633051e-02;2.5000000e+00;1.5538558e-01;2.5000000e+00;1.9883586e-01;2.5000000e+00;2.0710331e-01;2.5000000e+00;2.0101240e-01;2.5000000e+00;2.2736043e-01;2.5000000e+00;1.8838237e-01;2.5000000e+00;1.3208841e-01;2.5000000e+00;7.8796759e-02;2.5000000e+00;3.3164963e-02;2.5000000e+00;-1.1815734e-02;2.5000000e+00;-5.8880113e-02;2.5000000e+00;-1.0057604e-01;2.5000000e+00;-1.4437062e-01;2.5000000e+00;-6.1562955e-02;2.5000000e+00;-5.8699112e-02;2.5000000e+00;-3.3566643e-02;2.5000000e+00;1.2628025e-02;2.5000000e+00;7.6633051e-02;2.5000000e+00;1.5538558e-01;2.5000000e+00;1.9883586e-01;2.5000000e+00;2.0710331e-01;2.5000000e+00;2.0101240e-01;2.5000000e+00;2.2736043e-01;2.5000000e+00;1.8838237e-01;2.5000000e+00;1.3208841e-01;2.5000000e+00;7.8796759e-02;2.5000000e+00;3.3164963e-02;2.5000000e+00;-1.1815734e-02;2.5000000e+00;-5.8880113e-02;2.5000000e+00;-1.0057604e-01;2.5000000e+00;-1.4437062e-01;2.5000000e+00;-6.1562955e-02;2.5000000e+00;-5.8699112e-02;2.5000000e+00;-3.3566643e-02;2.5000000e+00;1.2628025e-02;2.5000000e+00;7.6633051e-02;2.5000000e+00;1.5538558e-01;2.5000000e+00;1.9883586e-01;2.5000000e+00;2.0710331e-01;2.5000000e+00;2.0101240e-01;2.5000000e+00;2.2736043e-01;2.5000000e+00;1.8838237e-01;2.5000000e+00;1.3208841e-01;2.5000000e+00;7.8796759e-02;2.5000000e+00;3.3164963e-02;2.5000000e+00;-1.1815734e-02;2.5000000e+00;-5.8880113e-02;2.5000000e+00;-1.0057604e-01;2.5000000e+00;-1.4437062e-01;2.5000000e+00;-6.1562955e-02;2.5000000e+00;-5.8699112e-02;2.5000000e+00;-3.3566643e-02;2.5000000e+00;1.2628025e-02;2.5000000e+00;7.6633051e-02;2.5000000e+00;1.5538558e-01;2.5000000e+00;1.9883586e-01;2.5000000e+00;2.0710331e-01;2.5000000e+00;2.0101240e-01;2.5000000e+00;2.2736043e-01;2.5000000e+00;1.8838237e-01;2.5000000e+00;1.3208841e-01;2.5000000e+00;7.8796759e-02;2.5000000e+00;3.3164963e-02;2.5000000e+00;-1.1815734e-02;2.5000000e+00;-5.8880113e-02;2.5000000e+00;-1.0057604e-01;2.5000000e+00;-1.4437062e-01;2.5000000e+00;-6.1562955e-02;2.5000000e+00;-5.8699112e-02;2.5000000e+00;-3.3566643e-02;2.5000000e+00;1.2628025e-02;2.5000000e+00;7.6633051e-02;2.5000000e+00;1.5538558e-01;2.5000000e+00;1.9883586e-01;2.5000000e+00;2.0710331e-01;2.5000000e+00;2.0101240e-01;2.5000000e+00;2.2736043e-01;2.5000000e+00;1.8838237e-01;2.5000000e+00;1.3208841e-01;2.5000000e+00;7.8796759e-02;2.5000000e+00;3.3164963e-02;2.5000000e+00;-1.1815734e-02;2.5000000e+00;-5.8880113e-02;2.5000000e+00;-1.0057604e-01;2.5000000e+00;-1.4437062e-01;2.5000000e+00;-6.1562955e-02;2.5000000e+00;-5.8699112e-02;2.5000000e+00;-3.3566643e-02;2.5000000e+00;1.2628025e-02;2.5000000e+00;7.6633051e-02;2.5000000e+00;1.5538558e-01;2.5000000e+00;1.9883586e-01;2.5000000e+00;2.0710331e-01;2.5000000e+00;2.0101240e-01;2.5000000e+00;2.2736043e-01;2.5000000e+00;1.8838237e-01;2.5000000e+00;1.3208841e-01;2.5000000e+00;7.8796759e-02;2.5000000e+00;3.3164963e-02;2.5000000e+00;-1.1815734e-02;2.5000000e+00;-5.8880113e-02;2.5000000e+00;-1.0057604e-01;2.5000000e+00;-1.4437062e-01;2.5000000e+00;-6.1562955e-02;2.5000000e+00;-5.8699112e-02;2.5000000e+00;-3.3566643e-02;2.5000000e+00;1.2628025e-02;2.5000000e+00;7.6633051e-02;2.5000000e+00;1.5538558e-01;2.5000000e+00;1.9883586e-01;2.5000000e+00;2.0710331e-01;2.5000000e+00;2.0101240e-01;2.5000000e+00;2.2736043e-01;2.5000000e+00;1.8838237e-01;2.5000000e+00;1.3208841e-01;2.5000000e+00;7.8796759e-02;2.5000000e+00;3.3164963e-02;2.5000000e+00;-1.1815734e-02;2.5000000e+00;-5.8880113e-02;2.5000000e+00;-1.0057604e-01;2.5000000e+00;-1.4437062e-01;2.5000000e+00;-6.1562955e-02;2.5000000e+00;-5.8699112e-02;2.5000000e+00;-3.3566643e-02;2.5000000e+00;1.2628025e-02;2.5000000e+00;7.6633051e-02;2.5000000e+00;1.5538558e-01;2.5000000e+00;1.9883586e-01;2.5000000e+00;2.0710331e-01;2.5000000e+00;2.0101240e-01;2.5000000e+00;2.2736043e-01;2.5000000e+00;1.8838237e-01;2.5000000e+00;1.3208841e-01;2.5000000e+00;7.8796759e-02;2.5000000e+00;3.3164963e-02;2.5000000e+00;-1.1815734e-02;2.5000000e+00;-5.8880113e-02;2.5000000e+00;-1.0057604e-01;2.5000000e+00;-1.4437062e-01;2.5000000e+00;-6.1562955e-02;2.5000000e+00;-5.8699112e-02;2.5000000e+00;-3.3566643e-02;2.5000000e+00;1.2628025e-02;2.5000000e+00;7.6633051e-02;2.5000000e+00;1.5538558e-01;2.5000000e+00;1.9883586e-01;2.5000000e+00;2.0710331e-01;2.5000000e+00;2.0101240e-01;2.5000000e+00;2.2736043e-01;2.5000000e+00;1.8838237e-01;2.5000000e+00;1.3208841e-01;2.5000000e+00;7.8796759e-02;2.5000000e+00;3.3164963e-02;2.5000000e+00;-1.1815734e-02;2.5000000e+00;-5.8880113e-02;2.5000000e+00;-1.0057604e-01;2.5000000e+00;-1.4437062e-01;2.5000000e+00;-6.1562955e-02;2.5000000e+00;-5.8699112e-02;2.5000000e+00;-3.3566643e-02;2.5000000e+00;1.2628025e-02;2.5000000e+00;7.6633051e-02;2.5000000e+00;1.5538558e-01;2.5000000e+00;1.9883586e-01;2.5000000e+00;2.0710331e-01;2.5000000e+00;2.0101240e-01;2.5000000e+00;2.2736043e-01;2.5000000e+00;1.8838237e-01;2.5000000e+00;1.3208841e-01;2.5000000e+00;7.8796759e-02;2.5000000e+00;3.3164963e-02;2.5000000e+00;-1.1815734e-02;2.5000000e+00;-5.8880113e-02;2.5000000e+00;-1.0057604e-01;2.5000000e+00;-1.4437062e-01;2.5000000e+00;-6.1562955e-02;2.5000000e+00;-5.8699112e-02;2.5000000e+00;-3.3566643e-02;2.5000000e+00;1.2628025e-02;2.5000000e+00;7.6633051e-02;2.5000000e+00;1.5538558e-01;2.5000000e+00;1.9883586e-01;2.5000000e+00;2.0710331e-01;2.5000000e+00;2.0101240e-01;2.5000000e+00;2.2736043e-01;2.5000000e+00;1.8838237e-01;2.5000000e+00;1.3208841e-01;2.5000000e+00;7.8796759e-02;2.5000000e+00;3.3164963e-02;2.5000000e+00;-1.1815734e-02;2.5000000e+00;-5.8880113e-02;2.5000000e+00;-1.0057604e-01;2.5000000e+00;-1.4437062e-01;2.5000000e+00;-6.1562955e-02;2.5000000e+00;-5.8699112e-02;2.5000000e+00;-3.3566643e-02;2.5000000e+00;1.2628025e-02;2.5000000e+00;7.6633051e-02;2.5000000e+00;1.5538558e-01;2.5000000e+00;1.9883586e-01;2.5000000e+00;2.0710331e-01;2.5000000e+00;2.0101240e-01;2.5000000e+00;2.2736043e-01;2.5000000e+00;1.8838237e-01;2.5000000e+00;1.3208841e-01;2.5000000e+00;7.8796759e-02;2.5000000e+00;3.3164963e-02;2.5000000e+00;-1.1815734e-02;2.5000000e+00;-5.8880113e-02;2.5000000e+00;-1.0057604e-01;2.5000000e+00;-1.4437062e-01;2.5000000e+00;-6.1562955e-02;2.5000000e+00;-5.8699112e-02;2.5000000e+00;-3.3566643e-02;2.5000000e+00;1.2628025e-02;2.5000000e+00;7.6633051e-02;2.5000000e+00;1.5538558e-01;2.5000000e+00;1.9883586e-01;2.5000000e+00;2.0710331e-01;2.5000000e+00;2.0101240e-01;2.5000000e+00;2.2736043e-01;2.5000000e+00;1.8838237e-01;2.5000000e+00;1.3208841e-01;2.5000000e+00;7.8796759e-02;2.5000000e+00;3.3164963e-02;2.5000000e+00;-1.1815734e-02;2.5000000e+00;-5.8880113e-02;2.5000000e+00;-1.0057604e-01;2.5000000e+00;-1.4437062e-01;2.5000000e+00;-6.1562955e-02;2.5000000e+00;-5.8699112e-02;2.5000000e+00;-3.3566643e-02;2.5000000e+00;1.2628025e-02;2.5000000e+00;7.6633051e-02;2.5000000e+00;1.5538558e-01;2.5000000e+00;1.9883586e-01;2.5000000e+00;2.0710331e-01;2.5000000e+00;2.0101240e-01;2.5000000e+00;2.2736043e-01;2.5000000e+00;1.8838237e-01;2.5000000e+00;1.3208841e-01;2.5000000e+00;7.8796759e-02;2.5000000e+00;3.3164963e-02;2.5000000e+00;-1.1815734e-02;2.5000000e+00;-5.8880113e-02;2.5000000e+00;-1.0057604e-01;2.5000000e+00;-1.4437062e-01;2.5000000e+00;-6.1562955e-02;2.5000000e+00;-5.8699112e-02;2.5000000e+00;-3.3566643e-02;2.5000000e+00;1.2628025e-02;2.5000000e+00;7.6633051e-02;2.5000000e+00;1.5538558e-01;2.5000000e+00;1.9883586e-01;2.5000000e+00;2.0710331e-01;2.5000000e+00;2.0101240e-01;2.5000000e+00;2.2736043e-01;2.5000000e+00;1.8838237e-01;2.5000000e+00;1.3208841e-01;2.5000000e+00;7.8796759e-02;2.5000000e+00;3.3164963e-02;2.5000000e+00;-1.1815734e-02;2.5000000e+00;-5.8880113e-02;2.5000000e+00;-1.0057604e-01;2.5000000e+00;-1.4437062e-01;2.5000000e+00;-6.1562955e-02;2.5000000e+00;-5.8699112e-02;2.5000000e+00;-3.3566643e-02;2.5000000e+00;1.2628025e-02;2.5000000e+00;7.6633051e-02;2.5000000e+00;1.5538558e-01;2.5000000e+00;1.9883586e-01;2.5000000e+00;2.0710331e-01;2.5000000e+00;2.0101240e-01;2.5000000e+00;2.2736043e-01;2.5000000e+00;1.8838237e-01;2.5000000e+00;1.3208841e-01;2.5000000e+00;7.8796759e-02;2.5000000e+00;3.3164963e-02;2.5000000e+00;-1.1815734e-02;2.5000000e+00;-5.8880113e-02;2.5000000e+00;-1.0057604e-01;2.5000000e+00;-1.4437062e-01;2.5000000e+00;-6.1562955e-02;2.5000000e+00;-5.8699112e-02;2.5000000e+00;-3.3566643e-02;2.5000000e+00;1.2628025e-02;2.5000000e+00;7.6633051e-02;2.5000000e+00;1.5538558e-01;2.5000000e+00;1.9883586e-01;2.5000000e+00;2.0710331e-01;2.5000000e+00;2.0101240e-01;2.5000000e+00;2.2736043e-01;2.5000000e+00;1.8838237e-01;2.5000000e+00;1.3208841e-01;2.5000000e+00;7.8796759e-02;2.5000000e+00;3.3164963e-02;2.5000000e+00;-1.1815734e-02;2.5000000e+00;-5.8880113e-02;2.5000000e+00;-1.0057604e-01;2.5000000e+00;-1.4437062e-01;2.5000000e+00;-6.1562955e-02;2.5000000e+00;-5.8699112e-02;2.5000000e+00;-3.3566643e-02;2.5000000e+00;1.2628025e-02;2.5000000e+00;7.6633051e-02;2.5000000e+00;1.5538558e-01;2.5000000e+00;1.9883586e-01;2.5000000e+00;2.0710331e-01;2.5000000e+00;2.0101240e-01;2.5000000e+00;2.2736043e-01;2.5000000e+00;1.8838237e-01;2.5000000e+00;1.3208841e-01;2.5000000e+00;7.8796759e-02;2.5000000e+00;3.3164963e-02;2.5000000e+00;-1.1815734e-02;2.5000000e+00;-5.8880113e-02;2.5000000e+00;-1.0057604e-01;2.5000000e+00;-1.4437062e-01;2.5000000e+00;-6.1562955e-02;2.5000000e+00;-5.8699112e-02;2.5000000e+00;-3.3566643e-02;2.5000000e+00;1.2628025e-02;2.5000000e+00;7.6633051e-02;2.5000000e+00;1.5538558e-01;2.5000000e+00;1.9883586e-01;2.5000000e+00;2.0710331e-01;2.5000000e+00;2.0101240e-01;2.5000000e+00;2.2736043e-01;2.5000000e+00;1.8838237e-01;2.5000000e+00;1.3208841e-01;2.5000000e+00;7.8796759e-02;2.5000000e+00;3.3164963e-02;2.5000000e+00;-1.1815734e-02;2.5000000e+00;-5.8880113e-02;2.5000000e+00;-1.0057604e-01;2.5000000e+00;-1.4437062e-01;2.5000000e+00;-6.1562955e-02;2.5000000e+00;-5.8699112e-02;2.5000000e+00;-3.3566643e-02;2.5000000e+00;1.2628025e-02;2.5000000e+00;7.6633051e-02;2.5000000e+00;1.5538558e-01;2.5000000e+00;1.9883586e-01;2.5000000e+00;2.0710331e-01;2.5000000e+00;2.0101240e-01;2.5000000e+00;2.2736043e-01;2.5000000e+00;1.8838237e-01;2.5000000e+00;1.3208841e-01;2.5000000e+00;7.8796759e-02;2.5000000e+00;3.3164963e-02;2.5000000e+00;-1.1815734e-02;2.5000000e+00;-5.8880113e-02;2.5000000e+00;-1.0057604e-01;2.5000000e+00;-1.4437062e-01;2.5000000e+00;-6.1562955e-02;2.5000000e+00;-5.8699112e-02;2.5000000e+00;-3.3566643e-02;2.5000000e+00;1.2628025e-02;2.5000000e+00;7.6633051e-02;2.5000000e+00;1.5538558e-01;2.5000000e+00;1.9883586e-01;2.5000000e+00;2.0710331e-01;2.5000000e+00;2.0101240e-01;2.5000000e+00;2.2736043e-01;2.5000000e+00;1.8838237e-01;2.5000000e+00;1.3208841e-01;2.5000000e+00;7.8796759e-02;2.5000000e+00;3.3164963e-02;2.5000000e+00;-1.1815734e-02;2.5000000e+00;-5.8880113e-02;2.5000000e+00;-1.0057604e-01;2.5000000e+00;-1.4437062e-01;2.5000000e+00;-6.1562955e-02;2.5000000e+00;-5.8699112e-02;2.5000000e+00;-3.3566643e-02;2.5000000e+00;1.2628025e-02;2.5000000e+00;7.6633051e-02;2.5000000e+00;1.5538558e-01;2.5000000e+00;1.9883586e-01;2.5000000e+00;2.0710331e-01;2.5000000e+00;2.0101240e-01;2.5000000e+00;2.2736043e-01;2.5000000e+00;1.8838237e-01;2.5000000e+00;1.3208841e-01;2.5000000e+00;7.8796759e-02;2.5000000e+00;3.3164963e-02;2.5000000e+00;-1.1815734e-02;2.5000000e+00;-5.8880113e-02;2.5000000e+00;-1.0057604e-01;2.5000000e+00;-1.4437062e-01;2.5000000e+00;-6.1562955e-02;2.5000000e+00;-5.8699112e-02;2.5000000e+00;-3.3566643e-02;2.5000000e+00;1.2628025e-02;2.5000000e+00;7.6633051e-02;2.5000000e+00;1.5538558e-01;2.5000000e+00;1.9883586e-01;2.5000000e+00;2.0710331e-01;2.5000000e+00;2.0101240e-01;2.5000000e+00;2.2736043e-01;2.5000000e+00;1.8838237e-01;2.5000000e+00;1.3208841e-01;2.5000000e+00;7.8796759e-02;2.5000000e+00;3.3164963e-02;2.5000000e+00;-1.1815734e-02;2.5000000e+00;-5.8880113e-02;2.5000000e+00;-1.0057604e-01;2.5000000e+00;-1.4437062e-01;2.5000000e+00;-6.1562955e-02;2.5000000e+00;-5.8699112e-02;2.5000000e+00;-3.3566643e-02;2.5000000e+00;1.2628025e-02;2.5000000e+00;7.6633051e-02;2.5000000e+00;1.5538558e-01;2.5000000e+00;1.9883586e-01;2.5000000e+00;2.0710331e-01;2.5000000e+00;2.0101240e-01;2.5000000e+00;2.2736043e-01;2.5000000e+00;1.8838237e-01;2.5000000e+00;1.3208841e-01;2.5000000e+00;7.8796759e-02;2.5000000e+00;3.3164963e-02;2.5000000e+00;-1.1815734e-02;2.5000000e+00;-5.8880113e-02;2.5000000e+00;-1.0057604e-01;2.5000000e+00;-1.4437062e-01;2.5000000e+00;-6.1562955e-02;2.5000000e+00;-5.8699112e-02;2.5000000e+00;-3.3566643e-02;2.5000000e+00;1.2628025e-02;2.5000000e+00;7.6633051e-02;2.5000000e+00;1.5538558e-01;2.5000000e+00;1.9883586e-01;2.5000000e+00;2.0710331e-01;2.5000000e+00;2.0101240e-01;2.5000000e+00;2.2736043e-01;2.5000000e+00;1.8838237e-01;2.5000000e+00;1.3208841e-01;2.5000000e+00;7.8796759e-02;2.5000000e+00;3.3164963e-02;2.5000000e+00;-1.1815734e-02;2.5000000e+00;-5.8880113e-02;2.5000000e+00;-1.0057604e-01;2.5000000e+00;-1.4437062e-01;2.5000000e+00;-6.1562955e-02;2.5000000e+00;-5.8699112e-02;2.5000000e+00;-3.3566643e-02;2.5000000e+00;1.2628025e-02;2.5000000e+00;7.6633051e-02;2.5000000e+00;1.5538558e-01;2.5000000e+00;1.9883586e-01;2.5000000e+00;2.0710331e-01;2.5000000e+00;2.0101240e-01;2.5000000e+00;2.2736043e-01;2.5000000e+00;1.8838237e-01;2.5000000e+00;1.3208841e-01;2.5000000e+00;7.8796759e-02;2.5000000e+00;3.3164963e-02;2.5000000e+00;-1.1815734e-02;2.5000000e+00;-5.8880113e-02;2.5000000e+00;-1.0057604e-01;2.5000000e+00;-1.4437062e-01;2.5000000e+00;-6.1562955e-02;2.5000000e+00;-5.8699112e-02;2.5000000e+00;-3.3566643e-02;2.5000000e+00;1.2628025e-02;2.5000000e+00;7.6633051e-02;2.5000000e+00;1.5538558e-01;2.5000000e+00;1.9883586e-01;2.5000000e+00;2.0710331e-01;2.5000000e+00;2.0101240e-01;2.5000000e+00;2.2736043e-01;2.5000000e+00;1.8838237e-01;2.5000000e+00;1.3208841e-01;2.5000000e+00;7.8796759e-02;2.5000000e+00;3.3164963e-02;2.5000000e+00;-1.1815734e-02;2.5000000e+00;-5.8880113e-02;2.5000000e+00;-1.0057604e-01;2.5000000e+00;-1.4437062e-01;2.5000000e+00;-6.1562955e-02;2.5000000e+00;-5.8699112e-02;2.5000000e+00;-3.3566643e-02;2.5000000e+00;1.2628025e-02;2.5000000e+00;7.6633051e-02;2.5000000e+00;1.5538558e-01;2.5000000e+00;1.9883586e-01;2.5000000e+00;2.0710331e-01;2.5000000e+00;2.0101240e-01;2.5000000e+00;2.2736043e-01;2.5000000e+00;1.8838237e-01;2.5000000e+00;1.3208841e-01;2.5000000e+00;7.8796759e-02;2.5000000e+00;3.3164963e-02;2.5000000e+00;-1.1815734e-02;2.5000000e+00;-5.8880113e-02;2.5000000e+00;-1.0057604e-01;2.5000000e+00;-1.4437062e-01;2.5000000e+00;-6.1562955e-02;2.5000000e+00;-5.8699112e-02;2.5000000e+00;-3.3566643e-02;2.5000000e+00;1.2628025e-02;2.5000000e+00;7.6633051e-02;2.5000000e+00;1.5538558e-01;2.5000000e+00;1.9883586e-01;2.5000000e+00;2.0710331e-01;2.5000000e+00;2.0101240e-01;2.5000000e+00;2.2736043e-01;2.5000000e+00;1.8838237e-01;2.5000000e+00;1.3208841e-01;2.5000000e+00;7.8796759e-02;2.5000000e+00;3.3164963e-02;2.5000000e+00;-1.1815734e-02;2.5000000e+00;-5.8880113e-02;2.5000000e+00;-1.0057604e-01;2.5000000e+00;-1.4437062e-01;2.5000000e+00;-6.1562955e-02;2.5000000e+00;-5.8699112e-02;2.5000000e+00;-3.3566643e-02;2.5000000e+00;1.2628025e-02;2.5000000e+00;7.6633051e-02;2.5000000e+00;1.5538558e-01;2.5000000e+00;1.9883586e-01;2.5000000e+00;2.0710331e-01;2.5000000e+00;2.0101240e-01;2.5000000e+00;2.2736043e-01;2.5000000e+00;1.8838237e-01;2.5000000e+00;1.3208841e-01;2.5000000e+00;7.8796759e-02;2.5000000e+00;3.3164963e-02;2.5000000e+00;-1.1815734e-02;2.5000000e+00;-5.8880113e-02;2.5000000e+00;-1.0057604e-01;2.5000000e+00;-1.4437062e-01;2.5000000e+00;-6.1562955e-02;2.5000000e+00;-5.8699112e-02;2.5000000e+00;-3.3566643e-02;2.5000000e+00;1.2628025e-02;2.5000000e+00;7.6633051e-02;2.5000000e+00;1.5538558e-01;2.5000000e+00;1.9883586e-01;2.5000000e+00;2.0710331e-01;2.5000000e+00;2.0101240e-01;2.5000000e+00;2.2736043e-01;2.5000000e+00;1.8838237e-01;2.5000000e+00;1.3208841e-01;2.5000000e+00;7.8796759e-02;2.5000000e+00;3.3164963e-02;2.5000000e+00;-1.1815734e-02;2.5000000e+00;-5.8880113e-02;2.5000000e+00;-1.0057604e-01;2.5000000e+00;-1.4437062e-01;2.5000000e+00;-6.1562955e-02;2.5000000e+00;-5.8699112e-02;2.5000000e+00;-3.3566643e-02;2.5000000e+00;1.2628025e-02;2.5000000e+00;7.6633051e-02;2.5000000e+00;1.5538558e-01;2.5000000e+00;1.9883586e-01;2.5000000e+00;2.0710331e-01;2.5000000e+00;2.0101240e-01;2.5000000e+00;2.2736043e-01;2.5000000e+00;1.8838237e-01;2.5000000e+00;1.3208841e-01;2.5000000e+00;7.8796759e-02;2.5000000e+00;3.3164963e-02;2.5000000e+00;-1.1815734e-02;2.5000000e+00;-5.8880113e-02;2.5000000e+00;-1.0057604e-01;2.5000000e+00;-1.4437062e-01;2.5000000e+00;-6.1562955e-02;2.5000000e+00;-5.8699112e-02;2.5000000e+00;-3.3566643e-02;2.5000000e+00;1.2628025e-02;2.5000000e+00;7.6633051e-02;2.5000000e+00;1.5538558e-01;2.5000000e+00;1.9883586e-01;2.5000000e+00;2.0710331e-01;2.5000000e+00;2.0101240e-01;2.5000000e+00;2.2736043e-01;2.5000000e+00;1.8838237e-01;2.5000000e+00;1.3208841e-01;2.5000000e+00;7.8796759e-02;2.5000000e+00;3.3164963e-02;2.5000000e+00;-1.1815734e-02;2.5000000e+00;-5.8880113e-02;2.5000000e+00;-1.0057604e-01;2.5000000e+00;-1.4437062e-01;2.5000000e+00;-6.1562955e-02;2.5000000e+00;-5.8699112e-02;2.5000000e+00;-3.3566643e-02;2.5000000e+00;1.2628025e-02;2.5000000e+00;7.6633051e-02;2.5000000e+00;1.5538558e-01;2.5000000e+00;1.9883586e-01;2.5000000e+00;2.0710331e-01;2.5000000e+00;2.0101240e-01;2.5000000e+00;2.2736043e-01;2.5000000e+00;1.8838237e-01;2.5000000e+00;1.3208841e-01;2.5000000e+00;7.8796759e-02;2.5000000e+00;3.3164963e-02;2.5000000e+00;-1.1815734e-02;2.5000000e+00;-5.8880113e-02;2.5000000e+00;-1.0057604e-01;2.5000000e+00;-1.4437062e-01;2.5000000e+00;-6.1562955e-02;2.5000000e+00;-5.8699112e-02;2.5000000e+00;-3.3566643e-02;2.5000000e+00;1.2628025e-02;2.5000000e+00;7.6633051e-02;2.5000000e+00;1.5538558e-01;2.5000000e+00;1.9883586e-01;2.5000000e+00;2.0710331e-01;2.5000000e+00;2.0101240e-01;2.5000000e+00;2.2736043e-01;2.5000000e+00;1.8838237e-01;2.5000000e+00;1.3208841e-01;2.5000000e+00;7.8796759e-02;2.5000000e+00;3.3164963e-02;2.5000000e+00;-1.1815734e-02;2.5000000e+00;-5.8880113e-02;2.5000000e+00;-1.0057604e-01;2.5000000e+00;-1.4437062e-01;2.5000000e+00;-6.1562955e-02;2.5000000e+00;-5.8699112e-02;2.5000000e+00;-3.3566643e-02;2.5000000e+00;1.2628025e-02;2.5000000e+00;7.6633051e-02;2.5000000e+00;1.5538558e-01;2.5000000e+00;1.9883586e-01;2.5000000e+00;2.0710331e-01;2.5000000e+00;2.0101240e-01;2.5000000e+00;2.2736043e-01;2.5000000e+00;1.8838237e-01;2.5000000e+00;1.3208841e-01;2.5000000e+00;7.8796759e-02;2.5000000e+00;3.3164963e-02;2.5000000e+00;-1.1815734e-02;2.5000000e+00;-5.8880113e-02;2.5000000e+00;-1.0057604e-01;2.5000000e+00;-1.4437062e-01;2.5000000e+00;-6.1562955e-02;2.5000000e+00;-5.8699112e-02;2.5000000e+00;-3.3566643e-02;2.5000000e+00;1.2628025e-02;2.5000000e+00;7.6633051e-02;2.5000000e+00;1.5538558e-01;2.5000000e+00;1.9883586e-01;2.5000000e+00;2.0710331e-01;2.5000000e+00;2.0101240e-01;2.5000000e+00;2.2736043e-01;2.5000000e+00;1.8838237e-01;2.5000000e+00;1.3208841e-01;2.5000000e+00;7.8796759e-02;2.5000000e+00;3.3164963e-02;2.5000000e+00;-1.1815734e-02;2.5000000e+00;-5.8880113e-02;2.5000000e+00;-1.0057604e-01;2.5000000e+00;-1.4437062e-01;2.5000000e+00;-6.1562955e-02;2.5000000e+00;-5.8699112e-02;2.5000000e+00;-3.3566643e-02;2.5000000e+00;1.2628025e-02;2.5000000e+00;7.6633051e-02;2.5000000e+00;1.5538558e-01;2.5000000e+00;1.9883586e-01;2.5000000e+00;2.0710331e-01;2.5000000e+00;2.0101240e-01;2.5000000e+00;2.2736043e-01;2.5000000e+00;1.8838237e-01;2.5000000e+00;1.3208841e-01;2.5000000e+00;7.8796759e-02;2.5000000e+00;3.3164963e-02;2.5000000e+00;-1.1815734e-02;2.5000000e+00;-5.8880113e-02;2.5000000e+00;-1.0057604e-01;2.5000000e+00;-1.4437062e-01;2.5000000e+00;-6.1562955e-02;2.5000000e+00;-5.8699112e-02;2.5000000e+00;-3.3566643e-02;2.5000000e+00;1.2628025e-02;2.5000000e+00;7.6633051e-02;2.5000000e+00;1.5538558e-01;2.5000000e+00;1.9883586e-01;2.5000000e+00;2.0710331e-01;2.5000000e+00;2.0101240e-01;2.5000000e+00;2.2736043e-01;2.5000000e+00;1.8838237e-01;2.5000000e+00;1.3208841e-01;2.5000000e+00;7.8796759e-02;2.5000000e+00;3.3164963e-02;2.5000000e+00;-1.1815734e-02;2.5000000e+00;-5.8880113e-02;2.5000000e+00;-1.0057604e-01;2.5000000e+00;-1.4437062e-01;2.5000000e+00;-6.1562955e-02;2.5000000e+00;-5.8699112e-02;2.5000000e+00;-3.3566643e-02;2.5000000e+00;1.2628025e-02;2.5000000e+00;7.6633051e-02;2.5000000e+00;1.5538558e-01;2.5000000e+00;1.9883586e-01;2.5000000e+00;2.0710331e-01;2.5000000e+00;2.0101240e-01;2.5000000e+00;2.2736043e-01;2.5000000e+00;1.8838237e-01;2.5000000e+00;1.3208841e-01;2.5000000e+00;7.8796759e-02;2.5000000e+00;3.3164963e-02;2.5000000e+00;-1.1815734e-02;2.5000000e+00;-5.8880113e-02;2.5000000e+00;-1.0057604e-01;2.5000000e+00;-1.4437062e-01;2.5000000e+00;-6.1562955e-02;2.5000000e+00;-5.8699112e-02;2.5000000e+00;-3.3566643e-02;2.5000000e+00;1.2628025e-02;2.5000000e+00;7.6633051e-02;2.5000000e+00;1.5538558e-01;2.5000000e+00;1.9883586e-01;2.5000000e+00;2.0710331e-01;2.5000000e+00;2.0101240e-01;2.5000000e+00;2.2736043e-01;2.5000000e+00;1.8838237e-01;2.5000000e+00;1.3208841e-01;2.5000000e+00;7.8796759e-02;2.5000000e+00;3.3164963e-02;2.5000000e+00;-1.1815734e-02;2.5000000e+00;-5.8880113e-02;2.5000000e+00;-1.0057604e-01;2.5000000e+00;-1.4437062e-01;2.5000000e+00;-6.1562955e-02;2.5000000e+00;-5.8699112e-02;2.5000000e+00;-3.3566643e-02;2.5000000e+00;1.2628025e-02;2.5000000e+00;7.6633051e-02;2.5000000e+00;1.5538558e-01;2.5000000e+00;1.9883586e-01;2.5000000e+00;2.0710331e-01;2.5000000e+00;2.0101240e-01;2.5000000e+00;2.2736043e-01;2.5000000e+00;1.8838237e-01;2.5000000e+00;1.3208841e-01;2.5000000e+00;7.8796759e-02;2.5000000e+00;3.3164963e-02;2.5000000e+00;-1.1815734e-02;2.5000000e+00;-5.8880113e-02;2.5000000e+00;-1.0057604e-01;2.5000000e+00;-1.4437062e-01;2.5000000e+00;-6.1562955e-02;2.5000000e+00;-5.8699112e-02;2.5000000e+00;-3.3566643e-02;2.5000000e+00;1.2628025e-02;2.5000000e+00;7.6633051e-02;2.5000000e+00;1.5538558e-01;2.5000000e+00;1.9883586e-01;2.5000000e+00;2.0710331e-01;2.5000000e+00;2.0101240e-01;2.5000000e+00;2.2736043e-01;2.5000000e+00;1.8838237e-01;2.5000000e+00;1.3208841e-01;2.5000000e+00;7.8796759e-02;2.5000000e+00;3.3164963e-02;2.5000000e+00;-1.1815734e-02;2.5000000e+00;-5.8880113e-02;2.5000000e+00;-1.0057604e-01;2.5000000e+00;-1.4437062e-01;2.5000000e+00;-6.1562955e-02;2.5000000e+00;-5.8699112e-02;2.5000000e+00;-3.3566643e-02;2.5000000e+00;1.2628025e-02;2.5000000e+00;7.6633051e-02;2.5000000e+00;1.5538558e-01;2.5000000e+00;1.9883586e-01;2.5000000e+00;2.0710331e-01;2.5000000e+00;2.0101240e-01;2.5000000e+00;2.2736043e-01;2.5000000e+00;1.8838237e-01;2.5000000e+00;1.3208841e-01;2.5000000e+00;7.8796759e-02;2.5000000e+00;3.3164963e-02;2.5000000e+00;-1.1815734e-02;2.5000000e+00;-5.8880113e-02;2.5000000e+00;-1.0057604e-01;2.5000000e+00;-1.4437062e-01;2.5000000e+00;-6.1562955e-02;2.5000000e+00;-5.8699112e-02;2.5000000e+00;-3.3566643e-02;2.5000000e+00;1.2628025e-02;2.5000000e+00;7.6633051e-02;2.5000000e+00;1.5538558e-01;2.5000000e+00;1.9883586e-01;2.5000000e+00;2.0710331e-01;2.5000000e+00;2.0101240e-01;2.5000000e+00;2.2736043e-01;2.5000000e+00;1.8838237e-01;2.5000000e+00;1.3208841e-01;2.5000000e+00;7.8796759e-02;2.5000000e+00;3.3164963e-02;2.5000000e+00;-1.1815734e-02;2.5000000e+00;-5.8880113e-02;2.5000000e+00;-1.0057604e-01;2.5000000e+00;-1.4437062e-01;2.5000000e+00;-6.1562955e-02;2.5000000e+00;-5.8699112e-02;2.5000000e+00;-3.3566643e-02;2.5000000e+00;1.2628025e-02;2.5000000e+00;7.6633051e-02;2.5000000e+00;1.5538558e-01;2.5000000e+00;1.9883586e-01;2.5000000e+00;2.0710331e-01;2.5000000e+00;2.0101240e-01;2.5000000e+00;2.2736043e-01;2.5000000e+00;1.8838237e-01;2.5000000e+00;1.3208841e-01;2.5000000e+00;7.8796759e-02;2.5000000e+00;3.3164963e-02;2.5000000e+00;-1.1815734e-02;2.5000000e+00;-5.8880113e-02;2.5000000e+00;-1.0057604e-01;2.5000000e+00;-1.4437062e-01;2.5000000e+00;-6.1562955e-02;2.5000000e+00;-5.8699112e-02;2.5000000e+00;-3.3566643e-02;2.5000000e+00;1.2628025e-02;2.5000000e+00;7.6633051e-02;2.5000000e+00;1.5538558e-01;2.5000000e+00;1.9883586e-01;2.5000000e+00;2.0710331e-01;2.5000000e+00;2.0101240e-01;2.5000000e+00;2.2736043e-01;2.5000000e+00;1.8838237e-01;2.5000000e+00;1.3208841e-01;2.5000000e+00;7.8796759e-02;2.5000000e+00;3.3164963e-02;2.5000000e+00;-1.1815734e-02;2.5000000e+00;-5.8880113e-02;2.5000000e+00;-1.0057604e-01;2.5000000e+00;-1.4437062e-01;2.5000000e+00;-6.1562955e-02;2.5000000e+00;-5.8699112e-02;2.5000000e+00;-3.3566643e-02;2.5000000e+00;1.2628025e-02;2.5000000e+00;7.6633051e-02;2.5000000e+00;1.5538558e-01;2.5000000e+00;1.9883586e-01;2.5000000e+00;2.0710331e-01;2.5000000e+00;2.0101240e-01;2.5000000e+00;2.2736043e-01;2.5000000e+00;1.8838237e-01;2.5000000e+00;1.3208841e-01;2.5000000e+00;7.8796759e-02;2.5000000e+00;3.3164963e-02;2.5000000e+00;-1.1815734e-02;2.5000000e+00;-5.8880113e-02;2.5000000e+00;-1.0057604e-01;2.5000000e+00;-1.4437062e-01;2.5000000e+00;-6.1562955e-02;2.5000000e+00;-5.8699112e-02;2.5000000e+00;-3.3566643e-02;2.5000000e+00;1.2628025e-02;2.5000000e+00;7.6633051e-02;2.5000000e+00;1.5538558e-01;2.5000000e+00;1.9883586e-01;2.5000000e+00;2.0710331e-01;2.5000000e+00;2.0101240e-01;2.5000000e+00;2.2736043e-01;2.5000000e+00;1.8838237e-01;2.5000000e+00;1.3208841e-01;2.5000000e+00;7.8796759e-02;2.5000000e+00;3.3164963e-02;2.5000000e+00;-1.1815734e-02;2.5000000e+00;-5.8880113e-02;2.5000000e+00;-1.0057604e-01;2.5000000e+00;-1.4437062e-01;2.5000000e+00;-6.1562955e-02;2.5000000e+00;-5.8699112e-02;2.5000000e+00;-3.3566643e-02;2.5000000e+00;1.2628025e-02;2.5000000e+00;7.6633051e-02;2.5000000e+00;1.5538558e-01;2.5000000e+00;1.9883586e-01;2.5000000e+00;2.0710331e-01;2.5000000e+00;2.0101240e-01;2.5000000e+00;2.2736043e-01;2.5000000e+00;1.8838237e-01;2.5000000e+00;1.3208841e-01;2.5000000e+00;7.8796759e-02;2.5000000e+00;3.3164963e-02;2.5000000e+00;-1.1815734e-02;2.5000000e+00;-5.8880113e-02;2.5000000e+00;-1.0057604e-01;2.5000000e+00;-1.4437062e-01;2.5000000e+00;-6.1562955e-02;2.5000000e+00;-5.8699112e-02;2.5000000e+00;-3.3566643e-02;2.5000000e+00;1.2628025e-02;2.5000000e+00;7.6633051e-02;2.5000000e+00;1.5538558e-01;2.5000000e+00;1.9883586e-01;2.5000000e+00;2.0710331e-01;2.5000000e+00;2.0101240e-01;2.5000000e+00;2.2736043e-01;2.5000000e+00;1.8838237e-01;2.5000000e+00;1.3208841e-01;2.5000000e+00;7.8796759e-02;2.5000000e+00;3.3164963e-02;2.5000000e+00;-1.1815734e-02;2.5000000e+00;-5.8880113e-02;2.5000000e+00;-1.0057604e-01;2.5000000e+00;-1.4437062e-01;2.5000000e+00;-6.1562955e-02;2.5000000e+00;-5.8699112e-02;2.5000000e+00;-3.3566643e-02;2.5000000e+00;1.2628025e-02;2.5000000e+00;7.6633051e-02;2.5000000e+00;1.5538558e-01;2.5000000e+00;1.9883586e-01;2.5000000e+00;2.0710331e-01;2.5000000e+00;2.0101240e-01;2.5000000e+00;2.2736043e-01;2.5000000e+00;1.8838237e-01;2.5000000e+00;1.3208841e-01;2.5000000e+00;7.8796759e-02;2.5000000e+00;3.3164963e-02;2.5000000e+00;-1.1815734e-02;2.5000000e+00;-5.8880113e-02;2.5000000e+00;-1.0057604e-01;2.5000000e+00;-1.4437062e-01;2.5000000e+00;-6.1562955e-02;2.5000000e+00;-5.8699112e-02;2.5000000e+00;-3.3566643e-02;2.5000000e+00;1.2628025e-02;2.5000000e+00;7.6633051e-02;2.5000000e+00;1.5538558e-01;2.5000000e+00;1.9883586e-01;2.5000000e+00;2.0710331e-01;2.5000000e+00;2.0101240e-01;2.5000000e+00;2.2736043e-01;2.5000000e+00;1.8838237e-01;2.5000000e+00;1.3208841e-01;2.5000000e+00;7.8796759e-02;2.5000000e+00;3.3164963e-02;2.5000000e+00;-1.1815734e-02;2.5000000e+00;-5.8880113e-02;2.5000000e+00;-1.0057604e-01;2.5000000e+00;-1.4437062e-01;2.5000000e+00;-6.1562955e-02;2.5000000e+00;-5.8699112e-02;2.5000000e+00;-3.3566643e-02;2.5000000e+00;1.2628025e-02;2.5000000e+00;7.6633051e-02;2.5000000e+00;1.5538558e-01;2.5000000e+00;1.9883586e-01;2.5000000e+00;2.0710331e-01;2.5000000e+00;2.0101240e-01;2.5000000e+00;2.2736043e-01;2.5000000e+00;1.8838237e-01;2.5000000e+00;1.3208841e-01;2.5000000e+00;7.8796759e-02;2.5000000e+00;3.3164963e-02;2.5000000e+00;-1.1815734e-02;2.5000000e+00;-5.8880113e-02;2.5000000e+00;-1.0057604e-01;2.5000000e+00;-1.4437062e-01;2.5000000e+00;-6.1562955e-02;2.5000000e+00;-5.8699112e-02;2.5000000e+00;-3.3566643e-02;2.5000000e+00;1.2628025e-02;2.5000000e+00;7.6633051e-02;2.5000000e+00;1.5538558e-01;2.5000000e+00;1.9883586e-01;2.5000000e+00;2.0710331e-01;2.5000000e+00;2.0101240e-01;2.5000000e+00;2.2736043e-01;2.5000000e+00;1.8838237e-01;2.5000000e+00;1.3208841e-01;2.5000000e+00;7.8796759e-02;2.5000000e+00;3.3164963e-02;2.5000000e+00;-1.1815734e-02;2.5000000e+00;-5.8880113e-02;2.5000000e+00;-1.0057604e-01;2.5000000e+00;-1.4437062e-01;2.5000000e+00;-6.1562955e-02;2.5000000e+00;-5.8699112e-02;2.5000000e+00;-3.3566643e-02;2.5000000e+00;1.2628025e-02;2.5000000e+00;7.6633051e-02;2.5000000e+00;1.5538558e-01;2.5000000e+00;1.9883586e-01;2.5000000e+00;2.0710331e-01;2.5000000e+00;2.0101240e-01;2.5000000e+00;2.2736043e-01;2.5000000e+00;1.8838237e-01;2.5000000e+00;1.3208841e-01;2.5000000e+00;7.8796759e-02;2.5000000e+00;3.3164963e-02;2.5000000e+00;-1.1815734e-02;2.5000000e+00;-5.8880113e-02;2.5000000e+00;-1.0057604e-01;2.5000000e+00;-1.4437062e-01;2.5000000e+00;-6.1562955e-02;2.5000000e+00;-5.8699112e-02;2.5000000e+00;-3.3566643e-02;2.5000000e+00;1.2628025e-02;2.5000000e+00;7.6633051e-02;2.5000000e+00;1.5538558e-01;2.5000000e+00;1.9883586e-01;2.5000000e+00;2.0710331e-01;2.5000000e+00;2.0101240e-01;2.5000000e+00;2.2736043e-01;2.5000000e+00;1.8838237e-01;2.5000000e+00;1.3208841e-01;2.5000000e+00;7.8796759e-02;2.5000000e+00;3.3164963e-02;2.5000000e+00;-1.1815734e-02;2.5000000e+00;-5.8880113e-02;2.5000000e+00;-1.0057604e-01;2.5000000e+00;-1.4437062e-01;2.5000000e+00;-6.1562955e-02;2.5000000e+00;-5.8699112e-02;2.5000000e+00;-3.3566643e-02;2.5000000e+00;1.2628025e-02;2.5000000e+00;7.6633051e-02;2.5000000e+00;1.5538558e-01;2.5000000e+00;1.9883586e-01;2.5000000e+00;2.0710331e-01;2.5000000e+00;2.0101240e-01;2.5000000e+00;2.2736043e-01;2.5000000e+00;1.8838237e-01;2.5000000e+00;1.3208841e-01;2.5000000e+00;7.8796759e-02;2.5000000e+00;3.3164963e-02;2.5000000e+00;-1.1815734e-02;2.5000000e+00;-5.8880113e-02;2.5000000e+00;-1.0057604e-01;2.5000000e+00;-1.4437062e-01;2.5000000e+00;-6.1562955e-02;2.5000000e+00;-5.8699112e-02;2.5000000e+00;-3.3566643e-02;2.5000000e+00;1.2628025e-02;2.5000000e+00;7.6633051e-02;2.5000000e+00;1.5538558e-01;2.5000000e+00;1.9883586e-01;2.5000000e+00;2.0710331e-01;2.5000000e+00;2.0101240e-01;2.5000000e+00;2.2736043e-01;2.5000000e+00;1.8838237e-01;2.5000000e+00;1.3208841e-01;2.5000000e+00;7.8796759e-02;2.5000000e+00;3.3164963e-02;2.5000000e+00;-1.1815734e-02;2.5000000e+00;-5.8880113e-02;2.5000000e+00;-1.0057604e-01;2.5000000e+00;-1.4437062e-01;2.5000000e+00;-6.1562955e-02;2.5000000e+00;-5.8699112e-02;2.5000000e+00;-3.3566643e-02;2.5000000e+00;1.2628025e-02;2.5000000e+00;7.6633051e-02;2.5000000e+00;1.5538558e-01;2.5000000e+00;1.9883586e-01;2.5000000e+00;2.0710331e-01;2.5000000e+00;2.0101240e-01;2.5000000e+00;2.2736043e-01;2.5000000e+00;1.8838237e-01;2.5000000e+00;1.3208841e-01;2.5000000e+00;7.8796759e-02;2.5000000e+00;3.3164963e-02;2.5000000e+00;-1.1815734e-02;2.5000000e+00;-5.8880113e-02;2.5000000e+00;-1.0057604e-01;2.5000000e+00;-1.4437062e-01;2.5000000e+00;-6.1562955e-02;2.5000000e+00;-5.8699112e-02;2.5000000e+00;-3.3566643e-02;2.5000000e+00;1.2628025e-02;2.5000000e+00;7.6633051e-02;2.5000000e+00;1.5538558e-01;2.5000000e+00;1.9883586e-01;2.5000000e+00;2.0710331e-01;2.5000000e+00;2.0101240e-01;2.5000000e+00;2.2736043e-01;2.5000000e+00;1.8838237e-01;2.5000000e+00;1.3208841e-01;2.5000000e+00;7.8796759e-02;2.5000000e+00;3.3164963e-02;2.5000000e+00;-1.1815734e-02;2.5000000e+00;-5.8880113e-02;2.5000000e+00;-1.0057604e-01;2.5000000e+00;-1.4437062e-01;2.5000000e+00;-6.1562955e-02;2.5000000e+00;-5.8699112e-02;2.5000000e+00;-3.3566643e-02;2.5000000e+00;1.2628025e-02;2.5000000e+00;7.6633051e-02;2.5000000e+00;1.5538558e-01;2.5000000e+00;1.9883586e-01;2.5000000e+00;2.0710331e-01;2.5000000e+00;2.0101240e-01;2.5000000e+00;2.2736043e-01;2.5000000e+00;1.8838237e-01;2.5000000e+00;1.3208841e-01;2.5000000e+00;7.8796759e-02;2.5000000e+00;3.3164963e-02;2.5000000e+00;-1.1815734e-02;2.5000000e+00;-5.8880113e-02;2.5000000e+00;-1.0057604e-01;2.5000000e+00;-1.4437062e-01;2.5000000e+00;-6.1562955e-02;2.5000000e+00;-5.8699112e-02;2.5000000e+00;-3.3566643e-02;2.5000000e+00;1.2628025e-02;2.5000000e+00;7.6633051e-02;2.5000000e+00;1.5538558e-01;2.5000000e+00;1.9883586e-01;2.5000000e+00;2.0710331e-01;2.5000000e+00;2.0101240e-01;2.5000000e+00;2.2736043e-01;2.5000000e+00;1.8838237e-01;2.5000000e+00;1.3208841e-01;2.5000000e+00;7.8796759e-02;2.5000000e+00;3.3164963e-02;2.5000000e+00;-1.1815734e-02;2.5000000e+00;-5.8880113e-02;2.5000000e+00;-1.0057604e-01;2.5000000e+00;-1.4437062e-01;2.5000000e+00;-6.1562955e-02;2.5000000e+00;-5.8699112e-02;2.5000000e+00;-3.3566643e-02;2.5000000e+00;1.2628025e-02;2.5000000e+00;7.6633051e-02;2.5000000e+00;1.5538558e-01;2.5000000e+00;1.9883586e-01;2.5000000e+00;2.0710331e-01;2.5000000e+00;2.0101240e-01;2.5000000e+00;2.2736043e-01;2.5000000e+00;1.8838237e-01;2.5000000e+00;1.3208841e-01;2.5000000e+00;7.8796759e-02;2.5000000e+00;3.3164963e-02;2.5000000e+00;-1.1815734e-02;2.5000000e+00;-5.8880113e-02;2.5000000e+00;-1.0057604e-01;2.5000000e+00;-1.4437062e-01;2.5000000e+00;-6.1562955e-02;2.5000000e+00;-5.8699112e-02;2.5000000e+00;-3.3566643e-02;2.5000000e+00;1.2628025e-02;2.5000000e+00;7.6633051e-02;2.5000000e+00;1.5538558e-01;2.5000000e+00;1.9883586e-01;2.5000000e+00;2.0710331e-01;2.5000000e+00;2.0101240e-01;2.5000000e+00;2.2736043e-01;2.5000000e+00;1.8838237e-01;2.5000000e+00;1.3208841e-01;2.5000000e+00;7.8796759e-02;2.5000000e+00;3.3164963e-02;2.5000000e+00;-1.1815734e-02;2.5000000e+00;-5.8880113e-02;2.5000000e+00;-1.0057604e-01;2.5000000e+00;-1.4437062e-01;2.5000000e+00;-6.1562955e-02;2.5000000e+00;-5.8699112e-02;2.5000000e+00;-3.3566643e-02;2.5000000e+00;1.2628025e-02;2.5000000e+00;7.6633051e-02;2.5000000e+00;1.5538558e-01;2.5000000e+00;1.9883586e-01;2.5000000e+00;2.0710331e-01;2.5000000e+00;2.0101240e-01;2.5000000e+00;2.2736043e-01;2.5000000e+00;1.8838237e-01;2.5000000e+00;1.3208841e-01;2.5000000e+00;7.8796759e-02;2.5000000e+00;3.3164963e-02;2.5000000e+00;-1.1815734e-02;2.5000000e+00;-5.8880113e-02;2.5000000e+00;-1.0057604e-01;2.5000000e+00;-1.4437062e-01;2.5000000e+00;-6.1562955e-02;2.5000000e+00;-5.8699112e-02;2.5000000e+00;-3.3566643e-02;2.5000000e+00;1.2628025e-02;2.5000000e+00;7.6633051e-02;2.5000000e+00;1.5538558e-01;2.5000000e+00;1.9883586e-01;2.5000000e+00;2.0710331e-01;2.5000000e+00;2.0101240e-01;2.5000000e+00;2.2736043e-01;2.5000000e+00;1.8838237e-01;2.5000000e+00;1.3208841e-01;2.5000000e+00;7.8796759e-02;2.5000000e+00;3.3164963e-02;2.5000000e+00;-1.1815734e-02;2.5000000e+00;-5.8880113e-02;2.5000000e+00;-1.0057604e-01;2.5000000e+00;-1.4437062e-01;2.5000000e+00;-6.1562955e-02;2.5000000e+00;-5.8699112e-02;2.5000000e+00;-3.3566643e-02;2.5000000e+00;1.2628025e-02;2.5000000e+00;7.6633051e-02;2.5000000e+00;1.5538558e-01;2.5000000e+00;1.9883586e-01;2.5000000e+00;2.0710331e-01;2.5000000e+00;2.0101240e-01;2.5000000e+00;2.2736043e-01;2.5000000e+00;1.8838237e-01;2.5000000e+00;1.3208841e-01;2.5000000e+00;7.8796759e-02;2.5000000e+00;3.3164963e-02;2.5000000e+00;-1.1815734e-02;2.5000000e+00;-5.8880113e-02;2.5000000e+00;-1.0057604e-01;2.5000000e+00;-1.4437062e-01;2.5000000e+00;-6.1562955e-02;2.5000000e+00;-5.8699112e-02;2.5000000e+00;-3.3566643e-02;2.5000000e+00;1.2628025e-02;2.5000000e+00;7.6633051e-02;2.5000000e+00;1.5538558e-01;2.5000000e+00;1.9883586e-01;2.5000000e+00;2.0710331e-01;2.5000000e+00;2.0101240e-01;2.5000000e+00;2.2736043e-01;2.5000000e+00;1.8838237e-01;2.5000000e+00;1.3208841e-01;2.5000000e+00;7.8796759e-02;2.5000000e+00;3.3164963e-02;2.5000000e+00;-1.1815734e-02;2.5000000e+00;-5.8880113e-02;2.5000000e+00;-1.0057604e-01;2.5000000e+00;-1.4437062e-01;2.5000000e+00;-6.1562955e-02;2.5000000e+00;-5.8699112e-02;2.5000000e+00;-3.3566643e-02;2.5000000e+00;1.2628025e-02;2.5000000e+00;7.6633051e-02;2.5000000e+00;1.5538558e-01;2.5000000e+00;1.9883586e-01;2.5000000e+00;2.0710331e-01;2.5000000e+00;2.0101240e-01;2.5000000e+00;2.2736043e-01;2.5000000e+00;1.8838237e-01;2.5000000e+00;1.3208841e-01;2.5000000e+00;7.8796759e-02;2.5000000e+00;3.3164963e-02;2.5000000e+00;-1.1815734e-02;2.5000000e+00;-5.8880113e-02;2.5000000e+00;-1.0057604e-01;2.5000000e+00;-1.4437062e-01;2.5000000e+00;-6.1562955e-02;2.5000000e+00;-5.8699112e-02;2.5000000e+00;-3.3566643e-02;2.5000000e+00;1.2628025e-02;2.5000000e+00;7.6633051e-02;2.5000000e+00;1.5538558e-01;2.5000000e+00;1.9883586e-01;2.5000000e+00;2.0710331e-01;2.5000000e+00;2.0101240e-01;2.5000000e+00;2.2736043e-01;2.5000000e+00;1.8838237e-01;2.5000000e+00;1.3208841e-01;2.5000000e+00;7.8796759e-02;2.5000000e+00;3.3164963e-02;2.5000000e+00;-1.1815734e-02;2.5000000e+00;-5.8880113e-02;2.5000000e+00;-1.0057604e-01;2.5000000e+00;-1.4437062e-01;2.5000000e+00;-6.1562955e-02;2.5000000e+00;-5.8699112e-02;2.5000000e+00;-3.3566643e-02;2.5000000e+00;1.2628025e-02;2.5000000e+00;7.6633051e-02;2.5000000e+00;1.5538558e-01;2.5000000e+00;1.9883586e-01;2.5000000e+00;2.0710331e-01;2.5000000e+00;2.0101240e-01;2.5000000e+00;2.2736043e-01;2.5000000e+00;1.8838237e-01;2.5000000e+00;1.3208841e-01;2.5000000e+00;7.8796759e-02;2.5000000e+00;3.3164963e-02;2.5000000e+00;-1.1815734e-02;2.5000000e+00;-5.8880113e-02;2.5000000e+00;-1.0057604e-01;2.5000000e+00;-1.4437062e-01;2.5000000e+00;-6.1562955e-02;2.5000000e+00;-5.8699112e-02;2.5000000e+00;-3.3566643e-02;2.5000000e+00;1.2628025e-02;2.5000000e+00;7.6633051e-02;2.5000000e+00;1.5538558e-01;2.5000000e+00;1.9883586e-01;2.5000000e+00;2.0710331e-01;2.5000000e+00;2.0101240e-01;2.5000000e+00;2.2736043e-01;2.5000000e+00;1.8838237e-01;2.5000000e+00;1.3208841e-01;2.5000000e+00;7.8796759e-02;2.5000000e+00;3.3164963e-02;2.5000000e+00;-1.1815734e-02;2.5000000e+00;-5.8880113e-02;2.5000000e+00;-1.0057604e-01;2.5000000e+00;-1.4437062e-01;2.5000000e+00;-6.1562955e-02;2.5000000e+00;-5.8699112e-02;2.5000000e+00;-3.3566643e-02;2.5000000e+00;1.2628025e-02;2.5000000e+00;7.6633051e-02;2.5000000e+00;1.5538558e-01;2.5000000e+00;1.9883586e-01;2.5000000e+00;2.0710331e-01;2.5000000e+00;2.0101240e-01;2.5000000e+00;2.2736043e-01;2.5000000e+00;1.8838237e-01;2.5000000e+00;1.3208841e-01;2.5000000e+00;7.8796759e-02;2.5000000e+00;3.3164963e-02;2.5000000e+00;-1.1815734e-02;2.5000000e+00;-5.8880113e-02;2.5000000e+00;-1.0057604e-01;2.5000000e+00;-1.4437062e-01;2.5000000e+00;-6.1562955e-02;2.5000000e+00;-5.8699112e-02;2.5000000e+00;-3.3566643e-02;2.5000000e+00;1.2628025e-02;2.5000000e+00;7.6633051e-02;2.5000000e+00;1.5538558e-01;2.5000000e+00;1.9883586e-01;2.5000000e+00;2.0710331e-01;2.5000000e+00;2.0101240e-01;2.5000000e+00;2.2736043e-01;2.5000000e+00;1.8838237e-01;2.5000000e+00;1.3208841e-01;2.5000000e+00;7.8796759e-02;2.5000000e+00;3.3164963e-02;2.5000000e+00;-1.1815734e-02;2.5000000e+00;-5.8880113e-02;2.5000000e+00;-1.0057604e-01;2.5000000e+00;-1.4437062e-01;2.5000000e+00;-6.1562955e-02;2.5000000e+00;-5.8699112e-02;2.5000000e+00;-3.3566643e-02;2.5000000e+00;1.2628025e-02;2.5000000e+00;7.6633051e-02;2.5000000e+00;1.5538558e-01;2.5000000e+00;1.9883586e-01;2.5000000e+00;2.0710331e-01;2.5000000e+00;2.0101240e-01;2.5000000e+00;2.2736043e-01;2.5000000e+00;1.8838237e-01;2.5000000e+00;1.3208841e-01;2.5000000e+00;7.8796759e-02;2.5000000e+00;3.3164963e-02;2.5000000e+00;-1.1815734e-02;2.5000000e+00;-5.8880113e-02;2.5000000e+00;-1.0057604e-01;2.5000000e+00;-1.4437062e-01;2.5000000e+00;-6.1562955e-02;2.5000000e+00;-5.8699112e-02;2.5000000e+00;-3.3566643e-02;2.5000000e+00;1.2628025e-02;2.5000000e+00;7.6633051e-02;2.5000000e+00;1.5538558e-01;2.5000000e+00;1.9883586e-01;2.5000000e+00;2.0710331e-01;2.5000000e+00;2.0101240e-01;2.5000000e+00;2.2736043e-01;2.5000000e+00;1.8838237e-01;2.5000000e+00;1.3208841e-01;2.5000000e+00;7.8796759e-02;2.5000000e+00;3.3164963e-02;2.5000000e+00;-1.1815734e-02;2.5000000e+00;-5.8880113e-02;2.5000000e+00;-1.0057604e-01;2.5000000e+00;-1.4437062e-01;2.5000000e+00;-6.1562955e-02;2.5000000e+00;-5.8699112e-02;2.5000000e+00;-3.3566643e-02;2.5000000e+00;1.2628025e-02;2.5000000e+00;7.6633051e-02;2.5000000e+00;1.5538558e-01;2.5000000e+00;1.9883586e-01;2.5000000e+00;2.0710331e-01;2.5000000e+00;2.0101240e-01;2.5000000e+00;2.2736043e-01;2.5000000e+00;1.8838237e-01;2.5000000e+00;1.3208841e-01;2.5000000e+00;7.8796759e-02;2.5000000e+00;3.3164963e-02;2.5000000e+00;-1.1815734e-02;2.5000000e+00;-5.8880113e-02;2.5000000e+00;-1.0057604e-01;2.5000000e+00;-1.4437062e-01;2.5000000e+00;-6.1562955e-02;2.5000000e+00;-5.8699112e-02;2.5000000e+00;-3.3566643e-02;2.5000000e+00;1.2628025e-02;2.5000000e+00;7.6633051e-02;2.5000000e+00;1.5538558e-01;2.5000000e+00;1.9883586e-01;2.5000000e+00;2.0710331e-01;2.5000000e+00;2.0101240e-01;2.5000000e+00;2.2736043e-01;2.5000000e+00;1.8838237e-01;2.5000000e+00;1.3208841e-01;2.5000000e+00;7.8796759e-02;2.5000000e+00;3.3164963e-02;2.5000000e+00;-1.1815734e-02;2.5000000e+00;-5.8880113e-02;2.5000000e+00;-1.0057604e-01;2.5000000e+00;-1.4437062e-01;2.5000000e+00;-6.1562955e-02;2.5000000e+00;-5.8699112e-02;2.5000000e+00;-3.3566643e-02;2.5000000e+00;1.2628025e-02;2.5000000e+00;7.6633051e-02;2.5000000e+00;1.5538558e-01;2.5000000e+00;1.9883586e-01;2.5000000e+00;2.0710331e-01;2.5000000e+00;2.0101240e-01;2.5000000e+00;2.2736043e-01;2.5000000e+00;1.8838237e-01;2.5000000e+00;1.3208841e-01;2.5000000e+00;7.8796759e-02;2.5000000e+00;3.3164963e-02;2.5000000e+00;-1.1815734e-02;2.5000000e+00;-5.8880113e-02;2.5000000e+00;-1.0057604e-01;2.5000000e+00;-1.4437062e-01;2.5000000e+00;-6.1562955e-02;2.5000000e+00;-5.8699112e-02;2.5000000e+00;-3.3566643e-02;2.5000000e+00;1.2628025e-02;2.5000000e+00;7.6633051e-02;2.5000000e+00;1.5538558e-01;2.5000000e+00;1.9883586e-01;2.5000000e+00;2.0710331e-01;2.5000000e+00;2.0101240e-01;2.5000000e+00;2.2736043e-01;2.5000000e+00;1.8838237e-01;2.5000000e+00;1.3208841e-01;2.5000000e+00;7.8796759e-02;2.5000000e+00;3.3164963e-02;2.5000000e+00;-1.1815734e-02;2.5000000e+00;-5.8880113e-02;2.5000000e+00;-1.0057604e-01;2.5000000e+00;-1.4437062e-01;2.5000000e+00;-6.1562955e-02;2.5000000e+00;-5.8699112e-02;2.5000000e+00;-3.3566643e-02;2.5000000e+00;1.2628025e-02;2.5000000e+00;7.6633051e-02;2.5000000e+00;1.5538558e-01;2.5000000e+00;1.9883586e-01;2.5000000e+00;2.0710331e-01;2.5000000e+00;2.0101240e-01;2.5000000e+00;2.2736043e-01;2.5000000e+00;1.8838237e-01;2.5000000e+00;1.3208841e-01;2.5000000e+00;7.8796759e-02;2.5000000e+00;3.3164963e-02;2.5000000e+00;-1.1815734e-02;2.5000000e+00;-5.8880113e-02;2.5000000e+00;-1.0057604e-01;2.5000000e+00;-1.4437062e-01;2.5000000e+00;-6.1562955e-02;2.5000000e+00;-5.8699112e-02;2.5000000e+00;-3.3566643e-02;2.5000000e+00;1.2628025e-02;2.5000000e+00;7.6633051e-02;2.5000000e+00;1.5538558e-01;2.5000000e+00;1.9883586e-01;2.5000000e+00;2.0710331e-01;2.5000000e+00;2.0101240e-01;2.5000000e+00;2.2736043e-01;2.5000000e+00;1.8838237e-01;2.5000000e+00;1.3208841e-01;2.5000000e+00;7.8796759e-02;2.5000000e+00;3.3164963e-02;2.5000000e+00;-1.1815734e-02;2.5000000e+00;-5.8880113e-02;2.5000000e+00;-1.0057604e-01;2.5000000e+00;-1.4437062e-01;2.5000000e+00;-6.1562955e-02;2.5000000e+00;-5.8699112e-02;2.5000000e+00;-3.3566643e-02;2.5000000e+00;1.2628025e-02;2.5000000e+00;7.6633051e-02;2.5000000e+00;1.5538558e-01;2.5000000e+00;1.9883586e-01;2.5000000e+00;2.0710331e-01;2.5000000e+00;2.0101240e-01;2.5000000e+00;2.2736043e-01;2.5000000e+00;1.8838237e-01;2.5000000e+00;1.3208841e-01;2.5000000e+00;7.8796759e-02;2.5000000e+00;3.3164963e-02;2.5000000e+00;-1.1815734e-02;2.5000000e+00;-5.8880113e-02;2.5000000e+00;-1.0057604e-01;2.5000000e+00;-1.4437062e-01;2.5000000e+00;-6.1562955e-02;2.5000000e+00;-5.8699112e-02;2.5000000e+00;-3.3566643e-02;2.5000000e+00;1.2628025e-02;2.5000000e+00;7.6633051e-02;2.5000000e+00;1.5538558e-01;2.5000000e+00;1.9883586e-01;2.5000000e+00;2.0710331e-01;2.5000000e+00;2.0101240e-01;2.5000000e+00;2.2736043e-01;2.5000000e+00;1.8838237e-01;2.5000000e+00;1.3208841e-01;2.5000000e+00;7.8796759e-02;2.5000000e+00;3.3164963e-02;2.5000000e+00;-1.1815734e-02;2.5000000e+00;-5.8880113e-02;2.5000000e+00;-1.0057604e-01;2.5000000e+00;-1.4437062e-01;2.5000000e+00;-6.1562955e-02;2.5000000e+00;-5.8699112e-02;2.5000000e+00;-3.3566643e-02;2.5000000e+00;1.2628025e-02;2.5000000e+00;7.6633051e-02;2.5000000e+00;1.5538558e-01;2.5000000e+00;1.9883586e-01;2.5000000e+00;2.0710331e-01;2.5000000e+00;2.0101240e-01;2.5000000e+00;2.2736043e-01;2.5000000e+00;1.8838237e-01;2.5000000e+00;1.3208841e-01;2.5000000e+00;7.8796759e-02;2.5000000e+00;3.3164963e-02;2.5000000e+00;-1.1815734e-02;2.5000000e+00;-5.8880113e-02;2.5000000e+00;-1.0057604e-01;2.5000000e+00;-1.4437062e-01;2.5000000e+00;-6.1562955e-02;2.5000000e+00;-5.8699112e-02;2.5000000e+00;-3.3566643e-02;2.5000000e+00;1.2628025e-02;2.5000000e+00;7.6633051e-02;2.5000000e+00;1.5538558e-01;2.5000000e+00;1.9883586e-01;2.5000000e+00;2.0710331e-01;2.5000000e+00;2.0101240e-01;2.5000000e+00;2.2736043e-01;2.5000000e+00;1.8838237e-01;2.5000000e+00;1.3208841e-01;2.5000000e+00;7.8796759e-02;2.5000000e+00;3.3164963e-02;2.5000000e+00;-1.1815734e-02;2.5000000e+00;-5.8880113e-02;2.5000000e+00;-1.0057604e-01;2.5000000e+00;-1.4437062e-01;2.5000000e+00;-6.1562955e-02;2.5000000e+00;-5.8699112e-02;2.5000000e+00;-3.3566643e-02;2.5000000e+00;1.2628025e-02;2.5000000e+00;7.6633051e-02;2.5000000e+00;1.5538558e-01;2.5000000e+00;1.9883586e-01;2.5000000e+00;2.0710331e-01;2.5000000e+00;2.0101240e-01;2.5000000e+00;2.2736043e-01;2.5000000e+00;1.8838237e-01;2.5000000e+00;1.3208841e-01;2.5000000e+00;7.8796759e-02;2.5000000e+00;3.3164963e-02;2.5000000e+00;-1.1815734e-02;2.5000000e+00;-5.8880113e-02;2.5000000e+00;-1.0057604e-01;2.5000000e+00;-1.4437062e-01;2.5000000e+00;-6.1562955e-02;2.5000000e+00;-5.8699112e-02;2.5000000e+00;-3.3566643e-02;2.5000000e+00;1.2628025e-02;2.5000000e+00;7.6633051e-02;2.5000000e+00;1.5538558e-01;2.5000000e+00;1.9883586e-01;2.5000000e+00;2.0710331e-01;2.5000000e+00;2.0101240e-01;2.5000000e+00;2.2736043e-01;2.5000000e+00;1.8838237e-01;2.5000000e+00;1.3208841e-01;2.5000000e+00;7.8796759e-02;2.5000000e+00;3.3164963e-02;2.5000000e+00;-1.1815734e-02;2.5000000e+00;-5.8880113e-02;2.5000000e+00;-1.0057604e-01;2.5000000e+00;-1.4437062e-01;2.5000000e+00;-6.1562955e-02;2.5000000e+00;-5.8699112e-02;2.5000000e+00;-3.3566643e-02;2.5000000e+00;1.2628025e-02;2.5000000e+00;7.6633051e-02;2.5000000e+00;1.5538558e-01;2.5000000e+00;1.9883586e-01;2.5000000e+00;2.0710331e-01;2.5000000e+00;2.0101240e-01;2.5000000e+00;2.2736043e-01;2.5000000e+00;1.8838237e-01;2.5000000e+00;1.3208841e-01;2.5000000e+00;7.8796759e-02;2.5000000e+00;3.3164963e-02;2.5000000e+00;-1.1815734e-02;2.5000000e+00;-5.8880113e-02;2.5000000e+00;-1.0057604e-01;2.5000000e+00;-1.4437062e-01;2.5000000e+00;-6.1562955e-02;2.5000000e+00;-5.8699112e-02;2.5000000e+00;-3.3566643e-02;2.5000000e+00;1.2628025e-02;2.5000000e+00;7.6633051e-02;2.5000000e+00;1.5538558e-01;2.5000000e+00;1.9883586e-01;2.5000000e+00;2.0710331e-01;2.5000000e+00;2.0101240e-01;2.5000000e+00;2.2736043e-01;2.5000000e+00;1.8838237e-01;2.5000000e+00;1.3208841e-01;2.5000000e+00;7.8796759e-02;2.5000000e+00;3.3164963e-02;2.5000000e+00;-1.1815734e-02;2.5000000e+00;-5.8880113e-02;2.5000000e+00;-1.0057604e-01;2.5000000e+00;-1.4437062e-01;2.5000000e+00;-6.1562955e-02;2.5000000e+00;-5.8699112e-02;2.5000000e+00;-3.3566643e-02;2.5000000e+00;1.2628025e-02;2.5000000e+00;7.6633051e-02;2.5000000e+00;1.5538558e-01;2.5000000e+00;1.9883586e-01;2.5000000e+00;2.0710331e-01;2.5000000e+00;2.0101240e-01;2.5000000e+00;2.2736043e-01;2.5000000e+00;1.8838237e-01;2.5000000e+00;1.3208841e-01;2.5000000e+00;7.8796759e-02;2.5000000e+00;3.3164963e-02;2.5000000e+00;-1.1815734e-02;2.5000000e+00;-5.8880113e-02;2.5000000e+00;-1.0057604e-01;2.5000000e+00;-1.4437062e-01;2.5000000e+00;-6.1562955e-02;2.5000000e+00;-5.8699112e-02;2.5000000e+00;-3.3566643e-02;2.5000000e+00;1.2628025e-02;2.5000000e+00;7.6633051e-02;2.5000000e+00;1.5538558e-01;2.5000000e+00;1.9883586e-01;2.5000000e+00;2.0710331e-01;2.5000000e+00;2.0101240e-01;2.5000000e+00;2.2736043e-01;2.5000000e+00;1.8838237e-01;2.5000000e+00;1.3208841e-01;2.5000000e+00;7.8796759e-02;2.5000000e+00;3.3164963e-02;2.5000000e+00;-1.1815734e-02;2.5000000e+00;-5.8880113e-02;2.5000000e+00;-1.0057604e-01;2.5000000e+00;-1.4437062e-01;2.5000000e+00;-6.1562955e-02;2.5000000e+00;-5.8699112e-02;2.5000000e+00;-3.3566643e-02;2.5000000e+00;1.2628025e-02;2.5000000e+00;7.6633051e-02;2.5000000e+00;1.5538558e-01;2.5000000e+00;1.9883586e-01;2.5000000e+00;2.0710331e-01;2.5000000e+00;2.0101240e-01;2.5000000e+00;2.2736043e-01;2.5000000e+00;1.8838237e-01;2.5000000e+00;1.3208841e-01;2.5000000e+00;7.8796759e-02;2.5000000e+00;3.3164963e-02;2.5000000e+00;-1.1815734e-02;2.5000000e+00;-5.8880113e-02;2.5000000e+00;-1.0057604e-01;2.5000000e+00;-1.4437062e-01;2.5000000e+00;-6.1562955e-02;2.5000000e+00;-5.8699112e-02;2.5000000e+00;-3.3566643e-02;2.5000000e+00;1.2628025e-02;2.5000000e+00;7.6633051e-02;2.5000000e+00;1.5538558e-01;2.5000000e+00;1.9883586e-01;2.5000000e+00;2.0710331e-01;2.5000000e+00;2.0101240e-01;2.5000000e+00;2.2736043e-01;2.5000000e+00;1.8838237e-01;2.5000000e+00;1.3208841e-01;2.5000000e+00;7.8796759e-02;2.5000000e+00;3.3164963e-02;2.5000000e+00;-1.1815734e-02;2.5000000e+00;-5.8880113e-02;2.5000000e+00;-1.0057604e-01;2.5000000e+00;-1.4437062e-01;2.5000000e+00;-6.1562955e-02;2.5000000e+00;-5.8699112e-02;2.5000000e+00;-3.3566643e-02;2.5000000e+00;1.2628025e-02;2.5000000e+00;7.6633051e-02;2.5000000e+00;1.5538558e-01;2.5000000e+00;1.9883586e-01;2.5000000e+00;2.0710331e-01;2.5000000e+00;2.0101240e-01;2.5000000e+00;2.2736043e-01;2.5000000e+00;1.8838237e-01;2.5000000e+00;1.3208841e-01;2.5000000e+00;7.8796759e-02;2.5000000e+00;3.3164963e-02;2.5000000e+00;-1.1815734e-02;2.5000000e+00;-5.8880113e-02;2.5000000e+00;-1.0057604e-01;2.5000000e+00;-1.4437062e-01;2.5000000e+00;-6.1562955e-02;2.5000000e+00;-5.8699112e-02;2.5000000e+00;-3.3566643e-02;2.5000000e+00;1.2628025e-02;2.5000000e+00;7.6633051e-02;2.5000000e+00;1.5538558e-01;2.5000000e+00;1.9883586e-01;2.5000000e+00;2.0710331e-01;2.5000000e+00;2.0101240e-01;2.5000000e+00;2.2736043e-01;2.5000000e+00;1.8838237e-01;2.5000000e+00;1.3208841e-01;2.5000000e+00;7.8796759e-02;2.5000000e+00;3.3164963e-02;2.5000000e+00;-1.1815734e-02;2.5000000e+00;-5.8880113e-02;2.5000000e+00;-1.0057604e-01;2.5000000e+00;-1.4437062e-01;2.5000000e+00;-6.1562955e-02;2.5000000e+00;-5.8699112e-02;2.5000000e+00;-3.3566643e-02;2.5000000e+00;1.2628025e-02;2.5000000e+00;7.6633051e-02;2.5000000e+00;1.5538558e-01;2.5000000e+00;1.9883586e-01;2.5000000e+00;2.0710331e-01;2.5000000e+00;2.0101240e-01;2.5000000e+00;2.2736043e-01;2.5000000e+00;1.8838237e-01;2.5000000e+00;1.3208841e-01;2.5000000e+00;7.8796759e-02;2.5000000e+00;3.3164963e-02;2.5000000e+00;-1.1815734e-02;2.5000000e+00;-5.8880113e-02;2.5000000e+00;-1.0057604e-01;2.5000000e+00;-1.4437062e-01;2.5000000e+00;-6.1562955e-02;2.5000000e+00;-5.8699112e-02;2.5000000e+00;-3.3566643e-02;2.5000000e+00;1.2628025e-02;2.5000000e+00;7.6633051e-02;2.5000000e+00;1.5538558e-01;2.5000000e+00;1.9883586e-01;2.5000000e+00;2.0710331e-01;2.5000000e+00;2.0101240e-01;2.5000000e+00;2.2736043e-01;2.5000000e+00;1.8838237e-01;2.5000000e+00;1.3208841e-01;2.5000000e+00;7.8796759e-02;2.5000000e+00;3.3164963e-02;2.5000000e+00;-1.1815734e-02;2.5000000e+00;-5.8880113e-02;2.5000000e+00;-1.0057604e-01;2.5000000e+00;-1.4437062e-01;2.5000000e+00;-6.1562955e-02;2.5000000e+00;-5.8699112e-02;2.5000000e+00;-3.3566643e-02;2.5000000e+00;1.2628025e-02;2.5000000e+00;7.6633051e-02;2.5000000e+00;1.5538558e-01;2.5000000e+00;1.9883586e-01;2.5000000e+00;2.0710331e-01;2.5000000e+00;2.0101240e-01;2.5000000e+00;2.2736043e-01;2.5000000e+00;1.8838237e-01;2.5000000e+00;1.3208841e-01;2.5000000e+00;7.8796759e-02;2.5000000e+00;3.3164963e-02;2.5000000e+00;-1.1815734e-02;2.5000000e+00;-5.8880113e-02;2.5000000e+00;-1.0057604e-01;2.5000000e+00;-1.4437062e-01;2.5000000e+00;-6.1562955e-02;2.5000000e+00;-5.8699112e-02;2.5000000e+00;-3.3566643e-02;2.5000000e+00;1.2628025e-02;2.5000000e+00;7.6633051e-02;2.5000000e+00;1.5538558e-01;2.5000000e+00;1.9883586e-01;2.5000000e+00;2.0710331e-01;2.5000000e+00;2.0101240e-01;2.5000000e+00;2.2736043e-01;2.5000000e+00;1.8838237e-01;2.5000000e+00;1.3208841e-01;2.5000000e+00;7.8796759e-02;2.5000000e+00;3.3164963e-02;2.5000000e+00;-1.1815734e-02;2.5000000e+00;-5.8880113e-02;2.5000000e+00;-1.0057604e-01;2.5000000e+00;-1.4437062e-01;2.5000000e+00;-6.1562955e-02;2.5000000e+00;-5.8699112e-02;2.5000000e+00;-3.3566643e-02;2.5000000e+00;1.2628025e-02;2.5000000e+00;7.6633051e-02;2.5000000e+00;1.5538558e-01;2.5000000e+00;1.9883586e-01;2.5000000e+00;2.0710331e-01;2.5000000e+00;2.0101240e-01;2.5000000e+00;2.2736043e-01;2.5000000e+00;1.8838237e-01;2.5000000e+00;1.3208841e-01;2.5000000e+00;7.8796759e-02;2.5000000e+00;3.3164963e-02;2.5000000e+00;-1.1815734e-02;2.5000000e+00;-5.8880113e-02;2.5000000e+00;-1.0057604e-01;2.5000000e+00;-1.4437062e-01;2.5000000e+00;-6.1562955e-02;2.5000000e+00;-5.8699112e-02;2.5000000e+00;-3.3566643e-02;2.5000000e+00;1.2628025e-02;2.5000000e+00;7.6633051e-02;2.5000000e+00;1.5538558e-01;2.5000000e+00;1.9883586e-01;2.5000000e+00;2.0710331e-01;2.5000000e+00;2.0101240e-01;2.5000000e+00;2.2736043e-01;2.5000000e+00;1.8838237e-01;2.5000000e+00;1.3208841e-01;2.5000000e+00;7.8796759e-02;2.5000000e+00;3.3164963e-02;2.5000000e+00;-1.1815734e-02;2.5000000e+00;-5.8880113e-02;2.5000000e+00;-1.0057604e-01;2.5000000e+00;-1.4437062e-01;2.5000000e+00;-6.1562955e-02;2.5000000e+00;-5.8699112e-02;2.5000000e+00;-3.3566643e-02;2.5000000e+00;1.2628025e-02;2.5000000e+00;7.6633051e-02;2.5000000e+00;1.5538558e-01;2.5000000e+00;1.9883586e-01;2.5000000e+00;2.0710331e-01;2.5000000e+00;2.0101240e-01;2.5000000e+00;2.2736043e-01;2.5000000e+00;1.8838237e-01;2.5000000e+00;1.3208841e-01;2.5000000e+00;7.8796759e-02;2.5000000e+00;3.3164963e-02;2.5000000e+00;-1.1815734e-02;2.5000000e+00;-5.8880113e-02;2.5000000e+00;-1.0057604e-01;2.5000000e+00;-1.4437062e-01;2.5000000e+00;-6.1562955e-02;2.5000000e+00;-5.8699112e-02;2.5000000e+00;-3.3566643e-02;2.5000000e+00;1.2628025e-02;2.5000000e+00;7.6633051e-02;2.5000000e+00;1.5538558e-01;2.5000000e+00;1.9883586e-01;2.5000000e+00;2.0710331e-01;2.5000000e+00;2.0101240e-01;2.5000000e+00;2.2736043e-01;2.5000000e+00;1.8838237e-01;2.5000000e+00;1.3208841e-01;2.5000000e+00;7.8796759e-02;2.5000000e+00;3.3164963e-02;2.5000000e+00;-1.1815734e-02;2.5000000e+00;-5.8880113e-02;2.5000000e+00;-1.0057604e-01;2.5000000e+00;-1.4437062e-01;2.5000000e+00;-6.1562955e-02;2.5000000e+00;-5.8699112e-02;2.5000000e+00;-3.3566643e-02;2.5000000e+00;1.2628025e-02;2.5000000e+00;7.6633051e-02;2.5000000e+00;1.5538558e-01;2.5000000e+00;1.9883586e-01;2.5000000e+00;2.0710331e-01;2.5000000e+00;2.0101240e-01;2.5000000e+00;2.2736043e-01;2.5000000e+00;1.8838237e-01;2.5000000e+00;1.3208841e-01;2.5000000e+00;7.8796759e-02;2.5000000e+00;3.3164963e-02;2.5000000e+00;-1.1815734e-02;2.5000000e+00;-5.8880113e-02;2.5000000e+00;-1.0057604e-01;2.5000000e+00;-1.4437062e-01;2.5000000e+00;-6.1562955e-02;2.5000000e+00;-5.8699112e-02;2.5000000e+00;-3.3566643e-02;2.5000000e+00;1.2628025e-02;2.5000000e+00;7.6633051e-02;2.5000000e+00;1.5538558e-01;2.5000000e+00;1.9883586e-01;2.5000000e+00;2.0710331e-01;2.5000000e+00;2.0101240e-01;2.5000000e+00;2.2736043e-01;2.5000000e+00;1.8838237e-01;2.5000000e+00;1.3208841e-01;2.5000000e+00;7.8796759e-02;2.5000000e+00;3.3164963e-02;2.5000000e+00;-1.1815734e-02;2.5000000e+00;-5.8880113e-02;2.5000000e+00;-1.0057604e-01;2.5000000e+00;-1.4437062e-01;2.5000000e+00;-6.1562955e-02;2.5000000e+00;-5.8699112e-02;2.5000000e+00;-3.3566643e-02;2.5000000e+00;1.2628025e-02;2.5000000e+00;7.6633051e-02;2.5000000e+00;1.5538558e-01;2.5000000e+00;1.9883586e-01;2.5000000e+00;2.0710331e-01;2.5000000e+00;2.0101240e-01;2.5000000e+00;2.2736043e-01;2.5000000e+00;1.8838237e-01;2.5000000e+00;1.3208841e-01;2.5000000e+00;7.8796759e-02;2.5000000e+00;3.3164963e-02;2.5000000e+00;-1.1815734e-02;2.5000000e+00;-5.8880113e-02;2.5000000e+00;-1.0057604e-01;2.5000000e+00;-1.4437062e-01;2.5000000e+00;-6.1562955e-02;2.5000000e+00;-5.8699112e-02;2.5000000e+00;-3.3566643e-02;2.5000000e+00;1.2628025e-02;2.5000000e+00;7.6633051e-02;2.5000000e+00;1.5538558e-01;2.5000000e+00;1.9883586e-01;2.5000000e+00;2.0710331e-01;2.5000000e+00;2.0101240e-01;2.5000000e+00;2.2736043e-01;2.5000000e+00;1.8838237e-01;2.5000000e+00;1.3208841e-01;2.5000000e+00;7.8796759e-02;2.5000000e+00;3.3164963e-02;2.5000000e+00;-1.1815734e-02;2.5000000e+00;-5.8880113e-02;2.5000000e+00;-1.0057604e-01;2.5000000e+00;-1.4437062e-01;2.5000000e+00;-6.1562955e-02;2.5000000e+00;-5.8699112e-02;2.5000000e+00;-3.3566643e-02;2.5000000e+00;1.2628025e-02;2.5000000e+00;7.6633051e-02;2.5000000e+00;1.5538558e-01;2.5000000e+00;1.9883586e-01;2.5000000e+00;2.0710331e-01;2.5000000e+00;2.0101240e-01;2.5000000e+00;2.2736043e-01;2.5000000e+00;1.8838237e-01;2.5000000e+00;1.3208841e-01;2.5000000e+00;7.8796759e-02;2.5000000e+00;3.3164963e-02;2.5000000e+00;-1.1815734e-02;2.5000000e+00;-5.8880113e-02;2.5000000e+00;-1.0057604e-01;2.5000000e+00;-1.4437062e-01;2.5000000e+00;-6.1562955e-02;2.5000000e+00;-5.8699112e-02;2.5000000e+00;-3.3566643e-02;2.5000000e+00;1.2628025e-02;2.5000000e+00;7.6633051e-02;2.5000000e+00;1.5538558e-01;2.5000000e+00;1.9883586e-01;2.5000000e+00;2.0710331e-01;2.5000000e+00;2.0101240e-01;2.5000000e+00;2.2736043e-01;2.5000000e+00;1.8838237e-01;2.5000000e+00;1.3208841e-01;2.5000000e+00;7.8796759e-02;2.5000000e+00;3.3164963e-02;2.5000000e+00;-1.1815734e-02;2.5000000e+00;-5.8880113e-02;2.5000000e+00;-1.0057604e-01;2.5000000e+00;-1.4437062e-01;2.5000000e+00;-6.1562955e-02;2.5000000e+00;-5.8699112e-02;2.5000000e+00;-3.3566643e-02;2.5000000e+00;1.2628025e-02;2.5000000e+00;7.6633051e-02;2.5000000e+00;1.5538558e-01;2.5000000e+00;1.9883586e-01;2.5000000e+00;2.0710331e-01;2.5000000e+00;2.0101240e-01;2.5000000e+00;2.2736043e-01;2.5000000e+00;1.8838237e-01;2.5000000e+00;1.3208841e-01;2.5000000e+00;7.8796759e-02;2.5000000e+00;3.3164963e-02;2.5000000e+00;-1.1815734e-02;2.5000000e+00;-5.8880113e-02;2.5000000e+00;-1.0057604e-01;2.5000000e+00;-1.4437062e-01;2.5000000e+00;-6.1562955e-02;2.5000000e+00;-5.8699112e-02;2.5000000e+00;-3.3566643e-02;2.5000000e+00;1.2628025e-02;2.5000000e+00;7.6633051e-02;2.5000000e+00;1.5538558e-01;2.5000000e+00;1.9883586e-01;2.5000000e+00;2.0710331e-01;2.5000000e+00;2.0101240e-01;2.5000000e+00;2.2736043e-01;2.5000000e+00;1.8838237e-01;2.5000000e+00;1.3208841e-01;2.5000000e+00;7.8796759e-02;2.5000000e+00;3.3164963e-02;2.5000000e+00;-1.1815734e-02;2.5000000e+00;-5.8880113e-02;2.5000000e+00;-1.0057604e-01;2.5000000e+00;-1.4437062e-01;2.5000000e+00;-6.1562955e-02;2.5000000e+00;-5.8699112e-02;2.5000000e+00;-3.3566643e-02;2.5000000e+00;1.2628025e-02;2.5000000e+00;7.6633051e-02;2.5000000e+00;1.5538558e-01;2.5000000e+00;1.9883586e-01;2.5000000e+00;2.0710331e-01;2.5000000e+00;2.0101240e-01;2.5000000e+00;2.2736043e-01;2.5000000e+00;1.8838237e-01;2.5000000e+00;1.3208841e-01;2.5000000e+00;7.8796759e-02;2.5000000e+00;3.3164963e-02;2.5000000e+00;-1.1815734e-02;2.5000000e+00;-5.8880113e-02;2.5000000e+00;-1.0057604e-01;2.5000000e+00;-1.4437062e-01;2.5000000e+00;-6.1562955e-02;2.5000000e+00;-5.8699112e-02;2.5000000e+00;-3.3566643e-02;2.5000000e+00;1.2628025e-02;2.5000000e+00;7.6633051e-02;2.5000000e+00;1.5538558e-01;2.5000000e+00;1.9883586e-01;2.5000000e+00;2.0710331e-01;2.5000000e+00;2.0101240e-01;2.5000000e+00;2.2736043e-01;2.5000000e+00;1.8838237e-01;2.5000000e+00;1.3208841e-01;2.5000000e+00;7.8796759e-02;2.5000000e+00;3.3164963e-02;2.5000000e+00;-1.1815734e-02;2.5000000e+00;-5.8880113e-02;2.5000000e+00;-1.0057604e-01;2.5000000e+00;-1.4437062e-01;2.5000000e+00;-6.1562955e-02;2.5000000e+00;-5.8699112e-02;2.5000000e+00;-3.3566643e-02;2.5000000e+00;1.2628025e-02;2.5000000e+00;7.6633051e-02;2.5000000e+00;1.5538558e-01;2.5000000e+00;1.9883586e-01;2.5000000e+00;2.0710331e-01;2.5000000e+00;2.0101240e-01;2.5000000e+00;2.2736043e-01;2.5000000e+00;1.8838237e-01;2.5000000e+00;1.3208841e-01;2.5000000e+00;7.8796759e-02;2.5000000e+00;3.3164963e-02;2.5000000e+00;-1.1815734e-02;2.5000000e+00;-5.8880113e-02;2.5000000e+00;-1.0057604e-01;2.5000000e+00;-1.4437062e-01;2.5000000e+00;-6.1562955e-02;2.5000000e+00;-5.8699112e-02;2.5000000e+00;-3.3566643e-02;2.5000000e+00;1.2628025e-02;2.5000000e+00;7.6633051e-02;2.5000000e+00;1.5538558e-01;2.5000000e+00;1.9883586e-01;2.5000000e+00;2.0710331e-01;2.5000000e+00;2.0101240e-01;2.5000000e+00;2.2736043e-01;2.5000000e+00;1.8838237e-01;2.5000000e+00;1.3208841e-01;2.5000000e+00;7.8796759e-02;2.5000000e+00;3.3164963e-02;2.5000000e+00;-1.1815734e-02;2.5000000e+00;-5.8880113e-02;2.5000000e+00;-1.0057604e-01;2.5000000e+00;-1.4437062e-01;2.5000000e+00;-6.1562955e-02;2.5000000e+00;-5.8699112e-02;2.5000000e+00;-3.3566643e-02;2.5000000e+00;1.2628025e-02;2.5000000e+00;7.6633051e-02;2.5000000e+00;1.5538558e-01;2.5000000e+00;1.9883586e-01;2.5000000e+00;2.0710331e-01;2.5000000e+00;2.0101240e-01;2.5000000e+00;2.2736043e-01;2.5000000e+00;1.8838237e-01;2.5000000e+00;1.3208841e-01;2.5000000e+00;7.8796759e-02;2.5000000e+00;3.3164963e-02;2.5000000e+00;-1.1815734e-02;2.5000000e+00;-5.8880113e-02;2.5000000e+00;-1.0057604e-01;2.5000000e+00;-1.4437062e-01;2.5000000e+00;-6.1562955e-02;2.5000000e+00;-5.8699112e-02;2.5000000e+00;-3.3566643e-02;2.5000000e+00;1.2628025e-02;2.5000000e+00;7.6633051e-02;2.5000000e+00;1.5538558e-01;2.5000000e+00;1.9883586e-01;2.5000000e+00;2.0710331e-01;2.5000000e+00;2.0101240e-01;2.5000000e+00;2.2736043e-01;2.5000000e+00;1.8838237e-01;2.5000000e+00;1.3208841e-01;2.5000000e+00;7.8796759e-02;2.5000000e+00;3.3164963e-02;2.5000000e+00;-1.1815734e-02;2.5000000e+00;-5.8880113e-02;2.5000000e+00;-1.0057604e-01;2.5000000e+00;-1.4437062e-01;2.5000000e+00;-6.1562955e-02;2.5000000e+00;-5.8699112e-02;2.5000000e+00;-3.3566643e-02;2.5000000e+00;1.2628025e-02;2.5000000e+00;7.6633051e-02;2.5000000e+00;1.5538558e-01;2.5000000e+00;1.9883586e-01;2.5000000e+00;2.0710331e-01;2.5000000e+00;2.0101240e-01;2.5000000e+00;2.2736043e-01;2.5000000e+00;1.8838237e-01;2.5000000e+00;1.3208841e-01;2.5000000e+00;7.8796759e-02;2.5000000e+00;3.3164963e-02;2.5000000e+00;-1.1815734e-02;2.5000000e+00;-5.8880113e-02;2.5000000e+00;-1.0057604e-01;2.5000000e+00;-1.4437062e-01;2.5000000e+00;-6.1562955e-02;2.5000000e+00;-5.8699112e-02;2.5000000e+00;-3.3566643e-02;2.5000000e+00;1.2628025e-02;2.5000000e+00;7.6633051e-02;2.5000000e+00;1.5538558e-01;2.5000000e+00;1.9883586e-01;2.5000000e+00;2.0710331e-01;2.5000000e+00;2.0101240e-01;2.5000000e+00;2.2736043e-01;2.5000000e+00;1.8838237e-01;2.5000000e+00;1.3208841e-01;2.5000000e+00;7.8796759e-02;2.5000000e+00;3.3164963e-02;2.5000000e+00;-1.1815734e-02;2.5000000e+00;-5.8880113e-02;2.5000000e+00;-1.0057604e-01;2.5000000e+00;-1.4437062e-01;2.5000000e+00;-6.1562955e-02;2.5000000e+00;-5.8699112e-02;2.5000000e+00;-3.3566643e-02;2.5000000e+00;1.2628025e-02;2.5000000e+00;7.6633051e-02;2.5000000e+00;1.5538558e-01;2.5000000e+00;1.9883586e-01;2.5000000e+00;2.0710331e-01;2.5000000e+00;2.0101240e-01;2.5000000e+00;2.2736043e-01;2.5000000e+00;1.8838237e-01;2.5000000e+00;1.3208841e-01;2.5000000e+00;7.8796759e-02;2.5000000e+00;3.3164963e-02;2.5000000e+00;-1.1815734e-02;2.5000000e+00;-5.8880113e-02;2.5000000e+00;-1.0057604e-01;2.5000000e+00;-1.4437062e-01;2.5000000e+00;-6.1562955e-02;2.5000000e+00;-5.8699112e-02;2.5000000e+00;-3.3566643e-02;2.5000000e+00;1.2628025e-02;2.5000000e+00;7.6633051e-02;2.5000000e+00;1.5538558e-01;2.5000000e+00;1.9883586e-01;2.5000000e+00;2.0710331e-01;2.5000000e+00;2.0101240e-01;2.5000000e+00;2.2736043e-01;2.5000000e+00;1.8838237e-01;2.5000000e+00;1.3208841e-01;2.5000000e+00;7.8796759e-02;2.5000000e+00;3.3164963e-02;2.5000000e+00;-1.1815734e-02;2.5000000e+00;-5.8880113e-02;2.5000000e+00;-1.0057604e-01;2.5000000e+00;-1.4437062e-01;2.5000000e+00;-6.1562955e-02;2.5000000e+00;-5.8699112e-02;2.5000000e+00;-3.3566643e-02;2.5000000e+00;1.2628025e-02;2.5000000e+00;7.6633051e-02;2.5000000e+00;1.5538558e-01;2.5000000e+00;1.9883586e-01;2.5000000e+00;2.0710331e-01;2.5000000e+00;2.0101240e-01;2.5000000e+00;2.2736043e-01;2.5000000e+00;1.8838237e-01;2.5000000e+00;1.3208841e-01;2.5000000e+00;7.8796759e-02;2.5000000e+00;3.3164963e-02;2.5000000e+00;-1.1815734e-02;2.5000000e+00;-5.8880113e-02;2.5000000e+00;-1.0057604e-01;2.5000000e+00;-1.4437062e-01;2.5000000e+00;-6.1562955e-02;2.5000000e+00;-5.8699112e-02;2.5000000e+00;-3.3566643e-02;2.5000000e+00;1.2628025e-02;2.5000000e+00;7.6633051e-02;2.5000000e+00;1.5538558e-01;2.5000000e+00;1.9883586e-01;2.5000000e+00;2.0710331e-01;2.5000000e+00;2.0101240e-01;2.5000000e+00;2.2736043e-01;2.5000000e+00;1.8838237e-01;2.5000000e+00;1.3208841e-01;2.5000000e+00;7.8796759e-02;2.5000000e+00;3.3164963e-02;2.5000000e+00;-1.1815734e-02;2.5000000e+00;-5.8880113e-02;2.5000000e+00;-1.0057604e-01;2.5000000e+00;-1.4437062e-01;2.5000000e+00;-6.1562955e-02;2.5000000e+00;-5.8699112e-02;2.5000000e+00;-3.3566643e-02;2.5000000e+00;1.2628025e-02;2.5000000e+00;7.6633051e-02;2.5000000e+00;1.5538558e-01;2.5000000e+00;1.9883586e-01;2.5000000e+00;2.0710331e-01;2.5000000e+00;2.0101240e-01;2.5000000e+00;2.2736043e-01;2.5000000e+00;1.8838237e-01;2.5000000e+00;1.3208841e-01;2.5000000e+00;7.8796759e-02;2.5000000e+00;3.3164963e-02;2.5000000e+00;-1.1815734e-02;2.5000000e+00;-5.8880113e-02;2.5000000e+00;-1.0057604e-01;2.5000000e+00;-1.4437062e-01;2.5000000e+00;-6.1562955e-02;2.5000000e+00;-5.8699112e-02;2.5000000e+00;-3.3566643e-02;2.5000000e+00;1.2628025e-02;2.5000000e+00;7.6633051e-02;2.5000000e+00;1.5538558e-01;2.5000000e+00;1.9883586e-01;2.5000000e+00;2.0710331e-01;2.5000000e+00;2.0101240e-01;2.5000000e+00;2.2736043e-01;2.5000000e+00;1.8838237e-01;2.5000000e+00;1.3208841e-01;2.5000000e+00;7.8796759e-02;2.5000000e+00;3.3164963e-02;2.5000000e+00;-1.1815734e-02;2.5000000e+00;-5.8880113e-02;2.5000000e+00;-1.0057604e-01;2.5000000e+00;-1.4437062e-01;2.5000000e+00;-6.1562955e-02;2.5000000e+00;-5.8699112e-02;2.5000000e+00;-3.3566643e-02;2.5000000e+00;1.2628025e-02;2.5000000e+00;7.6633051e-02;2.5000000e+00;1.5538558e-01;2.5000000e+00;1.9883586e-01;2.5000000e+00;2.0710331e-01;2.5000000e+00;2.0101240e-01;2.5000000e+00;2.2736043e-01;2.5000000e+00;1.8838237e-01;2.5000000e+00;1.3208841e-01;2.5000000e+00;7.8796759e-02;2.5000000e+00;3.3164963e-02;2.5000000e+00;-1.1815734e-02;2.5000000e+00;-5.8880113e-02;2.5000000e+00;-1.0057604e-01;2.5000000e+00;-1.4437062e-01;2.5000000e+00;-6.1562955e-02;2.5000000e+00;-5.8699112e-02;2.5000000e+00;-3.3566643e-02;2.5000000e+00;1.2628025e-02;2.5000000e+00;7.6633051e-02;2.5000000e+00;1.5538558e-01;2.5000000e+00;1.9883586e-01;2.5000000e+00;2.0710331e-01;2.5000000e+00;2.0101240e-01;2.5000000e+00;2.2736043e-01;2.5000000e+00;1.8838237e-01;2.5000000e+00;1.3208841e-01;2.5000000e+00;7.8796759e-02;2.5000000e+00;3.3164963e-02;2.5000000e+00;-1.1815734e-02;2.5000000e+00;-5.8880113e-02;2.5000000e+00;-1.0057604e-01;2.5000000e+00;-1.4437062e-01;2.5000000e+00;-6.1562955e-02;2.5000000e+00;-5.8699112e-02;2.5000000e+00;-3.3566643e-02;2.5000000e+00;1.2628025e-02;2.5000000e+00;7.6633051e-02;2.5000000e+00;1.5538558e-01;2.5000000e+00;1.9883586e-01;2.5000000e+00;2.0710331e-01;2.5000000e+00;2.0101240e-01;2.5000000e+00;2.2736043e-01;2.5000000e+00;1.8838237e-01;2.5000000e+00;1.3208841e-01;2.5000000e+00;7.8796759e-02;2.5000000e+00;3.3164963e-02;2.5000000e+00;-1.1815734e-02;2.5000000e+00;-5.8880113e-02;2.5000000e+00;-1.0057604e-01;2.5000000e+00;-1.4437062e-01;2.5000000e+00;-6.1562955e-02;2.5000000e+00;-5.8699112e-02;2.5000000e+00;-3.3566643e-02;2.5000000e+00;1.2628025e-02;2.5000000e+00;7.6633051e-02;2.5000000e+00;1.5538558e-01;2.5000000e+00;1.9883586e-01;2.5000000e+00;2.0710331e-01;2.5000000e+00;2.0101240e-01;2.5000000e+00;2.2736043e-01;2.5000000e+00;1.8838237e-01;2.5000000e+00;1.3208841e-01;2.5000000e+00;7.8796759e-02;2.5000000e+00;3.3164963e-02;2.5000000e+00;-1.1815734e-02;2.5000000e+00;-5.8880113e-02;2.5000000e+00;-1.0057604e-01;2.5000000e+00;-1.4437062e-01;2.5000000e+00;-6.1562955e-02;2.5000000e+00;-5.8699112e-02;2.5000000e+00;-3.3566643e-02;2.5000000e+00;1.2628025e-02;2.5000000e+00;7.6633051e-02;2.5000000e+00;1.5538558e-01;2.5000000e+00;1.9883586e-01;2.5000000e+00;2.0710331e-01;2.5000000e+00;2.0101240e-01;2.5000000e+00;2.2736043e-01;2.5000000e+00;1.8838237e-01;2.5000000e+00;1.3208841e-01;2.5000000e+00;7.8796759e-02;2.5000000e+00;3.3164963e-02;2.5000000e+00;-1.1815734e-02;2.5000000e+00;-5.8880113e-02;2.5000000e+00;-1.0057604e-01;2.5000000e+00;-1.4437062e-01;2.5000000e+00;-6.1562955e-02;2.5000000e+00;-5.8699112e-02;2.5000000e+00;-3.3566643e-02;2.5000000e+00;1.2628025e-02;2.5000000e+00;7.6633051e-02;2.5000000e+00;1.5538558e-01;2.5000000e+00;1.9883586e-01;2.5000000e+00;2.0710331e-01;2.5000000e+00;2.0101240e-01;2.5000000e+00;2.2736043e-01;2.5000000e+00;1.8838237e-01;2.5000000e+00;1.3208841e-01;2.5000000e+00;7.8796759e-02;2.5000000e+00;3.3164963e-02;2.5000000e+00;-1.1815734e-02;2.5000000e+00;-5.8880113e-02;2.5000000e+00;-1.0057604e-01;2.5000000e+00;-1.4437062e-01;2.5000000e+00;-6.1562955e-02;2.5000000e+00;-5.8699112e-02;2.5000000e+00;-3.3566643e-02;2.5000000e+00;1.2628025e-02;2.5000000e+00;7.6633051e-02;2.5000000e+00;1.5538558e-01;2.5000000e+00;1.9883586e-01;2.5000000e+00;2.0710331e-01;2.5000000e+00;2.0101240e-01;2.5000000e+00;2.2736043e-01;2.5000000e+00;1.8838237e-01;2.5000000e+00;1.3208841e-01;2.5000000e+00;7.8796759e-02;2.5000000e+00;3.3164963e-02;2.5000000e+00;-1.1815734e-02;2.5000000e+00;-5.8880113e-02;2.5000000e+00;-1.0057604e-01;2.5000000e+00;-1.4437062e-01;2.5000000e+00;-6.1562955e-02;2.5000000e+00;-5.8699112e-02;2.5000000e+00;-3.3566643e-02;2.5000000e+00;1.2628025e-02;2.5000000e+00;7.6633051e-02;2.5000000e+00;1.5538558e-01;2.5000000e+00;1.9883586e-01;2.5000000e+00;2.0710331e-01;2.5000000e+00;2.0101240e-01;2.5000000e+00;2.2736043e-01;2.5000000e+00;1.8838237e-01;2.5000000e+00;1.3208841e-01;2.5000000e+00;7.8796759e-02;2.5000000e+00;3.3164963e-02;2.5000000e+00;-1.1815734e-02;2.5000000e+00;-5.8880113e-02;2.5000000e+00;-1.0057604e-01;2.5000000e+00;-1.4437062e-01;2.5000000e+00;-6.1562955e-02;2.5000000e+00;-5.8699112e-02;2.5000000e+00;-3.3566643e-02;2.5000000e+00;1.2628025e-02;2.5000000e+00;7.6633051e-02;2.5000000e+00;1.5538558e-01;2.5000000e+00;1.9883586e-01;2.5000000e+00;2.0710331e-01;2.5000000e+00;2.0101240e-01;2.5000000e+00;2.2736043e-01;2.5000000e+00;1.8838237e-01;2.5000000e+00;1.3208841e-01;2.5000000e+00;7.8796759e-02;2.5000000e+00;3.3164963e-02;2.5000000e+00;-1.1815734e-02;2.5000000e+00;-5.8880113e-02;2.5000000e+00;-1.0057604e-01;2.5000000e+00;-1.4437062e-01;2.5000000e+00;-6.1562955e-02;2.5000000e+00;-5.8699112e-02;2.5000000e+00;-3.3566643e-02;2.5000000e+00;1.2628025e-02;2.5000000e+00;7.6633051e-02;2.5000000e+00;1.5538558e-01;2.5000000e+00;1.9883586e-01;2.5000000e+00;2.0710331e-01;2.5000000e+00;2.0101240e-01;2.5000000e+00;2.2736043e-01;2.5000000e+00;1.8838237e-01;2.5000000e+00;1.3208841e-01;2.5000000e+00;7.8796759e-02;2.5000000e+00;3.3164963e-02;2.5000000e+00;-1.1815734e-02;2.5000000e+00;-5.8880113e-02;2.5000000e+00;-1.0057604e-01;2.5000000e+00;-1.4437062e-01;2.5000000e+00;-6.1562955e-02;2.5000000e+00;-5.8699112e-02;2.5000000e+00;-3.3566643e-02;2.5000000e+00;1.2628025e-02;2.5000000e+00;7.6633051e-02;2.5000000e+00;1.5538558e-01;2.5000000e+00;1.9883586e-01;2.5000000e+00;2.0710331e-01;2.5000000e+00;2.0101240e-01;2.5000000e+00;2.2736043e-01;2.5000000e+00;1.8838237e-01;2.5000000e+00;1.3208841e-01;2.5000000e+00;7.8796759e-02;2.5000000e+00;3.3164963e-02;2.5000000e+00;-1.1815734e-02;2.5000000e+00;-5.8880113e-02;2.5000000e+00;-1.0057604e-01;2.5000000e+00;-1.4437062e-01;2.5000000e+00;-6.1562955e-02;2.5000000e+00;-5.8699112e-02;2.5000000e+00;-3.3566643e-02;2.5000000e+00;1.2628025e-02;2.5000000e+00;7.6633051e-02;2.5000000e+00;1.5538558e-01;2.5000000e+00;1.9883586e-01;2.5000000e+00;2.0710331e-01;2.5000000e+00;2.0101240e-01;2.5000000e+00;2.2736043e-01;2.5000000e+00;1.8838237e-01;2.5000000e+00;1.3208841e-01;2.5000000e+00;7.8796759e-02;2.5000000e+00;3.3164963e-02;2.5000000e+00;-1.1815734e-02;2.5000000e+00;-5.8880113e-02;2.5000000e+00;-1.0057604e-01;2.5000000e+00;-1.4437062e-01;2.5000000e+00;-6.1562955e-02;2.5000000e+00;-5.8699112e-02;2.5000000e+00;-3.3566643e-02;2.5000000e+00;1.2628025e-02;2.5000000e+00;7.6633051e-02;2.5000000e+00;1.5538558e-01;2.5000000e+00;1.9883586e-01;2.5000000e+00;2.0710331e-01;2.5000000e+00;2.0101240e-01;2.5000000e+00;2.2736043e-01;2.5000000e+00;1.8838237e-01;2.5000000e+00;1.3208841e-01;2.5000000e+00;7.8796759e-02;2.5000000e+00;3.3164963e-02;2.5000000e+00;-1.1815734e-02;2.5000000e+00;-5.8880113e-02;2.5000000e+00;-1.0057604e-01;2.5000000e+00;-1.4437062e-01;2.5000000e+00;-6.1562955e-02;2.5000000e+00;-5.8699112e-02;2.5000000e+00;-3.3566643e-02;2.5000000e+00;1.2628025e-02;2.5000000e+00;7.6633051e-02;2.5000000e+00;1.5538558e-01;2.5000000e+00;1.9883586e-01;2.5000000e+00;2.0710331e-01;2.5000000e+00;2.0101240e-01;2.5000000e+00;2.2736043e-01;2.5000000e+00;1.8838237e-01;2.5000000e+00;1.3208841e-01;2.5000000e+00;7.8796759e-02;2.5000000e+00;3.3164963e-02;2.5000000e+00;-1.1815734e-02;2.5000000e+00;-5.8880113e-02;2.5000000e+00;-1.0057604e-01;2.5000000e+00;-1.4437062e-01;2.5000000e+00;-6.1562955e-02;2.5000000e+00;-5.8699112e-02;2.5000000e+00;-3.3566643e-02;2.5000000e+00;1.2628025e-02;2.5000000e+00;7.6633051e-02;2.5000000e+00;1.5538558e-01;2.5000000e+00;1.9883586e-01;2.5000000e+00;2.0710331e-01;2.5000000e+00;2.0101240e-01;2.5000000e+00;2.2736043e-01;2.5000000e+00;1.8838237e-01;2.5000000e+00;1.3208841e-01;2.5000000e+00;7.8796759e-02;2.5000000e+00;3.3164963e-02;2.5000000e+00;-1.1815734e-02;2.5000000e+00;-5.8880113e-02;2.5000000e+00;-1.0057604e-01;2.5000000e+00;-1.4437062e-01;2.5000000e+00;-6.1562955e-02;2.5000000e+00;-5.8699112e-02;2.5000000e+00;-3.3566643e-02;2.5000000e+00;1.2628025e-02;2.5000000e+00;7.6633051e-02;2.5000000e+00;1.5538558e-01;2.5000000e+00;1.9883586e-01;2.5000000e+00;2.0710331e-01;2.5000000e+00;2.0101240e-01;2.5000000e+00;2.2736043e-01;2.5000000e+00;1.8838237e-01;2.5000000e+00;1.3208841e-01;2.5000000e+00;7.8796759e-02;2.5000000e+00;3.3164963e-02;2.5000000e+00;-1.1815734e-02;2.5000000e+00;-5.8880113e-02;2.5000000e+00;-1.0057604e-01;2.5000000e+00;-1.4437062e-01;2.5000000e+00;-6.1562955e-02;2.5000000e+00;-5.8699112e-02;2.5000000e+00;-3.3566643e-02;2.5000000e+00;1.2628025e-02;2.5000000e+00;7.6633051e-02;2.5000000e+00;1.5538558e-01;2.5000000e+00;1.9883586e-01;2.5000000e+00;2.0710331e-01;2.5000000e+00;2.0101240e-01;2.5000000e+00;2.2736043e-01;2.5000000e+00;1.8838237e-01;2.5000000e+00;1.3208841e-01;2.5000000e+00;7.8796759e-02;2.5000000e+00;3.3164963e-02;2.5000000e+00;-1.1815734e-02;2.5000000e+00;-5.8880113e-02;2.5000000e+00;-1.0057604e-01;2.5000000e+00;-1.4437062e-01
7.5000000e+00;-6.0639203e-02;7.5000000e+00;-5.3497389e-02;7.5000000e+00;-2.5220111e-02;7.5000000e+00;2.5768705e-02;7.5000000e+00;9.3097240e-02;7.5000000e+00;1.7182457e-01;7.5000000e+00;2.0818162e-01;7.5000000e+00;2.0629869e-01;7.5000000e+00;1.9850585e-01;7.5000000e+00;2.3092492e-01;7.5000000e+00;1.9438589e-01;7.5000000e+00;1.3943650e-01;7.5000000e+00;8.8043012e-02;7.5000000e+00;3.6782168e-02;7.5000000e+00;-8.4682405e-03;7.5000000e+00;-5.3433195e-02;7.5000000e+00;-9.3612365e-02;7.5000000e+00;-1.3935663e-01;7.5000000e+00;-6.0639203e-02;7.5000000e+00;-5.3497389e-02;7.5000000e+00;-2.5220111e-02;7.5000000e+00;2.5768705e-02;7.5000000e+00;9.3097240e-02;7.5000000e+00;1.7182457e-01;7.5000000e+00;2.0818162e-01;7.5000000e+00;2.0629869e-01;7.5000000e+00;1.9850585e-01;7.5000000e+00;2.3092492e-01;7.5000000e+00;1.9438589e-01;7.5000000e+00;1.3943650e-01;7.5000000e+00;8.8043012e-02;7.5000000e+00;3.6782168e-02;7.5000000e+00;-8.4682405e-03;7.5000000e+00;-5.3433195e-02;7.5000000e+00;-9.3612365e-02;7.5000000e+00;-1.3935663e-01;7.5000000e+00;-6.0639203e-02;7.5000000e+00;-5.3497389e-02;7.5000000e+00;-2.5220111e-02;7.5000000e+00;2.5768705e-02;7.5000000e+00;9.3097240e-02;7.5000000e+00;1.7182457e-01;7.5000000e+00;2.0818162e-01;7.5000000e+00;2.0629869e-01;7.5000000e+00;1.9850585e-01;7.5000000e+00;2.3092492e-01;7.5000000e+00;1.9438589e-01;7.5000000e+00;1.3943650e-01;7.5000000e+00;8.8043012e-02;7.5000000e+00;3.6782168e-02;7.5000000e+00;-8.4682405e-03;7.5000000e+00;-5.3433195e-02;7.5000000e+00;-9.3612365e-02;7.5000000e+00;-1.3935663e-01;7.5000000e+00;-6.0639203e-02;7.5000000e+00;-5.3497389e-02;7.5000000e+00;-2.5220111e-02;7.5000000e+00;2.5768705e-02;7.5000000e+00;9.3097240e-02;7.5000000e+00;1.7182457e-01;7.5000000e+00;2.0818162e-01;7.5000000e+00;2.0629869e-01;7.5000000e+00;1.9850585e-01;7.5000000e+00;2.3092492e-01;7.5000000e+00;1.9438589e-01;7.5000000e+00;1.3943650e-01;7.5000000e+00;8.8043012e-02;7.5000000e+00;3.6782168e-02;7.5000000e+00;-8.4682405e-03;7.5000000e+00;-5.3433195e-02;7.5000000e+00;-9.3612365e-02;7.5000000e+00;-1.3935663e-01;7.5000000e+00;-6.0639203e-02;7.5000000e+00;-5.3497389e-02;7.5000000e+00;-2.5220111e-02;7.5000000e+00;2.5768705e-02;7.5000000e+00;9.3097240e-02;7.5000000e+00;1.7182457e-01;7.5000000e+00;2.0818162e-01;7.5000000e+00;2.0629869e-01;7.5000000e+00;1.9850585e-01;7.5000000e+00;2.3092492e-01;7.5000000e+00;1.9438589e-01;7.5000000e+00;1.3943650e-01;7.5000000e+00;8.8043012e-02;7.5000000e+00;3.6782168e-02;7.5000000e+00;-8.4682405e-03;7.5000000e+00;-5.3433195e-02;7.5000000e+00;-9.3612365e-02;7.5000000e+00;-1.3935663e-01;7.5000000e+00;-6.0639203e-02;7.5000000e+00;-5.3497389e-02;7.5000000e+00;-2.5220111e-02;7.5000000e+00;2.5768705e-02;7.5000000e+00;9.3097240e-02;7.5000000e+00;1.7182457e-01;7.5000000e+00;2.0818162e-01;7.5000000e+00;2.0629869e-01;7.5000000e+00;1.9850585e-01;7.5000000e+00;2.3092492e-01;7.5000000e+00;1.9438589e-01;7.5000000e+00;1.3943650e-01;7.5000000e+00;8.8043012e-02;7.5000000e+00;3.6782168e-02;7.5000000e+00;-8.4682405e-03;7.5000000e+00;-5.3433195e-02;7.5000000e+00;-9.3612365e-02;7.5000000e+00;-1.3935663e-01;7.5000000e+00;-6.0639203e-02;7.5000000e+00;-5.3497389e-02;7.5000000e+00;-2.5220111e-02;7.5000000e+00;2.5768705e-02;7.5000000e+00;9.3097240e-02;7.5000000e+00;1.7182457e-01;7.5000000e+00;2.0818162e-01;7.5000000e+00;2.0629869e-01;7.5000000e+00;1.9850585e-01;7.5000000e+00;2.3092492e-01;7.5000000e+00;1.9438589e-01;7.5000000e+00;1.3943650e-01;7.5000000e+00;8.8043012e-02;7.5000000e+00;3.6782168e-02;7.5000000e+00;-8.4682405e-03;7.5000000e+00;-5.3433195e-02;7.5000000e+00;-9.3612365e-02;7.5000000e+00;-1.3935663e-01;7.5000000e+00;-6.0639203e-02;7.5000000e+00;-5.3497389e-02;7.5000000e+00;-2.5220111e-02;7.5000000e+00;2.5768705e-02;7.5000000e+00;9.3097240e-02;7.5000000e+00;1.7182457e-01;7.5000000e+00;2.0818162e-01;7.5000000e+00;2.0629869e-01;7.5000000e+00;1.9850585e-01;7.5000000e+00;2.3092492e-01;7.5000000e+00;1.9438589e-01;7.5000000e+00;1.3943650e-01;7.5000000e+00;8.8043012e-02;7.5000000e+00;3.6782168e-02;7.5000000e+00;-8.4682405e-03;7.5000000e+00;-5.3433195e-02;7.5000000e+00;-9.3612365e-02;7.5000000e+00;-1.3935663e-01;7.5000000e+00;-6.0639203e-02;7.5000000e+00;-5.3497389e-02;7.5000000e+00;-2.5220111e-02;7.5000000e+00;2.5768705e-02;7.5000000e+00;9.3097240e-02;7.5000000e+00;1.7182457e-01;7.5000000e+00;2.0818162e-01;7.5000000e+00;2.0629869e-01;7.5000000e+00;1.9850585e-01;7.5000000e+00;2.3092492e-01;7.5000000e+00;1.9438589e-01;7.5000000e+00;1.3943650e-01;7.5000000e+00;8.8043012e-02;7.5000000e+00;3.6782168e-02;7.5000000e+00;-8.4682405e-03;7.5000000e+00;-5.3433195e-02;7.5000000e+00;-9.3612365e-02;7.5000000e+00;-1.3935663e-01;7.5000000e+00;-6.0639203e-02;7.5000000e+00;-5.3497389e-02;7.5000000e+00;-2.5220111e-02;7.5000000e+00;2.5768705e-02;7.5000000e+00;9.3097240e-02;7.5000000e+00;1.7182457e-01;7.5000000e+00;2.0818162e-01;7.5000000e+00;2.0629869e-01;7.5000000e+00;1.9850585e-01;7.5000000e+00;2.3092492e-01;7.5000000e+00;1.9438589e-01;7.5000000e+00;1.3943650e-01;7.5000000e+00;8.8043012e-02;7.5000000e+00;3.6782168e-02;7.5000000e+00;-8.4682405e-03;7.5000000e+00;-5.3433195e-02;7.5000000e+00;-9.3612365e-02;7.5000000e+00;-1.3935663e-01;7.5000000e+00;-6.0639203e-02;7.5000000e+00;-5.3497389e-02;7.5000000e+00;-2.5220111e-02;7.5000000e+00;2.5768705e-02;7.5000000e+00;9.3097240e-02;7.5000000e+00;1.7182457e-01;7.5000000e+00;2.0818162e-01;7.5000000e+00;2.0629869e-01;7.5000000e+00;1.9850585e-01;7.5000000e+00;2.3092492e-01;7.5000000e+00;1.9438589e-01;7.5000000e+00;1.3943650e-01;7.5000000e+00;8.8043012e-02;7.5000000e+00;3.6782168e-02;7.5000000e+00;-8.4682405e-03;7.5000000e+00;-5.3433195e-02;7.5000000e+00;-9.3612365e-02;7.5000000e+00;-1.3935663e-01;7.5000000e+00;-6.0639203e-02;7.5000000e+00;-5.3497389e-02;7.5000000e+00;-2.5220111e-02;7.5000000e+00;2.5768705e-02;7.5000000e+00;9.3097240e-02;7.5000000e+00;1.7182457e-01;7.5000000e+00;2.0818162e-01;7.5000000e+00;2.0629869e-01;7.5000000e+00;1.9850585e-01;7.5000000e+00;2.3092492e-01;7.5000000e+00;1.9438589e-01;7.5000000e+00;1.3943650e-01;7.5000000e+00;8.8043012e-02;7.5000000e+00;3.6782168e-02;7.5000000e+00;-8.4682405e-03;7.5000000e+00;-5.3433195e-02;7.5000000e+00;-9.3612365e-02;7.5000000e+00;-1.3935663e-01;7.5000000e+00;-6.0639203e-02;7.5000000e+00;-5.3497389e-02;7.5000000e+00;-2.5220111e-02;7.5000000e+00;2.5768705e-02;7.5000000e+00;9.3097240e-02;7.5000000e+00;1.7182457e-01;7.5000000e+00;2.0818162e-01;7.5000000e+00;2.0629869e-01;7.5000000e+00;1.9850585e-01;7.5000000e+00;2.3092492e-01;7.5000000e+00;1.9438589e-01;7.5000000e+00;1.3943650e-01;7.5000000e+00;8.8043012e-02;7.5000000e+00;3.6782168e-02;7.5000000e+00;-8.4682405e-03;7.5000000e+00;-5.3433195e-02;7.5000000e+00;-9.3612365e-02;7.5000000e+00;-1.3935663e-01;7.5000000e+00;-6.0639203e-02;7.5000000e+00;-5.3497389e-02;7.5000000e+00;-2.5220111e-02;7.5000000e+00;2.5768705e-02;7.5000000e+00;9.3097240e-02;7.5000000e+00;1.7182457e-01;7.5000000e+00;2.0818162e-01;7.5000000e+00;2.0629869e-01;7.5000000e+00;1.9850585e-01;7.5000000e+00;2.3092492e-01;7.5000000e+00;1.9438589e-01;7.5000000e+00;1.3943650e-01;7.5000000e+00;8.8043012e-02;7.5000000e+00;3.6782168e-02;7.5000000e+00;-8.4682405e-03;7.5000000e+00;-5.3433195e-02;7.5000000e+00;-9.3612365e-02;7.5000000e+00;-1.3935663e-01;7.5000000e+00;-6.0639203e-02;7.5000000e+00;-5.3497389e-02;7.5000000e+00;-2.5220111e-02;7.5000000e+00;2.5768705e-02;7.5000000e+00;9.3097240e-02;7.5000000e+00;1.7182457e-01;7.5000000e+00;2.0818162e-01;7.5000000e+00;2.0629869e-01;7.5000000e+00;1.9850585e-01;7.5000000e+00;2.3092492e-01;7.5000000e+00;1.9438589e-01;7.5000000e+00;1.3943650e-01;7.5000000e+00;8.8043012e-02;7.5000000e+00;3.6782168e-02;7.5000000e+00;-8.4682405e-03;7.5000000e+00;-5.3433195e-02;7.5000000e+00;-9.3612365e-02;7.5000000e+00;-1.3935663e-01;7.5000000e+00;-6.0639203e-02;7.5000000e+00;-5.3497389e-02;7.5000000e+00;-2.5220111e-02;7.5000000e+00;2.5768705e-02;7.5000000e+00;9.3097240e-02;7.5000000e+00;1.7182457e-01;7.5000000e+00;2.0818162e-01;7.5000000e+00;2.0629869e-01;7.5000000e+00;1.9850585e-01;7.5000000e+00;2.3092492e-01;7.5000000e+00;1.9438589e-01;7.5000000e+00;1.3943650e-01;7.5000000e+00;8.8043012e-02;7.5000000e+00;3.6782168e-02;7.5000000e+00;-8.4682405e-03;7.5000000e+00;-5.3433195e-02;7.5000000e+00;-9.3612365e-02;7.5000000e+00;-1.3935663e-01;7.5000000e+00;-6.0639203e-02;7.5000000e+00;-5.3497389e-02;7.5000000e+00;-2.5220111e-02;7.5000000e+00;2.5768705e-02;7.5000000e+00;9.3097240e-02;7.5000000e+00;1.7182457e-01;7.5000000e+00;2.0818162e-01;7.5000000e+00;2.0629869e-01;7.5000000e+00;1.9850585e-01;7.5000000e+00;2.3092492e-01;7.5000000e+00;1.9438589e-01;7.5000000e+00;1.3943650e-01;7.5000000e+00;8.8043012e-02;7.5000000e+00;3.6782168e-02;7.5000000e+00;-8.4682405e-03;7.5000000e+00;-5.3433195e-02;7.5000000e+00;-9.3612365e-02;7.5000000e+00;-1.3935663e-01;7.5000000e+00;-6.0639203e-02;7.5000000e+00;-5.3497389e-02;7.5000000e+00;-2.5220111e-02;7.5000000e+00;2.5768705e-02;7.5000000e+00;9.3097240e-02;7.5000000e+00;1.7182457e-01;7.5000000e+00;2.0818162e-01;7.5000000e+00;2.0629869e-01;7.5000000e+00;1.9850585e-01;7.5000000e+00;2.3092492e-01;7.5000000e+00;1.9438589e-01;7.5000000e+00;1.3943650e-01;7.5000000e+00;8.8043012e-02;7.5000000e+00;3.6782168e-02;7.5000000e+00;-8.4682405e-03;7.5000000e+00;-5.3433195e-02;7.5000000e+00;-9.3612365e-02;7.5000000e+00;-1.3935663e-01;7.5000000e+00;-6.0639203e-02;7.5000000e+00;-5.3497389e-02;7.5000000e+00;-2.5220111e-02;7.5000000e+00;2.5768705e-02;7.5000000e+00;9.3097240e-02;7.5000000e+00;1.7182457e-01;7.5000000e+00;2.0818162e-01;7.5000000e+00;2.0629869e-01;7.5000000e+00;1.9850585e-01;7.5000000e+00;2.3092492e-01;7.5000000e+00;1.9438589e-01;7.5000000e+00;1.3943650e-01;7.5000000e+00;8.8043012e-02;7.5000000e+00;3.6782168e-02;7.5000000e+00;-8.4682405e-03;7.5000000e+00;-5.3433195e-02;7.5000000e+00;-9.3612365e-02;7.5000000e+00;-1.3935663e-01;7.5000000e+00;-6.0639203e-02;7.5000000e+00;-5.3497389e-02;7.5000000e+00;-2.5220111e-02;7.5000000e+00;2.5768705e-02;7.5000000e+00;9.3097240e-02;7.5000000e+00;1.7182457e-01;7.5000000e+00;2.0818162e-01;7.5000000e+00;2.0629869e-01;7.5000000e+00;1.9850585e-01;7.5000000e+00;2.3092492e-01;7.5000000e+00;1.9438589e-01;7.5000000e+00;1.3943650e-01;7.5000000e+00;8.8043012e-02;7.5000000e+00;3.6782168e-02;7.5000000e+00;-8.4682405e-03;7.5000000e+00;-5.3433195e-02;7.5000000e+00;-9.3612365e-02;7.5000000e+00;-1.3935663e-01;7.5000000e+00;-6.0639203e-02;7.5000000e+00;-5.3497389e-02;7.5000000e+00;-2.5220111e-02;7.5000000e+00;2.5768705e-02;7.5000000e+00;9.3097240e-02;7.5000000e+00;1.7182457e-01;7.5000000e+00;2.0818162e-01;7.5000000e+00;2.0629869e-01;7.5000000e+00;1.9850585e-01;7.5000000e+00;2.3092492e-01;7.5000000e+00;1.9438589e-01;7.5000000e+00;1.3943650e-01;7.5000000e+00;8.8043012e-02;7.5000000e+00;3.6782168e-02;7.5000000e+00;-8.4682405e-03;7.5000000e+00;-5.3433195e-02;7.5000000e+00;-9.3612365e-02;7.5000000e+00;-1.3935663e-01;7.5000000e+00;-6.0639203e-02;7.5000000e+00;-5.3497389e-02;7.5000000e+00;-2.5220111e-02;7.5000000e+00;2.5768705e-02;7.5000000e+00;9.3097240e-02;7.5000000e+00;1.7182457e-01;7.5000000e+00;2.0818162e-01;7.5000000e+00;2.0629869e-01;7.5000000e+00;1.9850585e-01;7.5000000e+00;2.3092492e-01;7.5000000e+00;1.9438589e-01;7.5000000e+00;1.3943650e-01;7.5000000e+00;8.8043012e-02;7.5000000e+00;3.6782168e-02;7.5000000e+00;-8.4682405e-03;7.5000000e+00;-5.3433195e-02;7.5000000e+00;-9.3612365e-02;7.5000000e+00;-1.3935663e-01;7.5000000e+00;-6.0639203e-02;7.5000000e+00;-5.3497389e-02;7.5000000e+00;-2.5220111e-02;7.5000000e+00;2.5768705e-02;7.5000000e+00;9.3097240e-02;7.5000000e+00;1.7182457e-01;7.5000000e+00;2.0818162e-01;7.5000000e+00;2.0629869e-01;7.5000000e+00;1.9850585e-01;7.5000000e+00;2.3092492e-01;7.5000000e+00;1.9438589e-01;7.5000000e+00;1.3943650e-01;7.5000000e+00;8.8043012e-02;7.5000000e+00;3.6782168e-02;7.5000000e+00;-8.4682405e-03;7.5000000e+00;-5.3433195e-02;7.5000000e+00;-9.3612365e-02;7.5000000e+00;-1.3935663e-01;7.5000000e+00;-6.0639203e-02;7.5000000e+00;-5.3497389e-02;7.5000000e+00;-2.5220111e-02;7.5000000e+00;2.5768705e-02;7.5000000e+00;9.3097240e-02;7.5000000e+00;1.7182457e-01;7.5000000e+00;2.0818162e-01;7.5000000e+00;2.0629869e-01;7.5000000e+00;1.9850585e-01;7.5000000e+00;2.3092492e-01;7.5000000e+00;1.9438589e-01;7.5000000e+00;1.3943650e-01;7.5000000e+00;8.8043012e-02;7.5000000e+00;3.6782168e-02;7.5000000e+00;-8.4682405e-03;7.5000000e+00;-5.3433195e-02;7.5000000e+00;-9.3612365e-02;7.5000000e+00;-1.3935663e-01;7.5000000e+00;-6.0639203e-02;7.5000000e+00;-5.3497389e-02;7.5000000e+00;-2.5220111e-02;7.5000000e+00;2.5768705e-02;7.5000000e+00;9.3097240e-02;7.5000000e+00;1.7182457e-01;7.5000000e+00;2.0818162e-01;7.5000000e+00;2.0629869e-01;7.5000000e+00;1.9850585e-01;7.5000000e+00;2.3092492e-01;7.5000000e+00;1.9438589e-01;7.5000000e+00;1.3943650e-01;7.5000000e+00;8.8043012e-02;7.5000000e+00;3.6782168e-02;7.5000000e+00;-8.4682405e-03;7.5000000e+00;-5.3433195e-02;7.5000000e+00;-9.3612365e-02;7.5000000e+00;-1.3935663e-01;7.5000000e+00;-6.0639203e-02;7.5000000e+00;-5.3497389e-02;7.5000000e+00;-2.5220111e-02;7.5000000e+00;2.5768705e-02;7.5000000e+00;9.3097240e-02;7.5000000e+00;1.7182457e-01;7.5000000e+00;2.0818162e-01;7.5000000e+00;2.0629869e-01;7.5000000e+00;1.9850585e-01;7.5000000e+00;2.3092492e-01;7.5000000e+00;1.9438589e-01;7.5000000e+00;1.3943650e-01;7.5000000e+00;8.8043012e-02;7.5000000e+00;3.6782168e-02;7.5000000e+00;-8.4682405e-03;7.5000000e+00;-5.3433195e-02;7.5000000e+00;-9.3612365e-02;7.5000000e+00;-1.3935663e-01;7.5000000e+00;-6.0639203e-02;7.5000000e+00;-5.3497389e-02;7.5000000e+00;-2.5220111e-02;7.5000000e+00;2.5768705e-02;7.5000000e+00;9.3097240e-02;7.5000000e+00;1.7182457e-01;7.5000000e+00;2.0818162e-01;7.5000000e+00;2.0629869e-01;7.5000000e+00;1.9850585e-01;7.5000000e+00;2.3092492e-01;7.5000000e+00;1.9438589e-01;7.5000000e+00;1.3943650e-01;7.5000000e+00;8.8043012e-02;7.5000000e+00;3.6782168e-02;7.5000000e+00;-8.4682405e-03;7.5000000e+00;-5.3433195e-02;7.5000000e+00;-9.3612365e-02;7.5000000e+00;-1.3935663e-01;7.5000000e+00;-6.0639203e-02;7.5000000e+00;-5.3497389e-02;7.5000000e+00;-2.5220111e-02;7.5000000e+00;2.5768705e-02;7.5000000e+00;9.3097240e-02;7.5000000e+00;1.7182457e-01;7.5000000e+00;2.0818162e-01;7.5000000e+00;2.0629869e-01;7.5000000e+00;1.9850585e-01;7.5000000e+00;2.3092492e-01;7.5000000e+00;1.9438589e-01;7.5000000e+00;1.3943650e-01;7.5000000e+00;8.8043012e-02;7.5000000e+00;3.6782168e-02;7.5000000e+00;-8.4682405e-03;7.5000000e+00;-5.3433195e-02;7.5000000e+00;-9.3612365e-02;7.5000000e+00;-1.3935663e-01;7.5000000e+00;-6.0639203e-02;7.5000000e+00;-5.3497389e-02;7.5000000e+00;-2.5220111e-02;7.5000000e+00;2.5768705e-02;7.5000000e+00;9.3097240e-02;7.5000000e+00;1.7182457e-01;7.5000000e+00;2.0818162e-01;7.5000000e+00;2.0629869e-01;7.5000000e+00;1.9850585e-01;7.5000000e+00;2.3092492e-01;7.5000000e+00;1.9438589e-01;7.5000000e+00;1.3943650e-01;7.5000000e+00;8.8043012e-02;7.5000000e+00;3.6782168e-02;7.5000000e+00;-8.4682405e-03;7.5000000e+00;-5.3433195e-02;7.5000000e+00;-9.3612365e-02;7.5000000e+00;-1.3935663e-01;7.5000000e+00;-6.0639203e-02;7.5000000e+00;-5.3497389e-02;7.5000000e+00;-2.5220111e-02;7.5000000e+00;2.5768705e-02;7.5000000e+00;9.3097240e-02;7.5000000e+00;1.7182457e-01;7.5000000e+00;2.0818162e-01;7.5000000e+00;2.0629869e-01;7.5000000e+00;1.9850585e-01;7.5000000e+00;2.3092492e-01;7.5000000e+00;1.9438589e-01;7.5000000e+00;1.3943650e-01;7.5000000e+00;8.8043012e-02;7.5000000e+00;3.6782168e-02;7.5000000e+00;-8.4682405e-03;7.5000000e+00;-5.3433195e-02;7.5000000e+00;-9.3612365e-02;7.5000000e+00;-1.3935663e-01;7.5000000e+00;-6.0639203e-02;7.5000000e+00;-5.3497389e-02;7.5000000e+00;-2.5220111e-02;7.5000000e+00;2.5768705e-02;7.5000000e+00;9.3097240e-02;7.5000000e+00;1.7182457e-01;7.5000000e+00;2.0818162e-01;7.5000000e+00;2.0629869e-01;7.5000000e+00;1.9850585e-01;7.5000000e+00;2.3092492e-01;7.5000000e+00;1.9438589e-01;7.5000000e+00;1.3943650e-01;7.5000000e+00;8.8043012e-02;7.5000000e+00;3.6782168e-02;7.5000000e+00;-8.4682405e-03;7.5000000e+00;-5.3433195e-02;7.5000000e+00;-9.3612365e-02;7.5000000e+00;-1.3935663e-01;7.5000000e+00;-6.0639203e-02;7.5000000e+00;-5.3497389e-02;7.5000000e+00;-2.5220111e-02;7.5000000e+00;2.5768705e-02;7.5000000e+00;9.3097240e-02;7.5000000e+00;1.7182457e-01;7.5000000e+00;2.0818162e-01;7.5000000e+00;2.0629869e-01;7.5000000e+00;1.9850585e-01;7.5000000e+00;2.3092492e-01;7.5000000e+00;1.9438589e-01;7.5000000e+00;1.3943650e-01;7.5000000e+00;8.8043012e-02;7.5000000e+00;3.6782168e-02;7.5000000e+00;-8.4682405e-03;7.5000000e+00;-5.3433195e-02;7.5000000e+00;-9.3612365e-02;7.5000000e+00;-1.3935663e-01;7.5000000e+00;-6.0639203e-02;7.5000000e+00;-5.3497389e-02;7.5000000e+00;-2.5220111e-02;7.5000000e+00;2.5768705e-02;7.5000000e+00;9.3097240e-02;7.5000000e+00;1.7182457e-01;7.5000000e+00;2.0818162e-01;7.5000000e+00;2.0629869e-01;7.5000000e+00;1.9850585e-01;7.5000000e+00;2.3092492e-01;7.5000000e+00;1.9438589e-01;7.5000000e+00;1.3943650e-01;7.5000000e+00;8.8043012e-02;7.5000000e+00;3.6782168e-02;7.5000000e+00;-8.4682405e-03;7.5000000e+00;-5.3433195e-02;7.5000000e+00;-9.3612365e-02;7.5000000e+00;-1.3935663e-01;7.5000000e+00;-6.0639203e-02;7.5000000e+00;-5.3497389e-02;7.5000000e+00;-2.5220111e-02;7.5000000e+00;2.5768705e-02;7.5000000e+00;9.3097240e-02;7.5000000e+00;1.7182457e-01;7.5000000e+00;2.0818162e-01;7.5000000e+00;2.0629869e-01;7.5000000e+00;1.9850585e-01;7.5000000e+00;2.3092492e-01;7.5000000e+00;1.9438589e-01;7.5000000e+00;1.3943650e-01;7.5000000e+00;8.8043012e-02;7.5000000e+00;3.6782168e-02;7.5000000e+00;-8.4682405e-03;7.5000000e+00;-5.3433195e-02;7.5000000e+00;-9.3612365e-02;7.5000000e+00;-1.3935663e-01;7.5000000e+00;-6.0639203e-02;7.5000000e+00;-5.3497389e-02;7.5000000e+00;-2.5220111e-02;7.5000000e+00;2.5768705e-02;7.5000000e+00;9.3097240e-02;7.5000000e+00;1.7182457e-01;7.5000000e+00;2.0818162e-01;7.5000000e+00;2.0629869e-01;7.5000000e+00;1.9850585e-01;7.5000000e+00;2.3092492e-01;7.5000000e+00;1.9438589e-01;7.5000000e+00;1.3943650e-01;7.5000000e+00;8.8043012e-02;7.5000000e+00;3.6782168e-02;7.5000000e+00;-8.4682405e-03;7.5000000e+00;-5.3433195e-02;7.5000000e+00;-9.3612365e-02;7.5000000e+00;-1.3935663e-01;7.5000000e+00;-6.0639203e-02;7.5000000e+00;-5.3497389e-02;7.5000000e+00;-2.5220111e-02;7.5000000e+00;2.5768705e-02;7.5000000e+00;9.3097240e-02;7.5000000e+00;1.7182457e-01;7.5000000e+00;2.0818162e-01;7.5000000e+00;2.0629869e-01;7.5000000e+00;1.9850585e-01;7.5000000e+00;2.3092492e-01;7.5000000e+00;1.9438589e-01;7.5000000e+00;1.3943650e-01;7.5000000e+00;8.8043012e-02;7.5000000e+00;3.6782168e-02;7.5000000e+00;-8.4682405e-03;7.5000000e+00;-5.3433195e-02;7.5000000e+00;-9.3612365e-02;7.5000000e+00;-1.3935663e-01;7.5000000e+00;-6.0639203e-02;7.5000000e+00;-5.3497389e-02;7.5000000e+00;-2.5220111e-02;7.5000000e+00;2.5768705e-02;7.5000000e+00;9.3097240e-02;7.5000000e+00;1.7182457e-01;7.5000000e+00;2.0818162e-01;7.5000000e+00;2.0629869e-01;7.5000000e+00;1.9850585e-01;7.5000000e+00;2.3092492e-01;7.5000000e+00;1.9438589e-01;7.5000000e+00;1.3943650e-01;7.5000000e+00;8.8043012e-02;7.5000000e+00;3.6782168e-02;7.5000000e+00;-8.4682405e-03;7.5000000e+00;-5.3433195e-02;7.5000000e+00;-9.3612365e-02;7.5000000e+00;-1.3935663e-01;7.5000000e+00;-6.0639203e-02;7.5000000e+00;-5.3497389e-02;7.5000000e+00;-2.5220111e-02;7.5000000e+00;2.5768705e-02;7.5000000e+00;9.3097240e-02;7.5000000e+00;1.7182457e-01;7.5000000e+00;2.0818162e-01;7.5000000e+00;2.0629869e-01;7.5000000e+00;1.9850585e-01;7.5000000e+00;2.3092492e-01;7.5000000e+00;1.9438589e-01;7.5000000e+00;1.3943650e-01;7.5000000e+00;8.8043012e-02;7.5000000e+00;3.6782168e-02;7.5000000e+00;-8.4682405e-03;7.5000000e+00;-5.3433195e-02;7.5000000e+00;-9.3612365e-02;7.5000000e+00;-1.3935663e-01;7.5000000e+00;-6.0639203e-02;7.5000000e+00;-5.3497389e-02;7.5000000e+00;-2.5220111e-02;7.5000000e+00;2.5768705e-02;7.5000000e+00;9.3097240e-02;7.5000000e+00;1.7182457e-01;7.5000000e+00;2.0818162e-01;7.5000000e+00;2.0629869e-01;7.5000000e+00;1.9850585e-01;7.5000000e+00;2.3092492e-01;7.5000000e+00;1.9438589e-01;7.5000000e+00;1.3943650e-01;7.5000000e+00;8.8043012e-02;7.5000000e+00;3.6782168e-02;7.5000000e+00;-8.4682405e-03;7.5000000e+00;-5.3433195e-02;7.5000000e+00;-9.3612365e-02;7.5000000e+00;-1.3935663e-01;7.5000000e+00;-6.0639203e-02;7.5000000e+00;-5.3497389e-02;7.5000000e+00;-2.5220111e-02;7.5000000e+00;2.5768705e-02;7.5000000e+00;9.3097240e-02;7.5000000e+00;1.7182457e-01;7.5000000e+00;2.0818162e-01;7.5000000e+00;2.0629869e-01;7.5000000e+00;1.9850585e-01;7.5000000e+00;2.3092492e-01;7.5000000e+00;1.9438589e-01;7.5000000e+00;1.3943650e-01;7.5000000e+00;8.8043012e-02;7.5000000e+00;3.6782168e-02;7.5000000e+00;-8.4682405e-03;7.5000000e+00;-5.3433195e-02;7.5000000e+00;-9.3612365e-02;7.5000000e+00;-1.3935663e-01;7.5000000e+00;-6.0639203e-02;7.5000000e+00;-5.3497389e-02;7.5000000e+00;-2.5220111e-02;7.5000000e+00;2.5768705e-02;7.5000000e+00;9.3097240e-02;7.5000000e+00;1.7182457e-01;7.5000000e+00;2.0818162e-01;7.5000000e+00;2.0629869e-01;7.5000000e+00;1.9850585e-01;7.5000000e+00;2.3092492e-01;7.5000000e+00;1.9438589e-01;7.5000000e+00;1.3943650e-01;7.5000000e+00;8.8043012e-02;7.5000000e+00;3.6782168e-02;7.5000000e+00;-8.4682405e-03;7.5000000e+00;-5.3433195e-02;7.5000000e+00;-9.3612365e-02;7.5000000e+00;-1.3935663e-01;7.5000000e+00;-6.0639203e-02;7.5000000e+00;-5.3497389e-02;7.5000000e+00;-2.5220111e-02;7.5000000e+00;2.5768705e-02;7.5000000e+00;9.3097240e-02;7.5000000e+00;1.7182457e-01;7.5000000e+00;2.0818162e-01;7.5000000e+00;2.0629869e-01;7.5000000e+00;1.9850585e-01;7.5000000e+00;2.3092492e-01;7.5000000e+00;1.9438589e-01;7.5000000e+00;1.3943650e-01;7.5000000e+00;8.8043012e-02;7.5000000e+00;3.6782168e-02;7.5000000e+00;-8.4682405e-03;7.5000000e+00;-5.3433195e-02;7.5000000e+00;-9.3612365e-02;7.5000000e+00;-1.3935663e-01;7.5000000e+00;-6.0639203e-02;7.5000000e+00;-5.3497389e-02;7.5000000e+00;-2.5220111e-02;7.5000000e+00;2.5768705e-02;7.5000000e+00;9.3097240e-02;7.5000000e+00;1.7182457e-01;7.5000000e+00;2.0818162e-01;7.5000000e+00;2.0629869e-01;7.5000000e+00;1.9850585e-01;7.5000000e+00;2.3092492e-01;7.5000000e+00;1.9438589e-01;7.5000000e+00;1.3943650e-01;7.5000000e+00;8.8043012e-02;7.5000000e+00;3.6782168e-02;7.5000000e+00;-8.4682405e-03;7.5000000e+00;-5.3433195e-02;7.5000000e+00;-9.3612365e-02;7.5000000e+00;-1.3935663e-01;7.5000000e+00;-6.0639203e-02;7.5000000e+00;-5.3497389e-02;7.5000000e+00;-2.5220111e-02;7.5000000e+00;2.5768705e-02;7.5000000e+00;9.3097240e-02;7.5000000e+00;1.7182457e-01;7.5000000e+00;2.0818162e-01;7.5000000e+00;2.0629869e-01;7.5000000e+00;1.9850585e-01;7.5000000e+00;2.3092492e-01;7.5000000e+00;1.9438589e-01;7.5000000e+00;1.3943650e-01;7.5000000e+00;8.8043012e-02;7.5000000e+00;3.6782168e-02;7.5000000e+00;-8.4682405e-03;7.5000000e+00;-5.3433195e-02;7.5000000e+00;-9.3612365e-02;7.5000000e+00;-1.3935663e-01;7.5000000e+00;-6.0639203e-02;7.5000000e+00;-5.3497389e-02;7.5000000e+00;-2.5220111e-02;7.5000000e+00;2.5768705e-02;7.5000000e+00;9.3097240e-02;7.5000000e+00;1.7182457e-01;7.5000000e+00;2.0818162e-01;7.5000000e+00;2.0629869e-01;7.5000000e+00;1.9850585e-01;7.5000000e+00;2.3092492e-01;7.5000000e+00;1.9438589e-01;7.5000000e+00;1.3943650e-01;7.5000000e+00;8.8043012e-02;7.5000000e+00;3.6782168e-02;7.5000000e+00;-8.4682405e-03;7.5000000e+00;-5.3433195e-02;7.5000000e+00;-9.3612365e-02;7.5000000e+00;-1.3935663e-01;7.5000000e+00;-6.0639203e-02;7.5000000e+00;-5.3497389e-02;7.5000000e+00;-2.5220111e-02;7.5000000e+00;2.5768705e-02;7.5000000e+00;9.3097240e-02;7.5000000e+00;1.7182457e-01;7.5000000e+00;2.0818162e-01;7.5000000e+00;2.0629869e-01;7.5000000e+00;1.9850585e-01;7.5000000e+00;2.3092492e-01;7.5000000e+00;1.9438589e-01;7.5000000e+00;1.3943650e-01;7.5000000e+00;8.8043012e-02;7.5000000e+00;3.6782168e-02;7.5000000e+00;-8.4682405e-03;7.5000000e+00;-5.3433195e-02;7.5000000e+00;-9.3612365e-02;7.5000000e+00;-1.3935663e-01;7.5000000e+00;-6.0639203e-02;7.5000000e+00;-5.3497389e-02;7.5000000e+00;-2.5220111e-02;7.5000000e+00;2.5768705e-02;7.5000000e+00;9.3097240e-02;7.5000000e+00;1.7182457e-01;7.5000000e+00;2.0818162e-01;7.5000000e+00;2.0629869e-01;7.5000000e+00;1.9850585e-01;7.5000000e+00;2.3092492e-01;7.5000000e+00;1.9438589e-01;7.5000000e+00;1.3943650e-01;7.5000000e+00;8.8043012e-02;7.5000000e+00;3.6782168e-02;7.5000000e+00;-8.4682405e-03;7.5000000e+00;-5.3433195e-02;7.5000000e+00;-9.3612365e-02;7.5000000e+00;-1.3935663e-01;7.5000000e+00;-6.0639203e-02;7.5000000e+00;-5.3497389e-02;7.5000000e+00;-2.5220111e-02;7.5000000e+00;2.5768705e-02;7.5000000e+00;9.3097240e-02;7.5000000e+00;1.7182457e-01;7.5000000e+00;2.0818162e-01;7.5000000e+00;2.0629869e-01;7.5000000e+00;1.9850585e-01;7.5000000e+00;2.3092492e-01;7.5000000e+00;1.9438589e-01;7.5000000e+00;1.3943650e-01;7.5000000e+00;8.8043012e-02;7.5000000e+00;3.6782168e-02;7.5000000e+00;-8.4682405e-03;7.5000000e+00;-5.3433195e-02;7.5000000e+00;-9.3612365e-02;7.5000000e+00;-1.3935663e-01;7.5000000e+00;-6.0639203e-02;7.5000000e+00;-5.3497389e-02;7.5000000e+00;-2.5220111e-02;7.5000000e+00;2.5768705e-02;7.5000000e+00;9.3097240e-02;7.5000000e+00;1.7182457e-01;7.5000000e+00;2.0818162e-01;7.5000000e+00;2.0629869e-01;7.5000000e+00;1.9850585e-01;7.5000000e+00;2.3092492e-01;7.5000000e+00;1.9438589e-01;7.5000000e+00;1.3943650e-01;7.5000000e+00;8.8043012e-02;7.5000000e+00;3.6782168e-02;7.5000000e+00;-8.4682405e-03;7.5000000e+00;-5.3433195e-02;7.5000000e+00;-9.3612365e-02;7.5000000e+00;-1.3935663e-01;7.5000000e+00;-6.0639203e-02;7.5000000e+00;-5.3497389e-02;7.5000000e+00;-2.5220111e-02;7.5000000e+00;2.5768705e-02;7.5000000e+00;9.3097240e-02;7.5000000e+00;1.7182457e-01;7.5000000e+00;2.0818162e-01;7.5000000e+00;2.0629869e-01;7.5000000e+00;1.9850585e-01;7.5000000e+00;2.3092492e-01;7.5000000e+00;1.9438589e-01;7.5000000e+00;1.3943650e-01;7.5000000e+00;8.8043012e-02;7.5000000e+00;3.6782168e-02;7.5000000e+00;-8.4682405e-03;7.5000000e+00;-5.3433195e-02;7.5000000e+00;-9.3612365e-02;7.5000000e+00;-1.3935663e-01;7.5000000e+00;-6.0639203e-02;7.5000000e+00;-5.3497389e-02;7.5000000e+00;-2.5220111e-02;7.5000000e+00;2.5768705e-02;7.5000000e+00;9.3097240e-02;7.5000000e+00;1.7182457e-01;7.5000000e+00;2.0818162e-01;7.5000000e+00;2.0629869e-01;7.5000000e+00;1.9850585e-01;7.5000000e+00;2.3092492e-01;7.5000000e+00;1.9438589e-01;7.5000000e+00;1.3943650e-01;7.5000000e+00;8.8043012e-02;7.5000000e+00;3.6782168e-02;7.5000000e+00;-8.4682405e-03;7.5000000e+00;-5.3433195e-02;7.5000000e+00;-9.3612365e-02;7.5000000e+00;-1.3935663e-01;7.5000000e+00;-6.0639203e-02;7.5000000e+00;-5.3497389e-02;7.5000000e+00;-2.5220111e-02;7.5000000e+00;2.5768705e-02;7.5000000e+00;9.3097240e-02;7.5000000e+00;1.7182457e-01;7.5000000e+00;2.0818162e-01;7.5000000e+00;2.0629869e-01;7.5000000e+00;1.9850585e-01;7.5000000e+00;2.3092492e-01;7.5000000e+00;1.9438589e-01;7.5000000e+00;1.3943650e-01;7.5000000e+00;8.8043012e-02;7.5000000e+00;3.6782168e-02;7.5000000e+00;-8.4682405e-03;7.5000000e+00;-5.3433195e-02;7.5000000e+00;-9.3612365e-02;7.5000000e+00;-1.3935663e-01;7.5000000e+00;-6.0639203e-02;7.5000000e+00;-5.3497389e-02;7.5000000e+00;-2.5220111e-02;7.5000000e+00;2.5768705e-02;7.5000000e+00;9.3097240e-02;7.5000000e+00;1.7182457e-01;7.5000000e+00;2.0818162e-01;7.5000000e+00;2.0629869e-01;7.5000000e+00;1.9850585e-01;7.5000000e+00;2.3092492e-01;7.5000000e+00;1.9438589e-01;7.5000000e+00;1.3943650e-01;7.5000000e+00;8.8043012e-02;7.5000000e+00;3.6782168e-02;7.5000000e+00;-8.4682405e-03;7.5000000e+00;-5.3433195e-02;7.5000000e+00;-9.3612365e-02;7.5000000e+00;-1.3935663e-01;7.5000000e+00;-6.0639203e-02;7.5000000e+00;-5.3497389e-02;7.5000000e+00;-2.5220111e-02;7.5000000e+00;2.5768705e-02;7.5000000e+00;9.3097240e-02;7.5000000e+00;1.7182457e-01;7.5000000e+00;2.0818162e-01;7.5000000e+00;2.0629869e-01;7.5000000e+00;1.9850585e-01;7.5000000e+00;2.3092492e-01;7.5000000e+00;1.9438589e-01;7.5000000e+00;1.3943650e-01;7.5000000e+00;8.8043012e-02;7.5000000e+00;3.6782168e-02;7.5000000e+00;-8.4682405e-03;7.5000000e+00;-5.3433195e-02;7.5000000e+00;-9.3612365e-02;7.5000000e+00;-1.3935663e-01;7.5000000e+00;-6.0639203e-02;7.5000000e+00;-5.3497389e-02;7.5000000e+00;-2.5220111e-02;7.5000000e+00;2.5768705e-02;7.5000000e+00;9.3097240e-02;7.5000000e+00;1.7182457e-01;7.5000000e+00;2.0818162e-01;7.5000000e+00;2.0629869e-01;7.5000000e+00;1.9850585e-01;7.5000000e+00;2.3092492e-01;7.5000000e+00;1.9438589e-01;7.5000000e+00;1.3943650e-01;7.5000000e+00;8.8043012e-02;7.5000000e+00;3.6782168e-02;7.5000000e+00;-8.4682405e-03;7.5000000e+00;-5.3433195e-02;7.5000000e+00;-9.3612365e-02;7.5000000e+00;-1.3935663e-01;7.5000000e+00;-6.0639203e-02;7.5000000e+00;-5.3497389e-02;7.5000000e+00;-2.5220111e-02;7.5000000e+00;2.5768705e-02;7.5000000e+00;9.3097240e-02;7.5000000e+00;1.7182457e-01;7.5000000e+00;2.0818162e-01;7.5000000e+00;2.0629869e-01;7.5000000e+00;1.9850585e-01;7.5000000e+00;2.3092492e-01;7.5000000e+00;1.9438589e-01;7.5000000e+00;1.3943650e-01;7.5000000e+00;8.8043012e-02;7.5000000e+00;3.6782168e-02;7.5000000e+00;-8.4682405e-03;7.5000000e+00;-5.3433195e-02;7.5000000e+00;-9.3612365e-02;7.5000000e+00;-1.3935663e-01;7.5000000e+00;-6.0639203e-02;7.5000000e+00;-5.3497389e-02;7.5000000e+00;-2.5220111e-02;7.5000000e+00;2.5768705e-02;7.5000000e+00;9.3097240e-02;7.5000000e+00;1.7182457e-01;7.5000000e+00;2.0818162e-01;7.5000000e+00;2.0629869e-01;7.5000000e+00;1.9850585e-01;7.5000000e+00;2.3092492e-01;7.5000000e+00;1.9438589e-01;7.5000000e+00;1.3943650e-01;7.5000000e+00;8.8043012e-02;7.5000000e+00;3.6782168e-02;7.5000000e+00;-8.4682405e-03;7.5000000e+00;-5.3433195e-02;7.5000000e+00;-9.3612365e-02;7.5000000e+00;-1.3935663e-01;7.5000000e+00;-6.0639203e-02;7.5000000e+00;-5.3497389e-02;7.5000000e+00;-2.5220111e-02;7.5000000e+00;2.5768705e-02;7.5000000e+00;9.3097240e-02;7.5000000e+00;1.7182457e-01;7.5000000e+00;2.0818162e-01;7.5000000e+00;2.0629869e-01;7.5000000e+00;1.9850585e-01;7.5000000e+00;2.3092492e-01;7.5000000e+00;1.9438589e-01;7.5000000e+00;1.3943650e-01;7.5000000e+00;8.8043012e-02;7.5000000e+00;3.6782168e-02;7.5000000e+00;-8.4682405e-03;7.5000000e+00;-5.3433195e-02;7.5000000e+00;-9.3612365e-02;7.5000000e+00;-1.3935663e-01;7.5000000e+00;-6.0639203e-02;7.5000000e+00;-5.3497389e-02;7.5000000e+00;-2.5220111e-02;7.5000000e+00;2.5768705e-02;7.5000000e+00;9.3097240e-02;7.5000000e+00;1.7182457e-01;7.5000000e+00;2.0818162e-01;7.5000000e+00;2.0629869e-01;7.5000000e+00;1.9850585e-01;7.5000000e+00;2.3092492e-01;7.5000000e+00;1.9438589e-01;7.5000000e+00;1.3943650e-01;7.5000000e+00;8.8043012e-02;7.5000000e+00;3.6782168e-02;7.5000000e+00;-8.4682405e-03;7.5000000e+00;-5.3433195e-02;7.5000000e+00;-9.3612365e-02;7.5000000e+00;-1.3935663e-01;7.5000000e+00;-6.0639203e-02;7.5000000e+00;-5.3497389e-02;7.5000000e+00;-2.5220111e-02;7.5000000e+00;2.5768705e-02;7.5000000e+00;9.3097240e-02;7.5000000e+00;1.7182457e-01;7.5000000e+00;2.0818162e-01;7.5000000e+00;2.0629869e-01;7.5000000e+00;1.9850585e-01;7.5000000e+00;2.3092492e-01;7.5000000e+00;1.9438589e-01;7.5000000e+00;1.3943650e-01;7.5000000e+00;8.8043012e-02;7.5000000e+00;3.6782168e-02;7.5000000e+00;-8.4682405e-03;7.5000000e+00;-5.3433195e-02;7.5000000e+00;-9.3612365e-02;7.5000000e+00;-1.3935663e-01;7.5000000e+00;-6.0639203e-02;7.5000000e+00;-5.3497389e-02;7.5000000e+00;-2.5220111e-02;7.5000000e+00;2.5768705e-02;7.5000000e+00;9.3097240e-02;7.5000000e+00;1.7182457e-01;7.5000000e+00;2.0818162e-01;7.5000000e+00;2.0629869e-01;7.5000000e+00;1.9850585e-01;7.5000000e+00;2.3092492e-01;7.5000000e+00;1.9438589e-01;7.5000000e+00;1.3943650e-01;7.5000000e+00;8.8043012e-02;7.5000000e+00;3.6782168e-02;7.5000000e+00;-8.4682405e-03;7.5000000e+00;-5.3433195e-02;7.5000000e+00;-9.3612365e-02;7.5000000e+00;-1.3935663e-01;7.5000000e+00;-6.0639203e-02;7.5000000e+00;-5.3497389e-02;7.5000000e+00;-2.5220111e-02;7.5000000e+00;2.5768705e-02;7.5000000e+00;9.3097240e-02;7.5000000e+00;1.7182457e-01;7.5000000e+00;2.0818162e-01;7.5000000e+00;2.0629869e-01;7.5000000e+00;1.9850585e-01;7.5000000e+00;2.3092492e-01;7.5000000e+00;1.9438589e-01;7.5000000e+00;1.3943650e-01;7.5000000e+00;8.8043012e-02;7.5000000e+00;3.6782168e-02;7.5000000e+00;-8.4682405e-03;7.5000000e+00;-5.3433195e-02;7.5000000e+00;-9.3612365e-02;7.5000000e+00;-1.3935663e-01;7.5000000e+00;-6.0639203e-02;7.5000000e+00;-5.3497389e-02;7.5000000e+00;-2.5220111e-02;7.5000000e+00;2.5768705e-02;7.5000000e+00;9.3097240e-02;7.5000000e+00;1.7182457e-01;7.5000000e+00;2.0818162e-01;7.5000000e+00;2.0629869e-01;7.5000000e+00;1.9850585e-01;7.5000000e+00;2.3092492e-01;7.5000000e+00;1.9438589e-01;7.5000000e+00;1.3943650e-01;7.5000000e+00;8.8043012e-02;7.5000000e+00;3.6782168e-02;7.5000000e+00;-8.4682405e-03;7.5000000e+00;-5.3433195e-02;7.5000000e+00;-9.3612365e-02;7.5000000e+00;-1.3935663e-01;7.5000000e+00;-6.0639203e-02;7.5000000e+00;-5.3497389e-02;7.5000000e+00;-2.5220111e-02;7.5000000e+00;2.5768705e-02;7.5000000e+00;9.3097240e-02;7.5000000e+00;1.7182457e-01;7.5000000e+00;2.0818162e-01;7.5000000e+00;2.0629869e-01;7.5000000e+00;1.9850585e-01;7.5000000e+00;2.3092492e-01;7.5000000e+00;1.9438589e-01;7.5000000e+00;1.3943650e-01;7.5000000e+00;8.8043012e-02;7.5000000e+00;3.6782168e-02;7.5000000e+00;-8.4682405e-03;7.5000000e+00;-5.3433195e-02;7.5000000e+00;-9.3612365e-02;7.5000000e+00;-1.3935663e-01;7.5000000e+00;-6.0639203e-02;7.5000000e+00;-5.3497389e-02;7.5000000e+00;-2.5220111e-02;7.5000000e+00;2.5768705e-02;7.5000000e+00;9.3097240e-02;7.5000000e+00;1.7182457e-01;7.5000000e+00;2.0818162e-01;7.5000000e+00;2.0629869e-01;7.5000000e+00;1.9850585e-01;7.5000000e+00;2.3092492e-01;7.5000000e+00;1.9438589e-01;7.5000000e+00;1.3943650e-01;7.5000000e+00;8.8043012e-02;7.5000000e+00;3.6782168e-02;7.5000000e+00;-8.4682405e-03;7.5000000e+00;-5.3433195e-02;7.5000000e+00;-9.3612365e-02;7.5000000e+00;-1.3935663e-01;7.5000000e+00;-6.0639203e-02;7.5000000e+00;-5.3497389e-02;7.5000000e+00;-2.5220111e-02;7.5000000e+00;2.5768705e-02;7.5000000e+00;9.3097240e-02;7.5000000e+00;1.7182457e-01;7.5000000e+00;2.0818162e-01;7.5000000e+00;2.0629869e-01;7.5000000e+00;1.9850585e-01;7.5000000e+00;2.3092492e-01;7.5000000e+00;1.9438589e-01;7.5000000e+00;1.3943650e-01;7.5000000e+00;8.8043012e-02;7.5000000e+00;3.6782168e-02;7.5000000e+00;-8.4682405e-03;7.5000000e+00;-5.3433195e-02;7.5000000e+00;-9.3612365e-02;7.5000000e+00;-1.3935663e-01;7.5000000e+00;-6.0639203e-02;7.5000000e+00;-5.3497389e-02;7.5000000e+00;-2.5220111e-02;7.5000000e+00;2.5768705e-02;7.5000000e+00;9.3097240e-02;7.5000000e+00;1.7182457e-01;7.5000000e+00;2.0818162e-01;7.5000000e+00;2.0629869e-01;7.5000000e+00;1.9850585e-01;7.5000000e+00;2.3092492e-01;7.5000000e+00;1.9438589e-01;7.5000000e+00;1.3943650e-01;7.5000000e+00;8.8043012e-02;7.5000000e+00;3.6782168e-02;7.5000000e+00;-8.4682405e-03;7.5000000e+00;-5.3433195e-02;7.5000000e+00;-9.3612365e-02;7.5000000e+00;-1.3935663e-01;7.5000000e+00;-6.0639203e-02;7.5000000e+00;-5.3497389e-02;7.5000000e+00;-2.5220111e-02;7.5000000e+00;2.5768705e-02;7.5000000e+00;9.3097240e-02;7.5000000e+00;1.7182457e-01;7.5000000e+00;2.0818162e-01;7.5000000e+00;2.0629869e-01;7.5000000e+00;1.9850585e-01;7.5000000e+00;2.3092492e-01;7.5000000e+00;1.9438589e-01;7.5000000e+00;1.3943650e-01;7.5000000e+00;8.8043012e-02;7.5000000e+00;3.6782168e-02;7.5000000e+00;-8.4682405e-03;7.5000000e+00;-5.3433195e-02;7.5000000e+00;-9.3612365e-02;7.5000000e+00;-1.3935663e-01;7.5000000e+00;-6.0639203e-02;7.5000000e+00;-5.3497389e-02;7.5000000e+00;-2.5220111e-02;7.5000000e+00;2.5768705e-02;7.5000000e+00;9.3097240e-02;7.5000000e+00;1.7182457e-01;7.5000000e+00;2.0818162e-01;7.5000000e+00;2.0629869e-01;7.5000000e+00;1.9850585e-01;7.5000000e+00;2.3092492e-01;7.5000000e+00;1.9438589e-01;7.5000000e+00;1.3943650e-01;7.5000000e+00;8.8043012e-02;7.5000000e+00;3.6782168e-02;7.5000000e+00;-8.4682405e-03;7.5000000e+00;-5.3433195e-02;7.5000000e+00;-9.3612365e-02;7.5000000e+00;-1.3935663e-01;7.5000000e+00;-6.0639203e-02;7.5000000e+00;-5.3497389e-02;7.5000000e+00;-2.5220111e-02;7.5000000e+00;2.5768705e-02;7.5000000e+00;9.3097240e-02;7.5000000e+00;1.7182457e-01;7.5000000e+00;2.0818162e-01;7.5000000e+00;2.0629869e-01;7.5000000e+00;1.9850585e-01;7.5000000e+00;2.3092492e-01;7.5000000e+00;1.9438589e-01;7.5000000e+00;1.3943650e-01;7.5000000e+00;8.8043012e-02;7.5000000e+00;3.6782168e-02;7.5000000e+00;-8.4682405e-03;7.5000000e+00;-5.3433195e-02;7.5000000e+00;-9.3612365e-02;7.5000000e+00;-1.3935663e-01;7.5000000e+00;-6.0639203e-02;7.5000000e+00;-5.3497389e-02;7.5000000e+00;-2.5220111e-02;7.5000000e+00;2.5768705e-02;7.5000000e+00;9.3097240e-02;7.5000000e+00;1.7182457e-01;7.5000000e+00;2.0818162e-01;7.5000000e+00;2.0629869e-01;7.5000000e+00;1.9850585e-01;7.5000000e+00;2.3092492e-01;7.5000000e+00;1.9438589e-01;7.5000000e+00;1.3943650e-01;7.5000000e+00;8.8043012e-02;7.5000000e+00;3.6782168e-02;7.5000000e+00;-8.4682405e-03;7.5000000e+00;-5.3433195e-02;7.5000000e+00;-9.3612365e-02;7.5000000e+00;-1.3935663e-01;7.5000000e+00;-6.0639203e-02;7.5000000e+00;-5.3497389e-02;7.5000000e+00;-2.5220111e-02;7.5000000e+00;2.5768705e-02;7.5000000e+00;9.3097240e-02;7.5000000e+00;1.7182457e-01;7.5000000e+00;2.0818162e-01;7.5000000e+00;2.0629869e-01;7.5000000e+00;1.9850585e-01;7.5000000e+00;2.3092492e-01;7.5000000e+00;1.9438589e-01;7.5000000e+00;1.3943650e-01;7.5000000e+00;8.8043012e-02;7.5000000e+00;3.6782168e-02;7.5000000e+00;-8.4682405e-03;7.5000000e+00;-5.3433195e-02;7.5000000e+00;-9.3612365e-02;7.5000000e+00;-1.3935663e-01;7.5000000e+00;-6.0639203e-02;7.5000000e+00;-5.3497389e-02;7.5000000e+00;-2.5220111e-02;7.5000000e+00;2.5768705e-02;7.5000000e+00;9.3097240e-02;7.5000000e+00;1.7182457e-01;7.5000000e+00;2.0818162e-01;7.5000000e+00;2.0629869e-01;7.5000000e+00;1.9850585e-01;7.5000000e+00;2.3092492e-01;7.5000000e+00;1.9438589e-01;7.5000000e+00;1.3943650e-01;7.5000000e+00;8.8043012e-02;7.5000000e+00;3.6782168e-02;7.5000000e+00;-8.4682405e-03;7.5000000e+00;-5.3433195e-02;7.5000000e+00;-9.3612365e-02;7.5000000e+00;-1.3935663e-01;7.5000000e+00;-6.0639203e-02;7.5000000e+00;-5.3497389e-02;7.5000000e+00;-2.5220111e-02;7.5000000e+00;2.5768705e-02;7.5000000e+00;9.3097240e-02;7.5000000e+00;1.7182457e-01;7.5000000e+00;2.0818162e-01;7.5000000e+00;2.0629869e-01;7.5000000e+00;1.9850585e-01;7.5000000e+00;2.3092492e-01;7.5000000e+00;1.9438589e-01;7.5000000e+00;1.3943650e-01;7.5000000e+00;8.8043012e-02;7.5000000e+00;3.6782168e-02;7.5000000e+00;-8.4682405e-03;7.5000000e+00;-5.3433195e-02;7.5000000e+00;-9.3612365e-02;7.5000000e+00;-1.3935663e-01;7.5000000e+00;-6.0639203e-02;7.5000000e+00;-5.3497389e-02;7.5000000e+00;-2.5220111e-02;7.5000000e+00;2.5768705e-02;7.5000000e+00;9.3097240e-02;7.5000000e+00;1.7182457e-01;7.5000000e+00;2.0818162e-01;7.5000000e+00;2.0629869e-01;7.5000000e+00;1.9850585e-01;7.5000000e+00;2.3092492e-01;7.5000000e+00;1.9438589e-01;7.5000000e+00;1.3943650e-01;7.5000000e+00;8.8043012e-02;7.5000000e+00;3.6782168e-02;7.5000000e+00;-8.4682405e-03;7.5000000e+00;-5.3433195e-02;7.5000000e+00;-9.3612365e-02;7.5000000e+00;-1.3935663e-01;7.5000000e+00;-6.0639203e-02;7.5000000e+00;-5.3497389e-02;7.5000000e+00;-2.5220111e-02;7.5000000e+00;2.5768705e-02;7.5000000e+00;9.3097240e-02;7.5000000e+00;1.7182457e-01;7.5000000e+00;2.0818162e-01;7.5000000e+00;2.0629869e-01;7.5000000e+00;1.9850585e-01;7.5000000e+00;2.3092492e-01;7.5000000e+00;1.9438589e-01;7.5000000e+00;1.3943650e-01;7.5000000e+00;8.8043012e-02;7.5000000e+00;3.6782168e-02;7.5000000e+00;-8.4682405e-03;7.5000000e+00;-5.3433195e-02;7.5000000e+00;-9.3612365e-02;7.5000000e+00;-1.3935663e-01;7.5000000e+00;-6.0639203e-02;7.5000000e+00;-5.3497389e-02;7.5000000e+00;-2.5220111e-02;7.5000000e+00;2.5768705e-02;7.5000000e+00;9.3097240e-02;7.5000000e+00;1.7182457e-01;7.5000000e+00;2.0818162e-01;7.5000000e+00;2.0629869e-01;7.5000000e+00;1.9850585e-01;7.5000000e+00;2.3092492e-01;7.5000000e+00;1.9438589e-01;7.5000000e+00;1.3943650e-01;7.5000000e+00;8.8043012e-02;7.5000000e+00;3.6782168e-02;7.5000000e+00;-8.4682405e-03;7.5000000e+00;-5.3433195e-02;7.5000000e+00;-9.3612365e-02;7.5000000e+00;-1.3935663e-01;7.5000000e+00;-6.0639203e-02;7.5000000e+00;-5.3497389e-02;7.5000000e+00;-2.5220111e-02;7.5000000e+00;2.5768705e-02;7.5000000e+00;9.3097240e-02;7.5000000e+00;1.7182457e-01;7.5000000e+00;2.0818162e-01;7.5000000e+00;2.0629869e-01;7.5000000e+00;1.9850585e-01;7.5000000e+00;2.3092492e-01;7.5000000e+00;1.9438589e-01;7.5000000e+00;1.3943650e-01;7.5000000e+00;8.8043012e-02;7.5000000e+00;3.6782168e-02;7.5000000e+00;-8.4682405e-03;7.5000000e+00;-5.3433195e-02;7.5000000e+00;-9.3612365e-02;7.5000000e+00;-1.3935663e-01;7.5000000e+00;-6.0639203e-02;7.5000000e+00;-5.3497389e-02;7.5000000e+00;-2.5220111e-02;7.5000000e+00;2.5768705e-02;7.5000000e+00;9.3097240e-02;7.5000000e+00;1.7182457e-01;7.5000000e+00;2.0818162e-01;7.5000000e+00;2.0629869e-01;7.5000000e+00;1.9850585e-01;7.5000000e+00;2.3092492e-01;7.5000000e+00;1.9438589e-01;7.5000000e+00;1.3943650e-01;7.5000000e+00;8.8043012e-02;7.5000000e+00;3.6782168e-02;7.5000000e+00;-8.4682405e-03;7.5000000e+00;-5.3433195e-02;7.5000000e+00;-9.3612365e-02;7.5000000e+00;-1.3935663e-01;7.5000000e+00;-6.0639203e-02;7.5000000e+00;-5.3497389e-02;7.5000000e+00;-2.5220111e-02;7.5000000e+00;2.5768705e-02;7.5000000e+00;9.3097240e-02;7.5000000e+00;1.7182457e-01;7.5000000e+00;2.0818162e-01;7.5000000e+00;2.0629869e-01;7.5000000e+00;1.9850585e-01;7.5000000e+00;2.3092492e-01;7.5000000e+00;1.9438589e-01;7.5000000e+00;1.3943650e-01;7.5000000e+00;8.8043012e-02;7.5000000e+00;3.6782168e-02;7.5000000e+00;-8.4682405e-03;7.5000000e+00;-5.3433195e-02;7.5000000e+00;-9.3612365e-02;7.5000000e+00;-1.3935663e-01;7.5000000e+00;-6.0639203e-02;7.5000000e+00;-5.3497389e-02;7.5000000e+00;-2.5220111e-02;7.5000000e+00;2.5768705e-02;7.5000000e+00;9.3097240e-02;7.5000000e+00;1.7182457e-01;7.5000000e+00;2.0818162e-01;7.5000000e+00;2.0629869e-01;7.5000000e+00;1.9850585e-01;7.5000000e+00;2.3092492e-01;7.5000000e+00;1.9438589e-01;7.5000000e+00;1.3943650e-01;7.5000000e+00;8.8043012e-02;7.5000000e+00;3.6782168e-02;7.5000000e+00;-8.4682405e-03;7.5000000e+00;-5.3433195e-02;7.5000000e+00;-9.3612365e-02;7.5000000e+00;-1.3935663e-01;7.5000000e+00;-6.0639203e-02;7.5000000e+00;-5.3497389e-02;7.5000000e+00;-2.5220111e-02;7.5000000e+00;2.5768705e-02;7.5000000e+00;9.3097240e-02;7.5000000e+00;1.7182457e-01;7.5000000e+00;2.0818162e-01;7.5000000e+00;2.0629869e-01;7.5000000e+00;1.9850585e-01;7.5000000e+00;2.3092492e-01;7.5000000e+00;1.9438589e-01;7.5000000e+00;1.3943650e-01;7.5000000e+00;8.8043012e-02;7.5000000e+00;3.6782168e-02;7.5000000e+00;-8.4682405e-03;7.5000000e+00;-5.3433195e-02;7.5000000e+00;-9.3612365e-02;7.5000000e+00;-1.3935663e-01;7.5000000e+00;-6.0639203e-02;7.5000000e+00;-5.3497389e-02;7.5000000e+00;-2.5220111e-02;7.5000000e+00;2.5768705e-02;7.5000000e+00;9.3097240e-02;7.5000000e+00;1.7182457e-01;7.5000000e+00;2.0818162e-01;7.5000000e+00;2.0629869e-01;7.5000000e+00;1.9850585e-01;7.5000000e+00;2.3092492e-01;7.5000000e+00;1.9438589e-01;7.5000000e+00;1.3943650e-01;7.5000000e+00;8.8043012e-02;7.5000000e+00;3.6782168e-02;7.5000000e+00;-8.4682405e-03;7.5000000e+00;-5.3433195e-02;7.5000000e+00;-9.3612365e-02;7.5000000e+00;-1.3935663e-01;7.5000000e+00;-6.0639203e-02;7.5000000e+00;-5.3497389e-02;7.5000000e+00;-2.5220111e-02;7.5000000e+00;2.5768705e-02;7.5000000e+00;9.3097240e-02;7.5000000e+00;1.7182457e-01;7.5000000e+00;2.0818162e-01;7.5000000e+00;2.0629869e-01;7.5000000e+00;1.9850585e-01;7.5000000e+00;2.3092492e-01;7.5000000e+00;1.9438589e-01;7.5000000e+00;1.3943650e-01;7.5000000e+00;8.8043012e-02;7.5000000e+00;3.6782168e-02;7.5000000e+00;-8.4682405e-03;7.5000000e+00;-5.3433195e-02;7.5000000e+00;-9.3612365e-02;7.5000000e+00;-1.3935663e-01;7.5000000e+00;-6.0639203e-02;7.5000000e+00;-5.3497389e-02;7.5000000e+00;-2.5220111e-02;7.5000000e+00;2.5768705e-02;7.5000000e+00;9.3097240e-02;7.5000000e+00;1.7182457e-01;7.5000000e+00;2.0818162e-01;7.5000000e+00;2.0629869e-01;7.5000000e+00;1.9850585e-01;7.5000000e+00;2.3092492e-01;7.5000000e+00;1.9438589e-01;7.5000000e+00;1.3943650e-01;7.5000000e+00;8.8043012e-02;7.5000000e+00;3.6782168e-02;7.5000000e+00;-8.4682405e-03;7.5000000e+00;-5.3433195e-02;7.5000000e+00;-9.3612365e-02;7.5000000e+00;-1.3935663e-01;7.5000000e+00;-6.0639203e-02;7.5000000e+00;-5.3497389e-02;7.5000000e+00;-2.5220111e-02;7.5000000e+00;2.5768705e-02;7.5000000e+00;9.3097240e-02;7.5000000e+00;1.7182457e-01;7.5000000e+00;2.0818162e-01;7.5000000e+00;2.0629869e-01;7.5000000e+00;1.9850585e-01;7.5000000e+00;2.3092492e-01;7.5000000e+00;1.9438589e-01;7.5000000e+00;1.3943650e-01;7.5000000e+00;8.8043012e-02;7.5000000e+00;3.6782168e-02;7.5000000e+00;-8.4682405e-03;7.5000000e+00;-5.3433195e-02;7.5000000e+00;-9.3612365e-02;7.5000000e+00;-1.3935663e-01;7.5000000e+00;-6.0639203e-02;7.5000000e+00;-5.3497389e-02;7.5000000e+00;-2.5220111e-02;7.5000000e+00;2.5768705e-02;7.5000000e+00;9.3097240e-02;7.5000000e+00;1.7182457e-01;7.5000000e+00;2.0818162e-01;7.5000000e+00;2.0629869e-01;7.5000000e+00;1.9850585e-01;7.5000000e+00;2.3092492e-01;7.5000000e+00;1.9438589e-01;7.5000000e+00;1.3943650e-01;7.5000000e+00;8.8043012e-02;7.5000000e+00;3.6782168e-02;7.5000000e+00;-8.4682405e-03;7.5000000e+00;-5.3433195e-02;7.5000000e+00;-9.3612365e-02;7.5000000e+00;-1.3935663e-01;7.5000000e+00;-6.0639203e-02;7.5000000e+00;-5.3497389e-02;7.5000000e+00;-2.5220111e-02;7.5000000e+00;2.5768705e-02;7.5000000e+00;9.3097240e-02;7.5000000e+00;1.7182457e-01;7.5000000e+00;2.0818162e-01;7.5000000e+00;2.0629869e-01;7.5000000e+00;1.9850585e-01;7.5000000e+00;2.3092492e-01;7.5000000e+00;1.9438589e-01;7.5000000e+00;1.3943650e-01;7.5000000e+00;8.8043012e-02;7.5000000e+00;3.6782168e-02;7.5000000e+00;-8.4682405e-03;7.5000000e+00;-5.3433195e-02;7.5000000e+00;-9.3612365e-02;7.5000000e+00;-1.3935663e-01;7.5000000e+00;-6.0639203e-02;7.5000000e+00;-5.3497389e-02;7.5000000e+00;-2.5220111e-02;7.5000000e+00;2.5768705e-02;7.5000000e+00;9.3097240e-02;7.5000000e+00;1.7182457e-01;7.5000000e+00;2.0818162e-01;7.5000000e+00;2.0629869e-01;7.5000000e+00;1.9850585e-01;7.5000000e+00;2.3092492e-01;7.5000000e+00;1.9438589e-01;7.5000000e+00;1.3943650e-01;7.5000000e+00;8.8043012e-02;7.5000000e+00;3.6782168e-02;7.5000000e+00;-8.4682405e-03;7.5000000e+00;-5.3433195e-02;7.5000000e+00;-9.3612365e-02;7.5000000e+00;-1.3935663e-01;7.5000000e+00;-6.0639203e-02;7.5000000e+00;-5.3497389e-02;7.5000000e+00;-2.5220111e-02;7.5000000e+00;2.5768705e-02;7.5000000e+00;9.3097240e-02;7.5000000e+00;1.7182457e-01;7.5000000e+00;2.0818162e-01;7.5000000e+00;2.0629869e-01;7.5000000e+00;1.9850585e-01;7.5000000e+00;2.3092492e-01;7.5000000e+00;1.9438589e-01;7.5000000e+00;1.3943650e-01;7.5000000e+00;8.8043012e-02;7.5000000e+00;3.6782168e-02;7.5000000e+00;-8.4682405e-03;7.5000000e+00;-5.3433195e-02;7.5000000e+00;-9.3612365e-02;7.5000000e+00;-1.3935663e-01;7.5000000e+00;-6.0639203e-02;7.5000000e+00;-5.3497389e-02;7.5000000e+00;-2.5220111e-02;7.5000000e+00;2.5768705e-02;7.5000000e+00;9.3097240e-02;7.5000000e+00;1.7182457e-01;7.5000000e+00;2.0818162e-01;7.5000000e+00;2.0629869e-01;7.5000000e+00;1.9850585e-01;7.5000000e+00;2.3092492e-01;7.5000000e+00;1.9438589e-01;7.5000000e+00;1.3943650e-01;7.5000000e+00;8.8043012e-02;7.5000000e+00;3.6782168e-02;7.5000000e+00;-8.4682405e-03;7.5000000e+00;-5.3433195e-02;7.5000000e+00;-9.3612365e-02;7.5000000e+00;-1.3935663e-01;7.5000000e+00;-6.0639203e-02;7.5000000e+00;-5.3497389e-02;7.5000000e+00;-2.5220111e-02;7.5000000e+00;2.5768705e-02;7.5000000e+00;9.3097240e-02;7.5000000e+00;1.7182457e-01;7.5000000e+00;2.0818162e-01;7.5000000e+00;2.0629869e-01;7.5000000e+00;1.9850585e-01;7.5000000e+00;2.3092492e-01;7.5000000e+00;1.9438589e-01;7.5000000e+00;1.3943650e-01;7.5000000e+00;8.8043012e-02;7.5000000e+00;3.6782168e-02;7.5000000e+00;-8.4682405e-03;7.5000000e+00;-5.3433195e-02;7.5000000e+00;-9.3612365e-02;7.5000000e+00;-1.3935663e-01;7.5000000e+00;-6.0639203e-02;7.5000000e+00;-5.3497389e-02;7.5000000e+00;-2.5220111e-02;7.5000000e+00;2.5768705e-02;7.5000000e+00;9.3097240e-02;7.5000000e+00;1.7182457e-01;7.5000000e+00;2.0818162e-01;7.5000000e+00;2.0629869e-01;7.5000000e+00;1.9850585e-01;7.5000000e+00;2.3092492e-01;7.5000000e+00;1.9438589e-01;7.5000000e+00;1.3943650e-01;7.5000000e+00;8.8043012e-02;7.5000000e+00;3.6782168e-02;7.5000000e+00;-8.4682405e-03;7.5000000e+00;-5.3433195e-02;7.5000000e+00;-9.3612365e-02;7.5000000e+00;-1.3935663e-01;7.5000000e+00;-6.0639203e-02;7.5000000e+00;-5.3497389e-02;7.5000000e+00;-2.5220111e-02;7.5000000e+00;2.5768705e-02;7.5000000e+00;9.3097240e-02;7.5000000e+00;1.7182457e-01;7.5000000e+00;2.0818162e-01;7.5000000e+00;2.0629869e-01;7.5000000e+00;1.9850585e-01;7.5000000e+00;2.3092492e-01;7.5000000e+00;1.9438589e-01;7.5000000e+00;1.3943650e-01;7.5000000e+00;8.8043012e-02;7.5000000e+00;3.6782168e-02;7.5000000e+00;-8.4682405e-03;7.5000000e+00;-5.3433195e-02;7.5000000e+00;-9.3612365e-02;7.5000000e+00;-1.3935663e-01;7.5000000e+00;-6.0639203e-02;7.5000000e+00;-5.3497389e-02;7.5000000e+00;-2.5220111e-02;7.5000000e+00;2.5768705e-02;7.5000000e+00;9.3097240e-02;7.5000000e+00;1.7182457e-01;7.5000000e+00;2.0818162e-01;7.5000000e+00;2.0629869e-01;7.5000000e+00;1.9850585e-01;7.5000000e+00;2.3092492e-01;7.5000000e+00;1.9438589e-01;7.5000000e+00;1.3943650e-01;7.5000000e+00;8.8043012e-02;7.5000000e+00;3.6782168e-02;7.5000000e+00;-8.4682405e-03;7.5000000e+00;-5.3433195e-02;7.5000000e+00;-9.3612365e-02;7.5000000e+00;-1.3935663e-01;7.5000000e+00;-6.0639203e-02;7.5000000e+00;-5.3497389e-02;7.5000000e+00;-2.5220111e-02;7.5000000e+00;2.5768705e-02;7.5000000e+00;9.3097240e-02;7.5000000e+00;1.7182457e-01;7.5000000e+00;2.0818162e-01;7.5000000e+00;2.0629869e-01;7.5000000e+00;1.9850585e-01;7.5000000e+00;2.3092492e-01;7.5000000e+00;1.9438589e-01;7.5000000e+00;1.3943650e-01;7.5000000e+00;8.8043012e-02;7.5000000e+00;3.6782168e-02;7.5000000e+00;-8.4682405e-03;7.5000000e+00;-5.3433195e-02;7.5000000e+00;-9.3612365e-02;7.5000000e+00;-1.3935663e-01;7.5000000e+00;-6.0639203e-02;7.5000000e+00;-5.3497389e-02;7.5000000e+00;-2.5220111e-02;7.5000000e+00;2.5768705e-02;7.5000000e+00;9.3097240e-02;7.5000000e+00;1.7182457e-01;7.5000000e+00;2.0818162e-01;7.5000000e+00;2.0629869e-01;7.5000000e+00;1.9850585e-01;7.5000000e+00;2.3092492e-01;7.5000000e+00;1.9438589e-01;7.5000000e+00;1.3943650e-01;7.5000000e+00;8.8043012e-02;7.5000000e+00;3.6782168e-02;7.5000000e+00;-8.4682405e-03;7.5000000e+00;-5.3433195e-02;7.5000000e+00;-9.3612365e-02;7.5000000e+00;-1.3935663e-01;7.5000000e+00;-6.0639203e-02;7.5000000e+00;-5.3497389e-02;7.5000000e+00;-2.5220111e-02;7.5000000e+00;2.5768705e-02;7.5000000e+00;9.3097240e-02;7.5000000e+00;1.7182457e-01;7.5000000e+00;2.0818162e-01;7.5000000e+00;2.0629869e-01;7.5000000e+00;1.9850585e-01;7.5000000e+00;2.3092492e-01;7.5000000e+00;1.9438589e-01;7.5000000e+00;1.3943650e-01;7.5000000e+00;8.8043012e-02;7.5000000e+00;3.6782168e-02;7.5000000e+00;-8.4682405e-03;7.5000000e+00;-5.3433195e-02;7.5000000e+00;-9.3612365e-02;7.5000000e+00;-1.3935663e-01;7.5000000e+00;-6.0639203e-02;7.5000000e+00;-5.3497389e-02;7.5000000e+00;-2.5220111e-02;7.5000000e+00;2.5768705e-02;7.5000000e+00;9.3097240e-02;7.5000000e+00;1.7182457e-01;7.5000000e+00;2.0818162e-01;7.5000000e+00;2.0629869e-01;7.5000000e+00;1.9850585e-01;7.5000000e+00;2.3092492e-01;7.5000000e+00;1.9438589e-01;7.5000000e+00;1.3943650e-01;7.5000000e+00;8.8043012e-02;7.5000000e+00;3.6782168e-02;7.5000000e+00;-8.4682405e-03;7.5000000e+00;-5.3433195e-02;7.5000000e+00;-9.3612365e-02;7.5000000e+00;-1.3935663e-01;7.5000000e+00;-6.0639203e-02;7.5000000e+00;-5.3497389e-02;7.5000000e+00;-2.5220111e-02;7.5000000e+00;2.5768705e-02;7.5000000e+00;9.3097240e-02;7.5000000e+00;1.7182457e-01;7.5000000e+00;2.0818162e-01;7.5000000e+00;2.0629869e-01;7.5000000e+00;1.9850585e-01;7.5000000e+00;2.3092492e-01;7.5000000e+00;1.9438589e-01;7.5000000e+00;1.3943650e-01;7.5000000e+00;8.8043012e-02;7.5000000e+00;3.6782168e-02;7.5000000e+00;-8.4682405e-03;7.5000000e+00;-5.3433195e-02;7.5000000e+00;-9.3612365e-02;7.5000000e+00;-1.3935663e-01;7.5000000e+00;-6.0639203e-02;7.5000000e+00;-5.3497389e-02;7.5000000e+00;-2.5220111e-02;7.5000000e+00;2.5768705e-02;7.5000000e+00;9.3097240e-02;7.5000000e+00;1.7182457e-01;7.5000000e+00;2.0818162e-01;7.5000000e+00;2.0629869e-01;7.5000000e+00;1.9850585e-01;7.5000000e+00;2.3092492e-01;7.5000000e+00;1.9438589e-01;7.5000000e+00;1.3943650e-01;7.5000000e+00;8.8043012e-02;7.5000000e+00;3.6782168e-02;7.5000000e+00;-8.4682405e-03;7.5000000e+00;-5.3433195e-02;7.5000000e+00;-9.3612365e-02;7.5000000e+00;-1.3935663e-01;7.5000000e+00;-6.0639203e-02;7.5000000e+00;-5.3497389e-02;7.5000000e+00;-2.5220111e-02;7.5000000e+00;2.5768705e-02;7.5000000e+00;9.3097240e-02;7.5000000e+00;1.7182457e-01;7.5000000e+00;2.0818162e-01;7.5000000e+00;2.0629869e-01;7.5000000e+00;1.9850585e-01;7.5000000e+00;2.3092492e-01;7.5000000e+00;1.9438589e-01;7.5000000e+00;1.3943650e-01;7.5000000e+00;8.8043012e-02;7.5000000e+00;3.6782168e-02;7.5000000e+00;-8.4682405e-03;7.5000000e+00;-5.3433195e-02;7.5000000e+00;-9.3612365e-02;7.5000000e+00;-1.3935663e-01;7.5000000e+00;-6.0639203e-02;7.5000000e+00;-5.3497389e-02;7.5000000e+00;-2.5220111e-02;7.5000000e+00;2.5768705e-02;7.5000000e+00;9.3097240e-02;7.5000000e+00;1.7182457e-01;7.5000000e+00;2.0818162e-01;7.5000000e+00;2.0629869e-01;7.5000000e+00;1.9850585e-01;7.5000000e+00;2.3092492e-01;7.5000000e+00;1.9438589e-01;7.5000000e+00;1.3943650e-01;7.5000000e+00;8.8043012e-02;7.5000000e+00;3.6782168e-02;7.5000000e+00;-8.4682405e-03;7.5000000e+00;-5.3433195e-02;7.5000000e+00;-9.3612365e-02;7.5000000e+00;-1.3935663e-01;7.5000000e+00;-6.0639203e-02;7.5000000e+00;-5.3497389e-02;7.5000000e+00;-2.5220111e-02;7.5000000e+00;2.5768705e-02;7.5000000e+00;9.3097240e-02;7.5000000e+00;1.7182457e-01;7.5000000e+00;2.0818162e-01;7.5000000e+00;2.0629869e-01;7.5000000e+00;1.9850585e-01;7.5000000e+00;2.3092492e-01;7.5000000e+00;1.9438589e-01;7.5000000e+00;1.3943650e-01;7.5000000e+00;8.8043012e-02;7.5000000e+00;3.6782168e-02;7.5000000e+00;-8.4682405e-03;7.5000000e+00;-5.3433195e-02;7.5000000e+00;-9.3612365e-02;7.5000000e+00;-1.3935663e-01;7.5000000e+00;-6.0639203e-02;7.5000000e+00;-5.3497389e-02;7.5000000e+00;-2.5220111e-02;7.5000000e+00;2.5768705e-02;7.5000000e+00;9.3097240e-02;7.5000000e+00;1.7182457e-01;7.5000000e+00;2.0818162e-01;7.5000000e+00;2.0629869e-01;7.5000000e+00;1.9850585e-01;7.5000000e+00;2.3092492e-01;7.5000000e+00;1.9438589e-01;7.5000000e+00;1.3943650e-01;7.5000000e+00;8.8043012e-02;7.5000000e+00;3.6782168e-02;7.5000000e+00;-8.4682405e-03;7.5000000e+00;-5.3433195e-02;7.5000000e+00;-9.3612365e-02;7.5000000e+00;-1.3935663e-01;7.5000000e+00;-6.0639203e-02;7.5000000e+00;-5.3497389e-02;7.5000000e+00;-2.5220111e-02;7.5000000e+00;2.5768705e-02;7.5000000e+00;9.3097240e-02;7.5000000e+00;1.7182457e-01;7.5000000e+00;2.0818162e-01;7.5000000e+00;2.0629869e-01;7.5000000e+00;1.9850585e-01;7.5000000e+00;2.3092492e-01;7.5000000e+00;1.9438589e-01;7.5000000e+00;1.3943650e-01;7.5000000e+00;8.8043012e-02;7.5000000e+00;3.6782168e-02;7.5000000e+00;-8.4682405e-03;7.5000000e+00;-5.3433195e-02;7.5000000e+00;-9.3612365e-02;7.5000000e+00;-1.3935663e-01;7.5000000e+00;-6.0639203e-02;7.5000000e+00;-5.3497389e-02;7.5000000e+00;-2.5220111e-02;7.5000000e+00;2.5768705e-02;7.5000000e+00;9.3097240e-02;7.5000000e+00;1.7182457e-01;7.5000000e+00;2.0818162e-01;7.5000000e+00;2.0629869e-01;7.5000000e+00;1.9850585e-01;7.5000000e+00;2.3092492e-01;7.5000000e+00;1.9438589e-01;7.5000000e+00;1.3943650e-01;7.5000000e+00;8.8043012e-02;7.5000000e+00;3.6782168e-02;7.5000000e+00;-8.4682405e-03;7.5000000e+00;-5.3433195e-02;7.5000000e+00;-9.3612365e-02;7.5000000e+00;-1.3935663e-01;7.5000000e+00;-6.0639203e-02;7.5000000e+00;-5.3497389e-02;7.5000000e+00;-2.5220111e-02;7.5000000e+00;2.5768705e-02;7.5000000e+00;9.3097240e-02;7.5000000e+00;1.7182457e-01;7.5000000e+00;2.0818162e-01;7.5000000e+00;2.0629869e-01;7.5000000e+00;1.9850585e-01;7.5000000e+00;2.3092492e-01;7.5000000e+00;1.9438589e-01;7.5000000e+00;1.3943650e-01;7.5000000e+00;8.8043012e-02;7.5000000e+00;3.6782168e-02;7.5000000e+00;-8.4682405e-03;7.5000000e+00;-5.3433195e-02;7.5000000e+00;-9.3612365e-02;7.5000000e+00;-1.3935663e-01;7.5000000e+00;-6.0639203e-02;7.5000000e+00;-5.3497389e-02;7.5000000e+00;-2.5220111e-02;7.5000000e+00;2.5768705e-02;7.5000000e+00;9.3097240e-02;7.5000000e+00;1.7182457e-01;7.5000000e+00;2.0818162e-01;7.5000000e+00;2.0629869e-01;7.5000000e+00;1.9850585e-01;7.5000000e+00;2.3092492e-01;7.5000000e+00;1.9438589e-01;7.5000000e+00;1.3943650e-01;7.5000000e+00;8.8043012e-02;7.5000000e+00;3.6782168e-02;7.5000000e+00;-8.4682405e-03;7.5000000e+00;-5.3433195e-02;7.5000000e+00;-9.3612365e-02;7.5000000e+00;-1.3935663e-01;7.5000000e+00;-6.0639203e-02;7.5000000e+00;-5.3497389e-02;7.5000000e+00;-2.5220111e-02;7.5000000e+00;2.5768705e-02;7.5000000e+00;9.3097240e-02;7.5000000e+00;1.7182457e-01;7.5000000e+00;2.0818162e-01;7.5000000e+00;2.0629869e-01;7.5000000e+00;1.9850585e-01;7.5000000e+00;2.3092492e-01;7.5000000e+00;1.9438589e-01;7.5000000e+00;1.3943650e-01;7.5000000e+00;8.8043012e-02;7.5000000e+00;3.6782168e-02;7.5000000e+00;-8.4682405e-03;7.5000000e+00;-5.3433195e-02;7.5000000e+00;-9.3612365e-02;7.5000000e+00;-1.3935663e-01;7.5000000e+00;-6.0639203e-02;7.5000000e+00;-5.3497389e-02;7.5000000e+00;-2.5220111e-02;7.5000000e+00;2.5768705e-02;7.5000000e+00;9.3097240e-02;7.5000000e+00;1.7182457e-01;7.5000000e+00;2.0818162e-01;7.5000000e+00;2.0629869e-01;7.5000000e+00;1.9850585e-01;7.5000000e+00;2.3092492e-01;7.5000000e+00;1.9438589e-01;7.5000000e+00;1.3943650e-01;7.5000000e+00;8.8043012e-02;7.5000000e+00;3.6782168e-02;7.5000000e+00;-8.4682405e-03;7.5000000e+00;-5.3433195e-02;7.5000000e+00;-9.3612365e-02;7.5000000e+00;-1.3935663e-01;7.5000000e+00;-6.0639203e-02;7.5000000e+00;-5.3497389e-02;7.5000000e+00;-2.5220111e-02;7.5000000e+00;2.5768705e-02;7.5000000e+00;9.3097240e-02;7.5000000e+00;1.7182457e-01;7.5000000e+00;2.0818162e-01;7.5000000e+00;2.0629869e-01;7.5000000e+00;1.9850585e-01;7.5000000e+00;2.3092492e-01;7.5000000e+00;1.9438589e-01;7.5000000e+00;1.3943650e-01;7.5000000e+00;8.8043012e-02;7.5000000e+00;3.6782168e-02;7.5000000e+00;-8.4682405e-03;7.5000000e+00;-5.3433195e-02;7.5000000e+00;-9.3612365e-02;7.5000000e+00;-1.3935663e-01;7.5000000e+00;-6.0639203e-02;7.5000000e+00;-5.3497389e-02;7.5000000e+00;-2.5220111e-02;7.5000000e+00;2.5768705e-02;7.5000000e+00;9.3097240e-02;7.5000000e+00;1.7182457e-01;7.5000000e+00;2.0818162e-01;7.5000000e+00;2.0629869e-01;7.5000000e+00;1.9850585e-01;7.5000000e+00;2.3092492e-01;7.5000000e+00;1.9438589e-01;7.5000000e+00;1.3943650e-01;7.5000000e+00;8.8043012e-02;7.5000000e+00;3.6782168e-02;7.5000000e+00;-8.4682405e-03;7.5000000e+00;-5.3433195e-02;7.5000000e+00;-9.3612365e-02;7.5000000e+00;-1.3935663e-01;7.5000000e+00;-6.0639203e-02;7.5000000e+00;-5.3497389e-02;7.5000000e+00;-2.5220111e-02;7.5000000e+00;2.5768705e-02;7.5000000e+00;9.3097240e-02;7.5000000e+00;1.7182457e-01;7.5000000e+00;2.0818162e-01;7.5000000e+00;2.0629869e-01;7.5000000e+00;1.9850585e-01;7.5000000e+00;2.3092492e-01;7.5000000e+00;1.9438589e-01;7.5000000e+00;1.3943650e-01;7.5000000e+00;8.8043012e-02;7.5000000e+00;3.6782168e-02;7.5000000e+00;-8.4682405e-03;7.5000000e+00;-5.3433195e-02;7.5000000e+00;-9.3612365e-02;7.5000000e+00;-1.3935663e-01;7.5000000e+00;-6.0639203e-02;7.5000000e+00;-5.3497389e-02;7.5000000e+00;-2.5220111e-02;7.5000000e+00;2.5768705e-02;7.5000000e+00;9.3097240e-02;7.5000000e+00;1.7182457e-01;7.5000000e+00;2.0818162e-01;7.5000000e+00;2.0629869e-01;7.5000000e+00;1.9850585e-01;7.5000000e+00;2.3092492e-01;7.5000000e+00;1.9438589e-01;7.5000000e+00;1.3943650e-01;7.5000000e+00;8.8043012e-02;7.5000000e+00;3.6782168e-02;7.5000000e+00;-8.4682405e-03;7.5000000e+00;-5.3433195e-02;7.5000000e+00;-9.3612365e-02;7.5000000e+00;-1.3935663e-01;7.5000000e+00;-6.0639203e-02;7.5000000e+00;-5.3497389e-02;7.5000000e+00;-2.5220111e-02;7.5000000e+00;2.5768705e-02;7.5000000e+00;9.3097240e-02;7.5000000e+00;1.7182457e-01;7.5000000e+00;2.0818162e-01;7.5000000e+00;2.0629869e-01;7.5000000e+00;1.9850585e-01;7.5000000e+00;2.3092492e-01;7.5000000e+00;1.9438589e-01;7.5000000e+00;1.3943650e-01;7.5000000e+00;8.8043012e-02;7.5000000e+00;3.6782168e-02;7.5000000e+00;-8.4682405e-03;7.5000000e+00;-5.3433195e-02;7.5000000e+00;-9.3612365e-02;7.5000000e+00;-1.3935663e-01;7.5000000e+00;-6.0639203e-02;7.5000000e+00;-5.3497389e-02;7.5000000e+00;-2.5220111e-02;7.5000000e+00;2.5768705e-02;7.5000000e+00;9.3097240e-02;7.5000000e+00;1.7182457e-01;7.5000000e+00;2.0818162e-01;7.5000000e+00;2.0629869e-01;7.5000000e+00;1.9850585e-01;7.5000000e+00;2.3092492e-01;7.5000000e+00;1.9438589e-01;7.5000000e+00;1.3943650e-01;7.5000000e+00;8.8043012e-02;7.5000000e+00;3.6782168e-02;7.5000000e+00;-8.4682405e-03;7.5000000e+00;-5.3433195e-02;7.5000000e+00;-9.3612365e-02;7.5000000e+00;-1.3935663e-01;7.5000000e+00;-6.0639203e-02;7.5000000e+00;-5.3497389e-02;7.5000000e+00;-2.5220111e-02;7.5000000e+00;2.5768705e-02;7.5000000e+00;9.3097240e-02;7.5000000e+00;1.7182457e-01;7.5000000e+00;2.0818162e-01;7.5000000e+00;2.0629869e-01;7.5000000e+00;1.9850585e-01;7.5000000e+00;2.3092492e-01;7.5000000e+00;1.9438589e-01;7.5000000e+00;1.3943650e-01;7.5000000e+00;8.8043012e-02;7.5000000e+00;3.6782168e-02;7.5000000e+00;-8.4682405e-03;7.5000000e+00;-5.3433195e-02;7.5000000e+00;-9.3612365e-02;7.5000000e+00;-1.3935663e-01;7.5000000e+00;-6.0639203e-02;7.5000000e+00;-5.3497389e-02;7.5000000e+00;-2.5220111e-02;7.5000000e+00;2.5768705e-02;7.5000000e+00;9.3097240e-02;7.5000000e+00;1.7182457e-01;7.5000000e+00;2.0818162e-01;7.5000000e+00;2.0629869e-01;7.5000000e+00;1.9850585e-01;7.5000000e+00;2.3092492e-01;7.5000000e+00;1.9438589e-01;7.5000000e+00;1.3943650e-01;7.5000000e+00;8.8043012e-02;7.5000000e+00;3.6782168e-02;7.5000000e+00;-8.4682405e-03;7.5000000e+00;-5.3433195e-02;7.5000000e+00;-9.3612365e-02;7.5000000e+00;-1.3935663e-01;7.5000000e+00;-6.0639203e-02;7.5000000e+00;-5.3497389e-02;7.5000000e+00;-2.5220111e-02;7.5000000e+00;2.5768705e-02;7.5000000e+00;9.3097240e-02;7.5000000e+00;1.7182457e-01;7.5000000e+00;2.0818162e-01;7.5000000e+00;2.0629869e-01;7.5000000e+00;1.9850585e-01;7.5000000e+00;2.3092492e-01;7.5000000e+00;1.9438589e-01;7.5000000e+00;1.3943650e-01;7.5000000e+00;8.8043012e-02;7.5000000e+00;3.6782168e-02;7.5000000e+00;-8.4682405e-03;7.5000000e+00;-5.3433195e-02;7.5000000e+00;-9.3612365e-02;7.5000000e+00;-1.3935663e-01;7.5000000e+00;-6.0639203e-02;7.5000000e+00;-5.3497389e-02;7.5000000e+00;-2.5220111e-02;7.5000000e+00;2.5768705e-02;7.5000000e+00;9.3097240e-02;7.5000000e+00;1.7182457e-01;7.5000000e+00;2.0818162e-01;7.5000000e+00;2.0629869e-01;7.5000000e+00;1.9850585e-01;7.5000000e+00;2.3092492e-01;7.5000000e+00;1.9438589e-01;7.5000000e+00;1.3943650e-01;7.5000000e+00;8.8043012e-02;7.5000000e+00;3.6782168e-02;7.5000000e+00;-8.4682405e-03;7.5000000e+00;-5.3433195e-02;7.5000000e+00;-9.3612365e-02;7.5000000e+00;-1.3935663e-01;7.5000000e+00;-6.0639203e-02;7.5000000e+00;-5.3497389e-02;7.5000000e+00;-2.5220111e-02;7.5000000e+00;2.5768705e-02;7.5000000e+00;9.3097240e-02;7.5000000e+00;1.7182457e-01;7.5000000e+00;2.0818162e-01;7.5000000e+00;2.0629869e-01;7.5000000e+00;1.9850585e-01;7.5000000e+00;2.3092492e-01;7.5000000e+00;1.9438589e-01;7.5000000e+00;1.3943650e-01;7.5000000e+00;8.8043012e-02;7.5000000e+00;3.6782168e-02;7.5000000e+00;-8.4682405e-03;7.5000000e+00;-5.3433195e-02;7.5000000e+00;-9.3612365e-02;7.5000000e+00;-1.3935663e-01;7.5000000e+00;-6.0639203e-02;7.5000000e+00;-5.3497389e-02;7.5000000e+00;-2.5220111e-02;7.5000000e+00;2.5768705e-02;7.5000000e+00;9.3097240e-02;7.5000000e+00;1.7182457e-01;7.5000000e+00;2.0818162e-01;7.5000000e+00;2.0629869e-01;7.5000000e+00;1.9850585e-01;7.5000000e+00;2.3092492e-01;7.5000000e+00;1.9438589e-01;7.5000000e+00;1.3943650e-01;7.5000000e+00;8.8043012e-02;7.5000000e+00;3.6782168e-02;7.5000000e+00;-8.4682405e-03;7.5000000e+00;-5.3433195e-02;7.5000000e+00;-9.3612365e-02;7.5000000e+00;-1.3935663e-01;7.5000000e+00;-6.0639203e-02;7.5000000e+00;-5.3497389e-02;7.5000000e+00;-2.5220111e-02;7.5000000e+00;2.5768705e-02;7.5000000e+00;9.3097240e-02;7.5000000e+00;1.7182457e-01;7.5000000e+00;2.0818162e-01;7.5000000e+00;2.0629869e-01;7.5000000e+00;1.9850585e-01;7.5000000e+00;2.3092492e-01;7.5000000e+00;1.9438589e-01;7.5000000e+00;1.3943650e-01;7.5000000e+00;8.8043012e-02;7.5000000e+00;3.6782168e-02;7.5000000e+00;-8.4682405e-03;7.5000000e+00;-5.3433195e-02;7.5000000e+00;-9.3612365e-02;7.5000000e+00;-1.3935663e-01;7.5000000e+00;-6.0639203e-02;7.5000000e+00;-5.3497389e-02;7.5000000e+00;-2.5220111e-02;7.5000000e+00;2.5768705e-02;7.5000000e+00;9.3097240e-02;7.5000000e+00;1.7182457e-01;7.5000000e+00;2.0818162e-01;7.5000000e+00;2.0629869e-01;7.5000000e+00;1.9850585e-01;7.5000000e+00;2.3092492e-01;7.5000000e+00;1.9438589e-01;7.5000000e+00;1.3943650e-01;7.5000000e+00;8.8043012e-02;7.5000000e+00;3.6782168e-02;7.5000000e+00;-8.4682405e-03;7.5000000e+00;-5.3433195e-02;7.5000000e+00;-9.3612365e-02;7.5000000e+00;-1.3935663e-01;7.5000000e+00;-6.0639203e-02;7.5000000e+00;-5.3497389e-02;7.5000000e+00;-2.5220111e-02;7.5000000e+00;2.5768705e-02;7.5000000e+00;9.3097240e-02;7.5000000e+00;1.7182457e-01;7.5000000e+00;2.0818162e-01;7.5000000e+00;2.0629869e-01;7.5000000e+00;1.9850585e-01;7.5000000e+00;2.3092492e-01;7.5000000e+00;1.9438589e-01;7.5000000e+00;1.3943650e-01;7.5000000e+00;8.8043012e-02;7.5000000e+00;3.6782168e-02;7.5000000e+00;-8.4682405e-03;7.5000000e+00;-5.3433195e-02;7.5000000e+00;-9.3612365e-02;7.5000000e+00;-1.3935663e-01;7.5000000e+00;-6.0639203e-02;7.5000000e+00;-5.3497389e-02;7.5000000e+00;-2.5220111e-02;7.5000000e+00;2.5768705e-02;7.5000000e+00;9.3097240e-02;7.5000000e+00;1.7182457e-01;7.5000000e+00;2.0818162e-01;7.5000000e+00;2.0629869e-01;7.5000000e+00;1.9850585e-01;7.5000000e+00;2.3092492e-01;7.5000000e+00;1.9438589e-01;7.5000000e+00;1.3943650e-01;7.5000000e+00;8.8043012e-02;7.5000000e+00;3.6782168e-02;7.5000000e+00;-8.4682405e-03;7.5000000e+00;-5.3433195e-02;7.5000000e+00;-9.3612365e-02;7.5000000e+00;-1.3935663e-01;7.5000000e+00;-6.0639203e-02;7.5000000e+00;-5.3497389e-02;7.5000000e+00;-2.5220111e-02;7.5000000e+00;2.5768705e-02;7.5000000e+00;9.3097240e-02;7.5000000e+00;1.7182457e-01;7.5000000e+00;2.0818162e-01;7.5000000e+00;2.0629869e-01;7.5000000e+00;1.9850585e-01;7.5000000e+00;2.3092492e-01;7.5000000e+00;1.9438589e-01;7.5000000e+00;1.3943650e-01;7.5000000e+00;8.8043012e-02;7.5000000e+00;3.6782168e-02;7.5000000e+00;-8.4682405e-03;7.5000000e+00;-5.3433195e-02;7.5000000e+00;-9.3612365e-02;7.5000000e+00;-1.3935663e-01;7.5000000e+00;-6.0639203e-02;7.5000000e+00;-5.3497389e-02;7.5000000e+00;-2.5220111e-02;7.5000000e+00;2.5768705e-02;7.5000000e+00;9.3097240e-02;7.5000000e+00;1.7182457e-01;7.5000000e+00;2.0818162e-01;7.5000000e+00;2.0629869e-01;7.5000000e+00;1.9850585e-01;7.5000000e+00;2.3092492e-01;7.5000000e+00;1.9438589e-01;7.5000000e+00;1.3943650e-01;7.5000000e+00;8.8043012e-02;7.5000000e+00;3.6782168e-02;7.5000000e+00;-8.4682405e-03;7.5000000e+00;-5.3433195e-02;7.5000000e+00;-9.3612365e-02;7.5000000e+00;-1.3935663e-01;7.5000000e+00;-6.0639203e-02;7.5000000e+00;-5.3497389e-02;7.5000000e+00;-2.5220111e-02;7.5000000e+00;2.5768705e-02;7.5000000e+00;9.3097240e-02;7.5000000e+00;1.7182457e-01;7.5000000e+00;2.0818162e-01;7.5000000e+00;2.0629869e-01;7.5000000e+00;1.9850585e-01;7.5000000e+00;2.3092492e-01;7.5000000e+00;1.9438589e-01;7.5000000e+00;1.3943650e-01;7.5000000e+00;8.8043012e-02;7.5000000e+00;3.6782168e-02;7.5000000e+00;-8.4682405e-03;7.5000000e+00;-5.3433195e-02;7.5000000e+00;-9.3612365e-02;7.5000000e+00;-1.3935663e-01;7.5000000e+00;-6.0639203e-02;7.5000000e+00;-5.3497389e-02;7.5000000e+00;-2.5220111e-02;7.5000000e+00;2.5768705e-02;7.5000000e+00;9.3097240e-02;7.5000000e+00;1.7182457e-01;7.5000000e+00;2.0818162e-01;7.5000000e+00;2.0629869e-01;7.5000000e+00;1.9850585e-01;7.5000000e+00;2.3092492e-01;7.5000000e+00;1.9438589e-01;7.5000000e+00;1.3943650e-01;7.5000000e+00;8.8043012e-02;7.5000000e+00;3.6782168e-02;7.5000000e+00;-8.4682405e-03;7.5000000e+00;-5.3433195e-02;7.5000000e+00;-9.3612365e-02;7.5000000e+00;-1.3935663e-01;7.5000000e+00;-6.0639203e-02;7.5000000e+00;-5.3497389e-02;7.5000000e+00;-2.5220111e-02;7.5000000e+00;2.5768705e-02;7.5000000e+00;9.3097240e-02;7.5000000e+00;1.7182457e-01;7.5000000e+00;2.0818162e-01;7.5000000e+00;2.0629869e-01;7.5000000e+00;1.9850585e-01;7.5000000e+00;2.3092492e-01;7.5000000e+00;1.9438589e-01;7.5000000e+00;1.3943650e-01;7.5000000e+00;8.8043012e-02;7.5000000e+00;3.6782168e-02;7.5000000e+00;-8.4682405e-03;7.5000000e+00;-5.3433195e-02;7.5000000e+00;-9.3612365e-02;7.5000000e+00;-1.3935663e-01;7.5000000e+00;-6.0639203e-02;7.5000000e+00;-5.3497389e-02;7.5000000e+00;-2.5220111e-02;7.5000000e+00;2.5768705e-02;7.5000000e+00;9.3097240e-02;7.5000000e+00;1.7182457e-01;7.5000000e+00;2.0818162e-01;7.5000000e+00;2.0629869e-01;7.5000000e+00;1.9850585e-01;7.5000000e+00;2.3092492e-01;7.5000000e+00;1.9438589e-01;7.5000000e+00;1.3943650e-01;7.5000000e+00;8.8043012e-02;7.5000000e+00;3.6782168e-02;7.5000000e+00;-8.4682405e-03;7.5000000e+00;-5.3433195e-02;7.5000000e+00;-9.3612365e-02;7.5000000e+00;-1.3935663e-01;7.5000000e+00;-6.0639203e-02;7.5000000e+00;-5.3497389e-02;7.5000000e+00;-2.5220111e-02;7.5000000e+00;2.5768705e-02;7.5000000e+00;9.3097240e-02;7.5000000e+00;1.7182457e-01;7.5000000e+00;2.0818162e-01;7.5000000e+00;2.0629869e-01;7.5000000e+00;1.9850585e-01;7.5000000e+00;2.3092492e-01;7.5000000e+00;1.9438589e-01;7.5000000e+00;1.3943650e-01;7.5000000e+00;8.8043012e-02;7.5000000e+00;3.6782168e-02;7.5000000e+00;-8.4682405e-03;7.5000000e+00;-5.3433195e-02;7.5000000e+00;-9.3612365e-02;7.5000000e+00;-1.3935663e-01;7.5000000e+00;-6.0639203e-02;7.5000000e+00;-5.3497389e-02;7.5000000e+00;-2.5220111e-02;7.5000000e+00;2.5768705e-02;7.5000000e+00;9.3097240e-02;7.5000000e+00;1.7182457e-01;7.5000000e+00;2.0818162e-01;7.5000000e+00;2.0629869e-01;7.5000000e+00;1.9850585e-01;7.5000000e+00;2.3092492e-01;7.5000000e+00;1.9438589e-01;7.5000000e+00;1.3943650e-01;7.5000000e+00;8.8043012e-02;7.5000000e+00;3.6782168e-02;7.5000000e+00;-8.4682405e-03;7.5000000e+00;-5.3433195e-02;7.5000000e+00;-9.3612365e-02;7.5000000e+00;-1.3935663e-01;7.5000000e+00;-6.0639203e-02;7.5000000e+00;-5.3497389e-02;7.5000000e+00;-2.5220111e-02;7.5000000e+00;2.5768705e-02;7.5000000e+00;9.3097240e-02;7.5000000e+00;1.7182457e-01;7.5000000e+00;2.0818162e-01;7.5000000e+00;2.0629869e-01;7.5000000e+00;1.9850585e-01;7.5000000e+00;2.3092492e-01;7.5000000e+00;1.9438589e-01;7.5000000e+00;1.3943650e-01;7.5000000e+00;8.8043012e-02;7.5000000e+00;3.6782168e-02;7.5000000e+00;-8.4682405e-03;7.5000000e+00;-5.3433195e-02;7.5000000e+00;-9.3612365e-02;7.5000000e+00;-1.3935663e-01;7.5000000e+00;-6.0639203e-02;7.5000000e+00;-5.3497389e-02;7.5000000e+00;-2.5220111e-02;7.5000000e+00;2.5768705e-02;7.5000000e+00;9.3097240e-02;7.5000000e+00;1.7182457e-01;7.5000000e+00;2.0818162e-01;7.5000000e+00;2.0629869e-01;7.5000000e+00;1.9850585e-01;7.5000000e+00;2.3092492e-01;7.5000000e+00;1.9438589e-01;7.5000000e+00;1.3943650e-01;7.5000000e+00;8.8043012e-02;7.5000000e+00;3.6782168e-02;7.5000000e+00;-8.4682405e-03;7.5000000e+00;-5.3433195e-02;7.5000000e+00;-9.3612365e-02;7.5000000e+00;-1.3935663e-01;7.5000000e+00;-6.0639203e-02;7.5000000e+00;-5.3497389e-02;7.5000000e+00;-2.5220111e-02;7.5000000e+00;2.5768705e-02;7.5000000e+00;9.3097240e-02;7.5000000e+00;1.7182457e-01;7.5000000e+00;2.0818162e-01;7.5000000e+00;2.0629869e-01;7.5000000e+00;1.9850585e-01;7.5000000e+00;2.3092492e-01;7.5000000e+00;1.9438589e-01;7.5000000e+00;1.3943650e-01;7.5000000e+00;8.8043012e-02;7.5000000e+00;3.6782168e-02;7.5000000e+00;-8.4682405e-03;7.5000000e+00;-5.3433195e-02;7.5000000e+00;-9.3612365e-02;7.5000000e+00;-1.3935663e-01;7.5000000e+00;-6.0639203e-02;7.5000000e+00;-5.3497389e-02;7.5000000e+00;-2.5220111e-02;7.5000000e+00;2.5768705e-02;7.5000000e+00;9.3097240e-02;7.5000000e+00;1.7182457e-01;7.5000000e+00;2.0818162e-01;7.5000000e+00;2.0629869e-01;7.5000000e+00;1.9850585e-01;7.5000000e+00;2.3092492e-01;7.5000000e+00;1.9438589e-01;7.5000000e+00;1.3943650e-01;7.5000000e+00;8.8043012e-02;7.5000000e+00;3.6782168e-02;7.5000000e+00;-8.4682405e-03;7.5000000e+00;-5.3433195e-02;7.5000000e+00;-9.3612365e-02;7.5000000e+00;-1.3935663e-01;7.5000000e+00;-6.0639203e-02;7.5000000e+00;-5.3497389e-02;7.5000000e+00;-2.5220111e-02;7.5000000e+00;2.5768705e-02;7.5000000e+00;9.3097240e-02;7.5000000e+00;1.7182457e-01;7.5000000e+00;2.0818162e-01;7.5000000e+00;2.0629869e-01;7.5000000e+00;1.9850585e-01;7.5000000e+00;2.3092492e-01;7.5000000e+00;1.9438589e-01;7.5000000e+00;1.3943650e-01;7.5000000e+00;8.8043012e-02;7.5000000e+00;3.6782168e-02;7.5000000e+00;-8.4682405e-03;7.5000000e+00;-5.3433195e-02;7.5000000e+00;-9.3612365e-02;7.5000000e+00;-1.3935663e-01;7.5000000e+00;-6.0639203e-02;7.5000000e+00;-5.3497389e-02;7.5000000e+00;-2.5220111e-02;7.5000000e+00;2.5768705e-02;7.5000000e+00;9.3097240e-02;7.5000000e+00;1.7182457e-01;7.5000000e+00;2.0818162e-01;7.5000000e+00;2.0629869e-01;7.5000000e+00;1.9850585e-01;7.5000000e+00;2.3092492e-01;7.5000000e+00;1.9438589e-01;7.5000000e+00;1.3943650e-01;7.5000000e+00;8.8043012e-02;7.5000000e+00;3.6782168e-02;7.5000000e+00;-8.4682405e-03;7.5000000e+00;-5.3433195e-02;7.5000000e+00;-9.3612365e-02;7.5000000e+00;-1.3935663e-01;7.5000000e+00;-6.0639203e-02;7.5000000e+00;-5.3497389e-02;7.5000000e+00;-2.5220111e-02;7.5000000e+00;2.5768705e-02;7.5000000e+00;9.3097240e-02;7.5000000e+00;1.7182457e-01;7.5000000e+00;2.0818162e-01;7.5000000e+00;2.0629869e-01;7.5000000e+00;1.9850585e-01;7.5000000e+00;2.3092492e-01;7.5000000e+00;1.9438589e-01;7.5000000e+00;1.3943650e-01;7.5000000e+00;8.8043012e-02;7.5000000e+00;3.6782168e-02;7.5000000e+00;-8.4682405e-03;7.5000000e+00;-5.3433195e-02;7.5000000e+00;-9.3612365e-02;7.5000000e+00;-1.3935663e-01;7.5000000e+00;-6.0639203e-02;7.5000000e+00;-5.3497389e-02;7.5000000e+00;-2.5220111e-02;7.5000000e+00;2.5768705e-02;7.5000000e+00;9.3097240e-02;7.5000000e+00;1.7182457e-01;7.5000000e+00;2.0818162e-01;7.5000000e+00;2.0629869e-01;7.5000000e+00;1.9850585e-01;7.5000000e+00;2.3092492e-01;7.5000000e+00;1.9438589e-01;7.5000000e+00;1.3943650e-01;7.5000000e+00;8.8043012e-02;7.5000000e+00;3.6782168e-02;7.5000000e+00;-8.4682405e-03;7.5000000e+00;-5.3433195e-02;7.5000000e+00;-9.3612365e-02;7.5000000e+00;-1.3935663e-01;7.5000000e+00;-6.0639203e-02;7.5000000e+00;-5.3497389e-02;7.5000000e+00;-2.5220111e-02;7.5000000e+00;2.5768705e-02;7.5000000e+00;9.3097240e-02;7.5000000e+00;1.7182457e-01;7.5000000e+00;2.0818162e-01;7.5000000e+00;2.0629869e-01;7.5000000e+00;1.9850585e-01;7.5000000e+00;2.3092492e-01;7.5000000e+00;1.9438589e-01;7.5000000e+00;1.3943650e-01;7.5000000e+00;8.8043012e-02;7.5000000e+00;3.6782168e-02;7.5000000e+00;-8.4682405e-03;7.5000000e+00;-5.3433195e-02;7.5000000e+00;-9.3612365e-02;7.5000000e+00;-1.3935663e-01;7.5000000e+00;-6.0639203e-02;7.5000000e+00;-5.3497389e-02;7.5000000e+00;-2.5220111e-02;7.5000000e+00;2.5768705e-02;7.5000000e+00;9.3097240e-02;7.5000000e+00;1.7182457e-01;7.5000000e+00;2.0818162e-01;7.5000000e+00;2.0629869e-01;7.5000000e+00;1.9850585e-01;7.5000000e+00;2.3092492e-01;7.5000000e+00;1.9438589e-01;7.5000000e+00;1.3943650e-01;7.5000000e+00;8.8043012e-02;7.5000000e+00;3.6782168e-02;7.5000000e+00;-8.4682405e-03;7.5000000e+00;-5.3433195e-02;7.5000000e+00;-9.3612365e-02;7.5000000e+00;-1.3935663e-01;7.5000000e+00;-6.0639203e-02;7.5000000e+00;-5.3497389e-02;7.5000000e+00;-2.5220111e-02;7.5000000e+00;2.5768705e-02;7.5000000e+00;9.3097240e-02;7.5000000e+00;1.7182457e-01;7.5000000e+00;2.0818162e-01;7.5000000e+00;2.0629869e-01;7.5000000e+00;1.9850585e-01;7.5000000e+00;2.3092492e-01;7.5000000e+00;1.9438589e-01;7.5000000e+00;1.3943650e-01;7.5000000e+00;8.8043012e-02;7.5000000e+00;3.6782168e-02;7.5000000e+00;-8.4682405e-03;7.5000000e+00;-5.3433195e-02;7.5000000e+00;-9.3612365e-02;7.5000000e+00;-1.3935663e-01;7.5000000e+00;-6.0639203e-02;7.5000000e+00;-5.3497389e-02;7.5000000e+00;-2.5220111e-02;7.5000000e+00;2.5768705e-02;7.5000000e+00;9.3097240e-02;7.5000000e+00;1.7182457e-01;7.5000000e+00;2.0818162e-01;7.5000000e+00;2.0629869e-01;7.5000000e+00;1.9850585e-01;7.5000000e+00;2.3092492e-01;7.5000000e+00;1.9438589e-01;7.5000000e+00;1.3943650e-01;7.5000000e+00;8.8043012e-02;7.5000000e+00;3.6782168e-02;7.5000000e+00;-8.4682405e-03;7.5000000e+00;-5.3433195e-02;7.5000000e+00;-9.3612365e-02;7.5000000e+00;-1.3935663e-01;7.5000000e+00;-6.0639203e-02;7.5000000e+00;-5.3497389e-02;7.5000000e+00;-2.5220111e-02;7.5000000e+00;2.5768705e-02;7.5000000e+00;9.3097240e-02;7.5000000e+00;1.7182457e-01;7.5000000e+00;2.0818162e-01;7.5000000e+00;2.0629869e-01;7.5000000e+00;1.9850585e-01;7.5000000e+00;2.3092492e-01;7.5000000e+00;1.9438589e-01;7.5000000e+00;1.3943650e-01;7.5000000e+00;8.8043012e-02;7.5000000e+00;3.6782168e-02;7.5000000e+00;-8.4682405e-03;7.5000000e+00;-5.3433195e-02;7.5000000e+00;-9.3612365e-02;7.5000000e+00;-1.3935663e-01;7.5000000e+00;-6.0639203e-02;7.5000000e+00;-5.3497389e-02;7.5000000e+00;-2.5220111e-02;7.5000000e+00;2.5768705e-02;7.5000000e+00;9.3097240e-02;7.5000000e+00;1.7182457e-01;7.5000000e+00;2.0818162e-01;7.5000000e+00;2.0629869e-01;7.5000000e+00;1.9850585e-01;7.5000000e+00;2.3092492e-01;7.5000000e+00;1.9438589e-01;7.5000000e+00;1.3943650e-01;7.5000000e+00;8.8043012e-02;7.5000000e+00;3.6782168e-02;7.5000000e+00;-8.4682405e-03;7.5000000e+00;-5.3433195e-02;7.5000000e+00;-9.3612365e-02;7.5000000e+00;-1.3935663e-01;7.5000000e+00;-6.0639203e-02;7.5000000e+00;-5.3497389e-02;7.5000000e+00;-2.5220111e-02;7.5000000e+00;2.5768705e-02;7.5000000e+00;9.3097240e-02;7.5000000e+00;1.7182457e-01;7.5000000e+00;2.0818162e-01;7.5000000e+00;2.0629869e-01;7.5000000e+00;1.9850585e-01;7.5000000e+00;2.3092492e-01;7.5000000e+00;1.9438589e-01;7.5000000e+00;1.3943650e-01;7.5000000e+00;8.8043012e-02;7.5000000e+00;3.6782168e-02;7.5000000e+00;-8.4682405e-03;7.5000000e+00;-5.3433195e-02;7.5000000e+00;-9.3612365e-02;7.5000000e+00;-1.3935663e-01;7.5000000e+00;-6.0639203e-02;7.5000000e+00;-5.3497389e-02;7.5000000e+00;-2.5220111e-02;7.5000000e+00;2.5768705e-02;7.5000000e+00;9.3097240e-02;7.5000000e+00;1.7182457e-01;7.5000000e+00;2.0818162e-01;7.5000000e+00;2.0629869e-01;7.5000000e+00;1.9850585e-01;7.5000000e+00;2.3092492e-01;7.5000000e+00;1.9438589e-01;7.5000000e+00;1.3943650e-01;7.5000000e+00;8.8043012e-02;7.5000000e+00;3.6782168e-02;7.5000000e+00;-8.4682405e-03;7.5000000e+00;-5.3433195e-02;7.5000000e+00;-9.3612365e-02;7.5000000e+00;-1.3935663e-01;7.5000000e+00;-6.0639203e-02;7.5000000e+00;-5.3497389e-02;7.5000000e+00;-2.5220111e-02;7.5000000e+00;2.5768705e-02;7.5000000e+00;9.3097240e-02;7.5000000e+00;1.7182457e-01;7.5000000e+00;2.0818162e-01;7.5000000e+00;2.0629869e-01;7.5000000e+00;1.9850585e-01;7.5000000e+00;2.3092492e-01;7.5000000e+00;1.9438589e-01;7.5000000e+00;1.3943650e-01;7.5000000e+00;8.8043012e-02;7.5000000e+00;3.6782168e-02;7.5000000e+00;-8.4682405e-03;7.5000000e+00;-5.3433195e-02;7.5000000e+00;-9.3612365e-02;7.5000000e+00;-1.3935663e-01;7.5000000e+00;-6.0639203e-02;7.5000000e+00;-5.3497389e-02;7.5000000e+00;-2.5220111e-02;7.5000000e+00;2.5768705e-02;7.5000000e+00;9.3097240e-02;7.5000000e+00;1.7182457e-01;7.5000000e+00;2.0818162e-01;7.5000000e+00;2.0629869e-01;7.5000000e+00;1.9850585e-01;7.5000000e+00;2.3092492e-01;7.5000000e+00;1.9438589e-01;7.5000000e+00;1.3943650e-01;7.5000000e+00;8.8043012e-02;7.5000000e+00;3.6782168e-02;7.5000000e+00;-8.4682405e-03;7.5000000e+00;-5.3433195e-02;7.5000000e+00;-9.3612365e-02;7.5000000e+00;-1.3935663e-01;7.5000000e+00;-6.0639203e-02;7.5000000e+00;-5.3497389e-02;7.5000000e+00;-2.5220111e-02;7.5000000e+00;2.5768705e-02;7.5000000e+00;9.3097240e-02;7.5000000e+00;1.7182457e-01;7.5000000e+00;2.0818162e-01;7.5000000e+00;2.0629869e-01;7.5000000e+00;1.9850585e-01;7.5000000e+00;2.3092492e-01;7.5000000e+00;1.9438589e-01;7.5000000e+00;1.3943650e-01;7.5000000e+00;8.8043012e-02;7.5000000e+00;3.6782168e-02;7.5000000e+00;-8.4682405e-03;7.5000000e+00;-5.3433195e-02;7.5000000e+00;-9.3612365e-02;7.5000000e+00;-1.3935663e-01;7.5000000e+00;-6.0639203e-02;7.5000000e+00;-5.3497389e-02;7.5000000e+00;-2.5220111e-02;7.5000000e+00;2.5768705e-02;7.5000000e+00;9.3097240e-02;7.5000000e+00;1.7182457e-01;7.5000000e+00;2.0818162e-01;7.5000000e+00;2.0629869e-01;7.5000000e+00;1.9850585e-01;7.5000000e+00;2.3092492e-01;7.5000000e+00;1.9438589e-01;7.5000000e+00;1.3943650e-01;7.5000000e+00;8.8043012e-02;7.5000000e+00;3.6782168e-02;7.5000000e+00;-8.4682405e-03;7.5000000e+00;-5.3433195e-02;7.5000000e+00;-9.3612365e-02;7.5000000e+00;-1.3935663e-01;7.5000000e+00;-6.0639203e-02;7.5000000e+00;-5.3497389e-02;7.5000000e+00;-2.5220111e-02;7.5000000e+00;2.5768705e-02;7.5000000e+00;9.3097240e-02;7.5000000e+00;1.7182457e-01;7.5000000e+00;2.0818162e-01;7.5000000e+00;2.0629869e-01;7.5000000e+00;1.9850585e-01;7.5000000e+00;2.3092492e-01;7.5000000e+00;1.9438589e-01;7.5000000e+00;1.3943650e-01;7.5000000e+00;8.8043012e-02;7.5000000e+00;3.6782168e-02;7.5000000e+00;-8.4682405e-03;7.5000000e+00;-5.3433195e-02;7.5000000e+00;-9.3612365e-02;7.5000000e+00;-1.3935663e-01;7.5000000e+00;-6.0639203e-02;7.5000000e+00;-5.3497389e-02;7.5000000e+00;-2.5220111e-02;7.5000000e+00;2.5768705e-02;7.5000000e+00;9.3097240e-02;7.5000000e+00;1.7182457e-01;7.5000000e+00;2.0818162e-01;7.5000000e+00;2.0629869e-01;7.5000000e+00;1.9850585e-01;7.5000000e+00;2.3092492e-01;7.5000000e+00;1.9438589e-01;7.5000000e+00;1.3943650e-01;7.5000000e+00;8.8043012e-02;7.5000000e+00;3.6782168e-02;7.5000000e+00;-8.4682405e-03;7.5000000e+00;-5.3433195e-02;7.5000000e+00;-9.3612365e-02;7.5000000e+00;-1.3935663e-01;7.5000000e+00;-6.0639203e-02;7.5000000e+00;-5.3497389e-02;7.5000000e+00;-2.5220111e-02;7.5000000e+00;2.5768705e-02;7.5000000e+00;9.3097240e-02;7.5000000e+00;1.7182457e-01;7.5000000e+00;2.0818162e-01;7.5000000e+00;2.0629869e-01;7.5000000e+00;1.9850585e-01;7.5000000e+00;2.3092492e-01;7.5000000e+00;1.9438589e-01;7.5000000e+00;1.3943650e-01;7.5000000e+00;8.8043012e-02;7.5000000e+00;3.6782168e-02;7.5000000e+00;-8.4682405e-03;7.5000000e+00;-5.3433195e-02;7.5000000e+00;-9.3612365e-02;7.5000000e+00;-1.3935663e-01;7.5000000e+00;-6.0639203e-02;7.5000000e+00;-5.3497389e-02;7.5000000e+00;-2.5220111e-02;7.5000000e+00;2.5768705e-02;7.5000000e+00;9.3097240e-02;7.5000000e+00;1.7182457e-01;7.5000000e+00;2.0818162e-01;7.5000000e+00;2.0629869e-01;7.5000000e+00;1.9850585e-01;7.5000000e+00;2.3092492e-01;7.5000000e+00;1.9438589e-01;7.5000000e+00;1.3943650e-01;7.5000000e+00;8.8043012e-02;7.5000000e+00;3.6782168e-02;7.5000000e+00;-8.4682405e-03;7.5000000e+00;-5.3433195e-02;7.5000000e+00;-9.3612365e-02;7.5000000e+00;-1.3935663e-01;7.5000000e+00;-6.0639203e-02;7.5000000e+00;-5.3497389e-02;7.5000000e+00;-2.5220111e-02;7.5000000e+00;2.5768705e-02;7.5000000e+00;9.3097240e-02;7.5000000e+00;1.7182457e-01;7.5000000e+00;2.0818162e-01;7.5000000e+00;2.0629869e-01;7.5000000e+00;1.9850585e-01;7.5000000e+00;2.3092492e-01;7.5000000e+00;1.9438589e-01;7.5000000e+00;1.3943650e-01;7.5000000e+00;8.8043012e-02;7.5000000e+00;3.6782168e-02;7.5000000e+00;-8.4682405e-03;7.5000000e+00;-5.3433195e-02;7.5000000e+00;-9.3612365e-02;7.5000000e+00;-1.3935663e-01;7.5000000e+00;-6.0639203e-02;7.5000000e+00;-5.3497389e-02;7.5000000e+00;-2.5220111e-02;7.5000000e+00;2.5768705e-02;7.5000000e+00;9.3097240e-02;7.5000000e+00;1.7182457e-01;7.5000000e+00;2.0818162e-01;7.5000000e+00;2.0629869e-01;7.5000000e+00;1.9850585e-01;7.5000000e+00;2.3092492e-01;7.5000000e+00;1.9438589e-01;7.5000000e+00;1.3943650e-01;7.5000000e+00;8.8043012e-02;7.5000000e+00;3.6782168e-02;7.5000000e+00;-8.4682405e-03;7.5000000e+00;-5.3433195e-02;7.5000000e+00;-9.3612365e-02;7.5000000e+00;-1.3935663e-01;7.5000000e+00;-6.0639203e-02;7.5000000e+00;-5.3497389e-02;7.5000000e+00;-2.5220111e-02;7.5000000e+00;2.5768705e-02;7.5000000e+00;9.3097240e-02;7.5000000e+00;1.7182457e-01;7.5000000e+00;2.0818162e-01;7.5000000e+00;2.0629869e-01;7.5000000e+00;1.9850585e-01;7.5000000e+00;2.3092492e-01;7.5000000e+00;1.9438589e-01;7.5000000e+00;1.3943650e-01;7.5000000e+00;8.8043012e-02;7.5000000e+00;3.6782168e-02;7.5000000e+00;-8.4682405e-03;7.5000000e+00;-5.3433195e-02;7.5000000e+00;-9.3612365e-02;7.5000000e+00;-1.3935663e-01;7.5000000e+00;-6.0639203e-02;7.5000000e+00;-5.3497389e-02;7.5000000e+00;-2.5220111e-02;7.5000000e+00;2.5768705e-02;7.5000000e+00;9.3097240e-02;7.5000000e+00;1.7182457e-01;7.5000000e+00;2.0818162e-01;7.5000000e+00;2.0629869e-01;7.5000000e+00;1.9850585e-01;7.5000000e+00;2.3092492e-01;7.5000000e+00;1.9438589e-01;7.5000000e+00;1.3943650e-01;7.5000000e+00;8.8043012e-02;7.5000000e+00;3.6782168e-02;7.5000000e+00;-8.4682405e-03;7.5000000e+00;-5.3433195e-02;7.5000000e+00;-9.3612365e-02;7.5000000e+00;-1.3935663e-01;7.5000000e+00;-6.0639203e-02;7.5000000e+00;-5.3497389e-02;7.5000000e+00;-2.5220111e-02;7.5000000e+00;2.5768705e-02;7.5000000e+00;9.3097240e-02;7.5000000e+00;1.7182457e-01;7.5000000e+00;2.0818162e-01;7.5000000e+00;2.0629869e-01;7.5000000e+00;1.9850585e-01;7.5000000e+00;2.3092492e-01;7.5000000e+00;1.9438589e-01;7.5000000e+00;1.3943650e-01;7.5000000e+00;8.8043012e-02;7.5000000e+00;3.6782168e-02;7.5000000e+00;-8.4682405e-03;7.5000000e+00;-5.3433195e-02;7.5000000e+00;-9.3612365e-02;7.5000000e+00;-1.3935663e-01;7.5000000e+00;-6.0639203e-02;7.5000000e+00;-5.3497389e-02;7.5000000e+00;-2.5220111e-02;7.5000000e+00;2.5768705e-02;7.5000000e+00;9.3097240e-02;7.5000000e+00;1.7182457e-01;7.5000000e+00;2.0818162e-01;7.5000000e+00;2.0629869e-01;7.5000000e+00;1.9850585e-01;7.5000000e+00;2.3092492e-01;7.5000000e+00;1.9438589e-01;7.5000000e+00;1.3943650e-01;7.5000000e+00;8.8043012e-02;7.5000000e+00;3.6782168e-02;7.5000000e+00;-8.4682405e-03;7.5000000e+00;-5.3433195e-02;7.5000000e+00;-9.3612365e-02;7.5000000e+00;-1.3935663e-01;7.5000000e+00;-6.0639203e-02;7.5000000e+00;-5.3497389e-02;7.5000000e+00;-2.5220111e-02;7.5000000e+00;2.5768705e-02;7.5000000e+00;9.3097240e-02;7.5000000e+00;1.7182457e-01;7.5000000e+00;2.0818162e-01;7.5000000e+00;2.0629869e-01;7.5000000e+00;1.9850585e-01;7.5000000e+00;2.3092492e-01;7.5000000e+00;1.9438589e-01;7.5000000e+00;1.3943650e-01;7.5000000e+00;8.8043012e-02;7.5000000e+00;3.6782168e-02;7.5000000e+00;-8.4682405e-03;7.5000000e+00;-5.3433195e-02;7.5000000e+00;-9.3612365e-02;7.5000000e+00;-1.3935663e-01;7.5000000e+00;-6.0639203e-02;7.5000000e+00;-5.3497389e-02;7.5000000e+00;-2.5220111e-02;7.5000000e+00;2.5768705e-02;7.5000000e+00;9.3097240e-02;7.5000000e+00;1.7182457e-01;7.5000000e+00;2.0818162e-01;7.5000000e+00;2.0629869e-01;7.5000000e+00;1.9850585e-01;7.5000000e+00;2.3092492e-01;7.5000000e+00;1.9438589e-01;7.5000000e+00;1.3943650e-01;7.5000000e+00;8.8043012e-02;7.5000000e+00;3.6782168e-02;7.5000000e+00;-8.4682405e-03;7.5000000e+00;-5.3433195e-02;7.5000000e+00;-9.3612365e-02;7.5000000e+00;-1.3935663e-01;7.5000000e+00;-6.0639203e-02;7.5000000e+00;-5.3497389e-02;7.5000000e+00;-2.5220111e-02;7.5000000e+00;2.5768705e-02;7.5000000e+00;9.3097240e-02;7.5000000e+00;1.7182457e-01;7.5000000e+00;2.0818162e-01;7.5000000e+00;2.0629869e-01;7.5000000e+00;1.9850585e-01;7.5000000e+00;2.3092492e-01;7.5000000e+00;1.9438589e-01;7.5000000e+00;1.3943650e-01;7.5000000e+00;8.8043012e-02;7.5000000e+00;3.6782168e-02;7.5000000e+00;-8.4682405e-03;7.5000000e+00;-5.3433195e-02;7.5000000e+00;-9.3612365e-02;7.5000000e+00;-1.3935663e-01;7.5000000e+00;-6.0639203e-02;7.5000000e+00;-5.3497389e-02;7.5000000e+00;-2.5220111e-02;7.5000000e+00;2.5768705e-02;7.5000000e+00;9.3097240e-02;7.5000000e+00;1.7182457e-01;7.5000000e+00;2.0818162e-01;7.5000000e+00;2.0629869e-01;7.5000000e+00;1.9850585e-01;7.5000000e+00;2.3092492e-01;7.5000000e+00;1.9438589e-01;7.5000000e+00;1.3943650e-01;7.5000000e+00;8.8043012e-02;7.5000000e+00;3.6782168e-02;7.5000000e+00;-8.4682405e-03;7.5000000e+00;-5.3433195e-02;7.5000000e+00;-9.3612365e-02;7.5000000e+00;-1.3935663e-01;7.5000000e+00;-6.0639203e-02;7.5000000e+00;-5.3497389e-02;7.5000000e+00;-2.5220111e-02;7.5000000e+00;2.5768705e-02;7.5000000e+00;9.3097240e-02;7.5000000e+00;1.7182457e-01;7.5000000e+00;2.0818162e-01;7.5000000e+00;2.0629869e-01;7.5000000e+00;1.9850585e-01;7.5000000e+00;2.3092492e-01;7.5000000e+00;1.9438589e-01;7.5000000e+00;1.3943650e-01;7.5000000e+00;8.8043012e-02;7.5000000e+00;3.6782168e-02;7.5000000e+00;-8.4682405e-03;7.5000000e+00;-5.3433195e-02;7.5000000e+00;-9.3612365e-02;7.5000000e+00;-1.3935663e-01;7.5000000e+00;-6.0639203e-02;7.5000000e+00;-5.3497389e-02;7.5000000e+00;-2.5220111e-02;7.5000000e+00;2.5768705e-02;7.5000000e+00;9.3097240e-02;7.5000000e+00;1.7182457e-01;7.5000000e+00;2.0818162e-01;7.5000000e+00;2.0629869e-01;7.5000000e+00;1.9850585e-01;7.5000000e+00;2.3092492e-01;7.5000000e+00;1.9438589e-01;7.5000000e+00;1.3943650e-01;7.5000000e+00;8.8043012e-02;7.5000000e+00;3.6782168e-02;7.5000000e+00;-8.4682405e-03;7.5000000e+00;-5.3433195e-02;7.5000000e+00;-9.3612365e-02;7.5000000e+00;-1.3935663e-01;7.5000000e+00;-6.0639203e-02;7.5000000e+00;-5.3497389e-02;7.5000000e+00;-2.5220111e-02;7.5000000e+00;2.5768705e-02;7.5000000e+00;9.3097240e-02;7.5000000e+00;1.7182457e-01;7.5000000e+00;2.0818162e-01;7.5000000e+00;2.0629869e-01;7.5000000e+00;1.9850585e-01;7.5000000e+00;2.3092492e-01;7.5000000e+00;1.9438589e-01;7.5000000e+00;1.3943650e-01;7.5000000e+00;8.8043012e-02;7.5000000e+00;3.6782168e-02;7.5000000e+00;-8.4682405e-03;7.5000000e+00;-5.3433195e-02;7.5000000e+00;-9.3612365e-02;7.5000000e+00;-1.3935663e-01;7.5000000e+00;-6.0639203e-02;7.5000000e+00;-5.3497389e-02;7.5000000e+00;-2.5220111e-02;7.5000000e+00;2.5768705e-02;7.5000000e+00;9.3097240e-02;7.5000000e+00;1.7182457e-01;7.5000000e+00;2.0818162e-01;7.5000000e+00;2.0629869e-01;7.5000000e+00;1.9850585e-01;7.5000000e+00;2.3092492e-01;7.5000000e+00;1.9438589e-01;7.5000000e+00;1.3943650e-01;7.5000000e+00;8.8043012e-02;7.5000000e+00;3.6782168e-02;7.5000000e+00;-8.4682405e-03;7.5000000e+00;-5.3433195e-02;7.5000000e+00;-9.3612365e-02;7.5000000e+00;-1.3935663e-01;7.5000000e+00;-6.0639203e-02;7.5000000e+00;-5.3497389e-02;7.5000000e+00;-2.5220111e-02;7.5000000e+00;2.5768705e-02;7.5000000e+00;9.3097240e-02;7.5000000e+00;1.7182457e-01;7.5000000e+00;2.0818162e-01;7.5000000e+00;2.0629869e-01;7.5000000e+00;1.9850585e-01;7.5000000e+00;2.3092492e-01;7.5000000e+00;1.9438589e-01;7.5000000e+00;1.3943650e-01;7.5000000e+00;8.8043012e-02;7.5000000e+00;3.6782168e-02;7.5000000e+00;-8.4682405e-03;7.5000000e+00;-5.3433195e-02;7.5000000e+00;-9.3612365e-02;7.5000000e+00;-1.3935663e-01;7.5000000e+00;-6.0639203e-02;7.5000000e+00;-5.3497389e-02;7.5000000e+00;-2.5220111e-02;7.5000000e+00;2.5768705e-02;7.5000000e+00;9.3097240e-02;7.5000000e+00;1.7182457e-01;7.5000000e+00;2.0818162e-01;7.5000000e+00;2.0629869e-01;7.5000000e+00;1.9850585e-01;7.5000000e+00;2.3092492e-01;7.5000000e+00;1.9438589e-01;7.5000000e+00;1.3943650e-01;7.5000000e+00;8.8043012e-02;7.5000000e+00;3.6782168e-02;7.5000000e+00;-8.4682405e-03;7.5000000e+00;-5.3433195e-02;7.5000000e+00;-9.3612365e-02;7.5000000e+00;-1.3935663e-01;7.5000000e+00;-6.0639203e-02;7.5000000e+00;-5.3497389e-02;7.5000000e+00;-2.5220111e-02;7.5000000e+00;2.5768705e-02;7.5000000e+00;9.3097240e-02;7.5000000e+00;1.7182457e-01;7.5000000e+00;2.0818162e-01;7.5000000e+00;2.0629869e-01;7.5000000e+00;1.9850585e-01;7.5000000e+00;2.3092492e-01;7.5000000e+00;1.9438589e-01;7.5000000e+00;1.3943650e-01;7.5000000e+00;8.8043012e-02;7.5000000e+00;3.6782168e-02;7.5000000e+00;-8.4682405e-03;7.5000000e+00;-5.3433195e-02;7.5000000e+00;-9.3612365e-02;7.5000000e+00;-1.3935663e-01;7.5000000e+00;-6.0639203e-02;7.5000000e+00;-5.3497389e-02;7.5000000e+00;-2.5220111e-02;7.5000000e+00;2.5768705e-02;7.5000000e+00;9.3097240e-02;7.5000000e+00;1.7182457e-01;7.5000000e+00;2.0818162e-01;7.5000000e+00;2.0629869e-01;7.5000000e+00;1.9850585e-01;7.5000000e+00;2.3092492e-01;7.5000000e+00;1.9438589e-01;7.5000000e+00;1.3943650e-01;7.5000000e+00;8.8043012e-02;7.5000000e+00;3.6782168e-02;7.5000000e+00;-8.4682405e-03;7.5000000e+00;-5.3433195e-02;7.5000000e+00;-9.3612365e-02;7.5000000e+00;-1.3935663e-01;7.5000000e+00;-6.0639203e-02;7.5000000e+00;-5.3497389e-02;7.5000000e+00;-2.5220111e-02;7.5000000e+00;2.5768705e-02;7.5000000e+00;9.3097240e-02;7.5000000e+00;1.7182457e-01;7.5000000e+00;2.0818162e-01;7.5000000e+00;2.0629869e-01;7.5000000e+00;1.9850585e-01;7.5000000e+00;2.3092492e-01;7.5000000e+00;1.9438589e-01;7.5000000e+00;1.3943650e-01;7.5000000e+00;8.8043012e-02;7.5000000e+00;3.6782168e-02;7.5000000e+00;-8.4682405e-03;7.5000000e+00;-5.3433195e-02;7.5000000e+00;-9.3612365e-02;7.5000000e+00;-1.3935663e-01;7.5000000e+00;-6.0639203e-02;7.5000000e+00;-5.3497389e-02;7.5000000e+00;-2.5220111e-02;7.5000000e+00;2.5768705e-02;7.5000000e+00;9.3097240e-02;7.5000000e+00;1.7182457e-01;7.5000000e+00;2.0818162e-01;7.5000000e+00;2.0629869e-01;7.5000000e+00;1.9850585e-01;7.5000000e+00;2.3092492e-01;7.5000000e+00;1.9438589e-01;7.5000000e+00;1.3943650e-01;7.5000000e+00;8.8043012e-02;7.5000000e+00;3.6782168e-02;7.5000000e+00;-8.4682405e-03;7.5000000e+00;-5.3433195e-02;7.5000000e+00;-9.3612365e-02;7.5000000e+00;-1.3935663e-01;7.5000000e+00;-6.0639203e-02;7.5000000e+00;-5.3497389e-02;7.5000000e+00;-2.5220111e-02;7.5000000e+00;2.5768705e-02;7.5000000e+00;9.3097240e-02;7.5000000e+00;1.7182457e-01;7.5000000e+00;2.0818162e-01;7.5000000e+00;2.0629869e-01;7.5000000e+00;1.9850585e-01;7.5000000e+00;2.3092492e-01;7.5000000e+00;1.9438589e-01;7.5000000e+00;1.3943650e-01;7.5000000e+00;8.8043012e-02;7.5000000e+00;3.6782168e-02;7.5000000e+00;-8.4682405e-03;7.5000000e+00;-5.3433195e-02;7.5000000e+00;-9.3612365e-02;7.5000000e+00;-1.3935663e-01;7.5000000e+00;-6.0639203e-02;7.5000000e+00;-5.3497389e-02;7.5000000e+00;-2.5220111e-02;7.5000000e+00;2.5768705e-02;7.5000000e+00;9.3097240e-02;7.5000000e+00;1.7182457e-01;7.5000000e+00;2.0818162e-01;7.5000000e+00;2.0629869e-01;7.5000000e+00;1.9850585e-01;7.5000000e+00;2.3092492e-01;7.5000000e+00;1.9438589e-01;7.5000000e+00;1.3943650e-01;7.5000000e+00;8.8043012e-02;7.5000000e+00;3.6782168e-02;7.5000000e+00;-8.4682405e-03;7.5000000e+00;-5.3433195e-02;7.5000000e+00;-9.3612365e-02;7.5000000e+00;-1.3935663e-01;7.5000000e+00;-6.0639203e-02;7.5000000e+00;-5.3497389e-02;7.5000000e+00;-2.5220111e-02;7.5000000e+00;2.5768705e-02;7.5000000e+00;9.3097240e-02;7.5000000e+00;1.7182457e-01;7.5000000e+00;2.0818162e-01;7.5000000e+00;2.0629869e-01;7.5000000e+00;1.9850585e-01;7.5000000e+00;2.3092492e-01;7.5000000e+00;1.9438589e-01;7.5000000e+00;1.3943650e-01;7.5000000e+00;8.8043012e-02;7.5000000e+00;3.6782168e-02;7.5000000e+00;-8.4682405e-03;7.5000000e+00;-5.3433195e-02;7.5000000e+00;-9.3612365e-02;7.5000000e+00;-1.3935663e-01;7.5000000e+00;-6.0639203e-02;7.5000000e+00;-5.3497389e-02;7.5000000e+00;-2.5220111e-02;7.5000000e+00;2.5768705e-02;7.5000000e+00;9.3097240e-02;7.5000000e+00;1.7182457e-01;7.5000000e+00;2.0818162e-01;7.5000000e+00;2.0629869e-01;7.5000000e+00;1.9850585e-01;7.5000000e+00;2.3092492e-01;7.5000000e+00;1.9438589e-01;7.5000000e+00;1.3943650e-01;7.5000000e+00;8.8043012e-02;7.5000000e+00;3.6782168e-02;7.5000000e+00;-8.4682405e-03;7.5000000e+00;-5.3433195e-02;7.5000000e+00;-9.3612365e-02;7.5000000e+00;-1.3935663e-01;7.5000000e+00;-6.0639203e-02;7.5000000e+00;-5.3497389e-02;7.5000000e+00;-2.5220111e-02;7.5000000e+00;2.5768705e-02;7.5000000e+00;9.3097240e-02;7.5000000e+00;1.7182457e-01;7.5000000e+00;2.0818162e-01;7.5000000e+00;2.0629869e-01;7.5000000e+00;1.9850585e-01;7.5000000e+00;2.3092492e-01;7.5000000e+00;1.9438589e-01;7.5000000e+00;1.3943650e-01;7.5000000e+00;8.8043012e-02;7.5000000e+00;3.6782168e-02;7.5000000e+00;-8.4682405e-03;7.5000000e+00;-5.3433195e-02;7.5000000e+00;-9.3612365e-02;7.5000000e+00;-1.3935663e-01;7.5000000e+00;-6.0639203e-02;7.5000000e+00;-5.3497389e-02;7.5000000e+00;-2.5220111e-02;7.5000000e+00;2.5768705e-02;7.5000000e+00;9.3097240e-02;7.5000000e+00;1.7182457e-01;7.5000000e+00;2.0818162e-01;7.5000000e+00;2.0629869e-01;7.5000000e+00;1.9850585e-01;7.5000000e+00;2.3092492e-01;7.5000000e+00;1.9438589e-01;7.5000000e+00;1.3943650e-01;7.5000000e+00;8.8043012e-02;7.5000000e+00;3.6782168e-02;7.5000000e+00;-8.4682405e-03;7.5000000e+00;-5.3433195e-02;7.5000000e+00;-9.3612365e-02;7.5000000e+00;-1.3935663e-01;7.5000000e+00;-6.0639203e-02;7.5000000e+00;-5.3497389e-02;7.5000000e+00;-2.5220111e-02;7.5000000e+00;2.5768705e-02;7.5000000e+00;9.3097240e-02;7.5000000e+00;1.7182457e-01;7.5000000e+00;2.0818162e-01;7.5000000e+00;2.0629869e-01;7.5000000e+00;1.9850585e-01;7.5000000e+00;2.3092492e-01;7.5000000e+00;1.9438589e-01;7.5000000e+00;1.3943650e-01;7.5000000e+00;8.8043012e-02;7.5000000e+00;3.6782168e-02;7.5000000e+00;-8.4682405e-03;7.5000000e+00;-5.3433195e-02;7.5000000e+00;-9.3612365e-02;7.5000000e+00;-1.3935663e-01;7.5000000e+00;-6.0639203e-02;7.5000000e+00;-5.3497389e-02;7.5000000e+00;-2.5220111e-02;7.5000000e+00;2.5768705e-02;7.5000000e+00;9.3097240e-02;7.5000000e+00;1.7182457e-01;7.5000000e+00;2.0818162e-01;7.5000000e+00;2.0629869e-01;7.5000000e+00;1.9850585e-01;7.5000000e+00;2.3092492e-01;7.5000000e+00;1.9438589e-01;7.5000000e+00;1.3943650e-01;7.5000000e+00;8.8043012e-02;7.5000000e+00;3.6782168e-02;7.5000000e+00;-8.4682405e-03;7.5000000e+00;-5.3433195e-02;7.5000000e+00;-9.3612365e-02;7.5000000e+00;-1.3935663e-01;7.5000000e+00;-6.0639203e-02;7.5000000e+00;-5.3497389e-02;7.5000000e+00;-2.5220111e-02;7.5000000e+00;2.5768705e-02;7.5000000e+00;9.3097240e-02;7.5000000e+00;1.7182457e-01;7.5000000e+00;2.0818162e-01;7.5000000e+00;2.0629869e-01;7.5000000e+00;1.9850585e-01;7.5000000e+00;2.3092492e-01;7.5000000e+00;1.9438589e-01;7.5000000e+00;1.3943650e-01;7.5000000e+00;8.8043012e-02;7.5000000e+00;3.6782168e-02;7.5000000e+00;-8.4682405e-03;7.5000000e+00;-5.3433195e-02;7.5000000e+00;-9.3612365e-02;7.5000000e+00;-1.3935663e-01;7.5000000e+00;-6.0639203e-02;7.5000000e+00;-5.3497389e-02;7.5000000e+00;-2.5220111e-02;7.5000000e+00;2.5768705e-02;7.5000000e+00;9.3097240e-02;7.5000000e+00;1.7182457e-01;7.5000000e+00;2.0818162e-01;7.5000000e+00;2.0629869e-01;7.5000000e+00;1.9850585e-01;7.5000000e+00;2.3092492e-01;7.5000000e+00;1.9438589e-01;7.5000000e+00;1.3943650e-01;7.5000000e+00;8.8043012e-02;7.5000000e+00;3.6782168e-02;7.5000000e+00;-8.4682405e-03;7.5000000e+00;-5.3433195e-02;7.5000000e+00;-9.3612365e-02;7.5000000e+00;-1.3935663e-01;7.5000000e+00;-6.0639203e-02;7.5000000e+00;-5.3497389e-02;7.5000000e+00;-2.5220111e-02;7.5000000e+00;2.5768705e-02;7.5000000e+00;9.3097240e-02;7.5000000e+00;1.7182457e-01;7.5000000e+00;2.0818162e-01;7.5000000e+00;2.0629869e-01;7.5000000e+00;1.9850585e-01;7.5000000e+00;2.3092492e-01;7.5000000e+00;1.9438589e-01;7.5000000e+00;1.3943650e-01;7.5000000e+00;8.8043012e-02;7.5000000e+00;3.6782168e-02;7.5000000e+00;-8.4682405e-03;7.5000000e+00;-5.3433195e-02;7.5000000e+00;-9.3612365e-02;7.5000000e+00;-1.3935663e-01;7.5000000e+00;-6.0639203e-02;7.5000000e+00;-5.3497389e-02;7.5000000e+00;-2.5220111e-02;7.5000000e+00;2.5768705e-02;7.5000000e+00;9.3097240e-02;7.5000000e+00;1.7182457e-01;7.5000000e+00;2.0818162e-01;7.5000000e+00;2.0629869e-01;7.5000000e+00;1.9850585e-01;7.5000000e+00;2.3092492e-01;7.5000000e+00;1.9438589e-01;7.5000000e+00;1.3943650e-01;7.5000000e+00;8.8043012e-02;7.5000000e+00;3.6782168e-02;7.5000000e+00;-8.4682405e-03;7.5000000e+00;-5.3433195e-02;7.5000000e+00;-9.3612365e-02;7.5000000e+00;-1.3935663e-01;7.5000000e+00;-6.0639203e-02;7.5000000e+00;-5.3497389e-02;7.5000000e+00;-2.5220111e-02;7.5000000e+00;2.5768705e-02;7.5000000e+00;9.3097240e-02;7.5000000e+00;1.7182457e-01;7.5000000e+00;2.0818162e-01;7.5000000e+00;2.0629869e-01;7.5000000e+00;1.9850585e-01;7.5000000e+00;2.3092492e-01;7.5000000e+00;1.9438589e-01;7.5000000e+00;1.3943650e-01;7.5000000e+00;8.8043012e-02;7.5000000e+00;3.6782168e-02;7.5000000e+00;-8.4682405e-03;7.5000000e+00;-5.3433195e-02;7.5000000e+00;-9.3612365e-02;7.5000000e+00;-1.3935663e-01;7.5000000e+00;-6.0639203e-02;7.5000000e+00;-5.3497389e-02;7.5000000e+00;-2.5220111e-02;7.5000000e+00;2.5768705e-02;7.5000000e+00;9.3097240e-02;7.5000000e+00;1.7182457e-01;7.5000000e+00;2.0818162e-01;7.5000000e+00;2.0629869e-01;7.5000000e+00;1.9850585e-01;7.5000000e+00;2.3092492e-01;7.5000000e+00;1.9438589e-01;7.5000000e+00;1.3943650e-01;7.5000000e+00;8.8043012e-02;7.5000000e+00;3.6782168e-02;7.5000000e+00;-8.4682405e-03;7.5000000e+00;-5.3433195e-02;7.5000000e+00;-9.3612365e-02;7.5000000e+00;-1.3935663e-01;7.5000000e+00;-6.0639203e-02;7.5000000e+00;-5.3497389e-02;7.5000000e+00;-2.5220111e-02;7.5000000e+00;2.5768705e-02;7.5000000e+00;9.3097240e-02;7.5000000e+00;1.7182457e-01;7.5000000e+00;2.0818162e-01;7.5000000e+00;2.0629869e-01;7.5000000e+00;1.9850585e-01;7.5000000e+00;2.3092492e-01;7.5000000e+00;1.9438589e-01;7.5000000e+00;1.3943650e-01;7.5000000e+00;8.8043012e-02;7.5000000e+00;3.6782168e-02;7.5000000e+00;-8.4682405e-03;7.5000000e+00;-5.3433195e-02;7.5000000e+00;-9.3612365e-02;7.5000000e+00;-1.3935663e-01;7.5000000e+00;-6.0639203e-02;7.5000000e+00;-5.3497389e-02;7.5000000e+00;-2.5220111e-02;7.5000000e+00;2.5768705e-02;7.5000000e+00;9.3097240e-02;7.5000000e+00;1.7182457e-01;7.5000000e+00;2.0818162e-01;7.5000000e+00;2.0629869e-01;7.5000000e+00;1.9850585e-01;7.5000000e+00;2.3092492e-01;7.5000000e+00;1.9438589e-01;7.5000000e+00;1.3943650e-01;7.5000000e+00;8.8043012e-02;7.5000000e+00;3.6782168e-02;7.5000000e+00;-8.4682405e-03;7.5000000e+00;-5.3433195e-02;7.5000000e+00;-9.3612365e-02;7.5000000e+00;-1.3935663e-01;7.5000000e+00;-6.0639203e-02;7.5000000e+00;-5.3497389e-02;7.5000000e+00;-2.5220111e-02;7.5000000e+00;2.5768705e-02;7.5000000e+00;9.3097240e-02;7.5000000e+00;1.7182457e-01;7.5000000e+00;2.0818162e-01;7.5000000e+00;2.0629869e-01;7.5000000e+00;1.9850585e-01;7.5000000e+00;2.3092492e-01;7.5000000e+00;1.9438589e-01;7.5000000e+00;1.3943650e-01;7.5000000e+00;8.8043012e-02;7.5000000e+00;3.6782168e-02;7.5000000e+00;-8.4682405e-03;7.5000000e+00;-5.3433195e-02;7.5000000e+00;-9.3612365e-02;7.5000000e+00;-1.3935663e-01;7.5000000e+00;-6.0639203e-02;7.5000000e+00;-5.3497389e-02;7.5000000e+00;-2.5220111e-02;7.5000000e+00;2.5768705e-02;7.5000000e+00;9.3097240e-02;7.5000000e+00;1.7182457e-01;7.5000000e+00;2.0818162e-01;7.5000000e+00;2.0629869e-01;7.5000000e+00;1.9850585e-01;7.5000000e+00;2.3092492e-01;7.5000000e+00;1.9438589e-01;7.5000000e+00;1.3943650e-01;7.5000000e+00;8.8043012e-02;7.5000000e+00;3.6782168e-02;7.5000000e+00;-8.4682405e-03;7.5000000e+00;-5.3433195e-02;7.5000000e+00;-9.3612365e-02;7.5000000e+00;-1.3935663e-01;7.5000000e+00;-6.0639203e-02;7.5000000e+00;-5.3497389e-02;7.5000000e+00;-2.5220111e-02;7.5000000e+00;2.5768705e-02;7.5000000e+00;9.3097240e-02;7.5000000e+00;1.7182457e-01;7.5000000e+00;2.0818162e-01;7.5000000e+00;2.0629869e-01;7.5000000e+00;1.9850585e-01;7.5000000e+00;2.3092492e-01;7.5000000e+00;1.9438589e-01;7.5000000e+00;1.3943650e-01;7.5000000e+00;8.8043012e-02;7.5000000e+00;3.6782168e-02;7.5000000e+00;-8.4682405e-03;7.5000000e+00;-5.3433195e-02;7.5000000e+00;-9.3612365e-02;7.5000000e+00;-1.3935663e-01;7.5000000e+00;-6.0639203e-02;7.5000000e+00;-5.3497389e-02;7.5000000e+00;-2.5220111e-02;7.5000000e+00;2.5768705e-02;7.5000000e+00;9.3097240e-02;7.5000000e+00;1.7182457e-01;7.5000000e+00;2.0818162e-01;7.5000000e+00;2.0629869e-01;7.5000000e+00;1.9850585e-01;7.5000000e+00;2.3092492e-01;7.5000000e+00;1.9438589e-01;7.5000000e+00;1.3943650e-01;7.5000000e+00;8.8043012e-02;7.5000000e+00;3.6782168e-02;7.5000000e+00;-8.4682405e-03;7.5000000e+00;-5.3433195e-02;7.5000000e+00;-9.3612365e-02;7.5000000e+00;-1.3935663e-01;7.5000000e+00;-6.0639203e-02;7.5000000e+00;-5.3497389e-02;7.5000000e+00;-2.5220111e-02;7.5000000e+00;2.5768705e-02;7.5000000e+00;9.3097240e-02;7.5000000e+00;1.7182457e-01;7.5000000e+00;2.0818162e-01;7.5000000e+00;2.0629869e-01;7.5000000e+00;1.9850585e-01;7.5000000e+00;2.3092492e-01;7.5000000e+00;1.9438589e-01;7.5000000e+00;1.3943650e-01;7.5000000e+00;8.8043012e-02;7.5000000e+00;3.6782168e-02;7.5000000e+00;-8.4682405e-03;7.5000000e+00;-5.3433195e-02;7.5000000e+00;-9.3612365e-02;7.5000000e+00;-1.3935663e-01;7.5000000e+00;-6.0639203e-02;7.5000000e+00;-5.3497389e-02;7.5000000e+00;-2.5220111e-02;7.5000000e+00;2.5768705e-02;7.5000000e+00;9.3097240e-02;7.5000000e+00;1.7182457e-01;7.5000000e+00;2.0818162e-01;7.5000000e+00;2.0629869e-01;7.5000000e+00;1.9850585e-01;7.5000000e+00;2.3092492e-01;7.5000000e+00;1.9438589e-01;7.5000000e+00;1.3943650e-01;7.5000000e+00;8.8043012e-02;7.5000000e+00;3.6782168e-02;7.5000000e+00;-8.4682405e-03;7.5000000e+00;-5.3433195e-02;7.5000000e+00;-9.3612365e-02;7.5000000e+00;-1.3935663e-01;7.5000000e+00;-6.0639203e-02;7.5000000e+00;-5.3497389e-02;7.5000000e+00;-2.5220111e-02;7.5000000e+00;2.5768705e-02;7.5000000e+00;9.3097240e-02;7.5000000e+00;1.7182457e-01;7.5000000e+00;2.0818162e-01;7.5000000e+00;2.0629869e-01;7.5000000e+00;1.9850585e-01;7.5000000e+00;2.3092492e-01;7.5000000e+00;1.9438589e-01;7.5000000e+00;1.3943650e-01;7.5000000e+00;8.8043012e-02;7.5000000e+00;3.6782168e-02;7.5000000e+00;-8.4682405e-03;7.5000000e+00;-5.3433195e-02;7.5000000e+00;-9.3612365e-02;7.5000000e+00;-1.3935663e-01;7.5000000e+00;-6.0639203e-02;7.5000000e+00;-5.3497389e-02;7.5000000e+00;-2.5220111e-02;7.5000000e+00;2.5768705e-02;7.5000000e+00;9.3097240e-02;7.5000000e+00;1.7182457e-01;7.5000000e+00;2.0818162e-01;7.5000000e+00;2.0629869e-01;7.5000000e+00;1.9850585e-01;7.5000000e+00;2.3092492e-01;7.5000000e+00;1.9438589e-01;7.5000000e+00;1.3943650e-01;7.5000000e+00;8.8043012e-02;7.5000000e+00;3.6782168e-02;7.5000000e+00;-8.4682405e-03;7.5000000e+00;-5.3433195e-02;7.5000000e+00;-9.3612365e-02;7.5000000e+00;-1.3935663e-01;7.5000000e+00;-6.0639203e-02;7.5000000e+00;-5.3497389e-02;7.5000000e+00;-2.5220111e-02;7.5000000e+00;2.5768705e-02;7.5000000e+00;9.3097240e-02;7.5000000e+00;1.7182457e-01;7.5000000e+00;2.0818162e-01;7.5000000e+00;2.0629869e-01;7.5000000e+00;1.9850585e-01;7.5000000e+00;2.3092492e-01;7.5000000e+00;1.9438589e-01;7.5000000e+00;1.3943650e-01;7.5000000e+00;8.8043012e-02;7.5000000e+00;3.6782168e-02;7.5000000e+00;-8.4682405e-03;7.5000000e+00;-5.3433195e-02;7.5000000e+00;-9.3612365e-02;7.5000000e+00;-1.3935663e-01;7.5000000e+00;-6.0639203e-02;7.5000000e+00;-5.3497389e-02;7.5000000e+00;-2.5220111e-02;7.5000000e+00;2.5768705e-02;7.5000000e+00;9.3097240e-02;7.5000000e+00;1.7182457e-01;7.5000000e+00;2.0818162e-01;7.5000000e+00;2.0629869e-01;7.5000000e+00;1.9850585e-01;7.5000000e+00;2.3092492e-01;7.5000000e+00;1.9438589e-01;7.5000000e+00;1.3943650e-01;7.5000000e+00;8.8043012e-02;7.5000000e+00;3.6782168e-02;7.5000000e+00;-8.4682405e-03;7.5000000e+00;-5.3433195e-02;7.5000000e+00;-9.3612365e-02;7.5000000e+00;-1.3935663e-01;7.5000000e+00;-6.0639203e-02;7.5000000e+00;-5.3497389e-02;7.5000000e+00;-2.5220111e-02;7.5000000e+00;2.5768705e-02;7.5000000e+00;9.3097240e-02;7.5000000e+00;1.7182457e-01;7.5000000e+00;2.0818162e-01;7.5000000e+00;2.0629869e-01;7.5000000e+00;1.9850585e-01;7.5000000e+00;2.3092492e-01;7.5000000e+00;1.9438589e-01;7.5000000e+00;1.3943650e-01;7.5000000e+00;8.8043012e-02;7.5000000e+00;3.6782168e-02;7.5000000e+00;-8.4682405e-03;7.5000000e+00;-5.3433195e-02;7.5000000e+00;-9.3612365e-02;7.5000000e+00;-1.3935663e-01;7.5000000e+00;-6.0639203e-02;7.5000000e+00;-5.3497389e-02;7.5000000e+00;-2.5220111e-02;7.5000000e+00;2.5768705e-02;7.5000000e+00;9.3097240e-02;7.5000000e+00;1.7182457e-01;7.5000000e+00;2.0818162e-01;7.5000000e+00;2.0629869e-01;7.5000000e+00;1.9850585e-01;7.5000000e+00;2.3092492e-01;7.5000000e+00;1.9438589e-01;7.5000000e+00;1.3943650e-01;7.5000000e+00;8.8043012e-02;7.5000000e+00;3.6782168e-02;7.5000000e+00;-8.4682405e-03;7.5000000e+00;-5.3433195e-02;7.5000000e+00;-9.3612365e-02;7.5000000e+00;-1.3935663e-01;7.5000000e+00;-6.0639203e-02;7.5000000e+00;-5.3497389e-02;7.5000000e+00;-2.5220111e-02;7.5000000e+00;2.5768705e-02;7.5000000e+00;9.3097240e-02;7.5000000e+00;1.7182457e-01;7.5000000e+00;2.0818162e-01;7.5000000e+00;2.0629869e-01;7.5000000e+00;1.9850585e-01;7.5000000e+00;2.3092492e-01;7.5000000e+00;1.9438589e-01;7.5000000e+00;1.3943650e-01;7.5000000e+00;8.8043012e-02;7.5000000e+00;3.6782168e-02;7.5000000e+00;-8.4682405e-03;7.5000000e+00;-5.3433195e-02;7.5000000e+00;-9.3612365e-02;7.5000000e+00;-1.3935663e-01;7.5000000e+00;-6.0639203e-02;7.5000000e+00;-5.3497389e-02;7.5000000e+00;-2.5220111e-02;7.5000000e+00;2.5768705e-02;7.5000000e+00;9.3097240e-02;7.5000000e+00;1.7182457e-01;7.5000000e+00;2.0818162e-01;7.5000000e+00;2.0629869e-01;7.5000000e+00;1.9850585e-01;7.5000000e+00;2.3092492e-01;7.5000000e+00;1.9438589e-01;7.5000000e+00;1.3943650e-01;7.5000000e+00;8.8043012e-02;7.5000000e+00;3.6782168e-02;7.5000000e+00;-8.4682405e-03;7.5000000e+00;-5.3433195e-02;7.5000000e+00;-9.3612365e-02;7.5000000e+00;-1.3935663e-01;7.5000000e+00;-6.0639203e-02;7.5000000e+00;-5.3497389e-02;7.5000000e+00;-2.5220111e-02;7.5000000e+00;2.5768705e-02;7.5000000e+00;9.3097240e-02;7.5000000e+00;1.7182457e-01;7.5000000e+00;2.0818162e-01;7.5000000e+00;2.0629869e-01;7.5000000e+00;1.9850585e-01;7.5000000e+00;2.3092492e-01;7.5000000e+00;1.9438589e-01;7.5000000e+00;1.3943650e-01;7.5000000e+00;8.8043012e-02;7.5000000e+00;3.6782168e-02;7.5000000e+00;-8.4682405e-03;7.5000000e+00;-5.3433195e-02;7.5000000e+00;-9.3612365e-02;7.5000000e+00;-1.3935663e-01;7.5000000e+00;-6.0639203e-02;7.5000000e+00;-5.3497389e-02;7.5000000e+00;-2.5220111e-02;7.5000000e+00;2.5768705e-02;7.5000000e+00;9.3097240e-02;7.5000000e+00;1.7182457e-01;7.5000000e+00;2.0818162e-01;7.5000000e+00;2.0629869e-01;7.5000000e+00;1.9850585e-01;7.5000000e+00;2.3092492e-01;7.5000000e+00;1.9438589e-01;7.5000000e+00;1.3943650e-01;7.5000000e+00;8.8043012e-02;7.5000000e+00;3.6782168e-02;7.5000000e+00;-8.4682405e-03;7.5000000e+00;-5.3433195e-02;7.5000000e+00;-9.3612365e-02;7.5000000e+00;-1.3935663e-01;7.5000000e+00;-6.0639203e-02;7.5000000e+00;-5.3497389e-02;7.5000000e+00;-2.5220111e-02;7.5000000e+00;2.5768705e-02;7.5000000e+00;9.3097240e-02;7.5000000e+00;1.7182457e-01;7.5000000e+00;2.0818162e-01;7.5000000e+00;2.0629869e-01;7.5000000e+00;1.9850585e-01;7.5000000e+00;2.3092492e-01;7.5000000e+00;1.9438589e-01;7.5000000e+00;1.3943650e-01;7.5000000e+00;8.8043012e-02;7.5000000e+00;3.6782168e-02;7.5000000e+00;-8.4682405e-03;7.5000000e+00;-5.3433195e-02;7.5000000e+00;-9.3612365e-02;7.5000000e+00;-1.3935663e-01;7.5000000e+00;-6.0639203e-02;7.5000000e+00;-5.3497389e-02;7.5000000e+00;-2.5220111e-02;7.5000000e+00;2.5768705e-02;7.5000000e+00;9.3097240e-02;7.5000000e+00;1.7182457e-01;7.5000000e+00;2.0818162e-01;7.5000000e+00;2.0629869e-01;7.5000000e+00;1.9850585e-01;7.5000000e+00;2.3092492e-01;7.5000000e+00;1.9438589e-01;7.5000000e+00;1.3943650e-01;7.5000000e+00;8.8043012e-02;7.5000000e+00;3.6782168e-02;7.5000000e+00;-8.4682405e-03;7.5000000e+00;-5.3433195e-02;7.5000000e+00;-9.3612365e-02;7.5000000e+00;-1.3935663e-01;7.5000000e+00;-6.0639203e-02;7.5000000e+00;-5.3497389e-02;7.5000000e+00;-2.5220111e-02;7.5000000e+00;2.5768705e-02;7.5000000e+00;9.3097240e-02;7.5000000e+00;1.7182457e-01;7.5000000e+00;2.0818162e-01;7.5000000e+00;2.0629869e-01;7.5000000e+00;1.9850585e-01;7.5000000e+00;2.3092492e-01;7.5000000e+00;1.9438589e-01;7.5000000e+00;1.3943650e-01;7.5000000e+00;8.8043012e-02;7.5000000e+00;3.6782168e-02;7.5000000e+00;-8.4682405e-03;7.5000000e+00;-5.3433195e-02;7.5000000e+00;-9.3612365e-02;7.5000000e+00;-1.3935663e-01;7.5000000e+00;-6.0639203e-02;7.5000000e+00;-5.3497389e-02;7.5000000e+00;-2.5220111e-02;7.5000000e+00;2.5768705e-02;7.5000000e+00;9.3097240e-02;7.5000000e+00;1.7182457e-01;7.5000000e+00;2.0818162e-01;7.5000000e+00;2.0629869e-01;7.5000000e+00;1.9850585e-01;7.5000000e+00;2.3092492e-01;7.5000000e+00;1.9438589e-01;7.5000000e+00;1.3943650e-01;7.5000000e+00;8.8043012e-02;7.5000000e+00;3.6782168e-02;7.5000000e+00;-8.4682405e-03;7.5000000e+00;-5.3433195e-02;7.5000000e+00;-9.3612365e-02;7.5000000e+00;-1.3935663e-01;7.5000000e+00;-6.0639203e-02;7.5000000e+00;-5.3497389e-02;7.5000000e+00;-2.5220111e-02;7.5000000e+00;2.5768705e-02;7.5000000e+00;9.3097240e-02;7.5000000e+00;1.7182457e-01;7.5000000e+00;2.0818162e-01;7.5000000e+00;2.0629869e-01;7.5000000e+00;1.9850585e-01;7.5000000e+00;2.3092492e-01;7.5000000e+00;1.9438589e-01;7.5000000e+00;1.3943650e-01;7.5000000e+00;8.8043012e-02;7.5000000e+00;3.6782168e-02;7.5000000e+00;-8.4682405e-03;7.5000000e+00;-5.3433195e-02;7.5000000e+00;-9.3612365e-02;7.5000000e+00;-1.3935663e-01;7.5000000e+00;-6.0639203e-02;7.5000000e+00;-5.3497389e-02;7.5000000e+00;-2.5220111e-02;7.5000000e+00;2.5768705e-02;7.5000000e+00;9.3097240e-02;7.5000000e+00;1.7182457e-01;7.5000000e+00;2.0818162e-01;7.5000000e+00;2.0629869e-01;7.5000000e+00;1.9850585e-01;7.5000000e+00;2.3092492e-01;7.5000000e+00;1.9438589e-01;7.5000000e+00;1.3943650e-01;7.5000000e+00;8.8043012e-02;7.5000000e+00;3.6782168e-02;7.5000000e+00;-8.4682405e-03;7.5000000e+00;-5.3433195e-02;7.5000000e+00;-9.3612365e-02;7.5000000e+00;-1.3935663e-01;7.5000000e+00;-6.0639203e-02;7.5000000e+00;-5.3497389e-02;7.5000000e+00;-2.5220111e-02;7.5000000e+00;2.5768705e-02;7.5000000e+00;9.3097240e-02;7.5000000e+00;1.7182457e-01;7.5000000e+00;2.0818162e-01;7.5000000e+00;2.0629869e-01;7.5000000e+00;1.9850585e-01;7.5000000e+00;2.3092492e-01;7.5000000e+00;1.9438589e-01;7.5000000e+00;1.3943650e-01;7.5000000e+00;8.8043012e-02;7.5000000e+00;3.6782168e-02;7.5000000e+00;-8.4682405e-03;7.5000000e+00;-5.3433195e-02;7.5000000e+00;-9.3612365e-02;7.5000000e+00;-1.3935663e-01;7.5000000e+00;-6.0639203e-02;7.5000000e+00;-5.3497389e-02;7.5000000e+00;-2.5220111e-02;7.5000000e+00;2.5768705e-02;7.5000000e+00;9.3097240e-02;7.5000000e+00;1.7182457e-01;7.5000000e+00;2.0818162e-01;7.5000000e+00;2.0629869e-01;7.5000000e+00;1.9850585e-01;7.5000000e+00;2.3092492e-01;7.5000000e+00;1.9438589e-01;7.5000000e+00;1.3943650e-01;7.5000000e+00;8.8043012e-02;7.5000000e+00;3.6782168e-02;7.5000000e+00;-8.4682405e-03;7.5000000e+00;-5.3433195e-02;7.5000000e+00;-9.3612365e-02;7.5000000e+00;-1.3935663e-01;7.5000000e+00;-6.0639203e-02;7.5000000e+00;-5.3497389e-02;7.5000000e+00;-2.5220111e-02;7.5000000e+00;2.5768705e-02;7.5000000e+00;9.3097240e-02;7.5000000e+00;1.7182457e-01;7.5000000e+00;2.0818162e-01;7.5000000e+00;2.0629869e-01;7.5000000e+00;1.9850585e-01;7.5000000e+00;2.3092492e-01;7.5000000e+00;1.9438589e-01;7.5000000e+00;1.3943650e-01;7.5000000e+00;8.8043012e-02;7.5000000e+00;3.6782168e-02;7.5000000e+00;-8.4682405e-03;7.5000000e+00;-5.3433195e-02;7.5000000e+00;-9.3612365e-02;7.5000000e+00;-1.3935663e-01;7.5000000e+00;-6.0639203e-02;7.5000000e+00;-5.3497389e-02;7.5000000e+00;-2.5220111e-02;7.5000000e+00;2.5768705e-02;7.5000000e+00;9.3097240e-02;7.5000000e+00;1.7182457e-01;7.5000000e+00;2.0818162e-01;7.5000000e+00;2.0629869e-01;7.5000000e+00;1.9850585e-01;7.5000000e+00;2.3092492e-01;7.5000000e+00;1.9438589e-01;7.5000000e+00;1.3943650e-01;7.5000000e+00;8.8043012e-02;7.5000000e+00;3.6782168e-02;7.5000000e+00;-8.4682405e-03;7.5000000e+00;-5.3433195e-02;7.5000000e+00;-9.3612365e-02;7.5000000e+00;-1.3935663e-01;7.5000000e+00;-6.0639203e-02;7.5000000e+00;-5.3497389e-02;7.5000000e+00;-2.5220111e-02;7.5000000e+00;2.5768705e-02;7.5000000e+00;9.3097240e-02;7.5000000e+00;1.7182457e-01;7.5000000e+00;2.0818162e-01;7.5000000e+00;2.0629869e-01;7.5000000e+00;1.9850585e-01;7.5000000e+00;2.3092492e-01;7.5000000e+00;1.9438589e-01;7.5000000e+00;1.3943650e-01;7.5000000e+00;8.8043012e-02;7.5000000e+00;3.6782168e-02;7.5000000e+00;-8.4682405e-03;7.5000000e+00;-5.3433195e-02;7.5000000e+00;-9.3612365e-02;7.5000000e+00;-1.3935663e-01;7.5000000e+00;-6.0639203e-02;7.5000000e+00;-5.3497389e-02;7.5000000e+00;-2.5220111e-02;7.5000000e+00;2.5768705e-02;7.5000000e+00;9.3097240e-02;7.5000000e+00;1.7182457e-01;7.5000000e+00;2.0818162e-01;7.5000000e+00;2.0629869e-01;7.5000000e+00;1.9850585e-01;7.5000000e+00;2.3092492e-01;7.5000000e+00;1.9438589e-01;7.5000000e+00;1.3943650e-01;7.5000000e+00;8.8043012e-02;7.5000000e+00;3.6782168e-02;7.5000000e+00;-8.4682405e-03;7.5000000e+00;-5.3433195e-02;7.5000000e+00;-9.3612365e-02;7.5000000e+00;-1.3935663e-01;7.5000000e+00;-6.0639203e-02;7.5000000e+00;-5.3497389e-02;7.5000000e+00;-2.5220111e-02;7.5000000e+00;2.5768705e-02;7.5000000e+00;9.3097240e-02;7.5000000e+00;1.7182457e-01;7.5000000e+00;2.0818162e-01;7.5000000e+00;2.0629869e-01;7.5000000e+00;1.9850585e-01;7.5000000e+00;2.3092492e-01;7.5000000e+00;1.9438589e-01;7.5000000e+00;1.3943650e-01;7.5000000e+00;8.8043012e-02;7.5000000e+00;3.6782168e-02;7.5000000e+00;-8.4682405e-03;7.5000000e+00;-5.3433195e-02;7.5000000e+00;-9.3612365e-02;7.5000000e+00;-1.3935663e-01;7.5000000e+00;-6.0639203e-02;7.5000000e+00;-5.3497389e-02;7.5000000e+00;-2.5220111e-02;7.5000000e+00;2.5768705e-02;7.5000000e+00;9.3097240e-02;7.5000000e+00;1.7182457e-01;7.5000000e+00;2.0818162e-01;7.5000000e+00;2.0629869e-01;7.5000000e+00;1.9850585e-01;7.5000000e+00;2.3092492e-01;7.5000000e+00;1.9438589e-01;7.5000000e+00;1.3943650e-01;7.5000000e+00;8.8043012e-02;7.5000000e+00;3.6782168e-02;7.5000000e+00;-8.4682405e-03;7.5000000e+00;-5.3433195e-02;7.5000000e+00;-9.3612365e-02;7.5000000e+00;-1.3935663e-01;7.5000000e+00;-6.0639203e-02;7.5000000e+00;-5.3497389e-02;7.5000000e+00;-2.5220111e-02;7.5000000e+00;2.5768705e-02;7.5000000e+00;9.3097240e-02;7.5000000e+00;1.7182457e-01;7.5000000e+00;2.0818162e-01;7.5000000e+00;2.0629869e-01;7.5000000e+00;1.9850585e-01;7.5000000e+00;2.3092492e-01;7.5000000e+00;1.9438589e-01;7.5000000e+00;1.3943650e-01;7.5000000e+00;8.8043012e-02;7.5000000e+00;3.6782168e-02;7.5000000e+00;-8.4682405e-03;7.5000000e+00;-5.3433195e-02;7.5000000e+00;-9.3612365e-02;7.5000000e+00;-1.3935663e-01;7.5000000e+00;-6.0639203e-02;7.5000000e+00;-5.3497389e-02;7.5000000e+00;-2.5220111e-02;7.5000000e+00;2.5768705e-02;7.5000000e+00;9.3097240e-02;7.5000000e+00;1.7182457e-01;7.5000000e+00;2.0818162e-01;7.5000000e+00;2.0629869e-01;7.5000000e+00;1.9850585e-01;7.5000000e+00;2.3092492e-01;7.5000000e+00;1.9438589e-01;7.5000000e+00;1.3943650e-01;7.5000000e+00;8.8043012e-02;7.5000000e+00;3.6782168e-02;7.5000000e+00;-8.4682405e-03;7.5000000e+00;-5.3433195e-02;7.5000000e+00;-9.3612365e-02;7.5000000e+00;-1.3935663e-01;7.5000000e+00;-6.0639203e-02;7.5000000e+00;-5.3497389e-02;7.5000000e+00;-2.5220111e-02;7.5000000e+00;2.5768705e-02;7.5000000e+00;9.3097240e-02;7.5000000e+00;1.7182457e-01;7.5000000e+00;2.0818162e-01;7.5000000e+00;2.0629869e-01;7.5000000e+00;1.9850585e-01;7.5000000e+00;2.3092492e-01;7.5000000e+00;1.9438589e-01;7.5000000e+00;1.3943650e-01;7.5000000e+00;8.8043012e-02;7.5000000e+00;3.6782168e-02;7.5000000e+00;-8.4682405e-03;7.5000000e+00;-5.3433195e-02;7.5000000e+00;-9.3612365e-02;7.5000000e+00;-1.3935663e-01;7.5000000e+00;-6.0639203e-02;7.5000000e+00;-5.3497389e-02;7.5000000e+00;-2.5220111e-02;7.5000000e+00;2.5768705e-02;7.5000000e+00;9.3097240e-02;7.5000000e+00;1.7182457e-01;7.5000000e+00;2.0818162e-01;7.5000000e+00;2.0629869e-01;7.5000000e+00;1.9850585e-01;7.5000000e+00;2.3092492e-01;7.5000000e+00;1.9438589e-01;7.5000000e+00;1.3943650e-01;7.5000000e+00;8.8043012e-02;7.5000000e+00;3.6782168e-02;7.5000000e+00;-8.4682405e-03;7.5000000e+00;-5.3433195e-02;7.5000000e+00;-9.3612365e-02;7.5000000e+00;-1.3935663e-01;7.5000000e+00;-6.0639203e-02;7.5000000e+00;-5.3497389e-02;7.5000000e+00;-2.5220111e-02;7.5000000e+00;2.5768705e-02;7.5000000e+00;9.3097240e-02;7.5000000e+00;1.7182457e-01;7.5000000e+00;2.0818162e-01;7.5000000e+00;2.0629869e-01;7.5000000e+00;1.9850585e-01;7.5000000e+00;2.3092492e-01;7.5000000e+00;1.9438589e-01;7.5000000e+00;1.3943650e-01;7.5000000e+00;8.8043012e-02;7.5000000e+00;3.6782168e-02;7.5000000e+00;-8.4682405e-03;7.5000000e+00;-5.3433195e-02;7.5000000e+00;-9.3612365e-02;7.5000000e+00;-1.3935663e-01;7.5000000e+00;-6.0639203e-02;7.5000000e+00;-5.3497389e-02;7.5000000e+00;-2.5220111e-02;7.5000000e+00;2.5768705e-02;7.5000000e+00;9.3097240e-02;7.5000000e+00;1.7182457e-01;7.5000000e+00;2.0818162e-01;7.5000000e+00;2.0629869e-01;7.5000000e+00;1.9850585e-01;7.5000000e+00;2.3092492e-01;7.5000000e+00;1.9438589e-01;7.5000000e+00;1.3943650e-01;7.5000000e+00;8.8043012e-02;7.5000000e+00;3.6782168e-02;7.5000000e+00;-8.4682405e-03;7.5000000e+00;-5.3433195e-02;7.5000000e+00;-9.3612365e-02;7.5000000e+00;-1.3935663e-01;7.5000000e+00;-6.0639203e-02;7.5000000e+00;-5.3497389e-02;7.5000000e+00;-2.5220111e-02;7.5000000e+00;2.5768705e-02;7.5000000e+00;9.3097240e-02;7.5000000e+00;1.7182457e-01;7.5000000e+00;2.0818162e-01;7.5000000e+00;2.0629869e-01;7.5000000e+00;1.9850585e-01;7.5000000e+00;2.3092492e-01;7.5000000e+00;1.9438589e-01;7.5000000e+00;1.3943650e-01;7.5000000e+00;8.8043012e-02;7.5000000e+00;3.6782168e-02;7.5000000e+00;-8.4682405e-03;7.5000000e+00;-5.3433195e-02;7.5000000e+00;-9.3612365e-02;7.5000000e+00;-1.3935663e-01;7.5000000e+00;-6.0639203e-02;7.5000000e+00;-5.3497389e-02;7.5000000e+00;-2.5220111e-02;7.5000000e+00;2.5768705e-02;7.5000000e+00;9.3097240e-02;7.5000000e+00;1.7182457e-01;7.5000000e+00;2.0818162e-01;7.5000000e+00;2.0629869e-01;7.5000000e+00;1.9850585e-01;7.5000000e+00;2.3092492e-01;7.5000000e+00;1.9438589e-01;7.5000000e+00;1.3943650e-01;7.5000000e+00;8.8043012e-02;7.5000000e+00;3.6782168e-02;7.5000000e+00;-8.4682405e-03;7.5000000e+00;-5.3433195e-02;7.5000000e+00;-9.3612365e-02;7.5000000e+00;-1.3935663e-01;7.5000000e+00;-6.0639203e-02;7.5000000e+00;-5.3497389e-02;7.5000000e+00;-2.5220111e-02;7.5000000e+00;2.5768705e-02;7.5000000e+00;9.3097240e-02;7.5000000e+00;1.7182457e-01;7.5000000e+00;2.0818162e-01;7.5000000e+00;2.0629869e-01;7.5000000e+00;1.9850585e-01;7.5000000e+00;2.3092492e-01;7.5000000e+00;1.9438589e-01;7.5000000e+00;1.3943650e-01;7.5000000e+00;8.8043012e-02;7.5000000e+00;3.6782168e-02;7.5000000e+00;-8.4682405e-03;7.5000000e+00;-5.3433195e-02;7.5000000e+00;-9.3612365e-02;7.5000000e+00;-1.3935663e-01;7.5000000e+00;-6.0639203e-02;7.5000000e+00;-5.3497389e-02;7.5000000e+00;-2.5220111e-02;7.5000000e+00;2.5768705e-02;7.5000000e+00;9.3097240e-02;7.5000000e+00;1.7182457e-01;7.5000000e+00;2.0818162e-01;7.5000000e+00;2.0629869e-01;7.5000000e+00;1.9850585e-01;7.5000000e+00;2.3092492e-01;7.5000000e+00;1.9438589e-01;7.5000000e+00;1.3943650e-01;7.5000000e+00;8.8043012e-02;7.5000000e+00;3.6782168e-02;7.5000000e+00;-8.4682405e-03;7.5000000e+00;-5.3433195e-02;7.5000000e+00;-9.3612365e-02;7.5000000e+00;-1.3935663e-01;7.5000000e+00;-6.0639203e-02;7.5000000e+00;-5.3497389e-02;7.5000000e+00;-2.5220111e-02;7.5000000e+00;2.5768705e-02;7.5000000e+00;9.3097240e-02;7.5000000e+00;1.7182457e-01;7.5000000e+00;2.0818162e-01;7.5000000e+00;2.0629869e-01;7.5000000e+00;1.9850585e-01;7.5000000e+00;2.3092492e-01;7.5000000e+00;1.9438589e-01;7.5000000e+00;1.3943650e-01;7.5000000e+00;8.8043012e-02;7.5000000e+00;3.6782168e-02;7.5000000e+00;-8.4682405e-03;7.5000000e+00;-5.3433195e-02;7.5000000e+00;-9.3612365e-02;7.5000000e+00;-1.3935663e-01;7.5000000e+00;-6.0639203e-02;7.5000000e+00;-5.3497389e-02;7.5000000e+00;-2.5220111e-02;7.5000000e+00;2.5768705e-02;7.5000000e+00;9.3097240e-02;7.5000000e+00;1.7182457e-01;7.5000000e+00;2.0818162e-01;7.5000000e+00;2.0629869e-01;7.5000000e+00;1.9850585e-01;7.5000000e+00;2.3092492e-01;7.5000000e+00;1.9438589e-01;7.5000000e+00;1.3943650e-01;7.5000000e+00;8.8043012e-02;7.5000000e+00;3.6782168e-02;7.5000000e+00;-8.4682405e-03;7.5000000e+00;-5.3433195e-02;7.5000000e+00;-9.3612365e-02;7.5000000e+00;-1.3935663e-01;7.5000000e+00;-6.0639203e-02;7.5000000e+00;-5.3497389e-02;7.5000000e+00;-2.5220111e-02;7.5000000e+00;2.5768705e-02;7.5000000e+00;9.3097240e-02;7.5000000e+00;1.7182457e-01;7.5000000e+00;2.0818162e-01;7.5000000e+00;2.0629869e-01;7.5000000e+00;1.9850585e-01;7.5000000e+00;2.3092492e-01;7.5000000e+00;1.9438589e-01;7.5000000e+00;1.3943650e-01;7.5000000e+00;8.8043012e-02;7.5000000e+00;3.6782168e-02;7.5000000e+00;-8.4682405e-03;7.5000000e+00;-5.3433195e-02;7.5000000e+00;-9.3612365e-02;7.5000000e+00;-1.3935663e-01;7.5000000e+00;-6.0639203e-02;7.5000000e+00;-5.3497389e-02;7.5000000e+00;-2.5220111e-02;7.5000000e+00;2.5768705e-02;7.5000000e+00;9.3097240e-02;7.5000000e+00;1.7182457e-01;7.5000000e+00;2.0818162e-01;7.5000000e+00;2.0629869e-01;7.5000000e+00;1.9850585e-01;7.5000000e+00;2.3092492e-01;7.5000000e+00;1.9438589e-01;7.5000000e+00;1.3943650e-01;7.5000000e+00;8.8043012e-02;7.5000000e+00;3.6782168e-02;7.5000000e+00;-8.4682405e-03;7.5000000e+00;-5.3433195e-02;7.5000000e+00;-9.3612365e-02;7.5000000e+00;-1.3935663e-01;7.5000000e+00;-6.0639203e-02;7.5000000e+00;-5.3497389e-02;7.5000000e+00;-2.5220111e-02;7.5000000e+00;2.5768705e-02;7.5000000e+00;9.3097240e-02;7.5000000e+00;1.7182457e-01;7.5000000e+00;2.0818162e-01;7.5000000e+00;2.0629869e-01;7.5000000e+00;1.9850585e-01;7.5000000e+00;2.3092492e-01;7.5000000e+00;1.9438589e-01;7.5000000e+00;1.3943650e-01;7.5000000e+00;8.8043012e-02;7.5000000e+00;3.6782168e-02;7.5000000e+00;-8.4682405e-03;7.5000000e+00;-5.3433195e-02;7.5000000e+00;-9.3612365e-02;7.5000000e+00;-1.3935663e-01;7.5000000e+00;-6.0639203e-02;7.5000000e+00;-5.3497389e-02;7.5000000e+00;-2.5220111e-02;7.5000000e+00;2.5768705e-02;7.5000000e+00;9.3097240e-02;7.5000000e+00;1.7182457e-01;7.5000000e+00;2.0818162e-01;7.5000000e+00;2.0629869e-01;7.5000000e+00;1.9850585e-01;7.5000000e+00;2.3092492e-01;7.5000000e+00;1.9438589e-01;7.5000000e+00;1.3943650e-01;7.5000000e+00;8.8043012e-02;7.5000000e+00;3.6782168e-02;7.5000000e+00;-8.4682405e-03;7.5000000e+00;-5.3433195e-02;7.5000000e+00;-9.3612365e-02;7.5000000e+00;-1.3935663e-01;7.5000000e+00;-6.0639203e-02;7.5000000e+00;-5.3497389e-02;7.5000000e+00;-2.5220111e-02;7.5000000e+00;2.5768705e-02;7.5000000e+00;9.3097240e-02;7.5000000e+00;1.7182457e-01;7.5000000e+00;2.0818162e-01;7.5000000e+00;2.0629869e-01;7.5000000e+00;1.9850585e-01;7.5000000e+00;2.3092492e-01;7.5000000e+00;1.9438589e-01;7.5000000e+00;1.3943650e-01;7.5000000e+00;8.8043012e-02;7.5000000e+00;3.6782168e-02;7.5000000e+00;-8.4682405e-03;7.5000000e+00;-5.3433195e-02;7.5000000e+00;-9.3612365e-02;7.5000000e+00;-1.3935663e-01;7.5000000e+00;-6.0639203e-02;7.5000000e+00;-5.3497389e-02;7.5000000e+00;-2.5220111e-02;7.5000000e+00;2.5768705e-02;7.5000000e+00;9.3097240e-02;7.5000000e+00;1.7182457e-01;7.5000000e+00;2.0818162e-01;7.5000000e+00;2.0629869e-01;7.5000000e+00;1.9850585e-01;7.5000000e+00;2.3092492e-01;7.5000000e+00;1.9438589e-01;7.5000000e+00;1.3943650e-01;7.5000000e+00;8.8043012e-02;7.5000000e+00;3.6782168e-02;7.5000000e+00;-8.4682405e-03;7.5000000e+00;-5.3433195e-02;7.5000000e+00;-9.3612365e-02;7.5000000e+00;-1.3935663e-01;7.5000000e+00;-6.0639203e-02;7.5000000e+00;-5.3497389e-02;7.5000000e+00;-2.5220111e-02;7.5000000e+00;2.5768705e-02;7.5000000e+00;9.3097240e-02;7.5000000e+00;1.7182457e-01;7.5000000e+00;2.0818162e-01;7.5000000e+00;2.0629869e-01;7.5000000e+00;1.9850585e-01;7.5000000e+00;2.3092492e-01;7.5000000e+00;1.9438589e-01;7.5000000e+00;1.3943650e-01;7.5000000e+00;8.8043012e-02;7.5000000e+00;3.6782168e-02;7.5000000e+00;-8.4682405e-03;7.5000000e+00;-5.3433195e-02;7.5000000e+00;-9.3612365e-02;7.5000000e+00;-1.3935663e-01;7.5000000e+00;-6.0639203e-02;7.5000000e+00;-5.3497389e-02;7.5000000e+00;-2.5220111e-02;7.5000000e+00;2.5768705e-02;7.5000000e+00;9.3097240e-02;7.5000000e+00;1.7182457e-01;7.5000000e+00;2.0818162e-01;7.5000000e+00;2.0629869e-01;7.5000000e+00;1.9850585e-01;7.5000000e+00;2.3092492e-01;7.5000000e+00;1.9438589e-01;7.5000000e+00;1.3943650e-01;7.5000000e+00;8.8043012e-02;7.5000000e+00;3.6782168e-02;7.5000000e+00;-8.4682405e-03;7.5000000e+00;-5.3433195e-02;7.5000000e+00;-9.3612365e-02;7.5000000e+00;-1.3935663e-01;7.5000000e+00;-6.0639203e-02;7.5000000e+00;-5.3497389e-02;7.5000000e+00;-2.5220111e-02;7.5000000e+00;2.5768705e-02;7.5000000e+00;9.3097240e-02;7.5000000e+00;1.7182457e-01;7.5000000e+00;2.0818162e-01;7.5000000e+00;2.0629869e-01;7.5000000e+00;1.9850585e-01;7.5000000e+00;2.3092492e-01;7.5000000e+00;1.9438589e-01;7.5000000e+00;1.3943650e-01;7.5000000e+00;8.8043012e-02;7.5000000e+00;3.6782168e-02;7.5000000e+00;-8.4682405e-03;7.5000000e+00;-5.3433195e-02;7.5000000e+00;-9.3612365e-02;7.5000000e+00;-1.3935663e-01;7.5000000e+00;-6.0639203e-02;7.5000000e+00;-5.3497389e-02;7.5000000e+00;-2.5220111e-02;7.5000000e+00;2.5768705e-02;7.5000000e+00;9.3097240e-02;7.5000000e+00;1.7182457e-01;7.5000000e+00;2.0818162e-01;7.5000000e+00;2.0629869e-01;7.5000000e+00;1.9850585e-01;7.5000000e+00;2.3092492e-01;7.5000000e+00;1.9438589e-01;7.5000000e+00;1.3943650e-01;7.5000000e+00;8.8043012e-02;7.5000000e+00;3.6782168e-02;7.5000000e+00;-8.4682405e-03;7.5000000e+00;-5.3433195e-02;7.5000000e+00;-9.3612365e-02;7.5000000e+00;-1.3935663e-01;7.5000000e+00;-6.0639203e-02;7.5000000e+00;-5.3497389e-02;7.5000000e+00;-2.5220111e-02;7.5000000e+00;2.5768705e-02;7.5000000e+00;9.3097240e-02;7.5000000e+00;1.7182457e-01;7.5000000e+00;2.0818162e-01;7.5000000e+00;2.0629869e-01;7.5000000e+00;1.9850585e-01;7.5000000e+00;2.3092492e-01;7.5000000e+00;1.9438589e-01;7.5000000e+00;1.3943650e-01;7.5000000e+00;8.8043012e-02;7.5000000e+00;3.6782168e-02;7.5000000e+00;-8.4682405e-03;7.5000000e+00;-5.3433195e-02;7.5000000e+00;-9.3612365e-02;7.5000000e+00;-1.3935663e-01;7.5000000e+00;-6.0639203e-02;7.5000000e+00;-5.3497389e-02;7.5000000e+00;-2.5220111e-02;7.5000000e+00;2.5768705e-02;7.5000000e+00;9.3097240e-02;7.5000000e+00;1.7182457e-01;7.5000000e+00;2.0818162e-01;7.5000000e+00;2.0629869e-01;7.5000000e+00;1.9850585e-01;7.5000000e+00;2.3092492e-01;7.5000000e+00;1.9438589e-01;7.5000000e+00;1.3943650e-01;7.5000000e+00;8.8043012e-02;7.5000000e+00;3.6782168e-02;7.5000000e+00;-8.4682405e-03;7.5000000e+00;-5.3433195e-02;7.5000000e+00;-9.3612365e-02;7.5000000e+00;-1.3935663e-01;7.5000000e+00;-6.0639203e-02;7.5000000e+00;-5.3497389e-02;7.5000000e+00;-2.5220111e-02;7.5000000e+00;2.5768705e-02;7.5000000e+00;9.3097240e-02;7.5000000e+00;1.7182457e-01;7.5000000e+00;2.0818162e-01;7.5000000e+00;2.0629869e-01;7.5000000e+00;1.9850585e-01;7.5000000e+00;2.3092492e-01;7.5000000e+00;1.9438589e-01;7.5000000e+00;1.3943650e-01;7.5000000e+00;8.8043012e-02;7.5000000e+00;3.6782168e-02;7.5000000e+00;-8.4682405e-03;7.5000000e+00;-5.3433195e-02;7.5000000e+00;-9.3612365e-02;7.5000000e+00;-1.3935663e-01;7.5000000e+00;-6.0639203e-02;7.5000000e+00;-5.3497389e-02;7.5000000e+00;-2.5220111e-02;7.5000000e+00;2.5768705e-02;7.5000000e+00;9.3097240e-02;7.5000000e+00;1.7182457e-01;7.5000000e+00;2.0818162e-01;7.5000000e+00;2.0629869e-01;7.5000000e+00;1.9850585e-01;7.5000000e+00;2.3092492e-01;7.5000000e+00;1.9438589e-01;7.5000000e+00;1.3943650e-01;7.5000000e+00;8.8043012e-02;7.5000000e+00;3.6782168e-02;7.5000000e+00;-8.4682405e-03;7.5000000e+00;-5.3433195e-02;7.5000000e+00;-9.3612365e-02;7.5000000e+00;-1.3935663e-01;7.5000000e+00;-6.0639203e-02;7.5000000e+00;-5.3497389e-02;7.5000000e+00;-2.5220111e-02;7.5000000e+00;2.5768705e-02;7.5000000e+00;9.3097240e-02;7.5000000e+00;1.7182457e-01;7.5000000e+00;2.0818162e-01;7.5000000e+00;2.0629869e-01;7.5000000e+00;1.9850585e-01;7.5000000e+00;2.3092492e-01;7.5000000e+00;1.9438589e-01;7.5000000e+00;1.3943650e-01;7.5000000e+00;8.8043012e-02;7.5000000e+00;3.6782168e-02;7.5000000e+00;-8.4682405e-03;7.5000000e+00;-5.3433195e-02;7.5000000e+00;-9.3612365e-02;7.5000000e+00;-1.3935663e-01;7.5000000e+00;-6.0639203e-02;7.5000000e+00;-5.3497389e-02;7.5000000e+00;-2.5220111e-02;7.5000000e+00;2.5768705e-02;7.5000000e+00;9.3097240e-02;7.5000000e+00;1.7182457e-01;7.5000000e+00;2.0818162e-01;7.5000000e+00;2.0629869e-01;7.5000000e+00;1.9850585e-01;7.5000000e+00;2.3092492e-01;7.5000000e+00;1.9438589e-01;7.5000000e+00;1.3943650e-01;7.5000000e+00;8.8043012e-02;7.5000000e+00;3.6782168e-02;7.5000000e+00;-8.4682405e-03;7.5000000e+00;-5.3433195e-02;7.5000000e+00;-9.3612365e-02;7.5000000e+00;-1.3935663e-01;7.5000000e+00;-6.0639203e-02;7.5000000e+00;-5.3497389e-02;7.5000000e+00;-2.5220111e-02;7.5000000e+00;2.5768705e-02;7.5000000e+00;9.3097240e-02;7.5000000e+00;1.7182457e-01;7.5000000e+00;2.0818162e-01;7.5000000e+00;2.0629869e-01;7.5000000e+00;1.9850585e-01;7.5000000e+00;2.3092492e-01;7.5000000e+00;1.9438589e-01;7.5000000e+00;1.3943650e-01;7.5000000e+00;8.8043012e-02;7.5000000e+00;3.6782168e-02;7.5000000e+00;-8.4682405e-03;7.5000000e+00;-5.3433195e-02;7.5000000e+00;-9.3612365e-02;7.5000000e+00;-1.3935663e-01;7.5000000e+00;-6.0639203e-02;7.5000000e+00;-5.3497389e-02;7.5000000e+00;-2.5220111e-02;7.5000000e+00;2.5768705e-02;7.5000000e+00;9.3097240e-02;7.5000000e+00;1.7182457e-01;7.5000000e+00;2.0818162e-01;7.5000000e+00;2.0629869e-01;7.5000000e+00;1.9850585e-01;7.5000000e+00;2.3092492e-01;7.5000000e+00;1.9438589e-01;7.5000000e+00;1.3943650e-01;7.5000000e+00;8.8043012e-02;7.5000000e+00;3.6782168e-02;7.5000000e+00;-8.4682405e-03;7.5000000e+00;-5.3433195e-02;7.5000000e+00;-9.3612365e-02;7.5000000e+00;-1.3935663e-01;7.5000000e+00;-6.0639203e-02;7.5000000e+00;-5.3497389e-02;7.5000000e+00;-2.5220111e-02;7.5000000e+00;2.5768705e-02;7.5000000e+00;9.3097240e-02;7.5000000e+00;1.7182457e-01;7.5000000e+00;2.0818162e-01;7.5000000e+00;2.0629869e-01;7.5000000e+00;1.9850585e-01;7.5000000e+00;2.3092492e-01;7.5000000e+00;1.9438589e-01;7.5000000e+00;1.3943650e-01;7.5000000e+00;8.8043012e-02;7.5000000e+00;3.6782168e-02;7.5000000e+00;-8.4682405e-03;7.5000000e+00;-5.3433195e-02;7.5000000e+00;-9.3612365e-02;7.5000000e+00;-1.3935663e-01;7.5000000e+00;-6.0639203e-02;7.5000000e+00;-5.3497389e-02;7.5000000e+00;-2.5220111e-02;7.5000000e+00;2.5768705e-02;7.5000000e+00;9.3097240e-02;7.5000000e+00;1.7182457e-01;7.5000000e+00;2.0818162e-01;7.5000000e+00;2.0629869e-01;7.5000000e+00;1.9850585e-01;7.5000000e+00;2.3092492e-01;7.5000000e+00;1.9438589e-01;7.5000000e+00;1.3943650e-01;7.5000000e+00;8.8043012e-02;7.5000000e+00;3.6782168e-02;7.5000000e+00;-8.4682405e-03;7.5000000e+00;-5.3433195e-02;7.5000000e+00;-9.3612365e-02;7.5000000e+00;-1.3935663e-01;7.5000000e+00;-6.0639203e-02;7.5000000e+00;-5.3497389e-02;7.5000000e+00;-2.5220111e-02;7.5000000e+00;2.5768705e-02;7.5000000e+00;9.3097240e-02;7.5000000e+00;1.7182457e-01;7.5000000e+00;2.0818162e-01;7.5000000e+00;2.0629869e-01;7.5000000e+00;1.9850585e-01;7.5000000e+00;2.3092492e-01;7.5000000e+00;1.9438589e-01;7.5000000e+00;1.3943650e-01;7.5000000e+00;8.8043012e-02;7.5000000e+00;3.6782168e-02;7.5000000e+00;-8.4682405e-03;7.5000000e+00;-5.3433195e-02;7.5000000e+00;-9.3612365e-02;7.5000000e+00;-1.3935663e-01;7.5000000e+00;-6.0639203e-02;7.5000000e+00;-5.3497389e-02;7.5000000e+00;-2.5220111e-02;7.5000000e+00;2.5768705e-02;7.5000000e+00;9.3097240e-02;7.5000000e+00;1.7182457e-01;7.5000000e+00;2.0818162e-01;7.5000000e+00;2.0629869e-01;7.5000000e+00;1.9850585e-01;7.5000000e+00;2.3092492e-01;7.5000000e+00;1.9438589e-01;7.5000000e+00;1.3943650e-01;7.5000000e+00;8.8043012e-02;7.5000000e+00;3.6782168e-02;7.5000000e+00;-8.4682405e-03;7.5000000e+00;-5.3433195e-02;7.5000000e+00;-9.3612365e-02;7.5000000e+00;-1.3935663e-01;7.5000000e+00;-6.0639203e-02;7.5000000e+00;-5.3497389e-02;7.5000000e+00;-2.5220111e-02;7.5000000e+00;2.5768705e-02;7.5000000e+00;9.3097240e-02;7.5000000e+00;1.7182457e-01;7.5000000e+00;2.0818162e-01;7.5000000e+00;2.0629869e-01;7.5000000e+00;1.9850585e-01;7.5000000e+00;2.3092492e-01;7.5000000e+00;1.9438589e-01;7.5000000e+00;1.3943650e-01;7.5000000e+00;8.8043012e-02;7.5000000e+00;3.6782168e-02;7.5000000e+00;-8.4682405e-03;7.5000000e+00;-5.3433195e-02;7.5000000e+00;-9.3612365e-02;7.5000000e+00;-1.3935663e-01;7.5000000e+00;-6.0639203e-02;7.5000000e+00;-5.3497389e-02;7.5000000e+00;-2.5220111e-02;7.5000000e+00;2.5768705e-02;7.5000000e+00;9.3097240e-02;7.5000000e+00;1.7182457e-01;7.5000000e+00;2.0818162e-01;7.5000000e+00;2.0629869e-01;7.5000000e+00;1.9850585e-01;7.5000000e+00;2.3092492e-01;7.5000000e+00;1.9438589e-01;7.5000000e+00;1.3943650e-01;7.5000000e+00;8.8043012e-02;7.5000000e+00;3.6782168e-02;7.5000000e+00;-8.4682405e-03;7.5000000e+00;-5.3433195e-02;7.5000000e+00;-9.3612365e-02;7.5000000e+00;-1.3935663e-01;7.5000000e+00;-6.0639203e-02;7.5000000e+00;-5.3497389e-02;7.5000000e+00;-2.5220111e-02;7.5000000e+00;2.5768705e-02;7.5000000e+00;9.3097240e-02;7.5000000e+00;1.7182457e-01;7.5000000e+00;2.0818162e-01;7.5000000e+00;2.0629869e-01;7.5000000e+00;1.9850585e-01;7.5000000e+00;2.3092492e-01;7.5000000e+00;1.9438589e-01;7.5000000e+00;1.3943650e-01;7.5000000e+00;8.8043012e-02;7.5000000e+00;3.6782168e-02;7.5000000e+00;-8.4682405e-03;7.5000000e+00;-5.3433195e-02;7.5000000e+00;-9.3612365e-02;7.5000000e+00;-1.3935663e-01;7.5000000e+00;-6.0639203e-02;7.5000000e+00;-5.3497389e-02;7.5000000e+00;-2.5220111e-02;7.5000000e+00;2.5768705e-02;7.5000000e+00;9.3097240e-02;7.5000000e+00;1.7182457e-01;7.5000000e+00;2.0818162e-01;7.5000000e+00;2.0629869e-01;7.5000000e+00;1.9850585e-01;7.5000000e+00;2.3092492e-01;7.5000000e+00;1.9438589e-01;7.5000000e+00;1.3943650e-01;7.5000000e+00;8.8043012e-02;7.5000000e+00;3.6782168e-02;7.5000000e+00;-8.4682405e-03;7.5000000e+00;-5.3433195e-02;7.5000000e+00;-9.3612365e-02;7.5000000e+00;-1.3935663e-01;7.5000000e+00;-6.0639203e-02;7.5000000e+00;-5.3497389e-02;7.5000000e+00;-2.5220111e-02;7.5000000e+00;2.5768705e-02;7.5000000e+00;9.3097240e-02;7.5000000e+00;1.7182457e-01;7.5000000e+00;2.0818162e-01;7.5000000e+00;2.0629869e-01;7.5000000e+00;1.9850585e-01;7.5000000e+00;2.3092492e-01;7.5000000e+00;1.9438589e-01;7.5000000e+00;1.3943650e-01;7.5000000e+00;8.8043012e-02;7.5000000e+00;3.6782168e-02;7.5000000e+00;-8.4682405e-03;7.5000000e+00;-5.3433195e-02;7.5000000e+00;-9.3612365e-02;7.5000000e+00;-1.3935663e-01;7.5000000e+00;-6.0639203e-02;7.5000000e+00;-5.3497389e-02;7.5000000e+00;-2.5220111e-02;7.5000000e+00;2.5768705e-02;7.5000000e+00;9.3097240e-02;7.5000000e+00;1.7182457e-01;7.5000000e+00;2.0818162e-01;7.5000000e+00;2.0629869e-01;7.5000000e+00;1.9850585e-01;7.5000000e+00;2.3092492e-01;7.5000000e+00;1.9438589e-01;7.5000000e+00;1.3943650e-01;7.5000000e+00;8.8043012e-02;7.5000000e+00;3.6782168e-02;7.5000000e+00;-8.4682405e-03;7.5000000e+00;-5.3433195e-02;7.5000000e+00;-9.3612365e-02;7.5000000e+00;-1.3935663e-01;7.5000000e+00;-6.0639203e-02;7.5000000e+00;-5.3497389e-02;7.5000000e+00;-2.5220111e-02;7.5000000e+00;2.5768705e-02;7.5000000e+00;9.3097240e-02;7.5000000e+00;1.7182457e-01;7.5000000e+00;2.0818162e-01;7.5000000e+00;2.0629869e-01;7.5000000e+00;1.9850585e-01;7.5000000e+00;2.3092492e-01;7.5000000e+00;1.9438589e-01;7.5000000e+00;1.3943650e-01;7.5000000e+00;8.8043012e-02;7.5000000e+00;3.6782168e-02;7.5000000e+00;-8.4682405e-03;7.5000000e+00;-5.3433195e-02;7.5000000e+00;-9.3612365e-02;7.5000000e+00;-1.3935663e-01
1.2500000e+01;-6.8082318e-02;1.2500000e+01;-5.4236241e-02;1.2500000e+01;-1.6168736e-02;1.2500000e+01;4.0662162e-02;1.2500000e+01;1.1266061e-01;1.2500000e+01;1.8864220e-01;1.2500000e+01;2.2060084e-01;1.2500000e+01;2.0952760e-01;1.2500000e+01;1.9564246e-01;1.2500000e+01;2.3184910e-01;1.2500000e+01;1.9668281e-01;1.2500000e+01;1.4446826e-01;1.2500000e+01;8.9762539e-02;1.2500000e+01;4.3867446e-02;1.2500000e+01;-4.2091906e-03;1.2500000e+01;-4.5332417e-02;1.2500000e+01;-8.8572085e-02;1.2500000e+01;-1.3286453e-01;1.2500000e+01;-6.8082318e-02;1.2500000e+01;-5.4236241e-02;1.2500000e+01;-1.6168736e-02;1.2500000e+01;4.0662162e-02;1.2500000e+01;1.1266061e-01;1.2500000e+01;1.8864220e-01;1.2500000e+01;2.2060084e-01;1.2500000e+01;2.0952760e-01;1.2500000e+01;1.9564246e-01;1.2500000e+01;2.3184910e-01;1.2500000e+01;1.9668281e-01;1.2500000e+01;1.4446826e-01;1.2500000e+01;8.9762539e-02;1.2500000e+01;4.3867446e-02;1.2500000e+01;-4.2091906e-03;1.2500000e+01;-4.5332417e-02;1.2500000e+01;-8.8572085e-02;1.2500000e+01;-1.3286453e-01;1.2500000e+01;-6.8082318e-02;1.2500000e+01;-5.4236241e-02;1.2500000e+01;-1.6168736e-02;1.2500000e+01;4.0662162e-02;1.2500000e+01;1.1266061e-01;1.2500000e+01;1.8864220e-01;1.2500000e+01;2.2060084e-01;1.2500000e+01;2.0952760e-01;1.2500000e+01;1.9564246e-01;1.2500000e+01;2.3184910e-01;1.2500000e+01;1.9668281e-01;1.2500000e+01;1.4446826e-01;1.2500000e+01;8.9762539e-02;1.2500000e+01;4.3867446e-02;1.2500000e+01;-4.2091906e-03;1.2500000e+01;-4.5332417e-02;1.2500000e+01;-8.8572085e-02;1.2500000e+01;-1.3286453e-01;1.2500000e+01;-6.8082318e-02;1.2500000e+01;-5.4236241e-02;1.2500000e+01;-1.6168736e-02;1.2500000e+01;4.0662162e-02;1.2500000e+01;1.1266061e-01;1.2500000e+01;1.8864220e-01;1.2500000e+01;2.2060084e-01;1.2500000e+01;2.0952760e-01;1.2500000e+01;1.9564246e-01;1.2500000e+01;2.3184910e-01;1.2500000e+01;1.9668281e-01;1.2500000e+01;1.4446826e-01;1.2500000e+01;8.9762539e-02;1.2500000e+01;4.3867446e-02;1.2500000e+01;-4.2091906e-03;1.2500000e+01;-4.5332417e-02;1.2500000e+01;-8.8572085e-02;1.2500000e+01;-1.3286453e-01;1.2500000e+01;-6.8082318e-02;1.2500000e+01;-5.4236241e-02;1.2500000e+01;-1.6168736e-02;1.2500000e+01;4.0662162e-02;1.2500000e+01;1.1266061e-01;1.2500000e+01;1.8864220e-01;1.2500000e+01;2.2060084e-01;1.2500000e+01;2.0952760e-01;1.2500000e+01;1.9564246e-01;1.2500000e+01;2.3184910e-01;1.2500000e+01;1.9668281e-01;1.2500000e+01;1.4446826e-01;1.2500000e+01;8.9762539e-02;1.2500000e+01;4.3867446e-02;1.2500000e+01;-4.2091906e-03;1.2500000e+01;-4.5332417e-02;1.2500000e+01;-8.8572085e-02;1.2500000e+01;-1.3286453e-01;1.2500000e+01;-6.8082318e-02;1.2500000e+01;-5.4236241e-02;1.2500000e+01;-1.6168736e-02;1.2500000e+01;4.0662162e-02;1.2500000e+01;1.1266061e-01;1.2500000e+01;1.8864220e-01;1.2500000e+01;2.2060084e-01;1.2500000e+01;2.0952760e-01;1.2500000e+01;1.9564246e-01;1.2500000e+01;2.3184910e-01;1.2500000e+01;1.9668281e-01;1.2500000e+01;1.4446826e-01;1.2500000e+01;8.9762539e-02;1.2500000e+01;4.3867446e-02;1.2500000e+01;-4.2091906e-03;1.2500000e+01;-4.5332417e-02;1.2500000e+01;-8.8572085e-02;1.2500000e+01;-1.3286453e-01;1.2500000e+01;-6.8082318e-02;1.2500000e+01;-5.4236241e-02;1.2500000e+01;-1.6168736e-02;1.2500000e+01;4.0662162e-02;1.2500000e+01;1.1266061e-01;1.2500000e+01;1.8864220e-01;1.2500000e+01;2.2060084e-01;1.2500000e+01;2.0952760e-01;1.2500000e+01;1.9564246e-01;1.2500000e+01;2.3184910e-01;1.2500000e+01;1.9668281e-01;1.2500000e+01;1.4446826e-01;1.2500000e+01;8.9762539e-02;1.2500000e+01;4.3867446e-02;1.2500000e+01;-4.2091906e-03;1.2500000e+01;-4.5332417e-02;1.2500000e+01;-8.8572085e-02;1.2500000e+01;-1.3286453e-01;1.2500000e+01;-6.8082318e-02;1.2500000e+01;-5.4236241e-02;1.2500000e+01;-1.6168736e-02;1.2500000e+01;4.0662162e-02;1.2500000e+01;1.1266061e-01;1.2500000e+01;1.8864220e-01;1.2500000e+01;2.2060084e-01;1.2500000e+01;2.0952760e-01;1.2500000e+01;1.9564246e-01;1.2500000e+01;2.3184910e-01;1.2500000e+01;1.9668281e-01;1.2500000e+01;1.4446826e-01;1.2500000e+01;8.9762539e-02;1.2500000e+01;4.3867446e-02;1.2500000e+01;-4.2091906e-03;1.2500000e+01;-4.5332417e-02;1.2500000e+01;-8.8572085e-02;1.2500000e+01;-1.3286453e-01;1.2500000e+01;-6.8082318e-02;1.2500000e+01;-5.4236241e-02;1.2500000e+01;-1.6168736e-02;1.2500000e+01;4.0662162e-02;1.2500000e+01;1.1266061e-01;1.2500000e+01;1.8864220e-01;1.2500000e+01;2.2060084e-01;1.2500000e+01;2.0952760e-01;1.2500000e+01;1.9564246e-01;1.2500000e+01;2.3184910e-01;1.2500000e+01;1.9668281e-01;1.2500000e+01;1.4446826e-01;1.2500000e+01;8.9762539e-02;1.2500000e+01;4.3867446e-02;1.2500000e+01;-4.2091906e-03;1.2500000e+01;-4.5332417e-02;1.2500000e+01;-8.8572085e-02;1.2500000e+01;-1.3286453e-01;1.2500000e+01;-6.8082318e-02;1.2500000e+01;-5.4236241e-02;1.2500000e+01;-1.6168736e-02;1.2500000e+01;4.0662162e-02;1.2500000e+01;1.1266061e-01;1.2500000e+01;1.8864220e-01;1.2500000e+01;2.2060084e-01;1.2500000e+01;2.0952760e-01;1.2500000e+01;1.9564246e-01;1.2500000e+01;2.3184910e-01;1.2500000e+01;1.9668281e-01;1.2500000e+01;1.4446826e-01;1.2500000e+01;8.9762539e-02;1.2500000e+01;4.3867446e-02;1.2500000e+01;-4.2091906e-03;1.2500000e+01;-4.5332417e-02;1.2500000e+01;-8.8572085e-02;1.2500000e+01;-1.3286453e-01;1.2500000e+01;-6.8082318e-02;1.2500000e+01;-5.4236241e-02;1.2500000e+01;-1.6168736e-02;1.2500000e+01;4.0662162e-02;1.2500000e+01;1.1266061e-01;1.2500000e+01;1.8864220e-01;1.2500000e+01;2.2060084e-01;1.2500000e+01;2.0952760e-01;1.2500000e+01;1.9564246e-01;1.2500000e+01;2.3184910e-01;1.2500000e+01;1.9668281e-01;1.2500000e+01;1.4446826e-01;1.2500000e+01;8.9762539e-02;1.2500000e+01;4.3867446e-02;1.2500000e+01;-4.2091906e-03;1.2500000e+01;-4.5332417e-02;1.2500000e+01;-8.8572085e-02;1.2500000e+01;-1.3286453e-01;1.2500000e+01;-6.8082318e-02;1.2500000e+01;-5.4236241e-02;1.2500000e+01;-1.6168736e-02;1.2500000e+01;4.0662162e-02;1.2500000e+01;1.1266061e-01;1.2500000e+01;1.8864220e-01;1.2500000e+01;2.2060084e-01;1.2500000e+01;2.0952760e-01;1.2500000e+01;1.9564246e-01;1.2500000e+01;2.3184910e-01;1.2500000e+01;1.9668281e-01;1.2500000e+01;1.4446826e-01;1.2500000e+01;8.9762539e-02;1.2500000e+01;4.3867446e-02;1.2500000e+01;-4.2091906e-03;1.2500000e+01;-4.5332417e-02;1.2500000e+01;-8.8572085e-02;1.2500000e+01;-1.3286453e-01;1.2500000e+01;-6.8082318e-02;1.2500000e+01;-5.4236241e-02;1.2500000e+01;-1.6168736e-02;1.2500000e+01;4.0662162e-02;1.2500000e+01;1.1266061e-01;1.2500000e+01;1.8864220e-01;1.2500000e+01;2.2060084e-01;1.2500000e+01;2.0952760e-01;1.2500000e+01;1.9564246e-01;1.2500000e+01;2.3184910e-01;1.2500000e+01;1.9668281e-01;1.2500000e+01;1.4446826e-01;1.2500000e+01;8.9762539e-02;1.2500000e+01;4.3867446e-02;1.2500000e+01;-4.2091906e-03;1.2500000e+01;-4.5332417e-02;1.2500000e+01;-8.8572085e-02;1.2500000e+01;-1.3286453e-01;1.2500000e+01;-6.8082318e-02;1.2500000e+01;-5.4236241e-02;1.2500000e+01;-1.6168736e-02;1.2500000e+01;4.0662162e-02;1.2500000e+01;1.1266061e-01;1.2500000e+01;1.8864220e-01;1.2500000e+01;2.2060084e-01;1.2500000e+01;2.0952760e-01;1.2500000e+01;1.9564246e-01;1.2500000e+01;2.3184910e-01;1.2500000e+01;1.9668281e-01;1.2500000e+01;1.4446826e-01;1.2500000e+01;8.9762539e-02;1.2500000e+01;4.3867446e-02;1.2500000e+01;-4.2091906e-03;1.2500000e+01;-4.5332417e-02;1.2500000e+01;-8.8572085e-02;1.2500000e+01;-1.3286453e-01;1.2500000e+01;-6.8082318e-02;1.2500000e+01;-5.4236241e-02;1.2500000e+01;-1.6168736e-02;1.2500000e+01;4.0662162e-02;1.2500000e+01;1.1266061e-01;1.2500000e+01;1.8864220e-01;1.2500000e+01;2.2060084e-01;1.2500000e+01;2.0952760e-01;1.2500000e+01;1.9564246e-01;1.2500000e+01;2.3184910e-01;1.2500000e+01;1.9668281e-01;1.2500000e+01;1.4446826e-01;1.2500000e+01;8.9762539e-02;1.2500000e+01;4.3867446e-02;1.2500000e+01;-4.2091906e-03;1.2500000e+01;-4.5332417e-02;1.2500000e+01;-8.8572085e-02;1.2500000e+01;-1.3286453e-01;1.2500000e+01;-6.8082318e-02;1.2500000e+01;-5.4236241e-02;1.2500000e+01;-1.6168736e-02;1.2500000e+01;4.0662162e-02;1.2500000e+01;1.1266061e-01;1.2500000e+01;1.8864220e-01;1.2500000e+01;2.2060084e-01;1.2500000e+01;2.0952760e-01;1.2500000e+01;1.9564246e-01;1.2500000e+01;2.3184910e-01;1.2500000e+01;1.9668281e-01;1.2500000e+01;1.4446826e-01;1.2500000e+01;8.9762539e-02;1.2500000e+01;4.3867446e-02;1.2500000e+01;-4.2091906e-03;1.2500000e+01;-4.5332417e-02;1.2500000e+01;-8.8572085e-02;1.2500000e+01;-1.3286453e-01;1.2500000e+01;-6.8082318e-02;1.2500000e+01;-5.4236241e-02;1.2500000e+01;-1.6168736e-02;1.2500000e+01;4.0662162e-02;1.2500000e+01;1.1266061e-01;1.2500000e+01;1.8864220e-01;1.2500000e+01;2.2060084e-01;1.2500000e+01;2.0952760e-01;1.2500000e+01;1.9564246e-01;1.2500000e+01;2.3184910e-01;1.2500000e+01;1.9668281e-01;1.2500000e+01;1.4446826e-01;1.2500000e+01;8.9762539e-02;1.2500000e+01;4.3867446e-02;1.2500000e+01;-4.2091906e-03;1.2500000e+01;-4.5332417e-02;1.2500000e+01;-8.8572085e-02;1.2500000e+01;-1.3286453e-01;1.2500000e+01;-6.8082318e-02;1.2500000e+01;-5.4236241e-02;1.2500000e+01;-1.6168736e-02;1.2500000e+01;4.0662162e-02;1.2500000e+01;1.1266061e-01;1.2500000e+01;1.8864220e-01;1.2500000e+01;2.2060084e-01;1.2500000e+01;2.0952760e-01;1.2500000e+01;1.9564246e-01;1.2500000e+01;2.3184910e-01;1.2500000e+01;1.9668281e-01;1.2500000e+01;1.4446826e-01;1.2500000e+01;8.9762539e-02;1.2500000e+01;4.3867446e-02;1.2500000e+01;-4.2091906e-03;1.2500000e+01;-4.5332417e-02;1.2500000e+01;-8.8572085e-02;1.2500000e+01;-1.3286453e-01;1.2500000e+01;-6.8082318e-02;1.2500000e+01;-5.4236241e-02;1.2500000e+01;-1.6168736e-02;1.2500000e+01;4.0662162e-02;1.2500000e+01;1.1266061e-01;1.2500000e+01;1.8864220e-01;1.2500000e+01;2.2060084e-01;1.2500000e+01;2.0952760e-01;1.2500000e+01;1.9564246e-01;1.2500000e+01;2.3184910e-01;1.2500000e+01;1.9668281e-01;1.2500000e+01;1.4446826e-01;1.2500000e+01;8.9762539e-02;1.2500000e+01;4.3867446e-02;1.2500000e+01;-4.2091906e-03;1.2500000e+01;-4.5332417e-02;1.2500000e+01;-8.8572085e-02;1.2500000e+01;-1.3286453e-01;1.2500000e+01;-6.8082318e-02;1.2500000e+01;-5.4236241e-02;1.2500000e+01;-1.6168736e-02;1.2500000e+01;4.0662162e-02;1.2500000e+01;1.1266061e-01;1.2500000e+01;1.8864220e-01;1.2500000e+01;2.2060084e-01;1.2500000e+01;2.0952760e-01;1.2500000e+01;1.9564246e-01;1.2500000e+01;2.3184910e-01;1.2500000e+01;1.9668281e-01;1.2500000e+01;1.4446826e-01;1.2500000e+01;8.9762539e-02;1.2500000e+01;4.3867446e-02;1.2500000e+01;-4.2091906e-03;1.2500000e+01;-4.5332417e-02;1.2500000e+01;-8.8572085e-02;1.2500000e+01;-1.3286453e-01;1.2500000e+01;-6.8082318e-02;1.2500000e+01;-5.4236241e-02;1.2500000e+01;-1.6168736e-02;1.2500000e+01;4.0662162e-02;1.2500000e+01;1.1266061e-01;1.2500000e+01;1.8864220e-01;1.2500000e+01;2.2060084e-01;1.2500000e+01;2.0952760e-01;1.2500000e+01;1.9564246e-01;1.2500000e+01;2.3184910e-01;1.2500000e+01;1.9668281e-01;1.2500000e+01;1.4446826e-01;1.2500000e+01;8.9762539e-02;1.2500000e+01;4.3867446e-02;1.2500000e+01;-4.2091906e-03;1.2500000e+01;-4.5332417e-02;1.2500000e+01;-8.8572085e-02;1.2500000e+01;-1.3286453e-01;1.2500000e+01;-6.8082318e-02;1.2500000e+01;-5.4236241e-02;1.2500000e+01;-1.6168736e-02;1.2500000e+01;4.0662162e-02;1.2500000e+01;1.1266061e-01;1.2500000e+01;1.8864220e-01;1.2500000e+01;2.2060084e-01;1.2500000e+01;2.0952760e-01;1.2500000e+01;1.9564246e-01;1.2500000e+01;2.3184910e-01;1.2500000e+01;1.9668281e-01;1.2500000e+01;1.4446826e-01;1.2500000e+01;8.9762539e-02;1.2500000e+01;4.3867446e-02;1.2500000e+01;-4.2091906e-03;1.2500000e+01;-4.5332417e-02;1.2500000e+01;-8.8572085e-02;1.2500000e+01;-1.3286453e-01;1.2500000e+01;-6.8082318e-02;1.2500000e+01;-5.4236241e-02;1.2500000e+01;-1.6168736e-02;1.2500000e+01;4.0662162e-02;1.2500000e+01;1.1266061e-01;1.2500000e+01;1.8864220e-01;1.2500000e+01;2.2060084e-01;1.2500000e+01;2.0952760e-01;1.2500000e+01;1.9564246e-01;1.2500000e+01;2.3184910e-01;1.2500000e+01;1.9668281e-01;1.2500000e+01;1.4446826e-01;1.2500000e+01;8.9762539e-02;1.2500000e+01;4.3867446e-02;1.2500000e+01;-4.2091906e-03;1.2500000e+01;-4.5332417e-02;1.2500000e+01;-8.8572085e-02;1.2500000e+01;-1.3286453e-01;1.2500000e+01;-6.8082318e-02;1.2500000e+01;-5.4236241e-02;1.2500000e+01;-1.6168736e-02;1.2500000e+01;4.0662162e-02;1.2500000e+01;1.1266061e-01;1.2500000e+01;1.8864220e-01;1.2500000e+01;2.2060084e-01;1.2500000e+01;2.0952760e-01;1.2500000e+01;1.9564246e-01;1.2500000e+01;2.3184910e-01;1.2500000e+01;1.9668281e-01;1.2500000e+01;1.4446826e-01;1.2500000e+01;8.9762539e-02;1.2500000e+01;4.3867446e-02;1.2500000e+01;-4.2091906e-03;1.2500000e+01;-4.5332417e-02;1.2500000e+01;-8.8572085e-02;1.2500000e+01;-1.3286453e-01;1.2500000e+01;-6.8082318e-02;1.2500000e+01;-5.4236241e-02;1.2500000e+01;-1.6168736e-02;1.2500000e+01;4.0662162e-02;1.2500000e+01;1.1266061e-01;1.2500000e+01;1.8864220e-01;1.2500000e+01;2.2060084e-01;1.2500000e+01;2.0952760e-01;1.2500000e+01;1.9564246e-01;1.2500000e+01;2.3184910e-01;1.2500000e+01;1.9668281e-01;1.2500000e+01;1.4446826e-01;1.2500000e+01;8.9762539e-02;1.2500000e+01;4.3867446e-02;1.2500000e+01;-4.2091906e-03;1.2500000e+01;-4.5332417e-02;1.2500000e+01;-8.8572085e-02;1.2500000e+01;-1.3286453e-01;1.2500000e+01;-6.8082318e-02;1.2500000e+01;-5.4236241e-02;1.2500000e+01;-1.6168736e-02;1.2500000e+01;4.0662162e-02;1.2500000e+01;1.1266061e-01;1.2500000e+01;1.8864220e-01;1.2500000e+01;2.2060084e-01;1.2500000e+01;2.0952760e-01;1.2500000e+01;1.9564246e-01;1.2500000e+01;2.3184910e-01;1.2500000e+01;1.9668281e-01;1.2500000e+01;1.4446826e-01;1.2500000e+01;8.9762539e-02;1.2500000e+01;4.3867446e-02;1.2500000e+01;-4.2091906e-03;1.2500000e+01;-4.5332417e-02;1.2500000e+01;-8.8572085e-02;1.2500000e+01;-1.3286453e-01;1.2500000e+01;-6.8082318e-02;1.2500000e+01;-5.4236241e-02;1.2500000e+01;-1.6168736e-02;1.2500000e+01;4.0662162e-02;1.2500000e+01;1.1266061e-01;1.2500000e+01;1.8864220e-01;1.2500000e+01;2.2060084e-01;1.2500000e+01;2.0952760e-01;1.2500000e+01;1.9564246e-01;1.2500000e+01;2.3184910e-01;1.2500000e+01;1.9668281e-01;1.2500000e+01;1.4446826e-01;1.2500000e+01;8.9762539e-02;1.2500000e+01;4.3867446e-02;1.2500000e+01;-4.2091906e-03;1.2500000e+01;-4.5332417e-02;1.2500000e+01;-8.8572085e-02;1.2500000e+01;-1.3286453e-01;1.2500000e+01;-6.8082318e-02;1.2500000e+01;-5.4236241e-02;1.2500000e+01;-1.6168736e-02;1.2500000e+01;4.0662162e-02;1.2500000e+01;1.1266061e-01;1.2500000e+01;1.8864220e-01;1.2500000e+01;2.2060084e-01;1.2500000e+01;2.0952760e-01;1.2500000e+01;1.9564246e-01;1.2500000e+01;2.3184910e-01;1.2500000e+01;1.9668281e-01;1.2500000e+01;1.4446826e-01;1.2500000e+01;8.9762539e-02;1.2500000e+01;4.3867446e-02;1.2500000e+01;-4.2091906e-03;1.2500000e+01;-4.5332417e-02;1.2500000e+01;-8.8572085e-02;1.2500000e+01;-1.3286453e-01;1.2500000e+01;-6.8082318e-02;1.2500000e+01;-5.4236241e-02;1.2500000e+01;-1.6168736e-02;1.2500000e+01;4.0662162e-02;1.2500000e+01;1.1266061e-01;1.2500000e+01;1.8864220e-01;1.2500000e+01;2.2060084e-01;1.2500000e+01;2.0952760e-01;1.2500000e+01;1.9564246e-01;1.2500000e+01;2.3184910e-01;1.2500000e+01;1.9668281e-01;1.2500000e+01;1.4446826e-01;1.2500000e+01;8.9762539e-02;1.2500000e+01;4.3867446e-02;1.2500000e+01;-4.2091906e-03;1.2500000e+01;-4.5332417e-02;1.2500000e+01;-8.8572085e-02;1.2500000e+01;-1.3286453e-01;1.2500000e+01;-6.8082318e-02;1.2500000e+01;-5.4236241e-02;1.2500000e+01;-1.6168736e-02;1.2500000e+01;4.0662162e-02;1.2500000e+01;1.1266061e-01;1.2500000e+01;1.8864220e-01;1.2500000e+01;2.2060084e-01;1.2500000e+01;2.0952760e-01;1.2500000e+01;1.9564246e-01;1.2500000e+01;2.3184910e-01;1.2500000e+01;1.9668281e-01;1.2500000e+01;1.4446826e-01;1.2500000e+01;8.9762539e-02;1.2500000e+01;4.3867446e-02;1.2500000e+01;-4.2091906e-03;1.2500000e+01;-4.5332417e-02;1.2500000e+01;-8.8572085e-02;1.2500000e+01;-1.3286453e-01;1.2500000e+01;-6.8082318e-02;1.2500000e+01;-5.4236241e-02;1.2500000e+01;-1.6168736e-02;1.2500000e+01;4.0662162e-02;1.2500000e+01;1.1266061e-01;1.2500000e+01;1.8864220e-01;1.2500000e+01;2.2060084e-01;1.2500000e+01;2.0952760e-01;1.2500000e+01;1.9564246e-01;1.2500000e+01;2.3184910e-01;1.2500000e+01;1.9668281e-01;1.2500000e+01;1.4446826e-01;1.2500000e+01;8.9762539e-02;1.2500000e+01;4.3867446e-02;1.2500000e+01;-4.2091906e-03;1.2500000e+01;-4.5332417e-02;1.2500000e+01;-8.8572085e-02;1.2500000e+01;-1.3286453e-01;1.2500000e+01;-6.8082318e-02;1.2500000e+01;-5.4236241e-02;1.2500000e+01;-1.6168736e-02;1.2500000e+01;4.0662162e-02;1.2500000e+01;1.1266061e-01;1.2500000e+01;1.8864220e-01;1.2500000e+01;2.2060084e-01;1.2500000e+01;2.0952760e-01;1.2500000e+01;1.9564246e-01;1.2500000e+01;2.3184910e-01;1.2500000e+01;1.9668281e-01;1.2500000e+01;1.4446826e-01;1.2500000e+01;8.9762539e-02;1.2500000e+01;4.3867446e-02;1.2500000e+01;-4.2091906e-03;1.2500000e+01;-4.5332417e-02;1.2500000e+01;-8.8572085e-02;1.2500000e+01;-1.3286453e-01;1.2500000e+01;-6.8082318e-02;1.2500000e+01;-5.4236241e-02;1.2500000e+01;-1.6168736e-02;1.2500000e+01;4.0662162e-02;1.2500000e+01;1.1266061e-01;1.2500000e+01;1.8864220e-01;1.2500000e+01;2.2060084e-01;1.2500000e+01;2.0952760e-01;1.2500000e+01;1.9564246e-01;1.2500000e+01;2.3184910e-01;1.2500000e+01;1.9668281e-01;1.2500000e+01;1.4446826e-01;1.2500000e+01;8.9762539e-02;1.2500000e+01;4.3867446e-02;1.2500000e+01;-4.2091906e-03;1.2500000e+01;-4.5332417e-02;1.2500000e+01;-8.8572085e-02;1.2500000e+01;-1.3286453e-01;1.2500000e+01;-6.8082318e-02;1.2500000e+01;-5.4236241e-02;1.2500000e+01;-1.6168736e-02;1.2500000e+01;4.0662162e-02;1.2500000e+01;1.1266061e-01;1.2500000e+01;1.8864220e-01;1.2500000e+01;2.2060084e-01;1.2500000e+01;2.0952760e-01;1.2500000e+01;1.9564246e-01;1.2500000e+01;2.3184910e-01;1.2500000e+01;1.9668281e-01;1.2500000e+01;1.4446826e-01;1.2500000e+01;8.9762539e-02;1.2500000e+01;4.3867446e-02;1.2500000e+01;-4.2091906e-03;1.2500000e+01;-4.5332417e-02;1.2500000e+01;-8.8572085e-02;1.2500000e+01;-1.3286453e-01;1.2500000e+01;-6.8082318e-02;1.2500000e+01;-5.4236241e-02;1.2500000e+01;-1.6168736e-02;1.2500000e+01;4.0662162e-02;1.2500000e+01;1.1266061e-01;1.2500000e+01;1.8864220e-01;1.2500000e+01;2.2060084e-01;1.2500000e+01;2.0952760e-01;1.2500000e+01;1.9564246e-01;1.2500000e+01;2.3184910e-01;1.2500000e+01;1.9668281e-01;1.2500000e+01;1.4446826e-01;1.2500000e+01;8.9762539e-02;1.2500000e+01;4.3867446e-02;1.2500000e+01;-4.2091906e-03;1.2500000e+01;-4.5332417e-02;1.2500000e+01;-8.8572085e-02;1.2500000e+01;-1.3286453e-01;1.2500000e+01;-6.8082318e-02;1.2500000e+01;-5.4236241e-02;1.2500000e+01;-1.6168736e-02;1.2500000e+01;4.0662162e-02;1.2500000e+01;1.1266061e-01;1.2500000e+01;1.8864220e-01;1.2500000e+01;2.2060084e-01;1.2500000e+01;2.0952760e-01;1.2500000e+01;1.9564246e-01;1.2500000e+01;2.3184910e-01;1.2500000e+01;1.9668281e-01;1.2500000e+01;1.4446826e-01;1.2500000e+01;8.9762539e-02;1.2500000e+01;4.3867446e-02;1.2500000e+01;-4.2091906e-03;1.2500000e+01;-4.5332417e-02;1.2500000e+01;-8.8572085e-02;1.2500000e+01;-1.3286453e-01;1.2500000e+01;-6.8082318e-02;1.2500000e+01;-5.4236241e-02;1.2500000e+01;-1.6168736e-02;1.2500000e+01;4.0662162e-02;1.2500000e+01;1.1266061e-01;1.2500000e+01;1.8864220e-01;1.2500000e+01;2.2060084e-01;1.2500000e+01;2.0952760e-01;1.2500000e+01;1.9564246e-01;1.2500000e+01;2.3184910e-01;1.2500000e+01;1.9668281e-01;1.2500000e+01;1.4446826e-01;1.2500000e+01;8.9762539e-02;1.2500000e+01;4.3867446e-02;1.2500000e+01;-4.2091906e-03;1.2500000e+01;-4.5332417e-02;1.2500000e+01;-8.8572085e-02;1.2500000e+01;-1.3286453e-01;1.2500000e+01;-6.8082318e-02;1.2500000e+01;-5.4236241e-02;1.2500000e+01;-1.6168736e-02;1.2500000e+01;4.0662162e-02;1.2500000e+01;1.1266061e-01;1.2500000e+01;1.8864220e-01;1.2500000e+01;2.2060084e-01;1.2500000e+01;2.0952760e-01;1.2500000e+01;1.9564246e-01;1.2500000e+01;2.3184910e-01;1.2500000e+01;1.9668281e-01;1.2500000e+01;1.4446826e-01;1.2500000e+01;8.9762539e-02;1.2500000e+01;4.3867446e-02;1.2500000e+01;-4.2091906e-03;1.2500000e+01;-4.5332417e-02;1.2500000e+01;-8.8572085e-02;1.2500000e+01;-1.3286453e-01;1.2500000e+01;-6.8082318e-02;1.2500000e+01;-5.4236241e-02;1.2500000e+01;-1.6168736e-02;1.2500000e+01;4.0662162e-02;1.2500000e+01;1.1266061e-01;1.2500000e+01;1.8864220e-01;1.2500000e+01;2.2060084e-01;1.2500000e+01;2.0952760e-01;1.2500000e+01;1.9564246e-01;1.2500000e+01;2.3184910e-01;1.2500000e+01;1.9668281e-01;1.2500000e+01;1.4446826e-01;1.2500000e+01;8.9762539e-02;1.2500000e+01;4.3867446e-02;1.2500000e+01;-4.2091906e-03;1.2500000e+01;-4.5332417e-02;1.2500000e+01;-8.8572085e-02;1.2500000e+01;-1.3286453e-01;1.2500000e+01;-6.8082318e-02;1.2500000e+01;-5.4236241e-02;1.2500000e+01;-1.6168736e-02;1.2500000e+01;4.0662162e-02;1.2500000e+01;1.1266061e-01;1.2500000e+01;1.8864220e-01;1.2500000e+01;2.2060084e-01;1.2500000e+01;2.0952760e-01;1.2500000e+01;1.9564246e-01;1.2500000e+01;2.3184910e-01;1.2500000e+01;1.9668281e-01;1.2500000e+01;1.4446826e-01;1.2500000e+01;8.9762539e-02;1.2500000e+01;4.3867446e-02;1.2500000e+01;-4.2091906e-03;1.2500000e+01;-4.5332417e-02;1.2500000e+01;-8.8572085e-02;1.2500000e+01;-1.3286453e-01;1.2500000e+01;-6.8082318e-02;1.2500000e+01;-5.4236241e-02;1.2500000e+01;-1.6168736e-02;1.2500000e+01;4.0662162e-02;1.2500000e+01;1.1266061e-01;1.2500000e+01;1.8864220e-01;1.2500000e+01;2.2060084e-01;1.2500000e+01;2.0952760e-01;1.2500000e+01;1.9564246e-01;1.2500000e+01;2.3184910e-01;1.2500000e+01;1.9668281e-01;1.2500000e+01;1.4446826e-01;1.2500000e+01;8.9762539e-02;1.2500000e+01;4.3867446e-02;1.2500000e+01;-4.2091906e-03;1.2500000e+01;-4.5332417e-02;1.2500000e+01;-8.8572085e-02;1.2500000e+01;-1.3286453e-01;1.2500000e+01;-6.8082318e-02;1.2500000e+01;-5.4236241e-02;1.2500000e+01;-1.6168736e-02;1.2500000e+01;4.0662162e-02;1.2500000e+01;1.1266061e-01;1.2500000e+01;1.8864220e-01;1.2500000e+01;2.2060084e-01;1.2500000e+01;2.0952760e-01;1.2500000e+01;1.9564246e-01;1.2500000e+01;2.3184910e-01;1.2500000e+01;1.9668281e-01;1.2500000e+01;1.4446826e-01;1.2500000e+01;8.9762539e-02;1.2500000e+01;4.3867446e-02;1.2500000e+01;-4.2091906e-03;1.2500000e+01;-4.5332417e-02;1.2500000e+01;-8.8572085e-02;1.2500000e+01;-1.3286453e-01;1.2500000e+01;-6.8082318e-02;1.2500000e+01;-5.4236241e-02;1.2500000e+01;-1.6168736e-02;1.2500000e+01;4.0662162e-02;1.2500000e+01;1.1266061e-01;1.2500000e+01;1.8864220e-01;1.2500000e+01;2.2060084e-01;1.2500000e+01;2.0952760e-01;1.2500000e+01;1.9564246e-01;1.2500000e+01;2.3184910e-01;1.2500000e+01;1.9668281e-01;1.2500000e+01;1.4446826e-01;1.2500000e+01;8.9762539e-02;1.2500000e+01;4.3867446e-02;1.2500000e+01;-4.2091906e-03;1.2500000e+01;-4.5332417e-02;1.2500000e+01;-8.8572085e-02;1.2500000e+01;-1.3286453e-01;1.2500000e+01;-6.8082318e-02;1.2500000e+01;-5.4236241e-02;1.2500000e+01;-1.6168736e-02;1.2500000e+01;4.0662162e-02;1.2500000e+01;1.1266061e-01;1.2500000e+01;1.8864220e-01;1.2500000e+01;2.2060084e-01;1.2500000e+01;2.0952760e-01;1.2500000e+01;1.9564246e-01;1.2500000e+01;2.3184910e-01;1.2500000e+01;1.9668281e-01;1.2500000e+01;1.4446826e-01;1.2500000e+01;8.9762539e-02;1.2500000e+01;4.3867446e-02;1.2500000e+01;-4.2091906e-03;1.2500000e+01;-4.5332417e-02;1.2500000e+01;-8.8572085e-02;1.2500000e+01;-1.3286453e-01;1.2500000e+01;-6.8082318e-02;1.2500000e+01;-5.4236241e-02;1.2500000e+01;-1.6168736e-02;1.2500000e+01;4.0662162e-02;1.2500000e+01;1.1266061e-01;1.2500000e+01;1.8864220e-01;1.2500000e+01;2.2060084e-01;1.2500000e+01;2.0952760e-01;1.2500000e+01;1.9564246e-01;1.2500000e+01;2.3184910e-01;1.2500000e+01;1.9668281e-01;1.2500000e+01;1.4446826e-01;1.2500000e+01;8.9762539e-02;1.2500000e+01;4.3867446e-02;1.2500000e+01;-4.2091906e-03;1.2500000e+01;-4.5332417e-02;1.2500000e+01;-8.8572085e-02;1.2500000e+01;-1.3286453e-01;1.2500000e+01;-6.8082318e-02;1.2500000e+01;-5.4236241e-02;1.2500000e+01;-1.6168736e-02;1.2500000e+01;4.0662162e-02;1.2500000e+01;1.1266061e-01;1.2500000e+01;1.8864220e-01;1.2500000e+01;2.2060084e-01;1.2500000e+01;2.0952760e-01;1.2500000e+01;1.9564246e-01;1.2500000e+01;2.3184910e-01;1.2500000e+01;1.9668281e-01;1.2500000e+01;1.4446826e-01;1.2500000e+01;8.9762539e-02;1.2500000e+01;4.3867446e-02;1.2500000e+01;-4.2091906e-03;1.2500000e+01;-4.5332417e-02;1.2500000e+01;-8.8572085e-02;1.2500000e+01;-1.3286453e-01;1.2500000e+01;-6.8082318e-02;1.2500000e+01;-5.4236241e-02;1.2500000e+01;-1.6168736e-02;1.2500000e+01;4.0662162e-02;1.2500000e+01;1.1266061e-01;1.2500000e+01;1.8864220e-01;1.2500000e+01;2.2060084e-01;1.2500000e+01;2.0952760e-01;1.2500000e+01;1.9564246e-01;1.2500000e+01;2.3184910e-01;1.2500000e+01;1.9668281e-01;1.2500000e+01;1.4446826e-01;1.2500000e+01;8.9762539e-02;1.2500000e+01;4.3867446e-02;1.2500000e+01;-4.2091906e-03;1.2500000e+01;-4.5332417e-02;1.2500000e+01;-8.8572085e-02;1.2500000e+01;-1.3286453e-01;1.2500000e+01;-6.8082318e-02;1.2500000e+01;-5.4236241e-02;1.2500000e+01;-1.6168736e-02;1.2500000e+01;4.0662162e-02;1.2500000e+01;1.1266061e-01;1.2500000e+01;1.8864220e-01;1.2500000e+01;2.2060084e-01;1.2500000e+01;2.0952760e-01;1.2500000e+01;1.9564246e-01;1.2500000e+01;2.3184910e-01;1.2500000e+01;1.9668281e-01;1.2500000e+01;1.4446826e-01;1.2500000e+01;8.9762539e-02;1.2500000e+01;4.3867446e-02;1.2500000e+01;-4.2091906e-03;1.2500000e+01;-4.5332417e-02;1.2500000e+01;-8.8572085e-02;1.2500000e+01;-1.3286453e-01;1.2500000e+01;-6.8082318e-02;1.2500000e+01;-5.4236241e-02;1.2500000e+01;-1.6168736e-02;1.2500000e+01;4.0662162e-02;1.2500000e+01;1.1266061e-01;1.2500000e+01;1.8864220e-01;1.2500000e+01;2.2060084e-01;1.2500000e+01;2.0952760e-01;1.2500000e+01;1.9564246e-01;1.2500000e+01;2.3184910e-01;1.2500000e+01;1.9668281e-01;1.2500000e+01;1.4446826e-01;1.2500000e+01;8.9762539e-02;1.2500000e+01;4.3867446e-02;1.2500000e+01;-4.2091906e-03;1.2500000e+01;-4.5332417e-02;1.2500000e+01;-8.8572085e-02;1.2500000e+01;-1.3286453e-01;1.2500000e+01;-6.8082318e-02;1.2500000e+01;-5.4236241e-02;1.2500000e+01;-1.6168736e-02;1.2500000e+01;4.0662162e-02;1.2500000e+01;1.1266061e-01;1.2500000e+01;1.8864220e-01;1.2500000e+01;2.2060084e-01;1.2500000e+01;2.0952760e-01;1.2500000e+01;1.9564246e-01;1.2500000e+01;2.3184910e-01;1.2500000e+01;1.9668281e-01;1.2500000e+01;1.4446826e-01;1.2500000e+01;8.9762539e-02;1.2500000e+01;4.3867446e-02;1.2500000e+01;-4.2091906e-03;1.2500000e+01;-4.5332417e-02;1.2500000e+01;-8.8572085e-02;1.2500000e+01;-1.3286453e-01;1.2500000e+01;-6.8082318e-02;1.2500000e+01;-5.4236241e-02;1.2500000e+01;-1.6168736e-02;1.2500000e+01;4.0662162e-02;1.2500000e+01;1.1266061e-01;1.2500000e+01;1.8864220e-01;1.2500000e+01;2.2060084e-01;1.2500000e+01;2.0952760e-01;1.2500000e+01;1.9564246e-01;1.2500000e+01;2.3184910e-01;1.2500000e+01;1.9668281e-01;1.2500000e+01;1.4446826e-01;1.2500000e+01;8.9762539e-02;1.2500000e+01;4.3867446e-02;1.2500000e+01;-4.2091906e-03;1.2500000e+01;-4.5332417e-02;1.2500000e+01;-8.8572085e-02;1.2500000e+01;-1.3286453e-01;1.2500000e+01;-6.8082318e-02;1.2500000e+01;-5.4236241e-02;1.2500000e+01;-1.6168736e-02;1.2500000e+01;4.0662162e-02;1.2500000e+01;1.1266061e-01;1.2500000e+01;1.8864220e-01;1.2500000e+01;2.2060084e-01;1.2500000e+01;2.0952760e-01;1.2500000e+01;1.9564246e-01;1.2500000e+01;2.3184910e-01;1.2500000e+01;1.9668281e-01;1.2500000e+01;1.4446826e-01;1.2500000e+01;8.9762539e-02;1.2500000e+01;4.3867446e-02;1.2500000e+01;-4.2091906e-03;1.2500000e+01;-4.5332417e-02;1.2500000e+01;-8.8572085e-02;1.2500000e+01;-1.3286453e-01;1.2500000e+01;-6.8082318e-02;1.2500000e+01;-5.4236241e-02;1.2500000e+01;-1.6168736e-02;1.2500000e+01;4.0662162e-02;1.2500000e+01;1.1266061e-01;1.2500000e+01;1.8864220e-01;1.2500000e+01;2.2060084e-01;1.2500000e+01;2.0952760e-01;1.2500000e+01;1.9564246e-01;1.2500000e+01;2.3184910e-01;1.2500000e+01;1.9668281e-01;1.2500000e+01;1.4446826e-01;1.2500000e+01;8.9762539e-02;1.2500000e+01;4.3867446e-02;1.2500000e+01;-4.2091906e-03;1.2500000e+01;-4.5332417e-02;1.2500000e+01;-8.8572085e-02;1.2500000e+01;-1.3286453e-01;1.2500000e+01;-6.8082318e-02;1.2500000e+01;-5.4236241e-02;1.2500000e+01;-1.6168736e-02;1.2500000e+01;4.0662162e-02;1.2500000e+01;1.1266061e-01;1.2500000e+01;1.8864220e-01;1.2500000e+01;2.2060084e-01;1.2500000e+01;2.0952760e-01;1.2500000e+01;1.9564246e-01;1.2500000e+01;2.3184910e-01;1.2500000e+01;1.9668281e-01;1.2500000e+01;1.4446826e-01;1.2500000e+01;8.9762539e-02;1.2500000e+01;4.3867446e-02;1.2500000e+01;-4.2091906e-03;1.2500000e+01;-4.5332417e-02;1.2500000e+01;-8.8572085e-02;1.2500000e+01;-1.3286453e-01;1.2500000e+01;-6.8082318e-02;1.2500000e+01;-5.4236241e-02;1.2500000e+01;-1.6168736e-02;1.2500000e+01;4.0662162e-02;1.2500000e+01;1.1266061e-01;1.2500000e+01;1.8864220e-01;1.2500000e+01;2.2060084e-01;1.2500000e+01;2.0952760e-01;1.2500000e+01;1.9564246e-01;1.2500000e+01;2.3184910e-01;1.2500000e+01;1.9668281e-01;1.2500000e+01;1.4446826e-01;1.2500000e+01;8.9762539e-02;1.2500000e+01;4.3867446e-02;1.2500000e+01;-4.2091906e-03;1.2500000e+01;-4.5332417e-02;1.2500000e+01;-8.8572085e-02;1.2500000e+01;-1.3286453e-01;1.2500000e+01;-6.8082318e-02;1.2500000e+01;-5.4236241e-02;1.2500000e+01;-1.6168736e-02;1.2500000e+01;4.0662162e-02;1.2500000e+01;1.1266061e-01;1.2500000e+01;1.8864220e-01;1.2500000e+01;2.2060084e-01;1.2500000e+01;2.0952760e-01;1.2500000e+01;1.9564246e-01;1.2500000e+01;2.3184910e-01;1.2500000e+01;1.9668281e-01;1.2500000e+01;1.4446826e-01;1.2500000e+01;8.9762539e-02;1.2500000e+01;4.3867446e-02;1.2500000e+01;-4.2091906e-03;1.2500000e+01;-4.5332417e-02;1.2500000e+01;-8.8572085e-02;1.2500000e+01;-1.3286453e-01;1.2500000e+01;-6.8082318e-02;1.2500000e+01;-5.4236241e-02;1.2500000e+01;-1.6168736e-02;1.2500000e+01;4.0662162e-02;1.2500000e+01;1.1266061e-01;1.2500000e+01;1.8864220e-01;1.2500000e+01;2.2060084e-01;1.2500000e+01;2.0952760e-01;1.2500000e+01;1.9564246e-01;1.2500000e+01;2.3184910e-01;1.2500000e+01;1.9668281e-01;1.2500000e+01;1.4446826e-01;1.2500000e+01;8.9762539e-02;1.2500000e+01;4.3867446e-02;1.2500000e+01;-4.2091906e-03;1.2500000e+01;-4.5332417e-02;1.2500000e+01;-8.8572085e-02;1.2500000e+01;-1.3286453e-01;1.2500000e+01;-6.8082318e-02;1.2500000e+01;-5.4236241e-02;1.2500000e+01;-1.6168736e-02;1.2500000e+01;4.0662162e-02;1.2500000e+01;1.1266061e-01;1.2500000e+01;1.8864220e-01;1.2500000e+01;2.2060084e-01;1.2500000e+01;2.0952760e-01;1.2500000e+01;1.9564246e-01;1.2500000e+01;2.3184910e-01;1.2500000e+01;1.9668281e-01;1.2500000e+01;1.4446826e-01;1.2500000e+01;8.9762539e-02;1.2500000e+01;4.3867446e-02;1.2500000e+01;-4.2091906e-03;1.2500000e+01;-4.5332417e-02;1.2500000e+01;-8.8572085e-02;1.2500000e+01;-1.3286453e-01;1.2500000e+01;-6.8082318e-02;1.2500000e+01;-5.4236241e-02;1.2500000e+01;-1.6168736e-02;1.2500000e+01;4.0662162e-02;1.2500000e+01;1.1266061e-01;1.2500000e+01;1.8864220e-01;1.2500000e+01;2.2060084e-01;1.2500000e+01;2.0952760e-01;1.2500000e+01;1.9564246e-01;1.2500000e+01;2.3184910e-01;1.2500000e+01;1.9668281e-01;1.2500000e+01;1.4446826e-01;1.2500000e+01;8.9762539e-02;1.2500000e+01;4.3867446e-02;1.2500000e+01;-4.2091906e-03;1.2500000e+01;-4.5332417e-02;1.2500000e+01;-8.8572085e-02;1.2500000e+01;-1.3286453e-01;1.2500000e+01;-6.8082318e-02;1.2500000e+01;-5.4236241e-02;1.2500000e+01;-1.6168736e-02;1.2500000e+01;4.0662162e-02;1.2500000e+01;1.1266061e-01;1.2500000e+01;1.8864220e-01;1.2500000e+01;2.2060084e-01;1.2500000e+01;2.0952760e-01;1.2500000e+01;1.9564246e-01;1.2500000e+01;2.3184910e-01;1.2500000e+01;1.9668281e-01;1.2500000e+01;1.4446826e-01;1.2500000e+01;8.9762539e-02;1.2500000e+01;4.3867446e-02;1.2500000e+01;-4.2091906e-03;1.2500000e+01;-4.5332417e-02;1.2500000e+01;-8.8572085e-02;1.2500000e+01;-1.3286453e-01;1.2500000e+01;-6.8082318e-02;1.2500000e+01;-5.4236241e-02;1.2500000e+01;-1.6168736e-02;1.2500000e+01;4.0662162e-02;1.2500000e+01;1.1266061e-01;1.2500000e+01;1.8864220e-01;1.2500000e+01;2.2060084e-01;1.2500000e+01;2.0952760e-01;1.2500000e+01;1.9564246e-01;1.2500000e+01;2.3184910e-01;1.2500000e+01;1.9668281e-01;1.2500000e+01;1.4446826e-01;1.2500000e+01;8.9762539e-02;1.2500000e+01;4.3867446e-02;1.2500000e+01;-4.2091906e-03;1.2500000e+01;-4.5332417e-02;1.2500000e+01;-8.8572085e-02;1.2500000e+01;-1.3286453e-01;1.2500000e+01;-6.8082318e-02;1.2500000e+01;-5.4236241e-02;1.2500000e+01;-1.6168736e-02;1.2500000e+01;4.0662162e-02;1.2500000e+01;1.1266061e-01;1.2500000e+01;1.8864220e-01;1.2500000e+01;2.2060084e-01;1.2500000e+01;2.0952760e-01;1.2500000e+01;1.9564246e-01;1.2500000e+01;2.3184910e-01;1.2500000e+01;1.9668281e-01;1.2500000e+01;1.4446826e-01;1.2500000e+01;8.9762539e-02;1.2500000e+01;4.3867446e-02;1.2500000e+01;-4.2091906e-03;1.2500000e+01;-4.5332417e-02;1.2500000e+01;-8.8572085e-02;1.2500000e+01;-1.3286453e-01;1.2500000e+01;-6.8082318e-02;1.2500000e+01;-5.4236241e-02;1.2500000e+01;-1.6168736e-02;1.2500000e+01;4.0662162e-02;1.2500000e+01;1.1266061e-01;1.2500000e+01;1.8864220e-01;1.2500000e+01;2.2060084e-01;1.2500000e+01;2.0952760e-01;1.2500000e+01;1.9564246e-01;1.2500000e+01;2.3184910e-01;1.2500000e+01;1.9668281e-01;1.2500000e+01;1.4446826e-01;1.2500000e+01;8.9762539e-02;1.2500000e+01;4.3867446e-02;1.2500000e+01;-4.2091906e-03;1.2500000e+01;-4.5332417e-02;1.2500000e+01;-8.8572085e-02;1.2500000e+01;-1.3286453e-01;1.2500000e+01;-6.8082318e-02;1.2500000e+01;-5.4236241e-02;1.2500000e+01;-1.6168736e-02;1.2500000e+01;4.0662162e-02;1.2500000e+01;1.1266061e-01;1.2500000e+01;1.8864220e-01;1.2500000e+01;2.2060084e-01;1.2500000e+01;2.0952760e-01;1.2500000e+01;1.9564246e-01;1.2500000e+01;2.3184910e-01;1.2500000e+01;1.9668281e-01;1.2500000e+01;1.4446826e-01;1.2500000e+01;8.9762539e-02;1.2500000e+01;4.3867446e-02;1.2500000e+01;-4.2091906e-03;1.2500000e+01;-4.5332417e-02;1.2500000e+01;-8.8572085e-02;1.2500000e+01;-1.3286453e-01;1.2500000e+01;-6.8082318e-02;1.2500000e+01;-5.4236241e-02;1.2500000e+01;-1.6168736e-02;1.2500000e+01;4.0662162e-02;1.2500000e+01;1.1266061e-01;1.2500000e+01;1.8864220e-01;1.2500000e+01;2.2060084e-01;1.2500000e+01;2.0952760e-01;1.2500000e+01;1.9564246e-01;1.2500000e+01;2.3184910e-01;1.2500000e+01;1.9668281e-01;1.2500000e+01;1.4446826e-01;1.2500000e+01;8.9762539e-02;1.2500000e+01;4.3867446e-02;1.2500000e+01;-4.2091906e-03;1.2500000e+01;-4.5332417e-02;1.2500000e+01;-8.8572085e-02;1.2500000e+01;-1.3286453e-01;1.2500000e+01;-6.8082318e-02;1.2500000e+01;-5.4236241e-02;1.2500000e+01;-1.6168736e-02;1.2500000e+01;4.0662162e-02;1.2500000e+01;1.1266061e-01;1.2500000e+01;1.8864220e-01;1.2500000e+01;2.2060084e-01;1.2500000e+01;2.0952760e-01;1.2500000e+01;1.9564246e-01;1.2500000e+01;2.3184910e-01;1.2500000e+01;1.9668281e-01;1.2500000e+01;1.4446826e-01;1.2500000e+01;8.9762539e-02;1.2500000e+01;4.3867446e-02;1.2500000e+01;-4.2091906e-03;1.2500000e+01;-4.5332417e-02;1.2500000e+01;-8.8572085e-02;1.2500000e+01;-1.3286453e-01;1.2500000e+01;-6.8082318e-02;1.2500000e+01;-5.4236241e-02;1.2500000e+01;-1.6168736e-02;1.2500000e+01;4.0662162e-02;1.2500000e+01;1.1266061e-01;1.2500000e+01;1.8864220e-01;1.2500000e+01;2.2060084e-01;1.2500000e+01;2.0952760e-01;1.2500000e+01;1.9564246e-01;1.2500000e+01;2.3184910e-01;1.2500000e+01;1.9668281e-01;1.2500000e+01;1.4446826e-01;1.2500000e+01;8.9762539e-02;1.2500000e+01;4.3867446e-02;1.2500000e+01;-4.2091906e-03;1.2500000e+01;-4.5332417e-02;1.2500000e+01;-8.8572085e-02;1.2500000e+01;-1.3286453e-01;1.2500000e+01;-6.8082318e-02;1.2500000e+01;-5.4236241e-02;1.2500000e+01;-1.6168736e-02;1.2500000e+01;4.0662162e-02;1.2500000e+01;1.1266061e-01;1.2500000e+01;1.8864220e-01;1.2500000e+01;2.2060084e-01;1.2500000e+01;2.0952760e-01;1.2500000e+01;1.9564246e-01;1.2500000e+01;2.3184910e-01;1.2500000e+01;1.9668281e-01;1.2500000e+01;1.4446826e-01;1.2500000e+01;8.9762539e-02;1.2500000e+01;4.3867446e-02;1.2500000e+01;-4.2091906e-03;1.2500000e+01;-4.5332417e-02;1.2500000e+01;-8.8572085e-02;1.2500000e+01;-1.3286453e-01;1.2500000e+01;-6.8082318e-02;1.2500000e+01;-5.4236241e-02;1.2500000e+01;-1.6168736e-02;1.2500000e+01;4.0662162e-02;1.2500000e+01;1.1266061e-01;1.2500000e+01;1.8864220e-01;1.2500000e+01;2.2060084e-01;1.2500000e+01;2.0952760e-01;1.2500000e+01;1.9564246e-01;1.2500000e+01;2.3184910e-01;1.2500000e+01;1.9668281e-01;1.2500000e+01;1.4446826e-01;1.2500000e+01;8.9762539e-02;1.2500000e+01;4.3867446e-02;1.2500000e+01;-4.2091906e-03;1.2500000e+01;-4.5332417e-02;1.2500000e+01;-8.8572085e-02;1.2500000e+01;-1.3286453e-01;1.2500000e+01;-6.8082318e-02;1.2500000e+01;-5.4236241e-02;1.2500000e+01;-1.6168736e-02;1.2500000e+01;4.0662162e-02;1.2500000e+01;1.1266061e-01;1.2500000e+01;1.8864220e-01;1.2500000e+01;2.2060084e-01;1.2500000e+01;2.0952760e-01;1.2500000e+01;1.9564246e-01;1.2500000e+01;2.3184910e-01;1.2500000e+01;1.9668281e-01;1.2500000e+01;1.4446826e-01;1.2500000e+01;8.9762539e-02;1.2500000e+01;4.3867446e-02;1.2500000e+01;-4.2091906e-03;1.2500000e+01;-4.5332417e-02;1.2500000e+01;-8.8572085e-02;1.2500000e+01;-1.3286453e-01;1.2500000e+01;-6.8082318e-02;1.2500000e+01;-5.4236241e-02;1.2500000e+01;-1.6168736e-02;1.2500000e+01;4.0662162e-02;1.2500000e+01;1.1266061e-01;1.2500000e+01;1.8864220e-01;1.2500000e+01;2.2060084e-01;1.2500000e+01;2.0952760e-01;1.2500000e+01;1.9564246e-01;1.2500000e+01;2.3184910e-01;1.2500000e+01;1.9668281e-01;1.2500000e+01;1.4446826e-01;1.2500000e+01;8.9762539e-02;1.2500000e+01;4.3867446e-02;1.2500000e+01;-4.2091906e-03;1.2500000e+01;-4.5332417e-02;1.2500000e+01;-8.8572085e-02;1.2500000e+01;-1.3286453e-01;1.2500000e+01;-6.8082318e-02;1.2500000e+01;-5.4236241e-02;1.2500000e+01;-1.6168736e-02;1.2500000e+01;4.0662162e-02;1.2500000e+01;1.1266061e-01;1.2500000e+01;1.8864220e-01;1.2500000e+01;2.2060084e-01;1.2500000e+01;2.0952760e-01;1.2500000e+01;1.9564246e-01;1.2500000e+01;2.3184910e-01;1.2500000e+01;1.9668281e-01;1.2500000e+01;1.4446826e-01;1.2500000e+01;8.9762539e-02;1.2500000e+01;4.3867446e-02;1.2500000e+01;-4.2091906e-03;1.2500000e+01;-4.5332417e-02;1.2500000e+01;-8.8572085e-02;1.2500000e+01;-1.3286453e-01;1.2500000e+01;-6.8082318e-02;1.2500000e+01;-5.4236241e-02;1.2500000e+01;-1.6168736e-02;1.2500000e+01;4.0662162e-02;1.2500000e+01;1.1266061e-01;1.2500000e+01;1.8864220e-01;1.2500000e+01;2.2060084e-01;1.2500000e+01;2.0952760e-01;1.2500000e+01;1.9564246e-01;1.2500000e+01;2.3184910e-01;1.2500000e+01;1.9668281e-01;1.2500000e+01;1.4446826e-01;1.2500000e+01;8.9762539e-02;1.2500000e+01;4.3867446e-02;1.2500000e+01;-4.2091906e-03;1.2500000e+01;-4.5332417e-02;1.2500000e+01;-8.8572085e-02;1.2500000e+01;-1.3286453e-01;1.2500000e+01;-6.8082318e-02;1.2500000e+01;-5.4236241e-02;1.2500000e+01;-1.6168736e-02;1.2500000e+01;4.0662162e-02;1.2500000e+01;1.1266061e-01;1.2500000e+01;1.8864220e-01;1.2500000e+01;2.2060084e-01;1.2500000e+01;2.0952760e-01;1.2500000e+01;1.9564246e-01;1.2500000e+01;2.3184910e-01;1.2500000e+01;1.9668281e-01;1.2500000e+01;1.4446826e-01;1.2500000e+01;8.9762539e-02;1.2500000e+01;4.3867446e-02;1.2500000e+01;-4.2091906e-03;1.2500000e+01;-4.5332417e-02;1.2500000e+01;-8.8572085e-02;1.2500000e+01;-1.3286453e-01;1.2500000e+01;-6.8082318e-02;1.2500000e+01;-5.4236241e-02;1.2500000e+01;-1.6168736e-02;1.2500000e+01;4.0662162e-02;1.2500000e+01;1.1266061e-01;1.2500000e+01;1.8864220e-01;1.2500000e+01;2.2060084e-01;1.2500000e+01;2.0952760e-01;1.2500000e+01;1.9564246e-01;1.2500000e+01;2.3184910e-01;1.2500000e+01;1.9668281e-01;1.2500000e+01;1.4446826e-01;1.2500000e+01;8.9762539e-02;1.2500000e+01;4.3867446e-02;1.2500000e+01;-4.2091906e-03;1.2500000e+01;-4.5332417e-02;1.2500000e+01;-8.8572085e-02;1.2500000e+01;-1.3286453e-01;1.2500000e+01;-6.8082318e-02;1.2500000e+01;-5.4236241e-02;1.2500000e+01;-1.6168736e-02;1.2500000e+01;4.0662162e-02;1.2500000e+01;1.1266061e-01;1.2500000e+01;1.8864220e-01;1.2500000e+01;2.2060084e-01;1.2500000e+01;2.0952760e-01;1.2500000e+01;1.9564246e-01;1.2500000e+01;2.3184910e-01;1.2500000e+01;1.9668281e-01;1.2500000e+01;1.4446826e-01;1.2500000e+01;8.9762539e-02;1.2500000e+01;4.3867446e-02;1.2500000e+01;-4.2091906e-03;1.2500000e+01;-4.5332417e-02;1.2500000e+01;-8.8572085e-02;1.2500000e+01;-1.3286453e-01;1.2500000e+01;-6.8082318e-02;1.2500000e+01;-5.4236241e-02;1.2500000e+01;-1.6168736e-02;1.2500000e+01;4.0662162e-02;1.2500000e+01;1.1266061e-01;1.2500000e+01;1.8864220e-01;1.2500000e+01;2.2060084e-01;1.2500000e+01;2.0952760e-01;1.2500000e+01;1.9564246e-01;1.2500000e+01;2.3184910e-01;1.2500000e+01;1.9668281e-01;1.2500000e+01;1.4446826e-01;1.2500000e+01;8.9762539e-02;1.2500000e+01;4.3867446e-02;1.2500000e+01;-4.2091906e-03;1.2500000e+01;-4.5332417e-02;1.2500000e+01;-8.8572085e-02;1.2500000e+01;-1.3286453e-01;1.2500000e+01;-6.8082318e-02;1.2500000e+01;-5.4236241e-02;1.2500000e+01;-1.6168736e-02;1.2500000e+01;4.0662162e-02;1.2500000e+01;1.1266061e-01;1.2500000e+01;1.8864220e-01;1.2500000e+01;2.2060084e-01;1.2500000e+01;2.0952760e-01;1.2500000e+01;1.9564246e-01;1.2500000e+01;2.3184910e-01;1.2500000e+01;1.9668281e-01;1.2500000e+01;1.4446826e-01;1.2500000e+01;8.9762539e-02;1.2500000e+01;4.3867446e-02;1.2500000e+01;-4.2091906e-03;1.2500000e+01;-4.5332417e-02;1.2500000e+01;-8.8572085e-02;1.2500000e+01;-1.3286453e-01;1.2500000e+01;-6.8082318e-02;1.2500000e+01;-5.4236241e-02;1.2500000e+01;-1.6168736e-02;1.2500000e+01;4.0662162e-02;1.2500000e+01;1.1266061e-01;1.2500000e+01;1.8864220e-01;1.2500000e+01;2.2060084e-01;1.2500000e+01;2.0952760e-01;1.2500000e+01;1.9564246e-01;1.2500000e+01;2.3184910e-01;1.2500000e+01;1.9668281e-01;1.2500000e+01;1.4446826e-01;1.2500000e+01;8.9762539e-02;1.2500000e+01;4.3867446e-02;1.2500000e+01;-4.2091906e-03;1.2500000e+01;-4.5332417e-02;1.2500000e+01;-8.8572085e-02;1.2500000e+01;-1.3286453e-01;1.2500000e+01;-6.8082318e-02;1.2500000e+01;-5.4236241e-02;1.2500000e+01;-1.6168736e-02;1.2500000e+01;4.0662162e-02;1.2500000e+01;1.1266061e-01;1.2500000e+01;1.8864220e-01;1.2500000e+01;2.2060084e-01;1.2500000e+01;2.0952760e-01;1.2500000e+01;1.9564246e-01;1.2500000e+01;2.3184910e-01;1.2500000e+01;1.9668281e-01;1.2500000e+01;1.4446826e-01;1.2500000e+01;8.9762539e-02;1.2500000e+01;4.3867446e-02;1.2500000e+01;-4.2091906e-03;1.2500000e+01;-4.5332417e-02;1.2500000e+01;-8.8572085e-02;1.2500000e+01;-1.3286453e-01;1.2500000e+01;-6.8082318e-02;1.2500000e+01;-5.4236241e-02;1.2500000e+01;-1.6168736e-02;1.2500000e+01;4.0662162e-02;1.2500000e+01;1.1266061e-01;1.2500000e+01;1.8864220e-01;1.2500000e+01;2.2060084e-01;1.2500000e+01;2.0952760e-01;1.2500000e+01;1.9564246e-01;1.2500000e+01;2.3184910e-01;1.2500000e+01;1.9668281e-01;1.2500000e+01;1.4446826e-01;1.2500000e+01;8.9762539e-02;1.2500000e+01;4.3867446e-02;1.2500000e+01;-4.2091906e-03;1.2500000e+01;-4.5332417e-02;1.2500000e+01;-8.8572085e-02;1.2500000e+01;-1.3286453e-01;1.2500000e+01;-6.8082318e-02;1.2500000e+01;-5.4236241e-02;1.2500000e+01;-1.6168736e-02;1.2500000e+01;4.0662162e-02;1.2500000e+01;1.1266061e-01;1.2500000e+01;1.8864220e-01;1.2500000e+01;2.2060084e-01;1.2500000e+01;2.0952760e-01;1.2500000e+01;1.9564246e-01;1.2500000e+01;2.3184910e-01;1.2500000e+01;1.9668281e-01;1.2500000e+01;1.4446826e-01;1.2500000e+01;8.9762539e-02;1.2500000e+01;4.3867446e-02;1.2500000e+01;-4.2091906e-03;1.2500000e+01;-4.5332417e-02;1.2500000e+01;-8.8572085e-02;1.2500000e+01;-1.3286453e-01;1.2500000e+01;-6.8082318e-02;1.2500000e+01;-5.4236241e-02;1.2500000e+01;-1.6168736e-02;1.2500000e+01;4.0662162e-02;1.2500000e+01;1.1266061e-01;1.2500000e+01;1.8864220e-01;1.2500000e+01;2.2060084e-01;1.2500000e+01;2.0952760e-01;1.2500000e+01;1.9564246e-01;1.2500000e+01;2.3184910e-01;1.2500000e+01;1.9668281e-01;1.2500000e+01;1.4446826e-01;1.2500000e+01;8.9762539e-02;1.2500000e+01;4.3867446e-02;1.2500000e+01;-4.2091906e-03;1.2500000e+01;-4.5332417e-02;1.2500000e+01;-8.8572085e-02;1.2500000e+01;-1.3286453e-01;1.2500000e+01;-6.8082318e-02;1.2500000e+01;-5.4236241e-02;1.2500000e+01;-1.6168736e-02;1.2500000e+01;4.0662162e-02;1.2500000e+01;1.1266061e-01;1.2500000e+01;1.8864220e-01;1.2500000e+01;2.2060084e-01;1.2500000e+01;2.0952760e-01;1.2500000e+01;1.9564246e-01;1.2500000e+01;2.3184910e-01;1.2500000e+01;1.9668281e-01;1.2500000e+01;1.4446826e-01;1.2500000e+01;8.9762539e-02;1.2500000e+01;4.3867446e-02;1.2500000e+01;-4.2091906e-03;1.2500000e+01;-4.5332417e-02;1.2500000e+01;-8.8572085e-02;1.2500000e+01;-1.3286453e-01;1.2500000e+01;-6.8082318e-02;1.2500000e+01;-5.4236241e-02;1.2500000e+01;-1.6168736e-02;1.2500000e+01;4.0662162e-02;1.2500000e+01;1.1266061e-01;1.2500000e+01;1.8864220e-01;1.2500000e+01;2.2060084e-01;1.2500000e+01;2.0952760e-01;1.2500000e+01;1.9564246e-01;1.2500000e+01;2.3184910e-01;1.2500000e+01;1.9668281e-01;1.2500000e+01;1.4446826e-01;1.2500000e+01;8.9762539e-02;1.2500000e+01;4.3867446e-02;1.2500000e+01;-4.2091906e-03;1.2500000e+01;-4.5332417e-02;1.2500000e+01;-8.8572085e-02;1.2500000e+01;-1.3286453e-01;1.2500000e+01;-6.8082318e-02;1.2500000e+01;-5.4236241e-02;1.2500000e+01;-1.6168736e-02;1.2500000e+01;4.0662162e-02;1.2500000e+01;1.1266061e-01;1.2500000e+01;1.8864220e-01;1.2500000e+01;2.2060084e-01;1.2500000e+01;2.0952760e-01;1.2500000e+01;1.9564246e-01;1.2500000e+01;2.3184910e-01;1.2500000e+01;1.9668281e-01;1.2500000e+01;1.4446826e-01;1.2500000e+01;8.9762539e-02;1.2500000e+01;4.3867446e-02;1.2500000e+01;-4.2091906e-03;1.2500000e+01;-4.5332417e-02;1.2500000e+01;-8.8572085e-02;1.2500000e+01;-1.3286453e-01;1.2500000e+01;-6.8082318e-02;1.2500000e+01;-5.4236241e-02;1.2500000e+01;-1.6168736e-02;1.2500000e+01;4.0662162e-02;1.2500000e+01;1.1266061e-01;1.2500000e+01;1.8864220e-01;1.2500000e+01;2.2060084e-01;1.2500000e+01;2.0952760e-01;1.2500000e+01;1.9564246e-01;1.2500000e+01;2.3184910e-01;1.2500000e+01;1.9668281e-01;1.2500000e+01;1.4446826e-01;1.2500000e+01;8.9762539e-02;1.2500000e+01;4.3867446e-02;1.2500000e+01;-4.2091906e-03;1.2500000e+01;-4.5332417e-02;1.2500000e+01;-8.8572085e-02;1.2500000e+01;-1.3286453e-01;1.2500000e+01;-6.8082318e-02;1.2500000e+01;-5.4236241e-02;1.2500000e+01;-1.6168736e-02;1.2500000e+01;4.0662162e-02;1.2500000e+01;1.1266061e-01;1.2500000e+01;1.8864220e-01;1.2500000e+01;2.2060084e-01;1.2500000e+01;2.0952760e-01;1.2500000e+01;1.9564246e-01;1.2500000e+01;2.3184910e-01;1.2500000e+01;1.9668281e-01;1.2500000e+01;1.4446826e-01;1.2500000e+01;8.9762539e-02;1.2500000e+01;4.3867446e-02;1.2500000e+01;-4.2091906e-03;1.2500000e+01;-4.5332417e-02;1.2500000e+01;-8.8572085e-02;1.2500000e+01;-1.3286453e-01;1.2500000e+01;-6.8082318e-02;1.2500000e+01;-5.4236241e-02;1.2500000e+01;-1.6168736e-02;1.2500000e+01;4.0662162e-02;1.2500000e+01;1.1266061e-01;1.2500000e+01;1.8864220e-01;1.2500000e+01;2.2060084e-01;1.2500000e+01;2.0952760e-01;1.2500000e+01;1.9564246e-01;1.2500000e+01;2.3184910e-01;1.2500000e+01;1.9668281e-01;1.2500000e+01;1.4446826e-01;1.2500000e+01;8.9762539e-02;1.2500000e+01;4.3867446e-02;1.2500000e+01;-4.2091906e-03;1.2500000e+01;-4.5332417e-02;1.2500000e+01;-8.8572085e-02;1.2500000e+01;-1.3286453e-01;1.2500000e+01;-6.8082318e-02;1.2500000e+01;-5.4236241e-02;1.2500000e+01;-1.6168736e-02;1.2500000e+01;4.0662162e-02;1.2500000e+01;1.1266061e-01;1.2500000e+01;1.8864220e-01;1.2500000e+01;2.2060084e-01;1.2500000e+01;2.0952760e-01;1.2500000e+01;1.9564246e-01;1.2500000e+01;2.3184910e-01;1.2500000e+01;1.9668281e-01;1.2500000e+01;1.4446826e-01;1.2500000e+01;8.9762539e-02;1.2500000e+01;4.3867446e-02;1.2500000e+01;-4.2091906e-03;1.2500000e+01;-4.5332417e-02;1.2500000e+01;-8.8572085e-02;1.2500000e+01;-1.3286453e-01;1.2500000e+01;-6.8082318e-02;1.2500000e+01;-5.4236241e-02;1.2500000e+01;-1.6168736e-02;1.2500000e+01;4.0662162e-02;1.2500000e+01;1.1266061e-01;1.2500000e+01;1.8864220e-01;1.2500000e+01;2.2060084e-01;1.2500000e+01;2.0952760e-01;1.2500000e+01;1.9564246e-01;1.2500000e+01;2.3184910e-01;1.2500000e+01;1.9668281e-01;1.2500000e+01;1.4446826e-01;1.2500000e+01;8.9762539e-02;1.2500000e+01;4.3867446e-02;1.2500000e+01;-4.2091906e-03;1.2500000e+01;-4.5332417e-02;1.2500000e+01;-8.8572085e-02;1.2500000e+01;-1.3286453e-01;1.2500000e+01;-6.8082318e-02;1.2500000e+01;-5.4236241e-02;1.2500000e+01;-1.6168736e-02;1.2500000e+01;4.0662162e-02;1.2500000e+01;1.1266061e-01;1.2500000e+01;1.8864220e-01;1.2500000e+01;2.2060084e-01;1.2500000e+01;2.0952760e-01;1.2500000e+01;1.9564246e-01;1.2500000e+01;2.3184910e-01;1.2500000e+01;1.9668281e-01;1.2500000e+01;1.4446826e-01;1.2500000e+01;8.9762539e-02;1.2500000e+01;4.3867446e-02;1.2500000e+01;-4.2091906e-03;1.2500000e+01;-4.5332417e-02;1.2500000e+01;-8.8572085e-02;1.2500000e+01;-1.3286453e-01;1.2500000e+01;-6.8082318e-02;1.2500000e+01;-5.4236241e-02;1.2500000e+01;-1.6168736e-02;1.2500000e+01;4.0662162e-02;1.2500000e+01;1.1266061e-01;1.2500000e+01;1.8864220e-01;1.2500000e+01;2.2060084e-01;1.2500000e+01;2.0952760e-01;1.2500000e+01;1.9564246e-01;1.2500000e+01;2.3184910e-01;1.2500000e+01;1.9668281e-01;1.2500000e+01;1.4446826e-01;1.2500000e+01;8.9762539e-02;1.2500000e+01;4.3867446e-02;1.2500000e+01;-4.2091906e-03;1.2500000e+01;-4.5332417e-02;1.2500000e+01;-8.8572085e-02;1.2500000e+01;-1.3286453e-01;1.2500000e+01;-6.8082318e-02;1.2500000e+01;-5.4236241e-02;1.2500000e+01;-1.6168736e-02;1.2500000e+01;4.0662162e-02;1.2500000e+01;1.1266061e-01;1.2500000e+01;1.8864220e-01;1.2500000e+01;2.2060084e-01;1.2500000e+01;2.0952760e-01;1.2500000e+01;1.9564246e-01;1.2500000e+01;2.3184910e-01;1.2500000e+01;1.9668281e-01;1.2500000e+01;1.4446826e-01;1.2500000e+01;8.9762539e-02;1.2500000e+01;4.3867446e-02;1.2500000e+01;-4.2091906e-03;1.2500000e+01;-4.5332417e-02;1.2500000e+01;-8.8572085e-02;1.2500000e+01;-1.3286453e-01;1.2500000e+01;-6.8082318e-02;1.2500000e+01;-5.4236241e-02;1.2500000e+01;-1.6168736e-02;1.2500000e+01;4.0662162e-02;1.2500000e+01;1.1266061e-01;1.2500000e+01;1.8864220e-01;1.2500000e+01;2.2060084e-01;1.2500000e+01;2.0952760e-01;1.2500000e+01;1.9564246e-01;1.2500000e+01;2.3184910e-01;1.2500000e+01;1.9668281e-01;1.2500000e+01;1.4446826e-01;1.2500000e+01;8.9762539e-02;1.2500000e+01;4.3867446e-02;1.2500000e+01;-4.2091906e-03;1.2500000e+01;-4.5332417e-02;1.2500000e+01;-8.8572085e-02;1.2500000e+01;-1.3286453e-01;1.2500000e+01;-6.8082318e-02;1.2500000e+01;-5.4236241e-02;1.2500000e+01;-1.6168736e-02;1.2500000e+01;4.0662162e-02;1.2500000e+01;1.1266061e-01;1.2500000e+01;1.8864220e-01;1.2500000e+01;2.2060084e-01;1.2500000e+01;2.0952760e-01;1.2500000e+01;1.9564246e-01;1.2500000e+01;2.3184910e-01;1.2500000e+01;1.9668281e-01;1.2500000e+01;1.4446826e-01;1.2500000e+01;8.9762539e-02;1.2500000e+01;4.3867446e-02;1.2500000e+01;-4.2091906e-03;1.2500000e+01;-4.5332417e-02;1.2500000e+01;-8.8572085e-02;1.2500000e+01;-1.3286453e-01;1.2500000e+01;-6.8082318e-02;1.2500000e+01;-5.4236241e-02;1.2500000e+01;-1.6168736e-02;1.2500000e+01;4.0662162e-02;1.2500000e+01;1.1266061e-01;1.2500000e+01;1.8864220e-01;1.2500000e+01;2.2060084e-01;1.2500000e+01;2.0952760e-01;1.2500000e+01;1.9564246e-01;1.2500000e+01;2.3184910e-01;1.2500000e+01;1.9668281e-01;1.2500000e+01;1.4446826e-01;1.2500000e+01;8.9762539e-02;1.2500000e+01;4.3867446e-02;1.2500000e+01;-4.2091906e-03;1.2500000e+01;-4.5332417e-02;1.2500000e+01;-8.8572085e-02;1.2500000e+01;-1.3286453e-01;1.2500000e+01;-6.8082318e-02;1.2500000e+01;-5.4236241e-02;1.2500000e+01;-1.6168736e-02;1.2500000e+01;4.0662162e-02;1.2500000e+01;1.1266061e-01;1.2500000e+01;1.8864220e-01;1.2500000e+01;2.2060084e-01;1.2500000e+01;2.0952760e-01;1.2500000e+01;1.9564246e-01;1.2500000e+01;2.3184910e-01;1.2500000e+01;1.9668281e-01;1.2500000e+01;1.4446826e-01;1.2500000e+01;8.9762539e-02;1.2500000e+01;4.3867446e-02;1.2500000e+01;-4.2091906e-03;1.2500000e+01;-4.5332417e-02;1.2500000e+01;-8.8572085e-02;1.2500000e+01;-1.3286453e-01;1.2500000e+01;-6.8082318e-02;1.2500000e+01;-5.4236241e-02;1.2500000e+01;-1.6168736e-02;1.2500000e+01;4.0662162e-02;1.2500000e+01;1.1266061e-01;1.2500000e+01;1.8864220e-01;1.2500000e+01;2.2060084e-01;1.2500000e+01;2.0952760e-01;1.2500000e+01;1.9564246e-01;1.2500000e+01;2.3184910e-01;1.2500000e+01;1.9668281e-01;1.2500000e+01;1.4446826e-01;1.2500000e+01;8.9762539e-02;1.2500000e+01;4.3867446e-02;1.2500000e+01;-4.2091906e-03;1.2500000e+01;-4.5332417e-02;1.2500000e+01;-8.8572085e-02;1.2500000e+01;-1.3286453e-01;1.2500000e+01;-6.8082318e-02;1.2500000e+01;-5.4236241e-02;1.2500000e+01;-1.6168736e-02;1.2500000e+01;4.0662162e-02;1.2500000e+01;1.1266061e-01;1.2500000e+01;1.8864220e-01;1.2500000e+01;2.2060084e-01;1.2500000e+01;2.0952760e-01;1.2500000e+01;1.9564246e-01;1.2500000e+01;2.3184910e-01;1.2500000e+01;1.9668281e-01;1.2500000e+01;1.4446826e-01;1.2500000e+01;8.9762539e-02;1.2500000e+01;4.3867446e-02;1.2500000e+01;-4.2091906e-03;1.2500000e+01;-4.5332417e-02;1.2500000e+01;-8.8572085e-02;1.2500000e+01;-1.3286453e-01;1.2500000e+01;-6.8082318e-02;1.2500000e+01;-5.4236241e-02;1.2500000e+01;-1.6168736e-02;1.2500000e+01;4.0662162e-02;1.2500000e+01;1.1266061e-01;1.2500000e+01;1.8864220e-01;1.2500000e+01;2.2060084e-01;1.2500000e+01;2.0952760e-01;1.2500000e+01;1.9564246e-01;1.2500000e+01;2.3184910e-01;1.2500000e+01;1.9668281e-01;1.2500000e+01;1.4446826e-01;1.2500000e+01;8.9762539e-02;1.2500000e+01;4.3867446e-02;1.2500000e+01;-4.2091906e-03;1.2500000e+01;-4.5332417e-02;1.2500000e+01;-8.8572085e-02;1.2500000e+01;-1.3286453e-01;1.2500000e+01;-6.8082318e-02;1.2500000e+01;-5.4236241e-02;1.2500000e+01;-1.6168736e-02;1.2500000e+01;4.0662162e-02;1.2500000e+01;1.1266061e-01;1.2500000e+01;1.8864220e-01;1.2500000e+01;2.2060084e-01;1.2500000e+01;2.0952760e-01;1.2500000e+01;1.9564246e-01;1.2500000e+01;2.3184910e-01;1.2500000e+01;1.9668281e-01;1.2500000e+01;1.4446826e-01;1.2500000e+01;8.9762539e-02;1.2500000e+01;4.3867446e-02;1.2500000e+01;-4.2091906e-03;1.2500000e+01;-4.5332417e-02;1.2500000e+01;-8.8572085e-02;1.2500000e+01;-1.3286453e-01;1.2500000e+01;-6.8082318e-02;1.2500000e+01;-5.4236241e-02;1.2500000e+01;-1.6168736e-02;1.2500000e+01;4.0662162e-02;1.2500000e+01;1.1266061e-01;1.2500000e+01;1.8864220e-01;1.2500000e+01;2.2060084e-01;1.2500000e+01;2.0952760e-01;1.2500000e+01;1.9564246e-01;1.2500000e+01;2.3184910e-01;1.2500000e+01;1.9668281e-01;1.2500000e+01;1.4446826e-01;1.2500000e+01;8.9762539e-02;1.2500000e+01;4.3867446e-02;1.2500000e+01;-4.2091906e-03;1.2500000e+01;-4.5332417e-02;1.2500000e+01;-8.8572085e-02;1.2500000e+01;-1.3286453e-01;1.2500000e+01;-6.8082318e-02;1.2500000e+01;-5.4236241e-02;1.2500000e+01;-1.6168736e-02;1.2500000e+01;4.0662162e-02;1.2500000e+01;1.1266061e-01;1.2500000e+01;1.8864220e-01;1.2500000e+01;2.2060084e-01;1.2500000e+01;2.0952760e-01;1.2500000e+01;1.9564246e-01;1.2500000e+01;2.3184910e-01;1.2500000e+01;1.9668281e-01;1.2500000e+01;1.4446826e-01;1.2500000e+01;8.9762539e-02;1.2500000e+01;4.3867446e-02;1.2500000e+01;-4.2091906e-03;1.2500000e+01;-4.5332417e-02;1.2500000e+01;-8.8572085e-02;1.2500000e+01;-1.3286453e-01;1.2500000e+01;-6.8082318e-02;1.2500000e+01;-5.4236241e-02;1.2500000e+01;-1.6168736e-02;1.2500000e+01;4.0662162e-02;1.2500000e+01;1.1266061e-01;1.2500000e+01;1.8864220e-01;1.2500000e+01;2.2060084e-01;1.2500000e+01;2.0952760e-01;1.2500000e+01;1.9564246e-01;1.2500000e+01;2.3184910e-01;1.2500000e+01;1.9668281e-01;1.2500000e+01;1.4446826e-01;1.2500000e+01;8.9762539e-02;1.2500000e+01;4.3867446e-02;1.2500000e+01;-4.2091906e-03;1.2500000e+01;-4.5332417e-02;1.2500000e+01;-8.8572085e-02;1.2500000e+01;-1.3286453e-01;1.2500000e+01;-6.8082318e-02;1.2500000e+01;-5.4236241e-02;1.2500000e+01;-1.6168736e-02;1.2500000e+01;4.0662162e-02;1.2500000e+01;1.1266061e-01;1.2500000e+01;1.8864220e-01;1.2500000e+01;2.2060084e-01;1.2500000e+01;2.0952760e-01;1.2500000e+01;1.9564246e-01;1.2500000e+01;2.3184910e-01;1.2500000e+01;1.9668281e-01;1.2500000e+01;1.4446826e-01;1.2500000e+01;8.9762539e-02;1.2500000e+01;4.3867446e-02;1.2500000e+01;-4.2091906e-03;1.2500000e+01;-4.5332417e-02;1.2500000e+01;-8.8572085e-02;1.2500000e+01;-1.3286453e-01;1.2500000e+01;-6.8082318e-02;1.2500000e+01;-5.4236241e-02;1.2500000e+01;-1.6168736e-02;1.2500000e+01;4.0662162e-02;1.2500000e+01;1.1266061e-01;1.2500000e+01;1.8864220e-01;1.2500000e+01;2.2060084e-01;1.2500000e+01;2.0952760e-01;1.2500000e+01;1.9564246e-01;1.2500000e+01;2.3184910e-01;1.2500000e+01;1.9668281e-01;1.2500000e+01;1.4446826e-01;1.2500000e+01;8.9762539e-02;1.2500000e+01;4.3867446e-02;1.2500000e+01;-4.2091906e-03;1.2500000e+01;-4.5332417e-02;1.2500000e+01;-8.8572085e-02;1.2500000e+01;-1.3286453e-01;1.2500000e+01;-6.8082318e-02;1.2500000e+01;-5.4236241e-02;1.2500000e+01;-1.6168736e-02;1.2500000e+01;4.0662162e-02;1.2500000e+01;1.1266061e-01;1.2500000e+01;1.8864220e-01;1.2500000e+01;2.2060084e-01;1.2500000e+01;2.0952760e-01;1.2500000e+01;1.9564246e-01;1.2500000e+01;2.3184910e-01;1.2500000e+01;1.9668281e-01;1.2500000e+01;1.4446826e-01;1.2500000e+01;8.9762539e-02;1.2500000e+01;4.3867446e-02;1.2500000e+01;-4.2091906e-03;1.2500000e+01;-4.5332417e-02;1.2500000e+01;-8.8572085e-02;1.2500000e+01;-1.3286453e-01;1.2500000e+01;-6.8082318e-02;1.2500000e+01;-5.4236241e-02;1.2500000e+01;-1.6168736e-02;1.2500000e+01;4.0662162e-02;1.2500000e+01;1.1266061e-01;1.2500000e+01;1.8864220e-01;1.2500000e+01;2.2060084e-01;1.2500000e+01;2.0952760e-01;1.2500000e+01;1.9564246e-01;1.2500000e+01;2.3184910e-01;1.2500000e+01;1.9668281e-01;1.2500000e+01;1.4446826e-01;1.2500000e+01;8.9762539e-02;1.2500000e+01;4.3867446e-02;1.2500000e+01;-4.2091906e-03;1.2500000e+01;-4.5332417e-02;1.2500000e+01;-8.8572085e-02;1.2500000e+01;-1.3286453e-01;1.2500000e+01;-6.8082318e-02;1.2500000e+01;-5.4236241e-02;1.2500000e+01;-1.6168736e-02;1.2500000e+01;4.0662162e-02;1.2500000e+01;1.1266061e-01;1.2500000e+01;1.8864220e-01;1.2500000e+01;2.2060084e-01;1.2500000e+01;2.0952760e-01;1.2500000e+01;1.9564246e-01;1.2500000e+01;2.3184910e-01;1.2500000e+01;1.9668281e-01;1.2500000e+01;1.4446826e-01;1.2500000e+01;8.9762539e-02;1.2500000e+01;4.3867446e-02;1.2500000e+01;-4.2091906e-03;1.2500000e+01;-4.5332417e-02;1.2500000e+01;-8.8572085e-02;1.2500000e+01;-1.3286453e-01;1.2500000e+01;-6.8082318e-02;1.2500000e+01;-5.4236241e-02;1.2500000e+01;-1.6168736e-02;1.2500000e+01;4.0662162e-02;1.2500000e+01;1.1266061e-01;1.2500000e+01;1.8864220e-01;1.2500000e+01;2.2060084e-01;1.2500000e+01;2.0952760e-01;1.2500000e+01;1.9564246e-01;1.2500000e+01;2.3184910e-01;1.2500000e+01;1.9668281e-01;1.2500000e+01;1.4446826e-01;1.2500000e+01;8.9762539e-02;1.2500000e+01;4.3867446e-02;1.2500000e+01;-4.2091906e-03;1.2500000e+01;-4.5332417e-02;1.2500000e+01;-8.8572085e-02;1.2500000e+01;-1.3286453e-01;1.2500000e+01;-6.8082318e-02;1.2500000e+01;-5.4236241e-02;1.2500000e+01;-1.6168736e-02;1.2500000e+01;4.0662162e-02;1.2500000e+01;1.1266061e-01;1.2500000e+01;1.8864220e-01;1.2500000e+01;2.2060084e-01;1.2500000e+01;2.0952760e-01;1.2500000e+01;1.9564246e-01;1.2500000e+01;2.3184910e-01;1.2500000e+01;1.9668281e-01;1.2500000e+01;1.4446826e-01;1.2500000e+01;8.9762539e-02;1.2500000e+01;4.3867446e-02;1.2500000e+01;-4.2091906e-03;1.2500000e+01;-4.5332417e-02;1.2500000e+01;-8.8572085e-02;1.2500000e+01;-1.3286453e-01;1.2500000e+01;-6.8082318e-02;1.2500000e+01;-5.4236241e-02;1.2500000e+01;-1.6168736e-02;1.2500000e+01;4.0662162e-02;1.2500000e+01;1.1266061e-01;1.2500000e+01;1.8864220e-01;1.2500000e+01;2.2060084e-01;1.2500000e+01;2.0952760e-01;1.2500000e+01;1.9564246e-01;1.2500000e+01;2.3184910e-01;1.2500000e+01;1.9668281e-01;1.2500000e+01;1.4446826e-01;1.2500000e+01;8.9762539e-02;1.2500000e+01;4.3867446e-02;1.2500000e+01;-4.2091906e-03;1.2500000e+01;-4.5332417e-02;1.2500000e+01;-8.8572085e-02;1.2500000e+01;-1.3286453e-01;1.2500000e+01;-6.8082318e-02;1.2500000e+01;-5.4236241e-02;1.2500000e+01;-1.6168736e-02;1.2500000e+01;4.0662162e-02;1.2500000e+01;1.1266061e-01;1.2500000e+01;1.8864220e-01;1.2500000e+01;2.2060084e-01;1.2500000e+01;2.0952760e-01;1.2500000e+01;1.9564246e-01;1.2500000e+01;2.3184910e-01;1.2500000e+01;1.9668281e-01;1.2500000e+01;1.4446826e-01;1.2500000e+01;8.9762539e-02;1.2500000e+01;4.3867446e-02;1.2500000e+01;-4.2091906e-03;1.2500000e+01;-4.5332417e-02;1.2500000e+01;-8.8572085e-02;1.2500000e+01;-1.3286453e-01;1.2500000e+01;-6.8082318e-02;1.2500000e+01;-5.4236241e-02;1.2500000e+01;-1.6168736e-02;1.2500000e+01;4.0662162e-02;1.2500000e+01;1.1266061e-01;1.2500000e+01;1.8864220e-01;1.2500000e+01;2.2060084e-01;1.2500000e+01;2.0952760e-01;1.2500000e+01;1.9564246e-01;1.2500000e+01;2.3184910e-01;1.2500000e+01;1.9668281e-01;1.2500000e+01;1.4446826e-01;1.2500000e+01;8.9762539e-02;1.2500000e+01;4.3867446e-02;1.2500000e+01;-4.2091906e-03;1.2500000e+01;-4.5332417e-02;1.2500000e+01;-8.8572085e-02;1.2500000e+01;-1.3286453e-01;1.2500000e+01;-6.8082318e-02;1.2500000e+01;-5.4236241e-02;1.2500000e+01;-1.6168736e-02;1.2500000e+01;4.0662162e-02;1.2500000e+01;1.1266061e-01;1.2500000e+01;1.8864220e-01;1.2500000e+01;2.2060084e-01;1.2500000e+01;2.0952760e-01;1.2500000e+01;1.9564246e-01;1.2500000e+01;2.3184910e-01;1.2500000e+01;1.9668281e-01;1.2500000e+01;1.4446826e-01;1.2500000e+01;8.9762539e-02;1.2500000e+01;4.3867446e-02;1.2500000e+01;-4.2091906e-03;1.2500000e+01;-4.5332417e-02;1.2500000e+01;-8.8572085e-02;1.2500000e+01;-1.3286453e-01;1.2500000e+01;-6.8082318e-02;1.2500000e+01;-5.4236241e-02;1.2500000e+01;-1.6168736e-02;1.2500000e+01;4.0662162e-02;1.2500000e+01;1.1266061e-01;1.2500000e+01;1.8864220e-01;1.2500000e+01;2.2060084e-01;1.2500000e+01;2.0952760e-01;1.2500000e+01;1.9564246e-01;1.2500000e+01;2.3184910e-01;1.2500000e+01;1.9668281e-01;1.2500000e+01;1.4446826e-01;1.2500000e+01;8.9762539e-02;1.2500000e+01;4.3867446e-02;1.2500000e+01;-4.2091906e-03;1.2500000e+01;-4.5332417e-02;1.2500000e+01;-8.8572085e-02;1.2500000e+01;-1.3286453e-01;1.2500000e+01;-6.8082318e-02;1.2500000e+01;-5.4236241e-02;1.2500000e+01;-1.6168736e-02;1.2500000e+01;4.0662162e-02;1.2500000e+01;1.1266061e-01;1.2500000e+01;1.8864220e-01;1.2500000e+01;2.2060084e-01;1.2500000e+01;2.0952760e-01;1.2500000e+01;1.9564246e-01;1.2500000e+01;2.3184910e-01;1.2500000e+01;1.9668281e-01;1.2500000e+01;1.4446826e-01;1.2500000e+01;8.9762539e-02;1.2500000e+01;4.3867446e-02;1.2500000e+01;-4.2091906e-03;1.2500000e+01;-4.5332417e-02;1.2500000e+01;-8.8572085e-02;1.2500000e+01;-1.3286453e-01;1.2500000e+01;-6.8082318e-02;1.2500000e+01;-5.4236241e-02;1.2500000e+01;-1.6168736e-02;1.2500000e+01;4.0662162e-02;1.2500000e+01;1.1266061e-01;1.2500000e+01;1.8864220e-01;1.2500000e+01;2.2060084e-01;1.2500000e+01;2.0952760e-01;1.2500000e+01;1.9564246e-01;1.2500000e+01;2.3184910e-01;1.2500000e+01;1.9668281e-01;1.2500000e+01;1.4446826e-01;1.2500000e+01;8.9762539e-02;1.2500000e+01;4.3867446e-02;1.2500000e+01;-4.2091906e-03;1.2500000e+01;-4.5332417e-02;1.2500000e+01;-8.8572085e-02;1.2500000e+01;-1.3286453e-01;1.2500000e+01;-6.8082318e-02;1.2500000e+01;-5.4236241e-02;1.2500000e+01;-1.6168736e-02;1.2500000e+01;4.0662162e-02;1.2500000e+01;1.1266061e-01;1.2500000e+01;1.8864220e-01;1.2500000e+01;2.2060084e-01;1.2500000e+01;2.0952760e-01;1.2500000e+01;1.9564246e-01;1.2500000e+01;2.3184910e-01;1.2500000e+01;1.9668281e-01;1.2500000e+01;1.4446826e-01;1.2500000e+01;8.9762539e-02;1.2500000e+01;4.3867446e-02;1.2500000e+01;-4.2091906e-03;1.2500000e+01;-4.5332417e-02;1.2500000e+01;-8.8572085e-02;1.2500000e+01;-1.3286453e-01;1.2500000e+01;-6.8082318e-02;1.2500000e+01;-5.4236241e-02;1.2500000e+01;-1.6168736e-02;1.2500000e+01;4.0662162e-02;1.2500000e+01;1.1266061e-01;1.2500000e+01;1.8864220e-01;1.2500000e+01;2.2060084e-01;1.2500000e+01;2.0952760e-01;1.2500000e+01;1.9564246e-01;1.2500000e+01;2.3184910e-01;1.2500000e+01;1.9668281e-01;1.2500000e+01;1.4446826e-01;1.2500000e+01;8.9762539e-02;1.2500000e+01;4.3867446e-02;1.2500000e+01;-4.2091906e-03;1.2500000e+01;-4.5332417e-02;1.2500000e+01;-8.8572085e-02;1.2500000e+01;-1.3286453e-01;1.2500000e+01;-6.8082318e-02;1.2500000e+01;-5.4236241e-02;1.2500000e+01;-1.6168736e-02;1.2500000e+01;4.0662162e-02;1.2500000e+01;1.1266061e-01;1.2500000e+01;1.8864220e-01;1.2500000e+01;2.2060084e-01;1.2500000e+01;2.0952760e-01;1.2500000e+01;1.9564246e-01;1.2500000e+01;2.3184910e-01;1.2500000e+01;1.9668281e-01;1.2500000e+01;1.4446826e-01;1.2500000e+01;8.9762539e-02;1.2500000e+01;4.3867446e-02;1.2500000e+01;-4.2091906e-03;1.2500000e+01;-4.5332417e-02;1.2500000e+01;-8.8572085e-02;1.2500000e+01;-1.3286453e-01;1.2500000e+01;-6.8082318e-02;1.2500000e+01;-5.4236241e-02;1.2500000e+01;-1.6168736e-02;1.2500000e+01;4.0662162e-02;1.2500000e+01;1.1266061e-01;1.2500000e+01;1.8864220e-01;1.2500000e+01;2.2060084e-01;1.2500000e+01;2.0952760e-01;1.2500000e+01;1.9564246e-01;1.2500000e+01;2.3184910e-01;1.2500000e+01;1.9668281e-01;1.2500000e+01;1.4446826e-01;1.2500000e+01;8.9762539e-02;1.2500000e+01;4.3867446e-02;1.2500000e+01;-4.2091906e-03;1.2500000e+01;-4.5332417e-02;1.2500000e+01;-8.8572085e-02;1.2500000e+01;-1.3286453e-01;1.2500000e+01;-6.8082318e-02;1.2500000e+01;-5.4236241e-02;1.2500000e+01;-1.6168736e-02;1.2500000e+01;4.0662162e-02;1.2500000e+01;1.1266061e-01;1.2500000e+01;1.8864220e-01;1.2500000e+01;2.2060084e-01;1.2500000e+01;2.0952760e-01;1.2500000e+01;1.9564246e-01;1.2500000e+01;2.3184910e-01;1.2500000e+01;1.9668281e-01;1.2500000e+01;1.4446826e-01;1.2500000e+01;8.9762539e-02;1.2500000e+01;4.3867446e-02;1.2500000e+01;-4.2091906e-03;1.2500000e+01;-4.5332417e-02;1.2500000e+01;-8.8572085e-02;1.2500000e+01;-1.3286453e-01;1.2500000e+01;-6.8082318e-02;1.2500000e+01;-5.4236241e-02;1.2500000e+01;-1.6168736e-02;1.2500000e+01;4.0662162e-02;1.2500000e+01;1.1266061e-01;1.2500000e+01;1.8864220e-01;1.2500000e+01;2.2060084e-01;1.2500000e+01;2.0952760e-01;1.2500000e+01;1.9564246e-01;1.2500000e+01;2.3184910e-01;1.2500000e+01;1.9668281e-01;1.2500000e+01;1.4446826e-01;1.2500000e+01;8.9762539e-02;1.2500000e+01;4.3867446e-02;1.2500000e+01;-4.2091906e-03;1.2500000e+01;-4.5332417e-02;1.2500000e+01;-8.8572085e-02;1.2500000e+01;-1.3286453e-01;1.2500000e+01;-6.8082318e-02;1.2500000e+01;-5.4236241e-02;1.2500000e+01;-1.6168736e-02;1.2500000e+01;4.0662162e-02;1.2500000e+01;1.1266061e-01;1.2500000e+01;1.8864220e-01;1.2500000e+01;2.2060084e-01;1.2500000e+01;2.0952760e-01;1.2500000e+01;1.9564246e-01;1.2500000e+01;2.3184910e-01;1.2500000e+01;1.9668281e-01;1.2500000e+01;1.4446826e-01;1.2500000e+01;8.9762539e-02;1.2500000e+01;4.3867446e-02;1.2500000e+01;-4.2091906e-03;1.2500000e+01;-4.5332417e-02;1.2500000e+01;-8.8572085e-02;1.2500000e+01;-1.3286453e-01;1.2500000e+01;-6.8082318e-02;1.2500000e+01;-5.4236241e-02;1.2500000e+01;-1.6168736e-02;1.2500000e+01;4.0662162e-02;1.2500000e+01;1.1266061e-01;1.2500000e+01;1.8864220e-01;1.2500000e+01;2.2060084e-01;1.2500000e+01;2.0952760e-01;1.2500000e+01;1.9564246e-01;1.2500000e+01;2.3184910e-01;1.2500000e+01;1.9668281e-01;1.2500000e+01;1.4446826e-01;1.2500000e+01;8.9762539e-02;1.2500000e+01;4.3867446e-02;1.2500000e+01;-4.2091906e-03;1.2500000e+01;-4.5332417e-02;1.2500000e+01;-8.8572085e-02;1.2500000e+01;-1.3286453e-01;1.2500000e+01;-6.8082318e-02;1.2500000e+01;-5.4236241e-02;1.2500000e+01;-1.6168736e-02;1.2500000e+01;4.0662162e-02;1.2500000e+01;1.1266061e-01;1.2500000e+01;1.8864220e-01;1.2500000e+01;2.2060084e-01;1.2500000e+01;2.0952760e-01;1.2500000e+01;1.9564246e-01;1.2500000e+01;2.3184910e-01;1.2500000e+01;1.9668281e-01;1.2500000e+01;1.4446826e-01;1.2500000e+01;8.9762539e-02;1.2500000e+01;4.3867446e-02;1.2500000e+01;-4.2091906e-03;1.2500000e+01;-4.5332417e-02;1.2500000e+01;-8.8572085e-02;1.2500000e+01;-1.3286453e-01;1.2500000e+01;-6.8082318e-02;1.2500000e+01;-5.4236241e-02;1.2500000e+01;-1.6168736e-02;1.2500000e+01;4.0662162e-02;1.2500000e+01;1.1266061e-01;1.2500000e+01;1.8864220e-01;1.2500000e+01;2.2060084e-01;1.2500000e+01;2.0952760e-01;1.2500000e+01;1.9564246e-01;1.2500000e+01;2.3184910e-01;1.2500000e+01;1.9668281e-01;1.2500000e+01;1.4446826e-01;1.2500000e+01;8.9762539e-02;1.2500000e+01;4.3867446e-02;1.2500000e+01;-4.2091906e-03;1.2500000e+01;-4.5332417e-02;1.2500000e+01;-8.8572085e-02;1.2500000e+01;-1.3286453e-01;1.2500000e+01;-6.8082318e-02;1.2500000e+01;-5.4236241e-02;1.2500000e+01;-1.6168736e-02;1.2500000e+01;4.0662162e-02;1.2500000e+01;1.1266061e-01;1.2500000e+01;1.8864220e-01;1.2500000e+01;2.2060084e-01;1.2500000e+01;2.0952760e-01;1.2500000e+01;1.9564246e-01;1.2500000e+01;2.3184910e-01;1.2500000e+01;1.9668281e-01;1.2500000e+01;1.4446826e-01;1.2500000e+01;8.9762539e-02;1.2500000e+01;4.3867446e-02;1.2500000e+01;-4.2091906e-03;1.2500000e+01;-4.5332417e-02;1.2500000e+01;-8.8572085e-02;1.2500000e+01;-1.3286453e-01;1.2500000e+01;-6.8082318e-02;1.2500000e+01;-5.4236241e-02;1.2500000e+01;-1.6168736e-02;1.2500000e+01;4.0662162e-02;1.2500000e+01;1.1266061e-01;1.2500000e+01;1.8864220e-01;1.2500000e+01;2.2060084e-01;1.2500000e+01;2.0952760e-01;1.2500000e+01;1.9564246e-01;1.2500000e+01;2.3184910e-01;1.2500000e+01;1.9668281e-01;1.2500000e+01;1.4446826e-01;1.2500000e+01;8.9762539e-02;1.2500000e+01;4.3867446e-02;1.2500000e+01;-4.2091906e-03;1.2500000e+01;-4.5332417e-02;1.2500000e+01;-8.8572085e-02;1.2500000e+01;-1.3286453e-01;1.2500000e+01;-6.8082318e-02;1.2500000e+01;-5.4236241e-02;1.2500000e+01;-1.6168736e-02;1.2500000e+01;4.0662162e-02;1.2500000e+01;1.1266061e-01;1.2500000e+01;1.8864220e-01;1.2500000e+01;2.2060084e-01;1.2500000e+01;2.0952760e-01;1.2500000e+01;1.9564246e-01;1.2500000e+01;2.3184910e-01;1.2500000e+01;1.9668281e-01;1.2500000e+01;1.4446826e-01;1.2500000e+01;8.9762539e-02;1.2500000e+01;4.3867446e-02;1.2500000e+01;-4.2091906e-03;1.2500000e+01;-4.5332417e-02;1.2500000e+01;-8.8572085e-02;1.2500000e+01;-1.3286453e-01;1.2500000e+01;-6.8082318e-02;1.2500000e+01;-5.4236241e-02;1.2500000e+01;-1.6168736e-02;1.2500000e+01;4.0662162e-02;1.2500000e+01;1.1266061e-01;1.2500000e+01;1.8864220e-01;1.2500000e+01;2.2060084e-01;1.2500000e+01;2.0952760e-01;1.2500000e+01;1.9564246e-01;1.2500000e+01;2.3184910e-01;1.2500000e+01;1.9668281e-01;1.2500000e+01;1.4446826e-01;1.2500000e+01;8.9762539e-02;1.2500000e+01;4.3867446e-02;1.2500000e+01;-4.2091906e-03;1.2500000e+01;-4.5332417e-02;1.2500000e+01;-8.8572085e-02;1.2500000e+01;-1.3286453e-01;1.2500000e+01;-6.8082318e-02;1.2500000e+01;-5.4236241e-02;1.2500000e+01;-1.6168736e-02;1.2500000e+01;4.0662162e-02;1.2500000e+01;1.1266061e-01;1.2500000e+01;1.8864220e-01;1.2500000e+01;2.2060084e-01;1.2500000e+01;2.0952760e-01;1.2500000e+01;1.9564246e-01;1.2500000e+01;2.3184910e-01;1.2500000e+01;1.9668281e-01;1.2500000e+01;1.4446826e-01;1.2500000e+01;8.9762539e-02;1.2500000e+01;4.3867446e-02;1.2500000e+01;-4.2091906e-03;1.2500000e+01;-4.5332417e-02;1.2500000e+01;-8.8572085e-02;1.2500000e+01;-1.3286453e-01;1.2500000e+01;-6.8082318e-02;1.2500000e+01;-5.4236241e-02;1.2500000e+01;-1.6168736e-02;1.2500000e+01;4.0662162e-02;1.2500000e+01;1.1266061e-01;1.2500000e+01;1.8864220e-01;1.2500000e+01;2.2060084e-01;1.2500000e+01;2.0952760e-01;1.2500000e+01;1.9564246e-01;1.2500000e+01;2.3184910e-01;1.2500000e+01;1.9668281e-01;1.2500000e+01;1.4446826e-01;1.2500000e+01;8.9762539e-02;1.2500000e+01;4.3867446e-02;1.2500000e+01;-4.2091906e-03;1.2500000e+01;-4.5332417e-02;1.2500000e+01;-8.8572085e-02;1.2500000e+01;-1.3286453e-01;1.2500000e+01;-6.8082318e-02;1.2500000e+01;-5.4236241e-02;1.2500000e+01;-1.6168736e-02;1.2500000e+01;4.0662162e-02;1.2500000e+01;1.1266061e-01;1.2500000e+01;1.8864220e-01;1.2500000e+01;2.2060084e-01;1.2500000e+01;2.0952760e-01;1.2500000e+01;1.9564246e-01;1.2500000e+01;2.3184910e-01;1.2500000e+01;1.9668281e-01;1.2500000e+01;1.4446826e-01;1.2500000e+01;8.9762539e-02;1.2500000e+01;4.3867446e-02;1.2500000e+01;-4.2091906e-03;1.2500000e+01;-4.5332417e-02;1.2500000e+01;-8.8572085e-02;1.2500000e+01;-1.3286453e-01;1.2500000e+01;-6.8082318e-02;1.2500000e+01;-5.4236241e-02;1.2500000e+01;-1.6168736e-02;1.2500000e+01;4.0662162e-02;1.2500000e+01;1.1266061e-01;1.2500000e+01;1.8864220e-01;1.2500000e+01;2.2060084e-01;1.2500000e+01;2.0952760e-01;1.2500000e+01;1.9564246e-01;1.2500000e+01;2.3184910e-01;1.2500000e+01;1.9668281e-01;1.2500000e+01;1.4446826e-01;1.2500000e+01;8.9762539e-02;1.2500000e+01;4.3867446e-02;1.2500000e+01;-4.2091906e-03;1.2500000e+01;-4.5332417e-02;1.2500000e+01;-8.8572085e-02;1.2500000e+01;-1.3286453e-01;1.2500000e+01;-6.8082318e-02;1.2500000e+01;-5.4236241e-02;1.2500000e+01;-1.6168736e-02;1.2500000e+01;4.0662162e-02;1.2500000e+01;1.1266061e-01;1.2500000e+01;1.8864220e-01;1.2500000e+01;2.2060084e-01;1.2500000e+01;2.0952760e-01;1.2500000e+01;1.9564246e-01;1.2500000e+01;2.3184910e-01;1.2500000e+01;1.9668281e-01;1.2500000e+01;1.4446826e-01;1.2500000e+01;8.9762539e-02;1.2500000e+01;4.3867446e-02;1.2500000e+01;-4.2091906e-03;1.2500000e+01;-4.5332417e-02;1.2500000e+01;-8.8572085e-02;1.2500000e+01;-1.3286453e-01;1.2500000e+01;-6.8082318e-02;1.2500000e+01;-5.4236241e-02;1.2500000e+01;-1.6168736e-02;1.2500000e+01;4.0662162e-02;1.2500000e+01;1.1266061e-01;1.2500000e+01;1.8864220e-01;1.2500000e+01;2.2060084e-01;1.2500000e+01;2.0952760e-01;1.2500000e+01;1.9564246e-01;1.2500000e+01;2.3184910e-01;1.2500000e+01;1.9668281e-01;1.2500000e+01;1.4446826e-01;1.2500000e+01;8.9762539e-02;1.2500000e+01;4.3867446e-02;1.2500000e+01;-4.2091906e-03;1.2500000e+01;-4.5332417e-02;1.2500000e+01;-8.8572085e-02;1.2500000e+01;-1.3286453e-01;1.2500000e+01;-6.8082318e-02;1.2500000e+01;-5.4236241e-02;1.2500000e+01;-1.6168736e-02;1.2500000e+01;4.0662162e-02;1.2500000e+01;1.1266061e-01;1.2500000e+01;1.8864220e-01;1.2500000e+01;2.2060084e-01;1.2500000e+01;2.0952760e-01;1.2500000e+01;1.9564246e-01;1.2500000e+01;2.3184910e-01;1.2500000e+01;1.9668281e-01;1.2500000e+01;1.4446826e-01;1.2500000e+01;8.9762539e-02;1.2500000e+01;4.3867446e-02;1.2500000e+01;-4.2091906e-03;1.2500000e+01;-4.5332417e-02;1.2500000e+01;-8.8572085e-02;1.2500000e+01;-1.3286453e-01;1.2500000e+01;-6.8082318e-02;1.2500000e+01;-5.4236241e-02;1.2500000e+01;-1.6168736e-02;1.2500000e+01;4.0662162e-02;1.2500000e+01;1.1266061e-01;1.2500000e+01;1.8864220e-01;1.2500000e+01;2.2060084e-01;1.2500000e+01;2.0952760e-01;1.2500000e+01;1.9564246e-01;1.2500000e+01;2.3184910e-01;1.2500000e+01;1.9668281e-01;1.2500000e+01;1.4446826e-01;1.2500000e+01;8.9762539e-02;1.2500000e+01;4.3867446e-02;1.2500000e+01;-4.2091906e-03;1.2500000e+01;-4.5332417e-02;1.2500000e+01;-8.8572085e-02;1.2500000e+01;-1.3286453e-01;1.2500000e+01;-6.8082318e-02;1.2500000e+01;-5.4236241e-02;1.2500000e+01;-1.6168736e-02;1.2500000e+01;4.0662162e-02;1.2500000e+01;1.1266061e-01;1.2500000e+01;1.8864220e-01;1.2500000e+01;2.2060084e-01;1.2500000e+01;2.0952760e-01;1.2500000e+01;1.9564246e-01;1.2500000e+01;2.3184910e-01;1.2500000e+01;1.9668281e-01;1.2500000e+01;1.4446826e-01;1.2500000e+01;8.9762539e-02;1.2500000e+01;4.3867446e-02;1.2500000e+01;-4.2091906e-03;1.2500000e+01;-4.5332417e-02;1.2500000e+01;-8.8572085e-02;1.2500000e+01;-1.3286453e-01;1.2500000e+01;-6.8082318e-02;1.2500000e+01;-5.4236241e-02;1.2500000e+01;-1.6168736e-02;1.2500000e+01;4.0662162e-02;1.2500000e+01;1.1266061e-01;1.2500000e+01;1.8864220e-01;1.2500000e+01;2.2060084e-01;1.2500000e+01;2.0952760e-01;1.2500000e+01;1.9564246e-01;1.2500000e+01;2.3184910e-01;1.2500000e+01;1.9668281e-01;1.2500000e+01;1.4446826e-01;1.2500000e+01;8.9762539e-02;1.2500000e+01;4.3867446e-02;1.2500000e+01;-4.2091906e-03;1.2500000e+01;-4.5332417e-02;1.2500000e+01;-8.8572085e-02;1.2500000e+01;-1.3286453e-01;1.2500000e+01;-6.8082318e-02;1.2500000e+01;-5.4236241e-02;1.2500000e+01;-1.6168736e-02;1.2500000e+01;4.0662162e-02;1.2500000e+01;1.1266061e-01;1.2500000e+01;1.8864220e-01;1.2500000e+01;2.2060084e-01;1.2500000e+01;2.0952760e-01;1.2500000e+01;1.9564246e-01;1.2500000e+01;2.3184910e-01;1.2500000e+01;1.9668281e-01;1.2500000e+01;1.4446826e-01;1.2500000e+01;8.9762539e-02;1.2500000e+01;4.3867446e-02;1.2500000e+01;-4.2091906e-03;1.2500000e+01;-4.5332417e-02;1.2500000e+01;-8.8572085e-02;1.2500000e+01;-1.3286453e-01;1.2500000e+01;-6.8082318e-02;1.2500000e+01;-5.4236241e-02;1.2500000e+01;-1.6168736e-02;1.2500000e+01;4.0662162e-02;1.2500000e+01;1.1266061e-01;1.2500000e+01;1.8864220e-01;1.2500000e+01;2.2060084e-01;1.2500000e+01;2.0952760e-01;1.2500000e+01;1.9564246e-01;1.2500000e+01;2.3184910e-01;1.2500000e+01;1.9668281e-01;1.2500000e+01;1.4446826e-01;1.2500000e+01;8.9762539e-02;1.2500000e+01;4.3867446e-02;1.2500000e+01;-4.2091906e-03;1.2500000e+01;-4.5332417e-02;1.2500000e+01;-8.8572085e-02;1.2500000e+01;-1.3286453e-01;1.2500000e+01;-6.8082318e-02;1.2500000e+01;-5.4236241e-02;1.2500000e+01;-1.6168736e-02;1.2500000e+01;4.0662162e-02;1.2500000e+01;1.1266061e-01;1.2500000e+01;1.8864220e-01;1.2500000e+01;2.2060084e-01;1.2500000e+01;2.0952760e-01;1.2500000e+01;1.9564246e-01;1.2500000e+01;2.3184910e-01;1.2500000e+01;1.9668281e-01;1.2500000e+01;1.4446826e-01;1.2500000e+01;8.9762539e-02;1.2500000e+01;4.3867446e-02;1.2500000e+01;-4.2091906e-03;1.2500000e+01;-4.5332417e-02;1.2500000e+01;-8.8572085e-02;1.2500000e+01;-1.3286453e-01;1.2500000e+01;-6.8082318e-02;1.2500000e+01;-5.4236241e-02;1.2500000e+01;-1.6168736e-02;1.2500000e+01;4.0662162e-02;1.2500000e+01;1.1266061e-01;1.2500000e+01;1.8864220e-01;1.2500000e+01;2.2060084e-01;1.2500000e+01;2.0952760e-01;1.2500000e+01;1.9564246e-01;1.2500000e+01;2.3184910e-01;1.2500000e+01;1.9668281e-01;1.2500000e+01;1.4446826e-01;1.2500000e+01;8.9762539e-02;1.2500000e+01;4.3867446e-02;1.2500000e+01;-4.2091906e-03;1.2500000e+01;-4.5332417e-02;1.2500000e+01;-8.8572085e-02;1.2500000e+01;-1.3286453e-01;1.2500000e+01;-6.8082318e-02;1.2500000e+01;-5.4236241e-02;1.2500000e+01;-1.6168736e-02;1.2500000e+01;4.0662162e-02;1.2500000e+01;1.1266061e-01;1.2500000e+01;1.8864220e-01;1.2500000e+01;2.2060084e-01;1.2500000e+01;2.0952760e-01;1.2500000e+01;1.9564246e-01;1.2500000e+01;2.3184910e-01;1.2500000e+01;1.9668281e-01;1.2500000e+01;1.4446826e-01;1.2500000e+01;8.9762539e-02;1.2500000e+01;4.3867446e-02;1.2500000e+01;-4.2091906e-03;1.2500000e+01;-4.5332417e-02;1.2500000e+01;-8.8572085e-02;1.2500000e+01;-1.3286453e-01;1.2500000e+01;-6.8082318e-02;1.2500000e+01;-5.4236241e-02;1.2500000e+01;-1.6168736e-02;1.2500000e+01;4.0662162e-02;1.2500000e+01;1.1266061e-01;1.2500000e+01;1.8864220e-01;1.2500000e+01;2.2060084e-01;1.2500000e+01;2.0952760e-01;1.2500000e+01;1.9564246e-01;1.2500000e+01;2.3184910e-01;1.2500000e+01;1.9668281e-01;1.2500000e+01;1.4446826e-01;1.2500000e+01;8.9762539e-02;1.2500000e+01;4.3867446e-02;1.2500000e+01;-4.2091906e-03;1.2500000e+01;-4.5332417e-02;1.2500000e+01;-8.8572085e-02;1.2500000e+01;-1.3286453e-01;1.2500000e+01;-6.8082318e-02;1.2500000e+01;-5.4236241e-02;1.2500000e+01;-1.6168736e-02;1.2500000e+01;4.0662162e-02;1.2500000e+01;1.1266061e-01;1.2500000e+01;1.8864220e-01;1.2500000e+01;2.2060084e-01;1.2500000e+01;2.0952760e-01;1.2500000e+01;1.9564246e-01;1.2500000e+01;2.3184910e-01;1.2500000e+01;1.9668281e-01;1.2500000e+01;1.4446826e-01;1.2500000e+01;8.9762539e-02;1.2500000e+01;4.3867446e-02;1.2500000e+01;-4.2091906e-03;1.2500000e+01;-4.5332417e-02;1.2500000e+01;-8.8572085e-02;1.2500000e+01;-1.3286453e-01;1.2500000e+01;-6.8082318e-02;1.2500000e+01;-5.4236241e-02;1.2500000e+01;-1.6168736e-02;1.2500000e+01;4.0662162e-02;1.2500000e+01;1.1266061e-01;1.2500000e+01;1.8864220e-01;1.2500000e+01;2.2060084e-01;1.2500000e+01;2.0952760e-01;1.2500000e+01;1.9564246e-01;1.2500000e+01;2.3184910e-01;1.2500000e+01;1.9668281e-01;1.2500000e+01;1.4446826e-01;1.2500000e+01;8.9762539e-02;1.2500000e+01;4.3867446e-02;1.2500000e+01;-4.2091906e-03;1.2500000e+01;-4.5332417e-02;1.2500000e+01;-8.8572085e-02;1.2500000e+01;-1.3286453e-01;1.2500000e+01;-6.8082318e-02;1.2500000e+01;-5.4236241e-02;1.2500000e+01;-1.6168736e-02;1.2500000e+01;4.0662162e-02;1.2500000e+01;1.1266061e-01;1.2500000e+01;1.8864220e-01;1.2500000e+01;2.2060084e-01;1.2500000e+01;2.0952760e-01;1.2500000e+01;1.9564246e-01;1.2500000e+01;2.3184910e-01;1.2500000e+01;1.9668281e-01;1.2500000e+01;1.4446826e-01;1.2500000e+01;8.9762539e-02;1.2500000e+01;4.3867446e-02;1.2500000e+01;-4.2091906e-03;1.2500000e+01;-4.5332417e-02;1.2500000e+01;-8.8572085e-02;1.2500000e+01;-1.3286453e-01;1.2500000e+01;-6.8082318e-02;1.2500000e+01;-5.4236241e-02;1.2500000e+01;-1.6168736e-02;1.2500000e+01;4.0662162e-02;1.2500000e+01;1.1266061e-01;1.2500000e+01;1.8864220e-01;1.2500000e+01;2.2060084e-01;1.2500000e+01;2.0952760e-01;1.2500000e+01;1.9564246e-01;1.2500000e+01;2.3184910e-01;1.2500000e+01;1.9668281e-01;1.2500000e+01;1.4446826e-01;1.2500000e+01;8.9762539e-02;1.2500000e+01;4.3867446e-02;1.2500000e+01;-4.2091906e-03;1.2500000e+01;-4.5332417e-02;1.2500000e+01;-8.8572085e-02;1.2500000e+01;-1.3286453e-01;1.2500000e+01;-6.8082318e-02;1.2500000e+01;-5.4236241e-02;1.2500000e+01;-1.6168736e-02;1.2500000e+01;4.0662162e-02;1.2500000e+01;1.1266061e-01;1.2500000e+01;1.8864220e-01;1.2500000e+01;2.2060084e-01;1.2500000e+01;2.0952760e-01;1.2500000e+01;1.9564246e-01;1.2500000e+01;2.3184910e-01;1.2500000e+01;1.9668281e-01;1.2500000e+01;1.4446826e-01;1.2500000e+01;8.9762539e-02;1.2500000e+01;4.3867446e-02;1.2500000e+01;-4.2091906e-03;1.2500000e+01;-4.5332417e-02;1.2500000e+01;-8.8572085e-02;1.2500000e+01;-1.3286453e-01;1.2500000e+01;-6.8082318e-02;1.2500000e+01;-5.4236241e-02;1.2500000e+01;-1.6168736e-02;1.2500000e+01;4.0662162e-02;1.2500000e+01;1.1266061e-01;1.2500000e+01;1.8864220e-01;1.2500000e+01;2.2060084e-01;1.2500000e+01;2.0952760e-01;1.2500000e+01;1.9564246e-01;1.2500000e+01;2.3184910e-01;1.2500000e+01;1.9668281e-01;1.2500000e+01;1.4446826e-01;1.2500000e+01;8.9762539e-02;1.2500000e+01;4.3867446e-02;1.2500000e+01;-4.2091906e-03;1.2500000e+01;-4.5332417e-02;1.2500000e+01;-8.8572085e-02;1.2500000e+01;-1.3286453e-01;1.2500000e+01;-6.8082318e-02;1.2500000e+01;-5.4236241e-02;1.2500000e+01;-1.6168736e-02;1.2500000e+01;4.0662162e-02;1.2500000e+01;1.1266061e-01;1.2500000e+01;1.8864220e-01;1.2500000e+01;2.2060084e-01;1.2500000e+01;2.0952760e-01;1.2500000e+01;1.9564246e-01;1.2500000e+01;2.3184910e-01;1.2500000e+01;1.9668281e-01;1.2500000e+01;1.4446826e-01;1.2500000e+01;8.9762539e-02;1.2500000e+01;4.3867446e-02;1.2500000e+01;-4.2091906e-03;1.2500000e+01;-4.5332417e-02;1.2500000e+01;-8.8572085e-02;1.2500000e+01;-1.3286453e-01;1.2500000e+01;-6.8082318e-02;1.2500000e+01;-5.4236241e-02;1.2500000e+01;-1.6168736e-02;1.2500000e+01;4.0662162e-02;1.2500000e+01;1.1266061e-01;1.2500000e+01;1.8864220e-01;1.2500000e+01;2.2060084e-01;1.2500000e+01;2.0952760e-01;1.2500000e+01;1.9564246e-01;1.2500000e+01;2.3184910e-01;1.2500000e+01;1.9668281e-01;1.2500000e+01;1.4446826e-01;1.2500000e+01;8.9762539e-02;1.2500000e+01;4.3867446e-02;1.2500000e+01;-4.2091906e-03;1.2500000e+01;-4.5332417e-02;1.2500000e+01;-8.8572085e-02;1.2500000e+01;-1.3286453e-01;1.2500000e+01;-6.8082318e-02;1.2500000e+01;-5.4236241e-02;1.2500000e+01;-1.6168736e-02;1.2500000e+01;4.0662162e-02;1.2500000e+01;1.1266061e-01;1.2500000e+01;1.8864220e-01;1.2500000e+01;2.2060084e-01;1.2500000e+01;2.0952760e-01;1.2500000e+01;1.9564246e-01;1.2500000e+01;2.3184910e-01;1.2500000e+01;1.9668281e-01;1.2500000e+01;1.4446826e-01;1.2500000e+01;8.9762539e-02;1.2500000e+01;4.3867446e-02;1.2500000e+01;-4.2091906e-03;1.2500000e+01;-4.5332417e-02;1.2500000e+01;-8.8572085e-02;1.2500000e+01;-1.3286453e-01;1.2500000e+01;-6.8082318e-02;1.2500000e+01;-5.4236241e-02;1.2500000e+01;-1.6168736e-02;1.2500000e+01;4.0662162e-02;1.2500000e+01;1.1266061e-01;1.2500000e+01;1.8864220e-01;1.2500000e+01;2.2060084e-01;1.2500000e+01;2.0952760e-01;1.2500000e+01;1.9564246e-01;1.2500000e+01;2.3184910e-01;1.2500000e+01;1.9668281e-01;1.2500000e+01;1.4446826e-01;1.2500000e+01;8.9762539e-02;1.2500000e+01;4.3867446e-02;1.2500000e+01;-4.2091906e-03;1.2500000e+01;-4.5332417e-02;1.2500000e+01;-8.8572085e-02;1.2500000e+01;-1.3286453e-01;1.2500000e+01;-6.8082318e-02;1.2500000e+01;-5.4236241e-02;1.2500000e+01;-1.6168736e-02;1.2500000e+01;4.0662162e-02;1.2500000e+01;1.1266061e-01;1.2500000e+01;1.8864220e-01;1.2500000e+01;2.2060084e-01;1.2500000e+01;2.0952760e-01;1.2500000e+01;1.9564246e-01;1.2500000e+01;2.3184910e-01;1.2500000e+01;1.9668281e-01;1.2500000e+01;1.4446826e-01;1.2500000e+01;8.9762539e-02;1.2500000e+01;4.3867446e-02;1.2500000e+01;-4.2091906e-03;1.2500000e+01;-4.5332417e-02;1.2500000e+01;-8.8572085e-02;1.2500000e+01;-1.3286453e-01;1.2500000e+01;-6.8082318e-02;1.2500000e+01;-5.4236241e-02;1.2500000e+01;-1.6168736e-02;1.2500000e+01;4.0662162e-02;1.2500000e+01;1.1266061e-01;1.2500000e+01;1.8864220e-01;1.2500000e+01;2.2060084e-01;1.2500000e+01;2.0952760e-01;1.2500000e+01;1.9564246e-01;1.2500000e+01;2.3184910e-01;1.2500000e+01;1.9668281e-01;1.2500000e+01;1.4446826e-01;1.2500000e+01;8.9762539e-02;1.2500000e+01;4.3867446e-02;1.2500000e+01;-4.2091906e-03;1.2500000e+01;-4.5332417e-02;1.2500000e+01;-8.8572085e-02;1.2500000e+01;-1.3286453e-01;1.2500000e+01;-6.8082318e-02;1.2500000e+01;-5.4236241e-02;1.2500000e+01;-1.6168736e-02;1.2500000e+01;4.0662162e-02;1.2500000e+01;1.1266061e-01;1.2500000e+01;1.8864220e-01;1.2500000e+01;2.2060084e-01;1.2500000e+01;2.0952760e-01;1.2500000e+01;1.9564246e-01;1.2500000e+01;2.3184910e-01;1.2500000e+01;1.9668281e-01;1.2500000e+01;1.4446826e-01;1.2500000e+01;8.9762539e-02;1.2500000e+01;4.3867446e-02;1.2500000e+01;-4.2091906e-03;1.2500000e+01;-4.5332417e-02;1.2500000e+01;-8.8572085e-02;1.2500000e+01;-1.3286453e-01;1.2500000e+01;-6.8082318e-02;1.2500000e+01;-5.4236241e-02;1.2500000e+01;-1.6168736e-02;1.2500000e+01;4.0662162e-02;1.2500000e+01;1.1266061e-01;1.2500000e+01;1.8864220e-01;1.2500000e+01;2.2060084e-01;1.2500000e+01;2.0952760e-01;1.2500000e+01;1.9564246e-01;1.2500000e+01;2.3184910e-01;1.2500000e+01;1.9668281e-01;1.2500000e+01;1.4446826e-01;1.2500000e+01;8.9762539e-02;1.2500000e+01;4.3867446e-02;1.2500000e+01;-4.2091906e-03;1.2500000e+01;-4.5332417e-02;1.2500000e+01;-8.8572085e-02;1.2500000e+01;-1.3286453e-01;1.2500000e+01;-6.8082318e-02;1.2500000e+01;-5.4236241e-02;1.2500000e+01;-1.6168736e-02;1.2500000e+01;4.0662162e-02;1.2500000e+01;1.1266061e-01;1.2500000e+01;1.8864220e-01;1.2500000e+01;2.2060084e-01;1.2500000e+01;2.0952760e-01;1.2500000e+01;1.9564246e-01;1.2500000e+01;2.3184910e-01;1.2500000e+01;1.9668281e-01;1.2500000e+01;1.4446826e-01;1.2500000e+01;8.9762539e-02;1.2500000e+01;4.3867446e-02;1.2500000e+01;-4.2091906e-03;1.2500000e+01;-4.5332417e-02;1.2500000e+01;-8.8572085e-02;1.2500000e+01;-1.3286453e-01;1.2500000e+01;-6.8082318e-02;1.2500000e+01;-5.4236241e-02;1.2500000e+01;-1.6168736e-02;1.2500000e+01;4.0662162e-02;1.2500000e+01;1.1266061e-01;1.2500000e+01;1.8864220e-01;1.2500000e+01;2.2060084e-01;1.2500000e+01;2.0952760e-01;1.2500000e+01;1.9564246e-01;1.2500000e+01;2.3184910e-01;1.2500000e+01;1.9668281e-01;1.2500000e+01;1.4446826e-01;1.2500000e+01;8.9762539e-02;1.2500000e+01;4.3867446e-02;1.2500000e+01;-4.2091906e-03;1.2500000e+01;-4.5332417e-02;1.2500000e+01;-8.8572085e-02;1.2500000e+01;-1.3286453e-01;1.2500000e+01;-6.8082318e-02;1.2500000e+01;-5.4236241e-02;1.2500000e+01;-1.6168736e-02;1.2500000e+01;4.0662162e-02;1.2500000e+01;1.1266061e-01;1.2500000e+01;1.8864220e-01;1.2500000e+01;2.2060084e-01;1.2500000e+01;2.0952760e-01;1.2500000e+01;1.9564246e-01;1.2500000e+01;2.3184910e-01;1.2500000e+01;1.9668281e-01;1.2500000e+01;1.4446826e-01;1.2500000e+01;8.9762539e-02;1.2500000e+01;4.3867446e-02;1.2500000e+01;-4.2091906e-03;1.2500000e+01;-4.5332417e-02;1.2500000e+01;-8.8572085e-02;1.2500000e+01;-1.3286453e-01;1.2500000e+01;-6.8082318e-02;1.2500000e+01;-5.4236241e-02;1.2500000e+01;-1.6168736e-02;1.2500000e+01;4.0662162e-02;1.2500000e+01;1.1266061e-01;1.2500000e+01;1.8864220e-01;1.2500000e+01;2.2060084e-01;1.2500000e+01;2.0952760e-01;1.2500000e+01;1.9564246e-01;1.2500000e+01;2.3184910e-01;1.2500000e+01;1.9668281e-01;1.2500000e+01;1.4446826e-01;1.2500000e+01;8.9762539e-02;1.2500000e+01;4.3867446e-02;1.2500000e+01;-4.2091906e-03;1.2500000e+01;-4.5332417e-02;1.2500000e+01;-8.8572085e-02;1.2500000e+01;-1.3286453e-01;1.2500000e+01;-6.8082318e-02;1.2500000e+01;-5.4236241e-02;1.2500000e+01;-1.6168736e-02;1.2500000e+01;4.0662162e-02;1.2500000e+01;1.1266061e-01;1.2500000e+01;1.8864220e-01;1.2500000e+01;2.2060084e-01;1.2500000e+01;2.0952760e-01;1.2500000e+01;1.9564246e-01;1.2500000e+01;2.3184910e-01;1.2500000e+01;1.9668281e-01;1.2500000e+01;1.4446826e-01;1.2500000e+01;8.9762539e-02;1.2500000e+01;4.3867446e-02;1.2500000e+01;-4.2091906e-03;1.2500000e+01;-4.5332417e-02;1.2500000e+01;-8.8572085e-02;1.2500000e+01;-1.3286453e-01;1.2500000e+01;-6.8082318e-02;1.2500000e+01;-5.4236241e-02;1.2500000e+01;-1.6168736e-02;1.2500000e+01;4.0662162e-02;1.2500000e+01;1.1266061e-01;1.2500000e+01;1.8864220e-01;1.2500000e+01;2.2060084e-01;1.2500000e+01;2.0952760e-01;1.2500000e+01;1.9564246e-01;1.2500000e+01;2.3184910e-01;1.2500000e+01;1.9668281e-01;1.2500000e+01;1.4446826e-01;1.2500000e+01;8.9762539e-02;1.2500000e+01;4.3867446e-02;1.2500000e+01;-4.2091906e-03;1.2500000e+01;-4.5332417e-02;1.2500000e+01;-8.8572085e-02;1.2500000e+01;-1.3286453e-01;1.2500000e+01;-6.8082318e-02;1.2500000e+01;-5.4236241e-02;1.2500000e+01;-1.6168736e-02;1.2500000e+01;4.0662162e-02;1.2500000e+01;1.1266061e-01;1.2500000e+01;1.8864220e-01;1.2500000e+01;2.2060084e-01;1.2500000e+01;2.0952760e-01;1.2500000e+01;1.9564246e-01;1.2500000e+01;2.3184910e-01;1.2500000e+01;1.9668281e-01;1.2500000e+01;1.4446826e-01;1.2500000e+01;8.9762539e-02;1.2500000e+01;4.3867446e-02;1.2500000e+01;-4.2091906e-03;1.2500000e+01;-4.5332417e-02;1.2500000e+01;-8.8572085e-02;1.2500000e+01;-1.3286453e-01;1.2500000e+01;-6.8082318e-02;1.2500000e+01;-5.4236241e-02;1.2500000e+01;-1.6168736e-02;1.2500000e+01;4.0662162e-02;1.2500000e+01;1.1266061e-01;1.2500000e+01;1.8864220e-01;1.2500000e+01;2.2060084e-01;1.2500000e+01;2.0952760e-01;1.2500000e+01;1.9564246e-01;1.2500000e+01;2.3184910e-01;1.2500000e+01;1.9668281e-01;1.2500000e+01;1.4446826e-01;1.2500000e+01;8.9762539e-02;1.2500000e+01;4.3867446e-02;1.2500000e+01;-4.2091906e-03;1.2500000e+01;-4.5332417e-02;1.2500000e+01;-8.8572085e-02;1.2500000e+01;-1.3286453e-01;1.2500000e+01;-6.8082318e-02;1.2500000e+01;-5.4236241e-02;1.2500000e+01;-1.6168736e-02;1.2500000e+01;4.0662162e-02;1.2500000e+01;1.1266061e-01;1.2500000e+01;1.8864220e-01;1.2500000e+01;2.2060084e-01;1.2500000e+01;2.0952760e-01;1.2500000e+01;1.9564246e-01;1.2500000e+01;2.3184910e-01;1.2500000e+01;1.9668281e-01;1.2500000e+01;1.4446826e-01;1.2500000e+01;8.9762539e-02;1.2500000e+01;4.3867446e-02;1.2500000e+01;-4.2091906e-03;1.2500000e+01;-4.5332417e-02;1.2500000e+01;-8.8572085e-02;1.2500000e+01;-1.3286453e-01;1.2500000e+01;-6.8082318e-02;1.2500000e+01;-5.4236241e-02;1.2500000e+01;-1.6168736e-02;1.2500000e+01;4.0662162e-02;1.2500000e+01;1.1266061e-01;1.2500000e+01;1.8864220e-01;1.2500000e+01;2.2060084e-01;1.2500000e+01;2.0952760e-01;1.2500000e+01;1.9564246e-01;1.2500000e+01;2.3184910e-01;1.2500000e+01;1.9668281e-01;1.2500000e+01;1.4446826e-01;1.2500000e+01;8.9762539e-02;1.2500000e+01;4.3867446e-02;1.2500000e+01;-4.2091906e-03;1.2500000e+01;-4.5332417e-02;1.2500000e+01;-8.8572085e-02;1.2500000e+01;-1.3286453e-01;1.2500000e+01;-6.8082318e-02;1.2500000e+01;-5.4236241e-02;1.2500000e+01;-1.6168736e-02;1.2500000e+01;4.0662162e-02;1.2500000e+01;1.1266061e-01;1.2500000e+01;1.8864220e-01;1.2500000e+01;2.2060084e-01;1.2500000e+01;2.0952760e-01;1.2500000e+01;1.9564246e-01;1.2500000e+01;2.3184910e-01;1.2500000e+01;1.9668281e-01;1.2500000e+01;1.4446826e-01;1.2500000e+01;8.9762539e-02;1.2500000e+01;4.3867446e-02;1.2500000e+01;-4.2091906e-03;1.2500000e+01;-4.5332417e-02;1.2500000e+01;-8.8572085e-02;1.2500000e+01;-1.3286453e-01;1.2500000e+01;-6.8082318e-02;1.2500000e+01;-5.4236241e-02;1.2500000e+01;-1.6168736e-02;1.2500000e+01;4.0662162e-02;1.2500000e+01;1.1266061e-01;1.2500000e+01;1.8864220e-01;1.2500000e+01;2.2060084e-01;1.2500000e+01;2.0952760e-01;1.2500000e+01;1.9564246e-01;1.2500000e+01;2.3184910e-01;1.2500000e+01;1.9668281e-01;1.2500000e+01;1.4446826e-01;1.2500000e+01;8.9762539e-02;1.2500000e+01;4.3867446e-02;1.2500000e+01;-4.2091906e-03;1.2500000e+01;-4.5332417e-02;1.2500000e+01;-8.8572085e-02;1.2500000e+01;-1.3286453e-01;1.2500000e+01;-6.8082318e-02;1.2500000e+01;-5.4236241e-02;1.2500000e+01;-1.6168736e-02;1.2500000e+01;4.0662162e-02;1.2500000e+01;1.1266061e-01;1.2500000e+01;1.8864220e-01;1.2500000e+01;2.2060084e-01;1.2500000e+01;2.0952760e-01;1.2500000e+01;1.9564246e-01;1.2500000e+01;2.3184910e-01;1.2500000e+01;1.9668281e-01;1.2500000e+01;1.4446826e-01;1.2500000e+01;8.9762539e-02;1.2500000e+01;4.3867446e-02;1.2500000e+01;-4.2091906e-03;1.2500000e+01;-4.5332417e-02;1.2500000e+01;-8.8572085e-02;1.2500000e+01;-1.3286453e-01;1.2500000e+01;-6.8082318e-02;1.2500000e+01;-5.4236241e-02;1.2500000e+01;-1.6168736e-02;1.2500000e+01;4.0662162e-02;1.2500000e+01;1.1266061e-01;1.2500000e+01;1.8864220e-01;1.2500000e+01;2.2060084e-01;1.2500000e+01;2.0952760e-01;1.2500000e+01;1.9564246e-01;1.2500000e+01;2.3184910e-01;1.2500000e+01;1.9668281e-01;1.2500000e+01;1.4446826e-01;1.2500000e+01;8.9762539e-02;1.2500000e+01;4.3867446e-02;1.2500000e+01;-4.2091906e-03;1.2500000e+01;-4.5332417e-02;1.2500000e+01;-8.8572085e-02;1.2500000e+01;-1.3286453e-01;1.2500000e+01;-6.8082318e-02;1.2500000e+01;-5.4236241e-02;1.2500000e+01;-1.6168736e-02;1.2500000e+01;4.0662162e-02;1.2500000e+01;1.1266061e-01;1.2500000e+01;1.8864220e-01;1.2500000e+01;2.2060084e-01;1.2500000e+01;2.0952760e-01;1.2500000e+01;1.9564246e-01;1.2500000e+01;2.3184910e-01;1.2500000e+01;1.9668281e-01;1.2500000e+01;1.4446826e-01;1.2500000e+01;8.9762539e-02;1.2500000e+01;4.3867446e-02;1.2500000e+01;-4.2091906e-03;1.2500000e+01;-4.5332417e-02;1.2500000e+01;-8.8572085e-02;1.2500000e+01;-1.3286453e-01;1.2500000e+01;-6.8082318e-02;1.2500000e+01;-5.4236241e-02;1.2500000e+01;-1.6168736e-02;1.2500000e+01;4.0662162e-02;1.2500000e+01;1.1266061e-01;1.2500000e+01;1.8864220e-01;1.2500000e+01;2.2060084e-01;1.2500000e+01;2.0952760e-01;1.2500000e+01;1.9564246e-01;1.2500000e+01;2.3184910e-01;1.2500000e+01;1.9668281e-01;1.2500000e+01;1.4446826e-01;1.2500000e+01;8.9762539e-02;1.2500000e+01;4.3867446e-02;1.2500000e+01;-4.2091906e-03;1.2500000e+01;-4.5332417e-02;1.2500000e+01;-8.8572085e-02;1.2500000e+01;-1.3286453e-01;1.2500000e+01;-6.8082318e-02;1.2500000e+01;-5.4236241e-02;1.2500000e+01;-1.6168736e-02;1.2500000e+01;4.0662162e-02;1.2500000e+01;1.1266061e-01;1.2500000e+01;1.8864220e-01;1.2500000e+01;2.2060084e-01;1.2500000e+01;2.0952760e-01;1.2500000e+01;1.9564246e-01;1.2500000e+01;2.3184910e-01;1.2500000e+01;1.9668281e-01;1.2500000e+01;1.4446826e-01;1.2500000e+01;8.9762539e-02;1.2500000e+01;4.3867446e-02;1.2500000e+01;-4.2091906e-03;1.2500000e+01;-4.5332417e-02;1.2500000e+01;-8.8572085e-02;1.2500000e+01;-1.3286453e-01;1.2500000e+01;-6.8082318e-02;1.2500000e+01;-5.4236241e-02;1.2500000e+01;-1.6168736e-02;1.2500000e+01;4.0662162e-02;1.2500000e+01;1.1266061e-01;1.2500000e+01;1.8864220e-01;1.2500000e+01;2.2060084e-01;1.2500000e+01;2.0952760e-01;1.2500000e+01;1.9564246e-01;1.2500000e+01;2.3184910e-01;1.2500000e+01;1.9668281e-01;1.2500000e+01;1.4446826e-01;1.2500000e+01;8.9762539e-02;1.2500000e+01;4.3867446e-02;1.2500000e+01;-4.2091906e-03;1.2500000e+01;-4.5332417e-02;1.2500000e+01;-8.8572085e-02;1.2500000e+01;-1.3286453e-01;1.2500000e+01;-6.8082318e-02;1.2500000e+01;-5.4236241e-02;1.2500000e+01;-1.6168736e-02;1.2500000e+01;4.0662162e-02;1.2500000e+01;1.1266061e-01;1.2500000e+01;1.8864220e-01;1.2500000e+01;2.2060084e-01;1.2500000e+01;2.0952760e-01;1.2500000e+01;1.9564246e-01;1.2500000e+01;2.3184910e-01;1.2500000e+01;1.9668281e-01;1.2500000e+01;1.4446826e-01;1.2500000e+01;8.9762539e-02;1.2500000e+01;4.3867446e-02;1.2500000e+01;-4.2091906e-03;1.2500000e+01;-4.5332417e-02;1.2500000e+01;-8.8572085e-02;1.2500000e+01;-1.3286453e-01;1.2500000e+01;-6.8082318e-02;1.2500000e+01;-5.4236241e-02;1.2500000e+01;-1.6168736e-02;1.2500000e+01;4.0662162e-02;1.2500000e+01;1.1266061e-01;1.2500000e+01;1.8864220e-01;1.2500000e+01;2.2060084e-01;1.2500000e+01;2.0952760e-01;1.2500000e+01;1.9564246e-01;1.2500000e+01;2.3184910e-01;1.2500000e+01;1.9668281e-01;1.2500000e+01;1.4446826e-01;1.2500000e+01;8.9762539e-02;1.2500000e+01;4.3867446e-02;1.2500000e+01;-4.2091906e-03;1.2500000e+01;-4.5332417e-02;1.2500000e+01;-8.8572085e-02;1.2500000e+01;-1.3286453e-01;1.2500000e+01;-6.8082318e-02;1.2500000e+01;-5.4236241e-02;1.2500000e+01;-1.6168736e-02;1.2500000e+01;4.0662162e-02;1.2500000e+01;1.1266061e-01;1.2500000e+01;1.8864220e-01;1.2500000e+01;2.2060084e-01;1.2500000e+01;2.0952760e-01;1.2500000e+01;1.9564246e-01;1.2500000e+01;2.3184910e-01;1.2500000e+01;1.9668281e-01;1.2500000e+01;1.4446826e-01;1.2500000e+01;8.9762539e-02;1.2500000e+01;4.3867446e-02;1.2500000e+01;-4.2091906e-03;1.2500000e+01;-4.5332417e-02;1.2500000e+01;-8.8572085e-02;1.2500000e+01;-1.3286453e-01;1.2500000e+01;-6.8082318e-02;1.2500000e+01;-5.4236241e-02;1.2500000e+01;-1.6168736e-02;1.2500000e+01;4.0662162e-02;1.2500000e+01;1.1266061e-01;1.2500000e+01;1.8864220e-01;1.2500000e+01;2.2060084e-01;1.2500000e+01;2.0952760e-01;1.2500000e+01;1.9564246e-01;1.2500000e+01;2.3184910e-01;1.2500000e+01;1.9668281e-01;1.2500000e+01;1.4446826e-01;1.2500000e+01;8.9762539e-02;1.2500000e+01;4.3867446e-02;1.2500000e+01;-4.2091906e-03;1.2500000e+01;-4.5332417e-02;1.2500000e+01;-8.8572085e-02;1.2500000e+01;-1.3286453e-01;1.2500000e+01;-6.8082318e-02;1.2500000e+01;-5.4236241e-02;1.2500000e+01;-1.6168736e-02;1.2500000e+01;4.0662162e-02;1.2500000e+01;1.1266061e-01;1.2500000e+01;1.8864220e-01;1.2500000e+01;2.2060084e-01;1.2500000e+01;2.0952760e-01;1.2500000e+01;1.9564246e-01;1.2500000e+01;2.3184910e-01;1.2500000e+01;1.9668281e-01;1.2500000e+01;1.4446826e-01;1.2500000e+01;8.9762539e-02;1.2500000e+01;4.3867446e-02;1.2500000e+01;-4.2091906e-03;1.2500000e+01;-4.5332417e-02;1.2500000e+01;-8.8572085e-02;1.2500000e+01;-1.3286453e-01;1.2500000e+01;-6.8082318e-02;1.2500000e+01;-5.4236241e-02;1.2500000e+01;-1.6168736e-02;1.2500000e+01;4.0662162e-02;1.2500000e+01;1.1266061e-01;1.2500000e+01;1.8864220e-01;1.2500000e+01;2.2060084e-01;1.2500000e+01;2.0952760e-01;1.2500000e+01;1.9564246e-01;1.2500000e+01;2.3184910e-01;1.2500000e+01;1.9668281e-01;1.2500000e+01;1.4446826e-01;1.2500000e+01;8.9762539e-02;1.2500000e+01;4.3867446e-02;1.2500000e+01;-4.2091906e-03;1.2500000e+01;-4.5332417e-02;1.2500000e+01;-8.8572085e-02;1.2500000e+01;-1.3286453e-01;1.2500000e+01;-6.8082318e-02;1.2500000e+01;-5.4236241e-02;1.2500000e+01;-1.6168736e-02;1.2500000e+01;4.0662162e-02;1.2500000e+01;1.1266061e-01;1.2500000e+01;1.8864220e-01;1.2500000e+01;2.2060084e-01;1.2500000e+01;2.0952760e-01;1.2500000e+01;1.9564246e-01;1.2500000e+01;2.3184910e-01;1.2500000e+01;1.9668281e-01;1.2500000e+01;1.4446826e-01;1.2500000e+01;8.9762539e-02;1.2500000e+01;4.3867446e-02;1.2500000e+01;-4.2091906e-03;1.2500000e+01;-4.5332417e-02;1.2500000e+01;-8.8572085e-02;1.2500000e+01;-1.3286453e-01;1.2500000e+01;-6.8082318e-02;1.2500000e+01;-5.4236241e-02;1.2500000e+01;-1.6168736e-02;1.2500000e+01;4.0662162e-02;1.2500000e+01;1.1266061e-01;1.2500000e+01;1.8864220e-01;1.2500000e+01;2.2060084e-01;1.2500000e+01;2.0952760e-01;1.2500000e+01;1.9564246e-01;1.2500000e+01;2.3184910e-01;1.2500000e+01;1.9668281e-01;1.2500000e+01;1.4446826e-01;1.2500000e+01;8.9762539e-02;1.2500000e+01;4.3867446e-02;1.2500000e+01;-4.2091906e-03;1.2500000e+01;-4.5332417e-02;1.2500000e+01;-8.8572085e-02;1.2500000e+01;-1.3286453e-01;1.2500000e+01;-6.8082318e-02;1.2500000e+01;-5.4236241e-02;1.2500000e+01;-1.6168736e-02;1.2500000e+01;4.0662162e-02;1.2500000e+01;1.1266061e-01;1.2500000e+01;1.8864220e-01;1.2500000e+01;2.2060084e-01;1.2500000e+01;2.0952760e-01;1.2500000e+01;1.9564246e-01;1.2500000e+01;2.3184910e-01;1.2500000e+01;1.9668281e-01;1.2500000e+01;1.4446826e-01;1.2500000e+01;8.9762539e-02;1.2500000e+01;4.3867446e-02;1.2500000e+01;-4.2091906e-03;1.2500000e+01;-4.5332417e-02;1.2500000e+01;-8.8572085e-02;1.2500000e+01;-1.3286453e-01;1.2500000e+01;-6.8082318e-02;1.2500000e+01;-5.4236241e-02;1.2500000e+01;-1.6168736e-02;1.2500000e+01;4.0662162e-02;1.2500000e+01;1.1266061e-01;1.2500000e+01;1.8864220e-01;1.2500000e+01;2.2060084e-01;1.2500000e+01;2.0952760e-01;1.2500000e+01;1.9564246e-01;1.2500000e+01;2.3184910e-01;1.2500000e+01;1.9668281e-01;1.2500000e+01;1.4446826e-01;1.2500000e+01;8.9762539e-02;1.2500000e+01;4.3867446e-02;1.2500000e+01;-4.2091906e-03;1.2500000e+01;-4.5332417e-02;1.2500000e+01;-8.8572085e-02;1.2500000e+01;-1.3286453e-01;1.2500000e+01;-6.8082318e-02;1.2500000e+01;-5.4236241e-02;1.2500000e+01;-1.6168736e-02;1.2500000e+01;4.0662162e-02;1.2500000e+01;1.1266061e-01;1.2500000e+01;1.8864220e-01;1.2500000e+01;2.2060084e-01;1.2500000e+01;2.0952760e-01;1.2500000e+01;1.9564246e-01;1.2500000e+01;2.3184910e-01;1.2500000e+01;1.9668281e-01;1.2500000e+01;1.4446826e-01;1.2500000e+01;8.9762539e-02;1.2500000e+01;4.3867446e-02;1.2500000e+01;-4.2091906e-03;1.2500000e+01;-4.5332417e-02;1.2500000e+01;-8.8572085e-02;1.2500000e+01;-1.3286453e-01;1.2500000e+01;-6.8082318e-02;1.2500000e+01;-5.4236241e-02;1.2500000e+01;-1.6168736e-02;1.2500000e+01;4.0662162e-02;1.2500000e+01;1.1266061e-01;1.2500000e+01;1.8864220e-01;1.2500000e+01;2.2060084e-01;1.2500000e+01;2.0952760e-01;1.2500000e+01;1.9564246e-01;1.2500000e+01;2.3184910e-01;1.2500000e+01;1.9668281e-01;1.2500000e+01;1.4446826e-01;1.2500000e+01;8.9762539e-02;1.2500000e+01;4.3867446e-02;1.2500000e+01;-4.2091906e-03;1.2500000e+01;-4.5332417e-02;1.2500000e+01;-8.8572085e-02;1.2500000e+01;-1.3286453e-01;1.2500000e+01;-6.8082318e-02;1.2500000e+01;-5.4236241e-02;1.2500000e+01;-1.6168736e-02;1.2500000e+01;4.0662162e-02;1.2500000e+01;1.1266061e-01;1.2500000e+01;1.8864220e-01;1.2500000e+01;2.2060084e-01;1.2500000e+01;2.0952760e-01;1.2500000e+01;1.9564246e-01;1.2500000e+01;2.3184910e-01;1.2500000e+01;1.9668281e-01;1.2500000e+01;1.4446826e-01;1.2500000e+01;8.9762539e-02;1.2500000e+01;4.3867446e-02;1.2500000e+01;-4.2091906e-03;1.2500000e+01;-4.5332417e-02;1.2500000e+01;-8.8572085e-02;1.2500000e+01;-1.3286453e-01;1.2500000e+01;-6.8082318e-02;1.2500000e+01;-5.4236241e-02;1.2500000e+01;-1.6168736e-02;1.2500000e+01;4.0662162e-02;1.2500000e+01;1.1266061e-01;1.2500000e+01;1.8864220e-01;1.2500000e+01;2.2060084e-01;1.2500000e+01;2.0952760e-01;1.2500000e+01;1.9564246e-01;1.2500000e+01;2.3184910e-01;1.2500000e+01;1.9668281e-01;1.2500000e+01;1.4446826e-01;1.2500000e+01;8.9762539e-02;1.2500000e+01;4.3867446e-02;1.2500000e+01;-4.2091906e-03;1.2500000e+01;-4.5332417e-02;1.2500000e+01;-8.8572085e-02;1.2500000e+01;-1.3286453e-01;1.2500000e+01;-6.8082318e-02;1.2500000e+01;-5.4236241e-02;1.2500000e+01;-1.6168736e-02;1.2500000e+01;4.0662162e-02;1.2500000e+01;1.1266061e-01;1.2500000e+01;1.8864220e-01;1.2500000e+01;2.2060084e-01;1.2500000e+01;2.0952760e-01;1.2500000e+01;1.9564246e-01;1.2500000e+01;2.3184910e-01;1.2500000e+01;1.9668281e-01;1.2500000e+01;1.4446826e-01;1.2500000e+01;8.9762539e-02;1.2500000e+01;4.3867446e-02;1.2500000e+01;-4.2091906e-03;1.2500000e+01;-4.5332417e-02;1.2500000e+01;-8.8572085e-02;1.2500000e+01;-1.3286453e-01;1.2500000e+01;-6.8082318e-02;1.2500000e+01;-5.4236241e-02;1.2500000e+01;-1.6168736e-02;1.2500000e+01;4.0662162e-02;1.2500000e+01;1.1266061e-01;1.2500000e+01;1.8864220e-01;1.2500000e+01;2.2060084e-01;1.2500000e+01;2.0952760e-01;1.2500000e+01;1.9564246e-01;1.2500000e+01;2.3184910e-01;1.2500000e+01;1.9668281e-01;1.2500000e+01;1.4446826e-01;1.2500000e+01;8.9762539e-02;1.2500000e+01;4.3867446e-02;1.2500000e+01;-4.2091906e-03;1.2500000e+01;-4.5332417e-02;1.2500000e+01;-8.8572085e-02;1.2500000e+01;-1.3286453e-01;1.2500000e+01;-6.8082318e-02;1.2500000e+01;-5.4236241e-02;1.2500000e+01;-1.6168736e-02;1.2500000e+01;4.0662162e-02;1.2500000e+01;1.1266061e-01;1.2500000e+01;1.8864220e-01;1.2500000e+01;2.2060084e-01;1.2500000e+01;2.0952760e-01;1.2500000e+01;1.9564246e-01;1.2500000e+01;2.3184910e-01;1.2500000e+01;1.9668281e-01;1.2500000e+01;1.4446826e-01;1.2500000e+01;8.9762539e-02;1.2500000e+01;4.3867446e-02;1.2500000e+01;-4.2091906e-03;1.2500000e+01;-4.5332417e-02;1.2500000e+01;-8.8572085e-02;1.2500000e+01;-1.3286453e-01;1.2500000e+01;-6.8082318e-02;1.2500000e+01;-5.4236241e-02;1.2500000e+01;-1.6168736e-02;1.2500000e+01;4.0662162e-02;1.2500000e+01;1.1266061e-01;1.2500000e+01;1.8864220e-01;1.2500000e+01;2.2060084e-01;1.2500000e+01;2.0952760e-01;1.2500000e+01;1.9564246e-01;1.2500000e+01;2.3184910e-01;1.2500000e+01;1.9668281e-01;1.2500000e+01;1.4446826e-01;1.2500000e+01;8.9762539e-02;1.2500000e+01;4.3867446e-02;1.2500000e+01;-4.2091906e-03;1.2500000e+01;-4.5332417e-02;1.2500000e+01;-8.8572085e-02;1.2500000e+01;-1.3286453e-01;1.2500000e+01;-6.8082318e-02;1.2500000e+01;-5.4236241e-02;1.2500000e+01;-1.6168736e-02;1.2500000e+01;4.0662162e-02;1.2500000e+01;1.1266061e-01;1.2500000e+01;1.8864220e-01;1.2500000e+01;2.2060084e-01;1.2500000e+01;2.0952760e-01;1.2500000e+01;1.9564246e-01;1.2500000e+01;2.3184910e-01;1.2500000e+01;1.9668281e-01;1.2500000e+01;1.4446826e-01;1.2500000e+01;8.9762539e-02;1.2500000e+01;4.3867446e-02;1.2500000e+01;-4.2091906e-03;1.2500000e+01;-4.5332417e-02;1.2500000e+01;-8.8572085e-02;1.2500000e+01;-1.3286453e-01;1.2500000e+01;-6.8082318e-02;1.2500000e+01;-5.4236241e-02;1.2500000e+01;-1.6168736e-02;1.2500000e+01;4.0662162e-02;1.2500000e+01;1.1266061e-01;1.2500000e+01;1.8864220e-01;1.2500000e+01;2.2060084e-01;1.2500000e+01;2.0952760e-01;1.2500000e+01;1.9564246e-01;1.2500000e+01;2.3184910e-01;1.2500000e+01;1.9668281e-01;1.2500000e+01;1.4446826e-01;1.2500000e+01;8.9762539e-02;1.2500000e+01;4.3867446e-02;1.2500000e+01;-4.2091906e-03;1.2500000e+01;-4.5332417e-02;1.2500000e+01;-8.8572085e-02;1.2500000e+01;-1.3286453e-01;1.2500000e+01;-6.8082318e-02;1.2500000e+01;-5.4236241e-02;1.2500000e+01;-1.6168736e-02;1.2500000e+01;4.0662162e-02;1.2500000e+01;1.1266061e-01;1.2500000e+01;1.8864220e-01;1.2500000e+01;2.2060084e-01;1.2500000e+01;2.0952760e-01;1.2500000e+01;1.9564246e-01;1.2500000e+01;2.3184910e-01;1.2500000e+01;1.9668281e-01;1.2500000e+01;1.4446826e-01;1.2500000e+01;8.9762539e-02;1.2500000e+01;4.3867446e-02;1.2500000e+01;-4.2091906e-03;1.2500000e+01;-4.5332417e-02;1.2500000e+01;-8.8572085e-02;1.2500000e+01;-1.3286453e-01;1.2500000e+01;-6.8082318e-02;1.2500000e+01;-5.4236241e-02;1.2500000e+01;-1.6168736e-02;1.2500000e+01;4.0662162e-02;1.2500000e+01;1.1266061e-01;1.2500000e+01;1.8864220e-01;1.2500000e+01;2.2060084e-01;1.2500000e+01;2.0952760e-01;1.2500000e+01;1.9564246e-01;1.2500000e+01;2.3184910e-01;1.2500000e+01;1.9668281e-01;1.2500000e+01;1.4446826e-01;1.2500000e+01;8.9762539e-02;1.2500000e+01;4.3867446e-02;1.2500000e+01;-4.2091906e-03;1.2500000e+01;-4.5332417e-02;1.2500000e+01;-8.8572085e-02;1.2500000e+01;-1.3286453e-01;1.2500000e+01;-6.8082318e-02;1.2500000e+01;-5.4236241e-02;1.2500000e+01;-1.6168736e-02;1.2500000e+01;4.0662162e-02;1.2500000e+01;1.1266061e-01;1.2500000e+01;1.8864220e-01;1.2500000e+01;2.2060084e-01;1.2500000e+01;2.0952760e-01;1.2500000e+01;1.9564246e-01;1.2500000e+01;2.3184910e-01;1.2500000e+01;1.9668281e-01;1.2500000e+01;1.4446826e-01;1.2500000e+01;8.9762539e-02;1.2500000e+01;4.3867446e-02;1.2500000e+01;-4.2091906e-03;1.2500000e+01;-4.5332417e-02;1.2500000e+01;-8.8572085e-02;1.2500000e+01;-1.3286453e-01;1.2500000e+01;-6.8082318e-02;1.2500000e+01;-5.4236241e-02;1.2500000e+01;-1.6168736e-02;1.2500000e+01;4.0662162e-02;1.2500000e+01;1.1266061e-01;1.2500000e+01;1.8864220e-01;1.2500000e+01;2.2060084e-01;1.2500000e+01;2.0952760e-01;1.2500000e+01;1.9564246e-01;1.2500000e+01;2.3184910e-01;1.2500000e+01;1.9668281e-01;1.2500000e+01;1.4446826e-01;1.2500000e+01;8.9762539e-02;1.2500000e+01;4.3867446e-02;1.2500000e+01;-4.2091906e-03;1.2500000e+01;-4.5332417e-02;1.2500000e+01;-8.8572085e-02;1.2500000e+01;-1.3286453e-01;1.2500000e+01;-6.8082318e-02;1.2500000e+01;-5.4236241e-02;1.2500000e+01;-1.6168736e-02;1.2500000e+01;4.0662162e-02;1.2500000e+01;1.1266061e-01;1.2500000e+01;1.8864220e-01;1.2500000e+01;2.2060084e-01;1.2500000e+01;2.0952760e-01;1.2500000e+01;1.9564246e-01;1.2500000e+01;2.3184910e-01;1.2500000e+01;1.9668281e-01;1.2500000e+01;1.4446826e-01;1.2500000e+01;8.9762539e-02;1.2500000e+01;4.3867446e-02;1.2500000e+01;-4.2091906e-03;1.2500000e+01;-4.5332417e-02;1.2500000e+01;-8.8572085e-02;1.2500000e+01;-1.3286453e-01;1.2500000e+01;-6.8082318e-02;1.2500000e+01;-5.4236241e-02;1.2500000e+01;-1.6168736e-02;1.2500000e+01;4.0662162e-02;1.2500000e+01;1.1266061e-01;1.2500000e+01;1.8864220e-01;1.2500000e+01;2.2060084e-01;1.2500000e+01;2.0952760e-01;1.2500000e+01;1.9564246e-01;1.2500000e+01;2.3184910e-01;1.2500000e+01;1.9668281e-01;1.2500000e+01;1.4446826e-01;1.2500000e+01;8.9762539e-02;1.2500000e+01;4.3867446e-02;1.2500000e+01;-4.2091906e-03;1.2500000e+01;-4.5332417e-02;1.2500000e+01;-8.8572085e-02;1.2500000e+01;-1.3286453e-01;1.2500000e+01;-6.8082318e-02;1.2500000e+01;-5.4236241e-02;1.2500000e+01;-1.6168736e-02;1.2500000e+01;4.0662162e-02;1.2500000e+01;1.1266061e-01;1.2500000e+01;1.8864220e-01;1.2500000e+01;2.2060084e-01;1.2500000e+01;2.0952760e-01;1.2500000e+01;1.9564246e-01;1.2500000e+01;2.3184910e-01;1.2500000e+01;1.9668281e-01;1.2500000e+01;1.4446826e-01;1.2500000e+01;8.9762539e-02;1.2500000e+01;4.3867446e-02;1.2500000e+01;-4.2091906e-03;1.2500000e+01;-4.5332417e-02;1.2500000e+01;-8.8572085e-02;1.2500000e+01;-1.3286453e-01;1.2500000e+01;-6.8082318e-02;1.2500000e+01;-5.4236241e-02;1.2500000e+01;-1.6168736e-02;1.2500000e+01;4.0662162e-02;1.2500000e+01;1.1266061e-01;1.2500000e+01;1.8864220e-01;1.2500000e+01;2.2060084e-01;1.2500000e+01;2.0952760e-01;1.2500000e+01;1.9564246e-01;1.2500000e+01;2.3184910e-01;1.2500000e+01;1.9668281e-01;1.2500000e+01;1.4446826e-01;1.2500000e+01;8.9762539e-02;1.2500000e+01;4.3867446e-02;1.2500000e+01;-4.2091906e-03;1.2500000e+01;-4.5332417e-02;1.2500000e+01;-8.8572085e-02;1.2500000e+01;-1.3286453e-01;1.2500000e+01;-6.8082318e-02;1.2500000e+01;-5.4236241e-02;1.2500000e+01;-1.6168736e-02;1.2500000e+01;4.0662162e-02;1.2500000e+01;1.1266061e-01;1.2500000e+01;1.8864220e-01;1.2500000e+01;2.2060084e-01;1.2500000e+01;2.0952760e-01;1.2500000e+01;1.9564246e-01;1.2500000e+01;2.3184910e-01;1.2500000e+01;1.9668281e-01;1.2500000e+01;1.4446826e-01;1.2500000e+01;8.9762539e-02;1.2500000e+01;4.3867446e-02;1.2500000e+01;-4.2091906e-03;1.2500000e+01;-4.5332417e-02;1.2500000e+01;-8.8572085e-02;1.2500000e+01;-1.3286453e-01;1.2500000e+01;-6.8082318e-02;1.2500000e+01;-5.4236241e-02;1.2500000e+01;-1.6168736e-02;1.2500000e+01;4.0662162e-02;1.2500000e+01;1.1266061e-01;1.2500000e+01;1.8864220e-01;1.2500000e+01;2.2060084e-01;1.2500000e+01;2.0952760e-01;1.2500000e+01;1.9564246e-01;1.2500000e+01;2.3184910e-01;1.2500000e+01;1.9668281e-01;1.2500000e+01;1.4446826e-01;1.2500000e+01;8.9762539e-02;1.2500000e+01;4.3867446e-02;1.2500000e+01;-4.2091906e-03;1.2500000e+01;-4.5332417e-02;1.2500000e+01;-8.8572085e-02;1.2500000e+01;-1.3286453e-01;1.2500000e+01;-6.8082318e-02;1.2500000e+01;-5.4236241e-02;1.2500000e+01;-1.6168736e-02;1.2500000e+01;4.0662162e-02;1.2500000e+01;1.1266061e-01;1.2500000e+01;1.8864220e-01;1.2500000e+01;2.2060084e-01;1.2500000e+01;2.0952760e-01;1.2500000e+01;1.9564246e-01;1.2500000e+01;2.3184910e-01;1.2500000e+01;1.9668281e-01;1.2500000e+01;1.4446826e-01;1.2500000e+01;8.9762539e-02;1.2500000e+01;4.3867446e-02;1.2500000e+01;-4.2091906e-03;1.2500000e+01;-4.5332417e-02;1.2500000e+01;-8.8572085e-02;1.2500000e+01;-1.3286453e-01;1.2500000e+01;-6.8082318e-02;1.2500000e+01;-5.4236241e-02;1.2500000e+01;-1.6168736e-02;1.2500000e+01;4.0662162e-02;1.2500000e+01;1.1266061e-01;1.2500000e+01;1.8864220e-01;1.2500000e+01;2.2060084e-01;1.2500000e+01;2.0952760e-01;1.2500000e+01;1.9564246e-01;1.2500000e+01;2.3184910e-01;1.2500000e+01;1.9668281e-01;1.2500000e+01;1.4446826e-01;1.2500000e+01;8.9762539e-02;1.2500000e+01;4.3867446e-02;1.2500000e+01;-4.2091906e-03;1.2500000e+01;-4.5332417e-02;1.2500000e+01;-8.8572085e-02;1.2500000e+01;-1.3286453e-01;1.2500000e+01;-6.8082318e-02;1.2500000e+01;-5.4236241e-02;1.2500000e+01;-1.6168736e-02;1.2500000e+01;4.0662162e-02;1.2500000e+01;1.1266061e-01;1.2500000e+01;1.8864220e-01;1.2500000e+01;2.2060084e-01;1.2500000e+01;2.0952760e-01;1.2500000e+01;1.9564246e-01;1.2500000e+01;2.3184910e-01;1.2500000e+01;1.9668281e-01;1.2500000e+01;1.4446826e-01;1.2500000e+01;8.9762539e-02;1.2500000e+01;4.3867446e-02;1.2500000e+01;-4.2091906e-03;1.2500000e+01;-4.5332417e-02;1.2500000e+01;-8.8572085e-02;1.2500000e+01;-1.3286453e-01;1.2500000e+01;-6.8082318e-02;1.2500000e+01;-5.4236241e-02;1.2500000e+01;-1.6168736e-02;1.2500000e+01;4.0662162e-02;1.2500000e+01;1.1266061e-01;1.2500000e+01;1.8864220e-01;1.2500000e+01;2.2060084e-01;1.2500000e+01;2.0952760e-01;1.2500000e+01;1.9564246e-01;1.2500000e+01;2.3184910e-01;1.2500000e+01;1.9668281e-01;1.2500000e+01;1.4446826e-01;1.2500000e+01;8.9762539e-02;1.2500000e+01;4.3867446e-02;1.2500000e+01;-4.2091906e-03;1.2500000e+01;-4.5332417e-02;1.2500000e+01;-8.8572085e-02;1.2500000e+01;-1.3286453e-01;1.2500000e+01;-6.8082318e-02;1.2500000e+01;-5.4236241e-02;1.2500000e+01;-1.6168736e-02;1.2500000e+01;4.0662162e-02;1.2500000e+01;1.1266061e-01;1.2500000e+01;1.8864220e-01;1.2500000e+01;2.2060084e-01;1.2500000e+01;2.0952760e-01;1.2500000e+01;1.9564246e-01;1.2500000e+01;2.3184910e-01;1.2500000e+01;1.9668281e-01;1.2500000e+01;1.4446826e-01;1.2500000e+01;8.9762539e-02;1.2500000e+01;4.3867446e-02;1.2500000e+01;-4.2091906e-03;1.2500000e+01;-4.5332417e-02;1.2500000e+01;-8.8572085e-02;1.2500000e+01;-1.3286453e-01;1.2500000e+01;-6.8082318e-02;1.2500000e+01;-5.4236241e-02;1.2500000e+01;-1.6168736e-02;1.2500000e+01;4.0662162e-02;1.2500000e+01;1.1266061e-01;1.2500000e+01;1.8864220e-01;1.2500000e+01;2.2060084e-01;1.2500000e+01;2.0952760e-01;1.2500000e+01;1.9564246e-01;1.2500000e+01;2.3184910e-01;1.2500000e+01;1.9668281e-01;1.2500000e+01;1.4446826e-01;1.2500000e+01;8.9762539e-02;1.2500000e+01;4.3867446e-02;1.2500000e+01;-4.2091906e-03;1.2500000e+01;-4.5332417e-02;1.2500000e+01;-8.8572085e-02;1.2500000e+01;-1.3286453e-01;1.2500000e+01;-6.8082318e-02;1.2500000e+01;-5.4236241e-02;1.2500000e+01;-1.6168736e-02;1.2500000e+01;4.0662162e-02;1.2500000e+01;1.1266061e-01;1.2500000e+01;1.8864220e-01;1.2500000e+01;2.2060084e-01;1.2500000e+01;2.0952760e-01;1.2500000e+01;1.9564246e-01;1.2500000e+01;2.3184910e-01;1.2500000e+01;1.9668281e-01;1.2500000e+01;1.4446826e-01;1.2500000e+01;8.9762539e-02;1.2500000e+01;4.3867446e-02;1.2500000e+01;-4.2091906e-03;1.2500000e+01;-4.5332417e-02;1.2500000e+01;-8.8572085e-02;1.2500000e+01;-1.3286453e-01;1.2500000e+01;-6.8082318e-02;1.2500000e+01;-5.4236241e-02;1.2500000e+01;-1.6168736e-02;1.2500000e+01;4.0662162e-02;1.2500000e+01;1.1266061e-01;1.2500000e+01;1.8864220e-01;1.2500000e+01;2.2060084e-01;1.2500000e+01;2.0952760e-01;1.2500000e+01;1.9564246e-01;1.2500000e+01;2.3184910e-01;1.2500000e+01;1.9668281e-01;1.2500000e+01;1.4446826e-01;1.2500000e+01;8.9762539e-02;1.2500000e+01;4.3867446e-02;1.2500000e+01;-4.2091906e-03;1.2500000e+01;-4.5332417e-02;1.2500000e+01;-8.8572085e-02;1.2500000e+01;-1.3286453e-01;1.2500000e+01;-6.8082318e-02;1.2500000e+01;-5.4236241e-02;1.2500000e+01;-1.6168736e-02;1.2500000e+01;4.0662162e-02;1.2500000e+01;1.1266061e-01;1.2500000e+01;1.8864220e-01;1.2500000e+01;2.2060084e-01;1.2500000e+01;2.0952760e-01;1.2500000e+01;1.9564246e-01;1.2500000e+01;2.3184910e-01;1.2500000e+01;1.9668281e-01;1.2500000e+01;1.4446826e-01;1.2500000e+01;8.9762539e-02;1.2500000e+01;4.3867446e-02;1.2500000e+01;-4.2091906e-03;1.2500000e+01;-4.5332417e-02;1.2500000e+01;-8.8572085e-02;1.2500000e+01;-1.3286453e-01;1.2500000e+01;-6.8082318e-02;1.2500000e+01;-5.4236241e-02;1.2500000e+01;-1.6168736e-02;1.2500000e+01;4.0662162e-02;1.2500000e+01;1.1266061e-01;1.2500000e+01;1.8864220e-01;1.2500000e+01;2.2060084e-01;1.2500000e+01;2.0952760e-01;1.2500000e+01;1.9564246e-01;1.2500000e+01;2.3184910e-01;1.2500000e+01;1.9668281e-01;1.2500000e+01;1.4446826e-01;1.2500000e+01;8.9762539e-02;1.2500000e+01;4.3867446e-02;1.2500000e+01;-4.2091906e-03;1.2500000e+01;-4.5332417e-02;1.2500000e+01;-8.8572085e-02;1.2500000e+01;-1.3286453e-01;1.2500000e+01;-6.8082318e-02;1.2500000e+01;-5.4236241e-02;1.2500000e+01;-1.6168736e-02;1.2500000e+01;4.0662162e-02;1.2500000e+01;1.1266061e-01;1.2500000e+01;1.8864220e-01;1.2500000e+01;2.2060084e-01;1.2500000e+01;2.0952760e-01;1.2500000e+01;1.9564246e-01;1.2500000e+01;2.3184910e-01;1.2500000e+01;1.9668281e-01;1.2500000e+01;1.4446826e-01;1.2500000e+01;8.9762539e-02;1.2500000e+01;4.3867446e-02;1.2500000e+01;-4.2091906e-03;1.2500000e+01;-4.5332417e-02;1.2500000e+01;-8.8572085e-02;1.2500000e+01;-1.3286453e-01;1.2500000e+01;-6.8082318e-02;1.2500000e+01;-5.4236241e-02;1.2500000e+01;-1.6168736e-02;1.2500000e+01;4.0662162e-02;1.2500000e+01;1.1266061e-01;1.2500000e+01;1.8864220e-01;1.2500000e+01;2.2060084e-01;1.2500000e+01;2.0952760e-01;1.2500000e+01;1.9564246e-01;1.2500000e+01;2.3184910e-01;1.2500000e+01;1.9668281e-01;1.2500000e+01;1.4446826e-01;1.2500000e+01;8.9762539e-02;1.2500000e+01;4.3867446e-02;1.2500000e+01;-4.2091906e-03;1.2500000e+01;-4.5332417e-02;1.2500000e+01;-8.8572085e-02;1.2500000e+01;-1.3286453e-01;1.2500000e+01;-6.8082318e-02;1.2500000e+01;-5.4236241e-02;1.2500000e+01;-1.6168736e-02;1.2500000e+01;4.0662162e-02;1.2500000e+01;1.1266061e-01;1.2500000e+01;1.8864220e-01;1.2500000e+01;2.2060084e-01;1.2500000e+01;2.0952760e-01;1.2500000e+01;1.9564246e-01;1.2500000e+01;2.3184910e-01;1.2500000e+01;1.9668281e-01;1.2500000e+01;1.4446826e-01;1.2500000e+01;8.9762539e-02;1.2500000e+01;4.3867446e-02;1.2500000e+01;-4.2091906e-03;1.2500000e+01;-4.5332417e-02;1.2500000e+01;-8.8572085e-02;1.2500000e+01;-1.3286453e-01;1.2500000e+01;-6.8082318e-02;1.2500000e+01;-5.4236241e-02;1.2500000e+01;-1.6168736e-02;1.2500000e+01;4.0662162e-02;1.2500000e+01;1.1266061e-01;1.2500000e+01;1.8864220e-01;1.2500000e+01;2.2060084e-01;1.2500000e+01;2.0952760e-01;1.2500000e+01;1.9564246e-01;1.2500000e+01;2.3184910e-01;1.2500000e+01;1.9668281e-01;1.2500000e+01;1.4446826e-01;1.2500000e+01;8.9762539e-02;1.2500000e+01;4.3867446e-02;1.2500000e+01;-4.2091906e-03;1.2500000e+01;-4.5332417e-02;1.2500000e+01;-8.8572085e-02;1.2500000e+01;-1.3286453e-01;1.2500000e+01;-6.8082318e-02;1.2500000e+01;-5.4236241e-02;1.2500000e+01;-1.6168736e-02;1.2500000e+01;4.0662162e-02;1.2500000e+01;1.1266061e-01;1.2500000e+01;1.8864220e-01;1.2500000e+01;2.2060084e-01;1.2500000e+01;2.0952760e-01;1.2500000e+01;1.9564246e-01;1.2500000e+01;2.3184910e-01;1.2500000e+01;1.9668281e-01;1.2500000e+01;1.4446826e-01;1.2500000e+01;8.9762539e-02;1.2500000e+01;4.3867446e-02;1.2500000e+01;-4.2091906e-03;1.2500000e+01;-4.5332417e-02;1.2500000e+01;-8.8572085e-02;1.2500000e+01;-1.3286453e-01;1.2500000e+01;-6.8082318e-02;1.2500000e+01;-5.4236241e-02;1.2500000e+01;-1.6168736e-02;1.2500000e+01;4.0662162e-02;1.2500000e+01;1.1266061e-01;1.2500000e+01;1.8864220e-01;1.2500000e+01;2.2060084e-01;1.2500000e+01;2.0952760e-01;1.2500000e+01;1.9564246e-01;1.2500000e+01;2.3184910e-01;1.2500000e+01;1.9668281e-01;1.2500000e+01;1.4446826e-01;1.2500000e+01;8.9762539e-02;1.2500000e+01;4.3867446e-02;1.2500000e+01;-4.2091906e-03;1.2500000e+01;-4.5332417e-02;1.2500000e+01;-8.8572085e-02;1.2500000e+01;-1.3286453e-01;1.2500000e+01;-6.8082318e-02;1.2500000e+01;-5.4236241e-02;1.2500000e+01;-1.6168736e-02;1.2500000e+01;4.0662162e-02;1.2500000e+01;1.1266061e-01;1.2500000e+01;1.8864220e-01;1.2500000e+01;2.2060084e-01;1.2500000e+01;2.0952760e-01;1.2500000e+01;1.9564246e-01;1.2500000e+01;2.3184910e-01;1.2500000e+01;1.9668281e-01;1.2500000e+01;1.4446826e-01;1.2500000e+01;8.9762539e-02;1.2500000e+01;4.3867446e-02;1.2500000e+01;-4.2091906e-03;1.2500000e+01;-4.5332417e-02;1.2500000e+01;-8.8572085e-02;1.2500000e+01;-1.3286453e-01;1.2500000e+01;-6.8082318e-02;1.2500000e+01;-5.4236241e-02;1.2500000e+01;-1.6168736e-02;1.2500000e+01;4.0662162e-02;1.2500000e+01;1.1266061e-01;1.2500000e+01;1.8864220e-01;1.2500000e+01;2.2060084e-01;1.2500000e+01;2.0952760e-01;1.2500000e+01;1.9564246e-01;1.2500000e+01;2.3184910e-01;1.2500000e+01;1.9668281e-01;1.2500000e+01;1.4446826e-01;1.2500000e+01;8.9762539e-02;1.2500000e+01;4.3867446e-02;1.2500000e+01;-4.2091906e-03;1.2500000e+01;-4.5332417e-02;1.2500000e+01;-8.8572085e-02;1.2500000e+01;-1.3286453e-01;1.2500000e+01;-6.8082318e-02;1.2500000e+01;-5.4236241e-02;1.2500000e+01;-1.6168736e-02;1.2500000e+01;4.0662162e-02;1.2500000e+01;1.1266061e-01;1.2500000e+01;1.8864220e-01;1.2500000e+01;2.2060084e-01;1.2500000e+01;2.0952760e-01;1.2500000e+01;1.9564246e-01;1.2500000e+01;2.3184910e-01;1.2500000e+01;1.9668281e-01;1.2500000e+01;1.4446826e-01;1.2500000e+01;8.9762539e-02;1.2500000e+01;4.3867446e-02;1.2500000e+01;-4.2091906e-03;1.2500000e+01;-4.5332417e-02;1.2500000e+01;-8.8572085e-02;1.2500000e+01;-1.3286453e-01;1.2500000e+01;-6.8082318e-02;1.2500000e+01;-5.4236241e-02;1.2500000e+01;-1.6168736e-02;1.2500000e+01;4.0662162e-02;1.2500000e+01;1.1266061e-01;1.2500000e+01;1.8864220e-01;1.2500000e+01;2.2060084e-01;1.2500000e+01;2.0952760e-01;1.2500000e+01;1.9564246e-01;1.2500000e+01;2.3184910e-01;1.2500000e+01;1.9668281e-01;1.2500000e+01;1.4446826e-01;1.2500000e+01;8.9762539e-02;1.2500000e+01;4.3867446e-02;1.2500000e+01;-4.2091906e-03;1.2500000e+01;-4.5332417e-02;1.2500000e+01;-8.8572085e-02;1.2500000e+01;-1.3286453e-01;1.2500000e+01;-6.8082318e-02;1.2500000e+01;-5.4236241e-02;1.2500000e+01;-1.6168736e-02;1.2500000e+01;4.0662162e-02;1.2500000e+01;1.1266061e-01;1.2500000e+01;1.8864220e-01;1.2500000e+01;2.2060084e-01;1.2500000e+01;2.0952760e-01;1.2500000e+01;1.9564246e-01;1.2500000e+01;2.3184910e-01;1.2500000e+01;1.9668281e-01;1.2500000e+01;1.4446826e-01;1.2500000e+01;8.9762539e-02;1.2500000e+01;4.3867446e-02;1.2500000e+01;-4.2091906e-03;1.2500000e+01;-4.5332417e-02;1.2500000e+01;-8.8572085e-02;1.2500000e+01;-1.3286453e-01;1.2500000e+01;-6.8082318e-02;1.2500000e+01;-5.4236241e-02;1.2500000e+01;-1.6168736e-02;1.2500000e+01;4.0662162e-02;1.2500000e+01;1.1266061e-01;1.2500000e+01;1.8864220e-01;1.2500000e+01;2.2060084e-01;1.2500000e+01;2.0952760e-01;1.2500000e+01;1.9564246e-01;1.2500000e+01;2.3184910e-01;1.2500000e+01;1.9668281e-01;1.2500000e+01;1.4446826e-01;1.2500000e+01;8.9762539e-02;1.2500000e+01;4.3867446e-02;1.2500000e+01;-4.2091906e-03;1.2500000e+01;-4.5332417e-02;1.2500000e+01;-8.8572085e-02;1.2500000e+01;-1.3286453e-01;1.2500000e+01;-6.8082318e-02;1.2500000e+01;-5.4236241e-02;1.2500000e+01;-1.6168736e-02;1.2500000e+01;4.0662162e-02;1.2500000e+01;1.1266061e-01;1.2500000e+01;1.8864220e-01;1.2500000e+01;2.2060084e-01;1.2500000e+01;2.0952760e-01;1.2500000e+01;1.9564246e-01;1.2500000e+01;2.3184910e-01;1.2500000e+01;1.9668281e-01;1.2500000e+01;1.4446826e-01;1.2500000e+01;8.9762539e-02;1.2500000e+01;4.3867446e-02;1.2500000e+01;-4.2091906e-03;1.2500000e+01;-4.5332417e-02;1.2500000e+01;-8.8572085e-02;1.2500000e+01;-1.3286453e-01;1.2500000e+01;-6.8082318e-02;1.2500000e+01;-5.4236241e-02;1.2500000e+01;-1.6168736e-02;1.2500000e+01;4.0662162e-02;1.2500000e+01;1.1266061e-01;1.2500000e+01;1.8864220e-01;1.2500000e+01;2.2060084e-01;1.2500000e+01;2.0952760e-01;1.2500000e+01;1.9564246e-01;1.2500000e+01;2.3184910e-01;1.2500000e+01;1.9668281e-01;1.2500000e+01;1.4446826e-01;1.2500000e+01;8.9762539e-02;1.2500000e+01;4.3867446e-02;1.2500000e+01;-4.2091906e-03;1.2500000e+01;-4.5332417e-02;1.2500000e+01;-8.8572085e-02;1.2500000e+01;-1.3286453e-01;1.2500000e+01;-6.8082318e-02;1.2500000e+01;-5.4236241e-02;1.2500000e+01;-1.6168736e-02;1.2500000e+01;4.0662162e-02;1.2500000e+01;1.1266061e-01;1.2500000e+01;1.8864220e-01;1.2500000e+01;2.2060084e-01;1.2500000e+01;2.0952760e-01;1.2500000e+01;1.9564246e-01;1.2500000e+01;2.3184910e-01;1.2500000e+01;1.9668281e-01;1.2500000e+01;1.4446826e-01;1.2500000e+01;8.9762539e-02;1.2500000e+01;4.3867446e-02;1.2500000e+01;-4.2091906e-03;1.2500000e+01;-4.5332417e-02;1.2500000e+01;-8.8572085e-02;1.2500000e+01;-1.3286453e-01;1.2500000e+01;-6.8082318e-02;1.2500000e+01;-5.4236241e-02;1.2500000e+01;-1.6168736e-02;1.2500000e+01;4.0662162e-02;1.2500000e+01;1.1266061e-01;1.2500000e+01;1.8864220e-01;1.2500000e+01;2.2060084e-01;1.2500000e+01;2.0952760e-01;1.2500000e+01;1.9564246e-01;1.2500000e+01;2.3184910e-01;1.2500000e+01;1.9668281e-01;1.2500000e+01;1.4446826e-01;1.2500000e+01;8.9762539e-02;1.2500000e+01;4.3867446e-02;1.2500000e+01;-4.2091906e-03;1.2500000e+01;-4.5332417e-02;1.2500000e+01;-8.8572085e-02;1.2500000e+01;-1.3286453e-01;1.2500000e+01;-6.8082318e-02;1.2500000e+01;-5.4236241e-02;1.2500000e+01;-1.6168736e-02;1.2500000e+01;4.0662162e-02;1.2500000e+01;1.1266061e-01;1.2500000e+01;1.8864220e-01;1.2500000e+01;2.2060084e-01;1.2500000e+01;2.0952760e-01;1.2500000e+01;1.9564246e-01;1.2500000e+01;2.3184910e-01;1.2500000e+01;1.9668281e-01;1.2500000e+01;1.4446826e-01;1.2500000e+01;8.9762539e-02;1.2500000e+01;4.3867446e-02;1.2500000e+01;-4.2091906e-03;1.2500000e+01;-4.5332417e-02;1.2500000e+01;-8.8572085e-02;1.2500000e+01;-1.3286453e-01;1.2500000e+01;-6.8082318e-02;1.2500000e+01;-5.4236241e-02;1.2500000e+01;-1.6168736e-02;1.2500000e+01;4.0662162e-02;1.2500000e+01;1.1266061e-01;1.2500000e+01;1.8864220e-01;1.2500000e+01;2.2060084e-01;1.2500000e+01;2.0952760e-01;1.2500000e+01;1.9564246e-01;1.2500000e+01;2.3184910e-01;1.2500000e+01;1.9668281e-01;1.2500000e+01;1.4446826e-01;1.2500000e+01;8.9762539e-02;1.2500000e+01;4.3867446e-02;1.2500000e+01;-4.2091906e-03;1.2500000e+01;-4.5332417e-02;1.2500000e+01;-8.8572085e-02;1.2500000e+01;-1.3286453e-01;1.2500000e+01;-6.8082318e-02;1.2500000e+01;-5.4236241e-02;1.2500000e+01;-1.6168736e-02;1.2500000e+01;4.0662162e-02;1.2500000e+01;1.1266061e-01;1.2500000e+01;1.8864220e-01;1.2500000e+01;2.2060084e-01;1.2500000e+01;2.0952760e-01;1.2500000e+01;1.9564246e-01;1.2500000e+01;2.3184910e-01;1.2500000e+01;1.9668281e-01;1.2500000e+01;1.4446826e-01;1.2500000e+01;8.9762539e-02;1.2500000e+01;4.3867446e-02;1.2500000e+01;-4.2091906e-03;1.2500000e+01;-4.5332417e-02;1.2500000e+01;-8.8572085e-02;1.2500000e+01;-1.3286453e-01;1.2500000e+01;-6.8082318e-02;1.2500000e+01;-5.4236241e-02;1.2500000e+01;-1.6168736e-02;1.2500000e+01;4.0662162e-02;1.2500000e+01;1.1266061e-01;1.2500000e+01;1.8864220e-01;1.2500000e+01;2.2060084e-01;1.2500000e+01;2.0952760e-01;1.2500000e+01;1.9564246e-01;1.2500000e+01;2.3184910e-01;1.2500000e+01;1.9668281e-01;1.2500000e+01;1.4446826e-01;1.2500000e+01;8.9762539e-02;1.2500000e+01;4.3867446e-02;1.2500000e+01;-4.2091906e-03;1.2500000e+01;-4.5332417e-02;1.2500000e+01;-8.8572085e-02;1.2500000e+01;-1.3286453e-01;1.2500000e+01;-6.8082318e-02;1.2500000e+01;-5.4236241e-02;1.2500000e+01;-1.6168736e-02;1.2500000e+01;4.0662162e-02;1.2500000e+01;1.1266061e-01;1.2500000e+01;1.8864220e-01;1.2500000e+01;2.2060084e-01;1.2500000e+01;2.0952760e-01;1.2500000e+01;1.9564246e-01;1.2500000e+01;2.3184910e-01;1.2500000e+01;1.9668281e-01;1.2500000e+01;1.4446826e-01;1.2500000e+01;8.9762539e-02;1.2500000e+01;4.3867446e-02;1.2500000e+01;-4.2091906e-03;1.2500000e+01;-4.5332417e-02;1.2500000e+01;-8.8572085e-02;1.2500000e+01;-1.3286453e-01;1.2500000e+01;-6.8082318e-02;1.2500000e+01;-5.4236241e-02;1.2500000e+01;-1.6168736e-02;1.2500000e+01;4.0662162e-02;1.2500000e+01;1.1266061e-01;1.2500000e+01;1.8864220e-01;1.2500000e+01;2.2060084e-01;1.2500000e+01;2.0952760e-01;1.2500000e+01;1.9564246e-01;1.2500000e+01;2.3184910e-01;1.2500000e+01;1.9668281e-01;1.2500000e+01;1.4446826e-01;1.2500000e+01;8.9762539e-02;1.2500000e+01;4.3867446e-02;1.2500000e+01;-4.2091906e-03;1.2500000e+01;-4.5332417e-02;1.2500000e+01;-8.8572085e-02;1.2500000e+01;-1.3286453e-01;1.2500000e+01;-6.8082318e-02;1.2500000e+01;-5.4236241e-02;1.2500000e+01;-1.6168736e-02;1.2500000e+01;4.0662162e-02;1.2500000e+01;1.1266061e-01;1.2500000e+01;1.8864220e-01;1.2500000e+01;2.2060084e-01;1.2500000e+01;2.0952760e-01;1.2500000e+01;1.9564246e-01;1.2500000e+01;2.3184910e-01;1.2500000e+01;1.9668281e-01;1.2500000e+01;1.4446826e-01;1.2500000e+01;8.9762539e-02;1.2500000e+01;4.3867446e-02;1.2500000e+01;-4.2091906e-03;1.2500000e+01;-4.5332417e-02;1.2500000e+01;-8.8572085e-02;1.2500000e+01;-1.3286453e-01;1.2500000e+01;-6.8082318e-02;1.2500000e+01;-5.4236241e-02;1.2500000e+01;-1.6168736e-02;1.2500000e+01;4.0662162e-02;1.2500000e+01;1.1266061e-01;1.2500000e+01;1.8864220e-01;1.2500000e+01;2.2060084e-01;1.2500000e+01;2.0952760e-01;1.2500000e+01;1.9564246e-01;1.2500000e+01;2.3184910e-01;1.2500000e+01;1.9668281e-01;1.2500000e+01;1.4446826e-01;1.2500000e+01;8.9762539e-02;1.2500000e+01;4.3867446e-02;1.2500000e+01;-4.2091906e-03;1.2500000e+01;-4.5332417e-02;1.2500000e+01;-8.8572085e-02;1.2500000e+01;-1.3286453e-01;1.2500000e+01;-6.8082318e-02;1.2500000e+01;-5.4236241e-02;1.2500000e+01;-1.6168736e-02;1.2500000e+01;4.0662162e-02;1.2500000e+01;1.1266061e-01;1.2500000e+01;1.8864220e-01;1.2500000e+01;2.2060084e-01;1.2500000e+01;2.0952760e-01;1.2500000e+01;1.9564246e-01;1.2500000e+01;2.3184910e-01;1.2500000e+01;1.9668281e-01;1.2500000e+01;1.4446826e-01;1.2500000e+01;8.9762539e-02;1.2500000e+01;4.3867446e-02;1.2500000e+01;-4.2091906e-03;1.2500000e+01;-4.5332417e-02;1.2500000e+01;-8.8572085e-02;1.2500000e+01;-1.3286453e-01;1.2500000e+01;-6.8082318e-02;1.2500000e+01;-5.4236241e-02;1.2500000e+01;-1.6168736e-02;1.2500000e+01;4.0662162e-02;1.2500000e+01;1.1266061e-01;1.2500000e+01;1.8864220e-01;1.2500000e+01;2.2060084e-01;1.2500000e+01;2.0952760e-01;1.2500000e+01;1.9564246e-01;1.2500000e+01;2.3184910e-01;1.2500000e+01;1.9668281e-01;1.2500000e+01;1.4446826e-01;1.2500000e+01;8.9762539e-02;1.2500000e+01;4.3867446e-02;1.2500000e+01;-4.2091906e-03;1.2500000e+01;-4.5332417e-02;1.2500000e+01;-8.8572085e-02;1.2500000e+01;-1.3286453e-01;1.2500000e+01;-6.8082318e-02;1.2500000e+01;-5.4236241e-02;1.2500000e+01;-1.6168736e-02;1.2500000e+01;4.0662162e-02;1.2500000e+01;1.1266061e-01;1.2500000e+01;1.8864220e-01;1.2500000e+01;2.2060084e-01;1.2500000e+01;2.0952760e-01;1.2500000e+01;1.9564246e-01;1.2500000e+01;2.3184910e-01;1.2500000e+01;1.9668281e-01;1.2500000e+01;1.4446826e-01;1.2500000e+01;8.9762539e-02;1.2500000e+01;4.3867446e-02;1.2500000e+01;-4.2091906e-03;1.2500000e+01;-4.5332417e-02;1.2500000e+01;-8.8572085e-02;1.2500000e+01;-1.3286453e-01;1.2500000e+01;-6.8082318e-02;1.2500000e+01;-5.4236241e-02;1.2500000e+01;-1.6168736e-02;1.2500000e+01;4.0662162e-02;1.2500000e+01;1.1266061e-01;1.2500000e+01;1.8864220e-01;1.2500000e+01;2.2060084e-01;1.2500000e+01;2.0952760e-01;1.2500000e+01;1.9564246e-01;1.2500000e+01;2.3184910e-01;1.2500000e+01;1.9668281e-01;1.2500000e+01;1.4446826e-01;1.2500000e+01;8.9762539e-02;1.2500000e+01;4.3867446e-02;1.2500000e+01;-4.2091906e-03;1.2500000e+01;-4.5332417e-02;1.2500000e+01;-8.8572085e-02;1.2500000e+01;-1.3286453e-01;1.2500000e+01;-6.8082318e-02;1.2500000e+01;-5.4236241e-02;1.2500000e+01;-1.6168736e-02;1.2500000e+01;4.0662162e-02;1.2500000e+01;1.1266061e-01;1.2500000e+01;1.8864220e-01;1.2500000e+01;2.2060084e-01;1.2500000e+01;2.0952760e-01;1.2500000e+01;1.9564246e-01;1.2500000e+01;2.3184910e-01;1.2500000e+01;1.9668281e-01;1.2500000e+01;1.4446826e-01;1.2500000e+01;8.9762539e-02;1.2500000e+01;4.3867446e-02;1.2500000e+01;-4.2091906e-03;1.2500000e+01;-4.5332417e-02;1.2500000e+01;-8.8572085e-02;1.2500000e+01;-1.3286453e-01;1.2500000e+01;-6.8082318e-02;1.2500000e+01;-5.4236241e-02;1.2500000e+01;-1.6168736e-02;1.2500000e+01;4.0662162e-02;1.2500000e+01;1.1266061e-01;1.2500000e+01;1.8864220e-01;1.2500000e+01;2.2060084e-01;1.2500000e+01;2.0952760e-01;1.2500000e+01;1.9564246e-01;1.2500000e+01;2.3184910e-01;1.2500000e+01;1.9668281e-01;1.2500000e+01;1.4446826e-01;1.2500000e+01;8.9762539e-02;1.2500000e+01;4.3867446e-02;1.2500000e+01;-4.2091906e-03;1.2500000e+01;-4.5332417e-02;1.2500000e+01;-8.8572085e-02;1.2500000e+01;-1.3286453e-01;1.2500000e+01;-6.8082318e-02;1.2500000e+01;-5.4236241e-02;1.2500000e+01;-1.6168736e-02;1.2500000e+01;4.0662162e-02;1.2500000e+01;1.1266061e-01;1.2500000e+01;1.8864220e-01;1.2500000e+01;2.2060084e-01;1.2500000e+01;2.0952760e-01;1.2500000e+01;1.9564246e-01;1.2500000e+01;2.3184910e-01;1.2500000e+01;1.9668281e-01;1.2500000e+01;1.4446826e-01;1.2500000e+01;8.9762539e-02;1.2500000e+01;4.3867446e-02;1.2500000e+01;-4.2091906e-03;1.2500000e+01;-4.5332417e-02;1.2500000e+01;-8.8572085e-02;1.2500000e+01;-1.3286453e-01;1.2500000e+01;-6.8082318e-02;1.2500000e+01;-5.4236241e-02;1.2500000e+01;-1.6168736e-02;1.2500000e+01;4.0662162e-02;1.2500000e+01;1.1266061e-01;1.2500000e+01;1.8864220e-01;1.2500000e+01;2.2060084e-01;1.2500000e+01;2.0952760e-01;1.2500000e+01;1.9564246e-01;1.2500000e+01;2.3184910e-01;1.2500000e+01;1.9668281e-01;1.2500000e+01;1.4446826e-01;1.2500000e+01;8.9762539e-02;1.2500000e+01;4.3867446e-02;1.2500000e+01;-4.2091906e-03;1.2500000e+01;-4.5332417e-02;1.2500000e+01;-8.8572085e-02;1.2500000e+01;-1.3286453e-01;1.2500000e+01;-6.8082318e-02;1.2500000e+01;-5.4236241e-02;1.2500000e+01;-1.6168736e-02;1.2500000e+01;4.0662162e-02;1.2500000e+01;1.1266061e-01;1.2500000e+01;1.8864220e-01;1.2500000e+01;2.2060084e-01;1.2500000e+01;2.0952760e-01;1.2500000e+01;1.9564246e-01;1.2500000e+01;2.3184910e-01;1.2500000e+01;1.9668281e-01;1.2500000e+01;1.4446826e-01;1.2500000e+01;8.9762539e-02;1.2500000e+01;4.3867446e-02;1.2500000e+01;-4.2091906e-03;1.2500000e+01;-4.5332417e-02;1.2500000e+01;-8.8572085e-02;1.2500000e+01;-1.3286453e-01;1.2500000e+01;-6.8082318e-02;1.2500000e+01;-5.4236241e-02;1.2500000e+01;-1.6168736e-02;1.2500000e+01;4.0662162e-02;1.2500000e+01;1.1266061e-01;1.2500000e+01;1.8864220e-01;1.2500000e+01;2.2060084e-01;1.2500000e+01;2.0952760e-01;1.2500000e+01;1.9564246e-01;1.2500000e+01;2.3184910e-01;1.2500000e+01;1.9668281e-01;1.2500000e+01;1.4446826e-01;1.2500000e+01;8.9762539e-02;1.2500000e+01;4.3867446e-02;1.2500000e+01;-4.2091906e-03;1.2500000e+01;-4.5332417e-02;1.2500000e+01;-8.8572085e-02;1.2500000e+01;-1.3286453e-01;1.2500000e+01;-6.8082318e-02;1.2500000e+01;-5.4236241e-02;1.2500000e+01;-1.6168736e-02;1.2500000e+01;4.0662162e-02;1.2500000e+01;1.1266061e-01;1.2500000e+01;1.8864220e-01;1.2500000e+01;2.2060084e-01;1.2500000e+01;2.0952760e-01;1.2500000e+01;1.9564246e-01;1.2500000e+01;2.3184910e-01;1.2500000e+01;1.9668281e-01;1.2500000e+01;1.4446826e-01;1.2500000e+01;8.9762539e-02;1.2500000e+01;4.3867446e-02;1.2500000e+01;-4.2091906e-03;1.2500000e+01;-4.5332417e-02;1.2500000e+01;-8.8572085e-02;1.2500000e+01;-1.3286453e-01;1.2500000e+01;-6.8082318e-02;1.2500000e+01;-5.4236241e-02;1.2500000e+01;-1.6168736e-02;1.2500000e+01;4.0662162e-02;1.2500000e+01;1.1266061e-01;1.2500000e+01;1.8864220e-01;1.2500000e+01;2.2060084e-01;1.2500000e+01;2.0952760e-01;1.2500000e+01;1.9564246e-01;1.2500000e+01;2.3184910e-01;1.2500000e+01;1.9668281e-01;1.2500000e+01;1.4446826e-01;1.2500000e+01;8.9762539e-02;1.2500000e+01;4.3867446e-02;1.2500000e+01;-4.2091906e-03;1.2500000e+01;-4.5332417e-02;1.2500000e+01;-8.8572085e-02;1.2500000e+01;-1.3286453e-01;1.2500000e+01;-6.8082318e-02;1.2500000e+01;-5.4236241e-02;1.2500000e+01;-1.6168736e-02;1.2500000e+01;4.0662162e-02;1.2500000e+01;1.1266061e-01;1.2500000e+01;1.8864220e-01;1.2500000e+01;2.2060084e-01;1.2500000e+01;2.0952760e-01;1.2500000e+01;1.9564246e-01;1.2500000e+01;2.3184910e-01;1.2500000e+01;1.9668281e-01;1.2500000e+01;1.4446826e-01;1.2500000e+01;8.9762539e-02;1.2500000e+01;4.3867446e-02;1.2500000e+01;-4.2091906e-03;1.2500000e+01;-4.5332417e-02;1.2500000e+01;-8.8572085e-02;1.2500000e+01;-1.3286453e-01;1.2500000e+01;-6.8082318e-02;1.2500000e+01;-5.4236241e-02;1.2500000e+01;-1.6168736e-02;1.2500000e+01;4.0662162e-02;1.2500000e+01;1.1266061e-01;1.2500000e+01;1.8864220e-01;1.2500000e+01;2.2060084e-01;1.2500000e+01;2.0952760e-01;1.2500000e+01;1.9564246e-01;1.2500000e+01;2.3184910e-01;1.2500000e+01;1.9668281e-01;1.2500000e+01;1.4446826e-01;1.2500000e+01;8.9762539e-02;1.2500000e+01;4.3867446e-02;1.2500000e+01;-4.2091906e-03;1.2500000e+01;-4.5332417e-02;1.2500000e+01;-8.8572085e-02;1.2500000e+01;-1.3286453e-01;1.2500000e+01;-6.8082318e-02;1.2500000e+01;-5.4236241e-02;1.2500000e+01;-1.6168736e-02;1.2500000e+01;4.0662162e-02;1.2500000e+01;1.1266061e-01;1.2500000e+01;1.8864220e-01;1.2500000e+01;2.2060084e-01;1.2500000e+01;2.0952760e-01;1.2500000e+01;1.9564246e-01;1.2500000e+01;2.3184910e-01;1.2500000e+01;1.9668281e-01;1.2500000e+01;1.4446826e-01;1.2500000e+01;8.9762539e-02;1.2500000e+01;4.3867446e-02;1.2500000e+01;-4.2091906e-03;1.2500000e+01;-4.5332417e-02;1.2500000e+01;-8.8572085e-02;1.2500000e+01;-1.3286453e-01;1.2500000e+01;-6.8082318e-02;1.2500000e+01;-5.4236241e-02;1.2500000e+01;-1.6168736e-02;1.2500000e+01;4.0662162e-02;1.2500000e+01;1.1266061e-01;1.2500000e+01;1.8864220e-01;1.2500000e+01;2.2060084e-01;1.2500000e+01;2.0952760e-01;1.2500000e+01;1.9564246e-01;1.2500000e+01;2.3184910e-01;1.2500000e+01;1.9668281e-01;1.2500000e+01;1.4446826e-01;1.2500000e+01;8.9762539e-02;1.2500000e+01;4.3867446e-02;1.2500000e+01;-4.2091906e-03;1.2500000e+01;-4.5332417e-02;1.2500000e+01;-8.8572085e-02;1.2500000e+01;-1.3286453e-01;1.2500000e+01;-6.8082318e-02;1.2500000e+01;-5.4236241e-02;1.2500000e+01;-1.6168736e-02;1.2500000e+01;4.0662162e-02;1.2500000e+01;1.1266061e-01;1.2500000e+01;1.8864220e-01;1.2500000e+01;2.2060084e-01;1.2500000e+01;2.0952760e-01;1.2500000e+01;1.9564246e-01;1.2500000e+01;2.3184910e-01;1.2500000e+01;1.9668281e-01;1.2500000e+01;1.4446826e-01;1.2500000e+01;8.9762539e-02;1.2500000e+01;4.3867446e-02;1.2500000e+01;-4.2091906e-03;1.2500000e+01;-4.5332417e-02;1.2500000e+01;-8.8572085e-02;1.2500000e+01;-1.3286453e-01;1.2500000e+01;-6.8082318e-02;1.2500000e+01;-5.4236241e-02;1.2500000e+01;-1.6168736e-02;1.2500000e+01;4.0662162e-02;1.2500000e+01;1.1266061e-01;1.2500000e+01;1.8864220e-01;1.2500000e+01;2.2060084e-01;1.2500000e+01;2.0952760e-01;1.2500000e+01;1.9564246e-01;1.2500000e+01;2.3184910e-01;1.2500000e+01;1.9668281e-01;1.2500000e+01;1.4446826e-01;1.2500000e+01;8.9762539e-02;1.2500000e+01;4.3867446e-02;1.2500000e+01;-4.2091906e-03;1.2500000e+01;-4.5332417e-02;1.2500000e+01;-8.8572085e-02;1.2500000e+01;-1.3286453e-01;1.2500000e+01;-6.8082318e-02;1.2500000e+01;-5.4236241e-02;1.2500000e+01;-1.6168736e-02;1.2500000e+01;4.0662162e-02;1.2500000e+01;1.1266061e-01;1.2500000e+01;1.8864220e-01;1.2500000e+01;2.2060084e-01;1.2500000e+01;2.0952760e-01;1.2500000e+01;1.9564246e-01;1.2500000e+01;2.3184910e-01;1.2500000e+01;1.9668281e-01;1.2500000e+01;1.4446826e-01;1.2500000e+01;8.9762539e-02;1.2500000e+01;4.3867446e-02;1.2500000e+01;-4.2091906e-03;1.2500000e+01;-4.5332417e-02;1.2500000e+01;-8.8572085e-02;1.2500000e+01;-1.3286453e-01;1.2500000e+01;-6.8082318e-02;1.2500000e+01;-5.4236241e-02;1.2500000e+01;-1.6168736e-02;1.2500000e+01;4.0662162e-02;1.2500000e+01;1.1266061e-01;1.2500000e+01;1.8864220e-01;1.2500000e+01;2.2060084e-01;1.2500000e+01;2.0952760e-01;1.2500000e+01;1.9564246e-01;1.2500000e+01;2.3184910e-01;1.2500000e+01;1.9668281e-01;1.2500000e+01;1.4446826e-01;1.2500000e+01;8.9762539e-02;1.2500000e+01;4.3867446e-02;1.2500000e+01;-4.2091906e-03;1.2500000e+01;-4.5332417e-02;1.2500000e+01;-8.8572085e-02;1.2500000e+01;-1.3286453e-01;1.2500000e+01;-6.8082318e-02;1.2500000e+01;-5.4236241e-02;1.2500000e+01;-1.6168736e-02;1.2500000e+01;4.0662162e-02;1.2500000e+01;1.1266061e-01;1.2500000e+01;1.8864220e-01;1.2500000e+01;2.2060084e-01;1.2500000e+01;2.0952760e-01;1.2500000e+01;1.9564246e-01;1.2500000e+01;2.3184910e-01;1.2500000e+01;1.9668281e-01;1.2500000e+01;1.4446826e-01;1.2500000e+01;8.9762539e-02;1.2500000e+01;4.3867446e-02;1.2500000e+01;-4.2091906e-03;1.2500000e+01;-4.5332417e-02;1.2500000e+01;-8.8572085e-02;1.2500000e+01;-1.3286453e-01
1.7500000e+01;-7.6133907e-02;1.7500000e+01;-5.8825284e-02;1.7500000e+01;-1.3046958e-02;1.7500000e+01;5.1937934e-02;1.7500000e+01;1.3168229e-01;1.7500000e+01;2.0683214e-01;1.7500000e+01;2.3549825e-01;1.7500000e+01;2.1545394e-01;1.7500000e+01;1.9050658e-01;1.7500000e+01;2.2938356e-01;1.7500000e+01;1.9575179e-01;1.7500000e+01;1.4548922e-01;1.7500000e+01;9.1351613e-02;1.7500000e+01;4.7091618e-02;1.7500000e+01;-1.5968308e-03;1.7500000e+01;-4.2896613e-02;1.7500000e+01;-8.5518450e-02;1.7500000e+01;-1.3221514e-01;1.7500000e+01;-7.6133907e-02;1.7500000e+01;-5.8825284e-02;1.7500000e+01;-1.3046958e-02;1.7500000e+01;5.1937934e-02;1.7500000e+01;1.3168229e-01;1.7500000e+01;2.0683214e-01;1.7500000e+01;2.3549825e-01;1.7500000e+01;2.1545394e-01;1.7500000e+01;1.9050658e-01;1.7500000e+01;2.2938356e-01;1.7500000e+01;1.9575179e-01;1.7500000e+01;1.4548922e-01;1.7500000e+01;9.1351613e-02;1.7500000e+01;4.7091618e-02;1.7500000e+01;-1.5968308e-03;1.7500000e+01;-4.2896613e-02;1.7500000e+01;-8.5518450e-02;1.7500000e+01;-1.3221514e-01;1.7500000e+01;-7.6133907e-02;1.7500000e+01;-5.8825284e-02;1.7500000e+01;-1.3046958e-02;1.7500000e+01;5.1937934e-02;1.7500000e+01;1.3168229e-01;1.7500000e+01;2.0683214e-01;1.7500000e+01;2.3549825e-01;1.7500000e+01;2.1545394e-01;1.7500000e+01;1.9050658e-01;1.7500000e+01;2.2938356e-01;1.7500000e+01;1.9575179e-01;1.7500000e+01;1.4548922e-01;1.7500000e+01;9.1351613e-02;1.7500000e+01;4.7091618e-02;1.7500000e+01;-1.5968308e-03;1.7500000e+01;-4.2896613e-02;1.7500000e+01;-8.5518450e-02;1.7500000e+01;-1.3221514e-01;1.7500000e+01;-7.6133907e-02;1.7500000e+01;-5.8825284e-02;1.7500000e+01;-1.3046958e-02;1.7500000e+01;5.1937934e-02;1.7500000e+01;1.3168229e-01;1.7500000e+01;2.0683214e-01;1.7500000e+01;2.3549825e-01;1.7500000e+01;2.1545394e-01;1.7500000e+01;1.9050658e-01;1.7500000e+01;2.2938356e-01;1.7500000e+01;1.9575179e-01;1.7500000e+01;1.4548922e-01;1.7500000e+01;9.1351613e-02;1.7500000e+01;4.7091618e-02;1.7500000e+01;-1.5968308e-03;1.7500000e+01;-4.2896613e-02;1.7500000e+01;-8.5518450e-02;1.7500000e+01;-1.3221514e-01;1.7500000e+01;-7.6133907e-02;1.7500000e+01;-5.8825284e-02;1.7500000e+01;-1.3046958e-02;1.7500000e+01;5.1937934e-02;1.7500000e+01;1.3168229e-01;1.7500000e+01;2.0683214e-01;1.7500000e+01;2.3549825e-01;1.7500000e+01;2.1545394e-01;1.7500000e+01;1.9050658e-01;1.7500000e+01;2.2938356e-01;1.7500000e+01;1.9575179e-01;1.7500000e+01;1.4548922e-01;1.7500000e+01;9.1351613e-02;1.7500000e+01;4.7091618e-02;1.7500000e+01;-1.5968308e-03;1.7500000e+01;-4.2896613e-02;1.7500000e+01;-8.5518450e-02;1.7500000e+01;-1.3221514e-01;1.7500000e+01;-7.6133907e-02;1.7500000e+01;-5.8825284e-02;1.7500000e+01;-1.3046958e-02;1.7500000e+01;5.1937934e-02;1.7500000e+01;1.3168229e-01;1.7500000e+01;2.0683214e-01;1.7500000e+01;2.3549825e-01;1.7500000e+01;2.1545394e-01;1.7500000e+01;1.9050658e-01;1.7500000e+01;2.2938356e-01;1.7500000e+01;1.9575179e-01;1.7500000e+01;1.4548922e-01;1.7500000e+01;9.1351613e-02;1.7500000e+01;4.7091618e-02;1.7500000e+01;-1.5968308e-03;1.7500000e+01;-4.2896613e-02;1.7500000e+01;-8.5518450e-02;1.7500000e+01;-1.3221514e-01;1.7500000e+01;-7.6133907e-02;1.7500000e+01;-5.8825284e-02;1.7500000e+01;-1.3046958e-02;1.7500000e+01;5.1937934e-02;1.7500000e+01;1.3168229e-01;1.7500000e+01;2.0683214e-01;1.7500000e+01;2.3549825e-01;1.7500000e+01;2.1545394e-01;1.7500000e+01;1.9050658e-01;1.7500000e+01;2.2938356e-01;1.7500000e+01;1.9575179e-01;1.7500000e+01;1.4548922e-01;1.7500000e+01;9.1351613e-02;1.7500000e+01;4.7091618e-02;1.7500000e+01;-1.5968308e-03;1.7500000e+01;-4.2896613e-02;1.7500000e+01;-8.5518450e-02;1.7500000e+01;-1.3221514e-01;1.7500000e+01;-7.6133907e-02;1.7500000e+01;-5.8825284e-02;1.7500000e+01;-1.3046958e-02;1.7500000e+01;5.1937934e-02;1.7500000e+01;1.3168229e-01;1.7500000e+01;2.0683214e-01;1.7500000e+01;2.3549825e-01;1.7500000e+01;2.1545394e-01;1.7500000e+01;1.9050658e-01;1.7500000e+01;2.2938356e-01;1.7500000e+01;1.9575179e-01;1.7500000e+01;1.4548922e-01;1.7500000e+01;9.1351613e-02;1.7500000e+01;4.7091618e-02;1.7500000e+01;-1.5968308e-03;1.7500000e+01;-4.2896613e-02;1.7500000e+01;-8.5518450e-02;1.7500000e+01;-1.3221514e-01;1.7500000e+01;-7.6133907e-02;1.7500000e+01;-5.8825284e-02;1.7500000e+01;-1.3046958e-02;1.7500000e+01;5.1937934e-02;1.7500000e+01;1.3168229e-01;1.7500000e+01;2.0683214e-01;1.7500000e+01;2.3549825e-01;1.7500000e+01;2.1545394e-01;1.7500000e+01;1.9050658e-01;1.7500000e+01;2.2938356e-01;1.7500000e+01;1.9575179e-01;1.7500000e+01;1.4548922e-01;1.7500000e+01;9.1351613e-02;1.7500000e+01;4.7091618e-02;1.7500000e+01;-1.5968308e-03;1.7500000e+01;-4.2896613e-02;1.7500000e+01;-8.5518450e-02;1.7500000e+01;-1.3221514e-01;1.7500000e+01;-7.6133907e-02;1.7500000e+01;-5.8825284e-02;1.7500000e+01;-1.3046958e-02;1.7500000e+01;5.1937934e-02;1.7500000e+01;1.3168229e-01;1.7500000e+01;2.0683214e-01;1.7500000e+01;2.3549825e-01;1.7500000e+01;2.1545394e-01;1.7500000e+01;1.9050658e-01;1.7500000e+01;2.2938356e-01;1.7500000e+01;1.9575179e-01;1.7500000e+01;1.4548922e-01;1.7500000e+01;9.1351613e-02;1.7500000e+01;4.7091618e-02;1.7500000e+01;-1.5968308e-03;1.7500000e+01;-4.2896613e-02;1.7500000e+01;-8.5518450e-02;1.7500000e+01;-1.3221514e-01;1.7500000e+01;-7.6133907e-02;1.7500000e+01;-5.8825284e-02;1.7500000e+01;-1.3046958e-02;1.7500000e+01;5.1937934e-02;1.7500000e+01;1.3168229e-01;1.7500000e+01;2.0683214e-01;1.7500000e+01;2.3549825e-01;1.7500000e+01;2.1545394e-01;1.7500000e+01;1.9050658e-01;1.7500000e+01;2.2938356e-01;1.7500000e+01;1.9575179e-01;1.7500000e+01;1.4548922e-01;1.7500000e+01;9.1351613e-02;1.7500000e+01;4.7091618e-02;1.7500000e+01;-1.5968308e-03;1.7500000e+01;-4.2896613e-02;1.7500000e+01;-8.5518450e-02;1.7500000e+01;-1.3221514e-01;1.7500000e+01;-7.6133907e-02;1.7500000e+01;-5.8825284e-02;1.7500000e+01;-1.3046958e-02;1.7500000e+01;5.1937934e-02;1.7500000e+01;1.3168229e-01;1.7500000e+01;2.0683214e-01;1.7500000e+01;2.3549825e-01;1.7500000e+01;2.1545394e-01;1.7500000e+01;1.9050658e-01;1.7500000e+01;2.2938356e-01;1.7500000e+01;1.9575179e-01;1.7500000e+01;1.4548922e-01;1.7500000e+01;9.1351613e-02;1.7500000e+01;4.7091618e-02;1.7500000e+01;-1.5968308e-03;1.7500000e+01;-4.2896613e-02;1.7500000e+01;-8.5518450e-02;1.7500000e+01;-1.3221514e-01;1.7500000e+01;-7.6133907e-02;1.7500000e+01;-5.8825284e-02;1.7500000e+01;-1.3046958e-02;1.7500000e+01;5.1937934e-02;1.7500000e+01;1.3168229e-01;1.7500000e+01;2.0683214e-01;1.7500000e+01;2.3549825e-01;1.7500000e+01;2.1545394e-01;1.7500000e+01;1.9050658e-01;1.7500000e+01;2.2938356e-01;1.7500000e+01;1.9575179e-01;1.7500000e+01;1.4548922e-01;1.7500000e+01;9.1351613e-02;1.7500000e+01;4.7091618e-02;1.7500000e+01;-1.5968308e-03;1.7500000e+01;-4.2896613e-02;1.7500000e+01;-8.5518450e-02;1.7500000e+01;-1.3221514e-01;1.7500000e+01;-7.6133907e-02;1.7500000e+01;-5.8825284e-02;1.7500000e+01;-1.3046958e-02;1.7500000e+01;5.1937934e-02;1.7500000e+01;1.3168229e-01;1.7500000e+01;2.0683214e-01;1.7500000e+01;2.3549825e-01;1.7500000e+01;2.1545394e-01;1.7500000e+01;1.9050658e-01;1.7500000e+01;2.2938356e-01;1.7500000e+01;1.9575179e-01;1.7500000e+01;1.4548922e-01;1.7500000e+01;9.1351613e-02;1.7500000e+01;4.7091618e-02;1.7500000e+01;-1.5968308e-03;1.7500000e+01;-4.2896613e-02;1.7500000e+01;-8.5518450e-02;1.7500000e+01;-1.3221514e-01;1.7500000e+01;-7.6133907e-02;1.7500000e+01;-5.8825284e-02;1.7500000e+01;-1.3046958e-02;1.7500000e+01;5.1937934e-02;1.7500000e+01;1.3168229e-01;1.7500000e+01;2.0683214e-01;1.7500000e+01;2.3549825e-01;1.7500000e+01;2.1545394e-01;1.7500000e+01;1.9050658e-01;1.7500000e+01;2.2938356e-01;1.7500000e+01;1.9575179e-01;1.7500000e+01;1.4548922e-01;1.7500000e+01;9.1351613e-02;1.7500000e+01;4.7091618e-02;1.7500000e+01;-1.5968308e-03;1.7500000e+01;-4.2896613e-02;1.7500000e+01;-8.5518450e-02;1.7500000e+01;-1.3221514e-01;1.7500000e+01;-7.6133907e-02;1.7500000e+01;-5.8825284e-02;1.7500000e+01;-1.3046958e-02;1.7500000e+01;5.1937934e-02;1.7500000e+01;1.3168229e-01;1.7500000e+01;2.0683214e-01;1.7500000e+01;2.3549825e-01;1.7500000e+01;2.1545394e-01;1.7500000e+01;1.9050658e-01;1.7500000e+01;2.2938356e-01;1.7500000e+01;1.9575179e-01;1.7500000e+01;1.4548922e-01;1.7500000e+01;9.1351613e-02;1.7500000e+01;4.7091618e-02;1.7500000e+01;-1.5968308e-03;1.7500000e+01;-4.2896613e-02;1.7500000e+01;-8.5518450e-02;1.7500000e+01;-1.3221514e-01;1.7500000e+01;-7.6133907e-02;1.7500000e+01;-5.8825284e-02;1.7500000e+01;-1.3046958e-02;1.7500000e+01;5.1937934e-02;1.7500000e+01;1.3168229e-01;1.7500000e+01;2.0683214e-01;1.7500000e+01;2.3549825e-01;1.7500000e+01;2.1545394e-01;1.7500000e+01;1.9050658e-01;1.7500000e+01;2.2938356e-01;1.7500000e+01;1.9575179e-01;1.7500000e+01;1.4548922e-01;1.7500000e+01;9.1351613e-02;1.7500000e+01;4.7091618e-02;1.7500000e+01;-1.5968308e-03;1.7500000e+01;-4.2896613e-02;1.7500000e+01;-8.5518450e-02;1.7500000e+01;-1.3221514e-01;1.7500000e+01;-7.6133907e-02;1.7500000e+01;-5.8825284e-02;1.7500000e+01;-1.3046958e-02;1.7500000e+01;5.1937934e-02;1.7500000e+01;1.3168229e-01;1.7500000e+01;2.0683214e-01;1.7500000e+01;2.3549825e-01;1.7500000e+01;2.1545394e-01;1.7500000e+01;1.9050658e-01;1.7500000e+01;2.2938356e-01;1.7500000e+01;1.9575179e-01;1.7500000e+01;1.4548922e-01;1.7500000e+01;9.1351613e-02;1.7500000e+01;4.7091618e-02;1.7500000e+01;-1.5968308e-03;1.7500000e+01;-4.2896613e-02;1.7500000e+01;-8.5518450e-02;1.7500000e+01;-1.3221514e-01;1.7500000e+01;-7.6133907e-02;1.7500000e+01;-5.8825284e-02;1.7500000e+01;-1.3046958e-02;1.7500000e+01;5.1937934e-02;1.7500000e+01;1.3168229e-01;1.7500000e+01;2.0683214e-01;1.7500000e+01;2.3549825e-01;1.7500000e+01;2.1545394e-01;1.7500000e+01;1.9050658e-01;1.7500000e+01;2.2938356e-01;1.7500000e+01;1.9575179e-01;1.7500000e+01;1.4548922e-01;1.7500000e+01;9.1351613e-02;1.7500000e+01;4.7091618e-02;1.7500000e+01;-1.5968308e-03;1.7500000e+01;-4.2896613e-02;1.7500000e+01;-8.5518450e-02;1.7500000e+01;-1.3221514e-01;1.7500000e+01;-7.6133907e-02;1.7500000e+01;-5.8825284e-02;1.7500000e+01;-1.3046958e-02;1.7500000e+01;5.1937934e-02;1.7500000e+01;1.3168229e-01;1.7500000e+01;2.0683214e-01;1.7500000e+01;2.3549825e-01;1.7500000e+01;2.1545394e-01;1.7500000e+01;1.9050658e-01;1.7500000e+01;2.2938356e-01;1.7500000e+01;1.9575179e-01;1.7500000e+01;1.4548922e-01;1.7500000e+01;9.1351613e-02;1.7500000e+01;4.7091618e-02;1.7500000e+01;-1.5968308e-03;1.7500000e+01;-4.2896613e-02;1.7500000e+01;-8.5518450e-02;1.7500000e+01;-1.3221514e-01;1.7500000e+01;-7.6133907e-02;1.7500000e+01;-5.8825284e-02;1.7500000e+01;-1.3046958e-02;1.7500000e+01;5.1937934e-02;1.7500000e+01;1.3168229e-01;1.7500000e+01;2.0683214e-01;1.7500000e+01;2.3549825e-01;1.7500000e+01;2.1545394e-01;1.7500000e+01;1.9050658e-01;1.7500000e+01;2.2938356e-01;1.7500000e+01;1.9575179e-01;1.7500000e+01;1.4548922e-01;1.7500000e+01;9.1351613e-02;1.7500000e+01;4.7091618e-02;1.7500000e+01;-1.5968308e-03;1.7500000e+01;-4.2896613e-02;1.7500000e+01;-8.5518450e-02;1.7500000e+01;-1.3221514e-01;1.7500000e+01;-7.6133907e-02;1.7500000e+01;-5.8825284e-02;1.7500000e+01;-1.3046958e-02;1.7500000e+01;5.1937934e-02;1.7500000e+01;1.3168229e-01;1.7500000e+01;2.0683214e-01;1.7500000e+01;2.3549825e-01;1.7500000e+01;2.1545394e-01;1.7500000e+01;1.9050658e-01;1.7500000e+01;2.2938356e-01;1.7500000e+01;1.9575179e-01;1.7500000e+01;1.4548922e-01;1.7500000e+01;9.1351613e-02;1.7500000e+01;4.7091618e-02;1.7500000e+01;-1.5968308e-03;1.7500000e+01;-4.2896613e-02;1.7500000e+01;-8.5518450e-02;1.7500000e+01;-1.3221514e-01;1.7500000e+01;-7.6133907e-02;1.7500000e+01;-5.8825284e-02;1.7500000e+01;-1.3046958e-02;1.7500000e+01;5.1937934e-02;1.7500000e+01;1.3168229e-01;1.7500000e+01;2.0683214e-01;1.7500000e+01;2.3549825e-01;1.7500000e+01;2.1545394e-01;1.7500000e+01;1.9050658e-01;1.7500000e+01;2.2938356e-01;1.7500000e+01;1.9575179e-01;1.7500000e+01;1.4548922e-01;1.7500000e+01;9.1351613e-02;1.7500000e+01;4.7091618e-02;1.7500000e+01;-1.5968308e-03;1.7500000e+01;-4.2896613e-02;1.7500000e+01;-8.5518450e-02;1.7500000e+01;-1.3221514e-01;1.7500000e+01;-7.6133907e-02;1.7500000e+01;-5.8825284e-02;1.7500000e+01;-1.3046958e-02;1.7500000e+01;5.1937934e-02;1.7500000e+01;1.3168229e-01;1.7500000e+01;2.0683214e-01;1.7500000e+01;2.3549825e-01;1.7500000e+01;2.1545394e-01;1.7500000e+01;1.9050658e-01;1.7500000e+01;2.2938356e-01;1.7500000e+01;1.9575179e-01;1.7500000e+01;1.4548922e-01;1.7500000e+01;9.1351613e-02;1.7500000e+01;4.7091618e-02;1.7500000e+01;-1.5968308e-03;1.7500000e+01;-4.2896613e-02;1.7500000e+01;-8.5518450e-02;1.7500000e+01;-1.3221514e-01;1.7500000e+01;-7.6133907e-02;1.7500000e+01;-5.8825284e-02;1.7500000e+01;-1.3046958e-02;1.7500000e+01;5.1937934e-02;1.7500000e+01;1.3168229e-01;1.7500000e+01;2.0683214e-01;1.7500000e+01;2.3549825e-01;1.7500000e+01;2.1545394e-01;1.7500000e+01;1.9050658e-01;1.7500000e+01;2.2938356e-01;1.7500000e+01;1.9575179e-01;1.7500000e+01;1.4548922e-01;1.7500000e+01;9.1351613e-02;1.7500000e+01;4.7091618e-02;1.7500000e+01;-1.5968308e-03;1.7500000e+01;-4.2896613e-02;1.7500000e+01;-8.5518450e-02;1.7500000e+01;-1.3221514e-01;1.7500000e+01;-7.6133907e-02;1.7500000e+01;-5.8825284e-02;1.7500000e+01;-1.3046958e-02;1.7500000e+01;5.1937934e-02;1.7500000e+01;1.3168229e-01;1.7500000e+01;2.0683214e-01;1.7500000e+01;2.3549825e-01;1.7500000e+01;2.1545394e-01;1.7500000e+01;1.9050658e-01;1.7500000e+01;2.2938356e-01;1.7500000e+01;1.9575179e-01;1.7500000e+01;1.4548922e-01;1.7500000e+01;9.1351613e-02;1.7500000e+01;4.7091618e-02;1.7500000e+01;-1.5968308e-03;1.7500000e+01;-4.2896613e-02;1.7500000e+01;-8.5518450e-02;1.7500000e+01;-1.3221514e-01;1.7500000e+01;-7.6133907e-02;1.7500000e+01;-5.8825284e-02;1.7500000e+01;-1.3046958e-02;1.7500000e+01;5.1937934e-02;1.7500000e+01;1.3168229e-01;1.7500000e+01;2.0683214e-01;1.7500000e+01;2.3549825e-01;1.7500000e+01;2.1545394e-01;1.7500000e+01;1.9050658e-01;1.7500000e+01;2.2938356e-01;1.7500000e+01;1.9575179e-01;1.7500000e+01;1.4548922e-01;1.7500000e+01;9.1351613e-02;1.7500000e+01;4.7091618e-02;1.7500000e+01;-1.5968308e-03;1.7500000e+01;-4.2896613e-02;1.7500000e+01;-8.5518450e-02;1.7500000e+01;-1.3221514e-01;1.7500000e+01;-7.6133907e-02;1.7500000e+01;-5.8825284e-02;1.7500000e+01;-1.3046958e-02;1.7500000e+01;5.1937934e-02;1.7500000e+01;1.3168229e-01;1.7500000e+01;2.0683214e-01;1.7500000e+01;2.3549825e-01;1.7500000e+01;2.1545394e-01;1.7500000e+01;1.9050658e-01;1.7500000e+01;2.2938356e-01;1.7500000e+01;1.9575179e-01;1.7500000e+01;1.4548922e-01;1.7500000e+01;9.1351613e-02;1.7500000e+01;4.7091618e-02;1.7500000e+01;-1.5968308e-03;1.7500000e+01;-4.2896613e-02;1.7500000e+01;-8.5518450e-02;1.7500000e+01;-1.3221514e-01;1.7500000e+01;-7.6133907e-02;1.7500000e+01;-5.8825284e-02;1.7500000e+01;-1.3046958e-02;1.7500000e+01;5.1937934e-02;1.7500000e+01;1.3168229e-01;1.7500000e+01;2.0683214e-01;1.7500000e+01;2.3549825e-01;1.7500000e+01;2.1545394e-01;1.7500000e+01;1.9050658e-01;1.7500000e+01;2.2938356e-01;1.7500000e+01;1.9575179e-01;1.7500000e+01;1.4548922e-01;1.7500000e+01;9.1351613e-02;1.7500000e+01;4.7091618e-02;1.7500000e+01;-1.5968308e-03;1.7500000e+01;-4.2896613e-02;1.7500000e+01;-8.5518450e-02;1.7500000e+01;-1.3221514e-01;1.7500000e+01;-7.6133907e-02;1.7500000e+01;-5.8825284e-02;1.7500000e+01;-1.3046958e-02;1.7500000e+01;5.1937934e-02;1.7500000e+01;1.3168229e-01;1.7500000e+01;2.0683214e-01;1.7500000e+01;2.3549825e-01;1.7500000e+01;2.1545394e-01;1.7500000e+01;1.9050658e-01;1.7500000e+01;2.2938356e-01;1.7500000e+01;1.9575179e-01;1.7500000e+01;1.4548922e-01;1.7500000e+01;9.1351613e-02;1.7500000e+01;4.7091618e-02;1.7500000e+01;-1.5968308e-03;1.7500000e+01;-4.2896613e-02;1.7500000e+01;-8.5518450e-02;1.7500000e+01;-1.3221514e-01;1.7500000e+01;-7.6133907e-02;1.7500000e+01;-5.8825284e-02;1.7500000e+01;-1.3046958e-02;1.7500000e+01;5.1937934e-02;1.7500000e+01;1.3168229e-01;1.7500000e+01;2.0683214e-01;1.7500000e+01;2.3549825e-01;1.7500000e+01;2.1545394e-01;1.7500000e+01;1.9050658e-01;1.7500000e+01;2.2938356e-01;1.7500000e+01;1.9575179e-01;1.7500000e+01;1.4548922e-01;1.7500000e+01;9.1351613e-02;1.7500000e+01;4.7091618e-02;1.7500000e+01;-1.5968308e-03;1.7500000e+01;-4.2896613e-02;1.7500000e+01;-8.5518450e-02;1.7500000e+01;-1.3221514e-01;1.7500000e+01;-7.6133907e-02;1.7500000e+01;-5.8825284e-02;1.7500000e+01;-1.3046958e-02;1.7500000e+01;5.1937934e-02;1.7500000e+01;1.3168229e-01;1.7500000e+01;2.0683214e-01;1.7500000e+01;2.3549825e-01;1.7500000e+01;2.1545394e-01;1.7500000e+01;1.9050658e-01;1.7500000e+01;2.2938356e-01;1.7500000e+01;1.9575179e-01;1.7500000e+01;1.4548922e-01;1.7500000e+01;9.1351613e-02;1.7500000e+01;4.7091618e-02;1.7500000e+01;-1.5968308e-03;1.7500000e+01;-4.2896613e-02;1.7500000e+01;-8.5518450e-02;1.7500000e+01;-1.3221514e-01;1.7500000e+01;-7.6133907e-02;1.7500000e+01;-5.8825284e-02;1.7500000e+01;-1.3046958e-02;1.7500000e+01;5.1937934e-02;1.7500000e+01;1.3168229e-01;1.7500000e+01;2.0683214e-01;1.7500000e+01;2.3549825e-01;1.7500000e+01;2.1545394e-01;1.7500000e+01;1.9050658e-01;1.7500000e+01;2.2938356e-01;1.7500000e+01;1.9575179e-01;1.7500000e+01;1.4548922e-01;1.7500000e+01;9.1351613e-02;1.7500000e+01;4.7091618e-02;1.7500000e+01;-1.5968308e-03;1.7500000e+01;-4.2896613e-02;1.7500000e+01;-8.5518450e-02;1.7500000e+01;-1.3221514e-01;1.7500000e+01;-7.6133907e-02;1.7500000e+01;-5.8825284e-02;1.7500000e+01;-1.3046958e-02;1.7500000e+01;5.1937934e-02;1.7500000e+01;1.3168229e-01;1.7500000e+01;2.0683214e-01;1.7500000e+01;2.3549825e-01;1.7500000e+01;2.1545394e-01;1.7500000e+01;1.9050658e-01;1.7500000e+01;2.2938356e-01;1.7500000e+01;1.9575179e-01;1.7500000e+01;1.4548922e-01;1.7500000e+01;9.1351613e-02;1.7500000e+01;4.7091618e-02;1.7500000e+01;-1.5968308e-03;1.7500000e+01;-4.2896613e-02;1.7500000e+01;-8.5518450e-02;1.7500000e+01;-1.3221514e-01;1.7500000e+01;-7.6133907e-02;1.7500000e+01;-5.8825284e-02;1.7500000e+01;-1.3046958e-02;1.7500000e+01;5.1937934e-02;1.7500000e+01;1.3168229e-01;1.7500000e+01;2.0683214e-01;1.7500000e+01;2.3549825e-01;1.7500000e+01;2.1545394e-01;1.7500000e+01;1.9050658e-01;1.7500000e+01;2.2938356e-01;1.7500000e+01;1.9575179e-01;1.7500000e+01;1.4548922e-01;1.7500000e+01;9.1351613e-02;1.7500000e+01;4.7091618e-02;1.7500000e+01;-1.5968308e-03;1.7500000e+01;-4.2896613e-02;1.7500000e+01;-8.5518450e-02;1.7500000e+01;-1.3221514e-01;1.7500000e+01;-7.6133907e-02;1.7500000e+01;-5.8825284e-02;1.7500000e+01;-1.3046958e-02;1.7500000e+01;5.1937934e-02;1.7500000e+01;1.3168229e-01;1.7500000e+01;2.0683214e-01;1.7500000e+01;2.3549825e-01;1.7500000e+01;2.1545394e-01;1.7500000e+01;1.9050658e-01;1.7500000e+01;2.2938356e-01;1.7500000e+01;1.9575179e-01;1.7500000e+01;1.4548922e-01;1.7500000e+01;9.1351613e-02;1.7500000e+01;4.7091618e-02;1.7500000e+01;-1.5968308e-03;1.7500000e+01;-4.2896613e-02;1.7500000e+01;-8.5518450e-02;1.7500000e+01;-1.3221514e-01;1.7500000e+01;-7.6133907e-02;1.7500000e+01;-5.8825284e-02;1.7500000e+01;-1.3046958e-02;1.7500000e+01;5.1937934e-02;1.7500000e+01;1.3168229e-01;1.7500000e+01;2.0683214e-01;1.7500000e+01;2.3549825e-01;1.7500000e+01;2.1545394e-01;1.7500000e+01;1.9050658e-01;1.7500000e+01;2.2938356e-01;1.7500000e+01;1.9575179e-01;1.7500000e+01;1.4548922e-01;1.7500000e+01;9.1351613e-02;1.7500000e+01;4.7091618e-02;1.7500000e+01;-1.5968308e-03;1.7500000e+01;-4.2896613e-02;1.7500000e+01;-8.5518450e-02;1.7500000e+01;-1.3221514e-01;1.7500000e+01;-7.6133907e-02;1.7500000e+01;-5.8825284e-02;1.7500000e+01;-1.3046958e-02;1.7500000e+01;5.1937934e-02;1.7500000e+01;1.3168229e-01;1.7500000e+01;2.0683214e-01;1.7500000e+01;2.3549825e-01;1.7500000e+01;2.1545394e-01;1.7500000e+01;1.9050658e-01;1.7500000e+01;2.2938356e-01;1.7500000e+01;1.9575179e-01;1.7500000e+01;1.4548922e-01;1.7500000e+01;9.1351613e-02;1.7500000e+01;4.7091618e-02;1.7500000e+01;-1.5968308e-03;1.7500000e+01;-4.2896613e-02;1.7500000e+01;-8.5518450e-02;1.7500000e+01;-1.3221514e-01;1.7500000e+01;-7.6133907e-02;1.7500000e+01;-5.8825284e-02;1.7500000e+01;-1.3046958e-02;1.7500000e+01;5.1937934e-02;1.7500000e+01;1.3168229e-01;1.7500000e+01;2.0683214e-01;1.7500000e+01;2.3549825e-01;1.7500000e+01;2.1545394e-01;1.7500000e+01;1.9050658e-01;1.7500000e+01;2.2938356e-01;1.7500000e+01;1.9575179e-01;1.7500000e+01;1.4548922e-01;1.7500000e+01;9.1351613e-02;1.7500000e+01;4.7091618e-02;1.7500000e+01;-1.5968308e-03;1.7500000e+01;-4.2896613e-02;1.7500000e+01;-8.5518450e-02;1.7500000e+01;-1.3221514e-01;1.7500000e+01;-7.6133907e-02;1.7500000e+01;-5.8825284e-02;1.7500000e+01;-1.3046958e-02;1.7500000e+01;5.1937934e-02;1.7500000e+01;1.3168229e-01;1.7500000e+01;2.0683214e-01;1.7500000e+01;2.3549825e-01;1.7500000e+01;2.1545394e-01;1.7500000e+01;1.9050658e-01;1.7500000e+01;2.2938356e-01;1.7500000e+01;1.9575179e-01;1.7500000e+01;1.4548922e-01;1.7500000e+01;9.1351613e-02;1.7500000e+01;4.7091618e-02;1.7500000e+01;-1.5968308e-03;1.7500000e+01;-4.2896613e-02;1.7500000e+01;-8.5518450e-02;1.7500000e+01;-1.3221514e-01;1.7500000e+01;-7.6133907e-02;1.7500000e+01;-5.8825284e-02;1.7500000e+01;-1.3046958e-02;1.7500000e+01;5.1937934e-02;1.7500000e+01;1.3168229e-01;1.7500000e+01;2.0683214e-01;1.7500000e+01;2.3549825e-01;1.7500000e+01;2.1545394e-01;1.7500000e+01;1.9050658e-01;1.7500000e+01;2.2938356e-01;1.7500000e+01;1.9575179e-01;1.7500000e+01;1.4548922e-01;1.7500000e+01;9.1351613e-02;1.7500000e+01;4.7091618e-02;1.7500000e+01;-1.5968308e-03;1.7500000e+01;-4.2896613e-02;1.7500000e+01;-8.5518450e-02;1.7500000e+01;-1.3221514e-01;1.7500000e+01;-7.6133907e-02;1.7500000e+01;-5.8825284e-02;1.7500000e+01;-1.3046958e-02;1.7500000e+01;5.1937934e-02;1.7500000e+01;1.3168229e-01;1.7500000e+01;2.0683214e-01;1.7500000e+01;2.3549825e-01;1.7500000e+01;2.1545394e-01;1.7500000e+01;1.9050658e-01;1.7500000e+01;2.2938356e-01;1.7500000e+01;1.9575179e-01;1.7500000e+01;1.4548922e-01;1.7500000e+01;9.1351613e-02;1.7500000e+01;4.7091618e-02;1.7500000e+01;-1.5968308e-03;1.7500000e+01;-4.2896613e-02;1.7500000e+01;-8.5518450e-02;1.7500000e+01;-1.3221514e-01;1.7500000e+01;-7.6133907e-02;1.7500000e+01;-5.8825284e-02;1.7500000e+01;-1.3046958e-02;1.7500000e+01;5.1937934e-02;1.7500000e+01;1.3168229e-01;1.7500000e+01;2.0683214e-01;1.7500000e+01;2.3549825e-01;1.7500000e+01;2.1545394e-01;1.7500000e+01;1.9050658e-01;1.7500000e+01;2.2938356e-01;1.7500000e+01;1.9575179e-01;1.7500000e+01;1.4548922e-01;1.7500000e+01;9.1351613e-02;1.7500000e+01;4.7091618e-02;1.7500000e+01;-1.5968308e-03;1.7500000e+01;-4.2896613e-02;1.7500000e+01;-8.5518450e-02;1.7500000e+01;-1.3221514e-01;1.7500000e+01;-7.6133907e-02;1.7500000e+01;-5.8825284e-02;1.7500000e+01;-1.3046958e-02;1.7500000e+01;5.1937934e-02;1.7500000e+01;1.3168229e-01;1.7500000e+01;2.0683214e-01;1.7500000e+01;2.3549825e-01;1.7500000e+01;2.1545394e-01;1.7500000e+01;1.9050658e-01;1.7500000e+01;2.2938356e-01;1.7500000e+01;1.9575179e-01;1.7500000e+01;1.4548922e-01;1.7500000e+01;9.1351613e-02;1.7500000e+01;4.7091618e-02;1.7500000e+01;-1.5968308e-03;1.7500000e+01;-4.2896613e-02;1.7500000e+01;-8.5518450e-02;1.7500000e+01;-1.3221514e-01;1.7500000e+01;-7.6133907e-02;1.7500000e+01;-5.8825284e-02;1.7500000e+01;-1.3046958e-02;1.7500000e+01;5.1937934e-02;1.7500000e+01;1.3168229e-01;1.7500000e+01;2.0683214e-01;1.7500000e+01;2.3549825e-01;1.7500000e+01;2.1545394e-01;1.7500000e+01;1.9050658e-01;1.7500000e+01;2.2938356e-01;1.7500000e+01;1.9575179e-01;1.7500000e+01;1.4548922e-01;1.7500000e+01;9.1351613e-02;1.7500000e+01;4.7091618e-02;1.7500000e+01;-1.5968308e-03;1.7500000e+01;-4.2896613e-02;1.7500000e+01;-8.5518450e-02;1.7500000e+01;-1.3221514e-01;1.7500000e+01;-7.6133907e-02;1.7500000e+01;-5.8825284e-02;1.7500000e+01;-1.3046958e-02;1.7500000e+01;5.1937934e-02;1.7500000e+01;1.3168229e-01;1.7500000e+01;2.0683214e-01;1.7500000e+01;2.3549825e-01;1.7500000e+01;2.1545394e-01;1.7500000e+01;1.9050658e-01;1.7500000e+01;2.2938356e-01;1.7500000e+01;1.9575179e-01;1.7500000e+01;1.4548922e-01;1.7500000e+01;9.1351613e-02;1.7500000e+01;4.7091618e-02;1.7500000e+01;-1.5968308e-03;1.7500000e+01;-4.2896613e-02;1.7500000e+01;-8.5518450e-02;1.7500000e+01;-1.3221514e-01;1.7500000e+01;-7.6133907e-02;1.7500000e+01;-5.8825284e-02;1.7500000e+01;-1.3046958e-02;1.7500000e+01;5.1937934e-02;1.7500000e+01;1.3168229e-01;1.7500000e+01;2.0683214e-01;1.7500000e+01;2.3549825e-01;1.7500000e+01;2.1545394e-01;1.7500000e+01;1.9050658e-01;1.7500000e+01;2.2938356e-01;1.7500000e+01;1.9575179e-01;1.7500000e+01;1.4548922e-01;1.7500000e+01;9.1351613e-02;1.7500000e+01;4.7091618e-02;1.7500000e+01;-1.5968308e-03;1.7500000e+01;-4.2896613e-02;1.7500000e+01;-8.5518450e-02;1.7500000e+01;-1.3221514e-01;1.7500000e+01;-7.6133907e-02;1.7500000e+01;-5.8825284e-02;1.7500000e+01;-1.3046958e-02;1.7500000e+01;5.1937934e-02;1.7500000e+01;1.3168229e-01;1.7500000e+01;2.0683214e-01;1.7500000e+01;2.3549825e-01;1.7500000e+01;2.1545394e-01;1.7500000e+01;1.9050658e-01;1.7500000e+01;2.2938356e-01;1.7500000e+01;1.9575179e-01;1.7500000e+01;1.4548922e-01;1.7500000e+01;9.1351613e-02;1.7500000e+01;4.7091618e-02;1.7500000e+01;-1.5968308e-03;1.7500000e+01;-4.2896613e-02;1.7500000e+01;-8.5518450e-02;1.7500000e+01;-1.3221514e-01;1.7500000e+01;-7.6133907e-02;1.7500000e+01;-5.8825284e-02;1.7500000e+01;-1.3046958e-02;1.7500000e+01;5.1937934e-02;1.7500000e+01;1.3168229e-01;1.7500000e+01;2.0683214e-01;1.7500000e+01;2.3549825e-01;1.7500000e+01;2.1545394e-01;1.7500000e+01;1.9050658e-01;1.7500000e+01;2.2938356e-01;1.7500000e+01;1.9575179e-01;1.7500000e+01;1.4548922e-01;1.7500000e+01;9.1351613e-02;1.7500000e+01;4.7091618e-02;1.7500000e+01;-1.5968308e-03;1.7500000e+01;-4.2896613e-02;1.7500000e+01;-8.5518450e-02;1.7500000e+01;-1.3221514e-01;1.7500000e+01;-7.6133907e-02;1.7500000e+01;-5.8825284e-02;1.7500000e+01;-1.3046958e-02;1.7500000e+01;5.1937934e-02;1.7500000e+01;1.3168229e-01;1.7500000e+01;2.0683214e-01;1.7500000e+01;2.3549825e-01;1.7500000e+01;2.1545394e-01;1.7500000e+01;1.9050658e-01;1.7500000e+01;2.2938356e-01;1.7500000e+01;1.9575179e-01;1.7500000e+01;1.4548922e-01;1.7500000e+01;9.1351613e-02;1.7500000e+01;4.7091618e-02;1.7500000e+01;-1.5968308e-03;1.7500000e+01;-4.2896613e-02;1.7500000e+01;-8.5518450e-02;1.7500000e+01;-1.3221514e-01;1.7500000e+01;-7.6133907e-02;1.7500000e+01;-5.8825284e-02;1.7500000e+01;-1.3046958e-02;1.7500000e+01;5.1937934e-02;1.7500000e+01;1.3168229e-01;1.7500000e+01;2.0683214e-01;1.7500000e+01;2.3549825e-01;1.7500000e+01;2.1545394e-01;1.7500000e+01;1.9050658e-01;1.7500000e+01;2.2938356e-01;1.7500000e+01;1.9575179e-01;1.7500000e+01;1.4548922e-01;1.7500000e+01;9.1351613e-02;1.7500000e+01;4.7091618e-02;1.7500000e+01;-1.5968308e-03;1.7500000e+01;-4.2896613e-02;1.7500000e+01;-8.5518450e-02;1.7500000e+01;-1.3221514e-01;1.7500000e+01;-7.6133907e-02;1.7500000e+01;-5.8825284e-02;1.7500000e+01;-1.3046958e-02;1.7500000e+01;5.1937934e-02;1.7500000e+01;1.3168229e-01;1.7500000e+01;2.0683214e-01;1.7500000e+01;2.3549825e-01;1.7500000e+01;2.1545394e-01;1.7500000e+01;1.9050658e-01;1.7500000e+01;2.2938356e-01;1.7500000e+01;1.9575179e-01;1.7500000e+01;1.4548922e-01;1.7500000e+01;9.1351613e-02;1.7500000e+01;4.7091618e-02;1.7500000e+01;-1.5968308e-03;1.7500000e+01;-4.2896613e-02;1.7500000e+01;-8.5518450e-02;1.7500000e+01;-1.3221514e-01;1.7500000e+01;-7.6133907e-02;1.7500000e+01;-5.8825284e-02;1.7500000e+01;-1.3046958e-02;1.7500000e+01;5.1937934e-02;1.7500000e+01;1.3168229e-01;1.7500000e+01;2.0683214e-01;1.7500000e+01;2.3549825e-01;1.7500000e+01;2.1545394e-01;1.7500000e+01;1.9050658e-01;1.7500000e+01;2.2938356e-01;1.7500000e+01;1.9575179e-01;1.7500000e+01;1.4548922e-01;1.7500000e+01;9.1351613e-02;1.7500000e+01;4.7091618e-02;1.7500000e+01;-1.5968308e-03;1.7500000e+01;-4.2896613e-02;1.7500000e+01;-8.5518450e-02;1.7500000e+01;-1.3221514e-01;1.7500000e+01;-7.6133907e-02;1.7500000e+01;-5.8825284e-02;1.7500000e+01;-1.3046958e-02;1.7500000e+01;5.1937934e-02;1.7500000e+01;1.3168229e-01;1.7500000e+01;2.0683214e-01;1.7500000e+01;2.3549825e-01;1.7500000e+01;2.1545394e-01;1.7500000e+01;1.9050658e-01;1.7500000e+01;2.2938356e-01;1.7500000e+01;1.9575179e-01;1.7500000e+01;1.4548922e-01;1.7500000e+01;9.1351613e-02;1.7500000e+01;4.7091618e-02;1.7500000e+01;-1.5968308e-03;1.7500000e+01;-4.2896613e-02;1.7500000e+01;-8.5518450e-02;1.7500000e+01;-1.3221514e-01;1.7500000e+01;-7.6133907e-02;1.7500000e+01;-5.8825284e-02;1.7500000e+01;-1.3046958e-02;1.7500000e+01;5.1937934e-02;1.7500000e+01;1.3168229e-01;1.7500000e+01;2.0683214e-01;1.7500000e+01;2.3549825e-01;1.7500000e+01;2.1545394e-01;1.7500000e+01;1.9050658e-01;1.7500000e+01;2.2938356e-01;1.7500000e+01;1.9575179e-01;1.7500000e+01;1.4548922e-01;1.7500000e+01;9.1351613e-02;1.7500000e+01;4.7091618e-02;1.7500000e+01;-1.5968308e-03;1.7500000e+01;-4.2896613e-02;1.7500000e+01;-8.5518450e-02;1.7500000e+01;-1.3221514e-01;1.7500000e+01;-7.6133907e-02;1.7500000e+01;-5.8825284e-02;1.7500000e+01;-1.3046958e-02;1.7500000e+01;5.1937934e-02;1.7500000e+01;1.3168229e-01;1.7500000e+01;2.0683214e-01;1.7500000e+01;2.3549825e-01;1.7500000e+01;2.1545394e-01;1.7500000e+01;1.9050658e-01;1.7500000e+01;2.2938356e-01;1.7500000e+01;1.9575179e-01;1.7500000e+01;1.4548922e-01;1.7500000e+01;9.1351613e-02;1.7500000e+01;4.7091618e-02;1.7500000e+01;-1.5968308e-03;1.7500000e+01;-4.2896613e-02;1.7500000e+01;-8.5518450e-02;1.7500000e+01;-1.3221514e-01;1.7500000e+01;-7.6133907e-02;1.7500000e+01;-5.8825284e-02;1.7500000e+01;-1.3046958e-02;1.7500000e+01;5.1937934e-02;1.7500000e+01;1.3168229e-01;1.7500000e+01;2.0683214e-01;1.7500000e+01;2.3549825e-01;1.7500000e+01;2.1545394e-01;1.7500000e+01;1.9050658e-01;1.7500000e+01;2.2938356e-01;1.7500000e+01;1.9575179e-01;1.7500000e+01;1.4548922e-01;1.7500000e+01;9.1351613e-02;1.7500000e+01;4.7091618e-02;1.7500000e+01;-1.5968308e-03;1.7500000e+01;-4.2896613e-02;1.7500000e+01;-8.5518450e-02;1.7500000e+01;-1.3221514e-01;1.7500000e+01;-7.6133907e-02;1.7500000e+01;-5.8825284e-02;1.7500000e+01;-1.3046958e-02;1.7500000e+01;5.1937934e-02;1.7500000e+01;1.3168229e-01;1.7500000e+01;2.0683214e-01;1.7500000e+01;2.3549825e-01;1.7500000e+01;2.1545394e-01;1.7500000e+01;1.9050658e-01;1.7500000e+01;2.2938356e-01;1.7500000e+01;1.9575179e-01;1.7500000e+01;1.4548922e-01;1.7500000e+01;9.1351613e-02;1.7500000e+01;4.7091618e-02;1.7500000e+01;-1.5968308e-03;1.7500000e+01;-4.2896613e-02;1.7500000e+01;-8.5518450e-02;1.7500000e+01;-1.3221514e-01;1.7500000e+01;-7.6133907e-02;1.7500000e+01;-5.8825284e-02;1.7500000e+01;-1.3046958e-02;1.7500000e+01;5.1937934e-02;1.7500000e+01;1.3168229e-01;1.7500000e+01;2.0683214e-01;1.7500000e+01;2.3549825e-01;1.7500000e+01;2.1545394e-01;1.7500000e+01;1.9050658e-01;1.7500000e+01;2.2938356e-01;1.7500000e+01;1.9575179e-01;1.7500000e+01;1.4548922e-01;1.7500000e+01;9.1351613e-02;1.7500000e+01;4.7091618e-02;1.7500000e+01;-1.5968308e-03;1.7500000e+01;-4.2896613e-02;1.7500000e+01;-8.5518450e-02;1.7500000e+01;-1.3221514e-01;1.7500000e+01;-7.6133907e-02;1.7500000e+01;-5.8825284e-02;1.7500000e+01;-1.3046958e-02;1.7500000e+01;5.1937934e-02;1.7500000e+01;1.3168229e-01;1.7500000e+01;2.0683214e-01;1.7500000e+01;2.3549825e-01;1.7500000e+01;2.1545394e-01;1.7500000e+01;1.9050658e-01;1.7500000e+01;2.2938356e-01;1.7500000e+01;1.9575179e-01;1.7500000e+01;1.4548922e-01;1.7500000e+01;9.1351613e-02;1.7500000e+01;4.7091618e-02;1.7500000e+01;-1.5968308e-03;1.7500000e+01;-4.2896613e-02;1.7500000e+01;-8.5518450e-02;1.7500000e+01;-1.3221514e-01;1.7500000e+01;-7.6133907e-02;1.7500000e+01;-5.8825284e-02;1.7500000e+01;-1.3046958e-02;1.7500000e+01;5.1937934e-02;1.7500000e+01;1.3168229e-01;1.7500000e+01;2.0683214e-01;1.7500000e+01;2.3549825e-01;1.7500000e+01;2.1545394e-01;1.7500000e+01;1.9050658e-01;1.7500000e+01;2.2938356e-01;1.7500000e+01;1.9575179e-01;1.7500000e+01;1.4548922e-01;1.7500000e+01;9.1351613e-02;1.7500000e+01;4.7091618e-02;1.7500000e+01;-1.5968308e-03;1.7500000e+01;-4.2896613e-02;1.7500000e+01;-8.5518450e-02;1.7500000e+01;-1.3221514e-01;1.7500000e+01;-7.6133907e-02;1.7500000e+01;-5.8825284e-02;1.7500000e+01;-1.3046958e-02;1.7500000e+01;5.1937934e-02;1.7500000e+01;1.3168229e-01;1.7500000e+01;2.0683214e-01;1.7500000e+01;2.3549825e-01;1.7500000e+01;2.1545394e-01;1.7500000e+01;1.9050658e-01;1.7500000e+01;2.2938356e-01;1.7500000e+01;1.9575179e-01;1.7500000e+01;1.4548922e-01;1.7500000e+01;9.1351613e-02;1.7500000e+01;4.7091618e-02;1.7500000e+01;-1.5968308e-03;1.7500000e+01;-4.2896613e-02;1.7500000e+01;-8.5518450e-02;1.7500000e+01;-1.3221514e-01;1.7500000e+01;-7.6133907e-02;1.7500000e+01;-5.8825284e-02;1.7500000e+01;-1.3046958e-02;1.7500000e+01;5.1937934e-02;1.7500000e+01;1.3168229e-01;1.7500000e+01;2.0683214e-01;1.7500000e+01;2.3549825e-01;1.7500000e+01;2.1545394e-01;1.7500000e+01;1.9050658e-01;1.7500000e+01;2.2938356e-01;1.7500000e+01;1.9575179e-01;1.7500000e+01;1.4548922e-01;1.7500000e+01;9.1351613e-02;1.7500000e+01;4.7091618e-02;1.7500000e+01;-1.5968308e-03;1.7500000e+01;-4.2896613e-02;1.7500000e+01;-8.5518450e-02;1.7500000e+01;-1.3221514e-01;1.7500000e+01;-7.6133907e-02;1.7500000e+01;-5.8825284e-02;1.7500000e+01;-1.3046958e-02;1.7500000e+01;5.1937934e-02;1.7500000e+01;1.3168229e-01;1.7500000e+01;2.0683214e-01;1.7500000e+01;2.3549825e-01;1.7500000e+01;2.1545394e-01;1.7500000e+01;1.9050658e-01;1.7500000e+01;2.2938356e-01;1.7500000e+01;1.9575179e-01;1.7500000e+01;1.4548922e-01;1.7500000e+01;9.1351613e-02;1.7500000e+01;4.7091618e-02;1.7500000e+01;-1.5968308e-03;1.7500000e+01;-4.2896613e-02;1.7500000e+01;-8.5518450e-02;1.7500000e+01;-1.3221514e-01;1.7500000e+01;-7.6133907e-02;1.7500000e+01;-5.8825284e-02;1.7500000e+01;-1.3046958e-02;1.7500000e+01;5.1937934e-02;1.7500000e+01;1.3168229e-01;1.7500000e+01;2.0683214e-01;1.7500000e+01;2.3549825e-01;1.7500000e+01;2.1545394e-01;1.7500000e+01;1.9050658e-01;1.7500000e+01;2.2938356e-01;1.7500000e+01;1.9575179e-01;1.7500000e+01;1.4548922e-01;1.7500000e+01;9.1351613e-02;1.7500000e+01;4.7091618e-02;1.7500000e+01;-1.5968308e-03;1.7500000e+01;-4.2896613e-02;1.7500000e+01;-8.5518450e-02;1.7500000e+01;-1.3221514e-01;1.7500000e+01;-7.6133907e-02;1.7500000e+01;-5.8825284e-02;1.7500000e+01;-1.3046958e-02;1.7500000e+01;5.1937934e-02;1.7500000e+01;1.3168229e-01;1.7500000e+01;2.0683214e-01;1.7500000e+01;2.3549825e-01;1.7500000e+01;2.1545394e-01;1.7500000e+01;1.9050658e-01;1.7500000e+01;2.2938356e-01;1.7500000e+01;1.9575179e-01;1.7500000e+01;1.4548922e-01;1.7500000e+01;9.1351613e-02;1.7500000e+01;4.7091618e-02;1.7500000e+01;-1.5968308e-03;1.7500000e+01;-4.2896613e-02;1.7500000e+01;-8.5518450e-02;1.7500000e+01;-1.3221514e-01;1.7500000e+01;-7.6133907e-02;1.7500000e+01;-5.8825284e-02;1.7500000e+01;-1.3046958e-02;1.7500000e+01;5.1937934e-02;1.7500000e+01;1.3168229e-01;1.7500000e+01;2.0683214e-01;1.7500000e+01;2.3549825e-01;1.7500000e+01;2.1545394e-01;1.7500000e+01;1.9050658e-01;1.7500000e+01;2.2938356e-01;1.7500000e+01;1.9575179e-01;1.7500000e+01;1.4548922e-01;1.7500000e+01;9.1351613e-02;1.7500000e+01;4.7091618e-02;1.7500000e+01;-1.5968308e-03;1.7500000e+01;-4.2896613e-02;1.7500000e+01;-8.5518450e-02;1.7500000e+01;-1.3221514e-01;1.7500000e+01;-7.6133907e-02;1.7500000e+01;-5.8825284e-02;1.7500000e+01;-1.3046958e-02;1.7500000e+01;5.1937934e-02;1.7500000e+01;1.3168229e-01;1.7500000e+01;2.0683214e-01;1.7500000e+01;2.3549825e-01;1.7500000e+01;2.1545394e-01;1.7500000e+01;1.9050658e-01;1.7500000e+01;2.2938356e-01;1.7500000e+01;1.9575179e-01;1.7500000e+01;1.4548922e-01;1.7500000e+01;9.1351613e-02;1.7500000e+01;4.7091618e-02;1.7500000e+01;-1.5968308e-03;1.7500000e+01;-4.2896613e-02;1.7500000e+01;-8.5518450e-02;1.7500000e+01;-1.3221514e-01;1.7500000e+01;-7.6133907e-02;1.7500000e+01;-5.8825284e-02;1.7500000e+01;-1.3046958e-02;1.7500000e+01;5.1937934e-02;1.7500000e+01;1.3168229e-01;1.7500000e+01;2.0683214e-01;1.7500000e+01;2.3549825e-01;1.7500000e+01;2.1545394e-01;1.7500000e+01;1.9050658e-01;1.7500000e+01;2.2938356e-01;1.7500000e+01;1.9575179e-01;1.7500000e+01;1.4548922e-01;1.7500000e+01;9.1351613e-02;1.7500000e+01;4.7091618e-02;1.7500000e+01;-1.5968308e-03;1.7500000e+01;-4.2896613e-02;1.7500000e+01;-8.5518450e-02;1.7500000e+01;-1.3221514e-01;1.7500000e+01;-7.6133907e-02;1.7500000e+01;-5.8825284e-02;1.7500000e+01;-1.3046958e-02;1.7500000e+01;5.1937934e-02;1.7500000e+01;1.3168229e-01;1.7500000e+01;2.0683214e-01;1.7500000e+01;2.3549825e-01;1.7500000e+01;2.1545394e-01;1.7500000e+01;1.9050658e-01;1.7500000e+01;2.2938356e-01;1.7500000e+01;1.9575179e-01;1.7500000e+01;1.4548922e-01;1.7500000e+01;9.1351613e-02;1.7500000e+01;4.7091618e-02;1.7500000e+01;-1.5968308e-03;1.7500000e+01;-4.2896613e-02;1.7500000e+01;-8.5518450e-02;1.7500000e+01;-1.3221514e-01;1.7500000e+01;-7.6133907e-02;1.7500000e+01;-5.8825284e-02;1.7500000e+01;-1.3046958e-02;1.7500000e+01;5.1937934e-02;1.7500000e+01;1.3168229e-01;1.7500000e+01;2.0683214e-01;1.7500000e+01;2.3549825e-01;1.7500000e+01;2.1545394e-01;1.7500000e+01;1.9050658e-01;1.7500000e+01;2.2938356e-01;1.7500000e+01;1.9575179e-01;1.7500000e+01;1.4548922e-01;1.7500000e+01;9.1351613e-02;1.7500000e+01;4.7091618e-02;1.7500000e+01;-1.5968308e-03;1.7500000e+01;-4.2896613e-02;1.7500000e+01;-8.5518450e-02;1.7500000e+01;-1.3221514e-01;1.7500000e+01;-7.6133907e-02;1.7500000e+01;-5.8825284e-02;1.7500000e+01;-1.3046958e-02;1.7500000e+01;5.1937934e-02;1.7500000e+01;1.3168229e-01;1.7500000e+01;2.0683214e-01;1.7500000e+01;2.3549825e-01;1.7500000e+01;2.1545394e-01;1.7500000e+01;1.9050658e-01;1.7500000e+01;2.2938356e-01;1.7500000e+01;1.9575179e-01;1.7500000e+01;1.4548922e-01;1.7500000e+01;9.1351613e-02;1.7500000e+01;4.7091618e-02;1.7500000e+01;-1.5968308e-03;1.7500000e+01;-4.2896613e-02;1.7500000e+01;-8.5518450e-02;1.7500000e+01;-1.3221514e-01;1.7500000e+01;-7.6133907e-02;1.7500000e+01;-5.8825284e-02;1.7500000e+01;-1.3046958e-02;1.7500000e+01;5.1937934e-02;1.7500000e+01;1.3168229e-01;1.7500000e+01;2.0683214e-01;1.7500000e+01;2.3549825e-01;1.7500000e+01;2.1545394e-01;1.7500000e+01;1.9050658e-01;1.7500000e+01;2.2938356e-01;1.7500000e+01;1.9575179e-01;1.7500000e+01;1.4548922e-01;1.7500000e+01;9.1351613e-02;1.7500000e+01;4.7091618e-02;1.7500000e+01;-1.5968308e-03;1.7500000e+01;-4.2896613e-02;1.7500000e+01;-8.5518450e-02;1.7500000e+01;-1.3221514e-01;1.7500000e+01;-7.6133907e-02;1.7500000e+01;-5.8825284e-02;1.7500000e+01;-1.3046958e-02;1.7500000e+01;5.1937934e-02;1.7500000e+01;1.3168229e-01;1.7500000e+01;2.0683214e-01;1.7500000e+01;2.3549825e-01;1.7500000e+01;2.1545394e-01;1.7500000e+01;1.9050658e-01;1.7500000e+01;2.2938356e-01;1.7500000e+01;1.9575179e-01;1.7500000e+01;1.4548922e-01;1.7500000e+01;9.1351613e-02;1.7500000e+01;4.7091618e-02;1.7500000e+01;-1.5968308e-03;1.7500000e+01;-4.2896613e-02;1.7500000e+01;-8.5518450e-02;1.7500000e+01;-1.3221514e-01;1.7500000e+01;-7.6133907e-02;1.7500000e+01;-5.8825284e-02;1.7500000e+01;-1.3046958e-02;1.7500000e+01;5.1937934e-02;1.7500000e+01;1.3168229e-01;1.7500000e+01;2.0683214e-01;1.7500000e+01;2.3549825e-01;1.7500000e+01;2.1545394e-01;1.7500000e+01;1.9050658e-01;1.7500000e+01;2.2938356e-01;1.7500000e+01;1.9575179e-01;1.7500000e+01;1.4548922e-01;1.7500000e+01;9.1351613e-02;1.7500000e+01;4.7091618e-02;1.7500000e+01;-1.5968308e-03;1.7500000e+01;-4.2896613e-02;1.7500000e+01;-8.5518450e-02;1.7500000e+01;-1.3221514e-01;1.7500000e+01;-7.6133907e-02;1.7500000e+01;-5.8825284e-02;1.7500000e+01;-1.3046958e-02;1.7500000e+01;5.1937934e-02;1.7500000e+01;1.3168229e-01;1.7500000e+01;2.0683214e-01;1.7500000e+01;2.3549825e-01;1.7500000e+01;2.1545394e-01;1.7500000e+01;1.9050658e-01;1.7500000e+01;2.2938356e-01;1.7500000e+01;1.9575179e-01;1.7500000e+01;1.4548922e-01;1.7500000e+01;9.1351613e-02;1.7500000e+01;4.7091618e-02;1.7500000e+01;-1.5968308e-03;1.7500000e+01;-4.2896613e-02;1.7500000e+01;-8.5518450e-02;1.7500000e+01;-1.3221514e-01;1.7500000e+01;-7.6133907e-02;1.7500000e+01;-5.8825284e-02;1.7500000e+01;-1.3046958e-02;1.7500000e+01;5.1937934e-02;1.7500000e+01;1.3168229e-01;1.7500000e+01;2.0683214e-01;1.7500000e+01;2.3549825e-01;1.7500000e+01;2.1545394e-01;1.7500000e+01;1.9050658e-01;1.7500000e+01;2.2938356e-01;1.7500000e+01;1.9575179e-01;1.7500000e+01;1.4548922e-01;1.7500000e+01;9.1351613e-02;1.7500000e+01;4.7091618e-02;1.7500000e+01;-1.5968308e-03;1.7500000e+01;-4.2896613e-02;1.7500000e+01;-8.5518450e-02;1.7500000e+01;-1.3221514e-01;1.7500000e+01;-7.6133907e-02;1.7500000e+01;-5.8825284e-02;1.7500000e+01;-1.3046958e-02;1.7500000e+01;5.1937934e-02;1.7500000e+01;1.3168229e-01;1.7500000e+01;2.0683214e-01;1.7500000e+01;2.3549825e-01;1.7500000e+01;2.1545394e-01;1.7500000e+01;1.9050658e-01;1.7500000e+01;2.2938356e-01;1.7500000e+01;1.9575179e-01;1.7500000e+01;1.4548922e-01;1.7500000e+01;9.1351613e-02;1.7500000e+01;4.7091618e-02;1.7500000e+01;-1.5968308e-03;1.7500000e+01;-4.2896613e-02;1.7500000e+01;-8.5518450e-02;1.7500000e+01;-1.3221514e-01;1.7500000e+01;-7.6133907e-02;1.7500000e+01;-5.8825284e-02;1.7500000e+01;-1.3046958e-02;1.7500000e+01;5.1937934e-02;1.7500000e+01;1.3168229e-01;1.7500000e+01;2.0683214e-01;1.7500000e+01;2.3549825e-01;1.7500000e+01;2.1545394e-01;1.7500000e+01;1.9050658e-01;1.7500000e+01;2.2938356e-01;1.7500000e+01;1.9575179e-01;1.7500000e+01;1.4548922e-01;1.7500000e+01;9.1351613e-02;1.7500000e+01;4.7091618e-02;1.7500000e+01;-1.5968308e-03;1.7500000e+01;-4.2896613e-02;1.7500000e+01;-8.5518450e-02;1.7500000e+01;-1.3221514e-01;1.7500000e+01;-7.6133907e-02;1.7500000e+01;-5.8825284e-02;1.7500000e+01;-1.3046958e-02;1.7500000e+01;5.1937934e-02;1.7500000e+01;1.3168229e-01;1.7500000e+01;2.0683214e-01;1.7500000e+01;2.3549825e-01;1.7500000e+01;2.1545394e-01;1.7500000e+01;1.9050658e-01;1.7500000e+01;2.2938356e-01;1.7500000e+01;1.9575179e-01;1.7500000e+01;1.4548922e-01;1.7500000e+01;9.1351613e-02;1.7500000e+01;4.7091618e-02;1.7500000e+01;-1.5968308e-03;1.7500000e+01;-4.2896613e-02;1.7500000e+01;-8.5518450e-02;1.7500000e+01;-1.3221514e-01;1.7500000e+01;-7.6133907e-02;1.7500000e+01;-5.8825284e-02;1.7500000e+01;-1.3046958e-02;1.7500000e+01;5.1937934e-02;1.7500000e+01;1.3168229e-01;1.7500000e+01;2.0683214e-01;1.7500000e+01;2.3549825e-01;1.7500000e+01;2.1545394e-01;1.7500000e+01;1.9050658e-01;1.7500000e+01;2.2938356e-01;1.7500000e+01;1.9575179e-01;1.7500000e+01;1.4548922e-01;1.7500000e+01;9.1351613e-02;1.7500000e+01;4.7091618e-02;1.7500000e+01;-1.5968308e-03;1.7500000e+01;-4.2896613e-02;1.7500000e+01;-8.5518450e-02;1.7500000e+01;-1.3221514e-01;1.7500000e+01;-7.6133907e-02;1.7500000e+01;-5.8825284e-02;1.7500000e+01;-1.3046958e-02;1.7500000e+01;5.1937934e-02;1.7500000e+01;1.3168229e-01;1.7500000e+01;2.0683214e-01;1.7500000e+01;2.3549825e-01;1.7500000e+01;2.1545394e-01;1.7500000e+01;1.9050658e-01;1.7500000e+01;2.2938356e-01;1.7500000e+01;1.9575179e-01;1.7500000e+01;1.4548922e-01;1.7500000e+01;9.1351613e-02;1.7500000e+01;4.7091618e-02;1.7500000e+01;-1.5968308e-03;1.7500000e+01;-4.2896613e-02;1.7500000e+01;-8.5518450e-02;1.7500000e+01;-1.3221514e-01;1.7500000e+01;-7.6133907e-02;1.7500000e+01;-5.8825284e-02;1.7500000e+01;-1.3046958e-02;1.7500000e+01;5.1937934e-02;1.7500000e+01;1.3168229e-01;1.7500000e+01;2.0683214e-01;1.7500000e+01;2.3549825e-01;1.7500000e+01;2.1545394e-01;1.7500000e+01;1.9050658e-01;1.7500000e+01;2.2938356e-01;1.7500000e+01;1.9575179e-01;1.7500000e+01;1.4548922e-01;1.7500000e+01;9.1351613e-02;1.7500000e+01;4.7091618e-02;1.7500000e+01;-1.5968308e-03;1.7500000e+01;-4.2896613e-02;1.7500000e+01;-8.5518450e-02;1.7500000e+01;-1.3221514e-01;1.7500000e+01;-7.6133907e-02;1.7500000e+01;-5.8825284e-02;1.7500000e+01;-1.3046958e-02;1.7500000e+01;5.1937934e-02;1.7500000e+01;1.3168229e-01;1.7500000e+01;2.0683214e-01;1.7500000e+01;2.3549825e-01;1.7500000e+01;2.1545394e-01;1.7500000e+01;1.9050658e-01;1.7500000e+01;2.2938356e-01;1.7500000e+01;1.9575179e-01;1.7500000e+01;1.4548922e-01;1.7500000e+01;9.1351613e-02;1.7500000e+01;4.7091618e-02;1.7500000e+01;-1.5968308e-03;1.7500000e+01;-4.2896613e-02;1.7500000e+01;-8.5518450e-02;1.7500000e+01;-1.3221514e-01;1.7500000e+01;-7.6133907e-02;1.7500000e+01;-5.8825284e-02;1.7500000e+01;-1.3046958e-02;1.7500000e+01;5.1937934e-02;1.7500000e+01;1.3168229e-01;1.7500000e+01;2.0683214e-01;1.7500000e+01;2.3549825e-01;1.7500000e+01;2.1545394e-01;1.7500000e+01;1.9050658e-01;1.7500000e+01;2.2938356e-01;1.7500000e+01;1.9575179e-01;1.7500000e+01;1.4548922e-01;1.7500000e+01;9.1351613e-02;1.7500000e+01;4.7091618e-02;1.7500000e+01;-1.5968308e-03;1.7500000e+01;-4.2896613e-02;1.7500000e+01;-8.5518450e-02;1.7500000e+01;-1.3221514e-01;1.7500000e+01;-7.6133907e-02;1.7500000e+01;-5.8825284e-02;1.7500000e+01;-1.3046958e-02;1.7500000e+01;5.1937934e-02;1.7500000e+01;1.3168229e-01;1.7500000e+01;2.0683214e-01;1.7500000e+01;2.3549825e-01;1.7500000e+01;2.1545394e-01;1.7500000e+01;1.9050658e-01;1.7500000e+01;2.2938356e-01;1.7500000e+01;1.9575179e-01;1.7500000e+01;1.4548922e-01;1.7500000e+01;9.1351613e-02;1.7500000e+01;4.7091618e-02;1.7500000e+01;-1.5968308e-03;1.7500000e+01;-4.2896613e-02;1.7500000e+01;-8.5518450e-02;1.7500000e+01;-1.3221514e-01;1.7500000e+01;-7.6133907e-02;1.7500000e+01;-5.8825284e-02;1.7500000e+01;-1.3046958e-02;1.7500000e+01;5.1937934e-02;1.7500000e+01;1.3168229e-01;1.7500000e+01;2.0683214e-01;1.7500000e+01;2.3549825e-01;1.7500000e+01;2.1545394e-01;1.7500000e+01;1.9050658e-01;1.7500000e+01;2.2938356e-01;1.7500000e+01;1.9575179e-01;1.7500000e+01;1.4548922e-01;1.7500000e+01;9.1351613e-02;1.7500000e+01;4.7091618e-02;1.7500000e+01;-1.5968308e-03;1.7500000e+01;-4.2896613e-02;1.7500000e+01;-8.5518450e-02;1.7500000e+01;-1.3221514e-01;1.7500000e+01;-7.6133907e-02;1.7500000e+01;-5.8825284e-02;1.7500000e+01;-1.3046958e-02;1.7500000e+01;5.1937934e-02;1.7500000e+01;1.3168229e-01;1.7500000e+01;2.0683214e-01;1.7500000e+01;2.3549825e-01;1.7500000e+01;2.1545394e-01;1.7500000e+01;1.9050658e-01;1.7500000e+01;2.2938356e-01;1.7500000e+01;1.9575179e-01;1.7500000e+01;1.4548922e-01;1.7500000e+01;9.1351613e-02;1.7500000e+01;4.7091618e-02;1.7500000e+01;-1.5968308e-03;1.7500000e+01;-4.2896613e-02;1.7500000e+01;-8.5518450e-02;1.7500000e+01;-1.3221514e-01;1.7500000e+01;-7.6133907e-02;1.7500000e+01;-5.8825284e-02;1.7500000e+01;-1.3046958e-02;1.7500000e+01;5.1937934e-02;1.7500000e+01;1.3168229e-01;1.7500000e+01;2.0683214e-01;1.7500000e+01;2.3549825e-01;1.7500000e+01;2.1545394e-01;1.7500000e+01;1.9050658e-01;1.7500000e+01;2.2938356e-01;1.7500000e+01;1.9575179e-01;1.7500000e+01;1.4548922e-01;1.7500000e+01;9.1351613e-02;1.7500000e+01;4.7091618e-02;1.7500000e+01;-1.5968308e-03;1.7500000e+01;-4.2896613e-02;1.7500000e+01;-8.5518450e-02;1.7500000e+01;-1.3221514e-01;1.7500000e+01;-7.6133907e-02;1.7500000e+01;-5.8825284e-02;1.7500000e+01;-1.3046958e-02;1.7500000e+01;5.1937934e-02;1.7500000e+01;1.3168229e-01;1.7500000e+01;2.0683214e-01;1.7500000e+01;2.3549825e-01;1.7500000e+01;2.1545394e-01;1.7500000e+01;1.9050658e-01;1.7500000e+01;2.2938356e-01;1.7500000e+01;1.9575179e-01;1.7500000e+01;1.4548922e-01;1.7500000e+01;9.1351613e-02;1.7500000e+01;4.7091618e-02;1.7500000e+01;-1.5968308e-03;1.7500000e+01;-4.2896613e-02;1.7500000e+01;-8.5518450e-02;1.7500000e+01;-1.3221514e-01;1.7500000e+01;-7.6133907e-02;1.7500000e+01;-5.8825284e-02;1.7500000e+01;-1.3046958e-02;1.7500000e+01;5.1937934e-02;1.7500000e+01;1.3168229e-01;1.7500000e+01;2.0683214e-01;1.7500000e+01;2.3549825e-01;1.7500000e+01;2.1545394e-01;1.7500000e+01;1.9050658e-01;1.7500000e+01;2.2938356e-01;1.7500000e+01;1.9575179e-01;1.7500000e+01;1.4548922e-01;1.7500000e+01;9.1351613e-02;1.7500000e+01;4.7091618e-02;1.7500000e+01;-1.5968308e-03;1.7500000e+01;-4.2896613e-02;1.7500000e+01;-8.5518450e-02;1.7500000e+01;-1.3221514e-01;1.7500000e+01;-7.6133907e-02;1.7500000e+01;-5.8825284e-02;1.7500000e+01;-1.3046958e-02;1.7500000e+01;5.1937934e-02;1.7500000e+01;1.3168229e-01;1.7500000e+01;2.0683214e-01;1.7500000e+01;2.3549825e-01;1.7500000e+01;2.1545394e-01;1.7500000e+01;1.9050658e-01;1.7500000e+01;2.2938356e-01;1.7500000e+01;1.9575179e-01;1.7500000e+01;1.4548922e-01;1.7500000e+01;9.1351613e-02;1.7500000e+01;4.7091618e-02;1.7500000e+01;-1.5968308e-03;1.7500000e+01;-4.2896613e-02;1.7500000e+01;-8.5518450e-02;1.7500000e+01;-1.3221514e-01;1.7500000e+01;-7.6133907e-02;1.7500000e+01;-5.8825284e-02;1.7500000e+01;-1.3046958e-02;1.7500000e+01;5.1937934e-02;1.7500000e+01;1.3168229e-01;1.7500000e+01;2.0683214e-01;1.7500000e+01;2.3549825e-01;1.7500000e+01;2.1545394e-01;1.7500000e+01;1.9050658e-01;1.7500000e+01;2.2938356e-01;1.7500000e+01;1.9575179e-01;1.7500000e+01;1.4548922e-01;1.7500000e+01;9.1351613e-02;1.7500000e+01;4.7091618e-02;1.7500000e+01;-1.5968308e-03;1.7500000e+01;-4.2896613e-02;1.7500000e+01;-8.5518450e-02;1.7500000e+01;-1.3221514e-01;1.7500000e+01;-7.6133907e-02;1.7500000e+01;-5.8825284e-02;1.7500000e+01;-1.3046958e-02;1.7500000e+01;5.1937934e-02;1.7500000e+01;1.3168229e-01;1.7500000e+01;2.0683214e-01;1.7500000e+01;2.3549825e-01;1.7500000e+01;2.1545394e-01;1.7500000e+01;1.9050658e-01;1.7500000e+01;2.2938356e-01;1.7500000e+01;1.9575179e-01;1.7500000e+01;1.4548922e-01;1.7500000e+01;9.1351613e-02;1.7500000e+01;4.7091618e-02;1.7500000e+01;-1.5968308e-03;1.7500000e+01;-4.2896613e-02;1.7500000e+01;-8.5518450e-02;1.7500000e+01;-1.3221514e-01;1.7500000e+01;-7.6133907e-02;1.7500000e+01;-5.8825284e-02;1.7500000e+01;-1.3046958e-02;1.7500000e+01;5.1937934e-02;1.7500000e+01;1.3168229e-01;1.7500000e+01;2.0683214e-01;1.7500000e+01;2.3549825e-01;1.7500000e+01;2.1545394e-01;1.7500000e+01;1.9050658e-01;1.7500000e+01;2.2938356e-01;1.7500000e+01;1.9575179e-01;1.7500000e+01;1.4548922e-01;1.7500000e+01;9.1351613e-02;1.7500000e+01;4.7091618e-02;1.7500000e+01;-1.5968308e-03;1.7500000e+01;-4.2896613e-02;1.7500000e+01;-8.5518450e-02;1.7500000e+01;-1.3221514e-01;1.7500000e+01;-7.6133907e-02;1.7500000e+01;-5.8825284e-02;1.7500000e+01;-1.3046958e-02;1.7500000e+01;5.1937934e-02;1.7500000e+01;1.3168229e-01;1.7500000e+01;2.0683214e-01;1.7500000e+01;2.3549825e-01;1.7500000e+01;2.1545394e-01;1.7500000e+01;1.9050658e-01;1.7500000e+01;2.2938356e-01;1.7500000e+01;1.9575179e-01;1.7500000e+01;1.4548922e-01;1.7500000e+01;9.1351613e-02;1.7500000e+01;4.7091618e-02;1.7500000e+01;-1.5968308e-03;1.7500000e+01;-4.2896613e-02;1.7500000e+01;-8.5518450e-02;1.7500000e+01;-1.3221514e-01;1.7500000e+01;-7.6133907e-02;1.7500000e+01;-5.8825284e-02;1.7500000e+01;-1.3046958e-02;1.7500000e+01;5.1937934e-02;1.7500000e+01;1.3168229e-01;1.7500000e+01;2.0683214e-01;1.7500000e+01;2.3549825e-01;1.7500000e+01;2.1545394e-01;1.7500000e+01;1.9050658e-01;1.7500000e+01;2.2938356e-01;1.7500000e+01;1.9575179e-01;1.7500000e+01;1.4548922e-01;1.7500000e+01;9.1351613e-02;1.7500000e+01;4.7091618e-02;1.7500000e+01;-1.5968308e-03;1.7500000e+01;-4.2896613e-02;1.7500000e+01;-8.5518450e-02;1.7500000e+01;-1.3221514e-01;1.7500000e+01;-7.6133907e-02;1.7500000e+01;-5.8825284e-02;1.7500000e+01;-1.3046958e-02;1.7500000e+01;5.1937934e-02;1.7500000e+01;1.3168229e-01;1.7500000e+01;2.0683214e-01;1.7500000e+01;2.3549825e-01;1.7500000e+01;2.1545394e-01;1.7500000e+01;1.9050658e-01;1.7500000e+01;2.2938356e-01;1.7500000e+01;1.9575179e-01;1.7500000e+01;1.4548922e-01;1.7500000e+01;9.1351613e-02;1.7500000e+01;4.7091618e-02;1.7500000e+01;-1.5968308e-03;1.7500000e+01;-4.2896613e-02;1.7500000e+01;-8.5518450e-02;1.7500000e+01;-1.3221514e-01;1.7500000e+01;-7.6133907e-02;1.7500000e+01;-5.8825284e-02;1.7500000e+01;-1.3046958e-02;1.7500000e+01;5.1937934e-02;1.7500000e+01;1.3168229e-01;1.7500000e+01;2.0683214e-01;1.7500000e+01;2.3549825e-01;1.7500000e+01;2.1545394e-01;1.7500000e+01;1.9050658e-01;1.7500000e+01;2.2938356e-01;1.7500000e+01;1.9575179e-01;1.7500000e+01;1.4548922e-01;1.7500000e+01;9.1351613e-02;1.7500000e+01;4.7091618e-02;1.7500000e+01;-1.5968308e-03;1.7500000e+01;-4.2896613e-02;1.7500000e+01;-8.5518450e-02;1.7500000e+01;-1.3221514e-01;1.7500000e+01;-7.6133907e-02;1.7500000e+01;-5.8825284e-02;1.7500000e+01;-1.3046958e-02;1.7500000e+01;5.1937934e-02;1.7500000e+01;1.3168229e-01;1.7500000e+01;2.0683214e-01;1.7500000e+01;2.3549825e-01;1.7500000e+01;2.1545394e-01;1.7500000e+01;1.9050658e-01;1.7500000e+01;2.2938356e-01;1.7500000e+01;1.9575179e-01;1.7500000e+01;1.4548922e-01;1.7500000e+01;9.1351613e-02;1.7500000e+01;4.7091618e-02;1.7500000e+01;-1.5968308e-03;1.7500000e+01;-4.2896613e-02;1.7500000e+01;-8.5518450e-02;1.7500000e+01;-1.3221514e-01;1.7500000e+01;-7.6133907e-02;1.7500000e+01;-5.8825284e-02;1.7500000e+01;-1.3046958e-02;1.7500000e+01;5.1937934e-02;1.7500000e+01;1.3168229e-01;1.7500000e+01;2.0683214e-01;1.7500000e+01;2.3549825e-01;1.7500000e+01;2.1545394e-01;1.7500000e+01;1.9050658e-01;1.7500000e+01;2.2938356e-01;1.7500000e+01;1.9575179e-01;1.7500000e+01;1.4548922e-01;1.7500000e+01;9.1351613e-02;1.7500000e+01;4.7091618e-02;1.7500000e+01;-1.5968308e-03;1.7500000e+01;-4.2896613e-02;1.7500000e+01;-8.5518450e-02;1.7500000e+01;-1.3221514e-01;1.7500000e+01;-7.6133907e-02;1.7500000e+01;-5.8825284e-02;1.7500000e+01;-1.3046958e-02;1.7500000e+01;5.1937934e-02;1.7500000e+01;1.3168229e-01;1.7500000e+01;2.0683214e-01;1.7500000e+01;2.3549825e-01;1.7500000e+01;2.1545394e-01;1.7500000e+01;1.9050658e-01;1.7500000e+01;2.2938356e-01;1.7500000e+01;1.9575179e-01;1.7500000e+01;1.4548922e-01;1.7500000e+01;9.1351613e-02;1.7500000e+01;4.7091618e-02;1.7500000e+01;-1.5968308e-03;1.7500000e+01;-4.2896613e-02;1.7500000e+01;-8.5518450e-02;1.7500000e+01;-1.3221514e-01;1.7500000e+01;-7.6133907e-02;1.7500000e+01;-5.8825284e-02;1.7500000e+01;-1.3046958e-02;1.7500000e+01;5.1937934e-02;1.7500000e+01;1.3168229e-01;1.7500000e+01;2.0683214e-01;1.7500000e+01;2.3549825e-01;1.7500000e+01;2.1545394e-01;1.7500000e+01;1.9050658e-01;1.7500000e+01;2.2938356e-01;1.7500000e+01;1.9575179e-01;1.7500000e+01;1.4548922e-01;1.7500000e+01;9.1351613e-02;1.7500000e+01;4.7091618e-02;1.7500000e+01;-1.5968308e-03;1.7500000e+01;-4.2896613e-02;1.7500000e+01;-8.5518450e-02;1.7500000e+01;-1.3221514e-01;1.7500000e+01;-7.6133907e-02;1.7500000e+01;-5.8825284e-02;1.7500000e+01;-1.3046958e-02;1.7500000e+01;5.1937934e-02;1.7500000e+01;1.3168229e-01;1.7500000e+01;2.0683214e-01;1.7500000e+01;2.3549825e-01;1.7500000e+01;2.1545394e-01;1.7500000e+01;1.9050658e-01;1.7500000e+01;2.2938356e-01;1.7500000e+01;1.9575179e-01;1.7500000e+01;1.4548922e-01;1.7500000e+01;9.1351613e-02;1.7500000e+01;4.7091618e-02;1.7500000e+01;-1.5968308e-03;1.7500000e+01;-4.2896613e-02;1.7500000e+01;-8.5518450e-02;1.7500000e+01;-1.3221514e-01;1.7500000e+01;-7.6133907e-02;1.7500000e+01;-5.8825284e-02;1.7500000e+01;-1.3046958e-02;1.7500000e+01;5.1937934e-02;1.7500000e+01;1.3168229e-01;1.7500000e+01;2.0683214e-01;1.7500000e+01;2.3549825e-01;1.7500000e+01;2.1545394e-01;1.7500000e+01;1.9050658e-01;1.7500000e+01;2.2938356e-01;1.7500000e+01;1.9575179e-01;1.7500000e+01;1.4548922e-01;1.7500000e+01;9.1351613e-02;1.7500000e+01;4.7091618e-02;1.7500000e+01;-1.5968308e-03;1.7500000e+01;-4.2896613e-02;1.7500000e+01;-8.5518450e-02;1.7500000e+01;-1.3221514e-01;1.7500000e+01;-7.6133907e-02;1.7500000e+01;-5.8825284e-02;1.7500000e+01;-1.3046958e-02;1.7500000e+01;5.1937934e-02;1.7500000e+01;1.3168229e-01;1.7500000e+01;2.0683214e-01;1.7500000e+01;2.3549825e-01;1.7500000e+01;2.1545394e-01;1.7500000e+01;1.9050658e-01;1.7500000e+01;2.2938356e-01;1.7500000e+01;1.9575179e-01;1.7500000e+01;1.4548922e-01;1.7500000e+01;9.1351613e-02;1.7500000e+01;4.7091618e-02;1.7500000e+01;-1.5968308e-03;1.7500000e+01;-4.2896613e-02;1.7500000e+01;-8.5518450e-02;1.7500000e+01;-1.3221514e-01;1.7500000e+01;-7.6133907e-02;1.7500000e+01;-5.8825284e-02;1.7500000e+01;-1.3046958e-02;1.7500000e+01;5.1937934e-02;1.7500000e+01;1.3168229e-01;1.7500000e+01;2.0683214e-01;1.7500000e+01;2.3549825e-01;1.7500000e+01;2.1545394e-01;1.7500000e+01;1.9050658e-01;1.7500000e+01;2.2938356e-01;1.7500000e+01;1.9575179e-01;1.7500000e+01;1.4548922e-01;1.7500000e+01;9.1351613e-02;1.7500000e+01;4.7091618e-02;1.7500000e+01;-1.5968308e-03;1.7500000e+01;-4.2896613e-02;1.7500000e+01;-8.5518450e-02;1.7500000e+01;-1.3221514e-01;1.7500000e+01;-7.6133907e-02;1.7500000e+01;-5.8825284e-02;1.7500000e+01;-1.3046958e-02;1.7500000e+01;5.1937934e-02;1.7500000e+01;1.3168229e-01;1.7500000e+01;2.0683214e-01;1.7500000e+01;2.3549825e-01;1.7500000e+01;2.1545394e-01;1.7500000e+01;1.9050658e-01;1.7500000e+01;2.2938356e-01;1.7500000e+01;1.9575179e-01;1.7500000e+01;1.4548922e-01;1.7500000e+01;9.1351613e-02;1.7500000e+01;4.7091618e-02;1.7500000e+01;-1.5968308e-03;1.7500000e+01;-4.2896613e-02;1.7500000e+01;-8.5518450e-02;1.7500000e+01;-1.3221514e-01;1.7500000e+01;-7.6133907e-02;1.7500000e+01;-5.8825284e-02;1.7500000e+01;-1.3046958e-02;1.7500000e+01;5.1937934e-02;1.7500000e+01;1.3168229e-01;1.7500000e+01;2.0683214e-01;1.7500000e+01;2.3549825e-01;1.7500000e+01;2.1545394e-01;1.7500000e+01;1.9050658e-01;1.7500000e+01;2.2938356e-01;1.7500000e+01;1.9575179e-01;1.7500000e+01;1.4548922e-01;1.7500000e+01;9.1351613e-02;1.7500000e+01;4.7091618e-02;1.7500000e+01;-1.5968308e-03;1.7500000e+01;-4.2896613e-02;1.7500000e+01;-8.5518450e-02;1.7500000e+01;-1.3221514e-01;1.7500000e+01;-7.6133907e-02;1.7500000e+01;-5.8825284e-02;1.7500000e+01;-1.3046958e-02;1.7500000e+01;5.1937934e-02;1.7500000e+01;1.3168229e-01;1.7500000e+01;2.0683214e-01;1.7500000e+01;2.3549825e-01;1.7500000e+01;2.1545394e-01;1.7500000e+01;1.9050658e-01;1.7500000e+01;2.2938356e-01;1.7500000e+01;1.9575179e-01;1.7500000e+01;1.4548922e-01;1.7500000e+01;9.1351613e-02;1.7500000e+01;4.7091618e-02;1.7500000e+01;-1.5968308e-03;1.7500000e+01;-4.2896613e-02;1.7500000e+01;-8.5518450e-02;1.7500000e+01;-1.3221514e-01;1.7500000e+01;-7.6133907e-02;1.7500000e+01;-5.8825284e-02;1.7500000e+01;-1.3046958e-02;1.7500000e+01;5.1937934e-02;1.7500000e+01;1.3168229e-01;1.7500000e+01;2.0683214e-01;1.7500000e+01;2.3549825e-01;1.7500000e+01;2.1545394e-01;1.7500000e+01;1.9050658e-01;1.7500000e+01;2.2938356e-01;1.7500000e+01;1.9575179e-01;1.7500000e+01;1.4548922e-01;1.7500000e+01;9.1351613e-02;1.7500000e+01;4.7091618e-02;1.7500000e+01;-1.5968308e-03;1.7500000e+01;-4.2896613e-02;1.7500000e+01;-8.5518450e-02;1.7500000e+01;-1.3221514e-01;1.7500000e+01;-7.6133907e-02;1.7500000e+01;-5.8825284e-02;1.7500000e+01;-1.3046958e-02;1.7500000e+01;5.1937934e-02;1.7500000e+01;1.3168229e-01;1.7500000e+01;2.0683214e-01;1.7500000e+01;2.3549825e-01;1.7500000e+01;2.1545394e-01;1.7500000e+01;1.9050658e-01;1.7500000e+01;2.2938356e-01;1.7500000e+01;1.9575179e-01;1.7500000e+01;1.4548922e-01;1.7500000e+01;9.1351613e-02;1.7500000e+01;4.7091618e-02;1.7500000e+01;-1.5968308e-03;1.7500000e+01;-4.2896613e-02;1.7500000e+01;-8.5518450e-02;1.7500000e+01;-1.3221514e-01;1.7500000e+01;-7.6133907e-02;1.7500000e+01;-5.8825284e-02;1.7500000e+01;-1.3046958e-02;1.7500000e+01;5.1937934e-02;1.7500000e+01;1.3168229e-01;1.7500000e+01;2.0683214e-01;1.7500000e+01;2.3549825e-01;1.7500000e+01;2.1545394e-01;1.7500000e+01;1.9050658e-01;1.7500000e+01;2.2938356e-01;1.7500000e+01;1.9575179e-01;1.7500000e+01;1.4548922e-01;1.7500000e+01;9.1351613e-02;1.7500000e+01;4.7091618e-02;1.7500000e+01;-1.5968308e-03;1.7500000e+01;-4.2896613e-02;1.7500000e+01;-8.5518450e-02;1.7500000e+01;-1.3221514e-01;1.7500000e+01;-7.6133907e-02;1.7500000e+01;-5.8825284e-02;1.7500000e+01;-1.3046958e-02;1.7500000e+01;5.1937934e-02;1.7500000e+01;1.3168229e-01;1.7500000e+01;2.0683214e-01;1.7500000e+01;2.3549825e-01;1.7500000e+01;2.1545394e-01;1.7500000e+01;1.9050658e-01;1.7500000e+01;2.2938356e-01;1.7500000e+01;1.9575179e-01;1.7500000e+01;1.4548922e-01;1.7500000e+01;9.1351613e-02;1.7500000e+01;4.7091618e-02;1.7500000e+01;-1.5968308e-03;1.7500000e+01;-4.2896613e-02;1.7500000e+01;-8.5518450e-02;1.7500000e+01;-1.3221514e-01;1.7500000e+01;-7.6133907e-02;1.7500000e+01;-5.8825284e-02;1.7500000e+01;-1.3046958e-02;1.7500000e+01;5.1937934e-02;1.7500000e+01;1.3168229e-01;1.7500000e+01;2.0683214e-01;1.7500000e+01;2.3549825e-01;1.7500000e+01;2.1545394e-01;1.7500000e+01;1.9050658e-01;1.7500000e+01;2.2938356e-01;1.7500000e+01;1.9575179e-01;1.7500000e+01;1.4548922e-01;1.7500000e+01;9.1351613e-02;1.7500000e+01;4.7091618e-02;1.7500000e+01;-1.5968308e-03;1.7500000e+01;-4.2896613e-02;1.7500000e+01;-8.5518450e-02;1.7500000e+01;-1.3221514e-01;1.7500000e+01;-7.6133907e-02;1.7500000e+01;-5.8825284e-02;1.7500000e+01;-1.3046958e-02;1.7500000e+01;5.1937934e-02;1.7500000e+01;1.3168229e-01;1.7500000e+01;2.0683214e-01;1.7500000e+01;2.3549825e-01;1.7500000e+01;2.1545394e-01;1.7500000e+01;1.9050658e-01;1.7500000e+01;2.2938356e-01;1.7500000e+01;1.9575179e-01;1.7500000e+01;1.4548922e-01;1.7500000e+01;9.1351613e-02;1.7500000e+01;4.7091618e-02;1.7500000e+01;-1.5968308e-03;1.7500000e+01;-4.2896613e-02;1.7500000e+01;-8.5518450e-02;1.7500000e+01;-1.3221514e-01;1.7500000e+01;-7.6133907e-02;1.7500000e+01;-5.8825284e-02;1.7500000e+01;-1.3046958e-02;1.7500000e+01;5.1937934e-02;1.7500000e+01;1.3168229e-01;1.7500000e+01;2.0683214e-01;1.7500000e+01;2.3549825e-01;1.7500000e+01;2.1545394e-01;1.7500000e+01;1.9050658e-01;1.7500000e+01;2.2938356e-01;1.7500000e+01;1.9575179e-01;1.7500000e+01;1.4548922e-01;1.7500000e+01;9.1351613e-02;1.7500000e+01;4.7091618e-02;1.7500000e+01;-1.5968308e-03;1.7500000e+01;-4.2896613e-02;1.7500000e+01;-8.5518450e-02;1.7500000e+01;-1.3221514e-01;1.7500000e+01;-7.6133907e-02;1.7500000e+01;-5.8825284e-02;1.7500000e+01;-1.3046958e-02;1.7500000e+01;5.1937934e-02;1.7500000e+01;1.3168229e-01;1.7500000e+01;2.0683214e-01;1.7500000e+01;2.3549825e-01;1.7500000e+01;2.1545394e-01;1.7500000e+01;1.9050658e-01;1.7500000e+01;2.2938356e-01;1.7500000e+01;1.9575179e-01;1.7500000e+01;1.4548922e-01;1.7500000e+01;9.1351613e-02;1.7500000e+01;4.7091618e-02;1.7500000e+01;-1.5968308e-03;1.7500000e+01;-4.2896613e-02;1.7500000e+01;-8.5518450e-02;1.7500000e+01;-1.3221514e-01;1.7500000e+01;-7.6133907e-02;1.7500000e+01;-5.8825284e-02;1.7500000e+01;-1.3046958e-02;1.7500000e+01;5.1937934e-02;1.7500000e+01;1.3168229e-01;1.7500000e+01;2.0683214e-01;1.7500000e+01;2.3549825e-01;1.7500000e+01;2.1545394e-01;1.7500000e+01;1.9050658e-01;1.7500000e+01;2.2938356e-01;1.7500000e+01;1.9575179e-01;1.7500000e+01;1.4548922e-01;1.7500000e+01;9.1351613e-02;1.7500000e+01;4.7091618e-02;1.7500000e+01;-1.5968308e-03;1.7500000e+01;-4.2896613e-02;1.7500000e+01;-8.5518450e-02;1.7500000e+01;-1.3221514e-01;1.7500000e+01;-7.6133907e-02;1.7500000e+01;-5.8825284e-02;1.7500000e+01;-1.3046958e-02;1.7500000e+01;5.1937934e-02;1.7500000e+01;1.3168229e-01;1.7500000e+01;2.0683214e-01;1.7500000e+01;2.3549825e-01;1.7500000e+01;2.1545394e-01;1.7500000e+01;1.9050658e-01;1.7500000e+01;2.2938356e-01;1.7500000e+01;1.9575179e-01;1.7500000e+01;1.4548922e-01;1.7500000e+01;9.1351613e-02;1.7500000e+01;4.7091618e-02;1.7500000e+01;-1.5968308e-03;1.7500000e+01;-4.2896613e-02;1.7500000e+01;-8.5518450e-02;1.7500000e+01;-1.3221514e-01;1.7500000e+01;-7.6133907e-02;1.7500000e+01;-5.8825284e-02;1.7500000e+01;-1.3046958e-02;1.7500000e+01;5.1937934e-02;1.7500000e+01;1.3168229e-01;1.7500000e+01;2.0683214e-01;1.7500000e+01;2.3549825e-01;1.7500000e+01;2.1545394e-01;1.7500000e+01;1.9050658e-01;1.7500000e+01;2.2938356e-01;1.7500000e+01;1.9575179e-01;1.7500000e+01;1.4548922e-01;1.7500000e+01;9.1351613e-02;1.7500000e+01;4.7091618e-02;1.7500000e+01;-1.5968308e-03;1.7500000e+01;-4.2896613e-02;1.7500000e+01;-8.5518450e-02;1.7500000e+01;-1.3221514e-01;1.7500000e+01;-7.6133907e-02;1.7500000e+01;-5.8825284e-02;1.7500000e+01;-1.3046958e-02;1.7500000e+01;5.1937934e-02;1.7500000e+01;1.3168229e-01;1.7500000e+01;2.0683214e-01;1.7500000e+01;2.3549825e-01;1.7500000e+01;2.1545394e-01;1.7500000e+01;1.9050658e-01;1.7500000e+01;2.2938356e-01;1.7500000e+01;1.9575179e-01;1.7500000e+01;1.4548922e-01;1.7500000e+01;9.1351613e-02;1.7500000e+01;4.7091618e-02;1.7500000e+01;-1.5968308e-03;1.7500000e+01;-4.2896613e-02;1.7500000e+01;-8.5518450e-02;1.7500000e+01;-1.3221514e-01;1.7500000e+01;-7.6133907e-02;1.7500000e+01;-5.8825284e-02;1.7500000e+01;-1.3046958e-02;1.7500000e+01;5.1937934e-02;1.7500000e+01;1.3168229e-01;1.7500000e+01;2.0683214e-01;1.7500000e+01;2.3549825e-01;1.7500000e+01;2.1545394e-01;1.7500000e+01;1.9050658e-01;1.7500000e+01;2.2938356e-01;1.7500000e+01;1.9575179e-01;1.7500000e+01;1.4548922e-01;1.7500000e+01;9.1351613e-02;1.7500000e+01;4.7091618e-02;1.7500000e+01;-1.5968308e-03;1.7500000e+01;-4.2896613e-02;1.7500000e+01;-8.5518450e-02;1.7500000e+01;-1.3221514e-01;1.7500000e+01;-7.6133907e-02;1.7500000e+01;-5.8825284e-02;1.7500000e+01;-1.3046958e-02;1.7500000e+01;5.1937934e-02;1.7500000e+01;1.3168229e-01;1.7500000e+01;2.0683214e-01;1.7500000e+01;2.3549825e-01;1.7500000e+01;2.1545394e-01;1.7500000e+01;1.9050658e-01;1.7500000e+01;2.2938356e-01;1.7500000e+01;1.9575179e-01;1.7500000e+01;1.4548922e-01;1.7500000e+01;9.1351613e-02;1.7500000e+01;4.7091618e-02;1.7500000e+01;-1.5968308e-03;1.7500000e+01;-4.2896613e-02;1.7500000e+01;-8.5518450e-02;1.7500000e+01;-1.3221514e-01;1.7500000e+01;-7.6133907e-02;1.7500000e+01;-5.8825284e-02;1.7500000e+01;-1.3046958e-02;1.7500000e+01;5.1937934e-02;1.7500000e+01;1.3168229e-01;1.7500000e+01;2.0683214e-01;1.7500000e+01;2.3549825e-01;1.7500000e+01;2.1545394e-01;1.7500000e+01;1.9050658e-01;1.7500000e+01;2.2938356e-01;1.7500000e+01;1.9575179e-01;1.7500000e+01;1.4548922e-01;1.7500000e+01;9.1351613e-02;1.7500000e+01;4.7091618e-02;1.7500000e+01;-1.5968308e-03;1.7500000e+01;-4.2896613e-02;1.7500000e+01;-8.5518450e-02;1.7500000e+01;-1.3221514e-01;1.7500000e+01;-7.6133907e-02;1.7500000e+01;-5.8825284e-02;1.7500000e+01;-1.3046958e-02;1.7500000e+01;5.1937934e-02;1.7500000e+01;1.3168229e-01;1.7500000e+01;2.0683214e-01;1.7500000e+01;2.3549825e-01;1.7500000e+01;2.1545394e-01;1.7500000e+01;1.9050658e-01;1.7500000e+01;2.2938356e-01;1.7500000e+01;1.9575179e-01;1.7500000e+01;1.4548922e-01;1.7500000e+01;9.1351613e-02;1.7500000e+01;4.7091618e-02;1.7500000e+01;-1.5968308e-03;1.7500000e+01;-4.2896613e-02;1.7500000e+01;-8.5518450e-02;1.7500000e+01;-1.3221514e-01;1.7500000e+01;-7.6133907e-02;1.7500000e+01;-5.8825284e-02;1.7500000e+01;-1.3046958e-02;1.7500000e+01;5.1937934e-02;1.7500000e+01;1.3168229e-01;1.7500000e+01;2.0683214e-01;1.7500000e+01;2.3549825e-01;1.7500000e+01;2.1545394e-01;1.7500000e+01;1.9050658e-01;1.7500000e+01;2.2938356e-01;1.7500000e+01;1.9575179e-01;1.7500000e+01;1.4548922e-01;1.7500000e+01;9.1351613e-02;1.7500000e+01;4.7091618e-02;1.7500000e+01;-1.5968308e-03;1.7500000e+01;-4.2896613e-02;1.7500000e+01;-8.5518450e-02;1.7500000e+01;-1.3221514e-01;1.7500000e+01;-7.6133907e-02;1.7500000e+01;-5.8825284e-02;1.7500000e+01;-1.3046958e-02;1.7500000e+01;5.1937934e-02;1.7500000e+01;1.3168229e-01;1.7500000e+01;2.0683214e-01;1.7500000e+01;2.3549825e-01;1.7500000e+01;2.1545394e-01;1.7500000e+01;1.9050658e-01;1.7500000e+01;2.2938356e-01;1.7500000e+01;1.9575179e-01;1.7500000e+01;1.4548922e-01;1.7500000e+01;9.1351613e-02;1.7500000e+01;4.7091618e-02;1.7500000e+01;-1.5968308e-03;1.7500000e+01;-4.2896613e-02;1.7500000e+01;-8.5518450e-02;1.7500000e+01;-1.3221514e-01;1.7500000e+01;-7.6133907e-02;1.7500000e+01;-5.8825284e-02;1.7500000e+01;-1.3046958e-02;1.7500000e+01;5.1937934e-02;1.7500000e+01;1.3168229e-01;1.7500000e+01;2.0683214e-01;1.7500000e+01;2.3549825e-01;1.7500000e+01;2.1545394e-01;1.7500000e+01;1.9050658e-01;1.7500000e+01;2.2938356e-01;1.7500000e+01;1.9575179e-01;1.7500000e+01;1.4548922e-01;1.7500000e+01;9.1351613e-02;1.7500000e+01;4.7091618e-02;1.7500000e+01;-1.5968308e-03;1.7500000e+01;-4.2896613e-02;1.7500000e+01;-8.5518450e-02;1.7500000e+01;-1.3221514e-01;1.7500000e+01;-7.6133907e-02;1.7500000e+01;-5.8825284e-02;1.7500000e+01;-1.3046958e-02;1.7500000e+01;5.1937934e-02;1.7500000e+01;1.3168229e-01;1.7500000e+01;2.0683214e-01;1.7500000e+01;2.3549825e-01;1.7500000e+01;2.1545394e-01;1.7500000e+01;1.9050658e-01;1.7500000e+01;2.2938356e-01;1.7500000e+01;1.9575179e-01;1.7500000e+01;1.4548922e-01;1.7500000e+01;9.1351613e-02;1.7500000e+01;4.7091618e-02;1.7500000e+01;-1.5968308e-03;1.7500000e+01;-4.2896613e-02;1.7500000e+01;-8.5518450e-02;1.7500000e+01;-1.3221514e-01;1.7500000e+01;-7.6133907e-02;1.7500000e+01;-5.8825284e-02;1.7500000e+01;-1.3046958e-02;1.7500000e+01;5.1937934e-02;1.7500000e+01;1.3168229e-01;1.7500000e+01;2.0683214e-01;1.7500000e+01;2.3549825e-01;1.7500000e+01;2.1545394e-01;1.7500000e+01;1.9050658e-01;1.7500000e+01;2.2938356e-01;1.7500000e+01;1.9575179e-01;1.7500000e+01;1.4548922e-01;1.7500000e+01;9.1351613e-02;1.7500000e+01;4.7091618e-02;1.7500000e+01;-1.5968308e-03;1.7500000e+01;-4.2896613e-02;1.7500000e+01;-8.5518450e-02;1.7500000e+01;-1.3221514e-01;1.7500000e+01;-7.6133907e-02;1.7500000e+01;-5.8825284e-02;1.7500000e+01;-1.3046958e-02;1.7500000e+01;5.1937934e-02;1.7500000e+01;1.3168229e-01;1.7500000e+01;2.0683214e-01;1.7500000e+01;2.3549825e-01;1.7500000e+01;2.1545394e-01;1.7500000e+01;1.9050658e-01;1.7500000e+01;2.2938356e-01;1.7500000e+01;1.9575179e-01;1.7500000e+01;1.4548922e-01;1.7500000e+01;9.1351613e-02;1.7500000e+01;4.7091618e-02;1.7500000e+01;-1.5968308e-03;1.7500000e+01;-4.2896613e-02;1.7500000e+01;-8.5518450e-02;1.7500000e+01;-1.3221514e-01;1.7500000e+01;-7.6133907e-02;1.7500000e+01;-5.8825284e-02;1.7500000e+01;-1.3046958e-02;1.7500000e+01;5.1937934e-02;1.7500000e+01;1.3168229e-01;1.7500000e+01;2.0683214e-01;1.7500000e+01;2.3549825e-01;1.7500000e+01;2.1545394e-01;1.7500000e+01;1.9050658e-01;1.7500000e+01;2.2938356e-01;1.7500000e+01;1.9575179e-01;1.7500000e+01;1.4548922e-01;1.7500000e+01;9.1351613e-02;1.7500000e+01;4.7091618e-02;1.7500000e+01;-1.5968308e-03;1.7500000e+01;-4.2896613e-02;1.7500000e+01;-8.5518450e-02;1.7500000e+01;-1.3221514e-01;1.7500000e+01;-7.6133907e-02;1.7500000e+01;-5.8825284e-02;1.7500000e+01;-1.3046958e-02;1.7500000e+01;5.1937934e-02;1.7500000e+01;1.3168229e-01;1.7500000e+01;2.0683214e-01;1.7500000e+01;2.3549825e-01;1.7500000e+01;2.1545394e-01;1.7500000e+01;1.9050658e-01;1.7500000e+01;2.2938356e-01;1.7500000e+01;1.9575179e-01;1.7500000e+01;1.4548922e-01;1.7500000e+01;9.1351613e-02;1.7500000e+01;4.7091618e-02;1.7500000e+01;-1.5968308e-03;1.7500000e+01;-4.2896613e-02;1.7500000e+01;-8.5518450e-02;1.7500000e+01;-1.3221514e-01;1.7500000e+01;-7.6133907e-02;1.7500000e+01;-5.8825284e-02;1.7500000e+01;-1.3046958e-02;1.7500000e+01;5.1937934e-02;1.7500000e+01;1.3168229e-01;1.7500000e+01;2.0683214e-01;1.7500000e+01;2.3549825e-01;1.7500000e+01;2.1545394e-01;1.7500000e+01;1.9050658e-01;1.7500000e+01;2.2938356e-01;1.7500000e+01;1.9575179e-01;1.7500000e+01;1.4548922e-01;1.7500000e+01;9.1351613e-02;1.7500000e+01;4.7091618e-02;1.7500000e+01;-1.5968308e-03;1.7500000e+01;-4.2896613e-02;1.7500000e+01;-8.5518450e-02;1.7500000e+01;-1.3221514e-01;1.7500000e+01;-7.6133907e-02;1.7500000e+01;-5.8825284e-02;1.7500000e+01;-1.3046958e-02;1.7500000e+01;5.1937934e-02;1.7500000e+01;1.3168229e-01;1.7500000e+01;2.0683214e-01;1.7500000e+01;2.3549825e-01;1.7500000e+01;2.1545394e-01;1.7500000e+01;1.9050658e-01;1.7500000e+01;2.2938356e-01;1.7500000e+01;1.9575179e-01;1.7500000e+01;1.4548922e-01;1.7500000e+01;9.1351613e-02;1.7500000e+01;4.7091618e-02;1.7500000e+01;-1.5968308e-03;1.7500000e+01;-4.2896613e-02;1.7500000e+01;-8.5518450e-02;1.7500000e+01;-1.3221514e-01;1.7500000e+01;-7.6133907e-02;1.7500000e+01;-5.8825284e-02;1.7500000e+01;-1.3046958e-02;1.7500000e+01;5.1937934e-02;1.7500000e+01;1.3168229e-01;1.7500000e+01;2.0683214e-01;1.7500000e+01;2.3549825e-01;1.7500000e+01;2.1545394e-01;1.7500000e+01;1.9050658e-01;1.7500000e+01;2.2938356e-01;1.7500000e+01;1.9575179e-01;1.7500000e+01;1.4548922e-01;1.7500000e+01;9.1351613e-02;1.7500000e+01;4.7091618e-02;1.7500000e+01;-1.5968308e-03;1.7500000e+01;-4.2896613e-02;1.7500000e+01;-8.5518450e-02;1.7500000e+01;-1.3221514e-01;1.7500000e+01;-7.6133907e-02;1.7500000e+01;-5.8825284e-02;1.7500000e+01;-1.3046958e-02;1.7500000e+01;5.1937934e-02;1.7500000e+01;1.3168229e-01;1.7500000e+01;2.0683214e-01;1.7500000e+01;2.3549825e-01;1.7500000e+01;2.1545394e-01;1.7500000e+01;1.9050658e-01;1.7500000e+01;2.2938356e-01;1.7500000e+01;1.9575179e-01;1.7500000e+01;1.4548922e-01;1.7500000e+01;9.1351613e-02;1.7500000e+01;4.7091618e-02;1.7500000e+01;-1.5968308e-03;1.7500000e+01;-4.2896613e-02;1.7500000e+01;-8.5518450e-02;1.7500000e+01;-1.3221514e-01;1.7500000e+01;-7.6133907e-02;1.7500000e+01;-5.8825284e-02;1.7500000e+01;-1.3046958e-02;1.7500000e+01;5.1937934e-02;1.7500000e+01;1.3168229e-01;1.7500000e+01;2.0683214e-01;1.7500000e+01;2.3549825e-01;1.7500000e+01;2.1545394e-01;1.7500000e+01;1.9050658e-01;1.7500000e+01;2.2938356e-01;1.7500000e+01;1.9575179e-01;1.7500000e+01;1.4548922e-01;1.7500000e+01;9.1351613e-02;1.7500000e+01;4.7091618e-02;1.7500000e+01;-1.5968308e-03;1.7500000e+01;-4.2896613e-02;1.7500000e+01;-8.5518450e-02;1.7500000e+01;-1.3221514e-01;1.7500000e+01;-7.6133907e-02;1.7500000e+01;-5.8825284e-02;1.7500000e+01;-1.3046958e-02;1.7500000e+01;5.1937934e-02;1.7500000e+01;1.3168229e-01;1.7500000e+01;2.0683214e-01;1.7500000e+01;2.3549825e-01;1.7500000e+01;2.1545394e-01;1.7500000e+01;1.9050658e-01;1.7500000e+01;2.2938356e-01;1.7500000e+01;1.9575179e-01;1.7500000e+01;1.4548922e-01;1.7500000e+01;9.1351613e-02;1.7500000e+01;4.7091618e-02;1.7500000e+01;-1.5968308e-03;1.7500000e+01;-4.2896613e-02;1.7500000e+01;-8.5518450e-02;1.7500000e+01;-1.3221514e-01;1.7500000e+01;-7.6133907e-02;1.7500000e+01;-5.8825284e-02;1.7500000e+01;-1.3046958e-02;1.7500000e+01;5.1937934e-02;1.7500000e+01;1.3168229e-01;1.7500000e+01;2.0683214e-01;1.7500000e+01;2.3549825e-01;1.7500000e+01;2.1545394e-01;1.7500000e+01;1.9050658e-01;1.7500000e+01;2.2938356e-01;1.7500000e+01;1.9575179e-01;1.7500000e+01;1.4548922e-01;1.7500000e+01;9.1351613e-02;1.7500000e+01;4.7091618e-02;1.7500000e+01;-1.5968308e-03;1.7500000e+01;-4.2896613e-02;1.7500000e+01;-8.5518450e-02;1.7500000e+01;-1.3221514e-01;1.7500000e+01;-7.6133907e-02;1.7500000e+01;-5.8825284e-02;1.7500000e+01;-1.3046958e-02;1.7500000e+01;5.1937934e-02;1.7500000e+01;1.3168229e-01;1.7500000e+01;2.0683214e-01;1.7500000e+01;2.3549825e-01;1.7500000e+01;2.1545394e-01;1.7500000e+01;1.9050658e-01;1.7500000e+01;2.2938356e-01;1.7500000e+01;1.9575179e-01;1.7500000e+01;1.4548922e-01;1.7500000e+01;9.1351613e-02;1.7500000e+01;4.7091618e-02;1.7500000e+01;-1.5968308e-03;1.7500000e+01;-4.2896613e-02;1.7500000e+01;-8.5518450e-02;1.7500000e+01;-1.3221514e-01;1.7500000e+01;-7.6133907e-02;1.7500000e+01;-5.8825284e-02;1.7500000e+01;-1.3046958e-02;1.7500000e+01;5.1937934e-02;1.7500000e+01;1.3168229e-01;1.7500000e+01;2.0683214e-01;1.7500000e+01;2.3549825e-01;1.7500000e+01;2.1545394e-01;1.7500000e+01;1.9050658e-01;1.7500000e+01;2.2938356e-01;1.7500000e+01;1.9575179e-01;1.7500000e+01;1.4548922e-01;1.7500000e+01;9.1351613e-02;1.7500000e+01;4.7091618e-02;1.7500000e+01;-1.5968308e-03;1.7500000e+01;-4.2896613e-02;1.7500000e+01;-8.5518450e-02;1.7500000e+01;-1.3221514e-01;1.7500000e+01;-7.6133907e-02;1.7500000e+01;-5.8825284e-02;1.7500000e+01;-1.3046958e-02;1.7500000e+01;5.1937934e-02;1.7500000e+01;1.3168229e-01;1.7500000e+01;2.0683214e-01;1.7500000e+01;2.3549825e-01;1.7500000e+01;2.1545394e-01;1.7500000e+01;1.9050658e-01;1.7500000e+01;2.2938356e-01;1.7500000e+01;1.9575179e-01;1.7500000e+01;1.4548922e-01;1.7500000e+01;9.1351613e-02;1.7500000e+01;4.7091618e-02;1.7500000e+01;-1.5968308e-03;1.7500000e+01;-4.2896613e-02;1.7500000e+01;-8.5518450e-02;1.7500000e+01;-1.3221514e-01;1.7500000e+01;-7.6133907e-02;1.7500000e+01;-5.8825284e-02;1.7500000e+01;-1.3046958e-02;1.7500000e+01;5.1937934e-02;1.7500000e+01;1.3168229e-01;1.7500000e+01;2.0683214e-01;1.7500000e+01;2.3549825e-01;1.7500000e+01;2.1545394e-01;1.7500000e+01;1.9050658e-01;1.7500000e+01;2.2938356e-01;1.7500000e+01;1.9575179e-01;1.7500000e+01;1.4548922e-01;1.7500000e+01;9.1351613e-02;1.7500000e+01;4.7091618e-02;1.7500000e+01;-1.5968308e-03;1.7500000e+01;-4.2896613e-02;1.7500000e+01;-8.5518450e-02;1.7500000e+01;-1.3221514e-01;1.7500000e+01;-7.6133907e-02;1.7500000e+01;-5.8825284e-02;1.7500000e+01;-1.3046958e-02;1.7500000e+01;5.1937934e-02;1.7500000e+01;1.3168229e-01;1.7500000e+01;2.0683214e-01;1.7500000e+01;2.3549825e-01;1.7500000e+01;2.1545394e-01;1.7500000e+01;1.9050658e-01;1.7500000e+01;2.2938356e-01;1.7500000e+01;1.9575179e-01;1.7500000e+01;1.4548922e-01;1.7500000e+01;9.1351613e-02;1.7500000e+01;4.7091618e-02;1.7500000e+01;-1.5968308e-03;1.7500000e+01;-4.2896613e-02;1.7500000e+01;-8.5518450e-02;1.7500000e+01;-1.3221514e-01;1.7500000e+01;-7.6133907e-02;1.7500000e+01;-5.8825284e-02;1.7500000e+01;-1.3046958e-02;1.7500000e+01;5.1937934e-02;1.7500000e+01;1.3168229e-01;1.7500000e+01;2.0683214e-01;1.7500000e+01;2.3549825e-01;1.7500000e+01;2.1545394e-01;1.7500000e+01;1.9050658e-01;1.7500000e+01;2.2938356e-01;1.7500000e+01;1.9575179e-01;1.7500000e+01;1.4548922e-01;1.7500000e+01;9.1351613e-02;1.7500000e+01;4.7091618e-02;1.7500000e+01;-1.5968308e-03;1.7500000e+01;-4.2896613e-02;1.7500000e+01;-8.5518450e-02;1.7500000e+01;-1.3221514e-01;1.7500000e+01;-7.6133907e-02;1.7500000e+01;-5.8825284e-02;1.7500000e+01;-1.3046958e-02;1.7500000e+01;5.1937934e-02;1.7500000e+01;1.3168229e-01;1.7500000e+01;2.0683214e-01;1.7500000e+01;2.3549825e-01;1.7500000e+01;2.1545394e-01;1.7500000e+01;1.9050658e-01;1.7500000e+01;2.2938356e-01;1.7500000e+01;1.9575179e-01;1.7500000e+01;1.4548922e-01;1.7500000e+01;9.1351613e-02;1.7500000e+01;4.7091618e-02;1.7500000e+01;-1.5968308e-03;1.7500000e+01;-4.2896613e-02;1.7500000e+01;-8.5518450e-02;1.7500000e+01;-1.3221514e-01;1.7500000e+01;-7.6133907e-02;1.7500000e+01;-5.8825284e-02;1.7500000e+01;-1.3046958e-02;1.7500000e+01;5.1937934e-02;1.7500000e+01;1.3168229e-01;1.7500000e+01;2.0683214e-01;1.7500000e+01;2.3549825e-01;1.7500000e+01;2.1545394e-01;1.7500000e+01;1.9050658e-01;1.7500000e+01;2.2938356e-01;1.7500000e+01;1.9575179e-01;1.7500000e+01;1.4548922e-01;1.7500000e+01;9.1351613e-02;1.7500000e+01;4.7091618e-02;1.7500000e+01;-1.5968308e-03;1.7500000e+01;-4.2896613e-02;1.7500000e+01;-8.5518450e-02;1.7500000e+01;-1.3221514e-01;1.7500000e+01;-7.6133907e-02;1.7500000e+01;-5.8825284e-02;1.7500000e+01;-1.3046958e-02;1.7500000e+01;5.1937934e-02;1.7500000e+01;1.3168229e-01;1.7500000e+01;2.0683214e-01;1.7500000e+01;2.3549825e-01;1.7500000e+01;2.1545394e-01;1.7500000e+01;1.9050658e-01;1.7500000e+01;2.2938356e-01;1.7500000e+01;1.9575179e-01;1.7500000e+01;1.4548922e-01;1.7500000e+01;9.1351613e-02;1.7500000e+01;4.7091618e-02;1.7500000e+01;-1.5968308e-03;1.7500000e+01;-4.2896613e-02;1.7500000e+01;-8.5518450e-02;1.7500000e+01;-1.3221514e-01;1.7500000e+01;-7.6133907e-02;1.7500000e+01;-5.8825284e-02;1.7500000e+01;-1.3046958e-02;1.7500000e+01;5.1937934e-02;1.7500000e+01;1.3168229e-01;1.7500000e+01;2.0683214e-01;1.7500000e+01;2.3549825e-01;1.7500000e+01;2.1545394e-01;1.7500000e+01;1.9050658e-01;1.7500000e+01;2.2938356e-01;1.7500000e+01;1.9575179e-01;1.7500000e+01;1.4548922e-01;1.7500000e+01;9.1351613e-02;1.7500000e+01;4.7091618e-02;1.7500000e+01;-1.5968308e-03;1.7500000e+01;-4.2896613e-02;1.7500000e+01;-8.5518450e-02;1.7500000e+01;-1.3221514e-01;1.7500000e+01;-7.6133907e-02;1.7500000e+01;-5.8825284e-02;1.7500000e+01;-1.3046958e-02;1.7500000e+01;5.1937934e-02;1.7500000e+01;1.3168229e-01;1.7500000e+01;2.0683214e-01;1.7500000e+01;2.3549825e-01;1.7500000e+01;2.1545394e-01;1.7500000e+01;1.9050658e-01;1.7500000e+01;2.2938356e-01;1.7500000e+01;1.9575179e-01;1.7500000e+01;1.4548922e-01;1.7500000e+01;9.1351613e-02;1.7500000e+01;4.7091618e-02;1.7500000e+01;-1.5968308e-03;1.7500000e+01;-4.2896613e-02;1.7500000e+01;-8.5518450e-02;1.7500000e+01;-1.3221514e-01;1.7500000e+01;-7.6133907e-02;1.7500000e+01;-5.8825284e-02;1.7500000e+01;-1.3046958e-02;1.7500000e+01;5.1937934e-02;1.7500000e+01;1.3168229e-01;1.7500000e+01;2.0683214e-01;1.7500000e+01;2.3549825e-01;1.7500000e+01;2.1545394e-01;1.7500000e+01;1.9050658e-01;1.7500000e+01;2.2938356e-01;1.7500000e+01;1.9575179e-01;1.7500000e+01;1.4548922e-01;1.7500000e+01;9.1351613e-02;1.7500000e+01;4.7091618e-02;1.7500000e+01;-1.5968308e-03;1.7500000e+01;-4.2896613e-02;1.7500000e+01;-8.5518450e-02;1.7500000e+01;-1.3221514e-01;1.7500000e+01;-7.6133907e-02;1.7500000e+01;-5.8825284e-02;1.7500000e+01;-1.3046958e-02;1.7500000e+01;5.1937934e-02;1.7500000e+01;1.3168229e-01;1.7500000e+01;2.0683214e-01;1.7500000e+01;2.3549825e-01;1.7500000e+01;2.1545394e-01;1.7500000e+01;1.9050658e-01;1.7500000e+01;2.2938356e-01;1.7500000e+01;1.9575179e-01;1.7500000e+01;1.4548922e-01;1.7500000e+01;9.1351613e-02;1.7500000e+01;4.7091618e-02;1.7500000e+01;-1.5968308e-03;1.7500000e+01;-4.2896613e-02;1.7500000e+01;-8.5518450e-02;1.7500000e+01;-1.3221514e-01;1.7500000e+01;-7.6133907e-02;1.7500000e+01;-5.8825284e-02;1.7500000e+01;-1.3046958e-02;1.7500000e+01;5.1937934e-02;1.7500000e+01;1.3168229e-01;1.7500000e+01;2.0683214e-01;1.7500000e+01;2.3549825e-01;1.7500000e+01;2.1545394e-01;1.7500000e+01;1.9050658e-01;1.7500000e+01;2.2938356e-01;1.7500000e+01;1.9575179e-01;1.7500000e+01;1.4548922e-01;1.7500000e+01;9.1351613e-02;1.7500000e+01;4.7091618e-02;1.7500000e+01;-1.5968308e-03;1.7500000e+01;-4.2896613e-02;1.7500000e+01;-8.5518450e-02;1.7500000e+01;-1.3221514e-01;1.7500000e+01;-7.6133907e-02;1.7500000e+01;-5.8825284e-02;1.7500000e+01;-1.3046958e-02;1.7500000e+01;5.1937934e-02;1.7500000e+01;1.3168229e-01;1.7500000e+01;2.0683214e-01;1.7500000e+01;2.3549825e-01;1.7500000e+01;2.1545394e-01;1.7500000e+01;1.9050658e-01;1.7500000e+01;2.2938356e-01;1.7500000e+01;1.9575179e-01;1.7500000e+01;1.4548922e-01;1.7500000e+01;9.1351613e-02;1.7500000e+01;4.7091618e-02;1.7500000e+01;-1.5968308e-03;1.7500000e+01;-4.2896613e-02;1.7500000e+01;-8.5518450e-02;1.7500000e+01;-1.3221514e-01;1.7500000e+01;-7.6133907e-02;1.7500000e+01;-5.8825284e-02;1.7500000e+01;-1.3046958e-02;1.7500000e+01;5.1937934e-02;1.7500000e+01;1.3168229e-01;1.7500000e+01;2.0683214e-01;1.7500000e+01;2.3549825e-01;1.7500000e+01;2.1545394e-01;1.7500000e+01;1.9050658e-01;1.7500000e+01;2.2938356e-01;1.7500000e+01;1.9575179e-01;1.7500000e+01;1.4548922e-01;1.7500000e+01;9.1351613e-02;1.7500000e+01;4.7091618e-02;1.7500000e+01;-1.5968308e-03;1.7500000e+01;-4.2896613e-02;1.7500000e+01;-8.5518450e-02;1.7500000e+01;-1.3221514e-01;1.7500000e+01;-7.6133907e-02;1.7500000e+01;-5.8825284e-02;1.7500000e+01;-1.3046958e-02;1.7500000e+01;5.1937934e-02;1.7500000e+01;1.3168229e-01;1.7500000e+01;2.0683214e-01;1.7500000e+01;2.3549825e-01;1.7500000e+01;2.1545394e-01;1.7500000e+01;1.9050658e-01;1.7500000e+01;2.2938356e-01;1.7500000e+01;1.9575179e-01;1.7500000e+01;1.4548922e-01;1.7500000e+01;9.1351613e-02;1.7500000e+01;4.7091618e-02;1.7500000e+01;-1.5968308e-03;1.7500000e+01;-4.2896613e-02;1.7500000e+01;-8.5518450e-02;1.7500000e+01;-1.3221514e-01;1.7500000e+01;-7.6133907e-02;1.7500000e+01;-5.8825284e-02;1.7500000e+01;-1.3046958e-02;1.7500000e+01;5.1937934e-02;1.7500000e+01;1.3168229e-01;1.7500000e+01;2.0683214e-01;1.7500000e+01;2.3549825e-01;1.7500000e+01;2.1545394e-01;1.7500000e+01;1.9050658e-01;1.7500000e+01;2.2938356e-01;1.7500000e+01;1.9575179e-01;1.7500000e+01;1.4548922e-01;1.7500000e+01;9.1351613e-02;1.7500000e+01;4.7091618e-02;1.7500000e+01;-1.5968308e-03;1.7500000e+01;-4.2896613e-02;1.7500000e+01;-8.5518450e-02;1.7500000e+01;-1.3221514e-01;1.7500000e+01;-7.6133907e-02;1.7500000e+01;-5.8825284e-02;1.7500000e+01;-1.3046958e-02;1.7500000e+01;5.1937934e-02;1.7500000e+01;1.3168229e-01;1.7500000e+01;2.0683214e-01;1.7500000e+01;2.3549825e-01;1.7500000e+01;2.1545394e-01;1.7500000e+01;1.9050658e-01;1.7500000e+01;2.2938356e-01;1.7500000e+01;1.9575179e-01;1.7500000e+01;1.4548922e-01;1.7500000e+01;9.1351613e-02;1.7500000e+01;4.7091618e-02;1.7500000e+01;-1.5968308e-03;1.7500000e+01;-4.2896613e-02;1.7500000e+01;-8.5518450e-02;1.7500000e+01;-1.3221514e-01;1.7500000e+01;-7.6133907e-02;1.7500000e+01;-5.8825284e-02;1.7500000e+01;-1.3046958e-02;1.7500000e+01;5.1937934e-02;1.7500000e+01;1.3168229e-01;1.7500000e+01;2.0683214e-01;1.7500000e+01;2.3549825e-01;1.7500000e+01;2.1545394e-01;1.7500000e+01;1.9050658e-01;1.7500000e+01;2.2938356e-01;1.7500000e+01;1.9575179e-01;1.7500000e+01;1.4548922e-01;1.7500000e+01;9.1351613e-02;1.7500000e+01;4.7091618e-02;1.7500000e+01;-1.5968308e-03;1.7500000e+01;-4.2896613e-02;1.7500000e+01;-8.5518450e-02;1.7500000e+01;-1.3221514e-01;1.7500000e+01;-7.6133907e-02;1.7500000e+01;-5.8825284e-02;1.7500000e+01;-1.3046958e-02;1.7500000e+01;5.1937934e-02;1.7500000e+01;1.3168229e-01;1.7500000e+01;2.0683214e-01;1.7500000e+01;2.3549825e-01;1.7500000e+01;2.1545394e-01;1.7500000e+01;1.9050658e-01;1.7500000e+01;2.2938356e-01;1.7500000e+01;1.9575179e-01;1.7500000e+01;1.4548922e-01;1.7500000e+01;9.1351613e-02;1.7500000e+01;4.7091618e-02;1.7500000e+01;-1.5968308e-03;1.7500000e+01;-4.2896613e-02;1.7500000e+01;-8.5518450e-02;1.7500000e+01;-1.3221514e-01;1.7500000e+01;-7.6133907e-02;1.7500000e+01;-5.8825284e-02;1.7500000e+01;-1.3046958e-02;1.7500000e+01;5.1937934e-02;1.7500000e+01;1.3168229e-01;1.7500000e+01;2.0683214e-01;1.7500000e+01;2.3549825e-01;1.7500000e+01;2.1545394e-01;1.7500000e+01;1.9050658e-01;1.7500000e+01;2.2938356e-01;1.7500000e+01;1.9575179e-01;1.7500000e+01;1.4548922e-01;1.7500000e+01;9.1351613e-02;1.7500000e+01;4.7091618e-02;1.7500000e+01;-1.5968308e-03;1.7500000e+01;-4.2896613e-02;1.7500000e+01;-8.5518450e-02;1.7500000e+01;-1.3221514e-01;1.7500000e+01;-7.6133907e-02;1.7500000e+01;-5.8825284e-02;1.7500000e+01;-1.3046958e-02;1.7500000e+01;5.1937934e-02;1.7500000e+01;1.3168229e-01;1.7500000e+01;2.0683214e-01;1.7500000e+01;2.3549825e-01;1.7500000e+01;2.1545394e-01;1.7500000e+01;1.9050658e-01;1.7500000e+01;2.2938356e-01;1.7500000e+01;1.9575179e-01;1.7500000e+01;1.4548922e-01;1.7500000e+01;9.1351613e-02;1.7500000e+01;4.7091618e-02;1.7500000e+01;-1.5968308e-03;1.7500000e+01;-4.2896613e-02;1.7500000e+01;-8.5518450e-02;1.7500000e+01;-1.3221514e-01;1.7500000e+01;-7.6133907e-02;1.7500000e+01;-5.8825284e-02;1.7500000e+01;-1.3046958e-02;1.7500000e+01;5.1937934e-02;1.7500000e+01;1.3168229e-01;1.7500000e+01;2.0683214e-01;1.7500000e+01;2.3549825e-01;1.7500000e+01;2.1545394e-01;1.7500000e+01;1.9050658e-01;1.7500000e+01;2.2938356e-01;1.7500000e+01;1.9575179e-01;1.7500000e+01;1.4548922e-01;1.7500000e+01;9.1351613e-02;1.7500000e+01;4.7091618e-02;1.7500000e+01;-1.5968308e-03;1.7500000e+01;-4.2896613e-02;1.7500000e+01;-8.5518450e-02;1.7500000e+01;-1.3221514e-01;1.7500000e+01;-7.6133907e-02;1.7500000e+01;-5.8825284e-02;1.7500000e+01;-1.3046958e-02;1.7500000e+01;5.1937934e-02;1.7500000e+01;1.3168229e-01;1.7500000e+01;2.0683214e-01;1.7500000e+01;2.3549825e-01;1.7500000e+01;2.1545394e-01;1.7500000e+01;1.9050658e-01;1.7500000e+01;2.2938356e-01;1.7500000e+01;1.9575179e-01;1.7500000e+01;1.4548922e-01;1.7500000e+01;9.1351613e-02;1.7500000e+01;4.7091618e-02;1.7500000e+01;-1.5968308e-03;1.7500000e+01;-4.2896613e-02;1.7500000e+01;-8.5518450e-02;1.7500000e+01;-1.3221514e-01;1.7500000e+01;-7.6133907e-02;1.7500000e+01;-5.8825284e-02;1.7500000e+01;-1.3046958e-02;1.7500000e+01;5.1937934e-02;1.7500000e+01;1.3168229e-01;1.7500000e+01;2.0683214e-01;1.7500000e+01;2.3549825e-01;1.7500000e+01;2.1545394e-01;1.7500000e+01;1.9050658e-01;1.7500000e+01;2.2938356e-01;1.7500000e+01;1.9575179e-01;1.7500000e+01;1.4548922e-01;1.7500000e+01;9.1351613e-02;1.7500000e+01;4.7091618e-02;1.7500000e+01;-1.5968308e-03;1.7500000e+01;-4.2896613e-02;1.7500000e+01;-8.5518450e-02;1.7500000e+01;-1.3221514e-01;1.7500000e+01;-7.6133907e-02;1.7500000e+01;-5.8825284e-02;1.7500000e+01;-1.3046958e-02;1.7500000e+01;5.1937934e-02;1.7500000e+01;1.3168229e-01;1.7500000e+01;2.0683214e-01;1.7500000e+01;2.3549825e-01;1.7500000e+01;2.1545394e-01;1.7500000e+01;1.9050658e-01;1.7500000e+01;2.2938356e-01;1.7500000e+01;1.9575179e-01;1.7500000e+01;1.4548922e-01;1.7500000e+01;9.1351613e-02;1.7500000e+01;4.7091618e-02;1.7500000e+01;-1.5968308e-03;1.7500000e+01;-4.2896613e-02;1.7500000e+01;-8.5518450e-02;1.7500000e+01;-1.3221514e-01;1.7500000e+01;-7.6133907e-02;1.7500000e+01;-5.8825284e-02;1.7500000e+01;-1.3046958e-02;1.7500000e+01;5.1937934e-02;1.7500000e+01;1.3168229e-01;1.7500000e+01;2.0683214e-01;1.7500000e+01;2.3549825e-01;1.7500000e+01;2.1545394e-01;1.7500000e+01;1.9050658e-01;1.7500000e+01;2.2938356e-01;1.7500000e+01;1.9575179e-01;1.7500000e+01;1.4548922e-01;1.7500000e+01;9.1351613e-02;1.7500000e+01;4.7091618e-02;1.7500000e+01;-1.5968308e-03;1.7500000e+01;-4.2896613e-02;1.7500000e+01;-8.5518450e-02;1.7500000e+01;-1.3221514e-01;1.7500000e+01;-7.6133907e-02;1.7500000e+01;-5.8825284e-02;1.7500000e+01;-1.3046958e-02;1.7500000e+01;5.1937934e-02;1.7500000e+01;1.3168229e-01;1.7500000e+01;2.0683214e-01;1.7500000e+01;2.3549825e-01;1.7500000e+01;2.1545394e-01;1.7500000e+01;1.9050658e-01;1.7500000e+01;2.2938356e-01;1.7500000e+01;1.9575179e-01;1.7500000e+01;1.4548922e-01;1.7500000e+01;9.1351613e-02;1.7500000e+01;4.7091618e-02;1.7500000e+01;-1.5968308e-03;1.7500000e+01;-4.2896613e-02;1.7500000e+01;-8.5518450e-02;1.7500000e+01;-1.3221514e-01;1.7500000e+01;-7.6133907e-02;1.7500000e+01;-5.8825284e-02;1.7500000e+01;-1.3046958e-02;1.7500000e+01;5.1937934e-02;1.7500000e+01;1.3168229e-01;1.7500000e+01;2.0683214e-01;1.7500000e+01;2.3549825e-01;1.7500000e+01;2.1545394e-01;1.7500000e+01;1.9050658e-01;1.7500000e+01;2.2938356e-01;1.7500000e+01;1.9575179e-01;1.7500000e+01;1.4548922e-01;1.7500000e+01;9.1351613e-02;1.7500000e+01;4.7091618e-02;1.7500000e+01;-1.5968308e-03;1.7500000e+01;-4.2896613e-02;1.7500000e+01;-8.5518450e-02;1.7500000e+01;-1.3221514e-01;1.7500000e+01;-7.6133907e-02;1.7500000e+01;-5.8825284e-02;1.7500000e+01;-1.3046958e-02;1.7500000e+01;5.1937934e-02;1.7500000e+01;1.3168229e-01;1.7500000e+01;2.0683214e-01;1.7500000e+01;2.3549825e-01;1.7500000e+01;2.1545394e-01;1.7500000e+01;1.9050658e-01;1.7500000e+01;2.2938356e-01;1.7500000e+01;1.9575179e-01;1.7500000e+01;1.4548922e-01;1.7500000e+01;9.1351613e-02;1.7500000e+01;4.7091618e-02;1.7500000e+01;-1.5968308e-03;1.7500000e+01;-4.2896613e-02;1.7500000e+01;-8.5518450e-02;1.7500000e+01;-1.3221514e-01;1.7500000e+01;-7.6133907e-02;1.7500000e+01;-5.8825284e-02;1.7500000e+01;-1.3046958e-02;1.7500000e+01;5.1937934e-02;1.7500000e+01;1.3168229e-01;1.7500000e+01;2.0683214e-01;1.7500000e+01;2.3549825e-01;1.7500000e+01;2.1545394e-01;1.7500000e+01;1.9050658e-01;1.7500000e+01;2.2938356e-01;1.7500000e+01;1.9575179e-01;1.7500000e+01;1.4548922e-01;1.7500000e+01;9.1351613e-02;1.7500000e+01;4.7091618e-02;1.7500000e+01;-1.5968308e-03;1.7500000e+01;-4.2896613e-02;1.7500000e+01;-8.5518450e-02;1.7500000e+01;-1.3221514e-01;1.7500000e+01;-7.6133907e-02;1.7500000e+01;-5.8825284e-02;1.7500000e+01;-1.3046958e-02;1.7500000e+01;5.1937934e-02;1.7500000e+01;1.3168229e-01;1.7500000e+01;2.0683214e-01;1.7500000e+01;2.3549825e-01;1.7500000e+01;2.1545394e-01;1.7500000e+01;1.9050658e-01;1.7500000e+01;2.2938356e-01;1.7500000e+01;1.9575179e-01;1.7500000e+01;1.4548922e-01;1.7500000e+01;9.1351613e-02;1.7500000e+01;4.7091618e-02;1.7500000e+01;-1.5968308e-03;1.7500000e+01;-4.2896613e-02;1.7500000e+01;-8.5518450e-02;1.7500000e+01;-1.3221514e-01;1.7500000e+01;-7.6133907e-02;1.7500000e+01;-5.8825284e-02;1.7500000e+01;-1.3046958e-02;1.7500000e+01;5.1937934e-02;1.7500000e+01;1.3168229e-01;1.7500000e+01;2.0683214e-01;1.7500000e+01;2.3549825e-01;1.7500000e+01;2.1545394e-01;1.7500000e+01;1.9050658e-01;1.7500000e+01;2.2938356e-01;1.7500000e+01;1.9575179e-01;1.7500000e+01;1.4548922e-01;1.7500000e+01;9.1351613e-02;1.7500000e+01;4.7091618e-02;1.7500000e+01;-1.5968308e-03;1.7500000e+01;-4.2896613e-02;1.7500000e+01;-8.5518450e-02;1.7500000e+01;-1.3221514e-01;1.7500000e+01;-7.6133907e-02;1.7500000e+01;-5.8825284e-02;1.7500000e+01;-1.3046958e-02;1.7500000e+01;5.1937934e-02;1.7500000e+01;1.3168229e-01;1.7500000e+01;2.0683214e-01;1.7500000e+01;2.3549825e-01;1.7500000e+01;2.1545394e-01;1.7500000e+01;1.9050658e-01;1.7500000e+01;2.2938356e-01;1.7500000e+01;1.9575179e-01;1.7500000e+01;1.4548922e-01;1.7500000e+01;9.1351613e-02;1.7500000e+01;4.7091618e-02;1.7500000e+01;-1.5968308e-03;1.7500000e+01;-4.2896613e-02;1.7500000e+01;-8.5518450e-02;1.7500000e+01;-1.3221514e-01;1.7500000e+01;-7.6133907e-02;1.7500000e+01;-5.8825284e-02;1.7500000e+01;-1.3046958e-02;1.7500000e+01;5.1937934e-02;1.7500000e+01;1.3168229e-01;1.7500000e+01;2.0683214e-01;1.7500000e+01;2.3549825e-01;1.7500000e+01;2.1545394e-01;1.7500000e+01;1.9050658e-01;1.7500000e+01;2.2938356e-01;1.7500000e+01;1.9575179e-01;1.7500000e+01;1.4548922e-01;1.7500000e+01;9.1351613e-02;1.7500000e+01;4.7091618e-02;1.7500000e+01;-1.5968308e-03;1.7500000e+01;-4.2896613e-02;1.7500000e+01;-8.5518450e-02;1.7500000e+01;-1.3221514e-01;1.7500000e+01;-7.6133907e-02;1.7500000e+01;-5.8825284e-02;1.7500000e+01;-1.3046958e-02;1.7500000e+01;5.1937934e-02;1.7500000e+01;1.3168229e-01;1.7500000e+01;2.0683214e-01;1.7500000e+01;2.3549825e-01;1.7500000e+01;2.1545394e-01;1.7500000e+01;1.9050658e-01;1.7500000e+01;2.2938356e-01;1.7500000e+01;1.9575179e-01;1.7500000e+01;1.4548922e-01;1.7500000e+01;9.1351613e-02;1.7500000e+01;4.7091618e-02;1.7500000e+01;-1.5968308e-03;1.7500000e+01;-4.2896613e-02;1.7500000e+01;-8.5518450e-02;1.7500000e+01;-1.3221514e-01;1.7500000e+01;-7.6133907e-02;1.7500000e+01;-5.8825284e-02;1.7500000e+01;-1.3046958e-02;1.7500000e+01;5.1937934e-02;1.7500000e+01;1.3168229e-01;1.7500000e+01;2.0683214e-01;1.7500000e+01;2.3549825e-01;1.7500000e+01;2.1545394e-01;1.7500000e+01;1.9050658e-01;1.7500000e+01;2.2938356e-01;1.7500000e+01;1.9575179e-01;1.7500000e+01;1.4548922e-01;1.7500000e+01;9.1351613e-02;1.7500000e+01;4.7091618e-02;1.7500000e+01;-1.5968308e-03;1.7500000e+01;-4.2896613e-02;1.7500000e+01;-8.5518450e-02;1.7500000e+01;-1.3221514e-01;1.7500000e+01;-7.6133907e-02;1.7500000e+01;-5.8825284e-02;1.7500000e+01;-1.3046958e-02;1.7500000e+01;5.1937934e-02;1.7500000e+01;1.3168229e-01;1.7500000e+01;2.0683214e-01;1.7500000e+01;2.3549825e-01;1.7500000e+01;2.1545394e-01;1.7500000e+01;1.9050658e-01;1.7500000e+01;2.2938356e-01;1.7500000e+01;1.9575179e-01;1.7500000e+01;1.4548922e-01;1.7500000e+01;9.1351613e-02;1.7500000e+01;4.7091618e-02;1.7500000e+01;-1.5968308e-03;1.7500000e+01;-4.2896613e-02;1.7500000e+01;-8.5518450e-02;1.7500000e+01;-1.3221514e-01;1.7500000e+01;-7.6133907e-02;1.7500000e+01;-5.8825284e-02;1.7500000e+01;-1.3046958e-02;1.7500000e+01;5.1937934e-02;1.7500000e+01;1.3168229e-01;1.7500000e+01;2.0683214e-01;1.7500000e+01;2.3549825e-01;1.7500000e+01;2.1545394e-01;1.7500000e+01;1.9050658e-01;1.7500000e+01;2.2938356e-01;1.7500000e+01;1.9575179e-01;1.7500000e+01;1.4548922e-01;1.7500000e+01;9.1351613e-02;1.7500000e+01;4.7091618e-02;1.7500000e+01;-1.5968308e-03;1.7500000e+01;-4.2896613e-02;1.7500000e+01;-8.5518450e-02;1.7500000e+01;-1.3221514e-01;1.7500000e+01;-7.6133907e-02;1.7500000e+01;-5.8825284e-02;1.7500000e+01;-1.3046958e-02;1.7500000e+01;5.1937934e-02;1.7500000e+01;1.3168229e-01;1.7500000e+01;2.0683214e-01;1.7500000e+01;2.3549825e-01;1.7500000e+01;2.1545394e-01;1.7500000e+01;1.9050658e-01;1.7500000e+01;2.2938356e-01;1.7500000e+01;1.9575179e-01;1.7500000e+01;1.4548922e-01;1.7500000e+01;9.1351613e-02;1.7500000e+01;4.7091618e-02;1.7500000e+01;-1.5968308e-03;1.7500000e+01;-4.2896613e-02;1.7500000e+01;-8.5518450e-02;1.7500000e+01;-1.3221514e-01;1.7500000e+01;-7.6133907e-02;1.7500000e+01;-5.8825284e-02;1.7500000e+01;-1.3046958e-02;1.7500000e+01;5.1937934e-02;1.7500000e+01;1.3168229e-01;1.7500000e+01;2.0683214e-01;1.7500000e+01;2.3549825e-01;1.7500000e+01;2.1545394e-01;1.7500000e+01;1.9050658e-01;1.7500000e+01;2.2938356e-01;1.7500000e+01;1.9575179e-01;1.7500000e+01;1.4548922e-01;1.7500000e+01;9.1351613e-02;1.7500000e+01;4.7091618e-02;1.7500000e+01;-1.5968308e-03;1.7500000e+01;-4.2896613e-02;1.7500000e+01;-8.5518450e-02;1.7500000e+01;-1.3221514e-01;1.7500000e+01;-7.6133907e-02;1.7500000e+01;-5.8825284e-02;1.7500000e+01;-1.3046958e-02;1.7500000e+01;5.1937934e-02;1.7500000e+01;1.3168229e-01;1.7500000e+01;2.0683214e-01;1.7500000e+01;2.3549825e-01;1.7500000e+01;2.1545394e-01;1.7500000e+01;1.9050658e-01;1.7500000e+01;2.2938356e-01;1.7500000e+01;1.9575179e-01;1.7500000e+01;1.4548922e-01;1.7500000e+01;9.1351613e-02;1.7500000e+01;4.7091618e-02;1.7500000e+01;-1.5968308e-03;1.7500000e+01;-4.2896613e-02;1.7500000e+01;-8.5518450e-02;1.7500000e+01;-1.3221514e-01;1.7500000e+01;-7.6133907e-02;1.7500000e+01;-5.8825284e-02;1.7500000e+01;-1.3046958e-02;1.7500000e+01;5.1937934e-02;1.7500000e+01;1.3168229e-01;1.7500000e+01;2.0683214e-01;1.7500000e+01;2.3549825e-01;1.7500000e+01;2.1545394e-01;1.7500000e+01;1.9050658e-01;1.7500000e+01;2.2938356e-01;1.7500000e+01;1.9575179e-01;1.7500000e+01;1.4548922e-01;1.7500000e+01;9.1351613e-02;1.7500000e+01;4.7091618e-02;1.7500000e+01;-1.5968308e-03;1.7500000e+01;-4.2896613e-02;1.7500000e+01;-8.5518450e-02;1.7500000e+01;-1.3221514e-01;1.7500000e+01;-7.6133907e-02;1.7500000e+01;-5.8825284e-02;1.7500000e+01;-1.3046958e-02;1.7500000e+01;5.1937934e-02;1.7500000e+01;1.3168229e-01;1.7500000e+01;2.0683214e-01;1.7500000e+01;2.3549825e-01;1.7500000e+01;2.1545394e-01;1.7500000e+01;1.9050658e-01;1.7500000e+01;2.2938356e-01;1.7500000e+01;1.9575179e-01;1.7500000e+01;1.4548922e-01;1.7500000e+01;9.1351613e-02;1.7500000e+01;4.7091618e-02;1.7500000e+01;-1.5968308e-03;1.7500000e+01;-4.2896613e-02;1.7500000e+01;-8.5518450e-02;1.7500000e+01;-1.3221514e-01;1.7500000e+01;-7.6133907e-02;1.7500000e+01;-5.8825284e-02;1.7500000e+01;-1.3046958e-02;1.7500000e+01;5.1937934e-02;1.7500000e+01;1.3168229e-01;1.7500000e+01;2.0683214e-01;1.7500000e+01;2.3549825e-01;1.7500000e+01;2.1545394e-01;1.7500000e+01;1.9050658e-01;1.7500000e+01;2.2938356e-01;1.7500000e+01;1.9575179e-01;1.7500000e+01;1.4548922e-01;1.7500000e+01;9.1351613e-02;1.7500000e+01;4.7091618e-02;1.7500000e+01;-1.5968308e-03;1.7500000e+01;-4.2896613e-02;1.7500000e+01;-8.5518450e-02;1.7500000e+01;-1.3221514e-01;1.7500000e+01;-7.6133907e-02;1.7500000e+01;-5.8825284e-02;1.7500000e+01;-1.3046958e-02;1.7500000e+01;5.1937934e-02;1.7500000e+01;1.3168229e-01;1.7500000e+01;2.0683214e-01;1.7500000e+01;2.3549825e-01;1.7500000e+01;2.1545394e-01;1.7500000e+01;1.9050658e-01;1.7500000e+01;2.2938356e-01;1.7500000e+01;1.9575179e-01;1.7500000e+01;1.4548922e-01;1.7500000e+01;9.1351613e-02;1.7500000e+01;4.7091618e-02;1.7500000e+01;-1.5968308e-03;1.7500000e+01;-4.2896613e-02;1.7500000e+01;-8.5518450e-02;1.7500000e+01;-1.3221514e-01;1.7500000e+01;-7.6133907e-02;1.7500000e+01;-5.8825284e-02;1.7500000e+01;-1.3046958e-02;1.7500000e+01;5.1937934e-02;1.7500000e+01;1.3168229e-01;1.7500000e+01;2.0683214e-01;1.7500000e+01;2.3549825e-01;1.7500000e+01;2.1545394e-01;1.7500000e+01;1.9050658e-01;1.7500000e+01;2.2938356e-01;1.7500000e+01;1.9575179e-01;1.7500000e+01;1.4548922e-01;1.7500000e+01;9.1351613e-02;1.7500000e+01;4.7091618e-02;1.7500000e+01;-1.5968308e-03;1.7500000e+01;-4.2896613e-02;1.7500000e+01;-8.5518450e-02;1.7500000e+01;-1.3221514e-01;1.7500000e+01;-7.6133907e-02;1.7500000e+01;-5.8825284e-02;1.7500000e+01;-1.3046958e-02;1.7500000e+01;5.1937934e-02;1.7500000e+01;1.3168229e-01;1.7500000e+01;2.0683214e-01;1.7500000e+01;2.3549825e-01;1.7500000e+01;2.1545394e-01;1.7500000e+01;1.9050658e-01;1.7500000e+01;2.2938356e-01;1.7500000e+01;1.9575179e-01;1.7500000e+01;1.4548922e-01;1.7500000e+01;9.1351613e-02;1.7500000e+01;4.7091618e-02;1.7500000e+01;-1.5968308e-03;1.7500000e+01;-4.2896613e-02;1.7500000e+01;-8.5518450e-02;1.7500000e+01;-1.3221514e-01;1.7500000e+01;-7.6133907e-02;1.7500000e+01;-5.8825284e-02;1.7500000e+01;-1.3046958e-02;1.7500000e+01;5.1937934e-02;1.7500000e+01;1.3168229e-01;1.7500000e+01;2.0683214e-01;1.7500000e+01;2.3549825e-01;1.7500000e+01;2.1545394e-01;1.7500000e+01;1.9050658e-01;1.7500000e+01;2.2938356e-01;1.7500000e+01;1.9575179e-01;1.7500000e+01;1.4548922e-01;1.7500000e+01;9.1351613e-02;1.7500000e+01;4.7091618e-02;1.7500000e+01;-1.5968308e-03;1.7500000e+01;-4.2896613e-02;1.7500000e+01;-8.5518450e-02;1.7500000e+01;-1.3221514e-01;1.7500000e+01;-7.6133907e-02;1.7500000e+01;-5.8825284e-02;1.7500000e+01;-1.3046958e-02;1.7500000e+01;5.1937934e-02;1.7500000e+01;1.3168229e-01;1.7500000e+01;2.0683214e-01;1.7500000e+01;2.3549825e-01;1.7500000e+01;2.1545394e-01;1.7500000e+01;1.9050658e-01;1.7500000e+01;2.2938356e-01;1.7500000e+01;1.9575179e-01;1.7500000e+01;1.4548922e-01;1.7500000e+01;9.1351613e-02;1.7500000e+01;4.7091618e-02;1.7500000e+01;-1.5968308e-03;1.7500000e+01;-4.2896613e-02;1.7500000e+01;-8.5518450e-02;1.7500000e+01;-1.3221514e-01;1.7500000e+01;-7.6133907e-02;1.7500000e+01;-5.8825284e-02;1.7500000e+01;-1.3046958e-02;1.7500000e+01;5.1937934e-02;1.7500000e+01;1.3168229e-01;1.7500000e+01;2.0683214e-01;1.7500000e+01;2.3549825e-01;1.7500000e+01;2.1545394e-01;1.7500000e+01;1.9050658e-01;1.7500000e+01;2.2938356e-01;1.7500000e+01;1.9575179e-01;1.7500000e+01;1.4548922e-01;1.7500000e+01;9.1351613e-02;1.7500000e+01;4.7091618e-02;1.7500000e+01;-1.5968308e-03;1.7500000e+01;-4.2896613e-02;1.7500000e+01;-8.5518450e-02;1.7500000e+01;-1.3221514e-01;1.7500000e+01;-7.6133907e-02;1.7500000e+01;-5.8825284e-02;1.7500000e+01;-1.3046958e-02;1.7500000e+01;5.1937934e-02;1.7500000e+01;1.3168229e-01;1.7500000e+01;2.0683214e-01;1.7500000e+01;2.3549825e-01;1.7500000e+01;2.1545394e-01;1.7500000e+01;1.9050658e-01;1.7500000e+01;2.2938356e-01;1.7500000e+01;1.9575179e-01;1.7500000e+01;1.4548922e-01;1.7500000e+01;9.1351613e-02;1.7500000e+01;4.7091618e-02;1.7500000e+01;-1.5968308e-03;1.7500000e+01;-4.2896613e-02;1.7500000e+01;-8.5518450e-02;1.7500000e+01;-1.3221514e-01;1.7500000e+01;-7.6133907e-02;1.7500000e+01;-5.8825284e-02;1.7500000e+01;-1.3046958e-02;1.7500000e+01;5.1937934e-02;1.7500000e+01;1.3168229e-01;1.7500000e+01;2.0683214e-01;1.7500000e+01;2.3549825e-01;1.7500000e+01;2.1545394e-01;1.7500000e+01;1.9050658e-01;1.7500000e+01;2.2938356e-01;1.7500000e+01;1.9575179e-01;1.7500000e+01;1.4548922e-01;1.7500000e+01;9.1351613e-02;1.7500000e+01;4.7091618e-02;1.7500000e+01;-1.5968308e-03;1.7500000e+01;-4.2896613e-02;1.7500000e+01;-8.5518450e-02;1.7500000e+01;-1.3221514e-01;1.7500000e+01;-7.6133907e-02;1.7500000e+01;-5.8825284e-02;1.7500000e+01;-1.3046958e-02;1.7500000e+01;5.1937934e-02;1.7500000e+01;1.3168229e-01;1.7500000e+01;2.0683214e-01;1.7500000e+01;2.3549825e-01;1.7500000e+01;2.1545394e-01;1.7500000e+01;1.9050658e-01;1.7500000e+01;2.2938356e-01;1.7500000e+01;1.9575179e-01;1.7500000e+01;1.4548922e-01;1.7500000e+01;9.1351613e-02;1.7500000e+01;4.7091618e-02;1.7500000e+01;-1.5968308e-03;1.7500000e+01;-4.2896613e-02;1.7500000e+01;-8.5518450e-02;1.7500000e+01;-1.3221514e-01;1.7500000e+01;-7.6133907e-02;1.7500000e+01;-5.8825284e-02;1.7500000e+01;-1.3046958e-02;1.7500000e+01;5.1937934e-02;1.7500000e+01;1.3168229e-01;1.7500000e+01;2.0683214e-01;1.7500000e+01;2.3549825e-01;1.7500000e+01;2.1545394e-01;1.7500000e+01;1.9050658e-01;1.7500000e+01;2.2938356e-01;1.7500000e+01;1.9575179e-01;1.7500000e+01;1.4548922e-01;1.7500000e+01;9.1351613e-02;1.7500000e+01;4.7091618e-02;1.7500000e+01;-1.5968308e-03;1.7500000e+01;-4.2896613e-02;1.7500000e+01;-8.5518450e-02;1.7500000e+01;-1.3221514e-01;1.7500000e+01;-7.6133907e-02;1.7500000e+01;-5.8825284e-02;1.7500000e+01;-1.3046958e-02;1.7500000e+01;5.1937934e-02;1.7500000e+01;1.3168229e-01;1.7500000e+01;2.0683214e-01;1.7500000e+01;2.3549825e-01;1.7500000e+01;2.1545394e-01;1.7500000e+01;1.9050658e-01;1.7500000e+01;2.2938356e-01;1.7500000e+01;1.9575179e-01;1.7500000e+01;1.4548922e-01;1.7500000e+01;9.1351613e-02;1.7500000e+01;4.7091618e-02;1.7500000e+01;-1.5968308e-03;1.7500000e+01;-4.2896613e-02;1.7500000e+01;-8.5518450e-02;1.7500000e+01;-1.3221514e-01;1.7500000e+01;-7.6133907e-02;1.7500000e+01;-5.8825284e-02;1.7500000e+01;-1.3046958e-02;1.7500000e+01;5.1937934e-02;1.7500000e+01;1.3168229e-01;1.7500000e+01;2.0683214e-01;1.7500000e+01;2.3549825e-01;1.7500000e+01;2.1545394e-01;1.7500000e+01;1.9050658e-01;1.7500000e+01;2.2938356e-01;1.7500000e+01;1.9575179e-01;1.7500000e+01;1.4548922e-01;1.7500000e+01;9.1351613e-02;1.7500000e+01;4.7091618e-02;1.7500000e+01;-1.5968308e-03;1.7500000e+01;-4.2896613e-02;1.7500000e+01;-8.5518450e-02;1.7500000e+01;-1.3221514e-01;1.7500000e+01;-7.6133907e-02;1.7500000e+01;-5.8825284e-02;1.7500000e+01;-1.3046958e-02;1.7500000e+01;5.1937934e-02;1.7500000e+01;1.3168229e-01;1.7500000e+01;2.0683214e-01;1.7500000e+01;2.3549825e-01;1.7500000e+01;2.1545394e-01;1.7500000e+01;1.9050658e-01;1.7500000e+01;2.2938356e-01;1.7500000e+01;1.9575179e-01;1.7500000e+01;1.4548922e-01;1.7500000e+01;9.1351613e-02;1.7500000e+01;4.7091618e-02;1.7500000e+01;-1.5968308e-03;1.7500000e+01;-4.2896613e-02;1.7500000e+01;-8.5518450e-02;1.7500000e+01;-1.3221514e-01;1.7500000e+01;-7.6133907e-02;1.7500000e+01;-5.8825284e-02;1.7500000e+01;-1.3046958e-02;1.7500000e+01;5.1937934e-02;1.7500000e+01;1.3168229e-01;1.7500000e+01;2.0683214e-01;1.7500000e+01;2.3549825e-01;1.7500000e+01;2.1545394e-01;1.7500000e+01;1.9050658e-01;1.7500000e+01;2.2938356e-01;1.7500000e+01;1.9575179e-01;1.7500000e+01;1.4548922e-01;1.7500000e+01;9.1351613e-02;1.7500000e+01;4.7091618e-02;1.7500000e+01;-1.5968308e-03;1.7500000e+01;-4.2896613e-02;1.7500000e+01;-8.5518450e-02;1.7500000e+01;-1.3221514e-01;1.7500000e+01;-7.6133907e-02;1.7500000e+01;-5.8825284e-02;1.7500000e+01;-1.3046958e-02;1.7500000e+01;5.1937934e-02;1.7500000e+01;1.3168229e-01;1.7500000e+01;2.0683214e-01;1.7500000e+01;2.3549825e-01;1.7500000e+01;2.1545394e-01;1.7500000e+01;1.9050658e-01;1.7500000e+01;2.2938356e-01;1.7500000e+01;1.9575179e-01;1.7500000e+01;1.4548922e-01;1.7500000e+01;9.1351613e-02;1.7500000e+01;4.7091618e-02;1.7500000e+01;-1.5968308e-03;1.7500000e+01;-4.2896613e-02;1.7500000e+01;-8.5518450e-02;1.7500000e+01;-1.3221514e-01;1.7500000e+01;-7.6133907e-02;1.7500000e+01;-5.8825284e-02;1.7500000e+01;-1.3046958e-02;1.7500000e+01;5.1937934e-02;1.7500000e+01;1.3168229e-01;1.7500000e+01;2.0683214e-01;1.7500000e+01;2.3549825e-01;1.7500000e+01;2.1545394e-01;1.7500000e+01;1.9050658e-01;1.7500000e+01;2.2938356e-01;1.7500000e+01;1.9575179e-01;1.7500000e+01;1.4548922e-01;1.7500000e+01;9.1351613e-02;1.7500000e+01;4.7091618e-02;1.7500000e+01;-1.5968308e-03;1.7500000e+01;-4.2896613e-02;1.7500000e+01;-8.5518450e-02;1.7500000e+01;-1.3221514e-01;1.7500000e+01;-7.6133907e-02;1.7500000e+01;-5.8825284e-02;1.7500000e+01;-1.3046958e-02;1.7500000e+01;5.1937934e-02;1.7500000e+01;1.3168229e-01;1.7500000e+01;2.0683214e-01;1.7500000e+01;2.3549825e-01;1.7500000e+01;2.1545394e-01;1.7500000e+01;1.9050658e-01;1.7500000e+01;2.2938356e-01;1.7500000e+01;1.9575179e-01;1.7500000e+01;1.4548922e-01;1.7500000e+01;9.1351613e-02;1.7500000e+01;4.7091618e-02;1.7500000e+01;-1.5968308e-03;1.7500000e+01;-4.2896613e-02;1.7500000e+01;-8.5518450e-02;1.7500000e+01;-1.3221514e-01;1.7500000e+01;-7.6133907e-02;1.7500000e+01;-5.8825284e-02;1.7500000e+01;-1.3046958e-02;1.7500000e+01;5.1937934e-02;1.7500000e+01;1.3168229e-01;1.7500000e+01;2.0683214e-01;1.7500000e+01;2.3549825e-01;1.7500000e+01;2.1545394e-01;1.7500000e+01;1.9050658e-01;1.7500000e+01;2.2938356e-01;1.7500000e+01;1.9575179e-01;1.7500000e+01;1.4548922e-01;1.7500000e+01;9.1351613e-02;1.7500000e+01;4.7091618e-02;1.7500000e+01;-1.5968308e-03;1.7500000e+01;-4.2896613e-02;1.7500000e+01;-8.5518450e-02;1.7500000e+01;-1.3221514e-01;1.7500000e+01;-7.6133907e-02;1.7500000e+01;-5.8825284e-02;1.7500000e+01;-1.3046958e-02;1.7500000e+01;5.1937934e-02;1.7500000e+01;1.3168229e-01;1.7500000e+01;2.0683214e-01;1.7500000e+01;2.3549825e-01;1.7500000e+01;2.1545394e-01;1.7500000e+01;1.9050658e-01;1.7500000e+01;2.2938356e-01;1.7500000e+01;1.9575179e-01;1.7500000e+01;1.4548922e-01;1.7500000e+01;9.1351613e-02;1.7500000e+01;4.7091618e-02;1.7500000e+01;-1.5968308e-03;1.7500000e+01;-4.2896613e-02;1.7500000e+01;-8.5518450e-02;1.7500000e+01;-1.3221514e-01;1.7500000e+01;-7.6133907e-02;1.7500000e+01;-5.8825284e-02;1.7500000e+01;-1.3046958e-02;1.7500000e+01;5.1937934e-02;1.7500000e+01;1.3168229e-01;1.7500000e+01;2.0683214e-01;1.7500000e+01;2.3549825e-01;1.7500000e+01;2.1545394e-01;1.7500000e+01;1.9050658e-01;1.7500000e+01;2.2938356e-01;1.7500000e+01;1.9575179e-01;1.7500000e+01;1.4548922e-01;1.7500000e+01;9.1351613e-02;1.7500000e+01;4.7091618e-02;1.7500000e+01;-1.5968308e-03;1.7500000e+01;-4.2896613e-02;1.7500000e+01;-8.5518450e-02;1.7500000e+01;-1.3221514e-01;1.7500000e+01;-7.6133907e-02;1.7500000e+01;-5.8825284e-02;1.7500000e+01;-1.3046958e-02;1.7500000e+01;5.1937934e-02;1.7500000e+01;1.3168229e-01;1.7500000e+01;2.0683214e-01;1.7500000e+01;2.3549825e-01;1.7500000e+01;2.1545394e-01;1.7500000e+01;1.9050658e-01;1.7500000e+01;2.2938356e-01;1.7500000e+01;1.9575179e-01;1.7500000e+01;1.4548922e-01;1.7500000e+01;9.1351613e-02;1.7500000e+01;4.7091618e-02;1.7500000e+01;-1.5968308e-03;1.7500000e+01;-4.2896613e-02;1.7500000e+01;-8.5518450e-02;1.7500000e+01;-1.3221514e-01;1.7500000e+01;-7.6133907e-02;1.7500000e+01;-5.8825284e-02;1.7500000e+01;-1.3046958e-02;1.7500000e+01;5.1937934e-02;1.7500000e+01;1.3168229e-01;1.7500000e+01;2.0683214e-01;1.7500000e+01;2.3549825e-01;1.7500000e+01;2.1545394e-01;1.7500000e+01;1.9050658e-01;1.7500000e+01;2.2938356e-01;1.7500000e+01;1.9575179e-01;1.7500000e+01;1.4548922e-01;1.7500000e+01;9.1351613e-02;1.7500000e+01;4.7091618e-02;1.7500000e+01;-1.5968308e-03;1.7500000e+01;-4.2896613e-02;1.7500000e+01;-8.5518450e-02;1.7500000e+01;-1.3221514e-01;1.7500000e+01;-7.6133907e-02;1.7500000e+01;-5.8825284e-02;1.7500000e+01;-1.3046958e-02;1.7500000e+01;5.1937934e-02;1.7500000e+01;1.3168229e-01;1.7500000e+01;2.0683214e-01;1.7500000e+01;2.3549825e-01;1.7500000e+01;2.1545394e-01;1.7500000e+01;1.9050658e-01;1.7500000e+01;2.2938356e-01;1.7500000e+01;1.9575179e-01;1.7500000e+01;1.4548922e-01;1.7500000e+01;9.1351613e-02;1.7500000e+01;4.7091618e-02;1.7500000e+01;-1.5968308e-03;1.7500000e+01;-4.2896613e-02;1.7500000e+01;-8.5518450e-02;1.7500000e+01;-1.3221514e-01;1.7500000e+01;-7.6133907e-02;1.7500000e+01;-5.8825284e-02;1.7500000e+01;-1.3046958e-02;1.7500000e+01;5.1937934e-02;1.7500000e+01;1.3168229e-01;1.7500000e+01;2.0683214e-01;1.7500000e+01;2.3549825e-01;1.7500000e+01;2.1545394e-01;1.7500000e+01;1.9050658e-01;1.7500000e+01;2.2938356e-01;1.7500000e+01;1.9575179e-01;1.7500000e+01;1.4548922e-01;1.7500000e+01;9.1351613e-02;1.7500000e+01;4.7091618e-02;1.7500000e+01;-1.5968308e-03;1.7500000e+01;-4.2896613e-02;1.7500000e+01;-8.5518450e-02;1.7500000e+01;-1.3221514e-01;1.7500000e+01;-7.6133907e-02;1.7500000e+01;-5.8825284e-02;1.7500000e+01;-1.3046958e-02;1.7500000e+01;5.1937934e-02;1.7500000e+01;1.3168229e-01;1.7500000e+01;2.0683214e-01;1.7500000e+01;2.3549825e-01;1.7500000e+01;2.1545394e-01;1.7500000e+01;1.9050658e-01;1.7500000e+01;2.2938356e-01;1.7500000e+01;1.9575179e-01;1.7500000e+01;1.4548922e-01;1.7500000e+01;9.1351613e-02;1.7500000e+01;4.7091618e-02;1.7500000e+01;-1.5968308e-03;1.7500000e+01;-4.2896613e-02;1.7500000e+01;-8.5518450e-02;1.7500000e+01;-1.3221514e-01;1.7500000e+01;-7.6133907e-02;1.7500000e+01;-5.8825284e-02;1.7500000e+01;-1.3046958e-02;1.7500000e+01;5.1937934e-02;1.7500000e+01;1.3168229e-01;1.7500000e+01;2.0683214e-01;1.7500000e+01;2.3549825e-01;1.7500000e+01;2.1545394e-01;1.7500000e+01;1.9050658e-01;1.7500000e+01;2.2938356e-01;1.7500000e+01;1.9575179e-01;1.7500000e+01;1.4548922e-01;1.7500000e+01;9.1351613e-02;1.7500000e+01;4.7091618e-02;1.7500000e+01;-1.5968308e-03;1.7500000e+01;-4.2896613e-02;1.7500000e+01;-8.5518450e-02;1.7500000e+01;-1.3221514e-01;1.7500000e+01;-7.6133907e-02;1.7500000e+01;-5.8825284e-02;1.7500000e+01;-1.3046958e-02;1.7500000e+01;5.1937934e-02;1.7500000e+01;1.3168229e-01;1.7500000e+01;2.0683214e-01;1.7500000e+01;2.3549825e-01;1.7500000e+01;2.1545394e-01;1.7500000e+01;1.9050658e-01;1.7500000e+01;2.2938356e-01;1.7500000e+01;1.9575179e-01;1.7500000e+01;1.4548922e-01;1.7500000e+01;9.1351613e-02;1.7500000e+01;4.7091618e-02;1.7500000e+01;-1.5968308e-03;1.7500000e+01;-4.2896613e-02;1.7500000e+01;-8.5518450e-02;1.7500000e+01;-1.3221514e-01;1.7500000e+01;-7.6133907e-02;1.7500000e+01;-5.8825284e-02;1.7500000e+01;-1.3046958e-02;1.7500000e+01;5.1937934e-02;1.7500000e+01;1.3168229e-01;1.7500000e+01;2.0683214e-01;1.7500000e+01;2.3549825e-01;1.7500000e+01;2.1545394e-01;1.7500000e+01;1.9050658e-01;1.7500000e+01;2.2938356e-01;1.7500000e+01;1.9575179e-01;1.7500000e+01;1.4548922e-01;1.7500000e+01;9.1351613e-02;1.7500000e+01;4.7091618e-02;1.7500000e+01;-1.5968308e-03;1.7500000e+01;-4.2896613e-02;1.7500000e+01;-8.5518450e-02;1.7500000e+01;-1.3221514e-01;1.7500000e+01;-7.6133907e-02;1.7500000e+01;-5.8825284e-02;1.7500000e+01;-1.3046958e-02;1.7500000e+01;5.1937934e-02;1.7500000e+01;1.3168229e-01;1.7500000e+01;2.0683214e-01;1.7500000e+01;2.3549825e-01;1.7500000e+01;2.1545394e-01;1.7500000e+01;1.9050658e-01;1.7500000e+01;2.2938356e-01;1.7500000e+01;1.9575179e-01;1.7500000e+01;1.4548922e-01;1.7500000e+01;9.1351613e-02;1.7500000e+01;4.7091618e-02;1.7500000e+01;-1.5968308e-03;1.7500000e+01;-4.2896613e-02;1.7500000e+01;-8.5518450e-02;1.7500000e+01;-1.3221514e-01;1.7500000e+01;-7.6133907e-02;1.7500000e+01;-5.8825284e-02;1.7500000e+01;-1.3046958e-02;1.7500000e+01;5.1937934e-02;1.7500000e+01;1.3168229e-01;1.7500000e+01;2.0683214e-01;1.7500000e+01;2.3549825e-01;1.7500000e+01;2.1545394e-01;1.7500000e+01;1.9050658e-01;1.7500000e+01;2.2938356e-01;1.7500000e+01;1.9575179e-01;1.7500000e+01;1.4548922e-01;1.7500000e+01;9.1351613e-02;1.7500000e+01;4.7091618e-02;1.7500000e+01;-1.5968308e-03;1.7500000e+01;-4.2896613e-02;1.7500000e+01;-8.5518450e-02;1.7500000e+01;-1.3221514e-01;1.7500000e+01;-7.6133907e-02;1.7500000e+01;-5.8825284e-02;1.7500000e+01;-1.3046958e-02;1.7500000e+01;5.1937934e-02;1.7500000e+01;1.3168229e-01;1.7500000e+01;2.0683214e-01;1.7500000e+01;2.3549825e-01;1.7500000e+01;2.1545394e-01;1.7500000e+01;1.9050658e-01;1.7500000e+01;2.2938356e-01;1.7500000e+01;1.9575179e-01;1.7500000e+01;1.4548922e-01;1.7500000e+01;9.1351613e-02;1.7500000e+01;4.7091618e-02;1.7500000e+01;-1.5968308e-03;1.7500000e+01;-4.2896613e-02;1.7500000e+01;-8.5518450e-02;1.7500000e+01;-1.3221514e-01;1.7500000e+01;-7.6133907e-02;1.7500000e+01;-5.8825284e-02;1.7500000e+01;-1.3046958e-02;1.7500000e+01;5.1937934e-02;1.7500000e+01;1.3168229e-01;1.7500000e+01;2.0683214e-01;1.7500000e+01;2.3549825e-01;1.7500000e+01;2.1545394e-01;1.7500000e+01;1.9050658e-01;1.7500000e+01;2.2938356e-01;1.7500000e+01;1.9575179e-01;1.7500000e+01;1.4548922e-01;1.7500000e+01;9.1351613e-02;1.7500000e+01;4.7091618e-02;1.7500000e+01;-1.5968308e-03;1.7500000e+01;-4.2896613e-02;1.7500000e+01;-8.5518450e-02;1.7500000e+01;-1.3221514e-01;1.7500000e+01;-7.6133907e-02;1.7500000e+01;-5.8825284e-02;1.7500000e+01;-1.3046958e-02;1.7500000e+01;5.1937934e-02;1.7500000e+01;1.3168229e-01;1.7500000e+01;2.0683214e-01;1.7500000e+01;2.3549825e-01;1.7500000e+01;2.1545394e-01;1.7500000e+01;1.9050658e-01;1.7500000e+01;2.2938356e-01;1.7500000e+01;1.9575179e-01;1.7500000e+01;1.4548922e-01;1.7500000e+01;9.1351613e-02;1.7500000e+01;4.7091618e-02;1.7500000e+01;-1.5968308e-03;1.7500000e+01;-4.2896613e-02;1.7500000e+01;-8.5518450e-02;1.7500000e+01;-1.3221514e-01;1.7500000e+01;-7.6133907e-02;1.7500000e+01;-5.8825284e-02;1.7500000e+01;-1.3046958e-02;1.7500000e+01;5.1937934e-02;1.7500000e+01;1.3168229e-01;1.7500000e+01;2.0683214e-01;1.7500000e+01;2.3549825e-01;1.7500000e+01;2.1545394e-01;1.7500000e+01;1.9050658e-01;1.7500000e+01;2.2938356e-01;1.7500000e+01;1.9575179e-01;1.7500000e+01;1.4548922e-01;1.7500000e+01;9.1351613e-02;1.7500000e+01;4.7091618e-02;1.7500000e+01;-1.5968308e-03;1.7500000e+01;-4.2896613e-02;1.7500000e+01;-8.5518450e-02;1.7500000e+01;-1.3221514e-01;1.7500000e+01;-7.6133907e-02;1.7500000e+01;-5.8825284e-02;1.7500000e+01;-1.3046958e-02;1.7500000e+01;5.1937934e-02;1.7500000e+01;1.3168229e-01;1.7500000e+01;2.0683214e-01;1.7500000e+01;2.3549825e-01;1.7500000e+01;2.1545394e-01;1.7500000e+01;1.9050658e-01;1.7500000e+01;2.2938356e-01;1.7500000e+01;1.9575179e-01;1.7500000e+01;1.4548922e-01;1.7500000e+01;9.1351613e-02;1.7500000e+01;4.7091618e-02;1.7500000e+01;-1.5968308e-03;1.7500000e+01;-4.2896613e-02;1.7500000e+01;-8.5518450e-02;1.7500000e+01;-1.3221514e-01;1.7500000e+01;-7.6133907e-02;1.7500000e+01;-5.8825284e-02;1.7500000e+01;-1.3046958e-02;1.7500000e+01;5.1937934e-02;1.7500000e+01;1.3168229e-01;1.7500000e+01;2.0683214e-01;1.7500000e+01;2.3549825e-01;1.7500000e+01;2.1545394e-01;1.7500000e+01;1.9050658e-01;1.7500000e+01;2.2938356e-01;1.7500000e+01;1.9575179e-01;1.7500000e+01;1.4548922e-01;1.7500000e+01;9.1351613e-02;1.7500000e+01;4.7091618e-02;1.7500000e+01;-1.5968308e-03;1.7500000e+01;-4.2896613e-02;1.7500000e+01;-8.5518450e-02;1.7500000e+01;-1.3221514e-01;1.7500000e+01;-7.6133907e-02;1.7500000e+01;-5.8825284e-02;1.7500000e+01;-1.3046958e-02;1.7500000e+01;5.1937934e-02;1.7500000e+01;1.3168229e-01;1.7500000e+01;2.0683214e-01;1.7500000e+01;2.3549825e-01;1.7500000e+01;2.1545394e-01;1.7500000e+01;1.9050658e-01;1.7500000e+01;2.2938356e-01;1.7500000e+01;1.9575179e-01;1.7500000e+01;1.4548922e-01;1.7500000e+01;9.1351613e-02;1.7500000e+01;4.7091618e-02;1.7500000e+01;-1.5968308e-03;1.7500000e+01;-4.2896613e-02;1.7500000e+01;-8.5518450e-02;1.7500000e+01;-1.3221514e-01;1.7500000e+01;-7.6133907e-02;1.7500000e+01;-5.8825284e-02;1.7500000e+01;-1.3046958e-02;1.7500000e+01;5.1937934e-02;1.7500000e+01;1.3168229e-01;1.7500000e+01;2.0683214e-01;1.7500000e+01;2.3549825e-01;1.7500000e+01;2.1545394e-01;1.7500000e+01;1.9050658e-01;1.7500000e+01;2.2938356e-01;1.7500000e+01;1.9575179e-01;1.7500000e+01;1.4548922e-01;1.7500000e+01;9.1351613e-02;1.7500000e+01;4.7091618e-02;1.7500000e+01;-1.5968308e-03;1.7500000e+01;-4.2896613e-02;1.7500000e+01;-8.5518450e-02;1.7500000e+01;-1.3221514e-01;1.7500000e+01;-7.6133907e-02;1.7500000e+01;-5.8825284e-02;1.7500000e+01;-1.3046958e-02;1.7500000e+01;5.1937934e-02;1.7500000e+01;1.3168229e-01;1.7500000e+01;2.0683214e-01;1.7500000e+01;2.3549825e-01;1.7500000e+01;2.1545394e-01;1.7500000e+01;1.9050658e-01;1.7500000e+01;2.2938356e-01;1.7500000e+01;1.9575179e-01;1.7500000e+01;1.4548922e-01;1.7500000e+01;9.1351613e-02;1.7500000e+01;4.7091618e-02;1.7500000e+01;-1.5968308e-03;1.7500000e+01;-4.2896613e-02;1.7500000e+01;-8.5518450e-02;1.7500000e+01;-1.3221514e-01;1.7500000e+01;-7.6133907e-02;1.7500000e+01;-5.8825284e-02;1.7500000e+01;-1.3046958e-02;1.7500000e+01;5.1937934e-02;1.7500000e+01;1.3168229e-01;1.7500000e+01;2.0683214e-01;1.7500000e+01;2.3549825e-01;1.7500000e+01;2.1545394e-01;1.7500000e+01;1.9050658e-01;1.7500000e+01;2.2938356e-01;1.7500000e+01;1.9575179e-01;1.7500000e+01;1.4548922e-01;1.7500000e+01;9.1351613e-02;1.7500000e+01;4.7091618e-02;1.7500000e+01;-1.5968308e-03;1.7500000e+01;-4.2896613e-02;1.7500000e+01;-8.5518450e-02;1.7500000e+01;-1.3221514e-01;1.7500000e+01;-7.6133907e-02;1.7500000e+01;-5.8825284e-02;1.7500000e+01;-1.3046958e-02;1.7500000e+01;5.1937934e-02;1.7500000e+01;1.3168229e-01;1.7500000e+01;2.0683214e-01;1.7500000e+01;2.3549825e-01;1.7500000e+01;2.1545394e-01;1.7500000e+01;1.9050658e-01;1.7500000e+01;2.2938356e-01;1.7500000e+01;1.9575179e-01;1.7500000e+01;1.4548922e-01;1.7500000e+01;9.1351613e-02;1.7500000e+01;4.7091618e-02;1.7500000e+01;-1.5968308e-03;1.7500000e+01;-4.2896613e-02;1.7500000e+01;-8.5518450e-02;1.7500000e+01;-1.3221514e-01;1.7500000e+01;-7.6133907e-02;1.7500000e+01;-5.8825284e-02;1.7500000e+01;-1.3046958e-02;1.7500000e+01;5.1937934e-02;1.7500000e+01;1.3168229e-01;1.7500000e+01;2.0683214e-01;1.7500000e+01;2.3549825e-01;1.7500000e+01;2.1545394e-01;1.7500000e+01;1.9050658e-01;1.7500000e+01;2.2938356e-01;1.7500000e+01;1.9575179e-01;1.7500000e+01;1.4548922e-01;1.7500000e+01;9.1351613e-02;1.7500000e+01;4.7091618e-02;1.7500000e+01;-1.5968308e-03;1.7500000e+01;-4.2896613e-02;1.7500000e+01;-8.5518450e-02;1.7500000e+01;-1.3221514e-01;1.7500000e+01;-7.6133907e-02;1.7500000e+01;-5.8825284e-02;1.7500000e+01;-1.3046958e-02;1.7500000e+01;5.1937934e-02;1.7500000e+01;1.3168229e-01;1.7500000e+01;2.0683214e-01;1.7500000e+01;2.3549825e-01;1.7500000e+01;2.1545394e-01;1.7500000e+01;1.9050658e-01;1.7500000e+01;2.2938356e-01;1.7500000e+01;1.9575179e-01;1.7500000e+01;1.4548922e-01;1.7500000e+01;9.1351613e-02;1.7500000e+01;4.7091618e-02;1.7500000e+01;-1.5968308e-03;1.7500000e+01;-4.2896613e-02;1.7500000e+01;-8.5518450e-02;1.7500000e+01;-1.3221514e-01;1.7500000e+01;-7.6133907e-02;1.7500000e+01;-5.8825284e-02;1.7500000e+01;-1.3046958e-02;1.7500000e+01;5.1937934e-02;1.7500000e+01;1.3168229e-01;1.7500000e+01;2.0683214e-01;1.7500000e+01;2.3549825e-01;1.7500000e+01;2.1545394e-01;1.7500000e+01;1.9050658e-01;1.7500000e+01;2.2938356e-01;1.7500000e+01;1.9575179e-01;1.7500000e+01;1.4548922e-01;1.7500000e+01;9.1351613e-02;1.7500000e+01;4.7091618e-02;1.7500000e+01;-1.5968308e-03;1.7500000e+01;-4.2896613e-02;1.7500000e+01;-8.5518450e-02;1.7500000e+01;-1.3221514e-01;1.7500000e+01;-7.6133907e-02;1.7500000e+01;-5.8825284e-02;1.7500000e+01;-1.3046958e-02;1.7500000e+01;5.1937934e-02;1.7500000e+01;1.3168229e-01;1.7500000e+01;2.0683214e-01;1.7500000e+01;2.3549825e-01;1.7500000e+01;2.1545394e-01;1.7500000e+01;1.9050658e-01;1.7500000e+01;2.2938356e-01;1.7500000e+01;1.9575179e-01;1.7500000e+01;1.4548922e-01;1.7500000e+01;9.1351613e-02;1.7500000e+01;4.7091618e-02;1.7500000e+01;-1.5968308e-03;1.7500000e+01;-4.2896613e-02;1.7500000e+01;-8.5518450e-02;1.7500000e+01;-1.3221514e-01;1.7500000e+01;-7.6133907e-02;1.7500000e+01;-5.8825284e-02;1.7500000e+01;-1.3046958e-02;1.7500000e+01;5.1937934e-02;1.7500000e+01;1.3168229e-01;1.7500000e+01;2.0683214e-01;1.7500000e+01;2.3549825e-01;1.7500000e+01;2.1545394e-01;1.7500000e+01;1.9050658e-01;1.7500000e+01;2.2938356e-01;1.7500000e+01;1.9575179e-01;1.7500000e+01;1.4548922e-01;1.7500000e+01;9.1351613e-02;1.7500000e+01;4.7091618e-02;1.7500000e+01;-1.5968308e-03;1.7500000e+01;-4.2896613e-02;1.7500000e+01;-8.5518450e-02;1.7500000e+01;-1.3221514e-01;1.7500000e+01;-7.6133907e-02;1.7500000e+01;-5.8825284e-02;1.7500000e+01;-1.3046958e-02;1.7500000e+01;5.1937934e-02;1.7500000e+01;1.3168229e-01;1.7500000e+01;2.0683214e-01;1.7500000e+01;2.3549825e-01;1.7500000e+01;2.1545394e-01;1.7500000e+01;1.9050658e-01;1.7500000e+01;2.2938356e-01;1.7500000e+01;1.9575179e-01;1.7500000e+01;1.4548922e-01;1.7500000e+01;9.1351613e-02;1.7500000e+01;4.7091618e-02;1.7500000e+01;-1.5968308e-03;1.7500000e+01;-4.2896613e-02;1.7500000e+01;-8.5518450e-02;1.7500000e+01;-1.3221514e-01;1.7500000e+01;-7.6133907e-02;1.7500000e+01;-5.8825284e-02;1.7500000e+01;-1.3046958e-02;1.7500000e+01;5.1937934e-02;1.7500000e+01;1.3168229e-01;1.7500000e+01;2.0683214e-01;1.7500000e+01;2.3549825e-01;1.7500000e+01;2.1545394e-01;1.7500000e+01;1.9050658e-01;1.7500000e+01;2.2938356e-01;1.7500000e+01;1.9575179e-01;1.7500000e+01;1.4548922e-01;1.7500000e+01;9.1351613e-02;1.7500000e+01;4.7091618e-02;1.7500000e+01;-1.5968308e-03;1.7500000e+01;-4.2896613e-02;1.7500000e+01;-8.5518450e-02;1.7500000e+01;-1.3221514e-01;1.7500000e+01;-7.6133907e-02;1.7500000e+01;-5.8825284e-02;1.7500000e+01;-1.3046958e-02;1.7500000e+01;5.1937934e-02;1.7500000e+01;1.3168229e-01;1.7500000e+01;2.0683214e-01;1.7500000e+01;2.3549825e-01;1.7500000e+01;2.1545394e-01;1.7500000e+01;1.9050658e-01;1.7500000e+01;2.2938356e-01;1.7500000e+01;1.9575179e-01;1.7500000e+01;1.4548922e-01;1.7500000e+01;9.1351613e-02;1.7500000e+01;4.7091618e-02;1.7500000e+01;-1.5968308e-03;1.7500000e+01;-4.2896613e-02;1.7500000e+01;-8.5518450e-02;1.7500000e+01;-1.3221514e-01;1.7500000e+01;-7.6133907e-02;1.7500000e+01;-5.8825284e-02;1.7500000e+01;-1.3046958e-02;1.7500000e+01;5.1937934e-02;1.7500000e+01;1.3168229e-01;1.7500000e+01;2.0683214e-01;1.7500000e+01;2.3549825e-01;1.7500000e+01;2.1545394e-01;1.7500000e+01;1.9050658e-01;1.7500000e+01;2.2938356e-01;1.7500000e+01;1.9575179e-01;1.7500000e+01;1.4548922e-01;1.7500000e+01;9.1351613e-02;1.7500000e+01;4.7091618e-02;1.7500000e+01;-1.5968308e-03;1.7500000e+01;-4.2896613e-02;1.7500000e+01;-8.5518450e-02;1.7500000e+01;-1.3221514e-01;1.7500000e+01;-7.6133907e-02;1.7500000e+01;-5.8825284e-02;1.7500000e+01;-1.3046958e-02;1.7500000e+01;5.1937934e-02;1.7500000e+01;1.3168229e-01;1.7500000e+01;2.0683214e-01;1.7500000e+01;2.3549825e-01;1.7500000e+01;2.1545394e-01;1.7500000e+01;1.9050658e-01;1.7500000e+01;2.2938356e-01;1.7500000e+01;1.9575179e-01;1.7500000e+01;1.4548922e-01;1.7500000e+01;9.1351613e-02;1.7500000e+01;4.7091618e-02;1.7500000e+01;-1.5968308e-03;1.7500000e+01;-4.2896613e-02;1.7500000e+01;-8.5518450e-02;1.7500000e+01;-1.3221514e-01;1.7500000e+01;-7.6133907e-02;1.7500000e+01;-5.8825284e-02;1.7500000e+01;-1.3046958e-02;1.7500000e+01;5.1937934e-02;1.7500000e+01;1.3168229e-01;1.7500000e+01;2.0683214e-01;1.7500000e+01;2.3549825e-01;1.7500000e+01;2.1545394e-01;1.7500000e+01;1.9050658e-01;1.7500000e+01;2.2938356e-01;1.7500000e+01;1.9575179e-01;1.7500000e+01;1.4548922e-01;1.7500000e+01;9.1351613e-02;1.7500000e+01;4.7091618e-02;1.7500000e+01;-1.5968308e-03;1.7500000e+01;-4.2896613e-02;1.7500000e+01;-8.5518450e-02;1.7500000e+01;-1.3221514e-01;1.7500000e+01;-7.6133907e-02;1.7500000e+01;-5.8825284e-02;1.7500000e+01;-1.3046958e-02;1.7500000e+01;5.1937934e-02;1.7500000e+01;1.3168229e-01;1.7500000e+01;2.0683214e-01;1.7500000e+01;2.3549825e-01;1.7500000e+01;2.1545394e-01;1.7500000e+01;1.9050658e-01;1.7500000e+01;2.2938356e-01;1.7500000e+01;1.9575179e-01;1.7500000e+01;1.4548922e-01;1.7500000e+01;9.1351613e-02;1.7500000e+01;4.7091618e-02;1.7500000e+01;-1.5968308e-03;1.7500000e+01;-4.2896613e-02;1.7500000e+01;-8.5518450e-02;1.7500000e+01;-1.3221514e-01;1.7500000e+01;-7.6133907e-02;1.7500000e+01;-5.8825284e-02;1.7500000e+01;-1.3046958e-02;1.7500000e+01;5.1937934e-02;1.7500000e+01;1.3168229e-01;1.7500000e+01;2.0683214e-01;1.7500000e+01;2.3549825e-01;1.7500000e+01;2.1545394e-01;1.7500000e+01;1.9050658e-01;1.7500000e+01;2.2938356e-01;1.7500000e+01;1.9575179e-01;1.7500000e+01;1.4548922e-01;1.7500000e+01;9.1351613e-02;1.7500000e+01;4.7091618e-02;1.7500000e+01;-1.5968308e-03;1.7500000e+01;-4.2896613e-02;1.7500000e+01;-8.5518450e-02;1.7500000e+01;-1.3221514e-01;1.7500000e+01;-7.6133907e-02;1.7500000e+01;-5.8825284e-02;1.7500000e+01;-1.3046958e-02;1.7500000e+01;5.1937934e-02;1.7500000e+01;1.3168229e-01;1.7500000e+01;2.0683214e-01;1.7500000e+01;2.3549825e-01;1.7500000e+01;2.1545394e-01;1.7500000e+01;1.9050658e-01;1.7500000e+01;2.2938356e-01;1.7500000e+01;1.9575179e-01;1.7500000e+01;1.4548922e-01;1.7500000e+01;9.1351613e-02;1.7500000e+01;4.7091618e-02;1.7500000e+01;-1.5968308e-03;1.7500000e+01;-4.2896613e-02;1.7500000e+01;-8.5518450e-02;1.7500000e+01;-1.3221514e-01;1.7500000e+01;-7.6133907e-02;1.7500000e+01;-5.8825284e-02;1.7500000e+01;-1.3046958e-02;1.7500000e+01;5.1937934e-02;1.7500000e+01;1.3168229e-01;1.7500000e+01;2.0683214e-01;1.7500000e+01;2.3549825e-01;1.7500000e+01;2.1545394e-01;1.7500000e+01;1.9050658e-01;1.7500000e+01;2.2938356e-01;1.7500000e+01;1.9575179e-01;1.7500000e+01;1.4548922e-01;1.7500000e+01;9.1351613e-02;1.7500000e+01;4.7091618e-02;1.7500000e+01;-1.5968308e-03;1.7500000e+01;-4.2896613e-02;1.7500000e+01;-8.5518450e-02;1.7500000e+01;-1.3221514e-01;1.7500000e+01;-7.6133907e-02;1.7500000e+01;-5.8825284e-02;1.7500000e+01;-1.3046958e-02;1.7500000e+01;5.1937934e-02;1.7500000e+01;1.3168229e-01;1.7500000e+01;2.0683214e-01;1.7500000e+01;2.3549825e-01;1.7500000e+01;2.1545394e-01;1.7500000e+01;1.9050658e-01;1.7500000e+01;2.2938356e-01;1.7500000e+01;1.9575179e-01;1.7500000e+01;1.4548922e-01;1.7500000e+01;9.1351613e-02;1.7500000e+01;4.7091618e-02;1.7500000e+01;-1.5968308e-03;1.7500000e+01;-4.2896613e-02;1.7500000e+01;-8.5518450e-02;1.7500000e+01;-1.3221514e-01;1.7500000e+01;-7.6133907e-02;1.7500000e+01;-5.8825284e-02;1.7500000e+01;-1.3046958e-02;1.7500000e+01;5.1937934e-02;1.7500000e+01;1.3168229e-01;1.7500000e+01;2.0683214e-01;1.7500000e+01;2.3549825e-01;1.7500000e+01;2.1545394e-01;1.7500000e+01;1.9050658e-01;1.7500000e+01;2.2938356e-01;1.7500000e+01;1.9575179e-01;1.7500000e+01;1.4548922e-01;1.7500000e+01;9.1351613e-02;1.7500000e+01;4.7091618e-02;1.7500000e+01;-1.5968308e-03;1.7500000e+01;-4.2896613e-02;1.7500000e+01;-8.5518450e-02;1.7500000e+01;-1.3221514e-01;1.7500000e+01;-7.6133907e-02;1.7500000e+01;-5.8825284e-02;1.7500000e+01;-1.3046958e-02;1.7500000e+01;5.1937934e-02;1.7500000e+01;1.3168229e-01;1.7500000e+01;2.0683214e-01;1.7500000e+01;2.3549825e-01;1.7500000e+01;2.1545394e-01;1.7500000e+01;1.9050658e-01;1.7500000e+01;2.2938356e-01;1.7500000e+01;1.9575179e-01;1.7500000e+01;1.4548922e-01;1.7500000e+01;9.1351613e-02;1.7500000e+01;4.7091618e-02;1.7500000e+01;-1.5968308e-03;1.7500000e+01;-4.2896613e-02;1.7500000e+01;-8.5518450e-02;1.7500000e+01;-1.3221514e-01;1.7500000e+01;-7.6133907e-02;1.7500000e+01;-5.8825284e-02;1.7500000e+01;-1.3046958e-02;1.7500000e+01;5.1937934e-02;1.7500000e+01;1.3168229e-01;1.7500000e+01;2.0683214e-01;1.7500000e+01;2.3549825e-01;1.7500000e+01;2.1545394e-01;1.7500000e+01;1.9050658e-01;1.7500000e+01;2.2938356e-01;1.7500000e+01;1.9575179e-01;1.7500000e+01;1.4548922e-01;1.7500000e+01;9.1351613e-02;1.7500000e+01;4.7091618e-02;1.7500000e+01;-1.5968308e-03;1.7500000e+01;-4.2896613e-02;1.7500000e+01;-8.5518450e-02;1.7500000e+01;-1.3221514e-01;1.7500000e+01;-7.6133907e-02;1.7500000e+01;-5.8825284e-02;1.7500000e+01;-1.3046958e-02;1.7500000e+01;5.1937934e-02;1.7500000e+01;1.3168229e-01;1.7500000e+01;2.0683214e-01;1.7500000e+01;2.3549825e-01;1.7500000e+01;2.1545394e-01;1.7500000e+01;1.9050658e-01;1.7500000e+01;2.2938356e-01;1.7500000e+01;1.9575179e-01;1.7500000e+01;1.4548922e-01;1.7500000e+01;9.1351613e-02;1.7500000e+01;4.7091618e-02;1.7500000e+01;-1.5968308e-03;1.7500000e+01;-4.2896613e-02;1.7500000e+01;-8.5518450e-02;1.7500000e+01;-1.3221514e-01;1.7500000e+01;-7.6133907e-02;1.7500000e+01;-5.8825284e-02;1.7500000e+01;-1.3046958e-02;1.7500000e+01;5.1937934e-02;1.7500000e+01;1.3168229e-01;1.7500000e+01;2.0683214e-01;1.7500000e+01;2.3549825e-01;1.7500000e+01;2.1545394e-01;1.7500000e+01;1.9050658e-01;1.7500000e+01;2.2938356e-01;1.7500000e+01;1.9575179e-01;1.7500000e+01;1.4548922e-01;1.7500000e+01;9.1351613e-02;1.7500000e+01;4.7091618e-02;1.7500000e+01;-1.5968308e-03;1.7500000e+01;-4.2896613e-02;1.7500000e+01;-8.5518450e-02;1.7500000e+01;-1.3221514e-01;1.7500000e+01;-7.6133907e-02;1.7500000e+01;-5.8825284e-02;1.7500000e+01;-1.3046958e-02;1.7500000e+01;5.1937934e-02;1.7500000e+01;1.3168229e-01;1.7500000e+01;2.0683214e-01;1.7500000e+01;2.3549825e-01;1.7500000e+01;2.1545394e-01;1.7500000e+01;1.9050658e-01;1.7500000e+01;2.2938356e-01;1.7500000e+01;1.9575179e-01;1.7500000e+01;1.4548922e-01;1.7500000e+01;9.1351613e-02;1.7500000e+01;4.7091618e-02;1.7500000e+01;-1.5968308e-03;1.7500000e+01;-4.2896613e-02;1.7500000e+01;-8.5518450e-02;1.7500000e+01;-1.3221514e-01;1.7500000e+01;-7.6133907e-02;1.7500000e+01;-5.8825284e-02;1.7500000e+01;-1.3046958e-02;1.7500000e+01;5.1937934e-02;1.7500000e+01;1.3168229e-01;1.7500000e+01;2.0683214e-01;1.7500000e+01;2.3549825e-01;1.7500000e+01;2.1545394e-01;1.7500000e+01;1.9050658e-01;1.7500000e+01;2.2938356e-01;1.7500000e+01;1.9575179e-01;1.7500000e+01;1.4548922e-01;1.7500000e+01;9.1351613e-02;1.7500000e+01;4.7091618e-02;1.7500000e+01;-1.5968308e-03;1.7500000e+01;-4.2896613e-02;1.7500000e+01;-8.5518450e-02;1.7500000e+01;-1.3221514e-01;1.7500000e+01;-7.6133907e-02;1.7500000e+01;-5.8825284e-02;1.7500000e+01;-1.3046958e-02;1.7500000e+01;5.1937934e-02;1.7500000e+01;1.3168229e-01;1.7500000e+01;2.0683214e-01;1.7500000e+01;2.3549825e-01;1.7500000e+01;2.1545394e-01;1.7500000e+01;1.9050658e-01;1.7500000e+01;2.2938356e-01;1.7500000e+01;1.9575179e-01;1.7500000e+01;1.4548922e-01;1.7500000e+01;9.1351613e-02;1.7500000e+01;4.7091618e-02;1.7500000e+01;-1.5968308e-03;1.7500000e+01;-4.2896613e-02;1.7500000e+01;-8.5518450e-02;1.7500000e+01;-1.3221514e-01;1.7500000e+01;-7.6133907e-02;1.7500000e+01;-5.8825284e-02;1.7500000e+01;-1.3046958e-02;1.7500000e+01;5.1937934e-02;1.7500000e+01;1.3168229e-01;1.7500000e+01;2.0683214e-01;1.7500000e+01;2.3549825e-01;1.7500000e+01;2.1545394e-01;1.7500000e+01;1.9050658e-01;1.7500000e+01;2.2938356e-01;1.7500000e+01;1.9575179e-01;1.7500000e+01;1.4548922e-01;1.7500000e+01;9.1351613e-02;1.7500000e+01;4.7091618e-02;1.7500000e+01;-1.5968308e-03;1.7500000e+01;-4.2896613e-02;1.7500000e+01;-8.5518450e-02;1.7500000e+01;-1.3221514e-01;1.7500000e+01;-7.6133907e-02;1.7500000e+01;-5.8825284e-02;1.7500000e+01;-1.3046958e-02;1.7500000e+01;5.1937934e-02;1.7500000e+01;1.3168229e-01;1.7500000e+01;2.0683214e-01;1.7500000e+01;2.3549825e-01;1.7500000e+01;2.1545394e-01;1.7500000e+01;1.9050658e-01;1.7500000e+01;2.2938356e-01;1.7500000e+01;1.9575179e-01;1.7500000e+01;1.4548922e-01;1.7500000e+01;9.1351613e-02;1.7500000e+01;4.7091618e-02;1.7500000e+01;-1.5968308e-03;1.7500000e+01;-4.2896613e-02;1.7500000e+01;-8.5518450e-02;1.7500000e+01;-1.3221514e-01;1.7500000e+01;-7.6133907e-02;1.7500000e+01;-5.8825284e-02;1.7500000e+01;-1.3046958e-02;1.7500000e+01;5.1937934e-02;1.7500000e+01;1.3168229e-01;1.7500000e+01;2.0683214e-01;1.7500000e+01;2.3549825e-01;1.7500000e+01;2.1545394e-01;1.7500000e+01;1.9050658e-01;1.7500000e+01;2.2938356e-01;1.7500000e+01;1.9575179e-01;1.7500000e+01;1.4548922e-01;1.7500000e+01;9.1351613e-02;1.7500000e+01;4.7091618e-02;1.7500000e+01;-1.5968308e-03;1.7500000e+01;-4.2896613e-02;1.7500000e+01;-8.5518450e-02;1.7500000e+01;-1.3221514e-01;1.7500000e+01;-7.6133907e-02;1.7500000e+01;-5.8825284e-02;1.7500000e+01;-1.3046958e-02;1.7500000e+01;5.1937934e-02;1.7500000e+01;1.3168229e-01;1.7500000e+01;2.0683214e-01;1.7500000e+01;2.3549825e-01;1.7500000e+01;2.1545394e-01;1.7500000e+01;1.9050658e-01;1.7500000e+01;2.2938356e-01;1.7500000e+01;1.9575179e-01;1.7500000e+01;1.4548922e-01;1.7500000e+01;9.1351613e-02;1.7500000e+01;4.7091618e-02;1.7500000e+01;-1.5968308e-03;1.7500000e+01;-4.2896613e-02;1.7500000e+01;-8.5518450e-02;1.7500000e+01;-1.3221514e-01;1.7500000e+01;-7.6133907e-02;1.7500000e+01;-5.8825284e-02;1.7500000e+01;-1.3046958e-02;1.7500000e+01;5.1937934e-02;1.7500000e+01;1.3168229e-01;1.7500000e+01;2.0683214e-01;1.7500000e+01;2.3549825e-01;1.7500000e+01;2.1545394e-01;1.7500000e+01;1.9050658e-01;1.7500000e+01;2.2938356e-01;1.7500000e+01;1.9575179e-01;1.7500000e+01;1.4548922e-01;1.7500000e+01;9.1351613e-02;1.7500000e+01;4.7091618e-02;1.7500000e+01;-1.5968308e-03;1.7500000e+01;-4.2896613e-02;1.7500000e+01;-8.5518450e-02;1.7500000e+01;-1.3221514e-01;1.7500000e+01;-7.6133907e-02;1.7500000e+01;-5.8825284e-02;1.7500000e+01;-1.3046958e-02;1.7500000e+01;5.1937934e-02;1.7500000e+01;1.3168229e-01;1.7500000e+01;2.0683214e-01;1.7500000e+01;2.3549825e-01;1.7500000e+01;2.1545394e-01;1.7500000e+01;1.9050658e-01;1.7500000e+01;2.2938356e-01;1.7500000e+01;1.9575179e-01;1.7500000e+01;1.4548922e-01;1.7500000e+01;9.1351613e-02;1.7500000e+01;4.7091618e-02;1.7500000e+01;-1.5968308e-03;1.7500000e+01;-4.2896613e-02;1.7500000e+01;-8.5518450e-02;1.7500000e+01;-1.3221514e-01;1.7500000e+01;-7.6133907e-02;1.7500000e+01;-5.8825284e-02;1.7500000e+01;-1.3046958e-02;1.7500000e+01;5.1937934e-02;1.7500000e+01;1.3168229e-01;1.7500000e+01;2.0683214e-01;1.7500000e+01;2.3549825e-01;1.7500000e+01;2.1545394e-01;1.7500000e+01;1.9050658e-01;1.7500000e+01;2.2938356e-01;1.7500000e+01;1.9575179e-01;1.7500000e+01;1.4548922e-01;1.7500000e+01;9.1351613e-02;1.7500000e+01;4.7091618e-02;1.7500000e+01;-1.5968308e-03;1.7500000e+01;-4.2896613e-02;1.7500000e+01;-8.5518450e-02;1.7500000e+01;-1.3221514e-01;1.7500000e+01;-7.6133907e-02;1.7500000e+01;-5.8825284e-02;1.7500000e+01;-1.3046958e-02;1.7500000e+01;5.1937934e-02;1.7500000e+01;1.3168229e-01;1.7500000e+01;2.0683214e-01;1.7500000e+01;2.3549825e-01;1.7500000e+01;2.1545394e-01;1.7500000e+01;1.9050658e-01;1.7500000e+01;2.2938356e-01;1.7500000e+01;1.9575179e-01;1.7500000e+01;1.4548922e-01;1.7500000e+01;9.1351613e-02;1.7500000e+01;4.7091618e-02;1.7500000e+01;-1.5968308e-03;1.7500000e+01;-4.2896613e-02;1.7500000e+01;-8.5518450e-02;1.7500000e+01;-1.3221514e-01;1.7500000e+01;-7.6133907e-02;1.7500000e+01;-5.8825284e-02;1.7500000e+01;-1.3046958e-02;1.7500000e+01;5.1937934e-02;1.7500000e+01;1.3168229e-01;1.7500000e+01;2.0683214e-01;1.7500000e+01;2.3549825e-01;1.7500000e+01;2.1545394e-01;1.7500000e+01;1.9050658e-01;1.7500000e+01;2.2938356e-01;1.7500000e+01;1.9575179e-01;1.7500000e+01;1.4548922e-01;1.7500000e+01;9.1351613e-02;1.7500000e+01;4.7091618e-02;1.7500000e+01;-1.5968308e-03;1.7500000e+01;-4.2896613e-02;1.7500000e+01;-8.5518450e-02;1.7500000e+01;-1.3221514e-01;1.7500000e+01;-7.6133907e-02;1.7500000e+01;-5.8825284e-02;1.7500000e+01;-1.3046958e-02;1.7500000e+01;5.1937934e-02;1.7500000e+01;1.3168229e-01;1.7500000e+01;2.0683214e-01;1.7500000e+01;2.3549825e-01;1.7500000e+01;2.1545394e-01;1.7500000e+01;1.9050658e-01;1.7500000e+01;2.2938356e-01;1.7500000e+01;1.9575179e-01;1.7500000e+01;1.4548922e-01;1.7500000e+01;9.1351613e-02;1.7500000e+01;4.7091618e-02;1.7500000e+01;-1.5968308e-03;1.7500000e+01;-4.2896613e-02;1.7500000e+01;-8.5518450e-02;1.7500000e+01;-1.3221514e-01;1.7500000e+01;-7.6133907e-02;1.7500000e+01;-5.8825284e-02;1.7500000e+01;-1.3046958e-02;1.7500000e+01;5.1937934e-02;1.7500000e+01;1.3168229e-01;1.7500000e+01;2.0683214e-01;1.7500000e+01;2.3549825e-01;1.7500000e+01;2.1545394e-01;1.7500000e+01;1.9050658e-01;1.7500000e+01;2.2938356e-01;1.7500000e+01;1.9575179e-01;1.7500000e+01;1.4548922e-01;1.7500000e+01;9.1351613e-02;1.7500000e+01;4.7091618e-02;1.7500000e+01;-1.5968308e-03;1.7500000e+01;-4.2896613e-02;1.7500000e+01;-8.5518450e-02;1.7500000e+01;-1.3221514e-01;1.7500000e+01;-7.6133907e-02;1.7500000e+01;-5.8825284e-02;1.7500000e+01;-1.3046958e-02;1.7500000e+01;5.1937934e-02;1.7500000e+01;1.3168229e-01;1.7500000e+01;2.0683214e-01;1.7500000e+01;2.3549825e-01;1.7500000e+01;2.1545394e-01;1.7500000e+01;1.9050658e-01;1.7500000e+01;2.2938356e-01;1.7500000e+01;1.9575179e-01;1.7500000e+01;1.4548922e-01;1.7500000e+01;9.1351613e-02;1.7500000e+01;4.7091618e-02;1.7500000e+01;-1.5968308e-03;1.7500000e+01;-4.2896613e-02;1.7500000e+01;-8.5518450e-02;1.7500000e+01;-1.3221514e-01;1.7500000e+01;-7.6133907e-02;1.7500000e+01;-5.8825284e-02;1.7500000e+01;-1.3046958e-02;1.7500000e+01;5.1937934e-02;1.7500000e+01;1.3168229e-01;1.7500000e+01;2.0683214e-01;1.7500000e+01;2.3549825e-01;1.7500000e+01;2.1545394e-01;1.7500000e+01;1.9050658e-01;1.7500000e+01;2.2938356e-01;1.7500000e+01;1.9575179e-01;1.7500000e+01;1.4548922e-01;1.7500000e+01;9.1351613e-02;1.7500000e+01;4.7091618e-02;1.7500000e+01;-1.5968308e-03;1.7500000e+01;-4.2896613e-02;1.7500000e+01;-8.5518450e-02;1.7500000e+01;-1.3221514e-01;1.7500000e+01;-7.6133907e-02;1.7500000e+01;-5.8825284e-02;1.7500000e+01;-1.3046958e-02;1.7500000e+01;5.1937934e-02;1.7500000e+01;1.3168229e-01;1.7500000e+01;2.0683214e-01;1.7500000e+01;2.3549825e-01;1.7500000e+01;2.1545394e-01;1.7500000e+01;1.9050658e-01;1.7500000e+01;2.2938356e-01;1.7500000e+01;1.9575179e-01;1.7500000e+01;1.4548922e-01;1.7500000e+01;9.1351613e-02;1.7500000e+01;4.7091618e-02;1.7500000e+01;-1.5968308e-03;1.7500000e+01;-4.2896613e-02;1.7500000e+01;-8.5518450e-02;1.7500000e+01;-1.3221514e-01
2.2500000e+01;-7.6184742e-02;2.2500000e+01;-6.1254580e-02;2.2500000e+01;-1.3498748e-02;2.2500000e+01;6.0103595e-02;2.2500000e+01;1.4850512e-01;2.2500000e+01;2.2407922e-01;2.2500000e+01;2.4894708e-01;2.2500000e+01;2.2085473e-01;2.2500000e+01;1.8372190e-01;2.2500000e+01;2.2518924e-01;2.2500000e+01;1.9405885e-01;2.2500000e+01;1.4584216e-01;2.2500000e+01;9.4008341e-02;2.2500000e+01;4.8645161e-02;2.2500000e+01;-1.6595423e-04;2.2500000e+01;-4.1481048e-02;2.2500000e+01;-8.4794402e-02;2.2500000e+01;-1.2932453e-01;2.2500000e+01;-7.6184742e-02;2.2500000e+01;-6.1254580e-02;2.2500000e+01;-1.3498748e-02;2.2500000e+01;6.0103595e-02;2.2500000e+01;1.4850512e-01;2.2500000e+01;2.2407922e-01;2.2500000e+01;2.4894708e-01;2.2500000e+01;2.2085473e-01;2.2500000e+01;1.8372190e-01;2.2500000e+01;2.2518924e-01;2.2500000e+01;1.9405885e-01;2.2500000e+01;1.4584216e-01;2.2500000e+01;9.4008341e-02;2.2500000e+01;4.8645161e-02;2.2500000e+01;-1.6595423e-04;2.2500000e+01;-4.1481048e-02;2.2500000e+01;-8.4794402e-02;2.2500000e+01;-1.2932453e-01;2.2500000e+01;-7.6184742e-02;2.2500000e+01;-6.1254580e-02;2.2500000e+01;-1.3498748e-02;2.2500000e+01;6.0103595e-02;2.2500000e+01;1.4850512e-01;2.2500000e+01;2.2407922e-01;2.2500000e+01;2.4894708e-01;2.2500000e+01;2.2085473e-01;2.2500000e+01;1.8372190e-01;2.2500000e+01;2.2518924e-01;2.2500000e+01;1.9405885e-01;2.2500000e+01;1.4584216e-01;2.2500000e+01;9.4008341e-02;2.2500000e+01;4.8645161e-02;2.2500000e+01;-1.6595423e-04;2.2500000e+01;-4.1481048e-02;2.2500000e+01;-8.4794402e-02;2.2500000e+01;-1.2932453e-01;2.2500000e+01;-7.6184742e-02;2.2500000e+01;-6.1254580e-02;2.2500000e+01;-1.3498748e-02;2.2500000e+01;6.0103595e-02;2.2500000e+01;1.4850512e-01;2.2500000e+01;2.2407922e-01;2.2500000e+01;2.4894708e-01;2.2500000e+01;2.2085473e-01;2.2500000e+01;1.8372190e-01;2.2500000e+01;2.2518924e-01;2.2500000e+01;1.9405885e-01;2.2500000e+01;1.4584216e-01;2.2500000e+01;9.4008341e-02;2.2500000e+01;4.8645161e-02;2.2500000e+01;-1.6595423e-04;2.2500000e+01;-4.1481048e-02;2.2500000e+01;-8.4794402e-02;2.2500000e+01;-1.2932453e-01;2.2500000e+01;-7.6184742e-02;2.2500000e+01;-6.1254580e-02;2.2500000e+01;-1.3498748e-02;2.2500000e+01;6.0103595e-02;2.2500000e+01;1.4850512e-01;2.2500000e+01;2.2407922e-01;2.2500000e+01;2.4894708e-01;2.2500000e+01;2.2085473e-01;2.2500000e+01;1.8372190e-01;2.2500000e+01;2.2518924e-01;2.2500000e+01;1.9405885e-01;2.2500000e+01;1.4584216e-01;2.2500000e+01;9.4008341e-02;2.2500000e+01;4.8645161e-02;2.2500000e+01;-1.6595423e-04;2.2500000e+01;-4.1481048e-02;2.2500000e+01;-8.4794402e-02;2.2500000e+01;-1.2932453e-01;2.2500000e+01;-7.6184742e-02;2.2500000e+01;-6.1254580e-02;2.2500000e+01;-1.3498748e-02;2.2500000e+01;6.0103595e-02;2.2500000e+01;1.4850512e-01;2.2500000e+01;2.2407922e-01;2.2500000e+01;2.4894708e-01;2.2500000e+01;2.2085473e-01;2.2500000e+01;1.8372190e-01;2.2500000e+01;2.2518924e-01;2.2500000e+01;1.9405885e-01;2.2500000e+01;1.4584216e-01;2.2500000e+01;9.4008341e-02;2.2500000e+01;4.8645161e-02;2.2500000e+01;-1.6595423e-04;2.2500000e+01;-4.1481048e-02;2.2500000e+01;-8.4794402e-02;2.2500000e+01;-1.2932453e-01;2.2500000e+01;-7.6184742e-02;2.2500000e+01;-6.1254580e-02;2.2500000e+01;-1.3498748e-02;2.2500000e+01;6.0103595e-02;2.2500000e+01;1.4850512e-01;2.2500000e+01;2.2407922e-01;2.2500000e+01;2.4894708e-01;2.2500000e+01;2.2085473e-01;2.2500000e+01;1.8372190e-01;2.2500000e+01;2.2518924e-01;2.2500000e+01;1.9405885e-01;2.2500000e+01;1.4584216e-01;2.2500000e+01;9.4008341e-02;2.2500000e+01;4.8645161e-02;2.2500000e+01;-1.6595423e-04;2.2500000e+01;-4.1481048e-02;2.2500000e+01;-8.4794402e-02;2.2500000e+01;-1.2932453e-01;2.2500000e+01;-7.6184742e-02;2.2500000e+01;-6.1254580e-02;2.2500000e+01;-1.3498748e-02;2.2500000e+01;6.0103595e-02;2.2500000e+01;1.4850512e-01;2.2500000e+01;2.2407922e-01;2.2500000e+01;2.4894708e-01;2.2500000e+01;2.2085473e-01;2.2500000e+01;1.8372190e-01;2.2500000e+01;2.2518924e-01;2.2500000e+01;1.9405885e-01;2.2500000e+01;1.4584216e-01;2.2500000e+01;9.4008341e-02;2.2500000e+01;4.8645161e-02;2.2500000e+01;-1.6595423e-04;2.2500000e+01;-4.1481048e-02;2.2500000e+01;-8.4794402e-02;2.2500000e+01;-1.2932453e-01;2.2500000e+01;-7.6184742e-02;2.2500000e+01;-6.1254580e-02;2.2500000e+01;-1.3498748e-02;2.2500000e+01;6.0103595e-02;2.2500000e+01;1.4850512e-01;2.2500000e+01;2.2407922e-01;2.2500000e+01;2.4894708e-01;2.2500000e+01;2.2085473e-01;2.2500000e+01;1.8372190e-01;2.2500000e+01;2.2518924e-01;2.2500000e+01;1.9405885e-01;2.2500000e+01;1.4584216e-01;2.2500000e+01;9.4008341e-02;2.2500000e+01;4.8645161e-02;2.2500000e+01;-1.6595423e-04;2.2500000e+01;-4.1481048e-02;2.2500000e+01;-8.4794402e-02;2.2500000e+01;-1.2932453e-01;2.2500000e+01;-7.6184742e-02;2.2500000e+01;-6.1254580e-02;2.2500000e+01;-1.3498748e-02;2.2500000e+01;6.0103595e-02;2.2500000e+01;1.4850512e-01;2.2500000e+01;2.2407922e-01;2.2500000e+01;2.4894708e-01;2.2500000e+01;2.2085473e-01;2.2500000e+01;1.8372190e-01;2.2500000e+01;2.2518924e-01;2.2500000e+01;1.9405885e-01;2.2500000e+01;1.4584216e-01;2.2500000e+01;9.4008341e-02;2.2500000e+01;4.8645161e-02;2.2500000e+01;-1.6595423e-04;2.2500000e+01;-4.1481048e-02;2.2500000e+01;-8.4794402e-02;2.2500000e+01;-1.2932453e-01;2.2500000e+01;-7.6184742e-02;2.2500000e+01;-6.1254580e-02;2.2500000e+01;-1.3498748e-02;2.2500000e+01;6.0103595e-02;2.2500000e+01;1.4850512e-01;2.2500000e+01;2.2407922e-01;2.2500000e+01;2.4894708e-01;2.2500000e+01;2.2085473e-01;2.2500000e+01;1.8372190e-01;2.2500000e+01;2.2518924e-01;2.2500000e+01;1.9405885e-01;2.2500000e+01;1.4584216e-01;2.2500000e+01;9.4008341e-02;2.2500000e+01;4.8645161e-02;2.2500000e+01;-1.6595423e-04;2.2500000e+01;-4.1481048e-02;2.2500000e+01;-8.4794402e-02;2.2500000e+01;-1.2932453e-01;2.2500000e+01;-7.6184742e-02;2.2500000e+01;-6.1254580e-02;2.2500000e+01;-1.3498748e-02;2.2500000e+01;6.0103595e-02;2.2500000e+01;1.4850512e-01;2.2500000e+01;2.2407922e-01;2.2500000e+01;2.4894708e-01;2.2500000e+01;2.2085473e-01;2.2500000e+01;1.8372190e-01;2.2500000e+01;2.2518924e-01;2.2500000e+01;1.9405885e-01;2.2500000e+01;1.4584216e-01;2.2500000e+01;9.4008341e-02;2.2500000e+01;4.8645161e-02;2.2500000e+01;-1.6595423e-04;2.2500000e+01;-4.1481048e-02;2.2500000e+01;-8.4794402e-02;2.2500000e+01;-1.2932453e-01;2.2500000e+01;-7.6184742e-02;2.2500000e+01;-6.1254580e-02;2.2500000e+01;-1.3498748e-02;2.2500000e+01;6.0103595e-02;2.2500000e+01;1.4850512e-01;2.2500000e+01;2.2407922e-01;2.2500000e+01;2.4894708e-01;2.2500000e+01;2.2085473e-01;2.2500000e+01;1.8372190e-01;2.2500000e+01;2.2518924e-01;2.2500000e+01;1.9405885e-01;2.2500000e+01;1.4584216e-01;2.2500000e+01;9.4008341e-02;2.2500000e+01;4.8645161e-02;2.2500000e+01;-1.6595423e-04;2.2500000e+01;-4.1481048e-02;2.2500000e+01;-8.4794402e-02;2.2500000e+01;-1.2932453e-01;2.2500000e+01;-7.6184742e-02;2.2500000e+01;-6.1254580e-02;2.2500000e+01;-1.3498748e-02;2.2500000e+01;6.0103595e-02;2.2500000e+01;1.4850512e-01;2.2500000e+01;2.2407922e-01;2.2500000e+01;2.4894708e-01;2.2500000e+01;2.2085473e-01;2.2500000e+01;1.8372190e-01;2.2500000e+01;2.2518924e-01;2.2500000e+01;1.9405885e-01;2.2500000e+01;1.4584216e-01;2.2500000e+01;9.4008341e-02;2.2500000e+01;4.8645161e-02;2.2500000e+01;-1.6595423e-04;2.2500000e+01;-4.1481048e-02;2.2500000e+01;-8.4794402e-02;2.2500000e+01;-1.2932453e-01;2.2500000e+01;-7.6184742e-02;2.2500000e+01;-6.1254580e-02;2.2500000e+01;-1.3498748e-02;2.2500000e+01;6.0103595e-02;2.2500000e+01;1.4850512e-01;2.2500000e+01;2.2407922e-01;2.2500000e+01;2.4894708e-01;2.2500000e+01;2.2085473e-01;2.2500000e+01;1.8372190e-01;2.2500000e+01;2.2518924e-01;2.2500000e+01;1.9405885e-01;2.2500000e+01;1.4584216e-01;2.2500000e+01;9.4008341e-02;2.2500000e+01;4.8645161e-02;2.2500000e+01;-1.6595423e-04;2.2500000e+01;-4.1481048e-02;2.2500000e+01;-8.4794402e-02;2.2500000e+01;-1.2932453e-01;2.2500000e+01;-7.6184742e-02;2.2500000e+01;-6.1254580e-02;2.2500000e+01;-1.3498748e-02;2.2500000e+01;6.0103595e-02;2.2500000e+01;1.4850512e-01;2.2500000e+01;2.2407922e-01;2.2500000e+01;2.4894708e-01;2.2500000e+01;2.2085473e-01;2.2500000e+01;1.8372190e-01;2.2500000e+01;2.2518924e-01;2.2500000e+01;1.9405885e-01;2.2500000e+01;1.4584216e-01;2.2500000e+01;9.4008341e-02;2.2500000e+01;4.8645161e-02;2.2500000e+01;-1.6595423e-04;2.2500000e+01;-4.1481048e-02;2.2500000e+01;-8.4794402e-02;2.2500000e+01;-1.2932453e-01;2.2500000e+01;-7.6184742e-02;2.2500000e+01;-6.1254580e-02;2.2500000e+01;-1.3498748e-02;2.2500000e+01;6.0103595e-02;2.2500000e+01;1.4850512e-01;2.2500000e+01;2.2407922e-01;2.2500000e+01;2.4894708e-01;2.2500000e+01;2.2085473e-01;2.2500000e+01;1.8372190e-01;2.2500000e+01;2.2518924e-01;2.2500000e+01;1.9405885e-01;2.2500000e+01;1.4584216e-01;2.2500000e+01;9.4008341e-02;2.2500000e+01;4.8645161e-02;2.2500000e+01;-1.6595423e-04;2.2500000e+01;-4.1481048e-02;2.2500000e+01;-8.4794402e-02;2.2500000e+01;-1.2932453e-01;2.2500000e+01;-7.6184742e-02;2.2500000e+01;-6.1254580e-02;2.2500000e+01;-1.3498748e-02;2.2500000e+01;6.0103595e-02;2.2500000e+01;1.4850512e-01;2.2500000e+01;2.2407922e-01;2.2500000e+01;2.4894708e-01;2.2500000e+01;2.2085473e-01;2.2500000e+01;1.8372190e-01;2.2500000e+01;2.2518924e-01;2.2500000e+01;1.9405885e-01;2.2500000e+01;1.4584216e-01;2.2500000e+01;9.4008341e-02;2.2500000e+01;4.8645161e-02;2.2500000e+01;-1.6595423e-04;2.2500000e+01;-4.1481048e-02;2.2500000e+01;-8.4794402e-02;2.2500000e+01;-1.2932453e-01;2.2500000e+01;-7.6184742e-02;2.2500000e+01;-6.1254580e-02;2.2500000e+01;-1.3498748e-02;2.2500000e+01;6.0103595e-02;2.2500000e+01;1.4850512e-01;2.2500000e+01;2.2407922e-01;2.2500000e+01;2.4894708e-01;2.2500000e+01;2.2085473e-01;2.2500000e+01;1.8372190e-01;2.2500000e+01;2.2518924e-01;2.2500000e+01;1.9405885e-01;2.2500000e+01;1.4584216e-01;2.2500000e+01;9.4008341e-02;2.2500000e+01;4.8645161e-02;2.2500000e+01;-1.6595423e-04;2.2500000e+01;-4.1481048e-02;2.2500000e+01;-8.4794402e-02;2.2500000e+01;-1.2932453e-01;2.2500000e+01;-7.6184742e-02;2.2500000e+01;-6.1254580e-02;2.2500000e+01;-1.3498748e-02;2.2500000e+01;6.0103595e-02;2.2500000e+01;1.4850512e-01;2.2500000e+01;2.2407922e-01;2.2500000e+01;2.4894708e-01;2.2500000e+01;2.2085473e-01;2.2500000e+01;1.8372190e-01;2.2500000e+01;2.2518924e-01;2.2500000e+01;1.9405885e-01;2.2500000e+01;1.4584216e-01;2.2500000e+01;9.4008341e-02;2.2500000e+01;4.8645161e-02;2.2500000e+01;-1.6595423e-04;2.2500000e+01;-4.1481048e-02;2.2500000e+01;-8.4794402e-02;2.2500000e+01;-1.2932453e-01;2.2500000e+01;-7.6184742e-02;2.2500000e+01;-6.1254580e-02;2.2500000e+01;-1.3498748e-02;2.2500000e+01;6.0103595e-02;2.2500000e+01;1.4850512e-01;2.2500000e+01;2.2407922e-01;2.2500000e+01;2.4894708e-01;2.2500000e+01;2.2085473e-01;2.2500000e+01;1.8372190e-01;2.2500000e+01;2.2518924e-01;2.2500000e+01;1.9405885e-01;2.2500000e+01;1.4584216e-01;2.2500000e+01;9.4008341e-02;2.2500000e+01;4.8645161e-02;2.2500000e+01;-1.6595423e-04;2.2500000e+01;-4.1481048e-02;2.2500000e+01;-8.4794402e-02;2.2500000e+01;-1.2932453e-01;2.2500000e+01;-7.6184742e-02;2.2500000e+01;-6.1254580e-02;2.2500000e+01;-1.3498748e-02;2.2500000e+01;6.0103595e-02;2.2500000e+01;1.4850512e-01;2.2500000e+01;2.2407922e-01;2.2500000e+01;2.4894708e-01;2.2500000e+01;2.2085473e-01;2.2500000e+01;1.8372190e-01;2.2500000e+01;2.2518924e-01;2.2500000e+01;1.9405885e-01;2.2500000e+01;1.4584216e-01;2.2500000e+01;9.4008341e-02;2.2500000e+01;4.8645161e-02;2.2500000e+01;-1.6595423e-04;2.2500000e+01;-4.1481048e-02;2.2500000e+01;-8.4794402e-02;2.2500000e+01;-1.2932453e-01;2.2500000e+01;-7.6184742e-02;2.2500000e+01;-6.1254580e-02;2.2500000e+01;-1.3498748e-02;2.2500000e+01;6.0103595e-02;2.2500000e+01;1.4850512e-01;2.2500000e+01;2.2407922e-01;2.2500000e+01;2.4894708e-01;2.2500000e+01;2.2085473e-01;2.2500000e+01;1.8372190e-01;2.2500000e+01;2.2518924e-01;2.2500000e+01;1.9405885e-01;2.2500000e+01;1.4584216e-01;2.2500000e+01;9.4008341e-02;2.2500000e+01;4.8645161e-02;2.2500000e+01;-1.6595423e-04;2.2500000e+01;-4.1481048e-02;2.2500000e+01;-8.4794402e-02;2.2500000e+01;-1.2932453e-01;2.2500000e+01;-7.6184742e-02;2.2500000e+01;-6.1254580e-02;2.2500000e+01;-1.3498748e-02;2.2500000e+01;6.0103595e-02;2.2500000e+01;1.4850512e-01;2.2500000e+01;2.2407922e-01;2.2500000e+01;2.4894708e-01;2.2500000e+01;2.2085473e-01;2.2500000e+01;1.8372190e-01;2.2500000e+01;2.2518924e-01;2.2500000e+01;1.9405885e-01;2.2500000e+01;1.4584216e-01;2.2500000e+01;9.4008341e-02;2.2500000e+01;4.8645161e-02;2.2500000e+01;-1.6595423e-04;2.2500000e+01;-4.1481048e-02;2.2500000e+01;-8.4794402e-02;2.2500000e+01;-1.2932453e-01;2.2500000e+01;-7.6184742e-02;2.2500000e+01;-6.1254580e-02;2.2500000e+01;-1.3498748e-02;2.2500000e+01;6.0103595e-02;2.2500000e+01;1.4850512e-01;2.2500000e+01;2.2407922e-01;2.2500000e+01;2.4894708e-01;2.2500000e+01;2.2085473e-01;2.2500000e+01;1.8372190e-01;2.2500000e+01;2.2518924e-01;2.2500000e+01;1.9405885e-01;2.2500000e+01;1.4584216e-01;2.2500000e+01;9.4008341e-02;2.2500000e+01;4.8645161e-02;2.2500000e+01;-1.6595423e-04;2.2500000e+01;-4.1481048e-02;2.2500000e+01;-8.4794402e-02;2.2500000e+01;-1.2932453e-01;2.2500000e+01;-7.6184742e-02;2.2500000e+01;-6.1254580e-02;2.2500000e+01;-1.3498748e-02;2.2500000e+01;6.0103595e-02;2.2500000e+01;1.4850512e-01;2.2500000e+01;2.2407922e-01;2.2500000e+01;2.4894708e-01;2.2500000e+01;2.2085473e-01;2.2500000e+01;1.8372190e-01;2.2500000e+01;2.2518924e-01;2.2500000e+01;1.9405885e-01;2.2500000e+01;1.4584216e-01;2.2500000e+01;9.4008341e-02;2.2500000e+01;4.8645161e-02;2.2500000e+01;-1.6595423e-04;2.2500000e+01;-4.1481048e-02;2.2500000e+01;-8.4794402e-02;2.2500000e+01;-1.2932453e-01;2.2500000e+01;-7.6184742e-02;2.2500000e+01;-6.1254580e-02;2.2500000e+01;-1.3498748e-02;2.2500000e+01;6.0103595e-02;2.2500000e+01;1.4850512e-01;2.2500000e+01;2.2407922e-01;2.2500000e+01;2.4894708e-01;2.2500000e+01;2.2085473e-01;2.2500000e+01;1.8372190e-01;2.2500000e+01;2.2518924e-01;2.2500000e+01;1.9405885e-01;2.2500000e+01;1.4584216e-01;2.2500000e+01;9.4008341e-02;2.2500000e+01;4.8645161e-02;2.2500000e+01;-1.6595423e-04;2.2500000e+01;-4.1481048e-02;2.2500000e+01;-8.4794402e-02;2.2500000e+01;-1.2932453e-01;2.2500000e+01;-7.6184742e-02;2.2500000e+01;-6.1254580e-02;2.2500000e+01;-1.3498748e-02;2.2500000e+01;6.0103595e-02;2.2500000e+01;1.4850512e-01;2.2500000e+01;2.2407922e-01;2.2500000e+01;2.4894708e-01;2.2500000e+01;2.2085473e-01;2.2500000e+01;1.8372190e-01;2.2500000e+01;2.2518924e-01;2.2500000e+01;1.9405885e-01;2.2500000e+01;1.4584216e-01;2.2500000e+01;9.4008341e-02;2.2500000e+01;4.8645161e-02;2.2500000e+01;-1.6595423e-04;2.2500000e+01;-4.1481048e-02;2.2500000e+01;-8.4794402e-02;2.2500000e+01;-1.2932453e-01;2.2500000e+01;-7.6184742e-02;2.2500000e+01;-6.1254580e-02;2.2500000e+01;-1.3498748e-02;2.2500000e+01;6.0103595e-02;2.2500000e+01;1.4850512e-01;2.2500000e+01;2.2407922e-01;2.2500000e+01;2.4894708e-01;2.2500000e+01;2.2085473e-01;2.2500000e+01;1.8372190e-01;2.2500000e+01;2.2518924e-01;2.2500000e+01;1.9405885e-01;2.2500000e+01;1.4584216e-01;2.2500000e+01;9.4008341e-02;2.2500000e+01;4.8645161e-02;2.2500000e+01;-1.6595423e-04;2.2500000e+01;-4.1481048e-02;2.2500000e+01;-8.4794402e-02;2.2500000e+01;-1.2932453e-01;2.2500000e+01;-7.6184742e-02;2.2500000e+01;-6.1254580e-02;2.2500000e+01;-1.3498748e-02;2.2500000e+01;6.0103595e-02;2.2500000e+01;1.4850512e-01;2.2500000e+01;2.2407922e-01;2.2500000e+01;2.4894708e-01;2.2500000e+01;2.2085473e-01;2.2500000e+01;1.8372190e-01;2.2500000e+01;2.2518924e-01;2.2500000e+01;1.9405885e-01;2.2500000e+01;1.4584216e-01;2.2500000e+01;9.4008341e-02;2.2500000e+01;4.8645161e-02;2.2500000e+01;-1.6595423e-04;2.2500000e+01;-4.1481048e-02;2.2500000e+01;-8.4794402e-02;2.2500000e+01;-1.2932453e-01;2.2500000e+01;-7.6184742e-02;2.2500000e+01;-6.1254580e-02;2.2500000e+01;-1.3498748e-02;2.2500000e+01;6.0103595e-02;2.2500000e+01;1.4850512e-01;2.2500000e+01;2.2407922e-01;2.2500000e+01;2.4894708e-01;2.2500000e+01;2.2085473e-01;2.2500000e+01;1.8372190e-01;2.2500000e+01;2.2518924e-01;2.2500000e+01;1.9405885e-01;2.2500000e+01;1.4584216e-01;2.2500000e+01;9.4008341e-02;2.2500000e+01;4.8645161e-02;2.2500000e+01;-1.6595423e-04;2.2500000e+01;-4.1481048e-02;2.2500000e+01;-8.4794402e-02;2.2500000e+01;-1.2932453e-01;2.2500000e+01;-7.6184742e-02;2.2500000e+01;-6.1254580e-02;2.2500000e+01;-1.3498748e-02;2.2500000e+01;6.0103595e-02;2.2500000e+01;1.4850512e-01;2.2500000e+01;2.2407922e-01;2.2500000e+01;2.4894708e-01;2.2500000e+01;2.2085473e-01;2.2500000e+01;1.8372190e-01;2.2500000e+01;2.2518924e-01;2.2500000e+01;1.9405885e-01;2.2500000e+01;1.4584216e-01;2.2500000e+01;9.4008341e-02;2.2500000e+01;4.8645161e-02;2.2500000e+01;-1.6595423e-04;2.2500000e+01;-4.1481048e-02;2.2500000e+01;-8.4794402e-02;2.2500000e+01;-1.2932453e-01;2.2500000e+01;-7.6184742e-02;2.2500000e+01;-6.1254580e-02;2.2500000e+01;-1.3498748e-02;2.2500000e+01;6.0103595e-02;2.2500000e+01;1.4850512e-01;2.2500000e+01;2.2407922e-01;2.2500000e+01;2.4894708e-01;2.2500000e+01;2.2085473e-01;2.2500000e+01;1.8372190e-01;2.2500000e+01;2.2518924e-01;2.2500000e+01;1.9405885e-01;2.2500000e+01;1.4584216e-01;2.2500000e+01;9.4008341e-02;2.2500000e+01;4.8645161e-02;2.2500000e+01;-1.6595423e-04;2.2500000e+01;-4.1481048e-02;2.2500000e+01;-8.4794402e-02;2.2500000e+01;-1.2932453e-01;2.2500000e+01;-7.6184742e-02;2.2500000e+01;-6.1254580e-02;2.2500000e+01;-1.3498748e-02;2.2500000e+01;6.0103595e-02;2.2500000e+01;1.4850512e-01;2.2500000e+01;2.2407922e-01;2.2500000e+01;2.4894708e-01;2.2500000e+01;2.2085473e-01;2.2500000e+01;1.8372190e-01;2.2500000e+01;2.2518924e-01;2.2500000e+01;1.9405885e-01;2.2500000e+01;1.4584216e-01;2.2500000e+01;9.4008341e-02;2.2500000e+01;4.8645161e-02;2.2500000e+01;-1.6595423e-04;2.2500000e+01;-4.1481048e-02;2.2500000e+01;-8.4794402e-02;2.2500000e+01;-1.2932453e-01;2.2500000e+01;-7.6184742e-02;2.2500000e+01;-6.1254580e-02;2.2500000e+01;-1.3498748e-02;2.2500000e+01;6.0103595e-02;2.2500000e+01;1.4850512e-01;2.2500000e+01;2.2407922e-01;2.2500000e+01;2.4894708e-01;2.2500000e+01;2.2085473e-01;2.2500000e+01;1.8372190e-01;2.2500000e+01;2.2518924e-01;2.2500000e+01;1.9405885e-01;2.2500000e+01;1.4584216e-01;2.2500000e+01;9.4008341e-02;2.2500000e+01;4.8645161e-02;2.2500000e+01;-1.6595423e-04;2.2500000e+01;-4.1481048e-02;2.2500000e+01;-8.4794402e-02;2.2500000e+01;-1.2932453e-01;2.2500000e+01;-7.6184742e-02;2.2500000e+01;-6.1254580e-02;2.2500000e+01;-1.3498748e-02;2.2500000e+01;6.0103595e-02;2.2500000e+01;1.4850512e-01;2.2500000e+01;2.2407922e-01;2.2500000e+01;2.4894708e-01;2.2500000e+01;2.2085473e-01;2.2500000e+01;1.8372190e-01;2.2500000e+01;2.2518924e-01;2.2500000e+01;1.9405885e-01;2.2500000e+01;1.4584216e-01;2.2500000e+01;9.4008341e-02;2.2500000e+01;4.8645161e-02;2.2500000e+01;-1.6595423e-04;2.2500000e+01;-4.1481048e-02;2.2500000e+01;-8.4794402e-02;2.2500000e+01;-1.2932453e-01;2.2500000e+01;-7.6184742e-02;2.2500000e+01;-6.1254580e-02;2.2500000e+01;-1.3498748e-02;2.2500000e+01;6.0103595e-02;2.2500000e+01;1.4850512e-01;2.2500000e+01;2.2407922e-01;2.2500000e+01;2.4894708e-01;2.2500000e+01;2.2085473e-01;2.2500000e+01;1.8372190e-01;2.2500000e+01;2.2518924e-01;2.2500000e+01;1.9405885e-01;2.2500000e+01;1.4584216e-01;2.2500000e+01;9.4008341e-02;2.2500000e+01;4.8645161e-02;2.2500000e+01;-1.6595423e-04;2.2500000e+01;-4.1481048e-02;2.2500000e+01;-8.4794402e-02;2.2500000e+01;-1.2932453e-01;2.2500000e+01;-7.6184742e-02;2.2500000e+01;-6.1254580e-02;2.2500000e+01;-1.3498748e-02;2.2500000e+01;6.0103595e-02;2.2500000e+01;1.4850512e-01;2.2500000e+01;2.2407922e-01;2.2500000e+01;2.4894708e-01;2.2500000e+01;2.2085473e-01;2.2500000e+01;1.8372190e-01;2.2500000e+01;2.2518924e-01;2.2500000e+01;1.9405885e-01;2.2500000e+01;1.4584216e-01;2.2500000e+01;9.4008341e-02;2.2500000e+01;4.8645161e-02;2.2500000e+01;-1.6595423e-04;2.2500000e+01;-4.1481048e-02;2.2500000e+01;-8.4794402e-02;2.2500000e+01;-1.2932453e-01;2.2500000e+01;-7.6184742e-02;2.2500000e+01;-6.1254580e-02;2.2500000e+01;-1.3498748e-02;2.2500000e+01;6.0103595e-02;2.2500000e+01;1.4850512e-01;2.2500000e+01;2.2407922e-01;2.2500000e+01;2.4894708e-01;2.2500000e+01;2.2085473e-01;2.2500000e+01;1.8372190e-01;2.2500000e+01;2.2518924e-01;2.2500000e+01;1.9405885e-01;2.2500000e+01;1.4584216e-01;2.2500000e+01;9.4008341e-02;2.2500000e+01;4.8645161e-02;2.2500000e+01;-1.6595423e-04;2.2500000e+01;-4.1481048e-02;2.2500000e+01;-8.4794402e-02;2.2500000e+01;-1.2932453e-01;2.2500000e+01;-7.6184742e-02;2.2500000e+01;-6.1254580e-02;2.2500000e+01;-1.3498748e-02;2.2500000e+01;6.0103595e-02;2.2500000e+01;1.4850512e-01;2.2500000e+01;2.2407922e-01;2.2500000e+01;2.4894708e-01;2.2500000e+01;2.2085473e-01;2.2500000e+01;1.8372190e-01;2.2500000e+01;2.2518924e-01;2.2500000e+01;1.9405885e-01;2.2500000e+01;1.4584216e-01;2.2500000e+01;9.4008341e-02;2.2500000e+01;4.8645161e-02;2.2500000e+01;-1.6595423e-04;2.2500000e+01;-4.1481048e-02;2.2500000e+01;-8.4794402e-02;2.2500000e+01;-1.2932453e-01;2.2500000e+01;-7.6184742e-02;2.2500000e+01;-6.1254580e-02;2.2500000e+01;-1.3498748e-02;2.2500000e+01;6.0103595e-02;2.2500000e+01;1.4850512e-01;2.2500000e+01;2.2407922e-01;2.2500000e+01;2.4894708e-01;2.2500000e+01;2.2085473e-01;2.2500000e+01;1.8372190e-01;2.2500000e+01;2.2518924e-01;2.2500000e+01;1.9405885e-01;2.2500000e+01;1.4584216e-01;2.2500000e+01;9.4008341e-02;2.2500000e+01;4.8645161e-02;2.2500000e+01;-1.6595423e-04;2.2500000e+01;-4.1481048e-02;2.2500000e+01;-8.4794402e-02;2.2500000e+01;-1.2932453e-01;2.2500000e+01;-7.6184742e-02;2.2500000e+01;-6.1254580e-02;2.2500000e+01;-1.3498748e-02;2.2500000e+01;6.0103595e-02;2.2500000e+01;1.4850512e-01;2.2500000e+01;2.2407922e-01;2.2500000e+01;2.4894708e-01;2.2500000e+01;2.2085473e-01;2.2500000e+01;1.8372190e-01;2.2500000e+01;2.2518924e-01;2.2500000e+01;1.9405885e-01;2.2500000e+01;1.4584216e-01;2.2500000e+01;9.4008341e-02;2.2500000e+01;4.8645161e-02;2.2500000e+01;-1.6595423e-04;2.2500000e+01;-4.1481048e-02;2.2500000e+01;-8.4794402e-02;2.2500000e+01;-1.2932453e-01;2.2500000e+01;-7.6184742e-02;2.2500000e+01;-6.1254580e-02;2.2500000e+01;-1.3498748e-02;2.2500000e+01;6.0103595e-02;2.2500000e+01;1.4850512e-01;2.2500000e+01;2.2407922e-01;2.2500000e+01;2.4894708e-01;2.2500000e+01;2.2085473e-01;2.2500000e+01;1.8372190e-01;2.2500000e+01;2.2518924e-01;2.2500000e+01;1.9405885e-01;2.2500000e+01;1.4584216e-01;2.2500000e+01;9.4008341e-02;2.2500000e+01;4.8645161e-02;2.2500000e+01;-1.6595423e-04;2.2500000e+01;-4.1481048e-02;2.2500000e+01;-8.4794402e-02;2.2500000e+01;-1.2932453e-01;2.2500000e+01;-7.6184742e-02;2.2500000e+01;-6.1254580e-02;2.2500000e+01;-1.3498748e-02;2.2500000e+01;6.0103595e-02;2.2500000e+01;1.4850512e-01;2.2500000e+01;2.2407922e-01;2.2500000e+01;2.4894708e-01;2.2500000e+01;2.2085473e-01;2.2500000e+01;1.8372190e-01;2.2500000e+01;2.2518924e-01;2.2500000e+01;1.9405885e-01;2.2500000e+01;1.4584216e-01;2.2500000e+01;9.4008341e-02;2.2500000e+01;4.8645161e-02;2.2500000e+01;-1.6595423e-04;2.2500000e+01;-4.1481048e-02;2.2500000e+01;-8.4794402e-02;2.2500000e+01;-1.2932453e-01;2.2500000e+01;-7.6184742e-02;2.2500000e+01;-6.1254580e-02;2.2500000e+01;-1.3498748e-02;2.2500000e+01;6.0103595e-02;2.2500000e+01;1.4850512e-01;2.2500000e+01;2.2407922e-01;2.2500000e+01;2.4894708e-01;2.2500000e+01;2.2085473e-01;2.2500000e+01;1.8372190e-01;2.2500000e+01;2.2518924e-01;2.2500000e+01;1.9405885e-01;2.2500000e+01;1.4584216e-01;2.2500000e+01;9.4008341e-02;2.2500000e+01;4.8645161e-02;2.2500000e+01;-1.6595423e-04;2.2500000e+01;-4.1481048e-02;2.2500000e+01;-8.4794402e-02;2.2500000e+01;-1.2932453e-01;2.2500000e+01;-7.6184742e-02;2.2500000e+01;-6.1254580e-02;2.2500000e+01;-1.3498748e-02;2.2500000e+01;6.0103595e-02;2.2500000e+01;1.4850512e-01;2.2500000e+01;2.2407922e-01;2.2500000e+01;2.4894708e-01;2.2500000e+01;2.2085473e-01;2.2500000e+01;1.8372190e-01;2.2500000e+01;2.2518924e-01;2.2500000e+01;1.9405885e-01;2.2500000e+01;1.4584216e-01;2.2500000e+01;9.4008341e-02;2.2500000e+01;4.8645161e-02;2.2500000e+01;-1.6595423e-04;2.2500000e+01;-4.1481048e-02;2.2500000e+01;-8.4794402e-02;2.2500000e+01;-1.2932453e-01;2.2500000e+01;-7.6184742e-02;2.2500000e+01;-6.1254580e-02;2.2500000e+01;-1.3498748e-02;2.2500000e+01;6.0103595e-02;2.2500000e+01;1.4850512e-01;2.2500000e+01;2.2407922e-01;2.2500000e+01;2.4894708e-01;2.2500000e+01;2.2085473e-01;2.2500000e+01;1.8372190e-01;2.2500000e+01;2.2518924e-01;2.2500000e+01;1.9405885e-01;2.2500000e+01;1.4584216e-01;2.2500000e+01;9.4008341e-02;2.2500000e+01;4.8645161e-02;2.2500000e+01;-1.6595423e-04;2.2500000e+01;-4.1481048e-02;2.2500000e+01;-8.4794402e-02;2.2500000e+01;-1.2932453e-01;2.2500000e+01;-7.6184742e-02;2.2500000e+01;-6.1254580e-02;2.2500000e+01;-1.3498748e-02;2.2500000e+01;6.0103595e-02;2.2500000e+01;1.4850512e-01;2.2500000e+01;2.2407922e-01;2.2500000e+01;2.4894708e-01;2.2500000e+01;2.2085473e-01;2.2500000e+01;1.8372190e-01;2.2500000e+01;2.2518924e-01;2.2500000e+01;1.9405885e-01;2.2500000e+01;1.4584216e-01;2.2500000e+01;9.4008341e-02;2.2500000e+01;4.8645161e-02;2.2500000e+01;-1.6595423e-04;2.2500000e+01;-4.1481048e-02;2.2500000e+01;-8.4794402e-02;2.2500000e+01;-1.2932453e-01;2.2500000e+01;-7.6184742e-02;2.2500000e+01;-6.1254580e-02;2.2500000e+01;-1.3498748e-02;2.2500000e+01;6.0103595e-02;2.2500000e+01;1.4850512e-01;2.2500000e+01;2.2407922e-01;2.2500000e+01;2.4894708e-01;2.2500000e+01;2.2085473e-01;2.2500000e+01;1.8372190e-01;2.2500000e+01;2.2518924e-01;2.2500000e+01;1.9405885e-01;2.2500000e+01;1.4584216e-01;2.2500000e+01;9.4008341e-02;2.2500000e+01;4.8645161e-02;2.2500000e+01;-1.6595423e-04;2.2500000e+01;-4.1481048e-02;2.2500000e+01;-8.4794402e-02;2.2500000e+01;-1.2932453e-01;2.2500000e+01;-7.6184742e-02;2.2500000e+01;-6.1254580e-02;2.2500000e+01;-1.3498748e-02;2.2500000e+01;6.0103595e-02;2.2500000e+01;1.4850512e-01;2.2500000e+01;2.2407922e-01;2.2500000e+01;2.4894708e-01;2.2500000e+01;2.2085473e-01;2.2500000e+01;1.8372190e-01;2.2500000e+01;2.2518924e-01;2.2500000e+01;1.9405885e-01;2.2500000e+01;1.4584216e-01;2.2500000e+01;9.4008341e-02;2.2500000e+01;4.8645161e-02;2.2500000e+01;-1.6595423e-04;2.2500000e+01;-4.1481048e-02;2.2500000e+01;-8.4794402e-02;2.2500000e+01;-1.2932453e-01;2.2500000e+01;-7.6184742e-02;2.2500000e+01;-6.1254580e-02;2.2500000e+01;-1.3498748e-02;2.2500000e+01;6.0103595e-02;2.2500000e+01;1.4850512e-01;2.2500000e+01;2.2407922e-01;2.2500000e+01;2.4894708e-01;2.2500000e+01;2.2085473e-01;2.2500000e+01;1.8372190e-01;2.2500000e+01;2.2518924e-01;2.2500000e+01;1.9405885e-01;2.2500000e+01;1.4584216e-01;2.2500000e+01;9.4008341e-02;2.2500000e+01;4.8645161e-02;2.2500000e+01;-1.6595423e-04;2.2500000e+01;-4.1481048e-02;2.2500000e+01;-8.4794402e-02;2.2500000e+01;-1.2932453e-01;2.2500000e+01;-7.6184742e-02;2.2500000e+01;-6.1254580e-02;2.2500000e+01;-1.3498748e-02;2.2500000e+01;6.0103595e-02;2.2500000e+01;1.4850512e-01;2.2500000e+01;2.2407922e-01;2.2500000e+01;2.4894708e-01;2.2500000e+01;2.2085473e-01;2.2500000e+01;1.8372190e-01;2.2500000e+01;2.2518924e-01;2.2500000e+01;1.9405885e-01;2.2500000e+01;1.4584216e-01;2.2500000e+01;9.4008341e-02;2.2500000e+01;4.8645161e-02;2.2500000e+01;-1.6595423e-04;2.2500000e+01;-4.1481048e-02;2.2500000e+01;-8.4794402e-02;2.2500000e+01;-1.2932453e-01;2.2500000e+01;-7.6184742e-02;2.2500000e+01;-6.1254580e-02;2.2500000e+01;-1.3498748e-02;2.2500000e+01;6.0103595e-02;2.2500000e+01;1.4850512e-01;2.2500000e+01;2.2407922e-01;2.2500000e+01;2.4894708e-01;2.2500000e+01;2.2085473e-01;2.2500000e+01;1.8372190e-01;2.2500000e+01;2.2518924e-01;2.2500000e+01;1.9405885e-01;2.2500000e+01;1.4584216e-01;2.2500000e+01;9.4008341e-02;2.2500000e+01;4.8645161e-02;2.2500000e+01;-1.6595423e-04;2.2500000e+01;-4.1481048e-02;2.2500000e+01;-8.4794402e-02;2.2500000e+01;-1.2932453e-01;2.2500000e+01;-7.6184742e-02;2.2500000e+01;-6.1254580e-02;2.2500000e+01;-1.3498748e-02;2.2500000e+01;6.0103595e-02;2.2500000e+01;1.4850512e-01;2.2500000e+01;2.2407922e-01;2.2500000e+01;2.4894708e-01;2.2500000e+01;2.2085473e-01;2.2500000e+01;1.8372190e-01;2.2500000e+01;2.2518924e-01;2.2500000e+01;1.9405885e-01;2.2500000e+01;1.4584216e-01;2.2500000e+01;9.4008341e-02;2.2500000e+01;4.8645161e-02;2.2500000e+01;-1.6595423e-04;2.2500000e+01;-4.1481048e-02;2.2500000e+01;-8.4794402e-02;2.2500000e+01;-1.2932453e-01;2.2500000e+01;-7.6184742e-02;2.2500000e+01;-6.1254580e-02;2.2500000e+01;-1.3498748e-02;2.2500000e+01;6.0103595e-02;2.2500000e+01;1.4850512e-01;2.2500000e+01;2.2407922e-01;2.2500000e+01;2.4894708e-01;2.2500000e+01;2.2085473e-01;2.2500000e+01;1.8372190e-01;2.2500000e+01;2.2518924e-01;2.2500000e+01;1.9405885e-01;2.2500000e+01;1.4584216e-01;2.2500000e+01;9.4008341e-02;2.2500000e+01;4.8645161e-02;2.2500000e+01;-1.6595423e-04;2.2500000e+01;-4.1481048e-02;2.2500000e+01;-8.4794402e-02;2.2500000e+01;-1.2932453e-01;2.2500000e+01;-7.6184742e-02;2.2500000e+01;-6.1254580e-02;2.2500000e+01;-1.3498748e-02;2.2500000e+01;6.0103595e-02;2.2500000e+01;1.4850512e-01;2.2500000e+01;2.2407922e-01;2.2500000e+01;2.4894708e-01;2.2500000e+01;2.2085473e-01;2.2500000e+01;1.8372190e-01;2.2500000e+01;2.2518924e-01;2.2500000e+01;1.9405885e-01;2.2500000e+01;1.4584216e-01;2.2500000e+01;9.4008341e-02;2.2500000e+01;4.8645161e-02;2.2500000e+01;-1.6595423e-04;2.2500000e+01;-4.1481048e-02;2.2500000e+01;-8.4794402e-02;2.2500000e+01;-1.2932453e-01;2.2500000e+01;-7.6184742e-02;2.2500000e+01;-6.1254580e-02;2.2500000e+01;-1.3498748e-02;2.2500000e+01;6.0103595e-02;2.2500000e+01;1.4850512e-01;2.2500000e+01;2.2407922e-01;2.2500000e+01;2.4894708e-01;2.2500000e+01;2.2085473e-01;2.2500000e+01;1.8372190e-01;2.2500000e+01;2.2518924e-01;2.2500000e+01;1.9405885e-01;2.2500000e+01;1.4584216e-01;2.2500000e+01;9.4008341e-02;2.2500000e+01;4.8645161e-02;2.2500000e+01;-1.6595423e-04;2.2500000e+01;-4.1481048e-02;2.2500000e+01;-8.4794402e-02;2.2500000e+01;-1.2932453e-01;2.2500000e+01;-7.6184742e-02;2.2500000e+01;-6.1254580e-02;2.2500000e+01;-1.3498748e-02;2.2500000e+01;6.0103595e-02;2.2500000e+01;1.4850512e-01;2.2500000e+01;2.2407922e-01;2.2500000e+01;2.4894708e-01;2.2500000e+01;2.2085473e-01;2.2500000e+01;1.8372190e-01;2.2500000e+01;2.2518924e-01;2.2500000e+01;1.9405885e-01;2.2500000e+01;1.4584216e-01;2.2500000e+01;9.4008341e-02;2.2500000e+01;4.8645161e-02;2.2500000e+01;-1.6595423e-04;2.2500000e+01;-4.1481048e-02;2.2500000e+01;-8.4794402e-02;2.2500000e+01;-1.2932453e-01;2.2500000e+01;-7.6184742e-02;2.2500000e+01;-6.1254580e-02;2.2500000e+01;-1.3498748e-02;2.2500000e+01;6.0103595e-02;2.2500000e+01;1.4850512e-01;2.2500000e+01;2.2407922e-01;2.2500000e+01;2.4894708e-01;2.2500000e+01;2.2085473e-01;2.2500000e+01;1.8372190e-01;2.2500000e+01;2.2518924e-01;2.2500000e+01;1.9405885e-01;2.2500000e+01;1.4584216e-01;2.2500000e+01;9.4008341e-02;2.2500000e+01;4.8645161e-02;2.2500000e+01;-1.6595423e-04;2.2500000e+01;-4.1481048e-02;2.2500000e+01;-8.4794402e-02;2.2500000e+01;-1.2932453e-01;2.2500000e+01;-7.6184742e-02;2.2500000e+01;-6.1254580e-02;2.2500000e+01;-1.3498748e-02;2.2500000e+01;6.0103595e-02;2.2500000e+01;1.4850512e-01;2.2500000e+01;2.2407922e-01;2.2500000e+01;2.4894708e-01;2.2500000e+01;2.2085473e-01;2.2500000e+01;1.8372190e-01;2.2500000e+01;2.2518924e-01;2.2500000e+01;1.9405885e-01;2.2500000e+01;1.4584216e-01;2.2500000e+01;9.4008341e-02;2.2500000e+01;4.8645161e-02;2.2500000e+01;-1.6595423e-04;2.2500000e+01;-4.1481048e-02;2.2500000e+01;-8.4794402e-02;2.2500000e+01;-1.2932453e-01;2.2500000e+01;-7.6184742e-02;2.2500000e+01;-6.1254580e-02;2.2500000e+01;-1.3498748e-02;2.2500000e+01;6.0103595e-02;2.2500000e+01;1.4850512e-01;2.2500000e+01;2.2407922e-01;2.2500000e+01;2.4894708e-01;2.2500000e+01;2.2085473e-01;2.2500000e+01;1.8372190e-01;2.2500000e+01;2.2518924e-01;2.2500000e+01;1.9405885e-01;2.2500000e+01;1.4584216e-01;2.2500000e+01;9.4008341e-02;2.2500000e+01;4.8645161e-02;2.2500000e+01;-1.6595423e-04;2.2500000e+01;-4.1481048e-02;2.2500000e+01;-8.4794402e-02;2.2500000e+01;-1.2932453e-01;2.2500000e+01;-7.6184742e-02;2.2500000e+01;-6.1254580e-02;2.2500000e+01;-1.3498748e-02;2.2500000e+01;6.0103595e-02;2.2500000e+01;1.4850512e-01;2.2500000e+01;2.2407922e-01;2.2500000e+01;2.4894708e-01;2.2500000e+01;2.2085473e-01;2.2500000e+01;1.8372190e-01;2.2500000e+01;2.2518924e-01;2.2500000e+01;1.9405885e-01;2.2500000e+01;1.4584216e-01;2.2500000e+01;9.4008341e-02;2.2500000e+01;4.8645161e-02;2.2500000e+01;-1.6595423e-04;2.2500000e+01;-4.1481048e-02;2.2500000e+01;-8.4794402e-02;2.2500000e+01;-1.2932453e-01;2.2500000e+01;-7.6184742e-02;2.2500000e+01;-6.1254580e-02;2.2500000e+01;-1.3498748e-02;2.2500000e+01;6.0103595e-02;2.2500000e+01;1.4850512e-01;2.2500000e+01;2.2407922e-01;2.2500000e+01;2.4894708e-01;2.2500000e+01;2.2085473e-01;2.2500000e+01;1.8372190e-01;2.2500000e+01;2.2518924e-01;2.2500000e+01;1.9405885e-01;2.2500000e+01;1.4584216e-01;2.2500000e+01;9.4008341e-02;2.2500000e+01;4.8645161e-02;2.2500000e+01;-1.6595423e-04;2.2500000e+01;-4.1481048e-02;2.2500000e+01;-8.4794402e-02;2.2500000e+01;-1.2932453e-01;2.2500000e+01;-7.6184742e-02;2.2500000e+01;-6.1254580e-02;2.2500000e+01;-1.3498748e-02;2.2500000e+01;6.0103595e-02;2.2500000e+01;1.4850512e-01;2.2500000e+01;2.2407922e-01;2.2500000e+01;2.4894708e-01;2.2500000e+01;2.2085473e-01;2.2500000e+01;1.8372190e-01;2.2500000e+01;2.2518924e-01;2.2500000e+01;1.9405885e-01;2.2500000e+01;1.4584216e-01;2.2500000e+01;9.4008341e-02;2.2500000e+01;4.8645161e-02;2.2500000e+01;-1.6595423e-04;2.2500000e+01;-4.1481048e-02;2.2500000e+01;-8.4794402e-02;2.2500000e+01;-1.2932453e-01;2.2500000e+01;-7.6184742e-02;2.2500000e+01;-6.1254580e-02;2.2500000e+01;-1.3498748e-02;2.2500000e+01;6.0103595e-02;2.2500000e+01;1.4850512e-01;2.2500000e+01;2.2407922e-01;2.2500000e+01;2.4894708e-01;2.2500000e+01;2.2085473e-01;2.2500000e+01;1.8372190e-01;2.2500000e+01;2.2518924e-01;2.2500000e+01;1.9405885e-01;2.2500000e+01;1.4584216e-01;2.2500000e+01;9.4008341e-02;2.2500000e+01;4.8645161e-02;2.2500000e+01;-1.6595423e-04;2.2500000e+01;-4.1481048e-02;2.2500000e+01;-8.4794402e-02;2.2500000e+01;-1.2932453e-01;2.2500000e+01;-7.6184742e-02;2.2500000e+01;-6.1254580e-02;2.2500000e+01;-1.3498748e-02;2.2500000e+01;6.0103595e-02;2.2500000e+01;1.4850512e-01;2.2500000e+01;2.2407922e-01;2.2500000e+01;2.4894708e-01;2.2500000e+01;2.2085473e-01;2.2500000e+01;1.8372190e-01;2.2500000e+01;2.2518924e-01;2.2500000e+01;1.9405885e-01;2.2500000e+01;1.4584216e-01;2.2500000e+01;9.4008341e-02;2.2500000e+01;4.8645161e-02;2.2500000e+01;-1.6595423e-04;2.2500000e+01;-4.1481048e-02;2.2500000e+01;-8.4794402e-02;2.2500000e+01;-1.2932453e-01;2.2500000e+01;-7.6184742e-02;2.2500000e+01;-6.1254580e-02;2.2500000e+01;-1.3498748e-02;2.2500000e+01;6.0103595e-02;2.2500000e+01;1.4850512e-01;2.2500000e+01;2.2407922e-01;2.2500000e+01;2.4894708e-01;2.2500000e+01;2.2085473e-01;2.2500000e+01;1.8372190e-01;2.2500000e+01;2.2518924e-01;2.2500000e+01;1.9405885e-01;2.2500000e+01;1.4584216e-01;2.2500000e+01;9.4008341e-02;2.2500000e+01;4.8645161e-02;2.2500000e+01;-1.6595423e-04;2.2500000e+01;-4.1481048e-02;2.2500000e+01;-8.4794402e-02;2.2500000e+01;-1.2932453e-01;2.2500000e+01;-7.6184742e-02;2.2500000e+01;-6.1254580e-02;2.2500000e+01;-1.3498748e-02;2.2500000e+01;6.0103595e-02;2.2500000e+01;1.4850512e-01;2.2500000e+01;2.2407922e-01;2.2500000e+01;2.4894708e-01;2.2500000e+01;2.2085473e-01;2.2500000e+01;1.8372190e-01;2.2500000e+01;2.2518924e-01;2.2500000e+01;1.9405885e-01;2.2500000e+01;1.4584216e-01;2.2500000e+01;9.4008341e-02;2.2500000e+01;4.8645161e-02;2.2500000e+01;-1.6595423e-04;2.2500000e+01;-4.1481048e-02;2.2500000e+01;-8.4794402e-02;2.2500000e+01;-1.2932453e-01;2.2500000e+01;-7.6184742e-02;2.2500000e+01;-6.1254580e-02;2.2500000e+01;-1.3498748e-02;2.2500000e+01;6.0103595e-02;2.2500000e+01;1.4850512e-01;2.2500000e+01;2.2407922e-01;2.2500000e+01;2.4894708e-01;2.2500000e+01;2.2085473e-01;2.2500000e+01;1.8372190e-01;2.2500000e+01;2.2518924e-01;2.2500000e+01;1.9405885e-01;2.2500000e+01;1.4584216e-01;2.2500000e+01;9.4008341e-02;2.2500000e+01;4.8645161e-02;2.2500000e+01;-1.6595423e-04;2.2500000e+01;-4.1481048e-02;2.2500000e+01;-8.4794402e-02;2.2500000e+01;-1.2932453e-01;2.2500000e+01;-7.6184742e-02;2.2500000e+01;-6.1254580e-02;2.2500000e+01;-1.3498748e-02;2.2500000e+01;6.0103595e-02;2.2500000e+01;1.4850512e-01;2.2500000e+01;2.2407922e-01;2.2500000e+01;2.4894708e-01;2.2500000e+01;2.2085473e-01;2.2500000e+01;1.8372190e-01;2.2500000e+01;2.2518924e-01;2.2500000e+01;1.9405885e-01;2.2500000e+01;1.4584216e-01;2.2500000e+01;9.4008341e-02;2.2500000e+01;4.8645161e-02;2.2500000e+01;-1.6595423e-04;2.2500000e+01;-4.1481048e-02;2.2500000e+01;-8.4794402e-02;2.2500000e+01;-1.2932453e-01;2.2500000e+01;-7.6184742e-02;2.2500000e+01;-6.1254580e-02;2.2500000e+01;-1.3498748e-02;2.2500000e+01;6.0103595e-02;2.2500000e+01;1.4850512e-01;2.2500000e+01;2.2407922e-01;2.2500000e+01;2.4894708e-01;2.2500000e+01;2.2085473e-01;2.2500000e+01;1.8372190e-01;2.2500000e+01;2.2518924e-01;2.2500000e+01;1.9405885e-01;2.2500000e+01;1.4584216e-01;2.2500000e+01;9.4008341e-02;2.2500000e+01;4.8645161e-02;2.2500000e+01;-1.6595423e-04;2.2500000e+01;-4.1481048e-02;2.2500000e+01;-8.4794402e-02;2.2500000e+01;-1.2932453e-01;2.2500000e+01;-7.6184742e-02;2.2500000e+01;-6.1254580e-02;2.2500000e+01;-1.3498748e-02;2.2500000e+01;6.0103595e-02;2.2500000e+01;1.4850512e-01;2.2500000e+01;2.2407922e-01;2.2500000e+01;2.4894708e-01;2.2500000e+01;2.2085473e-01;2.2500000e+01;1.8372190e-01;2.2500000e+01;2.2518924e-01;2.2500000e+01;1.9405885e-01;2.2500000e+01;1.4584216e-01;2.2500000e+01;9.4008341e-02;2.2500000e+01;4.8645161e-02;2.2500000e+01;-1.6595423e-04;2.2500000e+01;-4.1481048e-02;2.2500000e+01;-8.4794402e-02;2.2500000e+01;-1.2932453e-01;2.2500000e+01;-7.6184742e-02;2.2500000e+01;-6.1254580e-02;2.2500000e+01;-1.3498748e-02;2.2500000e+01;6.0103595e-02;2.2500000e+01;1.4850512e-01;2.2500000e+01;2.2407922e-01;2.2500000e+01;2.4894708e-01;2.2500000e+01;2.2085473e-01;2.2500000e+01;1.8372190e-01;2.2500000e+01;2.2518924e-01;2.2500000e+01;1.9405885e-01;2.2500000e+01;1.4584216e-01;2.2500000e+01;9.4008341e-02;2.2500000e+01;4.8645161e-02;2.2500000e+01;-1.6595423e-04;2.2500000e+01;-4.1481048e-02;2.2500000e+01;-8.4794402e-02;2.2500000e+01;-1.2932453e-01;2.2500000e+01;-7.6184742e-02;2.2500000e+01;-6.1254580e-02;2.2500000e+01;-1.3498748e-02;2.2500000e+01;6.0103595e-02;2.2500000e+01;1.4850512e-01;2.2500000e+01;2.2407922e-01;2.2500000e+01;2.4894708e-01;2.2500000e+01;2.2085473e-01;2.2500000e+01;1.8372190e-01;2.2500000e+01;2.2518924e-01;2.2500000e+01;1.9405885e-01;2.2500000e+01;1.4584216e-01;2.2500000e+01;9.4008341e-02;2.2500000e+01;4.8645161e-02;2.2500000e+01;-1.6595423e-04;2.2500000e+01;-4.1481048e-02;2.2500000e+01;-8.4794402e-02;2.2500000e+01;-1.2932453e-01;2.2500000e+01;-7.6184742e-02;2.2500000e+01;-6.1254580e-02;2.2500000e+01;-1.3498748e-02;2.2500000e+01;6.0103595e-02;2.2500000e+01;1.4850512e-01;2.2500000e+01;2.2407922e-01;2.2500000e+01;2.4894708e-01;2.2500000e+01;2.2085473e-01;2.2500000e+01;1.8372190e-01;2.2500000e+01;2.2518924e-01;2.2500000e+01;1.9405885e-01;2.2500000e+01;1.4584216e-01;2.2500000e+01;9.4008341e-02;2.2500000e+01;4.8645161e-02;2.2500000e+01;-1.6595423e-04;2.2500000e+01;-4.1481048e-02;2.2500000e+01;-8.4794402e-02;2.2500000e+01;-1.2932453e-01;2.2500000e+01;-7.6184742e-02;2.2500000e+01;-6.1254580e-02;2.2500000e+01;-1.3498748e-02;2.2500000e+01;6.0103595e-02;2.2500000e+01;1.4850512e-01;2.2500000e+01;2.2407922e-01;2.2500000e+01;2.4894708e-01;2.2500000e+01;2.2085473e-01;2.2500000e+01;1.8372190e-01;2.2500000e+01;2.2518924e-01;2.2500000e+01;1.9405885e-01;2.2500000e+01;1.4584216e-01;2.2500000e+01;9.4008341e-02;2.2500000e+01;4.8645161e-02;2.2500000e+01;-1.6595423e-04;2.2500000e+01;-4.1481048e-02;2.2500000e+01;-8.4794402e-02;2.2500000e+01;-1.2932453e-01;2.2500000e+01;-7.6184742e-02;2.2500000e+01;-6.1254580e-02;2.2500000e+01;-1.3498748e-02;2.2500000e+01;6.0103595e-02;2.2500000e+01;1.4850512e-01;2.2500000e+01;2.2407922e-01;2.2500000e+01;2.4894708e-01;2.2500000e+01;2.2085473e-01;2.2500000e+01;1.8372190e-01;2.2500000e+01;2.2518924e-01;2.2500000e+01;1.9405885e-01;2.2500000e+01;1.4584216e-01;2.2500000e+01;9.4008341e-02;2.2500000e+01;4.8645161e-02;2.2500000e+01;-1.6595423e-04;2.2500000e+01;-4.1481048e-02;2.2500000e+01;-8.4794402e-02;2.2500000e+01;-1.2932453e-01;2.2500000e+01;-7.6184742e-02;2.2500000e+01;-6.1254580e-02;2.2500000e+01;-1.3498748e-02;2.2500000e+01;6.0103595e-02;2.2500000e+01;1.4850512e-01;2.2500000e+01;2.2407922e-01;2.2500000e+01;2.4894708e-01;2.2500000e+01;2.2085473e-01;2.2500000e+01;1.8372190e-01;2.2500000e+01;2.2518924e-01;2.2500000e+01;1.9405885e-01;2.2500000e+01;1.4584216e-01;2.2500000e+01;9.4008341e-02;2.2500000e+01;4.8645161e-02;2.2500000e+01;-1.6595423e-04;2.2500000e+01;-4.1481048e-02;2.2500000e+01;-8.4794402e-02;2.2500000e+01;-1.2932453e-01;2.2500000e+01;-7.6184742e-02;2.2500000e+01;-6.1254580e-02;2.2500000e+01;-1.3498748e-02;2.2500000e+01;6.0103595e-02;2.2500000e+01;1.4850512e-01;2.2500000e+01;2.2407922e-01;2.2500000e+01;2.4894708e-01;2.2500000e+01;2.2085473e-01;2.2500000e+01;1.8372190e-01;2.2500000e+01;2.2518924e-01;2.2500000e+01;1.9405885e-01;2.2500000e+01;1.4584216e-01;2.2500000e+01;9.4008341e-02;2.2500000e+01;4.8645161e-02;2.2500000e+01;-1.6595423e-04;2.2500000e+01;-4.1481048e-02;2.2500000e+01;-8.4794402e-02;2.2500000e+01;-1.2932453e-01;2.2500000e+01;-7.6184742e-02;2.2500000e+01;-6.1254580e-02;2.2500000e+01;-1.3498748e-02;2.2500000e+01;6.0103595e-02;2.2500000e+01;1.4850512e-01;2.2500000e+01;2.2407922e-01;2.2500000e+01;2.4894708e-01;2.2500000e+01;2.2085473e-01;2.2500000e+01;1.8372190e-01;2.2500000e+01;2.2518924e-01;2.2500000e+01;1.9405885e-01;2.2500000e+01;1.4584216e-01;2.2500000e+01;9.4008341e-02;2.2500000e+01;4.8645161e-02;2.2500000e+01;-1.6595423e-04;2.2500000e+01;-4.1481048e-02;2.2500000e+01;-8.4794402e-02;2.2500000e+01;-1.2932453e-01;2.2500000e+01;-7.6184742e-02;2.2500000e+01;-6.1254580e-02;2.2500000e+01;-1.3498748e-02;2.2500000e+01;6.0103595e-02;2.2500000e+01;1.4850512e-01;2.2500000e+01;2.2407922e-01;2.2500000e+01;2.4894708e-01;2.2500000e+01;2.2085473e-01;2.2500000e+01;1.8372190e-01;2.2500000e+01;2.2518924e-01;2.2500000e+01;1.9405885e-01;2.2500000e+01;1.4584216e-01;2.2500000e+01;9.4008341e-02;2.2500000e+01;4.8645161e-02;2.2500000e+01;-1.6595423e-04;2.2500000e+01;-4.1481048e-02;2.2500000e+01;-8.4794402e-02;2.2500000e+01;-1.2932453e-01;2.2500000e+01;-7.6184742e-02;2.2500000e+01;-6.1254580e-02;2.2500000e+01;-1.3498748e-02;2.2500000e+01;6.0103595e-02;2.2500000e+01;1.4850512e-01;2.2500000e+01;2.2407922e-01;2.2500000e+01;2.4894708e-01;2.2500000e+01;2.2085473e-01;2.2500000e+01;1.8372190e-01;2.2500000e+01;2.2518924e-01;2.2500000e+01;1.9405885e-01;2.2500000e+01;1.4584216e-01;2.2500000e+01;9.4008341e-02;2.2500000e+01;4.8645161e-02;2.2500000e+01;-1.6595423e-04;2.2500000e+01;-4.1481048e-02;2.2500000e+01;-8.4794402e-02;2.2500000e+01;-1.2932453e-01;2.2500000e+01;-7.6184742e-02;2.2500000e+01;-6.1254580e-02;2.2500000e+01;-1.3498748e-02;2.2500000e+01;6.0103595e-02;2.2500000e+01;1.4850512e-01;2.2500000e+01;2.2407922e-01;2.2500000e+01;2.4894708e-01;2.2500000e+01;2.2085473e-01;2.2500000e+01;1.8372190e-01;2.2500000e+01;2.2518924e-01;2.2500000e+01;1.9405885e-01;2.2500000e+01;1.4584216e-01;2.2500000e+01;9.4008341e-02;2.2500000e+01;4.8645161e-02;2.2500000e+01;-1.6595423e-04;2.2500000e+01;-4.1481048e-02;2.2500000e+01;-8.4794402e-02;2.2500000e+01;-1.2932453e-01;2.2500000e+01;-7.6184742e-02;2.2500000e+01;-6.1254580e-02;2.2500000e+01;-1.3498748e-02;2.2500000e+01;6.0103595e-02;2.2500000e+01;1.4850512e-01;2.2500000e+01;2.2407922e-01;2.2500000e+01;2.4894708e-01;2.2500000e+01;2.2085473e-01;2.2500000e+01;1.8372190e-01;2.2500000e+01;2.2518924e-01;2.2500000e+01;1.9405885e-01;2.2500000e+01;1.4584216e-01;2.2500000e+01;9.4008341e-02;2.2500000e+01;4.8645161e-02;2.2500000e+01;-1.6595423e-04;2.2500000e+01;-4.1481048e-02;2.2500000e+01;-8.4794402e-02;2.2500000e+01;-1.2932453e-01;2.2500000e+01;-7.6184742e-02;2.2500000e+01;-6.1254580e-02;2.2500000e+01;-1.3498748e-02;2.2500000e+01;6.0103595e-02;2.2500000e+01;1.4850512e-01;2.2500000e+01;2.2407922e-01;2.2500000e+01;2.4894708e-01;2.2500000e+01;2.2085473e-01;2.2500000e+01;1.8372190e-01;2.2500000e+01;2.2518924e-01;2.2500000e+01;1.9405885e-01;2.2500000e+01;1.4584216e-01;2.2500000e+01;9.4008341e-02;2.2500000e+01;4.8645161e-02;2.2500000e+01;-1.6595423e-04;2.2500000e+01;-4.1481048e-02;2.2500000e+01;-8.4794402e-02;2.2500000e+01;-1.2932453e-01;2.2500000e+01;-7.6184742e-02;2.2500000e+01;-6.1254580e-02;2.2500000e+01;-1.3498748e-02;2.2500000e+01;6.0103595e-02;2.2500000e+01;1.4850512e-01;2.2500000e+01;2.2407922e-01;2.2500000e+01;2.4894708e-01;2.2500000e+01;2.2085473e-01;2.2500000e+01;1.8372190e-01;2.2500000e+01;2.2518924e-01;2.2500000e+01;1.9405885e-01;2.2500000e+01;1.4584216e-01;2.2500000e+01;9.4008341e-02;2.2500000e+01;4.8645161e-02;2.2500000e+01;-1.6595423e-04;2.2500000e+01;-4.1481048e-02;2.2500000e+01;-8.4794402e-02;2.2500000e+01;-1.2932453e-01;2.2500000e+01;-7.6184742e-02;2.2500000e+01;-6.1254580e-02;2.2500000e+01;-1.3498748e-02;2.2500000e+01;6.0103595e-02;2.2500000e+01;1.4850512e-01;2.2500000e+01;2.2407922e-01;2.2500000e+01;2.4894708e-01;2.2500000e+01;2.2085473e-01;2.2500000e+01;1.8372190e-01;2.2500000e+01;2.2518924e-01;2.2500000e+01;1.9405885e-01;2.2500000e+01;1.4584216e-01;2.2500000e+01;9.4008341e-02;2.2500000e+01;4.8645161e-02;2.2500000e+01;-1.6595423e-04;2.2500000e+01;-4.1481048e-02;2.2500000e+01;-8.4794402e-02;2.2500000e+01;-1.2932453e-01;2.2500000e+01;-7.6184742e-02;2.2500000e+01;-6.1254580e-02;2.2500000e+01;-1.3498748e-02;2.2500000e+01;6.0103595e-02;2.2500000e+01;1.4850512e-01;2.2500000e+01;2.2407922e-01;2.2500000e+01;2.4894708e-01;2.2500000e+01;2.2085473e-01;2.2500000e+01;1.8372190e-01;2.2500000e+01;2.2518924e-01;2.2500000e+01;1.9405885e-01;2.2500000e+01;1.4584216e-01;2.2500000e+01;9.4008341e-02;2.2500000e+01;4.8645161e-02;2.2500000e+01;-1.6595423e-04;2.2500000e+01;-4.1481048e-02;2.2500000e+01;-8.4794402e-02;2.2500000e+01;-1.2932453e-01;2.2500000e+01;-7.6184742e-02;2.2500000e+01;-6.1254580e-02;2.2500000e+01;-1.3498748e-02;2.2500000e+01;6.0103595e-02;2.2500000e+01;1.4850512e-01;2.2500000e+01;2.2407922e-01;2.2500000e+01;2.4894708e-01;2.2500000e+01;2.2085473e-01;2.2500000e+01;1.8372190e-01;2.2500000e+01;2.2518924e-01;2.2500000e+01;1.9405885e-01;2.2500000e+01;1.4584216e-01;2.2500000e+01;9.4008341e-02;2.2500000e+01;4.8645161e-02;2.2500000e+01;-1.6595423e-04;2.2500000e+01;-4.1481048e-02;2.2500000e+01;-8.4794402e-02;2.2500000e+01;-1.2932453e-01;2.2500000e+01;-7.6184742e-02;2.2500000e+01;-6.1254580e-02;2.2500000e+01;-1.3498748e-02;2.2500000e+01;6.0103595e-02;2.2500000e+01;1.4850512e-01;2.2500000e+01;2.2407922e-01;2.2500000e+01;2.4894708e-01;2.2500000e+01;2.2085473e-01;2.2500000e+01;1.8372190e-01;2.2500000e+01;2.2518924e-01;2.2500000e+01;1.9405885e-01;2.2500000e+01;1.4584216e-01;2.2500000e+01;9.4008341e-02;2.2500000e+01;4.8645161e-02;2.2500000e+01;-1.6595423e-04;2.2500000e+01;-4.1481048e-02;2.2500000e+01;-8.4794402e-02;2.2500000e+01;-1.2932453e-01;2.2500000e+01;-7.6184742e-02;2.2500000e+01;-6.1254580e-02;2.2500000e+01;-1.3498748e-02;2.2500000e+01;6.0103595e-02;2.2500000e+01;1.4850512e-01;2.2500000e+01;2.2407922e-01;2.2500000e+01;2.4894708e-01;2.2500000e+01;2.2085473e-01;2.2500000e+01;1.8372190e-01;2.2500000e+01;2.2518924e-01;2.2500000e+01;1.9405885e-01;2.2500000e+01;1.4584216e-01;2.2500000e+01;9.4008341e-02;2.2500000e+01;4.8645161e-02;2.2500000e+01;-1.6595423e-04;2.2500000e+01;-4.1481048e-02;2.2500000e+01;-8.4794402e-02;2.2500000e+01;-1.2932453e-01;2.2500000e+01;-7.6184742e-02;2.2500000e+01;-6.1254580e-02;2.2500000e+01;-1.3498748e-02;2.2500000e+01;6.0103595e-02;2.2500000e+01;1.4850512e-01;2.2500000e+01;2.2407922e-01;2.2500000e+01;2.4894708e-01;2.2500000e+01;2.2085473e-01;2.2500000e+01;1.8372190e-01;2.2500000e+01;2.2518924e-01;2.2500000e+01;1.9405885e-01;2.2500000e+01;1.4584216e-01;2.2500000e+01;9.4008341e-02;2.2500000e+01;4.8645161e-02;2.2500000e+01;-1.6595423e-04;2.2500000e+01;-4.1481048e-02;2.2500000e+01;-8.4794402e-02;2.2500000e+01;-1.2932453e-01;2.2500000e+01;-7.6184742e-02;2.2500000e+01;-6.1254580e-02;2.2500000e+01;-1.3498748e-02;2.2500000e+01;6.0103595e-02;2.2500000e+01;1.4850512e-01;2.2500000e+01;2.2407922e-01;2.2500000e+01;2.4894708e-01;2.2500000e+01;2.2085473e-01;2.2500000e+01;1.8372190e-01;2.2500000e+01;2.2518924e-01;2.2500000e+01;1.9405885e-01;2.2500000e+01;1.4584216e-01;2.2500000e+01;9.4008341e-02;2.2500000e+01;4.8645161e-02;2.2500000e+01;-1.6595423e-04;2.2500000e+01;-4.1481048e-02;2.2500000e+01;-8.4794402e-02;2.2500000e+01;-1.2932453e-01;2.2500000e+01;-7.6184742e-02;2.2500000e+01;-6.1254580e-02;2.2500000e+01;-1.3498748e-02;2.2500000e+01;6.0103595e-02;2.2500000e+01;1.4850512e-01;2.2500000e+01;2.2407922e-01;2.2500000e+01;2.4894708e-01;2.2500000e+01;2.2085473e-01;2.2500000e+01;1.8372190e-01;2.2500000e+01;2.2518924e-01;2.2500000e+01;1.9405885e-01;2.2500000e+01;1.4584216e-01;2.2500000e+01;9.4008341e-02;2.2500000e+01;4.8645161e-02;2.2500000e+01;-1.6595423e-04;2.2500000e+01;-4.1481048e-02;2.2500000e+01;-8.4794402e-02;2.2500000e+01;-1.2932453e-01;2.2500000e+01;-7.6184742e-02;2.2500000e+01;-6.1254580e-02;2.2500000e+01;-1.3498748e-02;2.2500000e+01;6.0103595e-02;2.2500000e+01;1.4850512e-01;2.2500000e+01;2.2407922e-01;2.2500000e+01;2.4894708e-01;2.2500000e+01;2.2085473e-01;2.2500000e+01;1.8372190e-01;2.2500000e+01;2.2518924e-01;2.2500000e+01;1.9405885e-01;2.2500000e+01;1.4584216e-01;2.2500000e+01;9.4008341e-02;2.2500000e+01;4.8645161e-02;2.2500000e+01;-1.6595423e-04;2.2500000e+01;-4.1481048e-02;2.2500000e+01;-8.4794402e-02;2.2500000e+01;-1.2932453e-01;2.2500000e+01;-7.6184742e-02;2.2500000e+01;-6.1254580e-02;2.2500000e+01;-1.3498748e-02;2.2500000e+01;6.0103595e-02;2.2500000e+01;1.4850512e-01;2.2500000e+01;2.2407922e-01;2.2500000e+01;2.4894708e-01;2.2500000e+01;2.2085473e-01;2.2500000e+01;1.8372190e-01;2.2500000e+01;2.2518924e-01;2.2500000e+01;1.9405885e-01;2.2500000e+01;1.4584216e-01;2.2500000e+01;9.4008341e-02;2.2500000e+01;4.8645161e-02;2.2500000e+01;-1.6595423e-04;2.2500000e+01;-4.1481048e-02;2.2500000e+01;-8.4794402e-02;2.2500000e+01;-1.2932453e-01;2.2500000e+01;-7.6184742e-02;2.2500000e+01;-6.1254580e-02;2.2500000e+01;-1.3498748e-02;2.2500000e+01;6.0103595e-02;2.2500000e+01;1.4850512e-01;2.2500000e+01;2.2407922e-01;2.2500000e+01;2.4894708e-01;2.2500000e+01;2.2085473e-01;2.2500000e+01;1.8372190e-01;2.2500000e+01;2.2518924e-01;2.2500000e+01;1.9405885e-01;2.2500000e+01;1.4584216e-01;2.2500000e+01;9.4008341e-02;2.2500000e+01;4.8645161e-02;2.2500000e+01;-1.6595423e-04;2.2500000e+01;-4.1481048e-02;2.2500000e+01;-8.4794402e-02;2.2500000e+01;-1.2932453e-01;2.2500000e+01;-7.6184742e-02;2.2500000e+01;-6.1254580e-02;2.2500000e+01;-1.3498748e-02;2.2500000e+01;6.0103595e-02;2.2500000e+01;1.4850512e-01;2.2500000e+01;2.2407922e-01;2.2500000e+01;2.4894708e-01;2.2500000e+01;2.2085473e-01;2.2500000e+01;1.8372190e-01;2.2500000e+01;2.2518924e-01;2.2500000e+01;1.9405885e-01;2.2500000e+01;1.4584216e-01;2.2500000e+01;9.4008341e-02;2.2500000e+01;4.8645161e-02;2.2500000e+01;-1.6595423e-04;2.2500000e+01;-4.1481048e-02;2.2500000e+01;-8.4794402e-02;2.2500000e+01;-1.2932453e-01;2.2500000e+01;-7.6184742e-02;2.2500000e+01;-6.1254580e-02;2.2500000e+01;-1.3498748e-02;2.2500000e+01;6.0103595e-02;2.2500000e+01;1.4850512e-01;2.2500000e+01;2.2407922e-01;2.2500000e+01;2.4894708e-01;2.2500000e+01;2.2085473e-01;2.2500000e+01;1.8372190e-01;2.2500000e+01;2.2518924e-01;2.2500000e+01;1.9405885e-01;2.2500000e+01;1.4584216e-01;2.2500000e+01;9.4008341e-02;2.2500000e+01;4.8645161e-02;2.2500000e+01;-1.6595423e-04;2.2500000e+01;-4.1481048e-02;2.2500000e+01;-8.4794402e-02;2.2500000e+01;-1.2932453e-01;2.2500000e+01;-7.6184742e-02;2.2500000e+01;-6.1254580e-02;2.2500000e+01;-1.3498748e-02;2.2500000e+01;6.0103595e-02;2.2500000e+01;1.4850512e-01;2.2500000e+01;2.2407922e-01;2.2500000e+01;2.4894708e-01;2.2500000e+01;2.2085473e-01;2.2500000e+01;1.8372190e-01;2.2500000e+01;2.2518924e-01;2.2500000e+01;1.9405885e-01;2.2500000e+01;1.4584216e-01;2.2500000e+01;9.4008341e-02;2.2500000e+01;4.8645161e-02;2.2500000e+01;-1.6595423e-04;2.2500000e+01;-4.1481048e-02;2.2500000e+01;-8.4794402e-02;2.2500000e+01;-1.2932453e-01;2.2500000e+01;-7.6184742e-02;2.2500000e+01;-6.1254580e-02;2.2500000e+01;-1.3498748e-02;2.2500000e+01;6.0103595e-02;2.2500000e+01;1.4850512e-01;2.2500000e+01;2.2407922e-01;2.2500000e+01;2.4894708e-01;2.2500000e+01;2.2085473e-01;2.2500000e+01;1.8372190e-01;2.2500000e+01;2.2518924e-01;2.2500000e+01;1.9405885e-01;2.2500000e+01;1.4584216e-01;2.2500000e+01;9.4008341e-02;2.2500000e+01;4.8645161e-02;2.2500000e+01;-1.6595423e-04;2.2500000e+01;-4.1481048e-02;2.2500000e+01;-8.4794402e-02;2.2500000e+01;-1.2932453e-01;2.2500000e+01;-7.6184742e-02;2.2500000e+01;-6.1254580e-02;2.2500000e+01;-1.3498748e-02;2.2500000e+01;6.0103595e-02;2.2500000e+01;1.4850512e-01;2.2500000e+01;2.2407922e-01;2.2500000e+01;2.4894708e-01;2.2500000e+01;2.2085473e-01;2.2500000e+01;1.8372190e-01;2.2500000e+01;2.2518924e-01;2.2500000e+01;1.9405885e-01;2.2500000e+01;1.4584216e-01;2.2500000e+01;9.4008341e-02;2.2500000e+01;4.8645161e-02;2.2500000e+01;-1.6595423e-04;2.2500000e+01;-4.1481048e-02;2.2500000e+01;-8.4794402e-02;2.2500000e+01;-1.2932453e-01;2.2500000e+01;-7.6184742e-02;2.2500000e+01;-6.1254580e-02;2.2500000e+01;-1.3498748e-02;2.2500000e+01;6.0103595e-02;2.2500000e+01;1.4850512e-01;2.2500000e+01;2.2407922e-01;2.2500000e+01;2.4894708e-01;2.2500000e+01;2.2085473e-01;2.2500000e+01;1.8372190e-01;2.2500000e+01;2.2518924e-01;2.2500000e+01;1.9405885e-01;2.2500000e+01;1.4584216e-01;2.2500000e+01;9.4008341e-02;2.2500000e+01;4.8645161e-02;2.2500000e+01;-1.6595423e-04;2.2500000e+01;-4.1481048e-02;2.2500000e+01;-8.4794402e-02;2.2500000e+01;-1.2932453e-01;2.2500000e+01;-7.6184742e-02;2.2500000e+01;-6.1254580e-02;2.2500000e+01;-1.3498748e-02;2.2500000e+01;6.0103595e-02;2.2500000e+01;1.4850512e-01;2.2500000e+01;2.2407922e-01;2.2500000e+01;2.4894708e-01;2.2500000e+01;2.2085473e-01;2.2500000e+01;1.8372190e-01;2.2500000e+01;2.2518924e-01;2.2500000e+01;1.9405885e-01;2.2500000e+01;1.4584216e-01;2.2500000e+01;9.4008341e-02;2.2500000e+01;4.8645161e-02;2.2500000e+01;-1.6595423e-04;2.2500000e+01;-4.1481048e-02;2.2500000e+01;-8.4794402e-02;2.2500000e+01;-1.2932453e-01;2.2500000e+01;-7.6184742e-02;2.2500000e+01;-6.1254580e-02;2.2500000e+01;-1.3498748e-02;2.2500000e+01;6.0103595e-02;2.2500000e+01;1.4850512e-01;2.2500000e+01;2.2407922e-01;2.2500000e+01;2.4894708e-01;2.2500000e+01;2.2085473e-01;2.2500000e+01;1.8372190e-01;2.2500000e+01;2.2518924e-01;2.2500000e+01;1.9405885e-01;2.2500000e+01;1.4584216e-01;2.2500000e+01;9.4008341e-02;2.2500000e+01;4.8645161e-02;2.2500000e+01;-1.6595423e-04;2.2500000e+01;-4.1481048e-02;2.2500000e+01;-8.4794402e-02;2.2500000e+01;-1.2932453e-01;2.2500000e+01;-7.6184742e-02;2.2500000e+01;-6.1254580e-02;2.2500000e+01;-1.3498748e-02;2.2500000e+01;6.0103595e-02;2.2500000e+01;1.4850512e-01;2.2500000e+01;2.2407922e-01;2.2500000e+01;2.4894708e-01;2.2500000e+01;2.2085473e-01;2.2500000e+01;1.8372190e-01;2.2500000e+01;2.2518924e-01;2.2500000e+01;1.9405885e-01;2.2500000e+01;1.4584216e-01;2.2500000e+01;9.4008341e-02;2.2500000e+01;4.8645161e-02;2.2500000e+01;-1.6595423e-04;2.2500000e+01;-4.1481048e-02;2.2500000e+01;-8.4794402e-02;2.2500000e+01;-1.2932453e-01;2.2500000e+01;-7.6184742e-02;2.2500000e+01;-6.1254580e-02;2.2500000e+01;-1.3498748e-02;2.2500000e+01;6.0103595e-02;2.2500000e+01;1.4850512e-01;2.2500000e+01;2.2407922e-01;2.2500000e+01;2.4894708e-01;2.2500000e+01;2.2085473e-01;2.2500000e+01;1.8372190e-01;2.2500000e+01;2.2518924e-01;2.2500000e+01;1.9405885e-01;2.2500000e+01;1.4584216e-01;2.2500000e+01;9.4008341e-02;2.2500000e+01;4.8645161e-02;2.2500000e+01;-1.6595423e-04;2.2500000e+01;-4.1481048e-02;2.2500000e+01;-8.4794402e-02;2.2500000e+01;-1.2932453e-01;2.2500000e+01;-7.6184742e-02;2.2500000e+01;-6.1254580e-02;2.2500000e+01;-1.3498748e-02;2.2500000e+01;6.0103595e-02;2.2500000e+01;1.4850512e-01;2.2500000e+01;2.2407922e-01;2.2500000e+01;2.4894708e-01;2.2500000e+01;2.2085473e-01;2.2500000e+01;1.8372190e-01;2.2500000e+01;2.2518924e-01;2.2500000e+01;1.9405885e-01;2.2500000e+01;1.4584216e-01;2.2500000e+01;9.4008341e-02;2.2500000e+01;4.8645161e-02;2.2500000e+01;-1.6595423e-04;2.2500000e+01;-4.1481048e-02;2.2500000e+01;-8.4794402e-02;2.2500000e+01;-1.2932453e-01;2.2500000e+01;-7.6184742e-02;2.2500000e+01;-6.1254580e-02;2.2500000e+01;-1.3498748e-02;2.2500000e+01;6.0103595e-02;2.2500000e+01;1.4850512e-01;2.2500000e+01;2.2407922e-01;2.2500000e+01;2.4894708e-01;2.2500000e+01;2.2085473e-01;2.2500000e+01;1.8372190e-01;2.2500000e+01;2.2518924e-01;2.2500000e+01;1.9405885e-01;2.2500000e+01;1.4584216e-01;2.2500000e+01;9.4008341e-02;2.2500000e+01;4.8645161e-02;2.2500000e+01;-1.6595423e-04;2.2500000e+01;-4.1481048e-02;2.2500000e+01;-8.4794402e-02;2.2500000e+01;-1.2932453e-01;2.2500000e+01;-7.6184742e-02;2.2500000e+01;-6.1254580e-02;2.2500000e+01;-1.3498748e-02;2.2500000e+01;6.0103595e-02;2.2500000e+01;1.4850512e-01;2.2500000e+01;2.2407922e-01;2.2500000e+01;2.4894708e-01;2.2500000e+01;2.2085473e-01;2.2500000e+01;1.8372190e-01;2.2500000e+01;2.2518924e-01;2.2500000e+01;1.9405885e-01;2.2500000e+01;1.4584216e-01;2.2500000e+01;9.4008341e-02;2.2500000e+01;4.8645161e-02;2.2500000e+01;-1.6595423e-04;2.2500000e+01;-4.1481048e-02;2.2500000e+01;-8.4794402e-02;2.2500000e+01;-1.2932453e-01;2.2500000e+01;-7.6184742e-02;2.2500000e+01;-6.1254580e-02;2.2500000e+01;-1.3498748e-02;2.2500000e+01;6.0103595e-02;2.2500000e+01;1.4850512e-01;2.2500000e+01;2.2407922e-01;2.2500000e+01;2.4894708e-01;2.2500000e+01;2.2085473e-01;2.2500000e+01;1.8372190e-01;2.2500000e+01;2.2518924e-01;2.2500000e+01;1.9405885e-01;2.2500000e+01;1.4584216e-01;2.2500000e+01;9.4008341e-02;2.2500000e+01;4.8645161e-02;2.2500000e+01;-1.6595423e-04;2.2500000e+01;-4.1481048e-02;2.2500000e+01;-8.4794402e-02;2.2500000e+01;-1.2932453e-01;2.2500000e+01;-7.6184742e-02;2.2500000e+01;-6.1254580e-02;2.2500000e+01;-1.3498748e-02;2.2500000e+01;6.0103595e-02;2.2500000e+01;1.4850512e-01;2.2500000e+01;2.2407922e-01;2.2500000e+01;2.4894708e-01;2.2500000e+01;2.2085473e-01;2.2500000e+01;1.8372190e-01;2.2500000e+01;2.2518924e-01;2.2500000e+01;1.9405885e-01;2.2500000e+01;1.4584216e-01;2.2500000e+01;9.4008341e-02;2.2500000e+01;4.8645161e-02;2.2500000e+01;-1.6595423e-04;2.2500000e+01;-4.1481048e-02;2.2500000e+01;-8.4794402e-02;2.2500000e+01;-1.2932453e-01;2.2500000e+01;-7.6184742e-02;2.2500000e+01;-6.1254580e-02;2.2500000e+01;-1.3498748e-02;2.2500000e+01;6.0103595e-02;2.2500000e+01;1.4850512e-01;2.2500000e+01;2.2407922e-01;2.2500000e+01;2.4894708e-01;2.2500000e+01;2.2085473e-01;2.2500000e+01;1.8372190e-01;2.2500000e+01;2.2518924e-01;2.2500000e+01;1.9405885e-01;2.2500000e+01;1.4584216e-01;2.2500000e+01;9.4008341e-02;2.2500000e+01;4.8645161e-02;2.2500000e+01;-1.6595423e-04;2.2500000e+01;-4.1481048e-02;2.2500000e+01;-8.4794402e-02;2.2500000e+01;-1.2932453e-01;2.2500000e+01;-7.6184742e-02;2.2500000e+01;-6.1254580e-02;2.2500000e+01;-1.3498748e-02;2.2500000e+01;6.0103595e-02;2.2500000e+01;1.4850512e-01;2.2500000e+01;2.2407922e-01;2.2500000e+01;2.4894708e-01;2.2500000e+01;2.2085473e-01;2.2500000e+01;1.8372190e-01;2.2500000e+01;2.2518924e-01;2.2500000e+01;1.9405885e-01;2.2500000e+01;1.4584216e-01;2.2500000e+01;9.4008341e-02;2.2500000e+01;4.8645161e-02;2.2500000e+01;-1.6595423e-04;2.2500000e+01;-4.1481048e-02;2.2500000e+01;-8.4794402e-02;2.2500000e+01;-1.2932453e-01;2.2500000e+01;-7.6184742e-02;2.2500000e+01;-6.1254580e-02;2.2500000e+01;-1.3498748e-02;2.2500000e+01;6.0103595e-02;2.2500000e+01;1.4850512e-01;2.2500000e+01;2.2407922e-01;2.2500000e+01;2.4894708e-01;2.2500000e+01;2.2085473e-01;2.2500000e+01;1.8372190e-01;2.2500000e+01;2.2518924e-01;2.2500000e+01;1.9405885e-01;2.2500000e+01;1.4584216e-01;2.2500000e+01;9.4008341e-02;2.2500000e+01;4.8645161e-02;2.2500000e+01;-1.6595423e-04;2.2500000e+01;-4.1481048e-02;2.2500000e+01;-8.4794402e-02;2.2500000e+01;-1.2932453e-01;2.2500000e+01;-7.6184742e-02;2.2500000e+01;-6.1254580e-02;2.2500000e+01;-1.3498748e-02;2.2500000e+01;6.0103595e-02;2.2500000e+01;1.4850512e-01;2.2500000e+01;2.2407922e-01;2.2500000e+01;2.4894708e-01;2.2500000e+01;2.2085473e-01;2.2500000e+01;1.8372190e-01;2.2500000e+01;2.2518924e-01;2.2500000e+01;1.9405885e-01;2.2500000e+01;1.4584216e-01;2.2500000e+01;9.4008341e-02;2.2500000e+01;4.8645161e-02;2.2500000e+01;-1.6595423e-04;2.2500000e+01;-4.1481048e-02;2.2500000e+01;-8.4794402e-02;2.2500000e+01;-1.2932453e-01;2.2500000e+01;-7.6184742e-02;2.2500000e+01;-6.1254580e-02;2.2500000e+01;-1.3498748e-02;2.2500000e+01;6.0103595e-02;2.2500000e+01;1.4850512e-01;2.2500000e+01;2.2407922e-01;2.2500000e+01;2.4894708e-01;2.2500000e+01;2.2085473e-01;2.2500000e+01;1.8372190e-01;2.2500000e+01;2.2518924e-01;2.2500000e+01;1.9405885e-01;2.2500000e+01;1.4584216e-01;2.2500000e+01;9.4008341e-02;2.2500000e+01;4.8645161e-02;2.2500000e+01;-1.6595423e-04;2.2500000e+01;-4.1481048e-02;2.2500000e+01;-8.4794402e-02;2.2500000e+01;-1.2932453e-01;2.2500000e+01;-7.6184742e-02;2.2500000e+01;-6.1254580e-02;2.2500000e+01;-1.3498748e-02;2.2500000e+01;6.0103595e-02;2.2500000e+01;1.4850512e-01;2.2500000e+01;2.2407922e-01;2.2500000e+01;2.4894708e-01;2.2500000e+01;2.2085473e-01;2.2500000e+01;1.8372190e-01;2.2500000e+01;2.2518924e-01;2.2500000e+01;1.9405885e-01;2.2500000e+01;1.4584216e-01;2.2500000e+01;9.4008341e-02;2.2500000e+01;4.8645161e-02;2.2500000e+01;-1.6595423e-04;2.2500000e+01;-4.1481048e-02;2.2500000e+01;-8.4794402e-02;2.2500000e+01;-1.2932453e-01;2.2500000e+01;-7.6184742e-02;2.2500000e+01;-6.1254580e-02;2.2500000e+01;-1.3498748e-02;2.2500000e+01;6.0103595e-02;2.2500000e+01;1.4850512e-01;2.2500000e+01;2.2407922e-01;2.2500000e+01;2.4894708e-01;2.2500000e+01;2.2085473e-01;2.2500000e+01;1.8372190e-01;2.2500000e+01;2.2518924e-01;2.2500000e+01;1.9405885e-01;2.2500000e+01;1.4584216e-01;2.2500000e+01;9.4008341e-02;2.2500000e+01;4.8645161e-02;2.2500000e+01;-1.6595423e-04;2.2500000e+01;-4.1481048e-02;2.2500000e+01;-8.4794402e-02;2.2500000e+01;-1.2932453e-01;2.2500000e+01;-7.6184742e-02;2.2500000e+01;-6.1254580e-02;2.2500000e+01;-1.3498748e-02;2.2500000e+01;6.0103595e-02;2.2500000e+01;1.4850512e-01;2.2500000e+01;2.2407922e-01;2.2500000e+01;2.4894708e-01;2.2500000e+01;2.2085473e-01;2.2500000e+01;1.8372190e-01;2.2500000e+01;2.2518924e-01;2.2500000e+01;1.9405885e-01;2.2500000e+01;1.4584216e-01;2.2500000e+01;9.4008341e-02;2.2500000e+01;4.8645161e-02;2.2500000e+01;-1.6595423e-04;2.2500000e+01;-4.1481048e-02;2.2500000e+01;-8.4794402e-02;2.2500000e+01;-1.2932453e-01;2.2500000e+01;-7.6184742e-02;2.2500000e+01;-6.1254580e-02;2.2500000e+01;-1.3498748e-02;2.2500000e+01;6.0103595e-02;2.2500000e+01;1.4850512e-01;2.2500000e+01;2.2407922e-01;2.2500000e+01;2.4894708e-01;2.2500000e+01;2.2085473e-01;2.2500000e+01;1.8372190e-01;2.2500000e+01;2.2518924e-01;2.2500000e+01;1.9405885e-01;2.2500000e+01;1.4584216e-01;2.2500000e+01;9.4008341e-02;2.2500000e+01;4.8645161e-02;2.2500000e+01;-1.6595423e-04;2.2500000e+01;-4.1481048e-02;2.2500000e+01;-8.4794402e-02;2.2500000e+01;-1.2932453e-01;2.2500000e+01;-7.6184742e-02;2.2500000e+01;-6.1254580e-02;2.2500000e+01;-1.3498748e-02;2.2500000e+01;6.0103595e-02;2.2500000e+01;1.4850512e-01;2.2500000e+01;2.2407922e-01;2.2500000e+01;2.4894708e-01;2.2500000e+01;2.2085473e-01;2.2500000e+01;1.8372190e-01;2.2500000e+01;2.2518924e-01;2.2500000e+01;1.9405885e-01;2.2500000e+01;1.4584216e-01;2.2500000e+01;9.4008341e-02;2.2500000e+01;4.8645161e-02;2.2500000e+01;-1.6595423e-04;2.2500000e+01;-4.1481048e-02;2.2500000e+01;-8.4794402e-02;2.2500000e+01;-1.2932453e-01;2.2500000e+01;-7.6184742e-02;2.2500000e+01;-6.1254580e-02;2.2500000e+01;-1.3498748e-02;2.2500000e+01;6.0103595e-02;2.2500000e+01;1.4850512e-01;2.2500000e+01;2.2407922e-01;2.2500000e+01;2.4894708e-01;2.2500000e+01;2.2085473e-01;2.2500000e+01;1.8372190e-01;2.2500000e+01;2.2518924e-01;2.2500000e+01;1.9405885e-01;2.2500000e+01;1.4584216e-01;2.2500000e+01;9.4008341e-02;2.2500000e+01;4.8645161e-02;2.2500000e+01;-1.6595423e-04;2.2500000e+01;-4.1481048e-02;2.2500000e+01;-8.4794402e-02;2.2500000e+01;-1.2932453e-01;2.2500000e+01;-7.6184742e-02;2.2500000e+01;-6.1254580e-02;2.2500000e+01;-1.3498748e-02;2.2500000e+01;6.0103595e-02;2.2500000e+01;1.4850512e-01;2.2500000e+01;2.2407922e-01;2.2500000e+01;2.4894708e-01;2.2500000e+01;2.2085473e-01;2.2500000e+01;1.8372190e-01;2.2500000e+01;2.2518924e-01;2.2500000e+01;1.9405885e-01;2.2500000e+01;1.4584216e-01;2.2500000e+01;9.4008341e-02;2.2500000e+01;4.8645161e-02;2.2500000e+01;-1.6595423e-04;2.2500000e+01;-4.1481048e-02;2.2500000e+01;-8.4794402e-02;2.2500000e+01;-1.2932453e-01;2.2500000e+01;-7.6184742e-02;2.2500000e+01;-6.1254580e-02;2.2500000e+01;-1.3498748e-02;2.2500000e+01;6.0103595e-02;2.2500000e+01;1.4850512e-01;2.2500000e+01;2.2407922e-01;2.2500000e+01;2.4894708e-01;2.2500000e+01;2.2085473e-01;2.2500000e+01;1.8372190e-01;2.2500000e+01;2.2518924e-01;2.2500000e+01;1.9405885e-01;2.2500000e+01;1.4584216e-01;2.2500000e+01;9.4008341e-02;2.2500000e+01;4.8645161e-02;2.2500000e+01;-1.6595423e-04;2.2500000e+01;-4.1481048e-02;2.2500000e+01;-8.4794402e-02;2.2500000e+01;-1.2932453e-01;2.2500000e+01;-7.6184742e-02;2.2500000e+01;-6.1254580e-02;2.2500000e+01;-1.3498748e-02;2.2500000e+01;6.0103595e-02;2.2500000e+01;1.4850512e-01;2.2500000e+01;2.2407922e-01;2.2500000e+01;2.4894708e-01;2.2500000e+01;2.2085473e-01;2.2500000e+01;1.8372190e-01;2.2500000e+01;2.2518924e-01;2.2500000e+01;1.9405885e-01;2.2500000e+01;1.4584216e-01;2.2500000e+01;9.4008341e-02;2.2500000e+01;4.8645161e-02;2.2500000e+01;-1.6595423e-04;2.2500000e+01;-4.1481048e-02;2.2500000e+01;-8.4794402e-02;2.2500000e+01;-1.2932453e-01;2.2500000e+01;-7.6184742e-02;2.2500000e+01;-6.1254580e-02;2.2500000e+01;-1.3498748e-02;2.2500000e+01;6.0103595e-02;2.2500000e+01;1.4850512e-01;2.2500000e+01;2.2407922e-01;2.2500000e+01;2.4894708e-01;2.2500000e+01;2.2085473e-01;2.2500000e+01;1.8372190e-01;2.2500000e+01;2.2518924e-01;2.2500000e+01;1.9405885e-01;2.2500000e+01;1.4584216e-01;2.2500000e+01;9.4008341e-02;2.2500000e+01;4.8645161e-02;2.2500000e+01;-1.6595423e-04;2.2500000e+01;-4.1481048e-02;2.2500000e+01;-8.4794402e-02;2.2500000e+01;-1.2932453e-01;2.2500000e+01;-7.6184742e-02;2.2500000e+01;-6.1254580e-02;2.2500000e+01;-1.3498748e-02;2.2500000e+01;6.0103595e-02;2.2500000e+01;1.4850512e-01;2.2500000e+01;2.2407922e-01;2.2500000e+01;2.4894708e-01;2.2500000e+01;2.2085473e-01;2.2500000e+01;1.8372190e-01;2.2500000e+01;2.2518924e-01;2.2500000e+01;1.9405885e-01;2.2500000e+01;1.4584216e-01;2.2500000e+01;9.4008341e-02;2.2500000e+01;4.8645161e-02;2.2500000e+01;-1.6595423e-04;2.2500000e+01;-4.1481048e-02;2.2500000e+01;-8.4794402e-02;2.2500000e+01;-1.2932453e-01;2.2500000e+01;-7.6184742e-02;2.2500000e+01;-6.1254580e-02;2.2500000e+01;-1.3498748e-02;2.2500000e+01;6.0103595e-02;2.2500000e+01;1.4850512e-01;2.2500000e+01;2.2407922e-01;2.2500000e+01;2.4894708e-01;2.2500000e+01;2.2085473e-01;2.2500000e+01;1.8372190e-01;2.2500000e+01;2.2518924e-01;2.2500000e+01;1.9405885e-01;2.2500000e+01;1.4584216e-01;2.2500000e+01;9.4008341e-02;2.2500000e+01;4.8645161e-02;2.2500000e+01;-1.6595423e-04;2.2500000e+01;-4.1481048e-02;2.2500000e+01;-8.4794402e-02;2.2500000e+01;-1.2932453e-01;2.2500000e+01;-7.6184742e-02;2.2500000e+01;-6.1254580e-02;2.2500000e+01;-1.3498748e-02;2.2500000e+01;6.0103595e-02;2.2500000e+01;1.4850512e-01;2.2500000e+01;2.2407922e-01;2.2500000e+01;2.4894708e-01;2.2500000e+01;2.2085473e-01;2.2500000e+01;1.8372190e-01;2.2500000e+01;2.2518924e-01;2.2500000e+01;1.9405885e-01;2.2500000e+01;1.4584216e-01;2.2500000e+01;9.4008341e-02;2.2500000e+01;4.8645161e-02;2.2500000e+01;-1.6595423e-04;2.2500000e+01;-4.1481048e-02;2.2500000e+01;-8.4794402e-02;2.2500000e+01;-1.2932453e-01;2.2500000e+01;-7.6184742e-02;2.2500000e+01;-6.1254580e-02;2.2500000e+01;-1.3498748e-02;2.2500000e+01;6.0103595e-02;2.2500000e+01;1.4850512e-01;2.2500000e+01;2.2407922e-01;2.2500000e+01;2.4894708e-01;2.2500000e+01;2.2085473e-01;2.2500000e+01;1.8372190e-01;2.2500000e+01;2.2518924e-01;2.2500000e+01;1.9405885e-01;2.2500000e+01;1.4584216e-01;2.2500000e+01;9.4008341e-02;2.2500000e+01;4.8645161e-02;2.2500000e+01;-1.6595423e-04;2.2500000e+01;-4.1481048e-02;2.2500000e+01;-8.4794402e-02;2.2500000e+01;-1.2932453e-01;2.2500000e+01;-7.6184742e-02;2.2500000e+01;-6.1254580e-02;2.2500000e+01;-1.3498748e-02;2.2500000e+01;6.0103595e-02;2.2500000e+01;1.4850512e-01;2.2500000e+01;2.2407922e-01;2.2500000e+01;2.4894708e-01;2.2500000e+01;2.2085473e-01;2.2500000e+01;1.8372190e-01;2.2500000e+01;2.2518924e-01;2.2500000e+01;1.9405885e-01;2.2500000e+01;1.4584216e-01;2.2500000e+01;9.4008341e-02;2.2500000e+01;4.8645161e-02;2.2500000e+01;-1.6595423e-04;2.2500000e+01;-4.1481048e-02;2.2500000e+01;-8.4794402e-02;2.2500000e+01;-1.2932453e-01;2.2500000e+01;-7.6184742e-02;2.2500000e+01;-6.1254580e-02;2.2500000e+01;-1.3498748e-02;2.2500000e+01;6.0103595e-02;2.2500000e+01;1.4850512e-01;2.2500000e+01;2.2407922e-01;2.2500000e+01;2.4894708e-01;2.2500000e+01;2.2085473e-01;2.2500000e+01;1.8372190e-01;2.2500000e+01;2.2518924e-01;2.2500000e+01;1.9405885e-01;2.2500000e+01;1.4584216e-01;2.2500000e+01;9.4008341e-02;2.2500000e+01;4.8645161e-02;2.2500000e+01;-1.6595423e-04;2.2500000e+01;-4.1481048e-02;2.2500000e+01;-8.4794402e-02;2.2500000e+01;-1.2932453e-01;2.2500000e+01;-7.6184742e-02;2.2500000e+01;-6.1254580e-02;2.2500000e+01;-1.3498748e-02;2.2500000e+01;6.0103595e-02;2.2500000e+01;1.4850512e-01;2.2500000e+01;2.2407922e-01;2.2500000e+01;2.4894708e-01;2.2500000e+01;2.2085473e-01;2.2500000e+01;1.8372190e-01;2.2500000e+01;2.2518924e-01;2.2500000e+01;1.9405885e-01;2.2500000e+01;1.4584216e-01;2.2500000e+01;9.4008341e-02;2.2500000e+01;4.8645161e-02;2.2500000e+01;-1.6595423e-04;2.2500000e+01;-4.1481048e-02;2.2500000e+01;-8.4794402e-02;2.2500000e+01;-1.2932453e-01;2.2500000e+01;-7.6184742e-02;2.2500000e+01;-6.1254580e-02;2.2500000e+01;-1.3498748e-02;2.2500000e+01;6.0103595e-02;2.2500000e+01;1.4850512e-01;2.2500000e+01;2.2407922e-01;2.2500000e+01;2.4894708e-01;2.2500000e+01;2.2085473e-01;2.2500000e+01;1.8372190e-01;2.2500000e+01;2.2518924e-01;2.2500000e+01;1.9405885e-01;2.2500000e+01;1.4584216e-01;2.2500000e+01;9.4008341e-02;2.2500000e+01;4.8645161e-02;2.2500000e+01;-1.6595423e-04;2.2500000e+01;-4.1481048e-02;2.2500000e+01;-8.4794402e-02;2.2500000e+01;-1.2932453e-01;2.2500000e+01;-7.6184742e-02;2.2500000e+01;-6.1254580e-02;2.2500000e+01;-1.3498748e-02;2.2500000e+01;6.0103595e-02;2.2500000e+01;1.4850512e-01;2.2500000e+01;2.2407922e-01;2.2500000e+01;2.4894708e-01;2.2500000e+01;2.2085473e-01;2.2500000e+01;1.8372190e-01;2.2500000e+01;2.2518924e-01;2.2500000e+01;1.9405885e-01;2.2500000e+01;1.4584216e-01;2.2500000e+01;9.4008341e-02;2.2500000e+01;4.8645161e-02;2.2500000e+01;-1.6595423e-04;2.2500000e+01;-4.1481048e-02;2.2500000e+01;-8.4794402e-02;2.2500000e+01;-1.2932453e-01;2.2500000e+01;-7.6184742e-02;2.2500000e+01;-6.1254580e-02;2.2500000e+01;-1.3498748e-02;2.2500000e+01;6.0103595e-02;2.2500000e+01;1.4850512e-01;2.2500000e+01;2.2407922e-01;2.2500000e+01;2.4894708e-01;2.2500000e+01;2.2085473e-01;2.2500000e+01;1.8372190e-01;2.2500000e+01;2.2518924e-01;2.2500000e+01;1.9405885e-01;2.2500000e+01;1.4584216e-01;2.2500000e+01;9.4008341e-02;2.2500000e+01;4.8645161e-02;2.2500000e+01;-1.6595423e-04;2.2500000e+01;-4.1481048e-02;2.2500000e+01;-8.4794402e-02;2.2500000e+01;-1.2932453e-01;2.2500000e+01;-7.6184742e-02;2.2500000e+01;-6.1254580e-02;2.2500000e+01;-1.3498748e-02;2.2500000e+01;6.0103595e-02;2.2500000e+01;1.4850512e-01;2.2500000e+01;2.2407922e-01;2.2500000e+01;2.4894708e-01;2.2500000e+01;2.2085473e-01;2.2500000e+01;1.8372190e-01;2.2500000e+01;2.2518924e-01;2.2500000e+01;1.9405885e-01;2.2500000e+01;1.4584216e-01;2.2500000e+01;9.4008341e-02;2.2500000e+01;4.8645161e-02;2.2500000e+01;-1.6595423e-04;2.2500000e+01;-4.1481048e-02;2.2500000e+01;-8.4794402e-02;2.2500000e+01;-1.2932453e-01;2.2500000e+01;-7.6184742e-02;2.2500000e+01;-6.1254580e-02;2.2500000e+01;-1.3498748e-02;2.2500000e+01;6.0103595e-02;2.2500000e+01;1.4850512e-01;2.2500000e+01;2.2407922e-01;2.2500000e+01;2.4894708e-01;2.2500000e+01;2.2085473e-01;2.2500000e+01;1.8372190e-01;2.2500000e+01;2.2518924e-01;2.2500000e+01;1.9405885e-01;2.2500000e+01;1.4584216e-01;2.2500000e+01;9.4008341e-02;2.2500000e+01;4.8645161e-02;2.2500000e+01;-1.6595423e-04;2.2500000e+01;-4.1481048e-02;2.2500000e+01;-8.4794402e-02;2.2500000e+01;-1.2932453e-01;2.2500000e+01;-7.6184742e-02;2.2500000e+01;-6.1254580e-02;2.2500000e+01;-1.3498748e-02;2.2500000e+01;6.0103595e-02;2.2500000e+01;1.4850512e-01;2.2500000e+01;2.2407922e-01;2.2500000e+01;2.4894708e-01;2.2500000e+01;2.2085473e-01;2.2500000e+01;1.8372190e-01;2.2500000e+01;2.2518924e-01;2.2500000e+01;1.9405885e-01;2.2500000e+01;1.4584216e-01;2.2500000e+01;9.4008341e-02;2.2500000e+01;4.8645161e-02;2.2500000e+01;-1.6595423e-04;2.2500000e+01;-4.1481048e-02;2.2500000e+01;-8.4794402e-02;2.2500000e+01;-1.2932453e-01;2.2500000e+01;-7.6184742e-02;2.2500000e+01;-6.1254580e-02;2.2500000e+01;-1.3498748e-02;2.2500000e+01;6.0103595e-02;2.2500000e+01;1.4850512e-01;2.2500000e+01;2.2407922e-01;2.2500000e+01;2.4894708e-01;2.2500000e+01;2.2085473e-01;2.2500000e+01;1.8372190e-01;2.2500000e+01;2.2518924e-01;2.2500000e+01;1.9405885e-01;2.2500000e+01;1.4584216e-01;2.2500000e+01;9.4008341e-02;2.2500000e+01;4.8645161e-02;2.2500000e+01;-1.6595423e-04;2.2500000e+01;-4.1481048e-02;2.2500000e+01;-8.4794402e-02;2.2500000e+01;-1.2932453e-01;2.2500000e+01;-7.6184742e-02;2.2500000e+01;-6.1254580e-02;2.2500000e+01;-1.3498748e-02;2.2500000e+01;6.0103595e-02;2.2500000e+01;1.4850512e-01;2.2500000e+01;2.2407922e-01;2.2500000e+01;2.4894708e-01;2.2500000e+01;2.2085473e-01;2.2500000e+01;1.8372190e-01;2.2500000e+01;2.2518924e-01;2.2500000e+01;1.9405885e-01;2.2500000e+01;1.4584216e-01;2.2500000e+01;9.4008341e-02;2.2500000e+01;4.8645161e-02;2.2500000e+01;-1.6595423e-04;2.2500000e+01;-4.1481048e-02;2.2500000e+01;-8.4794402e-02;2.2500000e+01;-1.2932453e-01;2.2500000e+01;-7.6184742e-02;2.2500000e+01;-6.1254580e-02;2.2500000e+01;-1.3498748e-02;2.2500000e+01;6.0103595e-02;2.2500000e+01;1.4850512e-01;2.2500000e+01;2.2407922e-01;2.2500000e+01;2.4894708e-01;2.2500000e+01;2.2085473e-01;2.2500000e+01;1.8372190e-01;2.2500000e+01;2.2518924e-01;2.2500000e+01;1.9405885e-01;2.2500000e+01;1.4584216e-01;2.2500000e+01;9.4008341e-02;2.2500000e+01;4.8645161e-02;2.2500000e+01;-1.6595423e-04;2.2500000e+01;-4.1481048e-02;2.2500000e+01;-8.4794402e-02;2.2500000e+01;-1.2932453e-01;2.2500000e+01;-7.6184742e-02;2.2500000e+01;-6.1254580e-02;2.2500000e+01;-1.3498748e-02;2.2500000e+01;6.0103595e-02;2.2500000e+01;1.4850512e-01;2.2500000e+01;2.2407922e-01;2.2500000e+01;2.4894708e-01;2.2500000e+01;2.2085473e-01;2.2500000e+01;1.8372190e-01;2.2500000e+01;2.2518924e-01;2.2500000e+01;1.9405885e-01;2.2500000e+01;1.4584216e-01;2.2500000e+01;9.4008341e-02;2.2500000e+01;4.8645161e-02;2.2500000e+01;-1.6595423e-04;2.2500000e+01;-4.1481048e-02;2.2500000e+01;-8.4794402e-02;2.2500000e+01;-1.2932453e-01;2.2500000e+01;-7.6184742e-02;2.2500000e+01;-6.1254580e-02;2.2500000e+01;-1.3498748e-02;2.2500000e+01;6.0103595e-02;2.2500000e+01;1.4850512e-01;2.2500000e+01;2.2407922e-01;2.2500000e+01;2.4894708e-01;2.2500000e+01;2.2085473e-01;2.2500000e+01;1.8372190e-01;2.2500000e+01;2.2518924e-01;2.2500000e+01;1.9405885e-01;2.2500000e+01;1.4584216e-01;2.2500000e+01;9.4008341e-02;2.2500000e+01;4.8645161e-02;2.2500000e+01;-1.6595423e-04;2.2500000e+01;-4.1481048e-02;2.2500000e+01;-8.4794402e-02;2.2500000e+01;-1.2932453e-01;2.2500000e+01;-7.6184742e-02;2.2500000e+01;-6.1254580e-02;2.2500000e+01;-1.3498748e-02;2.2500000e+01;6.0103595e-02;2.2500000e+01;1.4850512e-01;2.2500000e+01;2.2407922e-01;2.2500000e+01;2.4894708e-01;2.2500000e+01;2.2085473e-01;2.2500000e+01;1.8372190e-01;2.2500000e+01;2.2518924e-01;2.2500000e+01;1.9405885e-01;2.2500000e+01;1.4584216e-01;2.2500000e+01;9.4008341e-02;2.2500000e+01;4.8645161e-02;2.2500000e+01;-1.6595423e-04;2.2500000e+01;-4.1481048e-02;2.2500000e+01;-8.4794402e-02;2.2500000e+01;-1.2932453e-01;2.2500000e+01;-7.6184742e-02;2.2500000e+01;-6.1254580e-02;2.2500000e+01;-1.3498748e-02;2.2500000e+01;6.0103595e-02;2.2500000e+01;1.4850512e-01;2.2500000e+01;2.2407922e-01;2.2500000e+01;2.4894708e-01;2.2500000e+01;2.2085473e-01;2.2500000e+01;1.8372190e-01;2.2500000e+01;2.2518924e-01;2.2500000e+01;1.9405885e-01;2.2500000e+01;1.4584216e-01;2.2500000e+01;9.4008341e-02;2.2500000e+01;4.8645161e-02;2.2500000e+01;-1.6595423e-04;2.2500000e+01;-4.1481048e-02;2.2500000e+01;-8.4794402e-02;2.2500000e+01;-1.2932453e-01;2.2500000e+01;-7.6184742e-02;2.2500000e+01;-6.1254580e-02;2.2500000e+01;-1.3498748e-02;2.2500000e+01;6.0103595e-02;2.2500000e+01;1.4850512e-01;2.2500000e+01;2.2407922e-01;2.2500000e+01;2.4894708e-01;2.2500000e+01;2.2085473e-01;2.2500000e+01;1.8372190e-01;2.2500000e+01;2.2518924e-01;2.2500000e+01;1.9405885e-01;2.2500000e+01;1.4584216e-01;2.2500000e+01;9.4008341e-02;2.2500000e+01;4.8645161e-02;2.2500000e+01;-1.6595423e-04;2.2500000e+01;-4.1481048e-02;2.2500000e+01;-8.4794402e-02;2.2500000e+01;-1.2932453e-01;2.2500000e+01;-7.6184742e-02;2.2500000e+01;-6.1254580e-02;2.2500000e+01;-1.3498748e-02;2.2500000e+01;6.0103595e-02;2.2500000e+01;1.4850512e-01;2.2500000e+01;2.2407922e-01;2.2500000e+01;2.4894708e-01;2.2500000e+01;2.2085473e-01;2.2500000e+01;1.8372190e-01;2.2500000e+01;2.2518924e-01;2.2500000e+01;1.9405885e-01;2.2500000e+01;1.4584216e-01;2.2500000e+01;9.4008341e-02;2.2500000e+01;4.8645161e-02;2.2500000e+01;-1.6595423e-04;2.2500000e+01;-4.1481048e-02;2.2500000e+01;-8.4794402e-02;2.2500000e+01;-1.2932453e-01;2.2500000e+01;-7.6184742e-02;2.2500000e+01;-6.1254580e-02;2.2500000e+01;-1.3498748e-02;2.2500000e+01;6.0103595e-02;2.2500000e+01;1.4850512e-01;2.2500000e+01;2.2407922e-01;2.2500000e+01;2.4894708e-01;2.2500000e+01;2.2085473e-01;2.2500000e+01;1.8372190e-01;2.2500000e+01;2.2518924e-01;2.2500000e+01;1.9405885e-01;2.2500000e+01;1.4584216e-01;2.2500000e+01;9.4008341e-02;2.2500000e+01;4.8645161e-02;2.2500000e+01;-1.6595423e-04;2.2500000e+01;-4.1481048e-02;2.2500000e+01;-8.4794402e-02;2.2500000e+01;-1.2932453e-01;2.2500000e+01;-7.6184742e-02;2.2500000e+01;-6.1254580e-02;2.2500000e+01;-1.3498748e-02;2.2500000e+01;6.0103595e-02;2.2500000e+01;1.4850512e-01;2.2500000e+01;2.2407922e-01;2.2500000e+01;2.4894708e-01;2.2500000e+01;2.2085473e-01;2.2500000e+01;1.8372190e-01;2.2500000e+01;2.2518924e-01;2.2500000e+01;1.9405885e-01;2.2500000e+01;1.4584216e-01;2.2500000e+01;9.4008341e-02;2.2500000e+01;4.8645161e-02;2.2500000e+01;-1.6595423e-04;2.2500000e+01;-4.1481048e-02;2.2500000e+01;-8.4794402e-02;2.2500000e+01;-1.2932453e-01;2.2500000e+01;-7.6184742e-02;2.2500000e+01;-6.1254580e-02;2.2500000e+01;-1.3498748e-02;2.2500000e+01;6.0103595e-02;2.2500000e+01;1.4850512e-01;2.2500000e+01;2.2407922e-01;2.2500000e+01;2.4894708e-01;2.2500000e+01;2.2085473e-01;2.2500000e+01;1.8372190e-01;2.2500000e+01;2.2518924e-01;2.2500000e+01;1.9405885e-01;2.2500000e+01;1.4584216e-01;2.2500000e+01;9.4008341e-02;2.2500000e+01;4.8645161e-02;2.2500000e+01;-1.6595423e-04;2.2500000e+01;-4.1481048e-02;2.2500000e+01;-8.4794402e-02;2.2500000e+01;-1.2932453e-01;2.2500000e+01;-7.6184742e-02;2.2500000e+01;-6.1254580e-02;2.2500000e+01;-1.3498748e-02;2.2500000e+01;6.0103595e-02;2.2500000e+01;1.4850512e-01;2.2500000e+01;2.2407922e-01;2.2500000e+01;2.4894708e-01;2.2500000e+01;2.2085473e-01;2.2500000e+01;1.8372190e-01;2.2500000e+01;2.2518924e-01;2.2500000e+01;1.9405885e-01;2.2500000e+01;1.4584216e-01;2.2500000e+01;9.4008341e-02;2.2500000e+01;4.8645161e-02;2.2500000e+01;-1.6595423e-04;2.2500000e+01;-4.1481048e-02;2.2500000e+01;-8.4794402e-02;2.2500000e+01;-1.2932453e-01;2.2500000e+01;-7.6184742e-02;2.2500000e+01;-6.1254580e-02;2.2500000e+01;-1.3498748e-02;2.2500000e+01;6.0103595e-02;2.2500000e+01;1.4850512e-01;2.2500000e+01;2.2407922e-01;2.2500000e+01;2.4894708e-01;2.2500000e+01;2.2085473e-01;2.2500000e+01;1.8372190e-01;2.2500000e+01;2.2518924e-01;2.2500000e+01;1.9405885e-01;2.2500000e+01;1.4584216e-01;2.2500000e+01;9.4008341e-02;2.2500000e+01;4.8645161e-02;2.2500000e+01;-1.6595423e-04;2.2500000e+01;-4.1481048e-02;2.2500000e+01;-8.4794402e-02;2.2500000e+01;-1.2932453e-01;2.2500000e+01;-7.6184742e-02;2.2500000e+01;-6.1254580e-02;2.2500000e+01;-1.3498748e-02;2.2500000e+01;6.0103595e-02;2.2500000e+01;1.4850512e-01;2.2500000e+01;2.2407922e-01;2.2500000e+01;2.4894708e-01;2.2500000e+01;2.2085473e-01;2.2500000e+01;1.8372190e-01;2.2500000e+01;2.2518924e-01;2.2500000e+01;1.9405885e-01;2.2500000e+01;1.4584216e-01;2.2500000e+01;9.4008341e-02;2.2500000e+01;4.8645161e-02;2.2500000e+01;-1.6595423e-04;2.2500000e+01;-4.1481048e-02;2.2500000e+01;-8.4794402e-02;2.2500000e+01;-1.2932453e-01;2.2500000e+01;-7.6184742e-02;2.2500000e+01;-6.1254580e-02;2.2500000e+01;-1.3498748e-02;2.2500000e+01;6.0103595e-02;2.2500000e+01;1.4850512e-01;2.2500000e+01;2.2407922e-01;2.2500000e+01;2.4894708e-01;2.2500000e+01;2.2085473e-01;2.2500000e+01;1.8372190e-01;2.2500000e+01;2.2518924e-01;2.2500000e+01;1.9405885e-01;2.2500000e+01;1.4584216e-01;2.2500000e+01;9.4008341e-02;2.2500000e+01;4.8645161e-02;2.2500000e+01;-1.6595423e-04;2.2500000e+01;-4.1481048e-02;2.2500000e+01;-8.4794402e-02;2.2500000e+01;-1.2932453e-01;2.2500000e+01;-7.6184742e-02;2.2500000e+01;-6.1254580e-02;2.2500000e+01;-1.3498748e-02;2.2500000e+01;6.0103595e-02;2.2500000e+01;1.4850512e-01;2.2500000e+01;2.2407922e-01;2.2500000e+01;2.4894708e-01;2.2500000e+01;2.2085473e-01;2.2500000e+01;1.8372190e-01;2.2500000e+01;2.2518924e-01;2.2500000e+01;1.9405885e-01;2.2500000e+01;1.4584216e-01;2.2500000e+01;9.4008341e-02;2.2500000e+01;4.8645161e-02;2.2500000e+01;-1.6595423e-04;2.2500000e+01;-4.1481048e-02;2.2500000e+01;-8.4794402e-02;2.2500000e+01;-1.2932453e-01;2.2500000e+01;-7.6184742e-02;2.2500000e+01;-6.1254580e-02;2.2500000e+01;-1.3498748e-02;2.2500000e+01;6.0103595e-02;2.2500000e+01;1.4850512e-01;2.2500000e+01;2.2407922e-01;2.2500000e+01;2.4894708e-01;2.2500000e+01;2.2085473e-01;2.2500000e+01;1.8372190e-01;2.2500000e+01;2.2518924e-01;2.2500000e+01;1.9405885e-01;2.2500000e+01;1.4584216e-01;2.2500000e+01;9.4008341e-02;2.2500000e+01;4.8645161e-02;2.2500000e+01;-1.6595423e-04;2.2500000e+01;-4.1481048e-02;2.2500000e+01;-8.4794402e-02;2.2500000e+01;-1.2932453e-01;2.2500000e+01;-7.6184742e-02;2.2500000e+01;-6.1254580e-02;2.2500000e+01;-1.3498748e-02;2.2500000e+01;6.0103595e-02;2.2500000e+01;1.4850512e-01;2.2500000e+01;2.2407922e-01;2.2500000e+01;2.4894708e-01;2.2500000e+01;2.2085473e-01;2.2500000e+01;1.8372190e-01;2.2500000e+01;2.2518924e-01;2.2500000e+01;1.9405885e-01;2.2500000e+01;1.4584216e-01;2.2500000e+01;9.4008341e-02;2.2500000e+01;4.8645161e-02;2.2500000e+01;-1.6595423e-04;2.2500000e+01;-4.1481048e-02;2.2500000e+01;-8.4794402e-02;2.2500000e+01;-1.2932453e-01;2.2500000e+01;-7.6184742e-02;2.2500000e+01;-6.1254580e-02;2.2500000e+01;-1.3498748e-02;2.2500000e+01;6.0103595e-02;2.2500000e+01;1.4850512e-01;2.2500000e+01;2.2407922e-01;2.2500000e+01;2.4894708e-01;2.2500000e+01;2.2085473e-01;2.2500000e+01;1.8372190e-01;2.2500000e+01;2.2518924e-01;2.2500000e+01;1.9405885e-01;2.2500000e+01;1.4584216e-01;2.2500000e+01;9.4008341e-02;2.2500000e+01;4.8645161e-02;2.2500000e+01;-1.6595423e-04;2.2500000e+01;-4.1481048e-02;2.2500000e+01;-8.4794402e-02;2.2500000e+01;-1.2932453e-01;2.2500000e+01;-7.6184742e-02;2.2500000e+01;-6.1254580e-02;2.2500000e+01;-1.3498748e-02;2.2500000e+01;6.0103595e-02;2.2500000e+01;1.4850512e-01;2.2500000e+01;2.2407922e-01;2.2500000e+01;2.4894708e-01;2.2500000e+01;2.2085473e-01;2.2500000e+01;1.8372190e-01;2.2500000e+01;2.2518924e-01;2.2500000e+01;1.9405885e-01;2.2500000e+01;1.4584216e-01;2.2500000e+01;9.4008341e-02;2.2500000e+01;4.8645161e-02;2.2500000e+01;-1.6595423e-04;2.2500000e+01;-4.1481048e-02;2.2500000e+01;-8.4794402e-02;2.2500000e+01;-1.2932453e-01;2.2500000e+01;-7.6184742e-02;2.2500000e+01;-6.1254580e-02;2.2500000e+01;-1.3498748e-02;2.2500000e+01;6.0103595e-02;2.2500000e+01;1.4850512e-01;2.2500000e+01;2.2407922e-01;2.2500000e+01;2.4894708e-01;2.2500000e+01;2.2085473e-01;2.2500000e+01;1.8372190e-01;2.2500000e+01;2.2518924e-01;2.2500000e+01;1.9405885e-01;2.2500000e+01;1.4584216e-01;2.2500000e+01;9.4008341e-02;2.2500000e+01;4.8645161e-02;2.2500000e+01;-1.6595423e-04;2.2500000e+01;-4.1481048e-02;2.2500000e+01;-8.4794402e-02;2.2500000e+01;-1.2932453e-01;2.2500000e+01;-7.6184742e-02;2.2500000e+01;-6.1254580e-02;2.2500000e+01;-1.3498748e-02;2.2500000e+01;6.0103595e-02;2.2500000e+01;1.4850512e-01;2.2500000e+01;2.2407922e-01;2.2500000e+01;2.4894708e-01;2.2500000e+01;2.2085473e-01;2.2500000e+01;1.8372190e-01;2.2500000e+01;2.2518924e-01;2.2500000e+01;1.9405885e-01;2.2500000e+01;1.4584216e-01;2.2500000e+01;9.4008341e-02;2.2500000e+01;4.8645161e-02;2.2500000e+01;-1.6595423e-04;2.2500000e+01;-4.1481048e-02;2.2500000e+01;-8.4794402e-02;2.2500000e+01;-1.2932453e-01;2.2500000e+01;-7.6184742e-02;2.2500000e+01;-6.1254580e-02;2.2500000e+01;-1.3498748e-02;2.2500000e+01;6.0103595e-02;2.2500000e+01;1.4850512e-01;2.2500000e+01;2.2407922e-01;2.2500000e+01;2.4894708e-01;2.2500000e+01;2.2085473e-01;2.2500000e+01;1.8372190e-01;2.2500000e+01;2.2518924e-01;2.2500000e+01;1.9405885e-01;2.2500000e+01;1.4584216e-01;2.2500000e+01;9.4008341e-02;2.2500000e+01;4.8645161e-02;2.2500000e+01;-1.6595423e-04;2.2500000e+01;-4.1481048e-02;2.2500000e+01;-8.4794402e-02;2.2500000e+01;-1.2932453e-01;2.2500000e+01;-7.6184742e-02;2.2500000e+01;-6.1254580e-02;2.2500000e+01;-1.3498748e-02;2.2500000e+01;6.0103595e-02;2.2500000e+01;1.4850512e-01;2.2500000e+01;2.2407922e-01;2.2500000e+01;2.4894708e-01;2.2500000e+01;2.2085473e-01;2.2500000e+01;1.8372190e-01;2.2500000e+01;2.2518924e-01;2.2500000e+01;1.9405885e-01;2.2500000e+01;1.4584216e-01;2.2500000e+01;9.4008341e-02;2.2500000e+01;4.8645161e-02;2.2500000e+01;-1.6595423e-04;2.2500000e+01;-4.1481048e-02;2.2500000e+01;-8.4794402e-02;2.2500000e+01;-1.2932453e-01;2.2500000e+01;-7.6184742e-02;2.2500000e+01;-6.1254580e-02;2.2500000e+01;-1.3498748e-02;2.2500000e+01;6.0103595e-02;2.2500000e+01;1.4850512e-01;2.2500000e+01;2.2407922e-01;2.2500000e+01;2.4894708e-01;2.2500000e+01;2.2085473e-01;2.2500000e+01;1.8372190e-01;2.2500000e+01;2.2518924e-01;2.2500000e+01;1.9405885e-01;2.2500000e+01;1.4584216e-01;2.2500000e+01;9.4008341e-02;2.2500000e+01;4.8645161e-02;2.2500000e+01;-1.6595423e-04;2.2500000e+01;-4.1481048e-02;2.2500000e+01;-8.4794402e-02;2.2500000e+01;-1.2932453e-01;2.2500000e+01;-7.6184742e-02;2.2500000e+01;-6.1254580e-02;2.2500000e+01;-1.3498748e-02;2.2500000e+01;6.0103595e-02;2.2500000e+01;1.4850512e-01;2.2500000e+01;2.2407922e-01;2.2500000e+01;2.4894708e-01;2.2500000e+01;2.2085473e-01;2.2500000e+01;1.8372190e-01;2.2500000e+01;2.2518924e-01;2.2500000e+01;1.9405885e-01;2.2500000e+01;1.4584216e-01;2.2500000e+01;9.4008341e-02;2.2500000e+01;4.8645161e-02;2.2500000e+01;-1.6595423e-04;2.2500000e+01;-4.1481048e-02;2.2500000e+01;-8.4794402e-02;2.2500000e+01;-1.2932453e-01;2.2500000e+01;-7.6184742e-02;2.2500000e+01;-6.1254580e-02;2.2500000e+01;-1.3498748e-02;2.2500000e+01;6.0103595e-02;2.2500000e+01;1.4850512e-01;2.2500000e+01;2.2407922e-01;2.2500000e+01;2.4894708e-01;2.2500000e+01;2.2085473e-01;2.2500000e+01;1.8372190e-01;2.2500000e+01;2.2518924e-01;2.2500000e+01;1.9405885e-01;2.2500000e+01;1.4584216e-01;2.2500000e+01;9.4008341e-02;2.2500000e+01;4.8645161e-02;2.2500000e+01;-1.6595423e-04;2.2500000e+01;-4.1481048e-02;2.2500000e+01;-8.4794402e-02;2.2500000e+01;-1.2932453e-01;2.2500000e+01;-7.6184742e-02;2.2500000e+01;-6.1254580e-02;2.2500000e+01;-1.3498748e-02;2.2500000e+01;6.0103595e-02;2.2500000e+01;1.4850512e-01;2.2500000e+01;2.2407922e-01;2.2500000e+01;2.4894708e-01;2.2500000e+01;2.2085473e-01;2.2500000e+01;1.8372190e-01;2.2500000e+01;2.2518924e-01;2.2500000e+01;1.9405885e-01;2.2500000e+01;1.4584216e-01;2.2500000e+01;9.4008341e-02;2.2500000e+01;4.8645161e-02;2.2500000e+01;-1.6595423e-04;2.2500000e+01;-4.1481048e-02;2.2500000e+01;-8.4794402e-02;2.2500000e+01;-1.2932453e-01;2.2500000e+01;-7.6184742e-02;2.2500000e+01;-6.1254580e-02;2.2500000e+01;-1.3498748e-02;2.2500000e+01;6.0103595e-02;2.2500000e+01;1.4850512e-01;2.2500000e+01;2.2407922e-01;2.2500000e+01;2.4894708e-01;2.2500000e+01;2.2085473e-01;2.2500000e+01;1.8372190e-01;2.2500000e+01;2.2518924e-01;2.2500000e+01;1.9405885e-01;2.2500000e+01;1.4584216e-01;2.2500000e+01;9.4008341e-02;2.2500000e+01;4.8645161e-02;2.2500000e+01;-1.6595423e-04;2.2500000e+01;-4.1481048e-02;2.2500000e+01;-8.4794402e-02;2.2500000e+01;-1.2932453e-01;2.2500000e+01;-7.6184742e-02;2.2500000e+01;-6.1254580e-02;2.2500000e+01;-1.3498748e-02;2.2500000e+01;6.0103595e-02;2.2500000e+01;1.4850512e-01;2.2500000e+01;2.2407922e-01;2.2500000e+01;2.4894708e-01;2.2500000e+01;2.2085473e-01;2.2500000e+01;1.8372190e-01;2.2500000e+01;2.2518924e-01;2.2500000e+01;1.9405885e-01;2.2500000e+01;1.4584216e-01;2.2500000e+01;9.4008341e-02;2.2500000e+01;4.8645161e-02;2.2500000e+01;-1.6595423e-04;2.2500000e+01;-4.1481048e-02;2.2500000e+01;-8.4794402e-02;2.2500000e+01;-1.2932453e-01;2.2500000e+01;-7.6184742e-02;2.2500000e+01;-6.1254580e-02;2.2500000e+01;-1.3498748e-02;2.2500000e+01;6.0103595e-02;2.2500000e+01;1.4850512e-01;2.2500000e+01;2.2407922e-01;2.2500000e+01;2.4894708e-01;2.2500000e+01;2.2085473e-01;2.2500000e+01;1.8372190e-01;2.2500000e+01;2.2518924e-01;2.2500000e+01;1.9405885e-01;2.2500000e+01;1.4584216e-01;2.2500000e+01;9.4008341e-02;2.2500000e+01;4.8645161e-02;2.2500000e+01;-1.6595423e-04;2.2500000e+01;-4.1481048e-02;2.2500000e+01;-8.4794402e-02;2.2500000e+01;-1.2932453e-01;2.2500000e+01;-7.6184742e-02;2.2500000e+01;-6.1254580e-02;2.2500000e+01;-1.3498748e-02;2.2500000e+01;6.0103595e-02;2.2500000e+01;1.4850512e-01;2.2500000e+01;2.2407922e-01;2.2500000e+01;2.4894708e-01;2.2500000e+01;2.2085473e-01;2.2500000e+01;1.8372190e-01;2.2500000e+01;2.2518924e-01;2.2500000e+01;1.9405885e-01;2.2500000e+01;1.4584216e-01;2.2500000e+01;9.4008341e-02;2.2500000e+01;4.8645161e-02;2.2500000e+01;-1.6595423e-04;2.2500000e+01;-4.1481048e-02;2.2500000e+01;-8.4794402e-02;2.2500000e+01;-1.2932453e-01;2.2500000e+01;-7.6184742e-02;2.2500000e+01;-6.1254580e-02;2.2500000e+01;-1.3498748e-02;2.2500000e+01;6.0103595e-02;2.2500000e+01;1.4850512e-01;2.2500000e+01;2.2407922e-01;2.2500000e+01;2.4894708e-01;2.2500000e+01;2.2085473e-01;2.2500000e+01;1.8372190e-01;2.2500000e+01;2.2518924e-01;2.2500000e+01;1.9405885e-01;2.2500000e+01;1.4584216e-01;2.2500000e+01;9.4008341e-02;2.2500000e+01;4.8645161e-02;2.2500000e+01;-1.6595423e-04;2.2500000e+01;-4.1481048e-02;2.2500000e+01;-8.4794402e-02;2.2500000e+01;-1.2932453e-01;2.2500000e+01;-7.6184742e-02;2.2500000e+01;-6.1254580e-02;2.2500000e+01;-1.3498748e-02;2.2500000e+01;6.0103595e-02;2.2500000e+01;1.4850512e-01;2.2500000e+01;2.2407922e-01;2.2500000e+01;2.4894708e-01;2.2500000e+01;2.2085473e-01;2.2500000e+01;1.8372190e-01;2.2500000e+01;2.2518924e-01;2.2500000e+01;1.9405885e-01;2.2500000e+01;1.4584216e-01;2.2500000e+01;9.4008341e-02;2.2500000e+01;4.8645161e-02;2.2500000e+01;-1.6595423e-04;2.2500000e+01;-4.1481048e-02;2.2500000e+01;-8.4794402e-02;2.2500000e+01;-1.2932453e-01;2.2500000e+01;-7.6184742e-02;2.2500000e+01;-6.1254580e-02;2.2500000e+01;-1.3498748e-02;2.2500000e+01;6.0103595e-02;2.2500000e+01;1.4850512e-01;2.2500000e+01;2.2407922e-01;2.2500000e+01;2.4894708e-01;2.2500000e+01;2.2085473e-01;2.2500000e+01;1.8372190e-01;2.2500000e+01;2.2518924e-01;2.2500000e+01;1.9405885e-01;2.2500000e+01;1.4584216e-01;2.2500000e+01;9.4008341e-02;2.2500000e+01;4.8645161e-02;2.2500000e+01;-1.6595423e-04;2.2500000e+01;-4.1481048e-02;2.2500000e+01;-8.4794402e-02;2.2500000e+01;-1.2932453e-01;2.2500000e+01;-7.6184742e-02;2.2500000e+01;-6.1254580e-02;2.2500000e+01;-1.3498748e-02;2.2500000e+01;6.0103595e-02;2.2500000e+01;1.4850512e-01;2.2500000e+01;2.2407922e-01;2.2500000e+01;2.4894708e-01;2.2500000e+01;2.2085473e-01;2.2500000e+01;1.8372190e-01;2.2500000e+01;2.2518924e-01;2.2500000e+01;1.9405885e-01;2.2500000e+01;1.4584216e-01;2.2500000e+01;9.4008341e-02;2.2500000e+01;4.8645161e-02;2.2500000e+01;-1.6595423e-04;2.2500000e+01;-4.1481048e-02;2.2500000e+01;-8.4794402e-02;2.2500000e+01;-1.2932453e-01;2.2500000e+01;-7.6184742e-02;2.2500000e+01;-6.1254580e-02;2.2500000e+01;-1.3498748e-02;2.2500000e+01;6.0103595e-02;2.2500000e+01;1.4850512e-01;2.2500000e+01;2.2407922e-01;2.2500000e+01;2.4894708e-01;2.2500000e+01;2.2085473e-01;2.2500000e+01;1.8372190e-01;2.2500000e+01;2.2518924e-01;2.2500000e+01;1.9405885e-01;2.2500000e+01;1.4584216e-01;2.2500000e+01;9.4008341e-02;2.2500000e+01;4.8645161e-02;2.2500000e+01;-1.6595423e-04;2.2500000e+01;-4.1481048e-02;2.2500000e+01;-8.4794402e-02;2.2500000e+01;-1.2932453e-01;2.2500000e+01;-7.6184742e-02;2.2500000e+01;-6.1254580e-02;2.2500000e+01;-1.3498748e-02;2.2500000e+01;6.0103595e-02;2.2500000e+01;1.4850512e-01;2.2500000e+01;2.2407922e-01;2.2500000e+01;2.4894708e-01;2.2500000e+01;2.2085473e-01;2.2500000e+01;1.8372190e-01;2.2500000e+01;2.2518924e-01;2.2500000e+01;1.9405885e-01;2.2500000e+01;1.4584216e-01;2.2500000e+01;9.4008341e-02;2.2500000e+01;4.8645161e-02;2.2500000e+01;-1.6595423e-04;2.2500000e+01;-4.1481048e-02;2.2500000e+01;-8.4794402e-02;2.2500000e+01;-1.2932453e-01;2.2500000e+01;-7.6184742e-02;2.2500000e+01;-6.1254580e-02;2.2500000e+01;-1.3498748e-02;2.2500000e+01;6.0103595e-02;2.2500000e+01;1.4850512e-01;2.2500000e+01;2.2407922e-01;2.2500000e+01;2.4894708e-01;2.2500000e+01;2.2085473e-01;2.2500000e+01;1.8372190e-01;2.2500000e+01;2.2518924e-01;2.2500000e+01;1.9405885e-01;2.2500000e+01;1.4584216e-01;2.2500000e+01;9.4008341e-02;2.2500000e+01;4.8645161e-02;2.2500000e+01;-1.6595423e-04;2.2500000e+01;-4.1481048e-02;2.2500000e+01;-8.4794402e-02;2.2500000e+01;-1.2932453e-01;2.2500000e+01;-7.6184742e-02;2.2500000e+01;-6.1254580e-02;2.2500000e+01;-1.3498748e-02;2.2500000e+01;6.0103595e-02;2.2500000e+01;1.4850512e-01;2.2500000e+01;2.2407922e-01;2.2500000e+01;2.4894708e-01;2.2500000e+01;2.2085473e-01;2.2500000e+01;1.8372190e-01;2.2500000e+01;2.2518924e-01;2.2500000e+01;1.9405885e-01;2.2500000e+01;1.4584216e-01;2.2500000e+01;9.4008341e-02;2.2500000e+01;4.8645161e-02;2.2500000e+01;-1.6595423e-04;2.2500000e+01;-4.1481048e-02;2.2500000e+01;-8.4794402e-02;2.2500000e+01;-1.2932453e-01;2.2500000e+01;-7.6184742e-02;2.2500000e+01;-6.1254580e-02;2.2500000e+01;-1.3498748e-02;2.2500000e+01;6.0103595e-02;2.2500000e+01;1.4850512e-01;2.2500000e+01;2.2407922e-01;2.2500000e+01;2.4894708e-01;2.2500000e+01;2.2085473e-01;2.2500000e+01;1.8372190e-01;2.2500000e+01;2.2518924e-01;2.2500000e+01;1.9405885e-01;2.2500000e+01;1.4584216e-01;2.2500000e+01;9.4008341e-02;2.2500000e+01;4.8645161e-02;2.2500000e+01;-1.6595423e-04;2.2500000e+01;-4.1481048e-02;2.2500000e+01;-8.4794402e-02;2.2500000e+01;-1.2932453e-01;2.2500000e+01;-7.6184742e-02;2.2500000e+01;-6.1254580e-02;2.2500000e+01;-1.3498748e-02;2.2500000e+01;6.0103595e-02;2.2500000e+01;1.4850512e-01;2.2500000e+01;2.2407922e-01;2.2500000e+01;2.4894708e-01;2.2500000e+01;2.2085473e-01;2.2500000e+01;1.8372190e-01;2.2500000e+01;2.2518924e-01;2.2500000e+01;1.9405885e-01;2.2500000e+01;1.4584216e-01;2.2500000e+01;9.4008341e-02;2.2500000e+01;4.8645161e-02;2.2500000e+01;-1.6595423e-04;2.2500000e+01;-4.1481048e-02;2.2500000e+01;-8.4794402e-02;2.2500000e+01;-1.2932453e-01;2.2500000e+01;-7.6184742e-02;2.2500000e+01;-6.1254580e-02;2.2500000e+01;-1.3498748e-02;2.2500000e+01;6.0103595e-02;2.2500000e+01;1.4850512e-01;2.2500000e+01;2.2407922e-01;2.2500000e+01;2.4894708e-01;2.2500000e+01;2.2085473e-01;2.2500000e+01;1.8372190e-01;2.2500000e+01;2.2518924e-01;2.2500000e+01;1.9405885e-01;2.2500000e+01;1.4584216e-01;2.2500000e+01;9.4008341e-02;2.2500000e+01;4.8645161e-02;2.2500000e+01;-1.6595423e-04;2.2500000e+01;-4.1481048e-02;2.2500000e+01;-8.4794402e-02;2.2500000e+01;-1.2932453e-01;2.2500000e+01;-7.6184742e-02;2.2500000e+01;-6.1254580e-02;2.2500000e+01;-1.3498748e-02;2.2500000e+01;6.0103595e-02;2.2500000e+01;1.4850512e-01;2.2500000e+01;2.2407922e-01;2.2500000e+01;2.4894708e-01;2.2500000e+01;2.2085473e-01;2.2500000e+01;1.8372190e-01;2.2500000e+01;2.2518924e-01;2.2500000e+01;1.9405885e-01;2.2500000e+01;1.4584216e-01;2.2500000e+01;9.4008341e-02;2.2500000e+01;4.8645161e-02;2.2500000e+01;-1.6595423e-04;2.2500000e+01;-4.1481048e-02;2.2500000e+01;-8.4794402e-02;2.2500000e+01;-1.2932453e-01;2.2500000e+01;-7.6184742e-02;2.2500000e+01;-6.1254580e-02;2.2500000e+01;-1.3498748e-02;2.2500000e+01;6.0103595e-02;2.2500000e+01;1.4850512e-01;2.2500000e+01;2.2407922e-01;2.2500000e+01;2.4894708e-01;2.2500000e+01;2.2085473e-01;2.2500000e+01;1.8372190e-01;2.2500000e+01;2.2518924e-01;2.2500000e+01;1.9405885e-01;2.2500000e+01;1.4584216e-01;2.2500000e+01;9.4008341e-02;2.2500000e+01;4.8645161e-02;2.2500000e+01;-1.6595423e-04;2.2500000e+01;-4.1481048e-02;2.2500000e+01;-8.4794402e-02;2.2500000e+01;-1.2932453e-01;2.2500000e+01;-7.6184742e-02;2.2500000e+01;-6.1254580e-02;2.2500000e+01;-1.3498748e-02;2.2500000e+01;6.0103595e-02;2.2500000e+01;1.4850512e-01;2.2500000e+01;2.2407922e-01;2.2500000e+01;2.4894708e-01;2.2500000e+01;2.2085473e-01;2.2500000e+01;1.8372190e-01;2.2500000e+01;2.2518924e-01;2.2500000e+01;1.9405885e-01;2.2500000e+01;1.4584216e-01;2.2500000e+01;9.4008341e-02;2.2500000e+01;4.8645161e-02;2.2500000e+01;-1.6595423e-04;2.2500000e+01;-4.1481048e-02;2.2500000e+01;-8.4794402e-02;2.2500000e+01;-1.2932453e-01;2.2500000e+01;-7.6184742e-02;2.2500000e+01;-6.1254580e-02;2.2500000e+01;-1.3498748e-02;2.2500000e+01;6.0103595e-02;2.2500000e+01;1.4850512e-01;2.2500000e+01;2.2407922e-01;2.2500000e+01;2.4894708e-01;2.2500000e+01;2.2085473e-01;2.2500000e+01;1.8372190e-01;2.2500000e+01;2.2518924e-01;2.2500000e+01;1.9405885e-01;2.2500000e+01;1.4584216e-01;2.2500000e+01;9.4008341e-02;2.2500000e+01;4.8645161e-02;2.2500000e+01;-1.6595423e-04;2.2500000e+01;-4.1481048e-02;2.2500000e+01;-8.4794402e-02;2.2500000e+01;-1.2932453e-01;2.2500000e+01;-7.6184742e-02;2.2500000e+01;-6.1254580e-02;2.2500000e+01;-1.3498748e-02;2.2500000e+01;6.0103595e-02;2.2500000e+01;1.4850512e-01;2.2500000e+01;2.2407922e-01;2.2500000e+01;2.4894708e-01;2.2500000e+01;2.2085473e-01;2.2500000e+01;1.8372190e-01;2.2500000e+01;2.2518924e-01;2.2500000e+01;1.9405885e-01;2.2500000e+01;1.4584216e-01;2.2500000e+01;9.4008341e-02;2.2500000e+01;4.8645161e-02;2.2500000e+01;-1.6595423e-04;2.2500000e+01;-4.1481048e-02;2.2500000e+01;-8.4794402e-02;2.2500000e+01;-1.2932453e-01;2.2500000e+01;-7.6184742e-02;2.2500000e+01;-6.1254580e-02;2.2500000e+01;-1.3498748e-02;2.2500000e+01;6.0103595e-02;2.2500000e+01;1.4850512e-01;2.2500000e+01;2.2407922e-01;2.2500000e+01;2.4894708e-01;2.2500000e+01;2.2085473e-01;2.2500000e+01;1.8372190e-01;2.2500000e+01;2.2518924e-01;2.2500000e+01;1.9405885e-01;2.2500000e+01;1.4584216e-01;2.2500000e+01;9.4008341e-02;2.2500000e+01;4.8645161e-02;2.2500000e+01;-1.6595423e-04;2.2500000e+01;-4.1481048e-02;2.2500000e+01;-8.4794402e-02;2.2500000e+01;-1.2932453e-01;2.2500000e+01;-7.6184742e-02;2.2500000e+01;-6.1254580e-02;2.2500000e+01;-1.3498748e-02;2.2500000e+01;6.0103595e-02;2.2500000e+01;1.4850512e-01;2.2500000e+01;2.2407922e-01;2.2500000e+01;2.4894708e-01;2.2500000e+01;2.2085473e-01;2.2500000e+01;1.8372190e-01;2.2500000e+01;2.2518924e-01;2.2500000e+01;1.9405885e-01;2.2500000e+01;1.4584216e-01;2.2500000e+01;9.4008341e-02;2.2500000e+01;4.8645161e-02;2.2500000e+01;-1.6595423e-04;2.2500000e+01;-4.1481048e-02;2.2500000e+01;-8.4794402e-02;2.2500000e+01;-1.2932453e-01;2.2500000e+01;-7.6184742e-02;2.2500000e+01;-6.1254580e-02;2.2500000e+01;-1.3498748e-02;2.2500000e+01;6.0103595e-02;2.2500000e+01;1.4850512e-01;2.2500000e+01;2.2407922e-01;2.2500000e+01;2.4894708e-01;2.2500000e+01;2.2085473e-01;2.2500000e+01;1.8372190e-01;2.2500000e+01;2.2518924e-01;2.2500000e+01;1.9405885e-01;2.2500000e+01;1.4584216e-01;2.2500000e+01;9.4008341e-02;2.2500000e+01;4.8645161e-02;2.2500000e+01;-1.6595423e-04;2.2500000e+01;-4.1481048e-02;2.2500000e+01;-8.4794402e-02;2.2500000e+01;-1.2932453e-01;2.2500000e+01;-7.6184742e-02;2.2500000e+01;-6.1254580e-02;2.2500000e+01;-1.3498748e-02;2.2500000e+01;6.0103595e-02;2.2500000e+01;1.4850512e-01;2.2500000e+01;2.2407922e-01;2.2500000e+01;2.4894708e-01;2.2500000e+01;2.2085473e-01;2.2500000e+01;1.8372190e-01;2.2500000e+01;2.2518924e-01;2.2500000e+01;1.9405885e-01;2.2500000e+01;1.4584216e-01;2.2500000e+01;9.4008341e-02;2.2500000e+01;4.8645161e-02;2.2500000e+01;-1.6595423e-04;2.2500000e+01;-4.1481048e-02;2.2500000e+01;-8.4794402e-02;2.2500000e+01;-1.2932453e-01;2.2500000e+01;-7.6184742e-02;2.2500000e+01;-6.1254580e-02;2.2500000e+01;-1.3498748e-02;2.2500000e+01;6.0103595e-02;2.2500000e+01;1.4850512e-01;2.2500000e+01;2.2407922e-01;2.2500000e+01;2.4894708e-01;2.2500000e+01;2.2085473e-01;2.2500000e+01;1.8372190e-01;2.2500000e+01;2.2518924e-01;2.2500000e+01;1.9405885e-01;2.2500000e+01;1.4584216e-01;2.2500000e+01;9.4008341e-02;2.2500000e+01;4.8645161e-02;2.2500000e+01;-1.6595423e-04;2.2500000e+01;-4.1481048e-02;2.2500000e+01;-8.4794402e-02;2.2500000e+01;-1.2932453e-01;2.2500000e+01;-7.6184742e-02;2.2500000e+01;-6.1254580e-02;2.2500000e+01;-1.3498748e-02;2.2500000e+01;6.0103595e-02;2.2500000e+01;1.4850512e-01;2.2500000e+01;2.2407922e-01;2.2500000e+01;2.4894708e-01;2.2500000e+01;2.2085473e-01;2.2500000e+01;1.8372190e-01;2.2500000e+01;2.2518924e-01;2.2500000e+01;1.9405885e-01;2.2500000e+01;1.4584216e-01;2.2500000e+01;9.4008341e-02;2.2500000e+01;4.8645161e-02;2.2500000e+01;-1.6595423e-04;2.2500000e+01;-4.1481048e-02;2.2500000e+01;-8.4794402e-02;2.2500000e+01;-1.2932453e-01;2.2500000e+01;-7.6184742e-02;2.2500000e+01;-6.1254580e-02;2.2500000e+01;-1.3498748e-02;2.2500000e+01;6.0103595e-02;2.2500000e+01;1.4850512e-01;2.2500000e+01;2.2407922e-01;2.2500000e+01;2.4894708e-01;2.2500000e+01;2.2085473e-01;2.2500000e+01;1.8372190e-01;2.2500000e+01;2.2518924e-01;2.2500000e+01;1.9405885e-01;2.2500000e+01;1.4584216e-01;2.2500000e+01;9.4008341e-02;2.2500000e+01;4.8645161e-02;2.2500000e+01;-1.6595423e-04;2.2500000e+01;-4.1481048e-02;2.2500000e+01;-8.4794402e-02;2.2500000e+01;-1.2932453e-01;2.2500000e+01;-7.6184742e-02;2.2500000e+01;-6.1254580e-02;2.2500000e+01;-1.3498748e-02;2.2500000e+01;6.0103595e-02;2.2500000e+01;1.4850512e-01;2.2500000e+01;2.2407922e-01;2.2500000e+01;2.4894708e-01;2.2500000e+01;2.2085473e-01;2.2500000e+01;1.8372190e-01;2.2500000e+01;2.2518924e-01;2.2500000e+01;1.9405885e-01;2.2500000e+01;1.4584216e-01;2.2500000e+01;9.4008341e-02;2.2500000e+01;4.8645161e-02;2.2500000e+01;-1.6595423e-04;2.2500000e+01;-4.1481048e-02;2.2500000e+01;-8.4794402e-02;2.2500000e+01;-1.2932453e-01;2.2500000e+01;-7.6184742e-02;2.2500000e+01;-6.1254580e-02;2.2500000e+01;-1.3498748e-02;2.2500000e+01;6.0103595e-02;2.2500000e+01;1.4850512e-01;2.2500000e+01;2.2407922e-01;2.2500000e+01;2.4894708e-01;2.2500000e+01;2.2085473e-01;2.2500000e+01;1.8372190e-01;2.2500000e+01;2.2518924e-01;2.2500000e+01;1.9405885e-01;2.2500000e+01;1.4584216e-01;2.2500000e+01;9.4008341e-02;2.2500000e+01;4.8645161e-02;2.2500000e+01;-1.6595423e-04;2.2500000e+01;-4.1481048e-02;2.2500000e+01;-8.4794402e-02;2.2500000e+01;-1.2932453e-01;2.2500000e+01;-7.6184742e-02;2.2500000e+01;-6.1254580e-02;2.2500000e+01;-1.3498748e-02;2.2500000e+01;6.0103595e-02;2.2500000e+01;1.4850512e-01;2.2500000e+01;2.2407922e-01;2.2500000e+01;2.4894708e-01;2.2500000e+01;2.2085473e-01;2.2500000e+01;1.8372190e-01;2.2500000e+01;2.2518924e-01;2.2500000e+01;1.9405885e-01;2.2500000e+01;1.4584216e-01;2.2500000e+01;9.4008341e-02;2.2500000e+01;4.8645161e-02;2.2500000e+01;-1.6595423e-04;2.2500000e+01;-4.1481048e-02;2.2500000e+01;-8.4794402e-02;2.2500000e+01;-1.2932453e-01;2.2500000e+01;-7.6184742e-02;2.2500000e+01;-6.1254580e-02;2.2500000e+01;-1.3498748e-02;2.2500000e+01;6.0103595e-02;2.2500000e+01;1.4850512e-01;2.2500000e+01;2.2407922e-01;2.2500000e+01;2.4894708e-01;2.2500000e+01;2.2085473e-01;2.2500000e+01;1.8372190e-01;2.2500000e+01;2.2518924e-01;2.2500000e+01;1.9405885e-01;2.2500000e+01;1.4584216e-01;2.2500000e+01;9.4008341e-02;2.2500000e+01;4.8645161e-02;2.2500000e+01;-1.6595423e-04;2.2500000e+01;-4.1481048e-02;2.2500000e+01;-8.4794402e-02;2.2500000e+01;-1.2932453e-01;2.2500000e+01;-7.6184742e-02;2.2500000e+01;-6.1254580e-02;2.2500000e+01;-1.3498748e-02;2.2500000e+01;6.0103595e-02;2.2500000e+01;1.4850512e-01;2.2500000e+01;2.2407922e-01;2.2500000e+01;2.4894708e-01;2.2500000e+01;2.2085473e-01;2.2500000e+01;1.8372190e-01;2.2500000e+01;2.2518924e-01;2.2500000e+01;1.9405885e-01;2.2500000e+01;1.4584216e-01;2.2500000e+01;9.4008341e-02;2.2500000e+01;4.8645161e-02;2.2500000e+01;-1.6595423e-04;2.2500000e+01;-4.1481048e-02;2.2500000e+01;-8.4794402e-02;2.2500000e+01;-1.2932453e-01;2.2500000e+01;-7.6184742e-02;2.2500000e+01;-6.1254580e-02;2.2500000e+01;-1.3498748e-02;2.2500000e+01;6.0103595e-02;2.2500000e+01;1.4850512e-01;2.2500000e+01;2.2407922e-01;2.2500000e+01;2.4894708e-01;2.2500000e+01;2.2085473e-01;2.2500000e+01;1.8372190e-01;2.2500000e+01;2.2518924e-01;2.2500000e+01;1.9405885e-01;2.2500000e+01;1.4584216e-01;2.2500000e+01;9.4008341e-02;2.2500000e+01;4.8645161e-02;2.2500000e+01;-1.6595423e-04;2.2500000e+01;-4.1481048e-02;2.2500000e+01;-8.4794402e-02;2.2500000e+01;-1.2932453e-01;2.2500000e+01;-7.6184742e-02;2.2500000e+01;-6.1254580e-02;2.2500000e+01;-1.3498748e-02;2.2500000e+01;6.0103595e-02;2.2500000e+01;1.4850512e-01;2.2500000e+01;2.2407922e-01;2.2500000e+01;2.4894708e-01;2.2500000e+01;2.2085473e-01;2.2500000e+01;1.8372190e-01;2.2500000e+01;2.2518924e-01;2.2500000e+01;1.9405885e-01;2.2500000e+01;1.4584216e-01;2.2500000e+01;9.4008341e-02;2.2500000e+01;4.8645161e-02;2.2500000e+01;-1.6595423e-04;2.2500000e+01;-4.1481048e-02;2.2500000e+01;-8.4794402e-02;2.2500000e+01;-1.2932453e-01;2.2500000e+01;-7.6184742e-02;2.2500000e+01;-6.1254580e-02;2.2500000e+01;-1.3498748e-02;2.2500000e+01;6.0103595e-02;2.2500000e+01;1.4850512e-01;2.2500000e+01;2.2407922e-01;2.2500000e+01;2.4894708e-01;2.2500000e+01;2.2085473e-01;2.2500000e+01;1.8372190e-01;2.2500000e+01;2.2518924e-01;2.2500000e+01;1.9405885e-01;2.2500000e+01;1.4584216e-01;2.2500000e+01;9.4008341e-02;2.2500000e+01;4.8645161e-02;2.2500000e+01;-1.6595423e-04;2.2500000e+01;-4.1481048e-02;2.2500000e+01;-8.4794402e-02;2.2500000e+01;-1.2932453e-01;2.2500000e+01;-7.6184742e-02;2.2500000e+01;-6.1254580e-02;2.2500000e+01;-1.3498748e-02;2.2500000e+01;6.0103595e-02;2.2500000e+01;1.4850512e-01;2.2500000e+01;2.2407922e-01;2.2500000e+01;2.4894708e-01;2.2500000e+01;2.2085473e-01;2.2500000e+01;1.8372190e-01;2.2500000e+01;2.2518924e-01;2.2500000e+01;1.9405885e-01;2.2500000e+01;1.4584216e-01;2.2500000e+01;9.4008341e-02;2.2500000e+01;4.8645161e-02;2.2500000e+01;-1.6595423e-04;2.2500000e+01;-4.1481048e-02;2.2500000e+01;-8.4794402e-02;2.2500000e+01;-1.2932453e-01;2.2500000e+01;-7.6184742e-02;2.2500000e+01;-6.1254580e-02;2.2500000e+01;-1.3498748e-02;2.2500000e+01;6.0103595e-02;2.2500000e+01;1.4850512e-01;2.2500000e+01;2.2407922e-01;2.2500000e+01;2.4894708e-01;2.2500000e+01;2.2085473e-01;2.2500000e+01;1.8372190e-01;2.2500000e+01;2.2518924e-01;2.2500000e+01;1.9405885e-01;2.2500000e+01;1.4584216e-01;2.2500000e+01;9.4008341e-02;2.2500000e+01;4.8645161e-02;2.2500000e+01;-1.6595423e-04;2.2500000e+01;-4.1481048e-02;2.2500000e+01;-8.4794402e-02;2.2500000e+01;-1.2932453e-01;2.2500000e+01;-7.6184742e-02;2.2500000e+01;-6.1254580e-02;2.2500000e+01;-1.3498748e-02;2.2500000e+01;6.0103595e-02;2.2500000e+01;1.4850512e-01;2.2500000e+01;2.2407922e-01;2.2500000e+01;2.4894708e-01;2.2500000e+01;2.2085473e-01;2.2500000e+01;1.8372190e-01;2.2500000e+01;2.2518924e-01;2.2500000e+01;1.9405885e-01;2.2500000e+01;1.4584216e-01;2.2500000e+01;9.4008341e-02;2.2500000e+01;4.8645161e-02;2.2500000e+01;-1.6595423e-04;2.2500000e+01;-4.1481048e-02;2.2500000e+01;-8.4794402e-02;2.2500000e+01;-1.2932453e-01;2.2500000e+01;-7.6184742e-02;2.2500000e+01;-6.1254580e-02;2.2500000e+01;-1.3498748e-02;2.2500000e+01;6.0103595e-02;2.2500000e+01;1.4850512e-01;2.2500000e+01;2.2407922e-01;2.2500000e+01;2.4894708e-01;2.2500000e+01;2.2085473e-01;2.2500000e+01;1.8372190e-01;2.2500000e+01;2.2518924e-01;2.2500000e+01;1.9405885e-01;2.2500000e+01;1.4584216e-01;2.2500000e+01;9.4008341e-02;2.2500000e+01;4.8645161e-02;2.2500000e+01;-1.6595423e-04;2.2500000e+01;-4.1481048e-02;2.2500000e+01;-8.4794402e-02;2.2500000e+01;-1.2932453e-01;2.2500000e+01;-7.6184742e-02;2.2500000e+01;-6.1254580e-02;2.2500000e+01;-1.3498748e-02;2.2500000e+01;6.0103595e-02;2.2500000e+01;1.4850512e-01;2.2500000e+01;2.2407922e-01;2.2500000e+01;2.4894708e-01;2.2500000e+01;2.2085473e-01;2.2500000e+01;1.8372190e-01;2.2500000e+01;2.2518924e-01;2.2500000e+01;1.9405885e-01;2.2500000e+01;1.4584216e-01;2.2500000e+01;9.4008341e-02;2.2500000e+01;4.8645161e-02;2.2500000e+01;-1.6595423e-04;2.2500000e+01;-4.1481048e-02;2.2500000e+01;-8.4794402e-02;2.2500000e+01;-1.2932453e-01;2.2500000e+01;-7.6184742e-02;2.2500000e+01;-6.1254580e-02;2.2500000e+01;-1.3498748e-02;2.2500000e+01;6.0103595e-02;2.2500000e+01;1.4850512e-01;2.2500000e+01;2.2407922e-01;2.2500000e+01;2.4894708e-01;2.2500000e+01;2.2085473e-01;2.2500000e+01;1.8372190e-01;2.2500000e+01;2.2518924e-01;2.2500000e+01;1.9405885e-01;2.2500000e+01;1.4584216e-01;2.2500000e+01;9.4008341e-02;2.2500000e+01;4.8645161e-02;2.2500000e+01;-1.6595423e-04;2.2500000e+01;-4.1481048e-02;2.2500000e+01;-8.4794402e-02;2.2500000e+01;-1.2932453e-01;2.2500000e+01;-7.6184742e-02;2.2500000e+01;-6.1254580e-02;2.2500000e+01;-1.3498748e-02;2.2500000e+01;6.0103595e-02;2.2500000e+01;1.4850512e-01;2.2500000e+01;2.2407922e-01;2.2500000e+01;2.4894708e-01;2.2500000e+01;2.2085473e-01;2.2500000e+01;1.8372190e-01;2.2500000e+01;2.2518924e-01;2.2500000e+01;1.9405885e-01;2.2500000e+01;1.4584216e-01;2.2500000e+01;9.4008341e-02;2.2500000e+01;4.8645161e-02;2.2500000e+01;-1.6595423e-04;2.2500000e+01;-4.1481048e-02;2.2500000e+01;-8.4794402e-02;2.2500000e+01;-1.2932453e-01;2.2500000e+01;-7.6184742e-02;2.2500000e+01;-6.1254580e-02;2.2500000e+01;-1.3498748e-02;2.2500000e+01;6.0103595e-02;2.2500000e+01;1.4850512e-01;2.2500000e+01;2.2407922e-01;2.2500000e+01;2.4894708e-01;2.2500000e+01;2.2085473e-01;2.2500000e+01;1.8372190e-01;2.2500000e+01;2.2518924e-01;2.2500000e+01;1.9405885e-01;2.2500000e+01;1.4584216e-01;2.2500000e+01;9.4008341e-02;2.2500000e+01;4.8645161e-02;2.2500000e+01;-1.6595423e-04;2.2500000e+01;-4.1481048e-02;2.2500000e+01;-8.4794402e-02;2.2500000e+01;-1.2932453e-01;2.2500000e+01;-7.6184742e-02;2.2500000e+01;-6.1254580e-02;2.2500000e+01;-1.3498748e-02;2.2500000e+01;6.0103595e-02;2.2500000e+01;1.4850512e-01;2.2500000e+01;2.2407922e-01;2.2500000e+01;2.4894708e-01;2.2500000e+01;2.2085473e-01;2.2500000e+01;1.8372190e-01;2.2500000e+01;2.2518924e-01;2.2500000e+01;1.9405885e-01;2.2500000e+01;1.4584216e-01;2.2500000e+01;9.4008341e-02;2.2500000e+01;4.8645161e-02;2.2500000e+01;-1.6595423e-04;2.2500000e+01;-4.1481048e-02;2.2500000e+01;-8.4794402e-02;2.2500000e+01;-1.2932453e-01;2.2500000e+01;-7.6184742e-02;2.2500000e+01;-6.1254580e-02;2.2500000e+01;-1.3498748e-02;2.2500000e+01;6.0103595e-02;2.2500000e+01;1.4850512e-01;2.2500000e+01;2.2407922e-01;2.2500000e+01;2.4894708e-01;2.2500000e+01;2.2085473e-01;2.2500000e+01;1.8372190e-01;2.2500000e+01;2.2518924e-01;2.2500000e+01;1.9405885e-01;2.2500000e+01;1.4584216e-01;2.2500000e+01;9.4008341e-02;2.2500000e+01;4.8645161e-02;2.2500000e+01;-1.6595423e-04;2.2500000e+01;-4.1481048e-02;2.2500000e+01;-8.4794402e-02;2.2500000e+01;-1.2932453e-01;2.2500000e+01;-7.6184742e-02;2.2500000e+01;-6.1254580e-02;2.2500000e+01;-1.3498748e-02;2.2500000e+01;6.0103595e-02;2.2500000e+01;1.4850512e-01;2.2500000e+01;2.2407922e-01;2.2500000e+01;2.4894708e-01;2.2500000e+01;2.2085473e-01;2.2500000e+01;1.8372190e-01;2.2500000e+01;2.2518924e-01;2.2500000e+01;1.9405885e-01;2.2500000e+01;1.4584216e-01;2.2500000e+01;9.4008341e-02;2.2500000e+01;4.8645161e-02;2.2500000e+01;-1.6595423e-04;2.2500000e+01;-4.1481048e-02;2.2500000e+01;-8.4794402e-02;2.2500000e+01;-1.2932453e-01;2.2500000e+01;-7.6184742e-02;2.2500000e+01;-6.1254580e-02;2.2500000e+01;-1.3498748e-02;2.2500000e+01;6.0103595e-02;2.2500000e+01;1.4850512e-01;2.2500000e+01;2.2407922e-01;2.2500000e+01;2.4894708e-01;2.2500000e+01;2.2085473e-01;2.2500000e+01;1.8372190e-01;2.2500000e+01;2.2518924e-01;2.2500000e+01;1.9405885e-01;2.2500000e+01;1.4584216e-01;2.2500000e+01;9.4008341e-02;2.2500000e+01;4.8645161e-02;2.2500000e+01;-1.6595423e-04;2.2500000e+01;-4.1481048e-02;2.2500000e+01;-8.4794402e-02;2.2500000e+01;-1.2932453e-01;2.2500000e+01;-7.6184742e-02;2.2500000e+01;-6.1254580e-02;2.2500000e+01;-1.3498748e-02;2.2500000e+01;6.0103595e-02;2.2500000e+01;1.4850512e-01;2.2500000e+01;2.2407922e-01;2.2500000e+01;2.4894708e-01;2.2500000e+01;2.2085473e-01;2.2500000e+01;1.8372190e-01;2.2500000e+01;2.2518924e-01;2.2500000e+01;1.9405885e-01;2.2500000e+01;1.4584216e-01;2.2500000e+01;9.4008341e-02;2.2500000e+01;4.8645161e-02;2.2500000e+01;-1.6595423e-04;2.2500000e+01;-4.1481048e-02;2.2500000e+01;-8.4794402e-02;2.2500000e+01;-1.2932453e-01;2.2500000e+01;-7.6184742e-02;2.2500000e+01;-6.1254580e-02;2.2500000e+01;-1.3498748e-02;2.2500000e+01;6.0103595e-02;2.2500000e+01;1.4850512e-01;2.2500000e+01;2.2407922e-01;2.2500000e+01;2.4894708e-01;2.2500000e+01;2.2085473e-01;2.2500000e+01;1.8372190e-01;2.2500000e+01;2.2518924e-01;2.2500000e+01;1.9405885e-01;2.2500000e+01;1.4584216e-01;2.2500000e+01;9.4008341e-02;2.2500000e+01;4.8645161e-02;2.2500000e+01;-1.6595423e-04;2.2500000e+01;-4.1481048e-02;2.2500000e+01;-8.4794402e-02;2.2500000e+01;-1.2932453e-01;2.2500000e+01;-7.6184742e-02;2.2500000e+01;-6.1254580e-02;2.2500000e+01;-1.3498748e-02;2.2500000e+01;6.0103595e-02;2.2500000e+01;1.4850512e-01;2.2500000e+01;2.2407922e-01;2.2500000e+01;2.4894708e-01;2.2500000e+01;2.2085473e-01;2.2500000e+01;1.8372190e-01;2.2500000e+01;2.2518924e-01;2.2500000e+01;1.9405885e-01;2.2500000e+01;1.4584216e-01;2.2500000e+01;9.4008341e-02;2.2500000e+01;4.8645161e-02;2.2500000e+01;-1.6595423e-04;2.2500000e+01;-4.1481048e-02;2.2500000e+01;-8.4794402e-02;2.2500000e+01;-1.2932453e-01;2.2500000e+01;-7.6184742e-02;2.2500000e+01;-6.1254580e-02;2.2500000e+01;-1.3498748e-02;2.2500000e+01;6.0103595e-02;2.2500000e+01;1.4850512e-01;2.2500000e+01;2.2407922e-01;2.2500000e+01;2.4894708e-01;2.2500000e+01;2.2085473e-01;2.2500000e+01;1.8372190e-01;2.2500000e+01;2.2518924e-01;2.2500000e+01;1.9405885e-01;2.2500000e+01;1.4584216e-01;2.2500000e+01;9.4008341e-02;2.2500000e+01;4.8645161e-02;2.2500000e+01;-1.6595423e-04;2.2500000e+01;-4.1481048e-02;2.2500000e+01;-8.4794402e-02;2.2500000e+01;-1.2932453e-01;2.2500000e+01;-7.6184742e-02;2.2500000e+01;-6.1254580e-02;2.2500000e+01;-1.3498748e-02;2.2500000e+01;6.0103595e-02;2.2500000e+01;1.4850512e-01;2.2500000e+01;2.2407922e-01;2.2500000e+01;2.4894708e-01;2.2500000e+01;2.2085473e-01;2.2500000e+01;1.8372190e-01;2.2500000e+01;2.2518924e-01;2.2500000e+01;1.9405885e-01;2.2500000e+01;1.4584216e-01;2.2500000e+01;9.4008341e-02;2.2500000e+01;4.8645161e-02;2.2500000e+01;-1.6595423e-04;2.2500000e+01;-4.1481048e-02;2.2500000e+01;-8.4794402e-02;2.2500000e+01;-1.2932453e-01;2.2500000e+01;-7.6184742e-02;2.2500000e+01;-6.1254580e-02;2.2500000e+01;-1.3498748e-02;2.2500000e+01;6.0103595e-02;2.2500000e+01;1.4850512e-01;2.2500000e+01;2.2407922e-01;2.2500000e+01;2.4894708e-01;2.2500000e+01;2.2085473e-01;2.2500000e+01;1.8372190e-01;2.2500000e+01;2.2518924e-01;2.2500000e+01;1.9405885e-01;2.2500000e+01;1.4584216e-01;2.2500000e+01;9.4008341e-02;2.2500000e+01;4.8645161e-02;2.2500000e+01;-1.6595423e-04;2.2500000e+01;-4.1481048e-02;2.2500000e+01;-8.4794402e-02;2.2500000e+01;-1.2932453e-01;2.2500000e+01;-7.6184742e-02;2.2500000e+01;-6.1254580e-02;2.2500000e+01;-1.3498748e-02;2.2500000e+01;6.0103595e-02;2.2500000e+01;1.4850512e-01;2.2500000e+01;2.2407922e-01;2.2500000e+01;2.4894708e-01;2.2500000e+01;2.2085473e-01;2.2500000e+01;1.8372190e-01;2.2500000e+01;2.2518924e-01;2.2500000e+01;1.9405885e-01;2.2500000e+01;1.4584216e-01;2.2500000e+01;9.4008341e-02;2.2500000e+01;4.8645161e-02;2.2500000e+01;-1.6595423e-04;2.2500000e+01;-4.1481048e-02;2.2500000e+01;-8.4794402e-02;2.2500000e+01;-1.2932453e-01;2.2500000e+01;-7.6184742e-02;2.2500000e+01;-6.1254580e-02;2.2500000e+01;-1.3498748e-02;2.2500000e+01;6.0103595e-02;2.2500000e+01;1.4850512e-01;2.2500000e+01;2.2407922e-01;2.2500000e+01;2.4894708e-01;2.2500000e+01;2.2085473e-01;2.2500000e+01;1.8372190e-01;2.2500000e+01;2.2518924e-01;2.2500000e+01;1.9405885e-01;2.2500000e+01;1.4584216e-01;2.2500000e+01;9.4008341e-02;2.2500000e+01;4.8645161e-02;2.2500000e+01;-1.6595423e-04;2.2500000e+01;-4.1481048e-02;2.2500000e+01;-8.4794402e-02;2.2500000e+01;-1.2932453e-01;2.2500000e+01;-7.6184742e-02;2.2500000e+01;-6.1254580e-02;2.2500000e+01;-1.3498748e-02;2.2500000e+01;6.0103595e-02;2.2500000e+01;1.4850512e-01;2.2500000e+01;2.2407922e-01;2.2500000e+01;2.4894708e-01;2.2500000e+01;2.2085473e-01;2.2500000e+01;1.8372190e-01;2.2500000e+01;2.2518924e-01;2.2500000e+01;1.9405885e-01;2.2500000e+01;1.4584216e-01;2.2500000e+01;9.4008341e-02;2.2500000e+01;4.8645161e-02;2.2500000e+01;-1.6595423e-04;2.2500000e+01;-4.1481048e-02;2.2500000e+01;-8.4794402e-02;2.2500000e+01;-1.2932453e-01;2.2500000e+01;-7.6184742e-02;2.2500000e+01;-6.1254580e-02;2.2500000e+01;-1.3498748e-02;2.2500000e+01;6.0103595e-02;2.2500000e+01;1.4850512e-01;2.2500000e+01;2.2407922e-01;2.2500000e+01;2.4894708e-01;2.2500000e+01;2.2085473e-01;2.2500000e+01;1.8372190e-01;2.2500000e+01;2.2518924e-01;2.2500000e+01;1.9405885e-01;2.2500000e+01;1.4584216e-01;2.2500000e+01;9.4008341e-02;2.2500000e+01;4.8645161e-02;2.2500000e+01;-1.6595423e-04;2.2500000e+01;-4.1481048e-02;2.2500000e+01;-8.4794402e-02;2.2500000e+01;-1.2932453e-01;2.2500000e+01;-7.6184742e-02;2.2500000e+01;-6.1254580e-02;2.2500000e+01;-1.3498748e-02;2.2500000e+01;6.0103595e-02;2.2500000e+01;1.4850512e-01;2.2500000e+01;2.2407922e-01;2.2500000e+01;2.4894708e-01;2.2500000e+01;2.2085473e-01;2.2500000e+01;1.8372190e-01;2.2500000e+01;2.2518924e-01;2.2500000e+01;1.9405885e-01;2.2500000e+01;1.4584216e-01;2.2500000e+01;9.4008341e-02;2.2500000e+01;4.8645161e-02;2.2500000e+01;-1.6595423e-04;2.2500000e+01;-4.1481048e-02;2.2500000e+01;-8.4794402e-02;2.2500000e+01;-1.2932453e-01;2.2500000e+01;-7.6184742e-02;2.2500000e+01;-6.1254580e-02;2.2500000e+01;-1.3498748e-02;2.2500000e+01;6.0103595e-02;2.2500000e+01;1.4850512e-01;2.2500000e+01;2.2407922e-01;2.2500000e+01;2.4894708e-01;2.2500000e+01;2.2085473e-01;2.2500000e+01;1.8372190e-01;2.2500000e+01;2.2518924e-01;2.2500000e+01;1.9405885e-01;2.2500000e+01;1.4584216e-01;2.2500000e+01;9.4008341e-02;2.2500000e+01;4.8645161e-02;2.2500000e+01;-1.6595423e-04;2.2500000e+01;-4.1481048e-02;2.2500000e+01;-8.4794402e-02;2.2500000e+01;-1.2932453e-01;2.2500000e+01;-7.6184742e-02;2.2500000e+01;-6.1254580e-02;2.2500000e+01;-1.3498748e-02;2.2500000e+01;6.0103595e-02;2.2500000e+01;1.4850512e-01;2.2500000e+01;2.2407922e-01;2.2500000e+01;2.4894708e-01;2.2500000e+01;2.2085473e-01;2.2500000e+01;1.8372190e-01;2.2500000e+01;2.2518924e-01;2.2500000e+01;1.9405885e-01;2.2500000e+01;1.4584216e-01;2.2500000e+01;9.4008341e-02;2.2500000e+01;4.8645161e-02;2.2500000e+01;-1.6595423e-04;2.2500000e+01;-4.1481048e-02;2.2500000e+01;-8.4794402e-02;2.2500000e+01;-1.2932453e-01;2.2500000e+01;-7.6184742e-02;2.2500000e+01;-6.1254580e-02;2.2500000e+01;-1.3498748e-02;2.2500000e+01;6.0103595e-02;2.2500000e+01;1.4850512e-01;2.2500000e+01;2.2407922e-01;2.2500000e+01;2.4894708e-01;2.2500000e+01;2.2085473e-01;2.2500000e+01;1.8372190e-01;2.2500000e+01;2.2518924e-01;2.2500000e+01;1.9405885e-01;2.2500000e+01;1.4584216e-01;2.2500000e+01;9.4008341e-02;2.2500000e+01;4.8645161e-02;2.2500000e+01;-1.6595423e-04;2.2500000e+01;-4.1481048e-02;2.2500000e+01;-8.4794402e-02;2.2500000e+01;-1.2932453e-01;2.2500000e+01;-7.6184742e-02;2.2500000e+01;-6.1254580e-02;2.2500000e+01;-1.3498748e-02;2.2500000e+01;6.0103595e-02;2.2500000e+01;1.4850512e-01;2.2500000e+01;2.2407922e-01;2.2500000e+01;2.4894708e-01;2.2500000e+01;2.2085473e-01;2.2500000e+01;1.8372190e-01;2.2500000e+01;2.2518924e-01;2.2500000e+01;1.9405885e-01;2.2500000e+01;1.4584216e-01;2.2500000e+01;9.4008341e-02;2.2500000e+01;4.8645161e-02;2.2500000e+01;-1.6595423e-04;2.2500000e+01;-4.1481048e-02;2.2500000e+01;-8.4794402e-02;2.2500000e+01;-1.2932453e-01;2.2500000e+01;-7.6184742e-02;2.2500000e+01;-6.1254580e-02;2.2500000e+01;-1.3498748e-02;2.2500000e+01;6.0103595e-02;2.2500000e+01;1.4850512e-01;2.2500000e+01;2.2407922e-01;2.2500000e+01;2.4894708e-01;2.2500000e+01;2.2085473e-01;2.2500000e+01;1.8372190e-01;2.2500000e+01;2.2518924e-01;2.2500000e+01;1.9405885e-01;2.2500000e+01;1.4584216e-01;2.2500000e+01;9.4008341e-02;2.2500000e+01;4.8645161e-02;2.2500000e+01;-1.6595423e-04;2.2500000e+01;-4.1481048e-02;2.2500000e+01;-8.4794402e-02;2.2500000e+01;-1.2932453e-01;2.2500000e+01;-7.6184742e-02;2.2500000e+01;-6.1254580e-02;2.2500000e+01;-1.3498748e-02;2.2500000e+01;6.0103595e-02;2.2500000e+01;1.4850512e-01;2.2500000e+01;2.2407922e-01;2.2500000e+01;2.4894708e-01;2.2500000e+01;2.2085473e-01;2.2500000e+01;1.8372190e-01;2.2500000e+01;2.2518924e-01;2.2500000e+01;1.9405885e-01;2.2500000e+01;1.4584216e-01;2.2500000e+01;9.4008341e-02;2.2500000e+01;4.8645161e-02;2.2500000e+01;-1.6595423e-04;2.2500000e+01;-4.1481048e-02;2.2500000e+01;-8.4794402e-02;2.2500000e+01;-1.2932453e-01;2.2500000e+01;-7.6184742e-02;2.2500000e+01;-6.1254580e-02;2.2500000e+01;-1.3498748e-02;2.2500000e+01;6.0103595e-02;2.2500000e+01;1.4850512e-01;2.2500000e+01;2.2407922e-01;2.2500000e+01;2.4894708e-01;2.2500000e+01;2.2085473e-01;2.2500000e+01;1.8372190e-01;2.2500000e+01;2.2518924e-01;2.2500000e+01;1.9405885e-01;2.2500000e+01;1.4584216e-01;2.2500000e+01;9.4008341e-02;2.2500000e+01;4.8645161e-02;2.2500000e+01;-1.6595423e-04;2.2500000e+01;-4.1481048e-02;2.2500000e+01;-8.4794402e-02;2.2500000e+01;-1.2932453e-01;2.2500000e+01;-7.6184742e-02;2.2500000e+01;-6.1254580e-02;2.2500000e+01;-1.3498748e-02;2.2500000e+01;6.0103595e-02;2.2500000e+01;1.4850512e-01;2.2500000e+01;2.2407922e-01;2.2500000e+01;2.4894708e-01;2.2500000e+01;2.2085473e-01;2.2500000e+01;1.8372190e-01;2.2500000e+01;2.2518924e-01;2.2500000e+01;1.9405885e-01;2.2500000e+01;1.4584216e-01;2.2500000e+01;9.4008341e-02;2.2500000e+01;4.8645161e-02;2.2500000e+01;-1.6595423e-04;2.2500000e+01;-4.1481048e-02;2.2500000e+01;-8.4794402e-02;2.2500000e+01;-1.2932453e-01;2.2500000e+01;-7.6184742e-02;2.2500000e+01;-6.1254580e-02;2.2500000e+01;-1.3498748e-02;2.2500000e+01;6.0103595e-02;2.2500000e+01;1.4850512e-01;2.2500000e+01;2.2407922e-01;2.2500000e+01;2.4894708e-01;2.2500000e+01;2.2085473e-01;2.2500000e+01;1.8372190e-01;2.2500000e+01;2.2518924e-01;2.2500000e+01;1.9405885e-01;2.2500000e+01;1.4584216e-01;2.2500000e+01;9.4008341e-02;2.2500000e+01;4.8645161e-02;2.2500000e+01;-1.6595423e-04;2.2500000e+01;-4.1481048e-02;2.2500000e+01;-8.4794402e-02;2.2500000e+01;-1.2932453e-01;2.2500000e+01;-7.6184742e-02;2.2500000e+01;-6.1254580e-02;2.2500000e+01;-1.3498748e-02;2.2500000e+01;6.0103595e-02;2.2500000e+01;1.4850512e-01;2.2500000e+01;2.2407922e-01;2.2500000e+01;2.4894708e-01;2.2500000e+01;2.2085473e-01;2.2500000e+01;1.8372190e-01;2.2500000e+01;2.2518924e-01;2.2500000e+01;1.9405885e-01;2.2500000e+01;1.4584216e-01;2.2500000e+01;9.4008341e-02;2.2500000e+01;4.8645161e-02;2.2500000e+01;-1.6595423e-04;2.2500000e+01;-4.1481048e-02;2.2500000e+01;-8.4794402e-02;2.2500000e+01;-1.2932453e-01;2.2500000e+01;-7.6184742e-02;2.2500000e+01;-6.1254580e-02;2.2500000e+01;-1.3498748e-02;2.2500000e+01;6.0103595e-02;2.2500000e+01;1.4850512e-01;2.2500000e+01;2.2407922e-01;2.2500000e+01;2.4894708e-01;2.2500000e+01;2.2085473e-01;2.2500000e+01;1.8372190e-01;2.2500000e+01;2.2518924e-01;2.2500000e+01;1.9405885e-01;2.2500000e+01;1.4584216e-01;2.2500000e+01;9.4008341e-02;2.2500000e+01;4.8645161e-02;2.2500000e+01;-1.6595423e-04;2.2500000e+01;-4.1481048e-02;2.2500000e+01;-8.4794402e-02;2.2500000e+01;-1.2932453e-01;2.2500000e+01;-7.6184742e-02;2.2500000e+01;-6.1254580e-02;2.2500000e+01;-1.3498748e-02;2.2500000e+01;6.0103595e-02;2.2500000e+01;1.4850512e-01;2.2500000e+01;2.2407922e-01;2.2500000e+01;2.4894708e-01;2.2500000e+01;2.2085473e-01;2.2500000e+01;1.8372190e-01;2.2500000e+01;2.2518924e-01;2.2500000e+01;1.9405885e-01;2.2500000e+01;1.4584216e-01;2.2500000e+01;9.4008341e-02;2.2500000e+01;4.8645161e-02;2.2500000e+01;-1.6595423e-04;2.2500000e+01;-4.1481048e-02;2.2500000e+01;-8.4794402e-02;2.2500000e+01;-1.2932453e-01;2.2500000e+01;-7.6184742e-02;2.2500000e+01;-6.1254580e-02;2.2500000e+01;-1.3498748e-02;2.2500000e+01;6.0103595e-02;2.2500000e+01;1.4850512e-01;2.2500000e+01;2.2407922e-01;2.2500000e+01;2.4894708e-01;2.2500000e+01;2.2085473e-01;2.2500000e+01;1.8372190e-01;2.2500000e+01;2.2518924e-01;2.2500000e+01;1.9405885e-01;2.2500000e+01;1.4584216e-01;2.2500000e+01;9.4008341e-02;2.2500000e+01;4.8645161e-02;2.2500000e+01;-1.6595423e-04;2.2500000e+01;-4.1481048e-02;2.2500000e+01;-8.4794402e-02;2.2500000e+01;-1.2932453e-01;2.2500000e+01;-7.6184742e-02;2.2500000e+01;-6.1254580e-02;2.2500000e+01;-1.3498748e-02;2.2500000e+01;6.0103595e-02;2.2500000e+01;1.4850512e-01;2.2500000e+01;2.2407922e-01;2.2500000e+01;2.4894708e-01;2.2500000e+01;2.2085473e-01;2.2500000e+01;1.8372190e-01;2.2500000e+01;2.2518924e-01;2.2500000e+01;1.9405885e-01;2.2500000e+01;1.4584216e-01;2.2500000e+01;9.4008341e-02;2.2500000e+01;4.8645161e-02;2.2500000e+01;-1.6595423e-04;2.2500000e+01;-4.1481048e-02;2.2500000e+01;-8.4794402e-02;2.2500000e+01;-1.2932453e-01;2.2500000e+01;-7.6184742e-02;2.2500000e+01;-6.1254580e-02;2.2500000e+01;-1.3498748e-02;2.2500000e+01;6.0103595e-02;2.2500000e+01;1.4850512e-01;2.2500000e+01;2.2407922e-01;2.2500000e+01;2.4894708e-01;2.2500000e+01;2.2085473e-01;2.2500000e+01;1.8372190e-01;2.2500000e+01;2.2518924e-01;2.2500000e+01;1.9405885e-01;2.2500000e+01;1.4584216e-01;2.2500000e+01;9.4008341e-02;2.2500000e+01;4.8645161e-02;2.2500000e+01;-1.6595423e-04;2.2500000e+01;-4.1481048e-02;2.2500000e+01;-8.4794402e-02;2.2500000e+01;-1.2932453e-01;2.2500000e+01;-7.6184742e-02;2.2500000e+01;-6.1254580e-02;2.2500000e+01;-1.3498748e-02;2.2500000e+01;6.0103595e-02;2.2500000e+01;1.4850512e-01;2.2500000e+01;2.2407922e-01;2.2500000e+01;2.4894708e-01;2.2500000e+01;2.2085473e-01;2.2500000e+01;1.8372190e-01;2.2500000e+01;2.2518924e-01;2.2500000e+01;1.9405885e-01;2.2500000e+01;1.4584216e-01;2.2500000e+01;9.4008341e-02;2.2500000e+01;4.8645161e-02;2.2500000e+01;-1.6595423e-04;2.2500000e+01;-4.1481048e-02;2.2500000e+01;-8.4794402e-02;2.2500000e+01;-1.2932453e-01;2.2500000e+01;-7.6184742e-02;2.2500000e+01;-6.1254580e-02;2.2500000e+01;-1.3498748e-02;2.2500000e+01;6.0103595e-02;2.2500000e+01;1.4850512e-01;2.2500000e+01;2.2407922e-01;2.2500000e+01;2.4894708e-01;2.2500000e+01;2.2085473e-01;2.2500000e+01;1.8372190e-01;2.2500000e+01;2.2518924e-01;2.2500000e+01;1.9405885e-01;2.2500000e+01;1.4584216e-01;2.2500000e+01;9.4008341e-02;2.2500000e+01;4.8645161e-02;2.2500000e+01;-1.6595423e-04;2.2500000e+01;-4.1481048e-02;2.2500000e+01;-8.4794402e-02;2.2500000e+01;-1.2932453e-01;2.2500000e+01;-7.6184742e-02;2.2500000e+01;-6.1254580e-02;2.2500000e+01;-1.3498748e-02;2.2500000e+01;6.0103595e-02;2.2500000e+01;1.4850512e-01;2.2500000e+01;2.2407922e-01;2.2500000e+01;2.4894708e-01;2.2500000e+01;2.2085473e-01;2.2500000e+01;1.8372190e-01;2.2500000e+01;2.2518924e-01;2.2500000e+01;1.9405885e-01;2.2500000e+01;1.4584216e-01;2.2500000e+01;9.4008341e-02;2.2500000e+01;4.8645161e-02;2.2500000e+01;-1.6595423e-04;2.2500000e+01;-4.1481048e-02;2.2500000e+01;-8.4794402e-02;2.2500000e+01;-1.2932453e-01;2.2500000e+01;-7.6184742e-02;2.2500000e+01;-6.1254580e-02;2.2500000e+01;-1.3498748e-02;2.2500000e+01;6.0103595e-02;2.2500000e+01;1.4850512e-01;2.2500000e+01;2.2407922e-01;2.2500000e+01;2.4894708e-01;2.2500000e+01;2.2085473e-01;2.2500000e+01;1.8372190e-01;2.2500000e+01;2.2518924e-01;2.2500000e+01;1.9405885e-01;2.2500000e+01;1.4584216e-01;2.2500000e+01;9.4008341e-02;2.2500000e+01;4.8645161e-02;2.2500000e+01;-1.6595423e-04;2.2500000e+01;-4.1481048e-02;2.2500000e+01;-8.4794402e-02;2.2500000e+01;-1.2932453e-01;2.2500000e+01;-7.6184742e-02;2.2500000e+01;-6.1254580e-02;2.2500000e+01;-1.3498748e-02;2.2500000e+01;6.0103595e-02;2.2500000e+01;1.4850512e-01;2.2500000e+01;2.2407922e-01;2.2500000e+01;2.4894708e-01;2.2500000e+01;2.2085473e-01;2.2500000e+01;1.8372190e-01;2.2500000e+01;2.2518924e-01;2.2500000e+01;1.9405885e-01;2.2500000e+01;1.4584216e-01;2.2500000e+01;9.4008341e-02;2.2500000e+01;4.8645161e-02;2.2500000e+01;-1.6595423e-04;2.2500000e+01;-4.1481048e-02;2.2500000e+01;-8.4794402e-02;2.2500000e+01;-1.2932453e-01;2.2500000e+01;-7.6184742e-02;2.2500000e+01;-6.1254580e-02;2.2500000e+01;-1.3498748e-02;2.2500000e+01;6.0103595e-02;2.2500000e+01;1.4850512e-01;2.2500000e+01;2.2407922e-01;2.2500000e+01;2.4894708e-01;2.2500000e+01;2.2085473e-01;2.2500000e+01;1.8372190e-01;2.2500000e+01;2.2518924e-01;2.2500000e+01;1.9405885e-01;2.2500000e+01;1.4584216e-01;2.2500000e+01;9.4008341e-02;2.2500000e+01;4.8645161e-02;2.2500000e+01;-1.6595423e-04;2.2500000e+01;-4.1481048e-02;2.2500000e+01;-8.4794402e-02;2.2500000e+01;-1.2932453e-01;2.2500000e+01;-7.6184742e-02;2.2500000e+01;-6.1254580e-02;2.2500000e+01;-1.3498748e-02;2.2500000e+01;6.0103595e-02;2.2500000e+01;1.4850512e-01;2.2500000e+01;2.2407922e-01;2.2500000e+01;2.4894708e-01;2.2500000e+01;2.2085473e-01;2.2500000e+01;1.8372190e-01;2.2500000e+01;2.2518924e-01;2.2500000e+01;1.9405885e-01;2.2500000e+01;1.4584216e-01;2.2500000e+01;9.4008341e-02;2.2500000e+01;4.8645161e-02;2.2500000e+01;-1.6595423e-04;2.2500000e+01;-4.1481048e-02;2.2500000e+01;-8.4794402e-02;2.2500000e+01;-1.2932453e-01;2.2500000e+01;-7.6184742e-02;2.2500000e+01;-6.1254580e-02;2.2500000e+01;-1.3498748e-02;2.2500000e+01;6.0103595e-02;2.2500000e+01;1.4850512e-01;2.2500000e+01;2.2407922e-01;2.2500000e+01;2.4894708e-01;2.2500000e+01;2.2085473e-01;2.2500000e+01;1.8372190e-01;2.2500000e+01;2.2518924e-01;2.2500000e+01;1.9405885e-01;2.2500000e+01;1.4584216e-01;2.2500000e+01;9.4008341e-02;2.2500000e+01;4.8645161e-02;2.2500000e+01;-1.6595423e-04;2.2500000e+01;-4.1481048e-02;2.2500000e+01;-8.4794402e-02;2.2500000e+01;-1.2932453e-01;2.2500000e+01;-7.6184742e-02;2.2500000e+01;-6.1254580e-02;2.2500000e+01;-1.3498748e-02;2.2500000e+01;6.0103595e-02;2.2500000e+01;1.4850512e-01;2.2500000e+01;2.2407922e-01;2.2500000e+01;2.4894708e-01;2.2500000e+01;2.2085473e-01;2.2500000e+01;1.8372190e-01;2.2500000e+01;2.2518924e-01;2.2500000e+01;1.9405885e-01;2.2500000e+01;1.4584216e-01;2.2500000e+01;9.4008341e-02;2.2500000e+01;4.8645161e-02;2.2500000e+01;-1.6595423e-04;2.2500000e+01;-4.1481048e-02;2.2500000e+01;-8.4794402e-02;2.2500000e+01;-1.2932453e-01;2.2500000e+01;-7.6184742e-02;2.2500000e+01;-6.1254580e-02;2.2500000e+01;-1.3498748e-02;2.2500000e+01;6.0103595e-02;2.2500000e+01;1.4850512e-01;2.2500000e+01;2.2407922e-01;2.2500000e+01;2.4894708e-01;2.2500000e+01;2.2085473e-01;2.2500000e+01;1.8372190e-01;2.2500000e+01;2.2518924e-01;2.2500000e+01;1.9405885e-01;2.2500000e+01;1.4584216e-01;2.2500000e+01;9.4008341e-02;2.2500000e+01;4.8645161e-02;2.2500000e+01;-1.6595423e-04;2.2500000e+01;-4.1481048e-02;2.2500000e+01;-8.4794402e-02;2.2500000e+01;-1.2932453e-01;2.2500000e+01;-7.6184742e-02;2.2500000e+01;-6.1254580e-02;2.2500000e+01;-1.3498748e-02;2.2500000e+01;6.0103595e-02;2.2500000e+01;1.4850512e-01;2.2500000e+01;2.2407922e-01;2.2500000e+01;2.4894708e-01;2.2500000e+01;2.2085473e-01;2.2500000e+01;1.8372190e-01;2.2500000e+01;2.2518924e-01;2.2500000e+01;1.9405885e-01;2.2500000e+01;1.4584216e-01;2.2500000e+01;9.4008341e-02;2.2500000e+01;4.8645161e-02;2.2500000e+01;-1.6595423e-04;2.2500000e+01;-4.1481048e-02;2.2500000e+01;-8.4794402e-02;2.2500000e+01;-1.2932453e-01;2.2500000e+01;-7.6184742e-02;2.2500000e+01;-6.1254580e-02;2.2500000e+01;-1.3498748e-02;2.2500000e+01;6.0103595e-02;2.2500000e+01;1.4850512e-01;2.2500000e+01;2.2407922e-01;2.2500000e+01;2.4894708e-01;2.2500000e+01;2.2085473e-01;2.2500000e+01;1.8372190e-01;2.2500000e+01;2.2518924e-01;2.2500000e+01;1.9405885e-01;2.2500000e+01;1.4584216e-01;2.2500000e+01;9.4008341e-02;2.2500000e+01;4.8645161e-02;2.2500000e+01;-1.6595423e-04;2.2500000e+01;-4.1481048e-02;2.2500000e+01;-8.4794402e-02;2.2500000e+01;-1.2932453e-01;2.2500000e+01;-7.6184742e-02;2.2500000e+01;-6.1254580e-02;2.2500000e+01;-1.3498748e-02;2.2500000e+01;6.0103595e-02;2.2500000e+01;1.4850512e-01;2.2500000e+01;2.2407922e-01;2.2500000e+01;2.4894708e-01;2.2500000e+01;2.2085473e-01;2.2500000e+01;1.8372190e-01;2.2500000e+01;2.2518924e-01;2.2500000e+01;1.9405885e-01;2.2500000e+01;1.4584216e-01;2.2500000e+01;9.4008341e-02;2.2500000e+01;4.8645161e-02;2.2500000e+01;-1.6595423e-04;2.2500000e+01;-4.1481048e-02;2.2500000e+01;-8.4794402e-02;2.2500000e+01;-1.2932453e-01;2.2500000e+01;-7.6184742e-02;2.2500000e+01;-6.1254580e-02;2.2500000e+01;-1.3498748e-02;2.2500000e+01;6.0103595e-02;2.2500000e+01;1.4850512e-01;2.2500000e+01;2.2407922e-01;2.2500000e+01;2.4894708e-01;2.2500000e+01;2.2085473e-01;2.2500000e+01;1.8372190e-01;2.2500000e+01;2.2518924e-01;2.2500000e+01;1.9405885e-01;2.2500000e+01;1.4584216e-01;2.2500000e+01;9.4008341e-02;2.2500000e+01;4.8645161e-02;2.2500000e+01;-1.6595423e-04;2.2500000e+01;-4.1481048e-02;2.2500000e+01;-8.4794402e-02;2.2500000e+01;-1.2932453e-01;2.2500000e+01;-7.6184742e-02;2.2500000e+01;-6.1254580e-02;2.2500000e+01;-1.3498748e-02;2.2500000e+01;6.0103595e-02;2.2500000e+01;1.4850512e-01;2.2500000e+01;2.2407922e-01;2.2500000e+01;2.4894708e-01;2.2500000e+01;2.2085473e-01;2.2500000e+01;1.8372190e-01;2.2500000e+01;2.2518924e-01;2.2500000e+01;1.9405885e-01;2.2500000e+01;1.4584216e-01;2.2500000e+01;9.4008341e-02;2.2500000e+01;4.8645161e-02;2.2500000e+01;-1.6595423e-04;2.2500000e+01;-4.1481048e-02;2.2500000e+01;-8.4794402e-02;2.2500000e+01;-1.2932453e-01;2.2500000e+01;-7.6184742e-02;2.2500000e+01;-6.1254580e-02;2.2500000e+01;-1.3498748e-02;2.2500000e+01;6.0103595e-02;2.2500000e+01;1.4850512e-01;2.2500000e+01;2.2407922e-01;2.2500000e+01;2.4894708e-01;2.2500000e+01;2.2085473e-01;2.2500000e+01;1.8372190e-01;2.2500000e+01;2.2518924e-01;2.2500000e+01;1.9405885e-01;2.2500000e+01;1.4584216e-01;2.2500000e+01;9.4008341e-02;2.2500000e+01;4.8645161e-02;2.2500000e+01;-1.6595423e-04;2.2500000e+01;-4.1481048e-02;2.2500000e+01;-8.4794402e-02;2.2500000e+01;-1.2932453e-01;2.2500000e+01;-7.6184742e-02;2.2500000e+01;-6.1254580e-02;2.2500000e+01;-1.3498748e-02;2.2500000e+01;6.0103595e-02;2.2500000e+01;1.4850512e-01;2.2500000e+01;2.2407922e-01;2.2500000e+01;2.4894708e-01;2.2500000e+01;2.2085473e-01;2.2500000e+01;1.8372190e-01;2.2500000e+01;2.2518924e-01;2.2500000e+01;1.9405885e-01;2.2500000e+01;1.4584216e-01;2.2500000e+01;9.4008341e-02;2.2500000e+01;4.8645161e-02;2.2500000e+01;-1.6595423e-04;2.2500000e+01;-4.1481048e-02;2.2500000e+01;-8.4794402e-02;2.2500000e+01;-1.2932453e-01;2.2500000e+01;-7.6184742e-02;2.2500000e+01;-6.1254580e-02;2.2500000e+01;-1.3498748e-02;2.2500000e+01;6.0103595e-02;2.2500000e+01;1.4850512e-01;2.2500000e+01;2.2407922e-01;2.2500000e+01;2.4894708e-01;2.2500000e+01;2.2085473e-01;2.2500000e+01;1.8372190e-01;2.2500000e+01;2.2518924e-01;2.2500000e+01;1.9405885e-01;2.2500000e+01;1.4584216e-01;2.2500000e+01;9.4008341e-02;2.2500000e+01;4.8645161e-02;2.2500000e+01;-1.6595423e-04;2.2500000e+01;-4.1481048e-02;2.2500000e+01;-8.4794402e-02;2.2500000e+01;-1.2932453e-01;2.2500000e+01;-7.6184742e-02;2.2500000e+01;-6.1254580e-02;2.2500000e+01;-1.3498748e-02;2.2500000e+01;6.0103595e-02;2.2500000e+01;1.4850512e-01;2.2500000e+01;2.2407922e-01;2.2500000e+01;2.4894708e-01;2.2500000e+01;2.2085473e-01;2.2500000e+01;1.8372190e-01;2.2500000e+01;2.2518924e-01;2.2500000e+01;1.9405885e-01;2.2500000e+01;1.4584216e-01;2.2500000e+01;9.4008341e-02;2.2500000e+01;4.8645161e-02;2.2500000e+01;-1.6595423e-04;2.2500000e+01;-4.1481048e-02;2.2500000e+01;-8.4794402e-02;2.2500000e+01;-1.2932453e-01;2.2500000e+01;-7.6184742e-02;2.2500000e+01;-6.1254580e-02;2.2500000e+01;-1.3498748e-02;2.2500000e+01;6.0103595e-02;2.2500000e+01;1.4850512e-01;2.2500000e+01;2.2407922e-01;2.2500000e+01;2.4894708e-01;2.2500000e+01;2.2085473e-01;2.2500000e+01;1.8372190e-01;2.2500000e+01;2.2518924e-01;2.2500000e+01;1.9405885e-01;2.2500000e+01;1.4584216e-01;2.2500000e+01;9.4008341e-02;2.2500000e+01;4.8645161e-02;2.2500000e+01;-1.6595423e-04;2.2500000e+01;-4.1481048e-02;2.2500000e+01;-8.4794402e-02;2.2500000e+01;-1.2932453e-01;2.2500000e+01;-7.6184742e-02;2.2500000e+01;-6.1254580e-02;2.2500000e+01;-1.3498748e-02;2.2500000e+01;6.0103595e-02;2.2500000e+01;1.4850512e-01;2.2500000e+01;2.2407922e-01;2.2500000e+01;2.4894708e-01;2.2500000e+01;2.2085473e-01;2.2500000e+01;1.8372190e-01;2.2500000e+01;2.2518924e-01;2.2500000e+01;1.9405885e-01;2.2500000e+01;1.4584216e-01;2.2500000e+01;9.4008341e-02;2.2500000e+01;4.8645161e-02;2.2500000e+01;-1.6595423e-04;2.2500000e+01;-4.1481048e-02;2.2500000e+01;-8.4794402e-02;2.2500000e+01;-1.2932453e-01;2.2500000e+01;-7.6184742e-02;2.2500000e+01;-6.1254580e-02;2.2500000e+01;-1.3498748e-02;2.2500000e+01;6.0103595e-02;2.2500000e+01;1.4850512e-01;2.2500000e+01;2.2407922e-01;2.2500000e+01;2.4894708e-01;2.2500000e+01;2.2085473e-01;2.2500000e+01;1.8372190e-01;2.2500000e+01;2.2518924e-01;2.2500000e+01;1.9405885e-01;2.2500000e+01;1.4584216e-01;2.2500000e+01;9.4008341e-02;2.2500000e+01;4.8645161e-02;2.2500000e+01;-1.6595423e-04;2.2500000e+01;-4.1481048e-02;2.2500000e+01;-8.4794402e-02;2.2500000e+01;-1.2932453e-01;2.2500000e+01;-7.6184742e-02;2.2500000e+01;-6.1254580e-02;2.2500000e+01;-1.3498748e-02;2.2500000e+01;6.0103595e-02;2.2500000e+01;1.4850512e-01;2.2500000e+01;2.2407922e-01;2.2500000e+01;2.4894708e-01;2.2500000e+01;2.2085473e-01;2.2500000e+01;1.8372190e-01;2.2500000e+01;2.2518924e-01;2.2500000e+01;1.9405885e-01;2.2500000e+01;1.4584216e-01;2.2500000e+01;9.4008341e-02;2.2500000e+01;4.8645161e-02;2.2500000e+01;-1.6595423e-04;2.2500000e+01;-4.1481048e-02;2.2500000e+01;-8.4794402e-02;2.2500000e+01;-1.2932453e-01;2.2500000e+01;-7.6184742e-02;2.2500000e+01;-6.1254580e-02;2.2500000e+01;-1.3498748e-02;2.2500000e+01;6.0103595e-02;2.2500000e+01;1.4850512e-01;2.2500000e+01;2.2407922e-01;2.2500000e+01;2.4894708e-01;2.2500000e+01;2.2085473e-01;2.2500000e+01;1.8372190e-01;2.2500000e+01;2.2518924e-01;2.2500000e+01;1.9405885e-01;2.2500000e+01;1.4584216e-01;2.2500000e+01;9.4008341e-02;2.2500000e+01;4.8645161e-02;2.2500000e+01;-1.6595423e-04;2.2500000e+01;-4.1481048e-02;2.2500000e+01;-8.4794402e-02;2.2500000e+01;-1.2932453e-01
2.7500000e+01;-6.8914019e-02;2.7500000e+01;-5.3413227e-02;2.7500000e+01;-1.1700050e-02;2.7500000e+01;6.3884959e-02;2.7500000e+01;1.6120335e-01;2.7500000e+01;2.3945969e-01;2.7500000e+01;2.6129231e-01;2.7500000e+01;2.2798690e-01;2.7500000e+01;1.7867021e-01;2.7500000e+01;2.2132729e-01;2.7500000e+01;1.9287729e-01;2.7500000e+01;1.4665812e-01;2.7500000e+01;9.4674103e-02;2.7500000e+01;4.8890680e-02;2.7500000e+01;7.0468709e-03;2.7500000e+01;-4.1711852e-02;2.7500000e+01;-8.1189252e-02;2.7500000e+01;-1.2618536e-01;2.7500000e+01;-6.8914019e-02;2.7500000e+01;-5.3413227e-02;2.7500000e+01;-1.1700050e-02;2.7500000e+01;6.3884959e-02;2.7500000e+01;1.6120335e-01;2.7500000e+01;2.3945969e-01;2.7500000e+01;2.6129231e-01;2.7500000e+01;2.2798690e-01;2.7500000e+01;1.7867021e-01;2.7500000e+01;2.2132729e-01;2.7500000e+01;1.9287729e-01;2.7500000e+01;1.4665812e-01;2.7500000e+01;9.4674103e-02;2.7500000e+01;4.8890680e-02;2.7500000e+01;7.0468709e-03;2.7500000e+01;-4.1711852e-02;2.7500000e+01;-8.1189252e-02;2.7500000e+01;-1.2618536e-01;2.7500000e+01;-6.8914019e-02;2.7500000e+01;-5.3413227e-02;2.7500000e+01;-1.1700050e-02;2.7500000e+01;6.3884959e-02;2.7500000e+01;1.6120335e-01;2.7500000e+01;2.3945969e-01;2.7500000e+01;2.6129231e-01;2.7500000e+01;2.2798690e-01;2.7500000e+01;1.7867021e-01;2.7500000e+01;2.2132729e-01;2.7500000e+01;1.9287729e-01;2.7500000e+01;1.4665812e-01;2.7500000e+01;9.4674103e-02;2.7500000e+01;4.8890680e-02;2.7500000e+01;7.0468709e-03;2.7500000e+01;-4.1711852e-02;2.7500000e+01;-8.1189252e-02;2.7500000e+01;-1.2618536e-01;2.7500000e+01;-6.8914019e-02;2.7500000e+01;-5.3413227e-02;2.7500000e+01;-1.1700050e-02;2.7500000e+01;6.3884959e-02;2.7500000e+01;1.6120335e-01;2.7500000e+01;2.3945969e-01;2.7500000e+01;2.6129231e-01;2.7500000e+01;2.2798690e-01;2.7500000e+01;1.7867021e-01;2.7500000e+01;2.2132729e-01;2.7500000e+01;1.9287729e-01;2.7500000e+01;1.4665812e-01;2.7500000e+01;9.4674103e-02;2.7500000e+01;4.8890680e-02;2.7500000e+01;7.0468709e-03;2.7500000e+01;-4.1711852e-02;2.7500000e+01;-8.1189252e-02;2.7500000e+01;-1.2618536e-01;2.7500000e+01;-6.8914019e-02;2.7500000e+01;-5.3413227e-02;2.7500000e+01;-1.1700050e-02;2.7500000e+01;6.3884959e-02;2.7500000e+01;1.6120335e-01;2.7500000e+01;2.3945969e-01;2.7500000e+01;2.6129231e-01;2.7500000e+01;2.2798690e-01;2.7500000e+01;1.7867021e-01;2.7500000e+01;2.2132729e-01;2.7500000e+01;1.9287729e-01;2.7500000e+01;1.4665812e-01;2.7500000e+01;9.4674103e-02;2.7500000e+01;4.8890680e-02;2.7500000e+01;7.0468709e-03;2.7500000e+01;-4.1711852e-02;2.7500000e+01;-8.1189252e-02;2.7500000e+01;-1.2618536e-01;2.7500000e+01;-6.8914019e-02;2.7500000e+01;-5.3413227e-02;2.7500000e+01;-1.1700050e-02;2.7500000e+01;6.3884959e-02;2.7500000e+01;1.6120335e-01;2.7500000e+01;2.3945969e-01;2.7500000e+01;2.6129231e-01;2.7500000e+01;2.2798690e-01;2.7500000e+01;1.7867021e-01;2.7500000e+01;2.2132729e-01;2.7500000e+01;1.9287729e-01;2.7500000e+01;1.4665812e-01;2.7500000e+01;9.4674103e-02;2.7500000e+01;4.8890680e-02;2.7500000e+01;7.0468709e-03;2.7500000e+01;-4.1711852e-02;2.7500000e+01;-8.1189252e-02;2.7500000e+01;-1.2618536e-01;2.7500000e+01;-6.8914019e-02;2.7500000e+01;-5.3413227e-02;2.7500000e+01;-1.1700050e-02;2.7500000e+01;6.3884959e-02;2.7500000e+01;1.6120335e-01;2.7500000e+01;2.3945969e-01;2.7500000e+01;2.6129231e-01;2.7500000e+01;2.2798690e-01;2.7500000e+01;1.7867021e-01;2.7500000e+01;2.2132729e-01;2.7500000e+01;1.9287729e-01;2.7500000e+01;1.4665812e-01;2.7500000e+01;9.4674103e-02;2.7500000e+01;4.8890680e-02;2.7500000e+01;7.0468709e-03;2.7500000e+01;-4.1711852e-02;2.7500000e+01;-8.1189252e-02;2.7500000e+01;-1.2618536e-01;2.7500000e+01;-6.8914019e-02;2.7500000e+01;-5.3413227e-02;2.7500000e+01;-1.1700050e-02;2.7500000e+01;6.3884959e-02;2.7500000e+01;1.6120335e-01;2.7500000e+01;2.3945969e-01;2.7500000e+01;2.6129231e-01;2.7500000e+01;2.2798690e-01;2.7500000e+01;1.7867021e-01;2.7500000e+01;2.2132729e-01;2.7500000e+01;1.9287729e-01;2.7500000e+01;1.4665812e-01;2.7500000e+01;9.4674103e-02;2.7500000e+01;4.8890680e-02;2.7500000e+01;7.0468709e-03;2.7500000e+01;-4.1711852e-02;2.7500000e+01;-8.1189252e-02;2.7500000e+01;-1.2618536e-01;2.7500000e+01;-6.8914019e-02;2.7500000e+01;-5.3413227e-02;2.7500000e+01;-1.1700050e-02;2.7500000e+01;6.3884959e-02;2.7500000e+01;1.6120335e-01;2.7500000e+01;2.3945969e-01;2.7500000e+01;2.6129231e-01;2.7500000e+01;2.2798690e-01;2.7500000e+01;1.7867021e-01;2.7500000e+01;2.2132729e-01;2.7500000e+01;1.9287729e-01;2.7500000e+01;1.4665812e-01;2.7500000e+01;9.4674103e-02;2.7500000e+01;4.8890680e-02;2.7500000e+01;7.0468709e-03;2.7500000e+01;-4.1711852e-02;2.7500000e+01;-8.1189252e-02;2.7500000e+01;-1.2618536e-01;2.7500000e+01;-6.8914019e-02;2.7500000e+01;-5.3413227e-02;2.7500000e+01;-1.1700050e-02;2.7500000e+01;6.3884959e-02;2.7500000e+01;1.6120335e-01;2.7500000e+01;2.3945969e-01;2.7500000e+01;2.6129231e-01;2.7500000e+01;2.2798690e-01;2.7500000e+01;1.7867021e-01;2.7500000e+01;2.2132729e-01;2.7500000e+01;1.9287729e-01;2.7500000e+01;1.4665812e-01;2.7500000e+01;9.4674103e-02;2.7500000e+01;4.8890680e-02;2.7500000e+01;7.0468709e-03;2.7500000e+01;-4.1711852e-02;2.7500000e+01;-8.1189252e-02;2.7500000e+01;-1.2618536e-01;2.7500000e+01;-6.8914019e-02;2.7500000e+01;-5.3413227e-02;2.7500000e+01;-1.1700050e-02;2.7500000e+01;6.3884959e-02;2.7500000e+01;1.6120335e-01;2.7500000e+01;2.3945969e-01;2.7500000e+01;2.6129231e-01;2.7500000e+01;2.2798690e-01;2.7500000e+01;1.7867021e-01;2.7500000e+01;2.2132729e-01;2.7500000e+01;1.9287729e-01;2.7500000e+01;1.4665812e-01;2.7500000e+01;9.4674103e-02;2.7500000e+01;4.8890680e-02;2.7500000e+01;7.0468709e-03;2.7500000e+01;-4.1711852e-02;2.7500000e+01;-8.1189252e-02;2.7500000e+01;-1.2618536e-01;2.7500000e+01;-6.8914019e-02;2.7500000e+01;-5.3413227e-02;2.7500000e+01;-1.1700050e-02;2.7500000e+01;6.3884959e-02;2.7500000e+01;1.6120335e-01;2.7500000e+01;2.3945969e-01;2.7500000e+01;2.6129231e-01;2.7500000e+01;2.2798690e-01;2.7500000e+01;1.7867021e-01;2.7500000e+01;2.2132729e-01;2.7500000e+01;1.9287729e-01;2.7500000e+01;1.4665812e-01;2.7500000e+01;9.4674103e-02;2.7500000e+01;4.8890680e-02;2.7500000e+01;7.0468709e-03;2.7500000e+01;-4.1711852e-02;2.7500000e+01;-8.1189252e-02;2.7500000e+01;-1.2618536e-01;2.7500000e+01;-6.8914019e-02;2.7500000e+01;-5.3413227e-02;2.7500000e+01;-1.1700050e-02;2.7500000e+01;6.3884959e-02;2.7500000e+01;1.6120335e-01;2.7500000e+01;2.3945969e-01;2.7500000e+01;2.6129231e-01;2.7500000e+01;2.2798690e-01;2.7500000e+01;1.7867021e-01;2.7500000e+01;2.2132729e-01;2.7500000e+01;1.9287729e-01;2.7500000e+01;1.4665812e-01;2.7500000e+01;9.4674103e-02;2.7500000e+01;4.8890680e-02;2.7500000e+01;7.0468709e-03;2.7500000e+01;-4.1711852e-02;2.7500000e+01;-8.1189252e-02;2.7500000e+01;-1.2618536e-01;2.7500000e+01;-6.8914019e-02;2.7500000e+01;-5.3413227e-02;2.7500000e+01;-1.1700050e-02;2.7500000e+01;6.3884959e-02;2.7500000e+01;1.6120335e-01;2.7500000e+01;2.3945969e-01;2.7500000e+01;2.6129231e-01;2.7500000e+01;2.2798690e-01;2.7500000e+01;1.7867021e-01;2.7500000e+01;2.2132729e-01;2.7500000e+01;1.9287729e-01;2.7500000e+01;1.4665812e-01;2.7500000e+01;9.4674103e-02;2.7500000e+01;4.8890680e-02;2.7500000e+01;7.0468709e-03;2.7500000e+01;-4.1711852e-02;2.7500000e+01;-8.1189252e-02;2.7500000e+01;-1.2618536e-01;2.7500000e+01;-6.8914019e-02;2.7500000e+01;-5.3413227e-02;2.7500000e+01;-1.1700050e-02;2.7500000e+01;6.3884959e-02;2.7500000e+01;1.6120335e-01;2.7500000e+01;2.3945969e-01;2.7500000e+01;2.6129231e-01;2.7500000e+01;2.2798690e-01;2.7500000e+01;1.7867021e-01;2.7500000e+01;2.2132729e-01;2.7500000e+01;1.9287729e-01;2.7500000e+01;1.4665812e-01;2.7500000e+01;9.4674103e-02;2.7500000e+01;4.8890680e-02;2.7500000e+01;7.0468709e-03;2.7500000e+01;-4.1711852e-02;2.7500000e+01;-8.1189252e-02;2.7500000e+01;-1.2618536e-01;2.7500000e+01;-6.8914019e-02;2.7500000e+01;-5.3413227e-02;2.7500000e+01;-1.1700050e-02;2.7500000e+01;6.3884959e-02;2.7500000e+01;1.6120335e-01;2.7500000e+01;2.3945969e-01;2.7500000e+01;2.6129231e-01;2.7500000e+01;2.2798690e-01;2.7500000e+01;1.7867021e-01;2.7500000e+01;2.2132729e-01;2.7500000e+01;1.9287729e-01;2.7500000e+01;1.4665812e-01;2.7500000e+01;9.4674103e-02;2.7500000e+01;4.8890680e-02;2.7500000e+01;7.0468709e-03;2.7500000e+01;-4.1711852e-02;2.7500000e+01;-8.1189252e-02;2.7500000e+01;-1.2618536e-01;2.7500000e+01;-6.8914019e-02;2.7500000e+01;-5.3413227e-02;2.7500000e+01;-1.1700050e-02;2.7500000e+01;6.3884959e-02;2.7500000e+01;1.6120335e-01;2.7500000e+01;2.3945969e-01;2.7500000e+01;2.6129231e-01;2.7500000e+01;2.2798690e-01;2.7500000e+01;1.7867021e-01;2.7500000e+01;2.2132729e-01;2.7500000e+01;1.9287729e-01;2.7500000e+01;1.4665812e-01;2.7500000e+01;9.4674103e-02;2.7500000e+01;4.8890680e-02;2.7500000e+01;7.0468709e-03;2.7500000e+01;-4.1711852e-02;2.7500000e+01;-8.1189252e-02;2.7500000e+01;-1.2618536e-01;2.7500000e+01;-6.8914019e-02;2.7500000e+01;-5.3413227e-02;2.7500000e+01;-1.1700050e-02;2.7500000e+01;6.3884959e-02;2.7500000e+01;1.6120335e-01;2.7500000e+01;2.3945969e-01;2.7500000e+01;2.6129231e-01;2.7500000e+01;2.2798690e-01;2.7500000e+01;1.7867021e-01;2.7500000e+01;2.2132729e-01;2.7500000e+01;1.9287729e-01;2.7500000e+01;1.4665812e-01;2.7500000e+01;9.4674103e-02;2.7500000e+01;4.8890680e-02;2.7500000e+01;7.0468709e-03;2.7500000e+01;-4.1711852e-02;2.7500000e+01;-8.1189252e-02;2.7500000e+01;-1.2618536e-01;2.7500000e+01;-6.8914019e-02;2.7500000e+01;-5.3413227e-02;2.7500000e+01;-1.1700050e-02;2.7500000e+01;6.3884959e-02;2.7500000e+01;1.6120335e-01;2.7500000e+01;2.3945969e-01;2.7500000e+01;2.6129231e-01;2.7500000e+01;2.2798690e-01;2.7500000e+01;1.7867021e-01;2.7500000e+01;2.2132729e-01;2.7500000e+01;1.9287729e-01;2.7500000e+01;1.4665812e-01;2.7500000e+01;9.4674103e-02;2.7500000e+01;4.8890680e-02;2.7500000e+01;7.0468709e-03;2.7500000e+01;-4.1711852e-02;2.7500000e+01;-8.1189252e-02;2.7500000e+01;-1.2618536e-01;2.7500000e+01;-6.8914019e-02;2.7500000e+01;-5.3413227e-02;2.7500000e+01;-1.1700050e-02;2.7500000e+01;6.3884959e-02;2.7500000e+01;1.6120335e-01;2.7500000e+01;2.3945969e-01;2.7500000e+01;2.6129231e-01;2.7500000e+01;2.2798690e-01;2.7500000e+01;1.7867021e-01;2.7500000e+01;2.2132729e-01;2.7500000e+01;1.9287729e-01;2.7500000e+01;1.4665812e-01;2.7500000e+01;9.4674103e-02;2.7500000e+01;4.8890680e-02;2.7500000e+01;7.0468709e-03;2.7500000e+01;-4.1711852e-02;2.7500000e+01;-8.1189252e-02;2.7500000e+01;-1.2618536e-01;2.7500000e+01;-6.8914019e-02;2.7500000e+01;-5.3413227e-02;2.7500000e+01;-1.1700050e-02;2.7500000e+01;6.3884959e-02;2.7500000e+01;1.6120335e-01;2.7500000e+01;2.3945969e-01;2.7500000e+01;2.6129231e-01;2.7500000e+01;2.2798690e-01;2.7500000e+01;1.7867021e-01;2.7500000e+01;2.2132729e-01;2.7500000e+01;1.9287729e-01;2.7500000e+01;1.4665812e-01;2.7500000e+01;9.4674103e-02;2.7500000e+01;4.8890680e-02;2.7500000e+01;7.0468709e-03;2.7500000e+01;-4.1711852e-02;2.7500000e+01;-8.1189252e-02;2.7500000e+01;-1.2618536e-01;2.7500000e+01;-6.8914019e-02;2.7500000e+01;-5.3413227e-02;2.7500000e+01;-1.1700050e-02;2.7500000e+01;6.3884959e-02;2.7500000e+01;1.6120335e-01;2.7500000e+01;2.3945969e-01;2.7500000e+01;2.6129231e-01;2.7500000e+01;2.2798690e-01;2.7500000e+01;1.7867021e-01;2.7500000e+01;2.2132729e-01;2.7500000e+01;1.9287729e-01;2.7500000e+01;1.4665812e-01;2.7500000e+01;9.4674103e-02;2.7500000e+01;4.8890680e-02;2.7500000e+01;7.0468709e-03;2.7500000e+01;-4.1711852e-02;2.7500000e+01;-8.1189252e-02;2.7500000e+01;-1.2618536e-01;2.7500000e+01;-6.8914019e-02;2.7500000e+01;-5.3413227e-02;2.7500000e+01;-1.1700050e-02;2.7500000e+01;6.3884959e-02;2.7500000e+01;1.6120335e-01;2.7500000e+01;2.3945969e-01;2.7500000e+01;2.6129231e-01;2.7500000e+01;2.2798690e-01;2.7500000e+01;1.7867021e-01;2.7500000e+01;2.2132729e-01;2.7500000e+01;1.9287729e-01;2.7500000e+01;1.4665812e-01;2.7500000e+01;9.4674103e-02;2.7500000e+01;4.8890680e-02;2.7500000e+01;7.0468709e-03;2.7500000e+01;-4.1711852e-02;2.7500000e+01;-8.1189252e-02;2.7500000e+01;-1.2618536e-01;2.7500000e+01;-6.8914019e-02;2.7500000e+01;-5.3413227e-02;2.7500000e+01;-1.1700050e-02;2.7500000e+01;6.3884959e-02;2.7500000e+01;1.6120335e-01;2.7500000e+01;2.3945969e-01;2.7500000e+01;2.6129231e-01;2.7500000e+01;2.2798690e-01;2.7500000e+01;1.7867021e-01;2.7500000e+01;2.2132729e-01;2.7500000e+01;1.9287729e-01;2.7500000e+01;1.4665812e-01;2.7500000e+01;9.4674103e-02;2.7500000e+01;4.8890680e-02;2.7500000e+01;7.0468709e-03;2.7500000e+01;-4.1711852e-02;2.7500000e+01;-8.1189252e-02;2.7500000e+01;-1.2618536e-01;2.7500000e+01;-6.8914019e-02;2.7500000e+01;-5.3413227e-02;2.7500000e+01;-1.1700050e-02;2.7500000e+01;6.3884959e-02;2.7500000e+01;1.6120335e-01;2.7500000e+01;2.3945969e-01;2.7500000e+01;2.6129231e-01;2.7500000e+01;2.2798690e-01;2.7500000e+01;1.7867021e-01;2.7500000e+01;2.2132729e-01;2.7500000e+01;1.9287729e-01;2.7500000e+01;1.4665812e-01;2.7500000e+01;9.4674103e-02;2.7500000e+01;4.8890680e-02;2.7500000e+01;7.0468709e-03;2.7500000e+01;-4.1711852e-02;2.7500000e+01;-8.1189252e-02;2.7500000e+01;-1.2618536e-01;2.7500000e+01;-6.8914019e-02;2.7500000e+01;-5.3413227e-02;2.7500000e+01;-1.1700050e-02;2.7500000e+01;6.3884959e-02;2.7500000e+01;1.6120335e-01;2.7500000e+01;2.3945969e-01;2.7500000e+01;2.6129231e-01;2.7500000e+01;2.2798690e-01;2.7500000e+01;1.7867021e-01;2.7500000e+01;2.2132729e-01;2.7500000e+01;1.9287729e-01;2.7500000e+01;1.4665812e-01;2.7500000e+01;9.4674103e-02;2.7500000e+01;4.8890680e-02;2.7500000e+01;7.0468709e-03;2.7500000e+01;-4.1711852e-02;2.7500000e+01;-8.1189252e-02;2.7500000e+01;-1.2618536e-01;2.7500000e+01;-6.8914019e-02;2.7500000e+01;-5.3413227e-02;2.7500000e+01;-1.1700050e-02;2.7500000e+01;6.3884959e-02;2.7500000e+01;1.6120335e-01;2.7500000e+01;2.3945969e-01;2.7500000e+01;2.6129231e-01;2.7500000e+01;2.2798690e-01;2.7500000e+01;1.7867021e-01;2.7500000e+01;2.2132729e-01;2.7500000e+01;1.9287729e-01;2.7500000e+01;1.4665812e-01;2.7500000e+01;9.4674103e-02;2.7500000e+01;4.8890680e-02;2.7500000e+01;7.0468709e-03;2.7500000e+01;-4.1711852e-02;2.7500000e+01;-8.1189252e-02;2.7500000e+01;-1.2618536e-01;2.7500000e+01;-6.8914019e-02;2.7500000e+01;-5.3413227e-02;2.7500000e+01;-1.1700050e-02;2.7500000e+01;6.3884959e-02;2.7500000e+01;1.6120335e-01;2.7500000e+01;2.3945969e-01;2.7500000e+01;2.6129231e-01;2.7500000e+01;2.2798690e-01;2.7500000e+01;1.7867021e-01;2.7500000e+01;2.2132729e-01;2.7500000e+01;1.9287729e-01;2.7500000e+01;1.4665812e-01;2.7500000e+01;9.4674103e-02;2.7500000e+01;4.8890680e-02;2.7500000e+01;7.0468709e-03;2.7500000e+01;-4.1711852e-02;2.7500000e+01;-8.1189252e-02;2.7500000e+01;-1.2618536e-01;2.7500000e+01;-6.8914019e-02;2.7500000e+01;-5.3413227e-02;2.7500000e+01;-1.1700050e-02;2.7500000e+01;6.3884959e-02;2.7500000e+01;1.6120335e-01;2.7500000e+01;2.3945969e-01;2.7500000e+01;2.6129231e-01;2.7500000e+01;2.2798690e-01;2.7500000e+01;1.7867021e-01;2.7500000e+01;2.2132729e-01;2.7500000e+01;1.9287729e-01;2.7500000e+01;1.4665812e-01;2.7500000e+01;9.4674103e-02;2.7500000e+01;4.8890680e-02;2.7500000e+01;7.0468709e-03;2.7500000e+01;-4.1711852e-02;2.7500000e+01;-8.1189252e-02;2.7500000e+01;-1.2618536e-01;2.7500000e+01;-6.8914019e-02;2.7500000e+01;-5.3413227e-02;2.7500000e+01;-1.1700050e-02;2.7500000e+01;6.3884959e-02;2.7500000e+01;1.6120335e-01;2.7500000e+01;2.3945969e-01;2.7500000e+01;2.6129231e-01;2.7500000e+01;2.2798690e-01;2.7500000e+01;1.7867021e-01;2.7500000e+01;2.2132729e-01;2.7500000e+01;1.9287729e-01;2.7500000e+01;1.4665812e-01;2.7500000e+01;9.4674103e-02;2.7500000e+01;4.8890680e-02;2.7500000e+01;7.0468709e-03;2.7500000e+01;-4.1711852e-02;2.7500000e+01;-8.1189252e-02;2.7500000e+01;-1.2618536e-01;2.7500000e+01;-6.8914019e-02;2.7500000e+01;-5.3413227e-02;2.7500000e+01;-1.1700050e-02;2.7500000e+01;6.3884959e-02;2.7500000e+01;1.6120335e-01;2.7500000e+01;2.3945969e-01;2.7500000e+01;2.6129231e-01;2.7500000e+01;2.2798690e-01;2.7500000e+01;1.7867021e-01;2.7500000e+01;2.2132729e-01;2.7500000e+01;1.9287729e-01;2.7500000e+01;1.4665812e-01;2.7500000e+01;9.4674103e-02;2.7500000e+01;4.8890680e-02;2.7500000e+01;7.0468709e-03;2.7500000e+01;-4.1711852e-02;2.7500000e+01;-8.1189252e-02;2.7500000e+01;-1.2618536e-01;2.7500000e+01;-6.8914019e-02;2.7500000e+01;-5.3413227e-02;2.7500000e+01;-1.1700050e-02;2.7500000e+01;6.3884959e-02;2.7500000e+01;1.6120335e-01;2.7500000e+01;2.3945969e-01;2.7500000e+01;2.6129231e-01;2.7500000e+01;2.2798690e-01;2.7500000e+01;1.7867021e-01;2.7500000e+01;2.2132729e-01;2.7500000e+01;1.9287729e-01;2.7500000e+01;1.4665812e-01;2.7500000e+01;9.4674103e-02;2.7500000e+01;4.8890680e-02;2.7500000e+01;7.0468709e-03;2.7500000e+01;-4.1711852e-02;2.7500000e+01;-8.1189252e-02;2.7500000e+01;-1.2618536e-01;2.7500000e+01;-6.8914019e-02;2.7500000e+01;-5.3413227e-02;2.7500000e+01;-1.1700050e-02;2.7500000e+01;6.3884959e-02;2.7500000e+01;1.6120335e-01;2.7500000e+01;2.3945969e-01;2.7500000e+01;2.6129231e-01;2.7500000e+01;2.2798690e-01;2.7500000e+01;1.7867021e-01;2.7500000e+01;2.2132729e-01;2.7500000e+01;1.9287729e-01;2.7500000e+01;1.4665812e-01;2.7500000e+01;9.4674103e-02;2.7500000e+01;4.8890680e-02;2.7500000e+01;7.0468709e-03;2.7500000e+01;-4.1711852e-02;2.7500000e+01;-8.1189252e-02;2.7500000e+01;-1.2618536e-01;2.7500000e+01;-6.8914019e-02;2.7500000e+01;-5.3413227e-02;2.7500000e+01;-1.1700050e-02;2.7500000e+01;6.3884959e-02;2.7500000e+01;1.6120335e-01;2.7500000e+01;2.3945969e-01;2.7500000e+01;2.6129231e-01;2.7500000e+01;2.2798690e-01;2.7500000e+01;1.7867021e-01;2.7500000e+01;2.2132729e-01;2.7500000e+01;1.9287729e-01;2.7500000e+01;1.4665812e-01;2.7500000e+01;9.4674103e-02;2.7500000e+01;4.8890680e-02;2.7500000e+01;7.0468709e-03;2.7500000e+01;-4.1711852e-02;2.7500000e+01;-8.1189252e-02;2.7500000e+01;-1.2618536e-01;2.7500000e+01;-6.8914019e-02;2.7500000e+01;-5.3413227e-02;2.7500000e+01;-1.1700050e-02;2.7500000e+01;6.3884959e-02;2.7500000e+01;1.6120335e-01;2.7500000e+01;2.3945969e-01;2.7500000e+01;2.6129231e-01;2.7500000e+01;2.2798690e-01;2.7500000e+01;1.7867021e-01;2.7500000e+01;2.2132729e-01;2.7500000e+01;1.9287729e-01;2.7500000e+01;1.4665812e-01;2.7500000e+01;9.4674103e-02;2.7500000e+01;4.8890680e-02;2.7500000e+01;7.0468709e-03;2.7500000e+01;-4.1711852e-02;2.7500000e+01;-8.1189252e-02;2.7500000e+01;-1.2618536e-01;2.7500000e+01;-6.8914019e-02;2.7500000e+01;-5.3413227e-02;2.7500000e+01;-1.1700050e-02;2.7500000e+01;6.3884959e-02;2.7500000e+01;1.6120335e-01;2.7500000e+01;2.3945969e-01;2.7500000e+01;2.6129231e-01;2.7500000e+01;2.2798690e-01;2.7500000e+01;1.7867021e-01;2.7500000e+01;2.2132729e-01;2.7500000e+01;1.9287729e-01;2.7500000e+01;1.4665812e-01;2.7500000e+01;9.4674103e-02;2.7500000e+01;4.8890680e-02;2.7500000e+01;7.0468709e-03;2.7500000e+01;-4.1711852e-02;2.7500000e+01;-8.1189252e-02;2.7500000e+01;-1.2618536e-01;2.7500000e+01;-6.8914019e-02;2.7500000e+01;-5.3413227e-02;2.7500000e+01;-1.1700050e-02;2.7500000e+01;6.3884959e-02;2.7500000e+01;1.6120335e-01;2.7500000e+01;2.3945969e-01;2.7500000e+01;2.6129231e-01;2.7500000e+01;2.2798690e-01;2.7500000e+01;1.7867021e-01;2.7500000e+01;2.2132729e-01;2.7500000e+01;1.9287729e-01;2.7500000e+01;1.4665812e-01;2.7500000e+01;9.4674103e-02;2.7500000e+01;4.8890680e-02;2.7500000e+01;7.0468709e-03;2.7500000e+01;-4.1711852e-02;2.7500000e+01;-8.1189252e-02;2.7500000e+01;-1.2618536e-01;2.7500000e+01;-6.8914019e-02;2.7500000e+01;-5.3413227e-02;2.7500000e+01;-1.1700050e-02;2.7500000e+01;6.3884959e-02;2.7500000e+01;1.6120335e-01;2.7500000e+01;2.3945969e-01;2.7500000e+01;2.6129231e-01;2.7500000e+01;2.2798690e-01;2.7500000e+01;1.7867021e-01;2.7500000e+01;2.2132729e-01;2.7500000e+01;1.9287729e-01;2.7500000e+01;1.4665812e-01;2.7500000e+01;9.4674103e-02;2.7500000e+01;4.8890680e-02;2.7500000e+01;7.0468709e-03;2.7500000e+01;-4.1711852e-02;2.7500000e+01;-8.1189252e-02;2.7500000e+01;-1.2618536e-01;2.7500000e+01;-6.8914019e-02;2.7500000e+01;-5.3413227e-02;2.7500000e+01;-1.1700050e-02;2.7500000e+01;6.3884959e-02;2.7500000e+01;1.6120335e-01;2.7500000e+01;2.3945969e-01;2.7500000e+01;2.6129231e-01;2.7500000e+01;2.2798690e-01;2.7500000e+01;1.7867021e-01;2.7500000e+01;2.2132729e-01;2.7500000e+01;1.9287729e-01;2.7500000e+01;1.4665812e-01;2.7500000e+01;9.4674103e-02;2.7500000e+01;4.8890680e-02;2.7500000e+01;7.0468709e-03;2.7500000e+01;-4.1711852e-02;2.7500000e+01;-8.1189252e-02;2.7500000e+01;-1.2618536e-01;2.7500000e+01;-6.8914019e-02;2.7500000e+01;-5.3413227e-02;2.7500000e+01;-1.1700050e-02;2.7500000e+01;6.3884959e-02;2.7500000e+01;1.6120335e-01;2.7500000e+01;2.3945969e-01;2.7500000e+01;2.6129231e-01;2.7500000e+01;2.2798690e-01;2.7500000e+01;1.7867021e-01;2.7500000e+01;2.2132729e-01;2.7500000e+01;1.9287729e-01;2.7500000e+01;1.4665812e-01;2.7500000e+01;9.4674103e-02;2.7500000e+01;4.8890680e-02;2.7500000e+01;7.0468709e-03;2.7500000e+01;-4.1711852e-02;2.7500000e+01;-8.1189252e-02;2.7500000e+01;-1.2618536e-01;2.7500000e+01;-6.8914019e-02;2.7500000e+01;-5.3413227e-02;2.7500000e+01;-1.1700050e-02;2.7500000e+01;6.3884959e-02;2.7500000e+01;1.6120335e-01;2.7500000e+01;2.3945969e-01;2.7500000e+01;2.6129231e-01;2.7500000e+01;2.2798690e-01;2.7500000e+01;1.7867021e-01;2.7500000e+01;2.2132729e-01;2.7500000e+01;1.9287729e-01;2.7500000e+01;1.4665812e-01;2.7500000e+01;9.4674103e-02;2.7500000e+01;4.8890680e-02;2.7500000e+01;7.0468709e-03;2.7500000e+01;-4.1711852e-02;2.7500000e+01;-8.1189252e-02;2.7500000e+01;-1.2618536e-01;2.7500000e+01;-6.8914019e-02;2.7500000e+01;-5.3413227e-02;2.7500000e+01;-1.1700050e-02;2.7500000e+01;6.3884959e-02;2.7500000e+01;1.6120335e-01;2.7500000e+01;2.3945969e-01;2.7500000e+01;2.6129231e-01;2.7500000e+01;2.2798690e-01;2.7500000e+01;1.7867021e-01;2.7500000e+01;2.2132729e-01;2.7500000e+01;1.9287729e-01;2.7500000e+01;1.4665812e-01;2.7500000e+01;9.4674103e-02;2.7500000e+01;4.8890680e-02;2.7500000e+01;7.0468709e-03;2.7500000e+01;-4.1711852e-02;2.7500000e+01;-8.1189252e-02;2.7500000e+01;-1.2618536e-01;2.7500000e+01;-6.8914019e-02;2.7500000e+01;-5.3413227e-02;2.7500000e+01;-1.1700050e-02;2.7500000e+01;6.3884959e-02;2.7500000e+01;1.6120335e-01;2.7500000e+01;2.3945969e-01;2.7500000e+01;2.6129231e-01;2.7500000e+01;2.2798690e-01;2.7500000e+01;1.7867021e-01;2.7500000e+01;2.2132729e-01;2.7500000e+01;1.9287729e-01;2.7500000e+01;1.4665812e-01;2.7500000e+01;9.4674103e-02;2.7500000e+01;4.8890680e-02;2.7500000e+01;7.0468709e-03;2.7500000e+01;-4.1711852e-02;2.7500000e+01;-8.1189252e-02;2.7500000e+01;-1.2618536e-01;2.7500000e+01;-6.8914019e-02;2.7500000e+01;-5.3413227e-02;2.7500000e+01;-1.1700050e-02;2.7500000e+01;6.3884959e-02;2.7500000e+01;1.6120335e-01;2.7500000e+01;2.3945969e-01;2.7500000e+01;2.6129231e-01;2.7500000e+01;2.2798690e-01;2.7500000e+01;1.7867021e-01;2.7500000e+01;2.2132729e-01;2.7500000e+01;1.9287729e-01;2.7500000e+01;1.4665812e-01;2.7500000e+01;9.4674103e-02;2.7500000e+01;4.8890680e-02;2.7500000e+01;7.0468709e-03;2.7500000e+01;-4.1711852e-02;2.7500000e+01;-8.1189252e-02;2.7500000e+01;-1.2618536e-01;2.7500000e+01;-6.8914019e-02;2.7500000e+01;-5.3413227e-02;2.7500000e+01;-1.1700050e-02;2.7500000e+01;6.3884959e-02;2.7500000e+01;1.6120335e-01;2.7500000e+01;2.3945969e-01;2.7500000e+01;2.6129231e-01;2.7500000e+01;2.2798690e-01;2.7500000e+01;1.7867021e-01;2.7500000e+01;2.2132729e-01;2.7500000e+01;1.9287729e-01;2.7500000e+01;1.4665812e-01;2.7500000e+01;9.4674103e-02;2.7500000e+01;4.8890680e-02;2.7500000e+01;7.0468709e-03;2.7500000e+01;-4.1711852e-02;2.7500000e+01;-8.1189252e-02;2.7500000e+01;-1.2618536e-01;2.7500000e+01;-6.8914019e-02;2.7500000e+01;-5.3413227e-02;2.7500000e+01;-1.1700050e-02;2.7500000e+01;6.3884959e-02;2.7500000e+01;1.6120335e-01;2.7500000e+01;2.3945969e-01;2.7500000e+01;2.6129231e-01;2.7500000e+01;2.2798690e-01;2.7500000e+01;1.7867021e-01;2.7500000e+01;2.2132729e-01;2.7500000e+01;1.9287729e-01;2.7500000e+01;1.4665812e-01;2.7500000e+01;9.4674103e-02;2.7500000e+01;4.8890680e-02;2.7500000e+01;7.0468709e-03;2.7500000e+01;-4.1711852e-02;2.7500000e+01;-8.1189252e-02;2.7500000e+01;-1.2618536e-01;2.7500000e+01;-6.8914019e-02;2.7500000e+01;-5.3413227e-02;2.7500000e+01;-1.1700050e-02;2.7500000e+01;6.3884959e-02;2.7500000e+01;1.6120335e-01;2.7500000e+01;2.3945969e-01;2.7500000e+01;2.6129231e-01;2.7500000e+01;2.2798690e-01;2.7500000e+01;1.7867021e-01;2.7500000e+01;2.2132729e-01;2.7500000e+01;1.9287729e-01;2.7500000e+01;1.4665812e-01;2.7500000e+01;9.4674103e-02;2.7500000e+01;4.8890680e-02;2.7500000e+01;7.0468709e-03;2.7500000e+01;-4.1711852e-02;2.7500000e+01;-8.1189252e-02;2.7500000e+01;-1.2618536e-01;2.7500000e+01;-6.8914019e-02;2.7500000e+01;-5.3413227e-02;2.7500000e+01;-1.1700050e-02;2.7500000e+01;6.3884959e-02;2.7500000e+01;1.6120335e-01;2.7500000e+01;2.3945969e-01;2.7500000e+01;2.6129231e-01;2.7500000e+01;2.2798690e-01;2.7500000e+01;1.7867021e-01;2.7500000e+01;2.2132729e-01;2.7500000e+01;1.9287729e-01;2.7500000e+01;1.4665812e-01;2.7500000e+01;9.4674103e-02;2.7500000e+01;4.8890680e-02;2.7500000e+01;7.0468709e-03;2.7500000e+01;-4.1711852e-02;2.7500000e+01;-8.1189252e-02;2.7500000e+01;-1.2618536e-01;2.7500000e+01;-6.8914019e-02;2.7500000e+01;-5.3413227e-02;2.7500000e+01;-1.1700050e-02;2.7500000e+01;6.3884959e-02;2.7500000e+01;1.6120335e-01;2.7500000e+01;2.3945969e-01;2.7500000e+01;2.6129231e-01;2.7500000e+01;2.2798690e-01;2.7500000e+01;1.7867021e-01;2.7500000e+01;2.2132729e-01;2.7500000e+01;1.9287729e-01;2.7500000e+01;1.4665812e-01;2.7500000e+01;9.4674103e-02;2.7500000e+01;4.8890680e-02;2.7500000e+01;7.0468709e-03;2.7500000e+01;-4.1711852e-02;2.7500000e+01;-8.1189252e-02;2.7500000e+01;-1.2618536e-01;2.7500000e+01;-6.8914019e-02;2.7500000e+01;-5.3413227e-02;2.7500000e+01;-1.1700050e-02;2.7500000e+01;6.3884959e-02;2.7500000e+01;1.6120335e-01;2.7500000e+01;2.3945969e-01;2.7500000e+01;2.6129231e-01;2.7500000e+01;2.2798690e-01;2.7500000e+01;1.7867021e-01;2.7500000e+01;2.2132729e-01;2.7500000e+01;1.9287729e-01;2.7500000e+01;1.4665812e-01;2.7500000e+01;9.4674103e-02;2.7500000e+01;4.8890680e-02;2.7500000e+01;7.0468709e-03;2.7500000e+01;-4.1711852e-02;2.7500000e+01;-8.1189252e-02;2.7500000e+01;-1.2618536e-01;2.7500000e+01;-6.8914019e-02;2.7500000e+01;-5.3413227e-02;2.7500000e+01;-1.1700050e-02;2.7500000e+01;6.3884959e-02;2.7500000e+01;1.6120335e-01;2.7500000e+01;2.3945969e-01;2.7500000e+01;2.6129231e-01;2.7500000e+01;2.2798690e-01;2.7500000e+01;1.7867021e-01;2.7500000e+01;2.2132729e-01;2.7500000e+01;1.9287729e-01;2.7500000e+01;1.4665812e-01;2.7500000e+01;9.4674103e-02;2.7500000e+01;4.8890680e-02;2.7500000e+01;7.0468709e-03;2.7500000e+01;-4.1711852e-02;2.7500000e+01;-8.1189252e-02;2.7500000e+01;-1.2618536e-01;2.7500000e+01;-6.8914019e-02;2.7500000e+01;-5.3413227e-02;2.7500000e+01;-1.1700050e-02;2.7500000e+01;6.3884959e-02;2.7500000e+01;1.6120335e-01;2.7500000e+01;2.3945969e-01;2.7500000e+01;2.6129231e-01;2.7500000e+01;2.2798690e-01;2.7500000e+01;1.7867021e-01;2.7500000e+01;2.2132729e-01;2.7500000e+01;1.9287729e-01;2.7500000e+01;1.4665812e-01;2.7500000e+01;9.4674103e-02;2.7500000e+01;4.8890680e-02;2.7500000e+01;7.0468709e-03;2.7500000e+01;-4.1711852e-02;2.7500000e+01;-8.1189252e-02;2.7500000e+01;-1.2618536e-01;2.7500000e+01;-6.8914019e-02;2.7500000e+01;-5.3413227e-02;2.7500000e+01;-1.1700050e-02;2.7500000e+01;6.3884959e-02;2.7500000e+01;1.6120335e-01;2.7500000e+01;2.3945969e-01;2.7500000e+01;2.6129231e-01;2.7500000e+01;2.2798690e-01;2.7500000e+01;1.7867021e-01;2.7500000e+01;2.2132729e-01;2.7500000e+01;1.9287729e-01;2.7500000e+01;1.4665812e-01;2.7500000e+01;9.4674103e-02;2.7500000e+01;4.8890680e-02;2.7500000e+01;7.0468709e-03;2.7500000e+01;-4.1711852e-02;2.7500000e+01;-8.1189252e-02;2.7500000e+01;-1.2618536e-01;2.7500000e+01;-6.8914019e-02;2.7500000e+01;-5.3413227e-02;2.7500000e+01;-1.1700050e-02;2.7500000e+01;6.3884959e-02;2.7500000e+01;1.6120335e-01;2.7500000e+01;2.3945969e-01;2.7500000e+01;2.6129231e-01;2.7500000e+01;2.2798690e-01;2.7500000e+01;1.7867021e-01;2.7500000e+01;2.2132729e-01;2.7500000e+01;1.9287729e-01;2.7500000e+01;1.4665812e-01;2.7500000e+01;9.4674103e-02;2.7500000e+01;4.8890680e-02;2.7500000e+01;7.0468709e-03;2.7500000e+01;-4.1711852e-02;2.7500000e+01;-8.1189252e-02;2.7500000e+01;-1.2618536e-01;2.7500000e+01;-6.8914019e-02;2.7500000e+01;-5.3413227e-02;2.7500000e+01;-1.1700050e-02;2.7500000e+01;6.3884959e-02;2.7500000e+01;1.6120335e-01;2.7500000e+01;2.3945969e-01;2.7500000e+01;2.6129231e-01;2.7500000e+01;2.2798690e-01;2.7500000e+01;1.7867021e-01;2.7500000e+01;2.2132729e-01;2.7500000e+01;1.9287729e-01;2.7500000e+01;1.4665812e-01;2.7500000e+01;9.4674103e-02;2.7500000e+01;4.8890680e-02;2.7500000e+01;7.0468709e-03;2.7500000e+01;-4.1711852e-02;2.7500000e+01;-8.1189252e-02;2.7500000e+01;-1.2618536e-01;2.7500000e+01;-6.8914019e-02;2.7500000e+01;-5.3413227e-02;2.7500000e+01;-1.1700050e-02;2.7500000e+01;6.3884959e-02;2.7500000e+01;1.6120335e-01;2.7500000e+01;2.3945969e-01;2.7500000e+01;2.6129231e-01;2.7500000e+01;2.2798690e-01;2.7500000e+01;1.7867021e-01;2.7500000e+01;2.2132729e-01;2.7500000e+01;1.9287729e-01;2.7500000e+01;1.4665812e-01;2.7500000e+01;9.4674103e-02;2.7500000e+01;4.8890680e-02;2.7500000e+01;7.0468709e-03;2.7500000e+01;-4.1711852e-02;2.7500000e+01;-8.1189252e-02;2.7500000e+01;-1.2618536e-01;2.7500000e+01;-6.8914019e-02;2.7500000e+01;-5.3413227e-02;2.7500000e+01;-1.1700050e-02;2.7500000e+01;6.3884959e-02;2.7500000e+01;1.6120335e-01;2.7500000e+01;2.3945969e-01;2.7500000e+01;2.6129231e-01;2.7500000e+01;2.2798690e-01;2.7500000e+01;1.7867021e-01;2.7500000e+01;2.2132729e-01;2.7500000e+01;1.9287729e-01;2.7500000e+01;1.4665812e-01;2.7500000e+01;9.4674103e-02;2.7500000e+01;4.8890680e-02;2.7500000e+01;7.0468709e-03;2.7500000e+01;-4.1711852e-02;2.7500000e+01;-8.1189252e-02;2.7500000e+01;-1.2618536e-01;2.7500000e+01;-6.8914019e-02;2.7500000e+01;-5.3413227e-02;2.7500000e+01;-1.1700050e-02;2.7500000e+01;6.3884959e-02;2.7500000e+01;1.6120335e-01;2.7500000e+01;2.3945969e-01;2.7500000e+01;2.6129231e-01;2.7500000e+01;2.2798690e-01;2.7500000e+01;1.7867021e-01;2.7500000e+01;2.2132729e-01;2.7500000e+01;1.9287729e-01;2.7500000e+01;1.4665812e-01;2.7500000e+01;9.4674103e-02;2.7500000e+01;4.8890680e-02;2.7500000e+01;7.0468709e-03;2.7500000e+01;-4.1711852e-02;2.7500000e+01;-8.1189252e-02;2.7500000e+01;-1.2618536e-01;2.7500000e+01;-6.8914019e-02;2.7500000e+01;-5.3413227e-02;2.7500000e+01;-1.1700050e-02;2.7500000e+01;6.3884959e-02;2.7500000e+01;1.6120335e-01;2.7500000e+01;2.3945969e-01;2.7500000e+01;2.6129231e-01;2.7500000e+01;2.2798690e-01;2.7500000e+01;1.7867021e-01;2.7500000e+01;2.2132729e-01;2.7500000e+01;1.9287729e-01;2.7500000e+01;1.4665812e-01;2.7500000e+01;9.4674103e-02;2.7500000e+01;4.8890680e-02;2.7500000e+01;7.0468709e-03;2.7500000e+01;-4.1711852e-02;2.7500000e+01;-8.1189252e-02;2.7500000e+01;-1.2618536e-01;2.7500000e+01;-6.8914019e-02;2.7500000e+01;-5.3413227e-02;2.7500000e+01;-1.1700050e-02;2.7500000e+01;6.3884959e-02;2.7500000e+01;1.6120335e-01;2.7500000e+01;2.3945969e-01;2.7500000e+01;2.6129231e-01;2.7500000e+01;2.2798690e-01;2.7500000e+01;1.7867021e-01;2.7500000e+01;2.2132729e-01;2.7500000e+01;1.9287729e-01;2.7500000e+01;1.4665812e-01;2.7500000e+01;9.4674103e-02;2.7500000e+01;4.8890680e-02;2.7500000e+01;7.0468709e-03;2.7500000e+01;-4.1711852e-02;2.7500000e+01;-8.1189252e-02;2.7500000e+01;-1.2618536e-01;2.7500000e+01;-6.8914019e-02;2.7500000e+01;-5.3413227e-02;2.7500000e+01;-1.1700050e-02;2.7500000e+01;6.3884959e-02;2.7500000e+01;1.6120335e-01;2.7500000e+01;2.3945969e-01;2.7500000e+01;2.6129231e-01;2.7500000e+01;2.2798690e-01;2.7500000e+01;1.7867021e-01;2.7500000e+01;2.2132729e-01;2.7500000e+01;1.9287729e-01;2.7500000e+01;1.4665812e-01;2.7500000e+01;9.4674103e-02;2.7500000e+01;4.8890680e-02;2.7500000e+01;7.0468709e-03;2.7500000e+01;-4.1711852e-02;2.7500000e+01;-8.1189252e-02;2.7500000e+01;-1.2618536e-01;2.7500000e+01;-6.8914019e-02;2.7500000e+01;-5.3413227e-02;2.7500000e+01;-1.1700050e-02;2.7500000e+01;6.3884959e-02;2.7500000e+01;1.6120335e-01;2.7500000e+01;2.3945969e-01;2.7500000e+01;2.6129231e-01;2.7500000e+01;2.2798690e-01;2.7500000e+01;1.7867021e-01;2.7500000e+01;2.2132729e-01;2.7500000e+01;1.9287729e-01;2.7500000e+01;1.4665812e-01;2.7500000e+01;9.4674103e-02;2.7500000e+01;4.8890680e-02;2.7500000e+01;7.0468709e-03;2.7500000e+01;-4.1711852e-02;2.7500000e+01;-8.1189252e-02;2.7500000e+01;-1.2618536e-01;2.7500000e+01;-6.8914019e-02;2.7500000e+01;-5.3413227e-02;2.7500000e+01;-1.1700050e-02;2.7500000e+01;6.3884959e-02;2.7500000e+01;1.6120335e-01;2.7500000e+01;2.3945969e-01;2.7500000e+01;2.6129231e-01;2.7500000e+01;2.2798690e-01;2.7500000e+01;1.7867021e-01;2.7500000e+01;2.2132729e-01;2.7500000e+01;1.9287729e-01;2.7500000e+01;1.4665812e-01;2.7500000e+01;9.4674103e-02;2.7500000e+01;4.8890680e-02;2.7500000e+01;7.0468709e-03;2.7500000e+01;-4.1711852e-02;2.7500000e+01;-8.1189252e-02;2.7500000e+01;-1.2618536e-01;2.7500000e+01;-6.8914019e-02;2.7500000e+01;-5.3413227e-02;2.7500000e+01;-1.1700050e-02;2.7500000e+01;6.3884959e-02;2.7500000e+01;1.6120335e-01;2.7500000e+01;2.3945969e-01;2.7500000e+01;2.6129231e-01;2.7500000e+01;2.2798690e-01;2.7500000e+01;1.7867021e-01;2.7500000e+01;2.2132729e-01;2.7500000e+01;1.9287729e-01;2.7500000e+01;1.4665812e-01;2.7500000e+01;9.4674103e-02;2.7500000e+01;4.8890680e-02;2.7500000e+01;7.0468709e-03;2.7500000e+01;-4.1711852e-02;2.7500000e+01;-8.1189252e-02;2.7500000e+01;-1.2618536e-01;2.7500000e+01;-6.8914019e-02;2.7500000e+01;-5.3413227e-02;2.7500000e+01;-1.1700050e-02;2.7500000e+01;6.3884959e-02;2.7500000e+01;1.6120335e-01;2.7500000e+01;2.3945969e-01;2.7500000e+01;2.6129231e-01;2.7500000e+01;2.2798690e-01;2.7500000e+01;1.7867021e-01;2.7500000e+01;2.2132729e-01;2.7500000e+01;1.9287729e-01;2.7500000e+01;1.4665812e-01;2.7500000e+01;9.4674103e-02;2.7500000e+01;4.8890680e-02;2.7500000e+01;7.0468709e-03;2.7500000e+01;-4.1711852e-02;2.7500000e+01;-8.1189252e-02;2.7500000e+01;-1.2618536e-01;2.7500000e+01;-6.8914019e-02;2.7500000e+01;-5.3413227e-02;2.7500000e+01;-1.1700050e-02;2.7500000e+01;6.3884959e-02;2.7500000e+01;1.6120335e-01;2.7500000e+01;2.3945969e-01;2.7500000e+01;2.6129231e-01;2.7500000e+01;2.2798690e-01;2.7500000e+01;1.7867021e-01;2.7500000e+01;2.2132729e-01;2.7500000e+01;1.9287729e-01;2.7500000e+01;1.4665812e-01;2.7500000e+01;9.4674103e-02;2.7500000e+01;4.8890680e-02;2.7500000e+01;7.0468709e-03;2.7500000e+01;-4.1711852e-02;2.7500000e+01;-8.1189252e-02;2.7500000e+01;-1.2618536e-01;2.7500000e+01;-6.8914019e-02;2.7500000e+01;-5.3413227e-02;2.7500000e+01;-1.1700050e-02;2.7500000e+01;6.3884959e-02;2.7500000e+01;1.6120335e-01;2.7500000e+01;2.3945969e-01;2.7500000e+01;2.6129231e-01;2.7500000e+01;2.2798690e-01;2.7500000e+01;1.7867021e-01;2.7500000e+01;2.2132729e-01;2.7500000e+01;1.9287729e-01;2.7500000e+01;1.4665812e-01;2.7500000e+01;9.4674103e-02;2.7500000e+01;4.8890680e-02;2.7500000e+01;7.0468709e-03;2.7500000e+01;-4.1711852e-02;2.7500000e+01;-8.1189252e-02;2.7500000e+01;-1.2618536e-01;2.7500000e+01;-6.8914019e-02;2.7500000e+01;-5.3413227e-02;2.7500000e+01;-1.1700050e-02;2.7500000e+01;6.3884959e-02;2.7500000e+01;1.6120335e-01;2.7500000e+01;2.3945969e-01;2.7500000e+01;2.6129231e-01;2.7500000e+01;2.2798690e-01;2.7500000e+01;1.7867021e-01;2.7500000e+01;2.2132729e-01;2.7500000e+01;1.9287729e-01;2.7500000e+01;1.4665812e-01;2.7500000e+01;9.4674103e-02;2.7500000e+01;4.8890680e-02;2.7500000e+01;7.0468709e-03;2.7500000e+01;-4.1711852e-02;2.7500000e+01;-8.1189252e-02;2.7500000e+01;-1.2618536e-01;2.7500000e+01;-6.8914019e-02;2.7500000e+01;-5.3413227e-02;2.7500000e+01;-1.1700050e-02;2.7500000e+01;6.3884959e-02;2.7500000e+01;1.6120335e-01;2.7500000e+01;2.3945969e-01;2.7500000e+01;2.6129231e-01;2.7500000e+01;2.2798690e-01;2.7500000e+01;1.7867021e-01;2.7500000e+01;2.2132729e-01;2.7500000e+01;1.9287729e-01;2.7500000e+01;1.4665812e-01;2.7500000e+01;9.4674103e-02;2.7500000e+01;4.8890680e-02;2.7500000e+01;7.0468709e-03;2.7500000e+01;-4.1711852e-02;2.7500000e+01;-8.1189252e-02;2.7500000e+01;-1.2618536e-01;2.7500000e+01;-6.8914019e-02;2.7500000e+01;-5.3413227e-02;2.7500000e+01;-1.1700050e-02;2.7500000e+01;6.3884959e-02;2.7500000e+01;1.6120335e-01;2.7500000e+01;2.3945969e-01;2.7500000e+01;2.6129231e-01;2.7500000e+01;2.2798690e-01;2.7500000e+01;1.7867021e-01;2.7500000e+01;2.2132729e-01;2.7500000e+01;1.9287729e-01;2.7500000e+01;1.4665812e-01;2.7500000e+01;9.4674103e-02;2.7500000e+01;4.8890680e-02;2.7500000e+01;7.0468709e-03;2.7500000e+01;-4.1711852e-02;2.7500000e+01;-8.1189252e-02;2.7500000e+01;-1.2618536e-01;2.7500000e+01;-6.8914019e-02;2.7500000e+01;-5.3413227e-02;2.7500000e+01;-1.1700050e-02;2.7500000e+01;6.3884959e-02;2.7500000e+01;1.6120335e-01;2.7500000e+01;2.3945969e-01;2.7500000e+01;2.6129231e-01;2.7500000e+01;2.2798690e-01;2.7500000e+01;1.7867021e-01;2.7500000e+01;2.2132729e-01;2.7500000e+01;1.9287729e-01;2.7500000e+01;1.4665812e-01;2.7500000e+01;9.4674103e-02;2.7500000e+01;4.8890680e-02;2.7500000e+01;7.0468709e-03;2.7500000e+01;-4.1711852e-02;2.7500000e+01;-8.1189252e-02;2.7500000e+01;-1.2618536e-01;2.7500000e+01;-6.8914019e-02;2.7500000e+01;-5.3413227e-02;2.7500000e+01;-1.1700050e-02;2.7500000e+01;6.3884959e-02;2.7500000e+01;1.6120335e-01;2.7500000e+01;2.3945969e-01;2.7500000e+01;2.6129231e-01;2.7500000e+01;2.2798690e-01;2.7500000e+01;1.7867021e-01;2.7500000e+01;2.2132729e-01;2.7500000e+01;1.9287729e-01;2.7500000e+01;1.4665812e-01;2.7500000e+01;9.4674103e-02;2.7500000e+01;4.8890680e-02;2.7500000e+01;7.0468709e-03;2.7500000e+01;-4.1711852e-02;2.7500000e+01;-8.1189252e-02;2.7500000e+01;-1.2618536e-01;2.7500000e+01;-6.8914019e-02;2.7500000e+01;-5.3413227e-02;2.7500000e+01;-1.1700050e-02;2.7500000e+01;6.3884959e-02;2.7500000e+01;1.6120335e-01;2.7500000e+01;2.3945969e-01;2.7500000e+01;2.6129231e-01;2.7500000e+01;2.2798690e-01;2.7500000e+01;1.7867021e-01;2.7500000e+01;2.2132729e-01;2.7500000e+01;1.9287729e-01;2.7500000e+01;1.4665812e-01;2.7500000e+01;9.4674103e-02;2.7500000e+01;4.8890680e-02;2.7500000e+01;7.0468709e-03;2.7500000e+01;-4.1711852e-02;2.7500000e+01;-8.1189252e-02;2.7500000e+01;-1.2618536e-01;2.7500000e+01;-6.8914019e-02;2.7500000e+01;-5.3413227e-02;2.7500000e+01;-1.1700050e-02;2.7500000e+01;6.3884959e-02;2.7500000e+01;1.6120335e-01;2.7500000e+01;2.3945969e-01;2.7500000e+01;2.6129231e-01;2.7500000e+01;2.2798690e-01;2.7500000e+01;1.7867021e-01;2.7500000e+01;2.2132729e-01;2.7500000e+01;1.9287729e-01;2.7500000e+01;1.4665812e-01;2.7500000e+01;9.4674103e-02;2.7500000e+01;4.8890680e-02;2.7500000e+01;7.0468709e-03;2.7500000e+01;-4.1711852e-02;2.7500000e+01;-8.1189252e-02;2.7500000e+01;-1.2618536e-01;2.7500000e+01;-6.8914019e-02;2.7500000e+01;-5.3413227e-02;2.7500000e+01;-1.1700050e-02;2.7500000e+01;6.3884959e-02;2.7500000e+01;1.6120335e-01;2.7500000e+01;2.3945969e-01;2.7500000e+01;2.6129231e-01;2.7500000e+01;2.2798690e-01;2.7500000e+01;1.7867021e-01;2.7500000e+01;2.2132729e-01;2.7500000e+01;1.9287729e-01;2.7500000e+01;1.4665812e-01;2.7500000e+01;9.4674103e-02;2.7500000e+01;4.8890680e-02;2.7500000e+01;7.0468709e-03;2.7500000e+01;-4.1711852e-02;2.7500000e+01;-8.1189252e-02;2.7500000e+01;-1.2618536e-01;2.7500000e+01;-6.8914019e-02;2.7500000e+01;-5.3413227e-02;2.7500000e+01;-1.1700050e-02;2.7500000e+01;6.3884959e-02;2.7500000e+01;1.6120335e-01;2.7500000e+01;2.3945969e-01;2.7500000e+01;2.6129231e-01;2.7500000e+01;2.2798690e-01;2.7500000e+01;1.7867021e-01;2.7500000e+01;2.2132729e-01;2.7500000e+01;1.9287729e-01;2.7500000e+01;1.4665812e-01;2.7500000e+01;9.4674103e-02;2.7500000e+01;4.8890680e-02;2.7500000e+01;7.0468709e-03;2.7500000e+01;-4.1711852e-02;2.7500000e+01;-8.1189252e-02;2.7500000e+01;-1.2618536e-01;2.7500000e+01;-6.8914019e-02;2.7500000e+01;-5.3413227e-02;2.7500000e+01;-1.1700050e-02;2.7500000e+01;6.3884959e-02;2.7500000e+01;1.6120335e-01;2.7500000e+01;2.3945969e-01;2.7500000e+01;2.6129231e-01;2.7500000e+01;2.2798690e-01;2.7500000e+01;1.7867021e-01;2.7500000e+01;2.2132729e-01;2.7500000e+01;1.9287729e-01;2.7500000e+01;1.4665812e-01;2.7500000e+01;9.4674103e-02;2.7500000e+01;4.8890680e-02;2.7500000e+01;7.0468709e-03;2.7500000e+01;-4.1711852e-02;2.7500000e+01;-8.1189252e-02;2.7500000e+01;-1.2618536e-01;2.7500000e+01;-6.8914019e-02;2.7500000e+01;-5.3413227e-02;2.7500000e+01;-1.1700050e-02;2.7500000e+01;6.3884959e-02;2.7500000e+01;1.6120335e-01;2.7500000e+01;2.3945969e-01;2.7500000e+01;2.6129231e-01;2.7500000e+01;2.2798690e-01;2.7500000e+01;1.7867021e-01;2.7500000e+01;2.2132729e-01;2.7500000e+01;1.9287729e-01;2.7500000e+01;1.4665812e-01;2.7500000e+01;9.4674103e-02;2.7500000e+01;4.8890680e-02;2.7500000e+01;7.0468709e-03;2.7500000e+01;-4.1711852e-02;2.7500000e+01;-8.1189252e-02;2.7500000e+01;-1.2618536e-01;2.7500000e+01;-6.8914019e-02;2.7500000e+01;-5.3413227e-02;2.7500000e+01;-1.1700050e-02;2.7500000e+01;6.3884959e-02;2.7500000e+01;1.6120335e-01;2.7500000e+01;2.3945969e-01;2.7500000e+01;2.6129231e-01;2.7500000e+01;2.2798690e-01;2.7500000e+01;1.7867021e-01;2.7500000e+01;2.2132729e-01;2.7500000e+01;1.9287729e-01;2.7500000e+01;1.4665812e-01;2.7500000e+01;9.4674103e-02;2.7500000e+01;4.8890680e-02;2.7500000e+01;7.0468709e-03;2.7500000e+01;-4.1711852e-02;2.7500000e+01;-8.1189252e-02;2.7500000e+01;-1.2618536e-01;2.7500000e+01;-6.8914019e-02;2.7500000e+01;-5.3413227e-02;2.7500000e+01;-1.1700050e-02;2.7500000e+01;6.3884959e-02;2.7500000e+01;1.6120335e-01;2.7500000e+01;2.3945969e-01;2.7500000e+01;2.6129231e-01;2.7500000e+01;2.2798690e-01;2.7500000e+01;1.7867021e-01;2.7500000e+01;2.2132729e-01;2.7500000e+01;1.9287729e-01;2.7500000e+01;1.4665812e-01;2.7500000e+01;9.4674103e-02;2.7500000e+01;4.8890680e-02;2.7500000e+01;7.0468709e-03;2.7500000e+01;-4.1711852e-02;2.7500000e+01;-8.1189252e-02;2.7500000e+01;-1.2618536e-01;2.7500000e+01;-6.8914019e-02;2.7500000e+01;-5.3413227e-02;2.7500000e+01;-1.1700050e-02;2.7500000e+01;6.3884959e-02;2.7500000e+01;1.6120335e-01;2.7500000e+01;2.3945969e-01;2.7500000e+01;2.6129231e-01;2.7500000e+01;2.2798690e-01;2.7500000e+01;1.7867021e-01;2.7500000e+01;2.2132729e-01;2.7500000e+01;1.9287729e-01;2.7500000e+01;1.4665812e-01;2.7500000e+01;9.4674103e-02;2.7500000e+01;4.8890680e-02;2.7500000e+01;7.0468709e-03;2.7500000e+01;-4.1711852e-02;2.7500000e+01;-8.1189252e-02;2.7500000e+01;-1.2618536e-01;2.7500000e+01;-6.8914019e-02;2.7500000e+01;-5.3413227e-02;2.7500000e+01;-1.1700050e-02;2.7500000e+01;6.3884959e-02;2.7500000e+01;1.6120335e-01;2.7500000e+01;2.3945969e-01;2.7500000e+01;2.6129231e-01;2.7500000e+01;2.2798690e-01;2.7500000e+01;1.7867021e-01;2.7500000e+01;2.2132729e-01;2.7500000e+01;1.9287729e-01;2.7500000e+01;1.4665812e-01;2.7500000e+01;9.4674103e-02;2.7500000e+01;4.8890680e-02;2.7500000e+01;7.0468709e-03;2.7500000e+01;-4.1711852e-02;2.7500000e+01;-8.1189252e-02;2.7500000e+01;-1.2618536e-01;2.7500000e+01;-6.8914019e-02;2.7500000e+01;-5.3413227e-02;2.7500000e+01;-1.1700050e-02;2.7500000e+01;6.3884959e-02;2.7500000e+01;1.6120335e-01;2.7500000e+01;2.3945969e-01;2.7500000e+01;2.6129231e-01;2.7500000e+01;2.2798690e-01;2.7500000e+01;1.7867021e-01;2.7500000e+01;2.2132729e-01;2.7500000e+01;1.9287729e-01;2.7500000e+01;1.4665812e-01;2.7500000e+01;9.4674103e-02;2.7500000e+01;4.8890680e-02;2.7500000e+01;7.0468709e-03;2.7500000e+01;-4.1711852e-02;2.7500000e+01;-8.1189252e-02;2.7500000e+01;-1.2618536e-01;2.7500000e+01;-6.8914019e-02;2.7500000e+01;-5.3413227e-02;2.7500000e+01;-1.1700050e-02;2.7500000e+01;6.3884959e-02;2.7500000e+01;1.6120335e-01;2.7500000e+01;2.3945969e-01;2.7500000e+01;2.6129231e-01;2.7500000e+01;2.2798690e-01;2.7500000e+01;1.7867021e-01;2.7500000e+01;2.2132729e-01;2.7500000e+01;1.9287729e-01;2.7500000e+01;1.4665812e-01;2.7500000e+01;9.4674103e-02;2.7500000e+01;4.8890680e-02;2.7500000e+01;7.0468709e-03;2.7500000e+01;-4.1711852e-02;2.7500000e+01;-8.1189252e-02;2.7500000e+01;-1.2618536e-01;2.7500000e+01;-6.8914019e-02;2.7500000e+01;-5.3413227e-02;2.7500000e+01;-1.1700050e-02;2.7500000e+01;6.3884959e-02;2.7500000e+01;1.6120335e-01;2.7500000e+01;2.3945969e-01;2.7500000e+01;2.6129231e-01;2.7500000e+01;2.2798690e-01;2.7500000e+01;1.7867021e-01;2.7500000e+01;2.2132729e-01;2.7500000e+01;1.9287729e-01;2.7500000e+01;1.4665812e-01;2.7500000e+01;9.4674103e-02;2.7500000e+01;4.8890680e-02;2.7500000e+01;7.0468709e-03;2.7500000e+01;-4.1711852e-02;2.7500000e+01;-8.1189252e-02;2.7500000e+01;-1.2618536e-01;2.7500000e+01;-6.8914019e-02;2.7500000e+01;-5.3413227e-02;2.7500000e+01;-1.1700050e-02;2.7500000e+01;6.3884959e-02;2.7500000e+01;1.6120335e-01;2.7500000e+01;2.3945969e-01;2.7500000e+01;2.6129231e-01;2.7500000e+01;2.2798690e-01;2.7500000e+01;1.7867021e-01;2.7500000e+01;2.2132729e-01;2.7500000e+01;1.9287729e-01;2.7500000e+01;1.4665812e-01;2.7500000e+01;9.4674103e-02;2.7500000e+01;4.8890680e-02;2.7500000e+01;7.0468709e-03;2.7500000e+01;-4.1711852e-02;2.7500000e+01;-8.1189252e-02;2.7500000e+01;-1.2618536e-01;2.7500000e+01;-6.8914019e-02;2.7500000e+01;-5.3413227e-02;2.7500000e+01;-1.1700050e-02;2.7500000e+01;6.3884959e-02;2.7500000e+01;1.6120335e-01;2.7500000e+01;2.3945969e-01;2.7500000e+01;2.6129231e-01;2.7500000e+01;2.2798690e-01;2.7500000e+01;1.7867021e-01;2.7500000e+01;2.2132729e-01;2.7500000e+01;1.9287729e-01;2.7500000e+01;1.4665812e-01;2.7500000e+01;9.4674103e-02;2.7500000e+01;4.8890680e-02;2.7500000e+01;7.0468709e-03;2.7500000e+01;-4.1711852e-02;2.7500000e+01;-8.1189252e-02;2.7500000e+01;-1.2618536e-01;2.7500000e+01;-6.8914019e-02;2.7500000e+01;-5.3413227e-02;2.7500000e+01;-1.1700050e-02;2.7500000e+01;6.3884959e-02;2.7500000e+01;1.6120335e-01;2.7500000e+01;2.3945969e-01;2.7500000e+01;2.6129231e-01;2.7500000e+01;2.2798690e-01;2.7500000e+01;1.7867021e-01;2.7500000e+01;2.2132729e-01;2.7500000e+01;1.9287729e-01;2.7500000e+01;1.4665812e-01;2.7500000e+01;9.4674103e-02;2.7500000e+01;4.8890680e-02;2.7500000e+01;7.0468709e-03;2.7500000e+01;-4.1711852e-02;2.7500000e+01;-8.1189252e-02;2.7500000e+01;-1.2618536e-01;2.7500000e+01;-6.8914019e-02;2.7500000e+01;-5.3413227e-02;2.7500000e+01;-1.1700050e-02;2.7500000e+01;6.3884959e-02;2.7500000e+01;1.6120335e-01;2.7500000e+01;2.3945969e-01;2.7500000e+01;2.6129231e-01;2.7500000e+01;2.2798690e-01;2.7500000e+01;1.7867021e-01;2.7500000e+01;2.2132729e-01;2.7500000e+01;1.9287729e-01;2.7500000e+01;1.4665812e-01;2.7500000e+01;9.4674103e-02;2.7500000e+01;4.8890680e-02;2.7500000e+01;7.0468709e-03;2.7500000e+01;-4.1711852e-02;2.7500000e+01;-8.1189252e-02;2.7500000e+01;-1.2618536e-01;2.7500000e+01;-6.8914019e-02;2.7500000e+01;-5.3413227e-02;2.7500000e+01;-1.1700050e-02;2.7500000e+01;6.3884959e-02;2.7500000e+01;1.6120335e-01;2.7500000e+01;2.3945969e-01;2.7500000e+01;2.6129231e-01;2.7500000e+01;2.2798690e-01;2.7500000e+01;1.7867021e-01;2.7500000e+01;2.2132729e-01;2.7500000e+01;1.9287729e-01;2.7500000e+01;1.4665812e-01;2.7500000e+01;9.4674103e-02;2.7500000e+01;4.8890680e-02;2.7500000e+01;7.0468709e-03;2.7500000e+01;-4.1711852e-02;2.7500000e+01;-8.1189252e-02;2.7500000e+01;-1.2618536e-01;2.7500000e+01;-6.8914019e-02;2.7500000e+01;-5.3413227e-02;2.7500000e+01;-1.1700050e-02;2.7500000e+01;6.3884959e-02;2.7500000e+01;1.6120335e-01;2.7500000e+01;2.3945969e-01;2.7500000e+01;2.6129231e-01;2.7500000e+01;2.2798690e-01;2.7500000e+01;1.7867021e-01;2.7500000e+01;2.2132729e-01;2.7500000e+01;1.9287729e-01;2.7500000e+01;1.4665812e-01;2.7500000e+01;9.4674103e-02;2.7500000e+01;4.8890680e-02;2.7500000e+01;7.0468709e-03;2.7500000e+01;-4.1711852e-02;2.7500000e+01;-8.1189252e-02;2.7500000e+01;-1.2618536e-01;2.7500000e+01;-6.8914019e-02;2.7500000e+01;-5.3413227e-02;2.7500000e+01;-1.1700050e-02;2.7500000e+01;6.3884959e-02;2.7500000e+01;1.6120335e-01;2.7500000e+01;2.3945969e-01;2.7500000e+01;2.6129231e-01;2.7500000e+01;2.2798690e-01;2.7500000e+01;1.7867021e-01;2.7500000e+01;2.2132729e-01;2.7500000e+01;1.9287729e-01;2.7500000e+01;1.4665812e-01;2.7500000e+01;9.4674103e-02;2.7500000e+01;4.8890680e-02;2.7500000e+01;7.0468709e-03;2.7500000e+01;-4.1711852e-02;2.7500000e+01;-8.1189252e-02;2.7500000e+01;-1.2618536e-01;2.7500000e+01;-6.8914019e-02;2.7500000e+01;-5.3413227e-02;2.7500000e+01;-1.1700050e-02;2.7500000e+01;6.3884959e-02;2.7500000e+01;1.6120335e-01;2.7500000e+01;2.3945969e-01;2.7500000e+01;2.6129231e-01;2.7500000e+01;2.2798690e-01;2.7500000e+01;1.7867021e-01;2.7500000e+01;2.2132729e-01;2.7500000e+01;1.9287729e-01;2.7500000e+01;1.4665812e-01;2.7500000e+01;9.4674103e-02;2.7500000e+01;4.8890680e-02;2.7500000e+01;7.0468709e-03;2.7500000e+01;-4.1711852e-02;2.7500000e+01;-8.1189252e-02;2.7500000e+01;-1.2618536e-01;2.7500000e+01;-6.8914019e-02;2.7500000e+01;-5.3413227e-02;2.7500000e+01;-1.1700050e-02;2.7500000e+01;6.3884959e-02;2.7500000e+01;1.6120335e-01;2.7500000e+01;2.3945969e-01;2.7500000e+01;2.6129231e-01;2.7500000e+01;2.2798690e-01;2.7500000e+01;1.7867021e-01;2.7500000e+01;2.2132729e-01;2.7500000e+01;1.9287729e-01;2.7500000e+01;1.4665812e-01;2.7500000e+01;9.4674103e-02;2.7500000e+01;4.8890680e-02;2.7500000e+01;7.0468709e-03;2.7500000e+01;-4.1711852e-02;2.7500000e+01;-8.1189252e-02;2.7500000e+01;-1.2618536e-01;2.7500000e+01;-6.8914019e-02;2.7500000e+01;-5.3413227e-02;2.7500000e+01;-1.1700050e-02;2.7500000e+01;6.3884959e-02;2.7500000e+01;1.6120335e-01;2.7500000e+01;2.3945969e-01;2.7500000e+01;2.6129231e-01;2.7500000e+01;2.2798690e-01;2.7500000e+01;1.7867021e-01;2.7500000e+01;2.2132729e-01;2.7500000e+01;1.9287729e-01;2.7500000e+01;1.4665812e-01;2.7500000e+01;9.4674103e-02;2.7500000e+01;4.8890680e-02;2.7500000e+01;7.0468709e-03;2.7500000e+01;-4.1711852e-02;2.7500000e+01;-8.1189252e-02;2.7500000e+01;-1.2618536e-01;2.7500000e+01;-6.8914019e-02;2.7500000e+01;-5.3413227e-02;2.7500000e+01;-1.1700050e-02;2.7500000e+01;6.3884959e-02;2.7500000e+01;1.6120335e-01;2.7500000e+01;2.3945969e-01;2.7500000e+01;2.6129231e-01;2.7500000e+01;2.2798690e-01;2.7500000e+01;1.7867021e-01;2.7500000e+01;2.2132729e-01;2.7500000e+01;1.9287729e-01;2.7500000e+01;1.4665812e-01;2.7500000e+01;9.4674103e-02;2.7500000e+01;4.8890680e-02;2.7500000e+01;7.0468709e-03;2.7500000e+01;-4.1711852e-02;2.7500000e+01;-8.1189252e-02;2.7500000e+01;-1.2618536e-01;2.7500000e+01;-6.8914019e-02;2.7500000e+01;-5.3413227e-02;2.7500000e+01;-1.1700050e-02;2.7500000e+01;6.3884959e-02;2.7500000e+01;1.6120335e-01;2.7500000e+01;2.3945969e-01;2.7500000e+01;2.6129231e-01;2.7500000e+01;2.2798690e-01;2.7500000e+01;1.7867021e-01;2.7500000e+01;2.2132729e-01;2.7500000e+01;1.9287729e-01;2.7500000e+01;1.4665812e-01;2.7500000e+01;9.4674103e-02;2.7500000e+01;4.8890680e-02;2.7500000e+01;7.0468709e-03;2.7500000e+01;-4.1711852e-02;2.7500000e+01;-8.1189252e-02;2.7500000e+01;-1.2618536e-01;2.7500000e+01;-6.8914019e-02;2.7500000e+01;-5.3413227e-02;2.7500000e+01;-1.1700050e-02;2.7500000e+01;6.3884959e-02;2.7500000e+01;1.6120335e-01;2.7500000e+01;2.3945969e-01;2.7500000e+01;2.6129231e-01;2.7500000e+01;2.2798690e-01;2.7500000e+01;1.7867021e-01;2.7500000e+01;2.2132729e-01;2.7500000e+01;1.9287729e-01;2.7500000e+01;1.4665812e-01;2.7500000e+01;9.4674103e-02;2.7500000e+01;4.8890680e-02;2.7500000e+01;7.0468709e-03;2.7500000e+01;-4.1711852e-02;2.7500000e+01;-8.1189252e-02;2.7500000e+01;-1.2618536e-01;2.7500000e+01;-6.8914019e-02;2.7500000e+01;-5.3413227e-02;2.7500000e+01;-1.1700050e-02;2.7500000e+01;6.3884959e-02;2.7500000e+01;1.6120335e-01;2.7500000e+01;2.3945969e-01;2.7500000e+01;2.6129231e-01;2.7500000e+01;2.2798690e-01;2.7500000e+01;1.7867021e-01;2.7500000e+01;2.2132729e-01;2.7500000e+01;1.9287729e-01;2.7500000e+01;1.4665812e-01;2.7500000e+01;9.4674103e-02;2.7500000e+01;4.8890680e-02;2.7500000e+01;7.0468709e-03;2.7500000e+01;-4.1711852e-02;2.7500000e+01;-8.1189252e-02;2.7500000e+01;-1.2618536e-01;2.7500000e+01;-6.8914019e-02;2.7500000e+01;-5.3413227e-02;2.7500000e+01;-1.1700050e-02;2.7500000e+01;6.3884959e-02;2.7500000e+01;1.6120335e-01;2.7500000e+01;2.3945969e-01;2.7500000e+01;2.6129231e-01;2.7500000e+01;2.2798690e-01;2.7500000e+01;1.7867021e-01;2.7500000e+01;2.2132729e-01;2.7500000e+01;1.9287729e-01;2.7500000e+01;1.4665812e-01;2.7500000e+01;9.4674103e-02;2.7500000e+01;4.8890680e-02;2.7500000e+01;7.0468709e-03;2.7500000e+01;-4.1711852e-02;2.7500000e+01;-8.1189252e-02;2.7500000e+01;-1.2618536e-01;2.7500000e+01;-6.8914019e-02;2.7500000e+01;-5.3413227e-02;2.7500000e+01;-1.1700050e-02;2.7500000e+01;6.3884959e-02;2.7500000e+01;1.6120335e-01;2.7500000e+01;2.3945969e-01;2.7500000e+01;2.6129231e-01;2.7500000e+01;2.2798690e-01;2.7500000e+01;1.7867021e-01;2.7500000e+01;2.2132729e-01;2.7500000e+01;1.9287729e-01;2.7500000e+01;1.4665812e-01;2.7500000e+01;9.4674103e-02;2.7500000e+01;4.8890680e-02;2.7500000e+01;7.0468709e-03;2.7500000e+01;-4.1711852e-02;2.7500000e+01;-8.1189252e-02;2.7500000e+01;-1.2618536e-01;2.7500000e+01;-6.8914019e-02;2.7500000e+01;-5.3413227e-02;2.7500000e+01;-1.1700050e-02;2.7500000e+01;6.3884959e-02;2.7500000e+01;1.6120335e-01;2.7500000e+01;2.3945969e-01;2.7500000e+01;2.6129231e-01;2.7500000e+01;2.2798690e-01;2.7500000e+01;1.7867021e-01;2.7500000e+01;2.2132729e-01;2.7500000e+01;1.9287729e-01;2.7500000e+01;1.4665812e-01;2.7500000e+01;9.4674103e-02;2.7500000e+01;4.8890680e-02;2.7500000e+01;7.0468709e-03;2.7500000e+01;-4.1711852e-02;2.7500000e+01;-8.1189252e-02;2.7500000e+01;-1.2618536e-01;2.7500000e+01;-6.8914019e-02;2.7500000e+01;-5.3413227e-02;2.7500000e+01;-1.1700050e-02;2.7500000e+01;6.3884959e-02;2.7500000e+01;1.6120335e-01;2.7500000e+01;2.3945969e-01;2.7500000e+01;2.6129231e-01;2.7500000e+01;2.2798690e-01;2.7500000e+01;1.7867021e-01;2.7500000e+01;2.2132729e-01;2.7500000e+01;1.9287729e-01;2.7500000e+01;1.4665812e-01;2.7500000e+01;9.4674103e-02;2.7500000e+01;4.8890680e-02;2.7500000e+01;7.0468709e-03;2.7500000e+01;-4.1711852e-02;2.7500000e+01;-8.1189252e-02;2.7500000e+01;-1.2618536e-01;2.7500000e+01;-6.8914019e-02;2.7500000e+01;-5.3413227e-02;2.7500000e+01;-1.1700050e-02;2.7500000e+01;6.3884959e-02;2.7500000e+01;1.6120335e-01;2.7500000e+01;2.3945969e-01;2.7500000e+01;2.6129231e-01;2.7500000e+01;2.2798690e-01;2.7500000e+01;1.7867021e-01;2.7500000e+01;2.2132729e-01;2.7500000e+01;1.9287729e-01;2.7500000e+01;1.4665812e-01;2.7500000e+01;9.4674103e-02;2.7500000e+01;4.8890680e-02;2.7500000e+01;7.0468709e-03;2.7500000e+01;-4.1711852e-02;2.7500000e+01;-8.1189252e-02;2.7500000e+01;-1.2618536e-01;2.7500000e+01;-6.8914019e-02;2.7500000e+01;-5.3413227e-02;2.7500000e+01;-1.1700050e-02;2.7500000e+01;6.3884959e-02;2.7500000e+01;1.6120335e-01;2.7500000e+01;2.3945969e-01;2.7500000e+01;2.6129231e-01;2.7500000e+01;2.2798690e-01;2.7500000e+01;1.7867021e-01;2.7500000e+01;2.2132729e-01;2.7500000e+01;1.9287729e-01;2.7500000e+01;1.4665812e-01;2.7500000e+01;9.4674103e-02;2.7500000e+01;4.8890680e-02;2.7500000e+01;7.0468709e-03;2.7500000e+01;-4.1711852e-02;2.7500000e+01;-8.1189252e-02;2.7500000e+01;-1.2618536e-01;2.7500000e+01;-6.8914019e-02;2.7500000e+01;-5.3413227e-02;2.7500000e+01;-1.1700050e-02;2.7500000e+01;6.3884959e-02;2.7500000e+01;1.6120335e-01;2.7500000e+01;2.3945969e-01;2.7500000e+01;2.6129231e-01;2.7500000e+01;2.2798690e-01;2.7500000e+01;1.7867021e-01;2.7500000e+01;2.2132729e-01;2.7500000e+01;1.9287729e-01;2.7500000e+01;1.4665812e-01;2.7500000e+01;9.4674103e-02;2.7500000e+01;4.8890680e-02;2.7500000e+01;7.0468709e-03;2.7500000e+01;-4.1711852e-02;2.7500000e+01;-8.1189252e-02;2.7500000e+01;-1.2618536e-01;2.7500000e+01;-6.8914019e-02;2.7500000e+01;-5.3413227e-02;2.7500000e+01;-1.1700050e-02;2.7500000e+01;6.3884959e-02;2.7500000e+01;1.6120335e-01;2.7500000e+01;2.3945969e-01;2.7500000e+01;2.6129231e-01;2.7500000e+01;2.2798690e-01;2.7500000e+01;1.7867021e-01;2.7500000e+01;2.2132729e-01;2.7500000e+01;1.9287729e-01;2.7500000e+01;1.4665812e-01;2.7500000e+01;9.4674103e-02;2.7500000e+01;4.8890680e-02;2.7500000e+01;7.0468709e-03;2.7500000e+01;-4.1711852e-02;2.7500000e+01;-8.1189252e-02;2.7500000e+01;-1.2618536e-01;2.7500000e+01;-6.8914019e-02;2.7500000e+01;-5.3413227e-02;2.7500000e+01;-1.1700050e-02;2.7500000e+01;6.3884959e-02;2.7500000e+01;1.6120335e-01;2.7500000e+01;2.3945969e-01;2.7500000e+01;2.6129231e-01;2.7500000e+01;2.2798690e-01;2.7500000e+01;1.7867021e-01;2.7500000e+01;2.2132729e-01;2.7500000e+01;1.9287729e-01;2.7500000e+01;1.4665812e-01;2.7500000e+01;9.4674103e-02;2.7500000e+01;4.8890680e-02;2.7500000e+01;7.0468709e-03;2.7500000e+01;-4.1711852e-02;2.7500000e+01;-8.1189252e-02;2.7500000e+01;-1.2618536e-01;2.7500000e+01;-6.8914019e-02;2.7500000e+01;-5.3413227e-02;2.7500000e+01;-1.1700050e-02;2.7500000e+01;6.3884959e-02;2.7500000e+01;1.6120335e-01;2.7500000e+01;2.3945969e-01;2.7500000e+01;2.6129231e-01;2.7500000e+01;2.2798690e-01;2.7500000e+01;1.7867021e-01;2.7500000e+01;2.2132729e-01;2.7500000e+01;1.9287729e-01;2.7500000e+01;1.4665812e-01;2.7500000e+01;9.4674103e-02;2.7500000e+01;4.8890680e-02;2.7500000e+01;7.0468709e-03;2.7500000e+01;-4.1711852e-02;2.7500000e+01;-8.1189252e-02;2.7500000e+01;-1.2618536e-01;2.7500000e+01;-6.8914019e-02;2.7500000e+01;-5.3413227e-02;2.7500000e+01;-1.1700050e-02;2.7500000e+01;6.3884959e-02;2.7500000e+01;1.6120335e-01;2.7500000e+01;2.3945969e-01;2.7500000e+01;2.6129231e-01;2.7500000e+01;2.2798690e-01;2.7500000e+01;1.7867021e-01;2.7500000e+01;2.2132729e-01;2.7500000e+01;1.9287729e-01;2.7500000e+01;1.4665812e-01;2.7500000e+01;9.4674103e-02;2.7500000e+01;4.8890680e-02;2.7500000e+01;7.0468709e-03;2.7500000e+01;-4.1711852e-02;2.7500000e+01;-8.1189252e-02;2.7500000e+01;-1.2618536e-01;2.7500000e+01;-6.8914019e-02;2.7500000e+01;-5.3413227e-02;2.7500000e+01;-1.1700050e-02;2.7500000e+01;6.3884959e-02;2.7500000e+01;1.6120335e-01;2.7500000e+01;2.3945969e-01;2.7500000e+01;2.6129231e-01;2.7500000e+01;2.2798690e-01;2.7500000e+01;1.7867021e-01;2.7500000e+01;2.2132729e-01;2.7500000e+01;1.9287729e-01;2.7500000e+01;1.4665812e-01;2.7500000e+01;9.4674103e-02;2.7500000e+01;4.8890680e-02;2.7500000e+01;7.0468709e-03;2.7500000e+01;-4.1711852e-02;2.7500000e+01;-8.1189252e-02;2.7500000e+01;-1.2618536e-01;2.7500000e+01;-6.8914019e-02;2.7500000e+01;-5.3413227e-02;2.7500000e+01;-1.1700050e-02;2.7500000e+01;6.3884959e-02;2.7500000e+01;1.6120335e-01;2.7500000e+01;2.3945969e-01;2.7500000e+01;2.6129231e-01;2.7500000e+01;2.2798690e-01;2.7500000e+01;1.7867021e-01;2.7500000e+01;2.2132729e-01;2.7500000e+01;1.9287729e-01;2.7500000e+01;1.4665812e-01;2.7500000e+01;9.4674103e-02;2.7500000e+01;4.8890680e-02;2.7500000e+01;7.0468709e-03;2.7500000e+01;-4.1711852e-02;2.7500000e+01;-8.1189252e-02;2.7500000e+01;-1.2618536e-01;2.7500000e+01;-6.8914019e-02;2.7500000e+01;-5.3413227e-02;2.7500000e+01;-1.1700050e-02;2.7500000e+01;6.3884959e-02;2.7500000e+01;1.6120335e-01;2.7500000e+01;2.3945969e-01;2.7500000e+01;2.6129231e-01;2.7500000e+01;2.2798690e-01;2.7500000e+01;1.7867021e-01;2.7500000e+01;2.2132729e-01;2.7500000e+01;1.9287729e-01;2.7500000e+01;1.4665812e-01;2.7500000e+01;9.4674103e-02;2.7500000e+01;4.8890680e-02;2.7500000e+01;7.0468709e-03;2.7500000e+01;-4.1711852e-02;2.7500000e+01;-8.1189252e-02;2.7500000e+01;-1.2618536e-01;2.7500000e+01;-6.8914019e-02;2.7500000e+01;-5.3413227e-02;2.7500000e+01;-1.1700050e-02;2.7500000e+01;6.3884959e-02;2.7500000e+01;1.6120335e-01;2.7500000e+01;2.3945969e-01;2.7500000e+01;2.6129231e-01;2.7500000e+01;2.2798690e-01;2.7500000e+01;1.7867021e-01;2.7500000e+01;2.2132729e-01;2.7500000e+01;1.9287729e-01;2.7500000e+01;1.4665812e-01;2.7500000e+01;9.4674103e-02;2.7500000e+01;4.8890680e-02;2.7500000e+01;7.0468709e-03;2.7500000e+01;-4.1711852e-02;2.7500000e+01;-8.1189252e-02;2.7500000e+01;-1.2618536e-01;2.7500000e+01;-6.8914019e-02;2.7500000e+01;-5.3413227e-02;2.7500000e+01;-1.1700050e-02;2.7500000e+01;6.3884959e-02;2.7500000e+01;1.6120335e-01;2.7500000e+01;2.3945969e-01;2.7500000e+01;2.6129231e-01;2.7500000e+01;2.2798690e-01;2.7500000e+01;1.7867021e-01;2.7500000e+01;2.2132729e-01;2.7500000e+01;1.9287729e-01;2.7500000e+01;1.4665812e-01;2.7500000e+01;9.4674103e-02;2.7500000e+01;4.8890680e-02;2.7500000e+01;7.0468709e-03;2.7500000e+01;-4.1711852e-02;2.7500000e+01;-8.1189252e-02;2.7500000e+01;-1.2618536e-01;2.7500000e+01;-6.8914019e-02;2.7500000e+01;-5.3413227e-02;2.7500000e+01;-1.1700050e-02;2.7500000e+01;6.3884959e-02;2.7500000e+01;1.6120335e-01;2.7500000e+01;2.3945969e-01;2.7500000e+01;2.6129231e-01;2.7500000e+01;2.2798690e-01;2.7500000e+01;1.7867021e-01;2.7500000e+01;2.2132729e-01;2.7500000e+01;1.9287729e-01;2.7500000e+01;1.4665812e-01;2.7500000e+01;9.4674103e-02;2.7500000e+01;4.8890680e-02;2.7500000e+01;7.0468709e-03;2.7500000e+01;-4.1711852e-02;2.7500000e+01;-8.1189252e-02;2.7500000e+01;-1.2618536e-01;2.7500000e+01;-6.8914019e-02;2.7500000e+01;-5.3413227e-02;2.7500000e+01;-1.1700050e-02;2.7500000e+01;6.3884959e-02;2.7500000e+01;1.6120335e-01;2.7500000e+01;2.3945969e-01;2.7500000e+01;2.6129231e-01;2.7500000e+01;2.2798690e-01;2.7500000e+01;1.7867021e-01;2.7500000e+01;2.2132729e-01;2.7500000e+01;1.9287729e-01;2.7500000e+01;1.4665812e-01;2.7500000e+01;9.4674103e-02;2.7500000e+01;4.8890680e-02;2.7500000e+01;7.0468709e-03;2.7500000e+01;-4.1711852e-02;2.7500000e+01;-8.1189252e-02;2.7500000e+01;-1.2618536e-01;2.7500000e+01;-6.8914019e-02;2.7500000e+01;-5.3413227e-02;2.7500000e+01;-1.1700050e-02;2.7500000e+01;6.3884959e-02;2.7500000e+01;1.6120335e-01;2.7500000e+01;2.3945969e-01;2.7500000e+01;2.6129231e-01;2.7500000e+01;2.2798690e-01;2.7500000e+01;1.7867021e-01;2.7500000e+01;2.2132729e-01;2.7500000e+01;1.9287729e-01;2.7500000e+01;1.4665812e-01;2.7500000e+01;9.4674103e-02;2.7500000e+01;4.8890680e-02;2.7500000e+01;7.0468709e-03;2.7500000e+01;-4.1711852e-02;2.7500000e+01;-8.1189252e-02;2.7500000e+01;-1.2618536e-01;2.7500000e+01;-6.8914019e-02;2.7500000e+01;-5.3413227e-02;2.7500000e+01;-1.1700050e-02;2.7500000e+01;6.3884959e-02;2.7500000e+01;1.6120335e-01;2.7500000e+01;2.3945969e-01;2.7500000e+01;2.6129231e-01;2.7500000e+01;2.2798690e-01;2.7500000e+01;1.7867021e-01;2.7500000e+01;2.2132729e-01;2.7500000e+01;1.9287729e-01;2.7500000e+01;1.4665812e-01;2.7500000e+01;9.4674103e-02;2.7500000e+01;4.8890680e-02;2.7500000e+01;7.0468709e-03;2.7500000e+01;-4.1711852e-02;2.7500000e+01;-8.1189252e-02;2.7500000e+01;-1.2618536e-01;2.7500000e+01;-6.8914019e-02;2.7500000e+01;-5.3413227e-02;2.7500000e+01;-1.1700050e-02;2.7500000e+01;6.3884959e-02;2.7500000e+01;1.6120335e-01;2.7500000e+01;2.3945969e-01;2.7500000e+01;2.6129231e-01;2.7500000e+01;2.2798690e-01;2.7500000e+01;1.7867021e-01;2.7500000e+01;2.2132729e-01;2.7500000e+01;1.9287729e-01;2.7500000e+01;1.4665812e-01;2.7500000e+01;9.4674103e-02;2.7500000e+01;4.8890680e-02;2.7500000e+01;7.0468709e-03;2.7500000e+01;-4.1711852e-02;2.7500000e+01;-8.1189252e-02;2.7500000e+01;-1.2618536e-01;2.7500000e+01;-6.8914019e-02;2.7500000e+01;-5.3413227e-02;2.7500000e+01;-1.1700050e-02;2.7500000e+01;6.3884959e-02;2.7500000e+01;1.6120335e-01;2.7500000e+01;2.3945969e-01;2.7500000e+01;2.6129231e-01;2.7500000e+01;2.2798690e-01;2.7500000e+01;1.7867021e-01;2.7500000e+01;2.2132729e-01;2.7500000e+01;1.9287729e-01;2.7500000e+01;1.4665812e-01;2.7500000e+01;9.4674103e-02;2.7500000e+01;4.8890680e-02;2.7500000e+01;7.0468709e-03;2.7500000e+01;-4.1711852e-02;2.7500000e+01;-8.1189252e-02;2.7500000e+01;-1.2618536e-01;2.7500000e+01;-6.8914019e-02;2.7500000e+01;-5.3413227e-02;2.7500000e+01;-1.1700050e-02;2.7500000e+01;6.3884959e-02;2.7500000e+01;1.6120335e-01;2.7500000e+01;2.3945969e-01;2.7500000e+01;2.6129231e-01;2.7500000e+01;2.2798690e-01;2.7500000e+01;1.7867021e-01;2.7500000e+01;2.2132729e-01;2.7500000e+01;1.9287729e-01;2.7500000e+01;1.4665812e-01;2.7500000e+01;9.4674103e-02;2.7500000e+01;4.8890680e-02;2.7500000e+01;7.0468709e-03;2.7500000e+01;-4.1711852e-02;2.7500000e+01;-8.1189252e-02;2.7500000e+01;-1.2618536e-01;2.7500000e+01;-6.8914019e-02;2.7500000e+01;-5.3413227e-02;2.7500000e+01;-1.1700050e-02;2.7500000e+01;6.3884959e-02;2.7500000e+01;1.6120335e-01;2.7500000e+01;2.3945969e-01;2.7500000e+01;2.6129231e-01;2.7500000e+01;2.2798690e-01;2.7500000e+01;1.7867021e-01;2.7500000e+01;2.2132729e-01;2.7500000e+01;1.9287729e-01;2.7500000e+01;1.4665812e-01;2.7500000e+01;9.4674103e-02;2.7500000e+01;4.8890680e-02;2.7500000e+01;7.0468709e-03;2.7500000e+01;-4.1711852e-02;2.7500000e+01;-8.1189252e-02;2.7500000e+01;-1.2618536e-01;2.7500000e+01;-6.8914019e-02;2.7500000e+01;-5.3413227e-02;2.7500000e+01;-1.1700050e-02;2.7500000e+01;6.3884959e-02;2.7500000e+01;1.6120335e-01;2.7500000e+01;2.3945969e-01;2.7500000e+01;2.6129231e-01;2.7500000e+01;2.2798690e-01;2.7500000e+01;1.7867021e-01;2.7500000e+01;2.2132729e-01;2.7500000e+01;1.9287729e-01;2.7500000e+01;1.4665812e-01;2.7500000e+01;9.4674103e-02;2.7500000e+01;4.8890680e-02;2.7500000e+01;7.0468709e-03;2.7500000e+01;-4.1711852e-02;2.7500000e+01;-8.1189252e-02;2.7500000e+01;-1.2618536e-01;2.7500000e+01;-6.8914019e-02;2.7500000e+01;-5.3413227e-02;2.7500000e+01;-1.1700050e-02;2.7500000e+01;6.3884959e-02;2.7500000e+01;1.6120335e-01;2.7500000e+01;2.3945969e-01;2.7500000e+01;2.6129231e-01;2.7500000e+01;2.2798690e-01;2.7500000e+01;1.7867021e-01;2.7500000e+01;2.2132729e-01;2.7500000e+01;1.9287729e-01;2.7500000e+01;1.4665812e-01;2.7500000e+01;9.4674103e-02;2.7500000e+01;4.8890680e-02;2.7500000e+01;7.0468709e-03;2.7500000e+01;-4.1711852e-02;2.7500000e+01;-8.1189252e-02;2.7500000e+01;-1.2618536e-01;2.7500000e+01;-6.8914019e-02;2.7500000e+01;-5.3413227e-02;2.7500000e+01;-1.1700050e-02;2.7500000e+01;6.3884959e-02;2.7500000e+01;1.6120335e-01;2.7500000e+01;2.3945969e-01;2.7500000e+01;2.6129231e-01;2.7500000e+01;2.2798690e-01;2.7500000e+01;1.7867021e-01;2.7500000e+01;2.2132729e-01;2.7500000e+01;1.9287729e-01;2.7500000e+01;1.4665812e-01;2.7500000e+01;9.4674103e-02;2.7500000e+01;4.8890680e-02;2.7500000e+01;7.0468709e-03;2.7500000e+01;-4.1711852e-02;2.7500000e+01;-8.1189252e-02;2.7500000e+01;-1.2618536e-01;2.7500000e+01;-6.8914019e-02;2.7500000e+01;-5.3413227e-02;2.7500000e+01;-1.1700050e-02;2.7500000e+01;6.3884959e-02;2.7500000e+01;1.6120335e-01;2.7500000e+01;2.3945969e-01;2.7500000e+01;2.6129231e-01;2.7500000e+01;2.2798690e-01;2.7500000e+01;1.7867021e-01;2.7500000e+01;2.2132729e-01;2.7500000e+01;1.9287729e-01;2.7500000e+01;1.4665812e-01;2.7500000e+01;9.4674103e-02;2.7500000e+01;4.8890680e-02;2.7500000e+01;7.0468709e-03;2.7500000e+01;-4.1711852e-02;2.7500000e+01;-8.1189252e-02;2.7500000e+01;-1.2618536e-01;2.7500000e+01;-6.8914019e-02;2.7500000e+01;-5.3413227e-02;2.7500000e+01;-1.1700050e-02;2.7500000e+01;6.3884959e-02;2.7500000e+01;1.6120335e-01;2.7500000e+01;2.3945969e-01;2.7500000e+01;2.6129231e-01;2.7500000e+01;2.2798690e-01;2.7500000e+01;1.7867021e-01;2.7500000e+01;2.2132729e-01;2.7500000e+01;1.9287729e-01;2.7500000e+01;1.4665812e-01;2.7500000e+01;9.4674103e-02;2.7500000e+01;4.8890680e-02;2.7500000e+01;7.0468709e-03;2.7500000e+01;-4.1711852e-02;2.7500000e+01;-8.1189252e-02;2.7500000e+01;-1.2618536e-01;2.7500000e+01;-6.8914019e-02;2.7500000e+01;-5.3413227e-02;2.7500000e+01;-1.1700050e-02;2.7500000e+01;6.3884959e-02;2.7500000e+01;1.6120335e-01;2.7500000e+01;2.3945969e-01;2.7500000e+01;2.6129231e-01;2.7500000e+01;2.2798690e-01;2.7500000e+01;1.7867021e-01;2.7500000e+01;2.2132729e-01;2.7500000e+01;1.9287729e-01;2.7500000e+01;1.4665812e-01;2.7500000e+01;9.4674103e-02;2.7500000e+01;4.8890680e-02;2.7500000e+01;7.0468709e-03;2.7500000e+01;-4.1711852e-02;2.7500000e+01;-8.1189252e-02;2.7500000e+01;-1.2618536e-01;2.7500000e+01;-6.8914019e-02;2.7500000e+01;-5.3413227e-02;2.7500000e+01;-1.1700050e-02;2.7500000e+01;6.3884959e-02;2.7500000e+01;1.6120335e-01;2.7500000e+01;2.3945969e-01;2.7500000e+01;2.6129231e-01;2.7500000e+01;2.2798690e-01;2.7500000e+01;1.7867021e-01;2.7500000e+01;2.2132729e-01;2.7500000e+01;1.9287729e-01;2.7500000e+01;1.4665812e-01;2.7500000e+01;9.4674103e-02;2.7500000e+01;4.8890680e-02;2.7500000e+01;7.0468709e-03;2.7500000e+01;-4.1711852e-02;2.7500000e+01;-8.1189252e-02;2.7500000e+01;-1.2618536e-01;2.7500000e+01;-6.8914019e-02;2.7500000e+01;-5.3413227e-02;2.7500000e+01;-1.1700050e-02;2.7500000e+01;6.3884959e-02;2.7500000e+01;1.6120335e-01;2.7500000e+01;2.3945969e-01;2.7500000e+01;2.6129231e-01;2.7500000e+01;2.2798690e-01;2.7500000e+01;1.7867021e-01;2.7500000e+01;2.2132729e-01;2.7500000e+01;1.9287729e-01;2.7500000e+01;1.4665812e-01;2.7500000e+01;9.4674103e-02;2.7500000e+01;4.8890680e-02;2.7500000e+01;7.0468709e-03;2.7500000e+01;-4.1711852e-02;2.7500000e+01;-8.1189252e-02;2.7500000e+01;-1.2618536e-01;2.7500000e+01;-6.8914019e-02;2.7500000e+01;-5.3413227e-02;2.7500000e+01;-1.1700050e-02;2.7500000e+01;6.3884959e-02;2.7500000e+01;1.6120335e-01;2.7500000e+01;2.3945969e-01;2.7500000e+01;2.6129231e-01;2.7500000e+01;2.2798690e-01;2.7500000e+01;1.7867021e-01;2.7500000e+01;2.2132729e-01;2.7500000e+01;1.9287729e-01;2.7500000e+01;1.4665812e-01;2.7500000e+01;9.4674103e-02;2.7500000e+01;4.8890680e-02;2.7500000e+01;7.0468709e-03;2.7500000e+01;-4.1711852e-02;2.7500000e+01;-8.1189252e-02;2.7500000e+01;-1.2618536e-01;2.7500000e+01;-6.8914019e-02;2.7500000e+01;-5.3413227e-02;2.7500000e+01;-1.1700050e-02;2.7500000e+01;6.3884959e-02;2.7500000e+01;1.6120335e-01;2.7500000e+01;2.3945969e-01;2.7500000e+01;2.6129231e-01;2.7500000e+01;2.2798690e-01;2.7500000e+01;1.7867021e-01;2.7500000e+01;2.2132729e-01;2.7500000e+01;1.9287729e-01;2.7500000e+01;1.4665812e-01;2.7500000e+01;9.4674103e-02;2.7500000e+01;4.8890680e-02;2.7500000e+01;7.0468709e-03;2.7500000e+01;-4.1711852e-02;2.7500000e+01;-8.1189252e-02;2.7500000e+01;-1.2618536e-01;2.7500000e+01;-6.8914019e-02;2.7500000e+01;-5.3413227e-02;2.7500000e+01;-1.1700050e-02;2.7500000e+01;6.3884959e-02;2.7500000e+01;1.6120335e-01;2.7500000e+01;2.3945969e-01;2.7500000e+01;2.6129231e-01;2.7500000e+01;2.2798690e-01;2.7500000e+01;1.7867021e-01;2.7500000e+01;2.2132729e-01;2.7500000e+01;1.9287729e-01;2.7500000e+01;1.4665812e-01;2.7500000e+01;9.4674103e-02;2.7500000e+01;4.8890680e-02;2.7500000e+01;7.0468709e-03;2.7500000e+01;-4.1711852e-02;2.7500000e+01;-8.1189252e-02;2.7500000e+01;-1.2618536e-01;2.7500000e+01;-6.8914019e-02;2.7500000e+01;-5.3413227e-02;2.7500000e+01;-1.1700050e-02;2.7500000e+01;6.3884959e-02;2.7500000e+01;1.6120335e-01;2.7500000e+01;2.3945969e-01;2.7500000e+01;2.6129231e-01;2.7500000e+01;2.2798690e-01;2.7500000e+01;1.7867021e-01;2.7500000e+01;2.2132729e-01;2.7500000e+01;1.9287729e-01;2.7500000e+01;1.4665812e-01;2.7500000e+01;9.4674103e-02;2.7500000e+01;4.8890680e-02;2.7500000e+01;7.0468709e-03;2.7500000e+01;-4.1711852e-02;2.7500000e+01;-8.1189252e-02;2.7500000e+01;-1.2618536e-01;2.7500000e+01;-6.8914019e-02;2.7500000e+01;-5.3413227e-02;2.7500000e+01;-1.1700050e-02;2.7500000e+01;6.3884959e-02;2.7500000e+01;1.6120335e-01;2.7500000e+01;2.3945969e-01;2.7500000e+01;2.6129231e-01;2.7500000e+01;2.2798690e-01;2.7500000e+01;1.7867021e-01;2.7500000e+01;2.2132729e-01;2.7500000e+01;1.9287729e-01;2.7500000e+01;1.4665812e-01;2.7500000e+01;9.4674103e-02;2.7500000e+01;4.8890680e-02;2.7500000e+01;7.0468709e-03;2.7500000e+01;-4.1711852e-02;2.7500000e+01;-8.1189252e-02;2.7500000e+01;-1.2618536e-01;2.7500000e+01;-6.8914019e-02;2.7500000e+01;-5.3413227e-02;2.7500000e+01;-1.1700050e-02;2.7500000e+01;6.3884959e-02;2.7500000e+01;1.6120335e-01;2.7500000e+01;2.3945969e-01;2.7500000e+01;2.6129231e-01;2.7500000e+01;2.2798690e-01;2.7500000e+01;1.7867021e-01;2.7500000e+01;2.2132729e-01;2.7500000e+01;1.9287729e-01;2.7500000e+01;1.4665812e-01;2.7500000e+01;9.4674103e-02;2.7500000e+01;4.8890680e-02;2.7500000e+01;7.0468709e-03;2.7500000e+01;-4.1711852e-02;2.7500000e+01;-8.1189252e-02;2.7500000e+01;-1.2618536e-01;2.7500000e+01;-6.8914019e-02;2.7500000e+01;-5.3413227e-02;2.7500000e+01;-1.1700050e-02;2.7500000e+01;6.3884959e-02;2.7500000e+01;1.6120335e-01;2.7500000e+01;2.3945969e-01;2.7500000e+01;2.6129231e-01;2.7500000e+01;2.2798690e-01;2.7500000e+01;1.7867021e-01;2.7500000e+01;2.2132729e-01;2.7500000e+01;1.9287729e-01;2.7500000e+01;1.4665812e-01;2.7500000e+01;9.4674103e-02;2.7500000e+01;4.8890680e-02;2.7500000e+01;7.0468709e-03;2.7500000e+01;-4.1711852e-02;2.7500000e+01;-8.1189252e-02;2.7500000e+01;-1.2618536e-01;2.7500000e+01;-6.8914019e-02;2.7500000e+01;-5.3413227e-02;2.7500000e+01;-1.1700050e-02;2.7500000e+01;6.3884959e-02;2.7500000e+01;1.6120335e-01;2.7500000e+01;2.3945969e-01;2.7500000e+01;2.6129231e-01;2.7500000e+01;2.2798690e-01;2.7500000e+01;1.7867021e-01;2.7500000e+01;2.2132729e-01;2.7500000e+01;1.9287729e-01;2.7500000e+01;1.4665812e-01;2.7500000e+01;9.4674103e-02;2.7500000e+01;4.8890680e-02;2.7500000e+01;7.0468709e-03;2.7500000e+01;-4.1711852e-02;2.7500000e+01;-8.1189252e-02;2.7500000e+01;-1.2618536e-01;2.7500000e+01;-6.8914019e-02;2.7500000e+01;-5.3413227e-02;2.7500000e+01;-1.1700050e-02;2.7500000e+01;6.3884959e-02;2.7500000e+01;1.6120335e-01;2.7500000e+01;2.3945969e-01;2.7500000e+01;2.6129231e-01;2.7500000e+01;2.2798690e-01;2.7500000e+01;1.7867021e-01;2.7500000e+01;2.2132729e-01;2.7500000e+01;1.9287729e-01;2.7500000e+01;1.4665812e-01;2.7500000e+01;9.4674103e-02;2.7500000e+01;4.8890680e-02;2.7500000e+01;7.0468709e-03;2.7500000e+01;-4.1711852e-02;2.7500000e+01;-8.1189252e-02;2.7500000e+01;-1.2618536e-01;2.7500000e+01;-6.8914019e-02;2.7500000e+01;-5.3413227e-02;2.7500000e+01;-1.1700050e-02;2.7500000e+01;6.3884959e-02;2.7500000e+01;1.6120335e-01;2.7500000e+01;2.3945969e-01;2.7500000e+01;2.6129231e-01;2.7500000e+01;2.2798690e-01;2.7500000e+01;1.7867021e-01;2.7500000e+01;2.2132729e-01;2.7500000e+01;1.9287729e-01;2.7500000e+01;1.4665812e-01;2.7500000e+01;9.4674103e-02;2.7500000e+01;4.8890680e-02;2.7500000e+01;7.0468709e-03;2.7500000e+01;-4.1711852e-02;2.7500000e+01;-8.1189252e-02;2.7500000e+01;-1.2618536e-01;2.7500000e+01;-6.8914019e-02;2.7500000e+01;-5.3413227e-02;2.7500000e+01;-1.1700050e-02;2.7500000e+01;6.3884959e-02;2.7500000e+01;1.6120335e-01;2.7500000e+01;2.3945969e-01;2.7500000e+01;2.6129231e-01;2.7500000e+01;2.2798690e-01;2.7500000e+01;1.7867021e-01;2.7500000e+01;2.2132729e-01;2.7500000e+01;1.9287729e-01;2.7500000e+01;1.4665812e-01;2.7500000e+01;9.4674103e-02;2.7500000e+01;4.8890680e-02;2.7500000e+01;7.0468709e-03;2.7500000e+01;-4.1711852e-02;2.7500000e+01;-8.1189252e-02;2.7500000e+01;-1.2618536e-01;2.7500000e+01;-6.8914019e-02;2.7500000e+01;-5.3413227e-02;2.7500000e+01;-1.1700050e-02;2.7500000e+01;6.3884959e-02;2.7500000e+01;1.6120335e-01;2.7500000e+01;2.3945969e-01;2.7500000e+01;2.6129231e-01;2.7500000e+01;2.2798690e-01;2.7500000e+01;1.7867021e-01;2.7500000e+01;2.2132729e-01;2.7500000e+01;1.9287729e-01;2.7500000e+01;1.4665812e-01;2.7500000e+01;9.4674103e-02;2.7500000e+01;4.8890680e-02;2.7500000e+01;7.0468709e-03;2.7500000e+01;-4.1711852e-02;2.7500000e+01;-8.1189252e-02;2.7500000e+01;-1.2618536e-01;2.7500000e+01;-6.8914019e-02;2.7500000e+01;-5.3413227e-02;2.7500000e+01;-1.1700050e-02;2.7500000e+01;6.3884959e-02;2.7500000e+01;1.6120335e-01;2.7500000e+01;2.3945969e-01;2.7500000e+01;2.6129231e-01;2.7500000e+01;2.2798690e-01;2.7500000e+01;1.7867021e-01;2.7500000e+01;2.2132729e-01;2.7500000e+01;1.9287729e-01;2.7500000e+01;1.4665812e-01;2.7500000e+01;9.4674103e-02;2.7500000e+01;4.8890680e-02;2.7500000e+01;7.0468709e-03;2.7500000e+01;-4.1711852e-02;2.7500000e+01;-8.1189252e-02;2.7500000e+01;-1.2618536e-01;2.7500000e+01;-6.8914019e-02;2.7500000e+01;-5.3413227e-02;2.7500000e+01;-1.1700050e-02;2.7500000e+01;6.3884959e-02;2.7500000e+01;1.6120335e-01;2.7500000e+01;2.3945969e-01;2.7500000e+01;2.6129231e-01;2.7500000e+01;2.2798690e-01;2.7500000e+01;1.7867021e-01;2.7500000e+01;2.2132729e-01;2.7500000e+01;1.9287729e-01;2.7500000e+01;1.4665812e-01;2.7500000e+01;9.4674103e-02;2.7500000e+01;4.8890680e-02;2.7500000e+01;7.0468709e-03;2.7500000e+01;-4.1711852e-02;2.7500000e+01;-8.1189252e-02;2.7500000e+01;-1.2618536e-01;2.7500000e+01;-6.8914019e-02;2.7500000e+01;-5.3413227e-02;2.7500000e+01;-1.1700050e-02;2.7500000e+01;6.3884959e-02;2.7500000e+01;1.6120335e-01;2.7500000e+01;2.3945969e-01;2.7500000e+01;2.6129231e-01;2.7500000e+01;2.2798690e-01;2.7500000e+01;1.7867021e-01;2.7500000e+01;2.2132729e-01;2.7500000e+01;1.9287729e-01;2.7500000e+01;1.4665812e-01;2.7500000e+01;9.4674103e-02;2.7500000e+01;4.8890680e-02;2.7500000e+01;7.0468709e-03;2.7500000e+01;-4.1711852e-02;2.7500000e+01;-8.1189252e-02;2.7500000e+01;-1.2618536e-01;2.7500000e+01;-6.8914019e-02;2.7500000e+01;-5.3413227e-02;2.7500000e+01;-1.1700050e-02;2.7500000e+01;6.3884959e-02;2.7500000e+01;1.6120335e-01;2.7500000e+01;2.3945969e-01;2.7500000e+01;2.6129231e-01;2.7500000e+01;2.2798690e-01;2.7500000e+01;1.7867021e-01;2.7500000e+01;2.2132729e-01;2.7500000e+01;1.9287729e-01;2.7500000e+01;1.4665812e-01;2.7500000e+01;9.4674103e-02;2.7500000e+01;4.8890680e-02;2.7500000e+01;7.0468709e-03;2.7500000e+01;-4.1711852e-02;2.7500000e+01;-8.1189252e-02;2.7500000e+01;-1.2618536e-01;2.7500000e+01;-6.8914019e-02;2.7500000e+01;-5.3413227e-02;2.7500000e+01;-1.1700050e-02;2.7500000e+01;6.3884959e-02;2.7500000e+01;1.6120335e-01;2.7500000e+01;2.3945969e-01;2.7500000e+01;2.6129231e-01;2.7500000e+01;2.2798690e-01;2.7500000e+01;1.7867021e-01;2.7500000e+01;2.2132729e-01;2.7500000e+01;1.9287729e-01;2.7500000e+01;1.4665812e-01;2.7500000e+01;9.4674103e-02;2.7500000e+01;4.8890680e-02;2.7500000e+01;7.0468709e-03;2.7500000e+01;-4.1711852e-02;2.7500000e+01;-8.1189252e-02;2.7500000e+01;-1.2618536e-01;2.7500000e+01;-6.8914019e-02;2.7500000e+01;-5.3413227e-02;2.7500000e+01;-1.1700050e-02;2.7500000e+01;6.3884959e-02;2.7500000e+01;1.6120335e-01;2.7500000e+01;2.3945969e-01;2.7500000e+01;2.6129231e-01;2.7500000e+01;2.2798690e-01;2.7500000e+01;1.7867021e-01;2.7500000e+01;2.2132729e-01;2.7500000e+01;1.9287729e-01;2.7500000e+01;1.4665812e-01;2.7500000e+01;9.4674103e-02;2.7500000e+01;4.8890680e-02;2.7500000e+01;7.0468709e-03;2.7500000e+01;-4.1711852e-02;2.7500000e+01;-8.1189252e-02;2.7500000e+01;-1.2618536e-01;2.7500000e+01;-6.8914019e-02;2.7500000e+01;-5.3413227e-02;2.7500000e+01;-1.1700050e-02;2.7500000e+01;6.3884959e-02;2.7500000e+01;1.6120335e-01;2.7500000e+01;2.3945969e-01;2.7500000e+01;2.6129231e-01;2.7500000e+01;2.2798690e-01;2.7500000e+01;1.7867021e-01;2.7500000e+01;2.2132729e-01;2.7500000e+01;1.9287729e-01;2.7500000e+01;1.4665812e-01;2.7500000e+01;9.4674103e-02;2.7500000e+01;4.8890680e-02;2.7500000e+01;7.0468709e-03;2.7500000e+01;-4.1711852e-02;2.7500000e+01;-8.1189252e-02;2.7500000e+01;-1.2618536e-01;2.7500000e+01;-6.8914019e-02;2.7500000e+01;-5.3413227e-02;2.7500000e+01;-1.1700050e-02;2.7500000e+01;6.3884959e-02;2.7500000e+01;1.6120335e-01;2.7500000e+01;2.3945969e-01;2.7500000e+01;2.6129231e-01;2.7500000e+01;2.2798690e-01;2.7500000e+01;1.7867021e-01;2.7500000e+01;2.2132729e-01;2.7500000e+01;1.9287729e-01;2.7500000e+01;1.4665812e-01;2.7500000e+01;9.4674103e-02;2.7500000e+01;4.8890680e-02;2.7500000e+01;7.0468709e-03;2.7500000e+01;-4.1711852e-02;2.7500000e+01;-8.1189252e-02;2.7500000e+01;-1.2618536e-01;2.7500000e+01;-6.8914019e-02;2.7500000e+01;-5.3413227e-02;2.7500000e+01;-1.1700050e-02;2.7500000e+01;6.3884959e-02;2.7500000e+01;1.6120335e-01;2.7500000e+01;2.3945969e-01;2.7500000e+01;2.6129231e-01;2.7500000e+01;2.2798690e-01;2.7500000e+01;1.7867021e-01;2.7500000e+01;2.2132729e-01;2.7500000e+01;1.9287729e-01;2.7500000e+01;1.4665812e-01;2.7500000e+01;9.4674103e-02;2.7500000e+01;4.8890680e-02;2.7500000e+01;7.0468709e-03;2.7500000e+01;-4.1711852e-02;2.7500000e+01;-8.1189252e-02;2.7500000e+01;-1.2618536e-01;2.7500000e+01;-6.8914019e-02;2.7500000e+01;-5.3413227e-02;2.7500000e+01;-1.1700050e-02;2.7500000e+01;6.3884959e-02;2.7500000e+01;1.6120335e-01;2.7500000e+01;2.3945969e-01;2.7500000e+01;2.6129231e-01;2.7500000e+01;2.2798690e-01;2.7500000e+01;1.7867021e-01;2.7500000e+01;2.2132729e-01;2.7500000e+01;1.9287729e-01;2.7500000e+01;1.4665812e-01;2.7500000e+01;9.4674103e-02;2.7500000e+01;4.8890680e-02;2.7500000e+01;7.0468709e-03;2.7500000e+01;-4.1711852e-02;2.7500000e+01;-8.1189252e-02;2.7500000e+01;-1.2618536e-01;2.7500000e+01;-6.8914019e-02;2.7500000e+01;-5.3413227e-02;2.7500000e+01;-1.1700050e-02;2.7500000e+01;6.3884959e-02;2.7500000e+01;1.6120335e-01;2.7500000e+01;2.3945969e-01;2.7500000e+01;2.6129231e-01;2.7500000e+01;2.2798690e-01;2.7500000e+01;1.7867021e-01;2.7500000e+01;2.2132729e-01;2.7500000e+01;1.9287729e-01;2.7500000e+01;1.4665812e-01;2.7500000e+01;9.4674103e-02;2.7500000e+01;4.8890680e-02;2.7500000e+01;7.0468709e-03;2.7500000e+01;-4.1711852e-02;2.7500000e+01;-8.1189252e-02;2.7500000e+01;-1.2618536e-01;2.7500000e+01;-6.8914019e-02;2.7500000e+01;-5.3413227e-02;2.7500000e+01;-1.1700050e-02;2.7500000e+01;6.3884959e-02;2.7500000e+01;1.6120335e-01;2.7500000e+01;2.3945969e-01;2.7500000e+01;2.6129231e-01;2.7500000e+01;2.2798690e-01;2.7500000e+01;1.7867021e-01;2.7500000e+01;2.2132729e-01;2.7500000e+01;1.9287729e-01;2.7500000e+01;1.4665812e-01;2.7500000e+01;9.4674103e-02;2.7500000e+01;4.8890680e-02;2.7500000e+01;7.0468709e-03;2.7500000e+01;-4.1711852e-02;2.7500000e+01;-8.1189252e-02;2.7500000e+01;-1.2618536e-01;2.7500000e+01;-6.8914019e-02;2.7500000e+01;-5.3413227e-02;2.7500000e+01;-1.1700050e-02;2.7500000e+01;6.3884959e-02;2.7500000e+01;1.6120335e-01;2.7500000e+01;2.3945969e-01;2.7500000e+01;2.6129231e-01;2.7500000e+01;2.2798690e-01;2.7500000e+01;1.7867021e-01;2.7500000e+01;2.2132729e-01;2.7500000e+01;1.9287729e-01;2.7500000e+01;1.4665812e-01;2.7500000e+01;9.4674103e-02;2.7500000e+01;4.8890680e-02;2.7500000e+01;7.0468709e-03;2.7500000e+01;-4.1711852e-02;2.7500000e+01;-8.1189252e-02;2.7500000e+01;-1.2618536e-01;2.7500000e+01;-6.8914019e-02;2.7500000e+01;-5.3413227e-02;2.7500000e+01;-1.1700050e-02;2.7500000e+01;6.3884959e-02;2.7500000e+01;1.6120335e-01;2.7500000e+01;2.3945969e-01;2.7500000e+01;2.6129231e-01;2.7500000e+01;2.2798690e-01;2.7500000e+01;1.7867021e-01;2.7500000e+01;2.2132729e-01;2.7500000e+01;1.9287729e-01;2.7500000e+01;1.4665812e-01;2.7500000e+01;9.4674103e-02;2.7500000e+01;4.8890680e-02;2.7500000e+01;7.0468709e-03;2.7500000e+01;-4.1711852e-02;2.7500000e+01;-8.1189252e-02;2.7500000e+01;-1.2618536e-01;2.7500000e+01;-6.8914019e-02;2.7500000e+01;-5.3413227e-02;2.7500000e+01;-1.1700050e-02;2.7500000e+01;6.3884959e-02;2.7500000e+01;1.6120335e-01;2.7500000e+01;2.3945969e-01;2.7500000e+01;2.6129231e-01;2.7500000e+01;2.2798690e-01;2.7500000e+01;1.7867021e-01;2.7500000e+01;2.2132729e-01;2.7500000e+01;1.9287729e-01;2.7500000e+01;1.4665812e-01;2.7500000e+01;9.4674103e-02;2.7500000e+01;4.8890680e-02;2.7500000e+01;7.0468709e-03;2.7500000e+01;-4.1711852e-02;2.7500000e+01;-8.1189252e-02;2.7500000e+01;-1.2618536e-01;2.7500000e+01;-6.8914019e-02;2.7500000e+01;-5.3413227e-02;2.7500000e+01;-1.1700050e-02;2.7500000e+01;6.3884959e-02;2.7500000e+01;1.6120335e-01;2.7500000e+01;2.3945969e-01;2.7500000e+01;2.6129231e-01;2.7500000e+01;2.2798690e-01;2.7500000e+01;1.7867021e-01;2.7500000e+01;2.2132729e-01;2.7500000e+01;1.9287729e-01;2.7500000e+01;1.4665812e-01;2.7500000e+01;9.4674103e-02;2.7500000e+01;4.8890680e-02;2.7500000e+01;7.0468709e-03;2.7500000e+01;-4.1711852e-02;2.7500000e+01;-8.1189252e-02;2.7500000e+01;-1.2618536e-01;2.7500000e+01;-6.8914019e-02;2.7500000e+01;-5.3413227e-02;2.7500000e+01;-1.1700050e-02;2.7500000e+01;6.3884959e-02;2.7500000e+01;1.6120335e-01;2.7500000e+01;2.3945969e-01;2.7500000e+01;2.6129231e-01;2.7500000e+01;2.2798690e-01;2.7500000e+01;1.7867021e-01;2.7500000e+01;2.2132729e-01;2.7500000e+01;1.9287729e-01;2.7500000e+01;1.4665812e-01;2.7500000e+01;9.4674103e-02;2.7500000e+01;4.8890680e-02;2.7500000e+01;7.0468709e-03;2.7500000e+01;-4.1711852e-02;2.7500000e+01;-8.1189252e-02;2.7500000e+01;-1.2618536e-01;2.7500000e+01;-6.8914019e-02;2.7500000e+01;-5.3413227e-02;2.7500000e+01;-1.1700050e-02;2.7500000e+01;6.3884959e-02;2.7500000e+01;1.6120335e-01;2.7500000e+01;2.3945969e-01;2.7500000e+01;2.6129231e-01;2.7500000e+01;2.2798690e-01;2.7500000e+01;1.7867021e-01;2.7500000e+01;2.2132729e-01;2.7500000e+01;1.9287729e-01;2.7500000e+01;1.4665812e-01;2.7500000e+01;9.4674103e-02;2.7500000e+01;4.8890680e-02;2.7500000e+01;7.0468709e-03;2.7500000e+01;-4.1711852e-02;2.7500000e+01;-8.1189252e-02;2.7500000e+01;-1.2618536e-01;2.7500000e+01;-6.8914019e-02;2.7500000e+01;-5.3413227e-02;2.7500000e+01;-1.1700050e-02;2.7500000e+01;6.3884959e-02;2.7500000e+01;1.6120335e-01;2.7500000e+01;2.3945969e-01;2.7500000e+01;2.6129231e-01;2.7500000e+01;2.2798690e-01;2.7500000e+01;1.7867021e-01;2.7500000e+01;2.2132729e-01;2.7500000e+01;1.9287729e-01;2.7500000e+01;1.4665812e-01;2.7500000e+01;9.4674103e-02;2.7500000e+01;4.8890680e-02;2.7500000e+01;7.0468709e-03;2.7500000e+01;-4.1711852e-02;2.7500000e+01;-8.1189252e-02;2.7500000e+01;-1.2618536e-01;2.7500000e+01;-6.8914019e-02;2.7500000e+01;-5.3413227e-02;2.7500000e+01;-1.1700050e-02;2.7500000e+01;6.3884959e-02;2.7500000e+01;1.6120335e-01;2.7500000e+01;2.3945969e-01;2.7500000e+01;2.6129231e-01;2.7500000e+01;2.2798690e-01;2.7500000e+01;1.7867021e-01;2.7500000e+01;2.2132729e-01;2.7500000e+01;1.9287729e-01;2.7500000e+01;1.4665812e-01;2.7500000e+01;9.4674103e-02;2.7500000e+01;4.8890680e-02;2.7500000e+01;7.0468709e-03;2.7500000e+01;-4.1711852e-02;2.7500000e+01;-8.1189252e-02;2.7500000e+01;-1.2618536e-01;2.7500000e+01;-6.8914019e-02;2.7500000e+01;-5.3413227e-02;2.7500000e+01;-1.1700050e-02;2.7500000e+01;6.3884959e-02;2.7500000e+01;1.6120335e-01;2.7500000e+01;2.3945969e-01;2.7500000e+01;2.6129231e-01;2.7500000e+01;2.2798690e-01;2.7500000e+01;1.7867021e-01;2.7500000e+01;2.2132729e-01;2.7500000e+01;1.9287729e-01;2.7500000e+01;1.4665812e-01;2.7500000e+01;9.4674103e-02;2.7500000e+01;4.8890680e-02;2.7500000e+01;7.0468709e-03;2.7500000e+01;-4.1711852e-02;2.7500000e+01;-8.1189252e-02;2.7500000e+01;-1.2618536e-01;2.7500000e+01;-6.8914019e-02;2.7500000e+01;-5.3413227e-02;2.7500000e+01;-1.1700050e-02;2.7500000e+01;6.3884959e-02;2.7500000e+01;1.6120335e-01;2.7500000e+01;2.3945969e-01;2.7500000e+01;2.6129231e-01;2.7500000e+01;2.2798690e-01;2.7500000e+01;1.7867021e-01;2.7500000e+01;2.2132729e-01;2.7500000e+01;1.9287729e-01;2.7500000e+01;1.4665812e-01;2.7500000e+01;9.4674103e-02;2.7500000e+01;4.8890680e-02;2.7500000e+01;7.0468709e-03;2.7500000e+01;-4.1711852e-02;2.7500000e+01;-8.1189252e-02;2.7500000e+01;-1.2618536e-01;2.7500000e+01;-6.8914019e-02;2.7500000e+01;-5.3413227e-02;2.7500000e+01;-1.1700050e-02;2.7500000e+01;6.3884959e-02;2.7500000e+01;1.6120335e-01;2.7500000e+01;2.3945969e-01;2.7500000e+01;2.6129231e-01;2.7500000e+01;2.2798690e-01;2.7500000e+01;1.7867021e-01;2.7500000e+01;2.2132729e-01;2.7500000e+01;1.9287729e-01;2.7500000e+01;1.4665812e-01;2.7500000e+01;9.4674103e-02;2.7500000e+01;4.8890680e-02;2.7500000e+01;7.0468709e-03;2.7500000e+01;-4.1711852e-02;2.7500000e+01;-8.1189252e-02;2.7500000e+01;-1.2618536e-01;2.7500000e+01;-6.8914019e-02;2.7500000e+01;-5.3413227e-02;2.7500000e+01;-1.1700050e-02;2.7500000e+01;6.3884959e-02;2.7500000e+01;1.6120335e-01;2.7500000e+01;2.3945969e-01;2.7500000e+01;2.6129231e-01;2.7500000e+01;2.2798690e-01;2.7500000e+01;1.7867021e-01;2.7500000e+01;2.2132729e-01;2.7500000e+01;1.9287729e-01;2.7500000e+01;1.4665812e-01;2.7500000e+01;9.4674103e-02;2.7500000e+01;4.8890680e-02;2.7500000e+01;7.0468709e-03;2.7500000e+01;-4.1711852e-02;2.7500000e+01;-8.1189252e-02;2.7500000e+01;-1.2618536e-01;2.7500000e+01;-6.8914019e-02;2.7500000e+01;-5.3413227e-02;2.7500000e+01;-1.1700050e-02;2.7500000e+01;6.3884959e-02;2.7500000e+01;1.6120335e-01;2.7500000e+01;2.3945969e-01;2.7500000e+01;2.6129231e-01;2.7500000e+01;2.2798690e-01;2.7500000e+01;1.7867021e-01;2.7500000e+01;2.2132729e-01;2.7500000e+01;1.9287729e-01;2.7500000e+01;1.4665812e-01;2.7500000e+01;9.4674103e-02;2.7500000e+01;4.8890680e-02;2.7500000e+01;7.0468709e-03;2.7500000e+01;-4.1711852e-02;2.7500000e+01;-8.1189252e-02;2.7500000e+01;-1.2618536e-01;2.7500000e+01;-6.8914019e-02;2.7500000e+01;-5.3413227e-02;2.7500000e+01;-1.1700050e-02;2.7500000e+01;6.3884959e-02;2.7500000e+01;1.6120335e-01;2.7500000e+01;2.3945969e-01;2.7500000e+01;2.6129231e-01;2.7500000e+01;2.2798690e-01;2.7500000e+01;1.7867021e-01;2.7500000e+01;2.2132729e-01;2.7500000e+01;1.9287729e-01;2.7500000e+01;1.4665812e-01;2.7500000e+01;9.4674103e-02;2.7500000e+01;4.8890680e-02;2.7500000e+01;7.0468709e-03;2.7500000e+01;-4.1711852e-02;2.7500000e+01;-8.1189252e-02;2.7500000e+01;-1.2618536e-01;2.7500000e+01;-6.8914019e-02;2.7500000e+01;-5.3413227e-02;2.7500000e+01;-1.1700050e-02;2.7500000e+01;6.3884959e-02;2.7500000e+01;1.6120335e-01;2.7500000e+01;2.3945969e-01;2.7500000e+01;2.6129231e-01;2.7500000e+01;2.2798690e-01;2.7500000e+01;1.7867021e-01;2.7500000e+01;2.2132729e-01;2.7500000e+01;1.9287729e-01;2.7500000e+01;1.4665812e-01;2.7500000e+01;9.4674103e-02;2.7500000e+01;4.8890680e-02;2.7500000e+01;7.0468709e-03;2.7500000e+01;-4.1711852e-02;2.7500000e+01;-8.1189252e-02;2.7500000e+01;-1.2618536e-01;2.7500000e+01;-6.8914019e-02;2.7500000e+01;-5.3413227e-02;2.7500000e+01;-1.1700050e-02;2.7500000e+01;6.3884959e-02;2.7500000e+01;1.6120335e-01;2.7500000e+01;2.3945969e-01;2.7500000e+01;2.6129231e-01;2.7500000e+01;2.2798690e-01;2.7500000e+01;1.7867021e-01;2.7500000e+01;2.2132729e-01;2.7500000e+01;1.9287729e-01;2.7500000e+01;1.4665812e-01;2.7500000e+01;9.4674103e-02;2.7500000e+01;4.8890680e-02;2.7500000e+01;7.0468709e-03;2.7500000e+01;-4.1711852e-02;2.7500000e+01;-8.1189252e-02;2.7500000e+01;-1.2618536e-01;2.7500000e+01;-6.8914019e-02;2.7500000e+01;-5.3413227e-02;2.7500000e+01;-1.1700050e-02;2.7500000e+01;6.3884959e-02;2.7500000e+01;1.6120335e-01;2.7500000e+01;2.3945969e-01;2.7500000e+01;2.6129231e-01;2.7500000e+01;2.2798690e-01;2.7500000e+01;1.7867021e-01;2.7500000e+01;2.2132729e-01;2.7500000e+01;1.9287729e-01;2.7500000e+01;1.4665812e-01;2.7500000e+01;9.4674103e-02;2.7500000e+01;4.8890680e-02;2.7500000e+01;7.0468709e-03;2.7500000e+01;-4.1711852e-02;2.7500000e+01;-8.1189252e-02;2.7500000e+01;-1.2618536e-01;2.7500000e+01;-6.8914019e-02;2.7500000e+01;-5.3413227e-02;2.7500000e+01;-1.1700050e-02;2.7500000e+01;6.3884959e-02;2.7500000e+01;1.6120335e-01;2.7500000e+01;2.3945969e-01;2.7500000e+01;2.6129231e-01;2.7500000e+01;2.2798690e-01;2.7500000e+01;1.7867021e-01;2.7500000e+01;2.2132729e-01;2.7500000e+01;1.9287729e-01;2.7500000e+01;1.4665812e-01;2.7500000e+01;9.4674103e-02;2.7500000e+01;4.8890680e-02;2.7500000e+01;7.0468709e-03;2.7500000e+01;-4.1711852e-02;2.7500000e+01;-8.1189252e-02;2.7500000e+01;-1.2618536e-01;2.7500000e+01;-6.8914019e-02;2.7500000e+01;-5.3413227e-02;2.7500000e+01;-1.1700050e-02;2.7500000e+01;6.3884959e-02;2.7500000e+01;1.6120335e-01;2.7500000e+01;2.3945969e-01;2.7500000e+01;2.6129231e-01;2.7500000e+01;2.2798690e-01;2.7500000e+01;1.7867021e-01;2.7500000e+01;2.2132729e-01;2.7500000e+01;1.9287729e-01;2.7500000e+01;1.4665812e-01;2.7500000e+01;9.4674103e-02;2.7500000e+01;4.8890680e-02;2.7500000e+01;7.0468709e-03;2.7500000e+01;-4.1711852e-02;2.7500000e+01;-8.1189252e-02;2.7500000e+01;-1.2618536e-01;2.7500000e+01;-6.8914019e-02;2.7500000e+01;-5.3413227e-02;2.7500000e+01;-1.1700050e-02;2.7500000e+01;6.3884959e-02;2.7500000e+01;1.6120335e-01;2.7500000e+01;2.3945969e-01;2.7500000e+01;2.6129231e-01;2.7500000e+01;2.2798690e-01;2.7500000e+01;1.7867021e-01;2.7500000e+01;2.2132729e-01;2.7500000e+01;1.9287729e-01;2.7500000e+01;1.4665812e-01;2.7500000e+01;9.4674103e-02;2.7500000e+01;4.8890680e-02;2.7500000e+01;7.0468709e-03;2.7500000e+01;-4.1711852e-02;2.7500000e+01;-8.1189252e-02;2.7500000e+01;-1.2618536e-01;2.7500000e+01;-6.8914019e-02;2.7500000e+01;-5.3413227e-02;2.7500000e+01;-1.1700050e-02;2.7500000e+01;6.3884959e-02;2.7500000e+01;1.6120335e-01;2.7500000e+01;2.3945969e-01;2.7500000e+01;2.6129231e-01;2.7500000e+01;2.2798690e-01;2.7500000e+01;1.7867021e-01;2.7500000e+01;2.2132729e-01;2.7500000e+01;1.9287729e-01;2.7500000e+01;1.4665812e-01;2.7500000e+01;9.4674103e-02;2.7500000e+01;4.8890680e-02;2.7500000e+01;7.0468709e-03;2.7500000e+01;-4.1711852e-02;2.7500000e+01;-8.1189252e-02;2.7500000e+01;-1.2618536e-01;2.7500000e+01;-6.8914019e-02;2.7500000e+01;-5.3413227e-02;2.7500000e+01;-1.1700050e-02;2.7500000e+01;6.3884959e-02;2.7500000e+01;1.6120335e-01;2.7500000e+01;2.3945969e-01;2.7500000e+01;2.6129231e-01;2.7500000e+01;2.2798690e-01;2.7500000e+01;1.7867021e-01;2.7500000e+01;2.2132729e-01;2.7500000e+01;1.9287729e-01;2.7500000e+01;1.4665812e-01;2.7500000e+01;9.4674103e-02;2.7500000e+01;4.8890680e-02;2.7500000e+01;7.0468709e-03;2.7500000e+01;-4.1711852e-02;2.7500000e+01;-8.1189252e-02;2.7500000e+01;-1.2618536e-01;2.7500000e+01;-6.8914019e-02;2.7500000e+01;-5.3413227e-02;2.7500000e+01;-1.1700050e-02;2.7500000e+01;6.3884959e-02;2.7500000e+01;1.6120335e-01;2.7500000e+01;2.3945969e-01;2.7500000e+01;2.6129231e-01;2.7500000e+01;2.2798690e-01;2.7500000e+01;1.7867021e-01;2.7500000e+01;2.2132729e-01;2.7500000e+01;1.9287729e-01;2.7500000e+01;1.4665812e-01;2.7500000e+01;9.4674103e-02;2.7500000e+01;4.8890680e-02;2.7500000e+01;7.0468709e-03;2.7500000e+01;-4.1711852e-02;2.7500000e+01;-8.1189252e-02;2.7500000e+01;-1.2618536e-01;2.7500000e+01;-6.8914019e-02;2.7500000e+01;-5.3413227e-02;2.7500000e+01;-1.1700050e-02;2.7500000e+01;6.3884959e-02;2.7500000e+01;1.6120335e-01;2.7500000e+01;2.3945969e-01;2.7500000e+01;2.6129231e-01;2.7500000e+01;2.2798690e-01;2.7500000e+01;1.7867021e-01;2.7500000e+01;2.2132729e-01;2.7500000e+01;1.9287729e-01;2.7500000e+01;1.4665812e-01;2.7500000e+01;9.4674103e-02;2.7500000e+01;4.8890680e-02;2.7500000e+01;7.0468709e-03;2.7500000e+01;-4.1711852e-02;2.7500000e+01;-8.1189252e-02;2.7500000e+01;-1.2618536e-01;2.7500000e+01;-6.8914019e-02;2.7500000e+01;-5.3413227e-02;2.7500000e+01;-1.1700050e-02;2.7500000e+01;6.3884959e-02;2.7500000e+01;1.6120335e-01;2.7500000e+01;2.3945969e-01;2.7500000e+01;2.6129231e-01;2.7500000e+01;2.2798690e-01;2.7500000e+01;1.7867021e-01;2.7500000e+01;2.2132729e-01;2.7500000e+01;1.9287729e-01;2.7500000e+01;1.4665812e-01;2.7500000e+01;9.4674103e-02;2.7500000e+01;4.8890680e-02;2.7500000e+01;7.0468709e-03;2.7500000e+01;-4.1711852e-02;2.7500000e+01;-8.1189252e-02;2.7500000e+01;-1.2618536e-01;2.7500000e+01;-6.8914019e-02;2.7500000e+01;-5.3413227e-02;2.7500000e+01;-1.1700050e-02;2.7500000e+01;6.3884959e-02;2.7500000e+01;1.6120335e-01;2.7500000e+01;2.3945969e-01;2.7500000e+01;2.6129231e-01;2.7500000e+01;2.2798690e-01;2.7500000e+01;1.7867021e-01;2.7500000e+01;2.2132729e-01;2.7500000e+01;1.9287729e-01;2.7500000e+01;1.4665812e-01;2.7500000e+01;9.4674103e-02;2.7500000e+01;4.8890680e-02;2.7500000e+01;7.0468709e-03;2.7500000e+01;-4.1711852e-02;2.7500000e+01;-8.1189252e-02;2.7500000e+01;-1.2618536e-01;2.7500000e+01;-6.8914019e-02;2.7500000e+01;-5.3413227e-02;2.7500000e+01;-1.1700050e-02;2.7500000e+01;6.3884959e-02;2.7500000e+01;1.6120335e-01;2.7500000e+01;2.3945969e-01;2.7500000e+01;2.6129231e-01;2.7500000e+01;2.2798690e-01;2.7500000e+01;1.7867021e-01;2.7500000e+01;2.2132729e-01;2.7500000e+01;1.9287729e-01;2.7500000e+01;1.4665812e-01;2.7500000e+01;9.4674103e-02;2.7500000e+01;4.8890680e-02;2.7500000e+01;7.0468709e-03;2.7500000e+01;-4.1711852e-02;2.7500000e+01;-8.1189252e-02;2.7500000e+01;-1.2618536e-01;2.7500000e+01;-6.8914019e-02;2.7500000e+01;-5.3413227e-02;2.7500000e+01;-1.1700050e-02;2.7500000e+01;6.3884959e-02;2.7500000e+01;1.6120335e-01;2.7500000e+01;2.3945969e-01;2.7500000e+01;2.6129231e-01;2.7500000e+01;2.2798690e-01;2.7500000e+01;1.7867021e-01;2.7500000e+01;2.2132729e-01;2.7500000e+01;1.9287729e-01;2.7500000e+01;1.4665812e-01;2.7500000e+01;9.4674103e-02;2.7500000e+01;4.8890680e-02;2.7500000e+01;7.0468709e-03;2.7500000e+01;-4.1711852e-02;2.7500000e+01;-8.1189252e-02;2.7500000e+01;-1.2618536e-01;2.7500000e+01;-6.8914019e-02;2.7500000e+01;-5.3413227e-02;2.7500000e+01;-1.1700050e-02;2.7500000e+01;6.3884959e-02;2.7500000e+01;1.6120335e-01;2.7500000e+01;2.3945969e-01;2.7500000e+01;2.6129231e-01;2.7500000e+01;2.2798690e-01;2.7500000e+01;1.7867021e-01;2.7500000e+01;2.2132729e-01;2.7500000e+01;1.9287729e-01;2.7500000e+01;1.4665812e-01;2.7500000e+01;9.4674103e-02;2.7500000e+01;4.8890680e-02;2.7500000e+01;7.0468709e-03;2.7500000e+01;-4.1711852e-02;2.7500000e+01;-8.1189252e-02;2.7500000e+01;-1.2618536e-01;2.7500000e+01;-6.8914019e-02;2.7500000e+01;-5.3413227e-02;2.7500000e+01;-1.1700050e-02;2.7500000e+01;6.3884959e-02;2.7500000e+01;1.6120335e-01;2.7500000e+01;2.3945969e-01;2.7500000e+01;2.6129231e-01;2.7500000e+01;2.2798690e-01;2.7500000e+01;1.7867021e-01;2.7500000e+01;2.2132729e-01;2.7500000e+01;1.9287729e-01;2.7500000e+01;1.4665812e-01;2.7500000e+01;9.4674103e-02;2.7500000e+01;4.8890680e-02;2.7500000e+01;7.0468709e-03;2.7500000e+01;-4.1711852e-02;2.7500000e+01;-8.1189252e-02;2.7500000e+01;-1.2618536e-01;2.7500000e+01;-6.8914019e-02;2.7500000e+01;-5.3413227e-02;2.7500000e+01;-1.1700050e-02;2.7500000e+01;6.3884959e-02;2.7500000e+01;1.6120335e-01;2.7500000e+01;2.3945969e-01;2.7500000e+01;2.6129231e-01;2.7500000e+01;2.2798690e-01;2.7500000e+01;1.7867021e-01;2.7500000e+01;2.2132729e-01;2.7500000e+01;1.9287729e-01;2.7500000e+01;1.4665812e-01;2.7500000e+01;9.4674103e-02;2.7500000e+01;4.8890680e-02;2.7500000e+01;7.0468709e-03;2.7500000e+01;-4.1711852e-02;2.7500000e+01;-8.1189252e-02;2.7500000e+01;-1.2618536e-01;2.7500000e+01;-6.8914019e-02;2.7500000e+01;-5.3413227e-02;2.7500000e+01;-1.1700050e-02;2.7500000e+01;6.3884959e-02;2.7500000e+01;1.6120335e-01;2.7500000e+01;2.3945969e-01;2.7500000e+01;2.6129231e-01;2.7500000e+01;2.2798690e-01;2.7500000e+01;1.7867021e-01;2.7500000e+01;2.2132729e-01;2.7500000e+01;1.9287729e-01;2.7500000e+01;1.4665812e-01;2.7500000e+01;9.4674103e-02;2.7500000e+01;4.8890680e-02;2.7500000e+01;7.0468709e-03;2.7500000e+01;-4.1711852e-02;2.7500000e+01;-8.1189252e-02;2.7500000e+01;-1.2618536e-01;2.7500000e+01;-6.8914019e-02;2.7500000e+01;-5.3413227e-02;2.7500000e+01;-1.1700050e-02;2.7500000e+01;6.3884959e-02;2.7500000e+01;1.6120335e-01;2.7500000e+01;2.3945969e-01;2.7500000e+01;2.6129231e-01;2.7500000e+01;2.2798690e-01;2.7500000e+01;1.7867021e-01;2.7500000e+01;2.2132729e-01;2.7500000e+01;1.9287729e-01;2.7500000e+01;1.4665812e-01;2.7500000e+01;9.4674103e-02;2.7500000e+01;4.8890680e-02;2.7500000e+01;7.0468709e-03;2.7500000e+01;-4.1711852e-02;2.7500000e+01;-8.1189252e-02;2.7500000e+01;-1.2618536e-01;2.7500000e+01;-6.8914019e-02;2.7500000e+01;-5.3413227e-02;2.7500000e+01;-1.1700050e-02;2.7500000e+01;6.3884959e-02;2.7500000e+01;1.6120335e-01;2.7500000e+01;2.3945969e-01;2.7500000e+01;2.6129231e-01;2.7500000e+01;2.2798690e-01;2.7500000e+01;1.7867021e-01;2.7500000e+01;2.2132729e-01;2.7500000e+01;1.9287729e-01;2.7500000e+01;1.4665812e-01;2.7500000e+01;9.4674103e-02;2.7500000e+01;4.8890680e-02;2.7500000e+01;7.0468709e-03;2.7500000e+01;-4.1711852e-02;2.7500000e+01;-8.1189252e-02;2.7500000e+01;-1.2618536e-01;2.7500000e+01;-6.8914019e-02;2.7500000e+01;-5.3413227e-02;2.7500000e+01;-1.1700050e-02;2.7500000e+01;6.3884959e-02;2.7500000e+01;1.6120335e-01;2.7500000e+01;2.3945969e-01;2.7500000e+01;2.6129231e-01;2.7500000e+01;2.2798690e-01;2.7500000e+01;1.7867021e-01;2.7500000e+01;2.2132729e-01;2.7500000e+01;1.9287729e-01;2.7500000e+01;1.4665812e-01;2.7500000e+01;9.4674103e-02;2.7500000e+01;4.8890680e-02;2.7500000e+01;7.0468709e-03;2.7500000e+01;-4.1711852e-02;2.7500000e+01;-8.1189252e-02;2.7500000e+01;-1.2618536e-01;2.7500000e+01;-6.8914019e-02;2.7500000e+01;-5.3413227e-02;2.7500000e+01;-1.1700050e-02;2.7500000e+01;6.3884959e-02;2.7500000e+01;1.6120335e-01;2.7500000e+01;2.3945969e-01;2.7500000e+01;2.6129231e-01;2.7500000e+01;2.2798690e-01;2.7500000e+01;1.7867021e-01;2.7500000e+01;2.2132729e-01;2.7500000e+01;1.9287729e-01;2.7500000e+01;1.4665812e-01;2.7500000e+01;9.4674103e-02;2.7500000e+01;4.8890680e-02;2.7500000e+01;7.0468709e-03;2.7500000e+01;-4.1711852e-02;2.7500000e+01;-8.1189252e-02;2.7500000e+01;-1.2618536e-01;2.7500000e+01;-6.8914019e-02;2.7500000e+01;-5.3413227e-02;2.7500000e+01;-1.1700050e-02;2.7500000e+01;6.3884959e-02;2.7500000e+01;1.6120335e-01;2.7500000e+01;2.3945969e-01;2.7500000e+01;2.6129231e-01;2.7500000e+01;2.2798690e-01;2.7500000e+01;1.7867021e-01;2.7500000e+01;2.2132729e-01;2.7500000e+01;1.9287729e-01;2.7500000e+01;1.4665812e-01;2.7500000e+01;9.4674103e-02;2.7500000e+01;4.8890680e-02;2.7500000e+01;7.0468709e-03;2.7500000e+01;-4.1711852e-02;2.7500000e+01;-8.1189252e-02;2.7500000e+01;-1.2618536e-01;2.7500000e+01;-6.8914019e-02;2.7500000e+01;-5.3413227e-02;2.7500000e+01;-1.1700050e-02;2.7500000e+01;6.3884959e-02;2.7500000e+01;1.6120335e-01;2.7500000e+01;2.3945969e-01;2.7500000e+01;2.6129231e-01;2.7500000e+01;2.2798690e-01;2.7500000e+01;1.7867021e-01;2.7500000e+01;2.2132729e-01;2.7500000e+01;1.9287729e-01;2.7500000e+01;1.4665812e-01;2.7500000e+01;9.4674103e-02;2.7500000e+01;4.8890680e-02;2.7500000e+01;7.0468709e-03;2.7500000e+01;-4.1711852e-02;2.7500000e+01;-8.1189252e-02;2.7500000e+01;-1.2618536e-01;2.7500000e+01;-6.8914019e-02;2.7500000e+01;-5.3413227e-02;2.7500000e+01;-1.1700050e-02;2.7500000e+01;6.3884959e-02;2.7500000e+01;1.6120335e-01;2.7500000e+01;2.3945969e-01;2.7500000e+01;2.6129231e-01;2.7500000e+01;2.2798690e-01;2.7500000e+01;1.7867021e-01;2.7500000e+01;2.2132729e-01;2.7500000e+01;1.9287729e-01;2.7500000e+01;1.4665812e-01;2.7500000e+01;9.4674103e-02;2.7500000e+01;4.8890680e-02;2.7500000e+01;7.0468709e-03;2.7500000e+01;-4.1711852e-02;2.7500000e+01;-8.1189252e-02;2.7500000e+01;-1.2618536e-01;2.7500000e+01;-6.8914019e-02;2.7500000e+01;-5.3413227e-02;2.7500000e+01;-1.1700050e-02;2.7500000e+01;6.3884959e-02;2.7500000e+01;1.6120335e-01;2.7500000e+01;2.3945969e-01;2.7500000e+01;2.6129231e-01;2.7500000e+01;2.2798690e-01;2.7500000e+01;1.7867021e-01;2.7500000e+01;2.2132729e-01;2.7500000e+01;1.9287729e-01;2.7500000e+01;1.4665812e-01;2.7500000e+01;9.4674103e-02;2.7500000e+01;4.8890680e-02;2.7500000e+01;7.0468709e-03;2.7500000e+01;-4.1711852e-02;2.7500000e+01;-8.1189252e-02;2.7500000e+01;-1.2618536e-01;2.7500000e+01;-6.8914019e-02;2.7500000e+01;-5.3413227e-02;2.7500000e+01;-1.1700050e-02;2.7500000e+01;6.3884959e-02;2.7500000e+01;1.6120335e-01;2.7500000e+01;2.3945969e-01;2.7500000e+01;2.6129231e-01;2.7500000e+01;2.2798690e-01;2.7500000e+01;1.7867021e-01;2.7500000e+01;2.2132729e-01;2.7500000e+01;1.9287729e-01;2.7500000e+01;1.4665812e-01;2.7500000e+01;9.4674103e-02;2.7500000e+01;4.8890680e-02;2.7500000e+01;7.0468709e-03;2.7500000e+01;-4.1711852e-02;2.7500000e+01;-8.1189252e-02;2.7500000e+01;-1.2618536e-01;2.7500000e+01;-6.8914019e-02;2.7500000e+01;-5.3413227e-02;2.7500000e+01;-1.1700050e-02;2.7500000e+01;6.3884959e-02;2.7500000e+01;1.6120335e-01;2.7500000e+01;2.3945969e-01;2.7500000e+01;2.6129231e-01;2.7500000e+01;2.2798690e-01;2.7500000e+01;1.7867021e-01;2.7500000e+01;2.2132729e-01;2.7500000e+01;1.9287729e-01;2.7500000e+01;1.4665812e-01;2.7500000e+01;9.4674103e-02;2.7500000e+01;4.8890680e-02;2.7500000e+01;7.0468709e-03;2.7500000e+01;-4.1711852e-02;2.7500000e+01;-8.1189252e-02;2.7500000e+01;-1.2618536e-01;2.7500000e+01;-6.8914019e-02;2.7500000e+01;-5.3413227e-02;2.7500000e+01;-1.1700050e-02;2.7500000e+01;6.3884959e-02;2.7500000e+01;1.6120335e-01;2.7500000e+01;2.3945969e-01;2.7500000e+01;2.6129231e-01;2.7500000e+01;2.2798690e-01;2.7500000e+01;1.7867021e-01;2.7500000e+01;2.2132729e-01;2.7500000e+01;1.9287729e-01;2.7500000e+01;1.4665812e-01;2.7500000e+01;9.4674103e-02;2.7500000e+01;4.8890680e-02;2.7500000e+01;7.0468709e-03;2.7500000e+01;-4.1711852e-02;2.7500000e+01;-8.1189252e-02;2.7500000e+01;-1.2618536e-01;2.7500000e+01;-6.8914019e-02;2.7500000e+01;-5.3413227e-02;2.7500000e+01;-1.1700050e-02;2.7500000e+01;6.3884959e-02;2.7500000e+01;1.6120335e-01;2.7500000e+01;2.3945969e-01;2.7500000e+01;2.6129231e-01;2.7500000e+01;2.2798690e-01;2.7500000e+01;1.7867021e-01;2.7500000e+01;2.2132729e-01;2.7500000e+01;1.9287729e-01;2.7500000e+01;1.4665812e-01;2.7500000e+01;9.4674103e-02;2.7500000e+01;4.8890680e-02;2.7500000e+01;7.0468709e-03;2.7500000e+01;-4.1711852e-02;2.7500000e+01;-8.1189252e-02;2.7500000e+01;-1.2618536e-01;2.7500000e+01;-6.8914019e-02;2.7500000e+01;-5.3413227e-02;2.7500000e+01;-1.1700050e-02;2.7500000e+01;6.3884959e-02;2.7500000e+01;1.6120335e-01;2.7500000e+01;2.3945969e-01;2.7500000e+01;2.6129231e-01;2.7500000e+01;2.2798690e-01;2.7500000e+01;1.7867021e-01;2.7500000e+01;2.2132729e-01;2.7500000e+01;1.9287729e-01;2.7500000e+01;1.4665812e-01;2.7500000e+01;9.4674103e-02;2.7500000e+01;4.8890680e-02;2.7500000e+01;7.0468709e-03;2.7500000e+01;-4.1711852e-02;2.7500000e+01;-8.1189252e-02;2.7500000e+01;-1.2618536e-01;2.7500000e+01;-6.8914019e-02;2.7500000e+01;-5.3413227e-02;2.7500000e+01;-1.1700050e-02;2.7500000e+01;6.3884959e-02;2.7500000e+01;1.6120335e-01;2.7500000e+01;2.3945969e-01;2.7500000e+01;2.6129231e-01;2.7500000e+01;2.2798690e-01;2.7500000e+01;1.7867021e-01;2.7500000e+01;2.2132729e-01;2.7500000e+01;1.9287729e-01;2.7500000e+01;1.4665812e-01;2.7500000e+01;9.4674103e-02;2.7500000e+01;4.8890680e-02;2.7500000e+01;7.0468709e-03;2.7500000e+01;-4.1711852e-02;2.7500000e+01;-8.1189252e-02;2.7500000e+01;-1.2618536e-01;2.7500000e+01;-6.8914019e-02;2.7500000e+01;-5.3413227e-02;2.7500000e+01;-1.1700050e-02;2.7500000e+01;6.3884959e-02;2.7500000e+01;1.6120335e-01;2.7500000e+01;2.3945969e-01;2.7500000e+01;2.6129231e-01;2.7500000e+01;2.2798690e-01;2.7500000e+01;1.7867021e-01;2.7500000e+01;2.2132729e-01;2.7500000e+01;1.9287729e-01;2.7500000e+01;1.4665812e-01;2.7500000e+01;9.4674103e-02;2.7500000e+01;4.8890680e-02;2.7500000e+01;7.0468709e-03;2.7500000e+01;-4.1711852e-02;2.7500000e+01;-8.1189252e-02;2.7500000e+01;-1.2618536e-01;2.7500000e+01;-6.8914019e-02;2.7500000e+01;-5.3413227e-02;2.7500000e+01;-1.1700050e-02;2.7500000e+01;6.3884959e-02;2.7500000e+01;1.6120335e-01;2.7500000e+01;2.3945969e-01;2.7500000e+01;2.6129231e-01;2.7500000e+01;2.2798690e-01;2.7500000e+01;1.7867021e-01;2.7500000e+01;2.2132729e-01;2.7500000e+01;1.9287729e-01;2.7500000e+01;1.4665812e-01;2.7500000e+01;9.4674103e-02;2.7500000e+01;4.8890680e-02;2.7500000e+01;7.0468709e-03;2.7500000e+01;-4.1711852e-02;2.7500000e+01;-8.1189252e-02;2.7500000e+01;-1.2618536e-01;2.7500000e+01;-6.8914019e-02;2.7500000e+01;-5.3413227e-02;2.7500000e+01;-1.1700050e-02;2.7500000e+01;6.3884959e-02;2.7500000e+01;1.6120335e-01;2.7500000e+01;2.3945969e-01;2.7500000e+01;2.6129231e-01;2.7500000e+01;2.2798690e-01;2.7500000e+01;1.7867021e-01;2.7500000e+01;2.2132729e-01;2.7500000e+01;1.9287729e-01;2.7500000e+01;1.4665812e-01;2.7500000e+01;9.4674103e-02;2.7500000e+01;4.8890680e-02;2.7500000e+01;7.0468709e-03;2.7500000e+01;-4.1711852e-02;2.7500000e+01;-8.1189252e-02;2.7500000e+01;-1.2618536e-01;2.7500000e+01;-6.8914019e-02;2.7500000e+01;-5.3413227e-02;2.7500000e+01;-1.1700050e-02;2.7500000e+01;6.3884959e-02;2.7500000e+01;1.6120335e-01;2.7500000e+01;2.3945969e-01;2.7500000e+01;2.6129231e-01;2.7500000e+01;2.2798690e-01;2.7500000e+01;1.7867021e-01;2.7500000e+01;2.2132729e-01;2.7500000e+01;1.9287729e-01;2.7500000e+01;1.4665812e-01;2.7500000e+01;9.4674103e-02;2.7500000e+01;4.8890680e-02;2.7500000e+01;7.0468709e-03;2.7500000e+01;-4.1711852e-02;2.7500000e+01;-8.1189252e-02;2.7500000e+01;-1.2618536e-01;2.7500000e+01;-6.8914019e-02;2.7500000e+01;-5.3413227e-02;2.7500000e+01;-1.1700050e-02;2.7500000e+01;6.3884959e-02;2.7500000e+01;1.6120335e-01;2.7500000e+01;2.3945969e-01;2.7500000e+01;2.6129231e-01;2.7500000e+01;2.2798690e-01;2.7500000e+01;1.7867021e-01;2.7500000e+01;2.2132729e-01;2.7500000e+01;1.9287729e-01;2.7500000e+01;1.4665812e-01;2.7500000e+01;9.4674103e-02;2.7500000e+01;4.8890680e-02;2.7500000e+01;7.0468709e-03;2.7500000e+01;-4.1711852e-02;2.7500000e+01;-8.1189252e-02;2.7500000e+01;-1.2618536e-01;2.7500000e+01;-6.8914019e-02;2.7500000e+01;-5.3413227e-02;2.7500000e+01;-1.1700050e-02;2.7500000e+01;6.3884959e-02;2.7500000e+01;1.6120335e-01;2.7500000e+01;2.3945969e-01;2.7500000e+01;2.6129231e-01;2.7500000e+01;2.2798690e-01;2.7500000e+01;1.7867021e-01;2.7500000e+01;2.2132729e-01;2.7500000e+01;1.9287729e-01;2.7500000e+01;1.4665812e-01;2.7500000e+01;9.4674103e-02;2.7500000e+01;4.8890680e-02;2.7500000e+01;7.0468709e-03;2.7500000e+01;-4.1711852e-02;2.7500000e+01;-8.1189252e-02;2.7500000e+01;-1.2618536e-01;2.7500000e+01;-6.8914019e-02;2.7500000e+01;-5.3413227e-02;2.7500000e+01;-1.1700050e-02;2.7500000e+01;6.3884959e-02;2.7500000e+01;1.6120335e-01;2.7500000e+01;2.3945969e-01;2.7500000e+01;2.6129231e-01;2.7500000e+01;2.2798690e-01;2.7500000e+01;1.7867021e-01;2.7500000e+01;2.2132729e-01;2.7500000e+01;1.9287729e-01;2.7500000e+01;1.4665812e-01;2.7500000e+01;9.4674103e-02;2.7500000e+01;4.8890680e-02;2.7500000e+01;7.0468709e-03;2.7500000e+01;-4.1711852e-02;2.7500000e+01;-8.1189252e-02;2.7500000e+01;-1.2618536e-01;2.7500000e+01;-6.8914019e-02;2.7500000e+01;-5.3413227e-02;2.7500000e+01;-1.1700050e-02;2.7500000e+01;6.3884959e-02;2.7500000e+01;1.6120335e-01;2.7500000e+01;2.3945969e-01;2.7500000e+01;2.6129231e-01;2.7500000e+01;2.2798690e-01;2.7500000e+01;1.7867021e-01;2.7500000e+01;2.2132729e-01;2.7500000e+01;1.9287729e-01;2.7500000e+01;1.4665812e-01;2.7500000e+01;9.4674103e-02;2.7500000e+01;4.8890680e-02;2.7500000e+01;7.0468709e-03;2.7500000e+01;-4.1711852e-02;2.7500000e+01;-8.1189252e-02;2.7500000e+01;-1.2618536e-01;2.7500000e+01;-6.8914019e-02;2.7500000e+01;-5.3413227e-02;2.7500000e+01;-1.1700050e-02;2.7500000e+01;6.3884959e-02;2.7500000e+01;1.6120335e-01;2.7500000e+01;2.3945969e-01;2.7500000e+01;2.6129231e-01;2.7500000e+01;2.2798690e-01;2.7500000e+01;1.7867021e-01;2.7500000e+01;2.2132729e-01;2.7500000e+01;1.9287729e-01;2.7500000e+01;1.4665812e-01;2.7500000e+01;9.4674103e-02;2.7500000e+01;4.8890680e-02;2.7500000e+01;7.0468709e-03;2.7500000e+01;-4.1711852e-02;2.7500000e+01;-8.1189252e-02;2.7500000e+01;-1.2618536e-01;2.7500000e+01;-6.8914019e-02;2.7500000e+01;-5.3413227e-02;2.7500000e+01;-1.1700050e-02;2.7500000e+01;6.3884959e-02;2.7500000e+01;1.6120335e-01;2.7500000e+01;2.3945969e-01;2.7500000e+01;2.6129231e-01;2.7500000e+01;2.2798690e-01;2.7500000e+01;1.7867021e-01;2.7500000e+01;2.2132729e-01;2.7500000e+01;1.9287729e-01;2.7500000e+01;1.4665812e-01;2.7500000e+01;9.4674103e-02;2.7500000e+01;4.8890680e-02;2.7500000e+01;7.0468709e-03;2.7500000e+01;-4.1711852e-02;2.7500000e+01;-8.1189252e-02;2.7500000e+01;-1.2618536e-01;2.7500000e+01;-6.8914019e-02;2.7500000e+01;-5.3413227e-02;2.7500000e+01;-1.1700050e-02;2.7500000e+01;6.3884959e-02;2.7500000e+01;1.6120335e-01;2.7500000e+01;2.3945969e-01;2.7500000e+01;2.6129231e-01;2.7500000e+01;2.2798690e-01;2.7500000e+01;1.7867021e-01;2.7500000e+01;2.2132729e-01;2.7500000e+01;1.9287729e-01;2.7500000e+01;1.4665812e-01;2.7500000e+01;9.4674103e-02;2.7500000e+01;4.8890680e-02;2.7500000e+01;7.0468709e-03;2.7500000e+01;-4.1711852e-02;2.7500000e+01;-8.1189252e-02;2.7500000e+01;-1.2618536e-01;2.7500000e+01;-6.8914019e-02;2.7500000e+01;-5.3413227e-02;2.7500000e+01;-1.1700050e-02;2.7500000e+01;6.3884959e-02;2.7500000e+01;1.6120335e-01;2.7500000e+01;2.3945969e-01;2.7500000e+01;2.6129231e-01;2.7500000e+01;2.2798690e-01;2.7500000e+01;1.7867021e-01;2.7500000e+01;2.2132729e-01;2.7500000e+01;1.9287729e-01;2.7500000e+01;1.4665812e-01;2.7500000e+01;9.4674103e-02;2.7500000e+01;4.8890680e-02;2.7500000e+01;7.0468709e-03;2.7500000e+01;-4.1711852e-02;2.7500000e+01;-8.1189252e-02;2.7500000e+01;-1.2618536e-01;2.7500000e+01;-6.8914019e-02;2.7500000e+01;-5.3413227e-02;2.7500000e+01;-1.1700050e-02;2.7500000e+01;6.3884959e-02;2.7500000e+01;1.6120335e-01;2.7500000e+01;2.3945969e-01;2.7500000e+01;2.6129231e-01;2.7500000e+01;2.2798690e-01;2.7500000e+01;1.7867021e-01;2.7500000e+01;2.2132729e-01;2.7500000e+01;1.9287729e-01;2.7500000e+01;1.4665812e-01;2.7500000e+01;9.4674103e-02;2.7500000e+01;4.8890680e-02;2.7500000e+01;7.0468709e-03;2.7500000e+01;-4.1711852e-02;2.7500000e+01;-8.1189252e-02;2.7500000e+01;-1.2618536e-01;2.7500000e+01;-6.8914019e-02;2.7500000e+01;-5.3413227e-02;2.7500000e+01;-1.1700050e-02;2.7500000e+01;6.3884959e-02;2.7500000e+01;1.6120335e-01;2.7500000e+01;2.3945969e-01;2.7500000e+01;2.6129231e-01;2.7500000e+01;2.2798690e-01;2.7500000e+01;1.7867021e-01;2.7500000e+01;2.2132729e-01;2.7500000e+01;1.9287729e-01;2.7500000e+01;1.4665812e-01;2.7500000e+01;9.4674103e-02;2.7500000e+01;4.8890680e-02;2.7500000e+01;7.0468709e-03;2.7500000e+01;-4.1711852e-02;2.7500000e+01;-8.1189252e-02;2.7500000e+01;-1.2618536e-01;2.7500000e+01;-6.8914019e-02;2.7500000e+01;-5.3413227e-02;2.7500000e+01;-1.1700050e-02;2.7500000e+01;6.3884959e-02;2.7500000e+01;1.6120335e-01;2.7500000e+01;2.3945969e-01;2.7500000e+01;2.6129231e-01;2.7500000e+01;2.2798690e-01;2.7500000e+01;1.7867021e-01;2.7500000e+01;2.2132729e-01;2.7500000e+01;1.9287729e-01;2.7500000e+01;1.4665812e-01;2.7500000e+01;9.4674103e-02;2.7500000e+01;4.8890680e-02;2.7500000e+01;7.0468709e-03;2.7500000e+01;-4.1711852e-02;2.7500000e+01;-8.1189252e-02;2.7500000e+01;-1.2618536e-01;2.7500000e+01;-6.8914019e-02;2.7500000e+01;-5.3413227e-02;2.7500000e+01;-1.1700050e-02;2.7500000e+01;6.3884959e-02;2.7500000e+01;1.6120335e-01;2.7500000e+01;2.3945969e-01;2.7500000e+01;2.6129231e-01;2.7500000e+01;2.2798690e-01;2.7500000e+01;1.7867021e-01;2.7500000e+01;2.2132729e-01;2.7500000e+01;1.9287729e-01;2.7500000e+01;1.4665812e-01;2.7500000e+01;9.4674103e-02;2.7500000e+01;4.8890680e-02;2.7500000e+01;7.0468709e-03;2.7500000e+01;-4.1711852e-02;2.7500000e+01;-8.1189252e-02;2.7500000e+01;-1.2618536e-01;2.7500000e+01;-6.8914019e-02;2.7500000e+01;-5.3413227e-02;2.7500000e+01;-1.1700050e-02;2.7500000e+01;6.3884959e-02;2.7500000e+01;1.6120335e-01;2.7500000e+01;2.3945969e-01;2.7500000e+01;2.6129231e-01;2.7500000e+01;2.2798690e-01;2.7500000e+01;1.7867021e-01;2.7500000e+01;2.2132729e-01;2.7500000e+01;1.9287729e-01;2.7500000e+01;1.4665812e-01;2.7500000e+01;9.4674103e-02;2.7500000e+01;4.8890680e-02;2.7500000e+01;7.0468709e-03;2.7500000e+01;-4.1711852e-02;2.7500000e+01;-8.1189252e-02;2.7500000e+01;-1.2618536e-01;2.7500000e+01;-6.8914019e-02;2.7500000e+01;-5.3413227e-02;2.7500000e+01;-1.1700050e-02;2.7500000e+01;6.3884959e-02;2.7500000e+01;1.6120335e-01;2.7500000e+01;2.3945969e-01;2.7500000e+01;2.6129231e-01;2.7500000e+01;2.2798690e-01;2.7500000e+01;1.7867021e-01;2.7500000e+01;2.2132729e-01;2.7500000e+01;1.9287729e-01;2.7500000e+01;1.4665812e-01;2.7500000e+01;9.4674103e-02;2.7500000e+01;4.8890680e-02;2.7500000e+01;7.0468709e-03;2.7500000e+01;-4.1711852e-02;2.7500000e+01;-8.1189252e-02;2.7500000e+01;-1.2618536e-01;2.7500000e+01;-6.8914019e-02;2.7500000e+01;-5.3413227e-02;2.7500000e+01;-1.1700050e-02;2.7500000e+01;6.3884959e-02;2.7500000e+01;1.6120335e-01;2.7500000e+01;2.3945969e-01;2.7500000e+01;2.6129231e-01;2.7500000e+01;2.2798690e-01;2.7500000e+01;1.7867021e-01;2.7500000e+01;2.2132729e-01;2.7500000e+01;1.9287729e-01;2.7500000e+01;1.4665812e-01;2.7500000e+01;9.4674103e-02;2.7500000e+01;4.8890680e-02;2.7500000e+01;7.0468709e-03;2.7500000e+01;-4.1711852e-02;2.7500000e+01;-8.1189252e-02;2.7500000e+01;-1.2618536e-01;2.7500000e+01;-6.8914019e-02;2.7500000e+01;-5.3413227e-02;2.7500000e+01;-1.1700050e-02;2.7500000e+01;6.3884959e-02;2.7500000e+01;1.6120335e-01;2.7500000e+01;2.3945969e-01;2.7500000e+01;2.6129231e-01;2.7500000e+01;2.2798690e-01;2.7500000e+01;1.7867021e-01;2.7500000e+01;2.2132729e-01;2.7500000e+01;1.9287729e-01;2.7500000e+01;1.4665812e-01;2.7500000e+01;9.4674103e-02;2.7500000e+01;4.8890680e-02;2.7500000e+01;7.0468709e-03;2.7500000e+01;-4.1711852e-02;2.7500000e+01;-8.1189252e-02;2.7500000e+01;-1.2618536e-01;2.7500000e+01;-6.8914019e-02;2.7500000e+01;-5.3413227e-02;2.7500000e+01;-1.1700050e-02;2.7500000e+01;6.3884959e-02;2.7500000e+01;1.6120335e-01;2.7500000e+01;2.3945969e-01;2.7500000e+01;2.6129231e-01;2.7500000e+01;2.2798690e-01;2.7500000e+01;1.7867021e-01;2.7500000e+01;2.2132729e-01;2.7500000e+01;1.9287729e-01;2.7500000e+01;1.4665812e-01;2.7500000e+01;9.4674103e-02;2.7500000e+01;4.8890680e-02;2.7500000e+01;7.0468709e-03;2.7500000e+01;-4.1711852e-02;2.7500000e+01;-8.1189252e-02;2.7500000e+01;-1.2618536e-01;2.7500000e+01;-6.8914019e-02;2.7500000e+01;-5.3413227e-02;2.7500000e+01;-1.1700050e-02;2.7500000e+01;6.3884959e-02;2.7500000e+01;1.6120335e-01;2.7500000e+01;2.3945969e-01;2.7500000e+01;2.6129231e-01;2.7500000e+01;2.2798690e-01;2.7500000e+01;1.7867021e-01;2.7500000e+01;2.2132729e-01;2.7500000e+01;1.9287729e-01;2.7500000e+01;1.4665812e-01;2.7500000e+01;9.4674103e-02;2.7500000e+01;4.8890680e-02;2.7500000e+01;7.0468709e-03;2.7500000e+01;-4.1711852e-02;2.7500000e+01;-8.1189252e-02;2.7500000e+01;-1.2618536e-01;2.7500000e+01;-6.8914019e-02;2.7500000e+01;-5.3413227e-02;2.7500000e+01;-1.1700050e-02;2.7500000e+01;6.3884959e-02;2.7500000e+01;1.6120335e-01;2.7500000e+01;2.3945969e-01;2.7500000e+01;2.6129231e-01;2.7500000e+01;2.2798690e-01;2.7500000e+01;1.7867021e-01;2.7500000e+01;2.2132729e-01;2.7500000e+01;1.9287729e-01;2.7500000e+01;1.4665812e-01;2.7500000e+01;9.4674103e-02;2.7500000e+01;4.8890680e-02;2.7500000e+01;7.0468709e-03;2.7500000e+01;-4.1711852e-02;2.7500000e+01;-8.1189252e-02;2.7500000e+01;-1.2618536e-01;2.7500000e+01;-6.8914019e-02;2.7500000e+01;-5.3413227e-02;2.7500000e+01;-1.1700050e-02;2.7500000e+01;6.3884959e-02;2.7500000e+01;1.6120335e-01;2.7500000e+01;2.3945969e-01;2.7500000e+01;2.6129231e-01;2.7500000e+01;2.2798690e-01;2.7500000e+01;1.7867021e-01;2.7500000e+01;2.2132729e-01;2.7500000e+01;1.9287729e-01;2.7500000e+01;1.4665812e-01;2.7500000e+01;9.4674103e-02;2.7500000e+01;4.8890680e-02;2.7500000e+01;7.0468709e-03;2.7500000e+01;-4.1711852e-02;2.7500000e+01;-8.1189252e-02;2.7500000e+01;-1.2618536e-01;2.7500000e+01;-6.8914019e-02;2.7500000e+01;-5.3413227e-02;2.7500000e+01;-1.1700050e-02;2.7500000e+01;6.3884959e-02;2.7500000e+01;1.6120335e-01;2.7500000e+01;2.3945969e-01;2.7500000e+01;2.6129231e-01;2.7500000e+01;2.2798690e-01;2.7500000e+01;1.7867021e-01;2.7500000e+01;2.2132729e-01;2.7500000e+01;1.9287729e-01;2.7500000e+01;1.4665812e-01;2.7500000e+01;9.4674103e-02;2.7500000e+01;4.8890680e-02;2.7500000e+01;7.0468709e-03;2.7500000e+01;-4.1711852e-02;2.7500000e+01;-8.1189252e-02;2.7500000e+01;-1.2618536e-01;2.7500000e+01;-6.8914019e-02;2.7500000e+01;-5.3413227e-02;2.7500000e+01;-1.1700050e-02;2.7500000e+01;6.3884959e-02;2.7500000e+01;1.6120335e-01;2.7500000e+01;2.3945969e-01;2.7500000e+01;2.6129231e-01;2.7500000e+01;2.2798690e-01;2.7500000e+01;1.7867021e-01;2.7500000e+01;2.2132729e-01;2.7500000e+01;1.9287729e-01;2.7500000e+01;1.4665812e-01;2.7500000e+01;9.4674103e-02;2.7500000e+01;4.8890680e-02;2.7500000e+01;7.0468709e-03;2.7500000e+01;-4.1711852e-02;2.7500000e+01;-8.1189252e-02;2.7500000e+01;-1.2618536e-01;2.7500000e+01;-6.8914019e-02;2.7500000e+01;-5.3413227e-02;2.7500000e+01;-1.1700050e-02;2.7500000e+01;6.3884959e-02;2.7500000e+01;1.6120335e-01;2.7500000e+01;2.3945969e-01;2.7500000e+01;2.6129231e-01;2.7500000e+01;2.2798690e-01;2.7500000e+01;1.7867021e-01;2.7500000e+01;2.2132729e-01;2.7500000e+01;1.9287729e-01;2.7500000e+01;1.4665812e-01;2.7500000e+01;9.4674103e-02;2.7500000e+01;4.8890680e-02;2.7500000e+01;7.0468709e-03;2.7500000e+01;-4.1711852e-02;2.7500000e+01;-8.1189252e-02;2.7500000e+01;-1.2618536e-01;2.7500000e+01;-6.8914019e-02;2.7500000e+01;-5.3413227e-02;2.7500000e+01;-1.1700050e-02;2.7500000e+01;6.3884959e-02;2.7500000e+01;1.6120335e-01;2.7500000e+01;2.3945969e-01;2.7500000e+01;2.6129231e-01;2.7500000e+01;2.2798690e-01;2.7500000e+01;1.7867021e-01;2.7500000e+01;2.2132729e-01;2.7500000e+01;1.9287729e-01;2.7500000e+01;1.4665812e-01;2.7500000e+01;9.4674103e-02;2.7500000e+01;4.8890680e-02;2.7500000e+01;7.0468709e-03;2.7500000e+01;-4.1711852e-02;2.7500000e+01;-8.1189252e-02;2.7500000e+01;-1.2618536e-01;2.7500000e+01;-6.8914019e-02;2.7500000e+01;-5.3413227e-02;2.7500000e+01;-1.1700050e-02;2.7500000e+01;6.3884959e-02;2.7500000e+01;1.6120335e-01;2.7500000e+01;2.3945969e-01;2.7500000e+01;2.6129231e-01;2.7500000e+01;2.2798690e-01;2.7500000e+01;1.7867021e-01;2.7500000e+01;2.2132729e-01;2.7500000e+01;1.9287729e-01;2.7500000e+01;1.4665812e-01;2.7500000e+01;9.4674103e-02;2.7500000e+01;4.8890680e-02;2.7500000e+01;7.0468709e-03;2.7500000e+01;-4.1711852e-02;2.7500000e+01;-8.1189252e-02;2.7500000e+01;-1.2618536e-01;2.7500000e+01;-6.8914019e-02;2.7500000e+01;-5.3413227e-02;2.7500000e+01;-1.1700050e-02;2.7500000e+01;6.3884959e-02;2.7500000e+01;1.6120335e-01;2.7500000e+01;2.3945969e-01;2.7500000e+01;2.6129231e-01;2.7500000e+01;2.2798690e-01;2.7500000e+01;1.7867021e-01;2.7500000e+01;2.2132729e-01;2.7500000e+01;1.9287729e-01;2.7500000e+01;1.4665812e-01;2.7500000e+01;9.4674103e-02;2.7500000e+01;4.8890680e-02;2.7500000e+01;7.0468709e-03;2.7500000e+01;-4.1711852e-02;2.7500000e+01;-8.1189252e-02;2.7500000e+01;-1.2618536e-01;2.7500000e+01;-6.8914019e-02;2.7500000e+01;-5.3413227e-02;2.7500000e+01;-1.1700050e-02;2.7500000e+01;6.3884959e-02;2.7500000e+01;1.6120335e-01;2.7500000e+01;2.3945969e-01;2.7500000e+01;2.6129231e-01;2.7500000e+01;2.2798690e-01;2.7500000e+01;1.7867021e-01;2.7500000e+01;2.2132729e-01;2.7500000e+01;1.9287729e-01;2.7500000e+01;1.4665812e-01;2.7500000e+01;9.4674103e-02;2.7500000e+01;4.8890680e-02;2.7500000e+01;7.0468709e-03;2.7500000e+01;-4.1711852e-02;2.7500000e+01;-8.1189252e-02;2.7500000e+01;-1.2618536e-01;2.7500000e+01;-6.8914019e-02;2.7500000e+01;-5.3413227e-02;2.7500000e+01;-1.1700050e-02;2.7500000e+01;6.3884959e-02;2.7500000e+01;1.6120335e-01;2.7500000e+01;2.3945969e-01;2.7500000e+01;2.6129231e-01;2.7500000e+01;2.2798690e-01;2.7500000e+01;1.7867021e-01;2.7500000e+01;2.2132729e-01;2.7500000e+01;1.9287729e-01;2.7500000e+01;1.4665812e-01;2.7500000e+01;9.4674103e-02;2.7500000e+01;4.8890680e-02;2.7500000e+01;7.0468709e-03;2.7500000e+01;-4.1711852e-02;2.7500000e+01;-8.1189252e-02;2.7500000e+01;-1.2618536e-01;2.7500000e+01;-6.8914019e-02;2.7500000e+01;-5.3413227e-02;2.7500000e+01;-1.1700050e-02;2.7500000e+01;6.3884959e-02;2.7500000e+01;1.6120335e-01;2.7500000e+01;2.3945969e-01;2.7500000e+01;2.6129231e-01;2.7500000e+01;2.2798690e-01;2.7500000e+01;1.7867021e-01;2.7500000e+01;2.2132729e-01;2.7500000e+01;1.9287729e-01;2.7500000e+01;1.4665812e-01;2.7500000e+01;9.4674103e-02;2.7500000e+01;4.8890680e-02;2.7500000e+01;7.0468709e-03;2.7500000e+01;-4.1711852e-02;2.7500000e+01;-8.1189252e-02;2.7500000e+01;-1.2618536e-01;2.7500000e+01;-6.8914019e-02;2.7500000e+01;-5.3413227e-02;2.7500000e+01;-1.1700050e-02;2.7500000e+01;6.3884959e-02;2.7500000e+01;1.6120335e-01;2.7500000e+01;2.3945969e-01;2.7500000e+01;2.6129231e-01;2.7500000e+01;2.2798690e-01;2.7500000e+01;1.7867021e-01;2.7500000e+01;2.2132729e-01;2.7500000e+01;1.9287729e-01;2.7500000e+01;1.4665812e-01;2.7500000e+01;9.4674103e-02;2.7500000e+01;4.8890680e-02;2.7500000e+01;7.0468709e-03;2.7500000e+01;-4.1711852e-02;2.7500000e+01;-8.1189252e-02;2.7500000e+01;-1.2618536e-01;2.7500000e+01;-6.8914019e-02;2.7500000e+01;-5.3413227e-02;2.7500000e+01;-1.1700050e-02;2.7500000e+01;6.3884959e-02;2.7500000e+01;1.6120335e-01;2.7500000e+01;2.3945969e-01;2.7500000e+01;2.6129231e-01;2.7500000e+01;2.2798690e-01;2.7500000e+01;1.7867021e-01;2.7500000e+01;2.2132729e-01;2.7500000e+01;1.9287729e-01;2.7500000e+01;1.4665812e-01;2.7500000e+01;9.4674103e-02;2.7500000e+01;4.8890680e-02;2.7500000e+01;7.0468709e-03;2.7500000e+01;-4.1711852e-02;2.7500000e+01;-8.1189252e-02;2.7500000e+01;-1.2618536e-01;2.7500000e+01;-6.8914019e-02;2.7500000e+01;-5.3413227e-02;2.7500000e+01;-1.1700050e-02;2.7500000e+01;6.3884959e-02;2.7500000e+01;1.6120335e-01;2.7500000e+01;2.3945969e-01;2.7500000e+01;2.6129231e-01;2.7500000e+01;2.2798690e-01;2.7500000e+01;1.7867021e-01;2.7500000e+01;2.2132729e-01;2.7500000e+01;1.9287729e-01;2.7500000e+01;1.4665812e-01;2.7500000e+01;9.4674103e-02;2.7500000e+01;4.8890680e-02;2.7500000e+01;7.0468709e-03;2.7500000e+01;-4.1711852e-02;2.7500000e+01;-8.1189252e-02;2.7500000e+01;-1.2618536e-01;2.7500000e+01;-6.8914019e-02;2.7500000e+01;-5.3413227e-02;2.7500000e+01;-1.1700050e-02;2.7500000e+01;6.3884959e-02;2.7500000e+01;1.6120335e-01;2.7500000e+01;2.3945969e-01;2.7500000e+01;2.6129231e-01;2.7500000e+01;2.2798690e-01;2.7500000e+01;1.7867021e-01;2.7500000e+01;2.2132729e-01;2.7500000e+01;1.9287729e-01;2.7500000e+01;1.4665812e-01;2.7500000e+01;9.4674103e-02;2.7500000e+01;4.8890680e-02;2.7500000e+01;7.0468709e-03;2.7500000e+01;-4.1711852e-02;2.7500000e+01;-8.1189252e-02;2.7500000e+01;-1.2618536e-01;2.7500000e+01;-6.8914019e-02;2.7500000e+01;-5.3413227e-02;2.7500000e+01;-1.1700050e-02;2.7500000e+01;6.3884959e-02;2.7500000e+01;1.6120335e-01;2.7500000e+01;2.3945969e-01;2.7500000e+01;2.6129231e-01;2.7500000e+01;2.2798690e-01;2.7500000e+01;1.7867021e-01;2.7500000e+01;2.2132729e-01;2.7500000e+01;1.9287729e-01;2.7500000e+01;1.4665812e-01;2.7500000e+01;9.4674103e-02;2.7500000e+01;4.8890680e-02;2.7500000e+01;7.0468709e-03;2.7500000e+01;-4.1711852e-02;2.7500000e+01;-8.1189252e-02;2.7500000e+01;-1.2618536e-01;2.7500000e+01;-6.8914019e-02;2.7500000e+01;-5.3413227e-02;2.7500000e+01;-1.1700050e-02;2.7500000e+01;6.3884959e-02;2.7500000e+01;1.6120335e-01;2.7500000e+01;2.3945969e-01;2.7500000e+01;2.6129231e-01;2.7500000e+01;2.2798690e-01;2.7500000e+01;1.7867021e-01;2.7500000e+01;2.2132729e-01;2.7500000e+01;1.9287729e-01;2.7500000e+01;1.4665812e-01;2.7500000e+01;9.4674103e-02;2.7500000e+01;4.8890680e-02;2.7500000e+01;7.0468709e-03;2.7500000e+01;-4.1711852e-02;2.7500000e+01;-8.1189252e-02;2.7500000e+01;-1.2618536e-01;2.7500000e+01;-6.8914019e-02;2.7500000e+01;-5.3413227e-02;2.7500000e+01;-1.1700050e-02;2.7500000e+01;6.3884959e-02;2.7500000e+01;1.6120335e-01;2.7500000e+01;2.3945969e-01;2.7500000e+01;2.6129231e-01;2.7500000e+01;2.2798690e-01;2.7500000e+01;1.7867021e-01;2.7500000e+01;2.2132729e-01;2.7500000e+01;1.9287729e-01;2.7500000e+01;1.4665812e-01;2.7500000e+01;9.4674103e-02;2.7500000e+01;4.8890680e-02;2.7500000e+01;7.0468709e-03;2.7500000e+01;-4.1711852e-02;2.7500000e+01;-8.1189252e-02;2.7500000e+01;-1.2618536e-01;2.7500000e+01;-6.8914019e-02;2.7500000e+01;-5.3413227e-02;2.7500000e+01;-1.1700050e-02;2.7500000e+01;6.3884959e-02;2.7500000e+01;1.6120335e-01;2.7500000e+01;2.3945969e-01;2.7500000e+01;2.6129231e-01;2.7500000e+01;2.2798690e-01;2.7500000e+01;1.7867021e-01;2.7500000e+01;2.2132729e-01;2.7500000e+01;1.9287729e-01;2.7500000e+01;1.4665812e-01;2.7500000e+01;9.4674103e-02;2.7500000e+01;4.8890680e-02;2.7500000e+01;7.0468709e-03;2.7500000e+01;-4.1711852e-02;2.7500000e+01;-8.1189252e-02;2.7500000e+01;-1.2618536e-01;2.7500000e+01;-6.8914019e-02;2.7500000e+01;-5.3413227e-02;2.7500000e+01;-1.1700050e-02;2.7500000e+01;6.3884959e-02;2.7500000e+01;1.6120335e-01;2.7500000e+01;2.3945969e-01;2.7500000e+01;2.6129231e-01;2.7500000e+01;2.2798690e-01;2.7500000e+01;1.7867021e-01;2.7500000e+01;2.2132729e-01;2.7500000e+01;1.9287729e-01;2.7500000e+01;1.4665812e-01;2.7500000e+01;9.4674103e-02;2.7500000e+01;4.8890680e-02;2.7500000e+01;7.0468709e-03;2.7500000e+01;-4.1711852e-02;2.7500000e+01;-8.1189252e-02;2.7500000e+01;-1.2618536e-01;2.7500000e+01;-6.8914019e-02;2.7500000e+01;-5.3413227e-02;2.7500000e+01;-1.1700050e-02;2.7500000e+01;6.3884959e-02;2.7500000e+01;1.6120335e-01;2.7500000e+01;2.3945969e-01;2.7500000e+01;2.6129231e-01;2.7500000e+01;2.2798690e-01;2.7500000e+01;1.7867021e-01;2.7500000e+01;2.2132729e-01;2.7500000e+01;1.9287729e-01;2.7500000e+01;1.4665812e-01;2.7500000e+01;9.4674103e-02;2.7500000e+01;4.8890680e-02;2.7500000e+01;7.0468709e-03;2.7500000e+01;-4.1711852e-02;2.7500000e+01;-8.1189252e-02;2.7500000e+01;-1.2618536e-01;2.7500000e+01;-6.8914019e-02;2.7500000e+01;-5.3413227e-02;2.7500000e+01;-1.1700050e-02;2.7500000e+01;6.3884959e-02;2.7500000e+01;1.6120335e-01;2.7500000e+01;2.3945969e-01;2.7500000e+01;2.6129231e-01;2.7500000e+01;2.2798690e-01;2.7500000e+01;1.7867021e-01;2.7500000e+01;2.2132729e-01;2.7500000e+01;1.9287729e-01;2.7500000e+01;1.4665812e-01;2.7500000e+01;9.4674103e-02;2.7500000e+01;4.8890680e-02;2.7500000e+01;7.0468709e-03;2.7500000e+01;-4.1711852e-02;2.7500000e+01;-8.1189252e-02;2.7500000e+01;-1.2618536e-01;2.7500000e+01;-6.8914019e-02;2.7500000e+01;-5.3413227e-02;2.7500000e+01;-1.1700050e-02;2.7500000e+01;6.3884959e-02;2.7500000e+01;1.6120335e-01;2.7500000e+01;2.3945969e-01;2.7500000e+01;2.6129231e-01;2.7500000e+01;2.2798690e-01;2.7500000e+01;1.7867021e-01;2.7500000e+01;2.2132729e-01;2.7500000e+01;1.9287729e-01;2.7500000e+01;1.4665812e-01;2.7500000e+01;9.4674103e-02;2.7500000e+01;4.8890680e-02;2.7500000e+01;7.0468709e-03;2.7500000e+01;-4.1711852e-02;2.7500000e+01;-8.1189252e-02;2.7500000e+01;-1.2618536e-01;2.7500000e+01;-6.8914019e-02;2.7500000e+01;-5.3413227e-02;2.7500000e+01;-1.1700050e-02;2.7500000e+01;6.3884959e-02;2.7500000e+01;1.6120335e-01;2.7500000e+01;2.3945969e-01;2.7500000e+01;2.6129231e-01;2.7500000e+01;2.2798690e-01;2.7500000e+01;1.7867021e-01;2.7500000e+01;2.2132729e-01;2.7500000e+01;1.9287729e-01;2.7500000e+01;1.4665812e-01;2.7500000e+01;9.4674103e-02;2.7500000e+01;4.8890680e-02;2.7500000e+01;7.0468709e-03;2.7500000e+01;-4.1711852e-02;2.7500000e+01;-8.1189252e-02;2.7500000e+01;-1.2618536e-01;2.7500000e+01;-6.8914019e-02;2.7500000e+01;-5.3413227e-02;2.7500000e+01;-1.1700050e-02;2.7500000e+01;6.3884959e-02;2.7500000e+01;1.6120335e-01;2.7500000e+01;2.3945969e-01;2.7500000e+01;2.6129231e-01;2.7500000e+01;2.2798690e-01;2.7500000e+01;1.7867021e-01;2.7500000e+01;2.2132729e-01;2.7500000e+01;1.9287729e-01;2.7500000e+01;1.4665812e-01;2.7500000e+01;9.4674103e-02;2.7500000e+01;4.8890680e-02;2.7500000e+01;7.0468709e-03;2.7500000e+01;-4.1711852e-02;2.7500000e+01;-8.1189252e-02;2.7500000e+01;-1.2618536e-01;2.7500000e+01;-6.8914019e-02;2.7500000e+01;-5.3413227e-02;2.7500000e+01;-1.1700050e-02;2.7500000e+01;6.3884959e-02;2.7500000e+01;1.6120335e-01;2.7500000e+01;2.3945969e-01;2.7500000e+01;2.6129231e-01;2.7500000e+01;2.2798690e-01;2.7500000e+01;1.7867021e-01;2.7500000e+01;2.2132729e-01;2.7500000e+01;1.9287729e-01;2.7500000e+01;1.4665812e-01;2.7500000e+01;9.4674103e-02;2.7500000e+01;4.8890680e-02;2.7500000e+01;7.0468709e-03;2.7500000e+01;-4.1711852e-02;2.7500000e+01;-8.1189252e-02;2.7500000e+01;-1.2618536e-01;2.7500000e+01;-6.8914019e-02;2.7500000e+01;-5.3413227e-02;2.7500000e+01;-1.1700050e-02;2.7500000e+01;6.3884959e-02;2.7500000e+01;1.6120335e-01;2.7500000e+01;2.3945969e-01;2.7500000e+01;2.6129231e-01;2.7500000e+01;2.2798690e-01;2.7500000e+01;1.7867021e-01;2.7500000e+01;2.2132729e-01;2.7500000e+01;1.9287729e-01;2.7500000e+01;1.4665812e-01;2.7500000e+01;9.4674103e-02;2.7500000e+01;4.8890680e-02;2.7500000e+01;7.0468709e-03;2.7500000e+01;-4.1711852e-02;2.7500000e+01;-8.1189252e-02;2.7500000e+01;-1.2618536e-01;2.7500000e+01;-6.8914019e-02;2.7500000e+01;-5.3413227e-02;2.7500000e+01;-1.1700050e-02;2.7500000e+01;6.3884959e-02;2.7500000e+01;1.6120335e-01;2.7500000e+01;2.3945969e-01;2.7500000e+01;2.6129231e-01;2.7500000e+01;2.2798690e-01;2.7500000e+01;1.7867021e-01;2.7500000e+01;2.2132729e-01;2.7500000e+01;1.9287729e-01;2.7500000e+01;1.4665812e-01;2.7500000e+01;9.4674103e-02;2.7500000e+01;4.8890680e-02;2.7500000e+01;7.0468709e-03;2.7500000e+01;-4.1711852e-02;2.7500000e+01;-8.1189252e-02;2.7500000e+01;-1.2618536e-01;2.7500000e+01;-6.8914019e-02;2.7500000e+01;-5.3413227e-02;2.7500000e+01;-1.1700050e-02;2.7500000e+01;6.3884959e-02;2.7500000e+01;1.6120335e-01;2.7500000e+01;2.3945969e-01;2.7500000e+01;2.6129231e-01;2.7500000e+01;2.2798690e-01;2.7500000e+01;1.7867021e-01;2.7500000e+01;2.2132729e-01;2.7500000e+01;1.9287729e-01;2.7500000e+01;1.4665812e-01;2.7500000e+01;9.4674103e-02;2.7500000e+01;4.8890680e-02;2.7500000e+01;7.0468709e-03;2.7500000e+01;-4.1711852e-02;2.7500000e+01;-8.1189252e-02;2.7500000e+01;-1.2618536e-01;2.7500000e+01;-6.8914019e-02;2.7500000e+01;-5.3413227e-02;2.7500000e+01;-1.1700050e-02;2.7500000e+01;6.3884959e-02;2.7500000e+01;1.6120335e-01;2.7500000e+01;2.3945969e-01;2.7500000e+01;2.6129231e-01;2.7500000e+01;2.2798690e-01;2.7500000e+01;1.7867021e-01;2.7500000e+01;2.2132729e-01;2.7500000e+01;1.9287729e-01;2.7500000e+01;1.4665812e-01;2.7500000e+01;9.4674103e-02;2.7500000e+01;4.8890680e-02;2.7500000e+01;7.0468709e-03;2.7500000e+01;-4.1711852e-02;2.7500000e+01;-8.1189252e-02;2.7500000e+01;-1.2618536e-01;2.7500000e+01;-6.8914019e-02;2.7500000e+01;-5.3413227e-02;2.7500000e+01;-1.1700050e-02;2.7500000e+01;6.3884959e-02;2.7500000e+01;1.6120335e-01;2.7500000e+01;2.3945969e-01;2.7500000e+01;2.6129231e-01;2.7500000e+01;2.2798690e-01;2.7500000e+01;1.7867021e-01;2.7500000e+01;2.2132729e-01;2.7500000e+01;1.9287729e-01;2.7500000e+01;1.4665812e-01;2.7500000e+01;9.4674103e-02;2.7500000e+01;4.8890680e-02;2.7500000e+01;7.0468709e-03;2.7500000e+01;-4.1711852e-02;2.7500000e+01;-8.1189252e-02;2.7500000e+01;-1.2618536e-01;2.7500000e+01;-6.8914019e-02;2.7500000e+01;-5.3413227e-02;2.7500000e+01;-1.1700050e-02;2.7500000e+01;6.3884959e-02;2.7500000e+01;1.6120335e-01;2.7500000e+01;2.3945969e-01;2.7500000e+01;2.6129231e-01;2.7500000e+01;2.2798690e-01;2.7500000e+01;1.7867021e-01;2.7500000e+01;2.2132729e-01;2.7500000e+01;1.9287729e-01;2.7500000e+01;1.4665812e-01;2.7500000e+01;9.4674103e-02;2.7500000e+01;4.8890680e-02;2.7500000e+01;7.0468709e-03;2.7500000e+01;-4.1711852e-02;2.7500000e+01;-8.1189252e-02;2.7500000e+01;-1.2618536e-01;2.7500000e+01;-6.8914019e-02;2.7500000e+01;-5.3413227e-02;2.7500000e+01;-1.1700050e-02;2.7500000e+01;6.3884959e-02;2.7500000e+01;1.6120335e-01;2.7500000e+01;2.3945969e-01;2.7500000e+01;2.6129231e-01;2.7500000e+01;2.2798690e-01;2.7500000e+01;1.7867021e-01;2.7500000e+01;2.2132729e-01;2.7500000e+01;1.9287729e-01;2.7500000e+01;1.4665812e-01;2.7500000e+01;9.4674103e-02;2.7500000e+01;4.8890680e-02;2.7500000e+01;7.0468709e-03;2.7500000e+01;-4.1711852e-02;2.7500000e+01;-8.1189252e-02;2.7500000e+01;-1.2618536e-01;2.7500000e+01;-6.8914019e-02;2.7500000e+01;-5.3413227e-02;2.7500000e+01;-1.1700050e-02;2.7500000e+01;6.3884959e-02;2.7500000e+01;1.6120335e-01;2.7500000e+01;2.3945969e-01;2.7500000e+01;2.6129231e-01;2.7500000e+01;2.2798690e-01;2.7500000e+01;1.7867021e-01;2.7500000e+01;2.2132729e-01;2.7500000e+01;1.9287729e-01;2.7500000e+01;1.4665812e-01;2.7500000e+01;9.4674103e-02;2.7500000e+01;4.8890680e-02;2.7500000e+01;7.0468709e-03;2.7500000e+01;-4.1711852e-02;2.7500000e+01;-8.1189252e-02;2.7500000e+01;-1.2618536e-01;2.7500000e+01;-6.8914019e-02;2.7500000e+01;-5.3413227e-02;2.7500000e+01;-1.1700050e-02;2.7500000e+01;6.3884959e-02;2.7500000e+01;1.6120335e-01;2.7500000e+01;2.3945969e-01;2.7500000e+01;2.6129231e-01;2.7500000e+01;2.2798690e-01;2.7500000e+01;1.7867021e-01;2.7500000e+01;2.2132729e-01;2.7500000e+01;1.9287729e-01;2.7500000e+01;1.4665812e-01;2.7500000e+01;9.4674103e-02;2.7500000e+01;4.8890680e-02;2.7500000e+01;7.0468709e-03;2.7500000e+01;-4.1711852e-02;2.7500000e+01;-8.1189252e-02;2.7500000e+01;-1.2618536e-01;2.7500000e+01;-6.8914019e-02;2.7500000e+01;-5.3413227e-02;2.7500000e+01;-1.1700050e-02;2.7500000e+01;6.3884959e-02;2.7500000e+01;1.6120335e-01;2.7500000e+01;2.3945969e-01;2.7500000e+01;2.6129231e-01;2.7500000e+01;2.2798690e-01;2.7500000e+01;1.7867021e-01;2.7500000e+01;2.2132729e-01;2.7500000e+01;1.9287729e-01;2.7500000e+01;1.4665812e-01;2.7500000e+01;9.4674103e-02;2.7500000e+01;4.8890680e-02;2.7500000e+01;7.0468709e-03;2.7500000e+01;-4.1711852e-02;2.7500000e+01;-8.1189252e-02;2.7500000e+01;-1.2618536e-01;2.7500000e+01;-6.8914019e-02;2.7500000e+01;-5.3413227e-02;2.7500000e+01;-1.1700050e-02;2.7500000e+01;6.3884959e-02;2.7500000e+01;1.6120335e-01;2.7500000e+01;2.3945969e-01;2.7500000e+01;2.6129231e-01;2.7500000e+01;2.2798690e-01;2.7500000e+01;1.7867021e-01;2.7500000e+01;2.2132729e-01;2.7500000e+01;1.9287729e-01;2.7500000e+01;1.4665812e-01;2.7500000e+01;9.4674103e-02;2.7500000e+01;4.8890680e-02;2.7500000e+01;7.0468709e-03;2.7500000e+01;-4.1711852e-02;2.7500000e+01;-8.1189252e-02;2.7500000e+01;-1.2618536e-01;2.7500000e+01;-6.8914019e-02;2.7500000e+01;-5.3413227e-02;2.7500000e+01;-1.1700050e-02;2.7500000e+01;6.3884959e-02;2.7500000e+01;1.6120335e-01;2.7500000e+01;2.3945969e-01;2.7500000e+01;2.6129231e-01;2.7500000e+01;2.2798690e-01;2.7500000e+01;1.7867021e-01;2.7500000e+01;2.2132729e-01;2.7500000e+01;1.9287729e-01;2.7500000e+01;1.4665812e-01;2.7500000e+01;9.4674103e-02;2.7500000e+01;4.8890680e-02;2.7500000e+01;7.0468709e-03;2.7500000e+01;-4.1711852e-02;2.7500000e+01;-8.1189252e-02;2.7500000e+01;-1.2618536e-01;2.7500000e+01;-6.8914019e-02;2.7500000e+01;-5.3413227e-02;2.7500000e+01;-1.1700050e-02;2.7500000e+01;6.3884959e-02;2.7500000e+01;1.6120335e-01;2.7500000e+01;2.3945969e-01;2.7500000e+01;2.6129231e-01;2.7500000e+01;2.2798690e-01;2.7500000e+01;1.7867021e-01;2.7500000e+01;2.2132729e-01;2.7500000e+01;1.9287729e-01;2.7500000e+01;1.4665812e-01;2.7500000e+01;9.4674103e-02;2.7500000e+01;4.8890680e-02;2.7500000e+01;7.0468709e-03;2.7500000e+01;-4.1711852e-02;2.7500000e+01;-8.1189252e-02;2.7500000e+01;-1.2618536e-01;2.7500000e+01;-6.8914019e-02;2.7500000e+01;-5.3413227e-02;2.7500000e+01;-1.1700050e-02;2.7500000e+01;6.3884959e-02;2.7500000e+01;1.6120335e-01;2.7500000e+01;2.3945969e-01;2.7500000e+01;2.6129231e-01;2.7500000e+01;2.2798690e-01;2.7500000e+01;1.7867021e-01;2.7500000e+01;2.2132729e-01;2.7500000e+01;1.9287729e-01;2.7500000e+01;1.4665812e-01;2.7500000e+01;9.4674103e-02;2.7500000e+01;4.8890680e-02;2.7500000e+01;7.0468709e-03;2.7500000e+01;-4.1711852e-02;2.7500000e+01;-8.1189252e-02;2.7500000e+01;-1.2618536e-01;2.7500000e+01;-6.8914019e-02;2.7500000e+01;-5.3413227e-02;2.7500000e+01;-1.1700050e-02;2.7500000e+01;6.3884959e-02;2.7500000e+01;1.6120335e-01;2.7500000e+01;2.3945969e-01;2.7500000e+01;2.6129231e-01;2.7500000e+01;2.2798690e-01;2.7500000e+01;1.7867021e-01;2.7500000e+01;2.2132729e-01;2.7500000e+01;1.9287729e-01;2.7500000e+01;1.4665812e-01;2.7500000e+01;9.4674103e-02;2.7500000e+01;4.8890680e-02;2.7500000e+01;7.0468709e-03;2.7500000e+01;-4.1711852e-02;2.7500000e+01;-8.1189252e-02;2.7500000e+01;-1.2618536e-01;2.7500000e+01;-6.8914019e-02;2.7500000e+01;-5.3413227e-02;2.7500000e+01;-1.1700050e-02;2.7500000e+01;6.3884959e-02;2.7500000e+01;1.6120335e-01;2.7500000e+01;2.3945969e-01;2.7500000e+01;2.6129231e-01;2.7500000e+01;2.2798690e-01;2.7500000e+01;1.7867021e-01;2.7500000e+01;2.2132729e-01;2.7500000e+01;1.9287729e-01;2.7500000e+01;1.4665812e-01;2.7500000e+01;9.4674103e-02;2.7500000e+01;4.8890680e-02;2.7500000e+01;7.0468709e-03;2.7500000e+01;-4.1711852e-02;2.7500000e+01;-8.1189252e-02;2.7500000e+01;-1.2618536e-01;2.7500000e+01;-6.8914019e-02;2.7500000e+01;-5.3413227e-02;2.7500000e+01;-1.1700050e-02;2.7500000e+01;6.3884959e-02;2.7500000e+01;1.6120335e-01;2.7500000e+01;2.3945969e-01;2.7500000e+01;2.6129231e-01;2.7500000e+01;2.2798690e-01;2.7500000e+01;1.7867021e-01;2.7500000e+01;2.2132729e-01;2.7500000e+01;1.9287729e-01;2.7500000e+01;1.4665812e-01;2.7500000e+01;9.4674103e-02;2.7500000e+01;4.8890680e-02;2.7500000e+01;7.0468709e-03;2.7500000e+01;-4.1711852e-02;2.7500000e+01;-8.1189252e-02;2.7500000e+01;-1.2618536e-01
3.2500000e+01;-6.6902392e-02;3.2500000e+01;-4.0141005e-02;3.2500000e+01;3.4569427e-03;3.2500000e+01;7.1324490e-02;3.2500000e+01;1.6837716e-01;3.2500000e+01;2.5266072e-01;3.2500000e+01;2.7379143e-01;3.2500000e+01;2.3898184e-01;3.2500000e+01;1.8274316e-01;3.2500000e+01;2.1888401e-01;3.2500000e+01;1.9304317e-01;3.2500000e+01;1.4634089e-01;3.2500000e+01;9.8404795e-02;3.2500000e+01;5.0070658e-02;3.2500000e+01;8.5775778e-03;3.2500000e+01;-3.9975777e-02;3.2500000e+01;-7.8834191e-02;3.2500000e+01;-1.2198564e-01;3.2500000e+01;-6.6902392e-02;3.2500000e+01;-4.0141005e-02;3.2500000e+01;3.4569427e-03;3.2500000e+01;7.1324490e-02;3.2500000e+01;1.6837716e-01;3.2500000e+01;2.5266072e-01;3.2500000e+01;2.7379143e-01;3.2500000e+01;2.3898184e-01;3.2500000e+01;1.8274316e-01;3.2500000e+01;2.1888401e-01;3.2500000e+01;1.9304317e-01;3.2500000e+01;1.4634089e-01;3.2500000e+01;9.8404795e-02;3.2500000e+01;5.0070658e-02;3.2500000e+01;8.5775778e-03;3.2500000e+01;-3.9975777e-02;3.2500000e+01;-7.8834191e-02;3.2500000e+01;-1.2198564e-01;3.2500000e+01;-6.6902392e-02;3.2500000e+01;-4.0141005e-02;3.2500000e+01;3.4569427e-03;3.2500000e+01;7.1324490e-02;3.2500000e+01;1.6837716e-01;3.2500000e+01;2.5266072e-01;3.2500000e+01;2.7379143e-01;3.2500000e+01;2.3898184e-01;3.2500000e+01;1.8274316e-01;3.2500000e+01;2.1888401e-01;3.2500000e+01;1.9304317e-01;3.2500000e+01;1.4634089e-01;3.2500000e+01;9.8404795e-02;3.2500000e+01;5.0070658e-02;3.2500000e+01;8.5775778e-03;3.2500000e+01;-3.9975777e-02;3.2500000e+01;-7.8834191e-02;3.2500000e+01;-1.2198564e-01;3.2500000e+01;-6.6902392e-02;3.2500000e+01;-4.0141005e-02;3.2500000e+01;3.4569427e-03;3.2500000e+01;7.1324490e-02;3.2500000e+01;1.6837716e-01;3.2500000e+01;2.5266072e-01;3.2500000e+01;2.7379143e-01;3.2500000e+01;2.3898184e-01;3.2500000e+01;1.8274316e-01;3.2500000e+01;2.1888401e-01;3.2500000e+01;1.9304317e-01;3.2500000e+01;1.4634089e-01;3.2500000e+01;9.8404795e-02;3.2500000e+01;5.0070658e-02;3.2500000e+01;8.5775778e-03;3.2500000e+01;-3.9975777e-02;3.2500000e+01;-7.8834191e-02;3.2500000e+01;-1.2198564e-01;3.2500000e+01;-6.6902392e-02;3.2500000e+01;-4.0141005e-02;3.2500000e+01;3.4569427e-03;3.2500000e+01;7.1324490e-02;3.2500000e+01;1.6837716e-01;3.2500000e+01;2.5266072e-01;3.2500000e+01;2.7379143e-01;3.2500000e+01;2.3898184e-01;3.2500000e+01;1.8274316e-01;3.2500000e+01;2.1888401e-01;3.2500000e+01;1.9304317e-01;3.2500000e+01;1.4634089e-01;3.2500000e+01;9.8404795e-02;3.2500000e+01;5.0070658e-02;3.2500000e+01;8.5775778e-03;3.2500000e+01;-3.9975777e-02;3.2500000e+01;-7.8834191e-02;3.2500000e+01;-1.2198564e-01;3.2500000e+01;-6.6902392e-02;3.2500000e+01;-4.0141005e-02;3.2500000e+01;3.4569427e-03;3.2500000e+01;7.1324490e-02;3.2500000e+01;1.6837716e-01;3.2500000e+01;2.5266072e-01;3.2500000e+01;2.7379143e-01;3.2500000e+01;2.3898184e-01;3.2500000e+01;1.8274316e-01;3.2500000e+01;2.1888401e-01;3.2500000e+01;1.9304317e-01;3.2500000e+01;1.4634089e-01;3.2500000e+01;9.8404795e-02;3.2500000e+01;5.0070658e-02;3.2500000e+01;8.5775778e-03;3.2500000e+01;-3.9975777e-02;3.2500000e+01;-7.8834191e-02;3.2500000e+01;-1.2198564e-01;3.2500000e+01;-6.6902392e-02;3.2500000e+01;-4.0141005e-02;3.2500000e+01;3.4569427e-03;3.2500000e+01;7.1324490e-02;3.2500000e+01;1.6837716e-01;3.2500000e+01;2.5266072e-01;3.2500000e+01;2.7379143e-01;3.2500000e+01;2.3898184e-01;3.2500000e+01;1.8274316e-01;3.2500000e+01;2.1888401e-01;3.2500000e+01;1.9304317e-01;3.2500000e+01;1.4634089e-01;3.2500000e+01;9.8404795e-02;3.2500000e+01;5.0070658e-02;3.2500000e+01;8.5775778e-03;3.2500000e+01;-3.9975777e-02;3.2500000e+01;-7.8834191e-02;3.2500000e+01;-1.2198564e-01;3.2500000e+01;-6.6902392e-02;3.2500000e+01;-4.0141005e-02;3.2500000e+01;3.4569427e-03;3.2500000e+01;7.1324490e-02;3.2500000e+01;1.6837716e-01;3.2500000e+01;2.5266072e-01;3.2500000e+01;2.7379143e-01;3.2500000e+01;2.3898184e-01;3.2500000e+01;1.8274316e-01;3.2500000e+01;2.1888401e-01;3.2500000e+01;1.9304317e-01;3.2500000e+01;1.4634089e-01;3.2500000e+01;9.8404795e-02;3.2500000e+01;5.0070658e-02;3.2500000e+01;8.5775778e-03;3.2500000e+01;-3.9975777e-02;3.2500000e+01;-7.8834191e-02;3.2500000e+01;-1.2198564e-01;3.2500000e+01;-6.6902392e-02;3.2500000e+01;-4.0141005e-02;3.2500000e+01;3.4569427e-03;3.2500000e+01;7.1324490e-02;3.2500000e+01;1.6837716e-01;3.2500000e+01;2.5266072e-01;3.2500000e+01;2.7379143e-01;3.2500000e+01;2.3898184e-01;3.2500000e+01;1.8274316e-01;3.2500000e+01;2.1888401e-01;3.2500000e+01;1.9304317e-01;3.2500000e+01;1.4634089e-01;3.2500000e+01;9.8404795e-02;3.2500000e+01;5.0070658e-02;3.2500000e+01;8.5775778e-03;3.2500000e+01;-3.9975777e-02;3.2500000e+01;-7.8834191e-02;3.2500000e+01;-1.2198564e-01;3.2500000e+01;-6.6902392e-02;3.2500000e+01;-4.0141005e-02;3.2500000e+01;3.4569427e-03;3.2500000e+01;7.1324490e-02;3.2500000e+01;1.6837716e-01;3.2500000e+01;2.5266072e-01;3.2500000e+01;2.7379143e-01;3.2500000e+01;2.3898184e-01;3.2500000e+01;1.8274316e-01;3.2500000e+01;2.1888401e-01;3.2500000e+01;1.9304317e-01;3.2500000e+01;1.4634089e-01;3.2500000e+01;9.8404795e-02;3.2500000e+01;5.0070658e-02;3.2500000e+01;8.5775778e-03;3.2500000e+01;-3.9975777e-02;3.2500000e+01;-7.8834191e-02;3.2500000e+01;-1.2198564e-01;3.2500000e+01;-6.6902392e-02;3.2500000e+01;-4.0141005e-02;3.2500000e+01;3.4569427e-03;3.2500000e+01;7.1324490e-02;3.2500000e+01;1.6837716e-01;3.2500000e+01;2.5266072e-01;3.2500000e+01;2.7379143e-01;3.2500000e+01;2.3898184e-01;3.2500000e+01;1.8274316e-01;3.2500000e+01;2.1888401e-01;3.2500000e+01;1.9304317e-01;3.2500000e+01;1.4634089e-01;3.2500000e+01;9.8404795e-02;3.2500000e+01;5.0070658e-02;3.2500000e+01;8.5775778e-03;3.2500000e+01;-3.9975777e-02;3.2500000e+01;-7.8834191e-02;3.2500000e+01;-1.2198564e-01;3.2500000e+01;-6.6902392e-02;3.2500000e+01;-4.0141005e-02;3.2500000e+01;3.4569427e-03;3.2500000e+01;7.1324490e-02;3.2500000e+01;1.6837716e-01;3.2500000e+01;2.5266072e-01;3.2500000e+01;2.7379143e-01;3.2500000e+01;2.3898184e-01;3.2500000e+01;1.8274316e-01;3.2500000e+01;2.1888401e-01;3.2500000e+01;1.9304317e-01;3.2500000e+01;1.4634089e-01;3.2500000e+01;9.8404795e-02;3.2500000e+01;5.0070658e-02;3.2500000e+01;8.5775778e-03;3.2500000e+01;-3.9975777e-02;3.2500000e+01;-7.8834191e-02;3.2500000e+01;-1.2198564e-01;3.2500000e+01;-6.6902392e-02;3.2500000e+01;-4.0141005e-02;3.2500000e+01;3.4569427e-03;3.2500000e+01;7.1324490e-02;3.2500000e+01;1.6837716e-01;3.2500000e+01;2.5266072e-01;3.2500000e+01;2.7379143e-01;3.2500000e+01;2.3898184e-01;3.2500000e+01;1.8274316e-01;3.2500000e+01;2.1888401e-01;3.2500000e+01;1.9304317e-01;3.2500000e+01;1.4634089e-01;3.2500000e+01;9.8404795e-02;3.2500000e+01;5.0070658e-02;3.2500000e+01;8.5775778e-03;3.2500000e+01;-3.9975777e-02;3.2500000e+01;-7.8834191e-02;3.2500000e+01;-1.2198564e-01;3.2500000e+01;-6.6902392e-02;3.2500000e+01;-4.0141005e-02;3.2500000e+01;3.4569427e-03;3.2500000e+01;7.1324490e-02;3.2500000e+01;1.6837716e-01;3.2500000e+01;2.5266072e-01;3.2500000e+01;2.7379143e-01;3.2500000e+01;2.3898184e-01;3.2500000e+01;1.8274316e-01;3.2500000e+01;2.1888401e-01;3.2500000e+01;1.9304317e-01;3.2500000e+01;1.4634089e-01;3.2500000e+01;9.8404795e-02;3.2500000e+01;5.0070658e-02;3.2500000e+01;8.5775778e-03;3.2500000e+01;-3.9975777e-02;3.2500000e+01;-7.8834191e-02;3.2500000e+01;-1.2198564e-01;3.2500000e+01;-6.6902392e-02;3.2500000e+01;-4.0141005e-02;3.2500000e+01;3.4569427e-03;3.2500000e+01;7.1324490e-02;3.2500000e+01;1.6837716e-01;3.2500000e+01;2.5266072e-01;3.2500000e+01;2.7379143e-01;3.2500000e+01;2.3898184e-01;3.2500000e+01;1.8274316e-01;3.2500000e+01;2.1888401e-01;3.2500000e+01;1.9304317e-01;3.2500000e+01;1.4634089e-01;3.2500000e+01;9.8404795e-02;3.2500000e+01;5.0070658e-02;3.2500000e+01;8.5775778e-03;3.2500000e+01;-3.9975777e-02;3.2500000e+01;-7.8834191e-02;3.2500000e+01;-1.2198564e-01;3.2500000e+01;-6.6902392e-02;3.2500000e+01;-4.0141005e-02;3.2500000e+01;3.4569427e-03;3.2500000e+01;7.1324490e-02;3.2500000e+01;1.6837716e-01;3.2500000e+01;2.5266072e-01;3.2500000e+01;2.7379143e-01;3.2500000e+01;2.3898184e-01;3.2500000e+01;1.8274316e-01;3.2500000e+01;2.1888401e-01;3.2500000e+01;1.9304317e-01;3.2500000e+01;1.4634089e-01;3.2500000e+01;9.8404795e-02;3.2500000e+01;5.0070658e-02;3.2500000e+01;8.5775778e-03;3.2500000e+01;-3.9975777e-02;3.2500000e+01;-7.8834191e-02;3.2500000e+01;-1.2198564e-01;3.2500000e+01;-6.6902392e-02;3.2500000e+01;-4.0141005e-02;3.2500000e+01;3.4569427e-03;3.2500000e+01;7.1324490e-02;3.2500000e+01;1.6837716e-01;3.2500000e+01;2.5266072e-01;3.2500000e+01;2.7379143e-01;3.2500000e+01;2.3898184e-01;3.2500000e+01;1.8274316e-01;3.2500000e+01;2.1888401e-01;3.2500000e+01;1.9304317e-01;3.2500000e+01;1.4634089e-01;3.2500000e+01;9.8404795e-02;3.2500000e+01;5.0070658e-02;3.2500000e+01;8.5775778e-03;3.2500000e+01;-3.9975777e-02;3.2500000e+01;-7.8834191e-02;3.2500000e+01;-1.2198564e-01;3.2500000e+01;-6.6902392e-02;3.2500000e+01;-4.0141005e-02;3.2500000e+01;3.4569427e-03;3.2500000e+01;7.1324490e-02;3.2500000e+01;1.6837716e-01;3.2500000e+01;2.5266072e-01;3.2500000e+01;2.7379143e-01;3.2500000e+01;2.3898184e-01;3.2500000e+01;1.8274316e-01;3.2500000e+01;2.1888401e-01;3.2500000e+01;1.9304317e-01;3.2500000e+01;1.4634089e-01;3.2500000e+01;9.8404795e-02;3.2500000e+01;5.0070658e-02;3.2500000e+01;8.5775778e-03;3.2500000e+01;-3.9975777e-02;3.2500000e+01;-7.8834191e-02;3.2500000e+01;-1.2198564e-01;3.2500000e+01;-6.6902392e-02;3.2500000e+01;-4.0141005e-02;3.2500000e+01;3.4569427e-03;3.2500000e+01;7.1324490e-02;3.2500000e+01;1.6837716e-01;3.2500000e+01;2.5266072e-01;3.2500000e+01;2.7379143e-01;3.2500000e+01;2.3898184e-01;3.2500000e+01;1.8274316e-01;3.2500000e+01;2.1888401e-01;3.2500000e+01;1.9304317e-01;3.2500000e+01;1.4634089e-01;3.2500000e+01;9.8404795e-02;3.2500000e+01;5.0070658e-02;3.2500000e+01;8.5775778e-03;3.2500000e+01;-3.9975777e-02;3.2500000e+01;-7.8834191e-02;3.2500000e+01;-1.2198564e-01;3.2500000e+01;-6.6902392e-02;3.2500000e+01;-4.0141005e-02;3.2500000e+01;3.4569427e-03;3.2500000e+01;7.1324490e-02;3.2500000e+01;1.6837716e-01;3.2500000e+01;2.5266072e-01;3.2500000e+01;2.7379143e-01;3.2500000e+01;2.3898184e-01;3.2500000e+01;1.8274316e-01;3.2500000e+01;2.1888401e-01;3.2500000e+01;1.9304317e-01;3.2500000e+01;1.4634089e-01;3.2500000e+01;9.8404795e-02;3.2500000e+01;5.0070658e-02;3.2500000e+01;8.5775778e-03;3.2500000e+01;-3.9975777e-02;3.2500000e+01;-7.8834191e-02;3.2500000e+01;-1.2198564e-01;3.2500000e+01;-6.6902392e-02;3.2500000e+01;-4.0141005e-02;3.2500000e+01;3.4569427e-03;3.2500000e+01;7.1324490e-02;3.2500000e+01;1.6837716e-01;3.2500000e+01;2.5266072e-01;3.2500000e+01;2.7379143e-01;3.2500000e+01;2.3898184e-01;3.2500000e+01;1.8274316e-01;3.2500000e+01;2.1888401e-01;3.2500000e+01;1.9304317e-01;3.2500000e+01;1.4634089e-01;3.2500000e+01;9.8404795e-02;3.2500000e+01;5.0070658e-02;3.2500000e+01;8.5775778e-03;3.2500000e+01;-3.9975777e-02;3.2500000e+01;-7.8834191e-02;3.2500000e+01;-1.2198564e-01;3.2500000e+01;-6.6902392e-02;3.2500000e+01;-4.0141005e-02;3.2500000e+01;3.4569427e-03;3.2500000e+01;7.1324490e-02;3.2500000e+01;1.6837716e-01;3.2500000e+01;2.5266072e-01;3.2500000e+01;2.7379143e-01;3.2500000e+01;2.3898184e-01;3.2500000e+01;1.8274316e-01;3.2500000e+01;2.1888401e-01;3.2500000e+01;1.9304317e-01;3.2500000e+01;1.4634089e-01;3.2500000e+01;9.8404795e-02;3.2500000e+01;5.0070658e-02;3.2500000e+01;8.5775778e-03;3.2500000e+01;-3.9975777e-02;3.2500000e+01;-7.8834191e-02;3.2500000e+01;-1.2198564e-01;3.2500000e+01;-6.6902392e-02;3.2500000e+01;-4.0141005e-02;3.2500000e+01;3.4569427e-03;3.2500000e+01;7.1324490e-02;3.2500000e+01;1.6837716e-01;3.2500000e+01;2.5266072e-01;3.2500000e+01;2.7379143e-01;3.2500000e+01;2.3898184e-01;3.2500000e+01;1.8274316e-01;3.2500000e+01;2.1888401e-01;3.2500000e+01;1.9304317e-01;3.2500000e+01;1.4634089e-01;3.2500000e+01;9.8404795e-02;3.2500000e+01;5.0070658e-02;3.2500000e+01;8.5775778e-03;3.2500000e+01;-3.9975777e-02;3.2500000e+01;-7.8834191e-02;3.2500000e+01;-1.2198564e-01;3.2500000e+01;-6.6902392e-02;3.2500000e+01;-4.0141005e-02;3.2500000e+01;3.4569427e-03;3.2500000e+01;7.1324490e-02;3.2500000e+01;1.6837716e-01;3.2500000e+01;2.5266072e-01;3.2500000e+01;2.7379143e-01;3.2500000e+01;2.3898184e-01;3.2500000e+01;1.8274316e-01;3.2500000e+01;2.1888401e-01;3.2500000e+01;1.9304317e-01;3.2500000e+01;1.4634089e-01;3.2500000e+01;9.8404795e-02;3.2500000e+01;5.0070658e-02;3.2500000e+01;8.5775778e-03;3.2500000e+01;-3.9975777e-02;3.2500000e+01;-7.8834191e-02;3.2500000e+01;-1.2198564e-01;3.2500000e+01;-6.6902392e-02;3.2500000e+01;-4.0141005e-02;3.2500000e+01;3.4569427e-03;3.2500000e+01;7.1324490e-02;3.2500000e+01;1.6837716e-01;3.2500000e+01;2.5266072e-01;3.2500000e+01;2.7379143e-01;3.2500000e+01;2.3898184e-01;3.2500000e+01;1.8274316e-01;3.2500000e+01;2.1888401e-01;3.2500000e+01;1.9304317e-01;3.2500000e+01;1.4634089e-01;3.2500000e+01;9.8404795e-02;3.2500000e+01;5.0070658e-02;3.2500000e+01;8.5775778e-03;3.2500000e+01;-3.9975777e-02;3.2500000e+01;-7.8834191e-02;3.2500000e+01;-1.2198564e-01;3.2500000e+01;-6.6902392e-02;3.2500000e+01;-4.0141005e-02;3.2500000e+01;3.4569427e-03;3.2500000e+01;7.1324490e-02;3.2500000e+01;1.6837716e-01;3.2500000e+01;2.5266072e-01;3.2500000e+01;2.7379143e-01;3.2500000e+01;2.3898184e-01;3.2500000e+01;1.8274316e-01;3.2500000e+01;2.1888401e-01;3.2500000e+01;1.9304317e-01;3.2500000e+01;1.4634089e-01;3.2500000e+01;9.8404795e-02;3.2500000e+01;5.0070658e-02;3.2500000e+01;8.5775778e-03;3.2500000e+01;-3.9975777e-02;3.2500000e+01;-7.8834191e-02;3.2500000e+01;-1.2198564e-01;3.2500000e+01;-6.6902392e-02;3.2500000e+01;-4.0141005e-02;3.2500000e+01;3.4569427e-03;3.2500000e+01;7.1324490e-02;3.2500000e+01;1.6837716e-01;3.2500000e+01;2.5266072e-01;3.2500000e+01;2.7379143e-01;3.2500000e+01;2.3898184e-01;3.2500000e+01;1.8274316e-01;3.2500000e+01;2.1888401e-01;3.2500000e+01;1.9304317e-01;3.2500000e+01;1.4634089e-01;3.2500000e+01;9.8404795e-02;3.2500000e+01;5.0070658e-02;3.2500000e+01;8.5775778e-03;3.2500000e+01;-3.9975777e-02;3.2500000e+01;-7.8834191e-02;3.2500000e+01;-1.2198564e-01;3.2500000e+01;-6.6902392e-02;3.2500000e+01;-4.0141005e-02;3.2500000e+01;3.4569427e-03;3.2500000e+01;7.1324490e-02;3.2500000e+01;1.6837716e-01;3.2500000e+01;2.5266072e-01;3.2500000e+01;2.7379143e-01;3.2500000e+01;2.3898184e-01;3.2500000e+01;1.8274316e-01;3.2500000e+01;2.1888401e-01;3.2500000e+01;1.9304317e-01;3.2500000e+01;1.4634089e-01;3.2500000e+01;9.8404795e-02;3.2500000e+01;5.0070658e-02;3.2500000e+01;8.5775778e-03;3.2500000e+01;-3.9975777e-02;3.2500000e+01;-7.8834191e-02;3.2500000e+01;-1.2198564e-01;3.2500000e+01;-6.6902392e-02;3.2500000e+01;-4.0141005e-02;3.2500000e+01;3.4569427e-03;3.2500000e+01;7.1324490e-02;3.2500000e+01;1.6837716e-01;3.2500000e+01;2.5266072e-01;3.2500000e+01;2.7379143e-01;3.2500000e+01;2.3898184e-01;3.2500000e+01;1.8274316e-01;3.2500000e+01;2.1888401e-01;3.2500000e+01;1.9304317e-01;3.2500000e+01;1.4634089e-01;3.2500000e+01;9.8404795e-02;3.2500000e+01;5.0070658e-02;3.2500000e+01;8.5775778e-03;3.2500000e+01;-3.9975777e-02;3.2500000e+01;-7.8834191e-02;3.2500000e+01;-1.2198564e-01;3.2500000e+01;-6.6902392e-02;3.2500000e+01;-4.0141005e-02;3.2500000e+01;3.4569427e-03;3.2500000e+01;7.1324490e-02;3.2500000e+01;1.6837716e-01;3.2500000e+01;2.5266072e-01;3.2500000e+01;2.7379143e-01;3.2500000e+01;2.3898184e-01;3.2500000e+01;1.8274316e-01;3.2500000e+01;2.1888401e-01;3.2500000e+01;1.9304317e-01;3.2500000e+01;1.4634089e-01;3.2500000e+01;9.8404795e-02;3.2500000e+01;5.0070658e-02;3.2500000e+01;8.5775778e-03;3.2500000e+01;-3.9975777e-02;3.2500000e+01;-7.8834191e-02;3.2500000e+01;-1.2198564e-01;3.2500000e+01;-6.6902392e-02;3.2500000e+01;-4.0141005e-02;3.2500000e+01;3.4569427e-03;3.2500000e+01;7.1324490e-02;3.2500000e+01;1.6837716e-01;3.2500000e+01;2.5266072e-01;3.2500000e+01;2.7379143e-01;3.2500000e+01;2.3898184e-01;3.2500000e+01;1.8274316e-01;3.2500000e+01;2.1888401e-01;3.2500000e+01;1.9304317e-01;3.2500000e+01;1.4634089e-01;3.2500000e+01;9.8404795e-02;3.2500000e+01;5.0070658e-02;3.2500000e+01;8.5775778e-03;3.2500000e+01;-3.9975777e-02;3.2500000e+01;-7.8834191e-02;3.2500000e+01;-1.2198564e-01;3.2500000e+01;-6.6902392e-02;3.2500000e+01;-4.0141005e-02;3.2500000e+01;3.4569427e-03;3.2500000e+01;7.1324490e-02;3.2500000e+01;1.6837716e-01;3.2500000e+01;2.5266072e-01;3.2500000e+01;2.7379143e-01;3.2500000e+01;2.3898184e-01;3.2500000e+01;1.8274316e-01;3.2500000e+01;2.1888401e-01;3.2500000e+01;1.9304317e-01;3.2500000e+01;1.4634089e-01;3.2500000e+01;9.8404795e-02;3.2500000e+01;5.0070658e-02;3.2500000e+01;8.5775778e-03;3.2500000e+01;-3.9975777e-02;3.2500000e+01;-7.8834191e-02;3.2500000e+01;-1.2198564e-01;3.2500000e+01;-6.6902392e-02;3.2500000e+01;-4.0141005e-02;3.2500000e+01;3.4569427e-03;3.2500000e+01;7.1324490e-02;3.2500000e+01;1.6837716e-01;3.2500000e+01;2.5266072e-01;3.2500000e+01;2.7379143e-01;3.2500000e+01;2.3898184e-01;3.2500000e+01;1.8274316e-01;3.2500000e+01;2.1888401e-01;3.2500000e+01;1.9304317e-01;3.2500000e+01;1.4634089e-01;3.2500000e+01;9.8404795e-02;3.2500000e+01;5.0070658e-02;3.2500000e+01;8.5775778e-03;3.2500000e+01;-3.9975777e-02;3.2500000e+01;-7.8834191e-02;3.2500000e+01;-1.2198564e-01;3.2500000e+01;-6.6902392e-02;3.2500000e+01;-4.0141005e-02;3.2500000e+01;3.4569427e-03;3.2500000e+01;7.1324490e-02;3.2500000e+01;1.6837716e-01;3.2500000e+01;2.5266072e-01;3.2500000e+01;2.7379143e-01;3.2500000e+01;2.3898184e-01;3.2500000e+01;1.8274316e-01;3.2500000e+01;2.1888401e-01;3.2500000e+01;1.9304317e-01;3.2500000e+01;1.4634089e-01;3.2500000e+01;9.8404795e-02;3.2500000e+01;5.0070658e-02;3.2500000e+01;8.5775778e-03;3.2500000e+01;-3.9975777e-02;3.2500000e+01;-7.8834191e-02;3.2500000e+01;-1.2198564e-01;3.2500000e+01;-6.6902392e-02;3.2500000e+01;-4.0141005e-02;3.2500000e+01;3.4569427e-03;3.2500000e+01;7.1324490e-02;3.2500000e+01;1.6837716e-01;3.2500000e+01;2.5266072e-01;3.2500000e+01;2.7379143e-01;3.2500000e+01;2.3898184e-01;3.2500000e+01;1.8274316e-01;3.2500000e+01;2.1888401e-01;3.2500000e+01;1.9304317e-01;3.2500000e+01;1.4634089e-01;3.2500000e+01;9.8404795e-02;3.2500000e+01;5.0070658e-02;3.2500000e+01;8.5775778e-03;3.2500000e+01;-3.9975777e-02;3.2500000e+01;-7.8834191e-02;3.2500000e+01;-1.2198564e-01;3.2500000e+01;-6.6902392e-02;3.2500000e+01;-4.0141005e-02;3.2500000e+01;3.4569427e-03;3.2500000e+01;7.1324490e-02;3.2500000e+01;1.6837716e-01;3.2500000e+01;2.5266072e-01;3.2500000e+01;2.7379143e-01;3.2500000e+01;2.3898184e-01;3.2500000e+01;1.8274316e-01;3.2500000e+01;2.1888401e-01;3.2500000e+01;1.9304317e-01;3.2500000e+01;1.4634089e-01;3.2500000e+01;9.8404795e-02;3.2500000e+01;5.0070658e-02;3.2500000e+01;8.5775778e-03;3.2500000e+01;-3.9975777e-02;3.2500000e+01;-7.8834191e-02;3.2500000e+01;-1.2198564e-01;3.2500000e+01;-6.6902392e-02;3.2500000e+01;-4.0141005e-02;3.2500000e+01;3.4569427e-03;3.2500000e+01;7.1324490e-02;3.2500000e+01;1.6837716e-01;3.2500000e+01;2.5266072e-01;3.2500000e+01;2.7379143e-01;3.2500000e+01;2.3898184e-01;3.2500000e+01;1.8274316e-01;3.2500000e+01;2.1888401e-01;3.2500000e+01;1.9304317e-01;3.2500000e+01;1.4634089e-01;3.2500000e+01;9.8404795e-02;3.2500000e+01;5.0070658e-02;3.2500000e+01;8.5775778e-03;3.2500000e+01;-3.9975777e-02;3.2500000e+01;-7.8834191e-02;3.2500000e+01;-1.2198564e-01;3.2500000e+01;-6.6902392e-02;3.2500000e+01;-4.0141005e-02;3.2500000e+01;3.4569427e-03;3.2500000e+01;7.1324490e-02;3.2500000e+01;1.6837716e-01;3.2500000e+01;2.5266072e-01;3.2500000e+01;2.7379143e-01;3.2500000e+01;2.3898184e-01;3.2500000e+01;1.8274316e-01;3.2500000e+01;2.1888401e-01;3.2500000e+01;1.9304317e-01;3.2500000e+01;1.4634089e-01;3.2500000e+01;9.8404795e-02;3.2500000e+01;5.0070658e-02;3.2500000e+01;8.5775778e-03;3.2500000e+01;-3.9975777e-02;3.2500000e+01;-7.8834191e-02;3.2500000e+01;-1.2198564e-01;3.2500000e+01;-6.6902392e-02;3.2500000e+01;-4.0141005e-02;3.2500000e+01;3.4569427e-03;3.2500000e+01;7.1324490e-02;3.2500000e+01;1.6837716e-01;3.2500000e+01;2.5266072e-01;3.2500000e+01;2.7379143e-01;3.2500000e+01;2.3898184e-01;3.2500000e+01;1.8274316e-01;3.2500000e+01;2.1888401e-01;3.2500000e+01;1.9304317e-01;3.2500000e+01;1.4634089e-01;3.2500000e+01;9.8404795e-02;3.2500000e+01;5.0070658e-02;3.2500000e+01;8.5775778e-03;3.2500000e+01;-3.9975777e-02;3.2500000e+01;-7.8834191e-02;3.2500000e+01;-1.2198564e-01;3.2500000e+01;-6.6902392e-02;3.2500000e+01;-4.0141005e-02;3.2500000e+01;3.4569427e-03;3.2500000e+01;7.1324490e-02;3.2500000e+01;1.6837716e-01;3.2500000e+01;2.5266072e-01;3.2500000e+01;2.7379143e-01;3.2500000e+01;2.3898184e-01;3.2500000e+01;1.8274316e-01;3.2500000e+01;2.1888401e-01;3.2500000e+01;1.9304317e-01;3.2500000e+01;1.4634089e-01;3.2500000e+01;9.8404795e-02;3.2500000e+01;5.0070658e-02;3.2500000e+01;8.5775778e-03;3.2500000e+01;-3.9975777e-02;3.2500000e+01;-7.8834191e-02;3.2500000e+01;-1.2198564e-01;3.2500000e+01;-6.6902392e-02;3.2500000e+01;-4.0141005e-02;3.2500000e+01;3.4569427e-03;3.2500000e+01;7.1324490e-02;3.2500000e+01;1.6837716e-01;3.2500000e+01;2.5266072e-01;3.2500000e+01;2.7379143e-01;3.2500000e+01;2.3898184e-01;3.2500000e+01;1.8274316e-01;3.2500000e+01;2.1888401e-01;3.2500000e+01;1.9304317e-01;3.2500000e+01;1.4634089e-01;3.2500000e+01;9.8404795e-02;3.2500000e+01;5.0070658e-02;3.2500000e+01;8.5775778e-03;3.2500000e+01;-3.9975777e-02;3.2500000e+01;-7.8834191e-02;3.2500000e+01;-1.2198564e-01;3.2500000e+01;-6.6902392e-02;3.2500000e+01;-4.0141005e-02;3.2500000e+01;3.4569427e-03;3.2500000e+01;7.1324490e-02;3.2500000e+01;1.6837716e-01;3.2500000e+01;2.5266072e-01;3.2500000e+01;2.7379143e-01;3.2500000e+01;2.3898184e-01;3.2500000e+01;1.8274316e-01;3.2500000e+01;2.1888401e-01;3.2500000e+01;1.9304317e-01;3.2500000e+01;1.4634089e-01;3.2500000e+01;9.8404795e-02;3.2500000e+01;5.0070658e-02;3.2500000e+01;8.5775778e-03;3.2500000e+01;-3.9975777e-02;3.2500000e+01;-7.8834191e-02;3.2500000e+01;-1.2198564e-01;3.2500000e+01;-6.6902392e-02;3.2500000e+01;-4.0141005e-02;3.2500000e+01;3.4569427e-03;3.2500000e+01;7.1324490e-02;3.2500000e+01;1.6837716e-01;3.2500000e+01;2.5266072e-01;3.2500000e+01;2.7379143e-01;3.2500000e+01;2.3898184e-01;3.2500000e+01;1.8274316e-01;3.2500000e+01;2.1888401e-01;3.2500000e+01;1.9304317e-01;3.2500000e+01;1.4634089e-01;3.2500000e+01;9.8404795e-02;3.2500000e+01;5.0070658e-02;3.2500000e+01;8.5775778e-03;3.2500000e+01;-3.9975777e-02;3.2500000e+01;-7.8834191e-02;3.2500000e+01;-1.2198564e-01;3.2500000e+01;-6.6902392e-02;3.2500000e+01;-4.0141005e-02;3.2500000e+01;3.4569427e-03;3.2500000e+01;7.1324490e-02;3.2500000e+01;1.6837716e-01;3.2500000e+01;2.5266072e-01;3.2500000e+01;2.7379143e-01;3.2500000e+01;2.3898184e-01;3.2500000e+01;1.8274316e-01;3.2500000e+01;2.1888401e-01;3.2500000e+01;1.9304317e-01;3.2500000e+01;1.4634089e-01;3.2500000e+01;9.8404795e-02;3.2500000e+01;5.0070658e-02;3.2500000e+01;8.5775778e-03;3.2500000e+01;-3.9975777e-02;3.2500000e+01;-7.8834191e-02;3.2500000e+01;-1.2198564e-01;3.2500000e+01;-6.6902392e-02;3.2500000e+01;-4.0141005e-02;3.2500000e+01;3.4569427e-03;3.2500000e+01;7.1324490e-02;3.2500000e+01;1.6837716e-01;3.2500000e+01;2.5266072e-01;3.2500000e+01;2.7379143e-01;3.2500000e+01;2.3898184e-01;3.2500000e+01;1.8274316e-01;3.2500000e+01;2.1888401e-01;3.2500000e+01;1.9304317e-01;3.2500000e+01;1.4634089e-01;3.2500000e+01;9.8404795e-02;3.2500000e+01;5.0070658e-02;3.2500000e+01;8.5775778e-03;3.2500000e+01;-3.9975777e-02;3.2500000e+01;-7.8834191e-02;3.2500000e+01;-1.2198564e-01;3.2500000e+01;-6.6902392e-02;3.2500000e+01;-4.0141005e-02;3.2500000e+01;3.4569427e-03;3.2500000e+01;7.1324490e-02;3.2500000e+01;1.6837716e-01;3.2500000e+01;2.5266072e-01;3.2500000e+01;2.7379143e-01;3.2500000e+01;2.3898184e-01;3.2500000e+01;1.8274316e-01;3.2500000e+01;2.1888401e-01;3.2500000e+01;1.9304317e-01;3.2500000e+01;1.4634089e-01;3.2500000e+01;9.8404795e-02;3.2500000e+01;5.0070658e-02;3.2500000e+01;8.5775778e-03;3.2500000e+01;-3.9975777e-02;3.2500000e+01;-7.8834191e-02;3.2500000e+01;-1.2198564e-01;3.2500000e+01;-6.6902392e-02;3.2500000e+01;-4.0141005e-02;3.2500000e+01;3.4569427e-03;3.2500000e+01;7.1324490e-02;3.2500000e+01;1.6837716e-01;3.2500000e+01;2.5266072e-01;3.2500000e+01;2.7379143e-01;3.2500000e+01;2.3898184e-01;3.2500000e+01;1.8274316e-01;3.2500000e+01;2.1888401e-01;3.2500000e+01;1.9304317e-01;3.2500000e+01;1.4634089e-01;3.2500000e+01;9.8404795e-02;3.2500000e+01;5.0070658e-02;3.2500000e+01;8.5775778e-03;3.2500000e+01;-3.9975777e-02;3.2500000e+01;-7.8834191e-02;3.2500000e+01;-1.2198564e-01;3.2500000e+01;-6.6902392e-02;3.2500000e+01;-4.0141005e-02;3.2500000e+01;3.4569427e-03;3.2500000e+01;7.1324490e-02;3.2500000e+01;1.6837716e-01;3.2500000e+01;2.5266072e-01;3.2500000e+01;2.7379143e-01;3.2500000e+01;2.3898184e-01;3.2500000e+01;1.8274316e-01;3.2500000e+01;2.1888401e-01;3.2500000e+01;1.9304317e-01;3.2500000e+01;1.4634089e-01;3.2500000e+01;9.8404795e-02;3.2500000e+01;5.0070658e-02;3.2500000e+01;8.5775778e-03;3.2500000e+01;-3.9975777e-02;3.2500000e+01;-7.8834191e-02;3.2500000e+01;-1.2198564e-01;3.2500000e+01;-6.6902392e-02;3.2500000e+01;-4.0141005e-02;3.2500000e+01;3.4569427e-03;3.2500000e+01;7.1324490e-02;3.2500000e+01;1.6837716e-01;3.2500000e+01;2.5266072e-01;3.2500000e+01;2.7379143e-01;3.2500000e+01;2.3898184e-01;3.2500000e+01;1.8274316e-01;3.2500000e+01;2.1888401e-01;3.2500000e+01;1.9304317e-01;3.2500000e+01;1.4634089e-01;3.2500000e+01;9.8404795e-02;3.2500000e+01;5.0070658e-02;3.2500000e+01;8.5775778e-03;3.2500000e+01;-3.9975777e-02;3.2500000e+01;-7.8834191e-02;3.2500000e+01;-1.2198564e-01;3.2500000e+01;-6.6902392e-02;3.2500000e+01;-4.0141005e-02;3.2500000e+01;3.4569427e-03;3.2500000e+01;7.1324490e-02;3.2500000e+01;1.6837716e-01;3.2500000e+01;2.5266072e-01;3.2500000e+01;2.7379143e-01;3.2500000e+01;2.3898184e-01;3.2500000e+01;1.8274316e-01;3.2500000e+01;2.1888401e-01;3.2500000e+01;1.9304317e-01;3.2500000e+01;1.4634089e-01;3.2500000e+01;9.8404795e-02;3.2500000e+01;5.0070658e-02;3.2500000e+01;8.5775778e-03;3.2500000e+01;-3.9975777e-02;3.2500000e+01;-7.8834191e-02;3.2500000e+01;-1.2198564e-01;3.2500000e+01;-6.6902392e-02;3.2500000e+01;-4.0141005e-02;3.2500000e+01;3.4569427e-03;3.2500000e+01;7.1324490e-02;3.2500000e+01;1.6837716e-01;3.2500000e+01;2.5266072e-01;3.2500000e+01;2.7379143e-01;3.2500000e+01;2.3898184e-01;3.2500000e+01;1.8274316e-01;3.2500000e+01;2.1888401e-01;3.2500000e+01;1.9304317e-01;3.2500000e+01;1.4634089e-01;3.2500000e+01;9.8404795e-02;3.2500000e+01;5.0070658e-02;3.2500000e+01;8.5775778e-03;3.2500000e+01;-3.9975777e-02;3.2500000e+01;-7.8834191e-02;3.2500000e+01;-1.2198564e-01;3.2500000e+01;-6.6902392e-02;3.2500000e+01;-4.0141005e-02;3.2500000e+01;3.4569427e-03;3.2500000e+01;7.1324490e-02;3.2500000e+01;1.6837716e-01;3.2500000e+01;2.5266072e-01;3.2500000e+01;2.7379143e-01;3.2500000e+01;2.3898184e-01;3.2500000e+01;1.8274316e-01;3.2500000e+01;2.1888401e-01;3.2500000e+01;1.9304317e-01;3.2500000e+01;1.4634089e-01;3.2500000e+01;9.8404795e-02;3.2500000e+01;5.0070658e-02;3.2500000e+01;8.5775778e-03;3.2500000e+01;-3.9975777e-02;3.2500000e+01;-7.8834191e-02;3.2500000e+01;-1.2198564e-01;3.2500000e+01;-6.6902392e-02;3.2500000e+01;-4.0141005e-02;3.2500000e+01;3.4569427e-03;3.2500000e+01;7.1324490e-02;3.2500000e+01;1.6837716e-01;3.2500000e+01;2.5266072e-01;3.2500000e+01;2.7379143e-01;3.2500000e+01;2.3898184e-01;3.2500000e+01;1.8274316e-01;3.2500000e+01;2.1888401e-01;3.2500000e+01;1.9304317e-01;3.2500000e+01;1.4634089e-01;3.2500000e+01;9.8404795e-02;3.2500000e+01;5.0070658e-02;3.2500000e+01;8.5775778e-03;3.2500000e+01;-3.9975777e-02;3.2500000e+01;-7.8834191e-02;3.2500000e+01;-1.2198564e-01;3.2500000e+01;-6.6902392e-02;3.2500000e+01;-4.0141005e-02;3.2500000e+01;3.4569427e-03;3.2500000e+01;7.1324490e-02;3.2500000e+01;1.6837716e-01;3.2500000e+01;2.5266072e-01;3.2500000e+01;2.7379143e-01;3.2500000e+01;2.3898184e-01;3.2500000e+01;1.8274316e-01;3.2500000e+01;2.1888401e-01;3.2500000e+01;1.9304317e-01;3.2500000e+01;1.4634089e-01;3.2500000e+01;9.8404795e-02;3.2500000e+01;5.0070658e-02;3.2500000e+01;8.5775778e-03;3.2500000e+01;-3.9975777e-02;3.2500000e+01;-7.8834191e-02;3.2500000e+01;-1.2198564e-01;3.2500000e+01;-6.6902392e-02;3.2500000e+01;-4.0141005e-02;3.2500000e+01;3.4569427e-03;3.2500000e+01;7.1324490e-02;3.2500000e+01;1.6837716e-01;3.2500000e+01;2.5266072e-01;3.2500000e+01;2.7379143e-01;3.2500000e+01;2.3898184e-01;3.2500000e+01;1.8274316e-01;3.2500000e+01;2.1888401e-01;3.2500000e+01;1.9304317e-01;3.2500000e+01;1.4634089e-01;3.2500000e+01;9.8404795e-02;3.2500000e+01;5.0070658e-02;3.2500000e+01;8.5775778e-03;3.2500000e+01;-3.9975777e-02;3.2500000e+01;-7.8834191e-02;3.2500000e+01;-1.2198564e-01;3.2500000e+01;-6.6902392e-02;3.2500000e+01;-4.0141005e-02;3.2500000e+01;3.4569427e-03;3.2500000e+01;7.1324490e-02;3.2500000e+01;1.6837716e-01;3.2500000e+01;2.5266072e-01;3.2500000e+01;2.7379143e-01;3.2500000e+01;2.3898184e-01;3.2500000e+01;1.8274316e-01;3.2500000e+01;2.1888401e-01;3.2500000e+01;1.9304317e-01;3.2500000e+01;1.4634089e-01;3.2500000e+01;9.8404795e-02;3.2500000e+01;5.0070658e-02;3.2500000e+01;8.5775778e-03;3.2500000e+01;-3.9975777e-02;3.2500000e+01;-7.8834191e-02;3.2500000e+01;-1.2198564e-01;3.2500000e+01;-6.6902392e-02;3.2500000e+01;-4.0141005e-02;3.2500000e+01;3.4569427e-03;3.2500000e+01;7.1324490e-02;3.2500000e+01;1.6837716e-01;3.2500000e+01;2.5266072e-01;3.2500000e+01;2.7379143e-01;3.2500000e+01;2.3898184e-01;3.2500000e+01;1.8274316e-01;3.2500000e+01;2.1888401e-01;3.2500000e+01;1.9304317e-01;3.2500000e+01;1.4634089e-01;3.2500000e+01;9.8404795e-02;3.2500000e+01;5.0070658e-02;3.2500000e+01;8.5775778e-03;3.2500000e+01;-3.9975777e-02;3.2500000e+01;-7.8834191e-02;3.2500000e+01;-1.2198564e-01;3.2500000e+01;-6.6902392e-02;3.2500000e+01;-4.0141005e-02;3.2500000e+01;3.4569427e-03;3.2500000e+01;7.1324490e-02;3.2500000e+01;1.6837716e-01;3.2500000e+01;2.5266072e-01;3.2500000e+01;2.7379143e-01;3.2500000e+01;2.3898184e-01;3.2500000e+01;1.8274316e-01;3.2500000e+01;2.1888401e-01;3.2500000e+01;1.9304317e-01;3.2500000e+01;1.4634089e-01;3.2500000e+01;9.8404795e-02;3.2500000e+01;5.0070658e-02;3.2500000e+01;8.5775778e-03;3.2500000e+01;-3.9975777e-02;3.2500000e+01;-7.8834191e-02;3.2500000e+01;-1.2198564e-01;3.2500000e+01;-6.6902392e-02;3.2500000e+01;-4.0141005e-02;3.2500000e+01;3.4569427e-03;3.2500000e+01;7.1324490e-02;3.2500000e+01;1.6837716e-01;3.2500000e+01;2.5266072e-01;3.2500000e+01;2.7379143e-01;3.2500000e+01;2.3898184e-01;3.2500000e+01;1.8274316e-01;3.2500000e+01;2.1888401e-01;3.2500000e+01;1.9304317e-01;3.2500000e+01;1.4634089e-01;3.2500000e+01;9.8404795e-02;3.2500000e+01;5.0070658e-02;3.2500000e+01;8.5775778e-03;3.2500000e+01;-3.9975777e-02;3.2500000e+01;-7.8834191e-02;3.2500000e+01;-1.2198564e-01;3.2500000e+01;-6.6902392e-02;3.2500000e+01;-4.0141005e-02;3.2500000e+01;3.4569427e-03;3.2500000e+01;7.1324490e-02;3.2500000e+01;1.6837716e-01;3.2500000e+01;2.5266072e-01;3.2500000e+01;2.7379143e-01;3.2500000e+01;2.3898184e-01;3.2500000e+01;1.8274316e-01;3.2500000e+01;2.1888401e-01;3.2500000e+01;1.9304317e-01;3.2500000e+01;1.4634089e-01;3.2500000e+01;9.8404795e-02;3.2500000e+01;5.0070658e-02;3.2500000e+01;8.5775778e-03;3.2500000e+01;-3.9975777e-02;3.2500000e+01;-7.8834191e-02;3.2500000e+01;-1.2198564e-01;3.2500000e+01;-6.6902392e-02;3.2500000e+01;-4.0141005e-02;3.2500000e+01;3.4569427e-03;3.2500000e+01;7.1324490e-02;3.2500000e+01;1.6837716e-01;3.2500000e+01;2.5266072e-01;3.2500000e+01;2.7379143e-01;3.2500000e+01;2.3898184e-01;3.2500000e+01;1.8274316e-01;3.2500000e+01;2.1888401e-01;3.2500000e+01;1.9304317e-01;3.2500000e+01;1.4634089e-01;3.2500000e+01;9.8404795e-02;3.2500000e+01;5.0070658e-02;3.2500000e+01;8.5775778e-03;3.2500000e+01;-3.9975777e-02;3.2500000e+01;-7.8834191e-02;3.2500000e+01;-1.2198564e-01;3.2500000e+01;-6.6902392e-02;3.2500000e+01;-4.0141005e-02;3.2500000e+01;3.4569427e-03;3.2500000e+01;7.1324490e-02;3.2500000e+01;1.6837716e-01;3.2500000e+01;2.5266072e-01;3.2500000e+01;2.7379143e-01;3.2500000e+01;2.3898184e-01;3.2500000e+01;1.8274316e-01;3.2500000e+01;2.1888401e-01;3.2500000e+01;1.9304317e-01;3.2500000e+01;1.4634089e-01;3.2500000e+01;9.8404795e-02;3.2500000e+01;5.0070658e-02;3.2500000e+01;8.5775778e-03;3.2500000e+01;-3.9975777e-02;3.2500000e+01;-7.8834191e-02;3.2500000e+01;-1.2198564e-01;3.2500000e+01;-6.6902392e-02;3.2500000e+01;-4.0141005e-02;3.2500000e+01;3.4569427e-03;3.2500000e+01;7.1324490e-02;3.2500000e+01;1.6837716e-01;3.2500000e+01;2.5266072e-01;3.2500000e+01;2.7379143e-01;3.2500000e+01;2.3898184e-01;3.2500000e+01;1.8274316e-01;3.2500000e+01;2.1888401e-01;3.2500000e+01;1.9304317e-01;3.2500000e+01;1.4634089e-01;3.2500000e+01;9.8404795e-02;3.2500000e+01;5.0070658e-02;3.2500000e+01;8.5775778e-03;3.2500000e+01;-3.9975777e-02;3.2500000e+01;-7.8834191e-02;3.2500000e+01;-1.2198564e-01;3.2500000e+01;-6.6902392e-02;3.2500000e+01;-4.0141005e-02;3.2500000e+01;3.4569427e-03;3.2500000e+01;7.1324490e-02;3.2500000e+01;1.6837716e-01;3.2500000e+01;2.5266072e-01;3.2500000e+01;2.7379143e-01;3.2500000e+01;2.3898184e-01;3.2500000e+01;1.8274316e-01;3.2500000e+01;2.1888401e-01;3.2500000e+01;1.9304317e-01;3.2500000e+01;1.4634089e-01;3.2500000e+01;9.8404795e-02;3.2500000e+01;5.0070658e-02;3.2500000e+01;8.5775778e-03;3.2500000e+01;-3.9975777e-02;3.2500000e+01;-7.8834191e-02;3.2500000e+01;-1.2198564e-01;3.2500000e+01;-6.6902392e-02;3.2500000e+01;-4.0141005e-02;3.2500000e+01;3.4569427e-03;3.2500000e+01;7.1324490e-02;3.2500000e+01;1.6837716e-01;3.2500000e+01;2.5266072e-01;3.2500000e+01;2.7379143e-01;3.2500000e+01;2.3898184e-01;3.2500000e+01;1.8274316e-01;3.2500000e+01;2.1888401e-01;3.2500000e+01;1.9304317e-01;3.2500000e+01;1.4634089e-01;3.2500000e+01;9.8404795e-02;3.2500000e+01;5.0070658e-02;3.2500000e+01;8.5775778e-03;3.2500000e+01;-3.9975777e-02;3.2500000e+01;-7.8834191e-02;3.2500000e+01;-1.2198564e-01;3.2500000e+01;-6.6902392e-02;3.2500000e+01;-4.0141005e-02;3.2500000e+01;3.4569427e-03;3.2500000e+01;7.1324490e-02;3.2500000e+01;1.6837716e-01;3.2500000e+01;2.5266072e-01;3.2500000e+01;2.7379143e-01;3.2500000e+01;2.3898184e-01;3.2500000e+01;1.8274316e-01;3.2500000e+01;2.1888401e-01;3.2500000e+01;1.9304317e-01;3.2500000e+01;1.4634089e-01;3.2500000e+01;9.8404795e-02;3.2500000e+01;5.0070658e-02;3.2500000e+01;8.5775778e-03;3.2500000e+01;-3.9975777e-02;3.2500000e+01;-7.8834191e-02;3.2500000e+01;-1.2198564e-01;3.2500000e+01;-6.6902392e-02;3.2500000e+01;-4.0141005e-02;3.2500000e+01;3.4569427e-03;3.2500000e+01;7.1324490e-02;3.2500000e+01;1.6837716e-01;3.2500000e+01;2.5266072e-01;3.2500000e+01;2.7379143e-01;3.2500000e+01;2.3898184e-01;3.2500000e+01;1.8274316e-01;3.2500000e+01;2.1888401e-01;3.2500000e+01;1.9304317e-01;3.2500000e+01;1.4634089e-01;3.2500000e+01;9.8404795e-02;3.2500000e+01;5.0070658e-02;3.2500000e+01;8.5775778e-03;3.2500000e+01;-3.9975777e-02;3.2500000e+01;-7.8834191e-02;3.2500000e+01;-1.2198564e-01;3.2500000e+01;-6.6902392e-02;3.2500000e+01;-4.0141005e-02;3.2500000e+01;3.4569427e-03;3.2500000e+01;7.1324490e-02;3.2500000e+01;1.6837716e-01;3.2500000e+01;2.5266072e-01;3.2500000e+01;2.7379143e-01;3.2500000e+01;2.3898184e-01;3.2500000e+01;1.8274316e-01;3.2500000e+01;2.1888401e-01;3.2500000e+01;1.9304317e-01;3.2500000e+01;1.4634089e-01;3.2500000e+01;9.8404795e-02;3.2500000e+01;5.0070658e-02;3.2500000e+01;8.5775778e-03;3.2500000e+01;-3.9975777e-02;3.2500000e+01;-7.8834191e-02;3.2500000e+01;-1.2198564e-01;3.2500000e+01;-6.6902392e-02;3.2500000e+01;-4.0141005e-02;3.2500000e+01;3.4569427e-03;3.2500000e+01;7.1324490e-02;3.2500000e+01;1.6837716e-01;3.2500000e+01;2.5266072e-01;3.2500000e+01;2.7379143e-01;3.2500000e+01;2.3898184e-01;3.2500000e+01;1.8274316e-01;3.2500000e+01;2.1888401e-01;3.2500000e+01;1.9304317e-01;3.2500000e+01;1.4634089e-01;3.2500000e+01;9.8404795e-02;3.2500000e+01;5.0070658e-02;3.2500000e+01;8.5775778e-03;3.2500000e+01;-3.9975777e-02;3.2500000e+01;-7.8834191e-02;3.2500000e+01;-1.2198564e-01;3.2500000e+01;-6.6902392e-02;3.2500000e+01;-4.0141005e-02;3.2500000e+01;3.4569427e-03;3.2500000e+01;7.1324490e-02;3.2500000e+01;1.6837716e-01;3.2500000e+01;2.5266072e-01;3.2500000e+01;2.7379143e-01;3.2500000e+01;2.3898184e-01;3.2500000e+01;1.8274316e-01;3.2500000e+01;2.1888401e-01;3.2500000e+01;1.9304317e-01;3.2500000e+01;1.4634089e-01;3.2500000e+01;9.8404795e-02;3.2500000e+01;5.0070658e-02;3.2500000e+01;8.5775778e-03;3.2500000e+01;-3.9975777e-02;3.2500000e+01;-7.8834191e-02;3.2500000e+01;-1.2198564e-01;3.2500000e+01;-6.6902392e-02;3.2500000e+01;-4.0141005e-02;3.2500000e+01;3.4569427e-03;3.2500000e+01;7.1324490e-02;3.2500000e+01;1.6837716e-01;3.2500000e+01;2.5266072e-01;3.2500000e+01;2.7379143e-01;3.2500000e+01;2.3898184e-01;3.2500000e+01;1.8274316e-01;3.2500000e+01;2.1888401e-01;3.2500000e+01;1.9304317e-01;3.2500000e+01;1.4634089e-01;3.2500000e+01;9.8404795e-02;3.2500000e+01;5.0070658e-02;3.2500000e+01;8.5775778e-03;3.2500000e+01;-3.9975777e-02;3.2500000e+01;-7.8834191e-02;3.2500000e+01;-1.2198564e-01;3.2500000e+01;-6.6902392e-02;3.2500000e+01;-4.0141005e-02;3.2500000e+01;3.4569427e-03;3.2500000e+01;7.1324490e-02;3.2500000e+01;1.6837716e-01;3.2500000e+01;2.5266072e-01;3.2500000e+01;2.7379143e-01;3.2500000e+01;2.3898184e-01;3.2500000e+01;1.8274316e-01;3.2500000e+01;2.1888401e-01;3.2500000e+01;1.9304317e-01;3.2500000e+01;1.4634089e-01;3.2500000e+01;9.8404795e-02;3.2500000e+01;5.0070658e-02;3.2500000e+01;8.5775778e-03;3.2500000e+01;-3.9975777e-02;3.2500000e+01;-7.8834191e-02;3.2500000e+01;-1.2198564e-01;3.2500000e+01;-6.6902392e-02;3.2500000e+01;-4.0141005e-02;3.2500000e+01;3.4569427e-03;3.2500000e+01;7.1324490e-02;3.2500000e+01;1.6837716e-01;3.2500000e+01;2.5266072e-01;3.2500000e+01;2.7379143e-01;3.2500000e+01;2.3898184e-01;3.2500000e+01;1.8274316e-01;3.2500000e+01;2.1888401e-01;3.2500000e+01;1.9304317e-01;3.2500000e+01;1.4634089e-01;3.2500000e+01;9.8404795e-02;3.2500000e+01;5.0070658e-02;3.2500000e+01;8.5775778e-03;3.2500000e+01;-3.9975777e-02;3.2500000e+01;-7.8834191e-02;3.2500000e+01;-1.2198564e-01;3.2500000e+01;-6.6902392e-02;3.2500000e+01;-4.0141005e-02;3.2500000e+01;3.4569427e-03;3.2500000e+01;7.1324490e-02;3.2500000e+01;1.6837716e-01;3.2500000e+01;2.5266072e-01;3.2500000e+01;2.7379143e-01;3.2500000e+01;2.3898184e-01;3.2500000e+01;1.8274316e-01;3.2500000e+01;2.1888401e-01;3.2500000e+01;1.9304317e-01;3.2500000e+01;1.4634089e-01;3.2500000e+01;9.8404795e-02;3.2500000e+01;5.0070658e-02;3.2500000e+01;8.5775778e-03;3.2500000e+01;-3.9975777e-02;3.2500000e+01;-7.8834191e-02;3.2500000e+01;-1.2198564e-01;3.2500000e+01;-6.6902392e-02;3.2500000e+01;-4.0141005e-02;3.2500000e+01;3.4569427e-03;3.2500000e+01;7.1324490e-02;3.2500000e+01;1.6837716e-01;3.2500000e+01;2.5266072e-01;3.2500000e+01;2.7379143e-01;3.2500000e+01;2.3898184e-01;3.2500000e+01;1.8274316e-01;3.2500000e+01;2.1888401e-01;3.2500000e+01;1.9304317e-01;3.2500000e+01;1.4634089e-01;3.2500000e+01;9.8404795e-02;3.2500000e+01;5.0070658e-02;3.2500000e+01;8.5775778e-03;3.2500000e+01;-3.9975777e-02;3.2500000e+01;-7.8834191e-02;3.2500000e+01;-1.2198564e-01;3.2500000e+01;-6.6902392e-02;3.2500000e+01;-4.0141005e-02;3.2500000e+01;3.4569427e-03;3.2500000e+01;7.1324490e-02;3.2500000e+01;1.6837716e-01;3.2500000e+01;2.5266072e-01;3.2500000e+01;2.7379143e-01;3.2500000e+01;2.3898184e-01;3.2500000e+01;1.8274316e-01;3.2500000e+01;2.1888401e-01;3.2500000e+01;1.9304317e-01;3.2500000e+01;1.4634089e-01;3.2500000e+01;9.8404795e-02;3.2500000e+01;5.0070658e-02;3.2500000e+01;8.5775778e-03;3.2500000e+01;-3.9975777e-02;3.2500000e+01;-7.8834191e-02;3.2500000e+01;-1.2198564e-01;3.2500000e+01;-6.6902392e-02;3.2500000e+01;-4.0141005e-02;3.2500000e+01;3.4569427e-03;3.2500000e+01;7.1324490e-02;3.2500000e+01;1.6837716e-01;3.2500000e+01;2.5266072e-01;3.2500000e+01;2.7379143e-01;3.2500000e+01;2.3898184e-01;3.2500000e+01;1.8274316e-01;3.2500000e+01;2.1888401e-01;3.2500000e+01;1.9304317e-01;3.2500000e+01;1.4634089e-01;3.2500000e+01;9.8404795e-02;3.2500000e+01;5.0070658e-02;3.2500000e+01;8.5775778e-03;3.2500000e+01;-3.9975777e-02;3.2500000e+01;-7.8834191e-02;3.2500000e+01;-1.2198564e-01;3.2500000e+01;-6.6902392e-02;3.2500000e+01;-4.0141005e-02;3.2500000e+01;3.4569427e-03;3.2500000e+01;7.1324490e-02;3.2500000e+01;1.6837716e-01;3.2500000e+01;2.5266072e-01;3.2500000e+01;2.7379143e-01;3.2500000e+01;2.3898184e-01;3.2500000e+01;1.8274316e-01;3.2500000e+01;2.1888401e-01;3.2500000e+01;1.9304317e-01;3.2500000e+01;1.4634089e-01;3.2500000e+01;9.8404795e-02;3.2500000e+01;5.0070658e-02;3.2500000e+01;8.5775778e-03;3.2500000e+01;-3.9975777e-02;3.2500000e+01;-7.8834191e-02;3.2500000e+01;-1.2198564e-01;3.2500000e+01;-6.6902392e-02;3.2500000e+01;-4.0141005e-02;3.2500000e+01;3.4569427e-03;3.2500000e+01;7.1324490e-02;3.2500000e+01;1.6837716e-01;3.2500000e+01;2.5266072e-01;3.2500000e+01;2.7379143e-01;3.2500000e+01;2.3898184e-01;3.2500000e+01;1.8274316e-01;3.2500000e+01;2.1888401e-01;3.2500000e+01;1.9304317e-01;3.2500000e+01;1.4634089e-01;3.2500000e+01;9.8404795e-02;3.2500000e+01;5.0070658e-02;3.2500000e+01;8.5775778e-03;3.2500000e+01;-3.9975777e-02;3.2500000e+01;-7.8834191e-02;3.2500000e+01;-1.2198564e-01;3.2500000e+01;-6.6902392e-02;3.2500000e+01;-4.0141005e-02;3.2500000e+01;3.4569427e-03;3.2500000e+01;7.1324490e-02;3.2500000e+01;1.6837716e-01;3.2500000e+01;2.5266072e-01;3.2500000e+01;2.7379143e-01;3.2500000e+01;2.3898184e-01;3.2500000e+01;1.8274316e-01;3.2500000e+01;2.1888401e-01;3.2500000e+01;1.9304317e-01;3.2500000e+01;1.4634089e-01;3.2500000e+01;9.8404795e-02;3.2500000e+01;5.0070658e-02;3.2500000e+01;8.5775778e-03;3.2500000e+01;-3.9975777e-02;3.2500000e+01;-7.8834191e-02;3.2500000e+01;-1.2198564e-01;3.2500000e+01;-6.6902392e-02;3.2500000e+01;-4.0141005e-02;3.2500000e+01;3.4569427e-03;3.2500000e+01;7.1324490e-02;3.2500000e+01;1.6837716e-01;3.2500000e+01;2.5266072e-01;3.2500000e+01;2.7379143e-01;3.2500000e+01;2.3898184e-01;3.2500000e+01;1.8274316e-01;3.2500000e+01;2.1888401e-01;3.2500000e+01;1.9304317e-01;3.2500000e+01;1.4634089e-01;3.2500000e+01;9.8404795e-02;3.2500000e+01;5.0070658e-02;3.2500000e+01;8.5775778e-03;3.2500000e+01;-3.9975777e-02;3.2500000e+01;-7.8834191e-02;3.2500000e+01;-1.2198564e-01;3.2500000e+01;-6.6902392e-02;3.2500000e+01;-4.0141005e-02;3.2500000e+01;3.4569427e-03;3.2500000e+01;7.1324490e-02;3.2500000e+01;1.6837716e-01;3.2500000e+01;2.5266072e-01;3.2500000e+01;2.7379143e-01;3.2500000e+01;2.3898184e-01;3.2500000e+01;1.8274316e-01;3.2500000e+01;2.1888401e-01;3.2500000e+01;1.9304317e-01;3.2500000e+01;1.4634089e-01;3.2500000e+01;9.8404795e-02;3.2500000e+01;5.0070658e-02;3.2500000e+01;8.5775778e-03;3.2500000e+01;-3.9975777e-02;3.2500000e+01;-7.8834191e-02;3.2500000e+01;-1.2198564e-01;3.2500000e+01;-6.6902392e-02;3.2500000e+01;-4.0141005e-02;3.2500000e+01;3.4569427e-03;3.2500000e+01;7.1324490e-02;3.2500000e+01;1.6837716e-01;3.2500000e+01;2.5266072e-01;3.2500000e+01;2.7379143e-01;3.2500000e+01;2.3898184e-01;3.2500000e+01;1.8274316e-01;3.2500000e+01;2.1888401e-01;3.2500000e+01;1.9304317e-01;3.2500000e+01;1.4634089e-01;3.2500000e+01;9.8404795e-02;3.2500000e+01;5.0070658e-02;3.2500000e+01;8.5775778e-03;3.2500000e+01;-3.9975777e-02;3.2500000e+01;-7.8834191e-02;3.2500000e+01;-1.2198564e-01;3.2500000e+01;-6.6902392e-02;3.2500000e+01;-4.0141005e-02;3.2500000e+01;3.4569427e-03;3.2500000e+01;7.1324490e-02;3.2500000e+01;1.6837716e-01;3.2500000e+01;2.5266072e-01;3.2500000e+01;2.7379143e-01;3.2500000e+01;2.3898184e-01;3.2500000e+01;1.8274316e-01;3.2500000e+01;2.1888401e-01;3.2500000e+01;1.9304317e-01;3.2500000e+01;1.4634089e-01;3.2500000e+01;9.8404795e-02;3.2500000e+01;5.0070658e-02;3.2500000e+01;8.5775778e-03;3.2500000e+01;-3.9975777e-02;3.2500000e+01;-7.8834191e-02;3.2500000e+01;-1.2198564e-01;3.2500000e+01;-6.6902392e-02;3.2500000e+01;-4.0141005e-02;3.2500000e+01;3.4569427e-03;3.2500000e+01;7.1324490e-02;3.2500000e+01;1.6837716e-01;3.2500000e+01;2.5266072e-01;3.2500000e+01;2.7379143e-01;3.2500000e+01;2.3898184e-01;3.2500000e+01;1.8274316e-01;3.2500000e+01;2.1888401e-01;3.2500000e+01;1.9304317e-01;3.2500000e+01;1.4634089e-01;3.2500000e+01;9.8404795e-02;3.2500000e+01;5.0070658e-02;3.2500000e+01;8.5775778e-03;3.2500000e+01;-3.9975777e-02;3.2500000e+01;-7.8834191e-02;3.2500000e+01;-1.2198564e-01;3.2500000e+01;-6.6902392e-02;3.2500000e+01;-4.0141005e-02;3.2500000e+01;3.4569427e-03;3.2500000e+01;7.1324490e-02;3.2500000e+01;1.6837716e-01;3.2500000e+01;2.5266072e-01;3.2500000e+01;2.7379143e-01;3.2500000e+01;2.3898184e-01;3.2500000e+01;1.8274316e-01;3.2500000e+01;2.1888401e-01;3.2500000e+01;1.9304317e-01;3.2500000e+01;1.4634089e-01;3.2500000e+01;9.8404795e-02;3.2500000e+01;5.0070658e-02;3.2500000e+01;8.5775778e-03;3.2500000e+01;-3.9975777e-02;3.2500000e+01;-7.8834191e-02;3.2500000e+01;-1.2198564e-01;3.2500000e+01;-6.6902392e-02;3.2500000e+01;-4.0141005e-02;3.2500000e+01;3.4569427e-03;3.2500000e+01;7.1324490e-02;3.2500000e+01;1.6837716e-01;3.2500000e+01;2.5266072e-01;3.2500000e+01;2.7379143e-01;3.2500000e+01;2.3898184e-01;3.2500000e+01;1.8274316e-01;3.2500000e+01;2.1888401e-01;3.2500000e+01;1.9304317e-01;3.2500000e+01;1.4634089e-01;3.2500000e+01;9.8404795e-02;3.2500000e+01;5.0070658e-02;3.2500000e+01;8.5775778e-03;3.2500000e+01;-3.9975777e-02;3.2500000e+01;-7.8834191e-02;3.2500000e+01;-1.2198564e-01;3.2500000e+01;-6.6902392e-02;3.2500000e+01;-4.0141005e-02;3.2500000e+01;3.4569427e-03;3.2500000e+01;7.1324490e-02;3.2500000e+01;1.6837716e-01;3.2500000e+01;2.5266072e-01;3.2500000e+01;2.7379143e-01;3.2500000e+01;2.3898184e-01;3.2500000e+01;1.8274316e-01;3.2500000e+01;2.1888401e-01;3.2500000e+01;1.9304317e-01;3.2500000e+01;1.4634089e-01;3.2500000e+01;9.8404795e-02;3.2500000e+01;5.0070658e-02;3.2500000e+01;8.5775778e-03;3.2500000e+01;-3.9975777e-02;3.2500000e+01;-7.8834191e-02;3.2500000e+01;-1.2198564e-01;3.2500000e+01;-6.6902392e-02;3.2500000e+01;-4.0141005e-02;3.2500000e+01;3.4569427e-03;3.2500000e+01;7.1324490e-02;3.2500000e+01;1.6837716e-01;3.2500000e+01;2.5266072e-01;3.2500000e+01;2.7379143e-01;3.2500000e+01;2.3898184e-01;3.2500000e+01;1.8274316e-01;3.2500000e+01;2.1888401e-01;3.2500000e+01;1.9304317e-01;3.2500000e+01;1.4634089e-01;3.2500000e+01;9.8404795e-02;3.2500000e+01;5.0070658e-02;3.2500000e+01;8.5775778e-03;3.2500000e+01;-3.9975777e-02;3.2500000e+01;-7.8834191e-02;3.2500000e+01;-1.2198564e-01;3.2500000e+01;-6.6902392e-02;3.2500000e+01;-4.0141005e-02;3.2500000e+01;3.4569427e-03;3.2500000e+01;7.1324490e-02;3.2500000e+01;1.6837716e-01;3.2500000e+01;2.5266072e-01;3.2500000e+01;2.7379143e-01;3.2500000e+01;2.3898184e-01;3.2500000e+01;1.8274316e-01;3.2500000e+01;2.1888401e-01;3.2500000e+01;1.9304317e-01;3.2500000e+01;1.4634089e-01;3.2500000e+01;9.8404795e-02;3.2500000e+01;5.0070658e-02;3.2500000e+01;8.5775778e-03;3.2500000e+01;-3.9975777e-02;3.2500000e+01;-7.8834191e-02;3.2500000e+01;-1.2198564e-01;3.2500000e+01;-6.6902392e-02;3.2500000e+01;-4.0141005e-02;3.2500000e+01;3.4569427e-03;3.2500000e+01;7.1324490e-02;3.2500000e+01;1.6837716e-01;3.2500000e+01;2.5266072e-01;3.2500000e+01;2.7379143e-01;3.2500000e+01;2.3898184e-01;3.2500000e+01;1.8274316e-01;3.2500000e+01;2.1888401e-01;3.2500000e+01;1.9304317e-01;3.2500000e+01;1.4634089e-01;3.2500000e+01;9.8404795e-02;3.2500000e+01;5.0070658e-02;3.2500000e+01;8.5775778e-03;3.2500000e+01;-3.9975777e-02;3.2500000e+01;-7.8834191e-02;3.2500000e+01;-1.2198564e-01;3.2500000e+01;-6.6902392e-02;3.2500000e+01;-4.0141005e-02;3.2500000e+01;3.4569427e-03;3.2500000e+01;7.1324490e-02;3.2500000e+01;1.6837716e-01;3.2500000e+01;2.5266072e-01;3.2500000e+01;2.7379143e-01;3.2500000e+01;2.3898184e-01;3.2500000e+01;1.8274316e-01;3.2500000e+01;2.1888401e-01;3.2500000e+01;1.9304317e-01;3.2500000e+01;1.4634089e-01;3.2500000e+01;9.8404795e-02;3.2500000e+01;5.0070658e-02;3.2500000e+01;8.5775778e-03;3.2500000e+01;-3.9975777e-02;3.2500000e+01;-7.8834191e-02;3.2500000e+01;-1.2198564e-01;3.2500000e+01;-6.6902392e-02;3.2500000e+01;-4.0141005e-02;3.2500000e+01;3.4569427e-03;3.2500000e+01;7.1324490e-02;3.2500000e+01;1.6837716e-01;3.2500000e+01;2.5266072e-01;3.2500000e+01;2.7379143e-01;3.2500000e+01;2.3898184e-01;3.2500000e+01;1.8274316e-01;3.2500000e+01;2.1888401e-01;3.2500000e+01;1.9304317e-01;3.2500000e+01;1.4634089e-01;3.2500000e+01;9.8404795e-02;3.2500000e+01;5.0070658e-02;3.2500000e+01;8.5775778e-03;3.2500000e+01;-3.9975777e-02;3.2500000e+01;-7.8834191e-02;3.2500000e+01;-1.2198564e-01;3.2500000e+01;-6.6902392e-02;3.2500000e+01;-4.0141005e-02;3.2500000e+01;3.4569427e-03;3.2500000e+01;7.1324490e-02;3.2500000e+01;1.6837716e-01;3.2500000e+01;2.5266072e-01;3.2500000e+01;2.7379143e-01;3.2500000e+01;2.3898184e-01;3.2500000e+01;1.8274316e-01;3.2500000e+01;2.1888401e-01;3.2500000e+01;1.9304317e-01;3.2500000e+01;1.4634089e-01;3.2500000e+01;9.8404795e-02;3.2500000e+01;5.0070658e-02;3.2500000e+01;8.5775778e-03;3.2500000e+01;-3.9975777e-02;3.2500000e+01;-7.8834191e-02;3.2500000e+01;-1.2198564e-01;3.2500000e+01;-6.6902392e-02;3.2500000e+01;-4.0141005e-02;3.2500000e+01;3.4569427e-03;3.2500000e+01;7.1324490e-02;3.2500000e+01;1.6837716e-01;3.2500000e+01;2.5266072e-01;3.2500000e+01;2.7379143e-01;3.2500000e+01;2.3898184e-01;3.2500000e+01;1.8274316e-01;3.2500000e+01;2.1888401e-01;3.2500000e+01;1.9304317e-01;3.2500000e+01;1.4634089e-01;3.2500000e+01;9.8404795e-02;3.2500000e+01;5.0070658e-02;3.2500000e+01;8.5775778e-03;3.2500000e+01;-3.9975777e-02;3.2500000e+01;-7.8834191e-02;3.2500000e+01;-1.2198564e-01;3.2500000e+01;-6.6902392e-02;3.2500000e+01;-4.0141005e-02;3.2500000e+01;3.4569427e-03;3.2500000e+01;7.1324490e-02;3.2500000e+01;1.6837716e-01;3.2500000e+01;2.5266072e-01;3.2500000e+01;2.7379143e-01;3.2500000e+01;2.3898184e-01;3.2500000e+01;1.8274316e-01;3.2500000e+01;2.1888401e-01;3.2500000e+01;1.9304317e-01;3.2500000e+01;1.4634089e-01;3.2500000e+01;9.8404795e-02;3.2500000e+01;5.0070658e-02;3.2500000e+01;8.5775778e-03;3.2500000e+01;-3.9975777e-02;3.2500000e+01;-7.8834191e-02;3.2500000e+01;-1.2198564e-01;3.2500000e+01;-6.6902392e-02;3.2500000e+01;-4.0141005e-02;3.2500000e+01;3.4569427e-03;3.2500000e+01;7.1324490e-02;3.2500000e+01;1.6837716e-01;3.2500000e+01;2.5266072e-01;3.2500000e+01;2.7379143e-01;3.2500000e+01;2.3898184e-01;3.2500000e+01;1.8274316e-01;3.2500000e+01;2.1888401e-01;3.2500000e+01;1.9304317e-01;3.2500000e+01;1.4634089e-01;3.2500000e+01;9.8404795e-02;3.2500000e+01;5.0070658e-02;3.2500000e+01;8.5775778e-03;3.2500000e+01;-3.9975777e-02;3.2500000e+01;-7.8834191e-02;3.2500000e+01;-1.2198564e-01;3.2500000e+01;-6.6902392e-02;3.2500000e+01;-4.0141005e-02;3.2500000e+01;3.4569427e-03;3.2500000e+01;7.1324490e-02;3.2500000e+01;1.6837716e-01;3.2500000e+01;2.5266072e-01;3.2500000e+01;2.7379143e-01;3.2500000e+01;2.3898184e-01;3.2500000e+01;1.8274316e-01;3.2500000e+01;2.1888401e-01;3.2500000e+01;1.9304317e-01;3.2500000e+01;1.4634089e-01;3.2500000e+01;9.8404795e-02;3.2500000e+01;5.0070658e-02;3.2500000e+01;8.5775778e-03;3.2500000e+01;-3.9975777e-02;3.2500000e+01;-7.8834191e-02;3.2500000e+01;-1.2198564e-01;3.2500000e+01;-6.6902392e-02;3.2500000e+01;-4.0141005e-02;3.2500000e+01;3.4569427e-03;3.2500000e+01;7.1324490e-02;3.2500000e+01;1.6837716e-01;3.2500000e+01;2.5266072e-01;3.2500000e+01;2.7379143e-01;3.2500000e+01;2.3898184e-01;3.2500000e+01;1.8274316e-01;3.2500000e+01;2.1888401e-01;3.2500000e+01;1.9304317e-01;3.2500000e+01;1.4634089e-01;3.2500000e+01;9.8404795e-02;3.2500000e+01;5.0070658e-02;3.2500000e+01;8.5775778e-03;3.2500000e+01;-3.9975777e-02;3.2500000e+01;-7.8834191e-02;3.2500000e+01;-1.2198564e-01;3.2500000e+01;-6.6902392e-02;3.2500000e+01;-4.0141005e-02;3.2500000e+01;3.4569427e-03;3.2500000e+01;7.1324490e-02;3.2500000e+01;1.6837716e-01;3.2500000e+01;2.5266072e-01;3.2500000e+01;2.7379143e-01;3.2500000e+01;2.3898184e-01;3.2500000e+01;1.8274316e-01;3.2500000e+01;2.1888401e-01;3.2500000e+01;1.9304317e-01;3.2500000e+01;1.4634089e-01;3.2500000e+01;9.8404795e-02;3.2500000e+01;5.0070658e-02;3.2500000e+01;8.5775778e-03;3.2500000e+01;-3.9975777e-02;3.2500000e+01;-7.8834191e-02;3.2500000e+01;-1.2198564e-01;3.2500000e+01;-6.6902392e-02;3.2500000e+01;-4.0141005e-02;3.2500000e+01;3.4569427e-03;3.2500000e+01;7.1324490e-02;3.2500000e+01;1.6837716e-01;3.2500000e+01;2.5266072e-01;3.2500000e+01;2.7379143e-01;3.2500000e+01;2.3898184e-01;3.2500000e+01;1.8274316e-01;3.2500000e+01;2.1888401e-01;3.2500000e+01;1.9304317e-01;3.2500000e+01;1.4634089e-01;3.2500000e+01;9.8404795e-02;3.2500000e+01;5.0070658e-02;3.2500000e+01;8.5775778e-03;3.2500000e+01;-3.9975777e-02;3.2500000e+01;-7.8834191e-02;3.2500000e+01;-1.2198564e-01;3.2500000e+01;-6.6902392e-02;3.2500000e+01;-4.0141005e-02;3.2500000e+01;3.4569427e-03;3.2500000e+01;7.1324490e-02;3.2500000e+01;1.6837716e-01;3.2500000e+01;2.5266072e-01;3.2500000e+01;2.7379143e-01;3.2500000e+01;2.3898184e-01;3.2500000e+01;1.8274316e-01;3.2500000e+01;2.1888401e-01;3.2500000e+01;1.9304317e-01;3.2500000e+01;1.4634089e-01;3.2500000e+01;9.8404795e-02;3.2500000e+01;5.0070658e-02;3.2500000e+01;8.5775778e-03;3.2500000e+01;-3.9975777e-02;3.2500000e+01;-7.8834191e-02;3.2500000e+01;-1.2198564e-01;3.2500000e+01;-6.6902392e-02;3.2500000e+01;-4.0141005e-02;3.2500000e+01;3.4569427e-03;3.2500000e+01;7.1324490e-02;3.2500000e+01;1.6837716e-01;3.2500000e+01;2.5266072e-01;3.2500000e+01;2.7379143e-01;3.2500000e+01;2.3898184e-01;3.2500000e+01;1.8274316e-01;3.2500000e+01;2.1888401e-01;3.2500000e+01;1.9304317e-01;3.2500000e+01;1.4634089e-01;3.2500000e+01;9.8404795e-02;3.2500000e+01;5.0070658e-02;3.2500000e+01;8.5775778e-03;3.2500000e+01;-3.9975777e-02;3.2500000e+01;-7.8834191e-02;3.2500000e+01;-1.2198564e-01;3.2500000e+01;-6.6902392e-02;3.2500000e+01;-4.0141005e-02;3.2500000e+01;3.4569427e-03;3.2500000e+01;7.1324490e-02;3.2500000e+01;1.6837716e-01;3.2500000e+01;2.5266072e-01;3.2500000e+01;2.7379143e-01;3.2500000e+01;2.3898184e-01;3.2500000e+01;1.8274316e-01;3.2500000e+01;2.1888401e-01;3.2500000e+01;1.9304317e-01;3.2500000e+01;1.4634089e-01;3.2500000e+01;9.8404795e-02;3.2500000e+01;5.0070658e-02;3.2500000e+01;8.5775778e-03;3.2500000e+01;-3.9975777e-02;3.2500000e+01;-7.8834191e-02;3.2500000e+01;-1.2198564e-01;3.2500000e+01;-6.6902392e-02;3.2500000e+01;-4.0141005e-02;3.2500000e+01;3.4569427e-03;3.2500000e+01;7.1324490e-02;3.2500000e+01;1.6837716e-01;3.2500000e+01;2.5266072e-01;3.2500000e+01;2.7379143e-01;3.2500000e+01;2.3898184e-01;3.2500000e+01;1.8274316e-01;3.2500000e+01;2.1888401e-01;3.2500000e+01;1.9304317e-01;3.2500000e+01;1.4634089e-01;3.2500000e+01;9.8404795e-02;3.2500000e+01;5.0070658e-02;3.2500000e+01;8.5775778e-03;3.2500000e+01;-3.9975777e-02;3.2500000e+01;-7.8834191e-02;3.2500000e+01;-1.2198564e-01;3.2500000e+01;-6.6902392e-02;3.2500000e+01;-4.0141005e-02;3.2500000e+01;3.4569427e-03;3.2500000e+01;7.1324490e-02;3.2500000e+01;1.6837716e-01;3.2500000e+01;2.5266072e-01;3.2500000e+01;2.7379143e-01;3.2500000e+01;2.3898184e-01;3.2500000e+01;1.8274316e-01;3.2500000e+01;2.1888401e-01;3.2500000e+01;1.9304317e-01;3.2500000e+01;1.4634089e-01;3.2500000e+01;9.8404795e-02;3.2500000e+01;5.0070658e-02;3.2500000e+01;8.5775778e-03;3.2500000e+01;-3.9975777e-02;3.2500000e+01;-7.8834191e-02;3.2500000e+01;-1.2198564e-01;3.2500000e+01;-6.6902392e-02;3.2500000e+01;-4.0141005e-02;3.2500000e+01;3.4569427e-03;3.2500000e+01;7.1324490e-02;3.2500000e+01;1.6837716e-01;3.2500000e+01;2.5266072e-01;3.2500000e+01;2.7379143e-01;3.2500000e+01;2.3898184e-01;3.2500000e+01;1.8274316e-01;3.2500000e+01;2.1888401e-01;3.2500000e+01;1.9304317e-01;3.2500000e+01;1.4634089e-01;3.2500000e+01;9.8404795e-02;3.2500000e+01;5.0070658e-02;3.2500000e+01;8.5775778e-03;3.2500000e+01;-3.9975777e-02;3.2500000e+01;-7.8834191e-02;3.2500000e+01;-1.2198564e-01;3.2500000e+01;-6.6902392e-02;3.2500000e+01;-4.0141005e-02;3.2500000e+01;3.4569427e-03;3.2500000e+01;7.1324490e-02;3.2500000e+01;1.6837716e-01;3.2500000e+01;2.5266072e-01;3.2500000e+01;2.7379143e-01;3.2500000e+01;2.3898184e-01;3.2500000e+01;1.8274316e-01;3.2500000e+01;2.1888401e-01;3.2500000e+01;1.9304317e-01;3.2500000e+01;1.4634089e-01;3.2500000e+01;9.8404795e-02;3.2500000e+01;5.0070658e-02;3.2500000e+01;8.5775778e-03;3.2500000e+01;-3.9975777e-02;3.2500000e+01;-7.8834191e-02;3.2500000e+01;-1.2198564e-01;3.2500000e+01;-6.6902392e-02;3.2500000e+01;-4.0141005e-02;3.2500000e+01;3.4569427e-03;3.2500000e+01;7.1324490e-02;3.2500000e+01;1.6837716e-01;3.2500000e+01;2.5266072e-01;3.2500000e+01;2.7379143e-01;3.2500000e+01;2.3898184e-01;3.2500000e+01;1.8274316e-01;3.2500000e+01;2.1888401e-01;3.2500000e+01;1.9304317e-01;3.2500000e+01;1.4634089e-01;3.2500000e+01;9.8404795e-02;3.2500000e+01;5.0070658e-02;3.2500000e+01;8.5775778e-03;3.2500000e+01;-3.9975777e-02;3.2500000e+01;-7.8834191e-02;3.2500000e+01;-1.2198564e-01;3.2500000e+01;-6.6902392e-02;3.2500000e+01;-4.0141005e-02;3.2500000e+01;3.4569427e-03;3.2500000e+01;7.1324490e-02;3.2500000e+01;1.6837716e-01;3.2500000e+01;2.5266072e-01;3.2500000e+01;2.7379143e-01;3.2500000e+01;2.3898184e-01;3.2500000e+01;1.8274316e-01;3.2500000e+01;2.1888401e-01;3.2500000e+01;1.9304317e-01;3.2500000e+01;1.4634089e-01;3.2500000e+01;9.8404795e-02;3.2500000e+01;5.0070658e-02;3.2500000e+01;8.5775778e-03;3.2500000e+01;-3.9975777e-02;3.2500000e+01;-7.8834191e-02;3.2500000e+01;-1.2198564e-01;3.2500000e+01;-6.6902392e-02;3.2500000e+01;-4.0141005e-02;3.2500000e+01;3.4569427e-03;3.2500000e+01;7.1324490e-02;3.2500000e+01;1.6837716e-01;3.2500000e+01;2.5266072e-01;3.2500000e+01;2.7379143e-01;3.2500000e+01;2.3898184e-01;3.2500000e+01;1.8274316e-01;3.2500000e+01;2.1888401e-01;3.2500000e+01;1.9304317e-01;3.2500000e+01;1.4634089e-01;3.2500000e+01;9.8404795e-02;3.2500000e+01;5.0070658e-02;3.2500000e+01;8.5775778e-03;3.2500000e+01;-3.9975777e-02;3.2500000e+01;-7.8834191e-02;3.2500000e+01;-1.2198564e-01;3.2500000e+01;-6.6902392e-02;3.2500000e+01;-4.0141005e-02;3.2500000e+01;3.4569427e-03;3.2500000e+01;7.1324490e-02;3.2500000e+01;1.6837716e-01;3.2500000e+01;2.5266072e-01;3.2500000e+01;2.7379143e-01;3.2500000e+01;2.3898184e-01;3.2500000e+01;1.8274316e-01;3.2500000e+01;2.1888401e-01;3.2500000e+01;1.9304317e-01;3.2500000e+01;1.4634089e-01;3.2500000e+01;9.8404795e-02;3.2500000e+01;5.0070658e-02;3.2500000e+01;8.5775778e-03;3.2500000e+01;-3.9975777e-02;3.2500000e+01;-7.8834191e-02;3.2500000e+01;-1.2198564e-01;3.2500000e+01;-6.6902392e-02;3.2500000e+01;-4.0141005e-02;3.2500000e+01;3.4569427e-03;3.2500000e+01;7.1324490e-02;3.2500000e+01;1.6837716e-01;3.2500000e+01;2.5266072e-01;3.2500000e+01;2.7379143e-01;3.2500000e+01;2.3898184e-01;3.2500000e+01;1.8274316e-01;3.2500000e+01;2.1888401e-01;3.2500000e+01;1.9304317e-01;3.2500000e+01;1.4634089e-01;3.2500000e+01;9.8404795e-02;3.2500000e+01;5.0070658e-02;3.2500000e+01;8.5775778e-03;3.2500000e+01;-3.9975777e-02;3.2500000e+01;-7.8834191e-02;3.2500000e+01;-1.2198564e-01;3.2500000e+01;-6.6902392e-02;3.2500000e+01;-4.0141005e-02;3.2500000e+01;3.4569427e-03;3.2500000e+01;7.1324490e-02;3.2500000e+01;1.6837716e-01;3.2500000e+01;2.5266072e-01;3.2500000e+01;2.7379143e-01;3.2500000e+01;2.3898184e-01;3.2500000e+01;1.8274316e-01;3.2500000e+01;2.1888401e-01;3.2500000e+01;1.9304317e-01;3.2500000e+01;1.4634089e-01;3.2500000e+01;9.8404795e-02;3.2500000e+01;5.0070658e-02;3.2500000e+01;8.5775778e-03;3.2500000e+01;-3.9975777e-02;3.2500000e+01;-7.8834191e-02;3.2500000e+01;-1.2198564e-01;3.2500000e+01;-6.6902392e-02;3.2500000e+01;-4.0141005e-02;3.2500000e+01;3.4569427e-03;3.2500000e+01;7.1324490e-02;3.2500000e+01;1.6837716e-01;3.2500000e+01;2.5266072e-01;3.2500000e+01;2.7379143e-01;3.2500000e+01;2.3898184e-01;3.2500000e+01;1.8274316e-01;3.2500000e+01;2.1888401e-01;3.2500000e+01;1.9304317e-01;3.2500000e+01;1.4634089e-01;3.2500000e+01;9.8404795e-02;3.2500000e+01;5.0070658e-02;3.2500000e+01;8.5775778e-03;3.2500000e+01;-3.9975777e-02;3.2500000e+01;-7.8834191e-02;3.2500000e+01;-1.2198564e-01;3.2500000e+01;-6.6902392e-02;3.2500000e+01;-4.0141005e-02;3.2500000e+01;3.4569427e-03;3.2500000e+01;7.1324490e-02;3.2500000e+01;1.6837716e-01;3.2500000e+01;2.5266072e-01;3.2500000e+01;2.7379143e-01;3.2500000e+01;2.3898184e-01;3.2500000e+01;1.8274316e-01;3.2500000e+01;2.1888401e-01;3.2500000e+01;1.9304317e-01;3.2500000e+01;1.4634089e-01;3.2500000e+01;9.8404795e-02;3.2500000e+01;5.0070658e-02;3.2500000e+01;8.5775778e-03;3.2500000e+01;-3.9975777e-02;3.2500000e+01;-7.8834191e-02;3.2500000e+01;-1.2198564e-01;3.2500000e+01;-6.6902392e-02;3.2500000e+01;-4.0141005e-02;3.2500000e+01;3.4569427e-03;3.2500000e+01;7.1324490e-02;3.2500000e+01;1.6837716e-01;3.2500000e+01;2.5266072e-01;3.2500000e+01;2.7379143e-01;3.2500000e+01;2.3898184e-01;3.2500000e+01;1.8274316e-01;3.2500000e+01;2.1888401e-01;3.2500000e+01;1.9304317e-01;3.2500000e+01;1.4634089e-01;3.2500000e+01;9.8404795e-02;3.2500000e+01;5.0070658e-02;3.2500000e+01;8.5775778e-03;3.2500000e+01;-3.9975777e-02;3.2500000e+01;-7.8834191e-02;3.2500000e+01;-1.2198564e-01;3.2500000e+01;-6.6902392e-02;3.2500000e+01;-4.0141005e-02;3.2500000e+01;3.4569427e-03;3.2500000e+01;7.1324490e-02;3.2500000e+01;1.6837716e-01;3.2500000e+01;2.5266072e-01;3.2500000e+01;2.7379143e-01;3.2500000e+01;2.3898184e-01;3.2500000e+01;1.8274316e-01;3.2500000e+01;2.1888401e-01;3.2500000e+01;1.9304317e-01;3.2500000e+01;1.4634089e-01;3.2500000e+01;9.8404795e-02;3.2500000e+01;5.0070658e-02;3.2500000e+01;8.5775778e-03;3.2500000e+01;-3.9975777e-02;3.2500000e+01;-7.8834191e-02;3.2500000e+01;-1.2198564e-01;3.2500000e+01;-6.6902392e-02;3.2500000e+01;-4.0141005e-02;3.2500000e+01;3.4569427e-03;3.2500000e+01;7.1324490e-02;3.2500000e+01;1.6837716e-01;3.2500000e+01;2.5266072e-01;3.2500000e+01;2.7379143e-01;3.2500000e+01;2.3898184e-01;3.2500000e+01;1.8274316e-01;3.2500000e+01;2.1888401e-01;3.2500000e+01;1.9304317e-01;3.2500000e+01;1.4634089e-01;3.2500000e+01;9.8404795e-02;3.2500000e+01;5.0070658e-02;3.2500000e+01;8.5775778e-03;3.2500000e+01;-3.9975777e-02;3.2500000e+01;-7.8834191e-02;3.2500000e+01;-1.2198564e-01;3.2500000e+01;-6.6902392e-02;3.2500000e+01;-4.0141005e-02;3.2500000e+01;3.4569427e-03;3.2500000e+01;7.1324490e-02;3.2500000e+01;1.6837716e-01;3.2500000e+01;2.5266072e-01;3.2500000e+01;2.7379143e-01;3.2500000e+01;2.3898184e-01;3.2500000e+01;1.8274316e-01;3.2500000e+01;2.1888401e-01;3.2500000e+01;1.9304317e-01;3.2500000e+01;1.4634089e-01;3.2500000e+01;9.8404795e-02;3.2500000e+01;5.0070658e-02;3.2500000e+01;8.5775778e-03;3.2500000e+01;-3.9975777e-02;3.2500000e+01;-7.8834191e-02;3.2500000e+01;-1.2198564e-01;3.2500000e+01;-6.6902392e-02;3.2500000e+01;-4.0141005e-02;3.2500000e+01;3.4569427e-03;3.2500000e+01;7.1324490e-02;3.2500000e+01;1.6837716e-01;3.2500000e+01;2.5266072e-01;3.2500000e+01;2.7379143e-01;3.2500000e+01;2.3898184e-01;3.2500000e+01;1.8274316e-01;3.2500000e+01;2.1888401e-01;3.2500000e+01;1.9304317e-01;3.2500000e+01;1.4634089e-01;3.2500000e+01;9.8404795e-02;3.2500000e+01;5.0070658e-02;3.2500000e+01;8.5775778e-03;3.2500000e+01;-3.9975777e-02;3.2500000e+01;-7.8834191e-02;3.2500000e+01;-1.2198564e-01;3.2500000e+01;-6.6902392e-02;3.2500000e+01;-4.0141005e-02;3.2500000e+01;3.4569427e-03;3.2500000e+01;7.1324490e-02;3.2500000e+01;1.6837716e-01;3.2500000e+01;2.5266072e-01;3.2500000e+01;2.7379143e-01;3.2500000e+01;2.3898184e-01;3.2500000e+01;1.8274316e-01;3.2500000e+01;2.1888401e-01;3.2500000e+01;1.9304317e-01;3.2500000e+01;1.4634089e-01;3.2500000e+01;9.8404795e-02;3.2500000e+01;5.0070658e-02;3.2500000e+01;8.5775778e-03;3.2500000e+01;-3.9975777e-02;3.2500000e+01;-7.8834191e-02;3.2500000e+01;-1.2198564e-01;3.2500000e+01;-6.6902392e-02;3.2500000e+01;-4.0141005e-02;3.2500000e+01;3.4569427e-03;3.2500000e+01;7.1324490e-02;3.2500000e+01;1.6837716e-01;3.2500000e+01;2.5266072e-01;3.2500000e+01;2.7379143e-01;3.2500000e+01;2.3898184e-01;3.2500000e+01;1.8274316e-01;3.2500000e+01;2.1888401e-01;3.2500000e+01;1.9304317e-01;3.2500000e+01;1.4634089e-01;3.2500000e+01;9.8404795e-02;3.2500000e+01;5.0070658e-02;3.2500000e+01;8.5775778e-03;3.2500000e+01;-3.9975777e-02;3.2500000e+01;-7.8834191e-02;3.2500000e+01;-1.2198564e-01;3.2500000e+01;-6.6902392e-02;3.2500000e+01;-4.0141005e-02;3.2500000e+01;3.4569427e-03;3.2500000e+01;7.1324490e-02;3.2500000e+01;1.6837716e-01;3.2500000e+01;2.5266072e-01;3.2500000e+01;2.7379143e-01;3.2500000e+01;2.3898184e-01;3.2500000e+01;1.8274316e-01;3.2500000e+01;2.1888401e-01;3.2500000e+01;1.9304317e-01;3.2500000e+01;1.4634089e-01;3.2500000e+01;9.8404795e-02;3.2500000e+01;5.0070658e-02;3.2500000e+01;8.5775778e-03;3.2500000e+01;-3.9975777e-02;3.2500000e+01;-7.8834191e-02;3.2500000e+01;-1.2198564e-01;3.2500000e+01;-6.6902392e-02;3.2500000e+01;-4.0141005e-02;3.2500000e+01;3.4569427e-03;3.2500000e+01;7.1324490e-02;3.2500000e+01;1.6837716e-01;3.2500000e+01;2.5266072e-01;3.2500000e+01;2.7379143e-01;3.2500000e+01;2.3898184e-01;3.2500000e+01;1.8274316e-01;3.2500000e+01;2.1888401e-01;3.2500000e+01;1.9304317e-01;3.2500000e+01;1.4634089e-01;3.2500000e+01;9.8404795e-02;3.2500000e+01;5.0070658e-02;3.2500000e+01;8.5775778e-03;3.2500000e+01;-3.9975777e-02;3.2500000e+01;-7.8834191e-02;3.2500000e+01;-1.2198564e-01;3.2500000e+01;-6.6902392e-02;3.2500000e+01;-4.0141005e-02;3.2500000e+01;3.4569427e-03;3.2500000e+01;7.1324490e-02;3.2500000e+01;1.6837716e-01;3.2500000e+01;2.5266072e-01;3.2500000e+01;2.7379143e-01;3.2500000e+01;2.3898184e-01;3.2500000e+01;1.8274316e-01;3.2500000e+01;2.1888401e-01;3.2500000e+01;1.9304317e-01;3.2500000e+01;1.4634089e-01;3.2500000e+01;9.8404795e-02;3.2500000e+01;5.0070658e-02;3.2500000e+01;8.5775778e-03;3.2500000e+01;-3.9975777e-02;3.2500000e+01;-7.8834191e-02;3.2500000e+01;-1.2198564e-01;3.2500000e+01;-6.6902392e-02;3.2500000e+01;-4.0141005e-02;3.2500000e+01;3.4569427e-03;3.2500000e+01;7.1324490e-02;3.2500000e+01;1.6837716e-01;3.2500000e+01;2.5266072e-01;3.2500000e+01;2.7379143e-01;3.2500000e+01;2.3898184e-01;3.2500000e+01;1.8274316e-01;3.2500000e+01;2.1888401e-01;3.2500000e+01;1.9304317e-01;3.2500000e+01;1.4634089e-01;3.2500000e+01;9.8404795e-02;3.2500000e+01;5.0070658e-02;3.2500000e+01;8.5775778e-03;3.2500000e+01;-3.9975777e-02;3.2500000e+01;-7.8834191e-02;3.2500000e+01;-1.2198564e-01;3.2500000e+01;-6.6902392e-02;3.2500000e+01;-4.0141005e-02;3.2500000e+01;3.4569427e-03;3.2500000e+01;7.1324490e-02;3.2500000e+01;1.6837716e-01;3.2500000e+01;2.5266072e-01;3.2500000e+01;2.7379143e-01;3.2500000e+01;2.3898184e-01;3.2500000e+01;1.8274316e-01;3.2500000e+01;2.1888401e-01;3.2500000e+01;1.9304317e-01;3.2500000e+01;1.4634089e-01;3.2500000e+01;9.8404795e-02;3.2500000e+01;5.0070658e-02;3.2500000e+01;8.5775778e-03;3.2500000e+01;-3.9975777e-02;3.2500000e+01;-7.8834191e-02;3.2500000e+01;-1.2198564e-01;3.2500000e+01;-6.6902392e-02;3.2500000e+01;-4.0141005e-02;3.2500000e+01;3.4569427e-03;3.2500000e+01;7.1324490e-02;3.2500000e+01;1.6837716e-01;3.2500000e+01;2.5266072e-01;3.2500000e+01;2.7379143e-01;3.2500000e+01;2.3898184e-01;3.2500000e+01;1.8274316e-01;3.2500000e+01;2.1888401e-01;3.2500000e+01;1.9304317e-01;3.2500000e+01;1.4634089e-01;3.2500000e+01;9.8404795e-02;3.2500000e+01;5.0070658e-02;3.2500000e+01;8.5775778e-03;3.2500000e+01;-3.9975777e-02;3.2500000e+01;-7.8834191e-02;3.2500000e+01;-1.2198564e-01;3.2500000e+01;-6.6902392e-02;3.2500000e+01;-4.0141005e-02;3.2500000e+01;3.4569427e-03;3.2500000e+01;7.1324490e-02;3.2500000e+01;1.6837716e-01;3.2500000e+01;2.5266072e-01;3.2500000e+01;2.7379143e-01;3.2500000e+01;2.3898184e-01;3.2500000e+01;1.8274316e-01;3.2500000e+01;2.1888401e-01;3.2500000e+01;1.9304317e-01;3.2500000e+01;1.4634089e-01;3.2500000e+01;9.8404795e-02;3.2500000e+01;5.0070658e-02;3.2500000e+01;8.5775778e-03;3.2500000e+01;-3.9975777e-02;3.2500000e+01;-7.8834191e-02;3.2500000e+01;-1.2198564e-01;3.2500000e+01;-6.6902392e-02;3.2500000e+01;-4.0141005e-02;3.2500000e+01;3.4569427e-03;3.2500000e+01;7.1324490e-02;3.2500000e+01;1.6837716e-01;3.2500000e+01;2.5266072e-01;3.2500000e+01;2.7379143e-01;3.2500000e+01;2.3898184e-01;3.2500000e+01;1.8274316e-01;3.2500000e+01;2.1888401e-01;3.2500000e+01;1.9304317e-01;3.2500000e+01;1.4634089e-01;3.2500000e+01;9.8404795e-02;3.2500000e+01;5.0070658e-02;3.2500000e+01;8.5775778e-03;3.2500000e+01;-3.9975777e-02;3.2500000e+01;-7.8834191e-02;3.2500000e+01;-1.2198564e-01;3.2500000e+01;-6.6902392e-02;3.2500000e+01;-4.0141005e-02;3.2500000e+01;3.4569427e-03;3.2500000e+01;7.1324490e-02;3.2500000e+01;1.6837716e-01;3.2500000e+01;2.5266072e-01;3.2500000e+01;2.7379143e-01;3.2500000e+01;2.3898184e-01;3.2500000e+01;1.8274316e-01;3.2500000e+01;2.1888401e-01;3.2500000e+01;1.9304317e-01;3.2500000e+01;1.4634089e-01;3.2500000e+01;9.8404795e-02;3.2500000e+01;5.0070658e-02;3.2500000e+01;8.5775778e-03;3.2500000e+01;-3.9975777e-02;3.2500000e+01;-7.8834191e-02;3.2500000e+01;-1.2198564e-01;3.2500000e+01;-6.6902392e-02;3.2500000e+01;-4.0141005e-02;3.2500000e+01;3.4569427e-03;3.2500000e+01;7.1324490e-02;3.2500000e+01;1.6837716e-01;3.2500000e+01;2.5266072e-01;3.2500000e+01;2.7379143e-01;3.2500000e+01;2.3898184e-01;3.2500000e+01;1.8274316e-01;3.2500000e+01;2.1888401e-01;3.2500000e+01;1.9304317e-01;3.2500000e+01;1.4634089e-01;3.2500000e+01;9.8404795e-02;3.2500000e+01;5.0070658e-02;3.2500000e+01;8.5775778e-03;3.2500000e+01;-3.9975777e-02;3.2500000e+01;-7.8834191e-02;3.2500000e+01;-1.2198564e-01;3.2500000e+01;-6.6902392e-02;3.2500000e+01;-4.0141005e-02;3.2500000e+01;3.4569427e-03;3.2500000e+01;7.1324490e-02;3.2500000e+01;1.6837716e-01;3.2500000e+01;2.5266072e-01;3.2500000e+01;2.7379143e-01;3.2500000e+01;2.3898184e-01;3.2500000e+01;1.8274316e-01;3.2500000e+01;2.1888401e-01;3.2500000e+01;1.9304317e-01;3.2500000e+01;1.4634089e-01;3.2500000e+01;9.8404795e-02;3.2500000e+01;5.0070658e-02;3.2500000e+01;8.5775778e-03;3.2500000e+01;-3.9975777e-02;3.2500000e+01;-7.8834191e-02;3.2500000e+01;-1.2198564e-01;3.2500000e+01;-6.6902392e-02;3.2500000e+01;-4.0141005e-02;3.2500000e+01;3.4569427e-03;3.2500000e+01;7.1324490e-02;3.2500000e+01;1.6837716e-01;3.2500000e+01;2.5266072e-01;3.2500000e+01;2.7379143e-01;3.2500000e+01;2.3898184e-01;3.2500000e+01;1.8274316e-01;3.2500000e+01;2.1888401e-01;3.2500000e+01;1.9304317e-01;3.2500000e+01;1.4634089e-01;3.2500000e+01;9.8404795e-02;3.2500000e+01;5.0070658e-02;3.2500000e+01;8.5775778e-03;3.2500000e+01;-3.9975777e-02;3.2500000e+01;-7.8834191e-02;3.2500000e+01;-1.2198564e-01;3.2500000e+01;-6.6902392e-02;3.2500000e+01;-4.0141005e-02;3.2500000e+01;3.4569427e-03;3.2500000e+01;7.1324490e-02;3.2500000e+01;1.6837716e-01;3.2500000e+01;2.5266072e-01;3.2500000e+01;2.7379143e-01;3.2500000e+01;2.3898184e-01;3.2500000e+01;1.8274316e-01;3.2500000e+01;2.1888401e-01;3.2500000e+01;1.9304317e-01;3.2500000e+01;1.4634089e-01;3.2500000e+01;9.8404795e-02;3.2500000e+01;5.0070658e-02;3.2500000e+01;8.5775778e-03;3.2500000e+01;-3.9975777e-02;3.2500000e+01;-7.8834191e-02;3.2500000e+01;-1.2198564e-01;3.2500000e+01;-6.6902392e-02;3.2500000e+01;-4.0141005e-02;3.2500000e+01;3.4569427e-03;3.2500000e+01;7.1324490e-02;3.2500000e+01;1.6837716e-01;3.2500000e+01;2.5266072e-01;3.2500000e+01;2.7379143e-01;3.2500000e+01;2.3898184e-01;3.2500000e+01;1.8274316e-01;3.2500000e+01;2.1888401e-01;3.2500000e+01;1.9304317e-01;3.2500000e+01;1.4634089e-01;3.2500000e+01;9.8404795e-02;3.2500000e+01;5.0070658e-02;3.2500000e+01;8.5775778e-03;3.2500000e+01;-3.9975777e-02;3.2500000e+01;-7.8834191e-02;3.2500000e+01;-1.2198564e-01;3.2500000e+01;-6.6902392e-02;3.2500000e+01;-4.0141005e-02;3.2500000e+01;3.4569427e-03;3.2500000e+01;7.1324490e-02;3.2500000e+01;1.6837716e-01;3.2500000e+01;2.5266072e-01;3.2500000e+01;2.7379143e-01;3.2500000e+01;2.3898184e-01;3.2500000e+01;1.8274316e-01;3.2500000e+01;2.1888401e-01;3.2500000e+01;1.9304317e-01;3.2500000e+01;1.4634089e-01;3.2500000e+01;9.8404795e-02;3.2500000e+01;5.0070658e-02;3.2500000e+01;8.5775778e-03;3.2500000e+01;-3.9975777e-02;3.2500000e+01;-7.8834191e-02;3.2500000e+01;-1.2198564e-01;3.2500000e+01;-6.6902392e-02;3.2500000e+01;-4.0141005e-02;3.2500000e+01;3.4569427e-03;3.2500000e+01;7.1324490e-02;3.2500000e+01;1.6837716e-01;3.2500000e+01;2.5266072e-01;3.2500000e+01;2.7379143e-01;3.2500000e+01;2.3898184e-01;3.2500000e+01;1.8274316e-01;3.2500000e+01;2.1888401e-01;3.2500000e+01;1.9304317e-01;3.2500000e+01;1.4634089e-01;3.2500000e+01;9.8404795e-02;3.2500000e+01;5.0070658e-02;3.2500000e+01;8.5775778e-03;3.2500000e+01;-3.9975777e-02;3.2500000e+01;-7.8834191e-02;3.2500000e+01;-1.2198564e-01;3.2500000e+01;-6.6902392e-02;3.2500000e+01;-4.0141005e-02;3.2500000e+01;3.4569427e-03;3.2500000e+01;7.1324490e-02;3.2500000e+01;1.6837716e-01;3.2500000e+01;2.5266072e-01;3.2500000e+01;2.7379143e-01;3.2500000e+01;2.3898184e-01;3.2500000e+01;1.8274316e-01;3.2500000e+01;2.1888401e-01;3.2500000e+01;1.9304317e-01;3.2500000e+01;1.4634089e-01;3.2500000e+01;9.8404795e-02;3.2500000e+01;5.0070658e-02;3.2500000e+01;8.5775778e-03;3.2500000e+01;-3.9975777e-02;3.2500000e+01;-7.8834191e-02;3.2500000e+01;-1.2198564e-01;3.2500000e+01;-6.6902392e-02;3.2500000e+01;-4.0141005e-02;3.2500000e+01;3.4569427e-03;3.2500000e+01;7.1324490e-02;3.2500000e+01;1.6837716e-01;3.2500000e+01;2.5266072e-01;3.2500000e+01;2.7379143e-01;3.2500000e+01;2.3898184e-01;3.2500000e+01;1.8274316e-01;3.2500000e+01;2.1888401e-01;3.2500000e+01;1.9304317e-01;3.2500000e+01;1.4634089e-01;3.2500000e+01;9.8404795e-02;3.2500000e+01;5.0070658e-02;3.2500000e+01;8.5775778e-03;3.2500000e+01;-3.9975777e-02;3.2500000e+01;-7.8834191e-02;3.2500000e+01;-1.2198564e-01;3.2500000e+01;-6.6902392e-02;3.2500000e+01;-4.0141005e-02;3.2500000e+01;3.4569427e-03;3.2500000e+01;7.1324490e-02;3.2500000e+01;1.6837716e-01;3.2500000e+01;2.5266072e-01;3.2500000e+01;2.7379143e-01;3.2500000e+01;2.3898184e-01;3.2500000e+01;1.8274316e-01;3.2500000e+01;2.1888401e-01;3.2500000e+01;1.9304317e-01;3.2500000e+01;1.4634089e-01;3.2500000e+01;9.8404795e-02;3.2500000e+01;5.0070658e-02;3.2500000e+01;8.5775778e-03;3.2500000e+01;-3.9975777e-02;3.2500000e+01;-7.8834191e-02;3.2500000e+01;-1.2198564e-01;3.2500000e+01;-6.6902392e-02;3.2500000e+01;-4.0141005e-02;3.2500000e+01;3.4569427e-03;3.2500000e+01;7.1324490e-02;3.2500000e+01;1.6837716e-01;3.2500000e+01;2.5266072e-01;3.2500000e+01;2.7379143e-01;3.2500000e+01;2.3898184e-01;3.2500000e+01;1.8274316e-01;3.2500000e+01;2.1888401e-01;3.2500000e+01;1.9304317e-01;3.2500000e+01;1.4634089e-01;3.2500000e+01;9.8404795e-02;3.2500000e+01;5.0070658e-02;3.2500000e+01;8.5775778e-03;3.2500000e+01;-3.9975777e-02;3.2500000e+01;-7.8834191e-02;3.2500000e+01;-1.2198564e-01;3.2500000e+01;-6.6902392e-02;3.2500000e+01;-4.0141005e-02;3.2500000e+01;3.4569427e-03;3.2500000e+01;7.1324490e-02;3.2500000e+01;1.6837716e-01;3.2500000e+01;2.5266072e-01;3.2500000e+01;2.7379143e-01;3.2500000e+01;2.3898184e-01;3.2500000e+01;1.8274316e-01;3.2500000e+01;2.1888401e-01;3.2500000e+01;1.9304317e-01;3.2500000e+01;1.4634089e-01;3.2500000e+01;9.8404795e-02;3.2500000e+01;5.0070658e-02;3.2500000e+01;8.5775778e-03;3.2500000e+01;-3.9975777e-02;3.2500000e+01;-7.8834191e-02;3.2500000e+01;-1.2198564e-01;3.2500000e+01;-6.6902392e-02;3.2500000e+01;-4.0141005e-02;3.2500000e+01;3.4569427e-03;3.2500000e+01;7.1324490e-02;3.2500000e+01;1.6837716e-01;3.2500000e+01;2.5266072e-01;3.2500000e+01;2.7379143e-01;3.2500000e+01;2.3898184e-01;3.2500000e+01;1.8274316e-01;3.2500000e+01;2.1888401e-01;3.2500000e+01;1.9304317e-01;3.2500000e+01;1.4634089e-01;3.2500000e+01;9.8404795e-02;3.2500000e+01;5.0070658e-02;3.2500000e+01;8.5775778e-03;3.2500000e+01;-3.9975777e-02;3.2500000e+01;-7.8834191e-02;3.2500000e+01;-1.2198564e-01;3.2500000e+01;-6.6902392e-02;3.2500000e+01;-4.0141005e-02;3.2500000e+01;3.4569427e-03;3.2500000e+01;7.1324490e-02;3.2500000e+01;1.6837716e-01;3.2500000e+01;2.5266072e-01;3.2500000e+01;2.7379143e-01;3.2500000e+01;2.3898184e-01;3.2500000e+01;1.8274316e-01;3.2500000e+01;2.1888401e-01;3.2500000e+01;1.9304317e-01;3.2500000e+01;1.4634089e-01;3.2500000e+01;9.8404795e-02;3.2500000e+01;5.0070658e-02;3.2500000e+01;8.5775778e-03;3.2500000e+01;-3.9975777e-02;3.2500000e+01;-7.8834191e-02;3.2500000e+01;-1.2198564e-01;3.2500000e+01;-6.6902392e-02;3.2500000e+01;-4.0141005e-02;3.2500000e+01;3.4569427e-03;3.2500000e+01;7.1324490e-02;3.2500000e+01;1.6837716e-01;3.2500000e+01;2.5266072e-01;3.2500000e+01;2.7379143e-01;3.2500000e+01;2.3898184e-01;3.2500000e+01;1.8274316e-01;3.2500000e+01;2.1888401e-01;3.2500000e+01;1.9304317e-01;3.2500000e+01;1.4634089e-01;3.2500000e+01;9.8404795e-02;3.2500000e+01;5.0070658e-02;3.2500000e+01;8.5775778e-03;3.2500000e+01;-3.9975777e-02;3.2500000e+01;-7.8834191e-02;3.2500000e+01;-1.2198564e-01;3.2500000e+01;-6.6902392e-02;3.2500000e+01;-4.0141005e-02;3.2500000e+01;3.4569427e-03;3.2500000e+01;7.1324490e-02;3.2500000e+01;1.6837716e-01;3.2500000e+01;2.5266072e-01;3.2500000e+01;2.7379143e-01;3.2500000e+01;2.3898184e-01;3.2500000e+01;1.8274316e-01;3.2500000e+01;2.1888401e-01;3.2500000e+01;1.9304317e-01;3.2500000e+01;1.4634089e-01;3.2500000e+01;9.8404795e-02;3.2500000e+01;5.0070658e-02;3.2500000e+01;8.5775778e-03;3.2500000e+01;-3.9975777e-02;3.2500000e+01;-7.8834191e-02;3.2500000e+01;-1.2198564e-01;3.2500000e+01;-6.6902392e-02;3.2500000e+01;-4.0141005e-02;3.2500000e+01;3.4569427e-03;3.2500000e+01;7.1324490e-02;3.2500000e+01;1.6837716e-01;3.2500000e+01;2.5266072e-01;3.2500000e+01;2.7379143e-01;3.2500000e+01;2.3898184e-01;3.2500000e+01;1.8274316e-01;3.2500000e+01;2.1888401e-01;3.2500000e+01;1.9304317e-01;3.2500000e+01;1.4634089e-01;3.2500000e+01;9.8404795e-02;3.2500000e+01;5.0070658e-02;3.2500000e+01;8.5775778e-03;3.2500000e+01;-3.9975777e-02;3.2500000e+01;-7.8834191e-02;3.2500000e+01;-1.2198564e-01;3.2500000e+01;-6.6902392e-02;3.2500000e+01;-4.0141005e-02;3.2500000e+01;3.4569427e-03;3.2500000e+01;7.1324490e-02;3.2500000e+01;1.6837716e-01;3.2500000e+01;2.5266072e-01;3.2500000e+01;2.7379143e-01;3.2500000e+01;2.3898184e-01;3.2500000e+01;1.8274316e-01;3.2500000e+01;2.1888401e-01;3.2500000e+01;1.9304317e-01;3.2500000e+01;1.4634089e-01;3.2500000e+01;9.8404795e-02;3.2500000e+01;5.0070658e-02;3.2500000e+01;8.5775778e-03;3.2500000e+01;-3.9975777e-02;3.2500000e+01;-7.8834191e-02;3.2500000e+01;-1.2198564e-01;3.2500000e+01;-6.6902392e-02;3.2500000e+01;-4.0141005e-02;3.2500000e+01;3.4569427e-03;3.2500000e+01;7.1324490e-02;3.2500000e+01;1.6837716e-01;3.2500000e+01;2.5266072e-01;3.2500000e+01;2.7379143e-01;3.2500000e+01;2.3898184e-01;3.2500000e+01;1.8274316e-01;3.2500000e+01;2.1888401e-01;3.2500000e+01;1.9304317e-01;3.2500000e+01;1.4634089e-01;3.2500000e+01;9.8404795e-02;3.2500000e+01;5.0070658e-02;3.2500000e+01;8.5775778e-03;3.2500000e+01;-3.9975777e-02;3.2500000e+01;-7.8834191e-02;3.2500000e+01;-1.2198564e-01;3.2500000e+01;-6.6902392e-02;3.2500000e+01;-4.0141005e-02;3.2500000e+01;3.4569427e-03;3.2500000e+01;7.1324490e-02;3.2500000e+01;1.6837716e-01;3.2500000e+01;2.5266072e-01;3.2500000e+01;2.7379143e-01;3.2500000e+01;2.3898184e-01;3.2500000e+01;1.8274316e-01;3.2500000e+01;2.1888401e-01;3.2500000e+01;1.9304317e-01;3.2500000e+01;1.4634089e-01;3.2500000e+01;9.8404795e-02;3.2500000e+01;5.0070658e-02;3.2500000e+01;8.5775778e-03;3.2500000e+01;-3.9975777e-02;3.2500000e+01;-7.8834191e-02;3.2500000e+01;-1.2198564e-01;3.2500000e+01;-6.6902392e-02;3.2500000e+01;-4.0141005e-02;3.2500000e+01;3.4569427e-03;3.2500000e+01;7.1324490e-02;3.2500000e+01;1.6837716e-01;3.2500000e+01;2.5266072e-01;3.2500000e+01;2.7379143e-01;3.2500000e+01;2.3898184e-01;3.2500000e+01;1.8274316e-01;3.2500000e+01;2.1888401e-01;3.2500000e+01;1.9304317e-01;3.2500000e+01;1.4634089e-01;3.2500000e+01;9.8404795e-02;3.2500000e+01;5.0070658e-02;3.2500000e+01;8.5775778e-03;3.2500000e+01;-3.9975777e-02;3.2500000e+01;-7.8834191e-02;3.2500000e+01;-1.2198564e-01;3.2500000e+01;-6.6902392e-02;3.2500000e+01;-4.0141005e-02;3.2500000e+01;3.4569427e-03;3.2500000e+01;7.1324490e-02;3.2500000e+01;1.6837716e-01;3.2500000e+01;2.5266072e-01;3.2500000e+01;2.7379143e-01;3.2500000e+01;2.3898184e-01;3.2500000e+01;1.8274316e-01;3.2500000e+01;2.1888401e-01;3.2500000e+01;1.9304317e-01;3.2500000e+01;1.4634089e-01;3.2500000e+01;9.8404795e-02;3.2500000e+01;5.0070658e-02;3.2500000e+01;8.5775778e-03;3.2500000e+01;-3.9975777e-02;3.2500000e+01;-7.8834191e-02;3.2500000e+01;-1.2198564e-01;3.2500000e+01;-6.6902392e-02;3.2500000e+01;-4.0141005e-02;3.2500000e+01;3.4569427e-03;3.2500000e+01;7.1324490e-02;3.2500000e+01;1.6837716e-01;3.2500000e+01;2.5266072e-01;3.2500000e+01;2.7379143e-01;3.2500000e+01;2.3898184e-01;3.2500000e+01;1.8274316e-01;3.2500000e+01;2.1888401e-01;3.2500000e+01;1.9304317e-01;3.2500000e+01;1.4634089e-01;3.2500000e+01;9.8404795e-02;3.2500000e+01;5.0070658e-02;3.2500000e+01;8.5775778e-03;3.2500000e+01;-3.9975777e-02;3.2500000e+01;-7.8834191e-02;3.2500000e+01;-1.2198564e-01;3.2500000e+01;-6.6902392e-02;3.2500000e+01;-4.0141005e-02;3.2500000e+01;3.4569427e-03;3.2500000e+01;7.1324490e-02;3.2500000e+01;1.6837716e-01;3.2500000e+01;2.5266072e-01;3.2500000e+01;2.7379143e-01;3.2500000e+01;2.3898184e-01;3.2500000e+01;1.8274316e-01;3.2500000e+01;2.1888401e-01;3.2500000e+01;1.9304317e-01;3.2500000e+01;1.4634089e-01;3.2500000e+01;9.8404795e-02;3.2500000e+01;5.0070658e-02;3.2500000e+01;8.5775778e-03;3.2500000e+01;-3.9975777e-02;3.2500000e+01;-7.8834191e-02;3.2500000e+01;-1.2198564e-01;3.2500000e+01;-6.6902392e-02;3.2500000e+01;-4.0141005e-02;3.2500000e+01;3.4569427e-03;3.2500000e+01;7.1324490e-02;3.2500000e+01;1.6837716e-01;3.2500000e+01;2.5266072e-01;3.2500000e+01;2.7379143e-01;3.2500000e+01;2.3898184e-01;3.2500000e+01;1.8274316e-01;3.2500000e+01;2.1888401e-01;3.2500000e+01;1.9304317e-01;3.2500000e+01;1.4634089e-01;3.2500000e+01;9.8404795e-02;3.2500000e+01;5.0070658e-02;3.2500000e+01;8.5775778e-03;3.2500000e+01;-3.9975777e-02;3.2500000e+01;-7.8834191e-02;3.2500000e+01;-1.2198564e-01;3.2500000e+01;-6.6902392e-02;3.2500000e+01;-4.0141005e-02;3.2500000e+01;3.4569427e-03;3.2500000e+01;7.1324490e-02;3.2500000e+01;1.6837716e-01;3.2500000e+01;2.5266072e-01;3.2500000e+01;2.7379143e-01;3.2500000e+01;2.3898184e-01;3.2500000e+01;1.8274316e-01;3.2500000e+01;2.1888401e-01;3.2500000e+01;1.9304317e-01;3.2500000e+01;1.4634089e-01;3.2500000e+01;9.8404795e-02;3.2500000e+01;5.0070658e-02;3.2500000e+01;8.5775778e-03;3.2500000e+01;-3.9975777e-02;3.2500000e+01;-7.8834191e-02;3.2500000e+01;-1.2198564e-01;3.2500000e+01;-6.6902392e-02;3.2500000e+01;-4.0141005e-02;3.2500000e+01;3.4569427e-03;3.2500000e+01;7.1324490e-02;3.2500000e+01;1.6837716e-01;3.2500000e+01;2.5266072e-01;3.2500000e+01;2.7379143e-01;3.2500000e+01;2.3898184e-01;3.2500000e+01;1.8274316e-01;3.2500000e+01;2.1888401e-01;3.2500000e+01;1.9304317e-01;3.2500000e+01;1.4634089e-01;3.2500000e+01;9.8404795e-02;3.2500000e+01;5.0070658e-02;3.2500000e+01;8.5775778e-03;3.2500000e+01;-3.9975777e-02;3.2500000e+01;-7.8834191e-02;3.2500000e+01;-1.2198564e-01;3.2500000e+01;-6.6902392e-02;3.2500000e+01;-4.0141005e-02;3.2500000e+01;3.4569427e-03;3.2500000e+01;7.1324490e-02;3.2500000e+01;1.6837716e-01;3.2500000e+01;2.5266072e-01;3.2500000e+01;2.7379143e-01;3.2500000e+01;2.3898184e-01;3.2500000e+01;1.8274316e-01;3.2500000e+01;2.1888401e-01;3.2500000e+01;1.9304317e-01;3.2500000e+01;1.4634089e-01;3.2500000e+01;9.8404795e-02;3.2500000e+01;5.0070658e-02;3.2500000e+01;8.5775778e-03;3.2500000e+01;-3.9975777e-02;3.2500000e+01;-7.8834191e-02;3.2500000e+01;-1.2198564e-01;3.2500000e+01;-6.6902392e-02;3.2500000e+01;-4.0141005e-02;3.2500000e+01;3.4569427e-03;3.2500000e+01;7.1324490e-02;3.2500000e+01;1.6837716e-01;3.2500000e+01;2.5266072e-01;3.2500000e+01;2.7379143e-01;3.2500000e+01;2.3898184e-01;3.2500000e+01;1.8274316e-01;3.2500000e+01;2.1888401e-01;3.2500000e+01;1.9304317e-01;3.2500000e+01;1.4634089e-01;3.2500000e+01;9.8404795e-02;3.2500000e+01;5.0070658e-02;3.2500000e+01;8.5775778e-03;3.2500000e+01;-3.9975777e-02;3.2500000e+01;-7.8834191e-02;3.2500000e+01;-1.2198564e-01;3.2500000e+01;-6.6902392e-02;3.2500000e+01;-4.0141005e-02;3.2500000e+01;3.4569427e-03;3.2500000e+01;7.1324490e-02;3.2500000e+01;1.6837716e-01;3.2500000e+01;2.5266072e-01;3.2500000e+01;2.7379143e-01;3.2500000e+01;2.3898184e-01;3.2500000e+01;1.8274316e-01;3.2500000e+01;2.1888401e-01;3.2500000e+01;1.9304317e-01;3.2500000e+01;1.4634089e-01;3.2500000e+01;9.8404795e-02;3.2500000e+01;5.0070658e-02;3.2500000e+01;8.5775778e-03;3.2500000e+01;-3.9975777e-02;3.2500000e+01;-7.8834191e-02;3.2500000e+01;-1.2198564e-01;3.2500000e+01;-6.6902392e-02;3.2500000e+01;-4.0141005e-02;3.2500000e+01;3.4569427e-03;3.2500000e+01;7.1324490e-02;3.2500000e+01;1.6837716e-01;3.2500000e+01;2.5266072e-01;3.2500000e+01;2.7379143e-01;3.2500000e+01;2.3898184e-01;3.2500000e+01;1.8274316e-01;3.2500000e+01;2.1888401e-01;3.2500000e+01;1.9304317e-01;3.2500000e+01;1.4634089e-01;3.2500000e+01;9.8404795e-02;3.2500000e+01;5.0070658e-02;3.2500000e+01;8.5775778e-03;3.2500000e+01;-3.9975777e-02;3.2500000e+01;-7.8834191e-02;3.2500000e+01;-1.2198564e-01;3.2500000e+01;-6.6902392e-02;3.2500000e+01;-4.0141005e-02;3.2500000e+01;3.4569427e-03;3.2500000e+01;7.1324490e-02;3.2500000e+01;1.6837716e-01;3.2500000e+01;2.5266072e-01;3.2500000e+01;2.7379143e-01;3.2500000e+01;2.3898184e-01;3.2500000e+01;1.8274316e-01;3.2500000e+01;2.1888401e-01;3.2500000e+01;1.9304317e-01;3.2500000e+01;1.4634089e-01;3.2500000e+01;9.8404795e-02;3.2500000e+01;5.0070658e-02;3.2500000e+01;8.5775778e-03;3.2500000e+01;-3.9975777e-02;3.2500000e+01;-7.8834191e-02;3.2500000e+01;-1.2198564e-01;3.2500000e+01;-6.6902392e-02;3.2500000e+01;-4.0141005e-02;3.2500000e+01;3.4569427e-03;3.2500000e+01;7.1324490e-02;3.2500000e+01;1.6837716e-01;3.2500000e+01;2.5266072e-01;3.2500000e+01;2.7379143e-01;3.2500000e+01;2.3898184e-01;3.2500000e+01;1.8274316e-01;3.2500000e+01;2.1888401e-01;3.2500000e+01;1.9304317e-01;3.2500000e+01;1.4634089e-01;3.2500000e+01;9.8404795e-02;3.2500000e+01;5.0070658e-02;3.2500000e+01;8.5775778e-03;3.2500000e+01;-3.9975777e-02;3.2500000e+01;-7.8834191e-02;3.2500000e+01;-1.2198564e-01;3.2500000e+01;-6.6902392e-02;3.2500000e+01;-4.0141005e-02;3.2500000e+01;3.4569427e-03;3.2500000e+01;7.1324490e-02;3.2500000e+01;1.6837716e-01;3.2500000e+01;2.5266072e-01;3.2500000e+01;2.7379143e-01;3.2500000e+01;2.3898184e-01;3.2500000e+01;1.8274316e-01;3.2500000e+01;2.1888401e-01;3.2500000e+01;1.9304317e-01;3.2500000e+01;1.4634089e-01;3.2500000e+01;9.8404795e-02;3.2500000e+01;5.0070658e-02;3.2500000e+01;8.5775778e-03;3.2500000e+01;-3.9975777e-02;3.2500000e+01;-7.8834191e-02;3.2500000e+01;-1.2198564e-01;3.2500000e+01;-6.6902392e-02;3.2500000e+01;-4.0141005e-02;3.2500000e+01;3.4569427e-03;3.2500000e+01;7.1324490e-02;3.2500000e+01;1.6837716e-01;3.2500000e+01;2.5266072e-01;3.2500000e+01;2.7379143e-01;3.2500000e+01;2.3898184e-01;3.2500000e+01;1.8274316e-01;3.2500000e+01;2.1888401e-01;3.2500000e+01;1.9304317e-01;3.2500000e+01;1.4634089e-01;3.2500000e+01;9.8404795e-02;3.2500000e+01;5.0070658e-02;3.2500000e+01;8.5775778e-03;3.2500000e+01;-3.9975777e-02;3.2500000e+01;-7.8834191e-02;3.2500000e+01;-1.2198564e-01;3.2500000e+01;-6.6902392e-02;3.2500000e+01;-4.0141005e-02;3.2500000e+01;3.4569427e-03;3.2500000e+01;7.1324490e-02;3.2500000e+01;1.6837716e-01;3.2500000e+01;2.5266072e-01;3.2500000e+01;2.7379143e-01;3.2500000e+01;2.3898184e-01;3.2500000e+01;1.8274316e-01;3.2500000e+01;2.1888401e-01;3.2500000e+01;1.9304317e-01;3.2500000e+01;1.4634089e-01;3.2500000e+01;9.8404795e-02;3.2500000e+01;5.0070658e-02;3.2500000e+01;8.5775778e-03;3.2500000e+01;-3.9975777e-02;3.2500000e+01;-7.8834191e-02;3.2500000e+01;-1.2198564e-01;3.2500000e+01;-6.6902392e-02;3.2500000e+01;-4.0141005e-02;3.2500000e+01;3.4569427e-03;3.2500000e+01;7.1324490e-02;3.2500000e+01;1.6837716e-01;3.2500000e+01;2.5266072e-01;3.2500000e+01;2.7379143e-01;3.2500000e+01;2.3898184e-01;3.2500000e+01;1.8274316e-01;3.2500000e+01;2.1888401e-01;3.2500000e+01;1.9304317e-01;3.2500000e+01;1.4634089e-01;3.2500000e+01;9.8404795e-02;3.2500000e+01;5.0070658e-02;3.2500000e+01;8.5775778e-03;3.2500000e+01;-3.9975777e-02;3.2500000e+01;-7.8834191e-02;3.2500000e+01;-1.2198564e-01;3.2500000e+01;-6.6902392e-02;3.2500000e+01;-4.0141005e-02;3.2500000e+01;3.4569427e-03;3.2500000e+01;7.1324490e-02;3.2500000e+01;1.6837716e-01;3.2500000e+01;2.5266072e-01;3.2500000e+01;2.7379143e-01;3.2500000e+01;2.3898184e-01;3.2500000e+01;1.8274316e-01;3.2500000e+01;2.1888401e-01;3.2500000e+01;1.9304317e-01;3.2500000e+01;1.4634089e-01;3.2500000e+01;9.8404795e-02;3.2500000e+01;5.0070658e-02;3.2500000e+01;8.5775778e-03;3.2500000e+01;-3.9975777e-02;3.2500000e+01;-7.8834191e-02;3.2500000e+01;-1.2198564e-01;3.2500000e+01;-6.6902392e-02;3.2500000e+01;-4.0141005e-02;3.2500000e+01;3.4569427e-03;3.2500000e+01;7.1324490e-02;3.2500000e+01;1.6837716e-01;3.2500000e+01;2.5266072e-01;3.2500000e+01;2.7379143e-01;3.2500000e+01;2.3898184e-01;3.2500000e+01;1.8274316e-01;3.2500000e+01;2.1888401e-01;3.2500000e+01;1.9304317e-01;3.2500000e+01;1.4634089e-01;3.2500000e+01;9.8404795e-02;3.2500000e+01;5.0070658e-02;3.2500000e+01;8.5775778e-03;3.2500000e+01;-3.9975777e-02;3.2500000e+01;-7.8834191e-02;3.2500000e+01;-1.2198564e-01;3.2500000e+01;-6.6902392e-02;3.2500000e+01;-4.0141005e-02;3.2500000e+01;3.4569427e-03;3.2500000e+01;7.1324490e-02;3.2500000e+01;1.6837716e-01;3.2500000e+01;2.5266072e-01;3.2500000e+01;2.7379143e-01;3.2500000e+01;2.3898184e-01;3.2500000e+01;1.8274316e-01;3.2500000e+01;2.1888401e-01;3.2500000e+01;1.9304317e-01;3.2500000e+01;1.4634089e-01;3.2500000e+01;9.8404795e-02;3.2500000e+01;5.0070658e-02;3.2500000e+01;8.5775778e-03;3.2500000e+01;-3.9975777e-02;3.2500000e+01;-7.8834191e-02;3.2500000e+01;-1.2198564e-01;3.2500000e+01;-6.6902392e-02;3.2500000e+01;-4.0141005e-02;3.2500000e+01;3.4569427e-03;3.2500000e+01;7.1324490e-02;3.2500000e+01;1.6837716e-01;3.2500000e+01;2.5266072e-01;3.2500000e+01;2.7379143e-01;3.2500000e+01;2.3898184e-01;3.2500000e+01;1.8274316e-01;3.2500000e+01;2.1888401e-01;3.2500000e+01;1.9304317e-01;3.2500000e+01;1.4634089e-01;3.2500000e+01;9.8404795e-02;3.2500000e+01;5.0070658e-02;3.2500000e+01;8.5775778e-03;3.2500000e+01;-3.9975777e-02;3.2500000e+01;-7.8834191e-02;3.2500000e+01;-1.2198564e-01;3.2500000e+01;-6.6902392e-02;3.2500000e+01;-4.0141005e-02;3.2500000e+01;3.4569427e-03;3.2500000e+01;7.1324490e-02;3.2500000e+01;1.6837716e-01;3.2500000e+01;2.5266072e-01;3.2500000e+01;2.7379143e-01;3.2500000e+01;2.3898184e-01;3.2500000e+01;1.8274316e-01;3.2500000e+01;2.1888401e-01;3.2500000e+01;1.9304317e-01;3.2500000e+01;1.4634089e-01;3.2500000e+01;9.8404795e-02;3.2500000e+01;5.0070658e-02;3.2500000e+01;8.5775778e-03;3.2500000e+01;-3.9975777e-02;3.2500000e+01;-7.8834191e-02;3.2500000e+01;-1.2198564e-01;3.2500000e+01;-6.6902392e-02;3.2500000e+01;-4.0141005e-02;3.2500000e+01;3.4569427e-03;3.2500000e+01;7.1324490e-02;3.2500000e+01;1.6837716e-01;3.2500000e+01;2.5266072e-01;3.2500000e+01;2.7379143e-01;3.2500000e+01;2.3898184e-01;3.2500000e+01;1.8274316e-01;3.2500000e+01;2.1888401e-01;3.2500000e+01;1.9304317e-01;3.2500000e+01;1.4634089e-01;3.2500000e+01;9.8404795e-02;3.2500000e+01;5.0070658e-02;3.2500000e+01;8.5775778e-03;3.2500000e+01;-3.9975777e-02;3.2500000e+01;-7.8834191e-02;3.2500000e+01;-1.2198564e-01;3.2500000e+01;-6.6902392e-02;3.2500000e+01;-4.0141005e-02;3.2500000e+01;3.4569427e-03;3.2500000e+01;7.1324490e-02;3.2500000e+01;1.6837716e-01;3.2500000e+01;2.5266072e-01;3.2500000e+01;2.7379143e-01;3.2500000e+01;2.3898184e-01;3.2500000e+01;1.8274316e-01;3.2500000e+01;2.1888401e-01;3.2500000e+01;1.9304317e-01;3.2500000e+01;1.4634089e-01;3.2500000e+01;9.8404795e-02;3.2500000e+01;5.0070658e-02;3.2500000e+01;8.5775778e-03;3.2500000e+01;-3.9975777e-02;3.2500000e+01;-7.8834191e-02;3.2500000e+01;-1.2198564e-01;3.2500000e+01;-6.6902392e-02;3.2500000e+01;-4.0141005e-02;3.2500000e+01;3.4569427e-03;3.2500000e+01;7.1324490e-02;3.2500000e+01;1.6837716e-01;3.2500000e+01;2.5266072e-01;3.2500000e+01;2.7379143e-01;3.2500000e+01;2.3898184e-01;3.2500000e+01;1.8274316e-01;3.2500000e+01;2.1888401e-01;3.2500000e+01;1.9304317e-01;3.2500000e+01;1.4634089e-01;3.2500000e+01;9.8404795e-02;3.2500000e+01;5.0070658e-02;3.2500000e+01;8.5775778e-03;3.2500000e+01;-3.9975777e-02;3.2500000e+01;-7.8834191e-02;3.2500000e+01;-1.2198564e-01;3.2500000e+01;-6.6902392e-02;3.2500000e+01;-4.0141005e-02;3.2500000e+01;3.4569427e-03;3.2500000e+01;7.1324490e-02;3.2500000e+01;1.6837716e-01;3.2500000e+01;2.5266072e-01;3.2500000e+01;2.7379143e-01;3.2500000e+01;2.3898184e-01;3.2500000e+01;1.8274316e-01;3.2500000e+01;2.1888401e-01;3.2500000e+01;1.9304317e-01;3.2500000e+01;1.4634089e-01;3.2500000e+01;9.8404795e-02;3.2500000e+01;5.0070658e-02;3.2500000e+01;8.5775778e-03;3.2500000e+01;-3.9975777e-02;3.2500000e+01;-7.8834191e-02;3.2500000e+01;-1.2198564e-01;3.2500000e+01;-6.6902392e-02;3.2500000e+01;-4.0141005e-02;3.2500000e+01;3.4569427e-03;3.2500000e+01;7.1324490e-02;3.2500000e+01;1.6837716e-01;3.2500000e+01;2.5266072e-01;3.2500000e+01;2.7379143e-01;3.2500000e+01;2.3898184e-01;3.2500000e+01;1.8274316e-01;3.2500000e+01;2.1888401e-01;3.2500000e+01;1.9304317e-01;3.2500000e+01;1.4634089e-01;3.2500000e+01;9.8404795e-02;3.2500000e+01;5.0070658e-02;3.2500000e+01;8.5775778e-03;3.2500000e+01;-3.9975777e-02;3.2500000e+01;-7.8834191e-02;3.2500000e+01;-1.2198564e-01;3.2500000e+01;-6.6902392e-02;3.2500000e+01;-4.0141005e-02;3.2500000e+01;3.4569427e-03;3.2500000e+01;7.1324490e-02;3.2500000e+01;1.6837716e-01;3.2500000e+01;2.5266072e-01;3.2500000e+01;2.7379143e-01;3.2500000e+01;2.3898184e-01;3.2500000e+01;1.8274316e-01;3.2500000e+01;2.1888401e-01;3.2500000e+01;1.9304317e-01;3.2500000e+01;1.4634089e-01;3.2500000e+01;9.8404795e-02;3.2500000e+01;5.0070658e-02;3.2500000e+01;8.5775778e-03;3.2500000e+01;-3.9975777e-02;3.2500000e+01;-7.8834191e-02;3.2500000e+01;-1.2198564e-01;3.2500000e+01;-6.6902392e-02;3.2500000e+01;-4.0141005e-02;3.2500000e+01;3.4569427e-03;3.2500000e+01;7.1324490e-02;3.2500000e+01;1.6837716e-01;3.2500000e+01;2.5266072e-01;3.2500000e+01;2.7379143e-01;3.2500000e+01;2.3898184e-01;3.2500000e+01;1.8274316e-01;3.2500000e+01;2.1888401e-01;3.2500000e+01;1.9304317e-01;3.2500000e+01;1.4634089e-01;3.2500000e+01;9.8404795e-02;3.2500000e+01;5.0070658e-02;3.2500000e+01;8.5775778e-03;3.2500000e+01;-3.9975777e-02;3.2500000e+01;-7.8834191e-02;3.2500000e+01;-1.2198564e-01;3.2500000e+01;-6.6902392e-02;3.2500000e+01;-4.0141005e-02;3.2500000e+01;3.4569427e-03;3.2500000e+01;7.1324490e-02;3.2500000e+01;1.6837716e-01;3.2500000e+01;2.5266072e-01;3.2500000e+01;2.7379143e-01;3.2500000e+01;2.3898184e-01;3.2500000e+01;1.8274316e-01;3.2500000e+01;2.1888401e-01;3.2500000e+01;1.9304317e-01;3.2500000e+01;1.4634089e-01;3.2500000e+01;9.8404795e-02;3.2500000e+01;5.0070658e-02;3.2500000e+01;8.5775778e-03;3.2500000e+01;-3.9975777e-02;3.2500000e+01;-7.8834191e-02;3.2500000e+01;-1.2198564e-01;3.2500000e+01;-6.6902392e-02;3.2500000e+01;-4.0141005e-02;3.2500000e+01;3.4569427e-03;3.2500000e+01;7.1324490e-02;3.2500000e+01;1.6837716e-01;3.2500000e+01;2.5266072e-01;3.2500000e+01;2.7379143e-01;3.2500000e+01;2.3898184e-01;3.2500000e+01;1.8274316e-01;3.2500000e+01;2.1888401e-01;3.2500000e+01;1.9304317e-01;3.2500000e+01;1.4634089e-01;3.2500000e+01;9.8404795e-02;3.2500000e+01;5.0070658e-02;3.2500000e+01;8.5775778e-03;3.2500000e+01;-3.9975777e-02;3.2500000e+01;-7.8834191e-02;3.2500000e+01;-1.2198564e-01;3.2500000e+01;-6.6902392e-02;3.2500000e+01;-4.0141005e-02;3.2500000e+01;3.4569427e-03;3.2500000e+01;7.1324490e-02;3.2500000e+01;1.6837716e-01;3.2500000e+01;2.5266072e-01;3.2500000e+01;2.7379143e-01;3.2500000e+01;2.3898184e-01;3.2500000e+01;1.8274316e-01;3.2500000e+01;2.1888401e-01;3.2500000e+01;1.9304317e-01;3.2500000e+01;1.4634089e-01;3.2500000e+01;9.8404795e-02;3.2500000e+01;5.0070658e-02;3.2500000e+01;8.5775778e-03;3.2500000e+01;-3.9975777e-02;3.2500000e+01;-7.8834191e-02;3.2500000e+01;-1.2198564e-01;3.2500000e+01;-6.6902392e-02;3.2500000e+01;-4.0141005e-02;3.2500000e+01;3.4569427e-03;3.2500000e+01;7.1324490e-02;3.2500000e+01;1.6837716e-01;3.2500000e+01;2.5266072e-01;3.2500000e+01;2.7379143e-01;3.2500000e+01;2.3898184e-01;3.2500000e+01;1.8274316e-01;3.2500000e+01;2.1888401e-01;3.2500000e+01;1.9304317e-01;3.2500000e+01;1.4634089e-01;3.2500000e+01;9.8404795e-02;3.2500000e+01;5.0070658e-02;3.2500000e+01;8.5775778e-03;3.2500000e+01;-3.9975777e-02;3.2500000e+01;-7.8834191e-02;3.2500000e+01;-1.2198564e-01;3.2500000e+01;-6.6902392e-02;3.2500000e+01;-4.0141005e-02;3.2500000e+01;3.4569427e-03;3.2500000e+01;7.1324490e-02;3.2500000e+01;1.6837716e-01;3.2500000e+01;2.5266072e-01;3.2500000e+01;2.7379143e-01;3.2500000e+01;2.3898184e-01;3.2500000e+01;1.8274316e-01;3.2500000e+01;2.1888401e-01;3.2500000e+01;1.9304317e-01;3.2500000e+01;1.4634089e-01;3.2500000e+01;9.8404795e-02;3.2500000e+01;5.0070658e-02;3.2500000e+01;8.5775778e-03;3.2500000e+01;-3.9975777e-02;3.2500000e+01;-7.8834191e-02;3.2500000e+01;-1.2198564e-01;3.2500000e+01;-6.6902392e-02;3.2500000e+01;-4.0141005e-02;3.2500000e+01;3.4569427e-03;3.2500000e+01;7.1324490e-02;3.2500000e+01;1.6837716e-01;3.2500000e+01;2.5266072e-01;3.2500000e+01;2.7379143e-01;3.2500000e+01;2.3898184e-01;3.2500000e+01;1.8274316e-01;3.2500000e+01;2.1888401e-01;3.2500000e+01;1.9304317e-01;3.2500000e+01;1.4634089e-01;3.2500000e+01;9.8404795e-02;3.2500000e+01;5.0070658e-02;3.2500000e+01;8.5775778e-03;3.2500000e+01;-3.9975777e-02;3.2500000e+01;-7.8834191e-02;3.2500000e+01;-1.2198564e-01;3.2500000e+01;-6.6902392e-02;3.2500000e+01;-4.0141005e-02;3.2500000e+01;3.4569427e-03;3.2500000e+01;7.1324490e-02;3.2500000e+01;1.6837716e-01;3.2500000e+01;2.5266072e-01;3.2500000e+01;2.7379143e-01;3.2500000e+01;2.3898184e-01;3.2500000e+01;1.8274316e-01;3.2500000e+01;2.1888401e-01;3.2500000e+01;1.9304317e-01;3.2500000e+01;1.4634089e-01;3.2500000e+01;9.8404795e-02;3.2500000e+01;5.0070658e-02;3.2500000e+01;8.5775778e-03;3.2500000e+01;-3.9975777e-02;3.2500000e+01;-7.8834191e-02;3.2500000e+01;-1.2198564e-01;3.2500000e+01;-6.6902392e-02;3.2500000e+01;-4.0141005e-02;3.2500000e+01;3.4569427e-03;3.2500000e+01;7.1324490e-02;3.2500000e+01;1.6837716e-01;3.2500000e+01;2.5266072e-01;3.2500000e+01;2.7379143e-01;3.2500000e+01;2.3898184e-01;3.2500000e+01;1.8274316e-01;3.2500000e+01;2.1888401e-01;3.2500000e+01;1.9304317e-01;3.2500000e+01;1.4634089e-01;3.2500000e+01;9.8404795e-02;3.2500000e+01;5.0070658e-02;3.2500000e+01;8.5775778e-03;3.2500000e+01;-3.9975777e-02;3.2500000e+01;-7.8834191e-02;3.2500000e+01;-1.2198564e-01;3.2500000e+01;-6.6902392e-02;3.2500000e+01;-4.0141005e-02;3.2500000e+01;3.4569427e-03;3.2500000e+01;7.1324490e-02;3.2500000e+01;1.6837716e-01;3.2500000e+01;2.5266072e-01;3.2500000e+01;2.7379143e-01;3.2500000e+01;2.3898184e-01;3.2500000e+01;1.8274316e-01;3.2500000e+01;2.1888401e-01;3.2500000e+01;1.9304317e-01;3.2500000e+01;1.4634089e-01;3.2500000e+01;9.8404795e-02;3.2500000e+01;5.0070658e-02;3.2500000e+01;8.5775778e-03;3.2500000e+01;-3.9975777e-02;3.2500000e+01;-7.8834191e-02;3.2500000e+01;-1.2198564e-01;3.2500000e+01;-6.6902392e-02;3.2500000e+01;-4.0141005e-02;3.2500000e+01;3.4569427e-03;3.2500000e+01;7.1324490e-02;3.2500000e+01;1.6837716e-01;3.2500000e+01;2.5266072e-01;3.2500000e+01;2.7379143e-01;3.2500000e+01;2.3898184e-01;3.2500000e+01;1.8274316e-01;3.2500000e+01;2.1888401e-01;3.2500000e+01;1.9304317e-01;3.2500000e+01;1.4634089e-01;3.2500000e+01;9.8404795e-02;3.2500000e+01;5.0070658e-02;3.2500000e+01;8.5775778e-03;3.2500000e+01;-3.9975777e-02;3.2500000e+01;-7.8834191e-02;3.2500000e+01;-1.2198564e-01;3.2500000e+01;-6.6902392e-02;3.2500000e+01;-4.0141005e-02;3.2500000e+01;3.4569427e-03;3.2500000e+01;7.1324490e-02;3.2500000e+01;1.6837716e-01;3.2500000e+01;2.5266072e-01;3.2500000e+01;2.7379143e-01;3.2500000e+01;2.3898184e-01;3.2500000e+01;1.8274316e-01;3.2500000e+01;2.1888401e-01;3.2500000e+01;1.9304317e-01;3.2500000e+01;1.4634089e-01;3.2500000e+01;9.8404795e-02;3.2500000e+01;5.0070658e-02;3.2500000e+01;8.5775778e-03;3.2500000e+01;-3.9975777e-02;3.2500000e+01;-7.8834191e-02;3.2500000e+01;-1.2198564e-01;3.2500000e+01;-6.6902392e-02;3.2500000e+01;-4.0141005e-02;3.2500000e+01;3.4569427e-03;3.2500000e+01;7.1324490e-02;3.2500000e+01;1.6837716e-01;3.2500000e+01;2.5266072e-01;3.2500000e+01;2.7379143e-01;3.2500000e+01;2.3898184e-01;3.2500000e+01;1.8274316e-01;3.2500000e+01;2.1888401e-01;3.2500000e+01;1.9304317e-01;3.2500000e+01;1.4634089e-01;3.2500000e+01;9.8404795e-02;3.2500000e+01;5.0070658e-02;3.2500000e+01;8.5775778e-03;3.2500000e+01;-3.9975777e-02;3.2500000e+01;-7.8834191e-02;3.2500000e+01;-1.2198564e-01;3.2500000e+01;-6.6902392e-02;3.2500000e+01;-4.0141005e-02;3.2500000e+01;3.4569427e-03;3.2500000e+01;7.1324490e-02;3.2500000e+01;1.6837716e-01;3.2500000e+01;2.5266072e-01;3.2500000e+01;2.7379143e-01;3.2500000e+01;2.3898184e-01;3.2500000e+01;1.8274316e-01;3.2500000e+01;2.1888401e-01;3.2500000e+01;1.9304317e-01;3.2500000e+01;1.4634089e-01;3.2500000e+01;9.8404795e-02;3.2500000e+01;5.0070658e-02;3.2500000e+01;8.5775778e-03;3.2500000e+01;-3.9975777e-02;3.2500000e+01;-7.8834191e-02;3.2500000e+01;-1.2198564e-01;3.2500000e+01;-6.6902392e-02;3.2500000e+01;-4.0141005e-02;3.2500000e+01;3.4569427e-03;3.2500000e+01;7.1324490e-02;3.2500000e+01;1.6837716e-01;3.2500000e+01;2.5266072e-01;3.2500000e+01;2.7379143e-01;3.2500000e+01;2.3898184e-01;3.2500000e+01;1.8274316e-01;3.2500000e+01;2.1888401e-01;3.2500000e+01;1.9304317e-01;3.2500000e+01;1.4634089e-01;3.2500000e+01;9.8404795e-02;3.2500000e+01;5.0070658e-02;3.2500000e+01;8.5775778e-03;3.2500000e+01;-3.9975777e-02;3.2500000e+01;-7.8834191e-02;3.2500000e+01;-1.2198564e-01;3.2500000e+01;-6.6902392e-02;3.2500000e+01;-4.0141005e-02;3.2500000e+01;3.4569427e-03;3.2500000e+01;7.1324490e-02;3.2500000e+01;1.6837716e-01;3.2500000e+01;2.5266072e-01;3.2500000e+01;2.7379143e-01;3.2500000e+01;2.3898184e-01;3.2500000e+01;1.8274316e-01;3.2500000e+01;2.1888401e-01;3.2500000e+01;1.9304317e-01;3.2500000e+01;1.4634089e-01;3.2500000e+01;9.8404795e-02;3.2500000e+01;5.0070658e-02;3.2500000e+01;8.5775778e-03;3.2500000e+01;-3.9975777e-02;3.2500000e+01;-7.8834191e-02;3.2500000e+01;-1.2198564e-01;3.2500000e+01;-6.6902392e-02;3.2500000e+01;-4.0141005e-02;3.2500000e+01;3.4569427e-03;3.2500000e+01;7.1324490e-02;3.2500000e+01;1.6837716e-01;3.2500000e+01;2.5266072e-01;3.2500000e+01;2.7379143e-01;3.2500000e+01;2.3898184e-01;3.2500000e+01;1.8274316e-01;3.2500000e+01;2.1888401e-01;3.2500000e+01;1.9304317e-01;3.2500000e+01;1.4634089e-01;3.2500000e+01;9.8404795e-02;3.2500000e+01;5.0070658e-02;3.2500000e+01;8.5775778e-03;3.2500000e+01;-3.9975777e-02;3.2500000e+01;-7.8834191e-02;3.2500000e+01;-1.2198564e-01;3.2500000e+01;-6.6902392e-02;3.2500000e+01;-4.0141005e-02;3.2500000e+01;3.4569427e-03;3.2500000e+01;7.1324490e-02;3.2500000e+01;1.6837716e-01;3.2500000e+01;2.5266072e-01;3.2500000e+01;2.7379143e-01;3.2500000e+01;2.3898184e-01;3.2500000e+01;1.8274316e-01;3.2500000e+01;2.1888401e-01;3.2500000e+01;1.9304317e-01;3.2500000e+01;1.4634089e-01;3.2500000e+01;9.8404795e-02;3.2500000e+01;5.0070658e-02;3.2500000e+01;8.5775778e-03;3.2500000e+01;-3.9975777e-02;3.2500000e+01;-7.8834191e-02;3.2500000e+01;-1.2198564e-01;3.2500000e+01;-6.6902392e-02;3.2500000e+01;-4.0141005e-02;3.2500000e+01;3.4569427e-03;3.2500000e+01;7.1324490e-02;3.2500000e+01;1.6837716e-01;3.2500000e+01;2.5266072e-01;3.2500000e+01;2.7379143e-01;3.2500000e+01;2.3898184e-01;3.2500000e+01;1.8274316e-01;3.2500000e+01;2.1888401e-01;3.2500000e+01;1.9304317e-01;3.2500000e+01;1.4634089e-01;3.2500000e+01;9.8404795e-02;3.2500000e+01;5.0070658e-02;3.2500000e+01;8.5775778e-03;3.2500000e+01;-3.9975777e-02;3.2500000e+01;-7.8834191e-02;3.2500000e+01;-1.2198564e-01;3.2500000e+01;-6.6902392e-02;3.2500000e+01;-4.0141005e-02;3.2500000e+01;3.4569427e-03;3.2500000e+01;7.1324490e-02;3.2500000e+01;1.6837716e-01;3.2500000e+01;2.5266072e-01;3.2500000e+01;2.7379143e-01;3.2500000e+01;2.3898184e-01;3.2500000e+01;1.8274316e-01;3.2500000e+01;2.1888401e-01;3.2500000e+01;1.9304317e-01;3.2500000e+01;1.4634089e-01;3.2500000e+01;9.8404795e-02;3.2500000e+01;5.0070658e-02;3.2500000e+01;8.5775778e-03;3.2500000e+01;-3.9975777e-02;3.2500000e+01;-7.8834191e-02;3.2500000e+01;-1.2198564e-01;3.2500000e+01;-6.6902392e-02;3.2500000e+01;-4.0141005e-02;3.2500000e+01;3.4569427e-03;3.2500000e+01;7.1324490e-02;3.2500000e+01;1.6837716e-01;3.2500000e+01;2.5266072e-01;3.2500000e+01;2.7379143e-01;3.2500000e+01;2.3898184e-01;3.2500000e+01;1.8274316e-01;3.2500000e+01;2.1888401e-01;3.2500000e+01;1.9304317e-01;3.2500000e+01;1.4634089e-01;3.2500000e+01;9.8404795e-02;3.2500000e+01;5.0070658e-02;3.2500000e+01;8.5775778e-03;3.2500000e+01;-3.9975777e-02;3.2500000e+01;-7.8834191e-02;3.2500000e+01;-1.2198564e-01;3.2500000e+01;-6.6902392e-02;3.2500000e+01;-4.0141005e-02;3.2500000e+01;3.4569427e-03;3.2500000e+01;7.1324490e-02;3.2500000e+01;1.6837716e-01;3.2500000e+01;2.5266072e-01;3.2500000e+01;2.7379143e-01;3.2500000e+01;2.3898184e-01;3.2500000e+01;1.8274316e-01;3.2500000e+01;2.1888401e-01;3.2500000e+01;1.9304317e-01;3.2500000e+01;1.4634089e-01;3.2500000e+01;9.8404795e-02;3.2500000e+01;5.0070658e-02;3.2500000e+01;8.5775778e-03;3.2500000e+01;-3.9975777e-02;3.2500000e+01;-7.8834191e-02;3.2500000e+01;-1.2198564e-01;3.2500000e+01;-6.6902392e-02;3.2500000e+01;-4.0141005e-02;3.2500000e+01;3.4569427e-03;3.2500000e+01;7.1324490e-02;3.2500000e+01;1.6837716e-01;3.2500000e+01;2.5266072e-01;3.2500000e+01;2.7379143e-01;3.2500000e+01;2.3898184e-01;3.2500000e+01;1.8274316e-01;3.2500000e+01;2.1888401e-01;3.2500000e+01;1.9304317e-01;3.2500000e+01;1.4634089e-01;3.2500000e+01;9.8404795e-02;3.2500000e+01;5.0070658e-02;3.2500000e+01;8.5775778e-03;3.2500000e+01;-3.9975777e-02;3.2500000e+01;-7.8834191e-02;3.2500000e+01;-1.2198564e-01;3.2500000e+01;-6.6902392e-02;3.2500000e+01;-4.0141005e-02;3.2500000e+01;3.4569427e-03;3.2500000e+01;7.1324490e-02;3.2500000e+01;1.6837716e-01;3.2500000e+01;2.5266072e-01;3.2500000e+01;2.7379143e-01;3.2500000e+01;2.3898184e-01;3.2500000e+01;1.8274316e-01;3.2500000e+01;2.1888401e-01;3.2500000e+01;1.9304317e-01;3.2500000e+01;1.4634089e-01;3.2500000e+01;9.8404795e-02;3.2500000e+01;5.0070658e-02;3.2500000e+01;8.5775778e-03;3.2500000e+01;-3.9975777e-02;3.2500000e+01;-7.8834191e-02;3.2500000e+01;-1.2198564e-01;3.2500000e+01;-6.6902392e-02;3.2500000e+01;-4.0141005e-02;3.2500000e+01;3.4569427e-03;3.2500000e+01;7.1324490e-02;3.2500000e+01;1.6837716e-01;3.2500000e+01;2.5266072e-01;3.2500000e+01;2.7379143e-01;3.2500000e+01;2.3898184e-01;3.2500000e+01;1.8274316e-01;3.2500000e+01;2.1888401e-01;3.2500000e+01;1.9304317e-01;3.2500000e+01;1.4634089e-01;3.2500000e+01;9.8404795e-02;3.2500000e+01;5.0070658e-02;3.2500000e+01;8.5775778e-03;3.2500000e+01;-3.9975777e-02;3.2500000e+01;-7.8834191e-02;3.2500000e+01;-1.2198564e-01;3.2500000e+01;-6.6902392e-02;3.2500000e+01;-4.0141005e-02;3.2500000e+01;3.4569427e-03;3.2500000e+01;7.1324490e-02;3.2500000e+01;1.6837716e-01;3.2500000e+01;2.5266072e-01;3.2500000e+01;2.7379143e-01;3.2500000e+01;2.3898184e-01;3.2500000e+01;1.8274316e-01;3.2500000e+01;2.1888401e-01;3.2500000e+01;1.9304317e-01;3.2500000e+01;1.4634089e-01;3.2500000e+01;9.8404795e-02;3.2500000e+01;5.0070658e-02;3.2500000e+01;8.5775778e-03;3.2500000e+01;-3.9975777e-02;3.2500000e+01;-7.8834191e-02;3.2500000e+01;-1.2198564e-01;3.2500000e+01;-6.6902392e-02;3.2500000e+01;-4.0141005e-02;3.2500000e+01;3.4569427e-03;3.2500000e+01;7.1324490e-02;3.2500000e+01;1.6837716e-01;3.2500000e+01;2.5266072e-01;3.2500000e+01;2.7379143e-01;3.2500000e+01;2.3898184e-01;3.2500000e+01;1.8274316e-01;3.2500000e+01;2.1888401e-01;3.2500000e+01;1.9304317e-01;3.2500000e+01;1.4634089e-01;3.2500000e+01;9.8404795e-02;3.2500000e+01;5.0070658e-02;3.2500000e+01;8.5775778e-03;3.2500000e+01;-3.9975777e-02;3.2500000e+01;-7.8834191e-02;3.2500000e+01;-1.2198564e-01;3.2500000e+01;-6.6902392e-02;3.2500000e+01;-4.0141005e-02;3.2500000e+01;3.4569427e-03;3.2500000e+01;7.1324490e-02;3.2500000e+01;1.6837716e-01;3.2500000e+01;2.5266072e-01;3.2500000e+01;2.7379143e-01;3.2500000e+01;2.3898184e-01;3.2500000e+01;1.8274316e-01;3.2500000e+01;2.1888401e-01;3.2500000e+01;1.9304317e-01;3.2500000e+01;1.4634089e-01;3.2500000e+01;9.8404795e-02;3.2500000e+01;5.0070658e-02;3.2500000e+01;8.5775778e-03;3.2500000e+01;-3.9975777e-02;3.2500000e+01;-7.8834191e-02;3.2500000e+01;-1.2198564e-01;3.2500000e+01;-6.6902392e-02;3.2500000e+01;-4.0141005e-02;3.2500000e+01;3.4569427e-03;3.2500000e+01;7.1324490e-02;3.2500000e+01;1.6837716e-01;3.2500000e+01;2.5266072e-01;3.2500000e+01;2.7379143e-01;3.2500000e+01;2.3898184e-01;3.2500000e+01;1.8274316e-01;3.2500000e+01;2.1888401e-01;3.2500000e+01;1.9304317e-01;3.2500000e+01;1.4634089e-01;3.2500000e+01;9.8404795e-02;3.2500000e+01;5.0070658e-02;3.2500000e+01;8.5775778e-03;3.2500000e+01;-3.9975777e-02;3.2500000e+01;-7.8834191e-02;3.2500000e+01;-1.2198564e-01;3.2500000e+01;-6.6902392e-02;3.2500000e+01;-4.0141005e-02;3.2500000e+01;3.4569427e-03;3.2500000e+01;7.1324490e-02;3.2500000e+01;1.6837716e-01;3.2500000e+01;2.5266072e-01;3.2500000e+01;2.7379143e-01;3.2500000e+01;2.3898184e-01;3.2500000e+01;1.8274316e-01;3.2500000e+01;2.1888401e-01;3.2500000e+01;1.9304317e-01;3.2500000e+01;1.4634089e-01;3.2500000e+01;9.8404795e-02;3.2500000e+01;5.0070658e-02;3.2500000e+01;8.5775778e-03;3.2500000e+01;-3.9975777e-02;3.2500000e+01;-7.8834191e-02;3.2500000e+01;-1.2198564e-01;3.2500000e+01;-6.6902392e-02;3.2500000e+01;-4.0141005e-02;3.2500000e+01;3.4569427e-03;3.2500000e+01;7.1324490e-02;3.2500000e+01;1.6837716e-01;3.2500000e+01;2.5266072e-01;3.2500000e+01;2.7379143e-01;3.2500000e+01;2.3898184e-01;3.2500000e+01;1.8274316e-01;3.2500000e+01;2.1888401e-01;3.2500000e+01;1.9304317e-01;3.2500000e+01;1.4634089e-01;3.2500000e+01;9.8404795e-02;3.2500000e+01;5.0070658e-02;3.2500000e+01;8.5775778e-03;3.2500000e+01;-3.9975777e-02;3.2500000e+01;-7.8834191e-02;3.2500000e+01;-1.2198564e-01;3.2500000e+01;-6.6902392e-02;3.2500000e+01;-4.0141005e-02;3.2500000e+01;3.4569427e-03;3.2500000e+01;7.1324490e-02;3.2500000e+01;1.6837716e-01;3.2500000e+01;2.5266072e-01;3.2500000e+01;2.7379143e-01;3.2500000e+01;2.3898184e-01;3.2500000e+01;1.8274316e-01;3.2500000e+01;2.1888401e-01;3.2500000e+01;1.9304317e-01;3.2500000e+01;1.4634089e-01;3.2500000e+01;9.8404795e-02;3.2500000e+01;5.0070658e-02;3.2500000e+01;8.5775778e-03;3.2500000e+01;-3.9975777e-02;3.2500000e+01;-7.8834191e-02;3.2500000e+01;-1.2198564e-01;3.2500000e+01;-6.6902392e-02;3.2500000e+01;-4.0141005e-02;3.2500000e+01;3.4569427e-03;3.2500000e+01;7.1324490e-02;3.2500000e+01;1.6837716e-01;3.2500000e+01;2.5266072e-01;3.2500000e+01;2.7379143e-01;3.2500000e+01;2.3898184e-01;3.2500000e+01;1.8274316e-01;3.2500000e+01;2.1888401e-01;3.2500000e+01;1.9304317e-01;3.2500000e+01;1.4634089e-01;3.2500000e+01;9.8404795e-02;3.2500000e+01;5.0070658e-02;3.2500000e+01;8.5775778e-03;3.2500000e+01;-3.9975777e-02;3.2500000e+01;-7.8834191e-02;3.2500000e+01;-1.2198564e-01;3.2500000e+01;-6.6902392e-02;3.2500000e+01;-4.0141005e-02;3.2500000e+01;3.4569427e-03;3.2500000e+01;7.1324490e-02;3.2500000e+01;1.6837716e-01;3.2500000e+01;2.5266072e-01;3.2500000e+01;2.7379143e-01;3.2500000e+01;2.3898184e-01;3.2500000e+01;1.8274316e-01;3.2500000e+01;2.1888401e-01;3.2500000e+01;1.9304317e-01;3.2500000e+01;1.4634089e-01;3.2500000e+01;9.8404795e-02;3.2500000e+01;5.0070658e-02;3.2500000e+01;8.5775778e-03;3.2500000e+01;-3.9975777e-02;3.2500000e+01;-7.8834191e-02;3.2500000e+01;-1.2198564e-01;3.2500000e+01;-6.6902392e-02;3.2500000e+01;-4.0141005e-02;3.2500000e+01;3.4569427e-03;3.2500000e+01;7.1324490e-02;3.2500000e+01;1.6837716e-01;3.2500000e+01;2.5266072e-01;3.2500000e+01;2.7379143e-01;3.2500000e+01;2.3898184e-01;3.2500000e+01;1.8274316e-01;3.2500000e+01;2.1888401e-01;3.2500000e+01;1.9304317e-01;3.2500000e+01;1.4634089e-01;3.2500000e+01;9.8404795e-02;3.2500000e+01;5.0070658e-02;3.2500000e+01;8.5775778e-03;3.2500000e+01;-3.9975777e-02;3.2500000e+01;-7.8834191e-02;3.2500000e+01;-1.2198564e-01;3.2500000e+01;-6.6902392e-02;3.2500000e+01;-4.0141005e-02;3.2500000e+01;3.4569427e-03;3.2500000e+01;7.1324490e-02;3.2500000e+01;1.6837716e-01;3.2500000e+01;2.5266072e-01;3.2500000e+01;2.7379143e-01;3.2500000e+01;2.3898184e-01;3.2500000e+01;1.8274316e-01;3.2500000e+01;2.1888401e-01;3.2500000e+01;1.9304317e-01;3.2500000e+01;1.4634089e-01;3.2500000e+01;9.8404795e-02;3.2500000e+01;5.0070658e-02;3.2500000e+01;8.5775778e-03;3.2500000e+01;-3.9975777e-02;3.2500000e+01;-7.8834191e-02;3.2500000e+01;-1.2198564e-01;3.2500000e+01;-6.6902392e-02;3.2500000e+01;-4.0141005e-02;3.2500000e+01;3.4569427e-03;3.2500000e+01;7.1324490e-02;3.2500000e+01;1.6837716e-01;3.2500000e+01;2.5266072e-01;3.2500000e+01;2.7379143e-01;3.2500000e+01;2.3898184e-01;3.2500000e+01;1.8274316e-01;3.2500000e+01;2.1888401e-01;3.2500000e+01;1.9304317e-01;3.2500000e+01;1.4634089e-01;3.2500000e+01;9.8404795e-02;3.2500000e+01;5.0070658e-02;3.2500000e+01;8.5775778e-03;3.2500000e+01;-3.9975777e-02;3.2500000e+01;-7.8834191e-02;3.2500000e+01;-1.2198564e-01;3.2500000e+01;-6.6902392e-02;3.2500000e+01;-4.0141005e-02;3.2500000e+01;3.4569427e-03;3.2500000e+01;7.1324490e-02;3.2500000e+01;1.6837716e-01;3.2500000e+01;2.5266072e-01;3.2500000e+01;2.7379143e-01;3.2500000e+01;2.3898184e-01;3.2500000e+01;1.8274316e-01;3.2500000e+01;2.1888401e-01;3.2500000e+01;1.9304317e-01;3.2500000e+01;1.4634089e-01;3.2500000e+01;9.8404795e-02;3.2500000e+01;5.0070658e-02;3.2500000e+01;8.5775778e-03;3.2500000e+01;-3.9975777e-02;3.2500000e+01;-7.8834191e-02;3.2500000e+01;-1.2198564e-01;3.2500000e+01;-6.6902392e-02;3.2500000e+01;-4.0141005e-02;3.2500000e+01;3.4569427e-03;3.2500000e+01;7.1324490e-02;3.2500000e+01;1.6837716e-01;3.2500000e+01;2.5266072e-01;3.2500000e+01;2.7379143e-01;3.2500000e+01;2.3898184e-01;3.2500000e+01;1.8274316e-01;3.2500000e+01;2.1888401e-01;3.2500000e+01;1.9304317e-01;3.2500000e+01;1.4634089e-01;3.2500000e+01;9.8404795e-02;3.2500000e+01;5.0070658e-02;3.2500000e+01;8.5775778e-03;3.2500000e+01;-3.9975777e-02;3.2500000e+01;-7.8834191e-02;3.2500000e+01;-1.2198564e-01;3.2500000e+01;-6.6902392e-02;3.2500000e+01;-4.0141005e-02;3.2500000e+01;3.4569427e-03;3.2500000e+01;7.1324490e-02;3.2500000e+01;1.6837716e-01;3.2500000e+01;2.5266072e-01;3.2500000e+01;2.7379143e-01;3.2500000e+01;2.3898184e-01;3.2500000e+01;1.8274316e-01;3.2500000e+01;2.1888401e-01;3.2500000e+01;1.9304317e-01;3.2500000e+01;1.4634089e-01;3.2500000e+01;9.8404795e-02;3.2500000e+01;5.0070658e-02;3.2500000e+01;8.5775778e-03;3.2500000e+01;-3.9975777e-02;3.2500000e+01;-7.8834191e-02;3.2500000e+01;-1.2198564e-01;3.2500000e+01;-6.6902392e-02;3.2500000e+01;-4.0141005e-02;3.2500000e+01;3.4569427e-03;3.2500000e+01;7.1324490e-02;3.2500000e+01;1.6837716e-01;3.2500000e+01;2.5266072e-01;3.2500000e+01;2.7379143e-01;3.2500000e+01;2.3898184e-01;3.2500000e+01;1.8274316e-01;3.2500000e+01;2.1888401e-01;3.2500000e+01;1.9304317e-01;3.2500000e+01;1.4634089e-01;3.2500000e+01;9.8404795e-02;3.2500000e+01;5.0070658e-02;3.2500000e+01;8.5775778e-03;3.2500000e+01;-3.9975777e-02;3.2500000e+01;-7.8834191e-02;3.2500000e+01;-1.2198564e-01;3.2500000e+01;-6.6902392e-02;3.2500000e+01;-4.0141005e-02;3.2500000e+01;3.4569427e-03;3.2500000e+01;7.1324490e-02;3.2500000e+01;1.6837716e-01;3.2500000e+01;2.5266072e-01;3.2500000e+01;2.7379143e-01;3.2500000e+01;2.3898184e-01;3.2500000e+01;1.8274316e-01;3.2500000e+01;2.1888401e-01;3.2500000e+01;1.9304317e-01;3.2500000e+01;1.4634089e-01;3.2500000e+01;9.8404795e-02;3.2500000e+01;5.0070658e-02;3.2500000e+01;8.5775778e-03;3.2500000e+01;-3.9975777e-02;3.2500000e+01;-7.8834191e-02;3.2500000e+01;-1.2198564e-01;3.2500000e+01;-6.6902392e-02;3.2500000e+01;-4.0141005e-02;3.2500000e+01;3.4569427e-03;3.2500000e+01;7.1324490e-02;3.2500000e+01;1.6837716e-01;3.2500000e+01;2.5266072e-01;3.2500000e+01;2.7379143e-01;3.2500000e+01;2.3898184e-01;3.2500000e+01;1.8274316e-01;3.2500000e+01;2.1888401e-01;3.2500000e+01;1.9304317e-01;3.2500000e+01;1.4634089e-01;3.2500000e+01;9.8404795e-02;3.2500000e+01;5.0070658e-02;3.2500000e+01;8.5775778e-03;3.2500000e+01;-3.9975777e-02;3.2500000e+01;-7.8834191e-02;3.2500000e+01;-1.2198564e-01;3.2500000e+01;-6.6902392e-02;3.2500000e+01;-4.0141005e-02;3.2500000e+01;3.4569427e-03;3.2500000e+01;7.1324490e-02;3.2500000e+01;1.6837716e-01;3.2500000e+01;2.5266072e-01;3.2500000e+01;2.7379143e-01;3.2500000e+01;2.3898184e-01;3.2500000e+01;1.8274316e-01;3.2500000e+01;2.1888401e-01;3.2500000e+01;1.9304317e-01;3.2500000e+01;1.4634089e-01;3.2500000e+01;9.8404795e-02;3.2500000e+01;5.0070658e-02;3.2500000e+01;8.5775778e-03;3.2500000e+01;-3.9975777e-02;3.2500000e+01;-7.8834191e-02;3.2500000e+01;-1.2198564e-01;3.2500000e+01;-6.6902392e-02;3.2500000e+01;-4.0141005e-02;3.2500000e+01;3.4569427e-03;3.2500000e+01;7.1324490e-02;3.2500000e+01;1.6837716e-01;3.2500000e+01;2.5266072e-01;3.2500000e+01;2.7379143e-01;3.2500000e+01;2.3898184e-01;3.2500000e+01;1.8274316e-01;3.2500000e+01;2.1888401e-01;3.2500000e+01;1.9304317e-01;3.2500000e+01;1.4634089e-01;3.2500000e+01;9.8404795e-02;3.2500000e+01;5.0070658e-02;3.2500000e+01;8.5775778e-03;3.2500000e+01;-3.9975777e-02;3.2500000e+01;-7.8834191e-02;3.2500000e+01;-1.2198564e-01;3.2500000e+01;-6.6902392e-02;3.2500000e+01;-4.0141005e-02;3.2500000e+01;3.4569427e-03;3.2500000e+01;7.1324490e-02;3.2500000e+01;1.6837716e-01;3.2500000e+01;2.5266072e-01;3.2500000e+01;2.7379143e-01;3.2500000e+01;2.3898184e-01;3.2500000e+01;1.8274316e-01;3.2500000e+01;2.1888401e-01;3.2500000e+01;1.9304317e-01;3.2500000e+01;1.4634089e-01;3.2500000e+01;9.8404795e-02;3.2500000e+01;5.0070658e-02;3.2500000e+01;8.5775778e-03;3.2500000e+01;-3.9975777e-02;3.2500000e+01;-7.8834191e-02;3.2500000e+01;-1.2198564e-01;3.2500000e+01;-6.6902392e-02;3.2500000e+01;-4.0141005e-02;3.2500000e+01;3.4569427e-03;3.2500000e+01;7.1324490e-02;3.2500000e+01;1.6837716e-01;3.2500000e+01;2.5266072e-01;3.2500000e+01;2.7379143e-01;3.2500000e+01;2.3898184e-01;3.2500000e+01;1.8274316e-01;3.2500000e+01;2.1888401e-01;3.2500000e+01;1.9304317e-01;3.2500000e+01;1.4634089e-01;3.2500000e+01;9.8404795e-02;3.2500000e+01;5.0070658e-02;3.2500000e+01;8.5775778e-03;3.2500000e+01;-3.9975777e-02;3.2500000e+01;-7.8834191e-02;3.2500000e+01;-1.2198564e-01;3.2500000e+01;-6.6902392e-02;3.2500000e+01;-4.0141005e-02;3.2500000e+01;3.4569427e-03;3.2500000e+01;7.1324490e-02;3.2500000e+01;1.6837716e-01;3.2500000e+01;2.5266072e-01;3.2500000e+01;2.7379143e-01;3.2500000e+01;2.3898184e-01;3.2500000e+01;1.8274316e-01;3.2500000e+01;2.1888401e-01;3.2500000e+01;1.9304317e-01;3.2500000e+01;1.4634089e-01;3.2500000e+01;9.8404795e-02;3.2500000e+01;5.0070658e-02;3.2500000e+01;8.5775778e-03;3.2500000e+01;-3.9975777e-02;3.2500000e+01;-7.8834191e-02;3.2500000e+01;-1.2198564e-01;3.2500000e+01;-6.6902392e-02;3.2500000e+01;-4.0141005e-02;3.2500000e+01;3.4569427e-03;3.2500000e+01;7.1324490e-02;3.2500000e+01;1.6837716e-01;3.2500000e+01;2.5266072e-01;3.2500000e+01;2.7379143e-01;3.2500000e+01;2.3898184e-01;3.2500000e+01;1.8274316e-01;3.2500000e+01;2.1888401e-01;3.2500000e+01;1.9304317e-01;3.2500000e+01;1.4634089e-01;3.2500000e+01;9.8404795e-02;3.2500000e+01;5.0070658e-02;3.2500000e+01;8.5775778e-03;3.2500000e+01;-3.9975777e-02;3.2500000e+01;-7.8834191e-02;3.2500000e+01;-1.2198564e-01;3.2500000e+01;-6.6902392e-02;3.2500000e+01;-4.0141005e-02;3.2500000e+01;3.4569427e-03;3.2500000e+01;7.1324490e-02;3.2500000e+01;1.6837716e-01;3.2500000e+01;2.5266072e-01;3.2500000e+01;2.7379143e-01;3.2500000e+01;2.3898184e-01;3.2500000e+01;1.8274316e-01;3.2500000e+01;2.1888401e-01;3.2500000e+01;1.9304317e-01;3.2500000e+01;1.4634089e-01;3.2500000e+01;9.8404795e-02;3.2500000e+01;5.0070658e-02;3.2500000e+01;8.5775778e-03;3.2500000e+01;-3.9975777e-02;3.2500000e+01;-7.8834191e-02;3.2500000e+01;-1.2198564e-01;3.2500000e+01;-6.6902392e-02;3.2500000e+01;-4.0141005e-02;3.2500000e+01;3.4569427e-03;3.2500000e+01;7.1324490e-02;3.2500000e+01;1.6837716e-01;3.2500000e+01;2.5266072e-01;3.2500000e+01;2.7379143e-01;3.2500000e+01;2.3898184e-01;3.2500000e+01;1.8274316e-01;3.2500000e+01;2.1888401e-01;3.2500000e+01;1.9304317e-01;3.2500000e+01;1.4634089e-01;3.2500000e+01;9.8404795e-02;3.2500000e+01;5.0070658e-02;3.2500000e+01;8.5775778e-03;3.2500000e+01;-3.9975777e-02;3.2500000e+01;-7.8834191e-02;3.2500000e+01;-1.2198564e-01;3.2500000e+01;-6.6902392e-02;3.2500000e+01;-4.0141005e-02;3.2500000e+01;3.4569427e-03;3.2500000e+01;7.1324490e-02;3.2500000e+01;1.6837716e-01;3.2500000e+01;2.5266072e-01;3.2500000e+01;2.7379143e-01;3.2500000e+01;2.3898184e-01;3.2500000e+01;1.8274316e-01;3.2500000e+01;2.1888401e-01;3.2500000e+01;1.9304317e-01;3.2500000e+01;1.4634089e-01;3.2500000e+01;9.8404795e-02;3.2500000e+01;5.0070658e-02;3.2500000e+01;8.5775778e-03;3.2500000e+01;-3.9975777e-02;3.2500000e+01;-7.8834191e-02;3.2500000e+01;-1.2198564e-01;3.2500000e+01;-6.6902392e-02;3.2500000e+01;-4.0141005e-02;3.2500000e+01;3.4569427e-03;3.2500000e+01;7.1324490e-02;3.2500000e+01;1.6837716e-01;3.2500000e+01;2.5266072e-01;3.2500000e+01;2.7379143e-01;3.2500000e+01;2.3898184e-01;3.2500000e+01;1.8274316e-01;3.2500000e+01;2.1888401e-01;3.2500000e+01;1.9304317e-01;3.2500000e+01;1.4634089e-01;3.2500000e+01;9.8404795e-02;3.2500000e+01;5.0070658e-02;3.2500000e+01;8.5775778e-03;3.2500000e+01;-3.9975777e-02;3.2500000e+01;-7.8834191e-02;3.2500000e+01;-1.2198564e-01;3.2500000e+01;-6.6902392e-02;3.2500000e+01;-4.0141005e-02;3.2500000e+01;3.4569427e-03;3.2500000e+01;7.1324490e-02;3.2500000e+01;1.6837716e-01;3.2500000e+01;2.5266072e-01;3.2500000e+01;2.7379143e-01;3.2500000e+01;2.3898184e-01;3.2500000e+01;1.8274316e-01;3.2500000e+01;2.1888401e-01;3.2500000e+01;1.9304317e-01;3.2500000e+01;1.4634089e-01;3.2500000e+01;9.8404795e-02;3.2500000e+01;5.0070658e-02;3.2500000e+01;8.5775778e-03;3.2500000e+01;-3.9975777e-02;3.2500000e+01;-7.8834191e-02;3.2500000e+01;-1.2198564e-01;3.2500000e+01;-6.6902392e-02;3.2500000e+01;-4.0141005e-02;3.2500000e+01;3.4569427e-03;3.2500000e+01;7.1324490e-02;3.2500000e+01;1.6837716e-01;3.2500000e+01;2.5266072e-01;3.2500000e+01;2.7379143e-01;3.2500000e+01;2.3898184e-01;3.2500000e+01;1.8274316e-01;3.2500000e+01;2.1888401e-01;3.2500000e+01;1.9304317e-01;3.2500000e+01;1.4634089e-01;3.2500000e+01;9.8404795e-02;3.2500000e+01;5.0070658e-02;3.2500000e+01;8.5775778e-03;3.2500000e+01;-3.9975777e-02;3.2500000e+01;-7.8834191e-02;3.2500000e+01;-1.2198564e-01;3.2500000e+01;-6.6902392e-02;3.2500000e+01;-4.0141005e-02;3.2500000e+01;3.4569427e-03;3.2500000e+01;7.1324490e-02;3.2500000e+01;1.6837716e-01;3.2500000e+01;2.5266072e-01;3.2500000e+01;2.7379143e-01;3.2500000e+01;2.3898184e-01;3.2500000e+01;1.8274316e-01;3.2500000e+01;2.1888401e-01;3.2500000e+01;1.9304317e-01;3.2500000e+01;1.4634089e-01;3.2500000e+01;9.8404795e-02;3.2500000e+01;5.0070658e-02;3.2500000e+01;8.5775778e-03;3.2500000e+01;-3.9975777e-02;3.2500000e+01;-7.8834191e-02;3.2500000e+01;-1.2198564e-01;3.2500000e+01;-6.6902392e-02;3.2500000e+01;-4.0141005e-02;3.2500000e+01;3.4569427e-03;3.2500000e+01;7.1324490e-02;3.2500000e+01;1.6837716e-01;3.2500000e+01;2.5266072e-01;3.2500000e+01;2.7379143e-01;3.2500000e+01;2.3898184e-01;3.2500000e+01;1.8274316e-01;3.2500000e+01;2.1888401e-01;3.2500000e+01;1.9304317e-01;3.2500000e+01;1.4634089e-01;3.2500000e+01;9.8404795e-02;3.2500000e+01;5.0070658e-02;3.2500000e+01;8.5775778e-03;3.2500000e+01;-3.9975777e-02;3.2500000e+01;-7.8834191e-02;3.2500000e+01;-1.2198564e-01;3.2500000e+01;-6.6902392e-02;3.2500000e+01;-4.0141005e-02;3.2500000e+01;3.4569427e-03;3.2500000e+01;7.1324490e-02;3.2500000e+01;1.6837716e-01;3.2500000e+01;2.5266072e-01;3.2500000e+01;2.7379143e-01;3.2500000e+01;2.3898184e-01;3.2500000e+01;1.8274316e-01;3.2500000e+01;2.1888401e-01;3.2500000e+01;1.9304317e-01;3.2500000e+01;1.4634089e-01;3.2500000e+01;9.8404795e-02;3.2500000e+01;5.0070658e-02;3.2500000e+01;8.5775778e-03;3.2500000e+01;-3.9975777e-02;3.2500000e+01;-7.8834191e-02;3.2500000e+01;-1.2198564e-01;3.2500000e+01;-6.6902392e-02;3.2500000e+01;-4.0141005e-02;3.2500000e+01;3.4569427e-03;3.2500000e+01;7.1324490e-02;3.2500000e+01;1.6837716e-01;3.2500000e+01;2.5266072e-01;3.2500000e+01;2.7379143e-01;3.2500000e+01;2.3898184e-01;3.2500000e+01;1.8274316e-01;3.2500000e+01;2.1888401e-01;3.2500000e+01;1.9304317e-01;3.2500000e+01;1.4634089e-01;3.2500000e+01;9.8404795e-02;3.2500000e+01;5.0070658e-02;3.2500000e+01;8.5775778e-03;3.2500000e+01;-3.9975777e-02;3.2500000e+01;-7.8834191e-02;3.2500000e+01;-1.2198564e-01;3.2500000e+01;-6.6902392e-02;3.2500000e+01;-4.0141005e-02;3.2500000e+01;3.4569427e-03;3.2500000e+01;7.1324490e-02;3.2500000e+01;1.6837716e-01;3.2500000e+01;2.5266072e-01;3.2500000e+01;2.7379143e-01;3.2500000e+01;2.3898184e-01;3.2500000e+01;1.8274316e-01;3.2500000e+01;2.1888401e-01;3.2500000e+01;1.9304317e-01;3.2500000e+01;1.4634089e-01;3.2500000e+01;9.8404795e-02;3.2500000e+01;5.0070658e-02;3.2500000e+01;8.5775778e-03;3.2500000e+01;-3.9975777e-02;3.2500000e+01;-7.8834191e-02;3.2500000e+01;-1.2198564e-01;3.2500000e+01;-6.6902392e-02;3.2500000e+01;-4.0141005e-02;3.2500000e+01;3.4569427e-03;3.2500000e+01;7.1324490e-02;3.2500000e+01;1.6837716e-01;3.2500000e+01;2.5266072e-01;3.2500000e+01;2.7379143e-01;3.2500000e+01;2.3898184e-01;3.2500000e+01;1.8274316e-01;3.2500000e+01;2.1888401e-01;3.2500000e+01;1.9304317e-01;3.2500000e+01;1.4634089e-01;3.2500000e+01;9.8404795e-02;3.2500000e+01;5.0070658e-02;3.2500000e+01;8.5775778e-03;3.2500000e+01;-3.9975777e-02;3.2500000e+01;-7.8834191e-02;3.2500000e+01;-1.2198564e-01;3.2500000e+01;-6.6902392e-02;3.2500000e+01;-4.0141005e-02;3.2500000e+01;3.4569427e-03;3.2500000e+01;7.1324490e-02;3.2500000e+01;1.6837716e-01;3.2500000e+01;2.5266072e-01;3.2500000e+01;2.7379143e-01;3.2500000e+01;2.3898184e-01;3.2500000e+01;1.8274316e-01;3.2500000e+01;2.1888401e-01;3.2500000e+01;1.9304317e-01;3.2500000e+01;1.4634089e-01;3.2500000e+01;9.8404795e-02;3.2500000e+01;5.0070658e-02;3.2500000e+01;8.5775778e-03;3.2500000e+01;-3.9975777e-02;3.2500000e+01;-7.8834191e-02;3.2500000e+01;-1.2198564e-01;3.2500000e+01;-6.6902392e-02;3.2500000e+01;-4.0141005e-02;3.2500000e+01;3.4569427e-03;3.2500000e+01;7.1324490e-02;3.2500000e+01;1.6837716e-01;3.2500000e+01;2.5266072e-01;3.2500000e+01;2.7379143e-01;3.2500000e+01;2.3898184e-01;3.2500000e+01;1.8274316e-01;3.2500000e+01;2.1888401e-01;3.2500000e+01;1.9304317e-01;3.2500000e+01;1.4634089e-01;3.2500000e+01;9.8404795e-02;3.2500000e+01;5.0070658e-02;3.2500000e+01;8.5775778e-03;3.2500000e+01;-3.9975777e-02;3.2500000e+01;-7.8834191e-02;3.2500000e+01;-1.2198564e-01;3.2500000e+01;-6.6902392e-02;3.2500000e+01;-4.0141005e-02;3.2500000e+01;3.4569427e-03;3.2500000e+01;7.1324490e-02;3.2500000e+01;1.6837716e-01;3.2500000e+01;2.5266072e-01;3.2500000e+01;2.7379143e-01;3.2500000e+01;2.3898184e-01;3.2500000e+01;1.8274316e-01;3.2500000e+01;2.1888401e-01;3.2500000e+01;1.9304317e-01;3.2500000e+01;1.4634089e-01;3.2500000e+01;9.8404795e-02;3.2500000e+01;5.0070658e-02;3.2500000e+01;8.5775778e-03;3.2500000e+01;-3.9975777e-02;3.2500000e+01;-7.8834191e-02;3.2500000e+01;-1.2198564e-01;3.2500000e+01;-6.6902392e-02;3.2500000e+01;-4.0141005e-02;3.2500000e+01;3.4569427e-03;3.2500000e+01;7.1324490e-02;3.2500000e+01;1.6837716e-01;3.2500000e+01;2.5266072e-01;3.2500000e+01;2.7379143e-01;3.2500000e+01;2.3898184e-01;3.2500000e+01;1.8274316e-01;3.2500000e+01;2.1888401e-01;3.2500000e+01;1.9304317e-01;3.2500000e+01;1.4634089e-01;3.2500000e+01;9.8404795e-02;3.2500000e+01;5.0070658e-02;3.2500000e+01;8.5775778e-03;3.2500000e+01;-3.9975777e-02;3.2500000e+01;-7.8834191e-02;3.2500000e+01;-1.2198564e-01;3.2500000e+01;-6.6902392e-02;3.2500000e+01;-4.0141005e-02;3.2500000e+01;3.4569427e-03;3.2500000e+01;7.1324490e-02;3.2500000e+01;1.6837716e-01;3.2500000e+01;2.5266072e-01;3.2500000e+01;2.7379143e-01;3.2500000e+01;2.3898184e-01;3.2500000e+01;1.8274316e-01;3.2500000e+01;2.1888401e-01;3.2500000e+01;1.9304317e-01;3.2500000e+01;1.4634089e-01;3.2500000e+01;9.8404795e-02;3.2500000e+01;5.0070658e-02;3.2500000e+01;8.5775778e-03;3.2500000e+01;-3.9975777e-02;3.2500000e+01;-7.8834191e-02;3.2500000e+01;-1.2198564e-01;3.2500000e+01;-6.6902392e-02;3.2500000e+01;-4.0141005e-02;3.2500000e+01;3.4569427e-03;3.2500000e+01;7.1324490e-02;3.2500000e+01;1.6837716e-01;3.2500000e+01;2.5266072e-01;3.2500000e+01;2.7379143e-01;3.2500000e+01;2.3898184e-01;3.2500000e+01;1.8274316e-01;3.2500000e+01;2.1888401e-01;3.2500000e+01;1.9304317e-01;3.2500000e+01;1.4634089e-01;3.2500000e+01;9.8404795e-02;3.2500000e+01;5.0070658e-02;3.2500000e+01;8.5775778e-03;3.2500000e+01;-3.9975777e-02;3.2500000e+01;-7.8834191e-02;3.2500000e+01;-1.2198564e-01;3.2500000e+01;-6.6902392e-02;3.2500000e+01;-4.0141005e-02;3.2500000e+01;3.4569427e-03;3.2500000e+01;7.1324490e-02;3.2500000e+01;1.6837716e-01;3.2500000e+01;2.5266072e-01;3.2500000e+01;2.7379143e-01;3.2500000e+01;2.3898184e-01;3.2500000e+01;1.8274316e-01;3.2500000e+01;2.1888401e-01;3.2500000e+01;1.9304317e-01;3.2500000e+01;1.4634089e-01;3.2500000e+01;9.8404795e-02;3.2500000e+01;5.0070658e-02;3.2500000e+01;8.5775778e-03;3.2500000e+01;-3.9975777e-02;3.2500000e+01;-7.8834191e-02;3.2500000e+01;-1.2198564e-01;3.2500000e+01;-6.6902392e-02;3.2500000e+01;-4.0141005e-02;3.2500000e+01;3.4569427e-03;3.2500000e+01;7.1324490e-02;3.2500000e+01;1.6837716e-01;3.2500000e+01;2.5266072e-01;3.2500000e+01;2.7379143e-01;3.2500000e+01;2.3898184e-01;3.2500000e+01;1.8274316e-01;3.2500000e+01;2.1888401e-01;3.2500000e+01;1.9304317e-01;3.2500000e+01;1.4634089e-01;3.2500000e+01;9.8404795e-02;3.2500000e+01;5.0070658e-02;3.2500000e+01;8.5775778e-03;3.2500000e+01;-3.9975777e-02;3.2500000e+01;-7.8834191e-02;3.2500000e+01;-1.2198564e-01;3.2500000e+01;-6.6902392e-02;3.2500000e+01;-4.0141005e-02;3.2500000e+01;3.4569427e-03;3.2500000e+01;7.1324490e-02;3.2500000e+01;1.6837716e-01;3.2500000e+01;2.5266072e-01;3.2500000e+01;2.7379143e-01;3.2500000e+01;2.3898184e-01;3.2500000e+01;1.8274316e-01;3.2500000e+01;2.1888401e-01;3.2500000e+01;1.9304317e-01;3.2500000e+01;1.4634089e-01;3.2500000e+01;9.8404795e-02;3.2500000e+01;5.0070658e-02;3.2500000e+01;8.5775778e-03;3.2500000e+01;-3.9975777e-02;3.2500000e+01;-7.8834191e-02;3.2500000e+01;-1.2198564e-01;3.2500000e+01;-6.6902392e-02;3.2500000e+01;-4.0141005e-02;3.2500000e+01;3.4569427e-03;3.2500000e+01;7.1324490e-02;3.2500000e+01;1.6837716e-01;3.2500000e+01;2.5266072e-01;3.2500000e+01;2.7379143e-01;3.2500000e+01;2.3898184e-01;3.2500000e+01;1.8274316e-01;3.2500000e+01;2.1888401e-01;3.2500000e+01;1.9304317e-01;3.2500000e+01;1.4634089e-01;3.2500000e+01;9.8404795e-02;3.2500000e+01;5.0070658e-02;3.2500000e+01;8.5775778e-03;3.2500000e+01;-3.9975777e-02;3.2500000e+01;-7.8834191e-02;3.2500000e+01;-1.2198564e-01;3.2500000e+01;-6.6902392e-02;3.2500000e+01;-4.0141005e-02;3.2500000e+01;3.4569427e-03;3.2500000e+01;7.1324490e-02;3.2500000e+01;1.6837716e-01;3.2500000e+01;2.5266072e-01;3.2500000e+01;2.7379143e-01;3.2500000e+01;2.3898184e-01;3.2500000e+01;1.8274316e-01;3.2500000e+01;2.1888401e-01;3.2500000e+01;1.9304317e-01;3.2500000e+01;1.4634089e-01;3.2500000e+01;9.8404795e-02;3.2500000e+01;5.0070658e-02;3.2500000e+01;8.5775778e-03;3.2500000e+01;-3.9975777e-02;3.2500000e+01;-7.8834191e-02;3.2500000e+01;-1.2198564e-01;3.2500000e+01;-6.6902392e-02;3.2500000e+01;-4.0141005e-02;3.2500000e+01;3.4569427e-03;3.2500000e+01;7.1324490e-02;3.2500000e+01;1.6837716e-01;3.2500000e+01;2.5266072e-01;3.2500000e+01;2.7379143e-01;3.2500000e+01;2.3898184e-01;3.2500000e+01;1.8274316e-01;3.2500000e+01;2.1888401e-01;3.2500000e+01;1.9304317e-01;3.2500000e+01;1.4634089e-01;3.2500000e+01;9.8404795e-02;3.2500000e+01;5.0070658e-02;3.2500000e+01;8.5775778e-03;3.2500000e+01;-3.9975777e-02;3.2500000e+01;-7.8834191e-02;3.2500000e+01;-1.2198564e-01;3.2500000e+01;-6.6902392e-02;3.2500000e+01;-4.0141005e-02;3.2500000e+01;3.4569427e-03;3.2500000e+01;7.1324490e-02;3.2500000e+01;1.6837716e-01;3.2500000e+01;2.5266072e-01;3.2500000e+01;2.7379143e-01;3.2500000e+01;2.3898184e-01;3.2500000e+01;1.8274316e-01;3.2500000e+01;2.1888401e-01;3.2500000e+01;1.9304317e-01;3.2500000e+01;1.4634089e-01;3.2500000e+01;9.8404795e-02;3.2500000e+01;5.0070658e-02;3.2500000e+01;8.5775778e-03;3.2500000e+01;-3.9975777e-02;3.2500000e+01;-7.8834191e-02;3.2500000e+01;-1.2198564e-01;3.2500000e+01;-6.6902392e-02;3.2500000e+01;-4.0141005e-02;3.2500000e+01;3.4569427e-03;3.2500000e+01;7.1324490e-02;3.2500000e+01;1.6837716e-01;3.2500000e+01;2.5266072e-01;3.2500000e+01;2.7379143e-01;3.2500000e+01;2.3898184e-01;3.2500000e+01;1.8274316e-01;3.2500000e+01;2.1888401e-01;3.2500000e+01;1.9304317e-01;3.2500000e+01;1.4634089e-01;3.2500000e+01;9.8404795e-02;3.2500000e+01;5.0070658e-02;3.2500000e+01;8.5775778e-03;3.2500000e+01;-3.9975777e-02;3.2500000e+01;-7.8834191e-02;3.2500000e+01;-1.2198564e-01;3.2500000e+01;-6.6902392e-02;3.2500000e+01;-4.0141005e-02;3.2500000e+01;3.4569427e-03;3.2500000e+01;7.1324490e-02;3.2500000e+01;1.6837716e-01;3.2500000e+01;2.5266072e-01;3.2500000e+01;2.7379143e-01;3.2500000e+01;2.3898184e-01;3.2500000e+01;1.8274316e-01;3.2500000e+01;2.1888401e-01;3.2500000e+01;1.9304317e-01;3.2500000e+01;1.4634089e-01;3.2500000e+01;9.8404795e-02;3.2500000e+01;5.0070658e-02;3.2500000e+01;8.5775778e-03;3.2500000e+01;-3.9975777e-02;3.2500000e+01;-7.8834191e-02;3.2500000e+01;-1.2198564e-01;3.2500000e+01;-6.6902392e-02;3.2500000e+01;-4.0141005e-02;3.2500000e+01;3.4569427e-03;3.2500000e+01;7.1324490e-02;3.2500000e+01;1.6837716e-01;3.2500000e+01;2.5266072e-01;3.2500000e+01;2.7379143e-01;3.2500000e+01;2.3898184e-01;3.2500000e+01;1.8274316e-01;3.2500000e+01;2.1888401e-01;3.2500000e+01;1.9304317e-01;3.2500000e+01;1.4634089e-01;3.2500000e+01;9.8404795e-02;3.2500000e+01;5.0070658e-02;3.2500000e+01;8.5775778e-03;3.2500000e+01;-3.9975777e-02;3.2500000e+01;-7.8834191e-02;3.2500000e+01;-1.2198564e-01;3.2500000e+01;-6.6902392e-02;3.2500000e+01;-4.0141005e-02;3.2500000e+01;3.4569427e-03;3.2500000e+01;7.1324490e-02;3.2500000e+01;1.6837716e-01;3.2500000e+01;2.5266072e-01;3.2500000e+01;2.7379143e-01;3.2500000e+01;2.3898184e-01;3.2500000e+01;1.8274316e-01;3.2500000e+01;2.1888401e-01;3.2500000e+01;1.9304317e-01;3.2500000e+01;1.4634089e-01;3.2500000e+01;9.8404795e-02;3.2500000e+01;5.0070658e-02;3.2500000e+01;8.5775778e-03;3.2500000e+01;-3.9975777e-02;3.2500000e+01;-7.8834191e-02;3.2500000e+01;-1.2198564e-01;3.2500000e+01;-6.6902392e-02;3.2500000e+01;-4.0141005e-02;3.2500000e+01;3.4569427e-03;3.2500000e+01;7.1324490e-02;3.2500000e+01;1.6837716e-01;3.2500000e+01;2.5266072e-01;3.2500000e+01;2.7379143e-01;3.2500000e+01;2.3898184e-01;3.2500000e+01;1.8274316e-01;3.2500000e+01;2.1888401e-01;3.2500000e+01;1.9304317e-01;3.2500000e+01;1.4634089e-01;3.2500000e+01;9.8404795e-02;3.2500000e+01;5.0070658e-02;3.2500000e+01;8.5775778e-03;3.2500000e+01;-3.9975777e-02;3.2500000e+01;-7.8834191e-02;3.2500000e+01;-1.2198564e-01;3.2500000e+01;-6.6902392e-02;3.2500000e+01;-4.0141005e-02;3.2500000e+01;3.4569427e-03;3.2500000e+01;7.1324490e-02;3.2500000e+01;1.6837716e-01;3.2500000e+01;2.5266072e-01;3.2500000e+01;2.7379143e-01;3.2500000e+01;2.3898184e-01;3.2500000e+01;1.8274316e-01;3.2500000e+01;2.1888401e-01;3.2500000e+01;1.9304317e-01;3.2500000e+01;1.4634089e-01;3.2500000e+01;9.8404795e-02;3.2500000e+01;5.0070658e-02;3.2500000e+01;8.5775778e-03;3.2500000e+01;-3.9975777e-02;3.2500000e+01;-7.8834191e-02;3.2500000e+01;-1.2198564e-01;3.2500000e+01;-6.6902392e-02;3.2500000e+01;-4.0141005e-02;3.2500000e+01;3.4569427e-03;3.2500000e+01;7.1324490e-02;3.2500000e+01;1.6837716e-01;3.2500000e+01;2.5266072e-01;3.2500000e+01;2.7379143e-01;3.2500000e+01;2.3898184e-01;3.2500000e+01;1.8274316e-01;3.2500000e+01;2.1888401e-01;3.2500000e+01;1.9304317e-01;3.2500000e+01;1.4634089e-01;3.2500000e+01;9.8404795e-02;3.2500000e+01;5.0070658e-02;3.2500000e+01;8.5775778e-03;3.2500000e+01;-3.9975777e-02;3.2500000e+01;-7.8834191e-02;3.2500000e+01;-1.2198564e-01;3.2500000e+01;-6.6902392e-02;3.2500000e+01;-4.0141005e-02;3.2500000e+01;3.4569427e-03;3.2500000e+01;7.1324490e-02;3.2500000e+01;1.6837716e-01;3.2500000e+01;2.5266072e-01;3.2500000e+01;2.7379143e-01;3.2500000e+01;2.3898184e-01;3.2500000e+01;1.8274316e-01;3.2500000e+01;2.1888401e-01;3.2500000e+01;1.9304317e-01;3.2500000e+01;1.4634089e-01;3.2500000e+01;9.8404795e-02;3.2500000e+01;5.0070658e-02;3.2500000e+01;8.5775778e-03;3.2500000e+01;-3.9975777e-02;3.2500000e+01;-7.8834191e-02;3.2500000e+01;-1.2198564e-01;3.2500000e+01;-6.6902392e-02;3.2500000e+01;-4.0141005e-02;3.2500000e+01;3.4569427e-03;3.2500000e+01;7.1324490e-02;3.2500000e+01;1.6837716e-01;3.2500000e+01;2.5266072e-01;3.2500000e+01;2.7379143e-01;3.2500000e+01;2.3898184e-01;3.2500000e+01;1.8274316e-01;3.2500000e+01;2.1888401e-01;3.2500000e+01;1.9304317e-01;3.2500000e+01;1.4634089e-01;3.2500000e+01;9.8404795e-02;3.2500000e+01;5.0070658e-02;3.2500000e+01;8.5775778e-03;3.2500000e+01;-3.9975777e-02;3.2500000e+01;-7.8834191e-02;3.2500000e+01;-1.2198564e-01;3.2500000e+01;-6.6902392e-02;3.2500000e+01;-4.0141005e-02;3.2500000e+01;3.4569427e-03;3.2500000e+01;7.1324490e-02;3.2500000e+01;1.6837716e-01;3.2500000e+01;2.5266072e-01;3.2500000e+01;2.7379143e-01;3.2500000e+01;2.3898184e-01;3.2500000e+01;1.8274316e-01;3.2500000e+01;2.1888401e-01;3.2500000e+01;1.9304317e-01;3.2500000e+01;1.4634089e-01;3.2500000e+01;9.8404795e-02;3.2500000e+01;5.0070658e-02;3.2500000e+01;8.5775778e-03;3.2500000e+01;-3.9975777e-02;3.2500000e+01;-7.8834191e-02;3.2500000e+01;-1.2198564e-01;3.2500000e+01;-6.6902392e-02;3.2500000e+01;-4.0141005e-02;3.2500000e+01;3.4569427e-03;3.2500000e+01;7.1324490e-02;3.2500000e+01;1.6837716e-01;3.2500000e+01;2.5266072e-01;3.2500000e+01;2.7379143e-01;3.2500000e+01;2.3898184e-01;3.2500000e+01;1.8274316e-01;3.2500000e+01;2.1888401e-01;3.2500000e+01;1.9304317e-01;3.2500000e+01;1.4634089e-01;3.2500000e+01;9.8404795e-02;3.2500000e+01;5.0070658e-02;3.2500000e+01;8.5775778e-03;3.2500000e+01;-3.9975777e-02;3.2500000e+01;-7.8834191e-02;3.2500000e+01;-1.2198564e-01;3.2500000e+01;-6.6902392e-02;3.2500000e+01;-4.0141005e-02;3.2500000e+01;3.4569427e-03;3.2500000e+01;7.1324490e-02;3.2500000e+01;1.6837716e-01;3.2500000e+01;2.5266072e-01;3.2500000e+01;2.7379143e-01;3.2500000e+01;2.3898184e-01;3.2500000e+01;1.8274316e-01;3.2500000e+01;2.1888401e-01;3.2500000e+01;1.9304317e-01;3.2500000e+01;1.4634089e-01;3.2500000e+01;9.8404795e-02;3.2500000e+01;5.0070658e-02;3.2500000e+01;8.5775778e-03;3.2500000e+01;-3.9975777e-02;3.2500000e+01;-7.8834191e-02;3.2500000e+01;-1.2198564e-01
3.7500000e+01;-6.4618945e-02;3.7500000e+01;-3.1034514e-02;3.7500000e+01;2.2351071e-02;3.7500000e+01;8.8510737e-02;3.7500000e+01;1.7575336e-01;3.7500000e+01;2.6043099e-01;3.7500000e+01;2.8690541e-01;3.7500000e+01;2.5489229e-01;3.7500000e+01;1.9561926e-01;3.7500000e+01;2.1863744e-01;3.7500000e+01;1.9382963e-01;3.7500000e+01;1.4854050e-01;3.7500000e+01;9.8809406e-02;3.7500000e+01;5.5278666e-02;3.7500000e+01;8.2607120e-03;3.7500000e+01;-3.4169771e-02;3.7500000e+01;-7.9662554e-02;3.7500000e+01;-1.2217682e-01;3.7500000e+01;-6.4618945e-02;3.7500000e+01;-3.1034514e-02;3.7500000e+01;2.2351071e-02;3.7500000e+01;8.8510737e-02;3.7500000e+01;1.7575336e-01;3.7500000e+01;2.6043099e-01;3.7500000e+01;2.8690541e-01;3.7500000e+01;2.5489229e-01;3.7500000e+01;1.9561926e-01;3.7500000e+01;2.1863744e-01;3.7500000e+01;1.9382963e-01;3.7500000e+01;1.4854050e-01;3.7500000e+01;9.8809406e-02;3.7500000e+01;5.5278666e-02;3.7500000e+01;8.2607120e-03;3.7500000e+01;-3.4169771e-02;3.7500000e+01;-7.9662554e-02;3.7500000e+01;-1.2217682e-01;3.7500000e+01;-6.4618945e-02;3.7500000e+01;-3.1034514e-02;3.7500000e+01;2.2351071e-02;3.7500000e+01;8.8510737e-02;3.7500000e+01;1.7575336e-01;3.7500000e+01;2.6043099e-01;3.7500000e+01;2.8690541e-01;3.7500000e+01;2.5489229e-01;3.7500000e+01;1.9561926e-01;3.7500000e+01;2.1863744e-01;3.7500000e+01;1.9382963e-01;3.7500000e+01;1.4854050e-01;3.7500000e+01;9.8809406e-02;3.7500000e+01;5.5278666e-02;3.7500000e+01;8.2607120e-03;3.7500000e+01;-3.4169771e-02;3.7500000e+01;-7.9662554e-02;3.7500000e+01;-1.2217682e-01;3.7500000e+01;-6.4618945e-02;3.7500000e+01;-3.1034514e-02;3.7500000e+01;2.2351071e-02;3.7500000e+01;8.8510737e-02;3.7500000e+01;1.7575336e-01;3.7500000e+01;2.6043099e-01;3.7500000e+01;2.8690541e-01;3.7500000e+01;2.5489229e-01;3.7500000e+01;1.9561926e-01;3.7500000e+01;2.1863744e-01;3.7500000e+01;1.9382963e-01;3.7500000e+01;1.4854050e-01;3.7500000e+01;9.8809406e-02;3.7500000e+01;5.5278666e-02;3.7500000e+01;8.2607120e-03;3.7500000e+01;-3.4169771e-02;3.7500000e+01;-7.9662554e-02;3.7500000e+01;-1.2217682e-01;3.7500000e+01;-6.4618945e-02;3.7500000e+01;-3.1034514e-02;3.7500000e+01;2.2351071e-02;3.7500000e+01;8.8510737e-02;3.7500000e+01;1.7575336e-01;3.7500000e+01;2.6043099e-01;3.7500000e+01;2.8690541e-01;3.7500000e+01;2.5489229e-01;3.7500000e+01;1.9561926e-01;3.7500000e+01;2.1863744e-01;3.7500000e+01;1.9382963e-01;3.7500000e+01;1.4854050e-01;3.7500000e+01;9.8809406e-02;3.7500000e+01;5.5278666e-02;3.7500000e+01;8.2607120e-03;3.7500000e+01;-3.4169771e-02;3.7500000e+01;-7.9662554e-02;3.7500000e+01;-1.2217682e-01;3.7500000e+01;-6.4618945e-02;3.7500000e+01;-3.1034514e-02;3.7500000e+01;2.2351071e-02;3.7500000e+01;8.8510737e-02;3.7500000e+01;1.7575336e-01;3.7500000e+01;2.6043099e-01;3.7500000e+01;2.8690541e-01;3.7500000e+01;2.5489229e-01;3.7500000e+01;1.9561926e-01;3.7500000e+01;2.1863744e-01;3.7500000e+01;1.9382963e-01;3.7500000e+01;1.4854050e-01;3.7500000e+01;9.8809406e-02;3.7500000e+01;5.5278666e-02;3.7500000e+01;8.2607120e-03;3.7500000e+01;-3.4169771e-02;3.7500000e+01;-7.9662554e-02;3.7500000e+01;-1.2217682e-01;3.7500000e+01;-6.4618945e-02;3.7500000e+01;-3.1034514e-02;3.7500000e+01;2.2351071e-02;3.7500000e+01;8.8510737e-02;3.7500000e+01;1.7575336e-01;3.7500000e+01;2.6043099e-01;3.7500000e+01;2.8690541e-01;3.7500000e+01;2.5489229e-01;3.7500000e+01;1.9561926e-01;3.7500000e+01;2.1863744e-01;3.7500000e+01;1.9382963e-01;3.7500000e+01;1.4854050e-01;3.7500000e+01;9.8809406e-02;3.7500000e+01;5.5278666e-02;3.7500000e+01;8.2607120e-03;3.7500000e+01;-3.4169771e-02;3.7500000e+01;-7.9662554e-02;3.7500000e+01;-1.2217682e-01;3.7500000e+01;-6.4618945e-02;3.7500000e+01;-3.1034514e-02;3.7500000e+01;2.2351071e-02;3.7500000e+01;8.8510737e-02;3.7500000e+01;1.7575336e-01;3.7500000e+01;2.6043099e-01;3.7500000e+01;2.8690541e-01;3.7500000e+01;2.5489229e-01;3.7500000e+01;1.9561926e-01;3.7500000e+01;2.1863744e-01;3.7500000e+01;1.9382963e-01;3.7500000e+01;1.4854050e-01;3.7500000e+01;9.8809406e-02;3.7500000e+01;5.5278666e-02;3.7500000e+01;8.2607120e-03;3.7500000e+01;-3.4169771e-02;3.7500000e+01;-7.9662554e-02;3.7500000e+01;-1.2217682e-01;3.7500000e+01;-6.4618945e-02;3.7500000e+01;-3.1034514e-02;3.7500000e+01;2.2351071e-02;3.7500000e+01;8.8510737e-02;3.7500000e+01;1.7575336e-01;3.7500000e+01;2.6043099e-01;3.7500000e+01;2.8690541e-01;3.7500000e+01;2.5489229e-01;3.7500000e+01;1.9561926e-01;3.7500000e+01;2.1863744e-01;3.7500000e+01;1.9382963e-01;3.7500000e+01;1.4854050e-01;3.7500000e+01;9.8809406e-02;3.7500000e+01;5.5278666e-02;3.7500000e+01;8.2607120e-03;3.7500000e+01;-3.4169771e-02;3.7500000e+01;-7.9662554e-02;3.7500000e+01;-1.2217682e-01;3.7500000e+01;-6.4618945e-02;3.7500000e+01;-3.1034514e-02;3.7500000e+01;2.2351071e-02;3.7500000e+01;8.8510737e-02;3.7500000e+01;1.7575336e-01;3.7500000e+01;2.6043099e-01;3.7500000e+01;2.8690541e-01;3.7500000e+01;2.5489229e-01;3.7500000e+01;1.9561926e-01;3.7500000e+01;2.1863744e-01;3.7500000e+01;1.9382963e-01;3.7500000e+01;1.4854050e-01;3.7500000e+01;9.8809406e-02;3.7500000e+01;5.5278666e-02;3.7500000e+01;8.2607120e-03;3.7500000e+01;-3.4169771e-02;3.7500000e+01;-7.9662554e-02;3.7500000e+01;-1.2217682e-01;3.7500000e+01;-6.4618945e-02;3.7500000e+01;-3.1034514e-02;3.7500000e+01;2.2351071e-02;3.7500000e+01;8.8510737e-02;3.7500000e+01;1.7575336e-01;3.7500000e+01;2.6043099e-01;3.7500000e+01;2.8690541e-01;3.7500000e+01;2.5489229e-01;3.7500000e+01;1.9561926e-01;3.7500000e+01;2.1863744e-01;3.7500000e+01;1.9382963e-01;3.7500000e+01;1.4854050e-01;3.7500000e+01;9.8809406e-02;3.7500000e+01;5.5278666e-02;3.7500000e+01;8.2607120e-03;3.7500000e+01;-3.4169771e-02;3.7500000e+01;-7.9662554e-02;3.7500000e+01;-1.2217682e-01;3.7500000e+01;-6.4618945e-02;3.7500000e+01;-3.1034514e-02;3.7500000e+01;2.2351071e-02;3.7500000e+01;8.8510737e-02;3.7500000e+01;1.7575336e-01;3.7500000e+01;2.6043099e-01;3.7500000e+01;2.8690541e-01;3.7500000e+01;2.5489229e-01;3.7500000e+01;1.9561926e-01;3.7500000e+01;2.1863744e-01;3.7500000e+01;1.9382963e-01;3.7500000e+01;1.4854050e-01;3.7500000e+01;9.8809406e-02;3.7500000e+01;5.5278666e-02;3.7500000e+01;8.2607120e-03;3.7500000e+01;-3.4169771e-02;3.7500000e+01;-7.9662554e-02;3.7500000e+01;-1.2217682e-01;3.7500000e+01;-6.4618945e-02;3.7500000e+01;-3.1034514e-02;3.7500000e+01;2.2351071e-02;3.7500000e+01;8.8510737e-02;3.7500000e+01;1.7575336e-01;3.7500000e+01;2.6043099e-01;3.7500000e+01;2.8690541e-01;3.7500000e+01;2.5489229e-01;3.7500000e+01;1.9561926e-01;3.7500000e+01;2.1863744e-01;3.7500000e+01;1.9382963e-01;3.7500000e+01;1.4854050e-01;3.7500000e+01;9.8809406e-02;3.7500000e+01;5.5278666e-02;3.7500000e+01;8.2607120e-03;3.7500000e+01;-3.4169771e-02;3.7500000e+01;-7.9662554e-02;3.7500000e+01;-1.2217682e-01;3.7500000e+01;-6.4618945e-02;3.7500000e+01;-3.1034514e-02;3.7500000e+01;2.2351071e-02;3.7500000e+01;8.8510737e-02;3.7500000e+01;1.7575336e-01;3.7500000e+01;2.6043099e-01;3.7500000e+01;2.8690541e-01;3.7500000e+01;2.5489229e-01;3.7500000e+01;1.9561926e-01;3.7500000e+01;2.1863744e-01;3.7500000e+01;1.9382963e-01;3.7500000e+01;1.4854050e-01;3.7500000e+01;9.8809406e-02;3.7500000e+01;5.5278666e-02;3.7500000e+01;8.2607120e-03;3.7500000e+01;-3.4169771e-02;3.7500000e+01;-7.9662554e-02;3.7500000e+01;-1.2217682e-01;3.7500000e+01;-6.4618945e-02;3.7500000e+01;-3.1034514e-02;3.7500000e+01;2.2351071e-02;3.7500000e+01;8.8510737e-02;3.7500000e+01;1.7575336e-01;3.7500000e+01;2.6043099e-01;3.7500000e+01;2.8690541e-01;3.7500000e+01;2.5489229e-01;3.7500000e+01;1.9561926e-01;3.7500000e+01;2.1863744e-01;3.7500000e+01;1.9382963e-01;3.7500000e+01;1.4854050e-01;3.7500000e+01;9.8809406e-02;3.7500000e+01;5.5278666e-02;3.7500000e+01;8.2607120e-03;3.7500000e+01;-3.4169771e-02;3.7500000e+01;-7.9662554e-02;3.7500000e+01;-1.2217682e-01;3.7500000e+01;-6.4618945e-02;3.7500000e+01;-3.1034514e-02;3.7500000e+01;2.2351071e-02;3.7500000e+01;8.8510737e-02;3.7500000e+01;1.7575336e-01;3.7500000e+01;2.6043099e-01;3.7500000e+01;2.8690541e-01;3.7500000e+01;2.5489229e-01;3.7500000e+01;1.9561926e-01;3.7500000e+01;2.1863744e-01;3.7500000e+01;1.9382963e-01;3.7500000e+01;1.4854050e-01;3.7500000e+01;9.8809406e-02;3.7500000e+01;5.5278666e-02;3.7500000e+01;8.2607120e-03;3.7500000e+01;-3.4169771e-02;3.7500000e+01;-7.9662554e-02;3.7500000e+01;-1.2217682e-01;3.7500000e+01;-6.4618945e-02;3.7500000e+01;-3.1034514e-02;3.7500000e+01;2.2351071e-02;3.7500000e+01;8.8510737e-02;3.7500000e+01;1.7575336e-01;3.7500000e+01;2.6043099e-01;3.7500000e+01;2.8690541e-01;3.7500000e+01;2.5489229e-01;3.7500000e+01;1.9561926e-01;3.7500000e+01;2.1863744e-01;3.7500000e+01;1.9382963e-01;3.7500000e+01;1.4854050e-01;3.7500000e+01;9.8809406e-02;3.7500000e+01;5.5278666e-02;3.7500000e+01;8.2607120e-03;3.7500000e+01;-3.4169771e-02;3.7500000e+01;-7.9662554e-02;3.7500000e+01;-1.2217682e-01;3.7500000e+01;-6.4618945e-02;3.7500000e+01;-3.1034514e-02;3.7500000e+01;2.2351071e-02;3.7500000e+01;8.8510737e-02;3.7500000e+01;1.7575336e-01;3.7500000e+01;2.6043099e-01;3.7500000e+01;2.8690541e-01;3.7500000e+01;2.5489229e-01;3.7500000e+01;1.9561926e-01;3.7500000e+01;2.1863744e-01;3.7500000e+01;1.9382963e-01;3.7500000e+01;1.4854050e-01;3.7500000e+01;9.8809406e-02;3.7500000e+01;5.5278666e-02;3.7500000e+01;8.2607120e-03;3.7500000e+01;-3.4169771e-02;3.7500000e+01;-7.9662554e-02;3.7500000e+01;-1.2217682e-01;3.7500000e+01;-6.4618945e-02;3.7500000e+01;-3.1034514e-02;3.7500000e+01;2.2351071e-02;3.7500000e+01;8.8510737e-02;3.7500000e+01;1.7575336e-01;3.7500000e+01;2.6043099e-01;3.7500000e+01;2.8690541e-01;3.7500000e+01;2.5489229e-01;3.7500000e+01;1.9561926e-01;3.7500000e+01;2.1863744e-01;3.7500000e+01;1.9382963e-01;3.7500000e+01;1.4854050e-01;3.7500000e+01;9.8809406e-02;3.7500000e+01;5.5278666e-02;3.7500000e+01;8.2607120e-03;3.7500000e+01;-3.4169771e-02;3.7500000e+01;-7.9662554e-02;3.7500000e+01;-1.2217682e-01;3.7500000e+01;-6.4618945e-02;3.7500000e+01;-3.1034514e-02;3.7500000e+01;2.2351071e-02;3.7500000e+01;8.8510737e-02;3.7500000e+01;1.7575336e-01;3.7500000e+01;2.6043099e-01;3.7500000e+01;2.8690541e-01;3.7500000e+01;2.5489229e-01;3.7500000e+01;1.9561926e-01;3.7500000e+01;2.1863744e-01;3.7500000e+01;1.9382963e-01;3.7500000e+01;1.4854050e-01;3.7500000e+01;9.8809406e-02;3.7500000e+01;5.5278666e-02;3.7500000e+01;8.2607120e-03;3.7500000e+01;-3.4169771e-02;3.7500000e+01;-7.9662554e-02;3.7500000e+01;-1.2217682e-01;3.7500000e+01;-6.4618945e-02;3.7500000e+01;-3.1034514e-02;3.7500000e+01;2.2351071e-02;3.7500000e+01;8.8510737e-02;3.7500000e+01;1.7575336e-01;3.7500000e+01;2.6043099e-01;3.7500000e+01;2.8690541e-01;3.7500000e+01;2.5489229e-01;3.7500000e+01;1.9561926e-01;3.7500000e+01;2.1863744e-01;3.7500000e+01;1.9382963e-01;3.7500000e+01;1.4854050e-01;3.7500000e+01;9.8809406e-02;3.7500000e+01;5.5278666e-02;3.7500000e+01;8.2607120e-03;3.7500000e+01;-3.4169771e-02;3.7500000e+01;-7.9662554e-02;3.7500000e+01;-1.2217682e-01;3.7500000e+01;-6.4618945e-02;3.7500000e+01;-3.1034514e-02;3.7500000e+01;2.2351071e-02;3.7500000e+01;8.8510737e-02;3.7500000e+01;1.7575336e-01;3.7500000e+01;2.6043099e-01;3.7500000e+01;2.8690541e-01;3.7500000e+01;2.5489229e-01;3.7500000e+01;1.9561926e-01;3.7500000e+01;2.1863744e-01;3.7500000e+01;1.9382963e-01;3.7500000e+01;1.4854050e-01;3.7500000e+01;9.8809406e-02;3.7500000e+01;5.5278666e-02;3.7500000e+01;8.2607120e-03;3.7500000e+01;-3.4169771e-02;3.7500000e+01;-7.9662554e-02;3.7500000e+01;-1.2217682e-01;3.7500000e+01;-6.4618945e-02;3.7500000e+01;-3.1034514e-02;3.7500000e+01;2.2351071e-02;3.7500000e+01;8.8510737e-02;3.7500000e+01;1.7575336e-01;3.7500000e+01;2.6043099e-01;3.7500000e+01;2.8690541e-01;3.7500000e+01;2.5489229e-01;3.7500000e+01;1.9561926e-01;3.7500000e+01;2.1863744e-01;3.7500000e+01;1.9382963e-01;3.7500000e+01;1.4854050e-01;3.7500000e+01;9.8809406e-02;3.7500000e+01;5.5278666e-02;3.7500000e+01;8.2607120e-03;3.7500000e+01;-3.4169771e-02;3.7500000e+01;-7.9662554e-02;3.7500000e+01;-1.2217682e-01;3.7500000e+01;-6.4618945e-02;3.7500000e+01;-3.1034514e-02;3.7500000e+01;2.2351071e-02;3.7500000e+01;8.8510737e-02;3.7500000e+01;1.7575336e-01;3.7500000e+01;2.6043099e-01;3.7500000e+01;2.8690541e-01;3.7500000e+01;2.5489229e-01;3.7500000e+01;1.9561926e-01;3.7500000e+01;2.1863744e-01;3.7500000e+01;1.9382963e-01;3.7500000e+01;1.4854050e-01;3.7500000e+01;9.8809406e-02;3.7500000e+01;5.5278666e-02;3.7500000e+01;8.2607120e-03;3.7500000e+01;-3.4169771e-02;3.7500000e+01;-7.9662554e-02;3.7500000e+01;-1.2217682e-01;3.7500000e+01;-6.4618945e-02;3.7500000e+01;-3.1034514e-02;3.7500000e+01;2.2351071e-02;3.7500000e+01;8.8510737e-02;3.7500000e+01;1.7575336e-01;3.7500000e+01;2.6043099e-01;3.7500000e+01;2.8690541e-01;3.7500000e+01;2.5489229e-01;3.7500000e+01;1.9561926e-01;3.7500000e+01;2.1863744e-01;3.7500000e+01;1.9382963e-01;3.7500000e+01;1.4854050e-01;3.7500000e+01;9.8809406e-02;3.7500000e+01;5.5278666e-02;3.7500000e+01;8.2607120e-03;3.7500000e+01;-3.4169771e-02;3.7500000e+01;-7.9662554e-02;3.7500000e+01;-1.2217682e-01;3.7500000e+01;-6.4618945e-02;3.7500000e+01;-3.1034514e-02;3.7500000e+01;2.2351071e-02;3.7500000e+01;8.8510737e-02;3.7500000e+01;1.7575336e-01;3.7500000e+01;2.6043099e-01;3.7500000e+01;2.8690541e-01;3.7500000e+01;2.5489229e-01;3.7500000e+01;1.9561926e-01;3.7500000e+01;2.1863744e-01;3.7500000e+01;1.9382963e-01;3.7500000e+01;1.4854050e-01;3.7500000e+01;9.8809406e-02;3.7500000e+01;5.5278666e-02;3.7500000e+01;8.2607120e-03;3.7500000e+01;-3.4169771e-02;3.7500000e+01;-7.9662554e-02;3.7500000e+01;-1.2217682e-01;3.7500000e+01;-6.4618945e-02;3.7500000e+01;-3.1034514e-02;3.7500000e+01;2.2351071e-02;3.7500000e+01;8.8510737e-02;3.7500000e+01;1.7575336e-01;3.7500000e+01;2.6043099e-01;3.7500000e+01;2.8690541e-01;3.7500000e+01;2.5489229e-01;3.7500000e+01;1.9561926e-01;3.7500000e+01;2.1863744e-01;3.7500000e+01;1.9382963e-01;3.7500000e+01;1.4854050e-01;3.7500000e+01;9.8809406e-02;3.7500000e+01;5.5278666e-02;3.7500000e+01;8.2607120e-03;3.7500000e+01;-3.4169771e-02;3.7500000e+01;-7.9662554e-02;3.7500000e+01;-1.2217682e-01;3.7500000e+01;-6.4618945e-02;3.7500000e+01;-3.1034514e-02;3.7500000e+01;2.2351071e-02;3.7500000e+01;8.8510737e-02;3.7500000e+01;1.7575336e-01;3.7500000e+01;2.6043099e-01;3.7500000e+01;2.8690541e-01;3.7500000e+01;2.5489229e-01;3.7500000e+01;1.9561926e-01;3.7500000e+01;2.1863744e-01;3.7500000e+01;1.9382963e-01;3.7500000e+01;1.4854050e-01;3.7500000e+01;9.8809406e-02;3.7500000e+01;5.5278666e-02;3.7500000e+01;8.2607120e-03;3.7500000e+01;-3.4169771e-02;3.7500000e+01;-7.9662554e-02;3.7500000e+01;-1.2217682e-01;3.7500000e+01;-6.4618945e-02;3.7500000e+01;-3.1034514e-02;3.7500000e+01;2.2351071e-02;3.7500000e+01;8.8510737e-02;3.7500000e+01;1.7575336e-01;3.7500000e+01;2.6043099e-01;3.7500000e+01;2.8690541e-01;3.7500000e+01;2.5489229e-01;3.7500000e+01;1.9561926e-01;3.7500000e+01;2.1863744e-01;3.7500000e+01;1.9382963e-01;3.7500000e+01;1.4854050e-01;3.7500000e+01;9.8809406e-02;3.7500000e+01;5.5278666e-02;3.7500000e+01;8.2607120e-03;3.7500000e+01;-3.4169771e-02;3.7500000e+01;-7.9662554e-02;3.7500000e+01;-1.2217682e-01;3.7500000e+01;-6.4618945e-02;3.7500000e+01;-3.1034514e-02;3.7500000e+01;2.2351071e-02;3.7500000e+01;8.8510737e-02;3.7500000e+01;1.7575336e-01;3.7500000e+01;2.6043099e-01;3.7500000e+01;2.8690541e-01;3.7500000e+01;2.5489229e-01;3.7500000e+01;1.9561926e-01;3.7500000e+01;2.1863744e-01;3.7500000e+01;1.9382963e-01;3.7500000e+01;1.4854050e-01;3.7500000e+01;9.8809406e-02;3.7500000e+01;5.5278666e-02;3.7500000e+01;8.2607120e-03;3.7500000e+01;-3.4169771e-02;3.7500000e+01;-7.9662554e-02;3.7500000e+01;-1.2217682e-01;3.7500000e+01;-6.4618945e-02;3.7500000e+01;-3.1034514e-02;3.7500000e+01;2.2351071e-02;3.7500000e+01;8.8510737e-02;3.7500000e+01;1.7575336e-01;3.7500000e+01;2.6043099e-01;3.7500000e+01;2.8690541e-01;3.7500000e+01;2.5489229e-01;3.7500000e+01;1.9561926e-01;3.7500000e+01;2.1863744e-01;3.7500000e+01;1.9382963e-01;3.7500000e+01;1.4854050e-01;3.7500000e+01;9.8809406e-02;3.7500000e+01;5.5278666e-02;3.7500000e+01;8.2607120e-03;3.7500000e+01;-3.4169771e-02;3.7500000e+01;-7.9662554e-02;3.7500000e+01;-1.2217682e-01;3.7500000e+01;-6.4618945e-02;3.7500000e+01;-3.1034514e-02;3.7500000e+01;2.2351071e-02;3.7500000e+01;8.8510737e-02;3.7500000e+01;1.7575336e-01;3.7500000e+01;2.6043099e-01;3.7500000e+01;2.8690541e-01;3.7500000e+01;2.5489229e-01;3.7500000e+01;1.9561926e-01;3.7500000e+01;2.1863744e-01;3.7500000e+01;1.9382963e-01;3.7500000e+01;1.4854050e-01;3.7500000e+01;9.8809406e-02;3.7500000e+01;5.5278666e-02;3.7500000e+01;8.2607120e-03;3.7500000e+01;-3.4169771e-02;3.7500000e+01;-7.9662554e-02;3.7500000e+01;-1.2217682e-01;3.7500000e+01;-6.4618945e-02;3.7500000e+01;-3.1034514e-02;3.7500000e+01;2.2351071e-02;3.7500000e+01;8.8510737e-02;3.7500000e+01;1.7575336e-01;3.7500000e+01;2.6043099e-01;3.7500000e+01;2.8690541e-01;3.7500000e+01;2.5489229e-01;3.7500000e+01;1.9561926e-01;3.7500000e+01;2.1863744e-01;3.7500000e+01;1.9382963e-01;3.7500000e+01;1.4854050e-01;3.7500000e+01;9.8809406e-02;3.7500000e+01;5.5278666e-02;3.7500000e+01;8.2607120e-03;3.7500000e+01;-3.4169771e-02;3.7500000e+01;-7.9662554e-02;3.7500000e+01;-1.2217682e-01;3.7500000e+01;-6.4618945e-02;3.7500000e+01;-3.1034514e-02;3.7500000e+01;2.2351071e-02;3.7500000e+01;8.8510737e-02;3.7500000e+01;1.7575336e-01;3.7500000e+01;2.6043099e-01;3.7500000e+01;2.8690541e-01;3.7500000e+01;2.5489229e-01;3.7500000e+01;1.9561926e-01;3.7500000e+01;2.1863744e-01;3.7500000e+01;1.9382963e-01;3.7500000e+01;1.4854050e-01;3.7500000e+01;9.8809406e-02;3.7500000e+01;5.5278666e-02;3.7500000e+01;8.2607120e-03;3.7500000e+01;-3.4169771e-02;3.7500000e+01;-7.9662554e-02;3.7500000e+01;-1.2217682e-01;3.7500000e+01;-6.4618945e-02;3.7500000e+01;-3.1034514e-02;3.7500000e+01;2.2351071e-02;3.7500000e+01;8.8510737e-02;3.7500000e+01;1.7575336e-01;3.7500000e+01;2.6043099e-01;3.7500000e+01;2.8690541e-01;3.7500000e+01;2.5489229e-01;3.7500000e+01;1.9561926e-01;3.7500000e+01;2.1863744e-01;3.7500000e+01;1.9382963e-01;3.7500000e+01;1.4854050e-01;3.7500000e+01;9.8809406e-02;3.7500000e+01;5.5278666e-02;3.7500000e+01;8.2607120e-03;3.7500000e+01;-3.4169771e-02;3.7500000e+01;-7.9662554e-02;3.7500000e+01;-1.2217682e-01;3.7500000e+01;-6.4618945e-02;3.7500000e+01;-3.1034514e-02;3.7500000e+01;2.2351071e-02;3.7500000e+01;8.8510737e-02;3.7500000e+01;1.7575336e-01;3.7500000e+01;2.6043099e-01;3.7500000e+01;2.8690541e-01;3.7500000e+01;2.5489229e-01;3.7500000e+01;1.9561926e-01;3.7500000e+01;2.1863744e-01;3.7500000e+01;1.9382963e-01;3.7500000e+01;1.4854050e-01;3.7500000e+01;9.8809406e-02;3.7500000e+01;5.5278666e-02;3.7500000e+01;8.2607120e-03;3.7500000e+01;-3.4169771e-02;3.7500000e+01;-7.9662554e-02;3.7500000e+01;-1.2217682e-01;3.7500000e+01;-6.4618945e-02;3.7500000e+01;-3.1034514e-02;3.7500000e+01;2.2351071e-02;3.7500000e+01;8.8510737e-02;3.7500000e+01;1.7575336e-01;3.7500000e+01;2.6043099e-01;3.7500000e+01;2.8690541e-01;3.7500000e+01;2.5489229e-01;3.7500000e+01;1.9561926e-01;3.7500000e+01;2.1863744e-01;3.7500000e+01;1.9382963e-01;3.7500000e+01;1.4854050e-01;3.7500000e+01;9.8809406e-02;3.7500000e+01;5.5278666e-02;3.7500000e+01;8.2607120e-03;3.7500000e+01;-3.4169771e-02;3.7500000e+01;-7.9662554e-02;3.7500000e+01;-1.2217682e-01;3.7500000e+01;-6.4618945e-02;3.7500000e+01;-3.1034514e-02;3.7500000e+01;2.2351071e-02;3.7500000e+01;8.8510737e-02;3.7500000e+01;1.7575336e-01;3.7500000e+01;2.6043099e-01;3.7500000e+01;2.8690541e-01;3.7500000e+01;2.5489229e-01;3.7500000e+01;1.9561926e-01;3.7500000e+01;2.1863744e-01;3.7500000e+01;1.9382963e-01;3.7500000e+01;1.4854050e-01;3.7500000e+01;9.8809406e-02;3.7500000e+01;5.5278666e-02;3.7500000e+01;8.2607120e-03;3.7500000e+01;-3.4169771e-02;3.7500000e+01;-7.9662554e-02;3.7500000e+01;-1.2217682e-01;3.7500000e+01;-6.4618945e-02;3.7500000e+01;-3.1034514e-02;3.7500000e+01;2.2351071e-02;3.7500000e+01;8.8510737e-02;3.7500000e+01;1.7575336e-01;3.7500000e+01;2.6043099e-01;3.7500000e+01;2.8690541e-01;3.7500000e+01;2.5489229e-01;3.7500000e+01;1.9561926e-01;3.7500000e+01;2.1863744e-01;3.7500000e+01;1.9382963e-01;3.7500000e+01;1.4854050e-01;3.7500000e+01;9.8809406e-02;3.7500000e+01;5.5278666e-02;3.7500000e+01;8.2607120e-03;3.7500000e+01;-3.4169771e-02;3.7500000e+01;-7.9662554e-02;3.7500000e+01;-1.2217682e-01;3.7500000e+01;-6.4618945e-02;3.7500000e+01;-3.1034514e-02;3.7500000e+01;2.2351071e-02;3.7500000e+01;8.8510737e-02;3.7500000e+01;1.7575336e-01;3.7500000e+01;2.6043099e-01;3.7500000e+01;2.8690541e-01;3.7500000e+01;2.5489229e-01;3.7500000e+01;1.9561926e-01;3.7500000e+01;2.1863744e-01;3.7500000e+01;1.9382963e-01;3.7500000e+01;1.4854050e-01;3.7500000e+01;9.8809406e-02;3.7500000e+01;5.5278666e-02;3.7500000e+01;8.2607120e-03;3.7500000e+01;-3.4169771e-02;3.7500000e+01;-7.9662554e-02;3.7500000e+01;-1.2217682e-01;3.7500000e+01;-6.4618945e-02;3.7500000e+01;-3.1034514e-02;3.7500000e+01;2.2351071e-02;3.7500000e+01;8.8510737e-02;3.7500000e+01;1.7575336e-01;3.7500000e+01;2.6043099e-01;3.7500000e+01;2.8690541e-01;3.7500000e+01;2.5489229e-01;3.7500000e+01;1.9561926e-01;3.7500000e+01;2.1863744e-01;3.7500000e+01;1.9382963e-01;3.7500000e+01;1.4854050e-01;3.7500000e+01;9.8809406e-02;3.7500000e+01;5.5278666e-02;3.7500000e+01;8.2607120e-03;3.7500000e+01;-3.4169771e-02;3.7500000e+01;-7.9662554e-02;3.7500000e+01;-1.2217682e-01;3.7500000e+01;-6.4618945e-02;3.7500000e+01;-3.1034514e-02;3.7500000e+01;2.2351071e-02;3.7500000e+01;8.8510737e-02;3.7500000e+01;1.7575336e-01;3.7500000e+01;2.6043099e-01;3.7500000e+01;2.8690541e-01;3.7500000e+01;2.5489229e-01;3.7500000e+01;1.9561926e-01;3.7500000e+01;2.1863744e-01;3.7500000e+01;1.9382963e-01;3.7500000e+01;1.4854050e-01;3.7500000e+01;9.8809406e-02;3.7500000e+01;5.5278666e-02;3.7500000e+01;8.2607120e-03;3.7500000e+01;-3.4169771e-02;3.7500000e+01;-7.9662554e-02;3.7500000e+01;-1.2217682e-01;3.7500000e+01;-6.4618945e-02;3.7500000e+01;-3.1034514e-02;3.7500000e+01;2.2351071e-02;3.7500000e+01;8.8510737e-02;3.7500000e+01;1.7575336e-01;3.7500000e+01;2.6043099e-01;3.7500000e+01;2.8690541e-01;3.7500000e+01;2.5489229e-01;3.7500000e+01;1.9561926e-01;3.7500000e+01;2.1863744e-01;3.7500000e+01;1.9382963e-01;3.7500000e+01;1.4854050e-01;3.7500000e+01;9.8809406e-02;3.7500000e+01;5.5278666e-02;3.7500000e+01;8.2607120e-03;3.7500000e+01;-3.4169771e-02;3.7500000e+01;-7.9662554e-02;3.7500000e+01;-1.2217682e-01;3.7500000e+01;-6.4618945e-02;3.7500000e+01;-3.1034514e-02;3.7500000e+01;2.2351071e-02;3.7500000e+01;8.8510737e-02;3.7500000e+01;1.7575336e-01;3.7500000e+01;2.6043099e-01;3.7500000e+01;2.8690541e-01;3.7500000e+01;2.5489229e-01;3.7500000e+01;1.9561926e-01;3.7500000e+01;2.1863744e-01;3.7500000e+01;1.9382963e-01;3.7500000e+01;1.4854050e-01;3.7500000e+01;9.8809406e-02;3.7500000e+01;5.5278666e-02;3.7500000e+01;8.2607120e-03;3.7500000e+01;-3.4169771e-02;3.7500000e+01;-7.9662554e-02;3.7500000e+01;-1.2217682e-01;3.7500000e+01;-6.4618945e-02;3.7500000e+01;-3.1034514e-02;3.7500000e+01;2.2351071e-02;3.7500000e+01;8.8510737e-02;3.7500000e+01;1.7575336e-01;3.7500000e+01;2.6043099e-01;3.7500000e+01;2.8690541e-01;3.7500000e+01;2.5489229e-01;3.7500000e+01;1.9561926e-01;3.7500000e+01;2.1863744e-01;3.7500000e+01;1.9382963e-01;3.7500000e+01;1.4854050e-01;3.7500000e+01;9.8809406e-02;3.7500000e+01;5.5278666e-02;3.7500000e+01;8.2607120e-03;3.7500000e+01;-3.4169771e-02;3.7500000e+01;-7.9662554e-02;3.7500000e+01;-1.2217682e-01;3.7500000e+01;-6.4618945e-02;3.7500000e+01;-3.1034514e-02;3.7500000e+01;2.2351071e-02;3.7500000e+01;8.8510737e-02;3.7500000e+01;1.7575336e-01;3.7500000e+01;2.6043099e-01;3.7500000e+01;2.8690541e-01;3.7500000e+01;2.5489229e-01;3.7500000e+01;1.9561926e-01;3.7500000e+01;2.1863744e-01;3.7500000e+01;1.9382963e-01;3.7500000e+01;1.4854050e-01;3.7500000e+01;9.8809406e-02;3.7500000e+01;5.5278666e-02;3.7500000e+01;8.2607120e-03;3.7500000e+01;-3.4169771e-02;3.7500000e+01;-7.9662554e-02;3.7500000e+01;-1.2217682e-01;3.7500000e+01;-6.4618945e-02;3.7500000e+01;-3.1034514e-02;3.7500000e+01;2.2351071e-02;3.7500000e+01;8.8510737e-02;3.7500000e+01;1.7575336e-01;3.7500000e+01;2.6043099e-01;3.7500000e+01;2.8690541e-01;3.7500000e+01;2.5489229e-01;3.7500000e+01;1.9561926e-01;3.7500000e+01;2.1863744e-01;3.7500000e+01;1.9382963e-01;3.7500000e+01;1.4854050e-01;3.7500000e+01;9.8809406e-02;3.7500000e+01;5.5278666e-02;3.7500000e+01;8.2607120e-03;3.7500000e+01;-3.4169771e-02;3.7500000e+01;-7.9662554e-02;3.7500000e+01;-1.2217682e-01;3.7500000e+01;-6.4618945e-02;3.7500000e+01;-3.1034514e-02;3.7500000e+01;2.2351071e-02;3.7500000e+01;8.8510737e-02;3.7500000e+01;1.7575336e-01;3.7500000e+01;2.6043099e-01;3.7500000e+01;2.8690541e-01;3.7500000e+01;2.5489229e-01;3.7500000e+01;1.9561926e-01;3.7500000e+01;2.1863744e-01;3.7500000e+01;1.9382963e-01;3.7500000e+01;1.4854050e-01;3.7500000e+01;9.8809406e-02;3.7500000e+01;5.5278666e-02;3.7500000e+01;8.2607120e-03;3.7500000e+01;-3.4169771e-02;3.7500000e+01;-7.9662554e-02;3.7500000e+01;-1.2217682e-01;3.7500000e+01;-6.4618945e-02;3.7500000e+01;-3.1034514e-02;3.7500000e+01;2.2351071e-02;3.7500000e+01;8.8510737e-02;3.7500000e+01;1.7575336e-01;3.7500000e+01;2.6043099e-01;3.7500000e+01;2.8690541e-01;3.7500000e+01;2.5489229e-01;3.7500000e+01;1.9561926e-01;3.7500000e+01;2.1863744e-01;3.7500000e+01;1.9382963e-01;3.7500000e+01;1.4854050e-01;3.7500000e+01;9.8809406e-02;3.7500000e+01;5.5278666e-02;3.7500000e+01;8.2607120e-03;3.7500000e+01;-3.4169771e-02;3.7500000e+01;-7.9662554e-02;3.7500000e+01;-1.2217682e-01;3.7500000e+01;-6.4618945e-02;3.7500000e+01;-3.1034514e-02;3.7500000e+01;2.2351071e-02;3.7500000e+01;8.8510737e-02;3.7500000e+01;1.7575336e-01;3.7500000e+01;2.6043099e-01;3.7500000e+01;2.8690541e-01;3.7500000e+01;2.5489229e-01;3.7500000e+01;1.9561926e-01;3.7500000e+01;2.1863744e-01;3.7500000e+01;1.9382963e-01;3.7500000e+01;1.4854050e-01;3.7500000e+01;9.8809406e-02;3.7500000e+01;5.5278666e-02;3.7500000e+01;8.2607120e-03;3.7500000e+01;-3.4169771e-02;3.7500000e+01;-7.9662554e-02;3.7500000e+01;-1.2217682e-01;3.7500000e+01;-6.4618945e-02;3.7500000e+01;-3.1034514e-02;3.7500000e+01;2.2351071e-02;3.7500000e+01;8.8510737e-02;3.7500000e+01;1.7575336e-01;3.7500000e+01;2.6043099e-01;3.7500000e+01;2.8690541e-01;3.7500000e+01;2.5489229e-01;3.7500000e+01;1.9561926e-01;3.7500000e+01;2.1863744e-01;3.7500000e+01;1.9382963e-01;3.7500000e+01;1.4854050e-01;3.7500000e+01;9.8809406e-02;3.7500000e+01;5.5278666e-02;3.7500000e+01;8.2607120e-03;3.7500000e+01;-3.4169771e-02;3.7500000e+01;-7.9662554e-02;3.7500000e+01;-1.2217682e-01;3.7500000e+01;-6.4618945e-02;3.7500000e+01;-3.1034514e-02;3.7500000e+01;2.2351071e-02;3.7500000e+01;8.8510737e-02;3.7500000e+01;1.7575336e-01;3.7500000e+01;2.6043099e-01;3.7500000e+01;2.8690541e-01;3.7500000e+01;2.5489229e-01;3.7500000e+01;1.9561926e-01;3.7500000e+01;2.1863744e-01;3.7500000e+01;1.9382963e-01;3.7500000e+01;1.4854050e-01;3.7500000e+01;9.8809406e-02;3.7500000e+01;5.5278666e-02;3.7500000e+01;8.2607120e-03;3.7500000e+01;-3.4169771e-02;3.7500000e+01;-7.9662554e-02;3.7500000e+01;-1.2217682e-01;3.7500000e+01;-6.4618945e-02;3.7500000e+01;-3.1034514e-02;3.7500000e+01;2.2351071e-02;3.7500000e+01;8.8510737e-02;3.7500000e+01;1.7575336e-01;3.7500000e+01;2.6043099e-01;3.7500000e+01;2.8690541e-01;3.7500000e+01;2.5489229e-01;3.7500000e+01;1.9561926e-01;3.7500000e+01;2.1863744e-01;3.7500000e+01;1.9382963e-01;3.7500000e+01;1.4854050e-01;3.7500000e+01;9.8809406e-02;3.7500000e+01;5.5278666e-02;3.7500000e+01;8.2607120e-03;3.7500000e+01;-3.4169771e-02;3.7500000e+01;-7.9662554e-02;3.7500000e+01;-1.2217682e-01;3.7500000e+01;-6.4618945e-02;3.7500000e+01;-3.1034514e-02;3.7500000e+01;2.2351071e-02;3.7500000e+01;8.8510737e-02;3.7500000e+01;1.7575336e-01;3.7500000e+01;2.6043099e-01;3.7500000e+01;2.8690541e-01;3.7500000e+01;2.5489229e-01;3.7500000e+01;1.9561926e-01;3.7500000e+01;2.1863744e-01;3.7500000e+01;1.9382963e-01;3.7500000e+01;1.4854050e-01;3.7500000e+01;9.8809406e-02;3.7500000e+01;5.5278666e-02;3.7500000e+01;8.2607120e-03;3.7500000e+01;-3.4169771e-02;3.7500000e+01;-7.9662554e-02;3.7500000e+01;-1.2217682e-01;3.7500000e+01;-6.4618945e-02;3.7500000e+01;-3.1034514e-02;3.7500000e+01;2.2351071e-02;3.7500000e+01;8.8510737e-02;3.7500000e+01;1.7575336e-01;3.7500000e+01;2.6043099e-01;3.7500000e+01;2.8690541e-01;3.7500000e+01;2.5489229e-01;3.7500000e+01;1.9561926e-01;3.7500000e+01;2.1863744e-01;3.7500000e+01;1.9382963e-01;3.7500000e+01;1.4854050e-01;3.7500000e+01;9.8809406e-02;3.7500000e+01;5.5278666e-02;3.7500000e+01;8.2607120e-03;3.7500000e+01;-3.4169771e-02;3.7500000e+01;-7.9662554e-02;3.7500000e+01;-1.2217682e-01;3.7500000e+01;-6.4618945e-02;3.7500000e+01;-3.1034514e-02;3.7500000e+01;2.2351071e-02;3.7500000e+01;8.8510737e-02;3.7500000e+01;1.7575336e-01;3.7500000e+01;2.6043099e-01;3.7500000e+01;2.8690541e-01;3.7500000e+01;2.5489229e-01;3.7500000e+01;1.9561926e-01;3.7500000e+01;2.1863744e-01;3.7500000e+01;1.9382963e-01;3.7500000e+01;1.4854050e-01;3.7500000e+01;9.8809406e-02;3.7500000e+01;5.5278666e-02;3.7500000e+01;8.2607120e-03;3.7500000e+01;-3.4169771e-02;3.7500000e+01;-7.9662554e-02;3.7500000e+01;-1.2217682e-01;3.7500000e+01;-6.4618945e-02;3.7500000e+01;-3.1034514e-02;3.7500000e+01;2.2351071e-02;3.7500000e+01;8.8510737e-02;3.7500000e+01;1.7575336e-01;3.7500000e+01;2.6043099e-01;3.7500000e+01;2.8690541e-01;3.7500000e+01;2.5489229e-01;3.7500000e+01;1.9561926e-01;3.7500000e+01;2.1863744e-01;3.7500000e+01;1.9382963e-01;3.7500000e+01;1.4854050e-01;3.7500000e+01;9.8809406e-02;3.7500000e+01;5.5278666e-02;3.7500000e+01;8.2607120e-03;3.7500000e+01;-3.4169771e-02;3.7500000e+01;-7.9662554e-02;3.7500000e+01;-1.2217682e-01;3.7500000e+01;-6.4618945e-02;3.7500000e+01;-3.1034514e-02;3.7500000e+01;2.2351071e-02;3.7500000e+01;8.8510737e-02;3.7500000e+01;1.7575336e-01;3.7500000e+01;2.6043099e-01;3.7500000e+01;2.8690541e-01;3.7500000e+01;2.5489229e-01;3.7500000e+01;1.9561926e-01;3.7500000e+01;2.1863744e-01;3.7500000e+01;1.9382963e-01;3.7500000e+01;1.4854050e-01;3.7500000e+01;9.8809406e-02;3.7500000e+01;5.5278666e-02;3.7500000e+01;8.2607120e-03;3.7500000e+01;-3.4169771e-02;3.7500000e+01;-7.9662554e-02;3.7500000e+01;-1.2217682e-01;3.7500000e+01;-6.4618945e-02;3.7500000e+01;-3.1034514e-02;3.7500000e+01;2.2351071e-02;3.7500000e+01;8.8510737e-02;3.7500000e+01;1.7575336e-01;3.7500000e+01;2.6043099e-01;3.7500000e+01;2.8690541e-01;3.7500000e+01;2.5489229e-01;3.7500000e+01;1.9561926e-01;3.7500000e+01;2.1863744e-01;3.7500000e+01;1.9382963e-01;3.7500000e+01;1.4854050e-01;3.7500000e+01;9.8809406e-02;3.7500000e+01;5.5278666e-02;3.7500000e+01;8.2607120e-03;3.7500000e+01;-3.4169771e-02;3.7500000e+01;-7.9662554e-02;3.7500000e+01;-1.2217682e-01;3.7500000e+01;-6.4618945e-02;3.7500000e+01;-3.1034514e-02;3.7500000e+01;2.2351071e-02;3.7500000e+01;8.8510737e-02;3.7500000e+01;1.7575336e-01;3.7500000e+01;2.6043099e-01;3.7500000e+01;2.8690541e-01;3.7500000e+01;2.5489229e-01;3.7500000e+01;1.9561926e-01;3.7500000e+01;2.1863744e-01;3.7500000e+01;1.9382963e-01;3.7500000e+01;1.4854050e-01;3.7500000e+01;9.8809406e-02;3.7500000e+01;5.5278666e-02;3.7500000e+01;8.2607120e-03;3.7500000e+01;-3.4169771e-02;3.7500000e+01;-7.9662554e-02;3.7500000e+01;-1.2217682e-01;3.7500000e+01;-6.4618945e-02;3.7500000e+01;-3.1034514e-02;3.7500000e+01;2.2351071e-02;3.7500000e+01;8.8510737e-02;3.7500000e+01;1.7575336e-01;3.7500000e+01;2.6043099e-01;3.7500000e+01;2.8690541e-01;3.7500000e+01;2.5489229e-01;3.7500000e+01;1.9561926e-01;3.7500000e+01;2.1863744e-01;3.7500000e+01;1.9382963e-01;3.7500000e+01;1.4854050e-01;3.7500000e+01;9.8809406e-02;3.7500000e+01;5.5278666e-02;3.7500000e+01;8.2607120e-03;3.7500000e+01;-3.4169771e-02;3.7500000e+01;-7.9662554e-02;3.7500000e+01;-1.2217682e-01;3.7500000e+01;-6.4618945e-02;3.7500000e+01;-3.1034514e-02;3.7500000e+01;2.2351071e-02;3.7500000e+01;8.8510737e-02;3.7500000e+01;1.7575336e-01;3.7500000e+01;2.6043099e-01;3.7500000e+01;2.8690541e-01;3.7500000e+01;2.5489229e-01;3.7500000e+01;1.9561926e-01;3.7500000e+01;2.1863744e-01;3.7500000e+01;1.9382963e-01;3.7500000e+01;1.4854050e-01;3.7500000e+01;9.8809406e-02;3.7500000e+01;5.5278666e-02;3.7500000e+01;8.2607120e-03;3.7500000e+01;-3.4169771e-02;3.7500000e+01;-7.9662554e-02;3.7500000e+01;-1.2217682e-01;3.7500000e+01;-6.4618945e-02;3.7500000e+01;-3.1034514e-02;3.7500000e+01;2.2351071e-02;3.7500000e+01;8.8510737e-02;3.7500000e+01;1.7575336e-01;3.7500000e+01;2.6043099e-01;3.7500000e+01;2.8690541e-01;3.7500000e+01;2.5489229e-01;3.7500000e+01;1.9561926e-01;3.7500000e+01;2.1863744e-01;3.7500000e+01;1.9382963e-01;3.7500000e+01;1.4854050e-01;3.7500000e+01;9.8809406e-02;3.7500000e+01;5.5278666e-02;3.7500000e+01;8.2607120e-03;3.7500000e+01;-3.4169771e-02;3.7500000e+01;-7.9662554e-02;3.7500000e+01;-1.2217682e-01;3.7500000e+01;-6.4618945e-02;3.7500000e+01;-3.1034514e-02;3.7500000e+01;2.2351071e-02;3.7500000e+01;8.8510737e-02;3.7500000e+01;1.7575336e-01;3.7500000e+01;2.6043099e-01;3.7500000e+01;2.8690541e-01;3.7500000e+01;2.5489229e-01;3.7500000e+01;1.9561926e-01;3.7500000e+01;2.1863744e-01;3.7500000e+01;1.9382963e-01;3.7500000e+01;1.4854050e-01;3.7500000e+01;9.8809406e-02;3.7500000e+01;5.5278666e-02;3.7500000e+01;8.2607120e-03;3.7500000e+01;-3.4169771e-02;3.7500000e+01;-7.9662554e-02;3.7500000e+01;-1.2217682e-01;3.7500000e+01;-6.4618945e-02;3.7500000e+01;-3.1034514e-02;3.7500000e+01;2.2351071e-02;3.7500000e+01;8.8510737e-02;3.7500000e+01;1.7575336e-01;3.7500000e+01;2.6043099e-01;3.7500000e+01;2.8690541e-01;3.7500000e+01;2.5489229e-01;3.7500000e+01;1.9561926e-01;3.7500000e+01;2.1863744e-01;3.7500000e+01;1.9382963e-01;3.7500000e+01;1.4854050e-01;3.7500000e+01;9.8809406e-02;3.7500000e+01;5.5278666e-02;3.7500000e+01;8.2607120e-03;3.7500000e+01;-3.4169771e-02;3.7500000e+01;-7.9662554e-02;3.7500000e+01;-1.2217682e-01;3.7500000e+01;-6.4618945e-02;3.7500000e+01;-3.1034514e-02;3.7500000e+01;2.2351071e-02;3.7500000e+01;8.8510737e-02;3.7500000e+01;1.7575336e-01;3.7500000e+01;2.6043099e-01;3.7500000e+01;2.8690541e-01;3.7500000e+01;2.5489229e-01;3.7500000e+01;1.9561926e-01;3.7500000e+01;2.1863744e-01;3.7500000e+01;1.9382963e-01;3.7500000e+01;1.4854050e-01;3.7500000e+01;9.8809406e-02;3.7500000e+01;5.5278666e-02;3.7500000e+01;8.2607120e-03;3.7500000e+01;-3.4169771e-02;3.7500000e+01;-7.9662554e-02;3.7500000e+01;-1.2217682e-01;3.7500000e+01;-6.4618945e-02;3.7500000e+01;-3.1034514e-02;3.7500000e+01;2.2351071e-02;3.7500000e+01;8.8510737e-02;3.7500000e+01;1.7575336e-01;3.7500000e+01;2.6043099e-01;3.7500000e+01;2.8690541e-01;3.7500000e+01;2.5489229e-01;3.7500000e+01;1.9561926e-01;3.7500000e+01;2.1863744e-01;3.7500000e+01;1.9382963e-01;3.7500000e+01;1.4854050e-01;3.7500000e+01;9.8809406e-02;3.7500000e+01;5.5278666e-02;3.7500000e+01;8.2607120e-03;3.7500000e+01;-3.4169771e-02;3.7500000e+01;-7.9662554e-02;3.7500000e+01;-1.2217682e-01;3.7500000e+01;-6.4618945e-02;3.7500000e+01;-3.1034514e-02;3.7500000e+01;2.2351071e-02;3.7500000e+01;8.8510737e-02;3.7500000e+01;1.7575336e-01;3.7500000e+01;2.6043099e-01;3.7500000e+01;2.8690541e-01;3.7500000e+01;2.5489229e-01;3.7500000e+01;1.9561926e-01;3.7500000e+01;2.1863744e-01;3.7500000e+01;1.9382963e-01;3.7500000e+01;1.4854050e-01;3.7500000e+01;9.8809406e-02;3.7500000e+01;5.5278666e-02;3.7500000e+01;8.2607120e-03;3.7500000e+01;-3.4169771e-02;3.7500000e+01;-7.9662554e-02;3.7500000e+01;-1.2217682e-01;3.7500000e+01;-6.4618945e-02;3.7500000e+01;-3.1034514e-02;3.7500000e+01;2.2351071e-02;3.7500000e+01;8.8510737e-02;3.7500000e+01;1.7575336e-01;3.7500000e+01;2.6043099e-01;3.7500000e+01;2.8690541e-01;3.7500000e+01;2.5489229e-01;3.7500000e+01;1.9561926e-01;3.7500000e+01;2.1863744e-01;3.7500000e+01;1.9382963e-01;3.7500000e+01;1.4854050e-01;3.7500000e+01;9.8809406e-02;3.7500000e+01;5.5278666e-02;3.7500000e+01;8.2607120e-03;3.7500000e+01;-3.4169771e-02;3.7500000e+01;-7.9662554e-02;3.7500000e+01;-1.2217682e-01;3.7500000e+01;-6.4618945e-02;3.7500000e+01;-3.1034514e-02;3.7500000e+01;2.2351071e-02;3.7500000e+01;8.8510737e-02;3.7500000e+01;1.7575336e-01;3.7500000e+01;2.6043099e-01;3.7500000e+01;2.8690541e-01;3.7500000e+01;2.5489229e-01;3.7500000e+01;1.9561926e-01;3.7500000e+01;2.1863744e-01;3.7500000e+01;1.9382963e-01;3.7500000e+01;1.4854050e-01;3.7500000e+01;9.8809406e-02;3.7500000e+01;5.5278666e-02;3.7500000e+01;8.2607120e-03;3.7500000e+01;-3.4169771e-02;3.7500000e+01;-7.9662554e-02;3.7500000e+01;-1.2217682e-01;3.7500000e+01;-6.4618945e-02;3.7500000e+01;-3.1034514e-02;3.7500000e+01;2.2351071e-02;3.7500000e+01;8.8510737e-02;3.7500000e+01;1.7575336e-01;3.7500000e+01;2.6043099e-01;3.7500000e+01;2.8690541e-01;3.7500000e+01;2.5489229e-01;3.7500000e+01;1.9561926e-01;3.7500000e+01;2.1863744e-01;3.7500000e+01;1.9382963e-01;3.7500000e+01;1.4854050e-01;3.7500000e+01;9.8809406e-02;3.7500000e+01;5.5278666e-02;3.7500000e+01;8.2607120e-03;3.7500000e+01;-3.4169771e-02;3.7500000e+01;-7.9662554e-02;3.7500000e+01;-1.2217682e-01;3.7500000e+01;-6.4618945e-02;3.7500000e+01;-3.1034514e-02;3.7500000e+01;2.2351071e-02;3.7500000e+01;8.8510737e-02;3.7500000e+01;1.7575336e-01;3.7500000e+01;2.6043099e-01;3.7500000e+01;2.8690541e-01;3.7500000e+01;2.5489229e-01;3.7500000e+01;1.9561926e-01;3.7500000e+01;2.1863744e-01;3.7500000e+01;1.9382963e-01;3.7500000e+01;1.4854050e-01;3.7500000e+01;9.8809406e-02;3.7500000e+01;5.5278666e-02;3.7500000e+01;8.2607120e-03;3.7500000e+01;-3.4169771e-02;3.7500000e+01;-7.9662554e-02;3.7500000e+01;-1.2217682e-01;3.7500000e+01;-6.4618945e-02;3.7500000e+01;-3.1034514e-02;3.7500000e+01;2.2351071e-02;3.7500000e+01;8.8510737e-02;3.7500000e+01;1.7575336e-01;3.7500000e+01;2.6043099e-01;3.7500000e+01;2.8690541e-01;3.7500000e+01;2.5489229e-01;3.7500000e+01;1.9561926e-01;3.7500000e+01;2.1863744e-01;3.7500000e+01;1.9382963e-01;3.7500000e+01;1.4854050e-01;3.7500000e+01;9.8809406e-02;3.7500000e+01;5.5278666e-02;3.7500000e+01;8.2607120e-03;3.7500000e+01;-3.4169771e-02;3.7500000e+01;-7.9662554e-02;3.7500000e+01;-1.2217682e-01;3.7500000e+01;-6.4618945e-02;3.7500000e+01;-3.1034514e-02;3.7500000e+01;2.2351071e-02;3.7500000e+01;8.8510737e-02;3.7500000e+01;1.7575336e-01;3.7500000e+01;2.6043099e-01;3.7500000e+01;2.8690541e-01;3.7500000e+01;2.5489229e-01;3.7500000e+01;1.9561926e-01;3.7500000e+01;2.1863744e-01;3.7500000e+01;1.9382963e-01;3.7500000e+01;1.4854050e-01;3.7500000e+01;9.8809406e-02;3.7500000e+01;5.5278666e-02;3.7500000e+01;8.2607120e-03;3.7500000e+01;-3.4169771e-02;3.7500000e+01;-7.9662554e-02;3.7500000e+01;-1.2217682e-01;3.7500000e+01;-6.4618945e-02;3.7500000e+01;-3.1034514e-02;3.7500000e+01;2.2351071e-02;3.7500000e+01;8.8510737e-02;3.7500000e+01;1.7575336e-01;3.7500000e+01;2.6043099e-01;3.7500000e+01;2.8690541e-01;3.7500000e+01;2.5489229e-01;3.7500000e+01;1.9561926e-01;3.7500000e+01;2.1863744e-01;3.7500000e+01;1.9382963e-01;3.7500000e+01;1.4854050e-01;3.7500000e+01;9.8809406e-02;3.7500000e+01;5.5278666e-02;3.7500000e+01;8.2607120e-03;3.7500000e+01;-3.4169771e-02;3.7500000e+01;-7.9662554e-02;3.7500000e+01;-1.2217682e-01;3.7500000e+01;-6.4618945e-02;3.7500000e+01;-3.1034514e-02;3.7500000e+01;2.2351071e-02;3.7500000e+01;8.8510737e-02;3.7500000e+01;1.7575336e-01;3.7500000e+01;2.6043099e-01;3.7500000e+01;2.8690541e-01;3.7500000e+01;2.5489229e-01;3.7500000e+01;1.9561926e-01;3.7500000e+01;2.1863744e-01;3.7500000e+01;1.9382963e-01;3.7500000e+01;1.4854050e-01;3.7500000e+01;9.8809406e-02;3.7500000e+01;5.5278666e-02;3.7500000e+01;8.2607120e-03;3.7500000e+01;-3.4169771e-02;3.7500000e+01;-7.9662554e-02;3.7500000e+01;-1.2217682e-01;3.7500000e+01;-6.4618945e-02;3.7500000e+01;-3.1034514e-02;3.7500000e+01;2.2351071e-02;3.7500000e+01;8.8510737e-02;3.7500000e+01;1.7575336e-01;3.7500000e+01;2.6043099e-01;3.7500000e+01;2.8690541e-01;3.7500000e+01;2.5489229e-01;3.7500000e+01;1.9561926e-01;3.7500000e+01;2.1863744e-01;3.7500000e+01;1.9382963e-01;3.7500000e+01;1.4854050e-01;3.7500000e+01;9.8809406e-02;3.7500000e+01;5.5278666e-02;3.7500000e+01;8.2607120e-03;3.7500000e+01;-3.4169771e-02;3.7500000e+01;-7.9662554e-02;3.7500000e+01;-1.2217682e-01;3.7500000e+01;-6.4618945e-02;3.7500000e+01;-3.1034514e-02;3.7500000e+01;2.2351071e-02;3.7500000e+01;8.8510737e-02;3.7500000e+01;1.7575336e-01;3.7500000e+01;2.6043099e-01;3.7500000e+01;2.8690541e-01;3.7500000e+01;2.5489229e-01;3.7500000e+01;1.9561926e-01;3.7500000e+01;2.1863744e-01;3.7500000e+01;1.9382963e-01;3.7500000e+01;1.4854050e-01;3.7500000e+01;9.8809406e-02;3.7500000e+01;5.5278666e-02;3.7500000e+01;8.2607120e-03;3.7500000e+01;-3.4169771e-02;3.7500000e+01;-7.9662554e-02;3.7500000e+01;-1.2217682e-01;3.7500000e+01;-6.4618945e-02;3.7500000e+01;-3.1034514e-02;3.7500000e+01;2.2351071e-02;3.7500000e+01;8.8510737e-02;3.7500000e+01;1.7575336e-01;3.7500000e+01;2.6043099e-01;3.7500000e+01;2.8690541e-01;3.7500000e+01;2.5489229e-01;3.7500000e+01;1.9561926e-01;3.7500000e+01;2.1863744e-01;3.7500000e+01;1.9382963e-01;3.7500000e+01;1.4854050e-01;3.7500000e+01;9.8809406e-02;3.7500000e+01;5.5278666e-02;3.7500000e+01;8.2607120e-03;3.7500000e+01;-3.4169771e-02;3.7500000e+01;-7.9662554e-02;3.7500000e+01;-1.2217682e-01;3.7500000e+01;-6.4618945e-02;3.7500000e+01;-3.1034514e-02;3.7500000e+01;2.2351071e-02;3.7500000e+01;8.8510737e-02;3.7500000e+01;1.7575336e-01;3.7500000e+01;2.6043099e-01;3.7500000e+01;2.8690541e-01;3.7500000e+01;2.5489229e-01;3.7500000e+01;1.9561926e-01;3.7500000e+01;2.1863744e-01;3.7500000e+01;1.9382963e-01;3.7500000e+01;1.4854050e-01;3.7500000e+01;9.8809406e-02;3.7500000e+01;5.5278666e-02;3.7500000e+01;8.2607120e-03;3.7500000e+01;-3.4169771e-02;3.7500000e+01;-7.9662554e-02;3.7500000e+01;-1.2217682e-01;3.7500000e+01;-6.4618945e-02;3.7500000e+01;-3.1034514e-02;3.7500000e+01;2.2351071e-02;3.7500000e+01;8.8510737e-02;3.7500000e+01;1.7575336e-01;3.7500000e+01;2.6043099e-01;3.7500000e+01;2.8690541e-01;3.7500000e+01;2.5489229e-01;3.7500000e+01;1.9561926e-01;3.7500000e+01;2.1863744e-01;3.7500000e+01;1.9382963e-01;3.7500000e+01;1.4854050e-01;3.7500000e+01;9.8809406e-02;3.7500000e+01;5.5278666e-02;3.7500000e+01;8.2607120e-03;3.7500000e+01;-3.4169771e-02;3.7500000e+01;-7.9662554e-02;3.7500000e+01;-1.2217682e-01;3.7500000e+01;-6.4618945e-02;3.7500000e+01;-3.1034514e-02;3.7500000e+01;2.2351071e-02;3.7500000e+01;8.8510737e-02;3.7500000e+01;1.7575336e-01;3.7500000e+01;2.6043099e-01;3.7500000e+01;2.8690541e-01;3.7500000e+01;2.5489229e-01;3.7500000e+01;1.9561926e-01;3.7500000e+01;2.1863744e-01;3.7500000e+01;1.9382963e-01;3.7500000e+01;1.4854050e-01;3.7500000e+01;9.8809406e-02;3.7500000e+01;5.5278666e-02;3.7500000e+01;8.2607120e-03;3.7500000e+01;-3.4169771e-02;3.7500000e+01;-7.9662554e-02;3.7500000e+01;-1.2217682e-01;3.7500000e+01;-6.4618945e-02;3.7500000e+01;-3.1034514e-02;3.7500000e+01;2.2351071e-02;3.7500000e+01;8.8510737e-02;3.7500000e+01;1.7575336e-01;3.7500000e+01;2.6043099e-01;3.7500000e+01;2.8690541e-01;3.7500000e+01;2.5489229e-01;3.7500000e+01;1.9561926e-01;3.7500000e+01;2.1863744e-01;3.7500000e+01;1.9382963e-01;3.7500000e+01;1.4854050e-01;3.7500000e+01;9.8809406e-02;3.7500000e+01;5.5278666e-02;3.7500000e+01;8.2607120e-03;3.7500000e+01;-3.4169771e-02;3.7500000e+01;-7.9662554e-02;3.7500000e+01;-1.2217682e-01;3.7500000e+01;-6.4618945e-02;3.7500000e+01;-3.1034514e-02;3.7500000e+01;2.2351071e-02;3.7500000e+01;8.8510737e-02;3.7500000e+01;1.7575336e-01;3.7500000e+01;2.6043099e-01;3.7500000e+01;2.8690541e-01;3.7500000e+01;2.5489229e-01;3.7500000e+01;1.9561926e-01;3.7500000e+01;2.1863744e-01;3.7500000e+01;1.9382963e-01;3.7500000e+01;1.4854050e-01;3.7500000e+01;9.8809406e-02;3.7500000e+01;5.5278666e-02;3.7500000e+01;8.2607120e-03;3.7500000e+01;-3.4169771e-02;3.7500000e+01;-7.9662554e-02;3.7500000e+01;-1.2217682e-01;3.7500000e+01;-6.4618945e-02;3.7500000e+01;-3.1034514e-02;3.7500000e+01;2.2351071e-02;3.7500000e+01;8.8510737e-02;3.7500000e+01;1.7575336e-01;3.7500000e+01;2.6043099e-01;3.7500000e+01;2.8690541e-01;3.7500000e+01;2.5489229e-01;3.7500000e+01;1.9561926e-01;3.7500000e+01;2.1863744e-01;3.7500000e+01;1.9382963e-01;3.7500000e+01;1.4854050e-01;3.7500000e+01;9.8809406e-02;3.7500000e+01;5.5278666e-02;3.7500000e+01;8.2607120e-03;3.7500000e+01;-3.4169771e-02;3.7500000e+01;-7.9662554e-02;3.7500000e+01;-1.2217682e-01;3.7500000e+01;-6.4618945e-02;3.7500000e+01;-3.1034514e-02;3.7500000e+01;2.2351071e-02;3.7500000e+01;8.8510737e-02;3.7500000e+01;1.7575336e-01;3.7500000e+01;2.6043099e-01;3.7500000e+01;2.8690541e-01;3.7500000e+01;2.5489229e-01;3.7500000e+01;1.9561926e-01;3.7500000e+01;2.1863744e-01;3.7500000e+01;1.9382963e-01;3.7500000e+01;1.4854050e-01;3.7500000e+01;9.8809406e-02;3.7500000e+01;5.5278666e-02;3.7500000e+01;8.2607120e-03;3.7500000e+01;-3.4169771e-02;3.7500000e+01;-7.9662554e-02;3.7500000e+01;-1.2217682e-01;3.7500000e+01;-6.4618945e-02;3.7500000e+01;-3.1034514e-02;3.7500000e+01;2.2351071e-02;3.7500000e+01;8.8510737e-02;3.7500000e+01;1.7575336e-01;3.7500000e+01;2.6043099e-01;3.7500000e+01;2.8690541e-01;3.7500000e+01;2.5489229e-01;3.7500000e+01;1.9561926e-01;3.7500000e+01;2.1863744e-01;3.7500000e+01;1.9382963e-01;3.7500000e+01;1.4854050e-01;3.7500000e+01;9.8809406e-02;3.7500000e+01;5.5278666e-02;3.7500000e+01;8.2607120e-03;3.7500000e+01;-3.4169771e-02;3.7500000e+01;-7.9662554e-02;3.7500000e+01;-1.2217682e-01;3.7500000e+01;-6.4618945e-02;3.7500000e+01;-3.1034514e-02;3.7500000e+01;2.2351071e-02;3.7500000e+01;8.8510737e-02;3.7500000e+01;1.7575336e-01;3.7500000e+01;2.6043099e-01;3.7500000e+01;2.8690541e-01;3.7500000e+01;2.5489229e-01;3.7500000e+01;1.9561926e-01;3.7500000e+01;2.1863744e-01;3.7500000e+01;1.9382963e-01;3.7500000e+01;1.4854050e-01;3.7500000e+01;9.8809406e-02;3.7500000e+01;5.5278666e-02;3.7500000e+01;8.2607120e-03;3.7500000e+01;-3.4169771e-02;3.7500000e+01;-7.9662554e-02;3.7500000e+01;-1.2217682e-01;3.7500000e+01;-6.4618945e-02;3.7500000e+01;-3.1034514e-02;3.7500000e+01;2.2351071e-02;3.7500000e+01;8.8510737e-02;3.7500000e+01;1.7575336e-01;3.7500000e+01;2.6043099e-01;3.7500000e+01;2.8690541e-01;3.7500000e+01;2.5489229e-01;3.7500000e+01;1.9561926e-01;3.7500000e+01;2.1863744e-01;3.7500000e+01;1.9382963e-01;3.7500000e+01;1.4854050e-01;3.7500000e+01;9.8809406e-02;3.7500000e+01;5.5278666e-02;3.7500000e+01;8.2607120e-03;3.7500000e+01;-3.4169771e-02;3.7500000e+01;-7.9662554e-02;3.7500000e+01;-1.2217682e-01;3.7500000e+01;-6.4618945e-02;3.7500000e+01;-3.1034514e-02;3.7500000e+01;2.2351071e-02;3.7500000e+01;8.8510737e-02;3.7500000e+01;1.7575336e-01;3.7500000e+01;2.6043099e-01;3.7500000e+01;2.8690541e-01;3.7500000e+01;2.5489229e-01;3.7500000e+01;1.9561926e-01;3.7500000e+01;2.1863744e-01;3.7500000e+01;1.9382963e-01;3.7500000e+01;1.4854050e-01;3.7500000e+01;9.8809406e-02;3.7500000e+01;5.5278666e-02;3.7500000e+01;8.2607120e-03;3.7500000e+01;-3.4169771e-02;3.7500000e+01;-7.9662554e-02;3.7500000e+01;-1.2217682e-01;3.7500000e+01;-6.4618945e-02;3.7500000e+01;-3.1034514e-02;3.7500000e+01;2.2351071e-02;3.7500000e+01;8.8510737e-02;3.7500000e+01;1.7575336e-01;3.7500000e+01;2.6043099e-01;3.7500000e+01;2.8690541e-01;3.7500000e+01;2.5489229e-01;3.7500000e+01;1.9561926e-01;3.7500000e+01;2.1863744e-01;3.7500000e+01;1.9382963e-01;3.7500000e+01;1.4854050e-01;3.7500000e+01;9.8809406e-02;3.7500000e+01;5.5278666e-02;3.7500000e+01;8.2607120e-03;3.7500000e+01;-3.4169771e-02;3.7500000e+01;-7.9662554e-02;3.7500000e+01;-1.2217682e-01;3.7500000e+01;-6.4618945e-02;3.7500000e+01;-3.1034514e-02;3.7500000e+01;2.2351071e-02;3.7500000e+01;8.8510737e-02;3.7500000e+01;1.7575336e-01;3.7500000e+01;2.6043099e-01;3.7500000e+01;2.8690541e-01;3.7500000e+01;2.5489229e-01;3.7500000e+01;1.9561926e-01;3.7500000e+01;2.1863744e-01;3.7500000e+01;1.9382963e-01;3.7500000e+01;1.4854050e-01;3.7500000e+01;9.8809406e-02;3.7500000e+01;5.5278666e-02;3.7500000e+01;8.2607120e-03;3.7500000e+01;-3.4169771e-02;3.7500000e+01;-7.9662554e-02;3.7500000e+01;-1.2217682e-01;3.7500000e+01;-6.4618945e-02;3.7500000e+01;-3.1034514e-02;3.7500000e+01;2.2351071e-02;3.7500000e+01;8.8510737e-02;3.7500000e+01;1.7575336e-01;3.7500000e+01;2.6043099e-01;3.7500000e+01;2.8690541e-01;3.7500000e+01;2.5489229e-01;3.7500000e+01;1.9561926e-01;3.7500000e+01;2.1863744e-01;3.7500000e+01;1.9382963e-01;3.7500000e+01;1.4854050e-01;3.7500000e+01;9.8809406e-02;3.7500000e+01;5.5278666e-02;3.7500000e+01;8.2607120e-03;3.7500000e+01;-3.4169771e-02;3.7500000e+01;-7.9662554e-02;3.7500000e+01;-1.2217682e-01;3.7500000e+01;-6.4618945e-02;3.7500000e+01;-3.1034514e-02;3.7500000e+01;2.2351071e-02;3.7500000e+01;8.8510737e-02;3.7500000e+01;1.7575336e-01;3.7500000e+01;2.6043099e-01;3.7500000e+01;2.8690541e-01;3.7500000e+01;2.5489229e-01;3.7500000e+01;1.9561926e-01;3.7500000e+01;2.1863744e-01;3.7500000e+01;1.9382963e-01;3.7500000e+01;1.4854050e-01;3.7500000e+01;9.8809406e-02;3.7500000e+01;5.5278666e-02;3.7500000e+01;8.2607120e-03;3.7500000e+01;-3.4169771e-02;3.7500000e+01;-7.9662554e-02;3.7500000e+01;-1.2217682e-01;3.7500000e+01;-6.4618945e-02;3.7500000e+01;-3.1034514e-02;3.7500000e+01;2.2351071e-02;3.7500000e+01;8.8510737e-02;3.7500000e+01;1.7575336e-01;3.7500000e+01;2.6043099e-01;3.7500000e+01;2.8690541e-01;3.7500000e+01;2.5489229e-01;3.7500000e+01;1.9561926e-01;3.7500000e+01;2.1863744e-01;3.7500000e+01;1.9382963e-01;3.7500000e+01;1.4854050e-01;3.7500000e+01;9.8809406e-02;3.7500000e+01;5.5278666e-02;3.7500000e+01;8.2607120e-03;3.7500000e+01;-3.4169771e-02;3.7500000e+01;-7.9662554e-02;3.7500000e+01;-1.2217682e-01;3.7500000e+01;-6.4618945e-02;3.7500000e+01;-3.1034514e-02;3.7500000e+01;2.2351071e-02;3.7500000e+01;8.8510737e-02;3.7500000e+01;1.7575336e-01;3.7500000e+01;2.6043099e-01;3.7500000e+01;2.8690541e-01;3.7500000e+01;2.5489229e-01;3.7500000e+01;1.9561926e-01;3.7500000e+01;2.1863744e-01;3.7500000e+01;1.9382963e-01;3.7500000e+01;1.4854050e-01;3.7500000e+01;9.8809406e-02;3.7500000e+01;5.5278666e-02;3.7500000e+01;8.2607120e-03;3.7500000e+01;-3.4169771e-02;3.7500000e+01;-7.9662554e-02;3.7500000e+01;-1.2217682e-01;3.7500000e+01;-6.4618945e-02;3.7500000e+01;-3.1034514e-02;3.7500000e+01;2.2351071e-02;3.7500000e+01;8.8510737e-02;3.7500000e+01;1.7575336e-01;3.7500000e+01;2.6043099e-01;3.7500000e+01;2.8690541e-01;3.7500000e+01;2.5489229e-01;3.7500000e+01;1.9561926e-01;3.7500000e+01;2.1863744e-01;3.7500000e+01;1.9382963e-01;3.7500000e+01;1.4854050e-01;3.7500000e+01;9.8809406e-02;3.7500000e+01;5.5278666e-02;3.7500000e+01;8.2607120e-03;3.7500000e+01;-3.4169771e-02;3.7500000e+01;-7.9662554e-02;3.7500000e+01;-1.2217682e-01;3.7500000e+01;-6.4618945e-02;3.7500000e+01;-3.1034514e-02;3.7500000e+01;2.2351071e-02;3.7500000e+01;8.8510737e-02;3.7500000e+01;1.7575336e-01;3.7500000e+01;2.6043099e-01;3.7500000e+01;2.8690541e-01;3.7500000e+01;2.5489229e-01;3.7500000e+01;1.9561926e-01;3.7500000e+01;2.1863744e-01;3.7500000e+01;1.9382963e-01;3.7500000e+01;1.4854050e-01;3.7500000e+01;9.8809406e-02;3.7500000e+01;5.5278666e-02;3.7500000e+01;8.2607120e-03;3.7500000e+01;-3.4169771e-02;3.7500000e+01;-7.9662554e-02;3.7500000e+01;-1.2217682e-01;3.7500000e+01;-6.4618945e-02;3.7500000e+01;-3.1034514e-02;3.7500000e+01;2.2351071e-02;3.7500000e+01;8.8510737e-02;3.7500000e+01;1.7575336e-01;3.7500000e+01;2.6043099e-01;3.7500000e+01;2.8690541e-01;3.7500000e+01;2.5489229e-01;3.7500000e+01;1.9561926e-01;3.7500000e+01;2.1863744e-01;3.7500000e+01;1.9382963e-01;3.7500000e+01;1.4854050e-01;3.7500000e+01;9.8809406e-02;3.7500000e+01;5.5278666e-02;3.7500000e+01;8.2607120e-03;3.7500000e+01;-3.4169771e-02;3.7500000e+01;-7.9662554e-02;3.7500000e+01;-1.2217682e-01;3.7500000e+01;-6.4618945e-02;3.7500000e+01;-3.1034514e-02;3.7500000e+01;2.2351071e-02;3.7500000e+01;8.8510737e-02;3.7500000e+01;1.7575336e-01;3.7500000e+01;2.6043099e-01;3.7500000e+01;2.8690541e-01;3.7500000e+01;2.5489229e-01;3.7500000e+01;1.9561926e-01;3.7500000e+01;2.1863744e-01;3.7500000e+01;1.9382963e-01;3.7500000e+01;1.4854050e-01;3.7500000e+01;9.8809406e-02;3.7500000e+01;5.5278666e-02;3.7500000e+01;8.2607120e-03;3.7500000e+01;-3.4169771e-02;3.7500000e+01;-7.9662554e-02;3.7500000e+01;-1.2217682e-01;3.7500000e+01;-6.4618945e-02;3.7500000e+01;-3.1034514e-02;3.7500000e+01;2.2351071e-02;3.7500000e+01;8.8510737e-02;3.7500000e+01;1.7575336e-01;3.7500000e+01;2.6043099e-01;3.7500000e+01;2.8690541e-01;3.7500000e+01;2.5489229e-01;3.7500000e+01;1.9561926e-01;3.7500000e+01;2.1863744e-01;3.7500000e+01;1.9382963e-01;3.7500000e+01;1.4854050e-01;3.7500000e+01;9.8809406e-02;3.7500000e+01;5.5278666e-02;3.7500000e+01;8.2607120e-03;3.7500000e+01;-3.4169771e-02;3.7500000e+01;-7.9662554e-02;3.7500000e+01;-1.2217682e-01;3.7500000e+01;-6.4618945e-02;3.7500000e+01;-3.1034514e-02;3.7500000e+01;2.2351071e-02;3.7500000e+01;8.8510737e-02;3.7500000e+01;1.7575336e-01;3.7500000e+01;2.6043099e-01;3.7500000e+01;2.8690541e-01;3.7500000e+01;2.5489229e-01;3.7500000e+01;1.9561926e-01;3.7500000e+01;2.1863744e-01;3.7500000e+01;1.9382963e-01;3.7500000e+01;1.4854050e-01;3.7500000e+01;9.8809406e-02;3.7500000e+01;5.5278666e-02;3.7500000e+01;8.2607120e-03;3.7500000e+01;-3.4169771e-02;3.7500000e+01;-7.9662554e-02;3.7500000e+01;-1.2217682e-01;3.7500000e+01;-6.4618945e-02;3.7500000e+01;-3.1034514e-02;3.7500000e+01;2.2351071e-02;3.7500000e+01;8.8510737e-02;3.7500000e+01;1.7575336e-01;3.7500000e+01;2.6043099e-01;3.7500000e+01;2.8690541e-01;3.7500000e+01;2.5489229e-01;3.7500000e+01;1.9561926e-01;3.7500000e+01;2.1863744e-01;3.7500000e+01;1.9382963e-01;3.7500000e+01;1.4854050e-01;3.7500000e+01;9.8809406e-02;3.7500000e+01;5.5278666e-02;3.7500000e+01;8.2607120e-03;3.7500000e+01;-3.4169771e-02;3.7500000e+01;-7.9662554e-02;3.7500000e+01;-1.2217682e-01;3.7500000e+01;-6.4618945e-02;3.7500000e+01;-3.1034514e-02;3.7500000e+01;2.2351071e-02;3.7500000e+01;8.8510737e-02;3.7500000e+01;1.7575336e-01;3.7500000e+01;2.6043099e-01;3.7500000e+01;2.8690541e-01;3.7500000e+01;2.5489229e-01;3.7500000e+01;1.9561926e-01;3.7500000e+01;2.1863744e-01;3.7500000e+01;1.9382963e-01;3.7500000e+01;1.4854050e-01;3.7500000e+01;9.8809406e-02;3.7500000e+01;5.5278666e-02;3.7500000e+01;8.2607120e-03;3.7500000e+01;-3.4169771e-02;3.7500000e+01;-7.9662554e-02;3.7500000e+01;-1.2217682e-01;3.7500000e+01;-6.4618945e-02;3.7500000e+01;-3.1034514e-02;3.7500000e+01;2.2351071e-02;3.7500000e+01;8.8510737e-02;3.7500000e+01;1.7575336e-01;3.7500000e+01;2.6043099e-01;3.7500000e+01;2.8690541e-01;3.7500000e+01;2.5489229e-01;3.7500000e+01;1.9561926e-01;3.7500000e+01;2.1863744e-01;3.7500000e+01;1.9382963e-01;3.7500000e+01;1.4854050e-01;3.7500000e+01;9.8809406e-02;3.7500000e+01;5.5278666e-02;3.7500000e+01;8.2607120e-03;3.7500000e+01;-3.4169771e-02;3.7500000e+01;-7.9662554e-02;3.7500000e+01;-1.2217682e-01;3.7500000e+01;-6.4618945e-02;3.7500000e+01;-3.1034514e-02;3.7500000e+01;2.2351071e-02;3.7500000e+01;8.8510737e-02;3.7500000e+01;1.7575336e-01;3.7500000e+01;2.6043099e-01;3.7500000e+01;2.8690541e-01;3.7500000e+01;2.5489229e-01;3.7500000e+01;1.9561926e-01;3.7500000e+01;2.1863744e-01;3.7500000e+01;1.9382963e-01;3.7500000e+01;1.4854050e-01;3.7500000e+01;9.8809406e-02;3.7500000e+01;5.5278666e-02;3.7500000e+01;8.2607120e-03;3.7500000e+01;-3.4169771e-02;3.7500000e+01;-7.9662554e-02;3.7500000e+01;-1.2217682e-01;3.7500000e+01;-6.4618945e-02;3.7500000e+01;-3.1034514e-02;3.7500000e+01;2.2351071e-02;3.7500000e+01;8.8510737e-02;3.7500000e+01;1.7575336e-01;3.7500000e+01;2.6043099e-01;3.7500000e+01;2.8690541e-01;3.7500000e+01;2.5489229e-01;3.7500000e+01;1.9561926e-01;3.7500000e+01;2.1863744e-01;3.7500000e+01;1.9382963e-01;3.7500000e+01;1.4854050e-01;3.7500000e+01;9.8809406e-02;3.7500000e+01;5.5278666e-02;3.7500000e+01;8.2607120e-03;3.7500000e+01;-3.4169771e-02;3.7500000e+01;-7.9662554e-02;3.7500000e+01;-1.2217682e-01;3.7500000e+01;-6.4618945e-02;3.7500000e+01;-3.1034514e-02;3.7500000e+01;2.2351071e-02;3.7500000e+01;8.8510737e-02;3.7500000e+01;1.7575336e-01;3.7500000e+01;2.6043099e-01;3.7500000e+01;2.8690541e-01;3.7500000e+01;2.5489229e-01;3.7500000e+01;1.9561926e-01;3.7500000e+01;2.1863744e-01;3.7500000e+01;1.9382963e-01;3.7500000e+01;1.4854050e-01;3.7500000e+01;9.8809406e-02;3.7500000e+01;5.5278666e-02;3.7500000e+01;8.2607120e-03;3.7500000e+01;-3.4169771e-02;3.7500000e+01;-7.9662554e-02;3.7500000e+01;-1.2217682e-01;3.7500000e+01;-6.4618945e-02;3.7500000e+01;-3.1034514e-02;3.7500000e+01;2.2351071e-02;3.7500000e+01;8.8510737e-02;3.7500000e+01;1.7575336e-01;3.7500000e+01;2.6043099e-01;3.7500000e+01;2.8690541e-01;3.7500000e+01;2.5489229e-01;3.7500000e+01;1.9561926e-01;3.7500000e+01;2.1863744e-01;3.7500000e+01;1.9382963e-01;3.7500000e+01;1.4854050e-01;3.7500000e+01;9.8809406e-02;3.7500000e+01;5.5278666e-02;3.7500000e+01;8.2607120e-03;3.7500000e+01;-3.4169771e-02;3.7500000e+01;-7.9662554e-02;3.7500000e+01;-1.2217682e-01;3.7500000e+01;-6.4618945e-02;3.7500000e+01;-3.1034514e-02;3.7500000e+01;2.2351071e-02;3.7500000e+01;8.8510737e-02;3.7500000e+01;1.7575336e-01;3.7500000e+01;2.6043099e-01;3.7500000e+01;2.8690541e-01;3.7500000e+01;2.5489229e-01;3.7500000e+01;1.9561926e-01;3.7500000e+01;2.1863744e-01;3.7500000e+01;1.9382963e-01;3.7500000e+01;1.4854050e-01;3.7500000e+01;9.8809406e-02;3.7500000e+01;5.5278666e-02;3.7500000e+01;8.2607120e-03;3.7500000e+01;-3.4169771e-02;3.7500000e+01;-7.9662554e-02;3.7500000e+01;-1.2217682e-01;3.7500000e+01;-6.4618945e-02;3.7500000e+01;-3.1034514e-02;3.7500000e+01;2.2351071e-02;3.7500000e+01;8.8510737e-02;3.7500000e+01;1.7575336e-01;3.7500000e+01;2.6043099e-01;3.7500000e+01;2.8690541e-01;3.7500000e+01;2.5489229e-01;3.7500000e+01;1.9561926e-01;3.7500000e+01;2.1863744e-01;3.7500000e+01;1.9382963e-01;3.7500000e+01;1.4854050e-01;3.7500000e+01;9.8809406e-02;3.7500000e+01;5.5278666e-02;3.7500000e+01;8.2607120e-03;3.7500000e+01;-3.4169771e-02;3.7500000e+01;-7.9662554e-02;3.7500000e+01;-1.2217682e-01;3.7500000e+01;-6.4618945e-02;3.7500000e+01;-3.1034514e-02;3.7500000e+01;2.2351071e-02;3.7500000e+01;8.8510737e-02;3.7500000e+01;1.7575336e-01;3.7500000e+01;2.6043099e-01;3.7500000e+01;2.8690541e-01;3.7500000e+01;2.5489229e-01;3.7500000e+01;1.9561926e-01;3.7500000e+01;2.1863744e-01;3.7500000e+01;1.9382963e-01;3.7500000e+01;1.4854050e-01;3.7500000e+01;9.8809406e-02;3.7500000e+01;5.5278666e-02;3.7500000e+01;8.2607120e-03;3.7500000e+01;-3.4169771e-02;3.7500000e+01;-7.9662554e-02;3.7500000e+01;-1.2217682e-01;3.7500000e+01;-6.4618945e-02;3.7500000e+01;-3.1034514e-02;3.7500000e+01;2.2351071e-02;3.7500000e+01;8.8510737e-02;3.7500000e+01;1.7575336e-01;3.7500000e+01;2.6043099e-01;3.7500000e+01;2.8690541e-01;3.7500000e+01;2.5489229e-01;3.7500000e+01;1.9561926e-01;3.7500000e+01;2.1863744e-01;3.7500000e+01;1.9382963e-01;3.7500000e+01;1.4854050e-01;3.7500000e+01;9.8809406e-02;3.7500000e+01;5.5278666e-02;3.7500000e+01;8.2607120e-03;3.7500000e+01;-3.4169771e-02;3.7500000e+01;-7.9662554e-02;3.7500000e+01;-1.2217682e-01;3.7500000e+01;-6.4618945e-02;3.7500000e+01;-3.1034514e-02;3.7500000e+01;2.2351071e-02;3.7500000e+01;8.8510737e-02;3.7500000e+01;1.7575336e-01;3.7500000e+01;2.6043099e-01;3.7500000e+01;2.8690541e-01;3.7500000e+01;2.5489229e-01;3.7500000e+01;1.9561926e-01;3.7500000e+01;2.1863744e-01;3.7500000e+01;1.9382963e-01;3.7500000e+01;1.4854050e-01;3.7500000e+01;9.8809406e-02;3.7500000e+01;5.5278666e-02;3.7500000e+01;8.2607120e-03;3.7500000e+01;-3.4169771e-02;3.7500000e+01;-7.9662554e-02;3.7500000e+01;-1.2217682e-01;3.7500000e+01;-6.4618945e-02;3.7500000e+01;-3.1034514e-02;3.7500000e+01;2.2351071e-02;3.7500000e+01;8.8510737e-02;3.7500000e+01;1.7575336e-01;3.7500000e+01;2.6043099e-01;3.7500000e+01;2.8690541e-01;3.7500000e+01;2.5489229e-01;3.7500000e+01;1.9561926e-01;3.7500000e+01;2.1863744e-01;3.7500000e+01;1.9382963e-01;3.7500000e+01;1.4854050e-01;3.7500000e+01;9.8809406e-02;3.7500000e+01;5.5278666e-02;3.7500000e+01;8.2607120e-03;3.7500000e+01;-3.4169771e-02;3.7500000e+01;-7.9662554e-02;3.7500000e+01;-1.2217682e-01;3.7500000e+01;-6.4618945e-02;3.7500000e+01;-3.1034514e-02;3.7500000e+01;2.2351071e-02;3.7500000e+01;8.8510737e-02;3.7500000e+01;1.7575336e-01;3.7500000e+01;2.6043099e-01;3.7500000e+01;2.8690541e-01;3.7500000e+01;2.5489229e-01;3.7500000e+01;1.9561926e-01;3.7500000e+01;2.1863744e-01;3.7500000e+01;1.9382963e-01;3.7500000e+01;1.4854050e-01;3.7500000e+01;9.8809406e-02;3.7500000e+01;5.5278666e-02;3.7500000e+01;8.2607120e-03;3.7500000e+01;-3.4169771e-02;3.7500000e+01;-7.9662554e-02;3.7500000e+01;-1.2217682e-01;3.7500000e+01;-6.4618945e-02;3.7500000e+01;-3.1034514e-02;3.7500000e+01;2.2351071e-02;3.7500000e+01;8.8510737e-02;3.7500000e+01;1.7575336e-01;3.7500000e+01;2.6043099e-01;3.7500000e+01;2.8690541e-01;3.7500000e+01;2.5489229e-01;3.7500000e+01;1.9561926e-01;3.7500000e+01;2.1863744e-01;3.7500000e+01;1.9382963e-01;3.7500000e+01;1.4854050e-01;3.7500000e+01;9.8809406e-02;3.7500000e+01;5.5278666e-02;3.7500000e+01;8.2607120e-03;3.7500000e+01;-3.4169771e-02;3.7500000e+01;-7.9662554e-02;3.7500000e+01;-1.2217682e-01;3.7500000e+01;-6.4618945e-02;3.7500000e+01;-3.1034514e-02;3.7500000e+01;2.2351071e-02;3.7500000e+01;8.8510737e-02;3.7500000e+01;1.7575336e-01;3.7500000e+01;2.6043099e-01;3.7500000e+01;2.8690541e-01;3.7500000e+01;2.5489229e-01;3.7500000e+01;1.9561926e-01;3.7500000e+01;2.1863744e-01;3.7500000e+01;1.9382963e-01;3.7500000e+01;1.4854050e-01;3.7500000e+01;9.8809406e-02;3.7500000e+01;5.5278666e-02;3.7500000e+01;8.2607120e-03;3.7500000e+01;-3.4169771e-02;3.7500000e+01;-7.9662554e-02;3.7500000e+01;-1.2217682e-01;3.7500000e+01;-6.4618945e-02;3.7500000e+01;-3.1034514e-02;3.7500000e+01;2.2351071e-02;3.7500000e+01;8.8510737e-02;3.7500000e+01;1.7575336e-01;3.7500000e+01;2.6043099e-01;3.7500000e+01;2.8690541e-01;3.7500000e+01;2.5489229e-01;3.7500000e+01;1.9561926e-01;3.7500000e+01;2.1863744e-01;3.7500000e+01;1.9382963e-01;3.7500000e+01;1.4854050e-01;3.7500000e+01;9.8809406e-02;3.7500000e+01;5.5278666e-02;3.7500000e+01;8.2607120e-03;3.7500000e+01;-3.4169771e-02;3.7500000e+01;-7.9662554e-02;3.7500000e+01;-1.2217682e-01;3.7500000e+01;-6.4618945e-02;3.7500000e+01;-3.1034514e-02;3.7500000e+01;2.2351071e-02;3.7500000e+01;8.8510737e-02;3.7500000e+01;1.7575336e-01;3.7500000e+01;2.6043099e-01;3.7500000e+01;2.8690541e-01;3.7500000e+01;2.5489229e-01;3.7500000e+01;1.9561926e-01;3.7500000e+01;2.1863744e-01;3.7500000e+01;1.9382963e-01;3.7500000e+01;1.4854050e-01;3.7500000e+01;9.8809406e-02;3.7500000e+01;5.5278666e-02;3.7500000e+01;8.2607120e-03;3.7500000e+01;-3.4169771e-02;3.7500000e+01;-7.9662554e-02;3.7500000e+01;-1.2217682e-01;3.7500000e+01;-6.4618945e-02;3.7500000e+01;-3.1034514e-02;3.7500000e+01;2.2351071e-02;3.7500000e+01;8.8510737e-02;3.7500000e+01;1.7575336e-01;3.7500000e+01;2.6043099e-01;3.7500000e+01;2.8690541e-01;3.7500000e+01;2.5489229e-01;3.7500000e+01;1.9561926e-01;3.7500000e+01;2.1863744e-01;3.7500000e+01;1.9382963e-01;3.7500000e+01;1.4854050e-01;3.7500000e+01;9.8809406e-02;3.7500000e+01;5.5278666e-02;3.7500000e+01;8.2607120e-03;3.7500000e+01;-3.4169771e-02;3.7500000e+01;-7.9662554e-02;3.7500000e+01;-1.2217682e-01;3.7500000e+01;-6.4618945e-02;3.7500000e+01;-3.1034514e-02;3.7500000e+01;2.2351071e-02;3.7500000e+01;8.8510737e-02;3.7500000e+01;1.7575336e-01;3.7500000e+01;2.6043099e-01;3.7500000e+01;2.8690541e-01;3.7500000e+01;2.5489229e-01;3.7500000e+01;1.9561926e-01;3.7500000e+01;2.1863744e-01;3.7500000e+01;1.9382963e-01;3.7500000e+01;1.4854050e-01;3.7500000e+01;9.8809406e-02;3.7500000e+01;5.5278666e-02;3.7500000e+01;8.2607120e-03;3.7500000e+01;-3.4169771e-02;3.7500000e+01;-7.9662554e-02;3.7500000e+01;-1.2217682e-01;3.7500000e+01;-6.4618945e-02;3.7500000e+01;-3.1034514e-02;3.7500000e+01;2.2351071e-02;3.7500000e+01;8.8510737e-02;3.7500000e+01;1.7575336e-01;3.7500000e+01;2.6043099e-01;3.7500000e+01;2.8690541e-01;3.7500000e+01;2.5489229e-01;3.7500000e+01;1.9561926e-01;3.7500000e+01;2.1863744e-01;3.7500000e+01;1.9382963e-01;3.7500000e+01;1.4854050e-01;3.7500000e+01;9.8809406e-02;3.7500000e+01;5.5278666e-02;3.7500000e+01;8.2607120e-03;3.7500000e+01;-3.4169771e-02;3.7500000e+01;-7.9662554e-02;3.7500000e+01;-1.2217682e-01;3.7500000e+01;-6.4618945e-02;3.7500000e+01;-3.1034514e-02;3.7500000e+01;2.2351071e-02;3.7500000e+01;8.8510737e-02;3.7500000e+01;1.7575336e-01;3.7500000e+01;2.6043099e-01;3.7500000e+01;2.8690541e-01;3.7500000e+01;2.5489229e-01;3.7500000e+01;1.9561926e-01;3.7500000e+01;2.1863744e-01;3.7500000e+01;1.9382963e-01;3.7500000e+01;1.4854050e-01;3.7500000e+01;9.8809406e-02;3.7500000e+01;5.5278666e-02;3.7500000e+01;8.2607120e-03;3.7500000e+01;-3.4169771e-02;3.7500000e+01;-7.9662554e-02;3.7500000e+01;-1.2217682e-01;3.7500000e+01;-6.4618945e-02;3.7500000e+01;-3.1034514e-02;3.7500000e+01;2.2351071e-02;3.7500000e+01;8.8510737e-02;3.7500000e+01;1.7575336e-01;3.7500000e+01;2.6043099e-01;3.7500000e+01;2.8690541e-01;3.7500000e+01;2.5489229e-01;3.7500000e+01;1.9561926e-01;3.7500000e+01;2.1863744e-01;3.7500000e+01;1.9382963e-01;3.7500000e+01;1.4854050e-01;3.7500000e+01;9.8809406e-02;3.7500000e+01;5.5278666e-02;3.7500000e+01;8.2607120e-03;3.7500000e+01;-3.4169771e-02;3.7500000e+01;-7.9662554e-02;3.7500000e+01;-1.2217682e-01;3.7500000e+01;-6.4618945e-02;3.7500000e+01;-3.1034514e-02;3.7500000e+01;2.2351071e-02;3.7500000e+01;8.8510737e-02;3.7500000e+01;1.7575336e-01;3.7500000e+01;2.6043099e-01;3.7500000e+01;2.8690541e-01;3.7500000e+01;2.5489229e-01;3.7500000e+01;1.9561926e-01;3.7500000e+01;2.1863744e-01;3.7500000e+01;1.9382963e-01;3.7500000e+01;1.4854050e-01;3.7500000e+01;9.8809406e-02;3.7500000e+01;5.5278666e-02;3.7500000e+01;8.2607120e-03;3.7500000e+01;-3.4169771e-02;3.7500000e+01;-7.9662554e-02;3.7500000e+01;-1.2217682e-01;3.7500000e+01;-6.4618945e-02;3.7500000e+01;-3.1034514e-02;3.7500000e+01;2.2351071e-02;3.7500000e+01;8.8510737e-02;3.7500000e+01;1.7575336e-01;3.7500000e+01;2.6043099e-01;3.7500000e+01;2.8690541e-01;3.7500000e+01;2.5489229e-01;3.7500000e+01;1.9561926e-01;3.7500000e+01;2.1863744e-01;3.7500000e+01;1.9382963e-01;3.7500000e+01;1.4854050e-01;3.7500000e+01;9.8809406e-02;3.7500000e+01;5.5278666e-02;3.7500000e+01;8.2607120e-03;3.7500000e+01;-3.4169771e-02;3.7500000e+01;-7.9662554e-02;3.7500000e+01;-1.2217682e-01;3.7500000e+01;-6.4618945e-02;3.7500000e+01;-3.1034514e-02;3.7500000e+01;2.2351071e-02;3.7500000e+01;8.8510737e-02;3.7500000e+01;1.7575336e-01;3.7500000e+01;2.6043099e-01;3.7500000e+01;2.8690541e-01;3.7500000e+01;2.5489229e-01;3.7500000e+01;1.9561926e-01;3.7500000e+01;2.1863744e-01;3.7500000e+01;1.9382963e-01;3.7500000e+01;1.4854050e-01;3.7500000e+01;9.8809406e-02;3.7500000e+01;5.5278666e-02;3.7500000e+01;8.2607120e-03;3.7500000e+01;-3.4169771e-02;3.7500000e+01;-7.9662554e-02;3.7500000e+01;-1.2217682e-01;3.7500000e+01;-6.4618945e-02;3.7500000e+01;-3.1034514e-02;3.7500000e+01;2.2351071e-02;3.7500000e+01;8.8510737e-02;3.7500000e+01;1.7575336e-01;3.7500000e+01;2.6043099e-01;3.7500000e+01;2.8690541e-01;3.7500000e+01;2.5489229e-01;3.7500000e+01;1.9561926e-01;3.7500000e+01;2.1863744e-01;3.7500000e+01;1.9382963e-01;3.7500000e+01;1.4854050e-01;3.7500000e+01;9.8809406e-02;3.7500000e+01;5.5278666e-02;3.7500000e+01;8.2607120e-03;3.7500000e+01;-3.4169771e-02;3.7500000e+01;-7.9662554e-02;3.7500000e+01;-1.2217682e-01;3.7500000e+01;-6.4618945e-02;3.7500000e+01;-3.1034514e-02;3.7500000e+01;2.2351071e-02;3.7500000e+01;8.8510737e-02;3.7500000e+01;1.7575336e-01;3.7500000e+01;2.6043099e-01;3.7500000e+01;2.8690541e-01;3.7500000e+01;2.5489229e-01;3.7500000e+01;1.9561926e-01;3.7500000e+01;2.1863744e-01;3.7500000e+01;1.9382963e-01;3.7500000e+01;1.4854050e-01;3.7500000e+01;9.8809406e-02;3.7500000e+01;5.5278666e-02;3.7500000e+01;8.2607120e-03;3.7500000e+01;-3.4169771e-02;3.7500000e+01;-7.9662554e-02;3.7500000e+01;-1.2217682e-01;3.7500000e+01;-6.4618945e-02;3.7500000e+01;-3.1034514e-02;3.7500000e+01;2.2351071e-02;3.7500000e+01;8.8510737e-02;3.7500000e+01;1.7575336e-01;3.7500000e+01;2.6043099e-01;3.7500000e+01;2.8690541e-01;3.7500000e+01;2.5489229e-01;3.7500000e+01;1.9561926e-01;3.7500000e+01;2.1863744e-01;3.7500000e+01;1.9382963e-01;3.7500000e+01;1.4854050e-01;3.7500000e+01;9.8809406e-02;3.7500000e+01;5.5278666e-02;3.7500000e+01;8.2607120e-03;3.7500000e+01;-3.4169771e-02;3.7500000e+01;-7.9662554e-02;3.7500000e+01;-1.2217682e-01;3.7500000e+01;-6.4618945e-02;3.7500000e+01;-3.1034514e-02;3.7500000e+01;2.2351071e-02;3.7500000e+01;8.8510737e-02;3.7500000e+01;1.7575336e-01;3.7500000e+01;2.6043099e-01;3.7500000e+01;2.8690541e-01;3.7500000e+01;2.5489229e-01;3.7500000e+01;1.9561926e-01;3.7500000e+01;2.1863744e-01;3.7500000e+01;1.9382963e-01;3.7500000e+01;1.4854050e-01;3.7500000e+01;9.8809406e-02;3.7500000e+01;5.5278666e-02;3.7500000e+01;8.2607120e-03;3.7500000e+01;-3.4169771e-02;3.7500000e+01;-7.9662554e-02;3.7500000e+01;-1.2217682e-01;3.7500000e+01;-6.4618945e-02;3.7500000e+01;-3.1034514e-02;3.7500000e+01;2.2351071e-02;3.7500000e+01;8.8510737e-02;3.7500000e+01;1.7575336e-01;3.7500000e+01;2.6043099e-01;3.7500000e+01;2.8690541e-01;3.7500000e+01;2.5489229e-01;3.7500000e+01;1.9561926e-01;3.7500000e+01;2.1863744e-01;3.7500000e+01;1.9382963e-01;3.7500000e+01;1.4854050e-01;3.7500000e+01;9.8809406e-02;3.7500000e+01;5.5278666e-02;3.7500000e+01;8.2607120e-03;3.7500000e+01;-3.4169771e-02;3.7500000e+01;-7.9662554e-02;3.7500000e+01;-1.2217682e-01;3.7500000e+01;-6.4618945e-02;3.7500000e+01;-3.1034514e-02;3.7500000e+01;2.2351071e-02;3.7500000e+01;8.8510737e-02;3.7500000e+01;1.7575336e-01;3.7500000e+01;2.6043099e-01;3.7500000e+01;2.8690541e-01;3.7500000e+01;2.5489229e-01;3.7500000e+01;1.9561926e-01;3.7500000e+01;2.1863744e-01;3.7500000e+01;1.9382963e-01;3.7500000e+01;1.4854050e-01;3.7500000e+01;9.8809406e-02;3.7500000e+01;5.5278666e-02;3.7500000e+01;8.2607120e-03;3.7500000e+01;-3.4169771e-02;3.7500000e+01;-7.9662554e-02;3.7500000e+01;-1.2217682e-01;3.7500000e+01;-6.4618945e-02;3.7500000e+01;-3.1034514e-02;3.7500000e+01;2.2351071e-02;3.7500000e+01;8.8510737e-02;3.7500000e+01;1.7575336e-01;3.7500000e+01;2.6043099e-01;3.7500000e+01;2.8690541e-01;3.7500000e+01;2.5489229e-01;3.7500000e+01;1.9561926e-01;3.7500000e+01;2.1863744e-01;3.7500000e+01;1.9382963e-01;3.7500000e+01;1.4854050e-01;3.7500000e+01;9.8809406e-02;3.7500000e+01;5.5278666e-02;3.7500000e+01;8.2607120e-03;3.7500000e+01;-3.4169771e-02;3.7500000e+01;-7.9662554e-02;3.7500000e+01;-1.2217682e-01;3.7500000e+01;-6.4618945e-02;3.7500000e+01;-3.1034514e-02;3.7500000e+01;2.2351071e-02;3.7500000e+01;8.8510737e-02;3.7500000e+01;1.7575336e-01;3.7500000e+01;2.6043099e-01;3.7500000e+01;2.8690541e-01;3.7500000e+01;2.5489229e-01;3.7500000e+01;1.9561926e-01;3.7500000e+01;2.1863744e-01;3.7500000e+01;1.9382963e-01;3.7500000e+01;1.4854050e-01;3.7500000e+01;9.8809406e-02;3.7500000e+01;5.5278666e-02;3.7500000e+01;8.2607120e-03;3.7500000e+01;-3.4169771e-02;3.7500000e+01;-7.9662554e-02;3.7500000e+01;-1.2217682e-01;3.7500000e+01;-6.4618945e-02;3.7500000e+01;-3.1034514e-02;3.7500000e+01;2.2351071e-02;3.7500000e+01;8.8510737e-02;3.7500000e+01;1.7575336e-01;3.7500000e+01;2.6043099e-01;3.7500000e+01;2.8690541e-01;3.7500000e+01;2.5489229e-01;3.7500000e+01;1.9561926e-01;3.7500000e+01;2.1863744e-01;3.7500000e+01;1.9382963e-01;3.7500000e+01;1.4854050e-01;3.7500000e+01;9.8809406e-02;3.7500000e+01;5.5278666e-02;3.7500000e+01;8.2607120e-03;3.7500000e+01;-3.4169771e-02;3.7500000e+01;-7.9662554e-02;3.7500000e+01;-1.2217682e-01;3.7500000e+01;-6.4618945e-02;3.7500000e+01;-3.1034514e-02;3.7500000e+01;2.2351071e-02;3.7500000e+01;8.8510737e-02;3.7500000e+01;1.7575336e-01;3.7500000e+01;2.6043099e-01;3.7500000e+01;2.8690541e-01;3.7500000e+01;2.5489229e-01;3.7500000e+01;1.9561926e-01;3.7500000e+01;2.1863744e-01;3.7500000e+01;1.9382963e-01;3.7500000e+01;1.4854050e-01;3.7500000e+01;9.8809406e-02;3.7500000e+01;5.5278666e-02;3.7500000e+01;8.2607120e-03;3.7500000e+01;-3.4169771e-02;3.7500000e+01;-7.9662554e-02;3.7500000e+01;-1.2217682e-01;3.7500000e+01;-6.4618945e-02;3.7500000e+01;-3.1034514e-02;3.7500000e+01;2.2351071e-02;3.7500000e+01;8.8510737e-02;3.7500000e+01;1.7575336e-01;3.7500000e+01;2.6043099e-01;3.7500000e+01;2.8690541e-01;3.7500000e+01;2.5489229e-01;3.7500000e+01;1.9561926e-01;3.7500000e+01;2.1863744e-01;3.7500000e+01;1.9382963e-01;3.7500000e+01;1.4854050e-01;3.7500000e+01;9.8809406e-02;3.7500000e+01;5.5278666e-02;3.7500000e+01;8.2607120e-03;3.7500000e+01;-3.4169771e-02;3.7500000e+01;-7.9662554e-02;3.7500000e+01;-1.2217682e-01;3.7500000e+01;-6.4618945e-02;3.7500000e+01;-3.1034514e-02;3.7500000e+01;2.2351071e-02;3.7500000e+01;8.8510737e-02;3.7500000e+01;1.7575336e-01;3.7500000e+01;2.6043099e-01;3.7500000e+01;2.8690541e-01;3.7500000e+01;2.5489229e-01;3.7500000e+01;1.9561926e-01;3.7500000e+01;2.1863744e-01;3.7500000e+01;1.9382963e-01;3.7500000e+01;1.4854050e-01;3.7500000e+01;9.8809406e-02;3.7500000e+01;5.5278666e-02;3.7500000e+01;8.2607120e-03;3.7500000e+01;-3.4169771e-02;3.7500000e+01;-7.9662554e-02;3.7500000e+01;-1.2217682e-01;3.7500000e+01;-6.4618945e-02;3.7500000e+01;-3.1034514e-02;3.7500000e+01;2.2351071e-02;3.7500000e+01;8.8510737e-02;3.7500000e+01;1.7575336e-01;3.7500000e+01;2.6043099e-01;3.7500000e+01;2.8690541e-01;3.7500000e+01;2.5489229e-01;3.7500000e+01;1.9561926e-01;3.7500000e+01;2.1863744e-01;3.7500000e+01;1.9382963e-01;3.7500000e+01;1.4854050e-01;3.7500000e+01;9.8809406e-02;3.7500000e+01;5.5278666e-02;3.7500000e+01;8.2607120e-03;3.7500000e+01;-3.4169771e-02;3.7500000e+01;-7.9662554e-02;3.7500000e+01;-1.2217682e-01;3.7500000e+01;-6.4618945e-02;3.7500000e+01;-3.1034514e-02;3.7500000e+01;2.2351071e-02;3.7500000e+01;8.8510737e-02;3.7500000e+01;1.7575336e-01;3.7500000e+01;2.6043099e-01;3.7500000e+01;2.8690541e-01;3.7500000e+01;2.5489229e-01;3.7500000e+01;1.9561926e-01;3.7500000e+01;2.1863744e-01;3.7500000e+01;1.9382963e-01;3.7500000e+01;1.4854050e-01;3.7500000e+01;9.8809406e-02;3.7500000e+01;5.5278666e-02;3.7500000e+01;8.2607120e-03;3.7500000e+01;-3.4169771e-02;3.7500000e+01;-7.9662554e-02;3.7500000e+01;-1.2217682e-01;3.7500000e+01;-6.4618945e-02;3.7500000e+01;-3.1034514e-02;3.7500000e+01;2.2351071e-02;3.7500000e+01;8.8510737e-02;3.7500000e+01;1.7575336e-01;3.7500000e+01;2.6043099e-01;3.7500000e+01;2.8690541e-01;3.7500000e+01;2.5489229e-01;3.7500000e+01;1.9561926e-01;3.7500000e+01;2.1863744e-01;3.7500000e+01;1.9382963e-01;3.7500000e+01;1.4854050e-01;3.7500000e+01;9.8809406e-02;3.7500000e+01;5.5278666e-02;3.7500000e+01;8.2607120e-03;3.7500000e+01;-3.4169771e-02;3.7500000e+01;-7.9662554e-02;3.7500000e+01;-1.2217682e-01;3.7500000e+01;-6.4618945e-02;3.7500000e+01;-3.1034514e-02;3.7500000e+01;2.2351071e-02;3.7500000e+01;8.8510737e-02;3.7500000e+01;1.7575336e-01;3.7500000e+01;2.6043099e-01;3.7500000e+01;2.8690541e-01;3.7500000e+01;2.5489229e-01;3.7500000e+01;1.9561926e-01;3.7500000e+01;2.1863744e-01;3.7500000e+01;1.9382963e-01;3.7500000e+01;1.4854050e-01;3.7500000e+01;9.8809406e-02;3.7500000e+01;5.5278666e-02;3.7500000e+01;8.2607120e-03;3.7500000e+01;-3.4169771e-02;3.7500000e+01;-7.9662554e-02;3.7500000e+01;-1.2217682e-01;3.7500000e+01;-6.4618945e-02;3.7500000e+01;-3.1034514e-02;3.7500000e+01;2.2351071e-02;3.7500000e+01;8.8510737e-02;3.7500000e+01;1.7575336e-01;3.7500000e+01;2.6043099e-01;3.7500000e+01;2.8690541e-01;3.7500000e+01;2.5489229e-01;3.7500000e+01;1.9561926e-01;3.7500000e+01;2.1863744e-01;3.7500000e+01;1.9382963e-01;3.7500000e+01;1.4854050e-01;3.7500000e+01;9.8809406e-02;3.7500000e+01;5.5278666e-02;3.7500000e+01;8.2607120e-03;3.7500000e+01;-3.4169771e-02;3.7500000e+01;-7.9662554e-02;3.7500000e+01;-1.2217682e-01;3.7500000e+01;-6.4618945e-02;3.7500000e+01;-3.1034514e-02;3.7500000e+01;2.2351071e-02;3.7500000e+01;8.8510737e-02;3.7500000e+01;1.7575336e-01;3.7500000e+01;2.6043099e-01;3.7500000e+01;2.8690541e-01;3.7500000e+01;2.5489229e-01;3.7500000e+01;1.9561926e-01;3.7500000e+01;2.1863744e-01;3.7500000e+01;1.9382963e-01;3.7500000e+01;1.4854050e-01;3.7500000e+01;9.8809406e-02;3.7500000e+01;5.5278666e-02;3.7500000e+01;8.2607120e-03;3.7500000e+01;-3.4169771e-02;3.7500000e+01;-7.9662554e-02;3.7500000e+01;-1.2217682e-01;3.7500000e+01;-6.4618945e-02;3.7500000e+01;-3.1034514e-02;3.7500000e+01;2.2351071e-02;3.7500000e+01;8.8510737e-02;3.7500000e+01;1.7575336e-01;3.7500000e+01;2.6043099e-01;3.7500000e+01;2.8690541e-01;3.7500000e+01;2.5489229e-01;3.7500000e+01;1.9561926e-01;3.7500000e+01;2.1863744e-01;3.7500000e+01;1.9382963e-01;3.7500000e+01;1.4854050e-01;3.7500000e+01;9.8809406e-02;3.7500000e+01;5.5278666e-02;3.7500000e+01;8.2607120e-03;3.7500000e+01;-3.4169771e-02;3.7500000e+01;-7.9662554e-02;3.7500000e+01;-1.2217682e-01;3.7500000e+01;-6.4618945e-02;3.7500000e+01;-3.1034514e-02;3.7500000e+01;2.2351071e-02;3.7500000e+01;8.8510737e-02;3.7500000e+01;1.7575336e-01;3.7500000e+01;2.6043099e-01;3.7500000e+01;2.8690541e-01;3.7500000e+01;2.5489229e-01;3.7500000e+01;1.9561926e-01;3.7500000e+01;2.1863744e-01;3.7500000e+01;1.9382963e-01;3.7500000e+01;1.4854050e-01;3.7500000e+01;9.8809406e-02;3.7500000e+01;5.5278666e-02;3.7500000e+01;8.2607120e-03;3.7500000e+01;-3.4169771e-02;3.7500000e+01;-7.9662554e-02;3.7500000e+01;-1.2217682e-01;3.7500000e+01;-6.4618945e-02;3.7500000e+01;-3.1034514e-02;3.7500000e+01;2.2351071e-02;3.7500000e+01;8.8510737e-02;3.7500000e+01;1.7575336e-01;3.7500000e+01;2.6043099e-01;3.7500000e+01;2.8690541e-01;3.7500000e+01;2.5489229e-01;3.7500000e+01;1.9561926e-01;3.7500000e+01;2.1863744e-01;3.7500000e+01;1.9382963e-01;3.7500000e+01;1.4854050e-01;3.7500000e+01;9.8809406e-02;3.7500000e+01;5.5278666e-02;3.7500000e+01;8.2607120e-03;3.7500000e+01;-3.4169771e-02;3.7500000e+01;-7.9662554e-02;3.7500000e+01;-1.2217682e-01;3.7500000e+01;-6.4618945e-02;3.7500000e+01;-3.1034514e-02;3.7500000e+01;2.2351071e-02;3.7500000e+01;8.8510737e-02;3.7500000e+01;1.7575336e-01;3.7500000e+01;2.6043099e-01;3.7500000e+01;2.8690541e-01;3.7500000e+01;2.5489229e-01;3.7500000e+01;1.9561926e-01;3.7500000e+01;2.1863744e-01;3.7500000e+01;1.9382963e-01;3.7500000e+01;1.4854050e-01;3.7500000e+01;9.8809406e-02;3.7500000e+01;5.5278666e-02;3.7500000e+01;8.2607120e-03;3.7500000e+01;-3.4169771e-02;3.7500000e+01;-7.9662554e-02;3.7500000e+01;-1.2217682e-01;3.7500000e+01;-6.4618945e-02;3.7500000e+01;-3.1034514e-02;3.7500000e+01;2.2351071e-02;3.7500000e+01;8.8510737e-02;3.7500000e+01;1.7575336e-01;3.7500000e+01;2.6043099e-01;3.7500000e+01;2.8690541e-01;3.7500000e+01;2.5489229e-01;3.7500000e+01;1.9561926e-01;3.7500000e+01;2.1863744e-01;3.7500000e+01;1.9382963e-01;3.7500000e+01;1.4854050e-01;3.7500000e+01;9.8809406e-02;3.7500000e+01;5.5278666e-02;3.7500000e+01;8.2607120e-03;3.7500000e+01;-3.4169771e-02;3.7500000e+01;-7.9662554e-02;3.7500000e+01;-1.2217682e-01;3.7500000e+01;-6.4618945e-02;3.7500000e+01;-3.1034514e-02;3.7500000e+01;2.2351071e-02;3.7500000e+01;8.8510737e-02;3.7500000e+01;1.7575336e-01;3.7500000e+01;2.6043099e-01;3.7500000e+01;2.8690541e-01;3.7500000e+01;2.5489229e-01;3.7500000e+01;1.9561926e-01;3.7500000e+01;2.1863744e-01;3.7500000e+01;1.9382963e-01;3.7500000e+01;1.4854050e-01;3.7500000e+01;9.8809406e-02;3.7500000e+01;5.5278666e-02;3.7500000e+01;8.2607120e-03;3.7500000e+01;-3.4169771e-02;3.7500000e+01;-7.9662554e-02;3.7500000e+01;-1.2217682e-01;3.7500000e+01;-6.4618945e-02;3.7500000e+01;-3.1034514e-02;3.7500000e+01;2.2351071e-02;3.7500000e+01;8.8510737e-02;3.7500000e+01;1.7575336e-01;3.7500000e+01;2.6043099e-01;3.7500000e+01;2.8690541e-01;3.7500000e+01;2.5489229e-01;3.7500000e+01;1.9561926e-01;3.7500000e+01;2.1863744e-01;3.7500000e+01;1.9382963e-01;3.7500000e+01;1.4854050e-01;3.7500000e+01;9.8809406e-02;3.7500000e+01;5.5278666e-02;3.7500000e+01;8.2607120e-03;3.7500000e+01;-3.4169771e-02;3.7500000e+01;-7.9662554e-02;3.7500000e+01;-1.2217682e-01;3.7500000e+01;-6.4618945e-02;3.7500000e+01;-3.1034514e-02;3.7500000e+01;2.2351071e-02;3.7500000e+01;8.8510737e-02;3.7500000e+01;1.7575336e-01;3.7500000e+01;2.6043099e-01;3.7500000e+01;2.8690541e-01;3.7500000e+01;2.5489229e-01;3.7500000e+01;1.9561926e-01;3.7500000e+01;2.1863744e-01;3.7500000e+01;1.9382963e-01;3.7500000e+01;1.4854050e-01;3.7500000e+01;9.8809406e-02;3.7500000e+01;5.5278666e-02;3.7500000e+01;8.2607120e-03;3.7500000e+01;-3.4169771e-02;3.7500000e+01;-7.9662554e-02;3.7500000e+01;-1.2217682e-01;3.7500000e+01;-6.4618945e-02;3.7500000e+01;-3.1034514e-02;3.7500000e+01;2.2351071e-02;3.7500000e+01;8.8510737e-02;3.7500000e+01;1.7575336e-01;3.7500000e+01;2.6043099e-01;3.7500000e+01;2.8690541e-01;3.7500000e+01;2.5489229e-01;3.7500000e+01;1.9561926e-01;3.7500000e+01;2.1863744e-01;3.7500000e+01;1.9382963e-01;3.7500000e+01;1.4854050e-01;3.7500000e+01;9.8809406e-02;3.7500000e+01;5.5278666e-02;3.7500000e+01;8.2607120e-03;3.7500000e+01;-3.4169771e-02;3.7500000e+01;-7.9662554e-02;3.7500000e+01;-1.2217682e-01;3.7500000e+01;-6.4618945e-02;3.7500000e+01;-3.1034514e-02;3.7500000e+01;2.2351071e-02;3.7500000e+01;8.8510737e-02;3.7500000e+01;1.7575336e-01;3.7500000e+01;2.6043099e-01;3.7500000e+01;2.8690541e-01;3.7500000e+01;2.5489229e-01;3.7500000e+01;1.9561926e-01;3.7500000e+01;2.1863744e-01;3.7500000e+01;1.9382963e-01;3.7500000e+01;1.4854050e-01;3.7500000e+01;9.8809406e-02;3.7500000e+01;5.5278666e-02;3.7500000e+01;8.2607120e-03;3.7500000e+01;-3.4169771e-02;3.7500000e+01;-7.9662554e-02;3.7500000e+01;-1.2217682e-01;3.7500000e+01;-6.4618945e-02;3.7500000e+01;-3.1034514e-02;3.7500000e+01;2.2351071e-02;3.7500000e+01;8.8510737e-02;3.7500000e+01;1.7575336e-01;3.7500000e+01;2.6043099e-01;3.7500000e+01;2.8690541e-01;3.7500000e+01;2.5489229e-01;3.7500000e+01;1.9561926e-01;3.7500000e+01;2.1863744e-01;3.7500000e+01;1.9382963e-01;3.7500000e+01;1.4854050e-01;3.7500000e+01;9.8809406e-02;3.7500000e+01;5.5278666e-02;3.7500000e+01;8.2607120e-03;3.7500000e+01;-3.4169771e-02;3.7500000e+01;-7.9662554e-02;3.7500000e+01;-1.2217682e-01;3.7500000e+01;-6.4618945e-02;3.7500000e+01;-3.1034514e-02;3.7500000e+01;2.2351071e-02;3.7500000e+01;8.8510737e-02;3.7500000e+01;1.7575336e-01;3.7500000e+01;2.6043099e-01;3.7500000e+01;2.8690541e-01;3.7500000e+01;2.5489229e-01;3.7500000e+01;1.9561926e-01;3.7500000e+01;2.1863744e-01;3.7500000e+01;1.9382963e-01;3.7500000e+01;1.4854050e-01;3.7500000e+01;9.8809406e-02;3.7500000e+01;5.5278666e-02;3.7500000e+01;8.2607120e-03;3.7500000e+01;-3.4169771e-02;3.7500000e+01;-7.9662554e-02;3.7500000e+01;-1.2217682e-01;3.7500000e+01;-6.4618945e-02;3.7500000e+01;-3.1034514e-02;3.7500000e+01;2.2351071e-02;3.7500000e+01;8.8510737e-02;3.7500000e+01;1.7575336e-01;3.7500000e+01;2.6043099e-01;3.7500000e+01;2.8690541e-01;3.7500000e+01;2.5489229e-01;3.7500000e+01;1.9561926e-01;3.7500000e+01;2.1863744e-01;3.7500000e+01;1.9382963e-01;3.7500000e+01;1.4854050e-01;3.7500000e+01;9.8809406e-02;3.7500000e+01;5.5278666e-02;3.7500000e+01;8.2607120e-03;3.7500000e+01;-3.4169771e-02;3.7500000e+01;-7.9662554e-02;3.7500000e+01;-1.2217682e-01;3.7500000e+01;-6.4618945e-02;3.7500000e+01;-3.1034514e-02;3.7500000e+01;2.2351071e-02;3.7500000e+01;8.8510737e-02;3.7500000e+01;1.7575336e-01;3.7500000e+01;2.6043099e-01;3.7500000e+01;2.8690541e-01;3.7500000e+01;2.5489229e-01;3.7500000e+01;1.9561926e-01;3.7500000e+01;2.1863744e-01;3.7500000e+01;1.9382963e-01;3.7500000e+01;1.4854050e-01;3.7500000e+01;9.8809406e-02;3.7500000e+01;5.5278666e-02;3.7500000e+01;8.2607120e-03;3.7500000e+01;-3.4169771e-02;3.7500000e+01;-7.9662554e-02;3.7500000e+01;-1.2217682e-01;3.7500000e+01;-6.4618945e-02;3.7500000e+01;-3.1034514e-02;3.7500000e+01;2.2351071e-02;3.7500000e+01;8.8510737e-02;3.7500000e+01;1.7575336e-01;3.7500000e+01;2.6043099e-01;3.7500000e+01;2.8690541e-01;3.7500000e+01;2.5489229e-01;3.7500000e+01;1.9561926e-01;3.7500000e+01;2.1863744e-01;3.7500000e+01;1.9382963e-01;3.7500000e+01;1.4854050e-01;3.7500000e+01;9.8809406e-02;3.7500000e+01;5.5278666e-02;3.7500000e+01;8.2607120e-03;3.7500000e+01;-3.4169771e-02;3.7500000e+01;-7.9662554e-02;3.7500000e+01;-1.2217682e-01;3.7500000e+01;-6.4618945e-02;3.7500000e+01;-3.1034514e-02;3.7500000e+01;2.2351071e-02;3.7500000e+01;8.8510737e-02;3.7500000e+01;1.7575336e-01;3.7500000e+01;2.6043099e-01;3.7500000e+01;2.8690541e-01;3.7500000e+01;2.5489229e-01;3.7500000e+01;1.9561926e-01;3.7500000e+01;2.1863744e-01;3.7500000e+01;1.9382963e-01;3.7500000e+01;1.4854050e-01;3.7500000e+01;9.8809406e-02;3.7500000e+01;5.5278666e-02;3.7500000e+01;8.2607120e-03;3.7500000e+01;-3.4169771e-02;3.7500000e+01;-7.9662554e-02;3.7500000e+01;-1.2217682e-01;3.7500000e+01;-6.4618945e-02;3.7500000e+01;-3.1034514e-02;3.7500000e+01;2.2351071e-02;3.7500000e+01;8.8510737e-02;3.7500000e+01;1.7575336e-01;3.7500000e+01;2.6043099e-01;3.7500000e+01;2.8690541e-01;3.7500000e+01;2.5489229e-01;3.7500000e+01;1.9561926e-01;3.7500000e+01;2.1863744e-01;3.7500000e+01;1.9382963e-01;3.7500000e+01;1.4854050e-01;3.7500000e+01;9.8809406e-02;3.7500000e+01;5.5278666e-02;3.7500000e+01;8.2607120e-03;3.7500000e+01;-3.4169771e-02;3.7500000e+01;-7.9662554e-02;3.7500000e+01;-1.2217682e-01;3.7500000e+01;-6.4618945e-02;3.7500000e+01;-3.1034514e-02;3.7500000e+01;2.2351071e-02;3.7500000e+01;8.8510737e-02;3.7500000e+01;1.7575336e-01;3.7500000e+01;2.6043099e-01;3.7500000e+01;2.8690541e-01;3.7500000e+01;2.5489229e-01;3.7500000e+01;1.9561926e-01;3.7500000e+01;2.1863744e-01;3.7500000e+01;1.9382963e-01;3.7500000e+01;1.4854050e-01;3.7500000e+01;9.8809406e-02;3.7500000e+01;5.5278666e-02;3.7500000e+01;8.2607120e-03;3.7500000e+01;-3.4169771e-02;3.7500000e+01;-7.9662554e-02;3.7500000e+01;-1.2217682e-01;3.7500000e+01;-6.4618945e-02;3.7500000e+01;-3.1034514e-02;3.7500000e+01;2.2351071e-02;3.7500000e+01;8.8510737e-02;3.7500000e+01;1.7575336e-01;3.7500000e+01;2.6043099e-01;3.7500000e+01;2.8690541e-01;3.7500000e+01;2.5489229e-01;3.7500000e+01;1.9561926e-01;3.7500000e+01;2.1863744e-01;3.7500000e+01;1.9382963e-01;3.7500000e+01;1.4854050e-01;3.7500000e+01;9.8809406e-02;3.7500000e+01;5.5278666e-02;3.7500000e+01;8.2607120e-03;3.7500000e+01;-3.4169771e-02;3.7500000e+01;-7.9662554e-02;3.7500000e+01;-1.2217682e-01;3.7500000e+01;-6.4618945e-02;3.7500000e+01;-3.1034514e-02;3.7500000e+01;2.2351071e-02;3.7500000e+01;8.8510737e-02;3.7500000e+01;1.7575336e-01;3.7500000e+01;2.6043099e-01;3.7500000e+01;2.8690541e-01;3.7500000e+01;2.5489229e-01;3.7500000e+01;1.9561926e-01;3.7500000e+01;2.1863744e-01;3.7500000e+01;1.9382963e-01;3.7500000e+01;1.4854050e-01;3.7500000e+01;9.8809406e-02;3.7500000e+01;5.5278666e-02;3.7500000e+01;8.2607120e-03;3.7500000e+01;-3.4169771e-02;3.7500000e+01;-7.9662554e-02;3.7500000e+01;-1.2217682e-01;3.7500000e+01;-6.4618945e-02;3.7500000e+01;-3.1034514e-02;3.7500000e+01;2.2351071e-02;3.7500000e+01;8.8510737e-02;3.7500000e+01;1.7575336e-01;3.7500000e+01;2.6043099e-01;3.7500000e+01;2.8690541e-01;3.7500000e+01;2.5489229e-01;3.7500000e+01;1.9561926e-01;3.7500000e+01;2.1863744e-01;3.7500000e+01;1.9382963e-01;3.7500000e+01;1.4854050e-01;3.7500000e+01;9.8809406e-02;3.7500000e+01;5.5278666e-02;3.7500000e+01;8.2607120e-03;3.7500000e+01;-3.4169771e-02;3.7500000e+01;-7.9662554e-02;3.7500000e+01;-1.2217682e-01;3.7500000e+01;-6.4618945e-02;3.7500000e+01;-3.1034514e-02;3.7500000e+01;2.2351071e-02;3.7500000e+01;8.8510737e-02;3.7500000e+01;1.7575336e-01;3.7500000e+01;2.6043099e-01;3.7500000e+01;2.8690541e-01;3.7500000e+01;2.5489229e-01;3.7500000e+01;1.9561926e-01;3.7500000e+01;2.1863744e-01;3.7500000e+01;1.9382963e-01;3.7500000e+01;1.4854050e-01;3.7500000e+01;9.8809406e-02;3.7500000e+01;5.5278666e-02;3.7500000e+01;8.2607120e-03;3.7500000e+01;-3.4169771e-02;3.7500000e+01;-7.9662554e-02;3.7500000e+01;-1.2217682e-01;3.7500000e+01;-6.4618945e-02;3.7500000e+01;-3.1034514e-02;3.7500000e+01;2.2351071e-02;3.7500000e+01;8.8510737e-02;3.7500000e+01;1.7575336e-01;3.7500000e+01;2.6043099e-01;3.7500000e+01;2.8690541e-01;3.7500000e+01;2.5489229e-01;3.7500000e+01;1.9561926e-01;3.7500000e+01;2.1863744e-01;3.7500000e+01;1.9382963e-01;3.7500000e+01;1.4854050e-01;3.7500000e+01;9.8809406e-02;3.7500000e+01;5.5278666e-02;3.7500000e+01;8.2607120e-03;3.7500000e+01;-3.4169771e-02;3.7500000e+01;-7.9662554e-02;3.7500000e+01;-1.2217682e-01;3.7500000e+01;-6.4618945e-02;3.7500000e+01;-3.1034514e-02;3.7500000e+01;2.2351071e-02;3.7500000e+01;8.8510737e-02;3.7500000e+01;1.7575336e-01;3.7500000e+01;2.6043099e-01;3.7500000e+01;2.8690541e-01;3.7500000e+01;2.5489229e-01;3.7500000e+01;1.9561926e-01;3.7500000e+01;2.1863744e-01;3.7500000e+01;1.9382963e-01;3.7500000e+01;1.4854050e-01;3.7500000e+01;9.8809406e-02;3.7500000e+01;5.5278666e-02;3.7500000e+01;8.2607120e-03;3.7500000e+01;-3.4169771e-02;3.7500000e+01;-7.9662554e-02;3.7500000e+01;-1.2217682e-01;3.7500000e+01;-6.4618945e-02;3.7500000e+01;-3.1034514e-02;3.7500000e+01;2.2351071e-02;3.7500000e+01;8.8510737e-02;3.7500000e+01;1.7575336e-01;3.7500000e+01;2.6043099e-01;3.7500000e+01;2.8690541e-01;3.7500000e+01;2.5489229e-01;3.7500000e+01;1.9561926e-01;3.7500000e+01;2.1863744e-01;3.7500000e+01;1.9382963e-01;3.7500000e+01;1.4854050e-01;3.7500000e+01;9.8809406e-02;3.7500000e+01;5.5278666e-02;3.7500000e+01;8.2607120e-03;3.7500000e+01;-3.4169771e-02;3.7500000e+01;-7.9662554e-02;3.7500000e+01;-1.2217682e-01;3.7500000e+01;-6.4618945e-02;3.7500000e+01;-3.1034514e-02;3.7500000e+01;2.2351071e-02;3.7500000e+01;8.8510737e-02;3.7500000e+01;1.7575336e-01;3.7500000e+01;2.6043099e-01;3.7500000e+01;2.8690541e-01;3.7500000e+01;2.5489229e-01;3.7500000e+01;1.9561926e-01;3.7500000e+01;2.1863744e-01;3.7500000e+01;1.9382963e-01;3.7500000e+01;1.4854050e-01;3.7500000e+01;9.8809406e-02;3.7500000e+01;5.5278666e-02;3.7500000e+01;8.2607120e-03;3.7500000e+01;-3.4169771e-02;3.7500000e+01;-7.9662554e-02;3.7500000e+01;-1.2217682e-01;3.7500000e+01;-6.4618945e-02;3.7500000e+01;-3.1034514e-02;3.7500000e+01;2.2351071e-02;3.7500000e+01;8.8510737e-02;3.7500000e+01;1.7575336e-01;3.7500000e+01;2.6043099e-01;3.7500000e+01;2.8690541e-01;3.7500000e+01;2.5489229e-01;3.7500000e+01;1.9561926e-01;3.7500000e+01;2.1863744e-01;3.7500000e+01;1.9382963e-01;3.7500000e+01;1.4854050e-01;3.7500000e+01;9.8809406e-02;3.7500000e+01;5.5278666e-02;3.7500000e+01;8.2607120e-03;3.7500000e+01;-3.4169771e-02;3.7500000e+01;-7.9662554e-02;3.7500000e+01;-1.2217682e-01;3.7500000e+01;-6.4618945e-02;3.7500000e+01;-3.1034514e-02;3.7500000e+01;2.2351071e-02;3.7500000e+01;8.8510737e-02;3.7500000e+01;1.7575336e-01;3.7500000e+01;2.6043099e-01;3.7500000e+01;2.8690541e-01;3.7500000e+01;2.5489229e-01;3.7500000e+01;1.9561926e-01;3.7500000e+01;2.1863744e-01;3.7500000e+01;1.9382963e-01;3.7500000e+01;1.4854050e-01;3.7500000e+01;9.8809406e-02;3.7500000e+01;5.5278666e-02;3.7500000e+01;8.2607120e-03;3.7500000e+01;-3.4169771e-02;3.7500000e+01;-7.9662554e-02;3.7500000e+01;-1.2217682e-01;3.7500000e+01;-6.4618945e-02;3.7500000e+01;-3.1034514e-02;3.7500000e+01;2.2351071e-02;3.7500000e+01;8.8510737e-02;3.7500000e+01;1.7575336e-01;3.7500000e+01;2.6043099e-01;3.7500000e+01;2.8690541e-01;3.7500000e+01;2.5489229e-01;3.7500000e+01;1.9561926e-01;3.7500000e+01;2.1863744e-01;3.7500000e+01;1.9382963e-01;3.7500000e+01;1.4854050e-01;3.7500000e+01;9.8809406e-02;3.7500000e+01;5.5278666e-02;3.7500000e+01;8.2607120e-03;3.7500000e+01;-3.4169771e-02;3.7500000e+01;-7.9662554e-02;3.7500000e+01;-1.2217682e-01;3.7500000e+01;-6.4618945e-02;3.7500000e+01;-3.1034514e-02;3.7500000e+01;2.2351071e-02;3.7500000e+01;8.8510737e-02;3.7500000e+01;1.7575336e-01;3.7500000e+01;2.6043099e-01;3.7500000e+01;2.8690541e-01;3.7500000e+01;2.5489229e-01;3.7500000e+01;1.9561926e-01;3.7500000e+01;2.1863744e-01;3.7500000e+01;1.9382963e-01;3.7500000e+01;1.4854050e-01;3.7500000e+01;9.8809406e-02;3.7500000e+01;5.5278666e-02;3.7500000e+01;8.2607120e-03;3.7500000e+01;-3.4169771e-02;3.7500000e+01;-7.9662554e-02;3.7500000e+01;-1.2217682e-01;3.7500000e+01;-6.4618945e-02;3.7500000e+01;-3.1034514e-02;3.7500000e+01;2.2351071e-02;3.7500000e+01;8.8510737e-02;3.7500000e+01;1.7575336e-01;3.7500000e+01;2.6043099e-01;3.7500000e+01;2.8690541e-01;3.7500000e+01;2.5489229e-01;3.7500000e+01;1.9561926e-01;3.7500000e+01;2.1863744e-01;3.7500000e+01;1.9382963e-01;3.7500000e+01;1.4854050e-01;3.7500000e+01;9.8809406e-02;3.7500000e+01;5.5278666e-02;3.7500000e+01;8.2607120e-03;3.7500000e+01;-3.4169771e-02;3.7500000e+01;-7.9662554e-02;3.7500000e+01;-1.2217682e-01;3.7500000e+01;-6.4618945e-02;3.7500000e+01;-3.1034514e-02;3.7500000e+01;2.2351071e-02;3.7500000e+01;8.8510737e-02;3.7500000e+01;1.7575336e-01;3.7500000e+01;2.6043099e-01;3.7500000e+01;2.8690541e-01;3.7500000e+01;2.5489229e-01;3.7500000e+01;1.9561926e-01;3.7500000e+01;2.1863744e-01;3.7500000e+01;1.9382963e-01;3.7500000e+01;1.4854050e-01;3.7500000e+01;9.8809406e-02;3.7500000e+01;5.5278666e-02;3.7500000e+01;8.2607120e-03;3.7500000e+01;-3.4169771e-02;3.7500000e+01;-7.9662554e-02;3.7500000e+01;-1.2217682e-01;3.7500000e+01;-6.4618945e-02;3.7500000e+01;-3.1034514e-02;3.7500000e+01;2.2351071e-02;3.7500000e+01;8.8510737e-02;3.7500000e+01;1.7575336e-01;3.7500000e+01;2.6043099e-01;3.7500000e+01;2.8690541e-01;3.7500000e+01;2.5489229e-01;3.7500000e+01;1.9561926e-01;3.7500000e+01;2.1863744e-01;3.7500000e+01;1.9382963e-01;3.7500000e+01;1.4854050e-01;3.7500000e+01;9.8809406e-02;3.7500000e+01;5.5278666e-02;3.7500000e+01;8.2607120e-03;3.7500000e+01;-3.4169771e-02;3.7500000e+01;-7.9662554e-02;3.7500000e+01;-1.2217682e-01;3.7500000e+01;-6.4618945e-02;3.7500000e+01;-3.1034514e-02;3.7500000e+01;2.2351071e-02;3.7500000e+01;8.8510737e-02;3.7500000e+01;1.7575336e-01;3.7500000e+01;2.6043099e-01;3.7500000e+01;2.8690541e-01;3.7500000e+01;2.5489229e-01;3.7500000e+01;1.9561926e-01;3.7500000e+01;2.1863744e-01;3.7500000e+01;1.9382963e-01;3.7500000e+01;1.4854050e-01;3.7500000e+01;9.8809406e-02;3.7500000e+01;5.5278666e-02;3.7500000e+01;8.2607120e-03;3.7500000e+01;-3.4169771e-02;3.7500000e+01;-7.9662554e-02;3.7500000e+01;-1.2217682e-01;3.7500000e+01;-6.4618945e-02;3.7500000e+01;-3.1034514e-02;3.7500000e+01;2.2351071e-02;3.7500000e+01;8.8510737e-02;3.7500000e+01;1.7575336e-01;3.7500000e+01;2.6043099e-01;3.7500000e+01;2.8690541e-01;3.7500000e+01;2.5489229e-01;3.7500000e+01;1.9561926e-01;3.7500000e+01;2.1863744e-01;3.7500000e+01;1.9382963e-01;3.7500000e+01;1.4854050e-01;3.7500000e+01;9.8809406e-02;3.7500000e+01;5.5278666e-02;3.7500000e+01;8.2607120e-03;3.7500000e+01;-3.4169771e-02;3.7500000e+01;-7.9662554e-02;3.7500000e+01;-1.2217682e-01;3.7500000e+01;-6.4618945e-02;3.7500000e+01;-3.1034514e-02;3.7500000e+01;2.2351071e-02;3.7500000e+01;8.8510737e-02;3.7500000e+01;1.7575336e-01;3.7500000e+01;2.6043099e-01;3.7500000e+01;2.8690541e-01;3.7500000e+01;2.5489229e-01;3.7500000e+01;1.9561926e-01;3.7500000e+01;2.1863744e-01;3.7500000e+01;1.9382963e-01;3.7500000e+01;1.4854050e-01;3.7500000e+01;9.8809406e-02;3.7500000e+01;5.5278666e-02;3.7500000e+01;8.2607120e-03;3.7500000e+01;-3.4169771e-02;3.7500000e+01;-7.9662554e-02;3.7500000e+01;-1.2217682e-01;3.7500000e+01;-6.4618945e-02;3.7500000e+01;-3.1034514e-02;3.7500000e+01;2.2351071e-02;3.7500000e+01;8.8510737e-02;3.7500000e+01;1.7575336e-01;3.7500000e+01;2.6043099e-01;3.7500000e+01;2.8690541e-01;3.7500000e+01;2.5489229e-01;3.7500000e+01;1.9561926e-01;3.7500000e+01;2.1863744e-01;3.7500000e+01;1.9382963e-01;3.7500000e+01;1.4854050e-01;3.7500000e+01;9.8809406e-02;3.7500000e+01;5.5278666e-02;3.7500000e+01;8.2607120e-03;3.7500000e+01;-3.4169771e-02;3.7500000e+01;-7.9662554e-02;3.7500000e+01;-1.2217682e-01;3.7500000e+01;-6.4618945e-02;3.7500000e+01;-3.1034514e-02;3.7500000e+01;2.2351071e-02;3.7500000e+01;8.8510737e-02;3.7500000e+01;1.7575336e-01;3.7500000e+01;2.6043099e-01;3.7500000e+01;2.8690541e-01;3.7500000e+01;2.5489229e-01;3.7500000e+01;1.9561926e-01;3.7500000e+01;2.1863744e-01;3.7500000e+01;1.9382963e-01;3.7500000e+01;1.4854050e-01;3.7500000e+01;9.8809406e-02;3.7500000e+01;5.5278666e-02;3.7500000e+01;8.2607120e-03;3.7500000e+01;-3.4169771e-02;3.7500000e+01;-7.9662554e-02;3.7500000e+01;-1.2217682e-01;3.7500000e+01;-6.4618945e-02;3.7500000e+01;-3.1034514e-02;3.7500000e+01;2.2351071e-02;3.7500000e+01;8.8510737e-02;3.7500000e+01;1.7575336e-01;3.7500000e+01;2.6043099e-01;3.7500000e+01;2.8690541e-01;3.7500000e+01;2.5489229e-01;3.7500000e+01;1.9561926e-01;3.7500000e+01;2.1863744e-01;3.7500000e+01;1.9382963e-01;3.7500000e+01;1.4854050e-01;3.7500000e+01;9.8809406e-02;3.7500000e+01;5.5278666e-02;3.7500000e+01;8.2607120e-03;3.7500000e+01;-3.4169771e-02;3.7500000e+01;-7.9662554e-02;3.7500000e+01;-1.2217682e-01;3.7500000e+01;-6.4618945e-02;3.7500000e+01;-3.1034514e-02;3.7500000e+01;2.2351071e-02;3.7500000e+01;8.8510737e-02;3.7500000e+01;1.7575336e-01;3.7500000e+01;2.6043099e-01;3.7500000e+01;2.8690541e-01;3.7500000e+01;2.5489229e-01;3.7500000e+01;1.9561926e-01;3.7500000e+01;2.1863744e-01;3.7500000e+01;1.9382963e-01;3.7500000e+01;1.4854050e-01;3.7500000e+01;9.8809406e-02;3.7500000e+01;5.5278666e-02;3.7500000e+01;8.2607120e-03;3.7500000e+01;-3.4169771e-02;3.7500000e+01;-7.9662554e-02;3.7500000e+01;-1.2217682e-01;3.7500000e+01;-6.4618945e-02;3.7500000e+01;-3.1034514e-02;3.7500000e+01;2.2351071e-02;3.7500000e+01;8.8510737e-02;3.7500000e+01;1.7575336e-01;3.7500000e+01;2.6043099e-01;3.7500000e+01;2.8690541e-01;3.7500000e+01;2.5489229e-01;3.7500000e+01;1.9561926e-01;3.7500000e+01;2.1863744e-01;3.7500000e+01;1.9382963e-01;3.7500000e+01;1.4854050e-01;3.7500000e+01;9.8809406e-02;3.7500000e+01;5.5278666e-02;3.7500000e+01;8.2607120e-03;3.7500000e+01;-3.4169771e-02;3.7500000e+01;-7.9662554e-02;3.7500000e+01;-1.2217682e-01;3.7500000e+01;-6.4618945e-02;3.7500000e+01;-3.1034514e-02;3.7500000e+01;2.2351071e-02;3.7500000e+01;8.8510737e-02;3.7500000e+01;1.7575336e-01;3.7500000e+01;2.6043099e-01;3.7500000e+01;2.8690541e-01;3.7500000e+01;2.5489229e-01;3.7500000e+01;1.9561926e-01;3.7500000e+01;2.1863744e-01;3.7500000e+01;1.9382963e-01;3.7500000e+01;1.4854050e-01;3.7500000e+01;9.8809406e-02;3.7500000e+01;5.5278666e-02;3.7500000e+01;8.2607120e-03;3.7500000e+01;-3.4169771e-02;3.7500000e+01;-7.9662554e-02;3.7500000e+01;-1.2217682e-01;3.7500000e+01;-6.4618945e-02;3.7500000e+01;-3.1034514e-02;3.7500000e+01;2.2351071e-02;3.7500000e+01;8.8510737e-02;3.7500000e+01;1.7575336e-01;3.7500000e+01;2.6043099e-01;3.7500000e+01;2.8690541e-01;3.7500000e+01;2.5489229e-01;3.7500000e+01;1.9561926e-01;3.7500000e+01;2.1863744e-01;3.7500000e+01;1.9382963e-01;3.7500000e+01;1.4854050e-01;3.7500000e+01;9.8809406e-02;3.7500000e+01;5.5278666e-02;3.7500000e+01;8.2607120e-03;3.7500000e+01;-3.4169771e-02;3.7500000e+01;-7.9662554e-02;3.7500000e+01;-1.2217682e-01;3.7500000e+01;-6.4618945e-02;3.7500000e+01;-3.1034514e-02;3.7500000e+01;2.2351071e-02;3.7500000e+01;8.8510737e-02;3.7500000e+01;1.7575336e-01;3.7500000e+01;2.6043099e-01;3.7500000e+01;2.8690541e-01;3.7500000e+01;2.5489229e-01;3.7500000e+01;1.9561926e-01;3.7500000e+01;2.1863744e-01;3.7500000e+01;1.9382963e-01;3.7500000e+01;1.4854050e-01;3.7500000e+01;9.8809406e-02;3.7500000e+01;5.5278666e-02;3.7500000e+01;8.2607120e-03;3.7500000e+01;-3.4169771e-02;3.7500000e+01;-7.9662554e-02;3.7500000e+01;-1.2217682e-01;3.7500000e+01;-6.4618945e-02;3.7500000e+01;-3.1034514e-02;3.7500000e+01;2.2351071e-02;3.7500000e+01;8.8510737e-02;3.7500000e+01;1.7575336e-01;3.7500000e+01;2.6043099e-01;3.7500000e+01;2.8690541e-01;3.7500000e+01;2.5489229e-01;3.7500000e+01;1.9561926e-01;3.7500000e+01;2.1863744e-01;3.7500000e+01;1.9382963e-01;3.7500000e+01;1.4854050e-01;3.7500000e+01;9.8809406e-02;3.7500000e+01;5.5278666e-02;3.7500000e+01;8.2607120e-03;3.7500000e+01;-3.4169771e-02;3.7500000e+01;-7.9662554e-02;3.7500000e+01;-1.2217682e-01;3.7500000e+01;-6.4618945e-02;3.7500000e+01;-3.1034514e-02;3.7500000e+01;2.2351071e-02;3.7500000e+01;8.8510737e-02;3.7500000e+01;1.7575336e-01;3.7500000e+01;2.6043099e-01;3.7500000e+01;2.8690541e-01;3.7500000e+01;2.5489229e-01;3.7500000e+01;1.9561926e-01;3.7500000e+01;2.1863744e-01;3.7500000e+01;1.9382963e-01;3.7500000e+01;1.4854050e-01;3.7500000e+01;9.8809406e-02;3.7500000e+01;5.5278666e-02;3.7500000e+01;8.2607120e-03;3.7500000e+01;-3.4169771e-02;3.7500000e+01;-7.9662554e-02;3.7500000e+01;-1.2217682e-01;3.7500000e+01;-6.4618945e-02;3.7500000e+01;-3.1034514e-02;3.7500000e+01;2.2351071e-02;3.7500000e+01;8.8510737e-02;3.7500000e+01;1.7575336e-01;3.7500000e+01;2.6043099e-01;3.7500000e+01;2.8690541e-01;3.7500000e+01;2.5489229e-01;3.7500000e+01;1.9561926e-01;3.7500000e+01;2.1863744e-01;3.7500000e+01;1.9382963e-01;3.7500000e+01;1.4854050e-01;3.7500000e+01;9.8809406e-02;3.7500000e+01;5.5278666e-02;3.7500000e+01;8.2607120e-03;3.7500000e+01;-3.4169771e-02;3.7500000e+01;-7.9662554e-02;3.7500000e+01;-1.2217682e-01;3.7500000e+01;-6.4618945e-02;3.7500000e+01;-3.1034514e-02;3.7500000e+01;2.2351071e-02;3.7500000e+01;8.8510737e-02;3.7500000e+01;1.7575336e-01;3.7500000e+01;2.6043099e-01;3.7500000e+01;2.8690541e-01;3.7500000e+01;2.5489229e-01;3.7500000e+01;1.9561926e-01;3.7500000e+01;2.1863744e-01;3.7500000e+01;1.9382963e-01;3.7500000e+01;1.4854050e-01;3.7500000e+01;9.8809406e-02;3.7500000e+01;5.5278666e-02;3.7500000e+01;8.2607120e-03;3.7500000e+01;-3.4169771e-02;3.7500000e+01;-7.9662554e-02;3.7500000e+01;-1.2217682e-01;3.7500000e+01;-6.4618945e-02;3.7500000e+01;-3.1034514e-02;3.7500000e+01;2.2351071e-02;3.7500000e+01;8.8510737e-02;3.7500000e+01;1.7575336e-01;3.7500000e+01;2.6043099e-01;3.7500000e+01;2.8690541e-01;3.7500000e+01;2.5489229e-01;3.7500000e+01;1.9561926e-01;3.7500000e+01;2.1863744e-01;3.7500000e+01;1.9382963e-01;3.7500000e+01;1.4854050e-01;3.7500000e+01;9.8809406e-02;3.7500000e+01;5.5278666e-02;3.7500000e+01;8.2607120e-03;3.7500000e+01;-3.4169771e-02;3.7500000e+01;-7.9662554e-02;3.7500000e+01;-1.2217682e-01;3.7500000e+01;-6.4618945e-02;3.7500000e+01;-3.1034514e-02;3.7500000e+01;2.2351071e-02;3.7500000e+01;8.8510737e-02;3.7500000e+01;1.7575336e-01;3.7500000e+01;2.6043099e-01;3.7500000e+01;2.8690541e-01;3.7500000e+01;2.5489229e-01;3.7500000e+01;1.9561926e-01;3.7500000e+01;2.1863744e-01;3.7500000e+01;1.9382963e-01;3.7500000e+01;1.4854050e-01;3.7500000e+01;9.8809406e-02;3.7500000e+01;5.5278666e-02;3.7500000e+01;8.2607120e-03;3.7500000e+01;-3.4169771e-02;3.7500000e+01;-7.9662554e-02;3.7500000e+01;-1.2217682e-01;3.7500000e+01;-6.4618945e-02;3.7500000e+01;-3.1034514e-02;3.7500000e+01;2.2351071e-02;3.7500000e+01;8.8510737e-02;3.7500000e+01;1.7575336e-01;3.7500000e+01;2.6043099e-01;3.7500000e+01;2.8690541e-01;3.7500000e+01;2.5489229e-01;3.7500000e+01;1.9561926e-01;3.7500000e+01;2.1863744e-01;3.7500000e+01;1.9382963e-01;3.7500000e+01;1.4854050e-01;3.7500000e+01;9.8809406e-02;3.7500000e+01;5.5278666e-02;3.7500000e+01;8.2607120e-03;3.7500000e+01;-3.4169771e-02;3.7500000e+01;-7.9662554e-02;3.7500000e+01;-1.2217682e-01;3.7500000e+01;-6.4618945e-02;3.7500000e+01;-3.1034514e-02;3.7500000e+01;2.2351071e-02;3.7500000e+01;8.8510737e-02;3.7500000e+01;1.7575336e-01;3.7500000e+01;2.6043099e-01;3.7500000e+01;2.8690541e-01;3.7500000e+01;2.5489229e-01;3.7500000e+01;1.9561926e-01;3.7500000e+01;2.1863744e-01;3.7500000e+01;1.9382963e-01;3.7500000e+01;1.4854050e-01;3.7500000e+01;9.8809406e-02;3.7500000e+01;5.5278666e-02;3.7500000e+01;8.2607120e-03;3.7500000e+01;-3.4169771e-02;3.7500000e+01;-7.9662554e-02;3.7500000e+01;-1.2217682e-01;3.7500000e+01;-6.4618945e-02;3.7500000e+01;-3.1034514e-02;3.7500000e+01;2.2351071e-02;3.7500000e+01;8.8510737e-02;3.7500000e+01;1.7575336e-01;3.7500000e+01;2.6043099e-01;3.7500000e+01;2.8690541e-01;3.7500000e+01;2.5489229e-01;3.7500000e+01;1.9561926e-01;3.7500000e+01;2.1863744e-01;3.7500000e+01;1.9382963e-01;3.7500000e+01;1.4854050e-01;3.7500000e+01;9.8809406e-02;3.7500000e+01;5.5278666e-02;3.7500000e+01;8.2607120e-03;3.7500000e+01;-3.4169771e-02;3.7500000e+01;-7.9662554e-02;3.7500000e+01;-1.2217682e-01;3.7500000e+01;-6.4618945e-02;3.7500000e+01;-3.1034514e-02;3.7500000e+01;2.2351071e-02;3.7500000e+01;8.8510737e-02;3.7500000e+01;1.7575336e-01;3.7500000e+01;2.6043099e-01;3.7500000e+01;2.8690541e-01;3.7500000e+01;2.5489229e-01;3.7500000e+01;1.9561926e-01;3.7500000e+01;2.1863744e-01;3.7500000e+01;1.9382963e-01;3.7500000e+01;1.4854050e-01;3.7500000e+01;9.8809406e-02;3.7500000e+01;5.5278666e-02;3.7500000e+01;8.2607120e-03;3.7500000e+01;-3.4169771e-02;3.7500000e+01;-7.9662554e-02;3.7500000e+01;-1.2217682e-01;3.7500000e+01;-6.4618945e-02;3.7500000e+01;-3.1034514e-02;3.7500000e+01;2.2351071e-02;3.7500000e+01;8.8510737e-02;3.7500000e+01;1.7575336e-01;3.7500000e+01;2.6043099e-01;3.7500000e+01;2.8690541e-01;3.7500000e+01;2.5489229e-01;3.7500000e+01;1.9561926e-01;3.7500000e+01;2.1863744e-01;3.7500000e+01;1.9382963e-01;3.7500000e+01;1.4854050e-01;3.7500000e+01;9.8809406e-02;3.7500000e+01;5.5278666e-02;3.7500000e+01;8.2607120e-03;3.7500000e+01;-3.4169771e-02;3.7500000e+01;-7.9662554e-02;3.7500000e+01;-1.2217682e-01;3.7500000e+01;-6.4618945e-02;3.7500000e+01;-3.1034514e-02;3.7500000e+01;2.2351071e-02;3.7500000e+01;8.8510737e-02;3.7500000e+01;1.7575336e-01;3.7500000e+01;2.6043099e-01;3.7500000e+01;2.8690541e-01;3.7500000e+01;2.5489229e-01;3.7500000e+01;1.9561926e-01;3.7500000e+01;2.1863744e-01;3.7500000e+01;1.9382963e-01;3.7500000e+01;1.4854050e-01;3.7500000e+01;9.8809406e-02;3.7500000e+01;5.5278666e-02;3.7500000e+01;8.2607120e-03;3.7500000e+01;-3.4169771e-02;3.7500000e+01;-7.9662554e-02;3.7500000e+01;-1.2217682e-01;3.7500000e+01;-6.4618945e-02;3.7500000e+01;-3.1034514e-02;3.7500000e+01;2.2351071e-02;3.7500000e+01;8.8510737e-02;3.7500000e+01;1.7575336e-01;3.7500000e+01;2.6043099e-01;3.7500000e+01;2.8690541e-01;3.7500000e+01;2.5489229e-01;3.7500000e+01;1.9561926e-01;3.7500000e+01;2.1863744e-01;3.7500000e+01;1.9382963e-01;3.7500000e+01;1.4854050e-01;3.7500000e+01;9.8809406e-02;3.7500000e+01;5.5278666e-02;3.7500000e+01;8.2607120e-03;3.7500000e+01;-3.4169771e-02;3.7500000e+01;-7.9662554e-02;3.7500000e+01;-1.2217682e-01;3.7500000e+01;-6.4618945e-02;3.7500000e+01;-3.1034514e-02;3.7500000e+01;2.2351071e-02;3.7500000e+01;8.8510737e-02;3.7500000e+01;1.7575336e-01;3.7500000e+01;2.6043099e-01;3.7500000e+01;2.8690541e-01;3.7500000e+01;2.5489229e-01;3.7500000e+01;1.9561926e-01;3.7500000e+01;2.1863744e-01;3.7500000e+01;1.9382963e-01;3.7500000e+01;1.4854050e-01;3.7500000e+01;9.8809406e-02;3.7500000e+01;5.5278666e-02;3.7500000e+01;8.2607120e-03;3.7500000e+01;-3.4169771e-02;3.7500000e+01;-7.9662554e-02;3.7500000e+01;-1.2217682e-01;3.7500000e+01;-6.4618945e-02;3.7500000e+01;-3.1034514e-02;3.7500000e+01;2.2351071e-02;3.7500000e+01;8.8510737e-02;3.7500000e+01;1.7575336e-01;3.7500000e+01;2.6043099e-01;3.7500000e+01;2.8690541e-01;3.7500000e+01;2.5489229e-01;3.7500000e+01;1.9561926e-01;3.7500000e+01;2.1863744e-01;3.7500000e+01;1.9382963e-01;3.7500000e+01;1.4854050e-01;3.7500000e+01;9.8809406e-02;3.7500000e+01;5.5278666e-02;3.7500000e+01;8.2607120e-03;3.7500000e+01;-3.4169771e-02;3.7500000e+01;-7.9662554e-02;3.7500000e+01;-1.2217682e-01;3.7500000e+01;-6.4618945e-02;3.7500000e+01;-3.1034514e-02;3.7500000e+01;2.2351071e-02;3.7500000e+01;8.8510737e-02;3.7500000e+01;1.7575336e-01;3.7500000e+01;2.6043099e-01;3.7500000e+01;2.8690541e-01;3.7500000e+01;2.5489229e-01;3.7500000e+01;1.9561926e-01;3.7500000e+01;2.1863744e-01;3.7500000e+01;1.9382963e-01;3.7500000e+01;1.4854050e-01;3.7500000e+01;9.8809406e-02;3.7500000e+01;5.5278666e-02;3.7500000e+01;8.2607120e-03;3.7500000e+01;-3.4169771e-02;3.7500000e+01;-7.9662554e-02;3.7500000e+01;-1.2217682e-01;3.7500000e+01;-6.4618945e-02;3.7500000e+01;-3.1034514e-02;3.7500000e+01;2.2351071e-02;3.7500000e+01;8.8510737e-02;3.7500000e+01;1.7575336e-01;3.7500000e+01;2.6043099e-01;3.7500000e+01;2.8690541e-01;3.7500000e+01;2.5489229e-01;3.7500000e+01;1.9561926e-01;3.7500000e+01;2.1863744e-01;3.7500000e+01;1.9382963e-01;3.7500000e+01;1.4854050e-01;3.7500000e+01;9.8809406e-02;3.7500000e+01;5.5278666e-02;3.7500000e+01;8.2607120e-03;3.7500000e+01;-3.4169771e-02;3.7500000e+01;-7.9662554e-02;3.7500000e+01;-1.2217682e-01;3.7500000e+01;-6.4618945e-02;3.7500000e+01;-3.1034514e-02;3.7500000e+01;2.2351071e-02;3.7500000e+01;8.8510737e-02;3.7500000e+01;1.7575336e-01;3.7500000e+01;2.6043099e-01;3.7500000e+01;2.8690541e-01;3.7500000e+01;2.5489229e-01;3.7500000e+01;1.9561926e-01;3.7500000e+01;2.1863744e-01;3.7500000e+01;1.9382963e-01;3.7500000e+01;1.4854050e-01;3.7500000e+01;9.8809406e-02;3.7500000e+01;5.5278666e-02;3.7500000e+01;8.2607120e-03;3.7500000e+01;-3.4169771e-02;3.7500000e+01;-7.9662554e-02;3.7500000e+01;-1.2217682e-01;3.7500000e+01;-6.4618945e-02;3.7500000e+01;-3.1034514e-02;3.7500000e+01;2.2351071e-02;3.7500000e+01;8.8510737e-02;3.7500000e+01;1.7575336e-01;3.7500000e+01;2.6043099e-01;3.7500000e+01;2.8690541e-01;3.7500000e+01;2.5489229e-01;3.7500000e+01;1.9561926e-01;3.7500000e+01;2.1863744e-01;3.7500000e+01;1.9382963e-01;3.7500000e+01;1.4854050e-01;3.7500000e+01;9.8809406e-02;3.7500000e+01;5.5278666e-02;3.7500000e+01;8.2607120e-03;3.7500000e+01;-3.4169771e-02;3.7500000e+01;-7.9662554e-02;3.7500000e+01;-1.2217682e-01;3.7500000e+01;-6.4618945e-02;3.7500000e+01;-3.1034514e-02;3.7500000e+01;2.2351071e-02;3.7500000e+01;8.8510737e-02;3.7500000e+01;1.7575336e-01;3.7500000e+01;2.6043099e-01;3.7500000e+01;2.8690541e-01;3.7500000e+01;2.5489229e-01;3.7500000e+01;1.9561926e-01;3.7500000e+01;2.1863744e-01;3.7500000e+01;1.9382963e-01;3.7500000e+01;1.4854050e-01;3.7500000e+01;9.8809406e-02;3.7500000e+01;5.5278666e-02;3.7500000e+01;8.2607120e-03;3.7500000e+01;-3.4169771e-02;3.7500000e+01;-7.9662554e-02;3.7500000e+01;-1.2217682e-01;3.7500000e+01;-6.4618945e-02;3.7500000e+01;-3.1034514e-02;3.7500000e+01;2.2351071e-02;3.7500000e+01;8.8510737e-02;3.7500000e+01;1.7575336e-01;3.7500000e+01;2.6043099e-01;3.7500000e+01;2.8690541e-01;3.7500000e+01;2.5489229e-01;3.7500000e+01;1.9561926e-01;3.7500000e+01;2.1863744e-01;3.7500000e+01;1.9382963e-01;3.7500000e+01;1.4854050e-01;3.7500000e+01;9.8809406e-02;3.7500000e+01;5.5278666e-02;3.7500000e+01;8.2607120e-03;3.7500000e+01;-3.4169771e-02;3.7500000e+01;-7.9662554e-02;3.7500000e+01;-1.2217682e-01;3.7500000e+01;-6.4618945e-02;3.7500000e+01;-3.1034514e-02;3.7500000e+01;2.2351071e-02;3.7500000e+01;8.8510737e-02;3.7500000e+01;1.7575336e-01;3.7500000e+01;2.6043099e-01;3.7500000e+01;2.8690541e-01;3.7500000e+01;2.5489229e-01;3.7500000e+01;1.9561926e-01;3.7500000e+01;2.1863744e-01;3.7500000e+01;1.9382963e-01;3.7500000e+01;1.4854050e-01;3.7500000e+01;9.8809406e-02;3.7500000e+01;5.5278666e-02;3.7500000e+01;8.2607120e-03;3.7500000e+01;-3.4169771e-02;3.7500000e+01;-7.9662554e-02;3.7500000e+01;-1.2217682e-01;3.7500000e+01;-6.4618945e-02;3.7500000e+01;-3.1034514e-02;3.7500000e+01;2.2351071e-02;3.7500000e+01;8.8510737e-02;3.7500000e+01;1.7575336e-01;3.7500000e+01;2.6043099e-01;3.7500000e+01;2.8690541e-01;3.7500000e+01;2.5489229e-01;3.7500000e+01;1.9561926e-01;3.7500000e+01;2.1863744e-01;3.7500000e+01;1.9382963e-01;3.7500000e+01;1.4854050e-01;3.7500000e+01;9.8809406e-02;3.7500000e+01;5.5278666e-02;3.7500000e+01;8.2607120e-03;3.7500000e+01;-3.4169771e-02;3.7500000e+01;-7.9662554e-02;3.7500000e+01;-1.2217682e-01;3.7500000e+01;-6.4618945e-02;3.7500000e+01;-3.1034514e-02;3.7500000e+01;2.2351071e-02;3.7500000e+01;8.8510737e-02;3.7500000e+01;1.7575336e-01;3.7500000e+01;2.6043099e-01;3.7500000e+01;2.8690541e-01;3.7500000e+01;2.5489229e-01;3.7500000e+01;1.9561926e-01;3.7500000e+01;2.1863744e-01;3.7500000e+01;1.9382963e-01;3.7500000e+01;1.4854050e-01;3.7500000e+01;9.8809406e-02;3.7500000e+01;5.5278666e-02;3.7500000e+01;8.2607120e-03;3.7500000e+01;-3.4169771e-02;3.7500000e+01;-7.9662554e-02;3.7500000e+01;-1.2217682e-01;3.7500000e+01;-6.4618945e-02;3.7500000e+01;-3.1034514e-02;3.7500000e+01;2.2351071e-02;3.7500000e+01;8.8510737e-02;3.7500000e+01;1.7575336e-01;3.7500000e+01;2.6043099e-01;3.7500000e+01;2.8690541e-01;3.7500000e+01;2.5489229e-01;3.7500000e+01;1.9561926e-01;3.7500000e+01;2.1863744e-01;3.7500000e+01;1.9382963e-01;3.7500000e+01;1.4854050e-01;3.7500000e+01;9.8809406e-02;3.7500000e+01;5.5278666e-02;3.7500000e+01;8.2607120e-03;3.7500000e+01;-3.4169771e-02;3.7500000e+01;-7.9662554e-02;3.7500000e+01;-1.2217682e-01;3.7500000e+01;-6.4618945e-02;3.7500000e+01;-3.1034514e-02;3.7500000e+01;2.2351071e-02;3.7500000e+01;8.8510737e-02;3.7500000e+01;1.7575336e-01;3.7500000e+01;2.6043099e-01;3.7500000e+01;2.8690541e-01;3.7500000e+01;2.5489229e-01;3.7500000e+01;1.9561926e-01;3.7500000e+01;2.1863744e-01;3.7500000e+01;1.9382963e-01;3.7500000e+01;1.4854050e-01;3.7500000e+01;9.8809406e-02;3.7500000e+01;5.5278666e-02;3.7500000e+01;8.2607120e-03;3.7500000e+01;-3.4169771e-02;3.7500000e+01;-7.9662554e-02;3.7500000e+01;-1.2217682e-01;3.7500000e+01;-6.4618945e-02;3.7500000e+01;-3.1034514e-02;3.7500000e+01;2.2351071e-02;3.7500000e+01;8.8510737e-02;3.7500000e+01;1.7575336e-01;3.7500000e+01;2.6043099e-01;3.7500000e+01;2.8690541e-01;3.7500000e+01;2.5489229e-01;3.7500000e+01;1.9561926e-01;3.7500000e+01;2.1863744e-01;3.7500000e+01;1.9382963e-01;3.7500000e+01;1.4854050e-01;3.7500000e+01;9.8809406e-02;3.7500000e+01;5.5278666e-02;3.7500000e+01;8.2607120e-03;3.7500000e+01;-3.4169771e-02;3.7500000e+01;-7.9662554e-02;3.7500000e+01;-1.2217682e-01;3.7500000e+01;-6.4618945e-02;3.7500000e+01;-3.1034514e-02;3.7500000e+01;2.2351071e-02;3.7500000e+01;8.8510737e-02;3.7500000e+01;1.7575336e-01;3.7500000e+01;2.6043099e-01;3.7500000e+01;2.8690541e-01;3.7500000e+01;2.5489229e-01;3.7500000e+01;1.9561926e-01;3.7500000e+01;2.1863744e-01;3.7500000e+01;1.9382963e-01;3.7500000e+01;1.4854050e-01;3.7500000e+01;9.8809406e-02;3.7500000e+01;5.5278666e-02;3.7500000e+01;8.2607120e-03;3.7500000e+01;-3.4169771e-02;3.7500000e+01;-7.9662554e-02;3.7500000e+01;-1.2217682e-01;3.7500000e+01;-6.4618945e-02;3.7500000e+01;-3.1034514e-02;3.7500000e+01;2.2351071e-02;3.7500000e+01;8.8510737e-02;3.7500000e+01;1.7575336e-01;3.7500000e+01;2.6043099e-01;3.7500000e+01;2.8690541e-01;3.7500000e+01;2.5489229e-01;3.7500000e+01;1.9561926e-01;3.7500000e+01;2.1863744e-01;3.7500000e+01;1.9382963e-01;3.7500000e+01;1.4854050e-01;3.7500000e+01;9.8809406e-02;3.7500000e+01;5.5278666e-02;3.7500000e+01;8.2607120e-03;3.7500000e+01;-3.4169771e-02;3.7500000e+01;-7.9662554e-02;3.7500000e+01;-1.2217682e-01;3.7500000e+01;-6.4618945e-02;3.7500000e+01;-3.1034514e-02;3.7500000e+01;2.2351071e-02;3.7500000e+01;8.8510737e-02;3.7500000e+01;1.7575336e-01;3.7500000e+01;2.6043099e-01;3.7500000e+01;2.8690541e-01;3.7500000e+01;2.5489229e-01;3.7500000e+01;1.9561926e-01;3.7500000e+01;2.1863744e-01;3.7500000e+01;1.9382963e-01;3.7500000e+01;1.4854050e-01;3.7500000e+01;9.8809406e-02;3.7500000e+01;5.5278666e-02;3.7500000e+01;8.2607120e-03;3.7500000e+01;-3.4169771e-02;3.7500000e+01;-7.9662554e-02;3.7500000e+01;-1.2217682e-01;3.7500000e+01;-6.4618945e-02;3.7500000e+01;-3.1034514e-02;3.7500000e+01;2.2351071e-02;3.7500000e+01;8.8510737e-02;3.7500000e+01;1.7575336e-01;3.7500000e+01;2.6043099e-01;3.7500000e+01;2.8690541e-01;3.7500000e+01;2.5489229e-01;3.7500000e+01;1.9561926e-01;3.7500000e+01;2.1863744e-01;3.7500000e+01;1.9382963e-01;3.7500000e+01;1.4854050e-01;3.7500000e+01;9.8809406e-02;3.7500000e+01;5.5278666e-02;3.7500000e+01;8.2607120e-03;3.7500000e+01;-3.4169771e-02;3.7500000e+01;-7.9662554e-02;3.7500000e+01;-1.2217682e-01;3.7500000e+01;-6.4618945e-02;3.7500000e+01;-3.1034514e-02;3.7500000e+01;2.2351071e-02;3.7500000e+01;8.8510737e-02;3.7500000e+01;1.7575336e-01;3.7500000e+01;2.6043099e-01;3.7500000e+01;2.8690541e-01;3.7500000e+01;2.5489229e-01;3.7500000e+01;1.9561926e-01;3.7500000e+01;2.1863744e-01;3.7500000e+01;1.9382963e-01;3.7500000e+01;1.4854050e-01;3.7500000e+01;9.8809406e-02;3.7500000e+01;5.5278666e-02;3.7500000e+01;8.2607120e-03;3.7500000e+01;-3.4169771e-02;3.7500000e+01;-7.9662554e-02;3.7500000e+01;-1.2217682e-01;3.7500000e+01;-6.4618945e-02;3.7500000e+01;-3.1034514e-02;3.7500000e+01;2.2351071e-02;3.7500000e+01;8.8510737e-02;3.7500000e+01;1.7575336e-01;3.7500000e+01;2.6043099e-01;3.7500000e+01;2.8690541e-01;3.7500000e+01;2.5489229e-01;3.7500000e+01;1.9561926e-01;3.7500000e+01;2.1863744e-01;3.7500000e+01;1.9382963e-01;3.7500000e+01;1.4854050e-01;3.7500000e+01;9.8809406e-02;3.7500000e+01;5.5278666e-02;3.7500000e+01;8.2607120e-03;3.7500000e+01;-3.4169771e-02;3.7500000e+01;-7.9662554e-02;3.7500000e+01;-1.2217682e-01;3.7500000e+01;-6.4618945e-02;3.7500000e+01;-3.1034514e-02;3.7500000e+01;2.2351071e-02;3.7500000e+01;8.8510737e-02;3.7500000e+01;1.7575336e-01;3.7500000e+01;2.6043099e-01;3.7500000e+01;2.8690541e-01;3.7500000e+01;2.5489229e-01;3.7500000e+01;1.9561926e-01;3.7500000e+01;2.1863744e-01;3.7500000e+01;1.9382963e-01;3.7500000e+01;1.4854050e-01;3.7500000e+01;9.8809406e-02;3.7500000e+01;5.5278666e-02;3.7500000e+01;8.2607120e-03;3.7500000e+01;-3.4169771e-02;3.7500000e+01;-7.9662554e-02;3.7500000e+01;-1.2217682e-01;3.7500000e+01;-6.4618945e-02;3.7500000e+01;-3.1034514e-02;3.7500000e+01;2.2351071e-02;3.7500000e+01;8.8510737e-02;3.7500000e+01;1.7575336e-01;3.7500000e+01;2.6043099e-01;3.7500000e+01;2.8690541e-01;3.7500000e+01;2.5489229e-01;3.7500000e+01;1.9561926e-01;3.7500000e+01;2.1863744e-01;3.7500000e+01;1.9382963e-01;3.7500000e+01;1.4854050e-01;3.7500000e+01;9.8809406e-02;3.7500000e+01;5.5278666e-02;3.7500000e+01;8.2607120e-03;3.7500000e+01;-3.4169771e-02;3.7500000e+01;-7.9662554e-02;3.7500000e+01;-1.2217682e-01;3.7500000e+01;-6.4618945e-02;3.7500000e+01;-3.1034514e-02;3.7500000e+01;2.2351071e-02;3.7500000e+01;8.8510737e-02;3.7500000e+01;1.7575336e-01;3.7500000e+01;2.6043099e-01;3.7500000e+01;2.8690541e-01;3.7500000e+01;2.5489229e-01;3.7500000e+01;1.9561926e-01;3.7500000e+01;2.1863744e-01;3.7500000e+01;1.9382963e-01;3.7500000e+01;1.4854050e-01;3.7500000e+01;9.8809406e-02;3.7500000e+01;5.5278666e-02;3.7500000e+01;8.2607120e-03;3.7500000e+01;-3.4169771e-02;3.7500000e+01;-7.9662554e-02;3.7500000e+01;-1.2217682e-01;3.7500000e+01;-6.4618945e-02;3.7500000e+01;-3.1034514e-02;3.7500000e+01;2.2351071e-02;3.7500000e+01;8.8510737e-02;3.7500000e+01;1.7575336e-01;3.7500000e+01;2.6043099e-01;3.7500000e+01;2.8690541e-01;3.7500000e+01;2.5489229e-01;3.7500000e+01;1.9561926e-01;3.7500000e+01;2.1863744e-01;3.7500000e+01;1.9382963e-01;3.7500000e+01;1.4854050e-01;3.7500000e+01;9.8809406e-02;3.7500000e+01;5.5278666e-02;3.7500000e+01;8.2607120e-03;3.7500000e+01;-3.4169771e-02;3.7500000e+01;-7.9662554e-02;3.7500000e+01;-1.2217682e-01;3.7500000e+01;-6.4618945e-02;3.7500000e+01;-3.1034514e-02;3.7500000e+01;2.2351071e-02;3.7500000e+01;8.8510737e-02;3.7500000e+01;1.7575336e-01;3.7500000e+01;2.6043099e-01;3.7500000e+01;2.8690541e-01;3.7500000e+01;2.5489229e-01;3.7500000e+01;1.9561926e-01;3.7500000e+01;2.1863744e-01;3.7500000e+01;1.9382963e-01;3.7500000e+01;1.4854050e-01;3.7500000e+01;9.8809406e-02;3.7500000e+01;5.5278666e-02;3.7500000e+01;8.2607120e-03;3.7500000e+01;-3.4169771e-02;3.7500000e+01;-7.9662554e-02;3.7500000e+01;-1.2217682e-01;3.7500000e+01;-6.4618945e-02;3.7500000e+01;-3.1034514e-02;3.7500000e+01;2.2351071e-02;3.7500000e+01;8.8510737e-02;3.7500000e+01;1.7575336e-01;3.7500000e+01;2.6043099e-01;3.7500000e+01;2.8690541e-01;3.7500000e+01;2.5489229e-01;3.7500000e+01;1.9561926e-01;3.7500000e+01;2.1863744e-01;3.7500000e+01;1.9382963e-01;3.7500000e+01;1.4854050e-01;3.7500000e+01;9.8809406e-02;3.7500000e+01;5.5278666e-02;3.7500000e+01;8.2607120e-03;3.7500000e+01;-3.4169771e-02;3.7500000e+01;-7.9662554e-02;3.7500000e+01;-1.2217682e-01;3.7500000e+01;-6.4618945e-02;3.7500000e+01;-3.1034514e-02;3.7500000e+01;2.2351071e-02;3.7500000e+01;8.8510737e-02;3.7500000e+01;1.7575336e-01;3.7500000e+01;2.6043099e-01;3.7500000e+01;2.8690541e-01;3.7500000e+01;2.5489229e-01;3.7500000e+01;1.9561926e-01;3.7500000e+01;2.1863744e-01;3.7500000e+01;1.9382963e-01;3.7500000e+01;1.4854050e-01;3.7500000e+01;9.8809406e-02;3.7500000e+01;5.5278666e-02;3.7500000e+01;8.2607120e-03;3.7500000e+01;-3.4169771e-02;3.7500000e+01;-7.9662554e-02;3.7500000e+01;-1.2217682e-01;3.7500000e+01;-6.4618945e-02;3.7500000e+01;-3.1034514e-02;3.7500000e+01;2.2351071e-02;3.7500000e+01;8.8510737e-02;3.7500000e+01;1.7575336e-01;3.7500000e+01;2.6043099e-01;3.7500000e+01;2.8690541e-01;3.7500000e+01;2.5489229e-01;3.7500000e+01;1.9561926e-01;3.7500000e+01;2.1863744e-01;3.7500000e+01;1.9382963e-01;3.7500000e+01;1.4854050e-01;3.7500000e+01;9.8809406e-02;3.7500000e+01;5.5278666e-02;3.7500000e+01;8.2607120e-03;3.7500000e+01;-3.4169771e-02;3.7500000e+01;-7.9662554e-02;3.7500000e+01;-1.2217682e-01;3.7500000e+01;-6.4618945e-02;3.7500000e+01;-3.1034514e-02;3.7500000e+01;2.2351071e-02;3.7500000e+01;8.8510737e-02;3.7500000e+01;1.7575336e-01;3.7500000e+01;2.6043099e-01;3.7500000e+01;2.8690541e-01;3.7500000e+01;2.5489229e-01;3.7500000e+01;1.9561926e-01;3.7500000e+01;2.1863744e-01;3.7500000e+01;1.9382963e-01;3.7500000e+01;1.4854050e-01;3.7500000e+01;9.8809406e-02;3.7500000e+01;5.5278666e-02;3.7500000e+01;8.2607120e-03;3.7500000e+01;-3.4169771e-02;3.7500000e+01;-7.9662554e-02;3.7500000e+01;-1.2217682e-01;3.7500000e+01;-6.4618945e-02;3.7500000e+01;-3.1034514e-02;3.7500000e+01;2.2351071e-02;3.7500000e+01;8.8510737e-02;3.7500000e+01;1.7575336e-01;3.7500000e+01;2.6043099e-01;3.7500000e+01;2.8690541e-01;3.7500000e+01;2.5489229e-01;3.7500000e+01;1.9561926e-01;3.7500000e+01;2.1863744e-01;3.7500000e+01;1.9382963e-01;3.7500000e+01;1.4854050e-01;3.7500000e+01;9.8809406e-02;3.7500000e+01;5.5278666e-02;3.7500000e+01;8.2607120e-03;3.7500000e+01;-3.4169771e-02;3.7500000e+01;-7.9662554e-02;3.7500000e+01;-1.2217682e-01;3.7500000e+01;-6.4618945e-02;3.7500000e+01;-3.1034514e-02;3.7500000e+01;2.2351071e-02;3.7500000e+01;8.8510737e-02;3.7500000e+01;1.7575336e-01;3.7500000e+01;2.6043099e-01;3.7500000e+01;2.8690541e-01;3.7500000e+01;2.5489229e-01;3.7500000e+01;1.9561926e-01;3.7500000e+01;2.1863744e-01;3.7500000e+01;1.9382963e-01;3.7500000e+01;1.4854050e-01;3.7500000e+01;9.8809406e-02;3.7500000e+01;5.5278666e-02;3.7500000e+01;8.2607120e-03;3.7500000e+01;-3.4169771e-02;3.7500000e+01;-7.9662554e-02;3.7500000e+01;-1.2217682e-01;3.7500000e+01;-6.4618945e-02;3.7500000e+01;-3.1034514e-02;3.7500000e+01;2.2351071e-02;3.7500000e+01;8.8510737e-02;3.7500000e+01;1.7575336e-01;3.7500000e+01;2.6043099e-01;3.7500000e+01;2.8690541e-01;3.7500000e+01;2.5489229e-01;3.7500000e+01;1.9561926e-01;3.7500000e+01;2.1863744e-01;3.7500000e+01;1.9382963e-01;3.7500000e+01;1.4854050e-01;3.7500000e+01;9.8809406e-02;3.7500000e+01;5.5278666e-02;3.7500000e+01;8.2607120e-03;3.7500000e+01;-3.4169771e-02;3.7500000e+01;-7.9662554e-02;3.7500000e+01;-1.2217682e-01;3.7500000e+01;-6.4618945e-02;3.7500000e+01;-3.1034514e-02;3.7500000e+01;2.2351071e-02;3.7500000e+01;8.8510737e-02;3.7500000e+01;1.7575336e-01;3.7500000e+01;2.6043099e-01;3.7500000e+01;2.8690541e-01;3.7500000e+01;2.5489229e-01;3.7500000e+01;1.9561926e-01;3.7500000e+01;2.1863744e-01;3.7500000e+01;1.9382963e-01;3.7500000e+01;1.4854050e-01;3.7500000e+01;9.8809406e-02;3.7500000e+01;5.5278666e-02;3.7500000e+01;8.2607120e-03;3.7500000e+01;-3.4169771e-02;3.7500000e+01;-7.9662554e-02;3.7500000e+01;-1.2217682e-01;3.7500000e+01;-6.4618945e-02;3.7500000e+01;-3.1034514e-02;3.7500000e+01;2.2351071e-02;3.7500000e+01;8.8510737e-02;3.7500000e+01;1.7575336e-01;3.7500000e+01;2.6043099e-01;3.7500000e+01;2.8690541e-01;3.7500000e+01;2.5489229e-01;3.7500000e+01;1.9561926e-01;3.7500000e+01;2.1863744e-01;3.7500000e+01;1.9382963e-01;3.7500000e+01;1.4854050e-01;3.7500000e+01;9.8809406e-02;3.7500000e+01;5.5278666e-02;3.7500000e+01;8.2607120e-03;3.7500000e+01;-3.4169771e-02;3.7500000e+01;-7.9662554e-02;3.7500000e+01;-1.2217682e-01;3.7500000e+01;-6.4618945e-02;3.7500000e+01;-3.1034514e-02;3.7500000e+01;2.2351071e-02;3.7500000e+01;8.8510737e-02;3.7500000e+01;1.7575336e-01;3.7500000e+01;2.6043099e-01;3.7500000e+01;2.8690541e-01;3.7500000e+01;2.5489229e-01;3.7500000e+01;1.9561926e-01;3.7500000e+01;2.1863744e-01;3.7500000e+01;1.9382963e-01;3.7500000e+01;1.4854050e-01;3.7500000e+01;9.8809406e-02;3.7500000e+01;5.5278666e-02;3.7500000e+01;8.2607120e-03;3.7500000e+01;-3.4169771e-02;3.7500000e+01;-7.9662554e-02;3.7500000e+01;-1.2217682e-01;3.7500000e+01;-6.4618945e-02;3.7500000e+01;-3.1034514e-02;3.7500000e+01;2.2351071e-02;3.7500000e+01;8.8510737e-02;3.7500000e+01;1.7575336e-01;3.7500000e+01;2.6043099e-01;3.7500000e+01;2.8690541e-01;3.7500000e+01;2.5489229e-01;3.7500000e+01;1.9561926e-01;3.7500000e+01;2.1863744e-01;3.7500000e+01;1.9382963e-01;3.7500000e+01;1.4854050e-01;3.7500000e+01;9.8809406e-02;3.7500000e+01;5.5278666e-02;3.7500000e+01;8.2607120e-03;3.7500000e+01;-3.4169771e-02;3.7500000e+01;-7.9662554e-02;3.7500000e+01;-1.2217682e-01;3.7500000e+01;-6.4618945e-02;3.7500000e+01;-3.1034514e-02;3.7500000e+01;2.2351071e-02;3.7500000e+01;8.8510737e-02;3.7500000e+01;1.7575336e-01;3.7500000e+01;2.6043099e-01;3.7500000e+01;2.8690541e-01;3.7500000e+01;2.5489229e-01;3.7500000e+01;1.9561926e-01;3.7500000e+01;2.1863744e-01;3.7500000e+01;1.9382963e-01;3.7500000e+01;1.4854050e-01;3.7500000e+01;9.8809406e-02;3.7500000e+01;5.5278666e-02;3.7500000e+01;8.2607120e-03;3.7500000e+01;-3.4169771e-02;3.7500000e+01;-7.9662554e-02;3.7500000e+01;-1.2217682e-01;3.7500000e+01;-6.4618945e-02;3.7500000e+01;-3.1034514e-02;3.7500000e+01;2.2351071e-02;3.7500000e+01;8.8510737e-02;3.7500000e+01;1.7575336e-01;3.7500000e+01;2.6043099e-01;3.7500000e+01;2.8690541e-01;3.7500000e+01;2.5489229e-01;3.7500000e+01;1.9561926e-01;3.7500000e+01;2.1863744e-01;3.7500000e+01;1.9382963e-01;3.7500000e+01;1.4854050e-01;3.7500000e+01;9.8809406e-02;3.7500000e+01;5.5278666e-02;3.7500000e+01;8.2607120e-03;3.7500000e+01;-3.4169771e-02;3.7500000e+01;-7.9662554e-02;3.7500000e+01;-1.2217682e-01;3.7500000e+01;-6.4618945e-02;3.7500000e+01;-3.1034514e-02;3.7500000e+01;2.2351071e-02;3.7500000e+01;8.8510737e-02;3.7500000e+01;1.7575336e-01;3.7500000e+01;2.6043099e-01;3.7500000e+01;2.8690541e-01;3.7500000e+01;2.5489229e-01;3.7500000e+01;1.9561926e-01;3.7500000e+01;2.1863744e-01;3.7500000e+01;1.9382963e-01;3.7500000e+01;1.4854050e-01;3.7500000e+01;9.8809406e-02;3.7500000e+01;5.5278666e-02;3.7500000e+01;8.2607120e-03;3.7500000e+01;-3.4169771e-02;3.7500000e+01;-7.9662554e-02;3.7500000e+01;-1.2217682e-01;3.7500000e+01;-6.4618945e-02;3.7500000e+01;-3.1034514e-02;3.7500000e+01;2.2351071e-02;3.7500000e+01;8.8510737e-02;3.7500000e+01;1.7575336e-01;3.7500000e+01;2.6043099e-01;3.7500000e+01;2.8690541e-01;3.7500000e+01;2.5489229e-01;3.7500000e+01;1.9561926e-01;3.7500000e+01;2.1863744e-01;3.7500000e+01;1.9382963e-01;3.7500000e+01;1.4854050e-01;3.7500000e+01;9.8809406e-02;3.7500000e+01;5.5278666e-02;3.7500000e+01;8.2607120e-03;3.7500000e+01;-3.4169771e-02;3.7500000e+01;-7.9662554e-02;3.7500000e+01;-1.2217682e-01;3.7500000e+01;-6.4618945e-02;3.7500000e+01;-3.1034514e-02;3.7500000e+01;2.2351071e-02;3.7500000e+01;8.8510737e-02;3.7500000e+01;1.7575336e-01;3.7500000e+01;2.6043099e-01;3.7500000e+01;2.8690541e-01;3.7500000e+01;2.5489229e-01;3.7500000e+01;1.9561926e-01;3.7500000e+01;2.1863744e-01;3.7500000e+01;1.9382963e-01;3.7500000e+01;1.4854050e-01;3.7500000e+01;9.8809406e-02;3.7500000e+01;5.5278666e-02;3.7500000e+01;8.2607120e-03;3.7500000e+01;-3.4169771e-02;3.7500000e+01;-7.9662554e-02;3.7500000e+01;-1.2217682e-01;3.7500000e+01;-6.4618945e-02;3.7500000e+01;-3.1034514e-02;3.7500000e+01;2.2351071e-02;3.7500000e+01;8.8510737e-02;3.7500000e+01;1.7575336e-01;3.7500000e+01;2.6043099e-01;3.7500000e+01;2.8690541e-01;3.7500000e+01;2.5489229e-01;3.7500000e+01;1.9561926e-01;3.7500000e+01;2.1863744e-01;3.7500000e+01;1.9382963e-01;3.7500000e+01;1.4854050e-01;3.7500000e+01;9.8809406e-02;3.7500000e+01;5.5278666e-02;3.7500000e+01;8.2607120e-03;3.7500000e+01;-3.4169771e-02;3.7500000e+01;-7.9662554e-02;3.7500000e+01;-1.2217682e-01;3.7500000e+01;-6.4618945e-02;3.7500000e+01;-3.1034514e-02;3.7500000e+01;2.2351071e-02;3.7500000e+01;8.8510737e-02;3.7500000e+01;1.7575336e-01;3.7500000e+01;2.6043099e-01;3.7500000e+01;2.8690541e-01;3.7500000e+01;2.5489229e-01;3.7500000e+01;1.9561926e-01;3.7500000e+01;2.1863744e-01;3.7500000e+01;1.9382963e-01;3.7500000e+01;1.4854050e-01;3.7500000e+01;9.8809406e-02;3.7500000e+01;5.5278666e-02;3.7500000e+01;8.2607120e-03;3.7500000e+01;-3.4169771e-02;3.7500000e+01;-7.9662554e-02;3.7500000e+01;-1.2217682e-01;3.7500000e+01;-6.4618945e-02;3.7500000e+01;-3.1034514e-02;3.7500000e+01;2.2351071e-02;3.7500000e+01;8.8510737e-02;3.7500000e+01;1.7575336e-01;3.7500000e+01;2.6043099e-01;3.7500000e+01;2.8690541e-01;3.7500000e+01;2.5489229e-01;3.7500000e+01;1.9561926e-01;3.7500000e+01;2.1863744e-01;3.7500000e+01;1.9382963e-01;3.7500000e+01;1.4854050e-01;3.7500000e+01;9.8809406e-02;3.7500000e+01;5.5278666e-02;3.7500000e+01;8.2607120e-03;3.7500000e+01;-3.4169771e-02;3.7500000e+01;-7.9662554e-02;3.7500000e+01;-1.2217682e-01;3.7500000e+01;-6.4618945e-02;3.7500000e+01;-3.1034514e-02;3.7500000e+01;2.2351071e-02;3.7500000e+01;8.8510737e-02;3.7500000e+01;1.7575336e-01;3.7500000e+01;2.6043099e-01;3.7500000e+01;2.8690541e-01;3.7500000e+01;2.5489229e-01;3.7500000e+01;1.9561926e-01;3.7500000e+01;2.1863744e-01;3.7500000e+01;1.9382963e-01;3.7500000e+01;1.4854050e-01;3.7500000e+01;9.8809406e-02;3.7500000e+01;5.5278666e-02;3.7500000e+01;8.2607120e-03;3.7500000e+01;-3.4169771e-02;3.7500000e+01;-7.9662554e-02;3.7500000e+01;-1.2217682e-01;3.7500000e+01;-6.4618945e-02;3.7500000e+01;-3.1034514e-02;3.7500000e+01;2.2351071e-02;3.7500000e+01;8.8510737e-02;3.7500000e+01;1.7575336e-01;3.7500000e+01;2.6043099e-01;3.7500000e+01;2.8690541e-01;3.7500000e+01;2.5489229e-01;3.7500000e+01;1.9561926e-01;3.7500000e+01;2.1863744e-01;3.7500000e+01;1.9382963e-01;3.7500000e+01;1.4854050e-01;3.7500000e+01;9.8809406e-02;3.7500000e+01;5.5278666e-02;3.7500000e+01;8.2607120e-03;3.7500000e+01;-3.4169771e-02;3.7500000e+01;-7.9662554e-02;3.7500000e+01;-1.2217682e-01;3.7500000e+01;-6.4618945e-02;3.7500000e+01;-3.1034514e-02;3.7500000e+01;2.2351071e-02;3.7500000e+01;8.8510737e-02;3.7500000e+01;1.7575336e-01;3.7500000e+01;2.6043099e-01;3.7500000e+01;2.8690541e-01;3.7500000e+01;2.5489229e-01;3.7500000e+01;1.9561926e-01;3.7500000e+01;2.1863744e-01;3.7500000e+01;1.9382963e-01;3.7500000e+01;1.4854050e-01;3.7500000e+01;9.8809406e-02;3.7500000e+01;5.5278666e-02;3.7500000e+01;8.2607120e-03;3.7500000e+01;-3.4169771e-02;3.7500000e+01;-7.9662554e-02;3.7500000e+01;-1.2217682e-01;3.7500000e+01;-6.4618945e-02;3.7500000e+01;-3.1034514e-02;3.7500000e+01;2.2351071e-02;3.7500000e+01;8.8510737e-02;3.7500000e+01;1.7575336e-01;3.7500000e+01;2.6043099e-01;3.7500000e+01;2.8690541e-01;3.7500000e+01;2.5489229e-01;3.7500000e+01;1.9561926e-01;3.7500000e+01;2.1863744e-01;3.7500000e+01;1.9382963e-01;3.7500000e+01;1.4854050e-01;3.7500000e+01;9.8809406e-02;3.7500000e+01;5.5278666e-02;3.7500000e+01;8.2607120e-03;3.7500000e+01;-3.4169771e-02;3.7500000e+01;-7.9662554e-02;3.7500000e+01;-1.2217682e-01;3.7500000e+01;-6.4618945e-02;3.7500000e+01;-3.1034514e-02;3.7500000e+01;2.2351071e-02;3.7500000e+01;8.8510737e-02;3.7500000e+01;1.7575336e-01;3.7500000e+01;2.6043099e-01;3.7500000e+01;2.8690541e-01;3.7500000e+01;2.5489229e-01;3.7500000e+01;1.9561926e-01;3.7500000e+01;2.1863744e-01;3.7500000e+01;1.9382963e-01;3.7500000e+01;1.4854050e-01;3.7500000e+01;9.8809406e-02;3.7500000e+01;5.5278666e-02;3.7500000e+01;8.2607120e-03;3.7500000e+01;-3.4169771e-02;3.7500000e+01;-7.9662554e-02;3.7500000e+01;-1.2217682e-01;3.7500000e+01;-6.4618945e-02;3.7500000e+01;-3.1034514e-02;3.7500000e+01;2.2351071e-02;3.7500000e+01;8.8510737e-02;3.7500000e+01;1.7575336e-01;3.7500000e+01;2.6043099e-01;3.7500000e+01;2.8690541e-01;3.7500000e+01;2.5489229e-01;3.7500000e+01;1.9561926e-01;3.7500000e+01;2.1863744e-01;3.7500000e+01;1.9382963e-01;3.7500000e+01;1.4854050e-01;3.7500000e+01;9.8809406e-02;3.7500000e+01;5.5278666e-02;3.7500000e+01;8.2607120e-03;3.7500000e+01;-3.4169771e-02;3.7500000e+01;-7.9662554e-02;3.7500000e+01;-1.2217682e-01;3.7500000e+01;-6.4618945e-02;3.7500000e+01;-3.1034514e-02;3.7500000e+01;2.2351071e-02;3.7500000e+01;8.8510737e-02;3.7500000e+01;1.7575336e-01;3.7500000e+01;2.6043099e-01;3.7500000e+01;2.8690541e-01;3.7500000e+01;2.5489229e-01;3.7500000e+01;1.9561926e-01;3.7500000e+01;2.1863744e-01;3.7500000e+01;1.9382963e-01;3.7500000e+01;1.4854050e-01;3.7500000e+01;9.8809406e-02;3.7500000e+01;5.5278666e-02;3.7500000e+01;8.2607120e-03;3.7500000e+01;-3.4169771e-02;3.7500000e+01;-7.9662554e-02;3.7500000e+01;-1.2217682e-01;3.7500000e+01;-6.4618945e-02;3.7500000e+01;-3.1034514e-02;3.7500000e+01;2.2351071e-02;3.7500000e+01;8.8510737e-02;3.7500000e+01;1.7575336e-01;3.7500000e+01;2.6043099e-01;3.7500000e+01;2.8690541e-01;3.7500000e+01;2.5489229e-01;3.7500000e+01;1.9561926e-01;3.7500000e+01;2.1863744e-01;3.7500000e+01;1.9382963e-01;3.7500000e+01;1.4854050e-01;3.7500000e+01;9.8809406e-02;3.7500000e+01;5.5278666e-02;3.7500000e+01;8.2607120e-03;3.7500000e+01;-3.4169771e-02;3.7500000e+01;-7.9662554e-02;3.7500000e+01;-1.2217682e-01;3.7500000e+01;-6.4618945e-02;3.7500000e+01;-3.1034514e-02;3.7500000e+01;2.2351071e-02;3.7500000e+01;8.8510737e-02;3.7500000e+01;1.7575336e-01;3.7500000e+01;2.6043099e-01;3.7500000e+01;2.8690541e-01;3.7500000e+01;2.5489229e-01;3.7500000e+01;1.9561926e-01;3.7500000e+01;2.1863744e-01;3.7500000e+01;1.9382963e-01;3.7500000e+01;1.4854050e-01;3.7500000e+01;9.8809406e-02;3.7500000e+01;5.5278666e-02;3.7500000e+01;8.2607120e-03;3.7500000e+01;-3.4169771e-02;3.7500000e+01;-7.9662554e-02;3.7500000e+01;-1.2217682e-01;3.7500000e+01;-6.4618945e-02;3.7500000e+01;-3.1034514e-02;3.7500000e+01;2.2351071e-02;3.7500000e+01;8.8510737e-02;3.7500000e+01;1.7575336e-01;3.7500000e+01;2.6043099e-01;3.7500000e+01;2.8690541e-01;3.7500000e+01;2.5489229e-01;3.7500000e+01;1.9561926e-01;3.7500000e+01;2.1863744e-01;3.7500000e+01;1.9382963e-01;3.7500000e+01;1.4854050e-01;3.7500000e+01;9.8809406e-02;3.7500000e+01;5.5278666e-02;3.7500000e+01;8.2607120e-03;3.7500000e+01;-3.4169771e-02;3.7500000e+01;-7.9662554e-02;3.7500000e+01;-1.2217682e-01;3.7500000e+01;-6.4618945e-02;3.7500000e+01;-3.1034514e-02;3.7500000e+01;2.2351071e-02;3.7500000e+01;8.8510737e-02;3.7500000e+01;1.7575336e-01;3.7500000e+01;2.6043099e-01;3.7500000e+01;2.8690541e-01;3.7500000e+01;2.5489229e-01;3.7500000e+01;1.9561926e-01;3.7500000e+01;2.1863744e-01;3.7500000e+01;1.9382963e-01;3.7500000e+01;1.4854050e-01;3.7500000e+01;9.8809406e-02;3.7500000e+01;5.5278666e-02;3.7500000e+01;8.2607120e-03;3.7500000e+01;-3.4169771e-02;3.7500000e+01;-7.9662554e-02;3.7500000e+01;-1.2217682e-01;3.7500000e+01;-6.4618945e-02;3.7500000e+01;-3.1034514e-02;3.7500000e+01;2.2351071e-02;3.7500000e+01;8.8510737e-02;3.7500000e+01;1.7575336e-01;3.7500000e+01;2.6043099e-01;3.7500000e+01;2.8690541e-01;3.7500000e+01;2.5489229e-01;3.7500000e+01;1.9561926e-01;3.7500000e+01;2.1863744e-01;3.7500000e+01;1.9382963e-01;3.7500000e+01;1.4854050e-01;3.7500000e+01;9.8809406e-02;3.7500000e+01;5.5278666e-02;3.7500000e+01;8.2607120e-03;3.7500000e+01;-3.4169771e-02;3.7500000e+01;-7.9662554e-02;3.7500000e+01;-1.2217682e-01;3.7500000e+01;-6.4618945e-02;3.7500000e+01;-3.1034514e-02;3.7500000e+01;2.2351071e-02;3.7500000e+01;8.8510737e-02;3.7500000e+01;1.7575336e-01;3.7500000e+01;2.6043099e-01;3.7500000e+01;2.8690541e-01;3.7500000e+01;2.5489229e-01;3.7500000e+01;1.9561926e-01;3.7500000e+01;2.1863744e-01;3.7500000e+01;1.9382963e-01;3.7500000e+01;1.4854050e-01;3.7500000e+01;9.8809406e-02;3.7500000e+01;5.5278666e-02;3.7500000e+01;8.2607120e-03;3.7500000e+01;-3.4169771e-02;3.7500000e+01;-7.9662554e-02;3.7500000e+01;-1.2217682e-01;3.7500000e+01;-6.4618945e-02;3.7500000e+01;-3.1034514e-02;3.7500000e+01;2.2351071e-02;3.7500000e+01;8.8510737e-02;3.7500000e+01;1.7575336e-01;3.7500000e+01;2.6043099e-01;3.7500000e+01;2.8690541e-01;3.7500000e+01;2.5489229e-01;3.7500000e+01;1.9561926e-01;3.7500000e+01;2.1863744e-01;3.7500000e+01;1.9382963e-01;3.7500000e+01;1.4854050e-01;3.7500000e+01;9.8809406e-02;3.7500000e+01;5.5278666e-02;3.7500000e+01;8.2607120e-03;3.7500000e+01;-3.4169771e-02;3.7500000e+01;-7.9662554e-02;3.7500000e+01;-1.2217682e-01;3.7500000e+01;-6.4618945e-02;3.7500000e+01;-3.1034514e-02;3.7500000e+01;2.2351071e-02;3.7500000e+01;8.8510737e-02;3.7500000e+01;1.7575336e-01;3.7500000e+01;2.6043099e-01;3.7500000e+01;2.8690541e-01;3.7500000e+01;2.5489229e-01;3.7500000e+01;1.9561926e-01;3.7500000e+01;2.1863744e-01;3.7500000e+01;1.9382963e-01;3.7500000e+01;1.4854050e-01;3.7500000e+01;9.8809406e-02;3.7500000e+01;5.5278666e-02;3.7500000e+01;8.2607120e-03;3.7500000e+01;-3.4169771e-02;3.7500000e+01;-7.9662554e-02;3.7500000e+01;-1.2217682e-01;3.7500000e+01;-6.4618945e-02;3.7500000e+01;-3.1034514e-02;3.7500000e+01;2.2351071e-02;3.7500000e+01;8.8510737e-02;3.7500000e+01;1.7575336e-01;3.7500000e+01;2.6043099e-01;3.7500000e+01;2.8690541e-01;3.7500000e+01;2.5489229e-01;3.7500000e+01;1.9561926e-01;3.7500000e+01;2.1863744e-01;3.7500000e+01;1.9382963e-01;3.7500000e+01;1.4854050e-01;3.7500000e+01;9.8809406e-02;3.7500000e+01;5.5278666e-02;3.7500000e+01;8.2607120e-03;3.7500000e+01;-3.4169771e-02;3.7500000e+01;-7.9662554e-02;3.7500000e+01;-1.2217682e-01;3.7500000e+01;-6.4618945e-02;3.7500000e+01;-3.1034514e-02;3.7500000e+01;2.2351071e-02;3.7500000e+01;8.8510737e-02;3.7500000e+01;1.7575336e-01;3.7500000e+01;2.6043099e-01;3.7500000e+01;2.8690541e-01;3.7500000e+01;2.5489229e-01;3.7500000e+01;1.9561926e-01;3.7500000e+01;2.1863744e-01;3.7500000e+01;1.9382963e-01;3.7500000e+01;1.4854050e-01;3.7500000e+01;9.8809406e-02;3.7500000e+01;5.5278666e-02;3.7500000e+01;8.2607120e-03;3.7500000e+01;-3.4169771e-02;3.7500000e+01;-7.9662554e-02;3.7500000e+01;-1.2217682e-01;3.7500000e+01;-6.4618945e-02;3.7500000e+01;-3.1034514e-02;3.7500000e+01;2.2351071e-02;3.7500000e+01;8.8510737e-02;3.7500000e+01;1.7575336e-01;3.7500000e+01;2.6043099e-01;3.7500000e+01;2.8690541e-01;3.7500000e+01;2.5489229e-01;3.7500000e+01;1.9561926e-01;3.7500000e+01;2.1863744e-01;3.7500000e+01;1.9382963e-01;3.7500000e+01;1.4854050e-01;3.7500000e+01;9.8809406e-02;3.7500000e+01;5.5278666e-02;3.7500000e+01;8.2607120e-03;3.7500000e+01;-3.4169771e-02;3.7500000e+01;-7.9662554e-02;3.7500000e+01;-1.2217682e-01;3.7500000e+01;-6.4618945e-02;3.7500000e+01;-3.1034514e-02;3.7500000e+01;2.2351071e-02;3.7500000e+01;8.8510737e-02;3.7500000e+01;1.7575336e-01;3.7500000e+01;2.6043099e-01;3.7500000e+01;2.8690541e-01;3.7500000e+01;2.5489229e-01;3.7500000e+01;1.9561926e-01;3.7500000e+01;2.1863744e-01;3.7500000e+01;1.9382963e-01;3.7500000e+01;1.4854050e-01;3.7500000e+01;9.8809406e-02;3.7500000e+01;5.5278666e-02;3.7500000e+01;8.2607120e-03;3.7500000e+01;-3.4169771e-02;3.7500000e+01;-7.9662554e-02;3.7500000e+01;-1.2217682e-01
4.2500000e+01;-5.7975627e-02;4.2500000e+01;-2.3861110e-02;4.2500000e+01;3.7276383e-02;4.2500000e+01;1.1043535e-01;4.2500000e+01;1.9103356e-01;4.2500000e+01;2.6252359e-01;4.2500000e+01;2.9964876e-01;4.2500000e+01;2.7311781e-01;4.2500000e+01;2.1503830e-01;4.2500000e+01;2.2044323e-01;4.2500000e+01;1.9474688e-01;4.2500000e+01;1.4932649e-01;4.2500000e+01;9.8147802e-02;4.2500000e+01;5.4867268e-02;4.2500000e+01;6.0219988e-03;4.2500000e+01;-3.5330892e-02;4.2500000e+01;-7.7292822e-02;4.2500000e+01;-1.2510739e-01;4.2500000e+01;-5.7975627e-02;4.2500000e+01;-2.3861110e-02;4.2500000e+01;3.7276383e-02;4.2500000e+01;1.1043535e-01;4.2500000e+01;1.9103356e-01;4.2500000e+01;2.6252359e-01;4.2500000e+01;2.9964876e-01;4.2500000e+01;2.7311781e-01;4.2500000e+01;2.1503830e-01;4.2500000e+01;2.2044323e-01;4.2500000e+01;1.9474688e-01;4.2500000e+01;1.4932649e-01;4.2500000e+01;9.8147802e-02;4.2500000e+01;5.4867268e-02;4.2500000e+01;6.0219988e-03;4.2500000e+01;-3.5330892e-02;4.2500000e+01;-7.7292822e-02;4.2500000e+01;-1.2510739e-01;4.2500000e+01;-5.7975627e-02;4.2500000e+01;-2.3861110e-02;4.2500000e+01;3.7276383e-02;4.2500000e+01;1.1043535e-01;4.2500000e+01;1.9103356e-01;4.2500000e+01;2.6252359e-01;4.2500000e+01;2.9964876e-01;4.2500000e+01;2.7311781e-01;4.2500000e+01;2.1503830e-01;4.2500000e+01;2.2044323e-01;4.2500000e+01;1.9474688e-01;4.2500000e+01;1.4932649e-01;4.2500000e+01;9.8147802e-02;4.2500000e+01;5.4867268e-02;4.2500000e+01;6.0219988e-03;4.2500000e+01;-3.5330892e-02;4.2500000e+01;-7.7292822e-02;4.2500000e+01;-1.2510739e-01;4.2500000e+01;-5.7975627e-02;4.2500000e+01;-2.3861110e-02;4.2500000e+01;3.7276383e-02;4.2500000e+01;1.1043535e-01;4.2500000e+01;1.9103356e-01;4.2500000e+01;2.6252359e-01;4.2500000e+01;2.9964876e-01;4.2500000e+01;2.7311781e-01;4.2500000e+01;2.1503830e-01;4.2500000e+01;2.2044323e-01;4.2500000e+01;1.9474688e-01;4.2500000e+01;1.4932649e-01;4.2500000e+01;9.8147802e-02;4.2500000e+01;5.4867268e-02;4.2500000e+01;6.0219988e-03;4.2500000e+01;-3.5330892e-02;4.2500000e+01;-7.7292822e-02;4.2500000e+01;-1.2510739e-01;4.2500000e+01;-5.7975627e-02;4.2500000e+01;-2.3861110e-02;4.2500000e+01;3.7276383e-02;4.2500000e+01;1.1043535e-01;4.2500000e+01;1.9103356e-01;4.2500000e+01;2.6252359e-01;4.2500000e+01;2.9964876e-01;4.2500000e+01;2.7311781e-01;4.2500000e+01;2.1503830e-01;4.2500000e+01;2.2044323e-01;4.2500000e+01;1.9474688e-01;4.2500000e+01;1.4932649e-01;4.2500000e+01;9.8147802e-02;4.2500000e+01;5.4867268e-02;4.2500000e+01;6.0219988e-03;4.2500000e+01;-3.5330892e-02;4.2500000e+01;-7.7292822e-02;4.2500000e+01;-1.2510739e-01;4.2500000e+01;-5.7975627e-02;4.2500000e+01;-2.3861110e-02;4.2500000e+01;3.7276383e-02;4.2500000e+01;1.1043535e-01;4.2500000e+01;1.9103356e-01;4.2500000e+01;2.6252359e-01;4.2500000e+01;2.9964876e-01;4.2500000e+01;2.7311781e-01;4.2500000e+01;2.1503830e-01;4.2500000e+01;2.2044323e-01;4.2500000e+01;1.9474688e-01;4.2500000e+01;1.4932649e-01;4.2500000e+01;9.8147802e-02;4.2500000e+01;5.4867268e-02;4.2500000e+01;6.0219988e-03;4.2500000e+01;-3.5330892e-02;4.2500000e+01;-7.7292822e-02;4.2500000e+01;-1.2510739e-01;4.2500000e+01;-5.7975627e-02;4.2500000e+01;-2.3861110e-02;4.2500000e+01;3.7276383e-02;4.2500000e+01;1.1043535e-01;4.2500000e+01;1.9103356e-01;4.2500000e+01;2.6252359e-01;4.2500000e+01;2.9964876e-01;4.2500000e+01;2.7311781e-01;4.2500000e+01;2.1503830e-01;4.2500000e+01;2.2044323e-01;4.2500000e+01;1.9474688e-01;4.2500000e+01;1.4932649e-01;4.2500000e+01;9.8147802e-02;4.2500000e+01;5.4867268e-02;4.2500000e+01;6.0219988e-03;4.2500000e+01;-3.5330892e-02;4.2500000e+01;-7.7292822e-02;4.2500000e+01;-1.2510739e-01;4.2500000e+01;-5.7975627e-02;4.2500000e+01;-2.3861110e-02;4.2500000e+01;3.7276383e-02;4.2500000e+01;1.1043535e-01;4.2500000e+01;1.9103356e-01;4.2500000e+01;2.6252359e-01;4.2500000e+01;2.9964876e-01;4.2500000e+01;2.7311781e-01;4.2500000e+01;2.1503830e-01;4.2500000e+01;2.2044323e-01;4.2500000e+01;1.9474688e-01;4.2500000e+01;1.4932649e-01;4.2500000e+01;9.8147802e-02;4.2500000e+01;5.4867268e-02;4.2500000e+01;6.0219988e-03;4.2500000e+01;-3.5330892e-02;4.2500000e+01;-7.7292822e-02;4.2500000e+01;-1.2510739e-01;4.2500000e+01;-5.7975627e-02;4.2500000e+01;-2.3861110e-02;4.2500000e+01;3.7276383e-02;4.2500000e+01;1.1043535e-01;4.2500000e+01;1.9103356e-01;4.2500000e+01;2.6252359e-01;4.2500000e+01;2.9964876e-01;4.2500000e+01;2.7311781e-01;4.2500000e+01;2.1503830e-01;4.2500000e+01;2.2044323e-01;4.2500000e+01;1.9474688e-01;4.2500000e+01;1.4932649e-01;4.2500000e+01;9.8147802e-02;4.2500000e+01;5.4867268e-02;4.2500000e+01;6.0219988e-03;4.2500000e+01;-3.5330892e-02;4.2500000e+01;-7.7292822e-02;4.2500000e+01;-1.2510739e-01;4.2500000e+01;-5.7975627e-02;4.2500000e+01;-2.3861110e-02;4.2500000e+01;3.7276383e-02;4.2500000e+01;1.1043535e-01;4.2500000e+01;1.9103356e-01;4.2500000e+01;2.6252359e-01;4.2500000e+01;2.9964876e-01;4.2500000e+01;2.7311781e-01;4.2500000e+01;2.1503830e-01;4.2500000e+01;2.2044323e-01;4.2500000e+01;1.9474688e-01;4.2500000e+01;1.4932649e-01;4.2500000e+01;9.8147802e-02;4.2500000e+01;5.4867268e-02;4.2500000e+01;6.0219988e-03;4.2500000e+01;-3.5330892e-02;4.2500000e+01;-7.7292822e-02;4.2500000e+01;-1.2510739e-01;4.2500000e+01;-5.7975627e-02;4.2500000e+01;-2.3861110e-02;4.2500000e+01;3.7276383e-02;4.2500000e+01;1.1043535e-01;4.2500000e+01;1.9103356e-01;4.2500000e+01;2.6252359e-01;4.2500000e+01;2.9964876e-01;4.2500000e+01;2.7311781e-01;4.2500000e+01;2.1503830e-01;4.2500000e+01;2.2044323e-01;4.2500000e+01;1.9474688e-01;4.2500000e+01;1.4932649e-01;4.2500000e+01;9.8147802e-02;4.2500000e+01;5.4867268e-02;4.2500000e+01;6.0219988e-03;4.2500000e+01;-3.5330892e-02;4.2500000e+01;-7.7292822e-02;4.2500000e+01;-1.2510739e-01;4.2500000e+01;-5.7975627e-02;4.2500000e+01;-2.3861110e-02;4.2500000e+01;3.7276383e-02;4.2500000e+01;1.1043535e-01;4.2500000e+01;1.9103356e-01;4.2500000e+01;2.6252359e-01;4.2500000e+01;2.9964876e-01;4.2500000e+01;2.7311781e-01;4.2500000e+01;2.1503830e-01;4.2500000e+01;2.2044323e-01;4.2500000e+01;1.9474688e-01;4.2500000e+01;1.4932649e-01;4.2500000e+01;9.8147802e-02;4.2500000e+01;5.4867268e-02;4.2500000e+01;6.0219988e-03;4.2500000e+01;-3.5330892e-02;4.2500000e+01;-7.7292822e-02;4.2500000e+01;-1.2510739e-01;4.2500000e+01;-5.7975627e-02;4.2500000e+01;-2.3861110e-02;4.2500000e+01;3.7276383e-02;4.2500000e+01;1.1043535e-01;4.2500000e+01;1.9103356e-01;4.2500000e+01;2.6252359e-01;4.2500000e+01;2.9964876e-01;4.2500000e+01;2.7311781e-01;4.2500000e+01;2.1503830e-01;4.2500000e+01;2.2044323e-01;4.2500000e+01;1.9474688e-01;4.2500000e+01;1.4932649e-01;4.2500000e+01;9.8147802e-02;4.2500000e+01;5.4867268e-02;4.2500000e+01;6.0219988e-03;4.2500000e+01;-3.5330892e-02;4.2500000e+01;-7.7292822e-02;4.2500000e+01;-1.2510739e-01;4.2500000e+01;-5.7975627e-02;4.2500000e+01;-2.3861110e-02;4.2500000e+01;3.7276383e-02;4.2500000e+01;1.1043535e-01;4.2500000e+01;1.9103356e-01;4.2500000e+01;2.6252359e-01;4.2500000e+01;2.9964876e-01;4.2500000e+01;2.7311781e-01;4.2500000e+01;2.1503830e-01;4.2500000e+01;2.2044323e-01;4.2500000e+01;1.9474688e-01;4.2500000e+01;1.4932649e-01;4.2500000e+01;9.8147802e-02;4.2500000e+01;5.4867268e-02;4.2500000e+01;6.0219988e-03;4.2500000e+01;-3.5330892e-02;4.2500000e+01;-7.7292822e-02;4.2500000e+01;-1.2510739e-01;4.2500000e+01;-5.7975627e-02;4.2500000e+01;-2.3861110e-02;4.2500000e+01;3.7276383e-02;4.2500000e+01;1.1043535e-01;4.2500000e+01;1.9103356e-01;4.2500000e+01;2.6252359e-01;4.2500000e+01;2.9964876e-01;4.2500000e+01;2.7311781e-01;4.2500000e+01;2.1503830e-01;4.2500000e+01;2.2044323e-01;4.2500000e+01;1.9474688e-01;4.2500000e+01;1.4932649e-01;4.2500000e+01;9.8147802e-02;4.2500000e+01;5.4867268e-02;4.2500000e+01;6.0219988e-03;4.2500000e+01;-3.5330892e-02;4.2500000e+01;-7.7292822e-02;4.2500000e+01;-1.2510739e-01;4.2500000e+01;-5.7975627e-02;4.2500000e+01;-2.3861110e-02;4.2500000e+01;3.7276383e-02;4.2500000e+01;1.1043535e-01;4.2500000e+01;1.9103356e-01;4.2500000e+01;2.6252359e-01;4.2500000e+01;2.9964876e-01;4.2500000e+01;2.7311781e-01;4.2500000e+01;2.1503830e-01;4.2500000e+01;2.2044323e-01;4.2500000e+01;1.9474688e-01;4.2500000e+01;1.4932649e-01;4.2500000e+01;9.8147802e-02;4.2500000e+01;5.4867268e-02;4.2500000e+01;6.0219988e-03;4.2500000e+01;-3.5330892e-02;4.2500000e+01;-7.7292822e-02;4.2500000e+01;-1.2510739e-01;4.2500000e+01;-5.7975627e-02;4.2500000e+01;-2.3861110e-02;4.2500000e+01;3.7276383e-02;4.2500000e+01;1.1043535e-01;4.2500000e+01;1.9103356e-01;4.2500000e+01;2.6252359e-01;4.2500000e+01;2.9964876e-01;4.2500000e+01;2.7311781e-01;4.2500000e+01;2.1503830e-01;4.2500000e+01;2.2044323e-01;4.2500000e+01;1.9474688e-01;4.2500000e+01;1.4932649e-01;4.2500000e+01;9.8147802e-02;4.2500000e+01;5.4867268e-02;4.2500000e+01;6.0219988e-03;4.2500000e+01;-3.5330892e-02;4.2500000e+01;-7.7292822e-02;4.2500000e+01;-1.2510739e-01;4.2500000e+01;-5.7975627e-02;4.2500000e+01;-2.3861110e-02;4.2500000e+01;3.7276383e-02;4.2500000e+01;1.1043535e-01;4.2500000e+01;1.9103356e-01;4.2500000e+01;2.6252359e-01;4.2500000e+01;2.9964876e-01;4.2500000e+01;2.7311781e-01;4.2500000e+01;2.1503830e-01;4.2500000e+01;2.2044323e-01;4.2500000e+01;1.9474688e-01;4.2500000e+01;1.4932649e-01;4.2500000e+01;9.8147802e-02;4.2500000e+01;5.4867268e-02;4.2500000e+01;6.0219988e-03;4.2500000e+01;-3.5330892e-02;4.2500000e+01;-7.7292822e-02;4.2500000e+01;-1.2510739e-01;4.2500000e+01;-5.7975627e-02;4.2500000e+01;-2.3861110e-02;4.2500000e+01;3.7276383e-02;4.2500000e+01;1.1043535e-01;4.2500000e+01;1.9103356e-01;4.2500000e+01;2.6252359e-01;4.2500000e+01;2.9964876e-01;4.2500000e+01;2.7311781e-01;4.2500000e+01;2.1503830e-01;4.2500000e+01;2.2044323e-01;4.2500000e+01;1.9474688e-01;4.2500000e+01;1.4932649e-01;4.2500000e+01;9.8147802e-02;4.2500000e+01;5.4867268e-02;4.2500000e+01;6.0219988e-03;4.2500000e+01;-3.5330892e-02;4.2500000e+01;-7.7292822e-02;4.2500000e+01;-1.2510739e-01;4.2500000e+01;-5.7975627e-02;4.2500000e+01;-2.3861110e-02;4.2500000e+01;3.7276383e-02;4.2500000e+01;1.1043535e-01;4.2500000e+01;1.9103356e-01;4.2500000e+01;2.6252359e-01;4.2500000e+01;2.9964876e-01;4.2500000e+01;2.7311781e-01;4.2500000e+01;2.1503830e-01;4.2500000e+01;2.2044323e-01;4.2500000e+01;1.9474688e-01;4.2500000e+01;1.4932649e-01;4.2500000e+01;9.8147802e-02;4.2500000e+01;5.4867268e-02;4.2500000e+01;6.0219988e-03;4.2500000e+01;-3.5330892e-02;4.2500000e+01;-7.7292822e-02;4.2500000e+01;-1.2510739e-01;4.2500000e+01;-5.7975627e-02;4.2500000e+01;-2.3861110e-02;4.2500000e+01;3.7276383e-02;4.2500000e+01;1.1043535e-01;4.2500000e+01;1.9103356e-01;4.2500000e+01;2.6252359e-01;4.2500000e+01;2.9964876e-01;4.2500000e+01;2.7311781e-01;4.2500000e+01;2.1503830e-01;4.2500000e+01;2.2044323e-01;4.2500000e+01;1.9474688e-01;4.2500000e+01;1.4932649e-01;4.2500000e+01;9.8147802e-02;4.2500000e+01;5.4867268e-02;4.2500000e+01;6.0219988e-03;4.2500000e+01;-3.5330892e-02;4.2500000e+01;-7.7292822e-02;4.2500000e+01;-1.2510739e-01;4.2500000e+01;-5.7975627e-02;4.2500000e+01;-2.3861110e-02;4.2500000e+01;3.7276383e-02;4.2500000e+01;1.1043535e-01;4.2500000e+01;1.9103356e-01;4.2500000e+01;2.6252359e-01;4.2500000e+01;2.9964876e-01;4.2500000e+01;2.7311781e-01;4.2500000e+01;2.1503830e-01;4.2500000e+01;2.2044323e-01;4.2500000e+01;1.9474688e-01;4.2500000e+01;1.4932649e-01;4.2500000e+01;9.8147802e-02;4.2500000e+01;5.4867268e-02;4.2500000e+01;6.0219988e-03;4.2500000e+01;-3.5330892e-02;4.2500000e+01;-7.7292822e-02;4.2500000e+01;-1.2510739e-01;4.2500000e+01;-5.7975627e-02;4.2500000e+01;-2.3861110e-02;4.2500000e+01;3.7276383e-02;4.2500000e+01;1.1043535e-01;4.2500000e+01;1.9103356e-01;4.2500000e+01;2.6252359e-01;4.2500000e+01;2.9964876e-01;4.2500000e+01;2.7311781e-01;4.2500000e+01;2.1503830e-01;4.2500000e+01;2.2044323e-01;4.2500000e+01;1.9474688e-01;4.2500000e+01;1.4932649e-01;4.2500000e+01;9.8147802e-02;4.2500000e+01;5.4867268e-02;4.2500000e+01;6.0219988e-03;4.2500000e+01;-3.5330892e-02;4.2500000e+01;-7.7292822e-02;4.2500000e+01;-1.2510739e-01;4.2500000e+01;-5.7975627e-02;4.2500000e+01;-2.3861110e-02;4.2500000e+01;3.7276383e-02;4.2500000e+01;1.1043535e-01;4.2500000e+01;1.9103356e-01;4.2500000e+01;2.6252359e-01;4.2500000e+01;2.9964876e-01;4.2500000e+01;2.7311781e-01;4.2500000e+01;2.1503830e-01;4.2500000e+01;2.2044323e-01;4.2500000e+01;1.9474688e-01;4.2500000e+01;1.4932649e-01;4.2500000e+01;9.8147802e-02;4.2500000e+01;5.4867268e-02;4.2500000e+01;6.0219988e-03;4.2500000e+01;-3.5330892e-02;4.2500000e+01;-7.7292822e-02;4.2500000e+01;-1.2510739e-01;4.2500000e+01;-5.7975627e-02;4.2500000e+01;-2.3861110e-02;4.2500000e+01;3.7276383e-02;4.2500000e+01;1.1043535e-01;4.2500000e+01;1.9103356e-01;4.2500000e+01;2.6252359e-01;4.2500000e+01;2.9964876e-01;4.2500000e+01;2.7311781e-01;4.2500000e+01;2.1503830e-01;4.2500000e+01;2.2044323e-01;4.2500000e+01;1.9474688e-01;4.2500000e+01;1.4932649e-01;4.2500000e+01;9.8147802e-02;4.2500000e+01;5.4867268e-02;4.2500000e+01;6.0219988e-03;4.2500000e+01;-3.5330892e-02;4.2500000e+01;-7.7292822e-02;4.2500000e+01;-1.2510739e-01;4.2500000e+01;-5.7975627e-02;4.2500000e+01;-2.3861110e-02;4.2500000e+01;3.7276383e-02;4.2500000e+01;1.1043535e-01;4.2500000e+01;1.9103356e-01;4.2500000e+01;2.6252359e-01;4.2500000e+01;2.9964876e-01;4.2500000e+01;2.7311781e-01;4.2500000e+01;2.1503830e-01;4.2500000e+01;2.2044323e-01;4.2500000e+01;1.9474688e-01;4.2500000e+01;1.4932649e-01;4.2500000e+01;9.8147802e-02;4.2500000e+01;5.4867268e-02;4.2500000e+01;6.0219988e-03;4.2500000e+01;-3.5330892e-02;4.2500000e+01;-7.7292822e-02;4.2500000e+01;-1.2510739e-01;4.2500000e+01;-5.7975627e-02;4.2500000e+01;-2.3861110e-02;4.2500000e+01;3.7276383e-02;4.2500000e+01;1.1043535e-01;4.2500000e+01;1.9103356e-01;4.2500000e+01;2.6252359e-01;4.2500000e+01;2.9964876e-01;4.2500000e+01;2.7311781e-01;4.2500000e+01;2.1503830e-01;4.2500000e+01;2.2044323e-01;4.2500000e+01;1.9474688e-01;4.2500000e+01;1.4932649e-01;4.2500000e+01;9.8147802e-02;4.2500000e+01;5.4867268e-02;4.2500000e+01;6.0219988e-03;4.2500000e+01;-3.5330892e-02;4.2500000e+01;-7.7292822e-02;4.2500000e+01;-1.2510739e-01;4.2500000e+01;-5.7975627e-02;4.2500000e+01;-2.3861110e-02;4.2500000e+01;3.7276383e-02;4.2500000e+01;1.1043535e-01;4.2500000e+01;1.9103356e-01;4.2500000e+01;2.6252359e-01;4.2500000e+01;2.9964876e-01;4.2500000e+01;2.7311781e-01;4.2500000e+01;2.1503830e-01;4.2500000e+01;2.2044323e-01;4.2500000e+01;1.9474688e-01;4.2500000e+01;1.4932649e-01;4.2500000e+01;9.8147802e-02;4.2500000e+01;5.4867268e-02;4.2500000e+01;6.0219988e-03;4.2500000e+01;-3.5330892e-02;4.2500000e+01;-7.7292822e-02;4.2500000e+01;-1.2510739e-01;4.2500000e+01;-5.7975627e-02;4.2500000e+01;-2.3861110e-02;4.2500000e+01;3.7276383e-02;4.2500000e+01;1.1043535e-01;4.2500000e+01;1.9103356e-01;4.2500000e+01;2.6252359e-01;4.2500000e+01;2.9964876e-01;4.2500000e+01;2.7311781e-01;4.2500000e+01;2.1503830e-01;4.2500000e+01;2.2044323e-01;4.2500000e+01;1.9474688e-01;4.2500000e+01;1.4932649e-01;4.2500000e+01;9.8147802e-02;4.2500000e+01;5.4867268e-02;4.2500000e+01;6.0219988e-03;4.2500000e+01;-3.5330892e-02;4.2500000e+01;-7.7292822e-02;4.2500000e+01;-1.2510739e-01;4.2500000e+01;-5.7975627e-02;4.2500000e+01;-2.3861110e-02;4.2500000e+01;3.7276383e-02;4.2500000e+01;1.1043535e-01;4.2500000e+01;1.9103356e-01;4.2500000e+01;2.6252359e-01;4.2500000e+01;2.9964876e-01;4.2500000e+01;2.7311781e-01;4.2500000e+01;2.1503830e-01;4.2500000e+01;2.2044323e-01;4.2500000e+01;1.9474688e-01;4.2500000e+01;1.4932649e-01;4.2500000e+01;9.8147802e-02;4.2500000e+01;5.4867268e-02;4.2500000e+01;6.0219988e-03;4.2500000e+01;-3.5330892e-02;4.2500000e+01;-7.7292822e-02;4.2500000e+01;-1.2510739e-01;4.2500000e+01;-5.7975627e-02;4.2500000e+01;-2.3861110e-02;4.2500000e+01;3.7276383e-02;4.2500000e+01;1.1043535e-01;4.2500000e+01;1.9103356e-01;4.2500000e+01;2.6252359e-01;4.2500000e+01;2.9964876e-01;4.2500000e+01;2.7311781e-01;4.2500000e+01;2.1503830e-01;4.2500000e+01;2.2044323e-01;4.2500000e+01;1.9474688e-01;4.2500000e+01;1.4932649e-01;4.2500000e+01;9.8147802e-02;4.2500000e+01;5.4867268e-02;4.2500000e+01;6.0219988e-03;4.2500000e+01;-3.5330892e-02;4.2500000e+01;-7.7292822e-02;4.2500000e+01;-1.2510739e-01;4.2500000e+01;-5.7975627e-02;4.2500000e+01;-2.3861110e-02;4.2500000e+01;3.7276383e-02;4.2500000e+01;1.1043535e-01;4.2500000e+01;1.9103356e-01;4.2500000e+01;2.6252359e-01;4.2500000e+01;2.9964876e-01;4.2500000e+01;2.7311781e-01;4.2500000e+01;2.1503830e-01;4.2500000e+01;2.2044323e-01;4.2500000e+01;1.9474688e-01;4.2500000e+01;1.4932649e-01;4.2500000e+01;9.8147802e-02;4.2500000e+01;5.4867268e-02;4.2500000e+01;6.0219988e-03;4.2500000e+01;-3.5330892e-02;4.2500000e+01;-7.7292822e-02;4.2500000e+01;-1.2510739e-01;4.2500000e+01;-5.7975627e-02;4.2500000e+01;-2.3861110e-02;4.2500000e+01;3.7276383e-02;4.2500000e+01;1.1043535e-01;4.2500000e+01;1.9103356e-01;4.2500000e+01;2.6252359e-01;4.2500000e+01;2.9964876e-01;4.2500000e+01;2.7311781e-01;4.2500000e+01;2.1503830e-01;4.2500000e+01;2.2044323e-01;4.2500000e+01;1.9474688e-01;4.2500000e+01;1.4932649e-01;4.2500000e+01;9.8147802e-02;4.2500000e+01;5.4867268e-02;4.2500000e+01;6.0219988e-03;4.2500000e+01;-3.5330892e-02;4.2500000e+01;-7.7292822e-02;4.2500000e+01;-1.2510739e-01;4.2500000e+01;-5.7975627e-02;4.2500000e+01;-2.3861110e-02;4.2500000e+01;3.7276383e-02;4.2500000e+01;1.1043535e-01;4.2500000e+01;1.9103356e-01;4.2500000e+01;2.6252359e-01;4.2500000e+01;2.9964876e-01;4.2500000e+01;2.7311781e-01;4.2500000e+01;2.1503830e-01;4.2500000e+01;2.2044323e-01;4.2500000e+01;1.9474688e-01;4.2500000e+01;1.4932649e-01;4.2500000e+01;9.8147802e-02;4.2500000e+01;5.4867268e-02;4.2500000e+01;6.0219988e-03;4.2500000e+01;-3.5330892e-02;4.2500000e+01;-7.7292822e-02;4.2500000e+01;-1.2510739e-01;4.2500000e+01;-5.7975627e-02;4.2500000e+01;-2.3861110e-02;4.2500000e+01;3.7276383e-02;4.2500000e+01;1.1043535e-01;4.2500000e+01;1.9103356e-01;4.2500000e+01;2.6252359e-01;4.2500000e+01;2.9964876e-01;4.2500000e+01;2.7311781e-01;4.2500000e+01;2.1503830e-01;4.2500000e+01;2.2044323e-01;4.2500000e+01;1.9474688e-01;4.2500000e+01;1.4932649e-01;4.2500000e+01;9.8147802e-02;4.2500000e+01;5.4867268e-02;4.2500000e+01;6.0219988e-03;4.2500000e+01;-3.5330892e-02;4.2500000e+01;-7.7292822e-02;4.2500000e+01;-1.2510739e-01;4.2500000e+01;-5.7975627e-02;4.2500000e+01;-2.3861110e-02;4.2500000e+01;3.7276383e-02;4.2500000e+01;1.1043535e-01;4.2500000e+01;1.9103356e-01;4.2500000e+01;2.6252359e-01;4.2500000e+01;2.9964876e-01;4.2500000e+01;2.7311781e-01;4.2500000e+01;2.1503830e-01;4.2500000e+01;2.2044323e-01;4.2500000e+01;1.9474688e-01;4.2500000e+01;1.4932649e-01;4.2500000e+01;9.8147802e-02;4.2500000e+01;5.4867268e-02;4.2500000e+01;6.0219988e-03;4.2500000e+01;-3.5330892e-02;4.2500000e+01;-7.7292822e-02;4.2500000e+01;-1.2510739e-01;4.2500000e+01;-5.7975627e-02;4.2500000e+01;-2.3861110e-02;4.2500000e+01;3.7276383e-02;4.2500000e+01;1.1043535e-01;4.2500000e+01;1.9103356e-01;4.2500000e+01;2.6252359e-01;4.2500000e+01;2.9964876e-01;4.2500000e+01;2.7311781e-01;4.2500000e+01;2.1503830e-01;4.2500000e+01;2.2044323e-01;4.2500000e+01;1.9474688e-01;4.2500000e+01;1.4932649e-01;4.2500000e+01;9.8147802e-02;4.2500000e+01;5.4867268e-02;4.2500000e+01;6.0219988e-03;4.2500000e+01;-3.5330892e-02;4.2500000e+01;-7.7292822e-02;4.2500000e+01;-1.2510739e-01;4.2500000e+01;-5.7975627e-02;4.2500000e+01;-2.3861110e-02;4.2500000e+01;3.7276383e-02;4.2500000e+01;1.1043535e-01;4.2500000e+01;1.9103356e-01;4.2500000e+01;2.6252359e-01;4.2500000e+01;2.9964876e-01;4.2500000e+01;2.7311781e-01;4.2500000e+01;2.1503830e-01;4.2500000e+01;2.2044323e-01;4.2500000e+01;1.9474688e-01;4.2500000e+01;1.4932649e-01;4.2500000e+01;9.8147802e-02;4.2500000e+01;5.4867268e-02;4.2500000e+01;6.0219988e-03;4.2500000e+01;-3.5330892e-02;4.2500000e+01;-7.7292822e-02;4.2500000e+01;-1.2510739e-01;4.2500000e+01;-5.7975627e-02;4.2500000e+01;-2.3861110e-02;4.2500000e+01;3.7276383e-02;4.2500000e+01;1.1043535e-01;4.2500000e+01;1.9103356e-01;4.2500000e+01;2.6252359e-01;4.2500000e+01;2.9964876e-01;4.2500000e+01;2.7311781e-01;4.2500000e+01;2.1503830e-01;4.2500000e+01;2.2044323e-01;4.2500000e+01;1.9474688e-01;4.2500000e+01;1.4932649e-01;4.2500000e+01;9.8147802e-02;4.2500000e+01;5.4867268e-02;4.2500000e+01;6.0219988e-03;4.2500000e+01;-3.5330892e-02;4.2500000e+01;-7.7292822e-02;4.2500000e+01;-1.2510739e-01;4.2500000e+01;-5.7975627e-02;4.2500000e+01;-2.3861110e-02;4.2500000e+01;3.7276383e-02;4.2500000e+01;1.1043535e-01;4.2500000e+01;1.9103356e-01;4.2500000e+01;2.6252359e-01;4.2500000e+01;2.9964876e-01;4.2500000e+01;2.7311781e-01;4.2500000e+01;2.1503830e-01;4.2500000e+01;2.2044323e-01;4.2500000e+01;1.9474688e-01;4.2500000e+01;1.4932649e-01;4.2500000e+01;9.8147802e-02;4.2500000e+01;5.4867268e-02;4.2500000e+01;6.0219988e-03;4.2500000e+01;-3.5330892e-02;4.2500000e+01;-7.7292822e-02;4.2500000e+01;-1.2510739e-01;4.2500000e+01;-5.7975627e-02;4.2500000e+01;-2.3861110e-02;4.2500000e+01;3.7276383e-02;4.2500000e+01;1.1043535e-01;4.2500000e+01;1.9103356e-01;4.2500000e+01;2.6252359e-01;4.2500000e+01;2.9964876e-01;4.2500000e+01;2.7311781e-01;4.2500000e+01;2.1503830e-01;4.2500000e+01;2.2044323e-01;4.2500000e+01;1.9474688e-01;4.2500000e+01;1.4932649e-01;4.2500000e+01;9.8147802e-02;4.2500000e+01;5.4867268e-02;4.2500000e+01;6.0219988e-03;4.2500000e+01;-3.5330892e-02;4.2500000e+01;-7.7292822e-02;4.2500000e+01;-1.2510739e-01;4.2500000e+01;-5.7975627e-02;4.2500000e+01;-2.3861110e-02;4.2500000e+01;3.7276383e-02;4.2500000e+01;1.1043535e-01;4.2500000e+01;1.9103356e-01;4.2500000e+01;2.6252359e-01;4.2500000e+01;2.9964876e-01;4.2500000e+01;2.7311781e-01;4.2500000e+01;2.1503830e-01;4.2500000e+01;2.2044323e-01;4.2500000e+01;1.9474688e-01;4.2500000e+01;1.4932649e-01;4.2500000e+01;9.8147802e-02;4.2500000e+01;5.4867268e-02;4.2500000e+01;6.0219988e-03;4.2500000e+01;-3.5330892e-02;4.2500000e+01;-7.7292822e-02;4.2500000e+01;-1.2510739e-01;4.2500000e+01;-5.7975627e-02;4.2500000e+01;-2.3861110e-02;4.2500000e+01;3.7276383e-02;4.2500000e+01;1.1043535e-01;4.2500000e+01;1.9103356e-01;4.2500000e+01;2.6252359e-01;4.2500000e+01;2.9964876e-01;4.2500000e+01;2.7311781e-01;4.2500000e+01;2.1503830e-01;4.2500000e+01;2.2044323e-01;4.2500000e+01;1.9474688e-01;4.2500000e+01;1.4932649e-01;4.2500000e+01;9.8147802e-02;4.2500000e+01;5.4867268e-02;4.2500000e+01;6.0219988e-03;4.2500000e+01;-3.5330892e-02;4.2500000e+01;-7.7292822e-02;4.2500000e+01;-1.2510739e-01;4.2500000e+01;-5.7975627e-02;4.2500000e+01;-2.3861110e-02;4.2500000e+01;3.7276383e-02;4.2500000e+01;1.1043535e-01;4.2500000e+01;1.9103356e-01;4.2500000e+01;2.6252359e-01;4.2500000e+01;2.9964876e-01;4.2500000e+01;2.7311781e-01;4.2500000e+01;2.1503830e-01;4.2500000e+01;2.2044323e-01;4.2500000e+01;1.9474688e-01;4.2500000e+01;1.4932649e-01;4.2500000e+01;9.8147802e-02;4.2500000e+01;5.4867268e-02;4.2500000e+01;6.0219988e-03;4.2500000e+01;-3.5330892e-02;4.2500000e+01;-7.7292822e-02;4.2500000e+01;-1.2510739e-01;4.2500000e+01;-5.7975627e-02;4.2500000e+01;-2.3861110e-02;4.2500000e+01;3.7276383e-02;4.2500000e+01;1.1043535e-01;4.2500000e+01;1.9103356e-01;4.2500000e+01;2.6252359e-01;4.2500000e+01;2.9964876e-01;4.2500000e+01;2.7311781e-01;4.2500000e+01;2.1503830e-01;4.2500000e+01;2.2044323e-01;4.2500000e+01;1.9474688e-01;4.2500000e+01;1.4932649e-01;4.2500000e+01;9.8147802e-02;4.2500000e+01;5.4867268e-02;4.2500000e+01;6.0219988e-03;4.2500000e+01;-3.5330892e-02;4.2500000e+01;-7.7292822e-02;4.2500000e+01;-1.2510739e-01;4.2500000e+01;-5.7975627e-02;4.2500000e+01;-2.3861110e-02;4.2500000e+01;3.7276383e-02;4.2500000e+01;1.1043535e-01;4.2500000e+01;1.9103356e-01;4.2500000e+01;2.6252359e-01;4.2500000e+01;2.9964876e-01;4.2500000e+01;2.7311781e-01;4.2500000e+01;2.1503830e-01;4.2500000e+01;2.2044323e-01;4.2500000e+01;1.9474688e-01;4.2500000e+01;1.4932649e-01;4.2500000e+01;9.8147802e-02;4.2500000e+01;5.4867268e-02;4.2500000e+01;6.0219988e-03;4.2500000e+01;-3.5330892e-02;4.2500000e+01;-7.7292822e-02;4.2500000e+01;-1.2510739e-01;4.2500000e+01;-5.7975627e-02;4.2500000e+01;-2.3861110e-02;4.2500000e+01;3.7276383e-02;4.2500000e+01;1.1043535e-01;4.2500000e+01;1.9103356e-01;4.2500000e+01;2.6252359e-01;4.2500000e+01;2.9964876e-01;4.2500000e+01;2.7311781e-01;4.2500000e+01;2.1503830e-01;4.2500000e+01;2.2044323e-01;4.2500000e+01;1.9474688e-01;4.2500000e+01;1.4932649e-01;4.2500000e+01;9.8147802e-02;4.2500000e+01;5.4867268e-02;4.2500000e+01;6.0219988e-03;4.2500000e+01;-3.5330892e-02;4.2500000e+01;-7.7292822e-02;4.2500000e+01;-1.2510739e-01;4.2500000e+01;-5.7975627e-02;4.2500000e+01;-2.3861110e-02;4.2500000e+01;3.7276383e-02;4.2500000e+01;1.1043535e-01;4.2500000e+01;1.9103356e-01;4.2500000e+01;2.6252359e-01;4.2500000e+01;2.9964876e-01;4.2500000e+01;2.7311781e-01;4.2500000e+01;2.1503830e-01;4.2500000e+01;2.2044323e-01;4.2500000e+01;1.9474688e-01;4.2500000e+01;1.4932649e-01;4.2500000e+01;9.8147802e-02;4.2500000e+01;5.4867268e-02;4.2500000e+01;6.0219988e-03;4.2500000e+01;-3.5330892e-02;4.2500000e+01;-7.7292822e-02;4.2500000e+01;-1.2510739e-01;4.2500000e+01;-5.7975627e-02;4.2500000e+01;-2.3861110e-02;4.2500000e+01;3.7276383e-02;4.2500000e+01;1.1043535e-01;4.2500000e+01;1.9103356e-01;4.2500000e+01;2.6252359e-01;4.2500000e+01;2.9964876e-01;4.2500000e+01;2.7311781e-01;4.2500000e+01;2.1503830e-01;4.2500000e+01;2.2044323e-01;4.2500000e+01;1.9474688e-01;4.2500000e+01;1.4932649e-01;4.2500000e+01;9.8147802e-02;4.2500000e+01;5.4867268e-02;4.2500000e+01;6.0219988e-03;4.2500000e+01;-3.5330892e-02;4.2500000e+01;-7.7292822e-02;4.2500000e+01;-1.2510739e-01;4.2500000e+01;-5.7975627e-02;4.2500000e+01;-2.3861110e-02;4.2500000e+01;3.7276383e-02;4.2500000e+01;1.1043535e-01;4.2500000e+01;1.9103356e-01;4.2500000e+01;2.6252359e-01;4.2500000e+01;2.9964876e-01;4.2500000e+01;2.7311781e-01;4.2500000e+01;2.1503830e-01;4.2500000e+01;2.2044323e-01;4.2500000e+01;1.9474688e-01;4.2500000e+01;1.4932649e-01;4.2500000e+01;9.8147802e-02;4.2500000e+01;5.4867268e-02;4.2500000e+01;6.0219988e-03;4.2500000e+01;-3.5330892e-02;4.2500000e+01;-7.7292822e-02;4.2500000e+01;-1.2510739e-01;4.2500000e+01;-5.7975627e-02;4.2500000e+01;-2.3861110e-02;4.2500000e+01;3.7276383e-02;4.2500000e+01;1.1043535e-01;4.2500000e+01;1.9103356e-01;4.2500000e+01;2.6252359e-01;4.2500000e+01;2.9964876e-01;4.2500000e+01;2.7311781e-01;4.2500000e+01;2.1503830e-01;4.2500000e+01;2.2044323e-01;4.2500000e+01;1.9474688e-01;4.2500000e+01;1.4932649e-01;4.2500000e+01;9.8147802e-02;4.2500000e+01;5.4867268e-02;4.2500000e+01;6.0219988e-03;4.2500000e+01;-3.5330892e-02;4.2500000e+01;-7.7292822e-02;4.2500000e+01;-1.2510739e-01;4.2500000e+01;-5.7975627e-02;4.2500000e+01;-2.3861110e-02;4.2500000e+01;3.7276383e-02;4.2500000e+01;1.1043535e-01;4.2500000e+01;1.9103356e-01;4.2500000e+01;2.6252359e-01;4.2500000e+01;2.9964876e-01;4.2500000e+01;2.7311781e-01;4.2500000e+01;2.1503830e-01;4.2500000e+01;2.2044323e-01;4.2500000e+01;1.9474688e-01;4.2500000e+01;1.4932649e-01;4.2500000e+01;9.8147802e-02;4.2500000e+01;5.4867268e-02;4.2500000e+01;6.0219988e-03;4.2500000e+01;-3.5330892e-02;4.2500000e+01;-7.7292822e-02;4.2500000e+01;-1.2510739e-01;4.2500000e+01;-5.7975627e-02;4.2500000e+01;-2.3861110e-02;4.2500000e+01;3.7276383e-02;4.2500000e+01;1.1043535e-01;4.2500000e+01;1.9103356e-01;4.2500000e+01;2.6252359e-01;4.2500000e+01;2.9964876e-01;4.2500000e+01;2.7311781e-01;4.2500000e+01;2.1503830e-01;4.2500000e+01;2.2044323e-01;4.2500000e+01;1.9474688e-01;4.2500000e+01;1.4932649e-01;4.2500000e+01;9.8147802e-02;4.2500000e+01;5.4867268e-02;4.2500000e+01;6.0219988e-03;4.2500000e+01;-3.5330892e-02;4.2500000e+01;-7.7292822e-02;4.2500000e+01;-1.2510739e-01;4.2500000e+01;-5.7975627e-02;4.2500000e+01;-2.3861110e-02;4.2500000e+01;3.7276383e-02;4.2500000e+01;1.1043535e-01;4.2500000e+01;1.9103356e-01;4.2500000e+01;2.6252359e-01;4.2500000e+01;2.9964876e-01;4.2500000e+01;2.7311781e-01;4.2500000e+01;2.1503830e-01;4.2500000e+01;2.2044323e-01;4.2500000e+01;1.9474688e-01;4.2500000e+01;1.4932649e-01;4.2500000e+01;9.8147802e-02;4.2500000e+01;5.4867268e-02;4.2500000e+01;6.0219988e-03;4.2500000e+01;-3.5330892e-02;4.2500000e+01;-7.7292822e-02;4.2500000e+01;-1.2510739e-01;4.2500000e+01;-5.7975627e-02;4.2500000e+01;-2.3861110e-02;4.2500000e+01;3.7276383e-02;4.2500000e+01;1.1043535e-01;4.2500000e+01;1.9103356e-01;4.2500000e+01;2.6252359e-01;4.2500000e+01;2.9964876e-01;4.2500000e+01;2.7311781e-01;4.2500000e+01;2.1503830e-01;4.2500000e+01;2.2044323e-01;4.2500000e+01;1.9474688e-01;4.2500000e+01;1.4932649e-01;4.2500000e+01;9.8147802e-02;4.2500000e+01;5.4867268e-02;4.2500000e+01;6.0219988e-03;4.2500000e+01;-3.5330892e-02;4.2500000e+01;-7.7292822e-02;4.2500000e+01;-1.2510739e-01;4.2500000e+01;-5.7975627e-02;4.2500000e+01;-2.3861110e-02;4.2500000e+01;3.7276383e-02;4.2500000e+01;1.1043535e-01;4.2500000e+01;1.9103356e-01;4.2500000e+01;2.6252359e-01;4.2500000e+01;2.9964876e-01;4.2500000e+01;2.7311781e-01;4.2500000e+01;2.1503830e-01;4.2500000e+01;2.2044323e-01;4.2500000e+01;1.9474688e-01;4.2500000e+01;1.4932649e-01;4.2500000e+01;9.8147802e-02;4.2500000e+01;5.4867268e-02;4.2500000e+01;6.0219988e-03;4.2500000e+01;-3.5330892e-02;4.2500000e+01;-7.7292822e-02;4.2500000e+01;-1.2510739e-01;4.2500000e+01;-5.7975627e-02;4.2500000e+01;-2.3861110e-02;4.2500000e+01;3.7276383e-02;4.2500000e+01;1.1043535e-01;4.2500000e+01;1.9103356e-01;4.2500000e+01;2.6252359e-01;4.2500000e+01;2.9964876e-01;4.2500000e+01;2.7311781e-01;4.2500000e+01;2.1503830e-01;4.2500000e+01;2.2044323e-01;4.2500000e+01;1.9474688e-01;4.2500000e+01;1.4932649e-01;4.2500000e+01;9.8147802e-02;4.2500000e+01;5.4867268e-02;4.2500000e+01;6.0219988e-03;4.2500000e+01;-3.5330892e-02;4.2500000e+01;-7.7292822e-02;4.2500000e+01;-1.2510739e-01;4.2500000e+01;-5.7975627e-02;4.2500000e+01;-2.3861110e-02;4.2500000e+01;3.7276383e-02;4.2500000e+01;1.1043535e-01;4.2500000e+01;1.9103356e-01;4.2500000e+01;2.6252359e-01;4.2500000e+01;2.9964876e-01;4.2500000e+01;2.7311781e-01;4.2500000e+01;2.1503830e-01;4.2500000e+01;2.2044323e-01;4.2500000e+01;1.9474688e-01;4.2500000e+01;1.4932649e-01;4.2500000e+01;9.8147802e-02;4.2500000e+01;5.4867268e-02;4.2500000e+01;6.0219988e-03;4.2500000e+01;-3.5330892e-02;4.2500000e+01;-7.7292822e-02;4.2500000e+01;-1.2510739e-01;4.2500000e+01;-5.7975627e-02;4.2500000e+01;-2.3861110e-02;4.2500000e+01;3.7276383e-02;4.2500000e+01;1.1043535e-01;4.2500000e+01;1.9103356e-01;4.2500000e+01;2.6252359e-01;4.2500000e+01;2.9964876e-01;4.2500000e+01;2.7311781e-01;4.2500000e+01;2.1503830e-01;4.2500000e+01;2.2044323e-01;4.2500000e+01;1.9474688e-01;4.2500000e+01;1.4932649e-01;4.2500000e+01;9.8147802e-02;4.2500000e+01;5.4867268e-02;4.2500000e+01;6.0219988e-03;4.2500000e+01;-3.5330892e-02;4.2500000e+01;-7.7292822e-02;4.2500000e+01;-1.2510739e-01;4.2500000e+01;-5.7975627e-02;4.2500000e+01;-2.3861110e-02;4.2500000e+01;3.7276383e-02;4.2500000e+01;1.1043535e-01;4.2500000e+01;1.9103356e-01;4.2500000e+01;2.6252359e-01;4.2500000e+01;2.9964876e-01;4.2500000e+01;2.7311781e-01;4.2500000e+01;2.1503830e-01;4.2500000e+01;2.2044323e-01;4.2500000e+01;1.9474688e-01;4.2500000e+01;1.4932649e-01;4.2500000e+01;9.8147802e-02;4.2500000e+01;5.4867268e-02;4.2500000e+01;6.0219988e-03;4.2500000e+01;-3.5330892e-02;4.2500000e+01;-7.7292822e-02;4.2500000e+01;-1.2510739e-01;4.2500000e+01;-5.7975627e-02;4.2500000e+01;-2.3861110e-02;4.2500000e+01;3.7276383e-02;4.2500000e+01;1.1043535e-01;4.2500000e+01;1.9103356e-01;4.2500000e+01;2.6252359e-01;4.2500000e+01;2.9964876e-01;4.2500000e+01;2.7311781e-01;4.2500000e+01;2.1503830e-01;4.2500000e+01;2.2044323e-01;4.2500000e+01;1.9474688e-01;4.2500000e+01;1.4932649e-01;4.2500000e+01;9.8147802e-02;4.2500000e+01;5.4867268e-02;4.2500000e+01;6.0219988e-03;4.2500000e+01;-3.5330892e-02;4.2500000e+01;-7.7292822e-02;4.2500000e+01;-1.2510739e-01;4.2500000e+01;-5.7975627e-02;4.2500000e+01;-2.3861110e-02;4.2500000e+01;3.7276383e-02;4.2500000e+01;1.1043535e-01;4.2500000e+01;1.9103356e-01;4.2500000e+01;2.6252359e-01;4.2500000e+01;2.9964876e-01;4.2500000e+01;2.7311781e-01;4.2500000e+01;2.1503830e-01;4.2500000e+01;2.2044323e-01;4.2500000e+01;1.9474688e-01;4.2500000e+01;1.4932649e-01;4.2500000e+01;9.8147802e-02;4.2500000e+01;5.4867268e-02;4.2500000e+01;6.0219988e-03;4.2500000e+01;-3.5330892e-02;4.2500000e+01;-7.7292822e-02;4.2500000e+01;-1.2510739e-01;4.2500000e+01;-5.7975627e-02;4.2500000e+01;-2.3861110e-02;4.2500000e+01;3.7276383e-02;4.2500000e+01;1.1043535e-01;4.2500000e+01;1.9103356e-01;4.2500000e+01;2.6252359e-01;4.2500000e+01;2.9964876e-01;4.2500000e+01;2.7311781e-01;4.2500000e+01;2.1503830e-01;4.2500000e+01;2.2044323e-01;4.2500000e+01;1.9474688e-01;4.2500000e+01;1.4932649e-01;4.2500000e+01;9.8147802e-02;4.2500000e+01;5.4867268e-02;4.2500000e+01;6.0219988e-03;4.2500000e+01;-3.5330892e-02;4.2500000e+01;-7.7292822e-02;4.2500000e+01;-1.2510739e-01;4.2500000e+01;-5.7975627e-02;4.2500000e+01;-2.3861110e-02;4.2500000e+01;3.7276383e-02;4.2500000e+01;1.1043535e-01;4.2500000e+01;1.9103356e-01;4.2500000e+01;2.6252359e-01;4.2500000e+01;2.9964876e-01;4.2500000e+01;2.7311781e-01;4.2500000e+01;2.1503830e-01;4.2500000e+01;2.2044323e-01;4.2500000e+01;1.9474688e-01;4.2500000e+01;1.4932649e-01;4.2500000e+01;9.8147802e-02;4.2500000e+01;5.4867268e-02;4.2500000e+01;6.0219988e-03;4.2500000e+01;-3.5330892e-02;4.2500000e+01;-7.7292822e-02;4.2500000e+01;-1.2510739e-01;4.2500000e+01;-5.7975627e-02;4.2500000e+01;-2.3861110e-02;4.2500000e+01;3.7276383e-02;4.2500000e+01;1.1043535e-01;4.2500000e+01;1.9103356e-01;4.2500000e+01;2.6252359e-01;4.2500000e+01;2.9964876e-01;4.2500000e+01;2.7311781e-01;4.2500000e+01;2.1503830e-01;4.2500000e+01;2.2044323e-01;4.2500000e+01;1.9474688e-01;4.2500000e+01;1.4932649e-01;4.2500000e+01;9.8147802e-02;4.2500000e+01;5.4867268e-02;4.2500000e+01;6.0219988e-03;4.2500000e+01;-3.5330892e-02;4.2500000e+01;-7.7292822e-02;4.2500000e+01;-1.2510739e-01;4.2500000e+01;-5.7975627e-02;4.2500000e+01;-2.3861110e-02;4.2500000e+01;3.7276383e-02;4.2500000e+01;1.1043535e-01;4.2500000e+01;1.9103356e-01;4.2500000e+01;2.6252359e-01;4.2500000e+01;2.9964876e-01;4.2500000e+01;2.7311781e-01;4.2500000e+01;2.1503830e-01;4.2500000e+01;2.2044323e-01;4.2500000e+01;1.9474688e-01;4.2500000e+01;1.4932649e-01;4.2500000e+01;9.8147802e-02;4.2500000e+01;5.4867268e-02;4.2500000e+01;6.0219988e-03;4.2500000e+01;-3.5330892e-02;4.2500000e+01;-7.7292822e-02;4.2500000e+01;-1.2510739e-01;4.2500000e+01;-5.7975627e-02;4.2500000e+01;-2.3861110e-02;4.2500000e+01;3.7276383e-02;4.2500000e+01;1.1043535e-01;4.2500000e+01;1.9103356e-01;4.2500000e+01;2.6252359e-01;4.2500000e+01;2.9964876e-01;4.2500000e+01;2.7311781e-01;4.2500000e+01;2.1503830e-01;4.2500000e+01;2.2044323e-01;4.2500000e+01;1.9474688e-01;4.2500000e+01;1.4932649e-01;4.2500000e+01;9.8147802e-02;4.2500000e+01;5.4867268e-02;4.2500000e+01;6.0219988e-03;4.2500000e+01;-3.5330892e-02;4.2500000e+01;-7.7292822e-02;4.2500000e+01;-1.2510739e-01;4.2500000e+01;-5.7975627e-02;4.2500000e+01;-2.3861110e-02;4.2500000e+01;3.7276383e-02;4.2500000e+01;1.1043535e-01;4.2500000e+01;1.9103356e-01;4.2500000e+01;2.6252359e-01;4.2500000e+01;2.9964876e-01;4.2500000e+01;2.7311781e-01;4.2500000e+01;2.1503830e-01;4.2500000e+01;2.2044323e-01;4.2500000e+01;1.9474688e-01;4.2500000e+01;1.4932649e-01;4.2500000e+01;9.8147802e-02;4.2500000e+01;5.4867268e-02;4.2500000e+01;6.0219988e-03;4.2500000e+01;-3.5330892e-02;4.2500000e+01;-7.7292822e-02;4.2500000e+01;-1.2510739e-01;4.2500000e+01;-5.7975627e-02;4.2500000e+01;-2.3861110e-02;4.2500000e+01;3.7276383e-02;4.2500000e+01;1.1043535e-01;4.2500000e+01;1.9103356e-01;4.2500000e+01;2.6252359e-01;4.2500000e+01;2.9964876e-01;4.2500000e+01;2.7311781e-01;4.2500000e+01;2.1503830e-01;4.2500000e+01;2.2044323e-01;4.2500000e+01;1.9474688e-01;4.2500000e+01;1.4932649e-01;4.2500000e+01;9.8147802e-02;4.2500000e+01;5.4867268e-02;4.2500000e+01;6.0219988e-03;4.2500000e+01;-3.5330892e-02;4.2500000e+01;-7.7292822e-02;4.2500000e+01;-1.2510739e-01;4.2500000e+01;-5.7975627e-02;4.2500000e+01;-2.3861110e-02;4.2500000e+01;3.7276383e-02;4.2500000e+01;1.1043535e-01;4.2500000e+01;1.9103356e-01;4.2500000e+01;2.6252359e-01;4.2500000e+01;2.9964876e-01;4.2500000e+01;2.7311781e-01;4.2500000e+01;2.1503830e-01;4.2500000e+01;2.2044323e-01;4.2500000e+01;1.9474688e-01;4.2500000e+01;1.4932649e-01;4.2500000e+01;9.8147802e-02;4.2500000e+01;5.4867268e-02;4.2500000e+01;6.0219988e-03;4.2500000e+01;-3.5330892e-02;4.2500000e+01;-7.7292822e-02;4.2500000e+01;-1.2510739e-01;4.2500000e+01;-5.7975627e-02;4.2500000e+01;-2.3861110e-02;4.2500000e+01;3.7276383e-02;4.2500000e+01;1.1043535e-01;4.2500000e+01;1.9103356e-01;4.2500000e+01;2.6252359e-01;4.2500000e+01;2.9964876e-01;4.2500000e+01;2.7311781e-01;4.2500000e+01;2.1503830e-01;4.2500000e+01;2.2044323e-01;4.2500000e+01;1.9474688e-01;4.2500000e+01;1.4932649e-01;4.2500000e+01;9.8147802e-02;4.2500000e+01;5.4867268e-02;4.2500000e+01;6.0219988e-03;4.2500000e+01;-3.5330892e-02;4.2500000e+01;-7.7292822e-02;4.2500000e+01;-1.2510739e-01;4.2500000e+01;-5.7975627e-02;4.2500000e+01;-2.3861110e-02;4.2500000e+01;3.7276383e-02;4.2500000e+01;1.1043535e-01;4.2500000e+01;1.9103356e-01;4.2500000e+01;2.6252359e-01;4.2500000e+01;2.9964876e-01;4.2500000e+01;2.7311781e-01;4.2500000e+01;2.1503830e-01;4.2500000e+01;2.2044323e-01;4.2500000e+01;1.9474688e-01;4.2500000e+01;1.4932649e-01;4.2500000e+01;9.8147802e-02;4.2500000e+01;5.4867268e-02;4.2500000e+01;6.0219988e-03;4.2500000e+01;-3.5330892e-02;4.2500000e+01;-7.7292822e-02;4.2500000e+01;-1.2510739e-01;4.2500000e+01;-5.7975627e-02;4.2500000e+01;-2.3861110e-02;4.2500000e+01;3.7276383e-02;4.2500000e+01;1.1043535e-01;4.2500000e+01;1.9103356e-01;4.2500000e+01;2.6252359e-01;4.2500000e+01;2.9964876e-01;4.2500000e+01;2.7311781e-01;4.2500000e+01;2.1503830e-01;4.2500000e+01;2.2044323e-01;4.2500000e+01;1.9474688e-01;4.2500000e+01;1.4932649e-01;4.2500000e+01;9.8147802e-02;4.2500000e+01;5.4867268e-02;4.2500000e+01;6.0219988e-03;4.2500000e+01;-3.5330892e-02;4.2500000e+01;-7.7292822e-02;4.2500000e+01;-1.2510739e-01;4.2500000e+01;-5.7975627e-02;4.2500000e+01;-2.3861110e-02;4.2500000e+01;3.7276383e-02;4.2500000e+01;1.1043535e-01;4.2500000e+01;1.9103356e-01;4.2500000e+01;2.6252359e-01;4.2500000e+01;2.9964876e-01;4.2500000e+01;2.7311781e-01;4.2500000e+01;2.1503830e-01;4.2500000e+01;2.2044323e-01;4.2500000e+01;1.9474688e-01;4.2500000e+01;1.4932649e-01;4.2500000e+01;9.8147802e-02;4.2500000e+01;5.4867268e-02;4.2500000e+01;6.0219988e-03;4.2500000e+01;-3.5330892e-02;4.2500000e+01;-7.7292822e-02;4.2500000e+01;-1.2510739e-01;4.2500000e+01;-5.7975627e-02;4.2500000e+01;-2.3861110e-02;4.2500000e+01;3.7276383e-02;4.2500000e+01;1.1043535e-01;4.2500000e+01;1.9103356e-01;4.2500000e+01;2.6252359e-01;4.2500000e+01;2.9964876e-01;4.2500000e+01;2.7311781e-01;4.2500000e+01;2.1503830e-01;4.2500000e+01;2.2044323e-01;4.2500000e+01;1.9474688e-01;4.2500000e+01;1.4932649e-01;4.2500000e+01;9.8147802e-02;4.2500000e+01;5.4867268e-02;4.2500000e+01;6.0219988e-03;4.2500000e+01;-3.5330892e-02;4.2500000e+01;-7.7292822e-02;4.2500000e+01;-1.2510739e-01;4.2500000e+01;-5.7975627e-02;4.2500000e+01;-2.3861110e-02;4.2500000e+01;3.7276383e-02;4.2500000e+01;1.1043535e-01;4.2500000e+01;1.9103356e-01;4.2500000e+01;2.6252359e-01;4.2500000e+01;2.9964876e-01;4.2500000e+01;2.7311781e-01;4.2500000e+01;2.1503830e-01;4.2500000e+01;2.2044323e-01;4.2500000e+01;1.9474688e-01;4.2500000e+01;1.4932649e-01;4.2500000e+01;9.8147802e-02;4.2500000e+01;5.4867268e-02;4.2500000e+01;6.0219988e-03;4.2500000e+01;-3.5330892e-02;4.2500000e+01;-7.7292822e-02;4.2500000e+01;-1.2510739e-01;4.2500000e+01;-5.7975627e-02;4.2500000e+01;-2.3861110e-02;4.2500000e+01;3.7276383e-02;4.2500000e+01;1.1043535e-01;4.2500000e+01;1.9103356e-01;4.2500000e+01;2.6252359e-01;4.2500000e+01;2.9964876e-01;4.2500000e+01;2.7311781e-01;4.2500000e+01;2.1503830e-01;4.2500000e+01;2.2044323e-01;4.2500000e+01;1.9474688e-01;4.2500000e+01;1.4932649e-01;4.2500000e+01;9.8147802e-02;4.2500000e+01;5.4867268e-02;4.2500000e+01;6.0219988e-03;4.2500000e+01;-3.5330892e-02;4.2500000e+01;-7.7292822e-02;4.2500000e+01;-1.2510739e-01;4.2500000e+01;-5.7975627e-02;4.2500000e+01;-2.3861110e-02;4.2500000e+01;3.7276383e-02;4.2500000e+01;1.1043535e-01;4.2500000e+01;1.9103356e-01;4.2500000e+01;2.6252359e-01;4.2500000e+01;2.9964876e-01;4.2500000e+01;2.7311781e-01;4.2500000e+01;2.1503830e-01;4.2500000e+01;2.2044323e-01;4.2500000e+01;1.9474688e-01;4.2500000e+01;1.4932649e-01;4.2500000e+01;9.8147802e-02;4.2500000e+01;5.4867268e-02;4.2500000e+01;6.0219988e-03;4.2500000e+01;-3.5330892e-02;4.2500000e+01;-7.7292822e-02;4.2500000e+01;-1.2510739e-01;4.2500000e+01;-5.7975627e-02;4.2500000e+01;-2.3861110e-02;4.2500000e+01;3.7276383e-02;4.2500000e+01;1.1043535e-01;4.2500000e+01;1.9103356e-01;4.2500000e+01;2.6252359e-01;4.2500000e+01;2.9964876e-01;4.2500000e+01;2.7311781e-01;4.2500000e+01;2.1503830e-01;4.2500000e+01;2.2044323e-01;4.2500000e+01;1.9474688e-01;4.2500000e+01;1.4932649e-01;4.2500000e+01;9.8147802e-02;4.2500000e+01;5.4867268e-02;4.2500000e+01;6.0219988e-03;4.2500000e+01;-3.5330892e-02;4.2500000e+01;-7.7292822e-02;4.2500000e+01;-1.2510739e-01;4.2500000e+01;-5.7975627e-02;4.2500000e+01;-2.3861110e-02;4.2500000e+01;3.7276383e-02;4.2500000e+01;1.1043535e-01;4.2500000e+01;1.9103356e-01;4.2500000e+01;2.6252359e-01;4.2500000e+01;2.9964876e-01;4.2500000e+01;2.7311781e-01;4.2500000e+01;2.1503830e-01;4.2500000e+01;2.2044323e-01;4.2500000e+01;1.9474688e-01;4.2500000e+01;1.4932649e-01;4.2500000e+01;9.8147802e-02;4.2500000e+01;5.4867268e-02;4.2500000e+01;6.0219988e-03;4.2500000e+01;-3.5330892e-02;4.2500000e+01;-7.7292822e-02;4.2500000e+01;-1.2510739e-01;4.2500000e+01;-5.7975627e-02;4.2500000e+01;-2.3861110e-02;4.2500000e+01;3.7276383e-02;4.2500000e+01;1.1043535e-01;4.2500000e+01;1.9103356e-01;4.2500000e+01;2.6252359e-01;4.2500000e+01;2.9964876e-01;4.2500000e+01;2.7311781e-01;4.2500000e+01;2.1503830e-01;4.2500000e+01;2.2044323e-01;4.2500000e+01;1.9474688e-01;4.2500000e+01;1.4932649e-01;4.2500000e+01;9.8147802e-02;4.2500000e+01;5.4867268e-02;4.2500000e+01;6.0219988e-03;4.2500000e+01;-3.5330892e-02;4.2500000e+01;-7.7292822e-02;4.2500000e+01;-1.2510739e-01;4.2500000e+01;-5.7975627e-02;4.2500000e+01;-2.3861110e-02;4.2500000e+01;3.7276383e-02;4.2500000e+01;1.1043535e-01;4.2500000e+01;1.9103356e-01;4.2500000e+01;2.6252359e-01;4.2500000e+01;2.9964876e-01;4.2500000e+01;2.7311781e-01;4.2500000e+01;2.1503830e-01;4.2500000e+01;2.2044323e-01;4.2500000e+01;1.9474688e-01;4.2500000e+01;1.4932649e-01;4.2500000e+01;9.8147802e-02;4.2500000e+01;5.4867268e-02;4.2500000e+01;6.0219988e-03;4.2500000e+01;-3.5330892e-02;4.2500000e+01;-7.7292822e-02;4.2500000e+01;-1.2510739e-01;4.2500000e+01;-5.7975627e-02;4.2500000e+01;-2.3861110e-02;4.2500000e+01;3.7276383e-02;4.2500000e+01;1.1043535e-01;4.2500000e+01;1.9103356e-01;4.2500000e+01;2.6252359e-01;4.2500000e+01;2.9964876e-01;4.2500000e+01;2.7311781e-01;4.2500000e+01;2.1503830e-01;4.2500000e+01;2.2044323e-01;4.2500000e+01;1.9474688e-01;4.2500000e+01;1.4932649e-01;4.2500000e+01;9.8147802e-02;4.2500000e+01;5.4867268e-02;4.2500000e+01;6.0219988e-03;4.2500000e+01;-3.5330892e-02;4.2500000e+01;-7.7292822e-02;4.2500000e+01;-1.2510739e-01;4.2500000e+01;-5.7975627e-02;4.2500000e+01;-2.3861110e-02;4.2500000e+01;3.7276383e-02;4.2500000e+01;1.1043535e-01;4.2500000e+01;1.9103356e-01;4.2500000e+01;2.6252359e-01;4.2500000e+01;2.9964876e-01;4.2500000e+01;2.7311781e-01;4.2500000e+01;2.1503830e-01;4.2500000e+01;2.2044323e-01;4.2500000e+01;1.9474688e-01;4.2500000e+01;1.4932649e-01;4.2500000e+01;9.8147802e-02;4.2500000e+01;5.4867268e-02;4.2500000e+01;6.0219988e-03;4.2500000e+01;-3.5330892e-02;4.2500000e+01;-7.7292822e-02;4.2500000e+01;-1.2510739e-01;4.2500000e+01;-5.7975627e-02;4.2500000e+01;-2.3861110e-02;4.2500000e+01;3.7276383e-02;4.2500000e+01;1.1043535e-01;4.2500000e+01;1.9103356e-01;4.2500000e+01;2.6252359e-01;4.2500000e+01;2.9964876e-01;4.2500000e+01;2.7311781e-01;4.2500000e+01;2.1503830e-01;4.2500000e+01;2.2044323e-01;4.2500000e+01;1.9474688e-01;4.2500000e+01;1.4932649e-01;4.2500000e+01;9.8147802e-02;4.2500000e+01;5.4867268e-02;4.2500000e+01;6.0219988e-03;4.2500000e+01;-3.5330892e-02;4.2500000e+01;-7.7292822e-02;4.2500000e+01;-1.2510739e-01;4.2500000e+01;-5.7975627e-02;4.2500000e+01;-2.3861110e-02;4.2500000e+01;3.7276383e-02;4.2500000e+01;1.1043535e-01;4.2500000e+01;1.9103356e-01;4.2500000e+01;2.6252359e-01;4.2500000e+01;2.9964876e-01;4.2500000e+01;2.7311781e-01;4.2500000e+01;2.1503830e-01;4.2500000e+01;2.2044323e-01;4.2500000e+01;1.9474688e-01;4.2500000e+01;1.4932649e-01;4.2500000e+01;9.8147802e-02;4.2500000e+01;5.4867268e-02;4.2500000e+01;6.0219988e-03;4.2500000e+01;-3.5330892e-02;4.2500000e+01;-7.7292822e-02;4.2500000e+01;-1.2510739e-01;4.2500000e+01;-5.7975627e-02;4.2500000e+01;-2.3861110e-02;4.2500000e+01;3.7276383e-02;4.2500000e+01;1.1043535e-01;4.2500000e+01;1.9103356e-01;4.2500000e+01;2.6252359e-01;4.2500000e+01;2.9964876e-01;4.2500000e+01;2.7311781e-01;4.2500000e+01;2.1503830e-01;4.2500000e+01;2.2044323e-01;4.2500000e+01;1.9474688e-01;4.2500000e+01;1.4932649e-01;4.2500000e+01;9.8147802e-02;4.2500000e+01;5.4867268e-02;4.2500000e+01;6.0219988e-03;4.2500000e+01;-3.5330892e-02;4.2500000e+01;-7.7292822e-02;4.2500000e+01;-1.2510739e-01;4.2500000e+01;-5.7975627e-02;4.2500000e+01;-2.3861110e-02;4.2500000e+01;3.7276383e-02;4.2500000e+01;1.1043535e-01;4.2500000e+01;1.9103356e-01;4.2500000e+01;2.6252359e-01;4.2500000e+01;2.9964876e-01;4.2500000e+01;2.7311781e-01;4.2500000e+01;2.1503830e-01;4.2500000e+01;2.2044323e-01;4.2500000e+01;1.9474688e-01;4.2500000e+01;1.4932649e-01;4.2500000e+01;9.8147802e-02;4.2500000e+01;5.4867268e-02;4.2500000e+01;6.0219988e-03;4.2500000e+01;-3.5330892e-02;4.2500000e+01;-7.7292822e-02;4.2500000e+01;-1.2510739e-01;4.2500000e+01;-5.7975627e-02;4.2500000e+01;-2.3861110e-02;4.2500000e+01;3.7276383e-02;4.2500000e+01;1.1043535e-01;4.2500000e+01;1.9103356e-01;4.2500000e+01;2.6252359e-01;4.2500000e+01;2.9964876e-01;4.2500000e+01;2.7311781e-01;4.2500000e+01;2.1503830e-01;4.2500000e+01;2.2044323e-01;4.2500000e+01;1.9474688e-01;4.2500000e+01;1.4932649e-01;4.2500000e+01;9.8147802e-02;4.2500000e+01;5.4867268e-02;4.2500000e+01;6.0219988e-03;4.2500000e+01;-3.5330892e-02;4.2500000e+01;-7.7292822e-02;4.2500000e+01;-1.2510739e-01;4.2500000e+01;-5.7975627e-02;4.2500000e+01;-2.3861110e-02;4.2500000e+01;3.7276383e-02;4.2500000e+01;1.1043535e-01;4.2500000e+01;1.9103356e-01;4.2500000e+01;2.6252359e-01;4.2500000e+01;2.9964876e-01;4.2500000e+01;2.7311781e-01;4.2500000e+01;2.1503830e-01;4.2500000e+01;2.2044323e-01;4.2500000e+01;1.9474688e-01;4.2500000e+01;1.4932649e-01;4.2500000e+01;9.8147802e-02;4.2500000e+01;5.4867268e-02;4.2500000e+01;6.0219988e-03;4.2500000e+01;-3.5330892e-02;4.2500000e+01;-7.7292822e-02;4.2500000e+01;-1.2510739e-01;4.2500000e+01;-5.7975627e-02;4.2500000e+01;-2.3861110e-02;4.2500000e+01;3.7276383e-02;4.2500000e+01;1.1043535e-01;4.2500000e+01;1.9103356e-01;4.2500000e+01;2.6252359e-01;4.2500000e+01;2.9964876e-01;4.2500000e+01;2.7311781e-01;4.2500000e+01;2.1503830e-01;4.2500000e+01;2.2044323e-01;4.2500000e+01;1.9474688e-01;4.2500000e+01;1.4932649e-01;4.2500000e+01;9.8147802e-02;4.2500000e+01;5.4867268e-02;4.2500000e+01;6.0219988e-03;4.2500000e+01;-3.5330892e-02;4.2500000e+01;-7.7292822e-02;4.2500000e+01;-1.2510739e-01;4.2500000e+01;-5.7975627e-02;4.2500000e+01;-2.3861110e-02;4.2500000e+01;3.7276383e-02;4.2500000e+01;1.1043535e-01;4.2500000e+01;1.9103356e-01;4.2500000e+01;2.6252359e-01;4.2500000e+01;2.9964876e-01;4.2500000e+01;2.7311781e-01;4.2500000e+01;2.1503830e-01;4.2500000e+01;2.2044323e-01;4.2500000e+01;1.9474688e-01;4.2500000e+01;1.4932649e-01;4.2500000e+01;9.8147802e-02;4.2500000e+01;5.4867268e-02;4.2500000e+01;6.0219988e-03;4.2500000e+01;-3.5330892e-02;4.2500000e+01;-7.7292822e-02;4.2500000e+01;-1.2510739e-01;4.2500000e+01;-5.7975627e-02;4.2500000e+01;-2.3861110e-02;4.2500000e+01;3.7276383e-02;4.2500000e+01;1.1043535e-01;4.2500000e+01;1.9103356e-01;4.2500000e+01;2.6252359e-01;4.2500000e+01;2.9964876e-01;4.2500000e+01;2.7311781e-01;4.2500000e+01;2.1503830e-01;4.2500000e+01;2.2044323e-01;4.2500000e+01;1.9474688e-01;4.2500000e+01;1.4932649e-01;4.2500000e+01;9.8147802e-02;4.2500000e+01;5.4867268e-02;4.2500000e+01;6.0219988e-03;4.2500000e+01;-3.5330892e-02;4.2500000e+01;-7.7292822e-02;4.2500000e+01;-1.2510739e-01;4.2500000e+01;-5.7975627e-02;4.2500000e+01;-2.3861110e-02;4.2500000e+01;3.7276383e-02;4.2500000e+01;1.1043535e-01;4.2500000e+01;1.9103356e-01;4.2500000e+01;2.6252359e-01;4.2500000e+01;2.9964876e-01;4.2500000e+01;2.7311781e-01;4.2500000e+01;2.1503830e-01;4.2500000e+01;2.2044323e-01;4.2500000e+01;1.9474688e-01;4.2500000e+01;1.4932649e-01;4.2500000e+01;9.8147802e-02;4.2500000e+01;5.4867268e-02;4.2500000e+01;6.0219988e-03;4.2500000e+01;-3.5330892e-02;4.2500000e+01;-7.7292822e-02;4.2500000e+01;-1.2510739e-01;4.2500000e+01;-5.7975627e-02;4.2500000e+01;-2.3861110e-02;4.2500000e+01;3.7276383e-02;4.2500000e+01;1.1043535e-01;4.2500000e+01;1.9103356e-01;4.2500000e+01;2.6252359e-01;4.2500000e+01;2.9964876e-01;4.2500000e+01;2.7311781e-01;4.2500000e+01;2.1503830e-01;4.2500000e+01;2.2044323e-01;4.2500000e+01;1.9474688e-01;4.2500000e+01;1.4932649e-01;4.2500000e+01;9.8147802e-02;4.2500000e+01;5.4867268e-02;4.2500000e+01;6.0219988e-03;4.2500000e+01;-3.5330892e-02;4.2500000e+01;-7.7292822e-02;4.2500000e+01;-1.2510739e-01;4.2500000e+01;-5.7975627e-02;4.2500000e+01;-2.3861110e-02;4.2500000e+01;3.7276383e-02;4.2500000e+01;1.1043535e-01;4.2500000e+01;1.9103356e-01;4.2500000e+01;2.6252359e-01;4.2500000e+01;2.9964876e-01;4.2500000e+01;2.7311781e-01;4.2500000e+01;2.1503830e-01;4.2500000e+01;2.2044323e-01;4.2500000e+01;1.9474688e-01;4.2500000e+01;1.4932649e-01;4.2500000e+01;9.8147802e-02;4.2500000e+01;5.4867268e-02;4.2500000e+01;6.0219988e-03;4.2500000e+01;-3.5330892e-02;4.2500000e+01;-7.7292822e-02;4.2500000e+01;-1.2510739e-01;4.2500000e+01;-5.7975627e-02;4.2500000e+01;-2.3861110e-02;4.2500000e+01;3.7276383e-02;4.2500000e+01;1.1043535e-01;4.2500000e+01;1.9103356e-01;4.2500000e+01;2.6252359e-01;4.2500000e+01;2.9964876e-01;4.2500000e+01;2.7311781e-01;4.2500000e+01;2.1503830e-01;4.2500000e+01;2.2044323e-01;4.2500000e+01;1.9474688e-01;4.2500000e+01;1.4932649e-01;4.2500000e+01;9.8147802e-02;4.2500000e+01;5.4867268e-02;4.2500000e+01;6.0219988e-03;4.2500000e+01;-3.5330892e-02;4.2500000e+01;-7.7292822e-02;4.2500000e+01;-1.2510739e-01;4.2500000e+01;-5.7975627e-02;4.2500000e+01;-2.3861110e-02;4.2500000e+01;3.7276383e-02;4.2500000e+01;1.1043535e-01;4.2500000e+01;1.9103356e-01;4.2500000e+01;2.6252359e-01;4.2500000e+01;2.9964876e-01;4.2500000e+01;2.7311781e-01;4.2500000e+01;2.1503830e-01;4.2500000e+01;2.2044323e-01;4.2500000e+01;1.9474688e-01;4.2500000e+01;1.4932649e-01;4.2500000e+01;9.8147802e-02;4.2500000e+01;5.4867268e-02;4.2500000e+01;6.0219988e-03;4.2500000e+01;-3.5330892e-02;4.2500000e+01;-7.7292822e-02;4.2500000e+01;-1.2510739e-01;4.2500000e+01;-5.7975627e-02;4.2500000e+01;-2.3861110e-02;4.2500000e+01;3.7276383e-02;4.2500000e+01;1.1043535e-01;4.2500000e+01;1.9103356e-01;4.2500000e+01;2.6252359e-01;4.2500000e+01;2.9964876e-01;4.2500000e+01;2.7311781e-01;4.2500000e+01;2.1503830e-01;4.2500000e+01;2.2044323e-01;4.2500000e+01;1.9474688e-01;4.2500000e+01;1.4932649e-01;4.2500000e+01;9.8147802e-02;4.2500000e+01;5.4867268e-02;4.2500000e+01;6.0219988e-03;4.2500000e+01;-3.5330892e-02;4.2500000e+01;-7.7292822e-02;4.2500000e+01;-1.2510739e-01;4.2500000e+01;-5.7975627e-02;4.2500000e+01;-2.3861110e-02;4.2500000e+01;3.7276383e-02;4.2500000e+01;1.1043535e-01;4.2500000e+01;1.9103356e-01;4.2500000e+01;2.6252359e-01;4.2500000e+01;2.9964876e-01;4.2500000e+01;2.7311781e-01;4.2500000e+01;2.1503830e-01;4.2500000e+01;2.2044323e-01;4.2500000e+01;1.9474688e-01;4.2500000e+01;1.4932649e-01;4.2500000e+01;9.8147802e-02;4.2500000e+01;5.4867268e-02;4.2500000e+01;6.0219988e-03;4.2500000e+01;-3.5330892e-02;4.2500000e+01;-7.7292822e-02;4.2500000e+01;-1.2510739e-01;4.2500000e+01;-5.7975627e-02;4.2500000e+01;-2.3861110e-02;4.2500000e+01;3.7276383e-02;4.2500000e+01;1.1043535e-01;4.2500000e+01;1.9103356e-01;4.2500000e+01;2.6252359e-01;4.2500000e+01;2.9964876e-01;4.2500000e+01;2.7311781e-01;4.2500000e+01;2.1503830e-01;4.2500000e+01;2.2044323e-01;4.2500000e+01;1.9474688e-01;4.2500000e+01;1.4932649e-01;4.2500000e+01;9.8147802e-02;4.2500000e+01;5.4867268e-02;4.2500000e+01;6.0219988e-03;4.2500000e+01;-3.5330892e-02;4.2500000e+01;-7.7292822e-02;4.2500000e+01;-1.2510739e-01;4.2500000e+01;-5.7975627e-02;4.2500000e+01;-2.3861110e-02;4.2500000e+01;3.7276383e-02;4.2500000e+01;1.1043535e-01;4.2500000e+01;1.9103356e-01;4.2500000e+01;2.6252359e-01;4.2500000e+01;2.9964876e-01;4.2500000e+01;2.7311781e-01;4.2500000e+01;2.1503830e-01;4.2500000e+01;2.2044323e-01;4.2500000e+01;1.9474688e-01;4.2500000e+01;1.4932649e-01;4.2500000e+01;9.8147802e-02;4.2500000e+01;5.4867268e-02;4.2500000e+01;6.0219988e-03;4.2500000e+01;-3.5330892e-02;4.2500000e+01;-7.7292822e-02;4.2500000e+01;-1.2510739e-01;4.2500000e+01;-5.7975627e-02;4.2500000e+01;-2.3861110e-02;4.2500000e+01;3.7276383e-02;4.2500000e+01;1.1043535e-01;4.2500000e+01;1.9103356e-01;4.2500000e+01;2.6252359e-01;4.2500000e+01;2.9964876e-01;4.2500000e+01;2.7311781e-01;4.2500000e+01;2.1503830e-01;4.2500000e+01;2.2044323e-01;4.2500000e+01;1.9474688e-01;4.2500000e+01;1.4932649e-01;4.2500000e+01;9.8147802e-02;4.2500000e+01;5.4867268e-02;4.2500000e+01;6.0219988e-03;4.2500000e+01;-3.5330892e-02;4.2500000e+01;-7.7292822e-02;4.2500000e+01;-1.2510739e-01;4.2500000e+01;-5.7975627e-02;4.2500000e+01;-2.3861110e-02;4.2500000e+01;3.7276383e-02;4.2500000e+01;1.1043535e-01;4.2500000e+01;1.9103356e-01;4.2500000e+01;2.6252359e-01;4.2500000e+01;2.9964876e-01;4.2500000e+01;2.7311781e-01;4.2500000e+01;2.1503830e-01;4.2500000e+01;2.2044323e-01;4.2500000e+01;1.9474688e-01;4.2500000e+01;1.4932649e-01;4.2500000e+01;9.8147802e-02;4.2500000e+01;5.4867268e-02;4.2500000e+01;6.0219988e-03;4.2500000e+01;-3.5330892e-02;4.2500000e+01;-7.7292822e-02;4.2500000e+01;-1.2510739e-01;4.2500000e+01;-5.7975627e-02;4.2500000e+01;-2.3861110e-02;4.2500000e+01;3.7276383e-02;4.2500000e+01;1.1043535e-01;4.2500000e+01;1.9103356e-01;4.2500000e+01;2.6252359e-01;4.2500000e+01;2.9964876e-01;4.2500000e+01;2.7311781e-01;4.2500000e+01;2.1503830e-01;4.2500000e+01;2.2044323e-01;4.2500000e+01;1.9474688e-01;4.2500000e+01;1.4932649e-01;4.2500000e+01;9.8147802e-02;4.2500000e+01;5.4867268e-02;4.2500000e+01;6.0219988e-03;4.2500000e+01;-3.5330892e-02;4.2500000e+01;-7.7292822e-02;4.2500000e+01;-1.2510739e-01;4.2500000e+01;-5.7975627e-02;4.2500000e+01;-2.3861110e-02;4.2500000e+01;3.7276383e-02;4.2500000e+01;1.1043535e-01;4.2500000e+01;1.9103356e-01;4.2500000e+01;2.6252359e-01;4.2500000e+01;2.9964876e-01;4.2500000e+01;2.7311781e-01;4.2500000e+01;2.1503830e-01;4.2500000e+01;2.2044323e-01;4.2500000e+01;1.9474688e-01;4.2500000e+01;1.4932649e-01;4.2500000e+01;9.8147802e-02;4.2500000e+01;5.4867268e-02;4.2500000e+01;6.0219988e-03;4.2500000e+01;-3.5330892e-02;4.2500000e+01;-7.7292822e-02;4.2500000e+01;-1.2510739e-01;4.2500000e+01;-5.7975627e-02;4.2500000e+01;-2.3861110e-02;4.2500000e+01;3.7276383e-02;4.2500000e+01;1.1043535e-01;4.2500000e+01;1.9103356e-01;4.2500000e+01;2.6252359e-01;4.2500000e+01;2.9964876e-01;4.2500000e+01;2.7311781e-01;4.2500000e+01;2.1503830e-01;4.2500000e+01;2.2044323e-01;4.2500000e+01;1.9474688e-01;4.2500000e+01;1.4932649e-01;4.2500000e+01;9.8147802e-02;4.2500000e+01;5.4867268e-02;4.2500000e+01;6.0219988e-03;4.2500000e+01;-3.5330892e-02;4.2500000e+01;-7.7292822e-02;4.2500000e+01;-1.2510739e-01;4.2500000e+01;-5.7975627e-02;4.2500000e+01;-2.3861110e-02;4.2500000e+01;3.7276383e-02;4.2500000e+01;1.1043535e-01;4.2500000e+01;1.9103356e-01;4.2500000e+01;2.6252359e-01;4.2500000e+01;2.9964876e-01;4.2500000e+01;2.7311781e-01;4.2500000e+01;2.1503830e-01;4.2500000e+01;2.2044323e-01;4.2500000e+01;1.9474688e-01;4.2500000e+01;1.4932649e-01;4.2500000e+01;9.8147802e-02;4.2500000e+01;5.4867268e-02;4.2500000e+01;6.0219988e-03;4.2500000e+01;-3.5330892e-02;4.2500000e+01;-7.7292822e-02;4.2500000e+01;-1.2510739e-01;4.2500000e+01;-5.7975627e-02;4.2500000e+01;-2.3861110e-02;4.2500000e+01;3.7276383e-02;4.2500000e+01;1.1043535e-01;4.2500000e+01;1.9103356e-01;4.2500000e+01;2.6252359e-01;4.2500000e+01;2.9964876e-01;4.2500000e+01;2.7311781e-01;4.2500000e+01;2.1503830e-01;4.2500000e+01;2.2044323e-01;4.2500000e+01;1.9474688e-01;4.2500000e+01;1.4932649e-01;4.2500000e+01;9.8147802e-02;4.2500000e+01;5.4867268e-02;4.2500000e+01;6.0219988e-03;4.2500000e+01;-3.5330892e-02;4.2500000e+01;-7.7292822e-02;4.2500000e+01;-1.2510739e-01;4.2500000e+01;-5.7975627e-02;4.2500000e+01;-2.3861110e-02;4.2500000e+01;3.7276383e-02;4.2500000e+01;1.1043535e-01;4.2500000e+01;1.9103356e-01;4.2500000e+01;2.6252359e-01;4.2500000e+01;2.9964876e-01;4.2500000e+01;2.7311781e-01;4.2500000e+01;2.1503830e-01;4.2500000e+01;2.2044323e-01;4.2500000e+01;1.9474688e-01;4.2500000e+01;1.4932649e-01;4.2500000e+01;9.8147802e-02;4.2500000e+01;5.4867268e-02;4.2500000e+01;6.0219988e-03;4.2500000e+01;-3.5330892e-02;4.2500000e+01;-7.7292822e-02;4.2500000e+01;-1.2510739e-01;4.2500000e+01;-5.7975627e-02;4.2500000e+01;-2.3861110e-02;4.2500000e+01;3.7276383e-02;4.2500000e+01;1.1043535e-01;4.2500000e+01;1.9103356e-01;4.2500000e+01;2.6252359e-01;4.2500000e+01;2.9964876e-01;4.2500000e+01;2.7311781e-01;4.2500000e+01;2.1503830e-01;4.2500000e+01;2.2044323e-01;4.2500000e+01;1.9474688e-01;4.2500000e+01;1.4932649e-01;4.2500000e+01;9.8147802e-02;4.2500000e+01;5.4867268e-02;4.2500000e+01;6.0219988e-03;4.2500000e+01;-3.5330892e-02;4.2500000e+01;-7.7292822e-02;4.2500000e+01;-1.2510739e-01;4.2500000e+01;-5.7975627e-02;4.2500000e+01;-2.3861110e-02;4.2500000e+01;3.7276383e-02;4.2500000e+01;1.1043535e-01;4.2500000e+01;1.9103356e-01;4.2500000e+01;2.6252359e-01;4.2500000e+01;2.9964876e-01;4.2500000e+01;2.7311781e-01;4.2500000e+01;2.1503830e-01;4.2500000e+01;2.2044323e-01;4.2500000e+01;1.9474688e-01;4.2500000e+01;1.4932649e-01;4.2500000e+01;9.8147802e-02;4.2500000e+01;5.4867268e-02;4.2500000e+01;6.0219988e-03;4.2500000e+01;-3.5330892e-02;4.2500000e+01;-7.7292822e-02;4.2500000e+01;-1.2510739e-01;4.2500000e+01;-5.7975627e-02;4.2500000e+01;-2.3861110e-02;4.2500000e+01;3.7276383e-02;4.2500000e+01;1.1043535e-01;4.2500000e+01;1.9103356e-01;4.2500000e+01;2.6252359e-01;4.2500000e+01;2.9964876e-01;4.2500000e+01;2.7311781e-01;4.2500000e+01;2.1503830e-01;4.2500000e+01;2.2044323e-01;4.2500000e+01;1.9474688e-01;4.2500000e+01;1.4932649e-01;4.2500000e+01;9.8147802e-02;4.2500000e+01;5.4867268e-02;4.2500000e+01;6.0219988e-03;4.2500000e+01;-3.5330892e-02;4.2500000e+01;-7.7292822e-02;4.2500000e+01;-1.2510739e-01;4.2500000e+01;-5.7975627e-02;4.2500000e+01;-2.3861110e-02;4.2500000e+01;3.7276383e-02;4.2500000e+01;1.1043535e-01;4.2500000e+01;1.9103356e-01;4.2500000e+01;2.6252359e-01;4.2500000e+01;2.9964876e-01;4.2500000e+01;2.7311781e-01;4.2500000e+01;2.1503830e-01;4.2500000e+01;2.2044323e-01;4.2500000e+01;1.9474688e-01;4.2500000e+01;1.4932649e-01;4.2500000e+01;9.8147802e-02;4.2500000e+01;5.4867268e-02;4.2500000e+01;6.0219988e-03;4.2500000e+01;-3.5330892e-02;4.2500000e+01;-7.7292822e-02;4.2500000e+01;-1.2510739e-01;4.2500000e+01;-5.7975627e-02;4.2500000e+01;-2.3861110e-02;4.2500000e+01;3.7276383e-02;4.2500000e+01;1.1043535e-01;4.2500000e+01;1.9103356e-01;4.2500000e+01;2.6252359e-01;4.2500000e+01;2.9964876e-01;4.2500000e+01;2.7311781e-01;4.2500000e+01;2.1503830e-01;4.2500000e+01;2.2044323e-01;4.2500000e+01;1.9474688e-01;4.2500000e+01;1.4932649e-01;4.2500000e+01;9.8147802e-02;4.2500000e+01;5.4867268e-02;4.2500000e+01;6.0219988e-03;4.2500000e+01;-3.5330892e-02;4.2500000e+01;-7.7292822e-02;4.2500000e+01;-1.2510739e-01;4.2500000e+01;-5.7975627e-02;4.2500000e+01;-2.3861110e-02;4.2500000e+01;3.7276383e-02;4.2500000e+01;1.1043535e-01;4.2500000e+01;1.9103356e-01;4.2500000e+01;2.6252359e-01;4.2500000e+01;2.9964876e-01;4.2500000e+01;2.7311781e-01;4.2500000e+01;2.1503830e-01;4.2500000e+01;2.2044323e-01;4.2500000e+01;1.9474688e-01;4.2500000e+01;1.4932649e-01;4.2500000e+01;9.8147802e-02;4.2500000e+01;5.4867268e-02;4.2500000e+01;6.0219988e-03;4.2500000e+01;-3.5330892e-02;4.2500000e+01;-7.7292822e-02;4.2500000e+01;-1.2510739e-01;4.2500000e+01;-5.7975627e-02;4.2500000e+01;-2.3861110e-02;4.2500000e+01;3.7276383e-02;4.2500000e+01;1.1043535e-01;4.2500000e+01;1.9103356e-01;4.2500000e+01;2.6252359e-01;4.2500000e+01;2.9964876e-01;4.2500000e+01;2.7311781e-01;4.2500000e+01;2.1503830e-01;4.2500000e+01;2.2044323e-01;4.2500000e+01;1.9474688e-01;4.2500000e+01;1.4932649e-01;4.2500000e+01;9.8147802e-02;4.2500000e+01;5.4867268e-02;4.2500000e+01;6.0219988e-03;4.2500000e+01;-3.5330892e-02;4.2500000e+01;-7.7292822e-02;4.2500000e+01;-1.2510739e-01;4.2500000e+01;-5.7975627e-02;4.2500000e+01;-2.3861110e-02;4.2500000e+01;3.7276383e-02;4.2500000e+01;1.1043535e-01;4.2500000e+01;1.9103356e-01;4.2500000e+01;2.6252359e-01;4.2500000e+01;2.9964876e-01;4.2500000e+01;2.7311781e-01;4.2500000e+01;2.1503830e-01;4.2500000e+01;2.2044323e-01;4.2500000e+01;1.9474688e-01;4.2500000e+01;1.4932649e-01;4.2500000e+01;9.8147802e-02;4.2500000e+01;5.4867268e-02;4.2500000e+01;6.0219988e-03;4.2500000e+01;-3.5330892e-02;4.2500000e+01;-7.7292822e-02;4.2500000e+01;-1.2510739e-01;4.2500000e+01;-5.7975627e-02;4.2500000e+01;-2.3861110e-02;4.2500000e+01;3.7276383e-02;4.2500000e+01;1.1043535e-01;4.2500000e+01;1.9103356e-01;4.2500000e+01;2.6252359e-01;4.2500000e+01;2.9964876e-01;4.2500000e+01;2.7311781e-01;4.2500000e+01;2.1503830e-01;4.2500000e+01;2.2044323e-01;4.2500000e+01;1.9474688e-01;4.2500000e+01;1.4932649e-01;4.2500000e+01;9.8147802e-02;4.2500000e+01;5.4867268e-02;4.2500000e+01;6.0219988e-03;4.2500000e+01;-3.5330892e-02;4.2500000e+01;-7.7292822e-02;4.2500000e+01;-1.2510739e-01;4.2500000e+01;-5.7975627e-02;4.2500000e+01;-2.3861110e-02;4.2500000e+01;3.7276383e-02;4.2500000e+01;1.1043535e-01;4.2500000e+01;1.9103356e-01;4.2500000e+01;2.6252359e-01;4.2500000e+01;2.9964876e-01;4.2500000e+01;2.7311781e-01;4.2500000e+01;2.1503830e-01;4.2500000e+01;2.2044323e-01;4.2500000e+01;1.9474688e-01;4.2500000e+01;1.4932649e-01;4.2500000e+01;9.8147802e-02;4.2500000e+01;5.4867268e-02;4.2500000e+01;6.0219988e-03;4.2500000e+01;-3.5330892e-02;4.2500000e+01;-7.7292822e-02;4.2500000e+01;-1.2510739e-01;4.2500000e+01;-5.7975627e-02;4.2500000e+01;-2.3861110e-02;4.2500000e+01;3.7276383e-02;4.2500000e+01;1.1043535e-01;4.2500000e+01;1.9103356e-01;4.2500000e+01;2.6252359e-01;4.2500000e+01;2.9964876e-01;4.2500000e+01;2.7311781e-01;4.2500000e+01;2.1503830e-01;4.2500000e+01;2.2044323e-01;4.2500000e+01;1.9474688e-01;4.2500000e+01;1.4932649e-01;4.2500000e+01;9.8147802e-02;4.2500000e+01;5.4867268e-02;4.2500000e+01;6.0219988e-03;4.2500000e+01;-3.5330892e-02;4.2500000e+01;-7.7292822e-02;4.2500000e+01;-1.2510739e-01;4.2500000e+01;-5.7975627e-02;4.2500000e+01;-2.3861110e-02;4.2500000e+01;3.7276383e-02;4.2500000e+01;1.1043535e-01;4.2500000e+01;1.9103356e-01;4.2500000e+01;2.6252359e-01;4.2500000e+01;2.9964876e-01;4.2500000e+01;2.7311781e-01;4.2500000e+01;2.1503830e-01;4.2500000e+01;2.2044323e-01;4.2500000e+01;1.9474688e-01;4.2500000e+01;1.4932649e-01;4.2500000e+01;9.8147802e-02;4.2500000e+01;5.4867268e-02;4.2500000e+01;6.0219988e-03;4.2500000e+01;-3.5330892e-02;4.2500000e+01;-7.7292822e-02;4.2500000e+01;-1.2510739e-01;4.2500000e+01;-5.7975627e-02;4.2500000e+01;-2.3861110e-02;4.2500000e+01;3.7276383e-02;4.2500000e+01;1.1043535e-01;4.2500000e+01;1.9103356e-01;4.2500000e+01;2.6252359e-01;4.2500000e+01;2.9964876e-01;4.2500000e+01;2.7311781e-01;4.2500000e+01;2.1503830e-01;4.2500000e+01;2.2044323e-01;4.2500000e+01;1.9474688e-01;4.2500000e+01;1.4932649e-01;4.2500000e+01;9.8147802e-02;4.2500000e+01;5.4867268e-02;4.2500000e+01;6.0219988e-03;4.2500000e+01;-3.5330892e-02;4.2500000e+01;-7.7292822e-02;4.2500000e+01;-1.2510739e-01;4.2500000e+01;-5.7975627e-02;4.2500000e+01;-2.3861110e-02;4.2500000e+01;3.7276383e-02;4.2500000e+01;1.1043535e-01;4.2500000e+01;1.9103356e-01;4.2500000e+01;2.6252359e-01;4.2500000e+01;2.9964876e-01;4.2500000e+01;2.7311781e-01;4.2500000e+01;2.1503830e-01;4.2500000e+01;2.2044323e-01;4.2500000e+01;1.9474688e-01;4.2500000e+01;1.4932649e-01;4.2500000e+01;9.8147802e-02;4.2500000e+01;5.4867268e-02;4.2500000e+01;6.0219988e-03;4.2500000e+01;-3.5330892e-02;4.2500000e+01;-7.7292822e-02;4.2500000e+01;-1.2510739e-01;4.2500000e+01;-5.7975627e-02;4.2500000e+01;-2.3861110e-02;4.2500000e+01;3.7276383e-02;4.2500000e+01;1.1043535e-01;4.2500000e+01;1.9103356e-01;4.2500000e+01;2.6252359e-01;4.2500000e+01;2.9964876e-01;4.2500000e+01;2.7311781e-01;4.2500000e+01;2.1503830e-01;4.2500000e+01;2.2044323e-01;4.2500000e+01;1.9474688e-01;4.2500000e+01;1.4932649e-01;4.2500000e+01;9.8147802e-02;4.2500000e+01;5.4867268e-02;4.2500000e+01;6.0219988e-03;4.2500000e+01;-3.5330892e-02;4.2500000e+01;-7.7292822e-02;4.2500000e+01;-1.2510739e-01;4.2500000e+01;-5.7975627e-02;4.2500000e+01;-2.3861110e-02;4.2500000e+01;3.7276383e-02;4.2500000e+01;1.1043535e-01;4.2500000e+01;1.9103356e-01;4.2500000e+01;2.6252359e-01;4.2500000e+01;2.9964876e-01;4.2500000e+01;2.7311781e-01;4.2500000e+01;2.1503830e-01;4.2500000e+01;2.2044323e-01;4.2500000e+01;1.9474688e-01;4.2500000e+01;1.4932649e-01;4.2500000e+01;9.8147802e-02;4.2500000e+01;5.4867268e-02;4.2500000e+01;6.0219988e-03;4.2500000e+01;-3.5330892e-02;4.2500000e+01;-7.7292822e-02;4.2500000e+01;-1.2510739e-01;4.2500000e+01;-5.7975627e-02;4.2500000e+01;-2.3861110e-02;4.2500000e+01;3.7276383e-02;4.2500000e+01;1.1043535e-01;4.2500000e+01;1.9103356e-01;4.2500000e+01;2.6252359e-01;4.2500000e+01;2.9964876e-01;4.2500000e+01;2.7311781e-01;4.2500000e+01;2.1503830e-01;4.2500000e+01;2.2044323e-01;4.2500000e+01;1.9474688e-01;4.2500000e+01;1.4932649e-01;4.2500000e+01;9.8147802e-02;4.2500000e+01;5.4867268e-02;4.2500000e+01;6.0219988e-03;4.2500000e+01;-3.5330892e-02;4.2500000e+01;-7.7292822e-02;4.2500000e+01;-1.2510739e-01;4.2500000e+01;-5.7975627e-02;4.2500000e+01;-2.3861110e-02;4.2500000e+01;3.7276383e-02;4.2500000e+01;1.1043535e-01;4.2500000e+01;1.9103356e-01;4.2500000e+01;2.6252359e-01;4.2500000e+01;2.9964876e-01;4.2500000e+01;2.7311781e-01;4.2500000e+01;2.1503830e-01;4.2500000e+01;2.2044323e-01;4.2500000e+01;1.9474688e-01;4.2500000e+01;1.4932649e-01;4.2500000e+01;9.8147802e-02;4.2500000e+01;5.4867268e-02;4.2500000e+01;6.0219988e-03;4.2500000e+01;-3.5330892e-02;4.2500000e+01;-7.7292822e-02;4.2500000e+01;-1.2510739e-01;4.2500000e+01;-5.7975627e-02;4.2500000e+01;-2.3861110e-02;4.2500000e+01;3.7276383e-02;4.2500000e+01;1.1043535e-01;4.2500000e+01;1.9103356e-01;4.2500000e+01;2.6252359e-01;4.2500000e+01;2.9964876e-01;4.2500000e+01;2.7311781e-01;4.2500000e+01;2.1503830e-01;4.2500000e+01;2.2044323e-01;4.2500000e+01;1.9474688e-01;4.2500000e+01;1.4932649e-01;4.2500000e+01;9.8147802e-02;4.2500000e+01;5.4867268e-02;4.2500000e+01;6.0219988e-03;4.2500000e+01;-3.5330892e-02;4.2500000e+01;-7.7292822e-02;4.2500000e+01;-1.2510739e-01;4.2500000e+01;-5.7975627e-02;4.2500000e+01;-2.3861110e-02;4.2500000e+01;3.7276383e-02;4.2500000e+01;1.1043535e-01;4.2500000e+01;1.9103356e-01;4.2500000e+01;2.6252359e-01;4.2500000e+01;2.9964876e-01;4.2500000e+01;2.7311781e-01;4.2500000e+01;2.1503830e-01;4.2500000e+01;2.2044323e-01;4.2500000e+01;1.9474688e-01;4.2500000e+01;1.4932649e-01;4.2500000e+01;9.8147802e-02;4.2500000e+01;5.4867268e-02;4.2500000e+01;6.0219988e-03;4.2500000e+01;-3.5330892e-02;4.2500000e+01;-7.7292822e-02;4.2500000e+01;-1.2510739e-01;4.2500000e+01;-5.7975627e-02;4.2500000e+01;-2.3861110e-02;4.2500000e+01;3.7276383e-02;4.2500000e+01;1.1043535e-01;4.2500000e+01;1.9103356e-01;4.2500000e+01;2.6252359e-01;4.2500000e+01;2.9964876e-01;4.2500000e+01;2.7311781e-01;4.2500000e+01;2.1503830e-01;4.2500000e+01;2.2044323e-01;4.2500000e+01;1.9474688e-01;4.2500000e+01;1.4932649e-01;4.2500000e+01;9.8147802e-02;4.2500000e+01;5.4867268e-02;4.2500000e+01;6.0219988e-03;4.2500000e+01;-3.5330892e-02;4.2500000e+01;-7.7292822e-02;4.2500000e+01;-1.2510739e-01;4.2500000e+01;-5.7975627e-02;4.2500000e+01;-2.3861110e-02;4.2500000e+01;3.7276383e-02;4.2500000e+01;1.1043535e-01;4.2500000e+01;1.9103356e-01;4.2500000e+01;2.6252359e-01;4.2500000e+01;2.9964876e-01;4.2500000e+01;2.7311781e-01;4.2500000e+01;2.1503830e-01;4.2500000e+01;2.2044323e-01;4.2500000e+01;1.9474688e-01;4.2500000e+01;1.4932649e-01;4.2500000e+01;9.8147802e-02;4.2500000e+01;5.4867268e-02;4.2500000e+01;6.0219988e-03;4.2500000e+01;-3.5330892e-02;4.2500000e+01;-7.7292822e-02;4.2500000e+01;-1.2510739e-01;4.2500000e+01;-5.7975627e-02;4.2500000e+01;-2.3861110e-02;4.2500000e+01;3.7276383e-02;4.2500000e+01;1.1043535e-01;4.2500000e+01;1.9103356e-01;4.2500000e+01;2.6252359e-01;4.2500000e+01;2.9964876e-01;4.2500000e+01;2.7311781e-01;4.2500000e+01;2.1503830e-01;4.2500000e+01;2.2044323e-01;4.2500000e+01;1.9474688e-01;4.2500000e+01;1.4932649e-01;4.2500000e+01;9.8147802e-02;4.2500000e+01;5.4867268e-02;4.2500000e+01;6.0219988e-03;4.2500000e+01;-3.5330892e-02;4.2500000e+01;-7.7292822e-02;4.2500000e+01;-1.2510739e-01;4.2500000e+01;-5.7975627e-02;4.2500000e+01;-2.3861110e-02;4.2500000e+01;3.7276383e-02;4.2500000e+01;1.1043535e-01;4.2500000e+01;1.9103356e-01;4.2500000e+01;2.6252359e-01;4.2500000e+01;2.9964876e-01;4.2500000e+01;2.7311781e-01;4.2500000e+01;2.1503830e-01;4.2500000e+01;2.2044323e-01;4.2500000e+01;1.9474688e-01;4.2500000e+01;1.4932649e-01;4.2500000e+01;9.8147802e-02;4.2500000e+01;5.4867268e-02;4.2500000e+01;6.0219988e-03;4.2500000e+01;-3.5330892e-02;4.2500000e+01;-7.7292822e-02;4.2500000e+01;-1.2510739e-01;4.2500000e+01;-5.7975627e-02;4.2500000e+01;-2.3861110e-02;4.2500000e+01;3.7276383e-02;4.2500000e+01;1.1043535e-01;4.2500000e+01;1.9103356e-01;4.2500000e+01;2.6252359e-01;4.2500000e+01;2.9964876e-01;4.2500000e+01;2.7311781e-01;4.2500000e+01;2.1503830e-01;4.2500000e+01;2.2044323e-01;4.2500000e+01;1.9474688e-01;4.2500000e+01;1.4932649e-01;4.2500000e+01;9.8147802e-02;4.2500000e+01;5.4867268e-02;4.2500000e+01;6.0219988e-03;4.2500000e+01;-3.5330892e-02;4.2500000e+01;-7.7292822e-02;4.2500000e+01;-1.2510739e-01;4.2500000e+01;-5.7975627e-02;4.2500000e+01;-2.3861110e-02;4.2500000e+01;3.7276383e-02;4.2500000e+01;1.1043535e-01;4.2500000e+01;1.9103356e-01;4.2500000e+01;2.6252359e-01;4.2500000e+01;2.9964876e-01;4.2500000e+01;2.7311781e-01;4.2500000e+01;2.1503830e-01;4.2500000e+01;2.2044323e-01;4.2500000e+01;1.9474688e-01;4.2500000e+01;1.4932649e-01;4.2500000e+01;9.8147802e-02;4.2500000e+01;5.4867268e-02;4.2500000e+01;6.0219988e-03;4.2500000e+01;-3.5330892e-02;4.2500000e+01;-7.7292822e-02;4.2500000e+01;-1.2510739e-01;4.2500000e+01;-5.7975627e-02;4.2500000e+01;-2.3861110e-02;4.2500000e+01;3.7276383e-02;4.2500000e+01;1.1043535e-01;4.2500000e+01;1.9103356e-01;4.2500000e+01;2.6252359e-01;4.2500000e+01;2.9964876e-01;4.2500000e+01;2.7311781e-01;4.2500000e+01;2.1503830e-01;4.2500000e+01;2.2044323e-01;4.2500000e+01;1.9474688e-01;4.2500000e+01;1.4932649e-01;4.2500000e+01;9.8147802e-02;4.2500000e+01;5.4867268e-02;4.2500000e+01;6.0219988e-03;4.2500000e+01;-3.5330892e-02;4.2500000e+01;-7.7292822e-02;4.2500000e+01;-1.2510739e-01;4.2500000e+01;-5.7975627e-02;4.2500000e+01;-2.3861110e-02;4.2500000e+01;3.7276383e-02;4.2500000e+01;1.1043535e-01;4.2500000e+01;1.9103356e-01;4.2500000e+01;2.6252359e-01;4.2500000e+01;2.9964876e-01;4.2500000e+01;2.7311781e-01;4.2500000e+01;2.1503830e-01;4.2500000e+01;2.2044323e-01;4.2500000e+01;1.9474688e-01;4.2500000e+01;1.4932649e-01;4.2500000e+01;9.8147802e-02;4.2500000e+01;5.4867268e-02;4.2500000e+01;6.0219988e-03;4.2500000e+01;-3.5330892e-02;4.2500000e+01;-7.7292822e-02;4.2500000e+01;-1.2510739e-01;4.2500000e+01;-5.7975627e-02;4.2500000e+01;-2.3861110e-02;4.2500000e+01;3.7276383e-02;4.2500000e+01;1.1043535e-01;4.2500000e+01;1.9103356e-01;4.2500000e+01;2.6252359e-01;4.2500000e+01;2.9964876e-01;4.2500000e+01;2.7311781e-01;4.2500000e+01;2.1503830e-01;4.2500000e+01;2.2044323e-01;4.2500000e+01;1.9474688e-01;4.2500000e+01;1.4932649e-01;4.2500000e+01;9.8147802e-02;4.2500000e+01;5.4867268e-02;4.2500000e+01;6.0219988e-03;4.2500000e+01;-3.5330892e-02;4.2500000e+01;-7.7292822e-02;4.2500000e+01;-1.2510739e-01;4.2500000e+01;-5.7975627e-02;4.2500000e+01;-2.3861110e-02;4.2500000e+01;3.7276383e-02;4.2500000e+01;1.1043535e-01;4.2500000e+01;1.9103356e-01;4.2500000e+01;2.6252359e-01;4.2500000e+01;2.9964876e-01;4.2500000e+01;2.7311781e-01;4.2500000e+01;2.1503830e-01;4.2500000e+01;2.2044323e-01;4.2500000e+01;1.9474688e-01;4.2500000e+01;1.4932649e-01;4.2500000e+01;9.8147802e-02;4.2500000e+01;5.4867268e-02;4.2500000e+01;6.0219988e-03;4.2500000e+01;-3.5330892e-02;4.2500000e+01;-7.7292822e-02;4.2500000e+01;-1.2510739e-01;4.2500000e+01;-5.7975627e-02;4.2500000e+01;-2.3861110e-02;4.2500000e+01;3.7276383e-02;4.2500000e+01;1.1043535e-01;4.2500000e+01;1.9103356e-01;4.2500000e+01;2.6252359e-01;4.2500000e+01;2.9964876e-01;4.2500000e+01;2.7311781e-01;4.2500000e+01;2.1503830e-01;4.2500000e+01;2.2044323e-01;4.2500000e+01;1.9474688e-01;4.2500000e+01;1.4932649e-01;4.2500000e+01;9.8147802e-02;4.2500000e+01;5.4867268e-02;4.2500000e+01;6.0219988e-03;4.2500000e+01;-3.5330892e-02;4.2500000e+01;-7.7292822e-02;4.2500000e+01;-1.2510739e-01;4.2500000e+01;-5.7975627e-02;4.2500000e+01;-2.3861110e-02;4.2500000e+01;3.7276383e-02;4.2500000e+01;1.1043535e-01;4.2500000e+01;1.9103356e-01;4.2500000e+01;2.6252359e-01;4.2500000e+01;2.9964876e-01;4.2500000e+01;2.7311781e-01;4.2500000e+01;2.1503830e-01;4.2500000e+01;2.2044323e-01;4.2500000e+01;1.9474688e-01;4.2500000e+01;1.4932649e-01;4.2500000e+01;9.8147802e-02;4.2500000e+01;5.4867268e-02;4.2500000e+01;6.0219988e-03;4.2500000e+01;-3.5330892e-02;4.2500000e+01;-7.7292822e-02;4.2500000e+01;-1.2510739e-01;4.2500000e+01;-5.7975627e-02;4.2500000e+01;-2.3861110e-02;4.2500000e+01;3.7276383e-02;4.2500000e+01;1.1043535e-01;4.2500000e+01;1.9103356e-01;4.2500000e+01;2.6252359e-01;4.2500000e+01;2.9964876e-01;4.2500000e+01;2.7311781e-01;4.2500000e+01;2.1503830e-01;4.2500000e+01;2.2044323e-01;4.2500000e+01;1.9474688e-01;4.2500000e+01;1.4932649e-01;4.2500000e+01;9.8147802e-02;4.2500000e+01;5.4867268e-02;4.2500000e+01;6.0219988e-03;4.2500000e+01;-3.5330892e-02;4.2500000e+01;-7.7292822e-02;4.2500000e+01;-1.2510739e-01;4.2500000e+01;-5.7975627e-02;4.2500000e+01;-2.3861110e-02;4.2500000e+01;3.7276383e-02;4.2500000e+01;1.1043535e-01;4.2500000e+01;1.9103356e-01;4.2500000e+01;2.6252359e-01;4.2500000e+01;2.9964876e-01;4.2500000e+01;2.7311781e-01;4.2500000e+01;2.1503830e-01;4.2500000e+01;2.2044323e-01;4.2500000e+01;1.9474688e-01;4.2500000e+01;1.4932649e-01;4.2500000e+01;9.8147802e-02;4.2500000e+01;5.4867268e-02;4.2500000e+01;6.0219988e-03;4.2500000e+01;-3.5330892e-02;4.2500000e+01;-7.7292822e-02;4.2500000e+01;-1.2510739e-01;4.2500000e+01;-5.7975627e-02;4.2500000e+01;-2.3861110e-02;4.2500000e+01;3.7276383e-02;4.2500000e+01;1.1043535e-01;4.2500000e+01;1.9103356e-01;4.2500000e+01;2.6252359e-01;4.2500000e+01;2.9964876e-01;4.2500000e+01;2.7311781e-01;4.2500000e+01;2.1503830e-01;4.2500000e+01;2.2044323e-01;4.2500000e+01;1.9474688e-01;4.2500000e+01;1.4932649e-01;4.2500000e+01;9.8147802e-02;4.2500000e+01;5.4867268e-02;4.2500000e+01;6.0219988e-03;4.2500000e+01;-3.5330892e-02;4.2500000e+01;-7.7292822e-02;4.2500000e+01;-1.2510739e-01;4.2500000e+01;-5.7975627e-02;4.2500000e+01;-2.3861110e-02;4.2500000e+01;3.7276383e-02;4.2500000e+01;1.1043535e-01;4.2500000e+01;1.9103356e-01;4.2500000e+01;2.6252359e-01;4.2500000e+01;2.9964876e-01;4.2500000e+01;2.7311781e-01;4.2500000e+01;2.1503830e-01;4.2500000e+01;2.2044323e-01;4.2500000e+01;1.9474688e-01;4.2500000e+01;1.4932649e-01;4.2500000e+01;9.8147802e-02;4.2500000e+01;5.4867268e-02;4.2500000e+01;6.0219988e-03;4.2500000e+01;-3.5330892e-02;4.2500000e+01;-7.7292822e-02;4.2500000e+01;-1.2510739e-01;4.2500000e+01;-5.7975627e-02;4.2500000e+01;-2.3861110e-02;4.2500000e+01;3.7276383e-02;4.2500000e+01;1.1043535e-01;4.2500000e+01;1.9103356e-01;4.2500000e+01;2.6252359e-01;4.2500000e+01;2.9964876e-01;4.2500000e+01;2.7311781e-01;4.2500000e+01;2.1503830e-01;4.2500000e+01;2.2044323e-01;4.2500000e+01;1.9474688e-01;4.2500000e+01;1.4932649e-01;4.2500000e+01;9.8147802e-02;4.2500000e+01;5.4867268e-02;4.2500000e+01;6.0219988e-03;4.2500000e+01;-3.5330892e-02;4.2500000e+01;-7.7292822e-02;4.2500000e+01;-1.2510739e-01;4.2500000e+01;-5.7975627e-02;4.2500000e+01;-2.3861110e-02;4.2500000e+01;3.7276383e-02;4.2500000e+01;1.1043535e-01;4.2500000e+01;1.9103356e-01;4.2500000e+01;2.6252359e-01;4.2500000e+01;2.9964876e-01;4.2500000e+01;2.7311781e-01;4.2500000e+01;2.1503830e-01;4.2500000e+01;2.2044323e-01;4.2500000e+01;1.9474688e-01;4.2500000e+01;1.4932649e-01;4.2500000e+01;9.8147802e-02;4.2500000e+01;5.4867268e-02;4.2500000e+01;6.0219988e-03;4.2500000e+01;-3.5330892e-02;4.2500000e+01;-7.7292822e-02;4.2500000e+01;-1.2510739e-01;4.2500000e+01;-5.7975627e-02;4.2500000e+01;-2.3861110e-02;4.2500000e+01;3.7276383e-02;4.2500000e+01;1.1043535e-01;4.2500000e+01;1.9103356e-01;4.2500000e+01;2.6252359e-01;4.2500000e+01;2.9964876e-01;4.2500000e+01;2.7311781e-01;4.2500000e+01;2.1503830e-01;4.2500000e+01;2.2044323e-01;4.2500000e+01;1.9474688e-01;4.2500000e+01;1.4932649e-01;4.2500000e+01;9.8147802e-02;4.2500000e+01;5.4867268e-02;4.2500000e+01;6.0219988e-03;4.2500000e+01;-3.5330892e-02;4.2500000e+01;-7.7292822e-02;4.2500000e+01;-1.2510739e-01;4.2500000e+01;-5.7975627e-02;4.2500000e+01;-2.3861110e-02;4.2500000e+01;3.7276383e-02;4.2500000e+01;1.1043535e-01;4.2500000e+01;1.9103356e-01;4.2500000e+01;2.6252359e-01;4.2500000e+01;2.9964876e-01;4.2500000e+01;2.7311781e-01;4.2500000e+01;2.1503830e-01;4.2500000e+01;2.2044323e-01;4.2500000e+01;1.9474688e-01;4.2500000e+01;1.4932649e-01;4.2500000e+01;9.8147802e-02;4.2500000e+01;5.4867268e-02;4.2500000e+01;6.0219988e-03;4.2500000e+01;-3.5330892e-02;4.2500000e+01;-7.7292822e-02;4.2500000e+01;-1.2510739e-01;4.2500000e+01;-5.7975627e-02;4.2500000e+01;-2.3861110e-02;4.2500000e+01;3.7276383e-02;4.2500000e+01;1.1043535e-01;4.2500000e+01;1.9103356e-01;4.2500000e+01;2.6252359e-01;4.2500000e+01;2.9964876e-01;4.2500000e+01;2.7311781e-01;4.2500000e+01;2.1503830e-01;4.2500000e+01;2.2044323e-01;4.2500000e+01;1.9474688e-01;4.2500000e+01;1.4932649e-01;4.2500000e+01;9.8147802e-02;4.2500000e+01;5.4867268e-02;4.2500000e+01;6.0219988e-03;4.2500000e+01;-3.5330892e-02;4.2500000e+01;-7.7292822e-02;4.2500000e+01;-1.2510739e-01;4.2500000e+01;-5.7975627e-02;4.2500000e+01;-2.3861110e-02;4.2500000e+01;3.7276383e-02;4.2500000e+01;1.1043535e-01;4.2500000e+01;1.9103356e-01;4.2500000e+01;2.6252359e-01;4.2500000e+01;2.9964876e-01;4.2500000e+01;2.7311781e-01;4.2500000e+01;2.1503830e-01;4.2500000e+01;2.2044323e-01;4.2500000e+01;1.9474688e-01;4.2500000e+01;1.4932649e-01;4.2500000e+01;9.8147802e-02;4.2500000e+01;5.4867268e-02;4.2500000e+01;6.0219988e-03;4.2500000e+01;-3.5330892e-02;4.2500000e+01;-7.7292822e-02;4.2500000e+01;-1.2510739e-01;4.2500000e+01;-5.7975627e-02;4.2500000e+01;-2.3861110e-02;4.2500000e+01;3.7276383e-02;4.2500000e+01;1.1043535e-01;4.2500000e+01;1.9103356e-01;4.2500000e+01;2.6252359e-01;4.2500000e+01;2.9964876e-01;4.2500000e+01;2.7311781e-01;4.2500000e+01;2.1503830e-01;4.2500000e+01;2.2044323e-01;4.2500000e+01;1.9474688e-01;4.2500000e+01;1.4932649e-01;4.2500000e+01;9.8147802e-02;4.2500000e+01;5.4867268e-02;4.2500000e+01;6.0219988e-03;4.2500000e+01;-3.5330892e-02;4.2500000e+01;-7.7292822e-02;4.2500000e+01;-1.2510739e-01;4.2500000e+01;-5.7975627e-02;4.2500000e+01;-2.3861110e-02;4.2500000e+01;3.7276383e-02;4.2500000e+01;1.1043535e-01;4.2500000e+01;1.9103356e-01;4.2500000e+01;2.6252359e-01;4.2500000e+01;2.9964876e-01;4.2500000e+01;2.7311781e-01;4.2500000e+01;2.1503830e-01;4.2500000e+01;2.2044323e-01;4.2500000e+01;1.9474688e-01;4.2500000e+01;1.4932649e-01;4.2500000e+01;9.8147802e-02;4.2500000e+01;5.4867268e-02;4.2500000e+01;6.0219988e-03;4.2500000e+01;-3.5330892e-02;4.2500000e+01;-7.7292822e-02;4.2500000e+01;-1.2510739e-01;4.2500000e+01;-5.7975627e-02;4.2500000e+01;-2.3861110e-02;4.2500000e+01;3.7276383e-02;4.2500000e+01;1.1043535e-01;4.2500000e+01;1.9103356e-01;4.2500000e+01;2.6252359e-01;4.2500000e+01;2.9964876e-01;4.2500000e+01;2.7311781e-01;4.2500000e+01;2.1503830e-01;4.2500000e+01;2.2044323e-01;4.2500000e+01;1.9474688e-01;4.2500000e+01;1.4932649e-01;4.2500000e+01;9.8147802e-02;4.2500000e+01;5.4867268e-02;4.2500000e+01;6.0219988e-03;4.2500000e+01;-3.5330892e-02;4.2500000e+01;-7.7292822e-02;4.2500000e+01;-1.2510739e-01;4.2500000e+01;-5.7975627e-02;4.2500000e+01;-2.3861110e-02;4.2500000e+01;3.7276383e-02;4.2500000e+01;1.1043535e-01;4.2500000e+01;1.9103356e-01;4.2500000e+01;2.6252359e-01;4.2500000e+01;2.9964876e-01;4.2500000e+01;2.7311781e-01;4.2500000e+01;2.1503830e-01;4.2500000e+01;2.2044323e-01;4.2500000e+01;1.9474688e-01;4.2500000e+01;1.4932649e-01;4.2500000e+01;9.8147802e-02;4.2500000e+01;5.4867268e-02;4.2500000e+01;6.0219988e-03;4.2500000e+01;-3.5330892e-02;4.2500000e+01;-7.7292822e-02;4.2500000e+01;-1.2510739e-01;4.2500000e+01;-5.7975627e-02;4.2500000e+01;-2.3861110e-02;4.2500000e+01;3.7276383e-02;4.2500000e+01;1.1043535e-01;4.2500000e+01;1.9103356e-01;4.2500000e+01;2.6252359e-01;4.2500000e+01;2.9964876e-01;4.2500000e+01;2.7311781e-01;4.2500000e+01;2.1503830e-01;4.2500000e+01;2.2044323e-01;4.2500000e+01;1.9474688e-01;4.2500000e+01;1.4932649e-01;4.2500000e+01;9.8147802e-02;4.2500000e+01;5.4867268e-02;4.2500000e+01;6.0219988e-03;4.2500000e+01;-3.5330892e-02;4.2500000e+01;-7.7292822e-02;4.2500000e+01;-1.2510739e-01;4.2500000e+01;-5.7975627e-02;4.2500000e+01;-2.3861110e-02;4.2500000e+01;3.7276383e-02;4.2500000e+01;1.1043535e-01;4.2500000e+01;1.9103356e-01;4.2500000e+01;2.6252359e-01;4.2500000e+01;2.9964876e-01;4.2500000e+01;2.7311781e-01;4.2500000e+01;2.1503830e-01;4.2500000e+01;2.2044323e-01;4.2500000e+01;1.9474688e-01;4.2500000e+01;1.4932649e-01;4.2500000e+01;9.8147802e-02;4.2500000e+01;5.4867268e-02;4.2500000e+01;6.0219988e-03;4.2500000e+01;-3.5330892e-02;4.2500000e+01;-7.7292822e-02;4.2500000e+01;-1.2510739e-01;4.2500000e+01;-5.7975627e-02;4.2500000e+01;-2.3861110e-02;4.2500000e+01;3.7276383e-02;4.2500000e+01;1.1043535e-01;4.2500000e+01;1.9103356e-01;4.2500000e+01;2.6252359e-01;4.2500000e+01;2.9964876e-01;4.2500000e+01;2.7311781e-01;4.2500000e+01;2.1503830e-01;4.2500000e+01;2.2044323e-01;4.2500000e+01;1.9474688e-01;4.2500000e+01;1.4932649e-01;4.2500000e+01;9.8147802e-02;4.2500000e+01;5.4867268e-02;4.2500000e+01;6.0219988e-03;4.2500000e+01;-3.5330892e-02;4.2500000e+01;-7.7292822e-02;4.2500000e+01;-1.2510739e-01;4.2500000e+01;-5.7975627e-02;4.2500000e+01;-2.3861110e-02;4.2500000e+01;3.7276383e-02;4.2500000e+01;1.1043535e-01;4.2500000e+01;1.9103356e-01;4.2500000e+01;2.6252359e-01;4.2500000e+01;2.9964876e-01;4.2500000e+01;2.7311781e-01;4.2500000e+01;2.1503830e-01;4.2500000e+01;2.2044323e-01;4.2500000e+01;1.9474688e-01;4.2500000e+01;1.4932649e-01;4.2500000e+01;9.8147802e-02;4.2500000e+01;5.4867268e-02;4.2500000e+01;6.0219988e-03;4.2500000e+01;-3.5330892e-02;4.2500000e+01;-7.7292822e-02;4.2500000e+01;-1.2510739e-01;4.2500000e+01;-5.7975627e-02;4.2500000e+01;-2.3861110e-02;4.2500000e+01;3.7276383e-02;4.2500000e+01;1.1043535e-01;4.2500000e+01;1.9103356e-01;4.2500000e+01;2.6252359e-01;4.2500000e+01;2.9964876e-01;4.2500000e+01;2.7311781e-01;4.2500000e+01;2.1503830e-01;4.2500000e+01;2.2044323e-01;4.2500000e+01;1.9474688e-01;4.2500000e+01;1.4932649e-01;4.2500000e+01;9.8147802e-02;4.2500000e+01;5.4867268e-02;4.2500000e+01;6.0219988e-03;4.2500000e+01;-3.5330892e-02;4.2500000e+01;-7.7292822e-02;4.2500000e+01;-1.2510739e-01;4.2500000e+01;-5.7975627e-02;4.2500000e+01;-2.3861110e-02;4.2500000e+01;3.7276383e-02;4.2500000e+01;1.1043535e-01;4.2500000e+01;1.9103356e-01;4.2500000e+01;2.6252359e-01;4.2500000e+01;2.9964876e-01;4.2500000e+01;2.7311781e-01;4.2500000e+01;2.1503830e-01;4.2500000e+01;2.2044323e-01;4.2500000e+01;1.9474688e-01;4.2500000e+01;1.4932649e-01;4.2500000e+01;9.8147802e-02;4.2500000e+01;5.4867268e-02;4.2500000e+01;6.0219988e-03;4.2500000e+01;-3.5330892e-02;4.2500000e+01;-7.7292822e-02;4.2500000e+01;-1.2510739e-01;4.2500000e+01;-5.7975627e-02;4.2500000e+01;-2.3861110e-02;4.2500000e+01;3.7276383e-02;4.2500000e+01;1.1043535e-01;4.2500000e+01;1.9103356e-01;4.2500000e+01;2.6252359e-01;4.2500000e+01;2.9964876e-01;4.2500000e+01;2.7311781e-01;4.2500000e+01;2.1503830e-01;4.2500000e+01;2.2044323e-01;4.2500000e+01;1.9474688e-01;4.2500000e+01;1.4932649e-01;4.2500000e+01;9.8147802e-02;4.2500000e+01;5.4867268e-02;4.2500000e+01;6.0219988e-03;4.2500000e+01;-3.5330892e-02;4.2500000e+01;-7.7292822e-02;4.2500000e+01;-1.2510739e-01;4.2500000e+01;-5.7975627e-02;4.2500000e+01;-2.3861110e-02;4.2500000e+01;3.7276383e-02;4.2500000e+01;1.1043535e-01;4.2500000e+01;1.9103356e-01;4.2500000e+01;2.6252359e-01;4.2500000e+01;2.9964876e-01;4.2500000e+01;2.7311781e-01;4.2500000e+01;2.1503830e-01;4.2500000e+01;2.2044323e-01;4.2500000e+01;1.9474688e-01;4.2500000e+01;1.4932649e-01;4.2500000e+01;9.8147802e-02;4.2500000e+01;5.4867268e-02;4.2500000e+01;6.0219988e-03;4.2500000e+01;-3.5330892e-02;4.2500000e+01;-7.7292822e-02;4.2500000e+01;-1.2510739e-01;4.2500000e+01;-5.7975627e-02;4.2500000e+01;-2.3861110e-02;4.2500000e+01;3.7276383e-02;4.2500000e+01;1.1043535e-01;4.2500000e+01;1.9103356e-01;4.2500000e+01;2.6252359e-01;4.2500000e+01;2.9964876e-01;4.2500000e+01;2.7311781e-01;4.2500000e+01;2.1503830e-01;4.2500000e+01;2.2044323e-01;4.2500000e+01;1.9474688e-01;4.2500000e+01;1.4932649e-01;4.2500000e+01;9.8147802e-02;4.2500000e+01;5.4867268e-02;4.2500000e+01;6.0219988e-03;4.2500000e+01;-3.5330892e-02;4.2500000e+01;-7.7292822e-02;4.2500000e+01;-1.2510739e-01;4.2500000e+01;-5.7975627e-02;4.2500000e+01;-2.3861110e-02;4.2500000e+01;3.7276383e-02;4.2500000e+01;1.1043535e-01;4.2500000e+01;1.9103356e-01;4.2500000e+01;2.6252359e-01;4.2500000e+01;2.9964876e-01;4.2500000e+01;2.7311781e-01;4.2500000e+01;2.1503830e-01;4.2500000e+01;2.2044323e-01;4.2500000e+01;1.9474688e-01;4.2500000e+01;1.4932649e-01;4.2500000e+01;9.8147802e-02;4.2500000e+01;5.4867268e-02;4.2500000e+01;6.0219988e-03;4.2500000e+01;-3.5330892e-02;4.2500000e+01;-7.7292822e-02;4.2500000e+01;-1.2510739e-01;4.2500000e+01;-5.7975627e-02;4.2500000e+01;-2.3861110e-02;4.2500000e+01;3.7276383e-02;4.2500000e+01;1.1043535e-01;4.2500000e+01;1.9103356e-01;4.2500000e+01;2.6252359e-01;4.2500000e+01;2.9964876e-01;4.2500000e+01;2.7311781e-01;4.2500000e+01;2.1503830e-01;4.2500000e+01;2.2044323e-01;4.2500000e+01;1.9474688e-01;4.2500000e+01;1.4932649e-01;4.2500000e+01;9.8147802e-02;4.2500000e+01;5.4867268e-02;4.2500000e+01;6.0219988e-03;4.2500000e+01;-3.5330892e-02;4.2500000e+01;-7.7292822e-02;4.2500000e+01;-1.2510739e-01;4.2500000e+01;-5.7975627e-02;4.2500000e+01;-2.3861110e-02;4.2500000e+01;3.7276383e-02;4.2500000e+01;1.1043535e-01;4.2500000e+01;1.9103356e-01;4.2500000e+01;2.6252359e-01;4.2500000e+01;2.9964876e-01;4.2500000e+01;2.7311781e-01;4.2500000e+01;2.1503830e-01;4.2500000e+01;2.2044323e-01;4.2500000e+01;1.9474688e-01;4.2500000e+01;1.4932649e-01;4.2500000e+01;9.8147802e-02;4.2500000e+01;5.4867268e-02;4.2500000e+01;6.0219988e-03;4.2500000e+01;-3.5330892e-02;4.2500000e+01;-7.7292822e-02;4.2500000e+01;-1.2510739e-01;4.2500000e+01;-5.7975627e-02;4.2500000e+01;-2.3861110e-02;4.2500000e+01;3.7276383e-02;4.2500000e+01;1.1043535e-01;4.2500000e+01;1.9103356e-01;4.2500000e+01;2.6252359e-01;4.2500000e+01;2.9964876e-01;4.2500000e+01;2.7311781e-01;4.2500000e+01;2.1503830e-01;4.2500000e+01;2.2044323e-01;4.2500000e+01;1.9474688e-01;4.2500000e+01;1.4932649e-01;4.2500000e+01;9.8147802e-02;4.2500000e+01;5.4867268e-02;4.2500000e+01;6.0219988e-03;4.2500000e+01;-3.5330892e-02;4.2500000e+01;-7.7292822e-02;4.2500000e+01;-1.2510739e-01;4.2500000e+01;-5.7975627e-02;4.2500000e+01;-2.3861110e-02;4.2500000e+01;3.7276383e-02;4.2500000e+01;1.1043535e-01;4.2500000e+01;1.9103356e-01;4.2500000e+01;2.6252359e-01;4.2500000e+01;2.9964876e-01;4.2500000e+01;2.7311781e-01;4.2500000e+01;2.1503830e-01;4.2500000e+01;2.2044323e-01;4.2500000e+01;1.9474688e-01;4.2500000e+01;1.4932649e-01;4.2500000e+01;9.8147802e-02;4.2500000e+01;5.4867268e-02;4.2500000e+01;6.0219988e-03;4.2500000e+01;-3.5330892e-02;4.2500000e+01;-7.7292822e-02;4.2500000e+01;-1.2510739e-01;4.2500000e+01;-5.7975627e-02;4.2500000e+01;-2.3861110e-02;4.2500000e+01;3.7276383e-02;4.2500000e+01;1.1043535e-01;4.2500000e+01;1.9103356e-01;4.2500000e+01;2.6252359e-01;4.2500000e+01;2.9964876e-01;4.2500000e+01;2.7311781e-01;4.2500000e+01;2.1503830e-01;4.2500000e+01;2.2044323e-01;4.2500000e+01;1.9474688e-01;4.2500000e+01;1.4932649e-01;4.2500000e+01;9.8147802e-02;4.2500000e+01;5.4867268e-02;4.2500000e+01;6.0219988e-03;4.2500000e+01;-3.5330892e-02;4.2500000e+01;-7.7292822e-02;4.2500000e+01;-1.2510739e-01;4.2500000e+01;-5.7975627e-02;4.2500000e+01;-2.3861110e-02;4.2500000e+01;3.7276383e-02;4.2500000e+01;1.1043535e-01;4.2500000e+01;1.9103356e-01;4.2500000e+01;2.6252359e-01;4.2500000e+01;2.9964876e-01;4.2500000e+01;2.7311781e-01;4.2500000e+01;2.1503830e-01;4.2500000e+01;2.2044323e-01;4.2500000e+01;1.9474688e-01;4.2500000e+01;1.4932649e-01;4.2500000e+01;9.8147802e-02;4.2500000e+01;5.4867268e-02;4.2500000e+01;6.0219988e-03;4.2500000e+01;-3.5330892e-02;4.2500000e+01;-7.7292822e-02;4.2500000e+01;-1.2510739e-01;4.2500000e+01;-5.7975627e-02;4.2500000e+01;-2.3861110e-02;4.2500000e+01;3.7276383e-02;4.2500000e+01;1.1043535e-01;4.2500000e+01;1.9103356e-01;4.2500000e+01;2.6252359e-01;4.2500000e+01;2.9964876e-01;4.2500000e+01;2.7311781e-01;4.2500000e+01;2.1503830e-01;4.2500000e+01;2.2044323e-01;4.2500000e+01;1.9474688e-01;4.2500000e+01;1.4932649e-01;4.2500000e+01;9.8147802e-02;4.2500000e+01;5.4867268e-02;4.2500000e+01;6.0219988e-03;4.2500000e+01;-3.5330892e-02;4.2500000e+01;-7.7292822e-02;4.2500000e+01;-1.2510739e-01;4.2500000e+01;-5.7975627e-02;4.2500000e+01;-2.3861110e-02;4.2500000e+01;3.7276383e-02;4.2500000e+01;1.1043535e-01;4.2500000e+01;1.9103356e-01;4.2500000e+01;2.6252359e-01;4.2500000e+01;2.9964876e-01;4.2500000e+01;2.7311781e-01;4.2500000e+01;2.1503830e-01;4.2500000e+01;2.2044323e-01;4.2500000e+01;1.9474688e-01;4.2500000e+01;1.4932649e-01;4.2500000e+01;9.8147802e-02;4.2500000e+01;5.4867268e-02;4.2500000e+01;6.0219988e-03;4.2500000e+01;-3.5330892e-02;4.2500000e+01;-7.7292822e-02;4.2500000e+01;-1.2510739e-01;4.2500000e+01;-5.7975627e-02;4.2500000e+01;-2.3861110e-02;4.2500000e+01;3.7276383e-02;4.2500000e+01;1.1043535e-01;4.2500000e+01;1.9103356e-01;4.2500000e+01;2.6252359e-01;4.2500000e+01;2.9964876e-01;4.2500000e+01;2.7311781e-01;4.2500000e+01;2.1503830e-01;4.2500000e+01;2.2044323e-01;4.2500000e+01;1.9474688e-01;4.2500000e+01;1.4932649e-01;4.2500000e+01;9.8147802e-02;4.2500000e+01;5.4867268e-02;4.2500000e+01;6.0219988e-03;4.2500000e+01;-3.5330892e-02;4.2500000e+01;-7.7292822e-02;4.2500000e+01;-1.2510739e-01;4.2500000e+01;-5.7975627e-02;4.2500000e+01;-2.3861110e-02;4.2500000e+01;3.7276383e-02;4.2500000e+01;1.1043535e-01;4.2500000e+01;1.9103356e-01;4.2500000e+01;2.6252359e-01;4.2500000e+01;2.9964876e-01;4.2500000e+01;2.7311781e-01;4.2500000e+01;2.1503830e-01;4.2500000e+01;2.2044323e-01;4.2500000e+01;1.9474688e-01;4.2500000e+01;1.4932649e-01;4.2500000e+01;9.8147802e-02;4.2500000e+01;5.4867268e-02;4.2500000e+01;6.0219988e-03;4.2500000e+01;-3.5330892e-02;4.2500000e+01;-7.7292822e-02;4.2500000e+01;-1.2510739e-01;4.2500000e+01;-5.7975627e-02;4.2500000e+01;-2.3861110e-02;4.2500000e+01;3.7276383e-02;4.2500000e+01;1.1043535e-01;4.2500000e+01;1.9103356e-01;4.2500000e+01;2.6252359e-01;4.2500000e+01;2.9964876e-01;4.2500000e+01;2.7311781e-01;4.2500000e+01;2.1503830e-01;4.2500000e+01;2.2044323e-01;4.2500000e+01;1.9474688e-01;4.2500000e+01;1.4932649e-01;4.2500000e+01;9.8147802e-02;4.2500000e+01;5.4867268e-02;4.2500000e+01;6.0219988e-03;4.2500000e+01;-3.5330892e-02;4.2500000e+01;-7.7292822e-02;4.2500000e+01;-1.2510739e-01;4.2500000e+01;-5.7975627e-02;4.2500000e+01;-2.3861110e-02;4.2500000e+01;3.7276383e-02;4.2500000e+01;1.1043535e-01;4.2500000e+01;1.9103356e-01;4.2500000e+01;2.6252359e-01;4.2500000e+01;2.9964876e-01;4.2500000e+01;2.7311781e-01;4.2500000e+01;2.1503830e-01;4.2500000e+01;2.2044323e-01;4.2500000e+01;1.9474688e-01;4.2500000e+01;1.4932649e-01;4.2500000e+01;9.8147802e-02;4.2500000e+01;5.4867268e-02;4.2500000e+01;6.0219988e-03;4.2500000e+01;-3.5330892e-02;4.2500000e+01;-7.7292822e-02;4.2500000e+01;-1.2510739e-01;4.2500000e+01;-5.7975627e-02;4.2500000e+01;-2.3861110e-02;4.2500000e+01;3.7276383e-02;4.2500000e+01;1.1043535e-01;4.2500000e+01;1.9103356e-01;4.2500000e+01;2.6252359e-01;4.2500000e+01;2.9964876e-01;4.2500000e+01;2.7311781e-01;4.2500000e+01;2.1503830e-01;4.2500000e+01;2.2044323e-01;4.2500000e+01;1.9474688e-01;4.2500000e+01;1.4932649e-01;4.2500000e+01;9.8147802e-02;4.2500000e+01;5.4867268e-02;4.2500000e+01;6.0219988e-03;4.2500000e+01;-3.5330892e-02;4.2500000e+01;-7.7292822e-02;4.2500000e+01;-1.2510739e-01;4.2500000e+01;-5.7975627e-02;4.2500000e+01;-2.3861110e-02;4.2500000e+01;3.7276383e-02;4.2500000e+01;1.1043535e-01;4.2500000e+01;1.9103356e-01;4.2500000e+01;2.6252359e-01;4.2500000e+01;2.9964876e-01;4.2500000e+01;2.7311781e-01;4.2500000e+01;2.1503830e-01;4.2500000e+01;2.2044323e-01;4.2500000e+01;1.9474688e-01;4.2500000e+01;1.4932649e-01;4.2500000e+01;9.8147802e-02;4.2500000e+01;5.4867268e-02;4.2500000e+01;6.0219988e-03;4.2500000e+01;-3.5330892e-02;4.2500000e+01;-7.7292822e-02;4.2500000e+01;-1.2510739e-01;4.2500000e+01;-5.7975627e-02;4.2500000e+01;-2.3861110e-02;4.2500000e+01;3.7276383e-02;4.2500000e+01;1.1043535e-01;4.2500000e+01;1.9103356e-01;4.2500000e+01;2.6252359e-01;4.2500000e+01;2.9964876e-01;4.2500000e+01;2.7311781e-01;4.2500000e+01;2.1503830e-01;4.2500000e+01;2.2044323e-01;4.2500000e+01;1.9474688e-01;4.2500000e+01;1.4932649e-01;4.2500000e+01;9.8147802e-02;4.2500000e+01;5.4867268e-02;4.2500000e+01;6.0219988e-03;4.2500000e+01;-3.5330892e-02;4.2500000e+01;-7.7292822e-02;4.2500000e+01;-1.2510739e-01;4.2500000e+01;-5.7975627e-02;4.2500000e+01;-2.3861110e-02;4.2500000e+01;3.7276383e-02;4.2500000e+01;1.1043535e-01;4.2500000e+01;1.9103356e-01;4.2500000e+01;2.6252359e-01;4.2500000e+01;2.9964876e-01;4.2500000e+01;2.7311781e-01;4.2500000e+01;2.1503830e-01;4.2500000e+01;2.2044323e-01;4.2500000e+01;1.9474688e-01;4.2500000e+01;1.4932649e-01;4.2500000e+01;9.8147802e-02;4.2500000e+01;5.4867268e-02;4.2500000e+01;6.0219988e-03;4.2500000e+01;-3.5330892e-02;4.2500000e+01;-7.7292822e-02;4.2500000e+01;-1.2510739e-01;4.2500000e+01;-5.7975627e-02;4.2500000e+01;-2.3861110e-02;4.2500000e+01;3.7276383e-02;4.2500000e+01;1.1043535e-01;4.2500000e+01;1.9103356e-01;4.2500000e+01;2.6252359e-01;4.2500000e+01;2.9964876e-01;4.2500000e+01;2.7311781e-01;4.2500000e+01;2.1503830e-01;4.2500000e+01;2.2044323e-01;4.2500000e+01;1.9474688e-01;4.2500000e+01;1.4932649e-01;4.2500000e+01;9.8147802e-02;4.2500000e+01;5.4867268e-02;4.2500000e+01;6.0219988e-03;4.2500000e+01;-3.5330892e-02;4.2500000e+01;-7.7292822e-02;4.2500000e+01;-1.2510739e-01;4.2500000e+01;-5.7975627e-02;4.2500000e+01;-2.3861110e-02;4.2500000e+01;3.7276383e-02;4.2500000e+01;1.1043535e-01;4.2500000e+01;1.9103356e-01;4.2500000e+01;2.6252359e-01;4.2500000e+01;2.9964876e-01;4.2500000e+01;2.7311781e-01;4.2500000e+01;2.1503830e-01;4.2500000e+01;2.2044323e-01;4.2500000e+01;1.9474688e-01;4.2500000e+01;1.4932649e-01;4.2500000e+01;9.8147802e-02;4.2500000e+01;5.4867268e-02;4.2500000e+01;6.0219988e-03;4.2500000e+01;-3.5330892e-02;4.2500000e+01;-7.7292822e-02;4.2500000e+01;-1.2510739e-01;4.2500000e+01;-5.7975627e-02;4.2500000e+01;-2.3861110e-02;4.2500000e+01;3.7276383e-02;4.2500000e+01;1.1043535e-01;4.2500000e+01;1.9103356e-01;4.2500000e+01;2.6252359e-01;4.2500000e+01;2.9964876e-01;4.2500000e+01;2.7311781e-01;4.2500000e+01;2.1503830e-01;4.2500000e+01;2.2044323e-01;4.2500000e+01;1.9474688e-01;4.2500000e+01;1.4932649e-01;4.2500000e+01;9.8147802e-02;4.2500000e+01;5.4867268e-02;4.2500000e+01;6.0219988e-03;4.2500000e+01;-3.5330892e-02;4.2500000e+01;-7.7292822e-02;4.2500000e+01;-1.2510739e-01;4.2500000e+01;-5.7975627e-02;4.2500000e+01;-2.3861110e-02;4.2500000e+01;3.7276383e-02;4.2500000e+01;1.1043535e-01;4.2500000e+01;1.9103356e-01;4.2500000e+01;2.6252359e-01;4.2500000e+01;2.9964876e-01;4.2500000e+01;2.7311781e-01;4.2500000e+01;2.1503830e-01;4.2500000e+01;2.2044323e-01;4.2500000e+01;1.9474688e-01;4.2500000e+01;1.4932649e-01;4.2500000e+01;9.8147802e-02;4.2500000e+01;5.4867268e-02;4.2500000e+01;6.0219988e-03;4.2500000e+01;-3.5330892e-02;4.2500000e+01;-7.7292822e-02;4.2500000e+01;-1.2510739e-01;4.2500000e+01;-5.7975627e-02;4.2500000e+01;-2.3861110e-02;4.2500000e+01;3.7276383e-02;4.2500000e+01;1.1043535e-01;4.2500000e+01;1.9103356e-01;4.2500000e+01;2.6252359e-01;4.2500000e+01;2.9964876e-01;4.2500000e+01;2.7311781e-01;4.2500000e+01;2.1503830e-01;4.2500000e+01;2.2044323e-01;4.2500000e+01;1.9474688e-01;4.2500000e+01;1.4932649e-01;4.2500000e+01;9.8147802e-02;4.2500000e+01;5.4867268e-02;4.2500000e+01;6.0219988e-03;4.2500000e+01;-3.5330892e-02;4.2500000e+01;-7.7292822e-02;4.2500000e+01;-1.2510739e-01;4.2500000e+01;-5.7975627e-02;4.2500000e+01;-2.3861110e-02;4.2500000e+01;3.7276383e-02;4.2500000e+01;1.1043535e-01;4.2500000e+01;1.9103356e-01;4.2500000e+01;2.6252359e-01;4.2500000e+01;2.9964876e-01;4.2500000e+01;2.7311781e-01;4.2500000e+01;2.1503830e-01;4.2500000e+01;2.2044323e-01;4.2500000e+01;1.9474688e-01;4.2500000e+01;1.4932649e-01;4.2500000e+01;9.8147802e-02;4.2500000e+01;5.4867268e-02;4.2500000e+01;6.0219988e-03;4.2500000e+01;-3.5330892e-02;4.2500000e+01;-7.7292822e-02;4.2500000e+01;-1.2510739e-01;4.2500000e+01;-5.7975627e-02;4.2500000e+01;-2.3861110e-02;4.2500000e+01;3.7276383e-02;4.2500000e+01;1.1043535e-01;4.2500000e+01;1.9103356e-01;4.2500000e+01;2.6252359e-01;4.2500000e+01;2.9964876e-01;4.2500000e+01;2.7311781e-01;4.2500000e+01;2.1503830e-01;4.2500000e+01;2.2044323e-01;4.2500000e+01;1.9474688e-01;4.2500000e+01;1.4932649e-01;4.2500000e+01;9.8147802e-02;4.2500000e+01;5.4867268e-02;4.2500000e+01;6.0219988e-03;4.2500000e+01;-3.5330892e-02;4.2500000e+01;-7.7292822e-02;4.2500000e+01;-1.2510739e-01;4.2500000e+01;-5.7975627e-02;4.2500000e+01;-2.3861110e-02;4.2500000e+01;3.7276383e-02;4.2500000e+01;1.1043535e-01;4.2500000e+01;1.9103356e-01;4.2500000e+01;2.6252359e-01;4.2500000e+01;2.9964876e-01;4.2500000e+01;2.7311781e-01;4.2500000e+01;2.1503830e-01;4.2500000e+01;2.2044323e-01;4.2500000e+01;1.9474688e-01;4.2500000e+01;1.4932649e-01;4.2500000e+01;9.8147802e-02;4.2500000e+01;5.4867268e-02;4.2500000e+01;6.0219988e-03;4.2500000e+01;-3.5330892e-02;4.2500000e+01;-7.7292822e-02;4.2500000e+01;-1.2510739e-01;4.2500000e+01;-5.7975627e-02;4.2500000e+01;-2.3861110e-02;4.2500000e+01;3.7276383e-02;4.2500000e+01;1.1043535e-01;4.2500000e+01;1.9103356e-01;4.2500000e+01;2.6252359e-01;4.2500000e+01;2.9964876e-01;4.2500000e+01;2.7311781e-01;4.2500000e+01;2.1503830e-01;4.2500000e+01;2.2044323e-01;4.2500000e+01;1.9474688e-01;4.2500000e+01;1.4932649e-01;4.2500000e+01;9.8147802e-02;4.2500000e+01;5.4867268e-02;4.2500000e+01;6.0219988e-03;4.2500000e+01;-3.5330892e-02;4.2500000e+01;-7.7292822e-02;4.2500000e+01;-1.2510739e-01;4.2500000e+01;-5.7975627e-02;4.2500000e+01;-2.3861110e-02;4.2500000e+01;3.7276383e-02;4.2500000e+01;1.1043535e-01;4.2500000e+01;1.9103356e-01;4.2500000e+01;2.6252359e-01;4.2500000e+01;2.9964876e-01;4.2500000e+01;2.7311781e-01;4.2500000e+01;2.1503830e-01;4.2500000e+01;2.2044323e-01;4.2500000e+01;1.9474688e-01;4.2500000e+01;1.4932649e-01;4.2500000e+01;9.8147802e-02;4.2500000e+01;5.4867268e-02;4.2500000e+01;6.0219988e-03;4.2500000e+01;-3.5330892e-02;4.2500000e+01;-7.7292822e-02;4.2500000e+01;-1.2510739e-01;4.2500000e+01;-5.7975627e-02;4.2500000e+01;-2.3861110e-02;4.2500000e+01;3.7276383e-02;4.2500000e+01;1.1043535e-01;4.2500000e+01;1.9103356e-01;4.2500000e+01;2.6252359e-01;4.2500000e+01;2.9964876e-01;4.2500000e+01;2.7311781e-01;4.2500000e+01;2.1503830e-01;4.2500000e+01;2.2044323e-01;4.2500000e+01;1.9474688e-01;4.2500000e+01;1.4932649e-01;4.2500000e+01;9.8147802e-02;4.2500000e+01;5.4867268e-02;4.2500000e+01;6.0219988e-03;4.2500000e+01;-3.5330892e-02;4.2500000e+01;-7.7292822e-02;4.2500000e+01;-1.2510739e-01;4.2500000e+01;-5.7975627e-02;4.2500000e+01;-2.3861110e-02;4.2500000e+01;3.7276383e-02;4.2500000e+01;1.1043535e-01;4.2500000e+01;1.9103356e-01;4.2500000e+01;2.6252359e-01;4.2500000e+01;2.9964876e-01;4.2500000e+01;2.7311781e-01;4.2500000e+01;2.1503830e-01;4.2500000e+01;2.2044323e-01;4.2500000e+01;1.9474688e-01;4.2500000e+01;1.4932649e-01;4.2500000e+01;9.8147802e-02;4.2500000e+01;5.4867268e-02;4.2500000e+01;6.0219988e-03;4.2500000e+01;-3.5330892e-02;4.2500000e+01;-7.7292822e-02;4.2500000e+01;-1.2510739e-01;4.2500000e+01;-5.7975627e-02;4.2500000e+01;-2.3861110e-02;4.2500000e+01;3.7276383e-02;4.2500000e+01;1.1043535e-01;4.2500000e+01;1.9103356e-01;4.2500000e+01;2.6252359e-01;4.2500000e+01;2.9964876e-01;4.2500000e+01;2.7311781e-01;4.2500000e+01;2.1503830e-01;4.2500000e+01;2.2044323e-01;4.2500000e+01;1.9474688e-01;4.2500000e+01;1.4932649e-01;4.2500000e+01;9.8147802e-02;4.2500000e+01;5.4867268e-02;4.2500000e+01;6.0219988e-03;4.2500000e+01;-3.5330892e-02;4.2500000e+01;-7.7292822e-02;4.2500000e+01;-1.2510739e-01;4.2500000e+01;-5.7975627e-02;4.2500000e+01;-2.3861110e-02;4.2500000e+01;3.7276383e-02;4.2500000e+01;1.1043535e-01;4.2500000e+01;1.9103356e-01;4.2500000e+01;2.6252359e-01;4.2500000e+01;2.9964876e-01;4.2500000e+01;2.7311781e-01;4.2500000e+01;2.1503830e-01;4.2500000e+01;2.2044323e-01;4.2500000e+01;1.9474688e-01;4.2500000e+01;1.4932649e-01;4.2500000e+01;9.8147802e-02;4.2500000e+01;5.4867268e-02;4.2500000e+01;6.0219988e-03;4.2500000e+01;-3.5330892e-02;4.2500000e+01;-7.7292822e-02;4.2500000e+01;-1.2510739e-01;4.2500000e+01;-5.7975627e-02;4.2500000e+01;-2.3861110e-02;4.2500000e+01;3.7276383e-02;4.2500000e+01;1.1043535e-01;4.2500000e+01;1.9103356e-01;4.2500000e+01;2.6252359e-01;4.2500000e+01;2.9964876e-01;4.2500000e+01;2.7311781e-01;4.2500000e+01;2.1503830e-01;4.2500000e+01;2.2044323e-01;4.2500000e+01;1.9474688e-01;4.2500000e+01;1.4932649e-01;4.2500000e+01;9.8147802e-02;4.2500000e+01;5.4867268e-02;4.2500000e+01;6.0219988e-03;4.2500000e+01;-3.5330892e-02;4.2500000e+01;-7.7292822e-02;4.2500000e+01;-1.2510739e-01;4.2500000e+01;-5.7975627e-02;4.2500000e+01;-2.3861110e-02;4.2500000e+01;3.7276383e-02;4.2500000e+01;1.1043535e-01;4.2500000e+01;1.9103356e-01;4.2500000e+01;2.6252359e-01;4.2500000e+01;2.9964876e-01;4.2500000e+01;2.7311781e-01;4.2500000e+01;2.1503830e-01;4.2500000e+01;2.2044323e-01;4.2500000e+01;1.9474688e-01;4.2500000e+01;1.4932649e-01;4.2500000e+01;9.8147802e-02;4.2500000e+01;5.4867268e-02;4.2500000e+01;6.0219988e-03;4.2500000e+01;-3.5330892e-02;4.2500000e+01;-7.7292822e-02;4.2500000e+01;-1.2510739e-01;4.2500000e+01;-5.7975627e-02;4.2500000e+01;-2.3861110e-02;4.2500000e+01;3.7276383e-02;4.2500000e+01;1.1043535e-01;4.2500000e+01;1.9103356e-01;4.2500000e+01;2.6252359e-01;4.2500000e+01;2.9964876e-01;4.2500000e+01;2.7311781e-01;4.2500000e+01;2.1503830e-01;4.2500000e+01;2.2044323e-01;4.2500000e+01;1.9474688e-01;4.2500000e+01;1.4932649e-01;4.2500000e+01;9.8147802e-02;4.2500000e+01;5.4867268e-02;4.2500000e+01;6.0219988e-03;4.2500000e+01;-3.5330892e-02;4.2500000e+01;-7.7292822e-02;4.2500000e+01;-1.2510739e-01;4.2500000e+01;-5.7975627e-02;4.2500000e+01;-2.3861110e-02;4.2500000e+01;3.7276383e-02;4.2500000e+01;1.1043535e-01;4.2500000e+01;1.9103356e-01;4.2500000e+01;2.6252359e-01;4.2500000e+01;2.9964876e-01;4.2500000e+01;2.7311781e-01;4.2500000e+01;2.1503830e-01;4.2500000e+01;2.2044323e-01;4.2500000e+01;1.9474688e-01;4.2500000e+01;1.4932649e-01;4.2500000e+01;9.8147802e-02;4.2500000e+01;5.4867268e-02;4.2500000e+01;6.0219988e-03;4.2500000e+01;-3.5330892e-02;4.2500000e+01;-7.7292822e-02;4.2500000e+01;-1.2510739e-01;4.2500000e+01;-5.7975627e-02;4.2500000e+01;-2.3861110e-02;4.2500000e+01;3.7276383e-02;4.2500000e+01;1.1043535e-01;4.2500000e+01;1.9103356e-01;4.2500000e+01;2.6252359e-01;4.2500000e+01;2.9964876e-01;4.2500000e+01;2.7311781e-01;4.2500000e+01;2.1503830e-01;4.2500000e+01;2.2044323e-01;4.2500000e+01;1.9474688e-01;4.2500000e+01;1.4932649e-01;4.2500000e+01;9.8147802e-02;4.2500000e+01;5.4867268e-02;4.2500000e+01;6.0219988e-03;4.2500000e+01;-3.5330892e-02;4.2500000e+01;-7.7292822e-02;4.2500000e+01;-1.2510739e-01;4.2500000e+01;-5.7975627e-02;4.2500000e+01;-2.3861110e-02;4.2500000e+01;3.7276383e-02;4.2500000e+01;1.1043535e-01;4.2500000e+01;1.9103356e-01;4.2500000e+01;2.6252359e-01;4.2500000e+01;2.9964876e-01;4.2500000e+01;2.7311781e-01;4.2500000e+01;2.1503830e-01;4.2500000e+01;2.2044323e-01;4.2500000e+01;1.9474688e-01;4.2500000e+01;1.4932649e-01;4.2500000e+01;9.8147802e-02;4.2500000e+01;5.4867268e-02;4.2500000e+01;6.0219988e-03;4.2500000e+01;-3.5330892e-02;4.2500000e+01;-7.7292822e-02;4.2500000e+01;-1.2510739e-01;4.2500000e+01;-5.7975627e-02;4.2500000e+01;-2.3861110e-02;4.2500000e+01;3.7276383e-02;4.2500000e+01;1.1043535e-01;4.2500000e+01;1.9103356e-01;4.2500000e+01;2.6252359e-01;4.2500000e+01;2.9964876e-01;4.2500000e+01;2.7311781e-01;4.2500000e+01;2.1503830e-01;4.2500000e+01;2.2044323e-01;4.2500000e+01;1.9474688e-01;4.2500000e+01;1.4932649e-01;4.2500000e+01;9.8147802e-02;4.2500000e+01;5.4867268e-02;4.2500000e+01;6.0219988e-03;4.2500000e+01;-3.5330892e-02;4.2500000e+01;-7.7292822e-02;4.2500000e+01;-1.2510739e-01;4.2500000e+01;-5.7975627e-02;4.2500000e+01;-2.3861110e-02;4.2500000e+01;3.7276383e-02;4.2500000e+01;1.1043535e-01;4.2500000e+01;1.9103356e-01;4.2500000e+01;2.6252359e-01;4.2500000e+01;2.9964876e-01;4.2500000e+01;2.7311781e-01;4.2500000e+01;2.1503830e-01;4.2500000e+01;2.2044323e-01;4.2500000e+01;1.9474688e-01;4.2500000e+01;1.4932649e-01;4.2500000e+01;9.8147802e-02;4.2500000e+01;5.4867268e-02;4.2500000e+01;6.0219988e-03;4.2500000e+01;-3.5330892e-02;4.2500000e+01;-7.7292822e-02;4.2500000e+01;-1.2510739e-01;4.2500000e+01;-5.7975627e-02;4.2500000e+01;-2.3861110e-02;4.2500000e+01;3.7276383e-02;4.2500000e+01;1.1043535e-01;4.2500000e+01;1.9103356e-01;4.2500000e+01;2.6252359e-01;4.2500000e+01;2.9964876e-01;4.2500000e+01;2.7311781e-01;4.2500000e+01;2.1503830e-01;4.2500000e+01;2.2044323e-01;4.2500000e+01;1.9474688e-01;4.2500000e+01;1.4932649e-01;4.2500000e+01;9.8147802e-02;4.2500000e+01;5.4867268e-02;4.2500000e+01;6.0219988e-03;4.2500000e+01;-3.5330892e-02;4.2500000e+01;-7.7292822e-02;4.2500000e+01;-1.2510739e-01;4.2500000e+01;-5.7975627e-02;4.2500000e+01;-2.3861110e-02;4.2500000e+01;3.7276383e-02;4.2500000e+01;1.1043535e-01;4.2500000e+01;1.9103356e-01;4.2500000e+01;2.6252359e-01;4.2500000e+01;2.9964876e-01;4.2500000e+01;2.7311781e-01;4.2500000e+01;2.1503830e-01;4.2500000e+01;2.2044323e-01;4.2500000e+01;1.9474688e-01;4.2500000e+01;1.4932649e-01;4.2500000e+01;9.8147802e-02;4.2500000e+01;5.4867268e-02;4.2500000e+01;6.0219988e-03;4.2500000e+01;-3.5330892e-02;4.2500000e+01;-7.7292822e-02;4.2500000e+01;-1.2510739e-01;4.2500000e+01;-5.7975627e-02;4.2500000e+01;-2.3861110e-02;4.2500000e+01;3.7276383e-02;4.2500000e+01;1.1043535e-01;4.2500000e+01;1.9103356e-01;4.2500000e+01;2.6252359e-01;4.2500000e+01;2.9964876e-01;4.2500000e+01;2.7311781e-01;4.2500000e+01;2.1503830e-01;4.2500000e+01;2.2044323e-01;4.2500000e+01;1.9474688e-01;4.2500000e+01;1.4932649e-01;4.2500000e+01;9.8147802e-02;4.2500000e+01;5.4867268e-02;4.2500000e+01;6.0219988e-03;4.2500000e+01;-3.5330892e-02;4.2500000e+01;-7.7292822e-02;4.2500000e+01;-1.2510739e-01;4.2500000e+01;-5.7975627e-02;4.2500000e+01;-2.3861110e-02;4.2500000e+01;3.7276383e-02;4.2500000e+01;1.1043535e-01;4.2500000e+01;1.9103356e-01;4.2500000e+01;2.6252359e-01;4.2500000e+01;2.9964876e-01;4.2500000e+01;2.7311781e-01;4.2500000e+01;2.1503830e-01;4.2500000e+01;2.2044323e-01;4.2500000e+01;1.9474688e-01;4.2500000e+01;1.4932649e-01;4.2500000e+01;9.8147802e-02;4.2500000e+01;5.4867268e-02;4.2500000e+01;6.0219988e-03;4.2500000e+01;-3.5330892e-02;4.2500000e+01;-7.7292822e-02;4.2500000e+01;-1.2510739e-01;4.2500000e+01;-5.7975627e-02;4.2500000e+01;-2.3861110e-02;4.2500000e+01;3.7276383e-02;4.2500000e+01;1.1043535e-01;4.2500000e+01;1.9103356e-01;4.2500000e+01;2.6252359e-01;4.2500000e+01;2.9964876e-01;4.2500000e+01;2.7311781e-01;4.2500000e+01;2.1503830e-01;4.2500000e+01;2.2044323e-01;4.2500000e+01;1.9474688e-01;4.2500000e+01;1.4932649e-01;4.2500000e+01;9.8147802e-02;4.2500000e+01;5.4867268e-02;4.2500000e+01;6.0219988e-03;4.2500000e+01;-3.5330892e-02;4.2500000e+01;-7.7292822e-02;4.2500000e+01;-1.2510739e-01;4.2500000e+01;-5.7975627e-02;4.2500000e+01;-2.3861110e-02;4.2500000e+01;3.7276383e-02;4.2500000e+01;1.1043535e-01;4.2500000e+01;1.9103356e-01;4.2500000e+01;2.6252359e-01;4.2500000e+01;2.9964876e-01;4.2500000e+01;2.7311781e-01;4.2500000e+01;2.1503830e-01;4.2500000e+01;2.2044323e-01;4.2500000e+01;1.9474688e-01;4.2500000e+01;1.4932649e-01;4.2500000e+01;9.8147802e-02;4.2500000e+01;5.4867268e-02;4.2500000e+01;6.0219988e-03;4.2500000e+01;-3.5330892e-02;4.2500000e+01;-7.7292822e-02;4.2500000e+01;-1.2510739e-01;4.2500000e+01;-5.7975627e-02;4.2500000e+01;-2.3861110e-02;4.2500000e+01;3.7276383e-02;4.2500000e+01;1.1043535e-01;4.2500000e+01;1.9103356e-01;4.2500000e+01;2.6252359e-01;4.2500000e+01;2.9964876e-01;4.2500000e+01;2.7311781e-01;4.2500000e+01;2.1503830e-01;4.2500000e+01;2.2044323e-01;4.2500000e+01;1.9474688e-01;4.2500000e+01;1.4932649e-01;4.2500000e+01;9.8147802e-02;4.2500000e+01;5.4867268e-02;4.2500000e+01;6.0219988e-03;4.2500000e+01;-3.5330892e-02;4.2500000e+01;-7.7292822e-02;4.2500000e+01;-1.2510739e-01;4.2500000e+01;-5.7975627e-02;4.2500000e+01;-2.3861110e-02;4.2500000e+01;3.7276383e-02;4.2500000e+01;1.1043535e-01;4.2500000e+01;1.9103356e-01;4.2500000e+01;2.6252359e-01;4.2500000e+01;2.9964876e-01;4.2500000e+01;2.7311781e-01;4.2500000e+01;2.1503830e-01;4.2500000e+01;2.2044323e-01;4.2500000e+01;1.9474688e-01;4.2500000e+01;1.4932649e-01;4.2500000e+01;9.8147802e-02;4.2500000e+01;5.4867268e-02;4.2500000e+01;6.0219988e-03;4.2500000e+01;-3.5330892e-02;4.2500000e+01;-7.7292822e-02;4.2500000e+01;-1.2510739e-01;4.2500000e+01;-5.7975627e-02;4.2500000e+01;-2.3861110e-02;4.2500000e+01;3.7276383e-02;4.2500000e+01;1.1043535e-01;4.2500000e+01;1.9103356e-01;4.2500000e+01;2.6252359e-01;4.2500000e+01;2.9964876e-01;4.2500000e+01;2.7311781e-01;4.2500000e+01;2.1503830e-01;4.2500000e+01;2.2044323e-01;4.2500000e+01;1.9474688e-01;4.2500000e+01;1.4932649e-01;4.2500000e+01;9.8147802e-02;4.2500000e+01;5.4867268e-02;4.2500000e+01;6.0219988e-03;4.2500000e+01;-3.5330892e-02;4.2500000e+01;-7.7292822e-02;4.2500000e+01;-1.2510739e-01;4.2500000e+01;-5.7975627e-02;4.2500000e+01;-2.3861110e-02;4.2500000e+01;3.7276383e-02;4.2500000e+01;1.1043535e-01;4.2500000e+01;1.9103356e-01;4.2500000e+01;2.6252359e-01;4.2500000e+01;2.9964876e-01;4.2500000e+01;2.7311781e-01;4.2500000e+01;2.1503830e-01;4.2500000e+01;2.2044323e-01;4.2500000e+01;1.9474688e-01;4.2500000e+01;1.4932649e-01;4.2500000e+01;9.8147802e-02;4.2500000e+01;5.4867268e-02;4.2500000e+01;6.0219988e-03;4.2500000e+01;-3.5330892e-02;4.2500000e+01;-7.7292822e-02;4.2500000e+01;-1.2510739e-01;4.2500000e+01;-5.7975627e-02;4.2500000e+01;-2.3861110e-02;4.2500000e+01;3.7276383e-02;4.2500000e+01;1.1043535e-01;4.2500000e+01;1.9103356e-01;4.2500000e+01;2.6252359e-01;4.2500000e+01;2.9964876e-01;4.2500000e+01;2.7311781e-01;4.2500000e+01;2.1503830e-01;4.2500000e+01;2.2044323e-01;4.2500000e+01;1.9474688e-01;4.2500000e+01;1.4932649e-01;4.2500000e+01;9.8147802e-02;4.2500000e+01;5.4867268e-02;4.2500000e+01;6.0219988e-03;4.2500000e+01;-3.5330892e-02;4.2500000e+01;-7.7292822e-02;4.2500000e+01;-1.2510739e-01;4.2500000e+01;-5.7975627e-02;4.2500000e+01;-2.3861110e-02;4.2500000e+01;3.7276383e-02;4.2500000e+01;1.1043535e-01;4.2500000e+01;1.9103356e-01;4.2500000e+01;2.6252359e-01;4.2500000e+01;2.9964876e-01;4.2500000e+01;2.7311781e-01;4.2500000e+01;2.1503830e-01;4.2500000e+01;2.2044323e-01;4.2500000e+01;1.9474688e-01;4.2500000e+01;1.4932649e-01;4.2500000e+01;9.8147802e-02;4.2500000e+01;5.4867268e-02;4.2500000e+01;6.0219988e-03;4.2500000e+01;-3.5330892e-02;4.2500000e+01;-7.7292822e-02;4.2500000e+01;-1.2510739e-01;4.2500000e+01;-5.7975627e-02;4.2500000e+01;-2.3861110e-02;4.2500000e+01;3.7276383e-02;4.2500000e+01;1.1043535e-01;4.2500000e+01;1.9103356e-01;4.2500000e+01;2.6252359e-01;4.2500000e+01;2.9964876e-01;4.2500000e+01;2.7311781e-01;4.2500000e+01;2.1503830e-01;4.2500000e+01;2.2044323e-01;4.2500000e+01;1.9474688e-01;4.2500000e+01;1.4932649e-01;4.2500000e+01;9.8147802e-02;4.2500000e+01;5.4867268e-02;4.2500000e+01;6.0219988e-03;4.2500000e+01;-3.5330892e-02;4.2500000e+01;-7.7292822e-02;4.2500000e+01;-1.2510739e-01;4.2500000e+01;-5.7975627e-02;4.2500000e+01;-2.3861110e-02;4.2500000e+01;3.7276383e-02;4.2500000e+01;1.1043535e-01;4.2500000e+01;1.9103356e-01;4.2500000e+01;2.6252359e-01;4.2500000e+01;2.9964876e-01;4.2500000e+01;2.7311781e-01;4.2500000e+01;2.1503830e-01;4.2500000e+01;2.2044323e-01;4.2500000e+01;1.9474688e-01;4.2500000e+01;1.4932649e-01;4.2500000e+01;9.8147802e-02;4.2500000e+01;5.4867268e-02;4.2500000e+01;6.0219988e-03;4.2500000e+01;-3.5330892e-02;4.2500000e+01;-7.7292822e-02;4.2500000e+01;-1.2510739e-01;4.2500000e+01;-5.7975627e-02;4.2500000e+01;-2.3861110e-02;4.2500000e+01;3.7276383e-02;4.2500000e+01;1.1043535e-01;4.2500000e+01;1.9103356e-01;4.2500000e+01;2.6252359e-01;4.2500000e+01;2.9964876e-01;4.2500000e+01;2.7311781e-01;4.2500000e+01;2.1503830e-01;4.2500000e+01;2.2044323e-01;4.2500000e+01;1.9474688e-01;4.2500000e+01;1.4932649e-01;4.2500000e+01;9.8147802e-02;4.2500000e+01;5.4867268e-02;4.2500000e+01;6.0219988e-03;4.2500000e+01;-3.5330892e-02;4.2500000e+01;-7.7292822e-02;4.2500000e+01;-1.2510739e-01;4.2500000e+01;-5.7975627e-02;4.2500000e+01;-2.3861110e-02;4.2500000e+01;3.7276383e-02;4.2500000e+01;1.1043535e-01;4.2500000e+01;1.9103356e-01;4.2500000e+01;2.6252359e-01;4.2500000e+01;2.9964876e-01;4.2500000e+01;2.7311781e-01;4.2500000e+01;2.1503830e-01;4.2500000e+01;2.2044323e-01;4.2500000e+01;1.9474688e-01;4.2500000e+01;1.4932649e-01;4.2500000e+01;9.8147802e-02;4.2500000e+01;5.4867268e-02;4.2500000e+01;6.0219988e-03;4.2500000e+01;-3.5330892e-02;4.2500000e+01;-7.7292822e-02;4.2500000e+01;-1.2510739e-01;4.2500000e+01;-5.7975627e-02;4.2500000e+01;-2.3861110e-02;4.2500000e+01;3.7276383e-02;4.2500000e+01;1.1043535e-01;4.2500000e+01;1.9103356e-01;4.2500000e+01;2.6252359e-01;4.2500000e+01;2.9964876e-01;4.2500000e+01;2.7311781e-01;4.2500000e+01;2.1503830e-01;4.2500000e+01;2.2044323e-01;4.2500000e+01;1.9474688e-01;4.2500000e+01;1.4932649e-01;4.2500000e+01;9.8147802e-02;4.2500000e+01;5.4867268e-02;4.2500000e+01;6.0219988e-03;4.2500000e+01;-3.5330892e-02;4.2500000e+01;-7.7292822e-02;4.2500000e+01;-1.2510739e-01;4.2500000e+01;-5.7975627e-02;4.2500000e+01;-2.3861110e-02;4.2500000e+01;3.7276383e-02;4.2500000e+01;1.1043535e-01;4.2500000e+01;1.9103356e-01;4.2500000e+01;2.6252359e-01;4.2500000e+01;2.9964876e-01;4.2500000e+01;2.7311781e-01;4.2500000e+01;2.1503830e-01;4.2500000e+01;2.2044323e-01;4.2500000e+01;1.9474688e-01;4.2500000e+01;1.4932649e-01;4.2500000e+01;9.8147802e-02;4.2500000e+01;5.4867268e-02;4.2500000e+01;6.0219988e-03;4.2500000e+01;-3.5330892e-02;4.2500000e+01;-7.7292822e-02;4.2500000e+01;-1.2510739e-01;4.2500000e+01;-5.7975627e-02;4.2500000e+01;-2.3861110e-02;4.2500000e+01;3.7276383e-02;4.2500000e+01;1.1043535e-01;4.2500000e+01;1.9103356e-01;4.2500000e+01;2.6252359e-01;4.2500000e+01;2.9964876e-01;4.2500000e+01;2.7311781e-01;4.2500000e+01;2.1503830e-01;4.2500000e+01;2.2044323e-01;4.2500000e+01;1.9474688e-01;4.2500000e+01;1.4932649e-01;4.2500000e+01;9.8147802e-02;4.2500000e+01;5.4867268e-02;4.2500000e+01;6.0219988e-03;4.2500000e+01;-3.5330892e-02;4.2500000e+01;-7.7292822e-02;4.2500000e+01;-1.2510739e-01;4.2500000e+01;-5.7975627e-02;4.2500000e+01;-2.3861110e-02;4.2500000e+01;3.7276383e-02;4.2500000e+01;1.1043535e-01;4.2500000e+01;1.9103356e-01;4.2500000e+01;2.6252359e-01;4.2500000e+01;2.9964876e-01;4.2500000e+01;2.7311781e-01;4.2500000e+01;2.1503830e-01;4.2500000e+01;2.2044323e-01;4.2500000e+01;1.9474688e-01;4.2500000e+01;1.4932649e-01;4.2500000e+01;9.8147802e-02;4.2500000e+01;5.4867268e-02;4.2500000e+01;6.0219988e-03;4.2500000e+01;-3.5330892e-02;4.2500000e+01;-7.7292822e-02;4.2500000e+01;-1.2510739e-01;4.2500000e+01;-5.7975627e-02;4.2500000e+01;-2.3861110e-02;4.2500000e+01;3.7276383e-02;4.2500000e+01;1.1043535e-01;4.2500000e+01;1.9103356e-01;4.2500000e+01;2.6252359e-01;4.2500000e+01;2.9964876e-01;4.2500000e+01;2.7311781e-01;4.2500000e+01;2.1503830e-01;4.2500000e+01;2.2044323e-01;4.2500000e+01;1.9474688e-01;4.2500000e+01;1.4932649e-01;4.2500000e+01;9.8147802e-02;4.2500000e+01;5.4867268e-02;4.2500000e+01;6.0219988e-03;4.2500000e+01;-3.5330892e-02;4.2500000e+01;-7.7292822e-02;4.2500000e+01;-1.2510739e-01;4.2500000e+01;-5.7975627e-02;4.2500000e+01;-2.3861110e-02;4.2500000e+01;3.7276383e-02;4.2500000e+01;1.1043535e-01;4.2500000e+01;1.9103356e-01;4.2500000e+01;2.6252359e-01;4.2500000e+01;2.9964876e-01;4.2500000e+01;2.7311781e-01;4.2500000e+01;2.1503830e-01;4.2500000e+01;2.2044323e-01;4.2500000e+01;1.9474688e-01;4.2500000e+01;1.4932649e-01;4.2500000e+01;9.8147802e-02;4.2500000e+01;5.4867268e-02;4.2500000e+01;6.0219988e-03;4.2500000e+01;-3.5330892e-02;4.2500000e+01;-7.7292822e-02;4.2500000e+01;-1.2510739e-01;4.2500000e+01;-5.7975627e-02;4.2500000e+01;-2.3861110e-02;4.2500000e+01;3.7276383e-02;4.2500000e+01;1.1043535e-01;4.2500000e+01;1.9103356e-01;4.2500000e+01;2.6252359e-01;4.2500000e+01;2.9964876e-01;4.2500000e+01;2.7311781e-01;4.2500000e+01;2.1503830e-01;4.2500000e+01;2.2044323e-01;4.2500000e+01;1.9474688e-01;4.2500000e+01;1.4932649e-01;4.2500000e+01;9.8147802e-02;4.2500000e+01;5.4867268e-02;4.2500000e+01;6.0219988e-03;4.2500000e+01;-3.5330892e-02;4.2500000e+01;-7.7292822e-02;4.2500000e+01;-1.2510739e-01;4.2500000e+01;-5.7975627e-02;4.2500000e+01;-2.3861110e-02;4.2500000e+01;3.7276383e-02;4.2500000e+01;1.1043535e-01;4.2500000e+01;1.9103356e-01;4.2500000e+01;2.6252359e-01;4.2500000e+01;2.9964876e-01;4.2500000e+01;2.7311781e-01;4.2500000e+01;2.1503830e-01;4.2500000e+01;2.2044323e-01;4.2500000e+01;1.9474688e-01;4.2500000e+01;1.4932649e-01;4.2500000e+01;9.8147802e-02;4.2500000e+01;5.4867268e-02;4.2500000e+01;6.0219988e-03;4.2500000e+01;-3.5330892e-02;4.2500000e+01;-7.7292822e-02;4.2500000e+01;-1.2510739e-01;4.2500000e+01;-5.7975627e-02;4.2500000e+01;-2.3861110e-02;4.2500000e+01;3.7276383e-02;4.2500000e+01;1.1043535e-01;4.2500000e+01;1.9103356e-01;4.2500000e+01;2.6252359e-01;4.2500000e+01;2.9964876e-01;4.2500000e+01;2.7311781e-01;4.2500000e+01;2.1503830e-01;4.2500000e+01;2.2044323e-01;4.2500000e+01;1.9474688e-01;4.2500000e+01;1.4932649e-01;4.2500000e+01;9.8147802e-02;4.2500000e+01;5.4867268e-02;4.2500000e+01;6.0219988e-03;4.2500000e+01;-3.5330892e-02;4.2500000e+01;-7.7292822e-02;4.2500000e+01;-1.2510739e-01;4.2500000e+01;-5.7975627e-02;4.2500000e+01;-2.3861110e-02;4.2500000e+01;3.7276383e-02;4.2500000e+01;1.1043535e-01;4.2500000e+01;1.9103356e-01;4.2500000e+01;2.6252359e-01;4.2500000e+01;2.9964876e-01;4.2500000e+01;2.7311781e-01;4.2500000e+01;2.1503830e-01;4.2500000e+01;2.2044323e-01;4.2500000e+01;1.9474688e-01;4.2500000e+01;1.4932649e-01;4.2500000e+01;9.8147802e-02;4.2500000e+01;5.4867268e-02;4.2500000e+01;6.0219988e-03;4.2500000e+01;-3.5330892e-02;4.2500000e+01;-7.7292822e-02;4.2500000e+01;-1.2510739e-01;4.2500000e+01;-5.7975627e-02;4.2500000e+01;-2.3861110e-02;4.2500000e+01;3.7276383e-02;4.2500000e+01;1.1043535e-01;4.2500000e+01;1.9103356e-01;4.2500000e+01;2.6252359e-01;4.2500000e+01;2.9964876e-01;4.2500000e+01;2.7311781e-01;4.2500000e+01;2.1503830e-01;4.2500000e+01;2.2044323e-01;4.2500000e+01;1.9474688e-01;4.2500000e+01;1.4932649e-01;4.2500000e+01;9.8147802e-02;4.2500000e+01;5.4867268e-02;4.2500000e+01;6.0219988e-03;4.2500000e+01;-3.5330892e-02;4.2500000e+01;-7.7292822e-02;4.2500000e+01;-1.2510739e-01;4.2500000e+01;-5.7975627e-02;4.2500000e+01;-2.3861110e-02;4.2500000e+01;3.7276383e-02;4.2500000e+01;1.1043535e-01;4.2500000e+01;1.9103356e-01;4.2500000e+01;2.6252359e-01;4.2500000e+01;2.9964876e-01;4.2500000e+01;2.7311781e-01;4.2500000e+01;2.1503830e-01;4.2500000e+01;2.2044323e-01;4.2500000e+01;1.9474688e-01;4.2500000e+01;1.4932649e-01;4.2500000e+01;9.8147802e-02;4.2500000e+01;5.4867268e-02;4.2500000e+01;6.0219988e-03;4.2500000e+01;-3.5330892e-02;4.2500000e+01;-7.7292822e-02;4.2500000e+01;-1.2510739e-01;4.2500000e+01;-5.7975627e-02;4.2500000e+01;-2.3861110e-02;4.2500000e+01;3.7276383e-02;4.2500000e+01;1.1043535e-01;4.2500000e+01;1.9103356e-01;4.2500000e+01;2.6252359e-01;4.2500000e+01;2.9964876e-01;4.2500000e+01;2.7311781e-01;4.2500000e+01;2.1503830e-01;4.2500000e+01;2.2044323e-01;4.2500000e+01;1.9474688e-01;4.2500000e+01;1.4932649e-01;4.2500000e+01;9.8147802e-02;4.2500000e+01;5.4867268e-02;4.2500000e+01;6.0219988e-03;4.2500000e+01;-3.5330892e-02;4.2500000e+01;-7.7292822e-02;4.2500000e+01;-1.2510739e-01;4.2500000e+01;-5.7975627e-02;4.2500000e+01;-2.3861110e-02;4.2500000e+01;3.7276383e-02;4.2500000e+01;1.1043535e-01;4.2500000e+01;1.9103356e-01;4.2500000e+01;2.6252359e-01;4.2500000e+01;2.9964876e-01;4.2500000e+01;2.7311781e-01;4.2500000e+01;2.1503830e-01;4.2500000e+01;2.2044323e-01;4.2500000e+01;1.9474688e-01;4.2500000e+01;1.4932649e-01;4.2500000e+01;9.8147802e-02;4.2500000e+01;5.4867268e-02;4.2500000e+01;6.0219988e-03;4.2500000e+01;-3.5330892e-02;4.2500000e+01;-7.7292822e-02;4.2500000e+01;-1.2510739e-01;4.2500000e+01;-5.7975627e-02;4.2500000e+01;-2.3861110e-02;4.2500000e+01;3.7276383e-02;4.2500000e+01;1.1043535e-01;4.2500000e+01;1.9103356e-01;4.2500000e+01;2.6252359e-01;4.2500000e+01;2.9964876e-01;4.2500000e+01;2.7311781e-01;4.2500000e+01;2.1503830e-01;4.2500000e+01;2.2044323e-01;4.2500000e+01;1.9474688e-01;4.2500000e+01;1.4932649e-01;4.2500000e+01;9.8147802e-02;4.2500000e+01;5.4867268e-02;4.2500000e+01;6.0219988e-03;4.2500000e+01;-3.5330892e-02;4.2500000e+01;-7.7292822e-02;4.2500000e+01;-1.2510739e-01;4.2500000e+01;-5.7975627e-02;4.2500000e+01;-2.3861110e-02;4.2500000e+01;3.7276383e-02;4.2500000e+01;1.1043535e-01;4.2500000e+01;1.9103356e-01;4.2500000e+01;2.6252359e-01;4.2500000e+01;2.9964876e-01;4.2500000e+01;2.7311781e-01;4.2500000e+01;2.1503830e-01;4.2500000e+01;2.2044323e-01;4.2500000e+01;1.9474688e-01;4.2500000e+01;1.4932649e-01;4.2500000e+01;9.8147802e-02;4.2500000e+01;5.4867268e-02;4.2500000e+01;6.0219988e-03;4.2500000e+01;-3.5330892e-02;4.2500000e+01;-7.7292822e-02;4.2500000e+01;-1.2510739e-01;4.2500000e+01;-5.7975627e-02;4.2500000e+01;-2.3861110e-02;4.2500000e+01;3.7276383e-02;4.2500000e+01;1.1043535e-01;4.2500000e+01;1.9103356e-01;4.2500000e+01;2.6252359e-01;4.2500000e+01;2.9964876e-01;4.2500000e+01;2.7311781e-01;4.2500000e+01;2.1503830e-01;4.2500000e+01;2.2044323e-01;4.2500000e+01;1.9474688e-01;4.2500000e+01;1.4932649e-01;4.2500000e+01;9.8147802e-02;4.2500000e+01;5.4867268e-02;4.2500000e+01;6.0219988e-03;4.2500000e+01;-3.5330892e-02;4.2500000e+01;-7.7292822e-02;4.2500000e+01;-1.2510739e-01;4.2500000e+01;-5.7975627e-02;4.2500000e+01;-2.3861110e-02;4.2500000e+01;3.7276383e-02;4.2500000e+01;1.1043535e-01;4.2500000e+01;1.9103356e-01;4.2500000e+01;2.6252359e-01;4.2500000e+01;2.9964876e-01;4.2500000e+01;2.7311781e-01;4.2500000e+01;2.1503830e-01;4.2500000e+01;2.2044323e-01;4.2500000e+01;1.9474688e-01;4.2500000e+01;1.4932649e-01;4.2500000e+01;9.8147802e-02;4.2500000e+01;5.4867268e-02;4.2500000e+01;6.0219988e-03;4.2500000e+01;-3.5330892e-02;4.2500000e+01;-7.7292822e-02;4.2500000e+01;-1.2510739e-01;4.2500000e+01;-5.7975627e-02;4.2500000e+01;-2.3861110e-02;4.2500000e+01;3.7276383e-02;4.2500000e+01;1.1043535e-01;4.2500000e+01;1.9103356e-01;4.2500000e+01;2.6252359e-01;4.2500000e+01;2.9964876e-01;4.2500000e+01;2.7311781e-01;4.2500000e+01;2.1503830e-01;4.2500000e+01;2.2044323e-01;4.2500000e+01;1.9474688e-01;4.2500000e+01;1.4932649e-01;4.2500000e+01;9.8147802e-02;4.2500000e+01;5.4867268e-02;4.2500000e+01;6.0219988e-03;4.2500000e+01;-3.5330892e-02;4.2500000e+01;-7.7292822e-02;4.2500000e+01;-1.2510739e-01;4.2500000e+01;-5.7975627e-02;4.2500000e+01;-2.3861110e-02;4.2500000e+01;3.7276383e-02;4.2500000e+01;1.1043535e-01;4.2500000e+01;1.9103356e-01;4.2500000e+01;2.6252359e-01;4.2500000e+01;2.9964876e-01;4.2500000e+01;2.7311781e-01;4.2500000e+01;2.1503830e-01;4.2500000e+01;2.2044323e-01;4.2500000e+01;1.9474688e-01;4.2500000e+01;1.4932649e-01;4.2500000e+01;9.8147802e-02;4.2500000e+01;5.4867268e-02;4.2500000e+01;6.0219988e-03;4.2500000e+01;-3.5330892e-02;4.2500000e+01;-7.7292822e-02;4.2500000e+01;-1.2510739e-01;4.2500000e+01;-5.7975627e-02;4.2500000e+01;-2.3861110e-02;4.2500000e+01;3.7276383e-02;4.2500000e+01;1.1043535e-01;4.2500000e+01;1.9103356e-01;4.2500000e+01;2.6252359e-01;4.2500000e+01;2.9964876e-01;4.2500000e+01;2.7311781e-01;4.2500000e+01;2.1503830e-01;4.2500000e+01;2.2044323e-01;4.2500000e+01;1.9474688e-01;4.2500000e+01;1.4932649e-01;4.2500000e+01;9.8147802e-02;4.2500000e+01;5.4867268e-02;4.2500000e+01;6.0219988e-03;4.2500000e+01;-3.5330892e-02;4.2500000e+01;-7.7292822e-02;4.2500000e+01;-1.2510739e-01;4.2500000e+01;-5.7975627e-02;4.2500000e+01;-2.3861110e-02;4.2500000e+01;3.7276383e-02;4.2500000e+01;1.1043535e-01;4.2500000e+01;1.9103356e-01;4.2500000e+01;2.6252359e-01;4.2500000e+01;2.9964876e-01;4.2500000e+01;2.7311781e-01;4.2500000e+01;2.1503830e-01;4.2500000e+01;2.2044323e-01;4.2500000e+01;1.9474688e-01;4.2500000e+01;1.4932649e-01;4.2500000e+01;9.8147802e-02;4.2500000e+01;5.4867268e-02;4.2500000e+01;6.0219988e-03;4.2500000e+01;-3.5330892e-02;4.2500000e+01;-7.7292822e-02;4.2500000e+01;-1.2510739e-01;4.2500000e+01;-5.7975627e-02;4.2500000e+01;-2.3861110e-02;4.2500000e+01;3.7276383e-02;4.2500000e+01;1.1043535e-01;4.2500000e+01;1.9103356e-01;4.2500000e+01;2.6252359e-01;4.2500000e+01;2.9964876e-01;4.2500000e+01;2.7311781e-01;4.2500000e+01;2.1503830e-01;4.2500000e+01;2.2044323e-01;4.2500000e+01;1.9474688e-01;4.2500000e+01;1.4932649e-01;4.2500000e+01;9.8147802e-02;4.2500000e+01;5.4867268e-02;4.2500000e+01;6.0219988e-03;4.2500000e+01;-3.5330892e-02;4.2500000e+01;-7.7292822e-02;4.2500000e+01;-1.2510739e-01;4.2500000e+01;-5.7975627e-02;4.2500000e+01;-2.3861110e-02;4.2500000e+01;3.7276383e-02;4.2500000e+01;1.1043535e-01;4.2500000e+01;1.9103356e-01;4.2500000e+01;2.6252359e-01;4.2500000e+01;2.9964876e-01;4.2500000e+01;2.7311781e-01;4.2500000e+01;2.1503830e-01;4.2500000e+01;2.2044323e-01;4.2500000e+01;1.9474688e-01;4.2500000e+01;1.4932649e-01;4.2500000e+01;9.8147802e-02;4.2500000e+01;5.4867268e-02;4.2500000e+01;6.0219988e-03;4.2500000e+01;-3.5330892e-02;4.2500000e+01;-7.7292822e-02;4.2500000e+01;-1.2510739e-01;4.2500000e+01;-5.7975627e-02;4.2500000e+01;-2.3861110e-02;4.2500000e+01;3.7276383e-02;4.2500000e+01;1.1043535e-01;4.2500000e+01;1.9103356e-01;4.2500000e+01;2.6252359e-01;4.2500000e+01;2.9964876e-01;4.2500000e+01;2.7311781e-01;4.2500000e+01;2.1503830e-01;4.2500000e+01;2.2044323e-01;4.2500000e+01;1.9474688e-01;4.2500000e+01;1.4932649e-01;4.2500000e+01;9.8147802e-02;4.2500000e+01;5.4867268e-02;4.2500000e+01;6.0219988e-03;4.2500000e+01;-3.5330892e-02;4.2500000e+01;-7.7292822e-02;4.2500000e+01;-1.2510739e-01;4.2500000e+01;-5.7975627e-02;4.2500000e+01;-2.3861110e-02;4.2500000e+01;3.7276383e-02;4.2500000e+01;1.1043535e-01;4.2500000e+01;1.9103356e-01;4.2500000e+01;2.6252359e-01;4.2500000e+01;2.9964876e-01;4.2500000e+01;2.7311781e-01;4.2500000e+01;2.1503830e-01;4.2500000e+01;2.2044323e-01;4.2500000e+01;1.9474688e-01;4.2500000e+01;1.4932649e-01;4.2500000e+01;9.8147802e-02;4.2500000e+01;5.4867268e-02;4.2500000e+01;6.0219988e-03;4.2500000e+01;-3.5330892e-02;4.2500000e+01;-7.7292822e-02;4.2500000e+01;-1.2510739e-01;4.2500000e+01;-5.7975627e-02;4.2500000e+01;-2.3861110e-02;4.2500000e+01;3.7276383e-02;4.2500000e+01;1.1043535e-01;4.2500000e+01;1.9103356e-01;4.2500000e+01;2.6252359e-01;4.2500000e+01;2.9964876e-01;4.2500000e+01;2.7311781e-01;4.2500000e+01;2.1503830e-01;4.2500000e+01;2.2044323e-01;4.2500000e+01;1.9474688e-01;4.2500000e+01;1.4932649e-01;4.2500000e+01;9.8147802e-02;4.2500000e+01;5.4867268e-02;4.2500000e+01;6.0219988e-03;4.2500000e+01;-3.5330892e-02;4.2500000e+01;-7.7292822e-02;4.2500000e+01;-1.2510739e-01;4.2500000e+01;-5.7975627e-02;4.2500000e+01;-2.3861110e-02;4.2500000e+01;3.7276383e-02;4.2500000e+01;1.1043535e-01;4.2500000e+01;1.9103356e-01;4.2500000e+01;2.6252359e-01;4.2500000e+01;2.9964876e-01;4.2500000e+01;2.7311781e-01;4.2500000e+01;2.1503830e-01;4.2500000e+01;2.2044323e-01;4.2500000e+01;1.9474688e-01;4.2500000e+01;1.4932649e-01;4.2500000e+01;9.8147802e-02;4.2500000e+01;5.4867268e-02;4.2500000e+01;6.0219988e-03;4.2500000e+01;-3.5330892e-02;4.2500000e+01;-7.7292822e-02;4.2500000e+01;-1.2510739e-01;4.2500000e+01;-5.7975627e-02;4.2500000e+01;-2.3861110e-02;4.2500000e+01;3.7276383e-02;4.2500000e+01;1.1043535e-01;4.2500000e+01;1.9103356e-01;4.2500000e+01;2.6252359e-01;4.2500000e+01;2.9964876e-01;4.2500000e+01;2.7311781e-01;4.2500000e+01;2.1503830e-01;4.2500000e+01;2.2044323e-01;4.2500000e+01;1.9474688e-01;4.2500000e+01;1.4932649e-01;4.2500000e+01;9.8147802e-02;4.2500000e+01;5.4867268e-02;4.2500000e+01;6.0219988e-03;4.2500000e+01;-3.5330892e-02;4.2500000e+01;-7.7292822e-02;4.2500000e+01;-1.2510739e-01;4.2500000e+01;-5.7975627e-02;4.2500000e+01;-2.3861110e-02;4.2500000e+01;3.7276383e-02;4.2500000e+01;1.1043535e-01;4.2500000e+01;1.9103356e-01;4.2500000e+01;2.6252359e-01;4.2500000e+01;2.9964876e-01;4.2500000e+01;2.7311781e-01;4.2500000e+01;2.1503830e-01;4.2500000e+01;2.2044323e-01;4.2500000e+01;1.9474688e-01;4.2500000e+01;1.4932649e-01;4.2500000e+01;9.8147802e-02;4.2500000e+01;5.4867268e-02;4.2500000e+01;6.0219988e-03;4.2500000e+01;-3.5330892e-02;4.2500000e+01;-7.7292822e-02;4.2500000e+01;-1.2510739e-01;4.2500000e+01;-5.7975627e-02;4.2500000e+01;-2.3861110e-02;4.2500000e+01;3.7276383e-02;4.2500000e+01;1.1043535e-01;4.2500000e+01;1.9103356e-01;4.2500000e+01;2.6252359e-01;4.2500000e+01;2.9964876e-01;4.2500000e+01;2.7311781e-01;4.2500000e+01;2.1503830e-01;4.2500000e+01;2.2044323e-01;4.2500000e+01;1.9474688e-01;4.2500000e+01;1.4932649e-01;4.2500000e+01;9.8147802e-02;4.2500000e+01;5.4867268e-02;4.2500000e+01;6.0219988e-03;4.2500000e+01;-3.5330892e-02;4.2500000e+01;-7.7292822e-02;4.2500000e+01;-1.2510739e-01;4.2500000e+01;-5.7975627e-02;4.2500000e+01;-2.3861110e-02;4.2500000e+01;3.7276383e-02;4.2500000e+01;1.1043535e-01;4.2500000e+01;1.9103356e-01;4.2500000e+01;2.6252359e-01;4.2500000e+01;2.9964876e-01;4.2500000e+01;2.7311781e-01;4.2500000e+01;2.1503830e-01;4.2500000e+01;2.2044323e-01;4.2500000e+01;1.9474688e-01;4.2500000e+01;1.4932649e-01;4.2500000e+01;9.8147802e-02;4.2500000e+01;5.4867268e-02;4.2500000e+01;6.0219988e-03;4.2500000e+01;-3.5330892e-02;4.2500000e+01;-7.7292822e-02;4.2500000e+01;-1.2510739e-01;4.2500000e+01;-5.7975627e-02;4.2500000e+01;-2.3861110e-02;4.2500000e+01;3.7276383e-02;4.2500000e+01;1.1043535e-01;4.2500000e+01;1.9103356e-01;4.2500000e+01;2.6252359e-01;4.2500000e+01;2.9964876e-01;4.2500000e+01;2.7311781e-01;4.2500000e+01;2.1503830e-01;4.2500000e+01;2.2044323e-01;4.2500000e+01;1.9474688e-01;4.2500000e+01;1.4932649e-01;4.2500000e+01;9.8147802e-02;4.2500000e+01;5.4867268e-02;4.2500000e+01;6.0219988e-03;4.2500000e+01;-3.5330892e-02;4.2500000e+01;-7.7292822e-02;4.2500000e+01;-1.2510739e-01;4.2500000e+01;-5.7975627e-02;4.2500000e+01;-2.3861110e-02;4.2500000e+01;3.7276383e-02;4.2500000e+01;1.1043535e-01;4.2500000e+01;1.9103356e-01;4.2500000e+01;2.6252359e-01;4.2500000e+01;2.9964876e-01;4.2500000e+01;2.7311781e-01;4.2500000e+01;2.1503830e-01;4.2500000e+01;2.2044323e-01;4.2500000e+01;1.9474688e-01;4.2500000e+01;1.4932649e-01;4.2500000e+01;9.8147802e-02;4.2500000e+01;5.4867268e-02;4.2500000e+01;6.0219988e-03;4.2500000e+01;-3.5330892e-02;4.2500000e+01;-7.7292822e-02;4.2500000e+01;-1.2510739e-01;4.2500000e+01;-5.7975627e-02;4.2500000e+01;-2.3861110e-02;4.2500000e+01;3.7276383e-02;4.2500000e+01;1.1043535e-01;4.2500000e+01;1.9103356e-01;4.2500000e+01;2.6252359e-01;4.2500000e+01;2.9964876e-01;4.2500000e+01;2.7311781e-01;4.2500000e+01;2.1503830e-01;4.2500000e+01;2.2044323e-01;4.2500000e+01;1.9474688e-01;4.2500000e+01;1.4932649e-01;4.2500000e+01;9.8147802e-02;4.2500000e+01;5.4867268e-02;4.2500000e+01;6.0219988e-03;4.2500000e+01;-3.5330892e-02;4.2500000e+01;-7.7292822e-02;4.2500000e+01;-1.2510739e-01;4.2500000e+01;-5.7975627e-02;4.2500000e+01;-2.3861110e-02;4.2500000e+01;3.7276383e-02;4.2500000e+01;1.1043535e-01;4.2500000e+01;1.9103356e-01;4.2500000e+01;2.6252359e-01;4.2500000e+01;2.9964876e-01;4.2500000e+01;2.7311781e-01;4.2500000e+01;2.1503830e-01;4.2500000e+01;2.2044323e-01;4.2500000e+01;1.9474688e-01;4.2500000e+01;1.4932649e-01;4.2500000e+01;9.8147802e-02;4.2500000e+01;5.4867268e-02;4.2500000e+01;6.0219988e-03;4.2500000e+01;-3.5330892e-02;4.2500000e+01;-7.7292822e-02;4.2500000e+01;-1.2510739e-01;4.2500000e+01;-5.7975627e-02;4.2500000e+01;-2.3861110e-02;4.2500000e+01;3.7276383e-02;4.2500000e+01;1.1043535e-01;4.2500000e+01;1.9103356e-01;4.2500000e+01;2.6252359e-01;4.2500000e+01;2.9964876e-01;4.2500000e+01;2.7311781e-01;4.2500000e+01;2.1503830e-01;4.2500000e+01;2.2044323e-01;4.2500000e+01;1.9474688e-01;4.2500000e+01;1.4932649e-01;4.2500000e+01;9.8147802e-02;4.2500000e+01;5.4867268e-02;4.2500000e+01;6.0219988e-03;4.2500000e+01;-3.5330892e-02;4.2500000e+01;-7.7292822e-02;4.2500000e+01;-1.2510739e-01;4.2500000e+01;-5.7975627e-02;4.2500000e+01;-2.3861110e-02;4.2500000e+01;3.7276383e-02;4.2500000e+01;1.1043535e-01;4.2500000e+01;1.9103356e-01;4.2500000e+01;2.6252359e-01;4.2500000e+01;2.9964876e-01;4.2500000e+01;2.7311781e-01;4.2500000e+01;2.1503830e-01;4.2500000e+01;2.2044323e-01;4.2500000e+01;1.9474688e-01;4.2500000e+01;1.4932649e-01;4.2500000e+01;9.8147802e-02;4.2500000e+01;5.4867268e-02;4.2500000e+01;6.0219988e-03;4.2500000e+01;-3.5330892e-02;4.2500000e+01;-7.7292822e-02;4.2500000e+01;-1.2510739e-01;4.2500000e+01;-5.7975627e-02;4.2500000e+01;-2.3861110e-02;4.2500000e+01;3.7276383e-02;4.2500000e+01;1.1043535e-01;4.2500000e+01;1.9103356e-01;4.2500000e+01;2.6252359e-01;4.2500000e+01;2.9964876e-01;4.2500000e+01;2.7311781e-01;4.2500000e+01;2.1503830e-01;4.2500000e+01;2.2044323e-01;4.2500000e+01;1.9474688e-01;4.2500000e+01;1.4932649e-01;4.2500000e+01;9.8147802e-02;4.2500000e+01;5.4867268e-02;4.2500000e+01;6.0219988e-03;4.2500000e+01;-3.5330892e-02;4.2500000e+01;-7.7292822e-02;4.2500000e+01;-1.2510739e-01;4.2500000e+01;-5.7975627e-02;4.2500000e+01;-2.3861110e-02;4.2500000e+01;3.7276383e-02;4.2500000e+01;1.1043535e-01;4.2500000e+01;1.9103356e-01;4.2500000e+01;2.6252359e-01;4.2500000e+01;2.9964876e-01;4.2500000e+01;2.7311781e-01;4.2500000e+01;2.1503830e-01;4.2500000e+01;2.2044323e-01;4.2500000e+01;1.9474688e-01;4.2500000e+01;1.4932649e-01;4.2500000e+01;9.8147802e-02;4.2500000e+01;5.4867268e-02;4.2500000e+01;6.0219988e-03;4.2500000e+01;-3.5330892e-02;4.2500000e+01;-7.7292822e-02;4.2500000e+01;-1.2510739e-01;4.2500000e+01;-5.7975627e-02;4.2500000e+01;-2.3861110e-02;4.2500000e+01;3.7276383e-02;4.2500000e+01;1.1043535e-01;4.2500000e+01;1.9103356e-01;4.2500000e+01;2.6252359e-01;4.2500000e+01;2.9964876e-01;4.2500000e+01;2.7311781e-01;4.2500000e+01;2.1503830e-01;4.2500000e+01;2.2044323e-01;4.2500000e+01;1.9474688e-01;4.2500000e+01;1.4932649e-01;4.2500000e+01;9.8147802e-02;4.2500000e+01;5.4867268e-02;4.2500000e+01;6.0219988e-03;4.2500000e+01;-3.5330892e-02;4.2500000e+01;-7.7292822e-02;4.2500000e+01;-1.2510739e-01;4.2500000e+01;-5.7975627e-02;4.2500000e+01;-2.3861110e-02;4.2500000e+01;3.7276383e-02;4.2500000e+01;1.1043535e-01;4.2500000e+01;1.9103356e-01;4.2500000e+01;2.6252359e-01;4.2500000e+01;2.9964876e-01;4.2500000e+01;2.7311781e-01;4.2500000e+01;2.1503830e-01;4.2500000e+01;2.2044323e-01;4.2500000e+01;1.9474688e-01;4.2500000e+01;1.4932649e-01;4.2500000e+01;9.8147802e-02;4.2500000e+01;5.4867268e-02;4.2500000e+01;6.0219988e-03;4.2500000e+01;-3.5330892e-02;4.2500000e+01;-7.7292822e-02;4.2500000e+01;-1.2510739e-01;4.2500000e+01;-5.7975627e-02;4.2500000e+01;-2.3861110e-02;4.2500000e+01;3.7276383e-02;4.2500000e+01;1.1043535e-01;4.2500000e+01;1.9103356e-01;4.2500000e+01;2.6252359e-01;4.2500000e+01;2.9964876e-01;4.2500000e+01;2.7311781e-01;4.2500000e+01;2.1503830e-01;4.2500000e+01;2.2044323e-01;4.2500000e+01;1.9474688e-01;4.2500000e+01;1.4932649e-01;4.2500000e+01;9.8147802e-02;4.2500000e+01;5.4867268e-02;4.2500000e+01;6.0219988e-03;4.2500000e+01;-3.5330892e-02;4.2500000e+01;-7.7292822e-02;4.2500000e+01;-1.2510739e-01;4.2500000e+01;-5.7975627e-02;4.2500000e+01;-2.3861110e-02;4.2500000e+01;3.7276383e-02;4.2500000e+01;1.1043535e-01;4.2500000e+01;1.9103356e-01;4.2500000e+01;2.6252359e-01;4.2500000e+01;2.9964876e-01;4.2500000e+01;2.7311781e-01;4.2500000e+01;2.1503830e-01;4.2500000e+01;2.2044323e-01;4.2500000e+01;1.9474688e-01;4.2500000e+01;1.4932649e-01;4.2500000e+01;9.8147802e-02;4.2500000e+01;5.4867268e-02;4.2500000e+01;6.0219988e-03;4.2500000e+01;-3.5330892e-02;4.2500000e+01;-7.7292822e-02;4.2500000e+01;-1.2510739e-01;4.2500000e+01;-5.7975627e-02;4.2500000e+01;-2.3861110e-02;4.2500000e+01;3.7276383e-02;4.2500000e+01;1.1043535e-01;4.2500000e+01;1.9103356e-01;4.2500000e+01;2.6252359e-01;4.2500000e+01;2.9964876e-01;4.2500000e+01;2.7311781e-01;4.2500000e+01;2.1503830e-01;4.2500000e+01;2.2044323e-01;4.2500000e+01;1.9474688e-01;4.2500000e+01;1.4932649e-01;4.2500000e+01;9.8147802e-02;4.2500000e+01;5.4867268e-02;4.2500000e+01;6.0219988e-03;4.2500000e+01;-3.5330892e-02;4.2500000e+01;-7.7292822e-02;4.2500000e+01;-1.2510739e-01;4.2500000e+01;-5.7975627e-02;4.2500000e+01;-2.3861110e-02;4.2500000e+01;3.7276383e-02;4.2500000e+01;1.1043535e-01;4.2500000e+01;1.9103356e-01;4.2500000e+01;2.6252359e-01;4.2500000e+01;2.9964876e-01;4.2500000e+01;2.7311781e-01;4.2500000e+01;2.1503830e-01;4.2500000e+01;2.2044323e-01;4.2500000e+01;1.9474688e-01;4.2500000e+01;1.4932649e-01;4.2500000e+01;9.8147802e-02;4.2500000e+01;5.4867268e-02;4.2500000e+01;6.0219988e-03;4.2500000e+01;-3.5330892e-02;4.2500000e+01;-7.7292822e-02;4.2500000e+01;-1.2510739e-01
4.7500000e+01;-5.5182628e-02;4.7500000e+01;-1.3632223e-02;4.7500000e+01;4.7067601e-02;4.7500000e+01;1.2733229e-01;4.7500000e+01;2.1009150e-01;4.7500000e+01;2.6728457e-01;4.7500000e+01;3.0254814e-01;4.7500000e+01;2.9216126e-01;4.7500000e+01;2.3979016e-01;4.7500000e+01;2.2452396e-01;4.7500000e+01;1.9406624e-01;4.7500000e+01;1.4897394e-01;4.7500000e+01;9.8204285e-02;4.7500000e+01;5.5056825e-02;4.7500000e+01;6.1522350e-03;4.7500000e+01;-3.6926314e-02;4.7500000e+01;-7.9781607e-02;4.7500000e+01;-1.2643844e-01;4.7500000e+01;-5.5182628e-02;4.7500000e+01;-1.3632223e-02;4.7500000e+01;4.7067601e-02;4.7500000e+01;1.2733229e-01;4.7500000e+01;2.1009150e-01;4.7500000e+01;2.6728457e-01;4.7500000e+01;3.0254814e-01;4.7500000e+01;2.9216126e-01;4.7500000e+01;2.3979016e-01;4.7500000e+01;2.2452396e-01;4.7500000e+01;1.9406624e-01;4.7500000e+01;1.4897394e-01;4.7500000e+01;9.8204285e-02;4.7500000e+01;5.5056825e-02;4.7500000e+01;6.1522350e-03;4.7500000e+01;-3.6926314e-02;4.7500000e+01;-7.9781607e-02;4.7500000e+01;-1.2643844e-01;4.7500000e+01;-5.5182628e-02;4.7500000e+01;-1.3632223e-02;4.7500000e+01;4.7067601e-02;4.7500000e+01;1.2733229e-01;4.7500000e+01;2.1009150e-01;4.7500000e+01;2.6728457e-01;4.7500000e+01;3.0254814e-01;4.7500000e+01;2.9216126e-01;4.7500000e+01;2.3979016e-01;4.7500000e+01;2.2452396e-01;4.7500000e+01;1.9406624e-01;4.7500000e+01;1.4897394e-01;4.7500000e+01;9.8204285e-02;4.7500000e+01;5.5056825e-02;4.7500000e+01;6.1522350e-03;4.7500000e+01;-3.6926314e-02;4.7500000e+01;-7.9781607e-02;4.7500000e+01;-1.2643844e-01;4.7500000e+01;-5.5182628e-02;4.7500000e+01;-1.3632223e-02;4.7500000e+01;4.7067601e-02;4.7500000e+01;1.2733229e-01;4.7500000e+01;2.1009150e-01;4.7500000e+01;2.6728457e-01;4.7500000e+01;3.0254814e-01;4.7500000e+01;2.9216126e-01;4.7500000e+01;2.3979016e-01;4.7500000e+01;2.2452396e-01;4.7500000e+01;1.9406624e-01;4.7500000e+01;1.4897394e-01;4.7500000e+01;9.8204285e-02;4.7500000e+01;5.5056825e-02;4.7500000e+01;6.1522350e-03;4.7500000e+01;-3.6926314e-02;4.7500000e+01;-7.9781607e-02;4.7500000e+01;-1.2643844e-01;4.7500000e+01;-5.5182628e-02;4.7500000e+01;-1.3632223e-02;4.7500000e+01;4.7067601e-02;4.7500000e+01;1.2733229e-01;4.7500000e+01;2.1009150e-01;4.7500000e+01;2.6728457e-01;4.7500000e+01;3.0254814e-01;4.7500000e+01;2.9216126e-01;4.7500000e+01;2.3979016e-01;4.7500000e+01;2.2452396e-01;4.7500000e+01;1.9406624e-01;4.7500000e+01;1.4897394e-01;4.7500000e+01;9.8204285e-02;4.7500000e+01;5.5056825e-02;4.7500000e+01;6.1522350e-03;4.7500000e+01;-3.6926314e-02;4.7500000e+01;-7.9781607e-02;4.7500000e+01;-1.2643844e-01;4.7500000e+01;-5.5182628e-02;4.7500000e+01;-1.3632223e-02;4.7500000e+01;4.7067601e-02;4.7500000e+01;1.2733229e-01;4.7500000e+01;2.1009150e-01;4.7500000e+01;2.6728457e-01;4.7500000e+01;3.0254814e-01;4.7500000e+01;2.9216126e-01;4.7500000e+01;2.3979016e-01;4.7500000e+01;2.2452396e-01;4.7500000e+01;1.9406624e-01;4.7500000e+01;1.4897394e-01;4.7500000e+01;9.8204285e-02;4.7500000e+01;5.5056825e-02;4.7500000e+01;6.1522350e-03;4.7500000e+01;-3.6926314e-02;4.7500000e+01;-7.9781607e-02;4.7500000e+01;-1.2643844e-01;4.7500000e+01;-5.5182628e-02;4.7500000e+01;-1.3632223e-02;4.7500000e+01;4.7067601e-02;4.7500000e+01;1.2733229e-01;4.7500000e+01;2.1009150e-01;4.7500000e+01;2.6728457e-01;4.7500000e+01;3.0254814e-01;4.7500000e+01;2.9216126e-01;4.7500000e+01;2.3979016e-01;4.7500000e+01;2.2452396e-01;4.7500000e+01;1.9406624e-01;4.7500000e+01;1.4897394e-01;4.7500000e+01;9.8204285e-02;4.7500000e+01;5.5056825e-02;4.7500000e+01;6.1522350e-03;4.7500000e+01;-3.6926314e-02;4.7500000e+01;-7.9781607e-02;4.7500000e+01;-1.2643844e-01;4.7500000e+01;-5.5182628e-02;4.7500000e+01;-1.3632223e-02;4.7500000e+01;4.7067601e-02;4.7500000e+01;1.2733229e-01;4.7500000e+01;2.1009150e-01;4.7500000e+01;2.6728457e-01;4.7500000e+01;3.0254814e-01;4.7500000e+01;2.9216126e-01;4.7500000e+01;2.3979016e-01;4.7500000e+01;2.2452396e-01;4.7500000e+01;1.9406624e-01;4.7500000e+01;1.4897394e-01;4.7500000e+01;9.8204285e-02;4.7500000e+01;5.5056825e-02;4.7500000e+01;6.1522350e-03;4.7500000e+01;-3.6926314e-02;4.7500000e+01;-7.9781607e-02;4.7500000e+01;-1.2643844e-01;4.7500000e+01;-5.5182628e-02;4.7500000e+01;-1.3632223e-02;4.7500000e+01;4.7067601e-02;4.7500000e+01;1.2733229e-01;4.7500000e+01;2.1009150e-01;4.7500000e+01;2.6728457e-01;4.7500000e+01;3.0254814e-01;4.7500000e+01;2.9216126e-01;4.7500000e+01;2.3979016e-01;4.7500000e+01;2.2452396e-01;4.7500000e+01;1.9406624e-01;4.7500000e+01;1.4897394e-01;4.7500000e+01;9.8204285e-02;4.7500000e+01;5.5056825e-02;4.7500000e+01;6.1522350e-03;4.7500000e+01;-3.6926314e-02;4.7500000e+01;-7.9781607e-02;4.7500000e+01;-1.2643844e-01;4.7500000e+01;-5.5182628e-02;4.7500000e+01;-1.3632223e-02;4.7500000e+01;4.7067601e-02;4.7500000e+01;1.2733229e-01;4.7500000e+01;2.1009150e-01;4.7500000e+01;2.6728457e-01;4.7500000e+01;3.0254814e-01;4.7500000e+01;2.9216126e-01;4.7500000e+01;2.3979016e-01;4.7500000e+01;2.2452396e-01;4.7500000e+01;1.9406624e-01;4.7500000e+01;1.4897394e-01;4.7500000e+01;9.8204285e-02;4.7500000e+01;5.5056825e-02;4.7500000e+01;6.1522350e-03;4.7500000e+01;-3.6926314e-02;4.7500000e+01;-7.9781607e-02;4.7500000e+01;-1.2643844e-01;4.7500000e+01;-5.5182628e-02;4.7500000e+01;-1.3632223e-02;4.7500000e+01;4.7067601e-02;4.7500000e+01;1.2733229e-01;4.7500000e+01;2.1009150e-01;4.7500000e+01;2.6728457e-01;4.7500000e+01;3.0254814e-01;4.7500000e+01;2.9216126e-01;4.7500000e+01;2.3979016e-01;4.7500000e+01;2.2452396e-01;4.7500000e+01;1.9406624e-01;4.7500000e+01;1.4897394e-01;4.7500000e+01;9.8204285e-02;4.7500000e+01;5.5056825e-02;4.7500000e+01;6.1522350e-03;4.7500000e+01;-3.6926314e-02;4.7500000e+01;-7.9781607e-02;4.7500000e+01;-1.2643844e-01;4.7500000e+01;-5.5182628e-02;4.7500000e+01;-1.3632223e-02;4.7500000e+01;4.7067601e-02;4.7500000e+01;1.2733229e-01;4.7500000e+01;2.1009150e-01;4.7500000e+01;2.6728457e-01;4.7500000e+01;3.0254814e-01;4.7500000e+01;2.9216126e-01;4.7500000e+01;2.3979016e-01;4.7500000e+01;2.2452396e-01;4.7500000e+01;1.9406624e-01;4.7500000e+01;1.4897394e-01;4.7500000e+01;9.8204285e-02;4.7500000e+01;5.5056825e-02;4.7500000e+01;6.1522350e-03;4.7500000e+01;-3.6926314e-02;4.7500000e+01;-7.9781607e-02;4.7500000e+01;-1.2643844e-01;4.7500000e+01;-5.5182628e-02;4.7500000e+01;-1.3632223e-02;4.7500000e+01;4.7067601e-02;4.7500000e+01;1.2733229e-01;4.7500000e+01;2.1009150e-01;4.7500000e+01;2.6728457e-01;4.7500000e+01;3.0254814e-01;4.7500000e+01;2.9216126e-01;4.7500000e+01;2.3979016e-01;4.7500000e+01;2.2452396e-01;4.7500000e+01;1.9406624e-01;4.7500000e+01;1.4897394e-01;4.7500000e+01;9.8204285e-02;4.7500000e+01;5.5056825e-02;4.7500000e+01;6.1522350e-03;4.7500000e+01;-3.6926314e-02;4.7500000e+01;-7.9781607e-02;4.7500000e+01;-1.2643844e-01;4.7500000e+01;-5.5182628e-02;4.7500000e+01;-1.3632223e-02;4.7500000e+01;4.7067601e-02;4.7500000e+01;1.2733229e-01;4.7500000e+01;2.1009150e-01;4.7500000e+01;2.6728457e-01;4.7500000e+01;3.0254814e-01;4.7500000e+01;2.9216126e-01;4.7500000e+01;2.3979016e-01;4.7500000e+01;2.2452396e-01;4.7500000e+01;1.9406624e-01;4.7500000e+01;1.4897394e-01;4.7500000e+01;9.8204285e-02;4.7500000e+01;5.5056825e-02;4.7500000e+01;6.1522350e-03;4.7500000e+01;-3.6926314e-02;4.7500000e+01;-7.9781607e-02;4.7500000e+01;-1.2643844e-01;4.7500000e+01;-5.5182628e-02;4.7500000e+01;-1.3632223e-02;4.7500000e+01;4.7067601e-02;4.7500000e+01;1.2733229e-01;4.7500000e+01;2.1009150e-01;4.7500000e+01;2.6728457e-01;4.7500000e+01;3.0254814e-01;4.7500000e+01;2.9216126e-01;4.7500000e+01;2.3979016e-01;4.7500000e+01;2.2452396e-01;4.7500000e+01;1.9406624e-01;4.7500000e+01;1.4897394e-01;4.7500000e+01;9.8204285e-02;4.7500000e+01;5.5056825e-02;4.7500000e+01;6.1522350e-03;4.7500000e+01;-3.6926314e-02;4.7500000e+01;-7.9781607e-02;4.7500000e+01;-1.2643844e-01;4.7500000e+01;-5.5182628e-02;4.7500000e+01;-1.3632223e-02;4.7500000e+01;4.7067601e-02;4.7500000e+01;1.2733229e-01;4.7500000e+01;2.1009150e-01;4.7500000e+01;2.6728457e-01;4.7500000e+01;3.0254814e-01;4.7500000e+01;2.9216126e-01;4.7500000e+01;2.3979016e-01;4.7500000e+01;2.2452396e-01;4.7500000e+01;1.9406624e-01;4.7500000e+01;1.4897394e-01;4.7500000e+01;9.8204285e-02;4.7500000e+01;5.5056825e-02;4.7500000e+01;6.1522350e-03;4.7500000e+01;-3.6926314e-02;4.7500000e+01;-7.9781607e-02;4.7500000e+01;-1.2643844e-01;4.7500000e+01;-5.5182628e-02;4.7500000e+01;-1.3632223e-02;4.7500000e+01;4.7067601e-02;4.7500000e+01;1.2733229e-01;4.7500000e+01;2.1009150e-01;4.7500000e+01;2.6728457e-01;4.7500000e+01;3.0254814e-01;4.7500000e+01;2.9216126e-01;4.7500000e+01;2.3979016e-01;4.7500000e+01;2.2452396e-01;4.7500000e+01;1.9406624e-01;4.7500000e+01;1.4897394e-01;4.7500000e+01;9.8204285e-02;4.7500000e+01;5.5056825e-02;4.7500000e+01;6.1522350e-03;4.7500000e+01;-3.6926314e-02;4.7500000e+01;-7.9781607e-02;4.7500000e+01;-1.2643844e-01;4.7500000e+01;-5.5182628e-02;4.7500000e+01;-1.3632223e-02;4.7500000e+01;4.7067601e-02;4.7500000e+01;1.2733229e-01;4.7500000e+01;2.1009150e-01;4.7500000e+01;2.6728457e-01;4.7500000e+01;3.0254814e-01;4.7500000e+01;2.9216126e-01;4.7500000e+01;2.3979016e-01;4.7500000e+01;2.2452396e-01;4.7500000e+01;1.9406624e-01;4.7500000e+01;1.4897394e-01;4.7500000e+01;9.8204285e-02;4.7500000e+01;5.5056825e-02;4.7500000e+01;6.1522350e-03;4.7500000e+01;-3.6926314e-02;4.7500000e+01;-7.9781607e-02;4.7500000e+01;-1.2643844e-01;4.7500000e+01;-5.5182628e-02;4.7500000e+01;-1.3632223e-02;4.7500000e+01;4.7067601e-02;4.7500000e+01;1.2733229e-01;4.7500000e+01;2.1009150e-01;4.7500000e+01;2.6728457e-01;4.7500000e+01;3.0254814e-01;4.7500000e+01;2.9216126e-01;4.7500000e+01;2.3979016e-01;4.7500000e+01;2.2452396e-01;4.7500000e+01;1.9406624e-01;4.7500000e+01;1.4897394e-01;4.7500000e+01;9.8204285e-02;4.7500000e+01;5.5056825e-02;4.7500000e+01;6.1522350e-03;4.7500000e+01;-3.6926314e-02;4.7500000e+01;-7.9781607e-02;4.7500000e+01;-1.2643844e-01;4.7500000e+01;-5.5182628e-02;4.7500000e+01;-1.3632223e-02;4.7500000e+01;4.7067601e-02;4.7500000e+01;1.2733229e-01;4.7500000e+01;2.1009150e-01;4.7500000e+01;2.6728457e-01;4.7500000e+01;3.0254814e-01;4.7500000e+01;2.9216126e-01;4.7500000e+01;2.3979016e-01;4.7500000e+01;2.2452396e-01;4.7500000e+01;1.9406624e-01;4.7500000e+01;1.4897394e-01;4.7500000e+01;9.8204285e-02;4.7500000e+01;5.5056825e-02;4.7500000e+01;6.1522350e-03;4.7500000e+01;-3.6926314e-02;4.7500000e+01;-7.9781607e-02;4.7500000e+01;-1.2643844e-01;4.7500000e+01;-5.5182628e-02;4.7500000e+01;-1.3632223e-02;4.7500000e+01;4.7067601e-02;4.7500000e+01;1.2733229e-01;4.7500000e+01;2.1009150e-01;4.7500000e+01;2.6728457e-01;4.7500000e+01;3.0254814e-01;4.7500000e+01;2.9216126e-01;4.7500000e+01;2.3979016e-01;4.7500000e+01;2.2452396e-01;4.7500000e+01;1.9406624e-01;4.7500000e+01;1.4897394e-01;4.7500000e+01;9.8204285e-02;4.7500000e+01;5.5056825e-02;4.7500000e+01;6.1522350e-03;4.7500000e+01;-3.6926314e-02;4.7500000e+01;-7.9781607e-02;4.7500000e+01;-1.2643844e-01;4.7500000e+01;-5.5182628e-02;4.7500000e+01;-1.3632223e-02;4.7500000e+01;4.7067601e-02;4.7500000e+01;1.2733229e-01;4.7500000e+01;2.1009150e-01;4.7500000e+01;2.6728457e-01;4.7500000e+01;3.0254814e-01;4.7500000e+01;2.9216126e-01;4.7500000e+01;2.3979016e-01;4.7500000e+01;2.2452396e-01;4.7500000e+01;1.9406624e-01;4.7500000e+01;1.4897394e-01;4.7500000e+01;9.8204285e-02;4.7500000e+01;5.5056825e-02;4.7500000e+01;6.1522350e-03;4.7500000e+01;-3.6926314e-02;4.7500000e+01;-7.9781607e-02;4.7500000e+01;-1.2643844e-01;4.7500000e+01;-5.5182628e-02;4.7500000e+01;-1.3632223e-02;4.7500000e+01;4.7067601e-02;4.7500000e+01;1.2733229e-01;4.7500000e+01;2.1009150e-01;4.7500000e+01;2.6728457e-01;4.7500000e+01;3.0254814e-01;4.7500000e+01;2.9216126e-01;4.7500000e+01;2.3979016e-01;4.7500000e+01;2.2452396e-01;4.7500000e+01;1.9406624e-01;4.7500000e+01;1.4897394e-01;4.7500000e+01;9.8204285e-02;4.7500000e+01;5.5056825e-02;4.7500000e+01;6.1522350e-03;4.7500000e+01;-3.6926314e-02;4.7500000e+01;-7.9781607e-02;4.7500000e+01;-1.2643844e-01;4.7500000e+01;-5.5182628e-02;4.7500000e+01;-1.3632223e-02;4.7500000e+01;4.7067601e-02;4.7500000e+01;1.2733229e-01;4.7500000e+01;2.1009150e-01;4.7500000e+01;2.6728457e-01;4.7500000e+01;3.0254814e-01;4.7500000e+01;2.9216126e-01;4.7500000e+01;2.3979016e-01;4.7500000e+01;2.2452396e-01;4.7500000e+01;1.9406624e-01;4.7500000e+01;1.4897394e-01;4.7500000e+01;9.8204285e-02;4.7500000e+01;5.5056825e-02;4.7500000e+01;6.1522350e-03;4.7500000e+01;-3.6926314e-02;4.7500000e+01;-7.9781607e-02;4.7500000e+01;-1.2643844e-01;4.7500000e+01;-5.5182628e-02;4.7500000e+01;-1.3632223e-02;4.7500000e+01;4.7067601e-02;4.7500000e+01;1.2733229e-01;4.7500000e+01;2.1009150e-01;4.7500000e+01;2.6728457e-01;4.7500000e+01;3.0254814e-01;4.7500000e+01;2.9216126e-01;4.7500000e+01;2.3979016e-01;4.7500000e+01;2.2452396e-01;4.7500000e+01;1.9406624e-01;4.7500000e+01;1.4897394e-01;4.7500000e+01;9.8204285e-02;4.7500000e+01;5.5056825e-02;4.7500000e+01;6.1522350e-03;4.7500000e+01;-3.6926314e-02;4.7500000e+01;-7.9781607e-02;4.7500000e+01;-1.2643844e-01;4.7500000e+01;-5.5182628e-02;4.7500000e+01;-1.3632223e-02;4.7500000e+01;4.7067601e-02;4.7500000e+01;1.2733229e-01;4.7500000e+01;2.1009150e-01;4.7500000e+01;2.6728457e-01;4.7500000e+01;3.0254814e-01;4.7500000e+01;2.9216126e-01;4.7500000e+01;2.3979016e-01;4.7500000e+01;2.2452396e-01;4.7500000e+01;1.9406624e-01;4.7500000e+01;1.4897394e-01;4.7500000e+01;9.8204285e-02;4.7500000e+01;5.5056825e-02;4.7500000e+01;6.1522350e-03;4.7500000e+01;-3.6926314e-02;4.7500000e+01;-7.9781607e-02;4.7500000e+01;-1.2643844e-01;4.7500000e+01;-5.5182628e-02;4.7500000e+01;-1.3632223e-02;4.7500000e+01;4.7067601e-02;4.7500000e+01;1.2733229e-01;4.7500000e+01;2.1009150e-01;4.7500000e+01;2.6728457e-01;4.7500000e+01;3.0254814e-01;4.7500000e+01;2.9216126e-01;4.7500000e+01;2.3979016e-01;4.7500000e+01;2.2452396e-01;4.7500000e+01;1.9406624e-01;4.7500000e+01;1.4897394e-01;4.7500000e+01;9.8204285e-02;4.7500000e+01;5.5056825e-02;4.7500000e+01;6.1522350e-03;4.7500000e+01;-3.6926314e-02;4.7500000e+01;-7.9781607e-02;4.7500000e+01;-1.2643844e-01;4.7500000e+01;-5.5182628e-02;4.7500000e+01;-1.3632223e-02;4.7500000e+01;4.7067601e-02;4.7500000e+01;1.2733229e-01;4.7500000e+01;2.1009150e-01;4.7500000e+01;2.6728457e-01;4.7500000e+01;3.0254814e-01;4.7500000e+01;2.9216126e-01;4.7500000e+01;2.3979016e-01;4.7500000e+01;2.2452396e-01;4.7500000e+01;1.9406624e-01;4.7500000e+01;1.4897394e-01;4.7500000e+01;9.8204285e-02;4.7500000e+01;5.5056825e-02;4.7500000e+01;6.1522350e-03;4.7500000e+01;-3.6926314e-02;4.7500000e+01;-7.9781607e-02;4.7500000e+01;-1.2643844e-01;4.7500000e+01;-5.5182628e-02;4.7500000e+01;-1.3632223e-02;4.7500000e+01;4.7067601e-02;4.7500000e+01;1.2733229e-01;4.7500000e+01;2.1009150e-01;4.7500000e+01;2.6728457e-01;4.7500000e+01;3.0254814e-01;4.7500000e+01;2.9216126e-01;4.7500000e+01;2.3979016e-01;4.7500000e+01;2.2452396e-01;4.7500000e+01;1.9406624e-01;4.7500000e+01;1.4897394e-01;4.7500000e+01;9.8204285e-02;4.7500000e+01;5.5056825e-02;4.7500000e+01;6.1522350e-03;4.7500000e+01;-3.6926314e-02;4.7500000e+01;-7.9781607e-02;4.7500000e+01;-1.2643844e-01;4.7500000e+01;-5.5182628e-02;4.7500000e+01;-1.3632223e-02;4.7500000e+01;4.7067601e-02;4.7500000e+01;1.2733229e-01;4.7500000e+01;2.1009150e-01;4.7500000e+01;2.6728457e-01;4.7500000e+01;3.0254814e-01;4.7500000e+01;2.9216126e-01;4.7500000e+01;2.3979016e-01;4.7500000e+01;2.2452396e-01;4.7500000e+01;1.9406624e-01;4.7500000e+01;1.4897394e-01;4.7500000e+01;9.8204285e-02;4.7500000e+01;5.5056825e-02;4.7500000e+01;6.1522350e-03;4.7500000e+01;-3.6926314e-02;4.7500000e+01;-7.9781607e-02;4.7500000e+01;-1.2643844e-01;4.7500000e+01;-5.5182628e-02;4.7500000e+01;-1.3632223e-02;4.7500000e+01;4.7067601e-02;4.7500000e+01;1.2733229e-01;4.7500000e+01;2.1009150e-01;4.7500000e+01;2.6728457e-01;4.7500000e+01;3.0254814e-01;4.7500000e+01;2.9216126e-01;4.7500000e+01;2.3979016e-01;4.7500000e+01;2.2452396e-01;4.7500000e+01;1.9406624e-01;4.7500000e+01;1.4897394e-01;4.7500000e+01;9.8204285e-02;4.7500000e+01;5.5056825e-02;4.7500000e+01;6.1522350e-03;4.7500000e+01;-3.6926314e-02;4.7500000e+01;-7.9781607e-02;4.7500000e+01;-1.2643844e-01;4.7500000e+01;-5.5182628e-02;4.7500000e+01;-1.3632223e-02;4.7500000e+01;4.7067601e-02;4.7500000e+01;1.2733229e-01;4.7500000e+01;2.1009150e-01;4.7500000e+01;2.6728457e-01;4.7500000e+01;3.0254814e-01;4.7500000e+01;2.9216126e-01;4.7500000e+01;2.3979016e-01;4.7500000e+01;2.2452396e-01;4.7500000e+01;1.9406624e-01;4.7500000e+01;1.4897394e-01;4.7500000e+01;9.8204285e-02;4.7500000e+01;5.5056825e-02;4.7500000e+01;6.1522350e-03;4.7500000e+01;-3.6926314e-02;4.7500000e+01;-7.9781607e-02;4.7500000e+01;-1.2643844e-01;4.7500000e+01;-5.5182628e-02;4.7500000e+01;-1.3632223e-02;4.7500000e+01;4.7067601e-02;4.7500000e+01;1.2733229e-01;4.7500000e+01;2.1009150e-01;4.7500000e+01;2.6728457e-01;4.7500000e+01;3.0254814e-01;4.7500000e+01;2.9216126e-01;4.7500000e+01;2.3979016e-01;4.7500000e+01;2.2452396e-01;4.7500000e+01;1.9406624e-01;4.7500000e+01;1.4897394e-01;4.7500000e+01;9.8204285e-02;4.7500000e+01;5.5056825e-02;4.7500000e+01;6.1522350e-03;4.7500000e+01;-3.6926314e-02;4.7500000e+01;-7.9781607e-02;4.7500000e+01;-1.2643844e-01;4.7500000e+01;-5.5182628e-02;4.7500000e+01;-1.3632223e-02;4.7500000e+01;4.7067601e-02;4.7500000e+01;1.2733229e-01;4.7500000e+01;2.1009150e-01;4.7500000e+01;2.6728457e-01;4.7500000e+01;3.0254814e-01;4.7500000e+01;2.9216126e-01;4.7500000e+01;2.3979016e-01;4.7500000e+01;2.2452396e-01;4.7500000e+01;1.9406624e-01;4.7500000e+01;1.4897394e-01;4.7500000e+01;9.8204285e-02;4.7500000e+01;5.5056825e-02;4.7500000e+01;6.1522350e-03;4.7500000e+01;-3.6926314e-02;4.7500000e+01;-7.9781607e-02;4.7500000e+01;-1.2643844e-01;4.7500000e+01;-5.5182628e-02;4.7500000e+01;-1.3632223e-02;4.7500000e+01;4.7067601e-02;4.7500000e+01;1.2733229e-01;4.7500000e+01;2.1009150e-01;4.7500000e+01;2.6728457e-01;4.7500000e+01;3.0254814e-01;4.7500000e+01;2.9216126e-01;4.7500000e+01;2.3979016e-01;4.7500000e+01;2.2452396e-01;4.7500000e+01;1.9406624e-01;4.7500000e+01;1.4897394e-01;4.7500000e+01;9.8204285e-02;4.7500000e+01;5.5056825e-02;4.7500000e+01;6.1522350e-03;4.7500000e+01;-3.6926314e-02;4.7500000e+01;-7.9781607e-02;4.7500000e+01;-1.2643844e-01;4.7500000e+01;-5.5182628e-02;4.7500000e+01;-1.3632223e-02;4.7500000e+01;4.7067601e-02;4.7500000e+01;1.2733229e-01;4.7500000e+01;2.1009150e-01;4.7500000e+01;2.6728457e-01;4.7500000e+01;3.0254814e-01;4.7500000e+01;2.9216126e-01;4.7500000e+01;2.3979016e-01;4.7500000e+01;2.2452396e-01;4.7500000e+01;1.9406624e-01;4.7500000e+01;1.4897394e-01;4.7500000e+01;9.8204285e-02;4.7500000e+01;5.5056825e-02;4.7500000e+01;6.1522350e-03;4.7500000e+01;-3.6926314e-02;4.7500000e+01;-7.9781607e-02;4.7500000e+01;-1.2643844e-01;4.7500000e+01;-5.5182628e-02;4.7500000e+01;-1.3632223e-02;4.7500000e+01;4.7067601e-02;4.7500000e+01;1.2733229e-01;4.7500000e+01;2.1009150e-01;4.7500000e+01;2.6728457e-01;4.7500000e+01;3.0254814e-01;4.7500000e+01;2.9216126e-01;4.7500000e+01;2.3979016e-01;4.7500000e+01;2.2452396e-01;4.7500000e+01;1.9406624e-01;4.7500000e+01;1.4897394e-01;4.7500000e+01;9.8204285e-02;4.7500000e+01;5.5056825e-02;4.7500000e+01;6.1522350e-03;4.7500000e+01;-3.6926314e-02;4.7500000e+01;-7.9781607e-02;4.7500000e+01;-1.2643844e-01;4.7500000e+01;-5.5182628e-02;4.7500000e+01;-1.3632223e-02;4.7500000e+01;4.7067601e-02;4.7500000e+01;1.2733229e-01;4.7500000e+01;2.1009150e-01;4.7500000e+01;2.6728457e-01;4.7500000e+01;3.0254814e-01;4.7500000e+01;2.9216126e-01;4.7500000e+01;2.3979016e-01;4.7500000e+01;2.2452396e-01;4.7500000e+01;1.9406624e-01;4.7500000e+01;1.4897394e-01;4.7500000e+01;9.8204285e-02;4.7500000e+01;5.5056825e-02;4.7500000e+01;6.1522350e-03;4.7500000e+01;-3.6926314e-02;4.7500000e+01;-7.9781607e-02;4.7500000e+01;-1.2643844e-01;4.7500000e+01;-5.5182628e-02;4.7500000e+01;-1.3632223e-02;4.7500000e+01;4.7067601e-02;4.7500000e+01;1.2733229e-01;4.7500000e+01;2.1009150e-01;4.7500000e+01;2.6728457e-01;4.7500000e+01;3.0254814e-01;4.7500000e+01;2.9216126e-01;4.7500000e+01;2.3979016e-01;4.7500000e+01;2.2452396e-01;4.7500000e+01;1.9406624e-01;4.7500000e+01;1.4897394e-01;4.7500000e+01;9.8204285e-02;4.7500000e+01;5.5056825e-02;4.7500000e+01;6.1522350e-03;4.7500000e+01;-3.6926314e-02;4.7500000e+01;-7.9781607e-02;4.7500000e+01;-1.2643844e-01;4.7500000e+01;-5.5182628e-02;4.7500000e+01;-1.3632223e-02;4.7500000e+01;4.7067601e-02;4.7500000e+01;1.2733229e-01;4.7500000e+01;2.1009150e-01;4.7500000e+01;2.6728457e-01;4.7500000e+01;3.0254814e-01;4.7500000e+01;2.9216126e-01;4.7500000e+01;2.3979016e-01;4.7500000e+01;2.2452396e-01;4.7500000e+01;1.9406624e-01;4.7500000e+01;1.4897394e-01;4.7500000e+01;9.8204285e-02;4.7500000e+01;5.5056825e-02;4.7500000e+01;6.1522350e-03;4.7500000e+01;-3.6926314e-02;4.7500000e+01;-7.9781607e-02;4.7500000e+01;-1.2643844e-01;4.7500000e+01;-5.5182628e-02;4.7500000e+01;-1.3632223e-02;4.7500000e+01;4.7067601e-02;4.7500000e+01;1.2733229e-01;4.7500000e+01;2.1009150e-01;4.7500000e+01;2.6728457e-01;4.7500000e+01;3.0254814e-01;4.7500000e+01;2.9216126e-01;4.7500000e+01;2.3979016e-01;4.7500000e+01;2.2452396e-01;4.7500000e+01;1.9406624e-01;4.7500000e+01;1.4897394e-01;4.7500000e+01;9.8204285e-02;4.7500000e+01;5.5056825e-02;4.7500000e+01;6.1522350e-03;4.7500000e+01;-3.6926314e-02;4.7500000e+01;-7.9781607e-02;4.7500000e+01;-1.2643844e-01;4.7500000e+01;-5.5182628e-02;4.7500000e+01;-1.3632223e-02;4.7500000e+01;4.7067601e-02;4.7500000e+01;1.2733229e-01;4.7500000e+01;2.1009150e-01;4.7500000e+01;2.6728457e-01;4.7500000e+01;3.0254814e-01;4.7500000e+01;2.9216126e-01;4.7500000e+01;2.3979016e-01;4.7500000e+01;2.2452396e-01;4.7500000e+01;1.9406624e-01;4.7500000e+01;1.4897394e-01;4.7500000e+01;9.8204285e-02;4.7500000e+01;5.5056825e-02;4.7500000e+01;6.1522350e-03;4.7500000e+01;-3.6926314e-02;4.7500000e+01;-7.9781607e-02;4.7500000e+01;-1.2643844e-01;4.7500000e+01;-5.5182628e-02;4.7500000e+01;-1.3632223e-02;4.7500000e+01;4.7067601e-02;4.7500000e+01;1.2733229e-01;4.7500000e+01;2.1009150e-01;4.7500000e+01;2.6728457e-01;4.7500000e+01;3.0254814e-01;4.7500000e+01;2.9216126e-01;4.7500000e+01;2.3979016e-01;4.7500000e+01;2.2452396e-01;4.7500000e+01;1.9406624e-01;4.7500000e+01;1.4897394e-01;4.7500000e+01;9.8204285e-02;4.7500000e+01;5.5056825e-02;4.7500000e+01;6.1522350e-03;4.7500000e+01;-3.6926314e-02;4.7500000e+01;-7.9781607e-02;4.7500000e+01;-1.2643844e-01;4.7500000e+01;-5.5182628e-02;4.7500000e+01;-1.3632223e-02;4.7500000e+01;4.7067601e-02;4.7500000e+01;1.2733229e-01;4.7500000e+01;2.1009150e-01;4.7500000e+01;2.6728457e-01;4.7500000e+01;3.0254814e-01;4.7500000e+01;2.9216126e-01;4.7500000e+01;2.3979016e-01;4.7500000e+01;2.2452396e-01;4.7500000e+01;1.9406624e-01;4.7500000e+01;1.4897394e-01;4.7500000e+01;9.8204285e-02;4.7500000e+01;5.5056825e-02;4.7500000e+01;6.1522350e-03;4.7500000e+01;-3.6926314e-02;4.7500000e+01;-7.9781607e-02;4.7500000e+01;-1.2643844e-01;4.7500000e+01;-5.5182628e-02;4.7500000e+01;-1.3632223e-02;4.7500000e+01;4.7067601e-02;4.7500000e+01;1.2733229e-01;4.7500000e+01;2.1009150e-01;4.7500000e+01;2.6728457e-01;4.7500000e+01;3.0254814e-01;4.7500000e+01;2.9216126e-01;4.7500000e+01;2.3979016e-01;4.7500000e+01;2.2452396e-01;4.7500000e+01;1.9406624e-01;4.7500000e+01;1.4897394e-01;4.7500000e+01;9.8204285e-02;4.7500000e+01;5.5056825e-02;4.7500000e+01;6.1522350e-03;4.7500000e+01;-3.6926314e-02;4.7500000e+01;-7.9781607e-02;4.7500000e+01;-1.2643844e-01;4.7500000e+01;-5.5182628e-02;4.7500000e+01;-1.3632223e-02;4.7500000e+01;4.7067601e-02;4.7500000e+01;1.2733229e-01;4.7500000e+01;2.1009150e-01;4.7500000e+01;2.6728457e-01;4.7500000e+01;3.0254814e-01;4.7500000e+01;2.9216126e-01;4.7500000e+01;2.3979016e-01;4.7500000e+01;2.2452396e-01;4.7500000e+01;1.9406624e-01;4.7500000e+01;1.4897394e-01;4.7500000e+01;9.8204285e-02;4.7500000e+01;5.5056825e-02;4.7500000e+01;6.1522350e-03;4.7500000e+01;-3.6926314e-02;4.7500000e+01;-7.9781607e-02;4.7500000e+01;-1.2643844e-01;4.7500000e+01;-5.5182628e-02;4.7500000e+01;-1.3632223e-02;4.7500000e+01;4.7067601e-02;4.7500000e+01;1.2733229e-01;4.7500000e+01;2.1009150e-01;4.7500000e+01;2.6728457e-01;4.7500000e+01;3.0254814e-01;4.7500000e+01;2.9216126e-01;4.7500000e+01;2.3979016e-01;4.7500000e+01;2.2452396e-01;4.7500000e+01;1.9406624e-01;4.7500000e+01;1.4897394e-01;4.7500000e+01;9.8204285e-02;4.7500000e+01;5.5056825e-02;4.7500000e+01;6.1522350e-03;4.7500000e+01;-3.6926314e-02;4.7500000e+01;-7.9781607e-02;4.7500000e+01;-1.2643844e-01;4.7500000e+01;-5.5182628e-02;4.7500000e+01;-1.3632223e-02;4.7500000e+01;4.7067601e-02;4.7500000e+01;1.2733229e-01;4.7500000e+01;2.1009150e-01;4.7500000e+01;2.6728457e-01;4.7500000e+01;3.0254814e-01;4.7500000e+01;2.9216126e-01;4.7500000e+01;2.3979016e-01;4.7500000e+01;2.2452396e-01;4.7500000e+01;1.9406624e-01;4.7500000e+01;1.4897394e-01;4.7500000e+01;9.8204285e-02;4.7500000e+01;5.5056825e-02;4.7500000e+01;6.1522350e-03;4.7500000e+01;-3.6926314e-02;4.7500000e+01;-7.9781607e-02;4.7500000e+01;-1.2643844e-01;4.7500000e+01;-5.5182628e-02;4.7500000e+01;-1.3632223e-02;4.7500000e+01;4.7067601e-02;4.7500000e+01;1.2733229e-01;4.7500000e+01;2.1009150e-01;4.7500000e+01;2.6728457e-01;4.7500000e+01;3.0254814e-01;4.7500000e+01;2.9216126e-01;4.7500000e+01;2.3979016e-01;4.7500000e+01;2.2452396e-01;4.7500000e+01;1.9406624e-01;4.7500000e+01;1.4897394e-01;4.7500000e+01;9.8204285e-02;4.7500000e+01;5.5056825e-02;4.7500000e+01;6.1522350e-03;4.7500000e+01;-3.6926314e-02;4.7500000e+01;-7.9781607e-02;4.7500000e+01;-1.2643844e-01;4.7500000e+01;-5.5182628e-02;4.7500000e+01;-1.3632223e-02;4.7500000e+01;4.7067601e-02;4.7500000e+01;1.2733229e-01;4.7500000e+01;2.1009150e-01;4.7500000e+01;2.6728457e-01;4.7500000e+01;3.0254814e-01;4.7500000e+01;2.9216126e-01;4.7500000e+01;2.3979016e-01;4.7500000e+01;2.2452396e-01;4.7500000e+01;1.9406624e-01;4.7500000e+01;1.4897394e-01;4.7500000e+01;9.8204285e-02;4.7500000e+01;5.5056825e-02;4.7500000e+01;6.1522350e-03;4.7500000e+01;-3.6926314e-02;4.7500000e+01;-7.9781607e-02;4.7500000e+01;-1.2643844e-01;4.7500000e+01;-5.5182628e-02;4.7500000e+01;-1.3632223e-02;4.7500000e+01;4.7067601e-02;4.7500000e+01;1.2733229e-01;4.7500000e+01;2.1009150e-01;4.7500000e+01;2.6728457e-01;4.7500000e+01;3.0254814e-01;4.7500000e+01;2.9216126e-01;4.7500000e+01;2.3979016e-01;4.7500000e+01;2.2452396e-01;4.7500000e+01;1.9406624e-01;4.7500000e+01;1.4897394e-01;4.7500000e+01;9.8204285e-02;4.7500000e+01;5.5056825e-02;4.7500000e+01;6.1522350e-03;4.7500000e+01;-3.6926314e-02;4.7500000e+01;-7.9781607e-02;4.7500000e+01;-1.2643844e-01;4.7500000e+01;-5.5182628e-02;4.7500000e+01;-1.3632223e-02;4.7500000e+01;4.7067601e-02;4.7500000e+01;1.2733229e-01;4.7500000e+01;2.1009150e-01;4.7500000e+01;2.6728457e-01;4.7500000e+01;3.0254814e-01;4.7500000e+01;2.9216126e-01;4.7500000e+01;2.3979016e-01;4.7500000e+01;2.2452396e-01;4.7500000e+01;1.9406624e-01;4.7500000e+01;1.4897394e-01;4.7500000e+01;9.8204285e-02;4.7500000e+01;5.5056825e-02;4.7500000e+01;6.1522350e-03;4.7500000e+01;-3.6926314e-02;4.7500000e+01;-7.9781607e-02;4.7500000e+01;-1.2643844e-01;4.7500000e+01;-5.5182628e-02;4.7500000e+01;-1.3632223e-02;4.7500000e+01;4.7067601e-02;4.7500000e+01;1.2733229e-01;4.7500000e+01;2.1009150e-01;4.7500000e+01;2.6728457e-01;4.7500000e+01;3.0254814e-01;4.7500000e+01;2.9216126e-01;4.7500000e+01;2.3979016e-01;4.7500000e+01;2.2452396e-01;4.7500000e+01;1.9406624e-01;4.7500000e+01;1.4897394e-01;4.7500000e+01;9.8204285e-02;4.7500000e+01;5.5056825e-02;4.7500000e+01;6.1522350e-03;4.7500000e+01;-3.6926314e-02;4.7500000e+01;-7.9781607e-02;4.7500000e+01;-1.2643844e-01;4.7500000e+01;-5.5182628e-02;4.7500000e+01;-1.3632223e-02;4.7500000e+01;4.7067601e-02;4.7500000e+01;1.2733229e-01;4.7500000e+01;2.1009150e-01;4.7500000e+01;2.6728457e-01;4.7500000e+01;3.0254814e-01;4.7500000e+01;2.9216126e-01;4.7500000e+01;2.3979016e-01;4.7500000e+01;2.2452396e-01;4.7500000e+01;1.9406624e-01;4.7500000e+01;1.4897394e-01;4.7500000e+01;9.8204285e-02;4.7500000e+01;5.5056825e-02;4.7500000e+01;6.1522350e-03;4.7500000e+01;-3.6926314e-02;4.7500000e+01;-7.9781607e-02;4.7500000e+01;-1.2643844e-01;4.7500000e+01;-5.5182628e-02;4.7500000e+01;-1.3632223e-02;4.7500000e+01;4.7067601e-02;4.7500000e+01;1.2733229e-01;4.7500000e+01;2.1009150e-01;4.7500000e+01;2.6728457e-01;4.7500000e+01;3.0254814e-01;4.7500000e+01;2.9216126e-01;4.7500000e+01;2.3979016e-01;4.7500000e+01;2.2452396e-01;4.7500000e+01;1.9406624e-01;4.7500000e+01;1.4897394e-01;4.7500000e+01;9.8204285e-02;4.7500000e+01;5.5056825e-02;4.7500000e+01;6.1522350e-03;4.7500000e+01;-3.6926314e-02;4.7500000e+01;-7.9781607e-02;4.7500000e+01;-1.2643844e-01;4.7500000e+01;-5.5182628e-02;4.7500000e+01;-1.3632223e-02;4.7500000e+01;4.7067601e-02;4.7500000e+01;1.2733229e-01;4.7500000e+01;2.1009150e-01;4.7500000e+01;2.6728457e-01;4.7500000e+01;3.0254814e-01;4.7500000e+01;2.9216126e-01;4.7500000e+01;2.3979016e-01;4.7500000e+01;2.2452396e-01;4.7500000e+01;1.9406624e-01;4.7500000e+01;1.4897394e-01;4.7500000e+01;9.8204285e-02;4.7500000e+01;5.5056825e-02;4.7500000e+01;6.1522350e-03;4.7500000e+01;-3.6926314e-02;4.7500000e+01;-7.9781607e-02;4.7500000e+01;-1.2643844e-01;4.7500000e+01;-5.5182628e-02;4.7500000e+01;-1.3632223e-02;4.7500000e+01;4.7067601e-02;4.7500000e+01;1.2733229e-01;4.7500000e+01;2.1009150e-01;4.7500000e+01;2.6728457e-01;4.7500000e+01;3.0254814e-01;4.7500000e+01;2.9216126e-01;4.7500000e+01;2.3979016e-01;4.7500000e+01;2.2452396e-01;4.7500000e+01;1.9406624e-01;4.7500000e+01;1.4897394e-01;4.7500000e+01;9.8204285e-02;4.7500000e+01;5.5056825e-02;4.7500000e+01;6.1522350e-03;4.7500000e+01;-3.6926314e-02;4.7500000e+01;-7.9781607e-02;4.7500000e+01;-1.2643844e-01;4.7500000e+01;-5.5182628e-02;4.7500000e+01;-1.3632223e-02;4.7500000e+01;4.7067601e-02;4.7500000e+01;1.2733229e-01;4.7500000e+01;2.1009150e-01;4.7500000e+01;2.6728457e-01;4.7500000e+01;3.0254814e-01;4.7500000e+01;2.9216126e-01;4.7500000e+01;2.3979016e-01;4.7500000e+01;2.2452396e-01;4.7500000e+01;1.9406624e-01;4.7500000e+01;1.4897394e-01;4.7500000e+01;9.8204285e-02;4.7500000e+01;5.5056825e-02;4.7500000e+01;6.1522350e-03;4.7500000e+01;-3.6926314e-02;4.7500000e+01;-7.9781607e-02;4.7500000e+01;-1.2643844e-01;4.7500000e+01;-5.5182628e-02;4.7500000e+01;-1.3632223e-02;4.7500000e+01;4.7067601e-02;4.7500000e+01;1.2733229e-01;4.7500000e+01;2.1009150e-01;4.7500000e+01;2.6728457e-01;4.7500000e+01;3.0254814e-01;4.7500000e+01;2.9216126e-01;4.7500000e+01;2.3979016e-01;4.7500000e+01;2.2452396e-01;4.7500000e+01;1.9406624e-01;4.7500000e+01;1.4897394e-01;4.7500000e+01;9.8204285e-02;4.7500000e+01;5.5056825e-02;4.7500000e+01;6.1522350e-03;4.7500000e+01;-3.6926314e-02;4.7500000e+01;-7.9781607e-02;4.7500000e+01;-1.2643844e-01;4.7500000e+01;-5.5182628e-02;4.7500000e+01;-1.3632223e-02;4.7500000e+01;4.7067601e-02;4.7500000e+01;1.2733229e-01;4.7500000e+01;2.1009150e-01;4.7500000e+01;2.6728457e-01;4.7500000e+01;3.0254814e-01;4.7500000e+01;2.9216126e-01;4.7500000e+01;2.3979016e-01;4.7500000e+01;2.2452396e-01;4.7500000e+01;1.9406624e-01;4.7500000e+01;1.4897394e-01;4.7500000e+01;9.8204285e-02;4.7500000e+01;5.5056825e-02;4.7500000e+01;6.1522350e-03;4.7500000e+01;-3.6926314e-02;4.7500000e+01;-7.9781607e-02;4.7500000e+01;-1.2643844e-01;4.7500000e+01;-5.5182628e-02;4.7500000e+01;-1.3632223e-02;4.7500000e+01;4.7067601e-02;4.7500000e+01;1.2733229e-01;4.7500000e+01;2.1009150e-01;4.7500000e+01;2.6728457e-01;4.7500000e+01;3.0254814e-01;4.7500000e+01;2.9216126e-01;4.7500000e+01;2.3979016e-01;4.7500000e+01;2.2452396e-01;4.7500000e+01;1.9406624e-01;4.7500000e+01;1.4897394e-01;4.7500000e+01;9.8204285e-02;4.7500000e+01;5.5056825e-02;4.7500000e+01;6.1522350e-03;4.7500000e+01;-3.6926314e-02;4.7500000e+01;-7.9781607e-02;4.7500000e+01;-1.2643844e-01;4.7500000e+01;-5.5182628e-02;4.7500000e+01;-1.3632223e-02;4.7500000e+01;4.7067601e-02;4.7500000e+01;1.2733229e-01;4.7500000e+01;2.1009150e-01;4.7500000e+01;2.6728457e-01;4.7500000e+01;3.0254814e-01;4.7500000e+01;2.9216126e-01;4.7500000e+01;2.3979016e-01;4.7500000e+01;2.2452396e-01;4.7500000e+01;1.9406624e-01;4.7500000e+01;1.4897394e-01;4.7500000e+01;9.8204285e-02;4.7500000e+01;5.5056825e-02;4.7500000e+01;6.1522350e-03;4.7500000e+01;-3.6926314e-02;4.7500000e+01;-7.9781607e-02;4.7500000e+01;-1.2643844e-01;4.7500000e+01;-5.5182628e-02;4.7500000e+01;-1.3632223e-02;4.7500000e+01;4.7067601e-02;4.7500000e+01;1.2733229e-01;4.7500000e+01;2.1009150e-01;4.7500000e+01;2.6728457e-01;4.7500000e+01;3.0254814e-01;4.7500000e+01;2.9216126e-01;4.7500000e+01;2.3979016e-01;4.7500000e+01;2.2452396e-01;4.7500000e+01;1.9406624e-01;4.7500000e+01;1.4897394e-01;4.7500000e+01;9.8204285e-02;4.7500000e+01;5.5056825e-02;4.7500000e+01;6.1522350e-03;4.7500000e+01;-3.6926314e-02;4.7500000e+01;-7.9781607e-02;4.7500000e+01;-1.2643844e-01;4.7500000e+01;-5.5182628e-02;4.7500000e+01;-1.3632223e-02;4.7500000e+01;4.7067601e-02;4.7500000e+01;1.2733229e-01;4.7500000e+01;2.1009150e-01;4.7500000e+01;2.6728457e-01;4.7500000e+01;3.0254814e-01;4.7500000e+01;2.9216126e-01;4.7500000e+01;2.3979016e-01;4.7500000e+01;2.2452396e-01;4.7500000e+01;1.9406624e-01;4.7500000e+01;1.4897394e-01;4.7500000e+01;9.8204285e-02;4.7500000e+01;5.5056825e-02;4.7500000e+01;6.1522350e-03;4.7500000e+01;-3.6926314e-02;4.7500000e+01;-7.9781607e-02;4.7500000e+01;-1.2643844e-01;4.7500000e+01;-5.5182628e-02;4.7500000e+01;-1.3632223e-02;4.7500000e+01;4.7067601e-02;4.7500000e+01;1.2733229e-01;4.7500000e+01;2.1009150e-01;4.7500000e+01;2.6728457e-01;4.7500000e+01;3.0254814e-01;4.7500000e+01;2.9216126e-01;4.7500000e+01;2.3979016e-01;4.7500000e+01;2.2452396e-01;4.7500000e+01;1.9406624e-01;4.7500000e+01;1.4897394e-01;4.7500000e+01;9.8204285e-02;4.7500000e+01;5.5056825e-02;4.7500000e+01;6.1522350e-03;4.7500000e+01;-3.6926314e-02;4.7500000e+01;-7.9781607e-02;4.7500000e+01;-1.2643844e-01;4.7500000e+01;-5.5182628e-02;4.7500000e+01;-1.3632223e-02;4.7500000e+01;4.7067601e-02;4.7500000e+01;1.2733229e-01;4.7500000e+01;2.1009150e-01;4.7500000e+01;2.6728457e-01;4.7500000e+01;3.0254814e-01;4.7500000e+01;2.9216126e-01;4.7500000e+01;2.3979016e-01;4.7500000e+01;2.2452396e-01;4.7500000e+01;1.9406624e-01;4.7500000e+01;1.4897394e-01;4.7500000e+01;9.8204285e-02;4.7500000e+01;5.5056825e-02;4.7500000e+01;6.1522350e-03;4.7500000e+01;-3.6926314e-02;4.7500000e+01;-7.9781607e-02;4.7500000e+01;-1.2643844e-01;4.7500000e+01;-5.5182628e-02;4.7500000e+01;-1.3632223e-02;4.7500000e+01;4.7067601e-02;4.7500000e+01;1.2733229e-01;4.7500000e+01;2.1009150e-01;4.7500000e+01;2.6728457e-01;4.7500000e+01;3.0254814e-01;4.7500000e+01;2.9216126e-01;4.7500000e+01;2.3979016e-01;4.7500000e+01;2.2452396e-01;4.7500000e+01;1.9406624e-01;4.7500000e+01;1.4897394e-01;4.7500000e+01;9.8204285e-02;4.7500000e+01;5.5056825e-02;4.7500000e+01;6.1522350e-03;4.7500000e+01;-3.6926314e-02;4.7500000e+01;-7.9781607e-02;4.7500000e+01;-1.2643844e-01;4.7500000e+01;-5.5182628e-02;4.7500000e+01;-1.3632223e-02;4.7500000e+01;4.7067601e-02;4.7500000e+01;1.2733229e-01;4.7500000e+01;2.1009150e-01;4.7500000e+01;2.6728457e-01;4.7500000e+01;3.0254814e-01;4.7500000e+01;2.9216126e-01;4.7500000e+01;2.3979016e-01;4.7500000e+01;2.2452396e-01;4.7500000e+01;1.9406624e-01;4.7500000e+01;1.4897394e-01;4.7500000e+01;9.8204285e-02;4.7500000e+01;5.5056825e-02;4.7500000e+01;6.1522350e-03;4.7500000e+01;-3.6926314e-02;4.7500000e+01;-7.9781607e-02;4.7500000e+01;-1.2643844e-01;4.7500000e+01;-5.5182628e-02;4.7500000e+01;-1.3632223e-02;4.7500000e+01;4.7067601e-02;4.7500000e+01;1.2733229e-01;4.7500000e+01;2.1009150e-01;4.7500000e+01;2.6728457e-01;4.7500000e+01;3.0254814e-01;4.7500000e+01;2.9216126e-01;4.7500000e+01;2.3979016e-01;4.7500000e+01;2.2452396e-01;4.7500000e+01;1.9406624e-01;4.7500000e+01;1.4897394e-01;4.7500000e+01;9.8204285e-02;4.7500000e+01;5.5056825e-02;4.7500000e+01;6.1522350e-03;4.7500000e+01;-3.6926314e-02;4.7500000e+01;-7.9781607e-02;4.7500000e+01;-1.2643844e-01;4.7500000e+01;-5.5182628e-02;4.7500000e+01;-1.3632223e-02;4.7500000e+01;4.7067601e-02;4.7500000e+01;1.2733229e-01;4.7500000e+01;2.1009150e-01;4.7500000e+01;2.6728457e-01;4.7500000e+01;3.0254814e-01;4.7500000e+01;2.9216126e-01;4.7500000e+01;2.3979016e-01;4.7500000e+01;2.2452396e-01;4.7500000e+01;1.9406624e-01;4.7500000e+01;1.4897394e-01;4.7500000e+01;9.8204285e-02;4.7500000e+01;5.5056825e-02;4.7500000e+01;6.1522350e-03;4.7500000e+01;-3.6926314e-02;4.7500000e+01;-7.9781607e-02;4.7500000e+01;-1.2643844e-01;4.7500000e+01;-5.5182628e-02;4.7500000e+01;-1.3632223e-02;4.7500000e+01;4.7067601e-02;4.7500000e+01;1.2733229e-01;4.7500000e+01;2.1009150e-01;4.7500000e+01;2.6728457e-01;4.7500000e+01;3.0254814e-01;4.7500000e+01;2.9216126e-01;4.7500000e+01;2.3979016e-01;4.7500000e+01;2.2452396e-01;4.7500000e+01;1.9406624e-01;4.7500000e+01;1.4897394e-01;4.7500000e+01;9.8204285e-02;4.7500000e+01;5.5056825e-02;4.7500000e+01;6.1522350e-03;4.7500000e+01;-3.6926314e-02;4.7500000e+01;-7.9781607e-02;4.7500000e+01;-1.2643844e-01;4.7500000e+01;-5.5182628e-02;4.7500000e+01;-1.3632223e-02;4.7500000e+01;4.7067601e-02;4.7500000e+01;1.2733229e-01;4.7500000e+01;2.1009150e-01;4.7500000e+01;2.6728457e-01;4.7500000e+01;3.0254814e-01;4.7500000e+01;2.9216126e-01;4.7500000e+01;2.3979016e-01;4.7500000e+01;2.2452396e-01;4.7500000e+01;1.9406624e-01;4.7500000e+01;1.4897394e-01;4.7500000e+01;9.8204285e-02;4.7500000e+01;5.5056825e-02;4.7500000e+01;6.1522350e-03;4.7500000e+01;-3.6926314e-02;4.7500000e+01;-7.9781607e-02;4.7500000e+01;-1.2643844e-01;4.7500000e+01;-5.5182628e-02;4.7500000e+01;-1.3632223e-02;4.7500000e+01;4.7067601e-02;4.7500000e+01;1.2733229e-01;4.7500000e+01;2.1009150e-01;4.7500000e+01;2.6728457e-01;4.7500000e+01;3.0254814e-01;4.7500000e+01;2.9216126e-01;4.7500000e+01;2.3979016e-01;4.7500000e+01;2.2452396e-01;4.7500000e+01;1.9406624e-01;4.7500000e+01;1.4897394e-01;4.7500000e+01;9.8204285e-02;4.7500000e+01;5.5056825e-02;4.7500000e+01;6.1522350e-03;4.7500000e+01;-3.6926314e-02;4.7500000e+01;-7.9781607e-02;4.7500000e+01;-1.2643844e-01;4.7500000e+01;-5.5182628e-02;4.7500000e+01;-1.3632223e-02;4.7500000e+01;4.7067601e-02;4.7500000e+01;1.2733229e-01;4.7500000e+01;2.1009150e-01;4.7500000e+01;2.6728457e-01;4.7500000e+01;3.0254814e-01;4.7500000e+01;2.9216126e-01;4.7500000e+01;2.3979016e-01;4.7500000e+01;2.2452396e-01;4.7500000e+01;1.9406624e-01;4.7500000e+01;1.4897394e-01;4.7500000e+01;9.8204285e-02;4.7500000e+01;5.5056825e-02;4.7500000e+01;6.1522350e-03;4.7500000e+01;-3.6926314e-02;4.7500000e+01;-7.9781607e-02;4.7500000e+01;-1.2643844e-01;4.7500000e+01;-5.5182628e-02;4.7500000e+01;-1.3632223e-02;4.7500000e+01;4.7067601e-02;4.7500000e+01;1.2733229e-01;4.7500000e+01;2.1009150e-01;4.7500000e+01;2.6728457e-01;4.7500000e+01;3.0254814e-01;4.7500000e+01;2.9216126e-01;4.7500000e+01;2.3979016e-01;4.7500000e+01;2.2452396e-01;4.7500000e+01;1.9406624e-01;4.7500000e+01;1.4897394e-01;4.7500000e+01;9.8204285e-02;4.7500000e+01;5.5056825e-02;4.7500000e+01;6.1522350e-03;4.7500000e+01;-3.6926314e-02;4.7500000e+01;-7.9781607e-02;4.7500000e+01;-1.2643844e-01;4.7500000e+01;-5.5182628e-02;4.7500000e+01;-1.3632223e-02;4.7500000e+01;4.7067601e-02;4.7500000e+01;1.2733229e-01;4.7500000e+01;2.1009150e-01;4.7500000e+01;2.6728457e-01;4.7500000e+01;3.0254814e-01;4.7500000e+01;2.9216126e-01;4.7500000e+01;2.3979016e-01;4.7500000e+01;2.2452396e-01;4.7500000e+01;1.9406624e-01;4.7500000e+01;1.4897394e-01;4.7500000e+01;9.8204285e-02;4.7500000e+01;5.5056825e-02;4.7500000e+01;6.1522350e-03;4.7500000e+01;-3.6926314e-02;4.7500000e+01;-7.9781607e-02;4.7500000e+01;-1.2643844e-01;4.7500000e+01;-5.5182628e-02;4.7500000e+01;-1.3632223e-02;4.7500000e+01;4.7067601e-02;4.7500000e+01;1.2733229e-01;4.7500000e+01;2.1009150e-01;4.7500000e+01;2.6728457e-01;4.7500000e+01;3.0254814e-01;4.7500000e+01;2.9216126e-01;4.7500000e+01;2.3979016e-01;4.7500000e+01;2.2452396e-01;4.7500000e+01;1.9406624e-01;4.7500000e+01;1.4897394e-01;4.7500000e+01;9.8204285e-02;4.7500000e+01;5.5056825e-02;4.7500000e+01;6.1522350e-03;4.7500000e+01;-3.6926314e-02;4.7500000e+01;-7.9781607e-02;4.7500000e+01;-1.2643844e-01;4.7500000e+01;-5.5182628e-02;4.7500000e+01;-1.3632223e-02;4.7500000e+01;4.7067601e-02;4.7500000e+01;1.2733229e-01;4.7500000e+01;2.1009150e-01;4.7500000e+01;2.6728457e-01;4.7500000e+01;3.0254814e-01;4.7500000e+01;2.9216126e-01;4.7500000e+01;2.3979016e-01;4.7500000e+01;2.2452396e-01;4.7500000e+01;1.9406624e-01;4.7500000e+01;1.4897394e-01;4.7500000e+01;9.8204285e-02;4.7500000e+01;5.5056825e-02;4.7500000e+01;6.1522350e-03;4.7500000e+01;-3.6926314e-02;4.7500000e+01;-7.9781607e-02;4.7500000e+01;-1.2643844e-01;4.7500000e+01;-5.5182628e-02;4.7500000e+01;-1.3632223e-02;4.7500000e+01;4.7067601e-02;4.7500000e+01;1.2733229e-01;4.7500000e+01;2.1009150e-01;4.7500000e+01;2.6728457e-01;4.7500000e+01;3.0254814e-01;4.7500000e+01;2.9216126e-01;4.7500000e+01;2.3979016e-01;4.7500000e+01;2.2452396e-01;4.7500000e+01;1.9406624e-01;4.7500000e+01;1.4897394e-01;4.7500000e+01;9.8204285e-02;4.7500000e+01;5.5056825e-02;4.7500000e+01;6.1522350e-03;4.7500000e+01;-3.6926314e-02;4.7500000e+01;-7.9781607e-02;4.7500000e+01;-1.2643844e-01;4.7500000e+01;-5.5182628e-02;4.7500000e+01;-1.3632223e-02;4.7500000e+01;4.7067601e-02;4.7500000e+01;1.2733229e-01;4.7500000e+01;2.1009150e-01;4.7500000e+01;2.6728457e-01;4.7500000e+01;3.0254814e-01;4.7500000e+01;2.9216126e-01;4.7500000e+01;2.3979016e-01;4.7500000e+01;2.2452396e-01;4.7500000e+01;1.9406624e-01;4.7500000e+01;1.4897394e-01;4.7500000e+01;9.8204285e-02;4.7500000e+01;5.5056825e-02;4.7500000e+01;6.1522350e-03;4.7500000e+01;-3.6926314e-02;4.7500000e+01;-7.9781607e-02;4.7500000e+01;-1.2643844e-01;4.7500000e+01;-5.5182628e-02;4.7500000e+01;-1.3632223e-02;4.7500000e+01;4.7067601e-02;4.7500000e+01;1.2733229e-01;4.7500000e+01;2.1009150e-01;4.7500000e+01;2.6728457e-01;4.7500000e+01;3.0254814e-01;4.7500000e+01;2.9216126e-01;4.7500000e+01;2.3979016e-01;4.7500000e+01;2.2452396e-01;4.7500000e+01;1.9406624e-01;4.7500000e+01;1.4897394e-01;4.7500000e+01;9.8204285e-02;4.7500000e+01;5.5056825e-02;4.7500000e+01;6.1522350e-03;4.7500000e+01;-3.6926314e-02;4.7500000e+01;-7.9781607e-02;4.7500000e+01;-1.2643844e-01;4.7500000e+01;-5.5182628e-02;4.7500000e+01;-1.3632223e-02;4.7500000e+01;4.7067601e-02;4.7500000e+01;1.2733229e-01;4.7500000e+01;2.1009150e-01;4.7500000e+01;2.6728457e-01;4.7500000e+01;3.0254814e-01;4.7500000e+01;2.9216126e-01;4.7500000e+01;2.3979016e-01;4.7500000e+01;2.2452396e-01;4.7500000e+01;1.9406624e-01;4.7500000e+01;1.4897394e-01;4.7500000e+01;9.8204285e-02;4.7500000e+01;5.5056825e-02;4.7500000e+01;6.1522350e-03;4.7500000e+01;-3.6926314e-02;4.7500000e+01;-7.9781607e-02;4.7500000e+01;-1.2643844e-01;4.7500000e+01;-5.5182628e-02;4.7500000e+01;-1.3632223e-02;4.7500000e+01;4.7067601e-02;4.7500000e+01;1.2733229e-01;4.7500000e+01;2.1009150e-01;4.7500000e+01;2.6728457e-01;4.7500000e+01;3.0254814e-01;4.7500000e+01;2.9216126e-01;4.7500000e+01;2.3979016e-01;4.7500000e+01;2.2452396e-01;4.7500000e+01;1.9406624e-01;4.7500000e+01;1.4897394e-01;4.7500000e+01;9.8204285e-02;4.7500000e+01;5.5056825e-02;4.7500000e+01;6.1522350e-03;4.7500000e+01;-3.6926314e-02;4.7500000e+01;-7.9781607e-02;4.7500000e+01;-1.2643844e-01;4.7500000e+01;-5.5182628e-02;4.7500000e+01;-1.3632223e-02;4.7500000e+01;4.7067601e-02;4.7500000e+01;1.2733229e-01;4.7500000e+01;2.1009150e-01;4.7500000e+01;2.6728457e-01;4.7500000e+01;3.0254814e-01;4.7500000e+01;2.9216126e-01;4.7500000e+01;2.3979016e-01;4.7500000e+01;2.2452396e-01;4.7500000e+01;1.9406624e-01;4.7500000e+01;1.4897394e-01;4.7500000e+01;9.8204285e-02;4.7500000e+01;5.5056825e-02;4.7500000e+01;6.1522350e-03;4.7500000e+01;-3.6926314e-02;4.7500000e+01;-7.9781607e-02;4.7500000e+01;-1.2643844e-01;4.7500000e+01;-5.5182628e-02;4.7500000e+01;-1.3632223e-02;4.7500000e+01;4.7067601e-02;4.7500000e+01;1.2733229e-01;4.7500000e+01;2.1009150e-01;4.7500000e+01;2.6728457e-01;4.7500000e+01;3.0254814e-01;4.7500000e+01;2.9216126e-01;4.7500000e+01;2.3979016e-01;4.7500000e+01;2.2452396e-01;4.7500000e+01;1.9406624e-01;4.7500000e+01;1.4897394e-01;4.7500000e+01;9.8204285e-02;4.7500000e+01;5.5056825e-02;4.7500000e+01;6.1522350e-03;4.7500000e+01;-3.6926314e-02;4.7500000e+01;-7.9781607e-02;4.7500000e+01;-1.2643844e-01;4.7500000e+01;-5.5182628e-02;4.7500000e+01;-1.3632223e-02;4.7500000e+01;4.7067601e-02;4.7500000e+01;1.2733229e-01;4.7500000e+01;2.1009150e-01;4.7500000e+01;2.6728457e-01;4.7500000e+01;3.0254814e-01;4.7500000e+01;2.9216126e-01;4.7500000e+01;2.3979016e-01;4.7500000e+01;2.2452396e-01;4.7500000e+01;1.9406624e-01;4.7500000e+01;1.4897394e-01;4.7500000e+01;9.8204285e-02;4.7500000e+01;5.5056825e-02;4.7500000e+01;6.1522350e-03;4.7500000e+01;-3.6926314e-02;4.7500000e+01;-7.9781607e-02;4.7500000e+01;-1.2643844e-01;4.7500000e+01;-5.5182628e-02;4.7500000e+01;-1.3632223e-02;4.7500000e+01;4.7067601e-02;4.7500000e+01;1.2733229e-01;4.7500000e+01;2.1009150e-01;4.7500000e+01;2.6728457e-01;4.7500000e+01;3.0254814e-01;4.7500000e+01;2.9216126e-01;4.7500000e+01;2.3979016e-01;4.7500000e+01;2.2452396e-01;4.7500000e+01;1.9406624e-01;4.7500000e+01;1.4897394e-01;4.7500000e+01;9.8204285e-02;4.7500000e+01;5.5056825e-02;4.7500000e+01;6.1522350e-03;4.7500000e+01;-3.6926314e-02;4.7500000e+01;-7.9781607e-02;4.7500000e+01;-1.2643844e-01;4.7500000e+01;-5.5182628e-02;4.7500000e+01;-1.3632223e-02;4.7500000e+01;4.7067601e-02;4.7500000e+01;1.2733229e-01;4.7500000e+01;2.1009150e-01;4.7500000e+01;2.6728457e-01;4.7500000e+01;3.0254814e-01;4.7500000e+01;2.9216126e-01;4.7500000e+01;2.3979016e-01;4.7500000e+01;2.2452396e-01;4.7500000e+01;1.9406624e-01;4.7500000e+01;1.4897394e-01;4.7500000e+01;9.8204285e-02;4.7500000e+01;5.5056825e-02;4.7500000e+01;6.1522350e-03;4.7500000e+01;-3.6926314e-02;4.7500000e+01;-7.9781607e-02;4.7500000e+01;-1.2643844e-01;4.7500000e+01;-5.5182628e-02;4.7500000e+01;-1.3632223e-02;4.7500000e+01;4.7067601e-02;4.7500000e+01;1.2733229e-01;4.7500000e+01;2.1009150e-01;4.7500000e+01;2.6728457e-01;4.7500000e+01;3.0254814e-01;4.7500000e+01;2.9216126e-01;4.7500000e+01;2.3979016e-01;4.7500000e+01;2.2452396e-01;4.7500000e+01;1.9406624e-01;4.7500000e+01;1.4897394e-01;4.7500000e+01;9.8204285e-02;4.7500000e+01;5.5056825e-02;4.7500000e+01;6.1522350e-03;4.7500000e+01;-3.6926314e-02;4.7500000e+01;-7.9781607e-02;4.7500000e+01;-1.2643844e-01;4.7500000e+01;-5.5182628e-02;4.7500000e+01;-1.3632223e-02;4.7500000e+01;4.7067601e-02;4.7500000e+01;1.2733229e-01;4.7500000e+01;2.1009150e-01;4.7500000e+01;2.6728457e-01;4.7500000e+01;3.0254814e-01;4.7500000e+01;2.9216126e-01;4.7500000e+01;2.3979016e-01;4.7500000e+01;2.2452396e-01;4.7500000e+01;1.9406624e-01;4.7500000e+01;1.4897394e-01;4.7500000e+01;9.8204285e-02;4.7500000e+01;5.5056825e-02;4.7500000e+01;6.1522350e-03;4.7500000e+01;-3.6926314e-02;4.7500000e+01;-7.9781607e-02;4.7500000e+01;-1.2643844e-01;4.7500000e+01;-5.5182628e-02;4.7500000e+01;-1.3632223e-02;4.7500000e+01;4.7067601e-02;4.7500000e+01;1.2733229e-01;4.7500000e+01;2.1009150e-01;4.7500000e+01;2.6728457e-01;4.7500000e+01;3.0254814e-01;4.7500000e+01;2.9216126e-01;4.7500000e+01;2.3979016e-01;4.7500000e+01;2.2452396e-01;4.7500000e+01;1.9406624e-01;4.7500000e+01;1.4897394e-01;4.7500000e+01;9.8204285e-02;4.7500000e+01;5.5056825e-02;4.7500000e+01;6.1522350e-03;4.7500000e+01;-3.6926314e-02;4.7500000e+01;-7.9781607e-02;4.7500000e+01;-1.2643844e-01;4.7500000e+01;-5.5182628e-02;4.7500000e+01;-1.3632223e-02;4.7500000e+01;4.7067601e-02;4.7500000e+01;1.2733229e-01;4.7500000e+01;2.1009150e-01;4.7500000e+01;2.6728457e-01;4.7500000e+01;3.0254814e-01;4.7500000e+01;2.9216126e-01;4.7500000e+01;2.3979016e-01;4.7500000e+01;2.2452396e-01;4.7500000e+01;1.9406624e-01;4.7500000e+01;1.4897394e-01;4.7500000e+01;9.8204285e-02;4.7500000e+01;5.5056825e-02;4.7500000e+01;6.1522350e-03;4.7500000e+01;-3.6926314e-02;4.7500000e+01;-7.9781607e-02;4.7500000e+01;-1.2643844e-01;4.7500000e+01;-5.5182628e-02;4.7500000e+01;-1.3632223e-02;4.7500000e+01;4.7067601e-02;4.7500000e+01;1.2733229e-01;4.7500000e+01;2.1009150e-01;4.7500000e+01;2.6728457e-01;4.7500000e+01;3.0254814e-01;4.7500000e+01;2.9216126e-01;4.7500000e+01;2.3979016e-01;4.7500000e+01;2.2452396e-01;4.7500000e+01;1.9406624e-01;4.7500000e+01;1.4897394e-01;4.7500000e+01;9.8204285e-02;4.7500000e+01;5.5056825e-02;4.7500000e+01;6.1522350e-03;4.7500000e+01;-3.6926314e-02;4.7500000e+01;-7.9781607e-02;4.7500000e+01;-1.2643844e-01;4.7500000e+01;-5.5182628e-02;4.7500000e+01;-1.3632223e-02;4.7500000e+01;4.7067601e-02;4.7500000e+01;1.2733229e-01;4.7500000e+01;2.1009150e-01;4.7500000e+01;2.6728457e-01;4.7500000e+01;3.0254814e-01;4.7500000e+01;2.9216126e-01;4.7500000e+01;2.3979016e-01;4.7500000e+01;2.2452396e-01;4.7500000e+01;1.9406624e-01;4.7500000e+01;1.4897394e-01;4.7500000e+01;9.8204285e-02;4.7500000e+01;5.5056825e-02;4.7500000e+01;6.1522350e-03;4.7500000e+01;-3.6926314e-02;4.7500000e+01;-7.9781607e-02;4.7500000e+01;-1.2643844e-01;4.7500000e+01;-5.5182628e-02;4.7500000e+01;-1.3632223e-02;4.7500000e+01;4.7067601e-02;4.7500000e+01;1.2733229e-01;4.7500000e+01;2.1009150e-01;4.7500000e+01;2.6728457e-01;4.7500000e+01;3.0254814e-01;4.7500000e+01;2.9216126e-01;4.7500000e+01;2.3979016e-01;4.7500000e+01;2.2452396e-01;4.7500000e+01;1.9406624e-01;4.7500000e+01;1.4897394e-01;4.7500000e+01;9.8204285e-02;4.7500000e+01;5.5056825e-02;4.7500000e+01;6.1522350e-03;4.7500000e+01;-3.6926314e-02;4.7500000e+01;-7.9781607e-02;4.7500000e+01;-1.2643844e-01;4.7500000e+01;-5.5182628e-02;4.7500000e+01;-1.3632223e-02;4.7500000e+01;4.7067601e-02;4.7500000e+01;1.2733229e-01;4.7500000e+01;2.1009150e-01;4.7500000e+01;2.6728457e-01;4.7500000e+01;3.0254814e-01;4.7500000e+01;2.9216126e-01;4.7500000e+01;2.3979016e-01;4.7500000e+01;2.2452396e-01;4.7500000e+01;1.9406624e-01;4.7500000e+01;1.4897394e-01;4.7500000e+01;9.8204285e-02;4.7500000e+01;5.5056825e-02;4.7500000e+01;6.1522350e-03;4.7500000e+01;-3.6926314e-02;4.7500000e+01;-7.9781607e-02;4.7500000e+01;-1.2643844e-01;4.7500000e+01;-5.5182628e-02;4.7500000e+01;-1.3632223e-02;4.7500000e+01;4.7067601e-02;4.7500000e+01;1.2733229e-01;4.7500000e+01;2.1009150e-01;4.7500000e+01;2.6728457e-01;4.7500000e+01;3.0254814e-01;4.7500000e+01;2.9216126e-01;4.7500000e+01;2.3979016e-01;4.7500000e+01;2.2452396e-01;4.7500000e+01;1.9406624e-01;4.7500000e+01;1.4897394e-01;4.7500000e+01;9.8204285e-02;4.7500000e+01;5.5056825e-02;4.7500000e+01;6.1522350e-03;4.7500000e+01;-3.6926314e-02;4.7500000e+01;-7.9781607e-02;4.7500000e+01;-1.2643844e-01;4.7500000e+01;-5.5182628e-02;4.7500000e+01;-1.3632223e-02;4.7500000e+01;4.7067601e-02;4.7500000e+01;1.2733229e-01;4.7500000e+01;2.1009150e-01;4.7500000e+01;2.6728457e-01;4.7500000e+01;3.0254814e-01;4.7500000e+01;2.9216126e-01;4.7500000e+01;2.3979016e-01;4.7500000e+01;2.2452396e-01;4.7500000e+01;1.9406624e-01;4.7500000e+01;1.4897394e-01;4.7500000e+01;9.8204285e-02;4.7500000e+01;5.5056825e-02;4.7500000e+01;6.1522350e-03;4.7500000e+01;-3.6926314e-02;4.7500000e+01;-7.9781607e-02;4.7500000e+01;-1.2643844e-01;4.7500000e+01;-5.5182628e-02;4.7500000e+01;-1.3632223e-02;4.7500000e+01;4.7067601e-02;4.7500000e+01;1.2733229e-01;4.7500000e+01;2.1009150e-01;4.7500000e+01;2.6728457e-01;4.7500000e+01;3.0254814e-01;4.7500000e+01;2.9216126e-01;4.7500000e+01;2.3979016e-01;4.7500000e+01;2.2452396e-01;4.7500000e+01;1.9406624e-01;4.7500000e+01;1.4897394e-01;4.7500000e+01;9.8204285e-02;4.7500000e+01;5.5056825e-02;4.7500000e+01;6.1522350e-03;4.7500000e+01;-3.6926314e-02;4.7500000e+01;-7.9781607e-02;4.7500000e+01;-1.2643844e-01;4.7500000e+01;-5.5182628e-02;4.7500000e+01;-1.3632223e-02;4.7500000e+01;4.7067601e-02;4.7500000e+01;1.2733229e-01;4.7500000e+01;2.1009150e-01;4.7500000e+01;2.6728457e-01;4.7500000e+01;3.0254814e-01;4.7500000e+01;2.9216126e-01;4.7500000e+01;2.3979016e-01;4.7500000e+01;2.2452396e-01;4.7500000e+01;1.9406624e-01;4.7500000e+01;1.4897394e-01;4.7500000e+01;9.8204285e-02;4.7500000e+01;5.5056825e-02;4.7500000e+01;6.1522350e-03;4.7500000e+01;-3.6926314e-02;4.7500000e+01;-7.9781607e-02;4.7500000e+01;-1.2643844e-01;4.7500000e+01;-5.5182628e-02;4.7500000e+01;-1.3632223e-02;4.7500000e+01;4.7067601e-02;4.7500000e+01;1.2733229e-01;4.7500000e+01;2.1009150e-01;4.7500000e+01;2.6728457e-01;4.7500000e+01;3.0254814e-01;4.7500000e+01;2.9216126e-01;4.7500000e+01;2.3979016e-01;4.7500000e+01;2.2452396e-01;4.7500000e+01;1.9406624e-01;4.7500000e+01;1.4897394e-01;4.7500000e+01;9.8204285e-02;4.7500000e+01;5.5056825e-02;4.7500000e+01;6.1522350e-03;4.7500000e+01;-3.6926314e-02;4.7500000e+01;-7.9781607e-02;4.7500000e+01;-1.2643844e-01;4.7500000e+01;-5.5182628e-02;4.7500000e+01;-1.3632223e-02;4.7500000e+01;4.7067601e-02;4.7500000e+01;1.2733229e-01;4.7500000e+01;2.1009150e-01;4.7500000e+01;2.6728457e-01;4.7500000e+01;3.0254814e-01;4.7500000e+01;2.9216126e-01;4.7500000e+01;2.3979016e-01;4.7500000e+01;2.2452396e-01;4.7500000e+01;1.9406624e-01;4.7500000e+01;1.4897394e-01;4.7500000e+01;9.8204285e-02;4.7500000e+01;5.5056825e-02;4.7500000e+01;6.1522350e-03;4.7500000e+01;-3.6926314e-02;4.7500000e+01;-7.9781607e-02;4.7500000e+01;-1.2643844e-01;4.7500000e+01;-5.5182628e-02;4.7500000e+01;-1.3632223e-02;4.7500000e+01;4.7067601e-02;4.7500000e+01;1.2733229e-01;4.7500000e+01;2.1009150e-01;4.7500000e+01;2.6728457e-01;4.7500000e+01;3.0254814e-01;4.7500000e+01;2.9216126e-01;4.7500000e+01;2.3979016e-01;4.7500000e+01;2.2452396e-01;4.7500000e+01;1.9406624e-01;4.7500000e+01;1.4897394e-01;4.7500000e+01;9.8204285e-02;4.7500000e+01;5.5056825e-02;4.7500000e+01;6.1522350e-03;4.7500000e+01;-3.6926314e-02;4.7500000e+01;-7.9781607e-02;4.7500000e+01;-1.2643844e-01;4.7500000e+01;-5.5182628e-02;4.7500000e+01;-1.3632223e-02;4.7500000e+01;4.7067601e-02;4.7500000e+01;1.2733229e-01;4.7500000e+01;2.1009150e-01;4.7500000e+01;2.6728457e-01;4.7500000e+01;3.0254814e-01;4.7500000e+01;2.9216126e-01;4.7500000e+01;2.3979016e-01;4.7500000e+01;2.2452396e-01;4.7500000e+01;1.9406624e-01;4.7500000e+01;1.4897394e-01;4.7500000e+01;9.8204285e-02;4.7500000e+01;5.5056825e-02;4.7500000e+01;6.1522350e-03;4.7500000e+01;-3.6926314e-02;4.7500000e+01;-7.9781607e-02;4.7500000e+01;-1.2643844e-01;4.7500000e+01;-5.5182628e-02;4.7500000e+01;-1.3632223e-02;4.7500000e+01;4.7067601e-02;4.7500000e+01;1.2733229e-01;4.7500000e+01;2.1009150e-01;4.7500000e+01;2.6728457e-01;4.7500000e+01;3.0254814e-01;4.7500000e+01;2.9216126e-01;4.7500000e+01;2.3979016e-01;4.7500000e+01;2.2452396e-01;4.7500000e+01;1.9406624e-01;4.7500000e+01;1.4897394e-01;4.7500000e+01;9.8204285e-02;4.7500000e+01;5.5056825e-02;4.7500000e+01;6.1522350e-03;4.7500000e+01;-3.6926314e-02;4.7500000e+01;-7.9781607e-02;4.7500000e+01;-1.2643844e-01;4.7500000e+01;-5.5182628e-02;4.7500000e+01;-1.3632223e-02;4.7500000e+01;4.7067601e-02;4.7500000e+01;1.2733229e-01;4.7500000e+01;2.1009150e-01;4.7500000e+01;2.6728457e-01;4.7500000e+01;3.0254814e-01;4.7500000e+01;2.9216126e-01;4.7500000e+01;2.3979016e-01;4.7500000e+01;2.2452396e-01;4.7500000e+01;1.9406624e-01;4.7500000e+01;1.4897394e-01;4.7500000e+01;9.8204285e-02;4.7500000e+01;5.5056825e-02;4.7500000e+01;6.1522350e-03;4.7500000e+01;-3.6926314e-02;4.7500000e+01;-7.9781607e-02;4.7500000e+01;-1.2643844e-01;4.7500000e+01;-5.5182628e-02;4.7500000e+01;-1.3632223e-02;4.7500000e+01;4.7067601e-02;4.7500000e+01;1.2733229e-01;4.7500000e+01;2.1009150e-01;4.7500000e+01;2.6728457e-01;4.7500000e+01;3.0254814e-01;4.7500000e+01;2.9216126e-01;4.7500000e+01;2.3979016e-01;4.7500000e+01;2.2452396e-01;4.7500000e+01;1.9406624e-01;4.7500000e+01;1.4897394e-01;4.7500000e+01;9.8204285e-02;4.7500000e+01;5.5056825e-02;4.7500000e+01;6.1522350e-03;4.7500000e+01;-3.6926314e-02;4.7500000e+01;-7.9781607e-02;4.7500000e+01;-1.2643844e-01;4.7500000e+01;-5.5182628e-02;4.7500000e+01;-1.3632223e-02;4.7500000e+01;4.7067601e-02;4.7500000e+01;1.2733229e-01;4.7500000e+01;2.1009150e-01;4.7500000e+01;2.6728457e-01;4.7500000e+01;3.0254814e-01;4.7500000e+01;2.9216126e-01;4.7500000e+01;2.3979016e-01;4.7500000e+01;2.2452396e-01;4.7500000e+01;1.9406624e-01;4.7500000e+01;1.4897394e-01;4.7500000e+01;9.8204285e-02;4.7500000e+01;5.5056825e-02;4.7500000e+01;6.1522350e-03;4.7500000e+01;-3.6926314e-02;4.7500000e+01;-7.9781607e-02;4.7500000e+01;-1.2643844e-01;4.7500000e+01;-5.5182628e-02;4.7500000e+01;-1.3632223e-02;4.7500000e+01;4.7067601e-02;4.7500000e+01;1.2733229e-01;4.7500000e+01;2.1009150e-01;4.7500000e+01;2.6728457e-01;4.7500000e+01;3.0254814e-01;4.7500000e+01;2.9216126e-01;4.7500000e+01;2.3979016e-01;4.7500000e+01;2.2452396e-01;4.7500000e+01;1.9406624e-01;4.7500000e+01;1.4897394e-01;4.7500000e+01;9.8204285e-02;4.7500000e+01;5.5056825e-02;4.7500000e+01;6.1522350e-03;4.7500000e+01;-3.6926314e-02;4.7500000e+01;-7.9781607e-02;4.7500000e+01;-1.2643844e-01;4.7500000e+01;-5.5182628e-02;4.7500000e+01;-1.3632223e-02;4.7500000e+01;4.7067601e-02;4.7500000e+01;1.2733229e-01;4.7500000e+01;2.1009150e-01;4.7500000e+01;2.6728457e-01;4.7500000e+01;3.0254814e-01;4.7500000e+01;2.9216126e-01;4.7500000e+01;2.3979016e-01;4.7500000e+01;2.2452396e-01;4.7500000e+01;1.9406624e-01;4.7500000e+01;1.4897394e-01;4.7500000e+01;9.8204285e-02;4.7500000e+01;5.5056825e-02;4.7500000e+01;6.1522350e-03;4.7500000e+01;-3.6926314e-02;4.7500000e+01;-7.9781607e-02;4.7500000e+01;-1.2643844e-01;4.7500000e+01;-5.5182628e-02;4.7500000e+01;-1.3632223e-02;4.7500000e+01;4.7067601e-02;4.7500000e+01;1.2733229e-01;4.7500000e+01;2.1009150e-01;4.7500000e+01;2.6728457e-01;4.7500000e+01;3.0254814e-01;4.7500000e+01;2.9216126e-01;4.7500000e+01;2.3979016e-01;4.7500000e+01;2.2452396e-01;4.7500000e+01;1.9406624e-01;4.7500000e+01;1.4897394e-01;4.7500000e+01;9.8204285e-02;4.7500000e+01;5.5056825e-02;4.7500000e+01;6.1522350e-03;4.7500000e+01;-3.6926314e-02;4.7500000e+01;-7.9781607e-02;4.7500000e+01;-1.2643844e-01;4.7500000e+01;-5.5182628e-02;4.7500000e+01;-1.3632223e-02;4.7500000e+01;4.7067601e-02;4.7500000e+01;1.2733229e-01;4.7500000e+01;2.1009150e-01;4.7500000e+01;2.6728457e-01;4.7500000e+01;3.0254814e-01;4.7500000e+01;2.9216126e-01;4.7500000e+01;2.3979016e-01;4.7500000e+01;2.2452396e-01;4.7500000e+01;1.9406624e-01;4.7500000e+01;1.4897394e-01;4.7500000e+01;9.8204285e-02;4.7500000e+01;5.5056825e-02;4.7500000e+01;6.1522350e-03;4.7500000e+01;-3.6926314e-02;4.7500000e+01;-7.9781607e-02;4.7500000e+01;-1.2643844e-01;4.7500000e+01;-5.5182628e-02;4.7500000e+01;-1.3632223e-02;4.7500000e+01;4.7067601e-02;4.7500000e+01;1.2733229e-01;4.7500000e+01;2.1009150e-01;4.7500000e+01;2.6728457e-01;4.7500000e+01;3.0254814e-01;4.7500000e+01;2.9216126e-01;4.7500000e+01;2.3979016e-01;4.7500000e+01;2.2452396e-01;4.7500000e+01;1.9406624e-01;4.7500000e+01;1.4897394e-01;4.7500000e+01;9.8204285e-02;4.7500000e+01;5.5056825e-02;4.7500000e+01;6.1522350e-03;4.7500000e+01;-3.6926314e-02;4.7500000e+01;-7.9781607e-02;4.7500000e+01;-1.2643844e-01;4.7500000e+01;-5.5182628e-02;4.7500000e+01;-1.3632223e-02;4.7500000e+01;4.7067601e-02;4.7500000e+01;1.2733229e-01;4.7500000e+01;2.1009150e-01;4.7500000e+01;2.6728457e-01;4.7500000e+01;3.0254814e-01;4.7500000e+01;2.9216126e-01;4.7500000e+01;2.3979016e-01;4.7500000e+01;2.2452396e-01;4.7500000e+01;1.9406624e-01;4.7500000e+01;1.4897394e-01;4.7500000e+01;9.8204285e-02;4.7500000e+01;5.5056825e-02;4.7500000e+01;6.1522350e-03;4.7500000e+01;-3.6926314e-02;4.7500000e+01;-7.9781607e-02;4.7500000e+01;-1.2643844e-01;4.7500000e+01;-5.5182628e-02;4.7500000e+01;-1.3632223e-02;4.7500000e+01;4.7067601e-02;4.7500000e+01;1.2733229e-01;4.7500000e+01;2.1009150e-01;4.7500000e+01;2.6728457e-01;4.7500000e+01;3.0254814e-01;4.7500000e+01;2.9216126e-01;4.7500000e+01;2.3979016e-01;4.7500000e+01;2.2452396e-01;4.7500000e+01;1.9406624e-01;4.7500000e+01;1.4897394e-01;4.7500000e+01;9.8204285e-02;4.7500000e+01;5.5056825e-02;4.7500000e+01;6.1522350e-03;4.7500000e+01;-3.6926314e-02;4.7500000e+01;-7.9781607e-02;4.7500000e+01;-1.2643844e-01;4.7500000e+01;-5.5182628e-02;4.7500000e+01;-1.3632223e-02;4.7500000e+01;4.7067601e-02;4.7500000e+01;1.2733229e-01;4.7500000e+01;2.1009150e-01;4.7500000e+01;2.6728457e-01;4.7500000e+01;3.0254814e-01;4.7500000e+01;2.9216126e-01;4.7500000e+01;2.3979016e-01;4.7500000e+01;2.2452396e-01;4.7500000e+01;1.9406624e-01;4.7500000e+01;1.4897394e-01;4.7500000e+01;9.8204285e-02;4.7500000e+01;5.5056825e-02;4.7500000e+01;6.1522350e-03;4.7500000e+01;-3.6926314e-02;4.7500000e+01;-7.9781607e-02;4.7500000e+01;-1.2643844e-01;4.7500000e+01;-5.5182628e-02;4.7500000e+01;-1.3632223e-02;4.7500000e+01;4.7067601e-02;4.7500000e+01;1.2733229e-01;4.7500000e+01;2.1009150e-01;4.7500000e+01;2.6728457e-01;4.7500000e+01;3.0254814e-01;4.7500000e+01;2.9216126e-01;4.7500000e+01;2.3979016e-01;4.7500000e+01;2.2452396e-01;4.7500000e+01;1.9406624e-01;4.7500000e+01;1.4897394e-01;4.7500000e+01;9.8204285e-02;4.7500000e+01;5.5056825e-02;4.7500000e+01;6.1522350e-03;4.7500000e+01;-3.6926314e-02;4.7500000e+01;-7.9781607e-02;4.7500000e+01;-1.2643844e-01;4.7500000e+01;-5.5182628e-02;4.7500000e+01;-1.3632223e-02;4.7500000e+01;4.7067601e-02;4.7500000e+01;1.2733229e-01;4.7500000e+01;2.1009150e-01;4.7500000e+01;2.6728457e-01;4.7500000e+01;3.0254814e-01;4.7500000e+01;2.9216126e-01;4.7500000e+01;2.3979016e-01;4.7500000e+01;2.2452396e-01;4.7500000e+01;1.9406624e-01;4.7500000e+01;1.4897394e-01;4.7500000e+01;9.8204285e-02;4.7500000e+01;5.5056825e-02;4.7500000e+01;6.1522350e-03;4.7500000e+01;-3.6926314e-02;4.7500000e+01;-7.9781607e-02;4.7500000e+01;-1.2643844e-01;4.7500000e+01;-5.5182628e-02;4.7500000e+01;-1.3632223e-02;4.7500000e+01;4.7067601e-02;4.7500000e+01;1.2733229e-01;4.7500000e+01;2.1009150e-01;4.7500000e+01;2.6728457e-01;4.7500000e+01;3.0254814e-01;4.7500000e+01;2.9216126e-01;4.7500000e+01;2.3979016e-01;4.7500000e+01;2.2452396e-01;4.7500000e+01;1.9406624e-01;4.7500000e+01;1.4897394e-01;4.7500000e+01;9.8204285e-02;4.7500000e+01;5.5056825e-02;4.7500000e+01;6.1522350e-03;4.7500000e+01;-3.6926314e-02;4.7500000e+01;-7.9781607e-02;4.7500000e+01;-1.2643844e-01;4.7500000e+01;-5.5182628e-02;4.7500000e+01;-1.3632223e-02;4.7500000e+01;4.7067601e-02;4.7500000e+01;1.2733229e-01;4.7500000e+01;2.1009150e-01;4.7500000e+01;2.6728457e-01;4.7500000e+01;3.0254814e-01;4.7500000e+01;2.9216126e-01;4.7500000e+01;2.3979016e-01;4.7500000e+01;2.2452396e-01;4.7500000e+01;1.9406624e-01;4.7500000e+01;1.4897394e-01;4.7500000e+01;9.8204285e-02;4.7500000e+01;5.5056825e-02;4.7500000e+01;6.1522350e-03;4.7500000e+01;-3.6926314e-02;4.7500000e+01;-7.9781607e-02;4.7500000e+01;-1.2643844e-01;4.7500000e+01;-5.5182628e-02;4.7500000e+01;-1.3632223e-02;4.7500000e+01;4.7067601e-02;4.7500000e+01;1.2733229e-01;4.7500000e+01;2.1009150e-01;4.7500000e+01;2.6728457e-01;4.7500000e+01;3.0254814e-01;4.7500000e+01;2.9216126e-01;4.7500000e+01;2.3979016e-01;4.7500000e+01;2.2452396e-01;4.7500000e+01;1.9406624e-01;4.7500000e+01;1.4897394e-01;4.7500000e+01;9.8204285e-02;4.7500000e+01;5.5056825e-02;4.7500000e+01;6.1522350e-03;4.7500000e+01;-3.6926314e-02;4.7500000e+01;-7.9781607e-02;4.7500000e+01;-1.2643844e-01;4.7500000e+01;-5.5182628e-02;4.7500000e+01;-1.3632223e-02;4.7500000e+01;4.7067601e-02;4.7500000e+01;1.2733229e-01;4.7500000e+01;2.1009150e-01;4.7500000e+01;2.6728457e-01;4.7500000e+01;3.0254814e-01;4.7500000e+01;2.9216126e-01;4.7500000e+01;2.3979016e-01;4.7500000e+01;2.2452396e-01;4.7500000e+01;1.9406624e-01;4.7500000e+01;1.4897394e-01;4.7500000e+01;9.8204285e-02;4.7500000e+01;5.5056825e-02;4.7500000e+01;6.1522350e-03;4.7500000e+01;-3.6926314e-02;4.7500000e+01;-7.9781607e-02;4.7500000e+01;-1.2643844e-01;4.7500000e+01;-5.5182628e-02;4.7500000e+01;-1.3632223e-02;4.7500000e+01;4.7067601e-02;4.7500000e+01;1.2733229e-01;4.7500000e+01;2.1009150e-01;4.7500000e+01;2.6728457e-01;4.7500000e+01;3.0254814e-01;4.7500000e+01;2.9216126e-01;4.7500000e+01;2.3979016e-01;4.7500000e+01;2.2452396e-01;4.7500000e+01;1.9406624e-01;4.7500000e+01;1.4897394e-01;4.7500000e+01;9.8204285e-02;4.7500000e+01;5.5056825e-02;4.7500000e+01;6.1522350e-03;4.7500000e+01;-3.6926314e-02;4.7500000e+01;-7.9781607e-02;4.7500000e+01;-1.2643844e-01;4.7500000e+01;-5.5182628e-02;4.7500000e+01;-1.3632223e-02;4.7500000e+01;4.7067601e-02;4.7500000e+01;1.2733229e-01;4.7500000e+01;2.1009150e-01;4.7500000e+01;2.6728457e-01;4.7500000e+01;3.0254814e-01;4.7500000e+01;2.9216126e-01;4.7500000e+01;2.3979016e-01;4.7500000e+01;2.2452396e-01;4.7500000e+01;1.9406624e-01;4.7500000e+01;1.4897394e-01;4.7500000e+01;9.8204285e-02;4.7500000e+01;5.5056825e-02;4.7500000e+01;6.1522350e-03;4.7500000e+01;-3.6926314e-02;4.7500000e+01;-7.9781607e-02;4.7500000e+01;-1.2643844e-01;4.7500000e+01;-5.5182628e-02;4.7500000e+01;-1.3632223e-02;4.7500000e+01;4.7067601e-02;4.7500000e+01;1.2733229e-01;4.7500000e+01;2.1009150e-01;4.7500000e+01;2.6728457e-01;4.7500000e+01;3.0254814e-01;4.7500000e+01;2.9216126e-01;4.7500000e+01;2.3979016e-01;4.7500000e+01;2.2452396e-01;4.7500000e+01;1.9406624e-01;4.7500000e+01;1.4897394e-01;4.7500000e+01;9.8204285e-02;4.7500000e+01;5.5056825e-02;4.7500000e+01;6.1522350e-03;4.7500000e+01;-3.6926314e-02;4.7500000e+01;-7.9781607e-02;4.7500000e+01;-1.2643844e-01;4.7500000e+01;-5.5182628e-02;4.7500000e+01;-1.3632223e-02;4.7500000e+01;4.7067601e-02;4.7500000e+01;1.2733229e-01;4.7500000e+01;2.1009150e-01;4.7500000e+01;2.6728457e-01;4.7500000e+01;3.0254814e-01;4.7500000e+01;2.9216126e-01;4.7500000e+01;2.3979016e-01;4.7500000e+01;2.2452396e-01;4.7500000e+01;1.9406624e-01;4.7500000e+01;1.4897394e-01;4.7500000e+01;9.8204285e-02;4.7500000e+01;5.5056825e-02;4.7500000e+01;6.1522350e-03;4.7500000e+01;-3.6926314e-02;4.7500000e+01;-7.9781607e-02;4.7500000e+01;-1.2643844e-01;4.7500000e+01;-5.5182628e-02;4.7500000e+01;-1.3632223e-02;4.7500000e+01;4.7067601e-02;4.7500000e+01;1.2733229e-01;4.7500000e+01;2.1009150e-01;4.7500000e+01;2.6728457e-01;4.7500000e+01;3.0254814e-01;4.7500000e+01;2.9216126e-01;4.7500000e+01;2.3979016e-01;4.7500000e+01;2.2452396e-01;4.7500000e+01;1.9406624e-01;4.7500000e+01;1.4897394e-01;4.7500000e+01;9.8204285e-02;4.7500000e+01;5.5056825e-02;4.7500000e+01;6.1522350e-03;4.7500000e+01;-3.6926314e-02;4.7500000e+01;-7.9781607e-02;4.7500000e+01;-1.2643844e-01;4.7500000e+01;-5.5182628e-02;4.7500000e+01;-1.3632223e-02;4.7500000e+01;4.7067601e-02;4.7500000e+01;1.2733229e-01;4.7500000e+01;2.1009150e-01;4.7500000e+01;2.6728457e-01;4.7500000e+01;3.0254814e-01;4.7500000e+01;2.9216126e-01;4.7500000e+01;2.3979016e-01;4.7500000e+01;2.2452396e-01;4.7500000e+01;1.9406624e-01;4.7500000e+01;1.4897394e-01;4.7500000e+01;9.8204285e-02;4.7500000e+01;5.5056825e-02;4.7500000e+01;6.1522350e-03;4.7500000e+01;-3.6926314e-02;4.7500000e+01;-7.9781607e-02;4.7500000e+01;-1.2643844e-01;4.7500000e+01;-5.5182628e-02;4.7500000e+01;-1.3632223e-02;4.7500000e+01;4.7067601e-02;4.7500000e+01;1.2733229e-01;4.7500000e+01;2.1009150e-01;4.7500000e+01;2.6728457e-01;4.7500000e+01;3.0254814e-01;4.7500000e+01;2.9216126e-01;4.7500000e+01;2.3979016e-01;4.7500000e+01;2.2452396e-01;4.7500000e+01;1.9406624e-01;4.7500000e+01;1.4897394e-01;4.7500000e+01;9.8204285e-02;4.7500000e+01;5.5056825e-02;4.7500000e+01;6.1522350e-03;4.7500000e+01;-3.6926314e-02;4.7500000e+01;-7.9781607e-02;4.7500000e+01;-1.2643844e-01;4.7500000e+01;-5.5182628e-02;4.7500000e+01;-1.3632223e-02;4.7500000e+01;4.7067601e-02;4.7500000e+01;1.2733229e-01;4.7500000e+01;2.1009150e-01;4.7500000e+01;2.6728457e-01;4.7500000e+01;3.0254814e-01;4.7500000e+01;2.9216126e-01;4.7500000e+01;2.3979016e-01;4.7500000e+01;2.2452396e-01;4.7500000e+01;1.9406624e-01;4.7500000e+01;1.4897394e-01;4.7500000e+01;9.8204285e-02;4.7500000e+01;5.5056825e-02;4.7500000e+01;6.1522350e-03;4.7500000e+01;-3.6926314e-02;4.7500000e+01;-7.9781607e-02;4.7500000e+01;-1.2643844e-01;4.7500000e+01;-5.5182628e-02;4.7500000e+01;-1.3632223e-02;4.7500000e+01;4.7067601e-02;4.7500000e+01;1.2733229e-01;4.7500000e+01;2.1009150e-01;4.7500000e+01;2.6728457e-01;4.7500000e+01;3.0254814e-01;4.7500000e+01;2.9216126e-01;4.7500000e+01;2.3979016e-01;4.7500000e+01;2.2452396e-01;4.7500000e+01;1.9406624e-01;4.7500000e+01;1.4897394e-01;4.7500000e+01;9.8204285e-02;4.7500000e+01;5.5056825e-02;4.7500000e+01;6.1522350e-03;4.7500000e+01;-3.6926314e-02;4.7500000e+01;-7.9781607e-02;4.7500000e+01;-1.2643844e-01;4.7500000e+01;-5.5182628e-02;4.7500000e+01;-1.3632223e-02;4.7500000e+01;4.7067601e-02;4.7500000e+01;1.2733229e-01;4.7500000e+01;2.1009150e-01;4.7500000e+01;2.6728457e-01;4.7500000e+01;3.0254814e-01;4.7500000e+01;2.9216126e-01;4.7500000e+01;2.3979016e-01;4.7500000e+01;2.2452396e-01;4.7500000e+01;1.9406624e-01;4.7500000e+01;1.4897394e-01;4.7500000e+01;9.8204285e-02;4.7500000e+01;5.5056825e-02;4.7500000e+01;6.1522350e-03;4.7500000e+01;-3.6926314e-02;4.7500000e+01;-7.9781607e-02;4.7500000e+01;-1.2643844e-01;4.7500000e+01;-5.5182628e-02;4.7500000e+01;-1.3632223e-02;4.7500000e+01;4.7067601e-02;4.7500000e+01;1.2733229e-01;4.7500000e+01;2.1009150e-01;4.7500000e+01;2.6728457e-01;4.7500000e+01;3.0254814e-01;4.7500000e+01;2.9216126e-01;4.7500000e+01;2.3979016e-01;4.7500000e+01;2.2452396e-01;4.7500000e+01;1.9406624e-01;4.7500000e+01;1.4897394e-01;4.7500000e+01;9.8204285e-02;4.7500000e+01;5.5056825e-02;4.7500000e+01;6.1522350e-03;4.7500000e+01;-3.6926314e-02;4.7500000e+01;-7.9781607e-02;4.7500000e+01;-1.2643844e-01;4.7500000e+01;-5.5182628e-02;4.7500000e+01;-1.3632223e-02;4.7500000e+01;4.7067601e-02;4.7500000e+01;1.2733229e-01;4.7500000e+01;2.1009150e-01;4.7500000e+01;2.6728457e-01;4.7500000e+01;3.0254814e-01;4.7500000e+01;2.9216126e-01;4.7500000e+01;2.3979016e-01;4.7500000e+01;2.2452396e-01;4.7500000e+01;1.9406624e-01;4.7500000e+01;1.4897394e-01;4.7500000e+01;9.8204285e-02;4.7500000e+01;5.5056825e-02;4.7500000e+01;6.1522350e-03;4.7500000e+01;-3.6926314e-02;4.7500000e+01;-7.9781607e-02;4.7500000e+01;-1.2643844e-01;4.7500000e+01;-5.5182628e-02;4.7500000e+01;-1.3632223e-02;4.7500000e+01;4.7067601e-02;4.7500000e+01;1.2733229e-01;4.7500000e+01;2.1009150e-01;4.7500000e+01;2.6728457e-01;4.7500000e+01;3.0254814e-01;4.7500000e+01;2.9216126e-01;4.7500000e+01;2.3979016e-01;4.7500000e+01;2.2452396e-01;4.7500000e+01;1.9406624e-01;4.7500000e+01;1.4897394e-01;4.7500000e+01;9.8204285e-02;4.7500000e+01;5.5056825e-02;4.7500000e+01;6.1522350e-03;4.7500000e+01;-3.6926314e-02;4.7500000e+01;-7.9781607e-02;4.7500000e+01;-1.2643844e-01;4.7500000e+01;-5.5182628e-02;4.7500000e+01;-1.3632223e-02;4.7500000e+01;4.7067601e-02;4.7500000e+01;1.2733229e-01;4.7500000e+01;2.1009150e-01;4.7500000e+01;2.6728457e-01;4.7500000e+01;3.0254814e-01;4.7500000e+01;2.9216126e-01;4.7500000e+01;2.3979016e-01;4.7500000e+01;2.2452396e-01;4.7500000e+01;1.9406624e-01;4.7500000e+01;1.4897394e-01;4.7500000e+01;9.8204285e-02;4.7500000e+01;5.5056825e-02;4.7500000e+01;6.1522350e-03;4.7500000e+01;-3.6926314e-02;4.7500000e+01;-7.9781607e-02;4.7500000e+01;-1.2643844e-01;4.7500000e+01;-5.5182628e-02;4.7500000e+01;-1.3632223e-02;4.7500000e+01;4.7067601e-02;4.7500000e+01;1.2733229e-01;4.7500000e+01;2.1009150e-01;4.7500000e+01;2.6728457e-01;4.7500000e+01;3.0254814e-01;4.7500000e+01;2.9216126e-01;4.7500000e+01;2.3979016e-01;4.7500000e+01;2.2452396e-01;4.7500000e+01;1.9406624e-01;4.7500000e+01;1.4897394e-01;4.7500000e+01;9.8204285e-02;4.7500000e+01;5.5056825e-02;4.7500000e+01;6.1522350e-03;4.7500000e+01;-3.6926314e-02;4.7500000e+01;-7.9781607e-02;4.7500000e+01;-1.2643844e-01;4.7500000e+01;-5.5182628e-02;4.7500000e+01;-1.3632223e-02;4.7500000e+01;4.7067601e-02;4.7500000e+01;1.2733229e-01;4.7500000e+01;2.1009150e-01;4.7500000e+01;2.6728457e-01;4.7500000e+01;3.0254814e-01;4.7500000e+01;2.9216126e-01;4.7500000e+01;2.3979016e-01;4.7500000e+01;2.2452396e-01;4.7500000e+01;1.9406624e-01;4.7500000e+01;1.4897394e-01;4.7500000e+01;9.8204285e-02;4.7500000e+01;5.5056825e-02;4.7500000e+01;6.1522350e-03;4.7500000e+01;-3.6926314e-02;4.7500000e+01;-7.9781607e-02;4.7500000e+01;-1.2643844e-01;4.7500000e+01;-5.5182628e-02;4.7500000e+01;-1.3632223e-02;4.7500000e+01;4.7067601e-02;4.7500000e+01;1.2733229e-01;4.7500000e+01;2.1009150e-01;4.7500000e+01;2.6728457e-01;4.7500000e+01;3.0254814e-01;4.7500000e+01;2.9216126e-01;4.7500000e+01;2.3979016e-01;4.7500000e+01;2.2452396e-01;4.7500000e+01;1.9406624e-01;4.7500000e+01;1.4897394e-01;4.7500000e+01;9.8204285e-02;4.7500000e+01;5.5056825e-02;4.7500000e+01;6.1522350e-03;4.7500000e+01;-3.6926314e-02;4.7500000e+01;-7.9781607e-02;4.7500000e+01;-1.2643844e-01;4.7500000e+01;-5.5182628e-02;4.7500000e+01;-1.3632223e-02;4.7500000e+01;4.7067601e-02;4.7500000e+01;1.2733229e-01;4.7500000e+01;2.1009150e-01;4.7500000e+01;2.6728457e-01;4.7500000e+01;3.0254814e-01;4.7500000e+01;2.9216126e-01;4.7500000e+01;2.3979016e-01;4.7500000e+01;2.2452396e-01;4.7500000e+01;1.9406624e-01;4.7500000e+01;1.4897394e-01;4.7500000e+01;9.8204285e-02;4.7500000e+01;5.5056825e-02;4.7500000e+01;6.1522350e-03;4.7500000e+01;-3.6926314e-02;4.7500000e+01;-7.9781607e-02;4.7500000e+01;-1.2643844e-01;4.7500000e+01;-5.5182628e-02;4.7500000e+01;-1.3632223e-02;4.7500000e+01;4.7067601e-02;4.7500000e+01;1.2733229e-01;4.7500000e+01;2.1009150e-01;4.7500000e+01;2.6728457e-01;4.7500000e+01;3.0254814e-01;4.7500000e+01;2.9216126e-01;4.7500000e+01;2.3979016e-01;4.7500000e+01;2.2452396e-01;4.7500000e+01;1.9406624e-01;4.7500000e+01;1.4897394e-01;4.7500000e+01;9.8204285e-02;4.7500000e+01;5.5056825e-02;4.7500000e+01;6.1522350e-03;4.7500000e+01;-3.6926314e-02;4.7500000e+01;-7.9781607e-02;4.7500000e+01;-1.2643844e-01;4.7500000e+01;-5.5182628e-02;4.7500000e+01;-1.3632223e-02;4.7500000e+01;4.7067601e-02;4.7500000e+01;1.2733229e-01;4.7500000e+01;2.1009150e-01;4.7500000e+01;2.6728457e-01;4.7500000e+01;3.0254814e-01;4.7500000e+01;2.9216126e-01;4.7500000e+01;2.3979016e-01;4.7500000e+01;2.2452396e-01;4.7500000e+01;1.9406624e-01;4.7500000e+01;1.4897394e-01;4.7500000e+01;9.8204285e-02;4.7500000e+01;5.5056825e-02;4.7500000e+01;6.1522350e-03;4.7500000e+01;-3.6926314e-02;4.7500000e+01;-7.9781607e-02;4.7500000e+01;-1.2643844e-01;4.7500000e+01;-5.5182628e-02;4.7500000e+01;-1.3632223e-02;4.7500000e+01;4.7067601e-02;4.7500000e+01;1.2733229e-01;4.7500000e+01;2.1009150e-01;4.7500000e+01;2.6728457e-01;4.7500000e+01;3.0254814e-01;4.7500000e+01;2.9216126e-01;4.7500000e+01;2.3979016e-01;4.7500000e+01;2.2452396e-01;4.7500000e+01;1.9406624e-01;4.7500000e+01;1.4897394e-01;4.7500000e+01;9.8204285e-02;4.7500000e+01;5.5056825e-02;4.7500000e+01;6.1522350e-03;4.7500000e+01;-3.6926314e-02;4.7500000e+01;-7.9781607e-02;4.7500000e+01;-1.2643844e-01;4.7500000e+01;-5.5182628e-02;4.7500000e+01;-1.3632223e-02;4.7500000e+01;4.7067601e-02;4.7500000e+01;1.2733229e-01;4.7500000e+01;2.1009150e-01;4.7500000e+01;2.6728457e-01;4.7500000e+01;3.0254814e-01;4.7500000e+01;2.9216126e-01;4.7500000e+01;2.3979016e-01;4.7500000e+01;2.2452396e-01;4.7500000e+01;1.9406624e-01;4.7500000e+01;1.4897394e-01;4.7500000e+01;9.8204285e-02;4.7500000e+01;5.5056825e-02;4.7500000e+01;6.1522350e-03;4.7500000e+01;-3.6926314e-02;4.7500000e+01;-7.9781607e-02;4.7500000e+01;-1.2643844e-01;4.7500000e+01;-5.5182628e-02;4.7500000e+01;-1.3632223e-02;4.7500000e+01;4.7067601e-02;4.7500000e+01;1.2733229e-01;4.7500000e+01;2.1009150e-01;4.7500000e+01;2.6728457e-01;4.7500000e+01;3.0254814e-01;4.7500000e+01;2.9216126e-01;4.7500000e+01;2.3979016e-01;4.7500000e+01;2.2452396e-01;4.7500000e+01;1.9406624e-01;4.7500000e+01;1.4897394e-01;4.7500000e+01;9.8204285e-02;4.7500000e+01;5.5056825e-02;4.7500000e+01;6.1522350e-03;4.7500000e+01;-3.6926314e-02;4.7500000e+01;-7.9781607e-02;4.7500000e+01;-1.2643844e-01;4.7500000e+01;-5.5182628e-02;4.7500000e+01;-1.3632223e-02;4.7500000e+01;4.7067601e-02;4.7500000e+01;1.2733229e-01;4.7500000e+01;2.1009150e-01;4.7500000e+01;2.6728457e-01;4.7500000e+01;3.0254814e-01;4.7500000e+01;2.9216126e-01;4.7500000e+01;2.3979016e-01;4.7500000e+01;2.2452396e-01;4.7500000e+01;1.9406624e-01;4.7500000e+01;1.4897394e-01;4.7500000e+01;9.8204285e-02;4.7500000e+01;5.5056825e-02;4.7500000e+01;6.1522350e-03;4.7500000e+01;-3.6926314e-02;4.7500000e+01;-7.9781607e-02;4.7500000e+01;-1.2643844e-01;4.7500000e+01;-5.5182628e-02;4.7500000e+01;-1.3632223e-02;4.7500000e+01;4.7067601e-02;4.7500000e+01;1.2733229e-01;4.7500000e+01;2.1009150e-01;4.7500000e+01;2.6728457e-01;4.7500000e+01;3.0254814e-01;4.7500000e+01;2.9216126e-01;4.7500000e+01;2.3979016e-01;4.7500000e+01;2.2452396e-01;4.7500000e+01;1.9406624e-01;4.7500000e+01;1.4897394e-01;4.7500000e+01;9.8204285e-02;4.7500000e+01;5.5056825e-02;4.7500000e+01;6.1522350e-03;4.7500000e+01;-3.6926314e-02;4.7500000e+01;-7.9781607e-02;4.7500000e+01;-1.2643844e-01;4.7500000e+01;-5.5182628e-02;4.7500000e+01;-1.3632223e-02;4.7500000e+01;4.7067601e-02;4.7500000e+01;1.2733229e-01;4.7500000e+01;2.1009150e-01;4.7500000e+01;2.6728457e-01;4.7500000e+01;3.0254814e-01;4.7500000e+01;2.9216126e-01;4.7500000e+01;2.3979016e-01;4.7500000e+01;2.2452396e-01;4.7500000e+01;1.9406624e-01;4.7500000e+01;1.4897394e-01;4.7500000e+01;9.8204285e-02;4.7500000e+01;5.5056825e-02;4.7500000e+01;6.1522350e-03;4.7500000e+01;-3.6926314e-02;4.7500000e+01;-7.9781607e-02;4.7500000e+01;-1.2643844e-01;4.7500000e+01;-5.5182628e-02;4.7500000e+01;-1.3632223e-02;4.7500000e+01;4.7067601e-02;4.7500000e+01;1.2733229e-01;4.7500000e+01;2.1009150e-01;4.7500000e+01;2.6728457e-01;4.7500000e+01;3.0254814e-01;4.7500000e+01;2.9216126e-01;4.7500000e+01;2.3979016e-01;4.7500000e+01;2.2452396e-01;4.7500000e+01;1.9406624e-01;4.7500000e+01;1.4897394e-01;4.7500000e+01;9.8204285e-02;4.7500000e+01;5.5056825e-02;4.7500000e+01;6.1522350e-03;4.7500000e+01;-3.6926314e-02;4.7500000e+01;-7.9781607e-02;4.7500000e+01;-1.2643844e-01;4.7500000e+01;-5.5182628e-02;4.7500000e+01;-1.3632223e-02;4.7500000e+01;4.7067601e-02;4.7500000e+01;1.2733229e-01;4.7500000e+01;2.1009150e-01;4.7500000e+01;2.6728457e-01;4.7500000e+01;3.0254814e-01;4.7500000e+01;2.9216126e-01;4.7500000e+01;2.3979016e-01;4.7500000e+01;2.2452396e-01;4.7500000e+01;1.9406624e-01;4.7500000e+01;1.4897394e-01;4.7500000e+01;9.8204285e-02;4.7500000e+01;5.5056825e-02;4.7500000e+01;6.1522350e-03;4.7500000e+01;-3.6926314e-02;4.7500000e+01;-7.9781607e-02;4.7500000e+01;-1.2643844e-01;4.7500000e+01;-5.5182628e-02;4.7500000e+01;-1.3632223e-02;4.7500000e+01;4.7067601e-02;4.7500000e+01;1.2733229e-01;4.7500000e+01;2.1009150e-01;4.7500000e+01;2.6728457e-01;4.7500000e+01;3.0254814e-01;4.7500000e+01;2.9216126e-01;4.7500000e+01;2.3979016e-01;4.7500000e+01;2.2452396e-01;4.7500000e+01;1.9406624e-01;4.7500000e+01;1.4897394e-01;4.7500000e+01;9.8204285e-02;4.7500000e+01;5.5056825e-02;4.7500000e+01;6.1522350e-03;4.7500000e+01;-3.6926314e-02;4.7500000e+01;-7.9781607e-02;4.7500000e+01;-1.2643844e-01;4.7500000e+01;-5.5182628e-02;4.7500000e+01;-1.3632223e-02;4.7500000e+01;4.7067601e-02;4.7500000e+01;1.2733229e-01;4.7500000e+01;2.1009150e-01;4.7500000e+01;2.6728457e-01;4.7500000e+01;3.0254814e-01;4.7500000e+01;2.9216126e-01;4.7500000e+01;2.3979016e-01;4.7500000e+01;2.2452396e-01;4.7500000e+01;1.9406624e-01;4.7500000e+01;1.4897394e-01;4.7500000e+01;9.8204285e-02;4.7500000e+01;5.5056825e-02;4.7500000e+01;6.1522350e-03;4.7500000e+01;-3.6926314e-02;4.7500000e+01;-7.9781607e-02;4.7500000e+01;-1.2643844e-01;4.7500000e+01;-5.5182628e-02;4.7500000e+01;-1.3632223e-02;4.7500000e+01;4.7067601e-02;4.7500000e+01;1.2733229e-01;4.7500000e+01;2.1009150e-01;4.7500000e+01;2.6728457e-01;4.7500000e+01;3.0254814e-01;4.7500000e+01;2.9216126e-01;4.7500000e+01;2.3979016e-01;4.7500000e+01;2.2452396e-01;4.7500000e+01;1.9406624e-01;4.7500000e+01;1.4897394e-01;4.7500000e+01;9.8204285e-02;4.7500000e+01;5.5056825e-02;4.7500000e+01;6.1522350e-03;4.7500000e+01;-3.6926314e-02;4.7500000e+01;-7.9781607e-02;4.7500000e+01;-1.2643844e-01;4.7500000e+01;-5.5182628e-02;4.7500000e+01;-1.3632223e-02;4.7500000e+01;4.7067601e-02;4.7500000e+01;1.2733229e-01;4.7500000e+01;2.1009150e-01;4.7500000e+01;2.6728457e-01;4.7500000e+01;3.0254814e-01;4.7500000e+01;2.9216126e-01;4.7500000e+01;2.3979016e-01;4.7500000e+01;2.2452396e-01;4.7500000e+01;1.9406624e-01;4.7500000e+01;1.4897394e-01;4.7500000e+01;9.8204285e-02;4.7500000e+01;5.5056825e-02;4.7500000e+01;6.1522350e-03;4.7500000e+01;-3.6926314e-02;4.7500000e+01;-7.9781607e-02;4.7500000e+01;-1.2643844e-01;4.7500000e+01;-5.5182628e-02;4.7500000e+01;-1.3632223e-02;4.7500000e+01;4.7067601e-02;4.7500000e+01;1.2733229e-01;4.7500000e+01;2.1009150e-01;4.7500000e+01;2.6728457e-01;4.7500000e+01;3.0254814e-01;4.7500000e+01;2.9216126e-01;4.7500000e+01;2.3979016e-01;4.7500000e+01;2.2452396e-01;4.7500000e+01;1.9406624e-01;4.7500000e+01;1.4897394e-01;4.7500000e+01;9.8204285e-02;4.7500000e+01;5.5056825e-02;4.7500000e+01;6.1522350e-03;4.7500000e+01;-3.6926314e-02;4.7500000e+01;-7.9781607e-02;4.7500000e+01;-1.2643844e-01;4.7500000e+01;-5.5182628e-02;4.7500000e+01;-1.3632223e-02;4.7500000e+01;4.7067601e-02;4.7500000e+01;1.2733229e-01;4.7500000e+01;2.1009150e-01;4.7500000e+01;2.6728457e-01;4.7500000e+01;3.0254814e-01;4.7500000e+01;2.9216126e-01;4.7500000e+01;2.3979016e-01;4.7500000e+01;2.2452396e-01;4.7500000e+01;1.9406624e-01;4.7500000e+01;1.4897394e-01;4.7500000e+01;9.8204285e-02;4.7500000e+01;5.5056825e-02;4.7500000e+01;6.1522350e-03;4.7500000e+01;-3.6926314e-02;4.7500000e+01;-7.9781607e-02;4.7500000e+01;-1.2643844e-01;4.7500000e+01;-5.5182628e-02;4.7500000e+01;-1.3632223e-02;4.7500000e+01;4.7067601e-02;4.7500000e+01;1.2733229e-01;4.7500000e+01;2.1009150e-01;4.7500000e+01;2.6728457e-01;4.7500000e+01;3.0254814e-01;4.7500000e+01;2.9216126e-01;4.7500000e+01;2.3979016e-01;4.7500000e+01;2.2452396e-01;4.7500000e+01;1.9406624e-01;4.7500000e+01;1.4897394e-01;4.7500000e+01;9.8204285e-02;4.7500000e+01;5.5056825e-02;4.7500000e+01;6.1522350e-03;4.7500000e+01;-3.6926314e-02;4.7500000e+01;-7.9781607e-02;4.7500000e+01;-1.2643844e-01;4.7500000e+01;-5.5182628e-02;4.7500000e+01;-1.3632223e-02;4.7500000e+01;4.7067601e-02;4.7500000e+01;1.2733229e-01;4.7500000e+01;2.1009150e-01;4.7500000e+01;2.6728457e-01;4.7500000e+01;3.0254814e-01;4.7500000e+01;2.9216126e-01;4.7500000e+01;2.3979016e-01;4.7500000e+01;2.2452396e-01;4.7500000e+01;1.9406624e-01;4.7500000e+01;1.4897394e-01;4.7500000e+01;9.8204285e-02;4.7500000e+01;5.5056825e-02;4.7500000e+01;6.1522350e-03;4.7500000e+01;-3.6926314e-02;4.7500000e+01;-7.9781607e-02;4.7500000e+01;-1.2643844e-01;4.7500000e+01;-5.5182628e-02;4.7500000e+01;-1.3632223e-02;4.7500000e+01;4.7067601e-02;4.7500000e+01;1.2733229e-01;4.7500000e+01;2.1009150e-01;4.7500000e+01;2.6728457e-01;4.7500000e+01;3.0254814e-01;4.7500000e+01;2.9216126e-01;4.7500000e+01;2.3979016e-01;4.7500000e+01;2.2452396e-01;4.7500000e+01;1.9406624e-01;4.7500000e+01;1.4897394e-01;4.7500000e+01;9.8204285e-02;4.7500000e+01;5.5056825e-02;4.7500000e+01;6.1522350e-03;4.7500000e+01;-3.6926314e-02;4.7500000e+01;-7.9781607e-02;4.7500000e+01;-1.2643844e-01;4.7500000e+01;-5.5182628e-02;4.7500000e+01;-1.3632223e-02;4.7500000e+01;4.7067601e-02;4.7500000e+01;1.2733229e-01;4.7500000e+01;2.1009150e-01;4.7500000e+01;2.6728457e-01;4.7500000e+01;3.0254814e-01;4.7500000e+01;2.9216126e-01;4.7500000e+01;2.3979016e-01;4.7500000e+01;2.2452396e-01;4.7500000e+01;1.9406624e-01;4.7500000e+01;1.4897394e-01;4.7500000e+01;9.8204285e-02;4.7500000e+01;5.5056825e-02;4.7500000e+01;6.1522350e-03;4.7500000e+01;-3.6926314e-02;4.7500000e+01;-7.9781607e-02;4.7500000e+01;-1.2643844e-01;4.7500000e+01;-5.5182628e-02;4.7500000e+01;-1.3632223e-02;4.7500000e+01;4.7067601e-02;4.7500000e+01;1.2733229e-01;4.7500000e+01;2.1009150e-01;4.7500000e+01;2.6728457e-01;4.7500000e+01;3.0254814e-01;4.7500000e+01;2.9216126e-01;4.7500000e+01;2.3979016e-01;4.7500000e+01;2.2452396e-01;4.7500000e+01;1.9406624e-01;4.7500000e+01;1.4897394e-01;4.7500000e+01;9.8204285e-02;4.7500000e+01;5.5056825e-02;4.7500000e+01;6.1522350e-03;4.7500000e+01;-3.6926314e-02;4.7500000e+01;-7.9781607e-02;4.7500000e+01;-1.2643844e-01;4.7500000e+01;-5.5182628e-02;4.7500000e+01;-1.3632223e-02;4.7500000e+01;4.7067601e-02;4.7500000e+01;1.2733229e-01;4.7500000e+01;2.1009150e-01;4.7500000e+01;2.6728457e-01;4.7500000e+01;3.0254814e-01;4.7500000e+01;2.9216126e-01;4.7500000e+01;2.3979016e-01;4.7500000e+01;2.2452396e-01;4.7500000e+01;1.9406624e-01;4.7500000e+01;1.4897394e-01;4.7500000e+01;9.8204285e-02;4.7500000e+01;5.5056825e-02;4.7500000e+01;6.1522350e-03;4.7500000e+01;-3.6926314e-02;4.7500000e+01;-7.9781607e-02;4.7500000e+01;-1.2643844e-01;4.7500000e+01;-5.5182628e-02;4.7500000e+01;-1.3632223e-02;4.7500000e+01;4.7067601e-02;4.7500000e+01;1.2733229e-01;4.7500000e+01;2.1009150e-01;4.7500000e+01;2.6728457e-01;4.7500000e+01;3.0254814e-01;4.7500000e+01;2.9216126e-01;4.7500000e+01;2.3979016e-01;4.7500000e+01;2.2452396e-01;4.7500000e+01;1.9406624e-01;4.7500000e+01;1.4897394e-01;4.7500000e+01;9.8204285e-02;4.7500000e+01;5.5056825e-02;4.7500000e+01;6.1522350e-03;4.7500000e+01;-3.6926314e-02;4.7500000e+01;-7.9781607e-02;4.7500000e+01;-1.2643844e-01;4.7500000e+01;-5.5182628e-02;4.7500000e+01;-1.3632223e-02;4.7500000e+01;4.7067601e-02;4.7500000e+01;1.2733229e-01;4.7500000e+01;2.1009150e-01;4.7500000e+01;2.6728457e-01;4.7500000e+01;3.0254814e-01;4.7500000e+01;2.9216126e-01;4.7500000e+01;2.3979016e-01;4.7500000e+01;2.2452396e-01;4.7500000e+01;1.9406624e-01;4.7500000e+01;1.4897394e-01;4.7500000e+01;9.8204285e-02;4.7500000e+01;5.5056825e-02;4.7500000e+01;6.1522350e-03;4.7500000e+01;-3.6926314e-02;4.7500000e+01;-7.9781607e-02;4.7500000e+01;-1.2643844e-01;4.7500000e+01;-5.5182628e-02;4.7500000e+01;-1.3632223e-02;4.7500000e+01;4.7067601e-02;4.7500000e+01;1.2733229e-01;4.7500000e+01;2.1009150e-01;4.7500000e+01;2.6728457e-01;4.7500000e+01;3.0254814e-01;4.7500000e+01;2.9216126e-01;4.7500000e+01;2.3979016e-01;4.7500000e+01;2.2452396e-01;4.7500000e+01;1.9406624e-01;4.7500000e+01;1.4897394e-01;4.7500000e+01;9.8204285e-02;4.7500000e+01;5.5056825e-02;4.7500000e+01;6.1522350e-03;4.7500000e+01;-3.6926314e-02;4.7500000e+01;-7.9781607e-02;4.7500000e+01;-1.2643844e-01;4.7500000e+01;-5.5182628e-02;4.7500000e+01;-1.3632223e-02;4.7500000e+01;4.7067601e-02;4.7500000e+01;1.2733229e-01;4.7500000e+01;2.1009150e-01;4.7500000e+01;2.6728457e-01;4.7500000e+01;3.0254814e-01;4.7500000e+01;2.9216126e-01;4.7500000e+01;2.3979016e-01;4.7500000e+01;2.2452396e-01;4.7500000e+01;1.9406624e-01;4.7500000e+01;1.4897394e-01;4.7500000e+01;9.8204285e-02;4.7500000e+01;5.5056825e-02;4.7500000e+01;6.1522350e-03;4.7500000e+01;-3.6926314e-02;4.7500000e+01;-7.9781607e-02;4.7500000e+01;-1.2643844e-01;4.7500000e+01;-5.5182628e-02;4.7500000e+01;-1.3632223e-02;4.7500000e+01;4.7067601e-02;4.7500000e+01;1.2733229e-01;4.7500000e+01;2.1009150e-01;4.7500000e+01;2.6728457e-01;4.7500000e+01;3.0254814e-01;4.7500000e+01;2.9216126e-01;4.7500000e+01;2.3979016e-01;4.7500000e+01;2.2452396e-01;4.7500000e+01;1.9406624e-01;4.7500000e+01;1.4897394e-01;4.7500000e+01;9.8204285e-02;4.7500000e+01;5.5056825e-02;4.7500000e+01;6.1522350e-03;4.7500000e+01;-3.6926314e-02;4.7500000e+01;-7.9781607e-02;4.7500000e+01;-1.2643844e-01;4.7500000e+01;-5.5182628e-02;4.7500000e+01;-1.3632223e-02;4.7500000e+01;4.7067601e-02;4.7500000e+01;1.2733229e-01;4.7500000e+01;2.1009150e-01;4.7500000e+01;2.6728457e-01;4.7500000e+01;3.0254814e-01;4.7500000e+01;2.9216126e-01;4.7500000e+01;2.3979016e-01;4.7500000e+01;2.2452396e-01;4.7500000e+01;1.9406624e-01;4.7500000e+01;1.4897394e-01;4.7500000e+01;9.8204285e-02;4.7500000e+01;5.5056825e-02;4.7500000e+01;6.1522350e-03;4.7500000e+01;-3.6926314e-02;4.7500000e+01;-7.9781607e-02;4.7500000e+01;-1.2643844e-01;4.7500000e+01;-5.5182628e-02;4.7500000e+01;-1.3632223e-02;4.7500000e+01;4.7067601e-02;4.7500000e+01;1.2733229e-01;4.7500000e+01;2.1009150e-01;4.7500000e+01;2.6728457e-01;4.7500000e+01;3.0254814e-01;4.7500000e+01;2.9216126e-01;4.7500000e+01;2.3979016e-01;4.7500000e+01;2.2452396e-01;4.7500000e+01;1.9406624e-01;4.7500000e+01;1.4897394e-01;4.7500000e+01;9.8204285e-02;4.7500000e+01;5.5056825e-02;4.7500000e+01;6.1522350e-03;4.7500000e+01;-3.6926314e-02;4.7500000e+01;-7.9781607e-02;4.7500000e+01;-1.2643844e-01;4.7500000e+01;-5.5182628e-02;4.7500000e+01;-1.3632223e-02;4.7500000e+01;4.7067601e-02;4.7500000e+01;1.2733229e-01;4.7500000e+01;2.1009150e-01;4.7500000e+01;2.6728457e-01;4.7500000e+01;3.0254814e-01;4.7500000e+01;2.9216126e-01;4.7500000e+01;2.3979016e-01;4.7500000e+01;2.2452396e-01;4.7500000e+01;1.9406624e-01;4.7500000e+01;1.4897394e-01;4.7500000e+01;9.8204285e-02;4.7500000e+01;5.5056825e-02;4.7500000e+01;6.1522350e-03;4.7500000e+01;-3.6926314e-02;4.7500000e+01;-7.9781607e-02;4.7500000e+01;-1.2643844e-01;4.7500000e+01;-5.5182628e-02;4.7500000e+01;-1.3632223e-02;4.7500000e+01;4.7067601e-02;4.7500000e+01;1.2733229e-01;4.7500000e+01;2.1009150e-01;4.7500000e+01;2.6728457e-01;4.7500000e+01;3.0254814e-01;4.7500000e+01;2.9216126e-01;4.7500000e+01;2.3979016e-01;4.7500000e+01;2.2452396e-01;4.7500000e+01;1.9406624e-01;4.7500000e+01;1.4897394e-01;4.7500000e+01;9.8204285e-02;4.7500000e+01;5.5056825e-02;4.7500000e+01;6.1522350e-03;4.7500000e+01;-3.6926314e-02;4.7500000e+01;-7.9781607e-02;4.7500000e+01;-1.2643844e-01;4.7500000e+01;-5.5182628e-02;4.7500000e+01;-1.3632223e-02;4.7500000e+01;4.7067601e-02;4.7500000e+01;1.2733229e-01;4.7500000e+01;2.1009150e-01;4.7500000e+01;2.6728457e-01;4.7500000e+01;3.0254814e-01;4.7500000e+01;2.9216126e-01;4.7500000e+01;2.3979016e-01;4.7500000e+01;2.2452396e-01;4.7500000e+01;1.9406624e-01;4.7500000e+01;1.4897394e-01;4.7500000e+01;9.8204285e-02;4.7500000e+01;5.5056825e-02;4.7500000e+01;6.1522350e-03;4.7500000e+01;-3.6926314e-02;4.7500000e+01;-7.9781607e-02;4.7500000e+01;-1.2643844e-01;4.7500000e+01;-5.5182628e-02;4.7500000e+01;-1.3632223e-02;4.7500000e+01;4.7067601e-02;4.7500000e+01;1.2733229e-01;4.7500000e+01;2.1009150e-01;4.7500000e+01;2.6728457e-01;4.7500000e+01;3.0254814e-01;4.7500000e+01;2.9216126e-01;4.7500000e+01;2.3979016e-01;4.7500000e+01;2.2452396e-01;4.7500000e+01;1.9406624e-01;4.7500000e+01;1.4897394e-01;4.7500000e+01;9.8204285e-02;4.7500000e+01;5.5056825e-02;4.7500000e+01;6.1522350e-03;4.7500000e+01;-3.6926314e-02;4.7500000e+01;-7.9781607e-02;4.7500000e+01;-1.2643844e-01;4.7500000e+01;-5.5182628e-02;4.7500000e+01;-1.3632223e-02;4.7500000e+01;4.7067601e-02;4.7500000e+01;1.2733229e-01;4.7500000e+01;2.1009150e-01;4.7500000e+01;2.6728457e-01;4.7500000e+01;3.0254814e-01;4.7500000e+01;2.9216126e-01;4.7500000e+01;2.3979016e-01;4.7500000e+01;2.2452396e-01;4.7500000e+01;1.9406624e-01;4.7500000e+01;1.4897394e-01;4.7500000e+01;9.8204285e-02;4.7500000e+01;5.5056825e-02;4.7500000e+01;6.1522350e-03;4.7500000e+01;-3.6926314e-02;4.7500000e+01;-7.9781607e-02;4.7500000e+01;-1.2643844e-01;4.7500000e+01;-5.5182628e-02;4.7500000e+01;-1.3632223e-02;4.7500000e+01;4.7067601e-02;4.7500000e+01;1.2733229e-01;4.7500000e+01;2.1009150e-01;4.7500000e+01;2.6728457e-01;4.7500000e+01;3.0254814e-01;4.7500000e+01;2.9216126e-01;4.7500000e+01;2.3979016e-01;4.7500000e+01;2.2452396e-01;4.7500000e+01;1.9406624e-01;4.7500000e+01;1.4897394e-01;4.7500000e+01;9.8204285e-02;4.7500000e+01;5.5056825e-02;4.7500000e+01;6.1522350e-03;4.7500000e+01;-3.6926314e-02;4.7500000e+01;-7.9781607e-02;4.7500000e+01;-1.2643844e-01;4.7500000e+01;-5.5182628e-02;4.7500000e+01;-1.3632223e-02;4.7500000e+01;4.7067601e-02;4.7500000e+01;1.2733229e-01;4.7500000e+01;2.1009150e-01;4.7500000e+01;2.6728457e-01;4.7500000e+01;3.0254814e-01;4.7500000e+01;2.9216126e-01;4.7500000e+01;2.3979016e-01;4.7500000e+01;2.2452396e-01;4.7500000e+01;1.9406624e-01;4.7500000e+01;1.4897394e-01;4.7500000e+01;9.8204285e-02;4.7500000e+01;5.5056825e-02;4.7500000e+01;6.1522350e-03;4.7500000e+01;-3.6926314e-02;4.7500000e+01;-7.9781607e-02;4.7500000e+01;-1.2643844e-01;4.7500000e+01;-5.5182628e-02;4.7500000e+01;-1.3632223e-02;4.7500000e+01;4.7067601e-02;4.7500000e+01;1.2733229e-01;4.7500000e+01;2.1009150e-01;4.7500000e+01;2.6728457e-01;4.7500000e+01;3.0254814e-01;4.7500000e+01;2.9216126e-01;4.7500000e+01;2.3979016e-01;4.7500000e+01;2.2452396e-01;4.7500000e+01;1.9406624e-01;4.7500000e+01;1.4897394e-01;4.7500000e+01;9.8204285e-02;4.7500000e+01;5.5056825e-02;4.7500000e+01;6.1522350e-03;4.7500000e+01;-3.6926314e-02;4.7500000e+01;-7.9781607e-02;4.7500000e+01;-1.2643844e-01;4.7500000e+01;-5.5182628e-02;4.7500000e+01;-1.3632223e-02;4.7500000e+01;4.7067601e-02;4.7500000e+01;1.2733229e-01;4.7500000e+01;2.1009150e-01;4.7500000e+01;2.6728457e-01;4.7500000e+01;3.0254814e-01;4.7500000e+01;2.9216126e-01;4.7500000e+01;2.3979016e-01;4.7500000e+01;2.2452396e-01;4.7500000e+01;1.9406624e-01;4.7500000e+01;1.4897394e-01;4.7500000e+01;9.8204285e-02;4.7500000e+01;5.5056825e-02;4.7500000e+01;6.1522350e-03;4.7500000e+01;-3.6926314e-02;4.7500000e+01;-7.9781607e-02;4.7500000e+01;-1.2643844e-01;4.7500000e+01;-5.5182628e-02;4.7500000e+01;-1.3632223e-02;4.7500000e+01;4.7067601e-02;4.7500000e+01;1.2733229e-01;4.7500000e+01;2.1009150e-01;4.7500000e+01;2.6728457e-01;4.7500000e+01;3.0254814e-01;4.7500000e+01;2.9216126e-01;4.7500000e+01;2.3979016e-01;4.7500000e+01;2.2452396e-01;4.7500000e+01;1.9406624e-01;4.7500000e+01;1.4897394e-01;4.7500000e+01;9.8204285e-02;4.7500000e+01;5.5056825e-02;4.7500000e+01;6.1522350e-03;4.7500000e+01;-3.6926314e-02;4.7500000e+01;-7.9781607e-02;4.7500000e+01;-1.2643844e-01;4.7500000e+01;-5.5182628e-02;4.7500000e+01;-1.3632223e-02;4.7500000e+01;4.7067601e-02;4.7500000e+01;1.2733229e-01;4.7500000e+01;2.1009150e-01;4.7500000e+01;2.6728457e-01;4.7500000e+01;3.0254814e-01;4.7500000e+01;2.9216126e-01;4.7500000e+01;2.3979016e-01;4.7500000e+01;2.2452396e-01;4.7500000e+01;1.9406624e-01;4.7500000e+01;1.4897394e-01;4.7500000e+01;9.8204285e-02;4.7500000e+01;5.5056825e-02;4.7500000e+01;6.1522350e-03;4.7500000e+01;-3.6926314e-02;4.7500000e+01;-7.9781607e-02;4.7500000e+01;-1.2643844e-01;4.7500000e+01;-5.5182628e-02;4.7500000e+01;-1.3632223e-02;4.7500000e+01;4.7067601e-02;4.7500000e+01;1.2733229e-01;4.7500000e+01;2.1009150e-01;4.7500000e+01;2.6728457e-01;4.7500000e+01;3.0254814e-01;4.7500000e+01;2.9216126e-01;4.7500000e+01;2.3979016e-01;4.7500000e+01;2.2452396e-01;4.7500000e+01;1.9406624e-01;4.7500000e+01;1.4897394e-01;4.7500000e+01;9.8204285e-02;4.7500000e+01;5.5056825e-02;4.7500000e+01;6.1522350e-03;4.7500000e+01;-3.6926314e-02;4.7500000e+01;-7.9781607e-02;4.7500000e+01;-1.2643844e-01;4.7500000e+01;-5.5182628e-02;4.7500000e+01;-1.3632223e-02;4.7500000e+01;4.7067601e-02;4.7500000e+01;1.2733229e-01;4.7500000e+01;2.1009150e-01;4.7500000e+01;2.6728457e-01;4.7500000e+01;3.0254814e-01;4.7500000e+01;2.9216126e-01;4.7500000e+01;2.3979016e-01;4.7500000e+01;2.2452396e-01;4.7500000e+01;1.9406624e-01;4.7500000e+01;1.4897394e-01;4.7500000e+01;9.8204285e-02;4.7500000e+01;5.5056825e-02;4.7500000e+01;6.1522350e-03;4.7500000e+01;-3.6926314e-02;4.7500000e+01;-7.9781607e-02;4.7500000e+01;-1.2643844e-01;4.7500000e+01;-5.5182628e-02;4.7500000e+01;-1.3632223e-02;4.7500000e+01;4.7067601e-02;4.7500000e+01;1.2733229e-01;4.7500000e+01;2.1009150e-01;4.7500000e+01;2.6728457e-01;4.7500000e+01;3.0254814e-01;4.7500000e+01;2.9216126e-01;4.7500000e+01;2.3979016e-01;4.7500000e+01;2.2452396e-01;4.7500000e+01;1.9406624e-01;4.7500000e+01;1.4897394e-01;4.7500000e+01;9.8204285e-02;4.7500000e+01;5.5056825e-02;4.7500000e+01;6.1522350e-03;4.7500000e+01;-3.6926314e-02;4.7500000e+01;-7.9781607e-02;4.7500000e+01;-1.2643844e-01;4.7500000e+01;-5.5182628e-02;4.7500000e+01;-1.3632223e-02;4.7500000e+01;4.7067601e-02;4.7500000e+01;1.2733229e-01;4.7500000e+01;2.1009150e-01;4.7500000e+01;2.6728457e-01;4.7500000e+01;3.0254814e-01;4.7500000e+01;2.9216126e-01;4.7500000e+01;2.3979016e-01;4.7500000e+01;2.2452396e-01;4.7500000e+01;1.9406624e-01;4.7500000e+01;1.4897394e-01;4.7500000e+01;9.8204285e-02;4.7500000e+01;5.5056825e-02;4.7500000e+01;6.1522350e-03;4.7500000e+01;-3.6926314e-02;4.7500000e+01;-7.9781607e-02;4.7500000e+01;-1.2643844e-01;4.7500000e+01;-5.5182628e-02;4.7500000e+01;-1.3632223e-02;4.7500000e+01;4.7067601e-02;4.7500000e+01;1.2733229e-01;4.7500000e+01;2.1009150e-01;4.7500000e+01;2.6728457e-01;4.7500000e+01;3.0254814e-01;4.7500000e+01;2.9216126e-01;4.7500000e+01;2.3979016e-01;4.7500000e+01;2.2452396e-01;4.7500000e+01;1.9406624e-01;4.7500000e+01;1.4897394e-01;4.7500000e+01;9.8204285e-02;4.7500000e+01;5.5056825e-02;4.7500000e+01;6.1522350e-03;4.7500000e+01;-3.6926314e-02;4.7500000e+01;-7.9781607e-02;4.7500000e+01;-1.2643844e-01;4.7500000e+01;-5.5182628e-02;4.7500000e+01;-1.3632223e-02;4.7500000e+01;4.7067601e-02;4.7500000e+01;1.2733229e-01;4.7500000e+01;2.1009150e-01;4.7500000e+01;2.6728457e-01;4.7500000e+01;3.0254814e-01;4.7500000e+01;2.9216126e-01;4.7500000e+01;2.3979016e-01;4.7500000e+01;2.2452396e-01;4.7500000e+01;1.9406624e-01;4.7500000e+01;1.4897394e-01;4.7500000e+01;9.8204285e-02;4.7500000e+01;5.5056825e-02;4.7500000e+01;6.1522350e-03;4.7500000e+01;-3.6926314e-02;4.7500000e+01;-7.9781607e-02;4.7500000e+01;-1.2643844e-01;4.7500000e+01;-5.5182628e-02;4.7500000e+01;-1.3632223e-02;4.7500000e+01;4.7067601e-02;4.7500000e+01;1.2733229e-01;4.7500000e+01;2.1009150e-01;4.7500000e+01;2.6728457e-01;4.7500000e+01;3.0254814e-01;4.7500000e+01;2.9216126e-01;4.7500000e+01;2.3979016e-01;4.7500000e+01;2.2452396e-01;4.7500000e+01;1.9406624e-01;4.7500000e+01;1.4897394e-01;4.7500000e+01;9.8204285e-02;4.7500000e+01;5.5056825e-02;4.7500000e+01;6.1522350e-03;4.7500000e+01;-3.6926314e-02;4.7500000e+01;-7.9781607e-02;4.7500000e+01;-1.2643844e-01;4.7500000e+01;-5.5182628e-02;4.7500000e+01;-1.3632223e-02;4.7500000e+01;4.7067601e-02;4.7500000e+01;1.2733229e-01;4.7500000e+01;2.1009150e-01;4.7500000e+01;2.6728457e-01;4.7500000e+01;3.0254814e-01;4.7500000e+01;2.9216126e-01;4.7500000e+01;2.3979016e-01;4.7500000e+01;2.2452396e-01;4.7500000e+01;1.9406624e-01;4.7500000e+01;1.4897394e-01;4.7500000e+01;9.8204285e-02;4.7500000e+01;5.5056825e-02;4.7500000e+01;6.1522350e-03;4.7500000e+01;-3.6926314e-02;4.7500000e+01;-7.9781607e-02;4.7500000e+01;-1.2643844e-01;4.7500000e+01;-5.5182628e-02;4.7500000e+01;-1.3632223e-02;4.7500000e+01;4.7067601e-02;4.7500000e+01;1.2733229e-01;4.7500000e+01;2.1009150e-01;4.7500000e+01;2.6728457e-01;4.7500000e+01;3.0254814e-01;4.7500000e+01;2.9216126e-01;4.7500000e+01;2.3979016e-01;4.7500000e+01;2.2452396e-01;4.7500000e+01;1.9406624e-01;4.7500000e+01;1.4897394e-01;4.7500000e+01;9.8204285e-02;4.7500000e+01;5.5056825e-02;4.7500000e+01;6.1522350e-03;4.7500000e+01;-3.6926314e-02;4.7500000e+01;-7.9781607e-02;4.7500000e+01;-1.2643844e-01;4.7500000e+01;-5.5182628e-02;4.7500000e+01;-1.3632223e-02;4.7500000e+01;4.7067601e-02;4.7500000e+01;1.2733229e-01;4.7500000e+01;2.1009150e-01;4.7500000e+01;2.6728457e-01;4.7500000e+01;3.0254814e-01;4.7500000e+01;2.9216126e-01;4.7500000e+01;2.3979016e-01;4.7500000e+01;2.2452396e-01;4.7500000e+01;1.9406624e-01;4.7500000e+01;1.4897394e-01;4.7500000e+01;9.8204285e-02;4.7500000e+01;5.5056825e-02;4.7500000e+01;6.1522350e-03;4.7500000e+01;-3.6926314e-02;4.7500000e+01;-7.9781607e-02;4.7500000e+01;-1.2643844e-01;4.7500000e+01;-5.5182628e-02;4.7500000e+01;-1.3632223e-02;4.7500000e+01;4.7067601e-02;4.7500000e+01;1.2733229e-01;4.7500000e+01;2.1009150e-01;4.7500000e+01;2.6728457e-01;4.7500000e+01;3.0254814e-01;4.7500000e+01;2.9216126e-01;4.7500000e+01;2.3979016e-01;4.7500000e+01;2.2452396e-01;4.7500000e+01;1.9406624e-01;4.7500000e+01;1.4897394e-01;4.7500000e+01;9.8204285e-02;4.7500000e+01;5.5056825e-02;4.7500000e+01;6.1522350e-03;4.7500000e+01;-3.6926314e-02;4.7500000e+01;-7.9781607e-02;4.7500000e+01;-1.2643844e-01;4.7500000e+01;-5.5182628e-02;4.7500000e+01;-1.3632223e-02;4.7500000e+01;4.7067601e-02;4.7500000e+01;1.2733229e-01;4.7500000e+01;2.1009150e-01;4.7500000e+01;2.6728457e-01;4.7500000e+01;3.0254814e-01;4.7500000e+01;2.9216126e-01;4.7500000e+01;2.3979016e-01;4.7500000e+01;2.2452396e-01;4.7500000e+01;1.9406624e-01;4.7500000e+01;1.4897394e-01;4.7500000e+01;9.8204285e-02;4.7500000e+01;5.5056825e-02;4.7500000e+01;6.1522350e-03;4.7500000e+01;-3.6926314e-02;4.7500000e+01;-7.9781607e-02;4.7500000e+01;-1.2643844e-01;4.7500000e+01;-5.5182628e-02;4.7500000e+01;-1.3632223e-02;4.7500000e+01;4.7067601e-02;4.7500000e+01;1.2733229e-01;4.7500000e+01;2.1009150e-01;4.7500000e+01;2.6728457e-01;4.7500000e+01;3.0254814e-01;4.7500000e+01;2.9216126e-01;4.7500000e+01;2.3979016e-01;4.7500000e+01;2.2452396e-01;4.7500000e+01;1.9406624e-01;4.7500000e+01;1.4897394e-01;4.7500000e+01;9.8204285e-02;4.7500000e+01;5.5056825e-02;4.7500000e+01;6.1522350e-03;4.7500000e+01;-3.6926314e-02;4.7500000e+01;-7.9781607e-02;4.7500000e+01;-1.2643844e-01;4.7500000e+01;-5.5182628e-02;4.7500000e+01;-1.3632223e-02;4.7500000e+01;4.7067601e-02;4.7500000e+01;1.2733229e-01;4.7500000e+01;2.1009150e-01;4.7500000e+01;2.6728457e-01;4.7500000e+01;3.0254814e-01;4.7500000e+01;2.9216126e-01;4.7500000e+01;2.3979016e-01;4.7500000e+01;2.2452396e-01;4.7500000e+01;1.9406624e-01;4.7500000e+01;1.4897394e-01;4.7500000e+01;9.8204285e-02;4.7500000e+01;5.5056825e-02;4.7500000e+01;6.1522350e-03;4.7500000e+01;-3.6926314e-02;4.7500000e+01;-7.9781607e-02;4.7500000e+01;-1.2643844e-01;4.7500000e+01;-5.5182628e-02;4.7500000e+01;-1.3632223e-02;4.7500000e+01;4.7067601e-02;4.7500000e+01;1.2733229e-01;4.7500000e+01;2.1009150e-01;4.7500000e+01;2.6728457e-01;4.7500000e+01;3.0254814e-01;4.7500000e+01;2.9216126e-01;4.7500000e+01;2.3979016e-01;4.7500000e+01;2.2452396e-01;4.7500000e+01;1.9406624e-01;4.7500000e+01;1.4897394e-01;4.7500000e+01;9.8204285e-02;4.7500000e+01;5.5056825e-02;4.7500000e+01;6.1522350e-03;4.7500000e+01;-3.6926314e-02;4.7500000e+01;-7.9781607e-02;4.7500000e+01;-1.2643844e-01;4.7500000e+01;-5.5182628e-02;4.7500000e+01;-1.3632223e-02;4.7500000e+01;4.7067601e-02;4.7500000e+01;1.2733229e-01;4.7500000e+01;2.1009150e-01;4.7500000e+01;2.6728457e-01;4.7500000e+01;3.0254814e-01;4.7500000e+01;2.9216126e-01;4.7500000e+01;2.3979016e-01;4.7500000e+01;2.2452396e-01;4.7500000e+01;1.9406624e-01;4.7500000e+01;1.4897394e-01;4.7500000e+01;9.8204285e-02;4.7500000e+01;5.5056825e-02;4.7500000e+01;6.1522350e-03;4.7500000e+01;-3.6926314e-02;4.7500000e+01;-7.9781607e-02;4.7500000e+01;-1.2643844e-01;4.7500000e+01;-5.5182628e-02;4.7500000e+01;-1.3632223e-02;4.7500000e+01;4.7067601e-02;4.7500000e+01;1.2733229e-01;4.7500000e+01;2.1009150e-01;4.7500000e+01;2.6728457e-01;4.7500000e+01;3.0254814e-01;4.7500000e+01;2.9216126e-01;4.7500000e+01;2.3979016e-01;4.7500000e+01;2.2452396e-01;4.7500000e+01;1.9406624e-01;4.7500000e+01;1.4897394e-01;4.7500000e+01;9.8204285e-02;4.7500000e+01;5.5056825e-02;4.7500000e+01;6.1522350e-03;4.7500000e+01;-3.6926314e-02;4.7500000e+01;-7.9781607e-02;4.7500000e+01;-1.2643844e-01;4.7500000e+01;-5.5182628e-02;4.7500000e+01;-1.3632223e-02;4.7500000e+01;4.7067601e-02;4.7500000e+01;1.2733229e-01;4.7500000e+01;2.1009150e-01;4.7500000e+01;2.6728457e-01;4.7500000e+01;3.0254814e-01;4.7500000e+01;2.9216126e-01;4.7500000e+01;2.3979016e-01;4.7500000e+01;2.2452396e-01;4.7500000e+01;1.9406624e-01;4.7500000e+01;1.4897394e-01;4.7500000e+01;9.8204285e-02;4.7500000e+01;5.5056825e-02;4.7500000e+01;6.1522350e-03;4.7500000e+01;-3.6926314e-02;4.7500000e+01;-7.9781607e-02;4.7500000e+01;-1.2643844e-01;4.7500000e+01;-5.5182628e-02;4.7500000e+01;-1.3632223e-02;4.7500000e+01;4.7067601e-02;4.7500000e+01;1.2733229e-01;4.7500000e+01;2.1009150e-01;4.7500000e+01;2.6728457e-01;4.7500000e+01;3.0254814e-01;4.7500000e+01;2.9216126e-01;4.7500000e+01;2.3979016e-01;4.7500000e+01;2.2452396e-01;4.7500000e+01;1.9406624e-01;4.7500000e+01;1.4897394e-01;4.7500000e+01;9.8204285e-02;4.7500000e+01;5.5056825e-02;4.7500000e+01;6.1522350e-03;4.7500000e+01;-3.6926314e-02;4.7500000e+01;-7.9781607e-02;4.7500000e+01;-1.2643844e-01;4.7500000e+01;-5.5182628e-02;4.7500000e+01;-1.3632223e-02;4.7500000e+01;4.7067601e-02;4.7500000e+01;1.2733229e-01;4.7500000e+01;2.1009150e-01;4.7500000e+01;2.6728457e-01;4.7500000e+01;3.0254814e-01;4.7500000e+01;2.9216126e-01;4.7500000e+01;2.3979016e-01;4.7500000e+01;2.2452396e-01;4.7500000e+01;1.9406624e-01;4.7500000e+01;1.4897394e-01;4.7500000e+01;9.8204285e-02;4.7500000e+01;5.5056825e-02;4.7500000e+01;6.1522350e-03;4.7500000e+01;-3.6926314e-02;4.7500000e+01;-7.9781607e-02;4.7500000e+01;-1.2643844e-01;4.7500000e+01;-5.5182628e-02;4.7500000e+01;-1.3632223e-02;4.7500000e+01;4.7067601e-02;4.7500000e+01;1.2733229e-01;4.7500000e+01;2.1009150e-01;4.7500000e+01;2.6728457e-01;4.7500000e+01;3.0254814e-01;4.7500000e+01;2.9216126e-01;4.7500000e+01;2.3979016e-01;4.7500000e+01;2.2452396e-01;4.7500000e+01;1.9406624e-01;4.7500000e+01;1.4897394e-01;4.7500000e+01;9.8204285e-02;4.7500000e+01;5.5056825e-02;4.7500000e+01;6.1522350e-03;4.7500000e+01;-3.6926314e-02;4.7500000e+01;-7.9781607e-02;4.7500000e+01;-1.2643844e-01;4.7500000e+01;-5.5182628e-02;4.7500000e+01;-1.3632223e-02;4.7500000e+01;4.7067601e-02;4.7500000e+01;1.2733229e-01;4.7500000e+01;2.1009150e-01;4.7500000e+01;2.6728457e-01;4.7500000e+01;3.0254814e-01;4.7500000e+01;2.9216126e-01;4.7500000e+01;2.3979016e-01;4.7500000e+01;2.2452396e-01;4.7500000e+01;1.9406624e-01;4.7500000e+01;1.4897394e-01;4.7500000e+01;9.8204285e-02;4.7500000e+01;5.5056825e-02;4.7500000e+01;6.1522350e-03;4.7500000e+01;-3.6926314e-02;4.7500000e+01;-7.9781607e-02;4.7500000e+01;-1.2643844e-01;4.7500000e+01;-5.5182628e-02;4.7500000e+01;-1.3632223e-02;4.7500000e+01;4.7067601e-02;4.7500000e+01;1.2733229e-01;4.7500000e+01;2.1009150e-01;4.7500000e+01;2.6728457e-01;4.7500000e+01;3.0254814e-01;4.7500000e+01;2.9216126e-01;4.7500000e+01;2.3979016e-01;4.7500000e+01;2.2452396e-01;4.7500000e+01;1.9406624e-01;4.7500000e+01;1.4897394e-01;4.7500000e+01;9.8204285e-02;4.7500000e+01;5.5056825e-02;4.7500000e+01;6.1522350e-03;4.7500000e+01;-3.6926314e-02;4.7500000e+01;-7.9781607e-02;4.7500000e+01;-1.2643844e-01;4.7500000e+01;-5.5182628e-02;4.7500000e+01;-1.3632223e-02;4.7500000e+01;4.7067601e-02;4.7500000e+01;1.2733229e-01;4.7500000e+01;2.1009150e-01;4.7500000e+01;2.6728457e-01;4.7500000e+01;3.0254814e-01;4.7500000e+01;2.9216126e-01;4.7500000e+01;2.3979016e-01;4.7500000e+01;2.2452396e-01;4.7500000e+01;1.9406624e-01;4.7500000e+01;1.4897394e-01;4.7500000e+01;9.8204285e-02;4.7500000e+01;5.5056825e-02;4.7500000e+01;6.1522350e-03;4.7500000e+01;-3.6926314e-02;4.7500000e+01;-7.9781607e-02;4.7500000e+01;-1.2643844e-01;4.7500000e+01;-5.5182628e-02;4.7500000e+01;-1.3632223e-02;4.7500000e+01;4.7067601e-02;4.7500000e+01;1.2733229e-01;4.7500000e+01;2.1009150e-01;4.7500000e+01;2.6728457e-01;4.7500000e+01;3.0254814e-01;4.7500000e+01;2.9216126e-01;4.7500000e+01;2.3979016e-01;4.7500000e+01;2.2452396e-01;4.7500000e+01;1.9406624e-01;4.7500000e+01;1.4897394e-01;4.7500000e+01;9.8204285e-02;4.7500000e+01;5.5056825e-02;4.7500000e+01;6.1522350e-03;4.7500000e+01;-3.6926314e-02;4.7500000e+01;-7.9781607e-02;4.7500000e+01;-1.2643844e-01;4.7500000e+01;-5.5182628e-02;4.7500000e+01;-1.3632223e-02;4.7500000e+01;4.7067601e-02;4.7500000e+01;1.2733229e-01;4.7500000e+01;2.1009150e-01;4.7500000e+01;2.6728457e-01;4.7500000e+01;3.0254814e-01;4.7500000e+01;2.9216126e-01;4.7500000e+01;2.3979016e-01;4.7500000e+01;2.2452396e-01;4.7500000e+01;1.9406624e-01;4.7500000e+01;1.4897394e-01;4.7500000e+01;9.8204285e-02;4.7500000e+01;5.5056825e-02;4.7500000e+01;6.1522350e-03;4.7500000e+01;-3.6926314e-02;4.7500000e+01;-7.9781607e-02;4.7500000e+01;-1.2643844e-01;4.7500000e+01;-5.5182628e-02;4.7500000e+01;-1.3632223e-02;4.7500000e+01;4.7067601e-02;4.7500000e+01;1.2733229e-01;4.7500000e+01;2.1009150e-01;4.7500000e+01;2.6728457e-01;4.7500000e+01;3.0254814e-01;4.7500000e+01;2.9216126e-01;4.7500000e+01;2.3979016e-01;4.7500000e+01;2.2452396e-01;4.7500000e+01;1.9406624e-01;4.7500000e+01;1.4897394e-01;4.7500000e+01;9.8204285e-02;4.7500000e+01;5.5056825e-02;4.7500000e+01;6.1522350e-03;4.7500000e+01;-3.6926314e-02;4.7500000e+01;-7.9781607e-02;4.7500000e+01;-1.2643844e-01;4.7500000e+01;-5.5182628e-02;4.7500000e+01;-1.3632223e-02;4.7500000e+01;4.7067601e-02;4.7500000e+01;1.2733229e-01;4.7500000e+01;2.1009150e-01;4.7500000e+01;2.6728457e-01;4.7500000e+01;3.0254814e-01;4.7500000e+01;2.9216126e-01;4.7500000e+01;2.3979016e-01;4.7500000e+01;2.2452396e-01;4.7500000e+01;1.9406624e-01;4.7500000e+01;1.4897394e-01;4.7500000e+01;9.8204285e-02;4.7500000e+01;5.5056825e-02;4.7500000e+01;6.1522350e-03;4.7500000e+01;-3.6926314e-02;4.7500000e+01;-7.9781607e-02;4.7500000e+01;-1.2643844e-01;4.7500000e+01;-5.5182628e-02;4.7500000e+01;-1.3632223e-02;4.7500000e+01;4.7067601e-02;4.7500000e+01;1.2733229e-01;4.7500000e+01;2.1009150e-01;4.7500000e+01;2.6728457e-01;4.7500000e+01;3.0254814e-01;4.7500000e+01;2.9216126e-01;4.7500000e+01;2.3979016e-01;4.7500000e+01;2.2452396e-01;4.7500000e+01;1.9406624e-01;4.7500000e+01;1.4897394e-01;4.7500000e+01;9.8204285e-02;4.7500000e+01;5.5056825e-02;4.7500000e+01;6.1522350e-03;4.7500000e+01;-3.6926314e-02;4.7500000e+01;-7.9781607e-02;4.7500000e+01;-1.2643844e-01;4.7500000e+01;-5.5182628e-02;4.7500000e+01;-1.3632223e-02;4.7500000e+01;4.7067601e-02;4.7500000e+01;1.2733229e-01;4.7500000e+01;2.1009150e-01;4.7500000e+01;2.6728457e-01;4.7500000e+01;3.0254814e-01;4.7500000e+01;2.9216126e-01;4.7500000e+01;2.3979016e-01;4.7500000e+01;2.2452396e-01;4.7500000e+01;1.9406624e-01;4.7500000e+01;1.4897394e-01;4.7500000e+01;9.8204285e-02;4.7500000e+01;5.5056825e-02;4.7500000e+01;6.1522350e-03;4.7500000e+01;-3.6926314e-02;4.7500000e+01;-7.9781607e-02;4.7500000e+01;-1.2643844e-01;4.7500000e+01;-5.5182628e-02;4.7500000e+01;-1.3632223e-02;4.7500000e+01;4.7067601e-02;4.7500000e+01;1.2733229e-01;4.7500000e+01;2.1009150e-01;4.7500000e+01;2.6728457e-01;4.7500000e+01;3.0254814e-01;4.7500000e+01;2.9216126e-01;4.7500000e+01;2.3979016e-01;4.7500000e+01;2.2452396e-01;4.7500000e+01;1.9406624e-01;4.7500000e+01;1.4897394e-01;4.7500000e+01;9.8204285e-02;4.7500000e+01;5.5056825e-02;4.7500000e+01;6.1522350e-03;4.7500000e+01;-3.6926314e-02;4.7500000e+01;-7.9781607e-02;4.7500000e+01;-1.2643844e-01;4.7500000e+01;-5.5182628e-02;4.7500000e+01;-1.3632223e-02;4.7500000e+01;4.7067601e-02;4.7500000e+01;1.2733229e-01;4.7500000e+01;2.1009150e-01;4.7500000e+01;2.6728457e-01;4.7500000e+01;3.0254814e-01;4.7500000e+01;2.9216126e-01;4.7500000e+01;2.3979016e-01;4.7500000e+01;2.2452396e-01;4.7500000e+01;1.9406624e-01;4.7500000e+01;1.4897394e-01;4.7500000e+01;9.8204285e-02;4.7500000e+01;5.5056825e-02;4.7500000e+01;6.1522350e-03;4.7500000e+01;-3.6926314e-02;4.7500000e+01;-7.9781607e-02;4.7500000e+01;-1.2643844e-01;4.7500000e+01;-5.5182628e-02;4.7500000e+01;-1.3632223e-02;4.7500000e+01;4.7067601e-02;4.7500000e+01;1.2733229e-01;4.7500000e+01;2.1009150e-01;4.7500000e+01;2.6728457e-01;4.7500000e+01;3.0254814e-01;4.7500000e+01;2.9216126e-01;4.7500000e+01;2.3979016e-01;4.7500000e+01;2.2452396e-01;4.7500000e+01;1.9406624e-01;4.7500000e+01;1.4897394e-01;4.7500000e+01;9.8204285e-02;4.7500000e+01;5.5056825e-02;4.7500000e+01;6.1522350e-03;4.7500000e+01;-3.6926314e-02;4.7500000e+01;-7.9781607e-02;4.7500000e+01;-1.2643844e-01;4.7500000e+01;-5.5182628e-02;4.7500000e+01;-1.3632223e-02;4.7500000e+01;4.7067601e-02;4.7500000e+01;1.2733229e-01;4.7500000e+01;2.1009150e-01;4.7500000e+01;2.6728457e-01;4.7500000e+01;3.0254814e-01;4.7500000e+01;2.9216126e-01;4.7500000e+01;2.3979016e-01;4.7500000e+01;2.2452396e-01;4.7500000e+01;1.9406624e-01;4.7500000e+01;1.4897394e-01;4.7500000e+01;9.8204285e-02;4.7500000e+01;5.5056825e-02;4.7500000e+01;6.1522350e-03;4.7500000e+01;-3.6926314e-02;4.7500000e+01;-7.9781607e-02;4.7500000e+01;-1.2643844e-01;4.7500000e+01;-5.5182628e-02;4.7500000e+01;-1.3632223e-02;4.7500000e+01;4.7067601e-02;4.7500000e+01;1.2733229e-01;4.7500000e+01;2.1009150e-01;4.7500000e+01;2.6728457e-01;4.7500000e+01;3.0254814e-01;4.7500000e+01;2.9216126e-01;4.7500000e+01;2.3979016e-01;4.7500000e+01;2.2452396e-01;4.7500000e+01;1.9406624e-01;4.7500000e+01;1.4897394e-01;4.7500000e+01;9.8204285e-02;4.7500000e+01;5.5056825e-02;4.7500000e+01;6.1522350e-03;4.7500000e+01;-3.6926314e-02;4.7500000e+01;-7.9781607e-02;4.7500000e+01;-1.2643844e-01;4.7500000e+01;-5.5182628e-02;4.7500000e+01;-1.3632223e-02;4.7500000e+01;4.7067601e-02;4.7500000e+01;1.2733229e-01;4.7500000e+01;2.1009150e-01;4.7500000e+01;2.6728457e-01;4.7500000e+01;3.0254814e-01;4.7500000e+01;2.9216126e-01;4.7500000e+01;2.3979016e-01;4.7500000e+01;2.2452396e-01;4.7500000e+01;1.9406624e-01;4.7500000e+01;1.4897394e-01;4.7500000e+01;9.8204285e-02;4.7500000e+01;5.5056825e-02;4.7500000e+01;6.1522350e-03;4.7500000e+01;-3.6926314e-02;4.7500000e+01;-7.9781607e-02;4.7500000e+01;-1.2643844e-01;4.7500000e+01;-5.5182628e-02;4.7500000e+01;-1.3632223e-02;4.7500000e+01;4.7067601e-02;4.7500000e+01;1.2733229e-01;4.7500000e+01;2.1009150e-01;4.7500000e+01;2.6728457e-01;4.7500000e+01;3.0254814e-01;4.7500000e+01;2.9216126e-01;4.7500000e+01;2.3979016e-01;4.7500000e+01;2.2452396e-01;4.7500000e+01;1.9406624e-01;4.7500000e+01;1.4897394e-01;4.7500000e+01;9.8204285e-02;4.7500000e+01;5.5056825e-02;4.7500000e+01;6.1522350e-03;4.7500000e+01;-3.6926314e-02;4.7500000e+01;-7.9781607e-02;4.7500000e+01;-1.2643844e-01;4.7500000e+01;-5.5182628e-02;4.7500000e+01;-1.3632223e-02;4.7500000e+01;4.7067601e-02;4.7500000e+01;1.2733229e-01;4.7500000e+01;2.1009150e-01;4.7500000e+01;2.6728457e-01;4.7500000e+01;3.0254814e-01;4.7500000e+01;2.9216126e-01;4.7500000e+01;2.3979016e-01;4.7500000e+01;2.2452396e-01;4.7500000e+01;1.9406624e-01;4.7500000e+01;1.4897394e-01;4.7500000e+01;9.8204285e-02;4.7500000e+01;5.5056825e-02;4.7500000e+01;6.1522350e-03;4.7500000e+01;-3.6926314e-02;4.7500000e+01;-7.9781607e-02;4.7500000e+01;-1.2643844e-01;4.7500000e+01;-5.5182628e-02;4.7500000e+01;-1.3632223e-02;4.7500000e+01;4.7067601e-02;4.7500000e+01;1.2733229e-01;4.7500000e+01;2.1009150e-01;4.7500000e+01;2.6728457e-01;4.7500000e+01;3.0254814e-01;4.7500000e+01;2.9216126e-01;4.7500000e+01;2.3979016e-01;4.7500000e+01;2.2452396e-01;4.7500000e+01;1.9406624e-01;4.7500000e+01;1.4897394e-01;4.7500000e+01;9.8204285e-02;4.7500000e+01;5.5056825e-02;4.7500000e+01;6.1522350e-03;4.7500000e+01;-3.6926314e-02;4.7500000e+01;-7.9781607e-02;4.7500000e+01;-1.2643844e-01;4.7500000e+01;-5.5182628e-02;4.7500000e+01;-1.3632223e-02;4.7500000e+01;4.7067601e-02;4.7500000e+01;1.2733229e-01;4.7500000e+01;2.1009150e-01;4.7500000e+01;2.6728457e-01;4.7500000e+01;3.0254814e-01;4.7500000e+01;2.9216126e-01;4.7500000e+01;2.3979016e-01;4.7500000e+01;2.2452396e-01;4.7500000e+01;1.9406624e-01;4.7500000e+01;1.4897394e-01;4.7500000e+01;9.8204285e-02;4.7500000e+01;5.5056825e-02;4.7500000e+01;6.1522350e-03;4.7500000e+01;-3.6926314e-02;4.7500000e+01;-7.9781607e-02;4.7500000e+01;-1.2643844e-01;4.7500000e+01;-5.5182628e-02;4.7500000e+01;-1.3632223e-02;4.7500000e+01;4.7067601e-02;4.7500000e+01;1.2733229e-01;4.7500000e+01;2.1009150e-01;4.7500000e+01;2.6728457e-01;4.7500000e+01;3.0254814e-01;4.7500000e+01;2.9216126e-01;4.7500000e+01;2.3979016e-01;4.7500000e+01;2.2452396e-01;4.7500000e+01;1.9406624e-01;4.7500000e+01;1.4897394e-01;4.7500000e+01;9.8204285e-02;4.7500000e+01;5.5056825e-02;4.7500000e+01;6.1522350e-03;4.7500000e+01;-3.6926314e-02;4.7500000e+01;-7.9781607e-02;4.7500000e+01;-1.2643844e-01;4.7500000e+01;-5.5182628e-02;4.7500000e+01;-1.3632223e-02;4.7500000e+01;4.7067601e-02;4.7500000e+01;1.2733229e-01;4.7500000e+01;2.1009150e-01;4.7500000e+01;2.6728457e-01;4.7500000e+01;3.0254814e-01;4.7500000e+01;2.9216126e-01;4.7500000e+01;2.3979016e-01;4.7500000e+01;2.2452396e-01;4.7500000e+01;1.9406624e-01;4.7500000e+01;1.4897394e-01;4.7500000e+01;9.8204285e-02;4.7500000e+01;5.5056825e-02;4.7500000e+01;6.1522350e-03;4.7500000e+01;-3.6926314e-02;4.7500000e+01;-7.9781607e-02;4.7500000e+01;-1.2643844e-01;4.7500000e+01;-5.5182628e-02;4.7500000e+01;-1.3632223e-02;4.7500000e+01;4.7067601e-02;4.7500000e+01;1.2733229e-01;4.7500000e+01;2.1009150e-01;4.7500000e+01;2.6728457e-01;4.7500000e+01;3.0254814e-01;4.7500000e+01;2.9216126e-01;4.7500000e+01;2.3979016e-01;4.7500000e+01;2.2452396e-01;4.7500000e+01;1.9406624e-01;4.7500000e+01;1.4897394e-01;4.7500000e+01;9.8204285e-02;4.7500000e+01;5.5056825e-02;4.7500000e+01;6.1522350e-03;4.7500000e+01;-3.6926314e-02;4.7500000e+01;-7.9781607e-02;4.7500000e+01;-1.2643844e-01;4.7500000e+01;-5.5182628e-02;4.7500000e+01;-1.3632223e-02;4.7500000e+01;4.7067601e-02;4.7500000e+01;1.2733229e-01;4.7500000e+01;2.1009150e-01;4.7500000e+01;2.6728457e-01;4.7500000e+01;3.0254814e-01;4.7500000e+01;2.9216126e-01;4.7500000e+01;2.3979016e-01;4.7500000e+01;2.2452396e-01;4.7500000e+01;1.9406624e-01;4.7500000e+01;1.4897394e-01;4.7500000e+01;9.8204285e-02;4.7500000e+01;5.5056825e-02;4.7500000e+01;6.1522350e-03;4.7500000e+01;-3.6926314e-02;4.7500000e+01;-7.9781607e-02;4.7500000e+01;-1.2643844e-01;4.7500000e+01;-5.5182628e-02;4.7500000e+01;-1.3632223e-02;4.7500000e+01;4.7067601e-02;4.7500000e+01;1.2733229e-01;4.7500000e+01;2.1009150e-01;4.7500000e+01;2.6728457e-01;4.7500000e+01;3.0254814e-01;4.7500000e+01;2.9216126e-01;4.7500000e+01;2.3979016e-01;4.7500000e+01;2.2452396e-01;4.7500000e+01;1.9406624e-01;4.7500000e+01;1.4897394e-01;4.7500000e+01;9.8204285e-02;4.7500000e+01;5.5056825e-02;4.7500000e+01;6.1522350e-03;4.7500000e+01;-3.6926314e-02;4.7500000e+01;-7.9781607e-02;4.7500000e+01;-1.2643844e-01;4.7500000e+01;-5.5182628e-02;4.7500000e+01;-1.3632223e-02;4.7500000e+01;4.7067601e-02;4.7500000e+01;1.2733229e-01;4.7500000e+01;2.1009150e-01;4.7500000e+01;2.6728457e-01;4.7500000e+01;3.0254814e-01;4.7500000e+01;2.9216126e-01;4.7500000e+01;2.3979016e-01;4.7500000e+01;2.2452396e-01;4.7500000e+01;1.9406624e-01;4.7500000e+01;1.4897394e-01;4.7500000e+01;9.8204285e-02;4.7500000e+01;5.5056825e-02;4.7500000e+01;6.1522350e-03;4.7500000e+01;-3.6926314e-02;4.7500000e+01;-7.9781607e-02;4.7500000e+01;-1.2643844e-01;4.7500000e+01;-5.5182628e-02;4.7500000e+01;-1.3632223e-02;4.7500000e+01;4.7067601e-02;4.7500000e+01;1.2733229e-01;4.7500000e+01;2.1009150e-01;4.7500000e+01;2.6728457e-01;4.7500000e+01;3.0254814e-01;4.7500000e+01;2.9216126e-01;4.7500000e+01;2.3979016e-01;4.7500000e+01;2.2452396e-01;4.7500000e+01;1.9406624e-01;4.7500000e+01;1.4897394e-01;4.7500000e+01;9.8204285e-02;4.7500000e+01;5.5056825e-02;4.7500000e+01;6.1522350e-03;4.7500000e+01;-3.6926314e-02;4.7500000e+01;-7.9781607e-02;4.7500000e+01;-1.2643844e-01;4.7500000e+01;-5.5182628e-02;4.7500000e+01;-1.3632223e-02;4.7500000e+01;4.7067601e-02;4.7500000e+01;1.2733229e-01;4.7500000e+01;2.1009150e-01;4.7500000e+01;2.6728457e-01;4.7500000e+01;3.0254814e-01;4.7500000e+01;2.9216126e-01;4.7500000e+01;2.3979016e-01;4.7500000e+01;2.2452396e-01;4.7500000e+01;1.9406624e-01;4.7500000e+01;1.4897394e-01;4.7500000e+01;9.8204285e-02;4.7500000e+01;5.5056825e-02;4.7500000e+01;6.1522350e-03;4.7500000e+01;-3.6926314e-02;4.7500000e+01;-7.9781607e-02;4.7500000e+01;-1.2643844e-01;4.7500000e+01;-5.5182628e-02;4.7500000e+01;-1.3632223e-02;4.7500000e+01;4.7067601e-02;4.7500000e+01;1.2733229e-01;4.7500000e+01;2.1009150e-01;4.7500000e+01;2.6728457e-01;4.7500000e+01;3.0254814e-01;4.7500000e+01;2.9216126e-01;4.7500000e+01;2.3979016e-01;4.7500000e+01;2.2452396e-01;4.7500000e+01;1.9406624e-01;4.7500000e+01;1.4897394e-01;4.7500000e+01;9.8204285e-02;4.7500000e+01;5.5056825e-02;4.7500000e+01;6.1522350e-03;4.7500000e+01;-3.6926314e-02;4.7500000e+01;-7.9781607e-02;4.7500000e+01;-1.2643844e-01;4.7500000e+01;-5.5182628e-02;4.7500000e+01;-1.3632223e-02;4.7500000e+01;4.7067601e-02;4.7500000e+01;1.2733229e-01;4.7500000e+01;2.1009150e-01;4.7500000e+01;2.6728457e-01;4.7500000e+01;3.0254814e-01;4.7500000e+01;2.9216126e-01;4.7500000e+01;2.3979016e-01;4.7500000e+01;2.2452396e-01;4.7500000e+01;1.9406624e-01;4.7500000e+01;1.4897394e-01;4.7500000e+01;9.8204285e-02;4.7500000e+01;5.5056825e-02;4.7500000e+01;6.1522350e-03;4.7500000e+01;-3.6926314e-02;4.7500000e+01;-7.9781607e-02;4.7500000e+01;-1.2643844e-01;4.7500000e+01;-5.5182628e-02;4.7500000e+01;-1.3632223e-02;4.7500000e+01;4.7067601e-02;4.7500000e+01;1.2733229e-01;4.7500000e+01;2.1009150e-01;4.7500000e+01;2.6728457e-01;4.7500000e+01;3.0254814e-01;4.7500000e+01;2.9216126e-01;4.7500000e+01;2.3979016e-01;4.7500000e+01;2.2452396e-01;4.7500000e+01;1.9406624e-01;4.7500000e+01;1.4897394e-01;4.7500000e+01;9.8204285e-02;4.7500000e+01;5.5056825e-02;4.7500000e+01;6.1522350e-03;4.7500000e+01;-3.6926314e-02;4.7500000e+01;-7.9781607e-02;4.7500000e+01;-1.2643844e-01;4.7500000e+01;-5.5182628e-02;4.7500000e+01;-1.3632223e-02;4.7500000e+01;4.7067601e-02;4.7500000e+01;1.2733229e-01;4.7500000e+01;2.1009150e-01;4.7500000e+01;2.6728457e-01;4.7500000e+01;3.0254814e-01;4.7500000e+01;2.9216126e-01;4.7500000e+01;2.3979016e-01;4.7500000e+01;2.2452396e-01;4.7500000e+01;1.9406624e-01;4.7500000e+01;1.4897394e-01;4.7500000e+01;9.8204285e-02;4.7500000e+01;5.5056825e-02;4.7500000e+01;6.1522350e-03;4.7500000e+01;-3.6926314e-02;4.7500000e+01;-7.9781607e-02;4.7500000e+01;-1.2643844e-01;4.7500000e+01;-5.5182628e-02;4.7500000e+01;-1.3632223e-02;4.7500000e+01;4.7067601e-02;4.7500000e+01;1.2733229e-01;4.7500000e+01;2.1009150e-01;4.7500000e+01;2.6728457e-01;4.7500000e+01;3.0254814e-01;4.7500000e+01;2.9216126e-01;4.7500000e+01;2.3979016e-01;4.7500000e+01;2.2452396e-01;4.7500000e+01;1.9406624e-01;4.7500000e+01;1.4897394e-01;4.7500000e+01;9.8204285e-02;4.7500000e+01;5.5056825e-02;4.7500000e+01;6.1522350e-03;4.7500000e+01;-3.6926314e-02;4.7500000e+01;-7.9781607e-02;4.7500000e+01;-1.2643844e-01;4.7500000e+01;-5.5182628e-02;4.7500000e+01;-1.3632223e-02;4.7500000e+01;4.7067601e-02;4.7500000e+01;1.2733229e-01;4.7500000e+01;2.1009150e-01;4.7500000e+01;2.6728457e-01;4.7500000e+01;3.0254814e-01;4.7500000e+01;2.9216126e-01;4.7500000e+01;2.3979016e-01;4.7500000e+01;2.2452396e-01;4.7500000e+01;1.9406624e-01;4.7500000e+01;1.4897394e-01;4.7500000e+01;9.8204285e-02;4.7500000e+01;5.5056825e-02;4.7500000e+01;6.1522350e-03;4.7500000e+01;-3.6926314e-02;4.7500000e+01;-7.9781607e-02;4.7500000e+01;-1.2643844e-01;4.7500000e+01;-5.5182628e-02;4.7500000e+01;-1.3632223e-02;4.7500000e+01;4.7067601e-02;4.7500000e+01;1.2733229e-01;4.7500000e+01;2.1009150e-01;4.7500000e+01;2.6728457e-01;4.7500000e+01;3.0254814e-01;4.7500000e+01;2.9216126e-01;4.7500000e+01;2.3979016e-01;4.7500000e+01;2.2452396e-01;4.7500000e+01;1.9406624e-01;4.7500000e+01;1.4897394e-01;4.7500000e+01;9.8204285e-02;4.7500000e+01;5.5056825e-02;4.7500000e+01;6.1522350e-03;4.7500000e+01;-3.6926314e-02;4.7500000e+01;-7.9781607e-02;4.7500000e+01;-1.2643844e-01;4.7500000e+01;-5.5182628e-02;4.7500000e+01;-1.3632223e-02;4.7500000e+01;4.7067601e-02;4.7500000e+01;1.2733229e-01;4.7500000e+01;2.1009150e-01;4.7500000e+01;2.6728457e-01;4.7500000e+01;3.0254814e-01;4.7500000e+01;2.9216126e-01;4.7500000e+01;2.3979016e-01;4.7500000e+01;2.2452396e-01;4.7500000e+01;1.9406624e-01;4.7500000e+01;1.4897394e-01;4.7500000e+01;9.8204285e-02;4.7500000e+01;5.5056825e-02;4.7500000e+01;6.1522350e-03;4.7500000e+01;-3.6926314e-02;4.7500000e+01;-7.9781607e-02;4.7500000e+01;-1.2643844e-01;4.7500000e+01;-5.5182628e-02;4.7500000e+01;-1.3632223e-02;4.7500000e+01;4.7067601e-02;4.7500000e+01;1.2733229e-01;4.7500000e+01;2.1009150e-01;4.7500000e+01;2.6728457e-01;4.7500000e+01;3.0254814e-01;4.7500000e+01;2.9216126e-01;4.7500000e+01;2.3979016e-01;4.7500000e+01;2.2452396e-01;4.7500000e+01;1.9406624e-01;4.7500000e+01;1.4897394e-01;4.7500000e+01;9.8204285e-02;4.7500000e+01;5.5056825e-02;4.7500000e+01;6.1522350e-03;4.7500000e+01;-3.6926314e-02;4.7500000e+01;-7.9781607e-02;4.7500000e+01;-1.2643844e-01;4.7500000e+01;-5.5182628e-02;4.7500000e+01;-1.3632223e-02;4.7500000e+01;4.7067601e-02;4.7500000e+01;1.2733229e-01;4.7500000e+01;2.1009150e-01;4.7500000e+01;2.6728457e-01;4.7500000e+01;3.0254814e-01;4.7500000e+01;2.9216126e-01;4.7500000e+01;2.3979016e-01;4.7500000e+01;2.2452396e-01;4.7500000e+01;1.9406624e-01;4.7500000e+01;1.4897394e-01;4.7500000e+01;9.8204285e-02;4.7500000e+01;5.5056825e-02;4.7500000e+01;6.1522350e-03;4.7500000e+01;-3.6926314e-02;4.7500000e+01;-7.9781607e-02;4.7500000e+01;-1.2643844e-01;4.7500000e+01;-5.5182628e-02;4.7500000e+01;-1.3632223e-02;4.7500000e+01;4.7067601e-02;4.7500000e+01;1.2733229e-01;4.7500000e+01;2.1009150e-01;4.7500000e+01;2.6728457e-01;4.7500000e+01;3.0254814e-01;4.7500000e+01;2.9216126e-01;4.7500000e+01;2.3979016e-01;4.7500000e+01;2.2452396e-01;4.7500000e+01;1.9406624e-01;4.7500000e+01;1.4897394e-01;4.7500000e+01;9.8204285e-02;4.7500000e+01;5.5056825e-02;4.7500000e+01;6.1522350e-03;4.7500000e+01;-3.6926314e-02;4.7500000e+01;-7.9781607e-02;4.7500000e+01;-1.2643844e-01;4.7500000e+01;-5.5182628e-02;4.7500000e+01;-1.3632223e-02;4.7500000e+01;4.7067601e-02;4.7500000e+01;1.2733229e-01;4.7500000e+01;2.1009150e-01;4.7500000e+01;2.6728457e-01;4.7500000e+01;3.0254814e-01;4.7500000e+01;2.9216126e-01;4.7500000e+01;2.3979016e-01;4.7500000e+01;2.2452396e-01;4.7500000e+01;1.9406624e-01;4.7500000e+01;1.4897394e-01;4.7500000e+01;9.8204285e-02;4.7500000e+01;5.5056825e-02;4.7500000e+01;6.1522350e-03;4.7500000e+01;-3.6926314e-02;4.7500000e+01;-7.9781607e-02;4.7500000e+01;-1.2643844e-01;4.7500000e+01;-5.5182628e-02;4.7500000e+01;-1.3632223e-02;4.7500000e+01;4.7067601e-02;4.7500000e+01;1.2733229e-01;4.7500000e+01;2.1009150e-01;4.7500000e+01;2.6728457e-01;4.7500000e+01;3.0254814e-01;4.7500000e+01;2.9216126e-01;4.7500000e+01;2.3979016e-01;4.7500000e+01;2.2452396e-01;4.7500000e+01;1.9406624e-01;4.7500000e+01;1.4897394e-01;4.7500000e+01;9.8204285e-02;4.7500000e+01;5.5056825e-02;4.7500000e+01;6.1522350e-03;4.7500000e+01;-3.6926314e-02;4.7500000e+01;-7.9781607e-02;4.7500000e+01;-1.2643844e-01;4.7500000e+01;-5.5182628e-02;4.7500000e+01;-1.3632223e-02;4.7500000e+01;4.7067601e-02;4.7500000e+01;1.2733229e-01;4.7500000e+01;2.1009150e-01;4.7500000e+01;2.6728457e-01;4.7500000e+01;3.0254814e-01;4.7500000e+01;2.9216126e-01;4.7500000e+01;2.3979016e-01;4.7500000e+01;2.2452396e-01;4.7500000e+01;1.9406624e-01;4.7500000e+01;1.4897394e-01;4.7500000e+01;9.8204285e-02;4.7500000e+01;5.5056825e-02;4.7500000e+01;6.1522350e-03;4.7500000e+01;-3.6926314e-02;4.7500000e+01;-7.9781607e-02;4.7500000e+01;-1.2643844e-01;4.7500000e+01;-5.5182628e-02;4.7500000e+01;-1.3632223e-02;4.7500000e+01;4.7067601e-02;4.7500000e+01;1.2733229e-01;4.7500000e+01;2.1009150e-01;4.7500000e+01;2.6728457e-01;4.7500000e+01;3.0254814e-01;4.7500000e+01;2.9216126e-01;4.7500000e+01;2.3979016e-01;4.7500000e+01;2.2452396e-01;4.7500000e+01;1.9406624e-01;4.7500000e+01;1.4897394e-01;4.7500000e+01;9.8204285e-02;4.7500000e+01;5.5056825e-02;4.7500000e+01;6.1522350e-03;4.7500000e+01;-3.6926314e-02;4.7500000e+01;-7.9781607e-02;4.7500000e+01;-1.2643844e-01;4.7500000e+01;-5.5182628e-02;4.7500000e+01;-1.3632223e-02;4.7500000e+01;4.7067601e-02;4.7500000e+01;1.2733229e-01;4.7500000e+01;2.1009150e-01;4.7500000e+01;2.6728457e-01;4.7500000e+01;3.0254814e-01;4.7500000e+01;2.9216126e-01;4.7500000e+01;2.3979016e-01;4.7500000e+01;2.2452396e-01;4.7500000e+01;1.9406624e-01;4.7500000e+01;1.4897394e-01;4.7500000e+01;9.8204285e-02;4.7500000e+01;5.5056825e-02;4.7500000e+01;6.1522350e-03;4.7500000e+01;-3.6926314e-02;4.7500000e+01;-7.9781607e-02;4.7500000e+01;-1.2643844e-01;4.7500000e+01;-5.5182628e-02;4.7500000e+01;-1.3632223e-02;4.7500000e+01;4.7067601e-02;4.7500000e+01;1.2733229e-01;4.7500000e+01;2.1009150e-01;4.7500000e+01;2.6728457e-01;4.7500000e+01;3.0254814e-01;4.7500000e+01;2.9216126e-01;4.7500000e+01;2.3979016e-01;4.7500000e+01;2.2452396e-01;4.7500000e+01;1.9406624e-01;4.7500000e+01;1.4897394e-01;4.7500000e+01;9.8204285e-02;4.7500000e+01;5.5056825e-02;4.7500000e+01;6.1522350e-03;4.7500000e+01;-3.6926314e-02;4.7500000e+01;-7.9781607e-02;4.7500000e+01;-1.2643844e-01;4.7500000e+01;-5.5182628e-02;4.7500000e+01;-1.3632223e-02;4.7500000e+01;4.7067601e-02;4.7500000e+01;1.2733229e-01;4.7500000e+01;2.1009150e-01;4.7500000e+01;2.6728457e-01;4.7500000e+01;3.0254814e-01;4.7500000e+01;2.9216126e-01;4.7500000e+01;2.3979016e-01;4.7500000e+01;2.2452396e-01;4.7500000e+01;1.9406624e-01;4.7500000e+01;1.4897394e-01;4.7500000e+01;9.8204285e-02;4.7500000e+01;5.5056825e-02;4.7500000e+01;6.1522350e-03;4.7500000e+01;-3.6926314e-02;4.7500000e+01;-7.9781607e-02;4.7500000e+01;-1.2643844e-01;4.7500000e+01;-5.5182628e-02;4.7500000e+01;-1.3632223e-02;4.7500000e+01;4.7067601e-02;4.7500000e+01;1.2733229e-01;4.7500000e+01;2.1009150e-01;4.7500000e+01;2.6728457e-01;4.7500000e+01;3.0254814e-01;4.7500000e+01;2.9216126e-01;4.7500000e+01;2.3979016e-01;4.7500000e+01;2.2452396e-01;4.7500000e+01;1.9406624e-01;4.7500000e+01;1.4897394e-01;4.7500000e+01;9.8204285e-02;4.7500000e+01;5.5056825e-02;4.7500000e+01;6.1522350e-03;4.7500000e+01;-3.6926314e-02;4.7500000e+01;-7.9781607e-02;4.7500000e+01;-1.2643844e-01;4.7500000e+01;-5.5182628e-02;4.7500000e+01;-1.3632223e-02;4.7500000e+01;4.7067601e-02;4.7500000e+01;1.2733229e-01;4.7500000e+01;2.1009150e-01;4.7500000e+01;2.6728457e-01;4.7500000e+01;3.0254814e-01;4.7500000e+01;2.9216126e-01;4.7500000e+01;2.3979016e-01;4.7500000e+01;2.2452396e-01;4.7500000e+01;1.9406624e-01;4.7500000e+01;1.4897394e-01;4.7500000e+01;9.8204285e-02;4.7500000e+01;5.5056825e-02;4.7500000e+01;6.1522350e-03;4.7500000e+01;-3.6926314e-02;4.7500000e+01;-7.9781607e-02;4.7500000e+01;-1.2643844e-01;4.7500000e+01;-5.5182628e-02;4.7500000e+01;-1.3632223e-02;4.7500000e+01;4.7067601e-02;4.7500000e+01;1.2733229e-01;4.7500000e+01;2.1009150e-01;4.7500000e+01;2.6728457e-01;4.7500000e+01;3.0254814e-01;4.7500000e+01;2.9216126e-01;4.7500000e+01;2.3979016e-01;4.7500000e+01;2.2452396e-01;4.7500000e+01;1.9406624e-01;4.7500000e+01;1.4897394e-01;4.7500000e+01;9.8204285e-02;4.7500000e+01;5.5056825e-02;4.7500000e+01;6.1522350e-03;4.7500000e+01;-3.6926314e-02;4.7500000e+01;-7.9781607e-02;4.7500000e+01;-1.2643844e-01;4.7500000e+01;-5.5182628e-02;4.7500000e+01;-1.3632223e-02;4.7500000e+01;4.7067601e-02;4.7500000e+01;1.2733229e-01;4.7500000e+01;2.1009150e-01;4.7500000e+01;2.6728457e-01;4.7500000e+01;3.0254814e-01;4.7500000e+01;2.9216126e-01;4.7500000e+01;2.3979016e-01;4.7500000e+01;2.2452396e-01;4.7500000e+01;1.9406624e-01;4.7500000e+01;1.4897394e-01;4.7500000e+01;9.8204285e-02;4.7500000e+01;5.5056825e-02;4.7500000e+01;6.1522350e-03;4.7500000e+01;-3.6926314e-02;4.7500000e+01;-7.9781607e-02;4.7500000e+01;-1.2643844e-01;4.7500000e+01;-5.5182628e-02;4.7500000e+01;-1.3632223e-02;4.7500000e+01;4.7067601e-02;4.7500000e+01;1.2733229e-01;4.7500000e+01;2.1009150e-01;4.7500000e+01;2.6728457e-01;4.7500000e+01;3.0254814e-01;4.7500000e+01;2.9216126e-01;4.7500000e+01;2.3979016e-01;4.7500000e+01;2.2452396e-01;4.7500000e+01;1.9406624e-01;4.7500000e+01;1.4897394e-01;4.7500000e+01;9.8204285e-02;4.7500000e+01;5.5056825e-02;4.7500000e+01;6.1522350e-03;4.7500000e+01;-3.6926314e-02;4.7500000e+01;-7.9781607e-02;4.7500000e+01;-1.2643844e-01;4.7500000e+01;-5.5182628e-02;4.7500000e+01;-1.3632223e-02;4.7500000e+01;4.7067601e-02;4.7500000e+01;1.2733229e-01;4.7500000e+01;2.1009150e-01;4.7500000e+01;2.6728457e-01;4.7500000e+01;3.0254814e-01;4.7500000e+01;2.9216126e-01;4.7500000e+01;2.3979016e-01;4.7500000e+01;2.2452396e-01;4.7500000e+01;1.9406624e-01;4.7500000e+01;1.4897394e-01;4.7500000e+01;9.8204285e-02;4.7500000e+01;5.5056825e-02;4.7500000e+01;6.1522350e-03;4.7500000e+01;-3.6926314e-02;4.7500000e+01;-7.9781607e-02;4.7500000e+01;-1.2643844e-01;4.7500000e+01;-5.5182628e-02;4.7500000e+01;-1.3632223e-02;4.7500000e+01;4.7067601e-02;4.7500000e+01;1.2733229e-01;4.7500000e+01;2.1009150e-01;4.7500000e+01;2.6728457e-01;4.7500000e+01;3.0254814e-01;4.7500000e+01;2.9216126e-01;4.7500000e+01;2.3979016e-01;4.7500000e+01;2.2452396e-01;4.7500000e+01;1.9406624e-01;4.7500000e+01;1.4897394e-01;4.7500000e+01;9.8204285e-02;4.7500000e+01;5.5056825e-02;4.7500000e+01;6.1522350e-03;4.7500000e+01;-3.6926314e-02;4.7500000e+01;-7.9781607e-02;4.7500000e+01;-1.2643844e-01;4.7500000e+01;-5.5182628e-02;4.7500000e+01;-1.3632223e-02;4.7500000e+01;4.7067601e-02;4.7500000e+01;1.2733229e-01;4.7500000e+01;2.1009150e-01;4.7500000e+01;2.6728457e-01;4.7500000e+01;3.0254814e-01;4.7500000e+01;2.9216126e-01;4.7500000e+01;2.3979016e-01;4.7500000e+01;2.2452396e-01;4.7500000e+01;1.9406624e-01;4.7500000e+01;1.4897394e-01;4.7500000e+01;9.8204285e-02;4.7500000e+01;5.5056825e-02;4.7500000e+01;6.1522350e-03;4.7500000e+01;-3.6926314e-02;4.7500000e+01;-7.9781607e-02;4.7500000e+01;-1.2643844e-01;4.7500000e+01;-5.5182628e-02;4.7500000e+01;-1.3632223e-02;4.7500000e+01;4.7067601e-02;4.7500000e+01;1.2733229e-01;4.7500000e+01;2.1009150e-01;4.7500000e+01;2.6728457e-01;4.7500000e+01;3.0254814e-01;4.7500000e+01;2.9216126e-01;4.7500000e+01;2.3979016e-01;4.7500000e+01;2.2452396e-01;4.7500000e+01;1.9406624e-01;4.7500000e+01;1.4897394e-01;4.7500000e+01;9.8204285e-02;4.7500000e+01;5.5056825e-02;4.7500000e+01;6.1522350e-03;4.7500000e+01;-3.6926314e-02;4.7500000e+01;-7.9781607e-02;4.7500000e+01;-1.2643844e-01;4.7500000e+01;-5.5182628e-02;4.7500000e+01;-1.3632223e-02;4.7500000e+01;4.7067601e-02;4.7500000e+01;1.2733229e-01;4.7500000e+01;2.1009150e-01;4.7500000e+01;2.6728457e-01;4.7500000e+01;3.0254814e-01;4.7500000e+01;2.9216126e-01;4.7500000e+01;2.3979016e-01;4.7500000e+01;2.2452396e-01;4.7500000e+01;1.9406624e-01;4.7500000e+01;1.4897394e-01;4.7500000e+01;9.8204285e-02;4.7500000e+01;5.5056825e-02;4.7500000e+01;6.1522350e-03;4.7500000e+01;-3.6926314e-02;4.7500000e+01;-7.9781607e-02;4.7500000e+01;-1.2643844e-01;4.7500000e+01;-5.5182628e-02;4.7500000e+01;-1.3632223e-02;4.7500000e+01;4.7067601e-02;4.7500000e+01;1.2733229e-01;4.7500000e+01;2.1009150e-01;4.7500000e+01;2.6728457e-01;4.7500000e+01;3.0254814e-01;4.7500000e+01;2.9216126e-01;4.7500000e+01;2.3979016e-01;4.7500000e+01;2.2452396e-01;4.7500000e+01;1.9406624e-01;4.7500000e+01;1.4897394e-01;4.7500000e+01;9.8204285e-02;4.7500000e+01;5.5056825e-02;4.7500000e+01;6.1522350e-03;4.7500000e+01;-3.6926314e-02;4.7500000e+01;-7.9781607e-02;4.7500000e+01;-1.2643844e-01;4.7500000e+01;-5.5182628e-02;4.7500000e+01;-1.3632223e-02;4.7500000e+01;4.7067601e-02;4.7500000e+01;1.2733229e-01;4.7500000e+01;2.1009150e-01;4.7500000e+01;2.6728457e-01;4.7500000e+01;3.0254814e-01;4.7500000e+01;2.9216126e-01;4.7500000e+01;2.3979016e-01;4.7500000e+01;2.2452396e-01;4.7500000e+01;1.9406624e-01;4.7500000e+01;1.4897394e-01;4.7500000e+01;9.8204285e-02;4.7500000e+01;5.5056825e-02;4.7500000e+01;6.1522350e-03;4.7500000e+01;-3.6926314e-02;4.7500000e+01;-7.9781607e-02;4.7500000e+01;-1.2643844e-01;4.7500000e+01;-5.5182628e-02;4.7500000e+01;-1.3632223e-02;4.7500000e+01;4.7067601e-02;4.7500000e+01;1.2733229e-01;4.7500000e+01;2.1009150e-01;4.7500000e+01;2.6728457e-01;4.7500000e+01;3.0254814e-01;4.7500000e+01;2.9216126e-01;4.7500000e+01;2.3979016e-01;4.7500000e+01;2.2452396e-01;4.7500000e+01;1.9406624e-01;4.7500000e+01;1.4897394e-01;4.7500000e+01;9.8204285e-02;4.7500000e+01;5.5056825e-02;4.7500000e+01;6.1522350e-03;4.7500000e+01;-3.6926314e-02;4.7500000e+01;-7.9781607e-02;4.7500000e+01;-1.2643844e-01;4.7500000e+01;-5.5182628e-02;4.7500000e+01;-1.3632223e-02;4.7500000e+01;4.7067601e-02;4.7500000e+01;1.2733229e-01;4.7500000e+01;2.1009150e-01;4.7500000e+01;2.6728457e-01;4.7500000e+01;3.0254814e-01;4.7500000e+01;2.9216126e-01;4.7500000e+01;2.3979016e-01;4.7500000e+01;2.2452396e-01;4.7500000e+01;1.9406624e-01;4.7500000e+01;1.4897394e-01;4.7500000e+01;9.8204285e-02;4.7500000e+01;5.5056825e-02;4.7500000e+01;6.1522350e-03;4.7500000e+01;-3.6926314e-02;4.7500000e+01;-7.9781607e-02;4.7500000e+01;-1.2643844e-01;4.7500000e+01;-5.5182628e-02;4.7500000e+01;-1.3632223e-02;4.7500000e+01;4.7067601e-02;4.7500000e+01;1.2733229e-01;4.7500000e+01;2.1009150e-01;4.7500000e+01;2.6728457e-01;4.7500000e+01;3.0254814e-01;4.7500000e+01;2.9216126e-01;4.7500000e+01;2.3979016e-01;4.7500000e+01;2.2452396e-01;4.7500000e+01;1.9406624e-01;4.7500000e+01;1.4897394e-01;4.7500000e+01;9.8204285e-02;4.7500000e+01;5.5056825e-02;4.7500000e+01;6.1522350e-03;4.7500000e+01;-3.6926314e-02;4.7500000e+01;-7.9781607e-02;4.7500000e+01;-1.2643844e-01;4.7500000e+01;-5.5182628e-02;4.7500000e+01;-1.3632223e-02;4.7500000e+01;4.7067601e-02;4.7500000e+01;1.2733229e-01;4.7500000e+01;2.1009150e-01;4.7500000e+01;2.6728457e-01;4.7500000e+01;3.0254814e-01;4.7500000e+01;2.9216126e-01;4.7500000e+01;2.3979016e-01;4.7500000e+01;2.2452396e-01;4.7500000e+01;1.9406624e-01;4.7500000e+01;1.4897394e-01;4.7500000e+01;9.8204285e-02;4.7500000e+01;5.5056825e-02;4.7500000e+01;6.1522350e-03;4.7500000e+01;-3.6926314e-02;4.7500000e+01;-7.9781607e-02;4.7500000e+01;-1.2643844e-01;4.7500000e+01;-5.5182628e-02;4.7500000e+01;-1.3632223e-02;4.7500000e+01;4.7067601e-02;4.7500000e+01;1.2733229e-01;4.7500000e+01;2.1009150e-01;4.7500000e+01;2.6728457e-01;4.7500000e+01;3.0254814e-01;4.7500000e+01;2.9216126e-01;4.7500000e+01;2.3979016e-01;4.7500000e+01;2.2452396e-01;4.7500000e+01;1.9406624e-01;4.7500000e+01;1.4897394e-01;4.7500000e+01;9.8204285e-02;4.7500000e+01;5.5056825e-02;4.7500000e+01;6.1522350e-03;4.7500000e+01;-3.6926314e-02;4.7500000e+01;-7.9781607e-02;4.7500000e+01;-1.2643844e-01;4.7500000e+01;-5.5182628e-02;4.7500000e+01;-1.3632223e-02;4.7500000e+01;4.7067601e-02;4.7500000e+01;1.2733229e-01;4.7500000e+01;2.1009150e-01;4.7500000e+01;2.6728457e-01;4.7500000e+01;3.0254814e-01;4.7500000e+01;2.9216126e-01;4.7500000e+01;2.3979016e-01;4.7500000e+01;2.2452396e-01;4.7500000e+01;1.9406624e-01;4.7500000e+01;1.4897394e-01;4.7500000e+01;9.8204285e-02;4.7500000e+01;5.5056825e-02;4.7500000e+01;6.1522350e-03;4.7500000e+01;-3.6926314e-02;4.7500000e+01;-7.9781607e-02;4.7500000e+01;-1.2643844e-01;4.7500000e+01;-5.5182628e-02;4.7500000e+01;-1.3632223e-02;4.7500000e+01;4.7067601e-02;4.7500000e+01;1.2733229e-01;4.7500000e+01;2.1009150e-01;4.7500000e+01;2.6728457e-01;4.7500000e+01;3.0254814e-01;4.7500000e+01;2.9216126e-01;4.7500000e+01;2.3979016e-01;4.7500000e+01;2.2452396e-01;4.7500000e+01;1.9406624e-01;4.7500000e+01;1.4897394e-01;4.7500000e+01;9.8204285e-02;4.7500000e+01;5.5056825e-02;4.7500000e+01;6.1522350e-03;4.7500000e+01;-3.6926314e-02;4.7500000e+01;-7.9781607e-02;4.7500000e+01;-1.2643844e-01;4.7500000e+01;-5.5182628e-02;4.7500000e+01;-1.3632223e-02;4.7500000e+01;4.7067601e-02;4.7500000e+01;1.2733229e-01;4.7500000e+01;2.1009150e-01;4.7500000e+01;2.6728457e-01;4.7500000e+01;3.0254814e-01;4.7500000e+01;2.9216126e-01;4.7500000e+01;2.3979016e-01;4.7500000e+01;2.2452396e-01;4.7500000e+01;1.9406624e-01;4.7500000e+01;1.4897394e-01;4.7500000e+01;9.8204285e-02;4.7500000e+01;5.5056825e-02;4.7500000e+01;6.1522350e-03;4.7500000e+01;-3.6926314e-02;4.7500000e+01;-7.9781607e-02;4.7500000e+01;-1.2643844e-01
5.2500000e+01;-5.2178480e-02;5.2500000e+01;-8.8859852e-03;5.2500000e+01;5.6050375e-02;5.2500000e+01;1.3623235e-01;5.2500000e+01;2.2494417e-01;5.2500000e+01;2.7370423e-01;5.2500000e+01;2.9542366e-01;5.2500000e+01;3.1035253e-01;5.2500000e+01;2.6650357e-01;5.2500000e+01;2.3006801e-01;5.2500000e+01;1.9096476e-01;5.2500000e+01;1.4750309e-01;5.2500000e+01;9.8053500e-02;5.2500000e+01;5.2567348e-02;5.2500000e+01;8.6072460e-03;5.2500000e+01;-3.8683310e-02;5.2500000e+01;-7.9957284e-02;5.2500000e+01;-1.2470071e-01;5.2500000e+01;-5.2178480e-02;5.2500000e+01;-8.8859852e-03;5.2500000e+01;5.6050375e-02;5.2500000e+01;1.3623235e-01;5.2500000e+01;2.2494417e-01;5.2500000e+01;2.7370423e-01;5.2500000e+01;2.9542366e-01;5.2500000e+01;3.1035253e-01;5.2500000e+01;2.6650357e-01;5.2500000e+01;2.3006801e-01;5.2500000e+01;1.9096476e-01;5.2500000e+01;1.4750309e-01;5.2500000e+01;9.8053500e-02;5.2500000e+01;5.2567348e-02;5.2500000e+01;8.6072460e-03;5.2500000e+01;-3.8683310e-02;5.2500000e+01;-7.9957284e-02;5.2500000e+01;-1.2470071e-01;5.2500000e+01;-5.2178480e-02;5.2500000e+01;-8.8859852e-03;5.2500000e+01;5.6050375e-02;5.2500000e+01;1.3623235e-01;5.2500000e+01;2.2494417e-01;5.2500000e+01;2.7370423e-01;5.2500000e+01;2.9542366e-01;5.2500000e+01;3.1035253e-01;5.2500000e+01;2.6650357e-01;5.2500000e+01;2.3006801e-01;5.2500000e+01;1.9096476e-01;5.2500000e+01;1.4750309e-01;5.2500000e+01;9.8053500e-02;5.2500000e+01;5.2567348e-02;5.2500000e+01;8.6072460e-03;5.2500000e+01;-3.8683310e-02;5.2500000e+01;-7.9957284e-02;5.2500000e+01;-1.2470071e-01;5.2500000e+01;-5.2178480e-02;5.2500000e+01;-8.8859852e-03;5.2500000e+01;5.6050375e-02;5.2500000e+01;1.3623235e-01;5.2500000e+01;2.2494417e-01;5.2500000e+01;2.7370423e-01;5.2500000e+01;2.9542366e-01;5.2500000e+01;3.1035253e-01;5.2500000e+01;2.6650357e-01;5.2500000e+01;2.3006801e-01;5.2500000e+01;1.9096476e-01;5.2500000e+01;1.4750309e-01;5.2500000e+01;9.8053500e-02;5.2500000e+01;5.2567348e-02;5.2500000e+01;8.6072460e-03;5.2500000e+01;-3.8683310e-02;5.2500000e+01;-7.9957284e-02;5.2500000e+01;-1.2470071e-01;5.2500000e+01;-5.2178480e-02;5.2500000e+01;-8.8859852e-03;5.2500000e+01;5.6050375e-02;5.2500000e+01;1.3623235e-01;5.2500000e+01;2.2494417e-01;5.2500000e+01;2.7370423e-01;5.2500000e+01;2.9542366e-01;5.2500000e+01;3.1035253e-01;5.2500000e+01;2.6650357e-01;5.2500000e+01;2.3006801e-01;5.2500000e+01;1.9096476e-01;5.2500000e+01;1.4750309e-01;5.2500000e+01;9.8053500e-02;5.2500000e+01;5.2567348e-02;5.2500000e+01;8.6072460e-03;5.2500000e+01;-3.8683310e-02;5.2500000e+01;-7.9957284e-02;5.2500000e+01;-1.2470071e-01;5.2500000e+01;-5.2178480e-02;5.2500000e+01;-8.8859852e-03;5.2500000e+01;5.6050375e-02;5.2500000e+01;1.3623235e-01;5.2500000e+01;2.2494417e-01;5.2500000e+01;2.7370423e-01;5.2500000e+01;2.9542366e-01;5.2500000e+01;3.1035253e-01;5.2500000e+01;2.6650357e-01;5.2500000e+01;2.3006801e-01;5.2500000e+01;1.9096476e-01;5.2500000e+01;1.4750309e-01;5.2500000e+01;9.8053500e-02;5.2500000e+01;5.2567348e-02;5.2500000e+01;8.6072460e-03;5.2500000e+01;-3.8683310e-02;5.2500000e+01;-7.9957284e-02;5.2500000e+01;-1.2470071e-01;5.2500000e+01;-5.2178480e-02;5.2500000e+01;-8.8859852e-03;5.2500000e+01;5.6050375e-02;5.2500000e+01;1.3623235e-01;5.2500000e+01;2.2494417e-01;5.2500000e+01;2.7370423e-01;5.2500000e+01;2.9542366e-01;5.2500000e+01;3.1035253e-01;5.2500000e+01;2.6650357e-01;5.2500000e+01;2.3006801e-01;5.2500000e+01;1.9096476e-01;5.2500000e+01;1.4750309e-01;5.2500000e+01;9.8053500e-02;5.2500000e+01;5.2567348e-02;5.2500000e+01;8.6072460e-03;5.2500000e+01;-3.8683310e-02;5.2500000e+01;-7.9957284e-02;5.2500000e+01;-1.2470071e-01;5.2500000e+01;-5.2178480e-02;5.2500000e+01;-8.8859852e-03;5.2500000e+01;5.6050375e-02;5.2500000e+01;1.3623235e-01;5.2500000e+01;2.2494417e-01;5.2500000e+01;2.7370423e-01;5.2500000e+01;2.9542366e-01;5.2500000e+01;3.1035253e-01;5.2500000e+01;2.6650357e-01;5.2500000e+01;2.3006801e-01;5.2500000e+01;1.9096476e-01;5.2500000e+01;1.4750309e-01;5.2500000e+01;9.8053500e-02;5.2500000e+01;5.2567348e-02;5.2500000e+01;8.6072460e-03;5.2500000e+01;-3.8683310e-02;5.2500000e+01;-7.9957284e-02;5.2500000e+01;-1.2470071e-01;5.2500000e+01;-5.2178480e-02;5.2500000e+01;-8.8859852e-03;5.2500000e+01;5.6050375e-02;5.2500000e+01;1.3623235e-01;5.2500000e+01;2.2494417e-01;5.2500000e+01;2.7370423e-01;5.2500000e+01;2.9542366e-01;5.2500000e+01;3.1035253e-01;5.2500000e+01;2.6650357e-01;5.2500000e+01;2.3006801e-01;5.2500000e+01;1.9096476e-01;5.2500000e+01;1.4750309e-01;5.2500000e+01;9.8053500e-02;5.2500000e+01;5.2567348e-02;5.2500000e+01;8.6072460e-03;5.2500000e+01;-3.8683310e-02;5.2500000e+01;-7.9957284e-02;5.2500000e+01;-1.2470071e-01;5.2500000e+01;-5.2178480e-02;5.2500000e+01;-8.8859852e-03;5.2500000e+01;5.6050375e-02;5.2500000e+01;1.3623235e-01;5.2500000e+01;2.2494417e-01;5.2500000e+01;2.7370423e-01;5.2500000e+01;2.9542366e-01;5.2500000e+01;3.1035253e-01;5.2500000e+01;2.6650357e-01;5.2500000e+01;2.3006801e-01;5.2500000e+01;1.9096476e-01;5.2500000e+01;1.4750309e-01;5.2500000e+01;9.8053500e-02;5.2500000e+01;5.2567348e-02;5.2500000e+01;8.6072460e-03;5.2500000e+01;-3.8683310e-02;5.2500000e+01;-7.9957284e-02;5.2500000e+01;-1.2470071e-01;5.2500000e+01;-5.2178480e-02;5.2500000e+01;-8.8859852e-03;5.2500000e+01;5.6050375e-02;5.2500000e+01;1.3623235e-01;5.2500000e+01;2.2494417e-01;5.2500000e+01;2.7370423e-01;5.2500000e+01;2.9542366e-01;5.2500000e+01;3.1035253e-01;5.2500000e+01;2.6650357e-01;5.2500000e+01;2.3006801e-01;5.2500000e+01;1.9096476e-01;5.2500000e+01;1.4750309e-01;5.2500000e+01;9.8053500e-02;5.2500000e+01;5.2567348e-02;5.2500000e+01;8.6072460e-03;5.2500000e+01;-3.8683310e-02;5.2500000e+01;-7.9957284e-02;5.2500000e+01;-1.2470071e-01;5.2500000e+01;-5.2178480e-02;5.2500000e+01;-8.8859852e-03;5.2500000e+01;5.6050375e-02;5.2500000e+01;1.3623235e-01;5.2500000e+01;2.2494417e-01;5.2500000e+01;2.7370423e-01;5.2500000e+01;2.9542366e-01;5.2500000e+01;3.1035253e-01;5.2500000e+01;2.6650357e-01;5.2500000e+01;2.3006801e-01;5.2500000e+01;1.9096476e-01;5.2500000e+01;1.4750309e-01;5.2500000e+01;9.8053500e-02;5.2500000e+01;5.2567348e-02;5.2500000e+01;8.6072460e-03;5.2500000e+01;-3.8683310e-02;5.2500000e+01;-7.9957284e-02;5.2500000e+01;-1.2470071e-01;5.2500000e+01;-5.2178480e-02;5.2500000e+01;-8.8859852e-03;5.2500000e+01;5.6050375e-02;5.2500000e+01;1.3623235e-01;5.2500000e+01;2.2494417e-01;5.2500000e+01;2.7370423e-01;5.2500000e+01;2.9542366e-01;5.2500000e+01;3.1035253e-01;5.2500000e+01;2.6650357e-01;5.2500000e+01;2.3006801e-01;5.2500000e+01;1.9096476e-01;5.2500000e+01;1.4750309e-01;5.2500000e+01;9.8053500e-02;5.2500000e+01;5.2567348e-02;5.2500000e+01;8.6072460e-03;5.2500000e+01;-3.8683310e-02;5.2500000e+01;-7.9957284e-02;5.2500000e+01;-1.2470071e-01;5.2500000e+01;-5.2178480e-02;5.2500000e+01;-8.8859852e-03;5.2500000e+01;5.6050375e-02;5.2500000e+01;1.3623235e-01;5.2500000e+01;2.2494417e-01;5.2500000e+01;2.7370423e-01;5.2500000e+01;2.9542366e-01;5.2500000e+01;3.1035253e-01;5.2500000e+01;2.6650357e-01;5.2500000e+01;2.3006801e-01;5.2500000e+01;1.9096476e-01;5.2500000e+01;1.4750309e-01;5.2500000e+01;9.8053500e-02;5.2500000e+01;5.2567348e-02;5.2500000e+01;8.6072460e-03;5.2500000e+01;-3.8683310e-02;5.2500000e+01;-7.9957284e-02;5.2500000e+01;-1.2470071e-01;5.2500000e+01;-5.2178480e-02;5.2500000e+01;-8.8859852e-03;5.2500000e+01;5.6050375e-02;5.2500000e+01;1.3623235e-01;5.2500000e+01;2.2494417e-01;5.2500000e+01;2.7370423e-01;5.2500000e+01;2.9542366e-01;5.2500000e+01;3.1035253e-01;5.2500000e+01;2.6650357e-01;5.2500000e+01;2.3006801e-01;5.2500000e+01;1.9096476e-01;5.2500000e+01;1.4750309e-01;5.2500000e+01;9.8053500e-02;5.2500000e+01;5.2567348e-02;5.2500000e+01;8.6072460e-03;5.2500000e+01;-3.8683310e-02;5.2500000e+01;-7.9957284e-02;5.2500000e+01;-1.2470071e-01;5.2500000e+01;-5.2178480e-02;5.2500000e+01;-8.8859852e-03;5.2500000e+01;5.6050375e-02;5.2500000e+01;1.3623235e-01;5.2500000e+01;2.2494417e-01;5.2500000e+01;2.7370423e-01;5.2500000e+01;2.9542366e-01;5.2500000e+01;3.1035253e-01;5.2500000e+01;2.6650357e-01;5.2500000e+01;2.3006801e-01;5.2500000e+01;1.9096476e-01;5.2500000e+01;1.4750309e-01;5.2500000e+01;9.8053500e-02;5.2500000e+01;5.2567348e-02;5.2500000e+01;8.6072460e-03;5.2500000e+01;-3.8683310e-02;5.2500000e+01;-7.9957284e-02;5.2500000e+01;-1.2470071e-01;5.2500000e+01;-5.2178480e-02;5.2500000e+01;-8.8859852e-03;5.2500000e+01;5.6050375e-02;5.2500000e+01;1.3623235e-01;5.2500000e+01;2.2494417e-01;5.2500000e+01;2.7370423e-01;5.2500000e+01;2.9542366e-01;5.2500000e+01;3.1035253e-01;5.2500000e+01;2.6650357e-01;5.2500000e+01;2.3006801e-01;5.2500000e+01;1.9096476e-01;5.2500000e+01;1.4750309e-01;5.2500000e+01;9.8053500e-02;5.2500000e+01;5.2567348e-02;5.2500000e+01;8.6072460e-03;5.2500000e+01;-3.8683310e-02;5.2500000e+01;-7.9957284e-02;5.2500000e+01;-1.2470071e-01;5.2500000e+01;-5.2178480e-02;5.2500000e+01;-8.8859852e-03;5.2500000e+01;5.6050375e-02;5.2500000e+01;1.3623235e-01;5.2500000e+01;2.2494417e-01;5.2500000e+01;2.7370423e-01;5.2500000e+01;2.9542366e-01;5.2500000e+01;3.1035253e-01;5.2500000e+01;2.6650357e-01;5.2500000e+01;2.3006801e-01;5.2500000e+01;1.9096476e-01;5.2500000e+01;1.4750309e-01;5.2500000e+01;9.8053500e-02;5.2500000e+01;5.2567348e-02;5.2500000e+01;8.6072460e-03;5.2500000e+01;-3.8683310e-02;5.2500000e+01;-7.9957284e-02;5.2500000e+01;-1.2470071e-01;5.2500000e+01;-5.2178480e-02;5.2500000e+01;-8.8859852e-03;5.2500000e+01;5.6050375e-02;5.2500000e+01;1.3623235e-01;5.2500000e+01;2.2494417e-01;5.2500000e+01;2.7370423e-01;5.2500000e+01;2.9542366e-01;5.2500000e+01;3.1035253e-01;5.2500000e+01;2.6650357e-01;5.2500000e+01;2.3006801e-01;5.2500000e+01;1.9096476e-01;5.2500000e+01;1.4750309e-01;5.2500000e+01;9.8053500e-02;5.2500000e+01;5.2567348e-02;5.2500000e+01;8.6072460e-03;5.2500000e+01;-3.8683310e-02;5.2500000e+01;-7.9957284e-02;5.2500000e+01;-1.2470071e-01;5.2500000e+01;-5.2178480e-02;5.2500000e+01;-8.8859852e-03;5.2500000e+01;5.6050375e-02;5.2500000e+01;1.3623235e-01;5.2500000e+01;2.2494417e-01;5.2500000e+01;2.7370423e-01;5.2500000e+01;2.9542366e-01;5.2500000e+01;3.1035253e-01;5.2500000e+01;2.6650357e-01;5.2500000e+01;2.3006801e-01;5.2500000e+01;1.9096476e-01;5.2500000e+01;1.4750309e-01;5.2500000e+01;9.8053500e-02;5.2500000e+01;5.2567348e-02;5.2500000e+01;8.6072460e-03;5.2500000e+01;-3.8683310e-02;5.2500000e+01;-7.9957284e-02;5.2500000e+01;-1.2470071e-01;5.2500000e+01;-5.2178480e-02;5.2500000e+01;-8.8859852e-03;5.2500000e+01;5.6050375e-02;5.2500000e+01;1.3623235e-01;5.2500000e+01;2.2494417e-01;5.2500000e+01;2.7370423e-01;5.2500000e+01;2.9542366e-01;5.2500000e+01;3.1035253e-01;5.2500000e+01;2.6650357e-01;5.2500000e+01;2.3006801e-01;5.2500000e+01;1.9096476e-01;5.2500000e+01;1.4750309e-01;5.2500000e+01;9.8053500e-02;5.2500000e+01;5.2567348e-02;5.2500000e+01;8.6072460e-03;5.2500000e+01;-3.8683310e-02;5.2500000e+01;-7.9957284e-02;5.2500000e+01;-1.2470071e-01;5.2500000e+01;-5.2178480e-02;5.2500000e+01;-8.8859852e-03;5.2500000e+01;5.6050375e-02;5.2500000e+01;1.3623235e-01;5.2500000e+01;2.2494417e-01;5.2500000e+01;2.7370423e-01;5.2500000e+01;2.9542366e-01;5.2500000e+01;3.1035253e-01;5.2500000e+01;2.6650357e-01;5.2500000e+01;2.3006801e-01;5.2500000e+01;1.9096476e-01;5.2500000e+01;1.4750309e-01;5.2500000e+01;9.8053500e-02;5.2500000e+01;5.2567348e-02;5.2500000e+01;8.6072460e-03;5.2500000e+01;-3.8683310e-02;5.2500000e+01;-7.9957284e-02;5.2500000e+01;-1.2470071e-01;5.2500000e+01;-5.2178480e-02;5.2500000e+01;-8.8859852e-03;5.2500000e+01;5.6050375e-02;5.2500000e+01;1.3623235e-01;5.2500000e+01;2.2494417e-01;5.2500000e+01;2.7370423e-01;5.2500000e+01;2.9542366e-01;5.2500000e+01;3.1035253e-01;5.2500000e+01;2.6650357e-01;5.2500000e+01;2.3006801e-01;5.2500000e+01;1.9096476e-01;5.2500000e+01;1.4750309e-01;5.2500000e+01;9.8053500e-02;5.2500000e+01;5.2567348e-02;5.2500000e+01;8.6072460e-03;5.2500000e+01;-3.8683310e-02;5.2500000e+01;-7.9957284e-02;5.2500000e+01;-1.2470071e-01;5.2500000e+01;-5.2178480e-02;5.2500000e+01;-8.8859852e-03;5.2500000e+01;5.6050375e-02;5.2500000e+01;1.3623235e-01;5.2500000e+01;2.2494417e-01;5.2500000e+01;2.7370423e-01;5.2500000e+01;2.9542366e-01;5.2500000e+01;3.1035253e-01;5.2500000e+01;2.6650357e-01;5.2500000e+01;2.3006801e-01;5.2500000e+01;1.9096476e-01;5.2500000e+01;1.4750309e-01;5.2500000e+01;9.8053500e-02;5.2500000e+01;5.2567348e-02;5.2500000e+01;8.6072460e-03;5.2500000e+01;-3.8683310e-02;5.2500000e+01;-7.9957284e-02;5.2500000e+01;-1.2470071e-01;5.2500000e+01;-5.2178480e-02;5.2500000e+01;-8.8859852e-03;5.2500000e+01;5.6050375e-02;5.2500000e+01;1.3623235e-01;5.2500000e+01;2.2494417e-01;5.2500000e+01;2.7370423e-01;5.2500000e+01;2.9542366e-01;5.2500000e+01;3.1035253e-01;5.2500000e+01;2.6650357e-01;5.2500000e+01;2.3006801e-01;5.2500000e+01;1.9096476e-01;5.2500000e+01;1.4750309e-01;5.2500000e+01;9.8053500e-02;5.2500000e+01;5.2567348e-02;5.2500000e+01;8.6072460e-03;5.2500000e+01;-3.8683310e-02;5.2500000e+01;-7.9957284e-02;5.2500000e+01;-1.2470071e-01;5.2500000e+01;-5.2178480e-02;5.2500000e+01;-8.8859852e-03;5.2500000e+01;5.6050375e-02;5.2500000e+01;1.3623235e-01;5.2500000e+01;2.2494417e-01;5.2500000e+01;2.7370423e-01;5.2500000e+01;2.9542366e-01;5.2500000e+01;3.1035253e-01;5.2500000e+01;2.6650357e-01;5.2500000e+01;2.3006801e-01;5.2500000e+01;1.9096476e-01;5.2500000e+01;1.4750309e-01;5.2500000e+01;9.8053500e-02;5.2500000e+01;5.2567348e-02;5.2500000e+01;8.6072460e-03;5.2500000e+01;-3.8683310e-02;5.2500000e+01;-7.9957284e-02;5.2500000e+01;-1.2470071e-01;5.2500000e+01;-5.2178480e-02;5.2500000e+01;-8.8859852e-03;5.2500000e+01;5.6050375e-02;5.2500000e+01;1.3623235e-01;5.2500000e+01;2.2494417e-01;5.2500000e+01;2.7370423e-01;5.2500000e+01;2.9542366e-01;5.2500000e+01;3.1035253e-01;5.2500000e+01;2.6650357e-01;5.2500000e+01;2.3006801e-01;5.2500000e+01;1.9096476e-01;5.2500000e+01;1.4750309e-01;5.2500000e+01;9.8053500e-02;5.2500000e+01;5.2567348e-02;5.2500000e+01;8.6072460e-03;5.2500000e+01;-3.8683310e-02;5.2500000e+01;-7.9957284e-02;5.2500000e+01;-1.2470071e-01;5.2500000e+01;-5.2178480e-02;5.2500000e+01;-8.8859852e-03;5.2500000e+01;5.6050375e-02;5.2500000e+01;1.3623235e-01;5.2500000e+01;2.2494417e-01;5.2500000e+01;2.7370423e-01;5.2500000e+01;2.9542366e-01;5.2500000e+01;3.1035253e-01;5.2500000e+01;2.6650357e-01;5.2500000e+01;2.3006801e-01;5.2500000e+01;1.9096476e-01;5.2500000e+01;1.4750309e-01;5.2500000e+01;9.8053500e-02;5.2500000e+01;5.2567348e-02;5.2500000e+01;8.6072460e-03;5.2500000e+01;-3.8683310e-02;5.2500000e+01;-7.9957284e-02;5.2500000e+01;-1.2470071e-01;5.2500000e+01;-5.2178480e-02;5.2500000e+01;-8.8859852e-03;5.2500000e+01;5.6050375e-02;5.2500000e+01;1.3623235e-01;5.2500000e+01;2.2494417e-01;5.2500000e+01;2.7370423e-01;5.2500000e+01;2.9542366e-01;5.2500000e+01;3.1035253e-01;5.2500000e+01;2.6650357e-01;5.2500000e+01;2.3006801e-01;5.2500000e+01;1.9096476e-01;5.2500000e+01;1.4750309e-01;5.2500000e+01;9.8053500e-02;5.2500000e+01;5.2567348e-02;5.2500000e+01;8.6072460e-03;5.2500000e+01;-3.8683310e-02;5.2500000e+01;-7.9957284e-02;5.2500000e+01;-1.2470071e-01;5.2500000e+01;-5.2178480e-02;5.2500000e+01;-8.8859852e-03;5.2500000e+01;5.6050375e-02;5.2500000e+01;1.3623235e-01;5.2500000e+01;2.2494417e-01;5.2500000e+01;2.7370423e-01;5.2500000e+01;2.9542366e-01;5.2500000e+01;3.1035253e-01;5.2500000e+01;2.6650357e-01;5.2500000e+01;2.3006801e-01;5.2500000e+01;1.9096476e-01;5.2500000e+01;1.4750309e-01;5.2500000e+01;9.8053500e-02;5.2500000e+01;5.2567348e-02;5.2500000e+01;8.6072460e-03;5.2500000e+01;-3.8683310e-02;5.2500000e+01;-7.9957284e-02;5.2500000e+01;-1.2470071e-01;5.2500000e+01;-5.2178480e-02;5.2500000e+01;-8.8859852e-03;5.2500000e+01;5.6050375e-02;5.2500000e+01;1.3623235e-01;5.2500000e+01;2.2494417e-01;5.2500000e+01;2.7370423e-01;5.2500000e+01;2.9542366e-01;5.2500000e+01;3.1035253e-01;5.2500000e+01;2.6650357e-01;5.2500000e+01;2.3006801e-01;5.2500000e+01;1.9096476e-01;5.2500000e+01;1.4750309e-01;5.2500000e+01;9.8053500e-02;5.2500000e+01;5.2567348e-02;5.2500000e+01;8.6072460e-03;5.2500000e+01;-3.8683310e-02;5.2500000e+01;-7.9957284e-02;5.2500000e+01;-1.2470071e-01;5.2500000e+01;-5.2178480e-02;5.2500000e+01;-8.8859852e-03;5.2500000e+01;5.6050375e-02;5.2500000e+01;1.3623235e-01;5.2500000e+01;2.2494417e-01;5.2500000e+01;2.7370423e-01;5.2500000e+01;2.9542366e-01;5.2500000e+01;3.1035253e-01;5.2500000e+01;2.6650357e-01;5.2500000e+01;2.3006801e-01;5.2500000e+01;1.9096476e-01;5.2500000e+01;1.4750309e-01;5.2500000e+01;9.8053500e-02;5.2500000e+01;5.2567348e-02;5.2500000e+01;8.6072460e-03;5.2500000e+01;-3.8683310e-02;5.2500000e+01;-7.9957284e-02;5.2500000e+01;-1.2470071e-01;5.2500000e+01;-5.2178480e-02;5.2500000e+01;-8.8859852e-03;5.2500000e+01;5.6050375e-02;5.2500000e+01;1.3623235e-01;5.2500000e+01;2.2494417e-01;5.2500000e+01;2.7370423e-01;5.2500000e+01;2.9542366e-01;5.2500000e+01;3.1035253e-01;5.2500000e+01;2.6650357e-01;5.2500000e+01;2.3006801e-01;5.2500000e+01;1.9096476e-01;5.2500000e+01;1.4750309e-01;5.2500000e+01;9.8053500e-02;5.2500000e+01;5.2567348e-02;5.2500000e+01;8.6072460e-03;5.2500000e+01;-3.8683310e-02;5.2500000e+01;-7.9957284e-02;5.2500000e+01;-1.2470071e-01;5.2500000e+01;-5.2178480e-02;5.2500000e+01;-8.8859852e-03;5.2500000e+01;5.6050375e-02;5.2500000e+01;1.3623235e-01;5.2500000e+01;2.2494417e-01;5.2500000e+01;2.7370423e-01;5.2500000e+01;2.9542366e-01;5.2500000e+01;3.1035253e-01;5.2500000e+01;2.6650357e-01;5.2500000e+01;2.3006801e-01;5.2500000e+01;1.9096476e-01;5.2500000e+01;1.4750309e-01;5.2500000e+01;9.8053500e-02;5.2500000e+01;5.2567348e-02;5.2500000e+01;8.6072460e-03;5.2500000e+01;-3.8683310e-02;5.2500000e+01;-7.9957284e-02;5.2500000e+01;-1.2470071e-01;5.2500000e+01;-5.2178480e-02;5.2500000e+01;-8.8859852e-03;5.2500000e+01;5.6050375e-02;5.2500000e+01;1.3623235e-01;5.2500000e+01;2.2494417e-01;5.2500000e+01;2.7370423e-01;5.2500000e+01;2.9542366e-01;5.2500000e+01;3.1035253e-01;5.2500000e+01;2.6650357e-01;5.2500000e+01;2.3006801e-01;5.2500000e+01;1.9096476e-01;5.2500000e+01;1.4750309e-01;5.2500000e+01;9.8053500e-02;5.2500000e+01;5.2567348e-02;5.2500000e+01;8.6072460e-03;5.2500000e+01;-3.8683310e-02;5.2500000e+01;-7.9957284e-02;5.2500000e+01;-1.2470071e-01;5.2500000e+01;-5.2178480e-02;5.2500000e+01;-8.8859852e-03;5.2500000e+01;5.6050375e-02;5.2500000e+01;1.3623235e-01;5.2500000e+01;2.2494417e-01;5.2500000e+01;2.7370423e-01;5.2500000e+01;2.9542366e-01;5.2500000e+01;3.1035253e-01;5.2500000e+01;2.6650357e-01;5.2500000e+01;2.3006801e-01;5.2500000e+01;1.9096476e-01;5.2500000e+01;1.4750309e-01;5.2500000e+01;9.8053500e-02;5.2500000e+01;5.2567348e-02;5.2500000e+01;8.6072460e-03;5.2500000e+01;-3.8683310e-02;5.2500000e+01;-7.9957284e-02;5.2500000e+01;-1.2470071e-01;5.2500000e+01;-5.2178480e-02;5.2500000e+01;-8.8859852e-03;5.2500000e+01;5.6050375e-02;5.2500000e+01;1.3623235e-01;5.2500000e+01;2.2494417e-01;5.2500000e+01;2.7370423e-01;5.2500000e+01;2.9542366e-01;5.2500000e+01;3.1035253e-01;5.2500000e+01;2.6650357e-01;5.2500000e+01;2.3006801e-01;5.2500000e+01;1.9096476e-01;5.2500000e+01;1.4750309e-01;5.2500000e+01;9.8053500e-02;5.2500000e+01;5.2567348e-02;5.2500000e+01;8.6072460e-03;5.2500000e+01;-3.8683310e-02;5.2500000e+01;-7.9957284e-02;5.2500000e+01;-1.2470071e-01;5.2500000e+01;-5.2178480e-02;5.2500000e+01;-8.8859852e-03;5.2500000e+01;5.6050375e-02;5.2500000e+01;1.3623235e-01;5.2500000e+01;2.2494417e-01;5.2500000e+01;2.7370423e-01;5.2500000e+01;2.9542366e-01;5.2500000e+01;3.1035253e-01;5.2500000e+01;2.6650357e-01;5.2500000e+01;2.3006801e-01;5.2500000e+01;1.9096476e-01;5.2500000e+01;1.4750309e-01;5.2500000e+01;9.8053500e-02;5.2500000e+01;5.2567348e-02;5.2500000e+01;8.6072460e-03;5.2500000e+01;-3.8683310e-02;5.2500000e+01;-7.9957284e-02;5.2500000e+01;-1.2470071e-01;5.2500000e+01;-5.2178480e-02;5.2500000e+01;-8.8859852e-03;5.2500000e+01;5.6050375e-02;5.2500000e+01;1.3623235e-01;5.2500000e+01;2.2494417e-01;5.2500000e+01;2.7370423e-01;5.2500000e+01;2.9542366e-01;5.2500000e+01;3.1035253e-01;5.2500000e+01;2.6650357e-01;5.2500000e+01;2.3006801e-01;5.2500000e+01;1.9096476e-01;5.2500000e+01;1.4750309e-01;5.2500000e+01;9.8053500e-02;5.2500000e+01;5.2567348e-02;5.2500000e+01;8.6072460e-03;5.2500000e+01;-3.8683310e-02;5.2500000e+01;-7.9957284e-02;5.2500000e+01;-1.2470071e-01;5.2500000e+01;-5.2178480e-02;5.2500000e+01;-8.8859852e-03;5.2500000e+01;5.6050375e-02;5.2500000e+01;1.3623235e-01;5.2500000e+01;2.2494417e-01;5.2500000e+01;2.7370423e-01;5.2500000e+01;2.9542366e-01;5.2500000e+01;3.1035253e-01;5.2500000e+01;2.6650357e-01;5.2500000e+01;2.3006801e-01;5.2500000e+01;1.9096476e-01;5.2500000e+01;1.4750309e-01;5.2500000e+01;9.8053500e-02;5.2500000e+01;5.2567348e-02;5.2500000e+01;8.6072460e-03;5.2500000e+01;-3.8683310e-02;5.2500000e+01;-7.9957284e-02;5.2500000e+01;-1.2470071e-01;5.2500000e+01;-5.2178480e-02;5.2500000e+01;-8.8859852e-03;5.2500000e+01;5.6050375e-02;5.2500000e+01;1.3623235e-01;5.2500000e+01;2.2494417e-01;5.2500000e+01;2.7370423e-01;5.2500000e+01;2.9542366e-01;5.2500000e+01;3.1035253e-01;5.2500000e+01;2.6650357e-01;5.2500000e+01;2.3006801e-01;5.2500000e+01;1.9096476e-01;5.2500000e+01;1.4750309e-01;5.2500000e+01;9.8053500e-02;5.2500000e+01;5.2567348e-02;5.2500000e+01;8.6072460e-03;5.2500000e+01;-3.8683310e-02;5.2500000e+01;-7.9957284e-02;5.2500000e+01;-1.2470071e-01;5.2500000e+01;-5.2178480e-02;5.2500000e+01;-8.8859852e-03;5.2500000e+01;5.6050375e-02;5.2500000e+01;1.3623235e-01;5.2500000e+01;2.2494417e-01;5.2500000e+01;2.7370423e-01;5.2500000e+01;2.9542366e-01;5.2500000e+01;3.1035253e-01;5.2500000e+01;2.6650357e-01;5.2500000e+01;2.3006801e-01;5.2500000e+01;1.9096476e-01;5.2500000e+01;1.4750309e-01;5.2500000e+01;9.8053500e-02;5.2500000e+01;5.2567348e-02;5.2500000e+01;8.6072460e-03;5.2500000e+01;-3.8683310e-02;5.2500000e+01;-7.9957284e-02;5.2500000e+01;-1.2470071e-01;5.2500000e+01;-5.2178480e-02;5.2500000e+01;-8.8859852e-03;5.2500000e+01;5.6050375e-02;5.2500000e+01;1.3623235e-01;5.2500000e+01;2.2494417e-01;5.2500000e+01;2.7370423e-01;5.2500000e+01;2.9542366e-01;5.2500000e+01;3.1035253e-01;5.2500000e+01;2.6650357e-01;5.2500000e+01;2.3006801e-01;5.2500000e+01;1.9096476e-01;5.2500000e+01;1.4750309e-01;5.2500000e+01;9.8053500e-02;5.2500000e+01;5.2567348e-02;5.2500000e+01;8.6072460e-03;5.2500000e+01;-3.8683310e-02;5.2500000e+01;-7.9957284e-02;5.2500000e+01;-1.2470071e-01;5.2500000e+01;-5.2178480e-02;5.2500000e+01;-8.8859852e-03;5.2500000e+01;5.6050375e-02;5.2500000e+01;1.3623235e-01;5.2500000e+01;2.2494417e-01;5.2500000e+01;2.7370423e-01;5.2500000e+01;2.9542366e-01;5.2500000e+01;3.1035253e-01;5.2500000e+01;2.6650357e-01;5.2500000e+01;2.3006801e-01;5.2500000e+01;1.9096476e-01;5.2500000e+01;1.4750309e-01;5.2500000e+01;9.8053500e-02;5.2500000e+01;5.2567348e-02;5.2500000e+01;8.6072460e-03;5.2500000e+01;-3.8683310e-02;5.2500000e+01;-7.9957284e-02;5.2500000e+01;-1.2470071e-01;5.2500000e+01;-5.2178480e-02;5.2500000e+01;-8.8859852e-03;5.2500000e+01;5.6050375e-02;5.2500000e+01;1.3623235e-01;5.2500000e+01;2.2494417e-01;5.2500000e+01;2.7370423e-01;5.2500000e+01;2.9542366e-01;5.2500000e+01;3.1035253e-01;5.2500000e+01;2.6650357e-01;5.2500000e+01;2.3006801e-01;5.2500000e+01;1.9096476e-01;5.2500000e+01;1.4750309e-01;5.2500000e+01;9.8053500e-02;5.2500000e+01;5.2567348e-02;5.2500000e+01;8.6072460e-03;5.2500000e+01;-3.8683310e-02;5.2500000e+01;-7.9957284e-02;5.2500000e+01;-1.2470071e-01;5.2500000e+01;-5.2178480e-02;5.2500000e+01;-8.8859852e-03;5.2500000e+01;5.6050375e-02;5.2500000e+01;1.3623235e-01;5.2500000e+01;2.2494417e-01;5.2500000e+01;2.7370423e-01;5.2500000e+01;2.9542366e-01;5.2500000e+01;3.1035253e-01;5.2500000e+01;2.6650357e-01;5.2500000e+01;2.3006801e-01;5.2500000e+01;1.9096476e-01;5.2500000e+01;1.4750309e-01;5.2500000e+01;9.8053500e-02;5.2500000e+01;5.2567348e-02;5.2500000e+01;8.6072460e-03;5.2500000e+01;-3.8683310e-02;5.2500000e+01;-7.9957284e-02;5.2500000e+01;-1.2470071e-01;5.2500000e+01;-5.2178480e-02;5.2500000e+01;-8.8859852e-03;5.2500000e+01;5.6050375e-02;5.2500000e+01;1.3623235e-01;5.2500000e+01;2.2494417e-01;5.2500000e+01;2.7370423e-01;5.2500000e+01;2.9542366e-01;5.2500000e+01;3.1035253e-01;5.2500000e+01;2.6650357e-01;5.2500000e+01;2.3006801e-01;5.2500000e+01;1.9096476e-01;5.2500000e+01;1.4750309e-01;5.2500000e+01;9.8053500e-02;5.2500000e+01;5.2567348e-02;5.2500000e+01;8.6072460e-03;5.2500000e+01;-3.8683310e-02;5.2500000e+01;-7.9957284e-02;5.2500000e+01;-1.2470071e-01;5.2500000e+01;-5.2178480e-02;5.2500000e+01;-8.8859852e-03;5.2500000e+01;5.6050375e-02;5.2500000e+01;1.3623235e-01;5.2500000e+01;2.2494417e-01;5.2500000e+01;2.7370423e-01;5.2500000e+01;2.9542366e-01;5.2500000e+01;3.1035253e-01;5.2500000e+01;2.6650357e-01;5.2500000e+01;2.3006801e-01;5.2500000e+01;1.9096476e-01;5.2500000e+01;1.4750309e-01;5.2500000e+01;9.8053500e-02;5.2500000e+01;5.2567348e-02;5.2500000e+01;8.6072460e-03;5.2500000e+01;-3.8683310e-02;5.2500000e+01;-7.9957284e-02;5.2500000e+01;-1.2470071e-01;5.2500000e+01;-5.2178480e-02;5.2500000e+01;-8.8859852e-03;5.2500000e+01;5.6050375e-02;5.2500000e+01;1.3623235e-01;5.2500000e+01;2.2494417e-01;5.2500000e+01;2.7370423e-01;5.2500000e+01;2.9542366e-01;5.2500000e+01;3.1035253e-01;5.2500000e+01;2.6650357e-01;5.2500000e+01;2.3006801e-01;5.2500000e+01;1.9096476e-01;5.2500000e+01;1.4750309e-01;5.2500000e+01;9.8053500e-02;5.2500000e+01;5.2567348e-02;5.2500000e+01;8.6072460e-03;5.2500000e+01;-3.8683310e-02;5.2500000e+01;-7.9957284e-02;5.2500000e+01;-1.2470071e-01;5.2500000e+01;-5.2178480e-02;5.2500000e+01;-8.8859852e-03;5.2500000e+01;5.6050375e-02;5.2500000e+01;1.3623235e-01;5.2500000e+01;2.2494417e-01;5.2500000e+01;2.7370423e-01;5.2500000e+01;2.9542366e-01;5.2500000e+01;3.1035253e-01;5.2500000e+01;2.6650357e-01;5.2500000e+01;2.3006801e-01;5.2500000e+01;1.9096476e-01;5.2500000e+01;1.4750309e-01;5.2500000e+01;9.8053500e-02;5.2500000e+01;5.2567348e-02;5.2500000e+01;8.6072460e-03;5.2500000e+01;-3.8683310e-02;5.2500000e+01;-7.9957284e-02;5.2500000e+01;-1.2470071e-01;5.2500000e+01;-5.2178480e-02;5.2500000e+01;-8.8859852e-03;5.2500000e+01;5.6050375e-02;5.2500000e+01;1.3623235e-01;5.2500000e+01;2.2494417e-01;5.2500000e+01;2.7370423e-01;5.2500000e+01;2.9542366e-01;5.2500000e+01;3.1035253e-01;5.2500000e+01;2.6650357e-01;5.2500000e+01;2.3006801e-01;5.2500000e+01;1.9096476e-01;5.2500000e+01;1.4750309e-01;5.2500000e+01;9.8053500e-02;5.2500000e+01;5.2567348e-02;5.2500000e+01;8.6072460e-03;5.2500000e+01;-3.8683310e-02;5.2500000e+01;-7.9957284e-02;5.2500000e+01;-1.2470071e-01;5.2500000e+01;-5.2178480e-02;5.2500000e+01;-8.8859852e-03;5.2500000e+01;5.6050375e-02;5.2500000e+01;1.3623235e-01;5.2500000e+01;2.2494417e-01;5.2500000e+01;2.7370423e-01;5.2500000e+01;2.9542366e-01;5.2500000e+01;3.1035253e-01;5.2500000e+01;2.6650357e-01;5.2500000e+01;2.3006801e-01;5.2500000e+01;1.9096476e-01;5.2500000e+01;1.4750309e-01;5.2500000e+01;9.8053500e-02;5.2500000e+01;5.2567348e-02;5.2500000e+01;8.6072460e-03;5.2500000e+01;-3.8683310e-02;5.2500000e+01;-7.9957284e-02;5.2500000e+01;-1.2470071e-01;5.2500000e+01;-5.2178480e-02;5.2500000e+01;-8.8859852e-03;5.2500000e+01;5.6050375e-02;5.2500000e+01;1.3623235e-01;5.2500000e+01;2.2494417e-01;5.2500000e+01;2.7370423e-01;5.2500000e+01;2.9542366e-01;5.2500000e+01;3.1035253e-01;5.2500000e+01;2.6650357e-01;5.2500000e+01;2.3006801e-01;5.2500000e+01;1.9096476e-01;5.2500000e+01;1.4750309e-01;5.2500000e+01;9.8053500e-02;5.2500000e+01;5.2567348e-02;5.2500000e+01;8.6072460e-03;5.2500000e+01;-3.8683310e-02;5.2500000e+01;-7.9957284e-02;5.2500000e+01;-1.2470071e-01;5.2500000e+01;-5.2178480e-02;5.2500000e+01;-8.8859852e-03;5.2500000e+01;5.6050375e-02;5.2500000e+01;1.3623235e-01;5.2500000e+01;2.2494417e-01;5.2500000e+01;2.7370423e-01;5.2500000e+01;2.9542366e-01;5.2500000e+01;3.1035253e-01;5.2500000e+01;2.6650357e-01;5.2500000e+01;2.3006801e-01;5.2500000e+01;1.9096476e-01;5.2500000e+01;1.4750309e-01;5.2500000e+01;9.8053500e-02;5.2500000e+01;5.2567348e-02;5.2500000e+01;8.6072460e-03;5.2500000e+01;-3.8683310e-02;5.2500000e+01;-7.9957284e-02;5.2500000e+01;-1.2470071e-01;5.2500000e+01;-5.2178480e-02;5.2500000e+01;-8.8859852e-03;5.2500000e+01;5.6050375e-02;5.2500000e+01;1.3623235e-01;5.2500000e+01;2.2494417e-01;5.2500000e+01;2.7370423e-01;5.2500000e+01;2.9542366e-01;5.2500000e+01;3.1035253e-01;5.2500000e+01;2.6650357e-01;5.2500000e+01;2.3006801e-01;5.2500000e+01;1.9096476e-01;5.2500000e+01;1.4750309e-01;5.2500000e+01;9.8053500e-02;5.2500000e+01;5.2567348e-02;5.2500000e+01;8.6072460e-03;5.2500000e+01;-3.8683310e-02;5.2500000e+01;-7.9957284e-02;5.2500000e+01;-1.2470071e-01;5.2500000e+01;-5.2178480e-02;5.2500000e+01;-8.8859852e-03;5.2500000e+01;5.6050375e-02;5.2500000e+01;1.3623235e-01;5.2500000e+01;2.2494417e-01;5.2500000e+01;2.7370423e-01;5.2500000e+01;2.9542366e-01;5.2500000e+01;3.1035253e-01;5.2500000e+01;2.6650357e-01;5.2500000e+01;2.3006801e-01;5.2500000e+01;1.9096476e-01;5.2500000e+01;1.4750309e-01;5.2500000e+01;9.8053500e-02;5.2500000e+01;5.2567348e-02;5.2500000e+01;8.6072460e-03;5.2500000e+01;-3.8683310e-02;5.2500000e+01;-7.9957284e-02;5.2500000e+01;-1.2470071e-01;5.2500000e+01;-5.2178480e-02;5.2500000e+01;-8.8859852e-03;5.2500000e+01;5.6050375e-02;5.2500000e+01;1.3623235e-01;5.2500000e+01;2.2494417e-01;5.2500000e+01;2.7370423e-01;5.2500000e+01;2.9542366e-01;5.2500000e+01;3.1035253e-01;5.2500000e+01;2.6650357e-01;5.2500000e+01;2.3006801e-01;5.2500000e+01;1.9096476e-01;5.2500000e+01;1.4750309e-01;5.2500000e+01;9.8053500e-02;5.2500000e+01;5.2567348e-02;5.2500000e+01;8.6072460e-03;5.2500000e+01;-3.8683310e-02;5.2500000e+01;-7.9957284e-02;5.2500000e+01;-1.2470071e-01;5.2500000e+01;-5.2178480e-02;5.2500000e+01;-8.8859852e-03;5.2500000e+01;5.6050375e-02;5.2500000e+01;1.3623235e-01;5.2500000e+01;2.2494417e-01;5.2500000e+01;2.7370423e-01;5.2500000e+01;2.9542366e-01;5.2500000e+01;3.1035253e-01;5.2500000e+01;2.6650357e-01;5.2500000e+01;2.3006801e-01;5.2500000e+01;1.9096476e-01;5.2500000e+01;1.4750309e-01;5.2500000e+01;9.8053500e-02;5.2500000e+01;5.2567348e-02;5.2500000e+01;8.6072460e-03;5.2500000e+01;-3.8683310e-02;5.2500000e+01;-7.9957284e-02;5.2500000e+01;-1.2470071e-01;5.2500000e+01;-5.2178480e-02;5.2500000e+01;-8.8859852e-03;5.2500000e+01;5.6050375e-02;5.2500000e+01;1.3623235e-01;5.2500000e+01;2.2494417e-01;5.2500000e+01;2.7370423e-01;5.2500000e+01;2.9542366e-01;5.2500000e+01;3.1035253e-01;5.2500000e+01;2.6650357e-01;5.2500000e+01;2.3006801e-01;5.2500000e+01;1.9096476e-01;5.2500000e+01;1.4750309e-01;5.2500000e+01;9.8053500e-02;5.2500000e+01;5.2567348e-02;5.2500000e+01;8.6072460e-03;5.2500000e+01;-3.8683310e-02;5.2500000e+01;-7.9957284e-02;5.2500000e+01;-1.2470071e-01;5.2500000e+01;-5.2178480e-02;5.2500000e+01;-8.8859852e-03;5.2500000e+01;5.6050375e-02;5.2500000e+01;1.3623235e-01;5.2500000e+01;2.2494417e-01;5.2500000e+01;2.7370423e-01;5.2500000e+01;2.9542366e-01;5.2500000e+01;3.1035253e-01;5.2500000e+01;2.6650357e-01;5.2500000e+01;2.3006801e-01;5.2500000e+01;1.9096476e-01;5.2500000e+01;1.4750309e-01;5.2500000e+01;9.8053500e-02;5.2500000e+01;5.2567348e-02;5.2500000e+01;8.6072460e-03;5.2500000e+01;-3.8683310e-02;5.2500000e+01;-7.9957284e-02;5.2500000e+01;-1.2470071e-01;5.2500000e+01;-5.2178480e-02;5.2500000e+01;-8.8859852e-03;5.2500000e+01;5.6050375e-02;5.2500000e+01;1.3623235e-01;5.2500000e+01;2.2494417e-01;5.2500000e+01;2.7370423e-01;5.2500000e+01;2.9542366e-01;5.2500000e+01;3.1035253e-01;5.2500000e+01;2.6650357e-01;5.2500000e+01;2.3006801e-01;5.2500000e+01;1.9096476e-01;5.2500000e+01;1.4750309e-01;5.2500000e+01;9.8053500e-02;5.2500000e+01;5.2567348e-02;5.2500000e+01;8.6072460e-03;5.2500000e+01;-3.8683310e-02;5.2500000e+01;-7.9957284e-02;5.2500000e+01;-1.2470071e-01;5.2500000e+01;-5.2178480e-02;5.2500000e+01;-8.8859852e-03;5.2500000e+01;5.6050375e-02;5.2500000e+01;1.3623235e-01;5.2500000e+01;2.2494417e-01;5.2500000e+01;2.7370423e-01;5.2500000e+01;2.9542366e-01;5.2500000e+01;3.1035253e-01;5.2500000e+01;2.6650357e-01;5.2500000e+01;2.3006801e-01;5.2500000e+01;1.9096476e-01;5.2500000e+01;1.4750309e-01;5.2500000e+01;9.8053500e-02;5.2500000e+01;5.2567348e-02;5.2500000e+01;8.6072460e-03;5.2500000e+01;-3.8683310e-02;5.2500000e+01;-7.9957284e-02;5.2500000e+01;-1.2470071e-01;5.2500000e+01;-5.2178480e-02;5.2500000e+01;-8.8859852e-03;5.2500000e+01;5.6050375e-02;5.2500000e+01;1.3623235e-01;5.2500000e+01;2.2494417e-01;5.2500000e+01;2.7370423e-01;5.2500000e+01;2.9542366e-01;5.2500000e+01;3.1035253e-01;5.2500000e+01;2.6650357e-01;5.2500000e+01;2.3006801e-01;5.2500000e+01;1.9096476e-01;5.2500000e+01;1.4750309e-01;5.2500000e+01;9.8053500e-02;5.2500000e+01;5.2567348e-02;5.2500000e+01;8.6072460e-03;5.2500000e+01;-3.8683310e-02;5.2500000e+01;-7.9957284e-02;5.2500000e+01;-1.2470071e-01;5.2500000e+01;-5.2178480e-02;5.2500000e+01;-8.8859852e-03;5.2500000e+01;5.6050375e-02;5.2500000e+01;1.3623235e-01;5.2500000e+01;2.2494417e-01;5.2500000e+01;2.7370423e-01;5.2500000e+01;2.9542366e-01;5.2500000e+01;3.1035253e-01;5.2500000e+01;2.6650357e-01;5.2500000e+01;2.3006801e-01;5.2500000e+01;1.9096476e-01;5.2500000e+01;1.4750309e-01;5.2500000e+01;9.8053500e-02;5.2500000e+01;5.2567348e-02;5.2500000e+01;8.6072460e-03;5.2500000e+01;-3.8683310e-02;5.2500000e+01;-7.9957284e-02;5.2500000e+01;-1.2470071e-01;5.2500000e+01;-5.2178480e-02;5.2500000e+01;-8.8859852e-03;5.2500000e+01;5.6050375e-02;5.2500000e+01;1.3623235e-01;5.2500000e+01;2.2494417e-01;5.2500000e+01;2.7370423e-01;5.2500000e+01;2.9542366e-01;5.2500000e+01;3.1035253e-01;5.2500000e+01;2.6650357e-01;5.2500000e+01;2.3006801e-01;5.2500000e+01;1.9096476e-01;5.2500000e+01;1.4750309e-01;5.2500000e+01;9.8053500e-02;5.2500000e+01;5.2567348e-02;5.2500000e+01;8.6072460e-03;5.2500000e+01;-3.8683310e-02;5.2500000e+01;-7.9957284e-02;5.2500000e+01;-1.2470071e-01;5.2500000e+01;-5.2178480e-02;5.2500000e+01;-8.8859852e-03;5.2500000e+01;5.6050375e-02;5.2500000e+01;1.3623235e-01;5.2500000e+01;2.2494417e-01;5.2500000e+01;2.7370423e-01;5.2500000e+01;2.9542366e-01;5.2500000e+01;3.1035253e-01;5.2500000e+01;2.6650357e-01;5.2500000e+01;2.3006801e-01;5.2500000e+01;1.9096476e-01;5.2500000e+01;1.4750309e-01;5.2500000e+01;9.8053500e-02;5.2500000e+01;5.2567348e-02;5.2500000e+01;8.6072460e-03;5.2500000e+01;-3.8683310e-02;5.2500000e+01;-7.9957284e-02;5.2500000e+01;-1.2470071e-01;5.2500000e+01;-5.2178480e-02;5.2500000e+01;-8.8859852e-03;5.2500000e+01;5.6050375e-02;5.2500000e+01;1.3623235e-01;5.2500000e+01;2.2494417e-01;5.2500000e+01;2.7370423e-01;5.2500000e+01;2.9542366e-01;5.2500000e+01;3.1035253e-01;5.2500000e+01;2.6650357e-01;5.2500000e+01;2.3006801e-01;5.2500000e+01;1.9096476e-01;5.2500000e+01;1.4750309e-01;5.2500000e+01;9.8053500e-02;5.2500000e+01;5.2567348e-02;5.2500000e+01;8.6072460e-03;5.2500000e+01;-3.8683310e-02;5.2500000e+01;-7.9957284e-02;5.2500000e+01;-1.2470071e-01;5.2500000e+01;-5.2178480e-02;5.2500000e+01;-8.8859852e-03;5.2500000e+01;5.6050375e-02;5.2500000e+01;1.3623235e-01;5.2500000e+01;2.2494417e-01;5.2500000e+01;2.7370423e-01;5.2500000e+01;2.9542366e-01;5.2500000e+01;3.1035253e-01;5.2500000e+01;2.6650357e-01;5.2500000e+01;2.3006801e-01;5.2500000e+01;1.9096476e-01;5.2500000e+01;1.4750309e-01;5.2500000e+01;9.8053500e-02;5.2500000e+01;5.2567348e-02;5.2500000e+01;8.6072460e-03;5.2500000e+01;-3.8683310e-02;5.2500000e+01;-7.9957284e-02;5.2500000e+01;-1.2470071e-01;5.2500000e+01;-5.2178480e-02;5.2500000e+01;-8.8859852e-03;5.2500000e+01;5.6050375e-02;5.2500000e+01;1.3623235e-01;5.2500000e+01;2.2494417e-01;5.2500000e+01;2.7370423e-01;5.2500000e+01;2.9542366e-01;5.2500000e+01;3.1035253e-01;5.2500000e+01;2.6650357e-01;5.2500000e+01;2.3006801e-01;5.2500000e+01;1.9096476e-01;5.2500000e+01;1.4750309e-01;5.2500000e+01;9.8053500e-02;5.2500000e+01;5.2567348e-02;5.2500000e+01;8.6072460e-03;5.2500000e+01;-3.8683310e-02;5.2500000e+01;-7.9957284e-02;5.2500000e+01;-1.2470071e-01;5.2500000e+01;-5.2178480e-02;5.2500000e+01;-8.8859852e-03;5.2500000e+01;5.6050375e-02;5.2500000e+01;1.3623235e-01;5.2500000e+01;2.2494417e-01;5.2500000e+01;2.7370423e-01;5.2500000e+01;2.9542366e-01;5.2500000e+01;3.1035253e-01;5.2500000e+01;2.6650357e-01;5.2500000e+01;2.3006801e-01;5.2500000e+01;1.9096476e-01;5.2500000e+01;1.4750309e-01;5.2500000e+01;9.8053500e-02;5.2500000e+01;5.2567348e-02;5.2500000e+01;8.6072460e-03;5.2500000e+01;-3.8683310e-02;5.2500000e+01;-7.9957284e-02;5.2500000e+01;-1.2470071e-01;5.2500000e+01;-5.2178480e-02;5.2500000e+01;-8.8859852e-03;5.2500000e+01;5.6050375e-02;5.2500000e+01;1.3623235e-01;5.2500000e+01;2.2494417e-01;5.2500000e+01;2.7370423e-01;5.2500000e+01;2.9542366e-01;5.2500000e+01;3.1035253e-01;5.2500000e+01;2.6650357e-01;5.2500000e+01;2.3006801e-01;5.2500000e+01;1.9096476e-01;5.2500000e+01;1.4750309e-01;5.2500000e+01;9.8053500e-02;5.2500000e+01;5.2567348e-02;5.2500000e+01;8.6072460e-03;5.2500000e+01;-3.8683310e-02;5.2500000e+01;-7.9957284e-02;5.2500000e+01;-1.2470071e-01;5.2500000e+01;-5.2178480e-02;5.2500000e+01;-8.8859852e-03;5.2500000e+01;5.6050375e-02;5.2500000e+01;1.3623235e-01;5.2500000e+01;2.2494417e-01;5.2500000e+01;2.7370423e-01;5.2500000e+01;2.9542366e-01;5.2500000e+01;3.1035253e-01;5.2500000e+01;2.6650357e-01;5.2500000e+01;2.3006801e-01;5.2500000e+01;1.9096476e-01;5.2500000e+01;1.4750309e-01;5.2500000e+01;9.8053500e-02;5.2500000e+01;5.2567348e-02;5.2500000e+01;8.6072460e-03;5.2500000e+01;-3.8683310e-02;5.2500000e+01;-7.9957284e-02;5.2500000e+01;-1.2470071e-01;5.2500000e+01;-5.2178480e-02;5.2500000e+01;-8.8859852e-03;5.2500000e+01;5.6050375e-02;5.2500000e+01;1.3623235e-01;5.2500000e+01;2.2494417e-01;5.2500000e+01;2.7370423e-01;5.2500000e+01;2.9542366e-01;5.2500000e+01;3.1035253e-01;5.2500000e+01;2.6650357e-01;5.2500000e+01;2.3006801e-01;5.2500000e+01;1.9096476e-01;5.2500000e+01;1.4750309e-01;5.2500000e+01;9.8053500e-02;5.2500000e+01;5.2567348e-02;5.2500000e+01;8.6072460e-03;5.2500000e+01;-3.8683310e-02;5.2500000e+01;-7.9957284e-02;5.2500000e+01;-1.2470071e-01;5.2500000e+01;-5.2178480e-02;5.2500000e+01;-8.8859852e-03;5.2500000e+01;5.6050375e-02;5.2500000e+01;1.3623235e-01;5.2500000e+01;2.2494417e-01;5.2500000e+01;2.7370423e-01;5.2500000e+01;2.9542366e-01;5.2500000e+01;3.1035253e-01;5.2500000e+01;2.6650357e-01;5.2500000e+01;2.3006801e-01;5.2500000e+01;1.9096476e-01;5.2500000e+01;1.4750309e-01;5.2500000e+01;9.8053500e-02;5.2500000e+01;5.2567348e-02;5.2500000e+01;8.6072460e-03;5.2500000e+01;-3.8683310e-02;5.2500000e+01;-7.9957284e-02;5.2500000e+01;-1.2470071e-01;5.2500000e+01;-5.2178480e-02;5.2500000e+01;-8.8859852e-03;5.2500000e+01;5.6050375e-02;5.2500000e+01;1.3623235e-01;5.2500000e+01;2.2494417e-01;5.2500000e+01;2.7370423e-01;5.2500000e+01;2.9542366e-01;5.2500000e+01;3.1035253e-01;5.2500000e+01;2.6650357e-01;5.2500000e+01;2.3006801e-01;5.2500000e+01;1.9096476e-01;5.2500000e+01;1.4750309e-01;5.2500000e+01;9.8053500e-02;5.2500000e+01;5.2567348e-02;5.2500000e+01;8.6072460e-03;5.2500000e+01;-3.8683310e-02;5.2500000e+01;-7.9957284e-02;5.2500000e+01;-1.2470071e-01;5.2500000e+01;-5.2178480e-02;5.2500000e+01;-8.8859852e-03;5.2500000e+01;5.6050375e-02;5.2500000e+01;1.3623235e-01;5.2500000e+01;2.2494417e-01;5.2500000e+01;2.7370423e-01;5.2500000e+01;2.9542366e-01;5.2500000e+01;3.1035253e-01;5.2500000e+01;2.6650357e-01;5.2500000e+01;2.3006801e-01;5.2500000e+01;1.9096476e-01;5.2500000e+01;1.4750309e-01;5.2500000e+01;9.8053500e-02;5.2500000e+01;5.2567348e-02;5.2500000e+01;8.6072460e-03;5.2500000e+01;-3.8683310e-02;5.2500000e+01;-7.9957284e-02;5.2500000e+01;-1.2470071e-01;5.2500000e+01;-5.2178480e-02;5.2500000e+01;-8.8859852e-03;5.2500000e+01;5.6050375e-02;5.2500000e+01;1.3623235e-01;5.2500000e+01;2.2494417e-01;5.2500000e+01;2.7370423e-01;5.2500000e+01;2.9542366e-01;5.2500000e+01;3.1035253e-01;5.2500000e+01;2.6650357e-01;5.2500000e+01;2.3006801e-01;5.2500000e+01;1.9096476e-01;5.2500000e+01;1.4750309e-01;5.2500000e+01;9.8053500e-02;5.2500000e+01;5.2567348e-02;5.2500000e+01;8.6072460e-03;5.2500000e+01;-3.8683310e-02;5.2500000e+01;-7.9957284e-02;5.2500000e+01;-1.2470071e-01;5.2500000e+01;-5.2178480e-02;5.2500000e+01;-8.8859852e-03;5.2500000e+01;5.6050375e-02;5.2500000e+01;1.3623235e-01;5.2500000e+01;2.2494417e-01;5.2500000e+01;2.7370423e-01;5.2500000e+01;2.9542366e-01;5.2500000e+01;3.1035253e-01;5.2500000e+01;2.6650357e-01;5.2500000e+01;2.3006801e-01;5.2500000e+01;1.9096476e-01;5.2500000e+01;1.4750309e-01;5.2500000e+01;9.8053500e-02;5.2500000e+01;5.2567348e-02;5.2500000e+01;8.6072460e-03;5.2500000e+01;-3.8683310e-02;5.2500000e+01;-7.9957284e-02;5.2500000e+01;-1.2470071e-01;5.2500000e+01;-5.2178480e-02;5.2500000e+01;-8.8859852e-03;5.2500000e+01;5.6050375e-02;5.2500000e+01;1.3623235e-01;5.2500000e+01;2.2494417e-01;5.2500000e+01;2.7370423e-01;5.2500000e+01;2.9542366e-01;5.2500000e+01;3.1035253e-01;5.2500000e+01;2.6650357e-01;5.2500000e+01;2.3006801e-01;5.2500000e+01;1.9096476e-01;5.2500000e+01;1.4750309e-01;5.2500000e+01;9.8053500e-02;5.2500000e+01;5.2567348e-02;5.2500000e+01;8.6072460e-03;5.2500000e+01;-3.8683310e-02;5.2500000e+01;-7.9957284e-02;5.2500000e+01;-1.2470071e-01;5.2500000e+01;-5.2178480e-02;5.2500000e+01;-8.8859852e-03;5.2500000e+01;5.6050375e-02;5.2500000e+01;1.3623235e-01;5.2500000e+01;2.2494417e-01;5.2500000e+01;2.7370423e-01;5.2500000e+01;2.9542366e-01;5.2500000e+01;3.1035253e-01;5.2500000e+01;2.6650357e-01;5.2500000e+01;2.3006801e-01;5.2500000e+01;1.9096476e-01;5.2500000e+01;1.4750309e-01;5.2500000e+01;9.8053500e-02;5.2500000e+01;5.2567348e-02;5.2500000e+01;8.6072460e-03;5.2500000e+01;-3.8683310e-02;5.2500000e+01;-7.9957284e-02;5.2500000e+01;-1.2470071e-01;5.2500000e+01;-5.2178480e-02;5.2500000e+01;-8.8859852e-03;5.2500000e+01;5.6050375e-02;5.2500000e+01;1.3623235e-01;5.2500000e+01;2.2494417e-01;5.2500000e+01;2.7370423e-01;5.2500000e+01;2.9542366e-01;5.2500000e+01;3.1035253e-01;5.2500000e+01;2.6650357e-01;5.2500000e+01;2.3006801e-01;5.2500000e+01;1.9096476e-01;5.2500000e+01;1.4750309e-01;5.2500000e+01;9.8053500e-02;5.2500000e+01;5.2567348e-02;5.2500000e+01;8.6072460e-03;5.2500000e+01;-3.8683310e-02;5.2500000e+01;-7.9957284e-02;5.2500000e+01;-1.2470071e-01;5.2500000e+01;-5.2178480e-02;5.2500000e+01;-8.8859852e-03;5.2500000e+01;5.6050375e-02;5.2500000e+01;1.3623235e-01;5.2500000e+01;2.2494417e-01;5.2500000e+01;2.7370423e-01;5.2500000e+01;2.9542366e-01;5.2500000e+01;3.1035253e-01;5.2500000e+01;2.6650357e-01;5.2500000e+01;2.3006801e-01;5.2500000e+01;1.9096476e-01;5.2500000e+01;1.4750309e-01;5.2500000e+01;9.8053500e-02;5.2500000e+01;5.2567348e-02;5.2500000e+01;8.6072460e-03;5.2500000e+01;-3.8683310e-02;5.2500000e+01;-7.9957284e-02;5.2500000e+01;-1.2470071e-01;5.2500000e+01;-5.2178480e-02;5.2500000e+01;-8.8859852e-03;5.2500000e+01;5.6050375e-02;5.2500000e+01;1.3623235e-01;5.2500000e+01;2.2494417e-01;5.2500000e+01;2.7370423e-01;5.2500000e+01;2.9542366e-01;5.2500000e+01;3.1035253e-01;5.2500000e+01;2.6650357e-01;5.2500000e+01;2.3006801e-01;5.2500000e+01;1.9096476e-01;5.2500000e+01;1.4750309e-01;5.2500000e+01;9.8053500e-02;5.2500000e+01;5.2567348e-02;5.2500000e+01;8.6072460e-03;5.2500000e+01;-3.8683310e-02;5.2500000e+01;-7.9957284e-02;5.2500000e+01;-1.2470071e-01;5.2500000e+01;-5.2178480e-02;5.2500000e+01;-8.8859852e-03;5.2500000e+01;5.6050375e-02;5.2500000e+01;1.3623235e-01;5.2500000e+01;2.2494417e-01;5.2500000e+01;2.7370423e-01;5.2500000e+01;2.9542366e-01;5.2500000e+01;3.1035253e-01;5.2500000e+01;2.6650357e-01;5.2500000e+01;2.3006801e-01;5.2500000e+01;1.9096476e-01;5.2500000e+01;1.4750309e-01;5.2500000e+01;9.8053500e-02;5.2500000e+01;5.2567348e-02;5.2500000e+01;8.6072460e-03;5.2500000e+01;-3.8683310e-02;5.2500000e+01;-7.9957284e-02;5.2500000e+01;-1.2470071e-01;5.2500000e+01;-5.2178480e-02;5.2500000e+01;-8.8859852e-03;5.2500000e+01;5.6050375e-02;5.2500000e+01;1.3623235e-01;5.2500000e+01;2.2494417e-01;5.2500000e+01;2.7370423e-01;5.2500000e+01;2.9542366e-01;5.2500000e+01;3.1035253e-01;5.2500000e+01;2.6650357e-01;5.2500000e+01;2.3006801e-01;5.2500000e+01;1.9096476e-01;5.2500000e+01;1.4750309e-01;5.2500000e+01;9.8053500e-02;5.2500000e+01;5.2567348e-02;5.2500000e+01;8.6072460e-03;5.2500000e+01;-3.8683310e-02;5.2500000e+01;-7.9957284e-02;5.2500000e+01;-1.2470071e-01;5.2500000e+01;-5.2178480e-02;5.2500000e+01;-8.8859852e-03;5.2500000e+01;5.6050375e-02;5.2500000e+01;1.3623235e-01;5.2500000e+01;2.2494417e-01;5.2500000e+01;2.7370423e-01;5.2500000e+01;2.9542366e-01;5.2500000e+01;3.1035253e-01;5.2500000e+01;2.6650357e-01;5.2500000e+01;2.3006801e-01;5.2500000e+01;1.9096476e-01;5.2500000e+01;1.4750309e-01;5.2500000e+01;9.8053500e-02;5.2500000e+01;5.2567348e-02;5.2500000e+01;8.6072460e-03;5.2500000e+01;-3.8683310e-02;5.2500000e+01;-7.9957284e-02;5.2500000e+01;-1.2470071e-01;5.2500000e+01;-5.2178480e-02;5.2500000e+01;-8.8859852e-03;5.2500000e+01;5.6050375e-02;5.2500000e+01;1.3623235e-01;5.2500000e+01;2.2494417e-01;5.2500000e+01;2.7370423e-01;5.2500000e+01;2.9542366e-01;5.2500000e+01;3.1035253e-01;5.2500000e+01;2.6650357e-01;5.2500000e+01;2.3006801e-01;5.2500000e+01;1.9096476e-01;5.2500000e+01;1.4750309e-01;5.2500000e+01;9.8053500e-02;5.2500000e+01;5.2567348e-02;5.2500000e+01;8.6072460e-03;5.2500000e+01;-3.8683310e-02;5.2500000e+01;-7.9957284e-02;5.2500000e+01;-1.2470071e-01;5.2500000e+01;-5.2178480e-02;5.2500000e+01;-8.8859852e-03;5.2500000e+01;5.6050375e-02;5.2500000e+01;1.3623235e-01;5.2500000e+01;2.2494417e-01;5.2500000e+01;2.7370423e-01;5.2500000e+01;2.9542366e-01;5.2500000e+01;3.1035253e-01;5.2500000e+01;2.6650357e-01;5.2500000e+01;2.3006801e-01;5.2500000e+01;1.9096476e-01;5.2500000e+01;1.4750309e-01;5.2500000e+01;9.8053500e-02;5.2500000e+01;5.2567348e-02;5.2500000e+01;8.6072460e-03;5.2500000e+01;-3.8683310e-02;5.2500000e+01;-7.9957284e-02;5.2500000e+01;-1.2470071e-01;5.2500000e+01;-5.2178480e-02;5.2500000e+01;-8.8859852e-03;5.2500000e+01;5.6050375e-02;5.2500000e+01;1.3623235e-01;5.2500000e+01;2.2494417e-01;5.2500000e+01;2.7370423e-01;5.2500000e+01;2.9542366e-01;5.2500000e+01;3.1035253e-01;5.2500000e+01;2.6650357e-01;5.2500000e+01;2.3006801e-01;5.2500000e+01;1.9096476e-01;5.2500000e+01;1.4750309e-01;5.2500000e+01;9.8053500e-02;5.2500000e+01;5.2567348e-02;5.2500000e+01;8.6072460e-03;5.2500000e+01;-3.8683310e-02;5.2500000e+01;-7.9957284e-02;5.2500000e+01;-1.2470071e-01;5.2500000e+01;-5.2178480e-02;5.2500000e+01;-8.8859852e-03;5.2500000e+01;5.6050375e-02;5.2500000e+01;1.3623235e-01;5.2500000e+01;2.2494417e-01;5.2500000e+01;2.7370423e-01;5.2500000e+01;2.9542366e-01;5.2500000e+01;3.1035253e-01;5.2500000e+01;2.6650357e-01;5.2500000e+01;2.3006801e-01;5.2500000e+01;1.9096476e-01;5.2500000e+01;1.4750309e-01;5.2500000e+01;9.8053500e-02;5.2500000e+01;5.2567348e-02;5.2500000e+01;8.6072460e-03;5.2500000e+01;-3.8683310e-02;5.2500000e+01;-7.9957284e-02;5.2500000e+01;-1.2470071e-01;5.2500000e+01;-5.2178480e-02;5.2500000e+01;-8.8859852e-03;5.2500000e+01;5.6050375e-02;5.2500000e+01;1.3623235e-01;5.2500000e+01;2.2494417e-01;5.2500000e+01;2.7370423e-01;5.2500000e+01;2.9542366e-01;5.2500000e+01;3.1035253e-01;5.2500000e+01;2.6650357e-01;5.2500000e+01;2.3006801e-01;5.2500000e+01;1.9096476e-01;5.2500000e+01;1.4750309e-01;5.2500000e+01;9.8053500e-02;5.2500000e+01;5.2567348e-02;5.2500000e+01;8.6072460e-03;5.2500000e+01;-3.8683310e-02;5.2500000e+01;-7.9957284e-02;5.2500000e+01;-1.2470071e-01;5.2500000e+01;-5.2178480e-02;5.2500000e+01;-8.8859852e-03;5.2500000e+01;5.6050375e-02;5.2500000e+01;1.3623235e-01;5.2500000e+01;2.2494417e-01;5.2500000e+01;2.7370423e-01;5.2500000e+01;2.9542366e-01;5.2500000e+01;3.1035253e-01;5.2500000e+01;2.6650357e-01;5.2500000e+01;2.3006801e-01;5.2500000e+01;1.9096476e-01;5.2500000e+01;1.4750309e-01;5.2500000e+01;9.8053500e-02;5.2500000e+01;5.2567348e-02;5.2500000e+01;8.6072460e-03;5.2500000e+01;-3.8683310e-02;5.2500000e+01;-7.9957284e-02;5.2500000e+01;-1.2470071e-01;5.2500000e+01;-5.2178480e-02;5.2500000e+01;-8.8859852e-03;5.2500000e+01;5.6050375e-02;5.2500000e+01;1.3623235e-01;5.2500000e+01;2.2494417e-01;5.2500000e+01;2.7370423e-01;5.2500000e+01;2.9542366e-01;5.2500000e+01;3.1035253e-01;5.2500000e+01;2.6650357e-01;5.2500000e+01;2.3006801e-01;5.2500000e+01;1.9096476e-01;5.2500000e+01;1.4750309e-01;5.2500000e+01;9.8053500e-02;5.2500000e+01;5.2567348e-02;5.2500000e+01;8.6072460e-03;5.2500000e+01;-3.8683310e-02;5.2500000e+01;-7.9957284e-02;5.2500000e+01;-1.2470071e-01;5.2500000e+01;-5.2178480e-02;5.2500000e+01;-8.8859852e-03;5.2500000e+01;5.6050375e-02;5.2500000e+01;1.3623235e-01;5.2500000e+01;2.2494417e-01;5.2500000e+01;2.7370423e-01;5.2500000e+01;2.9542366e-01;5.2500000e+01;3.1035253e-01;5.2500000e+01;2.6650357e-01;5.2500000e+01;2.3006801e-01;5.2500000e+01;1.9096476e-01;5.2500000e+01;1.4750309e-01;5.2500000e+01;9.8053500e-02;5.2500000e+01;5.2567348e-02;5.2500000e+01;8.6072460e-03;5.2500000e+01;-3.8683310e-02;5.2500000e+01;-7.9957284e-02;5.2500000e+01;-1.2470071e-01;5.2500000e+01;-5.2178480e-02;5.2500000e+01;-8.8859852e-03;5.2500000e+01;5.6050375e-02;5.2500000e+01;1.3623235e-01;5.2500000e+01;2.2494417e-01;5.2500000e+01;2.7370423e-01;5.2500000e+01;2.9542366e-01;5.2500000e+01;3.1035253e-01;5.2500000e+01;2.6650357e-01;5.2500000e+01;2.3006801e-01;5.2500000e+01;1.9096476e-01;5.2500000e+01;1.4750309e-01;5.2500000e+01;9.8053500e-02;5.2500000e+01;5.2567348e-02;5.2500000e+01;8.6072460e-03;5.2500000e+01;-3.8683310e-02;5.2500000e+01;-7.9957284e-02;5.2500000e+01;-1.2470071e-01;5.2500000e+01;-5.2178480e-02;5.2500000e+01;-8.8859852e-03;5.2500000e+01;5.6050375e-02;5.2500000e+01;1.3623235e-01;5.2500000e+01;2.2494417e-01;5.2500000e+01;2.7370423e-01;5.2500000e+01;2.9542366e-01;5.2500000e+01;3.1035253e-01;5.2500000e+01;2.6650357e-01;5.2500000e+01;2.3006801e-01;5.2500000e+01;1.9096476e-01;5.2500000e+01;1.4750309e-01;5.2500000e+01;9.8053500e-02;5.2500000e+01;5.2567348e-02;5.2500000e+01;8.6072460e-03;5.2500000e+01;-3.8683310e-02;5.2500000e+01;-7.9957284e-02;5.2500000e+01;-1.2470071e-01;5.2500000e+01;-5.2178480e-02;5.2500000e+01;-8.8859852e-03;5.2500000e+01;5.6050375e-02;5.2500000e+01;1.3623235e-01;5.2500000e+01;2.2494417e-01;5.2500000e+01;2.7370423e-01;5.2500000e+01;2.9542366e-01;5.2500000e+01;3.1035253e-01;5.2500000e+01;2.6650357e-01;5.2500000e+01;2.3006801e-01;5.2500000e+01;1.9096476e-01;5.2500000e+01;1.4750309e-01;5.2500000e+01;9.8053500e-02;5.2500000e+01;5.2567348e-02;5.2500000e+01;8.6072460e-03;5.2500000e+01;-3.8683310e-02;5.2500000e+01;-7.9957284e-02;5.2500000e+01;-1.2470071e-01;5.2500000e+01;-5.2178480e-02;5.2500000e+01;-8.8859852e-03;5.2500000e+01;5.6050375e-02;5.2500000e+01;1.3623235e-01;5.2500000e+01;2.2494417e-01;5.2500000e+01;2.7370423e-01;5.2500000e+01;2.9542366e-01;5.2500000e+01;3.1035253e-01;5.2500000e+01;2.6650357e-01;5.2500000e+01;2.3006801e-01;5.2500000e+01;1.9096476e-01;5.2500000e+01;1.4750309e-01;5.2500000e+01;9.8053500e-02;5.2500000e+01;5.2567348e-02;5.2500000e+01;8.6072460e-03;5.2500000e+01;-3.8683310e-02;5.2500000e+01;-7.9957284e-02;5.2500000e+01;-1.2470071e-01;5.2500000e+01;-5.2178480e-02;5.2500000e+01;-8.8859852e-03;5.2500000e+01;5.6050375e-02;5.2500000e+01;1.3623235e-01;5.2500000e+01;2.2494417e-01;5.2500000e+01;2.7370423e-01;5.2500000e+01;2.9542366e-01;5.2500000e+01;3.1035253e-01;5.2500000e+01;2.6650357e-01;5.2500000e+01;2.3006801e-01;5.2500000e+01;1.9096476e-01;5.2500000e+01;1.4750309e-01;5.2500000e+01;9.8053500e-02;5.2500000e+01;5.2567348e-02;5.2500000e+01;8.6072460e-03;5.2500000e+01;-3.8683310e-02;5.2500000e+01;-7.9957284e-02;5.2500000e+01;-1.2470071e-01;5.2500000e+01;-5.2178480e-02;5.2500000e+01;-8.8859852e-03;5.2500000e+01;5.6050375e-02;5.2500000e+01;1.3623235e-01;5.2500000e+01;2.2494417e-01;5.2500000e+01;2.7370423e-01;5.2500000e+01;2.9542366e-01;5.2500000e+01;3.1035253e-01;5.2500000e+01;2.6650357e-01;5.2500000e+01;2.3006801e-01;5.2500000e+01;1.9096476e-01;5.2500000e+01;1.4750309e-01;5.2500000e+01;9.8053500e-02;5.2500000e+01;5.2567348e-02;5.2500000e+01;8.6072460e-03;5.2500000e+01;-3.8683310e-02;5.2500000e+01;-7.9957284e-02;5.2500000e+01;-1.2470071e-01;5.2500000e+01;-5.2178480e-02;5.2500000e+01;-8.8859852e-03;5.2500000e+01;5.6050375e-02;5.2500000e+01;1.3623235e-01;5.2500000e+01;2.2494417e-01;5.2500000e+01;2.7370423e-01;5.2500000e+01;2.9542366e-01;5.2500000e+01;3.1035253e-01;5.2500000e+01;2.6650357e-01;5.2500000e+01;2.3006801e-01;5.2500000e+01;1.9096476e-01;5.2500000e+01;1.4750309e-01;5.2500000e+01;9.8053500e-02;5.2500000e+01;5.2567348e-02;5.2500000e+01;8.6072460e-03;5.2500000e+01;-3.8683310e-02;5.2500000e+01;-7.9957284e-02;5.2500000e+01;-1.2470071e-01;5.2500000e+01;-5.2178480e-02;5.2500000e+01;-8.8859852e-03;5.2500000e+01;5.6050375e-02;5.2500000e+01;1.3623235e-01;5.2500000e+01;2.2494417e-01;5.2500000e+01;2.7370423e-01;5.2500000e+01;2.9542366e-01;5.2500000e+01;3.1035253e-01;5.2500000e+01;2.6650357e-01;5.2500000e+01;2.3006801e-01;5.2500000e+01;1.9096476e-01;5.2500000e+01;1.4750309e-01;5.2500000e+01;9.8053500e-02;5.2500000e+01;5.2567348e-02;5.2500000e+01;8.6072460e-03;5.2500000e+01;-3.8683310e-02;5.2500000e+01;-7.9957284e-02;5.2500000e+01;-1.2470071e-01;5.2500000e+01;-5.2178480e-02;5.2500000e+01;-8.8859852e-03;5.2500000e+01;5.6050375e-02;5.2500000e+01;1.3623235e-01;5.2500000e+01;2.2494417e-01;5.2500000e+01;2.7370423e-01;5.2500000e+01;2.9542366e-01;5.2500000e+01;3.1035253e-01;5.2500000e+01;2.6650357e-01;5.2500000e+01;2.3006801e-01;5.2500000e+01;1.9096476e-01;5.2500000e+01;1.4750309e-01;5.2500000e+01;9.8053500e-02;5.2500000e+01;5.2567348e-02;5.2500000e+01;8.6072460e-03;5.2500000e+01;-3.8683310e-02;5.2500000e+01;-7.9957284e-02;5.2500000e+01;-1.2470071e-01;5.2500000e+01;-5.2178480e-02;5.2500000e+01;-8.8859852e-03;5.2500000e+01;5.6050375e-02;5.2500000e+01;1.3623235e-01;5.2500000e+01;2.2494417e-01;5.2500000e+01;2.7370423e-01;5.2500000e+01;2.9542366e-01;5.2500000e+01;3.1035253e-01;5.2500000e+01;2.6650357e-01;5.2500000e+01;2.3006801e-01;5.2500000e+01;1.9096476e-01;5.2500000e+01;1.4750309e-01;5.2500000e+01;9.8053500e-02;5.2500000e+01;5.2567348e-02;5.2500000e+01;8.6072460e-03;5.2500000e+01;-3.8683310e-02;5.2500000e+01;-7.9957284e-02;5.2500000e+01;-1.2470071e-01;5.2500000e+01;-5.2178480e-02;5.2500000e+01;-8.8859852e-03;5.2500000e+01;5.6050375e-02;5.2500000e+01;1.3623235e-01;5.2500000e+01;2.2494417e-01;5.2500000e+01;2.7370423e-01;5.2500000e+01;2.9542366e-01;5.2500000e+01;3.1035253e-01;5.2500000e+01;2.6650357e-01;5.2500000e+01;2.3006801e-01;5.2500000e+01;1.9096476e-01;5.2500000e+01;1.4750309e-01;5.2500000e+01;9.8053500e-02;5.2500000e+01;5.2567348e-02;5.2500000e+01;8.6072460e-03;5.2500000e+01;-3.8683310e-02;5.2500000e+01;-7.9957284e-02;5.2500000e+01;-1.2470071e-01;5.2500000e+01;-5.2178480e-02;5.2500000e+01;-8.8859852e-03;5.2500000e+01;5.6050375e-02;5.2500000e+01;1.3623235e-01;5.2500000e+01;2.2494417e-01;5.2500000e+01;2.7370423e-01;5.2500000e+01;2.9542366e-01;5.2500000e+01;3.1035253e-01;5.2500000e+01;2.6650357e-01;5.2500000e+01;2.3006801e-01;5.2500000e+01;1.9096476e-01;5.2500000e+01;1.4750309e-01;5.2500000e+01;9.8053500e-02;5.2500000e+01;5.2567348e-02;5.2500000e+01;8.6072460e-03;5.2500000e+01;-3.8683310e-02;5.2500000e+01;-7.9957284e-02;5.2500000e+01;-1.2470071e-01;5.2500000e+01;-5.2178480e-02;5.2500000e+01;-8.8859852e-03;5.2500000e+01;5.6050375e-02;5.2500000e+01;1.3623235e-01;5.2500000e+01;2.2494417e-01;5.2500000e+01;2.7370423e-01;5.2500000e+01;2.9542366e-01;5.2500000e+01;3.1035253e-01;5.2500000e+01;2.6650357e-01;5.2500000e+01;2.3006801e-01;5.2500000e+01;1.9096476e-01;5.2500000e+01;1.4750309e-01;5.2500000e+01;9.8053500e-02;5.2500000e+01;5.2567348e-02;5.2500000e+01;8.6072460e-03;5.2500000e+01;-3.8683310e-02;5.2500000e+01;-7.9957284e-02;5.2500000e+01;-1.2470071e-01;5.2500000e+01;-5.2178480e-02;5.2500000e+01;-8.8859852e-03;5.2500000e+01;5.6050375e-02;5.2500000e+01;1.3623235e-01;5.2500000e+01;2.2494417e-01;5.2500000e+01;2.7370423e-01;5.2500000e+01;2.9542366e-01;5.2500000e+01;3.1035253e-01;5.2500000e+01;2.6650357e-01;5.2500000e+01;2.3006801e-01;5.2500000e+01;1.9096476e-01;5.2500000e+01;1.4750309e-01;5.2500000e+01;9.8053500e-02;5.2500000e+01;5.2567348e-02;5.2500000e+01;8.6072460e-03;5.2500000e+01;-3.8683310e-02;5.2500000e+01;-7.9957284e-02;5.2500000e+01;-1.2470071e-01;5.2500000e+01;-5.2178480e-02;5.2500000e+01;-8.8859852e-03;5.2500000e+01;5.6050375e-02;5.2500000e+01;1.3623235e-01;5.2500000e+01;2.2494417e-01;5.2500000e+01;2.7370423e-01;5.2500000e+01;2.9542366e-01;5.2500000e+01;3.1035253e-01;5.2500000e+01;2.6650357e-01;5.2500000e+01;2.3006801e-01;5.2500000e+01;1.9096476e-01;5.2500000e+01;1.4750309e-01;5.2500000e+01;9.8053500e-02;5.2500000e+01;5.2567348e-02;5.2500000e+01;8.6072460e-03;5.2500000e+01;-3.8683310e-02;5.2500000e+01;-7.9957284e-02;5.2500000e+01;-1.2470071e-01;5.2500000e+01;-5.2178480e-02;5.2500000e+01;-8.8859852e-03;5.2500000e+01;5.6050375e-02;5.2500000e+01;1.3623235e-01;5.2500000e+01;2.2494417e-01;5.2500000e+01;2.7370423e-01;5.2500000e+01;2.9542366e-01;5.2500000e+01;3.1035253e-01;5.2500000e+01;2.6650357e-01;5.2500000e+01;2.3006801e-01;5.2500000e+01;1.9096476e-01;5.2500000e+01;1.4750309e-01;5.2500000e+01;9.8053500e-02;5.2500000e+01;5.2567348e-02;5.2500000e+01;8.6072460e-03;5.2500000e+01;-3.8683310e-02;5.2500000e+01;-7.9957284e-02;5.2500000e+01;-1.2470071e-01;5.2500000e+01;-5.2178480e-02;5.2500000e+01;-8.8859852e-03;5.2500000e+01;5.6050375e-02;5.2500000e+01;1.3623235e-01;5.2500000e+01;2.2494417e-01;5.2500000e+01;2.7370423e-01;5.2500000e+01;2.9542366e-01;5.2500000e+01;3.1035253e-01;5.2500000e+01;2.6650357e-01;5.2500000e+01;2.3006801e-01;5.2500000e+01;1.9096476e-01;5.2500000e+01;1.4750309e-01;5.2500000e+01;9.8053500e-02;5.2500000e+01;5.2567348e-02;5.2500000e+01;8.6072460e-03;5.2500000e+01;-3.8683310e-02;5.2500000e+01;-7.9957284e-02;5.2500000e+01;-1.2470071e-01;5.2500000e+01;-5.2178480e-02;5.2500000e+01;-8.8859852e-03;5.2500000e+01;5.6050375e-02;5.2500000e+01;1.3623235e-01;5.2500000e+01;2.2494417e-01;5.2500000e+01;2.7370423e-01;5.2500000e+01;2.9542366e-01;5.2500000e+01;3.1035253e-01;5.2500000e+01;2.6650357e-01;5.2500000e+01;2.3006801e-01;5.2500000e+01;1.9096476e-01;5.2500000e+01;1.4750309e-01;5.2500000e+01;9.8053500e-02;5.2500000e+01;5.2567348e-02;5.2500000e+01;8.6072460e-03;5.2500000e+01;-3.8683310e-02;5.2500000e+01;-7.9957284e-02;5.2500000e+01;-1.2470071e-01;5.2500000e+01;-5.2178480e-02;5.2500000e+01;-8.8859852e-03;5.2500000e+01;5.6050375e-02;5.2500000e+01;1.3623235e-01;5.2500000e+01;2.2494417e-01;5.2500000e+01;2.7370423e-01;5.2500000e+01;2.9542366e-01;5.2500000e+01;3.1035253e-01;5.2500000e+01;2.6650357e-01;5.2500000e+01;2.3006801e-01;5.2500000e+01;1.9096476e-01;5.2500000e+01;1.4750309e-01;5.2500000e+01;9.8053500e-02;5.2500000e+01;5.2567348e-02;5.2500000e+01;8.6072460e-03;5.2500000e+01;-3.8683310e-02;5.2500000e+01;-7.9957284e-02;5.2500000e+01;-1.2470071e-01;5.2500000e+01;-5.2178480e-02;5.2500000e+01;-8.8859852e-03;5.2500000e+01;5.6050375e-02;5.2500000e+01;1.3623235e-01;5.2500000e+01;2.2494417e-01;5.2500000e+01;2.7370423e-01;5.2500000e+01;2.9542366e-01;5.2500000e+01;3.1035253e-01;5.2500000e+01;2.6650357e-01;5.2500000e+01;2.3006801e-01;5.2500000e+01;1.9096476e-01;5.2500000e+01;1.4750309e-01;5.2500000e+01;9.8053500e-02;5.2500000e+01;5.2567348e-02;5.2500000e+01;8.6072460e-03;5.2500000e+01;-3.8683310e-02;5.2500000e+01;-7.9957284e-02;5.2500000e+01;-1.2470071e-01;5.2500000e+01;-5.2178480e-02;5.2500000e+01;-8.8859852e-03;5.2500000e+01;5.6050375e-02;5.2500000e+01;1.3623235e-01;5.2500000e+01;2.2494417e-01;5.2500000e+01;2.7370423e-01;5.2500000e+01;2.9542366e-01;5.2500000e+01;3.1035253e-01;5.2500000e+01;2.6650357e-01;5.2500000e+01;2.3006801e-01;5.2500000e+01;1.9096476e-01;5.2500000e+01;1.4750309e-01;5.2500000e+01;9.8053500e-02;5.2500000e+01;5.2567348e-02;5.2500000e+01;8.6072460e-03;5.2500000e+01;-3.8683310e-02;5.2500000e+01;-7.9957284e-02;5.2500000e+01;-1.2470071e-01;5.2500000e+01;-5.2178480e-02;5.2500000e+01;-8.8859852e-03;5.2500000e+01;5.6050375e-02;5.2500000e+01;1.3623235e-01;5.2500000e+01;2.2494417e-01;5.2500000e+01;2.7370423e-01;5.2500000e+01;2.9542366e-01;5.2500000e+01;3.1035253e-01;5.2500000e+01;2.6650357e-01;5.2500000e+01;2.3006801e-01;5.2500000e+01;1.9096476e-01;5.2500000e+01;1.4750309e-01;5.2500000e+01;9.8053500e-02;5.2500000e+01;5.2567348e-02;5.2500000e+01;8.6072460e-03;5.2500000e+01;-3.8683310e-02;5.2500000e+01;-7.9957284e-02;5.2500000e+01;-1.2470071e-01;5.2500000e+01;-5.2178480e-02;5.2500000e+01;-8.8859852e-03;5.2500000e+01;5.6050375e-02;5.2500000e+01;1.3623235e-01;5.2500000e+01;2.2494417e-01;5.2500000e+01;2.7370423e-01;5.2500000e+01;2.9542366e-01;5.2500000e+01;3.1035253e-01;5.2500000e+01;2.6650357e-01;5.2500000e+01;2.3006801e-01;5.2500000e+01;1.9096476e-01;5.2500000e+01;1.4750309e-01;5.2500000e+01;9.8053500e-02;5.2500000e+01;5.2567348e-02;5.2500000e+01;8.6072460e-03;5.2500000e+01;-3.8683310e-02;5.2500000e+01;-7.9957284e-02;5.2500000e+01;-1.2470071e-01;5.2500000e+01;-5.2178480e-02;5.2500000e+01;-8.8859852e-03;5.2500000e+01;5.6050375e-02;5.2500000e+01;1.3623235e-01;5.2500000e+01;2.2494417e-01;5.2500000e+01;2.7370423e-01;5.2500000e+01;2.9542366e-01;5.2500000e+01;3.1035253e-01;5.2500000e+01;2.6650357e-01;5.2500000e+01;2.3006801e-01;5.2500000e+01;1.9096476e-01;5.2500000e+01;1.4750309e-01;5.2500000e+01;9.8053500e-02;5.2500000e+01;5.2567348e-02;5.2500000e+01;8.6072460e-03;5.2500000e+01;-3.8683310e-02;5.2500000e+01;-7.9957284e-02;5.2500000e+01;-1.2470071e-01;5.2500000e+01;-5.2178480e-02;5.2500000e+01;-8.8859852e-03;5.2500000e+01;5.6050375e-02;5.2500000e+01;1.3623235e-01;5.2500000e+01;2.2494417e-01;5.2500000e+01;2.7370423e-01;5.2500000e+01;2.9542366e-01;5.2500000e+01;3.1035253e-01;5.2500000e+01;2.6650357e-01;5.2500000e+01;2.3006801e-01;5.2500000e+01;1.9096476e-01;5.2500000e+01;1.4750309e-01;5.2500000e+01;9.8053500e-02;5.2500000e+01;5.2567348e-02;5.2500000e+01;8.6072460e-03;5.2500000e+01;-3.8683310e-02;5.2500000e+01;-7.9957284e-02;5.2500000e+01;-1.2470071e-01;5.2500000e+01;-5.2178480e-02;5.2500000e+01;-8.8859852e-03;5.2500000e+01;5.6050375e-02;5.2500000e+01;1.3623235e-01;5.2500000e+01;2.2494417e-01;5.2500000e+01;2.7370423e-01;5.2500000e+01;2.9542366e-01;5.2500000e+01;3.1035253e-01;5.2500000e+01;2.6650357e-01;5.2500000e+01;2.3006801e-01;5.2500000e+01;1.9096476e-01;5.2500000e+01;1.4750309e-01;5.2500000e+01;9.8053500e-02;5.2500000e+01;5.2567348e-02;5.2500000e+01;8.6072460e-03;5.2500000e+01;-3.8683310e-02;5.2500000e+01;-7.9957284e-02;5.2500000e+01;-1.2470071e-01;5.2500000e+01;-5.2178480e-02;5.2500000e+01;-8.8859852e-03;5.2500000e+01;5.6050375e-02;5.2500000e+01;1.3623235e-01;5.2500000e+01;2.2494417e-01;5.2500000e+01;2.7370423e-01;5.2500000e+01;2.9542366e-01;5.2500000e+01;3.1035253e-01;5.2500000e+01;2.6650357e-01;5.2500000e+01;2.3006801e-01;5.2500000e+01;1.9096476e-01;5.2500000e+01;1.4750309e-01;5.2500000e+01;9.8053500e-02;5.2500000e+01;5.2567348e-02;5.2500000e+01;8.6072460e-03;5.2500000e+01;-3.8683310e-02;5.2500000e+01;-7.9957284e-02;5.2500000e+01;-1.2470071e-01;5.2500000e+01;-5.2178480e-02;5.2500000e+01;-8.8859852e-03;5.2500000e+01;5.6050375e-02;5.2500000e+01;1.3623235e-01;5.2500000e+01;2.2494417e-01;5.2500000e+01;2.7370423e-01;5.2500000e+01;2.9542366e-01;5.2500000e+01;3.1035253e-01;5.2500000e+01;2.6650357e-01;5.2500000e+01;2.3006801e-01;5.2500000e+01;1.9096476e-01;5.2500000e+01;1.4750309e-01;5.2500000e+01;9.8053500e-02;5.2500000e+01;5.2567348e-02;5.2500000e+01;8.6072460e-03;5.2500000e+01;-3.8683310e-02;5.2500000e+01;-7.9957284e-02;5.2500000e+01;-1.2470071e-01;5.2500000e+01;-5.2178480e-02;5.2500000e+01;-8.8859852e-03;5.2500000e+01;5.6050375e-02;5.2500000e+01;1.3623235e-01;5.2500000e+01;2.2494417e-01;5.2500000e+01;2.7370423e-01;5.2500000e+01;2.9542366e-01;5.2500000e+01;3.1035253e-01;5.2500000e+01;2.6650357e-01;5.2500000e+01;2.3006801e-01;5.2500000e+01;1.9096476e-01;5.2500000e+01;1.4750309e-01;5.2500000e+01;9.8053500e-02;5.2500000e+01;5.2567348e-02;5.2500000e+01;8.6072460e-03;5.2500000e+01;-3.8683310e-02;5.2500000e+01;-7.9957284e-02;5.2500000e+01;-1.2470071e-01;5.2500000e+01;-5.2178480e-02;5.2500000e+01;-8.8859852e-03;5.2500000e+01;5.6050375e-02;5.2500000e+01;1.3623235e-01;5.2500000e+01;2.2494417e-01;5.2500000e+01;2.7370423e-01;5.2500000e+01;2.9542366e-01;5.2500000e+01;3.1035253e-01;5.2500000e+01;2.6650357e-01;5.2500000e+01;2.3006801e-01;5.2500000e+01;1.9096476e-01;5.2500000e+01;1.4750309e-01;5.2500000e+01;9.8053500e-02;5.2500000e+01;5.2567348e-02;5.2500000e+01;8.6072460e-03;5.2500000e+01;-3.8683310e-02;5.2500000e+01;-7.9957284e-02;5.2500000e+01;-1.2470071e-01;5.2500000e+01;-5.2178480e-02;5.2500000e+01;-8.8859852e-03;5.2500000e+01;5.6050375e-02;5.2500000e+01;1.3623235e-01;5.2500000e+01;2.2494417e-01;5.2500000e+01;2.7370423e-01;5.2500000e+01;2.9542366e-01;5.2500000e+01;3.1035253e-01;5.2500000e+01;2.6650357e-01;5.2500000e+01;2.3006801e-01;5.2500000e+01;1.9096476e-01;5.2500000e+01;1.4750309e-01;5.2500000e+01;9.8053500e-02;5.2500000e+01;5.2567348e-02;5.2500000e+01;8.6072460e-03;5.2500000e+01;-3.8683310e-02;5.2500000e+01;-7.9957284e-02;5.2500000e+01;-1.2470071e-01;5.2500000e+01;-5.2178480e-02;5.2500000e+01;-8.8859852e-03;5.2500000e+01;5.6050375e-02;5.2500000e+01;1.3623235e-01;5.2500000e+01;2.2494417e-01;5.2500000e+01;2.7370423e-01;5.2500000e+01;2.9542366e-01;5.2500000e+01;3.1035253e-01;5.2500000e+01;2.6650357e-01;5.2500000e+01;2.3006801e-01;5.2500000e+01;1.9096476e-01;5.2500000e+01;1.4750309e-01;5.2500000e+01;9.8053500e-02;5.2500000e+01;5.2567348e-02;5.2500000e+01;8.6072460e-03;5.2500000e+01;-3.8683310e-02;5.2500000e+01;-7.9957284e-02;5.2500000e+01;-1.2470071e-01;5.2500000e+01;-5.2178480e-02;5.2500000e+01;-8.8859852e-03;5.2500000e+01;5.6050375e-02;5.2500000e+01;1.3623235e-01;5.2500000e+01;2.2494417e-01;5.2500000e+01;2.7370423e-01;5.2500000e+01;2.9542366e-01;5.2500000e+01;3.1035253e-01;5.2500000e+01;2.6650357e-01;5.2500000e+01;2.3006801e-01;5.2500000e+01;1.9096476e-01;5.2500000e+01;1.4750309e-01;5.2500000e+01;9.8053500e-02;5.2500000e+01;5.2567348e-02;5.2500000e+01;8.6072460e-03;5.2500000e+01;-3.8683310e-02;5.2500000e+01;-7.9957284e-02;5.2500000e+01;-1.2470071e-01;5.2500000e+01;-5.2178480e-02;5.2500000e+01;-8.8859852e-03;5.2500000e+01;5.6050375e-02;5.2500000e+01;1.3623235e-01;5.2500000e+01;2.2494417e-01;5.2500000e+01;2.7370423e-01;5.2500000e+01;2.9542366e-01;5.2500000e+01;3.1035253e-01;5.2500000e+01;2.6650357e-01;5.2500000e+01;2.3006801e-01;5.2500000e+01;1.9096476e-01;5.2500000e+01;1.4750309e-01;5.2500000e+01;9.8053500e-02;5.2500000e+01;5.2567348e-02;5.2500000e+01;8.6072460e-03;5.2500000e+01;-3.8683310e-02;5.2500000e+01;-7.9957284e-02;5.2500000e+01;-1.2470071e-01;5.2500000e+01;-5.2178480e-02;5.2500000e+01;-8.8859852e-03;5.2500000e+01;5.6050375e-02;5.2500000e+01;1.3623235e-01;5.2500000e+01;2.2494417e-01;5.2500000e+01;2.7370423e-01;5.2500000e+01;2.9542366e-01;5.2500000e+01;3.1035253e-01;5.2500000e+01;2.6650357e-01;5.2500000e+01;2.3006801e-01;5.2500000e+01;1.9096476e-01;5.2500000e+01;1.4750309e-01;5.2500000e+01;9.8053500e-02;5.2500000e+01;5.2567348e-02;5.2500000e+01;8.6072460e-03;5.2500000e+01;-3.8683310e-02;5.2500000e+01;-7.9957284e-02;5.2500000e+01;-1.2470071e-01;5.2500000e+01;-5.2178480e-02;5.2500000e+01;-8.8859852e-03;5.2500000e+01;5.6050375e-02;5.2500000e+01;1.3623235e-01;5.2500000e+01;2.2494417e-01;5.2500000e+01;2.7370423e-01;5.2500000e+01;2.9542366e-01;5.2500000e+01;3.1035253e-01;5.2500000e+01;2.6650357e-01;5.2500000e+01;2.3006801e-01;5.2500000e+01;1.9096476e-01;5.2500000e+01;1.4750309e-01;5.2500000e+01;9.8053500e-02;5.2500000e+01;5.2567348e-02;5.2500000e+01;8.6072460e-03;5.2500000e+01;-3.8683310e-02;5.2500000e+01;-7.9957284e-02;5.2500000e+01;-1.2470071e-01;5.2500000e+01;-5.2178480e-02;5.2500000e+01;-8.8859852e-03;5.2500000e+01;5.6050375e-02;5.2500000e+01;1.3623235e-01;5.2500000e+01;2.2494417e-01;5.2500000e+01;2.7370423e-01;5.2500000e+01;2.9542366e-01;5.2500000e+01;3.1035253e-01;5.2500000e+01;2.6650357e-01;5.2500000e+01;2.3006801e-01;5.2500000e+01;1.9096476e-01;5.2500000e+01;1.4750309e-01;5.2500000e+01;9.8053500e-02;5.2500000e+01;5.2567348e-02;5.2500000e+01;8.6072460e-03;5.2500000e+01;-3.8683310e-02;5.2500000e+01;-7.9957284e-02;5.2500000e+01;-1.2470071e-01;5.2500000e+01;-5.2178480e-02;5.2500000e+01;-8.8859852e-03;5.2500000e+01;5.6050375e-02;5.2500000e+01;1.3623235e-01;5.2500000e+01;2.2494417e-01;5.2500000e+01;2.7370423e-01;5.2500000e+01;2.9542366e-01;5.2500000e+01;3.1035253e-01;5.2500000e+01;2.6650357e-01;5.2500000e+01;2.3006801e-01;5.2500000e+01;1.9096476e-01;5.2500000e+01;1.4750309e-01;5.2500000e+01;9.8053500e-02;5.2500000e+01;5.2567348e-02;5.2500000e+01;8.6072460e-03;5.2500000e+01;-3.8683310e-02;5.2500000e+01;-7.9957284e-02;5.2500000e+01;-1.2470071e-01;5.2500000e+01;-5.2178480e-02;5.2500000e+01;-8.8859852e-03;5.2500000e+01;5.6050375e-02;5.2500000e+01;1.3623235e-01;5.2500000e+01;2.2494417e-01;5.2500000e+01;2.7370423e-01;5.2500000e+01;2.9542366e-01;5.2500000e+01;3.1035253e-01;5.2500000e+01;2.6650357e-01;5.2500000e+01;2.3006801e-01;5.2500000e+01;1.9096476e-01;5.2500000e+01;1.4750309e-01;5.2500000e+01;9.8053500e-02;5.2500000e+01;5.2567348e-02;5.2500000e+01;8.6072460e-03;5.2500000e+01;-3.8683310e-02;5.2500000e+01;-7.9957284e-02;5.2500000e+01;-1.2470071e-01;5.2500000e+01;-5.2178480e-02;5.2500000e+01;-8.8859852e-03;5.2500000e+01;5.6050375e-02;5.2500000e+01;1.3623235e-01;5.2500000e+01;2.2494417e-01;5.2500000e+01;2.7370423e-01;5.2500000e+01;2.9542366e-01;5.2500000e+01;3.1035253e-01;5.2500000e+01;2.6650357e-01;5.2500000e+01;2.3006801e-01;5.2500000e+01;1.9096476e-01;5.2500000e+01;1.4750309e-01;5.2500000e+01;9.8053500e-02;5.2500000e+01;5.2567348e-02;5.2500000e+01;8.6072460e-03;5.2500000e+01;-3.8683310e-02;5.2500000e+01;-7.9957284e-02;5.2500000e+01;-1.2470071e-01;5.2500000e+01;-5.2178480e-02;5.2500000e+01;-8.8859852e-03;5.2500000e+01;5.6050375e-02;5.2500000e+01;1.3623235e-01;5.2500000e+01;2.2494417e-01;5.2500000e+01;2.7370423e-01;5.2500000e+01;2.9542366e-01;5.2500000e+01;3.1035253e-01;5.2500000e+01;2.6650357e-01;5.2500000e+01;2.3006801e-01;5.2500000e+01;1.9096476e-01;5.2500000e+01;1.4750309e-01;5.2500000e+01;9.8053500e-02;5.2500000e+01;5.2567348e-02;5.2500000e+01;8.6072460e-03;5.2500000e+01;-3.8683310e-02;5.2500000e+01;-7.9957284e-02;5.2500000e+01;-1.2470071e-01;5.2500000e+01;-5.2178480e-02;5.2500000e+01;-8.8859852e-03;5.2500000e+01;5.6050375e-02;5.2500000e+01;1.3623235e-01;5.2500000e+01;2.2494417e-01;5.2500000e+01;2.7370423e-01;5.2500000e+01;2.9542366e-01;5.2500000e+01;3.1035253e-01;5.2500000e+01;2.6650357e-01;5.2500000e+01;2.3006801e-01;5.2500000e+01;1.9096476e-01;5.2500000e+01;1.4750309e-01;5.2500000e+01;9.8053500e-02;5.2500000e+01;5.2567348e-02;5.2500000e+01;8.6072460e-03;5.2500000e+01;-3.8683310e-02;5.2500000e+01;-7.9957284e-02;5.2500000e+01;-1.2470071e-01;5.2500000e+01;-5.2178480e-02;5.2500000e+01;-8.8859852e-03;5.2500000e+01;5.6050375e-02;5.2500000e+01;1.3623235e-01;5.2500000e+01;2.2494417e-01;5.2500000e+01;2.7370423e-01;5.2500000e+01;2.9542366e-01;5.2500000e+01;3.1035253e-01;5.2500000e+01;2.6650357e-01;5.2500000e+01;2.3006801e-01;5.2500000e+01;1.9096476e-01;5.2500000e+01;1.4750309e-01;5.2500000e+01;9.8053500e-02;5.2500000e+01;5.2567348e-02;5.2500000e+01;8.6072460e-03;5.2500000e+01;-3.8683310e-02;5.2500000e+01;-7.9957284e-02;5.2500000e+01;-1.2470071e-01;5.2500000e+01;-5.2178480e-02;5.2500000e+01;-8.8859852e-03;5.2500000e+01;5.6050375e-02;5.2500000e+01;1.3623235e-01;5.2500000e+01;2.2494417e-01;5.2500000e+01;2.7370423e-01;5.2500000e+01;2.9542366e-01;5.2500000e+01;3.1035253e-01;5.2500000e+01;2.6650357e-01;5.2500000e+01;2.3006801e-01;5.2500000e+01;1.9096476e-01;5.2500000e+01;1.4750309e-01;5.2500000e+01;9.8053500e-02;5.2500000e+01;5.2567348e-02;5.2500000e+01;8.6072460e-03;5.2500000e+01;-3.8683310e-02;5.2500000e+01;-7.9957284e-02;5.2500000e+01;-1.2470071e-01;5.2500000e+01;-5.2178480e-02;5.2500000e+01;-8.8859852e-03;5.2500000e+01;5.6050375e-02;5.2500000e+01;1.3623235e-01;5.2500000e+01;2.2494417e-01;5.2500000e+01;2.7370423e-01;5.2500000e+01;2.9542366e-01;5.2500000e+01;3.1035253e-01;5.2500000e+01;2.6650357e-01;5.2500000e+01;2.3006801e-01;5.2500000e+01;1.9096476e-01;5.2500000e+01;1.4750309e-01;5.2500000e+01;9.8053500e-02;5.2500000e+01;5.2567348e-02;5.2500000e+01;8.6072460e-03;5.2500000e+01;-3.8683310e-02;5.2500000e+01;-7.9957284e-02;5.2500000e+01;-1.2470071e-01;5.2500000e+01;-5.2178480e-02;5.2500000e+01;-8.8859852e-03;5.2500000e+01;5.6050375e-02;5.2500000e+01;1.3623235e-01;5.2500000e+01;2.2494417e-01;5.2500000e+01;2.7370423e-01;5.2500000e+01;2.9542366e-01;5.2500000e+01;3.1035253e-01;5.2500000e+01;2.6650357e-01;5.2500000e+01;2.3006801e-01;5.2500000e+01;1.9096476e-01;5.2500000e+01;1.4750309e-01;5.2500000e+01;9.8053500e-02;5.2500000e+01;5.2567348e-02;5.2500000e+01;8.6072460e-03;5.2500000e+01;-3.8683310e-02;5.2500000e+01;-7.9957284e-02;5.2500000e+01;-1.2470071e-01;5.2500000e+01;-5.2178480e-02;5.2500000e+01;-8.8859852e-03;5.2500000e+01;5.6050375e-02;5.2500000e+01;1.3623235e-01;5.2500000e+01;2.2494417e-01;5.2500000e+01;2.7370423e-01;5.2500000e+01;2.9542366e-01;5.2500000e+01;3.1035253e-01;5.2500000e+01;2.6650357e-01;5.2500000e+01;2.3006801e-01;5.2500000e+01;1.9096476e-01;5.2500000e+01;1.4750309e-01;5.2500000e+01;9.8053500e-02;5.2500000e+01;5.2567348e-02;5.2500000e+01;8.6072460e-03;5.2500000e+01;-3.8683310e-02;5.2500000e+01;-7.9957284e-02;5.2500000e+01;-1.2470071e-01;5.2500000e+01;-5.2178480e-02;5.2500000e+01;-8.8859852e-03;5.2500000e+01;5.6050375e-02;5.2500000e+01;1.3623235e-01;5.2500000e+01;2.2494417e-01;5.2500000e+01;2.7370423e-01;5.2500000e+01;2.9542366e-01;5.2500000e+01;3.1035253e-01;5.2500000e+01;2.6650357e-01;5.2500000e+01;2.3006801e-01;5.2500000e+01;1.9096476e-01;5.2500000e+01;1.4750309e-01;5.2500000e+01;9.8053500e-02;5.2500000e+01;5.2567348e-02;5.2500000e+01;8.6072460e-03;5.2500000e+01;-3.8683310e-02;5.2500000e+01;-7.9957284e-02;5.2500000e+01;-1.2470071e-01;5.2500000e+01;-5.2178480e-02;5.2500000e+01;-8.8859852e-03;5.2500000e+01;5.6050375e-02;5.2500000e+01;1.3623235e-01;5.2500000e+01;2.2494417e-01;5.2500000e+01;2.7370423e-01;5.2500000e+01;2.9542366e-01;5.2500000e+01;3.1035253e-01;5.2500000e+01;2.6650357e-01;5.2500000e+01;2.3006801e-01;5.2500000e+01;1.9096476e-01;5.2500000e+01;1.4750309e-01;5.2500000e+01;9.8053500e-02;5.2500000e+01;5.2567348e-02;5.2500000e+01;8.6072460e-03;5.2500000e+01;-3.8683310e-02;5.2500000e+01;-7.9957284e-02;5.2500000e+01;-1.2470071e-01;5.2500000e+01;-5.2178480e-02;5.2500000e+01;-8.8859852e-03;5.2500000e+01;5.6050375e-02;5.2500000e+01;1.3623235e-01;5.2500000e+01;2.2494417e-01;5.2500000e+01;2.7370423e-01;5.2500000e+01;2.9542366e-01;5.2500000e+01;3.1035253e-01;5.2500000e+01;2.6650357e-01;5.2500000e+01;2.3006801e-01;5.2500000e+01;1.9096476e-01;5.2500000e+01;1.4750309e-01;5.2500000e+01;9.8053500e-02;5.2500000e+01;5.2567348e-02;5.2500000e+01;8.6072460e-03;5.2500000e+01;-3.8683310e-02;5.2500000e+01;-7.9957284e-02;5.2500000e+01;-1.2470071e-01;5.2500000e+01;-5.2178480e-02;5.2500000e+01;-8.8859852e-03;5.2500000e+01;5.6050375e-02;5.2500000e+01;1.3623235e-01;5.2500000e+01;2.2494417e-01;5.2500000e+01;2.7370423e-01;5.2500000e+01;2.9542366e-01;5.2500000e+01;3.1035253e-01;5.2500000e+01;2.6650357e-01;5.2500000e+01;2.3006801e-01;5.2500000e+01;1.9096476e-01;5.2500000e+01;1.4750309e-01;5.2500000e+01;9.8053500e-02;5.2500000e+01;5.2567348e-02;5.2500000e+01;8.6072460e-03;5.2500000e+01;-3.8683310e-02;5.2500000e+01;-7.9957284e-02;5.2500000e+01;-1.2470071e-01;5.2500000e+01;-5.2178480e-02;5.2500000e+01;-8.8859852e-03;5.2500000e+01;5.6050375e-02;5.2500000e+01;1.3623235e-01;5.2500000e+01;2.2494417e-01;5.2500000e+01;2.7370423e-01;5.2500000e+01;2.9542366e-01;5.2500000e+01;3.1035253e-01;5.2500000e+01;2.6650357e-01;5.2500000e+01;2.3006801e-01;5.2500000e+01;1.9096476e-01;5.2500000e+01;1.4750309e-01;5.2500000e+01;9.8053500e-02;5.2500000e+01;5.2567348e-02;5.2500000e+01;8.6072460e-03;5.2500000e+01;-3.8683310e-02;5.2500000e+01;-7.9957284e-02;5.2500000e+01;-1.2470071e-01;5.2500000e+01;-5.2178480e-02;5.2500000e+01;-8.8859852e-03;5.2500000e+01;5.6050375e-02;5.2500000e+01;1.3623235e-01;5.2500000e+01;2.2494417e-01;5.2500000e+01;2.7370423e-01;5.2500000e+01;2.9542366e-01;5.2500000e+01;3.1035253e-01;5.2500000e+01;2.6650357e-01;5.2500000e+01;2.3006801e-01;5.2500000e+01;1.9096476e-01;5.2500000e+01;1.4750309e-01;5.2500000e+01;9.8053500e-02;5.2500000e+01;5.2567348e-02;5.2500000e+01;8.6072460e-03;5.2500000e+01;-3.8683310e-02;5.2500000e+01;-7.9957284e-02;5.2500000e+01;-1.2470071e-01;5.2500000e+01;-5.2178480e-02;5.2500000e+01;-8.8859852e-03;5.2500000e+01;5.6050375e-02;5.2500000e+01;1.3623235e-01;5.2500000e+01;2.2494417e-01;5.2500000e+01;2.7370423e-01;5.2500000e+01;2.9542366e-01;5.2500000e+01;3.1035253e-01;5.2500000e+01;2.6650357e-01;5.2500000e+01;2.3006801e-01;5.2500000e+01;1.9096476e-01;5.2500000e+01;1.4750309e-01;5.2500000e+01;9.8053500e-02;5.2500000e+01;5.2567348e-02;5.2500000e+01;8.6072460e-03;5.2500000e+01;-3.8683310e-02;5.2500000e+01;-7.9957284e-02;5.2500000e+01;-1.2470071e-01;5.2500000e+01;-5.2178480e-02;5.2500000e+01;-8.8859852e-03;5.2500000e+01;5.6050375e-02;5.2500000e+01;1.3623235e-01;5.2500000e+01;2.2494417e-01;5.2500000e+01;2.7370423e-01;5.2500000e+01;2.9542366e-01;5.2500000e+01;3.1035253e-01;5.2500000e+01;2.6650357e-01;5.2500000e+01;2.3006801e-01;5.2500000e+01;1.9096476e-01;5.2500000e+01;1.4750309e-01;5.2500000e+01;9.8053500e-02;5.2500000e+01;5.2567348e-02;5.2500000e+01;8.6072460e-03;5.2500000e+01;-3.8683310e-02;5.2500000e+01;-7.9957284e-02;5.2500000e+01;-1.2470071e-01;5.2500000e+01;-5.2178480e-02;5.2500000e+01;-8.8859852e-03;5.2500000e+01;5.6050375e-02;5.2500000e+01;1.3623235e-01;5.2500000e+01;2.2494417e-01;5.2500000e+01;2.7370423e-01;5.2500000e+01;2.9542366e-01;5.2500000e+01;3.1035253e-01;5.2500000e+01;2.6650357e-01;5.2500000e+01;2.3006801e-01;5.2500000e+01;1.9096476e-01;5.2500000e+01;1.4750309e-01;5.2500000e+01;9.8053500e-02;5.2500000e+01;5.2567348e-02;5.2500000e+01;8.6072460e-03;5.2500000e+01;-3.8683310e-02;5.2500000e+01;-7.9957284e-02;5.2500000e+01;-1.2470071e-01;5.2500000e+01;-5.2178480e-02;5.2500000e+01;-8.8859852e-03;5.2500000e+01;5.6050375e-02;5.2500000e+01;1.3623235e-01;5.2500000e+01;2.2494417e-01;5.2500000e+01;2.7370423e-01;5.2500000e+01;2.9542366e-01;5.2500000e+01;3.1035253e-01;5.2500000e+01;2.6650357e-01;5.2500000e+01;2.3006801e-01;5.2500000e+01;1.9096476e-01;5.2500000e+01;1.4750309e-01;5.2500000e+01;9.8053500e-02;5.2500000e+01;5.2567348e-02;5.2500000e+01;8.6072460e-03;5.2500000e+01;-3.8683310e-02;5.2500000e+01;-7.9957284e-02;5.2500000e+01;-1.2470071e-01;5.2500000e+01;-5.2178480e-02;5.2500000e+01;-8.8859852e-03;5.2500000e+01;5.6050375e-02;5.2500000e+01;1.3623235e-01;5.2500000e+01;2.2494417e-01;5.2500000e+01;2.7370423e-01;5.2500000e+01;2.9542366e-01;5.2500000e+01;3.1035253e-01;5.2500000e+01;2.6650357e-01;5.2500000e+01;2.3006801e-01;5.2500000e+01;1.9096476e-01;5.2500000e+01;1.4750309e-01;5.2500000e+01;9.8053500e-02;5.2500000e+01;5.2567348e-02;5.2500000e+01;8.6072460e-03;5.2500000e+01;-3.8683310e-02;5.2500000e+01;-7.9957284e-02;5.2500000e+01;-1.2470071e-01;5.2500000e+01;-5.2178480e-02;5.2500000e+01;-8.8859852e-03;5.2500000e+01;5.6050375e-02;5.2500000e+01;1.3623235e-01;5.2500000e+01;2.2494417e-01;5.2500000e+01;2.7370423e-01;5.2500000e+01;2.9542366e-01;5.2500000e+01;3.1035253e-01;5.2500000e+01;2.6650357e-01;5.2500000e+01;2.3006801e-01;5.2500000e+01;1.9096476e-01;5.2500000e+01;1.4750309e-01;5.2500000e+01;9.8053500e-02;5.2500000e+01;5.2567348e-02;5.2500000e+01;8.6072460e-03;5.2500000e+01;-3.8683310e-02;5.2500000e+01;-7.9957284e-02;5.2500000e+01;-1.2470071e-01;5.2500000e+01;-5.2178480e-02;5.2500000e+01;-8.8859852e-03;5.2500000e+01;5.6050375e-02;5.2500000e+01;1.3623235e-01;5.2500000e+01;2.2494417e-01;5.2500000e+01;2.7370423e-01;5.2500000e+01;2.9542366e-01;5.2500000e+01;3.1035253e-01;5.2500000e+01;2.6650357e-01;5.2500000e+01;2.3006801e-01;5.2500000e+01;1.9096476e-01;5.2500000e+01;1.4750309e-01;5.2500000e+01;9.8053500e-02;5.2500000e+01;5.2567348e-02;5.2500000e+01;8.6072460e-03;5.2500000e+01;-3.8683310e-02;5.2500000e+01;-7.9957284e-02;5.2500000e+01;-1.2470071e-01;5.2500000e+01;-5.2178480e-02;5.2500000e+01;-8.8859852e-03;5.2500000e+01;5.6050375e-02;5.2500000e+01;1.3623235e-01;5.2500000e+01;2.2494417e-01;5.2500000e+01;2.7370423e-01;5.2500000e+01;2.9542366e-01;5.2500000e+01;3.1035253e-01;5.2500000e+01;2.6650357e-01;5.2500000e+01;2.3006801e-01;5.2500000e+01;1.9096476e-01;5.2500000e+01;1.4750309e-01;5.2500000e+01;9.8053500e-02;5.2500000e+01;5.2567348e-02;5.2500000e+01;8.6072460e-03;5.2500000e+01;-3.8683310e-02;5.2500000e+01;-7.9957284e-02;5.2500000e+01;-1.2470071e-01;5.2500000e+01;-5.2178480e-02;5.2500000e+01;-8.8859852e-03;5.2500000e+01;5.6050375e-02;5.2500000e+01;1.3623235e-01;5.2500000e+01;2.2494417e-01;5.2500000e+01;2.7370423e-01;5.2500000e+01;2.9542366e-01;5.2500000e+01;3.1035253e-01;5.2500000e+01;2.6650357e-01;5.2500000e+01;2.3006801e-01;5.2500000e+01;1.9096476e-01;5.2500000e+01;1.4750309e-01;5.2500000e+01;9.8053500e-02;5.2500000e+01;5.2567348e-02;5.2500000e+01;8.6072460e-03;5.2500000e+01;-3.8683310e-02;5.2500000e+01;-7.9957284e-02;5.2500000e+01;-1.2470071e-01;5.2500000e+01;-5.2178480e-02;5.2500000e+01;-8.8859852e-03;5.2500000e+01;5.6050375e-02;5.2500000e+01;1.3623235e-01;5.2500000e+01;2.2494417e-01;5.2500000e+01;2.7370423e-01;5.2500000e+01;2.9542366e-01;5.2500000e+01;3.1035253e-01;5.2500000e+01;2.6650357e-01;5.2500000e+01;2.3006801e-01;5.2500000e+01;1.9096476e-01;5.2500000e+01;1.4750309e-01;5.2500000e+01;9.8053500e-02;5.2500000e+01;5.2567348e-02;5.2500000e+01;8.6072460e-03;5.2500000e+01;-3.8683310e-02;5.2500000e+01;-7.9957284e-02;5.2500000e+01;-1.2470071e-01;5.2500000e+01;-5.2178480e-02;5.2500000e+01;-8.8859852e-03;5.2500000e+01;5.6050375e-02;5.2500000e+01;1.3623235e-01;5.2500000e+01;2.2494417e-01;5.2500000e+01;2.7370423e-01;5.2500000e+01;2.9542366e-01;5.2500000e+01;3.1035253e-01;5.2500000e+01;2.6650357e-01;5.2500000e+01;2.3006801e-01;5.2500000e+01;1.9096476e-01;5.2500000e+01;1.4750309e-01;5.2500000e+01;9.8053500e-02;5.2500000e+01;5.2567348e-02;5.2500000e+01;8.6072460e-03;5.2500000e+01;-3.8683310e-02;5.2500000e+01;-7.9957284e-02;5.2500000e+01;-1.2470071e-01;5.2500000e+01;-5.2178480e-02;5.2500000e+01;-8.8859852e-03;5.2500000e+01;5.6050375e-02;5.2500000e+01;1.3623235e-01;5.2500000e+01;2.2494417e-01;5.2500000e+01;2.7370423e-01;5.2500000e+01;2.9542366e-01;5.2500000e+01;3.1035253e-01;5.2500000e+01;2.6650357e-01;5.2500000e+01;2.3006801e-01;5.2500000e+01;1.9096476e-01;5.2500000e+01;1.4750309e-01;5.2500000e+01;9.8053500e-02;5.2500000e+01;5.2567348e-02;5.2500000e+01;8.6072460e-03;5.2500000e+01;-3.8683310e-02;5.2500000e+01;-7.9957284e-02;5.2500000e+01;-1.2470071e-01;5.2500000e+01;-5.2178480e-02;5.2500000e+01;-8.8859852e-03;5.2500000e+01;5.6050375e-02;5.2500000e+01;1.3623235e-01;5.2500000e+01;2.2494417e-01;5.2500000e+01;2.7370423e-01;5.2500000e+01;2.9542366e-01;5.2500000e+01;3.1035253e-01;5.2500000e+01;2.6650357e-01;5.2500000e+01;2.3006801e-01;5.2500000e+01;1.9096476e-01;5.2500000e+01;1.4750309e-01;5.2500000e+01;9.8053500e-02;5.2500000e+01;5.2567348e-02;5.2500000e+01;8.6072460e-03;5.2500000e+01;-3.8683310e-02;5.2500000e+01;-7.9957284e-02;5.2500000e+01;-1.2470071e-01;5.2500000e+01;-5.2178480e-02;5.2500000e+01;-8.8859852e-03;5.2500000e+01;5.6050375e-02;5.2500000e+01;1.3623235e-01;5.2500000e+01;2.2494417e-01;5.2500000e+01;2.7370423e-01;5.2500000e+01;2.9542366e-01;5.2500000e+01;3.1035253e-01;5.2500000e+01;2.6650357e-01;5.2500000e+01;2.3006801e-01;5.2500000e+01;1.9096476e-01;5.2500000e+01;1.4750309e-01;5.2500000e+01;9.8053500e-02;5.2500000e+01;5.2567348e-02;5.2500000e+01;8.6072460e-03;5.2500000e+01;-3.8683310e-02;5.2500000e+01;-7.9957284e-02;5.2500000e+01;-1.2470071e-01;5.2500000e+01;-5.2178480e-02;5.2500000e+01;-8.8859852e-03;5.2500000e+01;5.6050375e-02;5.2500000e+01;1.3623235e-01;5.2500000e+01;2.2494417e-01;5.2500000e+01;2.7370423e-01;5.2500000e+01;2.9542366e-01;5.2500000e+01;3.1035253e-01;5.2500000e+01;2.6650357e-01;5.2500000e+01;2.3006801e-01;5.2500000e+01;1.9096476e-01;5.2500000e+01;1.4750309e-01;5.2500000e+01;9.8053500e-02;5.2500000e+01;5.2567348e-02;5.2500000e+01;8.6072460e-03;5.2500000e+01;-3.8683310e-02;5.2500000e+01;-7.9957284e-02;5.2500000e+01;-1.2470071e-01;5.2500000e+01;-5.2178480e-02;5.2500000e+01;-8.8859852e-03;5.2500000e+01;5.6050375e-02;5.2500000e+01;1.3623235e-01;5.2500000e+01;2.2494417e-01;5.2500000e+01;2.7370423e-01;5.2500000e+01;2.9542366e-01;5.2500000e+01;3.1035253e-01;5.2500000e+01;2.6650357e-01;5.2500000e+01;2.3006801e-01;5.2500000e+01;1.9096476e-01;5.2500000e+01;1.4750309e-01;5.2500000e+01;9.8053500e-02;5.2500000e+01;5.2567348e-02;5.2500000e+01;8.6072460e-03;5.2500000e+01;-3.8683310e-02;5.2500000e+01;-7.9957284e-02;5.2500000e+01;-1.2470071e-01;5.2500000e+01;-5.2178480e-02;5.2500000e+01;-8.8859852e-03;5.2500000e+01;5.6050375e-02;5.2500000e+01;1.3623235e-01;5.2500000e+01;2.2494417e-01;5.2500000e+01;2.7370423e-01;5.2500000e+01;2.9542366e-01;5.2500000e+01;3.1035253e-01;5.2500000e+01;2.6650357e-01;5.2500000e+01;2.3006801e-01;5.2500000e+01;1.9096476e-01;5.2500000e+01;1.4750309e-01;5.2500000e+01;9.8053500e-02;5.2500000e+01;5.2567348e-02;5.2500000e+01;8.6072460e-03;5.2500000e+01;-3.8683310e-02;5.2500000e+01;-7.9957284e-02;5.2500000e+01;-1.2470071e-01;5.2500000e+01;-5.2178480e-02;5.2500000e+01;-8.8859852e-03;5.2500000e+01;5.6050375e-02;5.2500000e+01;1.3623235e-01;5.2500000e+01;2.2494417e-01;5.2500000e+01;2.7370423e-01;5.2500000e+01;2.9542366e-01;5.2500000e+01;3.1035253e-01;5.2500000e+01;2.6650357e-01;5.2500000e+01;2.3006801e-01;5.2500000e+01;1.9096476e-01;5.2500000e+01;1.4750309e-01;5.2500000e+01;9.8053500e-02;5.2500000e+01;5.2567348e-02;5.2500000e+01;8.6072460e-03;5.2500000e+01;-3.8683310e-02;5.2500000e+01;-7.9957284e-02;5.2500000e+01;-1.2470071e-01;5.2500000e+01;-5.2178480e-02;5.2500000e+01;-8.8859852e-03;5.2500000e+01;5.6050375e-02;5.2500000e+01;1.3623235e-01;5.2500000e+01;2.2494417e-01;5.2500000e+01;2.7370423e-01;5.2500000e+01;2.9542366e-01;5.2500000e+01;3.1035253e-01;5.2500000e+01;2.6650357e-01;5.2500000e+01;2.3006801e-01;5.2500000e+01;1.9096476e-01;5.2500000e+01;1.4750309e-01;5.2500000e+01;9.8053500e-02;5.2500000e+01;5.2567348e-02;5.2500000e+01;8.6072460e-03;5.2500000e+01;-3.8683310e-02;5.2500000e+01;-7.9957284e-02;5.2500000e+01;-1.2470071e-01;5.2500000e+01;-5.2178480e-02;5.2500000e+01;-8.8859852e-03;5.2500000e+01;5.6050375e-02;5.2500000e+01;1.3623235e-01;5.2500000e+01;2.2494417e-01;5.2500000e+01;2.7370423e-01;5.2500000e+01;2.9542366e-01;5.2500000e+01;3.1035253e-01;5.2500000e+01;2.6650357e-01;5.2500000e+01;2.3006801e-01;5.2500000e+01;1.9096476e-01;5.2500000e+01;1.4750309e-01;5.2500000e+01;9.8053500e-02;5.2500000e+01;5.2567348e-02;5.2500000e+01;8.6072460e-03;5.2500000e+01;-3.8683310e-02;5.2500000e+01;-7.9957284e-02;5.2500000e+01;-1.2470071e-01;5.2500000e+01;-5.2178480e-02;5.2500000e+01;-8.8859852e-03;5.2500000e+01;5.6050375e-02;5.2500000e+01;1.3623235e-01;5.2500000e+01;2.2494417e-01;5.2500000e+01;2.7370423e-01;5.2500000e+01;2.9542366e-01;5.2500000e+01;3.1035253e-01;5.2500000e+01;2.6650357e-01;5.2500000e+01;2.3006801e-01;5.2500000e+01;1.9096476e-01;5.2500000e+01;1.4750309e-01;5.2500000e+01;9.8053500e-02;5.2500000e+01;5.2567348e-02;5.2500000e+01;8.6072460e-03;5.2500000e+01;-3.8683310e-02;5.2500000e+01;-7.9957284e-02;5.2500000e+01;-1.2470071e-01;5.2500000e+01;-5.2178480e-02;5.2500000e+01;-8.8859852e-03;5.2500000e+01;5.6050375e-02;5.2500000e+01;1.3623235e-01;5.2500000e+01;2.2494417e-01;5.2500000e+01;2.7370423e-01;5.2500000e+01;2.9542366e-01;5.2500000e+01;3.1035253e-01;5.2500000e+01;2.6650357e-01;5.2500000e+01;2.3006801e-01;5.2500000e+01;1.9096476e-01;5.2500000e+01;1.4750309e-01;5.2500000e+01;9.8053500e-02;5.2500000e+01;5.2567348e-02;5.2500000e+01;8.6072460e-03;5.2500000e+01;-3.8683310e-02;5.2500000e+01;-7.9957284e-02;5.2500000e+01;-1.2470071e-01;5.2500000e+01;-5.2178480e-02;5.2500000e+01;-8.8859852e-03;5.2500000e+01;5.6050375e-02;5.2500000e+01;1.3623235e-01;5.2500000e+01;2.2494417e-01;5.2500000e+01;2.7370423e-01;5.2500000e+01;2.9542366e-01;5.2500000e+01;3.1035253e-01;5.2500000e+01;2.6650357e-01;5.2500000e+01;2.3006801e-01;5.2500000e+01;1.9096476e-01;5.2500000e+01;1.4750309e-01;5.2500000e+01;9.8053500e-02;5.2500000e+01;5.2567348e-02;5.2500000e+01;8.6072460e-03;5.2500000e+01;-3.8683310e-02;5.2500000e+01;-7.9957284e-02;5.2500000e+01;-1.2470071e-01;5.2500000e+01;-5.2178480e-02;5.2500000e+01;-8.8859852e-03;5.2500000e+01;5.6050375e-02;5.2500000e+01;1.3623235e-01;5.2500000e+01;2.2494417e-01;5.2500000e+01;2.7370423e-01;5.2500000e+01;2.9542366e-01;5.2500000e+01;3.1035253e-01;5.2500000e+01;2.6650357e-01;5.2500000e+01;2.3006801e-01;5.2500000e+01;1.9096476e-01;5.2500000e+01;1.4750309e-01;5.2500000e+01;9.8053500e-02;5.2500000e+01;5.2567348e-02;5.2500000e+01;8.6072460e-03;5.2500000e+01;-3.8683310e-02;5.2500000e+01;-7.9957284e-02;5.2500000e+01;-1.2470071e-01;5.2500000e+01;-5.2178480e-02;5.2500000e+01;-8.8859852e-03;5.2500000e+01;5.6050375e-02;5.2500000e+01;1.3623235e-01;5.2500000e+01;2.2494417e-01;5.2500000e+01;2.7370423e-01;5.2500000e+01;2.9542366e-01;5.2500000e+01;3.1035253e-01;5.2500000e+01;2.6650357e-01;5.2500000e+01;2.3006801e-01;5.2500000e+01;1.9096476e-01;5.2500000e+01;1.4750309e-01;5.2500000e+01;9.8053500e-02;5.2500000e+01;5.2567348e-02;5.2500000e+01;8.6072460e-03;5.2500000e+01;-3.8683310e-02;5.2500000e+01;-7.9957284e-02;5.2500000e+01;-1.2470071e-01;5.2500000e+01;-5.2178480e-02;5.2500000e+01;-8.8859852e-03;5.2500000e+01;5.6050375e-02;5.2500000e+01;1.3623235e-01;5.2500000e+01;2.2494417e-01;5.2500000e+01;2.7370423e-01;5.2500000e+01;2.9542366e-01;5.2500000e+01;3.1035253e-01;5.2500000e+01;2.6650357e-01;5.2500000e+01;2.3006801e-01;5.2500000e+01;1.9096476e-01;5.2500000e+01;1.4750309e-01;5.2500000e+01;9.8053500e-02;5.2500000e+01;5.2567348e-02;5.2500000e+01;8.6072460e-03;5.2500000e+01;-3.8683310e-02;5.2500000e+01;-7.9957284e-02;5.2500000e+01;-1.2470071e-01;5.2500000e+01;-5.2178480e-02;5.2500000e+01;-8.8859852e-03;5.2500000e+01;5.6050375e-02;5.2500000e+01;1.3623235e-01;5.2500000e+01;2.2494417e-01;5.2500000e+01;2.7370423e-01;5.2500000e+01;2.9542366e-01;5.2500000e+01;3.1035253e-01;5.2500000e+01;2.6650357e-01;5.2500000e+01;2.3006801e-01;5.2500000e+01;1.9096476e-01;5.2500000e+01;1.4750309e-01;5.2500000e+01;9.8053500e-02;5.2500000e+01;5.2567348e-02;5.2500000e+01;8.6072460e-03;5.2500000e+01;-3.8683310e-02;5.2500000e+01;-7.9957284e-02;5.2500000e+01;-1.2470071e-01;5.2500000e+01;-5.2178480e-02;5.2500000e+01;-8.8859852e-03;5.2500000e+01;5.6050375e-02;5.2500000e+01;1.3623235e-01;5.2500000e+01;2.2494417e-01;5.2500000e+01;2.7370423e-01;5.2500000e+01;2.9542366e-01;5.2500000e+01;3.1035253e-01;5.2500000e+01;2.6650357e-01;5.2500000e+01;2.3006801e-01;5.2500000e+01;1.9096476e-01;5.2500000e+01;1.4750309e-01;5.2500000e+01;9.8053500e-02;5.2500000e+01;5.2567348e-02;5.2500000e+01;8.6072460e-03;5.2500000e+01;-3.8683310e-02;5.2500000e+01;-7.9957284e-02;5.2500000e+01;-1.2470071e-01;5.2500000e+01;-5.2178480e-02;5.2500000e+01;-8.8859852e-03;5.2500000e+01;5.6050375e-02;5.2500000e+01;1.3623235e-01;5.2500000e+01;2.2494417e-01;5.2500000e+01;2.7370423e-01;5.2500000e+01;2.9542366e-01;5.2500000e+01;3.1035253e-01;5.2500000e+01;2.6650357e-01;5.2500000e+01;2.3006801e-01;5.2500000e+01;1.9096476e-01;5.2500000e+01;1.4750309e-01;5.2500000e+01;9.8053500e-02;5.2500000e+01;5.2567348e-02;5.2500000e+01;8.6072460e-03;5.2500000e+01;-3.8683310e-02;5.2500000e+01;-7.9957284e-02;5.2500000e+01;-1.2470071e-01;5.2500000e+01;-5.2178480e-02;5.2500000e+01;-8.8859852e-03;5.2500000e+01;5.6050375e-02;5.2500000e+01;1.3623235e-01;5.2500000e+01;2.2494417e-01;5.2500000e+01;2.7370423e-01;5.2500000e+01;2.9542366e-01;5.2500000e+01;3.1035253e-01;5.2500000e+01;2.6650357e-01;5.2500000e+01;2.3006801e-01;5.2500000e+01;1.9096476e-01;5.2500000e+01;1.4750309e-01;5.2500000e+01;9.8053500e-02;5.2500000e+01;5.2567348e-02;5.2500000e+01;8.6072460e-03;5.2500000e+01;-3.8683310e-02;5.2500000e+01;-7.9957284e-02;5.2500000e+01;-1.2470071e-01;5.2500000e+01;-5.2178480e-02;5.2500000e+01;-8.8859852e-03;5.2500000e+01;5.6050375e-02;5.2500000e+01;1.3623235e-01;5.2500000e+01;2.2494417e-01;5.2500000e+01;2.7370423e-01;5.2500000e+01;2.9542366e-01;5.2500000e+01;3.1035253e-01;5.2500000e+01;2.6650357e-01;5.2500000e+01;2.3006801e-01;5.2500000e+01;1.9096476e-01;5.2500000e+01;1.4750309e-01;5.2500000e+01;9.8053500e-02;5.2500000e+01;5.2567348e-02;5.2500000e+01;8.6072460e-03;5.2500000e+01;-3.8683310e-02;5.2500000e+01;-7.9957284e-02;5.2500000e+01;-1.2470071e-01;5.2500000e+01;-5.2178480e-02;5.2500000e+01;-8.8859852e-03;5.2500000e+01;5.6050375e-02;5.2500000e+01;1.3623235e-01;5.2500000e+01;2.2494417e-01;5.2500000e+01;2.7370423e-01;5.2500000e+01;2.9542366e-01;5.2500000e+01;3.1035253e-01;5.2500000e+01;2.6650357e-01;5.2500000e+01;2.3006801e-01;5.2500000e+01;1.9096476e-01;5.2500000e+01;1.4750309e-01;5.2500000e+01;9.8053500e-02;5.2500000e+01;5.2567348e-02;5.2500000e+01;8.6072460e-03;5.2500000e+01;-3.8683310e-02;5.2500000e+01;-7.9957284e-02;5.2500000e+01;-1.2470071e-01;5.2500000e+01;-5.2178480e-02;5.2500000e+01;-8.8859852e-03;5.2500000e+01;5.6050375e-02;5.2500000e+01;1.3623235e-01;5.2500000e+01;2.2494417e-01;5.2500000e+01;2.7370423e-01;5.2500000e+01;2.9542366e-01;5.2500000e+01;3.1035253e-01;5.2500000e+01;2.6650357e-01;5.2500000e+01;2.3006801e-01;5.2500000e+01;1.9096476e-01;5.2500000e+01;1.4750309e-01;5.2500000e+01;9.8053500e-02;5.2500000e+01;5.2567348e-02;5.2500000e+01;8.6072460e-03;5.2500000e+01;-3.8683310e-02;5.2500000e+01;-7.9957284e-02;5.2500000e+01;-1.2470071e-01;5.2500000e+01;-5.2178480e-02;5.2500000e+01;-8.8859852e-03;5.2500000e+01;5.6050375e-02;5.2500000e+01;1.3623235e-01;5.2500000e+01;2.2494417e-01;5.2500000e+01;2.7370423e-01;5.2500000e+01;2.9542366e-01;5.2500000e+01;3.1035253e-01;5.2500000e+01;2.6650357e-01;5.2500000e+01;2.3006801e-01;5.2500000e+01;1.9096476e-01;5.2500000e+01;1.4750309e-01;5.2500000e+01;9.8053500e-02;5.2500000e+01;5.2567348e-02;5.2500000e+01;8.6072460e-03;5.2500000e+01;-3.8683310e-02;5.2500000e+01;-7.9957284e-02;5.2500000e+01;-1.2470071e-01;5.2500000e+01;-5.2178480e-02;5.2500000e+01;-8.8859852e-03;5.2500000e+01;5.6050375e-02;5.2500000e+01;1.3623235e-01;5.2500000e+01;2.2494417e-01;5.2500000e+01;2.7370423e-01;5.2500000e+01;2.9542366e-01;5.2500000e+01;3.1035253e-01;5.2500000e+01;2.6650357e-01;5.2500000e+01;2.3006801e-01;5.2500000e+01;1.9096476e-01;5.2500000e+01;1.4750309e-01;5.2500000e+01;9.8053500e-02;5.2500000e+01;5.2567348e-02;5.2500000e+01;8.6072460e-03;5.2500000e+01;-3.8683310e-02;5.2500000e+01;-7.9957284e-02;5.2500000e+01;-1.2470071e-01;5.2500000e+01;-5.2178480e-02;5.2500000e+01;-8.8859852e-03;5.2500000e+01;5.6050375e-02;5.2500000e+01;1.3623235e-01;5.2500000e+01;2.2494417e-01;5.2500000e+01;2.7370423e-01;5.2500000e+01;2.9542366e-01;5.2500000e+01;3.1035253e-01;5.2500000e+01;2.6650357e-01;5.2500000e+01;2.3006801e-01;5.2500000e+01;1.9096476e-01;5.2500000e+01;1.4750309e-01;5.2500000e+01;9.8053500e-02;5.2500000e+01;5.2567348e-02;5.2500000e+01;8.6072460e-03;5.2500000e+01;-3.8683310e-02;5.2500000e+01;-7.9957284e-02;5.2500000e+01;-1.2470071e-01;5.2500000e+01;-5.2178480e-02;5.2500000e+01;-8.8859852e-03;5.2500000e+01;5.6050375e-02;5.2500000e+01;1.3623235e-01;5.2500000e+01;2.2494417e-01;5.2500000e+01;2.7370423e-01;5.2500000e+01;2.9542366e-01;5.2500000e+01;3.1035253e-01;5.2500000e+01;2.6650357e-01;5.2500000e+01;2.3006801e-01;5.2500000e+01;1.9096476e-01;5.2500000e+01;1.4750309e-01;5.2500000e+01;9.8053500e-02;5.2500000e+01;5.2567348e-02;5.2500000e+01;8.6072460e-03;5.2500000e+01;-3.8683310e-02;5.2500000e+01;-7.9957284e-02;5.2500000e+01;-1.2470071e-01;5.2500000e+01;-5.2178480e-02;5.2500000e+01;-8.8859852e-03;5.2500000e+01;5.6050375e-02;5.2500000e+01;1.3623235e-01;5.2500000e+01;2.2494417e-01;5.2500000e+01;2.7370423e-01;5.2500000e+01;2.9542366e-01;5.2500000e+01;3.1035253e-01;5.2500000e+01;2.6650357e-01;5.2500000e+01;2.3006801e-01;5.2500000e+01;1.9096476e-01;5.2500000e+01;1.4750309e-01;5.2500000e+01;9.8053500e-02;5.2500000e+01;5.2567348e-02;5.2500000e+01;8.6072460e-03;5.2500000e+01;-3.8683310e-02;5.2500000e+01;-7.9957284e-02;5.2500000e+01;-1.2470071e-01;5.2500000e+01;-5.2178480e-02;5.2500000e+01;-8.8859852e-03;5.2500000e+01;5.6050375e-02;5.2500000e+01;1.3623235e-01;5.2500000e+01;2.2494417e-01;5.2500000e+01;2.7370423e-01;5.2500000e+01;2.9542366e-01;5.2500000e+01;3.1035253e-01;5.2500000e+01;2.6650357e-01;5.2500000e+01;2.3006801e-01;5.2500000e+01;1.9096476e-01;5.2500000e+01;1.4750309e-01;5.2500000e+01;9.8053500e-02;5.2500000e+01;5.2567348e-02;5.2500000e+01;8.6072460e-03;5.2500000e+01;-3.8683310e-02;5.2500000e+01;-7.9957284e-02;5.2500000e+01;-1.2470071e-01;5.2500000e+01;-5.2178480e-02;5.2500000e+01;-8.8859852e-03;5.2500000e+01;5.6050375e-02;5.2500000e+01;1.3623235e-01;5.2500000e+01;2.2494417e-01;5.2500000e+01;2.7370423e-01;5.2500000e+01;2.9542366e-01;5.2500000e+01;3.1035253e-01;5.2500000e+01;2.6650357e-01;5.2500000e+01;2.3006801e-01;5.2500000e+01;1.9096476e-01;5.2500000e+01;1.4750309e-01;5.2500000e+01;9.8053500e-02;5.2500000e+01;5.2567348e-02;5.2500000e+01;8.6072460e-03;5.2500000e+01;-3.8683310e-02;5.2500000e+01;-7.9957284e-02;5.2500000e+01;-1.2470071e-01;5.2500000e+01;-5.2178480e-02;5.2500000e+01;-8.8859852e-03;5.2500000e+01;5.6050375e-02;5.2500000e+01;1.3623235e-01;5.2500000e+01;2.2494417e-01;5.2500000e+01;2.7370423e-01;5.2500000e+01;2.9542366e-01;5.2500000e+01;3.1035253e-01;5.2500000e+01;2.6650357e-01;5.2500000e+01;2.3006801e-01;5.2500000e+01;1.9096476e-01;5.2500000e+01;1.4750309e-01;5.2500000e+01;9.8053500e-02;5.2500000e+01;5.2567348e-02;5.2500000e+01;8.6072460e-03;5.2500000e+01;-3.8683310e-02;5.2500000e+01;-7.9957284e-02;5.2500000e+01;-1.2470071e-01;5.2500000e+01;-5.2178480e-02;5.2500000e+01;-8.8859852e-03;5.2500000e+01;5.6050375e-02;5.2500000e+01;1.3623235e-01;5.2500000e+01;2.2494417e-01;5.2500000e+01;2.7370423e-01;5.2500000e+01;2.9542366e-01;5.2500000e+01;3.1035253e-01;5.2500000e+01;2.6650357e-01;5.2500000e+01;2.3006801e-01;5.2500000e+01;1.9096476e-01;5.2500000e+01;1.4750309e-01;5.2500000e+01;9.8053500e-02;5.2500000e+01;5.2567348e-02;5.2500000e+01;8.6072460e-03;5.2500000e+01;-3.8683310e-02;5.2500000e+01;-7.9957284e-02;5.2500000e+01;-1.2470071e-01;5.2500000e+01;-5.2178480e-02;5.2500000e+01;-8.8859852e-03;5.2500000e+01;5.6050375e-02;5.2500000e+01;1.3623235e-01;5.2500000e+01;2.2494417e-01;5.2500000e+01;2.7370423e-01;5.2500000e+01;2.9542366e-01;5.2500000e+01;3.1035253e-01;5.2500000e+01;2.6650357e-01;5.2500000e+01;2.3006801e-01;5.2500000e+01;1.9096476e-01;5.2500000e+01;1.4750309e-01;5.2500000e+01;9.8053500e-02;5.2500000e+01;5.2567348e-02;5.2500000e+01;8.6072460e-03;5.2500000e+01;-3.8683310e-02;5.2500000e+01;-7.9957284e-02;5.2500000e+01;-1.2470071e-01;5.2500000e+01;-5.2178480e-02;5.2500000e+01;-8.8859852e-03;5.2500000e+01;5.6050375e-02;5.2500000e+01;1.3623235e-01;5.2500000e+01;2.2494417e-01;5.2500000e+01;2.7370423e-01;5.2500000e+01;2.9542366e-01;5.2500000e+01;3.1035253e-01;5.2500000e+01;2.6650357e-01;5.2500000e+01;2.3006801e-01;5.2500000e+01;1.9096476e-01;5.2500000e+01;1.4750309e-01;5.2500000e+01;9.8053500e-02;5.2500000e+01;5.2567348e-02;5.2500000e+01;8.6072460e-03;5.2500000e+01;-3.8683310e-02;5.2500000e+01;-7.9957284e-02;5.2500000e+01;-1.2470071e-01;5.2500000e+01;-5.2178480e-02;5.2500000e+01;-8.8859852e-03;5.2500000e+01;5.6050375e-02;5.2500000e+01;1.3623235e-01;5.2500000e+01;2.2494417e-01;5.2500000e+01;2.7370423e-01;5.2500000e+01;2.9542366e-01;5.2500000e+01;3.1035253e-01;5.2500000e+01;2.6650357e-01;5.2500000e+01;2.3006801e-01;5.2500000e+01;1.9096476e-01;5.2500000e+01;1.4750309e-01;5.2500000e+01;9.8053500e-02;5.2500000e+01;5.2567348e-02;5.2500000e+01;8.6072460e-03;5.2500000e+01;-3.8683310e-02;5.2500000e+01;-7.9957284e-02;5.2500000e+01;-1.2470071e-01;5.2500000e+01;-5.2178480e-02;5.2500000e+01;-8.8859852e-03;5.2500000e+01;5.6050375e-02;5.2500000e+01;1.3623235e-01;5.2500000e+01;2.2494417e-01;5.2500000e+01;2.7370423e-01;5.2500000e+01;2.9542366e-01;5.2500000e+01;3.1035253e-01;5.2500000e+01;2.6650357e-01;5.2500000e+01;2.3006801e-01;5.2500000e+01;1.9096476e-01;5.2500000e+01;1.4750309e-01;5.2500000e+01;9.8053500e-02;5.2500000e+01;5.2567348e-02;5.2500000e+01;8.6072460e-03;5.2500000e+01;-3.8683310e-02;5.2500000e+01;-7.9957284e-02;5.2500000e+01;-1.2470071e-01;5.2500000e+01;-5.2178480e-02;5.2500000e+01;-8.8859852e-03;5.2500000e+01;5.6050375e-02;5.2500000e+01;1.3623235e-01;5.2500000e+01;2.2494417e-01;5.2500000e+01;2.7370423e-01;5.2500000e+01;2.9542366e-01;5.2500000e+01;3.1035253e-01;5.2500000e+01;2.6650357e-01;5.2500000e+01;2.3006801e-01;5.2500000e+01;1.9096476e-01;5.2500000e+01;1.4750309e-01;5.2500000e+01;9.8053500e-02;5.2500000e+01;5.2567348e-02;5.2500000e+01;8.6072460e-03;5.2500000e+01;-3.8683310e-02;5.2500000e+01;-7.9957284e-02;5.2500000e+01;-1.2470071e-01;5.2500000e+01;-5.2178480e-02;5.2500000e+01;-8.8859852e-03;5.2500000e+01;5.6050375e-02;5.2500000e+01;1.3623235e-01;5.2500000e+01;2.2494417e-01;5.2500000e+01;2.7370423e-01;5.2500000e+01;2.9542366e-01;5.2500000e+01;3.1035253e-01;5.2500000e+01;2.6650357e-01;5.2500000e+01;2.3006801e-01;5.2500000e+01;1.9096476e-01;5.2500000e+01;1.4750309e-01;5.2500000e+01;9.8053500e-02;5.2500000e+01;5.2567348e-02;5.2500000e+01;8.6072460e-03;5.2500000e+01;-3.8683310e-02;5.2500000e+01;-7.9957284e-02;5.2500000e+01;-1.2470071e-01;5.2500000e+01;-5.2178480e-02;5.2500000e+01;-8.8859852e-03;5.2500000e+01;5.6050375e-02;5.2500000e+01;1.3623235e-01;5.2500000e+01;2.2494417e-01;5.2500000e+01;2.7370423e-01;5.2500000e+01;2.9542366e-01;5.2500000e+01;3.1035253e-01;5.2500000e+01;2.6650357e-01;5.2500000e+01;2.3006801e-01;5.2500000e+01;1.9096476e-01;5.2500000e+01;1.4750309e-01;5.2500000e+01;9.8053500e-02;5.2500000e+01;5.2567348e-02;5.2500000e+01;8.6072460e-03;5.2500000e+01;-3.8683310e-02;5.2500000e+01;-7.9957284e-02;5.2500000e+01;-1.2470071e-01;5.2500000e+01;-5.2178480e-02;5.2500000e+01;-8.8859852e-03;5.2500000e+01;5.6050375e-02;5.2500000e+01;1.3623235e-01;5.2500000e+01;2.2494417e-01;5.2500000e+01;2.7370423e-01;5.2500000e+01;2.9542366e-01;5.2500000e+01;3.1035253e-01;5.2500000e+01;2.6650357e-01;5.2500000e+01;2.3006801e-01;5.2500000e+01;1.9096476e-01;5.2500000e+01;1.4750309e-01;5.2500000e+01;9.8053500e-02;5.2500000e+01;5.2567348e-02;5.2500000e+01;8.6072460e-03;5.2500000e+01;-3.8683310e-02;5.2500000e+01;-7.9957284e-02;5.2500000e+01;-1.2470071e-01;5.2500000e+01;-5.2178480e-02;5.2500000e+01;-8.8859852e-03;5.2500000e+01;5.6050375e-02;5.2500000e+01;1.3623235e-01;5.2500000e+01;2.2494417e-01;5.2500000e+01;2.7370423e-01;5.2500000e+01;2.9542366e-01;5.2500000e+01;3.1035253e-01;5.2500000e+01;2.6650357e-01;5.2500000e+01;2.3006801e-01;5.2500000e+01;1.9096476e-01;5.2500000e+01;1.4750309e-01;5.2500000e+01;9.8053500e-02;5.2500000e+01;5.2567348e-02;5.2500000e+01;8.6072460e-03;5.2500000e+01;-3.8683310e-02;5.2500000e+01;-7.9957284e-02;5.2500000e+01;-1.2470071e-01;5.2500000e+01;-5.2178480e-02;5.2500000e+01;-8.8859852e-03;5.2500000e+01;5.6050375e-02;5.2500000e+01;1.3623235e-01;5.2500000e+01;2.2494417e-01;5.2500000e+01;2.7370423e-01;5.2500000e+01;2.9542366e-01;5.2500000e+01;3.1035253e-01;5.2500000e+01;2.6650357e-01;5.2500000e+01;2.3006801e-01;5.2500000e+01;1.9096476e-01;5.2500000e+01;1.4750309e-01;5.2500000e+01;9.8053500e-02;5.2500000e+01;5.2567348e-02;5.2500000e+01;8.6072460e-03;5.2500000e+01;-3.8683310e-02;5.2500000e+01;-7.9957284e-02;5.2500000e+01;-1.2470071e-01;5.2500000e+01;-5.2178480e-02;5.2500000e+01;-8.8859852e-03;5.2500000e+01;5.6050375e-02;5.2500000e+01;1.3623235e-01;5.2500000e+01;2.2494417e-01;5.2500000e+01;2.7370423e-01;5.2500000e+01;2.9542366e-01;5.2500000e+01;3.1035253e-01;5.2500000e+01;2.6650357e-01;5.2500000e+01;2.3006801e-01;5.2500000e+01;1.9096476e-01;5.2500000e+01;1.4750309e-01;5.2500000e+01;9.8053500e-02;5.2500000e+01;5.2567348e-02;5.2500000e+01;8.6072460e-03;5.2500000e+01;-3.8683310e-02;5.2500000e+01;-7.9957284e-02;5.2500000e+01;-1.2470071e-01;5.2500000e+01;-5.2178480e-02;5.2500000e+01;-8.8859852e-03;5.2500000e+01;5.6050375e-02;5.2500000e+01;1.3623235e-01;5.2500000e+01;2.2494417e-01;5.2500000e+01;2.7370423e-01;5.2500000e+01;2.9542366e-01;5.2500000e+01;3.1035253e-01;5.2500000e+01;2.6650357e-01;5.2500000e+01;2.3006801e-01;5.2500000e+01;1.9096476e-01;5.2500000e+01;1.4750309e-01;5.2500000e+01;9.8053500e-02;5.2500000e+01;5.2567348e-02;5.2500000e+01;8.6072460e-03;5.2500000e+01;-3.8683310e-02;5.2500000e+01;-7.9957284e-02;5.2500000e+01;-1.2470071e-01;5.2500000e+01;-5.2178480e-02;5.2500000e+01;-8.8859852e-03;5.2500000e+01;5.6050375e-02;5.2500000e+01;1.3623235e-01;5.2500000e+01;2.2494417e-01;5.2500000e+01;2.7370423e-01;5.2500000e+01;2.9542366e-01;5.2500000e+01;3.1035253e-01;5.2500000e+01;2.6650357e-01;5.2500000e+01;2.3006801e-01;5.2500000e+01;1.9096476e-01;5.2500000e+01;1.4750309e-01;5.2500000e+01;9.8053500e-02;5.2500000e+01;5.2567348e-02;5.2500000e+01;8.6072460e-03;5.2500000e+01;-3.8683310e-02;5.2500000e+01;-7.9957284e-02;5.2500000e+01;-1.2470071e-01;5.2500000e+01;-5.2178480e-02;5.2500000e+01;-8.8859852e-03;5.2500000e+01;5.6050375e-02;5.2500000e+01;1.3623235e-01;5.2500000e+01;2.2494417e-01;5.2500000e+01;2.7370423e-01;5.2500000e+01;2.9542366e-01;5.2500000e+01;3.1035253e-01;5.2500000e+01;2.6650357e-01;5.2500000e+01;2.3006801e-01;5.2500000e+01;1.9096476e-01;5.2500000e+01;1.4750309e-01;5.2500000e+01;9.8053500e-02;5.2500000e+01;5.2567348e-02;5.2500000e+01;8.6072460e-03;5.2500000e+01;-3.8683310e-02;5.2500000e+01;-7.9957284e-02;5.2500000e+01;-1.2470071e-01;5.2500000e+01;-5.2178480e-02;5.2500000e+01;-8.8859852e-03;5.2500000e+01;5.6050375e-02;5.2500000e+01;1.3623235e-01;5.2500000e+01;2.2494417e-01;5.2500000e+01;2.7370423e-01;5.2500000e+01;2.9542366e-01;5.2500000e+01;3.1035253e-01;5.2500000e+01;2.6650357e-01;5.2500000e+01;2.3006801e-01;5.2500000e+01;1.9096476e-01;5.2500000e+01;1.4750309e-01;5.2500000e+01;9.8053500e-02;5.2500000e+01;5.2567348e-02;5.2500000e+01;8.6072460e-03;5.2500000e+01;-3.8683310e-02;5.2500000e+01;-7.9957284e-02;5.2500000e+01;-1.2470071e-01;5.2500000e+01;-5.2178480e-02;5.2500000e+01;-8.8859852e-03;5.2500000e+01;5.6050375e-02;5.2500000e+01;1.3623235e-01;5.2500000e+01;2.2494417e-01;5.2500000e+01;2.7370423e-01;5.2500000e+01;2.9542366e-01;5.2500000e+01;3.1035253e-01;5.2500000e+01;2.6650357e-01;5.2500000e+01;2.3006801e-01;5.2500000e+01;1.9096476e-01;5.2500000e+01;1.4750309e-01;5.2500000e+01;9.8053500e-02;5.2500000e+01;5.2567348e-02;5.2500000e+01;8.6072460e-03;5.2500000e+01;-3.8683310e-02;5.2500000e+01;-7.9957284e-02;5.2500000e+01;-1.2470071e-01;5.2500000e+01;-5.2178480e-02;5.2500000e+01;-8.8859852e-03;5.2500000e+01;5.6050375e-02;5.2500000e+01;1.3623235e-01;5.2500000e+01;2.2494417e-01;5.2500000e+01;2.7370423e-01;5.2500000e+01;2.9542366e-01;5.2500000e+01;3.1035253e-01;5.2500000e+01;2.6650357e-01;5.2500000e+01;2.3006801e-01;5.2500000e+01;1.9096476e-01;5.2500000e+01;1.4750309e-01;5.2500000e+01;9.8053500e-02;5.2500000e+01;5.2567348e-02;5.2500000e+01;8.6072460e-03;5.2500000e+01;-3.8683310e-02;5.2500000e+01;-7.9957284e-02;5.2500000e+01;-1.2470071e-01;5.2500000e+01;-5.2178480e-02;5.2500000e+01;-8.8859852e-03;5.2500000e+01;5.6050375e-02;5.2500000e+01;1.3623235e-01;5.2500000e+01;2.2494417e-01;5.2500000e+01;2.7370423e-01;5.2500000e+01;2.9542366e-01;5.2500000e+01;3.1035253e-01;5.2500000e+01;2.6650357e-01;5.2500000e+01;2.3006801e-01;5.2500000e+01;1.9096476e-01;5.2500000e+01;1.4750309e-01;5.2500000e+01;9.8053500e-02;5.2500000e+01;5.2567348e-02;5.2500000e+01;8.6072460e-03;5.2500000e+01;-3.8683310e-02;5.2500000e+01;-7.9957284e-02;5.2500000e+01;-1.2470071e-01;5.2500000e+01;-5.2178480e-02;5.2500000e+01;-8.8859852e-03;5.2500000e+01;5.6050375e-02;5.2500000e+01;1.3623235e-01;5.2500000e+01;2.2494417e-01;5.2500000e+01;2.7370423e-01;5.2500000e+01;2.9542366e-01;5.2500000e+01;3.1035253e-01;5.2500000e+01;2.6650357e-01;5.2500000e+01;2.3006801e-01;5.2500000e+01;1.9096476e-01;5.2500000e+01;1.4750309e-01;5.2500000e+01;9.8053500e-02;5.2500000e+01;5.2567348e-02;5.2500000e+01;8.6072460e-03;5.2500000e+01;-3.8683310e-02;5.2500000e+01;-7.9957284e-02;5.2500000e+01;-1.2470071e-01;5.2500000e+01;-5.2178480e-02;5.2500000e+01;-8.8859852e-03;5.2500000e+01;5.6050375e-02;5.2500000e+01;1.3623235e-01;5.2500000e+01;2.2494417e-01;5.2500000e+01;2.7370423e-01;5.2500000e+01;2.9542366e-01;5.2500000e+01;3.1035253e-01;5.2500000e+01;2.6650357e-01;5.2500000e+01;2.3006801e-01;5.2500000e+01;1.9096476e-01;5.2500000e+01;1.4750309e-01;5.2500000e+01;9.8053500e-02;5.2500000e+01;5.2567348e-02;5.2500000e+01;8.6072460e-03;5.2500000e+01;-3.8683310e-02;5.2500000e+01;-7.9957284e-02;5.2500000e+01;-1.2470071e-01;5.2500000e+01;-5.2178480e-02;5.2500000e+01;-8.8859852e-03;5.2500000e+01;5.6050375e-02;5.2500000e+01;1.3623235e-01;5.2500000e+01;2.2494417e-01;5.2500000e+01;2.7370423e-01;5.2500000e+01;2.9542366e-01;5.2500000e+01;3.1035253e-01;5.2500000e+01;2.6650357e-01;5.2500000e+01;2.3006801e-01;5.2500000e+01;1.9096476e-01;5.2500000e+01;1.4750309e-01;5.2500000e+01;9.8053500e-02;5.2500000e+01;5.2567348e-02;5.2500000e+01;8.6072460e-03;5.2500000e+01;-3.8683310e-02;5.2500000e+01;-7.9957284e-02;5.2500000e+01;-1.2470071e-01;5.2500000e+01;-5.2178480e-02;5.2500000e+01;-8.8859852e-03;5.2500000e+01;5.6050375e-02;5.2500000e+01;1.3623235e-01;5.2500000e+01;2.2494417e-01;5.2500000e+01;2.7370423e-01;5.2500000e+01;2.9542366e-01;5.2500000e+01;3.1035253e-01;5.2500000e+01;2.6650357e-01;5.2500000e+01;2.3006801e-01;5.2500000e+01;1.9096476e-01;5.2500000e+01;1.4750309e-01;5.2500000e+01;9.8053500e-02;5.2500000e+01;5.2567348e-02;5.2500000e+01;8.6072460e-03;5.2500000e+01;-3.8683310e-02;5.2500000e+01;-7.9957284e-02;5.2500000e+01;-1.2470071e-01;5.2500000e+01;-5.2178480e-02;5.2500000e+01;-8.8859852e-03;5.2500000e+01;5.6050375e-02;5.2500000e+01;1.3623235e-01;5.2500000e+01;2.2494417e-01;5.2500000e+01;2.7370423e-01;5.2500000e+01;2.9542366e-01;5.2500000e+01;3.1035253e-01;5.2500000e+01;2.6650357e-01;5.2500000e+01;2.3006801e-01;5.2500000e+01;1.9096476e-01;5.2500000e+01;1.4750309e-01;5.2500000e+01;9.8053500e-02;5.2500000e+01;5.2567348e-02;5.2500000e+01;8.6072460e-03;5.2500000e+01;-3.8683310e-02;5.2500000e+01;-7.9957284e-02;5.2500000e+01;-1.2470071e-01;5.2500000e+01;-5.2178480e-02;5.2500000e+01;-8.8859852e-03;5.2500000e+01;5.6050375e-02;5.2500000e+01;1.3623235e-01;5.2500000e+01;2.2494417e-01;5.2500000e+01;2.7370423e-01;5.2500000e+01;2.9542366e-01;5.2500000e+01;3.1035253e-01;5.2500000e+01;2.6650357e-01;5.2500000e+01;2.3006801e-01;5.2500000e+01;1.9096476e-01;5.2500000e+01;1.4750309e-01;5.2500000e+01;9.8053500e-02;5.2500000e+01;5.2567348e-02;5.2500000e+01;8.6072460e-03;5.2500000e+01;-3.8683310e-02;5.2500000e+01;-7.9957284e-02;5.2500000e+01;-1.2470071e-01;5.2500000e+01;-5.2178480e-02;5.2500000e+01;-8.8859852e-03;5.2500000e+01;5.6050375e-02;5.2500000e+01;1.3623235e-01;5.2500000e+01;2.2494417e-01;5.2500000e+01;2.7370423e-01;5.2500000e+01;2.9542366e-01;5.2500000e+01;3.1035253e-01;5.2500000e+01;2.6650357e-01;5.2500000e+01;2.3006801e-01;5.2500000e+01;1.9096476e-01;5.2500000e+01;1.4750309e-01;5.2500000e+01;9.8053500e-02;5.2500000e+01;5.2567348e-02;5.2500000e+01;8.6072460e-03;5.2500000e+01;-3.8683310e-02;5.2500000e+01;-7.9957284e-02;5.2500000e+01;-1.2470071e-01;5.2500000e+01;-5.2178480e-02;5.2500000e+01;-8.8859852e-03;5.2500000e+01;5.6050375e-02;5.2500000e+01;1.3623235e-01;5.2500000e+01;2.2494417e-01;5.2500000e+01;2.7370423e-01;5.2500000e+01;2.9542366e-01;5.2500000e+01;3.1035253e-01;5.2500000e+01;2.6650357e-01;5.2500000e+01;2.3006801e-01;5.2500000e+01;1.9096476e-01;5.2500000e+01;1.4750309e-01;5.2500000e+01;9.8053500e-02;5.2500000e+01;5.2567348e-02;5.2500000e+01;8.6072460e-03;5.2500000e+01;-3.8683310e-02;5.2500000e+01;-7.9957284e-02;5.2500000e+01;-1.2470071e-01;5.2500000e+01;-5.2178480e-02;5.2500000e+01;-8.8859852e-03;5.2500000e+01;5.6050375e-02;5.2500000e+01;1.3623235e-01;5.2500000e+01;2.2494417e-01;5.2500000e+01;2.7370423e-01;5.2500000e+01;2.9542366e-01;5.2500000e+01;3.1035253e-01;5.2500000e+01;2.6650357e-01;5.2500000e+01;2.3006801e-01;5.2500000e+01;1.9096476e-01;5.2500000e+01;1.4750309e-01;5.2500000e+01;9.8053500e-02;5.2500000e+01;5.2567348e-02;5.2500000e+01;8.6072460e-03;5.2500000e+01;-3.8683310e-02;5.2500000e+01;-7.9957284e-02;5.2500000e+01;-1.2470071e-01;5.2500000e+01;-5.2178480e-02;5.2500000e+01;-8.8859852e-03;5.2500000e+01;5.6050375e-02;5.2500000e+01;1.3623235e-01;5.2500000e+01;2.2494417e-01;5.2500000e+01;2.7370423e-01;5.2500000e+01;2.9542366e-01;5.2500000e+01;3.1035253e-01;5.2500000e+01;2.6650357e-01;5.2500000e+01;2.3006801e-01;5.2500000e+01;1.9096476e-01;5.2500000e+01;1.4750309e-01;5.2500000e+01;9.8053500e-02;5.2500000e+01;5.2567348e-02;5.2500000e+01;8.6072460e-03;5.2500000e+01;-3.8683310e-02;5.2500000e+01;-7.9957284e-02;5.2500000e+01;-1.2470071e-01;5.2500000e+01;-5.2178480e-02;5.2500000e+01;-8.8859852e-03;5.2500000e+01;5.6050375e-02;5.2500000e+01;1.3623235e-01;5.2500000e+01;2.2494417e-01;5.2500000e+01;2.7370423e-01;5.2500000e+01;2.9542366e-01;5.2500000e+01;3.1035253e-01;5.2500000e+01;2.6650357e-01;5.2500000e+01;2.3006801e-01;5.2500000e+01;1.9096476e-01;5.2500000e+01;1.4750309e-01;5.2500000e+01;9.8053500e-02;5.2500000e+01;5.2567348e-02;5.2500000e+01;8.6072460e-03;5.2500000e+01;-3.8683310e-02;5.2500000e+01;-7.9957284e-02;5.2500000e+01;-1.2470071e-01;5.2500000e+01;-5.2178480e-02;5.2500000e+01;-8.8859852e-03;5.2500000e+01;5.6050375e-02;5.2500000e+01;1.3623235e-01;5.2500000e+01;2.2494417e-01;5.2500000e+01;2.7370423e-01;5.2500000e+01;2.9542366e-01;5.2500000e+01;3.1035253e-01;5.2500000e+01;2.6650357e-01;5.2500000e+01;2.3006801e-01;5.2500000e+01;1.9096476e-01;5.2500000e+01;1.4750309e-01;5.2500000e+01;9.8053500e-02;5.2500000e+01;5.2567348e-02;5.2500000e+01;8.6072460e-03;5.2500000e+01;-3.8683310e-02;5.2500000e+01;-7.9957284e-02;5.2500000e+01;-1.2470071e-01;5.2500000e+01;-5.2178480e-02;5.2500000e+01;-8.8859852e-03;5.2500000e+01;5.6050375e-02;5.2500000e+01;1.3623235e-01;5.2500000e+01;2.2494417e-01;5.2500000e+01;2.7370423e-01;5.2500000e+01;2.9542366e-01;5.2500000e+01;3.1035253e-01;5.2500000e+01;2.6650357e-01;5.2500000e+01;2.3006801e-01;5.2500000e+01;1.9096476e-01;5.2500000e+01;1.4750309e-01;5.2500000e+01;9.8053500e-02;5.2500000e+01;5.2567348e-02;5.2500000e+01;8.6072460e-03;5.2500000e+01;-3.8683310e-02;5.2500000e+01;-7.9957284e-02;5.2500000e+01;-1.2470071e-01;5.2500000e+01;-5.2178480e-02;5.2500000e+01;-8.8859852e-03;5.2500000e+01;5.6050375e-02;5.2500000e+01;1.3623235e-01;5.2500000e+01;2.2494417e-01;5.2500000e+01;2.7370423e-01;5.2500000e+01;2.9542366e-01;5.2500000e+01;3.1035253e-01;5.2500000e+01;2.6650357e-01;5.2500000e+01;2.3006801e-01;5.2500000e+01;1.9096476e-01;5.2500000e+01;1.4750309e-01;5.2500000e+01;9.8053500e-02;5.2500000e+01;5.2567348e-02;5.2500000e+01;8.6072460e-03;5.2500000e+01;-3.8683310e-02;5.2500000e+01;-7.9957284e-02;5.2500000e+01;-1.2470071e-01;5.2500000e+01;-5.2178480e-02;5.2500000e+01;-8.8859852e-03;5.2500000e+01;5.6050375e-02;5.2500000e+01;1.3623235e-01;5.2500000e+01;2.2494417e-01;5.2500000e+01;2.7370423e-01;5.2500000e+01;2.9542366e-01;5.2500000e+01;3.1035253e-01;5.2500000e+01;2.6650357e-01;5.2500000e+01;2.3006801e-01;5.2500000e+01;1.9096476e-01;5.2500000e+01;1.4750309e-01;5.2500000e+01;9.8053500e-02;5.2500000e+01;5.2567348e-02;5.2500000e+01;8.6072460e-03;5.2500000e+01;-3.8683310e-02;5.2500000e+01;-7.9957284e-02;5.2500000e+01;-1.2470071e-01;5.2500000e+01;-5.2178480e-02;5.2500000e+01;-8.8859852e-03;5.2500000e+01;5.6050375e-02;5.2500000e+01;1.3623235e-01;5.2500000e+01;2.2494417e-01;5.2500000e+01;2.7370423e-01;5.2500000e+01;2.9542366e-01;5.2500000e+01;3.1035253e-01;5.2500000e+01;2.6650357e-01;5.2500000e+01;2.3006801e-01;5.2500000e+01;1.9096476e-01;5.2500000e+01;1.4750309e-01;5.2500000e+01;9.8053500e-02;5.2500000e+01;5.2567348e-02;5.2500000e+01;8.6072460e-03;5.2500000e+01;-3.8683310e-02;5.2500000e+01;-7.9957284e-02;5.2500000e+01;-1.2470071e-01;5.2500000e+01;-5.2178480e-02;5.2500000e+01;-8.8859852e-03;5.2500000e+01;5.6050375e-02;5.2500000e+01;1.3623235e-01;5.2500000e+01;2.2494417e-01;5.2500000e+01;2.7370423e-01;5.2500000e+01;2.9542366e-01;5.2500000e+01;3.1035253e-01;5.2500000e+01;2.6650357e-01;5.2500000e+01;2.3006801e-01;5.2500000e+01;1.9096476e-01;5.2500000e+01;1.4750309e-01;5.2500000e+01;9.8053500e-02;5.2500000e+01;5.2567348e-02;5.2500000e+01;8.6072460e-03;5.2500000e+01;-3.8683310e-02;5.2500000e+01;-7.9957284e-02;5.2500000e+01;-1.2470071e-01;5.2500000e+01;-5.2178480e-02;5.2500000e+01;-8.8859852e-03;5.2500000e+01;5.6050375e-02;5.2500000e+01;1.3623235e-01;5.2500000e+01;2.2494417e-01;5.2500000e+01;2.7370423e-01;5.2500000e+01;2.9542366e-01;5.2500000e+01;3.1035253e-01;5.2500000e+01;2.6650357e-01;5.2500000e+01;2.3006801e-01;5.2500000e+01;1.9096476e-01;5.2500000e+01;1.4750309e-01;5.2500000e+01;9.8053500e-02;5.2500000e+01;5.2567348e-02;5.2500000e+01;8.6072460e-03;5.2500000e+01;-3.8683310e-02;5.2500000e+01;-7.9957284e-02;5.2500000e+01;-1.2470071e-01;5.2500000e+01;-5.2178480e-02;5.2500000e+01;-8.8859852e-03;5.2500000e+01;5.6050375e-02;5.2500000e+01;1.3623235e-01;5.2500000e+01;2.2494417e-01;5.2500000e+01;2.7370423e-01;5.2500000e+01;2.9542366e-01;5.2500000e+01;3.1035253e-01;5.2500000e+01;2.6650357e-01;5.2500000e+01;2.3006801e-01;5.2500000e+01;1.9096476e-01;5.2500000e+01;1.4750309e-01;5.2500000e+01;9.8053500e-02;5.2500000e+01;5.2567348e-02;5.2500000e+01;8.6072460e-03;5.2500000e+01;-3.8683310e-02;5.2500000e+01;-7.9957284e-02;5.2500000e+01;-1.2470071e-01;5.2500000e+01;-5.2178480e-02;5.2500000e+01;-8.8859852e-03;5.2500000e+01;5.6050375e-02;5.2500000e+01;1.3623235e-01;5.2500000e+01;2.2494417e-01;5.2500000e+01;2.7370423e-01;5.2500000e+01;2.9542366e-01;5.2500000e+01;3.1035253e-01;5.2500000e+01;2.6650357e-01;5.2500000e+01;2.3006801e-01;5.2500000e+01;1.9096476e-01;5.2500000e+01;1.4750309e-01;5.2500000e+01;9.8053500e-02;5.2500000e+01;5.2567348e-02;5.2500000e+01;8.6072460e-03;5.2500000e+01;-3.8683310e-02;5.2500000e+01;-7.9957284e-02;5.2500000e+01;-1.2470071e-01;5.2500000e+01;-5.2178480e-02;5.2500000e+01;-8.8859852e-03;5.2500000e+01;5.6050375e-02;5.2500000e+01;1.3623235e-01;5.2500000e+01;2.2494417e-01;5.2500000e+01;2.7370423e-01;5.2500000e+01;2.9542366e-01;5.2500000e+01;3.1035253e-01;5.2500000e+01;2.6650357e-01;5.2500000e+01;2.3006801e-01;5.2500000e+01;1.9096476e-01;5.2500000e+01;1.4750309e-01;5.2500000e+01;9.8053500e-02;5.2500000e+01;5.2567348e-02;5.2500000e+01;8.6072460e-03;5.2500000e+01;-3.8683310e-02;5.2500000e+01;-7.9957284e-02;5.2500000e+01;-1.2470071e-01;5.2500000e+01;-5.2178480e-02;5.2500000e+01;-8.8859852e-03;5.2500000e+01;5.6050375e-02;5.2500000e+01;1.3623235e-01;5.2500000e+01;2.2494417e-01;5.2500000e+01;2.7370423e-01;5.2500000e+01;2.9542366e-01;5.2500000e+01;3.1035253e-01;5.2500000e+01;2.6650357e-01;5.2500000e+01;2.3006801e-01;5.2500000e+01;1.9096476e-01;5.2500000e+01;1.4750309e-01;5.2500000e+01;9.8053500e-02;5.2500000e+01;5.2567348e-02;5.2500000e+01;8.6072460e-03;5.2500000e+01;-3.8683310e-02;5.2500000e+01;-7.9957284e-02;5.2500000e+01;-1.2470071e-01;5.2500000e+01;-5.2178480e-02;5.2500000e+01;-8.8859852e-03;5.2500000e+01;5.6050375e-02;5.2500000e+01;1.3623235e-01;5.2500000e+01;2.2494417e-01;5.2500000e+01;2.7370423e-01;5.2500000e+01;2.9542366e-01;5.2500000e+01;3.1035253e-01;5.2500000e+01;2.6650357e-01;5.2500000e+01;2.3006801e-01;5.2500000e+01;1.9096476e-01;5.2500000e+01;1.4750309e-01;5.2500000e+01;9.8053500e-02;5.2500000e+01;5.2567348e-02;5.2500000e+01;8.6072460e-03;5.2500000e+01;-3.8683310e-02;5.2500000e+01;-7.9957284e-02;5.2500000e+01;-1.2470071e-01;5.2500000e+01;-5.2178480e-02;5.2500000e+01;-8.8859852e-03;5.2500000e+01;5.6050375e-02;5.2500000e+01;1.3623235e-01;5.2500000e+01;2.2494417e-01;5.2500000e+01;2.7370423e-01;5.2500000e+01;2.9542366e-01;5.2500000e+01;3.1035253e-01;5.2500000e+01;2.6650357e-01;5.2500000e+01;2.3006801e-01;5.2500000e+01;1.9096476e-01;5.2500000e+01;1.4750309e-01;5.2500000e+01;9.8053500e-02;5.2500000e+01;5.2567348e-02;5.2500000e+01;8.6072460e-03;5.2500000e+01;-3.8683310e-02;5.2500000e+01;-7.9957284e-02;5.2500000e+01;-1.2470071e-01;5.2500000e+01;-5.2178480e-02;5.2500000e+01;-8.8859852e-03;5.2500000e+01;5.6050375e-02;5.2500000e+01;1.3623235e-01;5.2500000e+01;2.2494417e-01;5.2500000e+01;2.7370423e-01;5.2500000e+01;2.9542366e-01;5.2500000e+01;3.1035253e-01;5.2500000e+01;2.6650357e-01;5.2500000e+01;2.3006801e-01;5.2500000e+01;1.9096476e-01;5.2500000e+01;1.4750309e-01;5.2500000e+01;9.8053500e-02;5.2500000e+01;5.2567348e-02;5.2500000e+01;8.6072460e-03;5.2500000e+01;-3.8683310e-02;5.2500000e+01;-7.9957284e-02;5.2500000e+01;-1.2470071e-01;5.2500000e+01;-5.2178480e-02;5.2500000e+01;-8.8859852e-03;5.2500000e+01;5.6050375e-02;5.2500000e+01;1.3623235e-01;5.2500000e+01;2.2494417e-01;5.2500000e+01;2.7370423e-01;5.2500000e+01;2.9542366e-01;5.2500000e+01;3.1035253e-01;5.2500000e+01;2.6650357e-01;5.2500000e+01;2.3006801e-01;5.2500000e+01;1.9096476e-01;5.2500000e+01;1.4750309e-01;5.2500000e+01;9.8053500e-02;5.2500000e+01;5.2567348e-02;5.2500000e+01;8.6072460e-03;5.2500000e+01;-3.8683310e-02;5.2500000e+01;-7.9957284e-02;5.2500000e+01;-1.2470071e-01;5.2500000e+01;-5.2178480e-02;5.2500000e+01;-8.8859852e-03;5.2500000e+01;5.6050375e-02;5.2500000e+01;1.3623235e-01;5.2500000e+01;2.2494417e-01;5.2500000e+01;2.7370423e-01;5.2500000e+01;2.9542366e-01;5.2500000e+01;3.1035253e-01;5.2500000e+01;2.6650357e-01;5.2500000e+01;2.3006801e-01;5.2500000e+01;1.9096476e-01;5.2500000e+01;1.4750309e-01;5.2500000e+01;9.8053500e-02;5.2500000e+01;5.2567348e-02;5.2500000e+01;8.6072460e-03;5.2500000e+01;-3.8683310e-02;5.2500000e+01;-7.9957284e-02;5.2500000e+01;-1.2470071e-01;5.2500000e+01;-5.2178480e-02;5.2500000e+01;-8.8859852e-03;5.2500000e+01;5.6050375e-02;5.2500000e+01;1.3623235e-01;5.2500000e+01;2.2494417e-01;5.2500000e+01;2.7370423e-01;5.2500000e+01;2.9542366e-01;5.2500000e+01;3.1035253e-01;5.2500000e+01;2.6650357e-01;5.2500000e+01;2.3006801e-01;5.2500000e+01;1.9096476e-01;5.2500000e+01;1.4750309e-01;5.2500000e+01;9.8053500e-02;5.2500000e+01;5.2567348e-02;5.2500000e+01;8.6072460e-03;5.2500000e+01;-3.8683310e-02;5.2500000e+01;-7.9957284e-02;5.2500000e+01;-1.2470071e-01;5.2500000e+01;-5.2178480e-02;5.2500000e+01;-8.8859852e-03;5.2500000e+01;5.6050375e-02;5.2500000e+01;1.3623235e-01;5.2500000e+01;2.2494417e-01;5.2500000e+01;2.7370423e-01;5.2500000e+01;2.9542366e-01;5.2500000e+01;3.1035253e-01;5.2500000e+01;2.6650357e-01;5.2500000e+01;2.3006801e-01;5.2500000e+01;1.9096476e-01;5.2500000e+01;1.4750309e-01;5.2500000e+01;9.8053500e-02;5.2500000e+01;5.2567348e-02;5.2500000e+01;8.6072460e-03;5.2500000e+01;-3.8683310e-02;5.2500000e+01;-7.9957284e-02;5.2500000e+01;-1.2470071e-01;5.2500000e+01;-5.2178480e-02;5.2500000e+01;-8.8859852e-03;5.2500000e+01;5.6050375e-02;5.2500000e+01;1.3623235e-01;5.2500000e+01;2.2494417e-01;5.2500000e+01;2.7370423e-01;5.2500000e+01;2.9542366e-01;5.2500000e+01;3.1035253e-01;5.2500000e+01;2.6650357e-01;5.2500000e+01;2.3006801e-01;5.2500000e+01;1.9096476e-01;5.2500000e+01;1.4750309e-01;5.2500000e+01;9.8053500e-02;5.2500000e+01;5.2567348e-02;5.2500000e+01;8.6072460e-03;5.2500000e+01;-3.8683310e-02;5.2500000e+01;-7.9957284e-02;5.2500000e+01;-1.2470071e-01;5.2500000e+01;-5.2178480e-02;5.2500000e+01;-8.8859852e-03;5.2500000e+01;5.6050375e-02;5.2500000e+01;1.3623235e-01;5.2500000e+01;2.2494417e-01;5.2500000e+01;2.7370423e-01;5.2500000e+01;2.9542366e-01;5.2500000e+01;3.1035253e-01;5.2500000e+01;2.6650357e-01;5.2500000e+01;2.3006801e-01;5.2500000e+01;1.9096476e-01;5.2500000e+01;1.4750309e-01;5.2500000e+01;9.8053500e-02;5.2500000e+01;5.2567348e-02;5.2500000e+01;8.6072460e-03;5.2500000e+01;-3.8683310e-02;5.2500000e+01;-7.9957284e-02;5.2500000e+01;-1.2470071e-01;5.2500000e+01;-5.2178480e-02;5.2500000e+01;-8.8859852e-03;5.2500000e+01;5.6050375e-02;5.2500000e+01;1.3623235e-01;5.2500000e+01;2.2494417e-01;5.2500000e+01;2.7370423e-01;5.2500000e+01;2.9542366e-01;5.2500000e+01;3.1035253e-01;5.2500000e+01;2.6650357e-01;5.2500000e+01;2.3006801e-01;5.2500000e+01;1.9096476e-01;5.2500000e+01;1.4750309e-01;5.2500000e+01;9.8053500e-02;5.2500000e+01;5.2567348e-02;5.2500000e+01;8.6072460e-03;5.2500000e+01;-3.8683310e-02;5.2500000e+01;-7.9957284e-02;5.2500000e+01;-1.2470071e-01;5.2500000e+01;-5.2178480e-02;5.2500000e+01;-8.8859852e-03;5.2500000e+01;5.6050375e-02;5.2500000e+01;1.3623235e-01;5.2500000e+01;2.2494417e-01;5.2500000e+01;2.7370423e-01;5.2500000e+01;2.9542366e-01;5.2500000e+01;3.1035253e-01;5.2500000e+01;2.6650357e-01;5.2500000e+01;2.3006801e-01;5.2500000e+01;1.9096476e-01;5.2500000e+01;1.4750309e-01;5.2500000e+01;9.8053500e-02;5.2500000e+01;5.2567348e-02;5.2500000e+01;8.6072460e-03;5.2500000e+01;-3.8683310e-02;5.2500000e+01;-7.9957284e-02;5.2500000e+01;-1.2470071e-01;5.2500000e+01;-5.2178480e-02;5.2500000e+01;-8.8859852e-03;5.2500000e+01;5.6050375e-02;5.2500000e+01;1.3623235e-01;5.2500000e+01;2.2494417e-01;5.2500000e+01;2.7370423e-01;5.2500000e+01;2.9542366e-01;5.2500000e+01;3.1035253e-01;5.2500000e+01;2.6650357e-01;5.2500000e+01;2.3006801e-01;5.2500000e+01;1.9096476e-01;5.2500000e+01;1.4750309e-01;5.2500000e+01;9.8053500e-02;5.2500000e+01;5.2567348e-02;5.2500000e+01;8.6072460e-03;5.2500000e+01;-3.8683310e-02;5.2500000e+01;-7.9957284e-02;5.2500000e+01;-1.2470071e-01;5.2500000e+01;-5.2178480e-02;5.2500000e+01;-8.8859852e-03;5.2500000e+01;5.6050375e-02;5.2500000e+01;1.3623235e-01;5.2500000e+01;2.2494417e-01;5.2500000e+01;2.7370423e-01;5.2500000e+01;2.9542366e-01;5.2500000e+01;3.1035253e-01;5.2500000e+01;2.6650357e-01;5.2500000e+01;2.3006801e-01;5.2500000e+01;1.9096476e-01;5.2500000e+01;1.4750309e-01;5.2500000e+01;9.8053500e-02;5.2500000e+01;5.2567348e-02;5.2500000e+01;8.6072460e-03;5.2500000e+01;-3.8683310e-02;5.2500000e+01;-7.9957284e-02;5.2500000e+01;-1.2470071e-01;5.2500000e+01;-5.2178480e-02;5.2500000e+01;-8.8859852e-03;5.2500000e+01;5.6050375e-02;5.2500000e+01;1.3623235e-01;5.2500000e+01;2.2494417e-01;5.2500000e+01;2.7370423e-01;5.2500000e+01;2.9542366e-01;5.2500000e+01;3.1035253e-01;5.2500000e+01;2.6650357e-01;5.2500000e+01;2.3006801e-01;5.2500000e+01;1.9096476e-01;5.2500000e+01;1.4750309e-01;5.2500000e+01;9.8053500e-02;5.2500000e+01;5.2567348e-02;5.2500000e+01;8.6072460e-03;5.2500000e+01;-3.8683310e-02;5.2500000e+01;-7.9957284e-02;5.2500000e+01;-1.2470071e-01;5.2500000e+01;-5.2178480e-02;5.2500000e+01;-8.8859852e-03;5.2500000e+01;5.6050375e-02;5.2500000e+01;1.3623235e-01;5.2500000e+01;2.2494417e-01;5.2500000e+01;2.7370423e-01;5.2500000e+01;2.9542366e-01;5.2500000e+01;3.1035253e-01;5.2500000e+01;2.6650357e-01;5.2500000e+01;2.3006801e-01;5.2500000e+01;1.9096476e-01;5.2500000e+01;1.4750309e-01;5.2500000e+01;9.8053500e-02;5.2500000e+01;5.2567348e-02;5.2500000e+01;8.6072460e-03;5.2500000e+01;-3.8683310e-02;5.2500000e+01;-7.9957284e-02;5.2500000e+01;-1.2470071e-01;5.2500000e+01;-5.2178480e-02;5.2500000e+01;-8.8859852e-03;5.2500000e+01;5.6050375e-02;5.2500000e+01;1.3623235e-01;5.2500000e+01;2.2494417e-01;5.2500000e+01;2.7370423e-01;5.2500000e+01;2.9542366e-01;5.2500000e+01;3.1035253e-01;5.2500000e+01;2.6650357e-01;5.2500000e+01;2.3006801e-01;5.2500000e+01;1.9096476e-01;5.2500000e+01;1.4750309e-01;5.2500000e+01;9.8053500e-02;5.2500000e+01;5.2567348e-02;5.2500000e+01;8.6072460e-03;5.2500000e+01;-3.8683310e-02;5.2500000e+01;-7.9957284e-02;5.2500000e+01;-1.2470071e-01;5.2500000e+01;-5.2178480e-02;5.2500000e+01;-8.8859852e-03;5.2500000e+01;5.6050375e-02;5.2500000e+01;1.3623235e-01;5.2500000e+01;2.2494417e-01;5.2500000e+01;2.7370423e-01;5.2500000e+01;2.9542366e-01;5.2500000e+01;3.1035253e-01;5.2500000e+01;2.6650357e-01;5.2500000e+01;2.3006801e-01;5.2500000e+01;1.9096476e-01;5.2500000e+01;1.4750309e-01;5.2500000e+01;9.8053500e-02;5.2500000e+01;5.2567348e-02;5.2500000e+01;8.6072460e-03;5.2500000e+01;-3.8683310e-02;5.2500000e+01;-7.9957284e-02;5.2500000e+01;-1.2470071e-01;5.2500000e+01;-5.2178480e-02;5.2500000e+01;-8.8859852e-03;5.2500000e+01;5.6050375e-02;5.2500000e+01;1.3623235e-01;5.2500000e+01;2.2494417e-01;5.2500000e+01;2.7370423e-01;5.2500000e+01;2.9542366e-01;5.2500000e+01;3.1035253e-01;5.2500000e+01;2.6650357e-01;5.2500000e+01;2.3006801e-01;5.2500000e+01;1.9096476e-01;5.2500000e+01;1.4750309e-01;5.2500000e+01;9.8053500e-02;5.2500000e+01;5.2567348e-02;5.2500000e+01;8.6072460e-03;5.2500000e+01;-3.8683310e-02;5.2500000e+01;-7.9957284e-02;5.2500000e+01;-1.2470071e-01;5.2500000e+01;-5.2178480e-02;5.2500000e+01;-8.8859852e-03;5.2500000e+01;5.6050375e-02;5.2500000e+01;1.3623235e-01;5.2500000e+01;2.2494417e-01;5.2500000e+01;2.7370423e-01;5.2500000e+01;2.9542366e-01;5.2500000e+01;3.1035253e-01;5.2500000e+01;2.6650357e-01;5.2500000e+01;2.3006801e-01;5.2500000e+01;1.9096476e-01;5.2500000e+01;1.4750309e-01;5.2500000e+01;9.8053500e-02;5.2500000e+01;5.2567348e-02;5.2500000e+01;8.6072460e-03;5.2500000e+01;-3.8683310e-02;5.2500000e+01;-7.9957284e-02;5.2500000e+01;-1.2470071e-01;5.2500000e+01;-5.2178480e-02;5.2500000e+01;-8.8859852e-03;5.2500000e+01;5.6050375e-02;5.2500000e+01;1.3623235e-01;5.2500000e+01;2.2494417e-01;5.2500000e+01;2.7370423e-01;5.2500000e+01;2.9542366e-01;5.2500000e+01;3.1035253e-01;5.2500000e+01;2.6650357e-01;5.2500000e+01;2.3006801e-01;5.2500000e+01;1.9096476e-01;5.2500000e+01;1.4750309e-01;5.2500000e+01;9.8053500e-02;5.2500000e+01;5.2567348e-02;5.2500000e+01;8.6072460e-03;5.2500000e+01;-3.8683310e-02;5.2500000e+01;-7.9957284e-02;5.2500000e+01;-1.2470071e-01;5.2500000e+01;-5.2178480e-02;5.2500000e+01;-8.8859852e-03;5.2500000e+01;5.6050375e-02;5.2500000e+01;1.3623235e-01;5.2500000e+01;2.2494417e-01;5.2500000e+01;2.7370423e-01;5.2500000e+01;2.9542366e-01;5.2500000e+01;3.1035253e-01;5.2500000e+01;2.6650357e-01;5.2500000e+01;2.3006801e-01;5.2500000e+01;1.9096476e-01;5.2500000e+01;1.4750309e-01;5.2500000e+01;9.8053500e-02;5.2500000e+01;5.2567348e-02;5.2500000e+01;8.6072460e-03;5.2500000e+01;-3.8683310e-02;5.2500000e+01;-7.9957284e-02;5.2500000e+01;-1.2470071e-01;5.2500000e+01;-5.2178480e-02;5.2500000e+01;-8.8859852e-03;5.2500000e+01;5.6050375e-02;5.2500000e+01;1.3623235e-01;5.2500000e+01;2.2494417e-01;5.2500000e+01;2.7370423e-01;5.2500000e+01;2.9542366e-01;5.2500000e+01;3.1035253e-01;5.2500000e+01;2.6650357e-01;5.2500000e+01;2.3006801e-01;5.2500000e+01;1.9096476e-01;5.2500000e+01;1.4750309e-01;5.2500000e+01;9.8053500e-02;5.2500000e+01;5.2567348e-02;5.2500000e+01;8.6072460e-03;5.2500000e+01;-3.8683310e-02;5.2500000e+01;-7.9957284e-02;5.2500000e+01;-1.2470071e-01;5.2500000e+01;-5.2178480e-02;5.2500000e+01;-8.8859852e-03;5.2500000e+01;5.6050375e-02;5.2500000e+01;1.3623235e-01;5.2500000e+01;2.2494417e-01;5.2500000e+01;2.7370423e-01;5.2500000e+01;2.9542366e-01;5.2500000e+01;3.1035253e-01;5.2500000e+01;2.6650357e-01;5.2500000e+01;2.3006801e-01;5.2500000e+01;1.9096476e-01;5.2500000e+01;1.4750309e-01;5.2500000e+01;9.8053500e-02;5.2500000e+01;5.2567348e-02;5.2500000e+01;8.6072460e-03;5.2500000e+01;-3.8683310e-02;5.2500000e+01;-7.9957284e-02;5.2500000e+01;-1.2470071e-01;5.2500000e+01;-5.2178480e-02;5.2500000e+01;-8.8859852e-03;5.2500000e+01;5.6050375e-02;5.2500000e+01;1.3623235e-01;5.2500000e+01;2.2494417e-01;5.2500000e+01;2.7370423e-01;5.2500000e+01;2.9542366e-01;5.2500000e+01;3.1035253e-01;5.2500000e+01;2.6650357e-01;5.2500000e+01;2.3006801e-01;5.2500000e+01;1.9096476e-01;5.2500000e+01;1.4750309e-01;5.2500000e+01;9.8053500e-02;5.2500000e+01;5.2567348e-02;5.2500000e+01;8.6072460e-03;5.2500000e+01;-3.8683310e-02;5.2500000e+01;-7.9957284e-02;5.2500000e+01;-1.2470071e-01;5.2500000e+01;-5.2178480e-02;5.2500000e+01;-8.8859852e-03;5.2500000e+01;5.6050375e-02;5.2500000e+01;1.3623235e-01;5.2500000e+01;2.2494417e-01;5.2500000e+01;2.7370423e-01;5.2500000e+01;2.9542366e-01;5.2500000e+01;3.1035253e-01;5.2500000e+01;2.6650357e-01;5.2500000e+01;2.3006801e-01;5.2500000e+01;1.9096476e-01;5.2500000e+01;1.4750309e-01;5.2500000e+01;9.8053500e-02;5.2500000e+01;5.2567348e-02;5.2500000e+01;8.6072460e-03;5.2500000e+01;-3.8683310e-02;5.2500000e+01;-7.9957284e-02;5.2500000e+01;-1.2470071e-01;5.2500000e+01;-5.2178480e-02;5.2500000e+01;-8.8859852e-03;5.2500000e+01;5.6050375e-02;5.2500000e+01;1.3623235e-01;5.2500000e+01;2.2494417e-01;5.2500000e+01;2.7370423e-01;5.2500000e+01;2.9542366e-01;5.2500000e+01;3.1035253e-01;5.2500000e+01;2.6650357e-01;5.2500000e+01;2.3006801e-01;5.2500000e+01;1.9096476e-01;5.2500000e+01;1.4750309e-01;5.2500000e+01;9.8053500e-02;5.2500000e+01;5.2567348e-02;5.2500000e+01;8.6072460e-03;5.2500000e+01;-3.8683310e-02;5.2500000e+01;-7.9957284e-02;5.2500000e+01;-1.2470071e-01;5.2500000e+01;-5.2178480e-02;5.2500000e+01;-8.8859852e-03;5.2500000e+01;5.6050375e-02;5.2500000e+01;1.3623235e-01;5.2500000e+01;2.2494417e-01;5.2500000e+01;2.7370423e-01;5.2500000e+01;2.9542366e-01;5.2500000e+01;3.1035253e-01;5.2500000e+01;2.6650357e-01;5.2500000e+01;2.3006801e-01;5.2500000e+01;1.9096476e-01;5.2500000e+01;1.4750309e-01;5.2500000e+01;9.8053500e-02;5.2500000e+01;5.2567348e-02;5.2500000e+01;8.6072460e-03;5.2500000e+01;-3.8683310e-02;5.2500000e+01;-7.9957284e-02;5.2500000e+01;-1.2470071e-01;5.2500000e+01;-5.2178480e-02;5.2500000e+01;-8.8859852e-03;5.2500000e+01;5.6050375e-02;5.2500000e+01;1.3623235e-01;5.2500000e+01;2.2494417e-01;5.2500000e+01;2.7370423e-01;5.2500000e+01;2.9542366e-01;5.2500000e+01;3.1035253e-01;5.2500000e+01;2.6650357e-01;5.2500000e+01;2.3006801e-01;5.2500000e+01;1.9096476e-01;5.2500000e+01;1.4750309e-01;5.2500000e+01;9.8053500e-02;5.2500000e+01;5.2567348e-02;5.2500000e+01;8.6072460e-03;5.2500000e+01;-3.8683310e-02;5.2500000e+01;-7.9957284e-02;5.2500000e+01;-1.2470071e-01;5.2500000e+01;-5.2178480e-02;5.2500000e+01;-8.8859852e-03;5.2500000e+01;5.6050375e-02;5.2500000e+01;1.3623235e-01;5.2500000e+01;2.2494417e-01;5.2500000e+01;2.7370423e-01;5.2500000e+01;2.9542366e-01;5.2500000e+01;3.1035253e-01;5.2500000e+01;2.6650357e-01;5.2500000e+01;2.3006801e-01;5.2500000e+01;1.9096476e-01;5.2500000e+01;1.4750309e-01;5.2500000e+01;9.8053500e-02;5.2500000e+01;5.2567348e-02;5.2500000e+01;8.6072460e-03;5.2500000e+01;-3.8683310e-02;5.2500000e+01;-7.9957284e-02;5.2500000e+01;-1.2470071e-01;5.2500000e+01;-5.2178480e-02;5.2500000e+01;-8.8859852e-03;5.2500000e+01;5.6050375e-02;5.2500000e+01;1.3623235e-01;5.2500000e+01;2.2494417e-01;5.2500000e+01;2.7370423e-01;5.2500000e+01;2.9542366e-01;5.2500000e+01;3.1035253e-01;5.2500000e+01;2.6650357e-01;5.2500000e+01;2.3006801e-01;5.2500000e+01;1.9096476e-01;5.2500000e+01;1.4750309e-01;5.2500000e+01;9.8053500e-02;5.2500000e+01;5.2567348e-02;5.2500000e+01;8.6072460e-03;5.2500000e+01;-3.8683310e-02;5.2500000e+01;-7.9957284e-02;5.2500000e+01;-1.2470071e-01;5.2500000e+01;-5.2178480e-02;5.2500000e+01;-8.8859852e-03;5.2500000e+01;5.6050375e-02;5.2500000e+01;1.3623235e-01;5.2500000e+01;2.2494417e-01;5.2500000e+01;2.7370423e-01;5.2500000e+01;2.9542366e-01;5.2500000e+01;3.1035253e-01;5.2500000e+01;2.6650357e-01;5.2500000e+01;2.3006801e-01;5.2500000e+01;1.9096476e-01;5.2500000e+01;1.4750309e-01;5.2500000e+01;9.8053500e-02;5.2500000e+01;5.2567348e-02;5.2500000e+01;8.6072460e-03;5.2500000e+01;-3.8683310e-02;5.2500000e+01;-7.9957284e-02;5.2500000e+01;-1.2470071e-01;5.2500000e+01;-5.2178480e-02;5.2500000e+01;-8.8859852e-03;5.2500000e+01;5.6050375e-02;5.2500000e+01;1.3623235e-01;5.2500000e+01;2.2494417e-01;5.2500000e+01;2.7370423e-01;5.2500000e+01;2.9542366e-01;5.2500000e+01;3.1035253e-01;5.2500000e+01;2.6650357e-01;5.2500000e+01;2.3006801e-01;5.2500000e+01;1.9096476e-01;5.2500000e+01;1.4750309e-01;5.2500000e+01;9.8053500e-02;5.2500000e+01;5.2567348e-02;5.2500000e+01;8.6072460e-03;5.2500000e+01;-3.8683310e-02;5.2500000e+01;-7.9957284e-02;5.2500000e+01;-1.2470071e-01;5.2500000e+01;-5.2178480e-02;5.2500000e+01;-8.8859852e-03;5.2500000e+01;5.6050375e-02;5.2500000e+01;1.3623235e-01;5.2500000e+01;2.2494417e-01;5.2500000e+01;2.7370423e-01;5.2500000e+01;2.9542366e-01;5.2500000e+01;3.1035253e-01;5.2500000e+01;2.6650357e-01;5.2500000e+01;2.3006801e-01;5.2500000e+01;1.9096476e-01;5.2500000e+01;1.4750309e-01;5.2500000e+01;9.8053500e-02;5.2500000e+01;5.2567348e-02;5.2500000e+01;8.6072460e-03;5.2500000e+01;-3.8683310e-02;5.2500000e+01;-7.9957284e-02;5.2500000e+01;-1.2470071e-01;5.2500000e+01;-5.2178480e-02;5.2500000e+01;-8.8859852e-03;5.2500000e+01;5.6050375e-02;5.2500000e+01;1.3623235e-01;5.2500000e+01;2.2494417e-01;5.2500000e+01;2.7370423e-01;5.2500000e+01;2.9542366e-01;5.2500000e+01;3.1035253e-01;5.2500000e+01;2.6650357e-01;5.2500000e+01;2.3006801e-01;5.2500000e+01;1.9096476e-01;5.2500000e+01;1.4750309e-01;5.2500000e+01;9.8053500e-02;5.2500000e+01;5.2567348e-02;5.2500000e+01;8.6072460e-03;5.2500000e+01;-3.8683310e-02;5.2500000e+01;-7.9957284e-02;5.2500000e+01;-1.2470071e-01;5.2500000e+01;-5.2178480e-02;5.2500000e+01;-8.8859852e-03;5.2500000e+01;5.6050375e-02;5.2500000e+01;1.3623235e-01;5.2500000e+01;2.2494417e-01;5.2500000e+01;2.7370423e-01;5.2500000e+01;2.9542366e-01;5.2500000e+01;3.1035253e-01;5.2500000e+01;2.6650357e-01;5.2500000e+01;2.3006801e-01;5.2500000e+01;1.9096476e-01;5.2500000e+01;1.4750309e-01;5.2500000e+01;9.8053500e-02;5.2500000e+01;5.2567348e-02;5.2500000e+01;8.6072460e-03;5.2500000e+01;-3.8683310e-02;5.2500000e+01;-7.9957284e-02;5.2500000e+01;-1.2470071e-01;5.2500000e+01;-5.2178480e-02;5.2500000e+01;-8.8859852e-03;5.2500000e+01;5.6050375e-02;5.2500000e+01;1.3623235e-01;5.2500000e+01;2.2494417e-01;5.2500000e+01;2.7370423e-01;5.2500000e+01;2.9542366e-01;5.2500000e+01;3.1035253e-01;5.2500000e+01;2.6650357e-01;5.2500000e+01;2.3006801e-01;5.2500000e+01;1.9096476e-01;5.2500000e+01;1.4750309e-01;5.2500000e+01;9.8053500e-02;5.2500000e+01;5.2567348e-02;5.2500000e+01;8.6072460e-03;5.2500000e+01;-3.8683310e-02;5.2500000e+01;-7.9957284e-02;5.2500000e+01;-1.2470071e-01;5.2500000e+01;-5.2178480e-02;5.2500000e+01;-8.8859852e-03;5.2500000e+01;5.6050375e-02;5.2500000e+01;1.3623235e-01;5.2500000e+01;2.2494417e-01;5.2500000e+01;2.7370423e-01;5.2500000e+01;2.9542366e-01;5.2500000e+01;3.1035253e-01;5.2500000e+01;2.6650357e-01;5.2500000e+01;2.3006801e-01;5.2500000e+01;1.9096476e-01;5.2500000e+01;1.4750309e-01;5.2500000e+01;9.8053500e-02;5.2500000e+01;5.2567348e-02;5.2500000e+01;8.6072460e-03;5.2500000e+01;-3.8683310e-02;5.2500000e+01;-7.9957284e-02;5.2500000e+01;-1.2470071e-01
5.7500000e+01;-5.0990567e-02;5.7500000e+01;-7.2521558e-03;5.7500000e+01;6.1806239e-02;5.7500000e+01;1.4133874e-01;5.7500000e+01;2.2818133e-01;5.7500000e+01;2.7790135e-01;5.7500000e+01;2.9042447e-01;5.7500000e+01;3.2231328e-01;5.7500000e+01;2.8846055e-01;5.7500000e+01;2.3597839e-01;5.7500000e+01;1.8676007e-01;5.7500000e+01;1.4040786e-01;5.7500000e+01;9.4661020e-02;5.7500000e+01;4.9085051e-02;5.7500000e+01;7.2316155e-03;5.7500000e+01;-4.1063078e-02;5.7500000e+01;-8.3185367e-02;5.7500000e+01;-1.2615083e-01;5.7500000e+01;-5.0990567e-02;5.7500000e+01;-7.2521558e-03;5.7500000e+01;6.1806239e-02;5.7500000e+01;1.4133874e-01;5.7500000e+01;2.2818133e-01;5.7500000e+01;2.7790135e-01;5.7500000e+01;2.9042447e-01;5.7500000e+01;3.2231328e-01;5.7500000e+01;2.8846055e-01;5.7500000e+01;2.3597839e-01;5.7500000e+01;1.8676007e-01;5.7500000e+01;1.4040786e-01;5.7500000e+01;9.4661020e-02;5.7500000e+01;4.9085051e-02;5.7500000e+01;7.2316155e-03;5.7500000e+01;-4.1063078e-02;5.7500000e+01;-8.3185367e-02;5.7500000e+01;-1.2615083e-01;5.7500000e+01;-5.0990567e-02;5.7500000e+01;-7.2521558e-03;5.7500000e+01;6.1806239e-02;5.7500000e+01;1.4133874e-01;5.7500000e+01;2.2818133e-01;5.7500000e+01;2.7790135e-01;5.7500000e+01;2.9042447e-01;5.7500000e+01;3.2231328e-01;5.7500000e+01;2.8846055e-01;5.7500000e+01;2.3597839e-01;5.7500000e+01;1.8676007e-01;5.7500000e+01;1.4040786e-01;5.7500000e+01;9.4661020e-02;5.7500000e+01;4.9085051e-02;5.7500000e+01;7.2316155e-03;5.7500000e+01;-4.1063078e-02;5.7500000e+01;-8.3185367e-02;5.7500000e+01;-1.2615083e-01;5.7500000e+01;-5.0990567e-02;5.7500000e+01;-7.2521558e-03;5.7500000e+01;6.1806239e-02;5.7500000e+01;1.4133874e-01;5.7500000e+01;2.2818133e-01;5.7500000e+01;2.7790135e-01;5.7500000e+01;2.9042447e-01;5.7500000e+01;3.2231328e-01;5.7500000e+01;2.8846055e-01;5.7500000e+01;2.3597839e-01;5.7500000e+01;1.8676007e-01;5.7500000e+01;1.4040786e-01;5.7500000e+01;9.4661020e-02;5.7500000e+01;4.9085051e-02;5.7500000e+01;7.2316155e-03;5.7500000e+01;-4.1063078e-02;5.7500000e+01;-8.3185367e-02;5.7500000e+01;-1.2615083e-01;5.7500000e+01;-5.0990567e-02;5.7500000e+01;-7.2521558e-03;5.7500000e+01;6.1806239e-02;5.7500000e+01;1.4133874e-01;5.7500000e+01;2.2818133e-01;5.7500000e+01;2.7790135e-01;5.7500000e+01;2.9042447e-01;5.7500000e+01;3.2231328e-01;5.7500000e+01;2.8846055e-01;5.7500000e+01;2.3597839e-01;5.7500000e+01;1.8676007e-01;5.7500000e+01;1.4040786e-01;5.7500000e+01;9.4661020e-02;5.7500000e+01;4.9085051e-02;5.7500000e+01;7.2316155e-03;5.7500000e+01;-4.1063078e-02;5.7500000e+01;-8.3185367e-02;5.7500000e+01;-1.2615083e-01;5.7500000e+01;-5.0990567e-02;5.7500000e+01;-7.2521558e-03;5.7500000e+01;6.1806239e-02;5.7500000e+01;1.4133874e-01;5.7500000e+01;2.2818133e-01;5.7500000e+01;2.7790135e-01;5.7500000e+01;2.9042447e-01;5.7500000e+01;3.2231328e-01;5.7500000e+01;2.8846055e-01;5.7500000e+01;2.3597839e-01;5.7500000e+01;1.8676007e-01;5.7500000e+01;1.4040786e-01;5.7500000e+01;9.4661020e-02;5.7500000e+01;4.9085051e-02;5.7500000e+01;7.2316155e-03;5.7500000e+01;-4.1063078e-02;5.7500000e+01;-8.3185367e-02;5.7500000e+01;-1.2615083e-01;5.7500000e+01;-5.0990567e-02;5.7500000e+01;-7.2521558e-03;5.7500000e+01;6.1806239e-02;5.7500000e+01;1.4133874e-01;5.7500000e+01;2.2818133e-01;5.7500000e+01;2.7790135e-01;5.7500000e+01;2.9042447e-01;5.7500000e+01;3.2231328e-01;5.7500000e+01;2.8846055e-01;5.7500000e+01;2.3597839e-01;5.7500000e+01;1.8676007e-01;5.7500000e+01;1.4040786e-01;5.7500000e+01;9.4661020e-02;5.7500000e+01;4.9085051e-02;5.7500000e+01;7.2316155e-03;5.7500000e+01;-4.1063078e-02;5.7500000e+01;-8.3185367e-02;5.7500000e+01;-1.2615083e-01;5.7500000e+01;-5.0990567e-02;5.7500000e+01;-7.2521558e-03;5.7500000e+01;6.1806239e-02;5.7500000e+01;1.4133874e-01;5.7500000e+01;2.2818133e-01;5.7500000e+01;2.7790135e-01;5.7500000e+01;2.9042447e-01;5.7500000e+01;3.2231328e-01;5.7500000e+01;2.8846055e-01;5.7500000e+01;2.3597839e-01;5.7500000e+01;1.8676007e-01;5.7500000e+01;1.4040786e-01;5.7500000e+01;9.4661020e-02;5.7500000e+01;4.9085051e-02;5.7500000e+01;7.2316155e-03;5.7500000e+01;-4.1063078e-02;5.7500000e+01;-8.3185367e-02;5.7500000e+01;-1.2615083e-01;5.7500000e+01;-5.0990567e-02;5.7500000e+01;-7.2521558e-03;5.7500000e+01;6.1806239e-02;5.7500000e+01;1.4133874e-01;5.7500000e+01;2.2818133e-01;5.7500000e+01;2.7790135e-01;5.7500000e+01;2.9042447e-01;5.7500000e+01;3.2231328e-01;5.7500000e+01;2.8846055e-01;5.7500000e+01;2.3597839e-01;5.7500000e+01;1.8676007e-01;5.7500000e+01;1.4040786e-01;5.7500000e+01;9.4661020e-02;5.7500000e+01;4.9085051e-02;5.7500000e+01;7.2316155e-03;5.7500000e+01;-4.1063078e-02;5.7500000e+01;-8.3185367e-02;5.7500000e+01;-1.2615083e-01;5.7500000e+01;-5.0990567e-02;5.7500000e+01;-7.2521558e-03;5.7500000e+01;6.1806239e-02;5.7500000e+01;1.4133874e-01;5.7500000e+01;2.2818133e-01;5.7500000e+01;2.7790135e-01;5.7500000e+01;2.9042447e-01;5.7500000e+01;3.2231328e-01;5.7500000e+01;2.8846055e-01;5.7500000e+01;2.3597839e-01;5.7500000e+01;1.8676007e-01;5.7500000e+01;1.4040786e-01;5.7500000e+01;9.4661020e-02;5.7500000e+01;4.9085051e-02;5.7500000e+01;7.2316155e-03;5.7500000e+01;-4.1063078e-02;5.7500000e+01;-8.3185367e-02;5.7500000e+01;-1.2615083e-01;5.7500000e+01;-5.0990567e-02;5.7500000e+01;-7.2521558e-03;5.7500000e+01;6.1806239e-02;5.7500000e+01;1.4133874e-01;5.7500000e+01;2.2818133e-01;5.7500000e+01;2.7790135e-01;5.7500000e+01;2.9042447e-01;5.7500000e+01;3.2231328e-01;5.7500000e+01;2.8846055e-01;5.7500000e+01;2.3597839e-01;5.7500000e+01;1.8676007e-01;5.7500000e+01;1.4040786e-01;5.7500000e+01;9.4661020e-02;5.7500000e+01;4.9085051e-02;5.7500000e+01;7.2316155e-03;5.7500000e+01;-4.1063078e-02;5.7500000e+01;-8.3185367e-02;5.7500000e+01;-1.2615083e-01;5.7500000e+01;-5.0990567e-02;5.7500000e+01;-7.2521558e-03;5.7500000e+01;6.1806239e-02;5.7500000e+01;1.4133874e-01;5.7500000e+01;2.2818133e-01;5.7500000e+01;2.7790135e-01;5.7500000e+01;2.9042447e-01;5.7500000e+01;3.2231328e-01;5.7500000e+01;2.8846055e-01;5.7500000e+01;2.3597839e-01;5.7500000e+01;1.8676007e-01;5.7500000e+01;1.4040786e-01;5.7500000e+01;9.4661020e-02;5.7500000e+01;4.9085051e-02;5.7500000e+01;7.2316155e-03;5.7500000e+01;-4.1063078e-02;5.7500000e+01;-8.3185367e-02;5.7500000e+01;-1.2615083e-01;5.7500000e+01;-5.0990567e-02;5.7500000e+01;-7.2521558e-03;5.7500000e+01;6.1806239e-02;5.7500000e+01;1.4133874e-01;5.7500000e+01;2.2818133e-01;5.7500000e+01;2.7790135e-01;5.7500000e+01;2.9042447e-01;5.7500000e+01;3.2231328e-01;5.7500000e+01;2.8846055e-01;5.7500000e+01;2.3597839e-01;5.7500000e+01;1.8676007e-01;5.7500000e+01;1.4040786e-01;5.7500000e+01;9.4661020e-02;5.7500000e+01;4.9085051e-02;5.7500000e+01;7.2316155e-03;5.7500000e+01;-4.1063078e-02;5.7500000e+01;-8.3185367e-02;5.7500000e+01;-1.2615083e-01;5.7500000e+01;-5.0990567e-02;5.7500000e+01;-7.2521558e-03;5.7500000e+01;6.1806239e-02;5.7500000e+01;1.4133874e-01;5.7500000e+01;2.2818133e-01;5.7500000e+01;2.7790135e-01;5.7500000e+01;2.9042447e-01;5.7500000e+01;3.2231328e-01;5.7500000e+01;2.8846055e-01;5.7500000e+01;2.3597839e-01;5.7500000e+01;1.8676007e-01;5.7500000e+01;1.4040786e-01;5.7500000e+01;9.4661020e-02;5.7500000e+01;4.9085051e-02;5.7500000e+01;7.2316155e-03;5.7500000e+01;-4.1063078e-02;5.7500000e+01;-8.3185367e-02;5.7500000e+01;-1.2615083e-01;5.7500000e+01;-5.0990567e-02;5.7500000e+01;-7.2521558e-03;5.7500000e+01;6.1806239e-02;5.7500000e+01;1.4133874e-01;5.7500000e+01;2.2818133e-01;5.7500000e+01;2.7790135e-01;5.7500000e+01;2.9042447e-01;5.7500000e+01;3.2231328e-01;5.7500000e+01;2.8846055e-01;5.7500000e+01;2.3597839e-01;5.7500000e+01;1.8676007e-01;5.7500000e+01;1.4040786e-01;5.7500000e+01;9.4661020e-02;5.7500000e+01;4.9085051e-02;5.7500000e+01;7.2316155e-03;5.7500000e+01;-4.1063078e-02;5.7500000e+01;-8.3185367e-02;5.7500000e+01;-1.2615083e-01;5.7500000e+01;-5.0990567e-02;5.7500000e+01;-7.2521558e-03;5.7500000e+01;6.1806239e-02;5.7500000e+01;1.4133874e-01;5.7500000e+01;2.2818133e-01;5.7500000e+01;2.7790135e-01;5.7500000e+01;2.9042447e-01;5.7500000e+01;3.2231328e-01;5.7500000e+01;2.8846055e-01;5.7500000e+01;2.3597839e-01;5.7500000e+01;1.8676007e-01;5.7500000e+01;1.4040786e-01;5.7500000e+01;9.4661020e-02;5.7500000e+01;4.9085051e-02;5.7500000e+01;7.2316155e-03;5.7500000e+01;-4.1063078e-02;5.7500000e+01;-8.3185367e-02;5.7500000e+01;-1.2615083e-01;5.7500000e+01;-5.0990567e-02;5.7500000e+01;-7.2521558e-03;5.7500000e+01;6.1806239e-02;5.7500000e+01;1.4133874e-01;5.7500000e+01;2.2818133e-01;5.7500000e+01;2.7790135e-01;5.7500000e+01;2.9042447e-01;5.7500000e+01;3.2231328e-01;5.7500000e+01;2.8846055e-01;5.7500000e+01;2.3597839e-01;5.7500000e+01;1.8676007e-01;5.7500000e+01;1.4040786e-01;5.7500000e+01;9.4661020e-02;5.7500000e+01;4.9085051e-02;5.7500000e+01;7.2316155e-03;5.7500000e+01;-4.1063078e-02;5.7500000e+01;-8.3185367e-02;5.7500000e+01;-1.2615083e-01;5.7500000e+01;-5.0990567e-02;5.7500000e+01;-7.2521558e-03;5.7500000e+01;6.1806239e-02;5.7500000e+01;1.4133874e-01;5.7500000e+01;2.2818133e-01;5.7500000e+01;2.7790135e-01;5.7500000e+01;2.9042447e-01;5.7500000e+01;3.2231328e-01;5.7500000e+01;2.8846055e-01;5.7500000e+01;2.3597839e-01;5.7500000e+01;1.8676007e-01;5.7500000e+01;1.4040786e-01;5.7500000e+01;9.4661020e-02;5.7500000e+01;4.9085051e-02;5.7500000e+01;7.2316155e-03;5.7500000e+01;-4.1063078e-02;5.7500000e+01;-8.3185367e-02;5.7500000e+01;-1.2615083e-01;5.7500000e+01;-5.0990567e-02;5.7500000e+01;-7.2521558e-03;5.7500000e+01;6.1806239e-02;5.7500000e+01;1.4133874e-01;5.7500000e+01;2.2818133e-01;5.7500000e+01;2.7790135e-01;5.7500000e+01;2.9042447e-01;5.7500000e+01;3.2231328e-01;5.7500000e+01;2.8846055e-01;5.7500000e+01;2.3597839e-01;5.7500000e+01;1.8676007e-01;5.7500000e+01;1.4040786e-01;5.7500000e+01;9.4661020e-02;5.7500000e+01;4.9085051e-02;5.7500000e+01;7.2316155e-03;5.7500000e+01;-4.1063078e-02;5.7500000e+01;-8.3185367e-02;5.7500000e+01;-1.2615083e-01;5.7500000e+01;-5.0990567e-02;5.7500000e+01;-7.2521558e-03;5.7500000e+01;6.1806239e-02;5.7500000e+01;1.4133874e-01;5.7500000e+01;2.2818133e-01;5.7500000e+01;2.7790135e-01;5.7500000e+01;2.9042447e-01;5.7500000e+01;3.2231328e-01;5.7500000e+01;2.8846055e-01;5.7500000e+01;2.3597839e-01;5.7500000e+01;1.8676007e-01;5.7500000e+01;1.4040786e-01;5.7500000e+01;9.4661020e-02;5.7500000e+01;4.9085051e-02;5.7500000e+01;7.2316155e-03;5.7500000e+01;-4.1063078e-02;5.7500000e+01;-8.3185367e-02;5.7500000e+01;-1.2615083e-01;5.7500000e+01;-5.0990567e-02;5.7500000e+01;-7.2521558e-03;5.7500000e+01;6.1806239e-02;5.7500000e+01;1.4133874e-01;5.7500000e+01;2.2818133e-01;5.7500000e+01;2.7790135e-01;5.7500000e+01;2.9042447e-01;5.7500000e+01;3.2231328e-01;5.7500000e+01;2.8846055e-01;5.7500000e+01;2.3597839e-01;5.7500000e+01;1.8676007e-01;5.7500000e+01;1.4040786e-01;5.7500000e+01;9.4661020e-02;5.7500000e+01;4.9085051e-02;5.7500000e+01;7.2316155e-03;5.7500000e+01;-4.1063078e-02;5.7500000e+01;-8.3185367e-02;5.7500000e+01;-1.2615083e-01;5.7500000e+01;-5.0990567e-02;5.7500000e+01;-7.2521558e-03;5.7500000e+01;6.1806239e-02;5.7500000e+01;1.4133874e-01;5.7500000e+01;2.2818133e-01;5.7500000e+01;2.7790135e-01;5.7500000e+01;2.9042447e-01;5.7500000e+01;3.2231328e-01;5.7500000e+01;2.8846055e-01;5.7500000e+01;2.3597839e-01;5.7500000e+01;1.8676007e-01;5.7500000e+01;1.4040786e-01;5.7500000e+01;9.4661020e-02;5.7500000e+01;4.9085051e-02;5.7500000e+01;7.2316155e-03;5.7500000e+01;-4.1063078e-02;5.7500000e+01;-8.3185367e-02;5.7500000e+01;-1.2615083e-01;5.7500000e+01;-5.0990567e-02;5.7500000e+01;-7.2521558e-03;5.7500000e+01;6.1806239e-02;5.7500000e+01;1.4133874e-01;5.7500000e+01;2.2818133e-01;5.7500000e+01;2.7790135e-01;5.7500000e+01;2.9042447e-01;5.7500000e+01;3.2231328e-01;5.7500000e+01;2.8846055e-01;5.7500000e+01;2.3597839e-01;5.7500000e+01;1.8676007e-01;5.7500000e+01;1.4040786e-01;5.7500000e+01;9.4661020e-02;5.7500000e+01;4.9085051e-02;5.7500000e+01;7.2316155e-03;5.7500000e+01;-4.1063078e-02;5.7500000e+01;-8.3185367e-02;5.7500000e+01;-1.2615083e-01;5.7500000e+01;-5.0990567e-02;5.7500000e+01;-7.2521558e-03;5.7500000e+01;6.1806239e-02;5.7500000e+01;1.4133874e-01;5.7500000e+01;2.2818133e-01;5.7500000e+01;2.7790135e-01;5.7500000e+01;2.9042447e-01;5.7500000e+01;3.2231328e-01;5.7500000e+01;2.8846055e-01;5.7500000e+01;2.3597839e-01;5.7500000e+01;1.8676007e-01;5.7500000e+01;1.4040786e-01;5.7500000e+01;9.4661020e-02;5.7500000e+01;4.9085051e-02;5.7500000e+01;7.2316155e-03;5.7500000e+01;-4.1063078e-02;5.7500000e+01;-8.3185367e-02;5.7500000e+01;-1.2615083e-01;5.7500000e+01;-5.0990567e-02;5.7500000e+01;-7.2521558e-03;5.7500000e+01;6.1806239e-02;5.7500000e+01;1.4133874e-01;5.7500000e+01;2.2818133e-01;5.7500000e+01;2.7790135e-01;5.7500000e+01;2.9042447e-01;5.7500000e+01;3.2231328e-01;5.7500000e+01;2.8846055e-01;5.7500000e+01;2.3597839e-01;5.7500000e+01;1.8676007e-01;5.7500000e+01;1.4040786e-01;5.7500000e+01;9.4661020e-02;5.7500000e+01;4.9085051e-02;5.7500000e+01;7.2316155e-03;5.7500000e+01;-4.1063078e-02;5.7500000e+01;-8.3185367e-02;5.7500000e+01;-1.2615083e-01;5.7500000e+01;-5.0990567e-02;5.7500000e+01;-7.2521558e-03;5.7500000e+01;6.1806239e-02;5.7500000e+01;1.4133874e-01;5.7500000e+01;2.2818133e-01;5.7500000e+01;2.7790135e-01;5.7500000e+01;2.9042447e-01;5.7500000e+01;3.2231328e-01;5.7500000e+01;2.8846055e-01;5.7500000e+01;2.3597839e-01;5.7500000e+01;1.8676007e-01;5.7500000e+01;1.4040786e-01;5.7500000e+01;9.4661020e-02;5.7500000e+01;4.9085051e-02;5.7500000e+01;7.2316155e-03;5.7500000e+01;-4.1063078e-02;5.7500000e+01;-8.3185367e-02;5.7500000e+01;-1.2615083e-01;5.7500000e+01;-5.0990567e-02;5.7500000e+01;-7.2521558e-03;5.7500000e+01;6.1806239e-02;5.7500000e+01;1.4133874e-01;5.7500000e+01;2.2818133e-01;5.7500000e+01;2.7790135e-01;5.7500000e+01;2.9042447e-01;5.7500000e+01;3.2231328e-01;5.7500000e+01;2.8846055e-01;5.7500000e+01;2.3597839e-01;5.7500000e+01;1.8676007e-01;5.7500000e+01;1.4040786e-01;5.7500000e+01;9.4661020e-02;5.7500000e+01;4.9085051e-02;5.7500000e+01;7.2316155e-03;5.7500000e+01;-4.1063078e-02;5.7500000e+01;-8.3185367e-02;5.7500000e+01;-1.2615083e-01;5.7500000e+01;-5.0990567e-02;5.7500000e+01;-7.2521558e-03;5.7500000e+01;6.1806239e-02;5.7500000e+01;1.4133874e-01;5.7500000e+01;2.2818133e-01;5.7500000e+01;2.7790135e-01;5.7500000e+01;2.9042447e-01;5.7500000e+01;3.2231328e-01;5.7500000e+01;2.8846055e-01;5.7500000e+01;2.3597839e-01;5.7500000e+01;1.8676007e-01;5.7500000e+01;1.4040786e-01;5.7500000e+01;9.4661020e-02;5.7500000e+01;4.9085051e-02;5.7500000e+01;7.2316155e-03;5.7500000e+01;-4.1063078e-02;5.7500000e+01;-8.3185367e-02;5.7500000e+01;-1.2615083e-01;5.7500000e+01;-5.0990567e-02;5.7500000e+01;-7.2521558e-03;5.7500000e+01;6.1806239e-02;5.7500000e+01;1.4133874e-01;5.7500000e+01;2.2818133e-01;5.7500000e+01;2.7790135e-01;5.7500000e+01;2.9042447e-01;5.7500000e+01;3.2231328e-01;5.7500000e+01;2.8846055e-01;5.7500000e+01;2.3597839e-01;5.7500000e+01;1.8676007e-01;5.7500000e+01;1.4040786e-01;5.7500000e+01;9.4661020e-02;5.7500000e+01;4.9085051e-02;5.7500000e+01;7.2316155e-03;5.7500000e+01;-4.1063078e-02;5.7500000e+01;-8.3185367e-02;5.7500000e+01;-1.2615083e-01;5.7500000e+01;-5.0990567e-02;5.7500000e+01;-7.2521558e-03;5.7500000e+01;6.1806239e-02;5.7500000e+01;1.4133874e-01;5.7500000e+01;2.2818133e-01;5.7500000e+01;2.7790135e-01;5.7500000e+01;2.9042447e-01;5.7500000e+01;3.2231328e-01;5.7500000e+01;2.8846055e-01;5.7500000e+01;2.3597839e-01;5.7500000e+01;1.8676007e-01;5.7500000e+01;1.4040786e-01;5.7500000e+01;9.4661020e-02;5.7500000e+01;4.9085051e-02;5.7500000e+01;7.2316155e-03;5.7500000e+01;-4.1063078e-02;5.7500000e+01;-8.3185367e-02;5.7500000e+01;-1.2615083e-01;5.7500000e+01;-5.0990567e-02;5.7500000e+01;-7.2521558e-03;5.7500000e+01;6.1806239e-02;5.7500000e+01;1.4133874e-01;5.7500000e+01;2.2818133e-01;5.7500000e+01;2.7790135e-01;5.7500000e+01;2.9042447e-01;5.7500000e+01;3.2231328e-01;5.7500000e+01;2.8846055e-01;5.7500000e+01;2.3597839e-01;5.7500000e+01;1.8676007e-01;5.7500000e+01;1.4040786e-01;5.7500000e+01;9.4661020e-02;5.7500000e+01;4.9085051e-02;5.7500000e+01;7.2316155e-03;5.7500000e+01;-4.1063078e-02;5.7500000e+01;-8.3185367e-02;5.7500000e+01;-1.2615083e-01;5.7500000e+01;-5.0990567e-02;5.7500000e+01;-7.2521558e-03;5.7500000e+01;6.1806239e-02;5.7500000e+01;1.4133874e-01;5.7500000e+01;2.2818133e-01;5.7500000e+01;2.7790135e-01;5.7500000e+01;2.9042447e-01;5.7500000e+01;3.2231328e-01;5.7500000e+01;2.8846055e-01;5.7500000e+01;2.3597839e-01;5.7500000e+01;1.8676007e-01;5.7500000e+01;1.4040786e-01;5.7500000e+01;9.4661020e-02;5.7500000e+01;4.9085051e-02;5.7500000e+01;7.2316155e-03;5.7500000e+01;-4.1063078e-02;5.7500000e+01;-8.3185367e-02;5.7500000e+01;-1.2615083e-01;5.7500000e+01;-5.0990567e-02;5.7500000e+01;-7.2521558e-03;5.7500000e+01;6.1806239e-02;5.7500000e+01;1.4133874e-01;5.7500000e+01;2.2818133e-01;5.7500000e+01;2.7790135e-01;5.7500000e+01;2.9042447e-01;5.7500000e+01;3.2231328e-01;5.7500000e+01;2.8846055e-01;5.7500000e+01;2.3597839e-01;5.7500000e+01;1.8676007e-01;5.7500000e+01;1.4040786e-01;5.7500000e+01;9.4661020e-02;5.7500000e+01;4.9085051e-02;5.7500000e+01;7.2316155e-03;5.7500000e+01;-4.1063078e-02;5.7500000e+01;-8.3185367e-02;5.7500000e+01;-1.2615083e-01;5.7500000e+01;-5.0990567e-02;5.7500000e+01;-7.2521558e-03;5.7500000e+01;6.1806239e-02;5.7500000e+01;1.4133874e-01;5.7500000e+01;2.2818133e-01;5.7500000e+01;2.7790135e-01;5.7500000e+01;2.9042447e-01;5.7500000e+01;3.2231328e-01;5.7500000e+01;2.8846055e-01;5.7500000e+01;2.3597839e-01;5.7500000e+01;1.8676007e-01;5.7500000e+01;1.4040786e-01;5.7500000e+01;9.4661020e-02;5.7500000e+01;4.9085051e-02;5.7500000e+01;7.2316155e-03;5.7500000e+01;-4.1063078e-02;5.7500000e+01;-8.3185367e-02;5.7500000e+01;-1.2615083e-01;5.7500000e+01;-5.0990567e-02;5.7500000e+01;-7.2521558e-03;5.7500000e+01;6.1806239e-02;5.7500000e+01;1.4133874e-01;5.7500000e+01;2.2818133e-01;5.7500000e+01;2.7790135e-01;5.7500000e+01;2.9042447e-01;5.7500000e+01;3.2231328e-01;5.7500000e+01;2.8846055e-01;5.7500000e+01;2.3597839e-01;5.7500000e+01;1.8676007e-01;5.7500000e+01;1.4040786e-01;5.7500000e+01;9.4661020e-02;5.7500000e+01;4.9085051e-02;5.7500000e+01;7.2316155e-03;5.7500000e+01;-4.1063078e-02;5.7500000e+01;-8.3185367e-02;5.7500000e+01;-1.2615083e-01;5.7500000e+01;-5.0990567e-02;5.7500000e+01;-7.2521558e-03;5.7500000e+01;6.1806239e-02;5.7500000e+01;1.4133874e-01;5.7500000e+01;2.2818133e-01;5.7500000e+01;2.7790135e-01;5.7500000e+01;2.9042447e-01;5.7500000e+01;3.2231328e-01;5.7500000e+01;2.8846055e-01;5.7500000e+01;2.3597839e-01;5.7500000e+01;1.8676007e-01;5.7500000e+01;1.4040786e-01;5.7500000e+01;9.4661020e-02;5.7500000e+01;4.9085051e-02;5.7500000e+01;7.2316155e-03;5.7500000e+01;-4.1063078e-02;5.7500000e+01;-8.3185367e-02;5.7500000e+01;-1.2615083e-01;5.7500000e+01;-5.0990567e-02;5.7500000e+01;-7.2521558e-03;5.7500000e+01;6.1806239e-02;5.7500000e+01;1.4133874e-01;5.7500000e+01;2.2818133e-01;5.7500000e+01;2.7790135e-01;5.7500000e+01;2.9042447e-01;5.7500000e+01;3.2231328e-01;5.7500000e+01;2.8846055e-01;5.7500000e+01;2.3597839e-01;5.7500000e+01;1.8676007e-01;5.7500000e+01;1.4040786e-01;5.7500000e+01;9.4661020e-02;5.7500000e+01;4.9085051e-02;5.7500000e+01;7.2316155e-03;5.7500000e+01;-4.1063078e-02;5.7500000e+01;-8.3185367e-02;5.7500000e+01;-1.2615083e-01;5.7500000e+01;-5.0990567e-02;5.7500000e+01;-7.2521558e-03;5.7500000e+01;6.1806239e-02;5.7500000e+01;1.4133874e-01;5.7500000e+01;2.2818133e-01;5.7500000e+01;2.7790135e-01;5.7500000e+01;2.9042447e-01;5.7500000e+01;3.2231328e-01;5.7500000e+01;2.8846055e-01;5.7500000e+01;2.3597839e-01;5.7500000e+01;1.8676007e-01;5.7500000e+01;1.4040786e-01;5.7500000e+01;9.4661020e-02;5.7500000e+01;4.9085051e-02;5.7500000e+01;7.2316155e-03;5.7500000e+01;-4.1063078e-02;5.7500000e+01;-8.3185367e-02;5.7500000e+01;-1.2615083e-01;5.7500000e+01;-5.0990567e-02;5.7500000e+01;-7.2521558e-03;5.7500000e+01;6.1806239e-02;5.7500000e+01;1.4133874e-01;5.7500000e+01;2.2818133e-01;5.7500000e+01;2.7790135e-01;5.7500000e+01;2.9042447e-01;5.7500000e+01;3.2231328e-01;5.7500000e+01;2.8846055e-01;5.7500000e+01;2.3597839e-01;5.7500000e+01;1.8676007e-01;5.7500000e+01;1.4040786e-01;5.7500000e+01;9.4661020e-02;5.7500000e+01;4.9085051e-02;5.7500000e+01;7.2316155e-03;5.7500000e+01;-4.1063078e-02;5.7500000e+01;-8.3185367e-02;5.7500000e+01;-1.2615083e-01;5.7500000e+01;-5.0990567e-02;5.7500000e+01;-7.2521558e-03;5.7500000e+01;6.1806239e-02;5.7500000e+01;1.4133874e-01;5.7500000e+01;2.2818133e-01;5.7500000e+01;2.7790135e-01;5.7500000e+01;2.9042447e-01;5.7500000e+01;3.2231328e-01;5.7500000e+01;2.8846055e-01;5.7500000e+01;2.3597839e-01;5.7500000e+01;1.8676007e-01;5.7500000e+01;1.4040786e-01;5.7500000e+01;9.4661020e-02;5.7500000e+01;4.9085051e-02;5.7500000e+01;7.2316155e-03;5.7500000e+01;-4.1063078e-02;5.7500000e+01;-8.3185367e-02;5.7500000e+01;-1.2615083e-01;5.7500000e+01;-5.0990567e-02;5.7500000e+01;-7.2521558e-03;5.7500000e+01;6.1806239e-02;5.7500000e+01;1.4133874e-01;5.7500000e+01;2.2818133e-01;5.7500000e+01;2.7790135e-01;5.7500000e+01;2.9042447e-01;5.7500000e+01;3.2231328e-01;5.7500000e+01;2.8846055e-01;5.7500000e+01;2.3597839e-01;5.7500000e+01;1.8676007e-01;5.7500000e+01;1.4040786e-01;5.7500000e+01;9.4661020e-02;5.7500000e+01;4.9085051e-02;5.7500000e+01;7.2316155e-03;5.7500000e+01;-4.1063078e-02;5.7500000e+01;-8.3185367e-02;5.7500000e+01;-1.2615083e-01;5.7500000e+01;-5.0990567e-02;5.7500000e+01;-7.2521558e-03;5.7500000e+01;6.1806239e-02;5.7500000e+01;1.4133874e-01;5.7500000e+01;2.2818133e-01;5.7500000e+01;2.7790135e-01;5.7500000e+01;2.9042447e-01;5.7500000e+01;3.2231328e-01;5.7500000e+01;2.8846055e-01;5.7500000e+01;2.3597839e-01;5.7500000e+01;1.8676007e-01;5.7500000e+01;1.4040786e-01;5.7500000e+01;9.4661020e-02;5.7500000e+01;4.9085051e-02;5.7500000e+01;7.2316155e-03;5.7500000e+01;-4.1063078e-02;5.7500000e+01;-8.3185367e-02;5.7500000e+01;-1.2615083e-01;5.7500000e+01;-5.0990567e-02;5.7500000e+01;-7.2521558e-03;5.7500000e+01;6.1806239e-02;5.7500000e+01;1.4133874e-01;5.7500000e+01;2.2818133e-01;5.7500000e+01;2.7790135e-01;5.7500000e+01;2.9042447e-01;5.7500000e+01;3.2231328e-01;5.7500000e+01;2.8846055e-01;5.7500000e+01;2.3597839e-01;5.7500000e+01;1.8676007e-01;5.7500000e+01;1.4040786e-01;5.7500000e+01;9.4661020e-02;5.7500000e+01;4.9085051e-02;5.7500000e+01;7.2316155e-03;5.7500000e+01;-4.1063078e-02;5.7500000e+01;-8.3185367e-02;5.7500000e+01;-1.2615083e-01;5.7500000e+01;-5.0990567e-02;5.7500000e+01;-7.2521558e-03;5.7500000e+01;6.1806239e-02;5.7500000e+01;1.4133874e-01;5.7500000e+01;2.2818133e-01;5.7500000e+01;2.7790135e-01;5.7500000e+01;2.9042447e-01;5.7500000e+01;3.2231328e-01;5.7500000e+01;2.8846055e-01;5.7500000e+01;2.3597839e-01;5.7500000e+01;1.8676007e-01;5.7500000e+01;1.4040786e-01;5.7500000e+01;9.4661020e-02;5.7500000e+01;4.9085051e-02;5.7500000e+01;7.2316155e-03;5.7500000e+01;-4.1063078e-02;5.7500000e+01;-8.3185367e-02;5.7500000e+01;-1.2615083e-01;5.7500000e+01;-5.0990567e-02;5.7500000e+01;-7.2521558e-03;5.7500000e+01;6.1806239e-02;5.7500000e+01;1.4133874e-01;5.7500000e+01;2.2818133e-01;5.7500000e+01;2.7790135e-01;5.7500000e+01;2.9042447e-01;5.7500000e+01;3.2231328e-01;5.7500000e+01;2.8846055e-01;5.7500000e+01;2.3597839e-01;5.7500000e+01;1.8676007e-01;5.7500000e+01;1.4040786e-01;5.7500000e+01;9.4661020e-02;5.7500000e+01;4.9085051e-02;5.7500000e+01;7.2316155e-03;5.7500000e+01;-4.1063078e-02;5.7500000e+01;-8.3185367e-02;5.7500000e+01;-1.2615083e-01;5.7500000e+01;-5.0990567e-02;5.7500000e+01;-7.2521558e-03;5.7500000e+01;6.1806239e-02;5.7500000e+01;1.4133874e-01;5.7500000e+01;2.2818133e-01;5.7500000e+01;2.7790135e-01;5.7500000e+01;2.9042447e-01;5.7500000e+01;3.2231328e-01;5.7500000e+01;2.8846055e-01;5.7500000e+01;2.3597839e-01;5.7500000e+01;1.8676007e-01;5.7500000e+01;1.4040786e-01;5.7500000e+01;9.4661020e-02;5.7500000e+01;4.9085051e-02;5.7500000e+01;7.2316155e-03;5.7500000e+01;-4.1063078e-02;5.7500000e+01;-8.3185367e-02;5.7500000e+01;-1.2615083e-01;5.7500000e+01;-5.0990567e-02;5.7500000e+01;-7.2521558e-03;5.7500000e+01;6.1806239e-02;5.7500000e+01;1.4133874e-01;5.7500000e+01;2.2818133e-01;5.7500000e+01;2.7790135e-01;5.7500000e+01;2.9042447e-01;5.7500000e+01;3.2231328e-01;5.7500000e+01;2.8846055e-01;5.7500000e+01;2.3597839e-01;5.7500000e+01;1.8676007e-01;5.7500000e+01;1.4040786e-01;5.7500000e+01;9.4661020e-02;5.7500000e+01;4.9085051e-02;5.7500000e+01;7.2316155e-03;5.7500000e+01;-4.1063078e-02;5.7500000e+01;-8.3185367e-02;5.7500000e+01;-1.2615083e-01;5.7500000e+01;-5.0990567e-02;5.7500000e+01;-7.2521558e-03;5.7500000e+01;6.1806239e-02;5.7500000e+01;1.4133874e-01;5.7500000e+01;2.2818133e-01;5.7500000e+01;2.7790135e-01;5.7500000e+01;2.9042447e-01;5.7500000e+01;3.2231328e-01;5.7500000e+01;2.8846055e-01;5.7500000e+01;2.3597839e-01;5.7500000e+01;1.8676007e-01;5.7500000e+01;1.4040786e-01;5.7500000e+01;9.4661020e-02;5.7500000e+01;4.9085051e-02;5.7500000e+01;7.2316155e-03;5.7500000e+01;-4.1063078e-02;5.7500000e+01;-8.3185367e-02;5.7500000e+01;-1.2615083e-01;5.7500000e+01;-5.0990567e-02;5.7500000e+01;-7.2521558e-03;5.7500000e+01;6.1806239e-02;5.7500000e+01;1.4133874e-01;5.7500000e+01;2.2818133e-01;5.7500000e+01;2.7790135e-01;5.7500000e+01;2.9042447e-01;5.7500000e+01;3.2231328e-01;5.7500000e+01;2.8846055e-01;5.7500000e+01;2.3597839e-01;5.7500000e+01;1.8676007e-01;5.7500000e+01;1.4040786e-01;5.7500000e+01;9.4661020e-02;5.7500000e+01;4.9085051e-02;5.7500000e+01;7.2316155e-03;5.7500000e+01;-4.1063078e-02;5.7500000e+01;-8.3185367e-02;5.7500000e+01;-1.2615083e-01;5.7500000e+01;-5.0990567e-02;5.7500000e+01;-7.2521558e-03;5.7500000e+01;6.1806239e-02;5.7500000e+01;1.4133874e-01;5.7500000e+01;2.2818133e-01;5.7500000e+01;2.7790135e-01;5.7500000e+01;2.9042447e-01;5.7500000e+01;3.2231328e-01;5.7500000e+01;2.8846055e-01;5.7500000e+01;2.3597839e-01;5.7500000e+01;1.8676007e-01;5.7500000e+01;1.4040786e-01;5.7500000e+01;9.4661020e-02;5.7500000e+01;4.9085051e-02;5.7500000e+01;7.2316155e-03;5.7500000e+01;-4.1063078e-02;5.7500000e+01;-8.3185367e-02;5.7500000e+01;-1.2615083e-01;5.7500000e+01;-5.0990567e-02;5.7500000e+01;-7.2521558e-03;5.7500000e+01;6.1806239e-02;5.7500000e+01;1.4133874e-01;5.7500000e+01;2.2818133e-01;5.7500000e+01;2.7790135e-01;5.7500000e+01;2.9042447e-01;5.7500000e+01;3.2231328e-01;5.7500000e+01;2.8846055e-01;5.7500000e+01;2.3597839e-01;5.7500000e+01;1.8676007e-01;5.7500000e+01;1.4040786e-01;5.7500000e+01;9.4661020e-02;5.7500000e+01;4.9085051e-02;5.7500000e+01;7.2316155e-03;5.7500000e+01;-4.1063078e-02;5.7500000e+01;-8.3185367e-02;5.7500000e+01;-1.2615083e-01;5.7500000e+01;-5.0990567e-02;5.7500000e+01;-7.2521558e-03;5.7500000e+01;6.1806239e-02;5.7500000e+01;1.4133874e-01;5.7500000e+01;2.2818133e-01;5.7500000e+01;2.7790135e-01;5.7500000e+01;2.9042447e-01;5.7500000e+01;3.2231328e-01;5.7500000e+01;2.8846055e-01;5.7500000e+01;2.3597839e-01;5.7500000e+01;1.8676007e-01;5.7500000e+01;1.4040786e-01;5.7500000e+01;9.4661020e-02;5.7500000e+01;4.9085051e-02;5.7500000e+01;7.2316155e-03;5.7500000e+01;-4.1063078e-02;5.7500000e+01;-8.3185367e-02;5.7500000e+01;-1.2615083e-01;5.7500000e+01;-5.0990567e-02;5.7500000e+01;-7.2521558e-03;5.7500000e+01;6.1806239e-02;5.7500000e+01;1.4133874e-01;5.7500000e+01;2.2818133e-01;5.7500000e+01;2.7790135e-01;5.7500000e+01;2.9042447e-01;5.7500000e+01;3.2231328e-01;5.7500000e+01;2.8846055e-01;5.7500000e+01;2.3597839e-01;5.7500000e+01;1.8676007e-01;5.7500000e+01;1.4040786e-01;5.7500000e+01;9.4661020e-02;5.7500000e+01;4.9085051e-02;5.7500000e+01;7.2316155e-03;5.7500000e+01;-4.1063078e-02;5.7500000e+01;-8.3185367e-02;5.7500000e+01;-1.2615083e-01;5.7500000e+01;-5.0990567e-02;5.7500000e+01;-7.2521558e-03;5.7500000e+01;6.1806239e-02;5.7500000e+01;1.4133874e-01;5.7500000e+01;2.2818133e-01;5.7500000e+01;2.7790135e-01;5.7500000e+01;2.9042447e-01;5.7500000e+01;3.2231328e-01;5.7500000e+01;2.8846055e-01;5.7500000e+01;2.3597839e-01;5.7500000e+01;1.8676007e-01;5.7500000e+01;1.4040786e-01;5.7500000e+01;9.4661020e-02;5.7500000e+01;4.9085051e-02;5.7500000e+01;7.2316155e-03;5.7500000e+01;-4.1063078e-02;5.7500000e+01;-8.3185367e-02;5.7500000e+01;-1.2615083e-01;5.7500000e+01;-5.0990567e-02;5.7500000e+01;-7.2521558e-03;5.7500000e+01;6.1806239e-02;5.7500000e+01;1.4133874e-01;5.7500000e+01;2.2818133e-01;5.7500000e+01;2.7790135e-01;5.7500000e+01;2.9042447e-01;5.7500000e+01;3.2231328e-01;5.7500000e+01;2.8846055e-01;5.7500000e+01;2.3597839e-01;5.7500000e+01;1.8676007e-01;5.7500000e+01;1.4040786e-01;5.7500000e+01;9.4661020e-02;5.7500000e+01;4.9085051e-02;5.7500000e+01;7.2316155e-03;5.7500000e+01;-4.1063078e-02;5.7500000e+01;-8.3185367e-02;5.7500000e+01;-1.2615083e-01;5.7500000e+01;-5.0990567e-02;5.7500000e+01;-7.2521558e-03;5.7500000e+01;6.1806239e-02;5.7500000e+01;1.4133874e-01;5.7500000e+01;2.2818133e-01;5.7500000e+01;2.7790135e-01;5.7500000e+01;2.9042447e-01;5.7500000e+01;3.2231328e-01;5.7500000e+01;2.8846055e-01;5.7500000e+01;2.3597839e-01;5.7500000e+01;1.8676007e-01;5.7500000e+01;1.4040786e-01;5.7500000e+01;9.4661020e-02;5.7500000e+01;4.9085051e-02;5.7500000e+01;7.2316155e-03;5.7500000e+01;-4.1063078e-02;5.7500000e+01;-8.3185367e-02;5.7500000e+01;-1.2615083e-01;5.7500000e+01;-5.0990567e-02;5.7500000e+01;-7.2521558e-03;5.7500000e+01;6.1806239e-02;5.7500000e+01;1.4133874e-01;5.7500000e+01;2.2818133e-01;5.7500000e+01;2.7790135e-01;5.7500000e+01;2.9042447e-01;5.7500000e+01;3.2231328e-01;5.7500000e+01;2.8846055e-01;5.7500000e+01;2.3597839e-01;5.7500000e+01;1.8676007e-01;5.7500000e+01;1.4040786e-01;5.7500000e+01;9.4661020e-02;5.7500000e+01;4.9085051e-02;5.7500000e+01;7.2316155e-03;5.7500000e+01;-4.1063078e-02;5.7500000e+01;-8.3185367e-02;5.7500000e+01;-1.2615083e-01;5.7500000e+01;-5.0990567e-02;5.7500000e+01;-7.2521558e-03;5.7500000e+01;6.1806239e-02;5.7500000e+01;1.4133874e-01;5.7500000e+01;2.2818133e-01;5.7500000e+01;2.7790135e-01;5.7500000e+01;2.9042447e-01;5.7500000e+01;3.2231328e-01;5.7500000e+01;2.8846055e-01;5.7500000e+01;2.3597839e-01;5.7500000e+01;1.8676007e-01;5.7500000e+01;1.4040786e-01;5.7500000e+01;9.4661020e-02;5.7500000e+01;4.9085051e-02;5.7500000e+01;7.2316155e-03;5.7500000e+01;-4.1063078e-02;5.7500000e+01;-8.3185367e-02;5.7500000e+01;-1.2615083e-01;5.7500000e+01;-5.0990567e-02;5.7500000e+01;-7.2521558e-03;5.7500000e+01;6.1806239e-02;5.7500000e+01;1.4133874e-01;5.7500000e+01;2.2818133e-01;5.7500000e+01;2.7790135e-01;5.7500000e+01;2.9042447e-01;5.7500000e+01;3.2231328e-01;5.7500000e+01;2.8846055e-01;5.7500000e+01;2.3597839e-01;5.7500000e+01;1.8676007e-01;5.7500000e+01;1.4040786e-01;5.7500000e+01;9.4661020e-02;5.7500000e+01;4.9085051e-02;5.7500000e+01;7.2316155e-03;5.7500000e+01;-4.1063078e-02;5.7500000e+01;-8.3185367e-02;5.7500000e+01;-1.2615083e-01;5.7500000e+01;-5.0990567e-02;5.7500000e+01;-7.2521558e-03;5.7500000e+01;6.1806239e-02;5.7500000e+01;1.4133874e-01;5.7500000e+01;2.2818133e-01;5.7500000e+01;2.7790135e-01;5.7500000e+01;2.9042447e-01;5.7500000e+01;3.2231328e-01;5.7500000e+01;2.8846055e-01;5.7500000e+01;2.3597839e-01;5.7500000e+01;1.8676007e-01;5.7500000e+01;1.4040786e-01;5.7500000e+01;9.4661020e-02;5.7500000e+01;4.9085051e-02;5.7500000e+01;7.2316155e-03;5.7500000e+01;-4.1063078e-02;5.7500000e+01;-8.3185367e-02;5.7500000e+01;-1.2615083e-01;5.7500000e+01;-5.0990567e-02;5.7500000e+01;-7.2521558e-03;5.7500000e+01;6.1806239e-02;5.7500000e+01;1.4133874e-01;5.7500000e+01;2.2818133e-01;5.7500000e+01;2.7790135e-01;5.7500000e+01;2.9042447e-01;5.7500000e+01;3.2231328e-01;5.7500000e+01;2.8846055e-01;5.7500000e+01;2.3597839e-01;5.7500000e+01;1.8676007e-01;5.7500000e+01;1.4040786e-01;5.7500000e+01;9.4661020e-02;5.7500000e+01;4.9085051e-02;5.7500000e+01;7.2316155e-03;5.7500000e+01;-4.1063078e-02;5.7500000e+01;-8.3185367e-02;5.7500000e+01;-1.2615083e-01;5.7500000e+01;-5.0990567e-02;5.7500000e+01;-7.2521558e-03;5.7500000e+01;6.1806239e-02;5.7500000e+01;1.4133874e-01;5.7500000e+01;2.2818133e-01;5.7500000e+01;2.7790135e-01;5.7500000e+01;2.9042447e-01;5.7500000e+01;3.2231328e-01;5.7500000e+01;2.8846055e-01;5.7500000e+01;2.3597839e-01;5.7500000e+01;1.8676007e-01;5.7500000e+01;1.4040786e-01;5.7500000e+01;9.4661020e-02;5.7500000e+01;4.9085051e-02;5.7500000e+01;7.2316155e-03;5.7500000e+01;-4.1063078e-02;5.7500000e+01;-8.3185367e-02;5.7500000e+01;-1.2615083e-01;5.7500000e+01;-5.0990567e-02;5.7500000e+01;-7.2521558e-03;5.7500000e+01;6.1806239e-02;5.7500000e+01;1.4133874e-01;5.7500000e+01;2.2818133e-01;5.7500000e+01;2.7790135e-01;5.7500000e+01;2.9042447e-01;5.7500000e+01;3.2231328e-01;5.7500000e+01;2.8846055e-01;5.7500000e+01;2.3597839e-01;5.7500000e+01;1.8676007e-01;5.7500000e+01;1.4040786e-01;5.7500000e+01;9.4661020e-02;5.7500000e+01;4.9085051e-02;5.7500000e+01;7.2316155e-03;5.7500000e+01;-4.1063078e-02;5.7500000e+01;-8.3185367e-02;5.7500000e+01;-1.2615083e-01;5.7500000e+01;-5.0990567e-02;5.7500000e+01;-7.2521558e-03;5.7500000e+01;6.1806239e-02;5.7500000e+01;1.4133874e-01;5.7500000e+01;2.2818133e-01;5.7500000e+01;2.7790135e-01;5.7500000e+01;2.9042447e-01;5.7500000e+01;3.2231328e-01;5.7500000e+01;2.8846055e-01;5.7500000e+01;2.3597839e-01;5.7500000e+01;1.8676007e-01;5.7500000e+01;1.4040786e-01;5.7500000e+01;9.4661020e-02;5.7500000e+01;4.9085051e-02;5.7500000e+01;7.2316155e-03;5.7500000e+01;-4.1063078e-02;5.7500000e+01;-8.3185367e-02;5.7500000e+01;-1.2615083e-01;5.7500000e+01;-5.0990567e-02;5.7500000e+01;-7.2521558e-03;5.7500000e+01;6.1806239e-02;5.7500000e+01;1.4133874e-01;5.7500000e+01;2.2818133e-01;5.7500000e+01;2.7790135e-01;5.7500000e+01;2.9042447e-01;5.7500000e+01;3.2231328e-01;5.7500000e+01;2.8846055e-01;5.7500000e+01;2.3597839e-01;5.7500000e+01;1.8676007e-01;5.7500000e+01;1.4040786e-01;5.7500000e+01;9.4661020e-02;5.7500000e+01;4.9085051e-02;5.7500000e+01;7.2316155e-03;5.7500000e+01;-4.1063078e-02;5.7500000e+01;-8.3185367e-02;5.7500000e+01;-1.2615083e-01;5.7500000e+01;-5.0990567e-02;5.7500000e+01;-7.2521558e-03;5.7500000e+01;6.1806239e-02;5.7500000e+01;1.4133874e-01;5.7500000e+01;2.2818133e-01;5.7500000e+01;2.7790135e-01;5.7500000e+01;2.9042447e-01;5.7500000e+01;3.2231328e-01;5.7500000e+01;2.8846055e-01;5.7500000e+01;2.3597839e-01;5.7500000e+01;1.8676007e-01;5.7500000e+01;1.4040786e-01;5.7500000e+01;9.4661020e-02;5.7500000e+01;4.9085051e-02;5.7500000e+01;7.2316155e-03;5.7500000e+01;-4.1063078e-02;5.7500000e+01;-8.3185367e-02;5.7500000e+01;-1.2615083e-01;5.7500000e+01;-5.0990567e-02;5.7500000e+01;-7.2521558e-03;5.7500000e+01;6.1806239e-02;5.7500000e+01;1.4133874e-01;5.7500000e+01;2.2818133e-01;5.7500000e+01;2.7790135e-01;5.7500000e+01;2.9042447e-01;5.7500000e+01;3.2231328e-01;5.7500000e+01;2.8846055e-01;5.7500000e+01;2.3597839e-01;5.7500000e+01;1.8676007e-01;5.7500000e+01;1.4040786e-01;5.7500000e+01;9.4661020e-02;5.7500000e+01;4.9085051e-02;5.7500000e+01;7.2316155e-03;5.7500000e+01;-4.1063078e-02;5.7500000e+01;-8.3185367e-02;5.7500000e+01;-1.2615083e-01;5.7500000e+01;-5.0990567e-02;5.7500000e+01;-7.2521558e-03;5.7500000e+01;6.1806239e-02;5.7500000e+01;1.4133874e-01;5.7500000e+01;2.2818133e-01;5.7500000e+01;2.7790135e-01;5.7500000e+01;2.9042447e-01;5.7500000e+01;3.2231328e-01;5.7500000e+01;2.8846055e-01;5.7500000e+01;2.3597839e-01;5.7500000e+01;1.8676007e-01;5.7500000e+01;1.4040786e-01;5.7500000e+01;9.4661020e-02;5.7500000e+01;4.9085051e-02;5.7500000e+01;7.2316155e-03;5.7500000e+01;-4.1063078e-02;5.7500000e+01;-8.3185367e-02;5.7500000e+01;-1.2615083e-01;5.7500000e+01;-5.0990567e-02;5.7500000e+01;-7.2521558e-03;5.7500000e+01;6.1806239e-02;5.7500000e+01;1.4133874e-01;5.7500000e+01;2.2818133e-01;5.7500000e+01;2.7790135e-01;5.7500000e+01;2.9042447e-01;5.7500000e+01;3.2231328e-01;5.7500000e+01;2.8846055e-01;5.7500000e+01;2.3597839e-01;5.7500000e+01;1.8676007e-01;5.7500000e+01;1.4040786e-01;5.7500000e+01;9.4661020e-02;5.7500000e+01;4.9085051e-02;5.7500000e+01;7.2316155e-03;5.7500000e+01;-4.1063078e-02;5.7500000e+01;-8.3185367e-02;5.7500000e+01;-1.2615083e-01;5.7500000e+01;-5.0990567e-02;5.7500000e+01;-7.2521558e-03;5.7500000e+01;6.1806239e-02;5.7500000e+01;1.4133874e-01;5.7500000e+01;2.2818133e-01;5.7500000e+01;2.7790135e-01;5.7500000e+01;2.9042447e-01;5.7500000e+01;3.2231328e-01;5.7500000e+01;2.8846055e-01;5.7500000e+01;2.3597839e-01;5.7500000e+01;1.8676007e-01;5.7500000e+01;1.4040786e-01;5.7500000e+01;9.4661020e-02;5.7500000e+01;4.9085051e-02;5.7500000e+01;7.2316155e-03;5.7500000e+01;-4.1063078e-02;5.7500000e+01;-8.3185367e-02;5.7500000e+01;-1.2615083e-01;5.7500000e+01;-5.0990567e-02;5.7500000e+01;-7.2521558e-03;5.7500000e+01;6.1806239e-02;5.7500000e+01;1.4133874e-01;5.7500000e+01;2.2818133e-01;5.7500000e+01;2.7790135e-01;5.7500000e+01;2.9042447e-01;5.7500000e+01;3.2231328e-01;5.7500000e+01;2.8846055e-01;5.7500000e+01;2.3597839e-01;5.7500000e+01;1.8676007e-01;5.7500000e+01;1.4040786e-01;5.7500000e+01;9.4661020e-02;5.7500000e+01;4.9085051e-02;5.7500000e+01;7.2316155e-03;5.7500000e+01;-4.1063078e-02;5.7500000e+01;-8.3185367e-02;5.7500000e+01;-1.2615083e-01;5.7500000e+01;-5.0990567e-02;5.7500000e+01;-7.2521558e-03;5.7500000e+01;6.1806239e-02;5.7500000e+01;1.4133874e-01;5.7500000e+01;2.2818133e-01;5.7500000e+01;2.7790135e-01;5.7500000e+01;2.9042447e-01;5.7500000e+01;3.2231328e-01;5.7500000e+01;2.8846055e-01;5.7500000e+01;2.3597839e-01;5.7500000e+01;1.8676007e-01;5.7500000e+01;1.4040786e-01;5.7500000e+01;9.4661020e-02;5.7500000e+01;4.9085051e-02;5.7500000e+01;7.2316155e-03;5.7500000e+01;-4.1063078e-02;5.7500000e+01;-8.3185367e-02;5.7500000e+01;-1.2615083e-01;5.7500000e+01;-5.0990567e-02;5.7500000e+01;-7.2521558e-03;5.7500000e+01;6.1806239e-02;5.7500000e+01;1.4133874e-01;5.7500000e+01;2.2818133e-01;5.7500000e+01;2.7790135e-01;5.7500000e+01;2.9042447e-01;5.7500000e+01;3.2231328e-01;5.7500000e+01;2.8846055e-01;5.7500000e+01;2.3597839e-01;5.7500000e+01;1.8676007e-01;5.7500000e+01;1.4040786e-01;5.7500000e+01;9.4661020e-02;5.7500000e+01;4.9085051e-02;5.7500000e+01;7.2316155e-03;5.7500000e+01;-4.1063078e-02;5.7500000e+01;-8.3185367e-02;5.7500000e+01;-1.2615083e-01;5.7500000e+01;-5.0990567e-02;5.7500000e+01;-7.2521558e-03;5.7500000e+01;6.1806239e-02;5.7500000e+01;1.4133874e-01;5.7500000e+01;2.2818133e-01;5.7500000e+01;2.7790135e-01;5.7500000e+01;2.9042447e-01;5.7500000e+01;3.2231328e-01;5.7500000e+01;2.8846055e-01;5.7500000e+01;2.3597839e-01;5.7500000e+01;1.8676007e-01;5.7500000e+01;1.4040786e-01;5.7500000e+01;9.4661020e-02;5.7500000e+01;4.9085051e-02;5.7500000e+01;7.2316155e-03;5.7500000e+01;-4.1063078e-02;5.7500000e+01;-8.3185367e-02;5.7500000e+01;-1.2615083e-01;5.7500000e+01;-5.0990567e-02;5.7500000e+01;-7.2521558e-03;5.7500000e+01;6.1806239e-02;5.7500000e+01;1.4133874e-01;5.7500000e+01;2.2818133e-01;5.7500000e+01;2.7790135e-01;5.7500000e+01;2.9042447e-01;5.7500000e+01;3.2231328e-01;5.7500000e+01;2.8846055e-01;5.7500000e+01;2.3597839e-01;5.7500000e+01;1.8676007e-01;5.7500000e+01;1.4040786e-01;5.7500000e+01;9.4661020e-02;5.7500000e+01;4.9085051e-02;5.7500000e+01;7.2316155e-03;5.7500000e+01;-4.1063078e-02;5.7500000e+01;-8.3185367e-02;5.7500000e+01;-1.2615083e-01;5.7500000e+01;-5.0990567e-02;5.7500000e+01;-7.2521558e-03;5.7500000e+01;6.1806239e-02;5.7500000e+01;1.4133874e-01;5.7500000e+01;2.2818133e-01;5.7500000e+01;2.7790135e-01;5.7500000e+01;2.9042447e-01;5.7500000e+01;3.2231328e-01;5.7500000e+01;2.8846055e-01;5.7500000e+01;2.3597839e-01;5.7500000e+01;1.8676007e-01;5.7500000e+01;1.4040786e-01;5.7500000e+01;9.4661020e-02;5.7500000e+01;4.9085051e-02;5.7500000e+01;7.2316155e-03;5.7500000e+01;-4.1063078e-02;5.7500000e+01;-8.3185367e-02;5.7500000e+01;-1.2615083e-01;5.7500000e+01;-5.0990567e-02;5.7500000e+01;-7.2521558e-03;5.7500000e+01;6.1806239e-02;5.7500000e+01;1.4133874e-01;5.7500000e+01;2.2818133e-01;5.7500000e+01;2.7790135e-01;5.7500000e+01;2.9042447e-01;5.7500000e+01;3.2231328e-01;5.7500000e+01;2.8846055e-01;5.7500000e+01;2.3597839e-01;5.7500000e+01;1.8676007e-01;5.7500000e+01;1.4040786e-01;5.7500000e+01;9.4661020e-02;5.7500000e+01;4.9085051e-02;5.7500000e+01;7.2316155e-03;5.7500000e+01;-4.1063078e-02;5.7500000e+01;-8.3185367e-02;5.7500000e+01;-1.2615083e-01;5.7500000e+01;-5.0990567e-02;5.7500000e+01;-7.2521558e-03;5.7500000e+01;6.1806239e-02;5.7500000e+01;1.4133874e-01;5.7500000e+01;2.2818133e-01;5.7500000e+01;2.7790135e-01;5.7500000e+01;2.9042447e-01;5.7500000e+01;3.2231328e-01;5.7500000e+01;2.8846055e-01;5.7500000e+01;2.3597839e-01;5.7500000e+01;1.8676007e-01;5.7500000e+01;1.4040786e-01;5.7500000e+01;9.4661020e-02;5.7500000e+01;4.9085051e-02;5.7500000e+01;7.2316155e-03;5.7500000e+01;-4.1063078e-02;5.7500000e+01;-8.3185367e-02;5.7500000e+01;-1.2615083e-01;5.7500000e+01;-5.0990567e-02;5.7500000e+01;-7.2521558e-03;5.7500000e+01;6.1806239e-02;5.7500000e+01;1.4133874e-01;5.7500000e+01;2.2818133e-01;5.7500000e+01;2.7790135e-01;5.7500000e+01;2.9042447e-01;5.7500000e+01;3.2231328e-01;5.7500000e+01;2.8846055e-01;5.7500000e+01;2.3597839e-01;5.7500000e+01;1.8676007e-01;5.7500000e+01;1.4040786e-01;5.7500000e+01;9.4661020e-02;5.7500000e+01;4.9085051e-02;5.7500000e+01;7.2316155e-03;5.7500000e+01;-4.1063078e-02;5.7500000e+01;-8.3185367e-02;5.7500000e+01;-1.2615083e-01;5.7500000e+01;-5.0990567e-02;5.7500000e+01;-7.2521558e-03;5.7500000e+01;6.1806239e-02;5.7500000e+01;1.4133874e-01;5.7500000e+01;2.2818133e-01;5.7500000e+01;2.7790135e-01;5.7500000e+01;2.9042447e-01;5.7500000e+01;3.2231328e-01;5.7500000e+01;2.8846055e-01;5.7500000e+01;2.3597839e-01;5.7500000e+01;1.8676007e-01;5.7500000e+01;1.4040786e-01;5.7500000e+01;9.4661020e-02;5.7500000e+01;4.9085051e-02;5.7500000e+01;7.2316155e-03;5.7500000e+01;-4.1063078e-02;5.7500000e+01;-8.3185367e-02;5.7500000e+01;-1.2615083e-01;5.7500000e+01;-5.0990567e-02;5.7500000e+01;-7.2521558e-03;5.7500000e+01;6.1806239e-02;5.7500000e+01;1.4133874e-01;5.7500000e+01;2.2818133e-01;5.7500000e+01;2.7790135e-01;5.7500000e+01;2.9042447e-01;5.7500000e+01;3.2231328e-01;5.7500000e+01;2.8846055e-01;5.7500000e+01;2.3597839e-01;5.7500000e+01;1.8676007e-01;5.7500000e+01;1.4040786e-01;5.7500000e+01;9.4661020e-02;5.7500000e+01;4.9085051e-02;5.7500000e+01;7.2316155e-03;5.7500000e+01;-4.1063078e-02;5.7500000e+01;-8.3185367e-02;5.7500000e+01;-1.2615083e-01;5.7500000e+01;-5.0990567e-02;5.7500000e+01;-7.2521558e-03;5.7500000e+01;6.1806239e-02;5.7500000e+01;1.4133874e-01;5.7500000e+01;2.2818133e-01;5.7500000e+01;2.7790135e-01;5.7500000e+01;2.9042447e-01;5.7500000e+01;3.2231328e-01;5.7500000e+01;2.8846055e-01;5.7500000e+01;2.3597839e-01;5.7500000e+01;1.8676007e-01;5.7500000e+01;1.4040786e-01;5.7500000e+01;9.4661020e-02;5.7500000e+01;4.9085051e-02;5.7500000e+01;7.2316155e-03;5.7500000e+01;-4.1063078e-02;5.7500000e+01;-8.3185367e-02;5.7500000e+01;-1.2615083e-01;5.7500000e+01;-5.0990567e-02;5.7500000e+01;-7.2521558e-03;5.7500000e+01;6.1806239e-02;5.7500000e+01;1.4133874e-01;5.7500000e+01;2.2818133e-01;5.7500000e+01;2.7790135e-01;5.7500000e+01;2.9042447e-01;5.7500000e+01;3.2231328e-01;5.7500000e+01;2.8846055e-01;5.7500000e+01;2.3597839e-01;5.7500000e+01;1.8676007e-01;5.7500000e+01;1.4040786e-01;5.7500000e+01;9.4661020e-02;5.7500000e+01;4.9085051e-02;5.7500000e+01;7.2316155e-03;5.7500000e+01;-4.1063078e-02;5.7500000e+01;-8.3185367e-02;5.7500000e+01;-1.2615083e-01;5.7500000e+01;-5.0990567e-02;5.7500000e+01;-7.2521558e-03;5.7500000e+01;6.1806239e-02;5.7500000e+01;1.4133874e-01;5.7500000e+01;2.2818133e-01;5.7500000e+01;2.7790135e-01;5.7500000e+01;2.9042447e-01;5.7500000e+01;3.2231328e-01;5.7500000e+01;2.8846055e-01;5.7500000e+01;2.3597839e-01;5.7500000e+01;1.8676007e-01;5.7500000e+01;1.4040786e-01;5.7500000e+01;9.4661020e-02;5.7500000e+01;4.9085051e-02;5.7500000e+01;7.2316155e-03;5.7500000e+01;-4.1063078e-02;5.7500000e+01;-8.3185367e-02;5.7500000e+01;-1.2615083e-01;5.7500000e+01;-5.0990567e-02;5.7500000e+01;-7.2521558e-03;5.7500000e+01;6.1806239e-02;5.7500000e+01;1.4133874e-01;5.7500000e+01;2.2818133e-01;5.7500000e+01;2.7790135e-01;5.7500000e+01;2.9042447e-01;5.7500000e+01;3.2231328e-01;5.7500000e+01;2.8846055e-01;5.7500000e+01;2.3597839e-01;5.7500000e+01;1.8676007e-01;5.7500000e+01;1.4040786e-01;5.7500000e+01;9.4661020e-02;5.7500000e+01;4.9085051e-02;5.7500000e+01;7.2316155e-03;5.7500000e+01;-4.1063078e-02;5.7500000e+01;-8.3185367e-02;5.7500000e+01;-1.2615083e-01;5.7500000e+01;-5.0990567e-02;5.7500000e+01;-7.2521558e-03;5.7500000e+01;6.1806239e-02;5.7500000e+01;1.4133874e-01;5.7500000e+01;2.2818133e-01;5.7500000e+01;2.7790135e-01;5.7500000e+01;2.9042447e-01;5.7500000e+01;3.2231328e-01;5.7500000e+01;2.8846055e-01;5.7500000e+01;2.3597839e-01;5.7500000e+01;1.8676007e-01;5.7500000e+01;1.4040786e-01;5.7500000e+01;9.4661020e-02;5.7500000e+01;4.9085051e-02;5.7500000e+01;7.2316155e-03;5.7500000e+01;-4.1063078e-02;5.7500000e+01;-8.3185367e-02;5.7500000e+01;-1.2615083e-01;5.7500000e+01;-5.0990567e-02;5.7500000e+01;-7.2521558e-03;5.7500000e+01;6.1806239e-02;5.7500000e+01;1.4133874e-01;5.7500000e+01;2.2818133e-01;5.7500000e+01;2.7790135e-01;5.7500000e+01;2.9042447e-01;5.7500000e+01;3.2231328e-01;5.7500000e+01;2.8846055e-01;5.7500000e+01;2.3597839e-01;5.7500000e+01;1.8676007e-01;5.7500000e+01;1.4040786e-01;5.7500000e+01;9.4661020e-02;5.7500000e+01;4.9085051e-02;5.7500000e+01;7.2316155e-03;5.7500000e+01;-4.1063078e-02;5.7500000e+01;-8.3185367e-02;5.7500000e+01;-1.2615083e-01;5.7500000e+01;-5.0990567e-02;5.7500000e+01;-7.2521558e-03;5.7500000e+01;6.1806239e-02;5.7500000e+01;1.4133874e-01;5.7500000e+01;2.2818133e-01;5.7500000e+01;2.7790135e-01;5.7500000e+01;2.9042447e-01;5.7500000e+01;3.2231328e-01;5.7500000e+01;2.8846055e-01;5.7500000e+01;2.3597839e-01;5.7500000e+01;1.8676007e-01;5.7500000e+01;1.4040786e-01;5.7500000e+01;9.4661020e-02;5.7500000e+01;4.9085051e-02;5.7500000e+01;7.2316155e-03;5.7500000e+01;-4.1063078e-02;5.7500000e+01;-8.3185367e-02;5.7500000e+01;-1.2615083e-01;5.7500000e+01;-5.0990567e-02;5.7500000e+01;-7.2521558e-03;5.7500000e+01;6.1806239e-02;5.7500000e+01;1.4133874e-01;5.7500000e+01;2.2818133e-01;5.7500000e+01;2.7790135e-01;5.7500000e+01;2.9042447e-01;5.7500000e+01;3.2231328e-01;5.7500000e+01;2.8846055e-01;5.7500000e+01;2.3597839e-01;5.7500000e+01;1.8676007e-01;5.7500000e+01;1.4040786e-01;5.7500000e+01;9.4661020e-02;5.7500000e+01;4.9085051e-02;5.7500000e+01;7.2316155e-03;5.7500000e+01;-4.1063078e-02;5.7500000e+01;-8.3185367e-02;5.7500000e+01;-1.2615083e-01;5.7500000e+01;-5.0990567e-02;5.7500000e+01;-7.2521558e-03;5.7500000e+01;6.1806239e-02;5.7500000e+01;1.4133874e-01;5.7500000e+01;2.2818133e-01;5.7500000e+01;2.7790135e-01;5.7500000e+01;2.9042447e-01;5.7500000e+01;3.2231328e-01;5.7500000e+01;2.8846055e-01;5.7500000e+01;2.3597839e-01;5.7500000e+01;1.8676007e-01;5.7500000e+01;1.4040786e-01;5.7500000e+01;9.4661020e-02;5.7500000e+01;4.9085051e-02;5.7500000e+01;7.2316155e-03;5.7500000e+01;-4.1063078e-02;5.7500000e+01;-8.3185367e-02;5.7500000e+01;-1.2615083e-01;5.7500000e+01;-5.0990567e-02;5.7500000e+01;-7.2521558e-03;5.7500000e+01;6.1806239e-02;5.7500000e+01;1.4133874e-01;5.7500000e+01;2.2818133e-01;5.7500000e+01;2.7790135e-01;5.7500000e+01;2.9042447e-01;5.7500000e+01;3.2231328e-01;5.7500000e+01;2.8846055e-01;5.7500000e+01;2.3597839e-01;5.7500000e+01;1.8676007e-01;5.7500000e+01;1.4040786e-01;5.7500000e+01;9.4661020e-02;5.7500000e+01;4.9085051e-02;5.7500000e+01;7.2316155e-03;5.7500000e+01;-4.1063078e-02;5.7500000e+01;-8.3185367e-02;5.7500000e+01;-1.2615083e-01;5.7500000e+01;-5.0990567e-02;5.7500000e+01;-7.2521558e-03;5.7500000e+01;6.1806239e-02;5.7500000e+01;1.4133874e-01;5.7500000e+01;2.2818133e-01;5.7500000e+01;2.7790135e-01;5.7500000e+01;2.9042447e-01;5.7500000e+01;3.2231328e-01;5.7500000e+01;2.8846055e-01;5.7500000e+01;2.3597839e-01;5.7500000e+01;1.8676007e-01;5.7500000e+01;1.4040786e-01;5.7500000e+01;9.4661020e-02;5.7500000e+01;4.9085051e-02;5.7500000e+01;7.2316155e-03;5.7500000e+01;-4.1063078e-02;5.7500000e+01;-8.3185367e-02;5.7500000e+01;-1.2615083e-01;5.7500000e+01;-5.0990567e-02;5.7500000e+01;-7.2521558e-03;5.7500000e+01;6.1806239e-02;5.7500000e+01;1.4133874e-01;5.7500000e+01;2.2818133e-01;5.7500000e+01;2.7790135e-01;5.7500000e+01;2.9042447e-01;5.7500000e+01;3.2231328e-01;5.7500000e+01;2.8846055e-01;5.7500000e+01;2.3597839e-01;5.7500000e+01;1.8676007e-01;5.7500000e+01;1.4040786e-01;5.7500000e+01;9.4661020e-02;5.7500000e+01;4.9085051e-02;5.7500000e+01;7.2316155e-03;5.7500000e+01;-4.1063078e-02;5.7500000e+01;-8.3185367e-02;5.7500000e+01;-1.2615083e-01;5.7500000e+01;-5.0990567e-02;5.7500000e+01;-7.2521558e-03;5.7500000e+01;6.1806239e-02;5.7500000e+01;1.4133874e-01;5.7500000e+01;2.2818133e-01;5.7500000e+01;2.7790135e-01;5.7500000e+01;2.9042447e-01;5.7500000e+01;3.2231328e-01;5.7500000e+01;2.8846055e-01;5.7500000e+01;2.3597839e-01;5.7500000e+01;1.8676007e-01;5.7500000e+01;1.4040786e-01;5.7500000e+01;9.4661020e-02;5.7500000e+01;4.9085051e-02;5.7500000e+01;7.2316155e-03;5.7500000e+01;-4.1063078e-02;5.7500000e+01;-8.3185367e-02;5.7500000e+01;-1.2615083e-01;5.7500000e+01;-5.0990567e-02;5.7500000e+01;-7.2521558e-03;5.7500000e+01;6.1806239e-02;5.7500000e+01;1.4133874e-01;5.7500000e+01;2.2818133e-01;5.7500000e+01;2.7790135e-01;5.7500000e+01;2.9042447e-01;5.7500000e+01;3.2231328e-01;5.7500000e+01;2.8846055e-01;5.7500000e+01;2.3597839e-01;5.7500000e+01;1.8676007e-01;5.7500000e+01;1.4040786e-01;5.7500000e+01;9.4661020e-02;5.7500000e+01;4.9085051e-02;5.7500000e+01;7.2316155e-03;5.7500000e+01;-4.1063078e-02;5.7500000e+01;-8.3185367e-02;5.7500000e+01;-1.2615083e-01;5.7500000e+01;-5.0990567e-02;5.7500000e+01;-7.2521558e-03;5.7500000e+01;6.1806239e-02;5.7500000e+01;1.4133874e-01;5.7500000e+01;2.2818133e-01;5.7500000e+01;2.7790135e-01;5.7500000e+01;2.9042447e-01;5.7500000e+01;3.2231328e-01;5.7500000e+01;2.8846055e-01;5.7500000e+01;2.3597839e-01;5.7500000e+01;1.8676007e-01;5.7500000e+01;1.4040786e-01;5.7500000e+01;9.4661020e-02;5.7500000e+01;4.9085051e-02;5.7500000e+01;7.2316155e-03;5.7500000e+01;-4.1063078e-02;5.7500000e+01;-8.3185367e-02;5.7500000e+01;-1.2615083e-01;5.7500000e+01;-5.0990567e-02;5.7500000e+01;-7.2521558e-03;5.7500000e+01;6.1806239e-02;5.7500000e+01;1.4133874e-01;5.7500000e+01;2.2818133e-01;5.7500000e+01;2.7790135e-01;5.7500000e+01;2.9042447e-01;5.7500000e+01;3.2231328e-01;5.7500000e+01;2.8846055e-01;5.7500000e+01;2.3597839e-01;5.7500000e+01;1.8676007e-01;5.7500000e+01;1.4040786e-01;5.7500000e+01;9.4661020e-02;5.7500000e+01;4.9085051e-02;5.7500000e+01;7.2316155e-03;5.7500000e+01;-4.1063078e-02;5.7500000e+01;-8.3185367e-02;5.7500000e+01;-1.2615083e-01;5.7500000e+01;-5.0990567e-02;5.7500000e+01;-7.2521558e-03;5.7500000e+01;6.1806239e-02;5.7500000e+01;1.4133874e-01;5.7500000e+01;2.2818133e-01;5.7500000e+01;2.7790135e-01;5.7500000e+01;2.9042447e-01;5.7500000e+01;3.2231328e-01;5.7500000e+01;2.8846055e-01;5.7500000e+01;2.3597839e-01;5.7500000e+01;1.8676007e-01;5.7500000e+01;1.4040786e-01;5.7500000e+01;9.4661020e-02;5.7500000e+01;4.9085051e-02;5.7500000e+01;7.2316155e-03;5.7500000e+01;-4.1063078e-02;5.7500000e+01;-8.3185367e-02;5.7500000e+01;-1.2615083e-01;5.7500000e+01;-5.0990567e-02;5.7500000e+01;-7.2521558e-03;5.7500000e+01;6.1806239e-02;5.7500000e+01;1.4133874e-01;5.7500000e+01;2.2818133e-01;5.7500000e+01;2.7790135e-01;5.7500000e+01;2.9042447e-01;5.7500000e+01;3.2231328e-01;5.7500000e+01;2.8846055e-01;5.7500000e+01;2.3597839e-01;5.7500000e+01;1.8676007e-01;5.7500000e+01;1.4040786e-01;5.7500000e+01;9.4661020e-02;5.7500000e+01;4.9085051e-02;5.7500000e+01;7.2316155e-03;5.7500000e+01;-4.1063078e-02;5.7500000e+01;-8.3185367e-02;5.7500000e+01;-1.2615083e-01;5.7500000e+01;-5.0990567e-02;5.7500000e+01;-7.2521558e-03;5.7500000e+01;6.1806239e-02;5.7500000e+01;1.4133874e-01;5.7500000e+01;2.2818133e-01;5.7500000e+01;2.7790135e-01;5.7500000e+01;2.9042447e-01;5.7500000e+01;3.2231328e-01;5.7500000e+01;2.8846055e-01;5.7500000e+01;2.3597839e-01;5.7500000e+01;1.8676007e-01;5.7500000e+01;1.4040786e-01;5.7500000e+01;9.4661020e-02;5.7500000e+01;4.9085051e-02;5.7500000e+01;7.2316155e-03;5.7500000e+01;-4.1063078e-02;5.7500000e+01;-8.3185367e-02;5.7500000e+01;-1.2615083e-01;5.7500000e+01;-5.0990567e-02;5.7500000e+01;-7.2521558e-03;5.7500000e+01;6.1806239e-02;5.7500000e+01;1.4133874e-01;5.7500000e+01;2.2818133e-01;5.7500000e+01;2.7790135e-01;5.7500000e+01;2.9042447e-01;5.7500000e+01;3.2231328e-01;5.7500000e+01;2.8846055e-01;5.7500000e+01;2.3597839e-01;5.7500000e+01;1.8676007e-01;5.7500000e+01;1.4040786e-01;5.7500000e+01;9.4661020e-02;5.7500000e+01;4.9085051e-02;5.7500000e+01;7.2316155e-03;5.7500000e+01;-4.1063078e-02;5.7500000e+01;-8.3185367e-02;5.7500000e+01;-1.2615083e-01;5.7500000e+01;-5.0990567e-02;5.7500000e+01;-7.2521558e-03;5.7500000e+01;6.1806239e-02;5.7500000e+01;1.4133874e-01;5.7500000e+01;2.2818133e-01;5.7500000e+01;2.7790135e-01;5.7500000e+01;2.9042447e-01;5.7500000e+01;3.2231328e-01;5.7500000e+01;2.8846055e-01;5.7500000e+01;2.3597839e-01;5.7500000e+01;1.8676007e-01;5.7500000e+01;1.4040786e-01;5.7500000e+01;9.4661020e-02;5.7500000e+01;4.9085051e-02;5.7500000e+01;7.2316155e-03;5.7500000e+01;-4.1063078e-02;5.7500000e+01;-8.3185367e-02;5.7500000e+01;-1.2615083e-01;5.7500000e+01;-5.0990567e-02;5.7500000e+01;-7.2521558e-03;5.7500000e+01;6.1806239e-02;5.7500000e+01;1.4133874e-01;5.7500000e+01;2.2818133e-01;5.7500000e+01;2.7790135e-01;5.7500000e+01;2.9042447e-01;5.7500000e+01;3.2231328e-01;5.7500000e+01;2.8846055e-01;5.7500000e+01;2.3597839e-01;5.7500000e+01;1.8676007e-01;5.7500000e+01;1.4040786e-01;5.7500000e+01;9.4661020e-02;5.7500000e+01;4.9085051e-02;5.7500000e+01;7.2316155e-03;5.7500000e+01;-4.1063078e-02;5.7500000e+01;-8.3185367e-02;5.7500000e+01;-1.2615083e-01;5.7500000e+01;-5.0990567e-02;5.7500000e+01;-7.2521558e-03;5.7500000e+01;6.1806239e-02;5.7500000e+01;1.4133874e-01;5.7500000e+01;2.2818133e-01;5.7500000e+01;2.7790135e-01;5.7500000e+01;2.9042447e-01;5.7500000e+01;3.2231328e-01;5.7500000e+01;2.8846055e-01;5.7500000e+01;2.3597839e-01;5.7500000e+01;1.8676007e-01;5.7500000e+01;1.4040786e-01;5.7500000e+01;9.4661020e-02;5.7500000e+01;4.9085051e-02;5.7500000e+01;7.2316155e-03;5.7500000e+01;-4.1063078e-02;5.7500000e+01;-8.3185367e-02;5.7500000e+01;-1.2615083e-01;5.7500000e+01;-5.0990567e-02;5.7500000e+01;-7.2521558e-03;5.7500000e+01;6.1806239e-02;5.7500000e+01;1.4133874e-01;5.7500000e+01;2.2818133e-01;5.7500000e+01;2.7790135e-01;5.7500000e+01;2.9042447e-01;5.7500000e+01;3.2231328e-01;5.7500000e+01;2.8846055e-01;5.7500000e+01;2.3597839e-01;5.7500000e+01;1.8676007e-01;5.7500000e+01;1.4040786e-01;5.7500000e+01;9.4661020e-02;5.7500000e+01;4.9085051e-02;5.7500000e+01;7.2316155e-03;5.7500000e+01;-4.1063078e-02;5.7500000e+01;-8.3185367e-02;5.7500000e+01;-1.2615083e-01;5.7500000e+01;-5.0990567e-02;5.7500000e+01;-7.2521558e-03;5.7500000e+01;6.1806239e-02;5.7500000e+01;1.4133874e-01;5.7500000e+01;2.2818133e-01;5.7500000e+01;2.7790135e-01;5.7500000e+01;2.9042447e-01;5.7500000e+01;3.2231328e-01;5.7500000e+01;2.8846055e-01;5.7500000e+01;2.3597839e-01;5.7500000e+01;1.8676007e-01;5.7500000e+01;1.4040786e-01;5.7500000e+01;9.4661020e-02;5.7500000e+01;4.9085051e-02;5.7500000e+01;7.2316155e-03;5.7500000e+01;-4.1063078e-02;5.7500000e+01;-8.3185367e-02;5.7500000e+01;-1.2615083e-01;5.7500000e+01;-5.0990567e-02;5.7500000e+01;-7.2521558e-03;5.7500000e+01;6.1806239e-02;5.7500000e+01;1.4133874e-01;5.7500000e+01;2.2818133e-01;5.7500000e+01;2.7790135e-01;5.7500000e+01;2.9042447e-01;5.7500000e+01;3.2231328e-01;5.7500000e+01;2.8846055e-01;5.7500000e+01;2.3597839e-01;5.7500000e+01;1.8676007e-01;5.7500000e+01;1.4040786e-01;5.7500000e+01;9.4661020e-02;5.7500000e+01;4.9085051e-02;5.7500000e+01;7.2316155e-03;5.7500000e+01;-4.1063078e-02;5.7500000e+01;-8.3185367e-02;5.7500000e+01;-1.2615083e-01;5.7500000e+01;-5.0990567e-02;5.7500000e+01;-7.2521558e-03;5.7500000e+01;6.1806239e-02;5.7500000e+01;1.4133874e-01;5.7500000e+01;2.2818133e-01;5.7500000e+01;2.7790135e-01;5.7500000e+01;2.9042447e-01;5.7500000e+01;3.2231328e-01;5.7500000e+01;2.8846055e-01;5.7500000e+01;2.3597839e-01;5.7500000e+01;1.8676007e-01;5.7500000e+01;1.4040786e-01;5.7500000e+01;9.4661020e-02;5.7500000e+01;4.9085051e-02;5.7500000e+01;7.2316155e-03;5.7500000e+01;-4.1063078e-02;5.7500000e+01;-8.3185367e-02;5.7500000e+01;-1.2615083e-01;5.7500000e+01;-5.0990567e-02;5.7500000e+01;-7.2521558e-03;5.7500000e+01;6.1806239e-02;5.7500000e+01;1.4133874e-01;5.7500000e+01;2.2818133e-01;5.7500000e+01;2.7790135e-01;5.7500000e+01;2.9042447e-01;5.7500000e+01;3.2231328e-01;5.7500000e+01;2.8846055e-01;5.7500000e+01;2.3597839e-01;5.7500000e+01;1.8676007e-01;5.7500000e+01;1.4040786e-01;5.7500000e+01;9.4661020e-02;5.7500000e+01;4.9085051e-02;5.7500000e+01;7.2316155e-03;5.7500000e+01;-4.1063078e-02;5.7500000e+01;-8.3185367e-02;5.7500000e+01;-1.2615083e-01;5.7500000e+01;-5.0990567e-02;5.7500000e+01;-7.2521558e-03;5.7500000e+01;6.1806239e-02;5.7500000e+01;1.4133874e-01;5.7500000e+01;2.2818133e-01;5.7500000e+01;2.7790135e-01;5.7500000e+01;2.9042447e-01;5.7500000e+01;3.2231328e-01;5.7500000e+01;2.8846055e-01;5.7500000e+01;2.3597839e-01;5.7500000e+01;1.8676007e-01;5.7500000e+01;1.4040786e-01;5.7500000e+01;9.4661020e-02;5.7500000e+01;4.9085051e-02;5.7500000e+01;7.2316155e-03;5.7500000e+01;-4.1063078e-02;5.7500000e+01;-8.3185367e-02;5.7500000e+01;-1.2615083e-01;5.7500000e+01;-5.0990567e-02;5.7500000e+01;-7.2521558e-03;5.7500000e+01;6.1806239e-02;5.7500000e+01;1.4133874e-01;5.7500000e+01;2.2818133e-01;5.7500000e+01;2.7790135e-01;5.7500000e+01;2.9042447e-01;5.7500000e+01;3.2231328e-01;5.7500000e+01;2.8846055e-01;5.7500000e+01;2.3597839e-01;5.7500000e+01;1.8676007e-01;5.7500000e+01;1.4040786e-01;5.7500000e+01;9.4661020e-02;5.7500000e+01;4.9085051e-02;5.7500000e+01;7.2316155e-03;5.7500000e+01;-4.1063078e-02;5.7500000e+01;-8.3185367e-02;5.7500000e+01;-1.2615083e-01;5.7500000e+01;-5.0990567e-02;5.7500000e+01;-7.2521558e-03;5.7500000e+01;6.1806239e-02;5.7500000e+01;1.4133874e-01;5.7500000e+01;2.2818133e-01;5.7500000e+01;2.7790135e-01;5.7500000e+01;2.9042447e-01;5.7500000e+01;3.2231328e-01;5.7500000e+01;2.8846055e-01;5.7500000e+01;2.3597839e-01;5.7500000e+01;1.8676007e-01;5.7500000e+01;1.4040786e-01;5.7500000e+01;9.4661020e-02;5.7500000e+01;4.9085051e-02;5.7500000e+01;7.2316155e-03;5.7500000e+01;-4.1063078e-02;5.7500000e+01;-8.3185367e-02;5.7500000e+01;-1.2615083e-01;5.7500000e+01;-5.0990567e-02;5.7500000e+01;-7.2521558e-03;5.7500000e+01;6.1806239e-02;5.7500000e+01;1.4133874e-01;5.7500000e+01;2.2818133e-01;5.7500000e+01;2.7790135e-01;5.7500000e+01;2.9042447e-01;5.7500000e+01;3.2231328e-01;5.7500000e+01;2.8846055e-01;5.7500000e+01;2.3597839e-01;5.7500000e+01;1.8676007e-01;5.7500000e+01;1.4040786e-01;5.7500000e+01;9.4661020e-02;5.7500000e+01;4.9085051e-02;5.7500000e+01;7.2316155e-03;5.7500000e+01;-4.1063078e-02;5.7500000e+01;-8.3185367e-02;5.7500000e+01;-1.2615083e-01;5.7500000e+01;-5.0990567e-02;5.7500000e+01;-7.2521558e-03;5.7500000e+01;6.1806239e-02;5.7500000e+01;1.4133874e-01;5.7500000e+01;2.2818133e-01;5.7500000e+01;2.7790135e-01;5.7500000e+01;2.9042447e-01;5.7500000e+01;3.2231328e-01;5.7500000e+01;2.8846055e-01;5.7500000e+01;2.3597839e-01;5.7500000e+01;1.8676007e-01;5.7500000e+01;1.4040786e-01;5.7500000e+01;9.4661020e-02;5.7500000e+01;4.9085051e-02;5.7500000e+01;7.2316155e-03;5.7500000e+01;-4.1063078e-02;5.7500000e+01;-8.3185367e-02;5.7500000e+01;-1.2615083e-01;5.7500000e+01;-5.0990567e-02;5.7500000e+01;-7.2521558e-03;5.7500000e+01;6.1806239e-02;5.7500000e+01;1.4133874e-01;5.7500000e+01;2.2818133e-01;5.7500000e+01;2.7790135e-01;5.7500000e+01;2.9042447e-01;5.7500000e+01;3.2231328e-01;5.7500000e+01;2.8846055e-01;5.7500000e+01;2.3597839e-01;5.7500000e+01;1.8676007e-01;5.7500000e+01;1.4040786e-01;5.7500000e+01;9.4661020e-02;5.7500000e+01;4.9085051e-02;5.7500000e+01;7.2316155e-03;5.7500000e+01;-4.1063078e-02;5.7500000e+01;-8.3185367e-02;5.7500000e+01;-1.2615083e-01;5.7500000e+01;-5.0990567e-02;5.7500000e+01;-7.2521558e-03;5.7500000e+01;6.1806239e-02;5.7500000e+01;1.4133874e-01;5.7500000e+01;2.2818133e-01;5.7500000e+01;2.7790135e-01;5.7500000e+01;2.9042447e-01;5.7500000e+01;3.2231328e-01;5.7500000e+01;2.8846055e-01;5.7500000e+01;2.3597839e-01;5.7500000e+01;1.8676007e-01;5.7500000e+01;1.4040786e-01;5.7500000e+01;9.4661020e-02;5.7500000e+01;4.9085051e-02;5.7500000e+01;7.2316155e-03;5.7500000e+01;-4.1063078e-02;5.7500000e+01;-8.3185367e-02;5.7500000e+01;-1.2615083e-01;5.7500000e+01;-5.0990567e-02;5.7500000e+01;-7.2521558e-03;5.7500000e+01;6.1806239e-02;5.7500000e+01;1.4133874e-01;5.7500000e+01;2.2818133e-01;5.7500000e+01;2.7790135e-01;5.7500000e+01;2.9042447e-01;5.7500000e+01;3.2231328e-01;5.7500000e+01;2.8846055e-01;5.7500000e+01;2.3597839e-01;5.7500000e+01;1.8676007e-01;5.7500000e+01;1.4040786e-01;5.7500000e+01;9.4661020e-02;5.7500000e+01;4.9085051e-02;5.7500000e+01;7.2316155e-03;5.7500000e+01;-4.1063078e-02;5.7500000e+01;-8.3185367e-02;5.7500000e+01;-1.2615083e-01;5.7500000e+01;-5.0990567e-02;5.7500000e+01;-7.2521558e-03;5.7500000e+01;6.1806239e-02;5.7500000e+01;1.4133874e-01;5.7500000e+01;2.2818133e-01;5.7500000e+01;2.7790135e-01;5.7500000e+01;2.9042447e-01;5.7500000e+01;3.2231328e-01;5.7500000e+01;2.8846055e-01;5.7500000e+01;2.3597839e-01;5.7500000e+01;1.8676007e-01;5.7500000e+01;1.4040786e-01;5.7500000e+01;9.4661020e-02;5.7500000e+01;4.9085051e-02;5.7500000e+01;7.2316155e-03;5.7500000e+01;-4.1063078e-02;5.7500000e+01;-8.3185367e-02;5.7500000e+01;-1.2615083e-01;5.7500000e+01;-5.0990567e-02;5.7500000e+01;-7.2521558e-03;5.7500000e+01;6.1806239e-02;5.7500000e+01;1.4133874e-01;5.7500000e+01;2.2818133e-01;5.7500000e+01;2.7790135e-01;5.7500000e+01;2.9042447e-01;5.7500000e+01;3.2231328e-01;5.7500000e+01;2.8846055e-01;5.7500000e+01;2.3597839e-01;5.7500000e+01;1.8676007e-01;5.7500000e+01;1.4040786e-01;5.7500000e+01;9.4661020e-02;5.7500000e+01;4.9085051e-02;5.7500000e+01;7.2316155e-03;5.7500000e+01;-4.1063078e-02;5.7500000e+01;-8.3185367e-02;5.7500000e+01;-1.2615083e-01;5.7500000e+01;-5.0990567e-02;5.7500000e+01;-7.2521558e-03;5.7500000e+01;6.1806239e-02;5.7500000e+01;1.4133874e-01;5.7500000e+01;2.2818133e-01;5.7500000e+01;2.7790135e-01;5.7500000e+01;2.9042447e-01;5.7500000e+01;3.2231328e-01;5.7500000e+01;2.8846055e-01;5.7500000e+01;2.3597839e-01;5.7500000e+01;1.8676007e-01;5.7500000e+01;1.4040786e-01;5.7500000e+01;9.4661020e-02;5.7500000e+01;4.9085051e-02;5.7500000e+01;7.2316155e-03;5.7500000e+01;-4.1063078e-02;5.7500000e+01;-8.3185367e-02;5.7500000e+01;-1.2615083e-01;5.7500000e+01;-5.0990567e-02;5.7500000e+01;-7.2521558e-03;5.7500000e+01;6.1806239e-02;5.7500000e+01;1.4133874e-01;5.7500000e+01;2.2818133e-01;5.7500000e+01;2.7790135e-01;5.7500000e+01;2.9042447e-01;5.7500000e+01;3.2231328e-01;5.7500000e+01;2.8846055e-01;5.7500000e+01;2.3597839e-01;5.7500000e+01;1.8676007e-01;5.7500000e+01;1.4040786e-01;5.7500000e+01;9.4661020e-02;5.7500000e+01;4.9085051e-02;5.7500000e+01;7.2316155e-03;5.7500000e+01;-4.1063078e-02;5.7500000e+01;-8.3185367e-02;5.7500000e+01;-1.2615083e-01;5.7500000e+01;-5.0990567e-02;5.7500000e+01;-7.2521558e-03;5.7500000e+01;6.1806239e-02;5.7500000e+01;1.4133874e-01;5.7500000e+01;2.2818133e-01;5.7500000e+01;2.7790135e-01;5.7500000e+01;2.9042447e-01;5.7500000e+01;3.2231328e-01;5.7500000e+01;2.8846055e-01;5.7500000e+01;2.3597839e-01;5.7500000e+01;1.8676007e-01;5.7500000e+01;1.4040786e-01;5.7500000e+01;9.4661020e-02;5.7500000e+01;4.9085051e-02;5.7500000e+01;7.2316155e-03;5.7500000e+01;-4.1063078e-02;5.7500000e+01;-8.3185367e-02;5.7500000e+01;-1.2615083e-01;5.7500000e+01;-5.0990567e-02;5.7500000e+01;-7.2521558e-03;5.7500000e+01;6.1806239e-02;5.7500000e+01;1.4133874e-01;5.7500000e+01;2.2818133e-01;5.7500000e+01;2.7790135e-01;5.7500000e+01;2.9042447e-01;5.7500000e+01;3.2231328e-01;5.7500000e+01;2.8846055e-01;5.7500000e+01;2.3597839e-01;5.7500000e+01;1.8676007e-01;5.7500000e+01;1.4040786e-01;5.7500000e+01;9.4661020e-02;5.7500000e+01;4.9085051e-02;5.7500000e+01;7.2316155e-03;5.7500000e+01;-4.1063078e-02;5.7500000e+01;-8.3185367e-02;5.7500000e+01;-1.2615083e-01;5.7500000e+01;-5.0990567e-02;5.7500000e+01;-7.2521558e-03;5.7500000e+01;6.1806239e-02;5.7500000e+01;1.4133874e-01;5.7500000e+01;2.2818133e-01;5.7500000e+01;2.7790135e-01;5.7500000e+01;2.9042447e-01;5.7500000e+01;3.2231328e-01;5.7500000e+01;2.8846055e-01;5.7500000e+01;2.3597839e-01;5.7500000e+01;1.8676007e-01;5.7500000e+01;1.4040786e-01;5.7500000e+01;9.4661020e-02;5.7500000e+01;4.9085051e-02;5.7500000e+01;7.2316155e-03;5.7500000e+01;-4.1063078e-02;5.7500000e+01;-8.3185367e-02;5.7500000e+01;-1.2615083e-01;5.7500000e+01;-5.0990567e-02;5.7500000e+01;-7.2521558e-03;5.7500000e+01;6.1806239e-02;5.7500000e+01;1.4133874e-01;5.7500000e+01;2.2818133e-01;5.7500000e+01;2.7790135e-01;5.7500000e+01;2.9042447e-01;5.7500000e+01;3.2231328e-01;5.7500000e+01;2.8846055e-01;5.7500000e+01;2.3597839e-01;5.7500000e+01;1.8676007e-01;5.7500000e+01;1.4040786e-01;5.7500000e+01;9.4661020e-02;5.7500000e+01;4.9085051e-02;5.7500000e+01;7.2316155e-03;5.7500000e+01;-4.1063078e-02;5.7500000e+01;-8.3185367e-02;5.7500000e+01;-1.2615083e-01;5.7500000e+01;-5.0990567e-02;5.7500000e+01;-7.2521558e-03;5.7500000e+01;6.1806239e-02;5.7500000e+01;1.4133874e-01;5.7500000e+01;2.2818133e-01;5.7500000e+01;2.7790135e-01;5.7500000e+01;2.9042447e-01;5.7500000e+01;3.2231328e-01;5.7500000e+01;2.8846055e-01;5.7500000e+01;2.3597839e-01;5.7500000e+01;1.8676007e-01;5.7500000e+01;1.4040786e-01;5.7500000e+01;9.4661020e-02;5.7500000e+01;4.9085051e-02;5.7500000e+01;7.2316155e-03;5.7500000e+01;-4.1063078e-02;5.7500000e+01;-8.3185367e-02;5.7500000e+01;-1.2615083e-01;5.7500000e+01;-5.0990567e-02;5.7500000e+01;-7.2521558e-03;5.7500000e+01;6.1806239e-02;5.7500000e+01;1.4133874e-01;5.7500000e+01;2.2818133e-01;5.7500000e+01;2.7790135e-01;5.7500000e+01;2.9042447e-01;5.7500000e+01;3.2231328e-01;5.7500000e+01;2.8846055e-01;5.7500000e+01;2.3597839e-01;5.7500000e+01;1.8676007e-01;5.7500000e+01;1.4040786e-01;5.7500000e+01;9.4661020e-02;5.7500000e+01;4.9085051e-02;5.7500000e+01;7.2316155e-03;5.7500000e+01;-4.1063078e-02;5.7500000e+01;-8.3185367e-02;5.7500000e+01;-1.2615083e-01;5.7500000e+01;-5.0990567e-02;5.7500000e+01;-7.2521558e-03;5.7500000e+01;6.1806239e-02;5.7500000e+01;1.4133874e-01;5.7500000e+01;2.2818133e-01;5.7500000e+01;2.7790135e-01;5.7500000e+01;2.9042447e-01;5.7500000e+01;3.2231328e-01;5.7500000e+01;2.8846055e-01;5.7500000e+01;2.3597839e-01;5.7500000e+01;1.8676007e-01;5.7500000e+01;1.4040786e-01;5.7500000e+01;9.4661020e-02;5.7500000e+01;4.9085051e-02;5.7500000e+01;7.2316155e-03;5.7500000e+01;-4.1063078e-02;5.7500000e+01;-8.3185367e-02;5.7500000e+01;-1.2615083e-01;5.7500000e+01;-5.0990567e-02;5.7500000e+01;-7.2521558e-03;5.7500000e+01;6.1806239e-02;5.7500000e+01;1.4133874e-01;5.7500000e+01;2.2818133e-01;5.7500000e+01;2.7790135e-01;5.7500000e+01;2.9042447e-01;5.7500000e+01;3.2231328e-01;5.7500000e+01;2.8846055e-01;5.7500000e+01;2.3597839e-01;5.7500000e+01;1.8676007e-01;5.7500000e+01;1.4040786e-01;5.7500000e+01;9.4661020e-02;5.7500000e+01;4.9085051e-02;5.7500000e+01;7.2316155e-03;5.7500000e+01;-4.1063078e-02;5.7500000e+01;-8.3185367e-02;5.7500000e+01;-1.2615083e-01;5.7500000e+01;-5.0990567e-02;5.7500000e+01;-7.2521558e-03;5.7500000e+01;6.1806239e-02;5.7500000e+01;1.4133874e-01;5.7500000e+01;2.2818133e-01;5.7500000e+01;2.7790135e-01;5.7500000e+01;2.9042447e-01;5.7500000e+01;3.2231328e-01;5.7500000e+01;2.8846055e-01;5.7500000e+01;2.3597839e-01;5.7500000e+01;1.8676007e-01;5.7500000e+01;1.4040786e-01;5.7500000e+01;9.4661020e-02;5.7500000e+01;4.9085051e-02;5.7500000e+01;7.2316155e-03;5.7500000e+01;-4.1063078e-02;5.7500000e+01;-8.3185367e-02;5.7500000e+01;-1.2615083e-01;5.7500000e+01;-5.0990567e-02;5.7500000e+01;-7.2521558e-03;5.7500000e+01;6.1806239e-02;5.7500000e+01;1.4133874e-01;5.7500000e+01;2.2818133e-01;5.7500000e+01;2.7790135e-01;5.7500000e+01;2.9042447e-01;5.7500000e+01;3.2231328e-01;5.7500000e+01;2.8846055e-01;5.7500000e+01;2.3597839e-01;5.7500000e+01;1.8676007e-01;5.7500000e+01;1.4040786e-01;5.7500000e+01;9.4661020e-02;5.7500000e+01;4.9085051e-02;5.7500000e+01;7.2316155e-03;5.7500000e+01;-4.1063078e-02;5.7500000e+01;-8.3185367e-02;5.7500000e+01;-1.2615083e-01;5.7500000e+01;-5.0990567e-02;5.7500000e+01;-7.2521558e-03;5.7500000e+01;6.1806239e-02;5.7500000e+01;1.4133874e-01;5.7500000e+01;2.2818133e-01;5.7500000e+01;2.7790135e-01;5.7500000e+01;2.9042447e-01;5.7500000e+01;3.2231328e-01;5.7500000e+01;2.8846055e-01;5.7500000e+01;2.3597839e-01;5.7500000e+01;1.8676007e-01;5.7500000e+01;1.4040786e-01;5.7500000e+01;9.4661020e-02;5.7500000e+01;4.9085051e-02;5.7500000e+01;7.2316155e-03;5.7500000e+01;-4.1063078e-02;5.7500000e+01;-8.3185367e-02;5.7500000e+01;-1.2615083e-01;5.7500000e+01;-5.0990567e-02;5.7500000e+01;-7.2521558e-03;5.7500000e+01;6.1806239e-02;5.7500000e+01;1.4133874e-01;5.7500000e+01;2.2818133e-01;5.7500000e+01;2.7790135e-01;5.7500000e+01;2.9042447e-01;5.7500000e+01;3.2231328e-01;5.7500000e+01;2.8846055e-01;5.7500000e+01;2.3597839e-01;5.7500000e+01;1.8676007e-01;5.7500000e+01;1.4040786e-01;5.7500000e+01;9.4661020e-02;5.7500000e+01;4.9085051e-02;5.7500000e+01;7.2316155e-03;5.7500000e+01;-4.1063078e-02;5.7500000e+01;-8.3185367e-02;5.7500000e+01;-1.2615083e-01;5.7500000e+01;-5.0990567e-02;5.7500000e+01;-7.2521558e-03;5.7500000e+01;6.1806239e-02;5.7500000e+01;1.4133874e-01;5.7500000e+01;2.2818133e-01;5.7500000e+01;2.7790135e-01;5.7500000e+01;2.9042447e-01;5.7500000e+01;3.2231328e-01;5.7500000e+01;2.8846055e-01;5.7500000e+01;2.3597839e-01;5.7500000e+01;1.8676007e-01;5.7500000e+01;1.4040786e-01;5.7500000e+01;9.4661020e-02;5.7500000e+01;4.9085051e-02;5.7500000e+01;7.2316155e-03;5.7500000e+01;-4.1063078e-02;5.7500000e+01;-8.3185367e-02;5.7500000e+01;-1.2615083e-01;5.7500000e+01;-5.0990567e-02;5.7500000e+01;-7.2521558e-03;5.7500000e+01;6.1806239e-02;5.7500000e+01;1.4133874e-01;5.7500000e+01;2.2818133e-01;5.7500000e+01;2.7790135e-01;5.7500000e+01;2.9042447e-01;5.7500000e+01;3.2231328e-01;5.7500000e+01;2.8846055e-01;5.7500000e+01;2.3597839e-01;5.7500000e+01;1.8676007e-01;5.7500000e+01;1.4040786e-01;5.7500000e+01;9.4661020e-02;5.7500000e+01;4.9085051e-02;5.7500000e+01;7.2316155e-03;5.7500000e+01;-4.1063078e-02;5.7500000e+01;-8.3185367e-02;5.7500000e+01;-1.2615083e-01;5.7500000e+01;-5.0990567e-02;5.7500000e+01;-7.2521558e-03;5.7500000e+01;6.1806239e-02;5.7500000e+01;1.4133874e-01;5.7500000e+01;2.2818133e-01;5.7500000e+01;2.7790135e-01;5.7500000e+01;2.9042447e-01;5.7500000e+01;3.2231328e-01;5.7500000e+01;2.8846055e-01;5.7500000e+01;2.3597839e-01;5.7500000e+01;1.8676007e-01;5.7500000e+01;1.4040786e-01;5.7500000e+01;9.4661020e-02;5.7500000e+01;4.9085051e-02;5.7500000e+01;7.2316155e-03;5.7500000e+01;-4.1063078e-02;5.7500000e+01;-8.3185367e-02;5.7500000e+01;-1.2615083e-01;5.7500000e+01;-5.0990567e-02;5.7500000e+01;-7.2521558e-03;5.7500000e+01;6.1806239e-02;5.7500000e+01;1.4133874e-01;5.7500000e+01;2.2818133e-01;5.7500000e+01;2.7790135e-01;5.7500000e+01;2.9042447e-01;5.7500000e+01;3.2231328e-01;5.7500000e+01;2.8846055e-01;5.7500000e+01;2.3597839e-01;5.7500000e+01;1.8676007e-01;5.7500000e+01;1.4040786e-01;5.7500000e+01;9.4661020e-02;5.7500000e+01;4.9085051e-02;5.7500000e+01;7.2316155e-03;5.7500000e+01;-4.1063078e-02;5.7500000e+01;-8.3185367e-02;5.7500000e+01;-1.2615083e-01;5.7500000e+01;-5.0990567e-02;5.7500000e+01;-7.2521558e-03;5.7500000e+01;6.1806239e-02;5.7500000e+01;1.4133874e-01;5.7500000e+01;2.2818133e-01;5.7500000e+01;2.7790135e-01;5.7500000e+01;2.9042447e-01;5.7500000e+01;3.2231328e-01;5.7500000e+01;2.8846055e-01;5.7500000e+01;2.3597839e-01;5.7500000e+01;1.8676007e-01;5.7500000e+01;1.4040786e-01;5.7500000e+01;9.4661020e-02;5.7500000e+01;4.9085051e-02;5.7500000e+01;7.2316155e-03;5.7500000e+01;-4.1063078e-02;5.7500000e+01;-8.3185367e-02;5.7500000e+01;-1.2615083e-01;5.7500000e+01;-5.0990567e-02;5.7500000e+01;-7.2521558e-03;5.7500000e+01;6.1806239e-02;5.7500000e+01;1.4133874e-01;5.7500000e+01;2.2818133e-01;5.7500000e+01;2.7790135e-01;5.7500000e+01;2.9042447e-01;5.7500000e+01;3.2231328e-01;5.7500000e+01;2.8846055e-01;5.7500000e+01;2.3597839e-01;5.7500000e+01;1.8676007e-01;5.7500000e+01;1.4040786e-01;5.7500000e+01;9.4661020e-02;5.7500000e+01;4.9085051e-02;5.7500000e+01;7.2316155e-03;5.7500000e+01;-4.1063078e-02;5.7500000e+01;-8.3185367e-02;5.7500000e+01;-1.2615083e-01;5.7500000e+01;-5.0990567e-02;5.7500000e+01;-7.2521558e-03;5.7500000e+01;6.1806239e-02;5.7500000e+01;1.4133874e-01;5.7500000e+01;2.2818133e-01;5.7500000e+01;2.7790135e-01;5.7500000e+01;2.9042447e-01;5.7500000e+01;3.2231328e-01;5.7500000e+01;2.8846055e-01;5.7500000e+01;2.3597839e-01;5.7500000e+01;1.8676007e-01;5.7500000e+01;1.4040786e-01;5.7500000e+01;9.4661020e-02;5.7500000e+01;4.9085051e-02;5.7500000e+01;7.2316155e-03;5.7500000e+01;-4.1063078e-02;5.7500000e+01;-8.3185367e-02;5.7500000e+01;-1.2615083e-01;5.7500000e+01;-5.0990567e-02;5.7500000e+01;-7.2521558e-03;5.7500000e+01;6.1806239e-02;5.7500000e+01;1.4133874e-01;5.7500000e+01;2.2818133e-01;5.7500000e+01;2.7790135e-01;5.7500000e+01;2.9042447e-01;5.7500000e+01;3.2231328e-01;5.7500000e+01;2.8846055e-01;5.7500000e+01;2.3597839e-01;5.7500000e+01;1.8676007e-01;5.7500000e+01;1.4040786e-01;5.7500000e+01;9.4661020e-02;5.7500000e+01;4.9085051e-02;5.7500000e+01;7.2316155e-03;5.7500000e+01;-4.1063078e-02;5.7500000e+01;-8.3185367e-02;5.7500000e+01;-1.2615083e-01;5.7500000e+01;-5.0990567e-02;5.7500000e+01;-7.2521558e-03;5.7500000e+01;6.1806239e-02;5.7500000e+01;1.4133874e-01;5.7500000e+01;2.2818133e-01;5.7500000e+01;2.7790135e-01;5.7500000e+01;2.9042447e-01;5.7500000e+01;3.2231328e-01;5.7500000e+01;2.8846055e-01;5.7500000e+01;2.3597839e-01;5.7500000e+01;1.8676007e-01;5.7500000e+01;1.4040786e-01;5.7500000e+01;9.4661020e-02;5.7500000e+01;4.9085051e-02;5.7500000e+01;7.2316155e-03;5.7500000e+01;-4.1063078e-02;5.7500000e+01;-8.3185367e-02;5.7500000e+01;-1.2615083e-01;5.7500000e+01;-5.0990567e-02;5.7500000e+01;-7.2521558e-03;5.7500000e+01;6.1806239e-02;5.7500000e+01;1.4133874e-01;5.7500000e+01;2.2818133e-01;5.7500000e+01;2.7790135e-01;5.7500000e+01;2.9042447e-01;5.7500000e+01;3.2231328e-01;5.7500000e+01;2.8846055e-01;5.7500000e+01;2.3597839e-01;5.7500000e+01;1.8676007e-01;5.7500000e+01;1.4040786e-01;5.7500000e+01;9.4661020e-02;5.7500000e+01;4.9085051e-02;5.7500000e+01;7.2316155e-03;5.7500000e+01;-4.1063078e-02;5.7500000e+01;-8.3185367e-02;5.7500000e+01;-1.2615083e-01;5.7500000e+01;-5.0990567e-02;5.7500000e+01;-7.2521558e-03;5.7500000e+01;6.1806239e-02;5.7500000e+01;1.4133874e-01;5.7500000e+01;2.2818133e-01;5.7500000e+01;2.7790135e-01;5.7500000e+01;2.9042447e-01;5.7500000e+01;3.2231328e-01;5.7500000e+01;2.8846055e-01;5.7500000e+01;2.3597839e-01;5.7500000e+01;1.8676007e-01;5.7500000e+01;1.4040786e-01;5.7500000e+01;9.4661020e-02;5.7500000e+01;4.9085051e-02;5.7500000e+01;7.2316155e-03;5.7500000e+01;-4.1063078e-02;5.7500000e+01;-8.3185367e-02;5.7500000e+01;-1.2615083e-01;5.7500000e+01;-5.0990567e-02;5.7500000e+01;-7.2521558e-03;5.7500000e+01;6.1806239e-02;5.7500000e+01;1.4133874e-01;5.7500000e+01;2.2818133e-01;5.7500000e+01;2.7790135e-01;5.7500000e+01;2.9042447e-01;5.7500000e+01;3.2231328e-01;5.7500000e+01;2.8846055e-01;5.7500000e+01;2.3597839e-01;5.7500000e+01;1.8676007e-01;5.7500000e+01;1.4040786e-01;5.7500000e+01;9.4661020e-02;5.7500000e+01;4.9085051e-02;5.7500000e+01;7.2316155e-03;5.7500000e+01;-4.1063078e-02;5.7500000e+01;-8.3185367e-02;5.7500000e+01;-1.2615083e-01;5.7500000e+01;-5.0990567e-02;5.7500000e+01;-7.2521558e-03;5.7500000e+01;6.1806239e-02;5.7500000e+01;1.4133874e-01;5.7500000e+01;2.2818133e-01;5.7500000e+01;2.7790135e-01;5.7500000e+01;2.9042447e-01;5.7500000e+01;3.2231328e-01;5.7500000e+01;2.8846055e-01;5.7500000e+01;2.3597839e-01;5.7500000e+01;1.8676007e-01;5.7500000e+01;1.4040786e-01;5.7500000e+01;9.4661020e-02;5.7500000e+01;4.9085051e-02;5.7500000e+01;7.2316155e-03;5.7500000e+01;-4.1063078e-02;5.7500000e+01;-8.3185367e-02;5.7500000e+01;-1.2615083e-01;5.7500000e+01;-5.0990567e-02;5.7500000e+01;-7.2521558e-03;5.7500000e+01;6.1806239e-02;5.7500000e+01;1.4133874e-01;5.7500000e+01;2.2818133e-01;5.7500000e+01;2.7790135e-01;5.7500000e+01;2.9042447e-01;5.7500000e+01;3.2231328e-01;5.7500000e+01;2.8846055e-01;5.7500000e+01;2.3597839e-01;5.7500000e+01;1.8676007e-01;5.7500000e+01;1.4040786e-01;5.7500000e+01;9.4661020e-02;5.7500000e+01;4.9085051e-02;5.7500000e+01;7.2316155e-03;5.7500000e+01;-4.1063078e-02;5.7500000e+01;-8.3185367e-02;5.7500000e+01;-1.2615083e-01;5.7500000e+01;-5.0990567e-02;5.7500000e+01;-7.2521558e-03;5.7500000e+01;6.1806239e-02;5.7500000e+01;1.4133874e-01;5.7500000e+01;2.2818133e-01;5.7500000e+01;2.7790135e-01;5.7500000e+01;2.9042447e-01;5.7500000e+01;3.2231328e-01;5.7500000e+01;2.8846055e-01;5.7500000e+01;2.3597839e-01;5.7500000e+01;1.8676007e-01;5.7500000e+01;1.4040786e-01;5.7500000e+01;9.4661020e-02;5.7500000e+01;4.9085051e-02;5.7500000e+01;7.2316155e-03;5.7500000e+01;-4.1063078e-02;5.7500000e+01;-8.3185367e-02;5.7500000e+01;-1.2615083e-01;5.7500000e+01;-5.0990567e-02;5.7500000e+01;-7.2521558e-03;5.7500000e+01;6.1806239e-02;5.7500000e+01;1.4133874e-01;5.7500000e+01;2.2818133e-01;5.7500000e+01;2.7790135e-01;5.7500000e+01;2.9042447e-01;5.7500000e+01;3.2231328e-01;5.7500000e+01;2.8846055e-01;5.7500000e+01;2.3597839e-01;5.7500000e+01;1.8676007e-01;5.7500000e+01;1.4040786e-01;5.7500000e+01;9.4661020e-02;5.7500000e+01;4.9085051e-02;5.7500000e+01;7.2316155e-03;5.7500000e+01;-4.1063078e-02;5.7500000e+01;-8.3185367e-02;5.7500000e+01;-1.2615083e-01;5.7500000e+01;-5.0990567e-02;5.7500000e+01;-7.2521558e-03;5.7500000e+01;6.1806239e-02;5.7500000e+01;1.4133874e-01;5.7500000e+01;2.2818133e-01;5.7500000e+01;2.7790135e-01;5.7500000e+01;2.9042447e-01;5.7500000e+01;3.2231328e-01;5.7500000e+01;2.8846055e-01;5.7500000e+01;2.3597839e-01;5.7500000e+01;1.8676007e-01;5.7500000e+01;1.4040786e-01;5.7500000e+01;9.4661020e-02;5.7500000e+01;4.9085051e-02;5.7500000e+01;7.2316155e-03;5.7500000e+01;-4.1063078e-02;5.7500000e+01;-8.3185367e-02;5.7500000e+01;-1.2615083e-01;5.7500000e+01;-5.0990567e-02;5.7500000e+01;-7.2521558e-03;5.7500000e+01;6.1806239e-02;5.7500000e+01;1.4133874e-01;5.7500000e+01;2.2818133e-01;5.7500000e+01;2.7790135e-01;5.7500000e+01;2.9042447e-01;5.7500000e+01;3.2231328e-01;5.7500000e+01;2.8846055e-01;5.7500000e+01;2.3597839e-01;5.7500000e+01;1.8676007e-01;5.7500000e+01;1.4040786e-01;5.7500000e+01;9.4661020e-02;5.7500000e+01;4.9085051e-02;5.7500000e+01;7.2316155e-03;5.7500000e+01;-4.1063078e-02;5.7500000e+01;-8.3185367e-02;5.7500000e+01;-1.2615083e-01;5.7500000e+01;-5.0990567e-02;5.7500000e+01;-7.2521558e-03;5.7500000e+01;6.1806239e-02;5.7500000e+01;1.4133874e-01;5.7500000e+01;2.2818133e-01;5.7500000e+01;2.7790135e-01;5.7500000e+01;2.9042447e-01;5.7500000e+01;3.2231328e-01;5.7500000e+01;2.8846055e-01;5.7500000e+01;2.3597839e-01;5.7500000e+01;1.8676007e-01;5.7500000e+01;1.4040786e-01;5.7500000e+01;9.4661020e-02;5.7500000e+01;4.9085051e-02;5.7500000e+01;7.2316155e-03;5.7500000e+01;-4.1063078e-02;5.7500000e+01;-8.3185367e-02;5.7500000e+01;-1.2615083e-01;5.7500000e+01;-5.0990567e-02;5.7500000e+01;-7.2521558e-03;5.7500000e+01;6.1806239e-02;5.7500000e+01;1.4133874e-01;5.7500000e+01;2.2818133e-01;5.7500000e+01;2.7790135e-01;5.7500000e+01;2.9042447e-01;5.7500000e+01;3.2231328e-01;5.7500000e+01;2.8846055e-01;5.7500000e+01;2.3597839e-01;5.7500000e+01;1.8676007e-01;5.7500000e+01;1.4040786e-01;5.7500000e+01;9.4661020e-02;5.7500000e+01;4.9085051e-02;5.7500000e+01;7.2316155e-03;5.7500000e+01;-4.1063078e-02;5.7500000e+01;-8.3185367e-02;5.7500000e+01;-1.2615083e-01;5.7500000e+01;-5.0990567e-02;5.7500000e+01;-7.2521558e-03;5.7500000e+01;6.1806239e-02;5.7500000e+01;1.4133874e-01;5.7500000e+01;2.2818133e-01;5.7500000e+01;2.7790135e-01;5.7500000e+01;2.9042447e-01;5.7500000e+01;3.2231328e-01;5.7500000e+01;2.8846055e-01;5.7500000e+01;2.3597839e-01;5.7500000e+01;1.8676007e-01;5.7500000e+01;1.4040786e-01;5.7500000e+01;9.4661020e-02;5.7500000e+01;4.9085051e-02;5.7500000e+01;7.2316155e-03;5.7500000e+01;-4.1063078e-02;5.7500000e+01;-8.3185367e-02;5.7500000e+01;-1.2615083e-01;5.7500000e+01;-5.0990567e-02;5.7500000e+01;-7.2521558e-03;5.7500000e+01;6.1806239e-02;5.7500000e+01;1.4133874e-01;5.7500000e+01;2.2818133e-01;5.7500000e+01;2.7790135e-01;5.7500000e+01;2.9042447e-01;5.7500000e+01;3.2231328e-01;5.7500000e+01;2.8846055e-01;5.7500000e+01;2.3597839e-01;5.7500000e+01;1.8676007e-01;5.7500000e+01;1.4040786e-01;5.7500000e+01;9.4661020e-02;5.7500000e+01;4.9085051e-02;5.7500000e+01;7.2316155e-03;5.7500000e+01;-4.1063078e-02;5.7500000e+01;-8.3185367e-02;5.7500000e+01;-1.2615083e-01;5.7500000e+01;-5.0990567e-02;5.7500000e+01;-7.2521558e-03;5.7500000e+01;6.1806239e-02;5.7500000e+01;1.4133874e-01;5.7500000e+01;2.2818133e-01;5.7500000e+01;2.7790135e-01;5.7500000e+01;2.9042447e-01;5.7500000e+01;3.2231328e-01;5.7500000e+01;2.8846055e-01;5.7500000e+01;2.3597839e-01;5.7500000e+01;1.8676007e-01;5.7500000e+01;1.4040786e-01;5.7500000e+01;9.4661020e-02;5.7500000e+01;4.9085051e-02;5.7500000e+01;7.2316155e-03;5.7500000e+01;-4.1063078e-02;5.7500000e+01;-8.3185367e-02;5.7500000e+01;-1.2615083e-01;5.7500000e+01;-5.0990567e-02;5.7500000e+01;-7.2521558e-03;5.7500000e+01;6.1806239e-02;5.7500000e+01;1.4133874e-01;5.7500000e+01;2.2818133e-01;5.7500000e+01;2.7790135e-01;5.7500000e+01;2.9042447e-01;5.7500000e+01;3.2231328e-01;5.7500000e+01;2.8846055e-01;5.7500000e+01;2.3597839e-01;5.7500000e+01;1.8676007e-01;5.7500000e+01;1.4040786e-01;5.7500000e+01;9.4661020e-02;5.7500000e+01;4.9085051e-02;5.7500000e+01;7.2316155e-03;5.7500000e+01;-4.1063078e-02;5.7500000e+01;-8.3185367e-02;5.7500000e+01;-1.2615083e-01;5.7500000e+01;-5.0990567e-02;5.7500000e+01;-7.2521558e-03;5.7500000e+01;6.1806239e-02;5.7500000e+01;1.4133874e-01;5.7500000e+01;2.2818133e-01;5.7500000e+01;2.7790135e-01;5.7500000e+01;2.9042447e-01;5.7500000e+01;3.2231328e-01;5.7500000e+01;2.8846055e-01;5.7500000e+01;2.3597839e-01;5.7500000e+01;1.8676007e-01;5.7500000e+01;1.4040786e-01;5.7500000e+01;9.4661020e-02;5.7500000e+01;4.9085051e-02;5.7500000e+01;7.2316155e-03;5.7500000e+01;-4.1063078e-02;5.7500000e+01;-8.3185367e-02;5.7500000e+01;-1.2615083e-01;5.7500000e+01;-5.0990567e-02;5.7500000e+01;-7.2521558e-03;5.7500000e+01;6.1806239e-02;5.7500000e+01;1.4133874e-01;5.7500000e+01;2.2818133e-01;5.7500000e+01;2.7790135e-01;5.7500000e+01;2.9042447e-01;5.7500000e+01;3.2231328e-01;5.7500000e+01;2.8846055e-01;5.7500000e+01;2.3597839e-01;5.7500000e+01;1.8676007e-01;5.7500000e+01;1.4040786e-01;5.7500000e+01;9.4661020e-02;5.7500000e+01;4.9085051e-02;5.7500000e+01;7.2316155e-03;5.7500000e+01;-4.1063078e-02;5.7500000e+01;-8.3185367e-02;5.7500000e+01;-1.2615083e-01;5.7500000e+01;-5.0990567e-02;5.7500000e+01;-7.2521558e-03;5.7500000e+01;6.1806239e-02;5.7500000e+01;1.4133874e-01;5.7500000e+01;2.2818133e-01;5.7500000e+01;2.7790135e-01;5.7500000e+01;2.9042447e-01;5.7500000e+01;3.2231328e-01;5.7500000e+01;2.8846055e-01;5.7500000e+01;2.3597839e-01;5.7500000e+01;1.8676007e-01;5.7500000e+01;1.4040786e-01;5.7500000e+01;9.4661020e-02;5.7500000e+01;4.9085051e-02;5.7500000e+01;7.2316155e-03;5.7500000e+01;-4.1063078e-02;5.7500000e+01;-8.3185367e-02;5.7500000e+01;-1.2615083e-01;5.7500000e+01;-5.0990567e-02;5.7500000e+01;-7.2521558e-03;5.7500000e+01;6.1806239e-02;5.7500000e+01;1.4133874e-01;5.7500000e+01;2.2818133e-01;5.7500000e+01;2.7790135e-01;5.7500000e+01;2.9042447e-01;5.7500000e+01;3.2231328e-01;5.7500000e+01;2.8846055e-01;5.7500000e+01;2.3597839e-01;5.7500000e+01;1.8676007e-01;5.7500000e+01;1.4040786e-01;5.7500000e+01;9.4661020e-02;5.7500000e+01;4.9085051e-02;5.7500000e+01;7.2316155e-03;5.7500000e+01;-4.1063078e-02;5.7500000e+01;-8.3185367e-02;5.7500000e+01;-1.2615083e-01;5.7500000e+01;-5.0990567e-02;5.7500000e+01;-7.2521558e-03;5.7500000e+01;6.1806239e-02;5.7500000e+01;1.4133874e-01;5.7500000e+01;2.2818133e-01;5.7500000e+01;2.7790135e-01;5.7500000e+01;2.9042447e-01;5.7500000e+01;3.2231328e-01;5.7500000e+01;2.8846055e-01;5.7500000e+01;2.3597839e-01;5.7500000e+01;1.8676007e-01;5.7500000e+01;1.4040786e-01;5.7500000e+01;9.4661020e-02;5.7500000e+01;4.9085051e-02;5.7500000e+01;7.2316155e-03;5.7500000e+01;-4.1063078e-02;5.7500000e+01;-8.3185367e-02;5.7500000e+01;-1.2615083e-01;5.7500000e+01;-5.0990567e-02;5.7500000e+01;-7.2521558e-03;5.7500000e+01;6.1806239e-02;5.7500000e+01;1.4133874e-01;5.7500000e+01;2.2818133e-01;5.7500000e+01;2.7790135e-01;5.7500000e+01;2.9042447e-01;5.7500000e+01;3.2231328e-01;5.7500000e+01;2.8846055e-01;5.7500000e+01;2.3597839e-01;5.7500000e+01;1.8676007e-01;5.7500000e+01;1.4040786e-01;5.7500000e+01;9.4661020e-02;5.7500000e+01;4.9085051e-02;5.7500000e+01;7.2316155e-03;5.7500000e+01;-4.1063078e-02;5.7500000e+01;-8.3185367e-02;5.7500000e+01;-1.2615083e-01;5.7500000e+01;-5.0990567e-02;5.7500000e+01;-7.2521558e-03;5.7500000e+01;6.1806239e-02;5.7500000e+01;1.4133874e-01;5.7500000e+01;2.2818133e-01;5.7500000e+01;2.7790135e-01;5.7500000e+01;2.9042447e-01;5.7500000e+01;3.2231328e-01;5.7500000e+01;2.8846055e-01;5.7500000e+01;2.3597839e-01;5.7500000e+01;1.8676007e-01;5.7500000e+01;1.4040786e-01;5.7500000e+01;9.4661020e-02;5.7500000e+01;4.9085051e-02;5.7500000e+01;7.2316155e-03;5.7500000e+01;-4.1063078e-02;5.7500000e+01;-8.3185367e-02;5.7500000e+01;-1.2615083e-01;5.7500000e+01;-5.0990567e-02;5.7500000e+01;-7.2521558e-03;5.7500000e+01;6.1806239e-02;5.7500000e+01;1.4133874e-01;5.7500000e+01;2.2818133e-01;5.7500000e+01;2.7790135e-01;5.7500000e+01;2.9042447e-01;5.7500000e+01;3.2231328e-01;5.7500000e+01;2.8846055e-01;5.7500000e+01;2.3597839e-01;5.7500000e+01;1.8676007e-01;5.7500000e+01;1.4040786e-01;5.7500000e+01;9.4661020e-02;5.7500000e+01;4.9085051e-02;5.7500000e+01;7.2316155e-03;5.7500000e+01;-4.1063078e-02;5.7500000e+01;-8.3185367e-02;5.7500000e+01;-1.2615083e-01;5.7500000e+01;-5.0990567e-02;5.7500000e+01;-7.2521558e-03;5.7500000e+01;6.1806239e-02;5.7500000e+01;1.4133874e-01;5.7500000e+01;2.2818133e-01;5.7500000e+01;2.7790135e-01;5.7500000e+01;2.9042447e-01;5.7500000e+01;3.2231328e-01;5.7500000e+01;2.8846055e-01;5.7500000e+01;2.3597839e-01;5.7500000e+01;1.8676007e-01;5.7500000e+01;1.4040786e-01;5.7500000e+01;9.4661020e-02;5.7500000e+01;4.9085051e-02;5.7500000e+01;7.2316155e-03;5.7500000e+01;-4.1063078e-02;5.7500000e+01;-8.3185367e-02;5.7500000e+01;-1.2615083e-01;5.7500000e+01;-5.0990567e-02;5.7500000e+01;-7.2521558e-03;5.7500000e+01;6.1806239e-02;5.7500000e+01;1.4133874e-01;5.7500000e+01;2.2818133e-01;5.7500000e+01;2.7790135e-01;5.7500000e+01;2.9042447e-01;5.7500000e+01;3.2231328e-01;5.7500000e+01;2.8846055e-01;5.7500000e+01;2.3597839e-01;5.7500000e+01;1.8676007e-01;5.7500000e+01;1.4040786e-01;5.7500000e+01;9.4661020e-02;5.7500000e+01;4.9085051e-02;5.7500000e+01;7.2316155e-03;5.7500000e+01;-4.1063078e-02;5.7500000e+01;-8.3185367e-02;5.7500000e+01;-1.2615083e-01;5.7500000e+01;-5.0990567e-02;5.7500000e+01;-7.2521558e-03;5.7500000e+01;6.1806239e-02;5.7500000e+01;1.4133874e-01;5.7500000e+01;2.2818133e-01;5.7500000e+01;2.7790135e-01;5.7500000e+01;2.9042447e-01;5.7500000e+01;3.2231328e-01;5.7500000e+01;2.8846055e-01;5.7500000e+01;2.3597839e-01;5.7500000e+01;1.8676007e-01;5.7500000e+01;1.4040786e-01;5.7500000e+01;9.4661020e-02;5.7500000e+01;4.9085051e-02;5.7500000e+01;7.2316155e-03;5.7500000e+01;-4.1063078e-02;5.7500000e+01;-8.3185367e-02;5.7500000e+01;-1.2615083e-01;5.7500000e+01;-5.0990567e-02;5.7500000e+01;-7.2521558e-03;5.7500000e+01;6.1806239e-02;5.7500000e+01;1.4133874e-01;5.7500000e+01;2.2818133e-01;5.7500000e+01;2.7790135e-01;5.7500000e+01;2.9042447e-01;5.7500000e+01;3.2231328e-01;5.7500000e+01;2.8846055e-01;5.7500000e+01;2.3597839e-01;5.7500000e+01;1.8676007e-01;5.7500000e+01;1.4040786e-01;5.7500000e+01;9.4661020e-02;5.7500000e+01;4.9085051e-02;5.7500000e+01;7.2316155e-03;5.7500000e+01;-4.1063078e-02;5.7500000e+01;-8.3185367e-02;5.7500000e+01;-1.2615083e-01;5.7500000e+01;-5.0990567e-02;5.7500000e+01;-7.2521558e-03;5.7500000e+01;6.1806239e-02;5.7500000e+01;1.4133874e-01;5.7500000e+01;2.2818133e-01;5.7500000e+01;2.7790135e-01;5.7500000e+01;2.9042447e-01;5.7500000e+01;3.2231328e-01;5.7500000e+01;2.8846055e-01;5.7500000e+01;2.3597839e-01;5.7500000e+01;1.8676007e-01;5.7500000e+01;1.4040786e-01;5.7500000e+01;9.4661020e-02;5.7500000e+01;4.9085051e-02;5.7500000e+01;7.2316155e-03;5.7500000e+01;-4.1063078e-02;5.7500000e+01;-8.3185367e-02;5.7500000e+01;-1.2615083e-01;5.7500000e+01;-5.0990567e-02;5.7500000e+01;-7.2521558e-03;5.7500000e+01;6.1806239e-02;5.7500000e+01;1.4133874e-01;5.7500000e+01;2.2818133e-01;5.7500000e+01;2.7790135e-01;5.7500000e+01;2.9042447e-01;5.7500000e+01;3.2231328e-01;5.7500000e+01;2.8846055e-01;5.7500000e+01;2.3597839e-01;5.7500000e+01;1.8676007e-01;5.7500000e+01;1.4040786e-01;5.7500000e+01;9.4661020e-02;5.7500000e+01;4.9085051e-02;5.7500000e+01;7.2316155e-03;5.7500000e+01;-4.1063078e-02;5.7500000e+01;-8.3185367e-02;5.7500000e+01;-1.2615083e-01;5.7500000e+01;-5.0990567e-02;5.7500000e+01;-7.2521558e-03;5.7500000e+01;6.1806239e-02;5.7500000e+01;1.4133874e-01;5.7500000e+01;2.2818133e-01;5.7500000e+01;2.7790135e-01;5.7500000e+01;2.9042447e-01;5.7500000e+01;3.2231328e-01;5.7500000e+01;2.8846055e-01;5.7500000e+01;2.3597839e-01;5.7500000e+01;1.8676007e-01;5.7500000e+01;1.4040786e-01;5.7500000e+01;9.4661020e-02;5.7500000e+01;4.9085051e-02;5.7500000e+01;7.2316155e-03;5.7500000e+01;-4.1063078e-02;5.7500000e+01;-8.3185367e-02;5.7500000e+01;-1.2615083e-01;5.7500000e+01;-5.0990567e-02;5.7500000e+01;-7.2521558e-03;5.7500000e+01;6.1806239e-02;5.7500000e+01;1.4133874e-01;5.7500000e+01;2.2818133e-01;5.7500000e+01;2.7790135e-01;5.7500000e+01;2.9042447e-01;5.7500000e+01;3.2231328e-01;5.7500000e+01;2.8846055e-01;5.7500000e+01;2.3597839e-01;5.7500000e+01;1.8676007e-01;5.7500000e+01;1.4040786e-01;5.7500000e+01;9.4661020e-02;5.7500000e+01;4.9085051e-02;5.7500000e+01;7.2316155e-03;5.7500000e+01;-4.1063078e-02;5.7500000e+01;-8.3185367e-02;5.7500000e+01;-1.2615083e-01;5.7500000e+01;-5.0990567e-02;5.7500000e+01;-7.2521558e-03;5.7500000e+01;6.1806239e-02;5.7500000e+01;1.4133874e-01;5.7500000e+01;2.2818133e-01;5.7500000e+01;2.7790135e-01;5.7500000e+01;2.9042447e-01;5.7500000e+01;3.2231328e-01;5.7500000e+01;2.8846055e-01;5.7500000e+01;2.3597839e-01;5.7500000e+01;1.8676007e-01;5.7500000e+01;1.4040786e-01;5.7500000e+01;9.4661020e-02;5.7500000e+01;4.9085051e-02;5.7500000e+01;7.2316155e-03;5.7500000e+01;-4.1063078e-02;5.7500000e+01;-8.3185367e-02;5.7500000e+01;-1.2615083e-01;5.7500000e+01;-5.0990567e-02;5.7500000e+01;-7.2521558e-03;5.7500000e+01;6.1806239e-02;5.7500000e+01;1.4133874e-01;5.7500000e+01;2.2818133e-01;5.7500000e+01;2.7790135e-01;5.7500000e+01;2.9042447e-01;5.7500000e+01;3.2231328e-01;5.7500000e+01;2.8846055e-01;5.7500000e+01;2.3597839e-01;5.7500000e+01;1.8676007e-01;5.7500000e+01;1.4040786e-01;5.7500000e+01;9.4661020e-02;5.7500000e+01;4.9085051e-02;5.7500000e+01;7.2316155e-03;5.7500000e+01;-4.1063078e-02;5.7500000e+01;-8.3185367e-02;5.7500000e+01;-1.2615083e-01;5.7500000e+01;-5.0990567e-02;5.7500000e+01;-7.2521558e-03;5.7500000e+01;6.1806239e-02;5.7500000e+01;1.4133874e-01;5.7500000e+01;2.2818133e-01;5.7500000e+01;2.7790135e-01;5.7500000e+01;2.9042447e-01;5.7500000e+01;3.2231328e-01;5.7500000e+01;2.8846055e-01;5.7500000e+01;2.3597839e-01;5.7500000e+01;1.8676007e-01;5.7500000e+01;1.4040786e-01;5.7500000e+01;9.4661020e-02;5.7500000e+01;4.9085051e-02;5.7500000e+01;7.2316155e-03;5.7500000e+01;-4.1063078e-02;5.7500000e+01;-8.3185367e-02;5.7500000e+01;-1.2615083e-01;5.7500000e+01;-5.0990567e-02;5.7500000e+01;-7.2521558e-03;5.7500000e+01;6.1806239e-02;5.7500000e+01;1.4133874e-01;5.7500000e+01;2.2818133e-01;5.7500000e+01;2.7790135e-01;5.7500000e+01;2.9042447e-01;5.7500000e+01;3.2231328e-01;5.7500000e+01;2.8846055e-01;5.7500000e+01;2.3597839e-01;5.7500000e+01;1.8676007e-01;5.7500000e+01;1.4040786e-01;5.7500000e+01;9.4661020e-02;5.7500000e+01;4.9085051e-02;5.7500000e+01;7.2316155e-03;5.7500000e+01;-4.1063078e-02;5.7500000e+01;-8.3185367e-02;5.7500000e+01;-1.2615083e-01;5.7500000e+01;-5.0990567e-02;5.7500000e+01;-7.2521558e-03;5.7500000e+01;6.1806239e-02;5.7500000e+01;1.4133874e-01;5.7500000e+01;2.2818133e-01;5.7500000e+01;2.7790135e-01;5.7500000e+01;2.9042447e-01;5.7500000e+01;3.2231328e-01;5.7500000e+01;2.8846055e-01;5.7500000e+01;2.3597839e-01;5.7500000e+01;1.8676007e-01;5.7500000e+01;1.4040786e-01;5.7500000e+01;9.4661020e-02;5.7500000e+01;4.9085051e-02;5.7500000e+01;7.2316155e-03;5.7500000e+01;-4.1063078e-02;5.7500000e+01;-8.3185367e-02;5.7500000e+01;-1.2615083e-01;5.7500000e+01;-5.0990567e-02;5.7500000e+01;-7.2521558e-03;5.7500000e+01;6.1806239e-02;5.7500000e+01;1.4133874e-01;5.7500000e+01;2.2818133e-01;5.7500000e+01;2.7790135e-01;5.7500000e+01;2.9042447e-01;5.7500000e+01;3.2231328e-01;5.7500000e+01;2.8846055e-01;5.7500000e+01;2.3597839e-01;5.7500000e+01;1.8676007e-01;5.7500000e+01;1.4040786e-01;5.7500000e+01;9.4661020e-02;5.7500000e+01;4.9085051e-02;5.7500000e+01;7.2316155e-03;5.7500000e+01;-4.1063078e-02;5.7500000e+01;-8.3185367e-02;5.7500000e+01;-1.2615083e-01;5.7500000e+01;-5.0990567e-02;5.7500000e+01;-7.2521558e-03;5.7500000e+01;6.1806239e-02;5.7500000e+01;1.4133874e-01;5.7500000e+01;2.2818133e-01;5.7500000e+01;2.7790135e-01;5.7500000e+01;2.9042447e-01;5.7500000e+01;3.2231328e-01;5.7500000e+01;2.8846055e-01;5.7500000e+01;2.3597839e-01;5.7500000e+01;1.8676007e-01;5.7500000e+01;1.4040786e-01;5.7500000e+01;9.4661020e-02;5.7500000e+01;4.9085051e-02;5.7500000e+01;7.2316155e-03;5.7500000e+01;-4.1063078e-02;5.7500000e+01;-8.3185367e-02;5.7500000e+01;-1.2615083e-01;5.7500000e+01;-5.0990567e-02;5.7500000e+01;-7.2521558e-03;5.7500000e+01;6.1806239e-02;5.7500000e+01;1.4133874e-01;5.7500000e+01;2.2818133e-01;5.7500000e+01;2.7790135e-01;5.7500000e+01;2.9042447e-01;5.7500000e+01;3.2231328e-01;5.7500000e+01;2.8846055e-01;5.7500000e+01;2.3597839e-01;5.7500000e+01;1.8676007e-01;5.7500000e+01;1.4040786e-01;5.7500000e+01;9.4661020e-02;5.7500000e+01;4.9085051e-02;5.7500000e+01;7.2316155e-03;5.7500000e+01;-4.1063078e-02;5.7500000e+01;-8.3185367e-02;5.7500000e+01;-1.2615083e-01;5.7500000e+01;-5.0990567e-02;5.7500000e+01;-7.2521558e-03;5.7500000e+01;6.1806239e-02;5.7500000e+01;1.4133874e-01;5.7500000e+01;2.2818133e-01;5.7500000e+01;2.7790135e-01;5.7500000e+01;2.9042447e-01;5.7500000e+01;3.2231328e-01;5.7500000e+01;2.8846055e-01;5.7500000e+01;2.3597839e-01;5.7500000e+01;1.8676007e-01;5.7500000e+01;1.4040786e-01;5.7500000e+01;9.4661020e-02;5.7500000e+01;4.9085051e-02;5.7500000e+01;7.2316155e-03;5.7500000e+01;-4.1063078e-02;5.7500000e+01;-8.3185367e-02;5.7500000e+01;-1.2615083e-01;5.7500000e+01;-5.0990567e-02;5.7500000e+01;-7.2521558e-03;5.7500000e+01;6.1806239e-02;5.7500000e+01;1.4133874e-01;5.7500000e+01;2.2818133e-01;5.7500000e+01;2.7790135e-01;5.7500000e+01;2.9042447e-01;5.7500000e+01;3.2231328e-01;5.7500000e+01;2.8846055e-01;5.7500000e+01;2.3597839e-01;5.7500000e+01;1.8676007e-01;5.7500000e+01;1.4040786e-01;5.7500000e+01;9.4661020e-02;5.7500000e+01;4.9085051e-02;5.7500000e+01;7.2316155e-03;5.7500000e+01;-4.1063078e-02;5.7500000e+01;-8.3185367e-02;5.7500000e+01;-1.2615083e-01;5.7500000e+01;-5.0990567e-02;5.7500000e+01;-7.2521558e-03;5.7500000e+01;6.1806239e-02;5.7500000e+01;1.4133874e-01;5.7500000e+01;2.2818133e-01;5.7500000e+01;2.7790135e-01;5.7500000e+01;2.9042447e-01;5.7500000e+01;3.2231328e-01;5.7500000e+01;2.8846055e-01;5.7500000e+01;2.3597839e-01;5.7500000e+01;1.8676007e-01;5.7500000e+01;1.4040786e-01;5.7500000e+01;9.4661020e-02;5.7500000e+01;4.9085051e-02;5.7500000e+01;7.2316155e-03;5.7500000e+01;-4.1063078e-02;5.7500000e+01;-8.3185367e-02;5.7500000e+01;-1.2615083e-01;5.7500000e+01;-5.0990567e-02;5.7500000e+01;-7.2521558e-03;5.7500000e+01;6.1806239e-02;5.7500000e+01;1.4133874e-01;5.7500000e+01;2.2818133e-01;5.7500000e+01;2.7790135e-01;5.7500000e+01;2.9042447e-01;5.7500000e+01;3.2231328e-01;5.7500000e+01;2.8846055e-01;5.7500000e+01;2.3597839e-01;5.7500000e+01;1.8676007e-01;5.7500000e+01;1.4040786e-01;5.7500000e+01;9.4661020e-02;5.7500000e+01;4.9085051e-02;5.7500000e+01;7.2316155e-03;5.7500000e+01;-4.1063078e-02;5.7500000e+01;-8.3185367e-02;5.7500000e+01;-1.2615083e-01;5.7500000e+01;-5.0990567e-02;5.7500000e+01;-7.2521558e-03;5.7500000e+01;6.1806239e-02;5.7500000e+01;1.4133874e-01;5.7500000e+01;2.2818133e-01;5.7500000e+01;2.7790135e-01;5.7500000e+01;2.9042447e-01;5.7500000e+01;3.2231328e-01;5.7500000e+01;2.8846055e-01;5.7500000e+01;2.3597839e-01;5.7500000e+01;1.8676007e-01;5.7500000e+01;1.4040786e-01;5.7500000e+01;9.4661020e-02;5.7500000e+01;4.9085051e-02;5.7500000e+01;7.2316155e-03;5.7500000e+01;-4.1063078e-02;5.7500000e+01;-8.3185367e-02;5.7500000e+01;-1.2615083e-01;5.7500000e+01;-5.0990567e-02;5.7500000e+01;-7.2521558e-03;5.7500000e+01;6.1806239e-02;5.7500000e+01;1.4133874e-01;5.7500000e+01;2.2818133e-01;5.7500000e+01;2.7790135e-01;5.7500000e+01;2.9042447e-01;5.7500000e+01;3.2231328e-01;5.7500000e+01;2.8846055e-01;5.7500000e+01;2.3597839e-01;5.7500000e+01;1.8676007e-01;5.7500000e+01;1.4040786e-01;5.7500000e+01;9.4661020e-02;5.7500000e+01;4.9085051e-02;5.7500000e+01;7.2316155e-03;5.7500000e+01;-4.1063078e-02;5.7500000e+01;-8.3185367e-02;5.7500000e+01;-1.2615083e-01;5.7500000e+01;-5.0990567e-02;5.7500000e+01;-7.2521558e-03;5.7500000e+01;6.1806239e-02;5.7500000e+01;1.4133874e-01;5.7500000e+01;2.2818133e-01;5.7500000e+01;2.7790135e-01;5.7500000e+01;2.9042447e-01;5.7500000e+01;3.2231328e-01;5.7500000e+01;2.8846055e-01;5.7500000e+01;2.3597839e-01;5.7500000e+01;1.8676007e-01;5.7500000e+01;1.4040786e-01;5.7500000e+01;9.4661020e-02;5.7500000e+01;4.9085051e-02;5.7500000e+01;7.2316155e-03;5.7500000e+01;-4.1063078e-02;5.7500000e+01;-8.3185367e-02;5.7500000e+01;-1.2615083e-01;5.7500000e+01;-5.0990567e-02;5.7500000e+01;-7.2521558e-03;5.7500000e+01;6.1806239e-02;5.7500000e+01;1.4133874e-01;5.7500000e+01;2.2818133e-01;5.7500000e+01;2.7790135e-01;5.7500000e+01;2.9042447e-01;5.7500000e+01;3.2231328e-01;5.7500000e+01;2.8846055e-01;5.7500000e+01;2.3597839e-01;5.7500000e+01;1.8676007e-01;5.7500000e+01;1.4040786e-01;5.7500000e+01;9.4661020e-02;5.7500000e+01;4.9085051e-02;5.7500000e+01;7.2316155e-03;5.7500000e+01;-4.1063078e-02;5.7500000e+01;-8.3185367e-02;5.7500000e+01;-1.2615083e-01;5.7500000e+01;-5.0990567e-02;5.7500000e+01;-7.2521558e-03;5.7500000e+01;6.1806239e-02;5.7500000e+01;1.4133874e-01;5.7500000e+01;2.2818133e-01;5.7500000e+01;2.7790135e-01;5.7500000e+01;2.9042447e-01;5.7500000e+01;3.2231328e-01;5.7500000e+01;2.8846055e-01;5.7500000e+01;2.3597839e-01;5.7500000e+01;1.8676007e-01;5.7500000e+01;1.4040786e-01;5.7500000e+01;9.4661020e-02;5.7500000e+01;4.9085051e-02;5.7500000e+01;7.2316155e-03;5.7500000e+01;-4.1063078e-02;5.7500000e+01;-8.3185367e-02;5.7500000e+01;-1.2615083e-01;5.7500000e+01;-5.0990567e-02;5.7500000e+01;-7.2521558e-03;5.7500000e+01;6.1806239e-02;5.7500000e+01;1.4133874e-01;5.7500000e+01;2.2818133e-01;5.7500000e+01;2.7790135e-01;5.7500000e+01;2.9042447e-01;5.7500000e+01;3.2231328e-01;5.7500000e+01;2.8846055e-01;5.7500000e+01;2.3597839e-01;5.7500000e+01;1.8676007e-01;5.7500000e+01;1.4040786e-01;5.7500000e+01;9.4661020e-02;5.7500000e+01;4.9085051e-02;5.7500000e+01;7.2316155e-03;5.7500000e+01;-4.1063078e-02;5.7500000e+01;-8.3185367e-02;5.7500000e+01;-1.2615083e-01;5.7500000e+01;-5.0990567e-02;5.7500000e+01;-7.2521558e-03;5.7500000e+01;6.1806239e-02;5.7500000e+01;1.4133874e-01;5.7500000e+01;2.2818133e-01;5.7500000e+01;2.7790135e-01;5.7500000e+01;2.9042447e-01;5.7500000e+01;3.2231328e-01;5.7500000e+01;2.8846055e-01;5.7500000e+01;2.3597839e-01;5.7500000e+01;1.8676007e-01;5.7500000e+01;1.4040786e-01;5.7500000e+01;9.4661020e-02;5.7500000e+01;4.9085051e-02;5.7500000e+01;7.2316155e-03;5.7500000e+01;-4.1063078e-02;5.7500000e+01;-8.3185367e-02;5.7500000e+01;-1.2615083e-01;5.7500000e+01;-5.0990567e-02;5.7500000e+01;-7.2521558e-03;5.7500000e+01;6.1806239e-02;5.7500000e+01;1.4133874e-01;5.7500000e+01;2.2818133e-01;5.7500000e+01;2.7790135e-01;5.7500000e+01;2.9042447e-01;5.7500000e+01;3.2231328e-01;5.7500000e+01;2.8846055e-01;5.7500000e+01;2.3597839e-01;5.7500000e+01;1.8676007e-01;5.7500000e+01;1.4040786e-01;5.7500000e+01;9.4661020e-02;5.7500000e+01;4.9085051e-02;5.7500000e+01;7.2316155e-03;5.7500000e+01;-4.1063078e-02;5.7500000e+01;-8.3185367e-02;5.7500000e+01;-1.2615083e-01;5.7500000e+01;-5.0990567e-02;5.7500000e+01;-7.2521558e-03;5.7500000e+01;6.1806239e-02;5.7500000e+01;1.4133874e-01;5.7500000e+01;2.2818133e-01;5.7500000e+01;2.7790135e-01;5.7500000e+01;2.9042447e-01;5.7500000e+01;3.2231328e-01;5.7500000e+01;2.8846055e-01;5.7500000e+01;2.3597839e-01;5.7500000e+01;1.8676007e-01;5.7500000e+01;1.4040786e-01;5.7500000e+01;9.4661020e-02;5.7500000e+01;4.9085051e-02;5.7500000e+01;7.2316155e-03;5.7500000e+01;-4.1063078e-02;5.7500000e+01;-8.3185367e-02;5.7500000e+01;-1.2615083e-01;5.7500000e+01;-5.0990567e-02;5.7500000e+01;-7.2521558e-03;5.7500000e+01;6.1806239e-02;5.7500000e+01;1.4133874e-01;5.7500000e+01;2.2818133e-01;5.7500000e+01;2.7790135e-01;5.7500000e+01;2.9042447e-01;5.7500000e+01;3.2231328e-01;5.7500000e+01;2.8846055e-01;5.7500000e+01;2.3597839e-01;5.7500000e+01;1.8676007e-01;5.7500000e+01;1.4040786e-01;5.7500000e+01;9.4661020e-02;5.7500000e+01;4.9085051e-02;5.7500000e+01;7.2316155e-03;5.7500000e+01;-4.1063078e-02;5.7500000e+01;-8.3185367e-02;5.7500000e+01;-1.2615083e-01;5.7500000e+01;-5.0990567e-02;5.7500000e+01;-7.2521558e-03;5.7500000e+01;6.1806239e-02;5.7500000e+01;1.4133874e-01;5.7500000e+01;2.2818133e-01;5.7500000e+01;2.7790135e-01;5.7500000e+01;2.9042447e-01;5.7500000e+01;3.2231328e-01;5.7500000e+01;2.8846055e-01;5.7500000e+01;2.3597839e-01;5.7500000e+01;1.8676007e-01;5.7500000e+01;1.4040786e-01;5.7500000e+01;9.4661020e-02;5.7500000e+01;4.9085051e-02;5.7500000e+01;7.2316155e-03;5.7500000e+01;-4.1063078e-02;5.7500000e+01;-8.3185367e-02;5.7500000e+01;-1.2615083e-01;5.7500000e+01;-5.0990567e-02;5.7500000e+01;-7.2521558e-03;5.7500000e+01;6.1806239e-02;5.7500000e+01;1.4133874e-01;5.7500000e+01;2.2818133e-01;5.7500000e+01;2.7790135e-01;5.7500000e+01;2.9042447e-01;5.7500000e+01;3.2231328e-01;5.7500000e+01;2.8846055e-01;5.7500000e+01;2.3597839e-01;5.7500000e+01;1.8676007e-01;5.7500000e+01;1.4040786e-01;5.7500000e+01;9.4661020e-02;5.7500000e+01;4.9085051e-02;5.7500000e+01;7.2316155e-03;5.7500000e+01;-4.1063078e-02;5.7500000e+01;-8.3185367e-02;5.7500000e+01;-1.2615083e-01;5.7500000e+01;-5.0990567e-02;5.7500000e+01;-7.2521558e-03;5.7500000e+01;6.1806239e-02;5.7500000e+01;1.4133874e-01;5.7500000e+01;2.2818133e-01;5.7500000e+01;2.7790135e-01;5.7500000e+01;2.9042447e-01;5.7500000e+01;3.2231328e-01;5.7500000e+01;2.8846055e-01;5.7500000e+01;2.3597839e-01;5.7500000e+01;1.8676007e-01;5.7500000e+01;1.4040786e-01;5.7500000e+01;9.4661020e-02;5.7500000e+01;4.9085051e-02;5.7500000e+01;7.2316155e-03;5.7500000e+01;-4.1063078e-02;5.7500000e+01;-8.3185367e-02;5.7500000e+01;-1.2615083e-01;5.7500000e+01;-5.0990567e-02;5.7500000e+01;-7.2521558e-03;5.7500000e+01;6.1806239e-02;5.7500000e+01;1.4133874e-01;5.7500000e+01;2.2818133e-01;5.7500000e+01;2.7790135e-01;5.7500000e+01;2.9042447e-01;5.7500000e+01;3.2231328e-01;5.7500000e+01;2.8846055e-01;5.7500000e+01;2.3597839e-01;5.7500000e+01;1.8676007e-01;5.7500000e+01;1.4040786e-01;5.7500000e+01;9.4661020e-02;5.7500000e+01;4.9085051e-02;5.7500000e+01;7.2316155e-03;5.7500000e+01;-4.1063078e-02;5.7500000e+01;-8.3185367e-02;5.7500000e+01;-1.2615083e-01;5.7500000e+01;-5.0990567e-02;5.7500000e+01;-7.2521558e-03;5.7500000e+01;6.1806239e-02;5.7500000e+01;1.4133874e-01;5.7500000e+01;2.2818133e-01;5.7500000e+01;2.7790135e-01;5.7500000e+01;2.9042447e-01;5.7500000e+01;3.2231328e-01;5.7500000e+01;2.8846055e-01;5.7500000e+01;2.3597839e-01;5.7500000e+01;1.8676007e-01;5.7500000e+01;1.4040786e-01;5.7500000e+01;9.4661020e-02;5.7500000e+01;4.9085051e-02;5.7500000e+01;7.2316155e-03;5.7500000e+01;-4.1063078e-02;5.7500000e+01;-8.3185367e-02;5.7500000e+01;-1.2615083e-01;5.7500000e+01;-5.0990567e-02;5.7500000e+01;-7.2521558e-03;5.7500000e+01;6.1806239e-02;5.7500000e+01;1.4133874e-01;5.7500000e+01;2.2818133e-01;5.7500000e+01;2.7790135e-01;5.7500000e+01;2.9042447e-01;5.7500000e+01;3.2231328e-01;5.7500000e+01;2.8846055e-01;5.7500000e+01;2.3597839e-01;5.7500000e+01;1.8676007e-01;5.7500000e+01;1.4040786e-01;5.7500000e+01;9.4661020e-02;5.7500000e+01;4.9085051e-02;5.7500000e+01;7.2316155e-03;5.7500000e+01;-4.1063078e-02;5.7500000e+01;-8.3185367e-02;5.7500000e+01;-1.2615083e-01;5.7500000e+01;-5.0990567e-02;5.7500000e+01;-7.2521558e-03;5.7500000e+01;6.1806239e-02;5.7500000e+01;1.4133874e-01;5.7500000e+01;2.2818133e-01;5.7500000e+01;2.7790135e-01;5.7500000e+01;2.9042447e-01;5.7500000e+01;3.2231328e-01;5.7500000e+01;2.8846055e-01;5.7500000e+01;2.3597839e-01;5.7500000e+01;1.8676007e-01;5.7500000e+01;1.4040786e-01;5.7500000e+01;9.4661020e-02;5.7500000e+01;4.9085051e-02;5.7500000e+01;7.2316155e-03;5.7500000e+01;-4.1063078e-02;5.7500000e+01;-8.3185367e-02;5.7500000e+01;-1.2615083e-01;5.7500000e+01;-5.0990567e-02;5.7500000e+01;-7.2521558e-03;5.7500000e+01;6.1806239e-02;5.7500000e+01;1.4133874e-01;5.7500000e+01;2.2818133e-01;5.7500000e+01;2.7790135e-01;5.7500000e+01;2.9042447e-01;5.7500000e+01;3.2231328e-01;5.7500000e+01;2.8846055e-01;5.7500000e+01;2.3597839e-01;5.7500000e+01;1.8676007e-01;5.7500000e+01;1.4040786e-01;5.7500000e+01;9.4661020e-02;5.7500000e+01;4.9085051e-02;5.7500000e+01;7.2316155e-03;5.7500000e+01;-4.1063078e-02;5.7500000e+01;-8.3185367e-02;5.7500000e+01;-1.2615083e-01;5.7500000e+01;-5.0990567e-02;5.7500000e+01;-7.2521558e-03;5.7500000e+01;6.1806239e-02;5.7500000e+01;1.4133874e-01;5.7500000e+01;2.2818133e-01;5.7500000e+01;2.7790135e-01;5.7500000e+01;2.9042447e-01;5.7500000e+01;3.2231328e-01;5.7500000e+01;2.8846055e-01;5.7500000e+01;2.3597839e-01;5.7500000e+01;1.8676007e-01;5.7500000e+01;1.4040786e-01;5.7500000e+01;9.4661020e-02;5.7500000e+01;4.9085051e-02;5.7500000e+01;7.2316155e-03;5.7500000e+01;-4.1063078e-02;5.7500000e+01;-8.3185367e-02;5.7500000e+01;-1.2615083e-01;5.7500000e+01;-5.0990567e-02;5.7500000e+01;-7.2521558e-03;5.7500000e+01;6.1806239e-02;5.7500000e+01;1.4133874e-01;5.7500000e+01;2.2818133e-01;5.7500000e+01;2.7790135e-01;5.7500000e+01;2.9042447e-01;5.7500000e+01;3.2231328e-01;5.7500000e+01;2.8846055e-01;5.7500000e+01;2.3597839e-01;5.7500000e+01;1.8676007e-01;5.7500000e+01;1.4040786e-01;5.7500000e+01;9.4661020e-02;5.7500000e+01;4.9085051e-02;5.7500000e+01;7.2316155e-03;5.7500000e+01;-4.1063078e-02;5.7500000e+01;-8.3185367e-02;5.7500000e+01;-1.2615083e-01;5.7500000e+01;-5.0990567e-02;5.7500000e+01;-7.2521558e-03;5.7500000e+01;6.1806239e-02;5.7500000e+01;1.4133874e-01;5.7500000e+01;2.2818133e-01;5.7500000e+01;2.7790135e-01;5.7500000e+01;2.9042447e-01;5.7500000e+01;3.2231328e-01;5.7500000e+01;2.8846055e-01;5.7500000e+01;2.3597839e-01;5.7500000e+01;1.8676007e-01;5.7500000e+01;1.4040786e-01;5.7500000e+01;9.4661020e-02;5.7500000e+01;4.9085051e-02;5.7500000e+01;7.2316155e-03;5.7500000e+01;-4.1063078e-02;5.7500000e+01;-8.3185367e-02;5.7500000e+01;-1.2615083e-01;5.7500000e+01;-5.0990567e-02;5.7500000e+01;-7.2521558e-03;5.7500000e+01;6.1806239e-02;5.7500000e+01;1.4133874e-01;5.7500000e+01;2.2818133e-01;5.7500000e+01;2.7790135e-01;5.7500000e+01;2.9042447e-01;5.7500000e+01;3.2231328e-01;5.7500000e+01;2.8846055e-01;5.7500000e+01;2.3597839e-01;5.7500000e+01;1.8676007e-01;5.7500000e+01;1.4040786e-01;5.7500000e+01;9.4661020e-02;5.7500000e+01;4.9085051e-02;5.7500000e+01;7.2316155e-03;5.7500000e+01;-4.1063078e-02;5.7500000e+01;-8.3185367e-02;5.7500000e+01;-1.2615083e-01;5.7500000e+01;-5.0990567e-02;5.7500000e+01;-7.2521558e-03;5.7500000e+01;6.1806239e-02;5.7500000e+01;1.4133874e-01;5.7500000e+01;2.2818133e-01;5.7500000e+01;2.7790135e-01;5.7500000e+01;2.9042447e-01;5.7500000e+01;3.2231328e-01;5.7500000e+01;2.8846055e-01;5.7500000e+01;2.3597839e-01;5.7500000e+01;1.8676007e-01;5.7500000e+01;1.4040786e-01;5.7500000e+01;9.4661020e-02;5.7500000e+01;4.9085051e-02;5.7500000e+01;7.2316155e-03;5.7500000e+01;-4.1063078e-02;5.7500000e+01;-8.3185367e-02;5.7500000e+01;-1.2615083e-01;5.7500000e+01;-5.0990567e-02;5.7500000e+01;-7.2521558e-03;5.7500000e+01;6.1806239e-02;5.7500000e+01;1.4133874e-01;5.7500000e+01;2.2818133e-01;5.7500000e+01;2.7790135e-01;5.7500000e+01;2.9042447e-01;5.7500000e+01;3.2231328e-01;5.7500000e+01;2.8846055e-01;5.7500000e+01;2.3597839e-01;5.7500000e+01;1.8676007e-01;5.7500000e+01;1.4040786e-01;5.7500000e+01;9.4661020e-02;5.7500000e+01;4.9085051e-02;5.7500000e+01;7.2316155e-03;5.7500000e+01;-4.1063078e-02;5.7500000e+01;-8.3185367e-02;5.7500000e+01;-1.2615083e-01;5.7500000e+01;-5.0990567e-02;5.7500000e+01;-7.2521558e-03;5.7500000e+01;6.1806239e-02;5.7500000e+01;1.4133874e-01;5.7500000e+01;2.2818133e-01;5.7500000e+01;2.7790135e-01;5.7500000e+01;2.9042447e-01;5.7500000e+01;3.2231328e-01;5.7500000e+01;2.8846055e-01;5.7500000e+01;2.3597839e-01;5.7500000e+01;1.8676007e-01;5.7500000e+01;1.4040786e-01;5.7500000e+01;9.4661020e-02;5.7500000e+01;4.9085051e-02;5.7500000e+01;7.2316155e-03;5.7500000e+01;-4.1063078e-02;5.7500000e+01;-8.3185367e-02;5.7500000e+01;-1.2615083e-01;5.7500000e+01;-5.0990567e-02;5.7500000e+01;-7.2521558e-03;5.7500000e+01;6.1806239e-02;5.7500000e+01;1.4133874e-01;5.7500000e+01;2.2818133e-01;5.7500000e+01;2.7790135e-01;5.7500000e+01;2.9042447e-01;5.7500000e+01;3.2231328e-01;5.7500000e+01;2.8846055e-01;5.7500000e+01;2.3597839e-01;5.7500000e+01;1.8676007e-01;5.7500000e+01;1.4040786e-01;5.7500000e+01;9.4661020e-02;5.7500000e+01;4.9085051e-02;5.7500000e+01;7.2316155e-03;5.7500000e+01;-4.1063078e-02;5.7500000e+01;-8.3185367e-02;5.7500000e+01;-1.2615083e-01;5.7500000e+01;-5.0990567e-02;5.7500000e+01;-7.2521558e-03;5.7500000e+01;6.1806239e-02;5.7500000e+01;1.4133874e-01;5.7500000e+01;2.2818133e-01;5.7500000e+01;2.7790135e-01;5.7500000e+01;2.9042447e-01;5.7500000e+01;3.2231328e-01;5.7500000e+01;2.8846055e-01;5.7500000e+01;2.3597839e-01;5.7500000e+01;1.8676007e-01;5.7500000e+01;1.4040786e-01;5.7500000e+01;9.4661020e-02;5.7500000e+01;4.9085051e-02;5.7500000e+01;7.2316155e-03;5.7500000e+01;-4.1063078e-02;5.7500000e+01;-8.3185367e-02;5.7500000e+01;-1.2615083e-01;5.7500000e+01;-5.0990567e-02;5.7500000e+01;-7.2521558e-03;5.7500000e+01;6.1806239e-02;5.7500000e+01;1.4133874e-01;5.7500000e+01;2.2818133e-01;5.7500000e+01;2.7790135e-01;5.7500000e+01;2.9042447e-01;5.7500000e+01;3.2231328e-01;5.7500000e+01;2.8846055e-01;5.7500000e+01;2.3597839e-01;5.7500000e+01;1.8676007e-01;5.7500000e+01;1.4040786e-01;5.7500000e+01;9.4661020e-02;5.7500000e+01;4.9085051e-02;5.7500000e+01;7.2316155e-03;5.7500000e+01;-4.1063078e-02;5.7500000e+01;-8.3185367e-02;5.7500000e+01;-1.2615083e-01;5.7500000e+01;-5.0990567e-02;5.7500000e+01;-7.2521558e-03;5.7500000e+01;6.1806239e-02;5.7500000e+01;1.4133874e-01;5.7500000e+01;2.2818133e-01;5.7500000e+01;2.7790135e-01;5.7500000e+01;2.9042447e-01;5.7500000e+01;3.2231328e-01;5.7500000e+01;2.8846055e-01;5.7500000e+01;2.3597839e-01;5.7500000e+01;1.8676007e-01;5.7500000e+01;1.4040786e-01;5.7500000e+01;9.4661020e-02;5.7500000e+01;4.9085051e-02;5.7500000e+01;7.2316155e-03;5.7500000e+01;-4.1063078e-02;5.7500000e+01;-8.3185367e-02;5.7500000e+01;-1.2615083e-01;5.7500000e+01;-5.0990567e-02;5.7500000e+01;-7.2521558e-03;5.7500000e+01;6.1806239e-02;5.7500000e+01;1.4133874e-01;5.7500000e+01;2.2818133e-01;5.7500000e+01;2.7790135e-01;5.7500000e+01;2.9042447e-01;5.7500000e+01;3.2231328e-01;5.7500000e+01;2.8846055e-01;5.7500000e+01;2.3597839e-01;5.7500000e+01;1.8676007e-01;5.7500000e+01;1.4040786e-01;5.7500000e+01;9.4661020e-02;5.7500000e+01;4.9085051e-02;5.7500000e+01;7.2316155e-03;5.7500000e+01;-4.1063078e-02;5.7500000e+01;-8.3185367e-02;5.7500000e+01;-1.2615083e-01;5.7500000e+01;-5.0990567e-02;5.7500000e+01;-7.2521558e-03;5.7500000e+01;6.1806239e-02;5.7500000e+01;1.4133874e-01;5.7500000e+01;2.2818133e-01;5.7500000e+01;2.7790135e-01;5.7500000e+01;2.9042447e-01;5.7500000e+01;3.2231328e-01;5.7500000e+01;2.8846055e-01;5.7500000e+01;2.3597839e-01;5.7500000e+01;1.8676007e-01;5.7500000e+01;1.4040786e-01;5.7500000e+01;9.4661020e-02;5.7500000e+01;4.9085051e-02;5.7500000e+01;7.2316155e-03;5.7500000e+01;-4.1063078e-02;5.7500000e+01;-8.3185367e-02;5.7500000e+01;-1.2615083e-01;5.7500000e+01;-5.0990567e-02;5.7500000e+01;-7.2521558e-03;5.7500000e+01;6.1806239e-02;5.7500000e+01;1.4133874e-01;5.7500000e+01;2.2818133e-01;5.7500000e+01;2.7790135e-01;5.7500000e+01;2.9042447e-01;5.7500000e+01;3.2231328e-01;5.7500000e+01;2.8846055e-01;5.7500000e+01;2.3597839e-01;5.7500000e+01;1.8676007e-01;5.7500000e+01;1.4040786e-01;5.7500000e+01;9.4661020e-02;5.7500000e+01;4.9085051e-02;5.7500000e+01;7.2316155e-03;5.7500000e+01;-4.1063078e-02;5.7500000e+01;-8.3185367e-02;5.7500000e+01;-1.2615083e-01;5.7500000e+01;-5.0990567e-02;5.7500000e+01;-7.2521558e-03;5.7500000e+01;6.1806239e-02;5.7500000e+01;1.4133874e-01;5.7500000e+01;2.2818133e-01;5.7500000e+01;2.7790135e-01;5.7500000e+01;2.9042447e-01;5.7500000e+01;3.2231328e-01;5.7500000e+01;2.8846055e-01;5.7500000e+01;2.3597839e-01;5.7500000e+01;1.8676007e-01;5.7500000e+01;1.4040786e-01;5.7500000e+01;9.4661020e-02;5.7500000e+01;4.9085051e-02;5.7500000e+01;7.2316155e-03;5.7500000e+01;-4.1063078e-02;5.7500000e+01;-8.3185367e-02;5.7500000e+01;-1.2615083e-01;5.7500000e+01;-5.0990567e-02;5.7500000e+01;-7.2521558e-03;5.7500000e+01;6.1806239e-02;5.7500000e+01;1.4133874e-01;5.7500000e+01;2.2818133e-01;5.7500000e+01;2.7790135e-01;5.7500000e+01;2.9042447e-01;5.7500000e+01;3.2231328e-01;5.7500000e+01;2.8846055e-01;5.7500000e+01;2.3597839e-01;5.7500000e+01;1.8676007e-01;5.7500000e+01;1.4040786e-01;5.7500000e+01;9.4661020e-02;5.7500000e+01;4.9085051e-02;5.7500000e+01;7.2316155e-03;5.7500000e+01;-4.1063078e-02;5.7500000e+01;-8.3185367e-02;5.7500000e+01;-1.2615083e-01;5.7500000e+01;-5.0990567e-02;5.7500000e+01;-7.2521558e-03;5.7500000e+01;6.1806239e-02;5.7500000e+01;1.4133874e-01;5.7500000e+01;2.2818133e-01;5.7500000e+01;2.7790135e-01;5.7500000e+01;2.9042447e-01;5.7500000e+01;3.2231328e-01;5.7500000e+01;2.8846055e-01;5.7500000e+01;2.3597839e-01;5.7500000e+01;1.8676007e-01;5.7500000e+01;1.4040786e-01;5.7500000e+01;9.4661020e-02;5.7500000e+01;4.9085051e-02;5.7500000e+01;7.2316155e-03;5.7500000e+01;-4.1063078e-02;5.7500000e+01;-8.3185367e-02;5.7500000e+01;-1.2615083e-01;5.7500000e+01;-5.0990567e-02;5.7500000e+01;-7.2521558e-03;5.7500000e+01;6.1806239e-02;5.7500000e+01;1.4133874e-01;5.7500000e+01;2.2818133e-01;5.7500000e+01;2.7790135e-01;5.7500000e+01;2.9042447e-01;5.7500000e+01;3.2231328e-01;5.7500000e+01;2.8846055e-01;5.7500000e+01;2.3597839e-01;5.7500000e+01;1.8676007e-01;5.7500000e+01;1.4040786e-01;5.7500000e+01;9.4661020e-02;5.7500000e+01;4.9085051e-02;5.7500000e+01;7.2316155e-03;5.7500000e+01;-4.1063078e-02;5.7500000e+01;-8.3185367e-02;5.7500000e+01;-1.2615083e-01;5.7500000e+01;-5.0990567e-02;5.7500000e+01;-7.2521558e-03;5.7500000e+01;6.1806239e-02;5.7500000e+01;1.4133874e-01;5.7500000e+01;2.2818133e-01;5.7500000e+01;2.7790135e-01;5.7500000e+01;2.9042447e-01;5.7500000e+01;3.2231328e-01;5.7500000e+01;2.8846055e-01;5.7500000e+01;2.3597839e-01;5.7500000e+01;1.8676007e-01;5.7500000e+01;1.4040786e-01;5.7500000e+01;9.4661020e-02;5.7500000e+01;4.9085051e-02;5.7500000e+01;7.2316155e-03;5.7500000e+01;-4.1063078e-02;5.7500000e+01;-8.3185367e-02;5.7500000e+01;-1.2615083e-01;5.7500000e+01;-5.0990567e-02;5.7500000e+01;-7.2521558e-03;5.7500000e+01;6.1806239e-02;5.7500000e+01;1.4133874e-01;5.7500000e+01;2.2818133e-01;5.7500000e+01;2.7790135e-01;5.7500000e+01;2.9042447e-01;5.7500000e+01;3.2231328e-01;5.7500000e+01;2.8846055e-01;5.7500000e+01;2.3597839e-01;5.7500000e+01;1.8676007e-01;5.7500000e+01;1.4040786e-01;5.7500000e+01;9.4661020e-02;5.7500000e+01;4.9085051e-02;5.7500000e+01;7.2316155e-03;5.7500000e+01;-4.1063078e-02;5.7500000e+01;-8.3185367e-02;5.7500000e+01;-1.2615083e-01;5.7500000e+01;-5.0990567e-02;5.7500000e+01;-7.2521558e-03;5.7500000e+01;6.1806239e-02;5.7500000e+01;1.4133874e-01;5.7500000e+01;2.2818133e-01;5.7500000e+01;2.7790135e-01;5.7500000e+01;2.9042447e-01;5.7500000e+01;3.2231328e-01;5.7500000e+01;2.8846055e-01;5.7500000e+01;2.3597839e-01;5.7500000e+01;1.8676007e-01;5.7500000e+01;1.4040786e-01;5.7500000e+01;9.4661020e-02;5.7500000e+01;4.9085051e-02;5.7500000e+01;7.2316155e-03;5.7500000e+01;-4.1063078e-02;5.7500000e+01;-8.3185367e-02;5.7500000e+01;-1.2615083e-01;5.7500000e+01;-5.0990567e-02;5.7500000e+01;-7.2521558e-03;5.7500000e+01;6.1806239e-02;5.7500000e+01;1.4133874e-01;5.7500000e+01;2.2818133e-01;5.7500000e+01;2.7790135e-01;5.7500000e+01;2.9042447e-01;5.7500000e+01;3.2231328e-01;5.7500000e+01;2.8846055e-01;5.7500000e+01;2.3597839e-01;5.7500000e+01;1.8676007e-01;5.7500000e+01;1.4040786e-01;5.7500000e+01;9.4661020e-02;5.7500000e+01;4.9085051e-02;5.7500000e+01;7.2316155e-03;5.7500000e+01;-4.1063078e-02;5.7500000e+01;-8.3185367e-02;5.7500000e+01;-1.2615083e-01;5.7500000e+01;-5.0990567e-02;5.7500000e+01;-7.2521558e-03;5.7500000e+01;6.1806239e-02;5.7500000e+01;1.4133874e-01;5.7500000e+01;2.2818133e-01;5.7500000e+01;2.7790135e-01;5.7500000e+01;2.9042447e-01;5.7500000e+01;3.2231328e-01;5.7500000e+01;2.8846055e-01;5.7500000e+01;2.3597839e-01;5.7500000e+01;1.8676007e-01;5.7500000e+01;1.4040786e-01;5.7500000e+01;9.4661020e-02;5.7500000e+01;4.9085051e-02;5.7500000e+01;7.2316155e-03;5.7500000e+01;-4.1063078e-02;5.7500000e+01;-8.3185367e-02;5.7500000e+01;-1.2615083e-01;5.7500000e+01;-5.0990567e-02;5.7500000e+01;-7.2521558e-03;5.7500000e+01;6.1806239e-02;5.7500000e+01;1.4133874e-01;5.7500000e+01;2.2818133e-01;5.7500000e+01;2.7790135e-01;5.7500000e+01;2.9042447e-01;5.7500000e+01;3.2231328e-01;5.7500000e+01;2.8846055e-01;5.7500000e+01;2.3597839e-01;5.7500000e+01;1.8676007e-01;5.7500000e+01;1.4040786e-01;5.7500000e+01;9.4661020e-02;5.7500000e+01;4.9085051e-02;5.7500000e+01;7.2316155e-03;5.7500000e+01;-4.1063078e-02;5.7500000e+01;-8.3185367e-02;5.7500000e+01;-1.2615083e-01;5.7500000e+01;-5.0990567e-02;5.7500000e+01;-7.2521558e-03;5.7500000e+01;6.1806239e-02;5.7500000e+01;1.4133874e-01;5.7500000e+01;2.2818133e-01;5.7500000e+01;2.7790135e-01;5.7500000e+01;2.9042447e-01;5.7500000e+01;3.2231328e-01;5.7500000e+01;2.8846055e-01;5.7500000e+01;2.3597839e-01;5.7500000e+01;1.8676007e-01;5.7500000e+01;1.4040786e-01;5.7500000e+01;9.4661020e-02;5.7500000e+01;4.9085051e-02;5.7500000e+01;7.2316155e-03;5.7500000e+01;-4.1063078e-02;5.7500000e+01;-8.3185367e-02;5.7500000e+01;-1.2615083e-01;5.7500000e+01;-5.0990567e-02;5.7500000e+01;-7.2521558e-03;5.7500000e+01;6.1806239e-02;5.7500000e+01;1.4133874e-01;5.7500000e+01;2.2818133e-01;5.7500000e+01;2.7790135e-01;5.7500000e+01;2.9042447e-01;5.7500000e+01;3.2231328e-01;5.7500000e+01;2.8846055e-01;5.7500000e+01;2.3597839e-01;5.7500000e+01;1.8676007e-01;5.7500000e+01;1.4040786e-01;5.7500000e+01;9.4661020e-02;5.7500000e+01;4.9085051e-02;5.7500000e+01;7.2316155e-03;5.7500000e+01;-4.1063078e-02;5.7500000e+01;-8.3185367e-02;5.7500000e+01;-1.2615083e-01;5.7500000e+01;-5.0990567e-02;5.7500000e+01;-7.2521558e-03;5.7500000e+01;6.1806239e-02;5.7500000e+01;1.4133874e-01;5.7500000e+01;2.2818133e-01;5.7500000e+01;2.7790135e-01;5.7500000e+01;2.9042447e-01;5.7500000e+01;3.2231328e-01;5.7500000e+01;2.8846055e-01;5.7500000e+01;2.3597839e-01;5.7500000e+01;1.8676007e-01;5.7500000e+01;1.4040786e-01;5.7500000e+01;9.4661020e-02;5.7500000e+01;4.9085051e-02;5.7500000e+01;7.2316155e-03;5.7500000e+01;-4.1063078e-02;5.7500000e+01;-8.3185367e-02;5.7500000e+01;-1.2615083e-01;5.7500000e+01;-5.0990567e-02;5.7500000e+01;-7.2521558e-03;5.7500000e+01;6.1806239e-02;5.7500000e+01;1.4133874e-01;5.7500000e+01;2.2818133e-01;5.7500000e+01;2.7790135e-01;5.7500000e+01;2.9042447e-01;5.7500000e+01;3.2231328e-01;5.7500000e+01;2.8846055e-01;5.7500000e+01;2.3597839e-01;5.7500000e+01;1.8676007e-01;5.7500000e+01;1.4040786e-01;5.7500000e+01;9.4661020e-02;5.7500000e+01;4.9085051e-02;5.7500000e+01;7.2316155e-03;5.7500000e+01;-4.1063078e-02;5.7500000e+01;-8.3185367e-02;5.7500000e+01;-1.2615083e-01;5.7500000e+01;-5.0990567e-02;5.7500000e+01;-7.2521558e-03;5.7500000e+01;6.1806239e-02;5.7500000e+01;1.4133874e-01;5.7500000e+01;2.2818133e-01;5.7500000e+01;2.7790135e-01;5.7500000e+01;2.9042447e-01;5.7500000e+01;3.2231328e-01;5.7500000e+01;2.8846055e-01;5.7500000e+01;2.3597839e-01;5.7500000e+01;1.8676007e-01;5.7500000e+01;1.4040786e-01;5.7500000e+01;9.4661020e-02;5.7500000e+01;4.9085051e-02;5.7500000e+01;7.2316155e-03;5.7500000e+01;-4.1063078e-02;5.7500000e+01;-8.3185367e-02;5.7500000e+01;-1.2615083e-01;5.7500000e+01;-5.0990567e-02;5.7500000e+01;-7.2521558e-03;5.7500000e+01;6.1806239e-02;5.7500000e+01;1.4133874e-01;5.7500000e+01;2.2818133e-01;5.7500000e+01;2.7790135e-01;5.7500000e+01;2.9042447e-01;5.7500000e+01;3.2231328e-01;5.7500000e+01;2.8846055e-01;5.7500000e+01;2.3597839e-01;5.7500000e+01;1.8676007e-01;5.7500000e+01;1.4040786e-01;5.7500000e+01;9.4661020e-02;5.7500000e+01;4.9085051e-02;5.7500000e+01;7.2316155e-03;5.7500000e+01;-4.1063078e-02;5.7500000e+01;-8.3185367e-02;5.7500000e+01;-1.2615083e-01;5.7500000e+01;-5.0990567e-02;5.7500000e+01;-7.2521558e-03;5.7500000e+01;6.1806239e-02;5.7500000e+01;1.4133874e-01;5.7500000e+01;2.2818133e-01;5.7500000e+01;2.7790135e-01;5.7500000e+01;2.9042447e-01;5.7500000e+01;3.2231328e-01;5.7500000e+01;2.8846055e-01;5.7500000e+01;2.3597839e-01;5.7500000e+01;1.8676007e-01;5.7500000e+01;1.4040786e-01;5.7500000e+01;9.4661020e-02;5.7500000e+01;4.9085051e-02;5.7500000e+01;7.2316155e-03;5.7500000e+01;-4.1063078e-02;5.7500000e+01;-8.3185367e-02;5.7500000e+01;-1.2615083e-01;5.7500000e+01;-5.0990567e-02;5.7500000e+01;-7.2521558e-03;5.7500000e+01;6.1806239e-02;5.7500000e+01;1.4133874e-01;5.7500000e+01;2.2818133e-01;5.7500000e+01;2.7790135e-01;5.7500000e+01;2.9042447e-01;5.7500000e+01;3.2231328e-01;5.7500000e+01;2.8846055e-01;5.7500000e+01;2.3597839e-01;5.7500000e+01;1.8676007e-01;5.7500000e+01;1.4040786e-01;5.7500000e+01;9.4661020e-02;5.7500000e+01;4.9085051e-02;5.7500000e+01;7.2316155e-03;5.7500000e+01;-4.1063078e-02;5.7500000e+01;-8.3185367e-02;5.7500000e+01;-1.2615083e-01;5.7500000e+01;-5.0990567e-02;5.7500000e+01;-7.2521558e-03;5.7500000e+01;6.1806239e-02;5.7500000e+01;1.4133874e-01;5.7500000e+01;2.2818133e-01;5.7500000e+01;2.7790135e-01;5.7500000e+01;2.9042447e-01;5.7500000e+01;3.2231328e-01;5.7500000e+01;2.8846055e-01;5.7500000e+01;2.3597839e-01;5.7500000e+01;1.8676007e-01;5.7500000e+01;1.4040786e-01;5.7500000e+01;9.4661020e-02;5.7500000e+01;4.9085051e-02;5.7500000e+01;7.2316155e-03;5.7500000e+01;-4.1063078e-02;5.7500000e+01;-8.3185367e-02;5.7500000e+01;-1.2615083e-01;5.7500000e+01;-5.0990567e-02;5.7500000e+01;-7.2521558e-03;5.7500000e+01;6.1806239e-02;5.7500000e+01;1.4133874e-01;5.7500000e+01;2.2818133e-01;5.7500000e+01;2.7790135e-01;5.7500000e+01;2.9042447e-01;5.7500000e+01;3.2231328e-01;5.7500000e+01;2.8846055e-01;5.7500000e+01;2.3597839e-01;5.7500000e+01;1.8676007e-01;5.7500000e+01;1.4040786e-01;5.7500000e+01;9.4661020e-02;5.7500000e+01;4.9085051e-02;5.7500000e+01;7.2316155e-03;5.7500000e+01;-4.1063078e-02;5.7500000e+01;-8.3185367e-02;5.7500000e+01;-1.2615083e-01;5.7500000e+01;-5.0990567e-02;5.7500000e+01;-7.2521558e-03;5.7500000e+01;6.1806239e-02;5.7500000e+01;1.4133874e-01;5.7500000e+01;2.2818133e-01;5.7500000e+01;2.7790135e-01;5.7500000e+01;2.9042447e-01;5.7500000e+01;3.2231328e-01;5.7500000e+01;2.8846055e-01;5.7500000e+01;2.3597839e-01;5.7500000e+01;1.8676007e-01;5.7500000e+01;1.4040786e-01;5.7500000e+01;9.4661020e-02;5.7500000e+01;4.9085051e-02;5.7500000e+01;7.2316155e-03;5.7500000e+01;-4.1063078e-02;5.7500000e+01;-8.3185367e-02;5.7500000e+01;-1.2615083e-01;5.7500000e+01;-5.0990567e-02;5.7500000e+01;-7.2521558e-03;5.7500000e+01;6.1806239e-02;5.7500000e+01;1.4133874e-01;5.7500000e+01;2.2818133e-01;5.7500000e+01;2.7790135e-01;5.7500000e+01;2.9042447e-01;5.7500000e+01;3.2231328e-01;5.7500000e+01;2.8846055e-01;5.7500000e+01;2.3597839e-01;5.7500000e+01;1.8676007e-01;5.7500000e+01;1.4040786e-01;5.7500000e+01;9.4661020e-02;5.7500000e+01;4.9085051e-02;5.7500000e+01;7.2316155e-03;5.7500000e+01;-4.1063078e-02;5.7500000e+01;-8.3185367e-02;5.7500000e+01;-1.2615083e-01;5.7500000e+01;-5.0990567e-02;5.7500000e+01;-7.2521558e-03;5.7500000e+01;6.1806239e-02;5.7500000e+01;1.4133874e-01;5.7500000e+01;2.2818133e-01;5.7500000e+01;2.7790135e-01;5.7500000e+01;2.9042447e-01;5.7500000e+01;3.2231328e-01;5.7500000e+01;2.8846055e-01;5.7500000e+01;2.3597839e-01;5.7500000e+01;1.8676007e-01;5.7500000e+01;1.4040786e-01;5.7500000e+01;9.4661020e-02;5.7500000e+01;4.9085051e-02;5.7500000e+01;7.2316155e-03;5.7500000e+01;-4.1063078e-02;5.7500000e+01;-8.3185367e-02;5.7500000e+01;-1.2615083e-01;5.7500000e+01;-5.0990567e-02;5.7500000e+01;-7.2521558e-03;5.7500000e+01;6.1806239e-02;5.7500000e+01;1.4133874e-01;5.7500000e+01;2.2818133e-01;5.7500000e+01;2.7790135e-01;5.7500000e+01;2.9042447e-01;5.7500000e+01;3.2231328e-01;5.7500000e+01;2.8846055e-01;5.7500000e+01;2.3597839e-01;5.7500000e+01;1.8676007e-01;5.7500000e+01;1.4040786e-01;5.7500000e+01;9.4661020e-02;5.7500000e+01;4.9085051e-02;5.7500000e+01;7.2316155e-03;5.7500000e+01;-4.1063078e-02;5.7500000e+01;-8.3185367e-02;5.7500000e+01;-1.2615083e-01;5.7500000e+01;-5.0990567e-02;5.7500000e+01;-7.2521558e-03;5.7500000e+01;6.1806239e-02;5.7500000e+01;1.4133874e-01;5.7500000e+01;2.2818133e-01;5.7500000e+01;2.7790135e-01;5.7500000e+01;2.9042447e-01;5.7500000e+01;3.2231328e-01;5.7500000e+01;2.8846055e-01;5.7500000e+01;2.3597839e-01;5.7500000e+01;1.8676007e-01;5.7500000e+01;1.4040786e-01;5.7500000e+01;9.4661020e-02;5.7500000e+01;4.9085051e-02;5.7500000e+01;7.2316155e-03;5.7500000e+01;-4.1063078e-02;5.7500000e+01;-8.3185367e-02;5.7500000e+01;-1.2615083e-01;5.7500000e+01;-5.0990567e-02;5.7500000e+01;-7.2521558e-03;5.7500000e+01;6.1806239e-02;5.7500000e+01;1.4133874e-01;5.7500000e+01;2.2818133e-01;5.7500000e+01;2.7790135e-01;5.7500000e+01;2.9042447e-01;5.7500000e+01;3.2231328e-01;5.7500000e+01;2.8846055e-01;5.7500000e+01;2.3597839e-01;5.7500000e+01;1.8676007e-01;5.7500000e+01;1.4040786e-01;5.7500000e+01;9.4661020e-02;5.7500000e+01;4.9085051e-02;5.7500000e+01;7.2316155e-03;5.7500000e+01;-4.1063078e-02;5.7500000e+01;-8.3185367e-02;5.7500000e+01;-1.2615083e-01;5.7500000e+01;-5.0990567e-02;5.7500000e+01;-7.2521558e-03;5.7500000e+01;6.1806239e-02;5.7500000e+01;1.4133874e-01;5.7500000e+01;2.2818133e-01;5.7500000e+01;2.7790135e-01;5.7500000e+01;2.9042447e-01;5.7500000e+01;3.2231328e-01;5.7500000e+01;2.8846055e-01;5.7500000e+01;2.3597839e-01;5.7500000e+01;1.8676007e-01;5.7500000e+01;1.4040786e-01;5.7500000e+01;9.4661020e-02;5.7500000e+01;4.9085051e-02;5.7500000e+01;7.2316155e-03;5.7500000e+01;-4.1063078e-02;5.7500000e+01;-8.3185367e-02;5.7500000e+01;-1.2615083e-01;5.7500000e+01;-5.0990567e-02;5.7500000e+01;-7.2521558e-03;5.7500000e+01;6.1806239e-02;5.7500000e+01;1.4133874e-01;5.7500000e+01;2.2818133e-01;5.7500000e+01;2.7790135e-01;5.7500000e+01;2.9042447e-01;5.7500000e+01;3.2231328e-01;5.7500000e+01;2.8846055e-01;5.7500000e+01;2.3597839e-01;5.7500000e+01;1.8676007e-01;5.7500000e+01;1.4040786e-01;5.7500000e+01;9.4661020e-02;5.7500000e+01;4.9085051e-02;5.7500000e+01;7.2316155e-03;5.7500000e+01;-4.1063078e-02;5.7500000e+01;-8.3185367e-02;5.7500000e+01;-1.2615083e-01;5.7500000e+01;-5.0990567e-02;5.7500000e+01;-7.2521558e-03;5.7500000e+01;6.1806239e-02;5.7500000e+01;1.4133874e-01;5.7500000e+01;2.2818133e-01;5.7500000e+01;2.7790135e-01;5.7500000e+01;2.9042447e-01;5.7500000e+01;3.2231328e-01;5.7500000e+01;2.8846055e-01;5.7500000e+01;2.3597839e-01;5.7500000e+01;1.8676007e-01;5.7500000e+01;1.4040786e-01;5.7500000e+01;9.4661020e-02;5.7500000e+01;4.9085051e-02;5.7500000e+01;7.2316155e-03;5.7500000e+01;-4.1063078e-02;5.7500000e+01;-8.3185367e-02;5.7500000e+01;-1.2615083e-01;5.7500000e+01;-5.0990567e-02;5.7500000e+01;-7.2521558e-03;5.7500000e+01;6.1806239e-02;5.7500000e+01;1.4133874e-01;5.7500000e+01;2.2818133e-01;5.7500000e+01;2.7790135e-01;5.7500000e+01;2.9042447e-01;5.7500000e+01;3.2231328e-01;5.7500000e+01;2.8846055e-01;5.7500000e+01;2.3597839e-01;5.7500000e+01;1.8676007e-01;5.7500000e+01;1.4040786e-01;5.7500000e+01;9.4661020e-02;5.7500000e+01;4.9085051e-02;5.7500000e+01;7.2316155e-03;5.7500000e+01;-4.1063078e-02;5.7500000e+01;-8.3185367e-02;5.7500000e+01;-1.2615083e-01;5.7500000e+01;-5.0990567e-02;5.7500000e+01;-7.2521558e-03;5.7500000e+01;6.1806239e-02;5.7500000e+01;1.4133874e-01;5.7500000e+01;2.2818133e-01;5.7500000e+01;2.7790135e-01;5.7500000e+01;2.9042447e-01;5.7500000e+01;3.2231328e-01;5.7500000e+01;2.8846055e-01;5.7500000e+01;2.3597839e-01;5.7500000e+01;1.8676007e-01;5.7500000e+01;1.4040786e-01;5.7500000e+01;9.4661020e-02;5.7500000e+01;4.9085051e-02;5.7500000e+01;7.2316155e-03;5.7500000e+01;-4.1063078e-02;5.7500000e+01;-8.3185367e-02;5.7500000e+01;-1.2615083e-01;5.7500000e+01;-5.0990567e-02;5.7500000e+01;-7.2521558e-03;5.7500000e+01;6.1806239e-02;5.7500000e+01;1.4133874e-01;5.7500000e+01;2.2818133e-01;5.7500000e+01;2.7790135e-01;5.7500000e+01;2.9042447e-01;5.7500000e+01;3.2231328e-01;5.7500000e+01;2.8846055e-01;5.7500000e+01;2.3597839e-01;5.7500000e+01;1.8676007e-01;5.7500000e+01;1.4040786e-01;5.7500000e+01;9.4661020e-02;5.7500000e+01;4.9085051e-02;5.7500000e+01;7.2316155e-03;5.7500000e+01;-4.1063078e-02;5.7500000e+01;-8.3185367e-02;5.7500000e+01;-1.2615083e-01;5.7500000e+01;-5.0990567e-02;5.7500000e+01;-7.2521558e-03;5.7500000e+01;6.1806239e-02;5.7500000e+01;1.4133874e-01;5.7500000e+01;2.2818133e-01;5.7500000e+01;2.7790135e-01;5.7500000e+01;2.9042447e-01;5.7500000e+01;3.2231328e-01;5.7500000e+01;2.8846055e-01;5.7500000e+01;2.3597839e-01;5.7500000e+01;1.8676007e-01;5.7500000e+01;1.4040786e-01;5.7500000e+01;9.4661020e-02;5.7500000e+01;4.9085051e-02;5.7500000e+01;7.2316155e-03;5.7500000e+01;-4.1063078e-02;5.7500000e+01;-8.3185367e-02;5.7500000e+01;-1.2615083e-01;5.7500000e+01;-5.0990567e-02;5.7500000e+01;-7.2521558e-03;5.7500000e+01;6.1806239e-02;5.7500000e+01;1.4133874e-01;5.7500000e+01;2.2818133e-01;5.7500000e+01;2.7790135e-01;5.7500000e+01;2.9042447e-01;5.7500000e+01;3.2231328e-01;5.7500000e+01;2.8846055e-01;5.7500000e+01;2.3597839e-01;5.7500000e+01;1.8676007e-01;5.7500000e+01;1.4040786e-01;5.7500000e+01;9.4661020e-02;5.7500000e+01;4.9085051e-02;5.7500000e+01;7.2316155e-03;5.7500000e+01;-4.1063078e-02;5.7500000e+01;-8.3185367e-02;5.7500000e+01;-1.2615083e-01;5.7500000e+01;-5.0990567e-02;5.7500000e+01;-7.2521558e-03;5.7500000e+01;6.1806239e-02;5.7500000e+01;1.4133874e-01;5.7500000e+01;2.2818133e-01;5.7500000e+01;2.7790135e-01;5.7500000e+01;2.9042447e-01;5.7500000e+01;3.2231328e-01;5.7500000e+01;2.8846055e-01;5.7500000e+01;2.3597839e-01;5.7500000e+01;1.8676007e-01;5.7500000e+01;1.4040786e-01;5.7500000e+01;9.4661020e-02;5.7500000e+01;4.9085051e-02;5.7500000e+01;7.2316155e-03;5.7500000e+01;-4.1063078e-02;5.7500000e+01;-8.3185367e-02;5.7500000e+01;-1.2615083e-01;5.7500000e+01;-5.0990567e-02;5.7500000e+01;-7.2521558e-03;5.7500000e+01;6.1806239e-02;5.7500000e+01;1.4133874e-01;5.7500000e+01;2.2818133e-01;5.7500000e+01;2.7790135e-01;5.7500000e+01;2.9042447e-01;5.7500000e+01;3.2231328e-01;5.7500000e+01;2.8846055e-01;5.7500000e+01;2.3597839e-01;5.7500000e+01;1.8676007e-01;5.7500000e+01;1.4040786e-01;5.7500000e+01;9.4661020e-02;5.7500000e+01;4.9085051e-02;5.7500000e+01;7.2316155e-03;5.7500000e+01;-4.1063078e-02;5.7500000e+01;-8.3185367e-02;5.7500000e+01;-1.2615083e-01;5.7500000e+01;-5.0990567e-02;5.7500000e+01;-7.2521558e-03;5.7500000e+01;6.1806239e-02;5.7500000e+01;1.4133874e-01;5.7500000e+01;2.2818133e-01;5.7500000e+01;2.7790135e-01;5.7500000e+01;2.9042447e-01;5.7500000e+01;3.2231328e-01;5.7500000e+01;2.8846055e-01;5.7500000e+01;2.3597839e-01;5.7500000e+01;1.8676007e-01;5.7500000e+01;1.4040786e-01;5.7500000e+01;9.4661020e-02;5.7500000e+01;4.9085051e-02;5.7500000e+01;7.2316155e-03;5.7500000e+01;-4.1063078e-02;5.7500000e+01;-8.3185367e-02;5.7500000e+01;-1.2615083e-01;5.7500000e+01;-5.0990567e-02;5.7500000e+01;-7.2521558e-03;5.7500000e+01;6.1806239e-02;5.7500000e+01;1.4133874e-01;5.7500000e+01;2.2818133e-01;5.7500000e+01;2.7790135e-01;5.7500000e+01;2.9042447e-01;5.7500000e+01;3.2231328e-01;5.7500000e+01;2.8846055e-01;5.7500000e+01;2.3597839e-01;5.7500000e+01;1.8676007e-01;5.7500000e+01;1.4040786e-01;5.7500000e+01;9.4661020e-02;5.7500000e+01;4.9085051e-02;5.7500000e+01;7.2316155e-03;5.7500000e+01;-4.1063078e-02;5.7500000e+01;-8.3185367e-02;5.7500000e+01;-1.2615083e-01;5.7500000e+01;-5.0990567e-02;5.7500000e+01;-7.2521558e-03;5.7500000e+01;6.1806239e-02;5.7500000e+01;1.4133874e-01;5.7500000e+01;2.2818133e-01;5.7500000e+01;2.7790135e-01;5.7500000e+01;2.9042447e-01;5.7500000e+01;3.2231328e-01;5.7500000e+01;2.8846055e-01;5.7500000e+01;2.3597839e-01;5.7500000e+01;1.8676007e-01;5.7500000e+01;1.4040786e-01;5.7500000e+01;9.4661020e-02;5.7500000e+01;4.9085051e-02;5.7500000e+01;7.2316155e-03;5.7500000e+01;-4.1063078e-02;5.7500000e+01;-8.3185367e-02;5.7500000e+01;-1.2615083e-01;5.7500000e+01;-5.0990567e-02;5.7500000e+01;-7.2521558e-03;5.7500000e+01;6.1806239e-02;5.7500000e+01;1.4133874e-01;5.7500000e+01;2.2818133e-01;5.7500000e+01;2.7790135e-01;5.7500000e+01;2.9042447e-01;5.7500000e+01;3.2231328e-01;5.7500000e+01;2.8846055e-01;5.7500000e+01;2.3597839e-01;5.7500000e+01;1.8676007e-01;5.7500000e+01;1.4040786e-01;5.7500000e+01;9.4661020e-02;5.7500000e+01;4.9085051e-02;5.7500000e+01;7.2316155e-03;5.7500000e+01;-4.1063078e-02;5.7500000e+01;-8.3185367e-02;5.7500000e+01;-1.2615083e-01;5.7500000e+01;-5.0990567e-02;5.7500000e+01;-7.2521558e-03;5.7500000e+01;6.1806239e-02;5.7500000e+01;1.4133874e-01;5.7500000e+01;2.2818133e-01;5.7500000e+01;2.7790135e-01;5.7500000e+01;2.9042447e-01;5.7500000e+01;3.2231328e-01;5.7500000e+01;2.8846055e-01;5.7500000e+01;2.3597839e-01;5.7500000e+01;1.8676007e-01;5.7500000e+01;1.4040786e-01;5.7500000e+01;9.4661020e-02;5.7500000e+01;4.9085051e-02;5.7500000e+01;7.2316155e-03;5.7500000e+01;-4.1063078e-02;5.7500000e+01;-8.3185367e-02;5.7500000e+01;-1.2615083e-01;5.7500000e+01;-5.0990567e-02;5.7500000e+01;-7.2521558e-03;5.7500000e+01;6.1806239e-02;5.7500000e+01;1.4133874e-01;5.7500000e+01;2.2818133e-01;5.7500000e+01;2.7790135e-01;5.7500000e+01;2.9042447e-01;5.7500000e+01;3.2231328e-01;5.7500000e+01;2.8846055e-01;5.7500000e+01;2.3597839e-01;5.7500000e+01;1.8676007e-01;5.7500000e+01;1.4040786e-01;5.7500000e+01;9.4661020e-02;5.7500000e+01;4.9085051e-02;5.7500000e+01;7.2316155e-03;5.7500000e+01;-4.1063078e-02;5.7500000e+01;-8.3185367e-02;5.7500000e+01;-1.2615083e-01;5.7500000e+01;-5.0990567e-02;5.7500000e+01;-7.2521558e-03;5.7500000e+01;6.1806239e-02;5.7500000e+01;1.4133874e-01;5.7500000e+01;2.2818133e-01;5.7500000e+01;2.7790135e-01;5.7500000e+01;2.9042447e-01;5.7500000e+01;3.2231328e-01;5.7500000e+01;2.8846055e-01;5.7500000e+01;2.3597839e-01;5.7500000e+01;1.8676007e-01;5.7500000e+01;1.4040786e-01;5.7500000e+01;9.4661020e-02;5.7500000e+01;4.9085051e-02;5.7500000e+01;7.2316155e-03;5.7500000e+01;-4.1063078e-02;5.7500000e+01;-8.3185367e-02;5.7500000e+01;-1.2615083e-01;5.7500000e+01;-5.0990567e-02;5.7500000e+01;-7.2521558e-03;5.7500000e+01;6.1806239e-02;5.7500000e+01;1.4133874e-01;5.7500000e+01;2.2818133e-01;5.7500000e+01;2.7790135e-01;5.7500000e+01;2.9042447e-01;5.7500000e+01;3.2231328e-01;5.7500000e+01;2.8846055e-01;5.7500000e+01;2.3597839e-01;5.7500000e+01;1.8676007e-01;5.7500000e+01;1.4040786e-01;5.7500000e+01;9.4661020e-02;5.7500000e+01;4.9085051e-02;5.7500000e+01;7.2316155e-03;5.7500000e+01;-4.1063078e-02;5.7500000e+01;-8.3185367e-02;5.7500000e+01;-1.2615083e-01;5.7500000e+01;-5.0990567e-02;5.7500000e+01;-7.2521558e-03;5.7500000e+01;6.1806239e-02;5.7500000e+01;1.4133874e-01;5.7500000e+01;2.2818133e-01;5.7500000e+01;2.7790135e-01;5.7500000e+01;2.9042447e-01;5.7500000e+01;3.2231328e-01;5.7500000e+01;2.8846055e-01;5.7500000e+01;2.3597839e-01;5.7500000e+01;1.8676007e-01;5.7500000e+01;1.4040786e-01;5.7500000e+01;9.4661020e-02;5.7500000e+01;4.9085051e-02;5.7500000e+01;7.2316155e-03;5.7500000e+01;-4.1063078e-02;5.7500000e+01;-8.3185367e-02;5.7500000e+01;-1.2615083e-01;5.7500000e+01;-5.0990567e-02;5.7500000e+01;-7.2521558e-03;5.7500000e+01;6.1806239e-02;5.7500000e+01;1.4133874e-01;5.7500000e+01;2.2818133e-01;5.7500000e+01;2.7790135e-01;5.7500000e+01;2.9042447e-01;5.7500000e+01;3.2231328e-01;5.7500000e+01;2.8846055e-01;5.7500000e+01;2.3597839e-01;5.7500000e+01;1.8676007e-01;5.7500000e+01;1.4040786e-01;5.7500000e+01;9.4661020e-02;5.7500000e+01;4.9085051e-02;5.7500000e+01;7.2316155e-03;5.7500000e+01;-4.1063078e-02;5.7500000e+01;-8.3185367e-02;5.7500000e+01;-1.2615083e-01;5.7500000e+01;-5.0990567e-02;5.7500000e+01;-7.2521558e-03;5.7500000e+01;6.1806239e-02;5.7500000e+01;1.4133874e-01;5.7500000e+01;2.2818133e-01;5.7500000e+01;2.7790135e-01;5.7500000e+01;2.9042447e-01;5.7500000e+01;3.2231328e-01;5.7500000e+01;2.8846055e-01;5.7500000e+01;2.3597839e-01;5.7500000e+01;1.8676007e-01;5.7500000e+01;1.4040786e-01;5.7500000e+01;9.4661020e-02;5.7500000e+01;4.9085051e-02;5.7500000e+01;7.2316155e-03;5.7500000e+01;-4.1063078e-02;5.7500000e+01;-8.3185367e-02;5.7500000e+01;-1.2615083e-01;5.7500000e+01;-5.0990567e-02;5.7500000e+01;-7.2521558e-03;5.7500000e+01;6.1806239e-02;5.7500000e+01;1.4133874e-01;5.7500000e+01;2.2818133e-01;5.7500000e+01;2.7790135e-01;5.7500000e+01;2.9042447e-01;5.7500000e+01;3.2231328e-01;5.7500000e+01;2.8846055e-01;5.7500000e+01;2.3597839e-01;5.7500000e+01;1.8676007e-01;5.7500000e+01;1.4040786e-01;5.7500000e+01;9.4661020e-02;5.7500000e+01;4.9085051e-02;5.7500000e+01;7.2316155e-03;5.7500000e+01;-4.1063078e-02;5.7500000e+01;-8.3185367e-02;5.7500000e+01;-1.2615083e-01;5.7500000e+01;-5.0990567e-02;5.7500000e+01;-7.2521558e-03;5.7500000e+01;6.1806239e-02;5.7500000e+01;1.4133874e-01;5.7500000e+01;2.2818133e-01;5.7500000e+01;2.7790135e-01;5.7500000e+01;2.9042447e-01;5.7500000e+01;3.2231328e-01;5.7500000e+01;2.8846055e-01;5.7500000e+01;2.3597839e-01;5.7500000e+01;1.8676007e-01;5.7500000e+01;1.4040786e-01;5.7500000e+01;9.4661020e-02;5.7500000e+01;4.9085051e-02;5.7500000e+01;7.2316155e-03;5.7500000e+01;-4.1063078e-02;5.7500000e+01;-8.3185367e-02;5.7500000e+01;-1.2615083e-01
6.2500000e+01;-5.0858431e-02;6.2500000e+01;-6.8039242e-03;6.2500000e+01;5.9733577e-02;6.2500000e+01;1.4080301e-01;6.2500000e+01;2.2576505e-01;6.2500000e+01;2.7952245e-01;6.2500000e+01;2.8539684e-01;6.2500000e+01;3.2403269e-01;6.2500000e+01;3.0492538e-01;6.2500000e+01;2.3990242e-01;6.2500000e+01;1.8130204e-01;6.2500000e+01;1.3167514e-01;6.2500000e+01;8.6441092e-02;6.2500000e+01;4.4568777e-02;6.2500000e+01;1.9459054e-03;6.2500000e+01;-4.3460160e-02;6.2500000e+01;-8.8946573e-02;6.2500000e+01;-1.2958154e-01;6.2500000e+01;-5.0858431e-02;6.2500000e+01;-6.8039242e-03;6.2500000e+01;5.9733577e-02;6.2500000e+01;1.4080301e-01;6.2500000e+01;2.2576505e-01;6.2500000e+01;2.7952245e-01;6.2500000e+01;2.8539684e-01;6.2500000e+01;3.2403269e-01;6.2500000e+01;3.0492538e-01;6.2500000e+01;2.3990242e-01;6.2500000e+01;1.8130204e-01;6.2500000e+01;1.3167514e-01;6.2500000e+01;8.6441092e-02;6.2500000e+01;4.4568777e-02;6.2500000e+01;1.9459054e-03;6.2500000e+01;-4.3460160e-02;6.2500000e+01;-8.8946573e-02;6.2500000e+01;-1.2958154e-01;6.2500000e+01;-5.0858431e-02;6.2500000e+01;-6.8039242e-03;6.2500000e+01;5.9733577e-02;6.2500000e+01;1.4080301e-01;6.2500000e+01;2.2576505e-01;6.2500000e+01;2.7952245e-01;6.2500000e+01;2.8539684e-01;6.2500000e+01;3.2403269e-01;6.2500000e+01;3.0492538e-01;6.2500000e+01;2.3990242e-01;6.2500000e+01;1.8130204e-01;6.2500000e+01;1.3167514e-01;6.2500000e+01;8.6441092e-02;6.2500000e+01;4.4568777e-02;6.2500000e+01;1.9459054e-03;6.2500000e+01;-4.3460160e-02;6.2500000e+01;-8.8946573e-02;6.2500000e+01;-1.2958154e-01;6.2500000e+01;-5.0858431e-02;6.2500000e+01;-6.8039242e-03;6.2500000e+01;5.9733577e-02;6.2500000e+01;1.4080301e-01;6.2500000e+01;2.2576505e-01;6.2500000e+01;2.7952245e-01;6.2500000e+01;2.8539684e-01;6.2500000e+01;3.2403269e-01;6.2500000e+01;3.0492538e-01;6.2500000e+01;2.3990242e-01;6.2500000e+01;1.8130204e-01;6.2500000e+01;1.3167514e-01;6.2500000e+01;8.6441092e-02;6.2500000e+01;4.4568777e-02;6.2500000e+01;1.9459054e-03;6.2500000e+01;-4.3460160e-02;6.2500000e+01;-8.8946573e-02;6.2500000e+01;-1.2958154e-01;6.2500000e+01;-5.0858431e-02;6.2500000e+01;-6.8039242e-03;6.2500000e+01;5.9733577e-02;6.2500000e+01;1.4080301e-01;6.2500000e+01;2.2576505e-01;6.2500000e+01;2.7952245e-01;6.2500000e+01;2.8539684e-01;6.2500000e+01;3.2403269e-01;6.2500000e+01;3.0492538e-01;6.2500000e+01;2.3990242e-01;6.2500000e+01;1.8130204e-01;6.2500000e+01;1.3167514e-01;6.2500000e+01;8.6441092e-02;6.2500000e+01;4.4568777e-02;6.2500000e+01;1.9459054e-03;6.2500000e+01;-4.3460160e-02;6.2500000e+01;-8.8946573e-02;6.2500000e+01;-1.2958154e-01;6.2500000e+01;-5.0858431e-02;6.2500000e+01;-6.8039242e-03;6.2500000e+01;5.9733577e-02;6.2500000e+01;1.4080301e-01;6.2500000e+01;2.2576505e-01;6.2500000e+01;2.7952245e-01;6.2500000e+01;2.8539684e-01;6.2500000e+01;3.2403269e-01;6.2500000e+01;3.0492538e-01;6.2500000e+01;2.3990242e-01;6.2500000e+01;1.8130204e-01;6.2500000e+01;1.3167514e-01;6.2500000e+01;8.6441092e-02;6.2500000e+01;4.4568777e-02;6.2500000e+01;1.9459054e-03;6.2500000e+01;-4.3460160e-02;6.2500000e+01;-8.8946573e-02;6.2500000e+01;-1.2958154e-01;6.2500000e+01;-5.0858431e-02;6.2500000e+01;-6.8039242e-03;6.2500000e+01;5.9733577e-02;6.2500000e+01;1.4080301e-01;6.2500000e+01;2.2576505e-01;6.2500000e+01;2.7952245e-01;6.2500000e+01;2.8539684e-01;6.2500000e+01;3.2403269e-01;6.2500000e+01;3.0492538e-01;6.2500000e+01;2.3990242e-01;6.2500000e+01;1.8130204e-01;6.2500000e+01;1.3167514e-01;6.2500000e+01;8.6441092e-02;6.2500000e+01;4.4568777e-02;6.2500000e+01;1.9459054e-03;6.2500000e+01;-4.3460160e-02;6.2500000e+01;-8.8946573e-02;6.2500000e+01;-1.2958154e-01;6.2500000e+01;-5.0858431e-02;6.2500000e+01;-6.8039242e-03;6.2500000e+01;5.9733577e-02;6.2500000e+01;1.4080301e-01;6.2500000e+01;2.2576505e-01;6.2500000e+01;2.7952245e-01;6.2500000e+01;2.8539684e-01;6.2500000e+01;3.2403269e-01;6.2500000e+01;3.0492538e-01;6.2500000e+01;2.3990242e-01;6.2500000e+01;1.8130204e-01;6.2500000e+01;1.3167514e-01;6.2500000e+01;8.6441092e-02;6.2500000e+01;4.4568777e-02;6.2500000e+01;1.9459054e-03;6.2500000e+01;-4.3460160e-02;6.2500000e+01;-8.8946573e-02;6.2500000e+01;-1.2958154e-01;6.2500000e+01;-5.0858431e-02;6.2500000e+01;-6.8039242e-03;6.2500000e+01;5.9733577e-02;6.2500000e+01;1.4080301e-01;6.2500000e+01;2.2576505e-01;6.2500000e+01;2.7952245e-01;6.2500000e+01;2.8539684e-01;6.2500000e+01;3.2403269e-01;6.2500000e+01;3.0492538e-01;6.2500000e+01;2.3990242e-01;6.2500000e+01;1.8130204e-01;6.2500000e+01;1.3167514e-01;6.2500000e+01;8.6441092e-02;6.2500000e+01;4.4568777e-02;6.2500000e+01;1.9459054e-03;6.2500000e+01;-4.3460160e-02;6.2500000e+01;-8.8946573e-02;6.2500000e+01;-1.2958154e-01;6.2500000e+01;-5.0858431e-02;6.2500000e+01;-6.8039242e-03;6.2500000e+01;5.9733577e-02;6.2500000e+01;1.4080301e-01;6.2500000e+01;2.2576505e-01;6.2500000e+01;2.7952245e-01;6.2500000e+01;2.8539684e-01;6.2500000e+01;3.2403269e-01;6.2500000e+01;3.0492538e-01;6.2500000e+01;2.3990242e-01;6.2500000e+01;1.8130204e-01;6.2500000e+01;1.3167514e-01;6.2500000e+01;8.6441092e-02;6.2500000e+01;4.4568777e-02;6.2500000e+01;1.9459054e-03;6.2500000e+01;-4.3460160e-02;6.2500000e+01;-8.8946573e-02;6.2500000e+01;-1.2958154e-01;6.2500000e+01;-5.0858431e-02;6.2500000e+01;-6.8039242e-03;6.2500000e+01;5.9733577e-02;6.2500000e+01;1.4080301e-01;6.2500000e+01;2.2576505e-01;6.2500000e+01;2.7952245e-01;6.2500000e+01;2.8539684e-01;6.2500000e+01;3.2403269e-01;6.2500000e+01;3.0492538e-01;6.2500000e+01;2.3990242e-01;6.2500000e+01;1.8130204e-01;6.2500000e+01;1.3167514e-01;6.2500000e+01;8.6441092e-02;6.2500000e+01;4.4568777e-02;6.2500000e+01;1.9459054e-03;6.2500000e+01;-4.3460160e-02;6.2500000e+01;-8.8946573e-02;6.2500000e+01;-1.2958154e-01;6.2500000e+01;-5.0858431e-02;6.2500000e+01;-6.8039242e-03;6.2500000e+01;5.9733577e-02;6.2500000e+01;1.4080301e-01;6.2500000e+01;2.2576505e-01;6.2500000e+01;2.7952245e-01;6.2500000e+01;2.8539684e-01;6.2500000e+01;3.2403269e-01;6.2500000e+01;3.0492538e-01;6.2500000e+01;2.3990242e-01;6.2500000e+01;1.8130204e-01;6.2500000e+01;1.3167514e-01;6.2500000e+01;8.6441092e-02;6.2500000e+01;4.4568777e-02;6.2500000e+01;1.9459054e-03;6.2500000e+01;-4.3460160e-02;6.2500000e+01;-8.8946573e-02;6.2500000e+01;-1.2958154e-01;6.2500000e+01;-5.0858431e-02;6.2500000e+01;-6.8039242e-03;6.2500000e+01;5.9733577e-02;6.2500000e+01;1.4080301e-01;6.2500000e+01;2.2576505e-01;6.2500000e+01;2.7952245e-01;6.2500000e+01;2.8539684e-01;6.2500000e+01;3.2403269e-01;6.2500000e+01;3.0492538e-01;6.2500000e+01;2.3990242e-01;6.2500000e+01;1.8130204e-01;6.2500000e+01;1.3167514e-01;6.2500000e+01;8.6441092e-02;6.2500000e+01;4.4568777e-02;6.2500000e+01;1.9459054e-03;6.2500000e+01;-4.3460160e-02;6.2500000e+01;-8.8946573e-02;6.2500000e+01;-1.2958154e-01;6.2500000e+01;-5.0858431e-02;6.2500000e+01;-6.8039242e-03;6.2500000e+01;5.9733577e-02;6.2500000e+01;1.4080301e-01;6.2500000e+01;2.2576505e-01;6.2500000e+01;2.7952245e-01;6.2500000e+01;2.8539684e-01;6.2500000e+01;3.2403269e-01;6.2500000e+01;3.0492538e-01;6.2500000e+01;2.3990242e-01;6.2500000e+01;1.8130204e-01;6.2500000e+01;1.3167514e-01;6.2500000e+01;8.6441092e-02;6.2500000e+01;4.4568777e-02;6.2500000e+01;1.9459054e-03;6.2500000e+01;-4.3460160e-02;6.2500000e+01;-8.8946573e-02;6.2500000e+01;-1.2958154e-01;6.2500000e+01;-5.0858431e-02;6.2500000e+01;-6.8039242e-03;6.2500000e+01;5.9733577e-02;6.2500000e+01;1.4080301e-01;6.2500000e+01;2.2576505e-01;6.2500000e+01;2.7952245e-01;6.2500000e+01;2.8539684e-01;6.2500000e+01;3.2403269e-01;6.2500000e+01;3.0492538e-01;6.2500000e+01;2.3990242e-01;6.2500000e+01;1.8130204e-01;6.2500000e+01;1.3167514e-01;6.2500000e+01;8.6441092e-02;6.2500000e+01;4.4568777e-02;6.2500000e+01;1.9459054e-03;6.2500000e+01;-4.3460160e-02;6.2500000e+01;-8.8946573e-02;6.2500000e+01;-1.2958154e-01;6.2500000e+01;-5.0858431e-02;6.2500000e+01;-6.8039242e-03;6.2500000e+01;5.9733577e-02;6.2500000e+01;1.4080301e-01;6.2500000e+01;2.2576505e-01;6.2500000e+01;2.7952245e-01;6.2500000e+01;2.8539684e-01;6.2500000e+01;3.2403269e-01;6.2500000e+01;3.0492538e-01;6.2500000e+01;2.3990242e-01;6.2500000e+01;1.8130204e-01;6.2500000e+01;1.3167514e-01;6.2500000e+01;8.6441092e-02;6.2500000e+01;4.4568777e-02;6.2500000e+01;1.9459054e-03;6.2500000e+01;-4.3460160e-02;6.2500000e+01;-8.8946573e-02;6.2500000e+01;-1.2958154e-01;6.2500000e+01;-5.0858431e-02;6.2500000e+01;-6.8039242e-03;6.2500000e+01;5.9733577e-02;6.2500000e+01;1.4080301e-01;6.2500000e+01;2.2576505e-01;6.2500000e+01;2.7952245e-01;6.2500000e+01;2.8539684e-01;6.2500000e+01;3.2403269e-01;6.2500000e+01;3.0492538e-01;6.2500000e+01;2.3990242e-01;6.2500000e+01;1.8130204e-01;6.2500000e+01;1.3167514e-01;6.2500000e+01;8.6441092e-02;6.2500000e+01;4.4568777e-02;6.2500000e+01;1.9459054e-03;6.2500000e+01;-4.3460160e-02;6.2500000e+01;-8.8946573e-02;6.2500000e+01;-1.2958154e-01;6.2500000e+01;-5.0858431e-02;6.2500000e+01;-6.8039242e-03;6.2500000e+01;5.9733577e-02;6.2500000e+01;1.4080301e-01;6.2500000e+01;2.2576505e-01;6.2500000e+01;2.7952245e-01;6.2500000e+01;2.8539684e-01;6.2500000e+01;3.2403269e-01;6.2500000e+01;3.0492538e-01;6.2500000e+01;2.3990242e-01;6.2500000e+01;1.8130204e-01;6.2500000e+01;1.3167514e-01;6.2500000e+01;8.6441092e-02;6.2500000e+01;4.4568777e-02;6.2500000e+01;1.9459054e-03;6.2500000e+01;-4.3460160e-02;6.2500000e+01;-8.8946573e-02;6.2500000e+01;-1.2958154e-01;6.2500000e+01;-5.0858431e-02;6.2500000e+01;-6.8039242e-03;6.2500000e+01;5.9733577e-02;6.2500000e+01;1.4080301e-01;6.2500000e+01;2.2576505e-01;6.2500000e+01;2.7952245e-01;6.2500000e+01;2.8539684e-01;6.2500000e+01;3.2403269e-01;6.2500000e+01;3.0492538e-01;6.2500000e+01;2.3990242e-01;6.2500000e+01;1.8130204e-01;6.2500000e+01;1.3167514e-01;6.2500000e+01;8.6441092e-02;6.2500000e+01;4.4568777e-02;6.2500000e+01;1.9459054e-03;6.2500000e+01;-4.3460160e-02;6.2500000e+01;-8.8946573e-02;6.2500000e+01;-1.2958154e-01;6.2500000e+01;-5.0858431e-02;6.2500000e+01;-6.8039242e-03;6.2500000e+01;5.9733577e-02;6.2500000e+01;1.4080301e-01;6.2500000e+01;2.2576505e-01;6.2500000e+01;2.7952245e-01;6.2500000e+01;2.8539684e-01;6.2500000e+01;3.2403269e-01;6.2500000e+01;3.0492538e-01;6.2500000e+01;2.3990242e-01;6.2500000e+01;1.8130204e-01;6.2500000e+01;1.3167514e-01;6.2500000e+01;8.6441092e-02;6.2500000e+01;4.4568777e-02;6.2500000e+01;1.9459054e-03;6.2500000e+01;-4.3460160e-02;6.2500000e+01;-8.8946573e-02;6.2500000e+01;-1.2958154e-01;6.2500000e+01;-5.0858431e-02;6.2500000e+01;-6.8039242e-03;6.2500000e+01;5.9733577e-02;6.2500000e+01;1.4080301e-01;6.2500000e+01;2.2576505e-01;6.2500000e+01;2.7952245e-01;6.2500000e+01;2.8539684e-01;6.2500000e+01;3.2403269e-01;6.2500000e+01;3.0492538e-01;6.2500000e+01;2.3990242e-01;6.2500000e+01;1.8130204e-01;6.2500000e+01;1.3167514e-01;6.2500000e+01;8.6441092e-02;6.2500000e+01;4.4568777e-02;6.2500000e+01;1.9459054e-03;6.2500000e+01;-4.3460160e-02;6.2500000e+01;-8.8946573e-02;6.2500000e+01;-1.2958154e-01;6.2500000e+01;-5.0858431e-02;6.2500000e+01;-6.8039242e-03;6.2500000e+01;5.9733577e-02;6.2500000e+01;1.4080301e-01;6.2500000e+01;2.2576505e-01;6.2500000e+01;2.7952245e-01;6.2500000e+01;2.8539684e-01;6.2500000e+01;3.2403269e-01;6.2500000e+01;3.0492538e-01;6.2500000e+01;2.3990242e-01;6.2500000e+01;1.8130204e-01;6.2500000e+01;1.3167514e-01;6.2500000e+01;8.6441092e-02;6.2500000e+01;4.4568777e-02;6.2500000e+01;1.9459054e-03;6.2500000e+01;-4.3460160e-02;6.2500000e+01;-8.8946573e-02;6.2500000e+01;-1.2958154e-01;6.2500000e+01;-5.0858431e-02;6.2500000e+01;-6.8039242e-03;6.2500000e+01;5.9733577e-02;6.2500000e+01;1.4080301e-01;6.2500000e+01;2.2576505e-01;6.2500000e+01;2.7952245e-01;6.2500000e+01;2.8539684e-01;6.2500000e+01;3.2403269e-01;6.2500000e+01;3.0492538e-01;6.2500000e+01;2.3990242e-01;6.2500000e+01;1.8130204e-01;6.2500000e+01;1.3167514e-01;6.2500000e+01;8.6441092e-02;6.2500000e+01;4.4568777e-02;6.2500000e+01;1.9459054e-03;6.2500000e+01;-4.3460160e-02;6.2500000e+01;-8.8946573e-02;6.2500000e+01;-1.2958154e-01;6.2500000e+01;-5.0858431e-02;6.2500000e+01;-6.8039242e-03;6.2500000e+01;5.9733577e-02;6.2500000e+01;1.4080301e-01;6.2500000e+01;2.2576505e-01;6.2500000e+01;2.7952245e-01;6.2500000e+01;2.8539684e-01;6.2500000e+01;3.2403269e-01;6.2500000e+01;3.0492538e-01;6.2500000e+01;2.3990242e-01;6.2500000e+01;1.8130204e-01;6.2500000e+01;1.3167514e-01;6.2500000e+01;8.6441092e-02;6.2500000e+01;4.4568777e-02;6.2500000e+01;1.9459054e-03;6.2500000e+01;-4.3460160e-02;6.2500000e+01;-8.8946573e-02;6.2500000e+01;-1.2958154e-01;6.2500000e+01;-5.0858431e-02;6.2500000e+01;-6.8039242e-03;6.2500000e+01;5.9733577e-02;6.2500000e+01;1.4080301e-01;6.2500000e+01;2.2576505e-01;6.2500000e+01;2.7952245e-01;6.2500000e+01;2.8539684e-01;6.2500000e+01;3.2403269e-01;6.2500000e+01;3.0492538e-01;6.2500000e+01;2.3990242e-01;6.2500000e+01;1.8130204e-01;6.2500000e+01;1.3167514e-01;6.2500000e+01;8.6441092e-02;6.2500000e+01;4.4568777e-02;6.2500000e+01;1.9459054e-03;6.2500000e+01;-4.3460160e-02;6.2500000e+01;-8.8946573e-02;6.2500000e+01;-1.2958154e-01;6.2500000e+01;-5.0858431e-02;6.2500000e+01;-6.8039242e-03;6.2500000e+01;5.9733577e-02;6.2500000e+01;1.4080301e-01;6.2500000e+01;2.2576505e-01;6.2500000e+01;2.7952245e-01;6.2500000e+01;2.8539684e-01;6.2500000e+01;3.2403269e-01;6.2500000e+01;3.0492538e-01;6.2500000e+01;2.3990242e-01;6.2500000e+01;1.8130204e-01;6.2500000e+01;1.3167514e-01;6.2500000e+01;8.6441092e-02;6.2500000e+01;4.4568777e-02;6.2500000e+01;1.9459054e-03;6.2500000e+01;-4.3460160e-02;6.2500000e+01;-8.8946573e-02;6.2500000e+01;-1.2958154e-01;6.2500000e+01;-5.0858431e-02;6.2500000e+01;-6.8039242e-03;6.2500000e+01;5.9733577e-02;6.2500000e+01;1.4080301e-01;6.2500000e+01;2.2576505e-01;6.2500000e+01;2.7952245e-01;6.2500000e+01;2.8539684e-01;6.2500000e+01;3.2403269e-01;6.2500000e+01;3.0492538e-01;6.2500000e+01;2.3990242e-01;6.2500000e+01;1.8130204e-01;6.2500000e+01;1.3167514e-01;6.2500000e+01;8.6441092e-02;6.2500000e+01;4.4568777e-02;6.2500000e+01;1.9459054e-03;6.2500000e+01;-4.3460160e-02;6.2500000e+01;-8.8946573e-02;6.2500000e+01;-1.2958154e-01;6.2500000e+01;-5.0858431e-02;6.2500000e+01;-6.8039242e-03;6.2500000e+01;5.9733577e-02;6.2500000e+01;1.4080301e-01;6.2500000e+01;2.2576505e-01;6.2500000e+01;2.7952245e-01;6.2500000e+01;2.8539684e-01;6.2500000e+01;3.2403269e-01;6.2500000e+01;3.0492538e-01;6.2500000e+01;2.3990242e-01;6.2500000e+01;1.8130204e-01;6.2500000e+01;1.3167514e-01;6.2500000e+01;8.6441092e-02;6.2500000e+01;4.4568777e-02;6.2500000e+01;1.9459054e-03;6.2500000e+01;-4.3460160e-02;6.2500000e+01;-8.8946573e-02;6.2500000e+01;-1.2958154e-01;6.2500000e+01;-5.0858431e-02;6.2500000e+01;-6.8039242e-03;6.2500000e+01;5.9733577e-02;6.2500000e+01;1.4080301e-01;6.2500000e+01;2.2576505e-01;6.2500000e+01;2.7952245e-01;6.2500000e+01;2.8539684e-01;6.2500000e+01;3.2403269e-01;6.2500000e+01;3.0492538e-01;6.2500000e+01;2.3990242e-01;6.2500000e+01;1.8130204e-01;6.2500000e+01;1.3167514e-01;6.2500000e+01;8.6441092e-02;6.2500000e+01;4.4568777e-02;6.2500000e+01;1.9459054e-03;6.2500000e+01;-4.3460160e-02;6.2500000e+01;-8.8946573e-02;6.2500000e+01;-1.2958154e-01;6.2500000e+01;-5.0858431e-02;6.2500000e+01;-6.8039242e-03;6.2500000e+01;5.9733577e-02;6.2500000e+01;1.4080301e-01;6.2500000e+01;2.2576505e-01;6.2500000e+01;2.7952245e-01;6.2500000e+01;2.8539684e-01;6.2500000e+01;3.2403269e-01;6.2500000e+01;3.0492538e-01;6.2500000e+01;2.3990242e-01;6.2500000e+01;1.8130204e-01;6.2500000e+01;1.3167514e-01;6.2500000e+01;8.6441092e-02;6.2500000e+01;4.4568777e-02;6.2500000e+01;1.9459054e-03;6.2500000e+01;-4.3460160e-02;6.2500000e+01;-8.8946573e-02;6.2500000e+01;-1.2958154e-01;6.2500000e+01;-5.0858431e-02;6.2500000e+01;-6.8039242e-03;6.2500000e+01;5.9733577e-02;6.2500000e+01;1.4080301e-01;6.2500000e+01;2.2576505e-01;6.2500000e+01;2.7952245e-01;6.2500000e+01;2.8539684e-01;6.2500000e+01;3.2403269e-01;6.2500000e+01;3.0492538e-01;6.2500000e+01;2.3990242e-01;6.2500000e+01;1.8130204e-01;6.2500000e+01;1.3167514e-01;6.2500000e+01;8.6441092e-02;6.2500000e+01;4.4568777e-02;6.2500000e+01;1.9459054e-03;6.2500000e+01;-4.3460160e-02;6.2500000e+01;-8.8946573e-02;6.2500000e+01;-1.2958154e-01;6.2500000e+01;-5.0858431e-02;6.2500000e+01;-6.8039242e-03;6.2500000e+01;5.9733577e-02;6.2500000e+01;1.4080301e-01;6.2500000e+01;2.2576505e-01;6.2500000e+01;2.7952245e-01;6.2500000e+01;2.8539684e-01;6.2500000e+01;3.2403269e-01;6.2500000e+01;3.0492538e-01;6.2500000e+01;2.3990242e-01;6.2500000e+01;1.8130204e-01;6.2500000e+01;1.3167514e-01;6.2500000e+01;8.6441092e-02;6.2500000e+01;4.4568777e-02;6.2500000e+01;1.9459054e-03;6.2500000e+01;-4.3460160e-02;6.2500000e+01;-8.8946573e-02;6.2500000e+01;-1.2958154e-01;6.2500000e+01;-5.0858431e-02;6.2500000e+01;-6.8039242e-03;6.2500000e+01;5.9733577e-02;6.2500000e+01;1.4080301e-01;6.2500000e+01;2.2576505e-01;6.2500000e+01;2.7952245e-01;6.2500000e+01;2.8539684e-01;6.2500000e+01;3.2403269e-01;6.2500000e+01;3.0492538e-01;6.2500000e+01;2.3990242e-01;6.2500000e+01;1.8130204e-01;6.2500000e+01;1.3167514e-01;6.2500000e+01;8.6441092e-02;6.2500000e+01;4.4568777e-02;6.2500000e+01;1.9459054e-03;6.2500000e+01;-4.3460160e-02;6.2500000e+01;-8.8946573e-02;6.2500000e+01;-1.2958154e-01;6.2500000e+01;-5.0858431e-02;6.2500000e+01;-6.8039242e-03;6.2500000e+01;5.9733577e-02;6.2500000e+01;1.4080301e-01;6.2500000e+01;2.2576505e-01;6.2500000e+01;2.7952245e-01;6.2500000e+01;2.8539684e-01;6.2500000e+01;3.2403269e-01;6.2500000e+01;3.0492538e-01;6.2500000e+01;2.3990242e-01;6.2500000e+01;1.8130204e-01;6.2500000e+01;1.3167514e-01;6.2500000e+01;8.6441092e-02;6.2500000e+01;4.4568777e-02;6.2500000e+01;1.9459054e-03;6.2500000e+01;-4.3460160e-02;6.2500000e+01;-8.8946573e-02;6.2500000e+01;-1.2958154e-01;6.2500000e+01;-5.0858431e-02;6.2500000e+01;-6.8039242e-03;6.2500000e+01;5.9733577e-02;6.2500000e+01;1.4080301e-01;6.2500000e+01;2.2576505e-01;6.2500000e+01;2.7952245e-01;6.2500000e+01;2.8539684e-01;6.2500000e+01;3.2403269e-01;6.2500000e+01;3.0492538e-01;6.2500000e+01;2.3990242e-01;6.2500000e+01;1.8130204e-01;6.2500000e+01;1.3167514e-01;6.2500000e+01;8.6441092e-02;6.2500000e+01;4.4568777e-02;6.2500000e+01;1.9459054e-03;6.2500000e+01;-4.3460160e-02;6.2500000e+01;-8.8946573e-02;6.2500000e+01;-1.2958154e-01;6.2500000e+01;-5.0858431e-02;6.2500000e+01;-6.8039242e-03;6.2500000e+01;5.9733577e-02;6.2500000e+01;1.4080301e-01;6.2500000e+01;2.2576505e-01;6.2500000e+01;2.7952245e-01;6.2500000e+01;2.8539684e-01;6.2500000e+01;3.2403269e-01;6.2500000e+01;3.0492538e-01;6.2500000e+01;2.3990242e-01;6.2500000e+01;1.8130204e-01;6.2500000e+01;1.3167514e-01;6.2500000e+01;8.6441092e-02;6.2500000e+01;4.4568777e-02;6.2500000e+01;1.9459054e-03;6.2500000e+01;-4.3460160e-02;6.2500000e+01;-8.8946573e-02;6.2500000e+01;-1.2958154e-01;6.2500000e+01;-5.0858431e-02;6.2500000e+01;-6.8039242e-03;6.2500000e+01;5.9733577e-02;6.2500000e+01;1.4080301e-01;6.2500000e+01;2.2576505e-01;6.2500000e+01;2.7952245e-01;6.2500000e+01;2.8539684e-01;6.2500000e+01;3.2403269e-01;6.2500000e+01;3.0492538e-01;6.2500000e+01;2.3990242e-01;6.2500000e+01;1.8130204e-01;6.2500000e+01;1.3167514e-01;6.2500000e+01;8.6441092e-02;6.2500000e+01;4.4568777e-02;6.2500000e+01;1.9459054e-03;6.2500000e+01;-4.3460160e-02;6.2500000e+01;-8.8946573e-02;6.2500000e+01;-1.2958154e-01;6.2500000e+01;-5.0858431e-02;6.2500000e+01;-6.8039242e-03;6.2500000e+01;5.9733577e-02;6.2500000e+01;1.4080301e-01;6.2500000e+01;2.2576505e-01;6.2500000e+01;2.7952245e-01;6.2500000e+01;2.8539684e-01;6.2500000e+01;3.2403269e-01;6.2500000e+01;3.0492538e-01;6.2500000e+01;2.3990242e-01;6.2500000e+01;1.8130204e-01;6.2500000e+01;1.3167514e-01;6.2500000e+01;8.6441092e-02;6.2500000e+01;4.4568777e-02;6.2500000e+01;1.9459054e-03;6.2500000e+01;-4.3460160e-02;6.2500000e+01;-8.8946573e-02;6.2500000e+01;-1.2958154e-01;6.2500000e+01;-5.0858431e-02;6.2500000e+01;-6.8039242e-03;6.2500000e+01;5.9733577e-02;6.2500000e+01;1.4080301e-01;6.2500000e+01;2.2576505e-01;6.2500000e+01;2.7952245e-01;6.2500000e+01;2.8539684e-01;6.2500000e+01;3.2403269e-01;6.2500000e+01;3.0492538e-01;6.2500000e+01;2.3990242e-01;6.2500000e+01;1.8130204e-01;6.2500000e+01;1.3167514e-01;6.2500000e+01;8.6441092e-02;6.2500000e+01;4.4568777e-02;6.2500000e+01;1.9459054e-03;6.2500000e+01;-4.3460160e-02;6.2500000e+01;-8.8946573e-02;6.2500000e+01;-1.2958154e-01;6.2500000e+01;-5.0858431e-02;6.2500000e+01;-6.8039242e-03;6.2500000e+01;5.9733577e-02;6.2500000e+01;1.4080301e-01;6.2500000e+01;2.2576505e-01;6.2500000e+01;2.7952245e-01;6.2500000e+01;2.8539684e-01;6.2500000e+01;3.2403269e-01;6.2500000e+01;3.0492538e-01;6.2500000e+01;2.3990242e-01;6.2500000e+01;1.8130204e-01;6.2500000e+01;1.3167514e-01;6.2500000e+01;8.6441092e-02;6.2500000e+01;4.4568777e-02;6.2500000e+01;1.9459054e-03;6.2500000e+01;-4.3460160e-02;6.2500000e+01;-8.8946573e-02;6.2500000e+01;-1.2958154e-01;6.2500000e+01;-5.0858431e-02;6.2500000e+01;-6.8039242e-03;6.2500000e+01;5.9733577e-02;6.2500000e+01;1.4080301e-01;6.2500000e+01;2.2576505e-01;6.2500000e+01;2.7952245e-01;6.2500000e+01;2.8539684e-01;6.2500000e+01;3.2403269e-01;6.2500000e+01;3.0492538e-01;6.2500000e+01;2.3990242e-01;6.2500000e+01;1.8130204e-01;6.2500000e+01;1.3167514e-01;6.2500000e+01;8.6441092e-02;6.2500000e+01;4.4568777e-02;6.2500000e+01;1.9459054e-03;6.2500000e+01;-4.3460160e-02;6.2500000e+01;-8.8946573e-02;6.2500000e+01;-1.2958154e-01;6.2500000e+01;-5.0858431e-02;6.2500000e+01;-6.8039242e-03;6.2500000e+01;5.9733577e-02;6.2500000e+01;1.4080301e-01;6.2500000e+01;2.2576505e-01;6.2500000e+01;2.7952245e-01;6.2500000e+01;2.8539684e-01;6.2500000e+01;3.2403269e-01;6.2500000e+01;3.0492538e-01;6.2500000e+01;2.3990242e-01;6.2500000e+01;1.8130204e-01;6.2500000e+01;1.3167514e-01;6.2500000e+01;8.6441092e-02;6.2500000e+01;4.4568777e-02;6.2500000e+01;1.9459054e-03;6.2500000e+01;-4.3460160e-02;6.2500000e+01;-8.8946573e-02;6.2500000e+01;-1.2958154e-01;6.2500000e+01;-5.0858431e-02;6.2500000e+01;-6.8039242e-03;6.2500000e+01;5.9733577e-02;6.2500000e+01;1.4080301e-01;6.2500000e+01;2.2576505e-01;6.2500000e+01;2.7952245e-01;6.2500000e+01;2.8539684e-01;6.2500000e+01;3.2403269e-01;6.2500000e+01;3.0492538e-01;6.2500000e+01;2.3990242e-01;6.2500000e+01;1.8130204e-01;6.2500000e+01;1.3167514e-01;6.2500000e+01;8.6441092e-02;6.2500000e+01;4.4568777e-02;6.2500000e+01;1.9459054e-03;6.2500000e+01;-4.3460160e-02;6.2500000e+01;-8.8946573e-02;6.2500000e+01;-1.2958154e-01;6.2500000e+01;-5.0858431e-02;6.2500000e+01;-6.8039242e-03;6.2500000e+01;5.9733577e-02;6.2500000e+01;1.4080301e-01;6.2500000e+01;2.2576505e-01;6.2500000e+01;2.7952245e-01;6.2500000e+01;2.8539684e-01;6.2500000e+01;3.2403269e-01;6.2500000e+01;3.0492538e-01;6.2500000e+01;2.3990242e-01;6.2500000e+01;1.8130204e-01;6.2500000e+01;1.3167514e-01;6.2500000e+01;8.6441092e-02;6.2500000e+01;4.4568777e-02;6.2500000e+01;1.9459054e-03;6.2500000e+01;-4.3460160e-02;6.2500000e+01;-8.8946573e-02;6.2500000e+01;-1.2958154e-01;6.2500000e+01;-5.0858431e-02;6.2500000e+01;-6.8039242e-03;6.2500000e+01;5.9733577e-02;6.2500000e+01;1.4080301e-01;6.2500000e+01;2.2576505e-01;6.2500000e+01;2.7952245e-01;6.2500000e+01;2.8539684e-01;6.2500000e+01;3.2403269e-01;6.2500000e+01;3.0492538e-01;6.2500000e+01;2.3990242e-01;6.2500000e+01;1.8130204e-01;6.2500000e+01;1.3167514e-01;6.2500000e+01;8.6441092e-02;6.2500000e+01;4.4568777e-02;6.2500000e+01;1.9459054e-03;6.2500000e+01;-4.3460160e-02;6.2500000e+01;-8.8946573e-02;6.2500000e+01;-1.2958154e-01;6.2500000e+01;-5.0858431e-02;6.2500000e+01;-6.8039242e-03;6.2500000e+01;5.9733577e-02;6.2500000e+01;1.4080301e-01;6.2500000e+01;2.2576505e-01;6.2500000e+01;2.7952245e-01;6.2500000e+01;2.8539684e-01;6.2500000e+01;3.2403269e-01;6.2500000e+01;3.0492538e-01;6.2500000e+01;2.3990242e-01;6.2500000e+01;1.8130204e-01;6.2500000e+01;1.3167514e-01;6.2500000e+01;8.6441092e-02;6.2500000e+01;4.4568777e-02;6.2500000e+01;1.9459054e-03;6.2500000e+01;-4.3460160e-02;6.2500000e+01;-8.8946573e-02;6.2500000e+01;-1.2958154e-01;6.2500000e+01;-5.0858431e-02;6.2500000e+01;-6.8039242e-03;6.2500000e+01;5.9733577e-02;6.2500000e+01;1.4080301e-01;6.2500000e+01;2.2576505e-01;6.2500000e+01;2.7952245e-01;6.2500000e+01;2.8539684e-01;6.2500000e+01;3.2403269e-01;6.2500000e+01;3.0492538e-01;6.2500000e+01;2.3990242e-01;6.2500000e+01;1.8130204e-01;6.2500000e+01;1.3167514e-01;6.2500000e+01;8.6441092e-02;6.2500000e+01;4.4568777e-02;6.2500000e+01;1.9459054e-03;6.2500000e+01;-4.3460160e-02;6.2500000e+01;-8.8946573e-02;6.2500000e+01;-1.2958154e-01;6.2500000e+01;-5.0858431e-02;6.2500000e+01;-6.8039242e-03;6.2500000e+01;5.9733577e-02;6.2500000e+01;1.4080301e-01;6.2500000e+01;2.2576505e-01;6.2500000e+01;2.7952245e-01;6.2500000e+01;2.8539684e-01;6.2500000e+01;3.2403269e-01;6.2500000e+01;3.0492538e-01;6.2500000e+01;2.3990242e-01;6.2500000e+01;1.8130204e-01;6.2500000e+01;1.3167514e-01;6.2500000e+01;8.6441092e-02;6.2500000e+01;4.4568777e-02;6.2500000e+01;1.9459054e-03;6.2500000e+01;-4.3460160e-02;6.2500000e+01;-8.8946573e-02;6.2500000e+01;-1.2958154e-01;6.2500000e+01;-5.0858431e-02;6.2500000e+01;-6.8039242e-03;6.2500000e+01;5.9733577e-02;6.2500000e+01;1.4080301e-01;6.2500000e+01;2.2576505e-01;6.2500000e+01;2.7952245e-01;6.2500000e+01;2.8539684e-01;6.2500000e+01;3.2403269e-01;6.2500000e+01;3.0492538e-01;6.2500000e+01;2.3990242e-01;6.2500000e+01;1.8130204e-01;6.2500000e+01;1.3167514e-01;6.2500000e+01;8.6441092e-02;6.2500000e+01;4.4568777e-02;6.2500000e+01;1.9459054e-03;6.2500000e+01;-4.3460160e-02;6.2500000e+01;-8.8946573e-02;6.2500000e+01;-1.2958154e-01;6.2500000e+01;-5.0858431e-02;6.2500000e+01;-6.8039242e-03;6.2500000e+01;5.9733577e-02;6.2500000e+01;1.4080301e-01;6.2500000e+01;2.2576505e-01;6.2500000e+01;2.7952245e-01;6.2500000e+01;2.8539684e-01;6.2500000e+01;3.2403269e-01;6.2500000e+01;3.0492538e-01;6.2500000e+01;2.3990242e-01;6.2500000e+01;1.8130204e-01;6.2500000e+01;1.3167514e-01;6.2500000e+01;8.6441092e-02;6.2500000e+01;4.4568777e-02;6.2500000e+01;1.9459054e-03;6.2500000e+01;-4.3460160e-02;6.2500000e+01;-8.8946573e-02;6.2500000e+01;-1.2958154e-01;6.2500000e+01;-5.0858431e-02;6.2500000e+01;-6.8039242e-03;6.2500000e+01;5.9733577e-02;6.2500000e+01;1.4080301e-01;6.2500000e+01;2.2576505e-01;6.2500000e+01;2.7952245e-01;6.2500000e+01;2.8539684e-01;6.2500000e+01;3.2403269e-01;6.2500000e+01;3.0492538e-01;6.2500000e+01;2.3990242e-01;6.2500000e+01;1.8130204e-01;6.2500000e+01;1.3167514e-01;6.2500000e+01;8.6441092e-02;6.2500000e+01;4.4568777e-02;6.2500000e+01;1.9459054e-03;6.2500000e+01;-4.3460160e-02;6.2500000e+01;-8.8946573e-02;6.2500000e+01;-1.2958154e-01;6.2500000e+01;-5.0858431e-02;6.2500000e+01;-6.8039242e-03;6.2500000e+01;5.9733577e-02;6.2500000e+01;1.4080301e-01;6.2500000e+01;2.2576505e-01;6.2500000e+01;2.7952245e-01;6.2500000e+01;2.8539684e-01;6.2500000e+01;3.2403269e-01;6.2500000e+01;3.0492538e-01;6.2500000e+01;2.3990242e-01;6.2500000e+01;1.8130204e-01;6.2500000e+01;1.3167514e-01;6.2500000e+01;8.6441092e-02;6.2500000e+01;4.4568777e-02;6.2500000e+01;1.9459054e-03;6.2500000e+01;-4.3460160e-02;6.2500000e+01;-8.8946573e-02;6.2500000e+01;-1.2958154e-01;6.2500000e+01;-5.0858431e-02;6.2500000e+01;-6.8039242e-03;6.2500000e+01;5.9733577e-02;6.2500000e+01;1.4080301e-01;6.2500000e+01;2.2576505e-01;6.2500000e+01;2.7952245e-01;6.2500000e+01;2.8539684e-01;6.2500000e+01;3.2403269e-01;6.2500000e+01;3.0492538e-01;6.2500000e+01;2.3990242e-01;6.2500000e+01;1.8130204e-01;6.2500000e+01;1.3167514e-01;6.2500000e+01;8.6441092e-02;6.2500000e+01;4.4568777e-02;6.2500000e+01;1.9459054e-03;6.2500000e+01;-4.3460160e-02;6.2500000e+01;-8.8946573e-02;6.2500000e+01;-1.2958154e-01;6.2500000e+01;-5.0858431e-02;6.2500000e+01;-6.8039242e-03;6.2500000e+01;5.9733577e-02;6.2500000e+01;1.4080301e-01;6.2500000e+01;2.2576505e-01;6.2500000e+01;2.7952245e-01;6.2500000e+01;2.8539684e-01;6.2500000e+01;3.2403269e-01;6.2500000e+01;3.0492538e-01;6.2500000e+01;2.3990242e-01;6.2500000e+01;1.8130204e-01;6.2500000e+01;1.3167514e-01;6.2500000e+01;8.6441092e-02;6.2500000e+01;4.4568777e-02;6.2500000e+01;1.9459054e-03;6.2500000e+01;-4.3460160e-02;6.2500000e+01;-8.8946573e-02;6.2500000e+01;-1.2958154e-01;6.2500000e+01;-5.0858431e-02;6.2500000e+01;-6.8039242e-03;6.2500000e+01;5.9733577e-02;6.2500000e+01;1.4080301e-01;6.2500000e+01;2.2576505e-01;6.2500000e+01;2.7952245e-01;6.2500000e+01;2.8539684e-01;6.2500000e+01;3.2403269e-01;6.2500000e+01;3.0492538e-01;6.2500000e+01;2.3990242e-01;6.2500000e+01;1.8130204e-01;6.2500000e+01;1.3167514e-01;6.2500000e+01;8.6441092e-02;6.2500000e+01;4.4568777e-02;6.2500000e+01;1.9459054e-03;6.2500000e+01;-4.3460160e-02;6.2500000e+01;-8.8946573e-02;6.2500000e+01;-1.2958154e-01;6.2500000e+01;-5.0858431e-02;6.2500000e+01;-6.8039242e-03;6.2500000e+01;5.9733577e-02;6.2500000e+01;1.4080301e-01;6.2500000e+01;2.2576505e-01;6.2500000e+01;2.7952245e-01;6.2500000e+01;2.8539684e-01;6.2500000e+01;3.2403269e-01;6.2500000e+01;3.0492538e-01;6.2500000e+01;2.3990242e-01;6.2500000e+01;1.8130204e-01;6.2500000e+01;1.3167514e-01;6.2500000e+01;8.6441092e-02;6.2500000e+01;4.4568777e-02;6.2500000e+01;1.9459054e-03;6.2500000e+01;-4.3460160e-02;6.2500000e+01;-8.8946573e-02;6.2500000e+01;-1.2958154e-01;6.2500000e+01;-5.0858431e-02;6.2500000e+01;-6.8039242e-03;6.2500000e+01;5.9733577e-02;6.2500000e+01;1.4080301e-01;6.2500000e+01;2.2576505e-01;6.2500000e+01;2.7952245e-01;6.2500000e+01;2.8539684e-01;6.2500000e+01;3.2403269e-01;6.2500000e+01;3.0492538e-01;6.2500000e+01;2.3990242e-01;6.2500000e+01;1.8130204e-01;6.2500000e+01;1.3167514e-01;6.2500000e+01;8.6441092e-02;6.2500000e+01;4.4568777e-02;6.2500000e+01;1.9459054e-03;6.2500000e+01;-4.3460160e-02;6.2500000e+01;-8.8946573e-02;6.2500000e+01;-1.2958154e-01;6.2500000e+01;-5.0858431e-02;6.2500000e+01;-6.8039242e-03;6.2500000e+01;5.9733577e-02;6.2500000e+01;1.4080301e-01;6.2500000e+01;2.2576505e-01;6.2500000e+01;2.7952245e-01;6.2500000e+01;2.8539684e-01;6.2500000e+01;3.2403269e-01;6.2500000e+01;3.0492538e-01;6.2500000e+01;2.3990242e-01;6.2500000e+01;1.8130204e-01;6.2500000e+01;1.3167514e-01;6.2500000e+01;8.6441092e-02;6.2500000e+01;4.4568777e-02;6.2500000e+01;1.9459054e-03;6.2500000e+01;-4.3460160e-02;6.2500000e+01;-8.8946573e-02;6.2500000e+01;-1.2958154e-01;6.2500000e+01;-5.0858431e-02;6.2500000e+01;-6.8039242e-03;6.2500000e+01;5.9733577e-02;6.2500000e+01;1.4080301e-01;6.2500000e+01;2.2576505e-01;6.2500000e+01;2.7952245e-01;6.2500000e+01;2.8539684e-01;6.2500000e+01;3.2403269e-01;6.2500000e+01;3.0492538e-01;6.2500000e+01;2.3990242e-01;6.2500000e+01;1.8130204e-01;6.2500000e+01;1.3167514e-01;6.2500000e+01;8.6441092e-02;6.2500000e+01;4.4568777e-02;6.2500000e+01;1.9459054e-03;6.2500000e+01;-4.3460160e-02;6.2500000e+01;-8.8946573e-02;6.2500000e+01;-1.2958154e-01;6.2500000e+01;-5.0858431e-02;6.2500000e+01;-6.8039242e-03;6.2500000e+01;5.9733577e-02;6.2500000e+01;1.4080301e-01;6.2500000e+01;2.2576505e-01;6.2500000e+01;2.7952245e-01;6.2500000e+01;2.8539684e-01;6.2500000e+01;3.2403269e-01;6.2500000e+01;3.0492538e-01;6.2500000e+01;2.3990242e-01;6.2500000e+01;1.8130204e-01;6.2500000e+01;1.3167514e-01;6.2500000e+01;8.6441092e-02;6.2500000e+01;4.4568777e-02;6.2500000e+01;1.9459054e-03;6.2500000e+01;-4.3460160e-02;6.2500000e+01;-8.8946573e-02;6.2500000e+01;-1.2958154e-01;6.2500000e+01;-5.0858431e-02;6.2500000e+01;-6.8039242e-03;6.2500000e+01;5.9733577e-02;6.2500000e+01;1.4080301e-01;6.2500000e+01;2.2576505e-01;6.2500000e+01;2.7952245e-01;6.2500000e+01;2.8539684e-01;6.2500000e+01;3.2403269e-01;6.2500000e+01;3.0492538e-01;6.2500000e+01;2.3990242e-01;6.2500000e+01;1.8130204e-01;6.2500000e+01;1.3167514e-01;6.2500000e+01;8.6441092e-02;6.2500000e+01;4.4568777e-02;6.2500000e+01;1.9459054e-03;6.2500000e+01;-4.3460160e-02;6.2500000e+01;-8.8946573e-02;6.2500000e+01;-1.2958154e-01;6.2500000e+01;-5.0858431e-02;6.2500000e+01;-6.8039242e-03;6.2500000e+01;5.9733577e-02;6.2500000e+01;1.4080301e-01;6.2500000e+01;2.2576505e-01;6.2500000e+01;2.7952245e-01;6.2500000e+01;2.8539684e-01;6.2500000e+01;3.2403269e-01;6.2500000e+01;3.0492538e-01;6.2500000e+01;2.3990242e-01;6.2500000e+01;1.8130204e-01;6.2500000e+01;1.3167514e-01;6.2500000e+01;8.6441092e-02;6.2500000e+01;4.4568777e-02;6.2500000e+01;1.9459054e-03;6.2500000e+01;-4.3460160e-02;6.2500000e+01;-8.8946573e-02;6.2500000e+01;-1.2958154e-01;6.2500000e+01;-5.0858431e-02;6.2500000e+01;-6.8039242e-03;6.2500000e+01;5.9733577e-02;6.2500000e+01;1.4080301e-01;6.2500000e+01;2.2576505e-01;6.2500000e+01;2.7952245e-01;6.2500000e+01;2.8539684e-01;6.2500000e+01;3.2403269e-01;6.2500000e+01;3.0492538e-01;6.2500000e+01;2.3990242e-01;6.2500000e+01;1.8130204e-01;6.2500000e+01;1.3167514e-01;6.2500000e+01;8.6441092e-02;6.2500000e+01;4.4568777e-02;6.2500000e+01;1.9459054e-03;6.2500000e+01;-4.3460160e-02;6.2500000e+01;-8.8946573e-02;6.2500000e+01;-1.2958154e-01;6.2500000e+01;-5.0858431e-02;6.2500000e+01;-6.8039242e-03;6.2500000e+01;5.9733577e-02;6.2500000e+01;1.4080301e-01;6.2500000e+01;2.2576505e-01;6.2500000e+01;2.7952245e-01;6.2500000e+01;2.8539684e-01;6.2500000e+01;3.2403269e-01;6.2500000e+01;3.0492538e-01;6.2500000e+01;2.3990242e-01;6.2500000e+01;1.8130204e-01;6.2500000e+01;1.3167514e-01;6.2500000e+01;8.6441092e-02;6.2500000e+01;4.4568777e-02;6.2500000e+01;1.9459054e-03;6.2500000e+01;-4.3460160e-02;6.2500000e+01;-8.8946573e-02;6.2500000e+01;-1.2958154e-01;6.2500000e+01;-5.0858431e-02;6.2500000e+01;-6.8039242e-03;6.2500000e+01;5.9733577e-02;6.2500000e+01;1.4080301e-01;6.2500000e+01;2.2576505e-01;6.2500000e+01;2.7952245e-01;6.2500000e+01;2.8539684e-01;6.2500000e+01;3.2403269e-01;6.2500000e+01;3.0492538e-01;6.2500000e+01;2.3990242e-01;6.2500000e+01;1.8130204e-01;6.2500000e+01;1.3167514e-01;6.2500000e+01;8.6441092e-02;6.2500000e+01;4.4568777e-02;6.2500000e+01;1.9459054e-03;6.2500000e+01;-4.3460160e-02;6.2500000e+01;-8.8946573e-02;6.2500000e+01;-1.2958154e-01;6.2500000e+01;-5.0858431e-02;6.2500000e+01;-6.8039242e-03;6.2500000e+01;5.9733577e-02;6.2500000e+01;1.4080301e-01;6.2500000e+01;2.2576505e-01;6.2500000e+01;2.7952245e-01;6.2500000e+01;2.8539684e-01;6.2500000e+01;3.2403269e-01;6.2500000e+01;3.0492538e-01;6.2500000e+01;2.3990242e-01;6.2500000e+01;1.8130204e-01;6.2500000e+01;1.3167514e-01;6.2500000e+01;8.6441092e-02;6.2500000e+01;4.4568777e-02;6.2500000e+01;1.9459054e-03;6.2500000e+01;-4.3460160e-02;6.2500000e+01;-8.8946573e-02;6.2500000e+01;-1.2958154e-01;6.2500000e+01;-5.0858431e-02;6.2500000e+01;-6.8039242e-03;6.2500000e+01;5.9733577e-02;6.2500000e+01;1.4080301e-01;6.2500000e+01;2.2576505e-01;6.2500000e+01;2.7952245e-01;6.2500000e+01;2.8539684e-01;6.2500000e+01;3.2403269e-01;6.2500000e+01;3.0492538e-01;6.2500000e+01;2.3990242e-01;6.2500000e+01;1.8130204e-01;6.2500000e+01;1.3167514e-01;6.2500000e+01;8.6441092e-02;6.2500000e+01;4.4568777e-02;6.2500000e+01;1.9459054e-03;6.2500000e+01;-4.3460160e-02;6.2500000e+01;-8.8946573e-02;6.2500000e+01;-1.2958154e-01;6.2500000e+01;-5.0858431e-02;6.2500000e+01;-6.8039242e-03;6.2500000e+01;5.9733577e-02;6.2500000e+01;1.4080301e-01;6.2500000e+01;2.2576505e-01;6.2500000e+01;2.7952245e-01;6.2500000e+01;2.8539684e-01;6.2500000e+01;3.2403269e-01;6.2500000e+01;3.0492538e-01;6.2500000e+01;2.3990242e-01;6.2500000e+01;1.8130204e-01;6.2500000e+01;1.3167514e-01;6.2500000e+01;8.6441092e-02;6.2500000e+01;4.4568777e-02;6.2500000e+01;1.9459054e-03;6.2500000e+01;-4.3460160e-02;6.2500000e+01;-8.8946573e-02;6.2500000e+01;-1.2958154e-01;6.2500000e+01;-5.0858431e-02;6.2500000e+01;-6.8039242e-03;6.2500000e+01;5.9733577e-02;6.2500000e+01;1.4080301e-01;6.2500000e+01;2.2576505e-01;6.2500000e+01;2.7952245e-01;6.2500000e+01;2.8539684e-01;6.2500000e+01;3.2403269e-01;6.2500000e+01;3.0492538e-01;6.2500000e+01;2.3990242e-01;6.2500000e+01;1.8130204e-01;6.2500000e+01;1.3167514e-01;6.2500000e+01;8.6441092e-02;6.2500000e+01;4.4568777e-02;6.2500000e+01;1.9459054e-03;6.2500000e+01;-4.3460160e-02;6.2500000e+01;-8.8946573e-02;6.2500000e+01;-1.2958154e-01;6.2500000e+01;-5.0858431e-02;6.2500000e+01;-6.8039242e-03;6.2500000e+01;5.9733577e-02;6.2500000e+01;1.4080301e-01;6.2500000e+01;2.2576505e-01;6.2500000e+01;2.7952245e-01;6.2500000e+01;2.8539684e-01;6.2500000e+01;3.2403269e-01;6.2500000e+01;3.0492538e-01;6.2500000e+01;2.3990242e-01;6.2500000e+01;1.8130204e-01;6.2500000e+01;1.3167514e-01;6.2500000e+01;8.6441092e-02;6.2500000e+01;4.4568777e-02;6.2500000e+01;1.9459054e-03;6.2500000e+01;-4.3460160e-02;6.2500000e+01;-8.8946573e-02;6.2500000e+01;-1.2958154e-01;6.2500000e+01;-5.0858431e-02;6.2500000e+01;-6.8039242e-03;6.2500000e+01;5.9733577e-02;6.2500000e+01;1.4080301e-01;6.2500000e+01;2.2576505e-01;6.2500000e+01;2.7952245e-01;6.2500000e+01;2.8539684e-01;6.2500000e+01;3.2403269e-01;6.2500000e+01;3.0492538e-01;6.2500000e+01;2.3990242e-01;6.2500000e+01;1.8130204e-01;6.2500000e+01;1.3167514e-01;6.2500000e+01;8.6441092e-02;6.2500000e+01;4.4568777e-02;6.2500000e+01;1.9459054e-03;6.2500000e+01;-4.3460160e-02;6.2500000e+01;-8.8946573e-02;6.2500000e+01;-1.2958154e-01;6.2500000e+01;-5.0858431e-02;6.2500000e+01;-6.8039242e-03;6.2500000e+01;5.9733577e-02;6.2500000e+01;1.4080301e-01;6.2500000e+01;2.2576505e-01;6.2500000e+01;2.7952245e-01;6.2500000e+01;2.8539684e-01;6.2500000e+01;3.2403269e-01;6.2500000e+01;3.0492538e-01;6.2500000e+01;2.3990242e-01;6.2500000e+01;1.8130204e-01;6.2500000e+01;1.3167514e-01;6.2500000e+01;8.6441092e-02;6.2500000e+01;4.4568777e-02;6.2500000e+01;1.9459054e-03;6.2500000e+01;-4.3460160e-02;6.2500000e+01;-8.8946573e-02;6.2500000e+01;-1.2958154e-01;6.2500000e+01;-5.0858431e-02;6.2500000e+01;-6.8039242e-03;6.2500000e+01;5.9733577e-02;6.2500000e+01;1.4080301e-01;6.2500000e+01;2.2576505e-01;6.2500000e+01;2.7952245e-01;6.2500000e+01;2.8539684e-01;6.2500000e+01;3.2403269e-01;6.2500000e+01;3.0492538e-01;6.2500000e+01;2.3990242e-01;6.2500000e+01;1.8130204e-01;6.2500000e+01;1.3167514e-01;6.2500000e+01;8.6441092e-02;6.2500000e+01;4.4568777e-02;6.2500000e+01;1.9459054e-03;6.2500000e+01;-4.3460160e-02;6.2500000e+01;-8.8946573e-02;6.2500000e+01;-1.2958154e-01;6.2500000e+01;-5.0858431e-02;6.2500000e+01;-6.8039242e-03;6.2500000e+01;5.9733577e-02;6.2500000e+01;1.4080301e-01;6.2500000e+01;2.2576505e-01;6.2500000e+01;2.7952245e-01;6.2500000e+01;2.8539684e-01;6.2500000e+01;3.2403269e-01;6.2500000e+01;3.0492538e-01;6.2500000e+01;2.3990242e-01;6.2500000e+01;1.8130204e-01;6.2500000e+01;1.3167514e-01;6.2500000e+01;8.6441092e-02;6.2500000e+01;4.4568777e-02;6.2500000e+01;1.9459054e-03;6.2500000e+01;-4.3460160e-02;6.2500000e+01;-8.8946573e-02;6.2500000e+01;-1.2958154e-01;6.2500000e+01;-5.0858431e-02;6.2500000e+01;-6.8039242e-03;6.2500000e+01;5.9733577e-02;6.2500000e+01;1.4080301e-01;6.2500000e+01;2.2576505e-01;6.2500000e+01;2.7952245e-01;6.2500000e+01;2.8539684e-01;6.2500000e+01;3.2403269e-01;6.2500000e+01;3.0492538e-01;6.2500000e+01;2.3990242e-01;6.2500000e+01;1.8130204e-01;6.2500000e+01;1.3167514e-01;6.2500000e+01;8.6441092e-02;6.2500000e+01;4.4568777e-02;6.2500000e+01;1.9459054e-03;6.2500000e+01;-4.3460160e-02;6.2500000e+01;-8.8946573e-02;6.2500000e+01;-1.2958154e-01;6.2500000e+01;-5.0858431e-02;6.2500000e+01;-6.8039242e-03;6.2500000e+01;5.9733577e-02;6.2500000e+01;1.4080301e-01;6.2500000e+01;2.2576505e-01;6.2500000e+01;2.7952245e-01;6.2500000e+01;2.8539684e-01;6.2500000e+01;3.2403269e-01;6.2500000e+01;3.0492538e-01;6.2500000e+01;2.3990242e-01;6.2500000e+01;1.8130204e-01;6.2500000e+01;1.3167514e-01;6.2500000e+01;8.6441092e-02;6.2500000e+01;4.4568777e-02;6.2500000e+01;1.9459054e-03;6.2500000e+01;-4.3460160e-02;6.2500000e+01;-8.8946573e-02;6.2500000e+01;-1.2958154e-01;6.2500000e+01;-5.0858431e-02;6.2500000e+01;-6.8039242e-03;6.2500000e+01;5.9733577e-02;6.2500000e+01;1.4080301e-01;6.2500000e+01;2.2576505e-01;6.2500000e+01;2.7952245e-01;6.2500000e+01;2.8539684e-01;6.2500000e+01;3.2403269e-01;6.2500000e+01;3.0492538e-01;6.2500000e+01;2.3990242e-01;6.2500000e+01;1.8130204e-01;6.2500000e+01;1.3167514e-01;6.2500000e+01;8.6441092e-02;6.2500000e+01;4.4568777e-02;6.2500000e+01;1.9459054e-03;6.2500000e+01;-4.3460160e-02;6.2500000e+01;-8.8946573e-02;6.2500000e+01;-1.2958154e-01;6.2500000e+01;-5.0858431e-02;6.2500000e+01;-6.8039242e-03;6.2500000e+01;5.9733577e-02;6.2500000e+01;1.4080301e-01;6.2500000e+01;2.2576505e-01;6.2500000e+01;2.7952245e-01;6.2500000e+01;2.8539684e-01;6.2500000e+01;3.2403269e-01;6.2500000e+01;3.0492538e-01;6.2500000e+01;2.3990242e-01;6.2500000e+01;1.8130204e-01;6.2500000e+01;1.3167514e-01;6.2500000e+01;8.6441092e-02;6.2500000e+01;4.4568777e-02;6.2500000e+01;1.9459054e-03;6.2500000e+01;-4.3460160e-02;6.2500000e+01;-8.8946573e-02;6.2500000e+01;-1.2958154e-01;6.2500000e+01;-5.0858431e-02;6.2500000e+01;-6.8039242e-03;6.2500000e+01;5.9733577e-02;6.2500000e+01;1.4080301e-01;6.2500000e+01;2.2576505e-01;6.2500000e+01;2.7952245e-01;6.2500000e+01;2.8539684e-01;6.2500000e+01;3.2403269e-01;6.2500000e+01;3.0492538e-01;6.2500000e+01;2.3990242e-01;6.2500000e+01;1.8130204e-01;6.2500000e+01;1.3167514e-01;6.2500000e+01;8.6441092e-02;6.2500000e+01;4.4568777e-02;6.2500000e+01;1.9459054e-03;6.2500000e+01;-4.3460160e-02;6.2500000e+01;-8.8946573e-02;6.2500000e+01;-1.2958154e-01;6.2500000e+01;-5.0858431e-02;6.2500000e+01;-6.8039242e-03;6.2500000e+01;5.9733577e-02;6.2500000e+01;1.4080301e-01;6.2500000e+01;2.2576505e-01;6.2500000e+01;2.7952245e-01;6.2500000e+01;2.8539684e-01;6.2500000e+01;3.2403269e-01;6.2500000e+01;3.0492538e-01;6.2500000e+01;2.3990242e-01;6.2500000e+01;1.8130204e-01;6.2500000e+01;1.3167514e-01;6.2500000e+01;8.6441092e-02;6.2500000e+01;4.4568777e-02;6.2500000e+01;1.9459054e-03;6.2500000e+01;-4.3460160e-02;6.2500000e+01;-8.8946573e-02;6.2500000e+01;-1.2958154e-01;6.2500000e+01;-5.0858431e-02;6.2500000e+01;-6.8039242e-03;6.2500000e+01;5.9733577e-02;6.2500000e+01;1.4080301e-01;6.2500000e+01;2.2576505e-01;6.2500000e+01;2.7952245e-01;6.2500000e+01;2.8539684e-01;6.2500000e+01;3.2403269e-01;6.2500000e+01;3.0492538e-01;6.2500000e+01;2.3990242e-01;6.2500000e+01;1.8130204e-01;6.2500000e+01;1.3167514e-01;6.2500000e+01;8.6441092e-02;6.2500000e+01;4.4568777e-02;6.2500000e+01;1.9459054e-03;6.2500000e+01;-4.3460160e-02;6.2500000e+01;-8.8946573e-02;6.2500000e+01;-1.2958154e-01;6.2500000e+01;-5.0858431e-02;6.2500000e+01;-6.8039242e-03;6.2500000e+01;5.9733577e-02;6.2500000e+01;1.4080301e-01;6.2500000e+01;2.2576505e-01;6.2500000e+01;2.7952245e-01;6.2500000e+01;2.8539684e-01;6.2500000e+01;3.2403269e-01;6.2500000e+01;3.0492538e-01;6.2500000e+01;2.3990242e-01;6.2500000e+01;1.8130204e-01;6.2500000e+01;1.3167514e-01;6.2500000e+01;8.6441092e-02;6.2500000e+01;4.4568777e-02;6.2500000e+01;1.9459054e-03;6.2500000e+01;-4.3460160e-02;6.2500000e+01;-8.8946573e-02;6.2500000e+01;-1.2958154e-01;6.2500000e+01;-5.0858431e-02;6.2500000e+01;-6.8039242e-03;6.2500000e+01;5.9733577e-02;6.2500000e+01;1.4080301e-01;6.2500000e+01;2.2576505e-01;6.2500000e+01;2.7952245e-01;6.2500000e+01;2.8539684e-01;6.2500000e+01;3.2403269e-01;6.2500000e+01;3.0492538e-01;6.2500000e+01;2.3990242e-01;6.2500000e+01;1.8130204e-01;6.2500000e+01;1.3167514e-01;6.2500000e+01;8.6441092e-02;6.2500000e+01;4.4568777e-02;6.2500000e+01;1.9459054e-03;6.2500000e+01;-4.3460160e-02;6.2500000e+01;-8.8946573e-02;6.2500000e+01;-1.2958154e-01;6.2500000e+01;-5.0858431e-02;6.2500000e+01;-6.8039242e-03;6.2500000e+01;5.9733577e-02;6.2500000e+01;1.4080301e-01;6.2500000e+01;2.2576505e-01;6.2500000e+01;2.7952245e-01;6.2500000e+01;2.8539684e-01;6.2500000e+01;3.2403269e-01;6.2500000e+01;3.0492538e-01;6.2500000e+01;2.3990242e-01;6.2500000e+01;1.8130204e-01;6.2500000e+01;1.3167514e-01;6.2500000e+01;8.6441092e-02;6.2500000e+01;4.4568777e-02;6.2500000e+01;1.9459054e-03;6.2500000e+01;-4.3460160e-02;6.2500000e+01;-8.8946573e-02;6.2500000e+01;-1.2958154e-01;6.2500000e+01;-5.0858431e-02;6.2500000e+01;-6.8039242e-03;6.2500000e+01;5.9733577e-02;6.2500000e+01;1.4080301e-01;6.2500000e+01;2.2576505e-01;6.2500000e+01;2.7952245e-01;6.2500000e+01;2.8539684e-01;6.2500000e+01;3.2403269e-01;6.2500000e+01;3.0492538e-01;6.2500000e+01;2.3990242e-01;6.2500000e+01;1.8130204e-01;6.2500000e+01;1.3167514e-01;6.2500000e+01;8.6441092e-02;6.2500000e+01;4.4568777e-02;6.2500000e+01;1.9459054e-03;6.2500000e+01;-4.3460160e-02;6.2500000e+01;-8.8946573e-02;6.2500000e+01;-1.2958154e-01;6.2500000e+01;-5.0858431e-02;6.2500000e+01;-6.8039242e-03;6.2500000e+01;5.9733577e-02;6.2500000e+01;1.4080301e-01;6.2500000e+01;2.2576505e-01;6.2500000e+01;2.7952245e-01;6.2500000e+01;2.8539684e-01;6.2500000e+01;3.2403269e-01;6.2500000e+01;3.0492538e-01;6.2500000e+01;2.3990242e-01;6.2500000e+01;1.8130204e-01;6.2500000e+01;1.3167514e-01;6.2500000e+01;8.6441092e-02;6.2500000e+01;4.4568777e-02;6.2500000e+01;1.9459054e-03;6.2500000e+01;-4.3460160e-02;6.2500000e+01;-8.8946573e-02;6.2500000e+01;-1.2958154e-01;6.2500000e+01;-5.0858431e-02;6.2500000e+01;-6.8039242e-03;6.2500000e+01;5.9733577e-02;6.2500000e+01;1.4080301e-01;6.2500000e+01;2.2576505e-01;6.2500000e+01;2.7952245e-01;6.2500000e+01;2.8539684e-01;6.2500000e+01;3.2403269e-01;6.2500000e+01;3.0492538e-01;6.2500000e+01;2.3990242e-01;6.2500000e+01;1.8130204e-01;6.2500000e+01;1.3167514e-01;6.2500000e+01;8.6441092e-02;6.2500000e+01;4.4568777e-02;6.2500000e+01;1.9459054e-03;6.2500000e+01;-4.3460160e-02;6.2500000e+01;-8.8946573e-02;6.2500000e+01;-1.2958154e-01;6.2500000e+01;-5.0858431e-02;6.2500000e+01;-6.8039242e-03;6.2500000e+01;5.9733577e-02;6.2500000e+01;1.4080301e-01;6.2500000e+01;2.2576505e-01;6.2500000e+01;2.7952245e-01;6.2500000e+01;2.8539684e-01;6.2500000e+01;3.2403269e-01;6.2500000e+01;3.0492538e-01;6.2500000e+01;2.3990242e-01;6.2500000e+01;1.8130204e-01;6.2500000e+01;1.3167514e-01;6.2500000e+01;8.6441092e-02;6.2500000e+01;4.4568777e-02;6.2500000e+01;1.9459054e-03;6.2500000e+01;-4.3460160e-02;6.2500000e+01;-8.8946573e-02;6.2500000e+01;-1.2958154e-01;6.2500000e+01;-5.0858431e-02;6.2500000e+01;-6.8039242e-03;6.2500000e+01;5.9733577e-02;6.2500000e+01;1.4080301e-01;6.2500000e+01;2.2576505e-01;6.2500000e+01;2.7952245e-01;6.2500000e+01;2.8539684e-01;6.2500000e+01;3.2403269e-01;6.2500000e+01;3.0492538e-01;6.2500000e+01;2.3990242e-01;6.2500000e+01;1.8130204e-01;6.2500000e+01;1.3167514e-01;6.2500000e+01;8.6441092e-02;6.2500000e+01;4.4568777e-02;6.2500000e+01;1.9459054e-03;6.2500000e+01;-4.3460160e-02;6.2500000e+01;-8.8946573e-02;6.2500000e+01;-1.2958154e-01;6.2500000e+01;-5.0858431e-02;6.2500000e+01;-6.8039242e-03;6.2500000e+01;5.9733577e-02;6.2500000e+01;1.4080301e-01;6.2500000e+01;2.2576505e-01;6.2500000e+01;2.7952245e-01;6.2500000e+01;2.8539684e-01;6.2500000e+01;3.2403269e-01;6.2500000e+01;3.0492538e-01;6.2500000e+01;2.3990242e-01;6.2500000e+01;1.8130204e-01;6.2500000e+01;1.3167514e-01;6.2500000e+01;8.6441092e-02;6.2500000e+01;4.4568777e-02;6.2500000e+01;1.9459054e-03;6.2500000e+01;-4.3460160e-02;6.2500000e+01;-8.8946573e-02;6.2500000e+01;-1.2958154e-01;6.2500000e+01;-5.0858431e-02;6.2500000e+01;-6.8039242e-03;6.2500000e+01;5.9733577e-02;6.2500000e+01;1.4080301e-01;6.2500000e+01;2.2576505e-01;6.2500000e+01;2.7952245e-01;6.2500000e+01;2.8539684e-01;6.2500000e+01;3.2403269e-01;6.2500000e+01;3.0492538e-01;6.2500000e+01;2.3990242e-01;6.2500000e+01;1.8130204e-01;6.2500000e+01;1.3167514e-01;6.2500000e+01;8.6441092e-02;6.2500000e+01;4.4568777e-02;6.2500000e+01;1.9459054e-03;6.2500000e+01;-4.3460160e-02;6.2500000e+01;-8.8946573e-02;6.2500000e+01;-1.2958154e-01;6.2500000e+01;-5.0858431e-02;6.2500000e+01;-6.8039242e-03;6.2500000e+01;5.9733577e-02;6.2500000e+01;1.4080301e-01;6.2500000e+01;2.2576505e-01;6.2500000e+01;2.7952245e-01;6.2500000e+01;2.8539684e-01;6.2500000e+01;3.2403269e-01;6.2500000e+01;3.0492538e-01;6.2500000e+01;2.3990242e-01;6.2500000e+01;1.8130204e-01;6.2500000e+01;1.3167514e-01;6.2500000e+01;8.6441092e-02;6.2500000e+01;4.4568777e-02;6.2500000e+01;1.9459054e-03;6.2500000e+01;-4.3460160e-02;6.2500000e+01;-8.8946573e-02;6.2500000e+01;-1.2958154e-01;6.2500000e+01;-5.0858431e-02;6.2500000e+01;-6.8039242e-03;6.2500000e+01;5.9733577e-02;6.2500000e+01;1.4080301e-01;6.2500000e+01;2.2576505e-01;6.2500000e+01;2.7952245e-01;6.2500000e+01;2.8539684e-01;6.2500000e+01;3.2403269e-01;6.2500000e+01;3.0492538e-01;6.2500000e+01;2.3990242e-01;6.2500000e+01;1.8130204e-01;6.2500000e+01;1.3167514e-01;6.2500000e+01;8.6441092e-02;6.2500000e+01;4.4568777e-02;6.2500000e+01;1.9459054e-03;6.2500000e+01;-4.3460160e-02;6.2500000e+01;-8.8946573e-02;6.2500000e+01;-1.2958154e-01;6.2500000e+01;-5.0858431e-02;6.2500000e+01;-6.8039242e-03;6.2500000e+01;5.9733577e-02;6.2500000e+01;1.4080301e-01;6.2500000e+01;2.2576505e-01;6.2500000e+01;2.7952245e-01;6.2500000e+01;2.8539684e-01;6.2500000e+01;3.2403269e-01;6.2500000e+01;3.0492538e-01;6.2500000e+01;2.3990242e-01;6.2500000e+01;1.8130204e-01;6.2500000e+01;1.3167514e-01;6.2500000e+01;8.6441092e-02;6.2500000e+01;4.4568777e-02;6.2500000e+01;1.9459054e-03;6.2500000e+01;-4.3460160e-02;6.2500000e+01;-8.8946573e-02;6.2500000e+01;-1.2958154e-01;6.2500000e+01;-5.0858431e-02;6.2500000e+01;-6.8039242e-03;6.2500000e+01;5.9733577e-02;6.2500000e+01;1.4080301e-01;6.2500000e+01;2.2576505e-01;6.2500000e+01;2.7952245e-01;6.2500000e+01;2.8539684e-01;6.2500000e+01;3.2403269e-01;6.2500000e+01;3.0492538e-01;6.2500000e+01;2.3990242e-01;6.2500000e+01;1.8130204e-01;6.2500000e+01;1.3167514e-01;6.2500000e+01;8.6441092e-02;6.2500000e+01;4.4568777e-02;6.2500000e+01;1.9459054e-03;6.2500000e+01;-4.3460160e-02;6.2500000e+01;-8.8946573e-02;6.2500000e+01;-1.2958154e-01;6.2500000e+01;-5.0858431e-02;6.2500000e+01;-6.8039242e-03;6.2500000e+01;5.9733577e-02;6.2500000e+01;1.4080301e-01;6.2500000e+01;2.2576505e-01;6.2500000e+01;2.7952245e-01;6.2500000e+01;2.8539684e-01;6.2500000e+01;3.2403269e-01;6.2500000e+01;3.0492538e-01;6.2500000e+01;2.3990242e-01;6.2500000e+01;1.8130204e-01;6.2500000e+01;1.3167514e-01;6.2500000e+01;8.6441092e-02;6.2500000e+01;4.4568777e-02;6.2500000e+01;1.9459054e-03;6.2500000e+01;-4.3460160e-02;6.2500000e+01;-8.8946573e-02;6.2500000e+01;-1.2958154e-01;6.2500000e+01;-5.0858431e-02;6.2500000e+01;-6.8039242e-03;6.2500000e+01;5.9733577e-02;6.2500000e+01;1.4080301e-01;6.2500000e+01;2.2576505e-01;6.2500000e+01;2.7952245e-01;6.2500000e+01;2.8539684e-01;6.2500000e+01;3.2403269e-01;6.2500000e+01;3.0492538e-01;6.2500000e+01;2.3990242e-01;6.2500000e+01;1.8130204e-01;6.2500000e+01;1.3167514e-01;6.2500000e+01;8.6441092e-02;6.2500000e+01;4.4568777e-02;6.2500000e+01;1.9459054e-03;6.2500000e+01;-4.3460160e-02;6.2500000e+01;-8.8946573e-02;6.2500000e+01;-1.2958154e-01;6.2500000e+01;-5.0858431e-02;6.2500000e+01;-6.8039242e-03;6.2500000e+01;5.9733577e-02;6.2500000e+01;1.4080301e-01;6.2500000e+01;2.2576505e-01;6.2500000e+01;2.7952245e-01;6.2500000e+01;2.8539684e-01;6.2500000e+01;3.2403269e-01;6.2500000e+01;3.0492538e-01;6.2500000e+01;2.3990242e-01;6.2500000e+01;1.8130204e-01;6.2500000e+01;1.3167514e-01;6.2500000e+01;8.6441092e-02;6.2500000e+01;4.4568777e-02;6.2500000e+01;1.9459054e-03;6.2500000e+01;-4.3460160e-02;6.2500000e+01;-8.8946573e-02;6.2500000e+01;-1.2958154e-01;6.2500000e+01;-5.0858431e-02;6.2500000e+01;-6.8039242e-03;6.2500000e+01;5.9733577e-02;6.2500000e+01;1.4080301e-01;6.2500000e+01;2.2576505e-01;6.2500000e+01;2.7952245e-01;6.2500000e+01;2.8539684e-01;6.2500000e+01;3.2403269e-01;6.2500000e+01;3.0492538e-01;6.2500000e+01;2.3990242e-01;6.2500000e+01;1.8130204e-01;6.2500000e+01;1.3167514e-01;6.2500000e+01;8.6441092e-02;6.2500000e+01;4.4568777e-02;6.2500000e+01;1.9459054e-03;6.2500000e+01;-4.3460160e-02;6.2500000e+01;-8.8946573e-02;6.2500000e+01;-1.2958154e-01;6.2500000e+01;-5.0858431e-02;6.2500000e+01;-6.8039242e-03;6.2500000e+01;5.9733577e-02;6.2500000e+01;1.4080301e-01;6.2500000e+01;2.2576505e-01;6.2500000e+01;2.7952245e-01;6.2500000e+01;2.8539684e-01;6.2500000e+01;3.2403269e-01;6.2500000e+01;3.0492538e-01;6.2500000e+01;2.3990242e-01;6.2500000e+01;1.8130204e-01;6.2500000e+01;1.3167514e-01;6.2500000e+01;8.6441092e-02;6.2500000e+01;4.4568777e-02;6.2500000e+01;1.9459054e-03;6.2500000e+01;-4.3460160e-02;6.2500000e+01;-8.8946573e-02;6.2500000e+01;-1.2958154e-01;6.2500000e+01;-5.0858431e-02;6.2500000e+01;-6.8039242e-03;6.2500000e+01;5.9733577e-02;6.2500000e+01;1.4080301e-01;6.2500000e+01;2.2576505e-01;6.2500000e+01;2.7952245e-01;6.2500000e+01;2.8539684e-01;6.2500000e+01;3.2403269e-01;6.2500000e+01;3.0492538e-01;6.2500000e+01;2.3990242e-01;6.2500000e+01;1.8130204e-01;6.2500000e+01;1.3167514e-01;6.2500000e+01;8.6441092e-02;6.2500000e+01;4.4568777e-02;6.2500000e+01;1.9459054e-03;6.2500000e+01;-4.3460160e-02;6.2500000e+01;-8.8946573e-02;6.2500000e+01;-1.2958154e-01;6.2500000e+01;-5.0858431e-02;6.2500000e+01;-6.8039242e-03;6.2500000e+01;5.9733577e-02;6.2500000e+01;1.4080301e-01;6.2500000e+01;2.2576505e-01;6.2500000e+01;2.7952245e-01;6.2500000e+01;2.8539684e-01;6.2500000e+01;3.2403269e-01;6.2500000e+01;3.0492538e-01;6.2500000e+01;2.3990242e-01;6.2500000e+01;1.8130204e-01;6.2500000e+01;1.3167514e-01;6.2500000e+01;8.6441092e-02;6.2500000e+01;4.4568777e-02;6.2500000e+01;1.9459054e-03;6.2500000e+01;-4.3460160e-02;6.2500000e+01;-8.8946573e-02;6.2500000e+01;-1.2958154e-01;6.2500000e+01;-5.0858431e-02;6.2500000e+01;-6.8039242e-03;6.2500000e+01;5.9733577e-02;6.2500000e+01;1.4080301e-01;6.2500000e+01;2.2576505e-01;6.2500000e+01;2.7952245e-01;6.2500000e+01;2.8539684e-01;6.2500000e+01;3.2403269e-01;6.2500000e+01;3.0492538e-01;6.2500000e+01;2.3990242e-01;6.2500000e+01;1.8130204e-01;6.2500000e+01;1.3167514e-01;6.2500000e+01;8.6441092e-02;6.2500000e+01;4.4568777e-02;6.2500000e+01;1.9459054e-03;6.2500000e+01;-4.3460160e-02;6.2500000e+01;-8.8946573e-02;6.2500000e+01;-1.2958154e-01;6.2500000e+01;-5.0858431e-02;6.2500000e+01;-6.8039242e-03;6.2500000e+01;5.9733577e-02;6.2500000e+01;1.4080301e-01;6.2500000e+01;2.2576505e-01;6.2500000e+01;2.7952245e-01;6.2500000e+01;2.8539684e-01;6.2500000e+01;3.2403269e-01;6.2500000e+01;3.0492538e-01;6.2500000e+01;2.3990242e-01;6.2500000e+01;1.8130204e-01;6.2500000e+01;1.3167514e-01;6.2500000e+01;8.6441092e-02;6.2500000e+01;4.4568777e-02;6.2500000e+01;1.9459054e-03;6.2500000e+01;-4.3460160e-02;6.2500000e+01;-8.8946573e-02;6.2500000e+01;-1.2958154e-01;6.2500000e+01;-5.0858431e-02;6.2500000e+01;-6.8039242e-03;6.2500000e+01;5.9733577e-02;6.2500000e+01;1.4080301e-01;6.2500000e+01;2.2576505e-01;6.2500000e+01;2.7952245e-01;6.2500000e+01;2.8539684e-01;6.2500000e+01;3.2403269e-01;6.2500000e+01;3.0492538e-01;6.2500000e+01;2.3990242e-01;6.2500000e+01;1.8130204e-01;6.2500000e+01;1.3167514e-01;6.2500000e+01;8.6441092e-02;6.2500000e+01;4.4568777e-02;6.2500000e+01;1.9459054e-03;6.2500000e+01;-4.3460160e-02;6.2500000e+01;-8.8946573e-02;6.2500000e+01;-1.2958154e-01;6.2500000e+01;-5.0858431e-02;6.2500000e+01;-6.8039242e-03;6.2500000e+01;5.9733577e-02;6.2500000e+01;1.4080301e-01;6.2500000e+01;2.2576505e-01;6.2500000e+01;2.7952245e-01;6.2500000e+01;2.8539684e-01;6.2500000e+01;3.2403269e-01;6.2500000e+01;3.0492538e-01;6.2500000e+01;2.3990242e-01;6.2500000e+01;1.8130204e-01;6.2500000e+01;1.3167514e-01;6.2500000e+01;8.6441092e-02;6.2500000e+01;4.4568777e-02;6.2500000e+01;1.9459054e-03;6.2500000e+01;-4.3460160e-02;6.2500000e+01;-8.8946573e-02;6.2500000e+01;-1.2958154e-01;6.2500000e+01;-5.0858431e-02;6.2500000e+01;-6.8039242e-03;6.2500000e+01;5.9733577e-02;6.2500000e+01;1.4080301e-01;6.2500000e+01;2.2576505e-01;6.2500000e+01;2.7952245e-01;6.2500000e+01;2.8539684e-01;6.2500000e+01;3.2403269e-01;6.2500000e+01;3.0492538e-01;6.2500000e+01;2.3990242e-01;6.2500000e+01;1.8130204e-01;6.2500000e+01;1.3167514e-01;6.2500000e+01;8.6441092e-02;6.2500000e+01;4.4568777e-02;6.2500000e+01;1.9459054e-03;6.2500000e+01;-4.3460160e-02;6.2500000e+01;-8.8946573e-02;6.2500000e+01;-1.2958154e-01;6.2500000e+01;-5.0858431e-02;6.2500000e+01;-6.8039242e-03;6.2500000e+01;5.9733577e-02;6.2500000e+01;1.4080301e-01;6.2500000e+01;2.2576505e-01;6.2500000e+01;2.7952245e-01;6.2500000e+01;2.8539684e-01;6.2500000e+01;3.2403269e-01;6.2500000e+01;3.0492538e-01;6.2500000e+01;2.3990242e-01;6.2500000e+01;1.8130204e-01;6.2500000e+01;1.3167514e-01;6.2500000e+01;8.6441092e-02;6.2500000e+01;4.4568777e-02;6.2500000e+01;1.9459054e-03;6.2500000e+01;-4.3460160e-02;6.2500000e+01;-8.8946573e-02;6.2500000e+01;-1.2958154e-01;6.2500000e+01;-5.0858431e-02;6.2500000e+01;-6.8039242e-03;6.2500000e+01;5.9733577e-02;6.2500000e+01;1.4080301e-01;6.2500000e+01;2.2576505e-01;6.2500000e+01;2.7952245e-01;6.2500000e+01;2.8539684e-01;6.2500000e+01;3.2403269e-01;6.2500000e+01;3.0492538e-01;6.2500000e+01;2.3990242e-01;6.2500000e+01;1.8130204e-01;6.2500000e+01;1.3167514e-01;6.2500000e+01;8.6441092e-02;6.2500000e+01;4.4568777e-02;6.2500000e+01;1.9459054e-03;6.2500000e+01;-4.3460160e-02;6.2500000e+01;-8.8946573e-02;6.2500000e+01;-1.2958154e-01;6.2500000e+01;-5.0858431e-02;6.2500000e+01;-6.8039242e-03;6.2500000e+01;5.9733577e-02;6.2500000e+01;1.4080301e-01;6.2500000e+01;2.2576505e-01;6.2500000e+01;2.7952245e-01;6.2500000e+01;2.8539684e-01;6.2500000e+01;3.2403269e-01;6.2500000e+01;3.0492538e-01;6.2500000e+01;2.3990242e-01;6.2500000e+01;1.8130204e-01;6.2500000e+01;1.3167514e-01;6.2500000e+01;8.6441092e-02;6.2500000e+01;4.4568777e-02;6.2500000e+01;1.9459054e-03;6.2500000e+01;-4.3460160e-02;6.2500000e+01;-8.8946573e-02;6.2500000e+01;-1.2958154e-01;6.2500000e+01;-5.0858431e-02;6.2500000e+01;-6.8039242e-03;6.2500000e+01;5.9733577e-02;6.2500000e+01;1.4080301e-01;6.2500000e+01;2.2576505e-01;6.2500000e+01;2.7952245e-01;6.2500000e+01;2.8539684e-01;6.2500000e+01;3.2403269e-01;6.2500000e+01;3.0492538e-01;6.2500000e+01;2.3990242e-01;6.2500000e+01;1.8130204e-01;6.2500000e+01;1.3167514e-01;6.2500000e+01;8.6441092e-02;6.2500000e+01;4.4568777e-02;6.2500000e+01;1.9459054e-03;6.2500000e+01;-4.3460160e-02;6.2500000e+01;-8.8946573e-02;6.2500000e+01;-1.2958154e-01;6.2500000e+01;-5.0858431e-02;6.2500000e+01;-6.8039242e-03;6.2500000e+01;5.9733577e-02;6.2500000e+01;1.4080301e-01;6.2500000e+01;2.2576505e-01;6.2500000e+01;2.7952245e-01;6.2500000e+01;2.8539684e-01;6.2500000e+01;3.2403269e-01;6.2500000e+01;3.0492538e-01;6.2500000e+01;2.3990242e-01;6.2500000e+01;1.8130204e-01;6.2500000e+01;1.3167514e-01;6.2500000e+01;8.6441092e-02;6.2500000e+01;4.4568777e-02;6.2500000e+01;1.9459054e-03;6.2500000e+01;-4.3460160e-02;6.2500000e+01;-8.8946573e-02;6.2500000e+01;-1.2958154e-01;6.2500000e+01;-5.0858431e-02;6.2500000e+01;-6.8039242e-03;6.2500000e+01;5.9733577e-02;6.2500000e+01;1.4080301e-01;6.2500000e+01;2.2576505e-01;6.2500000e+01;2.7952245e-01;6.2500000e+01;2.8539684e-01;6.2500000e+01;3.2403269e-01;6.2500000e+01;3.0492538e-01;6.2500000e+01;2.3990242e-01;6.2500000e+01;1.8130204e-01;6.2500000e+01;1.3167514e-01;6.2500000e+01;8.6441092e-02;6.2500000e+01;4.4568777e-02;6.2500000e+01;1.9459054e-03;6.2500000e+01;-4.3460160e-02;6.2500000e+01;-8.8946573e-02;6.2500000e+01;-1.2958154e-01;6.2500000e+01;-5.0858431e-02;6.2500000e+01;-6.8039242e-03;6.2500000e+01;5.9733577e-02;6.2500000e+01;1.4080301e-01;6.2500000e+01;2.2576505e-01;6.2500000e+01;2.7952245e-01;6.2500000e+01;2.8539684e-01;6.2500000e+01;3.2403269e-01;6.2500000e+01;3.0492538e-01;6.2500000e+01;2.3990242e-01;6.2500000e+01;1.8130204e-01;6.2500000e+01;1.3167514e-01;6.2500000e+01;8.6441092e-02;6.2500000e+01;4.4568777e-02;6.2500000e+01;1.9459054e-03;6.2500000e+01;-4.3460160e-02;6.2500000e+01;-8.8946573e-02;6.2500000e+01;-1.2958154e-01;6.2500000e+01;-5.0858431e-02;6.2500000e+01;-6.8039242e-03;6.2500000e+01;5.9733577e-02;6.2500000e+01;1.4080301e-01;6.2500000e+01;2.2576505e-01;6.2500000e+01;2.7952245e-01;6.2500000e+01;2.8539684e-01;6.2500000e+01;3.2403269e-01;6.2500000e+01;3.0492538e-01;6.2500000e+01;2.3990242e-01;6.2500000e+01;1.8130204e-01;6.2500000e+01;1.3167514e-01;6.2500000e+01;8.6441092e-02;6.2500000e+01;4.4568777e-02;6.2500000e+01;1.9459054e-03;6.2500000e+01;-4.3460160e-02;6.2500000e+01;-8.8946573e-02;6.2500000e+01;-1.2958154e-01;6.2500000e+01;-5.0858431e-02;6.2500000e+01;-6.8039242e-03;6.2500000e+01;5.9733577e-02;6.2500000e+01;1.4080301e-01;6.2500000e+01;2.2576505e-01;6.2500000e+01;2.7952245e-01;6.2500000e+01;2.8539684e-01;6.2500000e+01;3.2403269e-01;6.2500000e+01;3.0492538e-01;6.2500000e+01;2.3990242e-01;6.2500000e+01;1.8130204e-01;6.2500000e+01;1.3167514e-01;6.2500000e+01;8.6441092e-02;6.2500000e+01;4.4568777e-02;6.2500000e+01;1.9459054e-03;6.2500000e+01;-4.3460160e-02;6.2500000e+01;-8.8946573e-02;6.2500000e+01;-1.2958154e-01;6.2500000e+01;-5.0858431e-02;6.2500000e+01;-6.8039242e-03;6.2500000e+01;5.9733577e-02;6.2500000e+01;1.4080301e-01;6.2500000e+01;2.2576505e-01;6.2500000e+01;2.7952245e-01;6.2500000e+01;2.8539684e-01;6.2500000e+01;3.2403269e-01;6.2500000e+01;3.0492538e-01;6.2500000e+01;2.3990242e-01;6.2500000e+01;1.8130204e-01;6.2500000e+01;1.3167514e-01;6.2500000e+01;8.6441092e-02;6.2500000e+01;4.4568777e-02;6.2500000e+01;1.9459054e-03;6.2500000e+01;-4.3460160e-02;6.2500000e+01;-8.8946573e-02;6.2500000e+01;-1.2958154e-01;6.2500000e+01;-5.0858431e-02;6.2500000e+01;-6.8039242e-03;6.2500000e+01;5.9733577e-02;6.2500000e+01;1.4080301e-01;6.2500000e+01;2.2576505e-01;6.2500000e+01;2.7952245e-01;6.2500000e+01;2.8539684e-01;6.2500000e+01;3.2403269e-01;6.2500000e+01;3.0492538e-01;6.2500000e+01;2.3990242e-01;6.2500000e+01;1.8130204e-01;6.2500000e+01;1.3167514e-01;6.2500000e+01;8.6441092e-02;6.2500000e+01;4.4568777e-02;6.2500000e+01;1.9459054e-03;6.2500000e+01;-4.3460160e-02;6.2500000e+01;-8.8946573e-02;6.2500000e+01;-1.2958154e-01;6.2500000e+01;-5.0858431e-02;6.2500000e+01;-6.8039242e-03;6.2500000e+01;5.9733577e-02;6.2500000e+01;1.4080301e-01;6.2500000e+01;2.2576505e-01;6.2500000e+01;2.7952245e-01;6.2500000e+01;2.8539684e-01;6.2500000e+01;3.2403269e-01;6.2500000e+01;3.0492538e-01;6.2500000e+01;2.3990242e-01;6.2500000e+01;1.8130204e-01;6.2500000e+01;1.3167514e-01;6.2500000e+01;8.6441092e-02;6.2500000e+01;4.4568777e-02;6.2500000e+01;1.9459054e-03;6.2500000e+01;-4.3460160e-02;6.2500000e+01;-8.8946573e-02;6.2500000e+01;-1.2958154e-01;6.2500000e+01;-5.0858431e-02;6.2500000e+01;-6.8039242e-03;6.2500000e+01;5.9733577e-02;6.2500000e+01;1.4080301e-01;6.2500000e+01;2.2576505e-01;6.2500000e+01;2.7952245e-01;6.2500000e+01;2.8539684e-01;6.2500000e+01;3.2403269e-01;6.2500000e+01;3.0492538e-01;6.2500000e+01;2.3990242e-01;6.2500000e+01;1.8130204e-01;6.2500000e+01;1.3167514e-01;6.2500000e+01;8.6441092e-02;6.2500000e+01;4.4568777e-02;6.2500000e+01;1.9459054e-03;6.2500000e+01;-4.3460160e-02;6.2500000e+01;-8.8946573e-02;6.2500000e+01;-1.2958154e-01;6.2500000e+01;-5.0858431e-02;6.2500000e+01;-6.8039242e-03;6.2500000e+01;5.9733577e-02;6.2500000e+01;1.4080301e-01;6.2500000e+01;2.2576505e-01;6.2500000e+01;2.7952245e-01;6.2500000e+01;2.8539684e-01;6.2500000e+01;3.2403269e-01;6.2500000e+01;3.0492538e-01;6.2500000e+01;2.3990242e-01;6.2500000e+01;1.8130204e-01;6.2500000e+01;1.3167514e-01;6.2500000e+01;8.6441092e-02;6.2500000e+01;4.4568777e-02;6.2500000e+01;1.9459054e-03;6.2500000e+01;-4.3460160e-02;6.2500000e+01;-8.8946573e-02;6.2500000e+01;-1.2958154e-01;6.2500000e+01;-5.0858431e-02;6.2500000e+01;-6.8039242e-03;6.2500000e+01;5.9733577e-02;6.2500000e+01;1.4080301e-01;6.2500000e+01;2.2576505e-01;6.2500000e+01;2.7952245e-01;6.2500000e+01;2.8539684e-01;6.2500000e+01;3.2403269e-01;6.2500000e+01;3.0492538e-01;6.2500000e+01;2.3990242e-01;6.2500000e+01;1.8130204e-01;6.2500000e+01;1.3167514e-01;6.2500000e+01;8.6441092e-02;6.2500000e+01;4.4568777e-02;6.2500000e+01;1.9459054e-03;6.2500000e+01;-4.3460160e-02;6.2500000e+01;-8.8946573e-02;6.2500000e+01;-1.2958154e-01;6.2500000e+01;-5.0858431e-02;6.2500000e+01;-6.8039242e-03;6.2500000e+01;5.9733577e-02;6.2500000e+01;1.4080301e-01;6.2500000e+01;2.2576505e-01;6.2500000e+01;2.7952245e-01;6.2500000e+01;2.8539684e-01;6.2500000e+01;3.2403269e-01;6.2500000e+01;3.0492538e-01;6.2500000e+01;2.3990242e-01;6.2500000e+01;1.8130204e-01;6.2500000e+01;1.3167514e-01;6.2500000e+01;8.6441092e-02;6.2500000e+01;4.4568777e-02;6.2500000e+01;1.9459054e-03;6.2500000e+01;-4.3460160e-02;6.2500000e+01;-8.8946573e-02;6.2500000e+01;-1.2958154e-01;6.2500000e+01;-5.0858431e-02;6.2500000e+01;-6.8039242e-03;6.2500000e+01;5.9733577e-02;6.2500000e+01;1.4080301e-01;6.2500000e+01;2.2576505e-01;6.2500000e+01;2.7952245e-01;6.2500000e+01;2.8539684e-01;6.2500000e+01;3.2403269e-01;6.2500000e+01;3.0492538e-01;6.2500000e+01;2.3990242e-01;6.2500000e+01;1.8130204e-01;6.2500000e+01;1.3167514e-01;6.2500000e+01;8.6441092e-02;6.2500000e+01;4.4568777e-02;6.2500000e+01;1.9459054e-03;6.2500000e+01;-4.3460160e-02;6.2500000e+01;-8.8946573e-02;6.2500000e+01;-1.2958154e-01;6.2500000e+01;-5.0858431e-02;6.2500000e+01;-6.8039242e-03;6.2500000e+01;5.9733577e-02;6.2500000e+01;1.4080301e-01;6.2500000e+01;2.2576505e-01;6.2500000e+01;2.7952245e-01;6.2500000e+01;2.8539684e-01;6.2500000e+01;3.2403269e-01;6.2500000e+01;3.0492538e-01;6.2500000e+01;2.3990242e-01;6.2500000e+01;1.8130204e-01;6.2500000e+01;1.3167514e-01;6.2500000e+01;8.6441092e-02;6.2500000e+01;4.4568777e-02;6.2500000e+01;1.9459054e-03;6.2500000e+01;-4.3460160e-02;6.2500000e+01;-8.8946573e-02;6.2500000e+01;-1.2958154e-01;6.2500000e+01;-5.0858431e-02;6.2500000e+01;-6.8039242e-03;6.2500000e+01;5.9733577e-02;6.2500000e+01;1.4080301e-01;6.2500000e+01;2.2576505e-01;6.2500000e+01;2.7952245e-01;6.2500000e+01;2.8539684e-01;6.2500000e+01;3.2403269e-01;6.2500000e+01;3.0492538e-01;6.2500000e+01;2.3990242e-01;6.2500000e+01;1.8130204e-01;6.2500000e+01;1.3167514e-01;6.2500000e+01;8.6441092e-02;6.2500000e+01;4.4568777e-02;6.2500000e+01;1.9459054e-03;6.2500000e+01;-4.3460160e-02;6.2500000e+01;-8.8946573e-02;6.2500000e+01;-1.2958154e-01;6.2500000e+01;-5.0858431e-02;6.2500000e+01;-6.8039242e-03;6.2500000e+01;5.9733577e-02;6.2500000e+01;1.4080301e-01;6.2500000e+01;2.2576505e-01;6.2500000e+01;2.7952245e-01;6.2500000e+01;2.8539684e-01;6.2500000e+01;3.2403269e-01;6.2500000e+01;3.0492538e-01;6.2500000e+01;2.3990242e-01;6.2500000e+01;1.8130204e-01;6.2500000e+01;1.3167514e-01;6.2500000e+01;8.6441092e-02;6.2500000e+01;4.4568777e-02;6.2500000e+01;1.9459054e-03;6.2500000e+01;-4.3460160e-02;6.2500000e+01;-8.8946573e-02;6.2500000e+01;-1.2958154e-01;6.2500000e+01;-5.0858431e-02;6.2500000e+01;-6.8039242e-03;6.2500000e+01;5.9733577e-02;6.2500000e+01;1.4080301e-01;6.2500000e+01;2.2576505e-01;6.2500000e+01;2.7952245e-01;6.2500000e+01;2.8539684e-01;6.2500000e+01;3.2403269e-01;6.2500000e+01;3.0492538e-01;6.2500000e+01;2.3990242e-01;6.2500000e+01;1.8130204e-01;6.2500000e+01;1.3167514e-01;6.2500000e+01;8.6441092e-02;6.2500000e+01;4.4568777e-02;6.2500000e+01;1.9459054e-03;6.2500000e+01;-4.3460160e-02;6.2500000e+01;-8.8946573e-02;6.2500000e+01;-1.2958154e-01;6.2500000e+01;-5.0858431e-02;6.2500000e+01;-6.8039242e-03;6.2500000e+01;5.9733577e-02;6.2500000e+01;1.4080301e-01;6.2500000e+01;2.2576505e-01;6.2500000e+01;2.7952245e-01;6.2500000e+01;2.8539684e-01;6.2500000e+01;3.2403269e-01;6.2500000e+01;3.0492538e-01;6.2500000e+01;2.3990242e-01;6.2500000e+01;1.8130204e-01;6.2500000e+01;1.3167514e-01;6.2500000e+01;8.6441092e-02;6.2500000e+01;4.4568777e-02;6.2500000e+01;1.9459054e-03;6.2500000e+01;-4.3460160e-02;6.2500000e+01;-8.8946573e-02;6.2500000e+01;-1.2958154e-01;6.2500000e+01;-5.0858431e-02;6.2500000e+01;-6.8039242e-03;6.2500000e+01;5.9733577e-02;6.2500000e+01;1.4080301e-01;6.2500000e+01;2.2576505e-01;6.2500000e+01;2.7952245e-01;6.2500000e+01;2.8539684e-01;6.2500000e+01;3.2403269e-01;6.2500000e+01;3.0492538e-01;6.2500000e+01;2.3990242e-01;6.2500000e+01;1.8130204e-01;6.2500000e+01;1.3167514e-01;6.2500000e+01;8.6441092e-02;6.2500000e+01;4.4568777e-02;6.2500000e+01;1.9459054e-03;6.2500000e+01;-4.3460160e-02;6.2500000e+01;-8.8946573e-02;6.2500000e+01;-1.2958154e-01;6.2500000e+01;-5.0858431e-02;6.2500000e+01;-6.8039242e-03;6.2500000e+01;5.9733577e-02;6.2500000e+01;1.4080301e-01;6.2500000e+01;2.2576505e-01;6.2500000e+01;2.7952245e-01;6.2500000e+01;2.8539684e-01;6.2500000e+01;3.2403269e-01;6.2500000e+01;3.0492538e-01;6.2500000e+01;2.3990242e-01;6.2500000e+01;1.8130204e-01;6.2500000e+01;1.3167514e-01;6.2500000e+01;8.6441092e-02;6.2500000e+01;4.4568777e-02;6.2500000e+01;1.9459054e-03;6.2500000e+01;-4.3460160e-02;6.2500000e+01;-8.8946573e-02;6.2500000e+01;-1.2958154e-01;6.2500000e+01;-5.0858431e-02;6.2500000e+01;-6.8039242e-03;6.2500000e+01;5.9733577e-02;6.2500000e+01;1.4080301e-01;6.2500000e+01;2.2576505e-01;6.2500000e+01;2.7952245e-01;6.2500000e+01;2.8539684e-01;6.2500000e+01;3.2403269e-01;6.2500000e+01;3.0492538e-01;6.2500000e+01;2.3990242e-01;6.2500000e+01;1.8130204e-01;6.2500000e+01;1.3167514e-01;6.2500000e+01;8.6441092e-02;6.2500000e+01;4.4568777e-02;6.2500000e+01;1.9459054e-03;6.2500000e+01;-4.3460160e-02;6.2500000e+01;-8.8946573e-02;6.2500000e+01;-1.2958154e-01;6.2500000e+01;-5.0858431e-02;6.2500000e+01;-6.8039242e-03;6.2500000e+01;5.9733577e-02;6.2500000e+01;1.4080301e-01;6.2500000e+01;2.2576505e-01;6.2500000e+01;2.7952245e-01;6.2500000e+01;2.8539684e-01;6.2500000e+01;3.2403269e-01;6.2500000e+01;3.0492538e-01;6.2500000e+01;2.3990242e-01;6.2500000e+01;1.8130204e-01;6.2500000e+01;1.3167514e-01;6.2500000e+01;8.6441092e-02;6.2500000e+01;4.4568777e-02;6.2500000e+01;1.9459054e-03;6.2500000e+01;-4.3460160e-02;6.2500000e+01;-8.8946573e-02;6.2500000e+01;-1.2958154e-01;6.2500000e+01;-5.0858431e-02;6.2500000e+01;-6.8039242e-03;6.2500000e+01;5.9733577e-02;6.2500000e+01;1.4080301e-01;6.2500000e+01;2.2576505e-01;6.2500000e+01;2.7952245e-01;6.2500000e+01;2.8539684e-01;6.2500000e+01;3.2403269e-01;6.2500000e+01;3.0492538e-01;6.2500000e+01;2.3990242e-01;6.2500000e+01;1.8130204e-01;6.2500000e+01;1.3167514e-01;6.2500000e+01;8.6441092e-02;6.2500000e+01;4.4568777e-02;6.2500000e+01;1.9459054e-03;6.2500000e+01;-4.3460160e-02;6.2500000e+01;-8.8946573e-02;6.2500000e+01;-1.2958154e-01;6.2500000e+01;-5.0858431e-02;6.2500000e+01;-6.8039242e-03;6.2500000e+01;5.9733577e-02;6.2500000e+01;1.4080301e-01;6.2500000e+01;2.2576505e-01;6.2500000e+01;2.7952245e-01;6.2500000e+01;2.8539684e-01;6.2500000e+01;3.2403269e-01;6.2500000e+01;3.0492538e-01;6.2500000e+01;2.3990242e-01;6.2500000e+01;1.8130204e-01;6.2500000e+01;1.3167514e-01;6.2500000e+01;8.6441092e-02;6.2500000e+01;4.4568777e-02;6.2500000e+01;1.9459054e-03;6.2500000e+01;-4.3460160e-02;6.2500000e+01;-8.8946573e-02;6.2500000e+01;-1.2958154e-01;6.2500000e+01;-5.0858431e-02;6.2500000e+01;-6.8039242e-03;6.2500000e+01;5.9733577e-02;6.2500000e+01;1.4080301e-01;6.2500000e+01;2.2576505e-01;6.2500000e+01;2.7952245e-01;6.2500000e+01;2.8539684e-01;6.2500000e+01;3.2403269e-01;6.2500000e+01;3.0492538e-01;6.2500000e+01;2.3990242e-01;6.2500000e+01;1.8130204e-01;6.2500000e+01;1.3167514e-01;6.2500000e+01;8.6441092e-02;6.2500000e+01;4.4568777e-02;6.2500000e+01;1.9459054e-03;6.2500000e+01;-4.3460160e-02;6.2500000e+01;-8.8946573e-02;6.2500000e+01;-1.2958154e-01;6.2500000e+01;-5.0858431e-02;6.2500000e+01;-6.8039242e-03;6.2500000e+01;5.9733577e-02;6.2500000e+01;1.4080301e-01;6.2500000e+01;2.2576505e-01;6.2500000e+01;2.7952245e-01;6.2500000e+01;2.8539684e-01;6.2500000e+01;3.2403269e-01;6.2500000e+01;3.0492538e-01;6.2500000e+01;2.3990242e-01;6.2500000e+01;1.8130204e-01;6.2500000e+01;1.3167514e-01;6.2500000e+01;8.6441092e-02;6.2500000e+01;4.4568777e-02;6.2500000e+01;1.9459054e-03;6.2500000e+01;-4.3460160e-02;6.2500000e+01;-8.8946573e-02;6.2500000e+01;-1.2958154e-01;6.2500000e+01;-5.0858431e-02;6.2500000e+01;-6.8039242e-03;6.2500000e+01;5.9733577e-02;6.2500000e+01;1.4080301e-01;6.2500000e+01;2.2576505e-01;6.2500000e+01;2.7952245e-01;6.2500000e+01;2.8539684e-01;6.2500000e+01;3.2403269e-01;6.2500000e+01;3.0492538e-01;6.2500000e+01;2.3990242e-01;6.2500000e+01;1.8130204e-01;6.2500000e+01;1.3167514e-01;6.2500000e+01;8.6441092e-02;6.2500000e+01;4.4568777e-02;6.2500000e+01;1.9459054e-03;6.2500000e+01;-4.3460160e-02;6.2500000e+01;-8.8946573e-02;6.2500000e+01;-1.2958154e-01;6.2500000e+01;-5.0858431e-02;6.2500000e+01;-6.8039242e-03;6.2500000e+01;5.9733577e-02;6.2500000e+01;1.4080301e-01;6.2500000e+01;2.2576505e-01;6.2500000e+01;2.7952245e-01;6.2500000e+01;2.8539684e-01;6.2500000e+01;3.2403269e-01;6.2500000e+01;3.0492538e-01;6.2500000e+01;2.3990242e-01;6.2500000e+01;1.8130204e-01;6.2500000e+01;1.3167514e-01;6.2500000e+01;8.6441092e-02;6.2500000e+01;4.4568777e-02;6.2500000e+01;1.9459054e-03;6.2500000e+01;-4.3460160e-02;6.2500000e+01;-8.8946573e-02;6.2500000e+01;-1.2958154e-01;6.2500000e+01;-5.0858431e-02;6.2500000e+01;-6.8039242e-03;6.2500000e+01;5.9733577e-02;6.2500000e+01;1.4080301e-01;6.2500000e+01;2.2576505e-01;6.2500000e+01;2.7952245e-01;6.2500000e+01;2.8539684e-01;6.2500000e+01;3.2403269e-01;6.2500000e+01;3.0492538e-01;6.2500000e+01;2.3990242e-01;6.2500000e+01;1.8130204e-01;6.2500000e+01;1.3167514e-01;6.2500000e+01;8.6441092e-02;6.2500000e+01;4.4568777e-02;6.2500000e+01;1.9459054e-03;6.2500000e+01;-4.3460160e-02;6.2500000e+01;-8.8946573e-02;6.2500000e+01;-1.2958154e-01;6.2500000e+01;-5.0858431e-02;6.2500000e+01;-6.8039242e-03;6.2500000e+01;5.9733577e-02;6.2500000e+01;1.4080301e-01;6.2500000e+01;2.2576505e-01;6.2500000e+01;2.7952245e-01;6.2500000e+01;2.8539684e-01;6.2500000e+01;3.2403269e-01;6.2500000e+01;3.0492538e-01;6.2500000e+01;2.3990242e-01;6.2500000e+01;1.8130204e-01;6.2500000e+01;1.3167514e-01;6.2500000e+01;8.6441092e-02;6.2500000e+01;4.4568777e-02;6.2500000e+01;1.9459054e-03;6.2500000e+01;-4.3460160e-02;6.2500000e+01;-8.8946573e-02;6.2500000e+01;-1.2958154e-01;6.2500000e+01;-5.0858431e-02;6.2500000e+01;-6.8039242e-03;6.2500000e+01;5.9733577e-02;6.2500000e+01;1.4080301e-01;6.2500000e+01;2.2576505e-01;6.2500000e+01;2.7952245e-01;6.2500000e+01;2.8539684e-01;6.2500000e+01;3.2403269e-01;6.2500000e+01;3.0492538e-01;6.2500000e+01;2.3990242e-01;6.2500000e+01;1.8130204e-01;6.2500000e+01;1.3167514e-01;6.2500000e+01;8.6441092e-02;6.2500000e+01;4.4568777e-02;6.2500000e+01;1.9459054e-03;6.2500000e+01;-4.3460160e-02;6.2500000e+01;-8.8946573e-02;6.2500000e+01;-1.2958154e-01;6.2500000e+01;-5.0858431e-02;6.2500000e+01;-6.8039242e-03;6.2500000e+01;5.9733577e-02;6.2500000e+01;1.4080301e-01;6.2500000e+01;2.2576505e-01;6.2500000e+01;2.7952245e-01;6.2500000e+01;2.8539684e-01;6.2500000e+01;3.2403269e-01;6.2500000e+01;3.0492538e-01;6.2500000e+01;2.3990242e-01;6.2500000e+01;1.8130204e-01;6.2500000e+01;1.3167514e-01;6.2500000e+01;8.6441092e-02;6.2500000e+01;4.4568777e-02;6.2500000e+01;1.9459054e-03;6.2500000e+01;-4.3460160e-02;6.2500000e+01;-8.8946573e-02;6.2500000e+01;-1.2958154e-01;6.2500000e+01;-5.0858431e-02;6.2500000e+01;-6.8039242e-03;6.2500000e+01;5.9733577e-02;6.2500000e+01;1.4080301e-01;6.2500000e+01;2.2576505e-01;6.2500000e+01;2.7952245e-01;6.2500000e+01;2.8539684e-01;6.2500000e+01;3.2403269e-01;6.2500000e+01;3.0492538e-01;6.2500000e+01;2.3990242e-01;6.2500000e+01;1.8130204e-01;6.2500000e+01;1.3167514e-01;6.2500000e+01;8.6441092e-02;6.2500000e+01;4.4568777e-02;6.2500000e+01;1.9459054e-03;6.2500000e+01;-4.3460160e-02;6.2500000e+01;-8.8946573e-02;6.2500000e+01;-1.2958154e-01;6.2500000e+01;-5.0858431e-02;6.2500000e+01;-6.8039242e-03;6.2500000e+01;5.9733577e-02;6.2500000e+01;1.4080301e-01;6.2500000e+01;2.2576505e-01;6.2500000e+01;2.7952245e-01;6.2500000e+01;2.8539684e-01;6.2500000e+01;3.2403269e-01;6.2500000e+01;3.0492538e-01;6.2500000e+01;2.3990242e-01;6.2500000e+01;1.8130204e-01;6.2500000e+01;1.3167514e-01;6.2500000e+01;8.6441092e-02;6.2500000e+01;4.4568777e-02;6.2500000e+01;1.9459054e-03;6.2500000e+01;-4.3460160e-02;6.2500000e+01;-8.8946573e-02;6.2500000e+01;-1.2958154e-01;6.2500000e+01;-5.0858431e-02;6.2500000e+01;-6.8039242e-03;6.2500000e+01;5.9733577e-02;6.2500000e+01;1.4080301e-01;6.2500000e+01;2.2576505e-01;6.2500000e+01;2.7952245e-01;6.2500000e+01;2.8539684e-01;6.2500000e+01;3.2403269e-01;6.2500000e+01;3.0492538e-01;6.2500000e+01;2.3990242e-01;6.2500000e+01;1.8130204e-01;6.2500000e+01;1.3167514e-01;6.2500000e+01;8.6441092e-02;6.2500000e+01;4.4568777e-02;6.2500000e+01;1.9459054e-03;6.2500000e+01;-4.3460160e-02;6.2500000e+01;-8.8946573e-02;6.2500000e+01;-1.2958154e-01;6.2500000e+01;-5.0858431e-02;6.2500000e+01;-6.8039242e-03;6.2500000e+01;5.9733577e-02;6.2500000e+01;1.4080301e-01;6.2500000e+01;2.2576505e-01;6.2500000e+01;2.7952245e-01;6.2500000e+01;2.8539684e-01;6.2500000e+01;3.2403269e-01;6.2500000e+01;3.0492538e-01;6.2500000e+01;2.3990242e-01;6.2500000e+01;1.8130204e-01;6.2500000e+01;1.3167514e-01;6.2500000e+01;8.6441092e-02;6.2500000e+01;4.4568777e-02;6.2500000e+01;1.9459054e-03;6.2500000e+01;-4.3460160e-02;6.2500000e+01;-8.8946573e-02;6.2500000e+01;-1.2958154e-01;6.2500000e+01;-5.0858431e-02;6.2500000e+01;-6.8039242e-03;6.2500000e+01;5.9733577e-02;6.2500000e+01;1.4080301e-01;6.2500000e+01;2.2576505e-01;6.2500000e+01;2.7952245e-01;6.2500000e+01;2.8539684e-01;6.2500000e+01;3.2403269e-01;6.2500000e+01;3.0492538e-01;6.2500000e+01;2.3990242e-01;6.2500000e+01;1.8130204e-01;6.2500000e+01;1.3167514e-01;6.2500000e+01;8.6441092e-02;6.2500000e+01;4.4568777e-02;6.2500000e+01;1.9459054e-03;6.2500000e+01;-4.3460160e-02;6.2500000e+01;-8.8946573e-02;6.2500000e+01;-1.2958154e-01;6.2500000e+01;-5.0858431e-02;6.2500000e+01;-6.8039242e-03;6.2500000e+01;5.9733577e-02;6.2500000e+01;1.4080301e-01;6.2500000e+01;2.2576505e-01;6.2500000e+01;2.7952245e-01;6.2500000e+01;2.8539684e-01;6.2500000e+01;3.2403269e-01;6.2500000e+01;3.0492538e-01;6.2500000e+01;2.3990242e-01;6.2500000e+01;1.8130204e-01;6.2500000e+01;1.3167514e-01;6.2500000e+01;8.6441092e-02;6.2500000e+01;4.4568777e-02;6.2500000e+01;1.9459054e-03;6.2500000e+01;-4.3460160e-02;6.2500000e+01;-8.8946573e-02;6.2500000e+01;-1.2958154e-01;6.2500000e+01;-5.0858431e-02;6.2500000e+01;-6.8039242e-03;6.2500000e+01;5.9733577e-02;6.2500000e+01;1.4080301e-01;6.2500000e+01;2.2576505e-01;6.2500000e+01;2.7952245e-01;6.2500000e+01;2.8539684e-01;6.2500000e+01;3.2403269e-01;6.2500000e+01;3.0492538e-01;6.2500000e+01;2.3990242e-01;6.2500000e+01;1.8130204e-01;6.2500000e+01;1.3167514e-01;6.2500000e+01;8.6441092e-02;6.2500000e+01;4.4568777e-02;6.2500000e+01;1.9459054e-03;6.2500000e+01;-4.3460160e-02;6.2500000e+01;-8.8946573e-02;6.2500000e+01;-1.2958154e-01;6.2500000e+01;-5.0858431e-02;6.2500000e+01;-6.8039242e-03;6.2500000e+01;5.9733577e-02;6.2500000e+01;1.4080301e-01;6.2500000e+01;2.2576505e-01;6.2500000e+01;2.7952245e-01;6.2500000e+01;2.8539684e-01;6.2500000e+01;3.2403269e-01;6.2500000e+01;3.0492538e-01;6.2500000e+01;2.3990242e-01;6.2500000e+01;1.8130204e-01;6.2500000e+01;1.3167514e-01;6.2500000e+01;8.6441092e-02;6.2500000e+01;4.4568777e-02;6.2500000e+01;1.9459054e-03;6.2500000e+01;-4.3460160e-02;6.2500000e+01;-8.8946573e-02;6.2500000e+01;-1.2958154e-01;6.2500000e+01;-5.0858431e-02;6.2500000e+01;-6.8039242e-03;6.2500000e+01;5.9733577e-02;6.2500000e+01;1.4080301e-01;6.2500000e+01;2.2576505e-01;6.2500000e+01;2.7952245e-01;6.2500000e+01;2.8539684e-01;6.2500000e+01;3.2403269e-01;6.2500000e+01;3.0492538e-01;6.2500000e+01;2.3990242e-01;6.2500000e+01;1.8130204e-01;6.2500000e+01;1.3167514e-01;6.2500000e+01;8.6441092e-02;6.2500000e+01;4.4568777e-02;6.2500000e+01;1.9459054e-03;6.2500000e+01;-4.3460160e-02;6.2500000e+01;-8.8946573e-02;6.2500000e+01;-1.2958154e-01;6.2500000e+01;-5.0858431e-02;6.2500000e+01;-6.8039242e-03;6.2500000e+01;5.9733577e-02;6.2500000e+01;1.4080301e-01;6.2500000e+01;2.2576505e-01;6.2500000e+01;2.7952245e-01;6.2500000e+01;2.8539684e-01;6.2500000e+01;3.2403269e-01;6.2500000e+01;3.0492538e-01;6.2500000e+01;2.3990242e-01;6.2500000e+01;1.8130204e-01;6.2500000e+01;1.3167514e-01;6.2500000e+01;8.6441092e-02;6.2500000e+01;4.4568777e-02;6.2500000e+01;1.9459054e-03;6.2500000e+01;-4.3460160e-02;6.2500000e+01;-8.8946573e-02;6.2500000e+01;-1.2958154e-01;6.2500000e+01;-5.0858431e-02;6.2500000e+01;-6.8039242e-03;6.2500000e+01;5.9733577e-02;6.2500000e+01;1.4080301e-01;6.2500000e+01;2.2576505e-01;6.2500000e+01;2.7952245e-01;6.2500000e+01;2.8539684e-01;6.2500000e+01;3.2403269e-01;6.2500000e+01;3.0492538e-01;6.2500000e+01;2.3990242e-01;6.2500000e+01;1.8130204e-01;6.2500000e+01;1.3167514e-01;6.2500000e+01;8.6441092e-02;6.2500000e+01;4.4568777e-02;6.2500000e+01;1.9459054e-03;6.2500000e+01;-4.3460160e-02;6.2500000e+01;-8.8946573e-02;6.2500000e+01;-1.2958154e-01;6.2500000e+01;-5.0858431e-02;6.2500000e+01;-6.8039242e-03;6.2500000e+01;5.9733577e-02;6.2500000e+01;1.4080301e-01;6.2500000e+01;2.2576505e-01;6.2500000e+01;2.7952245e-01;6.2500000e+01;2.8539684e-01;6.2500000e+01;3.2403269e-01;6.2500000e+01;3.0492538e-01;6.2500000e+01;2.3990242e-01;6.2500000e+01;1.8130204e-01;6.2500000e+01;1.3167514e-01;6.2500000e+01;8.6441092e-02;6.2500000e+01;4.4568777e-02;6.2500000e+01;1.9459054e-03;6.2500000e+01;-4.3460160e-02;6.2500000e+01;-8.8946573e-02;6.2500000e+01;-1.2958154e-01;6.2500000e+01;-5.0858431e-02;6.2500000e+01;-6.8039242e-03;6.2500000e+01;5.9733577e-02;6.2500000e+01;1.4080301e-01;6.2500000e+01;2.2576505e-01;6.2500000e+01;2.7952245e-01;6.2500000e+01;2.8539684e-01;6.2500000e+01;3.2403269e-01;6.2500000e+01;3.0492538e-01;6.2500000e+01;2.3990242e-01;6.2500000e+01;1.8130204e-01;6.2500000e+01;1.3167514e-01;6.2500000e+01;8.6441092e-02;6.2500000e+01;4.4568777e-02;6.2500000e+01;1.9459054e-03;6.2500000e+01;-4.3460160e-02;6.2500000e+01;-8.8946573e-02;6.2500000e+01;-1.2958154e-01;6.2500000e+01;-5.0858431e-02;6.2500000e+01;-6.8039242e-03;6.2500000e+01;5.9733577e-02;6.2500000e+01;1.4080301e-01;6.2500000e+01;2.2576505e-01;6.2500000e+01;2.7952245e-01;6.2500000e+01;2.8539684e-01;6.2500000e+01;3.2403269e-01;6.2500000e+01;3.0492538e-01;6.2500000e+01;2.3990242e-01;6.2500000e+01;1.8130204e-01;6.2500000e+01;1.3167514e-01;6.2500000e+01;8.6441092e-02;6.2500000e+01;4.4568777e-02;6.2500000e+01;1.9459054e-03;6.2500000e+01;-4.3460160e-02;6.2500000e+01;-8.8946573e-02;6.2500000e+01;-1.2958154e-01;6.2500000e+01;-5.0858431e-02;6.2500000e+01;-6.8039242e-03;6.2500000e+01;5.9733577e-02;6.2500000e+01;1.4080301e-01;6.2500000e+01;2.2576505e-01;6.2500000e+01;2.7952245e-01;6.2500000e+01;2.8539684e-01;6.2500000e+01;3.2403269e-01;6.2500000e+01;3.0492538e-01;6.2500000e+01;2.3990242e-01;6.2500000e+01;1.8130204e-01;6.2500000e+01;1.3167514e-01;6.2500000e+01;8.6441092e-02;6.2500000e+01;4.4568777e-02;6.2500000e+01;1.9459054e-03;6.2500000e+01;-4.3460160e-02;6.2500000e+01;-8.8946573e-02;6.2500000e+01;-1.2958154e-01;6.2500000e+01;-5.0858431e-02;6.2500000e+01;-6.8039242e-03;6.2500000e+01;5.9733577e-02;6.2500000e+01;1.4080301e-01;6.2500000e+01;2.2576505e-01;6.2500000e+01;2.7952245e-01;6.2500000e+01;2.8539684e-01;6.2500000e+01;3.2403269e-01;6.2500000e+01;3.0492538e-01;6.2500000e+01;2.3990242e-01;6.2500000e+01;1.8130204e-01;6.2500000e+01;1.3167514e-01;6.2500000e+01;8.6441092e-02;6.2500000e+01;4.4568777e-02;6.2500000e+01;1.9459054e-03;6.2500000e+01;-4.3460160e-02;6.2500000e+01;-8.8946573e-02;6.2500000e+01;-1.2958154e-01;6.2500000e+01;-5.0858431e-02;6.2500000e+01;-6.8039242e-03;6.2500000e+01;5.9733577e-02;6.2500000e+01;1.4080301e-01;6.2500000e+01;2.2576505e-01;6.2500000e+01;2.7952245e-01;6.2500000e+01;2.8539684e-01;6.2500000e+01;3.2403269e-01;6.2500000e+01;3.0492538e-01;6.2500000e+01;2.3990242e-01;6.2500000e+01;1.8130204e-01;6.2500000e+01;1.3167514e-01;6.2500000e+01;8.6441092e-02;6.2500000e+01;4.4568777e-02;6.2500000e+01;1.9459054e-03;6.2500000e+01;-4.3460160e-02;6.2500000e+01;-8.8946573e-02;6.2500000e+01;-1.2958154e-01;6.2500000e+01;-5.0858431e-02;6.2500000e+01;-6.8039242e-03;6.2500000e+01;5.9733577e-02;6.2500000e+01;1.4080301e-01;6.2500000e+01;2.2576505e-01;6.2500000e+01;2.7952245e-01;6.2500000e+01;2.8539684e-01;6.2500000e+01;3.2403269e-01;6.2500000e+01;3.0492538e-01;6.2500000e+01;2.3990242e-01;6.2500000e+01;1.8130204e-01;6.2500000e+01;1.3167514e-01;6.2500000e+01;8.6441092e-02;6.2500000e+01;4.4568777e-02;6.2500000e+01;1.9459054e-03;6.2500000e+01;-4.3460160e-02;6.2500000e+01;-8.8946573e-02;6.2500000e+01;-1.2958154e-01;6.2500000e+01;-5.0858431e-02;6.2500000e+01;-6.8039242e-03;6.2500000e+01;5.9733577e-02;6.2500000e+01;1.4080301e-01;6.2500000e+01;2.2576505e-01;6.2500000e+01;2.7952245e-01;6.2500000e+01;2.8539684e-01;6.2500000e+01;3.2403269e-01;6.2500000e+01;3.0492538e-01;6.2500000e+01;2.3990242e-01;6.2500000e+01;1.8130204e-01;6.2500000e+01;1.3167514e-01;6.2500000e+01;8.6441092e-02;6.2500000e+01;4.4568777e-02;6.2500000e+01;1.9459054e-03;6.2500000e+01;-4.3460160e-02;6.2500000e+01;-8.8946573e-02;6.2500000e+01;-1.2958154e-01;6.2500000e+01;-5.0858431e-02;6.2500000e+01;-6.8039242e-03;6.2500000e+01;5.9733577e-02;6.2500000e+01;1.4080301e-01;6.2500000e+01;2.2576505e-01;6.2500000e+01;2.7952245e-01;6.2500000e+01;2.8539684e-01;6.2500000e+01;3.2403269e-01;6.2500000e+01;3.0492538e-01;6.2500000e+01;2.3990242e-01;6.2500000e+01;1.8130204e-01;6.2500000e+01;1.3167514e-01;6.2500000e+01;8.6441092e-02;6.2500000e+01;4.4568777e-02;6.2500000e+01;1.9459054e-03;6.2500000e+01;-4.3460160e-02;6.2500000e+01;-8.8946573e-02;6.2500000e+01;-1.2958154e-01;6.2500000e+01;-5.0858431e-02;6.2500000e+01;-6.8039242e-03;6.2500000e+01;5.9733577e-02;6.2500000e+01;1.4080301e-01;6.2500000e+01;2.2576505e-01;6.2500000e+01;2.7952245e-01;6.2500000e+01;2.8539684e-01;6.2500000e+01;3.2403269e-01;6.2500000e+01;3.0492538e-01;6.2500000e+01;2.3990242e-01;6.2500000e+01;1.8130204e-01;6.2500000e+01;1.3167514e-01;6.2500000e+01;8.6441092e-02;6.2500000e+01;4.4568777e-02;6.2500000e+01;1.9459054e-03;6.2500000e+01;-4.3460160e-02;6.2500000e+01;-8.8946573e-02;6.2500000e+01;-1.2958154e-01;6.2500000e+01;-5.0858431e-02;6.2500000e+01;-6.8039242e-03;6.2500000e+01;5.9733577e-02;6.2500000e+01;1.4080301e-01;6.2500000e+01;2.2576505e-01;6.2500000e+01;2.7952245e-01;6.2500000e+01;2.8539684e-01;6.2500000e+01;3.2403269e-01;6.2500000e+01;3.0492538e-01;6.2500000e+01;2.3990242e-01;6.2500000e+01;1.8130204e-01;6.2500000e+01;1.3167514e-01;6.2500000e+01;8.6441092e-02;6.2500000e+01;4.4568777e-02;6.2500000e+01;1.9459054e-03;6.2500000e+01;-4.3460160e-02;6.2500000e+01;-8.8946573e-02;6.2500000e+01;-1.2958154e-01;6.2500000e+01;-5.0858431e-02;6.2500000e+01;-6.8039242e-03;6.2500000e+01;5.9733577e-02;6.2500000e+01;1.4080301e-01;6.2500000e+01;2.2576505e-01;6.2500000e+01;2.7952245e-01;6.2500000e+01;2.8539684e-01;6.2500000e+01;3.2403269e-01;6.2500000e+01;3.0492538e-01;6.2500000e+01;2.3990242e-01;6.2500000e+01;1.8130204e-01;6.2500000e+01;1.3167514e-01;6.2500000e+01;8.6441092e-02;6.2500000e+01;4.4568777e-02;6.2500000e+01;1.9459054e-03;6.2500000e+01;-4.3460160e-02;6.2500000e+01;-8.8946573e-02;6.2500000e+01;-1.2958154e-01;6.2500000e+01;-5.0858431e-02;6.2500000e+01;-6.8039242e-03;6.2500000e+01;5.9733577e-02;6.2500000e+01;1.4080301e-01;6.2500000e+01;2.2576505e-01;6.2500000e+01;2.7952245e-01;6.2500000e+01;2.8539684e-01;6.2500000e+01;3.2403269e-01;6.2500000e+01;3.0492538e-01;6.2500000e+01;2.3990242e-01;6.2500000e+01;1.8130204e-01;6.2500000e+01;1.3167514e-01;6.2500000e+01;8.6441092e-02;6.2500000e+01;4.4568777e-02;6.2500000e+01;1.9459054e-03;6.2500000e+01;-4.3460160e-02;6.2500000e+01;-8.8946573e-02;6.2500000e+01;-1.2958154e-01;6.2500000e+01;-5.0858431e-02;6.2500000e+01;-6.8039242e-03;6.2500000e+01;5.9733577e-02;6.2500000e+01;1.4080301e-01;6.2500000e+01;2.2576505e-01;6.2500000e+01;2.7952245e-01;6.2500000e+01;2.8539684e-01;6.2500000e+01;3.2403269e-01;6.2500000e+01;3.0492538e-01;6.2500000e+01;2.3990242e-01;6.2500000e+01;1.8130204e-01;6.2500000e+01;1.3167514e-01;6.2500000e+01;8.6441092e-02;6.2500000e+01;4.4568777e-02;6.2500000e+01;1.9459054e-03;6.2500000e+01;-4.3460160e-02;6.2500000e+01;-8.8946573e-02;6.2500000e+01;-1.2958154e-01;6.2500000e+01;-5.0858431e-02;6.2500000e+01;-6.8039242e-03;6.2500000e+01;5.9733577e-02;6.2500000e+01;1.4080301e-01;6.2500000e+01;2.2576505e-01;6.2500000e+01;2.7952245e-01;6.2500000e+01;2.8539684e-01;6.2500000e+01;3.2403269e-01;6.2500000e+01;3.0492538e-01;6.2500000e+01;2.3990242e-01;6.2500000e+01;1.8130204e-01;6.2500000e+01;1.3167514e-01;6.2500000e+01;8.6441092e-02;6.2500000e+01;4.4568777e-02;6.2500000e+01;1.9459054e-03;6.2500000e+01;-4.3460160e-02;6.2500000e+01;-8.8946573e-02;6.2500000e+01;-1.2958154e-01;6.2500000e+01;-5.0858431e-02;6.2500000e+01;-6.8039242e-03;6.2500000e+01;5.9733577e-02;6.2500000e+01;1.4080301e-01;6.2500000e+01;2.2576505e-01;6.2500000e+01;2.7952245e-01;6.2500000e+01;2.8539684e-01;6.2500000e+01;3.2403269e-01;6.2500000e+01;3.0492538e-01;6.2500000e+01;2.3990242e-01;6.2500000e+01;1.8130204e-01;6.2500000e+01;1.3167514e-01;6.2500000e+01;8.6441092e-02;6.2500000e+01;4.4568777e-02;6.2500000e+01;1.9459054e-03;6.2500000e+01;-4.3460160e-02;6.2500000e+01;-8.8946573e-02;6.2500000e+01;-1.2958154e-01;6.2500000e+01;-5.0858431e-02;6.2500000e+01;-6.8039242e-03;6.2500000e+01;5.9733577e-02;6.2500000e+01;1.4080301e-01;6.2500000e+01;2.2576505e-01;6.2500000e+01;2.7952245e-01;6.2500000e+01;2.8539684e-01;6.2500000e+01;3.2403269e-01;6.2500000e+01;3.0492538e-01;6.2500000e+01;2.3990242e-01;6.2500000e+01;1.8130204e-01;6.2500000e+01;1.3167514e-01;6.2500000e+01;8.6441092e-02;6.2500000e+01;4.4568777e-02;6.2500000e+01;1.9459054e-03;6.2500000e+01;-4.3460160e-02;6.2500000e+01;-8.8946573e-02;6.2500000e+01;-1.2958154e-01;6.2500000e+01;-5.0858431e-02;6.2500000e+01;-6.8039242e-03;6.2500000e+01;5.9733577e-02;6.2500000e+01;1.4080301e-01;6.2500000e+01;2.2576505e-01;6.2500000e+01;2.7952245e-01;6.2500000e+01;2.8539684e-01;6.2500000e+01;3.2403269e-01;6.2500000e+01;3.0492538e-01;6.2500000e+01;2.3990242e-01;6.2500000e+01;1.8130204e-01;6.2500000e+01;1.3167514e-01;6.2500000e+01;8.6441092e-02;6.2500000e+01;4.4568777e-02;6.2500000e+01;1.9459054e-03;6.2500000e+01;-4.3460160e-02;6.2500000e+01;-8.8946573e-02;6.2500000e+01;-1.2958154e-01;6.2500000e+01;-5.0858431e-02;6.2500000e+01;-6.8039242e-03;6.2500000e+01;5.9733577e-02;6.2500000e+01;1.4080301e-01;6.2500000e+01;2.2576505e-01;6.2500000e+01;2.7952245e-01;6.2500000e+01;2.8539684e-01;6.2500000e+01;3.2403269e-01;6.2500000e+01;3.0492538e-01;6.2500000e+01;2.3990242e-01;6.2500000e+01;1.8130204e-01;6.2500000e+01;1.3167514e-01;6.2500000e+01;8.6441092e-02;6.2500000e+01;4.4568777e-02;6.2500000e+01;1.9459054e-03;6.2500000e+01;-4.3460160e-02;6.2500000e+01;-8.8946573e-02;6.2500000e+01;-1.2958154e-01;6.2500000e+01;-5.0858431e-02;6.2500000e+01;-6.8039242e-03;6.2500000e+01;5.9733577e-02;6.2500000e+01;1.4080301e-01;6.2500000e+01;2.2576505e-01;6.2500000e+01;2.7952245e-01;6.2500000e+01;2.8539684e-01;6.2500000e+01;3.2403269e-01;6.2500000e+01;3.0492538e-01;6.2500000e+01;2.3990242e-01;6.2500000e+01;1.8130204e-01;6.2500000e+01;1.3167514e-01;6.2500000e+01;8.6441092e-02;6.2500000e+01;4.4568777e-02;6.2500000e+01;1.9459054e-03;6.2500000e+01;-4.3460160e-02;6.2500000e+01;-8.8946573e-02;6.2500000e+01;-1.2958154e-01;6.2500000e+01;-5.0858431e-02;6.2500000e+01;-6.8039242e-03;6.2500000e+01;5.9733577e-02;6.2500000e+01;1.4080301e-01;6.2500000e+01;2.2576505e-01;6.2500000e+01;2.7952245e-01;6.2500000e+01;2.8539684e-01;6.2500000e+01;3.2403269e-01;6.2500000e+01;3.0492538e-01;6.2500000e+01;2.3990242e-01;6.2500000e+01;1.8130204e-01;6.2500000e+01;1.3167514e-01;6.2500000e+01;8.6441092e-02;6.2500000e+01;4.4568777e-02;6.2500000e+01;1.9459054e-03;6.2500000e+01;-4.3460160e-02;6.2500000e+01;-8.8946573e-02;6.2500000e+01;-1.2958154e-01;6.2500000e+01;-5.0858431e-02;6.2500000e+01;-6.8039242e-03;6.2500000e+01;5.9733577e-02;6.2500000e+01;1.4080301e-01;6.2500000e+01;2.2576505e-01;6.2500000e+01;2.7952245e-01;6.2500000e+01;2.8539684e-01;6.2500000e+01;3.2403269e-01;6.2500000e+01;3.0492538e-01;6.2500000e+01;2.3990242e-01;6.2500000e+01;1.8130204e-01;6.2500000e+01;1.3167514e-01;6.2500000e+01;8.6441092e-02;6.2500000e+01;4.4568777e-02;6.2500000e+01;1.9459054e-03;6.2500000e+01;-4.3460160e-02;6.2500000e+01;-8.8946573e-02;6.2500000e+01;-1.2958154e-01;6.2500000e+01;-5.0858431e-02;6.2500000e+01;-6.8039242e-03;6.2500000e+01;5.9733577e-02;6.2500000e+01;1.4080301e-01;6.2500000e+01;2.2576505e-01;6.2500000e+01;2.7952245e-01;6.2500000e+01;2.8539684e-01;6.2500000e+01;3.2403269e-01;6.2500000e+01;3.0492538e-01;6.2500000e+01;2.3990242e-01;6.2500000e+01;1.8130204e-01;6.2500000e+01;1.3167514e-01;6.2500000e+01;8.6441092e-02;6.2500000e+01;4.4568777e-02;6.2500000e+01;1.9459054e-03;6.2500000e+01;-4.3460160e-02;6.2500000e+01;-8.8946573e-02;6.2500000e+01;-1.2958154e-01;6.2500000e+01;-5.0858431e-02;6.2500000e+01;-6.8039242e-03;6.2500000e+01;5.9733577e-02;6.2500000e+01;1.4080301e-01;6.2500000e+01;2.2576505e-01;6.2500000e+01;2.7952245e-01;6.2500000e+01;2.8539684e-01;6.2500000e+01;3.2403269e-01;6.2500000e+01;3.0492538e-01;6.2500000e+01;2.3990242e-01;6.2500000e+01;1.8130204e-01;6.2500000e+01;1.3167514e-01;6.2500000e+01;8.6441092e-02;6.2500000e+01;4.4568777e-02;6.2500000e+01;1.9459054e-03;6.2500000e+01;-4.3460160e-02;6.2500000e+01;-8.8946573e-02;6.2500000e+01;-1.2958154e-01;6.2500000e+01;-5.0858431e-02;6.2500000e+01;-6.8039242e-03;6.2500000e+01;5.9733577e-02;6.2500000e+01;1.4080301e-01;6.2500000e+01;2.2576505e-01;6.2500000e+01;2.7952245e-01;6.2500000e+01;2.8539684e-01;6.2500000e+01;3.2403269e-01;6.2500000e+01;3.0492538e-01;6.2500000e+01;2.3990242e-01;6.2500000e+01;1.8130204e-01;6.2500000e+01;1.3167514e-01;6.2500000e+01;8.6441092e-02;6.2500000e+01;4.4568777e-02;6.2500000e+01;1.9459054e-03;6.2500000e+01;-4.3460160e-02;6.2500000e+01;-8.8946573e-02;6.2500000e+01;-1.2958154e-01;6.2500000e+01;-5.0858431e-02;6.2500000e+01;-6.8039242e-03;6.2500000e+01;5.9733577e-02;6.2500000e+01;1.4080301e-01;6.2500000e+01;2.2576505e-01;6.2500000e+01;2.7952245e-01;6.2500000e+01;2.8539684e-01;6.2500000e+01;3.2403269e-01;6.2500000e+01;3.0492538e-01;6.2500000e+01;2.3990242e-01;6.2500000e+01;1.8130204e-01;6.2500000e+01;1.3167514e-01;6.2500000e+01;8.6441092e-02;6.2500000e+01;4.4568777e-02;6.2500000e+01;1.9459054e-03;6.2500000e+01;-4.3460160e-02;6.2500000e+01;-8.8946573e-02;6.2500000e+01;-1.2958154e-01;6.2500000e+01;-5.0858431e-02;6.2500000e+01;-6.8039242e-03;6.2500000e+01;5.9733577e-02;6.2500000e+01;1.4080301e-01;6.2500000e+01;2.2576505e-01;6.2500000e+01;2.7952245e-01;6.2500000e+01;2.8539684e-01;6.2500000e+01;3.2403269e-01;6.2500000e+01;3.0492538e-01;6.2500000e+01;2.3990242e-01;6.2500000e+01;1.8130204e-01;6.2500000e+01;1.3167514e-01;6.2500000e+01;8.6441092e-02;6.2500000e+01;4.4568777e-02;6.2500000e+01;1.9459054e-03;6.2500000e+01;-4.3460160e-02;6.2500000e+01;-8.8946573e-02;6.2500000e+01;-1.2958154e-01;6.2500000e+01;-5.0858431e-02;6.2500000e+01;-6.8039242e-03;6.2500000e+01;5.9733577e-02;6.2500000e+01;1.4080301e-01;6.2500000e+01;2.2576505e-01;6.2500000e+01;2.7952245e-01;6.2500000e+01;2.8539684e-01;6.2500000e+01;3.2403269e-01;6.2500000e+01;3.0492538e-01;6.2500000e+01;2.3990242e-01;6.2500000e+01;1.8130204e-01;6.2500000e+01;1.3167514e-01;6.2500000e+01;8.6441092e-02;6.2500000e+01;4.4568777e-02;6.2500000e+01;1.9459054e-03;6.2500000e+01;-4.3460160e-02;6.2500000e+01;-8.8946573e-02;6.2500000e+01;-1.2958154e-01;6.2500000e+01;-5.0858431e-02;6.2500000e+01;-6.8039242e-03;6.2500000e+01;5.9733577e-02;6.2500000e+01;1.4080301e-01;6.2500000e+01;2.2576505e-01;6.2500000e+01;2.7952245e-01;6.2500000e+01;2.8539684e-01;6.2500000e+01;3.2403269e-01;6.2500000e+01;3.0492538e-01;6.2500000e+01;2.3990242e-01;6.2500000e+01;1.8130204e-01;6.2500000e+01;1.3167514e-01;6.2500000e+01;8.6441092e-02;6.2500000e+01;4.4568777e-02;6.2500000e+01;1.9459054e-03;6.2500000e+01;-4.3460160e-02;6.2500000e+01;-8.8946573e-02;6.2500000e+01;-1.2958154e-01;6.2500000e+01;-5.0858431e-02;6.2500000e+01;-6.8039242e-03;6.2500000e+01;5.9733577e-02;6.2500000e+01;1.4080301e-01;6.2500000e+01;2.2576505e-01;6.2500000e+01;2.7952245e-01;6.2500000e+01;2.8539684e-01;6.2500000e+01;3.2403269e-01;6.2500000e+01;3.0492538e-01;6.2500000e+01;2.3990242e-01;6.2500000e+01;1.8130204e-01;6.2500000e+01;1.3167514e-01;6.2500000e+01;8.6441092e-02;6.2500000e+01;4.4568777e-02;6.2500000e+01;1.9459054e-03;6.2500000e+01;-4.3460160e-02;6.2500000e+01;-8.8946573e-02;6.2500000e+01;-1.2958154e-01;6.2500000e+01;-5.0858431e-02;6.2500000e+01;-6.8039242e-03;6.2500000e+01;5.9733577e-02;6.2500000e+01;1.4080301e-01;6.2500000e+01;2.2576505e-01;6.2500000e+01;2.7952245e-01;6.2500000e+01;2.8539684e-01;6.2500000e+01;3.2403269e-01;6.2500000e+01;3.0492538e-01;6.2500000e+01;2.3990242e-01;6.2500000e+01;1.8130204e-01;6.2500000e+01;1.3167514e-01;6.2500000e+01;8.6441092e-02;6.2500000e+01;4.4568777e-02;6.2500000e+01;1.9459054e-03;6.2500000e+01;-4.3460160e-02;6.2500000e+01;-8.8946573e-02;6.2500000e+01;-1.2958154e-01;6.2500000e+01;-5.0858431e-02;6.2500000e+01;-6.8039242e-03;6.2500000e+01;5.9733577e-02;6.2500000e+01;1.4080301e-01;6.2500000e+01;2.2576505e-01;6.2500000e+01;2.7952245e-01;6.2500000e+01;2.8539684e-01;6.2500000e+01;3.2403269e-01;6.2500000e+01;3.0492538e-01;6.2500000e+01;2.3990242e-01;6.2500000e+01;1.8130204e-01;6.2500000e+01;1.3167514e-01;6.2500000e+01;8.6441092e-02;6.2500000e+01;4.4568777e-02;6.2500000e+01;1.9459054e-03;6.2500000e+01;-4.3460160e-02;6.2500000e+01;-8.8946573e-02;6.2500000e+01;-1.2958154e-01;6.2500000e+01;-5.0858431e-02;6.2500000e+01;-6.8039242e-03;6.2500000e+01;5.9733577e-02;6.2500000e+01;1.4080301e-01;6.2500000e+01;2.2576505e-01;6.2500000e+01;2.7952245e-01;6.2500000e+01;2.8539684e-01;6.2500000e+01;3.2403269e-01;6.2500000e+01;3.0492538e-01;6.2500000e+01;2.3990242e-01;6.2500000e+01;1.8130204e-01;6.2500000e+01;1.3167514e-01;6.2500000e+01;8.6441092e-02;6.2500000e+01;4.4568777e-02;6.2500000e+01;1.9459054e-03;6.2500000e+01;-4.3460160e-02;6.2500000e+01;-8.8946573e-02;6.2500000e+01;-1.2958154e-01;6.2500000e+01;-5.0858431e-02;6.2500000e+01;-6.8039242e-03;6.2500000e+01;5.9733577e-02;6.2500000e+01;1.4080301e-01;6.2500000e+01;2.2576505e-01;6.2500000e+01;2.7952245e-01;6.2500000e+01;2.8539684e-01;6.2500000e+01;3.2403269e-01;6.2500000e+01;3.0492538e-01;6.2500000e+01;2.3990242e-01;6.2500000e+01;1.8130204e-01;6.2500000e+01;1.3167514e-01;6.2500000e+01;8.6441092e-02;6.2500000e+01;4.4568777e-02;6.2500000e+01;1.9459054e-03;6.2500000e+01;-4.3460160e-02;6.2500000e+01;-8.8946573e-02;6.2500000e+01;-1.2958154e-01;6.2500000e+01;-5.0858431e-02;6.2500000e+01;-6.8039242e-03;6.2500000e+01;5.9733577e-02;6.2500000e+01;1.4080301e-01;6.2500000e+01;2.2576505e-01;6.2500000e+01;2.7952245e-01;6.2500000e+01;2.8539684e-01;6.2500000e+01;3.2403269e-01;6.2500000e+01;3.0492538e-01;6.2500000e+01;2.3990242e-01;6.2500000e+01;1.8130204e-01;6.2500000e+01;1.3167514e-01;6.2500000e+01;8.6441092e-02;6.2500000e+01;4.4568777e-02;6.2500000e+01;1.9459054e-03;6.2500000e+01;-4.3460160e-02;6.2500000e+01;-8.8946573e-02;6.2500000e+01;-1.2958154e-01;6.2500000e+01;-5.0858431e-02;6.2500000e+01;-6.8039242e-03;6.2500000e+01;5.9733577e-02;6.2500000e+01;1.4080301e-01;6.2500000e+01;2.2576505e-01;6.2500000e+01;2.7952245e-01;6.2500000e+01;2.8539684e-01;6.2500000e+01;3.2403269e-01;6.2500000e+01;3.0492538e-01;6.2500000e+01;2.3990242e-01;6.2500000e+01;1.8130204e-01;6.2500000e+01;1.3167514e-01;6.2500000e+01;8.6441092e-02;6.2500000e+01;4.4568777e-02;6.2500000e+01;1.9459054e-03;6.2500000e+01;-4.3460160e-02;6.2500000e+01;-8.8946573e-02;6.2500000e+01;-1.2958154e-01;6.2500000e+01;-5.0858431e-02;6.2500000e+01;-6.8039242e-03;6.2500000e+01;5.9733577e-02;6.2500000e+01;1.4080301e-01;6.2500000e+01;2.2576505e-01;6.2500000e+01;2.7952245e-01;6.2500000e+01;2.8539684e-01;6.2500000e+01;3.2403269e-01;6.2500000e+01;3.0492538e-01;6.2500000e+01;2.3990242e-01;6.2500000e+01;1.8130204e-01;6.2500000e+01;1.3167514e-01;6.2500000e+01;8.6441092e-02;6.2500000e+01;4.4568777e-02;6.2500000e+01;1.9459054e-03;6.2500000e+01;-4.3460160e-02;6.2500000e+01;-8.8946573e-02;6.2500000e+01;-1.2958154e-01;6.2500000e+01;-5.0858431e-02;6.2500000e+01;-6.8039242e-03;6.2500000e+01;5.9733577e-02;6.2500000e+01;1.4080301e-01;6.2500000e+01;2.2576505e-01;6.2500000e+01;2.7952245e-01;6.2500000e+01;2.8539684e-01;6.2500000e+01;3.2403269e-01;6.2500000e+01;3.0492538e-01;6.2500000e+01;2.3990242e-01;6.2500000e+01;1.8130204e-01;6.2500000e+01;1.3167514e-01;6.2500000e+01;8.6441092e-02;6.2500000e+01;4.4568777e-02;6.2500000e+01;1.9459054e-03;6.2500000e+01;-4.3460160e-02;6.2500000e+01;-8.8946573e-02;6.2500000e+01;-1.2958154e-01;6.2500000e+01;-5.0858431e-02;6.2500000e+01;-6.8039242e-03;6.2500000e+01;5.9733577e-02;6.2500000e+01;1.4080301e-01;6.2500000e+01;2.2576505e-01;6.2500000e+01;2.7952245e-01;6.2500000e+01;2.8539684e-01;6.2500000e+01;3.2403269e-01;6.2500000e+01;3.0492538e-01;6.2500000e+01;2.3990242e-01;6.2500000e+01;1.8130204e-01;6.2500000e+01;1.3167514e-01;6.2500000e+01;8.6441092e-02;6.2500000e+01;4.4568777e-02;6.2500000e+01;1.9459054e-03;6.2500000e+01;-4.3460160e-02;6.2500000e+01;-8.8946573e-02;6.2500000e+01;-1.2958154e-01;6.2500000e+01;-5.0858431e-02;6.2500000e+01;-6.8039242e-03;6.2500000e+01;5.9733577e-02;6.2500000e+01;1.4080301e-01;6.2500000e+01;2.2576505e-01;6.2500000e+01;2.7952245e-01;6.2500000e+01;2.8539684e-01;6.2500000e+01;3.2403269e-01;6.2500000e+01;3.0492538e-01;6.2500000e+01;2.3990242e-01;6.2500000e+01;1.8130204e-01;6.2500000e+01;1.3167514e-01;6.2500000e+01;8.6441092e-02;6.2500000e+01;4.4568777e-02;6.2500000e+01;1.9459054e-03;6.2500000e+01;-4.3460160e-02;6.2500000e+01;-8.8946573e-02;6.2500000e+01;-1.2958154e-01;6.2500000e+01;-5.0858431e-02;6.2500000e+01;-6.8039242e-03;6.2500000e+01;5.9733577e-02;6.2500000e+01;1.4080301e-01;6.2500000e+01;2.2576505e-01;6.2500000e+01;2.7952245e-01;6.2500000e+01;2.8539684e-01;6.2500000e+01;3.2403269e-01;6.2500000e+01;3.0492538e-01;6.2500000e+01;2.3990242e-01;6.2500000e+01;1.8130204e-01;6.2500000e+01;1.3167514e-01;6.2500000e+01;8.6441092e-02;6.2500000e+01;4.4568777e-02;6.2500000e+01;1.9459054e-03;6.2500000e+01;-4.3460160e-02;6.2500000e+01;-8.8946573e-02;6.2500000e+01;-1.2958154e-01;6.2500000e+01;-5.0858431e-02;6.2500000e+01;-6.8039242e-03;6.2500000e+01;5.9733577e-02;6.2500000e+01;1.4080301e-01;6.2500000e+01;2.2576505e-01;6.2500000e+01;2.7952245e-01;6.2500000e+01;2.8539684e-01;6.2500000e+01;3.2403269e-01;6.2500000e+01;3.0492538e-01;6.2500000e+01;2.3990242e-01;6.2500000e+01;1.8130204e-01;6.2500000e+01;1.3167514e-01;6.2500000e+01;8.6441092e-02;6.2500000e+01;4.4568777e-02;6.2500000e+01;1.9459054e-03;6.2500000e+01;-4.3460160e-02;6.2500000e+01;-8.8946573e-02;6.2500000e+01;-1.2958154e-01;6.2500000e+01;-5.0858431e-02;6.2500000e+01;-6.8039242e-03;6.2500000e+01;5.9733577e-02;6.2500000e+01;1.4080301e-01;6.2500000e+01;2.2576505e-01;6.2500000e+01;2.7952245e-01;6.2500000e+01;2.8539684e-01;6.2500000e+01;3.2403269e-01;6.2500000e+01;3.0492538e-01;6.2500000e+01;2.3990242e-01;6.2500000e+01;1.8130204e-01;6.2500000e+01;1.3167514e-01;6.2500000e+01;8.6441092e-02;6.2500000e+01;4.4568777e-02;6.2500000e+01;1.9459054e-03;6.2500000e+01;-4.3460160e-02;6.2500000e+01;-8.8946573e-02;6.2500000e+01;-1.2958154e-01;6.2500000e+01;-5.0858431e-02;6.2500000e+01;-6.8039242e-03;6.2500000e+01;5.9733577e-02;6.2500000e+01;1.4080301e-01;6.2500000e+01;2.2576505e-01;6.2500000e+01;2.7952245e-01;6.2500000e+01;2.8539684e-01;6.2500000e+01;3.2403269e-01;6.2500000e+01;3.0492538e-01;6.2500000e+01;2.3990242e-01;6.2500000e+01;1.8130204e-01;6.2500000e+01;1.3167514e-01;6.2500000e+01;8.6441092e-02;6.2500000e+01;4.4568777e-02;6.2500000e+01;1.9459054e-03;6.2500000e+01;-4.3460160e-02;6.2500000e+01;-8.8946573e-02;6.2500000e+01;-1.2958154e-01;6.2500000e+01;-5.0858431e-02;6.2500000e+01;-6.8039242e-03;6.2500000e+01;5.9733577e-02;6.2500000e+01;1.4080301e-01;6.2500000e+01;2.2576505e-01;6.2500000e+01;2.7952245e-01;6.2500000e+01;2.8539684e-01;6.2500000e+01;3.2403269e-01;6.2500000e+01;3.0492538e-01;6.2500000e+01;2.3990242e-01;6.2500000e+01;1.8130204e-01;6.2500000e+01;1.3167514e-01;6.2500000e+01;8.6441092e-02;6.2500000e+01;4.4568777e-02;6.2500000e+01;1.9459054e-03;6.2500000e+01;-4.3460160e-02;6.2500000e+01;-8.8946573e-02;6.2500000e+01;-1.2958154e-01;6.2500000e+01;-5.0858431e-02;6.2500000e+01;-6.8039242e-03;6.2500000e+01;5.9733577e-02;6.2500000e+01;1.4080301e-01;6.2500000e+01;2.2576505e-01;6.2500000e+01;2.7952245e-01;6.2500000e+01;2.8539684e-01;6.2500000e+01;3.2403269e-01;6.2500000e+01;3.0492538e-01;6.2500000e+01;2.3990242e-01;6.2500000e+01;1.8130204e-01;6.2500000e+01;1.3167514e-01;6.2500000e+01;8.6441092e-02;6.2500000e+01;4.4568777e-02;6.2500000e+01;1.9459054e-03;6.2500000e+01;-4.3460160e-02;6.2500000e+01;-8.8946573e-02;6.2500000e+01;-1.2958154e-01;6.2500000e+01;-5.0858431e-02;6.2500000e+01;-6.8039242e-03;6.2500000e+01;5.9733577e-02;6.2500000e+01;1.4080301e-01;6.2500000e+01;2.2576505e-01;6.2500000e+01;2.7952245e-01;6.2500000e+01;2.8539684e-01;6.2500000e+01;3.2403269e-01;6.2500000e+01;3.0492538e-01;6.2500000e+01;2.3990242e-01;6.2500000e+01;1.8130204e-01;6.2500000e+01;1.3167514e-01;6.2500000e+01;8.6441092e-02;6.2500000e+01;4.4568777e-02;6.2500000e+01;1.9459054e-03;6.2500000e+01;-4.3460160e-02;6.2500000e+01;-8.8946573e-02;6.2500000e+01;-1.2958154e-01;6.2500000e+01;-5.0858431e-02;6.2500000e+01;-6.8039242e-03;6.2500000e+01;5.9733577e-02;6.2500000e+01;1.4080301e-01;6.2500000e+01;2.2576505e-01;6.2500000e+01;2.7952245e-01;6.2500000e+01;2.8539684e-01;6.2500000e+01;3.2403269e-01;6.2500000e+01;3.0492538e-01;6.2500000e+01;2.3990242e-01;6.2500000e+01;1.8130204e-01;6.2500000e+01;1.3167514e-01;6.2500000e+01;8.6441092e-02;6.2500000e+01;4.4568777e-02;6.2500000e+01;1.9459054e-03;6.2500000e+01;-4.3460160e-02;6.2500000e+01;-8.8946573e-02;6.2500000e+01;-1.2958154e-01;6.2500000e+01;-5.0858431e-02;6.2500000e+01;-6.8039242e-03;6.2500000e+01;5.9733577e-02;6.2500000e+01;1.4080301e-01;6.2500000e+01;2.2576505e-01;6.2500000e+01;2.7952245e-01;6.2500000e+01;2.8539684e-01;6.2500000e+01;3.2403269e-01;6.2500000e+01;3.0492538e-01;6.2500000e+01;2.3990242e-01;6.2500000e+01;1.8130204e-01;6.2500000e+01;1.3167514e-01;6.2500000e+01;8.6441092e-02;6.2500000e+01;4.4568777e-02;6.2500000e+01;1.9459054e-03;6.2500000e+01;-4.3460160e-02;6.2500000e+01;-8.8946573e-02;6.2500000e+01;-1.2958154e-01;6.2500000e+01;-5.0858431e-02;6.2500000e+01;-6.8039242e-03;6.2500000e+01;5.9733577e-02;6.2500000e+01;1.4080301e-01;6.2500000e+01;2.2576505e-01;6.2500000e+01;2.7952245e-01;6.2500000e+01;2.8539684e-01;6.2500000e+01;3.2403269e-01;6.2500000e+01;3.0492538e-01;6.2500000e+01;2.3990242e-01;6.2500000e+01;1.8130204e-01;6.2500000e+01;1.3167514e-01;6.2500000e+01;8.6441092e-02;6.2500000e+01;4.4568777e-02;6.2500000e+01;1.9459054e-03;6.2500000e+01;-4.3460160e-02;6.2500000e+01;-8.8946573e-02;6.2500000e+01;-1.2958154e-01;6.2500000e+01;-5.0858431e-02;6.2500000e+01;-6.8039242e-03;6.2500000e+01;5.9733577e-02;6.2500000e+01;1.4080301e-01;6.2500000e+01;2.2576505e-01;6.2500000e+01;2.7952245e-01;6.2500000e+01;2.8539684e-01;6.2500000e+01;3.2403269e-01;6.2500000e+01;3.0492538e-01;6.2500000e+01;2.3990242e-01;6.2500000e+01;1.8130204e-01;6.2500000e+01;1.3167514e-01;6.2500000e+01;8.6441092e-02;6.2500000e+01;4.4568777e-02;6.2500000e+01;1.9459054e-03;6.2500000e+01;-4.3460160e-02;6.2500000e+01;-8.8946573e-02;6.2500000e+01;-1.2958154e-01;6.2500000e+01;-5.0858431e-02;6.2500000e+01;-6.8039242e-03;6.2500000e+01;5.9733577e-02;6.2500000e+01;1.4080301e-01;6.2500000e+01;2.2576505e-01;6.2500000e+01;2.7952245e-01;6.2500000e+01;2.8539684e-01;6.2500000e+01;3.2403269e-01;6.2500000e+01;3.0492538e-01;6.2500000e+01;2.3990242e-01;6.2500000e+01;1.8130204e-01;6.2500000e+01;1.3167514e-01;6.2500000e+01;8.6441092e-02;6.2500000e+01;4.4568777e-02;6.2500000e+01;1.9459054e-03;6.2500000e+01;-4.3460160e-02;6.2500000e+01;-8.8946573e-02;6.2500000e+01;-1.2958154e-01;6.2500000e+01;-5.0858431e-02;6.2500000e+01;-6.8039242e-03;6.2500000e+01;5.9733577e-02;6.2500000e+01;1.4080301e-01;6.2500000e+01;2.2576505e-01;6.2500000e+01;2.7952245e-01;6.2500000e+01;2.8539684e-01;6.2500000e+01;3.2403269e-01;6.2500000e+01;3.0492538e-01;6.2500000e+01;2.3990242e-01;6.2500000e+01;1.8130204e-01;6.2500000e+01;1.3167514e-01;6.2500000e+01;8.6441092e-02;6.2500000e+01;4.4568777e-02;6.2500000e+01;1.9459054e-03;6.2500000e+01;-4.3460160e-02;6.2500000e+01;-8.8946573e-02;6.2500000e+01;-1.2958154e-01;6.2500000e+01;-5.0858431e-02;6.2500000e+01;-6.8039242e-03;6.2500000e+01;5.9733577e-02;6.2500000e+01;1.4080301e-01;6.2500000e+01;2.2576505e-01;6.2500000e+01;2.7952245e-01;6.2500000e+01;2.8539684e-01;6.2500000e+01;3.2403269e-01;6.2500000e+01;3.0492538e-01;6.2500000e+01;2.3990242e-01;6.2500000e+01;1.8130204e-01;6.2500000e+01;1.3167514e-01;6.2500000e+01;8.6441092e-02;6.2500000e+01;4.4568777e-02;6.2500000e+01;1.9459054e-03;6.2500000e+01;-4.3460160e-02;6.2500000e+01;-8.8946573e-02;6.2500000e+01;-1.2958154e-01;6.2500000e+01;-5.0858431e-02;6.2500000e+01;-6.8039242e-03;6.2500000e+01;5.9733577e-02;6.2500000e+01;1.4080301e-01;6.2500000e+01;2.2576505e-01;6.2500000e+01;2.7952245e-01;6.2500000e+01;2.8539684e-01;6.2500000e+01;3.2403269e-01;6.2500000e+01;3.0492538e-01;6.2500000e+01;2.3990242e-01;6.2500000e+01;1.8130204e-01;6.2500000e+01;1.3167514e-01;6.2500000e+01;8.6441092e-02;6.2500000e+01;4.4568777e-02;6.2500000e+01;1.9459054e-03;6.2500000e+01;-4.3460160e-02;6.2500000e+01;-8.8946573e-02;6.2500000e+01;-1.2958154e-01;6.2500000e+01;-5.0858431e-02;6.2500000e+01;-6.8039242e-03;6.2500000e+01;5.9733577e-02;6.2500000e+01;1.4080301e-01;6.2500000e+01;2.2576505e-01;6.2500000e+01;2.7952245e-01;6.2500000e+01;2.8539684e-01;6.2500000e+01;3.2403269e-01;6.2500000e+01;3.0492538e-01;6.2500000e+01;2.3990242e-01;6.2500000e+01;1.8130204e-01;6.2500000e+01;1.3167514e-01;6.2500000e+01;8.6441092e-02;6.2500000e+01;4.4568777e-02;6.2500000e+01;1.9459054e-03;6.2500000e+01;-4.3460160e-02;6.2500000e+01;-8.8946573e-02;6.2500000e+01;-1.2958154e-01;6.2500000e+01;-5.0858431e-02;6.2500000e+01;-6.8039242e-03;6.2500000e+01;5.9733577e-02;6.2500000e+01;1.4080301e-01;6.2500000e+01;2.2576505e-01;6.2500000e+01;2.7952245e-01;6.2500000e+01;2.8539684e-01;6.2500000e+01;3.2403269e-01;6.2500000e+01;3.0492538e-01;6.2500000e+01;2.3990242e-01;6.2500000e+01;1.8130204e-01;6.2500000e+01;1.3167514e-01;6.2500000e+01;8.6441092e-02;6.2500000e+01;4.4568777e-02;6.2500000e+01;1.9459054e-03;6.2500000e+01;-4.3460160e-02;6.2500000e+01;-8.8946573e-02;6.2500000e+01;-1.2958154e-01;6.2500000e+01;-5.0858431e-02;6.2500000e+01;-6.8039242e-03;6.2500000e+01;5.9733577e-02;6.2500000e+01;1.4080301e-01;6.2500000e+01;2.2576505e-01;6.2500000e+01;2.7952245e-01;6.2500000e+01;2.8539684e-01;6.2500000e+01;3.2403269e-01;6.2500000e+01;3.0492538e-01;6.2500000e+01;2.3990242e-01;6.2500000e+01;1.8130204e-01;6.2500000e+01;1.3167514e-01;6.2500000e+01;8.6441092e-02;6.2500000e+01;4.4568777e-02;6.2500000e+01;1.9459054e-03;6.2500000e+01;-4.3460160e-02;6.2500000e+01;-8.8946573e-02;6.2500000e+01;-1.2958154e-01;6.2500000e+01;-5.0858431e-02;6.2500000e+01;-6.8039242e-03;6.2500000e+01;5.9733577e-02;6.2500000e+01;1.4080301e-01;6.2500000e+01;2.2576505e-01;6.2500000e+01;2.7952245e-01;6.2500000e+01;2.8539684e-01;6.2500000e+01;3.2403269e-01;6.2500000e+01;3.0492538e-01;6.2500000e+01;2.3990242e-01;6.2500000e+01;1.8130204e-01;6.2500000e+01;1.3167514e-01;6.2500000e+01;8.6441092e-02;6.2500000e+01;4.4568777e-02;6.2500000e+01;1.9459054e-03;6.2500000e+01;-4.3460160e-02;6.2500000e+01;-8.8946573e-02;6.2500000e+01;-1.2958154e-01;6.2500000e+01;-5.0858431e-02;6.2500000e+01;-6.8039242e-03;6.2500000e+01;5.9733577e-02;6.2500000e+01;1.4080301e-01;6.2500000e+01;2.2576505e-01;6.2500000e+01;2.7952245e-01;6.2500000e+01;2.8539684e-01;6.2500000e+01;3.2403269e-01;6.2500000e+01;3.0492538e-01;6.2500000e+01;2.3990242e-01;6.2500000e+01;1.8130204e-01;6.2500000e+01;1.3167514e-01;6.2500000e+01;8.6441092e-02;6.2500000e+01;4.4568777e-02;6.2500000e+01;1.9459054e-03;6.2500000e+01;-4.3460160e-02;6.2500000e+01;-8.8946573e-02;6.2500000e+01;-1.2958154e-01;6.2500000e+01;-5.0858431e-02;6.2500000e+01;-6.8039242e-03;6.2500000e+01;5.9733577e-02;6.2500000e+01;1.4080301e-01;6.2500000e+01;2.2576505e-01;6.2500000e+01;2.7952245e-01;6.2500000e+01;2.8539684e-01;6.2500000e+01;3.2403269e-01;6.2500000e+01;3.0492538e-01;6.2500000e+01;2.3990242e-01;6.2500000e+01;1.8130204e-01;6.2500000e+01;1.3167514e-01;6.2500000e+01;8.6441092e-02;6.2500000e+01;4.4568777e-02;6.2500000e+01;1.9459054e-03;6.2500000e+01;-4.3460160e-02;6.2500000e+01;-8.8946573e-02;6.2500000e+01;-1.2958154e-01;6.2500000e+01;-5.0858431e-02;6.2500000e+01;-6.8039242e-03;6.2500000e+01;5.9733577e-02;6.2500000e+01;1.4080301e-01;6.2500000e+01;2.2576505e-01;6.2500000e+01;2.7952245e-01;6.2500000e+01;2.8539684e-01;6.2500000e+01;3.2403269e-01;6.2500000e+01;3.0492538e-01;6.2500000e+01;2.3990242e-01;6.2500000e+01;1.8130204e-01;6.2500000e+01;1.3167514e-01;6.2500000e+01;8.6441092e-02;6.2500000e+01;4.4568777e-02;6.2500000e+01;1.9459054e-03;6.2500000e+01;-4.3460160e-02;6.2500000e+01;-8.8946573e-02;6.2500000e+01;-1.2958154e-01;6.2500000e+01;-5.0858431e-02;6.2500000e+01;-6.8039242e-03;6.2500000e+01;5.9733577e-02;6.2500000e+01;1.4080301e-01;6.2500000e+01;2.2576505e-01;6.2500000e+01;2.7952245e-01;6.2500000e+01;2.8539684e-01;6.2500000e+01;3.2403269e-01;6.2500000e+01;3.0492538e-01;6.2500000e+01;2.3990242e-01;6.2500000e+01;1.8130204e-01;6.2500000e+01;1.3167514e-01;6.2500000e+01;8.6441092e-02;6.2500000e+01;4.4568777e-02;6.2500000e+01;1.9459054e-03;6.2500000e+01;-4.3460160e-02;6.2500000e+01;-8.8946573e-02;6.2500000e+01;-1.2958154e-01;6.2500000e+01;-5.0858431e-02;6.2500000e+01;-6.8039242e-03;6.2500000e+01;5.9733577e-02;6.2500000e+01;1.4080301e-01;6.2500000e+01;2.2576505e-01;6.2500000e+01;2.7952245e-01;6.2500000e+01;2.8539684e-01;6.2500000e+01;3.2403269e-01;6.2500000e+01;3.0492538e-01;6.2500000e+01;2.3990242e-01;6.2500000e+01;1.8130204e-01;6.2500000e+01;1.3167514e-01;6.2500000e+01;8.6441092e-02;6.2500000e+01;4.4568777e-02;6.2500000e+01;1.9459054e-03;6.2500000e+01;-4.3460160e-02;6.2500000e+01;-8.8946573e-02;6.2500000e+01;-1.2958154e-01;6.2500000e+01;-5.0858431e-02;6.2500000e+01;-6.8039242e-03;6.2500000e+01;5.9733577e-02;6.2500000e+01;1.4080301e-01;6.2500000e+01;2.2576505e-01;6.2500000e+01;2.7952245e-01;6.2500000e+01;2.8539684e-01;6.2500000e+01;3.2403269e-01;6.2500000e+01;3.0492538e-01;6.2500000e+01;2.3990242e-01;6.2500000e+01;1.8130204e-01;6.2500000e+01;1.3167514e-01;6.2500000e+01;8.6441092e-02;6.2500000e+01;4.4568777e-02;6.2500000e+01;1.9459054e-03;6.2500000e+01;-4.3460160e-02;6.2500000e+01;-8.8946573e-02;6.2500000e+01;-1.2958154e-01;6.2500000e+01;-5.0858431e-02;6.2500000e+01;-6.8039242e-03;6.2500000e+01;5.9733577e-02;6.2500000e+01;1.4080301e-01;6.2500000e+01;2.2576505e-01;6.2500000e+01;2.7952245e-01;6.2500000e+01;2.8539684e-01;6.2500000e+01;3.2403269e-01;6.2500000e+01;3.0492538e-01;6.2500000e+01;2.3990242e-01;6.2500000e+01;1.8130204e-01;6.2500000e+01;1.3167514e-01;6.2500000e+01;8.6441092e-02;6.2500000e+01;4.4568777e-02;6.2500000e+01;1.9459054e-03;6.2500000e+01;-4.3460160e-02;6.2500000e+01;-8.8946573e-02;6.2500000e+01;-1.2958154e-01;6.2500000e+01;-5.0858431e-02;6.2500000e+01;-6.8039242e-03;6.2500000e+01;5.9733577e-02;6.2500000e+01;1.4080301e-01;6.2500000e+01;2.2576505e-01;6.2500000e+01;2.7952245e-01;6.2500000e+01;2.8539684e-01;6.2500000e+01;3.2403269e-01;6.2500000e+01;3.0492538e-01;6.2500000e+01;2.3990242e-01;6.2500000e+01;1.8130204e-01;6.2500000e+01;1.3167514e-01;6.2500000e+01;8.6441092e-02;6.2500000e+01;4.4568777e-02;6.2500000e+01;1.9459054e-03;6.2500000e+01;-4.3460160e-02;6.2500000e+01;-8.8946573e-02;6.2500000e+01;-1.2958154e-01;6.2500000e+01;-5.0858431e-02;6.2500000e+01;-6.8039242e-03;6.2500000e+01;5.9733577e-02;6.2500000e+01;1.4080301e-01;6.2500000e+01;2.2576505e-01;6.2500000e+01;2.7952245e-01;6.2500000e+01;2.8539684e-01;6.2500000e+01;3.2403269e-01;6.2500000e+01;3.0492538e-01;6.2500000e+01;2.3990242e-01;6.2500000e+01;1.8130204e-01;6.2500000e+01;1.3167514e-01;6.2500000e+01;8.6441092e-02;6.2500000e+01;4.4568777e-02;6.2500000e+01;1.9459054e-03;6.2500000e+01;-4.3460160e-02;6.2500000e+01;-8.8946573e-02;6.2500000e+01;-1.2958154e-01;6.2500000e+01;-5.0858431e-02;6.2500000e+01;-6.8039242e-03;6.2500000e+01;5.9733577e-02;6.2500000e+01;1.4080301e-01;6.2500000e+01;2.2576505e-01;6.2500000e+01;2.7952245e-01;6.2500000e+01;2.8539684e-01;6.2500000e+01;3.2403269e-01;6.2500000e+01;3.0492538e-01;6.2500000e+01;2.3990242e-01;6.2500000e+01;1.8130204e-01;6.2500000e+01;1.3167514e-01;6.2500000e+01;8.6441092e-02;6.2500000e+01;4.4568777e-02;6.2500000e+01;1.9459054e-03;6.2500000e+01;-4.3460160e-02;6.2500000e+01;-8.8946573e-02;6.2500000e+01;-1.2958154e-01;6.2500000e+01;-5.0858431e-02;6.2500000e+01;-6.8039242e-03;6.2500000e+01;5.9733577e-02;6.2500000e+01;1.4080301e-01;6.2500000e+01;2.2576505e-01;6.2500000e+01;2.7952245e-01;6.2500000e+01;2.8539684e-01;6.2500000e+01;3.2403269e-01;6.2500000e+01;3.0492538e-01;6.2500000e+01;2.3990242e-01;6.2500000e+01;1.8130204e-01;6.2500000e+01;1.3167514e-01;6.2500000e+01;8.6441092e-02;6.2500000e+01;4.4568777e-02;6.2500000e+01;1.9459054e-03;6.2500000e+01;-4.3460160e-02;6.2500000e+01;-8.8946573e-02;6.2500000e+01;-1.2958154e-01;6.2500000e+01;-5.0858431e-02;6.2500000e+01;-6.8039242e-03;6.2500000e+01;5.9733577e-02;6.2500000e+01;1.4080301e-01;6.2500000e+01;2.2576505e-01;6.2500000e+01;2.7952245e-01;6.2500000e+01;2.8539684e-01;6.2500000e+01;3.2403269e-01;6.2500000e+01;3.0492538e-01;6.2500000e+01;2.3990242e-01;6.2500000e+01;1.8130204e-01;6.2500000e+01;1.3167514e-01;6.2500000e+01;8.6441092e-02;6.2500000e+01;4.4568777e-02;6.2500000e+01;1.9459054e-03;6.2500000e+01;-4.3460160e-02;6.2500000e+01;-8.8946573e-02;6.2500000e+01;-1.2958154e-01;6.2500000e+01;-5.0858431e-02;6.2500000e+01;-6.8039242e-03;6.2500000e+01;5.9733577e-02;6.2500000e+01;1.4080301e-01;6.2500000e+01;2.2576505e-01;6.2500000e+01;2.7952245e-01;6.2500000e+01;2.8539684e-01;6.2500000e+01;3.2403269e-01;6.2500000e+01;3.0492538e-01;6.2500000e+01;2.3990242e-01;6.2500000e+01;1.8130204e-01;6.2500000e+01;1.3167514e-01;6.2500000e+01;8.6441092e-02;6.2500000e+01;4.4568777e-02;6.2500000e+01;1.9459054e-03;6.2500000e+01;-4.3460160e-02;6.2500000e+01;-8.8946573e-02;6.2500000e+01;-1.2958154e-01;6.2500000e+01;-5.0858431e-02;6.2500000e+01;-6.8039242e-03;6.2500000e+01;5.9733577e-02;6.2500000e+01;1.4080301e-01;6.2500000e+01;2.2576505e-01;6.2500000e+01;2.7952245e-01;6.2500000e+01;2.8539684e-01;6.2500000e+01;3.2403269e-01;6.2500000e+01;3.0492538e-01;6.2500000e+01;2.3990242e-01;6.2500000e+01;1.8130204e-01;6.2500000e+01;1.3167514e-01;6.2500000e+01;8.6441092e-02;6.2500000e+01;4.4568777e-02;6.2500000e+01;1.9459054e-03;6.2500000e+01;-4.3460160e-02;6.2500000e+01;-8.8946573e-02;6.2500000e+01;-1.2958154e-01;6.2500000e+01;-5.0858431e-02;6.2500000e+01;-6.8039242e-03;6.2500000e+01;5.9733577e-02;6.2500000e+01;1.4080301e-01;6.2500000e+01;2.2576505e-01;6.2500000e+01;2.7952245e-01;6.2500000e+01;2.8539684e-01;6.2500000e+01;3.2403269e-01;6.2500000e+01;3.0492538e-01;6.2500000e+01;2.3990242e-01;6.2500000e+01;1.8130204e-01;6.2500000e+01;1.3167514e-01;6.2500000e+01;8.6441092e-02;6.2500000e+01;4.4568777e-02;6.2500000e+01;1.9459054e-03;6.2500000e+01;-4.3460160e-02;6.2500000e+01;-8.8946573e-02;6.2500000e+01;-1.2958154e-01;6.2500000e+01;-5.0858431e-02;6.2500000e+01;-6.8039242e-03;6.2500000e+01;5.9733577e-02;6.2500000e+01;1.4080301e-01;6.2500000e+01;2.2576505e-01;6.2500000e+01;2.7952245e-01;6.2500000e+01;2.8539684e-01;6.2500000e+01;3.2403269e-01;6.2500000e+01;3.0492538e-01;6.2500000e+01;2.3990242e-01;6.2500000e+01;1.8130204e-01;6.2500000e+01;1.3167514e-01;6.2500000e+01;8.6441092e-02;6.2500000e+01;4.4568777e-02;6.2500000e+01;1.9459054e-03;6.2500000e+01;-4.3460160e-02;6.2500000e+01;-8.8946573e-02;6.2500000e+01;-1.2958154e-01;6.2500000e+01;-5.0858431e-02;6.2500000e+01;-6.8039242e-03;6.2500000e+01;5.9733577e-02;6.2500000e+01;1.4080301e-01;6.2500000e+01;2.2576505e-01;6.2500000e+01;2.7952245e-01;6.2500000e+01;2.8539684e-01;6.2500000e+01;3.2403269e-01;6.2500000e+01;3.0492538e-01;6.2500000e+01;2.3990242e-01;6.2500000e+01;1.8130204e-01;6.2500000e+01;1.3167514e-01;6.2500000e+01;8.6441092e-02;6.2500000e+01;4.4568777e-02;6.2500000e+01;1.9459054e-03;6.2500000e+01;-4.3460160e-02;6.2500000e+01;-8.8946573e-02;6.2500000e+01;-1.2958154e-01;6.2500000e+01;-5.0858431e-02;6.2500000e+01;-6.8039242e-03;6.2500000e+01;5.9733577e-02;6.2500000e+01;1.4080301e-01;6.2500000e+01;2.2576505e-01;6.2500000e+01;2.7952245e-01;6.2500000e+01;2.8539684e-01;6.2500000e+01;3.2403269e-01;6.2500000e+01;3.0492538e-01;6.2500000e+01;2.3990242e-01;6.2500000e+01;1.8130204e-01;6.2500000e+01;1.3167514e-01;6.2500000e+01;8.6441092e-02;6.2500000e+01;4.4568777e-02;6.2500000e+01;1.9459054e-03;6.2500000e+01;-4.3460160e-02;6.2500000e+01;-8.8946573e-02;6.2500000e+01;-1.2958154e-01;6.2500000e+01;-5.0858431e-02;6.2500000e+01;-6.8039242e-03;6.2500000e+01;5.9733577e-02;6.2500000e+01;1.4080301e-01;6.2500000e+01;2.2576505e-01;6.2500000e+01;2.7952245e-01;6.2500000e+01;2.8539684e-01;6.2500000e+01;3.2403269e-01;6.2500000e+01;3.0492538e-01;6.2500000e+01;2.3990242e-01;6.2500000e+01;1.8130204e-01;6.2500000e+01;1.3167514e-01;6.2500000e+01;8.6441092e-02;6.2500000e+01;4.4568777e-02;6.2500000e+01;1.9459054e-03;6.2500000e+01;-4.3460160e-02;6.2500000e+01;-8.8946573e-02;6.2500000e+01;-1.2958154e-01;6.2500000e+01;-5.0858431e-02;6.2500000e+01;-6.8039242e-03;6.2500000e+01;5.9733577e-02;6.2500000e+01;1.4080301e-01;6.2500000e+01;2.2576505e-01;6.2500000e+01;2.7952245e-01;6.2500000e+01;2.8539684e-01;6.2500000e+01;3.2403269e-01;6.2500000e+01;3.0492538e-01;6.2500000e+01;2.3990242e-01;6.2500000e+01;1.8130204e-01;6.2500000e+01;1.3167514e-01;6.2500000e+01;8.6441092e-02;6.2500000e+01;4.4568777e-02;6.2500000e+01;1.9459054e-03;6.2500000e+01;-4.3460160e-02;6.2500000e+01;-8.8946573e-02;6.2500000e+01;-1.2958154e-01;6.2500000e+01;-5.0858431e-02;6.2500000e+01;-6.8039242e-03;6.2500000e+01;5.9733577e-02;6.2500000e+01;1.4080301e-01;6.2500000e+01;2.2576505e-01;6.2500000e+01;2.7952245e-01;6.2500000e+01;2.8539684e-01;6.2500000e+01;3.2403269e-01;6.2500000e+01;3.0492538e-01;6.2500000e+01;2.3990242e-01;6.2500000e+01;1.8130204e-01;6.2500000e+01;1.3167514e-01;6.2500000e+01;8.6441092e-02;6.2500000e+01;4.4568777e-02;6.2500000e+01;1.9459054e-03;6.2500000e+01;-4.3460160e-02;6.2500000e+01;-8.8946573e-02;6.2500000e+01;-1.2958154e-01;6.2500000e+01;-5.0858431e-02;6.2500000e+01;-6.8039242e-03;6.2500000e+01;5.9733577e-02;6.2500000e+01;1.4080301e-01;6.2500000e+01;2.2576505e-01;6.2500000e+01;2.7952245e-01;6.2500000e+01;2.8539684e-01;6.2500000e+01;3.2403269e-01;6.2500000e+01;3.0492538e-01;6.2500000e+01;2.3990242e-01;6.2500000e+01;1.8130204e-01;6.2500000e+01;1.3167514e-01;6.2500000e+01;8.6441092e-02;6.2500000e+01;4.4568777e-02;6.2500000e+01;1.9459054e-03;6.2500000e+01;-4.3460160e-02;6.2500000e+01;-8.8946573e-02;6.2500000e+01;-1.2958154e-01;6.2500000e+01;-5.0858431e-02;6.2500000e+01;-6.8039242e-03;6.2500000e+01;5.9733577e-02;6.2500000e+01;1.4080301e-01;6.2500000e+01;2.2576505e-01;6.2500000e+01;2.7952245e-01;6.2500000e+01;2.8539684e-01;6.2500000e+01;3.2403269e-01;6.2500000e+01;3.0492538e-01;6.2500000e+01;2.3990242e-01;6.2500000e+01;1.8130204e-01;6.2500000e+01;1.3167514e-01;6.2500000e+01;8.6441092e-02;6.2500000e+01;4.4568777e-02;6.2500000e+01;1.9459054e-03;6.2500000e+01;-4.3460160e-02;6.2500000e+01;-8.8946573e-02;6.2500000e+01;-1.2958154e-01;6.2500000e+01;-5.0858431e-02;6.2500000e+01;-6.8039242e-03;6.2500000e+01;5.9733577e-02;6.2500000e+01;1.4080301e-01;6.2500000e+01;2.2576505e-01;6.2500000e+01;2.7952245e-01;6.2500000e+01;2.8539684e-01;6.2500000e+01;3.2403269e-01;6.2500000e+01;3.0492538e-01;6.2500000e+01;2.3990242e-01;6.2500000e+01;1.8130204e-01;6.2500000e+01;1.3167514e-01;6.2500000e+01;8.6441092e-02;6.2500000e+01;4.4568777e-02;6.2500000e+01;1.9459054e-03;6.2500000e+01;-4.3460160e-02;6.2500000e+01;-8.8946573e-02;6.2500000e+01;-1.2958154e-01;6.2500000e+01;-5.0858431e-02;6.2500000e+01;-6.8039242e-03;6.2500000e+01;5.9733577e-02;6.2500000e+01;1.4080301e-01;6.2500000e+01;2.2576505e-01;6.2500000e+01;2.7952245e-01;6.2500000e+01;2.8539684e-01;6.2500000e+01;3.2403269e-01;6.2500000e+01;3.0492538e-01;6.2500000e+01;2.3990242e-01;6.2500000e+01;1.8130204e-01;6.2500000e+01;1.3167514e-01;6.2500000e+01;8.6441092e-02;6.2500000e+01;4.4568777e-02;6.2500000e+01;1.9459054e-03;6.2500000e+01;-4.3460160e-02;6.2500000e+01;-8.8946573e-02;6.2500000e+01;-1.2958154e-01;6.2500000e+01;-5.0858431e-02;6.2500000e+01;-6.8039242e-03;6.2500000e+01;5.9733577e-02;6.2500000e+01;1.4080301e-01;6.2500000e+01;2.2576505e-01;6.2500000e+01;2.7952245e-01;6.2500000e+01;2.8539684e-01;6.2500000e+01;3.2403269e-01;6.2500000e+01;3.0492538e-01;6.2500000e+01;2.3990242e-01;6.2500000e+01;1.8130204e-01;6.2500000e+01;1.3167514e-01;6.2500000e+01;8.6441092e-02;6.2500000e+01;4.4568777e-02;6.2500000e+01;1.9459054e-03;6.2500000e+01;-4.3460160e-02;6.2500000e+01;-8.8946573e-02;6.2500000e+01;-1.2958154e-01;6.2500000e+01;-5.0858431e-02;6.2500000e+01;-6.8039242e-03;6.2500000e+01;5.9733577e-02;6.2500000e+01;1.4080301e-01;6.2500000e+01;2.2576505e-01;6.2500000e+01;2.7952245e-01;6.2500000e+01;2.8539684e-01;6.2500000e+01;3.2403269e-01;6.2500000e+01;3.0492538e-01;6.2500000e+01;2.3990242e-01;6.2500000e+01;1.8130204e-01;6.2500000e+01;1.3167514e-01;6.2500000e+01;8.6441092e-02;6.2500000e+01;4.4568777e-02;6.2500000e+01;1.9459054e-03;6.2500000e+01;-4.3460160e-02;6.2500000e+01;-8.8946573e-02;6.2500000e+01;-1.2958154e-01;6.2500000e+01;-5.0858431e-02;6.2500000e+01;-6.8039242e-03;6.2500000e+01;5.9733577e-02;6.2500000e+01;1.4080301e-01;6.2500000e+01;2.2576505e-01;6.2500000e+01;2.7952245e-01;6.2500000e+01;2.8539684e-01;6.2500000e+01;3.2403269e-01;6.2500000e+01;3.0492538e-01;6.2500000e+01;2.3990242e-01;6.2500000e+01;1.8130204e-01;6.2500000e+01;1.3167514e-01;6.2500000e+01;8.6441092e-02;6.2500000e+01;4.4568777e-02;6.2500000e+01;1.9459054e-03;6.2500000e+01;-4.3460160e-02;6.2500000e+01;-8.8946573e-02;6.2500000e+01;-1.2958154e-01;6.2500000e+01;-5.0858431e-02;6.2500000e+01;-6.8039242e-03;6.2500000e+01;5.9733577e-02;6.2500000e+01;1.4080301e-01;6.2500000e+01;2.2576505e-01;6.2500000e+01;2.7952245e-01;6.2500000e+01;2.8539684e-01;6.2500000e+01;3.2403269e-01;6.2500000e+01;3.0492538e-01;6.2500000e+01;2.3990242e-01;6.2500000e+01;1.8130204e-01;6.2500000e+01;1.3167514e-01;6.2500000e+01;8.6441092e-02;6.2500000e+01;4.4568777e-02;6.2500000e+01;1.9459054e-03;6.2500000e+01;-4.3460160e-02;6.2500000e+01;-8.8946573e-02;6.2500000e+01;-1.2958154e-01;6.2500000e+01;-5.0858431e-02;6.2500000e+01;-6.8039242e-03;6.2500000e+01;5.9733577e-02;6.2500000e+01;1.4080301e-01;6.2500000e+01;2.2576505e-01;6.2500000e+01;2.7952245e-01;6.2500000e+01;2.8539684e-01;6.2500000e+01;3.2403269e-01;6.2500000e+01;3.0492538e-01;6.2500000e+01;2.3990242e-01;6.2500000e+01;1.8130204e-01;6.2500000e+01;1.3167514e-01;6.2500000e+01;8.6441092e-02;6.2500000e+01;4.4568777e-02;6.2500000e+01;1.9459054e-03;6.2500000e+01;-4.3460160e-02;6.2500000e+01;-8.8946573e-02;6.2500000e+01;-1.2958154e-01;6.2500000e+01;-5.0858431e-02;6.2500000e+01;-6.8039242e-03;6.2500000e+01;5.9733577e-02;6.2500000e+01;1.4080301e-01;6.2500000e+01;2.2576505e-01;6.2500000e+01;2.7952245e-01;6.2500000e+01;2.8539684e-01;6.2500000e+01;3.2403269e-01;6.2500000e+01;3.0492538e-01;6.2500000e+01;2.3990242e-01;6.2500000e+01;1.8130204e-01;6.2500000e+01;1.3167514e-01;6.2500000e+01;8.6441092e-02;6.2500000e+01;4.4568777e-02;6.2500000e+01;1.9459054e-03;6.2500000e+01;-4.3460160e-02;6.2500000e+01;-8.8946573e-02;6.2500000e+01;-1.2958154e-01;6.2500000e+01;-5.0858431e-02;6.2500000e+01;-6.8039242e-03;6.2500000e+01;5.9733577e-02;6.2500000e+01;1.4080301e-01;6.2500000e+01;2.2576505e-01;6.2500000e+01;2.7952245e-01;6.2500000e+01;2.8539684e-01;6.2500000e+01;3.2403269e-01;6.2500000e+01;3.0492538e-01;6.2500000e+01;2.3990242e-01;6.2500000e+01;1.8130204e-01;6.2500000e+01;1.3167514e-01;6.2500000e+01;8.6441092e-02;6.2500000e+01;4.4568777e-02;6.2500000e+01;1.9459054e-03;6.2500000e+01;-4.3460160e-02;6.2500000e+01;-8.8946573e-02;6.2500000e+01;-1.2958154e-01;6.2500000e+01;-5.0858431e-02;6.2500000e+01;-6.8039242e-03;6.2500000e+01;5.9733577e-02;6.2500000e+01;1.4080301e-01;6.2500000e+01;2.2576505e-01;6.2500000e+01;2.7952245e-01;6.2500000e+01;2.8539684e-01;6.2500000e+01;3.2403269e-01;6.2500000e+01;3.0492538e-01;6.2500000e+01;2.3990242e-01;6.2500000e+01;1.8130204e-01;6.2500000e+01;1.3167514e-01;6.2500000e+01;8.6441092e-02;6.2500000e+01;4.4568777e-02;6.2500000e+01;1.9459054e-03;6.2500000e+01;-4.3460160e-02;6.2500000e+01;-8.8946573e-02;6.2500000e+01;-1.2958154e-01;6.2500000e+01;-5.0858431e-02;6.2500000e+01;-6.8039242e-03;6.2500000e+01;5.9733577e-02;6.2500000e+01;1.4080301e-01;6.2500000e+01;2.2576505e-01;6.2500000e+01;2.7952245e-01;6.2500000e+01;2.8539684e-01;6.2500000e+01;3.2403269e-01;6.2500000e+01;3.0492538e-01;6.2500000e+01;2.3990242e-01;6.2500000e+01;1.8130204e-01;6.2500000e+01;1.3167514e-01;6.2500000e+01;8.6441092e-02;6.2500000e+01;4.4568777e-02;6.2500000e+01;1.9459054e-03;6.2500000e+01;-4.3460160e-02;6.2500000e+01;-8.8946573e-02;6.2500000e+01;-1.2958154e-01;6.2500000e+01;-5.0858431e-02;6.2500000e+01;-6.8039242e-03;6.2500000e+01;5.9733577e-02;6.2500000e+01;1.4080301e-01;6.2500000e+01;2.2576505e-01;6.2500000e+01;2.7952245e-01;6.2500000e+01;2.8539684e-01;6.2500000e+01;3.2403269e-01;6.2500000e+01;3.0492538e-01;6.2500000e+01;2.3990242e-01;6.2500000e+01;1.8130204e-01;6.2500000e+01;1.3167514e-01;6.2500000e+01;8.6441092e-02;6.2500000e+01;4.4568777e-02;6.2500000e+01;1.9459054e-03;6.2500000e+01;-4.3460160e-02;6.2500000e+01;-8.8946573e-02;6.2500000e+01;-1.2958154e-01;6.2500000e+01;-5.0858431e-02;6.2500000e+01;-6.8039242e-03;6.2500000e+01;5.9733577e-02;6.2500000e+01;1.4080301e-01;6.2500000e+01;2.2576505e-01;6.2500000e+01;2.7952245e-01;6.2500000e+01;2.8539684e-01;6.2500000e+01;3.2403269e-01;6.2500000e+01;3.0492538e-01;6.2500000e+01;2.3990242e-01;6.2500000e+01;1.8130204e-01;6.2500000e+01;1.3167514e-01;6.2500000e+01;8.6441092e-02;6.2500000e+01;4.4568777e-02;6.2500000e+01;1.9459054e-03;6.2500000e+01;-4.3460160e-02;6.2500000e+01;-8.8946573e-02;6.2500000e+01;-1.2958154e-01;6.2500000e+01;-5.0858431e-02;6.2500000e+01;-6.8039242e-03;6.2500000e+01;5.9733577e-02;6.2500000e+01;1.4080301e-01;6.2500000e+01;2.2576505e-01;6.2500000e+01;2.7952245e-01;6.2500000e+01;2.8539684e-01;6.2500000e+01;3.2403269e-01;6.2500000e+01;3.0492538e-01;6.2500000e+01;2.3990242e-01;6.2500000e+01;1.8130204e-01;6.2500000e+01;1.3167514e-01;6.2500000e+01;8.6441092e-02;6.2500000e+01;4.4568777e-02;6.2500000e+01;1.9459054e-03;6.2500000e+01;-4.3460160e-02;6.2500000e+01;-8.8946573e-02;6.2500000e+01;-1.2958154e-01;6.2500000e+01;-5.0858431e-02;6.2500000e+01;-6.8039242e-03;6.2500000e+01;5.9733577e-02;6.2500000e+01;1.4080301e-01;6.2500000e+01;2.2576505e-01;6.2500000e+01;2.7952245e-01;6.2500000e+01;2.8539684e-01;6.2500000e+01;3.2403269e-01;6.2500000e+01;3.0492538e-01;6.2500000e+01;2.3990242e-01;6.2500000e+01;1.8130204e-01;6.2500000e+01;1.3167514e-01;6.2500000e+01;8.6441092e-02;6.2500000e+01;4.4568777e-02;6.2500000e+01;1.9459054e-03;6.2500000e+01;-4.3460160e-02;6.2500000e+01;-8.8946573e-02;6.2500000e+01;-1.2958154e-01;6.2500000e+01;-5.0858431e-02;6.2500000e+01;-6.8039242e-03;6.2500000e+01;5.9733577e-02;6.2500000e+01;1.4080301e-01;6.2500000e+01;2.2576505e-01;6.2500000e+01;2.7952245e-01;6.2500000e+01;2.8539684e-01;6.2500000e+01;3.2403269e-01;6.2500000e+01;3.0492538e-01;6.2500000e+01;2.3990242e-01;6.2500000e+01;1.8130204e-01;6.2500000e+01;1.3167514e-01;6.2500000e+01;8.6441092e-02;6.2500000e+01;4.4568777e-02;6.2500000e+01;1.9459054e-03;6.2500000e+01;-4.3460160e-02;6.2500000e+01;-8.8946573e-02;6.2500000e+01;-1.2958154e-01;6.2500000e+01;-5.0858431e-02;6.2500000e+01;-6.8039242e-03;6.2500000e+01;5.9733577e-02;6.2500000e+01;1.4080301e-01;6.2500000e+01;2.2576505e-01;6.2500000e+01;2.7952245e-01;6.2500000e+01;2.8539684e-01;6.2500000e+01;3.2403269e-01;6.2500000e+01;3.0492538e-01;6.2500000e+01;2.3990242e-01;6.2500000e+01;1.8130204e-01;6.2500000e+01;1.3167514e-01;6.2500000e+01;8.6441092e-02;6.2500000e+01;4.4568777e-02;6.2500000e+01;1.9459054e-03;6.2500000e+01;-4.3460160e-02;6.2500000e+01;-8.8946573e-02;6.2500000e+01;-1.2958154e-01;6.2500000e+01;-5.0858431e-02;6.2500000e+01;-6.8039242e-03;6.2500000e+01;5.9733577e-02;6.2500000e+01;1.4080301e-01;6.2500000e+01;2.2576505e-01;6.2500000e+01;2.7952245e-01;6.2500000e+01;2.8539684e-01;6.2500000e+01;3.2403269e-01;6.2500000e+01;3.0492538e-01;6.2500000e+01;2.3990242e-01;6.2500000e+01;1.8130204e-01;6.2500000e+01;1.3167514e-01;6.2500000e+01;8.6441092e-02;6.2500000e+01;4.4568777e-02;6.2500000e+01;1.9459054e-03;6.2500000e+01;-4.3460160e-02;6.2500000e+01;-8.8946573e-02;6.2500000e+01;-1.2958154e-01;6.2500000e+01;-5.0858431e-02;6.2500000e+01;-6.8039242e-03;6.2500000e+01;5.9733577e-02;6.2500000e+01;1.4080301e-01;6.2500000e+01;2.2576505e-01;6.2500000e+01;2.7952245e-01;6.2500000e+01;2.8539684e-01;6.2500000e+01;3.2403269e-01;6.2500000e+01;3.0492538e-01;6.2500000e+01;2.3990242e-01;6.2500000e+01;1.8130204e-01;6.2500000e+01;1.3167514e-01;6.2500000e+01;8.6441092e-02;6.2500000e+01;4.4568777e-02;6.2500000e+01;1.9459054e-03;6.2500000e+01;-4.3460160e-02;6.2500000e+01;-8.8946573e-02;6.2500000e+01;-1.2958154e-01;6.2500000e+01;-5.0858431e-02;6.2500000e+01;-6.8039242e-03;6.2500000e+01;5.9733577e-02;6.2500000e+01;1.4080301e-01;6.2500000e+01;2.2576505e-01;6.2500000e+01;2.7952245e-01;6.2500000e+01;2.8539684e-01;6.2500000e+01;3.2403269e-01;6.2500000e+01;3.0492538e-01;6.2500000e+01;2.3990242e-01;6.2500000e+01;1.8130204e-01;6.2500000e+01;1.3167514e-01;6.2500000e+01;8.6441092e-02;6.2500000e+01;4.4568777e-02;6.2500000e+01;1.9459054e-03;6.2500000e+01;-4.3460160e-02;6.2500000e+01;-8.8946573e-02;6.2500000e+01;-1.2958154e-01;6.2500000e+01;-5.0858431e-02;6.2500000e+01;-6.8039242e-03;6.2500000e+01;5.9733577e-02;6.2500000e+01;1.4080301e-01;6.2500000e+01;2.2576505e-01;6.2500000e+01;2.7952245e-01;6.2500000e+01;2.8539684e-01;6.2500000e+01;3.2403269e-01;6.2500000e+01;3.0492538e-01;6.2500000e+01;2.3990242e-01;6.2500000e+01;1.8130204e-01;6.2500000e+01;1.3167514e-01;6.2500000e+01;8.6441092e-02;6.2500000e+01;4.4568777e-02;6.2500000e+01;1.9459054e-03;6.2500000e+01;-4.3460160e-02;6.2500000e+01;-8.8946573e-02;6.2500000e+01;-1.2958154e-01;6.2500000e+01;-5.0858431e-02;6.2500000e+01;-6.8039242e-03;6.2500000e+01;5.9733577e-02;6.2500000e+01;1.4080301e-01;6.2500000e+01;2.2576505e-01;6.2500000e+01;2.7952245e-01;6.2500000e+01;2.8539684e-01;6.2500000e+01;3.2403269e-01;6.2500000e+01;3.0492538e-01;6.2500000e+01;2.3990242e-01;6.2500000e+01;1.8130204e-01;6.2500000e+01;1.3167514e-01;6.2500000e+01;8.6441092e-02;6.2500000e+01;4.4568777e-02;6.2500000e+01;1.9459054e-03;6.2500000e+01;-4.3460160e-02;6.2500000e+01;-8.8946573e-02;6.2500000e+01;-1.2958154e-01;6.2500000e+01;-5.0858431e-02;6.2500000e+01;-6.8039242e-03;6.2500000e+01;5.9733577e-02;6.2500000e+01;1.4080301e-01;6.2500000e+01;2.2576505e-01;6.2500000e+01;2.7952245e-01;6.2500000e+01;2.8539684e-01;6.2500000e+01;3.2403269e-01;6.2500000e+01;3.0492538e-01;6.2500000e+01;2.3990242e-01;6.2500000e+01;1.8130204e-01;6.2500000e+01;1.3167514e-01;6.2500000e+01;8.6441092e-02;6.2500000e+01;4.4568777e-02;6.2500000e+01;1.9459054e-03;6.2500000e+01;-4.3460160e-02;6.2500000e+01;-8.8946573e-02;6.2500000e+01;-1.2958154e-01;6.2500000e+01;-5.0858431e-02;6.2500000e+01;-6.8039242e-03;6.2500000e+01;5.9733577e-02;6.2500000e+01;1.4080301e-01;6.2500000e+01;2.2576505e-01;6.2500000e+01;2.7952245e-01;6.2500000e+01;2.8539684e-01;6.2500000e+01;3.2403269e-01;6.2500000e+01;3.0492538e-01;6.2500000e+01;2.3990242e-01;6.2500000e+01;1.8130204e-01;6.2500000e+01;1.3167514e-01;6.2500000e+01;8.6441092e-02;6.2500000e+01;4.4568777e-02;6.2500000e+01;1.9459054e-03;6.2500000e+01;-4.3460160e-02;6.2500000e+01;-8.8946573e-02;6.2500000e+01;-1.2958154e-01;6.2500000e+01;-5.0858431e-02;6.2500000e+01;-6.8039242e-03;6.2500000e+01;5.9733577e-02;6.2500000e+01;1.4080301e-01;6.2500000e+01;2.2576505e-01;6.2500000e+01;2.7952245e-01;6.2500000e+01;2.8539684e-01;6.2500000e+01;3.2403269e-01;6.2500000e+01;3.0492538e-01;6.2500000e+01;2.3990242e-01;6.2500000e+01;1.8130204e-01;6.2500000e+01;1.3167514e-01;6.2500000e+01;8.6441092e-02;6.2500000e+01;4.4568777e-02;6.2500000e+01;1.9459054e-03;6.2500000e+01;-4.3460160e-02;6.2500000e+01;-8.8946573e-02;6.2500000e+01;-1.2958154e-01;6.2500000e+01;-5.0858431e-02;6.2500000e+01;-6.8039242e-03;6.2500000e+01;5.9733577e-02;6.2500000e+01;1.4080301e-01;6.2500000e+01;2.2576505e-01;6.2500000e+01;2.7952245e-01;6.2500000e+01;2.8539684e-01;6.2500000e+01;3.2403269e-01;6.2500000e+01;3.0492538e-01;6.2500000e+01;2.3990242e-01;6.2500000e+01;1.8130204e-01;6.2500000e+01;1.3167514e-01;6.2500000e+01;8.6441092e-02;6.2500000e+01;4.4568777e-02;6.2500000e+01;1.9459054e-03;6.2500000e+01;-4.3460160e-02;6.2500000e+01;-8.8946573e-02;6.2500000e+01;-1.2958154e-01;6.2500000e+01;-5.0858431e-02;6.2500000e+01;-6.8039242e-03;6.2500000e+01;5.9733577e-02;6.2500000e+01;1.4080301e-01;6.2500000e+01;2.2576505e-01;6.2500000e+01;2.7952245e-01;6.2500000e+01;2.8539684e-01;6.2500000e+01;3.2403269e-01;6.2500000e+01;3.0492538e-01;6.2500000e+01;2.3990242e-01;6.2500000e+01;1.8130204e-01;6.2500000e+01;1.3167514e-01;6.2500000e+01;8.6441092e-02;6.2500000e+01;4.4568777e-02;6.2500000e+01;1.9459054e-03;6.2500000e+01;-4.3460160e-02;6.2500000e+01;-8.8946573e-02;6.2500000e+01;-1.2958154e-01;6.2500000e+01;-5.0858431e-02;6.2500000e+01;-6.8039242e-03;6.2500000e+01;5.9733577e-02;6.2500000e+01;1.4080301e-01;6.2500000e+01;2.2576505e-01;6.2500000e+01;2.7952245e-01;6.2500000e+01;2.8539684e-01;6.2500000e+01;3.2403269e-01;6.2500000e+01;3.0492538e-01;6.2500000e+01;2.3990242e-01;6.2500000e+01;1.8130204e-01;6.2500000e+01;1.3167514e-01;6.2500000e+01;8.6441092e-02;6.2500000e+01;4.4568777e-02;6.2500000e+01;1.9459054e-03;6.2500000e+01;-4.3460160e-02;6.2500000e+01;-8.8946573e-02;6.2500000e+01;-1.2958154e-01;6.2500000e+01;-5.0858431e-02;6.2500000e+01;-6.8039242e-03;6.2500000e+01;5.9733577e-02;6.2500000e+01;1.4080301e-01;6.2500000e+01;2.2576505e-01;6.2500000e+01;2.7952245e-01;6.2500000e+01;2.8539684e-01;6.2500000e+01;3.2403269e-01;6.2500000e+01;3.0492538e-01;6.2500000e+01;2.3990242e-01;6.2500000e+01;1.8130204e-01;6.2500000e+01;1.3167514e-01;6.2500000e+01;8.6441092e-02;6.2500000e+01;4.4568777e-02;6.2500000e+01;1.9459054e-03;6.2500000e+01;-4.3460160e-02;6.2500000e+01;-8.8946573e-02;6.2500000e+01;-1.2958154e-01;6.2500000e+01;-5.0858431e-02;6.2500000e+01;-6.8039242e-03;6.2500000e+01;5.9733577e-02;6.2500000e+01;1.4080301e-01;6.2500000e+01;2.2576505e-01;6.2500000e+01;2.7952245e-01;6.2500000e+01;2.8539684e-01;6.2500000e+01;3.2403269e-01;6.2500000e+01;3.0492538e-01;6.2500000e+01;2.3990242e-01;6.2500000e+01;1.8130204e-01;6.2500000e+01;1.3167514e-01;6.2500000e+01;8.6441092e-02;6.2500000e+01;4.4568777e-02;6.2500000e+01;1.9459054e-03;6.2500000e+01;-4.3460160e-02;6.2500000e+01;-8.8946573e-02;6.2500000e+01;-1.2958154e-01
6.7500000e+01;-5.2848138e-02;6.7500000e+01;-9.8736715e-03;6.7500000e+01;5.3867295e-02;6.7500000e+01;1.3370459e-01;6.7500000e+01;2.1781790e-01;6.7500000e+01;2.6958331e-01;6.7500000e+01;2.8133231e-01;6.7500000e+01;3.2191744e-01;6.7500000e+01;3.1469876e-01;6.7500000e+01;2.4069765e-01;6.7500000e+01;1.7465049e-01;6.7500000e+01;1.2100236e-01;6.7500000e+01;7.4853629e-02;6.7500000e+01;3.2951646e-02;6.7500000e+01;-9.5695108e-03;6.7500000e+01;-5.2950248e-02;6.7500000e+01;-9.5070615e-02;6.7500000e+01;-1.3869116e-01;6.7500000e+01;-5.2848138e-02;6.7500000e+01;-9.8736715e-03;6.7500000e+01;5.3867295e-02;6.7500000e+01;1.3370459e-01;6.7500000e+01;2.1781790e-01;6.7500000e+01;2.6958331e-01;6.7500000e+01;2.8133231e-01;6.7500000e+01;3.2191744e-01;6.7500000e+01;3.1469876e-01;6.7500000e+01;2.4069765e-01;6.7500000e+01;1.7465049e-01;6.7500000e+01;1.2100236e-01;6.7500000e+01;7.4853629e-02;6.7500000e+01;3.2951646e-02;6.7500000e+01;-9.5695108e-03;6.7500000e+01;-5.2950248e-02;6.7500000e+01;-9.5070615e-02;6.7500000e+01;-1.3869116e-01;6.7500000e+01;-5.2848138e-02;6.7500000e+01;-9.8736715e-03;6.7500000e+01;5.3867295e-02;6.7500000e+01;1.3370459e-01;6.7500000e+01;2.1781790e-01;6.7500000e+01;2.6958331e-01;6.7500000e+01;2.8133231e-01;6.7500000e+01;3.2191744e-01;6.7500000e+01;3.1469876e-01;6.7500000e+01;2.4069765e-01;6.7500000e+01;1.7465049e-01;6.7500000e+01;1.2100236e-01;6.7500000e+01;7.4853629e-02;6.7500000e+01;3.2951646e-02;6.7500000e+01;-9.5695108e-03;6.7500000e+01;-5.2950248e-02;6.7500000e+01;-9.5070615e-02;6.7500000e+01;-1.3869116e-01;6.7500000e+01;-5.2848138e-02;6.7500000e+01;-9.8736715e-03;6.7500000e+01;5.3867295e-02;6.7500000e+01;1.3370459e-01;6.7500000e+01;2.1781790e-01;6.7500000e+01;2.6958331e-01;6.7500000e+01;2.8133231e-01;6.7500000e+01;3.2191744e-01;6.7500000e+01;3.1469876e-01;6.7500000e+01;2.4069765e-01;6.7500000e+01;1.7465049e-01;6.7500000e+01;1.2100236e-01;6.7500000e+01;7.4853629e-02;6.7500000e+01;3.2951646e-02;6.7500000e+01;-9.5695108e-03;6.7500000e+01;-5.2950248e-02;6.7500000e+01;-9.5070615e-02;6.7500000e+01;-1.3869116e-01;6.7500000e+01;-5.2848138e-02;6.7500000e+01;-9.8736715e-03;6.7500000e+01;5.3867295e-02;6.7500000e+01;1.3370459e-01;6.7500000e+01;2.1781790e-01;6.7500000e+01;2.6958331e-01;6.7500000e+01;2.8133231e-01;6.7500000e+01;3.2191744e-01;6.7500000e+01;3.1469876e-01;6.7500000e+01;2.4069765e-01;6.7500000e+01;1.7465049e-01;6.7500000e+01;1.2100236e-01;6.7500000e+01;7.4853629e-02;6.7500000e+01;3.2951646e-02;6.7500000e+01;-9.5695108e-03;6.7500000e+01;-5.2950248e-02;6.7500000e+01;-9.5070615e-02;6.7500000e+01;-1.3869116e-01;6.7500000e+01;-5.2848138e-02;6.7500000e+01;-9.8736715e-03;6.7500000e+01;5.3867295e-02;6.7500000e+01;1.3370459e-01;6.7500000e+01;2.1781790e-01;6.7500000e+01;2.6958331e-01;6.7500000e+01;2.8133231e-01;6.7500000e+01;3.2191744e-01;6.7500000e+01;3.1469876e-01;6.7500000e+01;2.4069765e-01;6.7500000e+01;1.7465049e-01;6.7500000e+01;1.2100236e-01;6.7500000e+01;7.4853629e-02;6.7500000e+01;3.2951646e-02;6.7500000e+01;-9.5695108e-03;6.7500000e+01;-5.2950248e-02;6.7500000e+01;-9.5070615e-02;6.7500000e+01;-1.3869116e-01;6.7500000e+01;-5.2848138e-02;6.7500000e+01;-9.8736715e-03;6.7500000e+01;5.3867295e-02;6.7500000e+01;1.3370459e-01;6.7500000e+01;2.1781790e-01;6.7500000e+01;2.6958331e-01;6.7500000e+01;2.8133231e-01;6.7500000e+01;3.2191744e-01;6.7500000e+01;3.1469876e-01;6.7500000e+01;2.4069765e-01;6.7500000e+01;1.7465049e-01;6.7500000e+01;1.2100236e-01;6.7500000e+01;7.4853629e-02;6.7500000e+01;3.2951646e-02;6.7500000e+01;-9.5695108e-03;6.7500000e+01;-5.2950248e-02;6.7500000e+01;-9.5070615e-02;6.7500000e+01;-1.3869116e-01;6.7500000e+01;-5.2848138e-02;6.7500000e+01;-9.8736715e-03;6.7500000e+01;5.3867295e-02;6.7500000e+01;1.3370459e-01;6.7500000e+01;2.1781790e-01;6.7500000e+01;2.6958331e-01;6.7500000e+01;2.8133231e-01;6.7500000e+01;3.2191744e-01;6.7500000e+01;3.1469876e-01;6.7500000e+01;2.4069765e-01;6.7500000e+01;1.7465049e-01;6.7500000e+01;1.2100236e-01;6.7500000e+01;7.4853629e-02;6.7500000e+01;3.2951646e-02;6.7500000e+01;-9.5695108e-03;6.7500000e+01;-5.2950248e-02;6.7500000e+01;-9.5070615e-02;6.7500000e+01;-1.3869116e-01;6.7500000e+01;-5.2848138e-02;6.7500000e+01;-9.8736715e-03;6.7500000e+01;5.3867295e-02;6.7500000e+01;1.3370459e-01;6.7500000e+01;2.1781790e-01;6.7500000e+01;2.6958331e-01;6.7500000e+01;2.8133231e-01;6.7500000e+01;3.2191744e-01;6.7500000e+01;3.1469876e-01;6.7500000e+01;2.4069765e-01;6.7500000e+01;1.7465049e-01;6.7500000e+01;1.2100236e-01;6.7500000e+01;7.4853629e-02;6.7500000e+01;3.2951646e-02;6.7500000e+01;-9.5695108e-03;6.7500000e+01;-5.2950248e-02;6.7500000e+01;-9.5070615e-02;6.7500000e+01;-1.3869116e-01;6.7500000e+01;-5.2848138e-02;6.7500000e+01;-9.8736715e-03;6.7500000e+01;5.3867295e-02;6.7500000e+01;1.3370459e-01;6.7500000e+01;2.1781790e-01;6.7500000e+01;2.6958331e-01;6.7500000e+01;2.8133231e-01;6.7500000e+01;3.2191744e-01;6.7500000e+01;3.1469876e-01;6.7500000e+01;2.4069765e-01;6.7500000e+01;1.7465049e-01;6.7500000e+01;1.2100236e-01;6.7500000e+01;7.4853629e-02;6.7500000e+01;3.2951646e-02;6.7500000e+01;-9.5695108e-03;6.7500000e+01;-5.2950248e-02;6.7500000e+01;-9.5070615e-02;6.7500000e+01;-1.3869116e-01;6.7500000e+01;-5.2848138e-02;6.7500000e+01;-9.8736715e-03;6.7500000e+01;5.3867295e-02;6.7500000e+01;1.3370459e-01;6.7500000e+01;2.1781790e-01;6.7500000e+01;2.6958331e-01;6.7500000e+01;2.8133231e-01;6.7500000e+01;3.2191744e-01;6.7500000e+01;3.1469876e-01;6.7500000e+01;2.4069765e-01;6.7500000e+01;1.7465049e-01;6.7500000e+01;1.2100236e-01;6.7500000e+01;7.4853629e-02;6.7500000e+01;3.2951646e-02;6.7500000e+01;-9.5695108e-03;6.7500000e+01;-5.2950248e-02;6.7500000e+01;-9.5070615e-02;6.7500000e+01;-1.3869116e-01;6.7500000e+01;-5.2848138e-02;6.7500000e+01;-9.8736715e-03;6.7500000e+01;5.3867295e-02;6.7500000e+01;1.3370459e-01;6.7500000e+01;2.1781790e-01;6.7500000e+01;2.6958331e-01;6.7500000e+01;2.8133231e-01;6.7500000e+01;3.2191744e-01;6.7500000e+01;3.1469876e-01;6.7500000e+01;2.4069765e-01;6.7500000e+01;1.7465049e-01;6.7500000e+01;1.2100236e-01;6.7500000e+01;7.4853629e-02;6.7500000e+01;3.2951646e-02;6.7500000e+01;-9.5695108e-03;6.7500000e+01;-5.2950248e-02;6.7500000e+01;-9.5070615e-02;6.7500000e+01;-1.3869116e-01;6.7500000e+01;-5.2848138e-02;6.7500000e+01;-9.8736715e-03;6.7500000e+01;5.3867295e-02;6.7500000e+01;1.3370459e-01;6.7500000e+01;2.1781790e-01;6.7500000e+01;2.6958331e-01;6.7500000e+01;2.8133231e-01;6.7500000e+01;3.2191744e-01;6.7500000e+01;3.1469876e-01;6.7500000e+01;2.4069765e-01;6.7500000e+01;1.7465049e-01;6.7500000e+01;1.2100236e-01;6.7500000e+01;7.4853629e-02;6.7500000e+01;3.2951646e-02;6.7500000e+01;-9.5695108e-03;6.7500000e+01;-5.2950248e-02;6.7500000e+01;-9.5070615e-02;6.7500000e+01;-1.3869116e-01;6.7500000e+01;-5.2848138e-02;6.7500000e+01;-9.8736715e-03;6.7500000e+01;5.3867295e-02;6.7500000e+01;1.3370459e-01;6.7500000e+01;2.1781790e-01;6.7500000e+01;2.6958331e-01;6.7500000e+01;2.8133231e-01;6.7500000e+01;3.2191744e-01;6.7500000e+01;3.1469876e-01;6.7500000e+01;2.4069765e-01;6.7500000e+01;1.7465049e-01;6.7500000e+01;1.2100236e-01;6.7500000e+01;7.4853629e-02;6.7500000e+01;3.2951646e-02;6.7500000e+01;-9.5695108e-03;6.7500000e+01;-5.2950248e-02;6.7500000e+01;-9.5070615e-02;6.7500000e+01;-1.3869116e-01;6.7500000e+01;-5.2848138e-02;6.7500000e+01;-9.8736715e-03;6.7500000e+01;5.3867295e-02;6.7500000e+01;1.3370459e-01;6.7500000e+01;2.1781790e-01;6.7500000e+01;2.6958331e-01;6.7500000e+01;2.8133231e-01;6.7500000e+01;3.2191744e-01;6.7500000e+01;3.1469876e-01;6.7500000e+01;2.4069765e-01;6.7500000e+01;1.7465049e-01;6.7500000e+01;1.2100236e-01;6.7500000e+01;7.4853629e-02;6.7500000e+01;3.2951646e-02;6.7500000e+01;-9.5695108e-03;6.7500000e+01;-5.2950248e-02;6.7500000e+01;-9.5070615e-02;6.7500000e+01;-1.3869116e-01;6.7500000e+01;-5.2848138e-02;6.7500000e+01;-9.8736715e-03;6.7500000e+01;5.3867295e-02;6.7500000e+01;1.3370459e-01;6.7500000e+01;2.1781790e-01;6.7500000e+01;2.6958331e-01;6.7500000e+01;2.8133231e-01;6.7500000e+01;3.2191744e-01;6.7500000e+01;3.1469876e-01;6.7500000e+01;2.4069765e-01;6.7500000e+01;1.7465049e-01;6.7500000e+01;1.2100236e-01;6.7500000e+01;7.4853629e-02;6.7500000e+01;3.2951646e-02;6.7500000e+01;-9.5695108e-03;6.7500000e+01;-5.2950248e-02;6.7500000e+01;-9.5070615e-02;6.7500000e+01;-1.3869116e-01;6.7500000e+01;-5.2848138e-02;6.7500000e+01;-9.8736715e-03;6.7500000e+01;5.3867295e-02;6.7500000e+01;1.3370459e-01;6.7500000e+01;2.1781790e-01;6.7500000e+01;2.6958331e-01;6.7500000e+01;2.8133231e-01;6.7500000e+01;3.2191744e-01;6.7500000e+01;3.1469876e-01;6.7500000e+01;2.4069765e-01;6.7500000e+01;1.7465049e-01;6.7500000e+01;1.2100236e-01;6.7500000e+01;7.4853629e-02;6.7500000e+01;3.2951646e-02;6.7500000e+01;-9.5695108e-03;6.7500000e+01;-5.2950248e-02;6.7500000e+01;-9.5070615e-02;6.7500000e+01;-1.3869116e-01;6.7500000e+01;-5.2848138e-02;6.7500000e+01;-9.8736715e-03;6.7500000e+01;5.3867295e-02;6.7500000e+01;1.3370459e-01;6.7500000e+01;2.1781790e-01;6.7500000e+01;2.6958331e-01;6.7500000e+01;2.8133231e-01;6.7500000e+01;3.2191744e-01;6.7500000e+01;3.1469876e-01;6.7500000e+01;2.4069765e-01;6.7500000e+01;1.7465049e-01;6.7500000e+01;1.2100236e-01;6.7500000e+01;7.4853629e-02;6.7500000e+01;3.2951646e-02;6.7500000e+01;-9.5695108e-03;6.7500000e+01;-5.2950248e-02;6.7500000e+01;-9.5070615e-02;6.7500000e+01;-1.3869116e-01;6.7500000e+01;-5.2848138e-02;6.7500000e+01;-9.8736715e-03;6.7500000e+01;5.3867295e-02;6.7500000e+01;1.3370459e-01;6.7500000e+01;2.1781790e-01;6.7500000e+01;2.6958331e-01;6.7500000e+01;2.8133231e-01;6.7500000e+01;3.2191744e-01;6.7500000e+01;3.1469876e-01;6.7500000e+01;2.4069765e-01;6.7500000e+01;1.7465049e-01;6.7500000e+01;1.2100236e-01;6.7500000e+01;7.4853629e-02;6.7500000e+01;3.2951646e-02;6.7500000e+01;-9.5695108e-03;6.7500000e+01;-5.2950248e-02;6.7500000e+01;-9.5070615e-02;6.7500000e+01;-1.3869116e-01;6.7500000e+01;-5.2848138e-02;6.7500000e+01;-9.8736715e-03;6.7500000e+01;5.3867295e-02;6.7500000e+01;1.3370459e-01;6.7500000e+01;2.1781790e-01;6.7500000e+01;2.6958331e-01;6.7500000e+01;2.8133231e-01;6.7500000e+01;3.2191744e-01;6.7500000e+01;3.1469876e-01;6.7500000e+01;2.4069765e-01;6.7500000e+01;1.7465049e-01;6.7500000e+01;1.2100236e-01;6.7500000e+01;7.4853629e-02;6.7500000e+01;3.2951646e-02;6.7500000e+01;-9.5695108e-03;6.7500000e+01;-5.2950248e-02;6.7500000e+01;-9.5070615e-02;6.7500000e+01;-1.3869116e-01;6.7500000e+01;-5.2848138e-02;6.7500000e+01;-9.8736715e-03;6.7500000e+01;5.3867295e-02;6.7500000e+01;1.3370459e-01;6.7500000e+01;2.1781790e-01;6.7500000e+01;2.6958331e-01;6.7500000e+01;2.8133231e-01;6.7500000e+01;3.2191744e-01;6.7500000e+01;3.1469876e-01;6.7500000e+01;2.4069765e-01;6.7500000e+01;1.7465049e-01;6.7500000e+01;1.2100236e-01;6.7500000e+01;7.4853629e-02;6.7500000e+01;3.2951646e-02;6.7500000e+01;-9.5695108e-03;6.7500000e+01;-5.2950248e-02;6.7500000e+01;-9.5070615e-02;6.7500000e+01;-1.3869116e-01;6.7500000e+01;-5.2848138e-02;6.7500000e+01;-9.8736715e-03;6.7500000e+01;5.3867295e-02;6.7500000e+01;1.3370459e-01;6.7500000e+01;2.1781790e-01;6.7500000e+01;2.6958331e-01;6.7500000e+01;2.8133231e-01;6.7500000e+01;3.2191744e-01;6.7500000e+01;3.1469876e-01;6.7500000e+01;2.4069765e-01;6.7500000e+01;1.7465049e-01;6.7500000e+01;1.2100236e-01;6.7500000e+01;7.4853629e-02;6.7500000e+01;3.2951646e-02;6.7500000e+01;-9.5695108e-03;6.7500000e+01;-5.2950248e-02;6.7500000e+01;-9.5070615e-02;6.7500000e+01;-1.3869116e-01;6.7500000e+01;-5.2848138e-02;6.7500000e+01;-9.8736715e-03;6.7500000e+01;5.3867295e-02;6.7500000e+01;1.3370459e-01;6.7500000e+01;2.1781790e-01;6.7500000e+01;2.6958331e-01;6.7500000e+01;2.8133231e-01;6.7500000e+01;3.2191744e-01;6.7500000e+01;3.1469876e-01;6.7500000e+01;2.4069765e-01;6.7500000e+01;1.7465049e-01;6.7500000e+01;1.2100236e-01;6.7500000e+01;7.4853629e-02;6.7500000e+01;3.2951646e-02;6.7500000e+01;-9.5695108e-03;6.7500000e+01;-5.2950248e-02;6.7500000e+01;-9.5070615e-02;6.7500000e+01;-1.3869116e-01;6.7500000e+01;-5.2848138e-02;6.7500000e+01;-9.8736715e-03;6.7500000e+01;5.3867295e-02;6.7500000e+01;1.3370459e-01;6.7500000e+01;2.1781790e-01;6.7500000e+01;2.6958331e-01;6.7500000e+01;2.8133231e-01;6.7500000e+01;3.2191744e-01;6.7500000e+01;3.1469876e-01;6.7500000e+01;2.4069765e-01;6.7500000e+01;1.7465049e-01;6.7500000e+01;1.2100236e-01;6.7500000e+01;7.4853629e-02;6.7500000e+01;3.2951646e-02;6.7500000e+01;-9.5695108e-03;6.7500000e+01;-5.2950248e-02;6.7500000e+01;-9.5070615e-02;6.7500000e+01;-1.3869116e-01;6.7500000e+01;-5.2848138e-02;6.7500000e+01;-9.8736715e-03;6.7500000e+01;5.3867295e-02;6.7500000e+01;1.3370459e-01;6.7500000e+01;2.1781790e-01;6.7500000e+01;2.6958331e-01;6.7500000e+01;2.8133231e-01;6.7500000e+01;3.2191744e-01;6.7500000e+01;3.1469876e-01;6.7500000e+01;2.4069765e-01;6.7500000e+01;1.7465049e-01;6.7500000e+01;1.2100236e-01;6.7500000e+01;7.4853629e-02;6.7500000e+01;3.2951646e-02;6.7500000e+01;-9.5695108e-03;6.7500000e+01;-5.2950248e-02;6.7500000e+01;-9.5070615e-02;6.7500000e+01;-1.3869116e-01;6.7500000e+01;-5.2848138e-02;6.7500000e+01;-9.8736715e-03;6.7500000e+01;5.3867295e-02;6.7500000e+01;1.3370459e-01;6.7500000e+01;2.1781790e-01;6.7500000e+01;2.6958331e-01;6.7500000e+01;2.8133231e-01;6.7500000e+01;3.2191744e-01;6.7500000e+01;3.1469876e-01;6.7500000e+01;2.4069765e-01;6.7500000e+01;1.7465049e-01;6.7500000e+01;1.2100236e-01;6.7500000e+01;7.4853629e-02;6.7500000e+01;3.2951646e-02;6.7500000e+01;-9.5695108e-03;6.7500000e+01;-5.2950248e-02;6.7500000e+01;-9.5070615e-02;6.7500000e+01;-1.3869116e-01;6.7500000e+01;-5.2848138e-02;6.7500000e+01;-9.8736715e-03;6.7500000e+01;5.3867295e-02;6.7500000e+01;1.3370459e-01;6.7500000e+01;2.1781790e-01;6.7500000e+01;2.6958331e-01;6.7500000e+01;2.8133231e-01;6.7500000e+01;3.2191744e-01;6.7500000e+01;3.1469876e-01;6.7500000e+01;2.4069765e-01;6.7500000e+01;1.7465049e-01;6.7500000e+01;1.2100236e-01;6.7500000e+01;7.4853629e-02;6.7500000e+01;3.2951646e-02;6.7500000e+01;-9.5695108e-03;6.7500000e+01;-5.2950248e-02;6.7500000e+01;-9.5070615e-02;6.7500000e+01;-1.3869116e-01;6.7500000e+01;-5.2848138e-02;6.7500000e+01;-9.8736715e-03;6.7500000e+01;5.3867295e-02;6.7500000e+01;1.3370459e-01;6.7500000e+01;2.1781790e-01;6.7500000e+01;2.6958331e-01;6.7500000e+01;2.8133231e-01;6.7500000e+01;3.2191744e-01;6.7500000e+01;3.1469876e-01;6.7500000e+01;2.4069765e-01;6.7500000e+01;1.7465049e-01;6.7500000e+01;1.2100236e-01;6.7500000e+01;7.4853629e-02;6.7500000e+01;3.2951646e-02;6.7500000e+01;-9.5695108e-03;6.7500000e+01;-5.2950248e-02;6.7500000e+01;-9.5070615e-02;6.7500000e+01;-1.3869116e-01;6.7500000e+01;-5.2848138e-02;6.7500000e+01;-9.8736715e-03;6.7500000e+01;5.3867295e-02;6.7500000e+01;1.3370459e-01;6.7500000e+01;2.1781790e-01;6.7500000e+01;2.6958331e-01;6.7500000e+01;2.8133231e-01;6.7500000e+01;3.2191744e-01;6.7500000e+01;3.1469876e-01;6.7500000e+01;2.4069765e-01;6.7500000e+01;1.7465049e-01;6.7500000e+01;1.2100236e-01;6.7500000e+01;7.4853629e-02;6.7500000e+01;3.2951646e-02;6.7500000e+01;-9.5695108e-03;6.7500000e+01;-5.2950248e-02;6.7500000e+01;-9.5070615e-02;6.7500000e+01;-1.3869116e-01;6.7500000e+01;-5.2848138e-02;6.7500000e+01;-9.8736715e-03;6.7500000e+01;5.3867295e-02;6.7500000e+01;1.3370459e-01;6.7500000e+01;2.1781790e-01;6.7500000e+01;2.6958331e-01;6.7500000e+01;2.8133231e-01;6.7500000e+01;3.2191744e-01;6.7500000e+01;3.1469876e-01;6.7500000e+01;2.4069765e-01;6.7500000e+01;1.7465049e-01;6.7500000e+01;1.2100236e-01;6.7500000e+01;7.4853629e-02;6.7500000e+01;3.2951646e-02;6.7500000e+01;-9.5695108e-03;6.7500000e+01;-5.2950248e-02;6.7500000e+01;-9.5070615e-02;6.7500000e+01;-1.3869116e-01;6.7500000e+01;-5.2848138e-02;6.7500000e+01;-9.8736715e-03;6.7500000e+01;5.3867295e-02;6.7500000e+01;1.3370459e-01;6.7500000e+01;2.1781790e-01;6.7500000e+01;2.6958331e-01;6.7500000e+01;2.8133231e-01;6.7500000e+01;3.2191744e-01;6.7500000e+01;3.1469876e-01;6.7500000e+01;2.4069765e-01;6.7500000e+01;1.7465049e-01;6.7500000e+01;1.2100236e-01;6.7500000e+01;7.4853629e-02;6.7500000e+01;3.2951646e-02;6.7500000e+01;-9.5695108e-03;6.7500000e+01;-5.2950248e-02;6.7500000e+01;-9.5070615e-02;6.7500000e+01;-1.3869116e-01;6.7500000e+01;-5.2848138e-02;6.7500000e+01;-9.8736715e-03;6.7500000e+01;5.3867295e-02;6.7500000e+01;1.3370459e-01;6.7500000e+01;2.1781790e-01;6.7500000e+01;2.6958331e-01;6.7500000e+01;2.8133231e-01;6.7500000e+01;3.2191744e-01;6.7500000e+01;3.1469876e-01;6.7500000e+01;2.4069765e-01;6.7500000e+01;1.7465049e-01;6.7500000e+01;1.2100236e-01;6.7500000e+01;7.4853629e-02;6.7500000e+01;3.2951646e-02;6.7500000e+01;-9.5695108e-03;6.7500000e+01;-5.2950248e-02;6.7500000e+01;-9.5070615e-02;6.7500000e+01;-1.3869116e-01;6.7500000e+01;-5.2848138e-02;6.7500000e+01;-9.8736715e-03;6.7500000e+01;5.3867295e-02;6.7500000e+01;1.3370459e-01;6.7500000e+01;2.1781790e-01;6.7500000e+01;2.6958331e-01;6.7500000e+01;2.8133231e-01;6.7500000e+01;3.2191744e-01;6.7500000e+01;3.1469876e-01;6.7500000e+01;2.4069765e-01;6.7500000e+01;1.7465049e-01;6.7500000e+01;1.2100236e-01;6.7500000e+01;7.4853629e-02;6.7500000e+01;3.2951646e-02;6.7500000e+01;-9.5695108e-03;6.7500000e+01;-5.2950248e-02;6.7500000e+01;-9.5070615e-02;6.7500000e+01;-1.3869116e-01;6.7500000e+01;-5.2848138e-02;6.7500000e+01;-9.8736715e-03;6.7500000e+01;5.3867295e-02;6.7500000e+01;1.3370459e-01;6.7500000e+01;2.1781790e-01;6.7500000e+01;2.6958331e-01;6.7500000e+01;2.8133231e-01;6.7500000e+01;3.2191744e-01;6.7500000e+01;3.1469876e-01;6.7500000e+01;2.4069765e-01;6.7500000e+01;1.7465049e-01;6.7500000e+01;1.2100236e-01;6.7500000e+01;7.4853629e-02;6.7500000e+01;3.2951646e-02;6.7500000e+01;-9.5695108e-03;6.7500000e+01;-5.2950248e-02;6.7500000e+01;-9.5070615e-02;6.7500000e+01;-1.3869116e-01;6.7500000e+01;-5.2848138e-02;6.7500000e+01;-9.8736715e-03;6.7500000e+01;5.3867295e-02;6.7500000e+01;1.3370459e-01;6.7500000e+01;2.1781790e-01;6.7500000e+01;2.6958331e-01;6.7500000e+01;2.8133231e-01;6.7500000e+01;3.2191744e-01;6.7500000e+01;3.1469876e-01;6.7500000e+01;2.4069765e-01;6.7500000e+01;1.7465049e-01;6.7500000e+01;1.2100236e-01;6.7500000e+01;7.4853629e-02;6.7500000e+01;3.2951646e-02;6.7500000e+01;-9.5695108e-03;6.7500000e+01;-5.2950248e-02;6.7500000e+01;-9.5070615e-02;6.7500000e+01;-1.3869116e-01;6.7500000e+01;-5.2848138e-02;6.7500000e+01;-9.8736715e-03;6.7500000e+01;5.3867295e-02;6.7500000e+01;1.3370459e-01;6.7500000e+01;2.1781790e-01;6.7500000e+01;2.6958331e-01;6.7500000e+01;2.8133231e-01;6.7500000e+01;3.2191744e-01;6.7500000e+01;3.1469876e-01;6.7500000e+01;2.4069765e-01;6.7500000e+01;1.7465049e-01;6.7500000e+01;1.2100236e-01;6.7500000e+01;7.4853629e-02;6.7500000e+01;3.2951646e-02;6.7500000e+01;-9.5695108e-03;6.7500000e+01;-5.2950248e-02;6.7500000e+01;-9.5070615e-02;6.7500000e+01;-1.3869116e-01;6.7500000e+01;-5.2848138e-02;6.7500000e+01;-9.8736715e-03;6.7500000e+01;5.3867295e-02;6.7500000e+01;1.3370459e-01;6.7500000e+01;2.1781790e-01;6.7500000e+01;2.6958331e-01;6.7500000e+01;2.8133231e-01;6.7500000e+01;3.2191744e-01;6.7500000e+01;3.1469876e-01;6.7500000e+01;2.4069765e-01;6.7500000e+01;1.7465049e-01;6.7500000e+01;1.2100236e-01;6.7500000e+01;7.4853629e-02;6.7500000e+01;3.2951646e-02;6.7500000e+01;-9.5695108e-03;6.7500000e+01;-5.2950248e-02;6.7500000e+01;-9.5070615e-02;6.7500000e+01;-1.3869116e-01;6.7500000e+01;-5.2848138e-02;6.7500000e+01;-9.8736715e-03;6.7500000e+01;5.3867295e-02;6.7500000e+01;1.3370459e-01;6.7500000e+01;2.1781790e-01;6.7500000e+01;2.6958331e-01;6.7500000e+01;2.8133231e-01;6.7500000e+01;3.2191744e-01;6.7500000e+01;3.1469876e-01;6.7500000e+01;2.4069765e-01;6.7500000e+01;1.7465049e-01;6.7500000e+01;1.2100236e-01;6.7500000e+01;7.4853629e-02;6.7500000e+01;3.2951646e-02;6.7500000e+01;-9.5695108e-03;6.7500000e+01;-5.2950248e-02;6.7500000e+01;-9.5070615e-02;6.7500000e+01;-1.3869116e-01;6.7500000e+01;-5.2848138e-02;6.7500000e+01;-9.8736715e-03;6.7500000e+01;5.3867295e-02;6.7500000e+01;1.3370459e-01;6.7500000e+01;2.1781790e-01;6.7500000e+01;2.6958331e-01;6.7500000e+01;2.8133231e-01;6.7500000e+01;3.2191744e-01;6.7500000e+01;3.1469876e-01;6.7500000e+01;2.4069765e-01;6.7500000e+01;1.7465049e-01;6.7500000e+01;1.2100236e-01;6.7500000e+01;7.4853629e-02;6.7500000e+01;3.2951646e-02;6.7500000e+01;-9.5695108e-03;6.7500000e+01;-5.2950248e-02;6.7500000e+01;-9.5070615e-02;6.7500000e+01;-1.3869116e-01;6.7500000e+01;-5.2848138e-02;6.7500000e+01;-9.8736715e-03;6.7500000e+01;5.3867295e-02;6.7500000e+01;1.3370459e-01;6.7500000e+01;2.1781790e-01;6.7500000e+01;2.6958331e-01;6.7500000e+01;2.8133231e-01;6.7500000e+01;3.2191744e-01;6.7500000e+01;3.1469876e-01;6.7500000e+01;2.4069765e-01;6.7500000e+01;1.7465049e-01;6.7500000e+01;1.2100236e-01;6.7500000e+01;7.4853629e-02;6.7500000e+01;3.2951646e-02;6.7500000e+01;-9.5695108e-03;6.7500000e+01;-5.2950248e-02;6.7500000e+01;-9.5070615e-02;6.7500000e+01;-1.3869116e-01;6.7500000e+01;-5.2848138e-02;6.7500000e+01;-9.8736715e-03;6.7500000e+01;5.3867295e-02;6.7500000e+01;1.3370459e-01;6.7500000e+01;2.1781790e-01;6.7500000e+01;2.6958331e-01;6.7500000e+01;2.8133231e-01;6.7500000e+01;3.2191744e-01;6.7500000e+01;3.1469876e-01;6.7500000e+01;2.4069765e-01;6.7500000e+01;1.7465049e-01;6.7500000e+01;1.2100236e-01;6.7500000e+01;7.4853629e-02;6.7500000e+01;3.2951646e-02;6.7500000e+01;-9.5695108e-03;6.7500000e+01;-5.2950248e-02;6.7500000e+01;-9.5070615e-02;6.7500000e+01;-1.3869116e-01;6.7500000e+01;-5.2848138e-02;6.7500000e+01;-9.8736715e-03;6.7500000e+01;5.3867295e-02;6.7500000e+01;1.3370459e-01;6.7500000e+01;2.1781790e-01;6.7500000e+01;2.6958331e-01;6.7500000e+01;2.8133231e-01;6.7500000e+01;3.2191744e-01;6.7500000e+01;3.1469876e-01;6.7500000e+01;2.4069765e-01;6.7500000e+01;1.7465049e-01;6.7500000e+01;1.2100236e-01;6.7500000e+01;7.4853629e-02;6.7500000e+01;3.2951646e-02;6.7500000e+01;-9.5695108e-03;6.7500000e+01;-5.2950248e-02;6.7500000e+01;-9.5070615e-02;6.7500000e+01;-1.3869116e-01;6.7500000e+01;-5.2848138e-02;6.7500000e+01;-9.8736715e-03;6.7500000e+01;5.3867295e-02;6.7500000e+01;1.3370459e-01;6.7500000e+01;2.1781790e-01;6.7500000e+01;2.6958331e-01;6.7500000e+01;2.8133231e-01;6.7500000e+01;3.2191744e-01;6.7500000e+01;3.1469876e-01;6.7500000e+01;2.4069765e-01;6.7500000e+01;1.7465049e-01;6.7500000e+01;1.2100236e-01;6.7500000e+01;7.4853629e-02;6.7500000e+01;3.2951646e-02;6.7500000e+01;-9.5695108e-03;6.7500000e+01;-5.2950248e-02;6.7500000e+01;-9.5070615e-02;6.7500000e+01;-1.3869116e-01;6.7500000e+01;-5.2848138e-02;6.7500000e+01;-9.8736715e-03;6.7500000e+01;5.3867295e-02;6.7500000e+01;1.3370459e-01;6.7500000e+01;2.1781790e-01;6.7500000e+01;2.6958331e-01;6.7500000e+01;2.8133231e-01;6.7500000e+01;3.2191744e-01;6.7500000e+01;3.1469876e-01;6.7500000e+01;2.4069765e-01;6.7500000e+01;1.7465049e-01;6.7500000e+01;1.2100236e-01;6.7500000e+01;7.4853629e-02;6.7500000e+01;3.2951646e-02;6.7500000e+01;-9.5695108e-03;6.7500000e+01;-5.2950248e-02;6.7500000e+01;-9.5070615e-02;6.7500000e+01;-1.3869116e-01;6.7500000e+01;-5.2848138e-02;6.7500000e+01;-9.8736715e-03;6.7500000e+01;5.3867295e-02;6.7500000e+01;1.3370459e-01;6.7500000e+01;2.1781790e-01;6.7500000e+01;2.6958331e-01;6.7500000e+01;2.8133231e-01;6.7500000e+01;3.2191744e-01;6.7500000e+01;3.1469876e-01;6.7500000e+01;2.4069765e-01;6.7500000e+01;1.7465049e-01;6.7500000e+01;1.2100236e-01;6.7500000e+01;7.4853629e-02;6.7500000e+01;3.2951646e-02;6.7500000e+01;-9.5695108e-03;6.7500000e+01;-5.2950248e-02;6.7500000e+01;-9.5070615e-02;6.7500000e+01;-1.3869116e-01;6.7500000e+01;-5.2848138e-02;6.7500000e+01;-9.8736715e-03;6.7500000e+01;5.3867295e-02;6.7500000e+01;1.3370459e-01;6.7500000e+01;2.1781790e-01;6.7500000e+01;2.6958331e-01;6.7500000e+01;2.8133231e-01;6.7500000e+01;3.2191744e-01;6.7500000e+01;3.1469876e-01;6.7500000e+01;2.4069765e-01;6.7500000e+01;1.7465049e-01;6.7500000e+01;1.2100236e-01;6.7500000e+01;7.4853629e-02;6.7500000e+01;3.2951646e-02;6.7500000e+01;-9.5695108e-03;6.7500000e+01;-5.2950248e-02;6.7500000e+01;-9.5070615e-02;6.7500000e+01;-1.3869116e-01;6.7500000e+01;-5.2848138e-02;6.7500000e+01;-9.8736715e-03;6.7500000e+01;5.3867295e-02;6.7500000e+01;1.3370459e-01;6.7500000e+01;2.1781790e-01;6.7500000e+01;2.6958331e-01;6.7500000e+01;2.8133231e-01;6.7500000e+01;3.2191744e-01;6.7500000e+01;3.1469876e-01;6.7500000e+01;2.4069765e-01;6.7500000e+01;1.7465049e-01;6.7500000e+01;1.2100236e-01;6.7500000e+01;7.4853629e-02;6.7500000e+01;3.2951646e-02;6.7500000e+01;-9.5695108e-03;6.7500000e+01;-5.2950248e-02;6.7500000e+01;-9.5070615e-02;6.7500000e+01;-1.3869116e-01;6.7500000e+01;-5.2848138e-02;6.7500000e+01;-9.8736715e-03;6.7500000e+01;5.3867295e-02;6.7500000e+01;1.3370459e-01;6.7500000e+01;2.1781790e-01;6.7500000e+01;2.6958331e-01;6.7500000e+01;2.8133231e-01;6.7500000e+01;3.2191744e-01;6.7500000e+01;3.1469876e-01;6.7500000e+01;2.4069765e-01;6.7500000e+01;1.7465049e-01;6.7500000e+01;1.2100236e-01;6.7500000e+01;7.4853629e-02;6.7500000e+01;3.2951646e-02;6.7500000e+01;-9.5695108e-03;6.7500000e+01;-5.2950248e-02;6.7500000e+01;-9.5070615e-02;6.7500000e+01;-1.3869116e-01;6.7500000e+01;-5.2848138e-02;6.7500000e+01;-9.8736715e-03;6.7500000e+01;5.3867295e-02;6.7500000e+01;1.3370459e-01;6.7500000e+01;2.1781790e-01;6.7500000e+01;2.6958331e-01;6.7500000e+01;2.8133231e-01;6.7500000e+01;3.2191744e-01;6.7500000e+01;3.1469876e-01;6.7500000e+01;2.4069765e-01;6.7500000e+01;1.7465049e-01;6.7500000e+01;1.2100236e-01;6.7500000e+01;7.4853629e-02;6.7500000e+01;3.2951646e-02;6.7500000e+01;-9.5695108e-03;6.7500000e+01;-5.2950248e-02;6.7500000e+01;-9.5070615e-02;6.7500000e+01;-1.3869116e-01;6.7500000e+01;-5.2848138e-02;6.7500000e+01;-9.8736715e-03;6.7500000e+01;5.3867295e-02;6.7500000e+01;1.3370459e-01;6.7500000e+01;2.1781790e-01;6.7500000e+01;2.6958331e-01;6.7500000e+01;2.8133231e-01;6.7500000e+01;3.2191744e-01;6.7500000e+01;3.1469876e-01;6.7500000e+01;2.4069765e-01;6.7500000e+01;1.7465049e-01;6.7500000e+01;1.2100236e-01;6.7500000e+01;7.4853629e-02;6.7500000e+01;3.2951646e-02;6.7500000e+01;-9.5695108e-03;6.7500000e+01;-5.2950248e-02;6.7500000e+01;-9.5070615e-02;6.7500000e+01;-1.3869116e-01;6.7500000e+01;-5.2848138e-02;6.7500000e+01;-9.8736715e-03;6.7500000e+01;5.3867295e-02;6.7500000e+01;1.3370459e-01;6.7500000e+01;2.1781790e-01;6.7500000e+01;2.6958331e-01;6.7500000e+01;2.8133231e-01;6.7500000e+01;3.2191744e-01;6.7500000e+01;3.1469876e-01;6.7500000e+01;2.4069765e-01;6.7500000e+01;1.7465049e-01;6.7500000e+01;1.2100236e-01;6.7500000e+01;7.4853629e-02;6.7500000e+01;3.2951646e-02;6.7500000e+01;-9.5695108e-03;6.7500000e+01;-5.2950248e-02;6.7500000e+01;-9.5070615e-02;6.7500000e+01;-1.3869116e-01;6.7500000e+01;-5.2848138e-02;6.7500000e+01;-9.8736715e-03;6.7500000e+01;5.3867295e-02;6.7500000e+01;1.3370459e-01;6.7500000e+01;2.1781790e-01;6.7500000e+01;2.6958331e-01;6.7500000e+01;2.8133231e-01;6.7500000e+01;3.2191744e-01;6.7500000e+01;3.1469876e-01;6.7500000e+01;2.4069765e-01;6.7500000e+01;1.7465049e-01;6.7500000e+01;1.2100236e-01;6.7500000e+01;7.4853629e-02;6.7500000e+01;3.2951646e-02;6.7500000e+01;-9.5695108e-03;6.7500000e+01;-5.2950248e-02;6.7500000e+01;-9.5070615e-02;6.7500000e+01;-1.3869116e-01;6.7500000e+01;-5.2848138e-02;6.7500000e+01;-9.8736715e-03;6.7500000e+01;5.3867295e-02;6.7500000e+01;1.3370459e-01;6.7500000e+01;2.1781790e-01;6.7500000e+01;2.6958331e-01;6.7500000e+01;2.8133231e-01;6.7500000e+01;3.2191744e-01;6.7500000e+01;3.1469876e-01;6.7500000e+01;2.4069765e-01;6.7500000e+01;1.7465049e-01;6.7500000e+01;1.2100236e-01;6.7500000e+01;7.4853629e-02;6.7500000e+01;3.2951646e-02;6.7500000e+01;-9.5695108e-03;6.7500000e+01;-5.2950248e-02;6.7500000e+01;-9.5070615e-02;6.7500000e+01;-1.3869116e-01;6.7500000e+01;-5.2848138e-02;6.7500000e+01;-9.8736715e-03;6.7500000e+01;5.3867295e-02;6.7500000e+01;1.3370459e-01;6.7500000e+01;2.1781790e-01;6.7500000e+01;2.6958331e-01;6.7500000e+01;2.8133231e-01;6.7500000e+01;3.2191744e-01;6.7500000e+01;3.1469876e-01;6.7500000e+01;2.4069765e-01;6.7500000e+01;1.7465049e-01;6.7500000e+01;1.2100236e-01;6.7500000e+01;7.4853629e-02;6.7500000e+01;3.2951646e-02;6.7500000e+01;-9.5695108e-03;6.7500000e+01;-5.2950248e-02;6.7500000e+01;-9.5070615e-02;6.7500000e+01;-1.3869116e-01;6.7500000e+01;-5.2848138e-02;6.7500000e+01;-9.8736715e-03;6.7500000e+01;5.3867295e-02;6.7500000e+01;1.3370459e-01;6.7500000e+01;2.1781790e-01;6.7500000e+01;2.6958331e-01;6.7500000e+01;2.8133231e-01;6.7500000e+01;3.2191744e-01;6.7500000e+01;3.1469876e-01;6.7500000e+01;2.4069765e-01;6.7500000e+01;1.7465049e-01;6.7500000e+01;1.2100236e-01;6.7500000e+01;7.4853629e-02;6.7500000e+01;3.2951646e-02;6.7500000e+01;-9.5695108e-03;6.7500000e+01;-5.2950248e-02;6.7500000e+01;-9.5070615e-02;6.7500000e+01;-1.3869116e-01;6.7500000e+01;-5.2848138e-02;6.7500000e+01;-9.8736715e-03;6.7500000e+01;5.3867295e-02;6.7500000e+01;1.3370459e-01;6.7500000e+01;2.1781790e-01;6.7500000e+01;2.6958331e-01;6.7500000e+01;2.8133231e-01;6.7500000e+01;3.2191744e-01;6.7500000e+01;3.1469876e-01;6.7500000e+01;2.4069765e-01;6.7500000e+01;1.7465049e-01;6.7500000e+01;1.2100236e-01;6.7500000e+01;7.4853629e-02;6.7500000e+01;3.2951646e-02;6.7500000e+01;-9.5695108e-03;6.7500000e+01;-5.2950248e-02;6.7500000e+01;-9.5070615e-02;6.7500000e+01;-1.3869116e-01;6.7500000e+01;-5.2848138e-02;6.7500000e+01;-9.8736715e-03;6.7500000e+01;5.3867295e-02;6.7500000e+01;1.3370459e-01;6.7500000e+01;2.1781790e-01;6.7500000e+01;2.6958331e-01;6.7500000e+01;2.8133231e-01;6.7500000e+01;3.2191744e-01;6.7500000e+01;3.1469876e-01;6.7500000e+01;2.4069765e-01;6.7500000e+01;1.7465049e-01;6.7500000e+01;1.2100236e-01;6.7500000e+01;7.4853629e-02;6.7500000e+01;3.2951646e-02;6.7500000e+01;-9.5695108e-03;6.7500000e+01;-5.2950248e-02;6.7500000e+01;-9.5070615e-02;6.7500000e+01;-1.3869116e-01;6.7500000e+01;-5.2848138e-02;6.7500000e+01;-9.8736715e-03;6.7500000e+01;5.3867295e-02;6.7500000e+01;1.3370459e-01;6.7500000e+01;2.1781790e-01;6.7500000e+01;2.6958331e-01;6.7500000e+01;2.8133231e-01;6.7500000e+01;3.2191744e-01;6.7500000e+01;3.1469876e-01;6.7500000e+01;2.4069765e-01;6.7500000e+01;1.7465049e-01;6.7500000e+01;1.2100236e-01;6.7500000e+01;7.4853629e-02;6.7500000e+01;3.2951646e-02;6.7500000e+01;-9.5695108e-03;6.7500000e+01;-5.2950248e-02;6.7500000e+01;-9.5070615e-02;6.7500000e+01;-1.3869116e-01;6.7500000e+01;-5.2848138e-02;6.7500000e+01;-9.8736715e-03;6.7500000e+01;5.3867295e-02;6.7500000e+01;1.3370459e-01;6.7500000e+01;2.1781790e-01;6.7500000e+01;2.6958331e-01;6.7500000e+01;2.8133231e-01;6.7500000e+01;3.2191744e-01;6.7500000e+01;3.1469876e-01;6.7500000e+01;2.4069765e-01;6.7500000e+01;1.7465049e-01;6.7500000e+01;1.2100236e-01;6.7500000e+01;7.4853629e-02;6.7500000e+01;3.2951646e-02;6.7500000e+01;-9.5695108e-03;6.7500000e+01;-5.2950248e-02;6.7500000e+01;-9.5070615e-02;6.7500000e+01;-1.3869116e-01;6.7500000e+01;-5.2848138e-02;6.7500000e+01;-9.8736715e-03;6.7500000e+01;5.3867295e-02;6.7500000e+01;1.3370459e-01;6.7500000e+01;2.1781790e-01;6.7500000e+01;2.6958331e-01;6.7500000e+01;2.8133231e-01;6.7500000e+01;3.2191744e-01;6.7500000e+01;3.1469876e-01;6.7500000e+01;2.4069765e-01;6.7500000e+01;1.7465049e-01;6.7500000e+01;1.2100236e-01;6.7500000e+01;7.4853629e-02;6.7500000e+01;3.2951646e-02;6.7500000e+01;-9.5695108e-03;6.7500000e+01;-5.2950248e-02;6.7500000e+01;-9.5070615e-02;6.7500000e+01;-1.3869116e-01;6.7500000e+01;-5.2848138e-02;6.7500000e+01;-9.8736715e-03;6.7500000e+01;5.3867295e-02;6.7500000e+01;1.3370459e-01;6.7500000e+01;2.1781790e-01;6.7500000e+01;2.6958331e-01;6.7500000e+01;2.8133231e-01;6.7500000e+01;3.2191744e-01;6.7500000e+01;3.1469876e-01;6.7500000e+01;2.4069765e-01;6.7500000e+01;1.7465049e-01;6.7500000e+01;1.2100236e-01;6.7500000e+01;7.4853629e-02;6.7500000e+01;3.2951646e-02;6.7500000e+01;-9.5695108e-03;6.7500000e+01;-5.2950248e-02;6.7500000e+01;-9.5070615e-02;6.7500000e+01;-1.3869116e-01;6.7500000e+01;-5.2848138e-02;6.7500000e+01;-9.8736715e-03;6.7500000e+01;5.3867295e-02;6.7500000e+01;1.3370459e-01;6.7500000e+01;2.1781790e-01;6.7500000e+01;2.6958331e-01;6.7500000e+01;2.8133231e-01;6.7500000e+01;3.2191744e-01;6.7500000e+01;3.1469876e-01;6.7500000e+01;2.4069765e-01;6.7500000e+01;1.7465049e-01;6.7500000e+01;1.2100236e-01;6.7500000e+01;7.4853629e-02;6.7500000e+01;3.2951646e-02;6.7500000e+01;-9.5695108e-03;6.7500000e+01;-5.2950248e-02;6.7500000e+01;-9.5070615e-02;6.7500000e+01;-1.3869116e-01;6.7500000e+01;-5.2848138e-02;6.7500000e+01;-9.8736715e-03;6.7500000e+01;5.3867295e-02;6.7500000e+01;1.3370459e-01;6.7500000e+01;2.1781790e-01;6.7500000e+01;2.6958331e-01;6.7500000e+01;2.8133231e-01;6.7500000e+01;3.2191744e-01;6.7500000e+01;3.1469876e-01;6.7500000e+01;2.4069765e-01;6.7500000e+01;1.7465049e-01;6.7500000e+01;1.2100236e-01;6.7500000e+01;7.4853629e-02;6.7500000e+01;3.2951646e-02;6.7500000e+01;-9.5695108e-03;6.7500000e+01;-5.2950248e-02;6.7500000e+01;-9.5070615e-02;6.7500000e+01;-1.3869116e-01;6.7500000e+01;-5.2848138e-02;6.7500000e+01;-9.8736715e-03;6.7500000e+01;5.3867295e-02;6.7500000e+01;1.3370459e-01;6.7500000e+01;2.1781790e-01;6.7500000e+01;2.6958331e-01;6.7500000e+01;2.8133231e-01;6.7500000e+01;3.2191744e-01;6.7500000e+01;3.1469876e-01;6.7500000e+01;2.4069765e-01;6.7500000e+01;1.7465049e-01;6.7500000e+01;1.2100236e-01;6.7500000e+01;7.4853629e-02;6.7500000e+01;3.2951646e-02;6.7500000e+01;-9.5695108e-03;6.7500000e+01;-5.2950248e-02;6.7500000e+01;-9.5070615e-02;6.7500000e+01;-1.3869116e-01;6.7500000e+01;-5.2848138e-02;6.7500000e+01;-9.8736715e-03;6.7500000e+01;5.3867295e-02;6.7500000e+01;1.3370459e-01;6.7500000e+01;2.1781790e-01;6.7500000e+01;2.6958331e-01;6.7500000e+01;2.8133231e-01;6.7500000e+01;3.2191744e-01;6.7500000e+01;3.1469876e-01;6.7500000e+01;2.4069765e-01;6.7500000e+01;1.7465049e-01;6.7500000e+01;1.2100236e-01;6.7500000e+01;7.4853629e-02;6.7500000e+01;3.2951646e-02;6.7500000e+01;-9.5695108e-03;6.7500000e+01;-5.2950248e-02;6.7500000e+01;-9.5070615e-02;6.7500000e+01;-1.3869116e-01;6.7500000e+01;-5.2848138e-02;6.7500000e+01;-9.8736715e-03;6.7500000e+01;5.3867295e-02;6.7500000e+01;1.3370459e-01;6.7500000e+01;2.1781790e-01;6.7500000e+01;2.6958331e-01;6.7500000e+01;2.8133231e-01;6.7500000e+01;3.2191744e-01;6.7500000e+01;3.1469876e-01;6.7500000e+01;2.4069765e-01;6.7500000e+01;1.7465049e-01;6.7500000e+01;1.2100236e-01;6.7500000e+01;7.4853629e-02;6.7500000e+01;3.2951646e-02;6.7500000e+01;-9.5695108e-03;6.7500000e+01;-5.2950248e-02;6.7500000e+01;-9.5070615e-02;6.7500000e+01;-1.3869116e-01;6.7500000e+01;-5.2848138e-02;6.7500000e+01;-9.8736715e-03;6.7500000e+01;5.3867295e-02;6.7500000e+01;1.3370459e-01;6.7500000e+01;2.1781790e-01;6.7500000e+01;2.6958331e-01;6.7500000e+01;2.8133231e-01;6.7500000e+01;3.2191744e-01;6.7500000e+01;3.1469876e-01;6.7500000e+01;2.4069765e-01;6.7500000e+01;1.7465049e-01;6.7500000e+01;1.2100236e-01;6.7500000e+01;7.4853629e-02;6.7500000e+01;3.2951646e-02;6.7500000e+01;-9.5695108e-03;6.7500000e+01;-5.2950248e-02;6.7500000e+01;-9.5070615e-02;6.7500000e+01;-1.3869116e-01;6.7500000e+01;-5.2848138e-02;6.7500000e+01;-9.8736715e-03;6.7500000e+01;5.3867295e-02;6.7500000e+01;1.3370459e-01;6.7500000e+01;2.1781790e-01;6.7500000e+01;2.6958331e-01;6.7500000e+01;2.8133231e-01;6.7500000e+01;3.2191744e-01;6.7500000e+01;3.1469876e-01;6.7500000e+01;2.4069765e-01;6.7500000e+01;1.7465049e-01;6.7500000e+01;1.2100236e-01;6.7500000e+01;7.4853629e-02;6.7500000e+01;3.2951646e-02;6.7500000e+01;-9.5695108e-03;6.7500000e+01;-5.2950248e-02;6.7500000e+01;-9.5070615e-02;6.7500000e+01;-1.3869116e-01;6.7500000e+01;-5.2848138e-02;6.7500000e+01;-9.8736715e-03;6.7500000e+01;5.3867295e-02;6.7500000e+01;1.3370459e-01;6.7500000e+01;2.1781790e-01;6.7500000e+01;2.6958331e-01;6.7500000e+01;2.8133231e-01;6.7500000e+01;3.2191744e-01;6.7500000e+01;3.1469876e-01;6.7500000e+01;2.4069765e-01;6.7500000e+01;1.7465049e-01;6.7500000e+01;1.2100236e-01;6.7500000e+01;7.4853629e-02;6.7500000e+01;3.2951646e-02;6.7500000e+01;-9.5695108e-03;6.7500000e+01;-5.2950248e-02;6.7500000e+01;-9.5070615e-02;6.7500000e+01;-1.3869116e-01;6.7500000e+01;-5.2848138e-02;6.7500000e+01;-9.8736715e-03;6.7500000e+01;5.3867295e-02;6.7500000e+01;1.3370459e-01;6.7500000e+01;2.1781790e-01;6.7500000e+01;2.6958331e-01;6.7500000e+01;2.8133231e-01;6.7500000e+01;3.2191744e-01;6.7500000e+01;3.1469876e-01;6.7500000e+01;2.4069765e-01;6.7500000e+01;1.7465049e-01;6.7500000e+01;1.2100236e-01;6.7500000e+01;7.4853629e-02;6.7500000e+01;3.2951646e-02;6.7500000e+01;-9.5695108e-03;6.7500000e+01;-5.2950248e-02;6.7500000e+01;-9.5070615e-02;6.7500000e+01;-1.3869116e-01;6.7500000e+01;-5.2848138e-02;6.7500000e+01;-9.8736715e-03;6.7500000e+01;5.3867295e-02;6.7500000e+01;1.3370459e-01;6.7500000e+01;2.1781790e-01;6.7500000e+01;2.6958331e-01;6.7500000e+01;2.8133231e-01;6.7500000e+01;3.2191744e-01;6.7500000e+01;3.1469876e-01;6.7500000e+01;2.4069765e-01;6.7500000e+01;1.7465049e-01;6.7500000e+01;1.2100236e-01;6.7500000e+01;7.4853629e-02;6.7500000e+01;3.2951646e-02;6.7500000e+01;-9.5695108e-03;6.7500000e+01;-5.2950248e-02;6.7500000e+01;-9.5070615e-02;6.7500000e+01;-1.3869116e-01;6.7500000e+01;-5.2848138e-02;6.7500000e+01;-9.8736715e-03;6.7500000e+01;5.3867295e-02;6.7500000e+01;1.3370459e-01;6.7500000e+01;2.1781790e-01;6.7500000e+01;2.6958331e-01;6.7500000e+01;2.8133231e-01;6.7500000e+01;3.2191744e-01;6.7500000e+01;3.1469876e-01;6.7500000e+01;2.4069765e-01;6.7500000e+01;1.7465049e-01;6.7500000e+01;1.2100236e-01;6.7500000e+01;7.4853629e-02;6.7500000e+01;3.2951646e-02;6.7500000e+01;-9.5695108e-03;6.7500000e+01;-5.2950248e-02;6.7500000e+01;-9.5070615e-02;6.7500000e+01;-1.3869116e-01;6.7500000e+01;-5.2848138e-02;6.7500000e+01;-9.8736715e-03;6.7500000e+01;5.3867295e-02;6.7500000e+01;1.3370459e-01;6.7500000e+01;2.1781790e-01;6.7500000e+01;2.6958331e-01;6.7500000e+01;2.8133231e-01;6.7500000e+01;3.2191744e-01;6.7500000e+01;3.1469876e-01;6.7500000e+01;2.4069765e-01;6.7500000e+01;1.7465049e-01;6.7500000e+01;1.2100236e-01;6.7500000e+01;7.4853629e-02;6.7500000e+01;3.2951646e-02;6.7500000e+01;-9.5695108e-03;6.7500000e+01;-5.2950248e-02;6.7500000e+01;-9.5070615e-02;6.7500000e+01;-1.3869116e-01;6.7500000e+01;-5.2848138e-02;6.7500000e+01;-9.8736715e-03;6.7500000e+01;5.3867295e-02;6.7500000e+01;1.3370459e-01;6.7500000e+01;2.1781790e-01;6.7500000e+01;2.6958331e-01;6.7500000e+01;2.8133231e-01;6.7500000e+01;3.2191744e-01;6.7500000e+01;3.1469876e-01;6.7500000e+01;2.4069765e-01;6.7500000e+01;1.7465049e-01;6.7500000e+01;1.2100236e-01;6.7500000e+01;7.4853629e-02;6.7500000e+01;3.2951646e-02;6.7500000e+01;-9.5695108e-03;6.7500000e+01;-5.2950248e-02;6.7500000e+01;-9.5070615e-02;6.7500000e+01;-1.3869116e-01;6.7500000e+01;-5.2848138e-02;6.7500000e+01;-9.8736715e-03;6.7500000e+01;5.3867295e-02;6.7500000e+01;1.3370459e-01;6.7500000e+01;2.1781790e-01;6.7500000e+01;2.6958331e-01;6.7500000e+01;2.8133231e-01;6.7500000e+01;3.2191744e-01;6.7500000e+01;3.1469876e-01;6.7500000e+01;2.4069765e-01;6.7500000e+01;1.7465049e-01;6.7500000e+01;1.2100236e-01;6.7500000e+01;7.4853629e-02;6.7500000e+01;3.2951646e-02;6.7500000e+01;-9.5695108e-03;6.7500000e+01;-5.2950248e-02;6.7500000e+01;-9.5070615e-02;6.7500000e+01;-1.3869116e-01;6.7500000e+01;-5.2848138e-02;6.7500000e+01;-9.8736715e-03;6.7500000e+01;5.3867295e-02;6.7500000e+01;1.3370459e-01;6.7500000e+01;2.1781790e-01;6.7500000e+01;2.6958331e-01;6.7500000e+01;2.8133231e-01;6.7500000e+01;3.2191744e-01;6.7500000e+01;3.1469876e-01;6.7500000e+01;2.4069765e-01;6.7500000e+01;1.7465049e-01;6.7500000e+01;1.2100236e-01;6.7500000e+01;7.4853629e-02;6.7500000e+01;3.2951646e-02;6.7500000e+01;-9.5695108e-03;6.7500000e+01;-5.2950248e-02;6.7500000e+01;-9.5070615e-02;6.7500000e+01;-1.3869116e-01;6.7500000e+01;-5.2848138e-02;6.7500000e+01;-9.8736715e-03;6.7500000e+01;5.3867295e-02;6.7500000e+01;1.3370459e-01;6.7500000e+01;2.1781790e-01;6.7500000e+01;2.6958331e-01;6.7500000e+01;2.8133231e-01;6.7500000e+01;3.2191744e-01;6.7500000e+01;3.1469876e-01;6.7500000e+01;2.4069765e-01;6.7500000e+01;1.7465049e-01;6.7500000e+01;1.2100236e-01;6.7500000e+01;7.4853629e-02;6.7500000e+01;3.2951646e-02;6.7500000e+01;-9.5695108e-03;6.7500000e+01;-5.2950248e-02;6.7500000e+01;-9.5070615e-02;6.7500000e+01;-1.3869116e-01;6.7500000e+01;-5.2848138e-02;6.7500000e+01;-9.8736715e-03;6.7500000e+01;5.3867295e-02;6.7500000e+01;1.3370459e-01;6.7500000e+01;2.1781790e-01;6.7500000e+01;2.6958331e-01;6.7500000e+01;2.8133231e-01;6.7500000e+01;3.2191744e-01;6.7500000e+01;3.1469876e-01;6.7500000e+01;2.4069765e-01;6.7500000e+01;1.7465049e-01;6.7500000e+01;1.2100236e-01;6.7500000e+01;7.4853629e-02;6.7500000e+01;3.2951646e-02;6.7500000e+01;-9.5695108e-03;6.7500000e+01;-5.2950248e-02;6.7500000e+01;-9.5070615e-02;6.7500000e+01;-1.3869116e-01;6.7500000e+01;-5.2848138e-02;6.7500000e+01;-9.8736715e-03;6.7500000e+01;5.3867295e-02;6.7500000e+01;1.3370459e-01;6.7500000e+01;2.1781790e-01;6.7500000e+01;2.6958331e-01;6.7500000e+01;2.8133231e-01;6.7500000e+01;3.2191744e-01;6.7500000e+01;3.1469876e-01;6.7500000e+01;2.4069765e-01;6.7500000e+01;1.7465049e-01;6.7500000e+01;1.2100236e-01;6.7500000e+01;7.4853629e-02;6.7500000e+01;3.2951646e-02;6.7500000e+01;-9.5695108e-03;6.7500000e+01;-5.2950248e-02;6.7500000e+01;-9.5070615e-02;6.7500000e+01;-1.3869116e-01;6.7500000e+01;-5.2848138e-02;6.7500000e+01;-9.8736715e-03;6.7500000e+01;5.3867295e-02;6.7500000e+01;1.3370459e-01;6.7500000e+01;2.1781790e-01;6.7500000e+01;2.6958331e-01;6.7500000e+01;2.8133231e-01;6.7500000e+01;3.2191744e-01;6.7500000e+01;3.1469876e-01;6.7500000e+01;2.4069765e-01;6.7500000e+01;1.7465049e-01;6.7500000e+01;1.2100236e-01;6.7500000e+01;7.4853629e-02;6.7500000e+01;3.2951646e-02;6.7500000e+01;-9.5695108e-03;6.7500000e+01;-5.2950248e-02;6.7500000e+01;-9.5070615e-02;6.7500000e+01;-1.3869116e-01;6.7500000e+01;-5.2848138e-02;6.7500000e+01;-9.8736715e-03;6.7500000e+01;5.3867295e-02;6.7500000e+01;1.3370459e-01;6.7500000e+01;2.1781790e-01;6.7500000e+01;2.6958331e-01;6.7500000e+01;2.8133231e-01;6.7500000e+01;3.2191744e-01;6.7500000e+01;3.1469876e-01;6.7500000e+01;2.4069765e-01;6.7500000e+01;1.7465049e-01;6.7500000e+01;1.2100236e-01;6.7500000e+01;7.4853629e-02;6.7500000e+01;3.2951646e-02;6.7500000e+01;-9.5695108e-03;6.7500000e+01;-5.2950248e-02;6.7500000e+01;-9.5070615e-02;6.7500000e+01;-1.3869116e-01;6.7500000e+01;-5.2848138e-02;6.7500000e+01;-9.8736715e-03;6.7500000e+01;5.3867295e-02;6.7500000e+01;1.3370459e-01;6.7500000e+01;2.1781790e-01;6.7500000e+01;2.6958331e-01;6.7500000e+01;2.8133231e-01;6.7500000e+01;3.2191744e-01;6.7500000e+01;3.1469876e-01;6.7500000e+01;2.4069765e-01;6.7500000e+01;1.7465049e-01;6.7500000e+01;1.2100236e-01;6.7500000e+01;7.4853629e-02;6.7500000e+01;3.2951646e-02;6.7500000e+01;-9.5695108e-03;6.7500000e+01;-5.2950248e-02;6.7500000e+01;-9.5070615e-02;6.7500000e+01;-1.3869116e-01;6.7500000e+01;-5.2848138e-02;6.7500000e+01;-9.8736715e-03;6.7500000e+01;5.3867295e-02;6.7500000e+01;1.3370459e-01;6.7500000e+01;2.1781790e-01;6.7500000e+01;2.6958331e-01;6.7500000e+01;2.8133231e-01;6.7500000e+01;3.2191744e-01;6.7500000e+01;3.1469876e-01;6.7500000e+01;2.4069765e-01;6.7500000e+01;1.7465049e-01;6.7500000e+01;1.2100236e-01;6.7500000e+01;7.4853629e-02;6.7500000e+01;3.2951646e-02;6.7500000e+01;-9.5695108e-03;6.7500000e+01;-5.2950248e-02;6.7500000e+01;-9.5070615e-02;6.7500000e+01;-1.3869116e-01;6.7500000e+01;-5.2848138e-02;6.7500000e+01;-9.8736715e-03;6.7500000e+01;5.3867295e-02;6.7500000e+01;1.3370459e-01;6.7500000e+01;2.1781790e-01;6.7500000e+01;2.6958331e-01;6.7500000e+01;2.8133231e-01;6.7500000e+01;3.2191744e-01;6.7500000e+01;3.1469876e-01;6.7500000e+01;2.4069765e-01;6.7500000e+01;1.7465049e-01;6.7500000e+01;1.2100236e-01;6.7500000e+01;7.4853629e-02;6.7500000e+01;3.2951646e-02;6.7500000e+01;-9.5695108e-03;6.7500000e+01;-5.2950248e-02;6.7500000e+01;-9.5070615e-02;6.7500000e+01;-1.3869116e-01;6.7500000e+01;-5.2848138e-02;6.7500000e+01;-9.8736715e-03;6.7500000e+01;5.3867295e-02;6.7500000e+01;1.3370459e-01;6.7500000e+01;2.1781790e-01;6.7500000e+01;2.6958331e-01;6.7500000e+01;2.8133231e-01;6.7500000e+01;3.2191744e-01;6.7500000e+01;3.1469876e-01;6.7500000e+01;2.4069765e-01;6.7500000e+01;1.7465049e-01;6.7500000e+01;1.2100236e-01;6.7500000e+01;7.4853629e-02;6.7500000e+01;3.2951646e-02;6.7500000e+01;-9.5695108e-03;6.7500000e+01;-5.2950248e-02;6.7500000e+01;-9.5070615e-02;6.7500000e+01;-1.3869116e-01;6.7500000e+01;-5.2848138e-02;6.7500000e+01;-9.8736715e-03;6.7500000e+01;5.3867295e-02;6.7500000e+01;1.3370459e-01;6.7500000e+01;2.1781790e-01;6.7500000e+01;2.6958331e-01;6.7500000e+01;2.8133231e-01;6.7500000e+01;3.2191744e-01;6.7500000e+01;3.1469876e-01;6.7500000e+01;2.4069765e-01;6.7500000e+01;1.7465049e-01;6.7500000e+01;1.2100236e-01;6.7500000e+01;7.4853629e-02;6.7500000e+01;3.2951646e-02;6.7500000e+01;-9.5695108e-03;6.7500000e+01;-5.2950248e-02;6.7500000e+01;-9.5070615e-02;6.7500000e+01;-1.3869116e-01;6.7500000e+01;-5.2848138e-02;6.7500000e+01;-9.8736715e-03;6.7500000e+01;5.3867295e-02;6.7500000e+01;1.3370459e-01;6.7500000e+01;2.1781790e-01;6.7500000e+01;2.6958331e-01;6.7500000e+01;2.8133231e-01;6.7500000e+01;3.2191744e-01;6.7500000e+01;3.1469876e-01;6.7500000e+01;2.4069765e-01;6.7500000e+01;1.7465049e-01;6.7500000e+01;1.2100236e-01;6.7500000e+01;7.4853629e-02;6.7500000e+01;3.2951646e-02;6.7500000e+01;-9.5695108e-03;6.7500000e+01;-5.2950248e-02;6.7500000e+01;-9.5070615e-02;6.7500000e+01;-1.3869116e-01;6.7500000e+01;-5.2848138e-02;6.7500000e+01;-9.8736715e-03;6.7500000e+01;5.3867295e-02;6.7500000e+01;1.3370459e-01;6.7500000e+01;2.1781790e-01;6.7500000e+01;2.6958331e-01;6.7500000e+01;2.8133231e-01;6.7500000e+01;3.2191744e-01;6.7500000e+01;3.1469876e-01;6.7500000e+01;2.4069765e-01;6.7500000e+01;1.7465049e-01;6.7500000e+01;1.2100236e-01;6.7500000e+01;7.4853629e-02;6.7500000e+01;3.2951646e-02;6.7500000e+01;-9.5695108e-03;6.7500000e+01;-5.2950248e-02;6.7500000e+01;-9.5070615e-02;6.7500000e+01;-1.3869116e-01;6.7500000e+01;-5.2848138e-02;6.7500000e+01;-9.8736715e-03;6.7500000e+01;5.3867295e-02;6.7500000e+01;1.3370459e-01;6.7500000e+01;2.1781790e-01;6.7500000e+01;2.6958331e-01;6.7500000e+01;2.8133231e-01;6.7500000e+01;3.2191744e-01;6.7500000e+01;3.1469876e-01;6.7500000e+01;2.4069765e-01;6.7500000e+01;1.7465049e-01;6.7500000e+01;1.2100236e-01;6.7500000e+01;7.4853629e-02;6.7500000e+01;3.2951646e-02;6.7500000e+01;-9.5695108e-03;6.7500000e+01;-5.2950248e-02;6.7500000e+01;-9.5070615e-02;6.7500000e+01;-1.3869116e-01;6.7500000e+01;-5.2848138e-02;6.7500000e+01;-9.8736715e-03;6.7500000e+01;5.3867295e-02;6.7500000e+01;1.3370459e-01;6.7500000e+01;2.1781790e-01;6.7500000e+01;2.6958331e-01;6.7500000e+01;2.8133231e-01;6.7500000e+01;3.2191744e-01;6.7500000e+01;3.1469876e-01;6.7500000e+01;2.4069765e-01;6.7500000e+01;1.7465049e-01;6.7500000e+01;1.2100236e-01;6.7500000e+01;7.4853629e-02;6.7500000e+01;3.2951646e-02;6.7500000e+01;-9.5695108e-03;6.7500000e+01;-5.2950248e-02;6.7500000e+01;-9.5070615e-02;6.7500000e+01;-1.3869116e-01;6.7500000e+01;-5.2848138e-02;6.7500000e+01;-9.8736715e-03;6.7500000e+01;5.3867295e-02;6.7500000e+01;1.3370459e-01;6.7500000e+01;2.1781790e-01;6.7500000e+01;2.6958331e-01;6.7500000e+01;2.8133231e-01;6.7500000e+01;3.2191744e-01;6.7500000e+01;3.1469876e-01;6.7500000e+01;2.4069765e-01;6.7500000e+01;1.7465049e-01;6.7500000e+01;1.2100236e-01;6.7500000e+01;7.4853629e-02;6.7500000e+01;3.2951646e-02;6.7500000e+01;-9.5695108e-03;6.7500000e+01;-5.2950248e-02;6.7500000e+01;-9.5070615e-02;6.7500000e+01;-1.3869116e-01;6.7500000e+01;-5.2848138e-02;6.7500000e+01;-9.8736715e-03;6.7500000e+01;5.3867295e-02;6.7500000e+01;1.3370459e-01;6.7500000e+01;2.1781790e-01;6.7500000e+01;2.6958331e-01;6.7500000e+01;2.8133231e-01;6.7500000e+01;3.2191744e-01;6.7500000e+01;3.1469876e-01;6.7500000e+01;2.4069765e-01;6.7500000e+01;1.7465049e-01;6.7500000e+01;1.2100236e-01;6.7500000e+01;7.4853629e-02;6.7500000e+01;3.2951646e-02;6.7500000e+01;-9.5695108e-03;6.7500000e+01;-5.2950248e-02;6.7500000e+01;-9.5070615e-02;6.7500000e+01;-1.3869116e-01;6.7500000e+01;-5.2848138e-02;6.7500000e+01;-9.8736715e-03;6.7500000e+01;5.3867295e-02;6.7500000e+01;1.3370459e-01;6.7500000e+01;2.1781790e-01;6.7500000e+01;2.6958331e-01;6.7500000e+01;2.8133231e-01;6.7500000e+01;3.2191744e-01;6.7500000e+01;3.1469876e-01;6.7500000e+01;2.4069765e-01;6.7500000e+01;1.7465049e-01;6.7500000e+01;1.2100236e-01;6.7500000e+01;7.4853629e-02;6.7500000e+01;3.2951646e-02;6.7500000e+01;-9.5695108e-03;6.7500000e+01;-5.2950248e-02;6.7500000e+01;-9.5070615e-02;6.7500000e+01;-1.3869116e-01;6.7500000e+01;-5.2848138e-02;6.7500000e+01;-9.8736715e-03;6.7500000e+01;5.3867295e-02;6.7500000e+01;1.3370459e-01;6.7500000e+01;2.1781790e-01;6.7500000e+01;2.6958331e-01;6.7500000e+01;2.8133231e-01;6.7500000e+01;3.2191744e-01;6.7500000e+01;3.1469876e-01;6.7500000e+01;2.4069765e-01;6.7500000e+01;1.7465049e-01;6.7500000e+01;1.2100236e-01;6.7500000e+01;7.4853629e-02;6.7500000e+01;3.2951646e-02;6.7500000e+01;-9.5695108e-03;6.7500000e+01;-5.2950248e-02;6.7500000e+01;-9.5070615e-02;6.7500000e+01;-1.3869116e-01;6.7500000e+01;-5.2848138e-02;6.7500000e+01;-9.8736715e-03;6.7500000e+01;5.3867295e-02;6.7500000e+01;1.3370459e-01;6.7500000e+01;2.1781790e-01;6.7500000e+01;2.6958331e-01;6.7500000e+01;2.8133231e-01;6.7500000e+01;3.2191744e-01;6.7500000e+01;3.1469876e-01;6.7500000e+01;2.4069765e-01;6.7500000e+01;1.7465049e-01;6.7500000e+01;1.2100236e-01;6.7500000e+01;7.4853629e-02;6.7500000e+01;3.2951646e-02;6.7500000e+01;-9.5695108e-03;6.7500000e+01;-5.2950248e-02;6.7500000e+01;-9.5070615e-02;6.7500000e+01;-1.3869116e-01;6.7500000e+01;-5.2848138e-02;6.7500000e+01;-9.8736715e-03;6.7500000e+01;5.3867295e-02;6.7500000e+01;1.3370459e-01;6.7500000e+01;2.1781790e-01;6.7500000e+01;2.6958331e-01;6.7500000e+01;2.8133231e-01;6.7500000e+01;3.2191744e-01;6.7500000e+01;3.1469876e-01;6.7500000e+01;2.4069765e-01;6.7500000e+01;1.7465049e-01;6.7500000e+01;1.2100236e-01;6.7500000e+01;7.4853629e-02;6.7500000e+01;3.2951646e-02;6.7500000e+01;-9.5695108e-03;6.7500000e+01;-5.2950248e-02;6.7500000e+01;-9.5070615e-02;6.7500000e+01;-1.3869116e-01;6.7500000e+01;-5.2848138e-02;6.7500000e+01;-9.8736715e-03;6.7500000e+01;5.3867295e-02;6.7500000e+01;1.3370459e-01;6.7500000e+01;2.1781790e-01;6.7500000e+01;2.6958331e-01;6.7500000e+01;2.8133231e-01;6.7500000e+01;3.2191744e-01;6.7500000e+01;3.1469876e-01;6.7500000e+01;2.4069765e-01;6.7500000e+01;1.7465049e-01;6.7500000e+01;1.2100236e-01;6.7500000e+01;7.4853629e-02;6.7500000e+01;3.2951646e-02;6.7500000e+01;-9.5695108e-03;6.7500000e+01;-5.2950248e-02;6.7500000e+01;-9.5070615e-02;6.7500000e+01;-1.3869116e-01;6.7500000e+01;-5.2848138e-02;6.7500000e+01;-9.8736715e-03;6.7500000e+01;5.3867295e-02;6.7500000e+01;1.3370459e-01;6.7500000e+01;2.1781790e-01;6.7500000e+01;2.6958331e-01;6.7500000e+01;2.8133231e-01;6.7500000e+01;3.2191744e-01;6.7500000e+01;3.1469876e-01;6.7500000e+01;2.4069765e-01;6.7500000e+01;1.7465049e-01;6.7500000e+01;1.2100236e-01;6.7500000e+01;7.4853629e-02;6.7500000e+01;3.2951646e-02;6.7500000e+01;-9.5695108e-03;6.7500000e+01;-5.2950248e-02;6.7500000e+01;-9.5070615e-02;6.7500000e+01;-1.3869116e-01;6.7500000e+01;-5.2848138e-02;6.7500000e+01;-9.8736715e-03;6.7500000e+01;5.3867295e-02;6.7500000e+01;1.3370459e-01;6.7500000e+01;2.1781790e-01;6.7500000e+01;2.6958331e-01;6.7500000e+01;2.8133231e-01;6.7500000e+01;3.2191744e-01;6.7500000e+01;3.1469876e-01;6.7500000e+01;2.4069765e-01;6.7500000e+01;1.7465049e-01;6.7500000e+01;1.2100236e-01;6.7500000e+01;7.4853629e-02;6.7500000e+01;3.2951646e-02;6.7500000e+01;-9.5695108e-03;6.7500000e+01;-5.2950248e-02;6.7500000e+01;-9.5070615e-02;6.7500000e+01;-1.3869116e-01;6.7500000e+01;-5.2848138e-02;6.7500000e+01;-9.8736715e-03;6.7500000e+01;5.3867295e-02;6.7500000e+01;1.3370459e-01;6.7500000e+01;2.1781790e-01;6.7500000e+01;2.6958331e-01;6.7500000e+01;2.8133231e-01;6.7500000e+01;3.2191744e-01;6.7500000e+01;3.1469876e-01;6.7500000e+01;2.4069765e-01;6.7500000e+01;1.7465049e-01;6.7500000e+01;1.2100236e-01;6.7500000e+01;7.4853629e-02;6.7500000e+01;3.2951646e-02;6.7500000e+01;-9.5695108e-03;6.7500000e+01;-5.2950248e-02;6.7500000e+01;-9.5070615e-02;6.7500000e+01;-1.3869116e-01;6.7500000e+01;-5.2848138e-02;6.7500000e+01;-9.8736715e-03;6.7500000e+01;5.3867295e-02;6.7500000e+01;1.3370459e-01;6.7500000e+01;2.1781790e-01;6.7500000e+01;2.6958331e-01;6.7500000e+01;2.8133231e-01;6.7500000e+01;3.2191744e-01;6.7500000e+01;3.1469876e-01;6.7500000e+01;2.4069765e-01;6.7500000e+01;1.7465049e-01;6.7500000e+01;1.2100236e-01;6.7500000e+01;7.4853629e-02;6.7500000e+01;3.2951646e-02;6.7500000e+01;-9.5695108e-03;6.7500000e+01;-5.2950248e-02;6.7500000e+01;-9.5070615e-02;6.7500000e+01;-1.3869116e-01;6.7500000e+01;-5.2848138e-02;6.7500000e+01;-9.8736715e-03;6.7500000e+01;5.3867295e-02;6.7500000e+01;1.3370459e-01;6.7500000e+01;2.1781790e-01;6.7500000e+01;2.6958331e-01;6.7500000e+01;2.8133231e-01;6.7500000e+01;3.2191744e-01;6.7500000e+01;3.1469876e-01;6.7500000e+01;2.4069765e-01;6.7500000e+01;1.7465049e-01;6.7500000e+01;1.2100236e-01;6.7500000e+01;7.4853629e-02;6.7500000e+01;3.2951646e-02;6.7500000e+01;-9.5695108e-03;6.7500000e+01;-5.2950248e-02;6.7500000e+01;-9.5070615e-02;6.7500000e+01;-1.3869116e-01;6.7500000e+01;-5.2848138e-02;6.7500000e+01;-9.8736715e-03;6.7500000e+01;5.3867295e-02;6.7500000e+01;1.3370459e-01;6.7500000e+01;2.1781790e-01;6.7500000e+01;2.6958331e-01;6.7500000e+01;2.8133231e-01;6.7500000e+01;3.2191744e-01;6.7500000e+01;3.1469876e-01;6.7500000e+01;2.4069765e-01;6.7500000e+01;1.7465049e-01;6.7500000e+01;1.2100236e-01;6.7500000e+01;7.4853629e-02;6.7500000e+01;3.2951646e-02;6.7500000e+01;-9.5695108e-03;6.7500000e+01;-5.2950248e-02;6.7500000e+01;-9.5070615e-02;6.7500000e+01;-1.3869116e-01;6.7500000e+01;-5.2848138e-02;6.7500000e+01;-9.8736715e-03;6.7500000e+01;5.3867295e-02;6.7500000e+01;1.3370459e-01;6.7500000e+01;2.1781790e-01;6.7500000e+01;2.6958331e-01;6.7500000e+01;2.8133231e-01;6.7500000e+01;3.2191744e-01;6.7500000e+01;3.1469876e-01;6.7500000e+01;2.4069765e-01;6.7500000e+01;1.7465049e-01;6.7500000e+01;1.2100236e-01;6.7500000e+01;7.4853629e-02;6.7500000e+01;3.2951646e-02;6.7500000e+01;-9.5695108e-03;6.7500000e+01;-5.2950248e-02;6.7500000e+01;-9.5070615e-02;6.7500000e+01;-1.3869116e-01;6.7500000e+01;-5.2848138e-02;6.7500000e+01;-9.8736715e-03;6.7500000e+01;5.3867295e-02;6.7500000e+01;1.3370459e-01;6.7500000e+01;2.1781790e-01;6.7500000e+01;2.6958331e-01;6.7500000e+01;2.8133231e-01;6.7500000e+01;3.2191744e-01;6.7500000e+01;3.1469876e-01;6.7500000e+01;2.4069765e-01;6.7500000e+01;1.7465049e-01;6.7500000e+01;1.2100236e-01;6.7500000e+01;7.4853629e-02;6.7500000e+01;3.2951646e-02;6.7500000e+01;-9.5695108e-03;6.7500000e+01;-5.2950248e-02;6.7500000e+01;-9.5070615e-02;6.7500000e+01;-1.3869116e-01;6.7500000e+01;-5.2848138e-02;6.7500000e+01;-9.8736715e-03;6.7500000e+01;5.3867295e-02;6.7500000e+01;1.3370459e-01;6.7500000e+01;2.1781790e-01;6.7500000e+01;2.6958331e-01;6.7500000e+01;2.8133231e-01;6.7500000e+01;3.2191744e-01;6.7500000e+01;3.1469876e-01;6.7500000e+01;2.4069765e-01;6.7500000e+01;1.7465049e-01;6.7500000e+01;1.2100236e-01;6.7500000e+01;7.4853629e-02;6.7500000e+01;3.2951646e-02;6.7500000e+01;-9.5695108e-03;6.7500000e+01;-5.2950248e-02;6.7500000e+01;-9.5070615e-02;6.7500000e+01;-1.3869116e-01;6.7500000e+01;-5.2848138e-02;6.7500000e+01;-9.8736715e-03;6.7500000e+01;5.3867295e-02;6.7500000e+01;1.3370459e-01;6.7500000e+01;2.1781790e-01;6.7500000e+01;2.6958331e-01;6.7500000e+01;2.8133231e-01;6.7500000e+01;3.2191744e-01;6.7500000e+01;3.1469876e-01;6.7500000e+01;2.4069765e-01;6.7500000e+01;1.7465049e-01;6.7500000e+01;1.2100236e-01;6.7500000e+01;7.4853629e-02;6.7500000e+01;3.2951646e-02;6.7500000e+01;-9.5695108e-03;6.7500000e+01;-5.2950248e-02;6.7500000e+01;-9.5070615e-02;6.7500000e+01;-1.3869116e-01;6.7500000e+01;-5.2848138e-02;6.7500000e+01;-9.8736715e-03;6.7500000e+01;5.3867295e-02;6.7500000e+01;1.3370459e-01;6.7500000e+01;2.1781790e-01;6.7500000e+01;2.6958331e-01;6.7500000e+01;2.8133231e-01;6.7500000e+01;3.2191744e-01;6.7500000e+01;3.1469876e-01;6.7500000e+01;2.4069765e-01;6.7500000e+01;1.7465049e-01;6.7500000e+01;1.2100236e-01;6.7500000e+01;7.4853629e-02;6.7500000e+01;3.2951646e-02;6.7500000e+01;-9.5695108e-03;6.7500000e+01;-5.2950248e-02;6.7500000e+01;-9.5070615e-02;6.7500000e+01;-1.3869116e-01;6.7500000e+01;-5.2848138e-02;6.7500000e+01;-9.8736715e-03;6.7500000e+01;5.3867295e-02;6.7500000e+01;1.3370459e-01;6.7500000e+01;2.1781790e-01;6.7500000e+01;2.6958331e-01;6.7500000e+01;2.8133231e-01;6.7500000e+01;3.2191744e-01;6.7500000e+01;3.1469876e-01;6.7500000e+01;2.4069765e-01;6.7500000e+01;1.7465049e-01;6.7500000e+01;1.2100236e-01;6.7500000e+01;7.4853629e-02;6.7500000e+01;3.2951646e-02;6.7500000e+01;-9.5695108e-03;6.7500000e+01;-5.2950248e-02;6.7500000e+01;-9.5070615e-02;6.7500000e+01;-1.3869116e-01;6.7500000e+01;-5.2848138e-02;6.7500000e+01;-9.8736715e-03;6.7500000e+01;5.3867295e-02;6.7500000e+01;1.3370459e-01;6.7500000e+01;2.1781790e-01;6.7500000e+01;2.6958331e-01;6.7500000e+01;2.8133231e-01;6.7500000e+01;3.2191744e-01;6.7500000e+01;3.1469876e-01;6.7500000e+01;2.4069765e-01;6.7500000e+01;1.7465049e-01;6.7500000e+01;1.2100236e-01;6.7500000e+01;7.4853629e-02;6.7500000e+01;3.2951646e-02;6.7500000e+01;-9.5695108e-03;6.7500000e+01;-5.2950248e-02;6.7500000e+01;-9.5070615e-02;6.7500000e+01;-1.3869116e-01;6.7500000e+01;-5.2848138e-02;6.7500000e+01;-9.8736715e-03;6.7500000e+01;5.3867295e-02;6.7500000e+01;1.3370459e-01;6.7500000e+01;2.1781790e-01;6.7500000e+01;2.6958331e-01;6.7500000e+01;2.8133231e-01;6.7500000e+01;3.2191744e-01;6.7500000e+01;3.1469876e-01;6.7500000e+01;2.4069765e-01;6.7500000e+01;1.7465049e-01;6.7500000e+01;1.2100236e-01;6.7500000e+01;7.4853629e-02;6.7500000e+01;3.2951646e-02;6.7500000e+01;-9.5695108e-03;6.7500000e+01;-5.2950248e-02;6.7500000e+01;-9.5070615e-02;6.7500000e+01;-1.3869116e-01;6.7500000e+01;-5.2848138e-02;6.7500000e+01;-9.8736715e-03;6.7500000e+01;5.3867295e-02;6.7500000e+01;1.3370459e-01;6.7500000e+01;2.1781790e-01;6.7500000e+01;2.6958331e-01;6.7500000e+01;2.8133231e-01;6.7500000e+01;3.2191744e-01;6.7500000e+01;3.1469876e-01;6.7500000e+01;2.4069765e-01;6.7500000e+01;1.7465049e-01;6.7500000e+01;1.2100236e-01;6.7500000e+01;7.4853629e-02;6.7500000e+01;3.2951646e-02;6.7500000e+01;-9.5695108e-03;6.7500000e+01;-5.2950248e-02;6.7500000e+01;-9.5070615e-02;6.7500000e+01;-1.3869116e-01;6.7500000e+01;-5.2848138e-02;6.7500000e+01;-9.8736715e-03;6.7500000e+01;5.3867295e-02;6.7500000e+01;1.3370459e-01;6.7500000e+01;2.1781790e-01;6.7500000e+01;2.6958331e-01;6.7500000e+01;2.8133231e-01;6.7500000e+01;3.2191744e-01;6.7500000e+01;3.1469876e-01;6.7500000e+01;2.4069765e-01;6.7500000e+01;1.7465049e-01;6.7500000e+01;1.2100236e-01;6.7500000e+01;7.4853629e-02;6.7500000e+01;3.2951646e-02;6.7500000e+01;-9.5695108e-03;6.7500000e+01;-5.2950248e-02;6.7500000e+01;-9.5070615e-02;6.7500000e+01;-1.3869116e-01;6.7500000e+01;-5.2848138e-02;6.7500000e+01;-9.8736715e-03;6.7500000e+01;5.3867295e-02;6.7500000e+01;1.3370459e-01;6.7500000e+01;2.1781790e-01;6.7500000e+01;2.6958331e-01;6.7500000e+01;2.8133231e-01;6.7500000e+01;3.2191744e-01;6.7500000e+01;3.1469876e-01;6.7500000e+01;2.4069765e-01;6.7500000e+01;1.7465049e-01;6.7500000e+01;1.2100236e-01;6.7500000e+01;7.4853629e-02;6.7500000e+01;3.2951646e-02;6.7500000e+01;-9.5695108e-03;6.7500000e+01;-5.2950248e-02;6.7500000e+01;-9.5070615e-02;6.7500000e+01;-1.3869116e-01;6.7500000e+01;-5.2848138e-02;6.7500000e+01;-9.8736715e-03;6.7500000e+01;5.3867295e-02;6.7500000e+01;1.3370459e-01;6.7500000e+01;2.1781790e-01;6.7500000e+01;2.6958331e-01;6.7500000e+01;2.8133231e-01;6.7500000e+01;3.2191744e-01;6.7500000e+01;3.1469876e-01;6.7500000e+01;2.4069765e-01;6.7500000e+01;1.7465049e-01;6.7500000e+01;1.2100236e-01;6.7500000e+01;7.4853629e-02;6.7500000e+01;3.2951646e-02;6.7500000e+01;-9.5695108e-03;6.7500000e+01;-5.2950248e-02;6.7500000e+01;-9.5070615e-02;6.7500000e+01;-1.3869116e-01;6.7500000e+01;-5.2848138e-02;6.7500000e+01;-9.8736715e-03;6.7500000e+01;5.3867295e-02;6.7500000e+01;1.3370459e-01;6.7500000e+01;2.1781790e-01;6.7500000e+01;2.6958331e-01;6.7500000e+01;2.8133231e-01;6.7500000e+01;3.2191744e-01;6.7500000e+01;3.1469876e-01;6.7500000e+01;2.4069765e-01;6.7500000e+01;1.7465049e-01;6.7500000e+01;1.2100236e-01;6.7500000e+01;7.4853629e-02;6.7500000e+01;3.2951646e-02;6.7500000e+01;-9.5695108e-03;6.7500000e+01;-5.2950248e-02;6.7500000e+01;-9.5070615e-02;6.7500000e+01;-1.3869116e-01;6.7500000e+01;-5.2848138e-02;6.7500000e+01;-9.8736715e-03;6.7500000e+01;5.3867295e-02;6.7500000e+01;1.3370459e-01;6.7500000e+01;2.1781790e-01;6.7500000e+01;2.6958331e-01;6.7500000e+01;2.8133231e-01;6.7500000e+01;3.2191744e-01;6.7500000e+01;3.1469876e-01;6.7500000e+01;2.4069765e-01;6.7500000e+01;1.7465049e-01;6.7500000e+01;1.2100236e-01;6.7500000e+01;7.4853629e-02;6.7500000e+01;3.2951646e-02;6.7500000e+01;-9.5695108e-03;6.7500000e+01;-5.2950248e-02;6.7500000e+01;-9.5070615e-02;6.7500000e+01;-1.3869116e-01;6.7500000e+01;-5.2848138e-02;6.7500000e+01;-9.8736715e-03;6.7500000e+01;5.3867295e-02;6.7500000e+01;1.3370459e-01;6.7500000e+01;2.1781790e-01;6.7500000e+01;2.6958331e-01;6.7500000e+01;2.8133231e-01;6.7500000e+01;3.2191744e-01;6.7500000e+01;3.1469876e-01;6.7500000e+01;2.4069765e-01;6.7500000e+01;1.7465049e-01;6.7500000e+01;1.2100236e-01;6.7500000e+01;7.4853629e-02;6.7500000e+01;3.2951646e-02;6.7500000e+01;-9.5695108e-03;6.7500000e+01;-5.2950248e-02;6.7500000e+01;-9.5070615e-02;6.7500000e+01;-1.3869116e-01;6.7500000e+01;-5.2848138e-02;6.7500000e+01;-9.8736715e-03;6.7500000e+01;5.3867295e-02;6.7500000e+01;1.3370459e-01;6.7500000e+01;2.1781790e-01;6.7500000e+01;2.6958331e-01;6.7500000e+01;2.8133231e-01;6.7500000e+01;3.2191744e-01;6.7500000e+01;3.1469876e-01;6.7500000e+01;2.4069765e-01;6.7500000e+01;1.7465049e-01;6.7500000e+01;1.2100236e-01;6.7500000e+01;7.4853629e-02;6.7500000e+01;3.2951646e-02;6.7500000e+01;-9.5695108e-03;6.7500000e+01;-5.2950248e-02;6.7500000e+01;-9.5070615e-02;6.7500000e+01;-1.3869116e-01;6.7500000e+01;-5.2848138e-02;6.7500000e+01;-9.8736715e-03;6.7500000e+01;5.3867295e-02;6.7500000e+01;1.3370459e-01;6.7500000e+01;2.1781790e-01;6.7500000e+01;2.6958331e-01;6.7500000e+01;2.8133231e-01;6.7500000e+01;3.2191744e-01;6.7500000e+01;3.1469876e-01;6.7500000e+01;2.4069765e-01;6.7500000e+01;1.7465049e-01;6.7500000e+01;1.2100236e-01;6.7500000e+01;7.4853629e-02;6.7500000e+01;3.2951646e-02;6.7500000e+01;-9.5695108e-03;6.7500000e+01;-5.2950248e-02;6.7500000e+01;-9.5070615e-02;6.7500000e+01;-1.3869116e-01;6.7500000e+01;-5.2848138e-02;6.7500000e+01;-9.8736715e-03;6.7500000e+01;5.3867295e-02;6.7500000e+01;1.3370459e-01;6.7500000e+01;2.1781790e-01;6.7500000e+01;2.6958331e-01;6.7500000e+01;2.8133231e-01;6.7500000e+01;3.2191744e-01;6.7500000e+01;3.1469876e-01;6.7500000e+01;2.4069765e-01;6.7500000e+01;1.7465049e-01;6.7500000e+01;1.2100236e-01;6.7500000e+01;7.4853629e-02;6.7500000e+01;3.2951646e-02;6.7500000e+01;-9.5695108e-03;6.7500000e+01;-5.2950248e-02;6.7500000e+01;-9.5070615e-02;6.7500000e+01;-1.3869116e-01;6.7500000e+01;-5.2848138e-02;6.7500000e+01;-9.8736715e-03;6.7500000e+01;5.3867295e-02;6.7500000e+01;1.3370459e-01;6.7500000e+01;2.1781790e-01;6.7500000e+01;2.6958331e-01;6.7500000e+01;2.8133231e-01;6.7500000e+01;3.2191744e-01;6.7500000e+01;3.1469876e-01;6.7500000e+01;2.4069765e-01;6.7500000e+01;1.7465049e-01;6.7500000e+01;1.2100236e-01;6.7500000e+01;7.4853629e-02;6.7500000e+01;3.2951646e-02;6.7500000e+01;-9.5695108e-03;6.7500000e+01;-5.2950248e-02;6.7500000e+01;-9.5070615e-02;6.7500000e+01;-1.3869116e-01;6.7500000e+01;-5.2848138e-02;6.7500000e+01;-9.8736715e-03;6.7500000e+01;5.3867295e-02;6.7500000e+01;1.3370459e-01;6.7500000e+01;2.1781790e-01;6.7500000e+01;2.6958331e-01;6.7500000e+01;2.8133231e-01;6.7500000e+01;3.2191744e-01;6.7500000e+01;3.1469876e-01;6.7500000e+01;2.4069765e-01;6.7500000e+01;1.7465049e-01;6.7500000e+01;1.2100236e-01;6.7500000e+01;7.4853629e-02;6.7500000e+01;3.2951646e-02;6.7500000e+01;-9.5695108e-03;6.7500000e+01;-5.2950248e-02;6.7500000e+01;-9.5070615e-02;6.7500000e+01;-1.3869116e-01;6.7500000e+01;-5.2848138e-02;6.7500000e+01;-9.8736715e-03;6.7500000e+01;5.3867295e-02;6.7500000e+01;1.3370459e-01;6.7500000e+01;2.1781790e-01;6.7500000e+01;2.6958331e-01;6.7500000e+01;2.8133231e-01;6.7500000e+01;3.2191744e-01;6.7500000e+01;3.1469876e-01;6.7500000e+01;2.4069765e-01;6.7500000e+01;1.7465049e-01;6.7500000e+01;1.2100236e-01;6.7500000e+01;7.4853629e-02;6.7500000e+01;3.2951646e-02;6.7500000e+01;-9.5695108e-03;6.7500000e+01;-5.2950248e-02;6.7500000e+01;-9.5070615e-02;6.7500000e+01;-1.3869116e-01;6.7500000e+01;-5.2848138e-02;6.7500000e+01;-9.8736715e-03;6.7500000e+01;5.3867295e-02;6.7500000e+01;1.3370459e-01;6.7500000e+01;2.1781790e-01;6.7500000e+01;2.6958331e-01;6.7500000e+01;2.8133231e-01;6.7500000e+01;3.2191744e-01;6.7500000e+01;3.1469876e-01;6.7500000e+01;2.4069765e-01;6.7500000e+01;1.7465049e-01;6.7500000e+01;1.2100236e-01;6.7500000e+01;7.4853629e-02;6.7500000e+01;3.2951646e-02;6.7500000e+01;-9.5695108e-03;6.7500000e+01;-5.2950248e-02;6.7500000e+01;-9.5070615e-02;6.7500000e+01;-1.3869116e-01;6.7500000e+01;-5.2848138e-02;6.7500000e+01;-9.8736715e-03;6.7500000e+01;5.3867295e-02;6.7500000e+01;1.3370459e-01;6.7500000e+01;2.1781790e-01;6.7500000e+01;2.6958331e-01;6.7500000e+01;2.8133231e-01;6.7500000e+01;3.2191744e-01;6.7500000e+01;3.1469876e-01;6.7500000e+01;2.4069765e-01;6.7500000e+01;1.7465049e-01;6.7500000e+01;1.2100236e-01;6.7500000e+01;7.4853629e-02;6.7500000e+01;3.2951646e-02;6.7500000e+01;-9.5695108e-03;6.7500000e+01;-5.2950248e-02;6.7500000e+01;-9.5070615e-02;6.7500000e+01;-1.3869116e-01;6.7500000e+01;-5.2848138e-02;6.7500000e+01;-9.8736715e-03;6.7500000e+01;5.3867295e-02;6.7500000e+01;1.3370459e-01;6.7500000e+01;2.1781790e-01;6.7500000e+01;2.6958331e-01;6.7500000e+01;2.8133231e-01;6.7500000e+01;3.2191744e-01;6.7500000e+01;3.1469876e-01;6.7500000e+01;2.4069765e-01;6.7500000e+01;1.7465049e-01;6.7500000e+01;1.2100236e-01;6.7500000e+01;7.4853629e-02;6.7500000e+01;3.2951646e-02;6.7500000e+01;-9.5695108e-03;6.7500000e+01;-5.2950248e-02;6.7500000e+01;-9.5070615e-02;6.7500000e+01;-1.3869116e-01;6.7500000e+01;-5.2848138e-02;6.7500000e+01;-9.8736715e-03;6.7500000e+01;5.3867295e-02;6.7500000e+01;1.3370459e-01;6.7500000e+01;2.1781790e-01;6.7500000e+01;2.6958331e-01;6.7500000e+01;2.8133231e-01;6.7500000e+01;3.2191744e-01;6.7500000e+01;3.1469876e-01;6.7500000e+01;2.4069765e-01;6.7500000e+01;1.7465049e-01;6.7500000e+01;1.2100236e-01;6.7500000e+01;7.4853629e-02;6.7500000e+01;3.2951646e-02;6.7500000e+01;-9.5695108e-03;6.7500000e+01;-5.2950248e-02;6.7500000e+01;-9.5070615e-02;6.7500000e+01;-1.3869116e-01;6.7500000e+01;-5.2848138e-02;6.7500000e+01;-9.8736715e-03;6.7500000e+01;5.3867295e-02;6.7500000e+01;1.3370459e-01;6.7500000e+01;2.1781790e-01;6.7500000e+01;2.6958331e-01;6.7500000e+01;2.8133231e-01;6.7500000e+01;3.2191744e-01;6.7500000e+01;3.1469876e-01;6.7500000e+01;2.4069765e-01;6.7500000e+01;1.7465049e-01;6.7500000e+01;1.2100236e-01;6.7500000e+01;7.4853629e-02;6.7500000e+01;3.2951646e-02;6.7500000e+01;-9.5695108e-03;6.7500000e+01;-5.2950248e-02;6.7500000e+01;-9.5070615e-02;6.7500000e+01;-1.3869116e-01;6.7500000e+01;-5.2848138e-02;6.7500000e+01;-9.8736715e-03;6.7500000e+01;5.3867295e-02;6.7500000e+01;1.3370459e-01;6.7500000e+01;2.1781790e-01;6.7500000e+01;2.6958331e-01;6.7500000e+01;2.8133231e-01;6.7500000e+01;3.2191744e-01;6.7500000e+01;3.1469876e-01;6.7500000e+01;2.4069765e-01;6.7500000e+01;1.7465049e-01;6.7500000e+01;1.2100236e-01;6.7500000e+01;7.4853629e-02;6.7500000e+01;3.2951646e-02;6.7500000e+01;-9.5695108e-03;6.7500000e+01;-5.2950248e-02;6.7500000e+01;-9.5070615e-02;6.7500000e+01;-1.3869116e-01;6.7500000e+01;-5.2848138e-02;6.7500000e+01;-9.8736715e-03;6.7500000e+01;5.3867295e-02;6.7500000e+01;1.3370459e-01;6.7500000e+01;2.1781790e-01;6.7500000e+01;2.6958331e-01;6.7500000e+01;2.8133231e-01;6.7500000e+01;3.2191744e-01;6.7500000e+01;3.1469876e-01;6.7500000e+01;2.4069765e-01;6.7500000e+01;1.7465049e-01;6.7500000e+01;1.2100236e-01;6.7500000e+01;7.4853629e-02;6.7500000e+01;3.2951646e-02;6.7500000e+01;-9.5695108e-03;6.7500000e+01;-5.2950248e-02;6.7500000e+01;-9.5070615e-02;6.7500000e+01;-1.3869116e-01;6.7500000e+01;-5.2848138e-02;6.7500000e+01;-9.8736715e-03;6.7500000e+01;5.3867295e-02;6.7500000e+01;1.3370459e-01;6.7500000e+01;2.1781790e-01;6.7500000e+01;2.6958331e-01;6.7500000e+01;2.8133231e-01;6.7500000e+01;3.2191744e-01;6.7500000e+01;3.1469876e-01;6.7500000e+01;2.4069765e-01;6.7500000e+01;1.7465049e-01;6.7500000e+01;1.2100236e-01;6.7500000e+01;7.4853629e-02;6.7500000e+01;3.2951646e-02;6.7500000e+01;-9.5695108e-03;6.7500000e+01;-5.2950248e-02;6.7500000e+01;-9.5070615e-02;6.7500000e+01;-1.3869116e-01;6.7500000e+01;-5.2848138e-02;6.7500000e+01;-9.8736715e-03;6.7500000e+01;5.3867295e-02;6.7500000e+01;1.3370459e-01;6.7500000e+01;2.1781790e-01;6.7500000e+01;2.6958331e-01;6.7500000e+01;2.8133231e-01;6.7500000e+01;3.2191744e-01;6.7500000e+01;3.1469876e-01;6.7500000e+01;2.4069765e-01;6.7500000e+01;1.7465049e-01;6.7500000e+01;1.2100236e-01;6.7500000e+01;7.4853629e-02;6.7500000e+01;3.2951646e-02;6.7500000e+01;-9.5695108e-03;6.7500000e+01;-5.2950248e-02;6.7500000e+01;-9.5070615e-02;6.7500000e+01;-1.3869116e-01;6.7500000e+01;-5.2848138e-02;6.7500000e+01;-9.8736715e-03;6.7500000e+01;5.3867295e-02;6.7500000e+01;1.3370459e-01;6.7500000e+01;2.1781790e-01;6.7500000e+01;2.6958331e-01;6.7500000e+01;2.8133231e-01;6.7500000e+01;3.2191744e-01;6.7500000e+01;3.1469876e-01;6.7500000e+01;2.4069765e-01;6.7500000e+01;1.7465049e-01;6.7500000e+01;1.2100236e-01;6.7500000e+01;7.4853629e-02;6.7500000e+01;3.2951646e-02;6.7500000e+01;-9.5695108e-03;6.7500000e+01;-5.2950248e-02;6.7500000e+01;-9.5070615e-02;6.7500000e+01;-1.3869116e-01;6.7500000e+01;-5.2848138e-02;6.7500000e+01;-9.8736715e-03;6.7500000e+01;5.3867295e-02;6.7500000e+01;1.3370459e-01;6.7500000e+01;2.1781790e-01;6.7500000e+01;2.6958331e-01;6.7500000e+01;2.8133231e-01;6.7500000e+01;3.2191744e-01;6.7500000e+01;3.1469876e-01;6.7500000e+01;2.4069765e-01;6.7500000e+01;1.7465049e-01;6.7500000e+01;1.2100236e-01;6.7500000e+01;7.4853629e-02;6.7500000e+01;3.2951646e-02;6.7500000e+01;-9.5695108e-03;6.7500000e+01;-5.2950248e-02;6.7500000e+01;-9.5070615e-02;6.7500000e+01;-1.3869116e-01;6.7500000e+01;-5.2848138e-02;6.7500000e+01;-9.8736715e-03;6.7500000e+01;5.3867295e-02;6.7500000e+01;1.3370459e-01;6.7500000e+01;2.1781790e-01;6.7500000e+01;2.6958331e-01;6.7500000e+01;2.8133231e-01;6.7500000e+01;3.2191744e-01;6.7500000e+01;3.1469876e-01;6.7500000e+01;2.4069765e-01;6.7500000e+01;1.7465049e-01;6.7500000e+01;1.2100236e-01;6.7500000e+01;7.4853629e-02;6.7500000e+01;3.2951646e-02;6.7500000e+01;-9.5695108e-03;6.7500000e+01;-5.2950248e-02;6.7500000e+01;-9.5070615e-02;6.7500000e+01;-1.3869116e-01;6.7500000e+01;-5.2848138e-02;6.7500000e+01;-9.8736715e-03;6.7500000e+01;5.3867295e-02;6.7500000e+01;1.3370459e-01;6.7500000e+01;2.1781790e-01;6.7500000e+01;2.6958331e-01;6.7500000e+01;2.8133231e-01;6.7500000e+01;3.2191744e-01;6.7500000e+01;3.1469876e-01;6.7500000e+01;2.4069765e-01;6.7500000e+01;1.7465049e-01;6.7500000e+01;1.2100236e-01;6.7500000e+01;7.4853629e-02;6.7500000e+01;3.2951646e-02;6.7500000e+01;-9.5695108e-03;6.7500000e+01;-5.2950248e-02;6.7500000e+01;-9.5070615e-02;6.7500000e+01;-1.3869116e-01;6.7500000e+01;-5.2848138e-02;6.7500000e+01;-9.8736715e-03;6.7500000e+01;5.3867295e-02;6.7500000e+01;1.3370459e-01;6.7500000e+01;2.1781790e-01;6.7500000e+01;2.6958331e-01;6.7500000e+01;2.8133231e-01;6.7500000e+01;3.2191744e-01;6.7500000e+01;3.1469876e-01;6.7500000e+01;2.4069765e-01;6.7500000e+01;1.7465049e-01;6.7500000e+01;1.2100236e-01;6.7500000e+01;7.4853629e-02;6.7500000e+01;3.2951646e-02;6.7500000e+01;-9.5695108e-03;6.7500000e+01;-5.2950248e-02;6.7500000e+01;-9.5070615e-02;6.7500000e+01;-1.3869116e-01;6.7500000e+01;-5.2848138e-02;6.7500000e+01;-9.8736715e-03;6.7500000e+01;5.3867295e-02;6.7500000e+01;1.3370459e-01;6.7500000e+01;2.1781790e-01;6.7500000e+01;2.6958331e-01;6.7500000e+01;2.8133231e-01;6.7500000e+01;3.2191744e-01;6.7500000e+01;3.1469876e-01;6.7500000e+01;2.4069765e-01;6.7500000e+01;1.7465049e-01;6.7500000e+01;1.2100236e-01;6.7500000e+01;7.4853629e-02;6.7500000e+01;3.2951646e-02;6.7500000e+01;-9.5695108e-03;6.7500000e+01;-5.2950248e-02;6.7500000e+01;-9.5070615e-02;6.7500000e+01;-1.3869116e-01;6.7500000e+01;-5.2848138e-02;6.7500000e+01;-9.8736715e-03;6.7500000e+01;5.3867295e-02;6.7500000e+01;1.3370459e-01;6.7500000e+01;2.1781790e-01;6.7500000e+01;2.6958331e-01;6.7500000e+01;2.8133231e-01;6.7500000e+01;3.2191744e-01;6.7500000e+01;3.1469876e-01;6.7500000e+01;2.4069765e-01;6.7500000e+01;1.7465049e-01;6.7500000e+01;1.2100236e-01;6.7500000e+01;7.4853629e-02;6.7500000e+01;3.2951646e-02;6.7500000e+01;-9.5695108e-03;6.7500000e+01;-5.2950248e-02;6.7500000e+01;-9.5070615e-02;6.7500000e+01;-1.3869116e-01;6.7500000e+01;-5.2848138e-02;6.7500000e+01;-9.8736715e-03;6.7500000e+01;5.3867295e-02;6.7500000e+01;1.3370459e-01;6.7500000e+01;2.1781790e-01;6.7500000e+01;2.6958331e-01;6.7500000e+01;2.8133231e-01;6.7500000e+01;3.2191744e-01;6.7500000e+01;3.1469876e-01;6.7500000e+01;2.4069765e-01;6.7500000e+01;1.7465049e-01;6.7500000e+01;1.2100236e-01;6.7500000e+01;7.4853629e-02;6.7500000e+01;3.2951646e-02;6.7500000e+01;-9.5695108e-03;6.7500000e+01;-5.2950248e-02;6.7500000e+01;-9.5070615e-02;6.7500000e+01;-1.3869116e-01;6.7500000e+01;-5.2848138e-02;6.7500000e+01;-9.8736715e-03;6.7500000e+01;5.3867295e-02;6.7500000e+01;1.3370459e-01;6.7500000e+01;2.1781790e-01;6.7500000e+01;2.6958331e-01;6.7500000e+01;2.8133231e-01;6.7500000e+01;3.2191744e-01;6.7500000e+01;3.1469876e-01;6.7500000e+01;2.4069765e-01;6.7500000e+01;1.7465049e-01;6.7500000e+01;1.2100236e-01;6.7500000e+01;7.4853629e-02;6.7500000e+01;3.2951646e-02;6.7500000e+01;-9.5695108e-03;6.7500000e+01;-5.2950248e-02;6.7500000e+01;-9.5070615e-02;6.7500000e+01;-1.3869116e-01;6.7500000e+01;-5.2848138e-02;6.7500000e+01;-9.8736715e-03;6.7500000e+01;5.3867295e-02;6.7500000e+01;1.3370459e-01;6.7500000e+01;2.1781790e-01;6.7500000e+01;2.6958331e-01;6.7500000e+01;2.8133231e-01;6.7500000e+01;3.2191744e-01;6.7500000e+01;3.1469876e-01;6.7500000e+01;2.4069765e-01;6.7500000e+01;1.7465049e-01;6.7500000e+01;1.2100236e-01;6.7500000e+01;7.4853629e-02;6.7500000e+01;3.2951646e-02;6.7500000e+01;-9.5695108e-03;6.7500000e+01;-5.2950248e-02;6.7500000e+01;-9.5070615e-02;6.7500000e+01;-1.3869116e-01;6.7500000e+01;-5.2848138e-02;6.7500000e+01;-9.8736715e-03;6.7500000e+01;5.3867295e-02;6.7500000e+01;1.3370459e-01;6.7500000e+01;2.1781790e-01;6.7500000e+01;2.6958331e-01;6.7500000e+01;2.8133231e-01;6.7500000e+01;3.2191744e-01;6.7500000e+01;3.1469876e-01;6.7500000e+01;2.4069765e-01;6.7500000e+01;1.7465049e-01;6.7500000e+01;1.2100236e-01;6.7500000e+01;7.4853629e-02;6.7500000e+01;3.2951646e-02;6.7500000e+01;-9.5695108e-03;6.7500000e+01;-5.2950248e-02;6.7500000e+01;-9.5070615e-02;6.7500000e+01;-1.3869116e-01;6.7500000e+01;-5.2848138e-02;6.7500000e+01;-9.8736715e-03;6.7500000e+01;5.3867295e-02;6.7500000e+01;1.3370459e-01;6.7500000e+01;2.1781790e-01;6.7500000e+01;2.6958331e-01;6.7500000e+01;2.8133231e-01;6.7500000e+01;3.2191744e-01;6.7500000e+01;3.1469876e-01;6.7500000e+01;2.4069765e-01;6.7500000e+01;1.7465049e-01;6.7500000e+01;1.2100236e-01;6.7500000e+01;7.4853629e-02;6.7500000e+01;3.2951646e-02;6.7500000e+01;-9.5695108e-03;6.7500000e+01;-5.2950248e-02;6.7500000e+01;-9.5070615e-02;6.7500000e+01;-1.3869116e-01;6.7500000e+01;-5.2848138e-02;6.7500000e+01;-9.8736715e-03;6.7500000e+01;5.3867295e-02;6.7500000e+01;1.3370459e-01;6.7500000e+01;2.1781790e-01;6.7500000e+01;2.6958331e-01;6.7500000e+01;2.8133231e-01;6.7500000e+01;3.2191744e-01;6.7500000e+01;3.1469876e-01;6.7500000e+01;2.4069765e-01;6.7500000e+01;1.7465049e-01;6.7500000e+01;1.2100236e-01;6.7500000e+01;7.4853629e-02;6.7500000e+01;3.2951646e-02;6.7500000e+01;-9.5695108e-03;6.7500000e+01;-5.2950248e-02;6.7500000e+01;-9.5070615e-02;6.7500000e+01;-1.3869116e-01;6.7500000e+01;-5.2848138e-02;6.7500000e+01;-9.8736715e-03;6.7500000e+01;5.3867295e-02;6.7500000e+01;1.3370459e-01;6.7500000e+01;2.1781790e-01;6.7500000e+01;2.6958331e-01;6.7500000e+01;2.8133231e-01;6.7500000e+01;3.2191744e-01;6.7500000e+01;3.1469876e-01;6.7500000e+01;2.4069765e-01;6.7500000e+01;1.7465049e-01;6.7500000e+01;1.2100236e-01;6.7500000e+01;7.4853629e-02;6.7500000e+01;3.2951646e-02;6.7500000e+01;-9.5695108e-03;6.7500000e+01;-5.2950248e-02;6.7500000e+01;-9.5070615e-02;6.7500000e+01;-1.3869116e-01;6.7500000e+01;-5.2848138e-02;6.7500000e+01;-9.8736715e-03;6.7500000e+01;5.3867295e-02;6.7500000e+01;1.3370459e-01;6.7500000e+01;2.1781790e-01;6.7500000e+01;2.6958331e-01;6.7500000e+01;2.8133231e-01;6.7500000e+01;3.2191744e-01;6.7500000e+01;3.1469876e-01;6.7500000e+01;2.4069765e-01;6.7500000e+01;1.7465049e-01;6.7500000e+01;1.2100236e-01;6.7500000e+01;7.4853629e-02;6.7500000e+01;3.2951646e-02;6.7500000e+01;-9.5695108e-03;6.7500000e+01;-5.2950248e-02;6.7500000e+01;-9.5070615e-02;6.7500000e+01;-1.3869116e-01;6.7500000e+01;-5.2848138e-02;6.7500000e+01;-9.8736715e-03;6.7500000e+01;5.3867295e-02;6.7500000e+01;1.3370459e-01;6.7500000e+01;2.1781790e-01;6.7500000e+01;2.6958331e-01;6.7500000e+01;2.8133231e-01;6.7500000e+01;3.2191744e-01;6.7500000e+01;3.1469876e-01;6.7500000e+01;2.4069765e-01;6.7500000e+01;1.7465049e-01;6.7500000e+01;1.2100236e-01;6.7500000e+01;7.4853629e-02;6.7500000e+01;3.2951646e-02;6.7500000e+01;-9.5695108e-03;6.7500000e+01;-5.2950248e-02;6.7500000e+01;-9.5070615e-02;6.7500000e+01;-1.3869116e-01;6.7500000e+01;-5.2848138e-02;6.7500000e+01;-9.8736715e-03;6.7500000e+01;5.3867295e-02;6.7500000e+01;1.3370459e-01;6.7500000e+01;2.1781790e-01;6.7500000e+01;2.6958331e-01;6.7500000e+01;2.8133231e-01;6.7500000e+01;3.2191744e-01;6.7500000e+01;3.1469876e-01;6.7500000e+01;2.4069765e-01;6.7500000e+01;1.7465049e-01;6.7500000e+01;1.2100236e-01;6.7500000e+01;7.4853629e-02;6.7500000e+01;3.2951646e-02;6.7500000e+01;-9.5695108e-03;6.7500000e+01;-5.2950248e-02;6.7500000e+01;-9.5070615e-02;6.7500000e+01;-1.3869116e-01;6.7500000e+01;-5.2848138e-02;6.7500000e+01;-9.8736715e-03;6.7500000e+01;5.3867295e-02;6.7500000e+01;1.3370459e-01;6.7500000e+01;2.1781790e-01;6.7500000e+01;2.6958331e-01;6.7500000e+01;2.8133231e-01;6.7500000e+01;3.2191744e-01;6.7500000e+01;3.1469876e-01;6.7500000e+01;2.4069765e-01;6.7500000e+01;1.7465049e-01;6.7500000e+01;1.2100236e-01;6.7500000e+01;7.4853629e-02;6.7500000e+01;3.2951646e-02;6.7500000e+01;-9.5695108e-03;6.7500000e+01;-5.2950248e-02;6.7500000e+01;-9.5070615e-02;6.7500000e+01;-1.3869116e-01;6.7500000e+01;-5.2848138e-02;6.7500000e+01;-9.8736715e-03;6.7500000e+01;5.3867295e-02;6.7500000e+01;1.3370459e-01;6.7500000e+01;2.1781790e-01;6.7500000e+01;2.6958331e-01;6.7500000e+01;2.8133231e-01;6.7500000e+01;3.2191744e-01;6.7500000e+01;3.1469876e-01;6.7500000e+01;2.4069765e-01;6.7500000e+01;1.7465049e-01;6.7500000e+01;1.2100236e-01;6.7500000e+01;7.4853629e-02;6.7500000e+01;3.2951646e-02;6.7500000e+01;-9.5695108e-03;6.7500000e+01;-5.2950248e-02;6.7500000e+01;-9.5070615e-02;6.7500000e+01;-1.3869116e-01;6.7500000e+01;-5.2848138e-02;6.7500000e+01;-9.8736715e-03;6.7500000e+01;5.3867295e-02;6.7500000e+01;1.3370459e-01;6.7500000e+01;2.1781790e-01;6.7500000e+01;2.6958331e-01;6.7500000e+01;2.8133231e-01;6.7500000e+01;3.2191744e-01;6.7500000e+01;3.1469876e-01;6.7500000e+01;2.4069765e-01;6.7500000e+01;1.7465049e-01;6.7500000e+01;1.2100236e-01;6.7500000e+01;7.4853629e-02;6.7500000e+01;3.2951646e-02;6.7500000e+01;-9.5695108e-03;6.7500000e+01;-5.2950248e-02;6.7500000e+01;-9.5070615e-02;6.7500000e+01;-1.3869116e-01;6.7500000e+01;-5.2848138e-02;6.7500000e+01;-9.8736715e-03;6.7500000e+01;5.3867295e-02;6.7500000e+01;1.3370459e-01;6.7500000e+01;2.1781790e-01;6.7500000e+01;2.6958331e-01;6.7500000e+01;2.8133231e-01;6.7500000e+01;3.2191744e-01;6.7500000e+01;3.1469876e-01;6.7500000e+01;2.4069765e-01;6.7500000e+01;1.7465049e-01;6.7500000e+01;1.2100236e-01;6.7500000e+01;7.4853629e-02;6.7500000e+01;3.2951646e-02;6.7500000e+01;-9.5695108e-03;6.7500000e+01;-5.2950248e-02;6.7500000e+01;-9.5070615e-02;6.7500000e+01;-1.3869116e-01;6.7500000e+01;-5.2848138e-02;6.7500000e+01;-9.8736715e-03;6.7500000e+01;5.3867295e-02;6.7500000e+01;1.3370459e-01;6.7500000e+01;2.1781790e-01;6.7500000e+01;2.6958331e-01;6.7500000e+01;2.8133231e-01;6.7500000e+01;3.2191744e-01;6.7500000e+01;3.1469876e-01;6.7500000e+01;2.4069765e-01;6.7500000e+01;1.7465049e-01;6.7500000e+01;1.2100236e-01;6.7500000e+01;7.4853629e-02;6.7500000e+01;3.2951646e-02;6.7500000e+01;-9.5695108e-03;6.7500000e+01;-5.2950248e-02;6.7500000e+01;-9.5070615e-02;6.7500000e+01;-1.3869116e-01;6.7500000e+01;-5.2848138e-02;6.7500000e+01;-9.8736715e-03;6.7500000e+01;5.3867295e-02;6.7500000e+01;1.3370459e-01;6.7500000e+01;2.1781790e-01;6.7500000e+01;2.6958331e-01;6.7500000e+01;2.8133231e-01;6.7500000e+01;3.2191744e-01;6.7500000e+01;3.1469876e-01;6.7500000e+01;2.4069765e-01;6.7500000e+01;1.7465049e-01;6.7500000e+01;1.2100236e-01;6.7500000e+01;7.4853629e-02;6.7500000e+01;3.2951646e-02;6.7500000e+01;-9.5695108e-03;6.7500000e+01;-5.2950248e-02;6.7500000e+01;-9.5070615e-02;6.7500000e+01;-1.3869116e-01;6.7500000e+01;-5.2848138e-02;6.7500000e+01;-9.8736715e-03;6.7500000e+01;5.3867295e-02;6.7500000e+01;1.3370459e-01;6.7500000e+01;2.1781790e-01;6.7500000e+01;2.6958331e-01;6.7500000e+01;2.8133231e-01;6.7500000e+01;3.2191744e-01;6.7500000e+01;3.1469876e-01;6.7500000e+01;2.4069765e-01;6.7500000e+01;1.7465049e-01;6.7500000e+01;1.2100236e-01;6.7500000e+01;7.4853629e-02;6.7500000e+01;3.2951646e-02;6.7500000e+01;-9.5695108e-03;6.7500000e+01;-5.2950248e-02;6.7500000e+01;-9.5070615e-02;6.7500000e+01;-1.3869116e-01;6.7500000e+01;-5.2848138e-02;6.7500000e+01;-9.8736715e-03;6.7500000e+01;5.3867295e-02;6.7500000e+01;1.3370459e-01;6.7500000e+01;2.1781790e-01;6.7500000e+01;2.6958331e-01;6.7500000e+01;2.8133231e-01;6.7500000e+01;3.2191744e-01;6.7500000e+01;3.1469876e-01;6.7500000e+01;2.4069765e-01;6.7500000e+01;1.7465049e-01;6.7500000e+01;1.2100236e-01;6.7500000e+01;7.4853629e-02;6.7500000e+01;3.2951646e-02;6.7500000e+01;-9.5695108e-03;6.7500000e+01;-5.2950248e-02;6.7500000e+01;-9.5070615e-02;6.7500000e+01;-1.3869116e-01;6.7500000e+01;-5.2848138e-02;6.7500000e+01;-9.8736715e-03;6.7500000e+01;5.3867295e-02;6.7500000e+01;1.3370459e-01;6.7500000e+01;2.1781790e-01;6.7500000e+01;2.6958331e-01;6.7500000e+01;2.8133231e-01;6.7500000e+01;3.2191744e-01;6.7500000e+01;3.1469876e-01;6.7500000e+01;2.4069765e-01;6.7500000e+01;1.7465049e-01;6.7500000e+01;1.2100236e-01;6.7500000e+01;7.4853629e-02;6.7500000e+01;3.2951646e-02;6.7500000e+01;-9.5695108e-03;6.7500000e+01;-5.2950248e-02;6.7500000e+01;-9.5070615e-02;6.7500000e+01;-1.3869116e-01;6.7500000e+01;-5.2848138e-02;6.7500000e+01;-9.8736715e-03;6.7500000e+01;5.3867295e-02;6.7500000e+01;1.3370459e-01;6.7500000e+01;2.1781790e-01;6.7500000e+01;2.6958331e-01;6.7500000e+01;2.8133231e-01;6.7500000e+01;3.2191744e-01;6.7500000e+01;3.1469876e-01;6.7500000e+01;2.4069765e-01;6.7500000e+01;1.7465049e-01;6.7500000e+01;1.2100236e-01;6.7500000e+01;7.4853629e-02;6.7500000e+01;3.2951646e-02;6.7500000e+01;-9.5695108e-03;6.7500000e+01;-5.2950248e-02;6.7500000e+01;-9.5070615e-02;6.7500000e+01;-1.3869116e-01;6.7500000e+01;-5.2848138e-02;6.7500000e+01;-9.8736715e-03;6.7500000e+01;5.3867295e-02;6.7500000e+01;1.3370459e-01;6.7500000e+01;2.1781790e-01;6.7500000e+01;2.6958331e-01;6.7500000e+01;2.8133231e-01;6.7500000e+01;3.2191744e-01;6.7500000e+01;3.1469876e-01;6.7500000e+01;2.4069765e-01;6.7500000e+01;1.7465049e-01;6.7500000e+01;1.2100236e-01;6.7500000e+01;7.4853629e-02;6.7500000e+01;3.2951646e-02;6.7500000e+01;-9.5695108e-03;6.7500000e+01;-5.2950248e-02;6.7500000e+01;-9.5070615e-02;6.7500000e+01;-1.3869116e-01;6.7500000e+01;-5.2848138e-02;6.7500000e+01;-9.8736715e-03;6.7500000e+01;5.3867295e-02;6.7500000e+01;1.3370459e-01;6.7500000e+01;2.1781790e-01;6.7500000e+01;2.6958331e-01;6.7500000e+01;2.8133231e-01;6.7500000e+01;3.2191744e-01;6.7500000e+01;3.1469876e-01;6.7500000e+01;2.4069765e-01;6.7500000e+01;1.7465049e-01;6.7500000e+01;1.2100236e-01;6.7500000e+01;7.4853629e-02;6.7500000e+01;3.2951646e-02;6.7500000e+01;-9.5695108e-03;6.7500000e+01;-5.2950248e-02;6.7500000e+01;-9.5070615e-02;6.7500000e+01;-1.3869116e-01;6.7500000e+01;-5.2848138e-02;6.7500000e+01;-9.8736715e-03;6.7500000e+01;5.3867295e-02;6.7500000e+01;1.3370459e-01;6.7500000e+01;2.1781790e-01;6.7500000e+01;2.6958331e-01;6.7500000e+01;2.8133231e-01;6.7500000e+01;3.2191744e-01;6.7500000e+01;3.1469876e-01;6.7500000e+01;2.4069765e-01;6.7500000e+01;1.7465049e-01;6.7500000e+01;1.2100236e-01;6.7500000e+01;7.4853629e-02;6.7500000e+01;3.2951646e-02;6.7500000e+01;-9.5695108e-03;6.7500000e+01;-5.2950248e-02;6.7500000e+01;-9.5070615e-02;6.7500000e+01;-1.3869116e-01;6.7500000e+01;-5.2848138e-02;6.7500000e+01;-9.8736715e-03;6.7500000e+01;5.3867295e-02;6.7500000e+01;1.3370459e-01;6.7500000e+01;2.1781790e-01;6.7500000e+01;2.6958331e-01;6.7500000e+01;2.8133231e-01;6.7500000e+01;3.2191744e-01;6.7500000e+01;3.1469876e-01;6.7500000e+01;2.4069765e-01;6.7500000e+01;1.7465049e-01;6.7500000e+01;1.2100236e-01;6.7500000e+01;7.4853629e-02;6.7500000e+01;3.2951646e-02;6.7500000e+01;-9.5695108e-03;6.7500000e+01;-5.2950248e-02;6.7500000e+01;-9.5070615e-02;6.7500000e+01;-1.3869116e-01;6.7500000e+01;-5.2848138e-02;6.7500000e+01;-9.8736715e-03;6.7500000e+01;5.3867295e-02;6.7500000e+01;1.3370459e-01;6.7500000e+01;2.1781790e-01;6.7500000e+01;2.6958331e-01;6.7500000e+01;2.8133231e-01;6.7500000e+01;3.2191744e-01;6.7500000e+01;3.1469876e-01;6.7500000e+01;2.4069765e-01;6.7500000e+01;1.7465049e-01;6.7500000e+01;1.2100236e-01;6.7500000e+01;7.4853629e-02;6.7500000e+01;3.2951646e-02;6.7500000e+01;-9.5695108e-03;6.7500000e+01;-5.2950248e-02;6.7500000e+01;-9.5070615e-02;6.7500000e+01;-1.3869116e-01;6.7500000e+01;-5.2848138e-02;6.7500000e+01;-9.8736715e-03;6.7500000e+01;5.3867295e-02;6.7500000e+01;1.3370459e-01;6.7500000e+01;2.1781790e-01;6.7500000e+01;2.6958331e-01;6.7500000e+01;2.8133231e-01;6.7500000e+01;3.2191744e-01;6.7500000e+01;3.1469876e-01;6.7500000e+01;2.4069765e-01;6.7500000e+01;1.7465049e-01;6.7500000e+01;1.2100236e-01;6.7500000e+01;7.4853629e-02;6.7500000e+01;3.2951646e-02;6.7500000e+01;-9.5695108e-03;6.7500000e+01;-5.2950248e-02;6.7500000e+01;-9.5070615e-02;6.7500000e+01;-1.3869116e-01;6.7500000e+01;-5.2848138e-02;6.7500000e+01;-9.8736715e-03;6.7500000e+01;5.3867295e-02;6.7500000e+01;1.3370459e-01;6.7500000e+01;2.1781790e-01;6.7500000e+01;2.6958331e-01;6.7500000e+01;2.8133231e-01;6.7500000e+01;3.2191744e-01;6.7500000e+01;3.1469876e-01;6.7500000e+01;2.4069765e-01;6.7500000e+01;1.7465049e-01;6.7500000e+01;1.2100236e-01;6.7500000e+01;7.4853629e-02;6.7500000e+01;3.2951646e-02;6.7500000e+01;-9.5695108e-03;6.7500000e+01;-5.2950248e-02;6.7500000e+01;-9.5070615e-02;6.7500000e+01;-1.3869116e-01;6.7500000e+01;-5.2848138e-02;6.7500000e+01;-9.8736715e-03;6.7500000e+01;5.3867295e-02;6.7500000e+01;1.3370459e-01;6.7500000e+01;2.1781790e-01;6.7500000e+01;2.6958331e-01;6.7500000e+01;2.8133231e-01;6.7500000e+01;3.2191744e-01;6.7500000e+01;3.1469876e-01;6.7500000e+01;2.4069765e-01;6.7500000e+01;1.7465049e-01;6.7500000e+01;1.2100236e-01;6.7500000e+01;7.4853629e-02;6.7500000e+01;3.2951646e-02;6.7500000e+01;-9.5695108e-03;6.7500000e+01;-5.2950248e-02;6.7500000e+01;-9.5070615e-02;6.7500000e+01;-1.3869116e-01;6.7500000e+01;-5.2848138e-02;6.7500000e+01;-9.8736715e-03;6.7500000e+01;5.3867295e-02;6.7500000e+01;1.3370459e-01;6.7500000e+01;2.1781790e-01;6.7500000e+01;2.6958331e-01;6.7500000e+01;2.8133231e-01;6.7500000e+01;3.2191744e-01;6.7500000e+01;3.1469876e-01;6.7500000e+01;2.4069765e-01;6.7500000e+01;1.7465049e-01;6.7500000e+01;1.2100236e-01;6.7500000e+01;7.4853629e-02;6.7500000e+01;3.2951646e-02;6.7500000e+01;-9.5695108e-03;6.7500000e+01;-5.2950248e-02;6.7500000e+01;-9.5070615e-02;6.7500000e+01;-1.3869116e-01;6.7500000e+01;-5.2848138e-02;6.7500000e+01;-9.8736715e-03;6.7500000e+01;5.3867295e-02;6.7500000e+01;1.3370459e-01;6.7500000e+01;2.1781790e-01;6.7500000e+01;2.6958331e-01;6.7500000e+01;2.8133231e-01;6.7500000e+01;3.2191744e-01;6.7500000e+01;3.1469876e-01;6.7500000e+01;2.4069765e-01;6.7500000e+01;1.7465049e-01;6.7500000e+01;1.2100236e-01;6.7500000e+01;7.4853629e-02;6.7500000e+01;3.2951646e-02;6.7500000e+01;-9.5695108e-03;6.7500000e+01;-5.2950248e-02;6.7500000e+01;-9.5070615e-02;6.7500000e+01;-1.3869116e-01;6.7500000e+01;-5.2848138e-02;6.7500000e+01;-9.8736715e-03;6.7500000e+01;5.3867295e-02;6.7500000e+01;1.3370459e-01;6.7500000e+01;2.1781790e-01;6.7500000e+01;2.6958331e-01;6.7500000e+01;2.8133231e-01;6.7500000e+01;3.2191744e-01;6.7500000e+01;3.1469876e-01;6.7500000e+01;2.4069765e-01;6.7500000e+01;1.7465049e-01;6.7500000e+01;1.2100236e-01;6.7500000e+01;7.4853629e-02;6.7500000e+01;3.2951646e-02;6.7500000e+01;-9.5695108e-03;6.7500000e+01;-5.2950248e-02;6.7500000e+01;-9.5070615e-02;6.7500000e+01;-1.3869116e-01;6.7500000e+01;-5.2848138e-02;6.7500000e+01;-9.8736715e-03;6.7500000e+01;5.3867295e-02;6.7500000e+01;1.3370459e-01;6.7500000e+01;2.1781790e-01;6.7500000e+01;2.6958331e-01;6.7500000e+01;2.8133231e-01;6.7500000e+01;3.2191744e-01;6.7500000e+01;3.1469876e-01;6.7500000e+01;2.4069765e-01;6.7500000e+01;1.7465049e-01;6.7500000e+01;1.2100236e-01;6.7500000e+01;7.4853629e-02;6.7500000e+01;3.2951646e-02;6.7500000e+01;-9.5695108e-03;6.7500000e+01;-5.2950248e-02;6.7500000e+01;-9.5070615e-02;6.7500000e+01;-1.3869116e-01;6.7500000e+01;-5.2848138e-02;6.7500000e+01;-9.8736715e-03;6.7500000e+01;5.3867295e-02;6.7500000e+01;1.3370459e-01;6.7500000e+01;2.1781790e-01;6.7500000e+01;2.6958331e-01;6.7500000e+01;2.8133231e-01;6.7500000e+01;3.2191744e-01;6.7500000e+01;3.1469876e-01;6.7500000e+01;2.4069765e-01;6.7500000e+01;1.7465049e-01;6.7500000e+01;1.2100236e-01;6.7500000e+01;7.4853629e-02;6.7500000e+01;3.2951646e-02;6.7500000e+01;-9.5695108e-03;6.7500000e+01;-5.2950248e-02;6.7500000e+01;-9.5070615e-02;6.7500000e+01;-1.3869116e-01;6.7500000e+01;-5.2848138e-02;6.7500000e+01;-9.8736715e-03;6.7500000e+01;5.3867295e-02;6.7500000e+01;1.3370459e-01;6.7500000e+01;2.1781790e-01;6.7500000e+01;2.6958331e-01;6.7500000e+01;2.8133231e-01;6.7500000e+01;3.2191744e-01;6.7500000e+01;3.1469876e-01;6.7500000e+01;2.4069765e-01;6.7500000e+01;1.7465049e-01;6.7500000e+01;1.2100236e-01;6.7500000e+01;7.4853629e-02;6.7500000e+01;3.2951646e-02;6.7500000e+01;-9.5695108e-03;6.7500000e+01;-5.2950248e-02;6.7500000e+01;-9.5070615e-02;6.7500000e+01;-1.3869116e-01;6.7500000e+01;-5.2848138e-02;6.7500000e+01;-9.8736715e-03;6.7500000e+01;5.3867295e-02;6.7500000e+01;1.3370459e-01;6.7500000e+01;2.1781790e-01;6.7500000e+01;2.6958331e-01;6.7500000e+01;2.8133231e-01;6.7500000e+01;3.2191744e-01;6.7500000e+01;3.1469876e-01;6.7500000e+01;2.4069765e-01;6.7500000e+01;1.7465049e-01;6.7500000e+01;1.2100236e-01;6.7500000e+01;7.4853629e-02;6.7500000e+01;3.2951646e-02;6.7500000e+01;-9.5695108e-03;6.7500000e+01;-5.2950248e-02;6.7500000e+01;-9.5070615e-02;6.7500000e+01;-1.3869116e-01;6.7500000e+01;-5.2848138e-02;6.7500000e+01;-9.8736715e-03;6.7500000e+01;5.3867295e-02;6.7500000e+01;1.3370459e-01;6.7500000e+01;2.1781790e-01;6.7500000e+01;2.6958331e-01;6.7500000e+01;2.8133231e-01;6.7500000e+01;3.2191744e-01;6.7500000e+01;3.1469876e-01;6.7500000e+01;2.4069765e-01;6.7500000e+01;1.7465049e-01;6.7500000e+01;1.2100236e-01;6.7500000e+01;7.4853629e-02;6.7500000e+01;3.2951646e-02;6.7500000e+01;-9.5695108e-03;6.7500000e+01;-5.2950248e-02;6.7500000e+01;-9.5070615e-02;6.7500000e+01;-1.3869116e-01;6.7500000e+01;-5.2848138e-02;6.7500000e+01;-9.8736715e-03;6.7500000e+01;5.3867295e-02;6.7500000e+01;1.3370459e-01;6.7500000e+01;2.1781790e-01;6.7500000e+01;2.6958331e-01;6.7500000e+01;2.8133231e-01;6.7500000e+01;3.2191744e-01;6.7500000e+01;3.1469876e-01;6.7500000e+01;2.4069765e-01;6.7500000e+01;1.7465049e-01;6.7500000e+01;1.2100236e-01;6.7500000e+01;7.4853629e-02;6.7500000e+01;3.2951646e-02;6.7500000e+01;-9.5695108e-03;6.7500000e+01;-5.2950248e-02;6.7500000e+01;-9.5070615e-02;6.7500000e+01;-1.3869116e-01;6.7500000e+01;-5.2848138e-02;6.7500000e+01;-9.8736715e-03;6.7500000e+01;5.3867295e-02;6.7500000e+01;1.3370459e-01;6.7500000e+01;2.1781790e-01;6.7500000e+01;2.6958331e-01;6.7500000e+01;2.8133231e-01;6.7500000e+01;3.2191744e-01;6.7500000e+01;3.1469876e-01;6.7500000e+01;2.4069765e-01;6.7500000e+01;1.7465049e-01;6.7500000e+01;1.2100236e-01;6.7500000e+01;7.4853629e-02;6.7500000e+01;3.2951646e-02;6.7500000e+01;-9.5695108e-03;6.7500000e+01;-5.2950248e-02;6.7500000e+01;-9.5070615e-02;6.7500000e+01;-1.3869116e-01;6.7500000e+01;-5.2848138e-02;6.7500000e+01;-9.8736715e-03;6.7500000e+01;5.3867295e-02;6.7500000e+01;1.3370459e-01;6.7500000e+01;2.1781790e-01;6.7500000e+01;2.6958331e-01;6.7500000e+01;2.8133231e-01;6.7500000e+01;3.2191744e-01;6.7500000e+01;3.1469876e-01;6.7500000e+01;2.4069765e-01;6.7500000e+01;1.7465049e-01;6.7500000e+01;1.2100236e-01;6.7500000e+01;7.4853629e-02;6.7500000e+01;3.2951646e-02;6.7500000e+01;-9.5695108e-03;6.7500000e+01;-5.2950248e-02;6.7500000e+01;-9.5070615e-02;6.7500000e+01;-1.3869116e-01;6.7500000e+01;-5.2848138e-02;6.7500000e+01;-9.8736715e-03;6.7500000e+01;5.3867295e-02;6.7500000e+01;1.3370459e-01;6.7500000e+01;2.1781790e-01;6.7500000e+01;2.6958331e-01;6.7500000e+01;2.8133231e-01;6.7500000e+01;3.2191744e-01;6.7500000e+01;3.1469876e-01;6.7500000e+01;2.4069765e-01;6.7500000e+01;1.7465049e-01;6.7500000e+01;1.2100236e-01;6.7500000e+01;7.4853629e-02;6.7500000e+01;3.2951646e-02;6.7500000e+01;-9.5695108e-03;6.7500000e+01;-5.2950248e-02;6.7500000e+01;-9.5070615e-02;6.7500000e+01;-1.3869116e-01;6.7500000e+01;-5.2848138e-02;6.7500000e+01;-9.8736715e-03;6.7500000e+01;5.3867295e-02;6.7500000e+01;1.3370459e-01;6.7500000e+01;2.1781790e-01;6.7500000e+01;2.6958331e-01;6.7500000e+01;2.8133231e-01;6.7500000e+01;3.2191744e-01;6.7500000e+01;3.1469876e-01;6.7500000e+01;2.4069765e-01;6.7500000e+01;1.7465049e-01;6.7500000e+01;1.2100236e-01;6.7500000e+01;7.4853629e-02;6.7500000e+01;3.2951646e-02;6.7500000e+01;-9.5695108e-03;6.7500000e+01;-5.2950248e-02;6.7500000e+01;-9.5070615e-02;6.7500000e+01;-1.3869116e-01;6.7500000e+01;-5.2848138e-02;6.7500000e+01;-9.8736715e-03;6.7500000e+01;5.3867295e-02;6.7500000e+01;1.3370459e-01;6.7500000e+01;2.1781790e-01;6.7500000e+01;2.6958331e-01;6.7500000e+01;2.8133231e-01;6.7500000e+01;3.2191744e-01;6.7500000e+01;3.1469876e-01;6.7500000e+01;2.4069765e-01;6.7500000e+01;1.7465049e-01;6.7500000e+01;1.2100236e-01;6.7500000e+01;7.4853629e-02;6.7500000e+01;3.2951646e-02;6.7500000e+01;-9.5695108e-03;6.7500000e+01;-5.2950248e-02;6.7500000e+01;-9.5070615e-02;6.7500000e+01;-1.3869116e-01;6.7500000e+01;-5.2848138e-02;6.7500000e+01;-9.8736715e-03;6.7500000e+01;5.3867295e-02;6.7500000e+01;1.3370459e-01;6.7500000e+01;2.1781790e-01;6.7500000e+01;2.6958331e-01;6.7500000e+01;2.8133231e-01;6.7500000e+01;3.2191744e-01;6.7500000e+01;3.1469876e-01;6.7500000e+01;2.4069765e-01;6.7500000e+01;1.7465049e-01;6.7500000e+01;1.2100236e-01;6.7500000e+01;7.4853629e-02;6.7500000e+01;3.2951646e-02;6.7500000e+01;-9.5695108e-03;6.7500000e+01;-5.2950248e-02;6.7500000e+01;-9.5070615e-02;6.7500000e+01;-1.3869116e-01;6.7500000e+01;-5.2848138e-02;6.7500000e+01;-9.8736715e-03;6.7500000e+01;5.3867295e-02;6.7500000e+01;1.3370459e-01;6.7500000e+01;2.1781790e-01;6.7500000e+01;2.6958331e-01;6.7500000e+01;2.8133231e-01;6.7500000e+01;3.2191744e-01;6.7500000e+01;3.1469876e-01;6.7500000e+01;2.4069765e-01;6.7500000e+01;1.7465049e-01;6.7500000e+01;1.2100236e-01;6.7500000e+01;7.4853629e-02;6.7500000e+01;3.2951646e-02;6.7500000e+01;-9.5695108e-03;6.7500000e+01;-5.2950248e-02;6.7500000e+01;-9.5070615e-02;6.7500000e+01;-1.3869116e-01;6.7500000e+01;-5.2848138e-02;6.7500000e+01;-9.8736715e-03;6.7500000e+01;5.3867295e-02;6.7500000e+01;1.3370459e-01;6.7500000e+01;2.1781790e-01;6.7500000e+01;2.6958331e-01;6.7500000e+01;2.8133231e-01;6.7500000e+01;3.2191744e-01;6.7500000e+01;3.1469876e-01;6.7500000e+01;2.4069765e-01;6.7500000e+01;1.7465049e-01;6.7500000e+01;1.2100236e-01;6.7500000e+01;7.4853629e-02;6.7500000e+01;3.2951646e-02;6.7500000e+01;-9.5695108e-03;6.7500000e+01;-5.2950248e-02;6.7500000e+01;-9.5070615e-02;6.7500000e+01;-1.3869116e-01;6.7500000e+01;-5.2848138e-02;6.7500000e+01;-9.8736715e-03;6.7500000e+01;5.3867295e-02;6.7500000e+01;1.3370459e-01;6.7500000e+01;2.1781790e-01;6.7500000e+01;2.6958331e-01;6.7500000e+01;2.8133231e-01;6.7500000e+01;3.2191744e-01;6.7500000e+01;3.1469876e-01;6.7500000e+01;2.4069765e-01;6.7500000e+01;1.7465049e-01;6.7500000e+01;1.2100236e-01;6.7500000e+01;7.4853629e-02;6.7500000e+01;3.2951646e-02;6.7500000e+01;-9.5695108e-03;6.7500000e+01;-5.2950248e-02;6.7500000e+01;-9.5070615e-02;6.7500000e+01;-1.3869116e-01;6.7500000e+01;-5.2848138e-02;6.7500000e+01;-9.8736715e-03;6.7500000e+01;5.3867295e-02;6.7500000e+01;1.3370459e-01;6.7500000e+01;2.1781790e-01;6.7500000e+01;2.6958331e-01;6.7500000e+01;2.8133231e-01;6.7500000e+01;3.2191744e-01;6.7500000e+01;3.1469876e-01;6.7500000e+01;2.4069765e-01;6.7500000e+01;1.7465049e-01;6.7500000e+01;1.2100236e-01;6.7500000e+01;7.4853629e-02;6.7500000e+01;3.2951646e-02;6.7500000e+01;-9.5695108e-03;6.7500000e+01;-5.2950248e-02;6.7500000e+01;-9.5070615e-02;6.7500000e+01;-1.3869116e-01;6.7500000e+01;-5.2848138e-02;6.7500000e+01;-9.8736715e-03;6.7500000e+01;5.3867295e-02;6.7500000e+01;1.3370459e-01;6.7500000e+01;2.1781790e-01;6.7500000e+01;2.6958331e-01;6.7500000e+01;2.8133231e-01;6.7500000e+01;3.2191744e-01;6.7500000e+01;3.1469876e-01;6.7500000e+01;2.4069765e-01;6.7500000e+01;1.7465049e-01;6.7500000e+01;1.2100236e-01;6.7500000e+01;7.4853629e-02;6.7500000e+01;3.2951646e-02;6.7500000e+01;-9.5695108e-03;6.7500000e+01;-5.2950248e-02;6.7500000e+01;-9.5070615e-02;6.7500000e+01;-1.3869116e-01;6.7500000e+01;-5.2848138e-02;6.7500000e+01;-9.8736715e-03;6.7500000e+01;5.3867295e-02;6.7500000e+01;1.3370459e-01;6.7500000e+01;2.1781790e-01;6.7500000e+01;2.6958331e-01;6.7500000e+01;2.8133231e-01;6.7500000e+01;3.2191744e-01;6.7500000e+01;3.1469876e-01;6.7500000e+01;2.4069765e-01;6.7500000e+01;1.7465049e-01;6.7500000e+01;1.2100236e-01;6.7500000e+01;7.4853629e-02;6.7500000e+01;3.2951646e-02;6.7500000e+01;-9.5695108e-03;6.7500000e+01;-5.2950248e-02;6.7500000e+01;-9.5070615e-02;6.7500000e+01;-1.3869116e-01;6.7500000e+01;-5.2848138e-02;6.7500000e+01;-9.8736715e-03;6.7500000e+01;5.3867295e-02;6.7500000e+01;1.3370459e-01;6.7500000e+01;2.1781790e-01;6.7500000e+01;2.6958331e-01;6.7500000e+01;2.8133231e-01;6.7500000e+01;3.2191744e-01;6.7500000e+01;3.1469876e-01;6.7500000e+01;2.4069765e-01;6.7500000e+01;1.7465049e-01;6.7500000e+01;1.2100236e-01;6.7500000e+01;7.4853629e-02;6.7500000e+01;3.2951646e-02;6.7500000e+01;-9.5695108e-03;6.7500000e+01;-5.2950248e-02;6.7500000e+01;-9.5070615e-02;6.7500000e+01;-1.3869116e-01;6.7500000e+01;-5.2848138e-02;6.7500000e+01;-9.8736715e-03;6.7500000e+01;5.3867295e-02;6.7500000e+01;1.3370459e-01;6.7500000e+01;2.1781790e-01;6.7500000e+01;2.6958331e-01;6.7500000e+01;2.8133231e-01;6.7500000e+01;3.2191744e-01;6.7500000e+01;3.1469876e-01;6.7500000e+01;2.4069765e-01;6.7500000e+01;1.7465049e-01;6.7500000e+01;1.2100236e-01;6.7500000e+01;7.4853629e-02;6.7500000e+01;3.2951646e-02;6.7500000e+01;-9.5695108e-03;6.7500000e+01;-5.2950248e-02;6.7500000e+01;-9.5070615e-02;6.7500000e+01;-1.3869116e-01;6.7500000e+01;-5.2848138e-02;6.7500000e+01;-9.8736715e-03;6.7500000e+01;5.3867295e-02;6.7500000e+01;1.3370459e-01;6.7500000e+01;2.1781790e-01;6.7500000e+01;2.6958331e-01;6.7500000e+01;2.8133231e-01;6.7500000e+01;3.2191744e-01;6.7500000e+01;3.1469876e-01;6.7500000e+01;2.4069765e-01;6.7500000e+01;1.7465049e-01;6.7500000e+01;1.2100236e-01;6.7500000e+01;7.4853629e-02;6.7500000e+01;3.2951646e-02;6.7500000e+01;-9.5695108e-03;6.7500000e+01;-5.2950248e-02;6.7500000e+01;-9.5070615e-02;6.7500000e+01;-1.3869116e-01;6.7500000e+01;-5.2848138e-02;6.7500000e+01;-9.8736715e-03;6.7500000e+01;5.3867295e-02;6.7500000e+01;1.3370459e-01;6.7500000e+01;2.1781790e-01;6.7500000e+01;2.6958331e-01;6.7500000e+01;2.8133231e-01;6.7500000e+01;3.2191744e-01;6.7500000e+01;3.1469876e-01;6.7500000e+01;2.4069765e-01;6.7500000e+01;1.7465049e-01;6.7500000e+01;1.2100236e-01;6.7500000e+01;7.4853629e-02;6.7500000e+01;3.2951646e-02;6.7500000e+01;-9.5695108e-03;6.7500000e+01;-5.2950248e-02;6.7500000e+01;-9.5070615e-02;6.7500000e+01;-1.3869116e-01;6.7500000e+01;-5.2848138e-02;6.7500000e+01;-9.8736715e-03;6.7500000e+01;5.3867295e-02;6.7500000e+01;1.3370459e-01;6.7500000e+01;2.1781790e-01;6.7500000e+01;2.6958331e-01;6.7500000e+01;2.8133231e-01;6.7500000e+01;3.2191744e-01;6.7500000e+01;3.1469876e-01;6.7500000e+01;2.4069765e-01;6.7500000e+01;1.7465049e-01;6.7500000e+01;1.2100236e-01;6.7500000e+01;7.4853629e-02;6.7500000e+01;3.2951646e-02;6.7500000e+01;-9.5695108e-03;6.7500000e+01;-5.2950248e-02;6.7500000e+01;-9.5070615e-02;6.7500000e+01;-1.3869116e-01;6.7500000e+01;-5.2848138e-02;6.7500000e+01;-9.8736715e-03;6.7500000e+01;5.3867295e-02;6.7500000e+01;1.3370459e-01;6.7500000e+01;2.1781790e-01;6.7500000e+01;2.6958331e-01;6.7500000e+01;2.8133231e-01;6.7500000e+01;3.2191744e-01;6.7500000e+01;3.1469876e-01;6.7500000e+01;2.4069765e-01;6.7500000e+01;1.7465049e-01;6.7500000e+01;1.2100236e-01;6.7500000e+01;7.4853629e-02;6.7500000e+01;3.2951646e-02;6.7500000e+01;-9.5695108e-03;6.7500000e+01;-5.2950248e-02;6.7500000e+01;-9.5070615e-02;6.7500000e+01;-1.3869116e-01;6.7500000e+01;-5.2848138e-02;6.7500000e+01;-9.8736715e-03;6.7500000e+01;5.3867295e-02;6.7500000e+01;1.3370459e-01;6.7500000e+01;2.1781790e-01;6.7500000e+01;2.6958331e-01;6.7500000e+01;2.8133231e-01;6.7500000e+01;3.2191744e-01;6.7500000e+01;3.1469876e-01;6.7500000e+01;2.4069765e-01;6.7500000e+01;1.7465049e-01;6.7500000e+01;1.2100236e-01;6.7500000e+01;7.4853629e-02;6.7500000e+01;3.2951646e-02;6.7500000e+01;-9.5695108e-03;6.7500000e+01;-5.2950248e-02;6.7500000e+01;-9.5070615e-02;6.7500000e+01;-1.3869116e-01;6.7500000e+01;-5.2848138e-02;6.7500000e+01;-9.8736715e-03;6.7500000e+01;5.3867295e-02;6.7500000e+01;1.3370459e-01;6.7500000e+01;2.1781790e-01;6.7500000e+01;2.6958331e-01;6.7500000e+01;2.8133231e-01;6.7500000e+01;3.2191744e-01;6.7500000e+01;3.1469876e-01;6.7500000e+01;2.4069765e-01;6.7500000e+01;1.7465049e-01;6.7500000e+01;1.2100236e-01;6.7500000e+01;7.4853629e-02;6.7500000e+01;3.2951646e-02;6.7500000e+01;-9.5695108e-03;6.7500000e+01;-5.2950248e-02;6.7500000e+01;-9.5070615e-02;6.7500000e+01;-1.3869116e-01;6.7500000e+01;-5.2848138e-02;6.7500000e+01;-9.8736715e-03;6.7500000e+01;5.3867295e-02;6.7500000e+01;1.3370459e-01;6.7500000e+01;2.1781790e-01;6.7500000e+01;2.6958331e-01;6.7500000e+01;2.8133231e-01;6.7500000e+01;3.2191744e-01;6.7500000e+01;3.1469876e-01;6.7500000e+01;2.4069765e-01;6.7500000e+01;1.7465049e-01;6.7500000e+01;1.2100236e-01;6.7500000e+01;7.4853629e-02;6.7500000e+01;3.2951646e-02;6.7500000e+01;-9.5695108e-03;6.7500000e+01;-5.2950248e-02;6.7500000e+01;-9.5070615e-02;6.7500000e+01;-1.3869116e-01;6.7500000e+01;-5.2848138e-02;6.7500000e+01;-9.8736715e-03;6.7500000e+01;5.3867295e-02;6.7500000e+01;1.3370459e-01;6.7500000e+01;2.1781790e-01;6.7500000e+01;2.6958331e-01;6.7500000e+01;2.8133231e-01;6.7500000e+01;3.2191744e-01;6.7500000e+01;3.1469876e-01;6.7500000e+01;2.4069765e-01;6.7500000e+01;1.7465049e-01;6.7500000e+01;1.2100236e-01;6.7500000e+01;7.4853629e-02;6.7500000e+01;3.2951646e-02;6.7500000e+01;-9.5695108e-03;6.7500000e+01;-5.2950248e-02;6.7500000e+01;-9.5070615e-02;6.7500000e+01;-1.3869116e-01;6.7500000e+01;-5.2848138e-02;6.7500000e+01;-9.8736715e-03;6.7500000e+01;5.3867295e-02;6.7500000e+01;1.3370459e-01;6.7500000e+01;2.1781790e-01;6.7500000e+01;2.6958331e-01;6.7500000e+01;2.8133231e-01;6.7500000e+01;3.2191744e-01;6.7500000e+01;3.1469876e-01;6.7500000e+01;2.4069765e-01;6.7500000e+01;1.7465049e-01;6.7500000e+01;1.2100236e-01;6.7500000e+01;7.4853629e-02;6.7500000e+01;3.2951646e-02;6.7500000e+01;-9.5695108e-03;6.7500000e+01;-5.2950248e-02;6.7500000e+01;-9.5070615e-02;6.7500000e+01;-1.3869116e-01;6.7500000e+01;-5.2848138e-02;6.7500000e+01;-9.8736715e-03;6.7500000e+01;5.3867295e-02;6.7500000e+01;1.3370459e-01;6.7500000e+01;2.1781790e-01;6.7500000e+01;2.6958331e-01;6.7500000e+01;2.8133231e-01;6.7500000e+01;3.2191744e-01;6.7500000e+01;3.1469876e-01;6.7500000e+01;2.4069765e-01;6.7500000e+01;1.7465049e-01;6.7500000e+01;1.2100236e-01;6.7500000e+01;7.4853629e-02;6.7500000e+01;3.2951646e-02;6.7500000e+01;-9.5695108e-03;6.7500000e+01;-5.2950248e-02;6.7500000e+01;-9.5070615e-02;6.7500000e+01;-1.3869116e-01;6.7500000e+01;-5.2848138e-02;6.7500000e+01;-9.8736715e-03;6.7500000e+01;5.3867295e-02;6.7500000e+01;1.3370459e-01;6.7500000e+01;2.1781790e-01;6.7500000e+01;2.6958331e-01;6.7500000e+01;2.8133231e-01;6.7500000e+01;3.2191744e-01;6.7500000e+01;3.1469876e-01;6.7500000e+01;2.4069765e-01;6.7500000e+01;1.7465049e-01;6.7500000e+01;1.2100236e-01;6.7500000e+01;7.4853629e-02;6.7500000e+01;3.2951646e-02;6.7500000e+01;-9.5695108e-03;6.7500000e+01;-5.2950248e-02;6.7500000e+01;-9.5070615e-02;6.7500000e+01;-1.3869116e-01;6.7500000e+01;-5.2848138e-02;6.7500000e+01;-9.8736715e-03;6.7500000e+01;5.3867295e-02;6.7500000e+01;1.3370459e-01;6.7500000e+01;2.1781790e-01;6.7500000e+01;2.6958331e-01;6.7500000e+01;2.8133231e-01;6.7500000e+01;3.2191744e-01;6.7500000e+01;3.1469876e-01;6.7500000e+01;2.4069765e-01;6.7500000e+01;1.7465049e-01;6.7500000e+01;1.2100236e-01;6.7500000e+01;7.4853629e-02;6.7500000e+01;3.2951646e-02;6.7500000e+01;-9.5695108e-03;6.7500000e+01;-5.2950248e-02;6.7500000e+01;-9.5070615e-02;6.7500000e+01;-1.3869116e-01;6.7500000e+01;-5.2848138e-02;6.7500000e+01;-9.8736715e-03;6.7500000e+01;5.3867295e-02;6.7500000e+01;1.3370459e-01;6.7500000e+01;2.1781790e-01;6.7500000e+01;2.6958331e-01;6.7500000e+01;2.8133231e-01;6.7500000e+01;3.2191744e-01;6.7500000e+01;3.1469876e-01;6.7500000e+01;2.4069765e-01;6.7500000e+01;1.7465049e-01;6.7500000e+01;1.2100236e-01;6.7500000e+01;7.4853629e-02;6.7500000e+01;3.2951646e-02;6.7500000e+01;-9.5695108e-03;6.7500000e+01;-5.2950248e-02;6.7500000e+01;-9.5070615e-02;6.7500000e+01;-1.3869116e-01;6.7500000e+01;-5.2848138e-02;6.7500000e+01;-9.8736715e-03;6.7500000e+01;5.3867295e-02;6.7500000e+01;1.3370459e-01;6.7500000e+01;2.1781790e-01;6.7500000e+01;2.6958331e-01;6.7500000e+01;2.8133231e-01;6.7500000e+01;3.2191744e-01;6.7500000e+01;3.1469876e-01;6.7500000e+01;2.4069765e-01;6.7500000e+01;1.7465049e-01;6.7500000e+01;1.2100236e-01;6.7500000e+01;7.4853629e-02;6.7500000e+01;3.2951646e-02;6.7500000e+01;-9.5695108e-03;6.7500000e+01;-5.2950248e-02;6.7500000e+01;-9.5070615e-02;6.7500000e+01;-1.3869116e-01;6.7500000e+01;-5.2848138e-02;6.7500000e+01;-9.8736715e-03;6.7500000e+01;5.3867295e-02;6.7500000e+01;1.3370459e-01;6.7500000e+01;2.1781790e-01;6.7500000e+01;2.6958331e-01;6.7500000e+01;2.8133231e-01;6.7500000e+01;3.2191744e-01;6.7500000e+01;3.1469876e-01;6.7500000e+01;2.4069765e-01;6.7500000e+01;1.7465049e-01;6.7500000e+01;1.2100236e-01;6.7500000e+01;7.4853629e-02;6.7500000e+01;3.2951646e-02;6.7500000e+01;-9.5695108e-03;6.7500000e+01;-5.2950248e-02;6.7500000e+01;-9.5070615e-02;6.7500000e+01;-1.3869116e-01;6.7500000e+01;-5.2848138e-02;6.7500000e+01;-9.8736715e-03;6.7500000e+01;5.3867295e-02;6.7500000e+01;1.3370459e-01;6.7500000e+01;2.1781790e-01;6.7500000e+01;2.6958331e-01;6.7500000e+01;2.8133231e-01;6.7500000e+01;3.2191744e-01;6.7500000e+01;3.1469876e-01;6.7500000e+01;2.4069765e-01;6.7500000e+01;1.7465049e-01;6.7500000e+01;1.2100236e-01;6.7500000e+01;7.4853629e-02;6.7500000e+01;3.2951646e-02;6.7500000e+01;-9.5695108e-03;6.7500000e+01;-5.2950248e-02;6.7500000e+01;-9.5070615e-02;6.7500000e+01;-1.3869116e-01;6.7500000e+01;-5.2848138e-02;6.7500000e+01;-9.8736715e-03;6.7500000e+01;5.3867295e-02;6.7500000e+01;1.3370459e-01;6.7500000e+01;2.1781790e-01;6.7500000e+01;2.6958331e-01;6.7500000e+01;2.8133231e-01;6.7500000e+01;3.2191744e-01;6.7500000e+01;3.1469876e-01;6.7500000e+01;2.4069765e-01;6.7500000e+01;1.7465049e-01;6.7500000e+01;1.2100236e-01;6.7500000e+01;7.4853629e-02;6.7500000e+01;3.2951646e-02;6.7500000e+01;-9.5695108e-03;6.7500000e+01;-5.2950248e-02;6.7500000e+01;-9.5070615e-02;6.7500000e+01;-1.3869116e-01;6.7500000e+01;-5.2848138e-02;6.7500000e+01;-9.8736715e-03;6.7500000e+01;5.3867295e-02;6.7500000e+01;1.3370459e-01;6.7500000e+01;2.1781790e-01;6.7500000e+01;2.6958331e-01;6.7500000e+01;2.8133231e-01;6.7500000e+01;3.2191744e-01;6.7500000e+01;3.1469876e-01;6.7500000e+01;2.4069765e-01;6.7500000e+01;1.7465049e-01;6.7500000e+01;1.2100236e-01;6.7500000e+01;7.4853629e-02;6.7500000e+01;3.2951646e-02;6.7500000e+01;-9.5695108e-03;6.7500000e+01;-5.2950248e-02;6.7500000e+01;-9.5070615e-02;6.7500000e+01;-1.3869116e-01;6.7500000e+01;-5.2848138e-02;6.7500000e+01;-9.8736715e-03;6.7500000e+01;5.3867295e-02;6.7500000e+01;1.3370459e-01;6.7500000e+01;2.1781790e-01;6.7500000e+01;2.6958331e-01;6.7500000e+01;2.8133231e-01;6.7500000e+01;3.2191744e-01;6.7500000e+01;3.1469876e-01;6.7500000e+01;2.4069765e-01;6.7500000e+01;1.7465049e-01;6.7500000e+01;1.2100236e-01;6.7500000e+01;7.4853629e-02;6.7500000e+01;3.2951646e-02;6.7500000e+01;-9.5695108e-03;6.7500000e+01;-5.2950248e-02;6.7500000e+01;-9.5070615e-02;6.7500000e+01;-1.3869116e-01;6.7500000e+01;-5.2848138e-02;6.7500000e+01;-9.8736715e-03;6.7500000e+01;5.3867295e-02;6.7500000e+01;1.3370459e-01;6.7500000e+01;2.1781790e-01;6.7500000e+01;2.6958331e-01;6.7500000e+01;2.8133231e-01;6.7500000e+01;3.2191744e-01;6.7500000e+01;3.1469876e-01;6.7500000e+01;2.4069765e-01;6.7500000e+01;1.7465049e-01;6.7500000e+01;1.2100236e-01;6.7500000e+01;7.4853629e-02;6.7500000e+01;3.2951646e-02;6.7500000e+01;-9.5695108e-03;6.7500000e+01;-5.2950248e-02;6.7500000e+01;-9.5070615e-02;6.7500000e+01;-1.3869116e-01;6.7500000e+01;-5.2848138e-02;6.7500000e+01;-9.8736715e-03;6.7500000e+01;5.3867295e-02;6.7500000e+01;1.3370459e-01;6.7500000e+01;2.1781790e-01;6.7500000e+01;2.6958331e-01;6.7500000e+01;2.8133231e-01;6.7500000e+01;3.2191744e-01;6.7500000e+01;3.1469876e-01;6.7500000e+01;2.4069765e-01;6.7500000e+01;1.7465049e-01;6.7500000e+01;1.2100236e-01;6.7500000e+01;7.4853629e-02;6.7500000e+01;3.2951646e-02;6.7500000e+01;-9.5695108e-03;6.7500000e+01;-5.2950248e-02;6.7500000e+01;-9.5070615e-02;6.7500000e+01;-1.3869116e-01;6.7500000e+01;-5.2848138e-02;6.7500000e+01;-9.8736715e-03;6.7500000e+01;5.3867295e-02;6.7500000e+01;1.3370459e-01;6.7500000e+01;2.1781790e-01;6.7500000e+01;2.6958331e-01;6.7500000e+01;2.8133231e-01;6.7500000e+01;3.2191744e-01;6.7500000e+01;3.1469876e-01;6.7500000e+01;2.4069765e-01;6.7500000e+01;1.7465049e-01;6.7500000e+01;1.2100236e-01;6.7500000e+01;7.4853629e-02;6.7500000e+01;3.2951646e-02;6.7500000e+01;-9.5695108e-03;6.7500000e+01;-5.2950248e-02;6.7500000e+01;-9.5070615e-02;6.7500000e+01;-1.3869116e-01;6.7500000e+01;-5.2848138e-02;6.7500000e+01;-9.8736715e-03;6.7500000e+01;5.3867295e-02;6.7500000e+01;1.3370459e-01;6.7500000e+01;2.1781790e-01;6.7500000e+01;2.6958331e-01;6.7500000e+01;2.8133231e-01;6.7500000e+01;3.2191744e-01;6.7500000e+01;3.1469876e-01;6.7500000e+01;2.4069765e-01;6.7500000e+01;1.7465049e-01;6.7500000e+01;1.2100236e-01;6.7500000e+01;7.4853629e-02;6.7500000e+01;3.2951646e-02;6.7500000e+01;-9.5695108e-03;6.7500000e+01;-5.2950248e-02;6.7500000e+01;-9.5070615e-02;6.7500000e+01;-1.3869116e-01;6.7500000e+01;-5.2848138e-02;6.7500000e+01;-9.8736715e-03;6.7500000e+01;5.3867295e-02;6.7500000e+01;1.3370459e-01;6.7500000e+01;2.1781790e-01;6.7500000e+01;2.6958331e-01;6.7500000e+01;2.8133231e-01;6.7500000e+01;3.2191744e-01;6.7500000e+01;3.1469876e-01;6.7500000e+01;2.4069765e-01;6.7500000e+01;1.7465049e-01;6.7500000e+01;1.2100236e-01;6.7500000e+01;7.4853629e-02;6.7500000e+01;3.2951646e-02;6.7500000e+01;-9.5695108e-03;6.7500000e+01;-5.2950248e-02;6.7500000e+01;-9.5070615e-02;6.7500000e+01;-1.3869116e-01;6.7500000e+01;-5.2848138e-02;6.7500000e+01;-9.8736715e-03;6.7500000e+01;5.3867295e-02;6.7500000e+01;1.3370459e-01;6.7500000e+01;2.1781790e-01;6.7500000e+01;2.6958331e-01;6.7500000e+01;2.8133231e-01;6.7500000e+01;3.2191744e-01;6.7500000e+01;3.1469876e-01;6.7500000e+01;2.4069765e-01;6.7500000e+01;1.7465049e-01;6.7500000e+01;1.2100236e-01;6.7500000e+01;7.4853629e-02;6.7500000e+01;3.2951646e-02;6.7500000e+01;-9.5695108e-03;6.7500000e+01;-5.2950248e-02;6.7500000e+01;-9.5070615e-02;6.7500000e+01;-1.3869116e-01;6.7500000e+01;-5.2848138e-02;6.7500000e+01;-9.8736715e-03;6.7500000e+01;5.3867295e-02;6.7500000e+01;1.3370459e-01;6.7500000e+01;2.1781790e-01;6.7500000e+01;2.6958331e-01;6.7500000e+01;2.8133231e-01;6.7500000e+01;3.2191744e-01;6.7500000e+01;3.1469876e-01;6.7500000e+01;2.4069765e-01;6.7500000e+01;1.7465049e-01;6.7500000e+01;1.2100236e-01;6.7500000e+01;7.4853629e-02;6.7500000e+01;3.2951646e-02;6.7500000e+01;-9.5695108e-03;6.7500000e+01;-5.2950248e-02;6.7500000e+01;-9.5070615e-02;6.7500000e+01;-1.3869116e-01;6.7500000e+01;-5.2848138e-02;6.7500000e+01;-9.8736715e-03;6.7500000e+01;5.3867295e-02;6.7500000e+01;1.3370459e-01;6.7500000e+01;2.1781790e-01;6.7500000e+01;2.6958331e-01;6.7500000e+01;2.8133231e-01;6.7500000e+01;3.2191744e-01;6.7500000e+01;3.1469876e-01;6.7500000e+01;2.4069765e-01;6.7500000e+01;1.7465049e-01;6.7500000e+01;1.2100236e-01;6.7500000e+01;7.4853629e-02;6.7500000e+01;3.2951646e-02;6.7500000e+01;-9.5695108e-03;6.7500000e+01;-5.2950248e-02;6.7500000e+01;-9.5070615e-02;6.7500000e+01;-1.3869116e-01;6.7500000e+01;-5.2848138e-02;6.7500000e+01;-9.8736715e-03;6.7500000e+01;5.3867295e-02;6.7500000e+01;1.3370459e-01;6.7500000e+01;2.1781790e-01;6.7500000e+01;2.6958331e-01;6.7500000e+01;2.8133231e-01;6.7500000e+01;3.2191744e-01;6.7500000e+01;3.1469876e-01;6.7500000e+01;2.4069765e-01;6.7500000e+01;1.7465049e-01;6.7500000e+01;1.2100236e-01;6.7500000e+01;7.4853629e-02;6.7500000e+01;3.2951646e-02;6.7500000e+01;-9.5695108e-03;6.7500000e+01;-5.2950248e-02;6.7500000e+01;-9.5070615e-02;6.7500000e+01;-1.3869116e-01;6.7500000e+01;-5.2848138e-02;6.7500000e+01;-9.8736715e-03;6.7500000e+01;5.3867295e-02;6.7500000e+01;1.3370459e-01;6.7500000e+01;2.1781790e-01;6.7500000e+01;2.6958331e-01;6.7500000e+01;2.8133231e-01;6.7500000e+01;3.2191744e-01;6.7500000e+01;3.1469876e-01;6.7500000e+01;2.4069765e-01;6.7500000e+01;1.7465049e-01;6.7500000e+01;1.2100236e-01;6.7500000e+01;7.4853629e-02;6.7500000e+01;3.2951646e-02;6.7500000e+01;-9.5695108e-03;6.7500000e+01;-5.2950248e-02;6.7500000e+01;-9.5070615e-02;6.7500000e+01;-1.3869116e-01;6.7500000e+01;-5.2848138e-02;6.7500000e+01;-9.8736715e-03;6.7500000e+01;5.3867295e-02;6.7500000e+01;1.3370459e-01;6.7500000e+01;2.1781790e-01;6.7500000e+01;2.6958331e-01;6.7500000e+01;2.8133231e-01;6.7500000e+01;3.2191744e-01;6.7500000e+01;3.1469876e-01;6.7500000e+01;2.4069765e-01;6.7500000e+01;1.7465049e-01;6.7500000e+01;1.2100236e-01;6.7500000e+01;7.4853629e-02;6.7500000e+01;3.2951646e-02;6.7500000e+01;-9.5695108e-03;6.7500000e+01;-5.2950248e-02;6.7500000e+01;-9.5070615e-02;6.7500000e+01;-1.3869116e-01;6.7500000e+01;-5.2848138e-02;6.7500000e+01;-9.8736715e-03;6.7500000e+01;5.3867295e-02;6.7500000e+01;1.3370459e-01;6.7500000e+01;2.1781790e-01;6.7500000e+01;2.6958331e-01;6.7500000e+01;2.8133231e-01;6.7500000e+01;3.2191744e-01;6.7500000e+01;3.1469876e-01;6.7500000e+01;2.4069765e-01;6.7500000e+01;1.7465049e-01;6.7500000e+01;1.2100236e-01;6.7500000e+01;7.4853629e-02;6.7500000e+01;3.2951646e-02;6.7500000e+01;-9.5695108e-03;6.7500000e+01;-5.2950248e-02;6.7500000e+01;-9.5070615e-02;6.7500000e+01;-1.3869116e-01;6.7500000e+01;-5.2848138e-02;6.7500000e+01;-9.8736715e-03;6.7500000e+01;5.3867295e-02;6.7500000e+01;1.3370459e-01;6.7500000e+01;2.1781790e-01;6.7500000e+01;2.6958331e-01;6.7500000e+01;2.8133231e-01;6.7500000e+01;3.2191744e-01;6.7500000e+01;3.1469876e-01;6.7500000e+01;2.4069765e-01;6.7500000e+01;1.7465049e-01;6.7500000e+01;1.2100236e-01;6.7500000e+01;7.4853629e-02;6.7500000e+01;3.2951646e-02;6.7500000e+01;-9.5695108e-03;6.7500000e+01;-5.2950248e-02;6.7500000e+01;-9.5070615e-02;6.7500000e+01;-1.3869116e-01;6.7500000e+01;-5.2848138e-02;6.7500000e+01;-9.8736715e-03;6.7500000e+01;5.3867295e-02;6.7500000e+01;1.3370459e-01;6.7500000e+01;2.1781790e-01;6.7500000e+01;2.6958331e-01;6.7500000e+01;2.8133231e-01;6.7500000e+01;3.2191744e-01;6.7500000e+01;3.1469876e-01;6.7500000e+01;2.4069765e-01;6.7500000e+01;1.7465049e-01;6.7500000e+01;1.2100236e-01;6.7500000e+01;7.4853629e-02;6.7500000e+01;3.2951646e-02;6.7500000e+01;-9.5695108e-03;6.7500000e+01;-5.2950248e-02;6.7500000e+01;-9.5070615e-02;6.7500000e+01;-1.3869116e-01;6.7500000e+01;-5.2848138e-02;6.7500000e+01;-9.8736715e-03;6.7500000e+01;5.3867295e-02;6.7500000e+01;1.3370459e-01;6.7500000e+01;2.1781790e-01;6.7500000e+01;2.6958331e-01;6.7500000e+01;2.8133231e-01;6.7500000e+01;3.2191744e-01;6.7500000e+01;3.1469876e-01;6.7500000e+01;2.4069765e-01;6.7500000e+01;1.7465049e-01;6.7500000e+01;1.2100236e-01;6.7500000e+01;7.4853629e-02;6.7500000e+01;3.2951646e-02;6.7500000e+01;-9.5695108e-03;6.7500000e+01;-5.2950248e-02;6.7500000e+01;-9.5070615e-02;6.7500000e+01;-1.3869116e-01;6.7500000e+01;-5.2848138e-02;6.7500000e+01;-9.8736715e-03;6.7500000e+01;5.3867295e-02;6.7500000e+01;1.3370459e-01;6.7500000e+01;2.1781790e-01;6.7500000e+01;2.6958331e-01;6.7500000e+01;2.8133231e-01;6.7500000e+01;3.2191744e-01;6.7500000e+01;3.1469876e-01;6.7500000e+01;2.4069765e-01;6.7500000e+01;1.7465049e-01;6.7500000e+01;1.2100236e-01;6.7500000e+01;7.4853629e-02;6.7500000e+01;3.2951646e-02;6.7500000e+01;-9.5695108e-03;6.7500000e+01;-5.2950248e-02;6.7500000e+01;-9.5070615e-02;6.7500000e+01;-1.3869116e-01;6.7500000e+01;-5.2848138e-02;6.7500000e+01;-9.8736715e-03;6.7500000e+01;5.3867295e-02;6.7500000e+01;1.3370459e-01;6.7500000e+01;2.1781790e-01;6.7500000e+01;2.6958331e-01;6.7500000e+01;2.8133231e-01;6.7500000e+01;3.2191744e-01;6.7500000e+01;3.1469876e-01;6.7500000e+01;2.4069765e-01;6.7500000e+01;1.7465049e-01;6.7500000e+01;1.2100236e-01;6.7500000e+01;7.4853629e-02;6.7500000e+01;3.2951646e-02;6.7500000e+01;-9.5695108e-03;6.7500000e+01;-5.2950248e-02;6.7500000e+01;-9.5070615e-02;6.7500000e+01;-1.3869116e-01;6.7500000e+01;-5.2848138e-02;6.7500000e+01;-9.8736715e-03;6.7500000e+01;5.3867295e-02;6.7500000e+01;1.3370459e-01;6.7500000e+01;2.1781790e-01;6.7500000e+01;2.6958331e-01;6.7500000e+01;2.8133231e-01;6.7500000e+01;3.2191744e-01;6.7500000e+01;3.1469876e-01;6.7500000e+01;2.4069765e-01;6.7500000e+01;1.7465049e-01;6.7500000e+01;1.2100236e-01;6.7500000e+01;7.4853629e-02;6.7500000e+01;3.2951646e-02;6.7500000e+01;-9.5695108e-03;6.7500000e+01;-5.2950248e-02;6.7500000e+01;-9.5070615e-02;6.7500000e+01;-1.3869116e-01;6.7500000e+01;-5.2848138e-02;6.7500000e+01;-9.8736715e-03;6.7500000e+01;5.3867295e-02;6.7500000e+01;1.3370459e-01;6.7500000e+01;2.1781790e-01;6.7500000e+01;2.6958331e-01;6.7500000e+01;2.8133231e-01;6.7500000e+01;3.2191744e-01;6.7500000e+01;3.1469876e-01;6.7500000e+01;2.4069765e-01;6.7500000e+01;1.7465049e-01;6.7500000e+01;1.2100236e-01;6.7500000e+01;7.4853629e-02;6.7500000e+01;3.2951646e-02;6.7500000e+01;-9.5695108e-03;6.7500000e+01;-5.2950248e-02;6.7500000e+01;-9.5070615e-02;6.7500000e+01;-1.3869116e-01;6.7500000e+01;-5.2848138e-02;6.7500000e+01;-9.8736715e-03;6.7500000e+01;5.3867295e-02;6.7500000e+01;1.3370459e-01;6.7500000e+01;2.1781790e-01;6.7500000e+01;2.6958331e-01;6.7500000e+01;2.8133231e-01;6.7500000e+01;3.2191744e-01;6.7500000e+01;3.1469876e-01;6.7500000e+01;2.4069765e-01;6.7500000e+01;1.7465049e-01;6.7500000e+01;1.2100236e-01;6.7500000e+01;7.4853629e-02;6.7500000e+01;3.2951646e-02;6.7500000e+01;-9.5695108e-03;6.7500000e+01;-5.2950248e-02;6.7500000e+01;-9.5070615e-02;6.7500000e+01;-1.3869116e-01;6.7500000e+01;-5.2848138e-02;6.7500000e+01;-9.8736715e-03;6.7500000e+01;5.3867295e-02;6.7500000e+01;1.3370459e-01;6.7500000e+01;2.1781790e-01;6.7500000e+01;2.6958331e-01;6.7500000e+01;2.8133231e-01;6.7500000e+01;3.2191744e-01;6.7500000e+01;3.1469876e-01;6.7500000e+01;2.4069765e-01;6.7500000e+01;1.7465049e-01;6.7500000e+01;1.2100236e-01;6.7500000e+01;7.4853629e-02;6.7500000e+01;3.2951646e-02;6.7500000e+01;-9.5695108e-03;6.7500000e+01;-5.2950248e-02;6.7500000e+01;-9.5070615e-02;6.7500000e+01;-1.3869116e-01;6.7500000e+01;-5.2848138e-02;6.7500000e+01;-9.8736715e-03;6.7500000e+01;5.3867295e-02;6.7500000e+01;1.3370459e-01;6.7500000e+01;2.1781790e-01;6.7500000e+01;2.6958331e-01;6.7500000e+01;2.8133231e-01;6.7500000e+01;3.2191744e-01;6.7500000e+01;3.1469876e-01;6.7500000e+01;2.4069765e-01;6.7500000e+01;1.7465049e-01;6.7500000e+01;1.2100236e-01;6.7500000e+01;7.4853629e-02;6.7500000e+01;3.2951646e-02;6.7500000e+01;-9.5695108e-03;6.7500000e+01;-5.2950248e-02;6.7500000e+01;-9.5070615e-02;6.7500000e+01;-1.3869116e-01;6.7500000e+01;-5.2848138e-02;6.7500000e+01;-9.8736715e-03;6.7500000e+01;5.3867295e-02;6.7500000e+01;1.3370459e-01;6.7500000e+01;2.1781790e-01;6.7500000e+01;2.6958331e-01;6.7500000e+01;2.8133231e-01;6.7500000e+01;3.2191744e-01;6.7500000e+01;3.1469876e-01;6.7500000e+01;2.4069765e-01;6.7500000e+01;1.7465049e-01;6.7500000e+01;1.2100236e-01;6.7500000e+01;7.4853629e-02;6.7500000e+01;3.2951646e-02;6.7500000e+01;-9.5695108e-03;6.7500000e+01;-5.2950248e-02;6.7500000e+01;-9.5070615e-02;6.7500000e+01;-1.3869116e-01;6.7500000e+01;-5.2848138e-02;6.7500000e+01;-9.8736715e-03;6.7500000e+01;5.3867295e-02;6.7500000e+01;1.3370459e-01;6.7500000e+01;2.1781790e-01;6.7500000e+01;2.6958331e-01;6.7500000e+01;2.8133231e-01;6.7500000e+01;3.2191744e-01;6.7500000e+01;3.1469876e-01;6.7500000e+01;2.4069765e-01;6.7500000e+01;1.7465049e-01;6.7500000e+01;1.2100236e-01;6.7500000e+01;7.4853629e-02;6.7500000e+01;3.2951646e-02;6.7500000e+01;-9.5695108e-03;6.7500000e+01;-5.2950248e-02;6.7500000e+01;-9.5070615e-02;6.7500000e+01;-1.3869116e-01;6.7500000e+01;-5.2848138e-02;6.7500000e+01;-9.8736715e-03;6.7500000e+01;5.3867295e-02;6.7500000e+01;1.3370459e-01;6.7500000e+01;2.1781790e-01;6.7500000e+01;2.6958331e-01;6.7500000e+01;2.8133231e-01;6.7500000e+01;3.2191744e-01;6.7500000e+01;3.1469876e-01;6.7500000e+01;2.4069765e-01;6.7500000e+01;1.7465049e-01;6.7500000e+01;1.2100236e-01;6.7500000e+01;7.4853629e-02;6.7500000e+01;3.2951646e-02;6.7500000e+01;-9.5695108e-03;6.7500000e+01;-5.2950248e-02;6.7500000e+01;-9.5070615e-02;6.7500000e+01;-1.3869116e-01;6.7500000e+01;-5.2848138e-02;6.7500000e+01;-9.8736715e-03;6.7500000e+01;5.3867295e-02;6.7500000e+01;1.3370459e-01;6.7500000e+01;2.1781790e-01;6.7500000e+01;2.6958331e-01;6.7500000e+01;2.8133231e-01;6.7500000e+01;3.2191744e-01;6.7500000e+01;3.1469876e-01;6.7500000e+01;2.4069765e-01;6.7500000e+01;1.7465049e-01;6.7500000e+01;1.2100236e-01;6.7500000e+01;7.4853629e-02;6.7500000e+01;3.2951646e-02;6.7500000e+01;-9.5695108e-03;6.7500000e+01;-5.2950248e-02;6.7500000e+01;-9.5070615e-02;6.7500000e+01;-1.3869116e-01;6.7500000e+01;-5.2848138e-02;6.7500000e+01;-9.8736715e-03;6.7500000e+01;5.3867295e-02;6.7500000e+01;1.3370459e-01;6.7500000e+01;2.1781790e-01;6.7500000e+01;2.6958331e-01;6.7500000e+01;2.8133231e-01;6.7500000e+01;3.2191744e-01;6.7500000e+01;3.1469876e-01;6.7500000e+01;2.4069765e-01;6.7500000e+01;1.7465049e-01;6.7500000e+01;1.2100236e-01;6.7500000e+01;7.4853629e-02;6.7500000e+01;3.2951646e-02;6.7500000e+01;-9.5695108e-03;6.7500000e+01;-5.2950248e-02;6.7500000e+01;-9.5070615e-02;6.7500000e+01;-1.3869116e-01;6.7500000e+01;-5.2848138e-02;6.7500000e+01;-9.8736715e-03;6.7500000e+01;5.3867295e-02;6.7500000e+01;1.3370459e-01;6.7500000e+01;2.1781790e-01;6.7500000e+01;2.6958331e-01;6.7500000e+01;2.8133231e-01;6.7500000e+01;3.2191744e-01;6.7500000e+01;3.1469876e-01;6.7500000e+01;2.4069765e-01;6.7500000e+01;1.7465049e-01;6.7500000e+01;1.2100236e-01;6.7500000e+01;7.4853629e-02;6.7500000e+01;3.2951646e-02;6.7500000e+01;-9.5695108e-03;6.7500000e+01;-5.2950248e-02;6.7500000e+01;-9.5070615e-02;6.7500000e+01;-1.3869116e-01;6.7500000e+01;-5.2848138e-02;6.7500000e+01;-9.8736715e-03;6.7500000e+01;5.3867295e-02;6.7500000e+01;1.3370459e-01;6.7500000e+01;2.1781790e-01;6.7500000e+01;2.6958331e-01;6.7500000e+01;2.8133231e-01;6.7500000e+01;3.2191744e-01;6.7500000e+01;3.1469876e-01;6.7500000e+01;2.4069765e-01;6.7500000e+01;1.7465049e-01;6.7500000e+01;1.2100236e-01;6.7500000e+01;7.4853629e-02;6.7500000e+01;3.2951646e-02;6.7500000e+01;-9.5695108e-03;6.7500000e+01;-5.2950248e-02;6.7500000e+01;-9.5070615e-02;6.7500000e+01;-1.3869116e-01;6.7500000e+01;-5.2848138e-02;6.7500000e+01;-9.8736715e-03;6.7500000e+01;5.3867295e-02;6.7500000e+01;1.3370459e-01;6.7500000e+01;2.1781790e-01;6.7500000e+01;2.6958331e-01;6.7500000e+01;2.8133231e-01;6.7500000e+01;3.2191744e-01;6.7500000e+01;3.1469876e-01;6.7500000e+01;2.4069765e-01;6.7500000e+01;1.7465049e-01;6.7500000e+01;1.2100236e-01;6.7500000e+01;7.4853629e-02;6.7500000e+01;3.2951646e-02;6.7500000e+01;-9.5695108e-03;6.7500000e+01;-5.2950248e-02;6.7500000e+01;-9.5070615e-02;6.7500000e+01;-1.3869116e-01;6.7500000e+01;-5.2848138e-02;6.7500000e+01;-9.8736715e-03;6.7500000e+01;5.3867295e-02;6.7500000e+01;1.3370459e-01;6.7500000e+01;2.1781790e-01;6.7500000e+01;2.6958331e-01;6.7500000e+01;2.8133231e-01;6.7500000e+01;3.2191744e-01;6.7500000e+01;3.1469876e-01;6.7500000e+01;2.4069765e-01;6.7500000e+01;1.7465049e-01;6.7500000e+01;1.2100236e-01;6.7500000e+01;7.4853629e-02;6.7500000e+01;3.2951646e-02;6.7500000e+01;-9.5695108e-03;6.7500000e+01;-5.2950248e-02;6.7500000e+01;-9.5070615e-02;6.7500000e+01;-1.3869116e-01;6.7500000e+01;-5.2848138e-02;6.7500000e+01;-9.8736715e-03;6.7500000e+01;5.3867295e-02;6.7500000e+01;1.3370459e-01;6.7500000e+01;2.1781790e-01;6.7500000e+01;2.6958331e-01;6.7500000e+01;2.8133231e-01;6.7500000e+01;3.2191744e-01;6.7500000e+01;3.1469876e-01;6.7500000e+01;2.4069765e-01;6.7500000e+01;1.7465049e-01;6.7500000e+01;1.2100236e-01;6.7500000e+01;7.4853629e-02;6.7500000e+01;3.2951646e-02;6.7500000e+01;-9.5695108e-03;6.7500000e+01;-5.2950248e-02;6.7500000e+01;-9.5070615e-02;6.7500000e+01;-1.3869116e-01;6.7500000e+01;-5.2848138e-02;6.7500000e+01;-9.8736715e-03;6.7500000e+01;5.3867295e-02;6.7500000e+01;1.3370459e-01;6.7500000e+01;2.1781790e-01;6.7500000e+01;2.6958331e-01;6.7500000e+01;2.8133231e-01;6.7500000e+01;3.2191744e-01;6.7500000e+01;3.1469876e-01;6.7500000e+01;2.4069765e-01;6.7500000e+01;1.7465049e-01;6.7500000e+01;1.2100236e-01;6.7500000e+01;7.4853629e-02;6.7500000e+01;3.2951646e-02;6.7500000e+01;-9.5695108e-03;6.7500000e+01;-5.2950248e-02;6.7500000e+01;-9.5070615e-02;6.7500000e+01;-1.3869116e-01;6.7500000e+01;-5.2848138e-02;6.7500000e+01;-9.8736715e-03;6.7500000e+01;5.3867295e-02;6.7500000e+01;1.3370459e-01;6.7500000e+01;2.1781790e-01;6.7500000e+01;2.6958331e-01;6.7500000e+01;2.8133231e-01;6.7500000e+01;3.2191744e-01;6.7500000e+01;3.1469876e-01;6.7500000e+01;2.4069765e-01;6.7500000e+01;1.7465049e-01;6.7500000e+01;1.2100236e-01;6.7500000e+01;7.4853629e-02;6.7500000e+01;3.2951646e-02;6.7500000e+01;-9.5695108e-03;6.7500000e+01;-5.2950248e-02;6.7500000e+01;-9.5070615e-02;6.7500000e+01;-1.3869116e-01;6.7500000e+01;-5.2848138e-02;6.7500000e+01;-9.8736715e-03;6.7500000e+01;5.3867295e-02;6.7500000e+01;1.3370459e-01;6.7500000e+01;2.1781790e-01;6.7500000e+01;2.6958331e-01;6.7500000e+01;2.8133231e-01;6.7500000e+01;3.2191744e-01;6.7500000e+01;3.1469876e-01;6.7500000e+01;2.4069765e-01;6.7500000e+01;1.7465049e-01;6.7500000e+01;1.2100236e-01;6.7500000e+01;7.4853629e-02;6.7500000e+01;3.2951646e-02;6.7500000e+01;-9.5695108e-03;6.7500000e+01;-5.2950248e-02;6.7500000e+01;-9.5070615e-02;6.7500000e+01;-1.3869116e-01;6.7500000e+01;-5.2848138e-02;6.7500000e+01;-9.8736715e-03;6.7500000e+01;5.3867295e-02;6.7500000e+01;1.3370459e-01;6.7500000e+01;2.1781790e-01;6.7500000e+01;2.6958331e-01;6.7500000e+01;2.8133231e-01;6.7500000e+01;3.2191744e-01;6.7500000e+01;3.1469876e-01;6.7500000e+01;2.4069765e-01;6.7500000e+01;1.7465049e-01;6.7500000e+01;1.2100236e-01;6.7500000e+01;7.4853629e-02;6.7500000e+01;3.2951646e-02;6.7500000e+01;-9.5695108e-03;6.7500000e+01;-5.2950248e-02;6.7500000e+01;-9.5070615e-02;6.7500000e+01;-1.3869116e-01;6.7500000e+01;-5.2848138e-02;6.7500000e+01;-9.8736715e-03;6.7500000e+01;5.3867295e-02;6.7500000e+01;1.3370459e-01;6.7500000e+01;2.1781790e-01;6.7500000e+01;2.6958331e-01;6.7500000e+01;2.8133231e-01;6.7500000e+01;3.2191744e-01;6.7500000e+01;3.1469876e-01;6.7500000e+01;2.4069765e-01;6.7500000e+01;1.7465049e-01;6.7500000e+01;1.2100236e-01;6.7500000e+01;7.4853629e-02;6.7500000e+01;3.2951646e-02;6.7500000e+01;-9.5695108e-03;6.7500000e+01;-5.2950248e-02;6.7500000e+01;-9.5070615e-02;6.7500000e+01;-1.3869116e-01;6.7500000e+01;-5.2848138e-02;6.7500000e+01;-9.8736715e-03;6.7500000e+01;5.3867295e-02;6.7500000e+01;1.3370459e-01;6.7500000e+01;2.1781790e-01;6.7500000e+01;2.6958331e-01;6.7500000e+01;2.8133231e-01;6.7500000e+01;3.2191744e-01;6.7500000e+01;3.1469876e-01;6.7500000e+01;2.4069765e-01;6.7500000e+01;1.7465049e-01;6.7500000e+01;1.2100236e-01;6.7500000e+01;7.4853629e-02;6.7500000e+01;3.2951646e-02;6.7500000e+01;-9.5695108e-03;6.7500000e+01;-5.2950248e-02;6.7500000e+01;-9.5070615e-02;6.7500000e+01;-1.3869116e-01;6.7500000e+01;-5.2848138e-02;6.7500000e+01;-9.8736715e-03;6.7500000e+01;5.3867295e-02;6.7500000e+01;1.3370459e-01;6.7500000e+01;2.1781790e-01;6.7500000e+01;2.6958331e-01;6.7500000e+01;2.8133231e-01;6.7500000e+01;3.2191744e-01;6.7500000e+01;3.1469876e-01;6.7500000e+01;2.4069765e-01;6.7500000e+01;1.7465049e-01;6.7500000e+01;1.2100236e-01;6.7500000e+01;7.4853629e-02;6.7500000e+01;3.2951646e-02;6.7500000e+01;-9.5695108e-03;6.7500000e+01;-5.2950248e-02;6.7500000e+01;-9.5070615e-02;6.7500000e+01;-1.3869116e-01;6.7500000e+01;-5.2848138e-02;6.7500000e+01;-9.8736715e-03;6.7500000e+01;5.3867295e-02;6.7500000e+01;1.3370459e-01;6.7500000e+01;2.1781790e-01;6.7500000e+01;2.6958331e-01;6.7500000e+01;2.8133231e-01;6.7500000e+01;3.2191744e-01;6.7500000e+01;3.1469876e-01;6.7500000e+01;2.4069765e-01;6.7500000e+01;1.7465049e-01;6.7500000e+01;1.2100236e-01;6.7500000e+01;7.4853629e-02;6.7500000e+01;3.2951646e-02;6.7500000e+01;-9.5695108e-03;6.7500000e+01;-5.2950248e-02;6.7500000e+01;-9.5070615e-02;6.7500000e+01;-1.3869116e-01;6.7500000e+01;-5.2848138e-02;6.7500000e+01;-9.8736715e-03;6.7500000e+01;5.3867295e-02;6.7500000e+01;1.3370459e-01;6.7500000e+01;2.1781790e-01;6.7500000e+01;2.6958331e-01;6.7500000e+01;2.8133231e-01;6.7500000e+01;3.2191744e-01;6.7500000e+01;3.1469876e-01;6.7500000e+01;2.4069765e-01;6.7500000e+01;1.7465049e-01;6.7500000e+01;1.2100236e-01;6.7500000e+01;7.4853629e-02;6.7500000e+01;3.2951646e-02;6.7500000e+01;-9.5695108e-03;6.7500000e+01;-5.2950248e-02;6.7500000e+01;-9.5070615e-02;6.7500000e+01;-1.3869116e-01;6.7500000e+01;-5.2848138e-02;6.7500000e+01;-9.8736715e-03;6.7500000e+01;5.3867295e-02;6.7500000e+01;1.3370459e-01;6.7500000e+01;2.1781790e-01;6.7500000e+01;2.6958331e-01;6.7500000e+01;2.8133231e-01;6.7500000e+01;3.2191744e-01;6.7500000e+01;3.1469876e-01;6.7500000e+01;2.4069765e-01;6.7500000e+01;1.7465049e-01;6.7500000e+01;1.2100236e-01;6.7500000e+01;7.4853629e-02;6.7500000e+01;3.2951646e-02;6.7500000e+01;-9.5695108e-03;6.7500000e+01;-5.2950248e-02;6.7500000e+01;-9.5070615e-02;6.7500000e+01;-1.3869116e-01;6.7500000e+01;-5.2848138e-02;6.7500000e+01;-9.8736715e-03;6.7500000e+01;5.3867295e-02;6.7500000e+01;1.3370459e-01;6.7500000e+01;2.1781790e-01;6.7500000e+01;2.6958331e-01;6.7500000e+01;2.8133231e-01;6.7500000e+01;3.2191744e-01;6.7500000e+01;3.1469876e-01;6.7500000e+01;2.4069765e-01;6.7500000e+01;1.7465049e-01;6.7500000e+01;1.2100236e-01;6.7500000e+01;7.4853629e-02;6.7500000e+01;3.2951646e-02;6.7500000e+01;-9.5695108e-03;6.7500000e+01;-5.2950248e-02;6.7500000e+01;-9.5070615e-02;6.7500000e+01;-1.3869116e-01;6.7500000e+01;-5.2848138e-02;6.7500000e+01;-9.8736715e-03;6.7500000e+01;5.3867295e-02;6.7500000e+01;1.3370459e-01;6.7500000e+01;2.1781790e-01;6.7500000e+01;2.6958331e-01;6.7500000e+01;2.8133231e-01;6.7500000e+01;3.2191744e-01;6.7500000e+01;3.1469876e-01;6.7500000e+01;2.4069765e-01;6.7500000e+01;1.7465049e-01;6.7500000e+01;1.2100236e-01;6.7500000e+01;7.4853629e-02;6.7500000e+01;3.2951646e-02;6.7500000e+01;-9.5695108e-03;6.7500000e+01;-5.2950248e-02;6.7500000e+01;-9.5070615e-02;6.7500000e+01;-1.3869116e-01;6.7500000e+01;-5.2848138e-02;6.7500000e+01;-9.8736715e-03;6.7500000e+01;5.3867295e-02;6.7500000e+01;1.3370459e-01;6.7500000e+01;2.1781790e-01;6.7500000e+01;2.6958331e-01;6.7500000e+01;2.8133231e-01;6.7500000e+01;3.2191744e-01;6.7500000e+01;3.1469876e-01;6.7500000e+01;2.4069765e-01;6.7500000e+01;1.7465049e-01;6.7500000e+01;1.2100236e-01;6.7500000e+01;7.4853629e-02;6.7500000e+01;3.2951646e-02;6.7500000e+01;-9.5695108e-03;6.7500000e+01;-5.2950248e-02;6.7500000e+01;-9.5070615e-02;6.7500000e+01;-1.3869116e-01;6.7500000e+01;-5.2848138e-02;6.7500000e+01;-9.8736715e-03;6.7500000e+01;5.3867295e-02;6.7500000e+01;1.3370459e-01;6.7500000e+01;2.1781790e-01;6.7500000e+01;2.6958331e-01;6.7500000e+01;2.8133231e-01;6.7500000e+01;3.2191744e-01;6.7500000e+01;3.1469876e-01;6.7500000e+01;2.4069765e-01;6.7500000e+01;1.7465049e-01;6.7500000e+01;1.2100236e-01;6.7500000e+01;7.4853629e-02;6.7500000e+01;3.2951646e-02;6.7500000e+01;-9.5695108e-03;6.7500000e+01;-5.2950248e-02;6.7500000e+01;-9.5070615e-02;6.7500000e+01;-1.3869116e-01;6.7500000e+01;-5.2848138e-02;6.7500000e+01;-9.8736715e-03;6.7500000e+01;5.3867295e-02;6.7500000e+01;1.3370459e-01;6.7500000e+01;2.1781790e-01;6.7500000e+01;2.6958331e-01;6.7500000e+01;2.8133231e-01;6.7500000e+01;3.2191744e-01;6.7500000e+01;3.1469876e-01;6.7500000e+01;2.4069765e-01;6.7500000e+01;1.7465049e-01;6.7500000e+01;1.2100236e-01;6.7500000e+01;7.4853629e-02;6.7500000e+01;3.2951646e-02;6.7500000e+01;-9.5695108e-03;6.7500000e+01;-5.2950248e-02;6.7500000e+01;-9.5070615e-02;6.7500000e+01;-1.3869116e-01;6.7500000e+01;-5.2848138e-02;6.7500000e+01;-9.8736715e-03;6.7500000e+01;5.3867295e-02;6.7500000e+01;1.3370459e-01;6.7500000e+01;2.1781790e-01;6.7500000e+01;2.6958331e-01;6.7500000e+01;2.8133231e-01;6.7500000e+01;3.2191744e-01;6.7500000e+01;3.1469876e-01;6.7500000e+01;2.4069765e-01;6.7500000e+01;1.7465049e-01;6.7500000e+01;1.2100236e-01;6.7500000e+01;7.4853629e-02;6.7500000e+01;3.2951646e-02;6.7500000e+01;-9.5695108e-03;6.7500000e+01;-5.2950248e-02;6.7500000e+01;-9.5070615e-02;6.7500000e+01;-1.3869116e-01;6.7500000e+01;-5.2848138e-02;6.7500000e+01;-9.8736715e-03;6.7500000e+01;5.3867295e-02;6.7500000e+01;1.3370459e-01;6.7500000e+01;2.1781790e-01;6.7500000e+01;2.6958331e-01;6.7500000e+01;2.8133231e-01;6.7500000e+01;3.2191744e-01;6.7500000e+01;3.1469876e-01;6.7500000e+01;2.4069765e-01;6.7500000e+01;1.7465049e-01;6.7500000e+01;1.2100236e-01;6.7500000e+01;7.4853629e-02;6.7500000e+01;3.2951646e-02;6.7500000e+01;-9.5695108e-03;6.7500000e+01;-5.2950248e-02;6.7500000e+01;-9.5070615e-02;6.7500000e+01;-1.3869116e-01;6.7500000e+01;-5.2848138e-02;6.7500000e+01;-9.8736715e-03;6.7500000e+01;5.3867295e-02;6.7500000e+01;1.3370459e-01;6.7500000e+01;2.1781790e-01;6.7500000e+01;2.6958331e-01;6.7500000e+01;2.8133231e-01;6.7500000e+01;3.2191744e-01;6.7500000e+01;3.1469876e-01;6.7500000e+01;2.4069765e-01;6.7500000e+01;1.7465049e-01;6.7500000e+01;1.2100236e-01;6.7500000e+01;7.4853629e-02;6.7500000e+01;3.2951646e-02;6.7500000e+01;-9.5695108e-03;6.7500000e+01;-5.2950248e-02;6.7500000e+01;-9.5070615e-02;6.7500000e+01;-1.3869116e-01;6.7500000e+01;-5.2848138e-02;6.7500000e+01;-9.8736715e-03;6.7500000e+01;5.3867295e-02;6.7500000e+01;1.3370459e-01;6.7500000e+01;2.1781790e-01;6.7500000e+01;2.6958331e-01;6.7500000e+01;2.8133231e-01;6.7500000e+01;3.2191744e-01;6.7500000e+01;3.1469876e-01;6.7500000e+01;2.4069765e-01;6.7500000e+01;1.7465049e-01;6.7500000e+01;1.2100236e-01;6.7500000e+01;7.4853629e-02;6.7500000e+01;3.2951646e-02;6.7500000e+01;-9.5695108e-03;6.7500000e+01;-5.2950248e-02;6.7500000e+01;-9.5070615e-02;6.7500000e+01;-1.3869116e-01;6.7500000e+01;-5.2848138e-02;6.7500000e+01;-9.8736715e-03;6.7500000e+01;5.3867295e-02;6.7500000e+01;1.3370459e-01;6.7500000e+01;2.1781790e-01;6.7500000e+01;2.6958331e-01;6.7500000e+01;2.8133231e-01;6.7500000e+01;3.2191744e-01;6.7500000e+01;3.1469876e-01;6.7500000e+01;2.4069765e-01;6.7500000e+01;1.7465049e-01;6.7500000e+01;1.2100236e-01;6.7500000e+01;7.4853629e-02;6.7500000e+01;3.2951646e-02;6.7500000e+01;-9.5695108e-03;6.7500000e+01;-5.2950248e-02;6.7500000e+01;-9.5070615e-02;6.7500000e+01;-1.3869116e-01;6.7500000e+01;-5.2848138e-02;6.7500000e+01;-9.8736715e-03;6.7500000e+01;5.3867295e-02;6.7500000e+01;1.3370459e-01;6.7500000e+01;2.1781790e-01;6.7500000e+01;2.6958331e-01;6.7500000e+01;2.8133231e-01;6.7500000e+01;3.2191744e-01;6.7500000e+01;3.1469876e-01;6.7500000e+01;2.4069765e-01;6.7500000e+01;1.7465049e-01;6.7500000e+01;1.2100236e-01;6.7500000e+01;7.4853629e-02;6.7500000e+01;3.2951646e-02;6.7500000e+01;-9.5695108e-03;6.7500000e+01;-5.2950248e-02;6.7500000e+01;-9.5070615e-02;6.7500000e+01;-1.3869116e-01;6.7500000e+01;-5.2848138e-02;6.7500000e+01;-9.8736715e-03;6.7500000e+01;5.3867295e-02;6.7500000e+01;1.3370459e-01;6.7500000e+01;2.1781790e-01;6.7500000e+01;2.6958331e-01;6.7500000e+01;2.8133231e-01;6.7500000e+01;3.2191744e-01;6.7500000e+01;3.1469876e-01;6.7500000e+01;2.4069765e-01;6.7500000e+01;1.7465049e-01;6.7500000e+01;1.2100236e-01;6.7500000e+01;7.4853629e-02;6.7500000e+01;3.2951646e-02;6.7500000e+01;-9.5695108e-03;6.7500000e+01;-5.2950248e-02;6.7500000e+01;-9.5070615e-02;6.7500000e+01;-1.3869116e-01;6.7500000e+01;-5.2848138e-02;6.7500000e+01;-9.8736715e-03;6.7500000e+01;5.3867295e-02;6.7500000e+01;1.3370459e-01;6.7500000e+01;2.1781790e-01;6.7500000e+01;2.6958331e-01;6.7500000e+01;2.8133231e-01;6.7500000e+01;3.2191744e-01;6.7500000e+01;3.1469876e-01;6.7500000e+01;2.4069765e-01;6.7500000e+01;1.7465049e-01;6.7500000e+01;1.2100236e-01;6.7500000e+01;7.4853629e-02;6.7500000e+01;3.2951646e-02;6.7500000e+01;-9.5695108e-03;6.7500000e+01;-5.2950248e-02;6.7500000e+01;-9.5070615e-02;6.7500000e+01;-1.3869116e-01;6.7500000e+01;-5.2848138e-02;6.7500000e+01;-9.8736715e-03;6.7500000e+01;5.3867295e-02;6.7500000e+01;1.3370459e-01;6.7500000e+01;2.1781790e-01;6.7500000e+01;2.6958331e-01;6.7500000e+01;2.8133231e-01;6.7500000e+01;3.2191744e-01;6.7500000e+01;3.1469876e-01;6.7500000e+01;2.4069765e-01;6.7500000e+01;1.7465049e-01;6.7500000e+01;1.2100236e-01;6.7500000e+01;7.4853629e-02;6.7500000e+01;3.2951646e-02;6.7500000e+01;-9.5695108e-03;6.7500000e+01;-5.2950248e-02;6.7500000e+01;-9.5070615e-02;6.7500000e+01;-1.3869116e-01
7.2500000e+01;-5.8351196e-02;7.2500000e+01;-1.6599640e-02;7.2500000e+01;4.4183187e-02;7.2500000e+01;1.1972595e-01;7.2500000e+01;2.0148998e-01;7.2500000e+01;2.5547194e-01;7.2500000e+01;2.7859068e-01;7.2500000e+01;3.1531924e-01;7.2500000e+01;3.1241241e-01;7.2500000e+01;2.3830758e-01;7.2500000e+01;1.6687088e-01;7.2500000e+01;1.0900486e-01;7.2500000e+01;6.1380073e-02;7.2500000e+01;1.8140554e-02;7.2500000e+01;-2.4031729e-02;7.2500000e+01;-6.6997617e-02;7.2500000e+01;-1.0884981e-01;7.2500000e+01;-1.5201043e-01;7.2500000e+01;-5.8351196e-02;7.2500000e+01;-1.6599640e-02;7.2500000e+01;4.4183187e-02;7.2500000e+01;1.1972595e-01;7.2500000e+01;2.0148998e-01;7.2500000e+01;2.5547194e-01;7.2500000e+01;2.7859068e-01;7.2500000e+01;3.1531924e-01;7.2500000e+01;3.1241241e-01;7.2500000e+01;2.3830758e-01;7.2500000e+01;1.6687088e-01;7.2500000e+01;1.0900486e-01;7.2500000e+01;6.1380073e-02;7.2500000e+01;1.8140554e-02;7.2500000e+01;-2.4031729e-02;7.2500000e+01;-6.6997617e-02;7.2500000e+01;-1.0884981e-01;7.2500000e+01;-1.5201043e-01;7.2500000e+01;-5.8351196e-02;7.2500000e+01;-1.6599640e-02;7.2500000e+01;4.4183187e-02;7.2500000e+01;1.1972595e-01;7.2500000e+01;2.0148998e-01;7.2500000e+01;2.5547194e-01;7.2500000e+01;2.7859068e-01;7.2500000e+01;3.1531924e-01;7.2500000e+01;3.1241241e-01;7.2500000e+01;2.3830758e-01;7.2500000e+01;1.6687088e-01;7.2500000e+01;1.0900486e-01;7.2500000e+01;6.1380073e-02;7.2500000e+01;1.8140554e-02;7.2500000e+01;-2.4031729e-02;7.2500000e+01;-6.6997617e-02;7.2500000e+01;-1.0884981e-01;7.2500000e+01;-1.5201043e-01;7.2500000e+01;-5.8351196e-02;7.2500000e+01;-1.6599640e-02;7.2500000e+01;4.4183187e-02;7.2500000e+01;1.1972595e-01;7.2500000e+01;2.0148998e-01;7.2500000e+01;2.5547194e-01;7.2500000e+01;2.7859068e-01;7.2500000e+01;3.1531924e-01;7.2500000e+01;3.1241241e-01;7.2500000e+01;2.3830758e-01;7.2500000e+01;1.6687088e-01;7.2500000e+01;1.0900486e-01;7.2500000e+01;6.1380073e-02;7.2500000e+01;1.8140554e-02;7.2500000e+01;-2.4031729e-02;7.2500000e+01;-6.6997617e-02;7.2500000e+01;-1.0884981e-01;7.2500000e+01;-1.5201043e-01;7.2500000e+01;-5.8351196e-02;7.2500000e+01;-1.6599640e-02;7.2500000e+01;4.4183187e-02;7.2500000e+01;1.1972595e-01;7.2500000e+01;2.0148998e-01;7.2500000e+01;2.5547194e-01;7.2500000e+01;2.7859068e-01;7.2500000e+01;3.1531924e-01;7.2500000e+01;3.1241241e-01;7.2500000e+01;2.3830758e-01;7.2500000e+01;1.6687088e-01;7.2500000e+01;1.0900486e-01;7.2500000e+01;6.1380073e-02;7.2500000e+01;1.8140554e-02;7.2500000e+01;-2.4031729e-02;7.2500000e+01;-6.6997617e-02;7.2500000e+01;-1.0884981e-01;7.2500000e+01;-1.5201043e-01;7.2500000e+01;-5.8351196e-02;7.2500000e+01;-1.6599640e-02;7.2500000e+01;4.4183187e-02;7.2500000e+01;1.1972595e-01;7.2500000e+01;2.0148998e-01;7.2500000e+01;2.5547194e-01;7.2500000e+01;2.7859068e-01;7.2500000e+01;3.1531924e-01;7.2500000e+01;3.1241241e-01;7.2500000e+01;2.3830758e-01;7.2500000e+01;1.6687088e-01;7.2500000e+01;1.0900486e-01;7.2500000e+01;6.1380073e-02;7.2500000e+01;1.8140554e-02;7.2500000e+01;-2.4031729e-02;7.2500000e+01;-6.6997617e-02;7.2500000e+01;-1.0884981e-01;7.2500000e+01;-1.5201043e-01;7.2500000e+01;-5.8351196e-02;7.2500000e+01;-1.6599640e-02;7.2500000e+01;4.4183187e-02;7.2500000e+01;1.1972595e-01;7.2500000e+01;2.0148998e-01;7.2500000e+01;2.5547194e-01;7.2500000e+01;2.7859068e-01;7.2500000e+01;3.1531924e-01;7.2500000e+01;3.1241241e-01;7.2500000e+01;2.3830758e-01;7.2500000e+01;1.6687088e-01;7.2500000e+01;1.0900486e-01;7.2500000e+01;6.1380073e-02;7.2500000e+01;1.8140554e-02;7.2500000e+01;-2.4031729e-02;7.2500000e+01;-6.6997617e-02;7.2500000e+01;-1.0884981e-01;7.2500000e+01;-1.5201043e-01;7.2500000e+01;-5.8351196e-02;7.2500000e+01;-1.6599640e-02;7.2500000e+01;4.4183187e-02;7.2500000e+01;1.1972595e-01;7.2500000e+01;2.0148998e-01;7.2500000e+01;2.5547194e-01;7.2500000e+01;2.7859068e-01;7.2500000e+01;3.1531924e-01;7.2500000e+01;3.1241241e-01;7.2500000e+01;2.3830758e-01;7.2500000e+01;1.6687088e-01;7.2500000e+01;1.0900486e-01;7.2500000e+01;6.1380073e-02;7.2500000e+01;1.8140554e-02;7.2500000e+01;-2.4031729e-02;7.2500000e+01;-6.6997617e-02;7.2500000e+01;-1.0884981e-01;7.2500000e+01;-1.5201043e-01;7.2500000e+01;-5.8351196e-02;7.2500000e+01;-1.6599640e-02;7.2500000e+01;4.4183187e-02;7.2500000e+01;1.1972595e-01;7.2500000e+01;2.0148998e-01;7.2500000e+01;2.5547194e-01;7.2500000e+01;2.7859068e-01;7.2500000e+01;3.1531924e-01;7.2500000e+01;3.1241241e-01;7.2500000e+01;2.3830758e-01;7.2500000e+01;1.6687088e-01;7.2500000e+01;1.0900486e-01;7.2500000e+01;6.1380073e-02;7.2500000e+01;1.8140554e-02;7.2500000e+01;-2.4031729e-02;7.2500000e+01;-6.6997617e-02;7.2500000e+01;-1.0884981e-01;7.2500000e+01;-1.5201043e-01;7.2500000e+01;-5.8351196e-02;7.2500000e+01;-1.6599640e-02;7.2500000e+01;4.4183187e-02;7.2500000e+01;1.1972595e-01;7.2500000e+01;2.0148998e-01;7.2500000e+01;2.5547194e-01;7.2500000e+01;2.7859068e-01;7.2500000e+01;3.1531924e-01;7.2500000e+01;3.1241241e-01;7.2500000e+01;2.3830758e-01;7.2500000e+01;1.6687088e-01;7.2500000e+01;1.0900486e-01;7.2500000e+01;6.1380073e-02;7.2500000e+01;1.8140554e-02;7.2500000e+01;-2.4031729e-02;7.2500000e+01;-6.6997617e-02;7.2500000e+01;-1.0884981e-01;7.2500000e+01;-1.5201043e-01;7.2500000e+01;-5.8351196e-02;7.2500000e+01;-1.6599640e-02;7.2500000e+01;4.4183187e-02;7.2500000e+01;1.1972595e-01;7.2500000e+01;2.0148998e-01;7.2500000e+01;2.5547194e-01;7.2500000e+01;2.7859068e-01;7.2500000e+01;3.1531924e-01;7.2500000e+01;3.1241241e-01;7.2500000e+01;2.3830758e-01;7.2500000e+01;1.6687088e-01;7.2500000e+01;1.0900486e-01;7.2500000e+01;6.1380073e-02;7.2500000e+01;1.8140554e-02;7.2500000e+01;-2.4031729e-02;7.2500000e+01;-6.6997617e-02;7.2500000e+01;-1.0884981e-01;7.2500000e+01;-1.5201043e-01;7.2500000e+01;-5.8351196e-02;7.2500000e+01;-1.6599640e-02;7.2500000e+01;4.4183187e-02;7.2500000e+01;1.1972595e-01;7.2500000e+01;2.0148998e-01;7.2500000e+01;2.5547194e-01;7.2500000e+01;2.7859068e-01;7.2500000e+01;3.1531924e-01;7.2500000e+01;3.1241241e-01;7.2500000e+01;2.3830758e-01;7.2500000e+01;1.6687088e-01;7.2500000e+01;1.0900486e-01;7.2500000e+01;6.1380073e-02;7.2500000e+01;1.8140554e-02;7.2500000e+01;-2.4031729e-02;7.2500000e+01;-6.6997617e-02;7.2500000e+01;-1.0884981e-01;7.2500000e+01;-1.5201043e-01;7.2500000e+01;-5.8351196e-02;7.2500000e+01;-1.6599640e-02;7.2500000e+01;4.4183187e-02;7.2500000e+01;1.1972595e-01;7.2500000e+01;2.0148998e-01;7.2500000e+01;2.5547194e-01;7.2500000e+01;2.7859068e-01;7.2500000e+01;3.1531924e-01;7.2500000e+01;3.1241241e-01;7.2500000e+01;2.3830758e-01;7.2500000e+01;1.6687088e-01;7.2500000e+01;1.0900486e-01;7.2500000e+01;6.1380073e-02;7.2500000e+01;1.8140554e-02;7.2500000e+01;-2.4031729e-02;7.2500000e+01;-6.6997617e-02;7.2500000e+01;-1.0884981e-01;7.2500000e+01;-1.5201043e-01;7.2500000e+01;-5.8351196e-02;7.2500000e+01;-1.6599640e-02;7.2500000e+01;4.4183187e-02;7.2500000e+01;1.1972595e-01;7.2500000e+01;2.0148998e-01;7.2500000e+01;2.5547194e-01;7.2500000e+01;2.7859068e-01;7.2500000e+01;3.1531924e-01;7.2500000e+01;3.1241241e-01;7.2500000e+01;2.3830758e-01;7.2500000e+01;1.6687088e-01;7.2500000e+01;1.0900486e-01;7.2500000e+01;6.1380073e-02;7.2500000e+01;1.8140554e-02;7.2500000e+01;-2.4031729e-02;7.2500000e+01;-6.6997617e-02;7.2500000e+01;-1.0884981e-01;7.2500000e+01;-1.5201043e-01;7.2500000e+01;-5.8351196e-02;7.2500000e+01;-1.6599640e-02;7.2500000e+01;4.4183187e-02;7.2500000e+01;1.1972595e-01;7.2500000e+01;2.0148998e-01;7.2500000e+01;2.5547194e-01;7.2500000e+01;2.7859068e-01;7.2500000e+01;3.1531924e-01;7.2500000e+01;3.1241241e-01;7.2500000e+01;2.3830758e-01;7.2500000e+01;1.6687088e-01;7.2500000e+01;1.0900486e-01;7.2500000e+01;6.1380073e-02;7.2500000e+01;1.8140554e-02;7.2500000e+01;-2.4031729e-02;7.2500000e+01;-6.6997617e-02;7.2500000e+01;-1.0884981e-01;7.2500000e+01;-1.5201043e-01;7.2500000e+01;-5.8351196e-02;7.2500000e+01;-1.6599640e-02;7.2500000e+01;4.4183187e-02;7.2500000e+01;1.1972595e-01;7.2500000e+01;2.0148998e-01;7.2500000e+01;2.5547194e-01;7.2500000e+01;2.7859068e-01;7.2500000e+01;3.1531924e-01;7.2500000e+01;3.1241241e-01;7.2500000e+01;2.3830758e-01;7.2500000e+01;1.6687088e-01;7.2500000e+01;1.0900486e-01;7.2500000e+01;6.1380073e-02;7.2500000e+01;1.8140554e-02;7.2500000e+01;-2.4031729e-02;7.2500000e+01;-6.6997617e-02;7.2500000e+01;-1.0884981e-01;7.2500000e+01;-1.5201043e-01;7.2500000e+01;-5.8351196e-02;7.2500000e+01;-1.6599640e-02;7.2500000e+01;4.4183187e-02;7.2500000e+01;1.1972595e-01;7.2500000e+01;2.0148998e-01;7.2500000e+01;2.5547194e-01;7.2500000e+01;2.7859068e-01;7.2500000e+01;3.1531924e-01;7.2500000e+01;3.1241241e-01;7.2500000e+01;2.3830758e-01;7.2500000e+01;1.6687088e-01;7.2500000e+01;1.0900486e-01;7.2500000e+01;6.1380073e-02;7.2500000e+01;1.8140554e-02;7.2500000e+01;-2.4031729e-02;7.2500000e+01;-6.6997617e-02;7.2500000e+01;-1.0884981e-01;7.2500000e+01;-1.5201043e-01;7.2500000e+01;-5.8351196e-02;7.2500000e+01;-1.6599640e-02;7.2500000e+01;4.4183187e-02;7.2500000e+01;1.1972595e-01;7.2500000e+01;2.0148998e-01;7.2500000e+01;2.5547194e-01;7.2500000e+01;2.7859068e-01;7.2500000e+01;3.1531924e-01;7.2500000e+01;3.1241241e-01;7.2500000e+01;2.3830758e-01;7.2500000e+01;1.6687088e-01;7.2500000e+01;1.0900486e-01;7.2500000e+01;6.1380073e-02;7.2500000e+01;1.8140554e-02;7.2500000e+01;-2.4031729e-02;7.2500000e+01;-6.6997617e-02;7.2500000e+01;-1.0884981e-01;7.2500000e+01;-1.5201043e-01;7.2500000e+01;-5.8351196e-02;7.2500000e+01;-1.6599640e-02;7.2500000e+01;4.4183187e-02;7.2500000e+01;1.1972595e-01;7.2500000e+01;2.0148998e-01;7.2500000e+01;2.5547194e-01;7.2500000e+01;2.7859068e-01;7.2500000e+01;3.1531924e-01;7.2500000e+01;3.1241241e-01;7.2500000e+01;2.3830758e-01;7.2500000e+01;1.6687088e-01;7.2500000e+01;1.0900486e-01;7.2500000e+01;6.1380073e-02;7.2500000e+01;1.8140554e-02;7.2500000e+01;-2.4031729e-02;7.2500000e+01;-6.6997617e-02;7.2500000e+01;-1.0884981e-01;7.2500000e+01;-1.5201043e-01;7.2500000e+01;-5.8351196e-02;7.2500000e+01;-1.6599640e-02;7.2500000e+01;4.4183187e-02;7.2500000e+01;1.1972595e-01;7.2500000e+01;2.0148998e-01;7.2500000e+01;2.5547194e-01;7.2500000e+01;2.7859068e-01;7.2500000e+01;3.1531924e-01;7.2500000e+01;3.1241241e-01;7.2500000e+01;2.3830758e-01;7.2500000e+01;1.6687088e-01;7.2500000e+01;1.0900486e-01;7.2500000e+01;6.1380073e-02;7.2500000e+01;1.8140554e-02;7.2500000e+01;-2.4031729e-02;7.2500000e+01;-6.6997617e-02;7.2500000e+01;-1.0884981e-01;7.2500000e+01;-1.5201043e-01;7.2500000e+01;-5.8351196e-02;7.2500000e+01;-1.6599640e-02;7.2500000e+01;4.4183187e-02;7.2500000e+01;1.1972595e-01;7.2500000e+01;2.0148998e-01;7.2500000e+01;2.5547194e-01;7.2500000e+01;2.7859068e-01;7.2500000e+01;3.1531924e-01;7.2500000e+01;3.1241241e-01;7.2500000e+01;2.3830758e-01;7.2500000e+01;1.6687088e-01;7.2500000e+01;1.0900486e-01;7.2500000e+01;6.1380073e-02;7.2500000e+01;1.8140554e-02;7.2500000e+01;-2.4031729e-02;7.2500000e+01;-6.6997617e-02;7.2500000e+01;-1.0884981e-01;7.2500000e+01;-1.5201043e-01;7.2500000e+01;-5.8351196e-02;7.2500000e+01;-1.6599640e-02;7.2500000e+01;4.4183187e-02;7.2500000e+01;1.1972595e-01;7.2500000e+01;2.0148998e-01;7.2500000e+01;2.5547194e-01;7.2500000e+01;2.7859068e-01;7.2500000e+01;3.1531924e-01;7.2500000e+01;3.1241241e-01;7.2500000e+01;2.3830758e-01;7.2500000e+01;1.6687088e-01;7.2500000e+01;1.0900486e-01;7.2500000e+01;6.1380073e-02;7.2500000e+01;1.8140554e-02;7.2500000e+01;-2.4031729e-02;7.2500000e+01;-6.6997617e-02;7.2500000e+01;-1.0884981e-01;7.2500000e+01;-1.5201043e-01;7.2500000e+01;-5.8351196e-02;7.2500000e+01;-1.6599640e-02;7.2500000e+01;4.4183187e-02;7.2500000e+01;1.1972595e-01;7.2500000e+01;2.0148998e-01;7.2500000e+01;2.5547194e-01;7.2500000e+01;2.7859068e-01;7.2500000e+01;3.1531924e-01;7.2500000e+01;3.1241241e-01;7.2500000e+01;2.3830758e-01;7.2500000e+01;1.6687088e-01;7.2500000e+01;1.0900486e-01;7.2500000e+01;6.1380073e-02;7.2500000e+01;1.8140554e-02;7.2500000e+01;-2.4031729e-02;7.2500000e+01;-6.6997617e-02;7.2500000e+01;-1.0884981e-01;7.2500000e+01;-1.5201043e-01;7.2500000e+01;-5.8351196e-02;7.2500000e+01;-1.6599640e-02;7.2500000e+01;4.4183187e-02;7.2500000e+01;1.1972595e-01;7.2500000e+01;2.0148998e-01;7.2500000e+01;2.5547194e-01;7.2500000e+01;2.7859068e-01;7.2500000e+01;3.1531924e-01;7.2500000e+01;3.1241241e-01;7.2500000e+01;2.3830758e-01;7.2500000e+01;1.6687088e-01;7.2500000e+01;1.0900486e-01;7.2500000e+01;6.1380073e-02;7.2500000e+01;1.8140554e-02;7.2500000e+01;-2.4031729e-02;7.2500000e+01;-6.6997617e-02;7.2500000e+01;-1.0884981e-01;7.2500000e+01;-1.5201043e-01;7.2500000e+01;-5.8351196e-02;7.2500000e+01;-1.6599640e-02;7.2500000e+01;4.4183187e-02;7.2500000e+01;1.1972595e-01;7.2500000e+01;2.0148998e-01;7.2500000e+01;2.5547194e-01;7.2500000e+01;2.7859068e-01;7.2500000e+01;3.1531924e-01;7.2500000e+01;3.1241241e-01;7.2500000e+01;2.3830758e-01;7.2500000e+01;1.6687088e-01;7.2500000e+01;1.0900486e-01;7.2500000e+01;6.1380073e-02;7.2500000e+01;1.8140554e-02;7.2500000e+01;-2.4031729e-02;7.2500000e+01;-6.6997617e-02;7.2500000e+01;-1.0884981e-01;7.2500000e+01;-1.5201043e-01;7.2500000e+01;-5.8351196e-02;7.2500000e+01;-1.6599640e-02;7.2500000e+01;4.4183187e-02;7.2500000e+01;1.1972595e-01;7.2500000e+01;2.0148998e-01;7.2500000e+01;2.5547194e-01;7.2500000e+01;2.7859068e-01;7.2500000e+01;3.1531924e-01;7.2500000e+01;3.1241241e-01;7.2500000e+01;2.3830758e-01;7.2500000e+01;1.6687088e-01;7.2500000e+01;1.0900486e-01;7.2500000e+01;6.1380073e-02;7.2500000e+01;1.8140554e-02;7.2500000e+01;-2.4031729e-02;7.2500000e+01;-6.6997617e-02;7.2500000e+01;-1.0884981e-01;7.2500000e+01;-1.5201043e-01;7.2500000e+01;-5.8351196e-02;7.2500000e+01;-1.6599640e-02;7.2500000e+01;4.4183187e-02;7.2500000e+01;1.1972595e-01;7.2500000e+01;2.0148998e-01;7.2500000e+01;2.5547194e-01;7.2500000e+01;2.7859068e-01;7.2500000e+01;3.1531924e-01;7.2500000e+01;3.1241241e-01;7.2500000e+01;2.3830758e-01;7.2500000e+01;1.6687088e-01;7.2500000e+01;1.0900486e-01;7.2500000e+01;6.1380073e-02;7.2500000e+01;1.8140554e-02;7.2500000e+01;-2.4031729e-02;7.2500000e+01;-6.6997617e-02;7.2500000e+01;-1.0884981e-01;7.2500000e+01;-1.5201043e-01;7.2500000e+01;-5.8351196e-02;7.2500000e+01;-1.6599640e-02;7.2500000e+01;4.4183187e-02;7.2500000e+01;1.1972595e-01;7.2500000e+01;2.0148998e-01;7.2500000e+01;2.5547194e-01;7.2500000e+01;2.7859068e-01;7.2500000e+01;3.1531924e-01;7.2500000e+01;3.1241241e-01;7.2500000e+01;2.3830758e-01;7.2500000e+01;1.6687088e-01;7.2500000e+01;1.0900486e-01;7.2500000e+01;6.1380073e-02;7.2500000e+01;1.8140554e-02;7.2500000e+01;-2.4031729e-02;7.2500000e+01;-6.6997617e-02;7.2500000e+01;-1.0884981e-01;7.2500000e+01;-1.5201043e-01;7.2500000e+01;-5.8351196e-02;7.2500000e+01;-1.6599640e-02;7.2500000e+01;4.4183187e-02;7.2500000e+01;1.1972595e-01;7.2500000e+01;2.0148998e-01;7.2500000e+01;2.5547194e-01;7.2500000e+01;2.7859068e-01;7.2500000e+01;3.1531924e-01;7.2500000e+01;3.1241241e-01;7.2500000e+01;2.3830758e-01;7.2500000e+01;1.6687088e-01;7.2500000e+01;1.0900486e-01;7.2500000e+01;6.1380073e-02;7.2500000e+01;1.8140554e-02;7.2500000e+01;-2.4031729e-02;7.2500000e+01;-6.6997617e-02;7.2500000e+01;-1.0884981e-01;7.2500000e+01;-1.5201043e-01;7.2500000e+01;-5.8351196e-02;7.2500000e+01;-1.6599640e-02;7.2500000e+01;4.4183187e-02;7.2500000e+01;1.1972595e-01;7.2500000e+01;2.0148998e-01;7.2500000e+01;2.5547194e-01;7.2500000e+01;2.7859068e-01;7.2500000e+01;3.1531924e-01;7.2500000e+01;3.1241241e-01;7.2500000e+01;2.3830758e-01;7.2500000e+01;1.6687088e-01;7.2500000e+01;1.0900486e-01;7.2500000e+01;6.1380073e-02;7.2500000e+01;1.8140554e-02;7.2500000e+01;-2.4031729e-02;7.2500000e+01;-6.6997617e-02;7.2500000e+01;-1.0884981e-01;7.2500000e+01;-1.5201043e-01;7.2500000e+01;-5.8351196e-02;7.2500000e+01;-1.6599640e-02;7.2500000e+01;4.4183187e-02;7.2500000e+01;1.1972595e-01;7.2500000e+01;2.0148998e-01;7.2500000e+01;2.5547194e-01;7.2500000e+01;2.7859068e-01;7.2500000e+01;3.1531924e-01;7.2500000e+01;3.1241241e-01;7.2500000e+01;2.3830758e-01;7.2500000e+01;1.6687088e-01;7.2500000e+01;1.0900486e-01;7.2500000e+01;6.1380073e-02;7.2500000e+01;1.8140554e-02;7.2500000e+01;-2.4031729e-02;7.2500000e+01;-6.6997617e-02;7.2500000e+01;-1.0884981e-01;7.2500000e+01;-1.5201043e-01;7.2500000e+01;-5.8351196e-02;7.2500000e+01;-1.6599640e-02;7.2500000e+01;4.4183187e-02;7.2500000e+01;1.1972595e-01;7.2500000e+01;2.0148998e-01;7.2500000e+01;2.5547194e-01;7.2500000e+01;2.7859068e-01;7.2500000e+01;3.1531924e-01;7.2500000e+01;3.1241241e-01;7.2500000e+01;2.3830758e-01;7.2500000e+01;1.6687088e-01;7.2500000e+01;1.0900486e-01;7.2500000e+01;6.1380073e-02;7.2500000e+01;1.8140554e-02;7.2500000e+01;-2.4031729e-02;7.2500000e+01;-6.6997617e-02;7.2500000e+01;-1.0884981e-01;7.2500000e+01;-1.5201043e-01;7.2500000e+01;-5.8351196e-02;7.2500000e+01;-1.6599640e-02;7.2500000e+01;4.4183187e-02;7.2500000e+01;1.1972595e-01;7.2500000e+01;2.0148998e-01;7.2500000e+01;2.5547194e-01;7.2500000e+01;2.7859068e-01;7.2500000e+01;3.1531924e-01;7.2500000e+01;3.1241241e-01;7.2500000e+01;2.3830758e-01;7.2500000e+01;1.6687088e-01;7.2500000e+01;1.0900486e-01;7.2500000e+01;6.1380073e-02;7.2500000e+01;1.8140554e-02;7.2500000e+01;-2.4031729e-02;7.2500000e+01;-6.6997617e-02;7.2500000e+01;-1.0884981e-01;7.2500000e+01;-1.5201043e-01;7.2500000e+01;-5.8351196e-02;7.2500000e+01;-1.6599640e-02;7.2500000e+01;4.4183187e-02;7.2500000e+01;1.1972595e-01;7.2500000e+01;2.0148998e-01;7.2500000e+01;2.5547194e-01;7.2500000e+01;2.7859068e-01;7.2500000e+01;3.1531924e-01;7.2500000e+01;3.1241241e-01;7.2500000e+01;2.3830758e-01;7.2500000e+01;1.6687088e-01;7.2500000e+01;1.0900486e-01;7.2500000e+01;6.1380073e-02;7.2500000e+01;1.8140554e-02;7.2500000e+01;-2.4031729e-02;7.2500000e+01;-6.6997617e-02;7.2500000e+01;-1.0884981e-01;7.2500000e+01;-1.5201043e-01;7.2500000e+01;-5.8351196e-02;7.2500000e+01;-1.6599640e-02;7.2500000e+01;4.4183187e-02;7.2500000e+01;1.1972595e-01;7.2500000e+01;2.0148998e-01;7.2500000e+01;2.5547194e-01;7.2500000e+01;2.7859068e-01;7.2500000e+01;3.1531924e-01;7.2500000e+01;3.1241241e-01;7.2500000e+01;2.3830758e-01;7.2500000e+01;1.6687088e-01;7.2500000e+01;1.0900486e-01;7.2500000e+01;6.1380073e-02;7.2500000e+01;1.8140554e-02;7.2500000e+01;-2.4031729e-02;7.2500000e+01;-6.6997617e-02;7.2500000e+01;-1.0884981e-01;7.2500000e+01;-1.5201043e-01;7.2500000e+01;-5.8351196e-02;7.2500000e+01;-1.6599640e-02;7.2500000e+01;4.4183187e-02;7.2500000e+01;1.1972595e-01;7.2500000e+01;2.0148998e-01;7.2500000e+01;2.5547194e-01;7.2500000e+01;2.7859068e-01;7.2500000e+01;3.1531924e-01;7.2500000e+01;3.1241241e-01;7.2500000e+01;2.3830758e-01;7.2500000e+01;1.6687088e-01;7.2500000e+01;1.0900486e-01;7.2500000e+01;6.1380073e-02;7.2500000e+01;1.8140554e-02;7.2500000e+01;-2.4031729e-02;7.2500000e+01;-6.6997617e-02;7.2500000e+01;-1.0884981e-01;7.2500000e+01;-1.5201043e-01;7.2500000e+01;-5.8351196e-02;7.2500000e+01;-1.6599640e-02;7.2500000e+01;4.4183187e-02;7.2500000e+01;1.1972595e-01;7.2500000e+01;2.0148998e-01;7.2500000e+01;2.5547194e-01;7.2500000e+01;2.7859068e-01;7.2500000e+01;3.1531924e-01;7.2500000e+01;3.1241241e-01;7.2500000e+01;2.3830758e-01;7.2500000e+01;1.6687088e-01;7.2500000e+01;1.0900486e-01;7.2500000e+01;6.1380073e-02;7.2500000e+01;1.8140554e-02;7.2500000e+01;-2.4031729e-02;7.2500000e+01;-6.6997617e-02;7.2500000e+01;-1.0884981e-01;7.2500000e+01;-1.5201043e-01;7.2500000e+01;-5.8351196e-02;7.2500000e+01;-1.6599640e-02;7.2500000e+01;4.4183187e-02;7.2500000e+01;1.1972595e-01;7.2500000e+01;2.0148998e-01;7.2500000e+01;2.5547194e-01;7.2500000e+01;2.7859068e-01;7.2500000e+01;3.1531924e-01;7.2500000e+01;3.1241241e-01;7.2500000e+01;2.3830758e-01;7.2500000e+01;1.6687088e-01;7.2500000e+01;1.0900486e-01;7.2500000e+01;6.1380073e-02;7.2500000e+01;1.8140554e-02;7.2500000e+01;-2.4031729e-02;7.2500000e+01;-6.6997617e-02;7.2500000e+01;-1.0884981e-01;7.2500000e+01;-1.5201043e-01;7.2500000e+01;-5.8351196e-02;7.2500000e+01;-1.6599640e-02;7.2500000e+01;4.4183187e-02;7.2500000e+01;1.1972595e-01;7.2500000e+01;2.0148998e-01;7.2500000e+01;2.5547194e-01;7.2500000e+01;2.7859068e-01;7.2500000e+01;3.1531924e-01;7.2500000e+01;3.1241241e-01;7.2500000e+01;2.3830758e-01;7.2500000e+01;1.6687088e-01;7.2500000e+01;1.0900486e-01;7.2500000e+01;6.1380073e-02;7.2500000e+01;1.8140554e-02;7.2500000e+01;-2.4031729e-02;7.2500000e+01;-6.6997617e-02;7.2500000e+01;-1.0884981e-01;7.2500000e+01;-1.5201043e-01;7.2500000e+01;-5.8351196e-02;7.2500000e+01;-1.6599640e-02;7.2500000e+01;4.4183187e-02;7.2500000e+01;1.1972595e-01;7.2500000e+01;2.0148998e-01;7.2500000e+01;2.5547194e-01;7.2500000e+01;2.7859068e-01;7.2500000e+01;3.1531924e-01;7.2500000e+01;3.1241241e-01;7.2500000e+01;2.3830758e-01;7.2500000e+01;1.6687088e-01;7.2500000e+01;1.0900486e-01;7.2500000e+01;6.1380073e-02;7.2500000e+01;1.8140554e-02;7.2500000e+01;-2.4031729e-02;7.2500000e+01;-6.6997617e-02;7.2500000e+01;-1.0884981e-01;7.2500000e+01;-1.5201043e-01;7.2500000e+01;-5.8351196e-02;7.2500000e+01;-1.6599640e-02;7.2500000e+01;4.4183187e-02;7.2500000e+01;1.1972595e-01;7.2500000e+01;2.0148998e-01;7.2500000e+01;2.5547194e-01;7.2500000e+01;2.7859068e-01;7.2500000e+01;3.1531924e-01;7.2500000e+01;3.1241241e-01;7.2500000e+01;2.3830758e-01;7.2500000e+01;1.6687088e-01;7.2500000e+01;1.0900486e-01;7.2500000e+01;6.1380073e-02;7.2500000e+01;1.8140554e-02;7.2500000e+01;-2.4031729e-02;7.2500000e+01;-6.6997617e-02;7.2500000e+01;-1.0884981e-01;7.2500000e+01;-1.5201043e-01;7.2500000e+01;-5.8351196e-02;7.2500000e+01;-1.6599640e-02;7.2500000e+01;4.4183187e-02;7.2500000e+01;1.1972595e-01;7.2500000e+01;2.0148998e-01;7.2500000e+01;2.5547194e-01;7.2500000e+01;2.7859068e-01;7.2500000e+01;3.1531924e-01;7.2500000e+01;3.1241241e-01;7.2500000e+01;2.3830758e-01;7.2500000e+01;1.6687088e-01;7.2500000e+01;1.0900486e-01;7.2500000e+01;6.1380073e-02;7.2500000e+01;1.8140554e-02;7.2500000e+01;-2.4031729e-02;7.2500000e+01;-6.6997617e-02;7.2500000e+01;-1.0884981e-01;7.2500000e+01;-1.5201043e-01;7.2500000e+01;-5.8351196e-02;7.2500000e+01;-1.6599640e-02;7.2500000e+01;4.4183187e-02;7.2500000e+01;1.1972595e-01;7.2500000e+01;2.0148998e-01;7.2500000e+01;2.5547194e-01;7.2500000e+01;2.7859068e-01;7.2500000e+01;3.1531924e-01;7.2500000e+01;3.1241241e-01;7.2500000e+01;2.3830758e-01;7.2500000e+01;1.6687088e-01;7.2500000e+01;1.0900486e-01;7.2500000e+01;6.1380073e-02;7.2500000e+01;1.8140554e-02;7.2500000e+01;-2.4031729e-02;7.2500000e+01;-6.6997617e-02;7.2500000e+01;-1.0884981e-01;7.2500000e+01;-1.5201043e-01;7.2500000e+01;-5.8351196e-02;7.2500000e+01;-1.6599640e-02;7.2500000e+01;4.4183187e-02;7.2500000e+01;1.1972595e-01;7.2500000e+01;2.0148998e-01;7.2500000e+01;2.5547194e-01;7.2500000e+01;2.7859068e-01;7.2500000e+01;3.1531924e-01;7.2500000e+01;3.1241241e-01;7.2500000e+01;2.3830758e-01;7.2500000e+01;1.6687088e-01;7.2500000e+01;1.0900486e-01;7.2500000e+01;6.1380073e-02;7.2500000e+01;1.8140554e-02;7.2500000e+01;-2.4031729e-02;7.2500000e+01;-6.6997617e-02;7.2500000e+01;-1.0884981e-01;7.2500000e+01;-1.5201043e-01;7.2500000e+01;-5.8351196e-02;7.2500000e+01;-1.6599640e-02;7.2500000e+01;4.4183187e-02;7.2500000e+01;1.1972595e-01;7.2500000e+01;2.0148998e-01;7.2500000e+01;2.5547194e-01;7.2500000e+01;2.7859068e-01;7.2500000e+01;3.1531924e-01;7.2500000e+01;3.1241241e-01;7.2500000e+01;2.3830758e-01;7.2500000e+01;1.6687088e-01;7.2500000e+01;1.0900486e-01;7.2500000e+01;6.1380073e-02;7.2500000e+01;1.8140554e-02;7.2500000e+01;-2.4031729e-02;7.2500000e+01;-6.6997617e-02;7.2500000e+01;-1.0884981e-01;7.2500000e+01;-1.5201043e-01;7.2500000e+01;-5.8351196e-02;7.2500000e+01;-1.6599640e-02;7.2500000e+01;4.4183187e-02;7.2500000e+01;1.1972595e-01;7.2500000e+01;2.0148998e-01;7.2500000e+01;2.5547194e-01;7.2500000e+01;2.7859068e-01;7.2500000e+01;3.1531924e-01;7.2500000e+01;3.1241241e-01;7.2500000e+01;2.3830758e-01;7.2500000e+01;1.6687088e-01;7.2500000e+01;1.0900486e-01;7.2500000e+01;6.1380073e-02;7.2500000e+01;1.8140554e-02;7.2500000e+01;-2.4031729e-02;7.2500000e+01;-6.6997617e-02;7.2500000e+01;-1.0884981e-01;7.2500000e+01;-1.5201043e-01;7.2500000e+01;-5.8351196e-02;7.2500000e+01;-1.6599640e-02;7.2500000e+01;4.4183187e-02;7.2500000e+01;1.1972595e-01;7.2500000e+01;2.0148998e-01;7.2500000e+01;2.5547194e-01;7.2500000e+01;2.7859068e-01;7.2500000e+01;3.1531924e-01;7.2500000e+01;3.1241241e-01;7.2500000e+01;2.3830758e-01;7.2500000e+01;1.6687088e-01;7.2500000e+01;1.0900486e-01;7.2500000e+01;6.1380073e-02;7.2500000e+01;1.8140554e-02;7.2500000e+01;-2.4031729e-02;7.2500000e+01;-6.6997617e-02;7.2500000e+01;-1.0884981e-01;7.2500000e+01;-1.5201043e-01;7.2500000e+01;-5.8351196e-02;7.2500000e+01;-1.6599640e-02;7.2500000e+01;4.4183187e-02;7.2500000e+01;1.1972595e-01;7.2500000e+01;2.0148998e-01;7.2500000e+01;2.5547194e-01;7.2500000e+01;2.7859068e-01;7.2500000e+01;3.1531924e-01;7.2500000e+01;3.1241241e-01;7.2500000e+01;2.3830758e-01;7.2500000e+01;1.6687088e-01;7.2500000e+01;1.0900486e-01;7.2500000e+01;6.1380073e-02;7.2500000e+01;1.8140554e-02;7.2500000e+01;-2.4031729e-02;7.2500000e+01;-6.6997617e-02;7.2500000e+01;-1.0884981e-01;7.2500000e+01;-1.5201043e-01;7.2500000e+01;-5.8351196e-02;7.2500000e+01;-1.6599640e-02;7.2500000e+01;4.4183187e-02;7.2500000e+01;1.1972595e-01;7.2500000e+01;2.0148998e-01;7.2500000e+01;2.5547194e-01;7.2500000e+01;2.7859068e-01;7.2500000e+01;3.1531924e-01;7.2500000e+01;3.1241241e-01;7.2500000e+01;2.3830758e-01;7.2500000e+01;1.6687088e-01;7.2500000e+01;1.0900486e-01;7.2500000e+01;6.1380073e-02;7.2500000e+01;1.8140554e-02;7.2500000e+01;-2.4031729e-02;7.2500000e+01;-6.6997617e-02;7.2500000e+01;-1.0884981e-01;7.2500000e+01;-1.5201043e-01;7.2500000e+01;-5.8351196e-02;7.2500000e+01;-1.6599640e-02;7.2500000e+01;4.4183187e-02;7.2500000e+01;1.1972595e-01;7.2500000e+01;2.0148998e-01;7.2500000e+01;2.5547194e-01;7.2500000e+01;2.7859068e-01;7.2500000e+01;3.1531924e-01;7.2500000e+01;3.1241241e-01;7.2500000e+01;2.3830758e-01;7.2500000e+01;1.6687088e-01;7.2500000e+01;1.0900486e-01;7.2500000e+01;6.1380073e-02;7.2500000e+01;1.8140554e-02;7.2500000e+01;-2.4031729e-02;7.2500000e+01;-6.6997617e-02;7.2500000e+01;-1.0884981e-01;7.2500000e+01;-1.5201043e-01;7.2500000e+01;-5.8351196e-02;7.2500000e+01;-1.6599640e-02;7.2500000e+01;4.4183187e-02;7.2500000e+01;1.1972595e-01;7.2500000e+01;2.0148998e-01;7.2500000e+01;2.5547194e-01;7.2500000e+01;2.7859068e-01;7.2500000e+01;3.1531924e-01;7.2500000e+01;3.1241241e-01;7.2500000e+01;2.3830758e-01;7.2500000e+01;1.6687088e-01;7.2500000e+01;1.0900486e-01;7.2500000e+01;6.1380073e-02;7.2500000e+01;1.8140554e-02;7.2500000e+01;-2.4031729e-02;7.2500000e+01;-6.6997617e-02;7.2500000e+01;-1.0884981e-01;7.2500000e+01;-1.5201043e-01;7.2500000e+01;-5.8351196e-02;7.2500000e+01;-1.6599640e-02;7.2500000e+01;4.4183187e-02;7.2500000e+01;1.1972595e-01;7.2500000e+01;2.0148998e-01;7.2500000e+01;2.5547194e-01;7.2500000e+01;2.7859068e-01;7.2500000e+01;3.1531924e-01;7.2500000e+01;3.1241241e-01;7.2500000e+01;2.3830758e-01;7.2500000e+01;1.6687088e-01;7.2500000e+01;1.0900486e-01;7.2500000e+01;6.1380073e-02;7.2500000e+01;1.8140554e-02;7.2500000e+01;-2.4031729e-02;7.2500000e+01;-6.6997617e-02;7.2500000e+01;-1.0884981e-01;7.2500000e+01;-1.5201043e-01;7.2500000e+01;-5.8351196e-02;7.2500000e+01;-1.6599640e-02;7.2500000e+01;4.4183187e-02;7.2500000e+01;1.1972595e-01;7.2500000e+01;2.0148998e-01;7.2500000e+01;2.5547194e-01;7.2500000e+01;2.7859068e-01;7.2500000e+01;3.1531924e-01;7.2500000e+01;3.1241241e-01;7.2500000e+01;2.3830758e-01;7.2500000e+01;1.6687088e-01;7.2500000e+01;1.0900486e-01;7.2500000e+01;6.1380073e-02;7.2500000e+01;1.8140554e-02;7.2500000e+01;-2.4031729e-02;7.2500000e+01;-6.6997617e-02;7.2500000e+01;-1.0884981e-01;7.2500000e+01;-1.5201043e-01;7.2500000e+01;-5.8351196e-02;7.2500000e+01;-1.6599640e-02;7.2500000e+01;4.4183187e-02;7.2500000e+01;1.1972595e-01;7.2500000e+01;2.0148998e-01;7.2500000e+01;2.5547194e-01;7.2500000e+01;2.7859068e-01;7.2500000e+01;3.1531924e-01;7.2500000e+01;3.1241241e-01;7.2500000e+01;2.3830758e-01;7.2500000e+01;1.6687088e-01;7.2500000e+01;1.0900486e-01;7.2500000e+01;6.1380073e-02;7.2500000e+01;1.8140554e-02;7.2500000e+01;-2.4031729e-02;7.2500000e+01;-6.6997617e-02;7.2500000e+01;-1.0884981e-01;7.2500000e+01;-1.5201043e-01;7.2500000e+01;-5.8351196e-02;7.2500000e+01;-1.6599640e-02;7.2500000e+01;4.4183187e-02;7.2500000e+01;1.1972595e-01;7.2500000e+01;2.0148998e-01;7.2500000e+01;2.5547194e-01;7.2500000e+01;2.7859068e-01;7.2500000e+01;3.1531924e-01;7.2500000e+01;3.1241241e-01;7.2500000e+01;2.3830758e-01;7.2500000e+01;1.6687088e-01;7.2500000e+01;1.0900486e-01;7.2500000e+01;6.1380073e-02;7.2500000e+01;1.8140554e-02;7.2500000e+01;-2.4031729e-02;7.2500000e+01;-6.6997617e-02;7.2500000e+01;-1.0884981e-01;7.2500000e+01;-1.5201043e-01;7.2500000e+01;-5.8351196e-02;7.2500000e+01;-1.6599640e-02;7.2500000e+01;4.4183187e-02;7.2500000e+01;1.1972595e-01;7.2500000e+01;2.0148998e-01;7.2500000e+01;2.5547194e-01;7.2500000e+01;2.7859068e-01;7.2500000e+01;3.1531924e-01;7.2500000e+01;3.1241241e-01;7.2500000e+01;2.3830758e-01;7.2500000e+01;1.6687088e-01;7.2500000e+01;1.0900486e-01;7.2500000e+01;6.1380073e-02;7.2500000e+01;1.8140554e-02;7.2500000e+01;-2.4031729e-02;7.2500000e+01;-6.6997617e-02;7.2500000e+01;-1.0884981e-01;7.2500000e+01;-1.5201043e-01;7.2500000e+01;-5.8351196e-02;7.2500000e+01;-1.6599640e-02;7.2500000e+01;4.4183187e-02;7.2500000e+01;1.1972595e-01;7.2500000e+01;2.0148998e-01;7.2500000e+01;2.5547194e-01;7.2500000e+01;2.7859068e-01;7.2500000e+01;3.1531924e-01;7.2500000e+01;3.1241241e-01;7.2500000e+01;2.3830758e-01;7.2500000e+01;1.6687088e-01;7.2500000e+01;1.0900486e-01;7.2500000e+01;6.1380073e-02;7.2500000e+01;1.8140554e-02;7.2500000e+01;-2.4031729e-02;7.2500000e+01;-6.6997617e-02;7.2500000e+01;-1.0884981e-01;7.2500000e+01;-1.5201043e-01;7.2500000e+01;-5.8351196e-02;7.2500000e+01;-1.6599640e-02;7.2500000e+01;4.4183187e-02;7.2500000e+01;1.1972595e-01;7.2500000e+01;2.0148998e-01;7.2500000e+01;2.5547194e-01;7.2500000e+01;2.7859068e-01;7.2500000e+01;3.1531924e-01;7.2500000e+01;3.1241241e-01;7.2500000e+01;2.3830758e-01;7.2500000e+01;1.6687088e-01;7.2500000e+01;1.0900486e-01;7.2500000e+01;6.1380073e-02;7.2500000e+01;1.8140554e-02;7.2500000e+01;-2.4031729e-02;7.2500000e+01;-6.6997617e-02;7.2500000e+01;-1.0884981e-01;7.2500000e+01;-1.5201043e-01;7.2500000e+01;-5.8351196e-02;7.2500000e+01;-1.6599640e-02;7.2500000e+01;4.4183187e-02;7.2500000e+01;1.1972595e-01;7.2500000e+01;2.0148998e-01;7.2500000e+01;2.5547194e-01;7.2500000e+01;2.7859068e-01;7.2500000e+01;3.1531924e-01;7.2500000e+01;3.1241241e-01;7.2500000e+01;2.3830758e-01;7.2500000e+01;1.6687088e-01;7.2500000e+01;1.0900486e-01;7.2500000e+01;6.1380073e-02;7.2500000e+01;1.8140554e-02;7.2500000e+01;-2.4031729e-02;7.2500000e+01;-6.6997617e-02;7.2500000e+01;-1.0884981e-01;7.2500000e+01;-1.5201043e-01;7.2500000e+01;-5.8351196e-02;7.2500000e+01;-1.6599640e-02;7.2500000e+01;4.4183187e-02;7.2500000e+01;1.1972595e-01;7.2500000e+01;2.0148998e-01;7.2500000e+01;2.5547194e-01;7.2500000e+01;2.7859068e-01;7.2500000e+01;3.1531924e-01;7.2500000e+01;3.1241241e-01;7.2500000e+01;2.3830758e-01;7.2500000e+01;1.6687088e-01;7.2500000e+01;1.0900486e-01;7.2500000e+01;6.1380073e-02;7.2500000e+01;1.8140554e-02;7.2500000e+01;-2.4031729e-02;7.2500000e+01;-6.6997617e-02;7.2500000e+01;-1.0884981e-01;7.2500000e+01;-1.5201043e-01;7.2500000e+01;-5.8351196e-02;7.2500000e+01;-1.6599640e-02;7.2500000e+01;4.4183187e-02;7.2500000e+01;1.1972595e-01;7.2500000e+01;2.0148998e-01;7.2500000e+01;2.5547194e-01;7.2500000e+01;2.7859068e-01;7.2500000e+01;3.1531924e-01;7.2500000e+01;3.1241241e-01;7.2500000e+01;2.3830758e-01;7.2500000e+01;1.6687088e-01;7.2500000e+01;1.0900486e-01;7.2500000e+01;6.1380073e-02;7.2500000e+01;1.8140554e-02;7.2500000e+01;-2.4031729e-02;7.2500000e+01;-6.6997617e-02;7.2500000e+01;-1.0884981e-01;7.2500000e+01;-1.5201043e-01;7.2500000e+01;-5.8351196e-02;7.2500000e+01;-1.6599640e-02;7.2500000e+01;4.4183187e-02;7.2500000e+01;1.1972595e-01;7.2500000e+01;2.0148998e-01;7.2500000e+01;2.5547194e-01;7.2500000e+01;2.7859068e-01;7.2500000e+01;3.1531924e-01;7.2500000e+01;3.1241241e-01;7.2500000e+01;2.3830758e-01;7.2500000e+01;1.6687088e-01;7.2500000e+01;1.0900486e-01;7.2500000e+01;6.1380073e-02;7.2500000e+01;1.8140554e-02;7.2500000e+01;-2.4031729e-02;7.2500000e+01;-6.6997617e-02;7.2500000e+01;-1.0884981e-01;7.2500000e+01;-1.5201043e-01;7.2500000e+01;-5.8351196e-02;7.2500000e+01;-1.6599640e-02;7.2500000e+01;4.4183187e-02;7.2500000e+01;1.1972595e-01;7.2500000e+01;2.0148998e-01;7.2500000e+01;2.5547194e-01;7.2500000e+01;2.7859068e-01;7.2500000e+01;3.1531924e-01;7.2500000e+01;3.1241241e-01;7.2500000e+01;2.3830758e-01;7.2500000e+01;1.6687088e-01;7.2500000e+01;1.0900486e-01;7.2500000e+01;6.1380073e-02;7.2500000e+01;1.8140554e-02;7.2500000e+01;-2.4031729e-02;7.2500000e+01;-6.6997617e-02;7.2500000e+01;-1.0884981e-01;7.2500000e+01;-1.5201043e-01;7.2500000e+01;-5.8351196e-02;7.2500000e+01;-1.6599640e-02;7.2500000e+01;4.4183187e-02;7.2500000e+01;1.1972595e-01;7.2500000e+01;2.0148998e-01;7.2500000e+01;2.5547194e-01;7.2500000e+01;2.7859068e-01;7.2500000e+01;3.1531924e-01;7.2500000e+01;3.1241241e-01;7.2500000e+01;2.3830758e-01;7.2500000e+01;1.6687088e-01;7.2500000e+01;1.0900486e-01;7.2500000e+01;6.1380073e-02;7.2500000e+01;1.8140554e-02;7.2500000e+01;-2.4031729e-02;7.2500000e+01;-6.6997617e-02;7.2500000e+01;-1.0884981e-01;7.2500000e+01;-1.5201043e-01;7.2500000e+01;-5.8351196e-02;7.2500000e+01;-1.6599640e-02;7.2500000e+01;4.4183187e-02;7.2500000e+01;1.1972595e-01;7.2500000e+01;2.0148998e-01;7.2500000e+01;2.5547194e-01;7.2500000e+01;2.7859068e-01;7.2500000e+01;3.1531924e-01;7.2500000e+01;3.1241241e-01;7.2500000e+01;2.3830758e-01;7.2500000e+01;1.6687088e-01;7.2500000e+01;1.0900486e-01;7.2500000e+01;6.1380073e-02;7.2500000e+01;1.8140554e-02;7.2500000e+01;-2.4031729e-02;7.2500000e+01;-6.6997617e-02;7.2500000e+01;-1.0884981e-01;7.2500000e+01;-1.5201043e-01;7.2500000e+01;-5.8351196e-02;7.2500000e+01;-1.6599640e-02;7.2500000e+01;4.4183187e-02;7.2500000e+01;1.1972595e-01;7.2500000e+01;2.0148998e-01;7.2500000e+01;2.5547194e-01;7.2500000e+01;2.7859068e-01;7.2500000e+01;3.1531924e-01;7.2500000e+01;3.1241241e-01;7.2500000e+01;2.3830758e-01;7.2500000e+01;1.6687088e-01;7.2500000e+01;1.0900486e-01;7.2500000e+01;6.1380073e-02;7.2500000e+01;1.8140554e-02;7.2500000e+01;-2.4031729e-02;7.2500000e+01;-6.6997617e-02;7.2500000e+01;-1.0884981e-01;7.2500000e+01;-1.5201043e-01;7.2500000e+01;-5.8351196e-02;7.2500000e+01;-1.6599640e-02;7.2500000e+01;4.4183187e-02;7.2500000e+01;1.1972595e-01;7.2500000e+01;2.0148998e-01;7.2500000e+01;2.5547194e-01;7.2500000e+01;2.7859068e-01;7.2500000e+01;3.1531924e-01;7.2500000e+01;3.1241241e-01;7.2500000e+01;2.3830758e-01;7.2500000e+01;1.6687088e-01;7.2500000e+01;1.0900486e-01;7.2500000e+01;6.1380073e-02;7.2500000e+01;1.8140554e-02;7.2500000e+01;-2.4031729e-02;7.2500000e+01;-6.6997617e-02;7.2500000e+01;-1.0884981e-01;7.2500000e+01;-1.5201043e-01;7.2500000e+01;-5.8351196e-02;7.2500000e+01;-1.6599640e-02;7.2500000e+01;4.4183187e-02;7.2500000e+01;1.1972595e-01;7.2500000e+01;2.0148998e-01;7.2500000e+01;2.5547194e-01;7.2500000e+01;2.7859068e-01;7.2500000e+01;3.1531924e-01;7.2500000e+01;3.1241241e-01;7.2500000e+01;2.3830758e-01;7.2500000e+01;1.6687088e-01;7.2500000e+01;1.0900486e-01;7.2500000e+01;6.1380073e-02;7.2500000e+01;1.8140554e-02;7.2500000e+01;-2.4031729e-02;7.2500000e+01;-6.6997617e-02;7.2500000e+01;-1.0884981e-01;7.2500000e+01;-1.5201043e-01;7.2500000e+01;-5.8351196e-02;7.2500000e+01;-1.6599640e-02;7.2500000e+01;4.4183187e-02;7.2500000e+01;1.1972595e-01;7.2500000e+01;2.0148998e-01;7.2500000e+01;2.5547194e-01;7.2500000e+01;2.7859068e-01;7.2500000e+01;3.1531924e-01;7.2500000e+01;3.1241241e-01;7.2500000e+01;2.3830758e-01;7.2500000e+01;1.6687088e-01;7.2500000e+01;1.0900486e-01;7.2500000e+01;6.1380073e-02;7.2500000e+01;1.8140554e-02;7.2500000e+01;-2.4031729e-02;7.2500000e+01;-6.6997617e-02;7.2500000e+01;-1.0884981e-01;7.2500000e+01;-1.5201043e-01;7.2500000e+01;-5.8351196e-02;7.2500000e+01;-1.6599640e-02;7.2500000e+01;4.4183187e-02;7.2500000e+01;1.1972595e-01;7.2500000e+01;2.0148998e-01;7.2500000e+01;2.5547194e-01;7.2500000e+01;2.7859068e-01;7.2500000e+01;3.1531924e-01;7.2500000e+01;3.1241241e-01;7.2500000e+01;2.3830758e-01;7.2500000e+01;1.6687088e-01;7.2500000e+01;1.0900486e-01;7.2500000e+01;6.1380073e-02;7.2500000e+01;1.8140554e-02;7.2500000e+01;-2.4031729e-02;7.2500000e+01;-6.6997617e-02;7.2500000e+01;-1.0884981e-01;7.2500000e+01;-1.5201043e-01;7.2500000e+01;-5.8351196e-02;7.2500000e+01;-1.6599640e-02;7.2500000e+01;4.4183187e-02;7.2500000e+01;1.1972595e-01;7.2500000e+01;2.0148998e-01;7.2500000e+01;2.5547194e-01;7.2500000e+01;2.7859068e-01;7.2500000e+01;3.1531924e-01;7.2500000e+01;3.1241241e-01;7.2500000e+01;2.3830758e-01;7.2500000e+01;1.6687088e-01;7.2500000e+01;1.0900486e-01;7.2500000e+01;6.1380073e-02;7.2500000e+01;1.8140554e-02;7.2500000e+01;-2.4031729e-02;7.2500000e+01;-6.6997617e-02;7.2500000e+01;-1.0884981e-01;7.2500000e+01;-1.5201043e-01;7.2500000e+01;-5.8351196e-02;7.2500000e+01;-1.6599640e-02;7.2500000e+01;4.4183187e-02;7.2500000e+01;1.1972595e-01;7.2500000e+01;2.0148998e-01;7.2500000e+01;2.5547194e-01;7.2500000e+01;2.7859068e-01;7.2500000e+01;3.1531924e-01;7.2500000e+01;3.1241241e-01;7.2500000e+01;2.3830758e-01;7.2500000e+01;1.6687088e-01;7.2500000e+01;1.0900486e-01;7.2500000e+01;6.1380073e-02;7.2500000e+01;1.8140554e-02;7.2500000e+01;-2.4031729e-02;7.2500000e+01;-6.6997617e-02;7.2500000e+01;-1.0884981e-01;7.2500000e+01;-1.5201043e-01;7.2500000e+01;-5.8351196e-02;7.2500000e+01;-1.6599640e-02;7.2500000e+01;4.4183187e-02;7.2500000e+01;1.1972595e-01;7.2500000e+01;2.0148998e-01;7.2500000e+01;2.5547194e-01;7.2500000e+01;2.7859068e-01;7.2500000e+01;3.1531924e-01;7.2500000e+01;3.1241241e-01;7.2500000e+01;2.3830758e-01;7.2500000e+01;1.6687088e-01;7.2500000e+01;1.0900486e-01;7.2500000e+01;6.1380073e-02;7.2500000e+01;1.8140554e-02;7.2500000e+01;-2.4031729e-02;7.2500000e+01;-6.6997617e-02;7.2500000e+01;-1.0884981e-01;7.2500000e+01;-1.5201043e-01;7.2500000e+01;-5.8351196e-02;7.2500000e+01;-1.6599640e-02;7.2500000e+01;4.4183187e-02;7.2500000e+01;1.1972595e-01;7.2500000e+01;2.0148998e-01;7.2500000e+01;2.5547194e-01;7.2500000e+01;2.7859068e-01;7.2500000e+01;3.1531924e-01;7.2500000e+01;3.1241241e-01;7.2500000e+01;2.3830758e-01;7.2500000e+01;1.6687088e-01;7.2500000e+01;1.0900486e-01;7.2500000e+01;6.1380073e-02;7.2500000e+01;1.8140554e-02;7.2500000e+01;-2.4031729e-02;7.2500000e+01;-6.6997617e-02;7.2500000e+01;-1.0884981e-01;7.2500000e+01;-1.5201043e-01;7.2500000e+01;-5.8351196e-02;7.2500000e+01;-1.6599640e-02;7.2500000e+01;4.4183187e-02;7.2500000e+01;1.1972595e-01;7.2500000e+01;2.0148998e-01;7.2500000e+01;2.5547194e-01;7.2500000e+01;2.7859068e-01;7.2500000e+01;3.1531924e-01;7.2500000e+01;3.1241241e-01;7.2500000e+01;2.3830758e-01;7.2500000e+01;1.6687088e-01;7.2500000e+01;1.0900486e-01;7.2500000e+01;6.1380073e-02;7.2500000e+01;1.8140554e-02;7.2500000e+01;-2.4031729e-02;7.2500000e+01;-6.6997617e-02;7.2500000e+01;-1.0884981e-01;7.2500000e+01;-1.5201043e-01;7.2500000e+01;-5.8351196e-02;7.2500000e+01;-1.6599640e-02;7.2500000e+01;4.4183187e-02;7.2500000e+01;1.1972595e-01;7.2500000e+01;2.0148998e-01;7.2500000e+01;2.5547194e-01;7.2500000e+01;2.7859068e-01;7.2500000e+01;3.1531924e-01;7.2500000e+01;3.1241241e-01;7.2500000e+01;2.3830758e-01;7.2500000e+01;1.6687088e-01;7.2500000e+01;1.0900486e-01;7.2500000e+01;6.1380073e-02;7.2500000e+01;1.8140554e-02;7.2500000e+01;-2.4031729e-02;7.2500000e+01;-6.6997617e-02;7.2500000e+01;-1.0884981e-01;7.2500000e+01;-1.5201043e-01;7.2500000e+01;-5.8351196e-02;7.2500000e+01;-1.6599640e-02;7.2500000e+01;4.4183187e-02;7.2500000e+01;1.1972595e-01;7.2500000e+01;2.0148998e-01;7.2500000e+01;2.5547194e-01;7.2500000e+01;2.7859068e-01;7.2500000e+01;3.1531924e-01;7.2500000e+01;3.1241241e-01;7.2500000e+01;2.3830758e-01;7.2500000e+01;1.6687088e-01;7.2500000e+01;1.0900486e-01;7.2500000e+01;6.1380073e-02;7.2500000e+01;1.8140554e-02;7.2500000e+01;-2.4031729e-02;7.2500000e+01;-6.6997617e-02;7.2500000e+01;-1.0884981e-01;7.2500000e+01;-1.5201043e-01;7.2500000e+01;-5.8351196e-02;7.2500000e+01;-1.6599640e-02;7.2500000e+01;4.4183187e-02;7.2500000e+01;1.1972595e-01;7.2500000e+01;2.0148998e-01;7.2500000e+01;2.5547194e-01;7.2500000e+01;2.7859068e-01;7.2500000e+01;3.1531924e-01;7.2500000e+01;3.1241241e-01;7.2500000e+01;2.3830758e-01;7.2500000e+01;1.6687088e-01;7.2500000e+01;1.0900486e-01;7.2500000e+01;6.1380073e-02;7.2500000e+01;1.8140554e-02;7.2500000e+01;-2.4031729e-02;7.2500000e+01;-6.6997617e-02;7.2500000e+01;-1.0884981e-01;7.2500000e+01;-1.5201043e-01;7.2500000e+01;-5.8351196e-02;7.2500000e+01;-1.6599640e-02;7.2500000e+01;4.4183187e-02;7.2500000e+01;1.1972595e-01;7.2500000e+01;2.0148998e-01;7.2500000e+01;2.5547194e-01;7.2500000e+01;2.7859068e-01;7.2500000e+01;3.1531924e-01;7.2500000e+01;3.1241241e-01;7.2500000e+01;2.3830758e-01;7.2500000e+01;1.6687088e-01;7.2500000e+01;1.0900486e-01;7.2500000e+01;6.1380073e-02;7.2500000e+01;1.8140554e-02;7.2500000e+01;-2.4031729e-02;7.2500000e+01;-6.6997617e-02;7.2500000e+01;-1.0884981e-01;7.2500000e+01;-1.5201043e-01;7.2500000e+01;-5.8351196e-02;7.2500000e+01;-1.6599640e-02;7.2500000e+01;4.4183187e-02;7.2500000e+01;1.1972595e-01;7.2500000e+01;2.0148998e-01;7.2500000e+01;2.5547194e-01;7.2500000e+01;2.7859068e-01;7.2500000e+01;3.1531924e-01;7.2500000e+01;3.1241241e-01;7.2500000e+01;2.3830758e-01;7.2500000e+01;1.6687088e-01;7.2500000e+01;1.0900486e-01;7.2500000e+01;6.1380073e-02;7.2500000e+01;1.8140554e-02;7.2500000e+01;-2.4031729e-02;7.2500000e+01;-6.6997617e-02;7.2500000e+01;-1.0884981e-01;7.2500000e+01;-1.5201043e-01;7.2500000e+01;-5.8351196e-02;7.2500000e+01;-1.6599640e-02;7.2500000e+01;4.4183187e-02;7.2500000e+01;1.1972595e-01;7.2500000e+01;2.0148998e-01;7.2500000e+01;2.5547194e-01;7.2500000e+01;2.7859068e-01;7.2500000e+01;3.1531924e-01;7.2500000e+01;3.1241241e-01;7.2500000e+01;2.3830758e-01;7.2500000e+01;1.6687088e-01;7.2500000e+01;1.0900486e-01;7.2500000e+01;6.1380073e-02;7.2500000e+01;1.8140554e-02;7.2500000e+01;-2.4031729e-02;7.2500000e+01;-6.6997617e-02;7.2500000e+01;-1.0884981e-01;7.2500000e+01;-1.5201043e-01;7.2500000e+01;-5.8351196e-02;7.2500000e+01;-1.6599640e-02;7.2500000e+01;4.4183187e-02;7.2500000e+01;1.1972595e-01;7.2500000e+01;2.0148998e-01;7.2500000e+01;2.5547194e-01;7.2500000e+01;2.7859068e-01;7.2500000e+01;3.1531924e-01;7.2500000e+01;3.1241241e-01;7.2500000e+01;2.3830758e-01;7.2500000e+01;1.6687088e-01;7.2500000e+01;1.0900486e-01;7.2500000e+01;6.1380073e-02;7.2500000e+01;1.8140554e-02;7.2500000e+01;-2.4031729e-02;7.2500000e+01;-6.6997617e-02;7.2500000e+01;-1.0884981e-01;7.2500000e+01;-1.5201043e-01;7.2500000e+01;-5.8351196e-02;7.2500000e+01;-1.6599640e-02;7.2500000e+01;4.4183187e-02;7.2500000e+01;1.1972595e-01;7.2500000e+01;2.0148998e-01;7.2500000e+01;2.5547194e-01;7.2500000e+01;2.7859068e-01;7.2500000e+01;3.1531924e-01;7.2500000e+01;3.1241241e-01;7.2500000e+01;2.3830758e-01;7.2500000e+01;1.6687088e-01;7.2500000e+01;1.0900486e-01;7.2500000e+01;6.1380073e-02;7.2500000e+01;1.8140554e-02;7.2500000e+01;-2.4031729e-02;7.2500000e+01;-6.6997617e-02;7.2500000e+01;-1.0884981e-01;7.2500000e+01;-1.5201043e-01;7.2500000e+01;-5.8351196e-02;7.2500000e+01;-1.6599640e-02;7.2500000e+01;4.4183187e-02;7.2500000e+01;1.1972595e-01;7.2500000e+01;2.0148998e-01;7.2500000e+01;2.5547194e-01;7.2500000e+01;2.7859068e-01;7.2500000e+01;3.1531924e-01;7.2500000e+01;3.1241241e-01;7.2500000e+01;2.3830758e-01;7.2500000e+01;1.6687088e-01;7.2500000e+01;1.0900486e-01;7.2500000e+01;6.1380073e-02;7.2500000e+01;1.8140554e-02;7.2500000e+01;-2.4031729e-02;7.2500000e+01;-6.6997617e-02;7.2500000e+01;-1.0884981e-01;7.2500000e+01;-1.5201043e-01;7.2500000e+01;-5.8351196e-02;7.2500000e+01;-1.6599640e-02;7.2500000e+01;4.4183187e-02;7.2500000e+01;1.1972595e-01;7.2500000e+01;2.0148998e-01;7.2500000e+01;2.5547194e-01;7.2500000e+01;2.7859068e-01;7.2500000e+01;3.1531924e-01;7.2500000e+01;3.1241241e-01;7.2500000e+01;2.3830758e-01;7.2500000e+01;1.6687088e-01;7.2500000e+01;1.0900486e-01;7.2500000e+01;6.1380073e-02;7.2500000e+01;1.8140554e-02;7.2500000e+01;-2.4031729e-02;7.2500000e+01;-6.6997617e-02;7.2500000e+01;-1.0884981e-01;7.2500000e+01;-1.5201043e-01;7.2500000e+01;-5.8351196e-02;7.2500000e+01;-1.6599640e-02;7.2500000e+01;4.4183187e-02;7.2500000e+01;1.1972595e-01;7.2500000e+01;2.0148998e-01;7.2500000e+01;2.5547194e-01;7.2500000e+01;2.7859068e-01;7.2500000e+01;3.1531924e-01;7.2500000e+01;3.1241241e-01;7.2500000e+01;2.3830758e-01;7.2500000e+01;1.6687088e-01;7.2500000e+01;1.0900486e-01;7.2500000e+01;6.1380073e-02;7.2500000e+01;1.8140554e-02;7.2500000e+01;-2.4031729e-02;7.2500000e+01;-6.6997617e-02;7.2500000e+01;-1.0884981e-01;7.2500000e+01;-1.5201043e-01;7.2500000e+01;-5.8351196e-02;7.2500000e+01;-1.6599640e-02;7.2500000e+01;4.4183187e-02;7.2500000e+01;1.1972595e-01;7.2500000e+01;2.0148998e-01;7.2500000e+01;2.5547194e-01;7.2500000e+01;2.7859068e-01;7.2500000e+01;3.1531924e-01;7.2500000e+01;3.1241241e-01;7.2500000e+01;2.3830758e-01;7.2500000e+01;1.6687088e-01;7.2500000e+01;1.0900486e-01;7.2500000e+01;6.1380073e-02;7.2500000e+01;1.8140554e-02;7.2500000e+01;-2.4031729e-02;7.2500000e+01;-6.6997617e-02;7.2500000e+01;-1.0884981e-01;7.2500000e+01;-1.5201043e-01;7.2500000e+01;-5.8351196e-02;7.2500000e+01;-1.6599640e-02;7.2500000e+01;4.4183187e-02;7.2500000e+01;1.1972595e-01;7.2500000e+01;2.0148998e-01;7.2500000e+01;2.5547194e-01;7.2500000e+01;2.7859068e-01;7.2500000e+01;3.1531924e-01;7.2500000e+01;3.1241241e-01;7.2500000e+01;2.3830758e-01;7.2500000e+01;1.6687088e-01;7.2500000e+01;1.0900486e-01;7.2500000e+01;6.1380073e-02;7.2500000e+01;1.8140554e-02;7.2500000e+01;-2.4031729e-02;7.2500000e+01;-6.6997617e-02;7.2500000e+01;-1.0884981e-01;7.2500000e+01;-1.5201043e-01;7.2500000e+01;-5.8351196e-02;7.2500000e+01;-1.6599640e-02;7.2500000e+01;4.4183187e-02;7.2500000e+01;1.1972595e-01;7.2500000e+01;2.0148998e-01;7.2500000e+01;2.5547194e-01;7.2500000e+01;2.7859068e-01;7.2500000e+01;3.1531924e-01;7.2500000e+01;3.1241241e-01;7.2500000e+01;2.3830758e-01;7.2500000e+01;1.6687088e-01;7.2500000e+01;1.0900486e-01;7.2500000e+01;6.1380073e-02;7.2500000e+01;1.8140554e-02;7.2500000e+01;-2.4031729e-02;7.2500000e+01;-6.6997617e-02;7.2500000e+01;-1.0884981e-01;7.2500000e+01;-1.5201043e-01;7.2500000e+01;-5.8351196e-02;7.2500000e+01;-1.6599640e-02;7.2500000e+01;4.4183187e-02;7.2500000e+01;1.1972595e-01;7.2500000e+01;2.0148998e-01;7.2500000e+01;2.5547194e-01;7.2500000e+01;2.7859068e-01;7.2500000e+01;3.1531924e-01;7.2500000e+01;3.1241241e-01;7.2500000e+01;2.3830758e-01;7.2500000e+01;1.6687088e-01;7.2500000e+01;1.0900486e-01;7.2500000e+01;6.1380073e-02;7.2500000e+01;1.8140554e-02;7.2500000e+01;-2.4031729e-02;7.2500000e+01;-6.6997617e-02;7.2500000e+01;-1.0884981e-01;7.2500000e+01;-1.5201043e-01;7.2500000e+01;-5.8351196e-02;7.2500000e+01;-1.6599640e-02;7.2500000e+01;4.4183187e-02;7.2500000e+01;1.1972595e-01;7.2500000e+01;2.0148998e-01;7.2500000e+01;2.5547194e-01;7.2500000e+01;2.7859068e-01;7.2500000e+01;3.1531924e-01;7.2500000e+01;3.1241241e-01;7.2500000e+01;2.3830758e-01;7.2500000e+01;1.6687088e-01;7.2500000e+01;1.0900486e-01;7.2500000e+01;6.1380073e-02;7.2500000e+01;1.8140554e-02;7.2500000e+01;-2.4031729e-02;7.2500000e+01;-6.6997617e-02;7.2500000e+01;-1.0884981e-01;7.2500000e+01;-1.5201043e-01;7.2500000e+01;-5.8351196e-02;7.2500000e+01;-1.6599640e-02;7.2500000e+01;4.4183187e-02;7.2500000e+01;1.1972595e-01;7.2500000e+01;2.0148998e-01;7.2500000e+01;2.5547194e-01;7.2500000e+01;2.7859068e-01;7.2500000e+01;3.1531924e-01;7.2500000e+01;3.1241241e-01;7.2500000e+01;2.3830758e-01;7.2500000e+01;1.6687088e-01;7.2500000e+01;1.0900486e-01;7.2500000e+01;6.1380073e-02;7.2500000e+01;1.8140554e-02;7.2500000e+01;-2.4031729e-02;7.2500000e+01;-6.6997617e-02;7.2500000e+01;-1.0884981e-01;7.2500000e+01;-1.5201043e-01;7.2500000e+01;-5.8351196e-02;7.2500000e+01;-1.6599640e-02;7.2500000e+01;4.4183187e-02;7.2500000e+01;1.1972595e-01;7.2500000e+01;2.0148998e-01;7.2500000e+01;2.5547194e-01;7.2500000e+01;2.7859068e-01;7.2500000e+01;3.1531924e-01;7.2500000e+01;3.1241241e-01;7.2500000e+01;2.3830758e-01;7.2500000e+01;1.6687088e-01;7.2500000e+01;1.0900486e-01;7.2500000e+01;6.1380073e-02;7.2500000e+01;1.8140554e-02;7.2500000e+01;-2.4031729e-02;7.2500000e+01;-6.6997617e-02;7.2500000e+01;-1.0884981e-01;7.2500000e+01;-1.5201043e-01;7.2500000e+01;-5.8351196e-02;7.2500000e+01;-1.6599640e-02;7.2500000e+01;4.4183187e-02;7.2500000e+01;1.1972595e-01;7.2500000e+01;2.0148998e-01;7.2500000e+01;2.5547194e-01;7.2500000e+01;2.7859068e-01;7.2500000e+01;3.1531924e-01;7.2500000e+01;3.1241241e-01;7.2500000e+01;2.3830758e-01;7.2500000e+01;1.6687088e-01;7.2500000e+01;1.0900486e-01;7.2500000e+01;6.1380073e-02;7.2500000e+01;1.8140554e-02;7.2500000e+01;-2.4031729e-02;7.2500000e+01;-6.6997617e-02;7.2500000e+01;-1.0884981e-01;7.2500000e+01;-1.5201043e-01;7.2500000e+01;-5.8351196e-02;7.2500000e+01;-1.6599640e-02;7.2500000e+01;4.4183187e-02;7.2500000e+01;1.1972595e-01;7.2500000e+01;2.0148998e-01;7.2500000e+01;2.5547194e-01;7.2500000e+01;2.7859068e-01;7.2500000e+01;3.1531924e-01;7.2500000e+01;3.1241241e-01;7.2500000e+01;2.3830758e-01;7.2500000e+01;1.6687088e-01;7.2500000e+01;1.0900486e-01;7.2500000e+01;6.1380073e-02;7.2500000e+01;1.8140554e-02;7.2500000e+01;-2.4031729e-02;7.2500000e+01;-6.6997617e-02;7.2500000e+01;-1.0884981e-01;7.2500000e+01;-1.5201043e-01;7.2500000e+01;-5.8351196e-02;7.2500000e+01;-1.6599640e-02;7.2500000e+01;4.4183187e-02;7.2500000e+01;1.1972595e-01;7.2500000e+01;2.0148998e-01;7.2500000e+01;2.5547194e-01;7.2500000e+01;2.7859068e-01;7.2500000e+01;3.1531924e-01;7.2500000e+01;3.1241241e-01;7.2500000e+01;2.3830758e-01;7.2500000e+01;1.6687088e-01;7.2500000e+01;1.0900486e-01;7.2500000e+01;6.1380073e-02;7.2500000e+01;1.8140554e-02;7.2500000e+01;-2.4031729e-02;7.2500000e+01;-6.6997617e-02;7.2500000e+01;-1.0884981e-01;7.2500000e+01;-1.5201043e-01;7.2500000e+01;-5.8351196e-02;7.2500000e+01;-1.6599640e-02;7.2500000e+01;4.4183187e-02;7.2500000e+01;1.1972595e-01;7.2500000e+01;2.0148998e-01;7.2500000e+01;2.5547194e-01;7.2500000e+01;2.7859068e-01;7.2500000e+01;3.1531924e-01;7.2500000e+01;3.1241241e-01;7.2500000e+01;2.3830758e-01;7.2500000e+01;1.6687088e-01;7.2500000e+01;1.0900486e-01;7.2500000e+01;6.1380073e-02;7.2500000e+01;1.8140554e-02;7.2500000e+01;-2.4031729e-02;7.2500000e+01;-6.6997617e-02;7.2500000e+01;-1.0884981e-01;7.2500000e+01;-1.5201043e-01;7.2500000e+01;-5.8351196e-02;7.2500000e+01;-1.6599640e-02;7.2500000e+01;4.4183187e-02;7.2500000e+01;1.1972595e-01;7.2500000e+01;2.0148998e-01;7.2500000e+01;2.5547194e-01;7.2500000e+01;2.7859068e-01;7.2500000e+01;3.1531924e-01;7.2500000e+01;3.1241241e-01;7.2500000e+01;2.3830758e-01;7.2500000e+01;1.6687088e-01;7.2500000e+01;1.0900486e-01;7.2500000e+01;6.1380073e-02;7.2500000e+01;1.8140554e-02;7.2500000e+01;-2.4031729e-02;7.2500000e+01;-6.6997617e-02;7.2500000e+01;-1.0884981e-01;7.2500000e+01;-1.5201043e-01;7.2500000e+01;-5.8351196e-02;7.2500000e+01;-1.6599640e-02;7.2500000e+01;4.4183187e-02;7.2500000e+01;1.1972595e-01;7.2500000e+01;2.0148998e-01;7.2500000e+01;2.5547194e-01;7.2500000e+01;2.7859068e-01;7.2500000e+01;3.1531924e-01;7.2500000e+01;3.1241241e-01;7.2500000e+01;2.3830758e-01;7.2500000e+01;1.6687088e-01;7.2500000e+01;1.0900486e-01;7.2500000e+01;6.1380073e-02;7.2500000e+01;1.8140554e-02;7.2500000e+01;-2.4031729e-02;7.2500000e+01;-6.6997617e-02;7.2500000e+01;-1.0884981e-01;7.2500000e+01;-1.5201043e-01;7.2500000e+01;-5.8351196e-02;7.2500000e+01;-1.6599640e-02;7.2500000e+01;4.4183187e-02;7.2500000e+01;1.1972595e-01;7.2500000e+01;2.0148998e-01;7.2500000e+01;2.5547194e-01;7.2500000e+01;2.7859068e-01;7.2500000e+01;3.1531924e-01;7.2500000e+01;3.1241241e-01;7.2500000e+01;2.3830758e-01;7.2500000e+01;1.6687088e-01;7.2500000e+01;1.0900486e-01;7.2500000e+01;6.1380073e-02;7.2500000e+01;1.8140554e-02;7.2500000e+01;-2.4031729e-02;7.2500000e+01;-6.6997617e-02;7.2500000e+01;-1.0884981e-01;7.2500000e+01;-1.5201043e-01;7.2500000e+01;-5.8351196e-02;7.2500000e+01;-1.6599640e-02;7.2500000e+01;4.4183187e-02;7.2500000e+01;1.1972595e-01;7.2500000e+01;2.0148998e-01;7.2500000e+01;2.5547194e-01;7.2500000e+01;2.7859068e-01;7.2500000e+01;3.1531924e-01;7.2500000e+01;3.1241241e-01;7.2500000e+01;2.3830758e-01;7.2500000e+01;1.6687088e-01;7.2500000e+01;1.0900486e-01;7.2500000e+01;6.1380073e-02;7.2500000e+01;1.8140554e-02;7.2500000e+01;-2.4031729e-02;7.2500000e+01;-6.6997617e-02;7.2500000e+01;-1.0884981e-01;7.2500000e+01;-1.5201043e-01;7.2500000e+01;-5.8351196e-02;7.2500000e+01;-1.6599640e-02;7.2500000e+01;4.4183187e-02;7.2500000e+01;1.1972595e-01;7.2500000e+01;2.0148998e-01;7.2500000e+01;2.5547194e-01;7.2500000e+01;2.7859068e-01;7.2500000e+01;3.1531924e-01;7.2500000e+01;3.1241241e-01;7.2500000e+01;2.3830758e-01;7.2500000e+01;1.6687088e-01;7.2500000e+01;1.0900486e-01;7.2500000e+01;6.1380073e-02;7.2500000e+01;1.8140554e-02;7.2500000e+01;-2.4031729e-02;7.2500000e+01;-6.6997617e-02;7.2500000e+01;-1.0884981e-01;7.2500000e+01;-1.5201043e-01;7.2500000e+01;-5.8351196e-02;7.2500000e+01;-1.6599640e-02;7.2500000e+01;4.4183187e-02;7.2500000e+01;1.1972595e-01;7.2500000e+01;2.0148998e-01;7.2500000e+01;2.5547194e-01;7.2500000e+01;2.7859068e-01;7.2500000e+01;3.1531924e-01;7.2500000e+01;3.1241241e-01;7.2500000e+01;2.3830758e-01;7.2500000e+01;1.6687088e-01;7.2500000e+01;1.0900486e-01;7.2500000e+01;6.1380073e-02;7.2500000e+01;1.8140554e-02;7.2500000e+01;-2.4031729e-02;7.2500000e+01;-6.6997617e-02;7.2500000e+01;-1.0884981e-01;7.2500000e+01;-1.5201043e-01;7.2500000e+01;-5.8351196e-02;7.2500000e+01;-1.6599640e-02;7.2500000e+01;4.4183187e-02;7.2500000e+01;1.1972595e-01;7.2500000e+01;2.0148998e-01;7.2500000e+01;2.5547194e-01;7.2500000e+01;2.7859068e-01;7.2500000e+01;3.1531924e-01;7.2500000e+01;3.1241241e-01;7.2500000e+01;2.3830758e-01;7.2500000e+01;1.6687088e-01;7.2500000e+01;1.0900486e-01;7.2500000e+01;6.1380073e-02;7.2500000e+01;1.8140554e-02;7.2500000e+01;-2.4031729e-02;7.2500000e+01;-6.6997617e-02;7.2500000e+01;-1.0884981e-01;7.2500000e+01;-1.5201043e-01;7.2500000e+01;-5.8351196e-02;7.2500000e+01;-1.6599640e-02;7.2500000e+01;4.4183187e-02;7.2500000e+01;1.1972595e-01;7.2500000e+01;2.0148998e-01;7.2500000e+01;2.5547194e-01;7.2500000e+01;2.7859068e-01;7.2500000e+01;3.1531924e-01;7.2500000e+01;3.1241241e-01;7.2500000e+01;2.3830758e-01;7.2500000e+01;1.6687088e-01;7.2500000e+01;1.0900486e-01;7.2500000e+01;6.1380073e-02;7.2500000e+01;1.8140554e-02;7.2500000e+01;-2.4031729e-02;7.2500000e+01;-6.6997617e-02;7.2500000e+01;-1.0884981e-01;7.2500000e+01;-1.5201043e-01;7.2500000e+01;-5.8351196e-02;7.2500000e+01;-1.6599640e-02;7.2500000e+01;4.4183187e-02;7.2500000e+01;1.1972595e-01;7.2500000e+01;2.0148998e-01;7.2500000e+01;2.5547194e-01;7.2500000e+01;2.7859068e-01;7.2500000e+01;3.1531924e-01;7.2500000e+01;3.1241241e-01;7.2500000e+01;2.3830758e-01;7.2500000e+01;1.6687088e-01;7.2500000e+01;1.0900486e-01;7.2500000e+01;6.1380073e-02;7.2500000e+01;1.8140554e-02;7.2500000e+01;-2.4031729e-02;7.2500000e+01;-6.6997617e-02;7.2500000e+01;-1.0884981e-01;7.2500000e+01;-1.5201043e-01;7.2500000e+01;-5.8351196e-02;7.2500000e+01;-1.6599640e-02;7.2500000e+01;4.4183187e-02;7.2500000e+01;1.1972595e-01;7.2500000e+01;2.0148998e-01;7.2500000e+01;2.5547194e-01;7.2500000e+01;2.7859068e-01;7.2500000e+01;3.1531924e-01;7.2500000e+01;3.1241241e-01;7.2500000e+01;2.3830758e-01;7.2500000e+01;1.6687088e-01;7.2500000e+01;1.0900486e-01;7.2500000e+01;6.1380073e-02;7.2500000e+01;1.8140554e-02;7.2500000e+01;-2.4031729e-02;7.2500000e+01;-6.6997617e-02;7.2500000e+01;-1.0884981e-01;7.2500000e+01;-1.5201043e-01;7.2500000e+01;-5.8351196e-02;7.2500000e+01;-1.6599640e-02;7.2500000e+01;4.4183187e-02;7.2500000e+01;1.1972595e-01;7.2500000e+01;2.0148998e-01;7.2500000e+01;2.5547194e-01;7.2500000e+01;2.7859068e-01;7.2500000e+01;3.1531924e-01;7.2500000e+01;3.1241241e-01;7.2500000e+01;2.3830758e-01;7.2500000e+01;1.6687088e-01;7.2500000e+01;1.0900486e-01;7.2500000e+01;6.1380073e-02;7.2500000e+01;1.8140554e-02;7.2500000e+01;-2.4031729e-02;7.2500000e+01;-6.6997617e-02;7.2500000e+01;-1.0884981e-01;7.2500000e+01;-1.5201043e-01;7.2500000e+01;-5.8351196e-02;7.2500000e+01;-1.6599640e-02;7.2500000e+01;4.4183187e-02;7.2500000e+01;1.1972595e-01;7.2500000e+01;2.0148998e-01;7.2500000e+01;2.5547194e-01;7.2500000e+01;2.7859068e-01;7.2500000e+01;3.1531924e-01;7.2500000e+01;3.1241241e-01;7.2500000e+01;2.3830758e-01;7.2500000e+01;1.6687088e-01;7.2500000e+01;1.0900486e-01;7.2500000e+01;6.1380073e-02;7.2500000e+01;1.8140554e-02;7.2500000e+01;-2.4031729e-02;7.2500000e+01;-6.6997617e-02;7.2500000e+01;-1.0884981e-01;7.2500000e+01;-1.5201043e-01;7.2500000e+01;-5.8351196e-02;7.2500000e+01;-1.6599640e-02;7.2500000e+01;4.4183187e-02;7.2500000e+01;1.1972595e-01;7.2500000e+01;2.0148998e-01;7.2500000e+01;2.5547194e-01;7.2500000e+01;2.7859068e-01;7.2500000e+01;3.1531924e-01;7.2500000e+01;3.1241241e-01;7.2500000e+01;2.3830758e-01;7.2500000e+01;1.6687088e-01;7.2500000e+01;1.0900486e-01;7.2500000e+01;6.1380073e-02;7.2500000e+01;1.8140554e-02;7.2500000e+01;-2.4031729e-02;7.2500000e+01;-6.6997617e-02;7.2500000e+01;-1.0884981e-01;7.2500000e+01;-1.5201043e-01;7.2500000e+01;-5.8351196e-02;7.2500000e+01;-1.6599640e-02;7.2500000e+01;4.4183187e-02;7.2500000e+01;1.1972595e-01;7.2500000e+01;2.0148998e-01;7.2500000e+01;2.5547194e-01;7.2500000e+01;2.7859068e-01;7.2500000e+01;3.1531924e-01;7.2500000e+01;3.1241241e-01;7.2500000e+01;2.3830758e-01;7.2500000e+01;1.6687088e-01;7.2500000e+01;1.0900486e-01;7.2500000e+01;6.1380073e-02;7.2500000e+01;1.8140554e-02;7.2500000e+01;-2.4031729e-02;7.2500000e+01;-6.6997617e-02;7.2500000e+01;-1.0884981e-01;7.2500000e+01;-1.5201043e-01;7.2500000e+01;-5.8351196e-02;7.2500000e+01;-1.6599640e-02;7.2500000e+01;4.4183187e-02;7.2500000e+01;1.1972595e-01;7.2500000e+01;2.0148998e-01;7.2500000e+01;2.5547194e-01;7.2500000e+01;2.7859068e-01;7.2500000e+01;3.1531924e-01;7.2500000e+01;3.1241241e-01;7.2500000e+01;2.3830758e-01;7.2500000e+01;1.6687088e-01;7.2500000e+01;1.0900486e-01;7.2500000e+01;6.1380073e-02;7.2500000e+01;1.8140554e-02;7.2500000e+01;-2.4031729e-02;7.2500000e+01;-6.6997617e-02;7.2500000e+01;-1.0884981e-01;7.2500000e+01;-1.5201043e-01;7.2500000e+01;-5.8351196e-02;7.2500000e+01;-1.6599640e-02;7.2500000e+01;4.4183187e-02;7.2500000e+01;1.1972595e-01;7.2500000e+01;2.0148998e-01;7.2500000e+01;2.5547194e-01;7.2500000e+01;2.7859068e-01;7.2500000e+01;3.1531924e-01;7.2500000e+01;3.1241241e-01;7.2500000e+01;2.3830758e-01;7.2500000e+01;1.6687088e-01;7.2500000e+01;1.0900486e-01;7.2500000e+01;6.1380073e-02;7.2500000e+01;1.8140554e-02;7.2500000e+01;-2.4031729e-02;7.2500000e+01;-6.6997617e-02;7.2500000e+01;-1.0884981e-01;7.2500000e+01;-1.5201043e-01;7.2500000e+01;-5.8351196e-02;7.2500000e+01;-1.6599640e-02;7.2500000e+01;4.4183187e-02;7.2500000e+01;1.1972595e-01;7.2500000e+01;2.0148998e-01;7.2500000e+01;2.5547194e-01;7.2500000e+01;2.7859068e-01;7.2500000e+01;3.1531924e-01;7.2500000e+01;3.1241241e-01;7.2500000e+01;2.3830758e-01;7.2500000e+01;1.6687088e-01;7.2500000e+01;1.0900486e-01;7.2500000e+01;6.1380073e-02;7.2500000e+01;1.8140554e-02;7.2500000e+01;-2.4031729e-02;7.2500000e+01;-6.6997617e-02;7.2500000e+01;-1.0884981e-01;7.2500000e+01;-1.5201043e-01;7.2500000e+01;-5.8351196e-02;7.2500000e+01;-1.6599640e-02;7.2500000e+01;4.4183187e-02;7.2500000e+01;1.1972595e-01;7.2500000e+01;2.0148998e-01;7.2500000e+01;2.5547194e-01;7.2500000e+01;2.7859068e-01;7.2500000e+01;3.1531924e-01;7.2500000e+01;3.1241241e-01;7.2500000e+01;2.3830758e-01;7.2500000e+01;1.6687088e-01;7.2500000e+01;1.0900486e-01;7.2500000e+01;6.1380073e-02;7.2500000e+01;1.8140554e-02;7.2500000e+01;-2.4031729e-02;7.2500000e+01;-6.6997617e-02;7.2500000e+01;-1.0884981e-01;7.2500000e+01;-1.5201043e-01;7.2500000e+01;-5.8351196e-02;7.2500000e+01;-1.6599640e-02;7.2500000e+01;4.4183187e-02;7.2500000e+01;1.1972595e-01;7.2500000e+01;2.0148998e-01;7.2500000e+01;2.5547194e-01;7.2500000e+01;2.7859068e-01;7.2500000e+01;3.1531924e-01;7.2500000e+01;3.1241241e-01;7.2500000e+01;2.3830758e-01;7.2500000e+01;1.6687088e-01;7.2500000e+01;1.0900486e-01;7.2500000e+01;6.1380073e-02;7.2500000e+01;1.8140554e-02;7.2500000e+01;-2.4031729e-02;7.2500000e+01;-6.6997617e-02;7.2500000e+01;-1.0884981e-01;7.2500000e+01;-1.5201043e-01;7.2500000e+01;-5.8351196e-02;7.2500000e+01;-1.6599640e-02;7.2500000e+01;4.4183187e-02;7.2500000e+01;1.1972595e-01;7.2500000e+01;2.0148998e-01;7.2500000e+01;2.5547194e-01;7.2500000e+01;2.7859068e-01;7.2500000e+01;3.1531924e-01;7.2500000e+01;3.1241241e-01;7.2500000e+01;2.3830758e-01;7.2500000e+01;1.6687088e-01;7.2500000e+01;1.0900486e-01;7.2500000e+01;6.1380073e-02;7.2500000e+01;1.8140554e-02;7.2500000e+01;-2.4031729e-02;7.2500000e+01;-6.6997617e-02;7.2500000e+01;-1.0884981e-01;7.2500000e+01;-1.5201043e-01;7.2500000e+01;-5.8351196e-02;7.2500000e+01;-1.6599640e-02;7.2500000e+01;4.4183187e-02;7.2500000e+01;1.1972595e-01;7.2500000e+01;2.0148998e-01;7.2500000e+01;2.5547194e-01;7.2500000e+01;2.7859068e-01;7.2500000e+01;3.1531924e-01;7.2500000e+01;3.1241241e-01;7.2500000e+01;2.3830758e-01;7.2500000e+01;1.6687088e-01;7.2500000e+01;1.0900486e-01;7.2500000e+01;6.1380073e-02;7.2500000e+01;1.8140554e-02;7.2500000e+01;-2.4031729e-02;7.2500000e+01;-6.6997617e-02;7.2500000e+01;-1.0884981e-01;7.2500000e+01;-1.5201043e-01;7.2500000e+01;-5.8351196e-02;7.2500000e+01;-1.6599640e-02;7.2500000e+01;4.4183187e-02;7.2500000e+01;1.1972595e-01;7.2500000e+01;2.0148998e-01;7.2500000e+01;2.5547194e-01;7.2500000e+01;2.7859068e-01;7.2500000e+01;3.1531924e-01;7.2500000e+01;3.1241241e-01;7.2500000e+01;2.3830758e-01;7.2500000e+01;1.6687088e-01;7.2500000e+01;1.0900486e-01;7.2500000e+01;6.1380073e-02;7.2500000e+01;1.8140554e-02;7.2500000e+01;-2.4031729e-02;7.2500000e+01;-6.6997617e-02;7.2500000e+01;-1.0884981e-01;7.2500000e+01;-1.5201043e-01;7.2500000e+01;-5.8351196e-02;7.2500000e+01;-1.6599640e-02;7.2500000e+01;4.4183187e-02;7.2500000e+01;1.1972595e-01;7.2500000e+01;2.0148998e-01;7.2500000e+01;2.5547194e-01;7.2500000e+01;2.7859068e-01;7.2500000e+01;3.1531924e-01;7.2500000e+01;3.1241241e-01;7.2500000e+01;2.3830758e-01;7.2500000e+01;1.6687088e-01;7.2500000e+01;1.0900486e-01;7.2500000e+01;6.1380073e-02;7.2500000e+01;1.8140554e-02;7.2500000e+01;-2.4031729e-02;7.2500000e+01;-6.6997617e-02;7.2500000e+01;-1.0884981e-01;7.2500000e+01;-1.5201043e-01;7.2500000e+01;-5.8351196e-02;7.2500000e+01;-1.6599640e-02;7.2500000e+01;4.4183187e-02;7.2500000e+01;1.1972595e-01;7.2500000e+01;2.0148998e-01;7.2500000e+01;2.5547194e-01;7.2500000e+01;2.7859068e-01;7.2500000e+01;3.1531924e-01;7.2500000e+01;3.1241241e-01;7.2500000e+01;2.3830758e-01;7.2500000e+01;1.6687088e-01;7.2500000e+01;1.0900486e-01;7.2500000e+01;6.1380073e-02;7.2500000e+01;1.8140554e-02;7.2500000e+01;-2.4031729e-02;7.2500000e+01;-6.6997617e-02;7.2500000e+01;-1.0884981e-01;7.2500000e+01;-1.5201043e-01;7.2500000e+01;-5.8351196e-02;7.2500000e+01;-1.6599640e-02;7.2500000e+01;4.4183187e-02;7.2500000e+01;1.1972595e-01;7.2500000e+01;2.0148998e-01;7.2500000e+01;2.5547194e-01;7.2500000e+01;2.7859068e-01;7.2500000e+01;3.1531924e-01;7.2500000e+01;3.1241241e-01;7.2500000e+01;2.3830758e-01;7.2500000e+01;1.6687088e-01;7.2500000e+01;1.0900486e-01;7.2500000e+01;6.1380073e-02;7.2500000e+01;1.8140554e-02;7.2500000e+01;-2.4031729e-02;7.2500000e+01;-6.6997617e-02;7.2500000e+01;-1.0884981e-01;7.2500000e+01;-1.5201043e-01;7.2500000e+01;-5.8351196e-02;7.2500000e+01;-1.6599640e-02;7.2500000e+01;4.4183187e-02;7.2500000e+01;1.1972595e-01;7.2500000e+01;2.0148998e-01;7.2500000e+01;2.5547194e-01;7.2500000e+01;2.7859068e-01;7.2500000e+01;3.1531924e-01;7.2500000e+01;3.1241241e-01;7.2500000e+01;2.3830758e-01;7.2500000e+01;1.6687088e-01;7.2500000e+01;1.0900486e-01;7.2500000e+01;6.1380073e-02;7.2500000e+01;1.8140554e-02;7.2500000e+01;-2.4031729e-02;7.2500000e+01;-6.6997617e-02;7.2500000e+01;-1.0884981e-01;7.2500000e+01;-1.5201043e-01;7.2500000e+01;-5.8351196e-02;7.2500000e+01;-1.6599640e-02;7.2500000e+01;4.4183187e-02;7.2500000e+01;1.1972595e-01;7.2500000e+01;2.0148998e-01;7.2500000e+01;2.5547194e-01;7.2500000e+01;2.7859068e-01;7.2500000e+01;3.1531924e-01;7.2500000e+01;3.1241241e-01;7.2500000e+01;2.3830758e-01;7.2500000e+01;1.6687088e-01;7.2500000e+01;1.0900486e-01;7.2500000e+01;6.1380073e-02;7.2500000e+01;1.8140554e-02;7.2500000e+01;-2.4031729e-02;7.2500000e+01;-6.6997617e-02;7.2500000e+01;-1.0884981e-01;7.2500000e+01;-1.5201043e-01;7.2500000e+01;-5.8351196e-02;7.2500000e+01;-1.6599640e-02;7.2500000e+01;4.4183187e-02;7.2500000e+01;1.1972595e-01;7.2500000e+01;2.0148998e-01;7.2500000e+01;2.5547194e-01;7.2500000e+01;2.7859068e-01;7.2500000e+01;3.1531924e-01;7.2500000e+01;3.1241241e-01;7.2500000e+01;2.3830758e-01;7.2500000e+01;1.6687088e-01;7.2500000e+01;1.0900486e-01;7.2500000e+01;6.1380073e-02;7.2500000e+01;1.8140554e-02;7.2500000e+01;-2.4031729e-02;7.2500000e+01;-6.6997617e-02;7.2500000e+01;-1.0884981e-01;7.2500000e+01;-1.5201043e-01;7.2500000e+01;-5.8351196e-02;7.2500000e+01;-1.6599640e-02;7.2500000e+01;4.4183187e-02;7.2500000e+01;1.1972595e-01;7.2500000e+01;2.0148998e-01;7.2500000e+01;2.5547194e-01;7.2500000e+01;2.7859068e-01;7.2500000e+01;3.1531924e-01;7.2500000e+01;3.1241241e-01;7.2500000e+01;2.3830758e-01;7.2500000e+01;1.6687088e-01;7.2500000e+01;1.0900486e-01;7.2500000e+01;6.1380073e-02;7.2500000e+01;1.8140554e-02;7.2500000e+01;-2.4031729e-02;7.2500000e+01;-6.6997617e-02;7.2500000e+01;-1.0884981e-01;7.2500000e+01;-1.5201043e-01;7.2500000e+01;-5.8351196e-02;7.2500000e+01;-1.6599640e-02;7.2500000e+01;4.4183187e-02;7.2500000e+01;1.1972595e-01;7.2500000e+01;2.0148998e-01;7.2500000e+01;2.5547194e-01;7.2500000e+01;2.7859068e-01;7.2500000e+01;3.1531924e-01;7.2500000e+01;3.1241241e-01;7.2500000e+01;2.3830758e-01;7.2500000e+01;1.6687088e-01;7.2500000e+01;1.0900486e-01;7.2500000e+01;6.1380073e-02;7.2500000e+01;1.8140554e-02;7.2500000e+01;-2.4031729e-02;7.2500000e+01;-6.6997617e-02;7.2500000e+01;-1.0884981e-01;7.2500000e+01;-1.5201043e-01;7.2500000e+01;-5.8351196e-02;7.2500000e+01;-1.6599640e-02;7.2500000e+01;4.4183187e-02;7.2500000e+01;1.1972595e-01;7.2500000e+01;2.0148998e-01;7.2500000e+01;2.5547194e-01;7.2500000e+01;2.7859068e-01;7.2500000e+01;3.1531924e-01;7.2500000e+01;3.1241241e-01;7.2500000e+01;2.3830758e-01;7.2500000e+01;1.6687088e-01;7.2500000e+01;1.0900486e-01;7.2500000e+01;6.1380073e-02;7.2500000e+01;1.8140554e-02;7.2500000e+01;-2.4031729e-02;7.2500000e+01;-6.6997617e-02;7.2500000e+01;-1.0884981e-01;7.2500000e+01;-1.5201043e-01;7.2500000e+01;-5.8351196e-02;7.2500000e+01;-1.6599640e-02;7.2500000e+01;4.4183187e-02;7.2500000e+01;1.1972595e-01;7.2500000e+01;2.0148998e-01;7.2500000e+01;2.5547194e-01;7.2500000e+01;2.7859068e-01;7.2500000e+01;3.1531924e-01;7.2500000e+01;3.1241241e-01;7.2500000e+01;2.3830758e-01;7.2500000e+01;1.6687088e-01;7.2500000e+01;1.0900486e-01;7.2500000e+01;6.1380073e-02;7.2500000e+01;1.8140554e-02;7.2500000e+01;-2.4031729e-02;7.2500000e+01;-6.6997617e-02;7.2500000e+01;-1.0884981e-01;7.2500000e+01;-1.5201043e-01;7.2500000e+01;-5.8351196e-02;7.2500000e+01;-1.6599640e-02;7.2500000e+01;4.4183187e-02;7.2500000e+01;1.1972595e-01;7.2500000e+01;2.0148998e-01;7.2500000e+01;2.5547194e-01;7.2500000e+01;2.7859068e-01;7.2500000e+01;3.1531924e-01;7.2500000e+01;3.1241241e-01;7.2500000e+01;2.3830758e-01;7.2500000e+01;1.6687088e-01;7.2500000e+01;1.0900486e-01;7.2500000e+01;6.1380073e-02;7.2500000e+01;1.8140554e-02;7.2500000e+01;-2.4031729e-02;7.2500000e+01;-6.6997617e-02;7.2500000e+01;-1.0884981e-01;7.2500000e+01;-1.5201043e-01;7.2500000e+01;-5.8351196e-02;7.2500000e+01;-1.6599640e-02;7.2500000e+01;4.4183187e-02;7.2500000e+01;1.1972595e-01;7.2500000e+01;2.0148998e-01;7.2500000e+01;2.5547194e-01;7.2500000e+01;2.7859068e-01;7.2500000e+01;3.1531924e-01;7.2500000e+01;3.1241241e-01;7.2500000e+01;2.3830758e-01;7.2500000e+01;1.6687088e-01;7.2500000e+01;1.0900486e-01;7.2500000e+01;6.1380073e-02;7.2500000e+01;1.8140554e-02;7.2500000e+01;-2.4031729e-02;7.2500000e+01;-6.6997617e-02;7.2500000e+01;-1.0884981e-01;7.2500000e+01;-1.5201043e-01;7.2500000e+01;-5.8351196e-02;7.2500000e+01;-1.6599640e-02;7.2500000e+01;4.4183187e-02;7.2500000e+01;1.1972595e-01;7.2500000e+01;2.0148998e-01;7.2500000e+01;2.5547194e-01;7.2500000e+01;2.7859068e-01;7.2500000e+01;3.1531924e-01;7.2500000e+01;3.1241241e-01;7.2500000e+01;2.3830758e-01;7.2500000e+01;1.6687088e-01;7.2500000e+01;1.0900486e-01;7.2500000e+01;6.1380073e-02;7.2500000e+01;1.8140554e-02;7.2500000e+01;-2.4031729e-02;7.2500000e+01;-6.6997617e-02;7.2500000e+01;-1.0884981e-01;7.2500000e+01;-1.5201043e-01;7.2500000e+01;-5.8351196e-02;7.2500000e+01;-1.6599640e-02;7.2500000e+01;4.4183187e-02;7.2500000e+01;1.1972595e-01;7.2500000e+01;2.0148998e-01;7.2500000e+01;2.5547194e-01;7.2500000e+01;2.7859068e-01;7.2500000e+01;3.1531924e-01;7.2500000e+01;3.1241241e-01;7.2500000e+01;2.3830758e-01;7.2500000e+01;1.6687088e-01;7.2500000e+01;1.0900486e-01;7.2500000e+01;6.1380073e-02;7.2500000e+01;1.8140554e-02;7.2500000e+01;-2.4031729e-02;7.2500000e+01;-6.6997617e-02;7.2500000e+01;-1.0884981e-01;7.2500000e+01;-1.5201043e-01;7.2500000e+01;-5.8351196e-02;7.2500000e+01;-1.6599640e-02;7.2500000e+01;4.4183187e-02;7.2500000e+01;1.1972595e-01;7.2500000e+01;2.0148998e-01;7.2500000e+01;2.5547194e-01;7.2500000e+01;2.7859068e-01;7.2500000e+01;3.1531924e-01;7.2500000e+01;3.1241241e-01;7.2500000e+01;2.3830758e-01;7.2500000e+01;1.6687088e-01;7.2500000e+01;1.0900486e-01;7.2500000e+01;6.1380073e-02;7.2500000e+01;1.8140554e-02;7.2500000e+01;-2.4031729e-02;7.2500000e+01;-6.6997617e-02;7.2500000e+01;-1.0884981e-01;7.2500000e+01;-1.5201043e-01;7.2500000e+01;-5.8351196e-02;7.2500000e+01;-1.6599640e-02;7.2500000e+01;4.4183187e-02;7.2500000e+01;1.1972595e-01;7.2500000e+01;2.0148998e-01;7.2500000e+01;2.5547194e-01;7.2500000e+01;2.7859068e-01;7.2500000e+01;3.1531924e-01;7.2500000e+01;3.1241241e-01;7.2500000e+01;2.3830758e-01;7.2500000e+01;1.6687088e-01;7.2500000e+01;1.0900486e-01;7.2500000e+01;6.1380073e-02;7.2500000e+01;1.8140554e-02;7.2500000e+01;-2.4031729e-02;7.2500000e+01;-6.6997617e-02;7.2500000e+01;-1.0884981e-01;7.2500000e+01;-1.5201043e-01;7.2500000e+01;-5.8351196e-02;7.2500000e+01;-1.6599640e-02;7.2500000e+01;4.4183187e-02;7.2500000e+01;1.1972595e-01;7.2500000e+01;2.0148998e-01;7.2500000e+01;2.5547194e-01;7.2500000e+01;2.7859068e-01;7.2500000e+01;3.1531924e-01;7.2500000e+01;3.1241241e-01;7.2500000e+01;2.3830758e-01;7.2500000e+01;1.6687088e-01;7.2500000e+01;1.0900486e-01;7.2500000e+01;6.1380073e-02;7.2500000e+01;1.8140554e-02;7.2500000e+01;-2.4031729e-02;7.2500000e+01;-6.6997617e-02;7.2500000e+01;-1.0884981e-01;7.2500000e+01;-1.5201043e-01;7.2500000e+01;-5.8351196e-02;7.2500000e+01;-1.6599640e-02;7.2500000e+01;4.4183187e-02;7.2500000e+01;1.1972595e-01;7.2500000e+01;2.0148998e-01;7.2500000e+01;2.5547194e-01;7.2500000e+01;2.7859068e-01;7.2500000e+01;3.1531924e-01;7.2500000e+01;3.1241241e-01;7.2500000e+01;2.3830758e-01;7.2500000e+01;1.6687088e-01;7.2500000e+01;1.0900486e-01;7.2500000e+01;6.1380073e-02;7.2500000e+01;1.8140554e-02;7.2500000e+01;-2.4031729e-02;7.2500000e+01;-6.6997617e-02;7.2500000e+01;-1.0884981e-01;7.2500000e+01;-1.5201043e-01;7.2500000e+01;-5.8351196e-02;7.2500000e+01;-1.6599640e-02;7.2500000e+01;4.4183187e-02;7.2500000e+01;1.1972595e-01;7.2500000e+01;2.0148998e-01;7.2500000e+01;2.5547194e-01;7.2500000e+01;2.7859068e-01;7.2500000e+01;3.1531924e-01;7.2500000e+01;3.1241241e-01;7.2500000e+01;2.3830758e-01;7.2500000e+01;1.6687088e-01;7.2500000e+01;1.0900486e-01;7.2500000e+01;6.1380073e-02;7.2500000e+01;1.8140554e-02;7.2500000e+01;-2.4031729e-02;7.2500000e+01;-6.6997617e-02;7.2500000e+01;-1.0884981e-01;7.2500000e+01;-1.5201043e-01;7.2500000e+01;-5.8351196e-02;7.2500000e+01;-1.6599640e-02;7.2500000e+01;4.4183187e-02;7.2500000e+01;1.1972595e-01;7.2500000e+01;2.0148998e-01;7.2500000e+01;2.5547194e-01;7.2500000e+01;2.7859068e-01;7.2500000e+01;3.1531924e-01;7.2500000e+01;3.1241241e-01;7.2500000e+01;2.3830758e-01;7.2500000e+01;1.6687088e-01;7.2500000e+01;1.0900486e-01;7.2500000e+01;6.1380073e-02;7.2500000e+01;1.8140554e-02;7.2500000e+01;-2.4031729e-02;7.2500000e+01;-6.6997617e-02;7.2500000e+01;-1.0884981e-01;7.2500000e+01;-1.5201043e-01;7.2500000e+01;-5.8351196e-02;7.2500000e+01;-1.6599640e-02;7.2500000e+01;4.4183187e-02;7.2500000e+01;1.1972595e-01;7.2500000e+01;2.0148998e-01;7.2500000e+01;2.5547194e-01;7.2500000e+01;2.7859068e-01;7.2500000e+01;3.1531924e-01;7.2500000e+01;3.1241241e-01;7.2500000e+01;2.3830758e-01;7.2500000e+01;1.6687088e-01;7.2500000e+01;1.0900486e-01;7.2500000e+01;6.1380073e-02;7.2500000e+01;1.8140554e-02;7.2500000e+01;-2.4031729e-02;7.2500000e+01;-6.6997617e-02;7.2500000e+01;-1.0884981e-01;7.2500000e+01;-1.5201043e-01;7.2500000e+01;-5.8351196e-02;7.2500000e+01;-1.6599640e-02;7.2500000e+01;4.4183187e-02;7.2500000e+01;1.1972595e-01;7.2500000e+01;2.0148998e-01;7.2500000e+01;2.5547194e-01;7.2500000e+01;2.7859068e-01;7.2500000e+01;3.1531924e-01;7.2500000e+01;3.1241241e-01;7.2500000e+01;2.3830758e-01;7.2500000e+01;1.6687088e-01;7.2500000e+01;1.0900486e-01;7.2500000e+01;6.1380073e-02;7.2500000e+01;1.8140554e-02;7.2500000e+01;-2.4031729e-02;7.2500000e+01;-6.6997617e-02;7.2500000e+01;-1.0884981e-01;7.2500000e+01;-1.5201043e-01;7.2500000e+01;-5.8351196e-02;7.2500000e+01;-1.6599640e-02;7.2500000e+01;4.4183187e-02;7.2500000e+01;1.1972595e-01;7.2500000e+01;2.0148998e-01;7.2500000e+01;2.5547194e-01;7.2500000e+01;2.7859068e-01;7.2500000e+01;3.1531924e-01;7.2500000e+01;3.1241241e-01;7.2500000e+01;2.3830758e-01;7.2500000e+01;1.6687088e-01;7.2500000e+01;1.0900486e-01;7.2500000e+01;6.1380073e-02;7.2500000e+01;1.8140554e-02;7.2500000e+01;-2.4031729e-02;7.2500000e+01;-6.6997617e-02;7.2500000e+01;-1.0884981e-01;7.2500000e+01;-1.5201043e-01;7.2500000e+01;-5.8351196e-02;7.2500000e+01;-1.6599640e-02;7.2500000e+01;4.4183187e-02;7.2500000e+01;1.1972595e-01;7.2500000e+01;2.0148998e-01;7.2500000e+01;2.5547194e-01;7.2500000e+01;2.7859068e-01;7.2500000e+01;3.1531924e-01;7.2500000e+01;3.1241241e-01;7.2500000e+01;2.3830758e-01;7.2500000e+01;1.6687088e-01;7.2500000e+01;1.0900486e-01;7.2500000e+01;6.1380073e-02;7.2500000e+01;1.8140554e-02;7.2500000e+01;-2.4031729e-02;7.2500000e+01;-6.6997617e-02;7.2500000e+01;-1.0884981e-01;7.2500000e+01;-1.5201043e-01;7.2500000e+01;-5.8351196e-02;7.2500000e+01;-1.6599640e-02;7.2500000e+01;4.4183187e-02;7.2500000e+01;1.1972595e-01;7.2500000e+01;2.0148998e-01;7.2500000e+01;2.5547194e-01;7.2500000e+01;2.7859068e-01;7.2500000e+01;3.1531924e-01;7.2500000e+01;3.1241241e-01;7.2500000e+01;2.3830758e-01;7.2500000e+01;1.6687088e-01;7.2500000e+01;1.0900486e-01;7.2500000e+01;6.1380073e-02;7.2500000e+01;1.8140554e-02;7.2500000e+01;-2.4031729e-02;7.2500000e+01;-6.6997617e-02;7.2500000e+01;-1.0884981e-01;7.2500000e+01;-1.5201043e-01;7.2500000e+01;-5.8351196e-02;7.2500000e+01;-1.6599640e-02;7.2500000e+01;4.4183187e-02;7.2500000e+01;1.1972595e-01;7.2500000e+01;2.0148998e-01;7.2500000e+01;2.5547194e-01;7.2500000e+01;2.7859068e-01;7.2500000e+01;3.1531924e-01;7.2500000e+01;3.1241241e-01;7.2500000e+01;2.3830758e-01;7.2500000e+01;1.6687088e-01;7.2500000e+01;1.0900486e-01;7.2500000e+01;6.1380073e-02;7.2500000e+01;1.8140554e-02;7.2500000e+01;-2.4031729e-02;7.2500000e+01;-6.6997617e-02;7.2500000e+01;-1.0884981e-01;7.2500000e+01;-1.5201043e-01;7.2500000e+01;-5.8351196e-02;7.2500000e+01;-1.6599640e-02;7.2500000e+01;4.4183187e-02;7.2500000e+01;1.1972595e-01;7.2500000e+01;2.0148998e-01;7.2500000e+01;2.5547194e-01;7.2500000e+01;2.7859068e-01;7.2500000e+01;3.1531924e-01;7.2500000e+01;3.1241241e-01;7.2500000e+01;2.3830758e-01;7.2500000e+01;1.6687088e-01;7.2500000e+01;1.0900486e-01;7.2500000e+01;6.1380073e-02;7.2500000e+01;1.8140554e-02;7.2500000e+01;-2.4031729e-02;7.2500000e+01;-6.6997617e-02;7.2500000e+01;-1.0884981e-01;7.2500000e+01;-1.5201043e-01;7.2500000e+01;-5.8351196e-02;7.2500000e+01;-1.6599640e-02;7.2500000e+01;4.4183187e-02;7.2500000e+01;1.1972595e-01;7.2500000e+01;2.0148998e-01;7.2500000e+01;2.5547194e-01;7.2500000e+01;2.7859068e-01;7.2500000e+01;3.1531924e-01;7.2500000e+01;3.1241241e-01;7.2500000e+01;2.3830758e-01;7.2500000e+01;1.6687088e-01;7.2500000e+01;1.0900486e-01;7.2500000e+01;6.1380073e-02;7.2500000e+01;1.8140554e-02;7.2500000e+01;-2.4031729e-02;7.2500000e+01;-6.6997617e-02;7.2500000e+01;-1.0884981e-01;7.2500000e+01;-1.5201043e-01;7.2500000e+01;-5.8351196e-02;7.2500000e+01;-1.6599640e-02;7.2500000e+01;4.4183187e-02;7.2500000e+01;1.1972595e-01;7.2500000e+01;2.0148998e-01;7.2500000e+01;2.5547194e-01;7.2500000e+01;2.7859068e-01;7.2500000e+01;3.1531924e-01;7.2500000e+01;3.1241241e-01;7.2500000e+01;2.3830758e-01;7.2500000e+01;1.6687088e-01;7.2500000e+01;1.0900486e-01;7.2500000e+01;6.1380073e-02;7.2500000e+01;1.8140554e-02;7.2500000e+01;-2.4031729e-02;7.2500000e+01;-6.6997617e-02;7.2500000e+01;-1.0884981e-01;7.2500000e+01;-1.5201043e-01;7.2500000e+01;-5.8351196e-02;7.2500000e+01;-1.6599640e-02;7.2500000e+01;4.4183187e-02;7.2500000e+01;1.1972595e-01;7.2500000e+01;2.0148998e-01;7.2500000e+01;2.5547194e-01;7.2500000e+01;2.7859068e-01;7.2500000e+01;3.1531924e-01;7.2500000e+01;3.1241241e-01;7.2500000e+01;2.3830758e-01;7.2500000e+01;1.6687088e-01;7.2500000e+01;1.0900486e-01;7.2500000e+01;6.1380073e-02;7.2500000e+01;1.8140554e-02;7.2500000e+01;-2.4031729e-02;7.2500000e+01;-6.6997617e-02;7.2500000e+01;-1.0884981e-01;7.2500000e+01;-1.5201043e-01;7.2500000e+01;-5.8351196e-02;7.2500000e+01;-1.6599640e-02;7.2500000e+01;4.4183187e-02;7.2500000e+01;1.1972595e-01;7.2500000e+01;2.0148998e-01;7.2500000e+01;2.5547194e-01;7.2500000e+01;2.7859068e-01;7.2500000e+01;3.1531924e-01;7.2500000e+01;3.1241241e-01;7.2500000e+01;2.3830758e-01;7.2500000e+01;1.6687088e-01;7.2500000e+01;1.0900486e-01;7.2500000e+01;6.1380073e-02;7.2500000e+01;1.8140554e-02;7.2500000e+01;-2.4031729e-02;7.2500000e+01;-6.6997617e-02;7.2500000e+01;-1.0884981e-01;7.2500000e+01;-1.5201043e-01;7.2500000e+01;-5.8351196e-02;7.2500000e+01;-1.6599640e-02;7.2500000e+01;4.4183187e-02;7.2500000e+01;1.1972595e-01;7.2500000e+01;2.0148998e-01;7.2500000e+01;2.5547194e-01;7.2500000e+01;2.7859068e-01;7.2500000e+01;3.1531924e-01;7.2500000e+01;3.1241241e-01;7.2500000e+01;2.3830758e-01;7.2500000e+01;1.6687088e-01;7.2500000e+01;1.0900486e-01;7.2500000e+01;6.1380073e-02;7.2500000e+01;1.8140554e-02;7.2500000e+01;-2.4031729e-02;7.2500000e+01;-6.6997617e-02;7.2500000e+01;-1.0884981e-01;7.2500000e+01;-1.5201043e-01;7.2500000e+01;-5.8351196e-02;7.2500000e+01;-1.6599640e-02;7.2500000e+01;4.4183187e-02;7.2500000e+01;1.1972595e-01;7.2500000e+01;2.0148998e-01;7.2500000e+01;2.5547194e-01;7.2500000e+01;2.7859068e-01;7.2500000e+01;3.1531924e-01;7.2500000e+01;3.1241241e-01;7.2500000e+01;2.3830758e-01;7.2500000e+01;1.6687088e-01;7.2500000e+01;1.0900486e-01;7.2500000e+01;6.1380073e-02;7.2500000e+01;1.8140554e-02;7.2500000e+01;-2.4031729e-02;7.2500000e+01;-6.6997617e-02;7.2500000e+01;-1.0884981e-01;7.2500000e+01;-1.5201043e-01;7.2500000e+01;-5.8351196e-02;7.2500000e+01;-1.6599640e-02;7.2500000e+01;4.4183187e-02;7.2500000e+01;1.1972595e-01;7.2500000e+01;2.0148998e-01;7.2500000e+01;2.5547194e-01;7.2500000e+01;2.7859068e-01;7.2500000e+01;3.1531924e-01;7.2500000e+01;3.1241241e-01;7.2500000e+01;2.3830758e-01;7.2500000e+01;1.6687088e-01;7.2500000e+01;1.0900486e-01;7.2500000e+01;6.1380073e-02;7.2500000e+01;1.8140554e-02;7.2500000e+01;-2.4031729e-02;7.2500000e+01;-6.6997617e-02;7.2500000e+01;-1.0884981e-01;7.2500000e+01;-1.5201043e-01;7.2500000e+01;-5.8351196e-02;7.2500000e+01;-1.6599640e-02;7.2500000e+01;4.4183187e-02;7.2500000e+01;1.1972595e-01;7.2500000e+01;2.0148998e-01;7.2500000e+01;2.5547194e-01;7.2500000e+01;2.7859068e-01;7.2500000e+01;3.1531924e-01;7.2500000e+01;3.1241241e-01;7.2500000e+01;2.3830758e-01;7.2500000e+01;1.6687088e-01;7.2500000e+01;1.0900486e-01;7.2500000e+01;6.1380073e-02;7.2500000e+01;1.8140554e-02;7.2500000e+01;-2.4031729e-02;7.2500000e+01;-6.6997617e-02;7.2500000e+01;-1.0884981e-01;7.2500000e+01;-1.5201043e-01;7.2500000e+01;-5.8351196e-02;7.2500000e+01;-1.6599640e-02;7.2500000e+01;4.4183187e-02;7.2500000e+01;1.1972595e-01;7.2500000e+01;2.0148998e-01;7.2500000e+01;2.5547194e-01;7.2500000e+01;2.7859068e-01;7.2500000e+01;3.1531924e-01;7.2500000e+01;3.1241241e-01;7.2500000e+01;2.3830758e-01;7.2500000e+01;1.6687088e-01;7.2500000e+01;1.0900486e-01;7.2500000e+01;6.1380073e-02;7.2500000e+01;1.8140554e-02;7.2500000e+01;-2.4031729e-02;7.2500000e+01;-6.6997617e-02;7.2500000e+01;-1.0884981e-01;7.2500000e+01;-1.5201043e-01;7.2500000e+01;-5.8351196e-02;7.2500000e+01;-1.6599640e-02;7.2500000e+01;4.4183187e-02;7.2500000e+01;1.1972595e-01;7.2500000e+01;2.0148998e-01;7.2500000e+01;2.5547194e-01;7.2500000e+01;2.7859068e-01;7.2500000e+01;3.1531924e-01;7.2500000e+01;3.1241241e-01;7.2500000e+01;2.3830758e-01;7.2500000e+01;1.6687088e-01;7.2500000e+01;1.0900486e-01;7.2500000e+01;6.1380073e-02;7.2500000e+01;1.8140554e-02;7.2500000e+01;-2.4031729e-02;7.2500000e+01;-6.6997617e-02;7.2500000e+01;-1.0884981e-01;7.2500000e+01;-1.5201043e-01;7.2500000e+01;-5.8351196e-02;7.2500000e+01;-1.6599640e-02;7.2500000e+01;4.4183187e-02;7.2500000e+01;1.1972595e-01;7.2500000e+01;2.0148998e-01;7.2500000e+01;2.5547194e-01;7.2500000e+01;2.7859068e-01;7.2500000e+01;3.1531924e-01;7.2500000e+01;3.1241241e-01;7.2500000e+01;2.3830758e-01;7.2500000e+01;1.6687088e-01;7.2500000e+01;1.0900486e-01;7.2500000e+01;6.1380073e-02;7.2500000e+01;1.8140554e-02;7.2500000e+01;-2.4031729e-02;7.2500000e+01;-6.6997617e-02;7.2500000e+01;-1.0884981e-01;7.2500000e+01;-1.5201043e-01;7.2500000e+01;-5.8351196e-02;7.2500000e+01;-1.6599640e-02;7.2500000e+01;4.4183187e-02;7.2500000e+01;1.1972595e-01;7.2500000e+01;2.0148998e-01;7.2500000e+01;2.5547194e-01;7.2500000e+01;2.7859068e-01;7.2500000e+01;3.1531924e-01;7.2500000e+01;3.1241241e-01;7.2500000e+01;2.3830758e-01;7.2500000e+01;1.6687088e-01;7.2500000e+01;1.0900486e-01;7.2500000e+01;6.1380073e-02;7.2500000e+01;1.8140554e-02;7.2500000e+01;-2.4031729e-02;7.2500000e+01;-6.6997617e-02;7.2500000e+01;-1.0884981e-01;7.2500000e+01;-1.5201043e-01;7.2500000e+01;-5.8351196e-02;7.2500000e+01;-1.6599640e-02;7.2500000e+01;4.4183187e-02;7.2500000e+01;1.1972595e-01;7.2500000e+01;2.0148998e-01;7.2500000e+01;2.5547194e-01;7.2500000e+01;2.7859068e-01;7.2500000e+01;3.1531924e-01;7.2500000e+01;3.1241241e-01;7.2500000e+01;2.3830758e-01;7.2500000e+01;1.6687088e-01;7.2500000e+01;1.0900486e-01;7.2500000e+01;6.1380073e-02;7.2500000e+01;1.8140554e-02;7.2500000e+01;-2.4031729e-02;7.2500000e+01;-6.6997617e-02;7.2500000e+01;-1.0884981e-01;7.2500000e+01;-1.5201043e-01;7.2500000e+01;-5.8351196e-02;7.2500000e+01;-1.6599640e-02;7.2500000e+01;4.4183187e-02;7.2500000e+01;1.1972595e-01;7.2500000e+01;2.0148998e-01;7.2500000e+01;2.5547194e-01;7.2500000e+01;2.7859068e-01;7.2500000e+01;3.1531924e-01;7.2500000e+01;3.1241241e-01;7.2500000e+01;2.3830758e-01;7.2500000e+01;1.6687088e-01;7.2500000e+01;1.0900486e-01;7.2500000e+01;6.1380073e-02;7.2500000e+01;1.8140554e-02;7.2500000e+01;-2.4031729e-02;7.2500000e+01;-6.6997617e-02;7.2500000e+01;-1.0884981e-01;7.2500000e+01;-1.5201043e-01;7.2500000e+01;-5.8351196e-02;7.2500000e+01;-1.6599640e-02;7.2500000e+01;4.4183187e-02;7.2500000e+01;1.1972595e-01;7.2500000e+01;2.0148998e-01;7.2500000e+01;2.5547194e-01;7.2500000e+01;2.7859068e-01;7.2500000e+01;3.1531924e-01;7.2500000e+01;3.1241241e-01;7.2500000e+01;2.3830758e-01;7.2500000e+01;1.6687088e-01;7.2500000e+01;1.0900486e-01;7.2500000e+01;6.1380073e-02;7.2500000e+01;1.8140554e-02;7.2500000e+01;-2.4031729e-02;7.2500000e+01;-6.6997617e-02;7.2500000e+01;-1.0884981e-01;7.2500000e+01;-1.5201043e-01;7.2500000e+01;-5.8351196e-02;7.2500000e+01;-1.6599640e-02;7.2500000e+01;4.4183187e-02;7.2500000e+01;1.1972595e-01;7.2500000e+01;2.0148998e-01;7.2500000e+01;2.5547194e-01;7.2500000e+01;2.7859068e-01;7.2500000e+01;3.1531924e-01;7.2500000e+01;3.1241241e-01;7.2500000e+01;2.3830758e-01;7.2500000e+01;1.6687088e-01;7.2500000e+01;1.0900486e-01;7.2500000e+01;6.1380073e-02;7.2500000e+01;1.8140554e-02;7.2500000e+01;-2.4031729e-02;7.2500000e+01;-6.6997617e-02;7.2500000e+01;-1.0884981e-01;7.2500000e+01;-1.5201043e-01;7.2500000e+01;-5.8351196e-02;7.2500000e+01;-1.6599640e-02;7.2500000e+01;4.4183187e-02;7.2500000e+01;1.1972595e-01;7.2500000e+01;2.0148998e-01;7.2500000e+01;2.5547194e-01;7.2500000e+01;2.7859068e-01;7.2500000e+01;3.1531924e-01;7.2500000e+01;3.1241241e-01;7.2500000e+01;2.3830758e-01;7.2500000e+01;1.6687088e-01;7.2500000e+01;1.0900486e-01;7.2500000e+01;6.1380073e-02;7.2500000e+01;1.8140554e-02;7.2500000e+01;-2.4031729e-02;7.2500000e+01;-6.6997617e-02;7.2500000e+01;-1.0884981e-01;7.2500000e+01;-1.5201043e-01;7.2500000e+01;-5.8351196e-02;7.2500000e+01;-1.6599640e-02;7.2500000e+01;4.4183187e-02;7.2500000e+01;1.1972595e-01;7.2500000e+01;2.0148998e-01;7.2500000e+01;2.5547194e-01;7.2500000e+01;2.7859068e-01;7.2500000e+01;3.1531924e-01;7.2500000e+01;3.1241241e-01;7.2500000e+01;2.3830758e-01;7.2500000e+01;1.6687088e-01;7.2500000e+01;1.0900486e-01;7.2500000e+01;6.1380073e-02;7.2500000e+01;1.8140554e-02;7.2500000e+01;-2.4031729e-02;7.2500000e+01;-6.6997617e-02;7.2500000e+01;-1.0884981e-01;7.2500000e+01;-1.5201043e-01;7.2500000e+01;-5.8351196e-02;7.2500000e+01;-1.6599640e-02;7.2500000e+01;4.4183187e-02;7.2500000e+01;1.1972595e-01;7.2500000e+01;2.0148998e-01;7.2500000e+01;2.5547194e-01;7.2500000e+01;2.7859068e-01;7.2500000e+01;3.1531924e-01;7.2500000e+01;3.1241241e-01;7.2500000e+01;2.3830758e-01;7.2500000e+01;1.6687088e-01;7.2500000e+01;1.0900486e-01;7.2500000e+01;6.1380073e-02;7.2500000e+01;1.8140554e-02;7.2500000e+01;-2.4031729e-02;7.2500000e+01;-6.6997617e-02;7.2500000e+01;-1.0884981e-01;7.2500000e+01;-1.5201043e-01;7.2500000e+01;-5.8351196e-02;7.2500000e+01;-1.6599640e-02;7.2500000e+01;4.4183187e-02;7.2500000e+01;1.1972595e-01;7.2500000e+01;2.0148998e-01;7.2500000e+01;2.5547194e-01;7.2500000e+01;2.7859068e-01;7.2500000e+01;3.1531924e-01;7.2500000e+01;3.1241241e-01;7.2500000e+01;2.3830758e-01;7.2500000e+01;1.6687088e-01;7.2500000e+01;1.0900486e-01;7.2500000e+01;6.1380073e-02;7.2500000e+01;1.8140554e-02;7.2500000e+01;-2.4031729e-02;7.2500000e+01;-6.6997617e-02;7.2500000e+01;-1.0884981e-01;7.2500000e+01;-1.5201043e-01;7.2500000e+01;-5.8351196e-02;7.2500000e+01;-1.6599640e-02;7.2500000e+01;4.4183187e-02;7.2500000e+01;1.1972595e-01;7.2500000e+01;2.0148998e-01;7.2500000e+01;2.5547194e-01;7.2500000e+01;2.7859068e-01;7.2500000e+01;3.1531924e-01;7.2500000e+01;3.1241241e-01;7.2500000e+01;2.3830758e-01;7.2500000e+01;1.6687088e-01;7.2500000e+01;1.0900486e-01;7.2500000e+01;6.1380073e-02;7.2500000e+01;1.8140554e-02;7.2500000e+01;-2.4031729e-02;7.2500000e+01;-6.6997617e-02;7.2500000e+01;-1.0884981e-01;7.2500000e+01;-1.5201043e-01;7.2500000e+01;-5.8351196e-02;7.2500000e+01;-1.6599640e-02;7.2500000e+01;4.4183187e-02;7.2500000e+01;1.1972595e-01;7.2500000e+01;2.0148998e-01;7.2500000e+01;2.5547194e-01;7.2500000e+01;2.7859068e-01;7.2500000e+01;3.1531924e-01;7.2500000e+01;3.1241241e-01;7.2500000e+01;2.3830758e-01;7.2500000e+01;1.6687088e-01;7.2500000e+01;1.0900486e-01;7.2500000e+01;6.1380073e-02;7.2500000e+01;1.8140554e-02;7.2500000e+01;-2.4031729e-02;7.2500000e+01;-6.6997617e-02;7.2500000e+01;-1.0884981e-01;7.2500000e+01;-1.5201043e-01;7.2500000e+01;-5.8351196e-02;7.2500000e+01;-1.6599640e-02;7.2500000e+01;4.4183187e-02;7.2500000e+01;1.1972595e-01;7.2500000e+01;2.0148998e-01;7.2500000e+01;2.5547194e-01;7.2500000e+01;2.7859068e-01;7.2500000e+01;3.1531924e-01;7.2500000e+01;3.1241241e-01;7.2500000e+01;2.3830758e-01;7.2500000e+01;1.6687088e-01;7.2500000e+01;1.0900486e-01;7.2500000e+01;6.1380073e-02;7.2500000e+01;1.8140554e-02;7.2500000e+01;-2.4031729e-02;7.2500000e+01;-6.6997617e-02;7.2500000e+01;-1.0884981e-01;7.2500000e+01;-1.5201043e-01;7.2500000e+01;-5.8351196e-02;7.2500000e+01;-1.6599640e-02;7.2500000e+01;4.4183187e-02;7.2500000e+01;1.1972595e-01;7.2500000e+01;2.0148998e-01;7.2500000e+01;2.5547194e-01;7.2500000e+01;2.7859068e-01;7.2500000e+01;3.1531924e-01;7.2500000e+01;3.1241241e-01;7.2500000e+01;2.3830758e-01;7.2500000e+01;1.6687088e-01;7.2500000e+01;1.0900486e-01;7.2500000e+01;6.1380073e-02;7.2500000e+01;1.8140554e-02;7.2500000e+01;-2.4031729e-02;7.2500000e+01;-6.6997617e-02;7.2500000e+01;-1.0884981e-01;7.2500000e+01;-1.5201043e-01;7.2500000e+01;-5.8351196e-02;7.2500000e+01;-1.6599640e-02;7.2500000e+01;4.4183187e-02;7.2500000e+01;1.1972595e-01;7.2500000e+01;2.0148998e-01;7.2500000e+01;2.5547194e-01;7.2500000e+01;2.7859068e-01;7.2500000e+01;3.1531924e-01;7.2500000e+01;3.1241241e-01;7.2500000e+01;2.3830758e-01;7.2500000e+01;1.6687088e-01;7.2500000e+01;1.0900486e-01;7.2500000e+01;6.1380073e-02;7.2500000e+01;1.8140554e-02;7.2500000e+01;-2.4031729e-02;7.2500000e+01;-6.6997617e-02;7.2500000e+01;-1.0884981e-01;7.2500000e+01;-1.5201043e-01;7.2500000e+01;-5.8351196e-02;7.2500000e+01;-1.6599640e-02;7.2500000e+01;4.4183187e-02;7.2500000e+01;1.1972595e-01;7.2500000e+01;2.0148998e-01;7.2500000e+01;2.5547194e-01;7.2500000e+01;2.7859068e-01;7.2500000e+01;3.1531924e-01;7.2500000e+01;3.1241241e-01;7.2500000e+01;2.3830758e-01;7.2500000e+01;1.6687088e-01;7.2500000e+01;1.0900486e-01;7.2500000e+01;6.1380073e-02;7.2500000e+01;1.8140554e-02;7.2500000e+01;-2.4031729e-02;7.2500000e+01;-6.6997617e-02;7.2500000e+01;-1.0884981e-01;7.2500000e+01;-1.5201043e-01;7.2500000e+01;-5.8351196e-02;7.2500000e+01;-1.6599640e-02;7.2500000e+01;4.4183187e-02;7.2500000e+01;1.1972595e-01;7.2500000e+01;2.0148998e-01;7.2500000e+01;2.5547194e-01;7.2500000e+01;2.7859068e-01;7.2500000e+01;3.1531924e-01;7.2500000e+01;3.1241241e-01;7.2500000e+01;2.3830758e-01;7.2500000e+01;1.6687088e-01;7.2500000e+01;1.0900486e-01;7.2500000e+01;6.1380073e-02;7.2500000e+01;1.8140554e-02;7.2500000e+01;-2.4031729e-02;7.2500000e+01;-6.6997617e-02;7.2500000e+01;-1.0884981e-01;7.2500000e+01;-1.5201043e-01;7.2500000e+01;-5.8351196e-02;7.2500000e+01;-1.6599640e-02;7.2500000e+01;4.4183187e-02;7.2500000e+01;1.1972595e-01;7.2500000e+01;2.0148998e-01;7.2500000e+01;2.5547194e-01;7.2500000e+01;2.7859068e-01;7.2500000e+01;3.1531924e-01;7.2500000e+01;3.1241241e-01;7.2500000e+01;2.3830758e-01;7.2500000e+01;1.6687088e-01;7.2500000e+01;1.0900486e-01;7.2500000e+01;6.1380073e-02;7.2500000e+01;1.8140554e-02;7.2500000e+01;-2.4031729e-02;7.2500000e+01;-6.6997617e-02;7.2500000e+01;-1.0884981e-01;7.2500000e+01;-1.5201043e-01;7.2500000e+01;-5.8351196e-02;7.2500000e+01;-1.6599640e-02;7.2500000e+01;4.4183187e-02;7.2500000e+01;1.1972595e-01;7.2500000e+01;2.0148998e-01;7.2500000e+01;2.5547194e-01;7.2500000e+01;2.7859068e-01;7.2500000e+01;3.1531924e-01;7.2500000e+01;3.1241241e-01;7.2500000e+01;2.3830758e-01;7.2500000e+01;1.6687088e-01;7.2500000e+01;1.0900486e-01;7.2500000e+01;6.1380073e-02;7.2500000e+01;1.8140554e-02;7.2500000e+01;-2.4031729e-02;7.2500000e+01;-6.6997617e-02;7.2500000e+01;-1.0884981e-01;7.2500000e+01;-1.5201043e-01;7.2500000e+01;-5.8351196e-02;7.2500000e+01;-1.6599640e-02;7.2500000e+01;4.4183187e-02;7.2500000e+01;1.1972595e-01;7.2500000e+01;2.0148998e-01;7.2500000e+01;2.5547194e-01;7.2500000e+01;2.7859068e-01;7.2500000e+01;3.1531924e-01;7.2500000e+01;3.1241241e-01;7.2500000e+01;2.3830758e-01;7.2500000e+01;1.6687088e-01;7.2500000e+01;1.0900486e-01;7.2500000e+01;6.1380073e-02;7.2500000e+01;1.8140554e-02;7.2500000e+01;-2.4031729e-02;7.2500000e+01;-6.6997617e-02;7.2500000e+01;-1.0884981e-01;7.2500000e+01;-1.5201043e-01;7.2500000e+01;-5.8351196e-02;7.2500000e+01;-1.6599640e-02;7.2500000e+01;4.4183187e-02;7.2500000e+01;1.1972595e-01;7.2500000e+01;2.0148998e-01;7.2500000e+01;2.5547194e-01;7.2500000e+01;2.7859068e-01;7.2500000e+01;3.1531924e-01;7.2500000e+01;3.1241241e-01;7.2500000e+01;2.3830758e-01;7.2500000e+01;1.6687088e-01;7.2500000e+01;1.0900486e-01;7.2500000e+01;6.1380073e-02;7.2500000e+01;1.8140554e-02;7.2500000e+01;-2.4031729e-02;7.2500000e+01;-6.6997617e-02;7.2500000e+01;-1.0884981e-01;7.2500000e+01;-1.5201043e-01;7.2500000e+01;-5.8351196e-02;7.2500000e+01;-1.6599640e-02;7.2500000e+01;4.4183187e-02;7.2500000e+01;1.1972595e-01;7.2500000e+01;2.0148998e-01;7.2500000e+01;2.5547194e-01;7.2500000e+01;2.7859068e-01;7.2500000e+01;3.1531924e-01;7.2500000e+01;3.1241241e-01;7.2500000e+01;2.3830758e-01;7.2500000e+01;1.6687088e-01;7.2500000e+01;1.0900486e-01;7.2500000e+01;6.1380073e-02;7.2500000e+01;1.8140554e-02;7.2500000e+01;-2.4031729e-02;7.2500000e+01;-6.6997617e-02;7.2500000e+01;-1.0884981e-01;7.2500000e+01;-1.5201043e-01;7.2500000e+01;-5.8351196e-02;7.2500000e+01;-1.6599640e-02;7.2500000e+01;4.4183187e-02;7.2500000e+01;1.1972595e-01;7.2500000e+01;2.0148998e-01;7.2500000e+01;2.5547194e-01;7.2500000e+01;2.7859068e-01;7.2500000e+01;3.1531924e-01;7.2500000e+01;3.1241241e-01;7.2500000e+01;2.3830758e-01;7.2500000e+01;1.6687088e-01;7.2500000e+01;1.0900486e-01;7.2500000e+01;6.1380073e-02;7.2500000e+01;1.8140554e-02;7.2500000e+01;-2.4031729e-02;7.2500000e+01;-6.6997617e-02;7.2500000e+01;-1.0884981e-01;7.2500000e+01;-1.5201043e-01;7.2500000e+01;-5.8351196e-02;7.2500000e+01;-1.6599640e-02;7.2500000e+01;4.4183187e-02;7.2500000e+01;1.1972595e-01;7.2500000e+01;2.0148998e-01;7.2500000e+01;2.5547194e-01;7.2500000e+01;2.7859068e-01;7.2500000e+01;3.1531924e-01;7.2500000e+01;3.1241241e-01;7.2500000e+01;2.3830758e-01;7.2500000e+01;1.6687088e-01;7.2500000e+01;1.0900486e-01;7.2500000e+01;6.1380073e-02;7.2500000e+01;1.8140554e-02;7.2500000e+01;-2.4031729e-02;7.2500000e+01;-6.6997617e-02;7.2500000e+01;-1.0884981e-01;7.2500000e+01;-1.5201043e-01;7.2500000e+01;-5.8351196e-02;7.2500000e+01;-1.6599640e-02;7.2500000e+01;4.4183187e-02;7.2500000e+01;1.1972595e-01;7.2500000e+01;2.0148998e-01;7.2500000e+01;2.5547194e-01;7.2500000e+01;2.7859068e-01;7.2500000e+01;3.1531924e-01;7.2500000e+01;3.1241241e-01;7.2500000e+01;2.3830758e-01;7.2500000e+01;1.6687088e-01;7.2500000e+01;1.0900486e-01;7.2500000e+01;6.1380073e-02;7.2500000e+01;1.8140554e-02;7.2500000e+01;-2.4031729e-02;7.2500000e+01;-6.6997617e-02;7.2500000e+01;-1.0884981e-01;7.2500000e+01;-1.5201043e-01;7.2500000e+01;-5.8351196e-02;7.2500000e+01;-1.6599640e-02;7.2500000e+01;4.4183187e-02;7.2500000e+01;1.1972595e-01;7.2500000e+01;2.0148998e-01;7.2500000e+01;2.5547194e-01;7.2500000e+01;2.7859068e-01;7.2500000e+01;3.1531924e-01;7.2500000e+01;3.1241241e-01;7.2500000e+01;2.3830758e-01;7.2500000e+01;1.6687088e-01;7.2500000e+01;1.0900486e-01;7.2500000e+01;6.1380073e-02;7.2500000e+01;1.8140554e-02;7.2500000e+01;-2.4031729e-02;7.2500000e+01;-6.6997617e-02;7.2500000e+01;-1.0884981e-01;7.2500000e+01;-1.5201043e-01;7.2500000e+01;-5.8351196e-02;7.2500000e+01;-1.6599640e-02;7.2500000e+01;4.4183187e-02;7.2500000e+01;1.1972595e-01;7.2500000e+01;2.0148998e-01;7.2500000e+01;2.5547194e-01;7.2500000e+01;2.7859068e-01;7.2500000e+01;3.1531924e-01;7.2500000e+01;3.1241241e-01;7.2500000e+01;2.3830758e-01;7.2500000e+01;1.6687088e-01;7.2500000e+01;1.0900486e-01;7.2500000e+01;6.1380073e-02;7.2500000e+01;1.8140554e-02;7.2500000e+01;-2.4031729e-02;7.2500000e+01;-6.6997617e-02;7.2500000e+01;-1.0884981e-01;7.2500000e+01;-1.5201043e-01;7.2500000e+01;-5.8351196e-02;7.2500000e+01;-1.6599640e-02;7.2500000e+01;4.4183187e-02;7.2500000e+01;1.1972595e-01;7.2500000e+01;2.0148998e-01;7.2500000e+01;2.5547194e-01;7.2500000e+01;2.7859068e-01;7.2500000e+01;3.1531924e-01;7.2500000e+01;3.1241241e-01;7.2500000e+01;2.3830758e-01;7.2500000e+01;1.6687088e-01;7.2500000e+01;1.0900486e-01;7.2500000e+01;6.1380073e-02;7.2500000e+01;1.8140554e-02;7.2500000e+01;-2.4031729e-02;7.2500000e+01;-6.6997617e-02;7.2500000e+01;-1.0884981e-01;7.2500000e+01;-1.5201043e-01;7.2500000e+01;-5.8351196e-02;7.2500000e+01;-1.6599640e-02;7.2500000e+01;4.4183187e-02;7.2500000e+01;1.1972595e-01;7.2500000e+01;2.0148998e-01;7.2500000e+01;2.5547194e-01;7.2500000e+01;2.7859068e-01;7.2500000e+01;3.1531924e-01;7.2500000e+01;3.1241241e-01;7.2500000e+01;2.3830758e-01;7.2500000e+01;1.6687088e-01;7.2500000e+01;1.0900486e-01;7.2500000e+01;6.1380073e-02;7.2500000e+01;1.8140554e-02;7.2500000e+01;-2.4031729e-02;7.2500000e+01;-6.6997617e-02;7.2500000e+01;-1.0884981e-01;7.2500000e+01;-1.5201043e-01;7.2500000e+01;-5.8351196e-02;7.2500000e+01;-1.6599640e-02;7.2500000e+01;4.4183187e-02;7.2500000e+01;1.1972595e-01;7.2500000e+01;2.0148998e-01;7.2500000e+01;2.5547194e-01;7.2500000e+01;2.7859068e-01;7.2500000e+01;3.1531924e-01;7.2500000e+01;3.1241241e-01;7.2500000e+01;2.3830758e-01;7.2500000e+01;1.6687088e-01;7.2500000e+01;1.0900486e-01;7.2500000e+01;6.1380073e-02;7.2500000e+01;1.8140554e-02;7.2500000e+01;-2.4031729e-02;7.2500000e+01;-6.6997617e-02;7.2500000e+01;-1.0884981e-01;7.2500000e+01;-1.5201043e-01;7.2500000e+01;-5.8351196e-02;7.2500000e+01;-1.6599640e-02;7.2500000e+01;4.4183187e-02;7.2500000e+01;1.1972595e-01;7.2500000e+01;2.0148998e-01;7.2500000e+01;2.5547194e-01;7.2500000e+01;2.7859068e-01;7.2500000e+01;3.1531924e-01;7.2500000e+01;3.1241241e-01;7.2500000e+01;2.3830758e-01;7.2500000e+01;1.6687088e-01;7.2500000e+01;1.0900486e-01;7.2500000e+01;6.1380073e-02;7.2500000e+01;1.8140554e-02;7.2500000e+01;-2.4031729e-02;7.2500000e+01;-6.6997617e-02;7.2500000e+01;-1.0884981e-01;7.2500000e+01;-1.5201043e-01;7.2500000e+01;-5.8351196e-02;7.2500000e+01;-1.6599640e-02;7.2500000e+01;4.4183187e-02;7.2500000e+01;1.1972595e-01;7.2500000e+01;2.0148998e-01;7.2500000e+01;2.5547194e-01;7.2500000e+01;2.7859068e-01;7.2500000e+01;3.1531924e-01;7.2500000e+01;3.1241241e-01;7.2500000e+01;2.3830758e-01;7.2500000e+01;1.6687088e-01;7.2500000e+01;1.0900486e-01;7.2500000e+01;6.1380073e-02;7.2500000e+01;1.8140554e-02;7.2500000e+01;-2.4031729e-02;7.2500000e+01;-6.6997617e-02;7.2500000e+01;-1.0884981e-01;7.2500000e+01;-1.5201043e-01;7.2500000e+01;-5.8351196e-02;7.2500000e+01;-1.6599640e-02;7.2500000e+01;4.4183187e-02;7.2500000e+01;1.1972595e-01;7.2500000e+01;2.0148998e-01;7.2500000e+01;2.5547194e-01;7.2500000e+01;2.7859068e-01;7.2500000e+01;3.1531924e-01;7.2500000e+01;3.1241241e-01;7.2500000e+01;2.3830758e-01;7.2500000e+01;1.6687088e-01;7.2500000e+01;1.0900486e-01;7.2500000e+01;6.1380073e-02;7.2500000e+01;1.8140554e-02;7.2500000e+01;-2.4031729e-02;7.2500000e+01;-6.6997617e-02;7.2500000e+01;-1.0884981e-01;7.2500000e+01;-1.5201043e-01;7.2500000e+01;-5.8351196e-02;7.2500000e+01;-1.6599640e-02;7.2500000e+01;4.4183187e-02;7.2500000e+01;1.1972595e-01;7.2500000e+01;2.0148998e-01;7.2500000e+01;2.5547194e-01;7.2500000e+01;2.7859068e-01;7.2500000e+01;3.1531924e-01;7.2500000e+01;3.1241241e-01;7.2500000e+01;2.3830758e-01;7.2500000e+01;1.6687088e-01;7.2500000e+01;1.0900486e-01;7.2500000e+01;6.1380073e-02;7.2500000e+01;1.8140554e-02;7.2500000e+01;-2.4031729e-02;7.2500000e+01;-6.6997617e-02;7.2500000e+01;-1.0884981e-01;7.2500000e+01;-1.5201043e-01;7.2500000e+01;-5.8351196e-02;7.2500000e+01;-1.6599640e-02;7.2500000e+01;4.4183187e-02;7.2500000e+01;1.1972595e-01;7.2500000e+01;2.0148998e-01;7.2500000e+01;2.5547194e-01;7.2500000e+01;2.7859068e-01;7.2500000e+01;3.1531924e-01;7.2500000e+01;3.1241241e-01;7.2500000e+01;2.3830758e-01;7.2500000e+01;1.6687088e-01;7.2500000e+01;1.0900486e-01;7.2500000e+01;6.1380073e-02;7.2500000e+01;1.8140554e-02;7.2500000e+01;-2.4031729e-02;7.2500000e+01;-6.6997617e-02;7.2500000e+01;-1.0884981e-01;7.2500000e+01;-1.5201043e-01;7.2500000e+01;-5.8351196e-02;7.2500000e+01;-1.6599640e-02;7.2500000e+01;4.4183187e-02;7.2500000e+01;1.1972595e-01;7.2500000e+01;2.0148998e-01;7.2500000e+01;2.5547194e-01;7.2500000e+01;2.7859068e-01;7.2500000e+01;3.1531924e-01;7.2500000e+01;3.1241241e-01;7.2500000e+01;2.3830758e-01;7.2500000e+01;1.6687088e-01;7.2500000e+01;1.0900486e-01;7.2500000e+01;6.1380073e-02;7.2500000e+01;1.8140554e-02;7.2500000e+01;-2.4031729e-02;7.2500000e+01;-6.6997617e-02;7.2500000e+01;-1.0884981e-01;7.2500000e+01;-1.5201043e-01;7.2500000e+01;-5.8351196e-02;7.2500000e+01;-1.6599640e-02;7.2500000e+01;4.4183187e-02;7.2500000e+01;1.1972595e-01;7.2500000e+01;2.0148998e-01;7.2500000e+01;2.5547194e-01;7.2500000e+01;2.7859068e-01;7.2500000e+01;3.1531924e-01;7.2500000e+01;3.1241241e-01;7.2500000e+01;2.3830758e-01;7.2500000e+01;1.6687088e-01;7.2500000e+01;1.0900486e-01;7.2500000e+01;6.1380073e-02;7.2500000e+01;1.8140554e-02;7.2500000e+01;-2.4031729e-02;7.2500000e+01;-6.6997617e-02;7.2500000e+01;-1.0884981e-01;7.2500000e+01;-1.5201043e-01;7.2500000e+01;-5.8351196e-02;7.2500000e+01;-1.6599640e-02;7.2500000e+01;4.4183187e-02;7.2500000e+01;1.1972595e-01;7.2500000e+01;2.0148998e-01;7.2500000e+01;2.5547194e-01;7.2500000e+01;2.7859068e-01;7.2500000e+01;3.1531924e-01;7.2500000e+01;3.1241241e-01;7.2500000e+01;2.3830758e-01;7.2500000e+01;1.6687088e-01;7.2500000e+01;1.0900486e-01;7.2500000e+01;6.1380073e-02;7.2500000e+01;1.8140554e-02;7.2500000e+01;-2.4031729e-02;7.2500000e+01;-6.6997617e-02;7.2500000e+01;-1.0884981e-01;7.2500000e+01;-1.5201043e-01;7.2500000e+01;-5.8351196e-02;7.2500000e+01;-1.6599640e-02;7.2500000e+01;4.4183187e-02;7.2500000e+01;1.1972595e-01;7.2500000e+01;2.0148998e-01;7.2500000e+01;2.5547194e-01;7.2500000e+01;2.7859068e-01;7.2500000e+01;3.1531924e-01;7.2500000e+01;3.1241241e-01;7.2500000e+01;2.3830758e-01;7.2500000e+01;1.6687088e-01;7.2500000e+01;1.0900486e-01;7.2500000e+01;6.1380073e-02;7.2500000e+01;1.8140554e-02;7.2500000e+01;-2.4031729e-02;7.2500000e+01;-6.6997617e-02;7.2500000e+01;-1.0884981e-01;7.2500000e+01;-1.5201043e-01;7.2500000e+01;-5.8351196e-02;7.2500000e+01;-1.6599640e-02;7.2500000e+01;4.4183187e-02;7.2500000e+01;1.1972595e-01;7.2500000e+01;2.0148998e-01;7.2500000e+01;2.5547194e-01;7.2500000e+01;2.7859068e-01;7.2500000e+01;3.1531924e-01;7.2500000e+01;3.1241241e-01;7.2500000e+01;2.3830758e-01;7.2500000e+01;1.6687088e-01;7.2500000e+01;1.0900486e-01;7.2500000e+01;6.1380073e-02;7.2500000e+01;1.8140554e-02;7.2500000e+01;-2.4031729e-02;7.2500000e+01;-6.6997617e-02;7.2500000e+01;-1.0884981e-01;7.2500000e+01;-1.5201043e-01;7.2500000e+01;-5.8351196e-02;7.2500000e+01;-1.6599640e-02;7.2500000e+01;4.4183187e-02;7.2500000e+01;1.1972595e-01;7.2500000e+01;2.0148998e-01;7.2500000e+01;2.5547194e-01;7.2500000e+01;2.7859068e-01;7.2500000e+01;3.1531924e-01;7.2500000e+01;3.1241241e-01;7.2500000e+01;2.3830758e-01;7.2500000e+01;1.6687088e-01;7.2500000e+01;1.0900486e-01;7.2500000e+01;6.1380073e-02;7.2500000e+01;1.8140554e-02;7.2500000e+01;-2.4031729e-02;7.2500000e+01;-6.6997617e-02;7.2500000e+01;-1.0884981e-01;7.2500000e+01;-1.5201043e-01;7.2500000e+01;-5.8351196e-02;7.2500000e+01;-1.6599640e-02;7.2500000e+01;4.4183187e-02;7.2500000e+01;1.1972595e-01;7.2500000e+01;2.0148998e-01;7.2500000e+01;2.5547194e-01;7.2500000e+01;2.7859068e-01;7.2500000e+01;3.1531924e-01;7.2500000e+01;3.1241241e-01;7.2500000e+01;2.3830758e-01;7.2500000e+01;1.6687088e-01;7.2500000e+01;1.0900486e-01;7.2500000e+01;6.1380073e-02;7.2500000e+01;1.8140554e-02;7.2500000e+01;-2.4031729e-02;7.2500000e+01;-6.6997617e-02;7.2500000e+01;-1.0884981e-01;7.2500000e+01;-1.5201043e-01;7.2500000e+01;-5.8351196e-02;7.2500000e+01;-1.6599640e-02;7.2500000e+01;4.4183187e-02;7.2500000e+01;1.1972595e-01;7.2500000e+01;2.0148998e-01;7.2500000e+01;2.5547194e-01;7.2500000e+01;2.7859068e-01;7.2500000e+01;3.1531924e-01;7.2500000e+01;3.1241241e-01;7.2500000e+01;2.3830758e-01;7.2500000e+01;1.6687088e-01;7.2500000e+01;1.0900486e-01;7.2500000e+01;6.1380073e-02;7.2500000e+01;1.8140554e-02;7.2500000e+01;-2.4031729e-02;7.2500000e+01;-6.6997617e-02;7.2500000e+01;-1.0884981e-01;7.2500000e+01;-1.5201043e-01;7.2500000e+01;-5.8351196e-02;7.2500000e+01;-1.6599640e-02;7.2500000e+01;4.4183187e-02;7.2500000e+01;1.1972595e-01;7.2500000e+01;2.0148998e-01;7.2500000e+01;2.5547194e-01;7.2500000e+01;2.7859068e-01;7.2500000e+01;3.1531924e-01;7.2500000e+01;3.1241241e-01;7.2500000e+01;2.3830758e-01;7.2500000e+01;1.6687088e-01;7.2500000e+01;1.0900486e-01;7.2500000e+01;6.1380073e-02;7.2500000e+01;1.8140554e-02;7.2500000e+01;-2.4031729e-02;7.2500000e+01;-6.6997617e-02;7.2500000e+01;-1.0884981e-01;7.2500000e+01;-1.5201043e-01;7.2500000e+01;-5.8351196e-02;7.2500000e+01;-1.6599640e-02;7.2500000e+01;4.4183187e-02;7.2500000e+01;1.1972595e-01;7.2500000e+01;2.0148998e-01;7.2500000e+01;2.5547194e-01;7.2500000e+01;2.7859068e-01;7.2500000e+01;3.1531924e-01;7.2500000e+01;3.1241241e-01;7.2500000e+01;2.3830758e-01;7.2500000e+01;1.6687088e-01;7.2500000e+01;1.0900486e-01;7.2500000e+01;6.1380073e-02;7.2500000e+01;1.8140554e-02;7.2500000e+01;-2.4031729e-02;7.2500000e+01;-6.6997617e-02;7.2500000e+01;-1.0884981e-01;7.2500000e+01;-1.5201043e-01;7.2500000e+01;-5.8351196e-02;7.2500000e+01;-1.6599640e-02;7.2500000e+01;4.4183187e-02;7.2500000e+01;1.1972595e-01;7.2500000e+01;2.0148998e-01;7.2500000e+01;2.5547194e-01;7.2500000e+01;2.7859068e-01;7.2500000e+01;3.1531924e-01;7.2500000e+01;3.1241241e-01;7.2500000e+01;2.3830758e-01;7.2500000e+01;1.6687088e-01;7.2500000e+01;1.0900486e-01;7.2500000e+01;6.1380073e-02;7.2500000e+01;1.8140554e-02;7.2500000e+01;-2.4031729e-02;7.2500000e+01;-6.6997617e-02;7.2500000e+01;-1.0884981e-01;7.2500000e+01;-1.5201043e-01;7.2500000e+01;-5.8351196e-02;7.2500000e+01;-1.6599640e-02;7.2500000e+01;4.4183187e-02;7.2500000e+01;1.1972595e-01;7.2500000e+01;2.0148998e-01;7.2500000e+01;2.5547194e-01;7.2500000e+01;2.7859068e-01;7.2500000e+01;3.1531924e-01;7.2500000e+01;3.1241241e-01;7.2500000e+01;2.3830758e-01;7.2500000e+01;1.6687088e-01;7.2500000e+01;1.0900486e-01;7.2500000e+01;6.1380073e-02;7.2500000e+01;1.8140554e-02;7.2500000e+01;-2.4031729e-02;7.2500000e+01;-6.6997617e-02;7.2500000e+01;-1.0884981e-01;7.2500000e+01;-1.5201043e-01;7.2500000e+01;-5.8351196e-02;7.2500000e+01;-1.6599640e-02;7.2500000e+01;4.4183187e-02;7.2500000e+01;1.1972595e-01;7.2500000e+01;2.0148998e-01;7.2500000e+01;2.5547194e-01;7.2500000e+01;2.7859068e-01;7.2500000e+01;3.1531924e-01;7.2500000e+01;3.1241241e-01;7.2500000e+01;2.3830758e-01;7.2500000e+01;1.6687088e-01;7.2500000e+01;1.0900486e-01;7.2500000e+01;6.1380073e-02;7.2500000e+01;1.8140554e-02;7.2500000e+01;-2.4031729e-02;7.2500000e+01;-6.6997617e-02;7.2500000e+01;-1.0884981e-01;7.2500000e+01;-1.5201043e-01;7.2500000e+01;-5.8351196e-02;7.2500000e+01;-1.6599640e-02;7.2500000e+01;4.4183187e-02;7.2500000e+01;1.1972595e-01;7.2500000e+01;2.0148998e-01;7.2500000e+01;2.5547194e-01;7.2500000e+01;2.7859068e-01;7.2500000e+01;3.1531924e-01;7.2500000e+01;3.1241241e-01;7.2500000e+01;2.3830758e-01;7.2500000e+01;1.6687088e-01;7.2500000e+01;1.0900486e-01;7.2500000e+01;6.1380073e-02;7.2500000e+01;1.8140554e-02;7.2500000e+01;-2.4031729e-02;7.2500000e+01;-6.6997617e-02;7.2500000e+01;-1.0884981e-01;7.2500000e+01;-1.5201043e-01;7.2500000e+01;-5.8351196e-02;7.2500000e+01;-1.6599640e-02;7.2500000e+01;4.4183187e-02;7.2500000e+01;1.1972595e-01;7.2500000e+01;2.0148998e-01;7.2500000e+01;2.5547194e-01;7.2500000e+01;2.7859068e-01;7.2500000e+01;3.1531924e-01;7.2500000e+01;3.1241241e-01;7.2500000e+01;2.3830758e-01;7.2500000e+01;1.6687088e-01;7.2500000e+01;1.0900486e-01;7.2500000e+01;6.1380073e-02;7.2500000e+01;1.8140554e-02;7.2500000e+01;-2.4031729e-02;7.2500000e+01;-6.6997617e-02;7.2500000e+01;-1.0884981e-01;7.2500000e+01;-1.5201043e-01;7.2500000e+01;-5.8351196e-02;7.2500000e+01;-1.6599640e-02;7.2500000e+01;4.4183187e-02;7.2500000e+01;1.1972595e-01;7.2500000e+01;2.0148998e-01;7.2500000e+01;2.5547194e-01;7.2500000e+01;2.7859068e-01;7.2500000e+01;3.1531924e-01;7.2500000e+01;3.1241241e-01;7.2500000e+01;2.3830758e-01;7.2500000e+01;1.6687088e-01;7.2500000e+01;1.0900486e-01;7.2500000e+01;6.1380073e-02;7.2500000e+01;1.8140554e-02;7.2500000e+01;-2.4031729e-02;7.2500000e+01;-6.6997617e-02;7.2500000e+01;-1.0884981e-01;7.2500000e+01;-1.5201043e-01;7.2500000e+01;-5.8351196e-02;7.2500000e+01;-1.6599640e-02;7.2500000e+01;4.4183187e-02;7.2500000e+01;1.1972595e-01;7.2500000e+01;2.0148998e-01;7.2500000e+01;2.5547194e-01;7.2500000e+01;2.7859068e-01;7.2500000e+01;3.1531924e-01;7.2500000e+01;3.1241241e-01;7.2500000e+01;2.3830758e-01;7.2500000e+01;1.6687088e-01;7.2500000e+01;1.0900486e-01;7.2500000e+01;6.1380073e-02;7.2500000e+01;1.8140554e-02;7.2500000e+01;-2.4031729e-02;7.2500000e+01;-6.6997617e-02;7.2500000e+01;-1.0884981e-01;7.2500000e+01;-1.5201043e-01;7.2500000e+01;-5.8351196e-02;7.2500000e+01;-1.6599640e-02;7.2500000e+01;4.4183187e-02;7.2500000e+01;1.1972595e-01;7.2500000e+01;2.0148998e-01;7.2500000e+01;2.5547194e-01;7.2500000e+01;2.7859068e-01;7.2500000e+01;3.1531924e-01;7.2500000e+01;3.1241241e-01;7.2500000e+01;2.3830758e-01;7.2500000e+01;1.6687088e-01;7.2500000e+01;1.0900486e-01;7.2500000e+01;6.1380073e-02;7.2500000e+01;1.8140554e-02;7.2500000e+01;-2.4031729e-02;7.2500000e+01;-6.6997617e-02;7.2500000e+01;-1.0884981e-01;7.2500000e+01;-1.5201043e-01;7.2500000e+01;-5.8351196e-02;7.2500000e+01;-1.6599640e-02;7.2500000e+01;4.4183187e-02;7.2500000e+01;1.1972595e-01;7.2500000e+01;2.0148998e-01;7.2500000e+01;2.5547194e-01;7.2500000e+01;2.7859068e-01;7.2500000e+01;3.1531924e-01;7.2500000e+01;3.1241241e-01;7.2500000e+01;2.3830758e-01;7.2500000e+01;1.6687088e-01;7.2500000e+01;1.0900486e-01;7.2500000e+01;6.1380073e-02;7.2500000e+01;1.8140554e-02;7.2500000e+01;-2.4031729e-02;7.2500000e+01;-6.6997617e-02;7.2500000e+01;-1.0884981e-01;7.2500000e+01;-1.5201043e-01;7.2500000e+01;-5.8351196e-02;7.2500000e+01;-1.6599640e-02;7.2500000e+01;4.4183187e-02;7.2500000e+01;1.1972595e-01;7.2500000e+01;2.0148998e-01;7.2500000e+01;2.5547194e-01;7.2500000e+01;2.7859068e-01;7.2500000e+01;3.1531924e-01;7.2500000e+01;3.1241241e-01;7.2500000e+01;2.3830758e-01;7.2500000e+01;1.6687088e-01;7.2500000e+01;1.0900486e-01;7.2500000e+01;6.1380073e-02;7.2500000e+01;1.8140554e-02;7.2500000e+01;-2.4031729e-02;7.2500000e+01;-6.6997617e-02;7.2500000e+01;-1.0884981e-01;7.2500000e+01;-1.5201043e-01;7.2500000e+01;-5.8351196e-02;7.2500000e+01;-1.6599640e-02;7.2500000e+01;4.4183187e-02;7.2500000e+01;1.1972595e-01;7.2500000e+01;2.0148998e-01;7.2500000e+01;2.5547194e-01;7.2500000e+01;2.7859068e-01;7.2500000e+01;3.1531924e-01;7.2500000e+01;3.1241241e-01;7.2500000e+01;2.3830758e-01;7.2500000e+01;1.6687088e-01;7.2500000e+01;1.0900486e-01;7.2500000e+01;6.1380073e-02;7.2500000e+01;1.8140554e-02;7.2500000e+01;-2.4031729e-02;7.2500000e+01;-6.6997617e-02;7.2500000e+01;-1.0884981e-01;7.2500000e+01;-1.5201043e-01;7.2500000e+01;-5.8351196e-02;7.2500000e+01;-1.6599640e-02;7.2500000e+01;4.4183187e-02;7.2500000e+01;1.1972595e-01;7.2500000e+01;2.0148998e-01;7.2500000e+01;2.5547194e-01;7.2500000e+01;2.7859068e-01;7.2500000e+01;3.1531924e-01;7.2500000e+01;3.1241241e-01;7.2500000e+01;2.3830758e-01;7.2500000e+01;1.6687088e-01;7.2500000e+01;1.0900486e-01;7.2500000e+01;6.1380073e-02;7.2500000e+01;1.8140554e-02;7.2500000e+01;-2.4031729e-02;7.2500000e+01;-6.6997617e-02;7.2500000e+01;-1.0884981e-01;7.2500000e+01;-1.5201043e-01;7.2500000e+01;-5.8351196e-02;7.2500000e+01;-1.6599640e-02;7.2500000e+01;4.4183187e-02;7.2500000e+01;1.1972595e-01;7.2500000e+01;2.0148998e-01;7.2500000e+01;2.5547194e-01;7.2500000e+01;2.7859068e-01;7.2500000e+01;3.1531924e-01;7.2500000e+01;3.1241241e-01;7.2500000e+01;2.3830758e-01;7.2500000e+01;1.6687088e-01;7.2500000e+01;1.0900486e-01;7.2500000e+01;6.1380073e-02;7.2500000e+01;1.8140554e-02;7.2500000e+01;-2.4031729e-02;7.2500000e+01;-6.6997617e-02;7.2500000e+01;-1.0884981e-01;7.2500000e+01;-1.5201043e-01;7.2500000e+01;-5.8351196e-02;7.2500000e+01;-1.6599640e-02;7.2500000e+01;4.4183187e-02;7.2500000e+01;1.1972595e-01;7.2500000e+01;2.0148998e-01;7.2500000e+01;2.5547194e-01;7.2500000e+01;2.7859068e-01;7.2500000e+01;3.1531924e-01;7.2500000e+01;3.1241241e-01;7.2500000e+01;2.3830758e-01;7.2500000e+01;1.6687088e-01;7.2500000e+01;1.0900486e-01;7.2500000e+01;6.1380073e-02;7.2500000e+01;1.8140554e-02;7.2500000e+01;-2.4031729e-02;7.2500000e+01;-6.6997617e-02;7.2500000e+01;-1.0884981e-01;7.2500000e+01;-1.5201043e-01;7.2500000e+01;-5.8351196e-02;7.2500000e+01;-1.6599640e-02;7.2500000e+01;4.4183187e-02;7.2500000e+01;1.1972595e-01;7.2500000e+01;2.0148998e-01;7.2500000e+01;2.5547194e-01;7.2500000e+01;2.7859068e-01;7.2500000e+01;3.1531924e-01;7.2500000e+01;3.1241241e-01;7.2500000e+01;2.3830758e-01;7.2500000e+01;1.6687088e-01;7.2500000e+01;1.0900486e-01;7.2500000e+01;6.1380073e-02;7.2500000e+01;1.8140554e-02;7.2500000e+01;-2.4031729e-02;7.2500000e+01;-6.6997617e-02;7.2500000e+01;-1.0884981e-01;7.2500000e+01;-1.5201043e-01;7.2500000e+01;-5.8351196e-02;7.2500000e+01;-1.6599640e-02;7.2500000e+01;4.4183187e-02;7.2500000e+01;1.1972595e-01;7.2500000e+01;2.0148998e-01;7.2500000e+01;2.5547194e-01;7.2500000e+01;2.7859068e-01;7.2500000e+01;3.1531924e-01;7.2500000e+01;3.1241241e-01;7.2500000e+01;2.3830758e-01;7.2500000e+01;1.6687088e-01;7.2500000e+01;1.0900486e-01;7.2500000e+01;6.1380073e-02;7.2500000e+01;1.8140554e-02;7.2500000e+01;-2.4031729e-02;7.2500000e+01;-6.6997617e-02;7.2500000e+01;-1.0884981e-01;7.2500000e+01;-1.5201043e-01;7.2500000e+01;-5.8351196e-02;7.2500000e+01;-1.6599640e-02;7.2500000e+01;4.4183187e-02;7.2500000e+01;1.1972595e-01;7.2500000e+01;2.0148998e-01;7.2500000e+01;2.5547194e-01;7.2500000e+01;2.7859068e-01;7.2500000e+01;3.1531924e-01;7.2500000e+01;3.1241241e-01;7.2500000e+01;2.3830758e-01;7.2500000e+01;1.6687088e-01;7.2500000e+01;1.0900486e-01;7.2500000e+01;6.1380073e-02;7.2500000e+01;1.8140554e-02;7.2500000e+01;-2.4031729e-02;7.2500000e+01;-6.6997617e-02;7.2500000e+01;-1.0884981e-01;7.2500000e+01;-1.5201043e-01;7.2500000e+01;-5.8351196e-02;7.2500000e+01;-1.6599640e-02;7.2500000e+01;4.4183187e-02;7.2500000e+01;1.1972595e-01;7.2500000e+01;2.0148998e-01;7.2500000e+01;2.5547194e-01;7.2500000e+01;2.7859068e-01;7.2500000e+01;3.1531924e-01;7.2500000e+01;3.1241241e-01;7.2500000e+01;2.3830758e-01;7.2500000e+01;1.6687088e-01;7.2500000e+01;1.0900486e-01;7.2500000e+01;6.1380073e-02;7.2500000e+01;1.8140554e-02;7.2500000e+01;-2.4031729e-02;7.2500000e+01;-6.6997617e-02;7.2500000e+01;-1.0884981e-01;7.2500000e+01;-1.5201043e-01;7.2500000e+01;-5.8351196e-02;7.2500000e+01;-1.6599640e-02;7.2500000e+01;4.4183187e-02;7.2500000e+01;1.1972595e-01;7.2500000e+01;2.0148998e-01;7.2500000e+01;2.5547194e-01;7.2500000e+01;2.7859068e-01;7.2500000e+01;3.1531924e-01;7.2500000e+01;3.1241241e-01;7.2500000e+01;2.3830758e-01;7.2500000e+01;1.6687088e-01;7.2500000e+01;1.0900486e-01;7.2500000e+01;6.1380073e-02;7.2500000e+01;1.8140554e-02;7.2500000e+01;-2.4031729e-02;7.2500000e+01;-6.6997617e-02;7.2500000e+01;-1.0884981e-01;7.2500000e+01;-1.5201043e-01;7.2500000e+01;-5.8351196e-02;7.2500000e+01;-1.6599640e-02;7.2500000e+01;4.4183187e-02;7.2500000e+01;1.1972595e-01;7.2500000e+01;2.0148998e-01;7.2500000e+01;2.5547194e-01;7.2500000e+01;2.7859068e-01;7.2500000e+01;3.1531924e-01;7.2500000e+01;3.1241241e-01;7.2500000e+01;2.3830758e-01;7.2500000e+01;1.6687088e-01;7.2500000e+01;1.0900486e-01;7.2500000e+01;6.1380073e-02;7.2500000e+01;1.8140554e-02;7.2500000e+01;-2.4031729e-02;7.2500000e+01;-6.6997617e-02;7.2500000e+01;-1.0884981e-01;7.2500000e+01;-1.5201043e-01;7.2500000e+01;-5.8351196e-02;7.2500000e+01;-1.6599640e-02;7.2500000e+01;4.4183187e-02;7.2500000e+01;1.1972595e-01;7.2500000e+01;2.0148998e-01;7.2500000e+01;2.5547194e-01;7.2500000e+01;2.7859068e-01;7.2500000e+01;3.1531924e-01;7.2500000e+01;3.1241241e-01;7.2500000e+01;2.3830758e-01;7.2500000e+01;1.6687088e-01;7.2500000e+01;1.0900486e-01;7.2500000e+01;6.1380073e-02;7.2500000e+01;1.8140554e-02;7.2500000e+01;-2.4031729e-02;7.2500000e+01;-6.6997617e-02;7.2500000e+01;-1.0884981e-01;7.2500000e+01;-1.5201043e-01;7.2500000e+01;-5.8351196e-02;7.2500000e+01;-1.6599640e-02;7.2500000e+01;4.4183187e-02;7.2500000e+01;1.1972595e-01;7.2500000e+01;2.0148998e-01;7.2500000e+01;2.5547194e-01;7.2500000e+01;2.7859068e-01;7.2500000e+01;3.1531924e-01;7.2500000e+01;3.1241241e-01;7.2500000e+01;2.3830758e-01;7.2500000e+01;1.6687088e-01;7.2500000e+01;1.0900486e-01;7.2500000e+01;6.1380073e-02;7.2500000e+01;1.8140554e-02;7.2500000e+01;-2.4031729e-02;7.2500000e+01;-6.6997617e-02;7.2500000e+01;-1.0884981e-01;7.2500000e+01;-1.5201043e-01;7.2500000e+01;-5.8351196e-02;7.2500000e+01;-1.6599640e-02;7.2500000e+01;4.4183187e-02;7.2500000e+01;1.1972595e-01;7.2500000e+01;2.0148998e-01;7.2500000e+01;2.5547194e-01;7.2500000e+01;2.7859068e-01;7.2500000e+01;3.1531924e-01;7.2500000e+01;3.1241241e-01;7.2500000e+01;2.3830758e-01;7.2500000e+01;1.6687088e-01;7.2500000e+01;1.0900486e-01;7.2500000e+01;6.1380073e-02;7.2500000e+01;1.8140554e-02;7.2500000e+01;-2.4031729e-02;7.2500000e+01;-6.6997617e-02;7.2500000e+01;-1.0884981e-01;7.2500000e+01;-1.5201043e-01;7.2500000e+01;-5.8351196e-02;7.2500000e+01;-1.6599640e-02;7.2500000e+01;4.4183187e-02;7.2500000e+01;1.1972595e-01;7.2500000e+01;2.0148998e-01;7.2500000e+01;2.5547194e-01;7.2500000e+01;2.7859068e-01;7.2500000e+01;3.1531924e-01;7.2500000e+01;3.1241241e-01;7.2500000e+01;2.3830758e-01;7.2500000e+01;1.6687088e-01;7.2500000e+01;1.0900486e-01;7.2500000e+01;6.1380073e-02;7.2500000e+01;1.8140554e-02;7.2500000e+01;-2.4031729e-02;7.2500000e+01;-6.6997617e-02;7.2500000e+01;-1.0884981e-01;7.2500000e+01;-1.5201043e-01;7.2500000e+01;-5.8351196e-02;7.2500000e+01;-1.6599640e-02;7.2500000e+01;4.4183187e-02;7.2500000e+01;1.1972595e-01;7.2500000e+01;2.0148998e-01;7.2500000e+01;2.5547194e-01;7.2500000e+01;2.7859068e-01;7.2500000e+01;3.1531924e-01;7.2500000e+01;3.1241241e-01;7.2500000e+01;2.3830758e-01;7.2500000e+01;1.6687088e-01;7.2500000e+01;1.0900486e-01;7.2500000e+01;6.1380073e-02;7.2500000e+01;1.8140554e-02;7.2500000e+01;-2.4031729e-02;7.2500000e+01;-6.6997617e-02;7.2500000e+01;-1.0884981e-01;7.2500000e+01;-1.5201043e-01;7.2500000e+01;-5.8351196e-02;7.2500000e+01;-1.6599640e-02;7.2500000e+01;4.4183187e-02;7.2500000e+01;1.1972595e-01;7.2500000e+01;2.0148998e-01;7.2500000e+01;2.5547194e-01;7.2500000e+01;2.7859068e-01;7.2500000e+01;3.1531924e-01;7.2500000e+01;3.1241241e-01;7.2500000e+01;2.3830758e-01;7.2500000e+01;1.6687088e-01;7.2500000e+01;1.0900486e-01;7.2500000e+01;6.1380073e-02;7.2500000e+01;1.8140554e-02;7.2500000e+01;-2.4031729e-02;7.2500000e+01;-6.6997617e-02;7.2500000e+01;-1.0884981e-01;7.2500000e+01;-1.5201043e-01;7.2500000e+01;-5.8351196e-02;7.2500000e+01;-1.6599640e-02;7.2500000e+01;4.4183187e-02;7.2500000e+01;1.1972595e-01;7.2500000e+01;2.0148998e-01;7.2500000e+01;2.5547194e-01;7.2500000e+01;2.7859068e-01;7.2500000e+01;3.1531924e-01;7.2500000e+01;3.1241241e-01;7.2500000e+01;2.3830758e-01;7.2500000e+01;1.6687088e-01;7.2500000e+01;1.0900486e-01;7.2500000e+01;6.1380073e-02;7.2500000e+01;1.8140554e-02;7.2500000e+01;-2.4031729e-02;7.2500000e+01;-6.6997617e-02;7.2500000e+01;-1.0884981e-01;7.2500000e+01;-1.5201043e-01;7.2500000e+01;-5.8351196e-02;7.2500000e+01;-1.6599640e-02;7.2500000e+01;4.4183187e-02;7.2500000e+01;1.1972595e-01;7.2500000e+01;2.0148998e-01;7.2500000e+01;2.5547194e-01;7.2500000e+01;2.7859068e-01;7.2500000e+01;3.1531924e-01;7.2500000e+01;3.1241241e-01;7.2500000e+01;2.3830758e-01;7.2500000e+01;1.6687088e-01;7.2500000e+01;1.0900486e-01;7.2500000e+01;6.1380073e-02;7.2500000e+01;1.8140554e-02;7.2500000e+01;-2.4031729e-02;7.2500000e+01;-6.6997617e-02;7.2500000e+01;-1.0884981e-01;7.2500000e+01;-1.5201043e-01;7.2500000e+01;-5.8351196e-02;7.2500000e+01;-1.6599640e-02;7.2500000e+01;4.4183187e-02;7.2500000e+01;1.1972595e-01;7.2500000e+01;2.0148998e-01;7.2500000e+01;2.5547194e-01;7.2500000e+01;2.7859068e-01;7.2500000e+01;3.1531924e-01;7.2500000e+01;3.1241241e-01;7.2500000e+01;2.3830758e-01;7.2500000e+01;1.6687088e-01;7.2500000e+01;1.0900486e-01;7.2500000e+01;6.1380073e-02;7.2500000e+01;1.8140554e-02;7.2500000e+01;-2.4031729e-02;7.2500000e+01;-6.6997617e-02;7.2500000e+01;-1.0884981e-01;7.2500000e+01;-1.5201043e-01;7.2500000e+01;-5.8351196e-02;7.2500000e+01;-1.6599640e-02;7.2500000e+01;4.4183187e-02;7.2500000e+01;1.1972595e-01;7.2500000e+01;2.0148998e-01;7.2500000e+01;2.5547194e-01;7.2500000e+01;2.7859068e-01;7.2500000e+01;3.1531924e-01;7.2500000e+01;3.1241241e-01;7.2500000e+01;2.3830758e-01;7.2500000e+01;1.6687088e-01;7.2500000e+01;1.0900486e-01;7.2500000e+01;6.1380073e-02;7.2500000e+01;1.8140554e-02;7.2500000e+01;-2.4031729e-02;7.2500000e+01;-6.6997617e-02;7.2500000e+01;-1.0884981e-01;7.2500000e+01;-1.5201043e-01;7.2500000e+01;-5.8351196e-02;7.2500000e+01;-1.6599640e-02;7.2500000e+01;4.4183187e-02;7.2500000e+01;1.1972595e-01;7.2500000e+01;2.0148998e-01;7.2500000e+01;2.5547194e-01;7.2500000e+01;2.7859068e-01;7.2500000e+01;3.1531924e-01;7.2500000e+01;3.1241241e-01;7.2500000e+01;2.3830758e-01;7.2500000e+01;1.6687088e-01;7.2500000e+01;1.0900486e-01;7.2500000e+01;6.1380073e-02;7.2500000e+01;1.8140554e-02;7.2500000e+01;-2.4031729e-02;7.2500000e+01;-6.6997617e-02;7.2500000e+01;-1.0884981e-01;7.2500000e+01;-1.5201043e-01;7.2500000e+01;-5.8351196e-02;7.2500000e+01;-1.6599640e-02;7.2500000e+01;4.4183187e-02;7.2500000e+01;1.1972595e-01;7.2500000e+01;2.0148998e-01;7.2500000e+01;2.5547194e-01;7.2500000e+01;2.7859068e-01;7.2500000e+01;3.1531924e-01;7.2500000e+01;3.1241241e-01;7.2500000e+01;2.3830758e-01;7.2500000e+01;1.6687088e-01;7.2500000e+01;1.0900486e-01;7.2500000e+01;6.1380073e-02;7.2500000e+01;1.8140554e-02;7.2500000e+01;-2.4031729e-02;7.2500000e+01;-6.6997617e-02;7.2500000e+01;-1.0884981e-01;7.2500000e+01;-1.5201043e-01;7.2500000e+01;-5.8351196e-02;7.2500000e+01;-1.6599640e-02;7.2500000e+01;4.4183187e-02;7.2500000e+01;1.1972595e-01;7.2500000e+01;2.0148998e-01;7.2500000e+01;2.5547194e-01;7.2500000e+01;2.7859068e-01;7.2500000e+01;3.1531924e-01;7.2500000e+01;3.1241241e-01;7.2500000e+01;2.3830758e-01;7.2500000e+01;1.6687088e-01;7.2500000e+01;1.0900486e-01;7.2500000e+01;6.1380073e-02;7.2500000e+01;1.8140554e-02;7.2500000e+01;-2.4031729e-02;7.2500000e+01;-6.6997617e-02;7.2500000e+01;-1.0884981e-01;7.2500000e+01;-1.5201043e-01;7.2500000e+01;-5.8351196e-02;7.2500000e+01;-1.6599640e-02;7.2500000e+01;4.4183187e-02;7.2500000e+01;1.1972595e-01;7.2500000e+01;2.0148998e-01;7.2500000e+01;2.5547194e-01;7.2500000e+01;2.7859068e-01;7.2500000e+01;3.1531924e-01;7.2500000e+01;3.1241241e-01;7.2500000e+01;2.3830758e-01;7.2500000e+01;1.6687088e-01;7.2500000e+01;1.0900486e-01;7.2500000e+01;6.1380073e-02;7.2500000e+01;1.8140554e-02;7.2500000e+01;-2.4031729e-02;7.2500000e+01;-6.6997617e-02;7.2500000e+01;-1.0884981e-01;7.2500000e+01;-1.5201043e-01;7.2500000e+01;-5.8351196e-02;7.2500000e+01;-1.6599640e-02;7.2500000e+01;4.4183187e-02;7.2500000e+01;1.1972595e-01;7.2500000e+01;2.0148998e-01;7.2500000e+01;2.5547194e-01;7.2500000e+01;2.7859068e-01;7.2500000e+01;3.1531924e-01;7.2500000e+01;3.1241241e-01;7.2500000e+01;2.3830758e-01;7.2500000e+01;1.6687088e-01;7.2500000e+01;1.0900486e-01;7.2500000e+01;6.1380073e-02;7.2500000e+01;1.8140554e-02;7.2500000e+01;-2.4031729e-02;7.2500000e+01;-6.6997617e-02;7.2500000e+01;-1.0884981e-01;7.2500000e+01;-1.5201043e-01;7.2500000e+01;-5.8351196e-02;7.2500000e+01;-1.6599640e-02;7.2500000e+01;4.4183187e-02;7.2500000e+01;1.1972595e-01;7.2500000e+01;2.0148998e-01;7.2500000e+01;2.5547194e-01;7.2500000e+01;2.7859068e-01;7.2500000e+01;3.1531924e-01;7.2500000e+01;3.1241241e-01;7.2500000e+01;2.3830758e-01;7.2500000e+01;1.6687088e-01;7.2500000e+01;1.0900486e-01;7.2500000e+01;6.1380073e-02;7.2500000e+01;1.8140554e-02;7.2500000e+01;-2.4031729e-02;7.2500000e+01;-6.6997617e-02;7.2500000e+01;-1.0884981e-01;7.2500000e+01;-1.5201043e-01;7.2500000e+01;-5.8351196e-02;7.2500000e+01;-1.6599640e-02;7.2500000e+01;4.4183187e-02;7.2500000e+01;1.1972595e-01;7.2500000e+01;2.0148998e-01;7.2500000e+01;2.5547194e-01;7.2500000e+01;2.7859068e-01;7.2500000e+01;3.1531924e-01;7.2500000e+01;3.1241241e-01;7.2500000e+01;2.3830758e-01;7.2500000e+01;1.6687088e-01;7.2500000e+01;1.0900486e-01;7.2500000e+01;6.1380073e-02;7.2500000e+01;1.8140554e-02;7.2500000e+01;-2.4031729e-02;7.2500000e+01;-6.6997617e-02;7.2500000e+01;-1.0884981e-01;7.2500000e+01;-1.5201043e-01;7.2500000e+01;-5.8351196e-02;7.2500000e+01;-1.6599640e-02;7.2500000e+01;4.4183187e-02;7.2500000e+01;1.1972595e-01;7.2500000e+01;2.0148998e-01;7.2500000e+01;2.5547194e-01;7.2500000e+01;2.7859068e-01;7.2500000e+01;3.1531924e-01;7.2500000e+01;3.1241241e-01;7.2500000e+01;2.3830758e-01;7.2500000e+01;1.6687088e-01;7.2500000e+01;1.0900486e-01;7.2500000e+01;6.1380073e-02;7.2500000e+01;1.8140554e-02;7.2500000e+01;-2.4031729e-02;7.2500000e+01;-6.6997617e-02;7.2500000e+01;-1.0884981e-01;7.2500000e+01;-1.5201043e-01;7.2500000e+01;-5.8351196e-02;7.2500000e+01;-1.6599640e-02;7.2500000e+01;4.4183187e-02;7.2500000e+01;1.1972595e-01;7.2500000e+01;2.0148998e-01;7.2500000e+01;2.5547194e-01;7.2500000e+01;2.7859068e-01;7.2500000e+01;3.1531924e-01;7.2500000e+01;3.1241241e-01;7.2500000e+01;2.3830758e-01;7.2500000e+01;1.6687088e-01;7.2500000e+01;1.0900486e-01;7.2500000e+01;6.1380073e-02;7.2500000e+01;1.8140554e-02;7.2500000e+01;-2.4031729e-02;7.2500000e+01;-6.6997617e-02;7.2500000e+01;-1.0884981e-01;7.2500000e+01;-1.5201043e-01;7.2500000e+01;-5.8351196e-02;7.2500000e+01;-1.6599640e-02;7.2500000e+01;4.4183187e-02;7.2500000e+01;1.1972595e-01;7.2500000e+01;2.0148998e-01;7.2500000e+01;2.5547194e-01;7.2500000e+01;2.7859068e-01;7.2500000e+01;3.1531924e-01;7.2500000e+01;3.1241241e-01;7.2500000e+01;2.3830758e-01;7.2500000e+01;1.6687088e-01;7.2500000e+01;1.0900486e-01;7.2500000e+01;6.1380073e-02;7.2500000e+01;1.8140554e-02;7.2500000e+01;-2.4031729e-02;7.2500000e+01;-6.6997617e-02;7.2500000e+01;-1.0884981e-01;7.2500000e+01;-1.5201043e-01;7.2500000e+01;-5.8351196e-02;7.2500000e+01;-1.6599640e-02;7.2500000e+01;4.4183187e-02;7.2500000e+01;1.1972595e-01;7.2500000e+01;2.0148998e-01;7.2500000e+01;2.5547194e-01;7.2500000e+01;2.7859068e-01;7.2500000e+01;3.1531924e-01;7.2500000e+01;3.1241241e-01;7.2500000e+01;2.3830758e-01;7.2500000e+01;1.6687088e-01;7.2500000e+01;1.0900486e-01;7.2500000e+01;6.1380073e-02;7.2500000e+01;1.8140554e-02;7.2500000e+01;-2.4031729e-02;7.2500000e+01;-6.6997617e-02;7.2500000e+01;-1.0884981e-01;7.2500000e+01;-1.5201043e-01;7.2500000e+01;-5.8351196e-02;7.2500000e+01;-1.6599640e-02;7.2500000e+01;4.4183187e-02;7.2500000e+01;1.1972595e-01;7.2500000e+01;2.0148998e-01;7.2500000e+01;2.5547194e-01;7.2500000e+01;2.7859068e-01;7.2500000e+01;3.1531924e-01;7.2500000e+01;3.1241241e-01;7.2500000e+01;2.3830758e-01;7.2500000e+01;1.6687088e-01;7.2500000e+01;1.0900486e-01;7.2500000e+01;6.1380073e-02;7.2500000e+01;1.8140554e-02;7.2500000e+01;-2.4031729e-02;7.2500000e+01;-6.6997617e-02;7.2500000e+01;-1.0884981e-01;7.2500000e+01;-1.5201043e-01;7.2500000e+01;-5.8351196e-02;7.2500000e+01;-1.6599640e-02;7.2500000e+01;4.4183187e-02;7.2500000e+01;1.1972595e-01;7.2500000e+01;2.0148998e-01;7.2500000e+01;2.5547194e-01;7.2500000e+01;2.7859068e-01;7.2500000e+01;3.1531924e-01;7.2500000e+01;3.1241241e-01;7.2500000e+01;2.3830758e-01;7.2500000e+01;1.6687088e-01;7.2500000e+01;1.0900486e-01;7.2500000e+01;6.1380073e-02;7.2500000e+01;1.8140554e-02;7.2500000e+01;-2.4031729e-02;7.2500000e+01;-6.6997617e-02;7.2500000e+01;-1.0884981e-01;7.2500000e+01;-1.5201043e-01;7.2500000e+01;-5.8351196e-02;7.2500000e+01;-1.6599640e-02;7.2500000e+01;4.4183187e-02;7.2500000e+01;1.1972595e-01;7.2500000e+01;2.0148998e-01;7.2500000e+01;2.5547194e-01;7.2500000e+01;2.7859068e-01;7.2500000e+01;3.1531924e-01;7.2500000e+01;3.1241241e-01;7.2500000e+01;2.3830758e-01;7.2500000e+01;1.6687088e-01;7.2500000e+01;1.0900486e-01;7.2500000e+01;6.1380073e-02;7.2500000e+01;1.8140554e-02;7.2500000e+01;-2.4031729e-02;7.2500000e+01;-6.6997617e-02;7.2500000e+01;-1.0884981e-01;7.2500000e+01;-1.5201043e-01;7.2500000e+01;-5.8351196e-02;7.2500000e+01;-1.6599640e-02;7.2500000e+01;4.4183187e-02;7.2500000e+01;1.1972595e-01;7.2500000e+01;2.0148998e-01;7.2500000e+01;2.5547194e-01;7.2500000e+01;2.7859068e-01;7.2500000e+01;3.1531924e-01;7.2500000e+01;3.1241241e-01;7.2500000e+01;2.3830758e-01;7.2500000e+01;1.6687088e-01;7.2500000e+01;1.0900486e-01;7.2500000e+01;6.1380073e-02;7.2500000e+01;1.8140554e-02;7.2500000e+01;-2.4031729e-02;7.2500000e+01;-6.6997617e-02;7.2500000e+01;-1.0884981e-01;7.2500000e+01;-1.5201043e-01;7.2500000e+01;-5.8351196e-02;7.2500000e+01;-1.6599640e-02;7.2500000e+01;4.4183187e-02;7.2500000e+01;1.1972595e-01;7.2500000e+01;2.0148998e-01;7.2500000e+01;2.5547194e-01;7.2500000e+01;2.7859068e-01;7.2500000e+01;3.1531924e-01;7.2500000e+01;3.1241241e-01;7.2500000e+01;2.3830758e-01;7.2500000e+01;1.6687088e-01;7.2500000e+01;1.0900486e-01;7.2500000e+01;6.1380073e-02;7.2500000e+01;1.8140554e-02;7.2500000e+01;-2.4031729e-02;7.2500000e+01;-6.6997617e-02;7.2500000e+01;-1.0884981e-01;7.2500000e+01;-1.5201043e-01;7.2500000e+01;-5.8351196e-02;7.2500000e+01;-1.6599640e-02;7.2500000e+01;4.4183187e-02;7.2500000e+01;1.1972595e-01;7.2500000e+01;2.0148998e-01;7.2500000e+01;2.5547194e-01;7.2500000e+01;2.7859068e-01;7.2500000e+01;3.1531924e-01;7.2500000e+01;3.1241241e-01;7.2500000e+01;2.3830758e-01;7.2500000e+01;1.6687088e-01;7.2500000e+01;1.0900486e-01;7.2500000e+01;6.1380073e-02;7.2500000e+01;1.8140554e-02;7.2500000e+01;-2.4031729e-02;7.2500000e+01;-6.6997617e-02;7.2500000e+01;-1.0884981e-01;7.2500000e+01;-1.5201043e-01;7.2500000e+01;-5.8351196e-02;7.2500000e+01;-1.6599640e-02;7.2500000e+01;4.4183187e-02;7.2500000e+01;1.1972595e-01;7.2500000e+01;2.0148998e-01;7.2500000e+01;2.5547194e-01;7.2500000e+01;2.7859068e-01;7.2500000e+01;3.1531924e-01;7.2500000e+01;3.1241241e-01;7.2500000e+01;2.3830758e-01;7.2500000e+01;1.6687088e-01;7.2500000e+01;1.0900486e-01;7.2500000e+01;6.1380073e-02;7.2500000e+01;1.8140554e-02;7.2500000e+01;-2.4031729e-02;7.2500000e+01;-6.6997617e-02;7.2500000e+01;-1.0884981e-01;7.2500000e+01;-1.5201043e-01;7.2500000e+01;-5.8351196e-02;7.2500000e+01;-1.6599640e-02;7.2500000e+01;4.4183187e-02;7.2500000e+01;1.1972595e-01;7.2500000e+01;2.0148998e-01;7.2500000e+01;2.5547194e-01;7.2500000e+01;2.7859068e-01;7.2500000e+01;3.1531924e-01;7.2500000e+01;3.1241241e-01;7.2500000e+01;2.3830758e-01;7.2500000e+01;1.6687088e-01;7.2500000e+01;1.0900486e-01;7.2500000e+01;6.1380073e-02;7.2500000e+01;1.8140554e-02;7.2500000e+01;-2.4031729e-02;7.2500000e+01;-6.6997617e-02;7.2500000e+01;-1.0884981e-01;7.2500000e+01;-1.5201043e-01;7.2500000e+01;-5.8351196e-02;7.2500000e+01;-1.6599640e-02;7.2500000e+01;4.4183187e-02;7.2500000e+01;1.1972595e-01;7.2500000e+01;2.0148998e-01;7.2500000e+01;2.5547194e-01;7.2500000e+01;2.7859068e-01;7.2500000e+01;3.1531924e-01;7.2500000e+01;3.1241241e-01;7.2500000e+01;2.3830758e-01;7.2500000e+01;1.6687088e-01;7.2500000e+01;1.0900486e-01;7.2500000e+01;6.1380073e-02;7.2500000e+01;1.8140554e-02;7.2500000e+01;-2.4031729e-02;7.2500000e+01;-6.6997617e-02;7.2500000e+01;-1.0884981e-01;7.2500000e+01;-1.5201043e-01;7.2500000e+01;-5.8351196e-02;7.2500000e+01;-1.6599640e-02;7.2500000e+01;4.4183187e-02;7.2500000e+01;1.1972595e-01;7.2500000e+01;2.0148998e-01;7.2500000e+01;2.5547194e-01;7.2500000e+01;2.7859068e-01;7.2500000e+01;3.1531924e-01;7.2500000e+01;3.1241241e-01;7.2500000e+01;2.3830758e-01;7.2500000e+01;1.6687088e-01;7.2500000e+01;1.0900486e-01;7.2500000e+01;6.1380073e-02;7.2500000e+01;1.8140554e-02;7.2500000e+01;-2.4031729e-02;7.2500000e+01;-6.6997617e-02;7.2500000e+01;-1.0884981e-01;7.2500000e+01;-1.5201043e-01;7.2500000e+01;-5.8351196e-02;7.2500000e+01;-1.6599640e-02;7.2500000e+01;4.4183187e-02;7.2500000e+01;1.1972595e-01;7.2500000e+01;2.0148998e-01;7.2500000e+01;2.5547194e-01;7.2500000e+01;2.7859068e-01;7.2500000e+01;3.1531924e-01;7.2500000e+01;3.1241241e-01;7.2500000e+01;2.3830758e-01;7.2500000e+01;1.6687088e-01;7.2500000e+01;1.0900486e-01;7.2500000e+01;6.1380073e-02;7.2500000e+01;1.8140554e-02;7.2500000e+01;-2.4031729e-02;7.2500000e+01;-6.6997617e-02;7.2500000e+01;-1.0884981e-01;7.2500000e+01;-1.5201043e-01;7.2500000e+01;-5.8351196e-02;7.2500000e+01;-1.6599640e-02;7.2500000e+01;4.4183187e-02;7.2500000e+01;1.1972595e-01;7.2500000e+01;2.0148998e-01;7.2500000e+01;2.5547194e-01;7.2500000e+01;2.7859068e-01;7.2500000e+01;3.1531924e-01;7.2500000e+01;3.1241241e-01;7.2500000e+01;2.3830758e-01;7.2500000e+01;1.6687088e-01;7.2500000e+01;1.0900486e-01;7.2500000e+01;6.1380073e-02;7.2500000e+01;1.8140554e-02;7.2500000e+01;-2.4031729e-02;7.2500000e+01;-6.6997617e-02;7.2500000e+01;-1.0884981e-01;7.2500000e+01;-1.5201043e-01;7.2500000e+01;-5.8351196e-02;7.2500000e+01;-1.6599640e-02;7.2500000e+01;4.4183187e-02;7.2500000e+01;1.1972595e-01;7.2500000e+01;2.0148998e-01;7.2500000e+01;2.5547194e-01;7.2500000e+01;2.7859068e-01;7.2500000e+01;3.1531924e-01;7.2500000e+01;3.1241241e-01;7.2500000e+01;2.3830758e-01;7.2500000e+01;1.6687088e-01;7.2500000e+01;1.0900486e-01;7.2500000e+01;6.1380073e-02;7.2500000e+01;1.8140554e-02;7.2500000e+01;-2.4031729e-02;7.2500000e+01;-6.6997617e-02;7.2500000e+01;-1.0884981e-01;7.2500000e+01;-1.5201043e-01;7.2500000e+01;-5.8351196e-02;7.2500000e+01;-1.6599640e-02;7.2500000e+01;4.4183187e-02;7.2500000e+01;1.1972595e-01;7.2500000e+01;2.0148998e-01;7.2500000e+01;2.5547194e-01;7.2500000e+01;2.7859068e-01;7.2500000e+01;3.1531924e-01;7.2500000e+01;3.1241241e-01;7.2500000e+01;2.3830758e-01;7.2500000e+01;1.6687088e-01;7.2500000e+01;1.0900486e-01;7.2500000e+01;6.1380073e-02;7.2500000e+01;1.8140554e-02;7.2500000e+01;-2.4031729e-02;7.2500000e+01;-6.6997617e-02;7.2500000e+01;-1.0884981e-01;7.2500000e+01;-1.5201043e-01;7.2500000e+01;-5.8351196e-02;7.2500000e+01;-1.6599640e-02;7.2500000e+01;4.4183187e-02;7.2500000e+01;1.1972595e-01;7.2500000e+01;2.0148998e-01;7.2500000e+01;2.5547194e-01;7.2500000e+01;2.7859068e-01;7.2500000e+01;3.1531924e-01;7.2500000e+01;3.1241241e-01;7.2500000e+01;2.3830758e-01;7.2500000e+01;1.6687088e-01;7.2500000e+01;1.0900486e-01;7.2500000e+01;6.1380073e-02;7.2500000e+01;1.8140554e-02;7.2500000e+01;-2.4031729e-02;7.2500000e+01;-6.6997617e-02;7.2500000e+01;-1.0884981e-01;7.2500000e+01;-1.5201043e-01;7.2500000e+01;-5.8351196e-02;7.2500000e+01;-1.6599640e-02;7.2500000e+01;4.4183187e-02;7.2500000e+01;1.1972595e-01;7.2500000e+01;2.0148998e-01;7.2500000e+01;2.5547194e-01;7.2500000e+01;2.7859068e-01;7.2500000e+01;3.1531924e-01;7.2500000e+01;3.1241241e-01;7.2500000e+01;2.3830758e-01;7.2500000e+01;1.6687088e-01;7.2500000e+01;1.0900486e-01;7.2500000e+01;6.1380073e-02;7.2500000e+01;1.8140554e-02;7.2500000e+01;-2.4031729e-02;7.2500000e+01;-6.6997617e-02;7.2500000e+01;-1.0884981e-01;7.2500000e+01;-1.5201043e-01;7.2500000e+01;-5.8351196e-02;7.2500000e+01;-1.6599640e-02;7.2500000e+01;4.4183187e-02;7.2500000e+01;1.1972595e-01;7.2500000e+01;2.0148998e-01;7.2500000e+01;2.5547194e-01;7.2500000e+01;2.7859068e-01;7.2500000e+01;3.1531924e-01;7.2500000e+01;3.1241241e-01;7.2500000e+01;2.3830758e-01;7.2500000e+01;1.6687088e-01;7.2500000e+01;1.0900486e-01;7.2500000e+01;6.1380073e-02;7.2500000e+01;1.8140554e-02;7.2500000e+01;-2.4031729e-02;7.2500000e+01;-6.6997617e-02;7.2500000e+01;-1.0884981e-01;7.2500000e+01;-1.5201043e-01;7.2500000e+01;-5.8351196e-02;7.2500000e+01;-1.6599640e-02;7.2500000e+01;4.4183187e-02;7.2500000e+01;1.1972595e-01;7.2500000e+01;2.0148998e-01;7.2500000e+01;2.5547194e-01;7.2500000e+01;2.7859068e-01;7.2500000e+01;3.1531924e-01;7.2500000e+01;3.1241241e-01;7.2500000e+01;2.3830758e-01;7.2500000e+01;1.6687088e-01;7.2500000e+01;1.0900486e-01;7.2500000e+01;6.1380073e-02;7.2500000e+01;1.8140554e-02;7.2500000e+01;-2.4031729e-02;7.2500000e+01;-6.6997617e-02;7.2500000e+01;-1.0884981e-01;7.2500000e+01;-1.5201043e-01;7.2500000e+01;-5.8351196e-02;7.2500000e+01;-1.6599640e-02;7.2500000e+01;4.4183187e-02;7.2500000e+01;1.1972595e-01;7.2500000e+01;2.0148998e-01;7.2500000e+01;2.5547194e-01;7.2500000e+01;2.7859068e-01;7.2500000e+01;3.1531924e-01;7.2500000e+01;3.1241241e-01;7.2500000e+01;2.3830758e-01;7.2500000e+01;1.6687088e-01;7.2500000e+01;1.0900486e-01;7.2500000e+01;6.1380073e-02;7.2500000e+01;1.8140554e-02;7.2500000e+01;-2.4031729e-02;7.2500000e+01;-6.6997617e-02;7.2500000e+01;-1.0884981e-01;7.2500000e+01;-1.5201043e-01;7.2500000e+01;-5.8351196e-02;7.2500000e+01;-1.6599640e-02;7.2500000e+01;4.4183187e-02;7.2500000e+01;1.1972595e-01;7.2500000e+01;2.0148998e-01;7.2500000e+01;2.5547194e-01;7.2500000e+01;2.7859068e-01;7.2500000e+01;3.1531924e-01;7.2500000e+01;3.1241241e-01;7.2500000e+01;2.3830758e-01;7.2500000e+01;1.6687088e-01;7.2500000e+01;1.0900486e-01;7.2500000e+01;6.1380073e-02;7.2500000e+01;1.8140554e-02;7.2500000e+01;-2.4031729e-02;7.2500000e+01;-6.6997617e-02;7.2500000e+01;-1.0884981e-01;7.2500000e+01;-1.5201043e-01;7.2500000e+01;-5.8351196e-02;7.2500000e+01;-1.6599640e-02;7.2500000e+01;4.4183187e-02;7.2500000e+01;1.1972595e-01;7.2500000e+01;2.0148998e-01;7.2500000e+01;2.5547194e-01;7.2500000e+01;2.7859068e-01;7.2500000e+01;3.1531924e-01;7.2500000e+01;3.1241241e-01;7.2500000e+01;2.3830758e-01;7.2500000e+01;1.6687088e-01;7.2500000e+01;1.0900486e-01;7.2500000e+01;6.1380073e-02;7.2500000e+01;1.8140554e-02;7.2500000e+01;-2.4031729e-02;7.2500000e+01;-6.6997617e-02;7.2500000e+01;-1.0884981e-01;7.2500000e+01;-1.5201043e-01;7.2500000e+01;-5.8351196e-02;7.2500000e+01;-1.6599640e-02;7.2500000e+01;4.4183187e-02;7.2500000e+01;1.1972595e-01;7.2500000e+01;2.0148998e-01;7.2500000e+01;2.5547194e-01;7.2500000e+01;2.7859068e-01;7.2500000e+01;3.1531924e-01;7.2500000e+01;3.1241241e-01;7.2500000e+01;2.3830758e-01;7.2500000e+01;1.6687088e-01;7.2500000e+01;1.0900486e-01;7.2500000e+01;6.1380073e-02;7.2500000e+01;1.8140554e-02;7.2500000e+01;-2.4031729e-02;7.2500000e+01;-6.6997617e-02;7.2500000e+01;-1.0884981e-01;7.2500000e+01;-1.5201043e-01;7.2500000e+01;-5.8351196e-02;7.2500000e+01;-1.6599640e-02;7.2500000e+01;4.4183187e-02;7.2500000e+01;1.1972595e-01;7.2500000e+01;2.0148998e-01;7.2500000e+01;2.5547194e-01;7.2500000e+01;2.7859068e-01;7.2500000e+01;3.1531924e-01;7.2500000e+01;3.1241241e-01;7.2500000e+01;2.3830758e-01;7.2500000e+01;1.6687088e-01;7.2500000e+01;1.0900486e-01;7.2500000e+01;6.1380073e-02;7.2500000e+01;1.8140554e-02;7.2500000e+01;-2.4031729e-02;7.2500000e+01;-6.6997617e-02;7.2500000e+01;-1.0884981e-01;7.2500000e+01;-1.5201043e-01;7.2500000e+01;-5.8351196e-02;7.2500000e+01;-1.6599640e-02;7.2500000e+01;4.4183187e-02;7.2500000e+01;1.1972595e-01;7.2500000e+01;2.0148998e-01;7.2500000e+01;2.5547194e-01;7.2500000e+01;2.7859068e-01;7.2500000e+01;3.1531924e-01;7.2500000e+01;3.1241241e-01;7.2500000e+01;2.3830758e-01;7.2500000e+01;1.6687088e-01;7.2500000e+01;1.0900486e-01;7.2500000e+01;6.1380073e-02;7.2500000e+01;1.8140554e-02;7.2500000e+01;-2.4031729e-02;7.2500000e+01;-6.6997617e-02;7.2500000e+01;-1.0884981e-01;7.2500000e+01;-1.5201043e-01
7.7500000e+01;-6.4658932e-02;7.7500000e+01;-2.6944973e-02;7.7500000e+01;3.2239217e-02;7.7500000e+01;1.0224481e-01;7.7500000e+01;1.7849205e-01;7.7500000e+01;2.3569807e-01;7.7500000e+01;2.6933566e-01;7.7500000e+01;3.0322844e-01;7.7500000e+01;2.9830751e-01;7.7500000e+01;2.3384908e-01;7.7500000e+01;1.5811607e-01;7.7500000e+01;9.6990533e-02;7.7500000e+01;4.7122434e-02;7.7500000e+01;2.9313713e-03;7.7500000e+01;-3.9379813e-02;7.7500000e+01;-8.2226232e-02;7.7500000e+01;-1.2448609e-01;7.7500000e+01;-1.6506016e-01;7.7500000e+01;-6.4658932e-02;7.7500000e+01;-2.6944973e-02;7.7500000e+01;3.2239217e-02;7.7500000e+01;1.0224481e-01;7.7500000e+01;1.7849205e-01;7.7500000e+01;2.3569807e-01;7.7500000e+01;2.6933566e-01;7.7500000e+01;3.0322844e-01;7.7500000e+01;2.9830751e-01;7.7500000e+01;2.3384908e-01;7.7500000e+01;1.5811607e-01;7.7500000e+01;9.6990533e-02;7.7500000e+01;4.7122434e-02;7.7500000e+01;2.9313713e-03;7.7500000e+01;-3.9379813e-02;7.7500000e+01;-8.2226232e-02;7.7500000e+01;-1.2448609e-01;7.7500000e+01;-1.6506016e-01;7.7500000e+01;-6.4658932e-02;7.7500000e+01;-2.6944973e-02;7.7500000e+01;3.2239217e-02;7.7500000e+01;1.0224481e-01;7.7500000e+01;1.7849205e-01;7.7500000e+01;2.3569807e-01;7.7500000e+01;2.6933566e-01;7.7500000e+01;3.0322844e-01;7.7500000e+01;2.9830751e-01;7.7500000e+01;2.3384908e-01;7.7500000e+01;1.5811607e-01;7.7500000e+01;9.6990533e-02;7.7500000e+01;4.7122434e-02;7.7500000e+01;2.9313713e-03;7.7500000e+01;-3.9379813e-02;7.7500000e+01;-8.2226232e-02;7.7500000e+01;-1.2448609e-01;7.7500000e+01;-1.6506016e-01;7.7500000e+01;-6.4658932e-02;7.7500000e+01;-2.6944973e-02;7.7500000e+01;3.2239217e-02;7.7500000e+01;1.0224481e-01;7.7500000e+01;1.7849205e-01;7.7500000e+01;2.3569807e-01;7.7500000e+01;2.6933566e-01;7.7500000e+01;3.0322844e-01;7.7500000e+01;2.9830751e-01;7.7500000e+01;2.3384908e-01;7.7500000e+01;1.5811607e-01;7.7500000e+01;9.6990533e-02;7.7500000e+01;4.7122434e-02;7.7500000e+01;2.9313713e-03;7.7500000e+01;-3.9379813e-02;7.7500000e+01;-8.2226232e-02;7.7500000e+01;-1.2448609e-01;7.7500000e+01;-1.6506016e-01;7.7500000e+01;-6.4658932e-02;7.7500000e+01;-2.6944973e-02;7.7500000e+01;3.2239217e-02;7.7500000e+01;1.0224481e-01;7.7500000e+01;1.7849205e-01;7.7500000e+01;2.3569807e-01;7.7500000e+01;2.6933566e-01;7.7500000e+01;3.0322844e-01;7.7500000e+01;2.9830751e-01;7.7500000e+01;2.3384908e-01;7.7500000e+01;1.5811607e-01;7.7500000e+01;9.6990533e-02;7.7500000e+01;4.7122434e-02;7.7500000e+01;2.9313713e-03;7.7500000e+01;-3.9379813e-02;7.7500000e+01;-8.2226232e-02;7.7500000e+01;-1.2448609e-01;7.7500000e+01;-1.6506016e-01;7.7500000e+01;-6.4658932e-02;7.7500000e+01;-2.6944973e-02;7.7500000e+01;3.2239217e-02;7.7500000e+01;1.0224481e-01;7.7500000e+01;1.7849205e-01;7.7500000e+01;2.3569807e-01;7.7500000e+01;2.6933566e-01;7.7500000e+01;3.0322844e-01;7.7500000e+01;2.9830751e-01;7.7500000e+01;2.3384908e-01;7.7500000e+01;1.5811607e-01;7.7500000e+01;9.6990533e-02;7.7500000e+01;4.7122434e-02;7.7500000e+01;2.9313713e-03;7.7500000e+01;-3.9379813e-02;7.7500000e+01;-8.2226232e-02;7.7500000e+01;-1.2448609e-01;7.7500000e+01;-1.6506016e-01;7.7500000e+01;-6.4658932e-02;7.7500000e+01;-2.6944973e-02;7.7500000e+01;3.2239217e-02;7.7500000e+01;1.0224481e-01;7.7500000e+01;1.7849205e-01;7.7500000e+01;2.3569807e-01;7.7500000e+01;2.6933566e-01;7.7500000e+01;3.0322844e-01;7.7500000e+01;2.9830751e-01;7.7500000e+01;2.3384908e-01;7.7500000e+01;1.5811607e-01;7.7500000e+01;9.6990533e-02;7.7500000e+01;4.7122434e-02;7.7500000e+01;2.9313713e-03;7.7500000e+01;-3.9379813e-02;7.7500000e+01;-8.2226232e-02;7.7500000e+01;-1.2448609e-01;7.7500000e+01;-1.6506016e-01;7.7500000e+01;-6.4658932e-02;7.7500000e+01;-2.6944973e-02;7.7500000e+01;3.2239217e-02;7.7500000e+01;1.0224481e-01;7.7500000e+01;1.7849205e-01;7.7500000e+01;2.3569807e-01;7.7500000e+01;2.6933566e-01;7.7500000e+01;3.0322844e-01;7.7500000e+01;2.9830751e-01;7.7500000e+01;2.3384908e-01;7.7500000e+01;1.5811607e-01;7.7500000e+01;9.6990533e-02;7.7500000e+01;4.7122434e-02;7.7500000e+01;2.9313713e-03;7.7500000e+01;-3.9379813e-02;7.7500000e+01;-8.2226232e-02;7.7500000e+01;-1.2448609e-01;7.7500000e+01;-1.6506016e-01;7.7500000e+01;-6.4658932e-02;7.7500000e+01;-2.6944973e-02;7.7500000e+01;3.2239217e-02;7.7500000e+01;1.0224481e-01;7.7500000e+01;1.7849205e-01;7.7500000e+01;2.3569807e-01;7.7500000e+01;2.6933566e-01;7.7500000e+01;3.0322844e-01;7.7500000e+01;2.9830751e-01;7.7500000e+01;2.3384908e-01;7.7500000e+01;1.5811607e-01;7.7500000e+01;9.6990533e-02;7.7500000e+01;4.7122434e-02;7.7500000e+01;2.9313713e-03;7.7500000e+01;-3.9379813e-02;7.7500000e+01;-8.2226232e-02;7.7500000e+01;-1.2448609e-01;7.7500000e+01;-1.6506016e-01;7.7500000e+01;-6.4658932e-02;7.7500000e+01;-2.6944973e-02;7.7500000e+01;3.2239217e-02;7.7500000e+01;1.0224481e-01;7.7500000e+01;1.7849205e-01;7.7500000e+01;2.3569807e-01;7.7500000e+01;2.6933566e-01;7.7500000e+01;3.0322844e-01;7.7500000e+01;2.9830751e-01;7.7500000e+01;2.3384908e-01;7.7500000e+01;1.5811607e-01;7.7500000e+01;9.6990533e-02;7.7500000e+01;4.7122434e-02;7.7500000e+01;2.9313713e-03;7.7500000e+01;-3.9379813e-02;7.7500000e+01;-8.2226232e-02;7.7500000e+01;-1.2448609e-01;7.7500000e+01;-1.6506016e-01;7.7500000e+01;-6.4658932e-02;7.7500000e+01;-2.6944973e-02;7.7500000e+01;3.2239217e-02;7.7500000e+01;1.0224481e-01;7.7500000e+01;1.7849205e-01;7.7500000e+01;2.3569807e-01;7.7500000e+01;2.6933566e-01;7.7500000e+01;3.0322844e-01;7.7500000e+01;2.9830751e-01;7.7500000e+01;2.3384908e-01;7.7500000e+01;1.5811607e-01;7.7500000e+01;9.6990533e-02;7.7500000e+01;4.7122434e-02;7.7500000e+01;2.9313713e-03;7.7500000e+01;-3.9379813e-02;7.7500000e+01;-8.2226232e-02;7.7500000e+01;-1.2448609e-01;7.7500000e+01;-1.6506016e-01;7.7500000e+01;-6.4658932e-02;7.7500000e+01;-2.6944973e-02;7.7500000e+01;3.2239217e-02;7.7500000e+01;1.0224481e-01;7.7500000e+01;1.7849205e-01;7.7500000e+01;2.3569807e-01;7.7500000e+01;2.6933566e-01;7.7500000e+01;3.0322844e-01;7.7500000e+01;2.9830751e-01;7.7500000e+01;2.3384908e-01;7.7500000e+01;1.5811607e-01;7.7500000e+01;9.6990533e-02;7.7500000e+01;4.7122434e-02;7.7500000e+01;2.9313713e-03;7.7500000e+01;-3.9379813e-02;7.7500000e+01;-8.2226232e-02;7.7500000e+01;-1.2448609e-01;7.7500000e+01;-1.6506016e-01;7.7500000e+01;-6.4658932e-02;7.7500000e+01;-2.6944973e-02;7.7500000e+01;3.2239217e-02;7.7500000e+01;1.0224481e-01;7.7500000e+01;1.7849205e-01;7.7500000e+01;2.3569807e-01;7.7500000e+01;2.6933566e-01;7.7500000e+01;3.0322844e-01;7.7500000e+01;2.9830751e-01;7.7500000e+01;2.3384908e-01;7.7500000e+01;1.5811607e-01;7.7500000e+01;9.6990533e-02;7.7500000e+01;4.7122434e-02;7.7500000e+01;2.9313713e-03;7.7500000e+01;-3.9379813e-02;7.7500000e+01;-8.2226232e-02;7.7500000e+01;-1.2448609e-01;7.7500000e+01;-1.6506016e-01;7.7500000e+01;-6.4658932e-02;7.7500000e+01;-2.6944973e-02;7.7500000e+01;3.2239217e-02;7.7500000e+01;1.0224481e-01;7.7500000e+01;1.7849205e-01;7.7500000e+01;2.3569807e-01;7.7500000e+01;2.6933566e-01;7.7500000e+01;3.0322844e-01;7.7500000e+01;2.9830751e-01;7.7500000e+01;2.3384908e-01;7.7500000e+01;1.5811607e-01;7.7500000e+01;9.6990533e-02;7.7500000e+01;4.7122434e-02;7.7500000e+01;2.9313713e-03;7.7500000e+01;-3.9379813e-02;7.7500000e+01;-8.2226232e-02;7.7500000e+01;-1.2448609e-01;7.7500000e+01;-1.6506016e-01;7.7500000e+01;-6.4658932e-02;7.7500000e+01;-2.6944973e-02;7.7500000e+01;3.2239217e-02;7.7500000e+01;1.0224481e-01;7.7500000e+01;1.7849205e-01;7.7500000e+01;2.3569807e-01;7.7500000e+01;2.6933566e-01;7.7500000e+01;3.0322844e-01;7.7500000e+01;2.9830751e-01;7.7500000e+01;2.3384908e-01;7.7500000e+01;1.5811607e-01;7.7500000e+01;9.6990533e-02;7.7500000e+01;4.7122434e-02;7.7500000e+01;2.9313713e-03;7.7500000e+01;-3.9379813e-02;7.7500000e+01;-8.2226232e-02;7.7500000e+01;-1.2448609e-01;7.7500000e+01;-1.6506016e-01;7.7500000e+01;-6.4658932e-02;7.7500000e+01;-2.6944973e-02;7.7500000e+01;3.2239217e-02;7.7500000e+01;1.0224481e-01;7.7500000e+01;1.7849205e-01;7.7500000e+01;2.3569807e-01;7.7500000e+01;2.6933566e-01;7.7500000e+01;3.0322844e-01;7.7500000e+01;2.9830751e-01;7.7500000e+01;2.3384908e-01;7.7500000e+01;1.5811607e-01;7.7500000e+01;9.6990533e-02;7.7500000e+01;4.7122434e-02;7.7500000e+01;2.9313713e-03;7.7500000e+01;-3.9379813e-02;7.7500000e+01;-8.2226232e-02;7.7500000e+01;-1.2448609e-01;7.7500000e+01;-1.6506016e-01;7.7500000e+01;-6.4658932e-02;7.7500000e+01;-2.6944973e-02;7.7500000e+01;3.2239217e-02;7.7500000e+01;1.0224481e-01;7.7500000e+01;1.7849205e-01;7.7500000e+01;2.3569807e-01;7.7500000e+01;2.6933566e-01;7.7500000e+01;3.0322844e-01;7.7500000e+01;2.9830751e-01;7.7500000e+01;2.3384908e-01;7.7500000e+01;1.5811607e-01;7.7500000e+01;9.6990533e-02;7.7500000e+01;4.7122434e-02;7.7500000e+01;2.9313713e-03;7.7500000e+01;-3.9379813e-02;7.7500000e+01;-8.2226232e-02;7.7500000e+01;-1.2448609e-01;7.7500000e+01;-1.6506016e-01;7.7500000e+01;-6.4658932e-02;7.7500000e+01;-2.6944973e-02;7.7500000e+01;3.2239217e-02;7.7500000e+01;1.0224481e-01;7.7500000e+01;1.7849205e-01;7.7500000e+01;2.3569807e-01;7.7500000e+01;2.6933566e-01;7.7500000e+01;3.0322844e-01;7.7500000e+01;2.9830751e-01;7.7500000e+01;2.3384908e-01;7.7500000e+01;1.5811607e-01;7.7500000e+01;9.6990533e-02;7.7500000e+01;4.7122434e-02;7.7500000e+01;2.9313713e-03;7.7500000e+01;-3.9379813e-02;7.7500000e+01;-8.2226232e-02;7.7500000e+01;-1.2448609e-01;7.7500000e+01;-1.6506016e-01;7.7500000e+01;-6.4658932e-02;7.7500000e+01;-2.6944973e-02;7.7500000e+01;3.2239217e-02;7.7500000e+01;1.0224481e-01;7.7500000e+01;1.7849205e-01;7.7500000e+01;2.3569807e-01;7.7500000e+01;2.6933566e-01;7.7500000e+01;3.0322844e-01;7.7500000e+01;2.9830751e-01;7.7500000e+01;2.3384908e-01;7.7500000e+01;1.5811607e-01;7.7500000e+01;9.6990533e-02;7.7500000e+01;4.7122434e-02;7.7500000e+01;2.9313713e-03;7.7500000e+01;-3.9379813e-02;7.7500000e+01;-8.2226232e-02;7.7500000e+01;-1.2448609e-01;7.7500000e+01;-1.6506016e-01;7.7500000e+01;-6.4658932e-02;7.7500000e+01;-2.6944973e-02;7.7500000e+01;3.2239217e-02;7.7500000e+01;1.0224481e-01;7.7500000e+01;1.7849205e-01;7.7500000e+01;2.3569807e-01;7.7500000e+01;2.6933566e-01;7.7500000e+01;3.0322844e-01;7.7500000e+01;2.9830751e-01;7.7500000e+01;2.3384908e-01;7.7500000e+01;1.5811607e-01;7.7500000e+01;9.6990533e-02;7.7500000e+01;4.7122434e-02;7.7500000e+01;2.9313713e-03;7.7500000e+01;-3.9379813e-02;7.7500000e+01;-8.2226232e-02;7.7500000e+01;-1.2448609e-01;7.7500000e+01;-1.6506016e-01;7.7500000e+01;-6.4658932e-02;7.7500000e+01;-2.6944973e-02;7.7500000e+01;3.2239217e-02;7.7500000e+01;1.0224481e-01;7.7500000e+01;1.7849205e-01;7.7500000e+01;2.3569807e-01;7.7500000e+01;2.6933566e-01;7.7500000e+01;3.0322844e-01;7.7500000e+01;2.9830751e-01;7.7500000e+01;2.3384908e-01;7.7500000e+01;1.5811607e-01;7.7500000e+01;9.6990533e-02;7.7500000e+01;4.7122434e-02;7.7500000e+01;2.9313713e-03;7.7500000e+01;-3.9379813e-02;7.7500000e+01;-8.2226232e-02;7.7500000e+01;-1.2448609e-01;7.7500000e+01;-1.6506016e-01;7.7500000e+01;-6.4658932e-02;7.7500000e+01;-2.6944973e-02;7.7500000e+01;3.2239217e-02;7.7500000e+01;1.0224481e-01;7.7500000e+01;1.7849205e-01;7.7500000e+01;2.3569807e-01;7.7500000e+01;2.6933566e-01;7.7500000e+01;3.0322844e-01;7.7500000e+01;2.9830751e-01;7.7500000e+01;2.3384908e-01;7.7500000e+01;1.5811607e-01;7.7500000e+01;9.6990533e-02;7.7500000e+01;4.7122434e-02;7.7500000e+01;2.9313713e-03;7.7500000e+01;-3.9379813e-02;7.7500000e+01;-8.2226232e-02;7.7500000e+01;-1.2448609e-01;7.7500000e+01;-1.6506016e-01;7.7500000e+01;-6.4658932e-02;7.7500000e+01;-2.6944973e-02;7.7500000e+01;3.2239217e-02;7.7500000e+01;1.0224481e-01;7.7500000e+01;1.7849205e-01;7.7500000e+01;2.3569807e-01;7.7500000e+01;2.6933566e-01;7.7500000e+01;3.0322844e-01;7.7500000e+01;2.9830751e-01;7.7500000e+01;2.3384908e-01;7.7500000e+01;1.5811607e-01;7.7500000e+01;9.6990533e-02;7.7500000e+01;4.7122434e-02;7.7500000e+01;2.9313713e-03;7.7500000e+01;-3.9379813e-02;7.7500000e+01;-8.2226232e-02;7.7500000e+01;-1.2448609e-01;7.7500000e+01;-1.6506016e-01;7.7500000e+01;-6.4658932e-02;7.7500000e+01;-2.6944973e-02;7.7500000e+01;3.2239217e-02;7.7500000e+01;1.0224481e-01;7.7500000e+01;1.7849205e-01;7.7500000e+01;2.3569807e-01;7.7500000e+01;2.6933566e-01;7.7500000e+01;3.0322844e-01;7.7500000e+01;2.9830751e-01;7.7500000e+01;2.3384908e-01;7.7500000e+01;1.5811607e-01;7.7500000e+01;9.6990533e-02;7.7500000e+01;4.7122434e-02;7.7500000e+01;2.9313713e-03;7.7500000e+01;-3.9379813e-02;7.7500000e+01;-8.2226232e-02;7.7500000e+01;-1.2448609e-01;7.7500000e+01;-1.6506016e-01;7.7500000e+01;-6.4658932e-02;7.7500000e+01;-2.6944973e-02;7.7500000e+01;3.2239217e-02;7.7500000e+01;1.0224481e-01;7.7500000e+01;1.7849205e-01;7.7500000e+01;2.3569807e-01;7.7500000e+01;2.6933566e-01;7.7500000e+01;3.0322844e-01;7.7500000e+01;2.9830751e-01;7.7500000e+01;2.3384908e-01;7.7500000e+01;1.5811607e-01;7.7500000e+01;9.6990533e-02;7.7500000e+01;4.7122434e-02;7.7500000e+01;2.9313713e-03;7.7500000e+01;-3.9379813e-02;7.7500000e+01;-8.2226232e-02;7.7500000e+01;-1.2448609e-01;7.7500000e+01;-1.6506016e-01;7.7500000e+01;-6.4658932e-02;7.7500000e+01;-2.6944973e-02;7.7500000e+01;3.2239217e-02;7.7500000e+01;1.0224481e-01;7.7500000e+01;1.7849205e-01;7.7500000e+01;2.3569807e-01;7.7500000e+01;2.6933566e-01;7.7500000e+01;3.0322844e-01;7.7500000e+01;2.9830751e-01;7.7500000e+01;2.3384908e-01;7.7500000e+01;1.5811607e-01;7.7500000e+01;9.6990533e-02;7.7500000e+01;4.7122434e-02;7.7500000e+01;2.9313713e-03;7.7500000e+01;-3.9379813e-02;7.7500000e+01;-8.2226232e-02;7.7500000e+01;-1.2448609e-01;7.7500000e+01;-1.6506016e-01;7.7500000e+01;-6.4658932e-02;7.7500000e+01;-2.6944973e-02;7.7500000e+01;3.2239217e-02;7.7500000e+01;1.0224481e-01;7.7500000e+01;1.7849205e-01;7.7500000e+01;2.3569807e-01;7.7500000e+01;2.6933566e-01;7.7500000e+01;3.0322844e-01;7.7500000e+01;2.9830751e-01;7.7500000e+01;2.3384908e-01;7.7500000e+01;1.5811607e-01;7.7500000e+01;9.6990533e-02;7.7500000e+01;4.7122434e-02;7.7500000e+01;2.9313713e-03;7.7500000e+01;-3.9379813e-02;7.7500000e+01;-8.2226232e-02;7.7500000e+01;-1.2448609e-01;7.7500000e+01;-1.6506016e-01;7.7500000e+01;-6.4658932e-02;7.7500000e+01;-2.6944973e-02;7.7500000e+01;3.2239217e-02;7.7500000e+01;1.0224481e-01;7.7500000e+01;1.7849205e-01;7.7500000e+01;2.3569807e-01;7.7500000e+01;2.6933566e-01;7.7500000e+01;3.0322844e-01;7.7500000e+01;2.9830751e-01;7.7500000e+01;2.3384908e-01;7.7500000e+01;1.5811607e-01;7.7500000e+01;9.6990533e-02;7.7500000e+01;4.7122434e-02;7.7500000e+01;2.9313713e-03;7.7500000e+01;-3.9379813e-02;7.7500000e+01;-8.2226232e-02;7.7500000e+01;-1.2448609e-01;7.7500000e+01;-1.6506016e-01;7.7500000e+01;-6.4658932e-02;7.7500000e+01;-2.6944973e-02;7.7500000e+01;3.2239217e-02;7.7500000e+01;1.0224481e-01;7.7500000e+01;1.7849205e-01;7.7500000e+01;2.3569807e-01;7.7500000e+01;2.6933566e-01;7.7500000e+01;3.0322844e-01;7.7500000e+01;2.9830751e-01;7.7500000e+01;2.3384908e-01;7.7500000e+01;1.5811607e-01;7.7500000e+01;9.6990533e-02;7.7500000e+01;4.7122434e-02;7.7500000e+01;2.9313713e-03;7.7500000e+01;-3.9379813e-02;7.7500000e+01;-8.2226232e-02;7.7500000e+01;-1.2448609e-01;7.7500000e+01;-1.6506016e-01;7.7500000e+01;-6.4658932e-02;7.7500000e+01;-2.6944973e-02;7.7500000e+01;3.2239217e-02;7.7500000e+01;1.0224481e-01;7.7500000e+01;1.7849205e-01;7.7500000e+01;2.3569807e-01;7.7500000e+01;2.6933566e-01;7.7500000e+01;3.0322844e-01;7.7500000e+01;2.9830751e-01;7.7500000e+01;2.3384908e-01;7.7500000e+01;1.5811607e-01;7.7500000e+01;9.6990533e-02;7.7500000e+01;4.7122434e-02;7.7500000e+01;2.9313713e-03;7.7500000e+01;-3.9379813e-02;7.7500000e+01;-8.2226232e-02;7.7500000e+01;-1.2448609e-01;7.7500000e+01;-1.6506016e-01;7.7500000e+01;-6.4658932e-02;7.7500000e+01;-2.6944973e-02;7.7500000e+01;3.2239217e-02;7.7500000e+01;1.0224481e-01;7.7500000e+01;1.7849205e-01;7.7500000e+01;2.3569807e-01;7.7500000e+01;2.6933566e-01;7.7500000e+01;3.0322844e-01;7.7500000e+01;2.9830751e-01;7.7500000e+01;2.3384908e-01;7.7500000e+01;1.5811607e-01;7.7500000e+01;9.6990533e-02;7.7500000e+01;4.7122434e-02;7.7500000e+01;2.9313713e-03;7.7500000e+01;-3.9379813e-02;7.7500000e+01;-8.2226232e-02;7.7500000e+01;-1.2448609e-01;7.7500000e+01;-1.6506016e-01;7.7500000e+01;-6.4658932e-02;7.7500000e+01;-2.6944973e-02;7.7500000e+01;3.2239217e-02;7.7500000e+01;1.0224481e-01;7.7500000e+01;1.7849205e-01;7.7500000e+01;2.3569807e-01;7.7500000e+01;2.6933566e-01;7.7500000e+01;3.0322844e-01;7.7500000e+01;2.9830751e-01;7.7500000e+01;2.3384908e-01;7.7500000e+01;1.5811607e-01;7.7500000e+01;9.6990533e-02;7.7500000e+01;4.7122434e-02;7.7500000e+01;2.9313713e-03;7.7500000e+01;-3.9379813e-02;7.7500000e+01;-8.2226232e-02;7.7500000e+01;-1.2448609e-01;7.7500000e+01;-1.6506016e-01;7.7500000e+01;-6.4658932e-02;7.7500000e+01;-2.6944973e-02;7.7500000e+01;3.2239217e-02;7.7500000e+01;1.0224481e-01;7.7500000e+01;1.7849205e-01;7.7500000e+01;2.3569807e-01;7.7500000e+01;2.6933566e-01;7.7500000e+01;3.0322844e-01;7.7500000e+01;2.9830751e-01;7.7500000e+01;2.3384908e-01;7.7500000e+01;1.5811607e-01;7.7500000e+01;9.6990533e-02;7.7500000e+01;4.7122434e-02;7.7500000e+01;2.9313713e-03;7.7500000e+01;-3.9379813e-02;7.7500000e+01;-8.2226232e-02;7.7500000e+01;-1.2448609e-01;7.7500000e+01;-1.6506016e-01;7.7500000e+01;-6.4658932e-02;7.7500000e+01;-2.6944973e-02;7.7500000e+01;3.2239217e-02;7.7500000e+01;1.0224481e-01;7.7500000e+01;1.7849205e-01;7.7500000e+01;2.3569807e-01;7.7500000e+01;2.6933566e-01;7.7500000e+01;3.0322844e-01;7.7500000e+01;2.9830751e-01;7.7500000e+01;2.3384908e-01;7.7500000e+01;1.5811607e-01;7.7500000e+01;9.6990533e-02;7.7500000e+01;4.7122434e-02;7.7500000e+01;2.9313713e-03;7.7500000e+01;-3.9379813e-02;7.7500000e+01;-8.2226232e-02;7.7500000e+01;-1.2448609e-01;7.7500000e+01;-1.6506016e-01;7.7500000e+01;-6.4658932e-02;7.7500000e+01;-2.6944973e-02;7.7500000e+01;3.2239217e-02;7.7500000e+01;1.0224481e-01;7.7500000e+01;1.7849205e-01;7.7500000e+01;2.3569807e-01;7.7500000e+01;2.6933566e-01;7.7500000e+01;3.0322844e-01;7.7500000e+01;2.9830751e-01;7.7500000e+01;2.3384908e-01;7.7500000e+01;1.5811607e-01;7.7500000e+01;9.6990533e-02;7.7500000e+01;4.7122434e-02;7.7500000e+01;2.9313713e-03;7.7500000e+01;-3.9379813e-02;7.7500000e+01;-8.2226232e-02;7.7500000e+01;-1.2448609e-01;7.7500000e+01;-1.6506016e-01;7.7500000e+01;-6.4658932e-02;7.7500000e+01;-2.6944973e-02;7.7500000e+01;3.2239217e-02;7.7500000e+01;1.0224481e-01;7.7500000e+01;1.7849205e-01;7.7500000e+01;2.3569807e-01;7.7500000e+01;2.6933566e-01;7.7500000e+01;3.0322844e-01;7.7500000e+01;2.9830751e-01;7.7500000e+01;2.3384908e-01;7.7500000e+01;1.5811607e-01;7.7500000e+01;9.6990533e-02;7.7500000e+01;4.7122434e-02;7.7500000e+01;2.9313713e-03;7.7500000e+01;-3.9379813e-02;7.7500000e+01;-8.2226232e-02;7.7500000e+01;-1.2448609e-01;7.7500000e+01;-1.6506016e-01;7.7500000e+01;-6.4658932e-02;7.7500000e+01;-2.6944973e-02;7.7500000e+01;3.2239217e-02;7.7500000e+01;1.0224481e-01;7.7500000e+01;1.7849205e-01;7.7500000e+01;2.3569807e-01;7.7500000e+01;2.6933566e-01;7.7500000e+01;3.0322844e-01;7.7500000e+01;2.9830751e-01;7.7500000e+01;2.3384908e-01;7.7500000e+01;1.5811607e-01;7.7500000e+01;9.6990533e-02;7.7500000e+01;4.7122434e-02;7.7500000e+01;2.9313713e-03;7.7500000e+01;-3.9379813e-02;7.7500000e+01;-8.2226232e-02;7.7500000e+01;-1.2448609e-01;7.7500000e+01;-1.6506016e-01;7.7500000e+01;-6.4658932e-02;7.7500000e+01;-2.6944973e-02;7.7500000e+01;3.2239217e-02;7.7500000e+01;1.0224481e-01;7.7500000e+01;1.7849205e-01;7.7500000e+01;2.3569807e-01;7.7500000e+01;2.6933566e-01;7.7500000e+01;3.0322844e-01;7.7500000e+01;2.9830751e-01;7.7500000e+01;2.3384908e-01;7.7500000e+01;1.5811607e-01;7.7500000e+01;9.6990533e-02;7.7500000e+01;4.7122434e-02;7.7500000e+01;2.9313713e-03;7.7500000e+01;-3.9379813e-02;7.7500000e+01;-8.2226232e-02;7.7500000e+01;-1.2448609e-01;7.7500000e+01;-1.6506016e-01;7.7500000e+01;-6.4658932e-02;7.7500000e+01;-2.6944973e-02;7.7500000e+01;3.2239217e-02;7.7500000e+01;1.0224481e-01;7.7500000e+01;1.7849205e-01;7.7500000e+01;2.3569807e-01;7.7500000e+01;2.6933566e-01;7.7500000e+01;3.0322844e-01;7.7500000e+01;2.9830751e-01;7.7500000e+01;2.3384908e-01;7.7500000e+01;1.5811607e-01;7.7500000e+01;9.6990533e-02;7.7500000e+01;4.7122434e-02;7.7500000e+01;2.9313713e-03;7.7500000e+01;-3.9379813e-02;7.7500000e+01;-8.2226232e-02;7.7500000e+01;-1.2448609e-01;7.7500000e+01;-1.6506016e-01;7.7500000e+01;-6.4658932e-02;7.7500000e+01;-2.6944973e-02;7.7500000e+01;3.2239217e-02;7.7500000e+01;1.0224481e-01;7.7500000e+01;1.7849205e-01;7.7500000e+01;2.3569807e-01;7.7500000e+01;2.6933566e-01;7.7500000e+01;3.0322844e-01;7.7500000e+01;2.9830751e-01;7.7500000e+01;2.3384908e-01;7.7500000e+01;1.5811607e-01;7.7500000e+01;9.6990533e-02;7.7500000e+01;4.7122434e-02;7.7500000e+01;2.9313713e-03;7.7500000e+01;-3.9379813e-02;7.7500000e+01;-8.2226232e-02;7.7500000e+01;-1.2448609e-01;7.7500000e+01;-1.6506016e-01;7.7500000e+01;-6.4658932e-02;7.7500000e+01;-2.6944973e-02;7.7500000e+01;3.2239217e-02;7.7500000e+01;1.0224481e-01;7.7500000e+01;1.7849205e-01;7.7500000e+01;2.3569807e-01;7.7500000e+01;2.6933566e-01;7.7500000e+01;3.0322844e-01;7.7500000e+01;2.9830751e-01;7.7500000e+01;2.3384908e-01;7.7500000e+01;1.5811607e-01;7.7500000e+01;9.6990533e-02;7.7500000e+01;4.7122434e-02;7.7500000e+01;2.9313713e-03;7.7500000e+01;-3.9379813e-02;7.7500000e+01;-8.2226232e-02;7.7500000e+01;-1.2448609e-01;7.7500000e+01;-1.6506016e-01;7.7500000e+01;-6.4658932e-02;7.7500000e+01;-2.6944973e-02;7.7500000e+01;3.2239217e-02;7.7500000e+01;1.0224481e-01;7.7500000e+01;1.7849205e-01;7.7500000e+01;2.3569807e-01;7.7500000e+01;2.6933566e-01;7.7500000e+01;3.0322844e-01;7.7500000e+01;2.9830751e-01;7.7500000e+01;2.3384908e-01;7.7500000e+01;1.5811607e-01;7.7500000e+01;9.6990533e-02;7.7500000e+01;4.7122434e-02;7.7500000e+01;2.9313713e-03;7.7500000e+01;-3.9379813e-02;7.7500000e+01;-8.2226232e-02;7.7500000e+01;-1.2448609e-01;7.7500000e+01;-1.6506016e-01;7.7500000e+01;-6.4658932e-02;7.7500000e+01;-2.6944973e-02;7.7500000e+01;3.2239217e-02;7.7500000e+01;1.0224481e-01;7.7500000e+01;1.7849205e-01;7.7500000e+01;2.3569807e-01;7.7500000e+01;2.6933566e-01;7.7500000e+01;3.0322844e-01;7.7500000e+01;2.9830751e-01;7.7500000e+01;2.3384908e-01;7.7500000e+01;1.5811607e-01;7.7500000e+01;9.6990533e-02;7.7500000e+01;4.7122434e-02;7.7500000e+01;2.9313713e-03;7.7500000e+01;-3.9379813e-02;7.7500000e+01;-8.2226232e-02;7.7500000e+01;-1.2448609e-01;7.7500000e+01;-1.6506016e-01;7.7500000e+01;-6.4658932e-02;7.7500000e+01;-2.6944973e-02;7.7500000e+01;3.2239217e-02;7.7500000e+01;1.0224481e-01;7.7500000e+01;1.7849205e-01;7.7500000e+01;2.3569807e-01;7.7500000e+01;2.6933566e-01;7.7500000e+01;3.0322844e-01;7.7500000e+01;2.9830751e-01;7.7500000e+01;2.3384908e-01;7.7500000e+01;1.5811607e-01;7.7500000e+01;9.6990533e-02;7.7500000e+01;4.7122434e-02;7.7500000e+01;2.9313713e-03;7.7500000e+01;-3.9379813e-02;7.7500000e+01;-8.2226232e-02;7.7500000e+01;-1.2448609e-01;7.7500000e+01;-1.6506016e-01;7.7500000e+01;-6.4658932e-02;7.7500000e+01;-2.6944973e-02;7.7500000e+01;3.2239217e-02;7.7500000e+01;1.0224481e-01;7.7500000e+01;1.7849205e-01;7.7500000e+01;2.3569807e-01;7.7500000e+01;2.6933566e-01;7.7500000e+01;3.0322844e-01;7.7500000e+01;2.9830751e-01;7.7500000e+01;2.3384908e-01;7.7500000e+01;1.5811607e-01;7.7500000e+01;9.6990533e-02;7.7500000e+01;4.7122434e-02;7.7500000e+01;2.9313713e-03;7.7500000e+01;-3.9379813e-02;7.7500000e+01;-8.2226232e-02;7.7500000e+01;-1.2448609e-01;7.7500000e+01;-1.6506016e-01;7.7500000e+01;-6.4658932e-02;7.7500000e+01;-2.6944973e-02;7.7500000e+01;3.2239217e-02;7.7500000e+01;1.0224481e-01;7.7500000e+01;1.7849205e-01;7.7500000e+01;2.3569807e-01;7.7500000e+01;2.6933566e-01;7.7500000e+01;3.0322844e-01;7.7500000e+01;2.9830751e-01;7.7500000e+01;2.3384908e-01;7.7500000e+01;1.5811607e-01;7.7500000e+01;9.6990533e-02;7.7500000e+01;4.7122434e-02;7.7500000e+01;2.9313713e-03;7.7500000e+01;-3.9379813e-02;7.7500000e+01;-8.2226232e-02;7.7500000e+01;-1.2448609e-01;7.7500000e+01;-1.6506016e-01;7.7500000e+01;-6.4658932e-02;7.7500000e+01;-2.6944973e-02;7.7500000e+01;3.2239217e-02;7.7500000e+01;1.0224481e-01;7.7500000e+01;1.7849205e-01;7.7500000e+01;2.3569807e-01;7.7500000e+01;2.6933566e-01;7.7500000e+01;3.0322844e-01;7.7500000e+01;2.9830751e-01;7.7500000e+01;2.3384908e-01;7.7500000e+01;1.5811607e-01;7.7500000e+01;9.6990533e-02;7.7500000e+01;4.7122434e-02;7.7500000e+01;2.9313713e-03;7.7500000e+01;-3.9379813e-02;7.7500000e+01;-8.2226232e-02;7.7500000e+01;-1.2448609e-01;7.7500000e+01;-1.6506016e-01;7.7500000e+01;-6.4658932e-02;7.7500000e+01;-2.6944973e-02;7.7500000e+01;3.2239217e-02;7.7500000e+01;1.0224481e-01;7.7500000e+01;1.7849205e-01;7.7500000e+01;2.3569807e-01;7.7500000e+01;2.6933566e-01;7.7500000e+01;3.0322844e-01;7.7500000e+01;2.9830751e-01;7.7500000e+01;2.3384908e-01;7.7500000e+01;1.5811607e-01;7.7500000e+01;9.6990533e-02;7.7500000e+01;4.7122434e-02;7.7500000e+01;2.9313713e-03;7.7500000e+01;-3.9379813e-02;7.7500000e+01;-8.2226232e-02;7.7500000e+01;-1.2448609e-01;7.7500000e+01;-1.6506016e-01;7.7500000e+01;-6.4658932e-02;7.7500000e+01;-2.6944973e-02;7.7500000e+01;3.2239217e-02;7.7500000e+01;1.0224481e-01;7.7500000e+01;1.7849205e-01;7.7500000e+01;2.3569807e-01;7.7500000e+01;2.6933566e-01;7.7500000e+01;3.0322844e-01;7.7500000e+01;2.9830751e-01;7.7500000e+01;2.3384908e-01;7.7500000e+01;1.5811607e-01;7.7500000e+01;9.6990533e-02;7.7500000e+01;4.7122434e-02;7.7500000e+01;2.9313713e-03;7.7500000e+01;-3.9379813e-02;7.7500000e+01;-8.2226232e-02;7.7500000e+01;-1.2448609e-01;7.7500000e+01;-1.6506016e-01;7.7500000e+01;-6.4658932e-02;7.7500000e+01;-2.6944973e-02;7.7500000e+01;3.2239217e-02;7.7500000e+01;1.0224481e-01;7.7500000e+01;1.7849205e-01;7.7500000e+01;2.3569807e-01;7.7500000e+01;2.6933566e-01;7.7500000e+01;3.0322844e-01;7.7500000e+01;2.9830751e-01;7.7500000e+01;2.3384908e-01;7.7500000e+01;1.5811607e-01;7.7500000e+01;9.6990533e-02;7.7500000e+01;4.7122434e-02;7.7500000e+01;2.9313713e-03;7.7500000e+01;-3.9379813e-02;7.7500000e+01;-8.2226232e-02;7.7500000e+01;-1.2448609e-01;7.7500000e+01;-1.6506016e-01;7.7500000e+01;-6.4658932e-02;7.7500000e+01;-2.6944973e-02;7.7500000e+01;3.2239217e-02;7.7500000e+01;1.0224481e-01;7.7500000e+01;1.7849205e-01;7.7500000e+01;2.3569807e-01;7.7500000e+01;2.6933566e-01;7.7500000e+01;3.0322844e-01;7.7500000e+01;2.9830751e-01;7.7500000e+01;2.3384908e-01;7.7500000e+01;1.5811607e-01;7.7500000e+01;9.6990533e-02;7.7500000e+01;4.7122434e-02;7.7500000e+01;2.9313713e-03;7.7500000e+01;-3.9379813e-02;7.7500000e+01;-8.2226232e-02;7.7500000e+01;-1.2448609e-01;7.7500000e+01;-1.6506016e-01;7.7500000e+01;-6.4658932e-02;7.7500000e+01;-2.6944973e-02;7.7500000e+01;3.2239217e-02;7.7500000e+01;1.0224481e-01;7.7500000e+01;1.7849205e-01;7.7500000e+01;2.3569807e-01;7.7500000e+01;2.6933566e-01;7.7500000e+01;3.0322844e-01;7.7500000e+01;2.9830751e-01;7.7500000e+01;2.3384908e-01;7.7500000e+01;1.5811607e-01;7.7500000e+01;9.6990533e-02;7.7500000e+01;4.7122434e-02;7.7500000e+01;2.9313713e-03;7.7500000e+01;-3.9379813e-02;7.7500000e+01;-8.2226232e-02;7.7500000e+01;-1.2448609e-01;7.7500000e+01;-1.6506016e-01;7.7500000e+01;-6.4658932e-02;7.7500000e+01;-2.6944973e-02;7.7500000e+01;3.2239217e-02;7.7500000e+01;1.0224481e-01;7.7500000e+01;1.7849205e-01;7.7500000e+01;2.3569807e-01;7.7500000e+01;2.6933566e-01;7.7500000e+01;3.0322844e-01;7.7500000e+01;2.9830751e-01;7.7500000e+01;2.3384908e-01;7.7500000e+01;1.5811607e-01;7.7500000e+01;9.6990533e-02;7.7500000e+01;4.7122434e-02;7.7500000e+01;2.9313713e-03;7.7500000e+01;-3.9379813e-02;7.7500000e+01;-8.2226232e-02;7.7500000e+01;-1.2448609e-01;7.7500000e+01;-1.6506016e-01;7.7500000e+01;-6.4658932e-02;7.7500000e+01;-2.6944973e-02;7.7500000e+01;3.2239217e-02;7.7500000e+01;1.0224481e-01;7.7500000e+01;1.7849205e-01;7.7500000e+01;2.3569807e-01;7.7500000e+01;2.6933566e-01;7.7500000e+01;3.0322844e-01;7.7500000e+01;2.9830751e-01;7.7500000e+01;2.3384908e-01;7.7500000e+01;1.5811607e-01;7.7500000e+01;9.6990533e-02;7.7500000e+01;4.7122434e-02;7.7500000e+01;2.9313713e-03;7.7500000e+01;-3.9379813e-02;7.7500000e+01;-8.2226232e-02;7.7500000e+01;-1.2448609e-01;7.7500000e+01;-1.6506016e-01;7.7500000e+01;-6.4658932e-02;7.7500000e+01;-2.6944973e-02;7.7500000e+01;3.2239217e-02;7.7500000e+01;1.0224481e-01;7.7500000e+01;1.7849205e-01;7.7500000e+01;2.3569807e-01;7.7500000e+01;2.6933566e-01;7.7500000e+01;3.0322844e-01;7.7500000e+01;2.9830751e-01;7.7500000e+01;2.3384908e-01;7.7500000e+01;1.5811607e-01;7.7500000e+01;9.6990533e-02;7.7500000e+01;4.7122434e-02;7.7500000e+01;2.9313713e-03;7.7500000e+01;-3.9379813e-02;7.7500000e+01;-8.2226232e-02;7.7500000e+01;-1.2448609e-01;7.7500000e+01;-1.6506016e-01;7.7500000e+01;-6.4658932e-02;7.7500000e+01;-2.6944973e-02;7.7500000e+01;3.2239217e-02;7.7500000e+01;1.0224481e-01;7.7500000e+01;1.7849205e-01;7.7500000e+01;2.3569807e-01;7.7500000e+01;2.6933566e-01;7.7500000e+01;3.0322844e-01;7.7500000e+01;2.9830751e-01;7.7500000e+01;2.3384908e-01;7.7500000e+01;1.5811607e-01;7.7500000e+01;9.6990533e-02;7.7500000e+01;4.7122434e-02;7.7500000e+01;2.9313713e-03;7.7500000e+01;-3.9379813e-02;7.7500000e+01;-8.2226232e-02;7.7500000e+01;-1.2448609e-01;7.7500000e+01;-1.6506016e-01;7.7500000e+01;-6.4658932e-02;7.7500000e+01;-2.6944973e-02;7.7500000e+01;3.2239217e-02;7.7500000e+01;1.0224481e-01;7.7500000e+01;1.7849205e-01;7.7500000e+01;2.3569807e-01;7.7500000e+01;2.6933566e-01;7.7500000e+01;3.0322844e-01;7.7500000e+01;2.9830751e-01;7.7500000e+01;2.3384908e-01;7.7500000e+01;1.5811607e-01;7.7500000e+01;9.6990533e-02;7.7500000e+01;4.7122434e-02;7.7500000e+01;2.9313713e-03;7.7500000e+01;-3.9379813e-02;7.7500000e+01;-8.2226232e-02;7.7500000e+01;-1.2448609e-01;7.7500000e+01;-1.6506016e-01;7.7500000e+01;-6.4658932e-02;7.7500000e+01;-2.6944973e-02;7.7500000e+01;3.2239217e-02;7.7500000e+01;1.0224481e-01;7.7500000e+01;1.7849205e-01;7.7500000e+01;2.3569807e-01;7.7500000e+01;2.6933566e-01;7.7500000e+01;3.0322844e-01;7.7500000e+01;2.9830751e-01;7.7500000e+01;2.3384908e-01;7.7500000e+01;1.5811607e-01;7.7500000e+01;9.6990533e-02;7.7500000e+01;4.7122434e-02;7.7500000e+01;2.9313713e-03;7.7500000e+01;-3.9379813e-02;7.7500000e+01;-8.2226232e-02;7.7500000e+01;-1.2448609e-01;7.7500000e+01;-1.6506016e-01;7.7500000e+01;-6.4658932e-02;7.7500000e+01;-2.6944973e-02;7.7500000e+01;3.2239217e-02;7.7500000e+01;1.0224481e-01;7.7500000e+01;1.7849205e-01;7.7500000e+01;2.3569807e-01;7.7500000e+01;2.6933566e-01;7.7500000e+01;3.0322844e-01;7.7500000e+01;2.9830751e-01;7.7500000e+01;2.3384908e-01;7.7500000e+01;1.5811607e-01;7.7500000e+01;9.6990533e-02;7.7500000e+01;4.7122434e-02;7.7500000e+01;2.9313713e-03;7.7500000e+01;-3.9379813e-02;7.7500000e+01;-8.2226232e-02;7.7500000e+01;-1.2448609e-01;7.7500000e+01;-1.6506016e-01;7.7500000e+01;-6.4658932e-02;7.7500000e+01;-2.6944973e-02;7.7500000e+01;3.2239217e-02;7.7500000e+01;1.0224481e-01;7.7500000e+01;1.7849205e-01;7.7500000e+01;2.3569807e-01;7.7500000e+01;2.6933566e-01;7.7500000e+01;3.0322844e-01;7.7500000e+01;2.9830751e-01;7.7500000e+01;2.3384908e-01;7.7500000e+01;1.5811607e-01;7.7500000e+01;9.6990533e-02;7.7500000e+01;4.7122434e-02;7.7500000e+01;2.9313713e-03;7.7500000e+01;-3.9379813e-02;7.7500000e+01;-8.2226232e-02;7.7500000e+01;-1.2448609e-01;7.7500000e+01;-1.6506016e-01;7.7500000e+01;-6.4658932e-02;7.7500000e+01;-2.6944973e-02;7.7500000e+01;3.2239217e-02;7.7500000e+01;1.0224481e-01;7.7500000e+01;1.7849205e-01;7.7500000e+01;2.3569807e-01;7.7500000e+01;2.6933566e-01;7.7500000e+01;3.0322844e-01;7.7500000e+01;2.9830751e-01;7.7500000e+01;2.3384908e-01;7.7500000e+01;1.5811607e-01;7.7500000e+01;9.6990533e-02;7.7500000e+01;4.7122434e-02;7.7500000e+01;2.9313713e-03;7.7500000e+01;-3.9379813e-02;7.7500000e+01;-8.2226232e-02;7.7500000e+01;-1.2448609e-01;7.7500000e+01;-1.6506016e-01;7.7500000e+01;-6.4658932e-02;7.7500000e+01;-2.6944973e-02;7.7500000e+01;3.2239217e-02;7.7500000e+01;1.0224481e-01;7.7500000e+01;1.7849205e-01;7.7500000e+01;2.3569807e-01;7.7500000e+01;2.6933566e-01;7.7500000e+01;3.0322844e-01;7.7500000e+01;2.9830751e-01;7.7500000e+01;2.3384908e-01;7.7500000e+01;1.5811607e-01;7.7500000e+01;9.6990533e-02;7.7500000e+01;4.7122434e-02;7.7500000e+01;2.9313713e-03;7.7500000e+01;-3.9379813e-02;7.7500000e+01;-8.2226232e-02;7.7500000e+01;-1.2448609e-01;7.7500000e+01;-1.6506016e-01;7.7500000e+01;-6.4658932e-02;7.7500000e+01;-2.6944973e-02;7.7500000e+01;3.2239217e-02;7.7500000e+01;1.0224481e-01;7.7500000e+01;1.7849205e-01;7.7500000e+01;2.3569807e-01;7.7500000e+01;2.6933566e-01;7.7500000e+01;3.0322844e-01;7.7500000e+01;2.9830751e-01;7.7500000e+01;2.3384908e-01;7.7500000e+01;1.5811607e-01;7.7500000e+01;9.6990533e-02;7.7500000e+01;4.7122434e-02;7.7500000e+01;2.9313713e-03;7.7500000e+01;-3.9379813e-02;7.7500000e+01;-8.2226232e-02;7.7500000e+01;-1.2448609e-01;7.7500000e+01;-1.6506016e-01;7.7500000e+01;-6.4658932e-02;7.7500000e+01;-2.6944973e-02;7.7500000e+01;3.2239217e-02;7.7500000e+01;1.0224481e-01;7.7500000e+01;1.7849205e-01;7.7500000e+01;2.3569807e-01;7.7500000e+01;2.6933566e-01;7.7500000e+01;3.0322844e-01;7.7500000e+01;2.9830751e-01;7.7500000e+01;2.3384908e-01;7.7500000e+01;1.5811607e-01;7.7500000e+01;9.6990533e-02;7.7500000e+01;4.7122434e-02;7.7500000e+01;2.9313713e-03;7.7500000e+01;-3.9379813e-02;7.7500000e+01;-8.2226232e-02;7.7500000e+01;-1.2448609e-01;7.7500000e+01;-1.6506016e-01;7.7500000e+01;-6.4658932e-02;7.7500000e+01;-2.6944973e-02;7.7500000e+01;3.2239217e-02;7.7500000e+01;1.0224481e-01;7.7500000e+01;1.7849205e-01;7.7500000e+01;2.3569807e-01;7.7500000e+01;2.6933566e-01;7.7500000e+01;3.0322844e-01;7.7500000e+01;2.9830751e-01;7.7500000e+01;2.3384908e-01;7.7500000e+01;1.5811607e-01;7.7500000e+01;9.6990533e-02;7.7500000e+01;4.7122434e-02;7.7500000e+01;2.9313713e-03;7.7500000e+01;-3.9379813e-02;7.7500000e+01;-8.2226232e-02;7.7500000e+01;-1.2448609e-01;7.7500000e+01;-1.6506016e-01;7.7500000e+01;-6.4658932e-02;7.7500000e+01;-2.6944973e-02;7.7500000e+01;3.2239217e-02;7.7500000e+01;1.0224481e-01;7.7500000e+01;1.7849205e-01;7.7500000e+01;2.3569807e-01;7.7500000e+01;2.6933566e-01;7.7500000e+01;3.0322844e-01;7.7500000e+01;2.9830751e-01;7.7500000e+01;2.3384908e-01;7.7500000e+01;1.5811607e-01;7.7500000e+01;9.6990533e-02;7.7500000e+01;4.7122434e-02;7.7500000e+01;2.9313713e-03;7.7500000e+01;-3.9379813e-02;7.7500000e+01;-8.2226232e-02;7.7500000e+01;-1.2448609e-01;7.7500000e+01;-1.6506016e-01;7.7500000e+01;-6.4658932e-02;7.7500000e+01;-2.6944973e-02;7.7500000e+01;3.2239217e-02;7.7500000e+01;1.0224481e-01;7.7500000e+01;1.7849205e-01;7.7500000e+01;2.3569807e-01;7.7500000e+01;2.6933566e-01;7.7500000e+01;3.0322844e-01;7.7500000e+01;2.9830751e-01;7.7500000e+01;2.3384908e-01;7.7500000e+01;1.5811607e-01;7.7500000e+01;9.6990533e-02;7.7500000e+01;4.7122434e-02;7.7500000e+01;2.9313713e-03;7.7500000e+01;-3.9379813e-02;7.7500000e+01;-8.2226232e-02;7.7500000e+01;-1.2448609e-01;7.7500000e+01;-1.6506016e-01;7.7500000e+01;-6.4658932e-02;7.7500000e+01;-2.6944973e-02;7.7500000e+01;3.2239217e-02;7.7500000e+01;1.0224481e-01;7.7500000e+01;1.7849205e-01;7.7500000e+01;2.3569807e-01;7.7500000e+01;2.6933566e-01;7.7500000e+01;3.0322844e-01;7.7500000e+01;2.9830751e-01;7.7500000e+01;2.3384908e-01;7.7500000e+01;1.5811607e-01;7.7500000e+01;9.6990533e-02;7.7500000e+01;4.7122434e-02;7.7500000e+01;2.9313713e-03;7.7500000e+01;-3.9379813e-02;7.7500000e+01;-8.2226232e-02;7.7500000e+01;-1.2448609e-01;7.7500000e+01;-1.6506016e-01;7.7500000e+01;-6.4658932e-02;7.7500000e+01;-2.6944973e-02;7.7500000e+01;3.2239217e-02;7.7500000e+01;1.0224481e-01;7.7500000e+01;1.7849205e-01;7.7500000e+01;2.3569807e-01;7.7500000e+01;2.6933566e-01;7.7500000e+01;3.0322844e-01;7.7500000e+01;2.9830751e-01;7.7500000e+01;2.3384908e-01;7.7500000e+01;1.5811607e-01;7.7500000e+01;9.6990533e-02;7.7500000e+01;4.7122434e-02;7.7500000e+01;2.9313713e-03;7.7500000e+01;-3.9379813e-02;7.7500000e+01;-8.2226232e-02;7.7500000e+01;-1.2448609e-01;7.7500000e+01;-1.6506016e-01;7.7500000e+01;-6.4658932e-02;7.7500000e+01;-2.6944973e-02;7.7500000e+01;3.2239217e-02;7.7500000e+01;1.0224481e-01;7.7500000e+01;1.7849205e-01;7.7500000e+01;2.3569807e-01;7.7500000e+01;2.6933566e-01;7.7500000e+01;3.0322844e-01;7.7500000e+01;2.9830751e-01;7.7500000e+01;2.3384908e-01;7.7500000e+01;1.5811607e-01;7.7500000e+01;9.6990533e-02;7.7500000e+01;4.7122434e-02;7.7500000e+01;2.9313713e-03;7.7500000e+01;-3.9379813e-02;7.7500000e+01;-8.2226232e-02;7.7500000e+01;-1.2448609e-01;7.7500000e+01;-1.6506016e-01;7.7500000e+01;-6.4658932e-02;7.7500000e+01;-2.6944973e-02;7.7500000e+01;3.2239217e-02;7.7500000e+01;1.0224481e-01;7.7500000e+01;1.7849205e-01;7.7500000e+01;2.3569807e-01;7.7500000e+01;2.6933566e-01;7.7500000e+01;3.0322844e-01;7.7500000e+01;2.9830751e-01;7.7500000e+01;2.3384908e-01;7.7500000e+01;1.5811607e-01;7.7500000e+01;9.6990533e-02;7.7500000e+01;4.7122434e-02;7.7500000e+01;2.9313713e-03;7.7500000e+01;-3.9379813e-02;7.7500000e+01;-8.2226232e-02;7.7500000e+01;-1.2448609e-01;7.7500000e+01;-1.6506016e-01;7.7500000e+01;-6.4658932e-02;7.7500000e+01;-2.6944973e-02;7.7500000e+01;3.2239217e-02;7.7500000e+01;1.0224481e-01;7.7500000e+01;1.7849205e-01;7.7500000e+01;2.3569807e-01;7.7500000e+01;2.6933566e-01;7.7500000e+01;3.0322844e-01;7.7500000e+01;2.9830751e-01;7.7500000e+01;2.3384908e-01;7.7500000e+01;1.5811607e-01;7.7500000e+01;9.6990533e-02;7.7500000e+01;4.7122434e-02;7.7500000e+01;2.9313713e-03;7.7500000e+01;-3.9379813e-02;7.7500000e+01;-8.2226232e-02;7.7500000e+01;-1.2448609e-01;7.7500000e+01;-1.6506016e-01;7.7500000e+01;-6.4658932e-02;7.7500000e+01;-2.6944973e-02;7.7500000e+01;3.2239217e-02;7.7500000e+01;1.0224481e-01;7.7500000e+01;1.7849205e-01;7.7500000e+01;2.3569807e-01;7.7500000e+01;2.6933566e-01;7.7500000e+01;3.0322844e-01;7.7500000e+01;2.9830751e-01;7.7500000e+01;2.3384908e-01;7.7500000e+01;1.5811607e-01;7.7500000e+01;9.6990533e-02;7.7500000e+01;4.7122434e-02;7.7500000e+01;2.9313713e-03;7.7500000e+01;-3.9379813e-02;7.7500000e+01;-8.2226232e-02;7.7500000e+01;-1.2448609e-01;7.7500000e+01;-1.6506016e-01;7.7500000e+01;-6.4658932e-02;7.7500000e+01;-2.6944973e-02;7.7500000e+01;3.2239217e-02;7.7500000e+01;1.0224481e-01;7.7500000e+01;1.7849205e-01;7.7500000e+01;2.3569807e-01;7.7500000e+01;2.6933566e-01;7.7500000e+01;3.0322844e-01;7.7500000e+01;2.9830751e-01;7.7500000e+01;2.3384908e-01;7.7500000e+01;1.5811607e-01;7.7500000e+01;9.6990533e-02;7.7500000e+01;4.7122434e-02;7.7500000e+01;2.9313713e-03;7.7500000e+01;-3.9379813e-02;7.7500000e+01;-8.2226232e-02;7.7500000e+01;-1.2448609e-01;7.7500000e+01;-1.6506016e-01;7.7500000e+01;-6.4658932e-02;7.7500000e+01;-2.6944973e-02;7.7500000e+01;3.2239217e-02;7.7500000e+01;1.0224481e-01;7.7500000e+01;1.7849205e-01;7.7500000e+01;2.3569807e-01;7.7500000e+01;2.6933566e-01;7.7500000e+01;3.0322844e-01;7.7500000e+01;2.9830751e-01;7.7500000e+01;2.3384908e-01;7.7500000e+01;1.5811607e-01;7.7500000e+01;9.6990533e-02;7.7500000e+01;4.7122434e-02;7.7500000e+01;2.9313713e-03;7.7500000e+01;-3.9379813e-02;7.7500000e+01;-8.2226232e-02;7.7500000e+01;-1.2448609e-01;7.7500000e+01;-1.6506016e-01;7.7500000e+01;-6.4658932e-02;7.7500000e+01;-2.6944973e-02;7.7500000e+01;3.2239217e-02;7.7500000e+01;1.0224481e-01;7.7500000e+01;1.7849205e-01;7.7500000e+01;2.3569807e-01;7.7500000e+01;2.6933566e-01;7.7500000e+01;3.0322844e-01;7.7500000e+01;2.9830751e-01;7.7500000e+01;2.3384908e-01;7.7500000e+01;1.5811607e-01;7.7500000e+01;9.6990533e-02;7.7500000e+01;4.7122434e-02;7.7500000e+01;2.9313713e-03;7.7500000e+01;-3.9379813e-02;7.7500000e+01;-8.2226232e-02;7.7500000e+01;-1.2448609e-01;7.7500000e+01;-1.6506016e-01;7.7500000e+01;-6.4658932e-02;7.7500000e+01;-2.6944973e-02;7.7500000e+01;3.2239217e-02;7.7500000e+01;1.0224481e-01;7.7500000e+01;1.7849205e-01;7.7500000e+01;2.3569807e-01;7.7500000e+01;2.6933566e-01;7.7500000e+01;3.0322844e-01;7.7500000e+01;2.9830751e-01;7.7500000e+01;2.3384908e-01;7.7500000e+01;1.5811607e-01;7.7500000e+01;9.6990533e-02;7.7500000e+01;4.7122434e-02;7.7500000e+01;2.9313713e-03;7.7500000e+01;-3.9379813e-02;7.7500000e+01;-8.2226232e-02;7.7500000e+01;-1.2448609e-01;7.7500000e+01;-1.6506016e-01;7.7500000e+01;-6.4658932e-02;7.7500000e+01;-2.6944973e-02;7.7500000e+01;3.2239217e-02;7.7500000e+01;1.0224481e-01;7.7500000e+01;1.7849205e-01;7.7500000e+01;2.3569807e-01;7.7500000e+01;2.6933566e-01;7.7500000e+01;3.0322844e-01;7.7500000e+01;2.9830751e-01;7.7500000e+01;2.3384908e-01;7.7500000e+01;1.5811607e-01;7.7500000e+01;9.6990533e-02;7.7500000e+01;4.7122434e-02;7.7500000e+01;2.9313713e-03;7.7500000e+01;-3.9379813e-02;7.7500000e+01;-8.2226232e-02;7.7500000e+01;-1.2448609e-01;7.7500000e+01;-1.6506016e-01;7.7500000e+01;-6.4658932e-02;7.7500000e+01;-2.6944973e-02;7.7500000e+01;3.2239217e-02;7.7500000e+01;1.0224481e-01;7.7500000e+01;1.7849205e-01;7.7500000e+01;2.3569807e-01;7.7500000e+01;2.6933566e-01;7.7500000e+01;3.0322844e-01;7.7500000e+01;2.9830751e-01;7.7500000e+01;2.3384908e-01;7.7500000e+01;1.5811607e-01;7.7500000e+01;9.6990533e-02;7.7500000e+01;4.7122434e-02;7.7500000e+01;2.9313713e-03;7.7500000e+01;-3.9379813e-02;7.7500000e+01;-8.2226232e-02;7.7500000e+01;-1.2448609e-01;7.7500000e+01;-1.6506016e-01;7.7500000e+01;-6.4658932e-02;7.7500000e+01;-2.6944973e-02;7.7500000e+01;3.2239217e-02;7.7500000e+01;1.0224481e-01;7.7500000e+01;1.7849205e-01;7.7500000e+01;2.3569807e-01;7.7500000e+01;2.6933566e-01;7.7500000e+01;3.0322844e-01;7.7500000e+01;2.9830751e-01;7.7500000e+01;2.3384908e-01;7.7500000e+01;1.5811607e-01;7.7500000e+01;9.6990533e-02;7.7500000e+01;4.7122434e-02;7.7500000e+01;2.9313713e-03;7.7500000e+01;-3.9379813e-02;7.7500000e+01;-8.2226232e-02;7.7500000e+01;-1.2448609e-01;7.7500000e+01;-1.6506016e-01;7.7500000e+01;-6.4658932e-02;7.7500000e+01;-2.6944973e-02;7.7500000e+01;3.2239217e-02;7.7500000e+01;1.0224481e-01;7.7500000e+01;1.7849205e-01;7.7500000e+01;2.3569807e-01;7.7500000e+01;2.6933566e-01;7.7500000e+01;3.0322844e-01;7.7500000e+01;2.9830751e-01;7.7500000e+01;2.3384908e-01;7.7500000e+01;1.5811607e-01;7.7500000e+01;9.6990533e-02;7.7500000e+01;4.7122434e-02;7.7500000e+01;2.9313713e-03;7.7500000e+01;-3.9379813e-02;7.7500000e+01;-8.2226232e-02;7.7500000e+01;-1.2448609e-01;7.7500000e+01;-1.6506016e-01;7.7500000e+01;-6.4658932e-02;7.7500000e+01;-2.6944973e-02;7.7500000e+01;3.2239217e-02;7.7500000e+01;1.0224481e-01;7.7500000e+01;1.7849205e-01;7.7500000e+01;2.3569807e-01;7.7500000e+01;2.6933566e-01;7.7500000e+01;3.0322844e-01;7.7500000e+01;2.9830751e-01;7.7500000e+01;2.3384908e-01;7.7500000e+01;1.5811607e-01;7.7500000e+01;9.6990533e-02;7.7500000e+01;4.7122434e-02;7.7500000e+01;2.9313713e-03;7.7500000e+01;-3.9379813e-02;7.7500000e+01;-8.2226232e-02;7.7500000e+01;-1.2448609e-01;7.7500000e+01;-1.6506016e-01;7.7500000e+01;-6.4658932e-02;7.7500000e+01;-2.6944973e-02;7.7500000e+01;3.2239217e-02;7.7500000e+01;1.0224481e-01;7.7500000e+01;1.7849205e-01;7.7500000e+01;2.3569807e-01;7.7500000e+01;2.6933566e-01;7.7500000e+01;3.0322844e-01;7.7500000e+01;2.9830751e-01;7.7500000e+01;2.3384908e-01;7.7500000e+01;1.5811607e-01;7.7500000e+01;9.6990533e-02;7.7500000e+01;4.7122434e-02;7.7500000e+01;2.9313713e-03;7.7500000e+01;-3.9379813e-02;7.7500000e+01;-8.2226232e-02;7.7500000e+01;-1.2448609e-01;7.7500000e+01;-1.6506016e-01;7.7500000e+01;-6.4658932e-02;7.7500000e+01;-2.6944973e-02;7.7500000e+01;3.2239217e-02;7.7500000e+01;1.0224481e-01;7.7500000e+01;1.7849205e-01;7.7500000e+01;2.3569807e-01;7.7500000e+01;2.6933566e-01;7.7500000e+01;3.0322844e-01;7.7500000e+01;2.9830751e-01;7.7500000e+01;2.3384908e-01;7.7500000e+01;1.5811607e-01;7.7500000e+01;9.6990533e-02;7.7500000e+01;4.7122434e-02;7.7500000e+01;2.9313713e-03;7.7500000e+01;-3.9379813e-02;7.7500000e+01;-8.2226232e-02;7.7500000e+01;-1.2448609e-01;7.7500000e+01;-1.6506016e-01;7.7500000e+01;-6.4658932e-02;7.7500000e+01;-2.6944973e-02;7.7500000e+01;3.2239217e-02;7.7500000e+01;1.0224481e-01;7.7500000e+01;1.7849205e-01;7.7500000e+01;2.3569807e-01;7.7500000e+01;2.6933566e-01;7.7500000e+01;3.0322844e-01;7.7500000e+01;2.9830751e-01;7.7500000e+01;2.3384908e-01;7.7500000e+01;1.5811607e-01;7.7500000e+01;9.6990533e-02;7.7500000e+01;4.7122434e-02;7.7500000e+01;2.9313713e-03;7.7500000e+01;-3.9379813e-02;7.7500000e+01;-8.2226232e-02;7.7500000e+01;-1.2448609e-01;7.7500000e+01;-1.6506016e-01;7.7500000e+01;-6.4658932e-02;7.7500000e+01;-2.6944973e-02;7.7500000e+01;3.2239217e-02;7.7500000e+01;1.0224481e-01;7.7500000e+01;1.7849205e-01;7.7500000e+01;2.3569807e-01;7.7500000e+01;2.6933566e-01;7.7500000e+01;3.0322844e-01;7.7500000e+01;2.9830751e-01;7.7500000e+01;2.3384908e-01;7.7500000e+01;1.5811607e-01;7.7500000e+01;9.6990533e-02;7.7500000e+01;4.7122434e-02;7.7500000e+01;2.9313713e-03;7.7500000e+01;-3.9379813e-02;7.7500000e+01;-8.2226232e-02;7.7500000e+01;-1.2448609e-01;7.7500000e+01;-1.6506016e-01;7.7500000e+01;-6.4658932e-02;7.7500000e+01;-2.6944973e-02;7.7500000e+01;3.2239217e-02;7.7500000e+01;1.0224481e-01;7.7500000e+01;1.7849205e-01;7.7500000e+01;2.3569807e-01;7.7500000e+01;2.6933566e-01;7.7500000e+01;3.0322844e-01;7.7500000e+01;2.9830751e-01;7.7500000e+01;2.3384908e-01;7.7500000e+01;1.5811607e-01;7.7500000e+01;9.6990533e-02;7.7500000e+01;4.7122434e-02;7.7500000e+01;2.9313713e-03;7.7500000e+01;-3.9379813e-02;7.7500000e+01;-8.2226232e-02;7.7500000e+01;-1.2448609e-01;7.7500000e+01;-1.6506016e-01;7.7500000e+01;-6.4658932e-02;7.7500000e+01;-2.6944973e-02;7.7500000e+01;3.2239217e-02;7.7500000e+01;1.0224481e-01;7.7500000e+01;1.7849205e-01;7.7500000e+01;2.3569807e-01;7.7500000e+01;2.6933566e-01;7.7500000e+01;3.0322844e-01;7.7500000e+01;2.9830751e-01;7.7500000e+01;2.3384908e-01;7.7500000e+01;1.5811607e-01;7.7500000e+01;9.6990533e-02;7.7500000e+01;4.7122434e-02;7.7500000e+01;2.9313713e-03;7.7500000e+01;-3.9379813e-02;7.7500000e+01;-8.2226232e-02;7.7500000e+01;-1.2448609e-01;7.7500000e+01;-1.6506016e-01;7.7500000e+01;-6.4658932e-02;7.7500000e+01;-2.6944973e-02;7.7500000e+01;3.2239217e-02;7.7500000e+01;1.0224481e-01;7.7500000e+01;1.7849205e-01;7.7500000e+01;2.3569807e-01;7.7500000e+01;2.6933566e-01;7.7500000e+01;3.0322844e-01;7.7500000e+01;2.9830751e-01;7.7500000e+01;2.3384908e-01;7.7500000e+01;1.5811607e-01;7.7500000e+01;9.6990533e-02;7.7500000e+01;4.7122434e-02;7.7500000e+01;2.9313713e-03;7.7500000e+01;-3.9379813e-02;7.7500000e+01;-8.2226232e-02;7.7500000e+01;-1.2448609e-01;7.7500000e+01;-1.6506016e-01;7.7500000e+01;-6.4658932e-02;7.7500000e+01;-2.6944973e-02;7.7500000e+01;3.2239217e-02;7.7500000e+01;1.0224481e-01;7.7500000e+01;1.7849205e-01;7.7500000e+01;2.3569807e-01;7.7500000e+01;2.6933566e-01;7.7500000e+01;3.0322844e-01;7.7500000e+01;2.9830751e-01;7.7500000e+01;2.3384908e-01;7.7500000e+01;1.5811607e-01;7.7500000e+01;9.6990533e-02;7.7500000e+01;4.7122434e-02;7.7500000e+01;2.9313713e-03;7.7500000e+01;-3.9379813e-02;7.7500000e+01;-8.2226232e-02;7.7500000e+01;-1.2448609e-01;7.7500000e+01;-1.6506016e-01;7.7500000e+01;-6.4658932e-02;7.7500000e+01;-2.6944973e-02;7.7500000e+01;3.2239217e-02;7.7500000e+01;1.0224481e-01;7.7500000e+01;1.7849205e-01;7.7500000e+01;2.3569807e-01;7.7500000e+01;2.6933566e-01;7.7500000e+01;3.0322844e-01;7.7500000e+01;2.9830751e-01;7.7500000e+01;2.3384908e-01;7.7500000e+01;1.5811607e-01;7.7500000e+01;9.6990533e-02;7.7500000e+01;4.7122434e-02;7.7500000e+01;2.9313713e-03;7.7500000e+01;-3.9379813e-02;7.7500000e+01;-8.2226232e-02;7.7500000e+01;-1.2448609e-01;7.7500000e+01;-1.6506016e-01;7.7500000e+01;-6.4658932e-02;7.7500000e+01;-2.6944973e-02;7.7500000e+01;3.2239217e-02;7.7500000e+01;1.0224481e-01;7.7500000e+01;1.7849205e-01;7.7500000e+01;2.3569807e-01;7.7500000e+01;2.6933566e-01;7.7500000e+01;3.0322844e-01;7.7500000e+01;2.9830751e-01;7.7500000e+01;2.3384908e-01;7.7500000e+01;1.5811607e-01;7.7500000e+01;9.6990533e-02;7.7500000e+01;4.7122434e-02;7.7500000e+01;2.9313713e-03;7.7500000e+01;-3.9379813e-02;7.7500000e+01;-8.2226232e-02;7.7500000e+01;-1.2448609e-01;7.7500000e+01;-1.6506016e-01;7.7500000e+01;-6.4658932e-02;7.7500000e+01;-2.6944973e-02;7.7500000e+01;3.2239217e-02;7.7500000e+01;1.0224481e-01;7.7500000e+01;1.7849205e-01;7.7500000e+01;2.3569807e-01;7.7500000e+01;2.6933566e-01;7.7500000e+01;3.0322844e-01;7.7500000e+01;2.9830751e-01;7.7500000e+01;2.3384908e-01;7.7500000e+01;1.5811607e-01;7.7500000e+01;9.6990533e-02;7.7500000e+01;4.7122434e-02;7.7500000e+01;2.9313713e-03;7.7500000e+01;-3.9379813e-02;7.7500000e+01;-8.2226232e-02;7.7500000e+01;-1.2448609e-01;7.7500000e+01;-1.6506016e-01;7.7500000e+01;-6.4658932e-02;7.7500000e+01;-2.6944973e-02;7.7500000e+01;3.2239217e-02;7.7500000e+01;1.0224481e-01;7.7500000e+01;1.7849205e-01;7.7500000e+01;2.3569807e-01;7.7500000e+01;2.6933566e-01;7.7500000e+01;3.0322844e-01;7.7500000e+01;2.9830751e-01;7.7500000e+01;2.3384908e-01;7.7500000e+01;1.5811607e-01;7.7500000e+01;9.6990533e-02;7.7500000e+01;4.7122434e-02;7.7500000e+01;2.9313713e-03;7.7500000e+01;-3.9379813e-02;7.7500000e+01;-8.2226232e-02;7.7500000e+01;-1.2448609e-01;7.7500000e+01;-1.6506016e-01;7.7500000e+01;-6.4658932e-02;7.7500000e+01;-2.6944973e-02;7.7500000e+01;3.2239217e-02;7.7500000e+01;1.0224481e-01;7.7500000e+01;1.7849205e-01;7.7500000e+01;2.3569807e-01;7.7500000e+01;2.6933566e-01;7.7500000e+01;3.0322844e-01;7.7500000e+01;2.9830751e-01;7.7500000e+01;2.3384908e-01;7.7500000e+01;1.5811607e-01;7.7500000e+01;9.6990533e-02;7.7500000e+01;4.7122434e-02;7.7500000e+01;2.9313713e-03;7.7500000e+01;-3.9379813e-02;7.7500000e+01;-8.2226232e-02;7.7500000e+01;-1.2448609e-01;7.7500000e+01;-1.6506016e-01;7.7500000e+01;-6.4658932e-02;7.7500000e+01;-2.6944973e-02;7.7500000e+01;3.2239217e-02;7.7500000e+01;1.0224481e-01;7.7500000e+01;1.7849205e-01;7.7500000e+01;2.3569807e-01;7.7500000e+01;2.6933566e-01;7.7500000e+01;3.0322844e-01;7.7500000e+01;2.9830751e-01;7.7500000e+01;2.3384908e-01;7.7500000e+01;1.5811607e-01;7.7500000e+01;9.6990533e-02;7.7500000e+01;4.7122434e-02;7.7500000e+01;2.9313713e-03;7.7500000e+01;-3.9379813e-02;7.7500000e+01;-8.2226232e-02;7.7500000e+01;-1.2448609e-01;7.7500000e+01;-1.6506016e-01;7.7500000e+01;-6.4658932e-02;7.7500000e+01;-2.6944973e-02;7.7500000e+01;3.2239217e-02;7.7500000e+01;1.0224481e-01;7.7500000e+01;1.7849205e-01;7.7500000e+01;2.3569807e-01;7.7500000e+01;2.6933566e-01;7.7500000e+01;3.0322844e-01;7.7500000e+01;2.9830751e-01;7.7500000e+01;2.3384908e-01;7.7500000e+01;1.5811607e-01;7.7500000e+01;9.6990533e-02;7.7500000e+01;4.7122434e-02;7.7500000e+01;2.9313713e-03;7.7500000e+01;-3.9379813e-02;7.7500000e+01;-8.2226232e-02;7.7500000e+01;-1.2448609e-01;7.7500000e+01;-1.6506016e-01;7.7500000e+01;-6.4658932e-02;7.7500000e+01;-2.6944973e-02;7.7500000e+01;3.2239217e-02;7.7500000e+01;1.0224481e-01;7.7500000e+01;1.7849205e-01;7.7500000e+01;2.3569807e-01;7.7500000e+01;2.6933566e-01;7.7500000e+01;3.0322844e-01;7.7500000e+01;2.9830751e-01;7.7500000e+01;2.3384908e-01;7.7500000e+01;1.5811607e-01;7.7500000e+01;9.6990533e-02;7.7500000e+01;4.7122434e-02;7.7500000e+01;2.9313713e-03;7.7500000e+01;-3.9379813e-02;7.7500000e+01;-8.2226232e-02;7.7500000e+01;-1.2448609e-01;7.7500000e+01;-1.6506016e-01;7.7500000e+01;-6.4658932e-02;7.7500000e+01;-2.6944973e-02;7.7500000e+01;3.2239217e-02;7.7500000e+01;1.0224481e-01;7.7500000e+01;1.7849205e-01;7.7500000e+01;2.3569807e-01;7.7500000e+01;2.6933566e-01;7.7500000e+01;3.0322844e-01;7.7500000e+01;2.9830751e-01;7.7500000e+01;2.3384908e-01;7.7500000e+01;1.5811607e-01;7.7500000e+01;9.6990533e-02;7.7500000e+01;4.7122434e-02;7.7500000e+01;2.9313713e-03;7.7500000e+01;-3.9379813e-02;7.7500000e+01;-8.2226232e-02;7.7500000e+01;-1.2448609e-01;7.7500000e+01;-1.6506016e-01;7.7500000e+01;-6.4658932e-02;7.7500000e+01;-2.6944973e-02;7.7500000e+01;3.2239217e-02;7.7500000e+01;1.0224481e-01;7.7500000e+01;1.7849205e-01;7.7500000e+01;2.3569807e-01;7.7500000e+01;2.6933566e-01;7.7500000e+01;3.0322844e-01;7.7500000e+01;2.9830751e-01;7.7500000e+01;2.3384908e-01;7.7500000e+01;1.5811607e-01;7.7500000e+01;9.6990533e-02;7.7500000e+01;4.7122434e-02;7.7500000e+01;2.9313713e-03;7.7500000e+01;-3.9379813e-02;7.7500000e+01;-8.2226232e-02;7.7500000e+01;-1.2448609e-01;7.7500000e+01;-1.6506016e-01;7.7500000e+01;-6.4658932e-02;7.7500000e+01;-2.6944973e-02;7.7500000e+01;3.2239217e-02;7.7500000e+01;1.0224481e-01;7.7500000e+01;1.7849205e-01;7.7500000e+01;2.3569807e-01;7.7500000e+01;2.6933566e-01;7.7500000e+01;3.0322844e-01;7.7500000e+01;2.9830751e-01;7.7500000e+01;2.3384908e-01;7.7500000e+01;1.5811607e-01;7.7500000e+01;9.6990533e-02;7.7500000e+01;4.7122434e-02;7.7500000e+01;2.9313713e-03;7.7500000e+01;-3.9379813e-02;7.7500000e+01;-8.2226232e-02;7.7500000e+01;-1.2448609e-01;7.7500000e+01;-1.6506016e-01;7.7500000e+01;-6.4658932e-02;7.7500000e+01;-2.6944973e-02;7.7500000e+01;3.2239217e-02;7.7500000e+01;1.0224481e-01;7.7500000e+01;1.7849205e-01;7.7500000e+01;2.3569807e-01;7.7500000e+01;2.6933566e-01;7.7500000e+01;3.0322844e-01;7.7500000e+01;2.9830751e-01;7.7500000e+01;2.3384908e-01;7.7500000e+01;1.5811607e-01;7.7500000e+01;9.6990533e-02;7.7500000e+01;4.7122434e-02;7.7500000e+01;2.9313713e-03;7.7500000e+01;-3.9379813e-02;7.7500000e+01;-8.2226232e-02;7.7500000e+01;-1.2448609e-01;7.7500000e+01;-1.6506016e-01;7.7500000e+01;-6.4658932e-02;7.7500000e+01;-2.6944973e-02;7.7500000e+01;3.2239217e-02;7.7500000e+01;1.0224481e-01;7.7500000e+01;1.7849205e-01;7.7500000e+01;2.3569807e-01;7.7500000e+01;2.6933566e-01;7.7500000e+01;3.0322844e-01;7.7500000e+01;2.9830751e-01;7.7500000e+01;2.3384908e-01;7.7500000e+01;1.5811607e-01;7.7500000e+01;9.6990533e-02;7.7500000e+01;4.7122434e-02;7.7500000e+01;2.9313713e-03;7.7500000e+01;-3.9379813e-02;7.7500000e+01;-8.2226232e-02;7.7500000e+01;-1.2448609e-01;7.7500000e+01;-1.6506016e-01;7.7500000e+01;-6.4658932e-02;7.7500000e+01;-2.6944973e-02;7.7500000e+01;3.2239217e-02;7.7500000e+01;1.0224481e-01;7.7500000e+01;1.7849205e-01;7.7500000e+01;2.3569807e-01;7.7500000e+01;2.6933566e-01;7.7500000e+01;3.0322844e-01;7.7500000e+01;2.9830751e-01;7.7500000e+01;2.3384908e-01;7.7500000e+01;1.5811607e-01;7.7500000e+01;9.6990533e-02;7.7500000e+01;4.7122434e-02;7.7500000e+01;2.9313713e-03;7.7500000e+01;-3.9379813e-02;7.7500000e+01;-8.2226232e-02;7.7500000e+01;-1.2448609e-01;7.7500000e+01;-1.6506016e-01;7.7500000e+01;-6.4658932e-02;7.7500000e+01;-2.6944973e-02;7.7500000e+01;3.2239217e-02;7.7500000e+01;1.0224481e-01;7.7500000e+01;1.7849205e-01;7.7500000e+01;2.3569807e-01;7.7500000e+01;2.6933566e-01;7.7500000e+01;3.0322844e-01;7.7500000e+01;2.9830751e-01;7.7500000e+01;2.3384908e-01;7.7500000e+01;1.5811607e-01;7.7500000e+01;9.6990533e-02;7.7500000e+01;4.7122434e-02;7.7500000e+01;2.9313713e-03;7.7500000e+01;-3.9379813e-02;7.7500000e+01;-8.2226232e-02;7.7500000e+01;-1.2448609e-01;7.7500000e+01;-1.6506016e-01;7.7500000e+01;-6.4658932e-02;7.7500000e+01;-2.6944973e-02;7.7500000e+01;3.2239217e-02;7.7500000e+01;1.0224481e-01;7.7500000e+01;1.7849205e-01;7.7500000e+01;2.3569807e-01;7.7500000e+01;2.6933566e-01;7.7500000e+01;3.0322844e-01;7.7500000e+01;2.9830751e-01;7.7500000e+01;2.3384908e-01;7.7500000e+01;1.5811607e-01;7.7500000e+01;9.6990533e-02;7.7500000e+01;4.7122434e-02;7.7500000e+01;2.9313713e-03;7.7500000e+01;-3.9379813e-02;7.7500000e+01;-8.2226232e-02;7.7500000e+01;-1.2448609e-01;7.7500000e+01;-1.6506016e-01;7.7500000e+01;-6.4658932e-02;7.7500000e+01;-2.6944973e-02;7.7500000e+01;3.2239217e-02;7.7500000e+01;1.0224481e-01;7.7500000e+01;1.7849205e-01;7.7500000e+01;2.3569807e-01;7.7500000e+01;2.6933566e-01;7.7500000e+01;3.0322844e-01;7.7500000e+01;2.9830751e-01;7.7500000e+01;2.3384908e-01;7.7500000e+01;1.5811607e-01;7.7500000e+01;9.6990533e-02;7.7500000e+01;4.7122434e-02;7.7500000e+01;2.9313713e-03;7.7500000e+01;-3.9379813e-02;7.7500000e+01;-8.2226232e-02;7.7500000e+01;-1.2448609e-01;7.7500000e+01;-1.6506016e-01;7.7500000e+01;-6.4658932e-02;7.7500000e+01;-2.6944973e-02;7.7500000e+01;3.2239217e-02;7.7500000e+01;1.0224481e-01;7.7500000e+01;1.7849205e-01;7.7500000e+01;2.3569807e-01;7.7500000e+01;2.6933566e-01;7.7500000e+01;3.0322844e-01;7.7500000e+01;2.9830751e-01;7.7500000e+01;2.3384908e-01;7.7500000e+01;1.5811607e-01;7.7500000e+01;9.6990533e-02;7.7500000e+01;4.7122434e-02;7.7500000e+01;2.9313713e-03;7.7500000e+01;-3.9379813e-02;7.7500000e+01;-8.2226232e-02;7.7500000e+01;-1.2448609e-01;7.7500000e+01;-1.6506016e-01;7.7500000e+01;-6.4658932e-02;7.7500000e+01;-2.6944973e-02;7.7500000e+01;3.2239217e-02;7.7500000e+01;1.0224481e-01;7.7500000e+01;1.7849205e-01;7.7500000e+01;2.3569807e-01;7.7500000e+01;2.6933566e-01;7.7500000e+01;3.0322844e-01;7.7500000e+01;2.9830751e-01;7.7500000e+01;2.3384908e-01;7.7500000e+01;1.5811607e-01;7.7500000e+01;9.6990533e-02;7.7500000e+01;4.7122434e-02;7.7500000e+01;2.9313713e-03;7.7500000e+01;-3.9379813e-02;7.7500000e+01;-8.2226232e-02;7.7500000e+01;-1.2448609e-01;7.7500000e+01;-1.6506016e-01;7.7500000e+01;-6.4658932e-02;7.7500000e+01;-2.6944973e-02;7.7500000e+01;3.2239217e-02;7.7500000e+01;1.0224481e-01;7.7500000e+01;1.7849205e-01;7.7500000e+01;2.3569807e-01;7.7500000e+01;2.6933566e-01;7.7500000e+01;3.0322844e-01;7.7500000e+01;2.9830751e-01;7.7500000e+01;2.3384908e-01;7.7500000e+01;1.5811607e-01;7.7500000e+01;9.6990533e-02;7.7500000e+01;4.7122434e-02;7.7500000e+01;2.9313713e-03;7.7500000e+01;-3.9379813e-02;7.7500000e+01;-8.2226232e-02;7.7500000e+01;-1.2448609e-01;7.7500000e+01;-1.6506016e-01;7.7500000e+01;-6.4658932e-02;7.7500000e+01;-2.6944973e-02;7.7500000e+01;3.2239217e-02;7.7500000e+01;1.0224481e-01;7.7500000e+01;1.7849205e-01;7.7500000e+01;2.3569807e-01;7.7500000e+01;2.6933566e-01;7.7500000e+01;3.0322844e-01;7.7500000e+01;2.9830751e-01;7.7500000e+01;2.3384908e-01;7.7500000e+01;1.5811607e-01;7.7500000e+01;9.6990533e-02;7.7500000e+01;4.7122434e-02;7.7500000e+01;2.9313713e-03;7.7500000e+01;-3.9379813e-02;7.7500000e+01;-8.2226232e-02;7.7500000e+01;-1.2448609e-01;7.7500000e+01;-1.6506016e-01;7.7500000e+01;-6.4658932e-02;7.7500000e+01;-2.6944973e-02;7.7500000e+01;3.2239217e-02;7.7500000e+01;1.0224481e-01;7.7500000e+01;1.7849205e-01;7.7500000e+01;2.3569807e-01;7.7500000e+01;2.6933566e-01;7.7500000e+01;3.0322844e-01;7.7500000e+01;2.9830751e-01;7.7500000e+01;2.3384908e-01;7.7500000e+01;1.5811607e-01;7.7500000e+01;9.6990533e-02;7.7500000e+01;4.7122434e-02;7.7500000e+01;2.9313713e-03;7.7500000e+01;-3.9379813e-02;7.7500000e+01;-8.2226232e-02;7.7500000e+01;-1.2448609e-01;7.7500000e+01;-1.6506016e-01;7.7500000e+01;-6.4658932e-02;7.7500000e+01;-2.6944973e-02;7.7500000e+01;3.2239217e-02;7.7500000e+01;1.0224481e-01;7.7500000e+01;1.7849205e-01;7.7500000e+01;2.3569807e-01;7.7500000e+01;2.6933566e-01;7.7500000e+01;3.0322844e-01;7.7500000e+01;2.9830751e-01;7.7500000e+01;2.3384908e-01;7.7500000e+01;1.5811607e-01;7.7500000e+01;9.6990533e-02;7.7500000e+01;4.7122434e-02;7.7500000e+01;2.9313713e-03;7.7500000e+01;-3.9379813e-02;7.7500000e+01;-8.2226232e-02;7.7500000e+01;-1.2448609e-01;7.7500000e+01;-1.6506016e-01;7.7500000e+01;-6.4658932e-02;7.7500000e+01;-2.6944973e-02;7.7500000e+01;3.2239217e-02;7.7500000e+01;1.0224481e-01;7.7500000e+01;1.7849205e-01;7.7500000e+01;2.3569807e-01;7.7500000e+01;2.6933566e-01;7.7500000e+01;3.0322844e-01;7.7500000e+01;2.9830751e-01;7.7500000e+01;2.3384908e-01;7.7500000e+01;1.5811607e-01;7.7500000e+01;9.6990533e-02;7.7500000e+01;4.7122434e-02;7.7500000e+01;2.9313713e-03;7.7500000e+01;-3.9379813e-02;7.7500000e+01;-8.2226232e-02;7.7500000e+01;-1.2448609e-01;7.7500000e+01;-1.6506016e-01;7.7500000e+01;-6.4658932e-02;7.7500000e+01;-2.6944973e-02;7.7500000e+01;3.2239217e-02;7.7500000e+01;1.0224481e-01;7.7500000e+01;1.7849205e-01;7.7500000e+01;2.3569807e-01;7.7500000e+01;2.6933566e-01;7.7500000e+01;3.0322844e-01;7.7500000e+01;2.9830751e-01;7.7500000e+01;2.3384908e-01;7.7500000e+01;1.5811607e-01;7.7500000e+01;9.6990533e-02;7.7500000e+01;4.7122434e-02;7.7500000e+01;2.9313713e-03;7.7500000e+01;-3.9379813e-02;7.7500000e+01;-8.2226232e-02;7.7500000e+01;-1.2448609e-01;7.7500000e+01;-1.6506016e-01;7.7500000e+01;-6.4658932e-02;7.7500000e+01;-2.6944973e-02;7.7500000e+01;3.2239217e-02;7.7500000e+01;1.0224481e-01;7.7500000e+01;1.7849205e-01;7.7500000e+01;2.3569807e-01;7.7500000e+01;2.6933566e-01;7.7500000e+01;3.0322844e-01;7.7500000e+01;2.9830751e-01;7.7500000e+01;2.3384908e-01;7.7500000e+01;1.5811607e-01;7.7500000e+01;9.6990533e-02;7.7500000e+01;4.7122434e-02;7.7500000e+01;2.9313713e-03;7.7500000e+01;-3.9379813e-02;7.7500000e+01;-8.2226232e-02;7.7500000e+01;-1.2448609e-01;7.7500000e+01;-1.6506016e-01;7.7500000e+01;-6.4658932e-02;7.7500000e+01;-2.6944973e-02;7.7500000e+01;3.2239217e-02;7.7500000e+01;1.0224481e-01;7.7500000e+01;1.7849205e-01;7.7500000e+01;2.3569807e-01;7.7500000e+01;2.6933566e-01;7.7500000e+01;3.0322844e-01;7.7500000e+01;2.9830751e-01;7.7500000e+01;2.3384908e-01;7.7500000e+01;1.5811607e-01;7.7500000e+01;9.6990533e-02;7.7500000e+01;4.7122434e-02;7.7500000e+01;2.9313713e-03;7.7500000e+01;-3.9379813e-02;7.7500000e+01;-8.2226232e-02;7.7500000e+01;-1.2448609e-01;7.7500000e+01;-1.6506016e-01;7.7500000e+01;-6.4658932e-02;7.7500000e+01;-2.6944973e-02;7.7500000e+01;3.2239217e-02;7.7500000e+01;1.0224481e-01;7.7500000e+01;1.7849205e-01;7.7500000e+01;2.3569807e-01;7.7500000e+01;2.6933566e-01;7.7500000e+01;3.0322844e-01;7.7500000e+01;2.9830751e-01;7.7500000e+01;2.3384908e-01;7.7500000e+01;1.5811607e-01;7.7500000e+01;9.6990533e-02;7.7500000e+01;4.7122434e-02;7.7500000e+01;2.9313713e-03;7.7500000e+01;-3.9379813e-02;7.7500000e+01;-8.2226232e-02;7.7500000e+01;-1.2448609e-01;7.7500000e+01;-1.6506016e-01;7.7500000e+01;-6.4658932e-02;7.7500000e+01;-2.6944973e-02;7.7500000e+01;3.2239217e-02;7.7500000e+01;1.0224481e-01;7.7500000e+01;1.7849205e-01;7.7500000e+01;2.3569807e-01;7.7500000e+01;2.6933566e-01;7.7500000e+01;3.0322844e-01;7.7500000e+01;2.9830751e-01;7.7500000e+01;2.3384908e-01;7.7500000e+01;1.5811607e-01;7.7500000e+01;9.6990533e-02;7.7500000e+01;4.7122434e-02;7.7500000e+01;2.9313713e-03;7.7500000e+01;-3.9379813e-02;7.7500000e+01;-8.2226232e-02;7.7500000e+01;-1.2448609e-01;7.7500000e+01;-1.6506016e-01;7.7500000e+01;-6.4658932e-02;7.7500000e+01;-2.6944973e-02;7.7500000e+01;3.2239217e-02;7.7500000e+01;1.0224481e-01;7.7500000e+01;1.7849205e-01;7.7500000e+01;2.3569807e-01;7.7500000e+01;2.6933566e-01;7.7500000e+01;3.0322844e-01;7.7500000e+01;2.9830751e-01;7.7500000e+01;2.3384908e-01;7.7500000e+01;1.5811607e-01;7.7500000e+01;9.6990533e-02;7.7500000e+01;4.7122434e-02;7.7500000e+01;2.9313713e-03;7.7500000e+01;-3.9379813e-02;7.7500000e+01;-8.2226232e-02;7.7500000e+01;-1.2448609e-01;7.7500000e+01;-1.6506016e-01;7.7500000e+01;-6.4658932e-02;7.7500000e+01;-2.6944973e-02;7.7500000e+01;3.2239217e-02;7.7500000e+01;1.0224481e-01;7.7500000e+01;1.7849205e-01;7.7500000e+01;2.3569807e-01;7.7500000e+01;2.6933566e-01;7.7500000e+01;3.0322844e-01;7.7500000e+01;2.9830751e-01;7.7500000e+01;2.3384908e-01;7.7500000e+01;1.5811607e-01;7.7500000e+01;9.6990533e-02;7.7500000e+01;4.7122434e-02;7.7500000e+01;2.9313713e-03;7.7500000e+01;-3.9379813e-02;7.7500000e+01;-8.2226232e-02;7.7500000e+01;-1.2448609e-01;7.7500000e+01;-1.6506016e-01;7.7500000e+01;-6.4658932e-02;7.7500000e+01;-2.6944973e-02;7.7500000e+01;3.2239217e-02;7.7500000e+01;1.0224481e-01;7.7500000e+01;1.7849205e-01;7.7500000e+01;2.3569807e-01;7.7500000e+01;2.6933566e-01;7.7500000e+01;3.0322844e-01;7.7500000e+01;2.9830751e-01;7.7500000e+01;2.3384908e-01;7.7500000e+01;1.5811607e-01;7.7500000e+01;9.6990533e-02;7.7500000e+01;4.7122434e-02;7.7500000e+01;2.9313713e-03;7.7500000e+01;-3.9379813e-02;7.7500000e+01;-8.2226232e-02;7.7500000e+01;-1.2448609e-01;7.7500000e+01;-1.6506016e-01;7.7500000e+01;-6.4658932e-02;7.7500000e+01;-2.6944973e-02;7.7500000e+01;3.2239217e-02;7.7500000e+01;1.0224481e-01;7.7500000e+01;1.7849205e-01;7.7500000e+01;2.3569807e-01;7.7500000e+01;2.6933566e-01;7.7500000e+01;3.0322844e-01;7.7500000e+01;2.9830751e-01;7.7500000e+01;2.3384908e-01;7.7500000e+01;1.5811607e-01;7.7500000e+01;9.6990533e-02;7.7500000e+01;4.7122434e-02;7.7500000e+01;2.9313713e-03;7.7500000e+01;-3.9379813e-02;7.7500000e+01;-8.2226232e-02;7.7500000e+01;-1.2448609e-01;7.7500000e+01;-1.6506016e-01;7.7500000e+01;-6.4658932e-02;7.7500000e+01;-2.6944973e-02;7.7500000e+01;3.2239217e-02;7.7500000e+01;1.0224481e-01;7.7500000e+01;1.7849205e-01;7.7500000e+01;2.3569807e-01;7.7500000e+01;2.6933566e-01;7.7500000e+01;3.0322844e-01;7.7500000e+01;2.9830751e-01;7.7500000e+01;2.3384908e-01;7.7500000e+01;1.5811607e-01;7.7500000e+01;9.6990533e-02;7.7500000e+01;4.7122434e-02;7.7500000e+01;2.9313713e-03;7.7500000e+01;-3.9379813e-02;7.7500000e+01;-8.2226232e-02;7.7500000e+01;-1.2448609e-01;7.7500000e+01;-1.6506016e-01;7.7500000e+01;-6.4658932e-02;7.7500000e+01;-2.6944973e-02;7.7500000e+01;3.2239217e-02;7.7500000e+01;1.0224481e-01;7.7500000e+01;1.7849205e-01;7.7500000e+01;2.3569807e-01;7.7500000e+01;2.6933566e-01;7.7500000e+01;3.0322844e-01;7.7500000e+01;2.9830751e-01;7.7500000e+01;2.3384908e-01;7.7500000e+01;1.5811607e-01;7.7500000e+01;9.6990533e-02;7.7500000e+01;4.7122434e-02;7.7500000e+01;2.9313713e-03;7.7500000e+01;-3.9379813e-02;7.7500000e+01;-8.2226232e-02;7.7500000e+01;-1.2448609e-01;7.7500000e+01;-1.6506016e-01;7.7500000e+01;-6.4658932e-02;7.7500000e+01;-2.6944973e-02;7.7500000e+01;3.2239217e-02;7.7500000e+01;1.0224481e-01;7.7500000e+01;1.7849205e-01;7.7500000e+01;2.3569807e-01;7.7500000e+01;2.6933566e-01;7.7500000e+01;3.0322844e-01;7.7500000e+01;2.9830751e-01;7.7500000e+01;2.3384908e-01;7.7500000e+01;1.5811607e-01;7.7500000e+01;9.6990533e-02;7.7500000e+01;4.7122434e-02;7.7500000e+01;2.9313713e-03;7.7500000e+01;-3.9379813e-02;7.7500000e+01;-8.2226232e-02;7.7500000e+01;-1.2448609e-01;7.7500000e+01;-1.6506016e-01;7.7500000e+01;-6.4658932e-02;7.7500000e+01;-2.6944973e-02;7.7500000e+01;3.2239217e-02;7.7500000e+01;1.0224481e-01;7.7500000e+01;1.7849205e-01;7.7500000e+01;2.3569807e-01;7.7500000e+01;2.6933566e-01;7.7500000e+01;3.0322844e-01;7.7500000e+01;2.9830751e-01;7.7500000e+01;2.3384908e-01;7.7500000e+01;1.5811607e-01;7.7500000e+01;9.6990533e-02;7.7500000e+01;4.7122434e-02;7.7500000e+01;2.9313713e-03;7.7500000e+01;-3.9379813e-02;7.7500000e+01;-8.2226232e-02;7.7500000e+01;-1.2448609e-01;7.7500000e+01;-1.6506016e-01;7.7500000e+01;-6.4658932e-02;7.7500000e+01;-2.6944973e-02;7.7500000e+01;3.2239217e-02;7.7500000e+01;1.0224481e-01;7.7500000e+01;1.7849205e-01;7.7500000e+01;2.3569807e-01;7.7500000e+01;2.6933566e-01;7.7500000e+01;3.0322844e-01;7.7500000e+01;2.9830751e-01;7.7500000e+01;2.3384908e-01;7.7500000e+01;1.5811607e-01;7.7500000e+01;9.6990533e-02;7.7500000e+01;4.7122434e-02;7.7500000e+01;2.9313713e-03;7.7500000e+01;-3.9379813e-02;7.7500000e+01;-8.2226232e-02;7.7500000e+01;-1.2448609e-01;7.7500000e+01;-1.6506016e-01;7.7500000e+01;-6.4658932e-02;7.7500000e+01;-2.6944973e-02;7.7500000e+01;3.2239217e-02;7.7500000e+01;1.0224481e-01;7.7500000e+01;1.7849205e-01;7.7500000e+01;2.3569807e-01;7.7500000e+01;2.6933566e-01;7.7500000e+01;3.0322844e-01;7.7500000e+01;2.9830751e-01;7.7500000e+01;2.3384908e-01;7.7500000e+01;1.5811607e-01;7.7500000e+01;9.6990533e-02;7.7500000e+01;4.7122434e-02;7.7500000e+01;2.9313713e-03;7.7500000e+01;-3.9379813e-02;7.7500000e+01;-8.2226232e-02;7.7500000e+01;-1.2448609e-01;7.7500000e+01;-1.6506016e-01;7.7500000e+01;-6.4658932e-02;7.7500000e+01;-2.6944973e-02;7.7500000e+01;3.2239217e-02;7.7500000e+01;1.0224481e-01;7.7500000e+01;1.7849205e-01;7.7500000e+01;2.3569807e-01;7.7500000e+01;2.6933566e-01;7.7500000e+01;3.0322844e-01;7.7500000e+01;2.9830751e-01;7.7500000e+01;2.3384908e-01;7.7500000e+01;1.5811607e-01;7.7500000e+01;9.6990533e-02;7.7500000e+01;4.7122434e-02;7.7500000e+01;2.9313713e-03;7.7500000e+01;-3.9379813e-02;7.7500000e+01;-8.2226232e-02;7.7500000e+01;-1.2448609e-01;7.7500000e+01;-1.6506016e-01;7.7500000e+01;-6.4658932e-02;7.7500000e+01;-2.6944973e-02;7.7500000e+01;3.2239217e-02;7.7500000e+01;1.0224481e-01;7.7500000e+01;1.7849205e-01;7.7500000e+01;2.3569807e-01;7.7500000e+01;2.6933566e-01;7.7500000e+01;3.0322844e-01;7.7500000e+01;2.9830751e-01;7.7500000e+01;2.3384908e-01;7.7500000e+01;1.5811607e-01;7.7500000e+01;9.6990533e-02;7.7500000e+01;4.7122434e-02;7.7500000e+01;2.9313713e-03;7.7500000e+01;-3.9379813e-02;7.7500000e+01;-8.2226232e-02;7.7500000e+01;-1.2448609e-01;7.7500000e+01;-1.6506016e-01;7.7500000e+01;-6.4658932e-02;7.7500000e+01;-2.6944973e-02;7.7500000e+01;3.2239217e-02;7.7500000e+01;1.0224481e-01;7.7500000e+01;1.7849205e-01;7.7500000e+01;2.3569807e-01;7.7500000e+01;2.6933566e-01;7.7500000e+01;3.0322844e-01;7.7500000e+01;2.9830751e-01;7.7500000e+01;2.3384908e-01;7.7500000e+01;1.5811607e-01;7.7500000e+01;9.6990533e-02;7.7500000e+01;4.7122434e-02;7.7500000e+01;2.9313713e-03;7.7500000e+01;-3.9379813e-02;7.7500000e+01;-8.2226232e-02;7.7500000e+01;-1.2448609e-01;7.7500000e+01;-1.6506016e-01;7.7500000e+01;-6.4658932e-02;7.7500000e+01;-2.6944973e-02;7.7500000e+01;3.2239217e-02;7.7500000e+01;1.0224481e-01;7.7500000e+01;1.7849205e-01;7.7500000e+01;2.3569807e-01;7.7500000e+01;2.6933566e-01;7.7500000e+01;3.0322844e-01;7.7500000e+01;2.9830751e-01;7.7500000e+01;2.3384908e-01;7.7500000e+01;1.5811607e-01;7.7500000e+01;9.6990533e-02;7.7500000e+01;4.7122434e-02;7.7500000e+01;2.9313713e-03;7.7500000e+01;-3.9379813e-02;7.7500000e+01;-8.2226232e-02;7.7500000e+01;-1.2448609e-01;7.7500000e+01;-1.6506016e-01;7.7500000e+01;-6.4658932e-02;7.7500000e+01;-2.6944973e-02;7.7500000e+01;3.2239217e-02;7.7500000e+01;1.0224481e-01;7.7500000e+01;1.7849205e-01;7.7500000e+01;2.3569807e-01;7.7500000e+01;2.6933566e-01;7.7500000e+01;3.0322844e-01;7.7500000e+01;2.9830751e-01;7.7500000e+01;2.3384908e-01;7.7500000e+01;1.5811607e-01;7.7500000e+01;9.6990533e-02;7.7500000e+01;4.7122434e-02;7.7500000e+01;2.9313713e-03;7.7500000e+01;-3.9379813e-02;7.7500000e+01;-8.2226232e-02;7.7500000e+01;-1.2448609e-01;7.7500000e+01;-1.6506016e-01;7.7500000e+01;-6.4658932e-02;7.7500000e+01;-2.6944973e-02;7.7500000e+01;3.2239217e-02;7.7500000e+01;1.0224481e-01;7.7500000e+01;1.7849205e-01;7.7500000e+01;2.3569807e-01;7.7500000e+01;2.6933566e-01;7.7500000e+01;3.0322844e-01;7.7500000e+01;2.9830751e-01;7.7500000e+01;2.3384908e-01;7.7500000e+01;1.5811607e-01;7.7500000e+01;9.6990533e-02;7.7500000e+01;4.7122434e-02;7.7500000e+01;2.9313713e-03;7.7500000e+01;-3.9379813e-02;7.7500000e+01;-8.2226232e-02;7.7500000e+01;-1.2448609e-01;7.7500000e+01;-1.6506016e-01;7.7500000e+01;-6.4658932e-02;7.7500000e+01;-2.6944973e-02;7.7500000e+01;3.2239217e-02;7.7500000e+01;1.0224481e-01;7.7500000e+01;1.7849205e-01;7.7500000e+01;2.3569807e-01;7.7500000e+01;2.6933566e-01;7.7500000e+01;3.0322844e-01;7.7500000e+01;2.9830751e-01;7.7500000e+01;2.3384908e-01;7.7500000e+01;1.5811607e-01;7.7500000e+01;9.6990533e-02;7.7500000e+01;4.7122434e-02;7.7500000e+01;2.9313713e-03;7.7500000e+01;-3.9379813e-02;7.7500000e+01;-8.2226232e-02;7.7500000e+01;-1.2448609e-01;7.7500000e+01;-1.6506016e-01;7.7500000e+01;-6.4658932e-02;7.7500000e+01;-2.6944973e-02;7.7500000e+01;3.2239217e-02;7.7500000e+01;1.0224481e-01;7.7500000e+01;1.7849205e-01;7.7500000e+01;2.3569807e-01;7.7500000e+01;2.6933566e-01;7.7500000e+01;3.0322844e-01;7.7500000e+01;2.9830751e-01;7.7500000e+01;2.3384908e-01;7.7500000e+01;1.5811607e-01;7.7500000e+01;9.6990533e-02;7.7500000e+01;4.7122434e-02;7.7500000e+01;2.9313713e-03;7.7500000e+01;-3.9379813e-02;7.7500000e+01;-8.2226232e-02;7.7500000e+01;-1.2448609e-01;7.7500000e+01;-1.6506016e-01;7.7500000e+01;-6.4658932e-02;7.7500000e+01;-2.6944973e-02;7.7500000e+01;3.2239217e-02;7.7500000e+01;1.0224481e-01;7.7500000e+01;1.7849205e-01;7.7500000e+01;2.3569807e-01;7.7500000e+01;2.6933566e-01;7.7500000e+01;3.0322844e-01;7.7500000e+01;2.9830751e-01;7.7500000e+01;2.3384908e-01;7.7500000e+01;1.5811607e-01;7.7500000e+01;9.6990533e-02;7.7500000e+01;4.7122434e-02;7.7500000e+01;2.9313713e-03;7.7500000e+01;-3.9379813e-02;7.7500000e+01;-8.2226232e-02;7.7500000e+01;-1.2448609e-01;7.7500000e+01;-1.6506016e-01;7.7500000e+01;-6.4658932e-02;7.7500000e+01;-2.6944973e-02;7.7500000e+01;3.2239217e-02;7.7500000e+01;1.0224481e-01;7.7500000e+01;1.7849205e-01;7.7500000e+01;2.3569807e-01;7.7500000e+01;2.6933566e-01;7.7500000e+01;3.0322844e-01;7.7500000e+01;2.9830751e-01;7.7500000e+01;2.3384908e-01;7.7500000e+01;1.5811607e-01;7.7500000e+01;9.6990533e-02;7.7500000e+01;4.7122434e-02;7.7500000e+01;2.9313713e-03;7.7500000e+01;-3.9379813e-02;7.7500000e+01;-8.2226232e-02;7.7500000e+01;-1.2448609e-01;7.7500000e+01;-1.6506016e-01;7.7500000e+01;-6.4658932e-02;7.7500000e+01;-2.6944973e-02;7.7500000e+01;3.2239217e-02;7.7500000e+01;1.0224481e-01;7.7500000e+01;1.7849205e-01;7.7500000e+01;2.3569807e-01;7.7500000e+01;2.6933566e-01;7.7500000e+01;3.0322844e-01;7.7500000e+01;2.9830751e-01;7.7500000e+01;2.3384908e-01;7.7500000e+01;1.5811607e-01;7.7500000e+01;9.6990533e-02;7.7500000e+01;4.7122434e-02;7.7500000e+01;2.9313713e-03;7.7500000e+01;-3.9379813e-02;7.7500000e+01;-8.2226232e-02;7.7500000e+01;-1.2448609e-01;7.7500000e+01;-1.6506016e-01;7.7500000e+01;-6.4658932e-02;7.7500000e+01;-2.6944973e-02;7.7500000e+01;3.2239217e-02;7.7500000e+01;1.0224481e-01;7.7500000e+01;1.7849205e-01;7.7500000e+01;2.3569807e-01;7.7500000e+01;2.6933566e-01;7.7500000e+01;3.0322844e-01;7.7500000e+01;2.9830751e-01;7.7500000e+01;2.3384908e-01;7.7500000e+01;1.5811607e-01;7.7500000e+01;9.6990533e-02;7.7500000e+01;4.7122434e-02;7.7500000e+01;2.9313713e-03;7.7500000e+01;-3.9379813e-02;7.7500000e+01;-8.2226232e-02;7.7500000e+01;-1.2448609e-01;7.7500000e+01;-1.6506016e-01;7.7500000e+01;-6.4658932e-02;7.7500000e+01;-2.6944973e-02;7.7500000e+01;3.2239217e-02;7.7500000e+01;1.0224481e-01;7.7500000e+01;1.7849205e-01;7.7500000e+01;2.3569807e-01;7.7500000e+01;2.6933566e-01;7.7500000e+01;3.0322844e-01;7.7500000e+01;2.9830751e-01;7.7500000e+01;2.3384908e-01;7.7500000e+01;1.5811607e-01;7.7500000e+01;9.6990533e-02;7.7500000e+01;4.7122434e-02;7.7500000e+01;2.9313713e-03;7.7500000e+01;-3.9379813e-02;7.7500000e+01;-8.2226232e-02;7.7500000e+01;-1.2448609e-01;7.7500000e+01;-1.6506016e-01;7.7500000e+01;-6.4658932e-02;7.7500000e+01;-2.6944973e-02;7.7500000e+01;3.2239217e-02;7.7500000e+01;1.0224481e-01;7.7500000e+01;1.7849205e-01;7.7500000e+01;2.3569807e-01;7.7500000e+01;2.6933566e-01;7.7500000e+01;3.0322844e-01;7.7500000e+01;2.9830751e-01;7.7500000e+01;2.3384908e-01;7.7500000e+01;1.5811607e-01;7.7500000e+01;9.6990533e-02;7.7500000e+01;4.7122434e-02;7.7500000e+01;2.9313713e-03;7.7500000e+01;-3.9379813e-02;7.7500000e+01;-8.2226232e-02;7.7500000e+01;-1.2448609e-01;7.7500000e+01;-1.6506016e-01;7.7500000e+01;-6.4658932e-02;7.7500000e+01;-2.6944973e-02;7.7500000e+01;3.2239217e-02;7.7500000e+01;1.0224481e-01;7.7500000e+01;1.7849205e-01;7.7500000e+01;2.3569807e-01;7.7500000e+01;2.6933566e-01;7.7500000e+01;3.0322844e-01;7.7500000e+01;2.9830751e-01;7.7500000e+01;2.3384908e-01;7.7500000e+01;1.5811607e-01;7.7500000e+01;9.6990533e-02;7.7500000e+01;4.7122434e-02;7.7500000e+01;2.9313713e-03;7.7500000e+01;-3.9379813e-02;7.7500000e+01;-8.2226232e-02;7.7500000e+01;-1.2448609e-01;7.7500000e+01;-1.6506016e-01;7.7500000e+01;-6.4658932e-02;7.7500000e+01;-2.6944973e-02;7.7500000e+01;3.2239217e-02;7.7500000e+01;1.0224481e-01;7.7500000e+01;1.7849205e-01;7.7500000e+01;2.3569807e-01;7.7500000e+01;2.6933566e-01;7.7500000e+01;3.0322844e-01;7.7500000e+01;2.9830751e-01;7.7500000e+01;2.3384908e-01;7.7500000e+01;1.5811607e-01;7.7500000e+01;9.6990533e-02;7.7500000e+01;4.7122434e-02;7.7500000e+01;2.9313713e-03;7.7500000e+01;-3.9379813e-02;7.7500000e+01;-8.2226232e-02;7.7500000e+01;-1.2448609e-01;7.7500000e+01;-1.6506016e-01;7.7500000e+01;-6.4658932e-02;7.7500000e+01;-2.6944973e-02;7.7500000e+01;3.2239217e-02;7.7500000e+01;1.0224481e-01;7.7500000e+01;1.7849205e-01;7.7500000e+01;2.3569807e-01;7.7500000e+01;2.6933566e-01;7.7500000e+01;3.0322844e-01;7.7500000e+01;2.9830751e-01;7.7500000e+01;2.3384908e-01;7.7500000e+01;1.5811607e-01;7.7500000e+01;9.6990533e-02;7.7500000e+01;4.7122434e-02;7.7500000e+01;2.9313713e-03;7.7500000e+01;-3.9379813e-02;7.7500000e+01;-8.2226232e-02;7.7500000e+01;-1.2448609e-01;7.7500000e+01;-1.6506016e-01;7.7500000e+01;-6.4658932e-02;7.7500000e+01;-2.6944973e-02;7.7500000e+01;3.2239217e-02;7.7500000e+01;1.0224481e-01;7.7500000e+01;1.7849205e-01;7.7500000e+01;2.3569807e-01;7.7500000e+01;2.6933566e-01;7.7500000e+01;3.0322844e-01;7.7500000e+01;2.9830751e-01;7.7500000e+01;2.3384908e-01;7.7500000e+01;1.5811607e-01;7.7500000e+01;9.6990533e-02;7.7500000e+01;4.7122434e-02;7.7500000e+01;2.9313713e-03;7.7500000e+01;-3.9379813e-02;7.7500000e+01;-8.2226232e-02;7.7500000e+01;-1.2448609e-01;7.7500000e+01;-1.6506016e-01;7.7500000e+01;-6.4658932e-02;7.7500000e+01;-2.6944973e-02;7.7500000e+01;3.2239217e-02;7.7500000e+01;1.0224481e-01;7.7500000e+01;1.7849205e-01;7.7500000e+01;2.3569807e-01;7.7500000e+01;2.6933566e-01;7.7500000e+01;3.0322844e-01;7.7500000e+01;2.9830751e-01;7.7500000e+01;2.3384908e-01;7.7500000e+01;1.5811607e-01;7.7500000e+01;9.6990533e-02;7.7500000e+01;4.7122434e-02;7.7500000e+01;2.9313713e-03;7.7500000e+01;-3.9379813e-02;7.7500000e+01;-8.2226232e-02;7.7500000e+01;-1.2448609e-01;7.7500000e+01;-1.6506016e-01;7.7500000e+01;-6.4658932e-02;7.7500000e+01;-2.6944973e-02;7.7500000e+01;3.2239217e-02;7.7500000e+01;1.0224481e-01;7.7500000e+01;1.7849205e-01;7.7500000e+01;2.3569807e-01;7.7500000e+01;2.6933566e-01;7.7500000e+01;3.0322844e-01;7.7500000e+01;2.9830751e-01;7.7500000e+01;2.3384908e-01;7.7500000e+01;1.5811607e-01;7.7500000e+01;9.6990533e-02;7.7500000e+01;4.7122434e-02;7.7500000e+01;2.9313713e-03;7.7500000e+01;-3.9379813e-02;7.7500000e+01;-8.2226232e-02;7.7500000e+01;-1.2448609e-01;7.7500000e+01;-1.6506016e-01;7.7500000e+01;-6.4658932e-02;7.7500000e+01;-2.6944973e-02;7.7500000e+01;3.2239217e-02;7.7500000e+01;1.0224481e-01;7.7500000e+01;1.7849205e-01;7.7500000e+01;2.3569807e-01;7.7500000e+01;2.6933566e-01;7.7500000e+01;3.0322844e-01;7.7500000e+01;2.9830751e-01;7.7500000e+01;2.3384908e-01;7.7500000e+01;1.5811607e-01;7.7500000e+01;9.6990533e-02;7.7500000e+01;4.7122434e-02;7.7500000e+01;2.9313713e-03;7.7500000e+01;-3.9379813e-02;7.7500000e+01;-8.2226232e-02;7.7500000e+01;-1.2448609e-01;7.7500000e+01;-1.6506016e-01;7.7500000e+01;-6.4658932e-02;7.7500000e+01;-2.6944973e-02;7.7500000e+01;3.2239217e-02;7.7500000e+01;1.0224481e-01;7.7500000e+01;1.7849205e-01;7.7500000e+01;2.3569807e-01;7.7500000e+01;2.6933566e-01;7.7500000e+01;3.0322844e-01;7.7500000e+01;2.9830751e-01;7.7500000e+01;2.3384908e-01;7.7500000e+01;1.5811607e-01;7.7500000e+01;9.6990533e-02;7.7500000e+01;4.7122434e-02;7.7500000e+01;2.9313713e-03;7.7500000e+01;-3.9379813e-02;7.7500000e+01;-8.2226232e-02;7.7500000e+01;-1.2448609e-01;7.7500000e+01;-1.6506016e-01;7.7500000e+01;-6.4658932e-02;7.7500000e+01;-2.6944973e-02;7.7500000e+01;3.2239217e-02;7.7500000e+01;1.0224481e-01;7.7500000e+01;1.7849205e-01;7.7500000e+01;2.3569807e-01;7.7500000e+01;2.6933566e-01;7.7500000e+01;3.0322844e-01;7.7500000e+01;2.9830751e-01;7.7500000e+01;2.3384908e-01;7.7500000e+01;1.5811607e-01;7.7500000e+01;9.6990533e-02;7.7500000e+01;4.7122434e-02;7.7500000e+01;2.9313713e-03;7.7500000e+01;-3.9379813e-02;7.7500000e+01;-8.2226232e-02;7.7500000e+01;-1.2448609e-01;7.7500000e+01;-1.6506016e-01;7.7500000e+01;-6.4658932e-02;7.7500000e+01;-2.6944973e-02;7.7500000e+01;3.2239217e-02;7.7500000e+01;1.0224481e-01;7.7500000e+01;1.7849205e-01;7.7500000e+01;2.3569807e-01;7.7500000e+01;2.6933566e-01;7.7500000e+01;3.0322844e-01;7.7500000e+01;2.9830751e-01;7.7500000e+01;2.3384908e-01;7.7500000e+01;1.5811607e-01;7.7500000e+01;9.6990533e-02;7.7500000e+01;4.7122434e-02;7.7500000e+01;2.9313713e-03;7.7500000e+01;-3.9379813e-02;7.7500000e+01;-8.2226232e-02;7.7500000e+01;-1.2448609e-01;7.7500000e+01;-1.6506016e-01;7.7500000e+01;-6.4658932e-02;7.7500000e+01;-2.6944973e-02;7.7500000e+01;3.2239217e-02;7.7500000e+01;1.0224481e-01;7.7500000e+01;1.7849205e-01;7.7500000e+01;2.3569807e-01;7.7500000e+01;2.6933566e-01;7.7500000e+01;3.0322844e-01;7.7500000e+01;2.9830751e-01;7.7500000e+01;2.3384908e-01;7.7500000e+01;1.5811607e-01;7.7500000e+01;9.6990533e-02;7.7500000e+01;4.7122434e-02;7.7500000e+01;2.9313713e-03;7.7500000e+01;-3.9379813e-02;7.7500000e+01;-8.2226232e-02;7.7500000e+01;-1.2448609e-01;7.7500000e+01;-1.6506016e-01;7.7500000e+01;-6.4658932e-02;7.7500000e+01;-2.6944973e-02;7.7500000e+01;3.2239217e-02;7.7500000e+01;1.0224481e-01;7.7500000e+01;1.7849205e-01;7.7500000e+01;2.3569807e-01;7.7500000e+01;2.6933566e-01;7.7500000e+01;3.0322844e-01;7.7500000e+01;2.9830751e-01;7.7500000e+01;2.3384908e-01;7.7500000e+01;1.5811607e-01;7.7500000e+01;9.6990533e-02;7.7500000e+01;4.7122434e-02;7.7500000e+01;2.9313713e-03;7.7500000e+01;-3.9379813e-02;7.7500000e+01;-8.2226232e-02;7.7500000e+01;-1.2448609e-01;7.7500000e+01;-1.6506016e-01;7.7500000e+01;-6.4658932e-02;7.7500000e+01;-2.6944973e-02;7.7500000e+01;3.2239217e-02;7.7500000e+01;1.0224481e-01;7.7500000e+01;1.7849205e-01;7.7500000e+01;2.3569807e-01;7.7500000e+01;2.6933566e-01;7.7500000e+01;3.0322844e-01;7.7500000e+01;2.9830751e-01;7.7500000e+01;2.3384908e-01;7.7500000e+01;1.5811607e-01;7.7500000e+01;9.6990533e-02;7.7500000e+01;4.7122434e-02;7.7500000e+01;2.9313713e-03;7.7500000e+01;-3.9379813e-02;7.7500000e+01;-8.2226232e-02;7.7500000e+01;-1.2448609e-01;7.7500000e+01;-1.6506016e-01;7.7500000e+01;-6.4658932e-02;7.7500000e+01;-2.6944973e-02;7.7500000e+01;3.2239217e-02;7.7500000e+01;1.0224481e-01;7.7500000e+01;1.7849205e-01;7.7500000e+01;2.3569807e-01;7.7500000e+01;2.6933566e-01;7.7500000e+01;3.0322844e-01;7.7500000e+01;2.9830751e-01;7.7500000e+01;2.3384908e-01;7.7500000e+01;1.5811607e-01;7.7500000e+01;9.6990533e-02;7.7500000e+01;4.7122434e-02;7.7500000e+01;2.9313713e-03;7.7500000e+01;-3.9379813e-02;7.7500000e+01;-8.2226232e-02;7.7500000e+01;-1.2448609e-01;7.7500000e+01;-1.6506016e-01;7.7500000e+01;-6.4658932e-02;7.7500000e+01;-2.6944973e-02;7.7500000e+01;3.2239217e-02;7.7500000e+01;1.0224481e-01;7.7500000e+01;1.7849205e-01;7.7500000e+01;2.3569807e-01;7.7500000e+01;2.6933566e-01;7.7500000e+01;3.0322844e-01;7.7500000e+01;2.9830751e-01;7.7500000e+01;2.3384908e-01;7.7500000e+01;1.5811607e-01;7.7500000e+01;9.6990533e-02;7.7500000e+01;4.7122434e-02;7.7500000e+01;2.9313713e-03;7.7500000e+01;-3.9379813e-02;7.7500000e+01;-8.2226232e-02;7.7500000e+01;-1.2448609e-01;7.7500000e+01;-1.6506016e-01;7.7500000e+01;-6.4658932e-02;7.7500000e+01;-2.6944973e-02;7.7500000e+01;3.2239217e-02;7.7500000e+01;1.0224481e-01;7.7500000e+01;1.7849205e-01;7.7500000e+01;2.3569807e-01;7.7500000e+01;2.6933566e-01;7.7500000e+01;3.0322844e-01;7.7500000e+01;2.9830751e-01;7.7500000e+01;2.3384908e-01;7.7500000e+01;1.5811607e-01;7.7500000e+01;9.6990533e-02;7.7500000e+01;4.7122434e-02;7.7500000e+01;2.9313713e-03;7.7500000e+01;-3.9379813e-02;7.7500000e+01;-8.2226232e-02;7.7500000e+01;-1.2448609e-01;7.7500000e+01;-1.6506016e-01;7.7500000e+01;-6.4658932e-02;7.7500000e+01;-2.6944973e-02;7.7500000e+01;3.2239217e-02;7.7500000e+01;1.0224481e-01;7.7500000e+01;1.7849205e-01;7.7500000e+01;2.3569807e-01;7.7500000e+01;2.6933566e-01;7.7500000e+01;3.0322844e-01;7.7500000e+01;2.9830751e-01;7.7500000e+01;2.3384908e-01;7.7500000e+01;1.5811607e-01;7.7500000e+01;9.6990533e-02;7.7500000e+01;4.7122434e-02;7.7500000e+01;2.9313713e-03;7.7500000e+01;-3.9379813e-02;7.7500000e+01;-8.2226232e-02;7.7500000e+01;-1.2448609e-01;7.7500000e+01;-1.6506016e-01;7.7500000e+01;-6.4658932e-02;7.7500000e+01;-2.6944973e-02;7.7500000e+01;3.2239217e-02;7.7500000e+01;1.0224481e-01;7.7500000e+01;1.7849205e-01;7.7500000e+01;2.3569807e-01;7.7500000e+01;2.6933566e-01;7.7500000e+01;3.0322844e-01;7.7500000e+01;2.9830751e-01;7.7500000e+01;2.3384908e-01;7.7500000e+01;1.5811607e-01;7.7500000e+01;9.6990533e-02;7.7500000e+01;4.7122434e-02;7.7500000e+01;2.9313713e-03;7.7500000e+01;-3.9379813e-02;7.7500000e+01;-8.2226232e-02;7.7500000e+01;-1.2448609e-01;7.7500000e+01;-1.6506016e-01;7.7500000e+01;-6.4658932e-02;7.7500000e+01;-2.6944973e-02;7.7500000e+01;3.2239217e-02;7.7500000e+01;1.0224481e-01;7.7500000e+01;1.7849205e-01;7.7500000e+01;2.3569807e-01;7.7500000e+01;2.6933566e-01;7.7500000e+01;3.0322844e-01;7.7500000e+01;2.9830751e-01;7.7500000e+01;2.3384908e-01;7.7500000e+01;1.5811607e-01;7.7500000e+01;9.6990533e-02;7.7500000e+01;4.7122434e-02;7.7500000e+01;2.9313713e-03;7.7500000e+01;-3.9379813e-02;7.7500000e+01;-8.2226232e-02;7.7500000e+01;-1.2448609e-01;7.7500000e+01;-1.6506016e-01;7.7500000e+01;-6.4658932e-02;7.7500000e+01;-2.6944973e-02;7.7500000e+01;3.2239217e-02;7.7500000e+01;1.0224481e-01;7.7500000e+01;1.7849205e-01;7.7500000e+01;2.3569807e-01;7.7500000e+01;2.6933566e-01;7.7500000e+01;3.0322844e-01;7.7500000e+01;2.9830751e-01;7.7500000e+01;2.3384908e-01;7.7500000e+01;1.5811607e-01;7.7500000e+01;9.6990533e-02;7.7500000e+01;4.7122434e-02;7.7500000e+01;2.9313713e-03;7.7500000e+01;-3.9379813e-02;7.7500000e+01;-8.2226232e-02;7.7500000e+01;-1.2448609e-01;7.7500000e+01;-1.6506016e-01;7.7500000e+01;-6.4658932e-02;7.7500000e+01;-2.6944973e-02;7.7500000e+01;3.2239217e-02;7.7500000e+01;1.0224481e-01;7.7500000e+01;1.7849205e-01;7.7500000e+01;2.3569807e-01;7.7500000e+01;2.6933566e-01;7.7500000e+01;3.0322844e-01;7.7500000e+01;2.9830751e-01;7.7500000e+01;2.3384908e-01;7.7500000e+01;1.5811607e-01;7.7500000e+01;9.6990533e-02;7.7500000e+01;4.7122434e-02;7.7500000e+01;2.9313713e-03;7.7500000e+01;-3.9379813e-02;7.7500000e+01;-8.2226232e-02;7.7500000e+01;-1.2448609e-01;7.7500000e+01;-1.6506016e-01;7.7500000e+01;-6.4658932e-02;7.7500000e+01;-2.6944973e-02;7.7500000e+01;3.2239217e-02;7.7500000e+01;1.0224481e-01;7.7500000e+01;1.7849205e-01;7.7500000e+01;2.3569807e-01;7.7500000e+01;2.6933566e-01;7.7500000e+01;3.0322844e-01;7.7500000e+01;2.9830751e-01;7.7500000e+01;2.3384908e-01;7.7500000e+01;1.5811607e-01;7.7500000e+01;9.6990533e-02;7.7500000e+01;4.7122434e-02;7.7500000e+01;2.9313713e-03;7.7500000e+01;-3.9379813e-02;7.7500000e+01;-8.2226232e-02;7.7500000e+01;-1.2448609e-01;7.7500000e+01;-1.6506016e-01;7.7500000e+01;-6.4658932e-02;7.7500000e+01;-2.6944973e-02;7.7500000e+01;3.2239217e-02;7.7500000e+01;1.0224481e-01;7.7500000e+01;1.7849205e-01;7.7500000e+01;2.3569807e-01;7.7500000e+01;2.6933566e-01;7.7500000e+01;3.0322844e-01;7.7500000e+01;2.9830751e-01;7.7500000e+01;2.3384908e-01;7.7500000e+01;1.5811607e-01;7.7500000e+01;9.6990533e-02;7.7500000e+01;4.7122434e-02;7.7500000e+01;2.9313713e-03;7.7500000e+01;-3.9379813e-02;7.7500000e+01;-8.2226232e-02;7.7500000e+01;-1.2448609e-01;7.7500000e+01;-1.6506016e-01;7.7500000e+01;-6.4658932e-02;7.7500000e+01;-2.6944973e-02;7.7500000e+01;3.2239217e-02;7.7500000e+01;1.0224481e-01;7.7500000e+01;1.7849205e-01;7.7500000e+01;2.3569807e-01;7.7500000e+01;2.6933566e-01;7.7500000e+01;3.0322844e-01;7.7500000e+01;2.9830751e-01;7.7500000e+01;2.3384908e-01;7.7500000e+01;1.5811607e-01;7.7500000e+01;9.6990533e-02;7.7500000e+01;4.7122434e-02;7.7500000e+01;2.9313713e-03;7.7500000e+01;-3.9379813e-02;7.7500000e+01;-8.2226232e-02;7.7500000e+01;-1.2448609e-01;7.7500000e+01;-1.6506016e-01;7.7500000e+01;-6.4658932e-02;7.7500000e+01;-2.6944973e-02;7.7500000e+01;3.2239217e-02;7.7500000e+01;1.0224481e-01;7.7500000e+01;1.7849205e-01;7.7500000e+01;2.3569807e-01;7.7500000e+01;2.6933566e-01;7.7500000e+01;3.0322844e-01;7.7500000e+01;2.9830751e-01;7.7500000e+01;2.3384908e-01;7.7500000e+01;1.5811607e-01;7.7500000e+01;9.6990533e-02;7.7500000e+01;4.7122434e-02;7.7500000e+01;2.9313713e-03;7.7500000e+01;-3.9379813e-02;7.7500000e+01;-8.2226232e-02;7.7500000e+01;-1.2448609e-01;7.7500000e+01;-1.6506016e-01;7.7500000e+01;-6.4658932e-02;7.7500000e+01;-2.6944973e-02;7.7500000e+01;3.2239217e-02;7.7500000e+01;1.0224481e-01;7.7500000e+01;1.7849205e-01;7.7500000e+01;2.3569807e-01;7.7500000e+01;2.6933566e-01;7.7500000e+01;3.0322844e-01;7.7500000e+01;2.9830751e-01;7.7500000e+01;2.3384908e-01;7.7500000e+01;1.5811607e-01;7.7500000e+01;9.6990533e-02;7.7500000e+01;4.7122434e-02;7.7500000e+01;2.9313713e-03;7.7500000e+01;-3.9379813e-02;7.7500000e+01;-8.2226232e-02;7.7500000e+01;-1.2448609e-01;7.7500000e+01;-1.6506016e-01;7.7500000e+01;-6.4658932e-02;7.7500000e+01;-2.6944973e-02;7.7500000e+01;3.2239217e-02;7.7500000e+01;1.0224481e-01;7.7500000e+01;1.7849205e-01;7.7500000e+01;2.3569807e-01;7.7500000e+01;2.6933566e-01;7.7500000e+01;3.0322844e-01;7.7500000e+01;2.9830751e-01;7.7500000e+01;2.3384908e-01;7.7500000e+01;1.5811607e-01;7.7500000e+01;9.6990533e-02;7.7500000e+01;4.7122434e-02;7.7500000e+01;2.9313713e-03;7.7500000e+01;-3.9379813e-02;7.7500000e+01;-8.2226232e-02;7.7500000e+01;-1.2448609e-01;7.7500000e+01;-1.6506016e-01;7.7500000e+01;-6.4658932e-02;7.7500000e+01;-2.6944973e-02;7.7500000e+01;3.2239217e-02;7.7500000e+01;1.0224481e-01;7.7500000e+01;1.7849205e-01;7.7500000e+01;2.3569807e-01;7.7500000e+01;2.6933566e-01;7.7500000e+01;3.0322844e-01;7.7500000e+01;2.9830751e-01;7.7500000e+01;2.3384908e-01;7.7500000e+01;1.5811607e-01;7.7500000e+01;9.6990533e-02;7.7500000e+01;4.7122434e-02;7.7500000e+01;2.9313713e-03;7.7500000e+01;-3.9379813e-02;7.7500000e+01;-8.2226232e-02;7.7500000e+01;-1.2448609e-01;7.7500000e+01;-1.6506016e-01;7.7500000e+01;-6.4658932e-02;7.7500000e+01;-2.6944973e-02;7.7500000e+01;3.2239217e-02;7.7500000e+01;1.0224481e-01;7.7500000e+01;1.7849205e-01;7.7500000e+01;2.3569807e-01;7.7500000e+01;2.6933566e-01;7.7500000e+01;3.0322844e-01;7.7500000e+01;2.9830751e-01;7.7500000e+01;2.3384908e-01;7.7500000e+01;1.5811607e-01;7.7500000e+01;9.6990533e-02;7.7500000e+01;4.7122434e-02;7.7500000e+01;2.9313713e-03;7.7500000e+01;-3.9379813e-02;7.7500000e+01;-8.2226232e-02;7.7500000e+01;-1.2448609e-01;7.7500000e+01;-1.6506016e-01;7.7500000e+01;-6.4658932e-02;7.7500000e+01;-2.6944973e-02;7.7500000e+01;3.2239217e-02;7.7500000e+01;1.0224481e-01;7.7500000e+01;1.7849205e-01;7.7500000e+01;2.3569807e-01;7.7500000e+01;2.6933566e-01;7.7500000e+01;3.0322844e-01;7.7500000e+01;2.9830751e-01;7.7500000e+01;2.3384908e-01;7.7500000e+01;1.5811607e-01;7.7500000e+01;9.6990533e-02;7.7500000e+01;4.7122434e-02;7.7500000e+01;2.9313713e-03;7.7500000e+01;-3.9379813e-02;7.7500000e+01;-8.2226232e-02;7.7500000e+01;-1.2448609e-01;7.7500000e+01;-1.6506016e-01;7.7500000e+01;-6.4658932e-02;7.7500000e+01;-2.6944973e-02;7.7500000e+01;3.2239217e-02;7.7500000e+01;1.0224481e-01;7.7500000e+01;1.7849205e-01;7.7500000e+01;2.3569807e-01;7.7500000e+01;2.6933566e-01;7.7500000e+01;3.0322844e-01;7.7500000e+01;2.9830751e-01;7.7500000e+01;2.3384908e-01;7.7500000e+01;1.5811607e-01;7.7500000e+01;9.6990533e-02;7.7500000e+01;4.7122434e-02;7.7500000e+01;2.9313713e-03;7.7500000e+01;-3.9379813e-02;7.7500000e+01;-8.2226232e-02;7.7500000e+01;-1.2448609e-01;7.7500000e+01;-1.6506016e-01;7.7500000e+01;-6.4658932e-02;7.7500000e+01;-2.6944973e-02;7.7500000e+01;3.2239217e-02;7.7500000e+01;1.0224481e-01;7.7500000e+01;1.7849205e-01;7.7500000e+01;2.3569807e-01;7.7500000e+01;2.6933566e-01;7.7500000e+01;3.0322844e-01;7.7500000e+01;2.9830751e-01;7.7500000e+01;2.3384908e-01;7.7500000e+01;1.5811607e-01;7.7500000e+01;9.6990533e-02;7.7500000e+01;4.7122434e-02;7.7500000e+01;2.9313713e-03;7.7500000e+01;-3.9379813e-02;7.7500000e+01;-8.2226232e-02;7.7500000e+01;-1.2448609e-01;7.7500000e+01;-1.6506016e-01;7.7500000e+01;-6.4658932e-02;7.7500000e+01;-2.6944973e-02;7.7500000e+01;3.2239217e-02;7.7500000e+01;1.0224481e-01;7.7500000e+01;1.7849205e-01;7.7500000e+01;2.3569807e-01;7.7500000e+01;2.6933566e-01;7.7500000e+01;3.0322844e-01;7.7500000e+01;2.9830751e-01;7.7500000e+01;2.3384908e-01;7.7500000e+01;1.5811607e-01;7.7500000e+01;9.6990533e-02;7.7500000e+01;4.7122434e-02;7.7500000e+01;2.9313713e-03;7.7500000e+01;-3.9379813e-02;7.7500000e+01;-8.2226232e-02;7.7500000e+01;-1.2448609e-01;7.7500000e+01;-1.6506016e-01;7.7500000e+01;-6.4658932e-02;7.7500000e+01;-2.6944973e-02;7.7500000e+01;3.2239217e-02;7.7500000e+01;1.0224481e-01;7.7500000e+01;1.7849205e-01;7.7500000e+01;2.3569807e-01;7.7500000e+01;2.6933566e-01;7.7500000e+01;3.0322844e-01;7.7500000e+01;2.9830751e-01;7.7500000e+01;2.3384908e-01;7.7500000e+01;1.5811607e-01;7.7500000e+01;9.6990533e-02;7.7500000e+01;4.7122434e-02;7.7500000e+01;2.9313713e-03;7.7500000e+01;-3.9379813e-02;7.7500000e+01;-8.2226232e-02;7.7500000e+01;-1.2448609e-01;7.7500000e+01;-1.6506016e-01;7.7500000e+01;-6.4658932e-02;7.7500000e+01;-2.6944973e-02;7.7500000e+01;3.2239217e-02;7.7500000e+01;1.0224481e-01;7.7500000e+01;1.7849205e-01;7.7500000e+01;2.3569807e-01;7.7500000e+01;2.6933566e-01;7.7500000e+01;3.0322844e-01;7.7500000e+01;2.9830751e-01;7.7500000e+01;2.3384908e-01;7.7500000e+01;1.5811607e-01;7.7500000e+01;9.6990533e-02;7.7500000e+01;4.7122434e-02;7.7500000e+01;2.9313713e-03;7.7500000e+01;-3.9379813e-02;7.7500000e+01;-8.2226232e-02;7.7500000e+01;-1.2448609e-01;7.7500000e+01;-1.6506016e-01;7.7500000e+01;-6.4658932e-02;7.7500000e+01;-2.6944973e-02;7.7500000e+01;3.2239217e-02;7.7500000e+01;1.0224481e-01;7.7500000e+01;1.7849205e-01;7.7500000e+01;2.3569807e-01;7.7500000e+01;2.6933566e-01;7.7500000e+01;3.0322844e-01;7.7500000e+01;2.9830751e-01;7.7500000e+01;2.3384908e-01;7.7500000e+01;1.5811607e-01;7.7500000e+01;9.6990533e-02;7.7500000e+01;4.7122434e-02;7.7500000e+01;2.9313713e-03;7.7500000e+01;-3.9379813e-02;7.7500000e+01;-8.2226232e-02;7.7500000e+01;-1.2448609e-01;7.7500000e+01;-1.6506016e-01;7.7500000e+01;-6.4658932e-02;7.7500000e+01;-2.6944973e-02;7.7500000e+01;3.2239217e-02;7.7500000e+01;1.0224481e-01;7.7500000e+01;1.7849205e-01;7.7500000e+01;2.3569807e-01;7.7500000e+01;2.6933566e-01;7.7500000e+01;3.0322844e-01;7.7500000e+01;2.9830751e-01;7.7500000e+01;2.3384908e-01;7.7500000e+01;1.5811607e-01;7.7500000e+01;9.6990533e-02;7.7500000e+01;4.7122434e-02;7.7500000e+01;2.9313713e-03;7.7500000e+01;-3.9379813e-02;7.7500000e+01;-8.2226232e-02;7.7500000e+01;-1.2448609e-01;7.7500000e+01;-1.6506016e-01;7.7500000e+01;-6.4658932e-02;7.7500000e+01;-2.6944973e-02;7.7500000e+01;3.2239217e-02;7.7500000e+01;1.0224481e-01;7.7500000e+01;1.7849205e-01;7.7500000e+01;2.3569807e-01;7.7500000e+01;2.6933566e-01;7.7500000e+01;3.0322844e-01;7.7500000e+01;2.9830751e-01;7.7500000e+01;2.3384908e-01;7.7500000e+01;1.5811607e-01;7.7500000e+01;9.6990533e-02;7.7500000e+01;4.7122434e-02;7.7500000e+01;2.9313713e-03;7.7500000e+01;-3.9379813e-02;7.7500000e+01;-8.2226232e-02;7.7500000e+01;-1.2448609e-01;7.7500000e+01;-1.6506016e-01;7.7500000e+01;-6.4658932e-02;7.7500000e+01;-2.6944973e-02;7.7500000e+01;3.2239217e-02;7.7500000e+01;1.0224481e-01;7.7500000e+01;1.7849205e-01;7.7500000e+01;2.3569807e-01;7.7500000e+01;2.6933566e-01;7.7500000e+01;3.0322844e-01;7.7500000e+01;2.9830751e-01;7.7500000e+01;2.3384908e-01;7.7500000e+01;1.5811607e-01;7.7500000e+01;9.6990533e-02;7.7500000e+01;4.7122434e-02;7.7500000e+01;2.9313713e-03;7.7500000e+01;-3.9379813e-02;7.7500000e+01;-8.2226232e-02;7.7500000e+01;-1.2448609e-01;7.7500000e+01;-1.6506016e-01;7.7500000e+01;-6.4658932e-02;7.7500000e+01;-2.6944973e-02;7.7500000e+01;3.2239217e-02;7.7500000e+01;1.0224481e-01;7.7500000e+01;1.7849205e-01;7.7500000e+01;2.3569807e-01;7.7500000e+01;2.6933566e-01;7.7500000e+01;3.0322844e-01;7.7500000e+01;2.9830751e-01;7.7500000e+01;2.3384908e-01;7.7500000e+01;1.5811607e-01;7.7500000e+01;9.6990533e-02;7.7500000e+01;4.7122434e-02;7.7500000e+01;2.9313713e-03;7.7500000e+01;-3.9379813e-02;7.7500000e+01;-8.2226232e-02;7.7500000e+01;-1.2448609e-01;7.7500000e+01;-1.6506016e-01;7.7500000e+01;-6.4658932e-02;7.7500000e+01;-2.6944973e-02;7.7500000e+01;3.2239217e-02;7.7500000e+01;1.0224481e-01;7.7500000e+01;1.7849205e-01;7.7500000e+01;2.3569807e-01;7.7500000e+01;2.6933566e-01;7.7500000e+01;3.0322844e-01;7.7500000e+01;2.9830751e-01;7.7500000e+01;2.3384908e-01;7.7500000e+01;1.5811607e-01;7.7500000e+01;9.6990533e-02;7.7500000e+01;4.7122434e-02;7.7500000e+01;2.9313713e-03;7.7500000e+01;-3.9379813e-02;7.7500000e+01;-8.2226232e-02;7.7500000e+01;-1.2448609e-01;7.7500000e+01;-1.6506016e-01;7.7500000e+01;-6.4658932e-02;7.7500000e+01;-2.6944973e-02;7.7500000e+01;3.2239217e-02;7.7500000e+01;1.0224481e-01;7.7500000e+01;1.7849205e-01;7.7500000e+01;2.3569807e-01;7.7500000e+01;2.6933566e-01;7.7500000e+01;3.0322844e-01;7.7500000e+01;2.9830751e-01;7.7500000e+01;2.3384908e-01;7.7500000e+01;1.5811607e-01;7.7500000e+01;9.6990533e-02;7.7500000e+01;4.7122434e-02;7.7500000e+01;2.9313713e-03;7.7500000e+01;-3.9379813e-02;7.7500000e+01;-8.2226232e-02;7.7500000e+01;-1.2448609e-01;7.7500000e+01;-1.6506016e-01;7.7500000e+01;-6.4658932e-02;7.7500000e+01;-2.6944973e-02;7.7500000e+01;3.2239217e-02;7.7500000e+01;1.0224481e-01;7.7500000e+01;1.7849205e-01;7.7500000e+01;2.3569807e-01;7.7500000e+01;2.6933566e-01;7.7500000e+01;3.0322844e-01;7.7500000e+01;2.9830751e-01;7.7500000e+01;2.3384908e-01;7.7500000e+01;1.5811607e-01;7.7500000e+01;9.6990533e-02;7.7500000e+01;4.7122434e-02;7.7500000e+01;2.9313713e-03;7.7500000e+01;-3.9379813e-02;7.7500000e+01;-8.2226232e-02;7.7500000e+01;-1.2448609e-01;7.7500000e+01;-1.6506016e-01;7.7500000e+01;-6.4658932e-02;7.7500000e+01;-2.6944973e-02;7.7500000e+01;3.2239217e-02;7.7500000e+01;1.0224481e-01;7.7500000e+01;1.7849205e-01;7.7500000e+01;2.3569807e-01;7.7500000e+01;2.6933566e-01;7.7500000e+01;3.0322844e-01;7.7500000e+01;2.9830751e-01;7.7500000e+01;2.3384908e-01;7.7500000e+01;1.5811607e-01;7.7500000e+01;9.6990533e-02;7.7500000e+01;4.7122434e-02;7.7500000e+01;2.9313713e-03;7.7500000e+01;-3.9379813e-02;7.7500000e+01;-8.2226232e-02;7.7500000e+01;-1.2448609e-01;7.7500000e+01;-1.6506016e-01;7.7500000e+01;-6.4658932e-02;7.7500000e+01;-2.6944973e-02;7.7500000e+01;3.2239217e-02;7.7500000e+01;1.0224481e-01;7.7500000e+01;1.7849205e-01;7.7500000e+01;2.3569807e-01;7.7500000e+01;2.6933566e-01;7.7500000e+01;3.0322844e-01;7.7500000e+01;2.9830751e-01;7.7500000e+01;2.3384908e-01;7.7500000e+01;1.5811607e-01;7.7500000e+01;9.6990533e-02;7.7500000e+01;4.7122434e-02;7.7500000e+01;2.9313713e-03;7.7500000e+01;-3.9379813e-02;7.7500000e+01;-8.2226232e-02;7.7500000e+01;-1.2448609e-01;7.7500000e+01;-1.6506016e-01;7.7500000e+01;-6.4658932e-02;7.7500000e+01;-2.6944973e-02;7.7500000e+01;3.2239217e-02;7.7500000e+01;1.0224481e-01;7.7500000e+01;1.7849205e-01;7.7500000e+01;2.3569807e-01;7.7500000e+01;2.6933566e-01;7.7500000e+01;3.0322844e-01;7.7500000e+01;2.9830751e-01;7.7500000e+01;2.3384908e-01;7.7500000e+01;1.5811607e-01;7.7500000e+01;9.6990533e-02;7.7500000e+01;4.7122434e-02;7.7500000e+01;2.9313713e-03;7.7500000e+01;-3.9379813e-02;7.7500000e+01;-8.2226232e-02;7.7500000e+01;-1.2448609e-01;7.7500000e+01;-1.6506016e-01;7.7500000e+01;-6.4658932e-02;7.7500000e+01;-2.6944973e-02;7.7500000e+01;3.2239217e-02;7.7500000e+01;1.0224481e-01;7.7500000e+01;1.7849205e-01;7.7500000e+01;2.3569807e-01;7.7500000e+01;2.6933566e-01;7.7500000e+01;3.0322844e-01;7.7500000e+01;2.9830751e-01;7.7500000e+01;2.3384908e-01;7.7500000e+01;1.5811607e-01;7.7500000e+01;9.6990533e-02;7.7500000e+01;4.7122434e-02;7.7500000e+01;2.9313713e-03;7.7500000e+01;-3.9379813e-02;7.7500000e+01;-8.2226232e-02;7.7500000e+01;-1.2448609e-01;7.7500000e+01;-1.6506016e-01;7.7500000e+01;-6.4658932e-02;7.7500000e+01;-2.6944973e-02;7.7500000e+01;3.2239217e-02;7.7500000e+01;1.0224481e-01;7.7500000e+01;1.7849205e-01;7.7500000e+01;2.3569807e-01;7.7500000e+01;2.6933566e-01;7.7500000e+01;3.0322844e-01;7.7500000e+01;2.9830751e-01;7.7500000e+01;2.3384908e-01;7.7500000e+01;1.5811607e-01;7.7500000e+01;9.6990533e-02;7.7500000e+01;4.7122434e-02;7.7500000e+01;2.9313713e-03;7.7500000e+01;-3.9379813e-02;7.7500000e+01;-8.2226232e-02;7.7500000e+01;-1.2448609e-01;7.7500000e+01;-1.6506016e-01;7.7500000e+01;-6.4658932e-02;7.7500000e+01;-2.6944973e-02;7.7500000e+01;3.2239217e-02;7.7500000e+01;1.0224481e-01;7.7500000e+01;1.7849205e-01;7.7500000e+01;2.3569807e-01;7.7500000e+01;2.6933566e-01;7.7500000e+01;3.0322844e-01;7.7500000e+01;2.9830751e-01;7.7500000e+01;2.3384908e-01;7.7500000e+01;1.5811607e-01;7.7500000e+01;9.6990533e-02;7.7500000e+01;4.7122434e-02;7.7500000e+01;2.9313713e-03;7.7500000e+01;-3.9379813e-02;7.7500000e+01;-8.2226232e-02;7.7500000e+01;-1.2448609e-01;7.7500000e+01;-1.6506016e-01;7.7500000e+01;-6.4658932e-02;7.7500000e+01;-2.6944973e-02;7.7500000e+01;3.2239217e-02;7.7500000e+01;1.0224481e-01;7.7500000e+01;1.7849205e-01;7.7500000e+01;2.3569807e-01;7.7500000e+01;2.6933566e-01;7.7500000e+01;3.0322844e-01;7.7500000e+01;2.9830751e-01;7.7500000e+01;2.3384908e-01;7.7500000e+01;1.5811607e-01;7.7500000e+01;9.6990533e-02;7.7500000e+01;4.7122434e-02;7.7500000e+01;2.9313713e-03;7.7500000e+01;-3.9379813e-02;7.7500000e+01;-8.2226232e-02;7.7500000e+01;-1.2448609e-01;7.7500000e+01;-1.6506016e-01;7.7500000e+01;-6.4658932e-02;7.7500000e+01;-2.6944973e-02;7.7500000e+01;3.2239217e-02;7.7500000e+01;1.0224481e-01;7.7500000e+01;1.7849205e-01;7.7500000e+01;2.3569807e-01;7.7500000e+01;2.6933566e-01;7.7500000e+01;3.0322844e-01;7.7500000e+01;2.9830751e-01;7.7500000e+01;2.3384908e-01;7.7500000e+01;1.5811607e-01;7.7500000e+01;9.6990533e-02;7.7500000e+01;4.7122434e-02;7.7500000e+01;2.9313713e-03;7.7500000e+01;-3.9379813e-02;7.7500000e+01;-8.2226232e-02;7.7500000e+01;-1.2448609e-01;7.7500000e+01;-1.6506016e-01;7.7500000e+01;-6.4658932e-02;7.7500000e+01;-2.6944973e-02;7.7500000e+01;3.2239217e-02;7.7500000e+01;1.0224481e-01;7.7500000e+01;1.7849205e-01;7.7500000e+01;2.3569807e-01;7.7500000e+01;2.6933566e-01;7.7500000e+01;3.0322844e-01;7.7500000e+01;2.9830751e-01;7.7500000e+01;2.3384908e-01;7.7500000e+01;1.5811607e-01;7.7500000e+01;9.6990533e-02;7.7500000e+01;4.7122434e-02;7.7500000e+01;2.9313713e-03;7.7500000e+01;-3.9379813e-02;7.7500000e+01;-8.2226232e-02;7.7500000e+01;-1.2448609e-01;7.7500000e+01;-1.6506016e-01;7.7500000e+01;-6.4658932e-02;7.7500000e+01;-2.6944973e-02;7.7500000e+01;3.2239217e-02;7.7500000e+01;1.0224481e-01;7.7500000e+01;1.7849205e-01;7.7500000e+01;2.3569807e-01;7.7500000e+01;2.6933566e-01;7.7500000e+01;3.0322844e-01;7.7500000e+01;2.9830751e-01;7.7500000e+01;2.3384908e-01;7.7500000e+01;1.5811607e-01;7.7500000e+01;9.6990533e-02;7.7500000e+01;4.7122434e-02;7.7500000e+01;2.9313713e-03;7.7500000e+01;-3.9379813e-02;7.7500000e+01;-8.2226232e-02;7.7500000e+01;-1.2448609e-01;7.7500000e+01;-1.6506016e-01;7.7500000e+01;-6.4658932e-02;7.7500000e+01;-2.6944973e-02;7.7500000e+01;3.2239217e-02;7.7500000e+01;1.0224481e-01;7.7500000e+01;1.7849205e-01;7.7500000e+01;2.3569807e-01;7.7500000e+01;2.6933566e-01;7.7500000e+01;3.0322844e-01;7.7500000e+01;2.9830751e-01;7.7500000e+01;2.3384908e-01;7.7500000e+01;1.5811607e-01;7.7500000e+01;9.6990533e-02;7.7500000e+01;4.7122434e-02;7.7500000e+01;2.9313713e-03;7.7500000e+01;-3.9379813e-02;7.7500000e+01;-8.2226232e-02;7.7500000e+01;-1.2448609e-01;7.7500000e+01;-1.6506016e-01;7.7500000e+01;-6.4658932e-02;7.7500000e+01;-2.6944973e-02;7.7500000e+01;3.2239217e-02;7.7500000e+01;1.0224481e-01;7.7500000e+01;1.7849205e-01;7.7500000e+01;2.3569807e-01;7.7500000e+01;2.6933566e-01;7.7500000e+01;3.0322844e-01;7.7500000e+01;2.9830751e-01;7.7500000e+01;2.3384908e-01;7.7500000e+01;1.5811607e-01;7.7500000e+01;9.6990533e-02;7.7500000e+01;4.7122434e-02;7.7500000e+01;2.9313713e-03;7.7500000e+01;-3.9379813e-02;7.7500000e+01;-8.2226232e-02;7.7500000e+01;-1.2448609e-01;7.7500000e+01;-1.6506016e-01;7.7500000e+01;-6.4658932e-02;7.7500000e+01;-2.6944973e-02;7.7500000e+01;3.2239217e-02;7.7500000e+01;1.0224481e-01;7.7500000e+01;1.7849205e-01;7.7500000e+01;2.3569807e-01;7.7500000e+01;2.6933566e-01;7.7500000e+01;3.0322844e-01;7.7500000e+01;2.9830751e-01;7.7500000e+01;2.3384908e-01;7.7500000e+01;1.5811607e-01;7.7500000e+01;9.6990533e-02;7.7500000e+01;4.7122434e-02;7.7500000e+01;2.9313713e-03;7.7500000e+01;-3.9379813e-02;7.7500000e+01;-8.2226232e-02;7.7500000e+01;-1.2448609e-01;7.7500000e+01;-1.6506016e-01;7.7500000e+01;-6.4658932e-02;7.7500000e+01;-2.6944973e-02;7.7500000e+01;3.2239217e-02;7.7500000e+01;1.0224481e-01;7.7500000e+01;1.7849205e-01;7.7500000e+01;2.3569807e-01;7.7500000e+01;2.6933566e-01;7.7500000e+01;3.0322844e-01;7.7500000e+01;2.9830751e-01;7.7500000e+01;2.3384908e-01;7.7500000e+01;1.5811607e-01;7.7500000e+01;9.6990533e-02;7.7500000e+01;4.7122434e-02;7.7500000e+01;2.9313713e-03;7.7500000e+01;-3.9379813e-02;7.7500000e+01;-8.2226232e-02;7.7500000e+01;-1.2448609e-01;7.7500000e+01;-1.6506016e-01;7.7500000e+01;-6.4658932e-02;7.7500000e+01;-2.6944973e-02;7.7500000e+01;3.2239217e-02;7.7500000e+01;1.0224481e-01;7.7500000e+01;1.7849205e-01;7.7500000e+01;2.3569807e-01;7.7500000e+01;2.6933566e-01;7.7500000e+01;3.0322844e-01;7.7500000e+01;2.9830751e-01;7.7500000e+01;2.3384908e-01;7.7500000e+01;1.5811607e-01;7.7500000e+01;9.6990533e-02;7.7500000e+01;4.7122434e-02;7.7500000e+01;2.9313713e-03;7.7500000e+01;-3.9379813e-02;7.7500000e+01;-8.2226232e-02;7.7500000e+01;-1.2448609e-01;7.7500000e+01;-1.6506016e-01;7.7500000e+01;-6.4658932e-02;7.7500000e+01;-2.6944973e-02;7.7500000e+01;3.2239217e-02;7.7500000e+01;1.0224481e-01;7.7500000e+01;1.7849205e-01;7.7500000e+01;2.3569807e-01;7.7500000e+01;2.6933566e-01;7.7500000e+01;3.0322844e-01;7.7500000e+01;2.9830751e-01;7.7500000e+01;2.3384908e-01;7.7500000e+01;1.5811607e-01;7.7500000e+01;9.6990533e-02;7.7500000e+01;4.7122434e-02;7.7500000e+01;2.9313713e-03;7.7500000e+01;-3.9379813e-02;7.7500000e+01;-8.2226232e-02;7.7500000e+01;-1.2448609e-01;7.7500000e+01;-1.6506016e-01;7.7500000e+01;-6.4658932e-02;7.7500000e+01;-2.6944973e-02;7.7500000e+01;3.2239217e-02;7.7500000e+01;1.0224481e-01;7.7500000e+01;1.7849205e-01;7.7500000e+01;2.3569807e-01;7.7500000e+01;2.6933566e-01;7.7500000e+01;3.0322844e-01;7.7500000e+01;2.9830751e-01;7.7500000e+01;2.3384908e-01;7.7500000e+01;1.5811607e-01;7.7500000e+01;9.6990533e-02;7.7500000e+01;4.7122434e-02;7.7500000e+01;2.9313713e-03;7.7500000e+01;-3.9379813e-02;7.7500000e+01;-8.2226232e-02;7.7500000e+01;-1.2448609e-01;7.7500000e+01;-1.6506016e-01;7.7500000e+01;-6.4658932e-02;7.7500000e+01;-2.6944973e-02;7.7500000e+01;3.2239217e-02;7.7500000e+01;1.0224481e-01;7.7500000e+01;1.7849205e-01;7.7500000e+01;2.3569807e-01;7.7500000e+01;2.6933566e-01;7.7500000e+01;3.0322844e-01;7.7500000e+01;2.9830751e-01;7.7500000e+01;2.3384908e-01;7.7500000e+01;1.5811607e-01;7.7500000e+01;9.6990533e-02;7.7500000e+01;4.7122434e-02;7.7500000e+01;2.9313713e-03;7.7500000e+01;-3.9379813e-02;7.7500000e+01;-8.2226232e-02;7.7500000e+01;-1.2448609e-01;7.7500000e+01;-1.6506016e-01;7.7500000e+01;-6.4658932e-02;7.7500000e+01;-2.6944973e-02;7.7500000e+01;3.2239217e-02;7.7500000e+01;1.0224481e-01;7.7500000e+01;1.7849205e-01;7.7500000e+01;2.3569807e-01;7.7500000e+01;2.6933566e-01;7.7500000e+01;3.0322844e-01;7.7500000e+01;2.9830751e-01;7.7500000e+01;2.3384908e-01;7.7500000e+01;1.5811607e-01;7.7500000e+01;9.6990533e-02;7.7500000e+01;4.7122434e-02;7.7500000e+01;2.9313713e-03;7.7500000e+01;-3.9379813e-02;7.7500000e+01;-8.2226232e-02;7.7500000e+01;-1.2448609e-01;7.7500000e+01;-1.6506016e-01;7.7500000e+01;-6.4658932e-02;7.7500000e+01;-2.6944973e-02;7.7500000e+01;3.2239217e-02;7.7500000e+01;1.0224481e-01;7.7500000e+01;1.7849205e-01;7.7500000e+01;2.3569807e-01;7.7500000e+01;2.6933566e-01;7.7500000e+01;3.0322844e-01;7.7500000e+01;2.9830751e-01;7.7500000e+01;2.3384908e-01;7.7500000e+01;1.5811607e-01;7.7500000e+01;9.6990533e-02;7.7500000e+01;4.7122434e-02;7.7500000e+01;2.9313713e-03;7.7500000e+01;-3.9379813e-02;7.7500000e+01;-8.2226232e-02;7.7500000e+01;-1.2448609e-01;7.7500000e+01;-1.6506016e-01;7.7500000e+01;-6.4658932e-02;7.7500000e+01;-2.6944973e-02;7.7500000e+01;3.2239217e-02;7.7500000e+01;1.0224481e-01;7.7500000e+01;1.7849205e-01;7.7500000e+01;2.3569807e-01;7.7500000e+01;2.6933566e-01;7.7500000e+01;3.0322844e-01;7.7500000e+01;2.9830751e-01;7.7500000e+01;2.3384908e-01;7.7500000e+01;1.5811607e-01;7.7500000e+01;9.6990533e-02;7.7500000e+01;4.7122434e-02;7.7500000e+01;2.9313713e-03;7.7500000e+01;-3.9379813e-02;7.7500000e+01;-8.2226232e-02;7.7500000e+01;-1.2448609e-01;7.7500000e+01;-1.6506016e-01;7.7500000e+01;-6.4658932e-02;7.7500000e+01;-2.6944973e-02;7.7500000e+01;3.2239217e-02;7.7500000e+01;1.0224481e-01;7.7500000e+01;1.7849205e-01;7.7500000e+01;2.3569807e-01;7.7500000e+01;2.6933566e-01;7.7500000e+01;3.0322844e-01;7.7500000e+01;2.9830751e-01;7.7500000e+01;2.3384908e-01;7.7500000e+01;1.5811607e-01;7.7500000e+01;9.6990533e-02;7.7500000e+01;4.7122434e-02;7.7500000e+01;2.9313713e-03;7.7500000e+01;-3.9379813e-02;7.7500000e+01;-8.2226232e-02;7.7500000e+01;-1.2448609e-01;7.7500000e+01;-1.6506016e-01;7.7500000e+01;-6.4658932e-02;7.7500000e+01;-2.6944973e-02;7.7500000e+01;3.2239217e-02;7.7500000e+01;1.0224481e-01;7.7500000e+01;1.7849205e-01;7.7500000e+01;2.3569807e-01;7.7500000e+01;2.6933566e-01;7.7500000e+01;3.0322844e-01;7.7500000e+01;2.9830751e-01;7.7500000e+01;2.3384908e-01;7.7500000e+01;1.5811607e-01;7.7500000e+01;9.6990533e-02;7.7500000e+01;4.7122434e-02;7.7500000e+01;2.9313713e-03;7.7500000e+01;-3.9379813e-02;7.7500000e+01;-8.2226232e-02;7.7500000e+01;-1.2448609e-01;7.7500000e+01;-1.6506016e-01;7.7500000e+01;-6.4658932e-02;7.7500000e+01;-2.6944973e-02;7.7500000e+01;3.2239217e-02;7.7500000e+01;1.0224481e-01;7.7500000e+01;1.7849205e-01;7.7500000e+01;2.3569807e-01;7.7500000e+01;2.6933566e-01;7.7500000e+01;3.0322844e-01;7.7500000e+01;2.9830751e-01;7.7500000e+01;2.3384908e-01;7.7500000e+01;1.5811607e-01;7.7500000e+01;9.6990533e-02;7.7500000e+01;4.7122434e-02;7.7500000e+01;2.9313713e-03;7.7500000e+01;-3.9379813e-02;7.7500000e+01;-8.2226232e-02;7.7500000e+01;-1.2448609e-01;7.7500000e+01;-1.6506016e-01;7.7500000e+01;-6.4658932e-02;7.7500000e+01;-2.6944973e-02;7.7500000e+01;3.2239217e-02;7.7500000e+01;1.0224481e-01;7.7500000e+01;1.7849205e-01;7.7500000e+01;2.3569807e-01;7.7500000e+01;2.6933566e-01;7.7500000e+01;3.0322844e-01;7.7500000e+01;2.9830751e-01;7.7500000e+01;2.3384908e-01;7.7500000e+01;1.5811607e-01;7.7500000e+01;9.6990533e-02;7.7500000e+01;4.7122434e-02;7.7500000e+01;2.9313713e-03;7.7500000e+01;-3.9379813e-02;7.7500000e+01;-8.2226232e-02;7.7500000e+01;-1.2448609e-01;7.7500000e+01;-1.6506016e-01;7.7500000e+01;-6.4658932e-02;7.7500000e+01;-2.6944973e-02;7.7500000e+01;3.2239217e-02;7.7500000e+01;1.0224481e-01;7.7500000e+01;1.7849205e-01;7.7500000e+01;2.3569807e-01;7.7500000e+01;2.6933566e-01;7.7500000e+01;3.0322844e-01;7.7500000e+01;2.9830751e-01;7.7500000e+01;2.3384908e-01;7.7500000e+01;1.5811607e-01;7.7500000e+01;9.6990533e-02;7.7500000e+01;4.7122434e-02;7.7500000e+01;2.9313713e-03;7.7500000e+01;-3.9379813e-02;7.7500000e+01;-8.2226232e-02;7.7500000e+01;-1.2448609e-01;7.7500000e+01;-1.6506016e-01;7.7500000e+01;-6.4658932e-02;7.7500000e+01;-2.6944973e-02;7.7500000e+01;3.2239217e-02;7.7500000e+01;1.0224481e-01;7.7500000e+01;1.7849205e-01;7.7500000e+01;2.3569807e-01;7.7500000e+01;2.6933566e-01;7.7500000e+01;3.0322844e-01;7.7500000e+01;2.9830751e-01;7.7500000e+01;2.3384908e-01;7.7500000e+01;1.5811607e-01;7.7500000e+01;9.6990533e-02;7.7500000e+01;4.7122434e-02;7.7500000e+01;2.9313713e-03;7.7500000e+01;-3.9379813e-02;7.7500000e+01;-8.2226232e-02;7.7500000e+01;-1.2448609e-01;7.7500000e+01;-1.6506016e-01;7.7500000e+01;-6.4658932e-02;7.7500000e+01;-2.6944973e-02;7.7500000e+01;3.2239217e-02;7.7500000e+01;1.0224481e-01;7.7500000e+01;1.7849205e-01;7.7500000e+01;2.3569807e-01;7.7500000e+01;2.6933566e-01;7.7500000e+01;3.0322844e-01;7.7500000e+01;2.9830751e-01;7.7500000e+01;2.3384908e-01;7.7500000e+01;1.5811607e-01;7.7500000e+01;9.6990533e-02;7.7500000e+01;4.7122434e-02;7.7500000e+01;2.9313713e-03;7.7500000e+01;-3.9379813e-02;7.7500000e+01;-8.2226232e-02;7.7500000e+01;-1.2448609e-01;7.7500000e+01;-1.6506016e-01;7.7500000e+01;-6.4658932e-02;7.7500000e+01;-2.6944973e-02;7.7500000e+01;3.2239217e-02;7.7500000e+01;1.0224481e-01;7.7500000e+01;1.7849205e-01;7.7500000e+01;2.3569807e-01;7.7500000e+01;2.6933566e-01;7.7500000e+01;3.0322844e-01;7.7500000e+01;2.9830751e-01;7.7500000e+01;2.3384908e-01;7.7500000e+01;1.5811607e-01;7.7500000e+01;9.6990533e-02;7.7500000e+01;4.7122434e-02;7.7500000e+01;2.9313713e-03;7.7500000e+01;-3.9379813e-02;7.7500000e+01;-8.2226232e-02;7.7500000e+01;-1.2448609e-01;7.7500000e+01;-1.6506016e-01;7.7500000e+01;-6.4658932e-02;7.7500000e+01;-2.6944973e-02;7.7500000e+01;3.2239217e-02;7.7500000e+01;1.0224481e-01;7.7500000e+01;1.7849205e-01;7.7500000e+01;2.3569807e-01;7.7500000e+01;2.6933566e-01;7.7500000e+01;3.0322844e-01;7.7500000e+01;2.9830751e-01;7.7500000e+01;2.3384908e-01;7.7500000e+01;1.5811607e-01;7.7500000e+01;9.6990533e-02;7.7500000e+01;4.7122434e-02;7.7500000e+01;2.9313713e-03;7.7500000e+01;-3.9379813e-02;7.7500000e+01;-8.2226232e-02;7.7500000e+01;-1.2448609e-01;7.7500000e+01;-1.6506016e-01;7.7500000e+01;-6.4658932e-02;7.7500000e+01;-2.6944973e-02;7.7500000e+01;3.2239217e-02;7.7500000e+01;1.0224481e-01;7.7500000e+01;1.7849205e-01;7.7500000e+01;2.3569807e-01;7.7500000e+01;2.6933566e-01;7.7500000e+01;3.0322844e-01;7.7500000e+01;2.9830751e-01;7.7500000e+01;2.3384908e-01;7.7500000e+01;1.5811607e-01;7.7500000e+01;9.6990533e-02;7.7500000e+01;4.7122434e-02;7.7500000e+01;2.9313713e-03;7.7500000e+01;-3.9379813e-02;7.7500000e+01;-8.2226232e-02;7.7500000e+01;-1.2448609e-01;7.7500000e+01;-1.6506016e-01;7.7500000e+01;-6.4658932e-02;7.7500000e+01;-2.6944973e-02;7.7500000e+01;3.2239217e-02;7.7500000e+01;1.0224481e-01;7.7500000e+01;1.7849205e-01;7.7500000e+01;2.3569807e-01;7.7500000e+01;2.6933566e-01;7.7500000e+01;3.0322844e-01;7.7500000e+01;2.9830751e-01;7.7500000e+01;2.3384908e-01;7.7500000e+01;1.5811607e-01;7.7500000e+01;9.6990533e-02;7.7500000e+01;4.7122434e-02;7.7500000e+01;2.9313713e-03;7.7500000e+01;-3.9379813e-02;7.7500000e+01;-8.2226232e-02;7.7500000e+01;-1.2448609e-01;7.7500000e+01;-1.6506016e-01;7.7500000e+01;-6.4658932e-02;7.7500000e+01;-2.6944973e-02;7.7500000e+01;3.2239217e-02;7.7500000e+01;1.0224481e-01;7.7500000e+01;1.7849205e-01;7.7500000e+01;2.3569807e-01;7.7500000e+01;2.6933566e-01;7.7500000e+01;3.0322844e-01;7.7500000e+01;2.9830751e-01;7.7500000e+01;2.3384908e-01;7.7500000e+01;1.5811607e-01;7.7500000e+01;9.6990533e-02;7.7500000e+01;4.7122434e-02;7.7500000e+01;2.9313713e-03;7.7500000e+01;-3.9379813e-02;7.7500000e+01;-8.2226232e-02;7.7500000e+01;-1.2448609e-01;7.7500000e+01;-1.6506016e-01;7.7500000e+01;-6.4658932e-02;7.7500000e+01;-2.6944973e-02;7.7500000e+01;3.2239217e-02;7.7500000e+01;1.0224481e-01;7.7500000e+01;1.7849205e-01;7.7500000e+01;2.3569807e-01;7.7500000e+01;2.6933566e-01;7.7500000e+01;3.0322844e-01;7.7500000e+01;2.9830751e-01;7.7500000e+01;2.3384908e-01;7.7500000e+01;1.5811607e-01;7.7500000e+01;9.6990533e-02;7.7500000e+01;4.7122434e-02;7.7500000e+01;2.9313713e-03;7.7500000e+01;-3.9379813e-02;7.7500000e+01;-8.2226232e-02;7.7500000e+01;-1.2448609e-01;7.7500000e+01;-1.6506016e-01;7.7500000e+01;-6.4658932e-02;7.7500000e+01;-2.6944973e-02;7.7500000e+01;3.2239217e-02;7.7500000e+01;1.0224481e-01;7.7500000e+01;1.7849205e-01;7.7500000e+01;2.3569807e-01;7.7500000e+01;2.6933566e-01;7.7500000e+01;3.0322844e-01;7.7500000e+01;2.9830751e-01;7.7500000e+01;2.3384908e-01;7.7500000e+01;1.5811607e-01;7.7500000e+01;9.6990533e-02;7.7500000e+01;4.7122434e-02;7.7500000e+01;2.9313713e-03;7.7500000e+01;-3.9379813e-02;7.7500000e+01;-8.2226232e-02;7.7500000e+01;-1.2448609e-01;7.7500000e+01;-1.6506016e-01;7.7500000e+01;-6.4658932e-02;7.7500000e+01;-2.6944973e-02;7.7500000e+01;3.2239217e-02;7.7500000e+01;1.0224481e-01;7.7500000e+01;1.7849205e-01;7.7500000e+01;2.3569807e-01;7.7500000e+01;2.6933566e-01;7.7500000e+01;3.0322844e-01;7.7500000e+01;2.9830751e-01;7.7500000e+01;2.3384908e-01;7.7500000e+01;1.5811607e-01;7.7500000e+01;9.6990533e-02;7.7500000e+01;4.7122434e-02;7.7500000e+01;2.9313713e-03;7.7500000e+01;-3.9379813e-02;7.7500000e+01;-8.2226232e-02;7.7500000e+01;-1.2448609e-01;7.7500000e+01;-1.6506016e-01;7.7500000e+01;-6.4658932e-02;7.7500000e+01;-2.6944973e-02;7.7500000e+01;3.2239217e-02;7.7500000e+01;1.0224481e-01;7.7500000e+01;1.7849205e-01;7.7500000e+01;2.3569807e-01;7.7500000e+01;2.6933566e-01;7.7500000e+01;3.0322844e-01;7.7500000e+01;2.9830751e-01;7.7500000e+01;2.3384908e-01;7.7500000e+01;1.5811607e-01;7.7500000e+01;9.6990533e-02;7.7500000e+01;4.7122434e-02;7.7500000e+01;2.9313713e-03;7.7500000e+01;-3.9379813e-02;7.7500000e+01;-8.2226232e-02;7.7500000e+01;-1.2448609e-01;7.7500000e+01;-1.6506016e-01;7.7500000e+01;-6.4658932e-02;7.7500000e+01;-2.6944973e-02;7.7500000e+01;3.2239217e-02;7.7500000e+01;1.0224481e-01;7.7500000e+01;1.7849205e-01;7.7500000e+01;2.3569807e-01;7.7500000e+01;2.6933566e-01;7.7500000e+01;3.0322844e-01;7.7500000e+01;2.9830751e-01;7.7500000e+01;2.3384908e-01;7.7500000e+01;1.5811607e-01;7.7500000e+01;9.6990533e-02;7.7500000e+01;4.7122434e-02;7.7500000e+01;2.9313713e-03;7.7500000e+01;-3.9379813e-02;7.7500000e+01;-8.2226232e-02;7.7500000e+01;-1.2448609e-01;7.7500000e+01;-1.6506016e-01;7.7500000e+01;-6.4658932e-02;7.7500000e+01;-2.6944973e-02;7.7500000e+01;3.2239217e-02;7.7500000e+01;1.0224481e-01;7.7500000e+01;1.7849205e-01;7.7500000e+01;2.3569807e-01;7.7500000e+01;2.6933566e-01;7.7500000e+01;3.0322844e-01;7.7500000e+01;2.9830751e-01;7.7500000e+01;2.3384908e-01;7.7500000e+01;1.5811607e-01;7.7500000e+01;9.6990533e-02;7.7500000e+01;4.7122434e-02;7.7500000e+01;2.9313713e-03;7.7500000e+01;-3.9379813e-02;7.7500000e+01;-8.2226232e-02;7.7500000e+01;-1.2448609e-01;7.7500000e+01;-1.6506016e-01;7.7500000e+01;-6.4658932e-02;7.7500000e+01;-2.6944973e-02;7.7500000e+01;3.2239217e-02;7.7500000e+01;1.0224481e-01;7.7500000e+01;1.7849205e-01;7.7500000e+01;2.3569807e-01;7.7500000e+01;2.6933566e-01;7.7500000e+01;3.0322844e-01;7.7500000e+01;2.9830751e-01;7.7500000e+01;2.3384908e-01;7.7500000e+01;1.5811607e-01;7.7500000e+01;9.6990533e-02;7.7500000e+01;4.7122434e-02;7.7500000e+01;2.9313713e-03;7.7500000e+01;-3.9379813e-02;7.7500000e+01;-8.2226232e-02;7.7500000e+01;-1.2448609e-01;7.7500000e+01;-1.6506016e-01;7.7500000e+01;-6.4658932e-02;7.7500000e+01;-2.6944973e-02;7.7500000e+01;3.2239217e-02;7.7500000e+01;1.0224481e-01;7.7500000e+01;1.7849205e-01;7.7500000e+01;2.3569807e-01;7.7500000e+01;2.6933566e-01;7.7500000e+01;3.0322844e-01;7.7500000e+01;2.9830751e-01;7.7500000e+01;2.3384908e-01;7.7500000e+01;1.5811607e-01;7.7500000e+01;9.6990533e-02;7.7500000e+01;4.7122434e-02;7.7500000e+01;2.9313713e-03;7.7500000e+01;-3.9379813e-02;7.7500000e+01;-8.2226232e-02;7.7500000e+01;-1.2448609e-01;7.7500000e+01;-1.6506016e-01;7.7500000e+01;-6.4658932e-02;7.7500000e+01;-2.6944973e-02;7.7500000e+01;3.2239217e-02;7.7500000e+01;1.0224481e-01;7.7500000e+01;1.7849205e-01;7.7500000e+01;2.3569807e-01;7.7500000e+01;2.6933566e-01;7.7500000e+01;3.0322844e-01;7.7500000e+01;2.9830751e-01;7.7500000e+01;2.3384908e-01;7.7500000e+01;1.5811607e-01;7.7500000e+01;9.6990533e-02;7.7500000e+01;4.7122434e-02;7.7500000e+01;2.9313713e-03;7.7500000e+01;-3.9379813e-02;7.7500000e+01;-8.2226232e-02;7.7500000e+01;-1.2448609e-01;7.7500000e+01;-1.6506016e-01;7.7500000e+01;-6.4658932e-02;7.7500000e+01;-2.6944973e-02;7.7500000e+01;3.2239217e-02;7.7500000e+01;1.0224481e-01;7.7500000e+01;1.7849205e-01;7.7500000e+01;2.3569807e-01;7.7500000e+01;2.6933566e-01;7.7500000e+01;3.0322844e-01;7.7500000e+01;2.9830751e-01;7.7500000e+01;2.3384908e-01;7.7500000e+01;1.5811607e-01;7.7500000e+01;9.6990533e-02;7.7500000e+01;4.7122434e-02;7.7500000e+01;2.9313713e-03;7.7500000e+01;-3.9379813e-02;7.7500000e+01;-8.2226232e-02;7.7500000e+01;-1.2448609e-01;7.7500000e+01;-1.6506016e-01;7.7500000e+01;-6.4658932e-02;7.7500000e+01;-2.6944973e-02;7.7500000e+01;3.2239217e-02;7.7500000e+01;1.0224481e-01;7.7500000e+01;1.7849205e-01;7.7500000e+01;2.3569807e-01;7.7500000e+01;2.6933566e-01;7.7500000e+01;3.0322844e-01;7.7500000e+01;2.9830751e-01;7.7500000e+01;2.3384908e-01;7.7500000e+01;1.5811607e-01;7.7500000e+01;9.6990533e-02;7.7500000e+01;4.7122434e-02;7.7500000e+01;2.9313713e-03;7.7500000e+01;-3.9379813e-02;7.7500000e+01;-8.2226232e-02;7.7500000e+01;-1.2448609e-01;7.7500000e+01;-1.6506016e-01;7.7500000e+01;-6.4658932e-02;7.7500000e+01;-2.6944973e-02;7.7500000e+01;3.2239217e-02;7.7500000e+01;1.0224481e-01;7.7500000e+01;1.7849205e-01;7.7500000e+01;2.3569807e-01;7.7500000e+01;2.6933566e-01;7.7500000e+01;3.0322844e-01;7.7500000e+01;2.9830751e-01;7.7500000e+01;2.3384908e-01;7.7500000e+01;1.5811607e-01;7.7500000e+01;9.6990533e-02;7.7500000e+01;4.7122434e-02;7.7500000e+01;2.9313713e-03;7.7500000e+01;-3.9379813e-02;7.7500000e+01;-8.2226232e-02;7.7500000e+01;-1.2448609e-01;7.7500000e+01;-1.6506016e-01;7.7500000e+01;-6.4658932e-02;7.7500000e+01;-2.6944973e-02;7.7500000e+01;3.2239217e-02;7.7500000e+01;1.0224481e-01;7.7500000e+01;1.7849205e-01;7.7500000e+01;2.3569807e-01;7.7500000e+01;2.6933566e-01;7.7500000e+01;3.0322844e-01;7.7500000e+01;2.9830751e-01;7.7500000e+01;2.3384908e-01;7.7500000e+01;1.5811607e-01;7.7500000e+01;9.6990533e-02;7.7500000e+01;4.7122434e-02;7.7500000e+01;2.9313713e-03;7.7500000e+01;-3.9379813e-02;7.7500000e+01;-8.2226232e-02;7.7500000e+01;-1.2448609e-01;7.7500000e+01;-1.6506016e-01;7.7500000e+01;-6.4658932e-02;7.7500000e+01;-2.6944973e-02;7.7500000e+01;3.2239217e-02;7.7500000e+01;1.0224481e-01;7.7500000e+01;1.7849205e-01;7.7500000e+01;2.3569807e-01;7.7500000e+01;2.6933566e-01;7.7500000e+01;3.0322844e-01;7.7500000e+01;2.9830751e-01;7.7500000e+01;2.3384908e-01;7.7500000e+01;1.5811607e-01;7.7500000e+01;9.6990533e-02;7.7500000e+01;4.7122434e-02;7.7500000e+01;2.9313713e-03;7.7500000e+01;-3.9379813e-02;7.7500000e+01;-8.2226232e-02;7.7500000e+01;-1.2448609e-01;7.7500000e+01;-1.6506016e-01;7.7500000e+01;-6.4658932e-02;7.7500000e+01;-2.6944973e-02;7.7500000e+01;3.2239217e-02;7.7500000e+01;1.0224481e-01;7.7500000e+01;1.7849205e-01;7.7500000e+01;2.3569807e-01;7.7500000e+01;2.6933566e-01;7.7500000e+01;3.0322844e-01;7.7500000e+01;2.9830751e-01;7.7500000e+01;2.3384908e-01;7.7500000e+01;1.5811607e-01;7.7500000e+01;9.6990533e-02;7.7500000e+01;4.7122434e-02;7.7500000e+01;2.9313713e-03;7.7500000e+01;-3.9379813e-02;7.7500000e+01;-8.2226232e-02;7.7500000e+01;-1.2448609e-01;7.7500000e+01;-1.6506016e-01;7.7500000e+01;-6.4658932e-02;7.7500000e+01;-2.6944973e-02;7.7500000e+01;3.2239217e-02;7.7500000e+01;1.0224481e-01;7.7500000e+01;1.7849205e-01;7.7500000e+01;2.3569807e-01;7.7500000e+01;2.6933566e-01;7.7500000e+01;3.0322844e-01;7.7500000e+01;2.9830751e-01;7.7500000e+01;2.3384908e-01;7.7500000e+01;1.5811607e-01;7.7500000e+01;9.6990533e-02;7.7500000e+01;4.7122434e-02;7.7500000e+01;2.9313713e-03;7.7500000e+01;-3.9379813e-02;7.7500000e+01;-8.2226232e-02;7.7500000e+01;-1.2448609e-01;7.7500000e+01;-1.6506016e-01;7.7500000e+01;-6.4658932e-02;7.7500000e+01;-2.6944973e-02;7.7500000e+01;3.2239217e-02;7.7500000e+01;1.0224481e-01;7.7500000e+01;1.7849205e-01;7.7500000e+01;2.3569807e-01;7.7500000e+01;2.6933566e-01;7.7500000e+01;3.0322844e-01;7.7500000e+01;2.9830751e-01;7.7500000e+01;2.3384908e-01;7.7500000e+01;1.5811607e-01;7.7500000e+01;9.6990533e-02;7.7500000e+01;4.7122434e-02;7.7500000e+01;2.9313713e-03;7.7500000e+01;-3.9379813e-02;7.7500000e+01;-8.2226232e-02;7.7500000e+01;-1.2448609e-01;7.7500000e+01;-1.6506016e-01;7.7500000e+01;-6.4658932e-02;7.7500000e+01;-2.6944973e-02;7.7500000e+01;3.2239217e-02;7.7500000e+01;1.0224481e-01;7.7500000e+01;1.7849205e-01;7.7500000e+01;2.3569807e-01;7.7500000e+01;2.6933566e-01;7.7500000e+01;3.0322844e-01;7.7500000e+01;2.9830751e-01;7.7500000e+01;2.3384908e-01;7.7500000e+01;1.5811607e-01;7.7500000e+01;9.6990533e-02;7.7500000e+01;4.7122434e-02;7.7500000e+01;2.9313713e-03;7.7500000e+01;-3.9379813e-02;7.7500000e+01;-8.2226232e-02;7.7500000e+01;-1.2448609e-01;7.7500000e+01;-1.6506016e-01;7.7500000e+01;-6.4658932e-02;7.7500000e+01;-2.6944973e-02;7.7500000e+01;3.2239217e-02;7.7500000e+01;1.0224481e-01;7.7500000e+01;1.7849205e-01;7.7500000e+01;2.3569807e-01;7.7500000e+01;2.6933566e-01;7.7500000e+01;3.0322844e-01;7.7500000e+01;2.9830751e-01;7.7500000e+01;2.3384908e-01;7.7500000e+01;1.5811607e-01;7.7500000e+01;9.6990533e-02;7.7500000e+01;4.7122434e-02;7.7500000e+01;2.9313713e-03;7.7500000e+01;-3.9379813e-02;7.7500000e+01;-8.2226232e-02;7.7500000e+01;-1.2448609e-01;7.7500000e+01;-1.6506016e-01;7.7500000e+01;-6.4658932e-02;7.7500000e+01;-2.6944973e-02;7.7500000e+01;3.2239217e-02;7.7500000e+01;1.0224481e-01;7.7500000e+01;1.7849205e-01;7.7500000e+01;2.3569807e-01;7.7500000e+01;2.6933566e-01;7.7500000e+01;3.0322844e-01;7.7500000e+01;2.9830751e-01;7.7500000e+01;2.3384908e-01;7.7500000e+01;1.5811607e-01;7.7500000e+01;9.6990533e-02;7.7500000e+01;4.7122434e-02;7.7500000e+01;2.9313713e-03;7.7500000e+01;-3.9379813e-02;7.7500000e+01;-8.2226232e-02;7.7500000e+01;-1.2448609e-01;7.7500000e+01;-1.6506016e-01;7.7500000e+01;-6.4658932e-02;7.7500000e+01;-2.6944973e-02;7.7500000e+01;3.2239217e-02;7.7500000e+01;1.0224481e-01;7.7500000e+01;1.7849205e-01;7.7500000e+01;2.3569807e-01;7.7500000e+01;2.6933566e-01;7.7500000e+01;3.0322844e-01;7.7500000e+01;2.9830751e-01;7.7500000e+01;2.3384908e-01;7.7500000e+01;1.5811607e-01;7.7500000e+01;9.6990533e-02;7.7500000e+01;4.7122434e-02;7.7500000e+01;2.9313713e-03;7.7500000e+01;-3.9379813e-02;7.7500000e+01;-8.2226232e-02;7.7500000e+01;-1.2448609e-01;7.7500000e+01;-1.6506016e-01;7.7500000e+01;-6.4658932e-02;7.7500000e+01;-2.6944973e-02;7.7500000e+01;3.2239217e-02;7.7500000e+01;1.0224481e-01;7.7500000e+01;1.7849205e-01;7.7500000e+01;2.3569807e-01;7.7500000e+01;2.6933566e-01;7.7500000e+01;3.0322844e-01;7.7500000e+01;2.9830751e-01;7.7500000e+01;2.3384908e-01;7.7500000e+01;1.5811607e-01;7.7500000e+01;9.6990533e-02;7.7500000e+01;4.7122434e-02;7.7500000e+01;2.9313713e-03;7.7500000e+01;-3.9379813e-02;7.7500000e+01;-8.2226232e-02;7.7500000e+01;-1.2448609e-01;7.7500000e+01;-1.6506016e-01;7.7500000e+01;-6.4658932e-02;7.7500000e+01;-2.6944973e-02;7.7500000e+01;3.2239217e-02;7.7500000e+01;1.0224481e-01;7.7500000e+01;1.7849205e-01;7.7500000e+01;2.3569807e-01;7.7500000e+01;2.6933566e-01;7.7500000e+01;3.0322844e-01;7.7500000e+01;2.9830751e-01;7.7500000e+01;2.3384908e-01;7.7500000e+01;1.5811607e-01;7.7500000e+01;9.6990533e-02;7.7500000e+01;4.7122434e-02;7.7500000e+01;2.9313713e-03;7.7500000e+01;-3.9379813e-02;7.7500000e+01;-8.2226232e-02;7.7500000e+01;-1.2448609e-01;7.7500000e+01;-1.6506016e-01;7.7500000e+01;-6.4658932e-02;7.7500000e+01;-2.6944973e-02;7.7500000e+01;3.2239217e-02;7.7500000e+01;1.0224481e-01;7.7500000e+01;1.7849205e-01;7.7500000e+01;2.3569807e-01;7.7500000e+01;2.6933566e-01;7.7500000e+01;3.0322844e-01;7.7500000e+01;2.9830751e-01;7.7500000e+01;2.3384908e-01;7.7500000e+01;1.5811607e-01;7.7500000e+01;9.6990533e-02;7.7500000e+01;4.7122434e-02;7.7500000e+01;2.9313713e-03;7.7500000e+01;-3.9379813e-02;7.7500000e+01;-8.2226232e-02;7.7500000e+01;-1.2448609e-01;7.7500000e+01;-1.6506016e-01;7.7500000e+01;-6.4658932e-02;7.7500000e+01;-2.6944973e-02;7.7500000e+01;3.2239217e-02;7.7500000e+01;1.0224481e-01;7.7500000e+01;1.7849205e-01;7.7500000e+01;2.3569807e-01;7.7500000e+01;2.6933566e-01;7.7500000e+01;3.0322844e-01;7.7500000e+01;2.9830751e-01;7.7500000e+01;2.3384908e-01;7.7500000e+01;1.5811607e-01;7.7500000e+01;9.6990533e-02;7.7500000e+01;4.7122434e-02;7.7500000e+01;2.9313713e-03;7.7500000e+01;-3.9379813e-02;7.7500000e+01;-8.2226232e-02;7.7500000e+01;-1.2448609e-01;7.7500000e+01;-1.6506016e-01;7.7500000e+01;-6.4658932e-02;7.7500000e+01;-2.6944973e-02;7.7500000e+01;3.2239217e-02;7.7500000e+01;1.0224481e-01;7.7500000e+01;1.7849205e-01;7.7500000e+01;2.3569807e-01;7.7500000e+01;2.6933566e-01;7.7500000e+01;3.0322844e-01;7.7500000e+01;2.9830751e-01;7.7500000e+01;2.3384908e-01;7.7500000e+01;1.5811607e-01;7.7500000e+01;9.6990533e-02;7.7500000e+01;4.7122434e-02;7.7500000e+01;2.9313713e-03;7.7500000e+01;-3.9379813e-02;7.7500000e+01;-8.2226232e-02;7.7500000e+01;-1.2448609e-01;7.7500000e+01;-1.6506016e-01;7.7500000e+01;-6.4658932e-02;7.7500000e+01;-2.6944973e-02;7.7500000e+01;3.2239217e-02;7.7500000e+01;1.0224481e-01;7.7500000e+01;1.7849205e-01;7.7500000e+01;2.3569807e-01;7.7500000e+01;2.6933566e-01;7.7500000e+01;3.0322844e-01;7.7500000e+01;2.9830751e-01;7.7500000e+01;2.3384908e-01;7.7500000e+01;1.5811607e-01;7.7500000e+01;9.6990533e-02;7.7500000e+01;4.7122434e-02;7.7500000e+01;2.9313713e-03;7.7500000e+01;-3.9379813e-02;7.7500000e+01;-8.2226232e-02;7.7500000e+01;-1.2448609e-01;7.7500000e+01;-1.6506016e-01;7.7500000e+01;-6.4658932e-02;7.7500000e+01;-2.6944973e-02;7.7500000e+01;3.2239217e-02;7.7500000e+01;1.0224481e-01;7.7500000e+01;1.7849205e-01;7.7500000e+01;2.3569807e-01;7.7500000e+01;2.6933566e-01;7.7500000e+01;3.0322844e-01;7.7500000e+01;2.9830751e-01;7.7500000e+01;2.3384908e-01;7.7500000e+01;1.5811607e-01;7.7500000e+01;9.6990533e-02;7.7500000e+01;4.7122434e-02;7.7500000e+01;2.9313713e-03;7.7500000e+01;-3.9379813e-02;7.7500000e+01;-8.2226232e-02;7.7500000e+01;-1.2448609e-01;7.7500000e+01;-1.6506016e-01;7.7500000e+01;-6.4658932e-02;7.7500000e+01;-2.6944973e-02;7.7500000e+01;3.2239217e-02;7.7500000e+01;1.0224481e-01;7.7500000e+01;1.7849205e-01;7.7500000e+01;2.3569807e-01;7.7500000e+01;2.6933566e-01;7.7500000e+01;3.0322844e-01;7.7500000e+01;2.9830751e-01;7.7500000e+01;2.3384908e-01;7.7500000e+01;1.5811607e-01;7.7500000e+01;9.6990533e-02;7.7500000e+01;4.7122434e-02;7.7500000e+01;2.9313713e-03;7.7500000e+01;-3.9379813e-02;7.7500000e+01;-8.2226232e-02;7.7500000e+01;-1.2448609e-01;7.7500000e+01;-1.6506016e-01;7.7500000e+01;-6.4658932e-02;7.7500000e+01;-2.6944973e-02;7.7500000e+01;3.2239217e-02;7.7500000e+01;1.0224481e-01;7.7500000e+01;1.7849205e-01;7.7500000e+01;2.3569807e-01;7.7500000e+01;2.6933566e-01;7.7500000e+01;3.0322844e-01;7.7500000e+01;2.9830751e-01;7.7500000e+01;2.3384908e-01;7.7500000e+01;1.5811607e-01;7.7500000e+01;9.6990533e-02;7.7500000e+01;4.7122434e-02;7.7500000e+01;2.9313713e-03;7.7500000e+01;-3.9379813e-02;7.7500000e+01;-8.2226232e-02;7.7500000e+01;-1.2448609e-01;7.7500000e+01;-1.6506016e-01;7.7500000e+01;-6.4658932e-02;7.7500000e+01;-2.6944973e-02;7.7500000e+01;3.2239217e-02;7.7500000e+01;1.0224481e-01;7.7500000e+01;1.7849205e-01;7.7500000e+01;2.3569807e-01;7.7500000e+01;2.6933566e-01;7.7500000e+01;3.0322844e-01;7.7500000e+01;2.9830751e-01;7.7500000e+01;2.3384908e-01;7.7500000e+01;1.5811607e-01;7.7500000e+01;9.6990533e-02;7.7500000e+01;4.7122434e-02;7.7500000e+01;2.9313713e-03;7.7500000e+01;-3.9379813e-02;7.7500000e+01;-8.2226232e-02;7.7500000e+01;-1.2448609e-01;7.7500000e+01;-1.6506016e-01;7.7500000e+01;-6.4658932e-02;7.7500000e+01;-2.6944973e-02;7.7500000e+01;3.2239217e-02;7.7500000e+01;1.0224481e-01;7.7500000e+01;1.7849205e-01;7.7500000e+01;2.3569807e-01;7.7500000e+01;2.6933566e-01;7.7500000e+01;3.0322844e-01;7.7500000e+01;2.9830751e-01;7.7500000e+01;2.3384908e-01;7.7500000e+01;1.5811607e-01;7.7500000e+01;9.6990533e-02;7.7500000e+01;4.7122434e-02;7.7500000e+01;2.9313713e-03;7.7500000e+01;-3.9379813e-02;7.7500000e+01;-8.2226232e-02;7.7500000e+01;-1.2448609e-01;7.7500000e+01;-1.6506016e-01;7.7500000e+01;-6.4658932e-02;7.7500000e+01;-2.6944973e-02;7.7500000e+01;3.2239217e-02;7.7500000e+01;1.0224481e-01;7.7500000e+01;1.7849205e-01;7.7500000e+01;2.3569807e-01;7.7500000e+01;2.6933566e-01;7.7500000e+01;3.0322844e-01;7.7500000e+01;2.9830751e-01;7.7500000e+01;2.3384908e-01;7.7500000e+01;1.5811607e-01;7.7500000e+01;9.6990533e-02;7.7500000e+01;4.7122434e-02;7.7500000e+01;2.9313713e-03;7.7500000e+01;-3.9379813e-02;7.7500000e+01;-8.2226232e-02;7.7500000e+01;-1.2448609e-01;7.7500000e+01;-1.6506016e-01;7.7500000e+01;-6.4658932e-02;7.7500000e+01;-2.6944973e-02;7.7500000e+01;3.2239217e-02;7.7500000e+01;1.0224481e-01;7.7500000e+01;1.7849205e-01;7.7500000e+01;2.3569807e-01;7.7500000e+01;2.6933566e-01;7.7500000e+01;3.0322844e-01;7.7500000e+01;2.9830751e-01;7.7500000e+01;2.3384908e-01;7.7500000e+01;1.5811607e-01;7.7500000e+01;9.6990533e-02;7.7500000e+01;4.7122434e-02;7.7500000e+01;2.9313713e-03;7.7500000e+01;-3.9379813e-02;7.7500000e+01;-8.2226232e-02;7.7500000e+01;-1.2448609e-01;7.7500000e+01;-1.6506016e-01;7.7500000e+01;-6.4658932e-02;7.7500000e+01;-2.6944973e-02;7.7500000e+01;3.2239217e-02;7.7500000e+01;1.0224481e-01;7.7500000e+01;1.7849205e-01;7.7500000e+01;2.3569807e-01;7.7500000e+01;2.6933566e-01;7.7500000e+01;3.0322844e-01;7.7500000e+01;2.9830751e-01;7.7500000e+01;2.3384908e-01;7.7500000e+01;1.5811607e-01;7.7500000e+01;9.6990533e-02;7.7500000e+01;4.7122434e-02;7.7500000e+01;2.9313713e-03;7.7500000e+01;-3.9379813e-02;7.7500000e+01;-8.2226232e-02;7.7500000e+01;-1.2448609e-01;7.7500000e+01;-1.6506016e-01;7.7500000e+01;-6.4658932e-02;7.7500000e+01;-2.6944973e-02;7.7500000e+01;3.2239217e-02;7.7500000e+01;1.0224481e-01;7.7500000e+01;1.7849205e-01;7.7500000e+01;2.3569807e-01;7.7500000e+01;2.6933566e-01;7.7500000e+01;3.0322844e-01;7.7500000e+01;2.9830751e-01;7.7500000e+01;2.3384908e-01;7.7500000e+01;1.5811607e-01;7.7500000e+01;9.6990533e-02;7.7500000e+01;4.7122434e-02;7.7500000e+01;2.9313713e-03;7.7500000e+01;-3.9379813e-02;7.7500000e+01;-8.2226232e-02;7.7500000e+01;-1.2448609e-01;7.7500000e+01;-1.6506016e-01;7.7500000e+01;-6.4658932e-02;7.7500000e+01;-2.6944973e-02;7.7500000e+01;3.2239217e-02;7.7500000e+01;1.0224481e-01;7.7500000e+01;1.7849205e-01;7.7500000e+01;2.3569807e-01;7.7500000e+01;2.6933566e-01;7.7500000e+01;3.0322844e-01;7.7500000e+01;2.9830751e-01;7.7500000e+01;2.3384908e-01;7.7500000e+01;1.5811607e-01;7.7500000e+01;9.6990533e-02;7.7500000e+01;4.7122434e-02;7.7500000e+01;2.9313713e-03;7.7500000e+01;-3.9379813e-02;7.7500000e+01;-8.2226232e-02;7.7500000e+01;-1.2448609e-01;7.7500000e+01;-1.6506016e-01;7.7500000e+01;-6.4658932e-02;7.7500000e+01;-2.6944973e-02;7.7500000e+01;3.2239217e-02;7.7500000e+01;1.0224481e-01;7.7500000e+01;1.7849205e-01;7.7500000e+01;2.3569807e-01;7.7500000e+01;2.6933566e-01;7.7500000e+01;3.0322844e-01;7.7500000e+01;2.9830751e-01;7.7500000e+01;2.3384908e-01;7.7500000e+01;1.5811607e-01;7.7500000e+01;9.6990533e-02;7.7500000e+01;4.7122434e-02;7.7500000e+01;2.9313713e-03;7.7500000e+01;-3.9379813e-02;7.7500000e+01;-8.2226232e-02;7.7500000e+01;-1.2448609e-01;7.7500000e+01;-1.6506016e-01;7.7500000e+01;-6.4658932e-02;7.7500000e+01;-2.6944973e-02;7.7500000e+01;3.2239217e-02;7.7500000e+01;1.0224481e-01;7.7500000e+01;1.7849205e-01;7.7500000e+01;2.3569807e-01;7.7500000e+01;2.6933566e-01;7.7500000e+01;3.0322844e-01;7.7500000e+01;2.9830751e-01;7.7500000e+01;2.3384908e-01;7.7500000e+01;1.5811607e-01;7.7500000e+01;9.6990533e-02;7.7500000e+01;4.7122434e-02;7.7500000e+01;2.9313713e-03;7.7500000e+01;-3.9379813e-02;7.7500000e+01;-8.2226232e-02;7.7500000e+01;-1.2448609e-01;7.7500000e+01;-1.6506016e-01;7.7500000e+01;-6.4658932e-02;7.7500000e+01;-2.6944973e-02;7.7500000e+01;3.2239217e-02;7.7500000e+01;1.0224481e-01;7.7500000e+01;1.7849205e-01;7.7500000e+01;2.3569807e-01;7.7500000e+01;2.6933566e-01;7.7500000e+01;3.0322844e-01;7.7500000e+01;2.9830751e-01;7.7500000e+01;2.3384908e-01;7.7500000e+01;1.5811607e-01;7.7500000e+01;9.6990533e-02;7.7500000e+01;4.7122434e-02;7.7500000e+01;2.9313713e-03;7.7500000e+01;-3.9379813e-02;7.7500000e+01;-8.2226232e-02;7.7500000e+01;-1.2448609e-01;7.7500000e+01;-1.6506016e-01;7.7500000e+01;-6.4658932e-02;7.7500000e+01;-2.6944973e-02;7.7500000e+01;3.2239217e-02;7.7500000e+01;1.0224481e-01;7.7500000e+01;1.7849205e-01;7.7500000e+01;2.3569807e-01;7.7500000e+01;2.6933566e-01;7.7500000e+01;3.0322844e-01;7.7500000e+01;2.9830751e-01;7.7500000e+01;2.3384908e-01;7.7500000e+01;1.5811607e-01;7.7500000e+01;9.6990533e-02;7.7500000e+01;4.7122434e-02;7.7500000e+01;2.9313713e-03;7.7500000e+01;-3.9379813e-02;7.7500000e+01;-8.2226232e-02;7.7500000e+01;-1.2448609e-01;7.7500000e+01;-1.6506016e-01;7.7500000e+01;-6.4658932e-02;7.7500000e+01;-2.6944973e-02;7.7500000e+01;3.2239217e-02;7.7500000e+01;1.0224481e-01;7.7500000e+01;1.7849205e-01;7.7500000e+01;2.3569807e-01;7.7500000e+01;2.6933566e-01;7.7500000e+01;3.0322844e-01;7.7500000e+01;2.9830751e-01;7.7500000e+01;2.3384908e-01;7.7500000e+01;1.5811607e-01;7.7500000e+01;9.6990533e-02;7.7500000e+01;4.7122434e-02;7.7500000e+01;2.9313713e-03;7.7500000e+01;-3.9379813e-02;7.7500000e+01;-8.2226232e-02;7.7500000e+01;-1.2448609e-01;7.7500000e+01;-1.6506016e-01;7.7500000e+01;-6.4658932e-02;7.7500000e+01;-2.6944973e-02;7.7500000e+01;3.2239217e-02;7.7500000e+01;1.0224481e-01;7.7500000e+01;1.7849205e-01;7.7500000e+01;2.3569807e-01;7.7500000e+01;2.6933566e-01;7.7500000e+01;3.0322844e-01;7.7500000e+01;2.9830751e-01;7.7500000e+01;2.3384908e-01;7.7500000e+01;1.5811607e-01;7.7500000e+01;9.6990533e-02;7.7500000e+01;4.7122434e-02;7.7500000e+01;2.9313713e-03;7.7500000e+01;-3.9379813e-02;7.7500000e+01;-8.2226232e-02;7.7500000e+01;-1.2448609e-01;7.7500000e+01;-1.6506016e-01;7.7500000e+01;-6.4658932e-02;7.7500000e+01;-2.6944973e-02;7.7500000e+01;3.2239217e-02;7.7500000e+01;1.0224481e-01;7.7500000e+01;1.7849205e-01;7.7500000e+01;2.3569807e-01;7.7500000e+01;2.6933566e-01;7.7500000e+01;3.0322844e-01;7.7500000e+01;2.9830751e-01;7.7500000e+01;2.3384908e-01;7.7500000e+01;1.5811607e-01;7.7500000e+01;9.6990533e-02;7.7500000e+01;4.7122434e-02;7.7500000e+01;2.9313713e-03;7.7500000e+01;-3.9379813e-02;7.7500000e+01;-8.2226232e-02;7.7500000e+01;-1.2448609e-01;7.7500000e+01;-1.6506016e-01;7.7500000e+01;-6.4658932e-02;7.7500000e+01;-2.6944973e-02;7.7500000e+01;3.2239217e-02;7.7500000e+01;1.0224481e-01;7.7500000e+01;1.7849205e-01;7.7500000e+01;2.3569807e-01;7.7500000e+01;2.6933566e-01;7.7500000e+01;3.0322844e-01;7.7500000e+01;2.9830751e-01;7.7500000e+01;2.3384908e-01;7.7500000e+01;1.5811607e-01;7.7500000e+01;9.6990533e-02;7.7500000e+01;4.7122434e-02;7.7500000e+01;2.9313713e-03;7.7500000e+01;-3.9379813e-02;7.7500000e+01;-8.2226232e-02;7.7500000e+01;-1.2448609e-01;7.7500000e+01;-1.6506016e-01;7.7500000e+01;-6.4658932e-02;7.7500000e+01;-2.6944973e-02;7.7500000e+01;3.2239217e-02;7.7500000e+01;1.0224481e-01;7.7500000e+01;1.7849205e-01;7.7500000e+01;2.3569807e-01;7.7500000e+01;2.6933566e-01;7.7500000e+01;3.0322844e-01;7.7500000e+01;2.9830751e-01;7.7500000e+01;2.3384908e-01;7.7500000e+01;1.5811607e-01;7.7500000e+01;9.6990533e-02;7.7500000e+01;4.7122434e-02;7.7500000e+01;2.9313713e-03;7.7500000e+01;-3.9379813e-02;7.7500000e+01;-8.2226232e-02;7.7500000e+01;-1.2448609e-01;7.7500000e+01;-1.6506016e-01;7.7500000e+01;-6.4658932e-02;7.7500000e+01;-2.6944973e-02;7.7500000e+01;3.2239217e-02;7.7500000e+01;1.0224481e-01;7.7500000e+01;1.7849205e-01;7.7500000e+01;2.3569807e-01;7.7500000e+01;2.6933566e-01;7.7500000e+01;3.0322844e-01;7.7500000e+01;2.9830751e-01;7.7500000e+01;2.3384908e-01;7.7500000e+01;1.5811607e-01;7.7500000e+01;9.6990533e-02;7.7500000e+01;4.7122434e-02;7.7500000e+01;2.9313713e-03;7.7500000e+01;-3.9379813e-02;7.7500000e+01;-8.2226232e-02;7.7500000e+01;-1.2448609e-01;7.7500000e+01;-1.6506016e-01
8.2500000e+01;-7.2280861e-02;8.2500000e+01;-3.9912838e-02;8.2500000e+01;1.6733952e-02;8.2500000e+01;8.1687979e-02;8.2500000e+01;1.5556861e-01;8.2500000e+01;2.1363959e-01;8.2500000e+01;2.5568026e-01;8.2500000e+01;2.8610894e-01;8.2500000e+01;2.7614221e-01;8.2500000e+01;2.2770050e-01;8.2500000e+01;1.4977154e-01;8.2500000e+01;8.6230956e-02;8.2500000e+01;3.4735404e-02;8.2500000e+01;-1.0657266e-02;8.2500000e+01;-5.3682394e-02;8.2500000e+01;-9.6565515e-02;8.2500000e+01;-1.3893887e-01;8.2500000e+01;-1.8011746e-01;8.2500000e+01;-7.2280861e-02;8.2500000e+01;-3.9912838e-02;8.2500000e+01;1.6733952e-02;8.2500000e+01;8.1687979e-02;8.2500000e+01;1.5556861e-01;8.2500000e+01;2.1363959e-01;8.2500000e+01;2.5568026e-01;8.2500000e+01;2.8610894e-01;8.2500000e+01;2.7614221e-01;8.2500000e+01;2.2770050e-01;8.2500000e+01;1.4977154e-01;8.2500000e+01;8.6230956e-02;8.2500000e+01;3.4735404e-02;8.2500000e+01;-1.0657266e-02;8.2500000e+01;-5.3682394e-02;8.2500000e+01;-9.6565515e-02;8.2500000e+01;-1.3893887e-01;8.2500000e+01;-1.8011746e-01;8.2500000e+01;-7.2280861e-02;8.2500000e+01;-3.9912838e-02;8.2500000e+01;1.6733952e-02;8.2500000e+01;8.1687979e-02;8.2500000e+01;1.5556861e-01;8.2500000e+01;2.1363959e-01;8.2500000e+01;2.5568026e-01;8.2500000e+01;2.8610894e-01;8.2500000e+01;2.7614221e-01;8.2500000e+01;2.2770050e-01;8.2500000e+01;1.4977154e-01;8.2500000e+01;8.6230956e-02;8.2500000e+01;3.4735404e-02;8.2500000e+01;-1.0657266e-02;8.2500000e+01;-5.3682394e-02;8.2500000e+01;-9.6565515e-02;8.2500000e+01;-1.3893887e-01;8.2500000e+01;-1.8011746e-01;8.2500000e+01;-7.2280861e-02;8.2500000e+01;-3.9912838e-02;8.2500000e+01;1.6733952e-02;8.2500000e+01;8.1687979e-02;8.2500000e+01;1.5556861e-01;8.2500000e+01;2.1363959e-01;8.2500000e+01;2.5568026e-01;8.2500000e+01;2.8610894e-01;8.2500000e+01;2.7614221e-01;8.2500000e+01;2.2770050e-01;8.2500000e+01;1.4977154e-01;8.2500000e+01;8.6230956e-02;8.2500000e+01;3.4735404e-02;8.2500000e+01;-1.0657266e-02;8.2500000e+01;-5.3682394e-02;8.2500000e+01;-9.6565515e-02;8.2500000e+01;-1.3893887e-01;8.2500000e+01;-1.8011746e-01;8.2500000e+01;-7.2280861e-02;8.2500000e+01;-3.9912838e-02;8.2500000e+01;1.6733952e-02;8.2500000e+01;8.1687979e-02;8.2500000e+01;1.5556861e-01;8.2500000e+01;2.1363959e-01;8.2500000e+01;2.5568026e-01;8.2500000e+01;2.8610894e-01;8.2500000e+01;2.7614221e-01;8.2500000e+01;2.2770050e-01;8.2500000e+01;1.4977154e-01;8.2500000e+01;8.6230956e-02;8.2500000e+01;3.4735404e-02;8.2500000e+01;-1.0657266e-02;8.2500000e+01;-5.3682394e-02;8.2500000e+01;-9.6565515e-02;8.2500000e+01;-1.3893887e-01;8.2500000e+01;-1.8011746e-01;8.2500000e+01;-7.2280861e-02;8.2500000e+01;-3.9912838e-02;8.2500000e+01;1.6733952e-02;8.2500000e+01;8.1687979e-02;8.2500000e+01;1.5556861e-01;8.2500000e+01;2.1363959e-01;8.2500000e+01;2.5568026e-01;8.2500000e+01;2.8610894e-01;8.2500000e+01;2.7614221e-01;8.2500000e+01;2.2770050e-01;8.2500000e+01;1.4977154e-01;8.2500000e+01;8.6230956e-02;8.2500000e+01;3.4735404e-02;8.2500000e+01;-1.0657266e-02;8.2500000e+01;-5.3682394e-02;8.2500000e+01;-9.6565515e-02;8.2500000e+01;-1.3893887e-01;8.2500000e+01;-1.8011746e-01;8.2500000e+01;-7.2280861e-02;8.2500000e+01;-3.9912838e-02;8.2500000e+01;1.6733952e-02;8.2500000e+01;8.1687979e-02;8.2500000e+01;1.5556861e-01;8.2500000e+01;2.1363959e-01;8.2500000e+01;2.5568026e-01;8.2500000e+01;2.8610894e-01;8.2500000e+01;2.7614221e-01;8.2500000e+01;2.2770050e-01;8.2500000e+01;1.4977154e-01;8.2500000e+01;8.6230956e-02;8.2500000e+01;3.4735404e-02;8.2500000e+01;-1.0657266e-02;8.2500000e+01;-5.3682394e-02;8.2500000e+01;-9.6565515e-02;8.2500000e+01;-1.3893887e-01;8.2500000e+01;-1.8011746e-01;8.2500000e+01;-7.2280861e-02;8.2500000e+01;-3.9912838e-02;8.2500000e+01;1.6733952e-02;8.2500000e+01;8.1687979e-02;8.2500000e+01;1.5556861e-01;8.2500000e+01;2.1363959e-01;8.2500000e+01;2.5568026e-01;8.2500000e+01;2.8610894e-01;8.2500000e+01;2.7614221e-01;8.2500000e+01;2.2770050e-01;8.2500000e+01;1.4977154e-01;8.2500000e+01;8.6230956e-02;8.2500000e+01;3.4735404e-02;8.2500000e+01;-1.0657266e-02;8.2500000e+01;-5.3682394e-02;8.2500000e+01;-9.6565515e-02;8.2500000e+01;-1.3893887e-01;8.2500000e+01;-1.8011746e-01;8.2500000e+01;-7.2280861e-02;8.2500000e+01;-3.9912838e-02;8.2500000e+01;1.6733952e-02;8.2500000e+01;8.1687979e-02;8.2500000e+01;1.5556861e-01;8.2500000e+01;2.1363959e-01;8.2500000e+01;2.5568026e-01;8.2500000e+01;2.8610894e-01;8.2500000e+01;2.7614221e-01;8.2500000e+01;2.2770050e-01;8.2500000e+01;1.4977154e-01;8.2500000e+01;8.6230956e-02;8.2500000e+01;3.4735404e-02;8.2500000e+01;-1.0657266e-02;8.2500000e+01;-5.3682394e-02;8.2500000e+01;-9.6565515e-02;8.2500000e+01;-1.3893887e-01;8.2500000e+01;-1.8011746e-01;8.2500000e+01;-7.2280861e-02;8.2500000e+01;-3.9912838e-02;8.2500000e+01;1.6733952e-02;8.2500000e+01;8.1687979e-02;8.2500000e+01;1.5556861e-01;8.2500000e+01;2.1363959e-01;8.2500000e+01;2.5568026e-01;8.2500000e+01;2.8610894e-01;8.2500000e+01;2.7614221e-01;8.2500000e+01;2.2770050e-01;8.2500000e+01;1.4977154e-01;8.2500000e+01;8.6230956e-02;8.2500000e+01;3.4735404e-02;8.2500000e+01;-1.0657266e-02;8.2500000e+01;-5.3682394e-02;8.2500000e+01;-9.6565515e-02;8.2500000e+01;-1.3893887e-01;8.2500000e+01;-1.8011746e-01;8.2500000e+01;-7.2280861e-02;8.2500000e+01;-3.9912838e-02;8.2500000e+01;1.6733952e-02;8.2500000e+01;8.1687979e-02;8.2500000e+01;1.5556861e-01;8.2500000e+01;2.1363959e-01;8.2500000e+01;2.5568026e-01;8.2500000e+01;2.8610894e-01;8.2500000e+01;2.7614221e-01;8.2500000e+01;2.2770050e-01;8.2500000e+01;1.4977154e-01;8.2500000e+01;8.6230956e-02;8.2500000e+01;3.4735404e-02;8.2500000e+01;-1.0657266e-02;8.2500000e+01;-5.3682394e-02;8.2500000e+01;-9.6565515e-02;8.2500000e+01;-1.3893887e-01;8.2500000e+01;-1.8011746e-01;8.2500000e+01;-7.2280861e-02;8.2500000e+01;-3.9912838e-02;8.2500000e+01;1.6733952e-02;8.2500000e+01;8.1687979e-02;8.2500000e+01;1.5556861e-01;8.2500000e+01;2.1363959e-01;8.2500000e+01;2.5568026e-01;8.2500000e+01;2.8610894e-01;8.2500000e+01;2.7614221e-01;8.2500000e+01;2.2770050e-01;8.2500000e+01;1.4977154e-01;8.2500000e+01;8.6230956e-02;8.2500000e+01;3.4735404e-02;8.2500000e+01;-1.0657266e-02;8.2500000e+01;-5.3682394e-02;8.2500000e+01;-9.6565515e-02;8.2500000e+01;-1.3893887e-01;8.2500000e+01;-1.8011746e-01;8.2500000e+01;-7.2280861e-02;8.2500000e+01;-3.9912838e-02;8.2500000e+01;1.6733952e-02;8.2500000e+01;8.1687979e-02;8.2500000e+01;1.5556861e-01;8.2500000e+01;2.1363959e-01;8.2500000e+01;2.5568026e-01;8.2500000e+01;2.8610894e-01;8.2500000e+01;2.7614221e-01;8.2500000e+01;2.2770050e-01;8.2500000e+01;1.4977154e-01;8.2500000e+01;8.6230956e-02;8.2500000e+01;3.4735404e-02;8.2500000e+01;-1.0657266e-02;8.2500000e+01;-5.3682394e-02;8.2500000e+01;-9.6565515e-02;8.2500000e+01;-1.3893887e-01;8.2500000e+01;-1.8011746e-01;8.2500000e+01;-7.2280861e-02;8.2500000e+01;-3.9912838e-02;8.2500000e+01;1.6733952e-02;8.2500000e+01;8.1687979e-02;8.2500000e+01;1.5556861e-01;8.2500000e+01;2.1363959e-01;8.2500000e+01;2.5568026e-01;8.2500000e+01;2.8610894e-01;8.2500000e+01;2.7614221e-01;8.2500000e+01;2.2770050e-01;8.2500000e+01;1.4977154e-01;8.2500000e+01;8.6230956e-02;8.2500000e+01;3.4735404e-02;8.2500000e+01;-1.0657266e-02;8.2500000e+01;-5.3682394e-02;8.2500000e+01;-9.6565515e-02;8.2500000e+01;-1.3893887e-01;8.2500000e+01;-1.8011746e-01;8.2500000e+01;-7.2280861e-02;8.2500000e+01;-3.9912838e-02;8.2500000e+01;1.6733952e-02;8.2500000e+01;8.1687979e-02;8.2500000e+01;1.5556861e-01;8.2500000e+01;2.1363959e-01;8.2500000e+01;2.5568026e-01;8.2500000e+01;2.8610894e-01;8.2500000e+01;2.7614221e-01;8.2500000e+01;2.2770050e-01;8.2500000e+01;1.4977154e-01;8.2500000e+01;8.6230956e-02;8.2500000e+01;3.4735404e-02;8.2500000e+01;-1.0657266e-02;8.2500000e+01;-5.3682394e-02;8.2500000e+01;-9.6565515e-02;8.2500000e+01;-1.3893887e-01;8.2500000e+01;-1.8011746e-01;8.2500000e+01;-7.2280861e-02;8.2500000e+01;-3.9912838e-02;8.2500000e+01;1.6733952e-02;8.2500000e+01;8.1687979e-02;8.2500000e+01;1.5556861e-01;8.2500000e+01;2.1363959e-01;8.2500000e+01;2.5568026e-01;8.2500000e+01;2.8610894e-01;8.2500000e+01;2.7614221e-01;8.2500000e+01;2.2770050e-01;8.2500000e+01;1.4977154e-01;8.2500000e+01;8.6230956e-02;8.2500000e+01;3.4735404e-02;8.2500000e+01;-1.0657266e-02;8.2500000e+01;-5.3682394e-02;8.2500000e+01;-9.6565515e-02;8.2500000e+01;-1.3893887e-01;8.2500000e+01;-1.8011746e-01;8.2500000e+01;-7.2280861e-02;8.2500000e+01;-3.9912838e-02;8.2500000e+01;1.6733952e-02;8.2500000e+01;8.1687979e-02;8.2500000e+01;1.5556861e-01;8.2500000e+01;2.1363959e-01;8.2500000e+01;2.5568026e-01;8.2500000e+01;2.8610894e-01;8.2500000e+01;2.7614221e-01;8.2500000e+01;2.2770050e-01;8.2500000e+01;1.4977154e-01;8.2500000e+01;8.6230956e-02;8.2500000e+01;3.4735404e-02;8.2500000e+01;-1.0657266e-02;8.2500000e+01;-5.3682394e-02;8.2500000e+01;-9.6565515e-02;8.2500000e+01;-1.3893887e-01;8.2500000e+01;-1.8011746e-01;8.2500000e+01;-7.2280861e-02;8.2500000e+01;-3.9912838e-02;8.2500000e+01;1.6733952e-02;8.2500000e+01;8.1687979e-02;8.2500000e+01;1.5556861e-01;8.2500000e+01;2.1363959e-01;8.2500000e+01;2.5568026e-01;8.2500000e+01;2.8610894e-01;8.2500000e+01;2.7614221e-01;8.2500000e+01;2.2770050e-01;8.2500000e+01;1.4977154e-01;8.2500000e+01;8.6230956e-02;8.2500000e+01;3.4735404e-02;8.2500000e+01;-1.0657266e-02;8.2500000e+01;-5.3682394e-02;8.2500000e+01;-9.6565515e-02;8.2500000e+01;-1.3893887e-01;8.2500000e+01;-1.8011746e-01;8.2500000e+01;-7.2280861e-02;8.2500000e+01;-3.9912838e-02;8.2500000e+01;1.6733952e-02;8.2500000e+01;8.1687979e-02;8.2500000e+01;1.5556861e-01;8.2500000e+01;2.1363959e-01;8.2500000e+01;2.5568026e-01;8.2500000e+01;2.8610894e-01;8.2500000e+01;2.7614221e-01;8.2500000e+01;2.2770050e-01;8.2500000e+01;1.4977154e-01;8.2500000e+01;8.6230956e-02;8.2500000e+01;3.4735404e-02;8.2500000e+01;-1.0657266e-02;8.2500000e+01;-5.3682394e-02;8.2500000e+01;-9.6565515e-02;8.2500000e+01;-1.3893887e-01;8.2500000e+01;-1.8011746e-01;8.2500000e+01;-7.2280861e-02;8.2500000e+01;-3.9912838e-02;8.2500000e+01;1.6733952e-02;8.2500000e+01;8.1687979e-02;8.2500000e+01;1.5556861e-01;8.2500000e+01;2.1363959e-01;8.2500000e+01;2.5568026e-01;8.2500000e+01;2.8610894e-01;8.2500000e+01;2.7614221e-01;8.2500000e+01;2.2770050e-01;8.2500000e+01;1.4977154e-01;8.2500000e+01;8.6230956e-02;8.2500000e+01;3.4735404e-02;8.2500000e+01;-1.0657266e-02;8.2500000e+01;-5.3682394e-02;8.2500000e+01;-9.6565515e-02;8.2500000e+01;-1.3893887e-01;8.2500000e+01;-1.8011746e-01;8.2500000e+01;-7.2280861e-02;8.2500000e+01;-3.9912838e-02;8.2500000e+01;1.6733952e-02;8.2500000e+01;8.1687979e-02;8.2500000e+01;1.5556861e-01;8.2500000e+01;2.1363959e-01;8.2500000e+01;2.5568026e-01;8.2500000e+01;2.8610894e-01;8.2500000e+01;2.7614221e-01;8.2500000e+01;2.2770050e-01;8.2500000e+01;1.4977154e-01;8.2500000e+01;8.6230956e-02;8.2500000e+01;3.4735404e-02;8.2500000e+01;-1.0657266e-02;8.2500000e+01;-5.3682394e-02;8.2500000e+01;-9.6565515e-02;8.2500000e+01;-1.3893887e-01;8.2500000e+01;-1.8011746e-01;8.2500000e+01;-7.2280861e-02;8.2500000e+01;-3.9912838e-02;8.2500000e+01;1.6733952e-02;8.2500000e+01;8.1687979e-02;8.2500000e+01;1.5556861e-01;8.2500000e+01;2.1363959e-01;8.2500000e+01;2.5568026e-01;8.2500000e+01;2.8610894e-01;8.2500000e+01;2.7614221e-01;8.2500000e+01;2.2770050e-01;8.2500000e+01;1.4977154e-01;8.2500000e+01;8.6230956e-02;8.2500000e+01;3.4735404e-02;8.2500000e+01;-1.0657266e-02;8.2500000e+01;-5.3682394e-02;8.2500000e+01;-9.6565515e-02;8.2500000e+01;-1.3893887e-01;8.2500000e+01;-1.8011746e-01;8.2500000e+01;-7.2280861e-02;8.2500000e+01;-3.9912838e-02;8.2500000e+01;1.6733952e-02;8.2500000e+01;8.1687979e-02;8.2500000e+01;1.5556861e-01;8.2500000e+01;2.1363959e-01;8.2500000e+01;2.5568026e-01;8.2500000e+01;2.8610894e-01;8.2500000e+01;2.7614221e-01;8.2500000e+01;2.2770050e-01;8.2500000e+01;1.4977154e-01;8.2500000e+01;8.6230956e-02;8.2500000e+01;3.4735404e-02;8.2500000e+01;-1.0657266e-02;8.2500000e+01;-5.3682394e-02;8.2500000e+01;-9.6565515e-02;8.2500000e+01;-1.3893887e-01;8.2500000e+01;-1.8011746e-01;8.2500000e+01;-7.2280861e-02;8.2500000e+01;-3.9912838e-02;8.2500000e+01;1.6733952e-02;8.2500000e+01;8.1687979e-02;8.2500000e+01;1.5556861e-01;8.2500000e+01;2.1363959e-01;8.2500000e+01;2.5568026e-01;8.2500000e+01;2.8610894e-01;8.2500000e+01;2.7614221e-01;8.2500000e+01;2.2770050e-01;8.2500000e+01;1.4977154e-01;8.2500000e+01;8.6230956e-02;8.2500000e+01;3.4735404e-02;8.2500000e+01;-1.0657266e-02;8.2500000e+01;-5.3682394e-02;8.2500000e+01;-9.6565515e-02;8.2500000e+01;-1.3893887e-01;8.2500000e+01;-1.8011746e-01;8.2500000e+01;-7.2280861e-02;8.2500000e+01;-3.9912838e-02;8.2500000e+01;1.6733952e-02;8.2500000e+01;8.1687979e-02;8.2500000e+01;1.5556861e-01;8.2500000e+01;2.1363959e-01;8.2500000e+01;2.5568026e-01;8.2500000e+01;2.8610894e-01;8.2500000e+01;2.7614221e-01;8.2500000e+01;2.2770050e-01;8.2500000e+01;1.4977154e-01;8.2500000e+01;8.6230956e-02;8.2500000e+01;3.4735404e-02;8.2500000e+01;-1.0657266e-02;8.2500000e+01;-5.3682394e-02;8.2500000e+01;-9.6565515e-02;8.2500000e+01;-1.3893887e-01;8.2500000e+01;-1.8011746e-01;8.2500000e+01;-7.2280861e-02;8.2500000e+01;-3.9912838e-02;8.2500000e+01;1.6733952e-02;8.2500000e+01;8.1687979e-02;8.2500000e+01;1.5556861e-01;8.2500000e+01;2.1363959e-01;8.2500000e+01;2.5568026e-01;8.2500000e+01;2.8610894e-01;8.2500000e+01;2.7614221e-01;8.2500000e+01;2.2770050e-01;8.2500000e+01;1.4977154e-01;8.2500000e+01;8.6230956e-02;8.2500000e+01;3.4735404e-02;8.2500000e+01;-1.0657266e-02;8.2500000e+01;-5.3682394e-02;8.2500000e+01;-9.6565515e-02;8.2500000e+01;-1.3893887e-01;8.2500000e+01;-1.8011746e-01;8.2500000e+01;-7.2280861e-02;8.2500000e+01;-3.9912838e-02;8.2500000e+01;1.6733952e-02;8.2500000e+01;8.1687979e-02;8.2500000e+01;1.5556861e-01;8.2500000e+01;2.1363959e-01;8.2500000e+01;2.5568026e-01;8.2500000e+01;2.8610894e-01;8.2500000e+01;2.7614221e-01;8.2500000e+01;2.2770050e-01;8.2500000e+01;1.4977154e-01;8.2500000e+01;8.6230956e-02;8.2500000e+01;3.4735404e-02;8.2500000e+01;-1.0657266e-02;8.2500000e+01;-5.3682394e-02;8.2500000e+01;-9.6565515e-02;8.2500000e+01;-1.3893887e-01;8.2500000e+01;-1.8011746e-01;8.2500000e+01;-7.2280861e-02;8.2500000e+01;-3.9912838e-02;8.2500000e+01;1.6733952e-02;8.2500000e+01;8.1687979e-02;8.2500000e+01;1.5556861e-01;8.2500000e+01;2.1363959e-01;8.2500000e+01;2.5568026e-01;8.2500000e+01;2.8610894e-01;8.2500000e+01;2.7614221e-01;8.2500000e+01;2.2770050e-01;8.2500000e+01;1.4977154e-01;8.2500000e+01;8.6230956e-02;8.2500000e+01;3.4735404e-02;8.2500000e+01;-1.0657266e-02;8.2500000e+01;-5.3682394e-02;8.2500000e+01;-9.6565515e-02;8.2500000e+01;-1.3893887e-01;8.2500000e+01;-1.8011746e-01;8.2500000e+01;-7.2280861e-02;8.2500000e+01;-3.9912838e-02;8.2500000e+01;1.6733952e-02;8.2500000e+01;8.1687979e-02;8.2500000e+01;1.5556861e-01;8.2500000e+01;2.1363959e-01;8.2500000e+01;2.5568026e-01;8.2500000e+01;2.8610894e-01;8.2500000e+01;2.7614221e-01;8.2500000e+01;2.2770050e-01;8.2500000e+01;1.4977154e-01;8.2500000e+01;8.6230956e-02;8.2500000e+01;3.4735404e-02;8.2500000e+01;-1.0657266e-02;8.2500000e+01;-5.3682394e-02;8.2500000e+01;-9.6565515e-02;8.2500000e+01;-1.3893887e-01;8.2500000e+01;-1.8011746e-01;8.2500000e+01;-7.2280861e-02;8.2500000e+01;-3.9912838e-02;8.2500000e+01;1.6733952e-02;8.2500000e+01;8.1687979e-02;8.2500000e+01;1.5556861e-01;8.2500000e+01;2.1363959e-01;8.2500000e+01;2.5568026e-01;8.2500000e+01;2.8610894e-01;8.2500000e+01;2.7614221e-01;8.2500000e+01;2.2770050e-01;8.2500000e+01;1.4977154e-01;8.2500000e+01;8.6230956e-02;8.2500000e+01;3.4735404e-02;8.2500000e+01;-1.0657266e-02;8.2500000e+01;-5.3682394e-02;8.2500000e+01;-9.6565515e-02;8.2500000e+01;-1.3893887e-01;8.2500000e+01;-1.8011746e-01;8.2500000e+01;-7.2280861e-02;8.2500000e+01;-3.9912838e-02;8.2500000e+01;1.6733952e-02;8.2500000e+01;8.1687979e-02;8.2500000e+01;1.5556861e-01;8.2500000e+01;2.1363959e-01;8.2500000e+01;2.5568026e-01;8.2500000e+01;2.8610894e-01;8.2500000e+01;2.7614221e-01;8.2500000e+01;2.2770050e-01;8.2500000e+01;1.4977154e-01;8.2500000e+01;8.6230956e-02;8.2500000e+01;3.4735404e-02;8.2500000e+01;-1.0657266e-02;8.2500000e+01;-5.3682394e-02;8.2500000e+01;-9.6565515e-02;8.2500000e+01;-1.3893887e-01;8.2500000e+01;-1.8011746e-01;8.2500000e+01;-7.2280861e-02;8.2500000e+01;-3.9912838e-02;8.2500000e+01;1.6733952e-02;8.2500000e+01;8.1687979e-02;8.2500000e+01;1.5556861e-01;8.2500000e+01;2.1363959e-01;8.2500000e+01;2.5568026e-01;8.2500000e+01;2.8610894e-01;8.2500000e+01;2.7614221e-01;8.2500000e+01;2.2770050e-01;8.2500000e+01;1.4977154e-01;8.2500000e+01;8.6230956e-02;8.2500000e+01;3.4735404e-02;8.2500000e+01;-1.0657266e-02;8.2500000e+01;-5.3682394e-02;8.2500000e+01;-9.6565515e-02;8.2500000e+01;-1.3893887e-01;8.2500000e+01;-1.8011746e-01;8.2500000e+01;-7.2280861e-02;8.2500000e+01;-3.9912838e-02;8.2500000e+01;1.6733952e-02;8.2500000e+01;8.1687979e-02;8.2500000e+01;1.5556861e-01;8.2500000e+01;2.1363959e-01;8.2500000e+01;2.5568026e-01;8.2500000e+01;2.8610894e-01;8.2500000e+01;2.7614221e-01;8.2500000e+01;2.2770050e-01;8.2500000e+01;1.4977154e-01;8.2500000e+01;8.6230956e-02;8.2500000e+01;3.4735404e-02;8.2500000e+01;-1.0657266e-02;8.2500000e+01;-5.3682394e-02;8.2500000e+01;-9.6565515e-02;8.2500000e+01;-1.3893887e-01;8.2500000e+01;-1.8011746e-01;8.2500000e+01;-7.2280861e-02;8.2500000e+01;-3.9912838e-02;8.2500000e+01;1.6733952e-02;8.2500000e+01;8.1687979e-02;8.2500000e+01;1.5556861e-01;8.2500000e+01;2.1363959e-01;8.2500000e+01;2.5568026e-01;8.2500000e+01;2.8610894e-01;8.2500000e+01;2.7614221e-01;8.2500000e+01;2.2770050e-01;8.2500000e+01;1.4977154e-01;8.2500000e+01;8.6230956e-02;8.2500000e+01;3.4735404e-02;8.2500000e+01;-1.0657266e-02;8.2500000e+01;-5.3682394e-02;8.2500000e+01;-9.6565515e-02;8.2500000e+01;-1.3893887e-01;8.2500000e+01;-1.8011746e-01;8.2500000e+01;-7.2280861e-02;8.2500000e+01;-3.9912838e-02;8.2500000e+01;1.6733952e-02;8.2500000e+01;8.1687979e-02;8.2500000e+01;1.5556861e-01;8.2500000e+01;2.1363959e-01;8.2500000e+01;2.5568026e-01;8.2500000e+01;2.8610894e-01;8.2500000e+01;2.7614221e-01;8.2500000e+01;2.2770050e-01;8.2500000e+01;1.4977154e-01;8.2500000e+01;8.6230956e-02;8.2500000e+01;3.4735404e-02;8.2500000e+01;-1.0657266e-02;8.2500000e+01;-5.3682394e-02;8.2500000e+01;-9.6565515e-02;8.2500000e+01;-1.3893887e-01;8.2500000e+01;-1.8011746e-01;8.2500000e+01;-7.2280861e-02;8.2500000e+01;-3.9912838e-02;8.2500000e+01;1.6733952e-02;8.2500000e+01;8.1687979e-02;8.2500000e+01;1.5556861e-01;8.2500000e+01;2.1363959e-01;8.2500000e+01;2.5568026e-01;8.2500000e+01;2.8610894e-01;8.2500000e+01;2.7614221e-01;8.2500000e+01;2.2770050e-01;8.2500000e+01;1.4977154e-01;8.2500000e+01;8.6230956e-02;8.2500000e+01;3.4735404e-02;8.2500000e+01;-1.0657266e-02;8.2500000e+01;-5.3682394e-02;8.2500000e+01;-9.6565515e-02;8.2500000e+01;-1.3893887e-01;8.2500000e+01;-1.8011746e-01;8.2500000e+01;-7.2280861e-02;8.2500000e+01;-3.9912838e-02;8.2500000e+01;1.6733952e-02;8.2500000e+01;8.1687979e-02;8.2500000e+01;1.5556861e-01;8.2500000e+01;2.1363959e-01;8.2500000e+01;2.5568026e-01;8.2500000e+01;2.8610894e-01;8.2500000e+01;2.7614221e-01;8.2500000e+01;2.2770050e-01;8.2500000e+01;1.4977154e-01;8.2500000e+01;8.6230956e-02;8.2500000e+01;3.4735404e-02;8.2500000e+01;-1.0657266e-02;8.2500000e+01;-5.3682394e-02;8.2500000e+01;-9.6565515e-02;8.2500000e+01;-1.3893887e-01;8.2500000e+01;-1.8011746e-01;8.2500000e+01;-7.2280861e-02;8.2500000e+01;-3.9912838e-02;8.2500000e+01;1.6733952e-02;8.2500000e+01;8.1687979e-02;8.2500000e+01;1.5556861e-01;8.2500000e+01;2.1363959e-01;8.2500000e+01;2.5568026e-01;8.2500000e+01;2.8610894e-01;8.2500000e+01;2.7614221e-01;8.2500000e+01;2.2770050e-01;8.2500000e+01;1.4977154e-01;8.2500000e+01;8.6230956e-02;8.2500000e+01;3.4735404e-02;8.2500000e+01;-1.0657266e-02;8.2500000e+01;-5.3682394e-02;8.2500000e+01;-9.6565515e-02;8.2500000e+01;-1.3893887e-01;8.2500000e+01;-1.8011746e-01;8.2500000e+01;-7.2280861e-02;8.2500000e+01;-3.9912838e-02;8.2500000e+01;1.6733952e-02;8.2500000e+01;8.1687979e-02;8.2500000e+01;1.5556861e-01;8.2500000e+01;2.1363959e-01;8.2500000e+01;2.5568026e-01;8.2500000e+01;2.8610894e-01;8.2500000e+01;2.7614221e-01;8.2500000e+01;2.2770050e-01;8.2500000e+01;1.4977154e-01;8.2500000e+01;8.6230956e-02;8.2500000e+01;3.4735404e-02;8.2500000e+01;-1.0657266e-02;8.2500000e+01;-5.3682394e-02;8.2500000e+01;-9.6565515e-02;8.2500000e+01;-1.3893887e-01;8.2500000e+01;-1.8011746e-01;8.2500000e+01;-7.2280861e-02;8.2500000e+01;-3.9912838e-02;8.2500000e+01;1.6733952e-02;8.2500000e+01;8.1687979e-02;8.2500000e+01;1.5556861e-01;8.2500000e+01;2.1363959e-01;8.2500000e+01;2.5568026e-01;8.2500000e+01;2.8610894e-01;8.2500000e+01;2.7614221e-01;8.2500000e+01;2.2770050e-01;8.2500000e+01;1.4977154e-01;8.2500000e+01;8.6230956e-02;8.2500000e+01;3.4735404e-02;8.2500000e+01;-1.0657266e-02;8.2500000e+01;-5.3682394e-02;8.2500000e+01;-9.6565515e-02;8.2500000e+01;-1.3893887e-01;8.2500000e+01;-1.8011746e-01;8.2500000e+01;-7.2280861e-02;8.2500000e+01;-3.9912838e-02;8.2500000e+01;1.6733952e-02;8.2500000e+01;8.1687979e-02;8.2500000e+01;1.5556861e-01;8.2500000e+01;2.1363959e-01;8.2500000e+01;2.5568026e-01;8.2500000e+01;2.8610894e-01;8.2500000e+01;2.7614221e-01;8.2500000e+01;2.2770050e-01;8.2500000e+01;1.4977154e-01;8.2500000e+01;8.6230956e-02;8.2500000e+01;3.4735404e-02;8.2500000e+01;-1.0657266e-02;8.2500000e+01;-5.3682394e-02;8.2500000e+01;-9.6565515e-02;8.2500000e+01;-1.3893887e-01;8.2500000e+01;-1.8011746e-01;8.2500000e+01;-7.2280861e-02;8.2500000e+01;-3.9912838e-02;8.2500000e+01;1.6733952e-02;8.2500000e+01;8.1687979e-02;8.2500000e+01;1.5556861e-01;8.2500000e+01;2.1363959e-01;8.2500000e+01;2.5568026e-01;8.2500000e+01;2.8610894e-01;8.2500000e+01;2.7614221e-01;8.2500000e+01;2.2770050e-01;8.2500000e+01;1.4977154e-01;8.2500000e+01;8.6230956e-02;8.2500000e+01;3.4735404e-02;8.2500000e+01;-1.0657266e-02;8.2500000e+01;-5.3682394e-02;8.2500000e+01;-9.6565515e-02;8.2500000e+01;-1.3893887e-01;8.2500000e+01;-1.8011746e-01;8.2500000e+01;-7.2280861e-02;8.2500000e+01;-3.9912838e-02;8.2500000e+01;1.6733952e-02;8.2500000e+01;8.1687979e-02;8.2500000e+01;1.5556861e-01;8.2500000e+01;2.1363959e-01;8.2500000e+01;2.5568026e-01;8.2500000e+01;2.8610894e-01;8.2500000e+01;2.7614221e-01;8.2500000e+01;2.2770050e-01;8.2500000e+01;1.4977154e-01;8.2500000e+01;8.6230956e-02;8.2500000e+01;3.4735404e-02;8.2500000e+01;-1.0657266e-02;8.2500000e+01;-5.3682394e-02;8.2500000e+01;-9.6565515e-02;8.2500000e+01;-1.3893887e-01;8.2500000e+01;-1.8011746e-01;8.2500000e+01;-7.2280861e-02;8.2500000e+01;-3.9912838e-02;8.2500000e+01;1.6733952e-02;8.2500000e+01;8.1687979e-02;8.2500000e+01;1.5556861e-01;8.2500000e+01;2.1363959e-01;8.2500000e+01;2.5568026e-01;8.2500000e+01;2.8610894e-01;8.2500000e+01;2.7614221e-01;8.2500000e+01;2.2770050e-01;8.2500000e+01;1.4977154e-01;8.2500000e+01;8.6230956e-02;8.2500000e+01;3.4735404e-02;8.2500000e+01;-1.0657266e-02;8.2500000e+01;-5.3682394e-02;8.2500000e+01;-9.6565515e-02;8.2500000e+01;-1.3893887e-01;8.2500000e+01;-1.8011746e-01;8.2500000e+01;-7.2280861e-02;8.2500000e+01;-3.9912838e-02;8.2500000e+01;1.6733952e-02;8.2500000e+01;8.1687979e-02;8.2500000e+01;1.5556861e-01;8.2500000e+01;2.1363959e-01;8.2500000e+01;2.5568026e-01;8.2500000e+01;2.8610894e-01;8.2500000e+01;2.7614221e-01;8.2500000e+01;2.2770050e-01;8.2500000e+01;1.4977154e-01;8.2500000e+01;8.6230956e-02;8.2500000e+01;3.4735404e-02;8.2500000e+01;-1.0657266e-02;8.2500000e+01;-5.3682394e-02;8.2500000e+01;-9.6565515e-02;8.2500000e+01;-1.3893887e-01;8.2500000e+01;-1.8011746e-01;8.2500000e+01;-7.2280861e-02;8.2500000e+01;-3.9912838e-02;8.2500000e+01;1.6733952e-02;8.2500000e+01;8.1687979e-02;8.2500000e+01;1.5556861e-01;8.2500000e+01;2.1363959e-01;8.2500000e+01;2.5568026e-01;8.2500000e+01;2.8610894e-01;8.2500000e+01;2.7614221e-01;8.2500000e+01;2.2770050e-01;8.2500000e+01;1.4977154e-01;8.2500000e+01;8.6230956e-02;8.2500000e+01;3.4735404e-02;8.2500000e+01;-1.0657266e-02;8.2500000e+01;-5.3682394e-02;8.2500000e+01;-9.6565515e-02;8.2500000e+01;-1.3893887e-01;8.2500000e+01;-1.8011746e-01;8.2500000e+01;-7.2280861e-02;8.2500000e+01;-3.9912838e-02;8.2500000e+01;1.6733952e-02;8.2500000e+01;8.1687979e-02;8.2500000e+01;1.5556861e-01;8.2500000e+01;2.1363959e-01;8.2500000e+01;2.5568026e-01;8.2500000e+01;2.8610894e-01;8.2500000e+01;2.7614221e-01;8.2500000e+01;2.2770050e-01;8.2500000e+01;1.4977154e-01;8.2500000e+01;8.6230956e-02;8.2500000e+01;3.4735404e-02;8.2500000e+01;-1.0657266e-02;8.2500000e+01;-5.3682394e-02;8.2500000e+01;-9.6565515e-02;8.2500000e+01;-1.3893887e-01;8.2500000e+01;-1.8011746e-01;8.2500000e+01;-7.2280861e-02;8.2500000e+01;-3.9912838e-02;8.2500000e+01;1.6733952e-02;8.2500000e+01;8.1687979e-02;8.2500000e+01;1.5556861e-01;8.2500000e+01;2.1363959e-01;8.2500000e+01;2.5568026e-01;8.2500000e+01;2.8610894e-01;8.2500000e+01;2.7614221e-01;8.2500000e+01;2.2770050e-01;8.2500000e+01;1.4977154e-01;8.2500000e+01;8.6230956e-02;8.2500000e+01;3.4735404e-02;8.2500000e+01;-1.0657266e-02;8.2500000e+01;-5.3682394e-02;8.2500000e+01;-9.6565515e-02;8.2500000e+01;-1.3893887e-01;8.2500000e+01;-1.8011746e-01;8.2500000e+01;-7.2280861e-02;8.2500000e+01;-3.9912838e-02;8.2500000e+01;1.6733952e-02;8.2500000e+01;8.1687979e-02;8.2500000e+01;1.5556861e-01;8.2500000e+01;2.1363959e-01;8.2500000e+01;2.5568026e-01;8.2500000e+01;2.8610894e-01;8.2500000e+01;2.7614221e-01;8.2500000e+01;2.2770050e-01;8.2500000e+01;1.4977154e-01;8.2500000e+01;8.6230956e-02;8.2500000e+01;3.4735404e-02;8.2500000e+01;-1.0657266e-02;8.2500000e+01;-5.3682394e-02;8.2500000e+01;-9.6565515e-02;8.2500000e+01;-1.3893887e-01;8.2500000e+01;-1.8011746e-01;8.2500000e+01;-7.2280861e-02;8.2500000e+01;-3.9912838e-02;8.2500000e+01;1.6733952e-02;8.2500000e+01;8.1687979e-02;8.2500000e+01;1.5556861e-01;8.2500000e+01;2.1363959e-01;8.2500000e+01;2.5568026e-01;8.2500000e+01;2.8610894e-01;8.2500000e+01;2.7614221e-01;8.2500000e+01;2.2770050e-01;8.2500000e+01;1.4977154e-01;8.2500000e+01;8.6230956e-02;8.2500000e+01;3.4735404e-02;8.2500000e+01;-1.0657266e-02;8.2500000e+01;-5.3682394e-02;8.2500000e+01;-9.6565515e-02;8.2500000e+01;-1.3893887e-01;8.2500000e+01;-1.8011746e-01;8.2500000e+01;-7.2280861e-02;8.2500000e+01;-3.9912838e-02;8.2500000e+01;1.6733952e-02;8.2500000e+01;8.1687979e-02;8.2500000e+01;1.5556861e-01;8.2500000e+01;2.1363959e-01;8.2500000e+01;2.5568026e-01;8.2500000e+01;2.8610894e-01;8.2500000e+01;2.7614221e-01;8.2500000e+01;2.2770050e-01;8.2500000e+01;1.4977154e-01;8.2500000e+01;8.6230956e-02;8.2500000e+01;3.4735404e-02;8.2500000e+01;-1.0657266e-02;8.2500000e+01;-5.3682394e-02;8.2500000e+01;-9.6565515e-02;8.2500000e+01;-1.3893887e-01;8.2500000e+01;-1.8011746e-01;8.2500000e+01;-7.2280861e-02;8.2500000e+01;-3.9912838e-02;8.2500000e+01;1.6733952e-02;8.2500000e+01;8.1687979e-02;8.2500000e+01;1.5556861e-01;8.2500000e+01;2.1363959e-01;8.2500000e+01;2.5568026e-01;8.2500000e+01;2.8610894e-01;8.2500000e+01;2.7614221e-01;8.2500000e+01;2.2770050e-01;8.2500000e+01;1.4977154e-01;8.2500000e+01;8.6230956e-02;8.2500000e+01;3.4735404e-02;8.2500000e+01;-1.0657266e-02;8.2500000e+01;-5.3682394e-02;8.2500000e+01;-9.6565515e-02;8.2500000e+01;-1.3893887e-01;8.2500000e+01;-1.8011746e-01;8.2500000e+01;-7.2280861e-02;8.2500000e+01;-3.9912838e-02;8.2500000e+01;1.6733952e-02;8.2500000e+01;8.1687979e-02;8.2500000e+01;1.5556861e-01;8.2500000e+01;2.1363959e-01;8.2500000e+01;2.5568026e-01;8.2500000e+01;2.8610894e-01;8.2500000e+01;2.7614221e-01;8.2500000e+01;2.2770050e-01;8.2500000e+01;1.4977154e-01;8.2500000e+01;8.6230956e-02;8.2500000e+01;3.4735404e-02;8.2500000e+01;-1.0657266e-02;8.2500000e+01;-5.3682394e-02;8.2500000e+01;-9.6565515e-02;8.2500000e+01;-1.3893887e-01;8.2500000e+01;-1.8011746e-01;8.2500000e+01;-7.2280861e-02;8.2500000e+01;-3.9912838e-02;8.2500000e+01;1.6733952e-02;8.2500000e+01;8.1687979e-02;8.2500000e+01;1.5556861e-01;8.2500000e+01;2.1363959e-01;8.2500000e+01;2.5568026e-01;8.2500000e+01;2.8610894e-01;8.2500000e+01;2.7614221e-01;8.2500000e+01;2.2770050e-01;8.2500000e+01;1.4977154e-01;8.2500000e+01;8.6230956e-02;8.2500000e+01;3.4735404e-02;8.2500000e+01;-1.0657266e-02;8.2500000e+01;-5.3682394e-02;8.2500000e+01;-9.6565515e-02;8.2500000e+01;-1.3893887e-01;8.2500000e+01;-1.8011746e-01;8.2500000e+01;-7.2280861e-02;8.2500000e+01;-3.9912838e-02;8.2500000e+01;1.6733952e-02;8.2500000e+01;8.1687979e-02;8.2500000e+01;1.5556861e-01;8.2500000e+01;2.1363959e-01;8.2500000e+01;2.5568026e-01;8.2500000e+01;2.8610894e-01;8.2500000e+01;2.7614221e-01;8.2500000e+01;2.2770050e-01;8.2500000e+01;1.4977154e-01;8.2500000e+01;8.6230956e-02;8.2500000e+01;3.4735404e-02;8.2500000e+01;-1.0657266e-02;8.2500000e+01;-5.3682394e-02;8.2500000e+01;-9.6565515e-02;8.2500000e+01;-1.3893887e-01;8.2500000e+01;-1.8011746e-01;8.2500000e+01;-7.2280861e-02;8.2500000e+01;-3.9912838e-02;8.2500000e+01;1.6733952e-02;8.2500000e+01;8.1687979e-02;8.2500000e+01;1.5556861e-01;8.2500000e+01;2.1363959e-01;8.2500000e+01;2.5568026e-01;8.2500000e+01;2.8610894e-01;8.2500000e+01;2.7614221e-01;8.2500000e+01;2.2770050e-01;8.2500000e+01;1.4977154e-01;8.2500000e+01;8.6230956e-02;8.2500000e+01;3.4735404e-02;8.2500000e+01;-1.0657266e-02;8.2500000e+01;-5.3682394e-02;8.2500000e+01;-9.6565515e-02;8.2500000e+01;-1.3893887e-01;8.2500000e+01;-1.8011746e-01;8.2500000e+01;-7.2280861e-02;8.2500000e+01;-3.9912838e-02;8.2500000e+01;1.6733952e-02;8.2500000e+01;8.1687979e-02;8.2500000e+01;1.5556861e-01;8.2500000e+01;2.1363959e-01;8.2500000e+01;2.5568026e-01;8.2500000e+01;2.8610894e-01;8.2500000e+01;2.7614221e-01;8.2500000e+01;2.2770050e-01;8.2500000e+01;1.4977154e-01;8.2500000e+01;8.6230956e-02;8.2500000e+01;3.4735404e-02;8.2500000e+01;-1.0657266e-02;8.2500000e+01;-5.3682394e-02;8.2500000e+01;-9.6565515e-02;8.2500000e+01;-1.3893887e-01;8.2500000e+01;-1.8011746e-01;8.2500000e+01;-7.2280861e-02;8.2500000e+01;-3.9912838e-02;8.2500000e+01;1.6733952e-02;8.2500000e+01;8.1687979e-02;8.2500000e+01;1.5556861e-01;8.2500000e+01;2.1363959e-01;8.2500000e+01;2.5568026e-01;8.2500000e+01;2.8610894e-01;8.2500000e+01;2.7614221e-01;8.2500000e+01;2.2770050e-01;8.2500000e+01;1.4977154e-01;8.2500000e+01;8.6230956e-02;8.2500000e+01;3.4735404e-02;8.2500000e+01;-1.0657266e-02;8.2500000e+01;-5.3682394e-02;8.2500000e+01;-9.6565515e-02;8.2500000e+01;-1.3893887e-01;8.2500000e+01;-1.8011746e-01;8.2500000e+01;-7.2280861e-02;8.2500000e+01;-3.9912838e-02;8.2500000e+01;1.6733952e-02;8.2500000e+01;8.1687979e-02;8.2500000e+01;1.5556861e-01;8.2500000e+01;2.1363959e-01;8.2500000e+01;2.5568026e-01;8.2500000e+01;2.8610894e-01;8.2500000e+01;2.7614221e-01;8.2500000e+01;2.2770050e-01;8.2500000e+01;1.4977154e-01;8.2500000e+01;8.6230956e-02;8.2500000e+01;3.4735404e-02;8.2500000e+01;-1.0657266e-02;8.2500000e+01;-5.3682394e-02;8.2500000e+01;-9.6565515e-02;8.2500000e+01;-1.3893887e-01;8.2500000e+01;-1.8011746e-01;8.2500000e+01;-7.2280861e-02;8.2500000e+01;-3.9912838e-02;8.2500000e+01;1.6733952e-02;8.2500000e+01;8.1687979e-02;8.2500000e+01;1.5556861e-01;8.2500000e+01;2.1363959e-01;8.2500000e+01;2.5568026e-01;8.2500000e+01;2.8610894e-01;8.2500000e+01;2.7614221e-01;8.2500000e+01;2.2770050e-01;8.2500000e+01;1.4977154e-01;8.2500000e+01;8.6230956e-02;8.2500000e+01;3.4735404e-02;8.2500000e+01;-1.0657266e-02;8.2500000e+01;-5.3682394e-02;8.2500000e+01;-9.6565515e-02;8.2500000e+01;-1.3893887e-01;8.2500000e+01;-1.8011746e-01;8.2500000e+01;-7.2280861e-02;8.2500000e+01;-3.9912838e-02;8.2500000e+01;1.6733952e-02;8.2500000e+01;8.1687979e-02;8.2500000e+01;1.5556861e-01;8.2500000e+01;2.1363959e-01;8.2500000e+01;2.5568026e-01;8.2500000e+01;2.8610894e-01;8.2500000e+01;2.7614221e-01;8.2500000e+01;2.2770050e-01;8.2500000e+01;1.4977154e-01;8.2500000e+01;8.6230956e-02;8.2500000e+01;3.4735404e-02;8.2500000e+01;-1.0657266e-02;8.2500000e+01;-5.3682394e-02;8.2500000e+01;-9.6565515e-02;8.2500000e+01;-1.3893887e-01;8.2500000e+01;-1.8011746e-01;8.2500000e+01;-7.2280861e-02;8.2500000e+01;-3.9912838e-02;8.2500000e+01;1.6733952e-02;8.2500000e+01;8.1687979e-02;8.2500000e+01;1.5556861e-01;8.2500000e+01;2.1363959e-01;8.2500000e+01;2.5568026e-01;8.2500000e+01;2.8610894e-01;8.2500000e+01;2.7614221e-01;8.2500000e+01;2.2770050e-01;8.2500000e+01;1.4977154e-01;8.2500000e+01;8.6230956e-02;8.2500000e+01;3.4735404e-02;8.2500000e+01;-1.0657266e-02;8.2500000e+01;-5.3682394e-02;8.2500000e+01;-9.6565515e-02;8.2500000e+01;-1.3893887e-01;8.2500000e+01;-1.8011746e-01;8.2500000e+01;-7.2280861e-02;8.2500000e+01;-3.9912838e-02;8.2500000e+01;1.6733952e-02;8.2500000e+01;8.1687979e-02;8.2500000e+01;1.5556861e-01;8.2500000e+01;2.1363959e-01;8.2500000e+01;2.5568026e-01;8.2500000e+01;2.8610894e-01;8.2500000e+01;2.7614221e-01;8.2500000e+01;2.2770050e-01;8.2500000e+01;1.4977154e-01;8.2500000e+01;8.6230956e-02;8.2500000e+01;3.4735404e-02;8.2500000e+01;-1.0657266e-02;8.2500000e+01;-5.3682394e-02;8.2500000e+01;-9.6565515e-02;8.2500000e+01;-1.3893887e-01;8.2500000e+01;-1.8011746e-01;8.2500000e+01;-7.2280861e-02;8.2500000e+01;-3.9912838e-02;8.2500000e+01;1.6733952e-02;8.2500000e+01;8.1687979e-02;8.2500000e+01;1.5556861e-01;8.2500000e+01;2.1363959e-01;8.2500000e+01;2.5568026e-01;8.2500000e+01;2.8610894e-01;8.2500000e+01;2.7614221e-01;8.2500000e+01;2.2770050e-01;8.2500000e+01;1.4977154e-01;8.2500000e+01;8.6230956e-02;8.2500000e+01;3.4735404e-02;8.2500000e+01;-1.0657266e-02;8.2500000e+01;-5.3682394e-02;8.2500000e+01;-9.6565515e-02;8.2500000e+01;-1.3893887e-01;8.2500000e+01;-1.8011746e-01;8.2500000e+01;-7.2280861e-02;8.2500000e+01;-3.9912838e-02;8.2500000e+01;1.6733952e-02;8.2500000e+01;8.1687979e-02;8.2500000e+01;1.5556861e-01;8.2500000e+01;2.1363959e-01;8.2500000e+01;2.5568026e-01;8.2500000e+01;2.8610894e-01;8.2500000e+01;2.7614221e-01;8.2500000e+01;2.2770050e-01;8.2500000e+01;1.4977154e-01;8.2500000e+01;8.6230956e-02;8.2500000e+01;3.4735404e-02;8.2500000e+01;-1.0657266e-02;8.2500000e+01;-5.3682394e-02;8.2500000e+01;-9.6565515e-02;8.2500000e+01;-1.3893887e-01;8.2500000e+01;-1.8011746e-01;8.2500000e+01;-7.2280861e-02;8.2500000e+01;-3.9912838e-02;8.2500000e+01;1.6733952e-02;8.2500000e+01;8.1687979e-02;8.2500000e+01;1.5556861e-01;8.2500000e+01;2.1363959e-01;8.2500000e+01;2.5568026e-01;8.2500000e+01;2.8610894e-01;8.2500000e+01;2.7614221e-01;8.2500000e+01;2.2770050e-01;8.2500000e+01;1.4977154e-01;8.2500000e+01;8.6230956e-02;8.2500000e+01;3.4735404e-02;8.2500000e+01;-1.0657266e-02;8.2500000e+01;-5.3682394e-02;8.2500000e+01;-9.6565515e-02;8.2500000e+01;-1.3893887e-01;8.2500000e+01;-1.8011746e-01;8.2500000e+01;-7.2280861e-02;8.2500000e+01;-3.9912838e-02;8.2500000e+01;1.6733952e-02;8.2500000e+01;8.1687979e-02;8.2500000e+01;1.5556861e-01;8.2500000e+01;2.1363959e-01;8.2500000e+01;2.5568026e-01;8.2500000e+01;2.8610894e-01;8.2500000e+01;2.7614221e-01;8.2500000e+01;2.2770050e-01;8.2500000e+01;1.4977154e-01;8.2500000e+01;8.6230956e-02;8.2500000e+01;3.4735404e-02;8.2500000e+01;-1.0657266e-02;8.2500000e+01;-5.3682394e-02;8.2500000e+01;-9.6565515e-02;8.2500000e+01;-1.3893887e-01;8.2500000e+01;-1.8011746e-01;8.2500000e+01;-7.2280861e-02;8.2500000e+01;-3.9912838e-02;8.2500000e+01;1.6733952e-02;8.2500000e+01;8.1687979e-02;8.2500000e+01;1.5556861e-01;8.2500000e+01;2.1363959e-01;8.2500000e+01;2.5568026e-01;8.2500000e+01;2.8610894e-01;8.2500000e+01;2.7614221e-01;8.2500000e+01;2.2770050e-01;8.2500000e+01;1.4977154e-01;8.2500000e+01;8.6230956e-02;8.2500000e+01;3.4735404e-02;8.2500000e+01;-1.0657266e-02;8.2500000e+01;-5.3682394e-02;8.2500000e+01;-9.6565515e-02;8.2500000e+01;-1.3893887e-01;8.2500000e+01;-1.8011746e-01;8.2500000e+01;-7.2280861e-02;8.2500000e+01;-3.9912838e-02;8.2500000e+01;1.6733952e-02;8.2500000e+01;8.1687979e-02;8.2500000e+01;1.5556861e-01;8.2500000e+01;2.1363959e-01;8.2500000e+01;2.5568026e-01;8.2500000e+01;2.8610894e-01;8.2500000e+01;2.7614221e-01;8.2500000e+01;2.2770050e-01;8.2500000e+01;1.4977154e-01;8.2500000e+01;8.6230956e-02;8.2500000e+01;3.4735404e-02;8.2500000e+01;-1.0657266e-02;8.2500000e+01;-5.3682394e-02;8.2500000e+01;-9.6565515e-02;8.2500000e+01;-1.3893887e-01;8.2500000e+01;-1.8011746e-01;8.2500000e+01;-7.2280861e-02;8.2500000e+01;-3.9912838e-02;8.2500000e+01;1.6733952e-02;8.2500000e+01;8.1687979e-02;8.2500000e+01;1.5556861e-01;8.2500000e+01;2.1363959e-01;8.2500000e+01;2.5568026e-01;8.2500000e+01;2.8610894e-01;8.2500000e+01;2.7614221e-01;8.2500000e+01;2.2770050e-01;8.2500000e+01;1.4977154e-01;8.2500000e+01;8.6230956e-02;8.2500000e+01;3.4735404e-02;8.2500000e+01;-1.0657266e-02;8.2500000e+01;-5.3682394e-02;8.2500000e+01;-9.6565515e-02;8.2500000e+01;-1.3893887e-01;8.2500000e+01;-1.8011746e-01;8.2500000e+01;-7.2280861e-02;8.2500000e+01;-3.9912838e-02;8.2500000e+01;1.6733952e-02;8.2500000e+01;8.1687979e-02;8.2500000e+01;1.5556861e-01;8.2500000e+01;2.1363959e-01;8.2500000e+01;2.5568026e-01;8.2500000e+01;2.8610894e-01;8.2500000e+01;2.7614221e-01;8.2500000e+01;2.2770050e-01;8.2500000e+01;1.4977154e-01;8.2500000e+01;8.6230956e-02;8.2500000e+01;3.4735404e-02;8.2500000e+01;-1.0657266e-02;8.2500000e+01;-5.3682394e-02;8.2500000e+01;-9.6565515e-02;8.2500000e+01;-1.3893887e-01;8.2500000e+01;-1.8011746e-01;8.2500000e+01;-7.2280861e-02;8.2500000e+01;-3.9912838e-02;8.2500000e+01;1.6733952e-02;8.2500000e+01;8.1687979e-02;8.2500000e+01;1.5556861e-01;8.2500000e+01;2.1363959e-01;8.2500000e+01;2.5568026e-01;8.2500000e+01;2.8610894e-01;8.2500000e+01;2.7614221e-01;8.2500000e+01;2.2770050e-01;8.2500000e+01;1.4977154e-01;8.2500000e+01;8.6230956e-02;8.2500000e+01;3.4735404e-02;8.2500000e+01;-1.0657266e-02;8.2500000e+01;-5.3682394e-02;8.2500000e+01;-9.6565515e-02;8.2500000e+01;-1.3893887e-01;8.2500000e+01;-1.8011746e-01;8.2500000e+01;-7.2280861e-02;8.2500000e+01;-3.9912838e-02;8.2500000e+01;1.6733952e-02;8.2500000e+01;8.1687979e-02;8.2500000e+01;1.5556861e-01;8.2500000e+01;2.1363959e-01;8.2500000e+01;2.5568026e-01;8.2500000e+01;2.8610894e-01;8.2500000e+01;2.7614221e-01;8.2500000e+01;2.2770050e-01;8.2500000e+01;1.4977154e-01;8.2500000e+01;8.6230956e-02;8.2500000e+01;3.4735404e-02;8.2500000e+01;-1.0657266e-02;8.2500000e+01;-5.3682394e-02;8.2500000e+01;-9.6565515e-02;8.2500000e+01;-1.3893887e-01;8.2500000e+01;-1.8011746e-01;8.2500000e+01;-7.2280861e-02;8.2500000e+01;-3.9912838e-02;8.2500000e+01;1.6733952e-02;8.2500000e+01;8.1687979e-02;8.2500000e+01;1.5556861e-01;8.2500000e+01;2.1363959e-01;8.2500000e+01;2.5568026e-01;8.2500000e+01;2.8610894e-01;8.2500000e+01;2.7614221e-01;8.2500000e+01;2.2770050e-01;8.2500000e+01;1.4977154e-01;8.2500000e+01;8.6230956e-02;8.2500000e+01;3.4735404e-02;8.2500000e+01;-1.0657266e-02;8.2500000e+01;-5.3682394e-02;8.2500000e+01;-9.6565515e-02;8.2500000e+01;-1.3893887e-01;8.2500000e+01;-1.8011746e-01;8.2500000e+01;-7.2280861e-02;8.2500000e+01;-3.9912838e-02;8.2500000e+01;1.6733952e-02;8.2500000e+01;8.1687979e-02;8.2500000e+01;1.5556861e-01;8.2500000e+01;2.1363959e-01;8.2500000e+01;2.5568026e-01;8.2500000e+01;2.8610894e-01;8.2500000e+01;2.7614221e-01;8.2500000e+01;2.2770050e-01;8.2500000e+01;1.4977154e-01;8.2500000e+01;8.6230956e-02;8.2500000e+01;3.4735404e-02;8.2500000e+01;-1.0657266e-02;8.2500000e+01;-5.3682394e-02;8.2500000e+01;-9.6565515e-02;8.2500000e+01;-1.3893887e-01;8.2500000e+01;-1.8011746e-01;8.2500000e+01;-7.2280861e-02;8.2500000e+01;-3.9912838e-02;8.2500000e+01;1.6733952e-02;8.2500000e+01;8.1687979e-02;8.2500000e+01;1.5556861e-01;8.2500000e+01;2.1363959e-01;8.2500000e+01;2.5568026e-01;8.2500000e+01;2.8610894e-01;8.2500000e+01;2.7614221e-01;8.2500000e+01;2.2770050e-01;8.2500000e+01;1.4977154e-01;8.2500000e+01;8.6230956e-02;8.2500000e+01;3.4735404e-02;8.2500000e+01;-1.0657266e-02;8.2500000e+01;-5.3682394e-02;8.2500000e+01;-9.6565515e-02;8.2500000e+01;-1.3893887e-01;8.2500000e+01;-1.8011746e-01;8.2500000e+01;-7.2280861e-02;8.2500000e+01;-3.9912838e-02;8.2500000e+01;1.6733952e-02;8.2500000e+01;8.1687979e-02;8.2500000e+01;1.5556861e-01;8.2500000e+01;2.1363959e-01;8.2500000e+01;2.5568026e-01;8.2500000e+01;2.8610894e-01;8.2500000e+01;2.7614221e-01;8.2500000e+01;2.2770050e-01;8.2500000e+01;1.4977154e-01;8.2500000e+01;8.6230956e-02;8.2500000e+01;3.4735404e-02;8.2500000e+01;-1.0657266e-02;8.2500000e+01;-5.3682394e-02;8.2500000e+01;-9.6565515e-02;8.2500000e+01;-1.3893887e-01;8.2500000e+01;-1.8011746e-01;8.2500000e+01;-7.2280861e-02;8.2500000e+01;-3.9912838e-02;8.2500000e+01;1.6733952e-02;8.2500000e+01;8.1687979e-02;8.2500000e+01;1.5556861e-01;8.2500000e+01;2.1363959e-01;8.2500000e+01;2.5568026e-01;8.2500000e+01;2.8610894e-01;8.2500000e+01;2.7614221e-01;8.2500000e+01;2.2770050e-01;8.2500000e+01;1.4977154e-01;8.2500000e+01;8.6230956e-02;8.2500000e+01;3.4735404e-02;8.2500000e+01;-1.0657266e-02;8.2500000e+01;-5.3682394e-02;8.2500000e+01;-9.6565515e-02;8.2500000e+01;-1.3893887e-01;8.2500000e+01;-1.8011746e-01;8.2500000e+01;-7.2280861e-02;8.2500000e+01;-3.9912838e-02;8.2500000e+01;1.6733952e-02;8.2500000e+01;8.1687979e-02;8.2500000e+01;1.5556861e-01;8.2500000e+01;2.1363959e-01;8.2500000e+01;2.5568026e-01;8.2500000e+01;2.8610894e-01;8.2500000e+01;2.7614221e-01;8.2500000e+01;2.2770050e-01;8.2500000e+01;1.4977154e-01;8.2500000e+01;8.6230956e-02;8.2500000e+01;3.4735404e-02;8.2500000e+01;-1.0657266e-02;8.2500000e+01;-5.3682394e-02;8.2500000e+01;-9.6565515e-02;8.2500000e+01;-1.3893887e-01;8.2500000e+01;-1.8011746e-01;8.2500000e+01;-7.2280861e-02;8.2500000e+01;-3.9912838e-02;8.2500000e+01;1.6733952e-02;8.2500000e+01;8.1687979e-02;8.2500000e+01;1.5556861e-01;8.2500000e+01;2.1363959e-01;8.2500000e+01;2.5568026e-01;8.2500000e+01;2.8610894e-01;8.2500000e+01;2.7614221e-01;8.2500000e+01;2.2770050e-01;8.2500000e+01;1.4977154e-01;8.2500000e+01;8.6230956e-02;8.2500000e+01;3.4735404e-02;8.2500000e+01;-1.0657266e-02;8.2500000e+01;-5.3682394e-02;8.2500000e+01;-9.6565515e-02;8.2500000e+01;-1.3893887e-01;8.2500000e+01;-1.8011746e-01;8.2500000e+01;-7.2280861e-02;8.2500000e+01;-3.9912838e-02;8.2500000e+01;1.6733952e-02;8.2500000e+01;8.1687979e-02;8.2500000e+01;1.5556861e-01;8.2500000e+01;2.1363959e-01;8.2500000e+01;2.5568026e-01;8.2500000e+01;2.8610894e-01;8.2500000e+01;2.7614221e-01;8.2500000e+01;2.2770050e-01;8.2500000e+01;1.4977154e-01;8.2500000e+01;8.6230956e-02;8.2500000e+01;3.4735404e-02;8.2500000e+01;-1.0657266e-02;8.2500000e+01;-5.3682394e-02;8.2500000e+01;-9.6565515e-02;8.2500000e+01;-1.3893887e-01;8.2500000e+01;-1.8011746e-01;8.2500000e+01;-7.2280861e-02;8.2500000e+01;-3.9912838e-02;8.2500000e+01;1.6733952e-02;8.2500000e+01;8.1687979e-02;8.2500000e+01;1.5556861e-01;8.2500000e+01;2.1363959e-01;8.2500000e+01;2.5568026e-01;8.2500000e+01;2.8610894e-01;8.2500000e+01;2.7614221e-01;8.2500000e+01;2.2770050e-01;8.2500000e+01;1.4977154e-01;8.2500000e+01;8.6230956e-02;8.2500000e+01;3.4735404e-02;8.2500000e+01;-1.0657266e-02;8.2500000e+01;-5.3682394e-02;8.2500000e+01;-9.6565515e-02;8.2500000e+01;-1.3893887e-01;8.2500000e+01;-1.8011746e-01;8.2500000e+01;-7.2280861e-02;8.2500000e+01;-3.9912838e-02;8.2500000e+01;1.6733952e-02;8.2500000e+01;8.1687979e-02;8.2500000e+01;1.5556861e-01;8.2500000e+01;2.1363959e-01;8.2500000e+01;2.5568026e-01;8.2500000e+01;2.8610894e-01;8.2500000e+01;2.7614221e-01;8.2500000e+01;2.2770050e-01;8.2500000e+01;1.4977154e-01;8.2500000e+01;8.6230956e-02;8.2500000e+01;3.4735404e-02;8.2500000e+01;-1.0657266e-02;8.2500000e+01;-5.3682394e-02;8.2500000e+01;-9.6565515e-02;8.2500000e+01;-1.3893887e-01;8.2500000e+01;-1.8011746e-01;8.2500000e+01;-7.2280861e-02;8.2500000e+01;-3.9912838e-02;8.2500000e+01;1.6733952e-02;8.2500000e+01;8.1687979e-02;8.2500000e+01;1.5556861e-01;8.2500000e+01;2.1363959e-01;8.2500000e+01;2.5568026e-01;8.2500000e+01;2.8610894e-01;8.2500000e+01;2.7614221e-01;8.2500000e+01;2.2770050e-01;8.2500000e+01;1.4977154e-01;8.2500000e+01;8.6230956e-02;8.2500000e+01;3.4735404e-02;8.2500000e+01;-1.0657266e-02;8.2500000e+01;-5.3682394e-02;8.2500000e+01;-9.6565515e-02;8.2500000e+01;-1.3893887e-01;8.2500000e+01;-1.8011746e-01;8.2500000e+01;-7.2280861e-02;8.2500000e+01;-3.9912838e-02;8.2500000e+01;1.6733952e-02;8.2500000e+01;8.1687979e-02;8.2500000e+01;1.5556861e-01;8.2500000e+01;2.1363959e-01;8.2500000e+01;2.5568026e-01;8.2500000e+01;2.8610894e-01;8.2500000e+01;2.7614221e-01;8.2500000e+01;2.2770050e-01;8.2500000e+01;1.4977154e-01;8.2500000e+01;8.6230956e-02;8.2500000e+01;3.4735404e-02;8.2500000e+01;-1.0657266e-02;8.2500000e+01;-5.3682394e-02;8.2500000e+01;-9.6565515e-02;8.2500000e+01;-1.3893887e-01;8.2500000e+01;-1.8011746e-01;8.2500000e+01;-7.2280861e-02;8.2500000e+01;-3.9912838e-02;8.2500000e+01;1.6733952e-02;8.2500000e+01;8.1687979e-02;8.2500000e+01;1.5556861e-01;8.2500000e+01;2.1363959e-01;8.2500000e+01;2.5568026e-01;8.2500000e+01;2.8610894e-01;8.2500000e+01;2.7614221e-01;8.2500000e+01;2.2770050e-01;8.2500000e+01;1.4977154e-01;8.2500000e+01;8.6230956e-02;8.2500000e+01;3.4735404e-02;8.2500000e+01;-1.0657266e-02;8.2500000e+01;-5.3682394e-02;8.2500000e+01;-9.6565515e-02;8.2500000e+01;-1.3893887e-01;8.2500000e+01;-1.8011746e-01;8.2500000e+01;-7.2280861e-02;8.2500000e+01;-3.9912838e-02;8.2500000e+01;1.6733952e-02;8.2500000e+01;8.1687979e-02;8.2500000e+01;1.5556861e-01;8.2500000e+01;2.1363959e-01;8.2500000e+01;2.5568026e-01;8.2500000e+01;2.8610894e-01;8.2500000e+01;2.7614221e-01;8.2500000e+01;2.2770050e-01;8.2500000e+01;1.4977154e-01;8.2500000e+01;8.6230956e-02;8.2500000e+01;3.4735404e-02;8.2500000e+01;-1.0657266e-02;8.2500000e+01;-5.3682394e-02;8.2500000e+01;-9.6565515e-02;8.2500000e+01;-1.3893887e-01;8.2500000e+01;-1.8011746e-01;8.2500000e+01;-7.2280861e-02;8.2500000e+01;-3.9912838e-02;8.2500000e+01;1.6733952e-02;8.2500000e+01;8.1687979e-02;8.2500000e+01;1.5556861e-01;8.2500000e+01;2.1363959e-01;8.2500000e+01;2.5568026e-01;8.2500000e+01;2.8610894e-01;8.2500000e+01;2.7614221e-01;8.2500000e+01;2.2770050e-01;8.2500000e+01;1.4977154e-01;8.2500000e+01;8.6230956e-02;8.2500000e+01;3.4735404e-02;8.2500000e+01;-1.0657266e-02;8.2500000e+01;-5.3682394e-02;8.2500000e+01;-9.6565515e-02;8.2500000e+01;-1.3893887e-01;8.2500000e+01;-1.8011746e-01;8.2500000e+01;-7.2280861e-02;8.2500000e+01;-3.9912838e-02;8.2500000e+01;1.6733952e-02;8.2500000e+01;8.1687979e-02;8.2500000e+01;1.5556861e-01;8.2500000e+01;2.1363959e-01;8.2500000e+01;2.5568026e-01;8.2500000e+01;2.8610894e-01;8.2500000e+01;2.7614221e-01;8.2500000e+01;2.2770050e-01;8.2500000e+01;1.4977154e-01;8.2500000e+01;8.6230956e-02;8.2500000e+01;3.4735404e-02;8.2500000e+01;-1.0657266e-02;8.2500000e+01;-5.3682394e-02;8.2500000e+01;-9.6565515e-02;8.2500000e+01;-1.3893887e-01;8.2500000e+01;-1.8011746e-01;8.2500000e+01;-7.2280861e-02;8.2500000e+01;-3.9912838e-02;8.2500000e+01;1.6733952e-02;8.2500000e+01;8.1687979e-02;8.2500000e+01;1.5556861e-01;8.2500000e+01;2.1363959e-01;8.2500000e+01;2.5568026e-01;8.2500000e+01;2.8610894e-01;8.2500000e+01;2.7614221e-01;8.2500000e+01;2.2770050e-01;8.2500000e+01;1.4977154e-01;8.2500000e+01;8.6230956e-02;8.2500000e+01;3.4735404e-02;8.2500000e+01;-1.0657266e-02;8.2500000e+01;-5.3682394e-02;8.2500000e+01;-9.6565515e-02;8.2500000e+01;-1.3893887e-01;8.2500000e+01;-1.8011746e-01;8.2500000e+01;-7.2280861e-02;8.2500000e+01;-3.9912838e-02;8.2500000e+01;1.6733952e-02;8.2500000e+01;8.1687979e-02;8.2500000e+01;1.5556861e-01;8.2500000e+01;2.1363959e-01;8.2500000e+01;2.5568026e-01;8.2500000e+01;2.8610894e-01;8.2500000e+01;2.7614221e-01;8.2500000e+01;2.2770050e-01;8.2500000e+01;1.4977154e-01;8.2500000e+01;8.6230956e-02;8.2500000e+01;3.4735404e-02;8.2500000e+01;-1.0657266e-02;8.2500000e+01;-5.3682394e-02;8.2500000e+01;-9.6565515e-02;8.2500000e+01;-1.3893887e-01;8.2500000e+01;-1.8011746e-01;8.2500000e+01;-7.2280861e-02;8.2500000e+01;-3.9912838e-02;8.2500000e+01;1.6733952e-02;8.2500000e+01;8.1687979e-02;8.2500000e+01;1.5556861e-01;8.2500000e+01;2.1363959e-01;8.2500000e+01;2.5568026e-01;8.2500000e+01;2.8610894e-01;8.2500000e+01;2.7614221e-01;8.2500000e+01;2.2770050e-01;8.2500000e+01;1.4977154e-01;8.2500000e+01;8.6230956e-02;8.2500000e+01;3.4735404e-02;8.2500000e+01;-1.0657266e-02;8.2500000e+01;-5.3682394e-02;8.2500000e+01;-9.6565515e-02;8.2500000e+01;-1.3893887e-01;8.2500000e+01;-1.8011746e-01;8.2500000e+01;-7.2280861e-02;8.2500000e+01;-3.9912838e-02;8.2500000e+01;1.6733952e-02;8.2500000e+01;8.1687979e-02;8.2500000e+01;1.5556861e-01;8.2500000e+01;2.1363959e-01;8.2500000e+01;2.5568026e-01;8.2500000e+01;2.8610894e-01;8.2500000e+01;2.7614221e-01;8.2500000e+01;2.2770050e-01;8.2500000e+01;1.4977154e-01;8.2500000e+01;8.6230956e-02;8.2500000e+01;3.4735404e-02;8.2500000e+01;-1.0657266e-02;8.2500000e+01;-5.3682394e-02;8.2500000e+01;-9.6565515e-02;8.2500000e+01;-1.3893887e-01;8.2500000e+01;-1.8011746e-01;8.2500000e+01;-7.2280861e-02;8.2500000e+01;-3.9912838e-02;8.2500000e+01;1.6733952e-02;8.2500000e+01;8.1687979e-02;8.2500000e+01;1.5556861e-01;8.2500000e+01;2.1363959e-01;8.2500000e+01;2.5568026e-01;8.2500000e+01;2.8610894e-01;8.2500000e+01;2.7614221e-01;8.2500000e+01;2.2770050e-01;8.2500000e+01;1.4977154e-01;8.2500000e+01;8.6230956e-02;8.2500000e+01;3.4735404e-02;8.2500000e+01;-1.0657266e-02;8.2500000e+01;-5.3682394e-02;8.2500000e+01;-9.6565515e-02;8.2500000e+01;-1.3893887e-01;8.2500000e+01;-1.8011746e-01;8.2500000e+01;-7.2280861e-02;8.2500000e+01;-3.9912838e-02;8.2500000e+01;1.6733952e-02;8.2500000e+01;8.1687979e-02;8.2500000e+01;1.5556861e-01;8.2500000e+01;2.1363959e-01;8.2500000e+01;2.5568026e-01;8.2500000e+01;2.8610894e-01;8.2500000e+01;2.7614221e-01;8.2500000e+01;2.2770050e-01;8.2500000e+01;1.4977154e-01;8.2500000e+01;8.6230956e-02;8.2500000e+01;3.4735404e-02;8.2500000e+01;-1.0657266e-02;8.2500000e+01;-5.3682394e-02;8.2500000e+01;-9.6565515e-02;8.2500000e+01;-1.3893887e-01;8.2500000e+01;-1.8011746e-01;8.2500000e+01;-7.2280861e-02;8.2500000e+01;-3.9912838e-02;8.2500000e+01;1.6733952e-02;8.2500000e+01;8.1687979e-02;8.2500000e+01;1.5556861e-01;8.2500000e+01;2.1363959e-01;8.2500000e+01;2.5568026e-01;8.2500000e+01;2.8610894e-01;8.2500000e+01;2.7614221e-01;8.2500000e+01;2.2770050e-01;8.2500000e+01;1.4977154e-01;8.2500000e+01;8.6230956e-02;8.2500000e+01;3.4735404e-02;8.2500000e+01;-1.0657266e-02;8.2500000e+01;-5.3682394e-02;8.2500000e+01;-9.6565515e-02;8.2500000e+01;-1.3893887e-01;8.2500000e+01;-1.8011746e-01;8.2500000e+01;-7.2280861e-02;8.2500000e+01;-3.9912838e-02;8.2500000e+01;1.6733952e-02;8.2500000e+01;8.1687979e-02;8.2500000e+01;1.5556861e-01;8.2500000e+01;2.1363959e-01;8.2500000e+01;2.5568026e-01;8.2500000e+01;2.8610894e-01;8.2500000e+01;2.7614221e-01;8.2500000e+01;2.2770050e-01;8.2500000e+01;1.4977154e-01;8.2500000e+01;8.6230956e-02;8.2500000e+01;3.4735404e-02;8.2500000e+01;-1.0657266e-02;8.2500000e+01;-5.3682394e-02;8.2500000e+01;-9.6565515e-02;8.2500000e+01;-1.3893887e-01;8.2500000e+01;-1.8011746e-01;8.2500000e+01;-7.2280861e-02;8.2500000e+01;-3.9912838e-02;8.2500000e+01;1.6733952e-02;8.2500000e+01;8.1687979e-02;8.2500000e+01;1.5556861e-01;8.2500000e+01;2.1363959e-01;8.2500000e+01;2.5568026e-01;8.2500000e+01;2.8610894e-01;8.2500000e+01;2.7614221e-01;8.2500000e+01;2.2770050e-01;8.2500000e+01;1.4977154e-01;8.2500000e+01;8.6230956e-02;8.2500000e+01;3.4735404e-02;8.2500000e+01;-1.0657266e-02;8.2500000e+01;-5.3682394e-02;8.2500000e+01;-9.6565515e-02;8.2500000e+01;-1.3893887e-01;8.2500000e+01;-1.8011746e-01;8.2500000e+01;-7.2280861e-02;8.2500000e+01;-3.9912838e-02;8.2500000e+01;1.6733952e-02;8.2500000e+01;8.1687979e-02;8.2500000e+01;1.5556861e-01;8.2500000e+01;2.1363959e-01;8.2500000e+01;2.5568026e-01;8.2500000e+01;2.8610894e-01;8.2500000e+01;2.7614221e-01;8.2500000e+01;2.2770050e-01;8.2500000e+01;1.4977154e-01;8.2500000e+01;8.6230956e-02;8.2500000e+01;3.4735404e-02;8.2500000e+01;-1.0657266e-02;8.2500000e+01;-5.3682394e-02;8.2500000e+01;-9.6565515e-02;8.2500000e+01;-1.3893887e-01;8.2500000e+01;-1.8011746e-01;8.2500000e+01;-7.2280861e-02;8.2500000e+01;-3.9912838e-02;8.2500000e+01;1.6733952e-02;8.2500000e+01;8.1687979e-02;8.2500000e+01;1.5556861e-01;8.2500000e+01;2.1363959e-01;8.2500000e+01;2.5568026e-01;8.2500000e+01;2.8610894e-01;8.2500000e+01;2.7614221e-01;8.2500000e+01;2.2770050e-01;8.2500000e+01;1.4977154e-01;8.2500000e+01;8.6230956e-02;8.2500000e+01;3.4735404e-02;8.2500000e+01;-1.0657266e-02;8.2500000e+01;-5.3682394e-02;8.2500000e+01;-9.6565515e-02;8.2500000e+01;-1.3893887e-01;8.2500000e+01;-1.8011746e-01;8.2500000e+01;-7.2280861e-02;8.2500000e+01;-3.9912838e-02;8.2500000e+01;1.6733952e-02;8.2500000e+01;8.1687979e-02;8.2500000e+01;1.5556861e-01;8.2500000e+01;2.1363959e-01;8.2500000e+01;2.5568026e-01;8.2500000e+01;2.8610894e-01;8.2500000e+01;2.7614221e-01;8.2500000e+01;2.2770050e-01;8.2500000e+01;1.4977154e-01;8.2500000e+01;8.6230956e-02;8.2500000e+01;3.4735404e-02;8.2500000e+01;-1.0657266e-02;8.2500000e+01;-5.3682394e-02;8.2500000e+01;-9.6565515e-02;8.2500000e+01;-1.3893887e-01;8.2500000e+01;-1.8011746e-01;8.2500000e+01;-7.2280861e-02;8.2500000e+01;-3.9912838e-02;8.2500000e+01;1.6733952e-02;8.2500000e+01;8.1687979e-02;8.2500000e+01;1.5556861e-01;8.2500000e+01;2.1363959e-01;8.2500000e+01;2.5568026e-01;8.2500000e+01;2.8610894e-01;8.2500000e+01;2.7614221e-01;8.2500000e+01;2.2770050e-01;8.2500000e+01;1.4977154e-01;8.2500000e+01;8.6230956e-02;8.2500000e+01;3.4735404e-02;8.2500000e+01;-1.0657266e-02;8.2500000e+01;-5.3682394e-02;8.2500000e+01;-9.6565515e-02;8.2500000e+01;-1.3893887e-01;8.2500000e+01;-1.8011746e-01;8.2500000e+01;-7.2280861e-02;8.2500000e+01;-3.9912838e-02;8.2500000e+01;1.6733952e-02;8.2500000e+01;8.1687979e-02;8.2500000e+01;1.5556861e-01;8.2500000e+01;2.1363959e-01;8.2500000e+01;2.5568026e-01;8.2500000e+01;2.8610894e-01;8.2500000e+01;2.7614221e-01;8.2500000e+01;2.2770050e-01;8.2500000e+01;1.4977154e-01;8.2500000e+01;8.6230956e-02;8.2500000e+01;3.4735404e-02;8.2500000e+01;-1.0657266e-02;8.2500000e+01;-5.3682394e-02;8.2500000e+01;-9.6565515e-02;8.2500000e+01;-1.3893887e-01;8.2500000e+01;-1.8011746e-01;8.2500000e+01;-7.2280861e-02;8.2500000e+01;-3.9912838e-02;8.2500000e+01;1.6733952e-02;8.2500000e+01;8.1687979e-02;8.2500000e+01;1.5556861e-01;8.2500000e+01;2.1363959e-01;8.2500000e+01;2.5568026e-01;8.2500000e+01;2.8610894e-01;8.2500000e+01;2.7614221e-01;8.2500000e+01;2.2770050e-01;8.2500000e+01;1.4977154e-01;8.2500000e+01;8.6230956e-02;8.2500000e+01;3.4735404e-02;8.2500000e+01;-1.0657266e-02;8.2500000e+01;-5.3682394e-02;8.2500000e+01;-9.6565515e-02;8.2500000e+01;-1.3893887e-01;8.2500000e+01;-1.8011746e-01;8.2500000e+01;-7.2280861e-02;8.2500000e+01;-3.9912838e-02;8.2500000e+01;1.6733952e-02;8.2500000e+01;8.1687979e-02;8.2500000e+01;1.5556861e-01;8.2500000e+01;2.1363959e-01;8.2500000e+01;2.5568026e-01;8.2500000e+01;2.8610894e-01;8.2500000e+01;2.7614221e-01;8.2500000e+01;2.2770050e-01;8.2500000e+01;1.4977154e-01;8.2500000e+01;8.6230956e-02;8.2500000e+01;3.4735404e-02;8.2500000e+01;-1.0657266e-02;8.2500000e+01;-5.3682394e-02;8.2500000e+01;-9.6565515e-02;8.2500000e+01;-1.3893887e-01;8.2500000e+01;-1.8011746e-01;8.2500000e+01;-7.2280861e-02;8.2500000e+01;-3.9912838e-02;8.2500000e+01;1.6733952e-02;8.2500000e+01;8.1687979e-02;8.2500000e+01;1.5556861e-01;8.2500000e+01;2.1363959e-01;8.2500000e+01;2.5568026e-01;8.2500000e+01;2.8610894e-01;8.2500000e+01;2.7614221e-01;8.2500000e+01;2.2770050e-01;8.2500000e+01;1.4977154e-01;8.2500000e+01;8.6230956e-02;8.2500000e+01;3.4735404e-02;8.2500000e+01;-1.0657266e-02;8.2500000e+01;-5.3682394e-02;8.2500000e+01;-9.6565515e-02;8.2500000e+01;-1.3893887e-01;8.2500000e+01;-1.8011746e-01;8.2500000e+01;-7.2280861e-02;8.2500000e+01;-3.9912838e-02;8.2500000e+01;1.6733952e-02;8.2500000e+01;8.1687979e-02;8.2500000e+01;1.5556861e-01;8.2500000e+01;2.1363959e-01;8.2500000e+01;2.5568026e-01;8.2500000e+01;2.8610894e-01;8.2500000e+01;2.7614221e-01;8.2500000e+01;2.2770050e-01;8.2500000e+01;1.4977154e-01;8.2500000e+01;8.6230956e-02;8.2500000e+01;3.4735404e-02;8.2500000e+01;-1.0657266e-02;8.2500000e+01;-5.3682394e-02;8.2500000e+01;-9.6565515e-02;8.2500000e+01;-1.3893887e-01;8.2500000e+01;-1.8011746e-01;8.2500000e+01;-7.2280861e-02;8.2500000e+01;-3.9912838e-02;8.2500000e+01;1.6733952e-02;8.2500000e+01;8.1687979e-02;8.2500000e+01;1.5556861e-01;8.2500000e+01;2.1363959e-01;8.2500000e+01;2.5568026e-01;8.2500000e+01;2.8610894e-01;8.2500000e+01;2.7614221e-01;8.2500000e+01;2.2770050e-01;8.2500000e+01;1.4977154e-01;8.2500000e+01;8.6230956e-02;8.2500000e+01;3.4735404e-02;8.2500000e+01;-1.0657266e-02;8.2500000e+01;-5.3682394e-02;8.2500000e+01;-9.6565515e-02;8.2500000e+01;-1.3893887e-01;8.2500000e+01;-1.8011746e-01;8.2500000e+01;-7.2280861e-02;8.2500000e+01;-3.9912838e-02;8.2500000e+01;1.6733952e-02;8.2500000e+01;8.1687979e-02;8.2500000e+01;1.5556861e-01;8.2500000e+01;2.1363959e-01;8.2500000e+01;2.5568026e-01;8.2500000e+01;2.8610894e-01;8.2500000e+01;2.7614221e-01;8.2500000e+01;2.2770050e-01;8.2500000e+01;1.4977154e-01;8.2500000e+01;8.6230956e-02;8.2500000e+01;3.4735404e-02;8.2500000e+01;-1.0657266e-02;8.2500000e+01;-5.3682394e-02;8.2500000e+01;-9.6565515e-02;8.2500000e+01;-1.3893887e-01;8.2500000e+01;-1.8011746e-01;8.2500000e+01;-7.2280861e-02;8.2500000e+01;-3.9912838e-02;8.2500000e+01;1.6733952e-02;8.2500000e+01;8.1687979e-02;8.2500000e+01;1.5556861e-01;8.2500000e+01;2.1363959e-01;8.2500000e+01;2.5568026e-01;8.2500000e+01;2.8610894e-01;8.2500000e+01;2.7614221e-01;8.2500000e+01;2.2770050e-01;8.2500000e+01;1.4977154e-01;8.2500000e+01;8.6230956e-02;8.2500000e+01;3.4735404e-02;8.2500000e+01;-1.0657266e-02;8.2500000e+01;-5.3682394e-02;8.2500000e+01;-9.6565515e-02;8.2500000e+01;-1.3893887e-01;8.2500000e+01;-1.8011746e-01;8.2500000e+01;-7.2280861e-02;8.2500000e+01;-3.9912838e-02;8.2500000e+01;1.6733952e-02;8.2500000e+01;8.1687979e-02;8.2500000e+01;1.5556861e-01;8.2500000e+01;2.1363959e-01;8.2500000e+01;2.5568026e-01;8.2500000e+01;2.8610894e-01;8.2500000e+01;2.7614221e-01;8.2500000e+01;2.2770050e-01;8.2500000e+01;1.4977154e-01;8.2500000e+01;8.6230956e-02;8.2500000e+01;3.4735404e-02;8.2500000e+01;-1.0657266e-02;8.2500000e+01;-5.3682394e-02;8.2500000e+01;-9.6565515e-02;8.2500000e+01;-1.3893887e-01;8.2500000e+01;-1.8011746e-01;8.2500000e+01;-7.2280861e-02;8.2500000e+01;-3.9912838e-02;8.2500000e+01;1.6733952e-02;8.2500000e+01;8.1687979e-02;8.2500000e+01;1.5556861e-01;8.2500000e+01;2.1363959e-01;8.2500000e+01;2.5568026e-01;8.2500000e+01;2.8610894e-01;8.2500000e+01;2.7614221e-01;8.2500000e+01;2.2770050e-01;8.2500000e+01;1.4977154e-01;8.2500000e+01;8.6230956e-02;8.2500000e+01;3.4735404e-02;8.2500000e+01;-1.0657266e-02;8.2500000e+01;-5.3682394e-02;8.2500000e+01;-9.6565515e-02;8.2500000e+01;-1.3893887e-01;8.2500000e+01;-1.8011746e-01;8.2500000e+01;-7.2280861e-02;8.2500000e+01;-3.9912838e-02;8.2500000e+01;1.6733952e-02;8.2500000e+01;8.1687979e-02;8.2500000e+01;1.5556861e-01;8.2500000e+01;2.1363959e-01;8.2500000e+01;2.5568026e-01;8.2500000e+01;2.8610894e-01;8.2500000e+01;2.7614221e-01;8.2500000e+01;2.2770050e-01;8.2500000e+01;1.4977154e-01;8.2500000e+01;8.6230956e-02;8.2500000e+01;3.4735404e-02;8.2500000e+01;-1.0657266e-02;8.2500000e+01;-5.3682394e-02;8.2500000e+01;-9.6565515e-02;8.2500000e+01;-1.3893887e-01;8.2500000e+01;-1.8011746e-01;8.2500000e+01;-7.2280861e-02;8.2500000e+01;-3.9912838e-02;8.2500000e+01;1.6733952e-02;8.2500000e+01;8.1687979e-02;8.2500000e+01;1.5556861e-01;8.2500000e+01;2.1363959e-01;8.2500000e+01;2.5568026e-01;8.2500000e+01;2.8610894e-01;8.2500000e+01;2.7614221e-01;8.2500000e+01;2.2770050e-01;8.2500000e+01;1.4977154e-01;8.2500000e+01;8.6230956e-02;8.2500000e+01;3.4735404e-02;8.2500000e+01;-1.0657266e-02;8.2500000e+01;-5.3682394e-02;8.2500000e+01;-9.6565515e-02;8.2500000e+01;-1.3893887e-01;8.2500000e+01;-1.8011746e-01;8.2500000e+01;-7.2280861e-02;8.2500000e+01;-3.9912838e-02;8.2500000e+01;1.6733952e-02;8.2500000e+01;8.1687979e-02;8.2500000e+01;1.5556861e-01;8.2500000e+01;2.1363959e-01;8.2500000e+01;2.5568026e-01;8.2500000e+01;2.8610894e-01;8.2500000e+01;2.7614221e-01;8.2500000e+01;2.2770050e-01;8.2500000e+01;1.4977154e-01;8.2500000e+01;8.6230956e-02;8.2500000e+01;3.4735404e-02;8.2500000e+01;-1.0657266e-02;8.2500000e+01;-5.3682394e-02;8.2500000e+01;-9.6565515e-02;8.2500000e+01;-1.3893887e-01;8.2500000e+01;-1.8011746e-01;8.2500000e+01;-7.2280861e-02;8.2500000e+01;-3.9912838e-02;8.2500000e+01;1.6733952e-02;8.2500000e+01;8.1687979e-02;8.2500000e+01;1.5556861e-01;8.2500000e+01;2.1363959e-01;8.2500000e+01;2.5568026e-01;8.2500000e+01;2.8610894e-01;8.2500000e+01;2.7614221e-01;8.2500000e+01;2.2770050e-01;8.2500000e+01;1.4977154e-01;8.2500000e+01;8.6230956e-02;8.2500000e+01;3.4735404e-02;8.2500000e+01;-1.0657266e-02;8.2500000e+01;-5.3682394e-02;8.2500000e+01;-9.6565515e-02;8.2500000e+01;-1.3893887e-01;8.2500000e+01;-1.8011746e-01;8.2500000e+01;-7.2280861e-02;8.2500000e+01;-3.9912838e-02;8.2500000e+01;1.6733952e-02;8.2500000e+01;8.1687979e-02;8.2500000e+01;1.5556861e-01;8.2500000e+01;2.1363959e-01;8.2500000e+01;2.5568026e-01;8.2500000e+01;2.8610894e-01;8.2500000e+01;2.7614221e-01;8.2500000e+01;2.2770050e-01;8.2500000e+01;1.4977154e-01;8.2500000e+01;8.6230956e-02;8.2500000e+01;3.4735404e-02;8.2500000e+01;-1.0657266e-02;8.2500000e+01;-5.3682394e-02;8.2500000e+01;-9.6565515e-02;8.2500000e+01;-1.3893887e-01;8.2500000e+01;-1.8011746e-01;8.2500000e+01;-7.2280861e-02;8.2500000e+01;-3.9912838e-02;8.2500000e+01;1.6733952e-02;8.2500000e+01;8.1687979e-02;8.2500000e+01;1.5556861e-01;8.2500000e+01;2.1363959e-01;8.2500000e+01;2.5568026e-01;8.2500000e+01;2.8610894e-01;8.2500000e+01;2.7614221e-01;8.2500000e+01;2.2770050e-01;8.2500000e+01;1.4977154e-01;8.2500000e+01;8.6230956e-02;8.2500000e+01;3.4735404e-02;8.2500000e+01;-1.0657266e-02;8.2500000e+01;-5.3682394e-02;8.2500000e+01;-9.6565515e-02;8.2500000e+01;-1.3893887e-01;8.2500000e+01;-1.8011746e-01;8.2500000e+01;-7.2280861e-02;8.2500000e+01;-3.9912838e-02;8.2500000e+01;1.6733952e-02;8.2500000e+01;8.1687979e-02;8.2500000e+01;1.5556861e-01;8.2500000e+01;2.1363959e-01;8.2500000e+01;2.5568026e-01;8.2500000e+01;2.8610894e-01;8.2500000e+01;2.7614221e-01;8.2500000e+01;2.2770050e-01;8.2500000e+01;1.4977154e-01;8.2500000e+01;8.6230956e-02;8.2500000e+01;3.4735404e-02;8.2500000e+01;-1.0657266e-02;8.2500000e+01;-5.3682394e-02;8.2500000e+01;-9.6565515e-02;8.2500000e+01;-1.3893887e-01;8.2500000e+01;-1.8011746e-01;8.2500000e+01;-7.2280861e-02;8.2500000e+01;-3.9912838e-02;8.2500000e+01;1.6733952e-02;8.2500000e+01;8.1687979e-02;8.2500000e+01;1.5556861e-01;8.2500000e+01;2.1363959e-01;8.2500000e+01;2.5568026e-01;8.2500000e+01;2.8610894e-01;8.2500000e+01;2.7614221e-01;8.2500000e+01;2.2770050e-01;8.2500000e+01;1.4977154e-01;8.2500000e+01;8.6230956e-02;8.2500000e+01;3.4735404e-02;8.2500000e+01;-1.0657266e-02;8.2500000e+01;-5.3682394e-02;8.2500000e+01;-9.6565515e-02;8.2500000e+01;-1.3893887e-01;8.2500000e+01;-1.8011746e-01;8.2500000e+01;-7.2280861e-02;8.2500000e+01;-3.9912838e-02;8.2500000e+01;1.6733952e-02;8.2500000e+01;8.1687979e-02;8.2500000e+01;1.5556861e-01;8.2500000e+01;2.1363959e-01;8.2500000e+01;2.5568026e-01;8.2500000e+01;2.8610894e-01;8.2500000e+01;2.7614221e-01;8.2500000e+01;2.2770050e-01;8.2500000e+01;1.4977154e-01;8.2500000e+01;8.6230956e-02;8.2500000e+01;3.4735404e-02;8.2500000e+01;-1.0657266e-02;8.2500000e+01;-5.3682394e-02;8.2500000e+01;-9.6565515e-02;8.2500000e+01;-1.3893887e-01;8.2500000e+01;-1.8011746e-01;8.2500000e+01;-7.2280861e-02;8.2500000e+01;-3.9912838e-02;8.2500000e+01;1.6733952e-02;8.2500000e+01;8.1687979e-02;8.2500000e+01;1.5556861e-01;8.2500000e+01;2.1363959e-01;8.2500000e+01;2.5568026e-01;8.2500000e+01;2.8610894e-01;8.2500000e+01;2.7614221e-01;8.2500000e+01;2.2770050e-01;8.2500000e+01;1.4977154e-01;8.2500000e+01;8.6230956e-02;8.2500000e+01;3.4735404e-02;8.2500000e+01;-1.0657266e-02;8.2500000e+01;-5.3682394e-02;8.2500000e+01;-9.6565515e-02;8.2500000e+01;-1.3893887e-01;8.2500000e+01;-1.8011746e-01;8.2500000e+01;-7.2280861e-02;8.2500000e+01;-3.9912838e-02;8.2500000e+01;1.6733952e-02;8.2500000e+01;8.1687979e-02;8.2500000e+01;1.5556861e-01;8.2500000e+01;2.1363959e-01;8.2500000e+01;2.5568026e-01;8.2500000e+01;2.8610894e-01;8.2500000e+01;2.7614221e-01;8.2500000e+01;2.2770050e-01;8.2500000e+01;1.4977154e-01;8.2500000e+01;8.6230956e-02;8.2500000e+01;3.4735404e-02;8.2500000e+01;-1.0657266e-02;8.2500000e+01;-5.3682394e-02;8.2500000e+01;-9.6565515e-02;8.2500000e+01;-1.3893887e-01;8.2500000e+01;-1.8011746e-01;8.2500000e+01;-7.2280861e-02;8.2500000e+01;-3.9912838e-02;8.2500000e+01;1.6733952e-02;8.2500000e+01;8.1687979e-02;8.2500000e+01;1.5556861e-01;8.2500000e+01;2.1363959e-01;8.2500000e+01;2.5568026e-01;8.2500000e+01;2.8610894e-01;8.2500000e+01;2.7614221e-01;8.2500000e+01;2.2770050e-01;8.2500000e+01;1.4977154e-01;8.2500000e+01;8.6230956e-02;8.2500000e+01;3.4735404e-02;8.2500000e+01;-1.0657266e-02;8.2500000e+01;-5.3682394e-02;8.2500000e+01;-9.6565515e-02;8.2500000e+01;-1.3893887e-01;8.2500000e+01;-1.8011746e-01;8.2500000e+01;-7.2280861e-02;8.2500000e+01;-3.9912838e-02;8.2500000e+01;1.6733952e-02;8.2500000e+01;8.1687979e-02;8.2500000e+01;1.5556861e-01;8.2500000e+01;2.1363959e-01;8.2500000e+01;2.5568026e-01;8.2500000e+01;2.8610894e-01;8.2500000e+01;2.7614221e-01;8.2500000e+01;2.2770050e-01;8.2500000e+01;1.4977154e-01;8.2500000e+01;8.6230956e-02;8.2500000e+01;3.4735404e-02;8.2500000e+01;-1.0657266e-02;8.2500000e+01;-5.3682394e-02;8.2500000e+01;-9.6565515e-02;8.2500000e+01;-1.3893887e-01;8.2500000e+01;-1.8011746e-01;8.2500000e+01;-7.2280861e-02;8.2500000e+01;-3.9912838e-02;8.2500000e+01;1.6733952e-02;8.2500000e+01;8.1687979e-02;8.2500000e+01;1.5556861e-01;8.2500000e+01;2.1363959e-01;8.2500000e+01;2.5568026e-01;8.2500000e+01;2.8610894e-01;8.2500000e+01;2.7614221e-01;8.2500000e+01;2.2770050e-01;8.2500000e+01;1.4977154e-01;8.2500000e+01;8.6230956e-02;8.2500000e+01;3.4735404e-02;8.2500000e+01;-1.0657266e-02;8.2500000e+01;-5.3682394e-02;8.2500000e+01;-9.6565515e-02;8.2500000e+01;-1.3893887e-01;8.2500000e+01;-1.8011746e-01;8.2500000e+01;-7.2280861e-02;8.2500000e+01;-3.9912838e-02;8.2500000e+01;1.6733952e-02;8.2500000e+01;8.1687979e-02;8.2500000e+01;1.5556861e-01;8.2500000e+01;2.1363959e-01;8.2500000e+01;2.5568026e-01;8.2500000e+01;2.8610894e-01;8.2500000e+01;2.7614221e-01;8.2500000e+01;2.2770050e-01;8.2500000e+01;1.4977154e-01;8.2500000e+01;8.6230956e-02;8.2500000e+01;3.4735404e-02;8.2500000e+01;-1.0657266e-02;8.2500000e+01;-5.3682394e-02;8.2500000e+01;-9.6565515e-02;8.2500000e+01;-1.3893887e-01;8.2500000e+01;-1.8011746e-01;8.2500000e+01;-7.2280861e-02;8.2500000e+01;-3.9912838e-02;8.2500000e+01;1.6733952e-02;8.2500000e+01;8.1687979e-02;8.2500000e+01;1.5556861e-01;8.2500000e+01;2.1363959e-01;8.2500000e+01;2.5568026e-01;8.2500000e+01;2.8610894e-01;8.2500000e+01;2.7614221e-01;8.2500000e+01;2.2770050e-01;8.2500000e+01;1.4977154e-01;8.2500000e+01;8.6230956e-02;8.2500000e+01;3.4735404e-02;8.2500000e+01;-1.0657266e-02;8.2500000e+01;-5.3682394e-02;8.2500000e+01;-9.6565515e-02;8.2500000e+01;-1.3893887e-01;8.2500000e+01;-1.8011746e-01;8.2500000e+01;-7.2280861e-02;8.2500000e+01;-3.9912838e-02;8.2500000e+01;1.6733952e-02;8.2500000e+01;8.1687979e-02;8.2500000e+01;1.5556861e-01;8.2500000e+01;2.1363959e-01;8.2500000e+01;2.5568026e-01;8.2500000e+01;2.8610894e-01;8.2500000e+01;2.7614221e-01;8.2500000e+01;2.2770050e-01;8.2500000e+01;1.4977154e-01;8.2500000e+01;8.6230956e-02;8.2500000e+01;3.4735404e-02;8.2500000e+01;-1.0657266e-02;8.2500000e+01;-5.3682394e-02;8.2500000e+01;-9.6565515e-02;8.2500000e+01;-1.3893887e-01;8.2500000e+01;-1.8011746e-01;8.2500000e+01;-7.2280861e-02;8.2500000e+01;-3.9912838e-02;8.2500000e+01;1.6733952e-02;8.2500000e+01;8.1687979e-02;8.2500000e+01;1.5556861e-01;8.2500000e+01;2.1363959e-01;8.2500000e+01;2.5568026e-01;8.2500000e+01;2.8610894e-01;8.2500000e+01;2.7614221e-01;8.2500000e+01;2.2770050e-01;8.2500000e+01;1.4977154e-01;8.2500000e+01;8.6230956e-02;8.2500000e+01;3.4735404e-02;8.2500000e+01;-1.0657266e-02;8.2500000e+01;-5.3682394e-02;8.2500000e+01;-9.6565515e-02;8.2500000e+01;-1.3893887e-01;8.2500000e+01;-1.8011746e-01;8.2500000e+01;-7.2280861e-02;8.2500000e+01;-3.9912838e-02;8.2500000e+01;1.6733952e-02;8.2500000e+01;8.1687979e-02;8.2500000e+01;1.5556861e-01;8.2500000e+01;2.1363959e-01;8.2500000e+01;2.5568026e-01;8.2500000e+01;2.8610894e-01;8.2500000e+01;2.7614221e-01;8.2500000e+01;2.2770050e-01;8.2500000e+01;1.4977154e-01;8.2500000e+01;8.6230956e-02;8.2500000e+01;3.4735404e-02;8.2500000e+01;-1.0657266e-02;8.2500000e+01;-5.3682394e-02;8.2500000e+01;-9.6565515e-02;8.2500000e+01;-1.3893887e-01;8.2500000e+01;-1.8011746e-01;8.2500000e+01;-7.2280861e-02;8.2500000e+01;-3.9912838e-02;8.2500000e+01;1.6733952e-02;8.2500000e+01;8.1687979e-02;8.2500000e+01;1.5556861e-01;8.2500000e+01;2.1363959e-01;8.2500000e+01;2.5568026e-01;8.2500000e+01;2.8610894e-01;8.2500000e+01;2.7614221e-01;8.2500000e+01;2.2770050e-01;8.2500000e+01;1.4977154e-01;8.2500000e+01;8.6230956e-02;8.2500000e+01;3.4735404e-02;8.2500000e+01;-1.0657266e-02;8.2500000e+01;-5.3682394e-02;8.2500000e+01;-9.6565515e-02;8.2500000e+01;-1.3893887e-01;8.2500000e+01;-1.8011746e-01;8.2500000e+01;-7.2280861e-02;8.2500000e+01;-3.9912838e-02;8.2500000e+01;1.6733952e-02;8.2500000e+01;8.1687979e-02;8.2500000e+01;1.5556861e-01;8.2500000e+01;2.1363959e-01;8.2500000e+01;2.5568026e-01;8.2500000e+01;2.8610894e-01;8.2500000e+01;2.7614221e-01;8.2500000e+01;2.2770050e-01;8.2500000e+01;1.4977154e-01;8.2500000e+01;8.6230956e-02;8.2500000e+01;3.4735404e-02;8.2500000e+01;-1.0657266e-02;8.2500000e+01;-5.3682394e-02;8.2500000e+01;-9.6565515e-02;8.2500000e+01;-1.3893887e-01;8.2500000e+01;-1.8011746e-01;8.2500000e+01;-7.2280861e-02;8.2500000e+01;-3.9912838e-02;8.2500000e+01;1.6733952e-02;8.2500000e+01;8.1687979e-02;8.2500000e+01;1.5556861e-01;8.2500000e+01;2.1363959e-01;8.2500000e+01;2.5568026e-01;8.2500000e+01;2.8610894e-01;8.2500000e+01;2.7614221e-01;8.2500000e+01;2.2770050e-01;8.2500000e+01;1.4977154e-01;8.2500000e+01;8.6230956e-02;8.2500000e+01;3.4735404e-02;8.2500000e+01;-1.0657266e-02;8.2500000e+01;-5.3682394e-02;8.2500000e+01;-9.6565515e-02;8.2500000e+01;-1.3893887e-01;8.2500000e+01;-1.8011746e-01;8.2500000e+01;-7.2280861e-02;8.2500000e+01;-3.9912838e-02;8.2500000e+01;1.6733952e-02;8.2500000e+01;8.1687979e-02;8.2500000e+01;1.5556861e-01;8.2500000e+01;2.1363959e-01;8.2500000e+01;2.5568026e-01;8.2500000e+01;2.8610894e-01;8.2500000e+01;2.7614221e-01;8.2500000e+01;2.2770050e-01;8.2500000e+01;1.4977154e-01;8.2500000e+01;8.6230956e-02;8.2500000e+01;3.4735404e-02;8.2500000e+01;-1.0657266e-02;8.2500000e+01;-5.3682394e-02;8.2500000e+01;-9.6565515e-02;8.2500000e+01;-1.3893887e-01;8.2500000e+01;-1.8011746e-01;8.2500000e+01;-7.2280861e-02;8.2500000e+01;-3.9912838e-02;8.2500000e+01;1.6733952e-02;8.2500000e+01;8.1687979e-02;8.2500000e+01;1.5556861e-01;8.2500000e+01;2.1363959e-01;8.2500000e+01;2.5568026e-01;8.2500000e+01;2.8610894e-01;8.2500000e+01;2.7614221e-01;8.2500000e+01;2.2770050e-01;8.2500000e+01;1.4977154e-01;8.2500000e+01;8.6230956e-02;8.2500000e+01;3.4735404e-02;8.2500000e+01;-1.0657266e-02;8.2500000e+01;-5.3682394e-02;8.2500000e+01;-9.6565515e-02;8.2500000e+01;-1.3893887e-01;8.2500000e+01;-1.8011746e-01;8.2500000e+01;-7.2280861e-02;8.2500000e+01;-3.9912838e-02;8.2500000e+01;1.6733952e-02;8.2500000e+01;8.1687979e-02;8.2500000e+01;1.5556861e-01;8.2500000e+01;2.1363959e-01;8.2500000e+01;2.5568026e-01;8.2500000e+01;2.8610894e-01;8.2500000e+01;2.7614221e-01;8.2500000e+01;2.2770050e-01;8.2500000e+01;1.4977154e-01;8.2500000e+01;8.6230956e-02;8.2500000e+01;3.4735404e-02;8.2500000e+01;-1.0657266e-02;8.2500000e+01;-5.3682394e-02;8.2500000e+01;-9.6565515e-02;8.2500000e+01;-1.3893887e-01;8.2500000e+01;-1.8011746e-01;8.2500000e+01;-7.2280861e-02;8.2500000e+01;-3.9912838e-02;8.2500000e+01;1.6733952e-02;8.2500000e+01;8.1687979e-02;8.2500000e+01;1.5556861e-01;8.2500000e+01;2.1363959e-01;8.2500000e+01;2.5568026e-01;8.2500000e+01;2.8610894e-01;8.2500000e+01;2.7614221e-01;8.2500000e+01;2.2770050e-01;8.2500000e+01;1.4977154e-01;8.2500000e+01;8.6230956e-02;8.2500000e+01;3.4735404e-02;8.2500000e+01;-1.0657266e-02;8.2500000e+01;-5.3682394e-02;8.2500000e+01;-9.6565515e-02;8.2500000e+01;-1.3893887e-01;8.2500000e+01;-1.8011746e-01;8.2500000e+01;-7.2280861e-02;8.2500000e+01;-3.9912838e-02;8.2500000e+01;1.6733952e-02;8.2500000e+01;8.1687979e-02;8.2500000e+01;1.5556861e-01;8.2500000e+01;2.1363959e-01;8.2500000e+01;2.5568026e-01;8.2500000e+01;2.8610894e-01;8.2500000e+01;2.7614221e-01;8.2500000e+01;2.2770050e-01;8.2500000e+01;1.4977154e-01;8.2500000e+01;8.6230956e-02;8.2500000e+01;3.4735404e-02;8.2500000e+01;-1.0657266e-02;8.2500000e+01;-5.3682394e-02;8.2500000e+01;-9.6565515e-02;8.2500000e+01;-1.3893887e-01;8.2500000e+01;-1.8011746e-01;8.2500000e+01;-7.2280861e-02;8.2500000e+01;-3.9912838e-02;8.2500000e+01;1.6733952e-02;8.2500000e+01;8.1687979e-02;8.2500000e+01;1.5556861e-01;8.2500000e+01;2.1363959e-01;8.2500000e+01;2.5568026e-01;8.2500000e+01;2.8610894e-01;8.2500000e+01;2.7614221e-01;8.2500000e+01;2.2770050e-01;8.2500000e+01;1.4977154e-01;8.2500000e+01;8.6230956e-02;8.2500000e+01;3.4735404e-02;8.2500000e+01;-1.0657266e-02;8.2500000e+01;-5.3682394e-02;8.2500000e+01;-9.6565515e-02;8.2500000e+01;-1.3893887e-01;8.2500000e+01;-1.8011746e-01;8.2500000e+01;-7.2280861e-02;8.2500000e+01;-3.9912838e-02;8.2500000e+01;1.6733952e-02;8.2500000e+01;8.1687979e-02;8.2500000e+01;1.5556861e-01;8.2500000e+01;2.1363959e-01;8.2500000e+01;2.5568026e-01;8.2500000e+01;2.8610894e-01;8.2500000e+01;2.7614221e-01;8.2500000e+01;2.2770050e-01;8.2500000e+01;1.4977154e-01;8.2500000e+01;8.6230956e-02;8.2500000e+01;3.4735404e-02;8.2500000e+01;-1.0657266e-02;8.2500000e+01;-5.3682394e-02;8.2500000e+01;-9.6565515e-02;8.2500000e+01;-1.3893887e-01;8.2500000e+01;-1.8011746e-01;8.2500000e+01;-7.2280861e-02;8.2500000e+01;-3.9912838e-02;8.2500000e+01;1.6733952e-02;8.2500000e+01;8.1687979e-02;8.2500000e+01;1.5556861e-01;8.2500000e+01;2.1363959e-01;8.2500000e+01;2.5568026e-01;8.2500000e+01;2.8610894e-01;8.2500000e+01;2.7614221e-01;8.2500000e+01;2.2770050e-01;8.2500000e+01;1.4977154e-01;8.2500000e+01;8.6230956e-02;8.2500000e+01;3.4735404e-02;8.2500000e+01;-1.0657266e-02;8.2500000e+01;-5.3682394e-02;8.2500000e+01;-9.6565515e-02;8.2500000e+01;-1.3893887e-01;8.2500000e+01;-1.8011746e-01;8.2500000e+01;-7.2280861e-02;8.2500000e+01;-3.9912838e-02;8.2500000e+01;1.6733952e-02;8.2500000e+01;8.1687979e-02;8.2500000e+01;1.5556861e-01;8.2500000e+01;2.1363959e-01;8.2500000e+01;2.5568026e-01;8.2500000e+01;2.8610894e-01;8.2500000e+01;2.7614221e-01;8.2500000e+01;2.2770050e-01;8.2500000e+01;1.4977154e-01;8.2500000e+01;8.6230956e-02;8.2500000e+01;3.4735404e-02;8.2500000e+01;-1.0657266e-02;8.2500000e+01;-5.3682394e-02;8.2500000e+01;-9.6565515e-02;8.2500000e+01;-1.3893887e-01;8.2500000e+01;-1.8011746e-01;8.2500000e+01;-7.2280861e-02;8.2500000e+01;-3.9912838e-02;8.2500000e+01;1.6733952e-02;8.2500000e+01;8.1687979e-02;8.2500000e+01;1.5556861e-01;8.2500000e+01;2.1363959e-01;8.2500000e+01;2.5568026e-01;8.2500000e+01;2.8610894e-01;8.2500000e+01;2.7614221e-01;8.2500000e+01;2.2770050e-01;8.2500000e+01;1.4977154e-01;8.2500000e+01;8.6230956e-02;8.2500000e+01;3.4735404e-02;8.2500000e+01;-1.0657266e-02;8.2500000e+01;-5.3682394e-02;8.2500000e+01;-9.6565515e-02;8.2500000e+01;-1.3893887e-01;8.2500000e+01;-1.8011746e-01;8.2500000e+01;-7.2280861e-02;8.2500000e+01;-3.9912838e-02;8.2500000e+01;1.6733952e-02;8.2500000e+01;8.1687979e-02;8.2500000e+01;1.5556861e-01;8.2500000e+01;2.1363959e-01;8.2500000e+01;2.5568026e-01;8.2500000e+01;2.8610894e-01;8.2500000e+01;2.7614221e-01;8.2500000e+01;2.2770050e-01;8.2500000e+01;1.4977154e-01;8.2500000e+01;8.6230956e-02;8.2500000e+01;3.4735404e-02;8.2500000e+01;-1.0657266e-02;8.2500000e+01;-5.3682394e-02;8.2500000e+01;-9.6565515e-02;8.2500000e+01;-1.3893887e-01;8.2500000e+01;-1.8011746e-01;8.2500000e+01;-7.2280861e-02;8.2500000e+01;-3.9912838e-02;8.2500000e+01;1.6733952e-02;8.2500000e+01;8.1687979e-02;8.2500000e+01;1.5556861e-01;8.2500000e+01;2.1363959e-01;8.2500000e+01;2.5568026e-01;8.2500000e+01;2.8610894e-01;8.2500000e+01;2.7614221e-01;8.2500000e+01;2.2770050e-01;8.2500000e+01;1.4977154e-01;8.2500000e+01;8.6230956e-02;8.2500000e+01;3.4735404e-02;8.2500000e+01;-1.0657266e-02;8.2500000e+01;-5.3682394e-02;8.2500000e+01;-9.6565515e-02;8.2500000e+01;-1.3893887e-01;8.2500000e+01;-1.8011746e-01;8.2500000e+01;-7.2280861e-02;8.2500000e+01;-3.9912838e-02;8.2500000e+01;1.6733952e-02;8.2500000e+01;8.1687979e-02;8.2500000e+01;1.5556861e-01;8.2500000e+01;2.1363959e-01;8.2500000e+01;2.5568026e-01;8.2500000e+01;2.8610894e-01;8.2500000e+01;2.7614221e-01;8.2500000e+01;2.2770050e-01;8.2500000e+01;1.4977154e-01;8.2500000e+01;8.6230956e-02;8.2500000e+01;3.4735404e-02;8.2500000e+01;-1.0657266e-02;8.2500000e+01;-5.3682394e-02;8.2500000e+01;-9.6565515e-02;8.2500000e+01;-1.3893887e-01;8.2500000e+01;-1.8011746e-01;8.2500000e+01;-7.2280861e-02;8.2500000e+01;-3.9912838e-02;8.2500000e+01;1.6733952e-02;8.2500000e+01;8.1687979e-02;8.2500000e+01;1.5556861e-01;8.2500000e+01;2.1363959e-01;8.2500000e+01;2.5568026e-01;8.2500000e+01;2.8610894e-01;8.2500000e+01;2.7614221e-01;8.2500000e+01;2.2770050e-01;8.2500000e+01;1.4977154e-01;8.2500000e+01;8.6230956e-02;8.2500000e+01;3.4735404e-02;8.2500000e+01;-1.0657266e-02;8.2500000e+01;-5.3682394e-02;8.2500000e+01;-9.6565515e-02;8.2500000e+01;-1.3893887e-01;8.2500000e+01;-1.8011746e-01;8.2500000e+01;-7.2280861e-02;8.2500000e+01;-3.9912838e-02;8.2500000e+01;1.6733952e-02;8.2500000e+01;8.1687979e-02;8.2500000e+01;1.5556861e-01;8.2500000e+01;2.1363959e-01;8.2500000e+01;2.5568026e-01;8.2500000e+01;2.8610894e-01;8.2500000e+01;2.7614221e-01;8.2500000e+01;2.2770050e-01;8.2500000e+01;1.4977154e-01;8.2500000e+01;8.6230956e-02;8.2500000e+01;3.4735404e-02;8.2500000e+01;-1.0657266e-02;8.2500000e+01;-5.3682394e-02;8.2500000e+01;-9.6565515e-02;8.2500000e+01;-1.3893887e-01;8.2500000e+01;-1.8011746e-01;8.2500000e+01;-7.2280861e-02;8.2500000e+01;-3.9912838e-02;8.2500000e+01;1.6733952e-02;8.2500000e+01;8.1687979e-02;8.2500000e+01;1.5556861e-01;8.2500000e+01;2.1363959e-01;8.2500000e+01;2.5568026e-01;8.2500000e+01;2.8610894e-01;8.2500000e+01;2.7614221e-01;8.2500000e+01;2.2770050e-01;8.2500000e+01;1.4977154e-01;8.2500000e+01;8.6230956e-02;8.2500000e+01;3.4735404e-02;8.2500000e+01;-1.0657266e-02;8.2500000e+01;-5.3682394e-02;8.2500000e+01;-9.6565515e-02;8.2500000e+01;-1.3893887e-01;8.2500000e+01;-1.8011746e-01;8.2500000e+01;-7.2280861e-02;8.2500000e+01;-3.9912838e-02;8.2500000e+01;1.6733952e-02;8.2500000e+01;8.1687979e-02;8.2500000e+01;1.5556861e-01;8.2500000e+01;2.1363959e-01;8.2500000e+01;2.5568026e-01;8.2500000e+01;2.8610894e-01;8.2500000e+01;2.7614221e-01;8.2500000e+01;2.2770050e-01;8.2500000e+01;1.4977154e-01;8.2500000e+01;8.6230956e-02;8.2500000e+01;3.4735404e-02;8.2500000e+01;-1.0657266e-02;8.2500000e+01;-5.3682394e-02;8.2500000e+01;-9.6565515e-02;8.2500000e+01;-1.3893887e-01;8.2500000e+01;-1.8011746e-01;8.2500000e+01;-7.2280861e-02;8.2500000e+01;-3.9912838e-02;8.2500000e+01;1.6733952e-02;8.2500000e+01;8.1687979e-02;8.2500000e+01;1.5556861e-01;8.2500000e+01;2.1363959e-01;8.2500000e+01;2.5568026e-01;8.2500000e+01;2.8610894e-01;8.2500000e+01;2.7614221e-01;8.2500000e+01;2.2770050e-01;8.2500000e+01;1.4977154e-01;8.2500000e+01;8.6230956e-02;8.2500000e+01;3.4735404e-02;8.2500000e+01;-1.0657266e-02;8.2500000e+01;-5.3682394e-02;8.2500000e+01;-9.6565515e-02;8.2500000e+01;-1.3893887e-01;8.2500000e+01;-1.8011746e-01;8.2500000e+01;-7.2280861e-02;8.2500000e+01;-3.9912838e-02;8.2500000e+01;1.6733952e-02;8.2500000e+01;8.1687979e-02;8.2500000e+01;1.5556861e-01;8.2500000e+01;2.1363959e-01;8.2500000e+01;2.5568026e-01;8.2500000e+01;2.8610894e-01;8.2500000e+01;2.7614221e-01;8.2500000e+01;2.2770050e-01;8.2500000e+01;1.4977154e-01;8.2500000e+01;8.6230956e-02;8.2500000e+01;3.4735404e-02;8.2500000e+01;-1.0657266e-02;8.2500000e+01;-5.3682394e-02;8.2500000e+01;-9.6565515e-02;8.2500000e+01;-1.3893887e-01;8.2500000e+01;-1.8011746e-01;8.2500000e+01;-7.2280861e-02;8.2500000e+01;-3.9912838e-02;8.2500000e+01;1.6733952e-02;8.2500000e+01;8.1687979e-02;8.2500000e+01;1.5556861e-01;8.2500000e+01;2.1363959e-01;8.2500000e+01;2.5568026e-01;8.2500000e+01;2.8610894e-01;8.2500000e+01;2.7614221e-01;8.2500000e+01;2.2770050e-01;8.2500000e+01;1.4977154e-01;8.2500000e+01;8.6230956e-02;8.2500000e+01;3.4735404e-02;8.2500000e+01;-1.0657266e-02;8.2500000e+01;-5.3682394e-02;8.2500000e+01;-9.6565515e-02;8.2500000e+01;-1.3893887e-01;8.2500000e+01;-1.8011746e-01;8.2500000e+01;-7.2280861e-02;8.2500000e+01;-3.9912838e-02;8.2500000e+01;1.6733952e-02;8.2500000e+01;8.1687979e-02;8.2500000e+01;1.5556861e-01;8.2500000e+01;2.1363959e-01;8.2500000e+01;2.5568026e-01;8.2500000e+01;2.8610894e-01;8.2500000e+01;2.7614221e-01;8.2500000e+01;2.2770050e-01;8.2500000e+01;1.4977154e-01;8.2500000e+01;8.6230956e-02;8.2500000e+01;3.4735404e-02;8.2500000e+01;-1.0657266e-02;8.2500000e+01;-5.3682394e-02;8.2500000e+01;-9.6565515e-02;8.2500000e+01;-1.3893887e-01;8.2500000e+01;-1.8011746e-01;8.2500000e+01;-7.2280861e-02;8.2500000e+01;-3.9912838e-02;8.2500000e+01;1.6733952e-02;8.2500000e+01;8.1687979e-02;8.2500000e+01;1.5556861e-01;8.2500000e+01;2.1363959e-01;8.2500000e+01;2.5568026e-01;8.2500000e+01;2.8610894e-01;8.2500000e+01;2.7614221e-01;8.2500000e+01;2.2770050e-01;8.2500000e+01;1.4977154e-01;8.2500000e+01;8.6230956e-02;8.2500000e+01;3.4735404e-02;8.2500000e+01;-1.0657266e-02;8.2500000e+01;-5.3682394e-02;8.2500000e+01;-9.6565515e-02;8.2500000e+01;-1.3893887e-01;8.2500000e+01;-1.8011746e-01;8.2500000e+01;-7.2280861e-02;8.2500000e+01;-3.9912838e-02;8.2500000e+01;1.6733952e-02;8.2500000e+01;8.1687979e-02;8.2500000e+01;1.5556861e-01;8.2500000e+01;2.1363959e-01;8.2500000e+01;2.5568026e-01;8.2500000e+01;2.8610894e-01;8.2500000e+01;2.7614221e-01;8.2500000e+01;2.2770050e-01;8.2500000e+01;1.4977154e-01;8.2500000e+01;8.6230956e-02;8.2500000e+01;3.4735404e-02;8.2500000e+01;-1.0657266e-02;8.2500000e+01;-5.3682394e-02;8.2500000e+01;-9.6565515e-02;8.2500000e+01;-1.3893887e-01;8.2500000e+01;-1.8011746e-01;8.2500000e+01;-7.2280861e-02;8.2500000e+01;-3.9912838e-02;8.2500000e+01;1.6733952e-02;8.2500000e+01;8.1687979e-02;8.2500000e+01;1.5556861e-01;8.2500000e+01;2.1363959e-01;8.2500000e+01;2.5568026e-01;8.2500000e+01;2.8610894e-01;8.2500000e+01;2.7614221e-01;8.2500000e+01;2.2770050e-01;8.2500000e+01;1.4977154e-01;8.2500000e+01;8.6230956e-02;8.2500000e+01;3.4735404e-02;8.2500000e+01;-1.0657266e-02;8.2500000e+01;-5.3682394e-02;8.2500000e+01;-9.6565515e-02;8.2500000e+01;-1.3893887e-01;8.2500000e+01;-1.8011746e-01;8.2500000e+01;-7.2280861e-02;8.2500000e+01;-3.9912838e-02;8.2500000e+01;1.6733952e-02;8.2500000e+01;8.1687979e-02;8.2500000e+01;1.5556861e-01;8.2500000e+01;2.1363959e-01;8.2500000e+01;2.5568026e-01;8.2500000e+01;2.8610894e-01;8.2500000e+01;2.7614221e-01;8.2500000e+01;2.2770050e-01;8.2500000e+01;1.4977154e-01;8.2500000e+01;8.6230956e-02;8.2500000e+01;3.4735404e-02;8.2500000e+01;-1.0657266e-02;8.2500000e+01;-5.3682394e-02;8.2500000e+01;-9.6565515e-02;8.2500000e+01;-1.3893887e-01;8.2500000e+01;-1.8011746e-01;8.2500000e+01;-7.2280861e-02;8.2500000e+01;-3.9912838e-02;8.2500000e+01;1.6733952e-02;8.2500000e+01;8.1687979e-02;8.2500000e+01;1.5556861e-01;8.2500000e+01;2.1363959e-01;8.2500000e+01;2.5568026e-01;8.2500000e+01;2.8610894e-01;8.2500000e+01;2.7614221e-01;8.2500000e+01;2.2770050e-01;8.2500000e+01;1.4977154e-01;8.2500000e+01;8.6230956e-02;8.2500000e+01;3.4735404e-02;8.2500000e+01;-1.0657266e-02;8.2500000e+01;-5.3682394e-02;8.2500000e+01;-9.6565515e-02;8.2500000e+01;-1.3893887e-01;8.2500000e+01;-1.8011746e-01;8.2500000e+01;-7.2280861e-02;8.2500000e+01;-3.9912838e-02;8.2500000e+01;1.6733952e-02;8.2500000e+01;8.1687979e-02;8.2500000e+01;1.5556861e-01;8.2500000e+01;2.1363959e-01;8.2500000e+01;2.5568026e-01;8.2500000e+01;2.8610894e-01;8.2500000e+01;2.7614221e-01;8.2500000e+01;2.2770050e-01;8.2500000e+01;1.4977154e-01;8.2500000e+01;8.6230956e-02;8.2500000e+01;3.4735404e-02;8.2500000e+01;-1.0657266e-02;8.2500000e+01;-5.3682394e-02;8.2500000e+01;-9.6565515e-02;8.2500000e+01;-1.3893887e-01;8.2500000e+01;-1.8011746e-01;8.2500000e+01;-7.2280861e-02;8.2500000e+01;-3.9912838e-02;8.2500000e+01;1.6733952e-02;8.2500000e+01;8.1687979e-02;8.2500000e+01;1.5556861e-01;8.2500000e+01;2.1363959e-01;8.2500000e+01;2.5568026e-01;8.2500000e+01;2.8610894e-01;8.2500000e+01;2.7614221e-01;8.2500000e+01;2.2770050e-01;8.2500000e+01;1.4977154e-01;8.2500000e+01;8.6230956e-02;8.2500000e+01;3.4735404e-02;8.2500000e+01;-1.0657266e-02;8.2500000e+01;-5.3682394e-02;8.2500000e+01;-9.6565515e-02;8.2500000e+01;-1.3893887e-01;8.2500000e+01;-1.8011746e-01;8.2500000e+01;-7.2280861e-02;8.2500000e+01;-3.9912838e-02;8.2500000e+01;1.6733952e-02;8.2500000e+01;8.1687979e-02;8.2500000e+01;1.5556861e-01;8.2500000e+01;2.1363959e-01;8.2500000e+01;2.5568026e-01;8.2500000e+01;2.8610894e-01;8.2500000e+01;2.7614221e-01;8.2500000e+01;2.2770050e-01;8.2500000e+01;1.4977154e-01;8.2500000e+01;8.6230956e-02;8.2500000e+01;3.4735404e-02;8.2500000e+01;-1.0657266e-02;8.2500000e+01;-5.3682394e-02;8.2500000e+01;-9.6565515e-02;8.2500000e+01;-1.3893887e-01;8.2500000e+01;-1.8011746e-01;8.2500000e+01;-7.2280861e-02;8.2500000e+01;-3.9912838e-02;8.2500000e+01;1.6733952e-02;8.2500000e+01;8.1687979e-02;8.2500000e+01;1.5556861e-01;8.2500000e+01;2.1363959e-01;8.2500000e+01;2.5568026e-01;8.2500000e+01;2.8610894e-01;8.2500000e+01;2.7614221e-01;8.2500000e+01;2.2770050e-01;8.2500000e+01;1.4977154e-01;8.2500000e+01;8.6230956e-02;8.2500000e+01;3.4735404e-02;8.2500000e+01;-1.0657266e-02;8.2500000e+01;-5.3682394e-02;8.2500000e+01;-9.6565515e-02;8.2500000e+01;-1.3893887e-01;8.2500000e+01;-1.8011746e-01;8.2500000e+01;-7.2280861e-02;8.2500000e+01;-3.9912838e-02;8.2500000e+01;1.6733952e-02;8.2500000e+01;8.1687979e-02;8.2500000e+01;1.5556861e-01;8.2500000e+01;2.1363959e-01;8.2500000e+01;2.5568026e-01;8.2500000e+01;2.8610894e-01;8.2500000e+01;2.7614221e-01;8.2500000e+01;2.2770050e-01;8.2500000e+01;1.4977154e-01;8.2500000e+01;8.6230956e-02;8.2500000e+01;3.4735404e-02;8.2500000e+01;-1.0657266e-02;8.2500000e+01;-5.3682394e-02;8.2500000e+01;-9.6565515e-02;8.2500000e+01;-1.3893887e-01;8.2500000e+01;-1.8011746e-01;8.2500000e+01;-7.2280861e-02;8.2500000e+01;-3.9912838e-02;8.2500000e+01;1.6733952e-02;8.2500000e+01;8.1687979e-02;8.2500000e+01;1.5556861e-01;8.2500000e+01;2.1363959e-01;8.2500000e+01;2.5568026e-01;8.2500000e+01;2.8610894e-01;8.2500000e+01;2.7614221e-01;8.2500000e+01;2.2770050e-01;8.2500000e+01;1.4977154e-01;8.2500000e+01;8.6230956e-02;8.2500000e+01;3.4735404e-02;8.2500000e+01;-1.0657266e-02;8.2500000e+01;-5.3682394e-02;8.2500000e+01;-9.6565515e-02;8.2500000e+01;-1.3893887e-01;8.2500000e+01;-1.8011746e-01;8.2500000e+01;-7.2280861e-02;8.2500000e+01;-3.9912838e-02;8.2500000e+01;1.6733952e-02;8.2500000e+01;8.1687979e-02;8.2500000e+01;1.5556861e-01;8.2500000e+01;2.1363959e-01;8.2500000e+01;2.5568026e-01;8.2500000e+01;2.8610894e-01;8.2500000e+01;2.7614221e-01;8.2500000e+01;2.2770050e-01;8.2500000e+01;1.4977154e-01;8.2500000e+01;8.6230956e-02;8.2500000e+01;3.4735404e-02;8.2500000e+01;-1.0657266e-02;8.2500000e+01;-5.3682394e-02;8.2500000e+01;-9.6565515e-02;8.2500000e+01;-1.3893887e-01;8.2500000e+01;-1.8011746e-01;8.2500000e+01;-7.2280861e-02;8.2500000e+01;-3.9912838e-02;8.2500000e+01;1.6733952e-02;8.2500000e+01;8.1687979e-02;8.2500000e+01;1.5556861e-01;8.2500000e+01;2.1363959e-01;8.2500000e+01;2.5568026e-01;8.2500000e+01;2.8610894e-01;8.2500000e+01;2.7614221e-01;8.2500000e+01;2.2770050e-01;8.2500000e+01;1.4977154e-01;8.2500000e+01;8.6230956e-02;8.2500000e+01;3.4735404e-02;8.2500000e+01;-1.0657266e-02;8.2500000e+01;-5.3682394e-02;8.2500000e+01;-9.6565515e-02;8.2500000e+01;-1.3893887e-01;8.2500000e+01;-1.8011746e-01;8.2500000e+01;-7.2280861e-02;8.2500000e+01;-3.9912838e-02;8.2500000e+01;1.6733952e-02;8.2500000e+01;8.1687979e-02;8.2500000e+01;1.5556861e-01;8.2500000e+01;2.1363959e-01;8.2500000e+01;2.5568026e-01;8.2500000e+01;2.8610894e-01;8.2500000e+01;2.7614221e-01;8.2500000e+01;2.2770050e-01;8.2500000e+01;1.4977154e-01;8.2500000e+01;8.6230956e-02;8.2500000e+01;3.4735404e-02;8.2500000e+01;-1.0657266e-02;8.2500000e+01;-5.3682394e-02;8.2500000e+01;-9.6565515e-02;8.2500000e+01;-1.3893887e-01;8.2500000e+01;-1.8011746e-01;8.2500000e+01;-7.2280861e-02;8.2500000e+01;-3.9912838e-02;8.2500000e+01;1.6733952e-02;8.2500000e+01;8.1687979e-02;8.2500000e+01;1.5556861e-01;8.2500000e+01;2.1363959e-01;8.2500000e+01;2.5568026e-01;8.2500000e+01;2.8610894e-01;8.2500000e+01;2.7614221e-01;8.2500000e+01;2.2770050e-01;8.2500000e+01;1.4977154e-01;8.2500000e+01;8.6230956e-02;8.2500000e+01;3.4735404e-02;8.2500000e+01;-1.0657266e-02;8.2500000e+01;-5.3682394e-02;8.2500000e+01;-9.6565515e-02;8.2500000e+01;-1.3893887e-01;8.2500000e+01;-1.8011746e-01;8.2500000e+01;-7.2280861e-02;8.2500000e+01;-3.9912838e-02;8.2500000e+01;1.6733952e-02;8.2500000e+01;8.1687979e-02;8.2500000e+01;1.5556861e-01;8.2500000e+01;2.1363959e-01;8.2500000e+01;2.5568026e-01;8.2500000e+01;2.8610894e-01;8.2500000e+01;2.7614221e-01;8.2500000e+01;2.2770050e-01;8.2500000e+01;1.4977154e-01;8.2500000e+01;8.6230956e-02;8.2500000e+01;3.4735404e-02;8.2500000e+01;-1.0657266e-02;8.2500000e+01;-5.3682394e-02;8.2500000e+01;-9.6565515e-02;8.2500000e+01;-1.3893887e-01;8.2500000e+01;-1.8011746e-01;8.2500000e+01;-7.2280861e-02;8.2500000e+01;-3.9912838e-02;8.2500000e+01;1.6733952e-02;8.2500000e+01;8.1687979e-02;8.2500000e+01;1.5556861e-01;8.2500000e+01;2.1363959e-01;8.2500000e+01;2.5568026e-01;8.2500000e+01;2.8610894e-01;8.2500000e+01;2.7614221e-01;8.2500000e+01;2.2770050e-01;8.2500000e+01;1.4977154e-01;8.2500000e+01;8.6230956e-02;8.2500000e+01;3.4735404e-02;8.2500000e+01;-1.0657266e-02;8.2500000e+01;-5.3682394e-02;8.2500000e+01;-9.6565515e-02;8.2500000e+01;-1.3893887e-01;8.2500000e+01;-1.8011746e-01;8.2500000e+01;-7.2280861e-02;8.2500000e+01;-3.9912838e-02;8.2500000e+01;1.6733952e-02;8.2500000e+01;8.1687979e-02;8.2500000e+01;1.5556861e-01;8.2500000e+01;2.1363959e-01;8.2500000e+01;2.5568026e-01;8.2500000e+01;2.8610894e-01;8.2500000e+01;2.7614221e-01;8.2500000e+01;2.2770050e-01;8.2500000e+01;1.4977154e-01;8.2500000e+01;8.6230956e-02;8.2500000e+01;3.4735404e-02;8.2500000e+01;-1.0657266e-02;8.2500000e+01;-5.3682394e-02;8.2500000e+01;-9.6565515e-02;8.2500000e+01;-1.3893887e-01;8.2500000e+01;-1.8011746e-01;8.2500000e+01;-7.2280861e-02;8.2500000e+01;-3.9912838e-02;8.2500000e+01;1.6733952e-02;8.2500000e+01;8.1687979e-02;8.2500000e+01;1.5556861e-01;8.2500000e+01;2.1363959e-01;8.2500000e+01;2.5568026e-01;8.2500000e+01;2.8610894e-01;8.2500000e+01;2.7614221e-01;8.2500000e+01;2.2770050e-01;8.2500000e+01;1.4977154e-01;8.2500000e+01;8.6230956e-02;8.2500000e+01;3.4735404e-02;8.2500000e+01;-1.0657266e-02;8.2500000e+01;-5.3682394e-02;8.2500000e+01;-9.6565515e-02;8.2500000e+01;-1.3893887e-01;8.2500000e+01;-1.8011746e-01;8.2500000e+01;-7.2280861e-02;8.2500000e+01;-3.9912838e-02;8.2500000e+01;1.6733952e-02;8.2500000e+01;8.1687979e-02;8.2500000e+01;1.5556861e-01;8.2500000e+01;2.1363959e-01;8.2500000e+01;2.5568026e-01;8.2500000e+01;2.8610894e-01;8.2500000e+01;2.7614221e-01;8.2500000e+01;2.2770050e-01;8.2500000e+01;1.4977154e-01;8.2500000e+01;8.6230956e-02;8.2500000e+01;3.4735404e-02;8.2500000e+01;-1.0657266e-02;8.2500000e+01;-5.3682394e-02;8.2500000e+01;-9.6565515e-02;8.2500000e+01;-1.3893887e-01;8.2500000e+01;-1.8011746e-01;8.2500000e+01;-7.2280861e-02;8.2500000e+01;-3.9912838e-02;8.2500000e+01;1.6733952e-02;8.2500000e+01;8.1687979e-02;8.2500000e+01;1.5556861e-01;8.2500000e+01;2.1363959e-01;8.2500000e+01;2.5568026e-01;8.2500000e+01;2.8610894e-01;8.2500000e+01;2.7614221e-01;8.2500000e+01;2.2770050e-01;8.2500000e+01;1.4977154e-01;8.2500000e+01;8.6230956e-02;8.2500000e+01;3.4735404e-02;8.2500000e+01;-1.0657266e-02;8.2500000e+01;-5.3682394e-02;8.2500000e+01;-9.6565515e-02;8.2500000e+01;-1.3893887e-01;8.2500000e+01;-1.8011746e-01;8.2500000e+01;-7.2280861e-02;8.2500000e+01;-3.9912838e-02;8.2500000e+01;1.6733952e-02;8.2500000e+01;8.1687979e-02;8.2500000e+01;1.5556861e-01;8.2500000e+01;2.1363959e-01;8.2500000e+01;2.5568026e-01;8.2500000e+01;2.8610894e-01;8.2500000e+01;2.7614221e-01;8.2500000e+01;2.2770050e-01;8.2500000e+01;1.4977154e-01;8.2500000e+01;8.6230956e-02;8.2500000e+01;3.4735404e-02;8.2500000e+01;-1.0657266e-02;8.2500000e+01;-5.3682394e-02;8.2500000e+01;-9.6565515e-02;8.2500000e+01;-1.3893887e-01;8.2500000e+01;-1.8011746e-01;8.2500000e+01;-7.2280861e-02;8.2500000e+01;-3.9912838e-02;8.2500000e+01;1.6733952e-02;8.2500000e+01;8.1687979e-02;8.2500000e+01;1.5556861e-01;8.2500000e+01;2.1363959e-01;8.2500000e+01;2.5568026e-01;8.2500000e+01;2.8610894e-01;8.2500000e+01;2.7614221e-01;8.2500000e+01;2.2770050e-01;8.2500000e+01;1.4977154e-01;8.2500000e+01;8.6230956e-02;8.2500000e+01;3.4735404e-02;8.2500000e+01;-1.0657266e-02;8.2500000e+01;-5.3682394e-02;8.2500000e+01;-9.6565515e-02;8.2500000e+01;-1.3893887e-01;8.2500000e+01;-1.8011746e-01;8.2500000e+01;-7.2280861e-02;8.2500000e+01;-3.9912838e-02;8.2500000e+01;1.6733952e-02;8.2500000e+01;8.1687979e-02;8.2500000e+01;1.5556861e-01;8.2500000e+01;2.1363959e-01;8.2500000e+01;2.5568026e-01;8.2500000e+01;2.8610894e-01;8.2500000e+01;2.7614221e-01;8.2500000e+01;2.2770050e-01;8.2500000e+01;1.4977154e-01;8.2500000e+01;8.6230956e-02;8.2500000e+01;3.4735404e-02;8.2500000e+01;-1.0657266e-02;8.2500000e+01;-5.3682394e-02;8.2500000e+01;-9.6565515e-02;8.2500000e+01;-1.3893887e-01;8.2500000e+01;-1.8011746e-01;8.2500000e+01;-7.2280861e-02;8.2500000e+01;-3.9912838e-02;8.2500000e+01;1.6733952e-02;8.2500000e+01;8.1687979e-02;8.2500000e+01;1.5556861e-01;8.2500000e+01;2.1363959e-01;8.2500000e+01;2.5568026e-01;8.2500000e+01;2.8610894e-01;8.2500000e+01;2.7614221e-01;8.2500000e+01;2.2770050e-01;8.2500000e+01;1.4977154e-01;8.2500000e+01;8.6230956e-02;8.2500000e+01;3.4735404e-02;8.2500000e+01;-1.0657266e-02;8.2500000e+01;-5.3682394e-02;8.2500000e+01;-9.6565515e-02;8.2500000e+01;-1.3893887e-01;8.2500000e+01;-1.8011746e-01;8.2500000e+01;-7.2280861e-02;8.2500000e+01;-3.9912838e-02;8.2500000e+01;1.6733952e-02;8.2500000e+01;8.1687979e-02;8.2500000e+01;1.5556861e-01;8.2500000e+01;2.1363959e-01;8.2500000e+01;2.5568026e-01;8.2500000e+01;2.8610894e-01;8.2500000e+01;2.7614221e-01;8.2500000e+01;2.2770050e-01;8.2500000e+01;1.4977154e-01;8.2500000e+01;8.6230956e-02;8.2500000e+01;3.4735404e-02;8.2500000e+01;-1.0657266e-02;8.2500000e+01;-5.3682394e-02;8.2500000e+01;-9.6565515e-02;8.2500000e+01;-1.3893887e-01;8.2500000e+01;-1.8011746e-01;8.2500000e+01;-7.2280861e-02;8.2500000e+01;-3.9912838e-02;8.2500000e+01;1.6733952e-02;8.2500000e+01;8.1687979e-02;8.2500000e+01;1.5556861e-01;8.2500000e+01;2.1363959e-01;8.2500000e+01;2.5568026e-01;8.2500000e+01;2.8610894e-01;8.2500000e+01;2.7614221e-01;8.2500000e+01;2.2770050e-01;8.2500000e+01;1.4977154e-01;8.2500000e+01;8.6230956e-02;8.2500000e+01;3.4735404e-02;8.2500000e+01;-1.0657266e-02;8.2500000e+01;-5.3682394e-02;8.2500000e+01;-9.6565515e-02;8.2500000e+01;-1.3893887e-01;8.2500000e+01;-1.8011746e-01;8.2500000e+01;-7.2280861e-02;8.2500000e+01;-3.9912838e-02;8.2500000e+01;1.6733952e-02;8.2500000e+01;8.1687979e-02;8.2500000e+01;1.5556861e-01;8.2500000e+01;2.1363959e-01;8.2500000e+01;2.5568026e-01;8.2500000e+01;2.8610894e-01;8.2500000e+01;2.7614221e-01;8.2500000e+01;2.2770050e-01;8.2500000e+01;1.4977154e-01;8.2500000e+01;8.6230956e-02;8.2500000e+01;3.4735404e-02;8.2500000e+01;-1.0657266e-02;8.2500000e+01;-5.3682394e-02;8.2500000e+01;-9.6565515e-02;8.2500000e+01;-1.3893887e-01;8.2500000e+01;-1.8011746e-01;8.2500000e+01;-7.2280861e-02;8.2500000e+01;-3.9912838e-02;8.2500000e+01;1.6733952e-02;8.2500000e+01;8.1687979e-02;8.2500000e+01;1.5556861e-01;8.2500000e+01;2.1363959e-01;8.2500000e+01;2.5568026e-01;8.2500000e+01;2.8610894e-01;8.2500000e+01;2.7614221e-01;8.2500000e+01;2.2770050e-01;8.2500000e+01;1.4977154e-01;8.2500000e+01;8.6230956e-02;8.2500000e+01;3.4735404e-02;8.2500000e+01;-1.0657266e-02;8.2500000e+01;-5.3682394e-02;8.2500000e+01;-9.6565515e-02;8.2500000e+01;-1.3893887e-01;8.2500000e+01;-1.8011746e-01;8.2500000e+01;-7.2280861e-02;8.2500000e+01;-3.9912838e-02;8.2500000e+01;1.6733952e-02;8.2500000e+01;8.1687979e-02;8.2500000e+01;1.5556861e-01;8.2500000e+01;2.1363959e-01;8.2500000e+01;2.5568026e-01;8.2500000e+01;2.8610894e-01;8.2500000e+01;2.7614221e-01;8.2500000e+01;2.2770050e-01;8.2500000e+01;1.4977154e-01;8.2500000e+01;8.6230956e-02;8.2500000e+01;3.4735404e-02;8.2500000e+01;-1.0657266e-02;8.2500000e+01;-5.3682394e-02;8.2500000e+01;-9.6565515e-02;8.2500000e+01;-1.3893887e-01;8.2500000e+01;-1.8011746e-01;8.2500000e+01;-7.2280861e-02;8.2500000e+01;-3.9912838e-02;8.2500000e+01;1.6733952e-02;8.2500000e+01;8.1687979e-02;8.2500000e+01;1.5556861e-01;8.2500000e+01;2.1363959e-01;8.2500000e+01;2.5568026e-01;8.2500000e+01;2.8610894e-01;8.2500000e+01;2.7614221e-01;8.2500000e+01;2.2770050e-01;8.2500000e+01;1.4977154e-01;8.2500000e+01;8.6230956e-02;8.2500000e+01;3.4735404e-02;8.2500000e+01;-1.0657266e-02;8.2500000e+01;-5.3682394e-02;8.2500000e+01;-9.6565515e-02;8.2500000e+01;-1.3893887e-01;8.2500000e+01;-1.8011746e-01;8.2500000e+01;-7.2280861e-02;8.2500000e+01;-3.9912838e-02;8.2500000e+01;1.6733952e-02;8.2500000e+01;8.1687979e-02;8.2500000e+01;1.5556861e-01;8.2500000e+01;2.1363959e-01;8.2500000e+01;2.5568026e-01;8.2500000e+01;2.8610894e-01;8.2500000e+01;2.7614221e-01;8.2500000e+01;2.2770050e-01;8.2500000e+01;1.4977154e-01;8.2500000e+01;8.6230956e-02;8.2500000e+01;3.4735404e-02;8.2500000e+01;-1.0657266e-02;8.2500000e+01;-5.3682394e-02;8.2500000e+01;-9.6565515e-02;8.2500000e+01;-1.3893887e-01;8.2500000e+01;-1.8011746e-01;8.2500000e+01;-7.2280861e-02;8.2500000e+01;-3.9912838e-02;8.2500000e+01;1.6733952e-02;8.2500000e+01;8.1687979e-02;8.2500000e+01;1.5556861e-01;8.2500000e+01;2.1363959e-01;8.2500000e+01;2.5568026e-01;8.2500000e+01;2.8610894e-01;8.2500000e+01;2.7614221e-01;8.2500000e+01;2.2770050e-01;8.2500000e+01;1.4977154e-01;8.2500000e+01;8.6230956e-02;8.2500000e+01;3.4735404e-02;8.2500000e+01;-1.0657266e-02;8.2500000e+01;-5.3682394e-02;8.2500000e+01;-9.6565515e-02;8.2500000e+01;-1.3893887e-01;8.2500000e+01;-1.8011746e-01;8.2500000e+01;-7.2280861e-02;8.2500000e+01;-3.9912838e-02;8.2500000e+01;1.6733952e-02;8.2500000e+01;8.1687979e-02;8.2500000e+01;1.5556861e-01;8.2500000e+01;2.1363959e-01;8.2500000e+01;2.5568026e-01;8.2500000e+01;2.8610894e-01;8.2500000e+01;2.7614221e-01;8.2500000e+01;2.2770050e-01;8.2500000e+01;1.4977154e-01;8.2500000e+01;8.6230956e-02;8.2500000e+01;3.4735404e-02;8.2500000e+01;-1.0657266e-02;8.2500000e+01;-5.3682394e-02;8.2500000e+01;-9.6565515e-02;8.2500000e+01;-1.3893887e-01;8.2500000e+01;-1.8011746e-01;8.2500000e+01;-7.2280861e-02;8.2500000e+01;-3.9912838e-02;8.2500000e+01;1.6733952e-02;8.2500000e+01;8.1687979e-02;8.2500000e+01;1.5556861e-01;8.2500000e+01;2.1363959e-01;8.2500000e+01;2.5568026e-01;8.2500000e+01;2.8610894e-01;8.2500000e+01;2.7614221e-01;8.2500000e+01;2.2770050e-01;8.2500000e+01;1.4977154e-01;8.2500000e+01;8.6230956e-02;8.2500000e+01;3.4735404e-02;8.2500000e+01;-1.0657266e-02;8.2500000e+01;-5.3682394e-02;8.2500000e+01;-9.6565515e-02;8.2500000e+01;-1.3893887e-01;8.2500000e+01;-1.8011746e-01;8.2500000e+01;-7.2280861e-02;8.2500000e+01;-3.9912838e-02;8.2500000e+01;1.6733952e-02;8.2500000e+01;8.1687979e-02;8.2500000e+01;1.5556861e-01;8.2500000e+01;2.1363959e-01;8.2500000e+01;2.5568026e-01;8.2500000e+01;2.8610894e-01;8.2500000e+01;2.7614221e-01;8.2500000e+01;2.2770050e-01;8.2500000e+01;1.4977154e-01;8.2500000e+01;8.6230956e-02;8.2500000e+01;3.4735404e-02;8.2500000e+01;-1.0657266e-02;8.2500000e+01;-5.3682394e-02;8.2500000e+01;-9.6565515e-02;8.2500000e+01;-1.3893887e-01;8.2500000e+01;-1.8011746e-01;8.2500000e+01;-7.2280861e-02;8.2500000e+01;-3.9912838e-02;8.2500000e+01;1.6733952e-02;8.2500000e+01;8.1687979e-02;8.2500000e+01;1.5556861e-01;8.2500000e+01;2.1363959e-01;8.2500000e+01;2.5568026e-01;8.2500000e+01;2.8610894e-01;8.2500000e+01;2.7614221e-01;8.2500000e+01;2.2770050e-01;8.2500000e+01;1.4977154e-01;8.2500000e+01;8.6230956e-02;8.2500000e+01;3.4735404e-02;8.2500000e+01;-1.0657266e-02;8.2500000e+01;-5.3682394e-02;8.2500000e+01;-9.6565515e-02;8.2500000e+01;-1.3893887e-01;8.2500000e+01;-1.8011746e-01;8.2500000e+01;-7.2280861e-02;8.2500000e+01;-3.9912838e-02;8.2500000e+01;1.6733952e-02;8.2500000e+01;8.1687979e-02;8.2500000e+01;1.5556861e-01;8.2500000e+01;2.1363959e-01;8.2500000e+01;2.5568026e-01;8.2500000e+01;2.8610894e-01;8.2500000e+01;2.7614221e-01;8.2500000e+01;2.2770050e-01;8.2500000e+01;1.4977154e-01;8.2500000e+01;8.6230956e-02;8.2500000e+01;3.4735404e-02;8.2500000e+01;-1.0657266e-02;8.2500000e+01;-5.3682394e-02;8.2500000e+01;-9.6565515e-02;8.2500000e+01;-1.3893887e-01;8.2500000e+01;-1.8011746e-01;8.2500000e+01;-7.2280861e-02;8.2500000e+01;-3.9912838e-02;8.2500000e+01;1.6733952e-02;8.2500000e+01;8.1687979e-02;8.2500000e+01;1.5556861e-01;8.2500000e+01;2.1363959e-01;8.2500000e+01;2.5568026e-01;8.2500000e+01;2.8610894e-01;8.2500000e+01;2.7614221e-01;8.2500000e+01;2.2770050e-01;8.2500000e+01;1.4977154e-01;8.2500000e+01;8.6230956e-02;8.2500000e+01;3.4735404e-02;8.2500000e+01;-1.0657266e-02;8.2500000e+01;-5.3682394e-02;8.2500000e+01;-9.6565515e-02;8.2500000e+01;-1.3893887e-01;8.2500000e+01;-1.8011746e-01;8.2500000e+01;-7.2280861e-02;8.2500000e+01;-3.9912838e-02;8.2500000e+01;1.6733952e-02;8.2500000e+01;8.1687979e-02;8.2500000e+01;1.5556861e-01;8.2500000e+01;2.1363959e-01;8.2500000e+01;2.5568026e-01;8.2500000e+01;2.8610894e-01;8.2500000e+01;2.7614221e-01;8.2500000e+01;2.2770050e-01;8.2500000e+01;1.4977154e-01;8.2500000e+01;8.6230956e-02;8.2500000e+01;3.4735404e-02;8.2500000e+01;-1.0657266e-02;8.2500000e+01;-5.3682394e-02;8.2500000e+01;-9.6565515e-02;8.2500000e+01;-1.3893887e-01;8.2500000e+01;-1.8011746e-01;8.2500000e+01;-7.2280861e-02;8.2500000e+01;-3.9912838e-02;8.2500000e+01;1.6733952e-02;8.2500000e+01;8.1687979e-02;8.2500000e+01;1.5556861e-01;8.2500000e+01;2.1363959e-01;8.2500000e+01;2.5568026e-01;8.2500000e+01;2.8610894e-01;8.2500000e+01;2.7614221e-01;8.2500000e+01;2.2770050e-01;8.2500000e+01;1.4977154e-01;8.2500000e+01;8.6230956e-02;8.2500000e+01;3.4735404e-02;8.2500000e+01;-1.0657266e-02;8.2500000e+01;-5.3682394e-02;8.2500000e+01;-9.6565515e-02;8.2500000e+01;-1.3893887e-01;8.2500000e+01;-1.8011746e-01;8.2500000e+01;-7.2280861e-02;8.2500000e+01;-3.9912838e-02;8.2500000e+01;1.6733952e-02;8.2500000e+01;8.1687979e-02;8.2500000e+01;1.5556861e-01;8.2500000e+01;2.1363959e-01;8.2500000e+01;2.5568026e-01;8.2500000e+01;2.8610894e-01;8.2500000e+01;2.7614221e-01;8.2500000e+01;2.2770050e-01;8.2500000e+01;1.4977154e-01;8.2500000e+01;8.6230956e-02;8.2500000e+01;3.4735404e-02;8.2500000e+01;-1.0657266e-02;8.2500000e+01;-5.3682394e-02;8.2500000e+01;-9.6565515e-02;8.2500000e+01;-1.3893887e-01;8.2500000e+01;-1.8011746e-01;8.2500000e+01;-7.2280861e-02;8.2500000e+01;-3.9912838e-02;8.2500000e+01;1.6733952e-02;8.2500000e+01;8.1687979e-02;8.2500000e+01;1.5556861e-01;8.2500000e+01;2.1363959e-01;8.2500000e+01;2.5568026e-01;8.2500000e+01;2.8610894e-01;8.2500000e+01;2.7614221e-01;8.2500000e+01;2.2770050e-01;8.2500000e+01;1.4977154e-01;8.2500000e+01;8.6230956e-02;8.2500000e+01;3.4735404e-02;8.2500000e+01;-1.0657266e-02;8.2500000e+01;-5.3682394e-02;8.2500000e+01;-9.6565515e-02;8.2500000e+01;-1.3893887e-01;8.2500000e+01;-1.8011746e-01;8.2500000e+01;-7.2280861e-02;8.2500000e+01;-3.9912838e-02;8.2500000e+01;1.6733952e-02;8.2500000e+01;8.1687979e-02;8.2500000e+01;1.5556861e-01;8.2500000e+01;2.1363959e-01;8.2500000e+01;2.5568026e-01;8.2500000e+01;2.8610894e-01;8.2500000e+01;2.7614221e-01;8.2500000e+01;2.2770050e-01;8.2500000e+01;1.4977154e-01;8.2500000e+01;8.6230956e-02;8.2500000e+01;3.4735404e-02;8.2500000e+01;-1.0657266e-02;8.2500000e+01;-5.3682394e-02;8.2500000e+01;-9.6565515e-02;8.2500000e+01;-1.3893887e-01;8.2500000e+01;-1.8011746e-01;8.2500000e+01;-7.2280861e-02;8.2500000e+01;-3.9912838e-02;8.2500000e+01;1.6733952e-02;8.2500000e+01;8.1687979e-02;8.2500000e+01;1.5556861e-01;8.2500000e+01;2.1363959e-01;8.2500000e+01;2.5568026e-01;8.2500000e+01;2.8610894e-01;8.2500000e+01;2.7614221e-01;8.2500000e+01;2.2770050e-01;8.2500000e+01;1.4977154e-01;8.2500000e+01;8.6230956e-02;8.2500000e+01;3.4735404e-02;8.2500000e+01;-1.0657266e-02;8.2500000e+01;-5.3682394e-02;8.2500000e+01;-9.6565515e-02;8.2500000e+01;-1.3893887e-01;8.2500000e+01;-1.8011746e-01;8.2500000e+01;-7.2280861e-02;8.2500000e+01;-3.9912838e-02;8.2500000e+01;1.6733952e-02;8.2500000e+01;8.1687979e-02;8.2500000e+01;1.5556861e-01;8.2500000e+01;2.1363959e-01;8.2500000e+01;2.5568026e-01;8.2500000e+01;2.8610894e-01;8.2500000e+01;2.7614221e-01;8.2500000e+01;2.2770050e-01;8.2500000e+01;1.4977154e-01;8.2500000e+01;8.6230956e-02;8.2500000e+01;3.4735404e-02;8.2500000e+01;-1.0657266e-02;8.2500000e+01;-5.3682394e-02;8.2500000e+01;-9.6565515e-02;8.2500000e+01;-1.3893887e-01;8.2500000e+01;-1.8011746e-01;8.2500000e+01;-7.2280861e-02;8.2500000e+01;-3.9912838e-02;8.2500000e+01;1.6733952e-02;8.2500000e+01;8.1687979e-02;8.2500000e+01;1.5556861e-01;8.2500000e+01;2.1363959e-01;8.2500000e+01;2.5568026e-01;8.2500000e+01;2.8610894e-01;8.2500000e+01;2.7614221e-01;8.2500000e+01;2.2770050e-01;8.2500000e+01;1.4977154e-01;8.2500000e+01;8.6230956e-02;8.2500000e+01;3.4735404e-02;8.2500000e+01;-1.0657266e-02;8.2500000e+01;-5.3682394e-02;8.2500000e+01;-9.6565515e-02;8.2500000e+01;-1.3893887e-01;8.2500000e+01;-1.8011746e-01;8.2500000e+01;-7.2280861e-02;8.2500000e+01;-3.9912838e-02;8.2500000e+01;1.6733952e-02;8.2500000e+01;8.1687979e-02;8.2500000e+01;1.5556861e-01;8.2500000e+01;2.1363959e-01;8.2500000e+01;2.5568026e-01;8.2500000e+01;2.8610894e-01;8.2500000e+01;2.7614221e-01;8.2500000e+01;2.2770050e-01;8.2500000e+01;1.4977154e-01;8.2500000e+01;8.6230956e-02;8.2500000e+01;3.4735404e-02;8.2500000e+01;-1.0657266e-02;8.2500000e+01;-5.3682394e-02;8.2500000e+01;-9.6565515e-02;8.2500000e+01;-1.3893887e-01;8.2500000e+01;-1.8011746e-01;8.2500000e+01;-7.2280861e-02;8.2500000e+01;-3.9912838e-02;8.2500000e+01;1.6733952e-02;8.2500000e+01;8.1687979e-02;8.2500000e+01;1.5556861e-01;8.2500000e+01;2.1363959e-01;8.2500000e+01;2.5568026e-01;8.2500000e+01;2.8610894e-01;8.2500000e+01;2.7614221e-01;8.2500000e+01;2.2770050e-01;8.2500000e+01;1.4977154e-01;8.2500000e+01;8.6230956e-02;8.2500000e+01;3.4735404e-02;8.2500000e+01;-1.0657266e-02;8.2500000e+01;-5.3682394e-02;8.2500000e+01;-9.6565515e-02;8.2500000e+01;-1.3893887e-01;8.2500000e+01;-1.8011746e-01;8.2500000e+01;-7.2280861e-02;8.2500000e+01;-3.9912838e-02;8.2500000e+01;1.6733952e-02;8.2500000e+01;8.1687979e-02;8.2500000e+01;1.5556861e-01;8.2500000e+01;2.1363959e-01;8.2500000e+01;2.5568026e-01;8.2500000e+01;2.8610894e-01;8.2500000e+01;2.7614221e-01;8.2500000e+01;2.2770050e-01;8.2500000e+01;1.4977154e-01;8.2500000e+01;8.6230956e-02;8.2500000e+01;3.4735404e-02;8.2500000e+01;-1.0657266e-02;8.2500000e+01;-5.3682394e-02;8.2500000e+01;-9.6565515e-02;8.2500000e+01;-1.3893887e-01;8.2500000e+01;-1.8011746e-01;8.2500000e+01;-7.2280861e-02;8.2500000e+01;-3.9912838e-02;8.2500000e+01;1.6733952e-02;8.2500000e+01;8.1687979e-02;8.2500000e+01;1.5556861e-01;8.2500000e+01;2.1363959e-01;8.2500000e+01;2.5568026e-01;8.2500000e+01;2.8610894e-01;8.2500000e+01;2.7614221e-01;8.2500000e+01;2.2770050e-01;8.2500000e+01;1.4977154e-01;8.2500000e+01;8.6230956e-02;8.2500000e+01;3.4735404e-02;8.2500000e+01;-1.0657266e-02;8.2500000e+01;-5.3682394e-02;8.2500000e+01;-9.6565515e-02;8.2500000e+01;-1.3893887e-01;8.2500000e+01;-1.8011746e-01;8.2500000e+01;-7.2280861e-02;8.2500000e+01;-3.9912838e-02;8.2500000e+01;1.6733952e-02;8.2500000e+01;8.1687979e-02;8.2500000e+01;1.5556861e-01;8.2500000e+01;2.1363959e-01;8.2500000e+01;2.5568026e-01;8.2500000e+01;2.8610894e-01;8.2500000e+01;2.7614221e-01;8.2500000e+01;2.2770050e-01;8.2500000e+01;1.4977154e-01;8.2500000e+01;8.6230956e-02;8.2500000e+01;3.4735404e-02;8.2500000e+01;-1.0657266e-02;8.2500000e+01;-5.3682394e-02;8.2500000e+01;-9.6565515e-02;8.2500000e+01;-1.3893887e-01;8.2500000e+01;-1.8011746e-01;8.2500000e+01;-7.2280861e-02;8.2500000e+01;-3.9912838e-02;8.2500000e+01;1.6733952e-02;8.2500000e+01;8.1687979e-02;8.2500000e+01;1.5556861e-01;8.2500000e+01;2.1363959e-01;8.2500000e+01;2.5568026e-01;8.2500000e+01;2.8610894e-01;8.2500000e+01;2.7614221e-01;8.2500000e+01;2.2770050e-01;8.2500000e+01;1.4977154e-01;8.2500000e+01;8.6230956e-02;8.2500000e+01;3.4735404e-02;8.2500000e+01;-1.0657266e-02;8.2500000e+01;-5.3682394e-02;8.2500000e+01;-9.6565515e-02;8.2500000e+01;-1.3893887e-01;8.2500000e+01;-1.8011746e-01;8.2500000e+01;-7.2280861e-02;8.2500000e+01;-3.9912838e-02;8.2500000e+01;1.6733952e-02;8.2500000e+01;8.1687979e-02;8.2500000e+01;1.5556861e-01;8.2500000e+01;2.1363959e-01;8.2500000e+01;2.5568026e-01;8.2500000e+01;2.8610894e-01;8.2500000e+01;2.7614221e-01;8.2500000e+01;2.2770050e-01;8.2500000e+01;1.4977154e-01;8.2500000e+01;8.6230956e-02;8.2500000e+01;3.4735404e-02;8.2500000e+01;-1.0657266e-02;8.2500000e+01;-5.3682394e-02;8.2500000e+01;-9.6565515e-02;8.2500000e+01;-1.3893887e-01;8.2500000e+01;-1.8011746e-01;8.2500000e+01;-7.2280861e-02;8.2500000e+01;-3.9912838e-02;8.2500000e+01;1.6733952e-02;8.2500000e+01;8.1687979e-02;8.2500000e+01;1.5556861e-01;8.2500000e+01;2.1363959e-01;8.2500000e+01;2.5568026e-01;8.2500000e+01;2.8610894e-01;8.2500000e+01;2.7614221e-01;8.2500000e+01;2.2770050e-01;8.2500000e+01;1.4977154e-01;8.2500000e+01;8.6230956e-02;8.2500000e+01;3.4735404e-02;8.2500000e+01;-1.0657266e-02;8.2500000e+01;-5.3682394e-02;8.2500000e+01;-9.6565515e-02;8.2500000e+01;-1.3893887e-01;8.2500000e+01;-1.8011746e-01;8.2500000e+01;-7.2280861e-02;8.2500000e+01;-3.9912838e-02;8.2500000e+01;1.6733952e-02;8.2500000e+01;8.1687979e-02;8.2500000e+01;1.5556861e-01;8.2500000e+01;2.1363959e-01;8.2500000e+01;2.5568026e-01;8.2500000e+01;2.8610894e-01;8.2500000e+01;2.7614221e-01;8.2500000e+01;2.2770050e-01;8.2500000e+01;1.4977154e-01;8.2500000e+01;8.6230956e-02;8.2500000e+01;3.4735404e-02;8.2500000e+01;-1.0657266e-02;8.2500000e+01;-5.3682394e-02;8.2500000e+01;-9.6565515e-02;8.2500000e+01;-1.3893887e-01;8.2500000e+01;-1.8011746e-01;8.2500000e+01;-7.2280861e-02;8.2500000e+01;-3.9912838e-02;8.2500000e+01;1.6733952e-02;8.2500000e+01;8.1687979e-02;8.2500000e+01;1.5556861e-01;8.2500000e+01;2.1363959e-01;8.2500000e+01;2.5568026e-01;8.2500000e+01;2.8610894e-01;8.2500000e+01;2.7614221e-01;8.2500000e+01;2.2770050e-01;8.2500000e+01;1.4977154e-01;8.2500000e+01;8.6230956e-02;8.2500000e+01;3.4735404e-02;8.2500000e+01;-1.0657266e-02;8.2500000e+01;-5.3682394e-02;8.2500000e+01;-9.6565515e-02;8.2500000e+01;-1.3893887e-01;8.2500000e+01;-1.8011746e-01;8.2500000e+01;-7.2280861e-02;8.2500000e+01;-3.9912838e-02;8.2500000e+01;1.6733952e-02;8.2500000e+01;8.1687979e-02;8.2500000e+01;1.5556861e-01;8.2500000e+01;2.1363959e-01;8.2500000e+01;2.5568026e-01;8.2500000e+01;2.8610894e-01;8.2500000e+01;2.7614221e-01;8.2500000e+01;2.2770050e-01;8.2500000e+01;1.4977154e-01;8.2500000e+01;8.6230956e-02;8.2500000e+01;3.4735404e-02;8.2500000e+01;-1.0657266e-02;8.2500000e+01;-5.3682394e-02;8.2500000e+01;-9.6565515e-02;8.2500000e+01;-1.3893887e-01;8.2500000e+01;-1.8011746e-01;8.2500000e+01;-7.2280861e-02;8.2500000e+01;-3.9912838e-02;8.2500000e+01;1.6733952e-02;8.2500000e+01;8.1687979e-02;8.2500000e+01;1.5556861e-01;8.2500000e+01;2.1363959e-01;8.2500000e+01;2.5568026e-01;8.2500000e+01;2.8610894e-01;8.2500000e+01;2.7614221e-01;8.2500000e+01;2.2770050e-01;8.2500000e+01;1.4977154e-01;8.2500000e+01;8.6230956e-02;8.2500000e+01;3.4735404e-02;8.2500000e+01;-1.0657266e-02;8.2500000e+01;-5.3682394e-02;8.2500000e+01;-9.6565515e-02;8.2500000e+01;-1.3893887e-01;8.2500000e+01;-1.8011746e-01;8.2500000e+01;-7.2280861e-02;8.2500000e+01;-3.9912838e-02;8.2500000e+01;1.6733952e-02;8.2500000e+01;8.1687979e-02;8.2500000e+01;1.5556861e-01;8.2500000e+01;2.1363959e-01;8.2500000e+01;2.5568026e-01;8.2500000e+01;2.8610894e-01;8.2500000e+01;2.7614221e-01;8.2500000e+01;2.2770050e-01;8.2500000e+01;1.4977154e-01;8.2500000e+01;8.6230956e-02;8.2500000e+01;3.4735404e-02;8.2500000e+01;-1.0657266e-02;8.2500000e+01;-5.3682394e-02;8.2500000e+01;-9.6565515e-02;8.2500000e+01;-1.3893887e-01;8.2500000e+01;-1.8011746e-01;8.2500000e+01;-7.2280861e-02;8.2500000e+01;-3.9912838e-02;8.2500000e+01;1.6733952e-02;8.2500000e+01;8.1687979e-02;8.2500000e+01;1.5556861e-01;8.2500000e+01;2.1363959e-01;8.2500000e+01;2.5568026e-01;8.2500000e+01;2.8610894e-01;8.2500000e+01;2.7614221e-01;8.2500000e+01;2.2770050e-01;8.2500000e+01;1.4977154e-01;8.2500000e+01;8.6230956e-02;8.2500000e+01;3.4735404e-02;8.2500000e+01;-1.0657266e-02;8.2500000e+01;-5.3682394e-02;8.2500000e+01;-9.6565515e-02;8.2500000e+01;-1.3893887e-01;8.2500000e+01;-1.8011746e-01;8.2500000e+01;-7.2280861e-02;8.2500000e+01;-3.9912838e-02;8.2500000e+01;1.6733952e-02;8.2500000e+01;8.1687979e-02;8.2500000e+01;1.5556861e-01;8.2500000e+01;2.1363959e-01;8.2500000e+01;2.5568026e-01;8.2500000e+01;2.8610894e-01;8.2500000e+01;2.7614221e-01;8.2500000e+01;2.2770050e-01;8.2500000e+01;1.4977154e-01;8.2500000e+01;8.6230956e-02;8.2500000e+01;3.4735404e-02;8.2500000e+01;-1.0657266e-02;8.2500000e+01;-5.3682394e-02;8.2500000e+01;-9.6565515e-02;8.2500000e+01;-1.3893887e-01;8.2500000e+01;-1.8011746e-01;8.2500000e+01;-7.2280861e-02;8.2500000e+01;-3.9912838e-02;8.2500000e+01;1.6733952e-02;8.2500000e+01;8.1687979e-02;8.2500000e+01;1.5556861e-01;8.2500000e+01;2.1363959e-01;8.2500000e+01;2.5568026e-01;8.2500000e+01;2.8610894e-01;8.2500000e+01;2.7614221e-01;8.2500000e+01;2.2770050e-01;8.2500000e+01;1.4977154e-01;8.2500000e+01;8.6230956e-02;8.2500000e+01;3.4735404e-02;8.2500000e+01;-1.0657266e-02;8.2500000e+01;-5.3682394e-02;8.2500000e+01;-9.6565515e-02;8.2500000e+01;-1.3893887e-01;8.2500000e+01;-1.8011746e-01;8.2500000e+01;-7.2280861e-02;8.2500000e+01;-3.9912838e-02;8.2500000e+01;1.6733952e-02;8.2500000e+01;8.1687979e-02;8.2500000e+01;1.5556861e-01;8.2500000e+01;2.1363959e-01;8.2500000e+01;2.5568026e-01;8.2500000e+01;2.8610894e-01;8.2500000e+01;2.7614221e-01;8.2500000e+01;2.2770050e-01;8.2500000e+01;1.4977154e-01;8.2500000e+01;8.6230956e-02;8.2500000e+01;3.4735404e-02;8.2500000e+01;-1.0657266e-02;8.2500000e+01;-5.3682394e-02;8.2500000e+01;-9.6565515e-02;8.2500000e+01;-1.3893887e-01;8.2500000e+01;-1.8011746e-01;8.2500000e+01;-7.2280861e-02;8.2500000e+01;-3.9912838e-02;8.2500000e+01;1.6733952e-02;8.2500000e+01;8.1687979e-02;8.2500000e+01;1.5556861e-01;8.2500000e+01;2.1363959e-01;8.2500000e+01;2.5568026e-01;8.2500000e+01;2.8610894e-01;8.2500000e+01;2.7614221e-01;8.2500000e+01;2.2770050e-01;8.2500000e+01;1.4977154e-01;8.2500000e+01;8.6230956e-02;8.2500000e+01;3.4735404e-02;8.2500000e+01;-1.0657266e-02;8.2500000e+01;-5.3682394e-02;8.2500000e+01;-9.6565515e-02;8.2500000e+01;-1.3893887e-01;8.2500000e+01;-1.8011746e-01;8.2500000e+01;-7.2280861e-02;8.2500000e+01;-3.9912838e-02;8.2500000e+01;1.6733952e-02;8.2500000e+01;8.1687979e-02;8.2500000e+01;1.5556861e-01;8.2500000e+01;2.1363959e-01;8.2500000e+01;2.5568026e-01;8.2500000e+01;2.8610894e-01;8.2500000e+01;2.7614221e-01;8.2500000e+01;2.2770050e-01;8.2500000e+01;1.4977154e-01;8.2500000e+01;8.6230956e-02;8.2500000e+01;3.4735404e-02;8.2500000e+01;-1.0657266e-02;8.2500000e+01;-5.3682394e-02;8.2500000e+01;-9.6565515e-02;8.2500000e+01;-1.3893887e-01;8.2500000e+01;-1.8011746e-01;8.2500000e+01;-7.2280861e-02;8.2500000e+01;-3.9912838e-02;8.2500000e+01;1.6733952e-02;8.2500000e+01;8.1687979e-02;8.2500000e+01;1.5556861e-01;8.2500000e+01;2.1363959e-01;8.2500000e+01;2.5568026e-01;8.2500000e+01;2.8610894e-01;8.2500000e+01;2.7614221e-01;8.2500000e+01;2.2770050e-01;8.2500000e+01;1.4977154e-01;8.2500000e+01;8.6230956e-02;8.2500000e+01;3.4735404e-02;8.2500000e+01;-1.0657266e-02;8.2500000e+01;-5.3682394e-02;8.2500000e+01;-9.6565515e-02;8.2500000e+01;-1.3893887e-01;8.2500000e+01;-1.8011746e-01;8.2500000e+01;-7.2280861e-02;8.2500000e+01;-3.9912838e-02;8.2500000e+01;1.6733952e-02;8.2500000e+01;8.1687979e-02;8.2500000e+01;1.5556861e-01;8.2500000e+01;2.1363959e-01;8.2500000e+01;2.5568026e-01;8.2500000e+01;2.8610894e-01;8.2500000e+01;2.7614221e-01;8.2500000e+01;2.2770050e-01;8.2500000e+01;1.4977154e-01;8.2500000e+01;8.6230956e-02;8.2500000e+01;3.4735404e-02;8.2500000e+01;-1.0657266e-02;8.2500000e+01;-5.3682394e-02;8.2500000e+01;-9.6565515e-02;8.2500000e+01;-1.3893887e-01;8.2500000e+01;-1.8011746e-01;8.2500000e+01;-7.2280861e-02;8.2500000e+01;-3.9912838e-02;8.2500000e+01;1.6733952e-02;8.2500000e+01;8.1687979e-02;8.2500000e+01;1.5556861e-01;8.2500000e+01;2.1363959e-01;8.2500000e+01;2.5568026e-01;8.2500000e+01;2.8610894e-01;8.2500000e+01;2.7614221e-01;8.2500000e+01;2.2770050e-01;8.2500000e+01;1.4977154e-01;8.2500000e+01;8.6230956e-02;8.2500000e+01;3.4735404e-02;8.2500000e+01;-1.0657266e-02;8.2500000e+01;-5.3682394e-02;8.2500000e+01;-9.6565515e-02;8.2500000e+01;-1.3893887e-01;8.2500000e+01;-1.8011746e-01;8.2500000e+01;-7.2280861e-02;8.2500000e+01;-3.9912838e-02;8.2500000e+01;1.6733952e-02;8.2500000e+01;8.1687979e-02;8.2500000e+01;1.5556861e-01;8.2500000e+01;2.1363959e-01;8.2500000e+01;2.5568026e-01;8.2500000e+01;2.8610894e-01;8.2500000e+01;2.7614221e-01;8.2500000e+01;2.2770050e-01;8.2500000e+01;1.4977154e-01;8.2500000e+01;8.6230956e-02;8.2500000e+01;3.4735404e-02;8.2500000e+01;-1.0657266e-02;8.2500000e+01;-5.3682394e-02;8.2500000e+01;-9.6565515e-02;8.2500000e+01;-1.3893887e-01;8.2500000e+01;-1.8011746e-01;8.2500000e+01;-7.2280861e-02;8.2500000e+01;-3.9912838e-02;8.2500000e+01;1.6733952e-02;8.2500000e+01;8.1687979e-02;8.2500000e+01;1.5556861e-01;8.2500000e+01;2.1363959e-01;8.2500000e+01;2.5568026e-01;8.2500000e+01;2.8610894e-01;8.2500000e+01;2.7614221e-01;8.2500000e+01;2.2770050e-01;8.2500000e+01;1.4977154e-01;8.2500000e+01;8.6230956e-02;8.2500000e+01;3.4735404e-02;8.2500000e+01;-1.0657266e-02;8.2500000e+01;-5.3682394e-02;8.2500000e+01;-9.6565515e-02;8.2500000e+01;-1.3893887e-01;8.2500000e+01;-1.8011746e-01;8.2500000e+01;-7.2280861e-02;8.2500000e+01;-3.9912838e-02;8.2500000e+01;1.6733952e-02;8.2500000e+01;8.1687979e-02;8.2500000e+01;1.5556861e-01;8.2500000e+01;2.1363959e-01;8.2500000e+01;2.5568026e-01;8.2500000e+01;2.8610894e-01;8.2500000e+01;2.7614221e-01;8.2500000e+01;2.2770050e-01;8.2500000e+01;1.4977154e-01;8.2500000e+01;8.6230956e-02;8.2500000e+01;3.4735404e-02;8.2500000e+01;-1.0657266e-02;8.2500000e+01;-5.3682394e-02;8.2500000e+01;-9.6565515e-02;8.2500000e+01;-1.3893887e-01;8.2500000e+01;-1.8011746e-01;8.2500000e+01;-7.2280861e-02;8.2500000e+01;-3.9912838e-02;8.2500000e+01;1.6733952e-02;8.2500000e+01;8.1687979e-02;8.2500000e+01;1.5556861e-01;8.2500000e+01;2.1363959e-01;8.2500000e+01;2.5568026e-01;8.2500000e+01;2.8610894e-01;8.2500000e+01;2.7614221e-01;8.2500000e+01;2.2770050e-01;8.2500000e+01;1.4977154e-01;8.2500000e+01;8.6230956e-02;8.2500000e+01;3.4735404e-02;8.2500000e+01;-1.0657266e-02;8.2500000e+01;-5.3682394e-02;8.2500000e+01;-9.6565515e-02;8.2500000e+01;-1.3893887e-01;8.2500000e+01;-1.8011746e-01;8.2500000e+01;-7.2280861e-02;8.2500000e+01;-3.9912838e-02;8.2500000e+01;1.6733952e-02;8.2500000e+01;8.1687979e-02;8.2500000e+01;1.5556861e-01;8.2500000e+01;2.1363959e-01;8.2500000e+01;2.5568026e-01;8.2500000e+01;2.8610894e-01;8.2500000e+01;2.7614221e-01;8.2500000e+01;2.2770050e-01;8.2500000e+01;1.4977154e-01;8.2500000e+01;8.6230956e-02;8.2500000e+01;3.4735404e-02;8.2500000e+01;-1.0657266e-02;8.2500000e+01;-5.3682394e-02;8.2500000e+01;-9.6565515e-02;8.2500000e+01;-1.3893887e-01;8.2500000e+01;-1.8011746e-01;8.2500000e+01;-7.2280861e-02;8.2500000e+01;-3.9912838e-02;8.2500000e+01;1.6733952e-02;8.2500000e+01;8.1687979e-02;8.2500000e+01;1.5556861e-01;8.2500000e+01;2.1363959e-01;8.2500000e+01;2.5568026e-01;8.2500000e+01;2.8610894e-01;8.2500000e+01;2.7614221e-01;8.2500000e+01;2.2770050e-01;8.2500000e+01;1.4977154e-01;8.2500000e+01;8.6230956e-02;8.2500000e+01;3.4735404e-02;8.2500000e+01;-1.0657266e-02;8.2500000e+01;-5.3682394e-02;8.2500000e+01;-9.6565515e-02;8.2500000e+01;-1.3893887e-01;8.2500000e+01;-1.8011746e-01;8.2500000e+01;-7.2280861e-02;8.2500000e+01;-3.9912838e-02;8.2500000e+01;1.6733952e-02;8.2500000e+01;8.1687979e-02;8.2500000e+01;1.5556861e-01;8.2500000e+01;2.1363959e-01;8.2500000e+01;2.5568026e-01;8.2500000e+01;2.8610894e-01;8.2500000e+01;2.7614221e-01;8.2500000e+01;2.2770050e-01;8.2500000e+01;1.4977154e-01;8.2500000e+01;8.6230956e-02;8.2500000e+01;3.4735404e-02;8.2500000e+01;-1.0657266e-02;8.2500000e+01;-5.3682394e-02;8.2500000e+01;-9.6565515e-02;8.2500000e+01;-1.3893887e-01;8.2500000e+01;-1.8011746e-01;8.2500000e+01;-7.2280861e-02;8.2500000e+01;-3.9912838e-02;8.2500000e+01;1.6733952e-02;8.2500000e+01;8.1687979e-02;8.2500000e+01;1.5556861e-01;8.2500000e+01;2.1363959e-01;8.2500000e+01;2.5568026e-01;8.2500000e+01;2.8610894e-01;8.2500000e+01;2.7614221e-01;8.2500000e+01;2.2770050e-01;8.2500000e+01;1.4977154e-01;8.2500000e+01;8.6230956e-02;8.2500000e+01;3.4735404e-02;8.2500000e+01;-1.0657266e-02;8.2500000e+01;-5.3682394e-02;8.2500000e+01;-9.6565515e-02;8.2500000e+01;-1.3893887e-01;8.2500000e+01;-1.8011746e-01;8.2500000e+01;-7.2280861e-02;8.2500000e+01;-3.9912838e-02;8.2500000e+01;1.6733952e-02;8.2500000e+01;8.1687979e-02;8.2500000e+01;1.5556861e-01;8.2500000e+01;2.1363959e-01;8.2500000e+01;2.5568026e-01;8.2500000e+01;2.8610894e-01;8.2500000e+01;2.7614221e-01;8.2500000e+01;2.2770050e-01;8.2500000e+01;1.4977154e-01;8.2500000e+01;8.6230956e-02;8.2500000e+01;3.4735404e-02;8.2500000e+01;-1.0657266e-02;8.2500000e+01;-5.3682394e-02;8.2500000e+01;-9.6565515e-02;8.2500000e+01;-1.3893887e-01;8.2500000e+01;-1.8011746e-01;8.2500000e+01;-7.2280861e-02;8.2500000e+01;-3.9912838e-02;8.2500000e+01;1.6733952e-02;8.2500000e+01;8.1687979e-02;8.2500000e+01;1.5556861e-01;8.2500000e+01;2.1363959e-01;8.2500000e+01;2.5568026e-01;8.2500000e+01;2.8610894e-01;8.2500000e+01;2.7614221e-01;8.2500000e+01;2.2770050e-01;8.2500000e+01;1.4977154e-01;8.2500000e+01;8.6230956e-02;8.2500000e+01;3.4735404e-02;8.2500000e+01;-1.0657266e-02;8.2500000e+01;-5.3682394e-02;8.2500000e+01;-9.6565515e-02;8.2500000e+01;-1.3893887e-01;8.2500000e+01;-1.8011746e-01;8.2500000e+01;-7.2280861e-02;8.2500000e+01;-3.9912838e-02;8.2500000e+01;1.6733952e-02;8.2500000e+01;8.1687979e-02;8.2500000e+01;1.5556861e-01;8.2500000e+01;2.1363959e-01;8.2500000e+01;2.5568026e-01;8.2500000e+01;2.8610894e-01;8.2500000e+01;2.7614221e-01;8.2500000e+01;2.2770050e-01;8.2500000e+01;1.4977154e-01;8.2500000e+01;8.6230956e-02;8.2500000e+01;3.4735404e-02;8.2500000e+01;-1.0657266e-02;8.2500000e+01;-5.3682394e-02;8.2500000e+01;-9.6565515e-02;8.2500000e+01;-1.3893887e-01;8.2500000e+01;-1.8011746e-01;8.2500000e+01;-7.2280861e-02;8.2500000e+01;-3.9912838e-02;8.2500000e+01;1.6733952e-02;8.2500000e+01;8.1687979e-02;8.2500000e+01;1.5556861e-01;8.2500000e+01;2.1363959e-01;8.2500000e+01;2.5568026e-01;8.2500000e+01;2.8610894e-01;8.2500000e+01;2.7614221e-01;8.2500000e+01;2.2770050e-01;8.2500000e+01;1.4977154e-01;8.2500000e+01;8.6230956e-02;8.2500000e+01;3.4735404e-02;8.2500000e+01;-1.0657266e-02;8.2500000e+01;-5.3682394e-02;8.2500000e+01;-9.6565515e-02;8.2500000e+01;-1.3893887e-01;8.2500000e+01;-1.8011746e-01;8.2500000e+01;-7.2280861e-02;8.2500000e+01;-3.9912838e-02;8.2500000e+01;1.6733952e-02;8.2500000e+01;8.1687979e-02;8.2500000e+01;1.5556861e-01;8.2500000e+01;2.1363959e-01;8.2500000e+01;2.5568026e-01;8.2500000e+01;2.8610894e-01;8.2500000e+01;2.7614221e-01;8.2500000e+01;2.2770050e-01;8.2500000e+01;1.4977154e-01;8.2500000e+01;8.6230956e-02;8.2500000e+01;3.4735404e-02;8.2500000e+01;-1.0657266e-02;8.2500000e+01;-5.3682394e-02;8.2500000e+01;-9.6565515e-02;8.2500000e+01;-1.3893887e-01;8.2500000e+01;-1.8011746e-01;8.2500000e+01;-7.2280861e-02;8.2500000e+01;-3.9912838e-02;8.2500000e+01;1.6733952e-02;8.2500000e+01;8.1687979e-02;8.2500000e+01;1.5556861e-01;8.2500000e+01;2.1363959e-01;8.2500000e+01;2.5568026e-01;8.2500000e+01;2.8610894e-01;8.2500000e+01;2.7614221e-01;8.2500000e+01;2.2770050e-01;8.2500000e+01;1.4977154e-01;8.2500000e+01;8.6230956e-02;8.2500000e+01;3.4735404e-02;8.2500000e+01;-1.0657266e-02;8.2500000e+01;-5.3682394e-02;8.2500000e+01;-9.6565515e-02;8.2500000e+01;-1.3893887e-01;8.2500000e+01;-1.8011746e-01;8.2500000e+01;-7.2280861e-02;8.2500000e+01;-3.9912838e-02;8.2500000e+01;1.6733952e-02;8.2500000e+01;8.1687979e-02;8.2500000e+01;1.5556861e-01;8.2500000e+01;2.1363959e-01;8.2500000e+01;2.5568026e-01;8.2500000e+01;2.8610894e-01;8.2500000e+01;2.7614221e-01;8.2500000e+01;2.2770050e-01;8.2500000e+01;1.4977154e-01;8.2500000e+01;8.6230956e-02;8.2500000e+01;3.4735404e-02;8.2500000e+01;-1.0657266e-02;8.2500000e+01;-5.3682394e-02;8.2500000e+01;-9.6565515e-02;8.2500000e+01;-1.3893887e-01;8.2500000e+01;-1.8011746e-01;8.2500000e+01;-7.2280861e-02;8.2500000e+01;-3.9912838e-02;8.2500000e+01;1.6733952e-02;8.2500000e+01;8.1687979e-02;8.2500000e+01;1.5556861e-01;8.2500000e+01;2.1363959e-01;8.2500000e+01;2.5568026e-01;8.2500000e+01;2.8610894e-01;8.2500000e+01;2.7614221e-01;8.2500000e+01;2.2770050e-01;8.2500000e+01;1.4977154e-01;8.2500000e+01;8.6230956e-02;8.2500000e+01;3.4735404e-02;8.2500000e+01;-1.0657266e-02;8.2500000e+01;-5.3682394e-02;8.2500000e+01;-9.6565515e-02;8.2500000e+01;-1.3893887e-01;8.2500000e+01;-1.8011746e-01;8.2500000e+01;-7.2280861e-02;8.2500000e+01;-3.9912838e-02;8.2500000e+01;1.6733952e-02;8.2500000e+01;8.1687979e-02;8.2500000e+01;1.5556861e-01;8.2500000e+01;2.1363959e-01;8.2500000e+01;2.5568026e-01;8.2500000e+01;2.8610894e-01;8.2500000e+01;2.7614221e-01;8.2500000e+01;2.2770050e-01;8.2500000e+01;1.4977154e-01;8.2500000e+01;8.6230956e-02;8.2500000e+01;3.4735404e-02;8.2500000e+01;-1.0657266e-02;8.2500000e+01;-5.3682394e-02;8.2500000e+01;-9.6565515e-02;8.2500000e+01;-1.3893887e-01;8.2500000e+01;-1.8011746e-01;8.2500000e+01;-7.2280861e-02;8.2500000e+01;-3.9912838e-02;8.2500000e+01;1.6733952e-02;8.2500000e+01;8.1687979e-02;8.2500000e+01;1.5556861e-01;8.2500000e+01;2.1363959e-01;8.2500000e+01;2.5568026e-01;8.2500000e+01;2.8610894e-01;8.2500000e+01;2.7614221e-01;8.2500000e+01;2.2770050e-01;8.2500000e+01;1.4977154e-01;8.2500000e+01;8.6230956e-02;8.2500000e+01;3.4735404e-02;8.2500000e+01;-1.0657266e-02;8.2500000e+01;-5.3682394e-02;8.2500000e+01;-9.6565515e-02;8.2500000e+01;-1.3893887e-01;8.2500000e+01;-1.8011746e-01;8.2500000e+01;-7.2280861e-02;8.2500000e+01;-3.9912838e-02;8.2500000e+01;1.6733952e-02;8.2500000e+01;8.1687979e-02;8.2500000e+01;1.5556861e-01;8.2500000e+01;2.1363959e-01;8.2500000e+01;2.5568026e-01;8.2500000e+01;2.8610894e-01;8.2500000e+01;2.7614221e-01;8.2500000e+01;2.2770050e-01;8.2500000e+01;1.4977154e-01;8.2500000e+01;8.6230956e-02;8.2500000e+01;3.4735404e-02;8.2500000e+01;-1.0657266e-02;8.2500000e+01;-5.3682394e-02;8.2500000e+01;-9.6565515e-02;8.2500000e+01;-1.3893887e-01;8.2500000e+01;-1.8011746e-01;8.2500000e+01;-7.2280861e-02;8.2500000e+01;-3.9912838e-02;8.2500000e+01;1.6733952e-02;8.2500000e+01;8.1687979e-02;8.2500000e+01;1.5556861e-01;8.2500000e+01;2.1363959e-01;8.2500000e+01;2.5568026e-01;8.2500000e+01;2.8610894e-01;8.2500000e+01;2.7614221e-01;8.2500000e+01;2.2770050e-01;8.2500000e+01;1.4977154e-01;8.2500000e+01;8.6230956e-02;8.2500000e+01;3.4735404e-02;8.2500000e+01;-1.0657266e-02;8.2500000e+01;-5.3682394e-02;8.2500000e+01;-9.6565515e-02;8.2500000e+01;-1.3893887e-01;8.2500000e+01;-1.8011746e-01;8.2500000e+01;-7.2280861e-02;8.2500000e+01;-3.9912838e-02;8.2500000e+01;1.6733952e-02;8.2500000e+01;8.1687979e-02;8.2500000e+01;1.5556861e-01;8.2500000e+01;2.1363959e-01;8.2500000e+01;2.5568026e-01;8.2500000e+01;2.8610894e-01;8.2500000e+01;2.7614221e-01;8.2500000e+01;2.2770050e-01;8.2500000e+01;1.4977154e-01;8.2500000e+01;8.6230956e-02;8.2500000e+01;3.4735404e-02;8.2500000e+01;-1.0657266e-02;8.2500000e+01;-5.3682394e-02;8.2500000e+01;-9.6565515e-02;8.2500000e+01;-1.3893887e-01;8.2500000e+01;-1.8011746e-01;8.2500000e+01;-7.2280861e-02;8.2500000e+01;-3.9912838e-02;8.2500000e+01;1.6733952e-02;8.2500000e+01;8.1687979e-02;8.2500000e+01;1.5556861e-01;8.2500000e+01;2.1363959e-01;8.2500000e+01;2.5568026e-01;8.2500000e+01;2.8610894e-01;8.2500000e+01;2.7614221e-01;8.2500000e+01;2.2770050e-01;8.2500000e+01;1.4977154e-01;8.2500000e+01;8.6230956e-02;8.2500000e+01;3.4735404e-02;8.2500000e+01;-1.0657266e-02;8.2500000e+01;-5.3682394e-02;8.2500000e+01;-9.6565515e-02;8.2500000e+01;-1.3893887e-01;8.2500000e+01;-1.8011746e-01;8.2500000e+01;-7.2280861e-02;8.2500000e+01;-3.9912838e-02;8.2500000e+01;1.6733952e-02;8.2500000e+01;8.1687979e-02;8.2500000e+01;1.5556861e-01;8.2500000e+01;2.1363959e-01;8.2500000e+01;2.5568026e-01;8.2500000e+01;2.8610894e-01;8.2500000e+01;2.7614221e-01;8.2500000e+01;2.2770050e-01;8.2500000e+01;1.4977154e-01;8.2500000e+01;8.6230956e-02;8.2500000e+01;3.4735404e-02;8.2500000e+01;-1.0657266e-02;8.2500000e+01;-5.3682394e-02;8.2500000e+01;-9.6565515e-02;8.2500000e+01;-1.3893887e-01;8.2500000e+01;-1.8011746e-01;8.2500000e+01;-7.2280861e-02;8.2500000e+01;-3.9912838e-02;8.2500000e+01;1.6733952e-02;8.2500000e+01;8.1687979e-02;8.2500000e+01;1.5556861e-01;8.2500000e+01;2.1363959e-01;8.2500000e+01;2.5568026e-01;8.2500000e+01;2.8610894e-01;8.2500000e+01;2.7614221e-01;8.2500000e+01;2.2770050e-01;8.2500000e+01;1.4977154e-01;8.2500000e+01;8.6230956e-02;8.2500000e+01;3.4735404e-02;8.2500000e+01;-1.0657266e-02;8.2500000e+01;-5.3682394e-02;8.2500000e+01;-9.6565515e-02;8.2500000e+01;-1.3893887e-01;8.2500000e+01;-1.8011746e-01;8.2500000e+01;-7.2280861e-02;8.2500000e+01;-3.9912838e-02;8.2500000e+01;1.6733952e-02;8.2500000e+01;8.1687979e-02;8.2500000e+01;1.5556861e-01;8.2500000e+01;2.1363959e-01;8.2500000e+01;2.5568026e-01;8.2500000e+01;2.8610894e-01;8.2500000e+01;2.7614221e-01;8.2500000e+01;2.2770050e-01;8.2500000e+01;1.4977154e-01;8.2500000e+01;8.6230956e-02;8.2500000e+01;3.4735404e-02;8.2500000e+01;-1.0657266e-02;8.2500000e+01;-5.3682394e-02;8.2500000e+01;-9.6565515e-02;8.2500000e+01;-1.3893887e-01;8.2500000e+01;-1.8011746e-01;8.2500000e+01;-7.2280861e-02;8.2500000e+01;-3.9912838e-02;8.2500000e+01;1.6733952e-02;8.2500000e+01;8.1687979e-02;8.2500000e+01;1.5556861e-01;8.2500000e+01;2.1363959e-01;8.2500000e+01;2.5568026e-01;8.2500000e+01;2.8610894e-01;8.2500000e+01;2.7614221e-01;8.2500000e+01;2.2770050e-01;8.2500000e+01;1.4977154e-01;8.2500000e+01;8.6230956e-02;8.2500000e+01;3.4735404e-02;8.2500000e+01;-1.0657266e-02;8.2500000e+01;-5.3682394e-02;8.2500000e+01;-9.6565515e-02;8.2500000e+01;-1.3893887e-01;8.2500000e+01;-1.8011746e-01;8.2500000e+01;-7.2280861e-02;8.2500000e+01;-3.9912838e-02;8.2500000e+01;1.6733952e-02;8.2500000e+01;8.1687979e-02;8.2500000e+01;1.5556861e-01;8.2500000e+01;2.1363959e-01;8.2500000e+01;2.5568026e-01;8.2500000e+01;2.8610894e-01;8.2500000e+01;2.7614221e-01;8.2500000e+01;2.2770050e-01;8.2500000e+01;1.4977154e-01;8.2500000e+01;8.6230956e-02;8.2500000e+01;3.4735404e-02;8.2500000e+01;-1.0657266e-02;8.2500000e+01;-5.3682394e-02;8.2500000e+01;-9.6565515e-02;8.2500000e+01;-1.3893887e-01;8.2500000e+01;-1.8011746e-01;8.2500000e+01;-7.2280861e-02;8.2500000e+01;-3.9912838e-02;8.2500000e+01;1.6733952e-02;8.2500000e+01;8.1687979e-02;8.2500000e+01;1.5556861e-01;8.2500000e+01;2.1363959e-01;8.2500000e+01;2.5568026e-01;8.2500000e+01;2.8610894e-01;8.2500000e+01;2.7614221e-01;8.2500000e+01;2.2770050e-01;8.2500000e+01;1.4977154e-01;8.2500000e+01;8.6230956e-02;8.2500000e+01;3.4735404e-02;8.2500000e+01;-1.0657266e-02;8.2500000e+01;-5.3682394e-02;8.2500000e+01;-9.6565515e-02;8.2500000e+01;-1.3893887e-01;8.2500000e+01;-1.8011746e-01;8.2500000e+01;-7.2280861e-02;8.2500000e+01;-3.9912838e-02;8.2500000e+01;1.6733952e-02;8.2500000e+01;8.1687979e-02;8.2500000e+01;1.5556861e-01;8.2500000e+01;2.1363959e-01;8.2500000e+01;2.5568026e-01;8.2500000e+01;2.8610894e-01;8.2500000e+01;2.7614221e-01;8.2500000e+01;2.2770050e-01;8.2500000e+01;1.4977154e-01;8.2500000e+01;8.6230956e-02;8.2500000e+01;3.4735404e-02;8.2500000e+01;-1.0657266e-02;8.2500000e+01;-5.3682394e-02;8.2500000e+01;-9.6565515e-02;8.2500000e+01;-1.3893887e-01;8.2500000e+01;-1.8011746e-01;8.2500000e+01;-7.2280861e-02;8.2500000e+01;-3.9912838e-02;8.2500000e+01;1.6733952e-02;8.2500000e+01;8.1687979e-02;8.2500000e+01;1.5556861e-01;8.2500000e+01;2.1363959e-01;8.2500000e+01;2.5568026e-01;8.2500000e+01;2.8610894e-01;8.2500000e+01;2.7614221e-01;8.2500000e+01;2.2770050e-01;8.2500000e+01;1.4977154e-01;8.2500000e+01;8.6230956e-02;8.2500000e+01;3.4735404e-02;8.2500000e+01;-1.0657266e-02;8.2500000e+01;-5.3682394e-02;8.2500000e+01;-9.6565515e-02;8.2500000e+01;-1.3893887e-01;8.2500000e+01;-1.8011746e-01;8.2500000e+01;-7.2280861e-02;8.2500000e+01;-3.9912838e-02;8.2500000e+01;1.6733952e-02;8.2500000e+01;8.1687979e-02;8.2500000e+01;1.5556861e-01;8.2500000e+01;2.1363959e-01;8.2500000e+01;2.5568026e-01;8.2500000e+01;2.8610894e-01;8.2500000e+01;2.7614221e-01;8.2500000e+01;2.2770050e-01;8.2500000e+01;1.4977154e-01;8.2500000e+01;8.6230956e-02;8.2500000e+01;3.4735404e-02;8.2500000e+01;-1.0657266e-02;8.2500000e+01;-5.3682394e-02;8.2500000e+01;-9.6565515e-02;8.2500000e+01;-1.3893887e-01;8.2500000e+01;-1.8011746e-01;8.2500000e+01;-7.2280861e-02;8.2500000e+01;-3.9912838e-02;8.2500000e+01;1.6733952e-02;8.2500000e+01;8.1687979e-02;8.2500000e+01;1.5556861e-01;8.2500000e+01;2.1363959e-01;8.2500000e+01;2.5568026e-01;8.2500000e+01;2.8610894e-01;8.2500000e+01;2.7614221e-01;8.2500000e+01;2.2770050e-01;8.2500000e+01;1.4977154e-01;8.2500000e+01;8.6230956e-02;8.2500000e+01;3.4735404e-02;8.2500000e+01;-1.0657266e-02;8.2500000e+01;-5.3682394e-02;8.2500000e+01;-9.6565515e-02;8.2500000e+01;-1.3893887e-01;8.2500000e+01;-1.8011746e-01;8.2500000e+01;-7.2280861e-02;8.2500000e+01;-3.9912838e-02;8.2500000e+01;1.6733952e-02;8.2500000e+01;8.1687979e-02;8.2500000e+01;1.5556861e-01;8.2500000e+01;2.1363959e-01;8.2500000e+01;2.5568026e-01;8.2500000e+01;2.8610894e-01;8.2500000e+01;2.7614221e-01;8.2500000e+01;2.2770050e-01;8.2500000e+01;1.4977154e-01;8.2500000e+01;8.6230956e-02;8.2500000e+01;3.4735404e-02;8.2500000e+01;-1.0657266e-02;8.2500000e+01;-5.3682394e-02;8.2500000e+01;-9.6565515e-02;8.2500000e+01;-1.3893887e-01;8.2500000e+01;-1.8011746e-01;8.2500000e+01;-7.2280861e-02;8.2500000e+01;-3.9912838e-02;8.2500000e+01;1.6733952e-02;8.2500000e+01;8.1687979e-02;8.2500000e+01;1.5556861e-01;8.2500000e+01;2.1363959e-01;8.2500000e+01;2.5568026e-01;8.2500000e+01;2.8610894e-01;8.2500000e+01;2.7614221e-01;8.2500000e+01;2.2770050e-01;8.2500000e+01;1.4977154e-01;8.2500000e+01;8.6230956e-02;8.2500000e+01;3.4735404e-02;8.2500000e+01;-1.0657266e-02;8.2500000e+01;-5.3682394e-02;8.2500000e+01;-9.6565515e-02;8.2500000e+01;-1.3893887e-01;8.2500000e+01;-1.8011746e-01;8.2500000e+01;-7.2280861e-02;8.2500000e+01;-3.9912838e-02;8.2500000e+01;1.6733952e-02;8.2500000e+01;8.1687979e-02;8.2500000e+01;1.5556861e-01;8.2500000e+01;2.1363959e-01;8.2500000e+01;2.5568026e-01;8.2500000e+01;2.8610894e-01;8.2500000e+01;2.7614221e-01;8.2500000e+01;2.2770050e-01;8.2500000e+01;1.4977154e-01;8.2500000e+01;8.6230956e-02;8.2500000e+01;3.4735404e-02;8.2500000e+01;-1.0657266e-02;8.2500000e+01;-5.3682394e-02;8.2500000e+01;-9.6565515e-02;8.2500000e+01;-1.3893887e-01;8.2500000e+01;-1.8011746e-01;8.2500000e+01;-7.2280861e-02;8.2500000e+01;-3.9912838e-02;8.2500000e+01;1.6733952e-02;8.2500000e+01;8.1687979e-02;8.2500000e+01;1.5556861e-01;8.2500000e+01;2.1363959e-01;8.2500000e+01;2.5568026e-01;8.2500000e+01;2.8610894e-01;8.2500000e+01;2.7614221e-01;8.2500000e+01;2.2770050e-01;8.2500000e+01;1.4977154e-01;8.2500000e+01;8.6230956e-02;8.2500000e+01;3.4735404e-02;8.2500000e+01;-1.0657266e-02;8.2500000e+01;-5.3682394e-02;8.2500000e+01;-9.6565515e-02;8.2500000e+01;-1.3893887e-01;8.2500000e+01;-1.8011746e-01;8.2500000e+01;-7.2280861e-02;8.2500000e+01;-3.9912838e-02;8.2500000e+01;1.6733952e-02;8.2500000e+01;8.1687979e-02;8.2500000e+01;1.5556861e-01;8.2500000e+01;2.1363959e-01;8.2500000e+01;2.5568026e-01;8.2500000e+01;2.8610894e-01;8.2500000e+01;2.7614221e-01;8.2500000e+01;2.2770050e-01;8.2500000e+01;1.4977154e-01;8.2500000e+01;8.6230956e-02;8.2500000e+01;3.4735404e-02;8.2500000e+01;-1.0657266e-02;8.2500000e+01;-5.3682394e-02;8.2500000e+01;-9.6565515e-02;8.2500000e+01;-1.3893887e-01;8.2500000e+01;-1.8011746e-01;8.2500000e+01;-7.2280861e-02;8.2500000e+01;-3.9912838e-02;8.2500000e+01;1.6733952e-02;8.2500000e+01;8.1687979e-02;8.2500000e+01;1.5556861e-01;8.2500000e+01;2.1363959e-01;8.2500000e+01;2.5568026e-01;8.2500000e+01;2.8610894e-01;8.2500000e+01;2.7614221e-01;8.2500000e+01;2.2770050e-01;8.2500000e+01;1.4977154e-01;8.2500000e+01;8.6230956e-02;8.2500000e+01;3.4735404e-02;8.2500000e+01;-1.0657266e-02;8.2500000e+01;-5.3682394e-02;8.2500000e+01;-9.6565515e-02;8.2500000e+01;-1.3893887e-01;8.2500000e+01;-1.8011746e-01;8.2500000e+01;-7.2280861e-02;8.2500000e+01;-3.9912838e-02;8.2500000e+01;1.6733952e-02;8.2500000e+01;8.1687979e-02;8.2500000e+01;1.5556861e-01;8.2500000e+01;2.1363959e-01;8.2500000e+01;2.5568026e-01;8.2500000e+01;2.8610894e-01;8.2500000e+01;2.7614221e-01;8.2500000e+01;2.2770050e-01;8.2500000e+01;1.4977154e-01;8.2500000e+01;8.6230956e-02;8.2500000e+01;3.4735404e-02;8.2500000e+01;-1.0657266e-02;8.2500000e+01;-5.3682394e-02;8.2500000e+01;-9.6565515e-02;8.2500000e+01;-1.3893887e-01;8.2500000e+01;-1.8011746e-01;8.2500000e+01;-7.2280861e-02;8.2500000e+01;-3.9912838e-02;8.2500000e+01;1.6733952e-02;8.2500000e+01;8.1687979e-02;8.2500000e+01;1.5556861e-01;8.2500000e+01;2.1363959e-01;8.2500000e+01;2.5568026e-01;8.2500000e+01;2.8610894e-01;8.2500000e+01;2.7614221e-01;8.2500000e+01;2.2770050e-01;8.2500000e+01;1.4977154e-01;8.2500000e+01;8.6230956e-02;8.2500000e+01;3.4735404e-02;8.2500000e+01;-1.0657266e-02;8.2500000e+01;-5.3682394e-02;8.2500000e+01;-9.6565515e-02;8.2500000e+01;-1.3893887e-01;8.2500000e+01;-1.8011746e-01;8.2500000e+01;-7.2280861e-02;8.2500000e+01;-3.9912838e-02;8.2500000e+01;1.6733952e-02;8.2500000e+01;8.1687979e-02;8.2500000e+01;1.5556861e-01;8.2500000e+01;2.1363959e-01;8.2500000e+01;2.5568026e-01;8.2500000e+01;2.8610894e-01;8.2500000e+01;2.7614221e-01;8.2500000e+01;2.2770050e-01;8.2500000e+01;1.4977154e-01;8.2500000e+01;8.6230956e-02;8.2500000e+01;3.4735404e-02;8.2500000e+01;-1.0657266e-02;8.2500000e+01;-5.3682394e-02;8.2500000e+01;-9.6565515e-02;8.2500000e+01;-1.3893887e-01;8.2500000e+01;-1.8011746e-01;8.2500000e+01;-7.2280861e-02;8.2500000e+01;-3.9912838e-02;8.2500000e+01;1.6733952e-02;8.2500000e+01;8.1687979e-02;8.2500000e+01;1.5556861e-01;8.2500000e+01;2.1363959e-01;8.2500000e+01;2.5568026e-01;8.2500000e+01;2.8610894e-01;8.2500000e+01;2.7614221e-01;8.2500000e+01;2.2770050e-01;8.2500000e+01;1.4977154e-01;8.2500000e+01;8.6230956e-02;8.2500000e+01;3.4735404e-02;8.2500000e+01;-1.0657266e-02;8.2500000e+01;-5.3682394e-02;8.2500000e+01;-9.6565515e-02;8.2500000e+01;-1.3893887e-01;8.2500000e+01;-1.8011746e-01
8.7500000e+01;-8.0073029e-02;8.7500000e+01;-4.9870562e-02;8.7500000e+01;-1.4039800e-03;8.7500000e+01;6.0277667e-02;8.7500000e+01;1.3280797e-01;8.7500000e+01;1.8714647e-01;8.7500000e+01;2.4213435e-01;8.7500000e+01;2.6661107e-01;8.7500000e+01;2.5276572e-01;8.7500000e+01;2.2026581e-01;8.7500000e+01;1.4401658e-01;8.7500000e+01;7.9382978e-02;8.7500000e+01;2.6050933e-02;8.7500000e+01;-2.0531088e-02;8.7500000e+01;-6.3906476e-02;8.7500000e+01;-1.0705475e-01;8.7500000e+01;-1.4975546e-01;8.7500000e+01;-1.9177116e-01;8.7500000e+01;-8.0073029e-02;8.7500000e+01;-4.9870562e-02;8.7500000e+01;-1.4039800e-03;8.7500000e+01;6.0277667e-02;8.7500000e+01;1.3280797e-01;8.7500000e+01;1.8714647e-01;8.7500000e+01;2.4213435e-01;8.7500000e+01;2.6661107e-01;8.7500000e+01;2.5276572e-01;8.7500000e+01;2.2026581e-01;8.7500000e+01;1.4401658e-01;8.7500000e+01;7.9382978e-02;8.7500000e+01;2.6050933e-02;8.7500000e+01;-2.0531088e-02;8.7500000e+01;-6.3906476e-02;8.7500000e+01;-1.0705475e-01;8.7500000e+01;-1.4975546e-01;8.7500000e+01;-1.9177116e-01;8.7500000e+01;-8.0073029e-02;8.7500000e+01;-4.9870562e-02;8.7500000e+01;-1.4039800e-03;8.7500000e+01;6.0277667e-02;8.7500000e+01;1.3280797e-01;8.7500000e+01;1.8714647e-01;8.7500000e+01;2.4213435e-01;8.7500000e+01;2.6661107e-01;8.7500000e+01;2.5276572e-01;8.7500000e+01;2.2026581e-01;8.7500000e+01;1.4401658e-01;8.7500000e+01;7.9382978e-02;8.7500000e+01;2.6050933e-02;8.7500000e+01;-2.0531088e-02;8.7500000e+01;-6.3906476e-02;8.7500000e+01;-1.0705475e-01;8.7500000e+01;-1.4975546e-01;8.7500000e+01;-1.9177116e-01;8.7500000e+01;-8.0073029e-02;8.7500000e+01;-4.9870562e-02;8.7500000e+01;-1.4039800e-03;8.7500000e+01;6.0277667e-02;8.7500000e+01;1.3280797e-01;8.7500000e+01;1.8714647e-01;8.7500000e+01;2.4213435e-01;8.7500000e+01;2.6661107e-01;8.7500000e+01;2.5276572e-01;8.7500000e+01;2.2026581e-01;8.7500000e+01;1.4401658e-01;8.7500000e+01;7.9382978e-02;8.7500000e+01;2.6050933e-02;8.7500000e+01;-2.0531088e-02;8.7500000e+01;-6.3906476e-02;8.7500000e+01;-1.0705475e-01;8.7500000e+01;-1.4975546e-01;8.7500000e+01;-1.9177116e-01;8.7500000e+01;-8.0073029e-02;8.7500000e+01;-4.9870562e-02;8.7500000e+01;-1.4039800e-03;8.7500000e+01;6.0277667e-02;8.7500000e+01;1.3280797e-01;8.7500000e+01;1.8714647e-01;8.7500000e+01;2.4213435e-01;8.7500000e+01;2.6661107e-01;8.7500000e+01;2.5276572e-01;8.7500000e+01;2.2026581e-01;8.7500000e+01;1.4401658e-01;8.7500000e+01;7.9382978e-02;8.7500000e+01;2.6050933e-02;8.7500000e+01;-2.0531088e-02;8.7500000e+01;-6.3906476e-02;8.7500000e+01;-1.0705475e-01;8.7500000e+01;-1.4975546e-01;8.7500000e+01;-1.9177116e-01;8.7500000e+01;-8.0073029e-02;8.7500000e+01;-4.9870562e-02;8.7500000e+01;-1.4039800e-03;8.7500000e+01;6.0277667e-02;8.7500000e+01;1.3280797e-01;8.7500000e+01;1.8714647e-01;8.7500000e+01;2.4213435e-01;8.7500000e+01;2.6661107e-01;8.7500000e+01;2.5276572e-01;8.7500000e+01;2.2026581e-01;8.7500000e+01;1.4401658e-01;8.7500000e+01;7.9382978e-02;8.7500000e+01;2.6050933e-02;8.7500000e+01;-2.0531088e-02;8.7500000e+01;-6.3906476e-02;8.7500000e+01;-1.0705475e-01;8.7500000e+01;-1.4975546e-01;8.7500000e+01;-1.9177116e-01;8.7500000e+01;-8.0073029e-02;8.7500000e+01;-4.9870562e-02;8.7500000e+01;-1.4039800e-03;8.7500000e+01;6.0277667e-02;8.7500000e+01;1.3280797e-01;8.7500000e+01;1.8714647e-01;8.7500000e+01;2.4213435e-01;8.7500000e+01;2.6661107e-01;8.7500000e+01;2.5276572e-01;8.7500000e+01;2.2026581e-01;8.7500000e+01;1.4401658e-01;8.7500000e+01;7.9382978e-02;8.7500000e+01;2.6050933e-02;8.7500000e+01;-2.0531088e-02;8.7500000e+01;-6.3906476e-02;8.7500000e+01;-1.0705475e-01;8.7500000e+01;-1.4975546e-01;8.7500000e+01;-1.9177116e-01;8.7500000e+01;-8.0073029e-02;8.7500000e+01;-4.9870562e-02;8.7500000e+01;-1.4039800e-03;8.7500000e+01;6.0277667e-02;8.7500000e+01;1.3280797e-01;8.7500000e+01;1.8714647e-01;8.7500000e+01;2.4213435e-01;8.7500000e+01;2.6661107e-01;8.7500000e+01;2.5276572e-01;8.7500000e+01;2.2026581e-01;8.7500000e+01;1.4401658e-01;8.7500000e+01;7.9382978e-02;8.7500000e+01;2.6050933e-02;8.7500000e+01;-2.0531088e-02;8.7500000e+01;-6.3906476e-02;8.7500000e+01;-1.0705475e-01;8.7500000e+01;-1.4975546e-01;8.7500000e+01;-1.9177116e-01;8.7500000e+01;-8.0073029e-02;8.7500000e+01;-4.9870562e-02;8.7500000e+01;-1.4039800e-03;8.7500000e+01;6.0277667e-02;8.7500000e+01;1.3280797e-01;8.7500000e+01;1.8714647e-01;8.7500000e+01;2.4213435e-01;8.7500000e+01;2.6661107e-01;8.7500000e+01;2.5276572e-01;8.7500000e+01;2.2026581e-01;8.7500000e+01;1.4401658e-01;8.7500000e+01;7.9382978e-02;8.7500000e+01;2.6050933e-02;8.7500000e+01;-2.0531088e-02;8.7500000e+01;-6.3906476e-02;8.7500000e+01;-1.0705475e-01;8.7500000e+01;-1.4975546e-01;8.7500000e+01;-1.9177116e-01;8.7500000e+01;-8.0073029e-02;8.7500000e+01;-4.9870562e-02;8.7500000e+01;-1.4039800e-03;8.7500000e+01;6.0277667e-02;8.7500000e+01;1.3280797e-01;8.7500000e+01;1.8714647e-01;8.7500000e+01;2.4213435e-01;8.7500000e+01;2.6661107e-01;8.7500000e+01;2.5276572e-01;8.7500000e+01;2.2026581e-01;8.7500000e+01;1.4401658e-01;8.7500000e+01;7.9382978e-02;8.7500000e+01;2.6050933e-02;8.7500000e+01;-2.0531088e-02;8.7500000e+01;-6.3906476e-02;8.7500000e+01;-1.0705475e-01;8.7500000e+01;-1.4975546e-01;8.7500000e+01;-1.9177116e-01;8.7500000e+01;-8.0073029e-02;8.7500000e+01;-4.9870562e-02;8.7500000e+01;-1.4039800e-03;8.7500000e+01;6.0277667e-02;8.7500000e+01;1.3280797e-01;8.7500000e+01;1.8714647e-01;8.7500000e+01;2.4213435e-01;8.7500000e+01;2.6661107e-01;8.7500000e+01;2.5276572e-01;8.7500000e+01;2.2026581e-01;8.7500000e+01;1.4401658e-01;8.7500000e+01;7.9382978e-02;8.7500000e+01;2.6050933e-02;8.7500000e+01;-2.0531088e-02;8.7500000e+01;-6.3906476e-02;8.7500000e+01;-1.0705475e-01;8.7500000e+01;-1.4975546e-01;8.7500000e+01;-1.9177116e-01;8.7500000e+01;-8.0073029e-02;8.7500000e+01;-4.9870562e-02;8.7500000e+01;-1.4039800e-03;8.7500000e+01;6.0277667e-02;8.7500000e+01;1.3280797e-01;8.7500000e+01;1.8714647e-01;8.7500000e+01;2.4213435e-01;8.7500000e+01;2.6661107e-01;8.7500000e+01;2.5276572e-01;8.7500000e+01;2.2026581e-01;8.7500000e+01;1.4401658e-01;8.7500000e+01;7.9382978e-02;8.7500000e+01;2.6050933e-02;8.7500000e+01;-2.0531088e-02;8.7500000e+01;-6.3906476e-02;8.7500000e+01;-1.0705475e-01;8.7500000e+01;-1.4975546e-01;8.7500000e+01;-1.9177116e-01;8.7500000e+01;-8.0073029e-02;8.7500000e+01;-4.9870562e-02;8.7500000e+01;-1.4039800e-03;8.7500000e+01;6.0277667e-02;8.7500000e+01;1.3280797e-01;8.7500000e+01;1.8714647e-01;8.7500000e+01;2.4213435e-01;8.7500000e+01;2.6661107e-01;8.7500000e+01;2.5276572e-01;8.7500000e+01;2.2026581e-01;8.7500000e+01;1.4401658e-01;8.7500000e+01;7.9382978e-02;8.7500000e+01;2.6050933e-02;8.7500000e+01;-2.0531088e-02;8.7500000e+01;-6.3906476e-02;8.7500000e+01;-1.0705475e-01;8.7500000e+01;-1.4975546e-01;8.7500000e+01;-1.9177116e-01;8.7500000e+01;-8.0073029e-02;8.7500000e+01;-4.9870562e-02;8.7500000e+01;-1.4039800e-03;8.7500000e+01;6.0277667e-02;8.7500000e+01;1.3280797e-01;8.7500000e+01;1.8714647e-01;8.7500000e+01;2.4213435e-01;8.7500000e+01;2.6661107e-01;8.7500000e+01;2.5276572e-01;8.7500000e+01;2.2026581e-01;8.7500000e+01;1.4401658e-01;8.7500000e+01;7.9382978e-02;8.7500000e+01;2.6050933e-02;8.7500000e+01;-2.0531088e-02;8.7500000e+01;-6.3906476e-02;8.7500000e+01;-1.0705475e-01;8.7500000e+01;-1.4975546e-01;8.7500000e+01;-1.9177116e-01;8.7500000e+01;-8.0073029e-02;8.7500000e+01;-4.9870562e-02;8.7500000e+01;-1.4039800e-03;8.7500000e+01;6.0277667e-02;8.7500000e+01;1.3280797e-01;8.7500000e+01;1.8714647e-01;8.7500000e+01;2.4213435e-01;8.7500000e+01;2.6661107e-01;8.7500000e+01;2.5276572e-01;8.7500000e+01;2.2026581e-01;8.7500000e+01;1.4401658e-01;8.7500000e+01;7.9382978e-02;8.7500000e+01;2.6050933e-02;8.7500000e+01;-2.0531088e-02;8.7500000e+01;-6.3906476e-02;8.7500000e+01;-1.0705475e-01;8.7500000e+01;-1.4975546e-01;8.7500000e+01;-1.9177116e-01;8.7500000e+01;-8.0073029e-02;8.7500000e+01;-4.9870562e-02;8.7500000e+01;-1.4039800e-03;8.7500000e+01;6.0277667e-02;8.7500000e+01;1.3280797e-01;8.7500000e+01;1.8714647e-01;8.7500000e+01;2.4213435e-01;8.7500000e+01;2.6661107e-01;8.7500000e+01;2.5276572e-01;8.7500000e+01;2.2026581e-01;8.7500000e+01;1.4401658e-01;8.7500000e+01;7.9382978e-02;8.7500000e+01;2.6050933e-02;8.7500000e+01;-2.0531088e-02;8.7500000e+01;-6.3906476e-02;8.7500000e+01;-1.0705475e-01;8.7500000e+01;-1.4975546e-01;8.7500000e+01;-1.9177116e-01;8.7500000e+01;-8.0073029e-02;8.7500000e+01;-4.9870562e-02;8.7500000e+01;-1.4039800e-03;8.7500000e+01;6.0277667e-02;8.7500000e+01;1.3280797e-01;8.7500000e+01;1.8714647e-01;8.7500000e+01;2.4213435e-01;8.7500000e+01;2.6661107e-01;8.7500000e+01;2.5276572e-01;8.7500000e+01;2.2026581e-01;8.7500000e+01;1.4401658e-01;8.7500000e+01;7.9382978e-02;8.7500000e+01;2.6050933e-02;8.7500000e+01;-2.0531088e-02;8.7500000e+01;-6.3906476e-02;8.7500000e+01;-1.0705475e-01;8.7500000e+01;-1.4975546e-01;8.7500000e+01;-1.9177116e-01;8.7500000e+01;-8.0073029e-02;8.7500000e+01;-4.9870562e-02;8.7500000e+01;-1.4039800e-03;8.7500000e+01;6.0277667e-02;8.7500000e+01;1.3280797e-01;8.7500000e+01;1.8714647e-01;8.7500000e+01;2.4213435e-01;8.7500000e+01;2.6661107e-01;8.7500000e+01;2.5276572e-01;8.7500000e+01;2.2026581e-01;8.7500000e+01;1.4401658e-01;8.7500000e+01;7.9382978e-02;8.7500000e+01;2.6050933e-02;8.7500000e+01;-2.0531088e-02;8.7500000e+01;-6.3906476e-02;8.7500000e+01;-1.0705475e-01;8.7500000e+01;-1.4975546e-01;8.7500000e+01;-1.9177116e-01;8.7500000e+01;-8.0073029e-02;8.7500000e+01;-4.9870562e-02;8.7500000e+01;-1.4039800e-03;8.7500000e+01;6.0277667e-02;8.7500000e+01;1.3280797e-01;8.7500000e+01;1.8714647e-01;8.7500000e+01;2.4213435e-01;8.7500000e+01;2.6661107e-01;8.7500000e+01;2.5276572e-01;8.7500000e+01;2.2026581e-01;8.7500000e+01;1.4401658e-01;8.7500000e+01;7.9382978e-02;8.7500000e+01;2.6050933e-02;8.7500000e+01;-2.0531088e-02;8.7500000e+01;-6.3906476e-02;8.7500000e+01;-1.0705475e-01;8.7500000e+01;-1.4975546e-01;8.7500000e+01;-1.9177116e-01;8.7500000e+01;-8.0073029e-02;8.7500000e+01;-4.9870562e-02;8.7500000e+01;-1.4039800e-03;8.7500000e+01;6.0277667e-02;8.7500000e+01;1.3280797e-01;8.7500000e+01;1.8714647e-01;8.7500000e+01;2.4213435e-01;8.7500000e+01;2.6661107e-01;8.7500000e+01;2.5276572e-01;8.7500000e+01;2.2026581e-01;8.7500000e+01;1.4401658e-01;8.7500000e+01;7.9382978e-02;8.7500000e+01;2.6050933e-02;8.7500000e+01;-2.0531088e-02;8.7500000e+01;-6.3906476e-02;8.7500000e+01;-1.0705475e-01;8.7500000e+01;-1.4975546e-01;8.7500000e+01;-1.9177116e-01;8.7500000e+01;-8.0073029e-02;8.7500000e+01;-4.9870562e-02;8.7500000e+01;-1.4039800e-03;8.7500000e+01;6.0277667e-02;8.7500000e+01;1.3280797e-01;8.7500000e+01;1.8714647e-01;8.7500000e+01;2.4213435e-01;8.7500000e+01;2.6661107e-01;8.7500000e+01;2.5276572e-01;8.7500000e+01;2.2026581e-01;8.7500000e+01;1.4401658e-01;8.7500000e+01;7.9382978e-02;8.7500000e+01;2.6050933e-02;8.7500000e+01;-2.0531088e-02;8.7500000e+01;-6.3906476e-02;8.7500000e+01;-1.0705475e-01;8.7500000e+01;-1.4975546e-01;8.7500000e+01;-1.9177116e-01;8.7500000e+01;-8.0073029e-02;8.7500000e+01;-4.9870562e-02;8.7500000e+01;-1.4039800e-03;8.7500000e+01;6.0277667e-02;8.7500000e+01;1.3280797e-01;8.7500000e+01;1.8714647e-01;8.7500000e+01;2.4213435e-01;8.7500000e+01;2.6661107e-01;8.7500000e+01;2.5276572e-01;8.7500000e+01;2.2026581e-01;8.7500000e+01;1.4401658e-01;8.7500000e+01;7.9382978e-02;8.7500000e+01;2.6050933e-02;8.7500000e+01;-2.0531088e-02;8.7500000e+01;-6.3906476e-02;8.7500000e+01;-1.0705475e-01;8.7500000e+01;-1.4975546e-01;8.7500000e+01;-1.9177116e-01;8.7500000e+01;-8.0073029e-02;8.7500000e+01;-4.9870562e-02;8.7500000e+01;-1.4039800e-03;8.7500000e+01;6.0277667e-02;8.7500000e+01;1.3280797e-01;8.7500000e+01;1.8714647e-01;8.7500000e+01;2.4213435e-01;8.7500000e+01;2.6661107e-01;8.7500000e+01;2.5276572e-01;8.7500000e+01;2.2026581e-01;8.7500000e+01;1.4401658e-01;8.7500000e+01;7.9382978e-02;8.7500000e+01;2.6050933e-02;8.7500000e+01;-2.0531088e-02;8.7500000e+01;-6.3906476e-02;8.7500000e+01;-1.0705475e-01;8.7500000e+01;-1.4975546e-01;8.7500000e+01;-1.9177116e-01;8.7500000e+01;-8.0073029e-02;8.7500000e+01;-4.9870562e-02;8.7500000e+01;-1.4039800e-03;8.7500000e+01;6.0277667e-02;8.7500000e+01;1.3280797e-01;8.7500000e+01;1.8714647e-01;8.7500000e+01;2.4213435e-01;8.7500000e+01;2.6661107e-01;8.7500000e+01;2.5276572e-01;8.7500000e+01;2.2026581e-01;8.7500000e+01;1.4401658e-01;8.7500000e+01;7.9382978e-02;8.7500000e+01;2.6050933e-02;8.7500000e+01;-2.0531088e-02;8.7500000e+01;-6.3906476e-02;8.7500000e+01;-1.0705475e-01;8.7500000e+01;-1.4975546e-01;8.7500000e+01;-1.9177116e-01;8.7500000e+01;-8.0073029e-02;8.7500000e+01;-4.9870562e-02;8.7500000e+01;-1.4039800e-03;8.7500000e+01;6.0277667e-02;8.7500000e+01;1.3280797e-01;8.7500000e+01;1.8714647e-01;8.7500000e+01;2.4213435e-01;8.7500000e+01;2.6661107e-01;8.7500000e+01;2.5276572e-01;8.7500000e+01;2.2026581e-01;8.7500000e+01;1.4401658e-01;8.7500000e+01;7.9382978e-02;8.7500000e+01;2.6050933e-02;8.7500000e+01;-2.0531088e-02;8.7500000e+01;-6.3906476e-02;8.7500000e+01;-1.0705475e-01;8.7500000e+01;-1.4975546e-01;8.7500000e+01;-1.9177116e-01;8.7500000e+01;-8.0073029e-02;8.7500000e+01;-4.9870562e-02;8.7500000e+01;-1.4039800e-03;8.7500000e+01;6.0277667e-02;8.7500000e+01;1.3280797e-01;8.7500000e+01;1.8714647e-01;8.7500000e+01;2.4213435e-01;8.7500000e+01;2.6661107e-01;8.7500000e+01;2.5276572e-01;8.7500000e+01;2.2026581e-01;8.7500000e+01;1.4401658e-01;8.7500000e+01;7.9382978e-02;8.7500000e+01;2.6050933e-02;8.7500000e+01;-2.0531088e-02;8.7500000e+01;-6.3906476e-02;8.7500000e+01;-1.0705475e-01;8.7500000e+01;-1.4975546e-01;8.7500000e+01;-1.9177116e-01;8.7500000e+01;-8.0073029e-02;8.7500000e+01;-4.9870562e-02;8.7500000e+01;-1.4039800e-03;8.7500000e+01;6.0277667e-02;8.7500000e+01;1.3280797e-01;8.7500000e+01;1.8714647e-01;8.7500000e+01;2.4213435e-01;8.7500000e+01;2.6661107e-01;8.7500000e+01;2.5276572e-01;8.7500000e+01;2.2026581e-01;8.7500000e+01;1.4401658e-01;8.7500000e+01;7.9382978e-02;8.7500000e+01;2.6050933e-02;8.7500000e+01;-2.0531088e-02;8.7500000e+01;-6.3906476e-02;8.7500000e+01;-1.0705475e-01;8.7500000e+01;-1.4975546e-01;8.7500000e+01;-1.9177116e-01;8.7500000e+01;-8.0073029e-02;8.7500000e+01;-4.9870562e-02;8.7500000e+01;-1.4039800e-03;8.7500000e+01;6.0277667e-02;8.7500000e+01;1.3280797e-01;8.7500000e+01;1.8714647e-01;8.7500000e+01;2.4213435e-01;8.7500000e+01;2.6661107e-01;8.7500000e+01;2.5276572e-01;8.7500000e+01;2.2026581e-01;8.7500000e+01;1.4401658e-01;8.7500000e+01;7.9382978e-02;8.7500000e+01;2.6050933e-02;8.7500000e+01;-2.0531088e-02;8.7500000e+01;-6.3906476e-02;8.7500000e+01;-1.0705475e-01;8.7500000e+01;-1.4975546e-01;8.7500000e+01;-1.9177116e-01;8.7500000e+01;-8.0073029e-02;8.7500000e+01;-4.9870562e-02;8.7500000e+01;-1.4039800e-03;8.7500000e+01;6.0277667e-02;8.7500000e+01;1.3280797e-01;8.7500000e+01;1.8714647e-01;8.7500000e+01;2.4213435e-01;8.7500000e+01;2.6661107e-01;8.7500000e+01;2.5276572e-01;8.7500000e+01;2.2026581e-01;8.7500000e+01;1.4401658e-01;8.7500000e+01;7.9382978e-02;8.7500000e+01;2.6050933e-02;8.7500000e+01;-2.0531088e-02;8.7500000e+01;-6.3906476e-02;8.7500000e+01;-1.0705475e-01;8.7500000e+01;-1.4975546e-01;8.7500000e+01;-1.9177116e-01;8.7500000e+01;-8.0073029e-02;8.7500000e+01;-4.9870562e-02;8.7500000e+01;-1.4039800e-03;8.7500000e+01;6.0277667e-02;8.7500000e+01;1.3280797e-01;8.7500000e+01;1.8714647e-01;8.7500000e+01;2.4213435e-01;8.7500000e+01;2.6661107e-01;8.7500000e+01;2.5276572e-01;8.7500000e+01;2.2026581e-01;8.7500000e+01;1.4401658e-01;8.7500000e+01;7.9382978e-02;8.7500000e+01;2.6050933e-02;8.7500000e+01;-2.0531088e-02;8.7500000e+01;-6.3906476e-02;8.7500000e+01;-1.0705475e-01;8.7500000e+01;-1.4975546e-01;8.7500000e+01;-1.9177116e-01;8.7500000e+01;-8.0073029e-02;8.7500000e+01;-4.9870562e-02;8.7500000e+01;-1.4039800e-03;8.7500000e+01;6.0277667e-02;8.7500000e+01;1.3280797e-01;8.7500000e+01;1.8714647e-01;8.7500000e+01;2.4213435e-01;8.7500000e+01;2.6661107e-01;8.7500000e+01;2.5276572e-01;8.7500000e+01;2.2026581e-01;8.7500000e+01;1.4401658e-01;8.7500000e+01;7.9382978e-02;8.7500000e+01;2.6050933e-02;8.7500000e+01;-2.0531088e-02;8.7500000e+01;-6.3906476e-02;8.7500000e+01;-1.0705475e-01;8.7500000e+01;-1.4975546e-01;8.7500000e+01;-1.9177116e-01;8.7500000e+01;-8.0073029e-02;8.7500000e+01;-4.9870562e-02;8.7500000e+01;-1.4039800e-03;8.7500000e+01;6.0277667e-02;8.7500000e+01;1.3280797e-01;8.7500000e+01;1.8714647e-01;8.7500000e+01;2.4213435e-01;8.7500000e+01;2.6661107e-01;8.7500000e+01;2.5276572e-01;8.7500000e+01;2.2026581e-01;8.7500000e+01;1.4401658e-01;8.7500000e+01;7.9382978e-02;8.7500000e+01;2.6050933e-02;8.7500000e+01;-2.0531088e-02;8.7500000e+01;-6.3906476e-02;8.7500000e+01;-1.0705475e-01;8.7500000e+01;-1.4975546e-01;8.7500000e+01;-1.9177116e-01;8.7500000e+01;-8.0073029e-02;8.7500000e+01;-4.9870562e-02;8.7500000e+01;-1.4039800e-03;8.7500000e+01;6.0277667e-02;8.7500000e+01;1.3280797e-01;8.7500000e+01;1.8714647e-01;8.7500000e+01;2.4213435e-01;8.7500000e+01;2.6661107e-01;8.7500000e+01;2.5276572e-01;8.7500000e+01;2.2026581e-01;8.7500000e+01;1.4401658e-01;8.7500000e+01;7.9382978e-02;8.7500000e+01;2.6050933e-02;8.7500000e+01;-2.0531088e-02;8.7500000e+01;-6.3906476e-02;8.7500000e+01;-1.0705475e-01;8.7500000e+01;-1.4975546e-01;8.7500000e+01;-1.9177116e-01;8.7500000e+01;-8.0073029e-02;8.7500000e+01;-4.9870562e-02;8.7500000e+01;-1.4039800e-03;8.7500000e+01;6.0277667e-02;8.7500000e+01;1.3280797e-01;8.7500000e+01;1.8714647e-01;8.7500000e+01;2.4213435e-01;8.7500000e+01;2.6661107e-01;8.7500000e+01;2.5276572e-01;8.7500000e+01;2.2026581e-01;8.7500000e+01;1.4401658e-01;8.7500000e+01;7.9382978e-02;8.7500000e+01;2.6050933e-02;8.7500000e+01;-2.0531088e-02;8.7500000e+01;-6.3906476e-02;8.7500000e+01;-1.0705475e-01;8.7500000e+01;-1.4975546e-01;8.7500000e+01;-1.9177116e-01;8.7500000e+01;-8.0073029e-02;8.7500000e+01;-4.9870562e-02;8.7500000e+01;-1.4039800e-03;8.7500000e+01;6.0277667e-02;8.7500000e+01;1.3280797e-01;8.7500000e+01;1.8714647e-01;8.7500000e+01;2.4213435e-01;8.7500000e+01;2.6661107e-01;8.7500000e+01;2.5276572e-01;8.7500000e+01;2.2026581e-01;8.7500000e+01;1.4401658e-01;8.7500000e+01;7.9382978e-02;8.7500000e+01;2.6050933e-02;8.7500000e+01;-2.0531088e-02;8.7500000e+01;-6.3906476e-02;8.7500000e+01;-1.0705475e-01;8.7500000e+01;-1.4975546e-01;8.7500000e+01;-1.9177116e-01;8.7500000e+01;-8.0073029e-02;8.7500000e+01;-4.9870562e-02;8.7500000e+01;-1.4039800e-03;8.7500000e+01;6.0277667e-02;8.7500000e+01;1.3280797e-01;8.7500000e+01;1.8714647e-01;8.7500000e+01;2.4213435e-01;8.7500000e+01;2.6661107e-01;8.7500000e+01;2.5276572e-01;8.7500000e+01;2.2026581e-01;8.7500000e+01;1.4401658e-01;8.7500000e+01;7.9382978e-02;8.7500000e+01;2.6050933e-02;8.7500000e+01;-2.0531088e-02;8.7500000e+01;-6.3906476e-02;8.7500000e+01;-1.0705475e-01;8.7500000e+01;-1.4975546e-01;8.7500000e+01;-1.9177116e-01;8.7500000e+01;-8.0073029e-02;8.7500000e+01;-4.9870562e-02;8.7500000e+01;-1.4039800e-03;8.7500000e+01;6.0277667e-02;8.7500000e+01;1.3280797e-01;8.7500000e+01;1.8714647e-01;8.7500000e+01;2.4213435e-01;8.7500000e+01;2.6661107e-01;8.7500000e+01;2.5276572e-01;8.7500000e+01;2.2026581e-01;8.7500000e+01;1.4401658e-01;8.7500000e+01;7.9382978e-02;8.7500000e+01;2.6050933e-02;8.7500000e+01;-2.0531088e-02;8.7500000e+01;-6.3906476e-02;8.7500000e+01;-1.0705475e-01;8.7500000e+01;-1.4975546e-01;8.7500000e+01;-1.9177116e-01;8.7500000e+01;-8.0073029e-02;8.7500000e+01;-4.9870562e-02;8.7500000e+01;-1.4039800e-03;8.7500000e+01;6.0277667e-02;8.7500000e+01;1.3280797e-01;8.7500000e+01;1.8714647e-01;8.7500000e+01;2.4213435e-01;8.7500000e+01;2.6661107e-01;8.7500000e+01;2.5276572e-01;8.7500000e+01;2.2026581e-01;8.7500000e+01;1.4401658e-01;8.7500000e+01;7.9382978e-02;8.7500000e+01;2.6050933e-02;8.7500000e+01;-2.0531088e-02;8.7500000e+01;-6.3906476e-02;8.7500000e+01;-1.0705475e-01;8.7500000e+01;-1.4975546e-01;8.7500000e+01;-1.9177116e-01;8.7500000e+01;-8.0073029e-02;8.7500000e+01;-4.9870562e-02;8.7500000e+01;-1.4039800e-03;8.7500000e+01;6.0277667e-02;8.7500000e+01;1.3280797e-01;8.7500000e+01;1.8714647e-01;8.7500000e+01;2.4213435e-01;8.7500000e+01;2.6661107e-01;8.7500000e+01;2.5276572e-01;8.7500000e+01;2.2026581e-01;8.7500000e+01;1.4401658e-01;8.7500000e+01;7.9382978e-02;8.7500000e+01;2.6050933e-02;8.7500000e+01;-2.0531088e-02;8.7500000e+01;-6.3906476e-02;8.7500000e+01;-1.0705475e-01;8.7500000e+01;-1.4975546e-01;8.7500000e+01;-1.9177116e-01;8.7500000e+01;-8.0073029e-02;8.7500000e+01;-4.9870562e-02;8.7500000e+01;-1.4039800e-03;8.7500000e+01;6.0277667e-02;8.7500000e+01;1.3280797e-01;8.7500000e+01;1.8714647e-01;8.7500000e+01;2.4213435e-01;8.7500000e+01;2.6661107e-01;8.7500000e+01;2.5276572e-01;8.7500000e+01;2.2026581e-01;8.7500000e+01;1.4401658e-01;8.7500000e+01;7.9382978e-02;8.7500000e+01;2.6050933e-02;8.7500000e+01;-2.0531088e-02;8.7500000e+01;-6.3906476e-02;8.7500000e+01;-1.0705475e-01;8.7500000e+01;-1.4975546e-01;8.7500000e+01;-1.9177116e-01;8.7500000e+01;-8.0073029e-02;8.7500000e+01;-4.9870562e-02;8.7500000e+01;-1.4039800e-03;8.7500000e+01;6.0277667e-02;8.7500000e+01;1.3280797e-01;8.7500000e+01;1.8714647e-01;8.7500000e+01;2.4213435e-01;8.7500000e+01;2.6661107e-01;8.7500000e+01;2.5276572e-01;8.7500000e+01;2.2026581e-01;8.7500000e+01;1.4401658e-01;8.7500000e+01;7.9382978e-02;8.7500000e+01;2.6050933e-02;8.7500000e+01;-2.0531088e-02;8.7500000e+01;-6.3906476e-02;8.7500000e+01;-1.0705475e-01;8.7500000e+01;-1.4975546e-01;8.7500000e+01;-1.9177116e-01;8.7500000e+01;-8.0073029e-02;8.7500000e+01;-4.9870562e-02;8.7500000e+01;-1.4039800e-03;8.7500000e+01;6.0277667e-02;8.7500000e+01;1.3280797e-01;8.7500000e+01;1.8714647e-01;8.7500000e+01;2.4213435e-01;8.7500000e+01;2.6661107e-01;8.7500000e+01;2.5276572e-01;8.7500000e+01;2.2026581e-01;8.7500000e+01;1.4401658e-01;8.7500000e+01;7.9382978e-02;8.7500000e+01;2.6050933e-02;8.7500000e+01;-2.0531088e-02;8.7500000e+01;-6.3906476e-02;8.7500000e+01;-1.0705475e-01;8.7500000e+01;-1.4975546e-01;8.7500000e+01;-1.9177116e-01;8.7500000e+01;-8.0073029e-02;8.7500000e+01;-4.9870562e-02;8.7500000e+01;-1.4039800e-03;8.7500000e+01;6.0277667e-02;8.7500000e+01;1.3280797e-01;8.7500000e+01;1.8714647e-01;8.7500000e+01;2.4213435e-01;8.7500000e+01;2.6661107e-01;8.7500000e+01;2.5276572e-01;8.7500000e+01;2.2026581e-01;8.7500000e+01;1.4401658e-01;8.7500000e+01;7.9382978e-02;8.7500000e+01;2.6050933e-02;8.7500000e+01;-2.0531088e-02;8.7500000e+01;-6.3906476e-02;8.7500000e+01;-1.0705475e-01;8.7500000e+01;-1.4975546e-01;8.7500000e+01;-1.9177116e-01;8.7500000e+01;-8.0073029e-02;8.7500000e+01;-4.9870562e-02;8.7500000e+01;-1.4039800e-03;8.7500000e+01;6.0277667e-02;8.7500000e+01;1.3280797e-01;8.7500000e+01;1.8714647e-01;8.7500000e+01;2.4213435e-01;8.7500000e+01;2.6661107e-01;8.7500000e+01;2.5276572e-01;8.7500000e+01;2.2026581e-01;8.7500000e+01;1.4401658e-01;8.7500000e+01;7.9382978e-02;8.7500000e+01;2.6050933e-02;8.7500000e+01;-2.0531088e-02;8.7500000e+01;-6.3906476e-02;8.7500000e+01;-1.0705475e-01;8.7500000e+01;-1.4975546e-01;8.7500000e+01;-1.9177116e-01;8.7500000e+01;-8.0073029e-02;8.7500000e+01;-4.9870562e-02;8.7500000e+01;-1.4039800e-03;8.7500000e+01;6.0277667e-02;8.7500000e+01;1.3280797e-01;8.7500000e+01;1.8714647e-01;8.7500000e+01;2.4213435e-01;8.7500000e+01;2.6661107e-01;8.7500000e+01;2.5276572e-01;8.7500000e+01;2.2026581e-01;8.7500000e+01;1.4401658e-01;8.7500000e+01;7.9382978e-02;8.7500000e+01;2.6050933e-02;8.7500000e+01;-2.0531088e-02;8.7500000e+01;-6.3906476e-02;8.7500000e+01;-1.0705475e-01;8.7500000e+01;-1.4975546e-01;8.7500000e+01;-1.9177116e-01;8.7500000e+01;-8.0073029e-02;8.7500000e+01;-4.9870562e-02;8.7500000e+01;-1.4039800e-03;8.7500000e+01;6.0277667e-02;8.7500000e+01;1.3280797e-01;8.7500000e+01;1.8714647e-01;8.7500000e+01;2.4213435e-01;8.7500000e+01;2.6661107e-01;8.7500000e+01;2.5276572e-01;8.7500000e+01;2.2026581e-01;8.7500000e+01;1.4401658e-01;8.7500000e+01;7.9382978e-02;8.7500000e+01;2.6050933e-02;8.7500000e+01;-2.0531088e-02;8.7500000e+01;-6.3906476e-02;8.7500000e+01;-1.0705475e-01;8.7500000e+01;-1.4975546e-01;8.7500000e+01;-1.9177116e-01;8.7500000e+01;-8.0073029e-02;8.7500000e+01;-4.9870562e-02;8.7500000e+01;-1.4039800e-03;8.7500000e+01;6.0277667e-02;8.7500000e+01;1.3280797e-01;8.7500000e+01;1.8714647e-01;8.7500000e+01;2.4213435e-01;8.7500000e+01;2.6661107e-01;8.7500000e+01;2.5276572e-01;8.7500000e+01;2.2026581e-01;8.7500000e+01;1.4401658e-01;8.7500000e+01;7.9382978e-02;8.7500000e+01;2.6050933e-02;8.7500000e+01;-2.0531088e-02;8.7500000e+01;-6.3906476e-02;8.7500000e+01;-1.0705475e-01;8.7500000e+01;-1.4975546e-01;8.7500000e+01;-1.9177116e-01;8.7500000e+01;-8.0073029e-02;8.7500000e+01;-4.9870562e-02;8.7500000e+01;-1.4039800e-03;8.7500000e+01;6.0277667e-02;8.7500000e+01;1.3280797e-01;8.7500000e+01;1.8714647e-01;8.7500000e+01;2.4213435e-01;8.7500000e+01;2.6661107e-01;8.7500000e+01;2.5276572e-01;8.7500000e+01;2.2026581e-01;8.7500000e+01;1.4401658e-01;8.7500000e+01;7.9382978e-02;8.7500000e+01;2.6050933e-02;8.7500000e+01;-2.0531088e-02;8.7500000e+01;-6.3906476e-02;8.7500000e+01;-1.0705475e-01;8.7500000e+01;-1.4975546e-01;8.7500000e+01;-1.9177116e-01;8.7500000e+01;-8.0073029e-02;8.7500000e+01;-4.9870562e-02;8.7500000e+01;-1.4039800e-03;8.7500000e+01;6.0277667e-02;8.7500000e+01;1.3280797e-01;8.7500000e+01;1.8714647e-01;8.7500000e+01;2.4213435e-01;8.7500000e+01;2.6661107e-01;8.7500000e+01;2.5276572e-01;8.7500000e+01;2.2026581e-01;8.7500000e+01;1.4401658e-01;8.7500000e+01;7.9382978e-02;8.7500000e+01;2.6050933e-02;8.7500000e+01;-2.0531088e-02;8.7500000e+01;-6.3906476e-02;8.7500000e+01;-1.0705475e-01;8.7500000e+01;-1.4975546e-01;8.7500000e+01;-1.9177116e-01;8.7500000e+01;-8.0073029e-02;8.7500000e+01;-4.9870562e-02;8.7500000e+01;-1.4039800e-03;8.7500000e+01;6.0277667e-02;8.7500000e+01;1.3280797e-01;8.7500000e+01;1.8714647e-01;8.7500000e+01;2.4213435e-01;8.7500000e+01;2.6661107e-01;8.7500000e+01;2.5276572e-01;8.7500000e+01;2.2026581e-01;8.7500000e+01;1.4401658e-01;8.7500000e+01;7.9382978e-02;8.7500000e+01;2.6050933e-02;8.7500000e+01;-2.0531088e-02;8.7500000e+01;-6.3906476e-02;8.7500000e+01;-1.0705475e-01;8.7500000e+01;-1.4975546e-01;8.7500000e+01;-1.9177116e-01;8.7500000e+01;-8.0073029e-02;8.7500000e+01;-4.9870562e-02;8.7500000e+01;-1.4039800e-03;8.7500000e+01;6.0277667e-02;8.7500000e+01;1.3280797e-01;8.7500000e+01;1.8714647e-01;8.7500000e+01;2.4213435e-01;8.7500000e+01;2.6661107e-01;8.7500000e+01;2.5276572e-01;8.7500000e+01;2.2026581e-01;8.7500000e+01;1.4401658e-01;8.7500000e+01;7.9382978e-02;8.7500000e+01;2.6050933e-02;8.7500000e+01;-2.0531088e-02;8.7500000e+01;-6.3906476e-02;8.7500000e+01;-1.0705475e-01;8.7500000e+01;-1.4975546e-01;8.7500000e+01;-1.9177116e-01;8.7500000e+01;-8.0073029e-02;8.7500000e+01;-4.9870562e-02;8.7500000e+01;-1.4039800e-03;8.7500000e+01;6.0277667e-02;8.7500000e+01;1.3280797e-01;8.7500000e+01;1.8714647e-01;8.7500000e+01;2.4213435e-01;8.7500000e+01;2.6661107e-01;8.7500000e+01;2.5276572e-01;8.7500000e+01;2.2026581e-01;8.7500000e+01;1.4401658e-01;8.7500000e+01;7.9382978e-02;8.7500000e+01;2.6050933e-02;8.7500000e+01;-2.0531088e-02;8.7500000e+01;-6.3906476e-02;8.7500000e+01;-1.0705475e-01;8.7500000e+01;-1.4975546e-01;8.7500000e+01;-1.9177116e-01;8.7500000e+01;-8.0073029e-02;8.7500000e+01;-4.9870562e-02;8.7500000e+01;-1.4039800e-03;8.7500000e+01;6.0277667e-02;8.7500000e+01;1.3280797e-01;8.7500000e+01;1.8714647e-01;8.7500000e+01;2.4213435e-01;8.7500000e+01;2.6661107e-01;8.7500000e+01;2.5276572e-01;8.7500000e+01;2.2026581e-01;8.7500000e+01;1.4401658e-01;8.7500000e+01;7.9382978e-02;8.7500000e+01;2.6050933e-02;8.7500000e+01;-2.0531088e-02;8.7500000e+01;-6.3906476e-02;8.7500000e+01;-1.0705475e-01;8.7500000e+01;-1.4975546e-01;8.7500000e+01;-1.9177116e-01;8.7500000e+01;-8.0073029e-02;8.7500000e+01;-4.9870562e-02;8.7500000e+01;-1.4039800e-03;8.7500000e+01;6.0277667e-02;8.7500000e+01;1.3280797e-01;8.7500000e+01;1.8714647e-01;8.7500000e+01;2.4213435e-01;8.7500000e+01;2.6661107e-01;8.7500000e+01;2.5276572e-01;8.7500000e+01;2.2026581e-01;8.7500000e+01;1.4401658e-01;8.7500000e+01;7.9382978e-02;8.7500000e+01;2.6050933e-02;8.7500000e+01;-2.0531088e-02;8.7500000e+01;-6.3906476e-02;8.7500000e+01;-1.0705475e-01;8.7500000e+01;-1.4975546e-01;8.7500000e+01;-1.9177116e-01;8.7500000e+01;-8.0073029e-02;8.7500000e+01;-4.9870562e-02;8.7500000e+01;-1.4039800e-03;8.7500000e+01;6.0277667e-02;8.7500000e+01;1.3280797e-01;8.7500000e+01;1.8714647e-01;8.7500000e+01;2.4213435e-01;8.7500000e+01;2.6661107e-01;8.7500000e+01;2.5276572e-01;8.7500000e+01;2.2026581e-01;8.7500000e+01;1.4401658e-01;8.7500000e+01;7.9382978e-02;8.7500000e+01;2.6050933e-02;8.7500000e+01;-2.0531088e-02;8.7500000e+01;-6.3906476e-02;8.7500000e+01;-1.0705475e-01;8.7500000e+01;-1.4975546e-01;8.7500000e+01;-1.9177116e-01;8.7500000e+01;-8.0073029e-02;8.7500000e+01;-4.9870562e-02;8.7500000e+01;-1.4039800e-03;8.7500000e+01;6.0277667e-02;8.7500000e+01;1.3280797e-01;8.7500000e+01;1.8714647e-01;8.7500000e+01;2.4213435e-01;8.7500000e+01;2.6661107e-01;8.7500000e+01;2.5276572e-01;8.7500000e+01;2.2026581e-01;8.7500000e+01;1.4401658e-01;8.7500000e+01;7.9382978e-02;8.7500000e+01;2.6050933e-02;8.7500000e+01;-2.0531088e-02;8.7500000e+01;-6.3906476e-02;8.7500000e+01;-1.0705475e-01;8.7500000e+01;-1.4975546e-01;8.7500000e+01;-1.9177116e-01;8.7500000e+01;-8.0073029e-02;8.7500000e+01;-4.9870562e-02;8.7500000e+01;-1.4039800e-03;8.7500000e+01;6.0277667e-02;8.7500000e+01;1.3280797e-01;8.7500000e+01;1.8714647e-01;8.7500000e+01;2.4213435e-01;8.7500000e+01;2.6661107e-01;8.7500000e+01;2.5276572e-01;8.7500000e+01;2.2026581e-01;8.7500000e+01;1.4401658e-01;8.7500000e+01;7.9382978e-02;8.7500000e+01;2.6050933e-02;8.7500000e+01;-2.0531088e-02;8.7500000e+01;-6.3906476e-02;8.7500000e+01;-1.0705475e-01;8.7500000e+01;-1.4975546e-01;8.7500000e+01;-1.9177116e-01;8.7500000e+01;-8.0073029e-02;8.7500000e+01;-4.9870562e-02;8.7500000e+01;-1.4039800e-03;8.7500000e+01;6.0277667e-02;8.7500000e+01;1.3280797e-01;8.7500000e+01;1.8714647e-01;8.7500000e+01;2.4213435e-01;8.7500000e+01;2.6661107e-01;8.7500000e+01;2.5276572e-01;8.7500000e+01;2.2026581e-01;8.7500000e+01;1.4401658e-01;8.7500000e+01;7.9382978e-02;8.7500000e+01;2.6050933e-02;8.7500000e+01;-2.0531088e-02;8.7500000e+01;-6.3906476e-02;8.7500000e+01;-1.0705475e-01;8.7500000e+01;-1.4975546e-01;8.7500000e+01;-1.9177116e-01;8.7500000e+01;-8.0073029e-02;8.7500000e+01;-4.9870562e-02;8.7500000e+01;-1.4039800e-03;8.7500000e+01;6.0277667e-02;8.7500000e+01;1.3280797e-01;8.7500000e+01;1.8714647e-01;8.7500000e+01;2.4213435e-01;8.7500000e+01;2.6661107e-01;8.7500000e+01;2.5276572e-01;8.7500000e+01;2.2026581e-01;8.7500000e+01;1.4401658e-01;8.7500000e+01;7.9382978e-02;8.7500000e+01;2.6050933e-02;8.7500000e+01;-2.0531088e-02;8.7500000e+01;-6.3906476e-02;8.7500000e+01;-1.0705475e-01;8.7500000e+01;-1.4975546e-01;8.7500000e+01;-1.9177116e-01;8.7500000e+01;-8.0073029e-02;8.7500000e+01;-4.9870562e-02;8.7500000e+01;-1.4039800e-03;8.7500000e+01;6.0277667e-02;8.7500000e+01;1.3280797e-01;8.7500000e+01;1.8714647e-01;8.7500000e+01;2.4213435e-01;8.7500000e+01;2.6661107e-01;8.7500000e+01;2.5276572e-01;8.7500000e+01;2.2026581e-01;8.7500000e+01;1.4401658e-01;8.7500000e+01;7.9382978e-02;8.7500000e+01;2.6050933e-02;8.7500000e+01;-2.0531088e-02;8.7500000e+01;-6.3906476e-02;8.7500000e+01;-1.0705475e-01;8.7500000e+01;-1.4975546e-01;8.7500000e+01;-1.9177116e-01;8.7500000e+01;-8.0073029e-02;8.7500000e+01;-4.9870562e-02;8.7500000e+01;-1.4039800e-03;8.7500000e+01;6.0277667e-02;8.7500000e+01;1.3280797e-01;8.7500000e+01;1.8714647e-01;8.7500000e+01;2.4213435e-01;8.7500000e+01;2.6661107e-01;8.7500000e+01;2.5276572e-01;8.7500000e+01;2.2026581e-01;8.7500000e+01;1.4401658e-01;8.7500000e+01;7.9382978e-02;8.7500000e+01;2.6050933e-02;8.7500000e+01;-2.0531088e-02;8.7500000e+01;-6.3906476e-02;8.7500000e+01;-1.0705475e-01;8.7500000e+01;-1.4975546e-01;8.7500000e+01;-1.9177116e-01;8.7500000e+01;-8.0073029e-02;8.7500000e+01;-4.9870562e-02;8.7500000e+01;-1.4039800e-03;8.7500000e+01;6.0277667e-02;8.7500000e+01;1.3280797e-01;8.7500000e+01;1.8714647e-01;8.7500000e+01;2.4213435e-01;8.7500000e+01;2.6661107e-01;8.7500000e+01;2.5276572e-01;8.7500000e+01;2.2026581e-01;8.7500000e+01;1.4401658e-01;8.7500000e+01;7.9382978e-02;8.7500000e+01;2.6050933e-02;8.7500000e+01;-2.0531088e-02;8.7500000e+01;-6.3906476e-02;8.7500000e+01;-1.0705475e-01;8.7500000e+01;-1.4975546e-01;8.7500000e+01;-1.9177116e-01;8.7500000e+01;-8.0073029e-02;8.7500000e+01;-4.9870562e-02;8.7500000e+01;-1.4039800e-03;8.7500000e+01;6.0277667e-02;8.7500000e+01;1.3280797e-01;8.7500000e+01;1.8714647e-01;8.7500000e+01;2.4213435e-01;8.7500000e+01;2.6661107e-01;8.7500000e+01;2.5276572e-01;8.7500000e+01;2.2026581e-01;8.7500000e+01;1.4401658e-01;8.7500000e+01;7.9382978e-02;8.7500000e+01;2.6050933e-02;8.7500000e+01;-2.0531088e-02;8.7500000e+01;-6.3906476e-02;8.7500000e+01;-1.0705475e-01;8.7500000e+01;-1.4975546e-01;8.7500000e+01;-1.9177116e-01;8.7500000e+01;-8.0073029e-02;8.7500000e+01;-4.9870562e-02;8.7500000e+01;-1.4039800e-03;8.7500000e+01;6.0277667e-02;8.7500000e+01;1.3280797e-01;8.7500000e+01;1.8714647e-01;8.7500000e+01;2.4213435e-01;8.7500000e+01;2.6661107e-01;8.7500000e+01;2.5276572e-01;8.7500000e+01;2.2026581e-01;8.7500000e+01;1.4401658e-01;8.7500000e+01;7.9382978e-02;8.7500000e+01;2.6050933e-02;8.7500000e+01;-2.0531088e-02;8.7500000e+01;-6.3906476e-02;8.7500000e+01;-1.0705475e-01;8.7500000e+01;-1.4975546e-01;8.7500000e+01;-1.9177116e-01;8.7500000e+01;-8.0073029e-02;8.7500000e+01;-4.9870562e-02;8.7500000e+01;-1.4039800e-03;8.7500000e+01;6.0277667e-02;8.7500000e+01;1.3280797e-01;8.7500000e+01;1.8714647e-01;8.7500000e+01;2.4213435e-01;8.7500000e+01;2.6661107e-01;8.7500000e+01;2.5276572e-01;8.7500000e+01;2.2026581e-01;8.7500000e+01;1.4401658e-01;8.7500000e+01;7.9382978e-02;8.7500000e+01;2.6050933e-02;8.7500000e+01;-2.0531088e-02;8.7500000e+01;-6.3906476e-02;8.7500000e+01;-1.0705475e-01;8.7500000e+01;-1.4975546e-01;8.7500000e+01;-1.9177116e-01;8.7500000e+01;-8.0073029e-02;8.7500000e+01;-4.9870562e-02;8.7500000e+01;-1.4039800e-03;8.7500000e+01;6.0277667e-02;8.7500000e+01;1.3280797e-01;8.7500000e+01;1.8714647e-01;8.7500000e+01;2.4213435e-01;8.7500000e+01;2.6661107e-01;8.7500000e+01;2.5276572e-01;8.7500000e+01;2.2026581e-01;8.7500000e+01;1.4401658e-01;8.7500000e+01;7.9382978e-02;8.7500000e+01;2.6050933e-02;8.7500000e+01;-2.0531088e-02;8.7500000e+01;-6.3906476e-02;8.7500000e+01;-1.0705475e-01;8.7500000e+01;-1.4975546e-01;8.7500000e+01;-1.9177116e-01;8.7500000e+01;-8.0073029e-02;8.7500000e+01;-4.9870562e-02;8.7500000e+01;-1.4039800e-03;8.7500000e+01;6.0277667e-02;8.7500000e+01;1.3280797e-01;8.7500000e+01;1.8714647e-01;8.7500000e+01;2.4213435e-01;8.7500000e+01;2.6661107e-01;8.7500000e+01;2.5276572e-01;8.7500000e+01;2.2026581e-01;8.7500000e+01;1.4401658e-01;8.7500000e+01;7.9382978e-02;8.7500000e+01;2.6050933e-02;8.7500000e+01;-2.0531088e-02;8.7500000e+01;-6.3906476e-02;8.7500000e+01;-1.0705475e-01;8.7500000e+01;-1.4975546e-01;8.7500000e+01;-1.9177116e-01;8.7500000e+01;-8.0073029e-02;8.7500000e+01;-4.9870562e-02;8.7500000e+01;-1.4039800e-03;8.7500000e+01;6.0277667e-02;8.7500000e+01;1.3280797e-01;8.7500000e+01;1.8714647e-01;8.7500000e+01;2.4213435e-01;8.7500000e+01;2.6661107e-01;8.7500000e+01;2.5276572e-01;8.7500000e+01;2.2026581e-01;8.7500000e+01;1.4401658e-01;8.7500000e+01;7.9382978e-02;8.7500000e+01;2.6050933e-02;8.7500000e+01;-2.0531088e-02;8.7500000e+01;-6.3906476e-02;8.7500000e+01;-1.0705475e-01;8.7500000e+01;-1.4975546e-01;8.7500000e+01;-1.9177116e-01;8.7500000e+01;-8.0073029e-02;8.7500000e+01;-4.9870562e-02;8.7500000e+01;-1.4039800e-03;8.7500000e+01;6.0277667e-02;8.7500000e+01;1.3280797e-01;8.7500000e+01;1.8714647e-01;8.7500000e+01;2.4213435e-01;8.7500000e+01;2.6661107e-01;8.7500000e+01;2.5276572e-01;8.7500000e+01;2.2026581e-01;8.7500000e+01;1.4401658e-01;8.7500000e+01;7.9382978e-02;8.7500000e+01;2.6050933e-02;8.7500000e+01;-2.0531088e-02;8.7500000e+01;-6.3906476e-02;8.7500000e+01;-1.0705475e-01;8.7500000e+01;-1.4975546e-01;8.7500000e+01;-1.9177116e-01;8.7500000e+01;-8.0073029e-02;8.7500000e+01;-4.9870562e-02;8.7500000e+01;-1.4039800e-03;8.7500000e+01;6.0277667e-02;8.7500000e+01;1.3280797e-01;8.7500000e+01;1.8714647e-01;8.7500000e+01;2.4213435e-01;8.7500000e+01;2.6661107e-01;8.7500000e+01;2.5276572e-01;8.7500000e+01;2.2026581e-01;8.7500000e+01;1.4401658e-01;8.7500000e+01;7.9382978e-02;8.7500000e+01;2.6050933e-02;8.7500000e+01;-2.0531088e-02;8.7500000e+01;-6.3906476e-02;8.7500000e+01;-1.0705475e-01;8.7500000e+01;-1.4975546e-01;8.7500000e+01;-1.9177116e-01;8.7500000e+01;-8.0073029e-02;8.7500000e+01;-4.9870562e-02;8.7500000e+01;-1.4039800e-03;8.7500000e+01;6.0277667e-02;8.7500000e+01;1.3280797e-01;8.7500000e+01;1.8714647e-01;8.7500000e+01;2.4213435e-01;8.7500000e+01;2.6661107e-01;8.7500000e+01;2.5276572e-01;8.7500000e+01;2.2026581e-01;8.7500000e+01;1.4401658e-01;8.7500000e+01;7.9382978e-02;8.7500000e+01;2.6050933e-02;8.7500000e+01;-2.0531088e-02;8.7500000e+01;-6.3906476e-02;8.7500000e+01;-1.0705475e-01;8.7500000e+01;-1.4975546e-01;8.7500000e+01;-1.9177116e-01;8.7500000e+01;-8.0073029e-02;8.7500000e+01;-4.9870562e-02;8.7500000e+01;-1.4039800e-03;8.7500000e+01;6.0277667e-02;8.7500000e+01;1.3280797e-01;8.7500000e+01;1.8714647e-01;8.7500000e+01;2.4213435e-01;8.7500000e+01;2.6661107e-01;8.7500000e+01;2.5276572e-01;8.7500000e+01;2.2026581e-01;8.7500000e+01;1.4401658e-01;8.7500000e+01;7.9382978e-02;8.7500000e+01;2.6050933e-02;8.7500000e+01;-2.0531088e-02;8.7500000e+01;-6.3906476e-02;8.7500000e+01;-1.0705475e-01;8.7500000e+01;-1.4975546e-01;8.7500000e+01;-1.9177116e-01;8.7500000e+01;-8.0073029e-02;8.7500000e+01;-4.9870562e-02;8.7500000e+01;-1.4039800e-03;8.7500000e+01;6.0277667e-02;8.7500000e+01;1.3280797e-01;8.7500000e+01;1.8714647e-01;8.7500000e+01;2.4213435e-01;8.7500000e+01;2.6661107e-01;8.7500000e+01;2.5276572e-01;8.7500000e+01;2.2026581e-01;8.7500000e+01;1.4401658e-01;8.7500000e+01;7.9382978e-02;8.7500000e+01;2.6050933e-02;8.7500000e+01;-2.0531088e-02;8.7500000e+01;-6.3906476e-02;8.7500000e+01;-1.0705475e-01;8.7500000e+01;-1.4975546e-01;8.7500000e+01;-1.9177116e-01;8.7500000e+01;-8.0073029e-02;8.7500000e+01;-4.9870562e-02;8.7500000e+01;-1.4039800e-03;8.7500000e+01;6.0277667e-02;8.7500000e+01;1.3280797e-01;8.7500000e+01;1.8714647e-01;8.7500000e+01;2.4213435e-01;8.7500000e+01;2.6661107e-01;8.7500000e+01;2.5276572e-01;8.7500000e+01;2.2026581e-01;8.7500000e+01;1.4401658e-01;8.7500000e+01;7.9382978e-02;8.7500000e+01;2.6050933e-02;8.7500000e+01;-2.0531088e-02;8.7500000e+01;-6.3906476e-02;8.7500000e+01;-1.0705475e-01;8.7500000e+01;-1.4975546e-01;8.7500000e+01;-1.9177116e-01;8.7500000e+01;-8.0073029e-02;8.7500000e+01;-4.9870562e-02;8.7500000e+01;-1.4039800e-03;8.7500000e+01;6.0277667e-02;8.7500000e+01;1.3280797e-01;8.7500000e+01;1.8714647e-01;8.7500000e+01;2.4213435e-01;8.7500000e+01;2.6661107e-01;8.7500000e+01;2.5276572e-01;8.7500000e+01;2.2026581e-01;8.7500000e+01;1.4401658e-01;8.7500000e+01;7.9382978e-02;8.7500000e+01;2.6050933e-02;8.7500000e+01;-2.0531088e-02;8.7500000e+01;-6.3906476e-02;8.7500000e+01;-1.0705475e-01;8.7500000e+01;-1.4975546e-01;8.7500000e+01;-1.9177116e-01;8.7500000e+01;-8.0073029e-02;8.7500000e+01;-4.9870562e-02;8.7500000e+01;-1.4039800e-03;8.7500000e+01;6.0277667e-02;8.7500000e+01;1.3280797e-01;8.7500000e+01;1.8714647e-01;8.7500000e+01;2.4213435e-01;8.7500000e+01;2.6661107e-01;8.7500000e+01;2.5276572e-01;8.7500000e+01;2.2026581e-01;8.7500000e+01;1.4401658e-01;8.7500000e+01;7.9382978e-02;8.7500000e+01;2.6050933e-02;8.7500000e+01;-2.0531088e-02;8.7500000e+01;-6.3906476e-02;8.7500000e+01;-1.0705475e-01;8.7500000e+01;-1.4975546e-01;8.7500000e+01;-1.9177116e-01;8.7500000e+01;-8.0073029e-02;8.7500000e+01;-4.9870562e-02;8.7500000e+01;-1.4039800e-03;8.7500000e+01;6.0277667e-02;8.7500000e+01;1.3280797e-01;8.7500000e+01;1.8714647e-01;8.7500000e+01;2.4213435e-01;8.7500000e+01;2.6661107e-01;8.7500000e+01;2.5276572e-01;8.7500000e+01;2.2026581e-01;8.7500000e+01;1.4401658e-01;8.7500000e+01;7.9382978e-02;8.7500000e+01;2.6050933e-02;8.7500000e+01;-2.0531088e-02;8.7500000e+01;-6.3906476e-02;8.7500000e+01;-1.0705475e-01;8.7500000e+01;-1.4975546e-01;8.7500000e+01;-1.9177116e-01;8.7500000e+01;-8.0073029e-02;8.7500000e+01;-4.9870562e-02;8.7500000e+01;-1.4039800e-03;8.7500000e+01;6.0277667e-02;8.7500000e+01;1.3280797e-01;8.7500000e+01;1.8714647e-01;8.7500000e+01;2.4213435e-01;8.7500000e+01;2.6661107e-01;8.7500000e+01;2.5276572e-01;8.7500000e+01;2.2026581e-01;8.7500000e+01;1.4401658e-01;8.7500000e+01;7.9382978e-02;8.7500000e+01;2.6050933e-02;8.7500000e+01;-2.0531088e-02;8.7500000e+01;-6.3906476e-02;8.7500000e+01;-1.0705475e-01;8.7500000e+01;-1.4975546e-01;8.7500000e+01;-1.9177116e-01;8.7500000e+01;-8.0073029e-02;8.7500000e+01;-4.9870562e-02;8.7500000e+01;-1.4039800e-03;8.7500000e+01;6.0277667e-02;8.7500000e+01;1.3280797e-01;8.7500000e+01;1.8714647e-01;8.7500000e+01;2.4213435e-01;8.7500000e+01;2.6661107e-01;8.7500000e+01;2.5276572e-01;8.7500000e+01;2.2026581e-01;8.7500000e+01;1.4401658e-01;8.7500000e+01;7.9382978e-02;8.7500000e+01;2.6050933e-02;8.7500000e+01;-2.0531088e-02;8.7500000e+01;-6.3906476e-02;8.7500000e+01;-1.0705475e-01;8.7500000e+01;-1.4975546e-01;8.7500000e+01;-1.9177116e-01;8.7500000e+01;-8.0073029e-02;8.7500000e+01;-4.9870562e-02;8.7500000e+01;-1.4039800e-03;8.7500000e+01;6.0277667e-02;8.7500000e+01;1.3280797e-01;8.7500000e+01;1.8714647e-01;8.7500000e+01;2.4213435e-01;8.7500000e+01;2.6661107e-01;8.7500000e+01;2.5276572e-01;8.7500000e+01;2.2026581e-01;8.7500000e+01;1.4401658e-01;8.7500000e+01;7.9382978e-02;8.7500000e+01;2.6050933e-02;8.7500000e+01;-2.0531088e-02;8.7500000e+01;-6.3906476e-02;8.7500000e+01;-1.0705475e-01;8.7500000e+01;-1.4975546e-01;8.7500000e+01;-1.9177116e-01;8.7500000e+01;-8.0073029e-02;8.7500000e+01;-4.9870562e-02;8.7500000e+01;-1.4039800e-03;8.7500000e+01;6.0277667e-02;8.7500000e+01;1.3280797e-01;8.7500000e+01;1.8714647e-01;8.7500000e+01;2.4213435e-01;8.7500000e+01;2.6661107e-01;8.7500000e+01;2.5276572e-01;8.7500000e+01;2.2026581e-01;8.7500000e+01;1.4401658e-01;8.7500000e+01;7.9382978e-02;8.7500000e+01;2.6050933e-02;8.7500000e+01;-2.0531088e-02;8.7500000e+01;-6.3906476e-02;8.7500000e+01;-1.0705475e-01;8.7500000e+01;-1.4975546e-01;8.7500000e+01;-1.9177116e-01;8.7500000e+01;-8.0073029e-02;8.7500000e+01;-4.9870562e-02;8.7500000e+01;-1.4039800e-03;8.7500000e+01;6.0277667e-02;8.7500000e+01;1.3280797e-01;8.7500000e+01;1.8714647e-01;8.7500000e+01;2.4213435e-01;8.7500000e+01;2.6661107e-01;8.7500000e+01;2.5276572e-01;8.7500000e+01;2.2026581e-01;8.7500000e+01;1.4401658e-01;8.7500000e+01;7.9382978e-02;8.7500000e+01;2.6050933e-02;8.7500000e+01;-2.0531088e-02;8.7500000e+01;-6.3906476e-02;8.7500000e+01;-1.0705475e-01;8.7500000e+01;-1.4975546e-01;8.7500000e+01;-1.9177116e-01;8.7500000e+01;-8.0073029e-02;8.7500000e+01;-4.9870562e-02;8.7500000e+01;-1.4039800e-03;8.7500000e+01;6.0277667e-02;8.7500000e+01;1.3280797e-01;8.7500000e+01;1.8714647e-01;8.7500000e+01;2.4213435e-01;8.7500000e+01;2.6661107e-01;8.7500000e+01;2.5276572e-01;8.7500000e+01;2.2026581e-01;8.7500000e+01;1.4401658e-01;8.7500000e+01;7.9382978e-02;8.7500000e+01;2.6050933e-02;8.7500000e+01;-2.0531088e-02;8.7500000e+01;-6.3906476e-02;8.7500000e+01;-1.0705475e-01;8.7500000e+01;-1.4975546e-01;8.7500000e+01;-1.9177116e-01;8.7500000e+01;-8.0073029e-02;8.7500000e+01;-4.9870562e-02;8.7500000e+01;-1.4039800e-03;8.7500000e+01;6.0277667e-02;8.7500000e+01;1.3280797e-01;8.7500000e+01;1.8714647e-01;8.7500000e+01;2.4213435e-01;8.7500000e+01;2.6661107e-01;8.7500000e+01;2.5276572e-01;8.7500000e+01;2.2026581e-01;8.7500000e+01;1.4401658e-01;8.7500000e+01;7.9382978e-02;8.7500000e+01;2.6050933e-02;8.7500000e+01;-2.0531088e-02;8.7500000e+01;-6.3906476e-02;8.7500000e+01;-1.0705475e-01;8.7500000e+01;-1.4975546e-01;8.7500000e+01;-1.9177116e-01;8.7500000e+01;-8.0073029e-02;8.7500000e+01;-4.9870562e-02;8.7500000e+01;-1.4039800e-03;8.7500000e+01;6.0277667e-02;8.7500000e+01;1.3280797e-01;8.7500000e+01;1.8714647e-01;8.7500000e+01;2.4213435e-01;8.7500000e+01;2.6661107e-01;8.7500000e+01;2.5276572e-01;8.7500000e+01;2.2026581e-01;8.7500000e+01;1.4401658e-01;8.7500000e+01;7.9382978e-02;8.7500000e+01;2.6050933e-02;8.7500000e+01;-2.0531088e-02;8.7500000e+01;-6.3906476e-02;8.7500000e+01;-1.0705475e-01;8.7500000e+01;-1.4975546e-01;8.7500000e+01;-1.9177116e-01;8.7500000e+01;-8.0073029e-02;8.7500000e+01;-4.9870562e-02;8.7500000e+01;-1.4039800e-03;8.7500000e+01;6.0277667e-02;8.7500000e+01;1.3280797e-01;8.7500000e+01;1.8714647e-01;8.7500000e+01;2.4213435e-01;8.7500000e+01;2.6661107e-01;8.7500000e+01;2.5276572e-01;8.7500000e+01;2.2026581e-01;8.7500000e+01;1.4401658e-01;8.7500000e+01;7.9382978e-02;8.7500000e+01;2.6050933e-02;8.7500000e+01;-2.0531088e-02;8.7500000e+01;-6.3906476e-02;8.7500000e+01;-1.0705475e-01;8.7500000e+01;-1.4975546e-01;8.7500000e+01;-1.9177116e-01;8.7500000e+01;-8.0073029e-02;8.7500000e+01;-4.9870562e-02;8.7500000e+01;-1.4039800e-03;8.7500000e+01;6.0277667e-02;8.7500000e+01;1.3280797e-01;8.7500000e+01;1.8714647e-01;8.7500000e+01;2.4213435e-01;8.7500000e+01;2.6661107e-01;8.7500000e+01;2.5276572e-01;8.7500000e+01;2.2026581e-01;8.7500000e+01;1.4401658e-01;8.7500000e+01;7.9382978e-02;8.7500000e+01;2.6050933e-02;8.7500000e+01;-2.0531088e-02;8.7500000e+01;-6.3906476e-02;8.7500000e+01;-1.0705475e-01;8.7500000e+01;-1.4975546e-01;8.7500000e+01;-1.9177116e-01;8.7500000e+01;-8.0073029e-02;8.7500000e+01;-4.9870562e-02;8.7500000e+01;-1.4039800e-03;8.7500000e+01;6.0277667e-02;8.7500000e+01;1.3280797e-01;8.7500000e+01;1.8714647e-01;8.7500000e+01;2.4213435e-01;8.7500000e+01;2.6661107e-01;8.7500000e+01;2.5276572e-01;8.7500000e+01;2.2026581e-01;8.7500000e+01;1.4401658e-01;8.7500000e+01;7.9382978e-02;8.7500000e+01;2.6050933e-02;8.7500000e+01;-2.0531088e-02;8.7500000e+01;-6.3906476e-02;8.7500000e+01;-1.0705475e-01;8.7500000e+01;-1.4975546e-01;8.7500000e+01;-1.9177116e-01;8.7500000e+01;-8.0073029e-02;8.7500000e+01;-4.9870562e-02;8.7500000e+01;-1.4039800e-03;8.7500000e+01;6.0277667e-02;8.7500000e+01;1.3280797e-01;8.7500000e+01;1.8714647e-01;8.7500000e+01;2.4213435e-01;8.7500000e+01;2.6661107e-01;8.7500000e+01;2.5276572e-01;8.7500000e+01;2.2026581e-01;8.7500000e+01;1.4401658e-01;8.7500000e+01;7.9382978e-02;8.7500000e+01;2.6050933e-02;8.7500000e+01;-2.0531088e-02;8.7500000e+01;-6.3906476e-02;8.7500000e+01;-1.0705475e-01;8.7500000e+01;-1.4975546e-01;8.7500000e+01;-1.9177116e-01;8.7500000e+01;-8.0073029e-02;8.7500000e+01;-4.9870562e-02;8.7500000e+01;-1.4039800e-03;8.7500000e+01;6.0277667e-02;8.7500000e+01;1.3280797e-01;8.7500000e+01;1.8714647e-01;8.7500000e+01;2.4213435e-01;8.7500000e+01;2.6661107e-01;8.7500000e+01;2.5276572e-01;8.7500000e+01;2.2026581e-01;8.7500000e+01;1.4401658e-01;8.7500000e+01;7.9382978e-02;8.7500000e+01;2.6050933e-02;8.7500000e+01;-2.0531088e-02;8.7500000e+01;-6.3906476e-02;8.7500000e+01;-1.0705475e-01;8.7500000e+01;-1.4975546e-01;8.7500000e+01;-1.9177116e-01;8.7500000e+01;-8.0073029e-02;8.7500000e+01;-4.9870562e-02;8.7500000e+01;-1.4039800e-03;8.7500000e+01;6.0277667e-02;8.7500000e+01;1.3280797e-01;8.7500000e+01;1.8714647e-01;8.7500000e+01;2.4213435e-01;8.7500000e+01;2.6661107e-01;8.7500000e+01;2.5276572e-01;8.7500000e+01;2.2026581e-01;8.7500000e+01;1.4401658e-01;8.7500000e+01;7.9382978e-02;8.7500000e+01;2.6050933e-02;8.7500000e+01;-2.0531088e-02;8.7500000e+01;-6.3906476e-02;8.7500000e+01;-1.0705475e-01;8.7500000e+01;-1.4975546e-01;8.7500000e+01;-1.9177116e-01;8.7500000e+01;-8.0073029e-02;8.7500000e+01;-4.9870562e-02;8.7500000e+01;-1.4039800e-03;8.7500000e+01;6.0277667e-02;8.7500000e+01;1.3280797e-01;8.7500000e+01;1.8714647e-01;8.7500000e+01;2.4213435e-01;8.7500000e+01;2.6661107e-01;8.7500000e+01;2.5276572e-01;8.7500000e+01;2.2026581e-01;8.7500000e+01;1.4401658e-01;8.7500000e+01;7.9382978e-02;8.7500000e+01;2.6050933e-02;8.7500000e+01;-2.0531088e-02;8.7500000e+01;-6.3906476e-02;8.7500000e+01;-1.0705475e-01;8.7500000e+01;-1.4975546e-01;8.7500000e+01;-1.9177116e-01;8.7500000e+01;-8.0073029e-02;8.7500000e+01;-4.9870562e-02;8.7500000e+01;-1.4039800e-03;8.7500000e+01;6.0277667e-02;8.7500000e+01;1.3280797e-01;8.7500000e+01;1.8714647e-01;8.7500000e+01;2.4213435e-01;8.7500000e+01;2.6661107e-01;8.7500000e+01;2.5276572e-01;8.7500000e+01;2.2026581e-01;8.7500000e+01;1.4401658e-01;8.7500000e+01;7.9382978e-02;8.7500000e+01;2.6050933e-02;8.7500000e+01;-2.0531088e-02;8.7500000e+01;-6.3906476e-02;8.7500000e+01;-1.0705475e-01;8.7500000e+01;-1.4975546e-01;8.7500000e+01;-1.9177116e-01;8.7500000e+01;-8.0073029e-02;8.7500000e+01;-4.9870562e-02;8.7500000e+01;-1.4039800e-03;8.7500000e+01;6.0277667e-02;8.7500000e+01;1.3280797e-01;8.7500000e+01;1.8714647e-01;8.7500000e+01;2.4213435e-01;8.7500000e+01;2.6661107e-01;8.7500000e+01;2.5276572e-01;8.7500000e+01;2.2026581e-01;8.7500000e+01;1.4401658e-01;8.7500000e+01;7.9382978e-02;8.7500000e+01;2.6050933e-02;8.7500000e+01;-2.0531088e-02;8.7500000e+01;-6.3906476e-02;8.7500000e+01;-1.0705475e-01;8.7500000e+01;-1.4975546e-01;8.7500000e+01;-1.9177116e-01;8.7500000e+01;-8.0073029e-02;8.7500000e+01;-4.9870562e-02;8.7500000e+01;-1.4039800e-03;8.7500000e+01;6.0277667e-02;8.7500000e+01;1.3280797e-01;8.7500000e+01;1.8714647e-01;8.7500000e+01;2.4213435e-01;8.7500000e+01;2.6661107e-01;8.7500000e+01;2.5276572e-01;8.7500000e+01;2.2026581e-01;8.7500000e+01;1.4401658e-01;8.7500000e+01;7.9382978e-02;8.7500000e+01;2.6050933e-02;8.7500000e+01;-2.0531088e-02;8.7500000e+01;-6.3906476e-02;8.7500000e+01;-1.0705475e-01;8.7500000e+01;-1.4975546e-01;8.7500000e+01;-1.9177116e-01;8.7500000e+01;-8.0073029e-02;8.7500000e+01;-4.9870562e-02;8.7500000e+01;-1.4039800e-03;8.7500000e+01;6.0277667e-02;8.7500000e+01;1.3280797e-01;8.7500000e+01;1.8714647e-01;8.7500000e+01;2.4213435e-01;8.7500000e+01;2.6661107e-01;8.7500000e+01;2.5276572e-01;8.7500000e+01;2.2026581e-01;8.7500000e+01;1.4401658e-01;8.7500000e+01;7.9382978e-02;8.7500000e+01;2.6050933e-02;8.7500000e+01;-2.0531088e-02;8.7500000e+01;-6.3906476e-02;8.7500000e+01;-1.0705475e-01;8.7500000e+01;-1.4975546e-01;8.7500000e+01;-1.9177116e-01;8.7500000e+01;-8.0073029e-02;8.7500000e+01;-4.9870562e-02;8.7500000e+01;-1.4039800e-03;8.7500000e+01;6.0277667e-02;8.7500000e+01;1.3280797e-01;8.7500000e+01;1.8714647e-01;8.7500000e+01;2.4213435e-01;8.7500000e+01;2.6661107e-01;8.7500000e+01;2.5276572e-01;8.7500000e+01;2.2026581e-01;8.7500000e+01;1.4401658e-01;8.7500000e+01;7.9382978e-02;8.7500000e+01;2.6050933e-02;8.7500000e+01;-2.0531088e-02;8.7500000e+01;-6.3906476e-02;8.7500000e+01;-1.0705475e-01;8.7500000e+01;-1.4975546e-01;8.7500000e+01;-1.9177116e-01;8.7500000e+01;-8.0073029e-02;8.7500000e+01;-4.9870562e-02;8.7500000e+01;-1.4039800e-03;8.7500000e+01;6.0277667e-02;8.7500000e+01;1.3280797e-01;8.7500000e+01;1.8714647e-01;8.7500000e+01;2.4213435e-01;8.7500000e+01;2.6661107e-01;8.7500000e+01;2.5276572e-01;8.7500000e+01;2.2026581e-01;8.7500000e+01;1.4401658e-01;8.7500000e+01;7.9382978e-02;8.7500000e+01;2.6050933e-02;8.7500000e+01;-2.0531088e-02;8.7500000e+01;-6.3906476e-02;8.7500000e+01;-1.0705475e-01;8.7500000e+01;-1.4975546e-01;8.7500000e+01;-1.9177116e-01;8.7500000e+01;-8.0073029e-02;8.7500000e+01;-4.9870562e-02;8.7500000e+01;-1.4039800e-03;8.7500000e+01;6.0277667e-02;8.7500000e+01;1.3280797e-01;8.7500000e+01;1.8714647e-01;8.7500000e+01;2.4213435e-01;8.7500000e+01;2.6661107e-01;8.7500000e+01;2.5276572e-01;8.7500000e+01;2.2026581e-01;8.7500000e+01;1.4401658e-01;8.7500000e+01;7.9382978e-02;8.7500000e+01;2.6050933e-02;8.7500000e+01;-2.0531088e-02;8.7500000e+01;-6.3906476e-02;8.7500000e+01;-1.0705475e-01;8.7500000e+01;-1.4975546e-01;8.7500000e+01;-1.9177116e-01;8.7500000e+01;-8.0073029e-02;8.7500000e+01;-4.9870562e-02;8.7500000e+01;-1.4039800e-03;8.7500000e+01;6.0277667e-02;8.7500000e+01;1.3280797e-01;8.7500000e+01;1.8714647e-01;8.7500000e+01;2.4213435e-01;8.7500000e+01;2.6661107e-01;8.7500000e+01;2.5276572e-01;8.7500000e+01;2.2026581e-01;8.7500000e+01;1.4401658e-01;8.7500000e+01;7.9382978e-02;8.7500000e+01;2.6050933e-02;8.7500000e+01;-2.0531088e-02;8.7500000e+01;-6.3906476e-02;8.7500000e+01;-1.0705475e-01;8.7500000e+01;-1.4975546e-01;8.7500000e+01;-1.9177116e-01;8.7500000e+01;-8.0073029e-02;8.7500000e+01;-4.9870562e-02;8.7500000e+01;-1.4039800e-03;8.7500000e+01;6.0277667e-02;8.7500000e+01;1.3280797e-01;8.7500000e+01;1.8714647e-01;8.7500000e+01;2.4213435e-01;8.7500000e+01;2.6661107e-01;8.7500000e+01;2.5276572e-01;8.7500000e+01;2.2026581e-01;8.7500000e+01;1.4401658e-01;8.7500000e+01;7.9382978e-02;8.7500000e+01;2.6050933e-02;8.7500000e+01;-2.0531088e-02;8.7500000e+01;-6.3906476e-02;8.7500000e+01;-1.0705475e-01;8.7500000e+01;-1.4975546e-01;8.7500000e+01;-1.9177116e-01;8.7500000e+01;-8.0073029e-02;8.7500000e+01;-4.9870562e-02;8.7500000e+01;-1.4039800e-03;8.7500000e+01;6.0277667e-02;8.7500000e+01;1.3280797e-01;8.7500000e+01;1.8714647e-01;8.7500000e+01;2.4213435e-01;8.7500000e+01;2.6661107e-01;8.7500000e+01;2.5276572e-01;8.7500000e+01;2.2026581e-01;8.7500000e+01;1.4401658e-01;8.7500000e+01;7.9382978e-02;8.7500000e+01;2.6050933e-02;8.7500000e+01;-2.0531088e-02;8.7500000e+01;-6.3906476e-02;8.7500000e+01;-1.0705475e-01;8.7500000e+01;-1.4975546e-01;8.7500000e+01;-1.9177116e-01;8.7500000e+01;-8.0073029e-02;8.7500000e+01;-4.9870562e-02;8.7500000e+01;-1.4039800e-03;8.7500000e+01;6.0277667e-02;8.7500000e+01;1.3280797e-01;8.7500000e+01;1.8714647e-01;8.7500000e+01;2.4213435e-01;8.7500000e+01;2.6661107e-01;8.7500000e+01;2.5276572e-01;8.7500000e+01;2.2026581e-01;8.7500000e+01;1.4401658e-01;8.7500000e+01;7.9382978e-02;8.7500000e+01;2.6050933e-02;8.7500000e+01;-2.0531088e-02;8.7500000e+01;-6.3906476e-02;8.7500000e+01;-1.0705475e-01;8.7500000e+01;-1.4975546e-01;8.7500000e+01;-1.9177116e-01;8.7500000e+01;-8.0073029e-02;8.7500000e+01;-4.9870562e-02;8.7500000e+01;-1.4039800e-03;8.7500000e+01;6.0277667e-02;8.7500000e+01;1.3280797e-01;8.7500000e+01;1.8714647e-01;8.7500000e+01;2.4213435e-01;8.7500000e+01;2.6661107e-01;8.7500000e+01;2.5276572e-01;8.7500000e+01;2.2026581e-01;8.7500000e+01;1.4401658e-01;8.7500000e+01;7.9382978e-02;8.7500000e+01;2.6050933e-02;8.7500000e+01;-2.0531088e-02;8.7500000e+01;-6.3906476e-02;8.7500000e+01;-1.0705475e-01;8.7500000e+01;-1.4975546e-01;8.7500000e+01;-1.9177116e-01;8.7500000e+01;-8.0073029e-02;8.7500000e+01;-4.9870562e-02;8.7500000e+01;-1.4039800e-03;8.7500000e+01;6.0277667e-02;8.7500000e+01;1.3280797e-01;8.7500000e+01;1.8714647e-01;8.7500000e+01;2.4213435e-01;8.7500000e+01;2.6661107e-01;8.7500000e+01;2.5276572e-01;8.7500000e+01;2.2026581e-01;8.7500000e+01;1.4401658e-01;8.7500000e+01;7.9382978e-02;8.7500000e+01;2.6050933e-02;8.7500000e+01;-2.0531088e-02;8.7500000e+01;-6.3906476e-02;8.7500000e+01;-1.0705475e-01;8.7500000e+01;-1.4975546e-01;8.7500000e+01;-1.9177116e-01;8.7500000e+01;-8.0073029e-02;8.7500000e+01;-4.9870562e-02;8.7500000e+01;-1.4039800e-03;8.7500000e+01;6.0277667e-02;8.7500000e+01;1.3280797e-01;8.7500000e+01;1.8714647e-01;8.7500000e+01;2.4213435e-01;8.7500000e+01;2.6661107e-01;8.7500000e+01;2.5276572e-01;8.7500000e+01;2.2026581e-01;8.7500000e+01;1.4401658e-01;8.7500000e+01;7.9382978e-02;8.7500000e+01;2.6050933e-02;8.7500000e+01;-2.0531088e-02;8.7500000e+01;-6.3906476e-02;8.7500000e+01;-1.0705475e-01;8.7500000e+01;-1.4975546e-01;8.7500000e+01;-1.9177116e-01;8.7500000e+01;-8.0073029e-02;8.7500000e+01;-4.9870562e-02;8.7500000e+01;-1.4039800e-03;8.7500000e+01;6.0277667e-02;8.7500000e+01;1.3280797e-01;8.7500000e+01;1.8714647e-01;8.7500000e+01;2.4213435e-01;8.7500000e+01;2.6661107e-01;8.7500000e+01;2.5276572e-01;8.7500000e+01;2.2026581e-01;8.7500000e+01;1.4401658e-01;8.7500000e+01;7.9382978e-02;8.7500000e+01;2.6050933e-02;8.7500000e+01;-2.0531088e-02;8.7500000e+01;-6.3906476e-02;8.7500000e+01;-1.0705475e-01;8.7500000e+01;-1.4975546e-01;8.7500000e+01;-1.9177116e-01;8.7500000e+01;-8.0073029e-02;8.7500000e+01;-4.9870562e-02;8.7500000e+01;-1.4039800e-03;8.7500000e+01;6.0277667e-02;8.7500000e+01;1.3280797e-01;8.7500000e+01;1.8714647e-01;8.7500000e+01;2.4213435e-01;8.7500000e+01;2.6661107e-01;8.7500000e+01;2.5276572e-01;8.7500000e+01;2.2026581e-01;8.7500000e+01;1.4401658e-01;8.7500000e+01;7.9382978e-02;8.7500000e+01;2.6050933e-02;8.7500000e+01;-2.0531088e-02;8.7500000e+01;-6.3906476e-02;8.7500000e+01;-1.0705475e-01;8.7500000e+01;-1.4975546e-01;8.7500000e+01;-1.9177116e-01;8.7500000e+01;-8.0073029e-02;8.7500000e+01;-4.9870562e-02;8.7500000e+01;-1.4039800e-03;8.7500000e+01;6.0277667e-02;8.7500000e+01;1.3280797e-01;8.7500000e+01;1.8714647e-01;8.7500000e+01;2.4213435e-01;8.7500000e+01;2.6661107e-01;8.7500000e+01;2.5276572e-01;8.7500000e+01;2.2026581e-01;8.7500000e+01;1.4401658e-01;8.7500000e+01;7.9382978e-02;8.7500000e+01;2.6050933e-02;8.7500000e+01;-2.0531088e-02;8.7500000e+01;-6.3906476e-02;8.7500000e+01;-1.0705475e-01;8.7500000e+01;-1.4975546e-01;8.7500000e+01;-1.9177116e-01;8.7500000e+01;-8.0073029e-02;8.7500000e+01;-4.9870562e-02;8.7500000e+01;-1.4039800e-03;8.7500000e+01;6.0277667e-02;8.7500000e+01;1.3280797e-01;8.7500000e+01;1.8714647e-01;8.7500000e+01;2.4213435e-01;8.7500000e+01;2.6661107e-01;8.7500000e+01;2.5276572e-01;8.7500000e+01;2.2026581e-01;8.7500000e+01;1.4401658e-01;8.7500000e+01;7.9382978e-02;8.7500000e+01;2.6050933e-02;8.7500000e+01;-2.0531088e-02;8.7500000e+01;-6.3906476e-02;8.7500000e+01;-1.0705475e-01;8.7500000e+01;-1.4975546e-01;8.7500000e+01;-1.9177116e-01;8.7500000e+01;-8.0073029e-02;8.7500000e+01;-4.9870562e-02;8.7500000e+01;-1.4039800e-03;8.7500000e+01;6.0277667e-02;8.7500000e+01;1.3280797e-01;8.7500000e+01;1.8714647e-01;8.7500000e+01;2.4213435e-01;8.7500000e+01;2.6661107e-01;8.7500000e+01;2.5276572e-01;8.7500000e+01;2.2026581e-01;8.7500000e+01;1.4401658e-01;8.7500000e+01;7.9382978e-02;8.7500000e+01;2.6050933e-02;8.7500000e+01;-2.0531088e-02;8.7500000e+01;-6.3906476e-02;8.7500000e+01;-1.0705475e-01;8.7500000e+01;-1.4975546e-01;8.7500000e+01;-1.9177116e-01;8.7500000e+01;-8.0073029e-02;8.7500000e+01;-4.9870562e-02;8.7500000e+01;-1.4039800e-03;8.7500000e+01;6.0277667e-02;8.7500000e+01;1.3280797e-01;8.7500000e+01;1.8714647e-01;8.7500000e+01;2.4213435e-01;8.7500000e+01;2.6661107e-01;8.7500000e+01;2.5276572e-01;8.7500000e+01;2.2026581e-01;8.7500000e+01;1.4401658e-01;8.7500000e+01;7.9382978e-02;8.7500000e+01;2.6050933e-02;8.7500000e+01;-2.0531088e-02;8.7500000e+01;-6.3906476e-02;8.7500000e+01;-1.0705475e-01;8.7500000e+01;-1.4975546e-01;8.7500000e+01;-1.9177116e-01;8.7500000e+01;-8.0073029e-02;8.7500000e+01;-4.9870562e-02;8.7500000e+01;-1.4039800e-03;8.7500000e+01;6.0277667e-02;8.7500000e+01;1.3280797e-01;8.7500000e+01;1.8714647e-01;8.7500000e+01;2.4213435e-01;8.7500000e+01;2.6661107e-01;8.7500000e+01;2.5276572e-01;8.7500000e+01;2.2026581e-01;8.7500000e+01;1.4401658e-01;8.7500000e+01;7.9382978e-02;8.7500000e+01;2.6050933e-02;8.7500000e+01;-2.0531088e-02;8.7500000e+01;-6.3906476e-02;8.7500000e+01;-1.0705475e-01;8.7500000e+01;-1.4975546e-01;8.7500000e+01;-1.9177116e-01;8.7500000e+01;-8.0073029e-02;8.7500000e+01;-4.9870562e-02;8.7500000e+01;-1.4039800e-03;8.7500000e+01;6.0277667e-02;8.7500000e+01;1.3280797e-01;8.7500000e+01;1.8714647e-01;8.7500000e+01;2.4213435e-01;8.7500000e+01;2.6661107e-01;8.7500000e+01;2.5276572e-01;8.7500000e+01;2.2026581e-01;8.7500000e+01;1.4401658e-01;8.7500000e+01;7.9382978e-02;8.7500000e+01;2.6050933e-02;8.7500000e+01;-2.0531088e-02;8.7500000e+01;-6.3906476e-02;8.7500000e+01;-1.0705475e-01;8.7500000e+01;-1.4975546e-01;8.7500000e+01;-1.9177116e-01;8.7500000e+01;-8.0073029e-02;8.7500000e+01;-4.9870562e-02;8.7500000e+01;-1.4039800e-03;8.7500000e+01;6.0277667e-02;8.7500000e+01;1.3280797e-01;8.7500000e+01;1.8714647e-01;8.7500000e+01;2.4213435e-01;8.7500000e+01;2.6661107e-01;8.7500000e+01;2.5276572e-01;8.7500000e+01;2.2026581e-01;8.7500000e+01;1.4401658e-01;8.7500000e+01;7.9382978e-02;8.7500000e+01;2.6050933e-02;8.7500000e+01;-2.0531088e-02;8.7500000e+01;-6.3906476e-02;8.7500000e+01;-1.0705475e-01;8.7500000e+01;-1.4975546e-01;8.7500000e+01;-1.9177116e-01;8.7500000e+01;-8.0073029e-02;8.7500000e+01;-4.9870562e-02;8.7500000e+01;-1.4039800e-03;8.7500000e+01;6.0277667e-02;8.7500000e+01;1.3280797e-01;8.7500000e+01;1.8714647e-01;8.7500000e+01;2.4213435e-01;8.7500000e+01;2.6661107e-01;8.7500000e+01;2.5276572e-01;8.7500000e+01;2.2026581e-01;8.7500000e+01;1.4401658e-01;8.7500000e+01;7.9382978e-02;8.7500000e+01;2.6050933e-02;8.7500000e+01;-2.0531088e-02;8.7500000e+01;-6.3906476e-02;8.7500000e+01;-1.0705475e-01;8.7500000e+01;-1.4975546e-01;8.7500000e+01;-1.9177116e-01;8.7500000e+01;-8.0073029e-02;8.7500000e+01;-4.9870562e-02;8.7500000e+01;-1.4039800e-03;8.7500000e+01;6.0277667e-02;8.7500000e+01;1.3280797e-01;8.7500000e+01;1.8714647e-01;8.7500000e+01;2.4213435e-01;8.7500000e+01;2.6661107e-01;8.7500000e+01;2.5276572e-01;8.7500000e+01;2.2026581e-01;8.7500000e+01;1.4401658e-01;8.7500000e+01;7.9382978e-02;8.7500000e+01;2.6050933e-02;8.7500000e+01;-2.0531088e-02;8.7500000e+01;-6.3906476e-02;8.7500000e+01;-1.0705475e-01;8.7500000e+01;-1.4975546e-01;8.7500000e+01;-1.9177116e-01;8.7500000e+01;-8.0073029e-02;8.7500000e+01;-4.9870562e-02;8.7500000e+01;-1.4039800e-03;8.7500000e+01;6.0277667e-02;8.7500000e+01;1.3280797e-01;8.7500000e+01;1.8714647e-01;8.7500000e+01;2.4213435e-01;8.7500000e+01;2.6661107e-01;8.7500000e+01;2.5276572e-01;8.7500000e+01;2.2026581e-01;8.7500000e+01;1.4401658e-01;8.7500000e+01;7.9382978e-02;8.7500000e+01;2.6050933e-02;8.7500000e+01;-2.0531088e-02;8.7500000e+01;-6.3906476e-02;8.7500000e+01;-1.0705475e-01;8.7500000e+01;-1.4975546e-01;8.7500000e+01;-1.9177116e-01;8.7500000e+01;-8.0073029e-02;8.7500000e+01;-4.9870562e-02;8.7500000e+01;-1.4039800e-03;8.7500000e+01;6.0277667e-02;8.7500000e+01;1.3280797e-01;8.7500000e+01;1.8714647e-01;8.7500000e+01;2.4213435e-01;8.7500000e+01;2.6661107e-01;8.7500000e+01;2.5276572e-01;8.7500000e+01;2.2026581e-01;8.7500000e+01;1.4401658e-01;8.7500000e+01;7.9382978e-02;8.7500000e+01;2.6050933e-02;8.7500000e+01;-2.0531088e-02;8.7500000e+01;-6.3906476e-02;8.7500000e+01;-1.0705475e-01;8.7500000e+01;-1.4975546e-01;8.7500000e+01;-1.9177116e-01;8.7500000e+01;-8.0073029e-02;8.7500000e+01;-4.9870562e-02;8.7500000e+01;-1.4039800e-03;8.7500000e+01;6.0277667e-02;8.7500000e+01;1.3280797e-01;8.7500000e+01;1.8714647e-01;8.7500000e+01;2.4213435e-01;8.7500000e+01;2.6661107e-01;8.7500000e+01;2.5276572e-01;8.7500000e+01;2.2026581e-01;8.7500000e+01;1.4401658e-01;8.7500000e+01;7.9382978e-02;8.7500000e+01;2.6050933e-02;8.7500000e+01;-2.0531088e-02;8.7500000e+01;-6.3906476e-02;8.7500000e+01;-1.0705475e-01;8.7500000e+01;-1.4975546e-01;8.7500000e+01;-1.9177116e-01;8.7500000e+01;-8.0073029e-02;8.7500000e+01;-4.9870562e-02;8.7500000e+01;-1.4039800e-03;8.7500000e+01;6.0277667e-02;8.7500000e+01;1.3280797e-01;8.7500000e+01;1.8714647e-01;8.7500000e+01;2.4213435e-01;8.7500000e+01;2.6661107e-01;8.7500000e+01;2.5276572e-01;8.7500000e+01;2.2026581e-01;8.7500000e+01;1.4401658e-01;8.7500000e+01;7.9382978e-02;8.7500000e+01;2.6050933e-02;8.7500000e+01;-2.0531088e-02;8.7500000e+01;-6.3906476e-02;8.7500000e+01;-1.0705475e-01;8.7500000e+01;-1.4975546e-01;8.7500000e+01;-1.9177116e-01;8.7500000e+01;-8.0073029e-02;8.7500000e+01;-4.9870562e-02;8.7500000e+01;-1.4039800e-03;8.7500000e+01;6.0277667e-02;8.7500000e+01;1.3280797e-01;8.7500000e+01;1.8714647e-01;8.7500000e+01;2.4213435e-01;8.7500000e+01;2.6661107e-01;8.7500000e+01;2.5276572e-01;8.7500000e+01;2.2026581e-01;8.7500000e+01;1.4401658e-01;8.7500000e+01;7.9382978e-02;8.7500000e+01;2.6050933e-02;8.7500000e+01;-2.0531088e-02;8.7500000e+01;-6.3906476e-02;8.7500000e+01;-1.0705475e-01;8.7500000e+01;-1.4975546e-01;8.7500000e+01;-1.9177116e-01;8.7500000e+01;-8.0073029e-02;8.7500000e+01;-4.9870562e-02;8.7500000e+01;-1.4039800e-03;8.7500000e+01;6.0277667e-02;8.7500000e+01;1.3280797e-01;8.7500000e+01;1.8714647e-01;8.7500000e+01;2.4213435e-01;8.7500000e+01;2.6661107e-01;8.7500000e+01;2.5276572e-01;8.7500000e+01;2.2026581e-01;8.7500000e+01;1.4401658e-01;8.7500000e+01;7.9382978e-02;8.7500000e+01;2.6050933e-02;8.7500000e+01;-2.0531088e-02;8.7500000e+01;-6.3906476e-02;8.7500000e+01;-1.0705475e-01;8.7500000e+01;-1.4975546e-01;8.7500000e+01;-1.9177116e-01;8.7500000e+01;-8.0073029e-02;8.7500000e+01;-4.9870562e-02;8.7500000e+01;-1.4039800e-03;8.7500000e+01;6.0277667e-02;8.7500000e+01;1.3280797e-01;8.7500000e+01;1.8714647e-01;8.7500000e+01;2.4213435e-01;8.7500000e+01;2.6661107e-01;8.7500000e+01;2.5276572e-01;8.7500000e+01;2.2026581e-01;8.7500000e+01;1.4401658e-01;8.7500000e+01;7.9382978e-02;8.7500000e+01;2.6050933e-02;8.7500000e+01;-2.0531088e-02;8.7500000e+01;-6.3906476e-02;8.7500000e+01;-1.0705475e-01;8.7500000e+01;-1.4975546e-01;8.7500000e+01;-1.9177116e-01;8.7500000e+01;-8.0073029e-02;8.7500000e+01;-4.9870562e-02;8.7500000e+01;-1.4039800e-03;8.7500000e+01;6.0277667e-02;8.7500000e+01;1.3280797e-01;8.7500000e+01;1.8714647e-01;8.7500000e+01;2.4213435e-01;8.7500000e+01;2.6661107e-01;8.7500000e+01;2.5276572e-01;8.7500000e+01;2.2026581e-01;8.7500000e+01;1.4401658e-01;8.7500000e+01;7.9382978e-02;8.7500000e+01;2.6050933e-02;8.7500000e+01;-2.0531088e-02;8.7500000e+01;-6.3906476e-02;8.7500000e+01;-1.0705475e-01;8.7500000e+01;-1.4975546e-01;8.7500000e+01;-1.9177116e-01;8.7500000e+01;-8.0073029e-02;8.7500000e+01;-4.9870562e-02;8.7500000e+01;-1.4039800e-03;8.7500000e+01;6.0277667e-02;8.7500000e+01;1.3280797e-01;8.7500000e+01;1.8714647e-01;8.7500000e+01;2.4213435e-01;8.7500000e+01;2.6661107e-01;8.7500000e+01;2.5276572e-01;8.7500000e+01;2.2026581e-01;8.7500000e+01;1.4401658e-01;8.7500000e+01;7.9382978e-02;8.7500000e+01;2.6050933e-02;8.7500000e+01;-2.0531088e-02;8.7500000e+01;-6.3906476e-02;8.7500000e+01;-1.0705475e-01;8.7500000e+01;-1.4975546e-01;8.7500000e+01;-1.9177116e-01;8.7500000e+01;-8.0073029e-02;8.7500000e+01;-4.9870562e-02;8.7500000e+01;-1.4039800e-03;8.7500000e+01;6.0277667e-02;8.7500000e+01;1.3280797e-01;8.7500000e+01;1.8714647e-01;8.7500000e+01;2.4213435e-01;8.7500000e+01;2.6661107e-01;8.7500000e+01;2.5276572e-01;8.7500000e+01;2.2026581e-01;8.7500000e+01;1.4401658e-01;8.7500000e+01;7.9382978e-02;8.7500000e+01;2.6050933e-02;8.7500000e+01;-2.0531088e-02;8.7500000e+01;-6.3906476e-02;8.7500000e+01;-1.0705475e-01;8.7500000e+01;-1.4975546e-01;8.7500000e+01;-1.9177116e-01;8.7500000e+01;-8.0073029e-02;8.7500000e+01;-4.9870562e-02;8.7500000e+01;-1.4039800e-03;8.7500000e+01;6.0277667e-02;8.7500000e+01;1.3280797e-01;8.7500000e+01;1.8714647e-01;8.7500000e+01;2.4213435e-01;8.7500000e+01;2.6661107e-01;8.7500000e+01;2.5276572e-01;8.7500000e+01;2.2026581e-01;8.7500000e+01;1.4401658e-01;8.7500000e+01;7.9382978e-02;8.7500000e+01;2.6050933e-02;8.7500000e+01;-2.0531088e-02;8.7500000e+01;-6.3906476e-02;8.7500000e+01;-1.0705475e-01;8.7500000e+01;-1.4975546e-01;8.7500000e+01;-1.9177116e-01;8.7500000e+01;-8.0073029e-02;8.7500000e+01;-4.9870562e-02;8.7500000e+01;-1.4039800e-03;8.7500000e+01;6.0277667e-02;8.7500000e+01;1.3280797e-01;8.7500000e+01;1.8714647e-01;8.7500000e+01;2.4213435e-01;8.7500000e+01;2.6661107e-01;8.7500000e+01;2.5276572e-01;8.7500000e+01;2.2026581e-01;8.7500000e+01;1.4401658e-01;8.7500000e+01;7.9382978e-02;8.7500000e+01;2.6050933e-02;8.7500000e+01;-2.0531088e-02;8.7500000e+01;-6.3906476e-02;8.7500000e+01;-1.0705475e-01;8.7500000e+01;-1.4975546e-01;8.7500000e+01;-1.9177116e-01;8.7500000e+01;-8.0073029e-02;8.7500000e+01;-4.9870562e-02;8.7500000e+01;-1.4039800e-03;8.7500000e+01;6.0277667e-02;8.7500000e+01;1.3280797e-01;8.7500000e+01;1.8714647e-01;8.7500000e+01;2.4213435e-01;8.7500000e+01;2.6661107e-01;8.7500000e+01;2.5276572e-01;8.7500000e+01;2.2026581e-01;8.7500000e+01;1.4401658e-01;8.7500000e+01;7.9382978e-02;8.7500000e+01;2.6050933e-02;8.7500000e+01;-2.0531088e-02;8.7500000e+01;-6.3906476e-02;8.7500000e+01;-1.0705475e-01;8.7500000e+01;-1.4975546e-01;8.7500000e+01;-1.9177116e-01;8.7500000e+01;-8.0073029e-02;8.7500000e+01;-4.9870562e-02;8.7500000e+01;-1.4039800e-03;8.7500000e+01;6.0277667e-02;8.7500000e+01;1.3280797e-01;8.7500000e+01;1.8714647e-01;8.7500000e+01;2.4213435e-01;8.7500000e+01;2.6661107e-01;8.7500000e+01;2.5276572e-01;8.7500000e+01;2.2026581e-01;8.7500000e+01;1.4401658e-01;8.7500000e+01;7.9382978e-02;8.7500000e+01;2.6050933e-02;8.7500000e+01;-2.0531088e-02;8.7500000e+01;-6.3906476e-02;8.7500000e+01;-1.0705475e-01;8.7500000e+01;-1.4975546e-01;8.7500000e+01;-1.9177116e-01;8.7500000e+01;-8.0073029e-02;8.7500000e+01;-4.9870562e-02;8.7500000e+01;-1.4039800e-03;8.7500000e+01;6.0277667e-02;8.7500000e+01;1.3280797e-01;8.7500000e+01;1.8714647e-01;8.7500000e+01;2.4213435e-01;8.7500000e+01;2.6661107e-01;8.7500000e+01;2.5276572e-01;8.7500000e+01;2.2026581e-01;8.7500000e+01;1.4401658e-01;8.7500000e+01;7.9382978e-02;8.7500000e+01;2.6050933e-02;8.7500000e+01;-2.0531088e-02;8.7500000e+01;-6.3906476e-02;8.7500000e+01;-1.0705475e-01;8.7500000e+01;-1.4975546e-01;8.7500000e+01;-1.9177116e-01;8.7500000e+01;-8.0073029e-02;8.7500000e+01;-4.9870562e-02;8.7500000e+01;-1.4039800e-03;8.7500000e+01;6.0277667e-02;8.7500000e+01;1.3280797e-01;8.7500000e+01;1.8714647e-01;8.7500000e+01;2.4213435e-01;8.7500000e+01;2.6661107e-01;8.7500000e+01;2.5276572e-01;8.7500000e+01;2.2026581e-01;8.7500000e+01;1.4401658e-01;8.7500000e+01;7.9382978e-02;8.7500000e+01;2.6050933e-02;8.7500000e+01;-2.0531088e-02;8.7500000e+01;-6.3906476e-02;8.7500000e+01;-1.0705475e-01;8.7500000e+01;-1.4975546e-01;8.7500000e+01;-1.9177116e-01;8.7500000e+01;-8.0073029e-02;8.7500000e+01;-4.9870562e-02;8.7500000e+01;-1.4039800e-03;8.7500000e+01;6.0277667e-02;8.7500000e+01;1.3280797e-01;8.7500000e+01;1.8714647e-01;8.7500000e+01;2.4213435e-01;8.7500000e+01;2.6661107e-01;8.7500000e+01;2.5276572e-01;8.7500000e+01;2.2026581e-01;8.7500000e+01;1.4401658e-01;8.7500000e+01;7.9382978e-02;8.7500000e+01;2.6050933e-02;8.7500000e+01;-2.0531088e-02;8.7500000e+01;-6.3906476e-02;8.7500000e+01;-1.0705475e-01;8.7500000e+01;-1.4975546e-01;8.7500000e+01;-1.9177116e-01;8.7500000e+01;-8.0073029e-02;8.7500000e+01;-4.9870562e-02;8.7500000e+01;-1.4039800e-03;8.7500000e+01;6.0277667e-02;8.7500000e+01;1.3280797e-01;8.7500000e+01;1.8714647e-01;8.7500000e+01;2.4213435e-01;8.7500000e+01;2.6661107e-01;8.7500000e+01;2.5276572e-01;8.7500000e+01;2.2026581e-01;8.7500000e+01;1.4401658e-01;8.7500000e+01;7.9382978e-02;8.7500000e+01;2.6050933e-02;8.7500000e+01;-2.0531088e-02;8.7500000e+01;-6.3906476e-02;8.7500000e+01;-1.0705475e-01;8.7500000e+01;-1.4975546e-01;8.7500000e+01;-1.9177116e-01;8.7500000e+01;-8.0073029e-02;8.7500000e+01;-4.9870562e-02;8.7500000e+01;-1.4039800e-03;8.7500000e+01;6.0277667e-02;8.7500000e+01;1.3280797e-01;8.7500000e+01;1.8714647e-01;8.7500000e+01;2.4213435e-01;8.7500000e+01;2.6661107e-01;8.7500000e+01;2.5276572e-01;8.7500000e+01;2.2026581e-01;8.7500000e+01;1.4401658e-01;8.7500000e+01;7.9382978e-02;8.7500000e+01;2.6050933e-02;8.7500000e+01;-2.0531088e-02;8.7500000e+01;-6.3906476e-02;8.7500000e+01;-1.0705475e-01;8.7500000e+01;-1.4975546e-01;8.7500000e+01;-1.9177116e-01;8.7500000e+01;-8.0073029e-02;8.7500000e+01;-4.9870562e-02;8.7500000e+01;-1.4039800e-03;8.7500000e+01;6.0277667e-02;8.7500000e+01;1.3280797e-01;8.7500000e+01;1.8714647e-01;8.7500000e+01;2.4213435e-01;8.7500000e+01;2.6661107e-01;8.7500000e+01;2.5276572e-01;8.7500000e+01;2.2026581e-01;8.7500000e+01;1.4401658e-01;8.7500000e+01;7.9382978e-02;8.7500000e+01;2.6050933e-02;8.7500000e+01;-2.0531088e-02;8.7500000e+01;-6.3906476e-02;8.7500000e+01;-1.0705475e-01;8.7500000e+01;-1.4975546e-01;8.7500000e+01;-1.9177116e-01;8.7500000e+01;-8.0073029e-02;8.7500000e+01;-4.9870562e-02;8.7500000e+01;-1.4039800e-03;8.7500000e+01;6.0277667e-02;8.7500000e+01;1.3280797e-01;8.7500000e+01;1.8714647e-01;8.7500000e+01;2.4213435e-01;8.7500000e+01;2.6661107e-01;8.7500000e+01;2.5276572e-01;8.7500000e+01;2.2026581e-01;8.7500000e+01;1.4401658e-01;8.7500000e+01;7.9382978e-02;8.7500000e+01;2.6050933e-02;8.7500000e+01;-2.0531088e-02;8.7500000e+01;-6.3906476e-02;8.7500000e+01;-1.0705475e-01;8.7500000e+01;-1.4975546e-01;8.7500000e+01;-1.9177116e-01;8.7500000e+01;-8.0073029e-02;8.7500000e+01;-4.9870562e-02;8.7500000e+01;-1.4039800e-03;8.7500000e+01;6.0277667e-02;8.7500000e+01;1.3280797e-01;8.7500000e+01;1.8714647e-01;8.7500000e+01;2.4213435e-01;8.7500000e+01;2.6661107e-01;8.7500000e+01;2.5276572e-01;8.7500000e+01;2.2026581e-01;8.7500000e+01;1.4401658e-01;8.7500000e+01;7.9382978e-02;8.7500000e+01;2.6050933e-02;8.7500000e+01;-2.0531088e-02;8.7500000e+01;-6.3906476e-02;8.7500000e+01;-1.0705475e-01;8.7500000e+01;-1.4975546e-01;8.7500000e+01;-1.9177116e-01;8.7500000e+01;-8.0073029e-02;8.7500000e+01;-4.9870562e-02;8.7500000e+01;-1.4039800e-03;8.7500000e+01;6.0277667e-02;8.7500000e+01;1.3280797e-01;8.7500000e+01;1.8714647e-01;8.7500000e+01;2.4213435e-01;8.7500000e+01;2.6661107e-01;8.7500000e+01;2.5276572e-01;8.7500000e+01;2.2026581e-01;8.7500000e+01;1.4401658e-01;8.7500000e+01;7.9382978e-02;8.7500000e+01;2.6050933e-02;8.7500000e+01;-2.0531088e-02;8.7500000e+01;-6.3906476e-02;8.7500000e+01;-1.0705475e-01;8.7500000e+01;-1.4975546e-01;8.7500000e+01;-1.9177116e-01;8.7500000e+01;-8.0073029e-02;8.7500000e+01;-4.9870562e-02;8.7500000e+01;-1.4039800e-03;8.7500000e+01;6.0277667e-02;8.7500000e+01;1.3280797e-01;8.7500000e+01;1.8714647e-01;8.7500000e+01;2.4213435e-01;8.7500000e+01;2.6661107e-01;8.7500000e+01;2.5276572e-01;8.7500000e+01;2.2026581e-01;8.7500000e+01;1.4401658e-01;8.7500000e+01;7.9382978e-02;8.7500000e+01;2.6050933e-02;8.7500000e+01;-2.0531088e-02;8.7500000e+01;-6.3906476e-02;8.7500000e+01;-1.0705475e-01;8.7500000e+01;-1.4975546e-01;8.7500000e+01;-1.9177116e-01;8.7500000e+01;-8.0073029e-02;8.7500000e+01;-4.9870562e-02;8.7500000e+01;-1.4039800e-03;8.7500000e+01;6.0277667e-02;8.7500000e+01;1.3280797e-01;8.7500000e+01;1.8714647e-01;8.7500000e+01;2.4213435e-01;8.7500000e+01;2.6661107e-01;8.7500000e+01;2.5276572e-01;8.7500000e+01;2.2026581e-01;8.7500000e+01;1.4401658e-01;8.7500000e+01;7.9382978e-02;8.7500000e+01;2.6050933e-02;8.7500000e+01;-2.0531088e-02;8.7500000e+01;-6.3906476e-02;8.7500000e+01;-1.0705475e-01;8.7500000e+01;-1.4975546e-01;8.7500000e+01;-1.9177116e-01;8.7500000e+01;-8.0073029e-02;8.7500000e+01;-4.9870562e-02;8.7500000e+01;-1.4039800e-03;8.7500000e+01;6.0277667e-02;8.7500000e+01;1.3280797e-01;8.7500000e+01;1.8714647e-01;8.7500000e+01;2.4213435e-01;8.7500000e+01;2.6661107e-01;8.7500000e+01;2.5276572e-01;8.7500000e+01;2.2026581e-01;8.7500000e+01;1.4401658e-01;8.7500000e+01;7.9382978e-02;8.7500000e+01;2.6050933e-02;8.7500000e+01;-2.0531088e-02;8.7500000e+01;-6.3906476e-02;8.7500000e+01;-1.0705475e-01;8.7500000e+01;-1.4975546e-01;8.7500000e+01;-1.9177116e-01;8.7500000e+01;-8.0073029e-02;8.7500000e+01;-4.9870562e-02;8.7500000e+01;-1.4039800e-03;8.7500000e+01;6.0277667e-02;8.7500000e+01;1.3280797e-01;8.7500000e+01;1.8714647e-01;8.7500000e+01;2.4213435e-01;8.7500000e+01;2.6661107e-01;8.7500000e+01;2.5276572e-01;8.7500000e+01;2.2026581e-01;8.7500000e+01;1.4401658e-01;8.7500000e+01;7.9382978e-02;8.7500000e+01;2.6050933e-02;8.7500000e+01;-2.0531088e-02;8.7500000e+01;-6.3906476e-02;8.7500000e+01;-1.0705475e-01;8.7500000e+01;-1.4975546e-01;8.7500000e+01;-1.9177116e-01;8.7500000e+01;-8.0073029e-02;8.7500000e+01;-4.9870562e-02;8.7500000e+01;-1.4039800e-03;8.7500000e+01;6.0277667e-02;8.7500000e+01;1.3280797e-01;8.7500000e+01;1.8714647e-01;8.7500000e+01;2.4213435e-01;8.7500000e+01;2.6661107e-01;8.7500000e+01;2.5276572e-01;8.7500000e+01;2.2026581e-01;8.7500000e+01;1.4401658e-01;8.7500000e+01;7.9382978e-02;8.7500000e+01;2.6050933e-02;8.7500000e+01;-2.0531088e-02;8.7500000e+01;-6.3906476e-02;8.7500000e+01;-1.0705475e-01;8.7500000e+01;-1.4975546e-01;8.7500000e+01;-1.9177116e-01;8.7500000e+01;-8.0073029e-02;8.7500000e+01;-4.9870562e-02;8.7500000e+01;-1.4039800e-03;8.7500000e+01;6.0277667e-02;8.7500000e+01;1.3280797e-01;8.7500000e+01;1.8714647e-01;8.7500000e+01;2.4213435e-01;8.7500000e+01;2.6661107e-01;8.7500000e+01;2.5276572e-01;8.7500000e+01;2.2026581e-01;8.7500000e+01;1.4401658e-01;8.7500000e+01;7.9382978e-02;8.7500000e+01;2.6050933e-02;8.7500000e+01;-2.0531088e-02;8.7500000e+01;-6.3906476e-02;8.7500000e+01;-1.0705475e-01;8.7500000e+01;-1.4975546e-01;8.7500000e+01;-1.9177116e-01;8.7500000e+01;-8.0073029e-02;8.7500000e+01;-4.9870562e-02;8.7500000e+01;-1.4039800e-03;8.7500000e+01;6.0277667e-02;8.7500000e+01;1.3280797e-01;8.7500000e+01;1.8714647e-01;8.7500000e+01;2.4213435e-01;8.7500000e+01;2.6661107e-01;8.7500000e+01;2.5276572e-01;8.7500000e+01;2.2026581e-01;8.7500000e+01;1.4401658e-01;8.7500000e+01;7.9382978e-02;8.7500000e+01;2.6050933e-02;8.7500000e+01;-2.0531088e-02;8.7500000e+01;-6.3906476e-02;8.7500000e+01;-1.0705475e-01;8.7500000e+01;-1.4975546e-01;8.7500000e+01;-1.9177116e-01;8.7500000e+01;-8.0073029e-02;8.7500000e+01;-4.9870562e-02;8.7500000e+01;-1.4039800e-03;8.7500000e+01;6.0277667e-02;8.7500000e+01;1.3280797e-01;8.7500000e+01;1.8714647e-01;8.7500000e+01;2.4213435e-01;8.7500000e+01;2.6661107e-01;8.7500000e+01;2.5276572e-01;8.7500000e+01;2.2026581e-01;8.7500000e+01;1.4401658e-01;8.7500000e+01;7.9382978e-02;8.7500000e+01;2.6050933e-02;8.7500000e+01;-2.0531088e-02;8.7500000e+01;-6.3906476e-02;8.7500000e+01;-1.0705475e-01;8.7500000e+01;-1.4975546e-01;8.7500000e+01;-1.9177116e-01;8.7500000e+01;-8.0073029e-02;8.7500000e+01;-4.9870562e-02;8.7500000e+01;-1.4039800e-03;8.7500000e+01;6.0277667e-02;8.7500000e+01;1.3280797e-01;8.7500000e+01;1.8714647e-01;8.7500000e+01;2.4213435e-01;8.7500000e+01;2.6661107e-01;8.7500000e+01;2.5276572e-01;8.7500000e+01;2.2026581e-01;8.7500000e+01;1.4401658e-01;8.7500000e+01;7.9382978e-02;8.7500000e+01;2.6050933e-02;8.7500000e+01;-2.0531088e-02;8.7500000e+01;-6.3906476e-02;8.7500000e+01;-1.0705475e-01;8.7500000e+01;-1.4975546e-01;8.7500000e+01;-1.9177116e-01;8.7500000e+01;-8.0073029e-02;8.7500000e+01;-4.9870562e-02;8.7500000e+01;-1.4039800e-03;8.7500000e+01;6.0277667e-02;8.7500000e+01;1.3280797e-01;8.7500000e+01;1.8714647e-01;8.7500000e+01;2.4213435e-01;8.7500000e+01;2.6661107e-01;8.7500000e+01;2.5276572e-01;8.7500000e+01;2.2026581e-01;8.7500000e+01;1.4401658e-01;8.7500000e+01;7.9382978e-02;8.7500000e+01;2.6050933e-02;8.7500000e+01;-2.0531088e-02;8.7500000e+01;-6.3906476e-02;8.7500000e+01;-1.0705475e-01;8.7500000e+01;-1.4975546e-01;8.7500000e+01;-1.9177116e-01;8.7500000e+01;-8.0073029e-02;8.7500000e+01;-4.9870562e-02;8.7500000e+01;-1.4039800e-03;8.7500000e+01;6.0277667e-02;8.7500000e+01;1.3280797e-01;8.7500000e+01;1.8714647e-01;8.7500000e+01;2.4213435e-01;8.7500000e+01;2.6661107e-01;8.7500000e+01;2.5276572e-01;8.7500000e+01;2.2026581e-01;8.7500000e+01;1.4401658e-01;8.7500000e+01;7.9382978e-02;8.7500000e+01;2.6050933e-02;8.7500000e+01;-2.0531088e-02;8.7500000e+01;-6.3906476e-02;8.7500000e+01;-1.0705475e-01;8.7500000e+01;-1.4975546e-01;8.7500000e+01;-1.9177116e-01;8.7500000e+01;-8.0073029e-02;8.7500000e+01;-4.9870562e-02;8.7500000e+01;-1.4039800e-03;8.7500000e+01;6.0277667e-02;8.7500000e+01;1.3280797e-01;8.7500000e+01;1.8714647e-01;8.7500000e+01;2.4213435e-01;8.7500000e+01;2.6661107e-01;8.7500000e+01;2.5276572e-01;8.7500000e+01;2.2026581e-01;8.7500000e+01;1.4401658e-01;8.7500000e+01;7.9382978e-02;8.7500000e+01;2.6050933e-02;8.7500000e+01;-2.0531088e-02;8.7500000e+01;-6.3906476e-02;8.7500000e+01;-1.0705475e-01;8.7500000e+01;-1.4975546e-01;8.7500000e+01;-1.9177116e-01;8.7500000e+01;-8.0073029e-02;8.7500000e+01;-4.9870562e-02;8.7500000e+01;-1.4039800e-03;8.7500000e+01;6.0277667e-02;8.7500000e+01;1.3280797e-01;8.7500000e+01;1.8714647e-01;8.7500000e+01;2.4213435e-01;8.7500000e+01;2.6661107e-01;8.7500000e+01;2.5276572e-01;8.7500000e+01;2.2026581e-01;8.7500000e+01;1.4401658e-01;8.7500000e+01;7.9382978e-02;8.7500000e+01;2.6050933e-02;8.7500000e+01;-2.0531088e-02;8.7500000e+01;-6.3906476e-02;8.7500000e+01;-1.0705475e-01;8.7500000e+01;-1.4975546e-01;8.7500000e+01;-1.9177116e-01;8.7500000e+01;-8.0073029e-02;8.7500000e+01;-4.9870562e-02;8.7500000e+01;-1.4039800e-03;8.7500000e+01;6.0277667e-02;8.7500000e+01;1.3280797e-01;8.7500000e+01;1.8714647e-01;8.7500000e+01;2.4213435e-01;8.7500000e+01;2.6661107e-01;8.7500000e+01;2.5276572e-01;8.7500000e+01;2.2026581e-01;8.7500000e+01;1.4401658e-01;8.7500000e+01;7.9382978e-02;8.7500000e+01;2.6050933e-02;8.7500000e+01;-2.0531088e-02;8.7500000e+01;-6.3906476e-02;8.7500000e+01;-1.0705475e-01;8.7500000e+01;-1.4975546e-01;8.7500000e+01;-1.9177116e-01;8.7500000e+01;-8.0073029e-02;8.7500000e+01;-4.9870562e-02;8.7500000e+01;-1.4039800e-03;8.7500000e+01;6.0277667e-02;8.7500000e+01;1.3280797e-01;8.7500000e+01;1.8714647e-01;8.7500000e+01;2.4213435e-01;8.7500000e+01;2.6661107e-01;8.7500000e+01;2.5276572e-01;8.7500000e+01;2.2026581e-01;8.7500000e+01;1.4401658e-01;8.7500000e+01;7.9382978e-02;8.7500000e+01;2.6050933e-02;8.7500000e+01;-2.0531088e-02;8.7500000e+01;-6.3906476e-02;8.7500000e+01;-1.0705475e-01;8.7500000e+01;-1.4975546e-01;8.7500000e+01;-1.9177116e-01;8.7500000e+01;-8.0073029e-02;8.7500000e+01;-4.9870562e-02;8.7500000e+01;-1.4039800e-03;8.7500000e+01;6.0277667e-02;8.7500000e+01;1.3280797e-01;8.7500000e+01;1.8714647e-01;8.7500000e+01;2.4213435e-01;8.7500000e+01;2.6661107e-01;8.7500000e+01;2.5276572e-01;8.7500000e+01;2.2026581e-01;8.7500000e+01;1.4401658e-01;8.7500000e+01;7.9382978e-02;8.7500000e+01;2.6050933e-02;8.7500000e+01;-2.0531088e-02;8.7500000e+01;-6.3906476e-02;8.7500000e+01;-1.0705475e-01;8.7500000e+01;-1.4975546e-01;8.7500000e+01;-1.9177116e-01;8.7500000e+01;-8.0073029e-02;8.7500000e+01;-4.9870562e-02;8.7500000e+01;-1.4039800e-03;8.7500000e+01;6.0277667e-02;8.7500000e+01;1.3280797e-01;8.7500000e+01;1.8714647e-01;8.7500000e+01;2.4213435e-01;8.7500000e+01;2.6661107e-01;8.7500000e+01;2.5276572e-01;8.7500000e+01;2.2026581e-01;8.7500000e+01;1.4401658e-01;8.7500000e+01;7.9382978e-02;8.7500000e+01;2.6050933e-02;8.7500000e+01;-2.0531088e-02;8.7500000e+01;-6.3906476e-02;8.7500000e+01;-1.0705475e-01;8.7500000e+01;-1.4975546e-01;8.7500000e+01;-1.9177116e-01;8.7500000e+01;-8.0073029e-02;8.7500000e+01;-4.9870562e-02;8.7500000e+01;-1.4039800e-03;8.7500000e+01;6.0277667e-02;8.7500000e+01;1.3280797e-01;8.7500000e+01;1.8714647e-01;8.7500000e+01;2.4213435e-01;8.7500000e+01;2.6661107e-01;8.7500000e+01;2.5276572e-01;8.7500000e+01;2.2026581e-01;8.7500000e+01;1.4401658e-01;8.7500000e+01;7.9382978e-02;8.7500000e+01;2.6050933e-02;8.7500000e+01;-2.0531088e-02;8.7500000e+01;-6.3906476e-02;8.7500000e+01;-1.0705475e-01;8.7500000e+01;-1.4975546e-01;8.7500000e+01;-1.9177116e-01;8.7500000e+01;-8.0073029e-02;8.7500000e+01;-4.9870562e-02;8.7500000e+01;-1.4039800e-03;8.7500000e+01;6.0277667e-02;8.7500000e+01;1.3280797e-01;8.7500000e+01;1.8714647e-01;8.7500000e+01;2.4213435e-01;8.7500000e+01;2.6661107e-01;8.7500000e+01;2.5276572e-01;8.7500000e+01;2.2026581e-01;8.7500000e+01;1.4401658e-01;8.7500000e+01;7.9382978e-02;8.7500000e+01;2.6050933e-02;8.7500000e+01;-2.0531088e-02;8.7500000e+01;-6.3906476e-02;8.7500000e+01;-1.0705475e-01;8.7500000e+01;-1.4975546e-01;8.7500000e+01;-1.9177116e-01;8.7500000e+01;-8.0073029e-02;8.7500000e+01;-4.9870562e-02;8.7500000e+01;-1.4039800e-03;8.7500000e+01;6.0277667e-02;8.7500000e+01;1.3280797e-01;8.7500000e+01;1.8714647e-01;8.7500000e+01;2.4213435e-01;8.7500000e+01;2.6661107e-01;8.7500000e+01;2.5276572e-01;8.7500000e+01;2.2026581e-01;8.7500000e+01;1.4401658e-01;8.7500000e+01;7.9382978e-02;8.7500000e+01;2.6050933e-02;8.7500000e+01;-2.0531088e-02;8.7500000e+01;-6.3906476e-02;8.7500000e+01;-1.0705475e-01;8.7500000e+01;-1.4975546e-01;8.7500000e+01;-1.9177116e-01;8.7500000e+01;-8.0073029e-02;8.7500000e+01;-4.9870562e-02;8.7500000e+01;-1.4039800e-03;8.7500000e+01;6.0277667e-02;8.7500000e+01;1.3280797e-01;8.7500000e+01;1.8714647e-01;8.7500000e+01;2.4213435e-01;8.7500000e+01;2.6661107e-01;8.7500000e+01;2.5276572e-01;8.7500000e+01;2.2026581e-01;8.7500000e+01;1.4401658e-01;8.7500000e+01;7.9382978e-02;8.7500000e+01;2.6050933e-02;8.7500000e+01;-2.0531088e-02;8.7500000e+01;-6.3906476e-02;8.7500000e+01;-1.0705475e-01;8.7500000e+01;-1.4975546e-01;8.7500000e+01;-1.9177116e-01;8.7500000e+01;-8.0073029e-02;8.7500000e+01;-4.9870562e-02;8.7500000e+01;-1.4039800e-03;8.7500000e+01;6.0277667e-02;8.7500000e+01;1.3280797e-01;8.7500000e+01;1.8714647e-01;8.7500000e+01;2.4213435e-01;8.7500000e+01;2.6661107e-01;8.7500000e+01;2.5276572e-01;8.7500000e+01;2.2026581e-01;8.7500000e+01;1.4401658e-01;8.7500000e+01;7.9382978e-02;8.7500000e+01;2.6050933e-02;8.7500000e+01;-2.0531088e-02;8.7500000e+01;-6.3906476e-02;8.7500000e+01;-1.0705475e-01;8.7500000e+01;-1.4975546e-01;8.7500000e+01;-1.9177116e-01;8.7500000e+01;-8.0073029e-02;8.7500000e+01;-4.9870562e-02;8.7500000e+01;-1.4039800e-03;8.7500000e+01;6.0277667e-02;8.7500000e+01;1.3280797e-01;8.7500000e+01;1.8714647e-01;8.7500000e+01;2.4213435e-01;8.7500000e+01;2.6661107e-01;8.7500000e+01;2.5276572e-01;8.7500000e+01;2.2026581e-01;8.7500000e+01;1.4401658e-01;8.7500000e+01;7.9382978e-02;8.7500000e+01;2.6050933e-02;8.7500000e+01;-2.0531088e-02;8.7500000e+01;-6.3906476e-02;8.7500000e+01;-1.0705475e-01;8.7500000e+01;-1.4975546e-01;8.7500000e+01;-1.9177116e-01;8.7500000e+01;-8.0073029e-02;8.7500000e+01;-4.9870562e-02;8.7500000e+01;-1.4039800e-03;8.7500000e+01;6.0277667e-02;8.7500000e+01;1.3280797e-01;8.7500000e+01;1.8714647e-01;8.7500000e+01;2.4213435e-01;8.7500000e+01;2.6661107e-01;8.7500000e+01;2.5276572e-01;8.7500000e+01;2.2026581e-01;8.7500000e+01;1.4401658e-01;8.7500000e+01;7.9382978e-02;8.7500000e+01;2.6050933e-02;8.7500000e+01;-2.0531088e-02;8.7500000e+01;-6.3906476e-02;8.7500000e+01;-1.0705475e-01;8.7500000e+01;-1.4975546e-01;8.7500000e+01;-1.9177116e-01;8.7500000e+01;-8.0073029e-02;8.7500000e+01;-4.9870562e-02;8.7500000e+01;-1.4039800e-03;8.7500000e+01;6.0277667e-02;8.7500000e+01;1.3280797e-01;8.7500000e+01;1.8714647e-01;8.7500000e+01;2.4213435e-01;8.7500000e+01;2.6661107e-01;8.7500000e+01;2.5276572e-01;8.7500000e+01;2.2026581e-01;8.7500000e+01;1.4401658e-01;8.7500000e+01;7.9382978e-02;8.7500000e+01;2.6050933e-02;8.7500000e+01;-2.0531088e-02;8.7500000e+01;-6.3906476e-02;8.7500000e+01;-1.0705475e-01;8.7500000e+01;-1.4975546e-01;8.7500000e+01;-1.9177116e-01;8.7500000e+01;-8.0073029e-02;8.7500000e+01;-4.9870562e-02;8.7500000e+01;-1.4039800e-03;8.7500000e+01;6.0277667e-02;8.7500000e+01;1.3280797e-01;8.7500000e+01;1.8714647e-01;8.7500000e+01;2.4213435e-01;8.7500000e+01;2.6661107e-01;8.7500000e+01;2.5276572e-01;8.7500000e+01;2.2026581e-01;8.7500000e+01;1.4401658e-01;8.7500000e+01;7.9382978e-02;8.7500000e+01;2.6050933e-02;8.7500000e+01;-2.0531088e-02;8.7500000e+01;-6.3906476e-02;8.7500000e+01;-1.0705475e-01;8.7500000e+01;-1.4975546e-01;8.7500000e+01;-1.9177116e-01;8.7500000e+01;-8.0073029e-02;8.7500000e+01;-4.9870562e-02;8.7500000e+01;-1.4039800e-03;8.7500000e+01;6.0277667e-02;8.7500000e+01;1.3280797e-01;8.7500000e+01;1.8714647e-01;8.7500000e+01;2.4213435e-01;8.7500000e+01;2.6661107e-01;8.7500000e+01;2.5276572e-01;8.7500000e+01;2.2026581e-01;8.7500000e+01;1.4401658e-01;8.7500000e+01;7.9382978e-02;8.7500000e+01;2.6050933e-02;8.7500000e+01;-2.0531088e-02;8.7500000e+01;-6.3906476e-02;8.7500000e+01;-1.0705475e-01;8.7500000e+01;-1.4975546e-01;8.7500000e+01;-1.9177116e-01;8.7500000e+01;-8.0073029e-02;8.7500000e+01;-4.9870562e-02;8.7500000e+01;-1.4039800e-03;8.7500000e+01;6.0277667e-02;8.7500000e+01;1.3280797e-01;8.7500000e+01;1.8714647e-01;8.7500000e+01;2.4213435e-01;8.7500000e+01;2.6661107e-01;8.7500000e+01;2.5276572e-01;8.7500000e+01;2.2026581e-01;8.7500000e+01;1.4401658e-01;8.7500000e+01;7.9382978e-02;8.7500000e+01;2.6050933e-02;8.7500000e+01;-2.0531088e-02;8.7500000e+01;-6.3906476e-02;8.7500000e+01;-1.0705475e-01;8.7500000e+01;-1.4975546e-01;8.7500000e+01;-1.9177116e-01;8.7500000e+01;-8.0073029e-02;8.7500000e+01;-4.9870562e-02;8.7500000e+01;-1.4039800e-03;8.7500000e+01;6.0277667e-02;8.7500000e+01;1.3280797e-01;8.7500000e+01;1.8714647e-01;8.7500000e+01;2.4213435e-01;8.7500000e+01;2.6661107e-01;8.7500000e+01;2.5276572e-01;8.7500000e+01;2.2026581e-01;8.7500000e+01;1.4401658e-01;8.7500000e+01;7.9382978e-02;8.7500000e+01;2.6050933e-02;8.7500000e+01;-2.0531088e-02;8.7500000e+01;-6.3906476e-02;8.7500000e+01;-1.0705475e-01;8.7500000e+01;-1.4975546e-01;8.7500000e+01;-1.9177116e-01;8.7500000e+01;-8.0073029e-02;8.7500000e+01;-4.9870562e-02;8.7500000e+01;-1.4039800e-03;8.7500000e+01;6.0277667e-02;8.7500000e+01;1.3280797e-01;8.7500000e+01;1.8714647e-01;8.7500000e+01;2.4213435e-01;8.7500000e+01;2.6661107e-01;8.7500000e+01;2.5276572e-01;8.7500000e+01;2.2026581e-01;8.7500000e+01;1.4401658e-01;8.7500000e+01;7.9382978e-02;8.7500000e+01;2.6050933e-02;8.7500000e+01;-2.0531088e-02;8.7500000e+01;-6.3906476e-02;8.7500000e+01;-1.0705475e-01;8.7500000e+01;-1.4975546e-01;8.7500000e+01;-1.9177116e-01;8.7500000e+01;-8.0073029e-02;8.7500000e+01;-4.9870562e-02;8.7500000e+01;-1.4039800e-03;8.7500000e+01;6.0277667e-02;8.7500000e+01;1.3280797e-01;8.7500000e+01;1.8714647e-01;8.7500000e+01;2.4213435e-01;8.7500000e+01;2.6661107e-01;8.7500000e+01;2.5276572e-01;8.7500000e+01;2.2026581e-01;8.7500000e+01;1.4401658e-01;8.7500000e+01;7.9382978e-02;8.7500000e+01;2.6050933e-02;8.7500000e+01;-2.0531088e-02;8.7500000e+01;-6.3906476e-02;8.7500000e+01;-1.0705475e-01;8.7500000e+01;-1.4975546e-01;8.7500000e+01;-1.9177116e-01;8.7500000e+01;-8.0073029e-02;8.7500000e+01;-4.9870562e-02;8.7500000e+01;-1.4039800e-03;8.7500000e+01;6.0277667e-02;8.7500000e+01;1.3280797e-01;8.7500000e+01;1.8714647e-01;8.7500000e+01;2.4213435e-01;8.7500000e+01;2.6661107e-01;8.7500000e+01;2.5276572e-01;8.7500000e+01;2.2026581e-01;8.7500000e+01;1.4401658e-01;8.7500000e+01;7.9382978e-02;8.7500000e+01;2.6050933e-02;8.7500000e+01;-2.0531088e-02;8.7500000e+01;-6.3906476e-02;8.7500000e+01;-1.0705475e-01;8.7500000e+01;-1.4975546e-01;8.7500000e+01;-1.9177116e-01;8.7500000e+01;-8.0073029e-02;8.7500000e+01;-4.9870562e-02;8.7500000e+01;-1.4039800e-03;8.7500000e+01;6.0277667e-02;8.7500000e+01;1.3280797e-01;8.7500000e+01;1.8714647e-01;8.7500000e+01;2.4213435e-01;8.7500000e+01;2.6661107e-01;8.7500000e+01;2.5276572e-01;8.7500000e+01;2.2026581e-01;8.7500000e+01;1.4401658e-01;8.7500000e+01;7.9382978e-02;8.7500000e+01;2.6050933e-02;8.7500000e+01;-2.0531088e-02;8.7500000e+01;-6.3906476e-02;8.7500000e+01;-1.0705475e-01;8.7500000e+01;-1.4975546e-01;8.7500000e+01;-1.9177116e-01;8.7500000e+01;-8.0073029e-02;8.7500000e+01;-4.9870562e-02;8.7500000e+01;-1.4039800e-03;8.7500000e+01;6.0277667e-02;8.7500000e+01;1.3280797e-01;8.7500000e+01;1.8714647e-01;8.7500000e+01;2.4213435e-01;8.7500000e+01;2.6661107e-01;8.7500000e+01;2.5276572e-01;8.7500000e+01;2.2026581e-01;8.7500000e+01;1.4401658e-01;8.7500000e+01;7.9382978e-02;8.7500000e+01;2.6050933e-02;8.7500000e+01;-2.0531088e-02;8.7500000e+01;-6.3906476e-02;8.7500000e+01;-1.0705475e-01;8.7500000e+01;-1.4975546e-01;8.7500000e+01;-1.9177116e-01;8.7500000e+01;-8.0073029e-02;8.7500000e+01;-4.9870562e-02;8.7500000e+01;-1.4039800e-03;8.7500000e+01;6.0277667e-02;8.7500000e+01;1.3280797e-01;8.7500000e+01;1.8714647e-01;8.7500000e+01;2.4213435e-01;8.7500000e+01;2.6661107e-01;8.7500000e+01;2.5276572e-01;8.7500000e+01;2.2026581e-01;8.7500000e+01;1.4401658e-01;8.7500000e+01;7.9382978e-02;8.7500000e+01;2.6050933e-02;8.7500000e+01;-2.0531088e-02;8.7500000e+01;-6.3906476e-02;8.7500000e+01;-1.0705475e-01;8.7500000e+01;-1.4975546e-01;8.7500000e+01;-1.9177116e-01;8.7500000e+01;-8.0073029e-02;8.7500000e+01;-4.9870562e-02;8.7500000e+01;-1.4039800e-03;8.7500000e+01;6.0277667e-02;8.7500000e+01;1.3280797e-01;8.7500000e+01;1.8714647e-01;8.7500000e+01;2.4213435e-01;8.7500000e+01;2.6661107e-01;8.7500000e+01;2.5276572e-01;8.7500000e+01;2.2026581e-01;8.7500000e+01;1.4401658e-01;8.7500000e+01;7.9382978e-02;8.7500000e+01;2.6050933e-02;8.7500000e+01;-2.0531088e-02;8.7500000e+01;-6.3906476e-02;8.7500000e+01;-1.0705475e-01;8.7500000e+01;-1.4975546e-01;8.7500000e+01;-1.9177116e-01;8.7500000e+01;-8.0073029e-02;8.7500000e+01;-4.9870562e-02;8.7500000e+01;-1.4039800e-03;8.7500000e+01;6.0277667e-02;8.7500000e+01;1.3280797e-01;8.7500000e+01;1.8714647e-01;8.7500000e+01;2.4213435e-01;8.7500000e+01;2.6661107e-01;8.7500000e+01;2.5276572e-01;8.7500000e+01;2.2026581e-01;8.7500000e+01;1.4401658e-01;8.7500000e+01;7.9382978e-02;8.7500000e+01;2.6050933e-02;8.7500000e+01;-2.0531088e-02;8.7500000e+01;-6.3906476e-02;8.7500000e+01;-1.0705475e-01;8.7500000e+01;-1.4975546e-01;8.7500000e+01;-1.9177116e-01;8.7500000e+01;-8.0073029e-02;8.7500000e+01;-4.9870562e-02;8.7500000e+01;-1.4039800e-03;8.7500000e+01;6.0277667e-02;8.7500000e+01;1.3280797e-01;8.7500000e+01;1.8714647e-01;8.7500000e+01;2.4213435e-01;8.7500000e+01;2.6661107e-01;8.7500000e+01;2.5276572e-01;8.7500000e+01;2.2026581e-01;8.7500000e+01;1.4401658e-01;8.7500000e+01;7.9382978e-02;8.7500000e+01;2.6050933e-02;8.7500000e+01;-2.0531088e-02;8.7500000e+01;-6.3906476e-02;8.7500000e+01;-1.0705475e-01;8.7500000e+01;-1.4975546e-01;8.7500000e+01;-1.9177116e-01;8.7500000e+01;-8.0073029e-02;8.7500000e+01;-4.9870562e-02;8.7500000e+01;-1.4039800e-03;8.7500000e+01;6.0277667e-02;8.7500000e+01;1.3280797e-01;8.7500000e+01;1.8714647e-01;8.7500000e+01;2.4213435e-01;8.7500000e+01;2.6661107e-01;8.7500000e+01;2.5276572e-01;8.7500000e+01;2.2026581e-01;8.7500000e+01;1.4401658e-01;8.7500000e+01;7.9382978e-02;8.7500000e+01;2.6050933e-02;8.7500000e+01;-2.0531088e-02;8.7500000e+01;-6.3906476e-02;8.7500000e+01;-1.0705475e-01;8.7500000e+01;-1.4975546e-01;8.7500000e+01;-1.9177116e-01;8.7500000e+01;-8.0073029e-02;8.7500000e+01;-4.9870562e-02;8.7500000e+01;-1.4039800e-03;8.7500000e+01;6.0277667e-02;8.7500000e+01;1.3280797e-01;8.7500000e+01;1.8714647e-01;8.7500000e+01;2.4213435e-01;8.7500000e+01;2.6661107e-01;8.7500000e+01;2.5276572e-01;8.7500000e+01;2.2026581e-01;8.7500000e+01;1.4401658e-01;8.7500000e+01;7.9382978e-02;8.7500000e+01;2.6050933e-02;8.7500000e+01;-2.0531088e-02;8.7500000e+01;-6.3906476e-02;8.7500000e+01;-1.0705475e-01;8.7500000e+01;-1.4975546e-01;8.7500000e+01;-1.9177116e-01;8.7500000e+01;-8.0073029e-02;8.7500000e+01;-4.9870562e-02;8.7500000e+01;-1.4039800e-03;8.7500000e+01;6.0277667e-02;8.7500000e+01;1.3280797e-01;8.7500000e+01;1.8714647e-01;8.7500000e+01;2.4213435e-01;8.7500000e+01;2.6661107e-01;8.7500000e+01;2.5276572e-01;8.7500000e+01;2.2026581e-01;8.7500000e+01;1.4401658e-01;8.7500000e+01;7.9382978e-02;8.7500000e+01;2.6050933e-02;8.7500000e+01;-2.0531088e-02;8.7500000e+01;-6.3906476e-02;8.7500000e+01;-1.0705475e-01;8.7500000e+01;-1.4975546e-01;8.7500000e+01;-1.9177116e-01;8.7500000e+01;-8.0073029e-02;8.7500000e+01;-4.9870562e-02;8.7500000e+01;-1.4039800e-03;8.7500000e+01;6.0277667e-02;8.7500000e+01;1.3280797e-01;8.7500000e+01;1.8714647e-01;8.7500000e+01;2.4213435e-01;8.7500000e+01;2.6661107e-01;8.7500000e+01;2.5276572e-01;8.7500000e+01;2.2026581e-01;8.7500000e+01;1.4401658e-01;8.7500000e+01;7.9382978e-02;8.7500000e+01;2.6050933e-02;8.7500000e+01;-2.0531088e-02;8.7500000e+01;-6.3906476e-02;8.7500000e+01;-1.0705475e-01;8.7500000e+01;-1.4975546e-01;8.7500000e+01;-1.9177116e-01;8.7500000e+01;-8.0073029e-02;8.7500000e+01;-4.9870562e-02;8.7500000e+01;-1.4039800e-03;8.7500000e+01;6.0277667e-02;8.7500000e+01;1.3280797e-01;8.7500000e+01;1.8714647e-01;8.7500000e+01;2.4213435e-01;8.7500000e+01;2.6661107e-01;8.7500000e+01;2.5276572e-01;8.7500000e+01;2.2026581e-01;8.7500000e+01;1.4401658e-01;8.7500000e+01;7.9382978e-02;8.7500000e+01;2.6050933e-02;8.7500000e+01;-2.0531088e-02;8.7500000e+01;-6.3906476e-02;8.7500000e+01;-1.0705475e-01;8.7500000e+01;-1.4975546e-01;8.7500000e+01;-1.9177116e-01;8.7500000e+01;-8.0073029e-02;8.7500000e+01;-4.9870562e-02;8.7500000e+01;-1.4039800e-03;8.7500000e+01;6.0277667e-02;8.7500000e+01;1.3280797e-01;8.7500000e+01;1.8714647e-01;8.7500000e+01;2.4213435e-01;8.7500000e+01;2.6661107e-01;8.7500000e+01;2.5276572e-01;8.7500000e+01;2.2026581e-01;8.7500000e+01;1.4401658e-01;8.7500000e+01;7.9382978e-02;8.7500000e+01;2.6050933e-02;8.7500000e+01;-2.0531088e-02;8.7500000e+01;-6.3906476e-02;8.7500000e+01;-1.0705475e-01;8.7500000e+01;-1.4975546e-01;8.7500000e+01;-1.9177116e-01;8.7500000e+01;-8.0073029e-02;8.7500000e+01;-4.9870562e-02;8.7500000e+01;-1.4039800e-03;8.7500000e+01;6.0277667e-02;8.7500000e+01;1.3280797e-01;8.7500000e+01;1.8714647e-01;8.7500000e+01;2.4213435e-01;8.7500000e+01;2.6661107e-01;8.7500000e+01;2.5276572e-01;8.7500000e+01;2.2026581e-01;8.7500000e+01;1.4401658e-01;8.7500000e+01;7.9382978e-02;8.7500000e+01;2.6050933e-02;8.7500000e+01;-2.0531088e-02;8.7500000e+01;-6.3906476e-02;8.7500000e+01;-1.0705475e-01;8.7500000e+01;-1.4975546e-01;8.7500000e+01;-1.9177116e-01;8.7500000e+01;-8.0073029e-02;8.7500000e+01;-4.9870562e-02;8.7500000e+01;-1.4039800e-03;8.7500000e+01;6.0277667e-02;8.7500000e+01;1.3280797e-01;8.7500000e+01;1.8714647e-01;8.7500000e+01;2.4213435e-01;8.7500000e+01;2.6661107e-01;8.7500000e+01;2.5276572e-01;8.7500000e+01;2.2026581e-01;8.7500000e+01;1.4401658e-01;8.7500000e+01;7.9382978e-02;8.7500000e+01;2.6050933e-02;8.7500000e+01;-2.0531088e-02;8.7500000e+01;-6.3906476e-02;8.7500000e+01;-1.0705475e-01;8.7500000e+01;-1.4975546e-01;8.7500000e+01;-1.9177116e-01;8.7500000e+01;-8.0073029e-02;8.7500000e+01;-4.9870562e-02;8.7500000e+01;-1.4039800e-03;8.7500000e+01;6.0277667e-02;8.7500000e+01;1.3280797e-01;8.7500000e+01;1.8714647e-01;8.7500000e+01;2.4213435e-01;8.7500000e+01;2.6661107e-01;8.7500000e+01;2.5276572e-01;8.7500000e+01;2.2026581e-01;8.7500000e+01;1.4401658e-01;8.7500000e+01;7.9382978e-02;8.7500000e+01;2.6050933e-02;8.7500000e+01;-2.0531088e-02;8.7500000e+01;-6.3906476e-02;8.7500000e+01;-1.0705475e-01;8.7500000e+01;-1.4975546e-01;8.7500000e+01;-1.9177116e-01;8.7500000e+01;-8.0073029e-02;8.7500000e+01;-4.9870562e-02;8.7500000e+01;-1.4039800e-03;8.7500000e+01;6.0277667e-02;8.7500000e+01;1.3280797e-01;8.7500000e+01;1.8714647e-01;8.7500000e+01;2.4213435e-01;8.7500000e+01;2.6661107e-01;8.7500000e+01;2.5276572e-01;8.7500000e+01;2.2026581e-01;8.7500000e+01;1.4401658e-01;8.7500000e+01;7.9382978e-02;8.7500000e+01;2.6050933e-02;8.7500000e+01;-2.0531088e-02;8.7500000e+01;-6.3906476e-02;8.7500000e+01;-1.0705475e-01;8.7500000e+01;-1.4975546e-01;8.7500000e+01;-1.9177116e-01;8.7500000e+01;-8.0073029e-02;8.7500000e+01;-4.9870562e-02;8.7500000e+01;-1.4039800e-03;8.7500000e+01;6.0277667e-02;8.7500000e+01;1.3280797e-01;8.7500000e+01;1.8714647e-01;8.7500000e+01;2.4213435e-01;8.7500000e+01;2.6661107e-01;8.7500000e+01;2.5276572e-01;8.7500000e+01;2.2026581e-01;8.7500000e+01;1.4401658e-01;8.7500000e+01;7.9382978e-02;8.7500000e+01;2.6050933e-02;8.7500000e+01;-2.0531088e-02;8.7500000e+01;-6.3906476e-02;8.7500000e+01;-1.0705475e-01;8.7500000e+01;-1.4975546e-01;8.7500000e+01;-1.9177116e-01;8.7500000e+01;-8.0073029e-02;8.7500000e+01;-4.9870562e-02;8.7500000e+01;-1.4039800e-03;8.7500000e+01;6.0277667e-02;8.7500000e+01;1.3280797e-01;8.7500000e+01;1.8714647e-01;8.7500000e+01;2.4213435e-01;8.7500000e+01;2.6661107e-01;8.7500000e+01;2.5276572e-01;8.7500000e+01;2.2026581e-01;8.7500000e+01;1.4401658e-01;8.7500000e+01;7.9382978e-02;8.7500000e+01;2.6050933e-02;8.7500000e+01;-2.0531088e-02;8.7500000e+01;-6.3906476e-02;8.7500000e+01;-1.0705475e-01;8.7500000e+01;-1.4975546e-01;8.7500000e+01;-1.9177116e-01;8.7500000e+01;-8.0073029e-02;8.7500000e+01;-4.9870562e-02;8.7500000e+01;-1.4039800e-03;8.7500000e+01;6.0277667e-02;8.7500000e+01;1.3280797e-01;8.7500000e+01;1.8714647e-01;8.7500000e+01;2.4213435e-01;8.7500000e+01;2.6661107e-01;8.7500000e+01;2.5276572e-01;8.7500000e+01;2.2026581e-01;8.7500000e+01;1.4401658e-01;8.7500000e+01;7.9382978e-02;8.7500000e+01;2.6050933e-02;8.7500000e+01;-2.0531088e-02;8.7500000e+01;-6.3906476e-02;8.7500000e+01;-1.0705475e-01;8.7500000e+01;-1.4975546e-01;8.7500000e+01;-1.9177116e-01;8.7500000e+01;-8.0073029e-02;8.7500000e+01;-4.9870562e-02;8.7500000e+01;-1.4039800e-03;8.7500000e+01;6.0277667e-02;8.7500000e+01;1.3280797e-01;8.7500000e+01;1.8714647e-01;8.7500000e+01;2.4213435e-01;8.7500000e+01;2.6661107e-01;8.7500000e+01;2.5276572e-01;8.7500000e+01;2.2026581e-01;8.7500000e+01;1.4401658e-01;8.7500000e+01;7.9382978e-02;8.7500000e+01;2.6050933e-02;8.7500000e+01;-2.0531088e-02;8.7500000e+01;-6.3906476e-02;8.7500000e+01;-1.0705475e-01;8.7500000e+01;-1.4975546e-01;8.7500000e+01;-1.9177116e-01;8.7500000e+01;-8.0073029e-02;8.7500000e+01;-4.9870562e-02;8.7500000e+01;-1.4039800e-03;8.7500000e+01;6.0277667e-02;8.7500000e+01;1.3280797e-01;8.7500000e+01;1.8714647e-01;8.7500000e+01;2.4213435e-01;8.7500000e+01;2.6661107e-01;8.7500000e+01;2.5276572e-01;8.7500000e+01;2.2026581e-01;8.7500000e+01;1.4401658e-01;8.7500000e+01;7.9382978e-02;8.7500000e+01;2.6050933e-02;8.7500000e+01;-2.0531088e-02;8.7500000e+01;-6.3906476e-02;8.7500000e+01;-1.0705475e-01;8.7500000e+01;-1.4975546e-01;8.7500000e+01;-1.9177116e-01;8.7500000e+01;-8.0073029e-02;8.7500000e+01;-4.9870562e-02;8.7500000e+01;-1.4039800e-03;8.7500000e+01;6.0277667e-02;8.7500000e+01;1.3280797e-01;8.7500000e+01;1.8714647e-01;8.7500000e+01;2.4213435e-01;8.7500000e+01;2.6661107e-01;8.7500000e+01;2.5276572e-01;8.7500000e+01;2.2026581e-01;8.7500000e+01;1.4401658e-01;8.7500000e+01;7.9382978e-02;8.7500000e+01;2.6050933e-02;8.7500000e+01;-2.0531088e-02;8.7500000e+01;-6.3906476e-02;8.7500000e+01;-1.0705475e-01;8.7500000e+01;-1.4975546e-01;8.7500000e+01;-1.9177116e-01;8.7500000e+01;-8.0073029e-02;8.7500000e+01;-4.9870562e-02;8.7500000e+01;-1.4039800e-03;8.7500000e+01;6.0277667e-02;8.7500000e+01;1.3280797e-01;8.7500000e+01;1.8714647e-01;8.7500000e+01;2.4213435e-01;8.7500000e+01;2.6661107e-01;8.7500000e+01;2.5276572e-01;8.7500000e+01;2.2026581e-01;8.7500000e+01;1.4401658e-01;8.7500000e+01;7.9382978e-02;8.7500000e+01;2.6050933e-02;8.7500000e+01;-2.0531088e-02;8.7500000e+01;-6.3906476e-02;8.7500000e+01;-1.0705475e-01;8.7500000e+01;-1.4975546e-01;8.7500000e+01;-1.9177116e-01;8.7500000e+01;-8.0073029e-02;8.7500000e+01;-4.9870562e-02;8.7500000e+01;-1.4039800e-03;8.7500000e+01;6.0277667e-02;8.7500000e+01;1.3280797e-01;8.7500000e+01;1.8714647e-01;8.7500000e+01;2.4213435e-01;8.7500000e+01;2.6661107e-01;8.7500000e+01;2.5276572e-01;8.7500000e+01;2.2026581e-01;8.7500000e+01;1.4401658e-01;8.7500000e+01;7.9382978e-02;8.7500000e+01;2.6050933e-02;8.7500000e+01;-2.0531088e-02;8.7500000e+01;-6.3906476e-02;8.7500000e+01;-1.0705475e-01;8.7500000e+01;-1.4975546e-01;8.7500000e+01;-1.9177116e-01;8.7500000e+01;-8.0073029e-02;8.7500000e+01;-4.9870562e-02;8.7500000e+01;-1.4039800e-03;8.7500000e+01;6.0277667e-02;8.7500000e+01;1.3280797e-01;8.7500000e+01;1.8714647e-01;8.7500000e+01;2.4213435e-01;8.7500000e+01;2.6661107e-01;8.7500000e+01;2.5276572e-01;8.7500000e+01;2.2026581e-01;8.7500000e+01;1.4401658e-01;8.7500000e+01;7.9382978e-02;8.7500000e+01;2.6050933e-02;8.7500000e+01;-2.0531088e-02;8.7500000e+01;-6.3906476e-02;8.7500000e+01;-1.0705475e-01;8.7500000e+01;-1.4975546e-01;8.7500000e+01;-1.9177116e-01;8.7500000e+01;-8.0073029e-02;8.7500000e+01;-4.9870562e-02;8.7500000e+01;-1.4039800e-03;8.7500000e+01;6.0277667e-02;8.7500000e+01;1.3280797e-01;8.7500000e+01;1.8714647e-01;8.7500000e+01;2.4213435e-01;8.7500000e+01;2.6661107e-01;8.7500000e+01;2.5276572e-01;8.7500000e+01;2.2026581e-01;8.7500000e+01;1.4401658e-01;8.7500000e+01;7.9382978e-02;8.7500000e+01;2.6050933e-02;8.7500000e+01;-2.0531088e-02;8.7500000e+01;-6.3906476e-02;8.7500000e+01;-1.0705475e-01;8.7500000e+01;-1.4975546e-01;8.7500000e+01;-1.9177116e-01;8.7500000e+01;-8.0073029e-02;8.7500000e+01;-4.9870562e-02;8.7500000e+01;-1.4039800e-03;8.7500000e+01;6.0277667e-02;8.7500000e+01;1.3280797e-01;8.7500000e+01;1.8714647e-01;8.7500000e+01;2.4213435e-01;8.7500000e+01;2.6661107e-01;8.7500000e+01;2.5276572e-01;8.7500000e+01;2.2026581e-01;8.7500000e+01;1.4401658e-01;8.7500000e+01;7.9382978e-02;8.7500000e+01;2.6050933e-02;8.7500000e+01;-2.0531088e-02;8.7500000e+01;-6.3906476e-02;8.7500000e+01;-1.0705475e-01;8.7500000e+01;-1.4975546e-01;8.7500000e+01;-1.9177116e-01;8.7500000e+01;-8.0073029e-02;8.7500000e+01;-4.9870562e-02;8.7500000e+01;-1.4039800e-03;8.7500000e+01;6.0277667e-02;8.7500000e+01;1.3280797e-01;8.7500000e+01;1.8714647e-01;8.7500000e+01;2.4213435e-01;8.7500000e+01;2.6661107e-01;8.7500000e+01;2.5276572e-01;8.7500000e+01;2.2026581e-01;8.7500000e+01;1.4401658e-01;8.7500000e+01;7.9382978e-02;8.7500000e+01;2.6050933e-02;8.7500000e+01;-2.0531088e-02;8.7500000e+01;-6.3906476e-02;8.7500000e+01;-1.0705475e-01;8.7500000e+01;-1.4975546e-01;8.7500000e+01;-1.9177116e-01;8.7500000e+01;-8.0073029e-02;8.7500000e+01;-4.9870562e-02;8.7500000e+01;-1.4039800e-03;8.7500000e+01;6.0277667e-02;8.7500000e+01;1.3280797e-01;8.7500000e+01;1.8714647e-01;8.7500000e+01;2.4213435e-01;8.7500000e+01;2.6661107e-01;8.7500000e+01;2.5276572e-01;8.7500000e+01;2.2026581e-01;8.7500000e+01;1.4401658e-01;8.7500000e+01;7.9382978e-02;8.7500000e+01;2.6050933e-02;8.7500000e+01;-2.0531088e-02;8.7500000e+01;-6.3906476e-02;8.7500000e+01;-1.0705475e-01;8.7500000e+01;-1.4975546e-01;8.7500000e+01;-1.9177116e-01;8.7500000e+01;-8.0073029e-02;8.7500000e+01;-4.9870562e-02;8.7500000e+01;-1.4039800e-03;8.7500000e+01;6.0277667e-02;8.7500000e+01;1.3280797e-01;8.7500000e+01;1.8714647e-01;8.7500000e+01;2.4213435e-01;8.7500000e+01;2.6661107e-01;8.7500000e+01;2.5276572e-01;8.7500000e+01;2.2026581e-01;8.7500000e+01;1.4401658e-01;8.7500000e+01;7.9382978e-02;8.7500000e+01;2.6050933e-02;8.7500000e+01;-2.0531088e-02;8.7500000e+01;-6.3906476e-02;8.7500000e+01;-1.0705475e-01;8.7500000e+01;-1.4975546e-01;8.7500000e+01;-1.9177116e-01;8.7500000e+01;-8.0073029e-02;8.7500000e+01;-4.9870562e-02;8.7500000e+01;-1.4039800e-03;8.7500000e+01;6.0277667e-02;8.7500000e+01;1.3280797e-01;8.7500000e+01;1.8714647e-01;8.7500000e+01;2.4213435e-01;8.7500000e+01;2.6661107e-01;8.7500000e+01;2.5276572e-01;8.7500000e+01;2.2026581e-01;8.7500000e+01;1.4401658e-01;8.7500000e+01;7.9382978e-02;8.7500000e+01;2.6050933e-02;8.7500000e+01;-2.0531088e-02;8.7500000e+01;-6.3906476e-02;8.7500000e+01;-1.0705475e-01;8.7500000e+01;-1.4975546e-01;8.7500000e+01;-1.9177116e-01;8.7500000e+01;-8.0073029e-02;8.7500000e+01;-4.9870562e-02;8.7500000e+01;-1.4039800e-03;8.7500000e+01;6.0277667e-02;8.7500000e+01;1.3280797e-01;8.7500000e+01;1.8714647e-01;8.7500000e+01;2.4213435e-01;8.7500000e+01;2.6661107e-01;8.7500000e+01;2.5276572e-01;8.7500000e+01;2.2026581e-01;8.7500000e+01;1.4401658e-01;8.7500000e+01;7.9382978e-02;8.7500000e+01;2.6050933e-02;8.7500000e+01;-2.0531088e-02;8.7500000e+01;-6.3906476e-02;8.7500000e+01;-1.0705475e-01;8.7500000e+01;-1.4975546e-01;8.7500000e+01;-1.9177116e-01;8.7500000e+01;-8.0073029e-02;8.7500000e+01;-4.9870562e-02;8.7500000e+01;-1.4039800e-03;8.7500000e+01;6.0277667e-02;8.7500000e+01;1.3280797e-01;8.7500000e+01;1.8714647e-01;8.7500000e+01;2.4213435e-01;8.7500000e+01;2.6661107e-01;8.7500000e+01;2.5276572e-01;8.7500000e+01;2.2026581e-01;8.7500000e+01;1.4401658e-01;8.7500000e+01;7.9382978e-02;8.7500000e+01;2.6050933e-02;8.7500000e+01;-2.0531088e-02;8.7500000e+01;-6.3906476e-02;8.7500000e+01;-1.0705475e-01;8.7500000e+01;-1.4975546e-01;8.7500000e+01;-1.9177116e-01;8.7500000e+01;-8.0073029e-02;8.7500000e+01;-4.9870562e-02;8.7500000e+01;-1.4039800e-03;8.7500000e+01;6.0277667e-02;8.7500000e+01;1.3280797e-01;8.7500000e+01;1.8714647e-01;8.7500000e+01;2.4213435e-01;8.7500000e+01;2.6661107e-01;8.7500000e+01;2.5276572e-01;8.7500000e+01;2.2026581e-01;8.7500000e+01;1.4401658e-01;8.7500000e+01;7.9382978e-02;8.7500000e+01;2.6050933e-02;8.7500000e+01;-2.0531088e-02;8.7500000e+01;-6.3906476e-02;8.7500000e+01;-1.0705475e-01;8.7500000e+01;-1.4975546e-01;8.7500000e+01;-1.9177116e-01;8.7500000e+01;-8.0073029e-02;8.7500000e+01;-4.9870562e-02;8.7500000e+01;-1.4039800e-03;8.7500000e+01;6.0277667e-02;8.7500000e+01;1.3280797e-01;8.7500000e+01;1.8714647e-01;8.7500000e+01;2.4213435e-01;8.7500000e+01;2.6661107e-01;8.7500000e+01;2.5276572e-01;8.7500000e+01;2.2026581e-01;8.7500000e+01;1.4401658e-01;8.7500000e+01;7.9382978e-02;8.7500000e+01;2.6050933e-02;8.7500000e+01;-2.0531088e-02;8.7500000e+01;-6.3906476e-02;8.7500000e+01;-1.0705475e-01;8.7500000e+01;-1.4975546e-01;8.7500000e+01;-1.9177116e-01;8.7500000e+01;-8.0073029e-02;8.7500000e+01;-4.9870562e-02;8.7500000e+01;-1.4039800e-03;8.7500000e+01;6.0277667e-02;8.7500000e+01;1.3280797e-01;8.7500000e+01;1.8714647e-01;8.7500000e+01;2.4213435e-01;8.7500000e+01;2.6661107e-01;8.7500000e+01;2.5276572e-01;8.7500000e+01;2.2026581e-01;8.7500000e+01;1.4401658e-01;8.7500000e+01;7.9382978e-02;8.7500000e+01;2.6050933e-02;8.7500000e+01;-2.0531088e-02;8.7500000e+01;-6.3906476e-02;8.7500000e+01;-1.0705475e-01;8.7500000e+01;-1.4975546e-01;8.7500000e+01;-1.9177116e-01;8.7500000e+01;-8.0073029e-02;8.7500000e+01;-4.9870562e-02;8.7500000e+01;-1.4039800e-03;8.7500000e+01;6.0277667e-02;8.7500000e+01;1.3280797e-01;8.7500000e+01;1.8714647e-01;8.7500000e+01;2.4213435e-01;8.7500000e+01;2.6661107e-01;8.7500000e+01;2.5276572e-01;8.7500000e+01;2.2026581e-01;8.7500000e+01;1.4401658e-01;8.7500000e+01;7.9382978e-02;8.7500000e+01;2.6050933e-02;8.7500000e+01;-2.0531088e-02;8.7500000e+01;-6.3906476e-02;8.7500000e+01;-1.0705475e-01;8.7500000e+01;-1.4975546e-01;8.7500000e+01;-1.9177116e-01;8.7500000e+01;-8.0073029e-02;8.7500000e+01;-4.9870562e-02;8.7500000e+01;-1.4039800e-03;8.7500000e+01;6.0277667e-02;8.7500000e+01;1.3280797e-01;8.7500000e+01;1.8714647e-01;8.7500000e+01;2.4213435e-01;8.7500000e+01;2.6661107e-01;8.7500000e+01;2.5276572e-01;8.7500000e+01;2.2026581e-01;8.7500000e+01;1.4401658e-01;8.7500000e+01;7.9382978e-02;8.7500000e+01;2.6050933e-02;8.7500000e+01;-2.0531088e-02;8.7500000e+01;-6.3906476e-02;8.7500000e+01;-1.0705475e-01;8.7500000e+01;-1.4975546e-01;8.7500000e+01;-1.9177116e-01;8.7500000e+01;-8.0073029e-02;8.7500000e+01;-4.9870562e-02;8.7500000e+01;-1.4039800e-03;8.7500000e+01;6.0277667e-02;8.7500000e+01;1.3280797e-01;8.7500000e+01;1.8714647e-01;8.7500000e+01;2.4213435e-01;8.7500000e+01;2.6661107e-01;8.7500000e+01;2.5276572e-01;8.7500000e+01;2.2026581e-01;8.7500000e+01;1.4401658e-01;8.7500000e+01;7.9382978e-02;8.7500000e+01;2.6050933e-02;8.7500000e+01;-2.0531088e-02;8.7500000e+01;-6.3906476e-02;8.7500000e+01;-1.0705475e-01;8.7500000e+01;-1.4975546e-01;8.7500000e+01;-1.9177116e-01;8.7500000e+01;-8.0073029e-02;8.7500000e+01;-4.9870562e-02;8.7500000e+01;-1.4039800e-03;8.7500000e+01;6.0277667e-02;8.7500000e+01;1.3280797e-01;8.7500000e+01;1.8714647e-01;8.7500000e+01;2.4213435e-01;8.7500000e+01;2.6661107e-01;8.7500000e+01;2.5276572e-01;8.7500000e+01;2.2026581e-01;8.7500000e+01;1.4401658e-01;8.7500000e+01;7.9382978e-02;8.7500000e+01;2.6050933e-02;8.7500000e+01;-2.0531088e-02;8.7500000e+01;-6.3906476e-02;8.7500000e+01;-1.0705475e-01;8.7500000e+01;-1.4975546e-01;8.7500000e+01;-1.9177116e-01;8.7500000e+01;-8.0073029e-02;8.7500000e+01;-4.9870562e-02;8.7500000e+01;-1.4039800e-03;8.7500000e+01;6.0277667e-02;8.7500000e+01;1.3280797e-01;8.7500000e+01;1.8714647e-01;8.7500000e+01;2.4213435e-01;8.7500000e+01;2.6661107e-01;8.7500000e+01;2.5276572e-01;8.7500000e+01;2.2026581e-01;8.7500000e+01;1.4401658e-01;8.7500000e+01;7.9382978e-02;8.7500000e+01;2.6050933e-02;8.7500000e+01;-2.0531088e-02;8.7500000e+01;-6.3906476e-02;8.7500000e+01;-1.0705475e-01;8.7500000e+01;-1.4975546e-01;8.7500000e+01;-1.9177116e-01;8.7500000e+01;-8.0073029e-02;8.7500000e+01;-4.9870562e-02;8.7500000e+01;-1.4039800e-03;8.7500000e+01;6.0277667e-02;8.7500000e+01;1.3280797e-01;8.7500000e+01;1.8714647e-01;8.7500000e+01;2.4213435e-01;8.7500000e+01;2.6661107e-01;8.7500000e+01;2.5276572e-01;8.7500000e+01;2.2026581e-01;8.7500000e+01;1.4401658e-01;8.7500000e+01;7.9382978e-02;8.7500000e+01;2.6050933e-02;8.7500000e+01;-2.0531088e-02;8.7500000e+01;-6.3906476e-02;8.7500000e+01;-1.0705475e-01;8.7500000e+01;-1.4975546e-01;8.7500000e+01;-1.9177116e-01;8.7500000e+01;-8.0073029e-02;8.7500000e+01;-4.9870562e-02;8.7500000e+01;-1.4039800e-03;8.7500000e+01;6.0277667e-02;8.7500000e+01;1.3280797e-01;8.7500000e+01;1.8714647e-01;8.7500000e+01;2.4213435e-01;8.7500000e+01;2.6661107e-01;8.7500000e+01;2.5276572e-01;8.7500000e+01;2.2026581e-01;8.7500000e+01;1.4401658e-01;8.7500000e+01;7.9382978e-02;8.7500000e+01;2.6050933e-02;8.7500000e+01;-2.0531088e-02;8.7500000e+01;-6.3906476e-02;8.7500000e+01;-1.0705475e-01;8.7500000e+01;-1.4975546e-01;8.7500000e+01;-1.9177116e-01;8.7500000e+01;-8.0073029e-02;8.7500000e+01;-4.9870562e-02;8.7500000e+01;-1.4039800e-03;8.7500000e+01;6.0277667e-02;8.7500000e+01;1.3280797e-01;8.7500000e+01;1.8714647e-01;8.7500000e+01;2.4213435e-01;8.7500000e+01;2.6661107e-01;8.7500000e+01;2.5276572e-01;8.7500000e+01;2.2026581e-01;8.7500000e+01;1.4401658e-01;8.7500000e+01;7.9382978e-02;8.7500000e+01;2.6050933e-02;8.7500000e+01;-2.0531088e-02;8.7500000e+01;-6.3906476e-02;8.7500000e+01;-1.0705475e-01;8.7500000e+01;-1.4975546e-01;8.7500000e+01;-1.9177116e-01;8.7500000e+01;-8.0073029e-02;8.7500000e+01;-4.9870562e-02;8.7500000e+01;-1.4039800e-03;8.7500000e+01;6.0277667e-02;8.7500000e+01;1.3280797e-01;8.7500000e+01;1.8714647e-01;8.7500000e+01;2.4213435e-01;8.7500000e+01;2.6661107e-01;8.7500000e+01;2.5276572e-01;8.7500000e+01;2.2026581e-01;8.7500000e+01;1.4401658e-01;8.7500000e+01;7.9382978e-02;8.7500000e+01;2.6050933e-02;8.7500000e+01;-2.0531088e-02;8.7500000e+01;-6.3906476e-02;8.7500000e+01;-1.0705475e-01;8.7500000e+01;-1.4975546e-01;8.7500000e+01;-1.9177116e-01;8.7500000e+01;-8.0073029e-02;8.7500000e+01;-4.9870562e-02;8.7500000e+01;-1.4039800e-03;8.7500000e+01;6.0277667e-02;8.7500000e+01;1.3280797e-01;8.7500000e+01;1.8714647e-01;8.7500000e+01;2.4213435e-01;8.7500000e+01;2.6661107e-01;8.7500000e+01;2.5276572e-01;8.7500000e+01;2.2026581e-01;8.7500000e+01;1.4401658e-01;8.7500000e+01;7.9382978e-02;8.7500000e+01;2.6050933e-02;8.7500000e+01;-2.0531088e-02;8.7500000e+01;-6.3906476e-02;8.7500000e+01;-1.0705475e-01;8.7500000e+01;-1.4975546e-01;8.7500000e+01;-1.9177116e-01;8.7500000e+01;-8.0073029e-02;8.7500000e+01;-4.9870562e-02;8.7500000e+01;-1.4039800e-03;8.7500000e+01;6.0277667e-02;8.7500000e+01;1.3280797e-01;8.7500000e+01;1.8714647e-01;8.7500000e+01;2.4213435e-01;8.7500000e+01;2.6661107e-01;8.7500000e+01;2.5276572e-01;8.7500000e+01;2.2026581e-01;8.7500000e+01;1.4401658e-01;8.7500000e+01;7.9382978e-02;8.7500000e+01;2.6050933e-02;8.7500000e+01;-2.0531088e-02;8.7500000e+01;-6.3906476e-02;8.7500000e+01;-1.0705475e-01;8.7500000e+01;-1.4975546e-01;8.7500000e+01;-1.9177116e-01;8.7500000e+01;-8.0073029e-02;8.7500000e+01;-4.9870562e-02;8.7500000e+01;-1.4039800e-03;8.7500000e+01;6.0277667e-02;8.7500000e+01;1.3280797e-01;8.7500000e+01;1.8714647e-01;8.7500000e+01;2.4213435e-01;8.7500000e+01;2.6661107e-01;8.7500000e+01;2.5276572e-01;8.7500000e+01;2.2026581e-01;8.7500000e+01;1.4401658e-01;8.7500000e+01;7.9382978e-02;8.7500000e+01;2.6050933e-02;8.7500000e+01;-2.0531088e-02;8.7500000e+01;-6.3906476e-02;8.7500000e+01;-1.0705475e-01;8.7500000e+01;-1.4975546e-01;8.7500000e+01;-1.9177116e-01;8.7500000e+01;-8.0073029e-02;8.7500000e+01;-4.9870562e-02;8.7500000e+01;-1.4039800e-03;8.7500000e+01;6.0277667e-02;8.7500000e+01;1.3280797e-01;8.7500000e+01;1.8714647e-01;8.7500000e+01;2.4213435e-01;8.7500000e+01;2.6661107e-01;8.7500000e+01;2.5276572e-01;8.7500000e+01;2.2026581e-01;8.7500000e+01;1.4401658e-01;8.7500000e+01;7.9382978e-02;8.7500000e+01;2.6050933e-02;8.7500000e+01;-2.0531088e-02;8.7500000e+01;-6.3906476e-02;8.7500000e+01;-1.0705475e-01;8.7500000e+01;-1.4975546e-01;8.7500000e+01;-1.9177116e-01;8.7500000e+01;-8.0073029e-02;8.7500000e+01;-4.9870562e-02;8.7500000e+01;-1.4039800e-03;8.7500000e+01;6.0277667e-02;8.7500000e+01;1.3280797e-01;8.7500000e+01;1.8714647e-01;8.7500000e+01;2.4213435e-01;8.7500000e+01;2.6661107e-01;8.7500000e+01;2.5276572e-01;8.7500000e+01;2.2026581e-01;8.7500000e+01;1.4401658e-01;8.7500000e+01;7.9382978e-02;8.7500000e+01;2.6050933e-02;8.7500000e+01;-2.0531088e-02;8.7500000e+01;-6.3906476e-02;8.7500000e+01;-1.0705475e-01;8.7500000e+01;-1.4975546e-01;8.7500000e+01;-1.9177116e-01;8.7500000e+01;-8.0073029e-02;8.7500000e+01;-4.9870562e-02;8.7500000e+01;-1.4039800e-03;8.7500000e+01;6.0277667e-02;8.7500000e+01;1.3280797e-01;8.7500000e+01;1.8714647e-01;8.7500000e+01;2.4213435e-01;8.7500000e+01;2.6661107e-01;8.7500000e+01;2.5276572e-01;8.7500000e+01;2.2026581e-01;8.7500000e+01;1.4401658e-01;8.7500000e+01;7.9382978e-02;8.7500000e+01;2.6050933e-02;8.7500000e+01;-2.0531088e-02;8.7500000e+01;-6.3906476e-02;8.7500000e+01;-1.0705475e-01;8.7500000e+01;-1.4975546e-01;8.7500000e+01;-1.9177116e-01;8.7500000e+01;-8.0073029e-02;8.7500000e+01;-4.9870562e-02;8.7500000e+01;-1.4039800e-03;8.7500000e+01;6.0277667e-02;8.7500000e+01;1.3280797e-01;8.7500000e+01;1.8714647e-01;8.7500000e+01;2.4213435e-01;8.7500000e+01;2.6661107e-01;8.7500000e+01;2.5276572e-01;8.7500000e+01;2.2026581e-01;8.7500000e+01;1.4401658e-01;8.7500000e+01;7.9382978e-02;8.7500000e+01;2.6050933e-02;8.7500000e+01;-2.0531088e-02;8.7500000e+01;-6.3906476e-02;8.7500000e+01;-1.0705475e-01;8.7500000e+01;-1.4975546e-01;8.7500000e+01;-1.9177116e-01;8.7500000e+01;-8.0073029e-02;8.7500000e+01;-4.9870562e-02;8.7500000e+01;-1.4039800e-03;8.7500000e+01;6.0277667e-02;8.7500000e+01;1.3280797e-01;8.7500000e+01;1.8714647e-01;8.7500000e+01;2.4213435e-01;8.7500000e+01;2.6661107e-01;8.7500000e+01;2.5276572e-01;8.7500000e+01;2.2026581e-01;8.7500000e+01;1.4401658e-01;8.7500000e+01;7.9382978e-02;8.7500000e+01;2.6050933e-02;8.7500000e+01;-2.0531088e-02;8.7500000e+01;-6.3906476e-02;8.7500000e+01;-1.0705475e-01;8.7500000e+01;-1.4975546e-01;8.7500000e+01;-1.9177116e-01;8.7500000e+01;-8.0073029e-02;8.7500000e+01;-4.9870562e-02;8.7500000e+01;-1.4039800e-03;8.7500000e+01;6.0277667e-02;8.7500000e+01;1.3280797e-01;8.7500000e+01;1.8714647e-01;8.7500000e+01;2.4213435e-01;8.7500000e+01;2.6661107e-01;8.7500000e+01;2.5276572e-01;8.7500000e+01;2.2026581e-01;8.7500000e+01;1.4401658e-01;8.7500000e+01;7.9382978e-02;8.7500000e+01;2.6050933e-02;8.7500000e+01;-2.0531088e-02;8.7500000e+01;-6.3906476e-02;8.7500000e+01;-1.0705475e-01;8.7500000e+01;-1.4975546e-01;8.7500000e+01;-1.9177116e-01;8.7500000e+01;-8.0073029e-02;8.7500000e+01;-4.9870562e-02;8.7500000e+01;-1.4039800e-03;8.7500000e+01;6.0277667e-02;8.7500000e+01;1.3280797e-01;8.7500000e+01;1.8714647e-01;8.7500000e+01;2.4213435e-01;8.7500000e+01;2.6661107e-01;8.7500000e+01;2.5276572e-01;8.7500000e+01;2.2026581e-01;8.7500000e+01;1.4401658e-01;8.7500000e+01;7.9382978e-02;8.7500000e+01;2.6050933e-02;8.7500000e+01;-2.0531088e-02;8.7500000e+01;-6.3906476e-02;8.7500000e+01;-1.0705475e-01;8.7500000e+01;-1.4975546e-01;8.7500000e+01;-1.9177116e-01;8.7500000e+01;-8.0073029e-02;8.7500000e+01;-4.9870562e-02;8.7500000e+01;-1.4039800e-03;8.7500000e+01;6.0277667e-02;8.7500000e+01;1.3280797e-01;8.7500000e+01;1.8714647e-01;8.7500000e+01;2.4213435e-01;8.7500000e+01;2.6661107e-01;8.7500000e+01;2.5276572e-01;8.7500000e+01;2.2026581e-01;8.7500000e+01;1.4401658e-01;8.7500000e+01;7.9382978e-02;8.7500000e+01;2.6050933e-02;8.7500000e+01;-2.0531088e-02;8.7500000e+01;-6.3906476e-02;8.7500000e+01;-1.0705475e-01;8.7500000e+01;-1.4975546e-01;8.7500000e+01;-1.9177116e-01;8.7500000e+01;-8.0073029e-02;8.7500000e+01;-4.9870562e-02;8.7500000e+01;-1.4039800e-03;8.7500000e+01;6.0277667e-02;8.7500000e+01;1.3280797e-01;8.7500000e+01;1.8714647e-01;8.7500000e+01;2.4213435e-01;8.7500000e+01;2.6661107e-01;8.7500000e+01;2.5276572e-01;8.7500000e+01;2.2026581e-01;8.7500000e+01;1.4401658e-01;8.7500000e+01;7.9382978e-02;8.7500000e+01;2.6050933e-02;8.7500000e+01;-2.0531088e-02;8.7500000e+01;-6.3906476e-02;8.7500000e+01;-1.0705475e-01;8.7500000e+01;-1.4975546e-01;8.7500000e+01;-1.9177116e-01;8.7500000e+01;-8.0073029e-02;8.7500000e+01;-4.9870562e-02;8.7500000e+01;-1.4039800e-03;8.7500000e+01;6.0277667e-02;8.7500000e+01;1.3280797e-01;8.7500000e+01;1.8714647e-01;8.7500000e+01;2.4213435e-01;8.7500000e+01;2.6661107e-01;8.7500000e+01;2.5276572e-01;8.7500000e+01;2.2026581e-01;8.7500000e+01;1.4401658e-01;8.7500000e+01;7.9382978e-02;8.7500000e+01;2.6050933e-02;8.7500000e+01;-2.0531088e-02;8.7500000e+01;-6.3906476e-02;8.7500000e+01;-1.0705475e-01;8.7500000e+01;-1.4975546e-01;8.7500000e+01;-1.9177116e-01;8.7500000e+01;-8.0073029e-02;8.7500000e+01;-4.9870562e-02;8.7500000e+01;-1.4039800e-03;8.7500000e+01;6.0277667e-02;8.7500000e+01;1.3280797e-01;8.7500000e+01;1.8714647e-01;8.7500000e+01;2.4213435e-01;8.7500000e+01;2.6661107e-01;8.7500000e+01;2.5276572e-01;8.7500000e+01;2.2026581e-01;8.7500000e+01;1.4401658e-01;8.7500000e+01;7.9382978e-02;8.7500000e+01;2.6050933e-02;8.7500000e+01;-2.0531088e-02;8.7500000e+01;-6.3906476e-02;8.7500000e+01;-1.0705475e-01;8.7500000e+01;-1.4975546e-01;8.7500000e+01;-1.9177116e-01;8.7500000e+01;-8.0073029e-02;8.7500000e+01;-4.9870562e-02;8.7500000e+01;-1.4039800e-03;8.7500000e+01;6.0277667e-02;8.7500000e+01;1.3280797e-01;8.7500000e+01;1.8714647e-01;8.7500000e+01;2.4213435e-01;8.7500000e+01;2.6661107e-01;8.7500000e+01;2.5276572e-01;8.7500000e+01;2.2026581e-01;8.7500000e+01;1.4401658e-01;8.7500000e+01;7.9382978e-02;8.7500000e+01;2.6050933e-02;8.7500000e+01;-2.0531088e-02;8.7500000e+01;-6.3906476e-02;8.7500000e+01;-1.0705475e-01;8.7500000e+01;-1.4975546e-01;8.7500000e+01;-1.9177116e-01;8.7500000e+01;-8.0073029e-02;8.7500000e+01;-4.9870562e-02;8.7500000e+01;-1.4039800e-03;8.7500000e+01;6.0277667e-02;8.7500000e+01;1.3280797e-01;8.7500000e+01;1.8714647e-01;8.7500000e+01;2.4213435e-01;8.7500000e+01;2.6661107e-01;8.7500000e+01;2.5276572e-01;8.7500000e+01;2.2026581e-01;8.7500000e+01;1.4401658e-01;8.7500000e+01;7.9382978e-02;8.7500000e+01;2.6050933e-02;8.7500000e+01;-2.0531088e-02;8.7500000e+01;-6.3906476e-02;8.7500000e+01;-1.0705475e-01;8.7500000e+01;-1.4975546e-01;8.7500000e+01;-1.9177116e-01;8.7500000e+01;-8.0073029e-02;8.7500000e+01;-4.9870562e-02;8.7500000e+01;-1.4039800e-03;8.7500000e+01;6.0277667e-02;8.7500000e+01;1.3280797e-01;8.7500000e+01;1.8714647e-01;8.7500000e+01;2.4213435e-01;8.7500000e+01;2.6661107e-01;8.7500000e+01;2.5276572e-01;8.7500000e+01;2.2026581e-01;8.7500000e+01;1.4401658e-01;8.7500000e+01;7.9382978e-02;8.7500000e+01;2.6050933e-02;8.7500000e+01;-2.0531088e-02;8.7500000e+01;-6.3906476e-02;8.7500000e+01;-1.0705475e-01;8.7500000e+01;-1.4975546e-01;8.7500000e+01;-1.9177116e-01;8.7500000e+01;-8.0073029e-02;8.7500000e+01;-4.9870562e-02;8.7500000e+01;-1.4039800e-03;8.7500000e+01;6.0277667e-02;8.7500000e+01;1.3280797e-01;8.7500000e+01;1.8714647e-01;8.7500000e+01;2.4213435e-01;8.7500000e+01;2.6661107e-01;8.7500000e+01;2.5276572e-01;8.7500000e+01;2.2026581e-01;8.7500000e+01;1.4401658e-01;8.7500000e+01;7.9382978e-02;8.7500000e+01;2.6050933e-02;8.7500000e+01;-2.0531088e-02;8.7500000e+01;-6.3906476e-02;8.7500000e+01;-1.0705475e-01;8.7500000e+01;-1.4975546e-01;8.7500000e+01;-1.9177116e-01;8.7500000e+01;-8.0073029e-02;8.7500000e+01;-4.9870562e-02;8.7500000e+01;-1.4039800e-03;8.7500000e+01;6.0277667e-02;8.7500000e+01;1.3280797e-01;8.7500000e+01;1.8714647e-01;8.7500000e+01;2.4213435e-01;8.7500000e+01;2.6661107e-01;8.7500000e+01;2.5276572e-01;8.7500000e+01;2.2026581e-01;8.7500000e+01;1.4401658e-01;8.7500000e+01;7.9382978e-02;8.7500000e+01;2.6050933e-02;8.7500000e+01;-2.0531088e-02;8.7500000e+01;-6.3906476e-02;8.7500000e+01;-1.0705475e-01;8.7500000e+01;-1.4975546e-01;8.7500000e+01;-1.9177116e-01;8.7500000e+01;-8.0073029e-02;8.7500000e+01;-4.9870562e-02;8.7500000e+01;-1.4039800e-03;8.7500000e+01;6.0277667e-02;8.7500000e+01;1.3280797e-01;8.7500000e+01;1.8714647e-01;8.7500000e+01;2.4213435e-01;8.7500000e+01;2.6661107e-01;8.7500000e+01;2.5276572e-01;8.7500000e+01;2.2026581e-01;8.7500000e+01;1.4401658e-01;8.7500000e+01;7.9382978e-02;8.7500000e+01;2.6050933e-02;8.7500000e+01;-2.0531088e-02;8.7500000e+01;-6.3906476e-02;8.7500000e+01;-1.0705475e-01;8.7500000e+01;-1.4975546e-01;8.7500000e+01;-1.9177116e-01;8.7500000e+01;-8.0073029e-02;8.7500000e+01;-4.9870562e-02;8.7500000e+01;-1.4039800e-03;8.7500000e+01;6.0277667e-02;8.7500000e+01;1.3280797e-01;8.7500000e+01;1.8714647e-01;8.7500000e+01;2.4213435e-01;8.7500000e+01;2.6661107e-01;8.7500000e+01;2.5276572e-01;8.7500000e+01;2.2026581e-01;8.7500000e+01;1.4401658e-01;8.7500000e+01;7.9382978e-02;8.7500000e+01;2.6050933e-02;8.7500000e+01;-2.0531088e-02;8.7500000e+01;-6.3906476e-02;8.7500000e+01;-1.0705475e-01;8.7500000e+01;-1.4975546e-01;8.7500000e+01;-1.9177116e-01;8.7500000e+01;-8.0073029e-02;8.7500000e+01;-4.9870562e-02;8.7500000e+01;-1.4039800e-03;8.7500000e+01;6.0277667e-02;8.7500000e+01;1.3280797e-01;8.7500000e+01;1.8714647e-01;8.7500000e+01;2.4213435e-01;8.7500000e+01;2.6661107e-01;8.7500000e+01;2.5276572e-01;8.7500000e+01;2.2026581e-01;8.7500000e+01;1.4401658e-01;8.7500000e+01;7.9382978e-02;8.7500000e+01;2.6050933e-02;8.7500000e+01;-2.0531088e-02;8.7500000e+01;-6.3906476e-02;8.7500000e+01;-1.0705475e-01;8.7500000e+01;-1.4975546e-01;8.7500000e+01;-1.9177116e-01;8.7500000e+01;-8.0073029e-02;8.7500000e+01;-4.9870562e-02;8.7500000e+01;-1.4039800e-03;8.7500000e+01;6.0277667e-02;8.7500000e+01;1.3280797e-01;8.7500000e+01;1.8714647e-01;8.7500000e+01;2.4213435e-01;8.7500000e+01;2.6661107e-01;8.7500000e+01;2.5276572e-01;8.7500000e+01;2.2026581e-01;8.7500000e+01;1.4401658e-01;8.7500000e+01;7.9382978e-02;8.7500000e+01;2.6050933e-02;8.7500000e+01;-2.0531088e-02;8.7500000e+01;-6.3906476e-02;8.7500000e+01;-1.0705475e-01;8.7500000e+01;-1.4975546e-01;8.7500000e+01;-1.9177116e-01;8.7500000e+01;-8.0073029e-02;8.7500000e+01;-4.9870562e-02;8.7500000e+01;-1.4039800e-03;8.7500000e+01;6.0277667e-02;8.7500000e+01;1.3280797e-01;8.7500000e+01;1.8714647e-01;8.7500000e+01;2.4213435e-01;8.7500000e+01;2.6661107e-01;8.7500000e+01;2.5276572e-01;8.7500000e+01;2.2026581e-01;8.7500000e+01;1.4401658e-01;8.7500000e+01;7.9382978e-02;8.7500000e+01;2.6050933e-02;8.7500000e+01;-2.0531088e-02;8.7500000e+01;-6.3906476e-02;8.7500000e+01;-1.0705475e-01;8.7500000e+01;-1.4975546e-01;8.7500000e+01;-1.9177116e-01;8.7500000e+01;-8.0073029e-02;8.7500000e+01;-4.9870562e-02;8.7500000e+01;-1.4039800e-03;8.7500000e+01;6.0277667e-02;8.7500000e+01;1.3280797e-01;8.7500000e+01;1.8714647e-01;8.7500000e+01;2.4213435e-01;8.7500000e+01;2.6661107e-01;8.7500000e+01;2.5276572e-01;8.7500000e+01;2.2026581e-01;8.7500000e+01;1.4401658e-01;8.7500000e+01;7.9382978e-02;8.7500000e+01;2.6050933e-02;8.7500000e+01;-2.0531088e-02;8.7500000e+01;-6.3906476e-02;8.7500000e+01;-1.0705475e-01;8.7500000e+01;-1.4975546e-01;8.7500000e+01;-1.9177116e-01;8.7500000e+01;-8.0073029e-02;8.7500000e+01;-4.9870562e-02;8.7500000e+01;-1.4039800e-03;8.7500000e+01;6.0277667e-02;8.7500000e+01;1.3280797e-01;8.7500000e+01;1.8714647e-01;8.7500000e+01;2.4213435e-01;8.7500000e+01;2.6661107e-01;8.7500000e+01;2.5276572e-01;8.7500000e+01;2.2026581e-01;8.7500000e+01;1.4401658e-01;8.7500000e+01;7.9382978e-02;8.7500000e+01;2.6050933e-02;8.7500000e+01;-2.0531088e-02;8.7500000e+01;-6.3906476e-02;8.7500000e+01;-1.0705475e-01;8.7500000e+01;-1.4975546e-01;8.7500000e+01;-1.9177116e-01;8.7500000e+01;-8.0073029e-02;8.7500000e+01;-4.9870562e-02;8.7500000e+01;-1.4039800e-03;8.7500000e+01;6.0277667e-02;8.7500000e+01;1.3280797e-01;8.7500000e+01;1.8714647e-01;8.7500000e+01;2.4213435e-01;8.7500000e+01;2.6661107e-01;8.7500000e+01;2.5276572e-01;8.7500000e+01;2.2026581e-01;8.7500000e+01;1.4401658e-01;8.7500000e+01;7.9382978e-02;8.7500000e+01;2.6050933e-02;8.7500000e+01;-2.0531088e-02;8.7500000e+01;-6.3906476e-02;8.7500000e+01;-1.0705475e-01;8.7500000e+01;-1.4975546e-01;8.7500000e+01;-1.9177116e-01;8.7500000e+01;-8.0073029e-02;8.7500000e+01;-4.9870562e-02;8.7500000e+01;-1.4039800e-03;8.7500000e+01;6.0277667e-02;8.7500000e+01;1.3280797e-01;8.7500000e+01;1.8714647e-01;8.7500000e+01;2.4213435e-01;8.7500000e+01;2.6661107e-01;8.7500000e+01;2.5276572e-01;8.7500000e+01;2.2026581e-01;8.7500000e+01;1.4401658e-01;8.7500000e+01;7.9382978e-02;8.7500000e+01;2.6050933e-02;8.7500000e+01;-2.0531088e-02;8.7500000e+01;-6.3906476e-02;8.7500000e+01;-1.0705475e-01;8.7500000e+01;-1.4975546e-01;8.7500000e+01;-1.9177116e-01;8.7500000e+01;-8.0073029e-02;8.7500000e+01;-4.9870562e-02;8.7500000e+01;-1.4039800e-03;8.7500000e+01;6.0277667e-02;8.7500000e+01;1.3280797e-01;8.7500000e+01;1.8714647e-01;8.7500000e+01;2.4213435e-01;8.7500000e+01;2.6661107e-01;8.7500000e+01;2.5276572e-01;8.7500000e+01;2.2026581e-01;8.7500000e+01;1.4401658e-01;8.7500000e+01;7.9382978e-02;8.7500000e+01;2.6050933e-02;8.7500000e+01;-2.0531088e-02;8.7500000e+01;-6.3906476e-02;8.7500000e+01;-1.0705475e-01;8.7500000e+01;-1.4975546e-01;8.7500000e+01;-1.9177116e-01;8.7500000e+01;-8.0073029e-02;8.7500000e+01;-4.9870562e-02;8.7500000e+01;-1.4039800e-03;8.7500000e+01;6.0277667e-02;8.7500000e+01;1.3280797e-01;8.7500000e+01;1.8714647e-01;8.7500000e+01;2.4213435e-01;8.7500000e+01;2.6661107e-01;8.7500000e+01;2.5276572e-01;8.7500000e+01;2.2026581e-01;8.7500000e+01;1.4401658e-01;8.7500000e+01;7.9382978e-02;8.7500000e+01;2.6050933e-02;8.7500000e+01;-2.0531088e-02;8.7500000e+01;-6.3906476e-02;8.7500000e+01;-1.0705475e-01;8.7500000e+01;-1.4975546e-01;8.7500000e+01;-1.9177116e-01;8.7500000e+01;-8.0073029e-02;8.7500000e+01;-4.9870562e-02;8.7500000e+01;-1.4039800e-03;8.7500000e+01;6.0277667e-02;8.7500000e+01;1.3280797e-01;8.7500000e+01;1.8714647e-01;8.7500000e+01;2.4213435e-01;8.7500000e+01;2.6661107e-01;8.7500000e+01;2.5276572e-01;8.7500000e+01;2.2026581e-01;8.7500000e+01;1.4401658e-01;8.7500000e+01;7.9382978e-02;8.7500000e+01;2.6050933e-02;8.7500000e+01;-2.0531088e-02;8.7500000e+01;-6.3906476e-02;8.7500000e+01;-1.0705475e-01;8.7500000e+01;-1.4975546e-01;8.7500000e+01;-1.9177116e-01;8.7500000e+01;-8.0073029e-02;8.7500000e+01;-4.9870562e-02;8.7500000e+01;-1.4039800e-03;8.7500000e+01;6.0277667e-02;8.7500000e+01;1.3280797e-01;8.7500000e+01;1.8714647e-01;8.7500000e+01;2.4213435e-01;8.7500000e+01;2.6661107e-01;8.7500000e+01;2.5276572e-01;8.7500000e+01;2.2026581e-01;8.7500000e+01;1.4401658e-01;8.7500000e+01;7.9382978e-02;8.7500000e+01;2.6050933e-02;8.7500000e+01;-2.0531088e-02;8.7500000e+01;-6.3906476e-02;8.7500000e+01;-1.0705475e-01;8.7500000e+01;-1.4975546e-01;8.7500000e+01;-1.9177116e-01;8.7500000e+01;-8.0073029e-02;8.7500000e+01;-4.9870562e-02;8.7500000e+01;-1.4039800e-03;8.7500000e+01;6.0277667e-02;8.7500000e+01;1.3280797e-01;8.7500000e+01;1.8714647e-01;8.7500000e+01;2.4213435e-01;8.7500000e+01;2.6661107e-01;8.7500000e+01;2.5276572e-01;8.7500000e+01;2.2026581e-01;8.7500000e+01;1.4401658e-01;8.7500000e+01;7.9382978e-02;8.7500000e+01;2.6050933e-02;8.7500000e+01;-2.0531088e-02;8.7500000e+01;-6.3906476e-02;8.7500000e+01;-1.0705475e-01;8.7500000e+01;-1.4975546e-01;8.7500000e+01;-1.9177116e-01;8.7500000e+01;-8.0073029e-02;8.7500000e+01;-4.9870562e-02;8.7500000e+01;-1.4039800e-03;8.7500000e+01;6.0277667e-02;8.7500000e+01;1.3280797e-01;8.7500000e+01;1.8714647e-01;8.7500000e+01;2.4213435e-01;8.7500000e+01;2.6661107e-01;8.7500000e+01;2.5276572e-01;8.7500000e+01;2.2026581e-01;8.7500000e+01;1.4401658e-01;8.7500000e+01;7.9382978e-02;8.7500000e+01;2.6050933e-02;8.7500000e+01;-2.0531088e-02;8.7500000e+01;-6.3906476e-02;8.7500000e+01;-1.0705475e-01;8.7500000e+01;-1.4975546e-01;8.7500000e+01;-1.9177116e-01;8.7500000e+01;-8.0073029e-02;8.7500000e+01;-4.9870562e-02;8.7500000e+01;-1.4039800e-03;8.7500000e+01;6.0277667e-02;8.7500000e+01;1.3280797e-01;8.7500000e+01;1.8714647e-01;8.7500000e+01;2.4213435e-01;8.7500000e+01;2.6661107e-01;8.7500000e+01;2.5276572e-01;8.7500000e+01;2.2026581e-01;8.7500000e+01;1.4401658e-01;8.7500000e+01;7.9382978e-02;8.7500000e+01;2.6050933e-02;8.7500000e+01;-2.0531088e-02;8.7500000e+01;-6.3906476e-02;8.7500000e+01;-1.0705475e-01;8.7500000e+01;-1.4975546e-01;8.7500000e+01;-1.9177116e-01;8.7500000e+01;-8.0073029e-02;8.7500000e+01;-4.9870562e-02;8.7500000e+01;-1.4039800e-03;8.7500000e+01;6.0277667e-02;8.7500000e+01;1.3280797e-01;8.7500000e+01;1.8714647e-01;8.7500000e+01;2.4213435e-01;8.7500000e+01;2.6661107e-01;8.7500000e+01;2.5276572e-01;8.7500000e+01;2.2026581e-01;8.7500000e+01;1.4401658e-01;8.7500000e+01;7.9382978e-02;8.7500000e+01;2.6050933e-02;8.7500000e+01;-2.0531088e-02;8.7500000e+01;-6.3906476e-02;8.7500000e+01;-1.0705475e-01;8.7500000e+01;-1.4975546e-01;8.7500000e+01;-1.9177116e-01;8.7500000e+01;-8.0073029e-02;8.7500000e+01;-4.9870562e-02;8.7500000e+01;-1.4039800e-03;8.7500000e+01;6.0277667e-02;8.7500000e+01;1.3280797e-01;8.7500000e+01;1.8714647e-01;8.7500000e+01;2.4213435e-01;8.7500000e+01;2.6661107e-01;8.7500000e+01;2.5276572e-01;8.7500000e+01;2.2026581e-01;8.7500000e+01;1.4401658e-01;8.7500000e+01;7.9382978e-02;8.7500000e+01;2.6050933e-02;8.7500000e+01;-2.0531088e-02;8.7500000e+01;-6.3906476e-02;8.7500000e+01;-1.0705475e-01;8.7500000e+01;-1.4975546e-01;8.7500000e+01;-1.9177116e-01;8.7500000e+01;-8.0073029e-02;8.7500000e+01;-4.9870562e-02;8.7500000e+01;-1.4039800e-03;8.7500000e+01;6.0277667e-02;8.7500000e+01;1.3280797e-01;8.7500000e+01;1.8714647e-01;8.7500000e+01;2.4213435e-01;8.7500000e+01;2.6661107e-01;8.7500000e+01;2.5276572e-01;8.7500000e+01;2.2026581e-01;8.7500000e+01;1.4401658e-01;8.7500000e+01;7.9382978e-02;8.7500000e+01;2.6050933e-02;8.7500000e+01;-2.0531088e-02;8.7500000e+01;-6.3906476e-02;8.7500000e+01;-1.0705475e-01;8.7500000e+01;-1.4975546e-01;8.7500000e+01;-1.9177116e-01;8.7500000e+01;-8.0073029e-02;8.7500000e+01;-4.9870562e-02;8.7500000e+01;-1.4039800e-03;8.7500000e+01;6.0277667e-02;8.7500000e+01;1.3280797e-01;8.7500000e+01;1.8714647e-01;8.7500000e+01;2.4213435e-01;8.7500000e+01;2.6661107e-01;8.7500000e+01;2.5276572e-01;8.7500000e+01;2.2026581e-01;8.7500000e+01;1.4401658e-01;8.7500000e+01;7.9382978e-02;8.7500000e+01;2.6050933e-02;8.7500000e+01;-2.0531088e-02;8.7500000e+01;-6.3906476e-02;8.7500000e+01;-1.0705475e-01;8.7500000e+01;-1.4975546e-01;8.7500000e+01;-1.9177116e-01;8.7500000e+01;-8.0073029e-02;8.7500000e+01;-4.9870562e-02;8.7500000e+01;-1.4039800e-03;8.7500000e+01;6.0277667e-02;8.7500000e+01;1.3280797e-01;8.7500000e+01;1.8714647e-01;8.7500000e+01;2.4213435e-01;8.7500000e+01;2.6661107e-01;8.7500000e+01;2.5276572e-01;8.7500000e+01;2.2026581e-01;8.7500000e+01;1.4401658e-01;8.7500000e+01;7.9382978e-02;8.7500000e+01;2.6050933e-02;8.7500000e+01;-2.0531088e-02;8.7500000e+01;-6.3906476e-02;8.7500000e+01;-1.0705475e-01;8.7500000e+01;-1.4975546e-01;8.7500000e+01;-1.9177116e-01;8.7500000e+01;-8.0073029e-02;8.7500000e+01;-4.9870562e-02;8.7500000e+01;-1.4039800e-03;8.7500000e+01;6.0277667e-02;8.7500000e+01;1.3280797e-01;8.7500000e+01;1.8714647e-01;8.7500000e+01;2.4213435e-01;8.7500000e+01;2.6661107e-01;8.7500000e+01;2.5276572e-01;8.7500000e+01;2.2026581e-01;8.7500000e+01;1.4401658e-01;8.7500000e+01;7.9382978e-02;8.7500000e+01;2.6050933e-02;8.7500000e+01;-2.0531088e-02;8.7500000e+01;-6.3906476e-02;8.7500000e+01;-1.0705475e-01;8.7500000e+01;-1.4975546e-01;8.7500000e+01;-1.9177116e-01;8.7500000e+01;-8.0073029e-02;8.7500000e+01;-4.9870562e-02;8.7500000e+01;-1.4039800e-03;8.7500000e+01;6.0277667e-02;8.7500000e+01;1.3280797e-01;8.7500000e+01;1.8714647e-01;8.7500000e+01;2.4213435e-01;8.7500000e+01;2.6661107e-01;8.7500000e+01;2.5276572e-01;8.7500000e+01;2.2026581e-01;8.7500000e+01;1.4401658e-01;8.7500000e+01;7.9382978e-02;8.7500000e+01;2.6050933e-02;8.7500000e+01;-2.0531088e-02;8.7500000e+01;-6.3906476e-02;8.7500000e+01;-1.0705475e-01;8.7500000e+01;-1.4975546e-01;8.7500000e+01;-1.9177116e-01;8.7500000e+01;-8.0073029e-02;8.7500000e+01;-4.9870562e-02;8.7500000e+01;-1.4039800e-03;8.7500000e+01;6.0277667e-02;8.7500000e+01;1.3280797e-01;8.7500000e+01;1.8714647e-01;8.7500000e+01;2.4213435e-01;8.7500000e+01;2.6661107e-01;8.7500000e+01;2.5276572e-01;8.7500000e+01;2.2026581e-01;8.7500000e+01;1.4401658e-01;8.7500000e+01;7.9382978e-02;8.7500000e+01;2.6050933e-02;8.7500000e+01;-2.0531088e-02;8.7500000e+01;-6.3906476e-02;8.7500000e+01;-1.0705475e-01;8.7500000e+01;-1.4975546e-01;8.7500000e+01;-1.9177116e-01;8.7500000e+01;-8.0073029e-02;8.7500000e+01;-4.9870562e-02;8.7500000e+01;-1.4039800e-03;8.7500000e+01;6.0277667e-02;8.7500000e+01;1.3280797e-01;8.7500000e+01;1.8714647e-01;8.7500000e+01;2.4213435e-01;8.7500000e+01;2.6661107e-01;8.7500000e+01;2.5276572e-01;8.7500000e+01;2.2026581e-01;8.7500000e+01;1.4401658e-01;8.7500000e+01;7.9382978e-02;8.7500000e+01;2.6050933e-02;8.7500000e+01;-2.0531088e-02;8.7500000e+01;-6.3906476e-02;8.7500000e+01;-1.0705475e-01;8.7500000e+01;-1.4975546e-01;8.7500000e+01;-1.9177116e-01;8.7500000e+01;-8.0073029e-02;8.7500000e+01;-4.9870562e-02;8.7500000e+01;-1.4039800e-03;8.7500000e+01;6.0277667e-02;8.7500000e+01;1.3280797e-01;8.7500000e+01;1.8714647e-01;8.7500000e+01;2.4213435e-01;8.7500000e+01;2.6661107e-01;8.7500000e+01;2.5276572e-01;8.7500000e+01;2.2026581e-01;8.7500000e+01;1.4401658e-01;8.7500000e+01;7.9382978e-02;8.7500000e+01;2.6050933e-02;8.7500000e+01;-2.0531088e-02;8.7500000e+01;-6.3906476e-02;8.7500000e+01;-1.0705475e-01;8.7500000e+01;-1.4975546e-01;8.7500000e+01;-1.9177116e-01;8.7500000e+01;-8.0073029e-02;8.7500000e+01;-4.9870562e-02;8.7500000e+01;-1.4039800e-03;8.7500000e+01;6.0277667e-02;8.7500000e+01;1.3280797e-01;8.7500000e+01;1.8714647e-01;8.7500000e+01;2.4213435e-01;8.7500000e+01;2.6661107e-01;8.7500000e+01;2.5276572e-01;8.7500000e+01;2.2026581e-01;8.7500000e+01;1.4401658e-01;8.7500000e+01;7.9382978e-02;8.7500000e+01;2.6050933e-02;8.7500000e+01;-2.0531088e-02;8.7500000e+01;-6.3906476e-02;8.7500000e+01;-1.0705475e-01;8.7500000e+01;-1.4975546e-01;8.7500000e+01;-1.9177116e-01;8.7500000e+01;-8.0073029e-02;8.7500000e+01;-4.9870562e-02;8.7500000e+01;-1.4039800e-03;8.7500000e+01;6.0277667e-02;8.7500000e+01;1.3280797e-01;8.7500000e+01;1.8714647e-01;8.7500000e+01;2.4213435e-01;8.7500000e+01;2.6661107e-01;8.7500000e+01;2.5276572e-01;8.7500000e+01;2.2026581e-01;8.7500000e+01;1.4401658e-01;8.7500000e+01;7.9382978e-02;8.7500000e+01;2.6050933e-02;8.7500000e+01;-2.0531088e-02;8.7500000e+01;-6.3906476e-02;8.7500000e+01;-1.0705475e-01;8.7500000e+01;-1.4975546e-01;8.7500000e+01;-1.9177116e-01;8.7500000e+01;-8.0073029e-02;8.7500000e+01;-4.9870562e-02;8.7500000e+01;-1.4039800e-03;8.7500000e+01;6.0277667e-02;8.7500000e+01;1.3280797e-01;8.7500000e+01;1.8714647e-01;8.7500000e+01;2.4213435e-01;8.7500000e+01;2.6661107e-01;8.7500000e+01;2.5276572e-01;8.7500000e+01;2.2026581e-01;8.7500000e+01;1.4401658e-01;8.7500000e+01;7.9382978e-02;8.7500000e+01;2.6050933e-02;8.7500000e+01;-2.0531088e-02;8.7500000e+01;-6.3906476e-02;8.7500000e+01;-1.0705475e-01;8.7500000e+01;-1.4975546e-01;8.7500000e+01;-1.9177116e-01;8.7500000e+01;-8.0073029e-02;8.7500000e+01;-4.9870562e-02;8.7500000e+01;-1.4039800e-03;8.7500000e+01;6.0277667e-02;8.7500000e+01;1.3280797e-01;8.7500000e+01;1.8714647e-01;8.7500000e+01;2.4213435e-01;8.7500000e+01;2.6661107e-01;8.7500000e+01;2.5276572e-01;8.7500000e+01;2.2026581e-01;8.7500000e+01;1.4401658e-01;8.7500000e+01;7.9382978e-02;8.7500000e+01;2.6050933e-02;8.7500000e+01;-2.0531088e-02;8.7500000e+01;-6.3906476e-02;8.7500000e+01;-1.0705475e-01;8.7500000e+01;-1.4975546e-01;8.7500000e+01;-1.9177116e-01
9.2500000e+01;-8.4266156e-02;9.2500000e+01;-6.0931932e-02;9.2500000e+01;-1.8315576e-02;9.2500000e+01;3.9630421e-02;9.2500000e+01;1.0849494e-01;9.2500000e+01;1.6033319e-01;9.2500000e+01;2.2221372e-01;9.2500000e+01;2.4476703e-01;9.2500000e+01;2.3298712e-01;9.2500000e+01;2.1310557e-01;9.2500000e+01;1.4144462e-01;9.2500000e+01;7.6500118e-02;9.2500000e+01;2.1895632e-02;9.2500000e+01;-2.5173046e-02;9.2500000e+01;-6.8848185e-02;9.2500000e+01;-1.1226430e-01;9.2500000e+01;-1.5527368e-01;9.2500000e+01;-1.9775015e-01;9.2500000e+01;-8.4266156e-02;9.2500000e+01;-6.0931932e-02;9.2500000e+01;-1.8315576e-02;9.2500000e+01;3.9630421e-02;9.2500000e+01;1.0849494e-01;9.2500000e+01;1.6033319e-01;9.2500000e+01;2.2221372e-01;9.2500000e+01;2.4476703e-01;9.2500000e+01;2.3298712e-01;9.2500000e+01;2.1310557e-01;9.2500000e+01;1.4144462e-01;9.2500000e+01;7.6500118e-02;9.2500000e+01;2.1895632e-02;9.2500000e+01;-2.5173046e-02;9.2500000e+01;-6.8848185e-02;9.2500000e+01;-1.1226430e-01;9.2500000e+01;-1.5527368e-01;9.2500000e+01;-1.9775015e-01;9.2500000e+01;-8.4266156e-02;9.2500000e+01;-6.0931932e-02;9.2500000e+01;-1.8315576e-02;9.2500000e+01;3.9630421e-02;9.2500000e+01;1.0849494e-01;9.2500000e+01;1.6033319e-01;9.2500000e+01;2.2221372e-01;9.2500000e+01;2.4476703e-01;9.2500000e+01;2.3298712e-01;9.2500000e+01;2.1310557e-01;9.2500000e+01;1.4144462e-01;9.2500000e+01;7.6500118e-02;9.2500000e+01;2.1895632e-02;9.2500000e+01;-2.5173046e-02;9.2500000e+01;-6.8848185e-02;9.2500000e+01;-1.1226430e-01;9.2500000e+01;-1.5527368e-01;9.2500000e+01;-1.9775015e-01;9.2500000e+01;-8.4266156e-02;9.2500000e+01;-6.0931932e-02;9.2500000e+01;-1.8315576e-02;9.2500000e+01;3.9630421e-02;9.2500000e+01;1.0849494e-01;9.2500000e+01;1.6033319e-01;9.2500000e+01;2.2221372e-01;9.2500000e+01;2.4476703e-01;9.2500000e+01;2.3298712e-01;9.2500000e+01;2.1310557e-01;9.2500000e+01;1.4144462e-01;9.2500000e+01;7.6500118e-02;9.2500000e+01;2.1895632e-02;9.2500000e+01;-2.5173046e-02;9.2500000e+01;-6.8848185e-02;9.2500000e+01;-1.1226430e-01;9.2500000e+01;-1.5527368e-01;9.2500000e+01;-1.9775015e-01;9.2500000e+01;-8.4266156e-02;9.2500000e+01;-6.0931932e-02;9.2500000e+01;-1.8315576e-02;9.2500000e+01;3.9630421e-02;9.2500000e+01;1.0849494e-01;9.2500000e+01;1.6033319e-01;9.2500000e+01;2.2221372e-01;9.2500000e+01;2.4476703e-01;9.2500000e+01;2.3298712e-01;9.2500000e+01;2.1310557e-01;9.2500000e+01;1.4144462e-01;9.2500000e+01;7.6500118e-02;9.2500000e+01;2.1895632e-02;9.2500000e+01;-2.5173046e-02;9.2500000e+01;-6.8848185e-02;9.2500000e+01;-1.1226430e-01;9.2500000e+01;-1.5527368e-01;9.2500000e+01;-1.9775015e-01;9.2500000e+01;-8.4266156e-02;9.2500000e+01;-6.0931932e-02;9.2500000e+01;-1.8315576e-02;9.2500000e+01;3.9630421e-02;9.2500000e+01;1.0849494e-01;9.2500000e+01;1.6033319e-01;9.2500000e+01;2.2221372e-01;9.2500000e+01;2.4476703e-01;9.2500000e+01;2.3298712e-01;9.2500000e+01;2.1310557e-01;9.2500000e+01;1.4144462e-01;9.2500000e+01;7.6500118e-02;9.2500000e+01;2.1895632e-02;9.2500000e+01;-2.5173046e-02;9.2500000e+01;-6.8848185e-02;9.2500000e+01;-1.1226430e-01;9.2500000e+01;-1.5527368e-01;9.2500000e+01;-1.9775015e-01;9.2500000e+01;-8.4266156e-02;9.2500000e+01;-6.0931932e-02;9.2500000e+01;-1.8315576e-02;9.2500000e+01;3.9630421e-02;9.2500000e+01;1.0849494e-01;9.2500000e+01;1.6033319e-01;9.2500000e+01;2.2221372e-01;9.2500000e+01;2.4476703e-01;9.2500000e+01;2.3298712e-01;9.2500000e+01;2.1310557e-01;9.2500000e+01;1.4144462e-01;9.2500000e+01;7.6500118e-02;9.2500000e+01;2.1895632e-02;9.2500000e+01;-2.5173046e-02;9.2500000e+01;-6.8848185e-02;9.2500000e+01;-1.1226430e-01;9.2500000e+01;-1.5527368e-01;9.2500000e+01;-1.9775015e-01;9.2500000e+01;-8.4266156e-02;9.2500000e+01;-6.0931932e-02;9.2500000e+01;-1.8315576e-02;9.2500000e+01;3.9630421e-02;9.2500000e+01;1.0849494e-01;9.2500000e+01;1.6033319e-01;9.2500000e+01;2.2221372e-01;9.2500000e+01;2.4476703e-01;9.2500000e+01;2.3298712e-01;9.2500000e+01;2.1310557e-01;9.2500000e+01;1.4144462e-01;9.2500000e+01;7.6500118e-02;9.2500000e+01;2.1895632e-02;9.2500000e+01;-2.5173046e-02;9.2500000e+01;-6.8848185e-02;9.2500000e+01;-1.1226430e-01;9.2500000e+01;-1.5527368e-01;9.2500000e+01;-1.9775015e-01;9.2500000e+01;-8.4266156e-02;9.2500000e+01;-6.0931932e-02;9.2500000e+01;-1.8315576e-02;9.2500000e+01;3.9630421e-02;9.2500000e+01;1.0849494e-01;9.2500000e+01;1.6033319e-01;9.2500000e+01;2.2221372e-01;9.2500000e+01;2.4476703e-01;9.2500000e+01;2.3298712e-01;9.2500000e+01;2.1310557e-01;9.2500000e+01;1.4144462e-01;9.2500000e+01;7.6500118e-02;9.2500000e+01;2.1895632e-02;9.2500000e+01;-2.5173046e-02;9.2500000e+01;-6.8848185e-02;9.2500000e+01;-1.1226430e-01;9.2500000e+01;-1.5527368e-01;9.2500000e+01;-1.9775015e-01;9.2500000e+01;-8.4266156e-02;9.2500000e+01;-6.0931932e-02;9.2500000e+01;-1.8315576e-02;9.2500000e+01;3.9630421e-02;9.2500000e+01;1.0849494e-01;9.2500000e+01;1.6033319e-01;9.2500000e+01;2.2221372e-01;9.2500000e+01;2.4476703e-01;9.2500000e+01;2.3298712e-01;9.2500000e+01;2.1310557e-01;9.2500000e+01;1.4144462e-01;9.2500000e+01;7.6500118e-02;9.2500000e+01;2.1895632e-02;9.2500000e+01;-2.5173046e-02;9.2500000e+01;-6.8848185e-02;9.2500000e+01;-1.1226430e-01;9.2500000e+01;-1.5527368e-01;9.2500000e+01;-1.9775015e-01;9.2500000e+01;-8.4266156e-02;9.2500000e+01;-6.0931932e-02;9.2500000e+01;-1.8315576e-02;9.2500000e+01;3.9630421e-02;9.2500000e+01;1.0849494e-01;9.2500000e+01;1.6033319e-01;9.2500000e+01;2.2221372e-01;9.2500000e+01;2.4476703e-01;9.2500000e+01;2.3298712e-01;9.2500000e+01;2.1310557e-01;9.2500000e+01;1.4144462e-01;9.2500000e+01;7.6500118e-02;9.2500000e+01;2.1895632e-02;9.2500000e+01;-2.5173046e-02;9.2500000e+01;-6.8848185e-02;9.2500000e+01;-1.1226430e-01;9.2500000e+01;-1.5527368e-01;9.2500000e+01;-1.9775015e-01;9.2500000e+01;-8.4266156e-02;9.2500000e+01;-6.0931932e-02;9.2500000e+01;-1.8315576e-02;9.2500000e+01;3.9630421e-02;9.2500000e+01;1.0849494e-01;9.2500000e+01;1.6033319e-01;9.2500000e+01;2.2221372e-01;9.2500000e+01;2.4476703e-01;9.2500000e+01;2.3298712e-01;9.2500000e+01;2.1310557e-01;9.2500000e+01;1.4144462e-01;9.2500000e+01;7.6500118e-02;9.2500000e+01;2.1895632e-02;9.2500000e+01;-2.5173046e-02;9.2500000e+01;-6.8848185e-02;9.2500000e+01;-1.1226430e-01;9.2500000e+01;-1.5527368e-01;9.2500000e+01;-1.9775015e-01;9.2500000e+01;-8.4266156e-02;9.2500000e+01;-6.0931932e-02;9.2500000e+01;-1.8315576e-02;9.2500000e+01;3.9630421e-02;9.2500000e+01;1.0849494e-01;9.2500000e+01;1.6033319e-01;9.2500000e+01;2.2221372e-01;9.2500000e+01;2.4476703e-01;9.2500000e+01;2.3298712e-01;9.2500000e+01;2.1310557e-01;9.2500000e+01;1.4144462e-01;9.2500000e+01;7.6500118e-02;9.2500000e+01;2.1895632e-02;9.2500000e+01;-2.5173046e-02;9.2500000e+01;-6.8848185e-02;9.2500000e+01;-1.1226430e-01;9.2500000e+01;-1.5527368e-01;9.2500000e+01;-1.9775015e-01;9.2500000e+01;-8.4266156e-02;9.2500000e+01;-6.0931932e-02;9.2500000e+01;-1.8315576e-02;9.2500000e+01;3.9630421e-02;9.2500000e+01;1.0849494e-01;9.2500000e+01;1.6033319e-01;9.2500000e+01;2.2221372e-01;9.2500000e+01;2.4476703e-01;9.2500000e+01;2.3298712e-01;9.2500000e+01;2.1310557e-01;9.2500000e+01;1.4144462e-01;9.2500000e+01;7.6500118e-02;9.2500000e+01;2.1895632e-02;9.2500000e+01;-2.5173046e-02;9.2500000e+01;-6.8848185e-02;9.2500000e+01;-1.1226430e-01;9.2500000e+01;-1.5527368e-01;9.2500000e+01;-1.9775015e-01;9.2500000e+01;-8.4266156e-02;9.2500000e+01;-6.0931932e-02;9.2500000e+01;-1.8315576e-02;9.2500000e+01;3.9630421e-02;9.2500000e+01;1.0849494e-01;9.2500000e+01;1.6033319e-01;9.2500000e+01;2.2221372e-01;9.2500000e+01;2.4476703e-01;9.2500000e+01;2.3298712e-01;9.2500000e+01;2.1310557e-01;9.2500000e+01;1.4144462e-01;9.2500000e+01;7.6500118e-02;9.2500000e+01;2.1895632e-02;9.2500000e+01;-2.5173046e-02;9.2500000e+01;-6.8848185e-02;9.2500000e+01;-1.1226430e-01;9.2500000e+01;-1.5527368e-01;9.2500000e+01;-1.9775015e-01;9.2500000e+01;-8.4266156e-02;9.2500000e+01;-6.0931932e-02;9.2500000e+01;-1.8315576e-02;9.2500000e+01;3.9630421e-02;9.2500000e+01;1.0849494e-01;9.2500000e+01;1.6033319e-01;9.2500000e+01;2.2221372e-01;9.2500000e+01;2.4476703e-01;9.2500000e+01;2.3298712e-01;9.2500000e+01;2.1310557e-01;9.2500000e+01;1.4144462e-01;9.2500000e+01;7.6500118e-02;9.2500000e+01;2.1895632e-02;9.2500000e+01;-2.5173046e-02;9.2500000e+01;-6.8848185e-02;9.2500000e+01;-1.1226430e-01;9.2500000e+01;-1.5527368e-01;9.2500000e+01;-1.9775015e-01;9.2500000e+01;-8.4266156e-02;9.2500000e+01;-6.0931932e-02;9.2500000e+01;-1.8315576e-02;9.2500000e+01;3.9630421e-02;9.2500000e+01;1.0849494e-01;9.2500000e+01;1.6033319e-01;9.2500000e+01;2.2221372e-01;9.2500000e+01;2.4476703e-01;9.2500000e+01;2.3298712e-01;9.2500000e+01;2.1310557e-01;9.2500000e+01;1.4144462e-01;9.2500000e+01;7.6500118e-02;9.2500000e+01;2.1895632e-02;9.2500000e+01;-2.5173046e-02;9.2500000e+01;-6.8848185e-02;9.2500000e+01;-1.1226430e-01;9.2500000e+01;-1.5527368e-01;9.2500000e+01;-1.9775015e-01;9.2500000e+01;-8.4266156e-02;9.2500000e+01;-6.0931932e-02;9.2500000e+01;-1.8315576e-02;9.2500000e+01;3.9630421e-02;9.2500000e+01;1.0849494e-01;9.2500000e+01;1.6033319e-01;9.2500000e+01;2.2221372e-01;9.2500000e+01;2.4476703e-01;9.2500000e+01;2.3298712e-01;9.2500000e+01;2.1310557e-01;9.2500000e+01;1.4144462e-01;9.2500000e+01;7.6500118e-02;9.2500000e+01;2.1895632e-02;9.2500000e+01;-2.5173046e-02;9.2500000e+01;-6.8848185e-02;9.2500000e+01;-1.1226430e-01;9.2500000e+01;-1.5527368e-01;9.2500000e+01;-1.9775015e-01;9.2500000e+01;-8.4266156e-02;9.2500000e+01;-6.0931932e-02;9.2500000e+01;-1.8315576e-02;9.2500000e+01;3.9630421e-02;9.2500000e+01;1.0849494e-01;9.2500000e+01;1.6033319e-01;9.2500000e+01;2.2221372e-01;9.2500000e+01;2.4476703e-01;9.2500000e+01;2.3298712e-01;9.2500000e+01;2.1310557e-01;9.2500000e+01;1.4144462e-01;9.2500000e+01;7.6500118e-02;9.2500000e+01;2.1895632e-02;9.2500000e+01;-2.5173046e-02;9.2500000e+01;-6.8848185e-02;9.2500000e+01;-1.1226430e-01;9.2500000e+01;-1.5527368e-01;9.2500000e+01;-1.9775015e-01;9.2500000e+01;-8.4266156e-02;9.2500000e+01;-6.0931932e-02;9.2500000e+01;-1.8315576e-02;9.2500000e+01;3.9630421e-02;9.2500000e+01;1.0849494e-01;9.2500000e+01;1.6033319e-01;9.2500000e+01;2.2221372e-01;9.2500000e+01;2.4476703e-01;9.2500000e+01;2.3298712e-01;9.2500000e+01;2.1310557e-01;9.2500000e+01;1.4144462e-01;9.2500000e+01;7.6500118e-02;9.2500000e+01;2.1895632e-02;9.2500000e+01;-2.5173046e-02;9.2500000e+01;-6.8848185e-02;9.2500000e+01;-1.1226430e-01;9.2500000e+01;-1.5527368e-01;9.2500000e+01;-1.9775015e-01;9.2500000e+01;-8.4266156e-02;9.2500000e+01;-6.0931932e-02;9.2500000e+01;-1.8315576e-02;9.2500000e+01;3.9630421e-02;9.2500000e+01;1.0849494e-01;9.2500000e+01;1.6033319e-01;9.2500000e+01;2.2221372e-01;9.2500000e+01;2.4476703e-01;9.2500000e+01;2.3298712e-01;9.2500000e+01;2.1310557e-01;9.2500000e+01;1.4144462e-01;9.2500000e+01;7.6500118e-02;9.2500000e+01;2.1895632e-02;9.2500000e+01;-2.5173046e-02;9.2500000e+01;-6.8848185e-02;9.2500000e+01;-1.1226430e-01;9.2500000e+01;-1.5527368e-01;9.2500000e+01;-1.9775015e-01;9.2500000e+01;-8.4266156e-02;9.2500000e+01;-6.0931932e-02;9.2500000e+01;-1.8315576e-02;9.2500000e+01;3.9630421e-02;9.2500000e+01;1.0849494e-01;9.2500000e+01;1.6033319e-01;9.2500000e+01;2.2221372e-01;9.2500000e+01;2.4476703e-01;9.2500000e+01;2.3298712e-01;9.2500000e+01;2.1310557e-01;9.2500000e+01;1.4144462e-01;9.2500000e+01;7.6500118e-02;9.2500000e+01;2.1895632e-02;9.2500000e+01;-2.5173046e-02;9.2500000e+01;-6.8848185e-02;9.2500000e+01;-1.1226430e-01;9.2500000e+01;-1.5527368e-01;9.2500000e+01;-1.9775015e-01;9.2500000e+01;-8.4266156e-02;9.2500000e+01;-6.0931932e-02;9.2500000e+01;-1.8315576e-02;9.2500000e+01;3.9630421e-02;9.2500000e+01;1.0849494e-01;9.2500000e+01;1.6033319e-01;9.2500000e+01;2.2221372e-01;9.2500000e+01;2.4476703e-01;9.2500000e+01;2.3298712e-01;9.2500000e+01;2.1310557e-01;9.2500000e+01;1.4144462e-01;9.2500000e+01;7.6500118e-02;9.2500000e+01;2.1895632e-02;9.2500000e+01;-2.5173046e-02;9.2500000e+01;-6.8848185e-02;9.2500000e+01;-1.1226430e-01;9.2500000e+01;-1.5527368e-01;9.2500000e+01;-1.9775015e-01;9.2500000e+01;-8.4266156e-02;9.2500000e+01;-6.0931932e-02;9.2500000e+01;-1.8315576e-02;9.2500000e+01;3.9630421e-02;9.2500000e+01;1.0849494e-01;9.2500000e+01;1.6033319e-01;9.2500000e+01;2.2221372e-01;9.2500000e+01;2.4476703e-01;9.2500000e+01;2.3298712e-01;9.2500000e+01;2.1310557e-01;9.2500000e+01;1.4144462e-01;9.2500000e+01;7.6500118e-02;9.2500000e+01;2.1895632e-02;9.2500000e+01;-2.5173046e-02;9.2500000e+01;-6.8848185e-02;9.2500000e+01;-1.1226430e-01;9.2500000e+01;-1.5527368e-01;9.2500000e+01;-1.9775015e-01;9.2500000e+01;-8.4266156e-02;9.2500000e+01;-6.0931932e-02;9.2500000e+01;-1.8315576e-02;9.2500000e+01;3.9630421e-02;9.2500000e+01;1.0849494e-01;9.2500000e+01;1.6033319e-01;9.2500000e+01;2.2221372e-01;9.2500000e+01;2.4476703e-01;9.2500000e+01;2.3298712e-01;9.2500000e+01;2.1310557e-01;9.2500000e+01;1.4144462e-01;9.2500000e+01;7.6500118e-02;9.2500000e+01;2.1895632e-02;9.2500000e+01;-2.5173046e-02;9.2500000e+01;-6.8848185e-02;9.2500000e+01;-1.1226430e-01;9.2500000e+01;-1.5527368e-01;9.2500000e+01;-1.9775015e-01;9.2500000e+01;-8.4266156e-02;9.2500000e+01;-6.0931932e-02;9.2500000e+01;-1.8315576e-02;9.2500000e+01;3.9630421e-02;9.2500000e+01;1.0849494e-01;9.2500000e+01;1.6033319e-01;9.2500000e+01;2.2221372e-01;9.2500000e+01;2.4476703e-01;9.2500000e+01;2.3298712e-01;9.2500000e+01;2.1310557e-01;9.2500000e+01;1.4144462e-01;9.2500000e+01;7.6500118e-02;9.2500000e+01;2.1895632e-02;9.2500000e+01;-2.5173046e-02;9.2500000e+01;-6.8848185e-02;9.2500000e+01;-1.1226430e-01;9.2500000e+01;-1.5527368e-01;9.2500000e+01;-1.9775015e-01;9.2500000e+01;-8.4266156e-02;9.2500000e+01;-6.0931932e-02;9.2500000e+01;-1.8315576e-02;9.2500000e+01;3.9630421e-02;9.2500000e+01;1.0849494e-01;9.2500000e+01;1.6033319e-01;9.2500000e+01;2.2221372e-01;9.2500000e+01;2.4476703e-01;9.2500000e+01;2.3298712e-01;9.2500000e+01;2.1310557e-01;9.2500000e+01;1.4144462e-01;9.2500000e+01;7.6500118e-02;9.2500000e+01;2.1895632e-02;9.2500000e+01;-2.5173046e-02;9.2500000e+01;-6.8848185e-02;9.2500000e+01;-1.1226430e-01;9.2500000e+01;-1.5527368e-01;9.2500000e+01;-1.9775015e-01;9.2500000e+01;-8.4266156e-02;9.2500000e+01;-6.0931932e-02;9.2500000e+01;-1.8315576e-02;9.2500000e+01;3.9630421e-02;9.2500000e+01;1.0849494e-01;9.2500000e+01;1.6033319e-01;9.2500000e+01;2.2221372e-01;9.2500000e+01;2.4476703e-01;9.2500000e+01;2.3298712e-01;9.2500000e+01;2.1310557e-01;9.2500000e+01;1.4144462e-01;9.2500000e+01;7.6500118e-02;9.2500000e+01;2.1895632e-02;9.2500000e+01;-2.5173046e-02;9.2500000e+01;-6.8848185e-02;9.2500000e+01;-1.1226430e-01;9.2500000e+01;-1.5527368e-01;9.2500000e+01;-1.9775015e-01;9.2500000e+01;-8.4266156e-02;9.2500000e+01;-6.0931932e-02;9.2500000e+01;-1.8315576e-02;9.2500000e+01;3.9630421e-02;9.2500000e+01;1.0849494e-01;9.2500000e+01;1.6033319e-01;9.2500000e+01;2.2221372e-01;9.2500000e+01;2.4476703e-01;9.2500000e+01;2.3298712e-01;9.2500000e+01;2.1310557e-01;9.2500000e+01;1.4144462e-01;9.2500000e+01;7.6500118e-02;9.2500000e+01;2.1895632e-02;9.2500000e+01;-2.5173046e-02;9.2500000e+01;-6.8848185e-02;9.2500000e+01;-1.1226430e-01;9.2500000e+01;-1.5527368e-01;9.2500000e+01;-1.9775015e-01;9.2500000e+01;-8.4266156e-02;9.2500000e+01;-6.0931932e-02;9.2500000e+01;-1.8315576e-02;9.2500000e+01;3.9630421e-02;9.2500000e+01;1.0849494e-01;9.2500000e+01;1.6033319e-01;9.2500000e+01;2.2221372e-01;9.2500000e+01;2.4476703e-01;9.2500000e+01;2.3298712e-01;9.2500000e+01;2.1310557e-01;9.2500000e+01;1.4144462e-01;9.2500000e+01;7.6500118e-02;9.2500000e+01;2.1895632e-02;9.2500000e+01;-2.5173046e-02;9.2500000e+01;-6.8848185e-02;9.2500000e+01;-1.1226430e-01;9.2500000e+01;-1.5527368e-01;9.2500000e+01;-1.9775015e-01;9.2500000e+01;-8.4266156e-02;9.2500000e+01;-6.0931932e-02;9.2500000e+01;-1.8315576e-02;9.2500000e+01;3.9630421e-02;9.2500000e+01;1.0849494e-01;9.2500000e+01;1.6033319e-01;9.2500000e+01;2.2221372e-01;9.2500000e+01;2.4476703e-01;9.2500000e+01;2.3298712e-01;9.2500000e+01;2.1310557e-01;9.2500000e+01;1.4144462e-01;9.2500000e+01;7.6500118e-02;9.2500000e+01;2.1895632e-02;9.2500000e+01;-2.5173046e-02;9.2500000e+01;-6.8848185e-02;9.2500000e+01;-1.1226430e-01;9.2500000e+01;-1.5527368e-01;9.2500000e+01;-1.9775015e-01;9.2500000e+01;-8.4266156e-02;9.2500000e+01;-6.0931932e-02;9.2500000e+01;-1.8315576e-02;9.2500000e+01;3.9630421e-02;9.2500000e+01;1.0849494e-01;9.2500000e+01;1.6033319e-01;9.2500000e+01;2.2221372e-01;9.2500000e+01;2.4476703e-01;9.2500000e+01;2.3298712e-01;9.2500000e+01;2.1310557e-01;9.2500000e+01;1.4144462e-01;9.2500000e+01;7.6500118e-02;9.2500000e+01;2.1895632e-02;9.2500000e+01;-2.5173046e-02;9.2500000e+01;-6.8848185e-02;9.2500000e+01;-1.1226430e-01;9.2500000e+01;-1.5527368e-01;9.2500000e+01;-1.9775015e-01;9.2500000e+01;-8.4266156e-02;9.2500000e+01;-6.0931932e-02;9.2500000e+01;-1.8315576e-02;9.2500000e+01;3.9630421e-02;9.2500000e+01;1.0849494e-01;9.2500000e+01;1.6033319e-01;9.2500000e+01;2.2221372e-01;9.2500000e+01;2.4476703e-01;9.2500000e+01;2.3298712e-01;9.2500000e+01;2.1310557e-01;9.2500000e+01;1.4144462e-01;9.2500000e+01;7.6500118e-02;9.2500000e+01;2.1895632e-02;9.2500000e+01;-2.5173046e-02;9.2500000e+01;-6.8848185e-02;9.2500000e+01;-1.1226430e-01;9.2500000e+01;-1.5527368e-01;9.2500000e+01;-1.9775015e-01;9.2500000e+01;-8.4266156e-02;9.2500000e+01;-6.0931932e-02;9.2500000e+01;-1.8315576e-02;9.2500000e+01;3.9630421e-02;9.2500000e+01;1.0849494e-01;9.2500000e+01;1.6033319e-01;9.2500000e+01;2.2221372e-01;9.2500000e+01;2.4476703e-01;9.2500000e+01;2.3298712e-01;9.2500000e+01;2.1310557e-01;9.2500000e+01;1.4144462e-01;9.2500000e+01;7.6500118e-02;9.2500000e+01;2.1895632e-02;9.2500000e+01;-2.5173046e-02;9.2500000e+01;-6.8848185e-02;9.2500000e+01;-1.1226430e-01;9.2500000e+01;-1.5527368e-01;9.2500000e+01;-1.9775015e-01;9.2500000e+01;-8.4266156e-02;9.2500000e+01;-6.0931932e-02;9.2500000e+01;-1.8315576e-02;9.2500000e+01;3.9630421e-02;9.2500000e+01;1.0849494e-01;9.2500000e+01;1.6033319e-01;9.2500000e+01;2.2221372e-01;9.2500000e+01;2.4476703e-01;9.2500000e+01;2.3298712e-01;9.2500000e+01;2.1310557e-01;9.2500000e+01;1.4144462e-01;9.2500000e+01;7.6500118e-02;9.2500000e+01;2.1895632e-02;9.2500000e+01;-2.5173046e-02;9.2500000e+01;-6.8848185e-02;9.2500000e+01;-1.1226430e-01;9.2500000e+01;-1.5527368e-01;9.2500000e+01;-1.9775015e-01;9.2500000e+01;-8.4266156e-02;9.2500000e+01;-6.0931932e-02;9.2500000e+01;-1.8315576e-02;9.2500000e+01;3.9630421e-02;9.2500000e+01;1.0849494e-01;9.2500000e+01;1.6033319e-01;9.2500000e+01;2.2221372e-01;9.2500000e+01;2.4476703e-01;9.2500000e+01;2.3298712e-01;9.2500000e+01;2.1310557e-01;9.2500000e+01;1.4144462e-01;9.2500000e+01;7.6500118e-02;9.2500000e+01;2.1895632e-02;9.2500000e+01;-2.5173046e-02;9.2500000e+01;-6.8848185e-02;9.2500000e+01;-1.1226430e-01;9.2500000e+01;-1.5527368e-01;9.2500000e+01;-1.9775015e-01;9.2500000e+01;-8.4266156e-02;9.2500000e+01;-6.0931932e-02;9.2500000e+01;-1.8315576e-02;9.2500000e+01;3.9630421e-02;9.2500000e+01;1.0849494e-01;9.2500000e+01;1.6033319e-01;9.2500000e+01;2.2221372e-01;9.2500000e+01;2.4476703e-01;9.2500000e+01;2.3298712e-01;9.2500000e+01;2.1310557e-01;9.2500000e+01;1.4144462e-01;9.2500000e+01;7.6500118e-02;9.2500000e+01;2.1895632e-02;9.2500000e+01;-2.5173046e-02;9.2500000e+01;-6.8848185e-02;9.2500000e+01;-1.1226430e-01;9.2500000e+01;-1.5527368e-01;9.2500000e+01;-1.9775015e-01;9.2500000e+01;-8.4266156e-02;9.2500000e+01;-6.0931932e-02;9.2500000e+01;-1.8315576e-02;9.2500000e+01;3.9630421e-02;9.2500000e+01;1.0849494e-01;9.2500000e+01;1.6033319e-01;9.2500000e+01;2.2221372e-01;9.2500000e+01;2.4476703e-01;9.2500000e+01;2.3298712e-01;9.2500000e+01;2.1310557e-01;9.2500000e+01;1.4144462e-01;9.2500000e+01;7.6500118e-02;9.2500000e+01;2.1895632e-02;9.2500000e+01;-2.5173046e-02;9.2500000e+01;-6.8848185e-02;9.2500000e+01;-1.1226430e-01;9.2500000e+01;-1.5527368e-01;9.2500000e+01;-1.9775015e-01;9.2500000e+01;-8.4266156e-02;9.2500000e+01;-6.0931932e-02;9.2500000e+01;-1.8315576e-02;9.2500000e+01;3.9630421e-02;9.2500000e+01;1.0849494e-01;9.2500000e+01;1.6033319e-01;9.2500000e+01;2.2221372e-01;9.2500000e+01;2.4476703e-01;9.2500000e+01;2.3298712e-01;9.2500000e+01;2.1310557e-01;9.2500000e+01;1.4144462e-01;9.2500000e+01;7.6500118e-02;9.2500000e+01;2.1895632e-02;9.2500000e+01;-2.5173046e-02;9.2500000e+01;-6.8848185e-02;9.2500000e+01;-1.1226430e-01;9.2500000e+01;-1.5527368e-01;9.2500000e+01;-1.9775015e-01;9.2500000e+01;-8.4266156e-02;9.2500000e+01;-6.0931932e-02;9.2500000e+01;-1.8315576e-02;9.2500000e+01;3.9630421e-02;9.2500000e+01;1.0849494e-01;9.2500000e+01;1.6033319e-01;9.2500000e+01;2.2221372e-01;9.2500000e+01;2.4476703e-01;9.2500000e+01;2.3298712e-01;9.2500000e+01;2.1310557e-01;9.2500000e+01;1.4144462e-01;9.2500000e+01;7.6500118e-02;9.2500000e+01;2.1895632e-02;9.2500000e+01;-2.5173046e-02;9.2500000e+01;-6.8848185e-02;9.2500000e+01;-1.1226430e-01;9.2500000e+01;-1.5527368e-01;9.2500000e+01;-1.9775015e-01;9.2500000e+01;-8.4266156e-02;9.2500000e+01;-6.0931932e-02;9.2500000e+01;-1.8315576e-02;9.2500000e+01;3.9630421e-02;9.2500000e+01;1.0849494e-01;9.2500000e+01;1.6033319e-01;9.2500000e+01;2.2221372e-01;9.2500000e+01;2.4476703e-01;9.2500000e+01;2.3298712e-01;9.2500000e+01;2.1310557e-01;9.2500000e+01;1.4144462e-01;9.2500000e+01;7.6500118e-02;9.2500000e+01;2.1895632e-02;9.2500000e+01;-2.5173046e-02;9.2500000e+01;-6.8848185e-02;9.2500000e+01;-1.1226430e-01;9.2500000e+01;-1.5527368e-01;9.2500000e+01;-1.9775015e-01;9.2500000e+01;-8.4266156e-02;9.2500000e+01;-6.0931932e-02;9.2500000e+01;-1.8315576e-02;9.2500000e+01;3.9630421e-02;9.2500000e+01;1.0849494e-01;9.2500000e+01;1.6033319e-01;9.2500000e+01;2.2221372e-01;9.2500000e+01;2.4476703e-01;9.2500000e+01;2.3298712e-01;9.2500000e+01;2.1310557e-01;9.2500000e+01;1.4144462e-01;9.2500000e+01;7.6500118e-02;9.2500000e+01;2.1895632e-02;9.2500000e+01;-2.5173046e-02;9.2500000e+01;-6.8848185e-02;9.2500000e+01;-1.1226430e-01;9.2500000e+01;-1.5527368e-01;9.2500000e+01;-1.9775015e-01;9.2500000e+01;-8.4266156e-02;9.2500000e+01;-6.0931932e-02;9.2500000e+01;-1.8315576e-02;9.2500000e+01;3.9630421e-02;9.2500000e+01;1.0849494e-01;9.2500000e+01;1.6033319e-01;9.2500000e+01;2.2221372e-01;9.2500000e+01;2.4476703e-01;9.2500000e+01;2.3298712e-01;9.2500000e+01;2.1310557e-01;9.2500000e+01;1.4144462e-01;9.2500000e+01;7.6500118e-02;9.2500000e+01;2.1895632e-02;9.2500000e+01;-2.5173046e-02;9.2500000e+01;-6.8848185e-02;9.2500000e+01;-1.1226430e-01;9.2500000e+01;-1.5527368e-01;9.2500000e+01;-1.9775015e-01;9.2500000e+01;-8.4266156e-02;9.2500000e+01;-6.0931932e-02;9.2500000e+01;-1.8315576e-02;9.2500000e+01;3.9630421e-02;9.2500000e+01;1.0849494e-01;9.2500000e+01;1.6033319e-01;9.2500000e+01;2.2221372e-01;9.2500000e+01;2.4476703e-01;9.2500000e+01;2.3298712e-01;9.2500000e+01;2.1310557e-01;9.2500000e+01;1.4144462e-01;9.2500000e+01;7.6500118e-02;9.2500000e+01;2.1895632e-02;9.2500000e+01;-2.5173046e-02;9.2500000e+01;-6.8848185e-02;9.2500000e+01;-1.1226430e-01;9.2500000e+01;-1.5527368e-01;9.2500000e+01;-1.9775015e-01;9.2500000e+01;-8.4266156e-02;9.2500000e+01;-6.0931932e-02;9.2500000e+01;-1.8315576e-02;9.2500000e+01;3.9630421e-02;9.2500000e+01;1.0849494e-01;9.2500000e+01;1.6033319e-01;9.2500000e+01;2.2221372e-01;9.2500000e+01;2.4476703e-01;9.2500000e+01;2.3298712e-01;9.2500000e+01;2.1310557e-01;9.2500000e+01;1.4144462e-01;9.2500000e+01;7.6500118e-02;9.2500000e+01;2.1895632e-02;9.2500000e+01;-2.5173046e-02;9.2500000e+01;-6.8848185e-02;9.2500000e+01;-1.1226430e-01;9.2500000e+01;-1.5527368e-01;9.2500000e+01;-1.9775015e-01;9.2500000e+01;-8.4266156e-02;9.2500000e+01;-6.0931932e-02;9.2500000e+01;-1.8315576e-02;9.2500000e+01;3.9630421e-02;9.2500000e+01;1.0849494e-01;9.2500000e+01;1.6033319e-01;9.2500000e+01;2.2221372e-01;9.2500000e+01;2.4476703e-01;9.2500000e+01;2.3298712e-01;9.2500000e+01;2.1310557e-01;9.2500000e+01;1.4144462e-01;9.2500000e+01;7.6500118e-02;9.2500000e+01;2.1895632e-02;9.2500000e+01;-2.5173046e-02;9.2500000e+01;-6.8848185e-02;9.2500000e+01;-1.1226430e-01;9.2500000e+01;-1.5527368e-01;9.2500000e+01;-1.9775015e-01;9.2500000e+01;-8.4266156e-02;9.2500000e+01;-6.0931932e-02;9.2500000e+01;-1.8315576e-02;9.2500000e+01;3.9630421e-02;9.2500000e+01;1.0849494e-01;9.2500000e+01;1.6033319e-01;9.2500000e+01;2.2221372e-01;9.2500000e+01;2.4476703e-01;9.2500000e+01;2.3298712e-01;9.2500000e+01;2.1310557e-01;9.2500000e+01;1.4144462e-01;9.2500000e+01;7.6500118e-02;9.2500000e+01;2.1895632e-02;9.2500000e+01;-2.5173046e-02;9.2500000e+01;-6.8848185e-02;9.2500000e+01;-1.1226430e-01;9.2500000e+01;-1.5527368e-01;9.2500000e+01;-1.9775015e-01;9.2500000e+01;-8.4266156e-02;9.2500000e+01;-6.0931932e-02;9.2500000e+01;-1.8315576e-02;9.2500000e+01;3.9630421e-02;9.2500000e+01;1.0849494e-01;9.2500000e+01;1.6033319e-01;9.2500000e+01;2.2221372e-01;9.2500000e+01;2.4476703e-01;9.2500000e+01;2.3298712e-01;9.2500000e+01;2.1310557e-01;9.2500000e+01;1.4144462e-01;9.2500000e+01;7.6500118e-02;9.2500000e+01;2.1895632e-02;9.2500000e+01;-2.5173046e-02;9.2500000e+01;-6.8848185e-02;9.2500000e+01;-1.1226430e-01;9.2500000e+01;-1.5527368e-01;9.2500000e+01;-1.9775015e-01;9.2500000e+01;-8.4266156e-02;9.2500000e+01;-6.0931932e-02;9.2500000e+01;-1.8315576e-02;9.2500000e+01;3.9630421e-02;9.2500000e+01;1.0849494e-01;9.2500000e+01;1.6033319e-01;9.2500000e+01;2.2221372e-01;9.2500000e+01;2.4476703e-01;9.2500000e+01;2.3298712e-01;9.2500000e+01;2.1310557e-01;9.2500000e+01;1.4144462e-01;9.2500000e+01;7.6500118e-02;9.2500000e+01;2.1895632e-02;9.2500000e+01;-2.5173046e-02;9.2500000e+01;-6.8848185e-02;9.2500000e+01;-1.1226430e-01;9.2500000e+01;-1.5527368e-01;9.2500000e+01;-1.9775015e-01;9.2500000e+01;-8.4266156e-02;9.2500000e+01;-6.0931932e-02;9.2500000e+01;-1.8315576e-02;9.2500000e+01;3.9630421e-02;9.2500000e+01;1.0849494e-01;9.2500000e+01;1.6033319e-01;9.2500000e+01;2.2221372e-01;9.2500000e+01;2.4476703e-01;9.2500000e+01;2.3298712e-01;9.2500000e+01;2.1310557e-01;9.2500000e+01;1.4144462e-01;9.2500000e+01;7.6500118e-02;9.2500000e+01;2.1895632e-02;9.2500000e+01;-2.5173046e-02;9.2500000e+01;-6.8848185e-02;9.2500000e+01;-1.1226430e-01;9.2500000e+01;-1.5527368e-01;9.2500000e+01;-1.9775015e-01;9.2500000e+01;-8.4266156e-02;9.2500000e+01;-6.0931932e-02;9.2500000e+01;-1.8315576e-02;9.2500000e+01;3.9630421e-02;9.2500000e+01;1.0849494e-01;9.2500000e+01;1.6033319e-01;9.2500000e+01;2.2221372e-01;9.2500000e+01;2.4476703e-01;9.2500000e+01;2.3298712e-01;9.2500000e+01;2.1310557e-01;9.2500000e+01;1.4144462e-01;9.2500000e+01;7.6500118e-02;9.2500000e+01;2.1895632e-02;9.2500000e+01;-2.5173046e-02;9.2500000e+01;-6.8848185e-02;9.2500000e+01;-1.1226430e-01;9.2500000e+01;-1.5527368e-01;9.2500000e+01;-1.9775015e-01;9.2500000e+01;-8.4266156e-02;9.2500000e+01;-6.0931932e-02;9.2500000e+01;-1.8315576e-02;9.2500000e+01;3.9630421e-02;9.2500000e+01;1.0849494e-01;9.2500000e+01;1.6033319e-01;9.2500000e+01;2.2221372e-01;9.2500000e+01;2.4476703e-01;9.2500000e+01;2.3298712e-01;9.2500000e+01;2.1310557e-01;9.2500000e+01;1.4144462e-01;9.2500000e+01;7.6500118e-02;9.2500000e+01;2.1895632e-02;9.2500000e+01;-2.5173046e-02;9.2500000e+01;-6.8848185e-02;9.2500000e+01;-1.1226430e-01;9.2500000e+01;-1.5527368e-01;9.2500000e+01;-1.9775015e-01;9.2500000e+01;-8.4266156e-02;9.2500000e+01;-6.0931932e-02;9.2500000e+01;-1.8315576e-02;9.2500000e+01;3.9630421e-02;9.2500000e+01;1.0849494e-01;9.2500000e+01;1.6033319e-01;9.2500000e+01;2.2221372e-01;9.2500000e+01;2.4476703e-01;9.2500000e+01;2.3298712e-01;9.2500000e+01;2.1310557e-01;9.2500000e+01;1.4144462e-01;9.2500000e+01;7.6500118e-02;9.2500000e+01;2.1895632e-02;9.2500000e+01;-2.5173046e-02;9.2500000e+01;-6.8848185e-02;9.2500000e+01;-1.1226430e-01;9.2500000e+01;-1.5527368e-01;9.2500000e+01;-1.9775015e-01;9.2500000e+01;-8.4266156e-02;9.2500000e+01;-6.0931932e-02;9.2500000e+01;-1.8315576e-02;9.2500000e+01;3.9630421e-02;9.2500000e+01;1.0849494e-01;9.2500000e+01;1.6033319e-01;9.2500000e+01;2.2221372e-01;9.2500000e+01;2.4476703e-01;9.2500000e+01;2.3298712e-01;9.2500000e+01;2.1310557e-01;9.2500000e+01;1.4144462e-01;9.2500000e+01;7.6500118e-02;9.2500000e+01;2.1895632e-02;9.2500000e+01;-2.5173046e-02;9.2500000e+01;-6.8848185e-02;9.2500000e+01;-1.1226430e-01;9.2500000e+01;-1.5527368e-01;9.2500000e+01;-1.9775015e-01;9.2500000e+01;-8.4266156e-02;9.2500000e+01;-6.0931932e-02;9.2500000e+01;-1.8315576e-02;9.2500000e+01;3.9630421e-02;9.2500000e+01;1.0849494e-01;9.2500000e+01;1.6033319e-01;9.2500000e+01;2.2221372e-01;9.2500000e+01;2.4476703e-01;9.2500000e+01;2.3298712e-01;9.2500000e+01;2.1310557e-01;9.2500000e+01;1.4144462e-01;9.2500000e+01;7.6500118e-02;9.2500000e+01;2.1895632e-02;9.2500000e+01;-2.5173046e-02;9.2500000e+01;-6.8848185e-02;9.2500000e+01;-1.1226430e-01;9.2500000e+01;-1.5527368e-01;9.2500000e+01;-1.9775015e-01;9.2500000e+01;-8.4266156e-02;9.2500000e+01;-6.0931932e-02;9.2500000e+01;-1.8315576e-02;9.2500000e+01;3.9630421e-02;9.2500000e+01;1.0849494e-01;9.2500000e+01;1.6033319e-01;9.2500000e+01;2.2221372e-01;9.2500000e+01;2.4476703e-01;9.2500000e+01;2.3298712e-01;9.2500000e+01;2.1310557e-01;9.2500000e+01;1.4144462e-01;9.2500000e+01;7.6500118e-02;9.2500000e+01;2.1895632e-02;9.2500000e+01;-2.5173046e-02;9.2500000e+01;-6.8848185e-02;9.2500000e+01;-1.1226430e-01;9.2500000e+01;-1.5527368e-01;9.2500000e+01;-1.9775015e-01;9.2500000e+01;-8.4266156e-02;9.2500000e+01;-6.0931932e-02;9.2500000e+01;-1.8315576e-02;9.2500000e+01;3.9630421e-02;9.2500000e+01;1.0849494e-01;9.2500000e+01;1.6033319e-01;9.2500000e+01;2.2221372e-01;9.2500000e+01;2.4476703e-01;9.2500000e+01;2.3298712e-01;9.2500000e+01;2.1310557e-01;9.2500000e+01;1.4144462e-01;9.2500000e+01;7.6500118e-02;9.2500000e+01;2.1895632e-02;9.2500000e+01;-2.5173046e-02;9.2500000e+01;-6.8848185e-02;9.2500000e+01;-1.1226430e-01;9.2500000e+01;-1.5527368e-01;9.2500000e+01;-1.9775015e-01;9.2500000e+01;-8.4266156e-02;9.2500000e+01;-6.0931932e-02;9.2500000e+01;-1.8315576e-02;9.2500000e+01;3.9630421e-02;9.2500000e+01;1.0849494e-01;9.2500000e+01;1.6033319e-01;9.2500000e+01;2.2221372e-01;9.2500000e+01;2.4476703e-01;9.2500000e+01;2.3298712e-01;9.2500000e+01;2.1310557e-01;9.2500000e+01;1.4144462e-01;9.2500000e+01;7.6500118e-02;9.2500000e+01;2.1895632e-02;9.2500000e+01;-2.5173046e-02;9.2500000e+01;-6.8848185e-02;9.2500000e+01;-1.1226430e-01;9.2500000e+01;-1.5527368e-01;9.2500000e+01;-1.9775015e-01;9.2500000e+01;-8.4266156e-02;9.2500000e+01;-6.0931932e-02;9.2500000e+01;-1.8315576e-02;9.2500000e+01;3.9630421e-02;9.2500000e+01;1.0849494e-01;9.2500000e+01;1.6033319e-01;9.2500000e+01;2.2221372e-01;9.2500000e+01;2.4476703e-01;9.2500000e+01;2.3298712e-01;9.2500000e+01;2.1310557e-01;9.2500000e+01;1.4144462e-01;9.2500000e+01;7.6500118e-02;9.2500000e+01;2.1895632e-02;9.2500000e+01;-2.5173046e-02;9.2500000e+01;-6.8848185e-02;9.2500000e+01;-1.1226430e-01;9.2500000e+01;-1.5527368e-01;9.2500000e+01;-1.9775015e-01;9.2500000e+01;-8.4266156e-02;9.2500000e+01;-6.0931932e-02;9.2500000e+01;-1.8315576e-02;9.2500000e+01;3.9630421e-02;9.2500000e+01;1.0849494e-01;9.2500000e+01;1.6033319e-01;9.2500000e+01;2.2221372e-01;9.2500000e+01;2.4476703e-01;9.2500000e+01;2.3298712e-01;9.2500000e+01;2.1310557e-01;9.2500000e+01;1.4144462e-01;9.2500000e+01;7.6500118e-02;9.2500000e+01;2.1895632e-02;9.2500000e+01;-2.5173046e-02;9.2500000e+01;-6.8848185e-02;9.2500000e+01;-1.1226430e-01;9.2500000e+01;-1.5527368e-01;9.2500000e+01;-1.9775015e-01;9.2500000e+01;-8.4266156e-02;9.2500000e+01;-6.0931932e-02;9.2500000e+01;-1.8315576e-02;9.2500000e+01;3.9630421e-02;9.2500000e+01;1.0849494e-01;9.2500000e+01;1.6033319e-01;9.2500000e+01;2.2221372e-01;9.2500000e+01;2.4476703e-01;9.2500000e+01;2.3298712e-01;9.2500000e+01;2.1310557e-01;9.2500000e+01;1.4144462e-01;9.2500000e+01;7.6500118e-02;9.2500000e+01;2.1895632e-02;9.2500000e+01;-2.5173046e-02;9.2500000e+01;-6.8848185e-02;9.2500000e+01;-1.1226430e-01;9.2500000e+01;-1.5527368e-01;9.2500000e+01;-1.9775015e-01;9.2500000e+01;-8.4266156e-02;9.2500000e+01;-6.0931932e-02;9.2500000e+01;-1.8315576e-02;9.2500000e+01;3.9630421e-02;9.2500000e+01;1.0849494e-01;9.2500000e+01;1.6033319e-01;9.2500000e+01;2.2221372e-01;9.2500000e+01;2.4476703e-01;9.2500000e+01;2.3298712e-01;9.2500000e+01;2.1310557e-01;9.2500000e+01;1.4144462e-01;9.2500000e+01;7.6500118e-02;9.2500000e+01;2.1895632e-02;9.2500000e+01;-2.5173046e-02;9.2500000e+01;-6.8848185e-02;9.2500000e+01;-1.1226430e-01;9.2500000e+01;-1.5527368e-01;9.2500000e+01;-1.9775015e-01;9.2500000e+01;-8.4266156e-02;9.2500000e+01;-6.0931932e-02;9.2500000e+01;-1.8315576e-02;9.2500000e+01;3.9630421e-02;9.2500000e+01;1.0849494e-01;9.2500000e+01;1.6033319e-01;9.2500000e+01;2.2221372e-01;9.2500000e+01;2.4476703e-01;9.2500000e+01;2.3298712e-01;9.2500000e+01;2.1310557e-01;9.2500000e+01;1.4144462e-01;9.2500000e+01;7.6500118e-02;9.2500000e+01;2.1895632e-02;9.2500000e+01;-2.5173046e-02;9.2500000e+01;-6.8848185e-02;9.2500000e+01;-1.1226430e-01;9.2500000e+01;-1.5527368e-01;9.2500000e+01;-1.9775015e-01;9.2500000e+01;-8.4266156e-02;9.2500000e+01;-6.0931932e-02;9.2500000e+01;-1.8315576e-02;9.2500000e+01;3.9630421e-02;9.2500000e+01;1.0849494e-01;9.2500000e+01;1.6033319e-01;9.2500000e+01;2.2221372e-01;9.2500000e+01;2.4476703e-01;9.2500000e+01;2.3298712e-01;9.2500000e+01;2.1310557e-01;9.2500000e+01;1.4144462e-01;9.2500000e+01;7.6500118e-02;9.2500000e+01;2.1895632e-02;9.2500000e+01;-2.5173046e-02;9.2500000e+01;-6.8848185e-02;9.2500000e+01;-1.1226430e-01;9.2500000e+01;-1.5527368e-01;9.2500000e+01;-1.9775015e-01;9.2500000e+01;-8.4266156e-02;9.2500000e+01;-6.0931932e-02;9.2500000e+01;-1.8315576e-02;9.2500000e+01;3.9630421e-02;9.2500000e+01;1.0849494e-01;9.2500000e+01;1.6033319e-01;9.2500000e+01;2.2221372e-01;9.2500000e+01;2.4476703e-01;9.2500000e+01;2.3298712e-01;9.2500000e+01;2.1310557e-01;9.2500000e+01;1.4144462e-01;9.2500000e+01;7.6500118e-02;9.2500000e+01;2.1895632e-02;9.2500000e+01;-2.5173046e-02;9.2500000e+01;-6.8848185e-02;9.2500000e+01;-1.1226430e-01;9.2500000e+01;-1.5527368e-01;9.2500000e+01;-1.9775015e-01;9.2500000e+01;-8.4266156e-02;9.2500000e+01;-6.0931932e-02;9.2500000e+01;-1.8315576e-02;9.2500000e+01;3.9630421e-02;9.2500000e+01;1.0849494e-01;9.2500000e+01;1.6033319e-01;9.2500000e+01;2.2221372e-01;9.2500000e+01;2.4476703e-01;9.2500000e+01;2.3298712e-01;9.2500000e+01;2.1310557e-01;9.2500000e+01;1.4144462e-01;9.2500000e+01;7.6500118e-02;9.2500000e+01;2.1895632e-02;9.2500000e+01;-2.5173046e-02;9.2500000e+01;-6.8848185e-02;9.2500000e+01;-1.1226430e-01;9.2500000e+01;-1.5527368e-01;9.2500000e+01;-1.9775015e-01;9.2500000e+01;-8.4266156e-02;9.2500000e+01;-6.0931932e-02;9.2500000e+01;-1.8315576e-02;9.2500000e+01;3.9630421e-02;9.2500000e+01;1.0849494e-01;9.2500000e+01;1.6033319e-01;9.2500000e+01;2.2221372e-01;9.2500000e+01;2.4476703e-01;9.2500000e+01;2.3298712e-01;9.2500000e+01;2.1310557e-01;9.2500000e+01;1.4144462e-01;9.2500000e+01;7.6500118e-02;9.2500000e+01;2.1895632e-02;9.2500000e+01;-2.5173046e-02;9.2500000e+01;-6.8848185e-02;9.2500000e+01;-1.1226430e-01;9.2500000e+01;-1.5527368e-01;9.2500000e+01;-1.9775015e-01;9.2500000e+01;-8.4266156e-02;9.2500000e+01;-6.0931932e-02;9.2500000e+01;-1.8315576e-02;9.2500000e+01;3.9630421e-02;9.2500000e+01;1.0849494e-01;9.2500000e+01;1.6033319e-01;9.2500000e+01;2.2221372e-01;9.2500000e+01;2.4476703e-01;9.2500000e+01;2.3298712e-01;9.2500000e+01;2.1310557e-01;9.2500000e+01;1.4144462e-01;9.2500000e+01;7.6500118e-02;9.2500000e+01;2.1895632e-02;9.2500000e+01;-2.5173046e-02;9.2500000e+01;-6.8848185e-02;9.2500000e+01;-1.1226430e-01;9.2500000e+01;-1.5527368e-01;9.2500000e+01;-1.9775015e-01;9.2500000e+01;-8.4266156e-02;9.2500000e+01;-6.0931932e-02;9.2500000e+01;-1.8315576e-02;9.2500000e+01;3.9630421e-02;9.2500000e+01;1.0849494e-01;9.2500000e+01;1.6033319e-01;9.2500000e+01;2.2221372e-01;9.2500000e+01;2.4476703e-01;9.2500000e+01;2.3298712e-01;9.2500000e+01;2.1310557e-01;9.2500000e+01;1.4144462e-01;9.2500000e+01;7.6500118e-02;9.2500000e+01;2.1895632e-02;9.2500000e+01;-2.5173046e-02;9.2500000e+01;-6.8848185e-02;9.2500000e+01;-1.1226430e-01;9.2500000e+01;-1.5527368e-01;9.2500000e+01;-1.9775015e-01;9.2500000e+01;-8.4266156e-02;9.2500000e+01;-6.0931932e-02;9.2500000e+01;-1.8315576e-02;9.2500000e+01;3.9630421e-02;9.2500000e+01;1.0849494e-01;9.2500000e+01;1.6033319e-01;9.2500000e+01;2.2221372e-01;9.2500000e+01;2.4476703e-01;9.2500000e+01;2.3298712e-01;9.2500000e+01;2.1310557e-01;9.2500000e+01;1.4144462e-01;9.2500000e+01;7.6500118e-02;9.2500000e+01;2.1895632e-02;9.2500000e+01;-2.5173046e-02;9.2500000e+01;-6.8848185e-02;9.2500000e+01;-1.1226430e-01;9.2500000e+01;-1.5527368e-01;9.2500000e+01;-1.9775015e-01;9.2500000e+01;-8.4266156e-02;9.2500000e+01;-6.0931932e-02;9.2500000e+01;-1.8315576e-02;9.2500000e+01;3.9630421e-02;9.2500000e+01;1.0849494e-01;9.2500000e+01;1.6033319e-01;9.2500000e+01;2.2221372e-01;9.2500000e+01;2.4476703e-01;9.2500000e+01;2.3298712e-01;9.2500000e+01;2.1310557e-01;9.2500000e+01;1.4144462e-01;9.2500000e+01;7.6500118e-02;9.2500000e+01;2.1895632e-02;9.2500000e+01;-2.5173046e-02;9.2500000e+01;-6.8848185e-02;9.2500000e+01;-1.1226430e-01;9.2500000e+01;-1.5527368e-01;9.2500000e+01;-1.9775015e-01;9.2500000e+01;-8.4266156e-02;9.2500000e+01;-6.0931932e-02;9.2500000e+01;-1.8315576e-02;9.2500000e+01;3.9630421e-02;9.2500000e+01;1.0849494e-01;9.2500000e+01;1.6033319e-01;9.2500000e+01;2.2221372e-01;9.2500000e+01;2.4476703e-01;9.2500000e+01;2.3298712e-01;9.2500000e+01;2.1310557e-01;9.2500000e+01;1.4144462e-01;9.2500000e+01;7.6500118e-02;9.2500000e+01;2.1895632e-02;9.2500000e+01;-2.5173046e-02;9.2500000e+01;-6.8848185e-02;9.2500000e+01;-1.1226430e-01;9.2500000e+01;-1.5527368e-01;9.2500000e+01;-1.9775015e-01;9.2500000e+01;-8.4266156e-02;9.2500000e+01;-6.0931932e-02;9.2500000e+01;-1.8315576e-02;9.2500000e+01;3.9630421e-02;9.2500000e+01;1.0849494e-01;9.2500000e+01;1.6033319e-01;9.2500000e+01;2.2221372e-01;9.2500000e+01;2.4476703e-01;9.2500000e+01;2.3298712e-01;9.2500000e+01;2.1310557e-01;9.2500000e+01;1.4144462e-01;9.2500000e+01;7.6500118e-02;9.2500000e+01;2.1895632e-02;9.2500000e+01;-2.5173046e-02;9.2500000e+01;-6.8848185e-02;9.2500000e+01;-1.1226430e-01;9.2500000e+01;-1.5527368e-01;9.2500000e+01;-1.9775015e-01;9.2500000e+01;-8.4266156e-02;9.2500000e+01;-6.0931932e-02;9.2500000e+01;-1.8315576e-02;9.2500000e+01;3.9630421e-02;9.2500000e+01;1.0849494e-01;9.2500000e+01;1.6033319e-01;9.2500000e+01;2.2221372e-01;9.2500000e+01;2.4476703e-01;9.2500000e+01;2.3298712e-01;9.2500000e+01;2.1310557e-01;9.2500000e+01;1.4144462e-01;9.2500000e+01;7.6500118e-02;9.2500000e+01;2.1895632e-02;9.2500000e+01;-2.5173046e-02;9.2500000e+01;-6.8848185e-02;9.2500000e+01;-1.1226430e-01;9.2500000e+01;-1.5527368e-01;9.2500000e+01;-1.9775015e-01;9.2500000e+01;-8.4266156e-02;9.2500000e+01;-6.0931932e-02;9.2500000e+01;-1.8315576e-02;9.2500000e+01;3.9630421e-02;9.2500000e+01;1.0849494e-01;9.2500000e+01;1.6033319e-01;9.2500000e+01;2.2221372e-01;9.2500000e+01;2.4476703e-01;9.2500000e+01;2.3298712e-01;9.2500000e+01;2.1310557e-01;9.2500000e+01;1.4144462e-01;9.2500000e+01;7.6500118e-02;9.2500000e+01;2.1895632e-02;9.2500000e+01;-2.5173046e-02;9.2500000e+01;-6.8848185e-02;9.2500000e+01;-1.1226430e-01;9.2500000e+01;-1.5527368e-01;9.2500000e+01;-1.9775015e-01;9.2500000e+01;-8.4266156e-02;9.2500000e+01;-6.0931932e-02;9.2500000e+01;-1.8315576e-02;9.2500000e+01;3.9630421e-02;9.2500000e+01;1.0849494e-01;9.2500000e+01;1.6033319e-01;9.2500000e+01;2.2221372e-01;9.2500000e+01;2.4476703e-01;9.2500000e+01;2.3298712e-01;9.2500000e+01;2.1310557e-01;9.2500000e+01;1.4144462e-01;9.2500000e+01;7.6500118e-02;9.2500000e+01;2.1895632e-02;9.2500000e+01;-2.5173046e-02;9.2500000e+01;-6.8848185e-02;9.2500000e+01;-1.1226430e-01;9.2500000e+01;-1.5527368e-01;9.2500000e+01;-1.9775015e-01;9.2500000e+01;-8.4266156e-02;9.2500000e+01;-6.0931932e-02;9.2500000e+01;-1.8315576e-02;9.2500000e+01;3.9630421e-02;9.2500000e+01;1.0849494e-01;9.2500000e+01;1.6033319e-01;9.2500000e+01;2.2221372e-01;9.2500000e+01;2.4476703e-01;9.2500000e+01;2.3298712e-01;9.2500000e+01;2.1310557e-01;9.2500000e+01;1.4144462e-01;9.2500000e+01;7.6500118e-02;9.2500000e+01;2.1895632e-02;9.2500000e+01;-2.5173046e-02;9.2500000e+01;-6.8848185e-02;9.2500000e+01;-1.1226430e-01;9.2500000e+01;-1.5527368e-01;9.2500000e+01;-1.9775015e-01;9.2500000e+01;-8.4266156e-02;9.2500000e+01;-6.0931932e-02;9.2500000e+01;-1.8315576e-02;9.2500000e+01;3.9630421e-02;9.2500000e+01;1.0849494e-01;9.2500000e+01;1.6033319e-01;9.2500000e+01;2.2221372e-01;9.2500000e+01;2.4476703e-01;9.2500000e+01;2.3298712e-01;9.2500000e+01;2.1310557e-01;9.2500000e+01;1.4144462e-01;9.2500000e+01;7.6500118e-02;9.2500000e+01;2.1895632e-02;9.2500000e+01;-2.5173046e-02;9.2500000e+01;-6.8848185e-02;9.2500000e+01;-1.1226430e-01;9.2500000e+01;-1.5527368e-01;9.2500000e+01;-1.9775015e-01;9.2500000e+01;-8.4266156e-02;9.2500000e+01;-6.0931932e-02;9.2500000e+01;-1.8315576e-02;9.2500000e+01;3.9630421e-02;9.2500000e+01;1.0849494e-01;9.2500000e+01;1.6033319e-01;9.2500000e+01;2.2221372e-01;9.2500000e+01;2.4476703e-01;9.2500000e+01;2.3298712e-01;9.2500000e+01;2.1310557e-01;9.2500000e+01;1.4144462e-01;9.2500000e+01;7.6500118e-02;9.2500000e+01;2.1895632e-02;9.2500000e+01;-2.5173046e-02;9.2500000e+01;-6.8848185e-02;9.2500000e+01;-1.1226430e-01;9.2500000e+01;-1.5527368e-01;9.2500000e+01;-1.9775015e-01;9.2500000e+01;-8.4266156e-02;9.2500000e+01;-6.0931932e-02;9.2500000e+01;-1.8315576e-02;9.2500000e+01;3.9630421e-02;9.2500000e+01;1.0849494e-01;9.2500000e+01;1.6033319e-01;9.2500000e+01;2.2221372e-01;9.2500000e+01;2.4476703e-01;9.2500000e+01;2.3298712e-01;9.2500000e+01;2.1310557e-01;9.2500000e+01;1.4144462e-01;9.2500000e+01;7.6500118e-02;9.2500000e+01;2.1895632e-02;9.2500000e+01;-2.5173046e-02;9.2500000e+01;-6.8848185e-02;9.2500000e+01;-1.1226430e-01;9.2500000e+01;-1.5527368e-01;9.2500000e+01;-1.9775015e-01;9.2500000e+01;-8.4266156e-02;9.2500000e+01;-6.0931932e-02;9.2500000e+01;-1.8315576e-02;9.2500000e+01;3.9630421e-02;9.2500000e+01;1.0849494e-01;9.2500000e+01;1.6033319e-01;9.2500000e+01;2.2221372e-01;9.2500000e+01;2.4476703e-01;9.2500000e+01;2.3298712e-01;9.2500000e+01;2.1310557e-01;9.2500000e+01;1.4144462e-01;9.2500000e+01;7.6500118e-02;9.2500000e+01;2.1895632e-02;9.2500000e+01;-2.5173046e-02;9.2500000e+01;-6.8848185e-02;9.2500000e+01;-1.1226430e-01;9.2500000e+01;-1.5527368e-01;9.2500000e+01;-1.9775015e-01;9.2500000e+01;-8.4266156e-02;9.2500000e+01;-6.0931932e-02;9.2500000e+01;-1.8315576e-02;9.2500000e+01;3.9630421e-02;9.2500000e+01;1.0849494e-01;9.2500000e+01;1.6033319e-01;9.2500000e+01;2.2221372e-01;9.2500000e+01;2.4476703e-01;9.2500000e+01;2.3298712e-01;9.2500000e+01;2.1310557e-01;9.2500000e+01;1.4144462e-01;9.2500000e+01;7.6500118e-02;9.2500000e+01;2.1895632e-02;9.2500000e+01;-2.5173046e-02;9.2500000e+01;-6.8848185e-02;9.2500000e+01;-1.1226430e-01;9.2500000e+01;-1.5527368e-01;9.2500000e+01;-1.9775015e-01;9.2500000e+01;-8.4266156e-02;9.2500000e+01;-6.0931932e-02;9.2500000e+01;-1.8315576e-02;9.2500000e+01;3.9630421e-02;9.2500000e+01;1.0849494e-01;9.2500000e+01;1.6033319e-01;9.2500000e+01;2.2221372e-01;9.2500000e+01;2.4476703e-01;9.2500000e+01;2.3298712e-01;9.2500000e+01;2.1310557e-01;9.2500000e+01;1.4144462e-01;9.2500000e+01;7.6500118e-02;9.2500000e+01;2.1895632e-02;9.2500000e+01;-2.5173046e-02;9.2500000e+01;-6.8848185e-02;9.2500000e+01;-1.1226430e-01;9.2500000e+01;-1.5527368e-01;9.2500000e+01;-1.9775015e-01;9.2500000e+01;-8.4266156e-02;9.2500000e+01;-6.0931932e-02;9.2500000e+01;-1.8315576e-02;9.2500000e+01;3.9630421e-02;9.2500000e+01;1.0849494e-01;9.2500000e+01;1.6033319e-01;9.2500000e+01;2.2221372e-01;9.2500000e+01;2.4476703e-01;9.2500000e+01;2.3298712e-01;9.2500000e+01;2.1310557e-01;9.2500000e+01;1.4144462e-01;9.2500000e+01;7.6500118e-02;9.2500000e+01;2.1895632e-02;9.2500000e+01;-2.5173046e-02;9.2500000e+01;-6.8848185e-02;9.2500000e+01;-1.1226430e-01;9.2500000e+01;-1.5527368e-01;9.2500000e+01;-1.9775015e-01;9.2500000e+01;-8.4266156e-02;9.2500000e+01;-6.0931932e-02;9.2500000e+01;-1.8315576e-02;9.2500000e+01;3.9630421e-02;9.2500000e+01;1.0849494e-01;9.2500000e+01;1.6033319e-01;9.2500000e+01;2.2221372e-01;9.2500000e+01;2.4476703e-01;9.2500000e+01;2.3298712e-01;9.2500000e+01;2.1310557e-01;9.2500000e+01;1.4144462e-01;9.2500000e+01;7.6500118e-02;9.2500000e+01;2.1895632e-02;9.2500000e+01;-2.5173046e-02;9.2500000e+01;-6.8848185e-02;9.2500000e+01;-1.1226430e-01;9.2500000e+01;-1.5527368e-01;9.2500000e+01;-1.9775015e-01;9.2500000e+01;-8.4266156e-02;9.2500000e+01;-6.0931932e-02;9.2500000e+01;-1.8315576e-02;9.2500000e+01;3.9630421e-02;9.2500000e+01;1.0849494e-01;9.2500000e+01;1.6033319e-01;9.2500000e+01;2.2221372e-01;9.2500000e+01;2.4476703e-01;9.2500000e+01;2.3298712e-01;9.2500000e+01;2.1310557e-01;9.2500000e+01;1.4144462e-01;9.2500000e+01;7.6500118e-02;9.2500000e+01;2.1895632e-02;9.2500000e+01;-2.5173046e-02;9.2500000e+01;-6.8848185e-02;9.2500000e+01;-1.1226430e-01;9.2500000e+01;-1.5527368e-01;9.2500000e+01;-1.9775015e-01;9.2500000e+01;-8.4266156e-02;9.2500000e+01;-6.0931932e-02;9.2500000e+01;-1.8315576e-02;9.2500000e+01;3.9630421e-02;9.2500000e+01;1.0849494e-01;9.2500000e+01;1.6033319e-01;9.2500000e+01;2.2221372e-01;9.2500000e+01;2.4476703e-01;9.2500000e+01;2.3298712e-01;9.2500000e+01;2.1310557e-01;9.2500000e+01;1.4144462e-01;9.2500000e+01;7.6500118e-02;9.2500000e+01;2.1895632e-02;9.2500000e+01;-2.5173046e-02;9.2500000e+01;-6.8848185e-02;9.2500000e+01;-1.1226430e-01;9.2500000e+01;-1.5527368e-01;9.2500000e+01;-1.9775015e-01;9.2500000e+01;-8.4266156e-02;9.2500000e+01;-6.0931932e-02;9.2500000e+01;-1.8315576e-02;9.2500000e+01;3.9630421e-02;9.2500000e+01;1.0849494e-01;9.2500000e+01;1.6033319e-01;9.2500000e+01;2.2221372e-01;9.2500000e+01;2.4476703e-01;9.2500000e+01;2.3298712e-01;9.2500000e+01;2.1310557e-01;9.2500000e+01;1.4144462e-01;9.2500000e+01;7.6500118e-02;9.2500000e+01;2.1895632e-02;9.2500000e+01;-2.5173046e-02;9.2500000e+01;-6.8848185e-02;9.2500000e+01;-1.1226430e-01;9.2500000e+01;-1.5527368e-01;9.2500000e+01;-1.9775015e-01;9.2500000e+01;-8.4266156e-02;9.2500000e+01;-6.0931932e-02;9.2500000e+01;-1.8315576e-02;9.2500000e+01;3.9630421e-02;9.2500000e+01;1.0849494e-01;9.2500000e+01;1.6033319e-01;9.2500000e+01;2.2221372e-01;9.2500000e+01;2.4476703e-01;9.2500000e+01;2.3298712e-01;9.2500000e+01;2.1310557e-01;9.2500000e+01;1.4144462e-01;9.2500000e+01;7.6500118e-02;9.2500000e+01;2.1895632e-02;9.2500000e+01;-2.5173046e-02;9.2500000e+01;-6.8848185e-02;9.2500000e+01;-1.1226430e-01;9.2500000e+01;-1.5527368e-01;9.2500000e+01;-1.9775015e-01;9.2500000e+01;-8.4266156e-02;9.2500000e+01;-6.0931932e-02;9.2500000e+01;-1.8315576e-02;9.2500000e+01;3.9630421e-02;9.2500000e+01;1.0849494e-01;9.2500000e+01;1.6033319e-01;9.2500000e+01;2.2221372e-01;9.2500000e+01;2.4476703e-01;9.2500000e+01;2.3298712e-01;9.2500000e+01;2.1310557e-01;9.2500000e+01;1.4144462e-01;9.2500000e+01;7.6500118e-02;9.2500000e+01;2.1895632e-02;9.2500000e+01;-2.5173046e-02;9.2500000e+01;-6.8848185e-02;9.2500000e+01;-1.1226430e-01;9.2500000e+01;-1.5527368e-01;9.2500000e+01;-1.9775015e-01;9.2500000e+01;-8.4266156e-02;9.2500000e+01;-6.0931932e-02;9.2500000e+01;-1.8315576e-02;9.2500000e+01;3.9630421e-02;9.2500000e+01;1.0849494e-01;9.2500000e+01;1.6033319e-01;9.2500000e+01;2.2221372e-01;9.2500000e+01;2.4476703e-01;9.2500000e+01;2.3298712e-01;9.2500000e+01;2.1310557e-01;9.2500000e+01;1.4144462e-01;9.2500000e+01;7.6500118e-02;9.2500000e+01;2.1895632e-02;9.2500000e+01;-2.5173046e-02;9.2500000e+01;-6.8848185e-02;9.2500000e+01;-1.1226430e-01;9.2500000e+01;-1.5527368e-01;9.2500000e+01;-1.9775015e-01;9.2500000e+01;-8.4266156e-02;9.2500000e+01;-6.0931932e-02;9.2500000e+01;-1.8315576e-02;9.2500000e+01;3.9630421e-02;9.2500000e+01;1.0849494e-01;9.2500000e+01;1.6033319e-01;9.2500000e+01;2.2221372e-01;9.2500000e+01;2.4476703e-01;9.2500000e+01;2.3298712e-01;9.2500000e+01;2.1310557e-01;9.2500000e+01;1.4144462e-01;9.2500000e+01;7.6500118e-02;9.2500000e+01;2.1895632e-02;9.2500000e+01;-2.5173046e-02;9.2500000e+01;-6.8848185e-02;9.2500000e+01;-1.1226430e-01;9.2500000e+01;-1.5527368e-01;9.2500000e+01;-1.9775015e-01;9.2500000e+01;-8.4266156e-02;9.2500000e+01;-6.0931932e-02;9.2500000e+01;-1.8315576e-02;9.2500000e+01;3.9630421e-02;9.2500000e+01;1.0849494e-01;9.2500000e+01;1.6033319e-01;9.2500000e+01;2.2221372e-01;9.2500000e+01;2.4476703e-01;9.2500000e+01;2.3298712e-01;9.2500000e+01;2.1310557e-01;9.2500000e+01;1.4144462e-01;9.2500000e+01;7.6500118e-02;9.2500000e+01;2.1895632e-02;9.2500000e+01;-2.5173046e-02;9.2500000e+01;-6.8848185e-02;9.2500000e+01;-1.1226430e-01;9.2500000e+01;-1.5527368e-01;9.2500000e+01;-1.9775015e-01;9.2500000e+01;-8.4266156e-02;9.2500000e+01;-6.0931932e-02;9.2500000e+01;-1.8315576e-02;9.2500000e+01;3.9630421e-02;9.2500000e+01;1.0849494e-01;9.2500000e+01;1.6033319e-01;9.2500000e+01;2.2221372e-01;9.2500000e+01;2.4476703e-01;9.2500000e+01;2.3298712e-01;9.2500000e+01;2.1310557e-01;9.2500000e+01;1.4144462e-01;9.2500000e+01;7.6500118e-02;9.2500000e+01;2.1895632e-02;9.2500000e+01;-2.5173046e-02;9.2500000e+01;-6.8848185e-02;9.2500000e+01;-1.1226430e-01;9.2500000e+01;-1.5527368e-01;9.2500000e+01;-1.9775015e-01;9.2500000e+01;-8.4266156e-02;9.2500000e+01;-6.0931932e-02;9.2500000e+01;-1.8315576e-02;9.2500000e+01;3.9630421e-02;9.2500000e+01;1.0849494e-01;9.2500000e+01;1.6033319e-01;9.2500000e+01;2.2221372e-01;9.2500000e+01;2.4476703e-01;9.2500000e+01;2.3298712e-01;9.2500000e+01;2.1310557e-01;9.2500000e+01;1.4144462e-01;9.2500000e+01;7.6500118e-02;9.2500000e+01;2.1895632e-02;9.2500000e+01;-2.5173046e-02;9.2500000e+01;-6.8848185e-02;9.2500000e+01;-1.1226430e-01;9.2500000e+01;-1.5527368e-01;9.2500000e+01;-1.9775015e-01;9.2500000e+01;-8.4266156e-02;9.2500000e+01;-6.0931932e-02;9.2500000e+01;-1.8315576e-02;9.2500000e+01;3.9630421e-02;9.2500000e+01;1.0849494e-01;9.2500000e+01;1.6033319e-01;9.2500000e+01;2.2221372e-01;9.2500000e+01;2.4476703e-01;9.2500000e+01;2.3298712e-01;9.2500000e+01;2.1310557e-01;9.2500000e+01;1.4144462e-01;9.2500000e+01;7.6500118e-02;9.2500000e+01;2.1895632e-02;9.2500000e+01;-2.5173046e-02;9.2500000e+01;-6.8848185e-02;9.2500000e+01;-1.1226430e-01;9.2500000e+01;-1.5527368e-01;9.2500000e+01;-1.9775015e-01;9.2500000e+01;-8.4266156e-02;9.2500000e+01;-6.0931932e-02;9.2500000e+01;-1.8315576e-02;9.2500000e+01;3.9630421e-02;9.2500000e+01;1.0849494e-01;9.2500000e+01;1.6033319e-01;9.2500000e+01;2.2221372e-01;9.2500000e+01;2.4476703e-01;9.2500000e+01;2.3298712e-01;9.2500000e+01;2.1310557e-01;9.2500000e+01;1.4144462e-01;9.2500000e+01;7.6500118e-02;9.2500000e+01;2.1895632e-02;9.2500000e+01;-2.5173046e-02;9.2500000e+01;-6.8848185e-02;9.2500000e+01;-1.1226430e-01;9.2500000e+01;-1.5527368e-01;9.2500000e+01;-1.9775015e-01;9.2500000e+01;-8.4266156e-02;9.2500000e+01;-6.0931932e-02;9.2500000e+01;-1.8315576e-02;9.2500000e+01;3.9630421e-02;9.2500000e+01;1.0849494e-01;9.2500000e+01;1.6033319e-01;9.2500000e+01;2.2221372e-01;9.2500000e+01;2.4476703e-01;9.2500000e+01;2.3298712e-01;9.2500000e+01;2.1310557e-01;9.2500000e+01;1.4144462e-01;9.2500000e+01;7.6500118e-02;9.2500000e+01;2.1895632e-02;9.2500000e+01;-2.5173046e-02;9.2500000e+01;-6.8848185e-02;9.2500000e+01;-1.1226430e-01;9.2500000e+01;-1.5527368e-01;9.2500000e+01;-1.9775015e-01;9.2500000e+01;-8.4266156e-02;9.2500000e+01;-6.0931932e-02;9.2500000e+01;-1.8315576e-02;9.2500000e+01;3.9630421e-02;9.2500000e+01;1.0849494e-01;9.2500000e+01;1.6033319e-01;9.2500000e+01;2.2221372e-01;9.2500000e+01;2.4476703e-01;9.2500000e+01;2.3298712e-01;9.2500000e+01;2.1310557e-01;9.2500000e+01;1.4144462e-01;9.2500000e+01;7.6500118e-02;9.2500000e+01;2.1895632e-02;9.2500000e+01;-2.5173046e-02;9.2500000e+01;-6.8848185e-02;9.2500000e+01;-1.1226430e-01;9.2500000e+01;-1.5527368e-01;9.2500000e+01;-1.9775015e-01;9.2500000e+01;-8.4266156e-02;9.2500000e+01;-6.0931932e-02;9.2500000e+01;-1.8315576e-02;9.2500000e+01;3.9630421e-02;9.2500000e+01;1.0849494e-01;9.2500000e+01;1.6033319e-01;9.2500000e+01;2.2221372e-01;9.2500000e+01;2.4476703e-01;9.2500000e+01;2.3298712e-01;9.2500000e+01;2.1310557e-01;9.2500000e+01;1.4144462e-01;9.2500000e+01;7.6500118e-02;9.2500000e+01;2.1895632e-02;9.2500000e+01;-2.5173046e-02;9.2500000e+01;-6.8848185e-02;9.2500000e+01;-1.1226430e-01;9.2500000e+01;-1.5527368e-01;9.2500000e+01;-1.9775015e-01;9.2500000e+01;-8.4266156e-02;9.2500000e+01;-6.0931932e-02;9.2500000e+01;-1.8315576e-02;9.2500000e+01;3.9630421e-02;9.2500000e+01;1.0849494e-01;9.2500000e+01;1.6033319e-01;9.2500000e+01;2.2221372e-01;9.2500000e+01;2.4476703e-01;9.2500000e+01;2.3298712e-01;9.2500000e+01;2.1310557e-01;9.2500000e+01;1.4144462e-01;9.2500000e+01;7.6500118e-02;9.2500000e+01;2.1895632e-02;9.2500000e+01;-2.5173046e-02;9.2500000e+01;-6.8848185e-02;9.2500000e+01;-1.1226430e-01;9.2500000e+01;-1.5527368e-01;9.2500000e+01;-1.9775015e-01;9.2500000e+01;-8.4266156e-02;9.2500000e+01;-6.0931932e-02;9.2500000e+01;-1.8315576e-02;9.2500000e+01;3.9630421e-02;9.2500000e+01;1.0849494e-01;9.2500000e+01;1.6033319e-01;9.2500000e+01;2.2221372e-01;9.2500000e+01;2.4476703e-01;9.2500000e+01;2.3298712e-01;9.2500000e+01;2.1310557e-01;9.2500000e+01;1.4144462e-01;9.2500000e+01;7.6500118e-02;9.2500000e+01;2.1895632e-02;9.2500000e+01;-2.5173046e-02;9.2500000e+01;-6.8848185e-02;9.2500000e+01;-1.1226430e-01;9.2500000e+01;-1.5527368e-01;9.2500000e+01;-1.9775015e-01;9.2500000e+01;-8.4266156e-02;9.2500000e+01;-6.0931932e-02;9.2500000e+01;-1.8315576e-02;9.2500000e+01;3.9630421e-02;9.2500000e+01;1.0849494e-01;9.2500000e+01;1.6033319e-01;9.2500000e+01;2.2221372e-01;9.2500000e+01;2.4476703e-01;9.2500000e+01;2.3298712e-01;9.2500000e+01;2.1310557e-01;9.2500000e+01;1.4144462e-01;9.2500000e+01;7.6500118e-02;9.2500000e+01;2.1895632e-02;9.2500000e+01;-2.5173046e-02;9.2500000e+01;-6.8848185e-02;9.2500000e+01;-1.1226430e-01;9.2500000e+01;-1.5527368e-01;9.2500000e+01;-1.9775015e-01;9.2500000e+01;-8.4266156e-02;9.2500000e+01;-6.0931932e-02;9.2500000e+01;-1.8315576e-02;9.2500000e+01;3.9630421e-02;9.2500000e+01;1.0849494e-01;9.2500000e+01;1.6033319e-01;9.2500000e+01;2.2221372e-01;9.2500000e+01;2.4476703e-01;9.2500000e+01;2.3298712e-01;9.2500000e+01;2.1310557e-01;9.2500000e+01;1.4144462e-01;9.2500000e+01;7.6500118e-02;9.2500000e+01;2.1895632e-02;9.2500000e+01;-2.5173046e-02;9.2500000e+01;-6.8848185e-02;9.2500000e+01;-1.1226430e-01;9.2500000e+01;-1.5527368e-01;9.2500000e+01;-1.9775015e-01;9.2500000e+01;-8.4266156e-02;9.2500000e+01;-6.0931932e-02;9.2500000e+01;-1.8315576e-02;9.2500000e+01;3.9630421e-02;9.2500000e+01;1.0849494e-01;9.2500000e+01;1.6033319e-01;9.2500000e+01;2.2221372e-01;9.2500000e+01;2.4476703e-01;9.2500000e+01;2.3298712e-01;9.2500000e+01;2.1310557e-01;9.2500000e+01;1.4144462e-01;9.2500000e+01;7.6500118e-02;9.2500000e+01;2.1895632e-02;9.2500000e+01;-2.5173046e-02;9.2500000e+01;-6.8848185e-02;9.2500000e+01;-1.1226430e-01;9.2500000e+01;-1.5527368e-01;9.2500000e+01;-1.9775015e-01;9.2500000e+01;-8.4266156e-02;9.2500000e+01;-6.0931932e-02;9.2500000e+01;-1.8315576e-02;9.2500000e+01;3.9630421e-02;9.2500000e+01;1.0849494e-01;9.2500000e+01;1.6033319e-01;9.2500000e+01;2.2221372e-01;9.2500000e+01;2.4476703e-01;9.2500000e+01;2.3298712e-01;9.2500000e+01;2.1310557e-01;9.2500000e+01;1.4144462e-01;9.2500000e+01;7.6500118e-02;9.2500000e+01;2.1895632e-02;9.2500000e+01;-2.5173046e-02;9.2500000e+01;-6.8848185e-02;9.2500000e+01;-1.1226430e-01;9.2500000e+01;-1.5527368e-01;9.2500000e+01;-1.9775015e-01;9.2500000e+01;-8.4266156e-02;9.2500000e+01;-6.0931932e-02;9.2500000e+01;-1.8315576e-02;9.2500000e+01;3.9630421e-02;9.2500000e+01;1.0849494e-01;9.2500000e+01;1.6033319e-01;9.2500000e+01;2.2221372e-01;9.2500000e+01;2.4476703e-01;9.2500000e+01;2.3298712e-01;9.2500000e+01;2.1310557e-01;9.2500000e+01;1.4144462e-01;9.2500000e+01;7.6500118e-02;9.2500000e+01;2.1895632e-02;9.2500000e+01;-2.5173046e-02;9.2500000e+01;-6.8848185e-02;9.2500000e+01;-1.1226430e-01;9.2500000e+01;-1.5527368e-01;9.2500000e+01;-1.9775015e-01;9.2500000e+01;-8.4266156e-02;9.2500000e+01;-6.0931932e-02;9.2500000e+01;-1.8315576e-02;9.2500000e+01;3.9630421e-02;9.2500000e+01;1.0849494e-01;9.2500000e+01;1.6033319e-01;9.2500000e+01;2.2221372e-01;9.2500000e+01;2.4476703e-01;9.2500000e+01;2.3298712e-01;9.2500000e+01;2.1310557e-01;9.2500000e+01;1.4144462e-01;9.2500000e+01;7.6500118e-02;9.2500000e+01;2.1895632e-02;9.2500000e+01;-2.5173046e-02;9.2500000e+01;-6.8848185e-02;9.2500000e+01;-1.1226430e-01;9.2500000e+01;-1.5527368e-01;9.2500000e+01;-1.9775015e-01;9.2500000e+01;-8.4266156e-02;9.2500000e+01;-6.0931932e-02;9.2500000e+01;-1.8315576e-02;9.2500000e+01;3.9630421e-02;9.2500000e+01;1.0849494e-01;9.2500000e+01;1.6033319e-01;9.2500000e+01;2.2221372e-01;9.2500000e+01;2.4476703e-01;9.2500000e+01;2.3298712e-01;9.2500000e+01;2.1310557e-01;9.2500000e+01;1.4144462e-01;9.2500000e+01;7.6500118e-02;9.2500000e+01;2.1895632e-02;9.2500000e+01;-2.5173046e-02;9.2500000e+01;-6.8848185e-02;9.2500000e+01;-1.1226430e-01;9.2500000e+01;-1.5527368e-01;9.2500000e+01;-1.9775015e-01;9.2500000e+01;-8.4266156e-02;9.2500000e+01;-6.0931932e-02;9.2500000e+01;-1.8315576e-02;9.2500000e+01;3.9630421e-02;9.2500000e+01;1.0849494e-01;9.2500000e+01;1.6033319e-01;9.2500000e+01;2.2221372e-01;9.2500000e+01;2.4476703e-01;9.2500000e+01;2.3298712e-01;9.2500000e+01;2.1310557e-01;9.2500000e+01;1.4144462e-01;9.2500000e+01;7.6500118e-02;9.2500000e+01;2.1895632e-02;9.2500000e+01;-2.5173046e-02;9.2500000e+01;-6.8848185e-02;9.2500000e+01;-1.1226430e-01;9.2500000e+01;-1.5527368e-01;9.2500000e+01;-1.9775015e-01;9.2500000e+01;-8.4266156e-02;9.2500000e+01;-6.0931932e-02;9.2500000e+01;-1.8315576e-02;9.2500000e+01;3.9630421e-02;9.2500000e+01;1.0849494e-01;9.2500000e+01;1.6033319e-01;9.2500000e+01;2.2221372e-01;9.2500000e+01;2.4476703e-01;9.2500000e+01;2.3298712e-01;9.2500000e+01;2.1310557e-01;9.2500000e+01;1.4144462e-01;9.2500000e+01;7.6500118e-02;9.2500000e+01;2.1895632e-02;9.2500000e+01;-2.5173046e-02;9.2500000e+01;-6.8848185e-02;9.2500000e+01;-1.1226430e-01;9.2500000e+01;-1.5527368e-01;9.2500000e+01;-1.9775015e-01;9.2500000e+01;-8.4266156e-02;9.2500000e+01;-6.0931932e-02;9.2500000e+01;-1.8315576e-02;9.2500000e+01;3.9630421e-02;9.2500000e+01;1.0849494e-01;9.2500000e+01;1.6033319e-01;9.2500000e+01;2.2221372e-01;9.2500000e+01;2.4476703e-01;9.2500000e+01;2.3298712e-01;9.2500000e+01;2.1310557e-01;9.2500000e+01;1.4144462e-01;9.2500000e+01;7.6500118e-02;9.2500000e+01;2.1895632e-02;9.2500000e+01;-2.5173046e-02;9.2500000e+01;-6.8848185e-02;9.2500000e+01;-1.1226430e-01;9.2500000e+01;-1.5527368e-01;9.2500000e+01;-1.9775015e-01;9.2500000e+01;-8.4266156e-02;9.2500000e+01;-6.0931932e-02;9.2500000e+01;-1.8315576e-02;9.2500000e+01;3.9630421e-02;9.2500000e+01;1.0849494e-01;9.2500000e+01;1.6033319e-01;9.2500000e+01;2.2221372e-01;9.2500000e+01;2.4476703e-01;9.2500000e+01;2.3298712e-01;9.2500000e+01;2.1310557e-01;9.2500000e+01;1.4144462e-01;9.2500000e+01;7.6500118e-02;9.2500000e+01;2.1895632e-02;9.2500000e+01;-2.5173046e-02;9.2500000e+01;-6.8848185e-02;9.2500000e+01;-1.1226430e-01;9.2500000e+01;-1.5527368e-01;9.2500000e+01;-1.9775015e-01;9.2500000e+01;-8.4266156e-02;9.2500000e+01;-6.0931932e-02;9.2500000e+01;-1.8315576e-02;9.2500000e+01;3.9630421e-02;9.2500000e+01;1.0849494e-01;9.2500000e+01;1.6033319e-01;9.2500000e+01;2.2221372e-01;9.2500000e+01;2.4476703e-01;9.2500000e+01;2.3298712e-01;9.2500000e+01;2.1310557e-01;9.2500000e+01;1.4144462e-01;9.2500000e+01;7.6500118e-02;9.2500000e+01;2.1895632e-02;9.2500000e+01;-2.5173046e-02;9.2500000e+01;-6.8848185e-02;9.2500000e+01;-1.1226430e-01;9.2500000e+01;-1.5527368e-01;9.2500000e+01;-1.9775015e-01;9.2500000e+01;-8.4266156e-02;9.2500000e+01;-6.0931932e-02;9.2500000e+01;-1.8315576e-02;9.2500000e+01;3.9630421e-02;9.2500000e+01;1.0849494e-01;9.2500000e+01;1.6033319e-01;9.2500000e+01;2.2221372e-01;9.2500000e+01;2.4476703e-01;9.2500000e+01;2.3298712e-01;9.2500000e+01;2.1310557e-01;9.2500000e+01;1.4144462e-01;9.2500000e+01;7.6500118e-02;9.2500000e+01;2.1895632e-02;9.2500000e+01;-2.5173046e-02;9.2500000e+01;-6.8848185e-02;9.2500000e+01;-1.1226430e-01;9.2500000e+01;-1.5527368e-01;9.2500000e+01;-1.9775015e-01;9.2500000e+01;-8.4266156e-02;9.2500000e+01;-6.0931932e-02;9.2500000e+01;-1.8315576e-02;9.2500000e+01;3.9630421e-02;9.2500000e+01;1.0849494e-01;9.2500000e+01;1.6033319e-01;9.2500000e+01;2.2221372e-01;9.2500000e+01;2.4476703e-01;9.2500000e+01;2.3298712e-01;9.2500000e+01;2.1310557e-01;9.2500000e+01;1.4144462e-01;9.2500000e+01;7.6500118e-02;9.2500000e+01;2.1895632e-02;9.2500000e+01;-2.5173046e-02;9.2500000e+01;-6.8848185e-02;9.2500000e+01;-1.1226430e-01;9.2500000e+01;-1.5527368e-01;9.2500000e+01;-1.9775015e-01;9.2500000e+01;-8.4266156e-02;9.2500000e+01;-6.0931932e-02;9.2500000e+01;-1.8315576e-02;9.2500000e+01;3.9630421e-02;9.2500000e+01;1.0849494e-01;9.2500000e+01;1.6033319e-01;9.2500000e+01;2.2221372e-01;9.2500000e+01;2.4476703e-01;9.2500000e+01;2.3298712e-01;9.2500000e+01;2.1310557e-01;9.2500000e+01;1.4144462e-01;9.2500000e+01;7.6500118e-02;9.2500000e+01;2.1895632e-02;9.2500000e+01;-2.5173046e-02;9.2500000e+01;-6.8848185e-02;9.2500000e+01;-1.1226430e-01;9.2500000e+01;-1.5527368e-01;9.2500000e+01;-1.9775015e-01;9.2500000e+01;-8.4266156e-02;9.2500000e+01;-6.0931932e-02;9.2500000e+01;-1.8315576e-02;9.2500000e+01;3.9630421e-02;9.2500000e+01;1.0849494e-01;9.2500000e+01;1.6033319e-01;9.2500000e+01;2.2221372e-01;9.2500000e+01;2.4476703e-01;9.2500000e+01;2.3298712e-01;9.2500000e+01;2.1310557e-01;9.2500000e+01;1.4144462e-01;9.2500000e+01;7.6500118e-02;9.2500000e+01;2.1895632e-02;9.2500000e+01;-2.5173046e-02;9.2500000e+01;-6.8848185e-02;9.2500000e+01;-1.1226430e-01;9.2500000e+01;-1.5527368e-01;9.2500000e+01;-1.9775015e-01;9.2500000e+01;-8.4266156e-02;9.2500000e+01;-6.0931932e-02;9.2500000e+01;-1.8315576e-02;9.2500000e+01;3.9630421e-02;9.2500000e+01;1.0849494e-01;9.2500000e+01;1.6033319e-01;9.2500000e+01;2.2221372e-01;9.2500000e+01;2.4476703e-01;9.2500000e+01;2.3298712e-01;9.2500000e+01;2.1310557e-01;9.2500000e+01;1.4144462e-01;9.2500000e+01;7.6500118e-02;9.2500000e+01;2.1895632e-02;9.2500000e+01;-2.5173046e-02;9.2500000e+01;-6.8848185e-02;9.2500000e+01;-1.1226430e-01;9.2500000e+01;-1.5527368e-01;9.2500000e+01;-1.9775015e-01;9.2500000e+01;-8.4266156e-02;9.2500000e+01;-6.0931932e-02;9.2500000e+01;-1.8315576e-02;9.2500000e+01;3.9630421e-02;9.2500000e+01;1.0849494e-01;9.2500000e+01;1.6033319e-01;9.2500000e+01;2.2221372e-01;9.2500000e+01;2.4476703e-01;9.2500000e+01;2.3298712e-01;9.2500000e+01;2.1310557e-01;9.2500000e+01;1.4144462e-01;9.2500000e+01;7.6500118e-02;9.2500000e+01;2.1895632e-02;9.2500000e+01;-2.5173046e-02;9.2500000e+01;-6.8848185e-02;9.2500000e+01;-1.1226430e-01;9.2500000e+01;-1.5527368e-01;9.2500000e+01;-1.9775015e-01;9.2500000e+01;-8.4266156e-02;9.2500000e+01;-6.0931932e-02;9.2500000e+01;-1.8315576e-02;9.2500000e+01;3.9630421e-02;9.2500000e+01;1.0849494e-01;9.2500000e+01;1.6033319e-01;9.2500000e+01;2.2221372e-01;9.2500000e+01;2.4476703e-01;9.2500000e+01;2.3298712e-01;9.2500000e+01;2.1310557e-01;9.2500000e+01;1.4144462e-01;9.2500000e+01;7.6500118e-02;9.2500000e+01;2.1895632e-02;9.2500000e+01;-2.5173046e-02;9.2500000e+01;-6.8848185e-02;9.2500000e+01;-1.1226430e-01;9.2500000e+01;-1.5527368e-01;9.2500000e+01;-1.9775015e-01;9.2500000e+01;-8.4266156e-02;9.2500000e+01;-6.0931932e-02;9.2500000e+01;-1.8315576e-02;9.2500000e+01;3.9630421e-02;9.2500000e+01;1.0849494e-01;9.2500000e+01;1.6033319e-01;9.2500000e+01;2.2221372e-01;9.2500000e+01;2.4476703e-01;9.2500000e+01;2.3298712e-01;9.2500000e+01;2.1310557e-01;9.2500000e+01;1.4144462e-01;9.2500000e+01;7.6500118e-02;9.2500000e+01;2.1895632e-02;9.2500000e+01;-2.5173046e-02;9.2500000e+01;-6.8848185e-02;9.2500000e+01;-1.1226430e-01;9.2500000e+01;-1.5527368e-01;9.2500000e+01;-1.9775015e-01;9.2500000e+01;-8.4266156e-02;9.2500000e+01;-6.0931932e-02;9.2500000e+01;-1.8315576e-02;9.2500000e+01;3.9630421e-02;9.2500000e+01;1.0849494e-01;9.2500000e+01;1.6033319e-01;9.2500000e+01;2.2221372e-01;9.2500000e+01;2.4476703e-01;9.2500000e+01;2.3298712e-01;9.2500000e+01;2.1310557e-01;9.2500000e+01;1.4144462e-01;9.2500000e+01;7.6500118e-02;9.2500000e+01;2.1895632e-02;9.2500000e+01;-2.5173046e-02;9.2500000e+01;-6.8848185e-02;9.2500000e+01;-1.1226430e-01;9.2500000e+01;-1.5527368e-01;9.2500000e+01;-1.9775015e-01;9.2500000e+01;-8.4266156e-02;9.2500000e+01;-6.0931932e-02;9.2500000e+01;-1.8315576e-02;9.2500000e+01;3.9630421e-02;9.2500000e+01;1.0849494e-01;9.2500000e+01;1.6033319e-01;9.2500000e+01;2.2221372e-01;9.2500000e+01;2.4476703e-01;9.2500000e+01;2.3298712e-01;9.2500000e+01;2.1310557e-01;9.2500000e+01;1.4144462e-01;9.2500000e+01;7.6500118e-02;9.2500000e+01;2.1895632e-02;9.2500000e+01;-2.5173046e-02;9.2500000e+01;-6.8848185e-02;9.2500000e+01;-1.1226430e-01;9.2500000e+01;-1.5527368e-01;9.2500000e+01;-1.9775015e-01;9.2500000e+01;-8.4266156e-02;9.2500000e+01;-6.0931932e-02;9.2500000e+01;-1.8315576e-02;9.2500000e+01;3.9630421e-02;9.2500000e+01;1.0849494e-01;9.2500000e+01;1.6033319e-01;9.2500000e+01;2.2221372e-01;9.2500000e+01;2.4476703e-01;9.2500000e+01;2.3298712e-01;9.2500000e+01;2.1310557e-01;9.2500000e+01;1.4144462e-01;9.2500000e+01;7.6500118e-02;9.2500000e+01;2.1895632e-02;9.2500000e+01;-2.5173046e-02;9.2500000e+01;-6.8848185e-02;9.2500000e+01;-1.1226430e-01;9.2500000e+01;-1.5527368e-01;9.2500000e+01;-1.9775015e-01;9.2500000e+01;-8.4266156e-02;9.2500000e+01;-6.0931932e-02;9.2500000e+01;-1.8315576e-02;9.2500000e+01;3.9630421e-02;9.2500000e+01;1.0849494e-01;9.2500000e+01;1.6033319e-01;9.2500000e+01;2.2221372e-01;9.2500000e+01;2.4476703e-01;9.2500000e+01;2.3298712e-01;9.2500000e+01;2.1310557e-01;9.2500000e+01;1.4144462e-01;9.2500000e+01;7.6500118e-02;9.2500000e+01;2.1895632e-02;9.2500000e+01;-2.5173046e-02;9.2500000e+01;-6.8848185e-02;9.2500000e+01;-1.1226430e-01;9.2500000e+01;-1.5527368e-01;9.2500000e+01;-1.9775015e-01;9.2500000e+01;-8.4266156e-02;9.2500000e+01;-6.0931932e-02;9.2500000e+01;-1.8315576e-02;9.2500000e+01;3.9630421e-02;9.2500000e+01;1.0849494e-01;9.2500000e+01;1.6033319e-01;9.2500000e+01;2.2221372e-01;9.2500000e+01;2.4476703e-01;9.2500000e+01;2.3298712e-01;9.2500000e+01;2.1310557e-01;9.2500000e+01;1.4144462e-01;9.2500000e+01;7.6500118e-02;9.2500000e+01;2.1895632e-02;9.2500000e+01;-2.5173046e-02;9.2500000e+01;-6.8848185e-02;9.2500000e+01;-1.1226430e-01;9.2500000e+01;-1.5527368e-01;9.2500000e+01;-1.9775015e-01;9.2500000e+01;-8.4266156e-02;9.2500000e+01;-6.0931932e-02;9.2500000e+01;-1.8315576e-02;9.2500000e+01;3.9630421e-02;9.2500000e+01;1.0849494e-01;9.2500000e+01;1.6033319e-01;9.2500000e+01;2.2221372e-01;9.2500000e+01;2.4476703e-01;9.2500000e+01;2.3298712e-01;9.2500000e+01;2.1310557e-01;9.2500000e+01;1.4144462e-01;9.2500000e+01;7.6500118e-02;9.2500000e+01;2.1895632e-02;9.2500000e+01;-2.5173046e-02;9.2500000e+01;-6.8848185e-02;9.2500000e+01;-1.1226430e-01;9.2500000e+01;-1.5527368e-01;9.2500000e+01;-1.9775015e-01;9.2500000e+01;-8.4266156e-02;9.2500000e+01;-6.0931932e-02;9.2500000e+01;-1.8315576e-02;9.2500000e+01;3.9630421e-02;9.2500000e+01;1.0849494e-01;9.2500000e+01;1.6033319e-01;9.2500000e+01;2.2221372e-01;9.2500000e+01;2.4476703e-01;9.2500000e+01;2.3298712e-01;9.2500000e+01;2.1310557e-01;9.2500000e+01;1.4144462e-01;9.2500000e+01;7.6500118e-02;9.2500000e+01;2.1895632e-02;9.2500000e+01;-2.5173046e-02;9.2500000e+01;-6.8848185e-02;9.2500000e+01;-1.1226430e-01;9.2500000e+01;-1.5527368e-01;9.2500000e+01;-1.9775015e-01;9.2500000e+01;-8.4266156e-02;9.2500000e+01;-6.0931932e-02;9.2500000e+01;-1.8315576e-02;9.2500000e+01;3.9630421e-02;9.2500000e+01;1.0849494e-01;9.2500000e+01;1.6033319e-01;9.2500000e+01;2.2221372e-01;9.2500000e+01;2.4476703e-01;9.2500000e+01;2.3298712e-01;9.2500000e+01;2.1310557e-01;9.2500000e+01;1.4144462e-01;9.2500000e+01;7.6500118e-02;9.2500000e+01;2.1895632e-02;9.2500000e+01;-2.5173046e-02;9.2500000e+01;-6.8848185e-02;9.2500000e+01;-1.1226430e-01;9.2500000e+01;-1.5527368e-01;9.2500000e+01;-1.9775015e-01;9.2500000e+01;-8.4266156e-02;9.2500000e+01;-6.0931932e-02;9.2500000e+01;-1.8315576e-02;9.2500000e+01;3.9630421e-02;9.2500000e+01;1.0849494e-01;9.2500000e+01;1.6033319e-01;9.2500000e+01;2.2221372e-01;9.2500000e+01;2.4476703e-01;9.2500000e+01;2.3298712e-01;9.2500000e+01;2.1310557e-01;9.2500000e+01;1.4144462e-01;9.2500000e+01;7.6500118e-02;9.2500000e+01;2.1895632e-02;9.2500000e+01;-2.5173046e-02;9.2500000e+01;-6.8848185e-02;9.2500000e+01;-1.1226430e-01;9.2500000e+01;-1.5527368e-01;9.2500000e+01;-1.9775015e-01;9.2500000e+01;-8.4266156e-02;9.2500000e+01;-6.0931932e-02;9.2500000e+01;-1.8315576e-02;9.2500000e+01;3.9630421e-02;9.2500000e+01;1.0849494e-01;9.2500000e+01;1.6033319e-01;9.2500000e+01;2.2221372e-01;9.2500000e+01;2.4476703e-01;9.2500000e+01;2.3298712e-01;9.2500000e+01;2.1310557e-01;9.2500000e+01;1.4144462e-01;9.2500000e+01;7.6500118e-02;9.2500000e+01;2.1895632e-02;9.2500000e+01;-2.5173046e-02;9.2500000e+01;-6.8848185e-02;9.2500000e+01;-1.1226430e-01;9.2500000e+01;-1.5527368e-01;9.2500000e+01;-1.9775015e-01;9.2500000e+01;-8.4266156e-02;9.2500000e+01;-6.0931932e-02;9.2500000e+01;-1.8315576e-02;9.2500000e+01;3.9630421e-02;9.2500000e+01;1.0849494e-01;9.2500000e+01;1.6033319e-01;9.2500000e+01;2.2221372e-01;9.2500000e+01;2.4476703e-01;9.2500000e+01;2.3298712e-01;9.2500000e+01;2.1310557e-01;9.2500000e+01;1.4144462e-01;9.2500000e+01;7.6500118e-02;9.2500000e+01;2.1895632e-02;9.2500000e+01;-2.5173046e-02;9.2500000e+01;-6.8848185e-02;9.2500000e+01;-1.1226430e-01;9.2500000e+01;-1.5527368e-01;9.2500000e+01;-1.9775015e-01;9.2500000e+01;-8.4266156e-02;9.2500000e+01;-6.0931932e-02;9.2500000e+01;-1.8315576e-02;9.2500000e+01;3.9630421e-02;9.2500000e+01;1.0849494e-01;9.2500000e+01;1.6033319e-01;9.2500000e+01;2.2221372e-01;9.2500000e+01;2.4476703e-01;9.2500000e+01;2.3298712e-01;9.2500000e+01;2.1310557e-01;9.2500000e+01;1.4144462e-01;9.2500000e+01;7.6500118e-02;9.2500000e+01;2.1895632e-02;9.2500000e+01;-2.5173046e-02;9.2500000e+01;-6.8848185e-02;9.2500000e+01;-1.1226430e-01;9.2500000e+01;-1.5527368e-01;9.2500000e+01;-1.9775015e-01;9.2500000e+01;-8.4266156e-02;9.2500000e+01;-6.0931932e-02;9.2500000e+01;-1.8315576e-02;9.2500000e+01;3.9630421e-02;9.2500000e+01;1.0849494e-01;9.2500000e+01;1.6033319e-01;9.2500000e+01;2.2221372e-01;9.2500000e+01;2.4476703e-01;9.2500000e+01;2.3298712e-01;9.2500000e+01;2.1310557e-01;9.2500000e+01;1.4144462e-01;9.2500000e+01;7.6500118e-02;9.2500000e+01;2.1895632e-02;9.2500000e+01;-2.5173046e-02;9.2500000e+01;-6.8848185e-02;9.2500000e+01;-1.1226430e-01;9.2500000e+01;-1.5527368e-01;9.2500000e+01;-1.9775015e-01;9.2500000e+01;-8.4266156e-02;9.2500000e+01;-6.0931932e-02;9.2500000e+01;-1.8315576e-02;9.2500000e+01;3.9630421e-02;9.2500000e+01;1.0849494e-01;9.2500000e+01;1.6033319e-01;9.2500000e+01;2.2221372e-01;9.2500000e+01;2.4476703e-01;9.2500000e+01;2.3298712e-01;9.2500000e+01;2.1310557e-01;9.2500000e+01;1.4144462e-01;9.2500000e+01;7.6500118e-02;9.2500000e+01;2.1895632e-02;9.2500000e+01;-2.5173046e-02;9.2500000e+01;-6.8848185e-02;9.2500000e+01;-1.1226430e-01;9.2500000e+01;-1.5527368e-01;9.2500000e+01;-1.9775015e-01;9.2500000e+01;-8.4266156e-02;9.2500000e+01;-6.0931932e-02;9.2500000e+01;-1.8315576e-02;9.2500000e+01;3.9630421e-02;9.2500000e+01;1.0849494e-01;9.2500000e+01;1.6033319e-01;9.2500000e+01;2.2221372e-01;9.2500000e+01;2.4476703e-01;9.2500000e+01;2.3298712e-01;9.2500000e+01;2.1310557e-01;9.2500000e+01;1.4144462e-01;9.2500000e+01;7.6500118e-02;9.2500000e+01;2.1895632e-02;9.2500000e+01;-2.5173046e-02;9.2500000e+01;-6.8848185e-02;9.2500000e+01;-1.1226430e-01;9.2500000e+01;-1.5527368e-01;9.2500000e+01;-1.9775015e-01;9.2500000e+01;-8.4266156e-02;9.2500000e+01;-6.0931932e-02;9.2500000e+01;-1.8315576e-02;9.2500000e+01;3.9630421e-02;9.2500000e+01;1.0849494e-01;9.2500000e+01;1.6033319e-01;9.2500000e+01;2.2221372e-01;9.2500000e+01;2.4476703e-01;9.2500000e+01;2.3298712e-01;9.2500000e+01;2.1310557e-01;9.2500000e+01;1.4144462e-01;9.2500000e+01;7.6500118e-02;9.2500000e+01;2.1895632e-02;9.2500000e+01;-2.5173046e-02;9.2500000e+01;-6.8848185e-02;9.2500000e+01;-1.1226430e-01;9.2500000e+01;-1.5527368e-01;9.2500000e+01;-1.9775015e-01;9.2500000e+01;-8.4266156e-02;9.2500000e+01;-6.0931932e-02;9.2500000e+01;-1.8315576e-02;9.2500000e+01;3.9630421e-02;9.2500000e+01;1.0849494e-01;9.2500000e+01;1.6033319e-01;9.2500000e+01;2.2221372e-01;9.2500000e+01;2.4476703e-01;9.2500000e+01;2.3298712e-01;9.2500000e+01;2.1310557e-01;9.2500000e+01;1.4144462e-01;9.2500000e+01;7.6500118e-02;9.2500000e+01;2.1895632e-02;9.2500000e+01;-2.5173046e-02;9.2500000e+01;-6.8848185e-02;9.2500000e+01;-1.1226430e-01;9.2500000e+01;-1.5527368e-01;9.2500000e+01;-1.9775015e-01;9.2500000e+01;-8.4266156e-02;9.2500000e+01;-6.0931932e-02;9.2500000e+01;-1.8315576e-02;9.2500000e+01;3.9630421e-02;9.2500000e+01;1.0849494e-01;9.2500000e+01;1.6033319e-01;9.2500000e+01;2.2221372e-01;9.2500000e+01;2.4476703e-01;9.2500000e+01;2.3298712e-01;9.2500000e+01;2.1310557e-01;9.2500000e+01;1.4144462e-01;9.2500000e+01;7.6500118e-02;9.2500000e+01;2.1895632e-02;9.2500000e+01;-2.5173046e-02;9.2500000e+01;-6.8848185e-02;9.2500000e+01;-1.1226430e-01;9.2500000e+01;-1.5527368e-01;9.2500000e+01;-1.9775015e-01;9.2500000e+01;-8.4266156e-02;9.2500000e+01;-6.0931932e-02;9.2500000e+01;-1.8315576e-02;9.2500000e+01;3.9630421e-02;9.2500000e+01;1.0849494e-01;9.2500000e+01;1.6033319e-01;9.2500000e+01;2.2221372e-01;9.2500000e+01;2.4476703e-01;9.2500000e+01;2.3298712e-01;9.2500000e+01;2.1310557e-01;9.2500000e+01;1.4144462e-01;9.2500000e+01;7.6500118e-02;9.2500000e+01;2.1895632e-02;9.2500000e+01;-2.5173046e-02;9.2500000e+01;-6.8848185e-02;9.2500000e+01;-1.1226430e-01;9.2500000e+01;-1.5527368e-01;9.2500000e+01;-1.9775015e-01;9.2500000e+01;-8.4266156e-02;9.2500000e+01;-6.0931932e-02;9.2500000e+01;-1.8315576e-02;9.2500000e+01;3.9630421e-02;9.2500000e+01;1.0849494e-01;9.2500000e+01;1.6033319e-01;9.2500000e+01;2.2221372e-01;9.2500000e+01;2.4476703e-01;9.2500000e+01;2.3298712e-01;9.2500000e+01;2.1310557e-01;9.2500000e+01;1.4144462e-01;9.2500000e+01;7.6500118e-02;9.2500000e+01;2.1895632e-02;9.2500000e+01;-2.5173046e-02;9.2500000e+01;-6.8848185e-02;9.2500000e+01;-1.1226430e-01;9.2500000e+01;-1.5527368e-01;9.2500000e+01;-1.9775015e-01;9.2500000e+01;-8.4266156e-02;9.2500000e+01;-6.0931932e-02;9.2500000e+01;-1.8315576e-02;9.2500000e+01;3.9630421e-02;9.2500000e+01;1.0849494e-01;9.2500000e+01;1.6033319e-01;9.2500000e+01;2.2221372e-01;9.2500000e+01;2.4476703e-01;9.2500000e+01;2.3298712e-01;9.2500000e+01;2.1310557e-01;9.2500000e+01;1.4144462e-01;9.2500000e+01;7.6500118e-02;9.2500000e+01;2.1895632e-02;9.2500000e+01;-2.5173046e-02;9.2500000e+01;-6.8848185e-02;9.2500000e+01;-1.1226430e-01;9.2500000e+01;-1.5527368e-01;9.2500000e+01;-1.9775015e-01;9.2500000e+01;-8.4266156e-02;9.2500000e+01;-6.0931932e-02;9.2500000e+01;-1.8315576e-02;9.2500000e+01;3.9630421e-02;9.2500000e+01;1.0849494e-01;9.2500000e+01;1.6033319e-01;9.2500000e+01;2.2221372e-01;9.2500000e+01;2.4476703e-01;9.2500000e+01;2.3298712e-01;9.2500000e+01;2.1310557e-01;9.2500000e+01;1.4144462e-01;9.2500000e+01;7.6500118e-02;9.2500000e+01;2.1895632e-02;9.2500000e+01;-2.5173046e-02;9.2500000e+01;-6.8848185e-02;9.2500000e+01;-1.1226430e-01;9.2500000e+01;-1.5527368e-01;9.2500000e+01;-1.9775015e-01;9.2500000e+01;-8.4266156e-02;9.2500000e+01;-6.0931932e-02;9.2500000e+01;-1.8315576e-02;9.2500000e+01;3.9630421e-02;9.2500000e+01;1.0849494e-01;9.2500000e+01;1.6033319e-01;9.2500000e+01;2.2221372e-01;9.2500000e+01;2.4476703e-01;9.2500000e+01;2.3298712e-01;9.2500000e+01;2.1310557e-01;9.2500000e+01;1.4144462e-01;9.2500000e+01;7.6500118e-02;9.2500000e+01;2.1895632e-02;9.2500000e+01;-2.5173046e-02;9.2500000e+01;-6.8848185e-02;9.2500000e+01;-1.1226430e-01;9.2500000e+01;-1.5527368e-01;9.2500000e+01;-1.9775015e-01;9.2500000e+01;-8.4266156e-02;9.2500000e+01;-6.0931932e-02;9.2500000e+01;-1.8315576e-02;9.2500000e+01;3.9630421e-02;9.2500000e+01;1.0849494e-01;9.2500000e+01;1.6033319e-01;9.2500000e+01;2.2221372e-01;9.2500000e+01;2.4476703e-01;9.2500000e+01;2.3298712e-01;9.2500000e+01;2.1310557e-01;9.2500000e+01;1.4144462e-01;9.2500000e+01;7.6500118e-02;9.2500000e+01;2.1895632e-02;9.2500000e+01;-2.5173046e-02;9.2500000e+01;-6.8848185e-02;9.2500000e+01;-1.1226430e-01;9.2500000e+01;-1.5527368e-01;9.2500000e+01;-1.9775015e-01;9.2500000e+01;-8.4266156e-02;9.2500000e+01;-6.0931932e-02;9.2500000e+01;-1.8315576e-02;9.2500000e+01;3.9630421e-02;9.2500000e+01;1.0849494e-01;9.2500000e+01;1.6033319e-01;9.2500000e+01;2.2221372e-01;9.2500000e+01;2.4476703e-01;9.2500000e+01;2.3298712e-01;9.2500000e+01;2.1310557e-01;9.2500000e+01;1.4144462e-01;9.2500000e+01;7.6500118e-02;9.2500000e+01;2.1895632e-02;9.2500000e+01;-2.5173046e-02;9.2500000e+01;-6.8848185e-02;9.2500000e+01;-1.1226430e-01;9.2500000e+01;-1.5527368e-01;9.2500000e+01;-1.9775015e-01;9.2500000e+01;-8.4266156e-02;9.2500000e+01;-6.0931932e-02;9.2500000e+01;-1.8315576e-02;9.2500000e+01;3.9630421e-02;9.2500000e+01;1.0849494e-01;9.2500000e+01;1.6033319e-01;9.2500000e+01;2.2221372e-01;9.2500000e+01;2.4476703e-01;9.2500000e+01;2.3298712e-01;9.2500000e+01;2.1310557e-01;9.2500000e+01;1.4144462e-01;9.2500000e+01;7.6500118e-02;9.2500000e+01;2.1895632e-02;9.2500000e+01;-2.5173046e-02;9.2500000e+01;-6.8848185e-02;9.2500000e+01;-1.1226430e-01;9.2500000e+01;-1.5527368e-01;9.2500000e+01;-1.9775015e-01;9.2500000e+01;-8.4266156e-02;9.2500000e+01;-6.0931932e-02;9.2500000e+01;-1.8315576e-02;9.2500000e+01;3.9630421e-02;9.2500000e+01;1.0849494e-01;9.2500000e+01;1.6033319e-01;9.2500000e+01;2.2221372e-01;9.2500000e+01;2.4476703e-01;9.2500000e+01;2.3298712e-01;9.2500000e+01;2.1310557e-01;9.2500000e+01;1.4144462e-01;9.2500000e+01;7.6500118e-02;9.2500000e+01;2.1895632e-02;9.2500000e+01;-2.5173046e-02;9.2500000e+01;-6.8848185e-02;9.2500000e+01;-1.1226430e-01;9.2500000e+01;-1.5527368e-01;9.2500000e+01;-1.9775015e-01;9.2500000e+01;-8.4266156e-02;9.2500000e+01;-6.0931932e-02;9.2500000e+01;-1.8315576e-02;9.2500000e+01;3.9630421e-02;9.2500000e+01;1.0849494e-01;9.2500000e+01;1.6033319e-01;9.2500000e+01;2.2221372e-01;9.2500000e+01;2.4476703e-01;9.2500000e+01;2.3298712e-01;9.2500000e+01;2.1310557e-01;9.2500000e+01;1.4144462e-01;9.2500000e+01;7.6500118e-02;9.2500000e+01;2.1895632e-02;9.2500000e+01;-2.5173046e-02;9.2500000e+01;-6.8848185e-02;9.2500000e+01;-1.1226430e-01;9.2500000e+01;-1.5527368e-01;9.2500000e+01;-1.9775015e-01;9.2500000e+01;-8.4266156e-02;9.2500000e+01;-6.0931932e-02;9.2500000e+01;-1.8315576e-02;9.2500000e+01;3.9630421e-02;9.2500000e+01;1.0849494e-01;9.2500000e+01;1.6033319e-01;9.2500000e+01;2.2221372e-01;9.2500000e+01;2.4476703e-01;9.2500000e+01;2.3298712e-01;9.2500000e+01;2.1310557e-01;9.2500000e+01;1.4144462e-01;9.2500000e+01;7.6500118e-02;9.2500000e+01;2.1895632e-02;9.2500000e+01;-2.5173046e-02;9.2500000e+01;-6.8848185e-02;9.2500000e+01;-1.1226430e-01;9.2500000e+01;-1.5527368e-01;9.2500000e+01;-1.9775015e-01;9.2500000e+01;-8.4266156e-02;9.2500000e+01;-6.0931932e-02;9.2500000e+01;-1.8315576e-02;9.2500000e+01;3.9630421e-02;9.2500000e+01;1.0849494e-01;9.2500000e+01;1.6033319e-01;9.2500000e+01;2.2221372e-01;9.2500000e+01;2.4476703e-01;9.2500000e+01;2.3298712e-01;9.2500000e+01;2.1310557e-01;9.2500000e+01;1.4144462e-01;9.2500000e+01;7.6500118e-02;9.2500000e+01;2.1895632e-02;9.2500000e+01;-2.5173046e-02;9.2500000e+01;-6.8848185e-02;9.2500000e+01;-1.1226430e-01;9.2500000e+01;-1.5527368e-01;9.2500000e+01;-1.9775015e-01;9.2500000e+01;-8.4266156e-02;9.2500000e+01;-6.0931932e-02;9.2500000e+01;-1.8315576e-02;9.2500000e+01;3.9630421e-02;9.2500000e+01;1.0849494e-01;9.2500000e+01;1.6033319e-01;9.2500000e+01;2.2221372e-01;9.2500000e+01;2.4476703e-01;9.2500000e+01;2.3298712e-01;9.2500000e+01;2.1310557e-01;9.2500000e+01;1.4144462e-01;9.2500000e+01;7.6500118e-02;9.2500000e+01;2.1895632e-02;9.2500000e+01;-2.5173046e-02;9.2500000e+01;-6.8848185e-02;9.2500000e+01;-1.1226430e-01;9.2500000e+01;-1.5527368e-01;9.2500000e+01;-1.9775015e-01;9.2500000e+01;-8.4266156e-02;9.2500000e+01;-6.0931932e-02;9.2500000e+01;-1.8315576e-02;9.2500000e+01;3.9630421e-02;9.2500000e+01;1.0849494e-01;9.2500000e+01;1.6033319e-01;9.2500000e+01;2.2221372e-01;9.2500000e+01;2.4476703e-01;9.2500000e+01;2.3298712e-01;9.2500000e+01;2.1310557e-01;9.2500000e+01;1.4144462e-01;9.2500000e+01;7.6500118e-02;9.2500000e+01;2.1895632e-02;9.2500000e+01;-2.5173046e-02;9.2500000e+01;-6.8848185e-02;9.2500000e+01;-1.1226430e-01;9.2500000e+01;-1.5527368e-01;9.2500000e+01;-1.9775015e-01;9.2500000e+01;-8.4266156e-02;9.2500000e+01;-6.0931932e-02;9.2500000e+01;-1.8315576e-02;9.2500000e+01;3.9630421e-02;9.2500000e+01;1.0849494e-01;9.2500000e+01;1.6033319e-01;9.2500000e+01;2.2221372e-01;9.2500000e+01;2.4476703e-01;9.2500000e+01;2.3298712e-01;9.2500000e+01;2.1310557e-01;9.2500000e+01;1.4144462e-01;9.2500000e+01;7.6500118e-02;9.2500000e+01;2.1895632e-02;9.2500000e+01;-2.5173046e-02;9.2500000e+01;-6.8848185e-02;9.2500000e+01;-1.1226430e-01;9.2500000e+01;-1.5527368e-01;9.2500000e+01;-1.9775015e-01;9.2500000e+01;-8.4266156e-02;9.2500000e+01;-6.0931932e-02;9.2500000e+01;-1.8315576e-02;9.2500000e+01;3.9630421e-02;9.2500000e+01;1.0849494e-01;9.2500000e+01;1.6033319e-01;9.2500000e+01;2.2221372e-01;9.2500000e+01;2.4476703e-01;9.2500000e+01;2.3298712e-01;9.2500000e+01;2.1310557e-01;9.2500000e+01;1.4144462e-01;9.2500000e+01;7.6500118e-02;9.2500000e+01;2.1895632e-02;9.2500000e+01;-2.5173046e-02;9.2500000e+01;-6.8848185e-02;9.2500000e+01;-1.1226430e-01;9.2500000e+01;-1.5527368e-01;9.2500000e+01;-1.9775015e-01;9.2500000e+01;-8.4266156e-02;9.2500000e+01;-6.0931932e-02;9.2500000e+01;-1.8315576e-02;9.2500000e+01;3.9630421e-02;9.2500000e+01;1.0849494e-01;9.2500000e+01;1.6033319e-01;9.2500000e+01;2.2221372e-01;9.2500000e+01;2.4476703e-01;9.2500000e+01;2.3298712e-01;9.2500000e+01;2.1310557e-01;9.2500000e+01;1.4144462e-01;9.2500000e+01;7.6500118e-02;9.2500000e+01;2.1895632e-02;9.2500000e+01;-2.5173046e-02;9.2500000e+01;-6.8848185e-02;9.2500000e+01;-1.1226430e-01;9.2500000e+01;-1.5527368e-01;9.2500000e+01;-1.9775015e-01;9.2500000e+01;-8.4266156e-02;9.2500000e+01;-6.0931932e-02;9.2500000e+01;-1.8315576e-02;9.2500000e+01;3.9630421e-02;9.2500000e+01;1.0849494e-01;9.2500000e+01;1.6033319e-01;9.2500000e+01;2.2221372e-01;9.2500000e+01;2.4476703e-01;9.2500000e+01;2.3298712e-01;9.2500000e+01;2.1310557e-01;9.2500000e+01;1.4144462e-01;9.2500000e+01;7.6500118e-02;9.2500000e+01;2.1895632e-02;9.2500000e+01;-2.5173046e-02;9.2500000e+01;-6.8848185e-02;9.2500000e+01;-1.1226430e-01;9.2500000e+01;-1.5527368e-01;9.2500000e+01;-1.9775015e-01;9.2500000e+01;-8.4266156e-02;9.2500000e+01;-6.0931932e-02;9.2500000e+01;-1.8315576e-02;9.2500000e+01;3.9630421e-02;9.2500000e+01;1.0849494e-01;9.2500000e+01;1.6033319e-01;9.2500000e+01;2.2221372e-01;9.2500000e+01;2.4476703e-01;9.2500000e+01;2.3298712e-01;9.2500000e+01;2.1310557e-01;9.2500000e+01;1.4144462e-01;9.2500000e+01;7.6500118e-02;9.2500000e+01;2.1895632e-02;9.2500000e+01;-2.5173046e-02;9.2500000e+01;-6.8848185e-02;9.2500000e+01;-1.1226430e-01;9.2500000e+01;-1.5527368e-01;9.2500000e+01;-1.9775015e-01;9.2500000e+01;-8.4266156e-02;9.2500000e+01;-6.0931932e-02;9.2500000e+01;-1.8315576e-02;9.2500000e+01;3.9630421e-02;9.2500000e+01;1.0849494e-01;9.2500000e+01;1.6033319e-01;9.2500000e+01;2.2221372e-01;9.2500000e+01;2.4476703e-01;9.2500000e+01;2.3298712e-01;9.2500000e+01;2.1310557e-01;9.2500000e+01;1.4144462e-01;9.2500000e+01;7.6500118e-02;9.2500000e+01;2.1895632e-02;9.2500000e+01;-2.5173046e-02;9.2500000e+01;-6.8848185e-02;9.2500000e+01;-1.1226430e-01;9.2500000e+01;-1.5527368e-01;9.2500000e+01;-1.9775015e-01;9.2500000e+01;-8.4266156e-02;9.2500000e+01;-6.0931932e-02;9.2500000e+01;-1.8315576e-02;9.2500000e+01;3.9630421e-02;9.2500000e+01;1.0849494e-01;9.2500000e+01;1.6033319e-01;9.2500000e+01;2.2221372e-01;9.2500000e+01;2.4476703e-01;9.2500000e+01;2.3298712e-01;9.2500000e+01;2.1310557e-01;9.2500000e+01;1.4144462e-01;9.2500000e+01;7.6500118e-02;9.2500000e+01;2.1895632e-02;9.2500000e+01;-2.5173046e-02;9.2500000e+01;-6.8848185e-02;9.2500000e+01;-1.1226430e-01;9.2500000e+01;-1.5527368e-01;9.2500000e+01;-1.9775015e-01;9.2500000e+01;-8.4266156e-02;9.2500000e+01;-6.0931932e-02;9.2500000e+01;-1.8315576e-02;9.2500000e+01;3.9630421e-02;9.2500000e+01;1.0849494e-01;9.2500000e+01;1.6033319e-01;9.2500000e+01;2.2221372e-01;9.2500000e+01;2.4476703e-01;9.2500000e+01;2.3298712e-01;9.2500000e+01;2.1310557e-01;9.2500000e+01;1.4144462e-01;9.2500000e+01;7.6500118e-02;9.2500000e+01;2.1895632e-02;9.2500000e+01;-2.5173046e-02;9.2500000e+01;-6.8848185e-02;9.2500000e+01;-1.1226430e-01;9.2500000e+01;-1.5527368e-01;9.2500000e+01;-1.9775015e-01;9.2500000e+01;-8.4266156e-02;9.2500000e+01;-6.0931932e-02;9.2500000e+01;-1.8315576e-02;9.2500000e+01;3.9630421e-02;9.2500000e+01;1.0849494e-01;9.2500000e+01;1.6033319e-01;9.2500000e+01;2.2221372e-01;9.2500000e+01;2.4476703e-01;9.2500000e+01;2.3298712e-01;9.2500000e+01;2.1310557e-01;9.2500000e+01;1.4144462e-01;9.2500000e+01;7.6500118e-02;9.2500000e+01;2.1895632e-02;9.2500000e+01;-2.5173046e-02;9.2500000e+01;-6.8848185e-02;9.2500000e+01;-1.1226430e-01;9.2500000e+01;-1.5527368e-01;9.2500000e+01;-1.9775015e-01;9.2500000e+01;-8.4266156e-02;9.2500000e+01;-6.0931932e-02;9.2500000e+01;-1.8315576e-02;9.2500000e+01;3.9630421e-02;9.2500000e+01;1.0849494e-01;9.2500000e+01;1.6033319e-01;9.2500000e+01;2.2221372e-01;9.2500000e+01;2.4476703e-01;9.2500000e+01;2.3298712e-01;9.2500000e+01;2.1310557e-01;9.2500000e+01;1.4144462e-01;9.2500000e+01;7.6500118e-02;9.2500000e+01;2.1895632e-02;9.2500000e+01;-2.5173046e-02;9.2500000e+01;-6.8848185e-02;9.2500000e+01;-1.1226430e-01;9.2500000e+01;-1.5527368e-01;9.2500000e+01;-1.9775015e-01;9.2500000e+01;-8.4266156e-02;9.2500000e+01;-6.0931932e-02;9.2500000e+01;-1.8315576e-02;9.2500000e+01;3.9630421e-02;9.2500000e+01;1.0849494e-01;9.2500000e+01;1.6033319e-01;9.2500000e+01;2.2221372e-01;9.2500000e+01;2.4476703e-01;9.2500000e+01;2.3298712e-01;9.2500000e+01;2.1310557e-01;9.2500000e+01;1.4144462e-01;9.2500000e+01;7.6500118e-02;9.2500000e+01;2.1895632e-02;9.2500000e+01;-2.5173046e-02;9.2500000e+01;-6.8848185e-02;9.2500000e+01;-1.1226430e-01;9.2500000e+01;-1.5527368e-01;9.2500000e+01;-1.9775015e-01;9.2500000e+01;-8.4266156e-02;9.2500000e+01;-6.0931932e-02;9.2500000e+01;-1.8315576e-02;9.2500000e+01;3.9630421e-02;9.2500000e+01;1.0849494e-01;9.2500000e+01;1.6033319e-01;9.2500000e+01;2.2221372e-01;9.2500000e+01;2.4476703e-01;9.2500000e+01;2.3298712e-01;9.2500000e+01;2.1310557e-01;9.2500000e+01;1.4144462e-01;9.2500000e+01;7.6500118e-02;9.2500000e+01;2.1895632e-02;9.2500000e+01;-2.5173046e-02;9.2500000e+01;-6.8848185e-02;9.2500000e+01;-1.1226430e-01;9.2500000e+01;-1.5527368e-01;9.2500000e+01;-1.9775015e-01;9.2500000e+01;-8.4266156e-02;9.2500000e+01;-6.0931932e-02;9.2500000e+01;-1.8315576e-02;9.2500000e+01;3.9630421e-02;9.2500000e+01;1.0849494e-01;9.2500000e+01;1.6033319e-01;9.2500000e+01;2.2221372e-01;9.2500000e+01;2.4476703e-01;9.2500000e+01;2.3298712e-01;9.2500000e+01;2.1310557e-01;9.2500000e+01;1.4144462e-01;9.2500000e+01;7.6500118e-02;9.2500000e+01;2.1895632e-02;9.2500000e+01;-2.5173046e-02;9.2500000e+01;-6.8848185e-02;9.2500000e+01;-1.1226430e-01;9.2500000e+01;-1.5527368e-01;9.2500000e+01;-1.9775015e-01;9.2500000e+01;-8.4266156e-02;9.2500000e+01;-6.0931932e-02;9.2500000e+01;-1.8315576e-02;9.2500000e+01;3.9630421e-02;9.2500000e+01;1.0849494e-01;9.2500000e+01;1.6033319e-01;9.2500000e+01;2.2221372e-01;9.2500000e+01;2.4476703e-01;9.2500000e+01;2.3298712e-01;9.2500000e+01;2.1310557e-01;9.2500000e+01;1.4144462e-01;9.2500000e+01;7.6500118e-02;9.2500000e+01;2.1895632e-02;9.2500000e+01;-2.5173046e-02;9.2500000e+01;-6.8848185e-02;9.2500000e+01;-1.1226430e-01;9.2500000e+01;-1.5527368e-01;9.2500000e+01;-1.9775015e-01;9.2500000e+01;-8.4266156e-02;9.2500000e+01;-6.0931932e-02;9.2500000e+01;-1.8315576e-02;9.2500000e+01;3.9630421e-02;9.2500000e+01;1.0849494e-01;9.2500000e+01;1.6033319e-01;9.2500000e+01;2.2221372e-01;9.2500000e+01;2.4476703e-01;9.2500000e+01;2.3298712e-01;9.2500000e+01;2.1310557e-01;9.2500000e+01;1.4144462e-01;9.2500000e+01;7.6500118e-02;9.2500000e+01;2.1895632e-02;9.2500000e+01;-2.5173046e-02;9.2500000e+01;-6.8848185e-02;9.2500000e+01;-1.1226430e-01;9.2500000e+01;-1.5527368e-01;9.2500000e+01;-1.9775015e-01;9.2500000e+01;-8.4266156e-02;9.2500000e+01;-6.0931932e-02;9.2500000e+01;-1.8315576e-02;9.2500000e+01;3.9630421e-02;9.2500000e+01;1.0849494e-01;9.2500000e+01;1.6033319e-01;9.2500000e+01;2.2221372e-01;9.2500000e+01;2.4476703e-01;9.2500000e+01;2.3298712e-01;9.2500000e+01;2.1310557e-01;9.2500000e+01;1.4144462e-01;9.2500000e+01;7.6500118e-02;9.2500000e+01;2.1895632e-02;9.2500000e+01;-2.5173046e-02;9.2500000e+01;-6.8848185e-02;9.2500000e+01;-1.1226430e-01;9.2500000e+01;-1.5527368e-01;9.2500000e+01;-1.9775015e-01;9.2500000e+01;-8.4266156e-02;9.2500000e+01;-6.0931932e-02;9.2500000e+01;-1.8315576e-02;9.2500000e+01;3.9630421e-02;9.2500000e+01;1.0849494e-01;9.2500000e+01;1.6033319e-01;9.2500000e+01;2.2221372e-01;9.2500000e+01;2.4476703e-01;9.2500000e+01;2.3298712e-01;9.2500000e+01;2.1310557e-01;9.2500000e+01;1.4144462e-01;9.2500000e+01;7.6500118e-02;9.2500000e+01;2.1895632e-02;9.2500000e+01;-2.5173046e-02;9.2500000e+01;-6.8848185e-02;9.2500000e+01;-1.1226430e-01;9.2500000e+01;-1.5527368e-01;9.2500000e+01;-1.9775015e-01;9.2500000e+01;-8.4266156e-02;9.2500000e+01;-6.0931932e-02;9.2500000e+01;-1.8315576e-02;9.2500000e+01;3.9630421e-02;9.2500000e+01;1.0849494e-01;9.2500000e+01;1.6033319e-01;9.2500000e+01;2.2221372e-01;9.2500000e+01;2.4476703e-01;9.2500000e+01;2.3298712e-01;9.2500000e+01;2.1310557e-01;9.2500000e+01;1.4144462e-01;9.2500000e+01;7.6500118e-02;9.2500000e+01;2.1895632e-02;9.2500000e+01;-2.5173046e-02;9.2500000e+01;-6.8848185e-02;9.2500000e+01;-1.1226430e-01;9.2500000e+01;-1.5527368e-01;9.2500000e+01;-1.9775015e-01;9.2500000e+01;-8.4266156e-02;9.2500000e+01;-6.0931932e-02;9.2500000e+01;-1.8315576e-02;9.2500000e+01;3.9630421e-02;9.2500000e+01;1.0849494e-01;9.2500000e+01;1.6033319e-01;9.2500000e+01;2.2221372e-01;9.2500000e+01;2.4476703e-01;9.2500000e+01;2.3298712e-01;9.2500000e+01;2.1310557e-01;9.2500000e+01;1.4144462e-01;9.2500000e+01;7.6500118e-02;9.2500000e+01;2.1895632e-02;9.2500000e+01;-2.5173046e-02;9.2500000e+01;-6.8848185e-02;9.2500000e+01;-1.1226430e-01;9.2500000e+01;-1.5527368e-01;9.2500000e+01;-1.9775015e-01;9.2500000e+01;-8.4266156e-02;9.2500000e+01;-6.0931932e-02;9.2500000e+01;-1.8315576e-02;9.2500000e+01;3.9630421e-02;9.2500000e+01;1.0849494e-01;9.2500000e+01;1.6033319e-01;9.2500000e+01;2.2221372e-01;9.2500000e+01;2.4476703e-01;9.2500000e+01;2.3298712e-01;9.2500000e+01;2.1310557e-01;9.2500000e+01;1.4144462e-01;9.2500000e+01;7.6500118e-02;9.2500000e+01;2.1895632e-02;9.2500000e+01;-2.5173046e-02;9.2500000e+01;-6.8848185e-02;9.2500000e+01;-1.1226430e-01;9.2500000e+01;-1.5527368e-01;9.2500000e+01;-1.9775015e-01;9.2500000e+01;-8.4266156e-02;9.2500000e+01;-6.0931932e-02;9.2500000e+01;-1.8315576e-02;9.2500000e+01;3.9630421e-02;9.2500000e+01;1.0849494e-01;9.2500000e+01;1.6033319e-01;9.2500000e+01;2.2221372e-01;9.2500000e+01;2.4476703e-01;9.2500000e+01;2.3298712e-01;9.2500000e+01;2.1310557e-01;9.2500000e+01;1.4144462e-01;9.2500000e+01;7.6500118e-02;9.2500000e+01;2.1895632e-02;9.2500000e+01;-2.5173046e-02;9.2500000e+01;-6.8848185e-02;9.2500000e+01;-1.1226430e-01;9.2500000e+01;-1.5527368e-01;9.2500000e+01;-1.9775015e-01;9.2500000e+01;-8.4266156e-02;9.2500000e+01;-6.0931932e-02;9.2500000e+01;-1.8315576e-02;9.2500000e+01;3.9630421e-02;9.2500000e+01;1.0849494e-01;9.2500000e+01;1.6033319e-01;9.2500000e+01;2.2221372e-01;9.2500000e+01;2.4476703e-01;9.2500000e+01;2.3298712e-01;9.2500000e+01;2.1310557e-01;9.2500000e+01;1.4144462e-01;9.2500000e+01;7.6500118e-02;9.2500000e+01;2.1895632e-02;9.2500000e+01;-2.5173046e-02;9.2500000e+01;-6.8848185e-02;9.2500000e+01;-1.1226430e-01;9.2500000e+01;-1.5527368e-01;9.2500000e+01;-1.9775015e-01;9.2500000e+01;-8.4266156e-02;9.2500000e+01;-6.0931932e-02;9.2500000e+01;-1.8315576e-02;9.2500000e+01;3.9630421e-02;9.2500000e+01;1.0849494e-01;9.2500000e+01;1.6033319e-01;9.2500000e+01;2.2221372e-01;9.2500000e+01;2.4476703e-01;9.2500000e+01;2.3298712e-01;9.2500000e+01;2.1310557e-01;9.2500000e+01;1.4144462e-01;9.2500000e+01;7.6500118e-02;9.2500000e+01;2.1895632e-02;9.2500000e+01;-2.5173046e-02;9.2500000e+01;-6.8848185e-02;9.2500000e+01;-1.1226430e-01;9.2500000e+01;-1.5527368e-01;9.2500000e+01;-1.9775015e-01;9.2500000e+01;-8.4266156e-02;9.2500000e+01;-6.0931932e-02;9.2500000e+01;-1.8315576e-02;9.2500000e+01;3.9630421e-02;9.2500000e+01;1.0849494e-01;9.2500000e+01;1.6033319e-01;9.2500000e+01;2.2221372e-01;9.2500000e+01;2.4476703e-01;9.2500000e+01;2.3298712e-01;9.2500000e+01;2.1310557e-01;9.2500000e+01;1.4144462e-01;9.2500000e+01;7.6500118e-02;9.2500000e+01;2.1895632e-02;9.2500000e+01;-2.5173046e-02;9.2500000e+01;-6.8848185e-02;9.2500000e+01;-1.1226430e-01;9.2500000e+01;-1.5527368e-01;9.2500000e+01;-1.9775015e-01;9.2500000e+01;-8.4266156e-02;9.2500000e+01;-6.0931932e-02;9.2500000e+01;-1.8315576e-02;9.2500000e+01;3.9630421e-02;9.2500000e+01;1.0849494e-01;9.2500000e+01;1.6033319e-01;9.2500000e+01;2.2221372e-01;9.2500000e+01;2.4476703e-01;9.2500000e+01;2.3298712e-01;9.2500000e+01;2.1310557e-01;9.2500000e+01;1.4144462e-01;9.2500000e+01;7.6500118e-02;9.2500000e+01;2.1895632e-02;9.2500000e+01;-2.5173046e-02;9.2500000e+01;-6.8848185e-02;9.2500000e+01;-1.1226430e-01;9.2500000e+01;-1.5527368e-01;9.2500000e+01;-1.9775015e-01;9.2500000e+01;-8.4266156e-02;9.2500000e+01;-6.0931932e-02;9.2500000e+01;-1.8315576e-02;9.2500000e+01;3.9630421e-02;9.2500000e+01;1.0849494e-01;9.2500000e+01;1.6033319e-01;9.2500000e+01;2.2221372e-01;9.2500000e+01;2.4476703e-01;9.2500000e+01;2.3298712e-01;9.2500000e+01;2.1310557e-01;9.2500000e+01;1.4144462e-01;9.2500000e+01;7.6500118e-02;9.2500000e+01;2.1895632e-02;9.2500000e+01;-2.5173046e-02;9.2500000e+01;-6.8848185e-02;9.2500000e+01;-1.1226430e-01;9.2500000e+01;-1.5527368e-01;9.2500000e+01;-1.9775015e-01;9.2500000e+01;-8.4266156e-02;9.2500000e+01;-6.0931932e-02;9.2500000e+01;-1.8315576e-02;9.2500000e+01;3.9630421e-02;9.2500000e+01;1.0849494e-01;9.2500000e+01;1.6033319e-01;9.2500000e+01;2.2221372e-01;9.2500000e+01;2.4476703e-01;9.2500000e+01;2.3298712e-01;9.2500000e+01;2.1310557e-01;9.2500000e+01;1.4144462e-01;9.2500000e+01;7.6500118e-02;9.2500000e+01;2.1895632e-02;9.2500000e+01;-2.5173046e-02;9.2500000e+01;-6.8848185e-02;9.2500000e+01;-1.1226430e-01;9.2500000e+01;-1.5527368e-01;9.2500000e+01;-1.9775015e-01;9.2500000e+01;-8.4266156e-02;9.2500000e+01;-6.0931932e-02;9.2500000e+01;-1.8315576e-02;9.2500000e+01;3.9630421e-02;9.2500000e+01;1.0849494e-01;9.2500000e+01;1.6033319e-01;9.2500000e+01;2.2221372e-01;9.2500000e+01;2.4476703e-01;9.2500000e+01;2.3298712e-01;9.2500000e+01;2.1310557e-01;9.2500000e+01;1.4144462e-01;9.2500000e+01;7.6500118e-02;9.2500000e+01;2.1895632e-02;9.2500000e+01;-2.5173046e-02;9.2500000e+01;-6.8848185e-02;9.2500000e+01;-1.1226430e-01;9.2500000e+01;-1.5527368e-01;9.2500000e+01;-1.9775015e-01;9.2500000e+01;-8.4266156e-02;9.2500000e+01;-6.0931932e-02;9.2500000e+01;-1.8315576e-02;9.2500000e+01;3.9630421e-02;9.2500000e+01;1.0849494e-01;9.2500000e+01;1.6033319e-01;9.2500000e+01;2.2221372e-01;9.2500000e+01;2.4476703e-01;9.2500000e+01;2.3298712e-01;9.2500000e+01;2.1310557e-01;9.2500000e+01;1.4144462e-01;9.2500000e+01;7.6500118e-02;9.2500000e+01;2.1895632e-02;9.2500000e+01;-2.5173046e-02;9.2500000e+01;-6.8848185e-02;9.2500000e+01;-1.1226430e-01;9.2500000e+01;-1.5527368e-01;9.2500000e+01;-1.9775015e-01;9.2500000e+01;-8.4266156e-02;9.2500000e+01;-6.0931932e-02;9.2500000e+01;-1.8315576e-02;9.2500000e+01;3.9630421e-02;9.2500000e+01;1.0849494e-01;9.2500000e+01;1.6033319e-01;9.2500000e+01;2.2221372e-01;9.2500000e+01;2.4476703e-01;9.2500000e+01;2.3298712e-01;9.2500000e+01;2.1310557e-01;9.2500000e+01;1.4144462e-01;9.2500000e+01;7.6500118e-02;9.2500000e+01;2.1895632e-02;9.2500000e+01;-2.5173046e-02;9.2500000e+01;-6.8848185e-02;9.2500000e+01;-1.1226430e-01;9.2500000e+01;-1.5527368e-01;9.2500000e+01;-1.9775015e-01;9.2500000e+01;-8.4266156e-02;9.2500000e+01;-6.0931932e-02;9.2500000e+01;-1.8315576e-02;9.2500000e+01;3.9630421e-02;9.2500000e+01;1.0849494e-01;9.2500000e+01;1.6033319e-01;9.2500000e+01;2.2221372e-01;9.2500000e+01;2.4476703e-01;9.2500000e+01;2.3298712e-01;9.2500000e+01;2.1310557e-01;9.2500000e+01;1.4144462e-01;9.2500000e+01;7.6500118e-02;9.2500000e+01;2.1895632e-02;9.2500000e+01;-2.5173046e-02;9.2500000e+01;-6.8848185e-02;9.2500000e+01;-1.1226430e-01;9.2500000e+01;-1.5527368e-01;9.2500000e+01;-1.9775015e-01;9.2500000e+01;-8.4266156e-02;9.2500000e+01;-6.0931932e-02;9.2500000e+01;-1.8315576e-02;9.2500000e+01;3.9630421e-02;9.2500000e+01;1.0849494e-01;9.2500000e+01;1.6033319e-01;9.2500000e+01;2.2221372e-01;9.2500000e+01;2.4476703e-01;9.2500000e+01;2.3298712e-01;9.2500000e+01;2.1310557e-01;9.2500000e+01;1.4144462e-01;9.2500000e+01;7.6500118e-02;9.2500000e+01;2.1895632e-02;9.2500000e+01;-2.5173046e-02;9.2500000e+01;-6.8848185e-02;9.2500000e+01;-1.1226430e-01;9.2500000e+01;-1.5527368e-01;9.2500000e+01;-1.9775015e-01;9.2500000e+01;-8.4266156e-02;9.2500000e+01;-6.0931932e-02;9.2500000e+01;-1.8315576e-02;9.2500000e+01;3.9630421e-02;9.2500000e+01;1.0849494e-01;9.2500000e+01;1.6033319e-01;9.2500000e+01;2.2221372e-01;9.2500000e+01;2.4476703e-01;9.2500000e+01;2.3298712e-01;9.2500000e+01;2.1310557e-01;9.2500000e+01;1.4144462e-01;9.2500000e+01;7.6500118e-02;9.2500000e+01;2.1895632e-02;9.2500000e+01;-2.5173046e-02;9.2500000e+01;-6.8848185e-02;9.2500000e+01;-1.1226430e-01;9.2500000e+01;-1.5527368e-01;9.2500000e+01;-1.9775015e-01;9.2500000e+01;-8.4266156e-02;9.2500000e+01;-6.0931932e-02;9.2500000e+01;-1.8315576e-02;9.2500000e+01;3.9630421e-02;9.2500000e+01;1.0849494e-01;9.2500000e+01;1.6033319e-01;9.2500000e+01;2.2221372e-01;9.2500000e+01;2.4476703e-01;9.2500000e+01;2.3298712e-01;9.2500000e+01;2.1310557e-01;9.2500000e+01;1.4144462e-01;9.2500000e+01;7.6500118e-02;9.2500000e+01;2.1895632e-02;9.2500000e+01;-2.5173046e-02;9.2500000e+01;-6.8848185e-02;9.2500000e+01;-1.1226430e-01;9.2500000e+01;-1.5527368e-01;9.2500000e+01;-1.9775015e-01;9.2500000e+01;-8.4266156e-02;9.2500000e+01;-6.0931932e-02;9.2500000e+01;-1.8315576e-02;9.2500000e+01;3.9630421e-02;9.2500000e+01;1.0849494e-01;9.2500000e+01;1.6033319e-01;9.2500000e+01;2.2221372e-01;9.2500000e+01;2.4476703e-01;9.2500000e+01;2.3298712e-01;9.2500000e+01;2.1310557e-01;9.2500000e+01;1.4144462e-01;9.2500000e+01;7.6500118e-02;9.2500000e+01;2.1895632e-02;9.2500000e+01;-2.5173046e-02;9.2500000e+01;-6.8848185e-02;9.2500000e+01;-1.1226430e-01;9.2500000e+01;-1.5527368e-01;9.2500000e+01;-1.9775015e-01;9.2500000e+01;-8.4266156e-02;9.2500000e+01;-6.0931932e-02;9.2500000e+01;-1.8315576e-02;9.2500000e+01;3.9630421e-02;9.2500000e+01;1.0849494e-01;9.2500000e+01;1.6033319e-01;9.2500000e+01;2.2221372e-01;9.2500000e+01;2.4476703e-01;9.2500000e+01;2.3298712e-01;9.2500000e+01;2.1310557e-01;9.2500000e+01;1.4144462e-01;9.2500000e+01;7.6500118e-02;9.2500000e+01;2.1895632e-02;9.2500000e+01;-2.5173046e-02;9.2500000e+01;-6.8848185e-02;9.2500000e+01;-1.1226430e-01;9.2500000e+01;-1.5527368e-01;9.2500000e+01;-1.9775015e-01;9.2500000e+01;-8.4266156e-02;9.2500000e+01;-6.0931932e-02;9.2500000e+01;-1.8315576e-02;9.2500000e+01;3.9630421e-02;9.2500000e+01;1.0849494e-01;9.2500000e+01;1.6033319e-01;9.2500000e+01;2.2221372e-01;9.2500000e+01;2.4476703e-01;9.2500000e+01;2.3298712e-01;9.2500000e+01;2.1310557e-01;9.2500000e+01;1.4144462e-01;9.2500000e+01;7.6500118e-02;9.2500000e+01;2.1895632e-02;9.2500000e+01;-2.5173046e-02;9.2500000e+01;-6.8848185e-02;9.2500000e+01;-1.1226430e-01;9.2500000e+01;-1.5527368e-01;9.2500000e+01;-1.9775015e-01;9.2500000e+01;-8.4266156e-02;9.2500000e+01;-6.0931932e-02;9.2500000e+01;-1.8315576e-02;9.2500000e+01;3.9630421e-02;9.2500000e+01;1.0849494e-01;9.2500000e+01;1.6033319e-01;9.2500000e+01;2.2221372e-01;9.2500000e+01;2.4476703e-01;9.2500000e+01;2.3298712e-01;9.2500000e+01;2.1310557e-01;9.2500000e+01;1.4144462e-01;9.2500000e+01;7.6500118e-02;9.2500000e+01;2.1895632e-02;9.2500000e+01;-2.5173046e-02;9.2500000e+01;-6.8848185e-02;9.2500000e+01;-1.1226430e-01;9.2500000e+01;-1.5527368e-01;9.2500000e+01;-1.9775015e-01;9.2500000e+01;-8.4266156e-02;9.2500000e+01;-6.0931932e-02;9.2500000e+01;-1.8315576e-02;9.2500000e+01;3.9630421e-02;9.2500000e+01;1.0849494e-01;9.2500000e+01;1.6033319e-01;9.2500000e+01;2.2221372e-01;9.2500000e+01;2.4476703e-01;9.2500000e+01;2.3298712e-01;9.2500000e+01;2.1310557e-01;9.2500000e+01;1.4144462e-01;9.2500000e+01;7.6500118e-02;9.2500000e+01;2.1895632e-02;9.2500000e+01;-2.5173046e-02;9.2500000e+01;-6.8848185e-02;9.2500000e+01;-1.1226430e-01;9.2500000e+01;-1.5527368e-01;9.2500000e+01;-1.9775015e-01;9.2500000e+01;-8.4266156e-02;9.2500000e+01;-6.0931932e-02;9.2500000e+01;-1.8315576e-02;9.2500000e+01;3.9630421e-02;9.2500000e+01;1.0849494e-01;9.2500000e+01;1.6033319e-01;9.2500000e+01;2.2221372e-01;9.2500000e+01;2.4476703e-01;9.2500000e+01;2.3298712e-01;9.2500000e+01;2.1310557e-01;9.2500000e+01;1.4144462e-01;9.2500000e+01;7.6500118e-02;9.2500000e+01;2.1895632e-02;9.2500000e+01;-2.5173046e-02;9.2500000e+01;-6.8848185e-02;9.2500000e+01;-1.1226430e-01;9.2500000e+01;-1.5527368e-01;9.2500000e+01;-1.9775015e-01;9.2500000e+01;-8.4266156e-02;9.2500000e+01;-6.0931932e-02;9.2500000e+01;-1.8315576e-02;9.2500000e+01;3.9630421e-02;9.2500000e+01;1.0849494e-01;9.2500000e+01;1.6033319e-01;9.2500000e+01;2.2221372e-01;9.2500000e+01;2.4476703e-01;9.2500000e+01;2.3298712e-01;9.2500000e+01;2.1310557e-01;9.2500000e+01;1.4144462e-01;9.2500000e+01;7.6500118e-02;9.2500000e+01;2.1895632e-02;9.2500000e+01;-2.5173046e-02;9.2500000e+01;-6.8848185e-02;9.2500000e+01;-1.1226430e-01;9.2500000e+01;-1.5527368e-01;9.2500000e+01;-1.9775015e-01;9.2500000e+01;-8.4266156e-02;9.2500000e+01;-6.0931932e-02;9.2500000e+01;-1.8315576e-02;9.2500000e+01;3.9630421e-02;9.2500000e+01;1.0849494e-01;9.2500000e+01;1.6033319e-01;9.2500000e+01;2.2221372e-01;9.2500000e+01;2.4476703e-01;9.2500000e+01;2.3298712e-01;9.2500000e+01;2.1310557e-01;9.2500000e+01;1.4144462e-01;9.2500000e+01;7.6500118e-02;9.2500000e+01;2.1895632e-02;9.2500000e+01;-2.5173046e-02;9.2500000e+01;-6.8848185e-02;9.2500000e+01;-1.1226430e-01;9.2500000e+01;-1.5527368e-01;9.2500000e+01;-1.9775015e-01;9.2500000e+01;-8.4266156e-02;9.2500000e+01;-6.0931932e-02;9.2500000e+01;-1.8315576e-02;9.2500000e+01;3.9630421e-02;9.2500000e+01;1.0849494e-01;9.2500000e+01;1.6033319e-01;9.2500000e+01;2.2221372e-01;9.2500000e+01;2.4476703e-01;9.2500000e+01;2.3298712e-01;9.2500000e+01;2.1310557e-01;9.2500000e+01;1.4144462e-01;9.2500000e+01;7.6500118e-02;9.2500000e+01;2.1895632e-02;9.2500000e+01;-2.5173046e-02;9.2500000e+01;-6.8848185e-02;9.2500000e+01;-1.1226430e-01;9.2500000e+01;-1.5527368e-01;9.2500000e+01;-1.9775015e-01;9.2500000e+01;-8.4266156e-02;9.2500000e+01;-6.0931932e-02;9.2500000e+01;-1.8315576e-02;9.2500000e+01;3.9630421e-02;9.2500000e+01;1.0849494e-01;9.2500000e+01;1.6033319e-01;9.2500000e+01;2.2221372e-01;9.2500000e+01;2.4476703e-01;9.2500000e+01;2.3298712e-01;9.2500000e+01;2.1310557e-01;9.2500000e+01;1.4144462e-01;9.2500000e+01;7.6500118e-02;9.2500000e+01;2.1895632e-02;9.2500000e+01;-2.5173046e-02;9.2500000e+01;-6.8848185e-02;9.2500000e+01;-1.1226430e-01;9.2500000e+01;-1.5527368e-01;9.2500000e+01;-1.9775015e-01;9.2500000e+01;-8.4266156e-02;9.2500000e+01;-6.0931932e-02;9.2500000e+01;-1.8315576e-02;9.2500000e+01;3.9630421e-02;9.2500000e+01;1.0849494e-01;9.2500000e+01;1.6033319e-01;9.2500000e+01;2.2221372e-01;9.2500000e+01;2.4476703e-01;9.2500000e+01;2.3298712e-01;9.2500000e+01;2.1310557e-01;9.2500000e+01;1.4144462e-01;9.2500000e+01;7.6500118e-02;9.2500000e+01;2.1895632e-02;9.2500000e+01;-2.5173046e-02;9.2500000e+01;-6.8848185e-02;9.2500000e+01;-1.1226430e-01;9.2500000e+01;-1.5527368e-01;9.2500000e+01;-1.9775015e-01;9.2500000e+01;-8.4266156e-02;9.2500000e+01;-6.0931932e-02;9.2500000e+01;-1.8315576e-02;9.2500000e+01;3.9630421e-02;9.2500000e+01;1.0849494e-01;9.2500000e+01;1.6033319e-01;9.2500000e+01;2.2221372e-01;9.2500000e+01;2.4476703e-01;9.2500000e+01;2.3298712e-01;9.2500000e+01;2.1310557e-01;9.2500000e+01;1.4144462e-01;9.2500000e+01;7.6500118e-02;9.2500000e+01;2.1895632e-02;9.2500000e+01;-2.5173046e-02;9.2500000e+01;-6.8848185e-02;9.2500000e+01;-1.1226430e-01;9.2500000e+01;-1.5527368e-01;9.2500000e+01;-1.9775015e-01;9.2500000e+01;-8.4266156e-02;9.2500000e+01;-6.0931932e-02;9.2500000e+01;-1.8315576e-02;9.2500000e+01;3.9630421e-02;9.2500000e+01;1.0849494e-01;9.2500000e+01;1.6033319e-01;9.2500000e+01;2.2221372e-01;9.2500000e+01;2.4476703e-01;9.2500000e+01;2.3298712e-01;9.2500000e+01;2.1310557e-01;9.2500000e+01;1.4144462e-01;9.2500000e+01;7.6500118e-02;9.2500000e+01;2.1895632e-02;9.2500000e+01;-2.5173046e-02;9.2500000e+01;-6.8848185e-02;9.2500000e+01;-1.1226430e-01;9.2500000e+01;-1.5527368e-01;9.2500000e+01;-1.9775015e-01;9.2500000e+01;-8.4266156e-02;9.2500000e+01;-6.0931932e-02;9.2500000e+01;-1.8315576e-02;9.2500000e+01;3.9630421e-02;9.2500000e+01;1.0849494e-01;9.2500000e+01;1.6033319e-01;9.2500000e+01;2.2221372e-01;9.2500000e+01;2.4476703e-01;9.2500000e+01;2.3298712e-01;9.2500000e+01;2.1310557e-01;9.2500000e+01;1.4144462e-01;9.2500000e+01;7.6500118e-02;9.2500000e+01;2.1895632e-02;9.2500000e+01;-2.5173046e-02;9.2500000e+01;-6.8848185e-02;9.2500000e+01;-1.1226430e-01;9.2500000e+01;-1.5527368e-01;9.2500000e+01;-1.9775015e-01;9.2500000e+01;-8.4266156e-02;9.2500000e+01;-6.0931932e-02;9.2500000e+01;-1.8315576e-02;9.2500000e+01;3.9630421e-02;9.2500000e+01;1.0849494e-01;9.2500000e+01;1.6033319e-01;9.2500000e+01;2.2221372e-01;9.2500000e+01;2.4476703e-01;9.2500000e+01;2.3298712e-01;9.2500000e+01;2.1310557e-01;9.2500000e+01;1.4144462e-01;9.2500000e+01;7.6500118e-02;9.2500000e+01;2.1895632e-02;9.2500000e+01;-2.5173046e-02;9.2500000e+01;-6.8848185e-02;9.2500000e+01;-1.1226430e-01;9.2500000e+01;-1.5527368e-01;9.2500000e+01;-1.9775015e-01;9.2500000e+01;-8.4266156e-02;9.2500000e+01;-6.0931932e-02;9.2500000e+01;-1.8315576e-02;9.2500000e+01;3.9630421e-02;9.2500000e+01;1.0849494e-01;9.2500000e+01;1.6033319e-01;9.2500000e+01;2.2221372e-01;9.2500000e+01;2.4476703e-01;9.2500000e+01;2.3298712e-01;9.2500000e+01;2.1310557e-01;9.2500000e+01;1.4144462e-01;9.2500000e+01;7.6500118e-02;9.2500000e+01;2.1895632e-02;9.2500000e+01;-2.5173046e-02;9.2500000e+01;-6.8848185e-02;9.2500000e+01;-1.1226430e-01;9.2500000e+01;-1.5527368e-01;9.2500000e+01;-1.9775015e-01;9.2500000e+01;-8.4266156e-02;9.2500000e+01;-6.0931932e-02;9.2500000e+01;-1.8315576e-02;9.2500000e+01;3.9630421e-02;9.2500000e+01;1.0849494e-01;9.2500000e+01;1.6033319e-01;9.2500000e+01;2.2221372e-01;9.2500000e+01;2.4476703e-01;9.2500000e+01;2.3298712e-01;9.2500000e+01;2.1310557e-01;9.2500000e+01;1.4144462e-01;9.2500000e+01;7.6500118e-02;9.2500000e+01;2.1895632e-02;9.2500000e+01;-2.5173046e-02;9.2500000e+01;-6.8848185e-02;9.2500000e+01;-1.1226430e-01;9.2500000e+01;-1.5527368e-01;9.2500000e+01;-1.9775015e-01;9.2500000e+01;-8.4266156e-02;9.2500000e+01;-6.0931932e-02;9.2500000e+01;-1.8315576e-02;9.2500000e+01;3.9630421e-02;9.2500000e+01;1.0849494e-01;9.2500000e+01;1.6033319e-01;9.2500000e+01;2.2221372e-01;9.2500000e+01;2.4476703e-01;9.2500000e+01;2.3298712e-01;9.2500000e+01;2.1310557e-01;9.2500000e+01;1.4144462e-01;9.2500000e+01;7.6500118e-02;9.2500000e+01;2.1895632e-02;9.2500000e+01;-2.5173046e-02;9.2500000e+01;-6.8848185e-02;9.2500000e+01;-1.1226430e-01;9.2500000e+01;-1.5527368e-01;9.2500000e+01;-1.9775015e-01;9.2500000e+01;-8.4266156e-02;9.2500000e+01;-6.0931932e-02;9.2500000e+01;-1.8315576e-02;9.2500000e+01;3.9630421e-02;9.2500000e+01;1.0849494e-01;9.2500000e+01;1.6033319e-01;9.2500000e+01;2.2221372e-01;9.2500000e+01;2.4476703e-01;9.2500000e+01;2.3298712e-01;9.2500000e+01;2.1310557e-01;9.2500000e+01;1.4144462e-01;9.2500000e+01;7.6500118e-02;9.2500000e+01;2.1895632e-02;9.2500000e+01;-2.5173046e-02;9.2500000e+01;-6.8848185e-02;9.2500000e+01;-1.1226430e-01;9.2500000e+01;-1.5527368e-01;9.2500000e+01;-1.9775015e-01;9.2500000e+01;-8.4266156e-02;9.2500000e+01;-6.0931932e-02;9.2500000e+01;-1.8315576e-02;9.2500000e+01;3.9630421e-02;9.2500000e+01;1.0849494e-01;9.2500000e+01;1.6033319e-01;9.2500000e+01;2.2221372e-01;9.2500000e+01;2.4476703e-01;9.2500000e+01;2.3298712e-01;9.2500000e+01;2.1310557e-01;9.2500000e+01;1.4144462e-01;9.2500000e+01;7.6500118e-02;9.2500000e+01;2.1895632e-02;9.2500000e+01;-2.5173046e-02;9.2500000e+01;-6.8848185e-02;9.2500000e+01;-1.1226430e-01;9.2500000e+01;-1.5527368e-01;9.2500000e+01;-1.9775015e-01;9.2500000e+01;-8.4266156e-02;9.2500000e+01;-6.0931932e-02;9.2500000e+01;-1.8315576e-02;9.2500000e+01;3.9630421e-02;9.2500000e+01;1.0849494e-01;9.2500000e+01;1.6033319e-01;9.2500000e+01;2.2221372e-01;9.2500000e+01;2.4476703e-01;9.2500000e+01;2.3298712e-01;9.2500000e+01;2.1310557e-01;9.2500000e+01;1.4144462e-01;9.2500000e+01;7.6500118e-02;9.2500000e+01;2.1895632e-02;9.2500000e+01;-2.5173046e-02;9.2500000e+01;-6.8848185e-02;9.2500000e+01;-1.1226430e-01;9.2500000e+01;-1.5527368e-01;9.2500000e+01;-1.9775015e-01;9.2500000e+01;-8.4266156e-02;9.2500000e+01;-6.0931932e-02;9.2500000e+01;-1.8315576e-02;9.2500000e+01;3.9630421e-02;9.2500000e+01;1.0849494e-01;9.2500000e+01;1.6033319e-01;9.2500000e+01;2.2221372e-01;9.2500000e+01;2.4476703e-01;9.2500000e+01;2.3298712e-01;9.2500000e+01;2.1310557e-01;9.2500000e+01;1.4144462e-01;9.2500000e+01;7.6500118e-02;9.2500000e+01;2.1895632e-02;9.2500000e+01;-2.5173046e-02;9.2500000e+01;-6.8848185e-02;9.2500000e+01;-1.1226430e-01;9.2500000e+01;-1.5527368e-01;9.2500000e+01;-1.9775015e-01;9.2500000e+01;-8.4266156e-02;9.2500000e+01;-6.0931932e-02;9.2500000e+01;-1.8315576e-02;9.2500000e+01;3.9630421e-02;9.2500000e+01;1.0849494e-01;9.2500000e+01;1.6033319e-01;9.2500000e+01;2.2221372e-01;9.2500000e+01;2.4476703e-01;9.2500000e+01;2.3298712e-01;9.2500000e+01;2.1310557e-01;9.2500000e+01;1.4144462e-01;9.2500000e+01;7.6500118e-02;9.2500000e+01;2.1895632e-02;9.2500000e+01;-2.5173046e-02;9.2500000e+01;-6.8848185e-02;9.2500000e+01;-1.1226430e-01;9.2500000e+01;-1.5527368e-01;9.2500000e+01;-1.9775015e-01;9.2500000e+01;-8.4266156e-02;9.2500000e+01;-6.0931932e-02;9.2500000e+01;-1.8315576e-02;9.2500000e+01;3.9630421e-02;9.2500000e+01;1.0849494e-01;9.2500000e+01;1.6033319e-01;9.2500000e+01;2.2221372e-01;9.2500000e+01;2.4476703e-01;9.2500000e+01;2.3298712e-01;9.2500000e+01;2.1310557e-01;9.2500000e+01;1.4144462e-01;9.2500000e+01;7.6500118e-02;9.2500000e+01;2.1895632e-02;9.2500000e+01;-2.5173046e-02;9.2500000e+01;-6.8848185e-02;9.2500000e+01;-1.1226430e-01;9.2500000e+01;-1.5527368e-01;9.2500000e+01;-1.9775015e-01;9.2500000e+01;-8.4266156e-02;9.2500000e+01;-6.0931932e-02;9.2500000e+01;-1.8315576e-02;9.2500000e+01;3.9630421e-02;9.2500000e+01;1.0849494e-01;9.2500000e+01;1.6033319e-01;9.2500000e+01;2.2221372e-01;9.2500000e+01;2.4476703e-01;9.2500000e+01;2.3298712e-01;9.2500000e+01;2.1310557e-01;9.2500000e+01;1.4144462e-01;9.2500000e+01;7.6500118e-02;9.2500000e+01;2.1895632e-02;9.2500000e+01;-2.5173046e-02;9.2500000e+01;-6.8848185e-02;9.2500000e+01;-1.1226430e-01;9.2500000e+01;-1.5527368e-01;9.2500000e+01;-1.9775015e-01;9.2500000e+01;-8.4266156e-02;9.2500000e+01;-6.0931932e-02;9.2500000e+01;-1.8315576e-02;9.2500000e+01;3.9630421e-02;9.2500000e+01;1.0849494e-01;9.2500000e+01;1.6033319e-01;9.2500000e+01;2.2221372e-01;9.2500000e+01;2.4476703e-01;9.2500000e+01;2.3298712e-01;9.2500000e+01;2.1310557e-01;9.2500000e+01;1.4144462e-01;9.2500000e+01;7.6500118e-02;9.2500000e+01;2.1895632e-02;9.2500000e+01;-2.5173046e-02;9.2500000e+01;-6.8848185e-02;9.2500000e+01;-1.1226430e-01;9.2500000e+01;-1.5527368e-01;9.2500000e+01;-1.9775015e-01;9.2500000e+01;-8.4266156e-02;9.2500000e+01;-6.0931932e-02;9.2500000e+01;-1.8315576e-02;9.2500000e+01;3.9630421e-02;9.2500000e+01;1.0849494e-01;9.2500000e+01;1.6033319e-01;9.2500000e+01;2.2221372e-01;9.2500000e+01;2.4476703e-01;9.2500000e+01;2.3298712e-01;9.2500000e+01;2.1310557e-01;9.2500000e+01;1.4144462e-01;9.2500000e+01;7.6500118e-02;9.2500000e+01;2.1895632e-02;9.2500000e+01;-2.5173046e-02;9.2500000e+01;-6.8848185e-02;9.2500000e+01;-1.1226430e-01;9.2500000e+01;-1.5527368e-01;9.2500000e+01;-1.9775015e-01;9.2500000e+01;-8.4266156e-02;9.2500000e+01;-6.0931932e-02;9.2500000e+01;-1.8315576e-02;9.2500000e+01;3.9630421e-02;9.2500000e+01;1.0849494e-01;9.2500000e+01;1.6033319e-01;9.2500000e+01;2.2221372e-01;9.2500000e+01;2.4476703e-01;9.2500000e+01;2.3298712e-01;9.2500000e+01;2.1310557e-01;9.2500000e+01;1.4144462e-01;9.2500000e+01;7.6500118e-02;9.2500000e+01;2.1895632e-02;9.2500000e+01;-2.5173046e-02;9.2500000e+01;-6.8848185e-02;9.2500000e+01;-1.1226430e-01;9.2500000e+01;-1.5527368e-01;9.2500000e+01;-1.9775015e-01;9.2500000e+01;-8.4266156e-02;9.2500000e+01;-6.0931932e-02;9.2500000e+01;-1.8315576e-02;9.2500000e+01;3.9630421e-02;9.2500000e+01;1.0849494e-01;9.2500000e+01;1.6033319e-01;9.2500000e+01;2.2221372e-01;9.2500000e+01;2.4476703e-01;9.2500000e+01;2.3298712e-01;9.2500000e+01;2.1310557e-01;9.2500000e+01;1.4144462e-01;9.2500000e+01;7.6500118e-02;9.2500000e+01;2.1895632e-02;9.2500000e+01;-2.5173046e-02;9.2500000e+01;-6.8848185e-02;9.2500000e+01;-1.1226430e-01;9.2500000e+01;-1.5527368e-01;9.2500000e+01;-1.9775015e-01;9.2500000e+01;-8.4266156e-02;9.2500000e+01;-6.0931932e-02;9.2500000e+01;-1.8315576e-02;9.2500000e+01;3.9630421e-02;9.2500000e+01;1.0849494e-01;9.2500000e+01;1.6033319e-01;9.2500000e+01;2.2221372e-01;9.2500000e+01;2.4476703e-01;9.2500000e+01;2.3298712e-01;9.2500000e+01;2.1310557e-01;9.2500000e+01;1.4144462e-01;9.2500000e+01;7.6500118e-02;9.2500000e+01;2.1895632e-02;9.2500000e+01;-2.5173046e-02;9.2500000e+01;-6.8848185e-02;9.2500000e+01;-1.1226430e-01;9.2500000e+01;-1.5527368e-01;9.2500000e+01;-1.9775015e-01;9.2500000e+01;-8.4266156e-02;9.2500000e+01;-6.0931932e-02;9.2500000e+01;-1.8315576e-02;9.2500000e+01;3.9630421e-02;9.2500000e+01;1.0849494e-01;9.2500000e+01;1.6033319e-01;9.2500000e+01;2.2221372e-01;9.2500000e+01;2.4476703e-01;9.2500000e+01;2.3298712e-01;9.2500000e+01;2.1310557e-01;9.2500000e+01;1.4144462e-01;9.2500000e+01;7.6500118e-02;9.2500000e+01;2.1895632e-02;9.2500000e+01;-2.5173046e-02;9.2500000e+01;-6.8848185e-02;9.2500000e+01;-1.1226430e-01;9.2500000e+01;-1.5527368e-01;9.2500000e+01;-1.9775015e-01;9.2500000e+01;-8.4266156e-02;9.2500000e+01;-6.0931932e-02;9.2500000e+01;-1.8315576e-02;9.2500000e+01;3.9630421e-02;9.2500000e+01;1.0849494e-01;9.2500000e+01;1.6033319e-01;9.2500000e+01;2.2221372e-01;9.2500000e+01;2.4476703e-01;9.2500000e+01;2.3298712e-01;9.2500000e+01;2.1310557e-01;9.2500000e+01;1.4144462e-01;9.2500000e+01;7.6500118e-02;9.2500000e+01;2.1895632e-02;9.2500000e+01;-2.5173046e-02;9.2500000e+01;-6.8848185e-02;9.2500000e+01;-1.1226430e-01;9.2500000e+01;-1.5527368e-01;9.2500000e+01;-1.9775015e-01;9.2500000e+01;-8.4266156e-02;9.2500000e+01;-6.0931932e-02;9.2500000e+01;-1.8315576e-02;9.2500000e+01;3.9630421e-02;9.2500000e+01;1.0849494e-01;9.2500000e+01;1.6033319e-01;9.2500000e+01;2.2221372e-01;9.2500000e+01;2.4476703e-01;9.2500000e+01;2.3298712e-01;9.2500000e+01;2.1310557e-01;9.2500000e+01;1.4144462e-01;9.2500000e+01;7.6500118e-02;9.2500000e+01;2.1895632e-02;9.2500000e+01;-2.5173046e-02;9.2500000e+01;-6.8848185e-02;9.2500000e+01;-1.1226430e-01;9.2500000e+01;-1.5527368e-01;9.2500000e+01;-1.9775015e-01;9.2500000e+01;-8.4266156e-02;9.2500000e+01;-6.0931932e-02;9.2500000e+01;-1.8315576e-02;9.2500000e+01;3.9630421e-02;9.2500000e+01;1.0849494e-01;9.2500000e+01;1.6033319e-01;9.2500000e+01;2.2221372e-01;9.2500000e+01;2.4476703e-01;9.2500000e+01;2.3298712e-01;9.2500000e+01;2.1310557e-01;9.2500000e+01;1.4144462e-01;9.2500000e+01;7.6500118e-02;9.2500000e+01;2.1895632e-02;9.2500000e+01;-2.5173046e-02;9.2500000e+01;-6.8848185e-02;9.2500000e+01;-1.1226430e-01;9.2500000e+01;-1.5527368e-01;9.2500000e+01;-1.9775015e-01;9.2500000e+01;-8.4266156e-02;9.2500000e+01;-6.0931932e-02;9.2500000e+01;-1.8315576e-02;9.2500000e+01;3.9630421e-02;9.2500000e+01;1.0849494e-01;9.2500000e+01;1.6033319e-01;9.2500000e+01;2.2221372e-01;9.2500000e+01;2.4476703e-01;9.2500000e+01;2.3298712e-01;9.2500000e+01;2.1310557e-01;9.2500000e+01;1.4144462e-01;9.2500000e+01;7.6500118e-02;9.2500000e+01;2.1895632e-02;9.2500000e+01;-2.5173046e-02;9.2500000e+01;-6.8848185e-02;9.2500000e+01;-1.1226430e-01;9.2500000e+01;-1.5527368e-01;9.2500000e+01;-1.9775015e-01;9.2500000e+01;-8.4266156e-02;9.2500000e+01;-6.0931932e-02;9.2500000e+01;-1.8315576e-02;9.2500000e+01;3.9630421e-02;9.2500000e+01;1.0849494e-01;9.2500000e+01;1.6033319e-01;9.2500000e+01;2.2221372e-01;9.2500000e+01;2.4476703e-01;9.2500000e+01;2.3298712e-01;9.2500000e+01;2.1310557e-01;9.2500000e+01;1.4144462e-01;9.2500000e+01;7.6500118e-02;9.2500000e+01;2.1895632e-02;9.2500000e+01;-2.5173046e-02;9.2500000e+01;-6.8848185e-02;9.2500000e+01;-1.1226430e-01;9.2500000e+01;-1.5527368e-01;9.2500000e+01;-1.9775015e-01;9.2500000e+01;-8.4266156e-02;9.2500000e+01;-6.0931932e-02;9.2500000e+01;-1.8315576e-02;9.2500000e+01;3.9630421e-02;9.2500000e+01;1.0849494e-01;9.2500000e+01;1.6033319e-01;9.2500000e+01;2.2221372e-01;9.2500000e+01;2.4476703e-01;9.2500000e+01;2.3298712e-01;9.2500000e+01;2.1310557e-01;9.2500000e+01;1.4144462e-01;9.2500000e+01;7.6500118e-02;9.2500000e+01;2.1895632e-02;9.2500000e+01;-2.5173046e-02;9.2500000e+01;-6.8848185e-02;9.2500000e+01;-1.1226430e-01;9.2500000e+01;-1.5527368e-01;9.2500000e+01;-1.9775015e-01;9.2500000e+01;-8.4266156e-02;9.2500000e+01;-6.0931932e-02;9.2500000e+01;-1.8315576e-02;9.2500000e+01;3.9630421e-02;9.2500000e+01;1.0849494e-01;9.2500000e+01;1.6033319e-01;9.2500000e+01;2.2221372e-01;9.2500000e+01;2.4476703e-01;9.2500000e+01;2.3298712e-01;9.2500000e+01;2.1310557e-01;9.2500000e+01;1.4144462e-01;9.2500000e+01;7.6500118e-02;9.2500000e+01;2.1895632e-02;9.2500000e+01;-2.5173046e-02;9.2500000e+01;-6.8848185e-02;9.2500000e+01;-1.1226430e-01;9.2500000e+01;-1.5527368e-01;9.2500000e+01;-1.9775015e-01;9.2500000e+01;-8.4266156e-02;9.2500000e+01;-6.0931932e-02;9.2500000e+01;-1.8315576e-02;9.2500000e+01;3.9630421e-02;9.2500000e+01;1.0849494e-01;9.2500000e+01;1.6033319e-01;9.2500000e+01;2.2221372e-01;9.2500000e+01;2.4476703e-01;9.2500000e+01;2.3298712e-01;9.2500000e+01;2.1310557e-01;9.2500000e+01;1.4144462e-01;9.2500000e+01;7.6500118e-02;9.2500000e+01;2.1895632e-02;9.2500000e+01;-2.5173046e-02;9.2500000e+01;-6.8848185e-02;9.2500000e+01;-1.1226430e-01;9.2500000e+01;-1.5527368e-01;9.2500000e+01;-1.9775015e-01;9.2500000e+01;-8.4266156e-02;9.2500000e+01;-6.0931932e-02;9.2500000e+01;-1.8315576e-02;9.2500000e+01;3.9630421e-02;9.2500000e+01;1.0849494e-01;9.2500000e+01;1.6033319e-01;9.2500000e+01;2.2221372e-01;9.2500000e+01;2.4476703e-01;9.2500000e+01;2.3298712e-01;9.2500000e+01;2.1310557e-01;9.2500000e+01;1.4144462e-01;9.2500000e+01;7.6500118e-02;9.2500000e+01;2.1895632e-02;9.2500000e+01;-2.5173046e-02;9.2500000e+01;-6.8848185e-02;9.2500000e+01;-1.1226430e-01;9.2500000e+01;-1.5527368e-01;9.2500000e+01;-1.9775015e-01;9.2500000e+01;-8.4266156e-02;9.2500000e+01;-6.0931932e-02;9.2500000e+01;-1.8315576e-02;9.2500000e+01;3.9630421e-02;9.2500000e+01;1.0849494e-01;9.2500000e+01;1.6033319e-01;9.2500000e+01;2.2221372e-01;9.2500000e+01;2.4476703e-01;9.2500000e+01;2.3298712e-01;9.2500000e+01;2.1310557e-01;9.2500000e+01;1.4144462e-01;9.2500000e+01;7.6500118e-02;9.2500000e+01;2.1895632e-02;9.2500000e+01;-2.5173046e-02;9.2500000e+01;-6.8848185e-02;9.2500000e+01;-1.1226430e-01;9.2500000e+01;-1.5527368e-01;9.2500000e+01;-1.9775015e-01;9.2500000e+01;-8.4266156e-02;9.2500000e+01;-6.0931932e-02;9.2500000e+01;-1.8315576e-02;9.2500000e+01;3.9630421e-02;9.2500000e+01;1.0849494e-01;9.2500000e+01;1.6033319e-01;9.2500000e+01;2.2221372e-01;9.2500000e+01;2.4476703e-01;9.2500000e+01;2.3298712e-01;9.2500000e+01;2.1310557e-01;9.2500000e+01;1.4144462e-01;9.2500000e+01;7.6500118e-02;9.2500000e+01;2.1895632e-02;9.2500000e+01;-2.5173046e-02;9.2500000e+01;-6.8848185e-02;9.2500000e+01;-1.1226430e-01;9.2500000e+01;-1.5527368e-01;9.2500000e+01;-1.9775015e-01;9.2500000e+01;-8.4266156e-02;9.2500000e+01;-6.0931932e-02;9.2500000e+01;-1.8315576e-02;9.2500000e+01;3.9630421e-02;9.2500000e+01;1.0849494e-01;9.2500000e+01;1.6033319e-01;9.2500000e+01;2.2221372e-01;9.2500000e+01;2.4476703e-01;9.2500000e+01;2.3298712e-01;9.2500000e+01;2.1310557e-01;9.2500000e+01;1.4144462e-01;9.2500000e+01;7.6500118e-02;9.2500000e+01;2.1895632e-02;9.2500000e+01;-2.5173046e-02;9.2500000e+01;-6.8848185e-02;9.2500000e+01;-1.1226430e-01;9.2500000e+01;-1.5527368e-01;9.2500000e+01;-1.9775015e-01;9.2500000e+01;-8.4266156e-02;9.2500000e+01;-6.0931932e-02;9.2500000e+01;-1.8315576e-02;9.2500000e+01;3.9630421e-02;9.2500000e+01;1.0849494e-01;9.2500000e+01;1.6033319e-01;9.2500000e+01;2.2221372e-01;9.2500000e+01;2.4476703e-01;9.2500000e+01;2.3298712e-01;9.2500000e+01;2.1310557e-01;9.2500000e+01;1.4144462e-01;9.2500000e+01;7.6500118e-02;9.2500000e+01;2.1895632e-02;9.2500000e+01;-2.5173046e-02;9.2500000e+01;-6.8848185e-02;9.2500000e+01;-1.1226430e-01;9.2500000e+01;-1.5527368e-01;9.2500000e+01;-1.9775015e-01;9.2500000e+01;-8.4266156e-02;9.2500000e+01;-6.0931932e-02;9.2500000e+01;-1.8315576e-02;9.2500000e+01;3.9630421e-02;9.2500000e+01;1.0849494e-01;9.2500000e+01;1.6033319e-01;9.2500000e+01;2.2221372e-01;9.2500000e+01;2.4476703e-01;9.2500000e+01;2.3298712e-01;9.2500000e+01;2.1310557e-01;9.2500000e+01;1.4144462e-01;9.2500000e+01;7.6500118e-02;9.2500000e+01;2.1895632e-02;9.2500000e+01;-2.5173046e-02;9.2500000e+01;-6.8848185e-02;9.2500000e+01;-1.1226430e-01;9.2500000e+01;-1.5527368e-01;9.2500000e+01;-1.9775015e-01;9.2500000e+01;-8.4266156e-02;9.2500000e+01;-6.0931932e-02;9.2500000e+01;-1.8315576e-02;9.2500000e+01;3.9630421e-02;9.2500000e+01;1.0849494e-01;9.2500000e+01;1.6033319e-01;9.2500000e+01;2.2221372e-01;9.2500000e+01;2.4476703e-01;9.2500000e+01;2.3298712e-01;9.2500000e+01;2.1310557e-01;9.2500000e+01;1.4144462e-01;9.2500000e+01;7.6500118e-02;9.2500000e+01;2.1895632e-02;9.2500000e+01;-2.5173046e-02;9.2500000e+01;-6.8848185e-02;9.2500000e+01;-1.1226430e-01;9.2500000e+01;-1.5527368e-01;9.2500000e+01;-1.9775015e-01;9.2500000e+01;-8.4266156e-02;9.2500000e+01;-6.0931932e-02;9.2500000e+01;-1.8315576e-02;9.2500000e+01;3.9630421e-02;9.2500000e+01;1.0849494e-01;9.2500000e+01;1.6033319e-01;9.2500000e+01;2.2221372e-01;9.2500000e+01;2.4476703e-01;9.2500000e+01;2.3298712e-01;9.2500000e+01;2.1310557e-01;9.2500000e+01;1.4144462e-01;9.2500000e+01;7.6500118e-02;9.2500000e+01;2.1895632e-02;9.2500000e+01;-2.5173046e-02;9.2500000e+01;-6.8848185e-02;9.2500000e+01;-1.1226430e-01;9.2500000e+01;-1.5527368e-01;9.2500000e+01;-1.9775015e-01;9.2500000e+01;-8.4266156e-02;9.2500000e+01;-6.0931932e-02;9.2500000e+01;-1.8315576e-02;9.2500000e+01;3.9630421e-02;9.2500000e+01;1.0849494e-01;9.2500000e+01;1.6033319e-01;9.2500000e+01;2.2221372e-01;9.2500000e+01;2.4476703e-01;9.2500000e+01;2.3298712e-01;9.2500000e+01;2.1310557e-01;9.2500000e+01;1.4144462e-01;9.2500000e+01;7.6500118e-02;9.2500000e+01;2.1895632e-02;9.2500000e+01;-2.5173046e-02;9.2500000e+01;-6.8848185e-02;9.2500000e+01;-1.1226430e-01;9.2500000e+01;-1.5527368e-01;9.2500000e+01;-1.9775015e-01;9.2500000e+01;-8.4266156e-02;9.2500000e+01;-6.0931932e-02;9.2500000e+01;-1.8315576e-02;9.2500000e+01;3.9630421e-02;9.2500000e+01;1.0849494e-01;9.2500000e+01;1.6033319e-01;9.2500000e+01;2.2221372e-01;9.2500000e+01;2.4476703e-01;9.2500000e+01;2.3298712e-01;9.2500000e+01;2.1310557e-01;9.2500000e+01;1.4144462e-01;9.2500000e+01;7.6500118e-02;9.2500000e+01;2.1895632e-02;9.2500000e+01;-2.5173046e-02;9.2500000e+01;-6.8848185e-02;9.2500000e+01;-1.1226430e-01;9.2500000e+01;-1.5527368e-01;9.2500000e+01;-1.9775015e-01;9.2500000e+01;-8.4266156e-02;9.2500000e+01;-6.0931932e-02;9.2500000e+01;-1.8315576e-02;9.2500000e+01;3.9630421e-02;9.2500000e+01;1.0849494e-01;9.2500000e+01;1.6033319e-01;9.2500000e+01;2.2221372e-01;9.2500000e+01;2.4476703e-01;9.2500000e+01;2.3298712e-01;9.2500000e+01;2.1310557e-01;9.2500000e+01;1.4144462e-01;9.2500000e+01;7.6500118e-02;9.2500000e+01;2.1895632e-02;9.2500000e+01;-2.5173046e-02;9.2500000e+01;-6.8848185e-02;9.2500000e+01;-1.1226430e-01;9.2500000e+01;-1.5527368e-01;9.2500000e+01;-1.9775015e-01;9.2500000e+01;-8.4266156e-02;9.2500000e+01;-6.0931932e-02;9.2500000e+01;-1.8315576e-02;9.2500000e+01;3.9630421e-02;9.2500000e+01;1.0849494e-01;9.2500000e+01;1.6033319e-01;9.2500000e+01;2.2221372e-01;9.2500000e+01;2.4476703e-01;9.2500000e+01;2.3298712e-01;9.2500000e+01;2.1310557e-01;9.2500000e+01;1.4144462e-01;9.2500000e+01;7.6500118e-02;9.2500000e+01;2.1895632e-02;9.2500000e+01;-2.5173046e-02;9.2500000e+01;-6.8848185e-02;9.2500000e+01;-1.1226430e-01;9.2500000e+01;-1.5527368e-01;9.2500000e+01;-1.9775015e-01;9.2500000e+01;-8.4266156e-02;9.2500000e+01;-6.0931932e-02;9.2500000e+01;-1.8315576e-02;9.2500000e+01;3.9630421e-02;9.2500000e+01;1.0849494e-01;9.2500000e+01;1.6033319e-01;9.2500000e+01;2.2221372e-01;9.2500000e+01;2.4476703e-01;9.2500000e+01;2.3298712e-01;9.2500000e+01;2.1310557e-01;9.2500000e+01;1.4144462e-01;9.2500000e+01;7.6500118e-02;9.2500000e+01;2.1895632e-02;9.2500000e+01;-2.5173046e-02;9.2500000e+01;-6.8848185e-02;9.2500000e+01;-1.1226430e-01;9.2500000e+01;-1.5527368e-01;9.2500000e+01;-1.9775015e-01;9.2500000e+01;-8.4266156e-02;9.2500000e+01;-6.0931932e-02;9.2500000e+01;-1.8315576e-02;9.2500000e+01;3.9630421e-02;9.2500000e+01;1.0849494e-01;9.2500000e+01;1.6033319e-01;9.2500000e+01;2.2221372e-01;9.2500000e+01;2.4476703e-01;9.2500000e+01;2.3298712e-01;9.2500000e+01;2.1310557e-01;9.2500000e+01;1.4144462e-01;9.2500000e+01;7.6500118e-02;9.2500000e+01;2.1895632e-02;9.2500000e+01;-2.5173046e-02;9.2500000e+01;-6.8848185e-02;9.2500000e+01;-1.1226430e-01;9.2500000e+01;-1.5527368e-01;9.2500000e+01;-1.9775015e-01;9.2500000e+01;-8.4266156e-02;9.2500000e+01;-6.0931932e-02;9.2500000e+01;-1.8315576e-02;9.2500000e+01;3.9630421e-02;9.2500000e+01;1.0849494e-01;9.2500000e+01;1.6033319e-01;9.2500000e+01;2.2221372e-01;9.2500000e+01;2.4476703e-01;9.2500000e+01;2.3298712e-01;9.2500000e+01;2.1310557e-01;9.2500000e+01;1.4144462e-01;9.2500000e+01;7.6500118e-02;9.2500000e+01;2.1895632e-02;9.2500000e+01;-2.5173046e-02;9.2500000e+01;-6.8848185e-02;9.2500000e+01;-1.1226430e-01;9.2500000e+01;-1.5527368e-01;9.2500000e+01;-1.9775015e-01;9.2500000e+01;-8.4266156e-02;9.2500000e+01;-6.0931932e-02;9.2500000e+01;-1.8315576e-02;9.2500000e+01;3.9630421e-02;9.2500000e+01;1.0849494e-01;9.2500000e+01;1.6033319e-01;9.2500000e+01;2.2221372e-01;9.2500000e+01;2.4476703e-01;9.2500000e+01;2.3298712e-01;9.2500000e+01;2.1310557e-01;9.2500000e+01;1.4144462e-01;9.2500000e+01;7.6500118e-02;9.2500000e+01;2.1895632e-02;9.2500000e+01;-2.5173046e-02;9.2500000e+01;-6.8848185e-02;9.2500000e+01;-1.1226430e-01;9.2500000e+01;-1.5527368e-01;9.2500000e+01;-1.9775015e-01;9.2500000e+01;-8.4266156e-02;9.2500000e+01;-6.0931932e-02;9.2500000e+01;-1.8315576e-02;9.2500000e+01;3.9630421e-02;9.2500000e+01;1.0849494e-01;9.2500000e+01;1.6033319e-01;9.2500000e+01;2.2221372e-01;9.2500000e+01;2.4476703e-01;9.2500000e+01;2.3298712e-01;9.2500000e+01;2.1310557e-01;9.2500000e+01;1.4144462e-01;9.2500000e+01;7.6500118e-02;9.2500000e+01;2.1895632e-02;9.2500000e+01;-2.5173046e-02;9.2500000e+01;-6.8848185e-02;9.2500000e+01;-1.1226430e-01;9.2500000e+01;-1.5527368e-01;9.2500000e+01;-1.9775015e-01;9.2500000e+01;-8.4266156e-02;9.2500000e+01;-6.0931932e-02;9.2500000e+01;-1.8315576e-02;9.2500000e+01;3.9630421e-02;9.2500000e+01;1.0849494e-01;9.2500000e+01;1.6033319e-01;9.2500000e+01;2.2221372e-01;9.2500000e+01;2.4476703e-01;9.2500000e+01;2.3298712e-01;9.2500000e+01;2.1310557e-01;9.2500000e+01;1.4144462e-01;9.2500000e+01;7.6500118e-02;9.2500000e+01;2.1895632e-02;9.2500000e+01;-2.5173046e-02;9.2500000e+01;-6.8848185e-02;9.2500000e+01;-1.1226430e-01;9.2500000e+01;-1.5527368e-01;9.2500000e+01;-1.9775015e-01;9.2500000e+01;-8.4266156e-02;9.2500000e+01;-6.0931932e-02;9.2500000e+01;-1.8315576e-02;9.2500000e+01;3.9630421e-02;9.2500000e+01;1.0849494e-01;9.2500000e+01;1.6033319e-01;9.2500000e+01;2.2221372e-01;9.2500000e+01;2.4476703e-01;9.2500000e+01;2.3298712e-01;9.2500000e+01;2.1310557e-01;9.2500000e+01;1.4144462e-01;9.2500000e+01;7.6500118e-02;9.2500000e+01;2.1895632e-02;9.2500000e+01;-2.5173046e-02;9.2500000e+01;-6.8848185e-02;9.2500000e+01;-1.1226430e-01;9.2500000e+01;-1.5527368e-01;9.2500000e+01;-1.9775015e-01;9.2500000e+01;-8.4266156e-02;9.2500000e+01;-6.0931932e-02;9.2500000e+01;-1.8315576e-02;9.2500000e+01;3.9630421e-02;9.2500000e+01;1.0849494e-01;9.2500000e+01;1.6033319e-01;9.2500000e+01;2.2221372e-01;9.2500000e+01;2.4476703e-01;9.2500000e+01;2.3298712e-01;9.2500000e+01;2.1310557e-01;9.2500000e+01;1.4144462e-01;9.2500000e+01;7.6500118e-02;9.2500000e+01;2.1895632e-02;9.2500000e+01;-2.5173046e-02;9.2500000e+01;-6.8848185e-02;9.2500000e+01;-1.1226430e-01;9.2500000e+01;-1.5527368e-01;9.2500000e+01;-1.9775015e-01;9.2500000e+01;-8.4266156e-02;9.2500000e+01;-6.0931932e-02;9.2500000e+01;-1.8315576e-02;9.2500000e+01;3.9630421e-02;9.2500000e+01;1.0849494e-01;9.2500000e+01;1.6033319e-01;9.2500000e+01;2.2221372e-01;9.2500000e+01;2.4476703e-01;9.2500000e+01;2.3298712e-01;9.2500000e+01;2.1310557e-01;9.2500000e+01;1.4144462e-01;9.2500000e+01;7.6500118e-02;9.2500000e+01;2.1895632e-02;9.2500000e+01;-2.5173046e-02;9.2500000e+01;-6.8848185e-02;9.2500000e+01;-1.1226430e-01;9.2500000e+01;-1.5527368e-01;9.2500000e+01;-1.9775015e-01;9.2500000e+01;-8.4266156e-02;9.2500000e+01;-6.0931932e-02;9.2500000e+01;-1.8315576e-02;9.2500000e+01;3.9630421e-02;9.2500000e+01;1.0849494e-01;9.2500000e+01;1.6033319e-01;9.2500000e+01;2.2221372e-01;9.2500000e+01;2.4476703e-01;9.2500000e+01;2.3298712e-01;9.2500000e+01;2.1310557e-01;9.2500000e+01;1.4144462e-01;9.2500000e+01;7.6500118e-02;9.2500000e+01;2.1895632e-02;9.2500000e+01;-2.5173046e-02;9.2500000e+01;-6.8848185e-02;9.2500000e+01;-1.1226430e-01;9.2500000e+01;-1.5527368e-01;9.2500000e+01;-1.9775015e-01;9.2500000e+01;-8.4266156e-02;9.2500000e+01;-6.0931932e-02;9.2500000e+01;-1.8315576e-02;9.2500000e+01;3.9630421e-02;9.2500000e+01;1.0849494e-01;9.2500000e+01;1.6033319e-01;9.2500000e+01;2.2221372e-01;9.2500000e+01;2.4476703e-01;9.2500000e+01;2.3298712e-01;9.2500000e+01;2.1310557e-01;9.2500000e+01;1.4144462e-01;9.2500000e+01;7.6500118e-02;9.2500000e+01;2.1895632e-02;9.2500000e+01;-2.5173046e-02;9.2500000e+01;-6.8848185e-02;9.2500000e+01;-1.1226430e-01;9.2500000e+01;-1.5527368e-01;9.2500000e+01;-1.9775015e-01;9.2500000e+01;-8.4266156e-02;9.2500000e+01;-6.0931932e-02;9.2500000e+01;-1.8315576e-02;9.2500000e+01;3.9630421e-02;9.2500000e+01;1.0849494e-01;9.2500000e+01;1.6033319e-01;9.2500000e+01;2.2221372e-01;9.2500000e+01;2.4476703e-01;9.2500000e+01;2.3298712e-01;9.2500000e+01;2.1310557e-01;9.2500000e+01;1.4144462e-01;9.2500000e+01;7.6500118e-02;9.2500000e+01;2.1895632e-02;9.2500000e+01;-2.5173046e-02;9.2500000e+01;-6.8848185e-02;9.2500000e+01;-1.1226430e-01;9.2500000e+01;-1.5527368e-01;9.2500000e+01;-1.9775015e-01;9.2500000e+01;-8.4266156e-02;9.2500000e+01;-6.0931932e-02;9.2500000e+01;-1.8315576e-02;9.2500000e+01;3.9630421e-02;9.2500000e+01;1.0849494e-01;9.2500000e+01;1.6033319e-01;9.2500000e+01;2.2221372e-01;9.2500000e+01;2.4476703e-01;9.2500000e+01;2.3298712e-01;9.2500000e+01;2.1310557e-01;9.2500000e+01;1.4144462e-01;9.2500000e+01;7.6500118e-02;9.2500000e+01;2.1895632e-02;9.2500000e+01;-2.5173046e-02;9.2500000e+01;-6.8848185e-02;9.2500000e+01;-1.1226430e-01;9.2500000e+01;-1.5527368e-01;9.2500000e+01;-1.9775015e-01;9.2500000e+01;-8.4266156e-02;9.2500000e+01;-6.0931932e-02;9.2500000e+01;-1.8315576e-02;9.2500000e+01;3.9630421e-02;9.2500000e+01;1.0849494e-01;9.2500000e+01;1.6033319e-01;9.2500000e+01;2.2221372e-01;9.2500000e+01;2.4476703e-01;9.2500000e+01;2.3298712e-01;9.2500000e+01;2.1310557e-01;9.2500000e+01;1.4144462e-01;9.2500000e+01;7.6500118e-02;9.2500000e+01;2.1895632e-02;9.2500000e+01;-2.5173046e-02;9.2500000e+01;-6.8848185e-02;9.2500000e+01;-1.1226430e-01;9.2500000e+01;-1.5527368e-01;9.2500000e+01;-1.9775015e-01;9.2500000e+01;-8.4266156e-02;9.2500000e+01;-6.0931932e-02;9.2500000e+01;-1.8315576e-02;9.2500000e+01;3.9630421e-02;9.2500000e+01;1.0849494e-01;9.2500000e+01;1.6033319e-01;9.2500000e+01;2.2221372e-01;9.2500000e+01;2.4476703e-01;9.2500000e+01;2.3298712e-01;9.2500000e+01;2.1310557e-01;9.2500000e+01;1.4144462e-01;9.2500000e+01;7.6500118e-02;9.2500000e+01;2.1895632e-02;9.2500000e+01;-2.5173046e-02;9.2500000e+01;-6.8848185e-02;9.2500000e+01;-1.1226430e-01;9.2500000e+01;-1.5527368e-01;9.2500000e+01;-1.9775015e-01;9.2500000e+01;-8.4266156e-02;9.2500000e+01;-6.0931932e-02;9.2500000e+01;-1.8315576e-02;9.2500000e+01;3.9630421e-02;9.2500000e+01;1.0849494e-01;9.2500000e+01;1.6033319e-01;9.2500000e+01;2.2221372e-01;9.2500000e+01;2.4476703e-01;9.2500000e+01;2.3298712e-01;9.2500000e+01;2.1310557e-01;9.2500000e+01;1.4144462e-01;9.2500000e+01;7.6500118e-02;9.2500000e+01;2.1895632e-02;9.2500000e+01;-2.5173046e-02;9.2500000e+01;-6.8848185e-02;9.2500000e+01;-1.1226430e-01;9.2500000e+01;-1.5527368e-01;9.2500000e+01;-1.9775015e-01;9.2500000e+01;-8.4266156e-02;9.2500000e+01;-6.0931932e-02;9.2500000e+01;-1.8315576e-02;9.2500000e+01;3.9630421e-02;9.2500000e+01;1.0849494e-01;9.2500000e+01;1.6033319e-01;9.2500000e+01;2.2221372e-01;9.2500000e+01;2.4476703e-01;9.2500000e+01;2.3298712e-01;9.2500000e+01;2.1310557e-01;9.2500000e+01;1.4144462e-01;9.2500000e+01;7.6500118e-02;9.2500000e+01;2.1895632e-02;9.2500000e+01;-2.5173046e-02;9.2500000e+01;-6.8848185e-02;9.2500000e+01;-1.1226430e-01;9.2500000e+01;-1.5527368e-01;9.2500000e+01;-1.9775015e-01;9.2500000e+01;-8.4266156e-02;9.2500000e+01;-6.0931932e-02;9.2500000e+01;-1.8315576e-02;9.2500000e+01;3.9630421e-02;9.2500000e+01;1.0849494e-01;9.2500000e+01;1.6033319e-01;9.2500000e+01;2.2221372e-01;9.2500000e+01;2.4476703e-01;9.2500000e+01;2.3298712e-01;9.2500000e+01;2.1310557e-01;9.2500000e+01;1.4144462e-01;9.2500000e+01;7.6500118e-02;9.2500000e+01;2.1895632e-02;9.2500000e+01;-2.5173046e-02;9.2500000e+01;-6.8848185e-02;9.2500000e+01;-1.1226430e-01;9.2500000e+01;-1.5527368e-01;9.2500000e+01;-1.9775015e-01;9.2500000e+01;-8.4266156e-02;9.2500000e+01;-6.0931932e-02;9.2500000e+01;-1.8315576e-02;9.2500000e+01;3.9630421e-02;9.2500000e+01;1.0849494e-01;9.2500000e+01;1.6033319e-01;9.2500000e+01;2.2221372e-01;9.2500000e+01;2.4476703e-01;9.2500000e+01;2.3298712e-01;9.2500000e+01;2.1310557e-01;9.2500000e+01;1.4144462e-01;9.2500000e+01;7.6500118e-02;9.2500000e+01;2.1895632e-02;9.2500000e+01;-2.5173046e-02;9.2500000e+01;-6.8848185e-02;9.2500000e+01;-1.1226430e-01;9.2500000e+01;-1.5527368e-01;9.2500000e+01;-1.9775015e-01;9.2500000e+01;-8.4266156e-02;9.2500000e+01;-6.0931932e-02;9.2500000e+01;-1.8315576e-02;9.2500000e+01;3.9630421e-02;9.2500000e+01;1.0849494e-01;9.2500000e+01;1.6033319e-01;9.2500000e+01;2.2221372e-01;9.2500000e+01;2.4476703e-01;9.2500000e+01;2.3298712e-01;9.2500000e+01;2.1310557e-01;9.2500000e+01;1.4144462e-01;9.2500000e+01;7.6500118e-02;9.2500000e+01;2.1895632e-02;9.2500000e+01;-2.5173046e-02;9.2500000e+01;-6.8848185e-02;9.2500000e+01;-1.1226430e-01;9.2500000e+01;-1.5527368e-01;9.2500000e+01;-1.9775015e-01;9.2500000e+01;-8.4266156e-02;9.2500000e+01;-6.0931932e-02;9.2500000e+01;-1.8315576e-02;9.2500000e+01;3.9630421e-02;9.2500000e+01;1.0849494e-01;9.2500000e+01;1.6033319e-01;9.2500000e+01;2.2221372e-01;9.2500000e+01;2.4476703e-01;9.2500000e+01;2.3298712e-01;9.2500000e+01;2.1310557e-01;9.2500000e+01;1.4144462e-01;9.2500000e+01;7.6500118e-02;9.2500000e+01;2.1895632e-02;9.2500000e+01;-2.5173046e-02;9.2500000e+01;-6.8848185e-02;9.2500000e+01;-1.1226430e-01;9.2500000e+01;-1.5527368e-01;9.2500000e+01;-1.9775015e-01;9.2500000e+01;-8.4266156e-02;9.2500000e+01;-6.0931932e-02;9.2500000e+01;-1.8315576e-02;9.2500000e+01;3.9630421e-02;9.2500000e+01;1.0849494e-01;9.2500000e+01;1.6033319e-01;9.2500000e+01;2.2221372e-01;9.2500000e+01;2.4476703e-01;9.2500000e+01;2.3298712e-01;9.2500000e+01;2.1310557e-01;9.2500000e+01;1.4144462e-01;9.2500000e+01;7.6500118e-02;9.2500000e+01;2.1895632e-02;9.2500000e+01;-2.5173046e-02;9.2500000e+01;-6.8848185e-02;9.2500000e+01;-1.1226430e-01;9.2500000e+01;-1.5527368e-01;9.2500000e+01;-1.9775015e-01;9.2500000e+01;-8.4266156e-02;9.2500000e+01;-6.0931932e-02;9.2500000e+01;-1.8315576e-02;9.2500000e+01;3.9630421e-02;9.2500000e+01;1.0849494e-01;9.2500000e+01;1.6033319e-01;9.2500000e+01;2.2221372e-01;9.2500000e+01;2.4476703e-01;9.2500000e+01;2.3298712e-01;9.2500000e+01;2.1310557e-01;9.2500000e+01;1.4144462e-01;9.2500000e+01;7.6500118e-02;9.2500000e+01;2.1895632e-02;9.2500000e+01;-2.5173046e-02;9.2500000e+01;-6.8848185e-02;9.2500000e+01;-1.1226430e-01;9.2500000e+01;-1.5527368e-01;9.2500000e+01;-1.9775015e-01;9.2500000e+01;-8.4266156e-02;9.2500000e+01;-6.0931932e-02;9.2500000e+01;-1.8315576e-02;9.2500000e+01;3.9630421e-02;9.2500000e+01;1.0849494e-01;9.2500000e+01;1.6033319e-01;9.2500000e+01;2.2221372e-01;9.2500000e+01;2.4476703e-01;9.2500000e+01;2.3298712e-01;9.2500000e+01;2.1310557e-01;9.2500000e+01;1.4144462e-01;9.2500000e+01;7.6500118e-02;9.2500000e+01;2.1895632e-02;9.2500000e+01;-2.5173046e-02;9.2500000e+01;-6.8848185e-02;9.2500000e+01;-1.1226430e-01;9.2500000e+01;-1.5527368e-01;9.2500000e+01;-1.9775015e-01;9.2500000e+01;-8.4266156e-02;9.2500000e+01;-6.0931932e-02;9.2500000e+01;-1.8315576e-02;9.2500000e+01;3.9630421e-02;9.2500000e+01;1.0849494e-01;9.2500000e+01;1.6033319e-01;9.2500000e+01;2.2221372e-01;9.2500000e+01;2.4476703e-01;9.2500000e+01;2.3298712e-01;9.2500000e+01;2.1310557e-01;9.2500000e+01;1.4144462e-01;9.2500000e+01;7.6500118e-02;9.2500000e+01;2.1895632e-02;9.2500000e+01;-2.5173046e-02;9.2500000e+01;-6.8848185e-02;9.2500000e+01;-1.1226430e-01;9.2500000e+01;-1.5527368e-01;9.2500000e+01;-1.9775015e-01;9.2500000e+01;-8.4266156e-02;9.2500000e+01;-6.0931932e-02;9.2500000e+01;-1.8315576e-02;9.2500000e+01;3.9630421e-02;9.2500000e+01;1.0849494e-01;9.2500000e+01;1.6033319e-01;9.2500000e+01;2.2221372e-01;9.2500000e+01;2.4476703e-01;9.2500000e+01;2.3298712e-01;9.2500000e+01;2.1310557e-01;9.2500000e+01;1.4144462e-01;9.2500000e+01;7.6500118e-02;9.2500000e+01;2.1895632e-02;9.2500000e+01;-2.5173046e-02;9.2500000e+01;-6.8848185e-02;9.2500000e+01;-1.1226430e-01;9.2500000e+01;-1.5527368e-01;9.2500000e+01;-1.9775015e-01;9.2500000e+01;-8.4266156e-02;9.2500000e+01;-6.0931932e-02;9.2500000e+01;-1.8315576e-02;9.2500000e+01;3.9630421e-02;9.2500000e+01;1.0849494e-01;9.2500000e+01;1.6033319e-01;9.2500000e+01;2.2221372e-01;9.2500000e+01;2.4476703e-01;9.2500000e+01;2.3298712e-01;9.2500000e+01;2.1310557e-01;9.2500000e+01;1.4144462e-01;9.2500000e+01;7.6500118e-02;9.2500000e+01;2.1895632e-02;9.2500000e+01;-2.5173046e-02;9.2500000e+01;-6.8848185e-02;9.2500000e+01;-1.1226430e-01;9.2500000e+01;-1.5527368e-01;9.2500000e+01;-1.9775015e-01
9.7500000e+01;-8.6919911e-02;9.7500000e+01;-7.0158780e-02;9.7500000e+01;-3.1773314e-02;9.7500000e+01;2.3264367e-02;9.7500000e+01;8.5712902e-02;9.7500000e+01;1.3982217e-01;9.7500000e+01;2.0467150e-01;9.7500000e+01;2.3290090e-01;9.7500000e+01;2.1873602e-01;9.7500000e+01;2.0818494e-01;9.7500000e+01;1.4286081e-01;9.7500000e+01;7.8586258e-02;9.7500000e+01;2.3808405e-02;9.7500000e+01;-2.3919851e-02;9.7500000e+01;-6.8140566e-02;9.7500000e+01;-1.1166080e-01;9.7500000e+01;-1.5463006e-01;9.7500000e+01;-1.9720453e-01;9.7500000e+01;-8.6919911e-02;9.7500000e+01;-7.0158780e-02;9.7500000e+01;-3.1773314e-02;9.7500000e+01;2.3264367e-02;9.7500000e+01;8.5712902e-02;9.7500000e+01;1.3982217e-01;9.7500000e+01;2.0467150e-01;9.7500000e+01;2.3290090e-01;9.7500000e+01;2.1873602e-01;9.7500000e+01;2.0818494e-01;9.7500000e+01;1.4286081e-01;9.7500000e+01;7.8586258e-02;9.7500000e+01;2.3808405e-02;9.7500000e+01;-2.3919851e-02;9.7500000e+01;-6.8140566e-02;9.7500000e+01;-1.1166080e-01;9.7500000e+01;-1.5463006e-01;9.7500000e+01;-1.9720453e-01;9.7500000e+01;-8.6919911e-02;9.7500000e+01;-7.0158780e-02;9.7500000e+01;-3.1773314e-02;9.7500000e+01;2.3264367e-02;9.7500000e+01;8.5712902e-02;9.7500000e+01;1.3982217e-01;9.7500000e+01;2.0467150e-01;9.7500000e+01;2.3290090e-01;9.7500000e+01;2.1873602e-01;9.7500000e+01;2.0818494e-01;9.7500000e+01;1.4286081e-01;9.7500000e+01;7.8586258e-02;9.7500000e+01;2.3808405e-02;9.7500000e+01;-2.3919851e-02;9.7500000e+01;-6.8140566e-02;9.7500000e+01;-1.1166080e-01;9.7500000e+01;-1.5463006e-01;9.7500000e+01;-1.9720453e-01;9.7500000e+01;-8.6919911e-02;9.7500000e+01;-7.0158780e-02;9.7500000e+01;-3.1773314e-02;9.7500000e+01;2.3264367e-02;9.7500000e+01;8.5712902e-02;9.7500000e+01;1.3982217e-01;9.7500000e+01;2.0467150e-01;9.7500000e+01;2.3290090e-01;9.7500000e+01;2.1873602e-01;9.7500000e+01;2.0818494e-01;9.7500000e+01;1.4286081e-01;9.7500000e+01;7.8586258e-02;9.7500000e+01;2.3808405e-02;9.7500000e+01;-2.3919851e-02;9.7500000e+01;-6.8140566e-02;9.7500000e+01;-1.1166080e-01;9.7500000e+01;-1.5463006e-01;9.7500000e+01;-1.9720453e-01;9.7500000e+01;-8.6919911e-02;9.7500000e+01;-7.0158780e-02;9.7500000e+01;-3.1773314e-02;9.7500000e+01;2.3264367e-02;9.7500000e+01;8.5712902e-02;9.7500000e+01;1.3982217e-01;9.7500000e+01;2.0467150e-01;9.7500000e+01;2.3290090e-01;9.7500000e+01;2.1873602e-01;9.7500000e+01;2.0818494e-01;9.7500000e+01;1.4286081e-01;9.7500000e+01;7.8586258e-02;9.7500000e+01;2.3808405e-02;9.7500000e+01;-2.3919851e-02;9.7500000e+01;-6.8140566e-02;9.7500000e+01;-1.1166080e-01;9.7500000e+01;-1.5463006e-01;9.7500000e+01;-1.9720453e-01;9.7500000e+01;-8.6919911e-02;9.7500000e+01;-7.0158780e-02;9.7500000e+01;-3.1773314e-02;9.7500000e+01;2.3264367e-02;9.7500000e+01;8.5712902e-02;9.7500000e+01;1.3982217e-01;9.7500000e+01;2.0467150e-01;9.7500000e+01;2.3290090e-01;9.7500000e+01;2.1873602e-01;9.7500000e+01;2.0818494e-01;9.7500000e+01;1.4286081e-01;9.7500000e+01;7.8586258e-02;9.7500000e+01;2.3808405e-02;9.7500000e+01;-2.3919851e-02;9.7500000e+01;-6.8140566e-02;9.7500000e+01;-1.1166080e-01;9.7500000e+01;-1.5463006e-01;9.7500000e+01;-1.9720453e-01;9.7500000e+01;-8.6919911e-02;9.7500000e+01;-7.0158780e-02;9.7500000e+01;-3.1773314e-02;9.7500000e+01;2.3264367e-02;9.7500000e+01;8.5712902e-02;9.7500000e+01;1.3982217e-01;9.7500000e+01;2.0467150e-01;9.7500000e+01;2.3290090e-01;9.7500000e+01;2.1873602e-01;9.7500000e+01;2.0818494e-01;9.7500000e+01;1.4286081e-01;9.7500000e+01;7.8586258e-02;9.7500000e+01;2.3808405e-02;9.7500000e+01;-2.3919851e-02;9.7500000e+01;-6.8140566e-02;9.7500000e+01;-1.1166080e-01;9.7500000e+01;-1.5463006e-01;9.7500000e+01;-1.9720453e-01;9.7500000e+01;-8.6919911e-02;9.7500000e+01;-7.0158780e-02;9.7500000e+01;-3.1773314e-02;9.7500000e+01;2.3264367e-02;9.7500000e+01;8.5712902e-02;9.7500000e+01;1.3982217e-01;9.7500000e+01;2.0467150e-01;9.7500000e+01;2.3290090e-01;9.7500000e+01;2.1873602e-01;9.7500000e+01;2.0818494e-01;9.7500000e+01;1.4286081e-01;9.7500000e+01;7.8586258e-02;9.7500000e+01;2.3808405e-02;9.7500000e+01;-2.3919851e-02;9.7500000e+01;-6.8140566e-02;9.7500000e+01;-1.1166080e-01;9.7500000e+01;-1.5463006e-01;9.7500000e+01;-1.9720453e-01;9.7500000e+01;-8.6919911e-02;9.7500000e+01;-7.0158780e-02;9.7500000e+01;-3.1773314e-02;9.7500000e+01;2.3264367e-02;9.7500000e+01;8.5712902e-02;9.7500000e+01;1.3982217e-01;9.7500000e+01;2.0467150e-01;9.7500000e+01;2.3290090e-01;9.7500000e+01;2.1873602e-01;9.7500000e+01;2.0818494e-01;9.7500000e+01;1.4286081e-01;9.7500000e+01;7.8586258e-02;9.7500000e+01;2.3808405e-02;9.7500000e+01;-2.3919851e-02;9.7500000e+01;-6.8140566e-02;9.7500000e+01;-1.1166080e-01;9.7500000e+01;-1.5463006e-01;9.7500000e+01;-1.9720453e-01;9.7500000e+01;-8.6919911e-02;9.7500000e+01;-7.0158780e-02;9.7500000e+01;-3.1773314e-02;9.7500000e+01;2.3264367e-02;9.7500000e+01;8.5712902e-02;9.7500000e+01;1.3982217e-01;9.7500000e+01;2.0467150e-01;9.7500000e+01;2.3290090e-01;9.7500000e+01;2.1873602e-01;9.7500000e+01;2.0818494e-01;9.7500000e+01;1.4286081e-01;9.7500000e+01;7.8586258e-02;9.7500000e+01;2.3808405e-02;9.7500000e+01;-2.3919851e-02;9.7500000e+01;-6.8140566e-02;9.7500000e+01;-1.1166080e-01;9.7500000e+01;-1.5463006e-01;9.7500000e+01;-1.9720453e-01;9.7500000e+01;-8.6919911e-02;9.7500000e+01;-7.0158780e-02;9.7500000e+01;-3.1773314e-02;9.7500000e+01;2.3264367e-02;9.7500000e+01;8.5712902e-02;9.7500000e+01;1.3982217e-01;9.7500000e+01;2.0467150e-01;9.7500000e+01;2.3290090e-01;9.7500000e+01;2.1873602e-01;9.7500000e+01;2.0818494e-01;9.7500000e+01;1.4286081e-01;9.7500000e+01;7.8586258e-02;9.7500000e+01;2.3808405e-02;9.7500000e+01;-2.3919851e-02;9.7500000e+01;-6.8140566e-02;9.7500000e+01;-1.1166080e-01;9.7500000e+01;-1.5463006e-01;9.7500000e+01;-1.9720453e-01;9.7500000e+01;-8.6919911e-02;9.7500000e+01;-7.0158780e-02;9.7500000e+01;-3.1773314e-02;9.7500000e+01;2.3264367e-02;9.7500000e+01;8.5712902e-02;9.7500000e+01;1.3982217e-01;9.7500000e+01;2.0467150e-01;9.7500000e+01;2.3290090e-01;9.7500000e+01;2.1873602e-01;9.7500000e+01;2.0818494e-01;9.7500000e+01;1.4286081e-01;9.7500000e+01;7.8586258e-02;9.7500000e+01;2.3808405e-02;9.7500000e+01;-2.3919851e-02;9.7500000e+01;-6.8140566e-02;9.7500000e+01;-1.1166080e-01;9.7500000e+01;-1.5463006e-01;9.7500000e+01;-1.9720453e-01;9.7500000e+01;-8.6919911e-02;9.7500000e+01;-7.0158780e-02;9.7500000e+01;-3.1773314e-02;9.7500000e+01;2.3264367e-02;9.7500000e+01;8.5712902e-02;9.7500000e+01;1.3982217e-01;9.7500000e+01;2.0467150e-01;9.7500000e+01;2.3290090e-01;9.7500000e+01;2.1873602e-01;9.7500000e+01;2.0818494e-01;9.7500000e+01;1.4286081e-01;9.7500000e+01;7.8586258e-02;9.7500000e+01;2.3808405e-02;9.7500000e+01;-2.3919851e-02;9.7500000e+01;-6.8140566e-02;9.7500000e+01;-1.1166080e-01;9.7500000e+01;-1.5463006e-01;9.7500000e+01;-1.9720453e-01;9.7500000e+01;-8.6919911e-02;9.7500000e+01;-7.0158780e-02;9.7500000e+01;-3.1773314e-02;9.7500000e+01;2.3264367e-02;9.7500000e+01;8.5712902e-02;9.7500000e+01;1.3982217e-01;9.7500000e+01;2.0467150e-01;9.7500000e+01;2.3290090e-01;9.7500000e+01;2.1873602e-01;9.7500000e+01;2.0818494e-01;9.7500000e+01;1.4286081e-01;9.7500000e+01;7.8586258e-02;9.7500000e+01;2.3808405e-02;9.7500000e+01;-2.3919851e-02;9.7500000e+01;-6.8140566e-02;9.7500000e+01;-1.1166080e-01;9.7500000e+01;-1.5463006e-01;9.7500000e+01;-1.9720453e-01;9.7500000e+01;-8.6919911e-02;9.7500000e+01;-7.0158780e-02;9.7500000e+01;-3.1773314e-02;9.7500000e+01;2.3264367e-02;9.7500000e+01;8.5712902e-02;9.7500000e+01;1.3982217e-01;9.7500000e+01;2.0467150e-01;9.7500000e+01;2.3290090e-01;9.7500000e+01;2.1873602e-01;9.7500000e+01;2.0818494e-01;9.7500000e+01;1.4286081e-01;9.7500000e+01;7.8586258e-02;9.7500000e+01;2.3808405e-02;9.7500000e+01;-2.3919851e-02;9.7500000e+01;-6.8140566e-02;9.7500000e+01;-1.1166080e-01;9.7500000e+01;-1.5463006e-01;9.7500000e+01;-1.9720453e-01;9.7500000e+01;-8.6919911e-02;9.7500000e+01;-7.0158780e-02;9.7500000e+01;-3.1773314e-02;9.7500000e+01;2.3264367e-02;9.7500000e+01;8.5712902e-02;9.7500000e+01;1.3982217e-01;9.7500000e+01;2.0467150e-01;9.7500000e+01;2.3290090e-01;9.7500000e+01;2.1873602e-01;9.7500000e+01;2.0818494e-01;9.7500000e+01;1.4286081e-01;9.7500000e+01;7.8586258e-02;9.7500000e+01;2.3808405e-02;9.7500000e+01;-2.3919851e-02;9.7500000e+01;-6.8140566e-02;9.7500000e+01;-1.1166080e-01;9.7500000e+01;-1.5463006e-01;9.7500000e+01;-1.9720453e-01;9.7500000e+01;-8.6919911e-02;9.7500000e+01;-7.0158780e-02;9.7500000e+01;-3.1773314e-02;9.7500000e+01;2.3264367e-02;9.7500000e+01;8.5712902e-02;9.7500000e+01;1.3982217e-01;9.7500000e+01;2.0467150e-01;9.7500000e+01;2.3290090e-01;9.7500000e+01;2.1873602e-01;9.7500000e+01;2.0818494e-01;9.7500000e+01;1.4286081e-01;9.7500000e+01;7.8586258e-02;9.7500000e+01;2.3808405e-02;9.7500000e+01;-2.3919851e-02;9.7500000e+01;-6.8140566e-02;9.7500000e+01;-1.1166080e-01;9.7500000e+01;-1.5463006e-01;9.7500000e+01;-1.9720453e-01;9.7500000e+01;-8.6919911e-02;9.7500000e+01;-7.0158780e-02;9.7500000e+01;-3.1773314e-02;9.7500000e+01;2.3264367e-02;9.7500000e+01;8.5712902e-02;9.7500000e+01;1.3982217e-01;9.7500000e+01;2.0467150e-01;9.7500000e+01;2.3290090e-01;9.7500000e+01;2.1873602e-01;9.7500000e+01;2.0818494e-01;9.7500000e+01;1.4286081e-01;9.7500000e+01;7.8586258e-02;9.7500000e+01;2.3808405e-02;9.7500000e+01;-2.3919851e-02;9.7500000e+01;-6.8140566e-02;9.7500000e+01;-1.1166080e-01;9.7500000e+01;-1.5463006e-01;9.7500000e+01;-1.9720453e-01;9.7500000e+01;-8.6919911e-02;9.7500000e+01;-7.0158780e-02;9.7500000e+01;-3.1773314e-02;9.7500000e+01;2.3264367e-02;9.7500000e+01;8.5712902e-02;9.7500000e+01;1.3982217e-01;9.7500000e+01;2.0467150e-01;9.7500000e+01;2.3290090e-01;9.7500000e+01;2.1873602e-01;9.7500000e+01;2.0818494e-01;9.7500000e+01;1.4286081e-01;9.7500000e+01;7.8586258e-02;9.7500000e+01;2.3808405e-02;9.7500000e+01;-2.3919851e-02;9.7500000e+01;-6.8140566e-02;9.7500000e+01;-1.1166080e-01;9.7500000e+01;-1.5463006e-01;9.7500000e+01;-1.9720453e-01;9.7500000e+01;-8.6919911e-02;9.7500000e+01;-7.0158780e-02;9.7500000e+01;-3.1773314e-02;9.7500000e+01;2.3264367e-02;9.7500000e+01;8.5712902e-02;9.7500000e+01;1.3982217e-01;9.7500000e+01;2.0467150e-01;9.7500000e+01;2.3290090e-01;9.7500000e+01;2.1873602e-01;9.7500000e+01;2.0818494e-01;9.7500000e+01;1.4286081e-01;9.7500000e+01;7.8586258e-02;9.7500000e+01;2.3808405e-02;9.7500000e+01;-2.3919851e-02;9.7500000e+01;-6.8140566e-02;9.7500000e+01;-1.1166080e-01;9.7500000e+01;-1.5463006e-01;9.7500000e+01;-1.9720453e-01;9.7500000e+01;-8.6919911e-02;9.7500000e+01;-7.0158780e-02;9.7500000e+01;-3.1773314e-02;9.7500000e+01;2.3264367e-02;9.7500000e+01;8.5712902e-02;9.7500000e+01;1.3982217e-01;9.7500000e+01;2.0467150e-01;9.7500000e+01;2.3290090e-01;9.7500000e+01;2.1873602e-01;9.7500000e+01;2.0818494e-01;9.7500000e+01;1.4286081e-01;9.7500000e+01;7.8586258e-02;9.7500000e+01;2.3808405e-02;9.7500000e+01;-2.3919851e-02;9.7500000e+01;-6.8140566e-02;9.7500000e+01;-1.1166080e-01;9.7500000e+01;-1.5463006e-01;9.7500000e+01;-1.9720453e-01;9.7500000e+01;-8.6919911e-02;9.7500000e+01;-7.0158780e-02;9.7500000e+01;-3.1773314e-02;9.7500000e+01;2.3264367e-02;9.7500000e+01;8.5712902e-02;9.7500000e+01;1.3982217e-01;9.7500000e+01;2.0467150e-01;9.7500000e+01;2.3290090e-01;9.7500000e+01;2.1873602e-01;9.7500000e+01;2.0818494e-01;9.7500000e+01;1.4286081e-01;9.7500000e+01;7.8586258e-02;9.7500000e+01;2.3808405e-02;9.7500000e+01;-2.3919851e-02;9.7500000e+01;-6.8140566e-02;9.7500000e+01;-1.1166080e-01;9.7500000e+01;-1.5463006e-01;9.7500000e+01;-1.9720453e-01;9.7500000e+01;-8.6919911e-02;9.7500000e+01;-7.0158780e-02;9.7500000e+01;-3.1773314e-02;9.7500000e+01;2.3264367e-02;9.7500000e+01;8.5712902e-02;9.7500000e+01;1.3982217e-01;9.7500000e+01;2.0467150e-01;9.7500000e+01;2.3290090e-01;9.7500000e+01;2.1873602e-01;9.7500000e+01;2.0818494e-01;9.7500000e+01;1.4286081e-01;9.7500000e+01;7.8586258e-02;9.7500000e+01;2.3808405e-02;9.7500000e+01;-2.3919851e-02;9.7500000e+01;-6.8140566e-02;9.7500000e+01;-1.1166080e-01;9.7500000e+01;-1.5463006e-01;9.7500000e+01;-1.9720453e-01;9.7500000e+01;-8.6919911e-02;9.7500000e+01;-7.0158780e-02;9.7500000e+01;-3.1773314e-02;9.7500000e+01;2.3264367e-02;9.7500000e+01;8.5712902e-02;9.7500000e+01;1.3982217e-01;9.7500000e+01;2.0467150e-01;9.7500000e+01;2.3290090e-01;9.7500000e+01;2.1873602e-01;9.7500000e+01;2.0818494e-01;9.7500000e+01;1.4286081e-01;9.7500000e+01;7.8586258e-02;9.7500000e+01;2.3808405e-02;9.7500000e+01;-2.3919851e-02;9.7500000e+01;-6.8140566e-02;9.7500000e+01;-1.1166080e-01;9.7500000e+01;-1.5463006e-01;9.7500000e+01;-1.9720453e-01;9.7500000e+01;-8.6919911e-02;9.7500000e+01;-7.0158780e-02;9.7500000e+01;-3.1773314e-02;9.7500000e+01;2.3264367e-02;9.7500000e+01;8.5712902e-02;9.7500000e+01;1.3982217e-01;9.7500000e+01;2.0467150e-01;9.7500000e+01;2.3290090e-01;9.7500000e+01;2.1873602e-01;9.7500000e+01;2.0818494e-01;9.7500000e+01;1.4286081e-01;9.7500000e+01;7.8586258e-02;9.7500000e+01;2.3808405e-02;9.7500000e+01;-2.3919851e-02;9.7500000e+01;-6.8140566e-02;9.7500000e+01;-1.1166080e-01;9.7500000e+01;-1.5463006e-01;9.7500000e+01;-1.9720453e-01;9.7500000e+01;-8.6919911e-02;9.7500000e+01;-7.0158780e-02;9.7500000e+01;-3.1773314e-02;9.7500000e+01;2.3264367e-02;9.7500000e+01;8.5712902e-02;9.7500000e+01;1.3982217e-01;9.7500000e+01;2.0467150e-01;9.7500000e+01;2.3290090e-01;9.7500000e+01;2.1873602e-01;9.7500000e+01;2.0818494e-01;9.7500000e+01;1.4286081e-01;9.7500000e+01;7.8586258e-02;9.7500000e+01;2.3808405e-02;9.7500000e+01;-2.3919851e-02;9.7500000e+01;-6.8140566e-02;9.7500000e+01;-1.1166080e-01;9.7500000e+01;-1.5463006e-01;9.7500000e+01;-1.9720453e-01;9.7500000e+01;-8.6919911e-02;9.7500000e+01;-7.0158780e-02;9.7500000e+01;-3.1773314e-02;9.7500000e+01;2.3264367e-02;9.7500000e+01;8.5712902e-02;9.7500000e+01;1.3982217e-01;9.7500000e+01;2.0467150e-01;9.7500000e+01;2.3290090e-01;9.7500000e+01;2.1873602e-01;9.7500000e+01;2.0818494e-01;9.7500000e+01;1.4286081e-01;9.7500000e+01;7.8586258e-02;9.7500000e+01;2.3808405e-02;9.7500000e+01;-2.3919851e-02;9.7500000e+01;-6.8140566e-02;9.7500000e+01;-1.1166080e-01;9.7500000e+01;-1.5463006e-01;9.7500000e+01;-1.9720453e-01;9.7500000e+01;-8.6919911e-02;9.7500000e+01;-7.0158780e-02;9.7500000e+01;-3.1773314e-02;9.7500000e+01;2.3264367e-02;9.7500000e+01;8.5712902e-02;9.7500000e+01;1.3982217e-01;9.7500000e+01;2.0467150e-01;9.7500000e+01;2.3290090e-01;9.7500000e+01;2.1873602e-01;9.7500000e+01;2.0818494e-01;9.7500000e+01;1.4286081e-01;9.7500000e+01;7.8586258e-02;9.7500000e+01;2.3808405e-02;9.7500000e+01;-2.3919851e-02;9.7500000e+01;-6.8140566e-02;9.7500000e+01;-1.1166080e-01;9.7500000e+01;-1.5463006e-01;9.7500000e+01;-1.9720453e-01;9.7500000e+01;-8.6919911e-02;9.7500000e+01;-7.0158780e-02;9.7500000e+01;-3.1773314e-02;9.7500000e+01;2.3264367e-02;9.7500000e+01;8.5712902e-02;9.7500000e+01;1.3982217e-01;9.7500000e+01;2.0467150e-01;9.7500000e+01;2.3290090e-01;9.7500000e+01;2.1873602e-01;9.7500000e+01;2.0818494e-01;9.7500000e+01;1.4286081e-01;9.7500000e+01;7.8586258e-02;9.7500000e+01;2.3808405e-02;9.7500000e+01;-2.3919851e-02;9.7500000e+01;-6.8140566e-02;9.7500000e+01;-1.1166080e-01;9.7500000e+01;-1.5463006e-01;9.7500000e+01;-1.9720453e-01;9.7500000e+01;-8.6919911e-02;9.7500000e+01;-7.0158780e-02;9.7500000e+01;-3.1773314e-02;9.7500000e+01;2.3264367e-02;9.7500000e+01;8.5712902e-02;9.7500000e+01;1.3982217e-01;9.7500000e+01;2.0467150e-01;9.7500000e+01;2.3290090e-01;9.7500000e+01;2.1873602e-01;9.7500000e+01;2.0818494e-01;9.7500000e+01;1.4286081e-01;9.7500000e+01;7.8586258e-02;9.7500000e+01;2.3808405e-02;9.7500000e+01;-2.3919851e-02;9.7500000e+01;-6.8140566e-02;9.7500000e+01;-1.1166080e-01;9.7500000e+01;-1.5463006e-01;9.7500000e+01;-1.9720453e-01;9.7500000e+01;-8.6919911e-02;9.7500000e+01;-7.0158780e-02;9.7500000e+01;-3.1773314e-02;9.7500000e+01;2.3264367e-02;9.7500000e+01;8.5712902e-02;9.7500000e+01;1.3982217e-01;9.7500000e+01;2.0467150e-01;9.7500000e+01;2.3290090e-01;9.7500000e+01;2.1873602e-01;9.7500000e+01;2.0818494e-01;9.7500000e+01;1.4286081e-01;9.7500000e+01;7.8586258e-02;9.7500000e+01;2.3808405e-02;9.7500000e+01;-2.3919851e-02;9.7500000e+01;-6.8140566e-02;9.7500000e+01;-1.1166080e-01;9.7500000e+01;-1.5463006e-01;9.7500000e+01;-1.9720453e-01;9.7500000e+01;-8.6919911e-02;9.7500000e+01;-7.0158780e-02;9.7500000e+01;-3.1773314e-02;9.7500000e+01;2.3264367e-02;9.7500000e+01;8.5712902e-02;9.7500000e+01;1.3982217e-01;9.7500000e+01;2.0467150e-01;9.7500000e+01;2.3290090e-01;9.7500000e+01;2.1873602e-01;9.7500000e+01;2.0818494e-01;9.7500000e+01;1.4286081e-01;9.7500000e+01;7.8586258e-02;9.7500000e+01;2.3808405e-02;9.7500000e+01;-2.3919851e-02;9.7500000e+01;-6.8140566e-02;9.7500000e+01;-1.1166080e-01;9.7500000e+01;-1.5463006e-01;9.7500000e+01;-1.9720453e-01;9.7500000e+01;-8.6919911e-02;9.7500000e+01;-7.0158780e-02;9.7500000e+01;-3.1773314e-02;9.7500000e+01;2.3264367e-02;9.7500000e+01;8.5712902e-02;9.7500000e+01;1.3982217e-01;9.7500000e+01;2.0467150e-01;9.7500000e+01;2.3290090e-01;9.7500000e+01;2.1873602e-01;9.7500000e+01;2.0818494e-01;9.7500000e+01;1.4286081e-01;9.7500000e+01;7.8586258e-02;9.7500000e+01;2.3808405e-02;9.7500000e+01;-2.3919851e-02;9.7500000e+01;-6.8140566e-02;9.7500000e+01;-1.1166080e-01;9.7500000e+01;-1.5463006e-01;9.7500000e+01;-1.9720453e-01;9.7500000e+01;-8.6919911e-02;9.7500000e+01;-7.0158780e-02;9.7500000e+01;-3.1773314e-02;9.7500000e+01;2.3264367e-02;9.7500000e+01;8.5712902e-02;9.7500000e+01;1.3982217e-01;9.7500000e+01;2.0467150e-01;9.7500000e+01;2.3290090e-01;9.7500000e+01;2.1873602e-01;9.7500000e+01;2.0818494e-01;9.7500000e+01;1.4286081e-01;9.7500000e+01;7.8586258e-02;9.7500000e+01;2.3808405e-02;9.7500000e+01;-2.3919851e-02;9.7500000e+01;-6.8140566e-02;9.7500000e+01;-1.1166080e-01;9.7500000e+01;-1.5463006e-01;9.7500000e+01;-1.9720453e-01;9.7500000e+01;-8.6919911e-02;9.7500000e+01;-7.0158780e-02;9.7500000e+01;-3.1773314e-02;9.7500000e+01;2.3264367e-02;9.7500000e+01;8.5712902e-02;9.7500000e+01;1.3982217e-01;9.7500000e+01;2.0467150e-01;9.7500000e+01;2.3290090e-01;9.7500000e+01;2.1873602e-01;9.7500000e+01;2.0818494e-01;9.7500000e+01;1.4286081e-01;9.7500000e+01;7.8586258e-02;9.7500000e+01;2.3808405e-02;9.7500000e+01;-2.3919851e-02;9.7500000e+01;-6.8140566e-02;9.7500000e+01;-1.1166080e-01;9.7500000e+01;-1.5463006e-01;9.7500000e+01;-1.9720453e-01;9.7500000e+01;-8.6919911e-02;9.7500000e+01;-7.0158780e-02;9.7500000e+01;-3.1773314e-02;9.7500000e+01;2.3264367e-02;9.7500000e+01;8.5712902e-02;9.7500000e+01;1.3982217e-01;9.7500000e+01;2.0467150e-01;9.7500000e+01;2.3290090e-01;9.7500000e+01;2.1873602e-01;9.7500000e+01;2.0818494e-01;9.7500000e+01;1.4286081e-01;9.7500000e+01;7.8586258e-02;9.7500000e+01;2.3808405e-02;9.7500000e+01;-2.3919851e-02;9.7500000e+01;-6.8140566e-02;9.7500000e+01;-1.1166080e-01;9.7500000e+01;-1.5463006e-01;9.7500000e+01;-1.9720453e-01;9.7500000e+01;-8.6919911e-02;9.7500000e+01;-7.0158780e-02;9.7500000e+01;-3.1773314e-02;9.7500000e+01;2.3264367e-02;9.7500000e+01;8.5712902e-02;9.7500000e+01;1.3982217e-01;9.7500000e+01;2.0467150e-01;9.7500000e+01;2.3290090e-01;9.7500000e+01;2.1873602e-01;9.7500000e+01;2.0818494e-01;9.7500000e+01;1.4286081e-01;9.7500000e+01;7.8586258e-02;9.7500000e+01;2.3808405e-02;9.7500000e+01;-2.3919851e-02;9.7500000e+01;-6.8140566e-02;9.7500000e+01;-1.1166080e-01;9.7500000e+01;-1.5463006e-01;9.7500000e+01;-1.9720453e-01;9.7500000e+01;-8.6919911e-02;9.7500000e+01;-7.0158780e-02;9.7500000e+01;-3.1773314e-02;9.7500000e+01;2.3264367e-02;9.7500000e+01;8.5712902e-02;9.7500000e+01;1.3982217e-01;9.7500000e+01;2.0467150e-01;9.7500000e+01;2.3290090e-01;9.7500000e+01;2.1873602e-01;9.7500000e+01;2.0818494e-01;9.7500000e+01;1.4286081e-01;9.7500000e+01;7.8586258e-02;9.7500000e+01;2.3808405e-02;9.7500000e+01;-2.3919851e-02;9.7500000e+01;-6.8140566e-02;9.7500000e+01;-1.1166080e-01;9.7500000e+01;-1.5463006e-01;9.7500000e+01;-1.9720453e-01;9.7500000e+01;-8.6919911e-02;9.7500000e+01;-7.0158780e-02;9.7500000e+01;-3.1773314e-02;9.7500000e+01;2.3264367e-02;9.7500000e+01;8.5712902e-02;9.7500000e+01;1.3982217e-01;9.7500000e+01;2.0467150e-01;9.7500000e+01;2.3290090e-01;9.7500000e+01;2.1873602e-01;9.7500000e+01;2.0818494e-01;9.7500000e+01;1.4286081e-01;9.7500000e+01;7.8586258e-02;9.7500000e+01;2.3808405e-02;9.7500000e+01;-2.3919851e-02;9.7500000e+01;-6.8140566e-02;9.7500000e+01;-1.1166080e-01;9.7500000e+01;-1.5463006e-01;9.7500000e+01;-1.9720453e-01;9.7500000e+01;-8.6919911e-02;9.7500000e+01;-7.0158780e-02;9.7500000e+01;-3.1773314e-02;9.7500000e+01;2.3264367e-02;9.7500000e+01;8.5712902e-02;9.7500000e+01;1.3982217e-01;9.7500000e+01;2.0467150e-01;9.7500000e+01;2.3290090e-01;9.7500000e+01;2.1873602e-01;9.7500000e+01;2.0818494e-01;9.7500000e+01;1.4286081e-01;9.7500000e+01;7.8586258e-02;9.7500000e+01;2.3808405e-02;9.7500000e+01;-2.3919851e-02;9.7500000e+01;-6.8140566e-02;9.7500000e+01;-1.1166080e-01;9.7500000e+01;-1.5463006e-01;9.7500000e+01;-1.9720453e-01;9.7500000e+01;-8.6919911e-02;9.7500000e+01;-7.0158780e-02;9.7500000e+01;-3.1773314e-02;9.7500000e+01;2.3264367e-02;9.7500000e+01;8.5712902e-02;9.7500000e+01;1.3982217e-01;9.7500000e+01;2.0467150e-01;9.7500000e+01;2.3290090e-01;9.7500000e+01;2.1873602e-01;9.7500000e+01;2.0818494e-01;9.7500000e+01;1.4286081e-01;9.7500000e+01;7.8586258e-02;9.7500000e+01;2.3808405e-02;9.7500000e+01;-2.3919851e-02;9.7500000e+01;-6.8140566e-02;9.7500000e+01;-1.1166080e-01;9.7500000e+01;-1.5463006e-01;9.7500000e+01;-1.9720453e-01;9.7500000e+01;-8.6919911e-02;9.7500000e+01;-7.0158780e-02;9.7500000e+01;-3.1773314e-02;9.7500000e+01;2.3264367e-02;9.7500000e+01;8.5712902e-02;9.7500000e+01;1.3982217e-01;9.7500000e+01;2.0467150e-01;9.7500000e+01;2.3290090e-01;9.7500000e+01;2.1873602e-01;9.7500000e+01;2.0818494e-01;9.7500000e+01;1.4286081e-01;9.7500000e+01;7.8586258e-02;9.7500000e+01;2.3808405e-02;9.7500000e+01;-2.3919851e-02;9.7500000e+01;-6.8140566e-02;9.7500000e+01;-1.1166080e-01;9.7500000e+01;-1.5463006e-01;9.7500000e+01;-1.9720453e-01;9.7500000e+01;-8.6919911e-02;9.7500000e+01;-7.0158780e-02;9.7500000e+01;-3.1773314e-02;9.7500000e+01;2.3264367e-02;9.7500000e+01;8.5712902e-02;9.7500000e+01;1.3982217e-01;9.7500000e+01;2.0467150e-01;9.7500000e+01;2.3290090e-01;9.7500000e+01;2.1873602e-01;9.7500000e+01;2.0818494e-01;9.7500000e+01;1.4286081e-01;9.7500000e+01;7.8586258e-02;9.7500000e+01;2.3808405e-02;9.7500000e+01;-2.3919851e-02;9.7500000e+01;-6.8140566e-02;9.7500000e+01;-1.1166080e-01;9.7500000e+01;-1.5463006e-01;9.7500000e+01;-1.9720453e-01;9.7500000e+01;-8.6919911e-02;9.7500000e+01;-7.0158780e-02;9.7500000e+01;-3.1773314e-02;9.7500000e+01;2.3264367e-02;9.7500000e+01;8.5712902e-02;9.7500000e+01;1.3982217e-01;9.7500000e+01;2.0467150e-01;9.7500000e+01;2.3290090e-01;9.7500000e+01;2.1873602e-01;9.7500000e+01;2.0818494e-01;9.7500000e+01;1.4286081e-01;9.7500000e+01;7.8586258e-02;9.7500000e+01;2.3808405e-02;9.7500000e+01;-2.3919851e-02;9.7500000e+01;-6.8140566e-02;9.7500000e+01;-1.1166080e-01;9.7500000e+01;-1.5463006e-01;9.7500000e+01;-1.9720453e-01;9.7500000e+01;-8.6919911e-02;9.7500000e+01;-7.0158780e-02;9.7500000e+01;-3.1773314e-02;9.7500000e+01;2.3264367e-02;9.7500000e+01;8.5712902e-02;9.7500000e+01;1.3982217e-01;9.7500000e+01;2.0467150e-01;9.7500000e+01;2.3290090e-01;9.7500000e+01;2.1873602e-01;9.7500000e+01;2.0818494e-01;9.7500000e+01;1.4286081e-01;9.7500000e+01;7.8586258e-02;9.7500000e+01;2.3808405e-02;9.7500000e+01;-2.3919851e-02;9.7500000e+01;-6.8140566e-02;9.7500000e+01;-1.1166080e-01;9.7500000e+01;-1.5463006e-01;9.7500000e+01;-1.9720453e-01;9.7500000e+01;-8.6919911e-02;9.7500000e+01;-7.0158780e-02;9.7500000e+01;-3.1773314e-02;9.7500000e+01;2.3264367e-02;9.7500000e+01;8.5712902e-02;9.7500000e+01;1.3982217e-01;9.7500000e+01;2.0467150e-01;9.7500000e+01;2.3290090e-01;9.7500000e+01;2.1873602e-01;9.7500000e+01;2.0818494e-01;9.7500000e+01;1.4286081e-01;9.7500000e+01;7.8586258e-02;9.7500000e+01;2.3808405e-02;9.7500000e+01;-2.3919851e-02;9.7500000e+01;-6.8140566e-02;9.7500000e+01;-1.1166080e-01;9.7500000e+01;-1.5463006e-01;9.7500000e+01;-1.9720453e-01;9.7500000e+01;-8.6919911e-02;9.7500000e+01;-7.0158780e-02;9.7500000e+01;-3.1773314e-02;9.7500000e+01;2.3264367e-02;9.7500000e+01;8.5712902e-02;9.7500000e+01;1.3982217e-01;9.7500000e+01;2.0467150e-01;9.7500000e+01;2.3290090e-01;9.7500000e+01;2.1873602e-01;9.7500000e+01;2.0818494e-01;9.7500000e+01;1.4286081e-01;9.7500000e+01;7.8586258e-02;9.7500000e+01;2.3808405e-02;9.7500000e+01;-2.3919851e-02;9.7500000e+01;-6.8140566e-02;9.7500000e+01;-1.1166080e-01;9.7500000e+01;-1.5463006e-01;9.7500000e+01;-1.9720453e-01;9.7500000e+01;-8.6919911e-02;9.7500000e+01;-7.0158780e-02;9.7500000e+01;-3.1773314e-02;9.7500000e+01;2.3264367e-02;9.7500000e+01;8.5712902e-02;9.7500000e+01;1.3982217e-01;9.7500000e+01;2.0467150e-01;9.7500000e+01;2.3290090e-01;9.7500000e+01;2.1873602e-01;9.7500000e+01;2.0818494e-01;9.7500000e+01;1.4286081e-01;9.7500000e+01;7.8586258e-02;9.7500000e+01;2.3808405e-02;9.7500000e+01;-2.3919851e-02;9.7500000e+01;-6.8140566e-02;9.7500000e+01;-1.1166080e-01;9.7500000e+01;-1.5463006e-01;9.7500000e+01;-1.9720453e-01;9.7500000e+01;-8.6919911e-02;9.7500000e+01;-7.0158780e-02;9.7500000e+01;-3.1773314e-02;9.7500000e+01;2.3264367e-02;9.7500000e+01;8.5712902e-02;9.7500000e+01;1.3982217e-01;9.7500000e+01;2.0467150e-01;9.7500000e+01;2.3290090e-01;9.7500000e+01;2.1873602e-01;9.7500000e+01;2.0818494e-01;9.7500000e+01;1.4286081e-01;9.7500000e+01;7.8586258e-02;9.7500000e+01;2.3808405e-02;9.7500000e+01;-2.3919851e-02;9.7500000e+01;-6.8140566e-02;9.7500000e+01;-1.1166080e-01;9.7500000e+01;-1.5463006e-01;9.7500000e+01;-1.9720453e-01;9.7500000e+01;-8.6919911e-02;9.7500000e+01;-7.0158780e-02;9.7500000e+01;-3.1773314e-02;9.7500000e+01;2.3264367e-02;9.7500000e+01;8.5712902e-02;9.7500000e+01;1.3982217e-01;9.7500000e+01;2.0467150e-01;9.7500000e+01;2.3290090e-01;9.7500000e+01;2.1873602e-01;9.7500000e+01;2.0818494e-01;9.7500000e+01;1.4286081e-01;9.7500000e+01;7.8586258e-02;9.7500000e+01;2.3808405e-02;9.7500000e+01;-2.3919851e-02;9.7500000e+01;-6.8140566e-02;9.7500000e+01;-1.1166080e-01;9.7500000e+01;-1.5463006e-01;9.7500000e+01;-1.9720453e-01;9.7500000e+01;-8.6919911e-02;9.7500000e+01;-7.0158780e-02;9.7500000e+01;-3.1773314e-02;9.7500000e+01;2.3264367e-02;9.7500000e+01;8.5712902e-02;9.7500000e+01;1.3982217e-01;9.7500000e+01;2.0467150e-01;9.7500000e+01;2.3290090e-01;9.7500000e+01;2.1873602e-01;9.7500000e+01;2.0818494e-01;9.7500000e+01;1.4286081e-01;9.7500000e+01;7.8586258e-02;9.7500000e+01;2.3808405e-02;9.7500000e+01;-2.3919851e-02;9.7500000e+01;-6.8140566e-02;9.7500000e+01;-1.1166080e-01;9.7500000e+01;-1.5463006e-01;9.7500000e+01;-1.9720453e-01;9.7500000e+01;-8.6919911e-02;9.7500000e+01;-7.0158780e-02;9.7500000e+01;-3.1773314e-02;9.7500000e+01;2.3264367e-02;9.7500000e+01;8.5712902e-02;9.7500000e+01;1.3982217e-01;9.7500000e+01;2.0467150e-01;9.7500000e+01;2.3290090e-01;9.7500000e+01;2.1873602e-01;9.7500000e+01;2.0818494e-01;9.7500000e+01;1.4286081e-01;9.7500000e+01;7.8586258e-02;9.7500000e+01;2.3808405e-02;9.7500000e+01;-2.3919851e-02;9.7500000e+01;-6.8140566e-02;9.7500000e+01;-1.1166080e-01;9.7500000e+01;-1.5463006e-01;9.7500000e+01;-1.9720453e-01;9.7500000e+01;-8.6919911e-02;9.7500000e+01;-7.0158780e-02;9.7500000e+01;-3.1773314e-02;9.7500000e+01;2.3264367e-02;9.7500000e+01;8.5712902e-02;9.7500000e+01;1.3982217e-01;9.7500000e+01;2.0467150e-01;9.7500000e+01;2.3290090e-01;9.7500000e+01;2.1873602e-01;9.7500000e+01;2.0818494e-01;9.7500000e+01;1.4286081e-01;9.7500000e+01;7.8586258e-02;9.7500000e+01;2.3808405e-02;9.7500000e+01;-2.3919851e-02;9.7500000e+01;-6.8140566e-02;9.7500000e+01;-1.1166080e-01;9.7500000e+01;-1.5463006e-01;9.7500000e+01;-1.9720453e-01;9.7500000e+01;-8.6919911e-02;9.7500000e+01;-7.0158780e-02;9.7500000e+01;-3.1773314e-02;9.7500000e+01;2.3264367e-02;9.7500000e+01;8.5712902e-02;9.7500000e+01;1.3982217e-01;9.7500000e+01;2.0467150e-01;9.7500000e+01;2.3290090e-01;9.7500000e+01;2.1873602e-01;9.7500000e+01;2.0818494e-01;9.7500000e+01;1.4286081e-01;9.7500000e+01;7.8586258e-02;9.7500000e+01;2.3808405e-02;9.7500000e+01;-2.3919851e-02;9.7500000e+01;-6.8140566e-02;9.7500000e+01;-1.1166080e-01;9.7500000e+01;-1.5463006e-01;9.7500000e+01;-1.9720453e-01;9.7500000e+01;-8.6919911e-02;9.7500000e+01;-7.0158780e-02;9.7500000e+01;-3.1773314e-02;9.7500000e+01;2.3264367e-02;9.7500000e+01;8.5712902e-02;9.7500000e+01;1.3982217e-01;9.7500000e+01;2.0467150e-01;9.7500000e+01;2.3290090e-01;9.7500000e+01;2.1873602e-01;9.7500000e+01;2.0818494e-01;9.7500000e+01;1.4286081e-01;9.7500000e+01;7.8586258e-02;9.7500000e+01;2.3808405e-02;9.7500000e+01;-2.3919851e-02;9.7500000e+01;-6.8140566e-02;9.7500000e+01;-1.1166080e-01;9.7500000e+01;-1.5463006e-01;9.7500000e+01;-1.9720453e-01;9.7500000e+01;-8.6919911e-02;9.7500000e+01;-7.0158780e-02;9.7500000e+01;-3.1773314e-02;9.7500000e+01;2.3264367e-02;9.7500000e+01;8.5712902e-02;9.7500000e+01;1.3982217e-01;9.7500000e+01;2.0467150e-01;9.7500000e+01;2.3290090e-01;9.7500000e+01;2.1873602e-01;9.7500000e+01;2.0818494e-01;9.7500000e+01;1.4286081e-01;9.7500000e+01;7.8586258e-02;9.7500000e+01;2.3808405e-02;9.7500000e+01;-2.3919851e-02;9.7500000e+01;-6.8140566e-02;9.7500000e+01;-1.1166080e-01;9.7500000e+01;-1.5463006e-01;9.7500000e+01;-1.9720453e-01;9.7500000e+01;-8.6919911e-02;9.7500000e+01;-7.0158780e-02;9.7500000e+01;-3.1773314e-02;9.7500000e+01;2.3264367e-02;9.7500000e+01;8.5712902e-02;9.7500000e+01;1.3982217e-01;9.7500000e+01;2.0467150e-01;9.7500000e+01;2.3290090e-01;9.7500000e+01;2.1873602e-01;9.7500000e+01;2.0818494e-01;9.7500000e+01;1.4286081e-01;9.7500000e+01;7.8586258e-02;9.7500000e+01;2.3808405e-02;9.7500000e+01;-2.3919851e-02;9.7500000e+01;-6.8140566e-02;9.7500000e+01;-1.1166080e-01;9.7500000e+01;-1.5463006e-01;9.7500000e+01;-1.9720453e-01;9.7500000e+01;-8.6919911e-02;9.7500000e+01;-7.0158780e-02;9.7500000e+01;-3.1773314e-02;9.7500000e+01;2.3264367e-02;9.7500000e+01;8.5712902e-02;9.7500000e+01;1.3982217e-01;9.7500000e+01;2.0467150e-01;9.7500000e+01;2.3290090e-01;9.7500000e+01;2.1873602e-01;9.7500000e+01;2.0818494e-01;9.7500000e+01;1.4286081e-01;9.7500000e+01;7.8586258e-02;9.7500000e+01;2.3808405e-02;9.7500000e+01;-2.3919851e-02;9.7500000e+01;-6.8140566e-02;9.7500000e+01;-1.1166080e-01;9.7500000e+01;-1.5463006e-01;9.7500000e+01;-1.9720453e-01;9.7500000e+01;-8.6919911e-02;9.7500000e+01;-7.0158780e-02;9.7500000e+01;-3.1773314e-02;9.7500000e+01;2.3264367e-02;9.7500000e+01;8.5712902e-02;9.7500000e+01;1.3982217e-01;9.7500000e+01;2.0467150e-01;9.7500000e+01;2.3290090e-01;9.7500000e+01;2.1873602e-01;9.7500000e+01;2.0818494e-01;9.7500000e+01;1.4286081e-01;9.7500000e+01;7.8586258e-02;9.7500000e+01;2.3808405e-02;9.7500000e+01;-2.3919851e-02;9.7500000e+01;-6.8140566e-02;9.7500000e+01;-1.1166080e-01;9.7500000e+01;-1.5463006e-01;9.7500000e+01;-1.9720453e-01;9.7500000e+01;-8.6919911e-02;9.7500000e+01;-7.0158780e-02;9.7500000e+01;-3.1773314e-02;9.7500000e+01;2.3264367e-02;9.7500000e+01;8.5712902e-02;9.7500000e+01;1.3982217e-01;9.7500000e+01;2.0467150e-01;9.7500000e+01;2.3290090e-01;9.7500000e+01;2.1873602e-01;9.7500000e+01;2.0818494e-01;9.7500000e+01;1.4286081e-01;9.7500000e+01;7.8586258e-02;9.7500000e+01;2.3808405e-02;9.7500000e+01;-2.3919851e-02;9.7500000e+01;-6.8140566e-02;9.7500000e+01;-1.1166080e-01;9.7500000e+01;-1.5463006e-01;9.7500000e+01;-1.9720453e-01;9.7500000e+01;-8.6919911e-02;9.7500000e+01;-7.0158780e-02;9.7500000e+01;-3.1773314e-02;9.7500000e+01;2.3264367e-02;9.7500000e+01;8.5712902e-02;9.7500000e+01;1.3982217e-01;9.7500000e+01;2.0467150e-01;9.7500000e+01;2.3290090e-01;9.7500000e+01;2.1873602e-01;9.7500000e+01;2.0818494e-01;9.7500000e+01;1.4286081e-01;9.7500000e+01;7.8586258e-02;9.7500000e+01;2.3808405e-02;9.7500000e+01;-2.3919851e-02;9.7500000e+01;-6.8140566e-02;9.7500000e+01;-1.1166080e-01;9.7500000e+01;-1.5463006e-01;9.7500000e+01;-1.9720453e-01;9.7500000e+01;-8.6919911e-02;9.7500000e+01;-7.0158780e-02;9.7500000e+01;-3.1773314e-02;9.7500000e+01;2.3264367e-02;9.7500000e+01;8.5712902e-02;9.7500000e+01;1.3982217e-01;9.7500000e+01;2.0467150e-01;9.7500000e+01;2.3290090e-01;9.7500000e+01;2.1873602e-01;9.7500000e+01;2.0818494e-01;9.7500000e+01;1.4286081e-01;9.7500000e+01;7.8586258e-02;9.7500000e+01;2.3808405e-02;9.7500000e+01;-2.3919851e-02;9.7500000e+01;-6.8140566e-02;9.7500000e+01;-1.1166080e-01;9.7500000e+01;-1.5463006e-01;9.7500000e+01;-1.9720453e-01;9.7500000e+01;-8.6919911e-02;9.7500000e+01;-7.0158780e-02;9.7500000e+01;-3.1773314e-02;9.7500000e+01;2.3264367e-02;9.7500000e+01;8.5712902e-02;9.7500000e+01;1.3982217e-01;9.7500000e+01;2.0467150e-01;9.7500000e+01;2.3290090e-01;9.7500000e+01;2.1873602e-01;9.7500000e+01;2.0818494e-01;9.7500000e+01;1.4286081e-01;9.7500000e+01;7.8586258e-02;9.7500000e+01;2.3808405e-02;9.7500000e+01;-2.3919851e-02;9.7500000e+01;-6.8140566e-02;9.7500000e+01;-1.1166080e-01;9.7500000e+01;-1.5463006e-01;9.7500000e+01;-1.9720453e-01;9.7500000e+01;-8.6919911e-02;9.7500000e+01;-7.0158780e-02;9.7500000e+01;-3.1773314e-02;9.7500000e+01;2.3264367e-02;9.7500000e+01;8.5712902e-02;9.7500000e+01;1.3982217e-01;9.7500000e+01;2.0467150e-01;9.7500000e+01;2.3290090e-01;9.7500000e+01;2.1873602e-01;9.7500000e+01;2.0818494e-01;9.7500000e+01;1.4286081e-01;9.7500000e+01;7.8586258e-02;9.7500000e+01;2.3808405e-02;9.7500000e+01;-2.3919851e-02;9.7500000e+01;-6.8140566e-02;9.7500000e+01;-1.1166080e-01;9.7500000e+01;-1.5463006e-01;9.7500000e+01;-1.9720453e-01;9.7500000e+01;-8.6919911e-02;9.7500000e+01;-7.0158780e-02;9.7500000e+01;-3.1773314e-02;9.7500000e+01;2.3264367e-02;9.7500000e+01;8.5712902e-02;9.7500000e+01;1.3982217e-01;9.7500000e+01;2.0467150e-01;9.7500000e+01;2.3290090e-01;9.7500000e+01;2.1873602e-01;9.7500000e+01;2.0818494e-01;9.7500000e+01;1.4286081e-01;9.7500000e+01;7.8586258e-02;9.7500000e+01;2.3808405e-02;9.7500000e+01;-2.3919851e-02;9.7500000e+01;-6.8140566e-02;9.7500000e+01;-1.1166080e-01;9.7500000e+01;-1.5463006e-01;9.7500000e+01;-1.9720453e-01;9.7500000e+01;-8.6919911e-02;9.7500000e+01;-7.0158780e-02;9.7500000e+01;-3.1773314e-02;9.7500000e+01;2.3264367e-02;9.7500000e+01;8.5712902e-02;9.7500000e+01;1.3982217e-01;9.7500000e+01;2.0467150e-01;9.7500000e+01;2.3290090e-01;9.7500000e+01;2.1873602e-01;9.7500000e+01;2.0818494e-01;9.7500000e+01;1.4286081e-01;9.7500000e+01;7.8586258e-02;9.7500000e+01;2.3808405e-02;9.7500000e+01;-2.3919851e-02;9.7500000e+01;-6.8140566e-02;9.7500000e+01;-1.1166080e-01;9.7500000e+01;-1.5463006e-01;9.7500000e+01;-1.9720453e-01;9.7500000e+01;-8.6919911e-02;9.7500000e+01;-7.0158780e-02;9.7500000e+01;-3.1773314e-02;9.7500000e+01;2.3264367e-02;9.7500000e+01;8.5712902e-02;9.7500000e+01;1.3982217e-01;9.7500000e+01;2.0467150e-01;9.7500000e+01;2.3290090e-01;9.7500000e+01;2.1873602e-01;9.7500000e+01;2.0818494e-01;9.7500000e+01;1.4286081e-01;9.7500000e+01;7.8586258e-02;9.7500000e+01;2.3808405e-02;9.7500000e+01;-2.3919851e-02;9.7500000e+01;-6.8140566e-02;9.7500000e+01;-1.1166080e-01;9.7500000e+01;-1.5463006e-01;9.7500000e+01;-1.9720453e-01;9.7500000e+01;-8.6919911e-02;9.7500000e+01;-7.0158780e-02;9.7500000e+01;-3.1773314e-02;9.7500000e+01;2.3264367e-02;9.7500000e+01;8.5712902e-02;9.7500000e+01;1.3982217e-01;9.7500000e+01;2.0467150e-01;9.7500000e+01;2.3290090e-01;9.7500000e+01;2.1873602e-01;9.7500000e+01;2.0818494e-01;9.7500000e+01;1.4286081e-01;9.7500000e+01;7.8586258e-02;9.7500000e+01;2.3808405e-02;9.7500000e+01;-2.3919851e-02;9.7500000e+01;-6.8140566e-02;9.7500000e+01;-1.1166080e-01;9.7500000e+01;-1.5463006e-01;9.7500000e+01;-1.9720453e-01;9.7500000e+01;-8.6919911e-02;9.7500000e+01;-7.0158780e-02;9.7500000e+01;-3.1773314e-02;9.7500000e+01;2.3264367e-02;9.7500000e+01;8.5712902e-02;9.7500000e+01;1.3982217e-01;9.7500000e+01;2.0467150e-01;9.7500000e+01;2.3290090e-01;9.7500000e+01;2.1873602e-01;9.7500000e+01;2.0818494e-01;9.7500000e+01;1.4286081e-01;9.7500000e+01;7.8586258e-02;9.7500000e+01;2.3808405e-02;9.7500000e+01;-2.3919851e-02;9.7500000e+01;-6.8140566e-02;9.7500000e+01;-1.1166080e-01;9.7500000e+01;-1.5463006e-01;9.7500000e+01;-1.9720453e-01;9.7500000e+01;-8.6919911e-02;9.7500000e+01;-7.0158780e-02;9.7500000e+01;-3.1773314e-02;9.7500000e+01;2.3264367e-02;9.7500000e+01;8.5712902e-02;9.7500000e+01;1.3982217e-01;9.7500000e+01;2.0467150e-01;9.7500000e+01;2.3290090e-01;9.7500000e+01;2.1873602e-01;9.7500000e+01;2.0818494e-01;9.7500000e+01;1.4286081e-01;9.7500000e+01;7.8586258e-02;9.7500000e+01;2.3808405e-02;9.7500000e+01;-2.3919851e-02;9.7500000e+01;-6.8140566e-02;9.7500000e+01;-1.1166080e-01;9.7500000e+01;-1.5463006e-01;9.7500000e+01;-1.9720453e-01;9.7500000e+01;-8.6919911e-02;9.7500000e+01;-7.0158780e-02;9.7500000e+01;-3.1773314e-02;9.7500000e+01;2.3264367e-02;9.7500000e+01;8.5712902e-02;9.7500000e+01;1.3982217e-01;9.7500000e+01;2.0467150e-01;9.7500000e+01;2.3290090e-01;9.7500000e+01;2.1873602e-01;9.7500000e+01;2.0818494e-01;9.7500000e+01;1.4286081e-01;9.7500000e+01;7.8586258e-02;9.7500000e+01;2.3808405e-02;9.7500000e+01;-2.3919851e-02;9.7500000e+01;-6.8140566e-02;9.7500000e+01;-1.1166080e-01;9.7500000e+01;-1.5463006e-01;9.7500000e+01;-1.9720453e-01;9.7500000e+01;-8.6919911e-02;9.7500000e+01;-7.0158780e-02;9.7500000e+01;-3.1773314e-02;9.7500000e+01;2.3264367e-02;9.7500000e+01;8.5712902e-02;9.7500000e+01;1.3982217e-01;9.7500000e+01;2.0467150e-01;9.7500000e+01;2.3290090e-01;9.7500000e+01;2.1873602e-01;9.7500000e+01;2.0818494e-01;9.7500000e+01;1.4286081e-01;9.7500000e+01;7.8586258e-02;9.7500000e+01;2.3808405e-02;9.7500000e+01;-2.3919851e-02;9.7500000e+01;-6.8140566e-02;9.7500000e+01;-1.1166080e-01;9.7500000e+01;-1.5463006e-01;9.7500000e+01;-1.9720453e-01;9.7500000e+01;-8.6919911e-02;9.7500000e+01;-7.0158780e-02;9.7500000e+01;-3.1773314e-02;9.7500000e+01;2.3264367e-02;9.7500000e+01;8.5712902e-02;9.7500000e+01;1.3982217e-01;9.7500000e+01;2.0467150e-01;9.7500000e+01;2.3290090e-01;9.7500000e+01;2.1873602e-01;9.7500000e+01;2.0818494e-01;9.7500000e+01;1.4286081e-01;9.7500000e+01;7.8586258e-02;9.7500000e+01;2.3808405e-02;9.7500000e+01;-2.3919851e-02;9.7500000e+01;-6.8140566e-02;9.7500000e+01;-1.1166080e-01;9.7500000e+01;-1.5463006e-01;9.7500000e+01;-1.9720453e-01;9.7500000e+01;-8.6919911e-02;9.7500000e+01;-7.0158780e-02;9.7500000e+01;-3.1773314e-02;9.7500000e+01;2.3264367e-02;9.7500000e+01;8.5712902e-02;9.7500000e+01;1.3982217e-01;9.7500000e+01;2.0467150e-01;9.7500000e+01;2.3290090e-01;9.7500000e+01;2.1873602e-01;9.7500000e+01;2.0818494e-01;9.7500000e+01;1.4286081e-01;9.7500000e+01;7.8586258e-02;9.7500000e+01;2.3808405e-02;9.7500000e+01;-2.3919851e-02;9.7500000e+01;-6.8140566e-02;9.7500000e+01;-1.1166080e-01;9.7500000e+01;-1.5463006e-01;9.7500000e+01;-1.9720453e-01;9.7500000e+01;-8.6919911e-02;9.7500000e+01;-7.0158780e-02;9.7500000e+01;-3.1773314e-02;9.7500000e+01;2.3264367e-02;9.7500000e+01;8.5712902e-02;9.7500000e+01;1.3982217e-01;9.7500000e+01;2.0467150e-01;9.7500000e+01;2.3290090e-01;9.7500000e+01;2.1873602e-01;9.7500000e+01;2.0818494e-01;9.7500000e+01;1.4286081e-01;9.7500000e+01;7.8586258e-02;9.7500000e+01;2.3808405e-02;9.7500000e+01;-2.3919851e-02;9.7500000e+01;-6.8140566e-02;9.7500000e+01;-1.1166080e-01;9.7500000e+01;-1.5463006e-01;9.7500000e+01;-1.9720453e-01;9.7500000e+01;-8.6919911e-02;9.7500000e+01;-7.0158780e-02;9.7500000e+01;-3.1773314e-02;9.7500000e+01;2.3264367e-02;9.7500000e+01;8.5712902e-02;9.7500000e+01;1.3982217e-01;9.7500000e+01;2.0467150e-01;9.7500000e+01;2.3290090e-01;9.7500000e+01;2.1873602e-01;9.7500000e+01;2.0818494e-01;9.7500000e+01;1.4286081e-01;9.7500000e+01;7.8586258e-02;9.7500000e+01;2.3808405e-02;9.7500000e+01;-2.3919851e-02;9.7500000e+01;-6.8140566e-02;9.7500000e+01;-1.1166080e-01;9.7500000e+01;-1.5463006e-01;9.7500000e+01;-1.9720453e-01;9.7500000e+01;-8.6919911e-02;9.7500000e+01;-7.0158780e-02;9.7500000e+01;-3.1773314e-02;9.7500000e+01;2.3264367e-02;9.7500000e+01;8.5712902e-02;9.7500000e+01;1.3982217e-01;9.7500000e+01;2.0467150e-01;9.7500000e+01;2.3290090e-01;9.7500000e+01;2.1873602e-01;9.7500000e+01;2.0818494e-01;9.7500000e+01;1.4286081e-01;9.7500000e+01;7.8586258e-02;9.7500000e+01;2.3808405e-02;9.7500000e+01;-2.3919851e-02;9.7500000e+01;-6.8140566e-02;9.7500000e+01;-1.1166080e-01;9.7500000e+01;-1.5463006e-01;9.7500000e+01;-1.9720453e-01;9.7500000e+01;-8.6919911e-02;9.7500000e+01;-7.0158780e-02;9.7500000e+01;-3.1773314e-02;9.7500000e+01;2.3264367e-02;9.7500000e+01;8.5712902e-02;9.7500000e+01;1.3982217e-01;9.7500000e+01;2.0467150e-01;9.7500000e+01;2.3290090e-01;9.7500000e+01;2.1873602e-01;9.7500000e+01;2.0818494e-01;9.7500000e+01;1.4286081e-01;9.7500000e+01;7.8586258e-02;9.7500000e+01;2.3808405e-02;9.7500000e+01;-2.3919851e-02;9.7500000e+01;-6.8140566e-02;9.7500000e+01;-1.1166080e-01;9.7500000e+01;-1.5463006e-01;9.7500000e+01;-1.9720453e-01;9.7500000e+01;-8.6919911e-02;9.7500000e+01;-7.0158780e-02;9.7500000e+01;-3.1773314e-02;9.7500000e+01;2.3264367e-02;9.7500000e+01;8.5712902e-02;9.7500000e+01;1.3982217e-01;9.7500000e+01;2.0467150e-01;9.7500000e+01;2.3290090e-01;9.7500000e+01;2.1873602e-01;9.7500000e+01;2.0818494e-01;9.7500000e+01;1.4286081e-01;9.7500000e+01;7.8586258e-02;9.7500000e+01;2.3808405e-02;9.7500000e+01;-2.3919851e-02;9.7500000e+01;-6.8140566e-02;9.7500000e+01;-1.1166080e-01;9.7500000e+01;-1.5463006e-01;9.7500000e+01;-1.9720453e-01;9.7500000e+01;-8.6919911e-02;9.7500000e+01;-7.0158780e-02;9.7500000e+01;-3.1773314e-02;9.7500000e+01;2.3264367e-02;9.7500000e+01;8.5712902e-02;9.7500000e+01;1.3982217e-01;9.7500000e+01;2.0467150e-01;9.7500000e+01;2.3290090e-01;9.7500000e+01;2.1873602e-01;9.7500000e+01;2.0818494e-01;9.7500000e+01;1.4286081e-01;9.7500000e+01;7.8586258e-02;9.7500000e+01;2.3808405e-02;9.7500000e+01;-2.3919851e-02;9.7500000e+01;-6.8140566e-02;9.7500000e+01;-1.1166080e-01;9.7500000e+01;-1.5463006e-01;9.7500000e+01;-1.9720453e-01;9.7500000e+01;-8.6919911e-02;9.7500000e+01;-7.0158780e-02;9.7500000e+01;-3.1773314e-02;9.7500000e+01;2.3264367e-02;9.7500000e+01;8.5712902e-02;9.7500000e+01;1.3982217e-01;9.7500000e+01;2.0467150e-01;9.7500000e+01;2.3290090e-01;9.7500000e+01;2.1873602e-01;9.7500000e+01;2.0818494e-01;9.7500000e+01;1.4286081e-01;9.7500000e+01;7.8586258e-02;9.7500000e+01;2.3808405e-02;9.7500000e+01;-2.3919851e-02;9.7500000e+01;-6.8140566e-02;9.7500000e+01;-1.1166080e-01;9.7500000e+01;-1.5463006e-01;9.7500000e+01;-1.9720453e-01;9.7500000e+01;-8.6919911e-02;9.7500000e+01;-7.0158780e-02;9.7500000e+01;-3.1773314e-02;9.7500000e+01;2.3264367e-02;9.7500000e+01;8.5712902e-02;9.7500000e+01;1.3982217e-01;9.7500000e+01;2.0467150e-01;9.7500000e+01;2.3290090e-01;9.7500000e+01;2.1873602e-01;9.7500000e+01;2.0818494e-01;9.7500000e+01;1.4286081e-01;9.7500000e+01;7.8586258e-02;9.7500000e+01;2.3808405e-02;9.7500000e+01;-2.3919851e-02;9.7500000e+01;-6.8140566e-02;9.7500000e+01;-1.1166080e-01;9.7500000e+01;-1.5463006e-01;9.7500000e+01;-1.9720453e-01;9.7500000e+01;-8.6919911e-02;9.7500000e+01;-7.0158780e-02;9.7500000e+01;-3.1773314e-02;9.7500000e+01;2.3264367e-02;9.7500000e+01;8.5712902e-02;9.7500000e+01;1.3982217e-01;9.7500000e+01;2.0467150e-01;9.7500000e+01;2.3290090e-01;9.7500000e+01;2.1873602e-01;9.7500000e+01;2.0818494e-01;9.7500000e+01;1.4286081e-01;9.7500000e+01;7.8586258e-02;9.7500000e+01;2.3808405e-02;9.7500000e+01;-2.3919851e-02;9.7500000e+01;-6.8140566e-02;9.7500000e+01;-1.1166080e-01;9.7500000e+01;-1.5463006e-01;9.7500000e+01;-1.9720453e-01;9.7500000e+01;-8.6919911e-02;9.7500000e+01;-7.0158780e-02;9.7500000e+01;-3.1773314e-02;9.7500000e+01;2.3264367e-02;9.7500000e+01;8.5712902e-02;9.7500000e+01;1.3982217e-01;9.7500000e+01;2.0467150e-01;9.7500000e+01;2.3290090e-01;9.7500000e+01;2.1873602e-01;9.7500000e+01;2.0818494e-01;9.7500000e+01;1.4286081e-01;9.7500000e+01;7.8586258e-02;9.7500000e+01;2.3808405e-02;9.7500000e+01;-2.3919851e-02;9.7500000e+01;-6.8140566e-02;9.7500000e+01;-1.1166080e-01;9.7500000e+01;-1.5463006e-01;9.7500000e+01;-1.9720453e-01;9.7500000e+01;-8.6919911e-02;9.7500000e+01;-7.0158780e-02;9.7500000e+01;-3.1773314e-02;9.7500000e+01;2.3264367e-02;9.7500000e+01;8.5712902e-02;9.7500000e+01;1.3982217e-01;9.7500000e+01;2.0467150e-01;9.7500000e+01;2.3290090e-01;9.7500000e+01;2.1873602e-01;9.7500000e+01;2.0818494e-01;9.7500000e+01;1.4286081e-01;9.7500000e+01;7.8586258e-02;9.7500000e+01;2.3808405e-02;9.7500000e+01;-2.3919851e-02;9.7500000e+01;-6.8140566e-02;9.7500000e+01;-1.1166080e-01;9.7500000e+01;-1.5463006e-01;9.7500000e+01;-1.9720453e-01;9.7500000e+01;-8.6919911e-02;9.7500000e+01;-7.0158780e-02;9.7500000e+01;-3.1773314e-02;9.7500000e+01;2.3264367e-02;9.7500000e+01;8.5712902e-02;9.7500000e+01;1.3982217e-01;9.7500000e+01;2.0467150e-01;9.7500000e+01;2.3290090e-01;9.7500000e+01;2.1873602e-01;9.7500000e+01;2.0818494e-01;9.7500000e+01;1.4286081e-01;9.7500000e+01;7.8586258e-02;9.7500000e+01;2.3808405e-02;9.7500000e+01;-2.3919851e-02;9.7500000e+01;-6.8140566e-02;9.7500000e+01;-1.1166080e-01;9.7500000e+01;-1.5463006e-01;9.7500000e+01;-1.9720453e-01;9.7500000e+01;-8.6919911e-02;9.7500000e+01;-7.0158780e-02;9.7500000e+01;-3.1773314e-02;9.7500000e+01;2.3264367e-02;9.7500000e+01;8.5712902e-02;9.7500000e+01;1.3982217e-01;9.7500000e+01;2.0467150e-01;9.7500000e+01;2.3290090e-01;9.7500000e+01;2.1873602e-01;9.7500000e+01;2.0818494e-01;9.7500000e+01;1.4286081e-01;9.7500000e+01;7.8586258e-02;9.7500000e+01;2.3808405e-02;9.7500000e+01;-2.3919851e-02;9.7500000e+01;-6.8140566e-02;9.7500000e+01;-1.1166080e-01;9.7500000e+01;-1.5463006e-01;9.7500000e+01;-1.9720453e-01;9.7500000e+01;-8.6919911e-02;9.7500000e+01;-7.0158780e-02;9.7500000e+01;-3.1773314e-02;9.7500000e+01;2.3264367e-02;9.7500000e+01;8.5712902e-02;9.7500000e+01;1.3982217e-01;9.7500000e+01;2.0467150e-01;9.7500000e+01;2.3290090e-01;9.7500000e+01;2.1873602e-01;9.7500000e+01;2.0818494e-01;9.7500000e+01;1.4286081e-01;9.7500000e+01;7.8586258e-02;9.7500000e+01;2.3808405e-02;9.7500000e+01;-2.3919851e-02;9.7500000e+01;-6.8140566e-02;9.7500000e+01;-1.1166080e-01;9.7500000e+01;-1.5463006e-01;9.7500000e+01;-1.9720453e-01;9.7500000e+01;-8.6919911e-02;9.7500000e+01;-7.0158780e-02;9.7500000e+01;-3.1773314e-02;9.7500000e+01;2.3264367e-02;9.7500000e+01;8.5712902e-02;9.7500000e+01;1.3982217e-01;9.7500000e+01;2.0467150e-01;9.7500000e+01;2.3290090e-01;9.7500000e+01;2.1873602e-01;9.7500000e+01;2.0818494e-01;9.7500000e+01;1.4286081e-01;9.7500000e+01;7.8586258e-02;9.7500000e+01;2.3808405e-02;9.7500000e+01;-2.3919851e-02;9.7500000e+01;-6.8140566e-02;9.7500000e+01;-1.1166080e-01;9.7500000e+01;-1.5463006e-01;9.7500000e+01;-1.9720453e-01;9.7500000e+01;-8.6919911e-02;9.7500000e+01;-7.0158780e-02;9.7500000e+01;-3.1773314e-02;9.7500000e+01;2.3264367e-02;9.7500000e+01;8.5712902e-02;9.7500000e+01;1.3982217e-01;9.7500000e+01;2.0467150e-01;9.7500000e+01;2.3290090e-01;9.7500000e+01;2.1873602e-01;9.7500000e+01;2.0818494e-01;9.7500000e+01;1.4286081e-01;9.7500000e+01;7.8586258e-02;9.7500000e+01;2.3808405e-02;9.7500000e+01;-2.3919851e-02;9.7500000e+01;-6.8140566e-02;9.7500000e+01;-1.1166080e-01;9.7500000e+01;-1.5463006e-01;9.7500000e+01;-1.9720453e-01;9.7500000e+01;-8.6919911e-02;9.7500000e+01;-7.0158780e-02;9.7500000e+01;-3.1773314e-02;9.7500000e+01;2.3264367e-02;9.7500000e+01;8.5712902e-02;9.7500000e+01;1.3982217e-01;9.7500000e+01;2.0467150e-01;9.7500000e+01;2.3290090e-01;9.7500000e+01;2.1873602e-01;9.7500000e+01;2.0818494e-01;9.7500000e+01;1.4286081e-01;9.7500000e+01;7.8586258e-02;9.7500000e+01;2.3808405e-02;9.7500000e+01;-2.3919851e-02;9.7500000e+01;-6.8140566e-02;9.7500000e+01;-1.1166080e-01;9.7500000e+01;-1.5463006e-01;9.7500000e+01;-1.9720453e-01;9.7500000e+01;-8.6919911e-02;9.7500000e+01;-7.0158780e-02;9.7500000e+01;-3.1773314e-02;9.7500000e+01;2.3264367e-02;9.7500000e+01;8.5712902e-02;9.7500000e+01;1.3982217e-01;9.7500000e+01;2.0467150e-01;9.7500000e+01;2.3290090e-01;9.7500000e+01;2.1873602e-01;9.7500000e+01;2.0818494e-01;9.7500000e+01;1.4286081e-01;9.7500000e+01;7.8586258e-02;9.7500000e+01;2.3808405e-02;9.7500000e+01;-2.3919851e-02;9.7500000e+01;-6.8140566e-02;9.7500000e+01;-1.1166080e-01;9.7500000e+01;-1.5463006e-01;9.7500000e+01;-1.9720453e-01;9.7500000e+01;-8.6919911e-02;9.7500000e+01;-7.0158780e-02;9.7500000e+01;-3.1773314e-02;9.7500000e+01;2.3264367e-02;9.7500000e+01;8.5712902e-02;9.7500000e+01;1.3982217e-01;9.7500000e+01;2.0467150e-01;9.7500000e+01;2.3290090e-01;9.7500000e+01;2.1873602e-01;9.7500000e+01;2.0818494e-01;9.7500000e+01;1.4286081e-01;9.7500000e+01;7.8586258e-02;9.7500000e+01;2.3808405e-02;9.7500000e+01;-2.3919851e-02;9.7500000e+01;-6.8140566e-02;9.7500000e+01;-1.1166080e-01;9.7500000e+01;-1.5463006e-01;9.7500000e+01;-1.9720453e-01;9.7500000e+01;-8.6919911e-02;9.7500000e+01;-7.0158780e-02;9.7500000e+01;-3.1773314e-02;9.7500000e+01;2.3264367e-02;9.7500000e+01;8.5712902e-02;9.7500000e+01;1.3982217e-01;9.7500000e+01;2.0467150e-01;9.7500000e+01;2.3290090e-01;9.7500000e+01;2.1873602e-01;9.7500000e+01;2.0818494e-01;9.7500000e+01;1.4286081e-01;9.7500000e+01;7.8586258e-02;9.7500000e+01;2.3808405e-02;9.7500000e+01;-2.3919851e-02;9.7500000e+01;-6.8140566e-02;9.7500000e+01;-1.1166080e-01;9.7500000e+01;-1.5463006e-01;9.7500000e+01;-1.9720453e-01;9.7500000e+01;-8.6919911e-02;9.7500000e+01;-7.0158780e-02;9.7500000e+01;-3.1773314e-02;9.7500000e+01;2.3264367e-02;9.7500000e+01;8.5712902e-02;9.7500000e+01;1.3982217e-01;9.7500000e+01;2.0467150e-01;9.7500000e+01;2.3290090e-01;9.7500000e+01;2.1873602e-01;9.7500000e+01;2.0818494e-01;9.7500000e+01;1.4286081e-01;9.7500000e+01;7.8586258e-02;9.7500000e+01;2.3808405e-02;9.7500000e+01;-2.3919851e-02;9.7500000e+01;-6.8140566e-02;9.7500000e+01;-1.1166080e-01;9.7500000e+01;-1.5463006e-01;9.7500000e+01;-1.9720453e-01;9.7500000e+01;-8.6919911e-02;9.7500000e+01;-7.0158780e-02;9.7500000e+01;-3.1773314e-02;9.7500000e+01;2.3264367e-02;9.7500000e+01;8.5712902e-02;9.7500000e+01;1.3982217e-01;9.7500000e+01;2.0467150e-01;9.7500000e+01;2.3290090e-01;9.7500000e+01;2.1873602e-01;9.7500000e+01;2.0818494e-01;9.7500000e+01;1.4286081e-01;9.7500000e+01;7.8586258e-02;9.7500000e+01;2.3808405e-02;9.7500000e+01;-2.3919851e-02;9.7500000e+01;-6.8140566e-02;9.7500000e+01;-1.1166080e-01;9.7500000e+01;-1.5463006e-01;9.7500000e+01;-1.9720453e-01;9.7500000e+01;-8.6919911e-02;9.7500000e+01;-7.0158780e-02;9.7500000e+01;-3.1773314e-02;9.7500000e+01;2.3264367e-02;9.7500000e+01;8.5712902e-02;9.7500000e+01;1.3982217e-01;9.7500000e+01;2.0467150e-01;9.7500000e+01;2.3290090e-01;9.7500000e+01;2.1873602e-01;9.7500000e+01;2.0818494e-01;9.7500000e+01;1.4286081e-01;9.7500000e+01;7.8586258e-02;9.7500000e+01;2.3808405e-02;9.7500000e+01;-2.3919851e-02;9.7500000e+01;-6.8140566e-02;9.7500000e+01;-1.1166080e-01;9.7500000e+01;-1.5463006e-01;9.7500000e+01;-1.9720453e-01;9.7500000e+01;-8.6919911e-02;9.7500000e+01;-7.0158780e-02;9.7500000e+01;-3.1773314e-02;9.7500000e+01;2.3264367e-02;9.7500000e+01;8.5712902e-02;9.7500000e+01;1.3982217e-01;9.7500000e+01;2.0467150e-01;9.7500000e+01;2.3290090e-01;9.7500000e+01;2.1873602e-01;9.7500000e+01;2.0818494e-01;9.7500000e+01;1.4286081e-01;9.7500000e+01;7.8586258e-02;9.7500000e+01;2.3808405e-02;9.7500000e+01;-2.3919851e-02;9.7500000e+01;-6.8140566e-02;9.7500000e+01;-1.1166080e-01;9.7500000e+01;-1.5463006e-01;9.7500000e+01;-1.9720453e-01;9.7500000e+01;-8.6919911e-02;9.7500000e+01;-7.0158780e-02;9.7500000e+01;-3.1773314e-02;9.7500000e+01;2.3264367e-02;9.7500000e+01;8.5712902e-02;9.7500000e+01;1.3982217e-01;9.7500000e+01;2.0467150e-01;9.7500000e+01;2.3290090e-01;9.7500000e+01;2.1873602e-01;9.7500000e+01;2.0818494e-01;9.7500000e+01;1.4286081e-01;9.7500000e+01;7.8586258e-02;9.7500000e+01;2.3808405e-02;9.7500000e+01;-2.3919851e-02;9.7500000e+01;-6.8140566e-02;9.7500000e+01;-1.1166080e-01;9.7500000e+01;-1.5463006e-01;9.7500000e+01;-1.9720453e-01;9.7500000e+01;-8.6919911e-02;9.7500000e+01;-7.0158780e-02;9.7500000e+01;-3.1773314e-02;9.7500000e+01;2.3264367e-02;9.7500000e+01;8.5712902e-02;9.7500000e+01;1.3982217e-01;9.7500000e+01;2.0467150e-01;9.7500000e+01;2.3290090e-01;9.7500000e+01;2.1873602e-01;9.7500000e+01;2.0818494e-01;9.7500000e+01;1.4286081e-01;9.7500000e+01;7.8586258e-02;9.7500000e+01;2.3808405e-02;9.7500000e+01;-2.3919851e-02;9.7500000e+01;-6.8140566e-02;9.7500000e+01;-1.1166080e-01;9.7500000e+01;-1.5463006e-01;9.7500000e+01;-1.9720453e-01;9.7500000e+01;-8.6919911e-02;9.7500000e+01;-7.0158780e-02;9.7500000e+01;-3.1773314e-02;9.7500000e+01;2.3264367e-02;9.7500000e+01;8.5712902e-02;9.7500000e+01;1.3982217e-01;9.7500000e+01;2.0467150e-01;9.7500000e+01;2.3290090e-01;9.7500000e+01;2.1873602e-01;9.7500000e+01;2.0818494e-01;9.7500000e+01;1.4286081e-01;9.7500000e+01;7.8586258e-02;9.7500000e+01;2.3808405e-02;9.7500000e+01;-2.3919851e-02;9.7500000e+01;-6.8140566e-02;9.7500000e+01;-1.1166080e-01;9.7500000e+01;-1.5463006e-01;9.7500000e+01;-1.9720453e-01;9.7500000e+01;-8.6919911e-02;9.7500000e+01;-7.0158780e-02;9.7500000e+01;-3.1773314e-02;9.7500000e+01;2.3264367e-02;9.7500000e+01;8.5712902e-02;9.7500000e+01;1.3982217e-01;9.7500000e+01;2.0467150e-01;9.7500000e+01;2.3290090e-01;9.7500000e+01;2.1873602e-01;9.7500000e+01;2.0818494e-01;9.7500000e+01;1.4286081e-01;9.7500000e+01;7.8586258e-02;9.7500000e+01;2.3808405e-02;9.7500000e+01;-2.3919851e-02;9.7500000e+01;-6.8140566e-02;9.7500000e+01;-1.1166080e-01;9.7500000e+01;-1.5463006e-01;9.7500000e+01;-1.9720453e-01;9.7500000e+01;-8.6919911e-02;9.7500000e+01;-7.0158780e-02;9.7500000e+01;-3.1773314e-02;9.7500000e+01;2.3264367e-02;9.7500000e+01;8.5712902e-02;9.7500000e+01;1.3982217e-01;9.7500000e+01;2.0467150e-01;9.7500000e+01;2.3290090e-01;9.7500000e+01;2.1873602e-01;9.7500000e+01;2.0818494e-01;9.7500000e+01;1.4286081e-01;9.7500000e+01;7.8586258e-02;9.7500000e+01;2.3808405e-02;9.7500000e+01;-2.3919851e-02;9.7500000e+01;-6.8140566e-02;9.7500000e+01;-1.1166080e-01;9.7500000e+01;-1.5463006e-01;9.7500000e+01;-1.9720453e-01;9.7500000e+01;-8.6919911e-02;9.7500000e+01;-7.0158780e-02;9.7500000e+01;-3.1773314e-02;9.7500000e+01;2.3264367e-02;9.7500000e+01;8.5712902e-02;9.7500000e+01;1.3982217e-01;9.7500000e+01;2.0467150e-01;9.7500000e+01;2.3290090e-01;9.7500000e+01;2.1873602e-01;9.7500000e+01;2.0818494e-01;9.7500000e+01;1.4286081e-01;9.7500000e+01;7.8586258e-02;9.7500000e+01;2.3808405e-02;9.7500000e+01;-2.3919851e-02;9.7500000e+01;-6.8140566e-02;9.7500000e+01;-1.1166080e-01;9.7500000e+01;-1.5463006e-01;9.7500000e+01;-1.9720453e-01;9.7500000e+01;-8.6919911e-02;9.7500000e+01;-7.0158780e-02;9.7500000e+01;-3.1773314e-02;9.7500000e+01;2.3264367e-02;9.7500000e+01;8.5712902e-02;9.7500000e+01;1.3982217e-01;9.7500000e+01;2.0467150e-01;9.7500000e+01;2.3290090e-01;9.7500000e+01;2.1873602e-01;9.7500000e+01;2.0818494e-01;9.7500000e+01;1.4286081e-01;9.7500000e+01;7.8586258e-02;9.7500000e+01;2.3808405e-02;9.7500000e+01;-2.3919851e-02;9.7500000e+01;-6.8140566e-02;9.7500000e+01;-1.1166080e-01;9.7500000e+01;-1.5463006e-01;9.7500000e+01;-1.9720453e-01;9.7500000e+01;-8.6919911e-02;9.7500000e+01;-7.0158780e-02;9.7500000e+01;-3.1773314e-02;9.7500000e+01;2.3264367e-02;9.7500000e+01;8.5712902e-02;9.7500000e+01;1.3982217e-01;9.7500000e+01;2.0467150e-01;9.7500000e+01;2.3290090e-01;9.7500000e+01;2.1873602e-01;9.7500000e+01;2.0818494e-01;9.7500000e+01;1.4286081e-01;9.7500000e+01;7.8586258e-02;9.7500000e+01;2.3808405e-02;9.7500000e+01;-2.3919851e-02;9.7500000e+01;-6.8140566e-02;9.7500000e+01;-1.1166080e-01;9.7500000e+01;-1.5463006e-01;9.7500000e+01;-1.9720453e-01;9.7500000e+01;-8.6919911e-02;9.7500000e+01;-7.0158780e-02;9.7500000e+01;-3.1773314e-02;9.7500000e+01;2.3264367e-02;9.7500000e+01;8.5712902e-02;9.7500000e+01;1.3982217e-01;9.7500000e+01;2.0467150e-01;9.7500000e+01;2.3290090e-01;9.7500000e+01;2.1873602e-01;9.7500000e+01;2.0818494e-01;9.7500000e+01;1.4286081e-01;9.7500000e+01;7.8586258e-02;9.7500000e+01;2.3808405e-02;9.7500000e+01;-2.3919851e-02;9.7500000e+01;-6.8140566e-02;9.7500000e+01;-1.1166080e-01;9.7500000e+01;-1.5463006e-01;9.7500000e+01;-1.9720453e-01;9.7500000e+01;-8.6919911e-02;9.7500000e+01;-7.0158780e-02;9.7500000e+01;-3.1773314e-02;9.7500000e+01;2.3264367e-02;9.7500000e+01;8.5712902e-02;9.7500000e+01;1.3982217e-01;9.7500000e+01;2.0467150e-01;9.7500000e+01;2.3290090e-01;9.7500000e+01;2.1873602e-01;9.7500000e+01;2.0818494e-01;9.7500000e+01;1.4286081e-01;9.7500000e+01;7.8586258e-02;9.7500000e+01;2.3808405e-02;9.7500000e+01;-2.3919851e-02;9.7500000e+01;-6.8140566e-02;9.7500000e+01;-1.1166080e-01;9.7500000e+01;-1.5463006e-01;9.7500000e+01;-1.9720453e-01;9.7500000e+01;-8.6919911e-02;9.7500000e+01;-7.0158780e-02;9.7500000e+01;-3.1773314e-02;9.7500000e+01;2.3264367e-02;9.7500000e+01;8.5712902e-02;9.7500000e+01;1.3982217e-01;9.7500000e+01;2.0467150e-01;9.7500000e+01;2.3290090e-01;9.7500000e+01;2.1873602e-01;9.7500000e+01;2.0818494e-01;9.7500000e+01;1.4286081e-01;9.7500000e+01;7.8586258e-02;9.7500000e+01;2.3808405e-02;9.7500000e+01;-2.3919851e-02;9.7500000e+01;-6.8140566e-02;9.7500000e+01;-1.1166080e-01;9.7500000e+01;-1.5463006e-01;9.7500000e+01;-1.9720453e-01;9.7500000e+01;-8.6919911e-02;9.7500000e+01;-7.0158780e-02;9.7500000e+01;-3.1773314e-02;9.7500000e+01;2.3264367e-02;9.7500000e+01;8.5712902e-02;9.7500000e+01;1.3982217e-01;9.7500000e+01;2.0467150e-01;9.7500000e+01;2.3290090e-01;9.7500000e+01;2.1873602e-01;9.7500000e+01;2.0818494e-01;9.7500000e+01;1.4286081e-01;9.7500000e+01;7.8586258e-02;9.7500000e+01;2.3808405e-02;9.7500000e+01;-2.3919851e-02;9.7500000e+01;-6.8140566e-02;9.7500000e+01;-1.1166080e-01;9.7500000e+01;-1.5463006e-01;9.7500000e+01;-1.9720453e-01;9.7500000e+01;-8.6919911e-02;9.7500000e+01;-7.0158780e-02;9.7500000e+01;-3.1773314e-02;9.7500000e+01;2.3264367e-02;9.7500000e+01;8.5712902e-02;9.7500000e+01;1.3982217e-01;9.7500000e+01;2.0467150e-01;9.7500000e+01;2.3290090e-01;9.7500000e+01;2.1873602e-01;9.7500000e+01;2.0818494e-01;9.7500000e+01;1.4286081e-01;9.7500000e+01;7.8586258e-02;9.7500000e+01;2.3808405e-02;9.7500000e+01;-2.3919851e-02;9.7500000e+01;-6.8140566e-02;9.7500000e+01;-1.1166080e-01;9.7500000e+01;-1.5463006e-01;9.7500000e+01;-1.9720453e-01;9.7500000e+01;-8.6919911e-02;9.7500000e+01;-7.0158780e-02;9.7500000e+01;-3.1773314e-02;9.7500000e+01;2.3264367e-02;9.7500000e+01;8.5712902e-02;9.7500000e+01;1.3982217e-01;9.7500000e+01;2.0467150e-01;9.7500000e+01;2.3290090e-01;9.7500000e+01;2.1873602e-01;9.7500000e+01;2.0818494e-01;9.7500000e+01;1.4286081e-01;9.7500000e+01;7.8586258e-02;9.7500000e+01;2.3808405e-02;9.7500000e+01;-2.3919851e-02;9.7500000e+01;-6.8140566e-02;9.7500000e+01;-1.1166080e-01;9.7500000e+01;-1.5463006e-01;9.7500000e+01;-1.9720453e-01;9.7500000e+01;-8.6919911e-02;9.7500000e+01;-7.0158780e-02;9.7500000e+01;-3.1773314e-02;9.7500000e+01;2.3264367e-02;9.7500000e+01;8.5712902e-02;9.7500000e+01;1.3982217e-01;9.7500000e+01;2.0467150e-01;9.7500000e+01;2.3290090e-01;9.7500000e+01;2.1873602e-01;9.7500000e+01;2.0818494e-01;9.7500000e+01;1.4286081e-01;9.7500000e+01;7.8586258e-02;9.7500000e+01;2.3808405e-02;9.7500000e+01;-2.3919851e-02;9.7500000e+01;-6.8140566e-02;9.7500000e+01;-1.1166080e-01;9.7500000e+01;-1.5463006e-01;9.7500000e+01;-1.9720453e-01;9.7500000e+01;-8.6919911e-02;9.7500000e+01;-7.0158780e-02;9.7500000e+01;-3.1773314e-02;9.7500000e+01;2.3264367e-02;9.7500000e+01;8.5712902e-02;9.7500000e+01;1.3982217e-01;9.7500000e+01;2.0467150e-01;9.7500000e+01;2.3290090e-01;9.7500000e+01;2.1873602e-01;9.7500000e+01;2.0818494e-01;9.7500000e+01;1.4286081e-01;9.7500000e+01;7.8586258e-02;9.7500000e+01;2.3808405e-02;9.7500000e+01;-2.3919851e-02;9.7500000e+01;-6.8140566e-02;9.7500000e+01;-1.1166080e-01;9.7500000e+01;-1.5463006e-01;9.7500000e+01;-1.9720453e-01;9.7500000e+01;-8.6919911e-02;9.7500000e+01;-7.0158780e-02;9.7500000e+01;-3.1773314e-02;9.7500000e+01;2.3264367e-02;9.7500000e+01;8.5712902e-02;9.7500000e+01;1.3982217e-01;9.7500000e+01;2.0467150e-01;9.7500000e+01;2.3290090e-01;9.7500000e+01;2.1873602e-01;9.7500000e+01;2.0818494e-01;9.7500000e+01;1.4286081e-01;9.7500000e+01;7.8586258e-02;9.7500000e+01;2.3808405e-02;9.7500000e+01;-2.3919851e-02;9.7500000e+01;-6.8140566e-02;9.7500000e+01;-1.1166080e-01;9.7500000e+01;-1.5463006e-01;9.7500000e+01;-1.9720453e-01;9.7500000e+01;-8.6919911e-02;9.7500000e+01;-7.0158780e-02;9.7500000e+01;-3.1773314e-02;9.7500000e+01;2.3264367e-02;9.7500000e+01;8.5712902e-02;9.7500000e+01;1.3982217e-01;9.7500000e+01;2.0467150e-01;9.7500000e+01;2.3290090e-01;9.7500000e+01;2.1873602e-01;9.7500000e+01;2.0818494e-01;9.7500000e+01;1.4286081e-01;9.7500000e+01;7.8586258e-02;9.7500000e+01;2.3808405e-02;9.7500000e+01;-2.3919851e-02;9.7500000e+01;-6.8140566e-02;9.7500000e+01;-1.1166080e-01;9.7500000e+01;-1.5463006e-01;9.7500000e+01;-1.9720453e-01;9.7500000e+01;-8.6919911e-02;9.7500000e+01;-7.0158780e-02;9.7500000e+01;-3.1773314e-02;9.7500000e+01;2.3264367e-02;9.7500000e+01;8.5712902e-02;9.7500000e+01;1.3982217e-01;9.7500000e+01;2.0467150e-01;9.7500000e+01;2.3290090e-01;9.7500000e+01;2.1873602e-01;9.7500000e+01;2.0818494e-01;9.7500000e+01;1.4286081e-01;9.7500000e+01;7.8586258e-02;9.7500000e+01;2.3808405e-02;9.7500000e+01;-2.3919851e-02;9.7500000e+01;-6.8140566e-02;9.7500000e+01;-1.1166080e-01;9.7500000e+01;-1.5463006e-01;9.7500000e+01;-1.9720453e-01;9.7500000e+01;-8.6919911e-02;9.7500000e+01;-7.0158780e-02;9.7500000e+01;-3.1773314e-02;9.7500000e+01;2.3264367e-02;9.7500000e+01;8.5712902e-02;9.7500000e+01;1.3982217e-01;9.7500000e+01;2.0467150e-01;9.7500000e+01;2.3290090e-01;9.7500000e+01;2.1873602e-01;9.7500000e+01;2.0818494e-01;9.7500000e+01;1.4286081e-01;9.7500000e+01;7.8586258e-02;9.7500000e+01;2.3808405e-02;9.7500000e+01;-2.3919851e-02;9.7500000e+01;-6.8140566e-02;9.7500000e+01;-1.1166080e-01;9.7500000e+01;-1.5463006e-01;9.7500000e+01;-1.9720453e-01;9.7500000e+01;-8.6919911e-02;9.7500000e+01;-7.0158780e-02;9.7500000e+01;-3.1773314e-02;9.7500000e+01;2.3264367e-02;9.7500000e+01;8.5712902e-02;9.7500000e+01;1.3982217e-01;9.7500000e+01;2.0467150e-01;9.7500000e+01;2.3290090e-01;9.7500000e+01;2.1873602e-01;9.7500000e+01;2.0818494e-01;9.7500000e+01;1.4286081e-01;9.7500000e+01;7.8586258e-02;9.7500000e+01;2.3808405e-02;9.7500000e+01;-2.3919851e-02;9.7500000e+01;-6.8140566e-02;9.7500000e+01;-1.1166080e-01;9.7500000e+01;-1.5463006e-01;9.7500000e+01;-1.9720453e-01;9.7500000e+01;-8.6919911e-02;9.7500000e+01;-7.0158780e-02;9.7500000e+01;-3.1773314e-02;9.7500000e+01;2.3264367e-02;9.7500000e+01;8.5712902e-02;9.7500000e+01;1.3982217e-01;9.7500000e+01;2.0467150e-01;9.7500000e+01;2.3290090e-01;9.7500000e+01;2.1873602e-01;9.7500000e+01;2.0818494e-01;9.7500000e+01;1.4286081e-01;9.7500000e+01;7.8586258e-02;9.7500000e+01;2.3808405e-02;9.7500000e+01;-2.3919851e-02;9.7500000e+01;-6.8140566e-02;9.7500000e+01;-1.1166080e-01;9.7500000e+01;-1.5463006e-01;9.7500000e+01;-1.9720453e-01;9.7500000e+01;-8.6919911e-02;9.7500000e+01;-7.0158780e-02;9.7500000e+01;-3.1773314e-02;9.7500000e+01;2.3264367e-02;9.7500000e+01;8.5712902e-02;9.7500000e+01;1.3982217e-01;9.7500000e+01;2.0467150e-01;9.7500000e+01;2.3290090e-01;9.7500000e+01;2.1873602e-01;9.7500000e+01;2.0818494e-01;9.7500000e+01;1.4286081e-01;9.7500000e+01;7.8586258e-02;9.7500000e+01;2.3808405e-02;9.7500000e+01;-2.3919851e-02;9.7500000e+01;-6.8140566e-02;9.7500000e+01;-1.1166080e-01;9.7500000e+01;-1.5463006e-01;9.7500000e+01;-1.9720453e-01;9.7500000e+01;-8.6919911e-02;9.7500000e+01;-7.0158780e-02;9.7500000e+01;-3.1773314e-02;9.7500000e+01;2.3264367e-02;9.7500000e+01;8.5712902e-02;9.7500000e+01;1.3982217e-01;9.7500000e+01;2.0467150e-01;9.7500000e+01;2.3290090e-01;9.7500000e+01;2.1873602e-01;9.7500000e+01;2.0818494e-01;9.7500000e+01;1.4286081e-01;9.7500000e+01;7.8586258e-02;9.7500000e+01;2.3808405e-02;9.7500000e+01;-2.3919851e-02;9.7500000e+01;-6.8140566e-02;9.7500000e+01;-1.1166080e-01;9.7500000e+01;-1.5463006e-01;9.7500000e+01;-1.9720453e-01;9.7500000e+01;-8.6919911e-02;9.7500000e+01;-7.0158780e-02;9.7500000e+01;-3.1773314e-02;9.7500000e+01;2.3264367e-02;9.7500000e+01;8.5712902e-02;9.7500000e+01;1.3982217e-01;9.7500000e+01;2.0467150e-01;9.7500000e+01;2.3290090e-01;9.7500000e+01;2.1873602e-01;9.7500000e+01;2.0818494e-01;9.7500000e+01;1.4286081e-01;9.7500000e+01;7.8586258e-02;9.7500000e+01;2.3808405e-02;9.7500000e+01;-2.3919851e-02;9.7500000e+01;-6.8140566e-02;9.7500000e+01;-1.1166080e-01;9.7500000e+01;-1.5463006e-01;9.7500000e+01;-1.9720453e-01;9.7500000e+01;-8.6919911e-02;9.7500000e+01;-7.0158780e-02;9.7500000e+01;-3.1773314e-02;9.7500000e+01;2.3264367e-02;9.7500000e+01;8.5712902e-02;9.7500000e+01;1.3982217e-01;9.7500000e+01;2.0467150e-01;9.7500000e+01;2.3290090e-01;9.7500000e+01;2.1873602e-01;9.7500000e+01;2.0818494e-01;9.7500000e+01;1.4286081e-01;9.7500000e+01;7.8586258e-02;9.7500000e+01;2.3808405e-02;9.7500000e+01;-2.3919851e-02;9.7500000e+01;-6.8140566e-02;9.7500000e+01;-1.1166080e-01;9.7500000e+01;-1.5463006e-01;9.7500000e+01;-1.9720453e-01;9.7500000e+01;-8.6919911e-02;9.7500000e+01;-7.0158780e-02;9.7500000e+01;-3.1773314e-02;9.7500000e+01;2.3264367e-02;9.7500000e+01;8.5712902e-02;9.7500000e+01;1.3982217e-01;9.7500000e+01;2.0467150e-01;9.7500000e+01;2.3290090e-01;9.7500000e+01;2.1873602e-01;9.7500000e+01;2.0818494e-01;9.7500000e+01;1.4286081e-01;9.7500000e+01;7.8586258e-02;9.7500000e+01;2.3808405e-02;9.7500000e+01;-2.3919851e-02;9.7500000e+01;-6.8140566e-02;9.7500000e+01;-1.1166080e-01;9.7500000e+01;-1.5463006e-01;9.7500000e+01;-1.9720453e-01;9.7500000e+01;-8.6919911e-02;9.7500000e+01;-7.0158780e-02;9.7500000e+01;-3.1773314e-02;9.7500000e+01;2.3264367e-02;9.7500000e+01;8.5712902e-02;9.7500000e+01;1.3982217e-01;9.7500000e+01;2.0467150e-01;9.7500000e+01;2.3290090e-01;9.7500000e+01;2.1873602e-01;9.7500000e+01;2.0818494e-01;9.7500000e+01;1.4286081e-01;9.7500000e+01;7.8586258e-02;9.7500000e+01;2.3808405e-02;9.7500000e+01;-2.3919851e-02;9.7500000e+01;-6.8140566e-02;9.7500000e+01;-1.1166080e-01;9.7500000e+01;-1.5463006e-01;9.7500000e+01;-1.9720453e-01;9.7500000e+01;-8.6919911e-02;9.7500000e+01;-7.0158780e-02;9.7500000e+01;-3.1773314e-02;9.7500000e+01;2.3264367e-02;9.7500000e+01;8.5712902e-02;9.7500000e+01;1.3982217e-01;9.7500000e+01;2.0467150e-01;9.7500000e+01;2.3290090e-01;9.7500000e+01;2.1873602e-01;9.7500000e+01;2.0818494e-01;9.7500000e+01;1.4286081e-01;9.7500000e+01;7.8586258e-02;9.7500000e+01;2.3808405e-02;9.7500000e+01;-2.3919851e-02;9.7500000e+01;-6.8140566e-02;9.7500000e+01;-1.1166080e-01;9.7500000e+01;-1.5463006e-01;9.7500000e+01;-1.9720453e-01;9.7500000e+01;-8.6919911e-02;9.7500000e+01;-7.0158780e-02;9.7500000e+01;-3.1773314e-02;9.7500000e+01;2.3264367e-02;9.7500000e+01;8.5712902e-02;9.7500000e+01;1.3982217e-01;9.7500000e+01;2.0467150e-01;9.7500000e+01;2.3290090e-01;9.7500000e+01;2.1873602e-01;9.7500000e+01;2.0818494e-01;9.7500000e+01;1.4286081e-01;9.7500000e+01;7.8586258e-02;9.7500000e+01;2.3808405e-02;9.7500000e+01;-2.3919851e-02;9.7500000e+01;-6.8140566e-02;9.7500000e+01;-1.1166080e-01;9.7500000e+01;-1.5463006e-01;9.7500000e+01;-1.9720453e-01;9.7500000e+01;-8.6919911e-02;9.7500000e+01;-7.0158780e-02;9.7500000e+01;-3.1773314e-02;9.7500000e+01;2.3264367e-02;9.7500000e+01;8.5712902e-02;9.7500000e+01;1.3982217e-01;9.7500000e+01;2.0467150e-01;9.7500000e+01;2.3290090e-01;9.7500000e+01;2.1873602e-01;9.7500000e+01;2.0818494e-01;9.7500000e+01;1.4286081e-01;9.7500000e+01;7.8586258e-02;9.7500000e+01;2.3808405e-02;9.7500000e+01;-2.3919851e-02;9.7500000e+01;-6.8140566e-02;9.7500000e+01;-1.1166080e-01;9.7500000e+01;-1.5463006e-01;9.7500000e+01;-1.9720453e-01;9.7500000e+01;-8.6919911e-02;9.7500000e+01;-7.0158780e-02;9.7500000e+01;-3.1773314e-02;9.7500000e+01;2.3264367e-02;9.7500000e+01;8.5712902e-02;9.7500000e+01;1.3982217e-01;9.7500000e+01;2.0467150e-01;9.7500000e+01;2.3290090e-01;9.7500000e+01;2.1873602e-01;9.7500000e+01;2.0818494e-01;9.7500000e+01;1.4286081e-01;9.7500000e+01;7.8586258e-02;9.7500000e+01;2.3808405e-02;9.7500000e+01;-2.3919851e-02;9.7500000e+01;-6.8140566e-02;9.7500000e+01;-1.1166080e-01;9.7500000e+01;-1.5463006e-01;9.7500000e+01;-1.9720453e-01;9.7500000e+01;-8.6919911e-02;9.7500000e+01;-7.0158780e-02;9.7500000e+01;-3.1773314e-02;9.7500000e+01;2.3264367e-02;9.7500000e+01;8.5712902e-02;9.7500000e+01;1.3982217e-01;9.7500000e+01;2.0467150e-01;9.7500000e+01;2.3290090e-01;9.7500000e+01;2.1873602e-01;9.7500000e+01;2.0818494e-01;9.7500000e+01;1.4286081e-01;9.7500000e+01;7.8586258e-02;9.7500000e+01;2.3808405e-02;9.7500000e+01;-2.3919851e-02;9.7500000e+01;-6.8140566e-02;9.7500000e+01;-1.1166080e-01;9.7500000e+01;-1.5463006e-01;9.7500000e+01;-1.9720453e-01;9.7500000e+01;-8.6919911e-02;9.7500000e+01;-7.0158780e-02;9.7500000e+01;-3.1773314e-02;9.7500000e+01;2.3264367e-02;9.7500000e+01;8.5712902e-02;9.7500000e+01;1.3982217e-01;9.7500000e+01;2.0467150e-01;9.7500000e+01;2.3290090e-01;9.7500000e+01;2.1873602e-01;9.7500000e+01;2.0818494e-01;9.7500000e+01;1.4286081e-01;9.7500000e+01;7.8586258e-02;9.7500000e+01;2.3808405e-02;9.7500000e+01;-2.3919851e-02;9.7500000e+01;-6.8140566e-02;9.7500000e+01;-1.1166080e-01;9.7500000e+01;-1.5463006e-01;9.7500000e+01;-1.9720453e-01;9.7500000e+01;-8.6919911e-02;9.7500000e+01;-7.0158780e-02;9.7500000e+01;-3.1773314e-02;9.7500000e+01;2.3264367e-02;9.7500000e+01;8.5712902e-02;9.7500000e+01;1.3982217e-01;9.7500000e+01;2.0467150e-01;9.7500000e+01;2.3290090e-01;9.7500000e+01;2.1873602e-01;9.7500000e+01;2.0818494e-01;9.7500000e+01;1.4286081e-01;9.7500000e+01;7.8586258e-02;9.7500000e+01;2.3808405e-02;9.7500000e+01;-2.3919851e-02;9.7500000e+01;-6.8140566e-02;9.7500000e+01;-1.1166080e-01;9.7500000e+01;-1.5463006e-01;9.7500000e+01;-1.9720453e-01;9.7500000e+01;-8.6919911e-02;9.7500000e+01;-7.0158780e-02;9.7500000e+01;-3.1773314e-02;9.7500000e+01;2.3264367e-02;9.7500000e+01;8.5712902e-02;9.7500000e+01;1.3982217e-01;9.7500000e+01;2.0467150e-01;9.7500000e+01;2.3290090e-01;9.7500000e+01;2.1873602e-01;9.7500000e+01;2.0818494e-01;9.7500000e+01;1.4286081e-01;9.7500000e+01;7.8586258e-02;9.7500000e+01;2.3808405e-02;9.7500000e+01;-2.3919851e-02;9.7500000e+01;-6.8140566e-02;9.7500000e+01;-1.1166080e-01;9.7500000e+01;-1.5463006e-01;9.7500000e+01;-1.9720453e-01;9.7500000e+01;-8.6919911e-02;9.7500000e+01;-7.0158780e-02;9.7500000e+01;-3.1773314e-02;9.7500000e+01;2.3264367e-02;9.7500000e+01;8.5712902e-02;9.7500000e+01;1.3982217e-01;9.7500000e+01;2.0467150e-01;9.7500000e+01;2.3290090e-01;9.7500000e+01;2.1873602e-01;9.7500000e+01;2.0818494e-01;9.7500000e+01;1.4286081e-01;9.7500000e+01;7.8586258e-02;9.7500000e+01;2.3808405e-02;9.7500000e+01;-2.3919851e-02;9.7500000e+01;-6.8140566e-02;9.7500000e+01;-1.1166080e-01;9.7500000e+01;-1.5463006e-01;9.7500000e+01;-1.9720453e-01;9.7500000e+01;-8.6919911e-02;9.7500000e+01;-7.0158780e-02;9.7500000e+01;-3.1773314e-02;9.7500000e+01;2.3264367e-02;9.7500000e+01;8.5712902e-02;9.7500000e+01;1.3982217e-01;9.7500000e+01;2.0467150e-01;9.7500000e+01;2.3290090e-01;9.7500000e+01;2.1873602e-01;9.7500000e+01;2.0818494e-01;9.7500000e+01;1.4286081e-01;9.7500000e+01;7.8586258e-02;9.7500000e+01;2.3808405e-02;9.7500000e+01;-2.3919851e-02;9.7500000e+01;-6.8140566e-02;9.7500000e+01;-1.1166080e-01;9.7500000e+01;-1.5463006e-01;9.7500000e+01;-1.9720453e-01;9.7500000e+01;-8.6919911e-02;9.7500000e+01;-7.0158780e-02;9.7500000e+01;-3.1773314e-02;9.7500000e+01;2.3264367e-02;9.7500000e+01;8.5712902e-02;9.7500000e+01;1.3982217e-01;9.7500000e+01;2.0467150e-01;9.7500000e+01;2.3290090e-01;9.7500000e+01;2.1873602e-01;9.7500000e+01;2.0818494e-01;9.7500000e+01;1.4286081e-01;9.7500000e+01;7.8586258e-02;9.7500000e+01;2.3808405e-02;9.7500000e+01;-2.3919851e-02;9.7500000e+01;-6.8140566e-02;9.7500000e+01;-1.1166080e-01;9.7500000e+01;-1.5463006e-01;9.7500000e+01;-1.9720453e-01;9.7500000e+01;-8.6919911e-02;9.7500000e+01;-7.0158780e-02;9.7500000e+01;-3.1773314e-02;9.7500000e+01;2.3264367e-02;9.7500000e+01;8.5712902e-02;9.7500000e+01;1.3982217e-01;9.7500000e+01;2.0467150e-01;9.7500000e+01;2.3290090e-01;9.7500000e+01;2.1873602e-01;9.7500000e+01;2.0818494e-01;9.7500000e+01;1.4286081e-01;9.7500000e+01;7.8586258e-02;9.7500000e+01;2.3808405e-02;9.7500000e+01;-2.3919851e-02;9.7500000e+01;-6.8140566e-02;9.7500000e+01;-1.1166080e-01;9.7500000e+01;-1.5463006e-01;9.7500000e+01;-1.9720453e-01;9.7500000e+01;-8.6919911e-02;9.7500000e+01;-7.0158780e-02;9.7500000e+01;-3.1773314e-02;9.7500000e+01;2.3264367e-02;9.7500000e+01;8.5712902e-02;9.7500000e+01;1.3982217e-01;9.7500000e+01;2.0467150e-01;9.7500000e+01;2.3290090e-01;9.7500000e+01;2.1873602e-01;9.7500000e+01;2.0818494e-01;9.7500000e+01;1.4286081e-01;9.7500000e+01;7.8586258e-02;9.7500000e+01;2.3808405e-02;9.7500000e+01;-2.3919851e-02;9.7500000e+01;-6.8140566e-02;9.7500000e+01;-1.1166080e-01;9.7500000e+01;-1.5463006e-01;9.7500000e+01;-1.9720453e-01;9.7500000e+01;-8.6919911e-02;9.7500000e+01;-7.0158780e-02;9.7500000e+01;-3.1773314e-02;9.7500000e+01;2.3264367e-02;9.7500000e+01;8.5712902e-02;9.7500000e+01;1.3982217e-01;9.7500000e+01;2.0467150e-01;9.7500000e+01;2.3290090e-01;9.7500000e+01;2.1873602e-01;9.7500000e+01;2.0818494e-01;9.7500000e+01;1.4286081e-01;9.7500000e+01;7.8586258e-02;9.7500000e+01;2.3808405e-02;9.7500000e+01;-2.3919851e-02;9.7500000e+01;-6.8140566e-02;9.7500000e+01;-1.1166080e-01;9.7500000e+01;-1.5463006e-01;9.7500000e+01;-1.9720453e-01;9.7500000e+01;-8.6919911e-02;9.7500000e+01;-7.0158780e-02;9.7500000e+01;-3.1773314e-02;9.7500000e+01;2.3264367e-02;9.7500000e+01;8.5712902e-02;9.7500000e+01;1.3982217e-01;9.7500000e+01;2.0467150e-01;9.7500000e+01;2.3290090e-01;9.7500000e+01;2.1873602e-01;9.7500000e+01;2.0818494e-01;9.7500000e+01;1.4286081e-01;9.7500000e+01;7.8586258e-02;9.7500000e+01;2.3808405e-02;9.7500000e+01;-2.3919851e-02;9.7500000e+01;-6.8140566e-02;9.7500000e+01;-1.1166080e-01;9.7500000e+01;-1.5463006e-01;9.7500000e+01;-1.9720453e-01;9.7500000e+01;-8.6919911e-02;9.7500000e+01;-7.0158780e-02;9.7500000e+01;-3.1773314e-02;9.7500000e+01;2.3264367e-02;9.7500000e+01;8.5712902e-02;9.7500000e+01;1.3982217e-01;9.7500000e+01;2.0467150e-01;9.7500000e+01;2.3290090e-01;9.7500000e+01;2.1873602e-01;9.7500000e+01;2.0818494e-01;9.7500000e+01;1.4286081e-01;9.7500000e+01;7.8586258e-02;9.7500000e+01;2.3808405e-02;9.7500000e+01;-2.3919851e-02;9.7500000e+01;-6.8140566e-02;9.7500000e+01;-1.1166080e-01;9.7500000e+01;-1.5463006e-01;9.7500000e+01;-1.9720453e-01;9.7500000e+01;-8.6919911e-02;9.7500000e+01;-7.0158780e-02;9.7500000e+01;-3.1773314e-02;9.7500000e+01;2.3264367e-02;9.7500000e+01;8.5712902e-02;9.7500000e+01;1.3982217e-01;9.7500000e+01;2.0467150e-01;9.7500000e+01;2.3290090e-01;9.7500000e+01;2.1873602e-01;9.7500000e+01;2.0818494e-01;9.7500000e+01;1.4286081e-01;9.7500000e+01;7.8586258e-02;9.7500000e+01;2.3808405e-02;9.7500000e+01;-2.3919851e-02;9.7500000e+01;-6.8140566e-02;9.7500000e+01;-1.1166080e-01;9.7500000e+01;-1.5463006e-01;9.7500000e+01;-1.9720453e-01;9.7500000e+01;-8.6919911e-02;9.7500000e+01;-7.0158780e-02;9.7500000e+01;-3.1773314e-02;9.7500000e+01;2.3264367e-02;9.7500000e+01;8.5712902e-02;9.7500000e+01;1.3982217e-01;9.7500000e+01;2.0467150e-01;9.7500000e+01;2.3290090e-01;9.7500000e+01;2.1873602e-01;9.7500000e+01;2.0818494e-01;9.7500000e+01;1.4286081e-01;9.7500000e+01;7.8586258e-02;9.7500000e+01;2.3808405e-02;9.7500000e+01;-2.3919851e-02;9.7500000e+01;-6.8140566e-02;9.7500000e+01;-1.1166080e-01;9.7500000e+01;-1.5463006e-01;9.7500000e+01;-1.9720453e-01;9.7500000e+01;-8.6919911e-02;9.7500000e+01;-7.0158780e-02;9.7500000e+01;-3.1773314e-02;9.7500000e+01;2.3264367e-02;9.7500000e+01;8.5712902e-02;9.7500000e+01;1.3982217e-01;9.7500000e+01;2.0467150e-01;9.7500000e+01;2.3290090e-01;9.7500000e+01;2.1873602e-01;9.7500000e+01;2.0818494e-01;9.7500000e+01;1.4286081e-01;9.7500000e+01;7.8586258e-02;9.7500000e+01;2.3808405e-02;9.7500000e+01;-2.3919851e-02;9.7500000e+01;-6.8140566e-02;9.7500000e+01;-1.1166080e-01;9.7500000e+01;-1.5463006e-01;9.7500000e+01;-1.9720453e-01;9.7500000e+01;-8.6919911e-02;9.7500000e+01;-7.0158780e-02;9.7500000e+01;-3.1773314e-02;9.7500000e+01;2.3264367e-02;9.7500000e+01;8.5712902e-02;9.7500000e+01;1.3982217e-01;9.7500000e+01;2.0467150e-01;9.7500000e+01;2.3290090e-01;9.7500000e+01;2.1873602e-01;9.7500000e+01;2.0818494e-01;9.7500000e+01;1.4286081e-01;9.7500000e+01;7.8586258e-02;9.7500000e+01;2.3808405e-02;9.7500000e+01;-2.3919851e-02;9.7500000e+01;-6.8140566e-02;9.7500000e+01;-1.1166080e-01;9.7500000e+01;-1.5463006e-01;9.7500000e+01;-1.9720453e-01;9.7500000e+01;-8.6919911e-02;9.7500000e+01;-7.0158780e-02;9.7500000e+01;-3.1773314e-02;9.7500000e+01;2.3264367e-02;9.7500000e+01;8.5712902e-02;9.7500000e+01;1.3982217e-01;9.7500000e+01;2.0467150e-01;9.7500000e+01;2.3290090e-01;9.7500000e+01;2.1873602e-01;9.7500000e+01;2.0818494e-01;9.7500000e+01;1.4286081e-01;9.7500000e+01;7.8586258e-02;9.7500000e+01;2.3808405e-02;9.7500000e+01;-2.3919851e-02;9.7500000e+01;-6.8140566e-02;9.7500000e+01;-1.1166080e-01;9.7500000e+01;-1.5463006e-01;9.7500000e+01;-1.9720453e-01;9.7500000e+01;-8.6919911e-02;9.7500000e+01;-7.0158780e-02;9.7500000e+01;-3.1773314e-02;9.7500000e+01;2.3264367e-02;9.7500000e+01;8.5712902e-02;9.7500000e+01;1.3982217e-01;9.7500000e+01;2.0467150e-01;9.7500000e+01;2.3290090e-01;9.7500000e+01;2.1873602e-01;9.7500000e+01;2.0818494e-01;9.7500000e+01;1.4286081e-01;9.7500000e+01;7.8586258e-02;9.7500000e+01;2.3808405e-02;9.7500000e+01;-2.3919851e-02;9.7500000e+01;-6.8140566e-02;9.7500000e+01;-1.1166080e-01;9.7500000e+01;-1.5463006e-01;9.7500000e+01;-1.9720453e-01;9.7500000e+01;-8.6919911e-02;9.7500000e+01;-7.0158780e-02;9.7500000e+01;-3.1773314e-02;9.7500000e+01;2.3264367e-02;9.7500000e+01;8.5712902e-02;9.7500000e+01;1.3982217e-01;9.7500000e+01;2.0467150e-01;9.7500000e+01;2.3290090e-01;9.7500000e+01;2.1873602e-01;9.7500000e+01;2.0818494e-01;9.7500000e+01;1.4286081e-01;9.7500000e+01;7.8586258e-02;9.7500000e+01;2.3808405e-02;9.7500000e+01;-2.3919851e-02;9.7500000e+01;-6.8140566e-02;9.7500000e+01;-1.1166080e-01;9.7500000e+01;-1.5463006e-01;9.7500000e+01;-1.9720453e-01;9.7500000e+01;-8.6919911e-02;9.7500000e+01;-7.0158780e-02;9.7500000e+01;-3.1773314e-02;9.7500000e+01;2.3264367e-02;9.7500000e+01;8.5712902e-02;9.7500000e+01;1.3982217e-01;9.7500000e+01;2.0467150e-01;9.7500000e+01;2.3290090e-01;9.7500000e+01;2.1873602e-01;9.7500000e+01;2.0818494e-01;9.7500000e+01;1.4286081e-01;9.7500000e+01;7.8586258e-02;9.7500000e+01;2.3808405e-02;9.7500000e+01;-2.3919851e-02;9.7500000e+01;-6.8140566e-02;9.7500000e+01;-1.1166080e-01;9.7500000e+01;-1.5463006e-01;9.7500000e+01;-1.9720453e-01;9.7500000e+01;-8.6919911e-02;9.7500000e+01;-7.0158780e-02;9.7500000e+01;-3.1773314e-02;9.7500000e+01;2.3264367e-02;9.7500000e+01;8.5712902e-02;9.7500000e+01;1.3982217e-01;9.7500000e+01;2.0467150e-01;9.7500000e+01;2.3290090e-01;9.7500000e+01;2.1873602e-01;9.7500000e+01;2.0818494e-01;9.7500000e+01;1.4286081e-01;9.7500000e+01;7.8586258e-02;9.7500000e+01;2.3808405e-02;9.7500000e+01;-2.3919851e-02;9.7500000e+01;-6.8140566e-02;9.7500000e+01;-1.1166080e-01;9.7500000e+01;-1.5463006e-01;9.7500000e+01;-1.9720453e-01;9.7500000e+01;-8.6919911e-02;9.7500000e+01;-7.0158780e-02;9.7500000e+01;-3.1773314e-02;9.7500000e+01;2.3264367e-02;9.7500000e+01;8.5712902e-02;9.7500000e+01;1.3982217e-01;9.7500000e+01;2.0467150e-01;9.7500000e+01;2.3290090e-01;9.7500000e+01;2.1873602e-01;9.7500000e+01;2.0818494e-01;9.7500000e+01;1.4286081e-01;9.7500000e+01;7.8586258e-02;9.7500000e+01;2.3808405e-02;9.7500000e+01;-2.3919851e-02;9.7500000e+01;-6.8140566e-02;9.7500000e+01;-1.1166080e-01;9.7500000e+01;-1.5463006e-01;9.7500000e+01;-1.9720453e-01;9.7500000e+01;-8.6919911e-02;9.7500000e+01;-7.0158780e-02;9.7500000e+01;-3.1773314e-02;9.7500000e+01;2.3264367e-02;9.7500000e+01;8.5712902e-02;9.7500000e+01;1.3982217e-01;9.7500000e+01;2.0467150e-01;9.7500000e+01;2.3290090e-01;9.7500000e+01;2.1873602e-01;9.7500000e+01;2.0818494e-01;9.7500000e+01;1.4286081e-01;9.7500000e+01;7.8586258e-02;9.7500000e+01;2.3808405e-02;9.7500000e+01;-2.3919851e-02;9.7500000e+01;-6.8140566e-02;9.7500000e+01;-1.1166080e-01;9.7500000e+01;-1.5463006e-01;9.7500000e+01;-1.9720453e-01;9.7500000e+01;-8.6919911e-02;9.7500000e+01;-7.0158780e-02;9.7500000e+01;-3.1773314e-02;9.7500000e+01;2.3264367e-02;9.7500000e+01;8.5712902e-02;9.7500000e+01;1.3982217e-01;9.7500000e+01;2.0467150e-01;9.7500000e+01;2.3290090e-01;9.7500000e+01;2.1873602e-01;9.7500000e+01;2.0818494e-01;9.7500000e+01;1.4286081e-01;9.7500000e+01;7.8586258e-02;9.7500000e+01;2.3808405e-02;9.7500000e+01;-2.3919851e-02;9.7500000e+01;-6.8140566e-02;9.7500000e+01;-1.1166080e-01;9.7500000e+01;-1.5463006e-01;9.7500000e+01;-1.9720453e-01;9.7500000e+01;-8.6919911e-02;9.7500000e+01;-7.0158780e-02;9.7500000e+01;-3.1773314e-02;9.7500000e+01;2.3264367e-02;9.7500000e+01;8.5712902e-02;9.7500000e+01;1.3982217e-01;9.7500000e+01;2.0467150e-01;9.7500000e+01;2.3290090e-01;9.7500000e+01;2.1873602e-01;9.7500000e+01;2.0818494e-01;9.7500000e+01;1.4286081e-01;9.7500000e+01;7.8586258e-02;9.7500000e+01;2.3808405e-02;9.7500000e+01;-2.3919851e-02;9.7500000e+01;-6.8140566e-02;9.7500000e+01;-1.1166080e-01;9.7500000e+01;-1.5463006e-01;9.7500000e+01;-1.9720453e-01;9.7500000e+01;-8.6919911e-02;9.7500000e+01;-7.0158780e-02;9.7500000e+01;-3.1773314e-02;9.7500000e+01;2.3264367e-02;9.7500000e+01;8.5712902e-02;9.7500000e+01;1.3982217e-01;9.7500000e+01;2.0467150e-01;9.7500000e+01;2.3290090e-01;9.7500000e+01;2.1873602e-01;9.7500000e+01;2.0818494e-01;9.7500000e+01;1.4286081e-01;9.7500000e+01;7.8586258e-02;9.7500000e+01;2.3808405e-02;9.7500000e+01;-2.3919851e-02;9.7500000e+01;-6.8140566e-02;9.7500000e+01;-1.1166080e-01;9.7500000e+01;-1.5463006e-01;9.7500000e+01;-1.9720453e-01;9.7500000e+01;-8.6919911e-02;9.7500000e+01;-7.0158780e-02;9.7500000e+01;-3.1773314e-02;9.7500000e+01;2.3264367e-02;9.7500000e+01;8.5712902e-02;9.7500000e+01;1.3982217e-01;9.7500000e+01;2.0467150e-01;9.7500000e+01;2.3290090e-01;9.7500000e+01;2.1873602e-01;9.7500000e+01;2.0818494e-01;9.7500000e+01;1.4286081e-01;9.7500000e+01;7.8586258e-02;9.7500000e+01;2.3808405e-02;9.7500000e+01;-2.3919851e-02;9.7500000e+01;-6.8140566e-02;9.7500000e+01;-1.1166080e-01;9.7500000e+01;-1.5463006e-01;9.7500000e+01;-1.9720453e-01;9.7500000e+01;-8.6919911e-02;9.7500000e+01;-7.0158780e-02;9.7500000e+01;-3.1773314e-02;9.7500000e+01;2.3264367e-02;9.7500000e+01;8.5712902e-02;9.7500000e+01;1.3982217e-01;9.7500000e+01;2.0467150e-01;9.7500000e+01;2.3290090e-01;9.7500000e+01;2.1873602e-01;9.7500000e+01;2.0818494e-01;9.7500000e+01;1.4286081e-01;9.7500000e+01;7.8586258e-02;9.7500000e+01;2.3808405e-02;9.7500000e+01;-2.3919851e-02;9.7500000e+01;-6.8140566e-02;9.7500000e+01;-1.1166080e-01;9.7500000e+01;-1.5463006e-01;9.7500000e+01;-1.9720453e-01;9.7500000e+01;-8.6919911e-02;9.7500000e+01;-7.0158780e-02;9.7500000e+01;-3.1773314e-02;9.7500000e+01;2.3264367e-02;9.7500000e+01;8.5712902e-02;9.7500000e+01;1.3982217e-01;9.7500000e+01;2.0467150e-01;9.7500000e+01;2.3290090e-01;9.7500000e+01;2.1873602e-01;9.7500000e+01;2.0818494e-01;9.7500000e+01;1.4286081e-01;9.7500000e+01;7.8586258e-02;9.7500000e+01;2.3808405e-02;9.7500000e+01;-2.3919851e-02;9.7500000e+01;-6.8140566e-02;9.7500000e+01;-1.1166080e-01;9.7500000e+01;-1.5463006e-01;9.7500000e+01;-1.9720453e-01;9.7500000e+01;-8.6919911e-02;9.7500000e+01;-7.0158780e-02;9.7500000e+01;-3.1773314e-02;9.7500000e+01;2.3264367e-02;9.7500000e+01;8.5712902e-02;9.7500000e+01;1.3982217e-01;9.7500000e+01;2.0467150e-01;9.7500000e+01;2.3290090e-01;9.7500000e+01;2.1873602e-01;9.7500000e+01;2.0818494e-01;9.7500000e+01;1.4286081e-01;9.7500000e+01;7.8586258e-02;9.7500000e+01;2.3808405e-02;9.7500000e+01;-2.3919851e-02;9.7500000e+01;-6.8140566e-02;9.7500000e+01;-1.1166080e-01;9.7500000e+01;-1.5463006e-01;9.7500000e+01;-1.9720453e-01;9.7500000e+01;-8.6919911e-02;9.7500000e+01;-7.0158780e-02;9.7500000e+01;-3.1773314e-02;9.7500000e+01;2.3264367e-02;9.7500000e+01;8.5712902e-02;9.7500000e+01;1.3982217e-01;9.7500000e+01;2.0467150e-01;9.7500000e+01;2.3290090e-01;9.7500000e+01;2.1873602e-01;9.7500000e+01;2.0818494e-01;9.7500000e+01;1.4286081e-01;9.7500000e+01;7.8586258e-02;9.7500000e+01;2.3808405e-02;9.7500000e+01;-2.3919851e-02;9.7500000e+01;-6.8140566e-02;9.7500000e+01;-1.1166080e-01;9.7500000e+01;-1.5463006e-01;9.7500000e+01;-1.9720453e-01;9.7500000e+01;-8.6919911e-02;9.7500000e+01;-7.0158780e-02;9.7500000e+01;-3.1773314e-02;9.7500000e+01;2.3264367e-02;9.7500000e+01;8.5712902e-02;9.7500000e+01;1.3982217e-01;9.7500000e+01;2.0467150e-01;9.7500000e+01;2.3290090e-01;9.7500000e+01;2.1873602e-01;9.7500000e+01;2.0818494e-01;9.7500000e+01;1.4286081e-01;9.7500000e+01;7.8586258e-02;9.7500000e+01;2.3808405e-02;9.7500000e+01;-2.3919851e-02;9.7500000e+01;-6.8140566e-02;9.7500000e+01;-1.1166080e-01;9.7500000e+01;-1.5463006e-01;9.7500000e+01;-1.9720453e-01;9.7500000e+01;-8.6919911e-02;9.7500000e+01;-7.0158780e-02;9.7500000e+01;-3.1773314e-02;9.7500000e+01;2.3264367e-02;9.7500000e+01;8.5712902e-02;9.7500000e+01;1.3982217e-01;9.7500000e+01;2.0467150e-01;9.7500000e+01;2.3290090e-01;9.7500000e+01;2.1873602e-01;9.7500000e+01;2.0818494e-01;9.7500000e+01;1.4286081e-01;9.7500000e+01;7.8586258e-02;9.7500000e+01;2.3808405e-02;9.7500000e+01;-2.3919851e-02;9.7500000e+01;-6.8140566e-02;9.7500000e+01;-1.1166080e-01;9.7500000e+01;-1.5463006e-01;9.7500000e+01;-1.9720453e-01;9.7500000e+01;-8.6919911e-02;9.7500000e+01;-7.0158780e-02;9.7500000e+01;-3.1773314e-02;9.7500000e+01;2.3264367e-02;9.7500000e+01;8.5712902e-02;9.7500000e+01;1.3982217e-01;9.7500000e+01;2.0467150e-01;9.7500000e+01;2.3290090e-01;9.7500000e+01;2.1873602e-01;9.7500000e+01;2.0818494e-01;9.7500000e+01;1.4286081e-01;9.7500000e+01;7.8586258e-02;9.7500000e+01;2.3808405e-02;9.7500000e+01;-2.3919851e-02;9.7500000e+01;-6.8140566e-02;9.7500000e+01;-1.1166080e-01;9.7500000e+01;-1.5463006e-01;9.7500000e+01;-1.9720453e-01;9.7500000e+01;-8.6919911e-02;9.7500000e+01;-7.0158780e-02;9.7500000e+01;-3.1773314e-02;9.7500000e+01;2.3264367e-02;9.7500000e+01;8.5712902e-02;9.7500000e+01;1.3982217e-01;9.7500000e+01;2.0467150e-01;9.7500000e+01;2.3290090e-01;9.7500000e+01;2.1873602e-01;9.7500000e+01;2.0818494e-01;9.7500000e+01;1.4286081e-01;9.7500000e+01;7.8586258e-02;9.7500000e+01;2.3808405e-02;9.7500000e+01;-2.3919851e-02;9.7500000e+01;-6.8140566e-02;9.7500000e+01;-1.1166080e-01;9.7500000e+01;-1.5463006e-01;9.7500000e+01;-1.9720453e-01;9.7500000e+01;-8.6919911e-02;9.7500000e+01;-7.0158780e-02;9.7500000e+01;-3.1773314e-02;9.7500000e+01;2.3264367e-02;9.7500000e+01;8.5712902e-02;9.7500000e+01;1.3982217e-01;9.7500000e+01;2.0467150e-01;9.7500000e+01;2.3290090e-01;9.7500000e+01;2.1873602e-01;9.7500000e+01;2.0818494e-01;9.7500000e+01;1.4286081e-01;9.7500000e+01;7.8586258e-02;9.7500000e+01;2.3808405e-02;9.7500000e+01;-2.3919851e-02;9.7500000e+01;-6.8140566e-02;9.7500000e+01;-1.1166080e-01;9.7500000e+01;-1.5463006e-01;9.7500000e+01;-1.9720453e-01;9.7500000e+01;-8.6919911e-02;9.7500000e+01;-7.0158780e-02;9.7500000e+01;-3.1773314e-02;9.7500000e+01;2.3264367e-02;9.7500000e+01;8.5712902e-02;9.7500000e+01;1.3982217e-01;9.7500000e+01;2.0467150e-01;9.7500000e+01;2.3290090e-01;9.7500000e+01;2.1873602e-01;9.7500000e+01;2.0818494e-01;9.7500000e+01;1.4286081e-01;9.7500000e+01;7.8586258e-02;9.7500000e+01;2.3808405e-02;9.7500000e+01;-2.3919851e-02;9.7500000e+01;-6.8140566e-02;9.7500000e+01;-1.1166080e-01;9.7500000e+01;-1.5463006e-01;9.7500000e+01;-1.9720453e-01;9.7500000e+01;-8.6919911e-02;9.7500000e+01;-7.0158780e-02;9.7500000e+01;-3.1773314e-02;9.7500000e+01;2.3264367e-02;9.7500000e+01;8.5712902e-02;9.7500000e+01;1.3982217e-01;9.7500000e+01;2.0467150e-01;9.7500000e+01;2.3290090e-01;9.7500000e+01;2.1873602e-01;9.7500000e+01;2.0818494e-01;9.7500000e+01;1.4286081e-01;9.7500000e+01;7.8586258e-02;9.7500000e+01;2.3808405e-02;9.7500000e+01;-2.3919851e-02;9.7500000e+01;-6.8140566e-02;9.7500000e+01;-1.1166080e-01;9.7500000e+01;-1.5463006e-01;9.7500000e+01;-1.9720453e-01;9.7500000e+01;-8.6919911e-02;9.7500000e+01;-7.0158780e-02;9.7500000e+01;-3.1773314e-02;9.7500000e+01;2.3264367e-02;9.7500000e+01;8.5712902e-02;9.7500000e+01;1.3982217e-01;9.7500000e+01;2.0467150e-01;9.7500000e+01;2.3290090e-01;9.7500000e+01;2.1873602e-01;9.7500000e+01;2.0818494e-01;9.7500000e+01;1.4286081e-01;9.7500000e+01;7.8586258e-02;9.7500000e+01;2.3808405e-02;9.7500000e+01;-2.3919851e-02;9.7500000e+01;-6.8140566e-02;9.7500000e+01;-1.1166080e-01;9.7500000e+01;-1.5463006e-01;9.7500000e+01;-1.9720453e-01;9.7500000e+01;-8.6919911e-02;9.7500000e+01;-7.0158780e-02;9.7500000e+01;-3.1773314e-02;9.7500000e+01;2.3264367e-02;9.7500000e+01;8.5712902e-02;9.7500000e+01;1.3982217e-01;9.7500000e+01;2.0467150e-01;9.7500000e+01;2.3290090e-01;9.7500000e+01;2.1873602e-01;9.7500000e+01;2.0818494e-01;9.7500000e+01;1.4286081e-01;9.7500000e+01;7.8586258e-02;9.7500000e+01;2.3808405e-02;9.7500000e+01;-2.3919851e-02;9.7500000e+01;-6.8140566e-02;9.7500000e+01;-1.1166080e-01;9.7500000e+01;-1.5463006e-01;9.7500000e+01;-1.9720453e-01;9.7500000e+01;-8.6919911e-02;9.7500000e+01;-7.0158780e-02;9.7500000e+01;-3.1773314e-02;9.7500000e+01;2.3264367e-02;9.7500000e+01;8.5712902e-02;9.7500000e+01;1.3982217e-01;9.7500000e+01;2.0467150e-01;9.7500000e+01;2.3290090e-01;9.7500000e+01;2.1873602e-01;9.7500000e+01;2.0818494e-01;9.7500000e+01;1.4286081e-01;9.7500000e+01;7.8586258e-02;9.7500000e+01;2.3808405e-02;9.7500000e+01;-2.3919851e-02;9.7500000e+01;-6.8140566e-02;9.7500000e+01;-1.1166080e-01;9.7500000e+01;-1.5463006e-01;9.7500000e+01;-1.9720453e-01;9.7500000e+01;-8.6919911e-02;9.7500000e+01;-7.0158780e-02;9.7500000e+01;-3.1773314e-02;9.7500000e+01;2.3264367e-02;9.7500000e+01;8.5712902e-02;9.7500000e+01;1.3982217e-01;9.7500000e+01;2.0467150e-01;9.7500000e+01;2.3290090e-01;9.7500000e+01;2.1873602e-01;9.7500000e+01;2.0818494e-01;9.7500000e+01;1.4286081e-01;9.7500000e+01;7.8586258e-02;9.7500000e+01;2.3808405e-02;9.7500000e+01;-2.3919851e-02;9.7500000e+01;-6.8140566e-02;9.7500000e+01;-1.1166080e-01;9.7500000e+01;-1.5463006e-01;9.7500000e+01;-1.9720453e-01;9.7500000e+01;-8.6919911e-02;9.7500000e+01;-7.0158780e-02;9.7500000e+01;-3.1773314e-02;9.7500000e+01;2.3264367e-02;9.7500000e+01;8.5712902e-02;9.7500000e+01;1.3982217e-01;9.7500000e+01;2.0467150e-01;9.7500000e+01;2.3290090e-01;9.7500000e+01;2.1873602e-01;9.7500000e+01;2.0818494e-01;9.7500000e+01;1.4286081e-01;9.7500000e+01;7.8586258e-02;9.7500000e+01;2.3808405e-02;9.7500000e+01;-2.3919851e-02;9.7500000e+01;-6.8140566e-02;9.7500000e+01;-1.1166080e-01;9.7500000e+01;-1.5463006e-01;9.7500000e+01;-1.9720453e-01;9.7500000e+01;-8.6919911e-02;9.7500000e+01;-7.0158780e-02;9.7500000e+01;-3.1773314e-02;9.7500000e+01;2.3264367e-02;9.7500000e+01;8.5712902e-02;9.7500000e+01;1.3982217e-01;9.7500000e+01;2.0467150e-01;9.7500000e+01;2.3290090e-01;9.7500000e+01;2.1873602e-01;9.7500000e+01;2.0818494e-01;9.7500000e+01;1.4286081e-01;9.7500000e+01;7.8586258e-02;9.7500000e+01;2.3808405e-02;9.7500000e+01;-2.3919851e-02;9.7500000e+01;-6.8140566e-02;9.7500000e+01;-1.1166080e-01;9.7500000e+01;-1.5463006e-01;9.7500000e+01;-1.9720453e-01;9.7500000e+01;-8.6919911e-02;9.7500000e+01;-7.0158780e-02;9.7500000e+01;-3.1773314e-02;9.7500000e+01;2.3264367e-02;9.7500000e+01;8.5712902e-02;9.7500000e+01;1.3982217e-01;9.7500000e+01;2.0467150e-01;9.7500000e+01;2.3290090e-01;9.7500000e+01;2.1873602e-01;9.7500000e+01;2.0818494e-01;9.7500000e+01;1.4286081e-01;9.7500000e+01;7.8586258e-02;9.7500000e+01;2.3808405e-02;9.7500000e+01;-2.3919851e-02;9.7500000e+01;-6.8140566e-02;9.7500000e+01;-1.1166080e-01;9.7500000e+01;-1.5463006e-01;9.7500000e+01;-1.9720453e-01;9.7500000e+01;-8.6919911e-02;9.7500000e+01;-7.0158780e-02;9.7500000e+01;-3.1773314e-02;9.7500000e+01;2.3264367e-02;9.7500000e+01;8.5712902e-02;9.7500000e+01;1.3982217e-01;9.7500000e+01;2.0467150e-01;9.7500000e+01;2.3290090e-01;9.7500000e+01;2.1873602e-01;9.7500000e+01;2.0818494e-01;9.7500000e+01;1.4286081e-01;9.7500000e+01;7.8586258e-02;9.7500000e+01;2.3808405e-02;9.7500000e+01;-2.3919851e-02;9.7500000e+01;-6.8140566e-02;9.7500000e+01;-1.1166080e-01;9.7500000e+01;-1.5463006e-01;9.7500000e+01;-1.9720453e-01;9.7500000e+01;-8.6919911e-02;9.7500000e+01;-7.0158780e-02;9.7500000e+01;-3.1773314e-02;9.7500000e+01;2.3264367e-02;9.7500000e+01;8.5712902e-02;9.7500000e+01;1.3982217e-01;9.7500000e+01;2.0467150e-01;9.7500000e+01;2.3290090e-01;9.7500000e+01;2.1873602e-01;9.7500000e+01;2.0818494e-01;9.7500000e+01;1.4286081e-01;9.7500000e+01;7.8586258e-02;9.7500000e+01;2.3808405e-02;9.7500000e+01;-2.3919851e-02;9.7500000e+01;-6.8140566e-02;9.7500000e+01;-1.1166080e-01;9.7500000e+01;-1.5463006e-01;9.7500000e+01;-1.9720453e-01;9.7500000e+01;-8.6919911e-02;9.7500000e+01;-7.0158780e-02;9.7500000e+01;-3.1773314e-02;9.7500000e+01;2.3264367e-02;9.7500000e+01;8.5712902e-02;9.7500000e+01;1.3982217e-01;9.7500000e+01;2.0467150e-01;9.7500000e+01;2.3290090e-01;9.7500000e+01;2.1873602e-01;9.7500000e+01;2.0818494e-01;9.7500000e+01;1.4286081e-01;9.7500000e+01;7.8586258e-02;9.7500000e+01;2.3808405e-02;9.7500000e+01;-2.3919851e-02;9.7500000e+01;-6.8140566e-02;9.7500000e+01;-1.1166080e-01;9.7500000e+01;-1.5463006e-01;9.7500000e+01;-1.9720453e-01;9.7500000e+01;-8.6919911e-02;9.7500000e+01;-7.0158780e-02;9.7500000e+01;-3.1773314e-02;9.7500000e+01;2.3264367e-02;9.7500000e+01;8.5712902e-02;9.7500000e+01;1.3982217e-01;9.7500000e+01;2.0467150e-01;9.7500000e+01;2.3290090e-01;9.7500000e+01;2.1873602e-01;9.7500000e+01;2.0818494e-01;9.7500000e+01;1.4286081e-01;9.7500000e+01;7.8586258e-02;9.7500000e+01;2.3808405e-02;9.7500000e+01;-2.3919851e-02;9.7500000e+01;-6.8140566e-02;9.7500000e+01;-1.1166080e-01;9.7500000e+01;-1.5463006e-01;9.7500000e+01;-1.9720453e-01;9.7500000e+01;-8.6919911e-02;9.7500000e+01;-7.0158780e-02;9.7500000e+01;-3.1773314e-02;9.7500000e+01;2.3264367e-02;9.7500000e+01;8.5712902e-02;9.7500000e+01;1.3982217e-01;9.7500000e+01;2.0467150e-01;9.7500000e+01;2.3290090e-01;9.7500000e+01;2.1873602e-01;9.7500000e+01;2.0818494e-01;9.7500000e+01;1.4286081e-01;9.7500000e+01;7.8586258e-02;9.7500000e+01;2.3808405e-02;9.7500000e+01;-2.3919851e-02;9.7500000e+01;-6.8140566e-02;9.7500000e+01;-1.1166080e-01;9.7500000e+01;-1.5463006e-01;9.7500000e+01;-1.9720453e-01;9.7500000e+01;-8.6919911e-02;9.7500000e+01;-7.0158780e-02;9.7500000e+01;-3.1773314e-02;9.7500000e+01;2.3264367e-02;9.7500000e+01;8.5712902e-02;9.7500000e+01;1.3982217e-01;9.7500000e+01;2.0467150e-01;9.7500000e+01;2.3290090e-01;9.7500000e+01;2.1873602e-01;9.7500000e+01;2.0818494e-01;9.7500000e+01;1.4286081e-01;9.7500000e+01;7.8586258e-02;9.7500000e+01;2.3808405e-02;9.7500000e+01;-2.3919851e-02;9.7500000e+01;-6.8140566e-02;9.7500000e+01;-1.1166080e-01;9.7500000e+01;-1.5463006e-01;9.7500000e+01;-1.9720453e-01;9.7500000e+01;-8.6919911e-02;9.7500000e+01;-7.0158780e-02;9.7500000e+01;-3.1773314e-02;9.7500000e+01;2.3264367e-02;9.7500000e+01;8.5712902e-02;9.7500000e+01;1.3982217e-01;9.7500000e+01;2.0467150e-01;9.7500000e+01;2.3290090e-01;9.7500000e+01;2.1873602e-01;9.7500000e+01;2.0818494e-01;9.7500000e+01;1.4286081e-01;9.7500000e+01;7.8586258e-02;9.7500000e+01;2.3808405e-02;9.7500000e+01;-2.3919851e-02;9.7500000e+01;-6.8140566e-02;9.7500000e+01;-1.1166080e-01;9.7500000e+01;-1.5463006e-01;9.7500000e+01;-1.9720453e-01;9.7500000e+01;-8.6919911e-02;9.7500000e+01;-7.0158780e-02;9.7500000e+01;-3.1773314e-02;9.7500000e+01;2.3264367e-02;9.7500000e+01;8.5712902e-02;9.7500000e+01;1.3982217e-01;9.7500000e+01;2.0467150e-01;9.7500000e+01;2.3290090e-01;9.7500000e+01;2.1873602e-01;9.7500000e+01;2.0818494e-01;9.7500000e+01;1.4286081e-01;9.7500000e+01;7.8586258e-02;9.7500000e+01;2.3808405e-02;9.7500000e+01;-2.3919851e-02;9.7500000e+01;-6.8140566e-02;9.7500000e+01;-1.1166080e-01;9.7500000e+01;-1.5463006e-01;9.7500000e+01;-1.9720453e-01;9.7500000e+01;-8.6919911e-02;9.7500000e+01;-7.0158780e-02;9.7500000e+01;-3.1773314e-02;9.7500000e+01;2.3264367e-02;9.7500000e+01;8.5712902e-02;9.7500000e+01;1.3982217e-01;9.7500000e+01;2.0467150e-01;9.7500000e+01;2.3290090e-01;9.7500000e+01;2.1873602e-01;9.7500000e+01;2.0818494e-01;9.7500000e+01;1.4286081e-01;9.7500000e+01;7.8586258e-02;9.7500000e+01;2.3808405e-02;9.7500000e+01;-2.3919851e-02;9.7500000e+01;-6.8140566e-02;9.7500000e+01;-1.1166080e-01;9.7500000e+01;-1.5463006e-01;9.7500000e+01;-1.9720453e-01;9.7500000e+01;-8.6919911e-02;9.7500000e+01;-7.0158780e-02;9.7500000e+01;-3.1773314e-02;9.7500000e+01;2.3264367e-02;9.7500000e+01;8.5712902e-02;9.7500000e+01;1.3982217e-01;9.7500000e+01;2.0467150e-01;9.7500000e+01;2.3290090e-01;9.7500000e+01;2.1873602e-01;9.7500000e+01;2.0818494e-01;9.7500000e+01;1.4286081e-01;9.7500000e+01;7.8586258e-02;9.7500000e+01;2.3808405e-02;9.7500000e+01;-2.3919851e-02;9.7500000e+01;-6.8140566e-02;9.7500000e+01;-1.1166080e-01;9.7500000e+01;-1.5463006e-01;9.7500000e+01;-1.9720453e-01;9.7500000e+01;-8.6919911e-02;9.7500000e+01;-7.0158780e-02;9.7500000e+01;-3.1773314e-02;9.7500000e+01;2.3264367e-02;9.7500000e+01;8.5712902e-02;9.7500000e+01;1.3982217e-01;9.7500000e+01;2.0467150e-01;9.7500000e+01;2.3290090e-01;9.7500000e+01;2.1873602e-01;9.7500000e+01;2.0818494e-01;9.7500000e+01;1.4286081e-01;9.7500000e+01;7.8586258e-02;9.7500000e+01;2.3808405e-02;9.7500000e+01;-2.3919851e-02;9.7500000e+01;-6.8140566e-02;9.7500000e+01;-1.1166080e-01;9.7500000e+01;-1.5463006e-01;9.7500000e+01;-1.9720453e-01;9.7500000e+01;-8.6919911e-02;9.7500000e+01;-7.0158780e-02;9.7500000e+01;-3.1773314e-02;9.7500000e+01;2.3264367e-02;9.7500000e+01;8.5712902e-02;9.7500000e+01;1.3982217e-01;9.7500000e+01;2.0467150e-01;9.7500000e+01;2.3290090e-01;9.7500000e+01;2.1873602e-01;9.7500000e+01;2.0818494e-01;9.7500000e+01;1.4286081e-01;9.7500000e+01;7.8586258e-02;9.7500000e+01;2.3808405e-02;9.7500000e+01;-2.3919851e-02;9.7500000e+01;-6.8140566e-02;9.7500000e+01;-1.1166080e-01;9.7500000e+01;-1.5463006e-01;9.7500000e+01;-1.9720453e-01;9.7500000e+01;-8.6919911e-02;9.7500000e+01;-7.0158780e-02;9.7500000e+01;-3.1773314e-02;9.7500000e+01;2.3264367e-02;9.7500000e+01;8.5712902e-02;9.7500000e+01;1.3982217e-01;9.7500000e+01;2.0467150e-01;9.7500000e+01;2.3290090e-01;9.7500000e+01;2.1873602e-01;9.7500000e+01;2.0818494e-01;9.7500000e+01;1.4286081e-01;9.7500000e+01;7.8586258e-02;9.7500000e+01;2.3808405e-02;9.7500000e+01;-2.3919851e-02;9.7500000e+01;-6.8140566e-02;9.7500000e+01;-1.1166080e-01;9.7500000e+01;-1.5463006e-01;9.7500000e+01;-1.9720453e-01;9.7500000e+01;-8.6919911e-02;9.7500000e+01;-7.0158780e-02;9.7500000e+01;-3.1773314e-02;9.7500000e+01;2.3264367e-02;9.7500000e+01;8.5712902e-02;9.7500000e+01;1.3982217e-01;9.7500000e+01;2.0467150e-01;9.7500000e+01;2.3290090e-01;9.7500000e+01;2.1873602e-01;9.7500000e+01;2.0818494e-01;9.7500000e+01;1.4286081e-01;9.7500000e+01;7.8586258e-02;9.7500000e+01;2.3808405e-02;9.7500000e+01;-2.3919851e-02;9.7500000e+01;-6.8140566e-02;9.7500000e+01;-1.1166080e-01;9.7500000e+01;-1.5463006e-01;9.7500000e+01;-1.9720453e-01;9.7500000e+01;-8.6919911e-02;9.7500000e+01;-7.0158780e-02;9.7500000e+01;-3.1773314e-02;9.7500000e+01;2.3264367e-02;9.7500000e+01;8.5712902e-02;9.7500000e+01;1.3982217e-01;9.7500000e+01;2.0467150e-01;9.7500000e+01;2.3290090e-01;9.7500000e+01;2.1873602e-01;9.7500000e+01;2.0818494e-01;9.7500000e+01;1.4286081e-01;9.7500000e+01;7.8586258e-02;9.7500000e+01;2.3808405e-02;9.7500000e+01;-2.3919851e-02;9.7500000e+01;-6.8140566e-02;9.7500000e+01;-1.1166080e-01;9.7500000e+01;-1.5463006e-01;9.7500000e+01;-1.9720453e-01;9.7500000e+01;-8.6919911e-02;9.7500000e+01;-7.0158780e-02;9.7500000e+01;-3.1773314e-02;9.7500000e+01;2.3264367e-02;9.7500000e+01;8.5712902e-02;9.7500000e+01;1.3982217e-01;9.7500000e+01;2.0467150e-01;9.7500000e+01;2.3290090e-01;9.7500000e+01;2.1873602e-01;9.7500000e+01;2.0818494e-01;9.7500000e+01;1.4286081e-01;9.7500000e+01;7.8586258e-02;9.7500000e+01;2.3808405e-02;9.7500000e+01;-2.3919851e-02;9.7500000e+01;-6.8140566e-02;9.7500000e+01;-1.1166080e-01;9.7500000e+01;-1.5463006e-01;9.7500000e+01;-1.9720453e-01;9.7500000e+01;-8.6919911e-02;9.7500000e+01;-7.0158780e-02;9.7500000e+01;-3.1773314e-02;9.7500000e+01;2.3264367e-02;9.7500000e+01;8.5712902e-02;9.7500000e+01;1.3982217e-01;9.7500000e+01;2.0467150e-01;9.7500000e+01;2.3290090e-01;9.7500000e+01;2.1873602e-01;9.7500000e+01;2.0818494e-01;9.7500000e+01;1.4286081e-01;9.7500000e+01;7.8586258e-02;9.7500000e+01;2.3808405e-02;9.7500000e+01;-2.3919851e-02;9.7500000e+01;-6.8140566e-02;9.7500000e+01;-1.1166080e-01;9.7500000e+01;-1.5463006e-01;9.7500000e+01;-1.9720453e-01;9.7500000e+01;-8.6919911e-02;9.7500000e+01;-7.0158780e-02;9.7500000e+01;-3.1773314e-02;9.7500000e+01;2.3264367e-02;9.7500000e+01;8.5712902e-02;9.7500000e+01;1.3982217e-01;9.7500000e+01;2.0467150e-01;9.7500000e+01;2.3290090e-01;9.7500000e+01;2.1873602e-01;9.7500000e+01;2.0818494e-01;9.7500000e+01;1.4286081e-01;9.7500000e+01;7.8586258e-02;9.7500000e+01;2.3808405e-02;9.7500000e+01;-2.3919851e-02;9.7500000e+01;-6.8140566e-02;9.7500000e+01;-1.1166080e-01;9.7500000e+01;-1.5463006e-01;9.7500000e+01;-1.9720453e-01;9.7500000e+01;-8.6919911e-02;9.7500000e+01;-7.0158780e-02;9.7500000e+01;-3.1773314e-02;9.7500000e+01;2.3264367e-02;9.7500000e+01;8.5712902e-02;9.7500000e+01;1.3982217e-01;9.7500000e+01;2.0467150e-01;9.7500000e+01;2.3290090e-01;9.7500000e+01;2.1873602e-01;9.7500000e+01;2.0818494e-01;9.7500000e+01;1.4286081e-01;9.7500000e+01;7.8586258e-02;9.7500000e+01;2.3808405e-02;9.7500000e+01;-2.3919851e-02;9.7500000e+01;-6.8140566e-02;9.7500000e+01;-1.1166080e-01;9.7500000e+01;-1.5463006e-01;9.7500000e+01;-1.9720453e-01;9.7500000e+01;-8.6919911e-02;9.7500000e+01;-7.0158780e-02;9.7500000e+01;-3.1773314e-02;9.7500000e+01;2.3264367e-02;9.7500000e+01;8.5712902e-02;9.7500000e+01;1.3982217e-01;9.7500000e+01;2.0467150e-01;9.7500000e+01;2.3290090e-01;9.7500000e+01;2.1873602e-01;9.7500000e+01;2.0818494e-01;9.7500000e+01;1.4286081e-01;9.7500000e+01;7.8586258e-02;9.7500000e+01;2.3808405e-02;9.7500000e+01;-2.3919851e-02;9.7500000e+01;-6.8140566e-02;9.7500000e+01;-1.1166080e-01;9.7500000e+01;-1.5463006e-01;9.7500000e+01;-1.9720453e-01;9.7500000e+01;-8.6919911e-02;9.7500000e+01;-7.0158780e-02;9.7500000e+01;-3.1773314e-02;9.7500000e+01;2.3264367e-02;9.7500000e+01;8.5712902e-02;9.7500000e+01;1.3982217e-01;9.7500000e+01;2.0467150e-01;9.7500000e+01;2.3290090e-01;9.7500000e+01;2.1873602e-01;9.7500000e+01;2.0818494e-01;9.7500000e+01;1.4286081e-01;9.7500000e+01;7.8586258e-02;9.7500000e+01;2.3808405e-02;9.7500000e+01;-2.3919851e-02;9.7500000e+01;-6.8140566e-02;9.7500000e+01;-1.1166080e-01;9.7500000e+01;-1.5463006e-01;9.7500000e+01;-1.9720453e-01;9.7500000e+01;-8.6919911e-02;9.7500000e+01;-7.0158780e-02;9.7500000e+01;-3.1773314e-02;9.7500000e+01;2.3264367e-02;9.7500000e+01;8.5712902e-02;9.7500000e+01;1.3982217e-01;9.7500000e+01;2.0467150e-01;9.7500000e+01;2.3290090e-01;9.7500000e+01;2.1873602e-01;9.7500000e+01;2.0818494e-01;9.7500000e+01;1.4286081e-01;9.7500000e+01;7.8586258e-02;9.7500000e+01;2.3808405e-02;9.7500000e+01;-2.3919851e-02;9.7500000e+01;-6.8140566e-02;9.7500000e+01;-1.1166080e-01;9.7500000e+01;-1.5463006e-01;9.7500000e+01;-1.9720453e-01;9.7500000e+01;-8.6919911e-02;9.7500000e+01;-7.0158780e-02;9.7500000e+01;-3.1773314e-02;9.7500000e+01;2.3264367e-02;9.7500000e+01;8.5712902e-02;9.7500000e+01;1.3982217e-01;9.7500000e+01;2.0467150e-01;9.7500000e+01;2.3290090e-01;9.7500000e+01;2.1873602e-01;9.7500000e+01;2.0818494e-01;9.7500000e+01;1.4286081e-01;9.7500000e+01;7.8586258e-02;9.7500000e+01;2.3808405e-02;9.7500000e+01;-2.3919851e-02;9.7500000e+01;-6.8140566e-02;9.7500000e+01;-1.1166080e-01;9.7500000e+01;-1.5463006e-01;9.7500000e+01;-1.9720453e-01;9.7500000e+01;-8.6919911e-02;9.7500000e+01;-7.0158780e-02;9.7500000e+01;-3.1773314e-02;9.7500000e+01;2.3264367e-02;9.7500000e+01;8.5712902e-02;9.7500000e+01;1.3982217e-01;9.7500000e+01;2.0467150e-01;9.7500000e+01;2.3290090e-01;9.7500000e+01;2.1873602e-01;9.7500000e+01;2.0818494e-01;9.7500000e+01;1.4286081e-01;9.7500000e+01;7.8586258e-02;9.7500000e+01;2.3808405e-02;9.7500000e+01;-2.3919851e-02;9.7500000e+01;-6.8140566e-02;9.7500000e+01;-1.1166080e-01;9.7500000e+01;-1.5463006e-01;9.7500000e+01;-1.9720453e-01;9.7500000e+01;-8.6919911e-02;9.7500000e+01;-7.0158780e-02;9.7500000e+01;-3.1773314e-02;9.7500000e+01;2.3264367e-02;9.7500000e+01;8.5712902e-02;9.7500000e+01;1.3982217e-01;9.7500000e+01;2.0467150e-01;9.7500000e+01;2.3290090e-01;9.7500000e+01;2.1873602e-01;9.7500000e+01;2.0818494e-01;9.7500000e+01;1.4286081e-01;9.7500000e+01;7.8586258e-02;9.7500000e+01;2.3808405e-02;9.7500000e+01;-2.3919851e-02;9.7500000e+01;-6.8140566e-02;9.7500000e+01;-1.1166080e-01;9.7500000e+01;-1.5463006e-01;9.7500000e+01;-1.9720453e-01;9.7500000e+01;-8.6919911e-02;9.7500000e+01;-7.0158780e-02;9.7500000e+01;-3.1773314e-02;9.7500000e+01;2.3264367e-02;9.7500000e+01;8.5712902e-02;9.7500000e+01;1.3982217e-01;9.7500000e+01;2.0467150e-01;9.7500000e+01;2.3290090e-01;9.7500000e+01;2.1873602e-01;9.7500000e+01;2.0818494e-01;9.7500000e+01;1.4286081e-01;9.7500000e+01;7.8586258e-02;9.7500000e+01;2.3808405e-02;9.7500000e+01;-2.3919851e-02;9.7500000e+01;-6.8140566e-02;9.7500000e+01;-1.1166080e-01;9.7500000e+01;-1.5463006e-01;9.7500000e+01;-1.9720453e-01;9.7500000e+01;-8.6919911e-02;9.7500000e+01;-7.0158780e-02;9.7500000e+01;-3.1773314e-02;9.7500000e+01;2.3264367e-02;9.7500000e+01;8.5712902e-02;9.7500000e+01;1.3982217e-01;9.7500000e+01;2.0467150e-01;9.7500000e+01;2.3290090e-01;9.7500000e+01;2.1873602e-01;9.7500000e+01;2.0818494e-01;9.7500000e+01;1.4286081e-01;9.7500000e+01;7.8586258e-02;9.7500000e+01;2.3808405e-02;9.7500000e+01;-2.3919851e-02;9.7500000e+01;-6.8140566e-02;9.7500000e+01;-1.1166080e-01;9.7500000e+01;-1.5463006e-01;9.7500000e+01;-1.9720453e-01;9.7500000e+01;-8.6919911e-02;9.7500000e+01;-7.0158780e-02;9.7500000e+01;-3.1773314e-02;9.7500000e+01;2.3264367e-02;9.7500000e+01;8.5712902e-02;9.7500000e+01;1.3982217e-01;9.7500000e+01;2.0467150e-01;9.7500000e+01;2.3290090e-01;9.7500000e+01;2.1873602e-01;9.7500000e+01;2.0818494e-01;9.7500000e+01;1.4286081e-01;9.7500000e+01;7.8586258e-02;9.7500000e+01;2.3808405e-02;9.7500000e+01;-2.3919851e-02;9.7500000e+01;-6.8140566e-02;9.7500000e+01;-1.1166080e-01;9.7500000e+01;-1.5463006e-01;9.7500000e+01;-1.9720453e-01;9.7500000e+01;-8.6919911e-02;9.7500000e+01;-7.0158780e-02;9.7500000e+01;-3.1773314e-02;9.7500000e+01;2.3264367e-02;9.7500000e+01;8.5712902e-02;9.7500000e+01;1.3982217e-01;9.7500000e+01;2.0467150e-01;9.7500000e+01;2.3290090e-01;9.7500000e+01;2.1873602e-01;9.7500000e+01;2.0818494e-01;9.7500000e+01;1.4286081e-01;9.7500000e+01;7.8586258e-02;9.7500000e+01;2.3808405e-02;9.7500000e+01;-2.3919851e-02;9.7500000e+01;-6.8140566e-02;9.7500000e+01;-1.1166080e-01;9.7500000e+01;-1.5463006e-01;9.7500000e+01;-1.9720453e-01;9.7500000e+01;-8.6919911e-02;9.7500000e+01;-7.0158780e-02;9.7500000e+01;-3.1773314e-02;9.7500000e+01;2.3264367e-02;9.7500000e+01;8.5712902e-02;9.7500000e+01;1.3982217e-01;9.7500000e+01;2.0467150e-01;9.7500000e+01;2.3290090e-01;9.7500000e+01;2.1873602e-01;9.7500000e+01;2.0818494e-01;9.7500000e+01;1.4286081e-01;9.7500000e+01;7.8586258e-02;9.7500000e+01;2.3808405e-02;9.7500000e+01;-2.3919851e-02;9.7500000e+01;-6.8140566e-02;9.7500000e+01;-1.1166080e-01;9.7500000e+01;-1.5463006e-01;9.7500000e+01;-1.9720453e-01;9.7500000e+01;-8.6919911e-02;9.7500000e+01;-7.0158780e-02;9.7500000e+01;-3.1773314e-02;9.7500000e+01;2.3264367e-02;9.7500000e+01;8.5712902e-02;9.7500000e+01;1.3982217e-01;9.7500000e+01;2.0467150e-01;9.7500000e+01;2.3290090e-01;9.7500000e+01;2.1873602e-01;9.7500000e+01;2.0818494e-01;9.7500000e+01;1.4286081e-01;9.7500000e+01;7.8586258e-02;9.7500000e+01;2.3808405e-02;9.7500000e+01;-2.3919851e-02;9.7500000e+01;-6.8140566e-02;9.7500000e+01;-1.1166080e-01;9.7500000e+01;-1.5463006e-01;9.7500000e+01;-1.9720453e-01;9.7500000e+01;-8.6919911e-02;9.7500000e+01;-7.0158780e-02;9.7500000e+01;-3.1773314e-02;9.7500000e+01;2.3264367e-02;9.7500000e+01;8.5712902e-02;9.7500000e+01;1.3982217e-01;9.7500000e+01;2.0467150e-01;9.7500000e+01;2.3290090e-01;9.7500000e+01;2.1873602e-01;9.7500000e+01;2.0818494e-01;9.7500000e+01;1.4286081e-01;9.7500000e+01;7.8586258e-02;9.7500000e+01;2.3808405e-02;9.7500000e+01;-2.3919851e-02;9.7500000e+01;-6.8140566e-02;9.7500000e+01;-1.1166080e-01;9.7500000e+01;-1.5463006e-01;9.7500000e+01;-1.9720453e-01;9.7500000e+01;-8.6919911e-02;9.7500000e+01;-7.0158780e-02;9.7500000e+01;-3.1773314e-02;9.7500000e+01;2.3264367e-02;9.7500000e+01;8.5712902e-02;9.7500000e+01;1.3982217e-01;9.7500000e+01;2.0467150e-01;9.7500000e+01;2.3290090e-01;9.7500000e+01;2.1873602e-01;9.7500000e+01;2.0818494e-01;9.7500000e+01;1.4286081e-01;9.7500000e+01;7.8586258e-02;9.7500000e+01;2.3808405e-02;9.7500000e+01;-2.3919851e-02;9.7500000e+01;-6.8140566e-02;9.7500000e+01;-1.1166080e-01;9.7500000e+01;-1.5463006e-01;9.7500000e+01;-1.9720453e-01;9.7500000e+01;-8.6919911e-02;9.7500000e+01;-7.0158780e-02;9.7500000e+01;-3.1773314e-02;9.7500000e+01;2.3264367e-02;9.7500000e+01;8.5712902e-02;9.7500000e+01;1.3982217e-01;9.7500000e+01;2.0467150e-01;9.7500000e+01;2.3290090e-01;9.7500000e+01;2.1873602e-01;9.7500000e+01;2.0818494e-01;9.7500000e+01;1.4286081e-01;9.7500000e+01;7.8586258e-02;9.7500000e+01;2.3808405e-02;9.7500000e+01;-2.3919851e-02;9.7500000e+01;-6.8140566e-02;9.7500000e+01;-1.1166080e-01;9.7500000e+01;-1.5463006e-01;9.7500000e+01;-1.9720453e-01;9.7500000e+01;-8.6919911e-02;9.7500000e+01;-7.0158780e-02;9.7500000e+01;-3.1773314e-02;9.7500000e+01;2.3264367e-02;9.7500000e+01;8.5712902e-02;9.7500000e+01;1.3982217e-01;9.7500000e+01;2.0467150e-01;9.7500000e+01;2.3290090e-01;9.7500000e+01;2.1873602e-01;9.7500000e+01;2.0818494e-01;9.7500000e+01;1.4286081e-01;9.7500000e+01;7.8586258e-02;9.7500000e+01;2.3808405e-02;9.7500000e+01;-2.3919851e-02;9.7500000e+01;-6.8140566e-02;9.7500000e+01;-1.1166080e-01;9.7500000e+01;-1.5463006e-01;9.7500000e+01;-1.9720453e-01;9.7500000e+01;-8.6919911e-02;9.7500000e+01;-7.0158780e-02;9.7500000e+01;-3.1773314e-02;9.7500000e+01;2.3264367e-02;9.7500000e+01;8.5712902e-02;9.7500000e+01;1.3982217e-01;9.7500000e+01;2.0467150e-01;9.7500000e+01;2.3290090e-01;9.7500000e+01;2.1873602e-01;9.7500000e+01;2.0818494e-01;9.7500000e+01;1.4286081e-01;9.7500000e+01;7.8586258e-02;9.7500000e+01;2.3808405e-02;9.7500000e+01;-2.3919851e-02;9.7500000e+01;-6.8140566e-02;9.7500000e+01;-1.1166080e-01;9.7500000e+01;-1.5463006e-01;9.7500000e+01;-1.9720453e-01;9.7500000e+01;-8.6919911e-02;9.7500000e+01;-7.0158780e-02;9.7500000e+01;-3.1773314e-02;9.7500000e+01;2.3264367e-02;9.7500000e+01;8.5712902e-02;9.7500000e+01;1.3982217e-01;9.7500000e+01;2.0467150e-01;9.7500000e+01;2.3290090e-01;9.7500000e+01;2.1873602e-01;9.7500000e+01;2.0818494e-01;9.7500000e+01;1.4286081e-01;9.7500000e+01;7.8586258e-02;9.7500000e+01;2.3808405e-02;9.7500000e+01;-2.3919851e-02;9.7500000e+01;-6.8140566e-02;9.7500000e+01;-1.1166080e-01;9.7500000e+01;-1.5463006e-01;9.7500000e+01;-1.9720453e-01;9.7500000e+01;-8.6919911e-02;9.7500000e+01;-7.0158780e-02;9.7500000e+01;-3.1773314e-02;9.7500000e+01;2.3264367e-02;9.7500000e+01;8.5712902e-02;9.7500000e+01;1.3982217e-01;9.7500000e+01;2.0467150e-01;9.7500000e+01;2.3290090e-01;9.7500000e+01;2.1873602e-01;9.7500000e+01;2.0818494e-01;9.7500000e+01;1.4286081e-01;9.7500000e+01;7.8586258e-02;9.7500000e+01;2.3808405e-02;9.7500000e+01;-2.3919851e-02;9.7500000e+01;-6.8140566e-02;9.7500000e+01;-1.1166080e-01;9.7500000e+01;-1.5463006e-01;9.7500000e+01;-1.9720453e-01;9.7500000e+01;-8.6919911e-02;9.7500000e+01;-7.0158780e-02;9.7500000e+01;-3.1773314e-02;9.7500000e+01;2.3264367e-02;9.7500000e+01;8.5712902e-02;9.7500000e+01;1.3982217e-01;9.7500000e+01;2.0467150e-01;9.7500000e+01;2.3290090e-01;9.7500000e+01;2.1873602e-01;9.7500000e+01;2.0818494e-01;9.7500000e+01;1.4286081e-01;9.7500000e+01;7.8586258e-02;9.7500000e+01;2.3808405e-02;9.7500000e+01;-2.3919851e-02;9.7500000e+01;-6.8140566e-02;9.7500000e+01;-1.1166080e-01;9.7500000e+01;-1.5463006e-01;9.7500000e+01;-1.9720453e-01;9.7500000e+01;-8.6919911e-02;9.7500000e+01;-7.0158780e-02;9.7500000e+01;-3.1773314e-02;9.7500000e+01;2.3264367e-02;9.7500000e+01;8.5712902e-02;9.7500000e+01;1.3982217e-01;9.7500000e+01;2.0467150e-01;9.7500000e+01;2.3290090e-01;9.7500000e+01;2.1873602e-01;9.7500000e+01;2.0818494e-01;9.7500000e+01;1.4286081e-01;9.7500000e+01;7.8586258e-02;9.7500000e+01;2.3808405e-02;9.7500000e+01;-2.3919851e-02;9.7500000e+01;-6.8140566e-02;9.7500000e+01;-1.1166080e-01;9.7500000e+01;-1.5463006e-01;9.7500000e+01;-1.9720453e-01;9.7500000e+01;-8.6919911e-02;9.7500000e+01;-7.0158780e-02;9.7500000e+01;-3.1773314e-02;9.7500000e+01;2.3264367e-02;9.7500000e+01;8.5712902e-02;9.7500000e+01;1.3982217e-01;9.7500000e+01;2.0467150e-01;9.7500000e+01;2.3290090e-01;9.7500000e+01;2.1873602e-01;9.7500000e+01;2.0818494e-01;9.7500000e+01;1.4286081e-01;9.7500000e+01;7.8586258e-02;9.7500000e+01;2.3808405e-02;9.7500000e+01;-2.3919851e-02;9.7500000e+01;-6.8140566e-02;9.7500000e+01;-1.1166080e-01;9.7500000e+01;-1.5463006e-01;9.7500000e+01;-1.9720453e-01;9.7500000e+01;-8.6919911e-02;9.7500000e+01;-7.0158780e-02;9.7500000e+01;-3.1773314e-02;9.7500000e+01;2.3264367e-02;9.7500000e+01;8.5712902e-02;9.7500000e+01;1.3982217e-01;9.7500000e+01;2.0467150e-01;9.7500000e+01;2.3290090e-01;9.7500000e+01;2.1873602e-01;9.7500000e+01;2.0818494e-01;9.7500000e+01;1.4286081e-01;9.7500000e+01;7.8586258e-02;9.7500000e+01;2.3808405e-02;9.7500000e+01;-2.3919851e-02;9.7500000e+01;-6.8140566e-02;9.7500000e+01;-1.1166080e-01;9.7500000e+01;-1.5463006e-01;9.7500000e+01;-1.9720453e-01;9.7500000e+01;-8.6919911e-02;9.7500000e+01;-7.0158780e-02;9.7500000e+01;-3.1773314e-02;9.7500000e+01;2.3264367e-02;9.7500000e+01;8.5712902e-02;9.7500000e+01;1.3982217e-01;9.7500000e+01;2.0467150e-01;9.7500000e+01;2.3290090e-01;9.7500000e+01;2.1873602e-01;9.7500000e+01;2.0818494e-01;9.7500000e+01;1.4286081e-01;9.7500000e+01;7.8586258e-02;9.7500000e+01;2.3808405e-02;9.7500000e+01;-2.3919851e-02;9.7500000e+01;-6.8140566e-02;9.7500000e+01;-1.1166080e-01;9.7500000e+01;-1.5463006e-01;9.7500000e+01;-1.9720453e-01;9.7500000e+01;-8.6919911e-02;9.7500000e+01;-7.0158780e-02;9.7500000e+01;-3.1773314e-02;9.7500000e+01;2.3264367e-02;9.7500000e+01;8.5712902e-02;9.7500000e+01;1.3982217e-01;9.7500000e+01;2.0467150e-01;9.7500000e+01;2.3290090e-01;9.7500000e+01;2.1873602e-01;9.7500000e+01;2.0818494e-01;9.7500000e+01;1.4286081e-01;9.7500000e+01;7.8586258e-02;9.7500000e+01;2.3808405e-02;9.7500000e+01;-2.3919851e-02;9.7500000e+01;-6.8140566e-02;9.7500000e+01;-1.1166080e-01;9.7500000e+01;-1.5463006e-01;9.7500000e+01;-1.9720453e-01;9.7500000e+01;-8.6919911e-02;9.7500000e+01;-7.0158780e-02;9.7500000e+01;-3.1773314e-02;9.7500000e+01;2.3264367e-02;9.7500000e+01;8.5712902e-02;9.7500000e+01;1.3982217e-01;9.7500000e+01;2.0467150e-01;9.7500000e+01;2.3290090e-01;9.7500000e+01;2.1873602e-01;9.7500000e+01;2.0818494e-01;9.7500000e+01;1.4286081e-01;9.7500000e+01;7.8586258e-02;9.7500000e+01;2.3808405e-02;9.7500000e+01;-2.3919851e-02;9.7500000e+01;-6.8140566e-02;9.7500000e+01;-1.1166080e-01;9.7500000e+01;-1.5463006e-01;9.7500000e+01;-1.9720453e-01;9.7500000e+01;-8.6919911e-02;9.7500000e+01;-7.0158780e-02;9.7500000e+01;-3.1773314e-02;9.7500000e+01;2.3264367e-02;9.7500000e+01;8.5712902e-02;9.7500000e+01;1.3982217e-01;9.7500000e+01;2.0467150e-01;9.7500000e+01;2.3290090e-01;9.7500000e+01;2.1873602e-01;9.7500000e+01;2.0818494e-01;9.7500000e+01;1.4286081e-01;9.7500000e+01;7.8586258e-02;9.7500000e+01;2.3808405e-02;9.7500000e+01;-2.3919851e-02;9.7500000e+01;-6.8140566e-02;9.7500000e+01;-1.1166080e-01;9.7500000e+01;-1.5463006e-01;9.7500000e+01;-1.9720453e-01;9.7500000e+01;-8.6919911e-02;9.7500000e+01;-7.0158780e-02;9.7500000e+01;-3.1773314e-02;9.7500000e+01;2.3264367e-02;9.7500000e+01;8.5712902e-02;9.7500000e+01;1.3982217e-01;9.7500000e+01;2.0467150e-01;9.7500000e+01;2.3290090e-01;9.7500000e+01;2.1873602e-01;9.7500000e+01;2.0818494e-01;9.7500000e+01;1.4286081e-01;9.7500000e+01;7.8586258e-02;9.7500000e+01;2.3808405e-02;9.7500000e+01;-2.3919851e-02;9.7500000e+01;-6.8140566e-02;9.7500000e+01;-1.1166080e-01;9.7500000e+01;-1.5463006e-01;9.7500000e+01;-1.9720453e-01;9.7500000e+01;-8.6919911e-02;9.7500000e+01;-7.0158780e-02;9.7500000e+01;-3.1773314e-02;9.7500000e+01;2.3264367e-02;9.7500000e+01;8.5712902e-02;9.7500000e+01;1.3982217e-01;9.7500000e+01;2.0467150e-01;9.7500000e+01;2.3290090e-01;9.7500000e+01;2.1873602e-01;9.7500000e+01;2.0818494e-01;9.7500000e+01;1.4286081e-01;9.7500000e+01;7.8586258e-02;9.7500000e+01;2.3808405e-02;9.7500000e+01;-2.3919851e-02;9.7500000e+01;-6.8140566e-02;9.7500000e+01;-1.1166080e-01;9.7500000e+01;-1.5463006e-01;9.7500000e+01;-1.9720453e-01;9.7500000e+01;-8.6919911e-02;9.7500000e+01;-7.0158780e-02;9.7500000e+01;-3.1773314e-02;9.7500000e+01;2.3264367e-02;9.7500000e+01;8.5712902e-02;9.7500000e+01;1.3982217e-01;9.7500000e+01;2.0467150e-01;9.7500000e+01;2.3290090e-01;9.7500000e+01;2.1873602e-01;9.7500000e+01;2.0818494e-01;9.7500000e+01;1.4286081e-01;9.7500000e+01;7.8586258e-02;9.7500000e+01;2.3808405e-02;9.7500000e+01;-2.3919851e-02;9.7500000e+01;-6.8140566e-02;9.7500000e+01;-1.1166080e-01;9.7500000e+01;-1.5463006e-01;9.7500000e+01;-1.9720453e-01;9.7500000e+01;-8.6919911e-02;9.7500000e+01;-7.0158780e-02;9.7500000e+01;-3.1773314e-02;9.7500000e+01;2.3264367e-02;9.7500000e+01;8.5712902e-02;9.7500000e+01;1.3982217e-01;9.7500000e+01;2.0467150e-01;9.7500000e+01;2.3290090e-01;9.7500000e+01;2.1873602e-01;9.7500000e+01;2.0818494e-01;9.7500000e+01;1.4286081e-01;9.7500000e+01;7.8586258e-02;9.7500000e+01;2.3808405e-02;9.7500000e+01;-2.3919851e-02;9.7500000e+01;-6.8140566e-02;9.7500000e+01;-1.1166080e-01;9.7500000e+01;-1.5463006e-01;9.7500000e+01;-1.9720453e-01;9.7500000e+01;-8.6919911e-02;9.7500000e+01;-7.0158780e-02;9.7500000e+01;-3.1773314e-02;9.7500000e+01;2.3264367e-02;9.7500000e+01;8.5712902e-02;9.7500000e+01;1.3982217e-01;9.7500000e+01;2.0467150e-01;9.7500000e+01;2.3290090e-01;9.7500000e+01;2.1873602e-01;9.7500000e+01;2.0818494e-01;9.7500000e+01;1.4286081e-01;9.7500000e+01;7.8586258e-02;9.7500000e+01;2.3808405e-02;9.7500000e+01;-2.3919851e-02;9.7500000e+01;-6.8140566e-02;9.7500000e+01;-1.1166080e-01;9.7500000e+01;-1.5463006e-01;9.7500000e+01;-1.9720453e-01;9.7500000e+01;-8.6919911e-02;9.7500000e+01;-7.0158780e-02;9.7500000e+01;-3.1773314e-02;9.7500000e+01;2.3264367e-02;9.7500000e+01;8.5712902e-02;9.7500000e+01;1.3982217e-01;9.7500000e+01;2.0467150e-01;9.7500000e+01;2.3290090e-01;9.7500000e+01;2.1873602e-01;9.7500000e+01;2.0818494e-01;9.7500000e+01;1.4286081e-01;9.7500000e+01;7.8586258e-02;9.7500000e+01;2.3808405e-02;9.7500000e+01;-2.3919851e-02;9.7500000e+01;-6.8140566e-02;9.7500000e+01;-1.1166080e-01;9.7500000e+01;-1.5463006e-01;9.7500000e+01;-1.9720453e-01;9.7500000e+01;-8.6919911e-02;9.7500000e+01;-7.0158780e-02;9.7500000e+01;-3.1773314e-02;9.7500000e+01;2.3264367e-02;9.7500000e+01;8.5712902e-02;9.7500000e+01;1.3982217e-01;9.7500000e+01;2.0467150e-01;9.7500000e+01;2.3290090e-01;9.7500000e+01;2.1873602e-01;9.7500000e+01;2.0818494e-01;9.7500000e+01;1.4286081e-01;9.7500000e+01;7.8586258e-02;9.7500000e+01;2.3808405e-02;9.7500000e+01;-2.3919851e-02;9.7500000e+01;-6.8140566e-02;9.7500000e+01;-1.1166080e-01;9.7500000e+01;-1.5463006e-01;9.7500000e+01;-1.9720453e-01;9.7500000e+01;-8.6919911e-02;9.7500000e+01;-7.0158780e-02;9.7500000e+01;-3.1773314e-02;9.7500000e+01;2.3264367e-02;9.7500000e+01;8.5712902e-02;9.7500000e+01;1.3982217e-01;9.7500000e+01;2.0467150e-01;9.7500000e+01;2.3290090e-01;9.7500000e+01;2.1873602e-01;9.7500000e+01;2.0818494e-01;9.7500000e+01;1.4286081e-01;9.7500000e+01;7.8586258e-02;9.7500000e+01;2.3808405e-02;9.7500000e+01;-2.3919851e-02;9.7500000e+01;-6.8140566e-02;9.7500000e+01;-1.1166080e-01;9.7500000e+01;-1.5463006e-01;9.7500000e+01;-1.9720453e-01;9.7500000e+01;-8.6919911e-02;9.7500000e+01;-7.0158780e-02;9.7500000e+01;-3.1773314e-02;9.7500000e+01;2.3264367e-02;9.7500000e+01;8.5712902e-02;9.7500000e+01;1.3982217e-01;9.7500000e+01;2.0467150e-01;9.7500000e+01;2.3290090e-01;9.7500000e+01;2.1873602e-01;9.7500000e+01;2.0818494e-01;9.7500000e+01;1.4286081e-01;9.7500000e+01;7.8586258e-02;9.7500000e+01;2.3808405e-02;9.7500000e+01;-2.3919851e-02;9.7500000e+01;-6.8140566e-02;9.7500000e+01;-1.1166080e-01;9.7500000e+01;-1.5463006e-01;9.7500000e+01;-1.9720453e-01;9.7500000e+01;-8.6919911e-02;9.7500000e+01;-7.0158780e-02;9.7500000e+01;-3.1773314e-02;9.7500000e+01;2.3264367e-02;9.7500000e+01;8.5712902e-02;9.7500000e+01;1.3982217e-01;9.7500000e+01;2.0467150e-01;9.7500000e+01;2.3290090e-01;9.7500000e+01;2.1873602e-01;9.7500000e+01;2.0818494e-01;9.7500000e+01;1.4286081e-01;9.7500000e+01;7.8586258e-02;9.7500000e+01;2.3808405e-02;9.7500000e+01;-2.3919851e-02;9.7500000e+01;-6.8140566e-02;9.7500000e+01;-1.1166080e-01;9.7500000e+01;-1.5463006e-01;9.7500000e+01;-1.9720453e-01;9.7500000e+01;-8.6919911e-02;9.7500000e+01;-7.0158780e-02;9.7500000e+01;-3.1773314e-02;9.7500000e+01;2.3264367e-02;9.7500000e+01;8.5712902e-02;9.7500000e+01;1.3982217e-01;9.7500000e+01;2.0467150e-01;9.7500000e+01;2.3290090e-01;9.7500000e+01;2.1873602e-01;9.7500000e+01;2.0818494e-01;9.7500000e+01;1.4286081e-01;9.7500000e+01;7.8586258e-02;9.7500000e+01;2.3808405e-02;9.7500000e+01;-2.3919851e-02;9.7500000e+01;-6.8140566e-02;9.7500000e+01;-1.1166080e-01;9.7500000e+01;-1.5463006e-01;9.7500000e+01;-1.9720453e-01;9.7500000e+01;-8.6919911e-02;9.7500000e+01;-7.0158780e-02;9.7500000e+01;-3.1773314e-02;9.7500000e+01;2.3264367e-02;9.7500000e+01;8.5712902e-02;9.7500000e+01;1.3982217e-01;9.7500000e+01;2.0467150e-01;9.7500000e+01;2.3290090e-01;9.7500000e+01;2.1873602e-01;9.7500000e+01;2.0818494e-01;9.7500000e+01;1.4286081e-01;9.7500000e+01;7.8586258e-02;9.7500000e+01;2.3808405e-02;9.7500000e+01;-2.3919851e-02;9.7500000e+01;-6.8140566e-02;9.7500000e+01;-1.1166080e-01;9.7500000e+01;-1.5463006e-01;9.7500000e+01;-1.9720453e-01;9.7500000e+01;-8.6919911e-02;9.7500000e+01;-7.0158780e-02;9.7500000e+01;-3.1773314e-02;9.7500000e+01;2.3264367e-02;9.7500000e+01;8.5712902e-02;9.7500000e+01;1.3982217e-01;9.7500000e+01;2.0467150e-01;9.7500000e+01;2.3290090e-01;9.7500000e+01;2.1873602e-01;9.7500000e+01;2.0818494e-01;9.7500000e+01;1.4286081e-01;9.7500000e+01;7.8586258e-02;9.7500000e+01;2.3808405e-02;9.7500000e+01;-2.3919851e-02;9.7500000e+01;-6.8140566e-02;9.7500000e+01;-1.1166080e-01;9.7500000e+01;-1.5463006e-01;9.7500000e+01;-1.9720453e-01;9.7500000e+01;-8.6919911e-02;9.7500000e+01;-7.0158780e-02;9.7500000e+01;-3.1773314e-02;9.7500000e+01;2.3264367e-02;9.7500000e+01;8.5712902e-02;9.7500000e+01;1.3982217e-01;9.7500000e+01;2.0467150e-01;9.7500000e+01;2.3290090e-01;9.7500000e+01;2.1873602e-01;9.7500000e+01;2.0818494e-01;9.7500000e+01;1.4286081e-01;9.7500000e+01;7.8586258e-02;9.7500000e+01;2.3808405e-02;9.7500000e+01;-2.3919851e-02;9.7500000e+01;-6.8140566e-02;9.7500000e+01;-1.1166080e-01;9.7500000e+01;-1.5463006e-01;9.7500000e+01;-1.9720453e-01;9.7500000e+01;-8.6919911e-02;9.7500000e+01;-7.0158780e-02;9.7500000e+01;-3.1773314e-02;9.7500000e+01;2.3264367e-02;9.7500000e+01;8.5712902e-02;9.7500000e+01;1.3982217e-01;9.7500000e+01;2.0467150e-01;9.7500000e+01;2.3290090e-01;9.7500000e+01;2.1873602e-01;9.7500000e+01;2.0818494e-01;9.7500000e+01;1.4286081e-01;9.7500000e+01;7.8586258e-02;9.7500000e+01;2.3808405e-02;9.7500000e+01;-2.3919851e-02;9.7500000e+01;-6.8140566e-02;9.7500000e+01;-1.1166080e-01;9.7500000e+01;-1.5463006e-01;9.7500000e+01;-1.9720453e-01;9.7500000e+01;-8.6919911e-02;9.7500000e+01;-7.0158780e-02;9.7500000e+01;-3.1773314e-02;9.7500000e+01;2.3264367e-02;9.7500000e+01;8.5712902e-02;9.7500000e+01;1.3982217e-01;9.7500000e+01;2.0467150e-01;9.7500000e+01;2.3290090e-01;9.7500000e+01;2.1873602e-01;9.7500000e+01;2.0818494e-01;9.7500000e+01;1.4286081e-01;9.7500000e+01;7.8586258e-02;9.7500000e+01;2.3808405e-02;9.7500000e+01;-2.3919851e-02;9.7500000e+01;-6.8140566e-02;9.7500000e+01;-1.1166080e-01;9.7500000e+01;-1.5463006e-01;9.7500000e+01;-1.9720453e-01;9.7500000e+01;-8.6919911e-02;9.7500000e+01;-7.0158780e-02;9.7500000e+01;-3.1773314e-02;9.7500000e+01;2.3264367e-02;9.7500000e+01;8.5712902e-02;9.7500000e+01;1.3982217e-01;9.7500000e+01;2.0467150e-01;9.7500000e+01;2.3290090e-01;9.7500000e+01;2.1873602e-01;9.7500000e+01;2.0818494e-01;9.7500000e+01;1.4286081e-01;9.7500000e+01;7.8586258e-02;9.7500000e+01;2.3808405e-02;9.7500000e+01;-2.3919851e-02;9.7500000e+01;-6.8140566e-02;9.7500000e+01;-1.1166080e-01;9.7500000e+01;-1.5463006e-01;9.7500000e+01;-1.9720453e-01;9.7500000e+01;-8.6919911e-02;9.7500000e+01;-7.0158780e-02;9.7500000e+01;-3.1773314e-02;9.7500000e+01;2.3264367e-02;9.7500000e+01;8.5712902e-02;9.7500000e+01;1.3982217e-01;9.7500000e+01;2.0467150e-01;9.7500000e+01;2.3290090e-01;9.7500000e+01;2.1873602e-01;9.7500000e+01;2.0818494e-01;9.7500000e+01;1.4286081e-01;9.7500000e+01;7.8586258e-02;9.7500000e+01;2.3808405e-02;9.7500000e+01;-2.3919851e-02;9.7500000e+01;-6.8140566e-02;9.7500000e+01;-1.1166080e-01;9.7500000e+01;-1.5463006e-01;9.7500000e+01;-1.9720453e-01;9.7500000e+01;-8.6919911e-02;9.7500000e+01;-7.0158780e-02;9.7500000e+01;-3.1773314e-02;9.7500000e+01;2.3264367e-02;9.7500000e+01;8.5712902e-02;9.7500000e+01;1.3982217e-01;9.7500000e+01;2.0467150e-01;9.7500000e+01;2.3290090e-01;9.7500000e+01;2.1873602e-01;9.7500000e+01;2.0818494e-01;9.7500000e+01;1.4286081e-01;9.7500000e+01;7.8586258e-02;9.7500000e+01;2.3808405e-02;9.7500000e+01;-2.3919851e-02;9.7500000e+01;-6.8140566e-02;9.7500000e+01;-1.1166080e-01;9.7500000e+01;-1.5463006e-01;9.7500000e+01;-1.9720453e-01;9.7500000e+01;-8.6919911e-02;9.7500000e+01;-7.0158780e-02;9.7500000e+01;-3.1773314e-02;9.7500000e+01;2.3264367e-02;9.7500000e+01;8.5712902e-02;9.7500000e+01;1.3982217e-01;9.7500000e+01;2.0467150e-01;9.7500000e+01;2.3290090e-01;9.7500000e+01;2.1873602e-01;9.7500000e+01;2.0818494e-01;9.7500000e+01;1.4286081e-01;9.7500000e+01;7.8586258e-02;9.7500000e+01;2.3808405e-02;9.7500000e+01;-2.3919851e-02;9.7500000e+01;-6.8140566e-02;9.7500000e+01;-1.1166080e-01;9.7500000e+01;-1.5463006e-01;9.7500000e+01;-1.9720453e-01;9.7500000e+01;-8.6919911e-02;9.7500000e+01;-7.0158780e-02;9.7500000e+01;-3.1773314e-02;9.7500000e+01;2.3264367e-02;9.7500000e+01;8.5712902e-02;9.7500000e+01;1.3982217e-01;9.7500000e+01;2.0467150e-01;9.7500000e+01;2.3290090e-01;9.7500000e+01;2.1873602e-01;9.7500000e+01;2.0818494e-01;9.7500000e+01;1.4286081e-01;9.7500000e+01;7.8586258e-02;9.7500000e+01;2.3808405e-02;9.7500000e+01;-2.3919851e-02;9.7500000e+01;-6.8140566e-02;9.7500000e+01;-1.1166080e-01;9.7500000e+01;-1.5463006e-01;9.7500000e+01;-1.9720453e-01;9.7500000e+01;-8.6919911e-02;9.7500000e+01;-7.0158780e-02;9.7500000e+01;-3.1773314e-02;9.7500000e+01;2.3264367e-02;9.7500000e+01;8.5712902e-02;9.7500000e+01;1.3982217e-01;9.7500000e+01;2.0467150e-01;9.7500000e+01;2.3290090e-01;9.7500000e+01;2.1873602e-01;9.7500000e+01;2.0818494e-01;9.7500000e+01;1.4286081e-01;9.7500000e+01;7.8586258e-02;9.7500000e+01;2.3808405e-02;9.7500000e+01;-2.3919851e-02;9.7500000e+01;-6.8140566e-02;9.7500000e+01;-1.1166080e-01;9.7500000e+01;-1.5463006e-01;9.7500000e+01;-1.9720453e-01;9.7500000e+01;-8.6919911e-02;9.7500000e+01;-7.0158780e-02;9.7500000e+01;-3.1773314e-02;9.7500000e+01;2.3264367e-02;9.7500000e+01;8.5712902e-02;9.7500000e+01;1.3982217e-01;9.7500000e+01;2.0467150e-01;9.7500000e+01;2.3290090e-01;9.7500000e+01;2.1873602e-01;9.7500000e+01;2.0818494e-01;9.7500000e+01;1.4286081e-01;9.7500000e+01;7.8586258e-02;9.7500000e+01;2.3808405e-02;9.7500000e+01;-2.3919851e-02;9.7500000e+01;-6.8140566e-02;9.7500000e+01;-1.1166080e-01;9.7500000e+01;-1.5463006e-01;9.7500000e+01;-1.9720453e-01;9.7500000e+01;-8.6919911e-02;9.7500000e+01;-7.0158780e-02;9.7500000e+01;-3.1773314e-02;9.7500000e+01;2.3264367e-02;9.7500000e+01;8.5712902e-02;9.7500000e+01;1.3982217e-01;9.7500000e+01;2.0467150e-01;9.7500000e+01;2.3290090e-01;9.7500000e+01;2.1873602e-01;9.7500000e+01;2.0818494e-01;9.7500000e+01;1.4286081e-01;9.7500000e+01;7.8586258e-02;9.7500000e+01;2.3808405e-02;9.7500000e+01;-2.3919851e-02;9.7500000e+01;-6.8140566e-02;9.7500000e+01;-1.1166080e-01;9.7500000e+01;-1.5463006e-01;9.7500000e+01;-1.9720453e-01;9.7500000e+01;-8.6919911e-02;9.7500000e+01;-7.0158780e-02;9.7500000e+01;-3.1773314e-02;9.7500000e+01;2.3264367e-02;9.7500000e+01;8.5712902e-02;9.7500000e+01;1.3982217e-01;9.7500000e+01;2.0467150e-01;9.7500000e+01;2.3290090e-01;9.7500000e+01;2.1873602e-01;9.7500000e+01;2.0818494e-01;9.7500000e+01;1.4286081e-01;9.7500000e+01;7.8586258e-02;9.7500000e+01;2.3808405e-02;9.7500000e+01;-2.3919851e-02;9.7500000e+01;-6.8140566e-02;9.7500000e+01;-1.1166080e-01;9.7500000e+01;-1.5463006e-01;9.7500000e+01;-1.9720453e-01;9.7500000e+01;-8.6919911e-02;9.7500000e+01;-7.0158780e-02;9.7500000e+01;-3.1773314e-02;9.7500000e+01;2.3264367e-02;9.7500000e+01;8.5712902e-02;9.7500000e+01;1.3982217e-01;9.7500000e+01;2.0467150e-01;9.7500000e+01;2.3290090e-01;9.7500000e+01;2.1873602e-01;9.7500000e+01;2.0818494e-01;9.7500000e+01;1.4286081e-01;9.7500000e+01;7.8586258e-02;9.7500000e+01;2.3808405e-02;9.7500000e+01;-2.3919851e-02;9.7500000e+01;-6.8140566e-02;9.7500000e+01;-1.1166080e-01;9.7500000e+01;-1.5463006e-01;9.7500000e+01;-1.9720453e-01;9.7500000e+01;-8.6919911e-02;9.7500000e+01;-7.0158780e-02;9.7500000e+01;-3.1773314e-02;9.7500000e+01;2.3264367e-02;9.7500000e+01;8.5712902e-02;9.7500000e+01;1.3982217e-01;9.7500000e+01;2.0467150e-01;9.7500000e+01;2.3290090e-01;9.7500000e+01;2.1873602e-01;9.7500000e+01;2.0818494e-01;9.7500000e+01;1.4286081e-01;9.7500000e+01;7.8586258e-02;9.7500000e+01;2.3808405e-02;9.7500000e+01;-2.3919851e-02;9.7500000e+01;-6.8140566e-02;9.7500000e+01;-1.1166080e-01;9.7500000e+01;-1.5463006e-01;9.7500000e+01;-1.9720453e-01;9.7500000e+01;-8.6919911e-02;9.7500000e+01;-7.0158780e-02;9.7500000e+01;-3.1773314e-02;9.7500000e+01;2.3264367e-02;9.7500000e+01;8.5712902e-02;9.7500000e+01;1.3982217e-01;9.7500000e+01;2.0467150e-01;9.7500000e+01;2.3290090e-01;9.7500000e+01;2.1873602e-01;9.7500000e+01;2.0818494e-01;9.7500000e+01;1.4286081e-01;9.7500000e+01;7.8586258e-02;9.7500000e+01;2.3808405e-02;9.7500000e+01;-2.3919851e-02;9.7500000e+01;-6.8140566e-02;9.7500000e+01;-1.1166080e-01;9.7500000e+01;-1.5463006e-01;9.7500000e+01;-1.9720453e-01;9.7500000e+01;-8.6919911e-02;9.7500000e+01;-7.0158780e-02;9.7500000e+01;-3.1773314e-02;9.7500000e+01;2.3264367e-02;9.7500000e+01;8.5712902e-02;9.7500000e+01;1.3982217e-01;9.7500000e+01;2.0467150e-01;9.7500000e+01;2.3290090e-01;9.7500000e+01;2.1873602e-01;9.7500000e+01;2.0818494e-01;9.7500000e+01;1.4286081e-01;9.7500000e+01;7.8586258e-02;9.7500000e+01;2.3808405e-02;9.7500000e+01;-2.3919851e-02;9.7500000e+01;-6.8140566e-02;9.7500000e+01;-1.1166080e-01;9.7500000e+01;-1.5463006e-01;9.7500000e+01;-1.9720453e-01;9.7500000e+01;-8.6919911e-02;9.7500000e+01;-7.0158780e-02;9.7500000e+01;-3.1773314e-02;9.7500000e+01;2.3264367e-02;9.7500000e+01;8.5712902e-02;9.7500000e+01;1.3982217e-01;9.7500000e+01;2.0467150e-01;9.7500000e+01;2.3290090e-01;9.7500000e+01;2.1873602e-01;9.7500000e+01;2.0818494e-01;9.7500000e+01;1.4286081e-01;9.7500000e+01;7.8586258e-02;9.7500000e+01;2.3808405e-02;9.7500000e+01;-2.3919851e-02;9.7500000e+01;-6.8140566e-02;9.7500000e+01;-1.1166080e-01;9.7500000e+01;-1.5463006e-01;9.7500000e+01;-1.9720453e-01;9.7500000e+01;-8.6919911e-02;9.7500000e+01;-7.0158780e-02;9.7500000e+01;-3.1773314e-02;9.7500000e+01;2.3264367e-02;9.7500000e+01;8.5712902e-02;9.7500000e+01;1.3982217e-01;9.7500000e+01;2.0467150e-01;9.7500000e+01;2.3290090e-01;9.7500000e+01;2.1873602e-01;9.7500000e+01;2.0818494e-01;9.7500000e+01;1.4286081e-01;9.7500000e+01;7.8586258e-02;9.7500000e+01;2.3808405e-02;9.7500000e+01;-2.3919851e-02;9.7500000e+01;-6.8140566e-02;9.7500000e+01;-1.1166080e-01;9.7500000e+01;-1.5463006e-01;9.7500000e+01;-1.9720453e-01;9.7500000e+01;-8.6919911e-02;9.7500000e+01;-7.0158780e-02;9.7500000e+01;-3.1773314e-02;9.7500000e+01;2.3264367e-02;9.7500000e+01;8.5712902e-02;9.7500000e+01;1.3982217e-01;9.7500000e+01;2.0467150e-01;9.7500000e+01;2.3290090e-01;9.7500000e+01;2.1873602e-01;9.7500000e+01;2.0818494e-01;9.7500000e+01;1.4286081e-01;9.7500000e+01;7.8586258e-02;9.7500000e+01;2.3808405e-02;9.7500000e+01;-2.3919851e-02;9.7500000e+01;-6.8140566e-02;9.7500000e+01;-1.1166080e-01;9.7500000e+01;-1.5463006e-01;9.7500000e+01;-1.9720453e-01;9.7500000e+01;-8.6919911e-02;9.7500000e+01;-7.0158780e-02;9.7500000e+01;-3.1773314e-02;9.7500000e+01;2.3264367e-02;9.7500000e+01;8.5712902e-02;9.7500000e+01;1.3982217e-01;9.7500000e+01;2.0467150e-01;9.7500000e+01;2.3290090e-01;9.7500000e+01;2.1873602e-01;9.7500000e+01;2.0818494e-01;9.7500000e+01;1.4286081e-01;9.7500000e+01;7.8586258e-02;9.7500000e+01;2.3808405e-02;9.7500000e+01;-2.3919851e-02;9.7500000e+01;-6.8140566e-02;9.7500000e+01;-1.1166080e-01;9.7500000e+01;-1.5463006e-01;9.7500000e+01;-1.9720453e-01;9.7500000e+01;-8.6919911e-02;9.7500000e+01;-7.0158780e-02;9.7500000e+01;-3.1773314e-02;9.7500000e+01;2.3264367e-02;9.7500000e+01;8.5712902e-02;9.7500000e+01;1.3982217e-01;9.7500000e+01;2.0467150e-01;9.7500000e+01;2.3290090e-01;9.7500000e+01;2.1873602e-01;9.7500000e+01;2.0818494e-01;9.7500000e+01;1.4286081e-01;9.7500000e+01;7.8586258e-02;9.7500000e+01;2.3808405e-02;9.7500000e+01;-2.3919851e-02;9.7500000e+01;-6.8140566e-02;9.7500000e+01;-1.1166080e-01;9.7500000e+01;-1.5463006e-01;9.7500000e+01;-1.9720453e-01;9.7500000e+01;-8.6919911e-02;9.7500000e+01;-7.0158780e-02;9.7500000e+01;-3.1773314e-02;9.7500000e+01;2.3264367e-02;9.7500000e+01;8.5712902e-02;9.7500000e+01;1.3982217e-01;9.7500000e+01;2.0467150e-01;9.7500000e+01;2.3290090e-01;9.7500000e+01;2.1873602e-01;9.7500000e+01;2.0818494e-01;9.7500000e+01;1.4286081e-01;9.7500000e+01;7.8586258e-02;9.7500000e+01;2.3808405e-02;9.7500000e+01;-2.3919851e-02;9.7500000e+01;-6.8140566e-02;9.7500000e+01;-1.1166080e-01;9.7500000e+01;-1.5463006e-01;9.7500000e+01;-1.9720453e-01;9.7500000e+01;-8.6919911e-02;9.7500000e+01;-7.0158780e-02;9.7500000e+01;-3.1773314e-02;9.7500000e+01;2.3264367e-02;9.7500000e+01;8.5712902e-02;9.7500000e+01;1.3982217e-01;9.7500000e+01;2.0467150e-01;9.7500000e+01;2.3290090e-01;9.7500000e+01;2.1873602e-01;9.7500000e+01;2.0818494e-01;9.7500000e+01;1.4286081e-01;9.7500000e+01;7.8586258e-02;9.7500000e+01;2.3808405e-02;9.7500000e+01;-2.3919851e-02;9.7500000e+01;-6.8140566e-02;9.7500000e+01;-1.1166080e-01;9.7500000e+01;-1.5463006e-01;9.7500000e+01;-1.9720453e-01;9.7500000e+01;-8.6919911e-02;9.7500000e+01;-7.0158780e-02;9.7500000e+01;-3.1773314e-02;9.7500000e+01;2.3264367e-02;9.7500000e+01;8.5712902e-02;9.7500000e+01;1.3982217e-01;9.7500000e+01;2.0467150e-01;9.7500000e+01;2.3290090e-01;9.7500000e+01;2.1873602e-01;9.7500000e+01;2.0818494e-01;9.7500000e+01;1.4286081e-01;9.7500000e+01;7.8586258e-02;9.7500000e+01;2.3808405e-02;9.7500000e+01;-2.3919851e-02;9.7500000e+01;-6.8140566e-02;9.7500000e+01;-1.1166080e-01;9.7500000e+01;-1.5463006e-01;9.7500000e+01;-1.9720453e-01;9.7500000e+01;-8.6919911e-02;9.7500000e+01;-7.0158780e-02;9.7500000e+01;-3.1773314e-02;9.7500000e+01;2.3264367e-02;9.7500000e+01;8.5712902e-02;9.7500000e+01;1.3982217e-01;9.7500000e+01;2.0467150e-01;9.7500000e+01;2.3290090e-01;9.7500000e+01;2.1873602e-01;9.7500000e+01;2.0818494e-01;9.7500000e+01;1.4286081e-01;9.7500000e+01;7.8586258e-02;9.7500000e+01;2.3808405e-02;9.7500000e+01;-2.3919851e-02;9.7500000e+01;-6.8140566e-02;9.7500000e+01;-1.1166080e-01;9.7500000e+01;-1.5463006e-01;9.7500000e+01;-1.9720453e-01;9.7500000e+01;-8.6919911e-02;9.7500000e+01;-7.0158780e-02;9.7500000e+01;-3.1773314e-02;9.7500000e+01;2.3264367e-02;9.7500000e+01;8.5712902e-02;9.7500000e+01;1.3982217e-01;9.7500000e+01;2.0467150e-01;9.7500000e+01;2.3290090e-01;9.7500000e+01;2.1873602e-01;9.7500000e+01;2.0818494e-01;9.7500000e+01;1.4286081e-01;9.7500000e+01;7.8586258e-02;9.7500000e+01;2.3808405e-02;9.7500000e+01;-2.3919851e-02;9.7500000e+01;-6.8140566e-02;9.7500000e+01;-1.1166080e-01;9.7500000e+01;-1.5463006e-01;9.7500000e+01;-1.9720453e-01;9.7500000e+01;-8.6919911e-02;9.7500000e+01;-7.0158780e-02;9.7500000e+01;-3.1773314e-02;9.7500000e+01;2.3264367e-02;9.7500000e+01;8.5712902e-02;9.7500000e+01;1.3982217e-01;9.7500000e+01;2.0467150e-01;9.7500000e+01;2.3290090e-01;9.7500000e+01;2.1873602e-01;9.7500000e+01;2.0818494e-01;9.7500000e+01;1.4286081e-01;9.7500000e+01;7.8586258e-02;9.7500000e+01;2.3808405e-02;9.7500000e+01;-2.3919851e-02;9.7500000e+01;-6.8140566e-02;9.7500000e+01;-1.1166080e-01;9.7500000e+01;-1.5463006e-01;9.7500000e+01;-1.9720453e-01;9.7500000e+01;-8.6919911e-02;9.7500000e+01;-7.0158780e-02;9.7500000e+01;-3.1773314e-02;9.7500000e+01;2.3264367e-02;9.7500000e+01;8.5712902e-02;9.7500000e+01;1.3982217e-01;9.7500000e+01;2.0467150e-01;9.7500000e+01;2.3290090e-01;9.7500000e+01;2.1873602e-01;9.7500000e+01;2.0818494e-01;9.7500000e+01;1.4286081e-01;9.7500000e+01;7.8586258e-02;9.7500000e+01;2.3808405e-02;9.7500000e+01;-2.3919851e-02;9.7500000e+01;-6.8140566e-02;9.7500000e+01;-1.1166080e-01;9.7500000e+01;-1.5463006e-01;9.7500000e+01;-1.9720453e-01;9.7500000e+01;-8.6919911e-02;9.7500000e+01;-7.0158780e-02;9.7500000e+01;-3.1773314e-02;9.7500000e+01;2.3264367e-02;9.7500000e+01;8.5712902e-02;9.7500000e+01;1.3982217e-01;9.7500000e+01;2.0467150e-01;9.7500000e+01;2.3290090e-01;9.7500000e+01;2.1873602e-01;9.7500000e+01;2.0818494e-01;9.7500000e+01;1.4286081e-01;9.7500000e+01;7.8586258e-02;9.7500000e+01;2.3808405e-02;9.7500000e+01;-2.3919851e-02;9.7500000e+01;-6.8140566e-02;9.7500000e+01;-1.1166080e-01;9.7500000e+01;-1.5463006e-01;9.7500000e+01;-1.9720453e-01;9.7500000e+01;-8.6919911e-02;9.7500000e+01;-7.0158780e-02;9.7500000e+01;-3.1773314e-02;9.7500000e+01;2.3264367e-02;9.7500000e+01;8.5712902e-02;9.7500000e+01;1.3982217e-01;9.7500000e+01;2.0467150e-01;9.7500000e+01;2.3290090e-01;9.7500000e+01;2.1873602e-01;9.7500000e+01;2.0818494e-01;9.7500000e+01;1.4286081e-01;9.7500000e+01;7.8586258e-02;9.7500000e+01;2.3808405e-02;9.7500000e+01;-2.3919851e-02;9.7500000e+01;-6.8140566e-02;9.7500000e+01;-1.1166080e-01;9.7500000e+01;-1.5463006e-01;9.7500000e+01;-1.9720453e-01;9.7500000e+01;-8.6919911e-02;9.7500000e+01;-7.0158780e-02;9.7500000e+01;-3.1773314e-02;9.7500000e+01;2.3264367e-02;9.7500000e+01;8.5712902e-02;9.7500000e+01;1.3982217e-01;9.7500000e+01;2.0467150e-01;9.7500000e+01;2.3290090e-01;9.7500000e+01;2.1873602e-01;9.7500000e+01;2.0818494e-01;9.7500000e+01;1.4286081e-01;9.7500000e+01;7.8586258e-02;9.7500000e+01;2.3808405e-02;9.7500000e+01;-2.3919851e-02;9.7500000e+01;-6.8140566e-02;9.7500000e+01;-1.1166080e-01;9.7500000e+01;-1.5463006e-01;9.7500000e+01;-1.9720453e-01;9.7500000e+01;-8.6919911e-02;9.7500000e+01;-7.0158780e-02;9.7500000e+01;-3.1773314e-02;9.7500000e+01;2.3264367e-02;9.7500000e+01;8.5712902e-02;9.7500000e+01;1.3982217e-01;9.7500000e+01;2.0467150e-01;9.7500000e+01;2.3290090e-01;9.7500000e+01;2.1873602e-01;9.7500000e+01;2.0818494e-01;9.7500000e+01;1.4286081e-01;9.7500000e+01;7.8586258e-02;9.7500000e+01;2.3808405e-02;9.7500000e+01;-2.3919851e-02;9.7500000e+01;-6.8140566e-02;9.7500000e+01;-1.1166080e-01;9.7500000e+01;-1.5463006e-01;9.7500000e+01;-1.9720453e-01
1.0250000e+02;-8.8272884e-02;1.0250000e+02;-7.5009748e-02;1.0250000e+02;-4.1414291e-02;1.0250000e+02;1.3350852e-02;1.0250000e+02;6.9905907e-02;1.0250000e+02;1.2904471e-01;1.0250000e+02;1.9270867e-01;1.0250000e+02;2.2419961e-01;1.0250000e+02;2.0968620e-01;1.0250000e+02;2.0649365e-01;1.0250000e+02;1.4874402e-01;1.0250000e+02;8.5473955e-02;1.0250000e+02;3.0680403e-02;1.0250000e+02;-1.7026909e-02;1.0250000e+02;-6.1340265e-02;1.0250000e+02;-1.0487905e-01;1.0250000e+02;-1.4662945e-01;1.0250000e+02;-1.8941936e-01;1.0250000e+02;-8.8272884e-02;1.0250000e+02;-7.5009748e-02;1.0250000e+02;-4.1414291e-02;1.0250000e+02;1.3350852e-02;1.0250000e+02;6.9905907e-02;1.0250000e+02;1.2904471e-01;1.0250000e+02;1.9270867e-01;1.0250000e+02;2.2419961e-01;1.0250000e+02;2.0968620e-01;1.0250000e+02;2.0649365e-01;1.0250000e+02;1.4874402e-01;1.0250000e+02;8.5473955e-02;1.0250000e+02;3.0680403e-02;1.0250000e+02;-1.7026909e-02;1.0250000e+02;-6.1340265e-02;1.0250000e+02;-1.0487905e-01;1.0250000e+02;-1.4662945e-01;1.0250000e+02;-1.8941936e-01;1.0250000e+02;-8.8272884e-02;1.0250000e+02;-7.5009748e-02;1.0250000e+02;-4.1414291e-02;1.0250000e+02;1.3350852e-02;1.0250000e+02;6.9905907e-02;1.0250000e+02;1.2904471e-01;1.0250000e+02;1.9270867e-01;1.0250000e+02;2.2419961e-01;1.0250000e+02;2.0968620e-01;1.0250000e+02;2.0649365e-01;1.0250000e+02;1.4874402e-01;1.0250000e+02;8.5473955e-02;1.0250000e+02;3.0680403e-02;1.0250000e+02;-1.7026909e-02;1.0250000e+02;-6.1340265e-02;1.0250000e+02;-1.0487905e-01;1.0250000e+02;-1.4662945e-01;1.0250000e+02;-1.8941936e-01;1.0250000e+02;-8.8272884e-02;1.0250000e+02;-7.5009748e-02;1.0250000e+02;-4.1414291e-02;1.0250000e+02;1.3350852e-02;1.0250000e+02;6.9905907e-02;1.0250000e+02;1.2904471e-01;1.0250000e+02;1.9270867e-01;1.0250000e+02;2.2419961e-01;1.0250000e+02;2.0968620e-01;1.0250000e+02;2.0649365e-01;1.0250000e+02;1.4874402e-01;1.0250000e+02;8.5473955e-02;1.0250000e+02;3.0680403e-02;1.0250000e+02;-1.7026909e-02;1.0250000e+02;-6.1340265e-02;1.0250000e+02;-1.0487905e-01;1.0250000e+02;-1.4662945e-01;1.0250000e+02;-1.8941936e-01;1.0250000e+02;-8.8272884e-02;1.0250000e+02;-7.5009748e-02;1.0250000e+02;-4.1414291e-02;1.0250000e+02;1.3350852e-02;1.0250000e+02;6.9905907e-02;1.0250000e+02;1.2904471e-01;1.0250000e+02;1.9270867e-01;1.0250000e+02;2.2419961e-01;1.0250000e+02;2.0968620e-01;1.0250000e+02;2.0649365e-01;1.0250000e+02;1.4874402e-01;1.0250000e+02;8.5473955e-02;1.0250000e+02;3.0680403e-02;1.0250000e+02;-1.7026909e-02;1.0250000e+02;-6.1340265e-02;1.0250000e+02;-1.0487905e-01;1.0250000e+02;-1.4662945e-01;1.0250000e+02;-1.8941936e-01;1.0250000e+02;-8.8272884e-02;1.0250000e+02;-7.5009748e-02;1.0250000e+02;-4.1414291e-02;1.0250000e+02;1.3350852e-02;1.0250000e+02;6.9905907e-02;1.0250000e+02;1.2904471e-01;1.0250000e+02;1.9270867e-01;1.0250000e+02;2.2419961e-01;1.0250000e+02;2.0968620e-01;1.0250000e+02;2.0649365e-01;1.0250000e+02;1.4874402e-01;1.0250000e+02;8.5473955e-02;1.0250000e+02;3.0680403e-02;1.0250000e+02;-1.7026909e-02;1.0250000e+02;-6.1340265e-02;1.0250000e+02;-1.0487905e-01;1.0250000e+02;-1.4662945e-01;1.0250000e+02;-1.8941936e-01;1.0250000e+02;-8.8272884e-02;1.0250000e+02;-7.5009748e-02;1.0250000e+02;-4.1414291e-02;1.0250000e+02;1.3350852e-02;1.0250000e+02;6.9905907e-02;1.0250000e+02;1.2904471e-01;1.0250000e+02;1.9270867e-01;1.0250000e+02;2.2419961e-01;1.0250000e+02;2.0968620e-01;1.0250000e+02;2.0649365e-01;1.0250000e+02;1.4874402e-01;1.0250000e+02;8.5473955e-02;1.0250000e+02;3.0680403e-02;1.0250000e+02;-1.7026909e-02;1.0250000e+02;-6.1340265e-02;1.0250000e+02;-1.0487905e-01;1.0250000e+02;-1.4662945e-01;1.0250000e+02;-1.8941936e-01;1.0250000e+02;-8.8272884e-02;1.0250000e+02;-7.5009748e-02;1.0250000e+02;-4.1414291e-02;1.0250000e+02;1.3350852e-02;1.0250000e+02;6.9905907e-02;1.0250000e+02;1.2904471e-01;1.0250000e+02;1.9270867e-01;1.0250000e+02;2.2419961e-01;1.0250000e+02;2.0968620e-01;1.0250000e+02;2.0649365e-01;1.0250000e+02;1.4874402e-01;1.0250000e+02;8.5473955e-02;1.0250000e+02;3.0680403e-02;1.0250000e+02;-1.7026909e-02;1.0250000e+02;-6.1340265e-02;1.0250000e+02;-1.0487905e-01;1.0250000e+02;-1.4662945e-01;1.0250000e+02;-1.8941936e-01;1.0250000e+02;-8.8272884e-02;1.0250000e+02;-7.5009748e-02;1.0250000e+02;-4.1414291e-02;1.0250000e+02;1.3350852e-02;1.0250000e+02;6.9905907e-02;1.0250000e+02;1.2904471e-01;1.0250000e+02;1.9270867e-01;1.0250000e+02;2.2419961e-01;1.0250000e+02;2.0968620e-01;1.0250000e+02;2.0649365e-01;1.0250000e+02;1.4874402e-01;1.0250000e+02;8.5473955e-02;1.0250000e+02;3.0680403e-02;1.0250000e+02;-1.7026909e-02;1.0250000e+02;-6.1340265e-02;1.0250000e+02;-1.0487905e-01;1.0250000e+02;-1.4662945e-01;1.0250000e+02;-1.8941936e-01;1.0250000e+02;-8.8272884e-02;1.0250000e+02;-7.5009748e-02;1.0250000e+02;-4.1414291e-02;1.0250000e+02;1.3350852e-02;1.0250000e+02;6.9905907e-02;1.0250000e+02;1.2904471e-01;1.0250000e+02;1.9270867e-01;1.0250000e+02;2.2419961e-01;1.0250000e+02;2.0968620e-01;1.0250000e+02;2.0649365e-01;1.0250000e+02;1.4874402e-01;1.0250000e+02;8.5473955e-02;1.0250000e+02;3.0680403e-02;1.0250000e+02;-1.7026909e-02;1.0250000e+02;-6.1340265e-02;1.0250000e+02;-1.0487905e-01;1.0250000e+02;-1.4662945e-01;1.0250000e+02;-1.8941936e-01;1.0250000e+02;-8.8272884e-02;1.0250000e+02;-7.5009748e-02;1.0250000e+02;-4.1414291e-02;1.0250000e+02;1.3350852e-02;1.0250000e+02;6.9905907e-02;1.0250000e+02;1.2904471e-01;1.0250000e+02;1.9270867e-01;1.0250000e+02;2.2419961e-01;1.0250000e+02;2.0968620e-01;1.0250000e+02;2.0649365e-01;1.0250000e+02;1.4874402e-01;1.0250000e+02;8.5473955e-02;1.0250000e+02;3.0680403e-02;1.0250000e+02;-1.7026909e-02;1.0250000e+02;-6.1340265e-02;1.0250000e+02;-1.0487905e-01;1.0250000e+02;-1.4662945e-01;1.0250000e+02;-1.8941936e-01;1.0250000e+02;-8.8272884e-02;1.0250000e+02;-7.5009748e-02;1.0250000e+02;-4.1414291e-02;1.0250000e+02;1.3350852e-02;1.0250000e+02;6.9905907e-02;1.0250000e+02;1.2904471e-01;1.0250000e+02;1.9270867e-01;1.0250000e+02;2.2419961e-01;1.0250000e+02;2.0968620e-01;1.0250000e+02;2.0649365e-01;1.0250000e+02;1.4874402e-01;1.0250000e+02;8.5473955e-02;1.0250000e+02;3.0680403e-02;1.0250000e+02;-1.7026909e-02;1.0250000e+02;-6.1340265e-02;1.0250000e+02;-1.0487905e-01;1.0250000e+02;-1.4662945e-01;1.0250000e+02;-1.8941936e-01;1.0250000e+02;-8.8272884e-02;1.0250000e+02;-7.5009748e-02;1.0250000e+02;-4.1414291e-02;1.0250000e+02;1.3350852e-02;1.0250000e+02;6.9905907e-02;1.0250000e+02;1.2904471e-01;1.0250000e+02;1.9270867e-01;1.0250000e+02;2.2419961e-01;1.0250000e+02;2.0968620e-01;1.0250000e+02;2.0649365e-01;1.0250000e+02;1.4874402e-01;1.0250000e+02;8.5473955e-02;1.0250000e+02;3.0680403e-02;1.0250000e+02;-1.7026909e-02;1.0250000e+02;-6.1340265e-02;1.0250000e+02;-1.0487905e-01;1.0250000e+02;-1.4662945e-01;1.0250000e+02;-1.8941936e-01;1.0250000e+02;-8.8272884e-02;1.0250000e+02;-7.5009748e-02;1.0250000e+02;-4.1414291e-02;1.0250000e+02;1.3350852e-02;1.0250000e+02;6.9905907e-02;1.0250000e+02;1.2904471e-01;1.0250000e+02;1.9270867e-01;1.0250000e+02;2.2419961e-01;1.0250000e+02;2.0968620e-01;1.0250000e+02;2.0649365e-01;1.0250000e+02;1.4874402e-01;1.0250000e+02;8.5473955e-02;1.0250000e+02;3.0680403e-02;1.0250000e+02;-1.7026909e-02;1.0250000e+02;-6.1340265e-02;1.0250000e+02;-1.0487905e-01;1.0250000e+02;-1.4662945e-01;1.0250000e+02;-1.8941936e-01;1.0250000e+02;-8.8272884e-02;1.0250000e+02;-7.5009748e-02;1.0250000e+02;-4.1414291e-02;1.0250000e+02;1.3350852e-02;1.0250000e+02;6.9905907e-02;1.0250000e+02;1.2904471e-01;1.0250000e+02;1.9270867e-01;1.0250000e+02;2.2419961e-01;1.0250000e+02;2.0968620e-01;1.0250000e+02;2.0649365e-01;1.0250000e+02;1.4874402e-01;1.0250000e+02;8.5473955e-02;1.0250000e+02;3.0680403e-02;1.0250000e+02;-1.7026909e-02;1.0250000e+02;-6.1340265e-02;1.0250000e+02;-1.0487905e-01;1.0250000e+02;-1.4662945e-01;1.0250000e+02;-1.8941936e-01;1.0250000e+02;-8.8272884e-02;1.0250000e+02;-7.5009748e-02;1.0250000e+02;-4.1414291e-02;1.0250000e+02;1.3350852e-02;1.0250000e+02;6.9905907e-02;1.0250000e+02;1.2904471e-01;1.0250000e+02;1.9270867e-01;1.0250000e+02;2.2419961e-01;1.0250000e+02;2.0968620e-01;1.0250000e+02;2.0649365e-01;1.0250000e+02;1.4874402e-01;1.0250000e+02;8.5473955e-02;1.0250000e+02;3.0680403e-02;1.0250000e+02;-1.7026909e-02;1.0250000e+02;-6.1340265e-02;1.0250000e+02;-1.0487905e-01;1.0250000e+02;-1.4662945e-01;1.0250000e+02;-1.8941936e-01;1.0250000e+02;-8.8272884e-02;1.0250000e+02;-7.5009748e-02;1.0250000e+02;-4.1414291e-02;1.0250000e+02;1.3350852e-02;1.0250000e+02;6.9905907e-02;1.0250000e+02;1.2904471e-01;1.0250000e+02;1.9270867e-01;1.0250000e+02;2.2419961e-01;1.0250000e+02;2.0968620e-01;1.0250000e+02;2.0649365e-01;1.0250000e+02;1.4874402e-01;1.0250000e+02;8.5473955e-02;1.0250000e+02;3.0680403e-02;1.0250000e+02;-1.7026909e-02;1.0250000e+02;-6.1340265e-02;1.0250000e+02;-1.0487905e-01;1.0250000e+02;-1.4662945e-01;1.0250000e+02;-1.8941936e-01;1.0250000e+02;-8.8272884e-02;1.0250000e+02;-7.5009748e-02;1.0250000e+02;-4.1414291e-02;1.0250000e+02;1.3350852e-02;1.0250000e+02;6.9905907e-02;1.0250000e+02;1.2904471e-01;1.0250000e+02;1.9270867e-01;1.0250000e+02;2.2419961e-01;1.0250000e+02;2.0968620e-01;1.0250000e+02;2.0649365e-01;1.0250000e+02;1.4874402e-01;1.0250000e+02;8.5473955e-02;1.0250000e+02;3.0680403e-02;1.0250000e+02;-1.7026909e-02;1.0250000e+02;-6.1340265e-02;1.0250000e+02;-1.0487905e-01;1.0250000e+02;-1.4662945e-01;1.0250000e+02;-1.8941936e-01;1.0250000e+02;-8.8272884e-02;1.0250000e+02;-7.5009748e-02;1.0250000e+02;-4.1414291e-02;1.0250000e+02;1.3350852e-02;1.0250000e+02;6.9905907e-02;1.0250000e+02;1.2904471e-01;1.0250000e+02;1.9270867e-01;1.0250000e+02;2.2419961e-01;1.0250000e+02;2.0968620e-01;1.0250000e+02;2.0649365e-01;1.0250000e+02;1.4874402e-01;1.0250000e+02;8.5473955e-02;1.0250000e+02;3.0680403e-02;1.0250000e+02;-1.7026909e-02;1.0250000e+02;-6.1340265e-02;1.0250000e+02;-1.0487905e-01;1.0250000e+02;-1.4662945e-01;1.0250000e+02;-1.8941936e-01;1.0250000e+02;-8.8272884e-02;1.0250000e+02;-7.5009748e-02;1.0250000e+02;-4.1414291e-02;1.0250000e+02;1.3350852e-02;1.0250000e+02;6.9905907e-02;1.0250000e+02;1.2904471e-01;1.0250000e+02;1.9270867e-01;1.0250000e+02;2.2419961e-01;1.0250000e+02;2.0968620e-01;1.0250000e+02;2.0649365e-01;1.0250000e+02;1.4874402e-01;1.0250000e+02;8.5473955e-02;1.0250000e+02;3.0680403e-02;1.0250000e+02;-1.7026909e-02;1.0250000e+02;-6.1340265e-02;1.0250000e+02;-1.0487905e-01;1.0250000e+02;-1.4662945e-01;1.0250000e+02;-1.8941936e-01;1.0250000e+02;-8.8272884e-02;1.0250000e+02;-7.5009748e-02;1.0250000e+02;-4.1414291e-02;1.0250000e+02;1.3350852e-02;1.0250000e+02;6.9905907e-02;1.0250000e+02;1.2904471e-01;1.0250000e+02;1.9270867e-01;1.0250000e+02;2.2419961e-01;1.0250000e+02;2.0968620e-01;1.0250000e+02;2.0649365e-01;1.0250000e+02;1.4874402e-01;1.0250000e+02;8.5473955e-02;1.0250000e+02;3.0680403e-02;1.0250000e+02;-1.7026909e-02;1.0250000e+02;-6.1340265e-02;1.0250000e+02;-1.0487905e-01;1.0250000e+02;-1.4662945e-01;1.0250000e+02;-1.8941936e-01;1.0250000e+02;-8.8272884e-02;1.0250000e+02;-7.5009748e-02;1.0250000e+02;-4.1414291e-02;1.0250000e+02;1.3350852e-02;1.0250000e+02;6.9905907e-02;1.0250000e+02;1.2904471e-01;1.0250000e+02;1.9270867e-01;1.0250000e+02;2.2419961e-01;1.0250000e+02;2.0968620e-01;1.0250000e+02;2.0649365e-01;1.0250000e+02;1.4874402e-01;1.0250000e+02;8.5473955e-02;1.0250000e+02;3.0680403e-02;1.0250000e+02;-1.7026909e-02;1.0250000e+02;-6.1340265e-02;1.0250000e+02;-1.0487905e-01;1.0250000e+02;-1.4662945e-01;1.0250000e+02;-1.8941936e-01;1.0250000e+02;-8.8272884e-02;1.0250000e+02;-7.5009748e-02;1.0250000e+02;-4.1414291e-02;1.0250000e+02;1.3350852e-02;1.0250000e+02;6.9905907e-02;1.0250000e+02;1.2904471e-01;1.0250000e+02;1.9270867e-01;1.0250000e+02;2.2419961e-01;1.0250000e+02;2.0968620e-01;1.0250000e+02;2.0649365e-01;1.0250000e+02;1.4874402e-01;1.0250000e+02;8.5473955e-02;1.0250000e+02;3.0680403e-02;1.0250000e+02;-1.7026909e-02;1.0250000e+02;-6.1340265e-02;1.0250000e+02;-1.0487905e-01;1.0250000e+02;-1.4662945e-01;1.0250000e+02;-1.8941936e-01;1.0250000e+02;-8.8272884e-02;1.0250000e+02;-7.5009748e-02;1.0250000e+02;-4.1414291e-02;1.0250000e+02;1.3350852e-02;1.0250000e+02;6.9905907e-02;1.0250000e+02;1.2904471e-01;1.0250000e+02;1.9270867e-01;1.0250000e+02;2.2419961e-01;1.0250000e+02;2.0968620e-01;1.0250000e+02;2.0649365e-01;1.0250000e+02;1.4874402e-01;1.0250000e+02;8.5473955e-02;1.0250000e+02;3.0680403e-02;1.0250000e+02;-1.7026909e-02;1.0250000e+02;-6.1340265e-02;1.0250000e+02;-1.0487905e-01;1.0250000e+02;-1.4662945e-01;1.0250000e+02;-1.8941936e-01;1.0250000e+02;-8.8272884e-02;1.0250000e+02;-7.5009748e-02;1.0250000e+02;-4.1414291e-02;1.0250000e+02;1.3350852e-02;1.0250000e+02;6.9905907e-02;1.0250000e+02;1.2904471e-01;1.0250000e+02;1.9270867e-01;1.0250000e+02;2.2419961e-01;1.0250000e+02;2.0968620e-01;1.0250000e+02;2.0649365e-01;1.0250000e+02;1.4874402e-01;1.0250000e+02;8.5473955e-02;1.0250000e+02;3.0680403e-02;1.0250000e+02;-1.7026909e-02;1.0250000e+02;-6.1340265e-02;1.0250000e+02;-1.0487905e-01;1.0250000e+02;-1.4662945e-01;1.0250000e+02;-1.8941936e-01;1.0250000e+02;-8.8272884e-02;1.0250000e+02;-7.5009748e-02;1.0250000e+02;-4.1414291e-02;1.0250000e+02;1.3350852e-02;1.0250000e+02;6.9905907e-02;1.0250000e+02;1.2904471e-01;1.0250000e+02;1.9270867e-01;1.0250000e+02;2.2419961e-01;1.0250000e+02;2.0968620e-01;1.0250000e+02;2.0649365e-01;1.0250000e+02;1.4874402e-01;1.0250000e+02;8.5473955e-02;1.0250000e+02;3.0680403e-02;1.0250000e+02;-1.7026909e-02;1.0250000e+02;-6.1340265e-02;1.0250000e+02;-1.0487905e-01;1.0250000e+02;-1.4662945e-01;1.0250000e+02;-1.8941936e-01;1.0250000e+02;-8.8272884e-02;1.0250000e+02;-7.5009748e-02;1.0250000e+02;-4.1414291e-02;1.0250000e+02;1.3350852e-02;1.0250000e+02;6.9905907e-02;1.0250000e+02;1.2904471e-01;1.0250000e+02;1.9270867e-01;1.0250000e+02;2.2419961e-01;1.0250000e+02;2.0968620e-01;1.0250000e+02;2.0649365e-01;1.0250000e+02;1.4874402e-01;1.0250000e+02;8.5473955e-02;1.0250000e+02;3.0680403e-02;1.0250000e+02;-1.7026909e-02;1.0250000e+02;-6.1340265e-02;1.0250000e+02;-1.0487905e-01;1.0250000e+02;-1.4662945e-01;1.0250000e+02;-1.8941936e-01;1.0250000e+02;-8.8272884e-02;1.0250000e+02;-7.5009748e-02;1.0250000e+02;-4.1414291e-02;1.0250000e+02;1.3350852e-02;1.0250000e+02;6.9905907e-02;1.0250000e+02;1.2904471e-01;1.0250000e+02;1.9270867e-01;1.0250000e+02;2.2419961e-01;1.0250000e+02;2.0968620e-01;1.0250000e+02;2.0649365e-01;1.0250000e+02;1.4874402e-01;1.0250000e+02;8.5473955e-02;1.0250000e+02;3.0680403e-02;1.0250000e+02;-1.7026909e-02;1.0250000e+02;-6.1340265e-02;1.0250000e+02;-1.0487905e-01;1.0250000e+02;-1.4662945e-01;1.0250000e+02;-1.8941936e-01;1.0250000e+02;-8.8272884e-02;1.0250000e+02;-7.5009748e-02;1.0250000e+02;-4.1414291e-02;1.0250000e+02;1.3350852e-02;1.0250000e+02;6.9905907e-02;1.0250000e+02;1.2904471e-01;1.0250000e+02;1.9270867e-01;1.0250000e+02;2.2419961e-01;1.0250000e+02;2.0968620e-01;1.0250000e+02;2.0649365e-01;1.0250000e+02;1.4874402e-01;1.0250000e+02;8.5473955e-02;1.0250000e+02;3.0680403e-02;1.0250000e+02;-1.7026909e-02;1.0250000e+02;-6.1340265e-02;1.0250000e+02;-1.0487905e-01;1.0250000e+02;-1.4662945e-01;1.0250000e+02;-1.8941936e-01;1.0250000e+02;-8.8272884e-02;1.0250000e+02;-7.5009748e-02;1.0250000e+02;-4.1414291e-02;1.0250000e+02;1.3350852e-02;1.0250000e+02;6.9905907e-02;1.0250000e+02;1.2904471e-01;1.0250000e+02;1.9270867e-01;1.0250000e+02;2.2419961e-01;1.0250000e+02;2.0968620e-01;1.0250000e+02;2.0649365e-01;1.0250000e+02;1.4874402e-01;1.0250000e+02;8.5473955e-02;1.0250000e+02;3.0680403e-02;1.0250000e+02;-1.7026909e-02;1.0250000e+02;-6.1340265e-02;1.0250000e+02;-1.0487905e-01;1.0250000e+02;-1.4662945e-01;1.0250000e+02;-1.8941936e-01;1.0250000e+02;-8.8272884e-02;1.0250000e+02;-7.5009748e-02;1.0250000e+02;-4.1414291e-02;1.0250000e+02;1.3350852e-02;1.0250000e+02;6.9905907e-02;1.0250000e+02;1.2904471e-01;1.0250000e+02;1.9270867e-01;1.0250000e+02;2.2419961e-01;1.0250000e+02;2.0968620e-01;1.0250000e+02;2.0649365e-01;1.0250000e+02;1.4874402e-01;1.0250000e+02;8.5473955e-02;1.0250000e+02;3.0680403e-02;1.0250000e+02;-1.7026909e-02;1.0250000e+02;-6.1340265e-02;1.0250000e+02;-1.0487905e-01;1.0250000e+02;-1.4662945e-01;1.0250000e+02;-1.8941936e-01;1.0250000e+02;-8.8272884e-02;1.0250000e+02;-7.5009748e-02;1.0250000e+02;-4.1414291e-02;1.0250000e+02;1.3350852e-02;1.0250000e+02;6.9905907e-02;1.0250000e+02;1.2904471e-01;1.0250000e+02;1.9270867e-01;1.0250000e+02;2.2419961e-01;1.0250000e+02;2.0968620e-01;1.0250000e+02;2.0649365e-01;1.0250000e+02;1.4874402e-01;1.0250000e+02;8.5473955e-02;1.0250000e+02;3.0680403e-02;1.0250000e+02;-1.7026909e-02;1.0250000e+02;-6.1340265e-02;1.0250000e+02;-1.0487905e-01;1.0250000e+02;-1.4662945e-01;1.0250000e+02;-1.8941936e-01;1.0250000e+02;-8.8272884e-02;1.0250000e+02;-7.5009748e-02;1.0250000e+02;-4.1414291e-02;1.0250000e+02;1.3350852e-02;1.0250000e+02;6.9905907e-02;1.0250000e+02;1.2904471e-01;1.0250000e+02;1.9270867e-01;1.0250000e+02;2.2419961e-01;1.0250000e+02;2.0968620e-01;1.0250000e+02;2.0649365e-01;1.0250000e+02;1.4874402e-01;1.0250000e+02;8.5473955e-02;1.0250000e+02;3.0680403e-02;1.0250000e+02;-1.7026909e-02;1.0250000e+02;-6.1340265e-02;1.0250000e+02;-1.0487905e-01;1.0250000e+02;-1.4662945e-01;1.0250000e+02;-1.8941936e-01;1.0250000e+02;-8.8272884e-02;1.0250000e+02;-7.5009748e-02;1.0250000e+02;-4.1414291e-02;1.0250000e+02;1.3350852e-02;1.0250000e+02;6.9905907e-02;1.0250000e+02;1.2904471e-01;1.0250000e+02;1.9270867e-01;1.0250000e+02;2.2419961e-01;1.0250000e+02;2.0968620e-01;1.0250000e+02;2.0649365e-01;1.0250000e+02;1.4874402e-01;1.0250000e+02;8.5473955e-02;1.0250000e+02;3.0680403e-02;1.0250000e+02;-1.7026909e-02;1.0250000e+02;-6.1340265e-02;1.0250000e+02;-1.0487905e-01;1.0250000e+02;-1.4662945e-01;1.0250000e+02;-1.8941936e-01;1.0250000e+02;-8.8272884e-02;1.0250000e+02;-7.5009748e-02;1.0250000e+02;-4.1414291e-02;1.0250000e+02;1.3350852e-02;1.0250000e+02;6.9905907e-02;1.0250000e+02;1.2904471e-01;1.0250000e+02;1.9270867e-01;1.0250000e+02;2.2419961e-01;1.0250000e+02;2.0968620e-01;1.0250000e+02;2.0649365e-01;1.0250000e+02;1.4874402e-01;1.0250000e+02;8.5473955e-02;1.0250000e+02;3.0680403e-02;1.0250000e+02;-1.7026909e-02;1.0250000e+02;-6.1340265e-02;1.0250000e+02;-1.0487905e-01;1.0250000e+02;-1.4662945e-01;1.0250000e+02;-1.8941936e-01;1.0250000e+02;-8.8272884e-02;1.0250000e+02;-7.5009748e-02;1.0250000e+02;-4.1414291e-02;1.0250000e+02;1.3350852e-02;1.0250000e+02;6.9905907e-02;1.0250000e+02;1.2904471e-01;1.0250000e+02;1.9270867e-01;1.0250000e+02;2.2419961e-01;1.0250000e+02;2.0968620e-01;1.0250000e+02;2.0649365e-01;1.0250000e+02;1.4874402e-01;1.0250000e+02;8.5473955e-02;1.0250000e+02;3.0680403e-02;1.0250000e+02;-1.7026909e-02;1.0250000e+02;-6.1340265e-02;1.0250000e+02;-1.0487905e-01;1.0250000e+02;-1.4662945e-01;1.0250000e+02;-1.8941936e-01;1.0250000e+02;-8.8272884e-02;1.0250000e+02;-7.5009748e-02;1.0250000e+02;-4.1414291e-02;1.0250000e+02;1.3350852e-02;1.0250000e+02;6.9905907e-02;1.0250000e+02;1.2904471e-01;1.0250000e+02;1.9270867e-01;1.0250000e+02;2.2419961e-01;1.0250000e+02;2.0968620e-01;1.0250000e+02;2.0649365e-01;1.0250000e+02;1.4874402e-01;1.0250000e+02;8.5473955e-02;1.0250000e+02;3.0680403e-02;1.0250000e+02;-1.7026909e-02;1.0250000e+02;-6.1340265e-02;1.0250000e+02;-1.0487905e-01;1.0250000e+02;-1.4662945e-01;1.0250000e+02;-1.8941936e-01;1.0250000e+02;-8.8272884e-02;1.0250000e+02;-7.5009748e-02;1.0250000e+02;-4.1414291e-02;1.0250000e+02;1.3350852e-02;1.0250000e+02;6.9905907e-02;1.0250000e+02;1.2904471e-01;1.0250000e+02;1.9270867e-01;1.0250000e+02;2.2419961e-01;1.0250000e+02;2.0968620e-01;1.0250000e+02;2.0649365e-01;1.0250000e+02;1.4874402e-01;1.0250000e+02;8.5473955e-02;1.0250000e+02;3.0680403e-02;1.0250000e+02;-1.7026909e-02;1.0250000e+02;-6.1340265e-02;1.0250000e+02;-1.0487905e-01;1.0250000e+02;-1.4662945e-01;1.0250000e+02;-1.8941936e-01;1.0250000e+02;-8.8272884e-02;1.0250000e+02;-7.5009748e-02;1.0250000e+02;-4.1414291e-02;1.0250000e+02;1.3350852e-02;1.0250000e+02;6.9905907e-02;1.0250000e+02;1.2904471e-01;1.0250000e+02;1.9270867e-01;1.0250000e+02;2.2419961e-01;1.0250000e+02;2.0968620e-01;1.0250000e+02;2.0649365e-01;1.0250000e+02;1.4874402e-01;1.0250000e+02;8.5473955e-02;1.0250000e+02;3.0680403e-02;1.0250000e+02;-1.7026909e-02;1.0250000e+02;-6.1340265e-02;1.0250000e+02;-1.0487905e-01;1.0250000e+02;-1.4662945e-01;1.0250000e+02;-1.8941936e-01;1.0250000e+02;-8.8272884e-02;1.0250000e+02;-7.5009748e-02;1.0250000e+02;-4.1414291e-02;1.0250000e+02;1.3350852e-02;1.0250000e+02;6.9905907e-02;1.0250000e+02;1.2904471e-01;1.0250000e+02;1.9270867e-01;1.0250000e+02;2.2419961e-01;1.0250000e+02;2.0968620e-01;1.0250000e+02;2.0649365e-01;1.0250000e+02;1.4874402e-01;1.0250000e+02;8.5473955e-02;1.0250000e+02;3.0680403e-02;1.0250000e+02;-1.7026909e-02;1.0250000e+02;-6.1340265e-02;1.0250000e+02;-1.0487905e-01;1.0250000e+02;-1.4662945e-01;1.0250000e+02;-1.8941936e-01;1.0250000e+02;-8.8272884e-02;1.0250000e+02;-7.5009748e-02;1.0250000e+02;-4.1414291e-02;1.0250000e+02;1.3350852e-02;1.0250000e+02;6.9905907e-02;1.0250000e+02;1.2904471e-01;1.0250000e+02;1.9270867e-01;1.0250000e+02;2.2419961e-01;1.0250000e+02;2.0968620e-01;1.0250000e+02;2.0649365e-01;1.0250000e+02;1.4874402e-01;1.0250000e+02;8.5473955e-02;1.0250000e+02;3.0680403e-02;1.0250000e+02;-1.7026909e-02;1.0250000e+02;-6.1340265e-02;1.0250000e+02;-1.0487905e-01;1.0250000e+02;-1.4662945e-01;1.0250000e+02;-1.8941936e-01;1.0250000e+02;-8.8272884e-02;1.0250000e+02;-7.5009748e-02;1.0250000e+02;-4.1414291e-02;1.0250000e+02;1.3350852e-02;1.0250000e+02;6.9905907e-02;1.0250000e+02;1.2904471e-01;1.0250000e+02;1.9270867e-01;1.0250000e+02;2.2419961e-01;1.0250000e+02;2.0968620e-01;1.0250000e+02;2.0649365e-01;1.0250000e+02;1.4874402e-01;1.0250000e+02;8.5473955e-02;1.0250000e+02;3.0680403e-02;1.0250000e+02;-1.7026909e-02;1.0250000e+02;-6.1340265e-02;1.0250000e+02;-1.0487905e-01;1.0250000e+02;-1.4662945e-01;1.0250000e+02;-1.8941936e-01;1.0250000e+02;-8.8272884e-02;1.0250000e+02;-7.5009748e-02;1.0250000e+02;-4.1414291e-02;1.0250000e+02;1.3350852e-02;1.0250000e+02;6.9905907e-02;1.0250000e+02;1.2904471e-01;1.0250000e+02;1.9270867e-01;1.0250000e+02;2.2419961e-01;1.0250000e+02;2.0968620e-01;1.0250000e+02;2.0649365e-01;1.0250000e+02;1.4874402e-01;1.0250000e+02;8.5473955e-02;1.0250000e+02;3.0680403e-02;1.0250000e+02;-1.7026909e-02;1.0250000e+02;-6.1340265e-02;1.0250000e+02;-1.0487905e-01;1.0250000e+02;-1.4662945e-01;1.0250000e+02;-1.8941936e-01;1.0250000e+02;-8.8272884e-02;1.0250000e+02;-7.5009748e-02;1.0250000e+02;-4.1414291e-02;1.0250000e+02;1.3350852e-02;1.0250000e+02;6.9905907e-02;1.0250000e+02;1.2904471e-01;1.0250000e+02;1.9270867e-01;1.0250000e+02;2.2419961e-01;1.0250000e+02;2.0968620e-01;1.0250000e+02;2.0649365e-01;1.0250000e+02;1.4874402e-01;1.0250000e+02;8.5473955e-02;1.0250000e+02;3.0680403e-02;1.0250000e+02;-1.7026909e-02;1.0250000e+02;-6.1340265e-02;1.0250000e+02;-1.0487905e-01;1.0250000e+02;-1.4662945e-01;1.0250000e+02;-1.8941936e-01;1.0250000e+02;-8.8272884e-02;1.0250000e+02;-7.5009748e-02;1.0250000e+02;-4.1414291e-02;1.0250000e+02;1.3350852e-02;1.0250000e+02;6.9905907e-02;1.0250000e+02;1.2904471e-01;1.0250000e+02;1.9270867e-01;1.0250000e+02;2.2419961e-01;1.0250000e+02;2.0968620e-01;1.0250000e+02;2.0649365e-01;1.0250000e+02;1.4874402e-01;1.0250000e+02;8.5473955e-02;1.0250000e+02;3.0680403e-02;1.0250000e+02;-1.7026909e-02;1.0250000e+02;-6.1340265e-02;1.0250000e+02;-1.0487905e-01;1.0250000e+02;-1.4662945e-01;1.0250000e+02;-1.8941936e-01;1.0250000e+02;-8.8272884e-02;1.0250000e+02;-7.5009748e-02;1.0250000e+02;-4.1414291e-02;1.0250000e+02;1.3350852e-02;1.0250000e+02;6.9905907e-02;1.0250000e+02;1.2904471e-01;1.0250000e+02;1.9270867e-01;1.0250000e+02;2.2419961e-01;1.0250000e+02;2.0968620e-01;1.0250000e+02;2.0649365e-01;1.0250000e+02;1.4874402e-01;1.0250000e+02;8.5473955e-02;1.0250000e+02;3.0680403e-02;1.0250000e+02;-1.7026909e-02;1.0250000e+02;-6.1340265e-02;1.0250000e+02;-1.0487905e-01;1.0250000e+02;-1.4662945e-01;1.0250000e+02;-1.8941936e-01;1.0250000e+02;-8.8272884e-02;1.0250000e+02;-7.5009748e-02;1.0250000e+02;-4.1414291e-02;1.0250000e+02;1.3350852e-02;1.0250000e+02;6.9905907e-02;1.0250000e+02;1.2904471e-01;1.0250000e+02;1.9270867e-01;1.0250000e+02;2.2419961e-01;1.0250000e+02;2.0968620e-01;1.0250000e+02;2.0649365e-01;1.0250000e+02;1.4874402e-01;1.0250000e+02;8.5473955e-02;1.0250000e+02;3.0680403e-02;1.0250000e+02;-1.7026909e-02;1.0250000e+02;-6.1340265e-02;1.0250000e+02;-1.0487905e-01;1.0250000e+02;-1.4662945e-01;1.0250000e+02;-1.8941936e-01;1.0250000e+02;-8.8272884e-02;1.0250000e+02;-7.5009748e-02;1.0250000e+02;-4.1414291e-02;1.0250000e+02;1.3350852e-02;1.0250000e+02;6.9905907e-02;1.0250000e+02;1.2904471e-01;1.0250000e+02;1.9270867e-01;1.0250000e+02;2.2419961e-01;1.0250000e+02;2.0968620e-01;1.0250000e+02;2.0649365e-01;1.0250000e+02;1.4874402e-01;1.0250000e+02;8.5473955e-02;1.0250000e+02;3.0680403e-02;1.0250000e+02;-1.7026909e-02;1.0250000e+02;-6.1340265e-02;1.0250000e+02;-1.0487905e-01;1.0250000e+02;-1.4662945e-01;1.0250000e+02;-1.8941936e-01;1.0250000e+02;-8.8272884e-02;1.0250000e+02;-7.5009748e-02;1.0250000e+02;-4.1414291e-02;1.0250000e+02;1.3350852e-02;1.0250000e+02;6.9905907e-02;1.0250000e+02;1.2904471e-01;1.0250000e+02;1.9270867e-01;1.0250000e+02;2.2419961e-01;1.0250000e+02;2.0968620e-01;1.0250000e+02;2.0649365e-01;1.0250000e+02;1.4874402e-01;1.0250000e+02;8.5473955e-02;1.0250000e+02;3.0680403e-02;1.0250000e+02;-1.7026909e-02;1.0250000e+02;-6.1340265e-02;1.0250000e+02;-1.0487905e-01;1.0250000e+02;-1.4662945e-01;1.0250000e+02;-1.8941936e-01;1.0250000e+02;-8.8272884e-02;1.0250000e+02;-7.5009748e-02;1.0250000e+02;-4.1414291e-02;1.0250000e+02;1.3350852e-02;1.0250000e+02;6.9905907e-02;1.0250000e+02;1.2904471e-01;1.0250000e+02;1.9270867e-01;1.0250000e+02;2.2419961e-01;1.0250000e+02;2.0968620e-01;1.0250000e+02;2.0649365e-01;1.0250000e+02;1.4874402e-01;1.0250000e+02;8.5473955e-02;1.0250000e+02;3.0680403e-02;1.0250000e+02;-1.7026909e-02;1.0250000e+02;-6.1340265e-02;1.0250000e+02;-1.0487905e-01;1.0250000e+02;-1.4662945e-01;1.0250000e+02;-1.8941936e-01;1.0250000e+02;-8.8272884e-02;1.0250000e+02;-7.5009748e-02;1.0250000e+02;-4.1414291e-02;1.0250000e+02;1.3350852e-02;1.0250000e+02;6.9905907e-02;1.0250000e+02;1.2904471e-01;1.0250000e+02;1.9270867e-01;1.0250000e+02;2.2419961e-01;1.0250000e+02;2.0968620e-01;1.0250000e+02;2.0649365e-01;1.0250000e+02;1.4874402e-01;1.0250000e+02;8.5473955e-02;1.0250000e+02;3.0680403e-02;1.0250000e+02;-1.7026909e-02;1.0250000e+02;-6.1340265e-02;1.0250000e+02;-1.0487905e-01;1.0250000e+02;-1.4662945e-01;1.0250000e+02;-1.8941936e-01;1.0250000e+02;-8.8272884e-02;1.0250000e+02;-7.5009748e-02;1.0250000e+02;-4.1414291e-02;1.0250000e+02;1.3350852e-02;1.0250000e+02;6.9905907e-02;1.0250000e+02;1.2904471e-01;1.0250000e+02;1.9270867e-01;1.0250000e+02;2.2419961e-01;1.0250000e+02;2.0968620e-01;1.0250000e+02;2.0649365e-01;1.0250000e+02;1.4874402e-01;1.0250000e+02;8.5473955e-02;1.0250000e+02;3.0680403e-02;1.0250000e+02;-1.7026909e-02;1.0250000e+02;-6.1340265e-02;1.0250000e+02;-1.0487905e-01;1.0250000e+02;-1.4662945e-01;1.0250000e+02;-1.8941936e-01;1.0250000e+02;-8.8272884e-02;1.0250000e+02;-7.5009748e-02;1.0250000e+02;-4.1414291e-02;1.0250000e+02;1.3350852e-02;1.0250000e+02;6.9905907e-02;1.0250000e+02;1.2904471e-01;1.0250000e+02;1.9270867e-01;1.0250000e+02;2.2419961e-01;1.0250000e+02;2.0968620e-01;1.0250000e+02;2.0649365e-01;1.0250000e+02;1.4874402e-01;1.0250000e+02;8.5473955e-02;1.0250000e+02;3.0680403e-02;1.0250000e+02;-1.7026909e-02;1.0250000e+02;-6.1340265e-02;1.0250000e+02;-1.0487905e-01;1.0250000e+02;-1.4662945e-01;1.0250000e+02;-1.8941936e-01;1.0250000e+02;-8.8272884e-02;1.0250000e+02;-7.5009748e-02;1.0250000e+02;-4.1414291e-02;1.0250000e+02;1.3350852e-02;1.0250000e+02;6.9905907e-02;1.0250000e+02;1.2904471e-01;1.0250000e+02;1.9270867e-01;1.0250000e+02;2.2419961e-01;1.0250000e+02;2.0968620e-01;1.0250000e+02;2.0649365e-01;1.0250000e+02;1.4874402e-01;1.0250000e+02;8.5473955e-02;1.0250000e+02;3.0680403e-02;1.0250000e+02;-1.7026909e-02;1.0250000e+02;-6.1340265e-02;1.0250000e+02;-1.0487905e-01;1.0250000e+02;-1.4662945e-01;1.0250000e+02;-1.8941936e-01;1.0250000e+02;-8.8272884e-02;1.0250000e+02;-7.5009748e-02;1.0250000e+02;-4.1414291e-02;1.0250000e+02;1.3350852e-02;1.0250000e+02;6.9905907e-02;1.0250000e+02;1.2904471e-01;1.0250000e+02;1.9270867e-01;1.0250000e+02;2.2419961e-01;1.0250000e+02;2.0968620e-01;1.0250000e+02;2.0649365e-01;1.0250000e+02;1.4874402e-01;1.0250000e+02;8.5473955e-02;1.0250000e+02;3.0680403e-02;1.0250000e+02;-1.7026909e-02;1.0250000e+02;-6.1340265e-02;1.0250000e+02;-1.0487905e-01;1.0250000e+02;-1.4662945e-01;1.0250000e+02;-1.8941936e-01;1.0250000e+02;-8.8272884e-02;1.0250000e+02;-7.5009748e-02;1.0250000e+02;-4.1414291e-02;1.0250000e+02;1.3350852e-02;1.0250000e+02;6.9905907e-02;1.0250000e+02;1.2904471e-01;1.0250000e+02;1.9270867e-01;1.0250000e+02;2.2419961e-01;1.0250000e+02;2.0968620e-01;1.0250000e+02;2.0649365e-01;1.0250000e+02;1.4874402e-01;1.0250000e+02;8.5473955e-02;1.0250000e+02;3.0680403e-02;1.0250000e+02;-1.7026909e-02;1.0250000e+02;-6.1340265e-02;1.0250000e+02;-1.0487905e-01;1.0250000e+02;-1.4662945e-01;1.0250000e+02;-1.8941936e-01;1.0250000e+02;-8.8272884e-02;1.0250000e+02;-7.5009748e-02;1.0250000e+02;-4.1414291e-02;1.0250000e+02;1.3350852e-02;1.0250000e+02;6.9905907e-02;1.0250000e+02;1.2904471e-01;1.0250000e+02;1.9270867e-01;1.0250000e+02;2.2419961e-01;1.0250000e+02;2.0968620e-01;1.0250000e+02;2.0649365e-01;1.0250000e+02;1.4874402e-01;1.0250000e+02;8.5473955e-02;1.0250000e+02;3.0680403e-02;1.0250000e+02;-1.7026909e-02;1.0250000e+02;-6.1340265e-02;1.0250000e+02;-1.0487905e-01;1.0250000e+02;-1.4662945e-01;1.0250000e+02;-1.8941936e-01;1.0250000e+02;-8.8272884e-02;1.0250000e+02;-7.5009748e-02;1.0250000e+02;-4.1414291e-02;1.0250000e+02;1.3350852e-02;1.0250000e+02;6.9905907e-02;1.0250000e+02;1.2904471e-01;1.0250000e+02;1.9270867e-01;1.0250000e+02;2.2419961e-01;1.0250000e+02;2.0968620e-01;1.0250000e+02;2.0649365e-01;1.0250000e+02;1.4874402e-01;1.0250000e+02;8.5473955e-02;1.0250000e+02;3.0680403e-02;1.0250000e+02;-1.7026909e-02;1.0250000e+02;-6.1340265e-02;1.0250000e+02;-1.0487905e-01;1.0250000e+02;-1.4662945e-01;1.0250000e+02;-1.8941936e-01;1.0250000e+02;-8.8272884e-02;1.0250000e+02;-7.5009748e-02;1.0250000e+02;-4.1414291e-02;1.0250000e+02;1.3350852e-02;1.0250000e+02;6.9905907e-02;1.0250000e+02;1.2904471e-01;1.0250000e+02;1.9270867e-01;1.0250000e+02;2.2419961e-01;1.0250000e+02;2.0968620e-01;1.0250000e+02;2.0649365e-01;1.0250000e+02;1.4874402e-01;1.0250000e+02;8.5473955e-02;1.0250000e+02;3.0680403e-02;1.0250000e+02;-1.7026909e-02;1.0250000e+02;-6.1340265e-02;1.0250000e+02;-1.0487905e-01;1.0250000e+02;-1.4662945e-01;1.0250000e+02;-1.8941936e-01;1.0250000e+02;-8.8272884e-02;1.0250000e+02;-7.5009748e-02;1.0250000e+02;-4.1414291e-02;1.0250000e+02;1.3350852e-02;1.0250000e+02;6.9905907e-02;1.0250000e+02;1.2904471e-01;1.0250000e+02;1.9270867e-01;1.0250000e+02;2.2419961e-01;1.0250000e+02;2.0968620e-01;1.0250000e+02;2.0649365e-01;1.0250000e+02;1.4874402e-01;1.0250000e+02;8.5473955e-02;1.0250000e+02;3.0680403e-02;1.0250000e+02;-1.7026909e-02;1.0250000e+02;-6.1340265e-02;1.0250000e+02;-1.0487905e-01;1.0250000e+02;-1.4662945e-01;1.0250000e+02;-1.8941936e-01;1.0250000e+02;-8.8272884e-02;1.0250000e+02;-7.5009748e-02;1.0250000e+02;-4.1414291e-02;1.0250000e+02;1.3350852e-02;1.0250000e+02;6.9905907e-02;1.0250000e+02;1.2904471e-01;1.0250000e+02;1.9270867e-01;1.0250000e+02;2.2419961e-01;1.0250000e+02;2.0968620e-01;1.0250000e+02;2.0649365e-01;1.0250000e+02;1.4874402e-01;1.0250000e+02;8.5473955e-02;1.0250000e+02;3.0680403e-02;1.0250000e+02;-1.7026909e-02;1.0250000e+02;-6.1340265e-02;1.0250000e+02;-1.0487905e-01;1.0250000e+02;-1.4662945e-01;1.0250000e+02;-1.8941936e-01;1.0250000e+02;-8.8272884e-02;1.0250000e+02;-7.5009748e-02;1.0250000e+02;-4.1414291e-02;1.0250000e+02;1.3350852e-02;1.0250000e+02;6.9905907e-02;1.0250000e+02;1.2904471e-01;1.0250000e+02;1.9270867e-01;1.0250000e+02;2.2419961e-01;1.0250000e+02;2.0968620e-01;1.0250000e+02;2.0649365e-01;1.0250000e+02;1.4874402e-01;1.0250000e+02;8.5473955e-02;1.0250000e+02;3.0680403e-02;1.0250000e+02;-1.7026909e-02;1.0250000e+02;-6.1340265e-02;1.0250000e+02;-1.0487905e-01;1.0250000e+02;-1.4662945e-01;1.0250000e+02;-1.8941936e-01;1.0250000e+02;-8.8272884e-02;1.0250000e+02;-7.5009748e-02;1.0250000e+02;-4.1414291e-02;1.0250000e+02;1.3350852e-02;1.0250000e+02;6.9905907e-02;1.0250000e+02;1.2904471e-01;1.0250000e+02;1.9270867e-01;1.0250000e+02;2.2419961e-01;1.0250000e+02;2.0968620e-01;1.0250000e+02;2.0649365e-01;1.0250000e+02;1.4874402e-01;1.0250000e+02;8.5473955e-02;1.0250000e+02;3.0680403e-02;1.0250000e+02;-1.7026909e-02;1.0250000e+02;-6.1340265e-02;1.0250000e+02;-1.0487905e-01;1.0250000e+02;-1.4662945e-01;1.0250000e+02;-1.8941936e-01;1.0250000e+02;-8.8272884e-02;1.0250000e+02;-7.5009748e-02;1.0250000e+02;-4.1414291e-02;1.0250000e+02;1.3350852e-02;1.0250000e+02;6.9905907e-02;1.0250000e+02;1.2904471e-01;1.0250000e+02;1.9270867e-01;1.0250000e+02;2.2419961e-01;1.0250000e+02;2.0968620e-01;1.0250000e+02;2.0649365e-01;1.0250000e+02;1.4874402e-01;1.0250000e+02;8.5473955e-02;1.0250000e+02;3.0680403e-02;1.0250000e+02;-1.7026909e-02;1.0250000e+02;-6.1340265e-02;1.0250000e+02;-1.0487905e-01;1.0250000e+02;-1.4662945e-01;1.0250000e+02;-1.8941936e-01;1.0250000e+02;-8.8272884e-02;1.0250000e+02;-7.5009748e-02;1.0250000e+02;-4.1414291e-02;1.0250000e+02;1.3350852e-02;1.0250000e+02;6.9905907e-02;1.0250000e+02;1.2904471e-01;1.0250000e+02;1.9270867e-01;1.0250000e+02;2.2419961e-01;1.0250000e+02;2.0968620e-01;1.0250000e+02;2.0649365e-01;1.0250000e+02;1.4874402e-01;1.0250000e+02;8.5473955e-02;1.0250000e+02;3.0680403e-02;1.0250000e+02;-1.7026909e-02;1.0250000e+02;-6.1340265e-02;1.0250000e+02;-1.0487905e-01;1.0250000e+02;-1.4662945e-01;1.0250000e+02;-1.8941936e-01;1.0250000e+02;-8.8272884e-02;1.0250000e+02;-7.5009748e-02;1.0250000e+02;-4.1414291e-02;1.0250000e+02;1.3350852e-02;1.0250000e+02;6.9905907e-02;1.0250000e+02;1.2904471e-01;1.0250000e+02;1.9270867e-01;1.0250000e+02;2.2419961e-01;1.0250000e+02;2.0968620e-01;1.0250000e+02;2.0649365e-01;1.0250000e+02;1.4874402e-01;1.0250000e+02;8.5473955e-02;1.0250000e+02;3.0680403e-02;1.0250000e+02;-1.7026909e-02;1.0250000e+02;-6.1340265e-02;1.0250000e+02;-1.0487905e-01;1.0250000e+02;-1.4662945e-01;1.0250000e+02;-1.8941936e-01;1.0250000e+02;-8.8272884e-02;1.0250000e+02;-7.5009748e-02;1.0250000e+02;-4.1414291e-02;1.0250000e+02;1.3350852e-02;1.0250000e+02;6.9905907e-02;1.0250000e+02;1.2904471e-01;1.0250000e+02;1.9270867e-01;1.0250000e+02;2.2419961e-01;1.0250000e+02;2.0968620e-01;1.0250000e+02;2.0649365e-01;1.0250000e+02;1.4874402e-01;1.0250000e+02;8.5473955e-02;1.0250000e+02;3.0680403e-02;1.0250000e+02;-1.7026909e-02;1.0250000e+02;-6.1340265e-02;1.0250000e+02;-1.0487905e-01;1.0250000e+02;-1.4662945e-01;1.0250000e+02;-1.8941936e-01;1.0250000e+02;-8.8272884e-02;1.0250000e+02;-7.5009748e-02;1.0250000e+02;-4.1414291e-02;1.0250000e+02;1.3350852e-02;1.0250000e+02;6.9905907e-02;1.0250000e+02;1.2904471e-01;1.0250000e+02;1.9270867e-01;1.0250000e+02;2.2419961e-01;1.0250000e+02;2.0968620e-01;1.0250000e+02;2.0649365e-01;1.0250000e+02;1.4874402e-01;1.0250000e+02;8.5473955e-02;1.0250000e+02;3.0680403e-02;1.0250000e+02;-1.7026909e-02;1.0250000e+02;-6.1340265e-02;1.0250000e+02;-1.0487905e-01;1.0250000e+02;-1.4662945e-01;1.0250000e+02;-1.8941936e-01;1.0250000e+02;-8.8272884e-02;1.0250000e+02;-7.5009748e-02;1.0250000e+02;-4.1414291e-02;1.0250000e+02;1.3350852e-02;1.0250000e+02;6.9905907e-02;1.0250000e+02;1.2904471e-01;1.0250000e+02;1.9270867e-01;1.0250000e+02;2.2419961e-01;1.0250000e+02;2.0968620e-01;1.0250000e+02;2.0649365e-01;1.0250000e+02;1.4874402e-01;1.0250000e+02;8.5473955e-02;1.0250000e+02;3.0680403e-02;1.0250000e+02;-1.7026909e-02;1.0250000e+02;-6.1340265e-02;1.0250000e+02;-1.0487905e-01;1.0250000e+02;-1.4662945e-01;1.0250000e+02;-1.8941936e-01;1.0250000e+02;-8.8272884e-02;1.0250000e+02;-7.5009748e-02;1.0250000e+02;-4.1414291e-02;1.0250000e+02;1.3350852e-02;1.0250000e+02;6.9905907e-02;1.0250000e+02;1.2904471e-01;1.0250000e+02;1.9270867e-01;1.0250000e+02;2.2419961e-01;1.0250000e+02;2.0968620e-01;1.0250000e+02;2.0649365e-01;1.0250000e+02;1.4874402e-01;1.0250000e+02;8.5473955e-02;1.0250000e+02;3.0680403e-02;1.0250000e+02;-1.7026909e-02;1.0250000e+02;-6.1340265e-02;1.0250000e+02;-1.0487905e-01;1.0250000e+02;-1.4662945e-01;1.0250000e+02;-1.8941936e-01;1.0250000e+02;-8.8272884e-02;1.0250000e+02;-7.5009748e-02;1.0250000e+02;-4.1414291e-02;1.0250000e+02;1.3350852e-02;1.0250000e+02;6.9905907e-02;1.0250000e+02;1.2904471e-01;1.0250000e+02;1.9270867e-01;1.0250000e+02;2.2419961e-01;1.0250000e+02;2.0968620e-01;1.0250000e+02;2.0649365e-01;1.0250000e+02;1.4874402e-01;1.0250000e+02;8.5473955e-02;1.0250000e+02;3.0680403e-02;1.0250000e+02;-1.7026909e-02;1.0250000e+02;-6.1340265e-02;1.0250000e+02;-1.0487905e-01;1.0250000e+02;-1.4662945e-01;1.0250000e+02;-1.8941936e-01;1.0250000e+02;-8.8272884e-02;1.0250000e+02;-7.5009748e-02;1.0250000e+02;-4.1414291e-02;1.0250000e+02;1.3350852e-02;1.0250000e+02;6.9905907e-02;1.0250000e+02;1.2904471e-01;1.0250000e+02;1.9270867e-01;1.0250000e+02;2.2419961e-01;1.0250000e+02;2.0968620e-01;1.0250000e+02;2.0649365e-01;1.0250000e+02;1.4874402e-01;1.0250000e+02;8.5473955e-02;1.0250000e+02;3.0680403e-02;1.0250000e+02;-1.7026909e-02;1.0250000e+02;-6.1340265e-02;1.0250000e+02;-1.0487905e-01;1.0250000e+02;-1.4662945e-01;1.0250000e+02;-1.8941936e-01;1.0250000e+02;-8.8272884e-02;1.0250000e+02;-7.5009748e-02;1.0250000e+02;-4.1414291e-02;1.0250000e+02;1.3350852e-02;1.0250000e+02;6.9905907e-02;1.0250000e+02;1.2904471e-01;1.0250000e+02;1.9270867e-01;1.0250000e+02;2.2419961e-01;1.0250000e+02;2.0968620e-01;1.0250000e+02;2.0649365e-01;1.0250000e+02;1.4874402e-01;1.0250000e+02;8.5473955e-02;1.0250000e+02;3.0680403e-02;1.0250000e+02;-1.7026909e-02;1.0250000e+02;-6.1340265e-02;1.0250000e+02;-1.0487905e-01;1.0250000e+02;-1.4662945e-01;1.0250000e+02;-1.8941936e-01;1.0250000e+02;-8.8272884e-02;1.0250000e+02;-7.5009748e-02;1.0250000e+02;-4.1414291e-02;1.0250000e+02;1.3350852e-02;1.0250000e+02;6.9905907e-02;1.0250000e+02;1.2904471e-01;1.0250000e+02;1.9270867e-01;1.0250000e+02;2.2419961e-01;1.0250000e+02;2.0968620e-01;1.0250000e+02;2.0649365e-01;1.0250000e+02;1.4874402e-01;1.0250000e+02;8.5473955e-02;1.0250000e+02;3.0680403e-02;1.0250000e+02;-1.7026909e-02;1.0250000e+02;-6.1340265e-02;1.0250000e+02;-1.0487905e-01;1.0250000e+02;-1.4662945e-01;1.0250000e+02;-1.8941936e-01;1.0250000e+02;-8.8272884e-02;1.0250000e+02;-7.5009748e-02;1.0250000e+02;-4.1414291e-02;1.0250000e+02;1.3350852e-02;1.0250000e+02;6.9905907e-02;1.0250000e+02;1.2904471e-01;1.0250000e+02;1.9270867e-01;1.0250000e+02;2.2419961e-01;1.0250000e+02;2.0968620e-01;1.0250000e+02;2.0649365e-01;1.0250000e+02;1.4874402e-01;1.0250000e+02;8.5473955e-02;1.0250000e+02;3.0680403e-02;1.0250000e+02;-1.7026909e-02;1.0250000e+02;-6.1340265e-02;1.0250000e+02;-1.0487905e-01;1.0250000e+02;-1.4662945e-01;1.0250000e+02;-1.8941936e-01;1.0250000e+02;-8.8272884e-02;1.0250000e+02;-7.5009748e-02;1.0250000e+02;-4.1414291e-02;1.0250000e+02;1.3350852e-02;1.0250000e+02;6.9905907e-02;1.0250000e+02;1.2904471e-01;1.0250000e+02;1.9270867e-01;1.0250000e+02;2.2419961e-01;1.0250000e+02;2.0968620e-01;1.0250000e+02;2.0649365e-01;1.0250000e+02;1.4874402e-01;1.0250000e+02;8.5473955e-02;1.0250000e+02;3.0680403e-02;1.0250000e+02;-1.7026909e-02;1.0250000e+02;-6.1340265e-02;1.0250000e+02;-1.0487905e-01;1.0250000e+02;-1.4662945e-01;1.0250000e+02;-1.8941936e-01;1.0250000e+02;-8.8272884e-02;1.0250000e+02;-7.5009748e-02;1.0250000e+02;-4.1414291e-02;1.0250000e+02;1.3350852e-02;1.0250000e+02;6.9905907e-02;1.0250000e+02;1.2904471e-01;1.0250000e+02;1.9270867e-01;1.0250000e+02;2.2419961e-01;1.0250000e+02;2.0968620e-01;1.0250000e+02;2.0649365e-01;1.0250000e+02;1.4874402e-01;1.0250000e+02;8.5473955e-02;1.0250000e+02;3.0680403e-02;1.0250000e+02;-1.7026909e-02;1.0250000e+02;-6.1340265e-02;1.0250000e+02;-1.0487905e-01;1.0250000e+02;-1.4662945e-01;1.0250000e+02;-1.8941936e-01;1.0250000e+02;-8.8272884e-02;1.0250000e+02;-7.5009748e-02;1.0250000e+02;-4.1414291e-02;1.0250000e+02;1.3350852e-02;1.0250000e+02;6.9905907e-02;1.0250000e+02;1.2904471e-01;1.0250000e+02;1.9270867e-01;1.0250000e+02;2.2419961e-01;1.0250000e+02;2.0968620e-01;1.0250000e+02;2.0649365e-01;1.0250000e+02;1.4874402e-01;1.0250000e+02;8.5473955e-02;1.0250000e+02;3.0680403e-02;1.0250000e+02;-1.7026909e-02;1.0250000e+02;-6.1340265e-02;1.0250000e+02;-1.0487905e-01;1.0250000e+02;-1.4662945e-01;1.0250000e+02;-1.8941936e-01;1.0250000e+02;-8.8272884e-02;1.0250000e+02;-7.5009748e-02;1.0250000e+02;-4.1414291e-02;1.0250000e+02;1.3350852e-02;1.0250000e+02;6.9905907e-02;1.0250000e+02;1.2904471e-01;1.0250000e+02;1.9270867e-01;1.0250000e+02;2.2419961e-01;1.0250000e+02;2.0968620e-01;1.0250000e+02;2.0649365e-01;1.0250000e+02;1.4874402e-01;1.0250000e+02;8.5473955e-02;1.0250000e+02;3.0680403e-02;1.0250000e+02;-1.7026909e-02;1.0250000e+02;-6.1340265e-02;1.0250000e+02;-1.0487905e-01;1.0250000e+02;-1.4662945e-01;1.0250000e+02;-1.8941936e-01;1.0250000e+02;-8.8272884e-02;1.0250000e+02;-7.5009748e-02;1.0250000e+02;-4.1414291e-02;1.0250000e+02;1.3350852e-02;1.0250000e+02;6.9905907e-02;1.0250000e+02;1.2904471e-01;1.0250000e+02;1.9270867e-01;1.0250000e+02;2.2419961e-01;1.0250000e+02;2.0968620e-01;1.0250000e+02;2.0649365e-01;1.0250000e+02;1.4874402e-01;1.0250000e+02;8.5473955e-02;1.0250000e+02;3.0680403e-02;1.0250000e+02;-1.7026909e-02;1.0250000e+02;-6.1340265e-02;1.0250000e+02;-1.0487905e-01;1.0250000e+02;-1.4662945e-01;1.0250000e+02;-1.8941936e-01;1.0250000e+02;-8.8272884e-02;1.0250000e+02;-7.5009748e-02;1.0250000e+02;-4.1414291e-02;1.0250000e+02;1.3350852e-02;1.0250000e+02;6.9905907e-02;1.0250000e+02;1.2904471e-01;1.0250000e+02;1.9270867e-01;1.0250000e+02;2.2419961e-01;1.0250000e+02;2.0968620e-01;1.0250000e+02;2.0649365e-01;1.0250000e+02;1.4874402e-01;1.0250000e+02;8.5473955e-02;1.0250000e+02;3.0680403e-02;1.0250000e+02;-1.7026909e-02;1.0250000e+02;-6.1340265e-02;1.0250000e+02;-1.0487905e-01;1.0250000e+02;-1.4662945e-01;1.0250000e+02;-1.8941936e-01;1.0250000e+02;-8.8272884e-02;1.0250000e+02;-7.5009748e-02;1.0250000e+02;-4.1414291e-02;1.0250000e+02;1.3350852e-02;1.0250000e+02;6.9905907e-02;1.0250000e+02;1.2904471e-01;1.0250000e+02;1.9270867e-01;1.0250000e+02;2.2419961e-01;1.0250000e+02;2.0968620e-01;1.0250000e+02;2.0649365e-01;1.0250000e+02;1.4874402e-01;1.0250000e+02;8.5473955e-02;1.0250000e+02;3.0680403e-02;1.0250000e+02;-1.7026909e-02;1.0250000e+02;-6.1340265e-02;1.0250000e+02;-1.0487905e-01;1.0250000e+02;-1.4662945e-01;1.0250000e+02;-1.8941936e-01;1.0250000e+02;-8.8272884e-02;1.0250000e+02;-7.5009748e-02;1.0250000e+02;-4.1414291e-02;1.0250000e+02;1.3350852e-02;1.0250000e+02;6.9905907e-02;1.0250000e+02;1.2904471e-01;1.0250000e+02;1.9270867e-01;1.0250000e+02;2.2419961e-01;1.0250000e+02;2.0968620e-01;1.0250000e+02;2.0649365e-01;1.0250000e+02;1.4874402e-01;1.0250000e+02;8.5473955e-02;1.0250000e+02;3.0680403e-02;1.0250000e+02;-1.7026909e-02;1.0250000e+02;-6.1340265e-02;1.0250000e+02;-1.0487905e-01;1.0250000e+02;-1.4662945e-01;1.0250000e+02;-1.8941936e-01;1.0250000e+02;-8.8272884e-02;1.0250000e+02;-7.5009748e-02;1.0250000e+02;-4.1414291e-02;1.0250000e+02;1.3350852e-02;1.0250000e+02;6.9905907e-02;1.0250000e+02;1.2904471e-01;1.0250000e+02;1.9270867e-01;1.0250000e+02;2.2419961e-01;1.0250000e+02;2.0968620e-01;1.0250000e+02;2.0649365e-01;1.0250000e+02;1.4874402e-01;1.0250000e+02;8.5473955e-02;1.0250000e+02;3.0680403e-02;1.0250000e+02;-1.7026909e-02;1.0250000e+02;-6.1340265e-02;1.0250000e+02;-1.0487905e-01;1.0250000e+02;-1.4662945e-01;1.0250000e+02;-1.8941936e-01;1.0250000e+02;-8.8272884e-02;1.0250000e+02;-7.5009748e-02;1.0250000e+02;-4.1414291e-02;1.0250000e+02;1.3350852e-02;1.0250000e+02;6.9905907e-02;1.0250000e+02;1.2904471e-01;1.0250000e+02;1.9270867e-01;1.0250000e+02;2.2419961e-01;1.0250000e+02;2.0968620e-01;1.0250000e+02;2.0649365e-01;1.0250000e+02;1.4874402e-01;1.0250000e+02;8.5473955e-02;1.0250000e+02;3.0680403e-02;1.0250000e+02;-1.7026909e-02;1.0250000e+02;-6.1340265e-02;1.0250000e+02;-1.0487905e-01;1.0250000e+02;-1.4662945e-01;1.0250000e+02;-1.8941936e-01;1.0250000e+02;-8.8272884e-02;1.0250000e+02;-7.5009748e-02;1.0250000e+02;-4.1414291e-02;1.0250000e+02;1.3350852e-02;1.0250000e+02;6.9905907e-02;1.0250000e+02;1.2904471e-01;1.0250000e+02;1.9270867e-01;1.0250000e+02;2.2419961e-01;1.0250000e+02;2.0968620e-01;1.0250000e+02;2.0649365e-01;1.0250000e+02;1.4874402e-01;1.0250000e+02;8.5473955e-02;1.0250000e+02;3.0680403e-02;1.0250000e+02;-1.7026909e-02;1.0250000e+02;-6.1340265e-02;1.0250000e+02;-1.0487905e-01;1.0250000e+02;-1.4662945e-01;1.0250000e+02;-1.8941936e-01;1.0250000e+02;-8.8272884e-02;1.0250000e+02;-7.5009748e-02;1.0250000e+02;-4.1414291e-02;1.0250000e+02;1.3350852e-02;1.0250000e+02;6.9905907e-02;1.0250000e+02;1.2904471e-01;1.0250000e+02;1.9270867e-01;1.0250000e+02;2.2419961e-01;1.0250000e+02;2.0968620e-01;1.0250000e+02;2.0649365e-01;1.0250000e+02;1.4874402e-01;1.0250000e+02;8.5473955e-02;1.0250000e+02;3.0680403e-02;1.0250000e+02;-1.7026909e-02;1.0250000e+02;-6.1340265e-02;1.0250000e+02;-1.0487905e-01;1.0250000e+02;-1.4662945e-01;1.0250000e+02;-1.8941936e-01;1.0250000e+02;-8.8272884e-02;1.0250000e+02;-7.5009748e-02;1.0250000e+02;-4.1414291e-02;1.0250000e+02;1.3350852e-02;1.0250000e+02;6.9905907e-02;1.0250000e+02;1.2904471e-01;1.0250000e+02;1.9270867e-01;1.0250000e+02;2.2419961e-01;1.0250000e+02;2.0968620e-01;1.0250000e+02;2.0649365e-01;1.0250000e+02;1.4874402e-01;1.0250000e+02;8.5473955e-02;1.0250000e+02;3.0680403e-02;1.0250000e+02;-1.7026909e-02;1.0250000e+02;-6.1340265e-02;1.0250000e+02;-1.0487905e-01;1.0250000e+02;-1.4662945e-01;1.0250000e+02;-1.8941936e-01;1.0250000e+02;-8.8272884e-02;1.0250000e+02;-7.5009748e-02;1.0250000e+02;-4.1414291e-02;1.0250000e+02;1.3350852e-02;1.0250000e+02;6.9905907e-02;1.0250000e+02;1.2904471e-01;1.0250000e+02;1.9270867e-01;1.0250000e+02;2.2419961e-01;1.0250000e+02;2.0968620e-01;1.0250000e+02;2.0649365e-01;1.0250000e+02;1.4874402e-01;1.0250000e+02;8.5473955e-02;1.0250000e+02;3.0680403e-02;1.0250000e+02;-1.7026909e-02;1.0250000e+02;-6.1340265e-02;1.0250000e+02;-1.0487905e-01;1.0250000e+02;-1.4662945e-01;1.0250000e+02;-1.8941936e-01;1.0250000e+02;-8.8272884e-02;1.0250000e+02;-7.5009748e-02;1.0250000e+02;-4.1414291e-02;1.0250000e+02;1.3350852e-02;1.0250000e+02;6.9905907e-02;1.0250000e+02;1.2904471e-01;1.0250000e+02;1.9270867e-01;1.0250000e+02;2.2419961e-01;1.0250000e+02;2.0968620e-01;1.0250000e+02;2.0649365e-01;1.0250000e+02;1.4874402e-01;1.0250000e+02;8.5473955e-02;1.0250000e+02;3.0680403e-02;1.0250000e+02;-1.7026909e-02;1.0250000e+02;-6.1340265e-02;1.0250000e+02;-1.0487905e-01;1.0250000e+02;-1.4662945e-01;1.0250000e+02;-1.8941936e-01;1.0250000e+02;-8.8272884e-02;1.0250000e+02;-7.5009748e-02;1.0250000e+02;-4.1414291e-02;1.0250000e+02;1.3350852e-02;1.0250000e+02;6.9905907e-02;1.0250000e+02;1.2904471e-01;1.0250000e+02;1.9270867e-01;1.0250000e+02;2.2419961e-01;1.0250000e+02;2.0968620e-01;1.0250000e+02;2.0649365e-01;1.0250000e+02;1.4874402e-01;1.0250000e+02;8.5473955e-02;1.0250000e+02;3.0680403e-02;1.0250000e+02;-1.7026909e-02;1.0250000e+02;-6.1340265e-02;1.0250000e+02;-1.0487905e-01;1.0250000e+02;-1.4662945e-01;1.0250000e+02;-1.8941936e-01;1.0250000e+02;-8.8272884e-02;1.0250000e+02;-7.5009748e-02;1.0250000e+02;-4.1414291e-02;1.0250000e+02;1.3350852e-02;1.0250000e+02;6.9905907e-02;1.0250000e+02;1.2904471e-01;1.0250000e+02;1.9270867e-01;1.0250000e+02;2.2419961e-01;1.0250000e+02;2.0968620e-01;1.0250000e+02;2.0649365e-01;1.0250000e+02;1.4874402e-01;1.0250000e+02;8.5473955e-02;1.0250000e+02;3.0680403e-02;1.0250000e+02;-1.7026909e-02;1.0250000e+02;-6.1340265e-02;1.0250000e+02;-1.0487905e-01;1.0250000e+02;-1.4662945e-01;1.0250000e+02;-1.8941936e-01;1.0250000e+02;-8.8272884e-02;1.0250000e+02;-7.5009748e-02;1.0250000e+02;-4.1414291e-02;1.0250000e+02;1.3350852e-02;1.0250000e+02;6.9905907e-02;1.0250000e+02;1.2904471e-01;1.0250000e+02;1.9270867e-01;1.0250000e+02;2.2419961e-01;1.0250000e+02;2.0968620e-01;1.0250000e+02;2.0649365e-01;1.0250000e+02;1.4874402e-01;1.0250000e+02;8.5473955e-02;1.0250000e+02;3.0680403e-02;1.0250000e+02;-1.7026909e-02;1.0250000e+02;-6.1340265e-02;1.0250000e+02;-1.0487905e-01;1.0250000e+02;-1.4662945e-01;1.0250000e+02;-1.8941936e-01;1.0250000e+02;-8.8272884e-02;1.0250000e+02;-7.5009748e-02;1.0250000e+02;-4.1414291e-02;1.0250000e+02;1.3350852e-02;1.0250000e+02;6.9905907e-02;1.0250000e+02;1.2904471e-01;1.0250000e+02;1.9270867e-01;1.0250000e+02;2.2419961e-01;1.0250000e+02;2.0968620e-01;1.0250000e+02;2.0649365e-01;1.0250000e+02;1.4874402e-01;1.0250000e+02;8.5473955e-02;1.0250000e+02;3.0680403e-02;1.0250000e+02;-1.7026909e-02;1.0250000e+02;-6.1340265e-02;1.0250000e+02;-1.0487905e-01;1.0250000e+02;-1.4662945e-01;1.0250000e+02;-1.8941936e-01;1.0250000e+02;-8.8272884e-02;1.0250000e+02;-7.5009748e-02;1.0250000e+02;-4.1414291e-02;1.0250000e+02;1.3350852e-02;1.0250000e+02;6.9905907e-02;1.0250000e+02;1.2904471e-01;1.0250000e+02;1.9270867e-01;1.0250000e+02;2.2419961e-01;1.0250000e+02;2.0968620e-01;1.0250000e+02;2.0649365e-01;1.0250000e+02;1.4874402e-01;1.0250000e+02;8.5473955e-02;1.0250000e+02;3.0680403e-02;1.0250000e+02;-1.7026909e-02;1.0250000e+02;-6.1340265e-02;1.0250000e+02;-1.0487905e-01;1.0250000e+02;-1.4662945e-01;1.0250000e+02;-1.8941936e-01;1.0250000e+02;-8.8272884e-02;1.0250000e+02;-7.5009748e-02;1.0250000e+02;-4.1414291e-02;1.0250000e+02;1.3350852e-02;1.0250000e+02;6.9905907e-02;1.0250000e+02;1.2904471e-01;1.0250000e+02;1.9270867e-01;1.0250000e+02;2.2419961e-01;1.0250000e+02;2.0968620e-01;1.0250000e+02;2.0649365e-01;1.0250000e+02;1.4874402e-01;1.0250000e+02;8.5473955e-02;1.0250000e+02;3.0680403e-02;1.0250000e+02;-1.7026909e-02;1.0250000e+02;-6.1340265e-02;1.0250000e+02;-1.0487905e-01;1.0250000e+02;-1.4662945e-01;1.0250000e+02;-1.8941936e-01;1.0250000e+02;-8.8272884e-02;1.0250000e+02;-7.5009748e-02;1.0250000e+02;-4.1414291e-02;1.0250000e+02;1.3350852e-02;1.0250000e+02;6.9905907e-02;1.0250000e+02;1.2904471e-01;1.0250000e+02;1.9270867e-01;1.0250000e+02;2.2419961e-01;1.0250000e+02;2.0968620e-01;1.0250000e+02;2.0649365e-01;1.0250000e+02;1.4874402e-01;1.0250000e+02;8.5473955e-02;1.0250000e+02;3.0680403e-02;1.0250000e+02;-1.7026909e-02;1.0250000e+02;-6.1340265e-02;1.0250000e+02;-1.0487905e-01;1.0250000e+02;-1.4662945e-01;1.0250000e+02;-1.8941936e-01;1.0250000e+02;-8.8272884e-02;1.0250000e+02;-7.5009748e-02;1.0250000e+02;-4.1414291e-02;1.0250000e+02;1.3350852e-02;1.0250000e+02;6.9905907e-02;1.0250000e+02;1.2904471e-01;1.0250000e+02;1.9270867e-01;1.0250000e+02;2.2419961e-01;1.0250000e+02;2.0968620e-01;1.0250000e+02;2.0649365e-01;1.0250000e+02;1.4874402e-01;1.0250000e+02;8.5473955e-02;1.0250000e+02;3.0680403e-02;1.0250000e+02;-1.7026909e-02;1.0250000e+02;-6.1340265e-02;1.0250000e+02;-1.0487905e-01;1.0250000e+02;-1.4662945e-01;1.0250000e+02;-1.8941936e-01;1.0250000e+02;-8.8272884e-02;1.0250000e+02;-7.5009748e-02;1.0250000e+02;-4.1414291e-02;1.0250000e+02;1.3350852e-02;1.0250000e+02;6.9905907e-02;1.0250000e+02;1.2904471e-01;1.0250000e+02;1.9270867e-01;1.0250000e+02;2.2419961e-01;1.0250000e+02;2.0968620e-01;1.0250000e+02;2.0649365e-01;1.0250000e+02;1.4874402e-01;1.0250000e+02;8.5473955e-02;1.0250000e+02;3.0680403e-02;1.0250000e+02;-1.7026909e-02;1.0250000e+02;-6.1340265e-02;1.0250000e+02;-1.0487905e-01;1.0250000e+02;-1.4662945e-01;1.0250000e+02;-1.8941936e-01;1.0250000e+02;-8.8272884e-02;1.0250000e+02;-7.5009748e-02;1.0250000e+02;-4.1414291e-02;1.0250000e+02;1.3350852e-02;1.0250000e+02;6.9905907e-02;1.0250000e+02;1.2904471e-01;1.0250000e+02;1.9270867e-01;1.0250000e+02;2.2419961e-01;1.0250000e+02;2.0968620e-01;1.0250000e+02;2.0649365e-01;1.0250000e+02;1.4874402e-01;1.0250000e+02;8.5473955e-02;1.0250000e+02;3.0680403e-02;1.0250000e+02;-1.7026909e-02;1.0250000e+02;-6.1340265e-02;1.0250000e+02;-1.0487905e-01;1.0250000e+02;-1.4662945e-01;1.0250000e+02;-1.8941936e-01;1.0250000e+02;-8.8272884e-02;1.0250000e+02;-7.5009748e-02;1.0250000e+02;-4.1414291e-02;1.0250000e+02;1.3350852e-02;1.0250000e+02;6.9905907e-02;1.0250000e+02;1.2904471e-01;1.0250000e+02;1.9270867e-01;1.0250000e+02;2.2419961e-01;1.0250000e+02;2.0968620e-01;1.0250000e+02;2.0649365e-01;1.0250000e+02;1.4874402e-01;1.0250000e+02;8.5473955e-02;1.0250000e+02;3.0680403e-02;1.0250000e+02;-1.7026909e-02;1.0250000e+02;-6.1340265e-02;1.0250000e+02;-1.0487905e-01;1.0250000e+02;-1.4662945e-01;1.0250000e+02;-1.8941936e-01;1.0250000e+02;-8.8272884e-02;1.0250000e+02;-7.5009748e-02;1.0250000e+02;-4.1414291e-02;1.0250000e+02;1.3350852e-02;1.0250000e+02;6.9905907e-02;1.0250000e+02;1.2904471e-01;1.0250000e+02;1.9270867e-01;1.0250000e+02;2.2419961e-01;1.0250000e+02;2.0968620e-01;1.0250000e+02;2.0649365e-01;1.0250000e+02;1.4874402e-01;1.0250000e+02;8.5473955e-02;1.0250000e+02;3.0680403e-02;1.0250000e+02;-1.7026909e-02;1.0250000e+02;-6.1340265e-02;1.0250000e+02;-1.0487905e-01;1.0250000e+02;-1.4662945e-01;1.0250000e+02;-1.8941936e-01;1.0250000e+02;-8.8272884e-02;1.0250000e+02;-7.5009748e-02;1.0250000e+02;-4.1414291e-02;1.0250000e+02;1.3350852e-02;1.0250000e+02;6.9905907e-02;1.0250000e+02;1.2904471e-01;1.0250000e+02;1.9270867e-01;1.0250000e+02;2.2419961e-01;1.0250000e+02;2.0968620e-01;1.0250000e+02;2.0649365e-01;1.0250000e+02;1.4874402e-01;1.0250000e+02;8.5473955e-02;1.0250000e+02;3.0680403e-02;1.0250000e+02;-1.7026909e-02;1.0250000e+02;-6.1340265e-02;1.0250000e+02;-1.0487905e-01;1.0250000e+02;-1.4662945e-01;1.0250000e+02;-1.8941936e-01;1.0250000e+02;-8.8272884e-02;1.0250000e+02;-7.5009748e-02;1.0250000e+02;-4.1414291e-02;1.0250000e+02;1.3350852e-02;1.0250000e+02;6.9905907e-02;1.0250000e+02;1.2904471e-01;1.0250000e+02;1.9270867e-01;1.0250000e+02;2.2419961e-01;1.0250000e+02;2.0968620e-01;1.0250000e+02;2.0649365e-01;1.0250000e+02;1.4874402e-01;1.0250000e+02;8.5473955e-02;1.0250000e+02;3.0680403e-02;1.0250000e+02;-1.7026909e-02;1.0250000e+02;-6.1340265e-02;1.0250000e+02;-1.0487905e-01;1.0250000e+02;-1.4662945e-01;1.0250000e+02;-1.8941936e-01;1.0250000e+02;-8.8272884e-02;1.0250000e+02;-7.5009748e-02;1.0250000e+02;-4.1414291e-02;1.0250000e+02;1.3350852e-02;1.0250000e+02;6.9905907e-02;1.0250000e+02;1.2904471e-01;1.0250000e+02;1.9270867e-01;1.0250000e+02;2.2419961e-01;1.0250000e+02;2.0968620e-01;1.0250000e+02;2.0649365e-01;1.0250000e+02;1.4874402e-01;1.0250000e+02;8.5473955e-02;1.0250000e+02;3.0680403e-02;1.0250000e+02;-1.7026909e-02;1.0250000e+02;-6.1340265e-02;1.0250000e+02;-1.0487905e-01;1.0250000e+02;-1.4662945e-01;1.0250000e+02;-1.8941936e-01;1.0250000e+02;-8.8272884e-02;1.0250000e+02;-7.5009748e-02;1.0250000e+02;-4.1414291e-02;1.0250000e+02;1.3350852e-02;1.0250000e+02;6.9905907e-02;1.0250000e+02;1.2904471e-01;1.0250000e+02;1.9270867e-01;1.0250000e+02;2.2419961e-01;1.0250000e+02;2.0968620e-01;1.0250000e+02;2.0649365e-01;1.0250000e+02;1.4874402e-01;1.0250000e+02;8.5473955e-02;1.0250000e+02;3.0680403e-02;1.0250000e+02;-1.7026909e-02;1.0250000e+02;-6.1340265e-02;1.0250000e+02;-1.0487905e-01;1.0250000e+02;-1.4662945e-01;1.0250000e+02;-1.8941936e-01;1.0250000e+02;-8.8272884e-02;1.0250000e+02;-7.5009748e-02;1.0250000e+02;-4.1414291e-02;1.0250000e+02;1.3350852e-02;1.0250000e+02;6.9905907e-02;1.0250000e+02;1.2904471e-01;1.0250000e+02;1.9270867e-01;1.0250000e+02;2.2419961e-01;1.0250000e+02;2.0968620e-01;1.0250000e+02;2.0649365e-01;1.0250000e+02;1.4874402e-01;1.0250000e+02;8.5473955e-02;1.0250000e+02;3.0680403e-02;1.0250000e+02;-1.7026909e-02;1.0250000e+02;-6.1340265e-02;1.0250000e+02;-1.0487905e-01;1.0250000e+02;-1.4662945e-01;1.0250000e+02;-1.8941936e-01;1.0250000e+02;-8.8272884e-02;1.0250000e+02;-7.5009748e-02;1.0250000e+02;-4.1414291e-02;1.0250000e+02;1.3350852e-02;1.0250000e+02;6.9905907e-02;1.0250000e+02;1.2904471e-01;1.0250000e+02;1.9270867e-01;1.0250000e+02;2.2419961e-01;1.0250000e+02;2.0968620e-01;1.0250000e+02;2.0649365e-01;1.0250000e+02;1.4874402e-01;1.0250000e+02;8.5473955e-02;1.0250000e+02;3.0680403e-02;1.0250000e+02;-1.7026909e-02;1.0250000e+02;-6.1340265e-02;1.0250000e+02;-1.0487905e-01;1.0250000e+02;-1.4662945e-01;1.0250000e+02;-1.8941936e-01;1.0250000e+02;-8.8272884e-02;1.0250000e+02;-7.5009748e-02;1.0250000e+02;-4.1414291e-02;1.0250000e+02;1.3350852e-02;1.0250000e+02;6.9905907e-02;1.0250000e+02;1.2904471e-01;1.0250000e+02;1.9270867e-01;1.0250000e+02;2.2419961e-01;1.0250000e+02;2.0968620e-01;1.0250000e+02;2.0649365e-01;1.0250000e+02;1.4874402e-01;1.0250000e+02;8.5473955e-02;1.0250000e+02;3.0680403e-02;1.0250000e+02;-1.7026909e-02;1.0250000e+02;-6.1340265e-02;1.0250000e+02;-1.0487905e-01;1.0250000e+02;-1.4662945e-01;1.0250000e+02;-1.8941936e-01;1.0250000e+02;-8.8272884e-02;1.0250000e+02;-7.5009748e-02;1.0250000e+02;-4.1414291e-02;1.0250000e+02;1.3350852e-02;1.0250000e+02;6.9905907e-02;1.0250000e+02;1.2904471e-01;1.0250000e+02;1.9270867e-01;1.0250000e+02;2.2419961e-01;1.0250000e+02;2.0968620e-01;1.0250000e+02;2.0649365e-01;1.0250000e+02;1.4874402e-01;1.0250000e+02;8.5473955e-02;1.0250000e+02;3.0680403e-02;1.0250000e+02;-1.7026909e-02;1.0250000e+02;-6.1340265e-02;1.0250000e+02;-1.0487905e-01;1.0250000e+02;-1.4662945e-01;1.0250000e+02;-1.8941936e-01;1.0250000e+02;-8.8272884e-02;1.0250000e+02;-7.5009748e-02;1.0250000e+02;-4.1414291e-02;1.0250000e+02;1.3350852e-02;1.0250000e+02;6.9905907e-02;1.0250000e+02;1.2904471e-01;1.0250000e+02;1.9270867e-01;1.0250000e+02;2.2419961e-01;1.0250000e+02;2.0968620e-01;1.0250000e+02;2.0649365e-01;1.0250000e+02;1.4874402e-01;1.0250000e+02;8.5473955e-02;1.0250000e+02;3.0680403e-02;1.0250000e+02;-1.7026909e-02;1.0250000e+02;-6.1340265e-02;1.0250000e+02;-1.0487905e-01;1.0250000e+02;-1.4662945e-01;1.0250000e+02;-1.8941936e-01;1.0250000e+02;-8.8272884e-02;1.0250000e+02;-7.5009748e-02;1.0250000e+02;-4.1414291e-02;1.0250000e+02;1.3350852e-02;1.0250000e+02;6.9905907e-02;1.0250000e+02;1.2904471e-01;1.0250000e+02;1.9270867e-01;1.0250000e+02;2.2419961e-01;1.0250000e+02;2.0968620e-01;1.0250000e+02;2.0649365e-01;1.0250000e+02;1.4874402e-01;1.0250000e+02;8.5473955e-02;1.0250000e+02;3.0680403e-02;1.0250000e+02;-1.7026909e-02;1.0250000e+02;-6.1340265e-02;1.0250000e+02;-1.0487905e-01;1.0250000e+02;-1.4662945e-01;1.0250000e+02;-1.8941936e-01;1.0250000e+02;-8.8272884e-02;1.0250000e+02;-7.5009748e-02;1.0250000e+02;-4.1414291e-02;1.0250000e+02;1.3350852e-02;1.0250000e+02;6.9905907e-02;1.0250000e+02;1.2904471e-01;1.0250000e+02;1.9270867e-01;1.0250000e+02;2.2419961e-01;1.0250000e+02;2.0968620e-01;1.0250000e+02;2.0649365e-01;1.0250000e+02;1.4874402e-01;1.0250000e+02;8.5473955e-02;1.0250000e+02;3.0680403e-02;1.0250000e+02;-1.7026909e-02;1.0250000e+02;-6.1340265e-02;1.0250000e+02;-1.0487905e-01;1.0250000e+02;-1.4662945e-01;1.0250000e+02;-1.8941936e-01;1.0250000e+02;-8.8272884e-02;1.0250000e+02;-7.5009748e-02;1.0250000e+02;-4.1414291e-02;1.0250000e+02;1.3350852e-02;1.0250000e+02;6.9905907e-02;1.0250000e+02;1.2904471e-01;1.0250000e+02;1.9270867e-01;1.0250000e+02;2.2419961e-01;1.0250000e+02;2.0968620e-01;1.0250000e+02;2.0649365e-01;1.0250000e+02;1.4874402e-01;1.0250000e+02;8.5473955e-02;1.0250000e+02;3.0680403e-02;1.0250000e+02;-1.7026909e-02;1.0250000e+02;-6.1340265e-02;1.0250000e+02;-1.0487905e-01;1.0250000e+02;-1.4662945e-01;1.0250000e+02;-1.8941936e-01;1.0250000e+02;-8.8272884e-02;1.0250000e+02;-7.5009748e-02;1.0250000e+02;-4.1414291e-02;1.0250000e+02;1.3350852e-02;1.0250000e+02;6.9905907e-02;1.0250000e+02;1.2904471e-01;1.0250000e+02;1.9270867e-01;1.0250000e+02;2.2419961e-01;1.0250000e+02;2.0968620e-01;1.0250000e+02;2.0649365e-01;1.0250000e+02;1.4874402e-01;1.0250000e+02;8.5473955e-02;1.0250000e+02;3.0680403e-02;1.0250000e+02;-1.7026909e-02;1.0250000e+02;-6.1340265e-02;1.0250000e+02;-1.0487905e-01;1.0250000e+02;-1.4662945e-01;1.0250000e+02;-1.8941936e-01;1.0250000e+02;-8.8272884e-02;1.0250000e+02;-7.5009748e-02;1.0250000e+02;-4.1414291e-02;1.0250000e+02;1.3350852e-02;1.0250000e+02;6.9905907e-02;1.0250000e+02;1.2904471e-01;1.0250000e+02;1.9270867e-01;1.0250000e+02;2.2419961e-01;1.0250000e+02;2.0968620e-01;1.0250000e+02;2.0649365e-01;1.0250000e+02;1.4874402e-01;1.0250000e+02;8.5473955e-02;1.0250000e+02;3.0680403e-02;1.0250000e+02;-1.7026909e-02;1.0250000e+02;-6.1340265e-02;1.0250000e+02;-1.0487905e-01;1.0250000e+02;-1.4662945e-01;1.0250000e+02;-1.8941936e-01;1.0250000e+02;-8.8272884e-02;1.0250000e+02;-7.5009748e-02;1.0250000e+02;-4.1414291e-02;1.0250000e+02;1.3350852e-02;1.0250000e+02;6.9905907e-02;1.0250000e+02;1.2904471e-01;1.0250000e+02;1.9270867e-01;1.0250000e+02;2.2419961e-01;1.0250000e+02;2.0968620e-01;1.0250000e+02;2.0649365e-01;1.0250000e+02;1.4874402e-01;1.0250000e+02;8.5473955e-02;1.0250000e+02;3.0680403e-02;1.0250000e+02;-1.7026909e-02;1.0250000e+02;-6.1340265e-02;1.0250000e+02;-1.0487905e-01;1.0250000e+02;-1.4662945e-01;1.0250000e+02;-1.8941936e-01;1.0250000e+02;-8.8272884e-02;1.0250000e+02;-7.5009748e-02;1.0250000e+02;-4.1414291e-02;1.0250000e+02;1.3350852e-02;1.0250000e+02;6.9905907e-02;1.0250000e+02;1.2904471e-01;1.0250000e+02;1.9270867e-01;1.0250000e+02;2.2419961e-01;1.0250000e+02;2.0968620e-01;1.0250000e+02;2.0649365e-01;1.0250000e+02;1.4874402e-01;1.0250000e+02;8.5473955e-02;1.0250000e+02;3.0680403e-02;1.0250000e+02;-1.7026909e-02;1.0250000e+02;-6.1340265e-02;1.0250000e+02;-1.0487905e-01;1.0250000e+02;-1.4662945e-01;1.0250000e+02;-1.8941936e-01;1.0250000e+02;-8.8272884e-02;1.0250000e+02;-7.5009748e-02;1.0250000e+02;-4.1414291e-02;1.0250000e+02;1.3350852e-02;1.0250000e+02;6.9905907e-02;1.0250000e+02;1.2904471e-01;1.0250000e+02;1.9270867e-01;1.0250000e+02;2.2419961e-01;1.0250000e+02;2.0968620e-01;1.0250000e+02;2.0649365e-01;1.0250000e+02;1.4874402e-01;1.0250000e+02;8.5473955e-02;1.0250000e+02;3.0680403e-02;1.0250000e+02;-1.7026909e-02;1.0250000e+02;-6.1340265e-02;1.0250000e+02;-1.0487905e-01;1.0250000e+02;-1.4662945e-01;1.0250000e+02;-1.8941936e-01;1.0250000e+02;-8.8272884e-02;1.0250000e+02;-7.5009748e-02;1.0250000e+02;-4.1414291e-02;1.0250000e+02;1.3350852e-02;1.0250000e+02;6.9905907e-02;1.0250000e+02;1.2904471e-01;1.0250000e+02;1.9270867e-01;1.0250000e+02;2.2419961e-01;1.0250000e+02;2.0968620e-01;1.0250000e+02;2.0649365e-01;1.0250000e+02;1.4874402e-01;1.0250000e+02;8.5473955e-02;1.0250000e+02;3.0680403e-02;1.0250000e+02;-1.7026909e-02;1.0250000e+02;-6.1340265e-02;1.0250000e+02;-1.0487905e-01;1.0250000e+02;-1.4662945e-01;1.0250000e+02;-1.8941936e-01;1.0250000e+02;-8.8272884e-02;1.0250000e+02;-7.5009748e-02;1.0250000e+02;-4.1414291e-02;1.0250000e+02;1.3350852e-02;1.0250000e+02;6.9905907e-02;1.0250000e+02;1.2904471e-01;1.0250000e+02;1.9270867e-01;1.0250000e+02;2.2419961e-01;1.0250000e+02;2.0968620e-01;1.0250000e+02;2.0649365e-01;1.0250000e+02;1.4874402e-01;1.0250000e+02;8.5473955e-02;1.0250000e+02;3.0680403e-02;1.0250000e+02;-1.7026909e-02;1.0250000e+02;-6.1340265e-02;1.0250000e+02;-1.0487905e-01;1.0250000e+02;-1.4662945e-01;1.0250000e+02;-1.8941936e-01;1.0250000e+02;-8.8272884e-02;1.0250000e+02;-7.5009748e-02;1.0250000e+02;-4.1414291e-02;1.0250000e+02;1.3350852e-02;1.0250000e+02;6.9905907e-02;1.0250000e+02;1.2904471e-01;1.0250000e+02;1.9270867e-01;1.0250000e+02;2.2419961e-01;1.0250000e+02;2.0968620e-01;1.0250000e+02;2.0649365e-01;1.0250000e+02;1.4874402e-01;1.0250000e+02;8.5473955e-02;1.0250000e+02;3.0680403e-02;1.0250000e+02;-1.7026909e-02;1.0250000e+02;-6.1340265e-02;1.0250000e+02;-1.0487905e-01;1.0250000e+02;-1.4662945e-01;1.0250000e+02;-1.8941936e-01;1.0250000e+02;-8.8272884e-02;1.0250000e+02;-7.5009748e-02;1.0250000e+02;-4.1414291e-02;1.0250000e+02;1.3350852e-02;1.0250000e+02;6.9905907e-02;1.0250000e+02;1.2904471e-01;1.0250000e+02;1.9270867e-01;1.0250000e+02;2.2419961e-01;1.0250000e+02;2.0968620e-01;1.0250000e+02;2.0649365e-01;1.0250000e+02;1.4874402e-01;1.0250000e+02;8.5473955e-02;1.0250000e+02;3.0680403e-02;1.0250000e+02;-1.7026909e-02;1.0250000e+02;-6.1340265e-02;1.0250000e+02;-1.0487905e-01;1.0250000e+02;-1.4662945e-01;1.0250000e+02;-1.8941936e-01;1.0250000e+02;-8.8272884e-02;1.0250000e+02;-7.5009748e-02;1.0250000e+02;-4.1414291e-02;1.0250000e+02;1.3350852e-02;1.0250000e+02;6.9905907e-02;1.0250000e+02;1.2904471e-01;1.0250000e+02;1.9270867e-01;1.0250000e+02;2.2419961e-01;1.0250000e+02;2.0968620e-01;1.0250000e+02;2.0649365e-01;1.0250000e+02;1.4874402e-01;1.0250000e+02;8.5473955e-02;1.0250000e+02;3.0680403e-02;1.0250000e+02;-1.7026909e-02;1.0250000e+02;-6.1340265e-02;1.0250000e+02;-1.0487905e-01;1.0250000e+02;-1.4662945e-01;1.0250000e+02;-1.8941936e-01;1.0250000e+02;-8.8272884e-02;1.0250000e+02;-7.5009748e-02;1.0250000e+02;-4.1414291e-02;1.0250000e+02;1.3350852e-02;1.0250000e+02;6.9905907e-02;1.0250000e+02;1.2904471e-01;1.0250000e+02;1.9270867e-01;1.0250000e+02;2.2419961e-01;1.0250000e+02;2.0968620e-01;1.0250000e+02;2.0649365e-01;1.0250000e+02;1.4874402e-01;1.0250000e+02;8.5473955e-02;1.0250000e+02;3.0680403e-02;1.0250000e+02;-1.7026909e-02;1.0250000e+02;-6.1340265e-02;1.0250000e+02;-1.0487905e-01;1.0250000e+02;-1.4662945e-01;1.0250000e+02;-1.8941936e-01;1.0250000e+02;-8.8272884e-02;1.0250000e+02;-7.5009748e-02;1.0250000e+02;-4.1414291e-02;1.0250000e+02;1.3350852e-02;1.0250000e+02;6.9905907e-02;1.0250000e+02;1.2904471e-01;1.0250000e+02;1.9270867e-01;1.0250000e+02;2.2419961e-01;1.0250000e+02;2.0968620e-01;1.0250000e+02;2.0649365e-01;1.0250000e+02;1.4874402e-01;1.0250000e+02;8.5473955e-02;1.0250000e+02;3.0680403e-02;1.0250000e+02;-1.7026909e-02;1.0250000e+02;-6.1340265e-02;1.0250000e+02;-1.0487905e-01;1.0250000e+02;-1.4662945e-01;1.0250000e+02;-1.8941936e-01;1.0250000e+02;-8.8272884e-02;1.0250000e+02;-7.5009748e-02;1.0250000e+02;-4.1414291e-02;1.0250000e+02;1.3350852e-02;1.0250000e+02;6.9905907e-02;1.0250000e+02;1.2904471e-01;1.0250000e+02;1.9270867e-01;1.0250000e+02;2.2419961e-01;1.0250000e+02;2.0968620e-01;1.0250000e+02;2.0649365e-01;1.0250000e+02;1.4874402e-01;1.0250000e+02;8.5473955e-02;1.0250000e+02;3.0680403e-02;1.0250000e+02;-1.7026909e-02;1.0250000e+02;-6.1340265e-02;1.0250000e+02;-1.0487905e-01;1.0250000e+02;-1.4662945e-01;1.0250000e+02;-1.8941936e-01;1.0250000e+02;-8.8272884e-02;1.0250000e+02;-7.5009748e-02;1.0250000e+02;-4.1414291e-02;1.0250000e+02;1.3350852e-02;1.0250000e+02;6.9905907e-02;1.0250000e+02;1.2904471e-01;1.0250000e+02;1.9270867e-01;1.0250000e+02;2.2419961e-01;1.0250000e+02;2.0968620e-01;1.0250000e+02;2.0649365e-01;1.0250000e+02;1.4874402e-01;1.0250000e+02;8.5473955e-02;1.0250000e+02;3.0680403e-02;1.0250000e+02;-1.7026909e-02;1.0250000e+02;-6.1340265e-02;1.0250000e+02;-1.0487905e-01;1.0250000e+02;-1.4662945e-01;1.0250000e+02;-1.8941936e-01;1.0250000e+02;-8.8272884e-02;1.0250000e+02;-7.5009748e-02;1.0250000e+02;-4.1414291e-02;1.0250000e+02;1.3350852e-02;1.0250000e+02;6.9905907e-02;1.0250000e+02;1.2904471e-01;1.0250000e+02;1.9270867e-01;1.0250000e+02;2.2419961e-01;1.0250000e+02;2.0968620e-01;1.0250000e+02;2.0649365e-01;1.0250000e+02;1.4874402e-01;1.0250000e+02;8.5473955e-02;1.0250000e+02;3.0680403e-02;1.0250000e+02;-1.7026909e-02;1.0250000e+02;-6.1340265e-02;1.0250000e+02;-1.0487905e-01;1.0250000e+02;-1.4662945e-01;1.0250000e+02;-1.8941936e-01;1.0250000e+02;-8.8272884e-02;1.0250000e+02;-7.5009748e-02;1.0250000e+02;-4.1414291e-02;1.0250000e+02;1.3350852e-02;1.0250000e+02;6.9905907e-02;1.0250000e+02;1.2904471e-01;1.0250000e+02;1.9270867e-01;1.0250000e+02;2.2419961e-01;1.0250000e+02;2.0968620e-01;1.0250000e+02;2.0649365e-01;1.0250000e+02;1.4874402e-01;1.0250000e+02;8.5473955e-02;1.0250000e+02;3.0680403e-02;1.0250000e+02;-1.7026909e-02;1.0250000e+02;-6.1340265e-02;1.0250000e+02;-1.0487905e-01;1.0250000e+02;-1.4662945e-01;1.0250000e+02;-1.8941936e-01;1.0250000e+02;-8.8272884e-02;1.0250000e+02;-7.5009748e-02;1.0250000e+02;-4.1414291e-02;1.0250000e+02;1.3350852e-02;1.0250000e+02;6.9905907e-02;1.0250000e+02;1.2904471e-01;1.0250000e+02;1.9270867e-01;1.0250000e+02;2.2419961e-01;1.0250000e+02;2.0968620e-01;1.0250000e+02;2.0649365e-01;1.0250000e+02;1.4874402e-01;1.0250000e+02;8.5473955e-02;1.0250000e+02;3.0680403e-02;1.0250000e+02;-1.7026909e-02;1.0250000e+02;-6.1340265e-02;1.0250000e+02;-1.0487905e-01;1.0250000e+02;-1.4662945e-01;1.0250000e+02;-1.8941936e-01;1.0250000e+02;-8.8272884e-02;1.0250000e+02;-7.5009748e-02;1.0250000e+02;-4.1414291e-02;1.0250000e+02;1.3350852e-02;1.0250000e+02;6.9905907e-02;1.0250000e+02;1.2904471e-01;1.0250000e+02;1.9270867e-01;1.0250000e+02;2.2419961e-01;1.0250000e+02;2.0968620e-01;1.0250000e+02;2.0649365e-01;1.0250000e+02;1.4874402e-01;1.0250000e+02;8.5473955e-02;1.0250000e+02;3.0680403e-02;1.0250000e+02;-1.7026909e-02;1.0250000e+02;-6.1340265e-02;1.0250000e+02;-1.0487905e-01;1.0250000e+02;-1.4662945e-01;1.0250000e+02;-1.8941936e-01;1.0250000e+02;-8.8272884e-02;1.0250000e+02;-7.5009748e-02;1.0250000e+02;-4.1414291e-02;1.0250000e+02;1.3350852e-02;1.0250000e+02;6.9905907e-02;1.0250000e+02;1.2904471e-01;1.0250000e+02;1.9270867e-01;1.0250000e+02;2.2419961e-01;1.0250000e+02;2.0968620e-01;1.0250000e+02;2.0649365e-01;1.0250000e+02;1.4874402e-01;1.0250000e+02;8.5473955e-02;1.0250000e+02;3.0680403e-02;1.0250000e+02;-1.7026909e-02;1.0250000e+02;-6.1340265e-02;1.0250000e+02;-1.0487905e-01;1.0250000e+02;-1.4662945e-01;1.0250000e+02;-1.8941936e-01;1.0250000e+02;-8.8272884e-02;1.0250000e+02;-7.5009748e-02;1.0250000e+02;-4.1414291e-02;1.0250000e+02;1.3350852e-02;1.0250000e+02;6.9905907e-02;1.0250000e+02;1.2904471e-01;1.0250000e+02;1.9270867e-01;1.0250000e+02;2.2419961e-01;1.0250000e+02;2.0968620e-01;1.0250000e+02;2.0649365e-01;1.0250000e+02;1.4874402e-01;1.0250000e+02;8.5473955e-02;1.0250000e+02;3.0680403e-02;1.0250000e+02;-1.7026909e-02;1.0250000e+02;-6.1340265e-02;1.0250000e+02;-1.0487905e-01;1.0250000e+02;-1.4662945e-01;1.0250000e+02;-1.8941936e-01;1.0250000e+02;-8.8272884e-02;1.0250000e+02;-7.5009748e-02;1.0250000e+02;-4.1414291e-02;1.0250000e+02;1.3350852e-02;1.0250000e+02;6.9905907e-02;1.0250000e+02;1.2904471e-01;1.0250000e+02;1.9270867e-01;1.0250000e+02;2.2419961e-01;1.0250000e+02;2.0968620e-01;1.0250000e+02;2.0649365e-01;1.0250000e+02;1.4874402e-01;1.0250000e+02;8.5473955e-02;1.0250000e+02;3.0680403e-02;1.0250000e+02;-1.7026909e-02;1.0250000e+02;-6.1340265e-02;1.0250000e+02;-1.0487905e-01;1.0250000e+02;-1.4662945e-01;1.0250000e+02;-1.8941936e-01;1.0250000e+02;-8.8272884e-02;1.0250000e+02;-7.5009748e-02;1.0250000e+02;-4.1414291e-02;1.0250000e+02;1.3350852e-02;1.0250000e+02;6.9905907e-02;1.0250000e+02;1.2904471e-01;1.0250000e+02;1.9270867e-01;1.0250000e+02;2.2419961e-01;1.0250000e+02;2.0968620e-01;1.0250000e+02;2.0649365e-01;1.0250000e+02;1.4874402e-01;1.0250000e+02;8.5473955e-02;1.0250000e+02;3.0680403e-02;1.0250000e+02;-1.7026909e-02;1.0250000e+02;-6.1340265e-02;1.0250000e+02;-1.0487905e-01;1.0250000e+02;-1.4662945e-01;1.0250000e+02;-1.8941936e-01;1.0250000e+02;-8.8272884e-02;1.0250000e+02;-7.5009748e-02;1.0250000e+02;-4.1414291e-02;1.0250000e+02;1.3350852e-02;1.0250000e+02;6.9905907e-02;1.0250000e+02;1.2904471e-01;1.0250000e+02;1.9270867e-01;1.0250000e+02;2.2419961e-01;1.0250000e+02;2.0968620e-01;1.0250000e+02;2.0649365e-01;1.0250000e+02;1.4874402e-01;1.0250000e+02;8.5473955e-02;1.0250000e+02;3.0680403e-02;1.0250000e+02;-1.7026909e-02;1.0250000e+02;-6.1340265e-02;1.0250000e+02;-1.0487905e-01;1.0250000e+02;-1.4662945e-01;1.0250000e+02;-1.8941936e-01;1.0250000e+02;-8.8272884e-02;1.0250000e+02;-7.5009748e-02;1.0250000e+02;-4.1414291e-02;1.0250000e+02;1.3350852e-02;1.0250000e+02;6.9905907e-02;1.0250000e+02;1.2904471e-01;1.0250000e+02;1.9270867e-01;1.0250000e+02;2.2419961e-01;1.0250000e+02;2.0968620e-01;1.0250000e+02;2.0649365e-01;1.0250000e+02;1.4874402e-01;1.0250000e+02;8.5473955e-02;1.0250000e+02;3.0680403e-02;1.0250000e+02;-1.7026909e-02;1.0250000e+02;-6.1340265e-02;1.0250000e+02;-1.0487905e-01;1.0250000e+02;-1.4662945e-01;1.0250000e+02;-1.8941936e-01;1.0250000e+02;-8.8272884e-02;1.0250000e+02;-7.5009748e-02;1.0250000e+02;-4.1414291e-02;1.0250000e+02;1.3350852e-02;1.0250000e+02;6.9905907e-02;1.0250000e+02;1.2904471e-01;1.0250000e+02;1.9270867e-01;1.0250000e+02;2.2419961e-01;1.0250000e+02;2.0968620e-01;1.0250000e+02;2.0649365e-01;1.0250000e+02;1.4874402e-01;1.0250000e+02;8.5473955e-02;1.0250000e+02;3.0680403e-02;1.0250000e+02;-1.7026909e-02;1.0250000e+02;-6.1340265e-02;1.0250000e+02;-1.0487905e-01;1.0250000e+02;-1.4662945e-01;1.0250000e+02;-1.8941936e-01;1.0250000e+02;-8.8272884e-02;1.0250000e+02;-7.5009748e-02;1.0250000e+02;-4.1414291e-02;1.0250000e+02;1.3350852e-02;1.0250000e+02;6.9905907e-02;1.0250000e+02;1.2904471e-01;1.0250000e+02;1.9270867e-01;1.0250000e+02;2.2419961e-01;1.0250000e+02;2.0968620e-01;1.0250000e+02;2.0649365e-01;1.0250000e+02;1.4874402e-01;1.0250000e+02;8.5473955e-02;1.0250000e+02;3.0680403e-02;1.0250000e+02;-1.7026909e-02;1.0250000e+02;-6.1340265e-02;1.0250000e+02;-1.0487905e-01;1.0250000e+02;-1.4662945e-01;1.0250000e+02;-1.8941936e-01;1.0250000e+02;-8.8272884e-02;1.0250000e+02;-7.5009748e-02;1.0250000e+02;-4.1414291e-02;1.0250000e+02;1.3350852e-02;1.0250000e+02;6.9905907e-02;1.0250000e+02;1.2904471e-01;1.0250000e+02;1.9270867e-01;1.0250000e+02;2.2419961e-01;1.0250000e+02;2.0968620e-01;1.0250000e+02;2.0649365e-01;1.0250000e+02;1.4874402e-01;1.0250000e+02;8.5473955e-02;1.0250000e+02;3.0680403e-02;1.0250000e+02;-1.7026909e-02;1.0250000e+02;-6.1340265e-02;1.0250000e+02;-1.0487905e-01;1.0250000e+02;-1.4662945e-01;1.0250000e+02;-1.8941936e-01;1.0250000e+02;-8.8272884e-02;1.0250000e+02;-7.5009748e-02;1.0250000e+02;-4.1414291e-02;1.0250000e+02;1.3350852e-02;1.0250000e+02;6.9905907e-02;1.0250000e+02;1.2904471e-01;1.0250000e+02;1.9270867e-01;1.0250000e+02;2.2419961e-01;1.0250000e+02;2.0968620e-01;1.0250000e+02;2.0649365e-01;1.0250000e+02;1.4874402e-01;1.0250000e+02;8.5473955e-02;1.0250000e+02;3.0680403e-02;1.0250000e+02;-1.7026909e-02;1.0250000e+02;-6.1340265e-02;1.0250000e+02;-1.0487905e-01;1.0250000e+02;-1.4662945e-01;1.0250000e+02;-1.8941936e-01;1.0250000e+02;-8.8272884e-02;1.0250000e+02;-7.5009748e-02;1.0250000e+02;-4.1414291e-02;1.0250000e+02;1.3350852e-02;1.0250000e+02;6.9905907e-02;1.0250000e+02;1.2904471e-01;1.0250000e+02;1.9270867e-01;1.0250000e+02;2.2419961e-01;1.0250000e+02;2.0968620e-01;1.0250000e+02;2.0649365e-01;1.0250000e+02;1.4874402e-01;1.0250000e+02;8.5473955e-02;1.0250000e+02;3.0680403e-02;1.0250000e+02;-1.7026909e-02;1.0250000e+02;-6.1340265e-02;1.0250000e+02;-1.0487905e-01;1.0250000e+02;-1.4662945e-01;1.0250000e+02;-1.8941936e-01;1.0250000e+02;-8.8272884e-02;1.0250000e+02;-7.5009748e-02;1.0250000e+02;-4.1414291e-02;1.0250000e+02;1.3350852e-02;1.0250000e+02;6.9905907e-02;1.0250000e+02;1.2904471e-01;1.0250000e+02;1.9270867e-01;1.0250000e+02;2.2419961e-01;1.0250000e+02;2.0968620e-01;1.0250000e+02;2.0649365e-01;1.0250000e+02;1.4874402e-01;1.0250000e+02;8.5473955e-02;1.0250000e+02;3.0680403e-02;1.0250000e+02;-1.7026909e-02;1.0250000e+02;-6.1340265e-02;1.0250000e+02;-1.0487905e-01;1.0250000e+02;-1.4662945e-01;1.0250000e+02;-1.8941936e-01;1.0250000e+02;-8.8272884e-02;1.0250000e+02;-7.5009748e-02;1.0250000e+02;-4.1414291e-02;1.0250000e+02;1.3350852e-02;1.0250000e+02;6.9905907e-02;1.0250000e+02;1.2904471e-01;1.0250000e+02;1.9270867e-01;1.0250000e+02;2.2419961e-01;1.0250000e+02;2.0968620e-01;1.0250000e+02;2.0649365e-01;1.0250000e+02;1.4874402e-01;1.0250000e+02;8.5473955e-02;1.0250000e+02;3.0680403e-02;1.0250000e+02;-1.7026909e-02;1.0250000e+02;-6.1340265e-02;1.0250000e+02;-1.0487905e-01;1.0250000e+02;-1.4662945e-01;1.0250000e+02;-1.8941936e-01;1.0250000e+02;-8.8272884e-02;1.0250000e+02;-7.5009748e-02;1.0250000e+02;-4.1414291e-02;1.0250000e+02;1.3350852e-02;1.0250000e+02;6.9905907e-02;1.0250000e+02;1.2904471e-01;1.0250000e+02;1.9270867e-01;1.0250000e+02;2.2419961e-01;1.0250000e+02;2.0968620e-01;1.0250000e+02;2.0649365e-01;1.0250000e+02;1.4874402e-01;1.0250000e+02;8.5473955e-02;1.0250000e+02;3.0680403e-02;1.0250000e+02;-1.7026909e-02;1.0250000e+02;-6.1340265e-02;1.0250000e+02;-1.0487905e-01;1.0250000e+02;-1.4662945e-01;1.0250000e+02;-1.8941936e-01;1.0250000e+02;-8.8272884e-02;1.0250000e+02;-7.5009748e-02;1.0250000e+02;-4.1414291e-02;1.0250000e+02;1.3350852e-02;1.0250000e+02;6.9905907e-02;1.0250000e+02;1.2904471e-01;1.0250000e+02;1.9270867e-01;1.0250000e+02;2.2419961e-01;1.0250000e+02;2.0968620e-01;1.0250000e+02;2.0649365e-01;1.0250000e+02;1.4874402e-01;1.0250000e+02;8.5473955e-02;1.0250000e+02;3.0680403e-02;1.0250000e+02;-1.7026909e-02;1.0250000e+02;-6.1340265e-02;1.0250000e+02;-1.0487905e-01;1.0250000e+02;-1.4662945e-01;1.0250000e+02;-1.8941936e-01;1.0250000e+02;-8.8272884e-02;1.0250000e+02;-7.5009748e-02;1.0250000e+02;-4.1414291e-02;1.0250000e+02;1.3350852e-02;1.0250000e+02;6.9905907e-02;1.0250000e+02;1.2904471e-01;1.0250000e+02;1.9270867e-01;1.0250000e+02;2.2419961e-01;1.0250000e+02;2.0968620e-01;1.0250000e+02;2.0649365e-01;1.0250000e+02;1.4874402e-01;1.0250000e+02;8.5473955e-02;1.0250000e+02;3.0680403e-02;1.0250000e+02;-1.7026909e-02;1.0250000e+02;-6.1340265e-02;1.0250000e+02;-1.0487905e-01;1.0250000e+02;-1.4662945e-01;1.0250000e+02;-1.8941936e-01;1.0250000e+02;-8.8272884e-02;1.0250000e+02;-7.5009748e-02;1.0250000e+02;-4.1414291e-02;1.0250000e+02;1.3350852e-02;1.0250000e+02;6.9905907e-02;1.0250000e+02;1.2904471e-01;1.0250000e+02;1.9270867e-01;1.0250000e+02;2.2419961e-01;1.0250000e+02;2.0968620e-01;1.0250000e+02;2.0649365e-01;1.0250000e+02;1.4874402e-01;1.0250000e+02;8.5473955e-02;1.0250000e+02;3.0680403e-02;1.0250000e+02;-1.7026909e-02;1.0250000e+02;-6.1340265e-02;1.0250000e+02;-1.0487905e-01;1.0250000e+02;-1.4662945e-01;1.0250000e+02;-1.8941936e-01;1.0250000e+02;-8.8272884e-02;1.0250000e+02;-7.5009748e-02;1.0250000e+02;-4.1414291e-02;1.0250000e+02;1.3350852e-02;1.0250000e+02;6.9905907e-02;1.0250000e+02;1.2904471e-01;1.0250000e+02;1.9270867e-01;1.0250000e+02;2.2419961e-01;1.0250000e+02;2.0968620e-01;1.0250000e+02;2.0649365e-01;1.0250000e+02;1.4874402e-01;1.0250000e+02;8.5473955e-02;1.0250000e+02;3.0680403e-02;1.0250000e+02;-1.7026909e-02;1.0250000e+02;-6.1340265e-02;1.0250000e+02;-1.0487905e-01;1.0250000e+02;-1.4662945e-01;1.0250000e+02;-1.8941936e-01;1.0250000e+02;-8.8272884e-02;1.0250000e+02;-7.5009748e-02;1.0250000e+02;-4.1414291e-02;1.0250000e+02;1.3350852e-02;1.0250000e+02;6.9905907e-02;1.0250000e+02;1.2904471e-01;1.0250000e+02;1.9270867e-01;1.0250000e+02;2.2419961e-01;1.0250000e+02;2.0968620e-01;1.0250000e+02;2.0649365e-01;1.0250000e+02;1.4874402e-01;1.0250000e+02;8.5473955e-02;1.0250000e+02;3.0680403e-02;1.0250000e+02;-1.7026909e-02;1.0250000e+02;-6.1340265e-02;1.0250000e+02;-1.0487905e-01;1.0250000e+02;-1.4662945e-01;1.0250000e+02;-1.8941936e-01;1.0250000e+02;-8.8272884e-02;1.0250000e+02;-7.5009748e-02;1.0250000e+02;-4.1414291e-02;1.0250000e+02;1.3350852e-02;1.0250000e+02;6.9905907e-02;1.0250000e+02;1.2904471e-01;1.0250000e+02;1.9270867e-01;1.0250000e+02;2.2419961e-01;1.0250000e+02;2.0968620e-01;1.0250000e+02;2.0649365e-01;1.0250000e+02;1.4874402e-01;1.0250000e+02;8.5473955e-02;1.0250000e+02;3.0680403e-02;1.0250000e+02;-1.7026909e-02;1.0250000e+02;-6.1340265e-02;1.0250000e+02;-1.0487905e-01;1.0250000e+02;-1.4662945e-01;1.0250000e+02;-1.8941936e-01;1.0250000e+02;-8.8272884e-02;1.0250000e+02;-7.5009748e-02;1.0250000e+02;-4.1414291e-02;1.0250000e+02;1.3350852e-02;1.0250000e+02;6.9905907e-02;1.0250000e+02;1.2904471e-01;1.0250000e+02;1.9270867e-01;1.0250000e+02;2.2419961e-01;1.0250000e+02;2.0968620e-01;1.0250000e+02;2.0649365e-01;1.0250000e+02;1.4874402e-01;1.0250000e+02;8.5473955e-02;1.0250000e+02;3.0680403e-02;1.0250000e+02;-1.7026909e-02;1.0250000e+02;-6.1340265e-02;1.0250000e+02;-1.0487905e-01;1.0250000e+02;-1.4662945e-01;1.0250000e+02;-1.8941936e-01;1.0250000e+02;-8.8272884e-02;1.0250000e+02;-7.5009748e-02;1.0250000e+02;-4.1414291e-02;1.0250000e+02;1.3350852e-02;1.0250000e+02;6.9905907e-02;1.0250000e+02;1.2904471e-01;1.0250000e+02;1.9270867e-01;1.0250000e+02;2.2419961e-01;1.0250000e+02;2.0968620e-01;1.0250000e+02;2.0649365e-01;1.0250000e+02;1.4874402e-01;1.0250000e+02;8.5473955e-02;1.0250000e+02;3.0680403e-02;1.0250000e+02;-1.7026909e-02;1.0250000e+02;-6.1340265e-02;1.0250000e+02;-1.0487905e-01;1.0250000e+02;-1.4662945e-01;1.0250000e+02;-1.8941936e-01;1.0250000e+02;-8.8272884e-02;1.0250000e+02;-7.5009748e-02;1.0250000e+02;-4.1414291e-02;1.0250000e+02;1.3350852e-02;1.0250000e+02;6.9905907e-02;1.0250000e+02;1.2904471e-01;1.0250000e+02;1.9270867e-01;1.0250000e+02;2.2419961e-01;1.0250000e+02;2.0968620e-01;1.0250000e+02;2.0649365e-01;1.0250000e+02;1.4874402e-01;1.0250000e+02;8.5473955e-02;1.0250000e+02;3.0680403e-02;1.0250000e+02;-1.7026909e-02;1.0250000e+02;-6.1340265e-02;1.0250000e+02;-1.0487905e-01;1.0250000e+02;-1.4662945e-01;1.0250000e+02;-1.8941936e-01;1.0250000e+02;-8.8272884e-02;1.0250000e+02;-7.5009748e-02;1.0250000e+02;-4.1414291e-02;1.0250000e+02;1.3350852e-02;1.0250000e+02;6.9905907e-02;1.0250000e+02;1.2904471e-01;1.0250000e+02;1.9270867e-01;1.0250000e+02;2.2419961e-01;1.0250000e+02;2.0968620e-01;1.0250000e+02;2.0649365e-01;1.0250000e+02;1.4874402e-01;1.0250000e+02;8.5473955e-02;1.0250000e+02;3.0680403e-02;1.0250000e+02;-1.7026909e-02;1.0250000e+02;-6.1340265e-02;1.0250000e+02;-1.0487905e-01;1.0250000e+02;-1.4662945e-01;1.0250000e+02;-1.8941936e-01;1.0250000e+02;-8.8272884e-02;1.0250000e+02;-7.5009748e-02;1.0250000e+02;-4.1414291e-02;1.0250000e+02;1.3350852e-02;1.0250000e+02;6.9905907e-02;1.0250000e+02;1.2904471e-01;1.0250000e+02;1.9270867e-01;1.0250000e+02;2.2419961e-01;1.0250000e+02;2.0968620e-01;1.0250000e+02;2.0649365e-01;1.0250000e+02;1.4874402e-01;1.0250000e+02;8.5473955e-02;1.0250000e+02;3.0680403e-02;1.0250000e+02;-1.7026909e-02;1.0250000e+02;-6.1340265e-02;1.0250000e+02;-1.0487905e-01;1.0250000e+02;-1.4662945e-01;1.0250000e+02;-1.8941936e-01;1.0250000e+02;-8.8272884e-02;1.0250000e+02;-7.5009748e-02;1.0250000e+02;-4.1414291e-02;1.0250000e+02;1.3350852e-02;1.0250000e+02;6.9905907e-02;1.0250000e+02;1.2904471e-01;1.0250000e+02;1.9270867e-01;1.0250000e+02;2.2419961e-01;1.0250000e+02;2.0968620e-01;1.0250000e+02;2.0649365e-01;1.0250000e+02;1.4874402e-01;1.0250000e+02;8.5473955e-02;1.0250000e+02;3.0680403e-02;1.0250000e+02;-1.7026909e-02;1.0250000e+02;-6.1340265e-02;1.0250000e+02;-1.0487905e-01;1.0250000e+02;-1.4662945e-01;1.0250000e+02;-1.8941936e-01;1.0250000e+02;-8.8272884e-02;1.0250000e+02;-7.5009748e-02;1.0250000e+02;-4.1414291e-02;1.0250000e+02;1.3350852e-02;1.0250000e+02;6.9905907e-02;1.0250000e+02;1.2904471e-01;1.0250000e+02;1.9270867e-01;1.0250000e+02;2.2419961e-01;1.0250000e+02;2.0968620e-01;1.0250000e+02;2.0649365e-01;1.0250000e+02;1.4874402e-01;1.0250000e+02;8.5473955e-02;1.0250000e+02;3.0680403e-02;1.0250000e+02;-1.7026909e-02;1.0250000e+02;-6.1340265e-02;1.0250000e+02;-1.0487905e-01;1.0250000e+02;-1.4662945e-01;1.0250000e+02;-1.8941936e-01;1.0250000e+02;-8.8272884e-02;1.0250000e+02;-7.5009748e-02;1.0250000e+02;-4.1414291e-02;1.0250000e+02;1.3350852e-02;1.0250000e+02;6.9905907e-02;1.0250000e+02;1.2904471e-01;1.0250000e+02;1.9270867e-01;1.0250000e+02;2.2419961e-01;1.0250000e+02;2.0968620e-01;1.0250000e+02;2.0649365e-01;1.0250000e+02;1.4874402e-01;1.0250000e+02;8.5473955e-02;1.0250000e+02;3.0680403e-02;1.0250000e+02;-1.7026909e-02;1.0250000e+02;-6.1340265e-02;1.0250000e+02;-1.0487905e-01;1.0250000e+02;-1.4662945e-01;1.0250000e+02;-1.8941936e-01;1.0250000e+02;-8.8272884e-02;1.0250000e+02;-7.5009748e-02;1.0250000e+02;-4.1414291e-02;1.0250000e+02;1.3350852e-02;1.0250000e+02;6.9905907e-02;1.0250000e+02;1.2904471e-01;1.0250000e+02;1.9270867e-01;1.0250000e+02;2.2419961e-01;1.0250000e+02;2.0968620e-01;1.0250000e+02;2.0649365e-01;1.0250000e+02;1.4874402e-01;1.0250000e+02;8.5473955e-02;1.0250000e+02;3.0680403e-02;1.0250000e+02;-1.7026909e-02;1.0250000e+02;-6.1340265e-02;1.0250000e+02;-1.0487905e-01;1.0250000e+02;-1.4662945e-01;1.0250000e+02;-1.8941936e-01;1.0250000e+02;-8.8272884e-02;1.0250000e+02;-7.5009748e-02;1.0250000e+02;-4.1414291e-02;1.0250000e+02;1.3350852e-02;1.0250000e+02;6.9905907e-02;1.0250000e+02;1.2904471e-01;1.0250000e+02;1.9270867e-01;1.0250000e+02;2.2419961e-01;1.0250000e+02;2.0968620e-01;1.0250000e+02;2.0649365e-01;1.0250000e+02;1.4874402e-01;1.0250000e+02;8.5473955e-02;1.0250000e+02;3.0680403e-02;1.0250000e+02;-1.7026909e-02;1.0250000e+02;-6.1340265e-02;1.0250000e+02;-1.0487905e-01;1.0250000e+02;-1.4662945e-01;1.0250000e+02;-1.8941936e-01;1.0250000e+02;-8.8272884e-02;1.0250000e+02;-7.5009748e-02;1.0250000e+02;-4.1414291e-02;1.0250000e+02;1.3350852e-02;1.0250000e+02;6.9905907e-02;1.0250000e+02;1.2904471e-01;1.0250000e+02;1.9270867e-01;1.0250000e+02;2.2419961e-01;1.0250000e+02;2.0968620e-01;1.0250000e+02;2.0649365e-01;1.0250000e+02;1.4874402e-01;1.0250000e+02;8.5473955e-02;1.0250000e+02;3.0680403e-02;1.0250000e+02;-1.7026909e-02;1.0250000e+02;-6.1340265e-02;1.0250000e+02;-1.0487905e-01;1.0250000e+02;-1.4662945e-01;1.0250000e+02;-1.8941936e-01;1.0250000e+02;-8.8272884e-02;1.0250000e+02;-7.5009748e-02;1.0250000e+02;-4.1414291e-02;1.0250000e+02;1.3350852e-02;1.0250000e+02;6.9905907e-02;1.0250000e+02;1.2904471e-01;1.0250000e+02;1.9270867e-01;1.0250000e+02;2.2419961e-01;1.0250000e+02;2.0968620e-01;1.0250000e+02;2.0649365e-01;1.0250000e+02;1.4874402e-01;1.0250000e+02;8.5473955e-02;1.0250000e+02;3.0680403e-02;1.0250000e+02;-1.7026909e-02;1.0250000e+02;-6.1340265e-02;1.0250000e+02;-1.0487905e-01;1.0250000e+02;-1.4662945e-01;1.0250000e+02;-1.8941936e-01;1.0250000e+02;-8.8272884e-02;1.0250000e+02;-7.5009748e-02;1.0250000e+02;-4.1414291e-02;1.0250000e+02;1.3350852e-02;1.0250000e+02;6.9905907e-02;1.0250000e+02;1.2904471e-01;1.0250000e+02;1.9270867e-01;1.0250000e+02;2.2419961e-01;1.0250000e+02;2.0968620e-01;1.0250000e+02;2.0649365e-01;1.0250000e+02;1.4874402e-01;1.0250000e+02;8.5473955e-02;1.0250000e+02;3.0680403e-02;1.0250000e+02;-1.7026909e-02;1.0250000e+02;-6.1340265e-02;1.0250000e+02;-1.0487905e-01;1.0250000e+02;-1.4662945e-01;1.0250000e+02;-1.8941936e-01;1.0250000e+02;-8.8272884e-02;1.0250000e+02;-7.5009748e-02;1.0250000e+02;-4.1414291e-02;1.0250000e+02;1.3350852e-02;1.0250000e+02;6.9905907e-02;1.0250000e+02;1.2904471e-01;1.0250000e+02;1.9270867e-01;1.0250000e+02;2.2419961e-01;1.0250000e+02;2.0968620e-01;1.0250000e+02;2.0649365e-01;1.0250000e+02;1.4874402e-01;1.0250000e+02;8.5473955e-02;1.0250000e+02;3.0680403e-02;1.0250000e+02;-1.7026909e-02;1.0250000e+02;-6.1340265e-02;1.0250000e+02;-1.0487905e-01;1.0250000e+02;-1.4662945e-01;1.0250000e+02;-1.8941936e-01;1.0250000e+02;-8.8272884e-02;1.0250000e+02;-7.5009748e-02;1.0250000e+02;-4.1414291e-02;1.0250000e+02;1.3350852e-02;1.0250000e+02;6.9905907e-02;1.0250000e+02;1.2904471e-01;1.0250000e+02;1.9270867e-01;1.0250000e+02;2.2419961e-01;1.0250000e+02;2.0968620e-01;1.0250000e+02;2.0649365e-01;1.0250000e+02;1.4874402e-01;1.0250000e+02;8.5473955e-02;1.0250000e+02;3.0680403e-02;1.0250000e+02;-1.7026909e-02;1.0250000e+02;-6.1340265e-02;1.0250000e+02;-1.0487905e-01;1.0250000e+02;-1.4662945e-01;1.0250000e+02;-1.8941936e-01;1.0250000e+02;-8.8272884e-02;1.0250000e+02;-7.5009748e-02;1.0250000e+02;-4.1414291e-02;1.0250000e+02;1.3350852e-02;1.0250000e+02;6.9905907e-02;1.0250000e+02;1.2904471e-01;1.0250000e+02;1.9270867e-01;1.0250000e+02;2.2419961e-01;1.0250000e+02;2.0968620e-01;1.0250000e+02;2.0649365e-01;1.0250000e+02;1.4874402e-01;1.0250000e+02;8.5473955e-02;1.0250000e+02;3.0680403e-02;1.0250000e+02;-1.7026909e-02;1.0250000e+02;-6.1340265e-02;1.0250000e+02;-1.0487905e-01;1.0250000e+02;-1.4662945e-01;1.0250000e+02;-1.8941936e-01;1.0250000e+02;-8.8272884e-02;1.0250000e+02;-7.5009748e-02;1.0250000e+02;-4.1414291e-02;1.0250000e+02;1.3350852e-02;1.0250000e+02;6.9905907e-02;1.0250000e+02;1.2904471e-01;1.0250000e+02;1.9270867e-01;1.0250000e+02;2.2419961e-01;1.0250000e+02;2.0968620e-01;1.0250000e+02;2.0649365e-01;1.0250000e+02;1.4874402e-01;1.0250000e+02;8.5473955e-02;1.0250000e+02;3.0680403e-02;1.0250000e+02;-1.7026909e-02;1.0250000e+02;-6.1340265e-02;1.0250000e+02;-1.0487905e-01;1.0250000e+02;-1.4662945e-01;1.0250000e+02;-1.8941936e-01;1.0250000e+02;-8.8272884e-02;1.0250000e+02;-7.5009748e-02;1.0250000e+02;-4.1414291e-02;1.0250000e+02;1.3350852e-02;1.0250000e+02;6.9905907e-02;1.0250000e+02;1.2904471e-01;1.0250000e+02;1.9270867e-01;1.0250000e+02;2.2419961e-01;1.0250000e+02;2.0968620e-01;1.0250000e+02;2.0649365e-01;1.0250000e+02;1.4874402e-01;1.0250000e+02;8.5473955e-02;1.0250000e+02;3.0680403e-02;1.0250000e+02;-1.7026909e-02;1.0250000e+02;-6.1340265e-02;1.0250000e+02;-1.0487905e-01;1.0250000e+02;-1.4662945e-01;1.0250000e+02;-1.8941936e-01;1.0250000e+02;-8.8272884e-02;1.0250000e+02;-7.5009748e-02;1.0250000e+02;-4.1414291e-02;1.0250000e+02;1.3350852e-02;1.0250000e+02;6.9905907e-02;1.0250000e+02;1.2904471e-01;1.0250000e+02;1.9270867e-01;1.0250000e+02;2.2419961e-01;1.0250000e+02;2.0968620e-01;1.0250000e+02;2.0649365e-01;1.0250000e+02;1.4874402e-01;1.0250000e+02;8.5473955e-02;1.0250000e+02;3.0680403e-02;1.0250000e+02;-1.7026909e-02;1.0250000e+02;-6.1340265e-02;1.0250000e+02;-1.0487905e-01;1.0250000e+02;-1.4662945e-01;1.0250000e+02;-1.8941936e-01;1.0250000e+02;-8.8272884e-02;1.0250000e+02;-7.5009748e-02;1.0250000e+02;-4.1414291e-02;1.0250000e+02;1.3350852e-02;1.0250000e+02;6.9905907e-02;1.0250000e+02;1.2904471e-01;1.0250000e+02;1.9270867e-01;1.0250000e+02;2.2419961e-01;1.0250000e+02;2.0968620e-01;1.0250000e+02;2.0649365e-01;1.0250000e+02;1.4874402e-01;1.0250000e+02;8.5473955e-02;1.0250000e+02;3.0680403e-02;1.0250000e+02;-1.7026909e-02;1.0250000e+02;-6.1340265e-02;1.0250000e+02;-1.0487905e-01;1.0250000e+02;-1.4662945e-01;1.0250000e+02;-1.8941936e-01;1.0250000e+02;-8.8272884e-02;1.0250000e+02;-7.5009748e-02;1.0250000e+02;-4.1414291e-02;1.0250000e+02;1.3350852e-02;1.0250000e+02;6.9905907e-02;1.0250000e+02;1.2904471e-01;1.0250000e+02;1.9270867e-01;1.0250000e+02;2.2419961e-01;1.0250000e+02;2.0968620e-01;1.0250000e+02;2.0649365e-01;1.0250000e+02;1.4874402e-01;1.0250000e+02;8.5473955e-02;1.0250000e+02;3.0680403e-02;1.0250000e+02;-1.7026909e-02;1.0250000e+02;-6.1340265e-02;1.0250000e+02;-1.0487905e-01;1.0250000e+02;-1.4662945e-01;1.0250000e+02;-1.8941936e-01;1.0250000e+02;-8.8272884e-02;1.0250000e+02;-7.5009748e-02;1.0250000e+02;-4.1414291e-02;1.0250000e+02;1.3350852e-02;1.0250000e+02;6.9905907e-02;1.0250000e+02;1.2904471e-01;1.0250000e+02;1.9270867e-01;1.0250000e+02;2.2419961e-01;1.0250000e+02;2.0968620e-01;1.0250000e+02;2.0649365e-01;1.0250000e+02;1.4874402e-01;1.0250000e+02;8.5473955e-02;1.0250000e+02;3.0680403e-02;1.0250000e+02;-1.7026909e-02;1.0250000e+02;-6.1340265e-02;1.0250000e+02;-1.0487905e-01;1.0250000e+02;-1.4662945e-01;1.0250000e+02;-1.8941936e-01;1.0250000e+02;-8.8272884e-02;1.0250000e+02;-7.5009748e-02;1.0250000e+02;-4.1414291e-02;1.0250000e+02;1.3350852e-02;1.0250000e+02;6.9905907e-02;1.0250000e+02;1.2904471e-01;1.0250000e+02;1.9270867e-01;1.0250000e+02;2.2419961e-01;1.0250000e+02;2.0968620e-01;1.0250000e+02;2.0649365e-01;1.0250000e+02;1.4874402e-01;1.0250000e+02;8.5473955e-02;1.0250000e+02;3.0680403e-02;1.0250000e+02;-1.7026909e-02;1.0250000e+02;-6.1340265e-02;1.0250000e+02;-1.0487905e-01;1.0250000e+02;-1.4662945e-01;1.0250000e+02;-1.8941936e-01;1.0250000e+02;-8.8272884e-02;1.0250000e+02;-7.5009748e-02;1.0250000e+02;-4.1414291e-02;1.0250000e+02;1.3350852e-02;1.0250000e+02;6.9905907e-02;1.0250000e+02;1.2904471e-01;1.0250000e+02;1.9270867e-01;1.0250000e+02;2.2419961e-01;1.0250000e+02;2.0968620e-01;1.0250000e+02;2.0649365e-01;1.0250000e+02;1.4874402e-01;1.0250000e+02;8.5473955e-02;1.0250000e+02;3.0680403e-02;1.0250000e+02;-1.7026909e-02;1.0250000e+02;-6.1340265e-02;1.0250000e+02;-1.0487905e-01;1.0250000e+02;-1.4662945e-01;1.0250000e+02;-1.8941936e-01;1.0250000e+02;-8.8272884e-02;1.0250000e+02;-7.5009748e-02;1.0250000e+02;-4.1414291e-02;1.0250000e+02;1.3350852e-02;1.0250000e+02;6.9905907e-02;1.0250000e+02;1.2904471e-01;1.0250000e+02;1.9270867e-01;1.0250000e+02;2.2419961e-01;1.0250000e+02;2.0968620e-01;1.0250000e+02;2.0649365e-01;1.0250000e+02;1.4874402e-01;1.0250000e+02;8.5473955e-02;1.0250000e+02;3.0680403e-02;1.0250000e+02;-1.7026909e-02;1.0250000e+02;-6.1340265e-02;1.0250000e+02;-1.0487905e-01;1.0250000e+02;-1.4662945e-01;1.0250000e+02;-1.8941936e-01;1.0250000e+02;-8.8272884e-02;1.0250000e+02;-7.5009748e-02;1.0250000e+02;-4.1414291e-02;1.0250000e+02;1.3350852e-02;1.0250000e+02;6.9905907e-02;1.0250000e+02;1.2904471e-01;1.0250000e+02;1.9270867e-01;1.0250000e+02;2.2419961e-01;1.0250000e+02;2.0968620e-01;1.0250000e+02;2.0649365e-01;1.0250000e+02;1.4874402e-01;1.0250000e+02;8.5473955e-02;1.0250000e+02;3.0680403e-02;1.0250000e+02;-1.7026909e-02;1.0250000e+02;-6.1340265e-02;1.0250000e+02;-1.0487905e-01;1.0250000e+02;-1.4662945e-01;1.0250000e+02;-1.8941936e-01;1.0250000e+02;-8.8272884e-02;1.0250000e+02;-7.5009748e-02;1.0250000e+02;-4.1414291e-02;1.0250000e+02;1.3350852e-02;1.0250000e+02;6.9905907e-02;1.0250000e+02;1.2904471e-01;1.0250000e+02;1.9270867e-01;1.0250000e+02;2.2419961e-01;1.0250000e+02;2.0968620e-01;1.0250000e+02;2.0649365e-01;1.0250000e+02;1.4874402e-01;1.0250000e+02;8.5473955e-02;1.0250000e+02;3.0680403e-02;1.0250000e+02;-1.7026909e-02;1.0250000e+02;-6.1340265e-02;1.0250000e+02;-1.0487905e-01;1.0250000e+02;-1.4662945e-01;1.0250000e+02;-1.8941936e-01;1.0250000e+02;-8.8272884e-02;1.0250000e+02;-7.5009748e-02;1.0250000e+02;-4.1414291e-02;1.0250000e+02;1.3350852e-02;1.0250000e+02;6.9905907e-02;1.0250000e+02;1.2904471e-01;1.0250000e+02;1.9270867e-01;1.0250000e+02;2.2419961e-01;1.0250000e+02;2.0968620e-01;1.0250000e+02;2.0649365e-01;1.0250000e+02;1.4874402e-01;1.0250000e+02;8.5473955e-02;1.0250000e+02;3.0680403e-02;1.0250000e+02;-1.7026909e-02;1.0250000e+02;-6.1340265e-02;1.0250000e+02;-1.0487905e-01;1.0250000e+02;-1.4662945e-01;1.0250000e+02;-1.8941936e-01;1.0250000e+02;-8.8272884e-02;1.0250000e+02;-7.5009748e-02;1.0250000e+02;-4.1414291e-02;1.0250000e+02;1.3350852e-02;1.0250000e+02;6.9905907e-02;1.0250000e+02;1.2904471e-01;1.0250000e+02;1.9270867e-01;1.0250000e+02;2.2419961e-01;1.0250000e+02;2.0968620e-01;1.0250000e+02;2.0649365e-01;1.0250000e+02;1.4874402e-01;1.0250000e+02;8.5473955e-02;1.0250000e+02;3.0680403e-02;1.0250000e+02;-1.7026909e-02;1.0250000e+02;-6.1340265e-02;1.0250000e+02;-1.0487905e-01;1.0250000e+02;-1.4662945e-01;1.0250000e+02;-1.8941936e-01;1.0250000e+02;-8.8272884e-02;1.0250000e+02;-7.5009748e-02;1.0250000e+02;-4.1414291e-02;1.0250000e+02;1.3350852e-02;1.0250000e+02;6.9905907e-02;1.0250000e+02;1.2904471e-01;1.0250000e+02;1.9270867e-01;1.0250000e+02;2.2419961e-01;1.0250000e+02;2.0968620e-01;1.0250000e+02;2.0649365e-01;1.0250000e+02;1.4874402e-01;1.0250000e+02;8.5473955e-02;1.0250000e+02;3.0680403e-02;1.0250000e+02;-1.7026909e-02;1.0250000e+02;-6.1340265e-02;1.0250000e+02;-1.0487905e-01;1.0250000e+02;-1.4662945e-01;1.0250000e+02;-1.8941936e-01;1.0250000e+02;-8.8272884e-02;1.0250000e+02;-7.5009748e-02;1.0250000e+02;-4.1414291e-02;1.0250000e+02;1.3350852e-02;1.0250000e+02;6.9905907e-02;1.0250000e+02;1.2904471e-01;1.0250000e+02;1.9270867e-01;1.0250000e+02;2.2419961e-01;1.0250000e+02;2.0968620e-01;1.0250000e+02;2.0649365e-01;1.0250000e+02;1.4874402e-01;1.0250000e+02;8.5473955e-02;1.0250000e+02;3.0680403e-02;1.0250000e+02;-1.7026909e-02;1.0250000e+02;-6.1340265e-02;1.0250000e+02;-1.0487905e-01;1.0250000e+02;-1.4662945e-01;1.0250000e+02;-1.8941936e-01;1.0250000e+02;-8.8272884e-02;1.0250000e+02;-7.5009748e-02;1.0250000e+02;-4.1414291e-02;1.0250000e+02;1.3350852e-02;1.0250000e+02;6.9905907e-02;1.0250000e+02;1.2904471e-01;1.0250000e+02;1.9270867e-01;1.0250000e+02;2.2419961e-01;1.0250000e+02;2.0968620e-01;1.0250000e+02;2.0649365e-01;1.0250000e+02;1.4874402e-01;1.0250000e+02;8.5473955e-02;1.0250000e+02;3.0680403e-02;1.0250000e+02;-1.7026909e-02;1.0250000e+02;-6.1340265e-02;1.0250000e+02;-1.0487905e-01;1.0250000e+02;-1.4662945e-01;1.0250000e+02;-1.8941936e-01;1.0250000e+02;-8.8272884e-02;1.0250000e+02;-7.5009748e-02;1.0250000e+02;-4.1414291e-02;1.0250000e+02;1.3350852e-02;1.0250000e+02;6.9905907e-02;1.0250000e+02;1.2904471e-01;1.0250000e+02;1.9270867e-01;1.0250000e+02;2.2419961e-01;1.0250000e+02;2.0968620e-01;1.0250000e+02;2.0649365e-01;1.0250000e+02;1.4874402e-01;1.0250000e+02;8.5473955e-02;1.0250000e+02;3.0680403e-02;1.0250000e+02;-1.7026909e-02;1.0250000e+02;-6.1340265e-02;1.0250000e+02;-1.0487905e-01;1.0250000e+02;-1.4662945e-01;1.0250000e+02;-1.8941936e-01;1.0250000e+02;-8.8272884e-02;1.0250000e+02;-7.5009748e-02;1.0250000e+02;-4.1414291e-02;1.0250000e+02;1.3350852e-02;1.0250000e+02;6.9905907e-02;1.0250000e+02;1.2904471e-01;1.0250000e+02;1.9270867e-01;1.0250000e+02;2.2419961e-01;1.0250000e+02;2.0968620e-01;1.0250000e+02;2.0649365e-01;1.0250000e+02;1.4874402e-01;1.0250000e+02;8.5473955e-02;1.0250000e+02;3.0680403e-02;1.0250000e+02;-1.7026909e-02;1.0250000e+02;-6.1340265e-02;1.0250000e+02;-1.0487905e-01;1.0250000e+02;-1.4662945e-01;1.0250000e+02;-1.8941936e-01;1.0250000e+02;-8.8272884e-02;1.0250000e+02;-7.5009748e-02;1.0250000e+02;-4.1414291e-02;1.0250000e+02;1.3350852e-02;1.0250000e+02;6.9905907e-02;1.0250000e+02;1.2904471e-01;1.0250000e+02;1.9270867e-01;1.0250000e+02;2.2419961e-01;1.0250000e+02;2.0968620e-01;1.0250000e+02;2.0649365e-01;1.0250000e+02;1.4874402e-01;1.0250000e+02;8.5473955e-02;1.0250000e+02;3.0680403e-02;1.0250000e+02;-1.7026909e-02;1.0250000e+02;-6.1340265e-02;1.0250000e+02;-1.0487905e-01;1.0250000e+02;-1.4662945e-01;1.0250000e+02;-1.8941936e-01;1.0250000e+02;-8.8272884e-02;1.0250000e+02;-7.5009748e-02;1.0250000e+02;-4.1414291e-02;1.0250000e+02;1.3350852e-02;1.0250000e+02;6.9905907e-02;1.0250000e+02;1.2904471e-01;1.0250000e+02;1.9270867e-01;1.0250000e+02;2.2419961e-01;1.0250000e+02;2.0968620e-01;1.0250000e+02;2.0649365e-01;1.0250000e+02;1.4874402e-01;1.0250000e+02;8.5473955e-02;1.0250000e+02;3.0680403e-02;1.0250000e+02;-1.7026909e-02;1.0250000e+02;-6.1340265e-02;1.0250000e+02;-1.0487905e-01;1.0250000e+02;-1.4662945e-01;1.0250000e+02;-1.8941936e-01;1.0250000e+02;-8.8272884e-02;1.0250000e+02;-7.5009748e-02;1.0250000e+02;-4.1414291e-02;1.0250000e+02;1.3350852e-02;1.0250000e+02;6.9905907e-02;1.0250000e+02;1.2904471e-01;1.0250000e+02;1.9270867e-01;1.0250000e+02;2.2419961e-01;1.0250000e+02;2.0968620e-01;1.0250000e+02;2.0649365e-01;1.0250000e+02;1.4874402e-01;1.0250000e+02;8.5473955e-02;1.0250000e+02;3.0680403e-02;1.0250000e+02;-1.7026909e-02;1.0250000e+02;-6.1340265e-02;1.0250000e+02;-1.0487905e-01;1.0250000e+02;-1.4662945e-01;1.0250000e+02;-1.8941936e-01;1.0250000e+02;-8.8272884e-02;1.0250000e+02;-7.5009748e-02;1.0250000e+02;-4.1414291e-02;1.0250000e+02;1.3350852e-02;1.0250000e+02;6.9905907e-02;1.0250000e+02;1.2904471e-01;1.0250000e+02;1.9270867e-01;1.0250000e+02;2.2419961e-01;1.0250000e+02;2.0968620e-01;1.0250000e+02;2.0649365e-01;1.0250000e+02;1.4874402e-01;1.0250000e+02;8.5473955e-02;1.0250000e+02;3.0680403e-02;1.0250000e+02;-1.7026909e-02;1.0250000e+02;-6.1340265e-02;1.0250000e+02;-1.0487905e-01;1.0250000e+02;-1.4662945e-01;1.0250000e+02;-1.8941936e-01;1.0250000e+02;-8.8272884e-02;1.0250000e+02;-7.5009748e-02;1.0250000e+02;-4.1414291e-02;1.0250000e+02;1.3350852e-02;1.0250000e+02;6.9905907e-02;1.0250000e+02;1.2904471e-01;1.0250000e+02;1.9270867e-01;1.0250000e+02;2.2419961e-01;1.0250000e+02;2.0968620e-01;1.0250000e+02;2.0649365e-01;1.0250000e+02;1.4874402e-01;1.0250000e+02;8.5473955e-02;1.0250000e+02;3.0680403e-02;1.0250000e+02;-1.7026909e-02;1.0250000e+02;-6.1340265e-02;1.0250000e+02;-1.0487905e-01;1.0250000e+02;-1.4662945e-01;1.0250000e+02;-1.8941936e-01;1.0250000e+02;-8.8272884e-02;1.0250000e+02;-7.5009748e-02;1.0250000e+02;-4.1414291e-02;1.0250000e+02;1.3350852e-02;1.0250000e+02;6.9905907e-02;1.0250000e+02;1.2904471e-01;1.0250000e+02;1.9270867e-01;1.0250000e+02;2.2419961e-01;1.0250000e+02;2.0968620e-01;1.0250000e+02;2.0649365e-01;1.0250000e+02;1.4874402e-01;1.0250000e+02;8.5473955e-02;1.0250000e+02;3.0680403e-02;1.0250000e+02;-1.7026909e-02;1.0250000e+02;-6.1340265e-02;1.0250000e+02;-1.0487905e-01;1.0250000e+02;-1.4662945e-01;1.0250000e+02;-1.8941936e-01;1.0250000e+02;-8.8272884e-02;1.0250000e+02;-7.5009748e-02;1.0250000e+02;-4.1414291e-02;1.0250000e+02;1.3350852e-02;1.0250000e+02;6.9905907e-02;1.0250000e+02;1.2904471e-01;1.0250000e+02;1.9270867e-01;1.0250000e+02;2.2419961e-01;1.0250000e+02;2.0968620e-01;1.0250000e+02;2.0649365e-01;1.0250000e+02;1.4874402e-01;1.0250000e+02;8.5473955e-02;1.0250000e+02;3.0680403e-02;1.0250000e+02;-1.7026909e-02;1.0250000e+02;-6.1340265e-02;1.0250000e+02;-1.0487905e-01;1.0250000e+02;-1.4662945e-01;1.0250000e+02;-1.8941936e-01;1.0250000e+02;-8.8272884e-02;1.0250000e+02;-7.5009748e-02;1.0250000e+02;-4.1414291e-02;1.0250000e+02;1.3350852e-02;1.0250000e+02;6.9905907e-02;1.0250000e+02;1.2904471e-01;1.0250000e+02;1.9270867e-01;1.0250000e+02;2.2419961e-01;1.0250000e+02;2.0968620e-01;1.0250000e+02;2.0649365e-01;1.0250000e+02;1.4874402e-01;1.0250000e+02;8.5473955e-02;1.0250000e+02;3.0680403e-02;1.0250000e+02;-1.7026909e-02;1.0250000e+02;-6.1340265e-02;1.0250000e+02;-1.0487905e-01;1.0250000e+02;-1.4662945e-01;1.0250000e+02;-1.8941936e-01;1.0250000e+02;-8.8272884e-02;1.0250000e+02;-7.5009748e-02;1.0250000e+02;-4.1414291e-02;1.0250000e+02;1.3350852e-02;1.0250000e+02;6.9905907e-02;1.0250000e+02;1.2904471e-01;1.0250000e+02;1.9270867e-01;1.0250000e+02;2.2419961e-01;1.0250000e+02;2.0968620e-01;1.0250000e+02;2.0649365e-01;1.0250000e+02;1.4874402e-01;1.0250000e+02;8.5473955e-02;1.0250000e+02;3.0680403e-02;1.0250000e+02;-1.7026909e-02;1.0250000e+02;-6.1340265e-02;1.0250000e+02;-1.0487905e-01;1.0250000e+02;-1.4662945e-01;1.0250000e+02;-1.8941936e-01;1.0250000e+02;-8.8272884e-02;1.0250000e+02;-7.5009748e-02;1.0250000e+02;-4.1414291e-02;1.0250000e+02;1.3350852e-02;1.0250000e+02;6.9905907e-02;1.0250000e+02;1.2904471e-01;1.0250000e+02;1.9270867e-01;1.0250000e+02;2.2419961e-01;1.0250000e+02;2.0968620e-01;1.0250000e+02;2.0649365e-01;1.0250000e+02;1.4874402e-01;1.0250000e+02;8.5473955e-02;1.0250000e+02;3.0680403e-02;1.0250000e+02;-1.7026909e-02;1.0250000e+02;-6.1340265e-02;1.0250000e+02;-1.0487905e-01;1.0250000e+02;-1.4662945e-01;1.0250000e+02;-1.8941936e-01;1.0250000e+02;-8.8272884e-02;1.0250000e+02;-7.5009748e-02;1.0250000e+02;-4.1414291e-02;1.0250000e+02;1.3350852e-02;1.0250000e+02;6.9905907e-02;1.0250000e+02;1.2904471e-01;1.0250000e+02;1.9270867e-01;1.0250000e+02;2.2419961e-01;1.0250000e+02;2.0968620e-01;1.0250000e+02;2.0649365e-01;1.0250000e+02;1.4874402e-01;1.0250000e+02;8.5473955e-02;1.0250000e+02;3.0680403e-02;1.0250000e+02;-1.7026909e-02;1.0250000e+02;-6.1340265e-02;1.0250000e+02;-1.0487905e-01;1.0250000e+02;-1.4662945e-01;1.0250000e+02;-1.8941936e-01;1.0250000e+02;-8.8272884e-02;1.0250000e+02;-7.5009748e-02;1.0250000e+02;-4.1414291e-02;1.0250000e+02;1.3350852e-02;1.0250000e+02;6.9905907e-02;1.0250000e+02;1.2904471e-01;1.0250000e+02;1.9270867e-01;1.0250000e+02;2.2419961e-01;1.0250000e+02;2.0968620e-01;1.0250000e+02;2.0649365e-01;1.0250000e+02;1.4874402e-01;1.0250000e+02;8.5473955e-02;1.0250000e+02;3.0680403e-02;1.0250000e+02;-1.7026909e-02;1.0250000e+02;-6.1340265e-02;1.0250000e+02;-1.0487905e-01;1.0250000e+02;-1.4662945e-01;1.0250000e+02;-1.8941936e-01;1.0250000e+02;-8.8272884e-02;1.0250000e+02;-7.5009748e-02;1.0250000e+02;-4.1414291e-02;1.0250000e+02;1.3350852e-02;1.0250000e+02;6.9905907e-02;1.0250000e+02;1.2904471e-01;1.0250000e+02;1.9270867e-01;1.0250000e+02;2.2419961e-01;1.0250000e+02;2.0968620e-01;1.0250000e+02;2.0649365e-01;1.0250000e+02;1.4874402e-01;1.0250000e+02;8.5473955e-02;1.0250000e+02;3.0680403e-02;1.0250000e+02;-1.7026909e-02;1.0250000e+02;-6.1340265e-02;1.0250000e+02;-1.0487905e-01;1.0250000e+02;-1.4662945e-01;1.0250000e+02;-1.8941936e-01;1.0250000e+02;-8.8272884e-02;1.0250000e+02;-7.5009748e-02;1.0250000e+02;-4.1414291e-02;1.0250000e+02;1.3350852e-02;1.0250000e+02;6.9905907e-02;1.0250000e+02;1.2904471e-01;1.0250000e+02;1.9270867e-01;1.0250000e+02;2.2419961e-01;1.0250000e+02;2.0968620e-01;1.0250000e+02;2.0649365e-01;1.0250000e+02;1.4874402e-01;1.0250000e+02;8.5473955e-02;1.0250000e+02;3.0680403e-02;1.0250000e+02;-1.7026909e-02;1.0250000e+02;-6.1340265e-02;1.0250000e+02;-1.0487905e-01;1.0250000e+02;-1.4662945e-01;1.0250000e+02;-1.8941936e-01;1.0250000e+02;-8.8272884e-02;1.0250000e+02;-7.5009748e-02;1.0250000e+02;-4.1414291e-02;1.0250000e+02;1.3350852e-02;1.0250000e+02;6.9905907e-02;1.0250000e+02;1.2904471e-01;1.0250000e+02;1.9270867e-01;1.0250000e+02;2.2419961e-01;1.0250000e+02;2.0968620e-01;1.0250000e+02;2.0649365e-01;1.0250000e+02;1.4874402e-01;1.0250000e+02;8.5473955e-02;1.0250000e+02;3.0680403e-02;1.0250000e+02;-1.7026909e-02;1.0250000e+02;-6.1340265e-02;1.0250000e+02;-1.0487905e-01;1.0250000e+02;-1.4662945e-01;1.0250000e+02;-1.8941936e-01;1.0250000e+02;-8.8272884e-02;1.0250000e+02;-7.5009748e-02;1.0250000e+02;-4.1414291e-02;1.0250000e+02;1.3350852e-02;1.0250000e+02;6.9905907e-02;1.0250000e+02;1.2904471e-01;1.0250000e+02;1.9270867e-01;1.0250000e+02;2.2419961e-01;1.0250000e+02;2.0968620e-01;1.0250000e+02;2.0649365e-01;1.0250000e+02;1.4874402e-01;1.0250000e+02;8.5473955e-02;1.0250000e+02;3.0680403e-02;1.0250000e+02;-1.7026909e-02;1.0250000e+02;-6.1340265e-02;1.0250000e+02;-1.0487905e-01;1.0250000e+02;-1.4662945e-01;1.0250000e+02;-1.8941936e-01;1.0250000e+02;-8.8272884e-02;1.0250000e+02;-7.5009748e-02;1.0250000e+02;-4.1414291e-02;1.0250000e+02;1.3350852e-02;1.0250000e+02;6.9905907e-02;1.0250000e+02;1.2904471e-01;1.0250000e+02;1.9270867e-01;1.0250000e+02;2.2419961e-01;1.0250000e+02;2.0968620e-01;1.0250000e+02;2.0649365e-01;1.0250000e+02;1.4874402e-01;1.0250000e+02;8.5473955e-02;1.0250000e+02;3.0680403e-02;1.0250000e+02;-1.7026909e-02;1.0250000e+02;-6.1340265e-02;1.0250000e+02;-1.0487905e-01;1.0250000e+02;-1.4662945e-01;1.0250000e+02;-1.8941936e-01;1.0250000e+02;-8.8272884e-02;1.0250000e+02;-7.5009748e-02;1.0250000e+02;-4.1414291e-02;1.0250000e+02;1.3350852e-02;1.0250000e+02;6.9905907e-02;1.0250000e+02;1.2904471e-01;1.0250000e+02;1.9270867e-01;1.0250000e+02;2.2419961e-01;1.0250000e+02;2.0968620e-01;1.0250000e+02;2.0649365e-01;1.0250000e+02;1.4874402e-01;1.0250000e+02;8.5473955e-02;1.0250000e+02;3.0680403e-02;1.0250000e+02;-1.7026909e-02;1.0250000e+02;-6.1340265e-02;1.0250000e+02;-1.0487905e-01;1.0250000e+02;-1.4662945e-01;1.0250000e+02;-1.8941936e-01;1.0250000e+02;-8.8272884e-02;1.0250000e+02;-7.5009748e-02;1.0250000e+02;-4.1414291e-02;1.0250000e+02;1.3350852e-02;1.0250000e+02;6.9905907e-02;1.0250000e+02;1.2904471e-01;1.0250000e+02;1.9270867e-01;1.0250000e+02;2.2419961e-01;1.0250000e+02;2.0968620e-01;1.0250000e+02;2.0649365e-01;1.0250000e+02;1.4874402e-01;1.0250000e+02;8.5473955e-02;1.0250000e+02;3.0680403e-02;1.0250000e+02;-1.7026909e-02;1.0250000e+02;-6.1340265e-02;1.0250000e+02;-1.0487905e-01;1.0250000e+02;-1.4662945e-01;1.0250000e+02;-1.8941936e-01;1.0250000e+02;-8.8272884e-02;1.0250000e+02;-7.5009748e-02;1.0250000e+02;-4.1414291e-02;1.0250000e+02;1.3350852e-02;1.0250000e+02;6.9905907e-02;1.0250000e+02;1.2904471e-01;1.0250000e+02;1.9270867e-01;1.0250000e+02;2.2419961e-01;1.0250000e+02;2.0968620e-01;1.0250000e+02;2.0649365e-01;1.0250000e+02;1.4874402e-01;1.0250000e+02;8.5473955e-02;1.0250000e+02;3.0680403e-02;1.0250000e+02;-1.7026909e-02;1.0250000e+02;-6.1340265e-02;1.0250000e+02;-1.0487905e-01;1.0250000e+02;-1.4662945e-01;1.0250000e+02;-1.8941936e-01;1.0250000e+02;-8.8272884e-02;1.0250000e+02;-7.5009748e-02;1.0250000e+02;-4.1414291e-02;1.0250000e+02;1.3350852e-02;1.0250000e+02;6.9905907e-02;1.0250000e+02;1.2904471e-01;1.0250000e+02;1.9270867e-01;1.0250000e+02;2.2419961e-01;1.0250000e+02;2.0968620e-01;1.0250000e+02;2.0649365e-01;1.0250000e+02;1.4874402e-01;1.0250000e+02;8.5473955e-02;1.0250000e+02;3.0680403e-02;1.0250000e+02;-1.7026909e-02;1.0250000e+02;-6.1340265e-02;1.0250000e+02;-1.0487905e-01;1.0250000e+02;-1.4662945e-01;1.0250000e+02;-1.8941936e-01;1.0250000e+02;-8.8272884e-02;1.0250000e+02;-7.5009748e-02;1.0250000e+02;-4.1414291e-02;1.0250000e+02;1.3350852e-02;1.0250000e+02;6.9905907e-02;1.0250000e+02;1.2904471e-01;1.0250000e+02;1.9270867e-01;1.0250000e+02;2.2419961e-01;1.0250000e+02;2.0968620e-01;1.0250000e+02;2.0649365e-01;1.0250000e+02;1.4874402e-01;1.0250000e+02;8.5473955e-02;1.0250000e+02;3.0680403e-02;1.0250000e+02;-1.7026909e-02;1.0250000e+02;-6.1340265e-02;1.0250000e+02;-1.0487905e-01;1.0250000e+02;-1.4662945e-01;1.0250000e+02;-1.8941936e-01;1.0250000e+02;-8.8272884e-02;1.0250000e+02;-7.5009748e-02;1.0250000e+02;-4.1414291e-02;1.0250000e+02;1.3350852e-02;1.0250000e+02;6.9905907e-02;1.0250000e+02;1.2904471e-01;1.0250000e+02;1.9270867e-01;1.0250000e+02;2.2419961e-01;1.0250000e+02;2.0968620e-01;1.0250000e+02;2.0649365e-01;1.0250000e+02;1.4874402e-01;1.0250000e+02;8.5473955e-02;1.0250000e+02;3.0680403e-02;1.0250000e+02;-1.7026909e-02;1.0250000e+02;-6.1340265e-02;1.0250000e+02;-1.0487905e-01;1.0250000e+02;-1.4662945e-01;1.0250000e+02;-1.8941936e-01;1.0250000e+02;-8.8272884e-02;1.0250000e+02;-7.5009748e-02;1.0250000e+02;-4.1414291e-02;1.0250000e+02;1.3350852e-02;1.0250000e+02;6.9905907e-02;1.0250000e+02;1.2904471e-01;1.0250000e+02;1.9270867e-01;1.0250000e+02;2.2419961e-01;1.0250000e+02;2.0968620e-01;1.0250000e+02;2.0649365e-01;1.0250000e+02;1.4874402e-01;1.0250000e+02;8.5473955e-02;1.0250000e+02;3.0680403e-02;1.0250000e+02;-1.7026909e-02;1.0250000e+02;-6.1340265e-02;1.0250000e+02;-1.0487905e-01;1.0250000e+02;-1.4662945e-01;1.0250000e+02;-1.8941936e-01;1.0250000e+02;-8.8272884e-02;1.0250000e+02;-7.5009748e-02;1.0250000e+02;-4.1414291e-02;1.0250000e+02;1.3350852e-02;1.0250000e+02;6.9905907e-02;1.0250000e+02;1.2904471e-01;1.0250000e+02;1.9270867e-01;1.0250000e+02;2.2419961e-01;1.0250000e+02;2.0968620e-01;1.0250000e+02;2.0649365e-01;1.0250000e+02;1.4874402e-01;1.0250000e+02;8.5473955e-02;1.0250000e+02;3.0680403e-02;1.0250000e+02;-1.7026909e-02;1.0250000e+02;-6.1340265e-02;1.0250000e+02;-1.0487905e-01;1.0250000e+02;-1.4662945e-01;1.0250000e+02;-1.8941936e-01;1.0250000e+02;-8.8272884e-02;1.0250000e+02;-7.5009748e-02;1.0250000e+02;-4.1414291e-02;1.0250000e+02;1.3350852e-02;1.0250000e+02;6.9905907e-02;1.0250000e+02;1.2904471e-01;1.0250000e+02;1.9270867e-01;1.0250000e+02;2.2419961e-01;1.0250000e+02;2.0968620e-01;1.0250000e+02;2.0649365e-01;1.0250000e+02;1.4874402e-01;1.0250000e+02;8.5473955e-02;1.0250000e+02;3.0680403e-02;1.0250000e+02;-1.7026909e-02;1.0250000e+02;-6.1340265e-02;1.0250000e+02;-1.0487905e-01;1.0250000e+02;-1.4662945e-01;1.0250000e+02;-1.8941936e-01;1.0250000e+02;-8.8272884e-02;1.0250000e+02;-7.5009748e-02;1.0250000e+02;-4.1414291e-02;1.0250000e+02;1.3350852e-02;1.0250000e+02;6.9905907e-02;1.0250000e+02;1.2904471e-01;1.0250000e+02;1.9270867e-01;1.0250000e+02;2.2419961e-01;1.0250000e+02;2.0968620e-01;1.0250000e+02;2.0649365e-01;1.0250000e+02;1.4874402e-01;1.0250000e+02;8.5473955e-02;1.0250000e+02;3.0680403e-02;1.0250000e+02;-1.7026909e-02;1.0250000e+02;-6.1340265e-02;1.0250000e+02;-1.0487905e-01;1.0250000e+02;-1.4662945e-01;1.0250000e+02;-1.8941936e-01;1.0250000e+02;-8.8272884e-02;1.0250000e+02;-7.5009748e-02;1.0250000e+02;-4.1414291e-02;1.0250000e+02;1.3350852e-02;1.0250000e+02;6.9905907e-02;1.0250000e+02;1.2904471e-01;1.0250000e+02;1.9270867e-01;1.0250000e+02;2.2419961e-01;1.0250000e+02;2.0968620e-01;1.0250000e+02;2.0649365e-01;1.0250000e+02;1.4874402e-01;1.0250000e+02;8.5473955e-02;1.0250000e+02;3.0680403e-02;1.0250000e+02;-1.7026909e-02;1.0250000e+02;-6.1340265e-02;1.0250000e+02;-1.0487905e-01;1.0250000e+02;-1.4662945e-01;1.0250000e+02;-1.8941936e-01;1.0250000e+02;-8.8272884e-02;1.0250000e+02;-7.5009748e-02;1.0250000e+02;-4.1414291e-02;1.0250000e+02;1.3350852e-02;1.0250000e+02;6.9905907e-02;1.0250000e+02;1.2904471e-01;1.0250000e+02;1.9270867e-01;1.0250000e+02;2.2419961e-01;1.0250000e+02;2.0968620e-01;1.0250000e+02;2.0649365e-01;1.0250000e+02;1.4874402e-01;1.0250000e+02;8.5473955e-02;1.0250000e+02;3.0680403e-02;1.0250000e+02;-1.7026909e-02;1.0250000e+02;-6.1340265e-02;1.0250000e+02;-1.0487905e-01;1.0250000e+02;-1.4662945e-01;1.0250000e+02;-1.8941936e-01;1.0250000e+02;-8.8272884e-02;1.0250000e+02;-7.5009748e-02;1.0250000e+02;-4.1414291e-02;1.0250000e+02;1.3350852e-02;1.0250000e+02;6.9905907e-02;1.0250000e+02;1.2904471e-01;1.0250000e+02;1.9270867e-01;1.0250000e+02;2.2419961e-01;1.0250000e+02;2.0968620e-01;1.0250000e+02;2.0649365e-01;1.0250000e+02;1.4874402e-01;1.0250000e+02;8.5473955e-02;1.0250000e+02;3.0680403e-02;1.0250000e+02;-1.7026909e-02;1.0250000e+02;-6.1340265e-02;1.0250000e+02;-1.0487905e-01;1.0250000e+02;-1.4662945e-01;1.0250000e+02;-1.8941936e-01;1.0250000e+02;-8.8272884e-02;1.0250000e+02;-7.5009748e-02;1.0250000e+02;-4.1414291e-02;1.0250000e+02;1.3350852e-02;1.0250000e+02;6.9905907e-02;1.0250000e+02;1.2904471e-01;1.0250000e+02;1.9270867e-01;1.0250000e+02;2.2419961e-01;1.0250000e+02;2.0968620e-01;1.0250000e+02;2.0649365e-01;1.0250000e+02;1.4874402e-01;1.0250000e+02;8.5473955e-02;1.0250000e+02;3.0680403e-02;1.0250000e+02;-1.7026909e-02;1.0250000e+02;-6.1340265e-02;1.0250000e+02;-1.0487905e-01;1.0250000e+02;-1.4662945e-01;1.0250000e+02;-1.8941936e-01;1.0250000e+02;-8.8272884e-02;1.0250000e+02;-7.5009748e-02;1.0250000e+02;-4.1414291e-02;1.0250000e+02;1.3350852e-02;1.0250000e+02;6.9905907e-02;1.0250000e+02;1.2904471e-01;1.0250000e+02;1.9270867e-01;1.0250000e+02;2.2419961e-01;1.0250000e+02;2.0968620e-01;1.0250000e+02;2.0649365e-01;1.0250000e+02;1.4874402e-01;1.0250000e+02;8.5473955e-02;1.0250000e+02;3.0680403e-02;1.0250000e+02;-1.7026909e-02;1.0250000e+02;-6.1340265e-02;1.0250000e+02;-1.0487905e-01;1.0250000e+02;-1.4662945e-01;1.0250000e+02;-1.8941936e-01;1.0250000e+02;-8.8272884e-02;1.0250000e+02;-7.5009748e-02;1.0250000e+02;-4.1414291e-02;1.0250000e+02;1.3350852e-02;1.0250000e+02;6.9905907e-02;1.0250000e+02;1.2904471e-01;1.0250000e+02;1.9270867e-01;1.0250000e+02;2.2419961e-01;1.0250000e+02;2.0968620e-01;1.0250000e+02;2.0649365e-01;1.0250000e+02;1.4874402e-01;1.0250000e+02;8.5473955e-02;1.0250000e+02;3.0680403e-02;1.0250000e+02;-1.7026909e-02;1.0250000e+02;-6.1340265e-02;1.0250000e+02;-1.0487905e-01;1.0250000e+02;-1.4662945e-01;1.0250000e+02;-1.8941936e-01;1.0250000e+02;-8.8272884e-02;1.0250000e+02;-7.5009748e-02;1.0250000e+02;-4.1414291e-02;1.0250000e+02;1.3350852e-02;1.0250000e+02;6.9905907e-02;1.0250000e+02;1.2904471e-01;1.0250000e+02;1.9270867e-01;1.0250000e+02;2.2419961e-01;1.0250000e+02;2.0968620e-01;1.0250000e+02;2.0649365e-01;1.0250000e+02;1.4874402e-01;1.0250000e+02;8.5473955e-02;1.0250000e+02;3.0680403e-02;1.0250000e+02;-1.7026909e-02;1.0250000e+02;-6.1340265e-02;1.0250000e+02;-1.0487905e-01;1.0250000e+02;-1.4662945e-01;1.0250000e+02;-1.8941936e-01;1.0250000e+02;-8.8272884e-02;1.0250000e+02;-7.5009748e-02;1.0250000e+02;-4.1414291e-02;1.0250000e+02;1.3350852e-02;1.0250000e+02;6.9905907e-02;1.0250000e+02;1.2904471e-01;1.0250000e+02;1.9270867e-01;1.0250000e+02;2.2419961e-01;1.0250000e+02;2.0968620e-01;1.0250000e+02;2.0649365e-01;1.0250000e+02;1.4874402e-01;1.0250000e+02;8.5473955e-02;1.0250000e+02;3.0680403e-02;1.0250000e+02;-1.7026909e-02;1.0250000e+02;-6.1340265e-02;1.0250000e+02;-1.0487905e-01;1.0250000e+02;-1.4662945e-01;1.0250000e+02;-1.8941936e-01;1.0250000e+02;-8.8272884e-02;1.0250000e+02;-7.5009748e-02;1.0250000e+02;-4.1414291e-02;1.0250000e+02;1.3350852e-02;1.0250000e+02;6.9905907e-02;1.0250000e+02;1.2904471e-01;1.0250000e+02;1.9270867e-01;1.0250000e+02;2.2419961e-01;1.0250000e+02;2.0968620e-01;1.0250000e+02;2.0649365e-01;1.0250000e+02;1.4874402e-01;1.0250000e+02;8.5473955e-02;1.0250000e+02;3.0680403e-02;1.0250000e+02;-1.7026909e-02;1.0250000e+02;-6.1340265e-02;1.0250000e+02;-1.0487905e-01;1.0250000e+02;-1.4662945e-01;1.0250000e+02;-1.8941936e-01;1.0250000e+02;-8.8272884e-02;1.0250000e+02;-7.5009748e-02;1.0250000e+02;-4.1414291e-02;1.0250000e+02;1.3350852e-02;1.0250000e+02;6.9905907e-02;1.0250000e+02;1.2904471e-01;1.0250000e+02;1.9270867e-01;1.0250000e+02;2.2419961e-01;1.0250000e+02;2.0968620e-01;1.0250000e+02;2.0649365e-01;1.0250000e+02;1.4874402e-01;1.0250000e+02;8.5473955e-02;1.0250000e+02;3.0680403e-02;1.0250000e+02;-1.7026909e-02;1.0250000e+02;-6.1340265e-02;1.0250000e+02;-1.0487905e-01;1.0250000e+02;-1.4662945e-01;1.0250000e+02;-1.8941936e-01;1.0250000e+02;-8.8272884e-02;1.0250000e+02;-7.5009748e-02;1.0250000e+02;-4.1414291e-02;1.0250000e+02;1.3350852e-02;1.0250000e+02;6.9905907e-02;1.0250000e+02;1.2904471e-01;1.0250000e+02;1.9270867e-01;1.0250000e+02;2.2419961e-01;1.0250000e+02;2.0968620e-01;1.0250000e+02;2.0649365e-01;1.0250000e+02;1.4874402e-01;1.0250000e+02;8.5473955e-02;1.0250000e+02;3.0680403e-02;1.0250000e+02;-1.7026909e-02;1.0250000e+02;-6.1340265e-02;1.0250000e+02;-1.0487905e-01;1.0250000e+02;-1.4662945e-01;1.0250000e+02;-1.8941936e-01;1.0250000e+02;-8.8272884e-02;1.0250000e+02;-7.5009748e-02;1.0250000e+02;-4.1414291e-02;1.0250000e+02;1.3350852e-02;1.0250000e+02;6.9905907e-02;1.0250000e+02;1.2904471e-01;1.0250000e+02;1.9270867e-01;1.0250000e+02;2.2419961e-01;1.0250000e+02;2.0968620e-01;1.0250000e+02;2.0649365e-01;1.0250000e+02;1.4874402e-01;1.0250000e+02;8.5473955e-02;1.0250000e+02;3.0680403e-02;1.0250000e+02;-1.7026909e-02;1.0250000e+02;-6.1340265e-02;1.0250000e+02;-1.0487905e-01;1.0250000e+02;-1.4662945e-01;1.0250000e+02;-1.8941936e-01;1.0250000e+02;-8.8272884e-02;1.0250000e+02;-7.5009748e-02;1.0250000e+02;-4.1414291e-02;1.0250000e+02;1.3350852e-02;1.0250000e+02;6.9905907e-02;1.0250000e+02;1.2904471e-01;1.0250000e+02;1.9270867e-01;1.0250000e+02;2.2419961e-01;1.0250000e+02;2.0968620e-01;1.0250000e+02;2.0649365e-01;1.0250000e+02;1.4874402e-01;1.0250000e+02;8.5473955e-02;1.0250000e+02;3.0680403e-02;1.0250000e+02;-1.7026909e-02;1.0250000e+02;-6.1340265e-02;1.0250000e+02;-1.0487905e-01;1.0250000e+02;-1.4662945e-01;1.0250000e+02;-1.8941936e-01;1.0250000e+02;-8.8272884e-02;1.0250000e+02;-7.5009748e-02;1.0250000e+02;-4.1414291e-02;1.0250000e+02;1.3350852e-02;1.0250000e+02;6.9905907e-02;1.0250000e+02;1.2904471e-01;1.0250000e+02;1.9270867e-01;1.0250000e+02;2.2419961e-01;1.0250000e+02;2.0968620e-01;1.0250000e+02;2.0649365e-01;1.0250000e+02;1.4874402e-01;1.0250000e+02;8.5473955e-02;1.0250000e+02;3.0680403e-02;1.0250000e+02;-1.7026909e-02;1.0250000e+02;-6.1340265e-02;1.0250000e+02;-1.0487905e-01;1.0250000e+02;-1.4662945e-01;1.0250000e+02;-1.8941936e-01;1.0250000e+02;-8.8272884e-02;1.0250000e+02;-7.5009748e-02;1.0250000e+02;-4.1414291e-02;1.0250000e+02;1.3350852e-02;1.0250000e+02;6.9905907e-02;1.0250000e+02;1.2904471e-01;1.0250000e+02;1.9270867e-01;1.0250000e+02;2.2419961e-01;1.0250000e+02;2.0968620e-01;1.0250000e+02;2.0649365e-01;1.0250000e+02;1.4874402e-01;1.0250000e+02;8.5473955e-02;1.0250000e+02;3.0680403e-02;1.0250000e+02;-1.7026909e-02;1.0250000e+02;-6.1340265e-02;1.0250000e+02;-1.0487905e-01;1.0250000e+02;-1.4662945e-01;1.0250000e+02;-1.8941936e-01;1.0250000e+02;-8.8272884e-02;1.0250000e+02;-7.5009748e-02;1.0250000e+02;-4.1414291e-02;1.0250000e+02;1.3350852e-02;1.0250000e+02;6.9905907e-02;1.0250000e+02;1.2904471e-01;1.0250000e+02;1.9270867e-01;1.0250000e+02;2.2419961e-01;1.0250000e+02;2.0968620e-01;1.0250000e+02;2.0649365e-01;1.0250000e+02;1.4874402e-01;1.0250000e+02;8.5473955e-02;1.0250000e+02;3.0680403e-02;1.0250000e+02;-1.7026909e-02;1.0250000e+02;-6.1340265e-02;1.0250000e+02;-1.0487905e-01;1.0250000e+02;-1.4662945e-01;1.0250000e+02;-1.8941936e-01;1.0250000e+02;-8.8272884e-02;1.0250000e+02;-7.5009748e-02;1.0250000e+02;-4.1414291e-02;1.0250000e+02;1.3350852e-02;1.0250000e+02;6.9905907e-02;1.0250000e+02;1.2904471e-01;1.0250000e+02;1.9270867e-01;1.0250000e+02;2.2419961e-01;1.0250000e+02;2.0968620e-01;1.0250000e+02;2.0649365e-01;1.0250000e+02;1.4874402e-01;1.0250000e+02;8.5473955e-02;1.0250000e+02;3.0680403e-02;1.0250000e+02;-1.7026909e-02;1.0250000e+02;-6.1340265e-02;1.0250000e+02;-1.0487905e-01;1.0250000e+02;-1.4662945e-01;1.0250000e+02;-1.8941936e-01;1.0250000e+02;-8.8272884e-02;1.0250000e+02;-7.5009748e-02;1.0250000e+02;-4.1414291e-02;1.0250000e+02;1.3350852e-02;1.0250000e+02;6.9905907e-02;1.0250000e+02;1.2904471e-01;1.0250000e+02;1.9270867e-01;1.0250000e+02;2.2419961e-01;1.0250000e+02;2.0968620e-01;1.0250000e+02;2.0649365e-01;1.0250000e+02;1.4874402e-01;1.0250000e+02;8.5473955e-02;1.0250000e+02;3.0680403e-02;1.0250000e+02;-1.7026909e-02;1.0250000e+02;-6.1340265e-02;1.0250000e+02;-1.0487905e-01;1.0250000e+02;-1.4662945e-01;1.0250000e+02;-1.8941936e-01;1.0250000e+02;-8.8272884e-02;1.0250000e+02;-7.5009748e-02;1.0250000e+02;-4.1414291e-02;1.0250000e+02;1.3350852e-02;1.0250000e+02;6.9905907e-02;1.0250000e+02;1.2904471e-01;1.0250000e+02;1.9270867e-01;1.0250000e+02;2.2419961e-01;1.0250000e+02;2.0968620e-01;1.0250000e+02;2.0649365e-01;1.0250000e+02;1.4874402e-01;1.0250000e+02;8.5473955e-02;1.0250000e+02;3.0680403e-02;1.0250000e+02;-1.7026909e-02;1.0250000e+02;-6.1340265e-02;1.0250000e+02;-1.0487905e-01;1.0250000e+02;-1.4662945e-01;1.0250000e+02;-1.8941936e-01;1.0250000e+02;-8.8272884e-02;1.0250000e+02;-7.5009748e-02;1.0250000e+02;-4.1414291e-02;1.0250000e+02;1.3350852e-02;1.0250000e+02;6.9905907e-02;1.0250000e+02;1.2904471e-01;1.0250000e+02;1.9270867e-01;1.0250000e+02;2.2419961e-01;1.0250000e+02;2.0968620e-01;1.0250000e+02;2.0649365e-01;1.0250000e+02;1.4874402e-01;1.0250000e+02;8.5473955e-02;1.0250000e+02;3.0680403e-02;1.0250000e+02;-1.7026909e-02;1.0250000e+02;-6.1340265e-02;1.0250000e+02;-1.0487905e-01;1.0250000e+02;-1.4662945e-01;1.0250000e+02;-1.8941936e-01;1.0250000e+02;-8.8272884e-02;1.0250000e+02;-7.5009748e-02;1.0250000e+02;-4.1414291e-02;1.0250000e+02;1.3350852e-02;1.0250000e+02;6.9905907e-02;1.0250000e+02;1.2904471e-01;1.0250000e+02;1.9270867e-01;1.0250000e+02;2.2419961e-01;1.0250000e+02;2.0968620e-01;1.0250000e+02;2.0649365e-01;1.0250000e+02;1.4874402e-01;1.0250000e+02;8.5473955e-02;1.0250000e+02;3.0680403e-02;1.0250000e+02;-1.7026909e-02;1.0250000e+02;-6.1340265e-02;1.0250000e+02;-1.0487905e-01;1.0250000e+02;-1.4662945e-01;1.0250000e+02;-1.8941936e-01;1.0250000e+02;-8.8272884e-02;1.0250000e+02;-7.5009748e-02;1.0250000e+02;-4.1414291e-02;1.0250000e+02;1.3350852e-02;1.0250000e+02;6.9905907e-02;1.0250000e+02;1.2904471e-01;1.0250000e+02;1.9270867e-01;1.0250000e+02;2.2419961e-01;1.0250000e+02;2.0968620e-01;1.0250000e+02;2.0649365e-01;1.0250000e+02;1.4874402e-01;1.0250000e+02;8.5473955e-02;1.0250000e+02;3.0680403e-02;1.0250000e+02;-1.7026909e-02;1.0250000e+02;-6.1340265e-02;1.0250000e+02;-1.0487905e-01;1.0250000e+02;-1.4662945e-01;1.0250000e+02;-1.8941936e-01;1.0250000e+02;-8.8272884e-02;1.0250000e+02;-7.5009748e-02;1.0250000e+02;-4.1414291e-02;1.0250000e+02;1.3350852e-02;1.0250000e+02;6.9905907e-02;1.0250000e+02;1.2904471e-01;1.0250000e+02;1.9270867e-01;1.0250000e+02;2.2419961e-01;1.0250000e+02;2.0968620e-01;1.0250000e+02;2.0649365e-01;1.0250000e+02;1.4874402e-01;1.0250000e+02;8.5473955e-02;1.0250000e+02;3.0680403e-02;1.0250000e+02;-1.7026909e-02;1.0250000e+02;-6.1340265e-02;1.0250000e+02;-1.0487905e-01;1.0250000e+02;-1.4662945e-01;1.0250000e+02;-1.8941936e-01;1.0250000e+02;-8.8272884e-02;1.0250000e+02;-7.5009748e-02;1.0250000e+02;-4.1414291e-02;1.0250000e+02;1.3350852e-02;1.0250000e+02;6.9905907e-02;1.0250000e+02;1.2904471e-01;1.0250000e+02;1.9270867e-01;1.0250000e+02;2.2419961e-01;1.0250000e+02;2.0968620e-01;1.0250000e+02;2.0649365e-01;1.0250000e+02;1.4874402e-01;1.0250000e+02;8.5473955e-02;1.0250000e+02;3.0680403e-02;1.0250000e+02;-1.7026909e-02;1.0250000e+02;-6.1340265e-02;1.0250000e+02;-1.0487905e-01;1.0250000e+02;-1.4662945e-01;1.0250000e+02;-1.8941936e-01;1.0250000e+02;-8.8272884e-02;1.0250000e+02;-7.5009748e-02;1.0250000e+02;-4.1414291e-02;1.0250000e+02;1.3350852e-02;1.0250000e+02;6.9905907e-02;1.0250000e+02;1.2904471e-01;1.0250000e+02;1.9270867e-01;1.0250000e+02;2.2419961e-01;1.0250000e+02;2.0968620e-01;1.0250000e+02;2.0649365e-01;1.0250000e+02;1.4874402e-01;1.0250000e+02;8.5473955e-02;1.0250000e+02;3.0680403e-02;1.0250000e+02;-1.7026909e-02;1.0250000e+02;-6.1340265e-02;1.0250000e+02;-1.0487905e-01;1.0250000e+02;-1.4662945e-01;1.0250000e+02;-1.8941936e-01;1.0250000e+02;-8.8272884e-02;1.0250000e+02;-7.5009748e-02;1.0250000e+02;-4.1414291e-02;1.0250000e+02;1.3350852e-02;1.0250000e+02;6.9905907e-02;1.0250000e+02;1.2904471e-01;1.0250000e+02;1.9270867e-01;1.0250000e+02;2.2419961e-01;1.0250000e+02;2.0968620e-01;1.0250000e+02;2.0649365e-01;1.0250000e+02;1.4874402e-01;1.0250000e+02;8.5473955e-02;1.0250000e+02;3.0680403e-02;1.0250000e+02;-1.7026909e-02;1.0250000e+02;-6.1340265e-02;1.0250000e+02;-1.0487905e-01;1.0250000e+02;-1.4662945e-01;1.0250000e+02;-1.8941936e-01;1.0250000e+02;-8.8272884e-02;1.0250000e+02;-7.5009748e-02;1.0250000e+02;-4.1414291e-02;1.0250000e+02;1.3350852e-02;1.0250000e+02;6.9905907e-02;1.0250000e+02;1.2904471e-01;1.0250000e+02;1.9270867e-01;1.0250000e+02;2.2419961e-01;1.0250000e+02;2.0968620e-01;1.0250000e+02;2.0649365e-01;1.0250000e+02;1.4874402e-01;1.0250000e+02;8.5473955e-02;1.0250000e+02;3.0680403e-02;1.0250000e+02;-1.7026909e-02;1.0250000e+02;-6.1340265e-02;1.0250000e+02;-1.0487905e-01;1.0250000e+02;-1.4662945e-01;1.0250000e+02;-1.8941936e-01;1.0250000e+02;-8.8272884e-02;1.0250000e+02;-7.5009748e-02;1.0250000e+02;-4.1414291e-02;1.0250000e+02;1.3350852e-02;1.0250000e+02;6.9905907e-02;1.0250000e+02;1.2904471e-01;1.0250000e+02;1.9270867e-01;1.0250000e+02;2.2419961e-01;1.0250000e+02;2.0968620e-01;1.0250000e+02;2.0649365e-01;1.0250000e+02;1.4874402e-01;1.0250000e+02;8.5473955e-02;1.0250000e+02;3.0680403e-02;1.0250000e+02;-1.7026909e-02;1.0250000e+02;-6.1340265e-02;1.0250000e+02;-1.0487905e-01;1.0250000e+02;-1.4662945e-01;1.0250000e+02;-1.8941936e-01;1.0250000e+02;-8.8272884e-02;1.0250000e+02;-7.5009748e-02;1.0250000e+02;-4.1414291e-02;1.0250000e+02;1.3350852e-02;1.0250000e+02;6.9905907e-02;1.0250000e+02;1.2904471e-01;1.0250000e+02;1.9270867e-01;1.0250000e+02;2.2419961e-01;1.0250000e+02;2.0968620e-01;1.0250000e+02;2.0649365e-01;1.0250000e+02;1.4874402e-01;1.0250000e+02;8.5473955e-02;1.0250000e+02;3.0680403e-02;1.0250000e+02;-1.7026909e-02;1.0250000e+02;-6.1340265e-02;1.0250000e+02;-1.0487905e-01;1.0250000e+02;-1.4662945e-01;1.0250000e+02;-1.8941936e-01;1.0250000e+02;-8.8272884e-02;1.0250000e+02;-7.5009748e-02;1.0250000e+02;-4.1414291e-02;1.0250000e+02;1.3350852e-02;1.0250000e+02;6.9905907e-02;1.0250000e+02;1.2904471e-01;1.0250000e+02;1.9270867e-01;1.0250000e+02;2.2419961e-01;1.0250000e+02;2.0968620e-01;1.0250000e+02;2.0649365e-01;1.0250000e+02;1.4874402e-01;1.0250000e+02;8.5473955e-02;1.0250000e+02;3.0680403e-02;1.0250000e+02;-1.7026909e-02;1.0250000e+02;-6.1340265e-02;1.0250000e+02;-1.0487905e-01;1.0250000e+02;-1.4662945e-01;1.0250000e+02;-1.8941936e-01;1.0250000e+02;-8.8272884e-02;1.0250000e+02;-7.5009748e-02;1.0250000e+02;-4.1414291e-02;1.0250000e+02;1.3350852e-02;1.0250000e+02;6.9905907e-02;1.0250000e+02;1.2904471e-01;1.0250000e+02;1.9270867e-01;1.0250000e+02;2.2419961e-01;1.0250000e+02;2.0968620e-01;1.0250000e+02;2.0649365e-01;1.0250000e+02;1.4874402e-01;1.0250000e+02;8.5473955e-02;1.0250000e+02;3.0680403e-02;1.0250000e+02;-1.7026909e-02;1.0250000e+02;-6.1340265e-02;1.0250000e+02;-1.0487905e-01;1.0250000e+02;-1.4662945e-01;1.0250000e+02;-1.8941936e-01;1.0250000e+02;-8.8272884e-02;1.0250000e+02;-7.5009748e-02;1.0250000e+02;-4.1414291e-02;1.0250000e+02;1.3350852e-02;1.0250000e+02;6.9905907e-02;1.0250000e+02;1.2904471e-01;1.0250000e+02;1.9270867e-01;1.0250000e+02;2.2419961e-01;1.0250000e+02;2.0968620e-01;1.0250000e+02;2.0649365e-01;1.0250000e+02;1.4874402e-01;1.0250000e+02;8.5473955e-02;1.0250000e+02;3.0680403e-02;1.0250000e+02;-1.7026909e-02;1.0250000e+02;-6.1340265e-02;1.0250000e+02;-1.0487905e-01;1.0250000e+02;-1.4662945e-01;1.0250000e+02;-1.8941936e-01;1.0250000e+02;-8.8272884e-02;1.0250000e+02;-7.5009748e-02;1.0250000e+02;-4.1414291e-02;1.0250000e+02;1.3350852e-02;1.0250000e+02;6.9905907e-02;1.0250000e+02;1.2904471e-01;1.0250000e+02;1.9270867e-01;1.0250000e+02;2.2419961e-01;1.0250000e+02;2.0968620e-01;1.0250000e+02;2.0649365e-01;1.0250000e+02;1.4874402e-01;1.0250000e+02;8.5473955e-02;1.0250000e+02;3.0680403e-02;1.0250000e+02;-1.7026909e-02;1.0250000e+02;-6.1340265e-02;1.0250000e+02;-1.0487905e-01;1.0250000e+02;-1.4662945e-01;1.0250000e+02;-1.8941936e-01;1.0250000e+02;-8.8272884e-02;1.0250000e+02;-7.5009748e-02;1.0250000e+02;-4.1414291e-02;1.0250000e+02;1.3350852e-02;1.0250000e+02;6.9905907e-02;1.0250000e+02;1.2904471e-01;1.0250000e+02;1.9270867e-01;1.0250000e+02;2.2419961e-01;1.0250000e+02;2.0968620e-01;1.0250000e+02;2.0649365e-01;1.0250000e+02;1.4874402e-01;1.0250000e+02;8.5473955e-02;1.0250000e+02;3.0680403e-02;1.0250000e+02;-1.7026909e-02;1.0250000e+02;-6.1340265e-02;1.0250000e+02;-1.0487905e-01;1.0250000e+02;-1.4662945e-01;1.0250000e+02;-1.8941936e-01;1.0250000e+02;-8.8272884e-02;1.0250000e+02;-7.5009748e-02;1.0250000e+02;-4.1414291e-02;1.0250000e+02;1.3350852e-02;1.0250000e+02;6.9905907e-02;1.0250000e+02;1.2904471e-01;1.0250000e+02;1.9270867e-01;1.0250000e+02;2.2419961e-01;1.0250000e+02;2.0968620e-01;1.0250000e+02;2.0649365e-01;1.0250000e+02;1.4874402e-01;1.0250000e+02;8.5473955e-02;1.0250000e+02;3.0680403e-02;1.0250000e+02;-1.7026909e-02;1.0250000e+02;-6.1340265e-02;1.0250000e+02;-1.0487905e-01;1.0250000e+02;-1.4662945e-01;1.0250000e+02;-1.8941936e-01;1.0250000e+02;-8.8272884e-02;1.0250000e+02;-7.5009748e-02;1.0250000e+02;-4.1414291e-02;1.0250000e+02;1.3350852e-02;1.0250000e+02;6.9905907e-02;1.0250000e+02;1.2904471e-01;1.0250000e+02;1.9270867e-01;1.0250000e+02;2.2419961e-01;1.0250000e+02;2.0968620e-01;1.0250000e+02;2.0649365e-01;1.0250000e+02;1.4874402e-01;1.0250000e+02;8.5473955e-02;1.0250000e+02;3.0680403e-02;1.0250000e+02;-1.7026909e-02;1.0250000e+02;-6.1340265e-02;1.0250000e+02;-1.0487905e-01;1.0250000e+02;-1.4662945e-01;1.0250000e+02;-1.8941936e-01;1.0250000e+02;-8.8272884e-02;1.0250000e+02;-7.5009748e-02;1.0250000e+02;-4.1414291e-02;1.0250000e+02;1.3350852e-02;1.0250000e+02;6.9905907e-02;1.0250000e+02;1.2904471e-01;1.0250000e+02;1.9270867e-01;1.0250000e+02;2.2419961e-01;1.0250000e+02;2.0968620e-01;1.0250000e+02;2.0649365e-01;1.0250000e+02;1.4874402e-01;1.0250000e+02;8.5473955e-02;1.0250000e+02;3.0680403e-02;1.0250000e+02;-1.7026909e-02;1.0250000e+02;-6.1340265e-02;1.0250000e+02;-1.0487905e-01;1.0250000e+02;-1.4662945e-01;1.0250000e+02;-1.8941936e-01;1.0250000e+02;-8.8272884e-02;1.0250000e+02;-7.5009748e-02;1.0250000e+02;-4.1414291e-02;1.0250000e+02;1.3350852e-02;1.0250000e+02;6.9905907e-02;1.0250000e+02;1.2904471e-01;1.0250000e+02;1.9270867e-01;1.0250000e+02;2.2419961e-01;1.0250000e+02;2.0968620e-01;1.0250000e+02;2.0649365e-01;1.0250000e+02;1.4874402e-01;1.0250000e+02;8.5473955e-02;1.0250000e+02;3.0680403e-02;1.0250000e+02;-1.7026909e-02;1.0250000e+02;-6.1340265e-02;1.0250000e+02;-1.0487905e-01;1.0250000e+02;-1.4662945e-01;1.0250000e+02;-1.8941936e-01;1.0250000e+02;-8.8272884e-02;1.0250000e+02;-7.5009748e-02;1.0250000e+02;-4.1414291e-02;1.0250000e+02;1.3350852e-02;1.0250000e+02;6.9905907e-02;1.0250000e+02;1.2904471e-01;1.0250000e+02;1.9270867e-01;1.0250000e+02;2.2419961e-01;1.0250000e+02;2.0968620e-01;1.0250000e+02;2.0649365e-01;1.0250000e+02;1.4874402e-01;1.0250000e+02;8.5473955e-02;1.0250000e+02;3.0680403e-02;1.0250000e+02;-1.7026909e-02;1.0250000e+02;-6.1340265e-02;1.0250000e+02;-1.0487905e-01;1.0250000e+02;-1.4662945e-01;1.0250000e+02;-1.8941936e-01;1.0250000e+02;-8.8272884e-02;1.0250000e+02;-7.5009748e-02;1.0250000e+02;-4.1414291e-02;1.0250000e+02;1.3350852e-02;1.0250000e+02;6.9905907e-02;1.0250000e+02;1.2904471e-01;1.0250000e+02;1.9270867e-01;1.0250000e+02;2.2419961e-01;1.0250000e+02;2.0968620e-01;1.0250000e+02;2.0649365e-01;1.0250000e+02;1.4874402e-01;1.0250000e+02;8.5473955e-02;1.0250000e+02;3.0680403e-02;1.0250000e+02;-1.7026909e-02;1.0250000e+02;-6.1340265e-02;1.0250000e+02;-1.0487905e-01;1.0250000e+02;-1.4662945e-01;1.0250000e+02;-1.8941936e-01;1.0250000e+02;-8.8272884e-02;1.0250000e+02;-7.5009748e-02;1.0250000e+02;-4.1414291e-02;1.0250000e+02;1.3350852e-02;1.0250000e+02;6.9905907e-02;1.0250000e+02;1.2904471e-01;1.0250000e+02;1.9270867e-01;1.0250000e+02;2.2419961e-01;1.0250000e+02;2.0968620e-01;1.0250000e+02;2.0649365e-01;1.0250000e+02;1.4874402e-01;1.0250000e+02;8.5473955e-02;1.0250000e+02;3.0680403e-02;1.0250000e+02;-1.7026909e-02;1.0250000e+02;-6.1340265e-02;1.0250000e+02;-1.0487905e-01;1.0250000e+02;-1.4662945e-01;1.0250000e+02;-1.8941936e-01;1.0250000e+02;-8.8272884e-02;1.0250000e+02;-7.5009748e-02;1.0250000e+02;-4.1414291e-02;1.0250000e+02;1.3350852e-02;1.0250000e+02;6.9905907e-02;1.0250000e+02;1.2904471e-01;1.0250000e+02;1.9270867e-01;1.0250000e+02;2.2419961e-01;1.0250000e+02;2.0968620e-01;1.0250000e+02;2.0649365e-01;1.0250000e+02;1.4874402e-01;1.0250000e+02;8.5473955e-02;1.0250000e+02;3.0680403e-02;1.0250000e+02;-1.7026909e-02;1.0250000e+02;-6.1340265e-02;1.0250000e+02;-1.0487905e-01;1.0250000e+02;-1.4662945e-01;1.0250000e+02;-1.8941936e-01;1.0250000e+02;-8.8272884e-02;1.0250000e+02;-7.5009748e-02;1.0250000e+02;-4.1414291e-02;1.0250000e+02;1.3350852e-02;1.0250000e+02;6.9905907e-02;1.0250000e+02;1.2904471e-01;1.0250000e+02;1.9270867e-01;1.0250000e+02;2.2419961e-01;1.0250000e+02;2.0968620e-01;1.0250000e+02;2.0649365e-01;1.0250000e+02;1.4874402e-01;1.0250000e+02;8.5473955e-02;1.0250000e+02;3.0680403e-02;1.0250000e+02;-1.7026909e-02;1.0250000e+02;-6.1340265e-02;1.0250000e+02;-1.0487905e-01;1.0250000e+02;-1.4662945e-01;1.0250000e+02;-1.8941936e-01;1.0250000e+02;-8.8272884e-02;1.0250000e+02;-7.5009748e-02;1.0250000e+02;-4.1414291e-02;1.0250000e+02;1.3350852e-02;1.0250000e+02;6.9905907e-02;1.0250000e+02;1.2904471e-01;1.0250000e+02;1.9270867e-01;1.0250000e+02;2.2419961e-01;1.0250000e+02;2.0968620e-01;1.0250000e+02;2.0649365e-01;1.0250000e+02;1.4874402e-01;1.0250000e+02;8.5473955e-02;1.0250000e+02;3.0680403e-02;1.0250000e+02;-1.7026909e-02;1.0250000e+02;-6.1340265e-02;1.0250000e+02;-1.0487905e-01;1.0250000e+02;-1.4662945e-01;1.0250000e+02;-1.8941936e-01;1.0250000e+02;-8.8272884e-02;1.0250000e+02;-7.5009748e-02;1.0250000e+02;-4.1414291e-02;1.0250000e+02;1.3350852e-02;1.0250000e+02;6.9905907e-02;1.0250000e+02;1.2904471e-01;1.0250000e+02;1.9270867e-01;1.0250000e+02;2.2419961e-01;1.0250000e+02;2.0968620e-01;1.0250000e+02;2.0649365e-01;1.0250000e+02;1.4874402e-01;1.0250000e+02;8.5473955e-02;1.0250000e+02;3.0680403e-02;1.0250000e+02;-1.7026909e-02;1.0250000e+02;-6.1340265e-02;1.0250000e+02;-1.0487905e-01;1.0250000e+02;-1.4662945e-01;1.0250000e+02;-1.8941936e-01;1.0250000e+02;-8.8272884e-02;1.0250000e+02;-7.5009748e-02;1.0250000e+02;-4.1414291e-02;1.0250000e+02;1.3350852e-02;1.0250000e+02;6.9905907e-02;1.0250000e+02;1.2904471e-01;1.0250000e+02;1.9270867e-01;1.0250000e+02;2.2419961e-01;1.0250000e+02;2.0968620e-01;1.0250000e+02;2.0649365e-01;1.0250000e+02;1.4874402e-01;1.0250000e+02;8.5473955e-02;1.0250000e+02;3.0680403e-02;1.0250000e+02;-1.7026909e-02;1.0250000e+02;-6.1340265e-02;1.0250000e+02;-1.0487905e-01;1.0250000e+02;-1.4662945e-01;1.0250000e+02;-1.8941936e-01;1.0250000e+02;-8.8272884e-02;1.0250000e+02;-7.5009748e-02;1.0250000e+02;-4.1414291e-02;1.0250000e+02;1.3350852e-02;1.0250000e+02;6.9905907e-02;1.0250000e+02;1.2904471e-01;1.0250000e+02;1.9270867e-01;1.0250000e+02;2.2419961e-01;1.0250000e+02;2.0968620e-01;1.0250000e+02;2.0649365e-01;1.0250000e+02;1.4874402e-01;1.0250000e+02;8.5473955e-02;1.0250000e+02;3.0680403e-02;1.0250000e+02;-1.7026909e-02;1.0250000e+02;-6.1340265e-02;1.0250000e+02;-1.0487905e-01;1.0250000e+02;-1.4662945e-01;1.0250000e+02;-1.8941936e-01;1.0250000e+02;-8.8272884e-02;1.0250000e+02;-7.5009748e-02;1.0250000e+02;-4.1414291e-02;1.0250000e+02;1.3350852e-02;1.0250000e+02;6.9905907e-02;1.0250000e+02;1.2904471e-01;1.0250000e+02;1.9270867e-01;1.0250000e+02;2.2419961e-01;1.0250000e+02;2.0968620e-01;1.0250000e+02;2.0649365e-01;1.0250000e+02;1.4874402e-01;1.0250000e+02;8.5473955e-02;1.0250000e+02;3.0680403e-02;1.0250000e+02;-1.7026909e-02;1.0250000e+02;-6.1340265e-02;1.0250000e+02;-1.0487905e-01;1.0250000e+02;-1.4662945e-01;1.0250000e+02;-1.8941936e-01;1.0250000e+02;-8.8272884e-02;1.0250000e+02;-7.5009748e-02;1.0250000e+02;-4.1414291e-02;1.0250000e+02;1.3350852e-02;1.0250000e+02;6.9905907e-02;1.0250000e+02;1.2904471e-01;1.0250000e+02;1.9270867e-01;1.0250000e+02;2.2419961e-01;1.0250000e+02;2.0968620e-01;1.0250000e+02;2.0649365e-01;1.0250000e+02;1.4874402e-01;1.0250000e+02;8.5473955e-02;1.0250000e+02;3.0680403e-02;1.0250000e+02;-1.7026909e-02;1.0250000e+02;-6.1340265e-02;1.0250000e+02;-1.0487905e-01;1.0250000e+02;-1.4662945e-01;1.0250000e+02;-1.8941936e-01;1.0250000e+02;-8.8272884e-02;1.0250000e+02;-7.5009748e-02;1.0250000e+02;-4.1414291e-02;1.0250000e+02;1.3350852e-02;1.0250000e+02;6.9905907e-02;1.0250000e+02;1.2904471e-01;1.0250000e+02;1.9270867e-01;1.0250000e+02;2.2419961e-01;1.0250000e+02;2.0968620e-01;1.0250000e+02;2.0649365e-01;1.0250000e+02;1.4874402e-01;1.0250000e+02;8.5473955e-02;1.0250000e+02;3.0680403e-02;1.0250000e+02;-1.7026909e-02;1.0250000e+02;-6.1340265e-02;1.0250000e+02;-1.0487905e-01;1.0250000e+02;-1.4662945e-01;1.0250000e+02;-1.8941936e-01;1.0250000e+02;-8.8272884e-02;1.0250000e+02;-7.5009748e-02;1.0250000e+02;-4.1414291e-02;1.0250000e+02;1.3350852e-02;1.0250000e+02;6.9905907e-02;1.0250000e+02;1.2904471e-01;1.0250000e+02;1.9270867e-01;1.0250000e+02;2.2419961e-01;1.0250000e+02;2.0968620e-01;1.0250000e+02;2.0649365e-01;1.0250000e+02;1.4874402e-01;1.0250000e+02;8.5473955e-02;1.0250000e+02;3.0680403e-02;1.0250000e+02;-1.7026909e-02;1.0250000e+02;-6.1340265e-02;1.0250000e+02;-1.0487905e-01;1.0250000e+02;-1.4662945e-01;1.0250000e+02;-1.8941936e-01;1.0250000e+02;-8.8272884e-02;1.0250000e+02;-7.5009748e-02;1.0250000e+02;-4.1414291e-02;1.0250000e+02;1.3350852e-02;1.0250000e+02;6.9905907e-02;1.0250000e+02;1.2904471e-01;1.0250000e+02;1.9270867e-01;1.0250000e+02;2.2419961e-01;1.0250000e+02;2.0968620e-01;1.0250000e+02;2.0649365e-01;1.0250000e+02;1.4874402e-01;1.0250000e+02;8.5473955e-02;1.0250000e+02;3.0680403e-02;1.0250000e+02;-1.7026909e-02;1.0250000e+02;-6.1340265e-02;1.0250000e+02;-1.0487905e-01;1.0250000e+02;-1.4662945e-01;1.0250000e+02;-1.8941936e-01;1.0250000e+02;-8.8272884e-02;1.0250000e+02;-7.5009748e-02;1.0250000e+02;-4.1414291e-02;1.0250000e+02;1.3350852e-02;1.0250000e+02;6.9905907e-02;1.0250000e+02;1.2904471e-01;1.0250000e+02;1.9270867e-01;1.0250000e+02;2.2419961e-01;1.0250000e+02;2.0968620e-01;1.0250000e+02;2.0649365e-01;1.0250000e+02;1.4874402e-01;1.0250000e+02;8.5473955e-02;1.0250000e+02;3.0680403e-02;1.0250000e+02;-1.7026909e-02;1.0250000e+02;-6.1340265e-02;1.0250000e+02;-1.0487905e-01;1.0250000e+02;-1.4662945e-01;1.0250000e+02;-1.8941936e-01
1.0750000e+02;-8.4671915e-02;1.0750000e+02;-7.6973863e-02;1.0750000e+02;-4.5606129e-02;1.0750000e+02;5.1048473e-03;1.0750000e+02;6.1321206e-02;1.0750000e+02;1.2712774e-01;1.0750000e+02;1.8568952e-01;1.0750000e+02;2.1455410e-01;1.0750000e+02;2.0225102e-01;1.0750000e+02;2.0866072e-01;1.0750000e+02;1.5718016e-01;1.0750000e+02;9.6042521e-02;1.0750000e+02;4.2059533e-02;1.0750000e+02;-5.8471113e-03;1.0750000e+02;-4.9980059e-02;1.0750000e+02;-9.3429245e-02;1.0750000e+02;-1.3666579e-01;1.0750000e+02;-1.7817135e-01;1.0750000e+02;-8.4671915e-02;1.0750000e+02;-7.6973863e-02;1.0750000e+02;-4.5606129e-02;1.0750000e+02;5.1048473e-03;1.0750000e+02;6.1321206e-02;1.0750000e+02;1.2712774e-01;1.0750000e+02;1.8568952e-01;1.0750000e+02;2.1455410e-01;1.0750000e+02;2.0225102e-01;1.0750000e+02;2.0866072e-01;1.0750000e+02;1.5718016e-01;1.0750000e+02;9.6042521e-02;1.0750000e+02;4.2059533e-02;1.0750000e+02;-5.8471113e-03;1.0750000e+02;-4.9980059e-02;1.0750000e+02;-9.3429245e-02;1.0750000e+02;-1.3666579e-01;1.0750000e+02;-1.7817135e-01;1.0750000e+02;-8.4671915e-02;1.0750000e+02;-7.6973863e-02;1.0750000e+02;-4.5606129e-02;1.0750000e+02;5.1048473e-03;1.0750000e+02;6.1321206e-02;1.0750000e+02;1.2712774e-01;1.0750000e+02;1.8568952e-01;1.0750000e+02;2.1455410e-01;1.0750000e+02;2.0225102e-01;1.0750000e+02;2.0866072e-01;1.0750000e+02;1.5718016e-01;1.0750000e+02;9.6042521e-02;1.0750000e+02;4.2059533e-02;1.0750000e+02;-5.8471113e-03;1.0750000e+02;-4.9980059e-02;1.0750000e+02;-9.3429245e-02;1.0750000e+02;-1.3666579e-01;1.0750000e+02;-1.7817135e-01;1.0750000e+02;-8.4671915e-02;1.0750000e+02;-7.6973863e-02;1.0750000e+02;-4.5606129e-02;1.0750000e+02;5.1048473e-03;1.0750000e+02;6.1321206e-02;1.0750000e+02;1.2712774e-01;1.0750000e+02;1.8568952e-01;1.0750000e+02;2.1455410e-01;1.0750000e+02;2.0225102e-01;1.0750000e+02;2.0866072e-01;1.0750000e+02;1.5718016e-01;1.0750000e+02;9.6042521e-02;1.0750000e+02;4.2059533e-02;1.0750000e+02;-5.8471113e-03;1.0750000e+02;-4.9980059e-02;1.0750000e+02;-9.3429245e-02;1.0750000e+02;-1.3666579e-01;1.0750000e+02;-1.7817135e-01;1.0750000e+02;-8.4671915e-02;1.0750000e+02;-7.6973863e-02;1.0750000e+02;-4.5606129e-02;1.0750000e+02;5.1048473e-03;1.0750000e+02;6.1321206e-02;1.0750000e+02;1.2712774e-01;1.0750000e+02;1.8568952e-01;1.0750000e+02;2.1455410e-01;1.0750000e+02;2.0225102e-01;1.0750000e+02;2.0866072e-01;1.0750000e+02;1.5718016e-01;1.0750000e+02;9.6042521e-02;1.0750000e+02;4.2059533e-02;1.0750000e+02;-5.8471113e-03;1.0750000e+02;-4.9980059e-02;1.0750000e+02;-9.3429245e-02;1.0750000e+02;-1.3666579e-01;1.0750000e+02;-1.7817135e-01;1.0750000e+02;-8.4671915e-02;1.0750000e+02;-7.6973863e-02;1.0750000e+02;-4.5606129e-02;1.0750000e+02;5.1048473e-03;1.0750000e+02;6.1321206e-02;1.0750000e+02;1.2712774e-01;1.0750000e+02;1.8568952e-01;1.0750000e+02;2.1455410e-01;1.0750000e+02;2.0225102e-01;1.0750000e+02;2.0866072e-01;1.0750000e+02;1.5718016e-01;1.0750000e+02;9.6042521e-02;1.0750000e+02;4.2059533e-02;1.0750000e+02;-5.8471113e-03;1.0750000e+02;-4.9980059e-02;1.0750000e+02;-9.3429245e-02;1.0750000e+02;-1.3666579e-01;1.0750000e+02;-1.7817135e-01;1.0750000e+02;-8.4671915e-02;1.0750000e+02;-7.6973863e-02;1.0750000e+02;-4.5606129e-02;1.0750000e+02;5.1048473e-03;1.0750000e+02;6.1321206e-02;1.0750000e+02;1.2712774e-01;1.0750000e+02;1.8568952e-01;1.0750000e+02;2.1455410e-01;1.0750000e+02;2.0225102e-01;1.0750000e+02;2.0866072e-01;1.0750000e+02;1.5718016e-01;1.0750000e+02;9.6042521e-02;1.0750000e+02;4.2059533e-02;1.0750000e+02;-5.8471113e-03;1.0750000e+02;-4.9980059e-02;1.0750000e+02;-9.3429245e-02;1.0750000e+02;-1.3666579e-01;1.0750000e+02;-1.7817135e-01;1.0750000e+02;-8.4671915e-02;1.0750000e+02;-7.6973863e-02;1.0750000e+02;-4.5606129e-02;1.0750000e+02;5.1048473e-03;1.0750000e+02;6.1321206e-02;1.0750000e+02;1.2712774e-01;1.0750000e+02;1.8568952e-01;1.0750000e+02;2.1455410e-01;1.0750000e+02;2.0225102e-01;1.0750000e+02;2.0866072e-01;1.0750000e+02;1.5718016e-01;1.0750000e+02;9.6042521e-02;1.0750000e+02;4.2059533e-02;1.0750000e+02;-5.8471113e-03;1.0750000e+02;-4.9980059e-02;1.0750000e+02;-9.3429245e-02;1.0750000e+02;-1.3666579e-01;1.0750000e+02;-1.7817135e-01;1.0750000e+02;-8.4671915e-02;1.0750000e+02;-7.6973863e-02;1.0750000e+02;-4.5606129e-02;1.0750000e+02;5.1048473e-03;1.0750000e+02;6.1321206e-02;1.0750000e+02;1.2712774e-01;1.0750000e+02;1.8568952e-01;1.0750000e+02;2.1455410e-01;1.0750000e+02;2.0225102e-01;1.0750000e+02;2.0866072e-01;1.0750000e+02;1.5718016e-01;1.0750000e+02;9.6042521e-02;1.0750000e+02;4.2059533e-02;1.0750000e+02;-5.8471113e-03;1.0750000e+02;-4.9980059e-02;1.0750000e+02;-9.3429245e-02;1.0750000e+02;-1.3666579e-01;1.0750000e+02;-1.7817135e-01;1.0750000e+02;-8.4671915e-02;1.0750000e+02;-7.6973863e-02;1.0750000e+02;-4.5606129e-02;1.0750000e+02;5.1048473e-03;1.0750000e+02;6.1321206e-02;1.0750000e+02;1.2712774e-01;1.0750000e+02;1.8568952e-01;1.0750000e+02;2.1455410e-01;1.0750000e+02;2.0225102e-01;1.0750000e+02;2.0866072e-01;1.0750000e+02;1.5718016e-01;1.0750000e+02;9.6042521e-02;1.0750000e+02;4.2059533e-02;1.0750000e+02;-5.8471113e-03;1.0750000e+02;-4.9980059e-02;1.0750000e+02;-9.3429245e-02;1.0750000e+02;-1.3666579e-01;1.0750000e+02;-1.7817135e-01;1.0750000e+02;-8.4671915e-02;1.0750000e+02;-7.6973863e-02;1.0750000e+02;-4.5606129e-02;1.0750000e+02;5.1048473e-03;1.0750000e+02;6.1321206e-02;1.0750000e+02;1.2712774e-01;1.0750000e+02;1.8568952e-01;1.0750000e+02;2.1455410e-01;1.0750000e+02;2.0225102e-01;1.0750000e+02;2.0866072e-01;1.0750000e+02;1.5718016e-01;1.0750000e+02;9.6042521e-02;1.0750000e+02;4.2059533e-02;1.0750000e+02;-5.8471113e-03;1.0750000e+02;-4.9980059e-02;1.0750000e+02;-9.3429245e-02;1.0750000e+02;-1.3666579e-01;1.0750000e+02;-1.7817135e-01;1.0750000e+02;-8.4671915e-02;1.0750000e+02;-7.6973863e-02;1.0750000e+02;-4.5606129e-02;1.0750000e+02;5.1048473e-03;1.0750000e+02;6.1321206e-02;1.0750000e+02;1.2712774e-01;1.0750000e+02;1.8568952e-01;1.0750000e+02;2.1455410e-01;1.0750000e+02;2.0225102e-01;1.0750000e+02;2.0866072e-01;1.0750000e+02;1.5718016e-01;1.0750000e+02;9.6042521e-02;1.0750000e+02;4.2059533e-02;1.0750000e+02;-5.8471113e-03;1.0750000e+02;-4.9980059e-02;1.0750000e+02;-9.3429245e-02;1.0750000e+02;-1.3666579e-01;1.0750000e+02;-1.7817135e-01;1.0750000e+02;-8.4671915e-02;1.0750000e+02;-7.6973863e-02;1.0750000e+02;-4.5606129e-02;1.0750000e+02;5.1048473e-03;1.0750000e+02;6.1321206e-02;1.0750000e+02;1.2712774e-01;1.0750000e+02;1.8568952e-01;1.0750000e+02;2.1455410e-01;1.0750000e+02;2.0225102e-01;1.0750000e+02;2.0866072e-01;1.0750000e+02;1.5718016e-01;1.0750000e+02;9.6042521e-02;1.0750000e+02;4.2059533e-02;1.0750000e+02;-5.8471113e-03;1.0750000e+02;-4.9980059e-02;1.0750000e+02;-9.3429245e-02;1.0750000e+02;-1.3666579e-01;1.0750000e+02;-1.7817135e-01;1.0750000e+02;-8.4671915e-02;1.0750000e+02;-7.6973863e-02;1.0750000e+02;-4.5606129e-02;1.0750000e+02;5.1048473e-03;1.0750000e+02;6.1321206e-02;1.0750000e+02;1.2712774e-01;1.0750000e+02;1.8568952e-01;1.0750000e+02;2.1455410e-01;1.0750000e+02;2.0225102e-01;1.0750000e+02;2.0866072e-01;1.0750000e+02;1.5718016e-01;1.0750000e+02;9.6042521e-02;1.0750000e+02;4.2059533e-02;1.0750000e+02;-5.8471113e-03;1.0750000e+02;-4.9980059e-02;1.0750000e+02;-9.3429245e-02;1.0750000e+02;-1.3666579e-01;1.0750000e+02;-1.7817135e-01;1.0750000e+02;-8.4671915e-02;1.0750000e+02;-7.6973863e-02;1.0750000e+02;-4.5606129e-02;1.0750000e+02;5.1048473e-03;1.0750000e+02;6.1321206e-02;1.0750000e+02;1.2712774e-01;1.0750000e+02;1.8568952e-01;1.0750000e+02;2.1455410e-01;1.0750000e+02;2.0225102e-01;1.0750000e+02;2.0866072e-01;1.0750000e+02;1.5718016e-01;1.0750000e+02;9.6042521e-02;1.0750000e+02;4.2059533e-02;1.0750000e+02;-5.8471113e-03;1.0750000e+02;-4.9980059e-02;1.0750000e+02;-9.3429245e-02;1.0750000e+02;-1.3666579e-01;1.0750000e+02;-1.7817135e-01;1.0750000e+02;-8.4671915e-02;1.0750000e+02;-7.6973863e-02;1.0750000e+02;-4.5606129e-02;1.0750000e+02;5.1048473e-03;1.0750000e+02;6.1321206e-02;1.0750000e+02;1.2712774e-01;1.0750000e+02;1.8568952e-01;1.0750000e+02;2.1455410e-01;1.0750000e+02;2.0225102e-01;1.0750000e+02;2.0866072e-01;1.0750000e+02;1.5718016e-01;1.0750000e+02;9.6042521e-02;1.0750000e+02;4.2059533e-02;1.0750000e+02;-5.8471113e-03;1.0750000e+02;-4.9980059e-02;1.0750000e+02;-9.3429245e-02;1.0750000e+02;-1.3666579e-01;1.0750000e+02;-1.7817135e-01;1.0750000e+02;-8.4671915e-02;1.0750000e+02;-7.6973863e-02;1.0750000e+02;-4.5606129e-02;1.0750000e+02;5.1048473e-03;1.0750000e+02;6.1321206e-02;1.0750000e+02;1.2712774e-01;1.0750000e+02;1.8568952e-01;1.0750000e+02;2.1455410e-01;1.0750000e+02;2.0225102e-01;1.0750000e+02;2.0866072e-01;1.0750000e+02;1.5718016e-01;1.0750000e+02;9.6042521e-02;1.0750000e+02;4.2059533e-02;1.0750000e+02;-5.8471113e-03;1.0750000e+02;-4.9980059e-02;1.0750000e+02;-9.3429245e-02;1.0750000e+02;-1.3666579e-01;1.0750000e+02;-1.7817135e-01;1.0750000e+02;-8.4671915e-02;1.0750000e+02;-7.6973863e-02;1.0750000e+02;-4.5606129e-02;1.0750000e+02;5.1048473e-03;1.0750000e+02;6.1321206e-02;1.0750000e+02;1.2712774e-01;1.0750000e+02;1.8568952e-01;1.0750000e+02;2.1455410e-01;1.0750000e+02;2.0225102e-01;1.0750000e+02;2.0866072e-01;1.0750000e+02;1.5718016e-01;1.0750000e+02;9.6042521e-02;1.0750000e+02;4.2059533e-02;1.0750000e+02;-5.8471113e-03;1.0750000e+02;-4.9980059e-02;1.0750000e+02;-9.3429245e-02;1.0750000e+02;-1.3666579e-01;1.0750000e+02;-1.7817135e-01;1.0750000e+02;-8.4671915e-02;1.0750000e+02;-7.6973863e-02;1.0750000e+02;-4.5606129e-02;1.0750000e+02;5.1048473e-03;1.0750000e+02;6.1321206e-02;1.0750000e+02;1.2712774e-01;1.0750000e+02;1.8568952e-01;1.0750000e+02;2.1455410e-01;1.0750000e+02;2.0225102e-01;1.0750000e+02;2.0866072e-01;1.0750000e+02;1.5718016e-01;1.0750000e+02;9.6042521e-02;1.0750000e+02;4.2059533e-02;1.0750000e+02;-5.8471113e-03;1.0750000e+02;-4.9980059e-02;1.0750000e+02;-9.3429245e-02;1.0750000e+02;-1.3666579e-01;1.0750000e+02;-1.7817135e-01;1.0750000e+02;-8.4671915e-02;1.0750000e+02;-7.6973863e-02;1.0750000e+02;-4.5606129e-02;1.0750000e+02;5.1048473e-03;1.0750000e+02;6.1321206e-02;1.0750000e+02;1.2712774e-01;1.0750000e+02;1.8568952e-01;1.0750000e+02;2.1455410e-01;1.0750000e+02;2.0225102e-01;1.0750000e+02;2.0866072e-01;1.0750000e+02;1.5718016e-01;1.0750000e+02;9.6042521e-02;1.0750000e+02;4.2059533e-02;1.0750000e+02;-5.8471113e-03;1.0750000e+02;-4.9980059e-02;1.0750000e+02;-9.3429245e-02;1.0750000e+02;-1.3666579e-01;1.0750000e+02;-1.7817135e-01;1.0750000e+02;-8.4671915e-02;1.0750000e+02;-7.6973863e-02;1.0750000e+02;-4.5606129e-02;1.0750000e+02;5.1048473e-03;1.0750000e+02;6.1321206e-02;1.0750000e+02;1.2712774e-01;1.0750000e+02;1.8568952e-01;1.0750000e+02;2.1455410e-01;1.0750000e+02;2.0225102e-01;1.0750000e+02;2.0866072e-01;1.0750000e+02;1.5718016e-01;1.0750000e+02;9.6042521e-02;1.0750000e+02;4.2059533e-02;1.0750000e+02;-5.8471113e-03;1.0750000e+02;-4.9980059e-02;1.0750000e+02;-9.3429245e-02;1.0750000e+02;-1.3666579e-01;1.0750000e+02;-1.7817135e-01;1.0750000e+02;-8.4671915e-02;1.0750000e+02;-7.6973863e-02;1.0750000e+02;-4.5606129e-02;1.0750000e+02;5.1048473e-03;1.0750000e+02;6.1321206e-02;1.0750000e+02;1.2712774e-01;1.0750000e+02;1.8568952e-01;1.0750000e+02;2.1455410e-01;1.0750000e+02;2.0225102e-01;1.0750000e+02;2.0866072e-01;1.0750000e+02;1.5718016e-01;1.0750000e+02;9.6042521e-02;1.0750000e+02;4.2059533e-02;1.0750000e+02;-5.8471113e-03;1.0750000e+02;-4.9980059e-02;1.0750000e+02;-9.3429245e-02;1.0750000e+02;-1.3666579e-01;1.0750000e+02;-1.7817135e-01;1.0750000e+02;-8.4671915e-02;1.0750000e+02;-7.6973863e-02;1.0750000e+02;-4.5606129e-02;1.0750000e+02;5.1048473e-03;1.0750000e+02;6.1321206e-02;1.0750000e+02;1.2712774e-01;1.0750000e+02;1.8568952e-01;1.0750000e+02;2.1455410e-01;1.0750000e+02;2.0225102e-01;1.0750000e+02;2.0866072e-01;1.0750000e+02;1.5718016e-01;1.0750000e+02;9.6042521e-02;1.0750000e+02;4.2059533e-02;1.0750000e+02;-5.8471113e-03;1.0750000e+02;-4.9980059e-02;1.0750000e+02;-9.3429245e-02;1.0750000e+02;-1.3666579e-01;1.0750000e+02;-1.7817135e-01;1.0750000e+02;-8.4671915e-02;1.0750000e+02;-7.6973863e-02;1.0750000e+02;-4.5606129e-02;1.0750000e+02;5.1048473e-03;1.0750000e+02;6.1321206e-02;1.0750000e+02;1.2712774e-01;1.0750000e+02;1.8568952e-01;1.0750000e+02;2.1455410e-01;1.0750000e+02;2.0225102e-01;1.0750000e+02;2.0866072e-01;1.0750000e+02;1.5718016e-01;1.0750000e+02;9.6042521e-02;1.0750000e+02;4.2059533e-02;1.0750000e+02;-5.8471113e-03;1.0750000e+02;-4.9980059e-02;1.0750000e+02;-9.3429245e-02;1.0750000e+02;-1.3666579e-01;1.0750000e+02;-1.7817135e-01;1.0750000e+02;-8.4671915e-02;1.0750000e+02;-7.6973863e-02;1.0750000e+02;-4.5606129e-02;1.0750000e+02;5.1048473e-03;1.0750000e+02;6.1321206e-02;1.0750000e+02;1.2712774e-01;1.0750000e+02;1.8568952e-01;1.0750000e+02;2.1455410e-01;1.0750000e+02;2.0225102e-01;1.0750000e+02;2.0866072e-01;1.0750000e+02;1.5718016e-01;1.0750000e+02;9.6042521e-02;1.0750000e+02;4.2059533e-02;1.0750000e+02;-5.8471113e-03;1.0750000e+02;-4.9980059e-02;1.0750000e+02;-9.3429245e-02;1.0750000e+02;-1.3666579e-01;1.0750000e+02;-1.7817135e-01;1.0750000e+02;-8.4671915e-02;1.0750000e+02;-7.6973863e-02;1.0750000e+02;-4.5606129e-02;1.0750000e+02;5.1048473e-03;1.0750000e+02;6.1321206e-02;1.0750000e+02;1.2712774e-01;1.0750000e+02;1.8568952e-01;1.0750000e+02;2.1455410e-01;1.0750000e+02;2.0225102e-01;1.0750000e+02;2.0866072e-01;1.0750000e+02;1.5718016e-01;1.0750000e+02;9.6042521e-02;1.0750000e+02;4.2059533e-02;1.0750000e+02;-5.8471113e-03;1.0750000e+02;-4.9980059e-02;1.0750000e+02;-9.3429245e-02;1.0750000e+02;-1.3666579e-01;1.0750000e+02;-1.7817135e-01;1.0750000e+02;-8.4671915e-02;1.0750000e+02;-7.6973863e-02;1.0750000e+02;-4.5606129e-02;1.0750000e+02;5.1048473e-03;1.0750000e+02;6.1321206e-02;1.0750000e+02;1.2712774e-01;1.0750000e+02;1.8568952e-01;1.0750000e+02;2.1455410e-01;1.0750000e+02;2.0225102e-01;1.0750000e+02;2.0866072e-01;1.0750000e+02;1.5718016e-01;1.0750000e+02;9.6042521e-02;1.0750000e+02;4.2059533e-02;1.0750000e+02;-5.8471113e-03;1.0750000e+02;-4.9980059e-02;1.0750000e+02;-9.3429245e-02;1.0750000e+02;-1.3666579e-01;1.0750000e+02;-1.7817135e-01;1.0750000e+02;-8.4671915e-02;1.0750000e+02;-7.6973863e-02;1.0750000e+02;-4.5606129e-02;1.0750000e+02;5.1048473e-03;1.0750000e+02;6.1321206e-02;1.0750000e+02;1.2712774e-01;1.0750000e+02;1.8568952e-01;1.0750000e+02;2.1455410e-01;1.0750000e+02;2.0225102e-01;1.0750000e+02;2.0866072e-01;1.0750000e+02;1.5718016e-01;1.0750000e+02;9.6042521e-02;1.0750000e+02;4.2059533e-02;1.0750000e+02;-5.8471113e-03;1.0750000e+02;-4.9980059e-02;1.0750000e+02;-9.3429245e-02;1.0750000e+02;-1.3666579e-01;1.0750000e+02;-1.7817135e-01;1.0750000e+02;-8.4671915e-02;1.0750000e+02;-7.6973863e-02;1.0750000e+02;-4.5606129e-02;1.0750000e+02;5.1048473e-03;1.0750000e+02;6.1321206e-02;1.0750000e+02;1.2712774e-01;1.0750000e+02;1.8568952e-01;1.0750000e+02;2.1455410e-01;1.0750000e+02;2.0225102e-01;1.0750000e+02;2.0866072e-01;1.0750000e+02;1.5718016e-01;1.0750000e+02;9.6042521e-02;1.0750000e+02;4.2059533e-02;1.0750000e+02;-5.8471113e-03;1.0750000e+02;-4.9980059e-02;1.0750000e+02;-9.3429245e-02;1.0750000e+02;-1.3666579e-01;1.0750000e+02;-1.7817135e-01;1.0750000e+02;-8.4671915e-02;1.0750000e+02;-7.6973863e-02;1.0750000e+02;-4.5606129e-02;1.0750000e+02;5.1048473e-03;1.0750000e+02;6.1321206e-02;1.0750000e+02;1.2712774e-01;1.0750000e+02;1.8568952e-01;1.0750000e+02;2.1455410e-01;1.0750000e+02;2.0225102e-01;1.0750000e+02;2.0866072e-01;1.0750000e+02;1.5718016e-01;1.0750000e+02;9.6042521e-02;1.0750000e+02;4.2059533e-02;1.0750000e+02;-5.8471113e-03;1.0750000e+02;-4.9980059e-02;1.0750000e+02;-9.3429245e-02;1.0750000e+02;-1.3666579e-01;1.0750000e+02;-1.7817135e-01;1.0750000e+02;-8.4671915e-02;1.0750000e+02;-7.6973863e-02;1.0750000e+02;-4.5606129e-02;1.0750000e+02;5.1048473e-03;1.0750000e+02;6.1321206e-02;1.0750000e+02;1.2712774e-01;1.0750000e+02;1.8568952e-01;1.0750000e+02;2.1455410e-01;1.0750000e+02;2.0225102e-01;1.0750000e+02;2.0866072e-01;1.0750000e+02;1.5718016e-01;1.0750000e+02;9.6042521e-02;1.0750000e+02;4.2059533e-02;1.0750000e+02;-5.8471113e-03;1.0750000e+02;-4.9980059e-02;1.0750000e+02;-9.3429245e-02;1.0750000e+02;-1.3666579e-01;1.0750000e+02;-1.7817135e-01;1.0750000e+02;-8.4671915e-02;1.0750000e+02;-7.6973863e-02;1.0750000e+02;-4.5606129e-02;1.0750000e+02;5.1048473e-03;1.0750000e+02;6.1321206e-02;1.0750000e+02;1.2712774e-01;1.0750000e+02;1.8568952e-01;1.0750000e+02;2.1455410e-01;1.0750000e+02;2.0225102e-01;1.0750000e+02;2.0866072e-01;1.0750000e+02;1.5718016e-01;1.0750000e+02;9.6042521e-02;1.0750000e+02;4.2059533e-02;1.0750000e+02;-5.8471113e-03;1.0750000e+02;-4.9980059e-02;1.0750000e+02;-9.3429245e-02;1.0750000e+02;-1.3666579e-01;1.0750000e+02;-1.7817135e-01;1.0750000e+02;-8.4671915e-02;1.0750000e+02;-7.6973863e-02;1.0750000e+02;-4.5606129e-02;1.0750000e+02;5.1048473e-03;1.0750000e+02;6.1321206e-02;1.0750000e+02;1.2712774e-01;1.0750000e+02;1.8568952e-01;1.0750000e+02;2.1455410e-01;1.0750000e+02;2.0225102e-01;1.0750000e+02;2.0866072e-01;1.0750000e+02;1.5718016e-01;1.0750000e+02;9.6042521e-02;1.0750000e+02;4.2059533e-02;1.0750000e+02;-5.8471113e-03;1.0750000e+02;-4.9980059e-02;1.0750000e+02;-9.3429245e-02;1.0750000e+02;-1.3666579e-01;1.0750000e+02;-1.7817135e-01;1.0750000e+02;-8.4671915e-02;1.0750000e+02;-7.6973863e-02;1.0750000e+02;-4.5606129e-02;1.0750000e+02;5.1048473e-03;1.0750000e+02;6.1321206e-02;1.0750000e+02;1.2712774e-01;1.0750000e+02;1.8568952e-01;1.0750000e+02;2.1455410e-01;1.0750000e+02;2.0225102e-01;1.0750000e+02;2.0866072e-01;1.0750000e+02;1.5718016e-01;1.0750000e+02;9.6042521e-02;1.0750000e+02;4.2059533e-02;1.0750000e+02;-5.8471113e-03;1.0750000e+02;-4.9980059e-02;1.0750000e+02;-9.3429245e-02;1.0750000e+02;-1.3666579e-01;1.0750000e+02;-1.7817135e-01;1.0750000e+02;-8.4671915e-02;1.0750000e+02;-7.6973863e-02;1.0750000e+02;-4.5606129e-02;1.0750000e+02;5.1048473e-03;1.0750000e+02;6.1321206e-02;1.0750000e+02;1.2712774e-01;1.0750000e+02;1.8568952e-01;1.0750000e+02;2.1455410e-01;1.0750000e+02;2.0225102e-01;1.0750000e+02;2.0866072e-01;1.0750000e+02;1.5718016e-01;1.0750000e+02;9.6042521e-02;1.0750000e+02;4.2059533e-02;1.0750000e+02;-5.8471113e-03;1.0750000e+02;-4.9980059e-02;1.0750000e+02;-9.3429245e-02;1.0750000e+02;-1.3666579e-01;1.0750000e+02;-1.7817135e-01;1.0750000e+02;-8.4671915e-02;1.0750000e+02;-7.6973863e-02;1.0750000e+02;-4.5606129e-02;1.0750000e+02;5.1048473e-03;1.0750000e+02;6.1321206e-02;1.0750000e+02;1.2712774e-01;1.0750000e+02;1.8568952e-01;1.0750000e+02;2.1455410e-01;1.0750000e+02;2.0225102e-01;1.0750000e+02;2.0866072e-01;1.0750000e+02;1.5718016e-01;1.0750000e+02;9.6042521e-02;1.0750000e+02;4.2059533e-02;1.0750000e+02;-5.8471113e-03;1.0750000e+02;-4.9980059e-02;1.0750000e+02;-9.3429245e-02;1.0750000e+02;-1.3666579e-01;1.0750000e+02;-1.7817135e-01;1.0750000e+02;-8.4671915e-02;1.0750000e+02;-7.6973863e-02;1.0750000e+02;-4.5606129e-02;1.0750000e+02;5.1048473e-03;1.0750000e+02;6.1321206e-02;1.0750000e+02;1.2712774e-01;1.0750000e+02;1.8568952e-01;1.0750000e+02;2.1455410e-01;1.0750000e+02;2.0225102e-01;1.0750000e+02;2.0866072e-01;1.0750000e+02;1.5718016e-01;1.0750000e+02;9.6042521e-02;1.0750000e+02;4.2059533e-02;1.0750000e+02;-5.8471113e-03;1.0750000e+02;-4.9980059e-02;1.0750000e+02;-9.3429245e-02;1.0750000e+02;-1.3666579e-01;1.0750000e+02;-1.7817135e-01;1.0750000e+02;-8.4671915e-02;1.0750000e+02;-7.6973863e-02;1.0750000e+02;-4.5606129e-02;1.0750000e+02;5.1048473e-03;1.0750000e+02;6.1321206e-02;1.0750000e+02;1.2712774e-01;1.0750000e+02;1.8568952e-01;1.0750000e+02;2.1455410e-01;1.0750000e+02;2.0225102e-01;1.0750000e+02;2.0866072e-01;1.0750000e+02;1.5718016e-01;1.0750000e+02;9.6042521e-02;1.0750000e+02;4.2059533e-02;1.0750000e+02;-5.8471113e-03;1.0750000e+02;-4.9980059e-02;1.0750000e+02;-9.3429245e-02;1.0750000e+02;-1.3666579e-01;1.0750000e+02;-1.7817135e-01;1.0750000e+02;-8.4671915e-02;1.0750000e+02;-7.6973863e-02;1.0750000e+02;-4.5606129e-02;1.0750000e+02;5.1048473e-03;1.0750000e+02;6.1321206e-02;1.0750000e+02;1.2712774e-01;1.0750000e+02;1.8568952e-01;1.0750000e+02;2.1455410e-01;1.0750000e+02;2.0225102e-01;1.0750000e+02;2.0866072e-01;1.0750000e+02;1.5718016e-01;1.0750000e+02;9.6042521e-02;1.0750000e+02;4.2059533e-02;1.0750000e+02;-5.8471113e-03;1.0750000e+02;-4.9980059e-02;1.0750000e+02;-9.3429245e-02;1.0750000e+02;-1.3666579e-01;1.0750000e+02;-1.7817135e-01;1.0750000e+02;-8.4671915e-02;1.0750000e+02;-7.6973863e-02;1.0750000e+02;-4.5606129e-02;1.0750000e+02;5.1048473e-03;1.0750000e+02;6.1321206e-02;1.0750000e+02;1.2712774e-01;1.0750000e+02;1.8568952e-01;1.0750000e+02;2.1455410e-01;1.0750000e+02;2.0225102e-01;1.0750000e+02;2.0866072e-01;1.0750000e+02;1.5718016e-01;1.0750000e+02;9.6042521e-02;1.0750000e+02;4.2059533e-02;1.0750000e+02;-5.8471113e-03;1.0750000e+02;-4.9980059e-02;1.0750000e+02;-9.3429245e-02;1.0750000e+02;-1.3666579e-01;1.0750000e+02;-1.7817135e-01;1.0750000e+02;-8.4671915e-02;1.0750000e+02;-7.6973863e-02;1.0750000e+02;-4.5606129e-02;1.0750000e+02;5.1048473e-03;1.0750000e+02;6.1321206e-02;1.0750000e+02;1.2712774e-01;1.0750000e+02;1.8568952e-01;1.0750000e+02;2.1455410e-01;1.0750000e+02;2.0225102e-01;1.0750000e+02;2.0866072e-01;1.0750000e+02;1.5718016e-01;1.0750000e+02;9.6042521e-02;1.0750000e+02;4.2059533e-02;1.0750000e+02;-5.8471113e-03;1.0750000e+02;-4.9980059e-02;1.0750000e+02;-9.3429245e-02;1.0750000e+02;-1.3666579e-01;1.0750000e+02;-1.7817135e-01;1.0750000e+02;-8.4671915e-02;1.0750000e+02;-7.6973863e-02;1.0750000e+02;-4.5606129e-02;1.0750000e+02;5.1048473e-03;1.0750000e+02;6.1321206e-02;1.0750000e+02;1.2712774e-01;1.0750000e+02;1.8568952e-01;1.0750000e+02;2.1455410e-01;1.0750000e+02;2.0225102e-01;1.0750000e+02;2.0866072e-01;1.0750000e+02;1.5718016e-01;1.0750000e+02;9.6042521e-02;1.0750000e+02;4.2059533e-02;1.0750000e+02;-5.8471113e-03;1.0750000e+02;-4.9980059e-02;1.0750000e+02;-9.3429245e-02;1.0750000e+02;-1.3666579e-01;1.0750000e+02;-1.7817135e-01;1.0750000e+02;-8.4671915e-02;1.0750000e+02;-7.6973863e-02;1.0750000e+02;-4.5606129e-02;1.0750000e+02;5.1048473e-03;1.0750000e+02;6.1321206e-02;1.0750000e+02;1.2712774e-01;1.0750000e+02;1.8568952e-01;1.0750000e+02;2.1455410e-01;1.0750000e+02;2.0225102e-01;1.0750000e+02;2.0866072e-01;1.0750000e+02;1.5718016e-01;1.0750000e+02;9.6042521e-02;1.0750000e+02;4.2059533e-02;1.0750000e+02;-5.8471113e-03;1.0750000e+02;-4.9980059e-02;1.0750000e+02;-9.3429245e-02;1.0750000e+02;-1.3666579e-01;1.0750000e+02;-1.7817135e-01;1.0750000e+02;-8.4671915e-02;1.0750000e+02;-7.6973863e-02;1.0750000e+02;-4.5606129e-02;1.0750000e+02;5.1048473e-03;1.0750000e+02;6.1321206e-02;1.0750000e+02;1.2712774e-01;1.0750000e+02;1.8568952e-01;1.0750000e+02;2.1455410e-01;1.0750000e+02;2.0225102e-01;1.0750000e+02;2.0866072e-01;1.0750000e+02;1.5718016e-01;1.0750000e+02;9.6042521e-02;1.0750000e+02;4.2059533e-02;1.0750000e+02;-5.8471113e-03;1.0750000e+02;-4.9980059e-02;1.0750000e+02;-9.3429245e-02;1.0750000e+02;-1.3666579e-01;1.0750000e+02;-1.7817135e-01;1.0750000e+02;-8.4671915e-02;1.0750000e+02;-7.6973863e-02;1.0750000e+02;-4.5606129e-02;1.0750000e+02;5.1048473e-03;1.0750000e+02;6.1321206e-02;1.0750000e+02;1.2712774e-01;1.0750000e+02;1.8568952e-01;1.0750000e+02;2.1455410e-01;1.0750000e+02;2.0225102e-01;1.0750000e+02;2.0866072e-01;1.0750000e+02;1.5718016e-01;1.0750000e+02;9.6042521e-02;1.0750000e+02;4.2059533e-02;1.0750000e+02;-5.8471113e-03;1.0750000e+02;-4.9980059e-02;1.0750000e+02;-9.3429245e-02;1.0750000e+02;-1.3666579e-01;1.0750000e+02;-1.7817135e-01;1.0750000e+02;-8.4671915e-02;1.0750000e+02;-7.6973863e-02;1.0750000e+02;-4.5606129e-02;1.0750000e+02;5.1048473e-03;1.0750000e+02;6.1321206e-02;1.0750000e+02;1.2712774e-01;1.0750000e+02;1.8568952e-01;1.0750000e+02;2.1455410e-01;1.0750000e+02;2.0225102e-01;1.0750000e+02;2.0866072e-01;1.0750000e+02;1.5718016e-01;1.0750000e+02;9.6042521e-02;1.0750000e+02;4.2059533e-02;1.0750000e+02;-5.8471113e-03;1.0750000e+02;-4.9980059e-02;1.0750000e+02;-9.3429245e-02;1.0750000e+02;-1.3666579e-01;1.0750000e+02;-1.7817135e-01;1.0750000e+02;-8.4671915e-02;1.0750000e+02;-7.6973863e-02;1.0750000e+02;-4.5606129e-02;1.0750000e+02;5.1048473e-03;1.0750000e+02;6.1321206e-02;1.0750000e+02;1.2712774e-01;1.0750000e+02;1.8568952e-01;1.0750000e+02;2.1455410e-01;1.0750000e+02;2.0225102e-01;1.0750000e+02;2.0866072e-01;1.0750000e+02;1.5718016e-01;1.0750000e+02;9.6042521e-02;1.0750000e+02;4.2059533e-02;1.0750000e+02;-5.8471113e-03;1.0750000e+02;-4.9980059e-02;1.0750000e+02;-9.3429245e-02;1.0750000e+02;-1.3666579e-01;1.0750000e+02;-1.7817135e-01;1.0750000e+02;-8.4671915e-02;1.0750000e+02;-7.6973863e-02;1.0750000e+02;-4.5606129e-02;1.0750000e+02;5.1048473e-03;1.0750000e+02;6.1321206e-02;1.0750000e+02;1.2712774e-01;1.0750000e+02;1.8568952e-01;1.0750000e+02;2.1455410e-01;1.0750000e+02;2.0225102e-01;1.0750000e+02;2.0866072e-01;1.0750000e+02;1.5718016e-01;1.0750000e+02;9.6042521e-02;1.0750000e+02;4.2059533e-02;1.0750000e+02;-5.8471113e-03;1.0750000e+02;-4.9980059e-02;1.0750000e+02;-9.3429245e-02;1.0750000e+02;-1.3666579e-01;1.0750000e+02;-1.7817135e-01;1.0750000e+02;-8.4671915e-02;1.0750000e+02;-7.6973863e-02;1.0750000e+02;-4.5606129e-02;1.0750000e+02;5.1048473e-03;1.0750000e+02;6.1321206e-02;1.0750000e+02;1.2712774e-01;1.0750000e+02;1.8568952e-01;1.0750000e+02;2.1455410e-01;1.0750000e+02;2.0225102e-01;1.0750000e+02;2.0866072e-01;1.0750000e+02;1.5718016e-01;1.0750000e+02;9.6042521e-02;1.0750000e+02;4.2059533e-02;1.0750000e+02;-5.8471113e-03;1.0750000e+02;-4.9980059e-02;1.0750000e+02;-9.3429245e-02;1.0750000e+02;-1.3666579e-01;1.0750000e+02;-1.7817135e-01;1.0750000e+02;-8.4671915e-02;1.0750000e+02;-7.6973863e-02;1.0750000e+02;-4.5606129e-02;1.0750000e+02;5.1048473e-03;1.0750000e+02;6.1321206e-02;1.0750000e+02;1.2712774e-01;1.0750000e+02;1.8568952e-01;1.0750000e+02;2.1455410e-01;1.0750000e+02;2.0225102e-01;1.0750000e+02;2.0866072e-01;1.0750000e+02;1.5718016e-01;1.0750000e+02;9.6042521e-02;1.0750000e+02;4.2059533e-02;1.0750000e+02;-5.8471113e-03;1.0750000e+02;-4.9980059e-02;1.0750000e+02;-9.3429245e-02;1.0750000e+02;-1.3666579e-01;1.0750000e+02;-1.7817135e-01;1.0750000e+02;-8.4671915e-02;1.0750000e+02;-7.6973863e-02;1.0750000e+02;-4.5606129e-02;1.0750000e+02;5.1048473e-03;1.0750000e+02;6.1321206e-02;1.0750000e+02;1.2712774e-01;1.0750000e+02;1.8568952e-01;1.0750000e+02;2.1455410e-01;1.0750000e+02;2.0225102e-01;1.0750000e+02;2.0866072e-01;1.0750000e+02;1.5718016e-01;1.0750000e+02;9.6042521e-02;1.0750000e+02;4.2059533e-02;1.0750000e+02;-5.8471113e-03;1.0750000e+02;-4.9980059e-02;1.0750000e+02;-9.3429245e-02;1.0750000e+02;-1.3666579e-01;1.0750000e+02;-1.7817135e-01;1.0750000e+02;-8.4671915e-02;1.0750000e+02;-7.6973863e-02;1.0750000e+02;-4.5606129e-02;1.0750000e+02;5.1048473e-03;1.0750000e+02;6.1321206e-02;1.0750000e+02;1.2712774e-01;1.0750000e+02;1.8568952e-01;1.0750000e+02;2.1455410e-01;1.0750000e+02;2.0225102e-01;1.0750000e+02;2.0866072e-01;1.0750000e+02;1.5718016e-01;1.0750000e+02;9.6042521e-02;1.0750000e+02;4.2059533e-02;1.0750000e+02;-5.8471113e-03;1.0750000e+02;-4.9980059e-02;1.0750000e+02;-9.3429245e-02;1.0750000e+02;-1.3666579e-01;1.0750000e+02;-1.7817135e-01;1.0750000e+02;-8.4671915e-02;1.0750000e+02;-7.6973863e-02;1.0750000e+02;-4.5606129e-02;1.0750000e+02;5.1048473e-03;1.0750000e+02;6.1321206e-02;1.0750000e+02;1.2712774e-01;1.0750000e+02;1.8568952e-01;1.0750000e+02;2.1455410e-01;1.0750000e+02;2.0225102e-01;1.0750000e+02;2.0866072e-01;1.0750000e+02;1.5718016e-01;1.0750000e+02;9.6042521e-02;1.0750000e+02;4.2059533e-02;1.0750000e+02;-5.8471113e-03;1.0750000e+02;-4.9980059e-02;1.0750000e+02;-9.3429245e-02;1.0750000e+02;-1.3666579e-01;1.0750000e+02;-1.7817135e-01;1.0750000e+02;-8.4671915e-02;1.0750000e+02;-7.6973863e-02;1.0750000e+02;-4.5606129e-02;1.0750000e+02;5.1048473e-03;1.0750000e+02;6.1321206e-02;1.0750000e+02;1.2712774e-01;1.0750000e+02;1.8568952e-01;1.0750000e+02;2.1455410e-01;1.0750000e+02;2.0225102e-01;1.0750000e+02;2.0866072e-01;1.0750000e+02;1.5718016e-01;1.0750000e+02;9.6042521e-02;1.0750000e+02;4.2059533e-02;1.0750000e+02;-5.8471113e-03;1.0750000e+02;-4.9980059e-02;1.0750000e+02;-9.3429245e-02;1.0750000e+02;-1.3666579e-01;1.0750000e+02;-1.7817135e-01;1.0750000e+02;-8.4671915e-02;1.0750000e+02;-7.6973863e-02;1.0750000e+02;-4.5606129e-02;1.0750000e+02;5.1048473e-03;1.0750000e+02;6.1321206e-02;1.0750000e+02;1.2712774e-01;1.0750000e+02;1.8568952e-01;1.0750000e+02;2.1455410e-01;1.0750000e+02;2.0225102e-01;1.0750000e+02;2.0866072e-01;1.0750000e+02;1.5718016e-01;1.0750000e+02;9.6042521e-02;1.0750000e+02;4.2059533e-02;1.0750000e+02;-5.8471113e-03;1.0750000e+02;-4.9980059e-02;1.0750000e+02;-9.3429245e-02;1.0750000e+02;-1.3666579e-01;1.0750000e+02;-1.7817135e-01;1.0750000e+02;-8.4671915e-02;1.0750000e+02;-7.6973863e-02;1.0750000e+02;-4.5606129e-02;1.0750000e+02;5.1048473e-03;1.0750000e+02;6.1321206e-02;1.0750000e+02;1.2712774e-01;1.0750000e+02;1.8568952e-01;1.0750000e+02;2.1455410e-01;1.0750000e+02;2.0225102e-01;1.0750000e+02;2.0866072e-01;1.0750000e+02;1.5718016e-01;1.0750000e+02;9.6042521e-02;1.0750000e+02;4.2059533e-02;1.0750000e+02;-5.8471113e-03;1.0750000e+02;-4.9980059e-02;1.0750000e+02;-9.3429245e-02;1.0750000e+02;-1.3666579e-01;1.0750000e+02;-1.7817135e-01;1.0750000e+02;-8.4671915e-02;1.0750000e+02;-7.6973863e-02;1.0750000e+02;-4.5606129e-02;1.0750000e+02;5.1048473e-03;1.0750000e+02;6.1321206e-02;1.0750000e+02;1.2712774e-01;1.0750000e+02;1.8568952e-01;1.0750000e+02;2.1455410e-01;1.0750000e+02;2.0225102e-01;1.0750000e+02;2.0866072e-01;1.0750000e+02;1.5718016e-01;1.0750000e+02;9.6042521e-02;1.0750000e+02;4.2059533e-02;1.0750000e+02;-5.8471113e-03;1.0750000e+02;-4.9980059e-02;1.0750000e+02;-9.3429245e-02;1.0750000e+02;-1.3666579e-01;1.0750000e+02;-1.7817135e-01;1.0750000e+02;-8.4671915e-02;1.0750000e+02;-7.6973863e-02;1.0750000e+02;-4.5606129e-02;1.0750000e+02;5.1048473e-03;1.0750000e+02;6.1321206e-02;1.0750000e+02;1.2712774e-01;1.0750000e+02;1.8568952e-01;1.0750000e+02;2.1455410e-01;1.0750000e+02;2.0225102e-01;1.0750000e+02;2.0866072e-01;1.0750000e+02;1.5718016e-01;1.0750000e+02;9.6042521e-02;1.0750000e+02;4.2059533e-02;1.0750000e+02;-5.8471113e-03;1.0750000e+02;-4.9980059e-02;1.0750000e+02;-9.3429245e-02;1.0750000e+02;-1.3666579e-01;1.0750000e+02;-1.7817135e-01;1.0750000e+02;-8.4671915e-02;1.0750000e+02;-7.6973863e-02;1.0750000e+02;-4.5606129e-02;1.0750000e+02;5.1048473e-03;1.0750000e+02;6.1321206e-02;1.0750000e+02;1.2712774e-01;1.0750000e+02;1.8568952e-01;1.0750000e+02;2.1455410e-01;1.0750000e+02;2.0225102e-01;1.0750000e+02;2.0866072e-01;1.0750000e+02;1.5718016e-01;1.0750000e+02;9.6042521e-02;1.0750000e+02;4.2059533e-02;1.0750000e+02;-5.8471113e-03;1.0750000e+02;-4.9980059e-02;1.0750000e+02;-9.3429245e-02;1.0750000e+02;-1.3666579e-01;1.0750000e+02;-1.7817135e-01;1.0750000e+02;-8.4671915e-02;1.0750000e+02;-7.6973863e-02;1.0750000e+02;-4.5606129e-02;1.0750000e+02;5.1048473e-03;1.0750000e+02;6.1321206e-02;1.0750000e+02;1.2712774e-01;1.0750000e+02;1.8568952e-01;1.0750000e+02;2.1455410e-01;1.0750000e+02;2.0225102e-01;1.0750000e+02;2.0866072e-01;1.0750000e+02;1.5718016e-01;1.0750000e+02;9.6042521e-02;1.0750000e+02;4.2059533e-02;1.0750000e+02;-5.8471113e-03;1.0750000e+02;-4.9980059e-02;1.0750000e+02;-9.3429245e-02;1.0750000e+02;-1.3666579e-01;1.0750000e+02;-1.7817135e-01;1.0750000e+02;-8.4671915e-02;1.0750000e+02;-7.6973863e-02;1.0750000e+02;-4.5606129e-02;1.0750000e+02;5.1048473e-03;1.0750000e+02;6.1321206e-02;1.0750000e+02;1.2712774e-01;1.0750000e+02;1.8568952e-01;1.0750000e+02;2.1455410e-01;1.0750000e+02;2.0225102e-01;1.0750000e+02;2.0866072e-01;1.0750000e+02;1.5718016e-01;1.0750000e+02;9.6042521e-02;1.0750000e+02;4.2059533e-02;1.0750000e+02;-5.8471113e-03;1.0750000e+02;-4.9980059e-02;1.0750000e+02;-9.3429245e-02;1.0750000e+02;-1.3666579e-01;1.0750000e+02;-1.7817135e-01;1.0750000e+02;-8.4671915e-02;1.0750000e+02;-7.6973863e-02;1.0750000e+02;-4.5606129e-02;1.0750000e+02;5.1048473e-03;1.0750000e+02;6.1321206e-02;1.0750000e+02;1.2712774e-01;1.0750000e+02;1.8568952e-01;1.0750000e+02;2.1455410e-01;1.0750000e+02;2.0225102e-01;1.0750000e+02;2.0866072e-01;1.0750000e+02;1.5718016e-01;1.0750000e+02;9.6042521e-02;1.0750000e+02;4.2059533e-02;1.0750000e+02;-5.8471113e-03;1.0750000e+02;-4.9980059e-02;1.0750000e+02;-9.3429245e-02;1.0750000e+02;-1.3666579e-01;1.0750000e+02;-1.7817135e-01;1.0750000e+02;-8.4671915e-02;1.0750000e+02;-7.6973863e-02;1.0750000e+02;-4.5606129e-02;1.0750000e+02;5.1048473e-03;1.0750000e+02;6.1321206e-02;1.0750000e+02;1.2712774e-01;1.0750000e+02;1.8568952e-01;1.0750000e+02;2.1455410e-01;1.0750000e+02;2.0225102e-01;1.0750000e+02;2.0866072e-01;1.0750000e+02;1.5718016e-01;1.0750000e+02;9.6042521e-02;1.0750000e+02;4.2059533e-02;1.0750000e+02;-5.8471113e-03;1.0750000e+02;-4.9980059e-02;1.0750000e+02;-9.3429245e-02;1.0750000e+02;-1.3666579e-01;1.0750000e+02;-1.7817135e-01;1.0750000e+02;-8.4671915e-02;1.0750000e+02;-7.6973863e-02;1.0750000e+02;-4.5606129e-02;1.0750000e+02;5.1048473e-03;1.0750000e+02;6.1321206e-02;1.0750000e+02;1.2712774e-01;1.0750000e+02;1.8568952e-01;1.0750000e+02;2.1455410e-01;1.0750000e+02;2.0225102e-01;1.0750000e+02;2.0866072e-01;1.0750000e+02;1.5718016e-01;1.0750000e+02;9.6042521e-02;1.0750000e+02;4.2059533e-02;1.0750000e+02;-5.8471113e-03;1.0750000e+02;-4.9980059e-02;1.0750000e+02;-9.3429245e-02;1.0750000e+02;-1.3666579e-01;1.0750000e+02;-1.7817135e-01;1.0750000e+02;-8.4671915e-02;1.0750000e+02;-7.6973863e-02;1.0750000e+02;-4.5606129e-02;1.0750000e+02;5.1048473e-03;1.0750000e+02;6.1321206e-02;1.0750000e+02;1.2712774e-01;1.0750000e+02;1.8568952e-01;1.0750000e+02;2.1455410e-01;1.0750000e+02;2.0225102e-01;1.0750000e+02;2.0866072e-01;1.0750000e+02;1.5718016e-01;1.0750000e+02;9.6042521e-02;1.0750000e+02;4.2059533e-02;1.0750000e+02;-5.8471113e-03;1.0750000e+02;-4.9980059e-02;1.0750000e+02;-9.3429245e-02;1.0750000e+02;-1.3666579e-01;1.0750000e+02;-1.7817135e-01;1.0750000e+02;-8.4671915e-02;1.0750000e+02;-7.6973863e-02;1.0750000e+02;-4.5606129e-02;1.0750000e+02;5.1048473e-03;1.0750000e+02;6.1321206e-02;1.0750000e+02;1.2712774e-01;1.0750000e+02;1.8568952e-01;1.0750000e+02;2.1455410e-01;1.0750000e+02;2.0225102e-01;1.0750000e+02;2.0866072e-01;1.0750000e+02;1.5718016e-01;1.0750000e+02;9.6042521e-02;1.0750000e+02;4.2059533e-02;1.0750000e+02;-5.8471113e-03;1.0750000e+02;-4.9980059e-02;1.0750000e+02;-9.3429245e-02;1.0750000e+02;-1.3666579e-01;1.0750000e+02;-1.7817135e-01;1.0750000e+02;-8.4671915e-02;1.0750000e+02;-7.6973863e-02;1.0750000e+02;-4.5606129e-02;1.0750000e+02;5.1048473e-03;1.0750000e+02;6.1321206e-02;1.0750000e+02;1.2712774e-01;1.0750000e+02;1.8568952e-01;1.0750000e+02;2.1455410e-01;1.0750000e+02;2.0225102e-01;1.0750000e+02;2.0866072e-01;1.0750000e+02;1.5718016e-01;1.0750000e+02;9.6042521e-02;1.0750000e+02;4.2059533e-02;1.0750000e+02;-5.8471113e-03;1.0750000e+02;-4.9980059e-02;1.0750000e+02;-9.3429245e-02;1.0750000e+02;-1.3666579e-01;1.0750000e+02;-1.7817135e-01;1.0750000e+02;-8.4671915e-02;1.0750000e+02;-7.6973863e-02;1.0750000e+02;-4.5606129e-02;1.0750000e+02;5.1048473e-03;1.0750000e+02;6.1321206e-02;1.0750000e+02;1.2712774e-01;1.0750000e+02;1.8568952e-01;1.0750000e+02;2.1455410e-01;1.0750000e+02;2.0225102e-01;1.0750000e+02;2.0866072e-01;1.0750000e+02;1.5718016e-01;1.0750000e+02;9.6042521e-02;1.0750000e+02;4.2059533e-02;1.0750000e+02;-5.8471113e-03;1.0750000e+02;-4.9980059e-02;1.0750000e+02;-9.3429245e-02;1.0750000e+02;-1.3666579e-01;1.0750000e+02;-1.7817135e-01;1.0750000e+02;-8.4671915e-02;1.0750000e+02;-7.6973863e-02;1.0750000e+02;-4.5606129e-02;1.0750000e+02;5.1048473e-03;1.0750000e+02;6.1321206e-02;1.0750000e+02;1.2712774e-01;1.0750000e+02;1.8568952e-01;1.0750000e+02;2.1455410e-01;1.0750000e+02;2.0225102e-01;1.0750000e+02;2.0866072e-01;1.0750000e+02;1.5718016e-01;1.0750000e+02;9.6042521e-02;1.0750000e+02;4.2059533e-02;1.0750000e+02;-5.8471113e-03;1.0750000e+02;-4.9980059e-02;1.0750000e+02;-9.3429245e-02;1.0750000e+02;-1.3666579e-01;1.0750000e+02;-1.7817135e-01;1.0750000e+02;-8.4671915e-02;1.0750000e+02;-7.6973863e-02;1.0750000e+02;-4.5606129e-02;1.0750000e+02;5.1048473e-03;1.0750000e+02;6.1321206e-02;1.0750000e+02;1.2712774e-01;1.0750000e+02;1.8568952e-01;1.0750000e+02;2.1455410e-01;1.0750000e+02;2.0225102e-01;1.0750000e+02;2.0866072e-01;1.0750000e+02;1.5718016e-01;1.0750000e+02;9.6042521e-02;1.0750000e+02;4.2059533e-02;1.0750000e+02;-5.8471113e-03;1.0750000e+02;-4.9980059e-02;1.0750000e+02;-9.3429245e-02;1.0750000e+02;-1.3666579e-01;1.0750000e+02;-1.7817135e-01;1.0750000e+02;-8.4671915e-02;1.0750000e+02;-7.6973863e-02;1.0750000e+02;-4.5606129e-02;1.0750000e+02;5.1048473e-03;1.0750000e+02;6.1321206e-02;1.0750000e+02;1.2712774e-01;1.0750000e+02;1.8568952e-01;1.0750000e+02;2.1455410e-01;1.0750000e+02;2.0225102e-01;1.0750000e+02;2.0866072e-01;1.0750000e+02;1.5718016e-01;1.0750000e+02;9.6042521e-02;1.0750000e+02;4.2059533e-02;1.0750000e+02;-5.8471113e-03;1.0750000e+02;-4.9980059e-02;1.0750000e+02;-9.3429245e-02;1.0750000e+02;-1.3666579e-01;1.0750000e+02;-1.7817135e-01;1.0750000e+02;-8.4671915e-02;1.0750000e+02;-7.6973863e-02;1.0750000e+02;-4.5606129e-02;1.0750000e+02;5.1048473e-03;1.0750000e+02;6.1321206e-02;1.0750000e+02;1.2712774e-01;1.0750000e+02;1.8568952e-01;1.0750000e+02;2.1455410e-01;1.0750000e+02;2.0225102e-01;1.0750000e+02;2.0866072e-01;1.0750000e+02;1.5718016e-01;1.0750000e+02;9.6042521e-02;1.0750000e+02;4.2059533e-02;1.0750000e+02;-5.8471113e-03;1.0750000e+02;-4.9980059e-02;1.0750000e+02;-9.3429245e-02;1.0750000e+02;-1.3666579e-01;1.0750000e+02;-1.7817135e-01;1.0750000e+02;-8.4671915e-02;1.0750000e+02;-7.6973863e-02;1.0750000e+02;-4.5606129e-02;1.0750000e+02;5.1048473e-03;1.0750000e+02;6.1321206e-02;1.0750000e+02;1.2712774e-01;1.0750000e+02;1.8568952e-01;1.0750000e+02;2.1455410e-01;1.0750000e+02;2.0225102e-01;1.0750000e+02;2.0866072e-01;1.0750000e+02;1.5718016e-01;1.0750000e+02;9.6042521e-02;1.0750000e+02;4.2059533e-02;1.0750000e+02;-5.8471113e-03;1.0750000e+02;-4.9980059e-02;1.0750000e+02;-9.3429245e-02;1.0750000e+02;-1.3666579e-01;1.0750000e+02;-1.7817135e-01;1.0750000e+02;-8.4671915e-02;1.0750000e+02;-7.6973863e-02;1.0750000e+02;-4.5606129e-02;1.0750000e+02;5.1048473e-03;1.0750000e+02;6.1321206e-02;1.0750000e+02;1.2712774e-01;1.0750000e+02;1.8568952e-01;1.0750000e+02;2.1455410e-01;1.0750000e+02;2.0225102e-01;1.0750000e+02;2.0866072e-01;1.0750000e+02;1.5718016e-01;1.0750000e+02;9.6042521e-02;1.0750000e+02;4.2059533e-02;1.0750000e+02;-5.8471113e-03;1.0750000e+02;-4.9980059e-02;1.0750000e+02;-9.3429245e-02;1.0750000e+02;-1.3666579e-01;1.0750000e+02;-1.7817135e-01;1.0750000e+02;-8.4671915e-02;1.0750000e+02;-7.6973863e-02;1.0750000e+02;-4.5606129e-02;1.0750000e+02;5.1048473e-03;1.0750000e+02;6.1321206e-02;1.0750000e+02;1.2712774e-01;1.0750000e+02;1.8568952e-01;1.0750000e+02;2.1455410e-01;1.0750000e+02;2.0225102e-01;1.0750000e+02;2.0866072e-01;1.0750000e+02;1.5718016e-01;1.0750000e+02;9.6042521e-02;1.0750000e+02;4.2059533e-02;1.0750000e+02;-5.8471113e-03;1.0750000e+02;-4.9980059e-02;1.0750000e+02;-9.3429245e-02;1.0750000e+02;-1.3666579e-01;1.0750000e+02;-1.7817135e-01;1.0750000e+02;-8.4671915e-02;1.0750000e+02;-7.6973863e-02;1.0750000e+02;-4.5606129e-02;1.0750000e+02;5.1048473e-03;1.0750000e+02;6.1321206e-02;1.0750000e+02;1.2712774e-01;1.0750000e+02;1.8568952e-01;1.0750000e+02;2.1455410e-01;1.0750000e+02;2.0225102e-01;1.0750000e+02;2.0866072e-01;1.0750000e+02;1.5718016e-01;1.0750000e+02;9.6042521e-02;1.0750000e+02;4.2059533e-02;1.0750000e+02;-5.8471113e-03;1.0750000e+02;-4.9980059e-02;1.0750000e+02;-9.3429245e-02;1.0750000e+02;-1.3666579e-01;1.0750000e+02;-1.7817135e-01;1.0750000e+02;-8.4671915e-02;1.0750000e+02;-7.6973863e-02;1.0750000e+02;-4.5606129e-02;1.0750000e+02;5.1048473e-03;1.0750000e+02;6.1321206e-02;1.0750000e+02;1.2712774e-01;1.0750000e+02;1.8568952e-01;1.0750000e+02;2.1455410e-01;1.0750000e+02;2.0225102e-01;1.0750000e+02;2.0866072e-01;1.0750000e+02;1.5718016e-01;1.0750000e+02;9.6042521e-02;1.0750000e+02;4.2059533e-02;1.0750000e+02;-5.8471113e-03;1.0750000e+02;-4.9980059e-02;1.0750000e+02;-9.3429245e-02;1.0750000e+02;-1.3666579e-01;1.0750000e+02;-1.7817135e-01;1.0750000e+02;-8.4671915e-02;1.0750000e+02;-7.6973863e-02;1.0750000e+02;-4.5606129e-02;1.0750000e+02;5.1048473e-03;1.0750000e+02;6.1321206e-02;1.0750000e+02;1.2712774e-01;1.0750000e+02;1.8568952e-01;1.0750000e+02;2.1455410e-01;1.0750000e+02;2.0225102e-01;1.0750000e+02;2.0866072e-01;1.0750000e+02;1.5718016e-01;1.0750000e+02;9.6042521e-02;1.0750000e+02;4.2059533e-02;1.0750000e+02;-5.8471113e-03;1.0750000e+02;-4.9980059e-02;1.0750000e+02;-9.3429245e-02;1.0750000e+02;-1.3666579e-01;1.0750000e+02;-1.7817135e-01;1.0750000e+02;-8.4671915e-02;1.0750000e+02;-7.6973863e-02;1.0750000e+02;-4.5606129e-02;1.0750000e+02;5.1048473e-03;1.0750000e+02;6.1321206e-02;1.0750000e+02;1.2712774e-01;1.0750000e+02;1.8568952e-01;1.0750000e+02;2.1455410e-01;1.0750000e+02;2.0225102e-01;1.0750000e+02;2.0866072e-01;1.0750000e+02;1.5718016e-01;1.0750000e+02;9.6042521e-02;1.0750000e+02;4.2059533e-02;1.0750000e+02;-5.8471113e-03;1.0750000e+02;-4.9980059e-02;1.0750000e+02;-9.3429245e-02;1.0750000e+02;-1.3666579e-01;1.0750000e+02;-1.7817135e-01;1.0750000e+02;-8.4671915e-02;1.0750000e+02;-7.6973863e-02;1.0750000e+02;-4.5606129e-02;1.0750000e+02;5.1048473e-03;1.0750000e+02;6.1321206e-02;1.0750000e+02;1.2712774e-01;1.0750000e+02;1.8568952e-01;1.0750000e+02;2.1455410e-01;1.0750000e+02;2.0225102e-01;1.0750000e+02;2.0866072e-01;1.0750000e+02;1.5718016e-01;1.0750000e+02;9.6042521e-02;1.0750000e+02;4.2059533e-02;1.0750000e+02;-5.8471113e-03;1.0750000e+02;-4.9980059e-02;1.0750000e+02;-9.3429245e-02;1.0750000e+02;-1.3666579e-01;1.0750000e+02;-1.7817135e-01;1.0750000e+02;-8.4671915e-02;1.0750000e+02;-7.6973863e-02;1.0750000e+02;-4.5606129e-02;1.0750000e+02;5.1048473e-03;1.0750000e+02;6.1321206e-02;1.0750000e+02;1.2712774e-01;1.0750000e+02;1.8568952e-01;1.0750000e+02;2.1455410e-01;1.0750000e+02;2.0225102e-01;1.0750000e+02;2.0866072e-01;1.0750000e+02;1.5718016e-01;1.0750000e+02;9.6042521e-02;1.0750000e+02;4.2059533e-02;1.0750000e+02;-5.8471113e-03;1.0750000e+02;-4.9980059e-02;1.0750000e+02;-9.3429245e-02;1.0750000e+02;-1.3666579e-01;1.0750000e+02;-1.7817135e-01;1.0750000e+02;-8.4671915e-02;1.0750000e+02;-7.6973863e-02;1.0750000e+02;-4.5606129e-02;1.0750000e+02;5.1048473e-03;1.0750000e+02;6.1321206e-02;1.0750000e+02;1.2712774e-01;1.0750000e+02;1.8568952e-01;1.0750000e+02;2.1455410e-01;1.0750000e+02;2.0225102e-01;1.0750000e+02;2.0866072e-01;1.0750000e+02;1.5718016e-01;1.0750000e+02;9.6042521e-02;1.0750000e+02;4.2059533e-02;1.0750000e+02;-5.8471113e-03;1.0750000e+02;-4.9980059e-02;1.0750000e+02;-9.3429245e-02;1.0750000e+02;-1.3666579e-01;1.0750000e+02;-1.7817135e-01;1.0750000e+02;-8.4671915e-02;1.0750000e+02;-7.6973863e-02;1.0750000e+02;-4.5606129e-02;1.0750000e+02;5.1048473e-03;1.0750000e+02;6.1321206e-02;1.0750000e+02;1.2712774e-01;1.0750000e+02;1.8568952e-01;1.0750000e+02;2.1455410e-01;1.0750000e+02;2.0225102e-01;1.0750000e+02;2.0866072e-01;1.0750000e+02;1.5718016e-01;1.0750000e+02;9.6042521e-02;1.0750000e+02;4.2059533e-02;1.0750000e+02;-5.8471113e-03;1.0750000e+02;-4.9980059e-02;1.0750000e+02;-9.3429245e-02;1.0750000e+02;-1.3666579e-01;1.0750000e+02;-1.7817135e-01;1.0750000e+02;-8.4671915e-02;1.0750000e+02;-7.6973863e-02;1.0750000e+02;-4.5606129e-02;1.0750000e+02;5.1048473e-03;1.0750000e+02;6.1321206e-02;1.0750000e+02;1.2712774e-01;1.0750000e+02;1.8568952e-01;1.0750000e+02;2.1455410e-01;1.0750000e+02;2.0225102e-01;1.0750000e+02;2.0866072e-01;1.0750000e+02;1.5718016e-01;1.0750000e+02;9.6042521e-02;1.0750000e+02;4.2059533e-02;1.0750000e+02;-5.8471113e-03;1.0750000e+02;-4.9980059e-02;1.0750000e+02;-9.3429245e-02;1.0750000e+02;-1.3666579e-01;1.0750000e+02;-1.7817135e-01;1.0750000e+02;-8.4671915e-02;1.0750000e+02;-7.6973863e-02;1.0750000e+02;-4.5606129e-02;1.0750000e+02;5.1048473e-03;1.0750000e+02;6.1321206e-02;1.0750000e+02;1.2712774e-01;1.0750000e+02;1.8568952e-01;1.0750000e+02;2.1455410e-01;1.0750000e+02;2.0225102e-01;1.0750000e+02;2.0866072e-01;1.0750000e+02;1.5718016e-01;1.0750000e+02;9.6042521e-02;1.0750000e+02;4.2059533e-02;1.0750000e+02;-5.8471113e-03;1.0750000e+02;-4.9980059e-02;1.0750000e+02;-9.3429245e-02;1.0750000e+02;-1.3666579e-01;1.0750000e+02;-1.7817135e-01;1.0750000e+02;-8.4671915e-02;1.0750000e+02;-7.6973863e-02;1.0750000e+02;-4.5606129e-02;1.0750000e+02;5.1048473e-03;1.0750000e+02;6.1321206e-02;1.0750000e+02;1.2712774e-01;1.0750000e+02;1.8568952e-01;1.0750000e+02;2.1455410e-01;1.0750000e+02;2.0225102e-01;1.0750000e+02;2.0866072e-01;1.0750000e+02;1.5718016e-01;1.0750000e+02;9.6042521e-02;1.0750000e+02;4.2059533e-02;1.0750000e+02;-5.8471113e-03;1.0750000e+02;-4.9980059e-02;1.0750000e+02;-9.3429245e-02;1.0750000e+02;-1.3666579e-01;1.0750000e+02;-1.7817135e-01;1.0750000e+02;-8.4671915e-02;1.0750000e+02;-7.6973863e-02;1.0750000e+02;-4.5606129e-02;1.0750000e+02;5.1048473e-03;1.0750000e+02;6.1321206e-02;1.0750000e+02;1.2712774e-01;1.0750000e+02;1.8568952e-01;1.0750000e+02;2.1455410e-01;1.0750000e+02;2.0225102e-01;1.0750000e+02;2.0866072e-01;1.0750000e+02;1.5718016e-01;1.0750000e+02;9.6042521e-02;1.0750000e+02;4.2059533e-02;1.0750000e+02;-5.8471113e-03;1.0750000e+02;-4.9980059e-02;1.0750000e+02;-9.3429245e-02;1.0750000e+02;-1.3666579e-01;1.0750000e+02;-1.7817135e-01;1.0750000e+02;-8.4671915e-02;1.0750000e+02;-7.6973863e-02;1.0750000e+02;-4.5606129e-02;1.0750000e+02;5.1048473e-03;1.0750000e+02;6.1321206e-02;1.0750000e+02;1.2712774e-01;1.0750000e+02;1.8568952e-01;1.0750000e+02;2.1455410e-01;1.0750000e+02;2.0225102e-01;1.0750000e+02;2.0866072e-01;1.0750000e+02;1.5718016e-01;1.0750000e+02;9.6042521e-02;1.0750000e+02;4.2059533e-02;1.0750000e+02;-5.8471113e-03;1.0750000e+02;-4.9980059e-02;1.0750000e+02;-9.3429245e-02;1.0750000e+02;-1.3666579e-01;1.0750000e+02;-1.7817135e-01;1.0750000e+02;-8.4671915e-02;1.0750000e+02;-7.6973863e-02;1.0750000e+02;-4.5606129e-02;1.0750000e+02;5.1048473e-03;1.0750000e+02;6.1321206e-02;1.0750000e+02;1.2712774e-01;1.0750000e+02;1.8568952e-01;1.0750000e+02;2.1455410e-01;1.0750000e+02;2.0225102e-01;1.0750000e+02;2.0866072e-01;1.0750000e+02;1.5718016e-01;1.0750000e+02;9.6042521e-02;1.0750000e+02;4.2059533e-02;1.0750000e+02;-5.8471113e-03;1.0750000e+02;-4.9980059e-02;1.0750000e+02;-9.3429245e-02;1.0750000e+02;-1.3666579e-01;1.0750000e+02;-1.7817135e-01;1.0750000e+02;-8.4671915e-02;1.0750000e+02;-7.6973863e-02;1.0750000e+02;-4.5606129e-02;1.0750000e+02;5.1048473e-03;1.0750000e+02;6.1321206e-02;1.0750000e+02;1.2712774e-01;1.0750000e+02;1.8568952e-01;1.0750000e+02;2.1455410e-01;1.0750000e+02;2.0225102e-01;1.0750000e+02;2.0866072e-01;1.0750000e+02;1.5718016e-01;1.0750000e+02;9.6042521e-02;1.0750000e+02;4.2059533e-02;1.0750000e+02;-5.8471113e-03;1.0750000e+02;-4.9980059e-02;1.0750000e+02;-9.3429245e-02;1.0750000e+02;-1.3666579e-01;1.0750000e+02;-1.7817135e-01;1.0750000e+02;-8.4671915e-02;1.0750000e+02;-7.6973863e-02;1.0750000e+02;-4.5606129e-02;1.0750000e+02;5.1048473e-03;1.0750000e+02;6.1321206e-02;1.0750000e+02;1.2712774e-01;1.0750000e+02;1.8568952e-01;1.0750000e+02;2.1455410e-01;1.0750000e+02;2.0225102e-01;1.0750000e+02;2.0866072e-01;1.0750000e+02;1.5718016e-01;1.0750000e+02;9.6042521e-02;1.0750000e+02;4.2059533e-02;1.0750000e+02;-5.8471113e-03;1.0750000e+02;-4.9980059e-02;1.0750000e+02;-9.3429245e-02;1.0750000e+02;-1.3666579e-01;1.0750000e+02;-1.7817135e-01;1.0750000e+02;-8.4671915e-02;1.0750000e+02;-7.6973863e-02;1.0750000e+02;-4.5606129e-02;1.0750000e+02;5.1048473e-03;1.0750000e+02;6.1321206e-02;1.0750000e+02;1.2712774e-01;1.0750000e+02;1.8568952e-01;1.0750000e+02;2.1455410e-01;1.0750000e+02;2.0225102e-01;1.0750000e+02;2.0866072e-01;1.0750000e+02;1.5718016e-01;1.0750000e+02;9.6042521e-02;1.0750000e+02;4.2059533e-02;1.0750000e+02;-5.8471113e-03;1.0750000e+02;-4.9980059e-02;1.0750000e+02;-9.3429245e-02;1.0750000e+02;-1.3666579e-01;1.0750000e+02;-1.7817135e-01;1.0750000e+02;-8.4671915e-02;1.0750000e+02;-7.6973863e-02;1.0750000e+02;-4.5606129e-02;1.0750000e+02;5.1048473e-03;1.0750000e+02;6.1321206e-02;1.0750000e+02;1.2712774e-01;1.0750000e+02;1.8568952e-01;1.0750000e+02;2.1455410e-01;1.0750000e+02;2.0225102e-01;1.0750000e+02;2.0866072e-01;1.0750000e+02;1.5718016e-01;1.0750000e+02;9.6042521e-02;1.0750000e+02;4.2059533e-02;1.0750000e+02;-5.8471113e-03;1.0750000e+02;-4.9980059e-02;1.0750000e+02;-9.3429245e-02;1.0750000e+02;-1.3666579e-01;1.0750000e+02;-1.7817135e-01;1.0750000e+02;-8.4671915e-02;1.0750000e+02;-7.6973863e-02;1.0750000e+02;-4.5606129e-02;1.0750000e+02;5.1048473e-03;1.0750000e+02;6.1321206e-02;1.0750000e+02;1.2712774e-01;1.0750000e+02;1.8568952e-01;1.0750000e+02;2.1455410e-01;1.0750000e+02;2.0225102e-01;1.0750000e+02;2.0866072e-01;1.0750000e+02;1.5718016e-01;1.0750000e+02;9.6042521e-02;1.0750000e+02;4.2059533e-02;1.0750000e+02;-5.8471113e-03;1.0750000e+02;-4.9980059e-02;1.0750000e+02;-9.3429245e-02;1.0750000e+02;-1.3666579e-01;1.0750000e+02;-1.7817135e-01;1.0750000e+02;-8.4671915e-02;1.0750000e+02;-7.6973863e-02;1.0750000e+02;-4.5606129e-02;1.0750000e+02;5.1048473e-03;1.0750000e+02;6.1321206e-02;1.0750000e+02;1.2712774e-01;1.0750000e+02;1.8568952e-01;1.0750000e+02;2.1455410e-01;1.0750000e+02;2.0225102e-01;1.0750000e+02;2.0866072e-01;1.0750000e+02;1.5718016e-01;1.0750000e+02;9.6042521e-02;1.0750000e+02;4.2059533e-02;1.0750000e+02;-5.8471113e-03;1.0750000e+02;-4.9980059e-02;1.0750000e+02;-9.3429245e-02;1.0750000e+02;-1.3666579e-01;1.0750000e+02;-1.7817135e-01;1.0750000e+02;-8.4671915e-02;1.0750000e+02;-7.6973863e-02;1.0750000e+02;-4.5606129e-02;1.0750000e+02;5.1048473e-03;1.0750000e+02;6.1321206e-02;1.0750000e+02;1.2712774e-01;1.0750000e+02;1.8568952e-01;1.0750000e+02;2.1455410e-01;1.0750000e+02;2.0225102e-01;1.0750000e+02;2.0866072e-01;1.0750000e+02;1.5718016e-01;1.0750000e+02;9.6042521e-02;1.0750000e+02;4.2059533e-02;1.0750000e+02;-5.8471113e-03;1.0750000e+02;-4.9980059e-02;1.0750000e+02;-9.3429245e-02;1.0750000e+02;-1.3666579e-01;1.0750000e+02;-1.7817135e-01;1.0750000e+02;-8.4671915e-02;1.0750000e+02;-7.6973863e-02;1.0750000e+02;-4.5606129e-02;1.0750000e+02;5.1048473e-03;1.0750000e+02;6.1321206e-02;1.0750000e+02;1.2712774e-01;1.0750000e+02;1.8568952e-01;1.0750000e+02;2.1455410e-01;1.0750000e+02;2.0225102e-01;1.0750000e+02;2.0866072e-01;1.0750000e+02;1.5718016e-01;1.0750000e+02;9.6042521e-02;1.0750000e+02;4.2059533e-02;1.0750000e+02;-5.8471113e-03;1.0750000e+02;-4.9980059e-02;1.0750000e+02;-9.3429245e-02;1.0750000e+02;-1.3666579e-01;1.0750000e+02;-1.7817135e-01;1.0750000e+02;-8.4671915e-02;1.0750000e+02;-7.6973863e-02;1.0750000e+02;-4.5606129e-02;1.0750000e+02;5.1048473e-03;1.0750000e+02;6.1321206e-02;1.0750000e+02;1.2712774e-01;1.0750000e+02;1.8568952e-01;1.0750000e+02;2.1455410e-01;1.0750000e+02;2.0225102e-01;1.0750000e+02;2.0866072e-01;1.0750000e+02;1.5718016e-01;1.0750000e+02;9.6042521e-02;1.0750000e+02;4.2059533e-02;1.0750000e+02;-5.8471113e-03;1.0750000e+02;-4.9980059e-02;1.0750000e+02;-9.3429245e-02;1.0750000e+02;-1.3666579e-01;1.0750000e+02;-1.7817135e-01;1.0750000e+02;-8.4671915e-02;1.0750000e+02;-7.6973863e-02;1.0750000e+02;-4.5606129e-02;1.0750000e+02;5.1048473e-03;1.0750000e+02;6.1321206e-02;1.0750000e+02;1.2712774e-01;1.0750000e+02;1.8568952e-01;1.0750000e+02;2.1455410e-01;1.0750000e+02;2.0225102e-01;1.0750000e+02;2.0866072e-01;1.0750000e+02;1.5718016e-01;1.0750000e+02;9.6042521e-02;1.0750000e+02;4.2059533e-02;1.0750000e+02;-5.8471113e-03;1.0750000e+02;-4.9980059e-02;1.0750000e+02;-9.3429245e-02;1.0750000e+02;-1.3666579e-01;1.0750000e+02;-1.7817135e-01;1.0750000e+02;-8.4671915e-02;1.0750000e+02;-7.6973863e-02;1.0750000e+02;-4.5606129e-02;1.0750000e+02;5.1048473e-03;1.0750000e+02;6.1321206e-02;1.0750000e+02;1.2712774e-01;1.0750000e+02;1.8568952e-01;1.0750000e+02;2.1455410e-01;1.0750000e+02;2.0225102e-01;1.0750000e+02;2.0866072e-01;1.0750000e+02;1.5718016e-01;1.0750000e+02;9.6042521e-02;1.0750000e+02;4.2059533e-02;1.0750000e+02;-5.8471113e-03;1.0750000e+02;-4.9980059e-02;1.0750000e+02;-9.3429245e-02;1.0750000e+02;-1.3666579e-01;1.0750000e+02;-1.7817135e-01;1.0750000e+02;-8.4671915e-02;1.0750000e+02;-7.6973863e-02;1.0750000e+02;-4.5606129e-02;1.0750000e+02;5.1048473e-03;1.0750000e+02;6.1321206e-02;1.0750000e+02;1.2712774e-01;1.0750000e+02;1.8568952e-01;1.0750000e+02;2.1455410e-01;1.0750000e+02;2.0225102e-01;1.0750000e+02;2.0866072e-01;1.0750000e+02;1.5718016e-01;1.0750000e+02;9.6042521e-02;1.0750000e+02;4.2059533e-02;1.0750000e+02;-5.8471113e-03;1.0750000e+02;-4.9980059e-02;1.0750000e+02;-9.3429245e-02;1.0750000e+02;-1.3666579e-01;1.0750000e+02;-1.7817135e-01;1.0750000e+02;-8.4671915e-02;1.0750000e+02;-7.6973863e-02;1.0750000e+02;-4.5606129e-02;1.0750000e+02;5.1048473e-03;1.0750000e+02;6.1321206e-02;1.0750000e+02;1.2712774e-01;1.0750000e+02;1.8568952e-01;1.0750000e+02;2.1455410e-01;1.0750000e+02;2.0225102e-01;1.0750000e+02;2.0866072e-01;1.0750000e+02;1.5718016e-01;1.0750000e+02;9.6042521e-02;1.0750000e+02;4.2059533e-02;1.0750000e+02;-5.8471113e-03;1.0750000e+02;-4.9980059e-02;1.0750000e+02;-9.3429245e-02;1.0750000e+02;-1.3666579e-01;1.0750000e+02;-1.7817135e-01;1.0750000e+02;-8.4671915e-02;1.0750000e+02;-7.6973863e-02;1.0750000e+02;-4.5606129e-02;1.0750000e+02;5.1048473e-03;1.0750000e+02;6.1321206e-02;1.0750000e+02;1.2712774e-01;1.0750000e+02;1.8568952e-01;1.0750000e+02;2.1455410e-01;1.0750000e+02;2.0225102e-01;1.0750000e+02;2.0866072e-01;1.0750000e+02;1.5718016e-01;1.0750000e+02;9.6042521e-02;1.0750000e+02;4.2059533e-02;1.0750000e+02;-5.8471113e-03;1.0750000e+02;-4.9980059e-02;1.0750000e+02;-9.3429245e-02;1.0750000e+02;-1.3666579e-01;1.0750000e+02;-1.7817135e-01;1.0750000e+02;-8.4671915e-02;1.0750000e+02;-7.6973863e-02;1.0750000e+02;-4.5606129e-02;1.0750000e+02;5.1048473e-03;1.0750000e+02;6.1321206e-02;1.0750000e+02;1.2712774e-01;1.0750000e+02;1.8568952e-01;1.0750000e+02;2.1455410e-01;1.0750000e+02;2.0225102e-01;1.0750000e+02;2.0866072e-01;1.0750000e+02;1.5718016e-01;1.0750000e+02;9.6042521e-02;1.0750000e+02;4.2059533e-02;1.0750000e+02;-5.8471113e-03;1.0750000e+02;-4.9980059e-02;1.0750000e+02;-9.3429245e-02;1.0750000e+02;-1.3666579e-01;1.0750000e+02;-1.7817135e-01;1.0750000e+02;-8.4671915e-02;1.0750000e+02;-7.6973863e-02;1.0750000e+02;-4.5606129e-02;1.0750000e+02;5.1048473e-03;1.0750000e+02;6.1321206e-02;1.0750000e+02;1.2712774e-01;1.0750000e+02;1.8568952e-01;1.0750000e+02;2.1455410e-01;1.0750000e+02;2.0225102e-01;1.0750000e+02;2.0866072e-01;1.0750000e+02;1.5718016e-01;1.0750000e+02;9.6042521e-02;1.0750000e+02;4.2059533e-02;1.0750000e+02;-5.8471113e-03;1.0750000e+02;-4.9980059e-02;1.0750000e+02;-9.3429245e-02;1.0750000e+02;-1.3666579e-01;1.0750000e+02;-1.7817135e-01;1.0750000e+02;-8.4671915e-02;1.0750000e+02;-7.6973863e-02;1.0750000e+02;-4.5606129e-02;1.0750000e+02;5.1048473e-03;1.0750000e+02;6.1321206e-02;1.0750000e+02;1.2712774e-01;1.0750000e+02;1.8568952e-01;1.0750000e+02;2.1455410e-01;1.0750000e+02;2.0225102e-01;1.0750000e+02;2.0866072e-01;1.0750000e+02;1.5718016e-01;1.0750000e+02;9.6042521e-02;1.0750000e+02;4.2059533e-02;1.0750000e+02;-5.8471113e-03;1.0750000e+02;-4.9980059e-02;1.0750000e+02;-9.3429245e-02;1.0750000e+02;-1.3666579e-01;1.0750000e+02;-1.7817135e-01;1.0750000e+02;-8.4671915e-02;1.0750000e+02;-7.6973863e-02;1.0750000e+02;-4.5606129e-02;1.0750000e+02;5.1048473e-03;1.0750000e+02;6.1321206e-02;1.0750000e+02;1.2712774e-01;1.0750000e+02;1.8568952e-01;1.0750000e+02;2.1455410e-01;1.0750000e+02;2.0225102e-01;1.0750000e+02;2.0866072e-01;1.0750000e+02;1.5718016e-01;1.0750000e+02;9.6042521e-02;1.0750000e+02;4.2059533e-02;1.0750000e+02;-5.8471113e-03;1.0750000e+02;-4.9980059e-02;1.0750000e+02;-9.3429245e-02;1.0750000e+02;-1.3666579e-01;1.0750000e+02;-1.7817135e-01;1.0750000e+02;-8.4671915e-02;1.0750000e+02;-7.6973863e-02;1.0750000e+02;-4.5606129e-02;1.0750000e+02;5.1048473e-03;1.0750000e+02;6.1321206e-02;1.0750000e+02;1.2712774e-01;1.0750000e+02;1.8568952e-01;1.0750000e+02;2.1455410e-01;1.0750000e+02;2.0225102e-01;1.0750000e+02;2.0866072e-01;1.0750000e+02;1.5718016e-01;1.0750000e+02;9.6042521e-02;1.0750000e+02;4.2059533e-02;1.0750000e+02;-5.8471113e-03;1.0750000e+02;-4.9980059e-02;1.0750000e+02;-9.3429245e-02;1.0750000e+02;-1.3666579e-01;1.0750000e+02;-1.7817135e-01;1.0750000e+02;-8.4671915e-02;1.0750000e+02;-7.6973863e-02;1.0750000e+02;-4.5606129e-02;1.0750000e+02;5.1048473e-03;1.0750000e+02;6.1321206e-02;1.0750000e+02;1.2712774e-01;1.0750000e+02;1.8568952e-01;1.0750000e+02;2.1455410e-01;1.0750000e+02;2.0225102e-01;1.0750000e+02;2.0866072e-01;1.0750000e+02;1.5718016e-01;1.0750000e+02;9.6042521e-02;1.0750000e+02;4.2059533e-02;1.0750000e+02;-5.8471113e-03;1.0750000e+02;-4.9980059e-02;1.0750000e+02;-9.3429245e-02;1.0750000e+02;-1.3666579e-01;1.0750000e+02;-1.7817135e-01;1.0750000e+02;-8.4671915e-02;1.0750000e+02;-7.6973863e-02;1.0750000e+02;-4.5606129e-02;1.0750000e+02;5.1048473e-03;1.0750000e+02;6.1321206e-02;1.0750000e+02;1.2712774e-01;1.0750000e+02;1.8568952e-01;1.0750000e+02;2.1455410e-01;1.0750000e+02;2.0225102e-01;1.0750000e+02;2.0866072e-01;1.0750000e+02;1.5718016e-01;1.0750000e+02;9.6042521e-02;1.0750000e+02;4.2059533e-02;1.0750000e+02;-5.8471113e-03;1.0750000e+02;-4.9980059e-02;1.0750000e+02;-9.3429245e-02;1.0750000e+02;-1.3666579e-01;1.0750000e+02;-1.7817135e-01;1.0750000e+02;-8.4671915e-02;1.0750000e+02;-7.6973863e-02;1.0750000e+02;-4.5606129e-02;1.0750000e+02;5.1048473e-03;1.0750000e+02;6.1321206e-02;1.0750000e+02;1.2712774e-01;1.0750000e+02;1.8568952e-01;1.0750000e+02;2.1455410e-01;1.0750000e+02;2.0225102e-01;1.0750000e+02;2.0866072e-01;1.0750000e+02;1.5718016e-01;1.0750000e+02;9.6042521e-02;1.0750000e+02;4.2059533e-02;1.0750000e+02;-5.8471113e-03;1.0750000e+02;-4.9980059e-02;1.0750000e+02;-9.3429245e-02;1.0750000e+02;-1.3666579e-01;1.0750000e+02;-1.7817135e-01;1.0750000e+02;-8.4671915e-02;1.0750000e+02;-7.6973863e-02;1.0750000e+02;-4.5606129e-02;1.0750000e+02;5.1048473e-03;1.0750000e+02;6.1321206e-02;1.0750000e+02;1.2712774e-01;1.0750000e+02;1.8568952e-01;1.0750000e+02;2.1455410e-01;1.0750000e+02;2.0225102e-01;1.0750000e+02;2.0866072e-01;1.0750000e+02;1.5718016e-01;1.0750000e+02;9.6042521e-02;1.0750000e+02;4.2059533e-02;1.0750000e+02;-5.8471113e-03;1.0750000e+02;-4.9980059e-02;1.0750000e+02;-9.3429245e-02;1.0750000e+02;-1.3666579e-01;1.0750000e+02;-1.7817135e-01;1.0750000e+02;-8.4671915e-02;1.0750000e+02;-7.6973863e-02;1.0750000e+02;-4.5606129e-02;1.0750000e+02;5.1048473e-03;1.0750000e+02;6.1321206e-02;1.0750000e+02;1.2712774e-01;1.0750000e+02;1.8568952e-01;1.0750000e+02;2.1455410e-01;1.0750000e+02;2.0225102e-01;1.0750000e+02;2.0866072e-01;1.0750000e+02;1.5718016e-01;1.0750000e+02;9.6042521e-02;1.0750000e+02;4.2059533e-02;1.0750000e+02;-5.8471113e-03;1.0750000e+02;-4.9980059e-02;1.0750000e+02;-9.3429245e-02;1.0750000e+02;-1.3666579e-01;1.0750000e+02;-1.7817135e-01;1.0750000e+02;-8.4671915e-02;1.0750000e+02;-7.6973863e-02;1.0750000e+02;-4.5606129e-02;1.0750000e+02;5.1048473e-03;1.0750000e+02;6.1321206e-02;1.0750000e+02;1.2712774e-01;1.0750000e+02;1.8568952e-01;1.0750000e+02;2.1455410e-01;1.0750000e+02;2.0225102e-01;1.0750000e+02;2.0866072e-01;1.0750000e+02;1.5718016e-01;1.0750000e+02;9.6042521e-02;1.0750000e+02;4.2059533e-02;1.0750000e+02;-5.8471113e-03;1.0750000e+02;-4.9980059e-02;1.0750000e+02;-9.3429245e-02;1.0750000e+02;-1.3666579e-01;1.0750000e+02;-1.7817135e-01;1.0750000e+02;-8.4671915e-02;1.0750000e+02;-7.6973863e-02;1.0750000e+02;-4.5606129e-02;1.0750000e+02;5.1048473e-03;1.0750000e+02;6.1321206e-02;1.0750000e+02;1.2712774e-01;1.0750000e+02;1.8568952e-01;1.0750000e+02;2.1455410e-01;1.0750000e+02;2.0225102e-01;1.0750000e+02;2.0866072e-01;1.0750000e+02;1.5718016e-01;1.0750000e+02;9.6042521e-02;1.0750000e+02;4.2059533e-02;1.0750000e+02;-5.8471113e-03;1.0750000e+02;-4.9980059e-02;1.0750000e+02;-9.3429245e-02;1.0750000e+02;-1.3666579e-01;1.0750000e+02;-1.7817135e-01;1.0750000e+02;-8.4671915e-02;1.0750000e+02;-7.6973863e-02;1.0750000e+02;-4.5606129e-02;1.0750000e+02;5.1048473e-03;1.0750000e+02;6.1321206e-02;1.0750000e+02;1.2712774e-01;1.0750000e+02;1.8568952e-01;1.0750000e+02;2.1455410e-01;1.0750000e+02;2.0225102e-01;1.0750000e+02;2.0866072e-01;1.0750000e+02;1.5718016e-01;1.0750000e+02;9.6042521e-02;1.0750000e+02;4.2059533e-02;1.0750000e+02;-5.8471113e-03;1.0750000e+02;-4.9980059e-02;1.0750000e+02;-9.3429245e-02;1.0750000e+02;-1.3666579e-01;1.0750000e+02;-1.7817135e-01;1.0750000e+02;-8.4671915e-02;1.0750000e+02;-7.6973863e-02;1.0750000e+02;-4.5606129e-02;1.0750000e+02;5.1048473e-03;1.0750000e+02;6.1321206e-02;1.0750000e+02;1.2712774e-01;1.0750000e+02;1.8568952e-01;1.0750000e+02;2.1455410e-01;1.0750000e+02;2.0225102e-01;1.0750000e+02;2.0866072e-01;1.0750000e+02;1.5718016e-01;1.0750000e+02;9.6042521e-02;1.0750000e+02;4.2059533e-02;1.0750000e+02;-5.8471113e-03;1.0750000e+02;-4.9980059e-02;1.0750000e+02;-9.3429245e-02;1.0750000e+02;-1.3666579e-01;1.0750000e+02;-1.7817135e-01;1.0750000e+02;-8.4671915e-02;1.0750000e+02;-7.6973863e-02;1.0750000e+02;-4.5606129e-02;1.0750000e+02;5.1048473e-03;1.0750000e+02;6.1321206e-02;1.0750000e+02;1.2712774e-01;1.0750000e+02;1.8568952e-01;1.0750000e+02;2.1455410e-01;1.0750000e+02;2.0225102e-01;1.0750000e+02;2.0866072e-01;1.0750000e+02;1.5718016e-01;1.0750000e+02;9.6042521e-02;1.0750000e+02;4.2059533e-02;1.0750000e+02;-5.8471113e-03;1.0750000e+02;-4.9980059e-02;1.0750000e+02;-9.3429245e-02;1.0750000e+02;-1.3666579e-01;1.0750000e+02;-1.7817135e-01;1.0750000e+02;-8.4671915e-02;1.0750000e+02;-7.6973863e-02;1.0750000e+02;-4.5606129e-02;1.0750000e+02;5.1048473e-03;1.0750000e+02;6.1321206e-02;1.0750000e+02;1.2712774e-01;1.0750000e+02;1.8568952e-01;1.0750000e+02;2.1455410e-01;1.0750000e+02;2.0225102e-01;1.0750000e+02;2.0866072e-01;1.0750000e+02;1.5718016e-01;1.0750000e+02;9.6042521e-02;1.0750000e+02;4.2059533e-02;1.0750000e+02;-5.8471113e-03;1.0750000e+02;-4.9980059e-02;1.0750000e+02;-9.3429245e-02;1.0750000e+02;-1.3666579e-01;1.0750000e+02;-1.7817135e-01;1.0750000e+02;-8.4671915e-02;1.0750000e+02;-7.6973863e-02;1.0750000e+02;-4.5606129e-02;1.0750000e+02;5.1048473e-03;1.0750000e+02;6.1321206e-02;1.0750000e+02;1.2712774e-01;1.0750000e+02;1.8568952e-01;1.0750000e+02;2.1455410e-01;1.0750000e+02;2.0225102e-01;1.0750000e+02;2.0866072e-01;1.0750000e+02;1.5718016e-01;1.0750000e+02;9.6042521e-02;1.0750000e+02;4.2059533e-02;1.0750000e+02;-5.8471113e-03;1.0750000e+02;-4.9980059e-02;1.0750000e+02;-9.3429245e-02;1.0750000e+02;-1.3666579e-01;1.0750000e+02;-1.7817135e-01;1.0750000e+02;-8.4671915e-02;1.0750000e+02;-7.6973863e-02;1.0750000e+02;-4.5606129e-02;1.0750000e+02;5.1048473e-03;1.0750000e+02;6.1321206e-02;1.0750000e+02;1.2712774e-01;1.0750000e+02;1.8568952e-01;1.0750000e+02;2.1455410e-01;1.0750000e+02;2.0225102e-01;1.0750000e+02;2.0866072e-01;1.0750000e+02;1.5718016e-01;1.0750000e+02;9.6042521e-02;1.0750000e+02;4.2059533e-02;1.0750000e+02;-5.8471113e-03;1.0750000e+02;-4.9980059e-02;1.0750000e+02;-9.3429245e-02;1.0750000e+02;-1.3666579e-01;1.0750000e+02;-1.7817135e-01;1.0750000e+02;-8.4671915e-02;1.0750000e+02;-7.6973863e-02;1.0750000e+02;-4.5606129e-02;1.0750000e+02;5.1048473e-03;1.0750000e+02;6.1321206e-02;1.0750000e+02;1.2712774e-01;1.0750000e+02;1.8568952e-01;1.0750000e+02;2.1455410e-01;1.0750000e+02;2.0225102e-01;1.0750000e+02;2.0866072e-01;1.0750000e+02;1.5718016e-01;1.0750000e+02;9.6042521e-02;1.0750000e+02;4.2059533e-02;1.0750000e+02;-5.8471113e-03;1.0750000e+02;-4.9980059e-02;1.0750000e+02;-9.3429245e-02;1.0750000e+02;-1.3666579e-01;1.0750000e+02;-1.7817135e-01;1.0750000e+02;-8.4671915e-02;1.0750000e+02;-7.6973863e-02;1.0750000e+02;-4.5606129e-02;1.0750000e+02;5.1048473e-03;1.0750000e+02;6.1321206e-02;1.0750000e+02;1.2712774e-01;1.0750000e+02;1.8568952e-01;1.0750000e+02;2.1455410e-01;1.0750000e+02;2.0225102e-01;1.0750000e+02;2.0866072e-01;1.0750000e+02;1.5718016e-01;1.0750000e+02;9.6042521e-02;1.0750000e+02;4.2059533e-02;1.0750000e+02;-5.8471113e-03;1.0750000e+02;-4.9980059e-02;1.0750000e+02;-9.3429245e-02;1.0750000e+02;-1.3666579e-01;1.0750000e+02;-1.7817135e-01;1.0750000e+02;-8.4671915e-02;1.0750000e+02;-7.6973863e-02;1.0750000e+02;-4.5606129e-02;1.0750000e+02;5.1048473e-03;1.0750000e+02;6.1321206e-02;1.0750000e+02;1.2712774e-01;1.0750000e+02;1.8568952e-01;1.0750000e+02;2.1455410e-01;1.0750000e+02;2.0225102e-01;1.0750000e+02;2.0866072e-01;1.0750000e+02;1.5718016e-01;1.0750000e+02;9.6042521e-02;1.0750000e+02;4.2059533e-02;1.0750000e+02;-5.8471113e-03;1.0750000e+02;-4.9980059e-02;1.0750000e+02;-9.3429245e-02;1.0750000e+02;-1.3666579e-01;1.0750000e+02;-1.7817135e-01;1.0750000e+02;-8.4671915e-02;1.0750000e+02;-7.6973863e-02;1.0750000e+02;-4.5606129e-02;1.0750000e+02;5.1048473e-03;1.0750000e+02;6.1321206e-02;1.0750000e+02;1.2712774e-01;1.0750000e+02;1.8568952e-01;1.0750000e+02;2.1455410e-01;1.0750000e+02;2.0225102e-01;1.0750000e+02;2.0866072e-01;1.0750000e+02;1.5718016e-01;1.0750000e+02;9.6042521e-02;1.0750000e+02;4.2059533e-02;1.0750000e+02;-5.8471113e-03;1.0750000e+02;-4.9980059e-02;1.0750000e+02;-9.3429245e-02;1.0750000e+02;-1.3666579e-01;1.0750000e+02;-1.7817135e-01;1.0750000e+02;-8.4671915e-02;1.0750000e+02;-7.6973863e-02;1.0750000e+02;-4.5606129e-02;1.0750000e+02;5.1048473e-03;1.0750000e+02;6.1321206e-02;1.0750000e+02;1.2712774e-01;1.0750000e+02;1.8568952e-01;1.0750000e+02;2.1455410e-01;1.0750000e+02;2.0225102e-01;1.0750000e+02;2.0866072e-01;1.0750000e+02;1.5718016e-01;1.0750000e+02;9.6042521e-02;1.0750000e+02;4.2059533e-02;1.0750000e+02;-5.8471113e-03;1.0750000e+02;-4.9980059e-02;1.0750000e+02;-9.3429245e-02;1.0750000e+02;-1.3666579e-01;1.0750000e+02;-1.7817135e-01;1.0750000e+02;-8.4671915e-02;1.0750000e+02;-7.6973863e-02;1.0750000e+02;-4.5606129e-02;1.0750000e+02;5.1048473e-03;1.0750000e+02;6.1321206e-02;1.0750000e+02;1.2712774e-01;1.0750000e+02;1.8568952e-01;1.0750000e+02;2.1455410e-01;1.0750000e+02;2.0225102e-01;1.0750000e+02;2.0866072e-01;1.0750000e+02;1.5718016e-01;1.0750000e+02;9.6042521e-02;1.0750000e+02;4.2059533e-02;1.0750000e+02;-5.8471113e-03;1.0750000e+02;-4.9980059e-02;1.0750000e+02;-9.3429245e-02;1.0750000e+02;-1.3666579e-01;1.0750000e+02;-1.7817135e-01;1.0750000e+02;-8.4671915e-02;1.0750000e+02;-7.6973863e-02;1.0750000e+02;-4.5606129e-02;1.0750000e+02;5.1048473e-03;1.0750000e+02;6.1321206e-02;1.0750000e+02;1.2712774e-01;1.0750000e+02;1.8568952e-01;1.0750000e+02;2.1455410e-01;1.0750000e+02;2.0225102e-01;1.0750000e+02;2.0866072e-01;1.0750000e+02;1.5718016e-01;1.0750000e+02;9.6042521e-02;1.0750000e+02;4.2059533e-02;1.0750000e+02;-5.8471113e-03;1.0750000e+02;-4.9980059e-02;1.0750000e+02;-9.3429245e-02;1.0750000e+02;-1.3666579e-01;1.0750000e+02;-1.7817135e-01;1.0750000e+02;-8.4671915e-02;1.0750000e+02;-7.6973863e-02;1.0750000e+02;-4.5606129e-02;1.0750000e+02;5.1048473e-03;1.0750000e+02;6.1321206e-02;1.0750000e+02;1.2712774e-01;1.0750000e+02;1.8568952e-01;1.0750000e+02;2.1455410e-01;1.0750000e+02;2.0225102e-01;1.0750000e+02;2.0866072e-01;1.0750000e+02;1.5718016e-01;1.0750000e+02;9.6042521e-02;1.0750000e+02;4.2059533e-02;1.0750000e+02;-5.8471113e-03;1.0750000e+02;-4.9980059e-02;1.0750000e+02;-9.3429245e-02;1.0750000e+02;-1.3666579e-01;1.0750000e+02;-1.7817135e-01;1.0750000e+02;-8.4671915e-02;1.0750000e+02;-7.6973863e-02;1.0750000e+02;-4.5606129e-02;1.0750000e+02;5.1048473e-03;1.0750000e+02;6.1321206e-02;1.0750000e+02;1.2712774e-01;1.0750000e+02;1.8568952e-01;1.0750000e+02;2.1455410e-01;1.0750000e+02;2.0225102e-01;1.0750000e+02;2.0866072e-01;1.0750000e+02;1.5718016e-01;1.0750000e+02;9.6042521e-02;1.0750000e+02;4.2059533e-02;1.0750000e+02;-5.8471113e-03;1.0750000e+02;-4.9980059e-02;1.0750000e+02;-9.3429245e-02;1.0750000e+02;-1.3666579e-01;1.0750000e+02;-1.7817135e-01;1.0750000e+02;-8.4671915e-02;1.0750000e+02;-7.6973863e-02;1.0750000e+02;-4.5606129e-02;1.0750000e+02;5.1048473e-03;1.0750000e+02;6.1321206e-02;1.0750000e+02;1.2712774e-01;1.0750000e+02;1.8568952e-01;1.0750000e+02;2.1455410e-01;1.0750000e+02;2.0225102e-01;1.0750000e+02;2.0866072e-01;1.0750000e+02;1.5718016e-01;1.0750000e+02;9.6042521e-02;1.0750000e+02;4.2059533e-02;1.0750000e+02;-5.8471113e-03;1.0750000e+02;-4.9980059e-02;1.0750000e+02;-9.3429245e-02;1.0750000e+02;-1.3666579e-01;1.0750000e+02;-1.7817135e-01;1.0750000e+02;-8.4671915e-02;1.0750000e+02;-7.6973863e-02;1.0750000e+02;-4.5606129e-02;1.0750000e+02;5.1048473e-03;1.0750000e+02;6.1321206e-02;1.0750000e+02;1.2712774e-01;1.0750000e+02;1.8568952e-01;1.0750000e+02;2.1455410e-01;1.0750000e+02;2.0225102e-01;1.0750000e+02;2.0866072e-01;1.0750000e+02;1.5718016e-01;1.0750000e+02;9.6042521e-02;1.0750000e+02;4.2059533e-02;1.0750000e+02;-5.8471113e-03;1.0750000e+02;-4.9980059e-02;1.0750000e+02;-9.3429245e-02;1.0750000e+02;-1.3666579e-01;1.0750000e+02;-1.7817135e-01;1.0750000e+02;-8.4671915e-02;1.0750000e+02;-7.6973863e-02;1.0750000e+02;-4.5606129e-02;1.0750000e+02;5.1048473e-03;1.0750000e+02;6.1321206e-02;1.0750000e+02;1.2712774e-01;1.0750000e+02;1.8568952e-01;1.0750000e+02;2.1455410e-01;1.0750000e+02;2.0225102e-01;1.0750000e+02;2.0866072e-01;1.0750000e+02;1.5718016e-01;1.0750000e+02;9.6042521e-02;1.0750000e+02;4.2059533e-02;1.0750000e+02;-5.8471113e-03;1.0750000e+02;-4.9980059e-02;1.0750000e+02;-9.3429245e-02;1.0750000e+02;-1.3666579e-01;1.0750000e+02;-1.7817135e-01;1.0750000e+02;-8.4671915e-02;1.0750000e+02;-7.6973863e-02;1.0750000e+02;-4.5606129e-02;1.0750000e+02;5.1048473e-03;1.0750000e+02;6.1321206e-02;1.0750000e+02;1.2712774e-01;1.0750000e+02;1.8568952e-01;1.0750000e+02;2.1455410e-01;1.0750000e+02;2.0225102e-01;1.0750000e+02;2.0866072e-01;1.0750000e+02;1.5718016e-01;1.0750000e+02;9.6042521e-02;1.0750000e+02;4.2059533e-02;1.0750000e+02;-5.8471113e-03;1.0750000e+02;-4.9980059e-02;1.0750000e+02;-9.3429245e-02;1.0750000e+02;-1.3666579e-01;1.0750000e+02;-1.7817135e-01;1.0750000e+02;-8.4671915e-02;1.0750000e+02;-7.6973863e-02;1.0750000e+02;-4.5606129e-02;1.0750000e+02;5.1048473e-03;1.0750000e+02;6.1321206e-02;1.0750000e+02;1.2712774e-01;1.0750000e+02;1.8568952e-01;1.0750000e+02;2.1455410e-01;1.0750000e+02;2.0225102e-01;1.0750000e+02;2.0866072e-01;1.0750000e+02;1.5718016e-01;1.0750000e+02;9.6042521e-02;1.0750000e+02;4.2059533e-02;1.0750000e+02;-5.8471113e-03;1.0750000e+02;-4.9980059e-02;1.0750000e+02;-9.3429245e-02;1.0750000e+02;-1.3666579e-01;1.0750000e+02;-1.7817135e-01;1.0750000e+02;-8.4671915e-02;1.0750000e+02;-7.6973863e-02;1.0750000e+02;-4.5606129e-02;1.0750000e+02;5.1048473e-03;1.0750000e+02;6.1321206e-02;1.0750000e+02;1.2712774e-01;1.0750000e+02;1.8568952e-01;1.0750000e+02;2.1455410e-01;1.0750000e+02;2.0225102e-01;1.0750000e+02;2.0866072e-01;1.0750000e+02;1.5718016e-01;1.0750000e+02;9.6042521e-02;1.0750000e+02;4.2059533e-02;1.0750000e+02;-5.8471113e-03;1.0750000e+02;-4.9980059e-02;1.0750000e+02;-9.3429245e-02;1.0750000e+02;-1.3666579e-01;1.0750000e+02;-1.7817135e-01;1.0750000e+02;-8.4671915e-02;1.0750000e+02;-7.6973863e-02;1.0750000e+02;-4.5606129e-02;1.0750000e+02;5.1048473e-03;1.0750000e+02;6.1321206e-02;1.0750000e+02;1.2712774e-01;1.0750000e+02;1.8568952e-01;1.0750000e+02;2.1455410e-01;1.0750000e+02;2.0225102e-01;1.0750000e+02;2.0866072e-01;1.0750000e+02;1.5718016e-01;1.0750000e+02;9.6042521e-02;1.0750000e+02;4.2059533e-02;1.0750000e+02;-5.8471113e-03;1.0750000e+02;-4.9980059e-02;1.0750000e+02;-9.3429245e-02;1.0750000e+02;-1.3666579e-01;1.0750000e+02;-1.7817135e-01;1.0750000e+02;-8.4671915e-02;1.0750000e+02;-7.6973863e-02;1.0750000e+02;-4.5606129e-02;1.0750000e+02;5.1048473e-03;1.0750000e+02;6.1321206e-02;1.0750000e+02;1.2712774e-01;1.0750000e+02;1.8568952e-01;1.0750000e+02;2.1455410e-01;1.0750000e+02;2.0225102e-01;1.0750000e+02;2.0866072e-01;1.0750000e+02;1.5718016e-01;1.0750000e+02;9.6042521e-02;1.0750000e+02;4.2059533e-02;1.0750000e+02;-5.8471113e-03;1.0750000e+02;-4.9980059e-02;1.0750000e+02;-9.3429245e-02;1.0750000e+02;-1.3666579e-01;1.0750000e+02;-1.7817135e-01;1.0750000e+02;-8.4671915e-02;1.0750000e+02;-7.6973863e-02;1.0750000e+02;-4.5606129e-02;1.0750000e+02;5.1048473e-03;1.0750000e+02;6.1321206e-02;1.0750000e+02;1.2712774e-01;1.0750000e+02;1.8568952e-01;1.0750000e+02;2.1455410e-01;1.0750000e+02;2.0225102e-01;1.0750000e+02;2.0866072e-01;1.0750000e+02;1.5718016e-01;1.0750000e+02;9.6042521e-02;1.0750000e+02;4.2059533e-02;1.0750000e+02;-5.8471113e-03;1.0750000e+02;-4.9980059e-02;1.0750000e+02;-9.3429245e-02;1.0750000e+02;-1.3666579e-01;1.0750000e+02;-1.7817135e-01;1.0750000e+02;-8.4671915e-02;1.0750000e+02;-7.6973863e-02;1.0750000e+02;-4.5606129e-02;1.0750000e+02;5.1048473e-03;1.0750000e+02;6.1321206e-02;1.0750000e+02;1.2712774e-01;1.0750000e+02;1.8568952e-01;1.0750000e+02;2.1455410e-01;1.0750000e+02;2.0225102e-01;1.0750000e+02;2.0866072e-01;1.0750000e+02;1.5718016e-01;1.0750000e+02;9.6042521e-02;1.0750000e+02;4.2059533e-02;1.0750000e+02;-5.8471113e-03;1.0750000e+02;-4.9980059e-02;1.0750000e+02;-9.3429245e-02;1.0750000e+02;-1.3666579e-01;1.0750000e+02;-1.7817135e-01;1.0750000e+02;-8.4671915e-02;1.0750000e+02;-7.6973863e-02;1.0750000e+02;-4.5606129e-02;1.0750000e+02;5.1048473e-03;1.0750000e+02;6.1321206e-02;1.0750000e+02;1.2712774e-01;1.0750000e+02;1.8568952e-01;1.0750000e+02;2.1455410e-01;1.0750000e+02;2.0225102e-01;1.0750000e+02;2.0866072e-01;1.0750000e+02;1.5718016e-01;1.0750000e+02;9.6042521e-02;1.0750000e+02;4.2059533e-02;1.0750000e+02;-5.8471113e-03;1.0750000e+02;-4.9980059e-02;1.0750000e+02;-9.3429245e-02;1.0750000e+02;-1.3666579e-01;1.0750000e+02;-1.7817135e-01;1.0750000e+02;-8.4671915e-02;1.0750000e+02;-7.6973863e-02;1.0750000e+02;-4.5606129e-02;1.0750000e+02;5.1048473e-03;1.0750000e+02;6.1321206e-02;1.0750000e+02;1.2712774e-01;1.0750000e+02;1.8568952e-01;1.0750000e+02;2.1455410e-01;1.0750000e+02;2.0225102e-01;1.0750000e+02;2.0866072e-01;1.0750000e+02;1.5718016e-01;1.0750000e+02;9.6042521e-02;1.0750000e+02;4.2059533e-02;1.0750000e+02;-5.8471113e-03;1.0750000e+02;-4.9980059e-02;1.0750000e+02;-9.3429245e-02;1.0750000e+02;-1.3666579e-01;1.0750000e+02;-1.7817135e-01;1.0750000e+02;-8.4671915e-02;1.0750000e+02;-7.6973863e-02;1.0750000e+02;-4.5606129e-02;1.0750000e+02;5.1048473e-03;1.0750000e+02;6.1321206e-02;1.0750000e+02;1.2712774e-01;1.0750000e+02;1.8568952e-01;1.0750000e+02;2.1455410e-01;1.0750000e+02;2.0225102e-01;1.0750000e+02;2.0866072e-01;1.0750000e+02;1.5718016e-01;1.0750000e+02;9.6042521e-02;1.0750000e+02;4.2059533e-02;1.0750000e+02;-5.8471113e-03;1.0750000e+02;-4.9980059e-02;1.0750000e+02;-9.3429245e-02;1.0750000e+02;-1.3666579e-01;1.0750000e+02;-1.7817135e-01;1.0750000e+02;-8.4671915e-02;1.0750000e+02;-7.6973863e-02;1.0750000e+02;-4.5606129e-02;1.0750000e+02;5.1048473e-03;1.0750000e+02;6.1321206e-02;1.0750000e+02;1.2712774e-01;1.0750000e+02;1.8568952e-01;1.0750000e+02;2.1455410e-01;1.0750000e+02;2.0225102e-01;1.0750000e+02;2.0866072e-01;1.0750000e+02;1.5718016e-01;1.0750000e+02;9.6042521e-02;1.0750000e+02;4.2059533e-02;1.0750000e+02;-5.8471113e-03;1.0750000e+02;-4.9980059e-02;1.0750000e+02;-9.3429245e-02;1.0750000e+02;-1.3666579e-01;1.0750000e+02;-1.7817135e-01;1.0750000e+02;-8.4671915e-02;1.0750000e+02;-7.6973863e-02;1.0750000e+02;-4.5606129e-02;1.0750000e+02;5.1048473e-03;1.0750000e+02;6.1321206e-02;1.0750000e+02;1.2712774e-01;1.0750000e+02;1.8568952e-01;1.0750000e+02;2.1455410e-01;1.0750000e+02;2.0225102e-01;1.0750000e+02;2.0866072e-01;1.0750000e+02;1.5718016e-01;1.0750000e+02;9.6042521e-02;1.0750000e+02;4.2059533e-02;1.0750000e+02;-5.8471113e-03;1.0750000e+02;-4.9980059e-02;1.0750000e+02;-9.3429245e-02;1.0750000e+02;-1.3666579e-01;1.0750000e+02;-1.7817135e-01;1.0750000e+02;-8.4671915e-02;1.0750000e+02;-7.6973863e-02;1.0750000e+02;-4.5606129e-02;1.0750000e+02;5.1048473e-03;1.0750000e+02;6.1321206e-02;1.0750000e+02;1.2712774e-01;1.0750000e+02;1.8568952e-01;1.0750000e+02;2.1455410e-01;1.0750000e+02;2.0225102e-01;1.0750000e+02;2.0866072e-01;1.0750000e+02;1.5718016e-01;1.0750000e+02;9.6042521e-02;1.0750000e+02;4.2059533e-02;1.0750000e+02;-5.8471113e-03;1.0750000e+02;-4.9980059e-02;1.0750000e+02;-9.3429245e-02;1.0750000e+02;-1.3666579e-01;1.0750000e+02;-1.7817135e-01;1.0750000e+02;-8.4671915e-02;1.0750000e+02;-7.6973863e-02;1.0750000e+02;-4.5606129e-02;1.0750000e+02;5.1048473e-03;1.0750000e+02;6.1321206e-02;1.0750000e+02;1.2712774e-01;1.0750000e+02;1.8568952e-01;1.0750000e+02;2.1455410e-01;1.0750000e+02;2.0225102e-01;1.0750000e+02;2.0866072e-01;1.0750000e+02;1.5718016e-01;1.0750000e+02;9.6042521e-02;1.0750000e+02;4.2059533e-02;1.0750000e+02;-5.8471113e-03;1.0750000e+02;-4.9980059e-02;1.0750000e+02;-9.3429245e-02;1.0750000e+02;-1.3666579e-01;1.0750000e+02;-1.7817135e-01;1.0750000e+02;-8.4671915e-02;1.0750000e+02;-7.6973863e-02;1.0750000e+02;-4.5606129e-02;1.0750000e+02;5.1048473e-03;1.0750000e+02;6.1321206e-02;1.0750000e+02;1.2712774e-01;1.0750000e+02;1.8568952e-01;1.0750000e+02;2.1455410e-01;1.0750000e+02;2.0225102e-01;1.0750000e+02;2.0866072e-01;1.0750000e+02;1.5718016e-01;1.0750000e+02;9.6042521e-02;1.0750000e+02;4.2059533e-02;1.0750000e+02;-5.8471113e-03;1.0750000e+02;-4.9980059e-02;1.0750000e+02;-9.3429245e-02;1.0750000e+02;-1.3666579e-01;1.0750000e+02;-1.7817135e-01;1.0750000e+02;-8.4671915e-02;1.0750000e+02;-7.6973863e-02;1.0750000e+02;-4.5606129e-02;1.0750000e+02;5.1048473e-03;1.0750000e+02;6.1321206e-02;1.0750000e+02;1.2712774e-01;1.0750000e+02;1.8568952e-01;1.0750000e+02;2.1455410e-01;1.0750000e+02;2.0225102e-01;1.0750000e+02;2.0866072e-01;1.0750000e+02;1.5718016e-01;1.0750000e+02;9.6042521e-02;1.0750000e+02;4.2059533e-02;1.0750000e+02;-5.8471113e-03;1.0750000e+02;-4.9980059e-02;1.0750000e+02;-9.3429245e-02;1.0750000e+02;-1.3666579e-01;1.0750000e+02;-1.7817135e-01;1.0750000e+02;-8.4671915e-02;1.0750000e+02;-7.6973863e-02;1.0750000e+02;-4.5606129e-02;1.0750000e+02;5.1048473e-03;1.0750000e+02;6.1321206e-02;1.0750000e+02;1.2712774e-01;1.0750000e+02;1.8568952e-01;1.0750000e+02;2.1455410e-01;1.0750000e+02;2.0225102e-01;1.0750000e+02;2.0866072e-01;1.0750000e+02;1.5718016e-01;1.0750000e+02;9.6042521e-02;1.0750000e+02;4.2059533e-02;1.0750000e+02;-5.8471113e-03;1.0750000e+02;-4.9980059e-02;1.0750000e+02;-9.3429245e-02;1.0750000e+02;-1.3666579e-01;1.0750000e+02;-1.7817135e-01;1.0750000e+02;-8.4671915e-02;1.0750000e+02;-7.6973863e-02;1.0750000e+02;-4.5606129e-02;1.0750000e+02;5.1048473e-03;1.0750000e+02;6.1321206e-02;1.0750000e+02;1.2712774e-01;1.0750000e+02;1.8568952e-01;1.0750000e+02;2.1455410e-01;1.0750000e+02;2.0225102e-01;1.0750000e+02;2.0866072e-01;1.0750000e+02;1.5718016e-01;1.0750000e+02;9.6042521e-02;1.0750000e+02;4.2059533e-02;1.0750000e+02;-5.8471113e-03;1.0750000e+02;-4.9980059e-02;1.0750000e+02;-9.3429245e-02;1.0750000e+02;-1.3666579e-01;1.0750000e+02;-1.7817135e-01;1.0750000e+02;-8.4671915e-02;1.0750000e+02;-7.6973863e-02;1.0750000e+02;-4.5606129e-02;1.0750000e+02;5.1048473e-03;1.0750000e+02;6.1321206e-02;1.0750000e+02;1.2712774e-01;1.0750000e+02;1.8568952e-01;1.0750000e+02;2.1455410e-01;1.0750000e+02;2.0225102e-01;1.0750000e+02;2.0866072e-01;1.0750000e+02;1.5718016e-01;1.0750000e+02;9.6042521e-02;1.0750000e+02;4.2059533e-02;1.0750000e+02;-5.8471113e-03;1.0750000e+02;-4.9980059e-02;1.0750000e+02;-9.3429245e-02;1.0750000e+02;-1.3666579e-01;1.0750000e+02;-1.7817135e-01;1.0750000e+02;-8.4671915e-02;1.0750000e+02;-7.6973863e-02;1.0750000e+02;-4.5606129e-02;1.0750000e+02;5.1048473e-03;1.0750000e+02;6.1321206e-02;1.0750000e+02;1.2712774e-01;1.0750000e+02;1.8568952e-01;1.0750000e+02;2.1455410e-01;1.0750000e+02;2.0225102e-01;1.0750000e+02;2.0866072e-01;1.0750000e+02;1.5718016e-01;1.0750000e+02;9.6042521e-02;1.0750000e+02;4.2059533e-02;1.0750000e+02;-5.8471113e-03;1.0750000e+02;-4.9980059e-02;1.0750000e+02;-9.3429245e-02;1.0750000e+02;-1.3666579e-01;1.0750000e+02;-1.7817135e-01;1.0750000e+02;-8.4671915e-02;1.0750000e+02;-7.6973863e-02;1.0750000e+02;-4.5606129e-02;1.0750000e+02;5.1048473e-03;1.0750000e+02;6.1321206e-02;1.0750000e+02;1.2712774e-01;1.0750000e+02;1.8568952e-01;1.0750000e+02;2.1455410e-01;1.0750000e+02;2.0225102e-01;1.0750000e+02;2.0866072e-01;1.0750000e+02;1.5718016e-01;1.0750000e+02;9.6042521e-02;1.0750000e+02;4.2059533e-02;1.0750000e+02;-5.8471113e-03;1.0750000e+02;-4.9980059e-02;1.0750000e+02;-9.3429245e-02;1.0750000e+02;-1.3666579e-01;1.0750000e+02;-1.7817135e-01;1.0750000e+02;-8.4671915e-02;1.0750000e+02;-7.6973863e-02;1.0750000e+02;-4.5606129e-02;1.0750000e+02;5.1048473e-03;1.0750000e+02;6.1321206e-02;1.0750000e+02;1.2712774e-01;1.0750000e+02;1.8568952e-01;1.0750000e+02;2.1455410e-01;1.0750000e+02;2.0225102e-01;1.0750000e+02;2.0866072e-01;1.0750000e+02;1.5718016e-01;1.0750000e+02;9.6042521e-02;1.0750000e+02;4.2059533e-02;1.0750000e+02;-5.8471113e-03;1.0750000e+02;-4.9980059e-02;1.0750000e+02;-9.3429245e-02;1.0750000e+02;-1.3666579e-01;1.0750000e+02;-1.7817135e-01;1.0750000e+02;-8.4671915e-02;1.0750000e+02;-7.6973863e-02;1.0750000e+02;-4.5606129e-02;1.0750000e+02;5.1048473e-03;1.0750000e+02;6.1321206e-02;1.0750000e+02;1.2712774e-01;1.0750000e+02;1.8568952e-01;1.0750000e+02;2.1455410e-01;1.0750000e+02;2.0225102e-01;1.0750000e+02;2.0866072e-01;1.0750000e+02;1.5718016e-01;1.0750000e+02;9.6042521e-02;1.0750000e+02;4.2059533e-02;1.0750000e+02;-5.8471113e-03;1.0750000e+02;-4.9980059e-02;1.0750000e+02;-9.3429245e-02;1.0750000e+02;-1.3666579e-01;1.0750000e+02;-1.7817135e-01;1.0750000e+02;-8.4671915e-02;1.0750000e+02;-7.6973863e-02;1.0750000e+02;-4.5606129e-02;1.0750000e+02;5.1048473e-03;1.0750000e+02;6.1321206e-02;1.0750000e+02;1.2712774e-01;1.0750000e+02;1.8568952e-01;1.0750000e+02;2.1455410e-01;1.0750000e+02;2.0225102e-01;1.0750000e+02;2.0866072e-01;1.0750000e+02;1.5718016e-01;1.0750000e+02;9.6042521e-02;1.0750000e+02;4.2059533e-02;1.0750000e+02;-5.8471113e-03;1.0750000e+02;-4.9980059e-02;1.0750000e+02;-9.3429245e-02;1.0750000e+02;-1.3666579e-01;1.0750000e+02;-1.7817135e-01;1.0750000e+02;-8.4671915e-02;1.0750000e+02;-7.6973863e-02;1.0750000e+02;-4.5606129e-02;1.0750000e+02;5.1048473e-03;1.0750000e+02;6.1321206e-02;1.0750000e+02;1.2712774e-01;1.0750000e+02;1.8568952e-01;1.0750000e+02;2.1455410e-01;1.0750000e+02;2.0225102e-01;1.0750000e+02;2.0866072e-01;1.0750000e+02;1.5718016e-01;1.0750000e+02;9.6042521e-02;1.0750000e+02;4.2059533e-02;1.0750000e+02;-5.8471113e-03;1.0750000e+02;-4.9980059e-02;1.0750000e+02;-9.3429245e-02;1.0750000e+02;-1.3666579e-01;1.0750000e+02;-1.7817135e-01;1.0750000e+02;-8.4671915e-02;1.0750000e+02;-7.6973863e-02;1.0750000e+02;-4.5606129e-02;1.0750000e+02;5.1048473e-03;1.0750000e+02;6.1321206e-02;1.0750000e+02;1.2712774e-01;1.0750000e+02;1.8568952e-01;1.0750000e+02;2.1455410e-01;1.0750000e+02;2.0225102e-01;1.0750000e+02;2.0866072e-01;1.0750000e+02;1.5718016e-01;1.0750000e+02;9.6042521e-02;1.0750000e+02;4.2059533e-02;1.0750000e+02;-5.8471113e-03;1.0750000e+02;-4.9980059e-02;1.0750000e+02;-9.3429245e-02;1.0750000e+02;-1.3666579e-01;1.0750000e+02;-1.7817135e-01;1.0750000e+02;-8.4671915e-02;1.0750000e+02;-7.6973863e-02;1.0750000e+02;-4.5606129e-02;1.0750000e+02;5.1048473e-03;1.0750000e+02;6.1321206e-02;1.0750000e+02;1.2712774e-01;1.0750000e+02;1.8568952e-01;1.0750000e+02;2.1455410e-01;1.0750000e+02;2.0225102e-01;1.0750000e+02;2.0866072e-01;1.0750000e+02;1.5718016e-01;1.0750000e+02;9.6042521e-02;1.0750000e+02;4.2059533e-02;1.0750000e+02;-5.8471113e-03;1.0750000e+02;-4.9980059e-02;1.0750000e+02;-9.3429245e-02;1.0750000e+02;-1.3666579e-01;1.0750000e+02;-1.7817135e-01;1.0750000e+02;-8.4671915e-02;1.0750000e+02;-7.6973863e-02;1.0750000e+02;-4.5606129e-02;1.0750000e+02;5.1048473e-03;1.0750000e+02;6.1321206e-02;1.0750000e+02;1.2712774e-01;1.0750000e+02;1.8568952e-01;1.0750000e+02;2.1455410e-01;1.0750000e+02;2.0225102e-01;1.0750000e+02;2.0866072e-01;1.0750000e+02;1.5718016e-01;1.0750000e+02;9.6042521e-02;1.0750000e+02;4.2059533e-02;1.0750000e+02;-5.8471113e-03;1.0750000e+02;-4.9980059e-02;1.0750000e+02;-9.3429245e-02;1.0750000e+02;-1.3666579e-01;1.0750000e+02;-1.7817135e-01;1.0750000e+02;-8.4671915e-02;1.0750000e+02;-7.6973863e-02;1.0750000e+02;-4.5606129e-02;1.0750000e+02;5.1048473e-03;1.0750000e+02;6.1321206e-02;1.0750000e+02;1.2712774e-01;1.0750000e+02;1.8568952e-01;1.0750000e+02;2.1455410e-01;1.0750000e+02;2.0225102e-01;1.0750000e+02;2.0866072e-01;1.0750000e+02;1.5718016e-01;1.0750000e+02;9.6042521e-02;1.0750000e+02;4.2059533e-02;1.0750000e+02;-5.8471113e-03;1.0750000e+02;-4.9980059e-02;1.0750000e+02;-9.3429245e-02;1.0750000e+02;-1.3666579e-01;1.0750000e+02;-1.7817135e-01;1.0750000e+02;-8.4671915e-02;1.0750000e+02;-7.6973863e-02;1.0750000e+02;-4.5606129e-02;1.0750000e+02;5.1048473e-03;1.0750000e+02;6.1321206e-02;1.0750000e+02;1.2712774e-01;1.0750000e+02;1.8568952e-01;1.0750000e+02;2.1455410e-01;1.0750000e+02;2.0225102e-01;1.0750000e+02;2.0866072e-01;1.0750000e+02;1.5718016e-01;1.0750000e+02;9.6042521e-02;1.0750000e+02;4.2059533e-02;1.0750000e+02;-5.8471113e-03;1.0750000e+02;-4.9980059e-02;1.0750000e+02;-9.3429245e-02;1.0750000e+02;-1.3666579e-01;1.0750000e+02;-1.7817135e-01;1.0750000e+02;-8.4671915e-02;1.0750000e+02;-7.6973863e-02;1.0750000e+02;-4.5606129e-02;1.0750000e+02;5.1048473e-03;1.0750000e+02;6.1321206e-02;1.0750000e+02;1.2712774e-01;1.0750000e+02;1.8568952e-01;1.0750000e+02;2.1455410e-01;1.0750000e+02;2.0225102e-01;1.0750000e+02;2.0866072e-01;1.0750000e+02;1.5718016e-01;1.0750000e+02;9.6042521e-02;1.0750000e+02;4.2059533e-02;1.0750000e+02;-5.8471113e-03;1.0750000e+02;-4.9980059e-02;1.0750000e+02;-9.3429245e-02;1.0750000e+02;-1.3666579e-01;1.0750000e+02;-1.7817135e-01;1.0750000e+02;-8.4671915e-02;1.0750000e+02;-7.6973863e-02;1.0750000e+02;-4.5606129e-02;1.0750000e+02;5.1048473e-03;1.0750000e+02;6.1321206e-02;1.0750000e+02;1.2712774e-01;1.0750000e+02;1.8568952e-01;1.0750000e+02;2.1455410e-01;1.0750000e+02;2.0225102e-01;1.0750000e+02;2.0866072e-01;1.0750000e+02;1.5718016e-01;1.0750000e+02;9.6042521e-02;1.0750000e+02;4.2059533e-02;1.0750000e+02;-5.8471113e-03;1.0750000e+02;-4.9980059e-02;1.0750000e+02;-9.3429245e-02;1.0750000e+02;-1.3666579e-01;1.0750000e+02;-1.7817135e-01;1.0750000e+02;-8.4671915e-02;1.0750000e+02;-7.6973863e-02;1.0750000e+02;-4.5606129e-02;1.0750000e+02;5.1048473e-03;1.0750000e+02;6.1321206e-02;1.0750000e+02;1.2712774e-01;1.0750000e+02;1.8568952e-01;1.0750000e+02;2.1455410e-01;1.0750000e+02;2.0225102e-01;1.0750000e+02;2.0866072e-01;1.0750000e+02;1.5718016e-01;1.0750000e+02;9.6042521e-02;1.0750000e+02;4.2059533e-02;1.0750000e+02;-5.8471113e-03;1.0750000e+02;-4.9980059e-02;1.0750000e+02;-9.3429245e-02;1.0750000e+02;-1.3666579e-01;1.0750000e+02;-1.7817135e-01;1.0750000e+02;-8.4671915e-02;1.0750000e+02;-7.6973863e-02;1.0750000e+02;-4.5606129e-02;1.0750000e+02;5.1048473e-03;1.0750000e+02;6.1321206e-02;1.0750000e+02;1.2712774e-01;1.0750000e+02;1.8568952e-01;1.0750000e+02;2.1455410e-01;1.0750000e+02;2.0225102e-01;1.0750000e+02;2.0866072e-01;1.0750000e+02;1.5718016e-01;1.0750000e+02;9.6042521e-02;1.0750000e+02;4.2059533e-02;1.0750000e+02;-5.8471113e-03;1.0750000e+02;-4.9980059e-02;1.0750000e+02;-9.3429245e-02;1.0750000e+02;-1.3666579e-01;1.0750000e+02;-1.7817135e-01;1.0750000e+02;-8.4671915e-02;1.0750000e+02;-7.6973863e-02;1.0750000e+02;-4.5606129e-02;1.0750000e+02;5.1048473e-03;1.0750000e+02;6.1321206e-02;1.0750000e+02;1.2712774e-01;1.0750000e+02;1.8568952e-01;1.0750000e+02;2.1455410e-01;1.0750000e+02;2.0225102e-01;1.0750000e+02;2.0866072e-01;1.0750000e+02;1.5718016e-01;1.0750000e+02;9.6042521e-02;1.0750000e+02;4.2059533e-02;1.0750000e+02;-5.8471113e-03;1.0750000e+02;-4.9980059e-02;1.0750000e+02;-9.3429245e-02;1.0750000e+02;-1.3666579e-01;1.0750000e+02;-1.7817135e-01;1.0750000e+02;-8.4671915e-02;1.0750000e+02;-7.6973863e-02;1.0750000e+02;-4.5606129e-02;1.0750000e+02;5.1048473e-03;1.0750000e+02;6.1321206e-02;1.0750000e+02;1.2712774e-01;1.0750000e+02;1.8568952e-01;1.0750000e+02;2.1455410e-01;1.0750000e+02;2.0225102e-01;1.0750000e+02;2.0866072e-01;1.0750000e+02;1.5718016e-01;1.0750000e+02;9.6042521e-02;1.0750000e+02;4.2059533e-02;1.0750000e+02;-5.8471113e-03;1.0750000e+02;-4.9980059e-02;1.0750000e+02;-9.3429245e-02;1.0750000e+02;-1.3666579e-01;1.0750000e+02;-1.7817135e-01;1.0750000e+02;-8.4671915e-02;1.0750000e+02;-7.6973863e-02;1.0750000e+02;-4.5606129e-02;1.0750000e+02;5.1048473e-03;1.0750000e+02;6.1321206e-02;1.0750000e+02;1.2712774e-01;1.0750000e+02;1.8568952e-01;1.0750000e+02;2.1455410e-01;1.0750000e+02;2.0225102e-01;1.0750000e+02;2.0866072e-01;1.0750000e+02;1.5718016e-01;1.0750000e+02;9.6042521e-02;1.0750000e+02;4.2059533e-02;1.0750000e+02;-5.8471113e-03;1.0750000e+02;-4.9980059e-02;1.0750000e+02;-9.3429245e-02;1.0750000e+02;-1.3666579e-01;1.0750000e+02;-1.7817135e-01;1.0750000e+02;-8.4671915e-02;1.0750000e+02;-7.6973863e-02;1.0750000e+02;-4.5606129e-02;1.0750000e+02;5.1048473e-03;1.0750000e+02;6.1321206e-02;1.0750000e+02;1.2712774e-01;1.0750000e+02;1.8568952e-01;1.0750000e+02;2.1455410e-01;1.0750000e+02;2.0225102e-01;1.0750000e+02;2.0866072e-01;1.0750000e+02;1.5718016e-01;1.0750000e+02;9.6042521e-02;1.0750000e+02;4.2059533e-02;1.0750000e+02;-5.8471113e-03;1.0750000e+02;-4.9980059e-02;1.0750000e+02;-9.3429245e-02;1.0750000e+02;-1.3666579e-01;1.0750000e+02;-1.7817135e-01;1.0750000e+02;-8.4671915e-02;1.0750000e+02;-7.6973863e-02;1.0750000e+02;-4.5606129e-02;1.0750000e+02;5.1048473e-03;1.0750000e+02;6.1321206e-02;1.0750000e+02;1.2712774e-01;1.0750000e+02;1.8568952e-01;1.0750000e+02;2.1455410e-01;1.0750000e+02;2.0225102e-01;1.0750000e+02;2.0866072e-01;1.0750000e+02;1.5718016e-01;1.0750000e+02;9.6042521e-02;1.0750000e+02;4.2059533e-02;1.0750000e+02;-5.8471113e-03;1.0750000e+02;-4.9980059e-02;1.0750000e+02;-9.3429245e-02;1.0750000e+02;-1.3666579e-01;1.0750000e+02;-1.7817135e-01;1.0750000e+02;-8.4671915e-02;1.0750000e+02;-7.6973863e-02;1.0750000e+02;-4.5606129e-02;1.0750000e+02;5.1048473e-03;1.0750000e+02;6.1321206e-02;1.0750000e+02;1.2712774e-01;1.0750000e+02;1.8568952e-01;1.0750000e+02;2.1455410e-01;1.0750000e+02;2.0225102e-01;1.0750000e+02;2.0866072e-01;1.0750000e+02;1.5718016e-01;1.0750000e+02;9.6042521e-02;1.0750000e+02;4.2059533e-02;1.0750000e+02;-5.8471113e-03;1.0750000e+02;-4.9980059e-02;1.0750000e+02;-9.3429245e-02;1.0750000e+02;-1.3666579e-01;1.0750000e+02;-1.7817135e-01;1.0750000e+02;-8.4671915e-02;1.0750000e+02;-7.6973863e-02;1.0750000e+02;-4.5606129e-02;1.0750000e+02;5.1048473e-03;1.0750000e+02;6.1321206e-02;1.0750000e+02;1.2712774e-01;1.0750000e+02;1.8568952e-01;1.0750000e+02;2.1455410e-01;1.0750000e+02;2.0225102e-01;1.0750000e+02;2.0866072e-01;1.0750000e+02;1.5718016e-01;1.0750000e+02;9.6042521e-02;1.0750000e+02;4.2059533e-02;1.0750000e+02;-5.8471113e-03;1.0750000e+02;-4.9980059e-02;1.0750000e+02;-9.3429245e-02;1.0750000e+02;-1.3666579e-01;1.0750000e+02;-1.7817135e-01;1.0750000e+02;-8.4671915e-02;1.0750000e+02;-7.6973863e-02;1.0750000e+02;-4.5606129e-02;1.0750000e+02;5.1048473e-03;1.0750000e+02;6.1321206e-02;1.0750000e+02;1.2712774e-01;1.0750000e+02;1.8568952e-01;1.0750000e+02;2.1455410e-01;1.0750000e+02;2.0225102e-01;1.0750000e+02;2.0866072e-01;1.0750000e+02;1.5718016e-01;1.0750000e+02;9.6042521e-02;1.0750000e+02;4.2059533e-02;1.0750000e+02;-5.8471113e-03;1.0750000e+02;-4.9980059e-02;1.0750000e+02;-9.3429245e-02;1.0750000e+02;-1.3666579e-01;1.0750000e+02;-1.7817135e-01;1.0750000e+02;-8.4671915e-02;1.0750000e+02;-7.6973863e-02;1.0750000e+02;-4.5606129e-02;1.0750000e+02;5.1048473e-03;1.0750000e+02;6.1321206e-02;1.0750000e+02;1.2712774e-01;1.0750000e+02;1.8568952e-01;1.0750000e+02;2.1455410e-01;1.0750000e+02;2.0225102e-01;1.0750000e+02;2.0866072e-01;1.0750000e+02;1.5718016e-01;1.0750000e+02;9.6042521e-02;1.0750000e+02;4.2059533e-02;1.0750000e+02;-5.8471113e-03;1.0750000e+02;-4.9980059e-02;1.0750000e+02;-9.3429245e-02;1.0750000e+02;-1.3666579e-01;1.0750000e+02;-1.7817135e-01;1.0750000e+02;-8.4671915e-02;1.0750000e+02;-7.6973863e-02;1.0750000e+02;-4.5606129e-02;1.0750000e+02;5.1048473e-03;1.0750000e+02;6.1321206e-02;1.0750000e+02;1.2712774e-01;1.0750000e+02;1.8568952e-01;1.0750000e+02;2.1455410e-01;1.0750000e+02;2.0225102e-01;1.0750000e+02;2.0866072e-01;1.0750000e+02;1.5718016e-01;1.0750000e+02;9.6042521e-02;1.0750000e+02;4.2059533e-02;1.0750000e+02;-5.8471113e-03;1.0750000e+02;-4.9980059e-02;1.0750000e+02;-9.3429245e-02;1.0750000e+02;-1.3666579e-01;1.0750000e+02;-1.7817135e-01;1.0750000e+02;-8.4671915e-02;1.0750000e+02;-7.6973863e-02;1.0750000e+02;-4.5606129e-02;1.0750000e+02;5.1048473e-03;1.0750000e+02;6.1321206e-02;1.0750000e+02;1.2712774e-01;1.0750000e+02;1.8568952e-01;1.0750000e+02;2.1455410e-01;1.0750000e+02;2.0225102e-01;1.0750000e+02;2.0866072e-01;1.0750000e+02;1.5718016e-01;1.0750000e+02;9.6042521e-02;1.0750000e+02;4.2059533e-02;1.0750000e+02;-5.8471113e-03;1.0750000e+02;-4.9980059e-02;1.0750000e+02;-9.3429245e-02;1.0750000e+02;-1.3666579e-01;1.0750000e+02;-1.7817135e-01;1.0750000e+02;-8.4671915e-02;1.0750000e+02;-7.6973863e-02;1.0750000e+02;-4.5606129e-02;1.0750000e+02;5.1048473e-03;1.0750000e+02;6.1321206e-02;1.0750000e+02;1.2712774e-01;1.0750000e+02;1.8568952e-01;1.0750000e+02;2.1455410e-01;1.0750000e+02;2.0225102e-01;1.0750000e+02;2.0866072e-01;1.0750000e+02;1.5718016e-01;1.0750000e+02;9.6042521e-02;1.0750000e+02;4.2059533e-02;1.0750000e+02;-5.8471113e-03;1.0750000e+02;-4.9980059e-02;1.0750000e+02;-9.3429245e-02;1.0750000e+02;-1.3666579e-01;1.0750000e+02;-1.7817135e-01;1.0750000e+02;-8.4671915e-02;1.0750000e+02;-7.6973863e-02;1.0750000e+02;-4.5606129e-02;1.0750000e+02;5.1048473e-03;1.0750000e+02;6.1321206e-02;1.0750000e+02;1.2712774e-01;1.0750000e+02;1.8568952e-01;1.0750000e+02;2.1455410e-01;1.0750000e+02;2.0225102e-01;1.0750000e+02;2.0866072e-01;1.0750000e+02;1.5718016e-01;1.0750000e+02;9.6042521e-02;1.0750000e+02;4.2059533e-02;1.0750000e+02;-5.8471113e-03;1.0750000e+02;-4.9980059e-02;1.0750000e+02;-9.3429245e-02;1.0750000e+02;-1.3666579e-01;1.0750000e+02;-1.7817135e-01;1.0750000e+02;-8.4671915e-02;1.0750000e+02;-7.6973863e-02;1.0750000e+02;-4.5606129e-02;1.0750000e+02;5.1048473e-03;1.0750000e+02;6.1321206e-02;1.0750000e+02;1.2712774e-01;1.0750000e+02;1.8568952e-01;1.0750000e+02;2.1455410e-01;1.0750000e+02;2.0225102e-01;1.0750000e+02;2.0866072e-01;1.0750000e+02;1.5718016e-01;1.0750000e+02;9.6042521e-02;1.0750000e+02;4.2059533e-02;1.0750000e+02;-5.8471113e-03;1.0750000e+02;-4.9980059e-02;1.0750000e+02;-9.3429245e-02;1.0750000e+02;-1.3666579e-01;1.0750000e+02;-1.7817135e-01;1.0750000e+02;-8.4671915e-02;1.0750000e+02;-7.6973863e-02;1.0750000e+02;-4.5606129e-02;1.0750000e+02;5.1048473e-03;1.0750000e+02;6.1321206e-02;1.0750000e+02;1.2712774e-01;1.0750000e+02;1.8568952e-01;1.0750000e+02;2.1455410e-01;1.0750000e+02;2.0225102e-01;1.0750000e+02;2.0866072e-01;1.0750000e+02;1.5718016e-01;1.0750000e+02;9.6042521e-02;1.0750000e+02;4.2059533e-02;1.0750000e+02;-5.8471113e-03;1.0750000e+02;-4.9980059e-02;1.0750000e+02;-9.3429245e-02;1.0750000e+02;-1.3666579e-01;1.0750000e+02;-1.7817135e-01;1.0750000e+02;-8.4671915e-02;1.0750000e+02;-7.6973863e-02;1.0750000e+02;-4.5606129e-02;1.0750000e+02;5.1048473e-03;1.0750000e+02;6.1321206e-02;1.0750000e+02;1.2712774e-01;1.0750000e+02;1.8568952e-01;1.0750000e+02;2.1455410e-01;1.0750000e+02;2.0225102e-01;1.0750000e+02;2.0866072e-01;1.0750000e+02;1.5718016e-01;1.0750000e+02;9.6042521e-02;1.0750000e+02;4.2059533e-02;1.0750000e+02;-5.8471113e-03;1.0750000e+02;-4.9980059e-02;1.0750000e+02;-9.3429245e-02;1.0750000e+02;-1.3666579e-01;1.0750000e+02;-1.7817135e-01;1.0750000e+02;-8.4671915e-02;1.0750000e+02;-7.6973863e-02;1.0750000e+02;-4.5606129e-02;1.0750000e+02;5.1048473e-03;1.0750000e+02;6.1321206e-02;1.0750000e+02;1.2712774e-01;1.0750000e+02;1.8568952e-01;1.0750000e+02;2.1455410e-01;1.0750000e+02;2.0225102e-01;1.0750000e+02;2.0866072e-01;1.0750000e+02;1.5718016e-01;1.0750000e+02;9.6042521e-02;1.0750000e+02;4.2059533e-02;1.0750000e+02;-5.8471113e-03;1.0750000e+02;-4.9980059e-02;1.0750000e+02;-9.3429245e-02;1.0750000e+02;-1.3666579e-01;1.0750000e+02;-1.7817135e-01;1.0750000e+02;-8.4671915e-02;1.0750000e+02;-7.6973863e-02;1.0750000e+02;-4.5606129e-02;1.0750000e+02;5.1048473e-03;1.0750000e+02;6.1321206e-02;1.0750000e+02;1.2712774e-01;1.0750000e+02;1.8568952e-01;1.0750000e+02;2.1455410e-01;1.0750000e+02;2.0225102e-01;1.0750000e+02;2.0866072e-01;1.0750000e+02;1.5718016e-01;1.0750000e+02;9.6042521e-02;1.0750000e+02;4.2059533e-02;1.0750000e+02;-5.8471113e-03;1.0750000e+02;-4.9980059e-02;1.0750000e+02;-9.3429245e-02;1.0750000e+02;-1.3666579e-01;1.0750000e+02;-1.7817135e-01;1.0750000e+02;-8.4671915e-02;1.0750000e+02;-7.6973863e-02;1.0750000e+02;-4.5606129e-02;1.0750000e+02;5.1048473e-03;1.0750000e+02;6.1321206e-02;1.0750000e+02;1.2712774e-01;1.0750000e+02;1.8568952e-01;1.0750000e+02;2.1455410e-01;1.0750000e+02;2.0225102e-01;1.0750000e+02;2.0866072e-01;1.0750000e+02;1.5718016e-01;1.0750000e+02;9.6042521e-02;1.0750000e+02;4.2059533e-02;1.0750000e+02;-5.8471113e-03;1.0750000e+02;-4.9980059e-02;1.0750000e+02;-9.3429245e-02;1.0750000e+02;-1.3666579e-01;1.0750000e+02;-1.7817135e-01;1.0750000e+02;-8.4671915e-02;1.0750000e+02;-7.6973863e-02;1.0750000e+02;-4.5606129e-02;1.0750000e+02;5.1048473e-03;1.0750000e+02;6.1321206e-02;1.0750000e+02;1.2712774e-01;1.0750000e+02;1.8568952e-01;1.0750000e+02;2.1455410e-01;1.0750000e+02;2.0225102e-01;1.0750000e+02;2.0866072e-01;1.0750000e+02;1.5718016e-01;1.0750000e+02;9.6042521e-02;1.0750000e+02;4.2059533e-02;1.0750000e+02;-5.8471113e-03;1.0750000e+02;-4.9980059e-02;1.0750000e+02;-9.3429245e-02;1.0750000e+02;-1.3666579e-01;1.0750000e+02;-1.7817135e-01;1.0750000e+02;-8.4671915e-02;1.0750000e+02;-7.6973863e-02;1.0750000e+02;-4.5606129e-02;1.0750000e+02;5.1048473e-03;1.0750000e+02;6.1321206e-02;1.0750000e+02;1.2712774e-01;1.0750000e+02;1.8568952e-01;1.0750000e+02;2.1455410e-01;1.0750000e+02;2.0225102e-01;1.0750000e+02;2.0866072e-01;1.0750000e+02;1.5718016e-01;1.0750000e+02;9.6042521e-02;1.0750000e+02;4.2059533e-02;1.0750000e+02;-5.8471113e-03;1.0750000e+02;-4.9980059e-02;1.0750000e+02;-9.3429245e-02;1.0750000e+02;-1.3666579e-01;1.0750000e+02;-1.7817135e-01;1.0750000e+02;-8.4671915e-02;1.0750000e+02;-7.6973863e-02;1.0750000e+02;-4.5606129e-02;1.0750000e+02;5.1048473e-03;1.0750000e+02;6.1321206e-02;1.0750000e+02;1.2712774e-01;1.0750000e+02;1.8568952e-01;1.0750000e+02;2.1455410e-01;1.0750000e+02;2.0225102e-01;1.0750000e+02;2.0866072e-01;1.0750000e+02;1.5718016e-01;1.0750000e+02;9.6042521e-02;1.0750000e+02;4.2059533e-02;1.0750000e+02;-5.8471113e-03;1.0750000e+02;-4.9980059e-02;1.0750000e+02;-9.3429245e-02;1.0750000e+02;-1.3666579e-01;1.0750000e+02;-1.7817135e-01;1.0750000e+02;-8.4671915e-02;1.0750000e+02;-7.6973863e-02;1.0750000e+02;-4.5606129e-02;1.0750000e+02;5.1048473e-03;1.0750000e+02;6.1321206e-02;1.0750000e+02;1.2712774e-01;1.0750000e+02;1.8568952e-01;1.0750000e+02;2.1455410e-01;1.0750000e+02;2.0225102e-01;1.0750000e+02;2.0866072e-01;1.0750000e+02;1.5718016e-01;1.0750000e+02;9.6042521e-02;1.0750000e+02;4.2059533e-02;1.0750000e+02;-5.8471113e-03;1.0750000e+02;-4.9980059e-02;1.0750000e+02;-9.3429245e-02;1.0750000e+02;-1.3666579e-01;1.0750000e+02;-1.7817135e-01;1.0750000e+02;-8.4671915e-02;1.0750000e+02;-7.6973863e-02;1.0750000e+02;-4.5606129e-02;1.0750000e+02;5.1048473e-03;1.0750000e+02;6.1321206e-02;1.0750000e+02;1.2712774e-01;1.0750000e+02;1.8568952e-01;1.0750000e+02;2.1455410e-01;1.0750000e+02;2.0225102e-01;1.0750000e+02;2.0866072e-01;1.0750000e+02;1.5718016e-01;1.0750000e+02;9.6042521e-02;1.0750000e+02;4.2059533e-02;1.0750000e+02;-5.8471113e-03;1.0750000e+02;-4.9980059e-02;1.0750000e+02;-9.3429245e-02;1.0750000e+02;-1.3666579e-01;1.0750000e+02;-1.7817135e-01;1.0750000e+02;-8.4671915e-02;1.0750000e+02;-7.6973863e-02;1.0750000e+02;-4.5606129e-02;1.0750000e+02;5.1048473e-03;1.0750000e+02;6.1321206e-02;1.0750000e+02;1.2712774e-01;1.0750000e+02;1.8568952e-01;1.0750000e+02;2.1455410e-01;1.0750000e+02;2.0225102e-01;1.0750000e+02;2.0866072e-01;1.0750000e+02;1.5718016e-01;1.0750000e+02;9.6042521e-02;1.0750000e+02;4.2059533e-02;1.0750000e+02;-5.8471113e-03;1.0750000e+02;-4.9980059e-02;1.0750000e+02;-9.3429245e-02;1.0750000e+02;-1.3666579e-01;1.0750000e+02;-1.7817135e-01;1.0750000e+02;-8.4671915e-02;1.0750000e+02;-7.6973863e-02;1.0750000e+02;-4.5606129e-02;1.0750000e+02;5.1048473e-03;1.0750000e+02;6.1321206e-02;1.0750000e+02;1.2712774e-01;1.0750000e+02;1.8568952e-01;1.0750000e+02;2.1455410e-01;1.0750000e+02;2.0225102e-01;1.0750000e+02;2.0866072e-01;1.0750000e+02;1.5718016e-01;1.0750000e+02;9.6042521e-02;1.0750000e+02;4.2059533e-02;1.0750000e+02;-5.8471113e-03;1.0750000e+02;-4.9980059e-02;1.0750000e+02;-9.3429245e-02;1.0750000e+02;-1.3666579e-01;1.0750000e+02;-1.7817135e-01;1.0750000e+02;-8.4671915e-02;1.0750000e+02;-7.6973863e-02;1.0750000e+02;-4.5606129e-02;1.0750000e+02;5.1048473e-03;1.0750000e+02;6.1321206e-02;1.0750000e+02;1.2712774e-01;1.0750000e+02;1.8568952e-01;1.0750000e+02;2.1455410e-01;1.0750000e+02;2.0225102e-01;1.0750000e+02;2.0866072e-01;1.0750000e+02;1.5718016e-01;1.0750000e+02;9.6042521e-02;1.0750000e+02;4.2059533e-02;1.0750000e+02;-5.8471113e-03;1.0750000e+02;-4.9980059e-02;1.0750000e+02;-9.3429245e-02;1.0750000e+02;-1.3666579e-01;1.0750000e+02;-1.7817135e-01;1.0750000e+02;-8.4671915e-02;1.0750000e+02;-7.6973863e-02;1.0750000e+02;-4.5606129e-02;1.0750000e+02;5.1048473e-03;1.0750000e+02;6.1321206e-02;1.0750000e+02;1.2712774e-01;1.0750000e+02;1.8568952e-01;1.0750000e+02;2.1455410e-01;1.0750000e+02;2.0225102e-01;1.0750000e+02;2.0866072e-01;1.0750000e+02;1.5718016e-01;1.0750000e+02;9.6042521e-02;1.0750000e+02;4.2059533e-02;1.0750000e+02;-5.8471113e-03;1.0750000e+02;-4.9980059e-02;1.0750000e+02;-9.3429245e-02;1.0750000e+02;-1.3666579e-01;1.0750000e+02;-1.7817135e-01;1.0750000e+02;-8.4671915e-02;1.0750000e+02;-7.6973863e-02;1.0750000e+02;-4.5606129e-02;1.0750000e+02;5.1048473e-03;1.0750000e+02;6.1321206e-02;1.0750000e+02;1.2712774e-01;1.0750000e+02;1.8568952e-01;1.0750000e+02;2.1455410e-01;1.0750000e+02;2.0225102e-01;1.0750000e+02;2.0866072e-01;1.0750000e+02;1.5718016e-01;1.0750000e+02;9.6042521e-02;1.0750000e+02;4.2059533e-02;1.0750000e+02;-5.8471113e-03;1.0750000e+02;-4.9980059e-02;1.0750000e+02;-9.3429245e-02;1.0750000e+02;-1.3666579e-01;1.0750000e+02;-1.7817135e-01;1.0750000e+02;-8.4671915e-02;1.0750000e+02;-7.6973863e-02;1.0750000e+02;-4.5606129e-02;1.0750000e+02;5.1048473e-03;1.0750000e+02;6.1321206e-02;1.0750000e+02;1.2712774e-01;1.0750000e+02;1.8568952e-01;1.0750000e+02;2.1455410e-01;1.0750000e+02;2.0225102e-01;1.0750000e+02;2.0866072e-01;1.0750000e+02;1.5718016e-01;1.0750000e+02;9.6042521e-02;1.0750000e+02;4.2059533e-02;1.0750000e+02;-5.8471113e-03;1.0750000e+02;-4.9980059e-02;1.0750000e+02;-9.3429245e-02;1.0750000e+02;-1.3666579e-01;1.0750000e+02;-1.7817135e-01;1.0750000e+02;-8.4671915e-02;1.0750000e+02;-7.6973863e-02;1.0750000e+02;-4.5606129e-02;1.0750000e+02;5.1048473e-03;1.0750000e+02;6.1321206e-02;1.0750000e+02;1.2712774e-01;1.0750000e+02;1.8568952e-01;1.0750000e+02;2.1455410e-01;1.0750000e+02;2.0225102e-01;1.0750000e+02;2.0866072e-01;1.0750000e+02;1.5718016e-01;1.0750000e+02;9.6042521e-02;1.0750000e+02;4.2059533e-02;1.0750000e+02;-5.8471113e-03;1.0750000e+02;-4.9980059e-02;1.0750000e+02;-9.3429245e-02;1.0750000e+02;-1.3666579e-01;1.0750000e+02;-1.7817135e-01;1.0750000e+02;-8.4671915e-02;1.0750000e+02;-7.6973863e-02;1.0750000e+02;-4.5606129e-02;1.0750000e+02;5.1048473e-03;1.0750000e+02;6.1321206e-02;1.0750000e+02;1.2712774e-01;1.0750000e+02;1.8568952e-01;1.0750000e+02;2.1455410e-01;1.0750000e+02;2.0225102e-01;1.0750000e+02;2.0866072e-01;1.0750000e+02;1.5718016e-01;1.0750000e+02;9.6042521e-02;1.0750000e+02;4.2059533e-02;1.0750000e+02;-5.8471113e-03;1.0750000e+02;-4.9980059e-02;1.0750000e+02;-9.3429245e-02;1.0750000e+02;-1.3666579e-01;1.0750000e+02;-1.7817135e-01;1.0750000e+02;-8.4671915e-02;1.0750000e+02;-7.6973863e-02;1.0750000e+02;-4.5606129e-02;1.0750000e+02;5.1048473e-03;1.0750000e+02;6.1321206e-02;1.0750000e+02;1.2712774e-01;1.0750000e+02;1.8568952e-01;1.0750000e+02;2.1455410e-01;1.0750000e+02;2.0225102e-01;1.0750000e+02;2.0866072e-01;1.0750000e+02;1.5718016e-01;1.0750000e+02;9.6042521e-02;1.0750000e+02;4.2059533e-02;1.0750000e+02;-5.8471113e-03;1.0750000e+02;-4.9980059e-02;1.0750000e+02;-9.3429245e-02;1.0750000e+02;-1.3666579e-01;1.0750000e+02;-1.7817135e-01;1.0750000e+02;-8.4671915e-02;1.0750000e+02;-7.6973863e-02;1.0750000e+02;-4.5606129e-02;1.0750000e+02;5.1048473e-03;1.0750000e+02;6.1321206e-02;1.0750000e+02;1.2712774e-01;1.0750000e+02;1.8568952e-01;1.0750000e+02;2.1455410e-01;1.0750000e+02;2.0225102e-01;1.0750000e+02;2.0866072e-01;1.0750000e+02;1.5718016e-01;1.0750000e+02;9.6042521e-02;1.0750000e+02;4.2059533e-02;1.0750000e+02;-5.8471113e-03;1.0750000e+02;-4.9980059e-02;1.0750000e+02;-9.3429245e-02;1.0750000e+02;-1.3666579e-01;1.0750000e+02;-1.7817135e-01;1.0750000e+02;-8.4671915e-02;1.0750000e+02;-7.6973863e-02;1.0750000e+02;-4.5606129e-02;1.0750000e+02;5.1048473e-03;1.0750000e+02;6.1321206e-02;1.0750000e+02;1.2712774e-01;1.0750000e+02;1.8568952e-01;1.0750000e+02;2.1455410e-01;1.0750000e+02;2.0225102e-01;1.0750000e+02;2.0866072e-01;1.0750000e+02;1.5718016e-01;1.0750000e+02;9.6042521e-02;1.0750000e+02;4.2059533e-02;1.0750000e+02;-5.8471113e-03;1.0750000e+02;-4.9980059e-02;1.0750000e+02;-9.3429245e-02;1.0750000e+02;-1.3666579e-01;1.0750000e+02;-1.7817135e-01;1.0750000e+02;-8.4671915e-02;1.0750000e+02;-7.6973863e-02;1.0750000e+02;-4.5606129e-02;1.0750000e+02;5.1048473e-03;1.0750000e+02;6.1321206e-02;1.0750000e+02;1.2712774e-01;1.0750000e+02;1.8568952e-01;1.0750000e+02;2.1455410e-01;1.0750000e+02;2.0225102e-01;1.0750000e+02;2.0866072e-01;1.0750000e+02;1.5718016e-01;1.0750000e+02;9.6042521e-02;1.0750000e+02;4.2059533e-02;1.0750000e+02;-5.8471113e-03;1.0750000e+02;-4.9980059e-02;1.0750000e+02;-9.3429245e-02;1.0750000e+02;-1.3666579e-01;1.0750000e+02;-1.7817135e-01;1.0750000e+02;-8.4671915e-02;1.0750000e+02;-7.6973863e-02;1.0750000e+02;-4.5606129e-02;1.0750000e+02;5.1048473e-03;1.0750000e+02;6.1321206e-02;1.0750000e+02;1.2712774e-01;1.0750000e+02;1.8568952e-01;1.0750000e+02;2.1455410e-01;1.0750000e+02;2.0225102e-01;1.0750000e+02;2.0866072e-01;1.0750000e+02;1.5718016e-01;1.0750000e+02;9.6042521e-02;1.0750000e+02;4.2059533e-02;1.0750000e+02;-5.8471113e-03;1.0750000e+02;-4.9980059e-02;1.0750000e+02;-9.3429245e-02;1.0750000e+02;-1.3666579e-01;1.0750000e+02;-1.7817135e-01;1.0750000e+02;-8.4671915e-02;1.0750000e+02;-7.6973863e-02;1.0750000e+02;-4.5606129e-02;1.0750000e+02;5.1048473e-03;1.0750000e+02;6.1321206e-02;1.0750000e+02;1.2712774e-01;1.0750000e+02;1.8568952e-01;1.0750000e+02;2.1455410e-01;1.0750000e+02;2.0225102e-01;1.0750000e+02;2.0866072e-01;1.0750000e+02;1.5718016e-01;1.0750000e+02;9.6042521e-02;1.0750000e+02;4.2059533e-02;1.0750000e+02;-5.8471113e-03;1.0750000e+02;-4.9980059e-02;1.0750000e+02;-9.3429245e-02;1.0750000e+02;-1.3666579e-01;1.0750000e+02;-1.7817135e-01;1.0750000e+02;-8.4671915e-02;1.0750000e+02;-7.6973863e-02;1.0750000e+02;-4.5606129e-02;1.0750000e+02;5.1048473e-03;1.0750000e+02;6.1321206e-02;1.0750000e+02;1.2712774e-01;1.0750000e+02;1.8568952e-01;1.0750000e+02;2.1455410e-01;1.0750000e+02;2.0225102e-01;1.0750000e+02;2.0866072e-01;1.0750000e+02;1.5718016e-01;1.0750000e+02;9.6042521e-02;1.0750000e+02;4.2059533e-02;1.0750000e+02;-5.8471113e-03;1.0750000e+02;-4.9980059e-02;1.0750000e+02;-9.3429245e-02;1.0750000e+02;-1.3666579e-01;1.0750000e+02;-1.7817135e-01;1.0750000e+02;-8.4671915e-02;1.0750000e+02;-7.6973863e-02;1.0750000e+02;-4.5606129e-02;1.0750000e+02;5.1048473e-03;1.0750000e+02;6.1321206e-02;1.0750000e+02;1.2712774e-01;1.0750000e+02;1.8568952e-01;1.0750000e+02;2.1455410e-01;1.0750000e+02;2.0225102e-01;1.0750000e+02;2.0866072e-01;1.0750000e+02;1.5718016e-01;1.0750000e+02;9.6042521e-02;1.0750000e+02;4.2059533e-02;1.0750000e+02;-5.8471113e-03;1.0750000e+02;-4.9980059e-02;1.0750000e+02;-9.3429245e-02;1.0750000e+02;-1.3666579e-01;1.0750000e+02;-1.7817135e-01;1.0750000e+02;-8.4671915e-02;1.0750000e+02;-7.6973863e-02;1.0750000e+02;-4.5606129e-02;1.0750000e+02;5.1048473e-03;1.0750000e+02;6.1321206e-02;1.0750000e+02;1.2712774e-01;1.0750000e+02;1.8568952e-01;1.0750000e+02;2.1455410e-01;1.0750000e+02;2.0225102e-01;1.0750000e+02;2.0866072e-01;1.0750000e+02;1.5718016e-01;1.0750000e+02;9.6042521e-02;1.0750000e+02;4.2059533e-02;1.0750000e+02;-5.8471113e-03;1.0750000e+02;-4.9980059e-02;1.0750000e+02;-9.3429245e-02;1.0750000e+02;-1.3666579e-01;1.0750000e+02;-1.7817135e-01;1.0750000e+02;-8.4671915e-02;1.0750000e+02;-7.6973863e-02;1.0750000e+02;-4.5606129e-02;1.0750000e+02;5.1048473e-03;1.0750000e+02;6.1321206e-02;1.0750000e+02;1.2712774e-01;1.0750000e+02;1.8568952e-01;1.0750000e+02;2.1455410e-01;1.0750000e+02;2.0225102e-01;1.0750000e+02;2.0866072e-01;1.0750000e+02;1.5718016e-01;1.0750000e+02;9.6042521e-02;1.0750000e+02;4.2059533e-02;1.0750000e+02;-5.8471113e-03;1.0750000e+02;-4.9980059e-02;1.0750000e+02;-9.3429245e-02;1.0750000e+02;-1.3666579e-01;1.0750000e+02;-1.7817135e-01;1.0750000e+02;-8.4671915e-02;1.0750000e+02;-7.6973863e-02;1.0750000e+02;-4.5606129e-02;1.0750000e+02;5.1048473e-03;1.0750000e+02;6.1321206e-02;1.0750000e+02;1.2712774e-01;1.0750000e+02;1.8568952e-01;1.0750000e+02;2.1455410e-01;1.0750000e+02;2.0225102e-01;1.0750000e+02;2.0866072e-01;1.0750000e+02;1.5718016e-01;1.0750000e+02;9.6042521e-02;1.0750000e+02;4.2059533e-02;1.0750000e+02;-5.8471113e-03;1.0750000e+02;-4.9980059e-02;1.0750000e+02;-9.3429245e-02;1.0750000e+02;-1.3666579e-01;1.0750000e+02;-1.7817135e-01;1.0750000e+02;-8.4671915e-02;1.0750000e+02;-7.6973863e-02;1.0750000e+02;-4.5606129e-02;1.0750000e+02;5.1048473e-03;1.0750000e+02;6.1321206e-02;1.0750000e+02;1.2712774e-01;1.0750000e+02;1.8568952e-01;1.0750000e+02;2.1455410e-01;1.0750000e+02;2.0225102e-01;1.0750000e+02;2.0866072e-01;1.0750000e+02;1.5718016e-01;1.0750000e+02;9.6042521e-02;1.0750000e+02;4.2059533e-02;1.0750000e+02;-5.8471113e-03;1.0750000e+02;-4.9980059e-02;1.0750000e+02;-9.3429245e-02;1.0750000e+02;-1.3666579e-01;1.0750000e+02;-1.7817135e-01;1.0750000e+02;-8.4671915e-02;1.0750000e+02;-7.6973863e-02;1.0750000e+02;-4.5606129e-02;1.0750000e+02;5.1048473e-03;1.0750000e+02;6.1321206e-02;1.0750000e+02;1.2712774e-01;1.0750000e+02;1.8568952e-01;1.0750000e+02;2.1455410e-01;1.0750000e+02;2.0225102e-01;1.0750000e+02;2.0866072e-01;1.0750000e+02;1.5718016e-01;1.0750000e+02;9.6042521e-02;1.0750000e+02;4.2059533e-02;1.0750000e+02;-5.8471113e-03;1.0750000e+02;-4.9980059e-02;1.0750000e+02;-9.3429245e-02;1.0750000e+02;-1.3666579e-01;1.0750000e+02;-1.7817135e-01;1.0750000e+02;-8.4671915e-02;1.0750000e+02;-7.6973863e-02;1.0750000e+02;-4.5606129e-02;1.0750000e+02;5.1048473e-03;1.0750000e+02;6.1321206e-02;1.0750000e+02;1.2712774e-01;1.0750000e+02;1.8568952e-01;1.0750000e+02;2.1455410e-01;1.0750000e+02;2.0225102e-01;1.0750000e+02;2.0866072e-01;1.0750000e+02;1.5718016e-01;1.0750000e+02;9.6042521e-02;1.0750000e+02;4.2059533e-02;1.0750000e+02;-5.8471113e-03;1.0750000e+02;-4.9980059e-02;1.0750000e+02;-9.3429245e-02;1.0750000e+02;-1.3666579e-01;1.0750000e+02;-1.7817135e-01;1.0750000e+02;-8.4671915e-02;1.0750000e+02;-7.6973863e-02;1.0750000e+02;-4.5606129e-02;1.0750000e+02;5.1048473e-03;1.0750000e+02;6.1321206e-02;1.0750000e+02;1.2712774e-01;1.0750000e+02;1.8568952e-01;1.0750000e+02;2.1455410e-01;1.0750000e+02;2.0225102e-01;1.0750000e+02;2.0866072e-01;1.0750000e+02;1.5718016e-01;1.0750000e+02;9.6042521e-02;1.0750000e+02;4.2059533e-02;1.0750000e+02;-5.8471113e-03;1.0750000e+02;-4.9980059e-02;1.0750000e+02;-9.3429245e-02;1.0750000e+02;-1.3666579e-01;1.0750000e+02;-1.7817135e-01;1.0750000e+02;-8.4671915e-02;1.0750000e+02;-7.6973863e-02;1.0750000e+02;-4.5606129e-02;1.0750000e+02;5.1048473e-03;1.0750000e+02;6.1321206e-02;1.0750000e+02;1.2712774e-01;1.0750000e+02;1.8568952e-01;1.0750000e+02;2.1455410e-01;1.0750000e+02;2.0225102e-01;1.0750000e+02;2.0866072e-01;1.0750000e+02;1.5718016e-01;1.0750000e+02;9.6042521e-02;1.0750000e+02;4.2059533e-02;1.0750000e+02;-5.8471113e-03;1.0750000e+02;-4.9980059e-02;1.0750000e+02;-9.3429245e-02;1.0750000e+02;-1.3666579e-01;1.0750000e+02;-1.7817135e-01;1.0750000e+02;-8.4671915e-02;1.0750000e+02;-7.6973863e-02;1.0750000e+02;-4.5606129e-02;1.0750000e+02;5.1048473e-03;1.0750000e+02;6.1321206e-02;1.0750000e+02;1.2712774e-01;1.0750000e+02;1.8568952e-01;1.0750000e+02;2.1455410e-01;1.0750000e+02;2.0225102e-01;1.0750000e+02;2.0866072e-01;1.0750000e+02;1.5718016e-01;1.0750000e+02;9.6042521e-02;1.0750000e+02;4.2059533e-02;1.0750000e+02;-5.8471113e-03;1.0750000e+02;-4.9980059e-02;1.0750000e+02;-9.3429245e-02;1.0750000e+02;-1.3666579e-01;1.0750000e+02;-1.7817135e-01;1.0750000e+02;-8.4671915e-02;1.0750000e+02;-7.6973863e-02;1.0750000e+02;-4.5606129e-02;1.0750000e+02;5.1048473e-03;1.0750000e+02;6.1321206e-02;1.0750000e+02;1.2712774e-01;1.0750000e+02;1.8568952e-01;1.0750000e+02;2.1455410e-01;1.0750000e+02;2.0225102e-01;1.0750000e+02;2.0866072e-01;1.0750000e+02;1.5718016e-01;1.0750000e+02;9.6042521e-02;1.0750000e+02;4.2059533e-02;1.0750000e+02;-5.8471113e-03;1.0750000e+02;-4.9980059e-02;1.0750000e+02;-9.3429245e-02;1.0750000e+02;-1.3666579e-01;1.0750000e+02;-1.7817135e-01;1.0750000e+02;-8.4671915e-02;1.0750000e+02;-7.6973863e-02;1.0750000e+02;-4.5606129e-02;1.0750000e+02;5.1048473e-03;1.0750000e+02;6.1321206e-02;1.0750000e+02;1.2712774e-01;1.0750000e+02;1.8568952e-01;1.0750000e+02;2.1455410e-01;1.0750000e+02;2.0225102e-01;1.0750000e+02;2.0866072e-01;1.0750000e+02;1.5718016e-01;1.0750000e+02;9.6042521e-02;1.0750000e+02;4.2059533e-02;1.0750000e+02;-5.8471113e-03;1.0750000e+02;-4.9980059e-02;1.0750000e+02;-9.3429245e-02;1.0750000e+02;-1.3666579e-01;1.0750000e+02;-1.7817135e-01;1.0750000e+02;-8.4671915e-02;1.0750000e+02;-7.6973863e-02;1.0750000e+02;-4.5606129e-02;1.0750000e+02;5.1048473e-03;1.0750000e+02;6.1321206e-02;1.0750000e+02;1.2712774e-01;1.0750000e+02;1.8568952e-01;1.0750000e+02;2.1455410e-01;1.0750000e+02;2.0225102e-01;1.0750000e+02;2.0866072e-01;1.0750000e+02;1.5718016e-01;1.0750000e+02;9.6042521e-02;1.0750000e+02;4.2059533e-02;1.0750000e+02;-5.8471113e-03;1.0750000e+02;-4.9980059e-02;1.0750000e+02;-9.3429245e-02;1.0750000e+02;-1.3666579e-01;1.0750000e+02;-1.7817135e-01;1.0750000e+02;-8.4671915e-02;1.0750000e+02;-7.6973863e-02;1.0750000e+02;-4.5606129e-02;1.0750000e+02;5.1048473e-03;1.0750000e+02;6.1321206e-02;1.0750000e+02;1.2712774e-01;1.0750000e+02;1.8568952e-01;1.0750000e+02;2.1455410e-01;1.0750000e+02;2.0225102e-01;1.0750000e+02;2.0866072e-01;1.0750000e+02;1.5718016e-01;1.0750000e+02;9.6042521e-02;1.0750000e+02;4.2059533e-02;1.0750000e+02;-5.8471113e-03;1.0750000e+02;-4.9980059e-02;1.0750000e+02;-9.3429245e-02;1.0750000e+02;-1.3666579e-01;1.0750000e+02;-1.7817135e-01;1.0750000e+02;-8.4671915e-02;1.0750000e+02;-7.6973863e-02;1.0750000e+02;-4.5606129e-02;1.0750000e+02;5.1048473e-03;1.0750000e+02;6.1321206e-02;1.0750000e+02;1.2712774e-01;1.0750000e+02;1.8568952e-01;1.0750000e+02;2.1455410e-01;1.0750000e+02;2.0225102e-01;1.0750000e+02;2.0866072e-01;1.0750000e+02;1.5718016e-01;1.0750000e+02;9.6042521e-02;1.0750000e+02;4.2059533e-02;1.0750000e+02;-5.8471113e-03;1.0750000e+02;-4.9980059e-02;1.0750000e+02;-9.3429245e-02;1.0750000e+02;-1.3666579e-01;1.0750000e+02;-1.7817135e-01;1.0750000e+02;-8.4671915e-02;1.0750000e+02;-7.6973863e-02;1.0750000e+02;-4.5606129e-02;1.0750000e+02;5.1048473e-03;1.0750000e+02;6.1321206e-02;1.0750000e+02;1.2712774e-01;1.0750000e+02;1.8568952e-01;1.0750000e+02;2.1455410e-01;1.0750000e+02;2.0225102e-01;1.0750000e+02;2.0866072e-01;1.0750000e+02;1.5718016e-01;1.0750000e+02;9.6042521e-02;1.0750000e+02;4.2059533e-02;1.0750000e+02;-5.8471113e-03;1.0750000e+02;-4.9980059e-02;1.0750000e+02;-9.3429245e-02;1.0750000e+02;-1.3666579e-01;1.0750000e+02;-1.7817135e-01;1.0750000e+02;-8.4671915e-02;1.0750000e+02;-7.6973863e-02;1.0750000e+02;-4.5606129e-02;1.0750000e+02;5.1048473e-03;1.0750000e+02;6.1321206e-02;1.0750000e+02;1.2712774e-01;1.0750000e+02;1.8568952e-01;1.0750000e+02;2.1455410e-01;1.0750000e+02;2.0225102e-01;1.0750000e+02;2.0866072e-01;1.0750000e+02;1.5718016e-01;1.0750000e+02;9.6042521e-02;1.0750000e+02;4.2059533e-02;1.0750000e+02;-5.8471113e-03;1.0750000e+02;-4.9980059e-02;1.0750000e+02;-9.3429245e-02;1.0750000e+02;-1.3666579e-01;1.0750000e+02;-1.7817135e-01;1.0750000e+02;-8.4671915e-02;1.0750000e+02;-7.6973863e-02;1.0750000e+02;-4.5606129e-02;1.0750000e+02;5.1048473e-03;1.0750000e+02;6.1321206e-02;1.0750000e+02;1.2712774e-01;1.0750000e+02;1.8568952e-01;1.0750000e+02;2.1455410e-01;1.0750000e+02;2.0225102e-01;1.0750000e+02;2.0866072e-01;1.0750000e+02;1.5718016e-01;1.0750000e+02;9.6042521e-02;1.0750000e+02;4.2059533e-02;1.0750000e+02;-5.8471113e-03;1.0750000e+02;-4.9980059e-02;1.0750000e+02;-9.3429245e-02;1.0750000e+02;-1.3666579e-01;1.0750000e+02;-1.7817135e-01;1.0750000e+02;-8.4671915e-02;1.0750000e+02;-7.6973863e-02;1.0750000e+02;-4.5606129e-02;1.0750000e+02;5.1048473e-03;1.0750000e+02;6.1321206e-02;1.0750000e+02;1.2712774e-01;1.0750000e+02;1.8568952e-01;1.0750000e+02;2.1455410e-01;1.0750000e+02;2.0225102e-01;1.0750000e+02;2.0866072e-01;1.0750000e+02;1.5718016e-01;1.0750000e+02;9.6042521e-02;1.0750000e+02;4.2059533e-02;1.0750000e+02;-5.8471113e-03;1.0750000e+02;-4.9980059e-02;1.0750000e+02;-9.3429245e-02;1.0750000e+02;-1.3666579e-01;1.0750000e+02;-1.7817135e-01;1.0750000e+02;-8.4671915e-02;1.0750000e+02;-7.6973863e-02;1.0750000e+02;-4.5606129e-02;1.0750000e+02;5.1048473e-03;1.0750000e+02;6.1321206e-02;1.0750000e+02;1.2712774e-01;1.0750000e+02;1.8568952e-01;1.0750000e+02;2.1455410e-01;1.0750000e+02;2.0225102e-01;1.0750000e+02;2.0866072e-01;1.0750000e+02;1.5718016e-01;1.0750000e+02;9.6042521e-02;1.0750000e+02;4.2059533e-02;1.0750000e+02;-5.8471113e-03;1.0750000e+02;-4.9980059e-02;1.0750000e+02;-9.3429245e-02;1.0750000e+02;-1.3666579e-01;1.0750000e+02;-1.7817135e-01;1.0750000e+02;-8.4671915e-02;1.0750000e+02;-7.6973863e-02;1.0750000e+02;-4.5606129e-02;1.0750000e+02;5.1048473e-03;1.0750000e+02;6.1321206e-02;1.0750000e+02;1.2712774e-01;1.0750000e+02;1.8568952e-01;1.0750000e+02;2.1455410e-01;1.0750000e+02;2.0225102e-01;1.0750000e+02;2.0866072e-01;1.0750000e+02;1.5718016e-01;1.0750000e+02;9.6042521e-02;1.0750000e+02;4.2059533e-02;1.0750000e+02;-5.8471113e-03;1.0750000e+02;-4.9980059e-02;1.0750000e+02;-9.3429245e-02;1.0750000e+02;-1.3666579e-01;1.0750000e+02;-1.7817135e-01;1.0750000e+02;-8.4671915e-02;1.0750000e+02;-7.6973863e-02;1.0750000e+02;-4.5606129e-02;1.0750000e+02;5.1048473e-03;1.0750000e+02;6.1321206e-02;1.0750000e+02;1.2712774e-01;1.0750000e+02;1.8568952e-01;1.0750000e+02;2.1455410e-01;1.0750000e+02;2.0225102e-01;1.0750000e+02;2.0866072e-01;1.0750000e+02;1.5718016e-01;1.0750000e+02;9.6042521e-02;1.0750000e+02;4.2059533e-02;1.0750000e+02;-5.8471113e-03;1.0750000e+02;-4.9980059e-02;1.0750000e+02;-9.3429245e-02;1.0750000e+02;-1.3666579e-01;1.0750000e+02;-1.7817135e-01;1.0750000e+02;-8.4671915e-02;1.0750000e+02;-7.6973863e-02;1.0750000e+02;-4.5606129e-02;1.0750000e+02;5.1048473e-03;1.0750000e+02;6.1321206e-02;1.0750000e+02;1.2712774e-01;1.0750000e+02;1.8568952e-01;1.0750000e+02;2.1455410e-01;1.0750000e+02;2.0225102e-01;1.0750000e+02;2.0866072e-01;1.0750000e+02;1.5718016e-01;1.0750000e+02;9.6042521e-02;1.0750000e+02;4.2059533e-02;1.0750000e+02;-5.8471113e-03;1.0750000e+02;-4.9980059e-02;1.0750000e+02;-9.3429245e-02;1.0750000e+02;-1.3666579e-01;1.0750000e+02;-1.7817135e-01;1.0750000e+02;-8.4671915e-02;1.0750000e+02;-7.6973863e-02;1.0750000e+02;-4.5606129e-02;1.0750000e+02;5.1048473e-03;1.0750000e+02;6.1321206e-02;1.0750000e+02;1.2712774e-01;1.0750000e+02;1.8568952e-01;1.0750000e+02;2.1455410e-01;1.0750000e+02;2.0225102e-01;1.0750000e+02;2.0866072e-01;1.0750000e+02;1.5718016e-01;1.0750000e+02;9.6042521e-02;1.0750000e+02;4.2059533e-02;1.0750000e+02;-5.8471113e-03;1.0750000e+02;-4.9980059e-02;1.0750000e+02;-9.3429245e-02;1.0750000e+02;-1.3666579e-01;1.0750000e+02;-1.7817135e-01;1.0750000e+02;-8.4671915e-02;1.0750000e+02;-7.6973863e-02;1.0750000e+02;-4.5606129e-02;1.0750000e+02;5.1048473e-03;1.0750000e+02;6.1321206e-02;1.0750000e+02;1.2712774e-01;1.0750000e+02;1.8568952e-01;1.0750000e+02;2.1455410e-01;1.0750000e+02;2.0225102e-01;1.0750000e+02;2.0866072e-01;1.0750000e+02;1.5718016e-01;1.0750000e+02;9.6042521e-02;1.0750000e+02;4.2059533e-02;1.0750000e+02;-5.8471113e-03;1.0750000e+02;-4.9980059e-02;1.0750000e+02;-9.3429245e-02;1.0750000e+02;-1.3666579e-01;1.0750000e+02;-1.7817135e-01;1.0750000e+02;-8.4671915e-02;1.0750000e+02;-7.6973863e-02;1.0750000e+02;-4.5606129e-02;1.0750000e+02;5.1048473e-03;1.0750000e+02;6.1321206e-02;1.0750000e+02;1.2712774e-01;1.0750000e+02;1.8568952e-01;1.0750000e+02;2.1455410e-01;1.0750000e+02;2.0225102e-01;1.0750000e+02;2.0866072e-01;1.0750000e+02;1.5718016e-01;1.0750000e+02;9.6042521e-02;1.0750000e+02;4.2059533e-02;1.0750000e+02;-5.8471113e-03;1.0750000e+02;-4.9980059e-02;1.0750000e+02;-9.3429245e-02;1.0750000e+02;-1.3666579e-01;1.0750000e+02;-1.7817135e-01;1.0750000e+02;-8.4671915e-02;1.0750000e+02;-7.6973863e-02;1.0750000e+02;-4.5606129e-02;1.0750000e+02;5.1048473e-03;1.0750000e+02;6.1321206e-02;1.0750000e+02;1.2712774e-01;1.0750000e+02;1.8568952e-01;1.0750000e+02;2.1455410e-01;1.0750000e+02;2.0225102e-01;1.0750000e+02;2.0866072e-01;1.0750000e+02;1.5718016e-01;1.0750000e+02;9.6042521e-02;1.0750000e+02;4.2059533e-02;1.0750000e+02;-5.8471113e-03;1.0750000e+02;-4.9980059e-02;1.0750000e+02;-9.3429245e-02;1.0750000e+02;-1.3666579e-01;1.0750000e+02;-1.7817135e-01;1.0750000e+02;-8.4671915e-02;1.0750000e+02;-7.6973863e-02;1.0750000e+02;-4.5606129e-02;1.0750000e+02;5.1048473e-03;1.0750000e+02;6.1321206e-02;1.0750000e+02;1.2712774e-01;1.0750000e+02;1.8568952e-01;1.0750000e+02;2.1455410e-01;1.0750000e+02;2.0225102e-01;1.0750000e+02;2.0866072e-01;1.0750000e+02;1.5718016e-01;1.0750000e+02;9.6042521e-02;1.0750000e+02;4.2059533e-02;1.0750000e+02;-5.8471113e-03;1.0750000e+02;-4.9980059e-02;1.0750000e+02;-9.3429245e-02;1.0750000e+02;-1.3666579e-01;1.0750000e+02;-1.7817135e-01;1.0750000e+02;-8.4671915e-02;1.0750000e+02;-7.6973863e-02;1.0750000e+02;-4.5606129e-02;1.0750000e+02;5.1048473e-03;1.0750000e+02;6.1321206e-02;1.0750000e+02;1.2712774e-01;1.0750000e+02;1.8568952e-01;1.0750000e+02;2.1455410e-01;1.0750000e+02;2.0225102e-01;1.0750000e+02;2.0866072e-01;1.0750000e+02;1.5718016e-01;1.0750000e+02;9.6042521e-02;1.0750000e+02;4.2059533e-02;1.0750000e+02;-5.8471113e-03;1.0750000e+02;-4.9980059e-02;1.0750000e+02;-9.3429245e-02;1.0750000e+02;-1.3666579e-01;1.0750000e+02;-1.7817135e-01;1.0750000e+02;-8.4671915e-02;1.0750000e+02;-7.6973863e-02;1.0750000e+02;-4.5606129e-02;1.0750000e+02;5.1048473e-03;1.0750000e+02;6.1321206e-02;1.0750000e+02;1.2712774e-01;1.0750000e+02;1.8568952e-01;1.0750000e+02;2.1455410e-01;1.0750000e+02;2.0225102e-01;1.0750000e+02;2.0866072e-01;1.0750000e+02;1.5718016e-01;1.0750000e+02;9.6042521e-02;1.0750000e+02;4.2059533e-02;1.0750000e+02;-5.8471113e-03;1.0750000e+02;-4.9980059e-02;1.0750000e+02;-9.3429245e-02;1.0750000e+02;-1.3666579e-01;1.0750000e+02;-1.7817135e-01;1.0750000e+02;-8.4671915e-02;1.0750000e+02;-7.6973863e-02;1.0750000e+02;-4.5606129e-02;1.0750000e+02;5.1048473e-03;1.0750000e+02;6.1321206e-02;1.0750000e+02;1.2712774e-01;1.0750000e+02;1.8568952e-01;1.0750000e+02;2.1455410e-01;1.0750000e+02;2.0225102e-01;1.0750000e+02;2.0866072e-01;1.0750000e+02;1.5718016e-01;1.0750000e+02;9.6042521e-02;1.0750000e+02;4.2059533e-02;1.0750000e+02;-5.8471113e-03;1.0750000e+02;-4.9980059e-02;1.0750000e+02;-9.3429245e-02;1.0750000e+02;-1.3666579e-01;1.0750000e+02;-1.7817135e-01;1.0750000e+02;-8.4671915e-02;1.0750000e+02;-7.6973863e-02;1.0750000e+02;-4.5606129e-02;1.0750000e+02;5.1048473e-03;1.0750000e+02;6.1321206e-02;1.0750000e+02;1.2712774e-01;1.0750000e+02;1.8568952e-01;1.0750000e+02;2.1455410e-01;1.0750000e+02;2.0225102e-01;1.0750000e+02;2.0866072e-01;1.0750000e+02;1.5718016e-01;1.0750000e+02;9.6042521e-02;1.0750000e+02;4.2059533e-02;1.0750000e+02;-5.8471113e-03;1.0750000e+02;-4.9980059e-02;1.0750000e+02;-9.3429245e-02;1.0750000e+02;-1.3666579e-01;1.0750000e+02;-1.7817135e-01;1.0750000e+02;-8.4671915e-02;1.0750000e+02;-7.6973863e-02;1.0750000e+02;-4.5606129e-02;1.0750000e+02;5.1048473e-03;1.0750000e+02;6.1321206e-02;1.0750000e+02;1.2712774e-01;1.0750000e+02;1.8568952e-01;1.0750000e+02;2.1455410e-01;1.0750000e+02;2.0225102e-01;1.0750000e+02;2.0866072e-01;1.0750000e+02;1.5718016e-01;1.0750000e+02;9.6042521e-02;1.0750000e+02;4.2059533e-02;1.0750000e+02;-5.8471113e-03;1.0750000e+02;-4.9980059e-02;1.0750000e+02;-9.3429245e-02;1.0750000e+02;-1.3666579e-01;1.0750000e+02;-1.7817135e-01;1.0750000e+02;-8.4671915e-02;1.0750000e+02;-7.6973863e-02;1.0750000e+02;-4.5606129e-02;1.0750000e+02;5.1048473e-03;1.0750000e+02;6.1321206e-02;1.0750000e+02;1.2712774e-01;1.0750000e+02;1.8568952e-01;1.0750000e+02;2.1455410e-01;1.0750000e+02;2.0225102e-01;1.0750000e+02;2.0866072e-01;1.0750000e+02;1.5718016e-01;1.0750000e+02;9.6042521e-02;1.0750000e+02;4.2059533e-02;1.0750000e+02;-5.8471113e-03;1.0750000e+02;-4.9980059e-02;1.0750000e+02;-9.3429245e-02;1.0750000e+02;-1.3666579e-01;1.0750000e+02;-1.7817135e-01;1.0750000e+02;-8.4671915e-02;1.0750000e+02;-7.6973863e-02;1.0750000e+02;-4.5606129e-02;1.0750000e+02;5.1048473e-03;1.0750000e+02;6.1321206e-02;1.0750000e+02;1.2712774e-01;1.0750000e+02;1.8568952e-01;1.0750000e+02;2.1455410e-01;1.0750000e+02;2.0225102e-01;1.0750000e+02;2.0866072e-01;1.0750000e+02;1.5718016e-01;1.0750000e+02;9.6042521e-02;1.0750000e+02;4.2059533e-02;1.0750000e+02;-5.8471113e-03;1.0750000e+02;-4.9980059e-02;1.0750000e+02;-9.3429245e-02;1.0750000e+02;-1.3666579e-01;1.0750000e+02;-1.7817135e-01;1.0750000e+02;-8.4671915e-02;1.0750000e+02;-7.6973863e-02;1.0750000e+02;-4.5606129e-02;1.0750000e+02;5.1048473e-03;1.0750000e+02;6.1321206e-02;1.0750000e+02;1.2712774e-01;1.0750000e+02;1.8568952e-01;1.0750000e+02;2.1455410e-01;1.0750000e+02;2.0225102e-01;1.0750000e+02;2.0866072e-01;1.0750000e+02;1.5718016e-01;1.0750000e+02;9.6042521e-02;1.0750000e+02;4.2059533e-02;1.0750000e+02;-5.8471113e-03;1.0750000e+02;-4.9980059e-02;1.0750000e+02;-9.3429245e-02;1.0750000e+02;-1.3666579e-01;1.0750000e+02;-1.7817135e-01;1.0750000e+02;-8.4671915e-02;1.0750000e+02;-7.6973863e-02;1.0750000e+02;-4.5606129e-02;1.0750000e+02;5.1048473e-03;1.0750000e+02;6.1321206e-02;1.0750000e+02;1.2712774e-01;1.0750000e+02;1.8568952e-01;1.0750000e+02;2.1455410e-01;1.0750000e+02;2.0225102e-01;1.0750000e+02;2.0866072e-01;1.0750000e+02;1.5718016e-01;1.0750000e+02;9.6042521e-02;1.0750000e+02;4.2059533e-02;1.0750000e+02;-5.8471113e-03;1.0750000e+02;-4.9980059e-02;1.0750000e+02;-9.3429245e-02;1.0750000e+02;-1.3666579e-01;1.0750000e+02;-1.7817135e-01;1.0750000e+02;-8.4671915e-02;1.0750000e+02;-7.6973863e-02;1.0750000e+02;-4.5606129e-02;1.0750000e+02;5.1048473e-03;1.0750000e+02;6.1321206e-02;1.0750000e+02;1.2712774e-01;1.0750000e+02;1.8568952e-01;1.0750000e+02;2.1455410e-01;1.0750000e+02;2.0225102e-01;1.0750000e+02;2.0866072e-01;1.0750000e+02;1.5718016e-01;1.0750000e+02;9.6042521e-02;1.0750000e+02;4.2059533e-02;1.0750000e+02;-5.8471113e-03;1.0750000e+02;-4.9980059e-02;1.0750000e+02;-9.3429245e-02;1.0750000e+02;-1.3666579e-01;1.0750000e+02;-1.7817135e-01;1.0750000e+02;-8.4671915e-02;1.0750000e+02;-7.6973863e-02;1.0750000e+02;-4.5606129e-02;1.0750000e+02;5.1048473e-03;1.0750000e+02;6.1321206e-02;1.0750000e+02;1.2712774e-01;1.0750000e+02;1.8568952e-01;1.0750000e+02;2.1455410e-01;1.0750000e+02;2.0225102e-01;1.0750000e+02;2.0866072e-01;1.0750000e+02;1.5718016e-01;1.0750000e+02;9.6042521e-02;1.0750000e+02;4.2059533e-02;1.0750000e+02;-5.8471113e-03;1.0750000e+02;-4.9980059e-02;1.0750000e+02;-9.3429245e-02;1.0750000e+02;-1.3666579e-01;1.0750000e+02;-1.7817135e-01;1.0750000e+02;-8.4671915e-02;1.0750000e+02;-7.6973863e-02;1.0750000e+02;-4.5606129e-02;1.0750000e+02;5.1048473e-03;1.0750000e+02;6.1321206e-02;1.0750000e+02;1.2712774e-01;1.0750000e+02;1.8568952e-01;1.0750000e+02;2.1455410e-01;1.0750000e+02;2.0225102e-01;1.0750000e+02;2.0866072e-01;1.0750000e+02;1.5718016e-01;1.0750000e+02;9.6042521e-02;1.0750000e+02;4.2059533e-02;1.0750000e+02;-5.8471113e-03;1.0750000e+02;-4.9980059e-02;1.0750000e+02;-9.3429245e-02;1.0750000e+02;-1.3666579e-01;1.0750000e+02;-1.7817135e-01;1.0750000e+02;-8.4671915e-02;1.0750000e+02;-7.6973863e-02;1.0750000e+02;-4.5606129e-02;1.0750000e+02;5.1048473e-03;1.0750000e+02;6.1321206e-02;1.0750000e+02;1.2712774e-01;1.0750000e+02;1.8568952e-01;1.0750000e+02;2.1455410e-01;1.0750000e+02;2.0225102e-01;1.0750000e+02;2.0866072e-01;1.0750000e+02;1.5718016e-01;1.0750000e+02;9.6042521e-02;1.0750000e+02;4.2059533e-02;1.0750000e+02;-5.8471113e-03;1.0750000e+02;-4.9980059e-02;1.0750000e+02;-9.3429245e-02;1.0750000e+02;-1.3666579e-01;1.0750000e+02;-1.7817135e-01;1.0750000e+02;-8.4671915e-02;1.0750000e+02;-7.6973863e-02;1.0750000e+02;-4.5606129e-02;1.0750000e+02;5.1048473e-03;1.0750000e+02;6.1321206e-02;1.0750000e+02;1.2712774e-01;1.0750000e+02;1.8568952e-01;1.0750000e+02;2.1455410e-01;1.0750000e+02;2.0225102e-01;1.0750000e+02;2.0866072e-01;1.0750000e+02;1.5718016e-01;1.0750000e+02;9.6042521e-02;1.0750000e+02;4.2059533e-02;1.0750000e+02;-5.8471113e-03;1.0750000e+02;-4.9980059e-02;1.0750000e+02;-9.3429245e-02;1.0750000e+02;-1.3666579e-01;1.0750000e+02;-1.7817135e-01;1.0750000e+02;-8.4671915e-02;1.0750000e+02;-7.6973863e-02;1.0750000e+02;-4.5606129e-02;1.0750000e+02;5.1048473e-03;1.0750000e+02;6.1321206e-02;1.0750000e+02;1.2712774e-01;1.0750000e+02;1.8568952e-01;1.0750000e+02;2.1455410e-01;1.0750000e+02;2.0225102e-01;1.0750000e+02;2.0866072e-01;1.0750000e+02;1.5718016e-01;1.0750000e+02;9.6042521e-02;1.0750000e+02;4.2059533e-02;1.0750000e+02;-5.8471113e-03;1.0750000e+02;-4.9980059e-02;1.0750000e+02;-9.3429245e-02;1.0750000e+02;-1.3666579e-01;1.0750000e+02;-1.7817135e-01;1.0750000e+02;-8.4671915e-02;1.0750000e+02;-7.6973863e-02;1.0750000e+02;-4.5606129e-02;1.0750000e+02;5.1048473e-03;1.0750000e+02;6.1321206e-02;1.0750000e+02;1.2712774e-01;1.0750000e+02;1.8568952e-01;1.0750000e+02;2.1455410e-01;1.0750000e+02;2.0225102e-01;1.0750000e+02;2.0866072e-01;1.0750000e+02;1.5718016e-01;1.0750000e+02;9.6042521e-02;1.0750000e+02;4.2059533e-02;1.0750000e+02;-5.8471113e-03;1.0750000e+02;-4.9980059e-02;1.0750000e+02;-9.3429245e-02;1.0750000e+02;-1.3666579e-01;1.0750000e+02;-1.7817135e-01;1.0750000e+02;-8.4671915e-02;1.0750000e+02;-7.6973863e-02;1.0750000e+02;-4.5606129e-02;1.0750000e+02;5.1048473e-03;1.0750000e+02;6.1321206e-02;1.0750000e+02;1.2712774e-01;1.0750000e+02;1.8568952e-01;1.0750000e+02;2.1455410e-01;1.0750000e+02;2.0225102e-01;1.0750000e+02;2.0866072e-01;1.0750000e+02;1.5718016e-01;1.0750000e+02;9.6042521e-02;1.0750000e+02;4.2059533e-02;1.0750000e+02;-5.8471113e-03;1.0750000e+02;-4.9980059e-02;1.0750000e+02;-9.3429245e-02;1.0750000e+02;-1.3666579e-01;1.0750000e+02;-1.7817135e-01;1.0750000e+02;-8.4671915e-02;1.0750000e+02;-7.6973863e-02;1.0750000e+02;-4.5606129e-02;1.0750000e+02;5.1048473e-03;1.0750000e+02;6.1321206e-02;1.0750000e+02;1.2712774e-01;1.0750000e+02;1.8568952e-01;1.0750000e+02;2.1455410e-01;1.0750000e+02;2.0225102e-01;1.0750000e+02;2.0866072e-01;1.0750000e+02;1.5718016e-01;1.0750000e+02;9.6042521e-02;1.0750000e+02;4.2059533e-02;1.0750000e+02;-5.8471113e-03;1.0750000e+02;-4.9980059e-02;1.0750000e+02;-9.3429245e-02;1.0750000e+02;-1.3666579e-01;1.0750000e+02;-1.7817135e-01;1.0750000e+02;-8.4671915e-02;1.0750000e+02;-7.6973863e-02;1.0750000e+02;-4.5606129e-02;1.0750000e+02;5.1048473e-03;1.0750000e+02;6.1321206e-02;1.0750000e+02;1.2712774e-01;1.0750000e+02;1.8568952e-01;1.0750000e+02;2.1455410e-01;1.0750000e+02;2.0225102e-01;1.0750000e+02;2.0866072e-01;1.0750000e+02;1.5718016e-01;1.0750000e+02;9.6042521e-02;1.0750000e+02;4.2059533e-02;1.0750000e+02;-5.8471113e-03;1.0750000e+02;-4.9980059e-02;1.0750000e+02;-9.3429245e-02;1.0750000e+02;-1.3666579e-01;1.0750000e+02;-1.7817135e-01;1.0750000e+02;-8.4671915e-02;1.0750000e+02;-7.6973863e-02;1.0750000e+02;-4.5606129e-02;1.0750000e+02;5.1048473e-03;1.0750000e+02;6.1321206e-02;1.0750000e+02;1.2712774e-01;1.0750000e+02;1.8568952e-01;1.0750000e+02;2.1455410e-01;1.0750000e+02;2.0225102e-01;1.0750000e+02;2.0866072e-01;1.0750000e+02;1.5718016e-01;1.0750000e+02;9.6042521e-02;1.0750000e+02;4.2059533e-02;1.0750000e+02;-5.8471113e-03;1.0750000e+02;-4.9980059e-02;1.0750000e+02;-9.3429245e-02;1.0750000e+02;-1.3666579e-01;1.0750000e+02;-1.7817135e-01;1.0750000e+02;-8.4671915e-02;1.0750000e+02;-7.6973863e-02;1.0750000e+02;-4.5606129e-02;1.0750000e+02;5.1048473e-03;1.0750000e+02;6.1321206e-02;1.0750000e+02;1.2712774e-01;1.0750000e+02;1.8568952e-01;1.0750000e+02;2.1455410e-01;1.0750000e+02;2.0225102e-01;1.0750000e+02;2.0866072e-01;1.0750000e+02;1.5718016e-01;1.0750000e+02;9.6042521e-02;1.0750000e+02;4.2059533e-02;1.0750000e+02;-5.8471113e-03;1.0750000e+02;-4.9980059e-02;1.0750000e+02;-9.3429245e-02;1.0750000e+02;-1.3666579e-01;1.0750000e+02;-1.7817135e-01;1.0750000e+02;-8.4671915e-02;1.0750000e+02;-7.6973863e-02;1.0750000e+02;-4.5606129e-02;1.0750000e+02;5.1048473e-03;1.0750000e+02;6.1321206e-02;1.0750000e+02;1.2712774e-01;1.0750000e+02;1.8568952e-01;1.0750000e+02;2.1455410e-01;1.0750000e+02;2.0225102e-01;1.0750000e+02;2.0866072e-01;1.0750000e+02;1.5718016e-01;1.0750000e+02;9.6042521e-02;1.0750000e+02;4.2059533e-02;1.0750000e+02;-5.8471113e-03;1.0750000e+02;-4.9980059e-02;1.0750000e+02;-9.3429245e-02;1.0750000e+02;-1.3666579e-01;1.0750000e+02;-1.7817135e-01;1.0750000e+02;-8.4671915e-02;1.0750000e+02;-7.6973863e-02;1.0750000e+02;-4.5606129e-02;1.0750000e+02;5.1048473e-03;1.0750000e+02;6.1321206e-02;1.0750000e+02;1.2712774e-01;1.0750000e+02;1.8568952e-01;1.0750000e+02;2.1455410e-01;1.0750000e+02;2.0225102e-01;1.0750000e+02;2.0866072e-01;1.0750000e+02;1.5718016e-01;1.0750000e+02;9.6042521e-02;1.0750000e+02;4.2059533e-02;1.0750000e+02;-5.8471113e-03;1.0750000e+02;-4.9980059e-02;1.0750000e+02;-9.3429245e-02;1.0750000e+02;-1.3666579e-01;1.0750000e+02;-1.7817135e-01;1.0750000e+02;-8.4671915e-02;1.0750000e+02;-7.6973863e-02;1.0750000e+02;-4.5606129e-02;1.0750000e+02;5.1048473e-03;1.0750000e+02;6.1321206e-02;1.0750000e+02;1.2712774e-01;1.0750000e+02;1.8568952e-01;1.0750000e+02;2.1455410e-01;1.0750000e+02;2.0225102e-01;1.0750000e+02;2.0866072e-01;1.0750000e+02;1.5718016e-01;1.0750000e+02;9.6042521e-02;1.0750000e+02;4.2059533e-02;1.0750000e+02;-5.8471113e-03;1.0750000e+02;-4.9980059e-02;1.0750000e+02;-9.3429245e-02;1.0750000e+02;-1.3666579e-01;1.0750000e+02;-1.7817135e-01;1.0750000e+02;-8.4671915e-02;1.0750000e+02;-7.6973863e-02;1.0750000e+02;-4.5606129e-02;1.0750000e+02;5.1048473e-03;1.0750000e+02;6.1321206e-02;1.0750000e+02;1.2712774e-01;1.0750000e+02;1.8568952e-01;1.0750000e+02;2.1455410e-01;1.0750000e+02;2.0225102e-01;1.0750000e+02;2.0866072e-01;1.0750000e+02;1.5718016e-01;1.0750000e+02;9.6042521e-02;1.0750000e+02;4.2059533e-02;1.0750000e+02;-5.8471113e-03;1.0750000e+02;-4.9980059e-02;1.0750000e+02;-9.3429245e-02;1.0750000e+02;-1.3666579e-01;1.0750000e+02;-1.7817135e-01;1.0750000e+02;-8.4671915e-02;1.0750000e+02;-7.6973863e-02;1.0750000e+02;-4.5606129e-02;1.0750000e+02;5.1048473e-03;1.0750000e+02;6.1321206e-02;1.0750000e+02;1.2712774e-01;1.0750000e+02;1.8568952e-01;1.0750000e+02;2.1455410e-01;1.0750000e+02;2.0225102e-01;1.0750000e+02;2.0866072e-01;1.0750000e+02;1.5718016e-01;1.0750000e+02;9.6042521e-02;1.0750000e+02;4.2059533e-02;1.0750000e+02;-5.8471113e-03;1.0750000e+02;-4.9980059e-02;1.0750000e+02;-9.3429245e-02;1.0750000e+02;-1.3666579e-01;1.0750000e+02;-1.7817135e-01;1.0750000e+02;-8.4671915e-02;1.0750000e+02;-7.6973863e-02;1.0750000e+02;-4.5606129e-02;1.0750000e+02;5.1048473e-03;1.0750000e+02;6.1321206e-02;1.0750000e+02;1.2712774e-01;1.0750000e+02;1.8568952e-01;1.0750000e+02;2.1455410e-01;1.0750000e+02;2.0225102e-01;1.0750000e+02;2.0866072e-01;1.0750000e+02;1.5718016e-01;1.0750000e+02;9.6042521e-02;1.0750000e+02;4.2059533e-02;1.0750000e+02;-5.8471113e-03;1.0750000e+02;-4.9980059e-02;1.0750000e+02;-9.3429245e-02;1.0750000e+02;-1.3666579e-01;1.0750000e+02;-1.7817135e-01;1.0750000e+02;-8.4671915e-02;1.0750000e+02;-7.6973863e-02;1.0750000e+02;-4.5606129e-02;1.0750000e+02;5.1048473e-03;1.0750000e+02;6.1321206e-02;1.0750000e+02;1.2712774e-01;1.0750000e+02;1.8568952e-01;1.0750000e+02;2.1455410e-01;1.0750000e+02;2.0225102e-01;1.0750000e+02;2.0866072e-01;1.0750000e+02;1.5718016e-01;1.0750000e+02;9.6042521e-02;1.0750000e+02;4.2059533e-02;1.0750000e+02;-5.8471113e-03;1.0750000e+02;-4.9980059e-02;1.0750000e+02;-9.3429245e-02;1.0750000e+02;-1.3666579e-01;1.0750000e+02;-1.7817135e-01;1.0750000e+02;-8.4671915e-02;1.0750000e+02;-7.6973863e-02;1.0750000e+02;-4.5606129e-02;1.0750000e+02;5.1048473e-03;1.0750000e+02;6.1321206e-02;1.0750000e+02;1.2712774e-01;1.0750000e+02;1.8568952e-01;1.0750000e+02;2.1455410e-01;1.0750000e+02;2.0225102e-01;1.0750000e+02;2.0866072e-01;1.0750000e+02;1.5718016e-01;1.0750000e+02;9.6042521e-02;1.0750000e+02;4.2059533e-02;1.0750000e+02;-5.8471113e-03;1.0750000e+02;-4.9980059e-02;1.0750000e+02;-9.3429245e-02;1.0750000e+02;-1.3666579e-01;1.0750000e+02;-1.7817135e-01;1.0750000e+02;-8.4671915e-02;1.0750000e+02;-7.6973863e-02;1.0750000e+02;-4.5606129e-02;1.0750000e+02;5.1048473e-03;1.0750000e+02;6.1321206e-02;1.0750000e+02;1.2712774e-01;1.0750000e+02;1.8568952e-01;1.0750000e+02;2.1455410e-01;1.0750000e+02;2.0225102e-01;1.0750000e+02;2.0866072e-01;1.0750000e+02;1.5718016e-01;1.0750000e+02;9.6042521e-02;1.0750000e+02;4.2059533e-02;1.0750000e+02;-5.8471113e-03;1.0750000e+02;-4.9980059e-02;1.0750000e+02;-9.3429245e-02;1.0750000e+02;-1.3666579e-01;1.0750000e+02;-1.7817135e-01;1.0750000e+02;-8.4671915e-02;1.0750000e+02;-7.6973863e-02;1.0750000e+02;-4.5606129e-02;1.0750000e+02;5.1048473e-03;1.0750000e+02;6.1321206e-02;1.0750000e+02;1.2712774e-01;1.0750000e+02;1.8568952e-01;1.0750000e+02;2.1455410e-01;1.0750000e+02;2.0225102e-01;1.0750000e+02;2.0866072e-01;1.0750000e+02;1.5718016e-01;1.0750000e+02;9.6042521e-02;1.0750000e+02;4.2059533e-02;1.0750000e+02;-5.8471113e-03;1.0750000e+02;-4.9980059e-02;1.0750000e+02;-9.3429245e-02;1.0750000e+02;-1.3666579e-01;1.0750000e+02;-1.7817135e-01;1.0750000e+02;-8.4671915e-02;1.0750000e+02;-7.6973863e-02;1.0750000e+02;-4.5606129e-02;1.0750000e+02;5.1048473e-03;1.0750000e+02;6.1321206e-02;1.0750000e+02;1.2712774e-01;1.0750000e+02;1.8568952e-01;1.0750000e+02;2.1455410e-01;1.0750000e+02;2.0225102e-01;1.0750000e+02;2.0866072e-01;1.0750000e+02;1.5718016e-01;1.0750000e+02;9.6042521e-02;1.0750000e+02;4.2059533e-02;1.0750000e+02;-5.8471113e-03;1.0750000e+02;-4.9980059e-02;1.0750000e+02;-9.3429245e-02;1.0750000e+02;-1.3666579e-01;1.0750000e+02;-1.7817135e-01
1.1250000e+02;-7.9203933e-02;1.1250000e+02;-7.4327365e-02;1.1250000e+02;-4.3166980e-02;1.1250000e+02;1.4504790e-03;1.1250000e+02;6.0297456e-02;1.1250000e+02;1.3262030e-01;1.1250000e+02;1.8350184e-01;1.1250000e+02;2.0934868e-01;1.1250000e+02;1.9869186e-01;1.1250000e+02;2.1437706e-01;1.1250000e+02;1.6776836e-01;1.1250000e+02;1.0922990e-01;1.1250000e+02;5.5686854e-02;1.1250000e+02;8.4208921e-03;1.1250000e+02;-3.5976835e-02;1.1250000e+02;-7.9727843e-02;1.1250000e+02;-1.2060726e-01;1.1250000e+02;-1.6527086e-01;1.1250000e+02;-7.9203933e-02;1.1250000e+02;-7.4327365e-02;1.1250000e+02;-4.3166980e-02;1.1250000e+02;1.4504790e-03;1.1250000e+02;6.0297456e-02;1.1250000e+02;1.3262030e-01;1.1250000e+02;1.8350184e-01;1.1250000e+02;2.0934868e-01;1.1250000e+02;1.9869186e-01;1.1250000e+02;2.1437706e-01;1.1250000e+02;1.6776836e-01;1.1250000e+02;1.0922990e-01;1.1250000e+02;5.5686854e-02;1.1250000e+02;8.4208921e-03;1.1250000e+02;-3.5976835e-02;1.1250000e+02;-7.9727843e-02;1.1250000e+02;-1.2060726e-01;1.1250000e+02;-1.6527086e-01;1.1250000e+02;-7.9203933e-02;1.1250000e+02;-7.4327365e-02;1.1250000e+02;-4.3166980e-02;1.1250000e+02;1.4504790e-03;1.1250000e+02;6.0297456e-02;1.1250000e+02;1.3262030e-01;1.1250000e+02;1.8350184e-01;1.1250000e+02;2.0934868e-01;1.1250000e+02;1.9869186e-01;1.1250000e+02;2.1437706e-01;1.1250000e+02;1.6776836e-01;1.1250000e+02;1.0922990e-01;1.1250000e+02;5.5686854e-02;1.1250000e+02;8.4208921e-03;1.1250000e+02;-3.5976835e-02;1.1250000e+02;-7.9727843e-02;1.1250000e+02;-1.2060726e-01;1.1250000e+02;-1.6527086e-01;1.1250000e+02;-7.9203933e-02;1.1250000e+02;-7.4327365e-02;1.1250000e+02;-4.3166980e-02;1.1250000e+02;1.4504790e-03;1.1250000e+02;6.0297456e-02;1.1250000e+02;1.3262030e-01;1.1250000e+02;1.8350184e-01;1.1250000e+02;2.0934868e-01;1.1250000e+02;1.9869186e-01;1.1250000e+02;2.1437706e-01;1.1250000e+02;1.6776836e-01;1.1250000e+02;1.0922990e-01;1.1250000e+02;5.5686854e-02;1.1250000e+02;8.4208921e-03;1.1250000e+02;-3.5976835e-02;1.1250000e+02;-7.9727843e-02;1.1250000e+02;-1.2060726e-01;1.1250000e+02;-1.6527086e-01;1.1250000e+02;-7.9203933e-02;1.1250000e+02;-7.4327365e-02;1.1250000e+02;-4.3166980e-02;1.1250000e+02;1.4504790e-03;1.1250000e+02;6.0297456e-02;1.1250000e+02;1.3262030e-01;1.1250000e+02;1.8350184e-01;1.1250000e+02;2.0934868e-01;1.1250000e+02;1.9869186e-01;1.1250000e+02;2.1437706e-01;1.1250000e+02;1.6776836e-01;1.1250000e+02;1.0922990e-01;1.1250000e+02;5.5686854e-02;1.1250000e+02;8.4208921e-03;1.1250000e+02;-3.5976835e-02;1.1250000e+02;-7.9727843e-02;1.1250000e+02;-1.2060726e-01;1.1250000e+02;-1.6527086e-01;1.1250000e+02;-7.9203933e-02;1.1250000e+02;-7.4327365e-02;1.1250000e+02;-4.3166980e-02;1.1250000e+02;1.4504790e-03;1.1250000e+02;6.0297456e-02;1.1250000e+02;1.3262030e-01;1.1250000e+02;1.8350184e-01;1.1250000e+02;2.0934868e-01;1.1250000e+02;1.9869186e-01;1.1250000e+02;2.1437706e-01;1.1250000e+02;1.6776836e-01;1.1250000e+02;1.0922990e-01;1.1250000e+02;5.5686854e-02;1.1250000e+02;8.4208921e-03;1.1250000e+02;-3.5976835e-02;1.1250000e+02;-7.9727843e-02;1.1250000e+02;-1.2060726e-01;1.1250000e+02;-1.6527086e-01;1.1250000e+02;-7.9203933e-02;1.1250000e+02;-7.4327365e-02;1.1250000e+02;-4.3166980e-02;1.1250000e+02;1.4504790e-03;1.1250000e+02;6.0297456e-02;1.1250000e+02;1.3262030e-01;1.1250000e+02;1.8350184e-01;1.1250000e+02;2.0934868e-01;1.1250000e+02;1.9869186e-01;1.1250000e+02;2.1437706e-01;1.1250000e+02;1.6776836e-01;1.1250000e+02;1.0922990e-01;1.1250000e+02;5.5686854e-02;1.1250000e+02;8.4208921e-03;1.1250000e+02;-3.5976835e-02;1.1250000e+02;-7.9727843e-02;1.1250000e+02;-1.2060726e-01;1.1250000e+02;-1.6527086e-01;1.1250000e+02;-7.9203933e-02;1.1250000e+02;-7.4327365e-02;1.1250000e+02;-4.3166980e-02;1.1250000e+02;1.4504790e-03;1.1250000e+02;6.0297456e-02;1.1250000e+02;1.3262030e-01;1.1250000e+02;1.8350184e-01;1.1250000e+02;2.0934868e-01;1.1250000e+02;1.9869186e-01;1.1250000e+02;2.1437706e-01;1.1250000e+02;1.6776836e-01;1.1250000e+02;1.0922990e-01;1.1250000e+02;5.5686854e-02;1.1250000e+02;8.4208921e-03;1.1250000e+02;-3.5976835e-02;1.1250000e+02;-7.9727843e-02;1.1250000e+02;-1.2060726e-01;1.1250000e+02;-1.6527086e-01;1.1250000e+02;-7.9203933e-02;1.1250000e+02;-7.4327365e-02;1.1250000e+02;-4.3166980e-02;1.1250000e+02;1.4504790e-03;1.1250000e+02;6.0297456e-02;1.1250000e+02;1.3262030e-01;1.1250000e+02;1.8350184e-01;1.1250000e+02;2.0934868e-01;1.1250000e+02;1.9869186e-01;1.1250000e+02;2.1437706e-01;1.1250000e+02;1.6776836e-01;1.1250000e+02;1.0922990e-01;1.1250000e+02;5.5686854e-02;1.1250000e+02;8.4208921e-03;1.1250000e+02;-3.5976835e-02;1.1250000e+02;-7.9727843e-02;1.1250000e+02;-1.2060726e-01;1.1250000e+02;-1.6527086e-01;1.1250000e+02;-7.9203933e-02;1.1250000e+02;-7.4327365e-02;1.1250000e+02;-4.3166980e-02;1.1250000e+02;1.4504790e-03;1.1250000e+02;6.0297456e-02;1.1250000e+02;1.3262030e-01;1.1250000e+02;1.8350184e-01;1.1250000e+02;2.0934868e-01;1.1250000e+02;1.9869186e-01;1.1250000e+02;2.1437706e-01;1.1250000e+02;1.6776836e-01;1.1250000e+02;1.0922990e-01;1.1250000e+02;5.5686854e-02;1.1250000e+02;8.4208921e-03;1.1250000e+02;-3.5976835e-02;1.1250000e+02;-7.9727843e-02;1.1250000e+02;-1.2060726e-01;1.1250000e+02;-1.6527086e-01;1.1250000e+02;-7.9203933e-02;1.1250000e+02;-7.4327365e-02;1.1250000e+02;-4.3166980e-02;1.1250000e+02;1.4504790e-03;1.1250000e+02;6.0297456e-02;1.1250000e+02;1.3262030e-01;1.1250000e+02;1.8350184e-01;1.1250000e+02;2.0934868e-01;1.1250000e+02;1.9869186e-01;1.1250000e+02;2.1437706e-01;1.1250000e+02;1.6776836e-01;1.1250000e+02;1.0922990e-01;1.1250000e+02;5.5686854e-02;1.1250000e+02;8.4208921e-03;1.1250000e+02;-3.5976835e-02;1.1250000e+02;-7.9727843e-02;1.1250000e+02;-1.2060726e-01;1.1250000e+02;-1.6527086e-01;1.1250000e+02;-7.9203933e-02;1.1250000e+02;-7.4327365e-02;1.1250000e+02;-4.3166980e-02;1.1250000e+02;1.4504790e-03;1.1250000e+02;6.0297456e-02;1.1250000e+02;1.3262030e-01;1.1250000e+02;1.8350184e-01;1.1250000e+02;2.0934868e-01;1.1250000e+02;1.9869186e-01;1.1250000e+02;2.1437706e-01;1.1250000e+02;1.6776836e-01;1.1250000e+02;1.0922990e-01;1.1250000e+02;5.5686854e-02;1.1250000e+02;8.4208921e-03;1.1250000e+02;-3.5976835e-02;1.1250000e+02;-7.9727843e-02;1.1250000e+02;-1.2060726e-01;1.1250000e+02;-1.6527086e-01;1.1250000e+02;-7.9203933e-02;1.1250000e+02;-7.4327365e-02;1.1250000e+02;-4.3166980e-02;1.1250000e+02;1.4504790e-03;1.1250000e+02;6.0297456e-02;1.1250000e+02;1.3262030e-01;1.1250000e+02;1.8350184e-01;1.1250000e+02;2.0934868e-01;1.1250000e+02;1.9869186e-01;1.1250000e+02;2.1437706e-01;1.1250000e+02;1.6776836e-01;1.1250000e+02;1.0922990e-01;1.1250000e+02;5.5686854e-02;1.1250000e+02;8.4208921e-03;1.1250000e+02;-3.5976835e-02;1.1250000e+02;-7.9727843e-02;1.1250000e+02;-1.2060726e-01;1.1250000e+02;-1.6527086e-01;1.1250000e+02;-7.9203933e-02;1.1250000e+02;-7.4327365e-02;1.1250000e+02;-4.3166980e-02;1.1250000e+02;1.4504790e-03;1.1250000e+02;6.0297456e-02;1.1250000e+02;1.3262030e-01;1.1250000e+02;1.8350184e-01;1.1250000e+02;2.0934868e-01;1.1250000e+02;1.9869186e-01;1.1250000e+02;2.1437706e-01;1.1250000e+02;1.6776836e-01;1.1250000e+02;1.0922990e-01;1.1250000e+02;5.5686854e-02;1.1250000e+02;8.4208921e-03;1.1250000e+02;-3.5976835e-02;1.1250000e+02;-7.9727843e-02;1.1250000e+02;-1.2060726e-01;1.1250000e+02;-1.6527086e-01;1.1250000e+02;-7.9203933e-02;1.1250000e+02;-7.4327365e-02;1.1250000e+02;-4.3166980e-02;1.1250000e+02;1.4504790e-03;1.1250000e+02;6.0297456e-02;1.1250000e+02;1.3262030e-01;1.1250000e+02;1.8350184e-01;1.1250000e+02;2.0934868e-01;1.1250000e+02;1.9869186e-01;1.1250000e+02;2.1437706e-01;1.1250000e+02;1.6776836e-01;1.1250000e+02;1.0922990e-01;1.1250000e+02;5.5686854e-02;1.1250000e+02;8.4208921e-03;1.1250000e+02;-3.5976835e-02;1.1250000e+02;-7.9727843e-02;1.1250000e+02;-1.2060726e-01;1.1250000e+02;-1.6527086e-01;1.1250000e+02;-7.9203933e-02;1.1250000e+02;-7.4327365e-02;1.1250000e+02;-4.3166980e-02;1.1250000e+02;1.4504790e-03;1.1250000e+02;6.0297456e-02;1.1250000e+02;1.3262030e-01;1.1250000e+02;1.8350184e-01;1.1250000e+02;2.0934868e-01;1.1250000e+02;1.9869186e-01;1.1250000e+02;2.1437706e-01;1.1250000e+02;1.6776836e-01;1.1250000e+02;1.0922990e-01;1.1250000e+02;5.5686854e-02;1.1250000e+02;8.4208921e-03;1.1250000e+02;-3.5976835e-02;1.1250000e+02;-7.9727843e-02;1.1250000e+02;-1.2060726e-01;1.1250000e+02;-1.6527086e-01;1.1250000e+02;-7.9203933e-02;1.1250000e+02;-7.4327365e-02;1.1250000e+02;-4.3166980e-02;1.1250000e+02;1.4504790e-03;1.1250000e+02;6.0297456e-02;1.1250000e+02;1.3262030e-01;1.1250000e+02;1.8350184e-01;1.1250000e+02;2.0934868e-01;1.1250000e+02;1.9869186e-01;1.1250000e+02;2.1437706e-01;1.1250000e+02;1.6776836e-01;1.1250000e+02;1.0922990e-01;1.1250000e+02;5.5686854e-02;1.1250000e+02;8.4208921e-03;1.1250000e+02;-3.5976835e-02;1.1250000e+02;-7.9727843e-02;1.1250000e+02;-1.2060726e-01;1.1250000e+02;-1.6527086e-01;1.1250000e+02;-7.9203933e-02;1.1250000e+02;-7.4327365e-02;1.1250000e+02;-4.3166980e-02;1.1250000e+02;1.4504790e-03;1.1250000e+02;6.0297456e-02;1.1250000e+02;1.3262030e-01;1.1250000e+02;1.8350184e-01;1.1250000e+02;2.0934868e-01;1.1250000e+02;1.9869186e-01;1.1250000e+02;2.1437706e-01;1.1250000e+02;1.6776836e-01;1.1250000e+02;1.0922990e-01;1.1250000e+02;5.5686854e-02;1.1250000e+02;8.4208921e-03;1.1250000e+02;-3.5976835e-02;1.1250000e+02;-7.9727843e-02;1.1250000e+02;-1.2060726e-01;1.1250000e+02;-1.6527086e-01;1.1250000e+02;-7.9203933e-02;1.1250000e+02;-7.4327365e-02;1.1250000e+02;-4.3166980e-02;1.1250000e+02;1.4504790e-03;1.1250000e+02;6.0297456e-02;1.1250000e+02;1.3262030e-01;1.1250000e+02;1.8350184e-01;1.1250000e+02;2.0934868e-01;1.1250000e+02;1.9869186e-01;1.1250000e+02;2.1437706e-01;1.1250000e+02;1.6776836e-01;1.1250000e+02;1.0922990e-01;1.1250000e+02;5.5686854e-02;1.1250000e+02;8.4208921e-03;1.1250000e+02;-3.5976835e-02;1.1250000e+02;-7.9727843e-02;1.1250000e+02;-1.2060726e-01;1.1250000e+02;-1.6527086e-01;1.1250000e+02;-7.9203933e-02;1.1250000e+02;-7.4327365e-02;1.1250000e+02;-4.3166980e-02;1.1250000e+02;1.4504790e-03;1.1250000e+02;6.0297456e-02;1.1250000e+02;1.3262030e-01;1.1250000e+02;1.8350184e-01;1.1250000e+02;2.0934868e-01;1.1250000e+02;1.9869186e-01;1.1250000e+02;2.1437706e-01;1.1250000e+02;1.6776836e-01;1.1250000e+02;1.0922990e-01;1.1250000e+02;5.5686854e-02;1.1250000e+02;8.4208921e-03;1.1250000e+02;-3.5976835e-02;1.1250000e+02;-7.9727843e-02;1.1250000e+02;-1.2060726e-01;1.1250000e+02;-1.6527086e-01;1.1250000e+02;-7.9203933e-02;1.1250000e+02;-7.4327365e-02;1.1250000e+02;-4.3166980e-02;1.1250000e+02;1.4504790e-03;1.1250000e+02;6.0297456e-02;1.1250000e+02;1.3262030e-01;1.1250000e+02;1.8350184e-01;1.1250000e+02;2.0934868e-01;1.1250000e+02;1.9869186e-01;1.1250000e+02;2.1437706e-01;1.1250000e+02;1.6776836e-01;1.1250000e+02;1.0922990e-01;1.1250000e+02;5.5686854e-02;1.1250000e+02;8.4208921e-03;1.1250000e+02;-3.5976835e-02;1.1250000e+02;-7.9727843e-02;1.1250000e+02;-1.2060726e-01;1.1250000e+02;-1.6527086e-01;1.1250000e+02;-7.9203933e-02;1.1250000e+02;-7.4327365e-02;1.1250000e+02;-4.3166980e-02;1.1250000e+02;1.4504790e-03;1.1250000e+02;6.0297456e-02;1.1250000e+02;1.3262030e-01;1.1250000e+02;1.8350184e-01;1.1250000e+02;2.0934868e-01;1.1250000e+02;1.9869186e-01;1.1250000e+02;2.1437706e-01;1.1250000e+02;1.6776836e-01;1.1250000e+02;1.0922990e-01;1.1250000e+02;5.5686854e-02;1.1250000e+02;8.4208921e-03;1.1250000e+02;-3.5976835e-02;1.1250000e+02;-7.9727843e-02;1.1250000e+02;-1.2060726e-01;1.1250000e+02;-1.6527086e-01;1.1250000e+02;-7.9203933e-02;1.1250000e+02;-7.4327365e-02;1.1250000e+02;-4.3166980e-02;1.1250000e+02;1.4504790e-03;1.1250000e+02;6.0297456e-02;1.1250000e+02;1.3262030e-01;1.1250000e+02;1.8350184e-01;1.1250000e+02;2.0934868e-01;1.1250000e+02;1.9869186e-01;1.1250000e+02;2.1437706e-01;1.1250000e+02;1.6776836e-01;1.1250000e+02;1.0922990e-01;1.1250000e+02;5.5686854e-02;1.1250000e+02;8.4208921e-03;1.1250000e+02;-3.5976835e-02;1.1250000e+02;-7.9727843e-02;1.1250000e+02;-1.2060726e-01;1.1250000e+02;-1.6527086e-01;1.1250000e+02;-7.9203933e-02;1.1250000e+02;-7.4327365e-02;1.1250000e+02;-4.3166980e-02;1.1250000e+02;1.4504790e-03;1.1250000e+02;6.0297456e-02;1.1250000e+02;1.3262030e-01;1.1250000e+02;1.8350184e-01;1.1250000e+02;2.0934868e-01;1.1250000e+02;1.9869186e-01;1.1250000e+02;2.1437706e-01;1.1250000e+02;1.6776836e-01;1.1250000e+02;1.0922990e-01;1.1250000e+02;5.5686854e-02;1.1250000e+02;8.4208921e-03;1.1250000e+02;-3.5976835e-02;1.1250000e+02;-7.9727843e-02;1.1250000e+02;-1.2060726e-01;1.1250000e+02;-1.6527086e-01;1.1250000e+02;-7.9203933e-02;1.1250000e+02;-7.4327365e-02;1.1250000e+02;-4.3166980e-02;1.1250000e+02;1.4504790e-03;1.1250000e+02;6.0297456e-02;1.1250000e+02;1.3262030e-01;1.1250000e+02;1.8350184e-01;1.1250000e+02;2.0934868e-01;1.1250000e+02;1.9869186e-01;1.1250000e+02;2.1437706e-01;1.1250000e+02;1.6776836e-01;1.1250000e+02;1.0922990e-01;1.1250000e+02;5.5686854e-02;1.1250000e+02;8.4208921e-03;1.1250000e+02;-3.5976835e-02;1.1250000e+02;-7.9727843e-02;1.1250000e+02;-1.2060726e-01;1.1250000e+02;-1.6527086e-01;1.1250000e+02;-7.9203933e-02;1.1250000e+02;-7.4327365e-02;1.1250000e+02;-4.3166980e-02;1.1250000e+02;1.4504790e-03;1.1250000e+02;6.0297456e-02;1.1250000e+02;1.3262030e-01;1.1250000e+02;1.8350184e-01;1.1250000e+02;2.0934868e-01;1.1250000e+02;1.9869186e-01;1.1250000e+02;2.1437706e-01;1.1250000e+02;1.6776836e-01;1.1250000e+02;1.0922990e-01;1.1250000e+02;5.5686854e-02;1.1250000e+02;8.4208921e-03;1.1250000e+02;-3.5976835e-02;1.1250000e+02;-7.9727843e-02;1.1250000e+02;-1.2060726e-01;1.1250000e+02;-1.6527086e-01;1.1250000e+02;-7.9203933e-02;1.1250000e+02;-7.4327365e-02;1.1250000e+02;-4.3166980e-02;1.1250000e+02;1.4504790e-03;1.1250000e+02;6.0297456e-02;1.1250000e+02;1.3262030e-01;1.1250000e+02;1.8350184e-01;1.1250000e+02;2.0934868e-01;1.1250000e+02;1.9869186e-01;1.1250000e+02;2.1437706e-01;1.1250000e+02;1.6776836e-01;1.1250000e+02;1.0922990e-01;1.1250000e+02;5.5686854e-02;1.1250000e+02;8.4208921e-03;1.1250000e+02;-3.5976835e-02;1.1250000e+02;-7.9727843e-02;1.1250000e+02;-1.2060726e-01;1.1250000e+02;-1.6527086e-01;1.1250000e+02;-7.9203933e-02;1.1250000e+02;-7.4327365e-02;1.1250000e+02;-4.3166980e-02;1.1250000e+02;1.4504790e-03;1.1250000e+02;6.0297456e-02;1.1250000e+02;1.3262030e-01;1.1250000e+02;1.8350184e-01;1.1250000e+02;2.0934868e-01;1.1250000e+02;1.9869186e-01;1.1250000e+02;2.1437706e-01;1.1250000e+02;1.6776836e-01;1.1250000e+02;1.0922990e-01;1.1250000e+02;5.5686854e-02;1.1250000e+02;8.4208921e-03;1.1250000e+02;-3.5976835e-02;1.1250000e+02;-7.9727843e-02;1.1250000e+02;-1.2060726e-01;1.1250000e+02;-1.6527086e-01;1.1250000e+02;-7.9203933e-02;1.1250000e+02;-7.4327365e-02;1.1250000e+02;-4.3166980e-02;1.1250000e+02;1.4504790e-03;1.1250000e+02;6.0297456e-02;1.1250000e+02;1.3262030e-01;1.1250000e+02;1.8350184e-01;1.1250000e+02;2.0934868e-01;1.1250000e+02;1.9869186e-01;1.1250000e+02;2.1437706e-01;1.1250000e+02;1.6776836e-01;1.1250000e+02;1.0922990e-01;1.1250000e+02;5.5686854e-02;1.1250000e+02;8.4208921e-03;1.1250000e+02;-3.5976835e-02;1.1250000e+02;-7.9727843e-02;1.1250000e+02;-1.2060726e-01;1.1250000e+02;-1.6527086e-01;1.1250000e+02;-7.9203933e-02;1.1250000e+02;-7.4327365e-02;1.1250000e+02;-4.3166980e-02;1.1250000e+02;1.4504790e-03;1.1250000e+02;6.0297456e-02;1.1250000e+02;1.3262030e-01;1.1250000e+02;1.8350184e-01;1.1250000e+02;2.0934868e-01;1.1250000e+02;1.9869186e-01;1.1250000e+02;2.1437706e-01;1.1250000e+02;1.6776836e-01;1.1250000e+02;1.0922990e-01;1.1250000e+02;5.5686854e-02;1.1250000e+02;8.4208921e-03;1.1250000e+02;-3.5976835e-02;1.1250000e+02;-7.9727843e-02;1.1250000e+02;-1.2060726e-01;1.1250000e+02;-1.6527086e-01;1.1250000e+02;-7.9203933e-02;1.1250000e+02;-7.4327365e-02;1.1250000e+02;-4.3166980e-02;1.1250000e+02;1.4504790e-03;1.1250000e+02;6.0297456e-02;1.1250000e+02;1.3262030e-01;1.1250000e+02;1.8350184e-01;1.1250000e+02;2.0934868e-01;1.1250000e+02;1.9869186e-01;1.1250000e+02;2.1437706e-01;1.1250000e+02;1.6776836e-01;1.1250000e+02;1.0922990e-01;1.1250000e+02;5.5686854e-02;1.1250000e+02;8.4208921e-03;1.1250000e+02;-3.5976835e-02;1.1250000e+02;-7.9727843e-02;1.1250000e+02;-1.2060726e-01;1.1250000e+02;-1.6527086e-01;1.1250000e+02;-7.9203933e-02;1.1250000e+02;-7.4327365e-02;1.1250000e+02;-4.3166980e-02;1.1250000e+02;1.4504790e-03;1.1250000e+02;6.0297456e-02;1.1250000e+02;1.3262030e-01;1.1250000e+02;1.8350184e-01;1.1250000e+02;2.0934868e-01;1.1250000e+02;1.9869186e-01;1.1250000e+02;2.1437706e-01;1.1250000e+02;1.6776836e-01;1.1250000e+02;1.0922990e-01;1.1250000e+02;5.5686854e-02;1.1250000e+02;8.4208921e-03;1.1250000e+02;-3.5976835e-02;1.1250000e+02;-7.9727843e-02;1.1250000e+02;-1.2060726e-01;1.1250000e+02;-1.6527086e-01;1.1250000e+02;-7.9203933e-02;1.1250000e+02;-7.4327365e-02;1.1250000e+02;-4.3166980e-02;1.1250000e+02;1.4504790e-03;1.1250000e+02;6.0297456e-02;1.1250000e+02;1.3262030e-01;1.1250000e+02;1.8350184e-01;1.1250000e+02;2.0934868e-01;1.1250000e+02;1.9869186e-01;1.1250000e+02;2.1437706e-01;1.1250000e+02;1.6776836e-01;1.1250000e+02;1.0922990e-01;1.1250000e+02;5.5686854e-02;1.1250000e+02;8.4208921e-03;1.1250000e+02;-3.5976835e-02;1.1250000e+02;-7.9727843e-02;1.1250000e+02;-1.2060726e-01;1.1250000e+02;-1.6527086e-01;1.1250000e+02;-7.9203933e-02;1.1250000e+02;-7.4327365e-02;1.1250000e+02;-4.3166980e-02;1.1250000e+02;1.4504790e-03;1.1250000e+02;6.0297456e-02;1.1250000e+02;1.3262030e-01;1.1250000e+02;1.8350184e-01;1.1250000e+02;2.0934868e-01;1.1250000e+02;1.9869186e-01;1.1250000e+02;2.1437706e-01;1.1250000e+02;1.6776836e-01;1.1250000e+02;1.0922990e-01;1.1250000e+02;5.5686854e-02;1.1250000e+02;8.4208921e-03;1.1250000e+02;-3.5976835e-02;1.1250000e+02;-7.9727843e-02;1.1250000e+02;-1.2060726e-01;1.1250000e+02;-1.6527086e-01;1.1250000e+02;-7.9203933e-02;1.1250000e+02;-7.4327365e-02;1.1250000e+02;-4.3166980e-02;1.1250000e+02;1.4504790e-03;1.1250000e+02;6.0297456e-02;1.1250000e+02;1.3262030e-01;1.1250000e+02;1.8350184e-01;1.1250000e+02;2.0934868e-01;1.1250000e+02;1.9869186e-01;1.1250000e+02;2.1437706e-01;1.1250000e+02;1.6776836e-01;1.1250000e+02;1.0922990e-01;1.1250000e+02;5.5686854e-02;1.1250000e+02;8.4208921e-03;1.1250000e+02;-3.5976835e-02;1.1250000e+02;-7.9727843e-02;1.1250000e+02;-1.2060726e-01;1.1250000e+02;-1.6527086e-01;1.1250000e+02;-7.9203933e-02;1.1250000e+02;-7.4327365e-02;1.1250000e+02;-4.3166980e-02;1.1250000e+02;1.4504790e-03;1.1250000e+02;6.0297456e-02;1.1250000e+02;1.3262030e-01;1.1250000e+02;1.8350184e-01;1.1250000e+02;2.0934868e-01;1.1250000e+02;1.9869186e-01;1.1250000e+02;2.1437706e-01;1.1250000e+02;1.6776836e-01;1.1250000e+02;1.0922990e-01;1.1250000e+02;5.5686854e-02;1.1250000e+02;8.4208921e-03;1.1250000e+02;-3.5976835e-02;1.1250000e+02;-7.9727843e-02;1.1250000e+02;-1.2060726e-01;1.1250000e+02;-1.6527086e-01;1.1250000e+02;-7.9203933e-02;1.1250000e+02;-7.4327365e-02;1.1250000e+02;-4.3166980e-02;1.1250000e+02;1.4504790e-03;1.1250000e+02;6.0297456e-02;1.1250000e+02;1.3262030e-01;1.1250000e+02;1.8350184e-01;1.1250000e+02;2.0934868e-01;1.1250000e+02;1.9869186e-01;1.1250000e+02;2.1437706e-01;1.1250000e+02;1.6776836e-01;1.1250000e+02;1.0922990e-01;1.1250000e+02;5.5686854e-02;1.1250000e+02;8.4208921e-03;1.1250000e+02;-3.5976835e-02;1.1250000e+02;-7.9727843e-02;1.1250000e+02;-1.2060726e-01;1.1250000e+02;-1.6527086e-01;1.1250000e+02;-7.9203933e-02;1.1250000e+02;-7.4327365e-02;1.1250000e+02;-4.3166980e-02;1.1250000e+02;1.4504790e-03;1.1250000e+02;6.0297456e-02;1.1250000e+02;1.3262030e-01;1.1250000e+02;1.8350184e-01;1.1250000e+02;2.0934868e-01;1.1250000e+02;1.9869186e-01;1.1250000e+02;2.1437706e-01;1.1250000e+02;1.6776836e-01;1.1250000e+02;1.0922990e-01;1.1250000e+02;5.5686854e-02;1.1250000e+02;8.4208921e-03;1.1250000e+02;-3.5976835e-02;1.1250000e+02;-7.9727843e-02;1.1250000e+02;-1.2060726e-01;1.1250000e+02;-1.6527086e-01;1.1250000e+02;-7.9203933e-02;1.1250000e+02;-7.4327365e-02;1.1250000e+02;-4.3166980e-02;1.1250000e+02;1.4504790e-03;1.1250000e+02;6.0297456e-02;1.1250000e+02;1.3262030e-01;1.1250000e+02;1.8350184e-01;1.1250000e+02;2.0934868e-01;1.1250000e+02;1.9869186e-01;1.1250000e+02;2.1437706e-01;1.1250000e+02;1.6776836e-01;1.1250000e+02;1.0922990e-01;1.1250000e+02;5.5686854e-02;1.1250000e+02;8.4208921e-03;1.1250000e+02;-3.5976835e-02;1.1250000e+02;-7.9727843e-02;1.1250000e+02;-1.2060726e-01;1.1250000e+02;-1.6527086e-01;1.1250000e+02;-7.9203933e-02;1.1250000e+02;-7.4327365e-02;1.1250000e+02;-4.3166980e-02;1.1250000e+02;1.4504790e-03;1.1250000e+02;6.0297456e-02;1.1250000e+02;1.3262030e-01;1.1250000e+02;1.8350184e-01;1.1250000e+02;2.0934868e-01;1.1250000e+02;1.9869186e-01;1.1250000e+02;2.1437706e-01;1.1250000e+02;1.6776836e-01;1.1250000e+02;1.0922990e-01;1.1250000e+02;5.5686854e-02;1.1250000e+02;8.4208921e-03;1.1250000e+02;-3.5976835e-02;1.1250000e+02;-7.9727843e-02;1.1250000e+02;-1.2060726e-01;1.1250000e+02;-1.6527086e-01;1.1250000e+02;-7.9203933e-02;1.1250000e+02;-7.4327365e-02;1.1250000e+02;-4.3166980e-02;1.1250000e+02;1.4504790e-03;1.1250000e+02;6.0297456e-02;1.1250000e+02;1.3262030e-01;1.1250000e+02;1.8350184e-01;1.1250000e+02;2.0934868e-01;1.1250000e+02;1.9869186e-01;1.1250000e+02;2.1437706e-01;1.1250000e+02;1.6776836e-01;1.1250000e+02;1.0922990e-01;1.1250000e+02;5.5686854e-02;1.1250000e+02;8.4208921e-03;1.1250000e+02;-3.5976835e-02;1.1250000e+02;-7.9727843e-02;1.1250000e+02;-1.2060726e-01;1.1250000e+02;-1.6527086e-01;1.1250000e+02;-7.9203933e-02;1.1250000e+02;-7.4327365e-02;1.1250000e+02;-4.3166980e-02;1.1250000e+02;1.4504790e-03;1.1250000e+02;6.0297456e-02;1.1250000e+02;1.3262030e-01;1.1250000e+02;1.8350184e-01;1.1250000e+02;2.0934868e-01;1.1250000e+02;1.9869186e-01;1.1250000e+02;2.1437706e-01;1.1250000e+02;1.6776836e-01;1.1250000e+02;1.0922990e-01;1.1250000e+02;5.5686854e-02;1.1250000e+02;8.4208921e-03;1.1250000e+02;-3.5976835e-02;1.1250000e+02;-7.9727843e-02;1.1250000e+02;-1.2060726e-01;1.1250000e+02;-1.6527086e-01;1.1250000e+02;-7.9203933e-02;1.1250000e+02;-7.4327365e-02;1.1250000e+02;-4.3166980e-02;1.1250000e+02;1.4504790e-03;1.1250000e+02;6.0297456e-02;1.1250000e+02;1.3262030e-01;1.1250000e+02;1.8350184e-01;1.1250000e+02;2.0934868e-01;1.1250000e+02;1.9869186e-01;1.1250000e+02;2.1437706e-01;1.1250000e+02;1.6776836e-01;1.1250000e+02;1.0922990e-01;1.1250000e+02;5.5686854e-02;1.1250000e+02;8.4208921e-03;1.1250000e+02;-3.5976835e-02;1.1250000e+02;-7.9727843e-02;1.1250000e+02;-1.2060726e-01;1.1250000e+02;-1.6527086e-01;1.1250000e+02;-7.9203933e-02;1.1250000e+02;-7.4327365e-02;1.1250000e+02;-4.3166980e-02;1.1250000e+02;1.4504790e-03;1.1250000e+02;6.0297456e-02;1.1250000e+02;1.3262030e-01;1.1250000e+02;1.8350184e-01;1.1250000e+02;2.0934868e-01;1.1250000e+02;1.9869186e-01;1.1250000e+02;2.1437706e-01;1.1250000e+02;1.6776836e-01;1.1250000e+02;1.0922990e-01;1.1250000e+02;5.5686854e-02;1.1250000e+02;8.4208921e-03;1.1250000e+02;-3.5976835e-02;1.1250000e+02;-7.9727843e-02;1.1250000e+02;-1.2060726e-01;1.1250000e+02;-1.6527086e-01;1.1250000e+02;-7.9203933e-02;1.1250000e+02;-7.4327365e-02;1.1250000e+02;-4.3166980e-02;1.1250000e+02;1.4504790e-03;1.1250000e+02;6.0297456e-02;1.1250000e+02;1.3262030e-01;1.1250000e+02;1.8350184e-01;1.1250000e+02;2.0934868e-01;1.1250000e+02;1.9869186e-01;1.1250000e+02;2.1437706e-01;1.1250000e+02;1.6776836e-01;1.1250000e+02;1.0922990e-01;1.1250000e+02;5.5686854e-02;1.1250000e+02;8.4208921e-03;1.1250000e+02;-3.5976835e-02;1.1250000e+02;-7.9727843e-02;1.1250000e+02;-1.2060726e-01;1.1250000e+02;-1.6527086e-01;1.1250000e+02;-7.9203933e-02;1.1250000e+02;-7.4327365e-02;1.1250000e+02;-4.3166980e-02;1.1250000e+02;1.4504790e-03;1.1250000e+02;6.0297456e-02;1.1250000e+02;1.3262030e-01;1.1250000e+02;1.8350184e-01;1.1250000e+02;2.0934868e-01;1.1250000e+02;1.9869186e-01;1.1250000e+02;2.1437706e-01;1.1250000e+02;1.6776836e-01;1.1250000e+02;1.0922990e-01;1.1250000e+02;5.5686854e-02;1.1250000e+02;8.4208921e-03;1.1250000e+02;-3.5976835e-02;1.1250000e+02;-7.9727843e-02;1.1250000e+02;-1.2060726e-01;1.1250000e+02;-1.6527086e-01;1.1250000e+02;-7.9203933e-02;1.1250000e+02;-7.4327365e-02;1.1250000e+02;-4.3166980e-02;1.1250000e+02;1.4504790e-03;1.1250000e+02;6.0297456e-02;1.1250000e+02;1.3262030e-01;1.1250000e+02;1.8350184e-01;1.1250000e+02;2.0934868e-01;1.1250000e+02;1.9869186e-01;1.1250000e+02;2.1437706e-01;1.1250000e+02;1.6776836e-01;1.1250000e+02;1.0922990e-01;1.1250000e+02;5.5686854e-02;1.1250000e+02;8.4208921e-03;1.1250000e+02;-3.5976835e-02;1.1250000e+02;-7.9727843e-02;1.1250000e+02;-1.2060726e-01;1.1250000e+02;-1.6527086e-01;1.1250000e+02;-7.9203933e-02;1.1250000e+02;-7.4327365e-02;1.1250000e+02;-4.3166980e-02;1.1250000e+02;1.4504790e-03;1.1250000e+02;6.0297456e-02;1.1250000e+02;1.3262030e-01;1.1250000e+02;1.8350184e-01;1.1250000e+02;2.0934868e-01;1.1250000e+02;1.9869186e-01;1.1250000e+02;2.1437706e-01;1.1250000e+02;1.6776836e-01;1.1250000e+02;1.0922990e-01;1.1250000e+02;5.5686854e-02;1.1250000e+02;8.4208921e-03;1.1250000e+02;-3.5976835e-02;1.1250000e+02;-7.9727843e-02;1.1250000e+02;-1.2060726e-01;1.1250000e+02;-1.6527086e-01;1.1250000e+02;-7.9203933e-02;1.1250000e+02;-7.4327365e-02;1.1250000e+02;-4.3166980e-02;1.1250000e+02;1.4504790e-03;1.1250000e+02;6.0297456e-02;1.1250000e+02;1.3262030e-01;1.1250000e+02;1.8350184e-01;1.1250000e+02;2.0934868e-01;1.1250000e+02;1.9869186e-01;1.1250000e+02;2.1437706e-01;1.1250000e+02;1.6776836e-01;1.1250000e+02;1.0922990e-01;1.1250000e+02;5.5686854e-02;1.1250000e+02;8.4208921e-03;1.1250000e+02;-3.5976835e-02;1.1250000e+02;-7.9727843e-02;1.1250000e+02;-1.2060726e-01;1.1250000e+02;-1.6527086e-01;1.1250000e+02;-7.9203933e-02;1.1250000e+02;-7.4327365e-02;1.1250000e+02;-4.3166980e-02;1.1250000e+02;1.4504790e-03;1.1250000e+02;6.0297456e-02;1.1250000e+02;1.3262030e-01;1.1250000e+02;1.8350184e-01;1.1250000e+02;2.0934868e-01;1.1250000e+02;1.9869186e-01;1.1250000e+02;2.1437706e-01;1.1250000e+02;1.6776836e-01;1.1250000e+02;1.0922990e-01;1.1250000e+02;5.5686854e-02;1.1250000e+02;8.4208921e-03;1.1250000e+02;-3.5976835e-02;1.1250000e+02;-7.9727843e-02;1.1250000e+02;-1.2060726e-01;1.1250000e+02;-1.6527086e-01;1.1250000e+02;-7.9203933e-02;1.1250000e+02;-7.4327365e-02;1.1250000e+02;-4.3166980e-02;1.1250000e+02;1.4504790e-03;1.1250000e+02;6.0297456e-02;1.1250000e+02;1.3262030e-01;1.1250000e+02;1.8350184e-01;1.1250000e+02;2.0934868e-01;1.1250000e+02;1.9869186e-01;1.1250000e+02;2.1437706e-01;1.1250000e+02;1.6776836e-01;1.1250000e+02;1.0922990e-01;1.1250000e+02;5.5686854e-02;1.1250000e+02;8.4208921e-03;1.1250000e+02;-3.5976835e-02;1.1250000e+02;-7.9727843e-02;1.1250000e+02;-1.2060726e-01;1.1250000e+02;-1.6527086e-01;1.1250000e+02;-7.9203933e-02;1.1250000e+02;-7.4327365e-02;1.1250000e+02;-4.3166980e-02;1.1250000e+02;1.4504790e-03;1.1250000e+02;6.0297456e-02;1.1250000e+02;1.3262030e-01;1.1250000e+02;1.8350184e-01;1.1250000e+02;2.0934868e-01;1.1250000e+02;1.9869186e-01;1.1250000e+02;2.1437706e-01;1.1250000e+02;1.6776836e-01;1.1250000e+02;1.0922990e-01;1.1250000e+02;5.5686854e-02;1.1250000e+02;8.4208921e-03;1.1250000e+02;-3.5976835e-02;1.1250000e+02;-7.9727843e-02;1.1250000e+02;-1.2060726e-01;1.1250000e+02;-1.6527086e-01;1.1250000e+02;-7.9203933e-02;1.1250000e+02;-7.4327365e-02;1.1250000e+02;-4.3166980e-02;1.1250000e+02;1.4504790e-03;1.1250000e+02;6.0297456e-02;1.1250000e+02;1.3262030e-01;1.1250000e+02;1.8350184e-01;1.1250000e+02;2.0934868e-01;1.1250000e+02;1.9869186e-01;1.1250000e+02;2.1437706e-01;1.1250000e+02;1.6776836e-01;1.1250000e+02;1.0922990e-01;1.1250000e+02;5.5686854e-02;1.1250000e+02;8.4208921e-03;1.1250000e+02;-3.5976835e-02;1.1250000e+02;-7.9727843e-02;1.1250000e+02;-1.2060726e-01;1.1250000e+02;-1.6527086e-01;1.1250000e+02;-7.9203933e-02;1.1250000e+02;-7.4327365e-02;1.1250000e+02;-4.3166980e-02;1.1250000e+02;1.4504790e-03;1.1250000e+02;6.0297456e-02;1.1250000e+02;1.3262030e-01;1.1250000e+02;1.8350184e-01;1.1250000e+02;2.0934868e-01;1.1250000e+02;1.9869186e-01;1.1250000e+02;2.1437706e-01;1.1250000e+02;1.6776836e-01;1.1250000e+02;1.0922990e-01;1.1250000e+02;5.5686854e-02;1.1250000e+02;8.4208921e-03;1.1250000e+02;-3.5976835e-02;1.1250000e+02;-7.9727843e-02;1.1250000e+02;-1.2060726e-01;1.1250000e+02;-1.6527086e-01;1.1250000e+02;-7.9203933e-02;1.1250000e+02;-7.4327365e-02;1.1250000e+02;-4.3166980e-02;1.1250000e+02;1.4504790e-03;1.1250000e+02;6.0297456e-02;1.1250000e+02;1.3262030e-01;1.1250000e+02;1.8350184e-01;1.1250000e+02;2.0934868e-01;1.1250000e+02;1.9869186e-01;1.1250000e+02;2.1437706e-01;1.1250000e+02;1.6776836e-01;1.1250000e+02;1.0922990e-01;1.1250000e+02;5.5686854e-02;1.1250000e+02;8.4208921e-03;1.1250000e+02;-3.5976835e-02;1.1250000e+02;-7.9727843e-02;1.1250000e+02;-1.2060726e-01;1.1250000e+02;-1.6527086e-01;1.1250000e+02;-7.9203933e-02;1.1250000e+02;-7.4327365e-02;1.1250000e+02;-4.3166980e-02;1.1250000e+02;1.4504790e-03;1.1250000e+02;6.0297456e-02;1.1250000e+02;1.3262030e-01;1.1250000e+02;1.8350184e-01;1.1250000e+02;2.0934868e-01;1.1250000e+02;1.9869186e-01;1.1250000e+02;2.1437706e-01;1.1250000e+02;1.6776836e-01;1.1250000e+02;1.0922990e-01;1.1250000e+02;5.5686854e-02;1.1250000e+02;8.4208921e-03;1.1250000e+02;-3.5976835e-02;1.1250000e+02;-7.9727843e-02;1.1250000e+02;-1.2060726e-01;1.1250000e+02;-1.6527086e-01;1.1250000e+02;-7.9203933e-02;1.1250000e+02;-7.4327365e-02;1.1250000e+02;-4.3166980e-02;1.1250000e+02;1.4504790e-03;1.1250000e+02;6.0297456e-02;1.1250000e+02;1.3262030e-01;1.1250000e+02;1.8350184e-01;1.1250000e+02;2.0934868e-01;1.1250000e+02;1.9869186e-01;1.1250000e+02;2.1437706e-01;1.1250000e+02;1.6776836e-01;1.1250000e+02;1.0922990e-01;1.1250000e+02;5.5686854e-02;1.1250000e+02;8.4208921e-03;1.1250000e+02;-3.5976835e-02;1.1250000e+02;-7.9727843e-02;1.1250000e+02;-1.2060726e-01;1.1250000e+02;-1.6527086e-01;1.1250000e+02;-7.9203933e-02;1.1250000e+02;-7.4327365e-02;1.1250000e+02;-4.3166980e-02;1.1250000e+02;1.4504790e-03;1.1250000e+02;6.0297456e-02;1.1250000e+02;1.3262030e-01;1.1250000e+02;1.8350184e-01;1.1250000e+02;2.0934868e-01;1.1250000e+02;1.9869186e-01;1.1250000e+02;2.1437706e-01;1.1250000e+02;1.6776836e-01;1.1250000e+02;1.0922990e-01;1.1250000e+02;5.5686854e-02;1.1250000e+02;8.4208921e-03;1.1250000e+02;-3.5976835e-02;1.1250000e+02;-7.9727843e-02;1.1250000e+02;-1.2060726e-01;1.1250000e+02;-1.6527086e-01;1.1250000e+02;-7.9203933e-02;1.1250000e+02;-7.4327365e-02;1.1250000e+02;-4.3166980e-02;1.1250000e+02;1.4504790e-03;1.1250000e+02;6.0297456e-02;1.1250000e+02;1.3262030e-01;1.1250000e+02;1.8350184e-01;1.1250000e+02;2.0934868e-01;1.1250000e+02;1.9869186e-01;1.1250000e+02;2.1437706e-01;1.1250000e+02;1.6776836e-01;1.1250000e+02;1.0922990e-01;1.1250000e+02;5.5686854e-02;1.1250000e+02;8.4208921e-03;1.1250000e+02;-3.5976835e-02;1.1250000e+02;-7.9727843e-02;1.1250000e+02;-1.2060726e-01;1.1250000e+02;-1.6527086e-01;1.1250000e+02;-7.9203933e-02;1.1250000e+02;-7.4327365e-02;1.1250000e+02;-4.3166980e-02;1.1250000e+02;1.4504790e-03;1.1250000e+02;6.0297456e-02;1.1250000e+02;1.3262030e-01;1.1250000e+02;1.8350184e-01;1.1250000e+02;2.0934868e-01;1.1250000e+02;1.9869186e-01;1.1250000e+02;2.1437706e-01;1.1250000e+02;1.6776836e-01;1.1250000e+02;1.0922990e-01;1.1250000e+02;5.5686854e-02;1.1250000e+02;8.4208921e-03;1.1250000e+02;-3.5976835e-02;1.1250000e+02;-7.9727843e-02;1.1250000e+02;-1.2060726e-01;1.1250000e+02;-1.6527086e-01;1.1250000e+02;-7.9203933e-02;1.1250000e+02;-7.4327365e-02;1.1250000e+02;-4.3166980e-02;1.1250000e+02;1.4504790e-03;1.1250000e+02;6.0297456e-02;1.1250000e+02;1.3262030e-01;1.1250000e+02;1.8350184e-01;1.1250000e+02;2.0934868e-01;1.1250000e+02;1.9869186e-01;1.1250000e+02;2.1437706e-01;1.1250000e+02;1.6776836e-01;1.1250000e+02;1.0922990e-01;1.1250000e+02;5.5686854e-02;1.1250000e+02;8.4208921e-03;1.1250000e+02;-3.5976835e-02;1.1250000e+02;-7.9727843e-02;1.1250000e+02;-1.2060726e-01;1.1250000e+02;-1.6527086e-01;1.1250000e+02;-7.9203933e-02;1.1250000e+02;-7.4327365e-02;1.1250000e+02;-4.3166980e-02;1.1250000e+02;1.4504790e-03;1.1250000e+02;6.0297456e-02;1.1250000e+02;1.3262030e-01;1.1250000e+02;1.8350184e-01;1.1250000e+02;2.0934868e-01;1.1250000e+02;1.9869186e-01;1.1250000e+02;2.1437706e-01;1.1250000e+02;1.6776836e-01;1.1250000e+02;1.0922990e-01;1.1250000e+02;5.5686854e-02;1.1250000e+02;8.4208921e-03;1.1250000e+02;-3.5976835e-02;1.1250000e+02;-7.9727843e-02;1.1250000e+02;-1.2060726e-01;1.1250000e+02;-1.6527086e-01;1.1250000e+02;-7.9203933e-02;1.1250000e+02;-7.4327365e-02;1.1250000e+02;-4.3166980e-02;1.1250000e+02;1.4504790e-03;1.1250000e+02;6.0297456e-02;1.1250000e+02;1.3262030e-01;1.1250000e+02;1.8350184e-01;1.1250000e+02;2.0934868e-01;1.1250000e+02;1.9869186e-01;1.1250000e+02;2.1437706e-01;1.1250000e+02;1.6776836e-01;1.1250000e+02;1.0922990e-01;1.1250000e+02;5.5686854e-02;1.1250000e+02;8.4208921e-03;1.1250000e+02;-3.5976835e-02;1.1250000e+02;-7.9727843e-02;1.1250000e+02;-1.2060726e-01;1.1250000e+02;-1.6527086e-01;1.1250000e+02;-7.9203933e-02;1.1250000e+02;-7.4327365e-02;1.1250000e+02;-4.3166980e-02;1.1250000e+02;1.4504790e-03;1.1250000e+02;6.0297456e-02;1.1250000e+02;1.3262030e-01;1.1250000e+02;1.8350184e-01;1.1250000e+02;2.0934868e-01;1.1250000e+02;1.9869186e-01;1.1250000e+02;2.1437706e-01;1.1250000e+02;1.6776836e-01;1.1250000e+02;1.0922990e-01;1.1250000e+02;5.5686854e-02;1.1250000e+02;8.4208921e-03;1.1250000e+02;-3.5976835e-02;1.1250000e+02;-7.9727843e-02;1.1250000e+02;-1.2060726e-01;1.1250000e+02;-1.6527086e-01;1.1250000e+02;-7.9203933e-02;1.1250000e+02;-7.4327365e-02;1.1250000e+02;-4.3166980e-02;1.1250000e+02;1.4504790e-03;1.1250000e+02;6.0297456e-02;1.1250000e+02;1.3262030e-01;1.1250000e+02;1.8350184e-01;1.1250000e+02;2.0934868e-01;1.1250000e+02;1.9869186e-01;1.1250000e+02;2.1437706e-01;1.1250000e+02;1.6776836e-01;1.1250000e+02;1.0922990e-01;1.1250000e+02;5.5686854e-02;1.1250000e+02;8.4208921e-03;1.1250000e+02;-3.5976835e-02;1.1250000e+02;-7.9727843e-02;1.1250000e+02;-1.2060726e-01;1.1250000e+02;-1.6527086e-01;1.1250000e+02;-7.9203933e-02;1.1250000e+02;-7.4327365e-02;1.1250000e+02;-4.3166980e-02;1.1250000e+02;1.4504790e-03;1.1250000e+02;6.0297456e-02;1.1250000e+02;1.3262030e-01;1.1250000e+02;1.8350184e-01;1.1250000e+02;2.0934868e-01;1.1250000e+02;1.9869186e-01;1.1250000e+02;2.1437706e-01;1.1250000e+02;1.6776836e-01;1.1250000e+02;1.0922990e-01;1.1250000e+02;5.5686854e-02;1.1250000e+02;8.4208921e-03;1.1250000e+02;-3.5976835e-02;1.1250000e+02;-7.9727843e-02;1.1250000e+02;-1.2060726e-01;1.1250000e+02;-1.6527086e-01;1.1250000e+02;-7.9203933e-02;1.1250000e+02;-7.4327365e-02;1.1250000e+02;-4.3166980e-02;1.1250000e+02;1.4504790e-03;1.1250000e+02;6.0297456e-02;1.1250000e+02;1.3262030e-01;1.1250000e+02;1.8350184e-01;1.1250000e+02;2.0934868e-01;1.1250000e+02;1.9869186e-01;1.1250000e+02;2.1437706e-01;1.1250000e+02;1.6776836e-01;1.1250000e+02;1.0922990e-01;1.1250000e+02;5.5686854e-02;1.1250000e+02;8.4208921e-03;1.1250000e+02;-3.5976835e-02;1.1250000e+02;-7.9727843e-02;1.1250000e+02;-1.2060726e-01;1.1250000e+02;-1.6527086e-01;1.1250000e+02;-7.9203933e-02;1.1250000e+02;-7.4327365e-02;1.1250000e+02;-4.3166980e-02;1.1250000e+02;1.4504790e-03;1.1250000e+02;6.0297456e-02;1.1250000e+02;1.3262030e-01;1.1250000e+02;1.8350184e-01;1.1250000e+02;2.0934868e-01;1.1250000e+02;1.9869186e-01;1.1250000e+02;2.1437706e-01;1.1250000e+02;1.6776836e-01;1.1250000e+02;1.0922990e-01;1.1250000e+02;5.5686854e-02;1.1250000e+02;8.4208921e-03;1.1250000e+02;-3.5976835e-02;1.1250000e+02;-7.9727843e-02;1.1250000e+02;-1.2060726e-01;1.1250000e+02;-1.6527086e-01;1.1250000e+02;-7.9203933e-02;1.1250000e+02;-7.4327365e-02;1.1250000e+02;-4.3166980e-02;1.1250000e+02;1.4504790e-03;1.1250000e+02;6.0297456e-02;1.1250000e+02;1.3262030e-01;1.1250000e+02;1.8350184e-01;1.1250000e+02;2.0934868e-01;1.1250000e+02;1.9869186e-01;1.1250000e+02;2.1437706e-01;1.1250000e+02;1.6776836e-01;1.1250000e+02;1.0922990e-01;1.1250000e+02;5.5686854e-02;1.1250000e+02;8.4208921e-03;1.1250000e+02;-3.5976835e-02;1.1250000e+02;-7.9727843e-02;1.1250000e+02;-1.2060726e-01;1.1250000e+02;-1.6527086e-01;1.1250000e+02;-7.9203933e-02;1.1250000e+02;-7.4327365e-02;1.1250000e+02;-4.3166980e-02;1.1250000e+02;1.4504790e-03;1.1250000e+02;6.0297456e-02;1.1250000e+02;1.3262030e-01;1.1250000e+02;1.8350184e-01;1.1250000e+02;2.0934868e-01;1.1250000e+02;1.9869186e-01;1.1250000e+02;2.1437706e-01;1.1250000e+02;1.6776836e-01;1.1250000e+02;1.0922990e-01;1.1250000e+02;5.5686854e-02;1.1250000e+02;8.4208921e-03;1.1250000e+02;-3.5976835e-02;1.1250000e+02;-7.9727843e-02;1.1250000e+02;-1.2060726e-01;1.1250000e+02;-1.6527086e-01;1.1250000e+02;-7.9203933e-02;1.1250000e+02;-7.4327365e-02;1.1250000e+02;-4.3166980e-02;1.1250000e+02;1.4504790e-03;1.1250000e+02;6.0297456e-02;1.1250000e+02;1.3262030e-01;1.1250000e+02;1.8350184e-01;1.1250000e+02;2.0934868e-01;1.1250000e+02;1.9869186e-01;1.1250000e+02;2.1437706e-01;1.1250000e+02;1.6776836e-01;1.1250000e+02;1.0922990e-01;1.1250000e+02;5.5686854e-02;1.1250000e+02;8.4208921e-03;1.1250000e+02;-3.5976835e-02;1.1250000e+02;-7.9727843e-02;1.1250000e+02;-1.2060726e-01;1.1250000e+02;-1.6527086e-01;1.1250000e+02;-7.9203933e-02;1.1250000e+02;-7.4327365e-02;1.1250000e+02;-4.3166980e-02;1.1250000e+02;1.4504790e-03;1.1250000e+02;6.0297456e-02;1.1250000e+02;1.3262030e-01;1.1250000e+02;1.8350184e-01;1.1250000e+02;2.0934868e-01;1.1250000e+02;1.9869186e-01;1.1250000e+02;2.1437706e-01;1.1250000e+02;1.6776836e-01;1.1250000e+02;1.0922990e-01;1.1250000e+02;5.5686854e-02;1.1250000e+02;8.4208921e-03;1.1250000e+02;-3.5976835e-02;1.1250000e+02;-7.9727843e-02;1.1250000e+02;-1.2060726e-01;1.1250000e+02;-1.6527086e-01;1.1250000e+02;-7.9203933e-02;1.1250000e+02;-7.4327365e-02;1.1250000e+02;-4.3166980e-02;1.1250000e+02;1.4504790e-03;1.1250000e+02;6.0297456e-02;1.1250000e+02;1.3262030e-01;1.1250000e+02;1.8350184e-01;1.1250000e+02;2.0934868e-01;1.1250000e+02;1.9869186e-01;1.1250000e+02;2.1437706e-01;1.1250000e+02;1.6776836e-01;1.1250000e+02;1.0922990e-01;1.1250000e+02;5.5686854e-02;1.1250000e+02;8.4208921e-03;1.1250000e+02;-3.5976835e-02;1.1250000e+02;-7.9727843e-02;1.1250000e+02;-1.2060726e-01;1.1250000e+02;-1.6527086e-01;1.1250000e+02;-7.9203933e-02;1.1250000e+02;-7.4327365e-02;1.1250000e+02;-4.3166980e-02;1.1250000e+02;1.4504790e-03;1.1250000e+02;6.0297456e-02;1.1250000e+02;1.3262030e-01;1.1250000e+02;1.8350184e-01;1.1250000e+02;2.0934868e-01;1.1250000e+02;1.9869186e-01;1.1250000e+02;2.1437706e-01;1.1250000e+02;1.6776836e-01;1.1250000e+02;1.0922990e-01;1.1250000e+02;5.5686854e-02;1.1250000e+02;8.4208921e-03;1.1250000e+02;-3.5976835e-02;1.1250000e+02;-7.9727843e-02;1.1250000e+02;-1.2060726e-01;1.1250000e+02;-1.6527086e-01;1.1250000e+02;-7.9203933e-02;1.1250000e+02;-7.4327365e-02;1.1250000e+02;-4.3166980e-02;1.1250000e+02;1.4504790e-03;1.1250000e+02;6.0297456e-02;1.1250000e+02;1.3262030e-01;1.1250000e+02;1.8350184e-01;1.1250000e+02;2.0934868e-01;1.1250000e+02;1.9869186e-01;1.1250000e+02;2.1437706e-01;1.1250000e+02;1.6776836e-01;1.1250000e+02;1.0922990e-01;1.1250000e+02;5.5686854e-02;1.1250000e+02;8.4208921e-03;1.1250000e+02;-3.5976835e-02;1.1250000e+02;-7.9727843e-02;1.1250000e+02;-1.2060726e-01;1.1250000e+02;-1.6527086e-01;1.1250000e+02;-7.9203933e-02;1.1250000e+02;-7.4327365e-02;1.1250000e+02;-4.3166980e-02;1.1250000e+02;1.4504790e-03;1.1250000e+02;6.0297456e-02;1.1250000e+02;1.3262030e-01;1.1250000e+02;1.8350184e-01;1.1250000e+02;2.0934868e-01;1.1250000e+02;1.9869186e-01;1.1250000e+02;2.1437706e-01;1.1250000e+02;1.6776836e-01;1.1250000e+02;1.0922990e-01;1.1250000e+02;5.5686854e-02;1.1250000e+02;8.4208921e-03;1.1250000e+02;-3.5976835e-02;1.1250000e+02;-7.9727843e-02;1.1250000e+02;-1.2060726e-01;1.1250000e+02;-1.6527086e-01;1.1250000e+02;-7.9203933e-02;1.1250000e+02;-7.4327365e-02;1.1250000e+02;-4.3166980e-02;1.1250000e+02;1.4504790e-03;1.1250000e+02;6.0297456e-02;1.1250000e+02;1.3262030e-01;1.1250000e+02;1.8350184e-01;1.1250000e+02;2.0934868e-01;1.1250000e+02;1.9869186e-01;1.1250000e+02;2.1437706e-01;1.1250000e+02;1.6776836e-01;1.1250000e+02;1.0922990e-01;1.1250000e+02;5.5686854e-02;1.1250000e+02;8.4208921e-03;1.1250000e+02;-3.5976835e-02;1.1250000e+02;-7.9727843e-02;1.1250000e+02;-1.2060726e-01;1.1250000e+02;-1.6527086e-01;1.1250000e+02;-7.9203933e-02;1.1250000e+02;-7.4327365e-02;1.1250000e+02;-4.3166980e-02;1.1250000e+02;1.4504790e-03;1.1250000e+02;6.0297456e-02;1.1250000e+02;1.3262030e-01;1.1250000e+02;1.8350184e-01;1.1250000e+02;2.0934868e-01;1.1250000e+02;1.9869186e-01;1.1250000e+02;2.1437706e-01;1.1250000e+02;1.6776836e-01;1.1250000e+02;1.0922990e-01;1.1250000e+02;5.5686854e-02;1.1250000e+02;8.4208921e-03;1.1250000e+02;-3.5976835e-02;1.1250000e+02;-7.9727843e-02;1.1250000e+02;-1.2060726e-01;1.1250000e+02;-1.6527086e-01;1.1250000e+02;-7.9203933e-02;1.1250000e+02;-7.4327365e-02;1.1250000e+02;-4.3166980e-02;1.1250000e+02;1.4504790e-03;1.1250000e+02;6.0297456e-02;1.1250000e+02;1.3262030e-01;1.1250000e+02;1.8350184e-01;1.1250000e+02;2.0934868e-01;1.1250000e+02;1.9869186e-01;1.1250000e+02;2.1437706e-01;1.1250000e+02;1.6776836e-01;1.1250000e+02;1.0922990e-01;1.1250000e+02;5.5686854e-02;1.1250000e+02;8.4208921e-03;1.1250000e+02;-3.5976835e-02;1.1250000e+02;-7.9727843e-02;1.1250000e+02;-1.2060726e-01;1.1250000e+02;-1.6527086e-01;1.1250000e+02;-7.9203933e-02;1.1250000e+02;-7.4327365e-02;1.1250000e+02;-4.3166980e-02;1.1250000e+02;1.4504790e-03;1.1250000e+02;6.0297456e-02;1.1250000e+02;1.3262030e-01;1.1250000e+02;1.8350184e-01;1.1250000e+02;2.0934868e-01;1.1250000e+02;1.9869186e-01;1.1250000e+02;2.1437706e-01;1.1250000e+02;1.6776836e-01;1.1250000e+02;1.0922990e-01;1.1250000e+02;5.5686854e-02;1.1250000e+02;8.4208921e-03;1.1250000e+02;-3.5976835e-02;1.1250000e+02;-7.9727843e-02;1.1250000e+02;-1.2060726e-01;1.1250000e+02;-1.6527086e-01;1.1250000e+02;-7.9203933e-02;1.1250000e+02;-7.4327365e-02;1.1250000e+02;-4.3166980e-02;1.1250000e+02;1.4504790e-03;1.1250000e+02;6.0297456e-02;1.1250000e+02;1.3262030e-01;1.1250000e+02;1.8350184e-01;1.1250000e+02;2.0934868e-01;1.1250000e+02;1.9869186e-01;1.1250000e+02;2.1437706e-01;1.1250000e+02;1.6776836e-01;1.1250000e+02;1.0922990e-01;1.1250000e+02;5.5686854e-02;1.1250000e+02;8.4208921e-03;1.1250000e+02;-3.5976835e-02;1.1250000e+02;-7.9727843e-02;1.1250000e+02;-1.2060726e-01;1.1250000e+02;-1.6527086e-01;1.1250000e+02;-7.9203933e-02;1.1250000e+02;-7.4327365e-02;1.1250000e+02;-4.3166980e-02;1.1250000e+02;1.4504790e-03;1.1250000e+02;6.0297456e-02;1.1250000e+02;1.3262030e-01;1.1250000e+02;1.8350184e-01;1.1250000e+02;2.0934868e-01;1.1250000e+02;1.9869186e-01;1.1250000e+02;2.1437706e-01;1.1250000e+02;1.6776836e-01;1.1250000e+02;1.0922990e-01;1.1250000e+02;5.5686854e-02;1.1250000e+02;8.4208921e-03;1.1250000e+02;-3.5976835e-02;1.1250000e+02;-7.9727843e-02;1.1250000e+02;-1.2060726e-01;1.1250000e+02;-1.6527086e-01;1.1250000e+02;-7.9203933e-02;1.1250000e+02;-7.4327365e-02;1.1250000e+02;-4.3166980e-02;1.1250000e+02;1.4504790e-03;1.1250000e+02;6.0297456e-02;1.1250000e+02;1.3262030e-01;1.1250000e+02;1.8350184e-01;1.1250000e+02;2.0934868e-01;1.1250000e+02;1.9869186e-01;1.1250000e+02;2.1437706e-01;1.1250000e+02;1.6776836e-01;1.1250000e+02;1.0922990e-01;1.1250000e+02;5.5686854e-02;1.1250000e+02;8.4208921e-03;1.1250000e+02;-3.5976835e-02;1.1250000e+02;-7.9727843e-02;1.1250000e+02;-1.2060726e-01;1.1250000e+02;-1.6527086e-01;1.1250000e+02;-7.9203933e-02;1.1250000e+02;-7.4327365e-02;1.1250000e+02;-4.3166980e-02;1.1250000e+02;1.4504790e-03;1.1250000e+02;6.0297456e-02;1.1250000e+02;1.3262030e-01;1.1250000e+02;1.8350184e-01;1.1250000e+02;2.0934868e-01;1.1250000e+02;1.9869186e-01;1.1250000e+02;2.1437706e-01;1.1250000e+02;1.6776836e-01;1.1250000e+02;1.0922990e-01;1.1250000e+02;5.5686854e-02;1.1250000e+02;8.4208921e-03;1.1250000e+02;-3.5976835e-02;1.1250000e+02;-7.9727843e-02;1.1250000e+02;-1.2060726e-01;1.1250000e+02;-1.6527086e-01;1.1250000e+02;-7.9203933e-02;1.1250000e+02;-7.4327365e-02;1.1250000e+02;-4.3166980e-02;1.1250000e+02;1.4504790e-03;1.1250000e+02;6.0297456e-02;1.1250000e+02;1.3262030e-01;1.1250000e+02;1.8350184e-01;1.1250000e+02;2.0934868e-01;1.1250000e+02;1.9869186e-01;1.1250000e+02;2.1437706e-01;1.1250000e+02;1.6776836e-01;1.1250000e+02;1.0922990e-01;1.1250000e+02;5.5686854e-02;1.1250000e+02;8.4208921e-03;1.1250000e+02;-3.5976835e-02;1.1250000e+02;-7.9727843e-02;1.1250000e+02;-1.2060726e-01;1.1250000e+02;-1.6527086e-01;1.1250000e+02;-7.9203933e-02;1.1250000e+02;-7.4327365e-02;1.1250000e+02;-4.3166980e-02;1.1250000e+02;1.4504790e-03;1.1250000e+02;6.0297456e-02;1.1250000e+02;1.3262030e-01;1.1250000e+02;1.8350184e-01;1.1250000e+02;2.0934868e-01;1.1250000e+02;1.9869186e-01;1.1250000e+02;2.1437706e-01;1.1250000e+02;1.6776836e-01;1.1250000e+02;1.0922990e-01;1.1250000e+02;5.5686854e-02;1.1250000e+02;8.4208921e-03;1.1250000e+02;-3.5976835e-02;1.1250000e+02;-7.9727843e-02;1.1250000e+02;-1.2060726e-01;1.1250000e+02;-1.6527086e-01;1.1250000e+02;-7.9203933e-02;1.1250000e+02;-7.4327365e-02;1.1250000e+02;-4.3166980e-02;1.1250000e+02;1.4504790e-03;1.1250000e+02;6.0297456e-02;1.1250000e+02;1.3262030e-01;1.1250000e+02;1.8350184e-01;1.1250000e+02;2.0934868e-01;1.1250000e+02;1.9869186e-01;1.1250000e+02;2.1437706e-01;1.1250000e+02;1.6776836e-01;1.1250000e+02;1.0922990e-01;1.1250000e+02;5.5686854e-02;1.1250000e+02;8.4208921e-03;1.1250000e+02;-3.5976835e-02;1.1250000e+02;-7.9727843e-02;1.1250000e+02;-1.2060726e-01;1.1250000e+02;-1.6527086e-01;1.1250000e+02;-7.9203933e-02;1.1250000e+02;-7.4327365e-02;1.1250000e+02;-4.3166980e-02;1.1250000e+02;1.4504790e-03;1.1250000e+02;6.0297456e-02;1.1250000e+02;1.3262030e-01;1.1250000e+02;1.8350184e-01;1.1250000e+02;2.0934868e-01;1.1250000e+02;1.9869186e-01;1.1250000e+02;2.1437706e-01;1.1250000e+02;1.6776836e-01;1.1250000e+02;1.0922990e-01;1.1250000e+02;5.5686854e-02;1.1250000e+02;8.4208921e-03;1.1250000e+02;-3.5976835e-02;1.1250000e+02;-7.9727843e-02;1.1250000e+02;-1.2060726e-01;1.1250000e+02;-1.6527086e-01;1.1250000e+02;-7.9203933e-02;1.1250000e+02;-7.4327365e-02;1.1250000e+02;-4.3166980e-02;1.1250000e+02;1.4504790e-03;1.1250000e+02;6.0297456e-02;1.1250000e+02;1.3262030e-01;1.1250000e+02;1.8350184e-01;1.1250000e+02;2.0934868e-01;1.1250000e+02;1.9869186e-01;1.1250000e+02;2.1437706e-01;1.1250000e+02;1.6776836e-01;1.1250000e+02;1.0922990e-01;1.1250000e+02;5.5686854e-02;1.1250000e+02;8.4208921e-03;1.1250000e+02;-3.5976835e-02;1.1250000e+02;-7.9727843e-02;1.1250000e+02;-1.2060726e-01;1.1250000e+02;-1.6527086e-01;1.1250000e+02;-7.9203933e-02;1.1250000e+02;-7.4327365e-02;1.1250000e+02;-4.3166980e-02;1.1250000e+02;1.4504790e-03;1.1250000e+02;6.0297456e-02;1.1250000e+02;1.3262030e-01;1.1250000e+02;1.8350184e-01;1.1250000e+02;2.0934868e-01;1.1250000e+02;1.9869186e-01;1.1250000e+02;2.1437706e-01;1.1250000e+02;1.6776836e-01;1.1250000e+02;1.0922990e-01;1.1250000e+02;5.5686854e-02;1.1250000e+02;8.4208921e-03;1.1250000e+02;-3.5976835e-02;1.1250000e+02;-7.9727843e-02;1.1250000e+02;-1.2060726e-01;1.1250000e+02;-1.6527086e-01;1.1250000e+02;-7.9203933e-02;1.1250000e+02;-7.4327365e-02;1.1250000e+02;-4.3166980e-02;1.1250000e+02;1.4504790e-03;1.1250000e+02;6.0297456e-02;1.1250000e+02;1.3262030e-01;1.1250000e+02;1.8350184e-01;1.1250000e+02;2.0934868e-01;1.1250000e+02;1.9869186e-01;1.1250000e+02;2.1437706e-01;1.1250000e+02;1.6776836e-01;1.1250000e+02;1.0922990e-01;1.1250000e+02;5.5686854e-02;1.1250000e+02;8.4208921e-03;1.1250000e+02;-3.5976835e-02;1.1250000e+02;-7.9727843e-02;1.1250000e+02;-1.2060726e-01;1.1250000e+02;-1.6527086e-01;1.1250000e+02;-7.9203933e-02;1.1250000e+02;-7.4327365e-02;1.1250000e+02;-4.3166980e-02;1.1250000e+02;1.4504790e-03;1.1250000e+02;6.0297456e-02;1.1250000e+02;1.3262030e-01;1.1250000e+02;1.8350184e-01;1.1250000e+02;2.0934868e-01;1.1250000e+02;1.9869186e-01;1.1250000e+02;2.1437706e-01;1.1250000e+02;1.6776836e-01;1.1250000e+02;1.0922990e-01;1.1250000e+02;5.5686854e-02;1.1250000e+02;8.4208921e-03;1.1250000e+02;-3.5976835e-02;1.1250000e+02;-7.9727843e-02;1.1250000e+02;-1.2060726e-01;1.1250000e+02;-1.6527086e-01;1.1250000e+02;-7.9203933e-02;1.1250000e+02;-7.4327365e-02;1.1250000e+02;-4.3166980e-02;1.1250000e+02;1.4504790e-03;1.1250000e+02;6.0297456e-02;1.1250000e+02;1.3262030e-01;1.1250000e+02;1.8350184e-01;1.1250000e+02;2.0934868e-01;1.1250000e+02;1.9869186e-01;1.1250000e+02;2.1437706e-01;1.1250000e+02;1.6776836e-01;1.1250000e+02;1.0922990e-01;1.1250000e+02;5.5686854e-02;1.1250000e+02;8.4208921e-03;1.1250000e+02;-3.5976835e-02;1.1250000e+02;-7.9727843e-02;1.1250000e+02;-1.2060726e-01;1.1250000e+02;-1.6527086e-01;1.1250000e+02;-7.9203933e-02;1.1250000e+02;-7.4327365e-02;1.1250000e+02;-4.3166980e-02;1.1250000e+02;1.4504790e-03;1.1250000e+02;6.0297456e-02;1.1250000e+02;1.3262030e-01;1.1250000e+02;1.8350184e-01;1.1250000e+02;2.0934868e-01;1.1250000e+02;1.9869186e-01;1.1250000e+02;2.1437706e-01;1.1250000e+02;1.6776836e-01;1.1250000e+02;1.0922990e-01;1.1250000e+02;5.5686854e-02;1.1250000e+02;8.4208921e-03;1.1250000e+02;-3.5976835e-02;1.1250000e+02;-7.9727843e-02;1.1250000e+02;-1.2060726e-01;1.1250000e+02;-1.6527086e-01;1.1250000e+02;-7.9203933e-02;1.1250000e+02;-7.4327365e-02;1.1250000e+02;-4.3166980e-02;1.1250000e+02;1.4504790e-03;1.1250000e+02;6.0297456e-02;1.1250000e+02;1.3262030e-01;1.1250000e+02;1.8350184e-01;1.1250000e+02;2.0934868e-01;1.1250000e+02;1.9869186e-01;1.1250000e+02;2.1437706e-01;1.1250000e+02;1.6776836e-01;1.1250000e+02;1.0922990e-01;1.1250000e+02;5.5686854e-02;1.1250000e+02;8.4208921e-03;1.1250000e+02;-3.5976835e-02;1.1250000e+02;-7.9727843e-02;1.1250000e+02;-1.2060726e-01;1.1250000e+02;-1.6527086e-01;1.1250000e+02;-7.9203933e-02;1.1250000e+02;-7.4327365e-02;1.1250000e+02;-4.3166980e-02;1.1250000e+02;1.4504790e-03;1.1250000e+02;6.0297456e-02;1.1250000e+02;1.3262030e-01;1.1250000e+02;1.8350184e-01;1.1250000e+02;2.0934868e-01;1.1250000e+02;1.9869186e-01;1.1250000e+02;2.1437706e-01;1.1250000e+02;1.6776836e-01;1.1250000e+02;1.0922990e-01;1.1250000e+02;5.5686854e-02;1.1250000e+02;8.4208921e-03;1.1250000e+02;-3.5976835e-02;1.1250000e+02;-7.9727843e-02;1.1250000e+02;-1.2060726e-01;1.1250000e+02;-1.6527086e-01;1.1250000e+02;-7.9203933e-02;1.1250000e+02;-7.4327365e-02;1.1250000e+02;-4.3166980e-02;1.1250000e+02;1.4504790e-03;1.1250000e+02;6.0297456e-02;1.1250000e+02;1.3262030e-01;1.1250000e+02;1.8350184e-01;1.1250000e+02;2.0934868e-01;1.1250000e+02;1.9869186e-01;1.1250000e+02;2.1437706e-01;1.1250000e+02;1.6776836e-01;1.1250000e+02;1.0922990e-01;1.1250000e+02;5.5686854e-02;1.1250000e+02;8.4208921e-03;1.1250000e+02;-3.5976835e-02;1.1250000e+02;-7.9727843e-02;1.1250000e+02;-1.2060726e-01;1.1250000e+02;-1.6527086e-01;1.1250000e+02;-7.9203933e-02;1.1250000e+02;-7.4327365e-02;1.1250000e+02;-4.3166980e-02;1.1250000e+02;1.4504790e-03;1.1250000e+02;6.0297456e-02;1.1250000e+02;1.3262030e-01;1.1250000e+02;1.8350184e-01;1.1250000e+02;2.0934868e-01;1.1250000e+02;1.9869186e-01;1.1250000e+02;2.1437706e-01;1.1250000e+02;1.6776836e-01;1.1250000e+02;1.0922990e-01;1.1250000e+02;5.5686854e-02;1.1250000e+02;8.4208921e-03;1.1250000e+02;-3.5976835e-02;1.1250000e+02;-7.9727843e-02;1.1250000e+02;-1.2060726e-01;1.1250000e+02;-1.6527086e-01;1.1250000e+02;-7.9203933e-02;1.1250000e+02;-7.4327365e-02;1.1250000e+02;-4.3166980e-02;1.1250000e+02;1.4504790e-03;1.1250000e+02;6.0297456e-02;1.1250000e+02;1.3262030e-01;1.1250000e+02;1.8350184e-01;1.1250000e+02;2.0934868e-01;1.1250000e+02;1.9869186e-01;1.1250000e+02;2.1437706e-01;1.1250000e+02;1.6776836e-01;1.1250000e+02;1.0922990e-01;1.1250000e+02;5.5686854e-02;1.1250000e+02;8.4208921e-03;1.1250000e+02;-3.5976835e-02;1.1250000e+02;-7.9727843e-02;1.1250000e+02;-1.2060726e-01;1.1250000e+02;-1.6527086e-01;1.1250000e+02;-7.9203933e-02;1.1250000e+02;-7.4327365e-02;1.1250000e+02;-4.3166980e-02;1.1250000e+02;1.4504790e-03;1.1250000e+02;6.0297456e-02;1.1250000e+02;1.3262030e-01;1.1250000e+02;1.8350184e-01;1.1250000e+02;2.0934868e-01;1.1250000e+02;1.9869186e-01;1.1250000e+02;2.1437706e-01;1.1250000e+02;1.6776836e-01;1.1250000e+02;1.0922990e-01;1.1250000e+02;5.5686854e-02;1.1250000e+02;8.4208921e-03;1.1250000e+02;-3.5976835e-02;1.1250000e+02;-7.9727843e-02;1.1250000e+02;-1.2060726e-01;1.1250000e+02;-1.6527086e-01;1.1250000e+02;-7.9203933e-02;1.1250000e+02;-7.4327365e-02;1.1250000e+02;-4.3166980e-02;1.1250000e+02;1.4504790e-03;1.1250000e+02;6.0297456e-02;1.1250000e+02;1.3262030e-01;1.1250000e+02;1.8350184e-01;1.1250000e+02;2.0934868e-01;1.1250000e+02;1.9869186e-01;1.1250000e+02;2.1437706e-01;1.1250000e+02;1.6776836e-01;1.1250000e+02;1.0922990e-01;1.1250000e+02;5.5686854e-02;1.1250000e+02;8.4208921e-03;1.1250000e+02;-3.5976835e-02;1.1250000e+02;-7.9727843e-02;1.1250000e+02;-1.2060726e-01;1.1250000e+02;-1.6527086e-01;1.1250000e+02;-7.9203933e-02;1.1250000e+02;-7.4327365e-02;1.1250000e+02;-4.3166980e-02;1.1250000e+02;1.4504790e-03;1.1250000e+02;6.0297456e-02;1.1250000e+02;1.3262030e-01;1.1250000e+02;1.8350184e-01;1.1250000e+02;2.0934868e-01;1.1250000e+02;1.9869186e-01;1.1250000e+02;2.1437706e-01;1.1250000e+02;1.6776836e-01;1.1250000e+02;1.0922990e-01;1.1250000e+02;5.5686854e-02;1.1250000e+02;8.4208921e-03;1.1250000e+02;-3.5976835e-02;1.1250000e+02;-7.9727843e-02;1.1250000e+02;-1.2060726e-01;1.1250000e+02;-1.6527086e-01;1.1250000e+02;-7.9203933e-02;1.1250000e+02;-7.4327365e-02;1.1250000e+02;-4.3166980e-02;1.1250000e+02;1.4504790e-03;1.1250000e+02;6.0297456e-02;1.1250000e+02;1.3262030e-01;1.1250000e+02;1.8350184e-01;1.1250000e+02;2.0934868e-01;1.1250000e+02;1.9869186e-01;1.1250000e+02;2.1437706e-01;1.1250000e+02;1.6776836e-01;1.1250000e+02;1.0922990e-01;1.1250000e+02;5.5686854e-02;1.1250000e+02;8.4208921e-03;1.1250000e+02;-3.5976835e-02;1.1250000e+02;-7.9727843e-02;1.1250000e+02;-1.2060726e-01;1.1250000e+02;-1.6527086e-01;1.1250000e+02;-7.9203933e-02;1.1250000e+02;-7.4327365e-02;1.1250000e+02;-4.3166980e-02;1.1250000e+02;1.4504790e-03;1.1250000e+02;6.0297456e-02;1.1250000e+02;1.3262030e-01;1.1250000e+02;1.8350184e-01;1.1250000e+02;2.0934868e-01;1.1250000e+02;1.9869186e-01;1.1250000e+02;2.1437706e-01;1.1250000e+02;1.6776836e-01;1.1250000e+02;1.0922990e-01;1.1250000e+02;5.5686854e-02;1.1250000e+02;8.4208921e-03;1.1250000e+02;-3.5976835e-02;1.1250000e+02;-7.9727843e-02;1.1250000e+02;-1.2060726e-01;1.1250000e+02;-1.6527086e-01;1.1250000e+02;-7.9203933e-02;1.1250000e+02;-7.4327365e-02;1.1250000e+02;-4.3166980e-02;1.1250000e+02;1.4504790e-03;1.1250000e+02;6.0297456e-02;1.1250000e+02;1.3262030e-01;1.1250000e+02;1.8350184e-01;1.1250000e+02;2.0934868e-01;1.1250000e+02;1.9869186e-01;1.1250000e+02;2.1437706e-01;1.1250000e+02;1.6776836e-01;1.1250000e+02;1.0922990e-01;1.1250000e+02;5.5686854e-02;1.1250000e+02;8.4208921e-03;1.1250000e+02;-3.5976835e-02;1.1250000e+02;-7.9727843e-02;1.1250000e+02;-1.2060726e-01;1.1250000e+02;-1.6527086e-01;1.1250000e+02;-7.9203933e-02;1.1250000e+02;-7.4327365e-02;1.1250000e+02;-4.3166980e-02;1.1250000e+02;1.4504790e-03;1.1250000e+02;6.0297456e-02;1.1250000e+02;1.3262030e-01;1.1250000e+02;1.8350184e-01;1.1250000e+02;2.0934868e-01;1.1250000e+02;1.9869186e-01;1.1250000e+02;2.1437706e-01;1.1250000e+02;1.6776836e-01;1.1250000e+02;1.0922990e-01;1.1250000e+02;5.5686854e-02;1.1250000e+02;8.4208921e-03;1.1250000e+02;-3.5976835e-02;1.1250000e+02;-7.9727843e-02;1.1250000e+02;-1.2060726e-01;1.1250000e+02;-1.6527086e-01;1.1250000e+02;-7.9203933e-02;1.1250000e+02;-7.4327365e-02;1.1250000e+02;-4.3166980e-02;1.1250000e+02;1.4504790e-03;1.1250000e+02;6.0297456e-02;1.1250000e+02;1.3262030e-01;1.1250000e+02;1.8350184e-01;1.1250000e+02;2.0934868e-01;1.1250000e+02;1.9869186e-01;1.1250000e+02;2.1437706e-01;1.1250000e+02;1.6776836e-01;1.1250000e+02;1.0922990e-01;1.1250000e+02;5.5686854e-02;1.1250000e+02;8.4208921e-03;1.1250000e+02;-3.5976835e-02;1.1250000e+02;-7.9727843e-02;1.1250000e+02;-1.2060726e-01;1.1250000e+02;-1.6527086e-01;1.1250000e+02;-7.9203933e-02;1.1250000e+02;-7.4327365e-02;1.1250000e+02;-4.3166980e-02;1.1250000e+02;1.4504790e-03;1.1250000e+02;6.0297456e-02;1.1250000e+02;1.3262030e-01;1.1250000e+02;1.8350184e-01;1.1250000e+02;2.0934868e-01;1.1250000e+02;1.9869186e-01;1.1250000e+02;2.1437706e-01;1.1250000e+02;1.6776836e-01;1.1250000e+02;1.0922990e-01;1.1250000e+02;5.5686854e-02;1.1250000e+02;8.4208921e-03;1.1250000e+02;-3.5976835e-02;1.1250000e+02;-7.9727843e-02;1.1250000e+02;-1.2060726e-01;1.1250000e+02;-1.6527086e-01;1.1250000e+02;-7.9203933e-02;1.1250000e+02;-7.4327365e-02;1.1250000e+02;-4.3166980e-02;1.1250000e+02;1.4504790e-03;1.1250000e+02;6.0297456e-02;1.1250000e+02;1.3262030e-01;1.1250000e+02;1.8350184e-01;1.1250000e+02;2.0934868e-01;1.1250000e+02;1.9869186e-01;1.1250000e+02;2.1437706e-01;1.1250000e+02;1.6776836e-01;1.1250000e+02;1.0922990e-01;1.1250000e+02;5.5686854e-02;1.1250000e+02;8.4208921e-03;1.1250000e+02;-3.5976835e-02;1.1250000e+02;-7.9727843e-02;1.1250000e+02;-1.2060726e-01;1.1250000e+02;-1.6527086e-01;1.1250000e+02;-7.9203933e-02;1.1250000e+02;-7.4327365e-02;1.1250000e+02;-4.3166980e-02;1.1250000e+02;1.4504790e-03;1.1250000e+02;6.0297456e-02;1.1250000e+02;1.3262030e-01;1.1250000e+02;1.8350184e-01;1.1250000e+02;2.0934868e-01;1.1250000e+02;1.9869186e-01;1.1250000e+02;2.1437706e-01;1.1250000e+02;1.6776836e-01;1.1250000e+02;1.0922990e-01;1.1250000e+02;5.5686854e-02;1.1250000e+02;8.4208921e-03;1.1250000e+02;-3.5976835e-02;1.1250000e+02;-7.9727843e-02;1.1250000e+02;-1.2060726e-01;1.1250000e+02;-1.6527086e-01;1.1250000e+02;-7.9203933e-02;1.1250000e+02;-7.4327365e-02;1.1250000e+02;-4.3166980e-02;1.1250000e+02;1.4504790e-03;1.1250000e+02;6.0297456e-02;1.1250000e+02;1.3262030e-01;1.1250000e+02;1.8350184e-01;1.1250000e+02;2.0934868e-01;1.1250000e+02;1.9869186e-01;1.1250000e+02;2.1437706e-01;1.1250000e+02;1.6776836e-01;1.1250000e+02;1.0922990e-01;1.1250000e+02;5.5686854e-02;1.1250000e+02;8.4208921e-03;1.1250000e+02;-3.5976835e-02;1.1250000e+02;-7.9727843e-02;1.1250000e+02;-1.2060726e-01;1.1250000e+02;-1.6527086e-01;1.1250000e+02;-7.9203933e-02;1.1250000e+02;-7.4327365e-02;1.1250000e+02;-4.3166980e-02;1.1250000e+02;1.4504790e-03;1.1250000e+02;6.0297456e-02;1.1250000e+02;1.3262030e-01;1.1250000e+02;1.8350184e-01;1.1250000e+02;2.0934868e-01;1.1250000e+02;1.9869186e-01;1.1250000e+02;2.1437706e-01;1.1250000e+02;1.6776836e-01;1.1250000e+02;1.0922990e-01;1.1250000e+02;5.5686854e-02;1.1250000e+02;8.4208921e-03;1.1250000e+02;-3.5976835e-02;1.1250000e+02;-7.9727843e-02;1.1250000e+02;-1.2060726e-01;1.1250000e+02;-1.6527086e-01;1.1250000e+02;-7.9203933e-02;1.1250000e+02;-7.4327365e-02;1.1250000e+02;-4.3166980e-02;1.1250000e+02;1.4504790e-03;1.1250000e+02;6.0297456e-02;1.1250000e+02;1.3262030e-01;1.1250000e+02;1.8350184e-01;1.1250000e+02;2.0934868e-01;1.1250000e+02;1.9869186e-01;1.1250000e+02;2.1437706e-01;1.1250000e+02;1.6776836e-01;1.1250000e+02;1.0922990e-01;1.1250000e+02;5.5686854e-02;1.1250000e+02;8.4208921e-03;1.1250000e+02;-3.5976835e-02;1.1250000e+02;-7.9727843e-02;1.1250000e+02;-1.2060726e-01;1.1250000e+02;-1.6527086e-01;1.1250000e+02;-7.9203933e-02;1.1250000e+02;-7.4327365e-02;1.1250000e+02;-4.3166980e-02;1.1250000e+02;1.4504790e-03;1.1250000e+02;6.0297456e-02;1.1250000e+02;1.3262030e-01;1.1250000e+02;1.8350184e-01;1.1250000e+02;2.0934868e-01;1.1250000e+02;1.9869186e-01;1.1250000e+02;2.1437706e-01;1.1250000e+02;1.6776836e-01;1.1250000e+02;1.0922990e-01;1.1250000e+02;5.5686854e-02;1.1250000e+02;8.4208921e-03;1.1250000e+02;-3.5976835e-02;1.1250000e+02;-7.9727843e-02;1.1250000e+02;-1.2060726e-01;1.1250000e+02;-1.6527086e-01;1.1250000e+02;-7.9203933e-02;1.1250000e+02;-7.4327365e-02;1.1250000e+02;-4.3166980e-02;1.1250000e+02;1.4504790e-03;1.1250000e+02;6.0297456e-02;1.1250000e+02;1.3262030e-01;1.1250000e+02;1.8350184e-01;1.1250000e+02;2.0934868e-01;1.1250000e+02;1.9869186e-01;1.1250000e+02;2.1437706e-01;1.1250000e+02;1.6776836e-01;1.1250000e+02;1.0922990e-01;1.1250000e+02;5.5686854e-02;1.1250000e+02;8.4208921e-03;1.1250000e+02;-3.5976835e-02;1.1250000e+02;-7.9727843e-02;1.1250000e+02;-1.2060726e-01;1.1250000e+02;-1.6527086e-01;1.1250000e+02;-7.9203933e-02;1.1250000e+02;-7.4327365e-02;1.1250000e+02;-4.3166980e-02;1.1250000e+02;1.4504790e-03;1.1250000e+02;6.0297456e-02;1.1250000e+02;1.3262030e-01;1.1250000e+02;1.8350184e-01;1.1250000e+02;2.0934868e-01;1.1250000e+02;1.9869186e-01;1.1250000e+02;2.1437706e-01;1.1250000e+02;1.6776836e-01;1.1250000e+02;1.0922990e-01;1.1250000e+02;5.5686854e-02;1.1250000e+02;8.4208921e-03;1.1250000e+02;-3.5976835e-02;1.1250000e+02;-7.9727843e-02;1.1250000e+02;-1.2060726e-01;1.1250000e+02;-1.6527086e-01;1.1250000e+02;-7.9203933e-02;1.1250000e+02;-7.4327365e-02;1.1250000e+02;-4.3166980e-02;1.1250000e+02;1.4504790e-03;1.1250000e+02;6.0297456e-02;1.1250000e+02;1.3262030e-01;1.1250000e+02;1.8350184e-01;1.1250000e+02;2.0934868e-01;1.1250000e+02;1.9869186e-01;1.1250000e+02;2.1437706e-01;1.1250000e+02;1.6776836e-01;1.1250000e+02;1.0922990e-01;1.1250000e+02;5.5686854e-02;1.1250000e+02;8.4208921e-03;1.1250000e+02;-3.5976835e-02;1.1250000e+02;-7.9727843e-02;1.1250000e+02;-1.2060726e-01;1.1250000e+02;-1.6527086e-01;1.1250000e+02;-7.9203933e-02;1.1250000e+02;-7.4327365e-02;1.1250000e+02;-4.3166980e-02;1.1250000e+02;1.4504790e-03;1.1250000e+02;6.0297456e-02;1.1250000e+02;1.3262030e-01;1.1250000e+02;1.8350184e-01;1.1250000e+02;2.0934868e-01;1.1250000e+02;1.9869186e-01;1.1250000e+02;2.1437706e-01;1.1250000e+02;1.6776836e-01;1.1250000e+02;1.0922990e-01;1.1250000e+02;5.5686854e-02;1.1250000e+02;8.4208921e-03;1.1250000e+02;-3.5976835e-02;1.1250000e+02;-7.9727843e-02;1.1250000e+02;-1.2060726e-01;1.1250000e+02;-1.6527086e-01;1.1250000e+02;-7.9203933e-02;1.1250000e+02;-7.4327365e-02;1.1250000e+02;-4.3166980e-02;1.1250000e+02;1.4504790e-03;1.1250000e+02;6.0297456e-02;1.1250000e+02;1.3262030e-01;1.1250000e+02;1.8350184e-01;1.1250000e+02;2.0934868e-01;1.1250000e+02;1.9869186e-01;1.1250000e+02;2.1437706e-01;1.1250000e+02;1.6776836e-01;1.1250000e+02;1.0922990e-01;1.1250000e+02;5.5686854e-02;1.1250000e+02;8.4208921e-03;1.1250000e+02;-3.5976835e-02;1.1250000e+02;-7.9727843e-02;1.1250000e+02;-1.2060726e-01;1.1250000e+02;-1.6527086e-01;1.1250000e+02;-7.9203933e-02;1.1250000e+02;-7.4327365e-02;1.1250000e+02;-4.3166980e-02;1.1250000e+02;1.4504790e-03;1.1250000e+02;6.0297456e-02;1.1250000e+02;1.3262030e-01;1.1250000e+02;1.8350184e-01;1.1250000e+02;2.0934868e-01;1.1250000e+02;1.9869186e-01;1.1250000e+02;2.1437706e-01;1.1250000e+02;1.6776836e-01;1.1250000e+02;1.0922990e-01;1.1250000e+02;5.5686854e-02;1.1250000e+02;8.4208921e-03;1.1250000e+02;-3.5976835e-02;1.1250000e+02;-7.9727843e-02;1.1250000e+02;-1.2060726e-01;1.1250000e+02;-1.6527086e-01;1.1250000e+02;-7.9203933e-02;1.1250000e+02;-7.4327365e-02;1.1250000e+02;-4.3166980e-02;1.1250000e+02;1.4504790e-03;1.1250000e+02;6.0297456e-02;1.1250000e+02;1.3262030e-01;1.1250000e+02;1.8350184e-01;1.1250000e+02;2.0934868e-01;1.1250000e+02;1.9869186e-01;1.1250000e+02;2.1437706e-01;1.1250000e+02;1.6776836e-01;1.1250000e+02;1.0922990e-01;1.1250000e+02;5.5686854e-02;1.1250000e+02;8.4208921e-03;1.1250000e+02;-3.5976835e-02;1.1250000e+02;-7.9727843e-02;1.1250000e+02;-1.2060726e-01;1.1250000e+02;-1.6527086e-01;1.1250000e+02;-7.9203933e-02;1.1250000e+02;-7.4327365e-02;1.1250000e+02;-4.3166980e-02;1.1250000e+02;1.4504790e-03;1.1250000e+02;6.0297456e-02;1.1250000e+02;1.3262030e-01;1.1250000e+02;1.8350184e-01;1.1250000e+02;2.0934868e-01;1.1250000e+02;1.9869186e-01;1.1250000e+02;2.1437706e-01;1.1250000e+02;1.6776836e-01;1.1250000e+02;1.0922990e-01;1.1250000e+02;5.5686854e-02;1.1250000e+02;8.4208921e-03;1.1250000e+02;-3.5976835e-02;1.1250000e+02;-7.9727843e-02;1.1250000e+02;-1.2060726e-01;1.1250000e+02;-1.6527086e-01;1.1250000e+02;-7.9203933e-02;1.1250000e+02;-7.4327365e-02;1.1250000e+02;-4.3166980e-02;1.1250000e+02;1.4504790e-03;1.1250000e+02;6.0297456e-02;1.1250000e+02;1.3262030e-01;1.1250000e+02;1.8350184e-01;1.1250000e+02;2.0934868e-01;1.1250000e+02;1.9869186e-01;1.1250000e+02;2.1437706e-01;1.1250000e+02;1.6776836e-01;1.1250000e+02;1.0922990e-01;1.1250000e+02;5.5686854e-02;1.1250000e+02;8.4208921e-03;1.1250000e+02;-3.5976835e-02;1.1250000e+02;-7.9727843e-02;1.1250000e+02;-1.2060726e-01;1.1250000e+02;-1.6527086e-01;1.1250000e+02;-7.9203933e-02;1.1250000e+02;-7.4327365e-02;1.1250000e+02;-4.3166980e-02;1.1250000e+02;1.4504790e-03;1.1250000e+02;6.0297456e-02;1.1250000e+02;1.3262030e-01;1.1250000e+02;1.8350184e-01;1.1250000e+02;2.0934868e-01;1.1250000e+02;1.9869186e-01;1.1250000e+02;2.1437706e-01;1.1250000e+02;1.6776836e-01;1.1250000e+02;1.0922990e-01;1.1250000e+02;5.5686854e-02;1.1250000e+02;8.4208921e-03;1.1250000e+02;-3.5976835e-02;1.1250000e+02;-7.9727843e-02;1.1250000e+02;-1.2060726e-01;1.1250000e+02;-1.6527086e-01;1.1250000e+02;-7.9203933e-02;1.1250000e+02;-7.4327365e-02;1.1250000e+02;-4.3166980e-02;1.1250000e+02;1.4504790e-03;1.1250000e+02;6.0297456e-02;1.1250000e+02;1.3262030e-01;1.1250000e+02;1.8350184e-01;1.1250000e+02;2.0934868e-01;1.1250000e+02;1.9869186e-01;1.1250000e+02;2.1437706e-01;1.1250000e+02;1.6776836e-01;1.1250000e+02;1.0922990e-01;1.1250000e+02;5.5686854e-02;1.1250000e+02;8.4208921e-03;1.1250000e+02;-3.5976835e-02;1.1250000e+02;-7.9727843e-02;1.1250000e+02;-1.2060726e-01;1.1250000e+02;-1.6527086e-01;1.1250000e+02;-7.9203933e-02;1.1250000e+02;-7.4327365e-02;1.1250000e+02;-4.3166980e-02;1.1250000e+02;1.4504790e-03;1.1250000e+02;6.0297456e-02;1.1250000e+02;1.3262030e-01;1.1250000e+02;1.8350184e-01;1.1250000e+02;2.0934868e-01;1.1250000e+02;1.9869186e-01;1.1250000e+02;2.1437706e-01;1.1250000e+02;1.6776836e-01;1.1250000e+02;1.0922990e-01;1.1250000e+02;5.5686854e-02;1.1250000e+02;8.4208921e-03;1.1250000e+02;-3.5976835e-02;1.1250000e+02;-7.9727843e-02;1.1250000e+02;-1.2060726e-01;1.1250000e+02;-1.6527086e-01;1.1250000e+02;-7.9203933e-02;1.1250000e+02;-7.4327365e-02;1.1250000e+02;-4.3166980e-02;1.1250000e+02;1.4504790e-03;1.1250000e+02;6.0297456e-02;1.1250000e+02;1.3262030e-01;1.1250000e+02;1.8350184e-01;1.1250000e+02;2.0934868e-01;1.1250000e+02;1.9869186e-01;1.1250000e+02;2.1437706e-01;1.1250000e+02;1.6776836e-01;1.1250000e+02;1.0922990e-01;1.1250000e+02;5.5686854e-02;1.1250000e+02;8.4208921e-03;1.1250000e+02;-3.5976835e-02;1.1250000e+02;-7.9727843e-02;1.1250000e+02;-1.2060726e-01;1.1250000e+02;-1.6527086e-01;1.1250000e+02;-7.9203933e-02;1.1250000e+02;-7.4327365e-02;1.1250000e+02;-4.3166980e-02;1.1250000e+02;1.4504790e-03;1.1250000e+02;6.0297456e-02;1.1250000e+02;1.3262030e-01;1.1250000e+02;1.8350184e-01;1.1250000e+02;2.0934868e-01;1.1250000e+02;1.9869186e-01;1.1250000e+02;2.1437706e-01;1.1250000e+02;1.6776836e-01;1.1250000e+02;1.0922990e-01;1.1250000e+02;5.5686854e-02;1.1250000e+02;8.4208921e-03;1.1250000e+02;-3.5976835e-02;1.1250000e+02;-7.9727843e-02;1.1250000e+02;-1.2060726e-01;1.1250000e+02;-1.6527086e-01;1.1250000e+02;-7.9203933e-02;1.1250000e+02;-7.4327365e-02;1.1250000e+02;-4.3166980e-02;1.1250000e+02;1.4504790e-03;1.1250000e+02;6.0297456e-02;1.1250000e+02;1.3262030e-01;1.1250000e+02;1.8350184e-01;1.1250000e+02;2.0934868e-01;1.1250000e+02;1.9869186e-01;1.1250000e+02;2.1437706e-01;1.1250000e+02;1.6776836e-01;1.1250000e+02;1.0922990e-01;1.1250000e+02;5.5686854e-02;1.1250000e+02;8.4208921e-03;1.1250000e+02;-3.5976835e-02;1.1250000e+02;-7.9727843e-02;1.1250000e+02;-1.2060726e-01;1.1250000e+02;-1.6527086e-01;1.1250000e+02;-7.9203933e-02;1.1250000e+02;-7.4327365e-02;1.1250000e+02;-4.3166980e-02;1.1250000e+02;1.4504790e-03;1.1250000e+02;6.0297456e-02;1.1250000e+02;1.3262030e-01;1.1250000e+02;1.8350184e-01;1.1250000e+02;2.0934868e-01;1.1250000e+02;1.9869186e-01;1.1250000e+02;2.1437706e-01;1.1250000e+02;1.6776836e-01;1.1250000e+02;1.0922990e-01;1.1250000e+02;5.5686854e-02;1.1250000e+02;8.4208921e-03;1.1250000e+02;-3.5976835e-02;1.1250000e+02;-7.9727843e-02;1.1250000e+02;-1.2060726e-01;1.1250000e+02;-1.6527086e-01;1.1250000e+02;-7.9203933e-02;1.1250000e+02;-7.4327365e-02;1.1250000e+02;-4.3166980e-02;1.1250000e+02;1.4504790e-03;1.1250000e+02;6.0297456e-02;1.1250000e+02;1.3262030e-01;1.1250000e+02;1.8350184e-01;1.1250000e+02;2.0934868e-01;1.1250000e+02;1.9869186e-01;1.1250000e+02;2.1437706e-01;1.1250000e+02;1.6776836e-01;1.1250000e+02;1.0922990e-01;1.1250000e+02;5.5686854e-02;1.1250000e+02;8.4208921e-03;1.1250000e+02;-3.5976835e-02;1.1250000e+02;-7.9727843e-02;1.1250000e+02;-1.2060726e-01;1.1250000e+02;-1.6527086e-01;1.1250000e+02;-7.9203933e-02;1.1250000e+02;-7.4327365e-02;1.1250000e+02;-4.3166980e-02;1.1250000e+02;1.4504790e-03;1.1250000e+02;6.0297456e-02;1.1250000e+02;1.3262030e-01;1.1250000e+02;1.8350184e-01;1.1250000e+02;2.0934868e-01;1.1250000e+02;1.9869186e-01;1.1250000e+02;2.1437706e-01;1.1250000e+02;1.6776836e-01;1.1250000e+02;1.0922990e-01;1.1250000e+02;5.5686854e-02;1.1250000e+02;8.4208921e-03;1.1250000e+02;-3.5976835e-02;1.1250000e+02;-7.9727843e-02;1.1250000e+02;-1.2060726e-01;1.1250000e+02;-1.6527086e-01;1.1250000e+02;-7.9203933e-02;1.1250000e+02;-7.4327365e-02;1.1250000e+02;-4.3166980e-02;1.1250000e+02;1.4504790e-03;1.1250000e+02;6.0297456e-02;1.1250000e+02;1.3262030e-01;1.1250000e+02;1.8350184e-01;1.1250000e+02;2.0934868e-01;1.1250000e+02;1.9869186e-01;1.1250000e+02;2.1437706e-01;1.1250000e+02;1.6776836e-01;1.1250000e+02;1.0922990e-01;1.1250000e+02;5.5686854e-02;1.1250000e+02;8.4208921e-03;1.1250000e+02;-3.5976835e-02;1.1250000e+02;-7.9727843e-02;1.1250000e+02;-1.2060726e-01;1.1250000e+02;-1.6527086e-01;1.1250000e+02;-7.9203933e-02;1.1250000e+02;-7.4327365e-02;1.1250000e+02;-4.3166980e-02;1.1250000e+02;1.4504790e-03;1.1250000e+02;6.0297456e-02;1.1250000e+02;1.3262030e-01;1.1250000e+02;1.8350184e-01;1.1250000e+02;2.0934868e-01;1.1250000e+02;1.9869186e-01;1.1250000e+02;2.1437706e-01;1.1250000e+02;1.6776836e-01;1.1250000e+02;1.0922990e-01;1.1250000e+02;5.5686854e-02;1.1250000e+02;8.4208921e-03;1.1250000e+02;-3.5976835e-02;1.1250000e+02;-7.9727843e-02;1.1250000e+02;-1.2060726e-01;1.1250000e+02;-1.6527086e-01;1.1250000e+02;-7.9203933e-02;1.1250000e+02;-7.4327365e-02;1.1250000e+02;-4.3166980e-02;1.1250000e+02;1.4504790e-03;1.1250000e+02;6.0297456e-02;1.1250000e+02;1.3262030e-01;1.1250000e+02;1.8350184e-01;1.1250000e+02;2.0934868e-01;1.1250000e+02;1.9869186e-01;1.1250000e+02;2.1437706e-01;1.1250000e+02;1.6776836e-01;1.1250000e+02;1.0922990e-01;1.1250000e+02;5.5686854e-02;1.1250000e+02;8.4208921e-03;1.1250000e+02;-3.5976835e-02;1.1250000e+02;-7.9727843e-02;1.1250000e+02;-1.2060726e-01;1.1250000e+02;-1.6527086e-01;1.1250000e+02;-7.9203933e-02;1.1250000e+02;-7.4327365e-02;1.1250000e+02;-4.3166980e-02;1.1250000e+02;1.4504790e-03;1.1250000e+02;6.0297456e-02;1.1250000e+02;1.3262030e-01;1.1250000e+02;1.8350184e-01;1.1250000e+02;2.0934868e-01;1.1250000e+02;1.9869186e-01;1.1250000e+02;2.1437706e-01;1.1250000e+02;1.6776836e-01;1.1250000e+02;1.0922990e-01;1.1250000e+02;5.5686854e-02;1.1250000e+02;8.4208921e-03;1.1250000e+02;-3.5976835e-02;1.1250000e+02;-7.9727843e-02;1.1250000e+02;-1.2060726e-01;1.1250000e+02;-1.6527086e-01;1.1250000e+02;-7.9203933e-02;1.1250000e+02;-7.4327365e-02;1.1250000e+02;-4.3166980e-02;1.1250000e+02;1.4504790e-03;1.1250000e+02;6.0297456e-02;1.1250000e+02;1.3262030e-01;1.1250000e+02;1.8350184e-01;1.1250000e+02;2.0934868e-01;1.1250000e+02;1.9869186e-01;1.1250000e+02;2.1437706e-01;1.1250000e+02;1.6776836e-01;1.1250000e+02;1.0922990e-01;1.1250000e+02;5.5686854e-02;1.1250000e+02;8.4208921e-03;1.1250000e+02;-3.5976835e-02;1.1250000e+02;-7.9727843e-02;1.1250000e+02;-1.2060726e-01;1.1250000e+02;-1.6527086e-01;1.1250000e+02;-7.9203933e-02;1.1250000e+02;-7.4327365e-02;1.1250000e+02;-4.3166980e-02;1.1250000e+02;1.4504790e-03;1.1250000e+02;6.0297456e-02;1.1250000e+02;1.3262030e-01;1.1250000e+02;1.8350184e-01;1.1250000e+02;2.0934868e-01;1.1250000e+02;1.9869186e-01;1.1250000e+02;2.1437706e-01;1.1250000e+02;1.6776836e-01;1.1250000e+02;1.0922990e-01;1.1250000e+02;5.5686854e-02;1.1250000e+02;8.4208921e-03;1.1250000e+02;-3.5976835e-02;1.1250000e+02;-7.9727843e-02;1.1250000e+02;-1.2060726e-01;1.1250000e+02;-1.6527086e-01;1.1250000e+02;-7.9203933e-02;1.1250000e+02;-7.4327365e-02;1.1250000e+02;-4.3166980e-02;1.1250000e+02;1.4504790e-03;1.1250000e+02;6.0297456e-02;1.1250000e+02;1.3262030e-01;1.1250000e+02;1.8350184e-01;1.1250000e+02;2.0934868e-01;1.1250000e+02;1.9869186e-01;1.1250000e+02;2.1437706e-01;1.1250000e+02;1.6776836e-01;1.1250000e+02;1.0922990e-01;1.1250000e+02;5.5686854e-02;1.1250000e+02;8.4208921e-03;1.1250000e+02;-3.5976835e-02;1.1250000e+02;-7.9727843e-02;1.1250000e+02;-1.2060726e-01;1.1250000e+02;-1.6527086e-01;1.1250000e+02;-7.9203933e-02;1.1250000e+02;-7.4327365e-02;1.1250000e+02;-4.3166980e-02;1.1250000e+02;1.4504790e-03;1.1250000e+02;6.0297456e-02;1.1250000e+02;1.3262030e-01;1.1250000e+02;1.8350184e-01;1.1250000e+02;2.0934868e-01;1.1250000e+02;1.9869186e-01;1.1250000e+02;2.1437706e-01;1.1250000e+02;1.6776836e-01;1.1250000e+02;1.0922990e-01;1.1250000e+02;5.5686854e-02;1.1250000e+02;8.4208921e-03;1.1250000e+02;-3.5976835e-02;1.1250000e+02;-7.9727843e-02;1.1250000e+02;-1.2060726e-01;1.1250000e+02;-1.6527086e-01;1.1250000e+02;-7.9203933e-02;1.1250000e+02;-7.4327365e-02;1.1250000e+02;-4.3166980e-02;1.1250000e+02;1.4504790e-03;1.1250000e+02;6.0297456e-02;1.1250000e+02;1.3262030e-01;1.1250000e+02;1.8350184e-01;1.1250000e+02;2.0934868e-01;1.1250000e+02;1.9869186e-01;1.1250000e+02;2.1437706e-01;1.1250000e+02;1.6776836e-01;1.1250000e+02;1.0922990e-01;1.1250000e+02;5.5686854e-02;1.1250000e+02;8.4208921e-03;1.1250000e+02;-3.5976835e-02;1.1250000e+02;-7.9727843e-02;1.1250000e+02;-1.2060726e-01;1.1250000e+02;-1.6527086e-01;1.1250000e+02;-7.9203933e-02;1.1250000e+02;-7.4327365e-02;1.1250000e+02;-4.3166980e-02;1.1250000e+02;1.4504790e-03;1.1250000e+02;6.0297456e-02;1.1250000e+02;1.3262030e-01;1.1250000e+02;1.8350184e-01;1.1250000e+02;2.0934868e-01;1.1250000e+02;1.9869186e-01;1.1250000e+02;2.1437706e-01;1.1250000e+02;1.6776836e-01;1.1250000e+02;1.0922990e-01;1.1250000e+02;5.5686854e-02;1.1250000e+02;8.4208921e-03;1.1250000e+02;-3.5976835e-02;1.1250000e+02;-7.9727843e-02;1.1250000e+02;-1.2060726e-01;1.1250000e+02;-1.6527086e-01;1.1250000e+02;-7.9203933e-02;1.1250000e+02;-7.4327365e-02;1.1250000e+02;-4.3166980e-02;1.1250000e+02;1.4504790e-03;1.1250000e+02;6.0297456e-02;1.1250000e+02;1.3262030e-01;1.1250000e+02;1.8350184e-01;1.1250000e+02;2.0934868e-01;1.1250000e+02;1.9869186e-01;1.1250000e+02;2.1437706e-01;1.1250000e+02;1.6776836e-01;1.1250000e+02;1.0922990e-01;1.1250000e+02;5.5686854e-02;1.1250000e+02;8.4208921e-03;1.1250000e+02;-3.5976835e-02;1.1250000e+02;-7.9727843e-02;1.1250000e+02;-1.2060726e-01;1.1250000e+02;-1.6527086e-01;1.1250000e+02;-7.9203933e-02;1.1250000e+02;-7.4327365e-02;1.1250000e+02;-4.3166980e-02;1.1250000e+02;1.4504790e-03;1.1250000e+02;6.0297456e-02;1.1250000e+02;1.3262030e-01;1.1250000e+02;1.8350184e-01;1.1250000e+02;2.0934868e-01;1.1250000e+02;1.9869186e-01;1.1250000e+02;2.1437706e-01;1.1250000e+02;1.6776836e-01;1.1250000e+02;1.0922990e-01;1.1250000e+02;5.5686854e-02;1.1250000e+02;8.4208921e-03;1.1250000e+02;-3.5976835e-02;1.1250000e+02;-7.9727843e-02;1.1250000e+02;-1.2060726e-01;1.1250000e+02;-1.6527086e-01;1.1250000e+02;-7.9203933e-02;1.1250000e+02;-7.4327365e-02;1.1250000e+02;-4.3166980e-02;1.1250000e+02;1.4504790e-03;1.1250000e+02;6.0297456e-02;1.1250000e+02;1.3262030e-01;1.1250000e+02;1.8350184e-01;1.1250000e+02;2.0934868e-01;1.1250000e+02;1.9869186e-01;1.1250000e+02;2.1437706e-01;1.1250000e+02;1.6776836e-01;1.1250000e+02;1.0922990e-01;1.1250000e+02;5.5686854e-02;1.1250000e+02;8.4208921e-03;1.1250000e+02;-3.5976835e-02;1.1250000e+02;-7.9727843e-02;1.1250000e+02;-1.2060726e-01;1.1250000e+02;-1.6527086e-01;1.1250000e+02;-7.9203933e-02;1.1250000e+02;-7.4327365e-02;1.1250000e+02;-4.3166980e-02;1.1250000e+02;1.4504790e-03;1.1250000e+02;6.0297456e-02;1.1250000e+02;1.3262030e-01;1.1250000e+02;1.8350184e-01;1.1250000e+02;2.0934868e-01;1.1250000e+02;1.9869186e-01;1.1250000e+02;2.1437706e-01;1.1250000e+02;1.6776836e-01;1.1250000e+02;1.0922990e-01;1.1250000e+02;5.5686854e-02;1.1250000e+02;8.4208921e-03;1.1250000e+02;-3.5976835e-02;1.1250000e+02;-7.9727843e-02;1.1250000e+02;-1.2060726e-01;1.1250000e+02;-1.6527086e-01;1.1250000e+02;-7.9203933e-02;1.1250000e+02;-7.4327365e-02;1.1250000e+02;-4.3166980e-02;1.1250000e+02;1.4504790e-03;1.1250000e+02;6.0297456e-02;1.1250000e+02;1.3262030e-01;1.1250000e+02;1.8350184e-01;1.1250000e+02;2.0934868e-01;1.1250000e+02;1.9869186e-01;1.1250000e+02;2.1437706e-01;1.1250000e+02;1.6776836e-01;1.1250000e+02;1.0922990e-01;1.1250000e+02;5.5686854e-02;1.1250000e+02;8.4208921e-03;1.1250000e+02;-3.5976835e-02;1.1250000e+02;-7.9727843e-02;1.1250000e+02;-1.2060726e-01;1.1250000e+02;-1.6527086e-01;1.1250000e+02;-7.9203933e-02;1.1250000e+02;-7.4327365e-02;1.1250000e+02;-4.3166980e-02;1.1250000e+02;1.4504790e-03;1.1250000e+02;6.0297456e-02;1.1250000e+02;1.3262030e-01;1.1250000e+02;1.8350184e-01;1.1250000e+02;2.0934868e-01;1.1250000e+02;1.9869186e-01;1.1250000e+02;2.1437706e-01;1.1250000e+02;1.6776836e-01;1.1250000e+02;1.0922990e-01;1.1250000e+02;5.5686854e-02;1.1250000e+02;8.4208921e-03;1.1250000e+02;-3.5976835e-02;1.1250000e+02;-7.9727843e-02;1.1250000e+02;-1.2060726e-01;1.1250000e+02;-1.6527086e-01;1.1250000e+02;-7.9203933e-02;1.1250000e+02;-7.4327365e-02;1.1250000e+02;-4.3166980e-02;1.1250000e+02;1.4504790e-03;1.1250000e+02;6.0297456e-02;1.1250000e+02;1.3262030e-01;1.1250000e+02;1.8350184e-01;1.1250000e+02;2.0934868e-01;1.1250000e+02;1.9869186e-01;1.1250000e+02;2.1437706e-01;1.1250000e+02;1.6776836e-01;1.1250000e+02;1.0922990e-01;1.1250000e+02;5.5686854e-02;1.1250000e+02;8.4208921e-03;1.1250000e+02;-3.5976835e-02;1.1250000e+02;-7.9727843e-02;1.1250000e+02;-1.2060726e-01;1.1250000e+02;-1.6527086e-01;1.1250000e+02;-7.9203933e-02;1.1250000e+02;-7.4327365e-02;1.1250000e+02;-4.3166980e-02;1.1250000e+02;1.4504790e-03;1.1250000e+02;6.0297456e-02;1.1250000e+02;1.3262030e-01;1.1250000e+02;1.8350184e-01;1.1250000e+02;2.0934868e-01;1.1250000e+02;1.9869186e-01;1.1250000e+02;2.1437706e-01;1.1250000e+02;1.6776836e-01;1.1250000e+02;1.0922990e-01;1.1250000e+02;5.5686854e-02;1.1250000e+02;8.4208921e-03;1.1250000e+02;-3.5976835e-02;1.1250000e+02;-7.9727843e-02;1.1250000e+02;-1.2060726e-01;1.1250000e+02;-1.6527086e-01;1.1250000e+02;-7.9203933e-02;1.1250000e+02;-7.4327365e-02;1.1250000e+02;-4.3166980e-02;1.1250000e+02;1.4504790e-03;1.1250000e+02;6.0297456e-02;1.1250000e+02;1.3262030e-01;1.1250000e+02;1.8350184e-01;1.1250000e+02;2.0934868e-01;1.1250000e+02;1.9869186e-01;1.1250000e+02;2.1437706e-01;1.1250000e+02;1.6776836e-01;1.1250000e+02;1.0922990e-01;1.1250000e+02;5.5686854e-02;1.1250000e+02;8.4208921e-03;1.1250000e+02;-3.5976835e-02;1.1250000e+02;-7.9727843e-02;1.1250000e+02;-1.2060726e-01;1.1250000e+02;-1.6527086e-01;1.1250000e+02;-7.9203933e-02;1.1250000e+02;-7.4327365e-02;1.1250000e+02;-4.3166980e-02;1.1250000e+02;1.4504790e-03;1.1250000e+02;6.0297456e-02;1.1250000e+02;1.3262030e-01;1.1250000e+02;1.8350184e-01;1.1250000e+02;2.0934868e-01;1.1250000e+02;1.9869186e-01;1.1250000e+02;2.1437706e-01;1.1250000e+02;1.6776836e-01;1.1250000e+02;1.0922990e-01;1.1250000e+02;5.5686854e-02;1.1250000e+02;8.4208921e-03;1.1250000e+02;-3.5976835e-02;1.1250000e+02;-7.9727843e-02;1.1250000e+02;-1.2060726e-01;1.1250000e+02;-1.6527086e-01;1.1250000e+02;-7.9203933e-02;1.1250000e+02;-7.4327365e-02;1.1250000e+02;-4.3166980e-02;1.1250000e+02;1.4504790e-03;1.1250000e+02;6.0297456e-02;1.1250000e+02;1.3262030e-01;1.1250000e+02;1.8350184e-01;1.1250000e+02;2.0934868e-01;1.1250000e+02;1.9869186e-01;1.1250000e+02;2.1437706e-01;1.1250000e+02;1.6776836e-01;1.1250000e+02;1.0922990e-01;1.1250000e+02;5.5686854e-02;1.1250000e+02;8.4208921e-03;1.1250000e+02;-3.5976835e-02;1.1250000e+02;-7.9727843e-02;1.1250000e+02;-1.2060726e-01;1.1250000e+02;-1.6527086e-01;1.1250000e+02;-7.9203933e-02;1.1250000e+02;-7.4327365e-02;1.1250000e+02;-4.3166980e-02;1.1250000e+02;1.4504790e-03;1.1250000e+02;6.0297456e-02;1.1250000e+02;1.3262030e-01;1.1250000e+02;1.8350184e-01;1.1250000e+02;2.0934868e-01;1.1250000e+02;1.9869186e-01;1.1250000e+02;2.1437706e-01;1.1250000e+02;1.6776836e-01;1.1250000e+02;1.0922990e-01;1.1250000e+02;5.5686854e-02;1.1250000e+02;8.4208921e-03;1.1250000e+02;-3.5976835e-02;1.1250000e+02;-7.9727843e-02;1.1250000e+02;-1.2060726e-01;1.1250000e+02;-1.6527086e-01;1.1250000e+02;-7.9203933e-02;1.1250000e+02;-7.4327365e-02;1.1250000e+02;-4.3166980e-02;1.1250000e+02;1.4504790e-03;1.1250000e+02;6.0297456e-02;1.1250000e+02;1.3262030e-01;1.1250000e+02;1.8350184e-01;1.1250000e+02;2.0934868e-01;1.1250000e+02;1.9869186e-01;1.1250000e+02;2.1437706e-01;1.1250000e+02;1.6776836e-01;1.1250000e+02;1.0922990e-01;1.1250000e+02;5.5686854e-02;1.1250000e+02;8.4208921e-03;1.1250000e+02;-3.5976835e-02;1.1250000e+02;-7.9727843e-02;1.1250000e+02;-1.2060726e-01;1.1250000e+02;-1.6527086e-01;1.1250000e+02;-7.9203933e-02;1.1250000e+02;-7.4327365e-02;1.1250000e+02;-4.3166980e-02;1.1250000e+02;1.4504790e-03;1.1250000e+02;6.0297456e-02;1.1250000e+02;1.3262030e-01;1.1250000e+02;1.8350184e-01;1.1250000e+02;2.0934868e-01;1.1250000e+02;1.9869186e-01;1.1250000e+02;2.1437706e-01;1.1250000e+02;1.6776836e-01;1.1250000e+02;1.0922990e-01;1.1250000e+02;5.5686854e-02;1.1250000e+02;8.4208921e-03;1.1250000e+02;-3.5976835e-02;1.1250000e+02;-7.9727843e-02;1.1250000e+02;-1.2060726e-01;1.1250000e+02;-1.6527086e-01;1.1250000e+02;-7.9203933e-02;1.1250000e+02;-7.4327365e-02;1.1250000e+02;-4.3166980e-02;1.1250000e+02;1.4504790e-03;1.1250000e+02;6.0297456e-02;1.1250000e+02;1.3262030e-01;1.1250000e+02;1.8350184e-01;1.1250000e+02;2.0934868e-01;1.1250000e+02;1.9869186e-01;1.1250000e+02;2.1437706e-01;1.1250000e+02;1.6776836e-01;1.1250000e+02;1.0922990e-01;1.1250000e+02;5.5686854e-02;1.1250000e+02;8.4208921e-03;1.1250000e+02;-3.5976835e-02;1.1250000e+02;-7.9727843e-02;1.1250000e+02;-1.2060726e-01;1.1250000e+02;-1.6527086e-01;1.1250000e+02;-7.9203933e-02;1.1250000e+02;-7.4327365e-02;1.1250000e+02;-4.3166980e-02;1.1250000e+02;1.4504790e-03;1.1250000e+02;6.0297456e-02;1.1250000e+02;1.3262030e-01;1.1250000e+02;1.8350184e-01;1.1250000e+02;2.0934868e-01;1.1250000e+02;1.9869186e-01;1.1250000e+02;2.1437706e-01;1.1250000e+02;1.6776836e-01;1.1250000e+02;1.0922990e-01;1.1250000e+02;5.5686854e-02;1.1250000e+02;8.4208921e-03;1.1250000e+02;-3.5976835e-02;1.1250000e+02;-7.9727843e-02;1.1250000e+02;-1.2060726e-01;1.1250000e+02;-1.6527086e-01;1.1250000e+02;-7.9203933e-02;1.1250000e+02;-7.4327365e-02;1.1250000e+02;-4.3166980e-02;1.1250000e+02;1.4504790e-03;1.1250000e+02;6.0297456e-02;1.1250000e+02;1.3262030e-01;1.1250000e+02;1.8350184e-01;1.1250000e+02;2.0934868e-01;1.1250000e+02;1.9869186e-01;1.1250000e+02;2.1437706e-01;1.1250000e+02;1.6776836e-01;1.1250000e+02;1.0922990e-01;1.1250000e+02;5.5686854e-02;1.1250000e+02;8.4208921e-03;1.1250000e+02;-3.5976835e-02;1.1250000e+02;-7.9727843e-02;1.1250000e+02;-1.2060726e-01;1.1250000e+02;-1.6527086e-01;1.1250000e+02;-7.9203933e-02;1.1250000e+02;-7.4327365e-02;1.1250000e+02;-4.3166980e-02;1.1250000e+02;1.4504790e-03;1.1250000e+02;6.0297456e-02;1.1250000e+02;1.3262030e-01;1.1250000e+02;1.8350184e-01;1.1250000e+02;2.0934868e-01;1.1250000e+02;1.9869186e-01;1.1250000e+02;2.1437706e-01;1.1250000e+02;1.6776836e-01;1.1250000e+02;1.0922990e-01;1.1250000e+02;5.5686854e-02;1.1250000e+02;8.4208921e-03;1.1250000e+02;-3.5976835e-02;1.1250000e+02;-7.9727843e-02;1.1250000e+02;-1.2060726e-01;1.1250000e+02;-1.6527086e-01;1.1250000e+02;-7.9203933e-02;1.1250000e+02;-7.4327365e-02;1.1250000e+02;-4.3166980e-02;1.1250000e+02;1.4504790e-03;1.1250000e+02;6.0297456e-02;1.1250000e+02;1.3262030e-01;1.1250000e+02;1.8350184e-01;1.1250000e+02;2.0934868e-01;1.1250000e+02;1.9869186e-01;1.1250000e+02;2.1437706e-01;1.1250000e+02;1.6776836e-01;1.1250000e+02;1.0922990e-01;1.1250000e+02;5.5686854e-02;1.1250000e+02;8.4208921e-03;1.1250000e+02;-3.5976835e-02;1.1250000e+02;-7.9727843e-02;1.1250000e+02;-1.2060726e-01;1.1250000e+02;-1.6527086e-01;1.1250000e+02;-7.9203933e-02;1.1250000e+02;-7.4327365e-02;1.1250000e+02;-4.3166980e-02;1.1250000e+02;1.4504790e-03;1.1250000e+02;6.0297456e-02;1.1250000e+02;1.3262030e-01;1.1250000e+02;1.8350184e-01;1.1250000e+02;2.0934868e-01;1.1250000e+02;1.9869186e-01;1.1250000e+02;2.1437706e-01;1.1250000e+02;1.6776836e-01;1.1250000e+02;1.0922990e-01;1.1250000e+02;5.5686854e-02;1.1250000e+02;8.4208921e-03;1.1250000e+02;-3.5976835e-02;1.1250000e+02;-7.9727843e-02;1.1250000e+02;-1.2060726e-01;1.1250000e+02;-1.6527086e-01;1.1250000e+02;-7.9203933e-02;1.1250000e+02;-7.4327365e-02;1.1250000e+02;-4.3166980e-02;1.1250000e+02;1.4504790e-03;1.1250000e+02;6.0297456e-02;1.1250000e+02;1.3262030e-01;1.1250000e+02;1.8350184e-01;1.1250000e+02;2.0934868e-01;1.1250000e+02;1.9869186e-01;1.1250000e+02;2.1437706e-01;1.1250000e+02;1.6776836e-01;1.1250000e+02;1.0922990e-01;1.1250000e+02;5.5686854e-02;1.1250000e+02;8.4208921e-03;1.1250000e+02;-3.5976835e-02;1.1250000e+02;-7.9727843e-02;1.1250000e+02;-1.2060726e-01;1.1250000e+02;-1.6527086e-01;1.1250000e+02;-7.9203933e-02;1.1250000e+02;-7.4327365e-02;1.1250000e+02;-4.3166980e-02;1.1250000e+02;1.4504790e-03;1.1250000e+02;6.0297456e-02;1.1250000e+02;1.3262030e-01;1.1250000e+02;1.8350184e-01;1.1250000e+02;2.0934868e-01;1.1250000e+02;1.9869186e-01;1.1250000e+02;2.1437706e-01;1.1250000e+02;1.6776836e-01;1.1250000e+02;1.0922990e-01;1.1250000e+02;5.5686854e-02;1.1250000e+02;8.4208921e-03;1.1250000e+02;-3.5976835e-02;1.1250000e+02;-7.9727843e-02;1.1250000e+02;-1.2060726e-01;1.1250000e+02;-1.6527086e-01;1.1250000e+02;-7.9203933e-02;1.1250000e+02;-7.4327365e-02;1.1250000e+02;-4.3166980e-02;1.1250000e+02;1.4504790e-03;1.1250000e+02;6.0297456e-02;1.1250000e+02;1.3262030e-01;1.1250000e+02;1.8350184e-01;1.1250000e+02;2.0934868e-01;1.1250000e+02;1.9869186e-01;1.1250000e+02;2.1437706e-01;1.1250000e+02;1.6776836e-01;1.1250000e+02;1.0922990e-01;1.1250000e+02;5.5686854e-02;1.1250000e+02;8.4208921e-03;1.1250000e+02;-3.5976835e-02;1.1250000e+02;-7.9727843e-02;1.1250000e+02;-1.2060726e-01;1.1250000e+02;-1.6527086e-01;1.1250000e+02;-7.9203933e-02;1.1250000e+02;-7.4327365e-02;1.1250000e+02;-4.3166980e-02;1.1250000e+02;1.4504790e-03;1.1250000e+02;6.0297456e-02;1.1250000e+02;1.3262030e-01;1.1250000e+02;1.8350184e-01;1.1250000e+02;2.0934868e-01;1.1250000e+02;1.9869186e-01;1.1250000e+02;2.1437706e-01;1.1250000e+02;1.6776836e-01;1.1250000e+02;1.0922990e-01;1.1250000e+02;5.5686854e-02;1.1250000e+02;8.4208921e-03;1.1250000e+02;-3.5976835e-02;1.1250000e+02;-7.9727843e-02;1.1250000e+02;-1.2060726e-01;1.1250000e+02;-1.6527086e-01;1.1250000e+02;-7.9203933e-02;1.1250000e+02;-7.4327365e-02;1.1250000e+02;-4.3166980e-02;1.1250000e+02;1.4504790e-03;1.1250000e+02;6.0297456e-02;1.1250000e+02;1.3262030e-01;1.1250000e+02;1.8350184e-01;1.1250000e+02;2.0934868e-01;1.1250000e+02;1.9869186e-01;1.1250000e+02;2.1437706e-01;1.1250000e+02;1.6776836e-01;1.1250000e+02;1.0922990e-01;1.1250000e+02;5.5686854e-02;1.1250000e+02;8.4208921e-03;1.1250000e+02;-3.5976835e-02;1.1250000e+02;-7.9727843e-02;1.1250000e+02;-1.2060726e-01;1.1250000e+02;-1.6527086e-01;1.1250000e+02;-7.9203933e-02;1.1250000e+02;-7.4327365e-02;1.1250000e+02;-4.3166980e-02;1.1250000e+02;1.4504790e-03;1.1250000e+02;6.0297456e-02;1.1250000e+02;1.3262030e-01;1.1250000e+02;1.8350184e-01;1.1250000e+02;2.0934868e-01;1.1250000e+02;1.9869186e-01;1.1250000e+02;2.1437706e-01;1.1250000e+02;1.6776836e-01;1.1250000e+02;1.0922990e-01;1.1250000e+02;5.5686854e-02;1.1250000e+02;8.4208921e-03;1.1250000e+02;-3.5976835e-02;1.1250000e+02;-7.9727843e-02;1.1250000e+02;-1.2060726e-01;1.1250000e+02;-1.6527086e-01;1.1250000e+02;-7.9203933e-02;1.1250000e+02;-7.4327365e-02;1.1250000e+02;-4.3166980e-02;1.1250000e+02;1.4504790e-03;1.1250000e+02;6.0297456e-02;1.1250000e+02;1.3262030e-01;1.1250000e+02;1.8350184e-01;1.1250000e+02;2.0934868e-01;1.1250000e+02;1.9869186e-01;1.1250000e+02;2.1437706e-01;1.1250000e+02;1.6776836e-01;1.1250000e+02;1.0922990e-01;1.1250000e+02;5.5686854e-02;1.1250000e+02;8.4208921e-03;1.1250000e+02;-3.5976835e-02;1.1250000e+02;-7.9727843e-02;1.1250000e+02;-1.2060726e-01;1.1250000e+02;-1.6527086e-01;1.1250000e+02;-7.9203933e-02;1.1250000e+02;-7.4327365e-02;1.1250000e+02;-4.3166980e-02;1.1250000e+02;1.4504790e-03;1.1250000e+02;6.0297456e-02;1.1250000e+02;1.3262030e-01;1.1250000e+02;1.8350184e-01;1.1250000e+02;2.0934868e-01;1.1250000e+02;1.9869186e-01;1.1250000e+02;2.1437706e-01;1.1250000e+02;1.6776836e-01;1.1250000e+02;1.0922990e-01;1.1250000e+02;5.5686854e-02;1.1250000e+02;8.4208921e-03;1.1250000e+02;-3.5976835e-02;1.1250000e+02;-7.9727843e-02;1.1250000e+02;-1.2060726e-01;1.1250000e+02;-1.6527086e-01;1.1250000e+02;-7.9203933e-02;1.1250000e+02;-7.4327365e-02;1.1250000e+02;-4.3166980e-02;1.1250000e+02;1.4504790e-03;1.1250000e+02;6.0297456e-02;1.1250000e+02;1.3262030e-01;1.1250000e+02;1.8350184e-01;1.1250000e+02;2.0934868e-01;1.1250000e+02;1.9869186e-01;1.1250000e+02;2.1437706e-01;1.1250000e+02;1.6776836e-01;1.1250000e+02;1.0922990e-01;1.1250000e+02;5.5686854e-02;1.1250000e+02;8.4208921e-03;1.1250000e+02;-3.5976835e-02;1.1250000e+02;-7.9727843e-02;1.1250000e+02;-1.2060726e-01;1.1250000e+02;-1.6527086e-01;1.1250000e+02;-7.9203933e-02;1.1250000e+02;-7.4327365e-02;1.1250000e+02;-4.3166980e-02;1.1250000e+02;1.4504790e-03;1.1250000e+02;6.0297456e-02;1.1250000e+02;1.3262030e-01;1.1250000e+02;1.8350184e-01;1.1250000e+02;2.0934868e-01;1.1250000e+02;1.9869186e-01;1.1250000e+02;2.1437706e-01;1.1250000e+02;1.6776836e-01;1.1250000e+02;1.0922990e-01;1.1250000e+02;5.5686854e-02;1.1250000e+02;8.4208921e-03;1.1250000e+02;-3.5976835e-02;1.1250000e+02;-7.9727843e-02;1.1250000e+02;-1.2060726e-01;1.1250000e+02;-1.6527086e-01;1.1250000e+02;-7.9203933e-02;1.1250000e+02;-7.4327365e-02;1.1250000e+02;-4.3166980e-02;1.1250000e+02;1.4504790e-03;1.1250000e+02;6.0297456e-02;1.1250000e+02;1.3262030e-01;1.1250000e+02;1.8350184e-01;1.1250000e+02;2.0934868e-01;1.1250000e+02;1.9869186e-01;1.1250000e+02;2.1437706e-01;1.1250000e+02;1.6776836e-01;1.1250000e+02;1.0922990e-01;1.1250000e+02;5.5686854e-02;1.1250000e+02;8.4208921e-03;1.1250000e+02;-3.5976835e-02;1.1250000e+02;-7.9727843e-02;1.1250000e+02;-1.2060726e-01;1.1250000e+02;-1.6527086e-01;1.1250000e+02;-7.9203933e-02;1.1250000e+02;-7.4327365e-02;1.1250000e+02;-4.3166980e-02;1.1250000e+02;1.4504790e-03;1.1250000e+02;6.0297456e-02;1.1250000e+02;1.3262030e-01;1.1250000e+02;1.8350184e-01;1.1250000e+02;2.0934868e-01;1.1250000e+02;1.9869186e-01;1.1250000e+02;2.1437706e-01;1.1250000e+02;1.6776836e-01;1.1250000e+02;1.0922990e-01;1.1250000e+02;5.5686854e-02;1.1250000e+02;8.4208921e-03;1.1250000e+02;-3.5976835e-02;1.1250000e+02;-7.9727843e-02;1.1250000e+02;-1.2060726e-01;1.1250000e+02;-1.6527086e-01;1.1250000e+02;-7.9203933e-02;1.1250000e+02;-7.4327365e-02;1.1250000e+02;-4.3166980e-02;1.1250000e+02;1.4504790e-03;1.1250000e+02;6.0297456e-02;1.1250000e+02;1.3262030e-01;1.1250000e+02;1.8350184e-01;1.1250000e+02;2.0934868e-01;1.1250000e+02;1.9869186e-01;1.1250000e+02;2.1437706e-01;1.1250000e+02;1.6776836e-01;1.1250000e+02;1.0922990e-01;1.1250000e+02;5.5686854e-02;1.1250000e+02;8.4208921e-03;1.1250000e+02;-3.5976835e-02;1.1250000e+02;-7.9727843e-02;1.1250000e+02;-1.2060726e-01;1.1250000e+02;-1.6527086e-01;1.1250000e+02;-7.9203933e-02;1.1250000e+02;-7.4327365e-02;1.1250000e+02;-4.3166980e-02;1.1250000e+02;1.4504790e-03;1.1250000e+02;6.0297456e-02;1.1250000e+02;1.3262030e-01;1.1250000e+02;1.8350184e-01;1.1250000e+02;2.0934868e-01;1.1250000e+02;1.9869186e-01;1.1250000e+02;2.1437706e-01;1.1250000e+02;1.6776836e-01;1.1250000e+02;1.0922990e-01;1.1250000e+02;5.5686854e-02;1.1250000e+02;8.4208921e-03;1.1250000e+02;-3.5976835e-02;1.1250000e+02;-7.9727843e-02;1.1250000e+02;-1.2060726e-01;1.1250000e+02;-1.6527086e-01;1.1250000e+02;-7.9203933e-02;1.1250000e+02;-7.4327365e-02;1.1250000e+02;-4.3166980e-02;1.1250000e+02;1.4504790e-03;1.1250000e+02;6.0297456e-02;1.1250000e+02;1.3262030e-01;1.1250000e+02;1.8350184e-01;1.1250000e+02;2.0934868e-01;1.1250000e+02;1.9869186e-01;1.1250000e+02;2.1437706e-01;1.1250000e+02;1.6776836e-01;1.1250000e+02;1.0922990e-01;1.1250000e+02;5.5686854e-02;1.1250000e+02;8.4208921e-03;1.1250000e+02;-3.5976835e-02;1.1250000e+02;-7.9727843e-02;1.1250000e+02;-1.2060726e-01;1.1250000e+02;-1.6527086e-01;1.1250000e+02;-7.9203933e-02;1.1250000e+02;-7.4327365e-02;1.1250000e+02;-4.3166980e-02;1.1250000e+02;1.4504790e-03;1.1250000e+02;6.0297456e-02;1.1250000e+02;1.3262030e-01;1.1250000e+02;1.8350184e-01;1.1250000e+02;2.0934868e-01;1.1250000e+02;1.9869186e-01;1.1250000e+02;2.1437706e-01;1.1250000e+02;1.6776836e-01;1.1250000e+02;1.0922990e-01;1.1250000e+02;5.5686854e-02;1.1250000e+02;8.4208921e-03;1.1250000e+02;-3.5976835e-02;1.1250000e+02;-7.9727843e-02;1.1250000e+02;-1.2060726e-01;1.1250000e+02;-1.6527086e-01;1.1250000e+02;-7.9203933e-02;1.1250000e+02;-7.4327365e-02;1.1250000e+02;-4.3166980e-02;1.1250000e+02;1.4504790e-03;1.1250000e+02;6.0297456e-02;1.1250000e+02;1.3262030e-01;1.1250000e+02;1.8350184e-01;1.1250000e+02;2.0934868e-01;1.1250000e+02;1.9869186e-01;1.1250000e+02;2.1437706e-01;1.1250000e+02;1.6776836e-01;1.1250000e+02;1.0922990e-01;1.1250000e+02;5.5686854e-02;1.1250000e+02;8.4208921e-03;1.1250000e+02;-3.5976835e-02;1.1250000e+02;-7.9727843e-02;1.1250000e+02;-1.2060726e-01;1.1250000e+02;-1.6527086e-01;1.1250000e+02;-7.9203933e-02;1.1250000e+02;-7.4327365e-02;1.1250000e+02;-4.3166980e-02;1.1250000e+02;1.4504790e-03;1.1250000e+02;6.0297456e-02;1.1250000e+02;1.3262030e-01;1.1250000e+02;1.8350184e-01;1.1250000e+02;2.0934868e-01;1.1250000e+02;1.9869186e-01;1.1250000e+02;2.1437706e-01;1.1250000e+02;1.6776836e-01;1.1250000e+02;1.0922990e-01;1.1250000e+02;5.5686854e-02;1.1250000e+02;8.4208921e-03;1.1250000e+02;-3.5976835e-02;1.1250000e+02;-7.9727843e-02;1.1250000e+02;-1.2060726e-01;1.1250000e+02;-1.6527086e-01;1.1250000e+02;-7.9203933e-02;1.1250000e+02;-7.4327365e-02;1.1250000e+02;-4.3166980e-02;1.1250000e+02;1.4504790e-03;1.1250000e+02;6.0297456e-02;1.1250000e+02;1.3262030e-01;1.1250000e+02;1.8350184e-01;1.1250000e+02;2.0934868e-01;1.1250000e+02;1.9869186e-01;1.1250000e+02;2.1437706e-01;1.1250000e+02;1.6776836e-01;1.1250000e+02;1.0922990e-01;1.1250000e+02;5.5686854e-02;1.1250000e+02;8.4208921e-03;1.1250000e+02;-3.5976835e-02;1.1250000e+02;-7.9727843e-02;1.1250000e+02;-1.2060726e-01;1.1250000e+02;-1.6527086e-01;1.1250000e+02;-7.9203933e-02;1.1250000e+02;-7.4327365e-02;1.1250000e+02;-4.3166980e-02;1.1250000e+02;1.4504790e-03;1.1250000e+02;6.0297456e-02;1.1250000e+02;1.3262030e-01;1.1250000e+02;1.8350184e-01;1.1250000e+02;2.0934868e-01;1.1250000e+02;1.9869186e-01;1.1250000e+02;2.1437706e-01;1.1250000e+02;1.6776836e-01;1.1250000e+02;1.0922990e-01;1.1250000e+02;5.5686854e-02;1.1250000e+02;8.4208921e-03;1.1250000e+02;-3.5976835e-02;1.1250000e+02;-7.9727843e-02;1.1250000e+02;-1.2060726e-01;1.1250000e+02;-1.6527086e-01;1.1250000e+02;-7.9203933e-02;1.1250000e+02;-7.4327365e-02;1.1250000e+02;-4.3166980e-02;1.1250000e+02;1.4504790e-03;1.1250000e+02;6.0297456e-02;1.1250000e+02;1.3262030e-01;1.1250000e+02;1.8350184e-01;1.1250000e+02;2.0934868e-01;1.1250000e+02;1.9869186e-01;1.1250000e+02;2.1437706e-01;1.1250000e+02;1.6776836e-01;1.1250000e+02;1.0922990e-01;1.1250000e+02;5.5686854e-02;1.1250000e+02;8.4208921e-03;1.1250000e+02;-3.5976835e-02;1.1250000e+02;-7.9727843e-02;1.1250000e+02;-1.2060726e-01;1.1250000e+02;-1.6527086e-01;1.1250000e+02;-7.9203933e-02;1.1250000e+02;-7.4327365e-02;1.1250000e+02;-4.3166980e-02;1.1250000e+02;1.4504790e-03;1.1250000e+02;6.0297456e-02;1.1250000e+02;1.3262030e-01;1.1250000e+02;1.8350184e-01;1.1250000e+02;2.0934868e-01;1.1250000e+02;1.9869186e-01;1.1250000e+02;2.1437706e-01;1.1250000e+02;1.6776836e-01;1.1250000e+02;1.0922990e-01;1.1250000e+02;5.5686854e-02;1.1250000e+02;8.4208921e-03;1.1250000e+02;-3.5976835e-02;1.1250000e+02;-7.9727843e-02;1.1250000e+02;-1.2060726e-01;1.1250000e+02;-1.6527086e-01;1.1250000e+02;-7.9203933e-02;1.1250000e+02;-7.4327365e-02;1.1250000e+02;-4.3166980e-02;1.1250000e+02;1.4504790e-03;1.1250000e+02;6.0297456e-02;1.1250000e+02;1.3262030e-01;1.1250000e+02;1.8350184e-01;1.1250000e+02;2.0934868e-01;1.1250000e+02;1.9869186e-01;1.1250000e+02;2.1437706e-01;1.1250000e+02;1.6776836e-01;1.1250000e+02;1.0922990e-01;1.1250000e+02;5.5686854e-02;1.1250000e+02;8.4208921e-03;1.1250000e+02;-3.5976835e-02;1.1250000e+02;-7.9727843e-02;1.1250000e+02;-1.2060726e-01;1.1250000e+02;-1.6527086e-01;1.1250000e+02;-7.9203933e-02;1.1250000e+02;-7.4327365e-02;1.1250000e+02;-4.3166980e-02;1.1250000e+02;1.4504790e-03;1.1250000e+02;6.0297456e-02;1.1250000e+02;1.3262030e-01;1.1250000e+02;1.8350184e-01;1.1250000e+02;2.0934868e-01;1.1250000e+02;1.9869186e-01;1.1250000e+02;2.1437706e-01;1.1250000e+02;1.6776836e-01;1.1250000e+02;1.0922990e-01;1.1250000e+02;5.5686854e-02;1.1250000e+02;8.4208921e-03;1.1250000e+02;-3.5976835e-02;1.1250000e+02;-7.9727843e-02;1.1250000e+02;-1.2060726e-01;1.1250000e+02;-1.6527086e-01;1.1250000e+02;-7.9203933e-02;1.1250000e+02;-7.4327365e-02;1.1250000e+02;-4.3166980e-02;1.1250000e+02;1.4504790e-03;1.1250000e+02;6.0297456e-02;1.1250000e+02;1.3262030e-01;1.1250000e+02;1.8350184e-01;1.1250000e+02;2.0934868e-01;1.1250000e+02;1.9869186e-01;1.1250000e+02;2.1437706e-01;1.1250000e+02;1.6776836e-01;1.1250000e+02;1.0922990e-01;1.1250000e+02;5.5686854e-02;1.1250000e+02;8.4208921e-03;1.1250000e+02;-3.5976835e-02;1.1250000e+02;-7.9727843e-02;1.1250000e+02;-1.2060726e-01;1.1250000e+02;-1.6527086e-01;1.1250000e+02;-7.9203933e-02;1.1250000e+02;-7.4327365e-02;1.1250000e+02;-4.3166980e-02;1.1250000e+02;1.4504790e-03;1.1250000e+02;6.0297456e-02;1.1250000e+02;1.3262030e-01;1.1250000e+02;1.8350184e-01;1.1250000e+02;2.0934868e-01;1.1250000e+02;1.9869186e-01;1.1250000e+02;2.1437706e-01;1.1250000e+02;1.6776836e-01;1.1250000e+02;1.0922990e-01;1.1250000e+02;5.5686854e-02;1.1250000e+02;8.4208921e-03;1.1250000e+02;-3.5976835e-02;1.1250000e+02;-7.9727843e-02;1.1250000e+02;-1.2060726e-01;1.1250000e+02;-1.6527086e-01;1.1250000e+02;-7.9203933e-02;1.1250000e+02;-7.4327365e-02;1.1250000e+02;-4.3166980e-02;1.1250000e+02;1.4504790e-03;1.1250000e+02;6.0297456e-02;1.1250000e+02;1.3262030e-01;1.1250000e+02;1.8350184e-01;1.1250000e+02;2.0934868e-01;1.1250000e+02;1.9869186e-01;1.1250000e+02;2.1437706e-01;1.1250000e+02;1.6776836e-01;1.1250000e+02;1.0922990e-01;1.1250000e+02;5.5686854e-02;1.1250000e+02;8.4208921e-03;1.1250000e+02;-3.5976835e-02;1.1250000e+02;-7.9727843e-02;1.1250000e+02;-1.2060726e-01;1.1250000e+02;-1.6527086e-01;1.1250000e+02;-7.9203933e-02;1.1250000e+02;-7.4327365e-02;1.1250000e+02;-4.3166980e-02;1.1250000e+02;1.4504790e-03;1.1250000e+02;6.0297456e-02;1.1250000e+02;1.3262030e-01;1.1250000e+02;1.8350184e-01;1.1250000e+02;2.0934868e-01;1.1250000e+02;1.9869186e-01;1.1250000e+02;2.1437706e-01;1.1250000e+02;1.6776836e-01;1.1250000e+02;1.0922990e-01;1.1250000e+02;5.5686854e-02;1.1250000e+02;8.4208921e-03;1.1250000e+02;-3.5976835e-02;1.1250000e+02;-7.9727843e-02;1.1250000e+02;-1.2060726e-01;1.1250000e+02;-1.6527086e-01;1.1250000e+02;-7.9203933e-02;1.1250000e+02;-7.4327365e-02;1.1250000e+02;-4.3166980e-02;1.1250000e+02;1.4504790e-03;1.1250000e+02;6.0297456e-02;1.1250000e+02;1.3262030e-01;1.1250000e+02;1.8350184e-01;1.1250000e+02;2.0934868e-01;1.1250000e+02;1.9869186e-01;1.1250000e+02;2.1437706e-01;1.1250000e+02;1.6776836e-01;1.1250000e+02;1.0922990e-01;1.1250000e+02;5.5686854e-02;1.1250000e+02;8.4208921e-03;1.1250000e+02;-3.5976835e-02;1.1250000e+02;-7.9727843e-02;1.1250000e+02;-1.2060726e-01;1.1250000e+02;-1.6527086e-01;1.1250000e+02;-7.9203933e-02;1.1250000e+02;-7.4327365e-02;1.1250000e+02;-4.3166980e-02;1.1250000e+02;1.4504790e-03;1.1250000e+02;6.0297456e-02;1.1250000e+02;1.3262030e-01;1.1250000e+02;1.8350184e-01;1.1250000e+02;2.0934868e-01;1.1250000e+02;1.9869186e-01;1.1250000e+02;2.1437706e-01;1.1250000e+02;1.6776836e-01;1.1250000e+02;1.0922990e-01;1.1250000e+02;5.5686854e-02;1.1250000e+02;8.4208921e-03;1.1250000e+02;-3.5976835e-02;1.1250000e+02;-7.9727843e-02;1.1250000e+02;-1.2060726e-01;1.1250000e+02;-1.6527086e-01;1.1250000e+02;-7.9203933e-02;1.1250000e+02;-7.4327365e-02;1.1250000e+02;-4.3166980e-02;1.1250000e+02;1.4504790e-03;1.1250000e+02;6.0297456e-02;1.1250000e+02;1.3262030e-01;1.1250000e+02;1.8350184e-01;1.1250000e+02;2.0934868e-01;1.1250000e+02;1.9869186e-01;1.1250000e+02;2.1437706e-01;1.1250000e+02;1.6776836e-01;1.1250000e+02;1.0922990e-01;1.1250000e+02;5.5686854e-02;1.1250000e+02;8.4208921e-03;1.1250000e+02;-3.5976835e-02;1.1250000e+02;-7.9727843e-02;1.1250000e+02;-1.2060726e-01;1.1250000e+02;-1.6527086e-01;1.1250000e+02;-7.9203933e-02;1.1250000e+02;-7.4327365e-02;1.1250000e+02;-4.3166980e-02;1.1250000e+02;1.4504790e-03;1.1250000e+02;6.0297456e-02;1.1250000e+02;1.3262030e-01;1.1250000e+02;1.8350184e-01;1.1250000e+02;2.0934868e-01;1.1250000e+02;1.9869186e-01;1.1250000e+02;2.1437706e-01;1.1250000e+02;1.6776836e-01;1.1250000e+02;1.0922990e-01;1.1250000e+02;5.5686854e-02;1.1250000e+02;8.4208921e-03;1.1250000e+02;-3.5976835e-02;1.1250000e+02;-7.9727843e-02;1.1250000e+02;-1.2060726e-01;1.1250000e+02;-1.6527086e-01;1.1250000e+02;-7.9203933e-02;1.1250000e+02;-7.4327365e-02;1.1250000e+02;-4.3166980e-02;1.1250000e+02;1.4504790e-03;1.1250000e+02;6.0297456e-02;1.1250000e+02;1.3262030e-01;1.1250000e+02;1.8350184e-01;1.1250000e+02;2.0934868e-01;1.1250000e+02;1.9869186e-01;1.1250000e+02;2.1437706e-01;1.1250000e+02;1.6776836e-01;1.1250000e+02;1.0922990e-01;1.1250000e+02;5.5686854e-02;1.1250000e+02;8.4208921e-03;1.1250000e+02;-3.5976835e-02;1.1250000e+02;-7.9727843e-02;1.1250000e+02;-1.2060726e-01;1.1250000e+02;-1.6527086e-01;1.1250000e+02;-7.9203933e-02;1.1250000e+02;-7.4327365e-02;1.1250000e+02;-4.3166980e-02;1.1250000e+02;1.4504790e-03;1.1250000e+02;6.0297456e-02;1.1250000e+02;1.3262030e-01;1.1250000e+02;1.8350184e-01;1.1250000e+02;2.0934868e-01;1.1250000e+02;1.9869186e-01;1.1250000e+02;2.1437706e-01;1.1250000e+02;1.6776836e-01;1.1250000e+02;1.0922990e-01;1.1250000e+02;5.5686854e-02;1.1250000e+02;8.4208921e-03;1.1250000e+02;-3.5976835e-02;1.1250000e+02;-7.9727843e-02;1.1250000e+02;-1.2060726e-01;1.1250000e+02;-1.6527086e-01;1.1250000e+02;-7.9203933e-02;1.1250000e+02;-7.4327365e-02;1.1250000e+02;-4.3166980e-02;1.1250000e+02;1.4504790e-03;1.1250000e+02;6.0297456e-02;1.1250000e+02;1.3262030e-01;1.1250000e+02;1.8350184e-01;1.1250000e+02;2.0934868e-01;1.1250000e+02;1.9869186e-01;1.1250000e+02;2.1437706e-01;1.1250000e+02;1.6776836e-01;1.1250000e+02;1.0922990e-01;1.1250000e+02;5.5686854e-02;1.1250000e+02;8.4208921e-03;1.1250000e+02;-3.5976835e-02;1.1250000e+02;-7.9727843e-02;1.1250000e+02;-1.2060726e-01;1.1250000e+02;-1.6527086e-01;1.1250000e+02;-7.9203933e-02;1.1250000e+02;-7.4327365e-02;1.1250000e+02;-4.3166980e-02;1.1250000e+02;1.4504790e-03;1.1250000e+02;6.0297456e-02;1.1250000e+02;1.3262030e-01;1.1250000e+02;1.8350184e-01;1.1250000e+02;2.0934868e-01;1.1250000e+02;1.9869186e-01;1.1250000e+02;2.1437706e-01;1.1250000e+02;1.6776836e-01;1.1250000e+02;1.0922990e-01;1.1250000e+02;5.5686854e-02;1.1250000e+02;8.4208921e-03;1.1250000e+02;-3.5976835e-02;1.1250000e+02;-7.9727843e-02;1.1250000e+02;-1.2060726e-01;1.1250000e+02;-1.6527086e-01;1.1250000e+02;-7.9203933e-02;1.1250000e+02;-7.4327365e-02;1.1250000e+02;-4.3166980e-02;1.1250000e+02;1.4504790e-03;1.1250000e+02;6.0297456e-02;1.1250000e+02;1.3262030e-01;1.1250000e+02;1.8350184e-01;1.1250000e+02;2.0934868e-01;1.1250000e+02;1.9869186e-01;1.1250000e+02;2.1437706e-01;1.1250000e+02;1.6776836e-01;1.1250000e+02;1.0922990e-01;1.1250000e+02;5.5686854e-02;1.1250000e+02;8.4208921e-03;1.1250000e+02;-3.5976835e-02;1.1250000e+02;-7.9727843e-02;1.1250000e+02;-1.2060726e-01;1.1250000e+02;-1.6527086e-01;1.1250000e+02;-7.9203933e-02;1.1250000e+02;-7.4327365e-02;1.1250000e+02;-4.3166980e-02;1.1250000e+02;1.4504790e-03;1.1250000e+02;6.0297456e-02;1.1250000e+02;1.3262030e-01;1.1250000e+02;1.8350184e-01;1.1250000e+02;2.0934868e-01;1.1250000e+02;1.9869186e-01;1.1250000e+02;2.1437706e-01;1.1250000e+02;1.6776836e-01;1.1250000e+02;1.0922990e-01;1.1250000e+02;5.5686854e-02;1.1250000e+02;8.4208921e-03;1.1250000e+02;-3.5976835e-02;1.1250000e+02;-7.9727843e-02;1.1250000e+02;-1.2060726e-01;1.1250000e+02;-1.6527086e-01;1.1250000e+02;-7.9203933e-02;1.1250000e+02;-7.4327365e-02;1.1250000e+02;-4.3166980e-02;1.1250000e+02;1.4504790e-03;1.1250000e+02;6.0297456e-02;1.1250000e+02;1.3262030e-01;1.1250000e+02;1.8350184e-01;1.1250000e+02;2.0934868e-01;1.1250000e+02;1.9869186e-01;1.1250000e+02;2.1437706e-01;1.1250000e+02;1.6776836e-01;1.1250000e+02;1.0922990e-01;1.1250000e+02;5.5686854e-02;1.1250000e+02;8.4208921e-03;1.1250000e+02;-3.5976835e-02;1.1250000e+02;-7.9727843e-02;1.1250000e+02;-1.2060726e-01;1.1250000e+02;-1.6527086e-01;1.1250000e+02;-7.9203933e-02;1.1250000e+02;-7.4327365e-02;1.1250000e+02;-4.3166980e-02;1.1250000e+02;1.4504790e-03;1.1250000e+02;6.0297456e-02;1.1250000e+02;1.3262030e-01;1.1250000e+02;1.8350184e-01;1.1250000e+02;2.0934868e-01;1.1250000e+02;1.9869186e-01;1.1250000e+02;2.1437706e-01;1.1250000e+02;1.6776836e-01;1.1250000e+02;1.0922990e-01;1.1250000e+02;5.5686854e-02;1.1250000e+02;8.4208921e-03;1.1250000e+02;-3.5976835e-02;1.1250000e+02;-7.9727843e-02;1.1250000e+02;-1.2060726e-01;1.1250000e+02;-1.6527086e-01;1.1250000e+02;-7.9203933e-02;1.1250000e+02;-7.4327365e-02;1.1250000e+02;-4.3166980e-02;1.1250000e+02;1.4504790e-03;1.1250000e+02;6.0297456e-02;1.1250000e+02;1.3262030e-01;1.1250000e+02;1.8350184e-01;1.1250000e+02;2.0934868e-01;1.1250000e+02;1.9869186e-01;1.1250000e+02;2.1437706e-01;1.1250000e+02;1.6776836e-01;1.1250000e+02;1.0922990e-01;1.1250000e+02;5.5686854e-02;1.1250000e+02;8.4208921e-03;1.1250000e+02;-3.5976835e-02;1.1250000e+02;-7.9727843e-02;1.1250000e+02;-1.2060726e-01;1.1250000e+02;-1.6527086e-01;1.1250000e+02;-7.9203933e-02;1.1250000e+02;-7.4327365e-02;1.1250000e+02;-4.3166980e-02;1.1250000e+02;1.4504790e-03;1.1250000e+02;6.0297456e-02;1.1250000e+02;1.3262030e-01;1.1250000e+02;1.8350184e-01;1.1250000e+02;2.0934868e-01;1.1250000e+02;1.9869186e-01;1.1250000e+02;2.1437706e-01;1.1250000e+02;1.6776836e-01;1.1250000e+02;1.0922990e-01;1.1250000e+02;5.5686854e-02;1.1250000e+02;8.4208921e-03;1.1250000e+02;-3.5976835e-02;1.1250000e+02;-7.9727843e-02;1.1250000e+02;-1.2060726e-01;1.1250000e+02;-1.6527086e-01;1.1250000e+02;-7.9203933e-02;1.1250000e+02;-7.4327365e-02;1.1250000e+02;-4.3166980e-02;1.1250000e+02;1.4504790e-03;1.1250000e+02;6.0297456e-02;1.1250000e+02;1.3262030e-01;1.1250000e+02;1.8350184e-01;1.1250000e+02;2.0934868e-01;1.1250000e+02;1.9869186e-01;1.1250000e+02;2.1437706e-01;1.1250000e+02;1.6776836e-01;1.1250000e+02;1.0922990e-01;1.1250000e+02;5.5686854e-02;1.1250000e+02;8.4208921e-03;1.1250000e+02;-3.5976835e-02;1.1250000e+02;-7.9727843e-02;1.1250000e+02;-1.2060726e-01;1.1250000e+02;-1.6527086e-01;1.1250000e+02;-7.9203933e-02;1.1250000e+02;-7.4327365e-02;1.1250000e+02;-4.3166980e-02;1.1250000e+02;1.4504790e-03;1.1250000e+02;6.0297456e-02;1.1250000e+02;1.3262030e-01;1.1250000e+02;1.8350184e-01;1.1250000e+02;2.0934868e-01;1.1250000e+02;1.9869186e-01;1.1250000e+02;2.1437706e-01;1.1250000e+02;1.6776836e-01;1.1250000e+02;1.0922990e-01;1.1250000e+02;5.5686854e-02;1.1250000e+02;8.4208921e-03;1.1250000e+02;-3.5976835e-02;1.1250000e+02;-7.9727843e-02;1.1250000e+02;-1.2060726e-01;1.1250000e+02;-1.6527086e-01;1.1250000e+02;-7.9203933e-02;1.1250000e+02;-7.4327365e-02;1.1250000e+02;-4.3166980e-02;1.1250000e+02;1.4504790e-03;1.1250000e+02;6.0297456e-02;1.1250000e+02;1.3262030e-01;1.1250000e+02;1.8350184e-01;1.1250000e+02;2.0934868e-01;1.1250000e+02;1.9869186e-01;1.1250000e+02;2.1437706e-01;1.1250000e+02;1.6776836e-01;1.1250000e+02;1.0922990e-01;1.1250000e+02;5.5686854e-02;1.1250000e+02;8.4208921e-03;1.1250000e+02;-3.5976835e-02;1.1250000e+02;-7.9727843e-02;1.1250000e+02;-1.2060726e-01;1.1250000e+02;-1.6527086e-01;1.1250000e+02;-7.9203933e-02;1.1250000e+02;-7.4327365e-02;1.1250000e+02;-4.3166980e-02;1.1250000e+02;1.4504790e-03;1.1250000e+02;6.0297456e-02;1.1250000e+02;1.3262030e-01;1.1250000e+02;1.8350184e-01;1.1250000e+02;2.0934868e-01;1.1250000e+02;1.9869186e-01;1.1250000e+02;2.1437706e-01;1.1250000e+02;1.6776836e-01;1.1250000e+02;1.0922990e-01;1.1250000e+02;5.5686854e-02;1.1250000e+02;8.4208921e-03;1.1250000e+02;-3.5976835e-02;1.1250000e+02;-7.9727843e-02;1.1250000e+02;-1.2060726e-01;1.1250000e+02;-1.6527086e-01;1.1250000e+02;-7.9203933e-02;1.1250000e+02;-7.4327365e-02;1.1250000e+02;-4.3166980e-02;1.1250000e+02;1.4504790e-03;1.1250000e+02;6.0297456e-02;1.1250000e+02;1.3262030e-01;1.1250000e+02;1.8350184e-01;1.1250000e+02;2.0934868e-01;1.1250000e+02;1.9869186e-01;1.1250000e+02;2.1437706e-01;1.1250000e+02;1.6776836e-01;1.1250000e+02;1.0922990e-01;1.1250000e+02;5.5686854e-02;1.1250000e+02;8.4208921e-03;1.1250000e+02;-3.5976835e-02;1.1250000e+02;-7.9727843e-02;1.1250000e+02;-1.2060726e-01;1.1250000e+02;-1.6527086e-01;1.1250000e+02;-7.9203933e-02;1.1250000e+02;-7.4327365e-02;1.1250000e+02;-4.3166980e-02;1.1250000e+02;1.4504790e-03;1.1250000e+02;6.0297456e-02;1.1250000e+02;1.3262030e-01;1.1250000e+02;1.8350184e-01;1.1250000e+02;2.0934868e-01;1.1250000e+02;1.9869186e-01;1.1250000e+02;2.1437706e-01;1.1250000e+02;1.6776836e-01;1.1250000e+02;1.0922990e-01;1.1250000e+02;5.5686854e-02;1.1250000e+02;8.4208921e-03;1.1250000e+02;-3.5976835e-02;1.1250000e+02;-7.9727843e-02;1.1250000e+02;-1.2060726e-01;1.1250000e+02;-1.6527086e-01;1.1250000e+02;-7.9203933e-02;1.1250000e+02;-7.4327365e-02;1.1250000e+02;-4.3166980e-02;1.1250000e+02;1.4504790e-03;1.1250000e+02;6.0297456e-02;1.1250000e+02;1.3262030e-01;1.1250000e+02;1.8350184e-01;1.1250000e+02;2.0934868e-01;1.1250000e+02;1.9869186e-01;1.1250000e+02;2.1437706e-01;1.1250000e+02;1.6776836e-01;1.1250000e+02;1.0922990e-01;1.1250000e+02;5.5686854e-02;1.1250000e+02;8.4208921e-03;1.1250000e+02;-3.5976835e-02;1.1250000e+02;-7.9727843e-02;1.1250000e+02;-1.2060726e-01;1.1250000e+02;-1.6527086e-01;1.1250000e+02;-7.9203933e-02;1.1250000e+02;-7.4327365e-02;1.1250000e+02;-4.3166980e-02;1.1250000e+02;1.4504790e-03;1.1250000e+02;6.0297456e-02;1.1250000e+02;1.3262030e-01;1.1250000e+02;1.8350184e-01;1.1250000e+02;2.0934868e-01;1.1250000e+02;1.9869186e-01;1.1250000e+02;2.1437706e-01;1.1250000e+02;1.6776836e-01;1.1250000e+02;1.0922990e-01;1.1250000e+02;5.5686854e-02;1.1250000e+02;8.4208921e-03;1.1250000e+02;-3.5976835e-02;1.1250000e+02;-7.9727843e-02;1.1250000e+02;-1.2060726e-01;1.1250000e+02;-1.6527086e-01;1.1250000e+02;-7.9203933e-02;1.1250000e+02;-7.4327365e-02;1.1250000e+02;-4.3166980e-02;1.1250000e+02;1.4504790e-03;1.1250000e+02;6.0297456e-02;1.1250000e+02;1.3262030e-01;1.1250000e+02;1.8350184e-01;1.1250000e+02;2.0934868e-01;1.1250000e+02;1.9869186e-01;1.1250000e+02;2.1437706e-01;1.1250000e+02;1.6776836e-01;1.1250000e+02;1.0922990e-01;1.1250000e+02;5.5686854e-02;1.1250000e+02;8.4208921e-03;1.1250000e+02;-3.5976835e-02;1.1250000e+02;-7.9727843e-02;1.1250000e+02;-1.2060726e-01;1.1250000e+02;-1.6527086e-01;1.1250000e+02;-7.9203933e-02;1.1250000e+02;-7.4327365e-02;1.1250000e+02;-4.3166980e-02;1.1250000e+02;1.4504790e-03;1.1250000e+02;6.0297456e-02;1.1250000e+02;1.3262030e-01;1.1250000e+02;1.8350184e-01;1.1250000e+02;2.0934868e-01;1.1250000e+02;1.9869186e-01;1.1250000e+02;2.1437706e-01;1.1250000e+02;1.6776836e-01;1.1250000e+02;1.0922990e-01;1.1250000e+02;5.5686854e-02;1.1250000e+02;8.4208921e-03;1.1250000e+02;-3.5976835e-02;1.1250000e+02;-7.9727843e-02;1.1250000e+02;-1.2060726e-01;1.1250000e+02;-1.6527086e-01;1.1250000e+02;-7.9203933e-02;1.1250000e+02;-7.4327365e-02;1.1250000e+02;-4.3166980e-02;1.1250000e+02;1.4504790e-03;1.1250000e+02;6.0297456e-02;1.1250000e+02;1.3262030e-01;1.1250000e+02;1.8350184e-01;1.1250000e+02;2.0934868e-01;1.1250000e+02;1.9869186e-01;1.1250000e+02;2.1437706e-01;1.1250000e+02;1.6776836e-01;1.1250000e+02;1.0922990e-01;1.1250000e+02;5.5686854e-02;1.1250000e+02;8.4208921e-03;1.1250000e+02;-3.5976835e-02;1.1250000e+02;-7.9727843e-02;1.1250000e+02;-1.2060726e-01;1.1250000e+02;-1.6527086e-01;1.1250000e+02;-7.9203933e-02;1.1250000e+02;-7.4327365e-02;1.1250000e+02;-4.3166980e-02;1.1250000e+02;1.4504790e-03;1.1250000e+02;6.0297456e-02;1.1250000e+02;1.3262030e-01;1.1250000e+02;1.8350184e-01;1.1250000e+02;2.0934868e-01;1.1250000e+02;1.9869186e-01;1.1250000e+02;2.1437706e-01;1.1250000e+02;1.6776836e-01;1.1250000e+02;1.0922990e-01;1.1250000e+02;5.5686854e-02;1.1250000e+02;8.4208921e-03;1.1250000e+02;-3.5976835e-02;1.1250000e+02;-7.9727843e-02;1.1250000e+02;-1.2060726e-01;1.1250000e+02;-1.6527086e-01;1.1250000e+02;-7.9203933e-02;1.1250000e+02;-7.4327365e-02;1.1250000e+02;-4.3166980e-02;1.1250000e+02;1.4504790e-03;1.1250000e+02;6.0297456e-02;1.1250000e+02;1.3262030e-01;1.1250000e+02;1.8350184e-01;1.1250000e+02;2.0934868e-01;1.1250000e+02;1.9869186e-01;1.1250000e+02;2.1437706e-01;1.1250000e+02;1.6776836e-01;1.1250000e+02;1.0922990e-01;1.1250000e+02;5.5686854e-02;1.1250000e+02;8.4208921e-03;1.1250000e+02;-3.5976835e-02;1.1250000e+02;-7.9727843e-02;1.1250000e+02;-1.2060726e-01;1.1250000e+02;-1.6527086e-01;1.1250000e+02;-7.9203933e-02;1.1250000e+02;-7.4327365e-02;1.1250000e+02;-4.3166980e-02;1.1250000e+02;1.4504790e-03;1.1250000e+02;6.0297456e-02;1.1250000e+02;1.3262030e-01;1.1250000e+02;1.8350184e-01;1.1250000e+02;2.0934868e-01;1.1250000e+02;1.9869186e-01;1.1250000e+02;2.1437706e-01;1.1250000e+02;1.6776836e-01;1.1250000e+02;1.0922990e-01;1.1250000e+02;5.5686854e-02;1.1250000e+02;8.4208921e-03;1.1250000e+02;-3.5976835e-02;1.1250000e+02;-7.9727843e-02;1.1250000e+02;-1.2060726e-01;1.1250000e+02;-1.6527086e-01;1.1250000e+02;-7.9203933e-02;1.1250000e+02;-7.4327365e-02;1.1250000e+02;-4.3166980e-02;1.1250000e+02;1.4504790e-03;1.1250000e+02;6.0297456e-02;1.1250000e+02;1.3262030e-01;1.1250000e+02;1.8350184e-01;1.1250000e+02;2.0934868e-01;1.1250000e+02;1.9869186e-01;1.1250000e+02;2.1437706e-01;1.1250000e+02;1.6776836e-01;1.1250000e+02;1.0922990e-01;1.1250000e+02;5.5686854e-02;1.1250000e+02;8.4208921e-03;1.1250000e+02;-3.5976835e-02;1.1250000e+02;-7.9727843e-02;1.1250000e+02;-1.2060726e-01;1.1250000e+02;-1.6527086e-01;1.1250000e+02;-7.9203933e-02;1.1250000e+02;-7.4327365e-02;1.1250000e+02;-4.3166980e-02;1.1250000e+02;1.4504790e-03;1.1250000e+02;6.0297456e-02;1.1250000e+02;1.3262030e-01;1.1250000e+02;1.8350184e-01;1.1250000e+02;2.0934868e-01;1.1250000e+02;1.9869186e-01;1.1250000e+02;2.1437706e-01;1.1250000e+02;1.6776836e-01;1.1250000e+02;1.0922990e-01;1.1250000e+02;5.5686854e-02;1.1250000e+02;8.4208921e-03;1.1250000e+02;-3.5976835e-02;1.1250000e+02;-7.9727843e-02;1.1250000e+02;-1.2060726e-01;1.1250000e+02;-1.6527086e-01;1.1250000e+02;-7.9203933e-02;1.1250000e+02;-7.4327365e-02;1.1250000e+02;-4.3166980e-02;1.1250000e+02;1.4504790e-03;1.1250000e+02;6.0297456e-02;1.1250000e+02;1.3262030e-01;1.1250000e+02;1.8350184e-01;1.1250000e+02;2.0934868e-01;1.1250000e+02;1.9869186e-01;1.1250000e+02;2.1437706e-01;1.1250000e+02;1.6776836e-01;1.1250000e+02;1.0922990e-01;1.1250000e+02;5.5686854e-02;1.1250000e+02;8.4208921e-03;1.1250000e+02;-3.5976835e-02;1.1250000e+02;-7.9727843e-02;1.1250000e+02;-1.2060726e-01;1.1250000e+02;-1.6527086e-01;1.1250000e+02;-7.9203933e-02;1.1250000e+02;-7.4327365e-02;1.1250000e+02;-4.3166980e-02;1.1250000e+02;1.4504790e-03;1.1250000e+02;6.0297456e-02;1.1250000e+02;1.3262030e-01;1.1250000e+02;1.8350184e-01;1.1250000e+02;2.0934868e-01;1.1250000e+02;1.9869186e-01;1.1250000e+02;2.1437706e-01;1.1250000e+02;1.6776836e-01;1.1250000e+02;1.0922990e-01;1.1250000e+02;5.5686854e-02;1.1250000e+02;8.4208921e-03;1.1250000e+02;-3.5976835e-02;1.1250000e+02;-7.9727843e-02;1.1250000e+02;-1.2060726e-01;1.1250000e+02;-1.6527086e-01;1.1250000e+02;-7.9203933e-02;1.1250000e+02;-7.4327365e-02;1.1250000e+02;-4.3166980e-02;1.1250000e+02;1.4504790e-03;1.1250000e+02;6.0297456e-02;1.1250000e+02;1.3262030e-01;1.1250000e+02;1.8350184e-01;1.1250000e+02;2.0934868e-01;1.1250000e+02;1.9869186e-01;1.1250000e+02;2.1437706e-01;1.1250000e+02;1.6776836e-01;1.1250000e+02;1.0922990e-01;1.1250000e+02;5.5686854e-02;1.1250000e+02;8.4208921e-03;1.1250000e+02;-3.5976835e-02;1.1250000e+02;-7.9727843e-02;1.1250000e+02;-1.2060726e-01;1.1250000e+02;-1.6527086e-01;1.1250000e+02;-7.9203933e-02;1.1250000e+02;-7.4327365e-02;1.1250000e+02;-4.3166980e-02;1.1250000e+02;1.4504790e-03;1.1250000e+02;6.0297456e-02;1.1250000e+02;1.3262030e-01;1.1250000e+02;1.8350184e-01;1.1250000e+02;2.0934868e-01;1.1250000e+02;1.9869186e-01;1.1250000e+02;2.1437706e-01;1.1250000e+02;1.6776836e-01;1.1250000e+02;1.0922990e-01;1.1250000e+02;5.5686854e-02;1.1250000e+02;8.4208921e-03;1.1250000e+02;-3.5976835e-02;1.1250000e+02;-7.9727843e-02;1.1250000e+02;-1.2060726e-01;1.1250000e+02;-1.6527086e-01;1.1250000e+02;-7.9203933e-02;1.1250000e+02;-7.4327365e-02;1.1250000e+02;-4.3166980e-02;1.1250000e+02;1.4504790e-03;1.1250000e+02;6.0297456e-02;1.1250000e+02;1.3262030e-01;1.1250000e+02;1.8350184e-01;1.1250000e+02;2.0934868e-01;1.1250000e+02;1.9869186e-01;1.1250000e+02;2.1437706e-01;1.1250000e+02;1.6776836e-01;1.1250000e+02;1.0922990e-01;1.1250000e+02;5.5686854e-02;1.1250000e+02;8.4208921e-03;1.1250000e+02;-3.5976835e-02;1.1250000e+02;-7.9727843e-02;1.1250000e+02;-1.2060726e-01;1.1250000e+02;-1.6527086e-01;1.1250000e+02;-7.9203933e-02;1.1250000e+02;-7.4327365e-02;1.1250000e+02;-4.3166980e-02;1.1250000e+02;1.4504790e-03;1.1250000e+02;6.0297456e-02;1.1250000e+02;1.3262030e-01;1.1250000e+02;1.8350184e-01;1.1250000e+02;2.0934868e-01;1.1250000e+02;1.9869186e-01;1.1250000e+02;2.1437706e-01;1.1250000e+02;1.6776836e-01;1.1250000e+02;1.0922990e-01;1.1250000e+02;5.5686854e-02;1.1250000e+02;8.4208921e-03;1.1250000e+02;-3.5976835e-02;1.1250000e+02;-7.9727843e-02;1.1250000e+02;-1.2060726e-01;1.1250000e+02;-1.6527086e-01;1.1250000e+02;-7.9203933e-02;1.1250000e+02;-7.4327365e-02;1.1250000e+02;-4.3166980e-02;1.1250000e+02;1.4504790e-03;1.1250000e+02;6.0297456e-02;1.1250000e+02;1.3262030e-01;1.1250000e+02;1.8350184e-01;1.1250000e+02;2.0934868e-01;1.1250000e+02;1.9869186e-01;1.1250000e+02;2.1437706e-01;1.1250000e+02;1.6776836e-01;1.1250000e+02;1.0922990e-01;1.1250000e+02;5.5686854e-02;1.1250000e+02;8.4208921e-03;1.1250000e+02;-3.5976835e-02;1.1250000e+02;-7.9727843e-02;1.1250000e+02;-1.2060726e-01;1.1250000e+02;-1.6527086e-01;1.1250000e+02;-7.9203933e-02;1.1250000e+02;-7.4327365e-02;1.1250000e+02;-4.3166980e-02;1.1250000e+02;1.4504790e-03;1.1250000e+02;6.0297456e-02;1.1250000e+02;1.3262030e-01;1.1250000e+02;1.8350184e-01;1.1250000e+02;2.0934868e-01;1.1250000e+02;1.9869186e-01;1.1250000e+02;2.1437706e-01;1.1250000e+02;1.6776836e-01;1.1250000e+02;1.0922990e-01;1.1250000e+02;5.5686854e-02;1.1250000e+02;8.4208921e-03;1.1250000e+02;-3.5976835e-02;1.1250000e+02;-7.9727843e-02;1.1250000e+02;-1.2060726e-01;1.1250000e+02;-1.6527086e-01;1.1250000e+02;-7.9203933e-02;1.1250000e+02;-7.4327365e-02;1.1250000e+02;-4.3166980e-02;1.1250000e+02;1.4504790e-03;1.1250000e+02;6.0297456e-02;1.1250000e+02;1.3262030e-01;1.1250000e+02;1.8350184e-01;1.1250000e+02;2.0934868e-01;1.1250000e+02;1.9869186e-01;1.1250000e+02;2.1437706e-01;1.1250000e+02;1.6776836e-01;1.1250000e+02;1.0922990e-01;1.1250000e+02;5.5686854e-02;1.1250000e+02;8.4208921e-03;1.1250000e+02;-3.5976835e-02;1.1250000e+02;-7.9727843e-02;1.1250000e+02;-1.2060726e-01;1.1250000e+02;-1.6527086e-01;1.1250000e+02;-7.9203933e-02;1.1250000e+02;-7.4327365e-02;1.1250000e+02;-4.3166980e-02;1.1250000e+02;1.4504790e-03;1.1250000e+02;6.0297456e-02;1.1250000e+02;1.3262030e-01;1.1250000e+02;1.8350184e-01;1.1250000e+02;2.0934868e-01;1.1250000e+02;1.9869186e-01;1.1250000e+02;2.1437706e-01;1.1250000e+02;1.6776836e-01;1.1250000e+02;1.0922990e-01;1.1250000e+02;5.5686854e-02;1.1250000e+02;8.4208921e-03;1.1250000e+02;-3.5976835e-02;1.1250000e+02;-7.9727843e-02;1.1250000e+02;-1.2060726e-01;1.1250000e+02;-1.6527086e-01;1.1250000e+02;-7.9203933e-02;1.1250000e+02;-7.4327365e-02;1.1250000e+02;-4.3166980e-02;1.1250000e+02;1.4504790e-03;1.1250000e+02;6.0297456e-02;1.1250000e+02;1.3262030e-01;1.1250000e+02;1.8350184e-01;1.1250000e+02;2.0934868e-01;1.1250000e+02;1.9869186e-01;1.1250000e+02;2.1437706e-01;1.1250000e+02;1.6776836e-01;1.1250000e+02;1.0922990e-01;1.1250000e+02;5.5686854e-02;1.1250000e+02;8.4208921e-03;1.1250000e+02;-3.5976835e-02;1.1250000e+02;-7.9727843e-02;1.1250000e+02;-1.2060726e-01;1.1250000e+02;-1.6527086e-01;1.1250000e+02;-7.9203933e-02;1.1250000e+02;-7.4327365e-02;1.1250000e+02;-4.3166980e-02;1.1250000e+02;1.4504790e-03;1.1250000e+02;6.0297456e-02;1.1250000e+02;1.3262030e-01;1.1250000e+02;1.8350184e-01;1.1250000e+02;2.0934868e-01;1.1250000e+02;1.9869186e-01;1.1250000e+02;2.1437706e-01;1.1250000e+02;1.6776836e-01;1.1250000e+02;1.0922990e-01;1.1250000e+02;5.5686854e-02;1.1250000e+02;8.4208921e-03;1.1250000e+02;-3.5976835e-02;1.1250000e+02;-7.9727843e-02;1.1250000e+02;-1.2060726e-01;1.1250000e+02;-1.6527086e-01;1.1250000e+02;-7.9203933e-02;1.1250000e+02;-7.4327365e-02;1.1250000e+02;-4.3166980e-02;1.1250000e+02;1.4504790e-03;1.1250000e+02;6.0297456e-02;1.1250000e+02;1.3262030e-01;1.1250000e+02;1.8350184e-01;1.1250000e+02;2.0934868e-01;1.1250000e+02;1.9869186e-01;1.1250000e+02;2.1437706e-01;1.1250000e+02;1.6776836e-01;1.1250000e+02;1.0922990e-01;1.1250000e+02;5.5686854e-02;1.1250000e+02;8.4208921e-03;1.1250000e+02;-3.5976835e-02;1.1250000e+02;-7.9727843e-02;1.1250000e+02;-1.2060726e-01;1.1250000e+02;-1.6527086e-01;1.1250000e+02;-7.9203933e-02;1.1250000e+02;-7.4327365e-02;1.1250000e+02;-4.3166980e-02;1.1250000e+02;1.4504790e-03;1.1250000e+02;6.0297456e-02;1.1250000e+02;1.3262030e-01;1.1250000e+02;1.8350184e-01;1.1250000e+02;2.0934868e-01;1.1250000e+02;1.9869186e-01;1.1250000e+02;2.1437706e-01;1.1250000e+02;1.6776836e-01;1.1250000e+02;1.0922990e-01;1.1250000e+02;5.5686854e-02;1.1250000e+02;8.4208921e-03;1.1250000e+02;-3.5976835e-02;1.1250000e+02;-7.9727843e-02;1.1250000e+02;-1.2060726e-01;1.1250000e+02;-1.6527086e-01;1.1250000e+02;-7.9203933e-02;1.1250000e+02;-7.4327365e-02;1.1250000e+02;-4.3166980e-02;1.1250000e+02;1.4504790e-03;1.1250000e+02;6.0297456e-02;1.1250000e+02;1.3262030e-01;1.1250000e+02;1.8350184e-01;1.1250000e+02;2.0934868e-01;1.1250000e+02;1.9869186e-01;1.1250000e+02;2.1437706e-01;1.1250000e+02;1.6776836e-01;1.1250000e+02;1.0922990e-01;1.1250000e+02;5.5686854e-02;1.1250000e+02;8.4208921e-03;1.1250000e+02;-3.5976835e-02;1.1250000e+02;-7.9727843e-02;1.1250000e+02;-1.2060726e-01;1.1250000e+02;-1.6527086e-01;1.1250000e+02;-7.9203933e-02;1.1250000e+02;-7.4327365e-02;1.1250000e+02;-4.3166980e-02;1.1250000e+02;1.4504790e-03;1.1250000e+02;6.0297456e-02;1.1250000e+02;1.3262030e-01;1.1250000e+02;1.8350184e-01;1.1250000e+02;2.0934868e-01;1.1250000e+02;1.9869186e-01;1.1250000e+02;2.1437706e-01;1.1250000e+02;1.6776836e-01;1.1250000e+02;1.0922990e-01;1.1250000e+02;5.5686854e-02;1.1250000e+02;8.4208921e-03;1.1250000e+02;-3.5976835e-02;1.1250000e+02;-7.9727843e-02;1.1250000e+02;-1.2060726e-01;1.1250000e+02;-1.6527086e-01;1.1250000e+02;-7.9203933e-02;1.1250000e+02;-7.4327365e-02;1.1250000e+02;-4.3166980e-02;1.1250000e+02;1.4504790e-03;1.1250000e+02;6.0297456e-02;1.1250000e+02;1.3262030e-01;1.1250000e+02;1.8350184e-01;1.1250000e+02;2.0934868e-01;1.1250000e+02;1.9869186e-01;1.1250000e+02;2.1437706e-01;1.1250000e+02;1.6776836e-01;1.1250000e+02;1.0922990e-01;1.1250000e+02;5.5686854e-02;1.1250000e+02;8.4208921e-03;1.1250000e+02;-3.5976835e-02;1.1250000e+02;-7.9727843e-02;1.1250000e+02;-1.2060726e-01;1.1250000e+02;-1.6527086e-01;1.1250000e+02;-7.9203933e-02;1.1250000e+02;-7.4327365e-02;1.1250000e+02;-4.3166980e-02;1.1250000e+02;1.4504790e-03;1.1250000e+02;6.0297456e-02;1.1250000e+02;1.3262030e-01;1.1250000e+02;1.8350184e-01;1.1250000e+02;2.0934868e-01;1.1250000e+02;1.9869186e-01;1.1250000e+02;2.1437706e-01;1.1250000e+02;1.6776836e-01;1.1250000e+02;1.0922990e-01;1.1250000e+02;5.5686854e-02;1.1250000e+02;8.4208921e-03;1.1250000e+02;-3.5976835e-02;1.1250000e+02;-7.9727843e-02;1.1250000e+02;-1.2060726e-01;1.1250000e+02;-1.6527086e-01;1.1250000e+02;-7.9203933e-02;1.1250000e+02;-7.4327365e-02;1.1250000e+02;-4.3166980e-02;1.1250000e+02;1.4504790e-03;1.1250000e+02;6.0297456e-02;1.1250000e+02;1.3262030e-01;1.1250000e+02;1.8350184e-01;1.1250000e+02;2.0934868e-01;1.1250000e+02;1.9869186e-01;1.1250000e+02;2.1437706e-01;1.1250000e+02;1.6776836e-01;1.1250000e+02;1.0922990e-01;1.1250000e+02;5.5686854e-02;1.1250000e+02;8.4208921e-03;1.1250000e+02;-3.5976835e-02;1.1250000e+02;-7.9727843e-02;1.1250000e+02;-1.2060726e-01;1.1250000e+02;-1.6527086e-01;1.1250000e+02;-7.9203933e-02;1.1250000e+02;-7.4327365e-02;1.1250000e+02;-4.3166980e-02;1.1250000e+02;1.4504790e-03;1.1250000e+02;6.0297456e-02;1.1250000e+02;1.3262030e-01;1.1250000e+02;1.8350184e-01;1.1250000e+02;2.0934868e-01;1.1250000e+02;1.9869186e-01;1.1250000e+02;2.1437706e-01;1.1250000e+02;1.6776836e-01;1.1250000e+02;1.0922990e-01;1.1250000e+02;5.5686854e-02;1.1250000e+02;8.4208921e-03;1.1250000e+02;-3.5976835e-02;1.1250000e+02;-7.9727843e-02;1.1250000e+02;-1.2060726e-01;1.1250000e+02;-1.6527086e-01;1.1250000e+02;-7.9203933e-02;1.1250000e+02;-7.4327365e-02;1.1250000e+02;-4.3166980e-02;1.1250000e+02;1.4504790e-03;1.1250000e+02;6.0297456e-02;1.1250000e+02;1.3262030e-01;1.1250000e+02;1.8350184e-01;1.1250000e+02;2.0934868e-01;1.1250000e+02;1.9869186e-01;1.1250000e+02;2.1437706e-01;1.1250000e+02;1.6776836e-01;1.1250000e+02;1.0922990e-01;1.1250000e+02;5.5686854e-02;1.1250000e+02;8.4208921e-03;1.1250000e+02;-3.5976835e-02;1.1250000e+02;-7.9727843e-02;1.1250000e+02;-1.2060726e-01;1.1250000e+02;-1.6527086e-01;1.1250000e+02;-7.9203933e-02;1.1250000e+02;-7.4327365e-02;1.1250000e+02;-4.3166980e-02;1.1250000e+02;1.4504790e-03;1.1250000e+02;6.0297456e-02;1.1250000e+02;1.3262030e-01;1.1250000e+02;1.8350184e-01;1.1250000e+02;2.0934868e-01;1.1250000e+02;1.9869186e-01;1.1250000e+02;2.1437706e-01;1.1250000e+02;1.6776836e-01;1.1250000e+02;1.0922990e-01;1.1250000e+02;5.5686854e-02;1.1250000e+02;8.4208921e-03;1.1250000e+02;-3.5976835e-02;1.1250000e+02;-7.9727843e-02;1.1250000e+02;-1.2060726e-01;1.1250000e+02;-1.6527086e-01;1.1250000e+02;-7.9203933e-02;1.1250000e+02;-7.4327365e-02;1.1250000e+02;-4.3166980e-02;1.1250000e+02;1.4504790e-03;1.1250000e+02;6.0297456e-02;1.1250000e+02;1.3262030e-01;1.1250000e+02;1.8350184e-01;1.1250000e+02;2.0934868e-01;1.1250000e+02;1.9869186e-01;1.1250000e+02;2.1437706e-01;1.1250000e+02;1.6776836e-01;1.1250000e+02;1.0922990e-01;1.1250000e+02;5.5686854e-02;1.1250000e+02;8.4208921e-03;1.1250000e+02;-3.5976835e-02;1.1250000e+02;-7.9727843e-02;1.1250000e+02;-1.2060726e-01;1.1250000e+02;-1.6527086e-01;1.1250000e+02;-7.9203933e-02;1.1250000e+02;-7.4327365e-02;1.1250000e+02;-4.3166980e-02;1.1250000e+02;1.4504790e-03;1.1250000e+02;6.0297456e-02;1.1250000e+02;1.3262030e-01;1.1250000e+02;1.8350184e-01;1.1250000e+02;2.0934868e-01;1.1250000e+02;1.9869186e-01;1.1250000e+02;2.1437706e-01;1.1250000e+02;1.6776836e-01;1.1250000e+02;1.0922990e-01;1.1250000e+02;5.5686854e-02;1.1250000e+02;8.4208921e-03;1.1250000e+02;-3.5976835e-02;1.1250000e+02;-7.9727843e-02;1.1250000e+02;-1.2060726e-01;1.1250000e+02;-1.6527086e-01;1.1250000e+02;-7.9203933e-02;1.1250000e+02;-7.4327365e-02;1.1250000e+02;-4.3166980e-02;1.1250000e+02;1.4504790e-03;1.1250000e+02;6.0297456e-02;1.1250000e+02;1.3262030e-01;1.1250000e+02;1.8350184e-01;1.1250000e+02;2.0934868e-01;1.1250000e+02;1.9869186e-01;1.1250000e+02;2.1437706e-01;1.1250000e+02;1.6776836e-01;1.1250000e+02;1.0922990e-01;1.1250000e+02;5.5686854e-02;1.1250000e+02;8.4208921e-03;1.1250000e+02;-3.5976835e-02;1.1250000e+02;-7.9727843e-02;1.1250000e+02;-1.2060726e-01;1.1250000e+02;-1.6527086e-01;1.1250000e+02;-7.9203933e-02;1.1250000e+02;-7.4327365e-02;1.1250000e+02;-4.3166980e-02;1.1250000e+02;1.4504790e-03;1.1250000e+02;6.0297456e-02;1.1250000e+02;1.3262030e-01;1.1250000e+02;1.8350184e-01;1.1250000e+02;2.0934868e-01;1.1250000e+02;1.9869186e-01;1.1250000e+02;2.1437706e-01;1.1250000e+02;1.6776836e-01;1.1250000e+02;1.0922990e-01;1.1250000e+02;5.5686854e-02;1.1250000e+02;8.4208921e-03;1.1250000e+02;-3.5976835e-02;1.1250000e+02;-7.9727843e-02;1.1250000e+02;-1.2060726e-01;1.1250000e+02;-1.6527086e-01;1.1250000e+02;-7.9203933e-02;1.1250000e+02;-7.4327365e-02;1.1250000e+02;-4.3166980e-02;1.1250000e+02;1.4504790e-03;1.1250000e+02;6.0297456e-02;1.1250000e+02;1.3262030e-01;1.1250000e+02;1.8350184e-01;1.1250000e+02;2.0934868e-01;1.1250000e+02;1.9869186e-01;1.1250000e+02;2.1437706e-01;1.1250000e+02;1.6776836e-01;1.1250000e+02;1.0922990e-01;1.1250000e+02;5.5686854e-02;1.1250000e+02;8.4208921e-03;1.1250000e+02;-3.5976835e-02;1.1250000e+02;-7.9727843e-02;1.1250000e+02;-1.2060726e-01;1.1250000e+02;-1.6527086e-01;1.1250000e+02;-7.9203933e-02;1.1250000e+02;-7.4327365e-02;1.1250000e+02;-4.3166980e-02;1.1250000e+02;1.4504790e-03;1.1250000e+02;6.0297456e-02;1.1250000e+02;1.3262030e-01;1.1250000e+02;1.8350184e-01;1.1250000e+02;2.0934868e-01;1.1250000e+02;1.9869186e-01;1.1250000e+02;2.1437706e-01;1.1250000e+02;1.6776836e-01;1.1250000e+02;1.0922990e-01;1.1250000e+02;5.5686854e-02;1.1250000e+02;8.4208921e-03;1.1250000e+02;-3.5976835e-02;1.1250000e+02;-7.9727843e-02;1.1250000e+02;-1.2060726e-01;1.1250000e+02;-1.6527086e-01;1.1250000e+02;-7.9203933e-02;1.1250000e+02;-7.4327365e-02;1.1250000e+02;-4.3166980e-02;1.1250000e+02;1.4504790e-03;1.1250000e+02;6.0297456e-02;1.1250000e+02;1.3262030e-01;1.1250000e+02;1.8350184e-01;1.1250000e+02;2.0934868e-01;1.1250000e+02;1.9869186e-01;1.1250000e+02;2.1437706e-01;1.1250000e+02;1.6776836e-01;1.1250000e+02;1.0922990e-01;1.1250000e+02;5.5686854e-02;1.1250000e+02;8.4208921e-03;1.1250000e+02;-3.5976835e-02;1.1250000e+02;-7.9727843e-02;1.1250000e+02;-1.2060726e-01;1.1250000e+02;-1.6527086e-01;1.1250000e+02;-7.9203933e-02;1.1250000e+02;-7.4327365e-02;1.1250000e+02;-4.3166980e-02;1.1250000e+02;1.4504790e-03;1.1250000e+02;6.0297456e-02;1.1250000e+02;1.3262030e-01;1.1250000e+02;1.8350184e-01;1.1250000e+02;2.0934868e-01;1.1250000e+02;1.9869186e-01;1.1250000e+02;2.1437706e-01;1.1250000e+02;1.6776836e-01;1.1250000e+02;1.0922990e-01;1.1250000e+02;5.5686854e-02;1.1250000e+02;8.4208921e-03;1.1250000e+02;-3.5976835e-02;1.1250000e+02;-7.9727843e-02;1.1250000e+02;-1.2060726e-01;1.1250000e+02;-1.6527086e-01;1.1250000e+02;-7.9203933e-02;1.1250000e+02;-7.4327365e-02;1.1250000e+02;-4.3166980e-02;1.1250000e+02;1.4504790e-03;1.1250000e+02;6.0297456e-02;1.1250000e+02;1.3262030e-01;1.1250000e+02;1.8350184e-01;1.1250000e+02;2.0934868e-01;1.1250000e+02;1.9869186e-01;1.1250000e+02;2.1437706e-01;1.1250000e+02;1.6776836e-01;1.1250000e+02;1.0922990e-01;1.1250000e+02;5.5686854e-02;1.1250000e+02;8.4208921e-03;1.1250000e+02;-3.5976835e-02;1.1250000e+02;-7.9727843e-02;1.1250000e+02;-1.2060726e-01;1.1250000e+02;-1.6527086e-01;1.1250000e+02;-7.9203933e-02;1.1250000e+02;-7.4327365e-02;1.1250000e+02;-4.3166980e-02;1.1250000e+02;1.4504790e-03;1.1250000e+02;6.0297456e-02;1.1250000e+02;1.3262030e-01;1.1250000e+02;1.8350184e-01;1.1250000e+02;2.0934868e-01;1.1250000e+02;1.9869186e-01;1.1250000e+02;2.1437706e-01;1.1250000e+02;1.6776836e-01;1.1250000e+02;1.0922990e-01;1.1250000e+02;5.5686854e-02;1.1250000e+02;8.4208921e-03;1.1250000e+02;-3.5976835e-02;1.1250000e+02;-7.9727843e-02;1.1250000e+02;-1.2060726e-01;1.1250000e+02;-1.6527086e-01;1.1250000e+02;-7.9203933e-02;1.1250000e+02;-7.4327365e-02;1.1250000e+02;-4.3166980e-02;1.1250000e+02;1.4504790e-03;1.1250000e+02;6.0297456e-02;1.1250000e+02;1.3262030e-01;1.1250000e+02;1.8350184e-01;1.1250000e+02;2.0934868e-01;1.1250000e+02;1.9869186e-01;1.1250000e+02;2.1437706e-01;1.1250000e+02;1.6776836e-01;1.1250000e+02;1.0922990e-01;1.1250000e+02;5.5686854e-02;1.1250000e+02;8.4208921e-03;1.1250000e+02;-3.5976835e-02;1.1250000e+02;-7.9727843e-02;1.1250000e+02;-1.2060726e-01;1.1250000e+02;-1.6527086e-01;1.1250000e+02;-7.9203933e-02;1.1250000e+02;-7.4327365e-02;1.1250000e+02;-4.3166980e-02;1.1250000e+02;1.4504790e-03;1.1250000e+02;6.0297456e-02;1.1250000e+02;1.3262030e-01;1.1250000e+02;1.8350184e-01;1.1250000e+02;2.0934868e-01;1.1250000e+02;1.9869186e-01;1.1250000e+02;2.1437706e-01;1.1250000e+02;1.6776836e-01;1.1250000e+02;1.0922990e-01;1.1250000e+02;5.5686854e-02;1.1250000e+02;8.4208921e-03;1.1250000e+02;-3.5976835e-02;1.1250000e+02;-7.9727843e-02;1.1250000e+02;-1.2060726e-01;1.1250000e+02;-1.6527086e-01;1.1250000e+02;-7.9203933e-02;1.1250000e+02;-7.4327365e-02;1.1250000e+02;-4.3166980e-02;1.1250000e+02;1.4504790e-03;1.1250000e+02;6.0297456e-02;1.1250000e+02;1.3262030e-01;1.1250000e+02;1.8350184e-01;1.1250000e+02;2.0934868e-01;1.1250000e+02;1.9869186e-01;1.1250000e+02;2.1437706e-01;1.1250000e+02;1.6776836e-01;1.1250000e+02;1.0922990e-01;1.1250000e+02;5.5686854e-02;1.1250000e+02;8.4208921e-03;1.1250000e+02;-3.5976835e-02;1.1250000e+02;-7.9727843e-02;1.1250000e+02;-1.2060726e-01;1.1250000e+02;-1.6527086e-01;1.1250000e+02;-7.9203933e-02;1.1250000e+02;-7.4327365e-02;1.1250000e+02;-4.3166980e-02;1.1250000e+02;1.4504790e-03;1.1250000e+02;6.0297456e-02;1.1250000e+02;1.3262030e-01;1.1250000e+02;1.8350184e-01;1.1250000e+02;2.0934868e-01;1.1250000e+02;1.9869186e-01;1.1250000e+02;2.1437706e-01;1.1250000e+02;1.6776836e-01;1.1250000e+02;1.0922990e-01;1.1250000e+02;5.5686854e-02;1.1250000e+02;8.4208921e-03;1.1250000e+02;-3.5976835e-02;1.1250000e+02;-7.9727843e-02;1.1250000e+02;-1.2060726e-01;1.1250000e+02;-1.6527086e-01;1.1250000e+02;-7.9203933e-02;1.1250000e+02;-7.4327365e-02;1.1250000e+02;-4.3166980e-02;1.1250000e+02;1.4504790e-03;1.1250000e+02;6.0297456e-02;1.1250000e+02;1.3262030e-01;1.1250000e+02;1.8350184e-01;1.1250000e+02;2.0934868e-01;1.1250000e+02;1.9869186e-01;1.1250000e+02;2.1437706e-01;1.1250000e+02;1.6776836e-01;1.1250000e+02;1.0922990e-01;1.1250000e+02;5.5686854e-02;1.1250000e+02;8.4208921e-03;1.1250000e+02;-3.5976835e-02;1.1250000e+02;-7.9727843e-02;1.1250000e+02;-1.2060726e-01;1.1250000e+02;-1.6527086e-01;1.1250000e+02;-7.9203933e-02;1.1250000e+02;-7.4327365e-02;1.1250000e+02;-4.3166980e-02;1.1250000e+02;1.4504790e-03;1.1250000e+02;6.0297456e-02;1.1250000e+02;1.3262030e-01;1.1250000e+02;1.8350184e-01;1.1250000e+02;2.0934868e-01;1.1250000e+02;1.9869186e-01;1.1250000e+02;2.1437706e-01;1.1250000e+02;1.6776836e-01;1.1250000e+02;1.0922990e-01;1.1250000e+02;5.5686854e-02;1.1250000e+02;8.4208921e-03;1.1250000e+02;-3.5976835e-02;1.1250000e+02;-7.9727843e-02;1.1250000e+02;-1.2060726e-01;1.1250000e+02;-1.6527086e-01;1.1250000e+02;-7.9203933e-02;1.1250000e+02;-7.4327365e-02;1.1250000e+02;-4.3166980e-02;1.1250000e+02;1.4504790e-03;1.1250000e+02;6.0297456e-02;1.1250000e+02;1.3262030e-01;1.1250000e+02;1.8350184e-01;1.1250000e+02;2.0934868e-01;1.1250000e+02;1.9869186e-01;1.1250000e+02;2.1437706e-01;1.1250000e+02;1.6776836e-01;1.1250000e+02;1.0922990e-01;1.1250000e+02;5.5686854e-02;1.1250000e+02;8.4208921e-03;1.1250000e+02;-3.5976835e-02;1.1250000e+02;-7.9727843e-02;1.1250000e+02;-1.2060726e-01;1.1250000e+02;-1.6527086e-01;1.1250000e+02;-7.9203933e-02;1.1250000e+02;-7.4327365e-02;1.1250000e+02;-4.3166980e-02;1.1250000e+02;1.4504790e-03;1.1250000e+02;6.0297456e-02;1.1250000e+02;1.3262030e-01;1.1250000e+02;1.8350184e-01;1.1250000e+02;2.0934868e-01;1.1250000e+02;1.9869186e-01;1.1250000e+02;2.1437706e-01;1.1250000e+02;1.6776836e-01;1.1250000e+02;1.0922990e-01;1.1250000e+02;5.5686854e-02;1.1250000e+02;8.4208921e-03;1.1250000e+02;-3.5976835e-02;1.1250000e+02;-7.9727843e-02;1.1250000e+02;-1.2060726e-01;1.1250000e+02;-1.6527086e-01;1.1250000e+02;-7.9203933e-02;1.1250000e+02;-7.4327365e-02;1.1250000e+02;-4.3166980e-02;1.1250000e+02;1.4504790e-03;1.1250000e+02;6.0297456e-02;1.1250000e+02;1.3262030e-01;1.1250000e+02;1.8350184e-01;1.1250000e+02;2.0934868e-01;1.1250000e+02;1.9869186e-01;1.1250000e+02;2.1437706e-01;1.1250000e+02;1.6776836e-01;1.1250000e+02;1.0922990e-01;1.1250000e+02;5.5686854e-02;1.1250000e+02;8.4208921e-03;1.1250000e+02;-3.5976835e-02;1.1250000e+02;-7.9727843e-02;1.1250000e+02;-1.2060726e-01;1.1250000e+02;-1.6527086e-01;1.1250000e+02;-7.9203933e-02;1.1250000e+02;-7.4327365e-02;1.1250000e+02;-4.3166980e-02;1.1250000e+02;1.4504790e-03;1.1250000e+02;6.0297456e-02;1.1250000e+02;1.3262030e-01;1.1250000e+02;1.8350184e-01;1.1250000e+02;2.0934868e-01;1.1250000e+02;1.9869186e-01;1.1250000e+02;2.1437706e-01;1.1250000e+02;1.6776836e-01;1.1250000e+02;1.0922990e-01;1.1250000e+02;5.5686854e-02;1.1250000e+02;8.4208921e-03;1.1250000e+02;-3.5976835e-02;1.1250000e+02;-7.9727843e-02;1.1250000e+02;-1.2060726e-01;1.1250000e+02;-1.6527086e-01;1.1250000e+02;-7.9203933e-02;1.1250000e+02;-7.4327365e-02;1.1250000e+02;-4.3166980e-02;1.1250000e+02;1.4504790e-03;1.1250000e+02;6.0297456e-02;1.1250000e+02;1.3262030e-01;1.1250000e+02;1.8350184e-01;1.1250000e+02;2.0934868e-01;1.1250000e+02;1.9869186e-01;1.1250000e+02;2.1437706e-01;1.1250000e+02;1.6776836e-01;1.1250000e+02;1.0922990e-01;1.1250000e+02;5.5686854e-02;1.1250000e+02;8.4208921e-03;1.1250000e+02;-3.5976835e-02;1.1250000e+02;-7.9727843e-02;1.1250000e+02;-1.2060726e-01;1.1250000e+02;-1.6527086e-01;1.1250000e+02;-7.9203933e-02;1.1250000e+02;-7.4327365e-02;1.1250000e+02;-4.3166980e-02;1.1250000e+02;1.4504790e-03;1.1250000e+02;6.0297456e-02;1.1250000e+02;1.3262030e-01;1.1250000e+02;1.8350184e-01;1.1250000e+02;2.0934868e-01;1.1250000e+02;1.9869186e-01;1.1250000e+02;2.1437706e-01;1.1250000e+02;1.6776836e-01;1.1250000e+02;1.0922990e-01;1.1250000e+02;5.5686854e-02;1.1250000e+02;8.4208921e-03;1.1250000e+02;-3.5976835e-02;1.1250000e+02;-7.9727843e-02;1.1250000e+02;-1.2060726e-01;1.1250000e+02;-1.6527086e-01;1.1250000e+02;-7.9203933e-02;1.1250000e+02;-7.4327365e-02;1.1250000e+02;-4.3166980e-02;1.1250000e+02;1.4504790e-03;1.1250000e+02;6.0297456e-02;1.1250000e+02;1.3262030e-01;1.1250000e+02;1.8350184e-01;1.1250000e+02;2.0934868e-01;1.1250000e+02;1.9869186e-01;1.1250000e+02;2.1437706e-01;1.1250000e+02;1.6776836e-01;1.1250000e+02;1.0922990e-01;1.1250000e+02;5.5686854e-02;1.1250000e+02;8.4208921e-03;1.1250000e+02;-3.5976835e-02;1.1250000e+02;-7.9727843e-02;1.1250000e+02;-1.2060726e-01;1.1250000e+02;-1.6527086e-01;1.1250000e+02;-7.9203933e-02;1.1250000e+02;-7.4327365e-02;1.1250000e+02;-4.3166980e-02;1.1250000e+02;1.4504790e-03;1.1250000e+02;6.0297456e-02;1.1250000e+02;1.3262030e-01;1.1250000e+02;1.8350184e-01;1.1250000e+02;2.0934868e-01;1.1250000e+02;1.9869186e-01;1.1250000e+02;2.1437706e-01;1.1250000e+02;1.6776836e-01;1.1250000e+02;1.0922990e-01;1.1250000e+02;5.5686854e-02;1.1250000e+02;8.4208921e-03;1.1250000e+02;-3.5976835e-02;1.1250000e+02;-7.9727843e-02;1.1250000e+02;-1.2060726e-01;1.1250000e+02;-1.6527086e-01
1.1750000e+02;-7.1389332e-02;1.1750000e+02;-6.5530881e-02;1.1750000e+02;-3.9794393e-02;1.1750000e+02;4.0196255e-03;1.1750000e+02;6.5364398e-02;1.1750000e+02;1.4333132e-01;1.1750000e+02;1.8976608e-01;1.1750000e+02;2.0906480e-01;1.1750000e+02;2.0075160e-01;1.1750000e+02;2.2152668e-01;1.1750000e+02;1.7866154e-01;1.1750000e+02;1.2148181e-01;1.1750000e+02;7.0537977e-02;1.1750000e+02;2.0638902e-02;1.1750000e+02;-2.3953326e-02;1.1750000e+02;-6.5517783e-02;1.1750000e+02;-1.1133644e-01;1.1750000e+02;-1.5246943e-01;1.1750000e+02;-7.1389332e-02;1.1750000e+02;-6.5530881e-02;1.1750000e+02;-3.9794393e-02;1.1750000e+02;4.0196255e-03;1.1750000e+02;6.5364398e-02;1.1750000e+02;1.4333132e-01;1.1750000e+02;1.8976608e-01;1.1750000e+02;2.0906480e-01;1.1750000e+02;2.0075160e-01;1.1750000e+02;2.2152668e-01;1.1750000e+02;1.7866154e-01;1.1750000e+02;1.2148181e-01;1.1750000e+02;7.0537977e-02;1.1750000e+02;2.0638902e-02;1.1750000e+02;-2.3953326e-02;1.1750000e+02;-6.5517783e-02;1.1750000e+02;-1.1133644e-01;1.1750000e+02;-1.5246943e-01;1.1750000e+02;-7.1389332e-02;1.1750000e+02;-6.5530881e-02;1.1750000e+02;-3.9794393e-02;1.1750000e+02;4.0196255e-03;1.1750000e+02;6.5364398e-02;1.1750000e+02;1.4333132e-01;1.1750000e+02;1.8976608e-01;1.1750000e+02;2.0906480e-01;1.1750000e+02;2.0075160e-01;1.1750000e+02;2.2152668e-01;1.1750000e+02;1.7866154e-01;1.1750000e+02;1.2148181e-01;1.1750000e+02;7.0537977e-02;1.1750000e+02;2.0638902e-02;1.1750000e+02;-2.3953326e-02;1.1750000e+02;-6.5517783e-02;1.1750000e+02;-1.1133644e-01;1.1750000e+02;-1.5246943e-01;1.1750000e+02;-7.1389332e-02;1.1750000e+02;-6.5530881e-02;1.1750000e+02;-3.9794393e-02;1.1750000e+02;4.0196255e-03;1.1750000e+02;6.5364398e-02;1.1750000e+02;1.4333132e-01;1.1750000e+02;1.8976608e-01;1.1750000e+02;2.0906480e-01;1.1750000e+02;2.0075160e-01;1.1750000e+02;2.2152668e-01;1.1750000e+02;1.7866154e-01;1.1750000e+02;1.2148181e-01;1.1750000e+02;7.0537977e-02;1.1750000e+02;2.0638902e-02;1.1750000e+02;-2.3953326e-02;1.1750000e+02;-6.5517783e-02;1.1750000e+02;-1.1133644e-01;1.1750000e+02;-1.5246943e-01;1.1750000e+02;-7.1389332e-02;1.1750000e+02;-6.5530881e-02;1.1750000e+02;-3.9794393e-02;1.1750000e+02;4.0196255e-03;1.1750000e+02;6.5364398e-02;1.1750000e+02;1.4333132e-01;1.1750000e+02;1.8976608e-01;1.1750000e+02;2.0906480e-01;1.1750000e+02;2.0075160e-01;1.1750000e+02;2.2152668e-01;1.1750000e+02;1.7866154e-01;1.1750000e+02;1.2148181e-01;1.1750000e+02;7.0537977e-02;1.1750000e+02;2.0638902e-02;1.1750000e+02;-2.3953326e-02;1.1750000e+02;-6.5517783e-02;1.1750000e+02;-1.1133644e-01;1.1750000e+02;-1.5246943e-01;1.1750000e+02;-7.1389332e-02;1.1750000e+02;-6.5530881e-02;1.1750000e+02;-3.9794393e-02;1.1750000e+02;4.0196255e-03;1.1750000e+02;6.5364398e-02;1.1750000e+02;1.4333132e-01;1.1750000e+02;1.8976608e-01;1.1750000e+02;2.0906480e-01;1.1750000e+02;2.0075160e-01;1.1750000e+02;2.2152668e-01;1.1750000e+02;1.7866154e-01;1.1750000e+02;1.2148181e-01;1.1750000e+02;7.0537977e-02;1.1750000e+02;2.0638902e-02;1.1750000e+02;-2.3953326e-02;1.1750000e+02;-6.5517783e-02;1.1750000e+02;-1.1133644e-01;1.1750000e+02;-1.5246943e-01;1.1750000e+02;-7.1389332e-02;1.1750000e+02;-6.5530881e-02;1.1750000e+02;-3.9794393e-02;1.1750000e+02;4.0196255e-03;1.1750000e+02;6.5364398e-02;1.1750000e+02;1.4333132e-01;1.1750000e+02;1.8976608e-01;1.1750000e+02;2.0906480e-01;1.1750000e+02;2.0075160e-01;1.1750000e+02;2.2152668e-01;1.1750000e+02;1.7866154e-01;1.1750000e+02;1.2148181e-01;1.1750000e+02;7.0537977e-02;1.1750000e+02;2.0638902e-02;1.1750000e+02;-2.3953326e-02;1.1750000e+02;-6.5517783e-02;1.1750000e+02;-1.1133644e-01;1.1750000e+02;-1.5246943e-01;1.1750000e+02;-7.1389332e-02;1.1750000e+02;-6.5530881e-02;1.1750000e+02;-3.9794393e-02;1.1750000e+02;4.0196255e-03;1.1750000e+02;6.5364398e-02;1.1750000e+02;1.4333132e-01;1.1750000e+02;1.8976608e-01;1.1750000e+02;2.0906480e-01;1.1750000e+02;2.0075160e-01;1.1750000e+02;2.2152668e-01;1.1750000e+02;1.7866154e-01;1.1750000e+02;1.2148181e-01;1.1750000e+02;7.0537977e-02;1.1750000e+02;2.0638902e-02;1.1750000e+02;-2.3953326e-02;1.1750000e+02;-6.5517783e-02;1.1750000e+02;-1.1133644e-01;1.1750000e+02;-1.5246943e-01;1.1750000e+02;-7.1389332e-02;1.1750000e+02;-6.5530881e-02;1.1750000e+02;-3.9794393e-02;1.1750000e+02;4.0196255e-03;1.1750000e+02;6.5364398e-02;1.1750000e+02;1.4333132e-01;1.1750000e+02;1.8976608e-01;1.1750000e+02;2.0906480e-01;1.1750000e+02;2.0075160e-01;1.1750000e+02;2.2152668e-01;1.1750000e+02;1.7866154e-01;1.1750000e+02;1.2148181e-01;1.1750000e+02;7.0537977e-02;1.1750000e+02;2.0638902e-02;1.1750000e+02;-2.3953326e-02;1.1750000e+02;-6.5517783e-02;1.1750000e+02;-1.1133644e-01;1.1750000e+02;-1.5246943e-01;1.1750000e+02;-7.1389332e-02;1.1750000e+02;-6.5530881e-02;1.1750000e+02;-3.9794393e-02;1.1750000e+02;4.0196255e-03;1.1750000e+02;6.5364398e-02;1.1750000e+02;1.4333132e-01;1.1750000e+02;1.8976608e-01;1.1750000e+02;2.0906480e-01;1.1750000e+02;2.0075160e-01;1.1750000e+02;2.2152668e-01;1.1750000e+02;1.7866154e-01;1.1750000e+02;1.2148181e-01;1.1750000e+02;7.0537977e-02;1.1750000e+02;2.0638902e-02;1.1750000e+02;-2.3953326e-02;1.1750000e+02;-6.5517783e-02;1.1750000e+02;-1.1133644e-01;1.1750000e+02;-1.5246943e-01;1.1750000e+02;-7.1389332e-02;1.1750000e+02;-6.5530881e-02;1.1750000e+02;-3.9794393e-02;1.1750000e+02;4.0196255e-03;1.1750000e+02;6.5364398e-02;1.1750000e+02;1.4333132e-01;1.1750000e+02;1.8976608e-01;1.1750000e+02;2.0906480e-01;1.1750000e+02;2.0075160e-01;1.1750000e+02;2.2152668e-01;1.1750000e+02;1.7866154e-01;1.1750000e+02;1.2148181e-01;1.1750000e+02;7.0537977e-02;1.1750000e+02;2.0638902e-02;1.1750000e+02;-2.3953326e-02;1.1750000e+02;-6.5517783e-02;1.1750000e+02;-1.1133644e-01;1.1750000e+02;-1.5246943e-01;1.1750000e+02;-7.1389332e-02;1.1750000e+02;-6.5530881e-02;1.1750000e+02;-3.9794393e-02;1.1750000e+02;4.0196255e-03;1.1750000e+02;6.5364398e-02;1.1750000e+02;1.4333132e-01;1.1750000e+02;1.8976608e-01;1.1750000e+02;2.0906480e-01;1.1750000e+02;2.0075160e-01;1.1750000e+02;2.2152668e-01;1.1750000e+02;1.7866154e-01;1.1750000e+02;1.2148181e-01;1.1750000e+02;7.0537977e-02;1.1750000e+02;2.0638902e-02;1.1750000e+02;-2.3953326e-02;1.1750000e+02;-6.5517783e-02;1.1750000e+02;-1.1133644e-01;1.1750000e+02;-1.5246943e-01;1.1750000e+02;-7.1389332e-02;1.1750000e+02;-6.5530881e-02;1.1750000e+02;-3.9794393e-02;1.1750000e+02;4.0196255e-03;1.1750000e+02;6.5364398e-02;1.1750000e+02;1.4333132e-01;1.1750000e+02;1.8976608e-01;1.1750000e+02;2.0906480e-01;1.1750000e+02;2.0075160e-01;1.1750000e+02;2.2152668e-01;1.1750000e+02;1.7866154e-01;1.1750000e+02;1.2148181e-01;1.1750000e+02;7.0537977e-02;1.1750000e+02;2.0638902e-02;1.1750000e+02;-2.3953326e-02;1.1750000e+02;-6.5517783e-02;1.1750000e+02;-1.1133644e-01;1.1750000e+02;-1.5246943e-01;1.1750000e+02;-7.1389332e-02;1.1750000e+02;-6.5530881e-02;1.1750000e+02;-3.9794393e-02;1.1750000e+02;4.0196255e-03;1.1750000e+02;6.5364398e-02;1.1750000e+02;1.4333132e-01;1.1750000e+02;1.8976608e-01;1.1750000e+02;2.0906480e-01;1.1750000e+02;2.0075160e-01;1.1750000e+02;2.2152668e-01;1.1750000e+02;1.7866154e-01;1.1750000e+02;1.2148181e-01;1.1750000e+02;7.0537977e-02;1.1750000e+02;2.0638902e-02;1.1750000e+02;-2.3953326e-02;1.1750000e+02;-6.5517783e-02;1.1750000e+02;-1.1133644e-01;1.1750000e+02;-1.5246943e-01;1.1750000e+02;-7.1389332e-02;1.1750000e+02;-6.5530881e-02;1.1750000e+02;-3.9794393e-02;1.1750000e+02;4.0196255e-03;1.1750000e+02;6.5364398e-02;1.1750000e+02;1.4333132e-01;1.1750000e+02;1.8976608e-01;1.1750000e+02;2.0906480e-01;1.1750000e+02;2.0075160e-01;1.1750000e+02;2.2152668e-01;1.1750000e+02;1.7866154e-01;1.1750000e+02;1.2148181e-01;1.1750000e+02;7.0537977e-02;1.1750000e+02;2.0638902e-02;1.1750000e+02;-2.3953326e-02;1.1750000e+02;-6.5517783e-02;1.1750000e+02;-1.1133644e-01;1.1750000e+02;-1.5246943e-01;1.1750000e+02;-7.1389332e-02;1.1750000e+02;-6.5530881e-02;1.1750000e+02;-3.9794393e-02;1.1750000e+02;4.0196255e-03;1.1750000e+02;6.5364398e-02;1.1750000e+02;1.4333132e-01;1.1750000e+02;1.8976608e-01;1.1750000e+02;2.0906480e-01;1.1750000e+02;2.0075160e-01;1.1750000e+02;2.2152668e-01;1.1750000e+02;1.7866154e-01;1.1750000e+02;1.2148181e-01;1.1750000e+02;7.0537977e-02;1.1750000e+02;2.0638902e-02;1.1750000e+02;-2.3953326e-02;1.1750000e+02;-6.5517783e-02;1.1750000e+02;-1.1133644e-01;1.1750000e+02;-1.5246943e-01;1.1750000e+02;-7.1389332e-02;1.1750000e+02;-6.5530881e-02;1.1750000e+02;-3.9794393e-02;1.1750000e+02;4.0196255e-03;1.1750000e+02;6.5364398e-02;1.1750000e+02;1.4333132e-01;1.1750000e+02;1.8976608e-01;1.1750000e+02;2.0906480e-01;1.1750000e+02;2.0075160e-01;1.1750000e+02;2.2152668e-01;1.1750000e+02;1.7866154e-01;1.1750000e+02;1.2148181e-01;1.1750000e+02;7.0537977e-02;1.1750000e+02;2.0638902e-02;1.1750000e+02;-2.3953326e-02;1.1750000e+02;-6.5517783e-02;1.1750000e+02;-1.1133644e-01;1.1750000e+02;-1.5246943e-01;1.1750000e+02;-7.1389332e-02;1.1750000e+02;-6.5530881e-02;1.1750000e+02;-3.9794393e-02;1.1750000e+02;4.0196255e-03;1.1750000e+02;6.5364398e-02;1.1750000e+02;1.4333132e-01;1.1750000e+02;1.8976608e-01;1.1750000e+02;2.0906480e-01;1.1750000e+02;2.0075160e-01;1.1750000e+02;2.2152668e-01;1.1750000e+02;1.7866154e-01;1.1750000e+02;1.2148181e-01;1.1750000e+02;7.0537977e-02;1.1750000e+02;2.0638902e-02;1.1750000e+02;-2.3953326e-02;1.1750000e+02;-6.5517783e-02;1.1750000e+02;-1.1133644e-01;1.1750000e+02;-1.5246943e-01;1.1750000e+02;-7.1389332e-02;1.1750000e+02;-6.5530881e-02;1.1750000e+02;-3.9794393e-02;1.1750000e+02;4.0196255e-03;1.1750000e+02;6.5364398e-02;1.1750000e+02;1.4333132e-01;1.1750000e+02;1.8976608e-01;1.1750000e+02;2.0906480e-01;1.1750000e+02;2.0075160e-01;1.1750000e+02;2.2152668e-01;1.1750000e+02;1.7866154e-01;1.1750000e+02;1.2148181e-01;1.1750000e+02;7.0537977e-02;1.1750000e+02;2.0638902e-02;1.1750000e+02;-2.3953326e-02;1.1750000e+02;-6.5517783e-02;1.1750000e+02;-1.1133644e-01;1.1750000e+02;-1.5246943e-01;1.1750000e+02;-7.1389332e-02;1.1750000e+02;-6.5530881e-02;1.1750000e+02;-3.9794393e-02;1.1750000e+02;4.0196255e-03;1.1750000e+02;6.5364398e-02;1.1750000e+02;1.4333132e-01;1.1750000e+02;1.8976608e-01;1.1750000e+02;2.0906480e-01;1.1750000e+02;2.0075160e-01;1.1750000e+02;2.2152668e-01;1.1750000e+02;1.7866154e-01;1.1750000e+02;1.2148181e-01;1.1750000e+02;7.0537977e-02;1.1750000e+02;2.0638902e-02;1.1750000e+02;-2.3953326e-02;1.1750000e+02;-6.5517783e-02;1.1750000e+02;-1.1133644e-01;1.1750000e+02;-1.5246943e-01;1.1750000e+02;-7.1389332e-02;1.1750000e+02;-6.5530881e-02;1.1750000e+02;-3.9794393e-02;1.1750000e+02;4.0196255e-03;1.1750000e+02;6.5364398e-02;1.1750000e+02;1.4333132e-01;1.1750000e+02;1.8976608e-01;1.1750000e+02;2.0906480e-01;1.1750000e+02;2.0075160e-01;1.1750000e+02;2.2152668e-01;1.1750000e+02;1.7866154e-01;1.1750000e+02;1.2148181e-01;1.1750000e+02;7.0537977e-02;1.1750000e+02;2.0638902e-02;1.1750000e+02;-2.3953326e-02;1.1750000e+02;-6.5517783e-02;1.1750000e+02;-1.1133644e-01;1.1750000e+02;-1.5246943e-01;1.1750000e+02;-7.1389332e-02;1.1750000e+02;-6.5530881e-02;1.1750000e+02;-3.9794393e-02;1.1750000e+02;4.0196255e-03;1.1750000e+02;6.5364398e-02;1.1750000e+02;1.4333132e-01;1.1750000e+02;1.8976608e-01;1.1750000e+02;2.0906480e-01;1.1750000e+02;2.0075160e-01;1.1750000e+02;2.2152668e-01;1.1750000e+02;1.7866154e-01;1.1750000e+02;1.2148181e-01;1.1750000e+02;7.0537977e-02;1.1750000e+02;2.0638902e-02;1.1750000e+02;-2.3953326e-02;1.1750000e+02;-6.5517783e-02;1.1750000e+02;-1.1133644e-01;1.1750000e+02;-1.5246943e-01;1.1750000e+02;-7.1389332e-02;1.1750000e+02;-6.5530881e-02;1.1750000e+02;-3.9794393e-02;1.1750000e+02;4.0196255e-03;1.1750000e+02;6.5364398e-02;1.1750000e+02;1.4333132e-01;1.1750000e+02;1.8976608e-01;1.1750000e+02;2.0906480e-01;1.1750000e+02;2.0075160e-01;1.1750000e+02;2.2152668e-01;1.1750000e+02;1.7866154e-01;1.1750000e+02;1.2148181e-01;1.1750000e+02;7.0537977e-02;1.1750000e+02;2.0638902e-02;1.1750000e+02;-2.3953326e-02;1.1750000e+02;-6.5517783e-02;1.1750000e+02;-1.1133644e-01;1.1750000e+02;-1.5246943e-01;1.1750000e+02;-7.1389332e-02;1.1750000e+02;-6.5530881e-02;1.1750000e+02;-3.9794393e-02;1.1750000e+02;4.0196255e-03;1.1750000e+02;6.5364398e-02;1.1750000e+02;1.4333132e-01;1.1750000e+02;1.8976608e-01;1.1750000e+02;2.0906480e-01;1.1750000e+02;2.0075160e-01;1.1750000e+02;2.2152668e-01;1.1750000e+02;1.7866154e-01;1.1750000e+02;1.2148181e-01;1.1750000e+02;7.0537977e-02;1.1750000e+02;2.0638902e-02;1.1750000e+02;-2.3953326e-02;1.1750000e+02;-6.5517783e-02;1.1750000e+02;-1.1133644e-01;1.1750000e+02;-1.5246943e-01;1.1750000e+02;-7.1389332e-02;1.1750000e+02;-6.5530881e-02;1.1750000e+02;-3.9794393e-02;1.1750000e+02;4.0196255e-03;1.1750000e+02;6.5364398e-02;1.1750000e+02;1.4333132e-01;1.1750000e+02;1.8976608e-01;1.1750000e+02;2.0906480e-01;1.1750000e+02;2.0075160e-01;1.1750000e+02;2.2152668e-01;1.1750000e+02;1.7866154e-01;1.1750000e+02;1.2148181e-01;1.1750000e+02;7.0537977e-02;1.1750000e+02;2.0638902e-02;1.1750000e+02;-2.3953326e-02;1.1750000e+02;-6.5517783e-02;1.1750000e+02;-1.1133644e-01;1.1750000e+02;-1.5246943e-01;1.1750000e+02;-7.1389332e-02;1.1750000e+02;-6.5530881e-02;1.1750000e+02;-3.9794393e-02;1.1750000e+02;4.0196255e-03;1.1750000e+02;6.5364398e-02;1.1750000e+02;1.4333132e-01;1.1750000e+02;1.8976608e-01;1.1750000e+02;2.0906480e-01;1.1750000e+02;2.0075160e-01;1.1750000e+02;2.2152668e-01;1.1750000e+02;1.7866154e-01;1.1750000e+02;1.2148181e-01;1.1750000e+02;7.0537977e-02;1.1750000e+02;2.0638902e-02;1.1750000e+02;-2.3953326e-02;1.1750000e+02;-6.5517783e-02;1.1750000e+02;-1.1133644e-01;1.1750000e+02;-1.5246943e-01;1.1750000e+02;-7.1389332e-02;1.1750000e+02;-6.5530881e-02;1.1750000e+02;-3.9794393e-02;1.1750000e+02;4.0196255e-03;1.1750000e+02;6.5364398e-02;1.1750000e+02;1.4333132e-01;1.1750000e+02;1.8976608e-01;1.1750000e+02;2.0906480e-01;1.1750000e+02;2.0075160e-01;1.1750000e+02;2.2152668e-01;1.1750000e+02;1.7866154e-01;1.1750000e+02;1.2148181e-01;1.1750000e+02;7.0537977e-02;1.1750000e+02;2.0638902e-02;1.1750000e+02;-2.3953326e-02;1.1750000e+02;-6.5517783e-02;1.1750000e+02;-1.1133644e-01;1.1750000e+02;-1.5246943e-01;1.1750000e+02;-7.1389332e-02;1.1750000e+02;-6.5530881e-02;1.1750000e+02;-3.9794393e-02;1.1750000e+02;4.0196255e-03;1.1750000e+02;6.5364398e-02;1.1750000e+02;1.4333132e-01;1.1750000e+02;1.8976608e-01;1.1750000e+02;2.0906480e-01;1.1750000e+02;2.0075160e-01;1.1750000e+02;2.2152668e-01;1.1750000e+02;1.7866154e-01;1.1750000e+02;1.2148181e-01;1.1750000e+02;7.0537977e-02;1.1750000e+02;2.0638902e-02;1.1750000e+02;-2.3953326e-02;1.1750000e+02;-6.5517783e-02;1.1750000e+02;-1.1133644e-01;1.1750000e+02;-1.5246943e-01;1.1750000e+02;-7.1389332e-02;1.1750000e+02;-6.5530881e-02;1.1750000e+02;-3.9794393e-02;1.1750000e+02;4.0196255e-03;1.1750000e+02;6.5364398e-02;1.1750000e+02;1.4333132e-01;1.1750000e+02;1.8976608e-01;1.1750000e+02;2.0906480e-01;1.1750000e+02;2.0075160e-01;1.1750000e+02;2.2152668e-01;1.1750000e+02;1.7866154e-01;1.1750000e+02;1.2148181e-01;1.1750000e+02;7.0537977e-02;1.1750000e+02;2.0638902e-02;1.1750000e+02;-2.3953326e-02;1.1750000e+02;-6.5517783e-02;1.1750000e+02;-1.1133644e-01;1.1750000e+02;-1.5246943e-01;1.1750000e+02;-7.1389332e-02;1.1750000e+02;-6.5530881e-02;1.1750000e+02;-3.9794393e-02;1.1750000e+02;4.0196255e-03;1.1750000e+02;6.5364398e-02;1.1750000e+02;1.4333132e-01;1.1750000e+02;1.8976608e-01;1.1750000e+02;2.0906480e-01;1.1750000e+02;2.0075160e-01;1.1750000e+02;2.2152668e-01;1.1750000e+02;1.7866154e-01;1.1750000e+02;1.2148181e-01;1.1750000e+02;7.0537977e-02;1.1750000e+02;2.0638902e-02;1.1750000e+02;-2.3953326e-02;1.1750000e+02;-6.5517783e-02;1.1750000e+02;-1.1133644e-01;1.1750000e+02;-1.5246943e-01;1.1750000e+02;-7.1389332e-02;1.1750000e+02;-6.5530881e-02;1.1750000e+02;-3.9794393e-02;1.1750000e+02;4.0196255e-03;1.1750000e+02;6.5364398e-02;1.1750000e+02;1.4333132e-01;1.1750000e+02;1.8976608e-01;1.1750000e+02;2.0906480e-01;1.1750000e+02;2.0075160e-01;1.1750000e+02;2.2152668e-01;1.1750000e+02;1.7866154e-01;1.1750000e+02;1.2148181e-01;1.1750000e+02;7.0537977e-02;1.1750000e+02;2.0638902e-02;1.1750000e+02;-2.3953326e-02;1.1750000e+02;-6.5517783e-02;1.1750000e+02;-1.1133644e-01;1.1750000e+02;-1.5246943e-01;1.1750000e+02;-7.1389332e-02;1.1750000e+02;-6.5530881e-02;1.1750000e+02;-3.9794393e-02;1.1750000e+02;4.0196255e-03;1.1750000e+02;6.5364398e-02;1.1750000e+02;1.4333132e-01;1.1750000e+02;1.8976608e-01;1.1750000e+02;2.0906480e-01;1.1750000e+02;2.0075160e-01;1.1750000e+02;2.2152668e-01;1.1750000e+02;1.7866154e-01;1.1750000e+02;1.2148181e-01;1.1750000e+02;7.0537977e-02;1.1750000e+02;2.0638902e-02;1.1750000e+02;-2.3953326e-02;1.1750000e+02;-6.5517783e-02;1.1750000e+02;-1.1133644e-01;1.1750000e+02;-1.5246943e-01;1.1750000e+02;-7.1389332e-02;1.1750000e+02;-6.5530881e-02;1.1750000e+02;-3.9794393e-02;1.1750000e+02;4.0196255e-03;1.1750000e+02;6.5364398e-02;1.1750000e+02;1.4333132e-01;1.1750000e+02;1.8976608e-01;1.1750000e+02;2.0906480e-01;1.1750000e+02;2.0075160e-01;1.1750000e+02;2.2152668e-01;1.1750000e+02;1.7866154e-01;1.1750000e+02;1.2148181e-01;1.1750000e+02;7.0537977e-02;1.1750000e+02;2.0638902e-02;1.1750000e+02;-2.3953326e-02;1.1750000e+02;-6.5517783e-02;1.1750000e+02;-1.1133644e-01;1.1750000e+02;-1.5246943e-01;1.1750000e+02;-7.1389332e-02;1.1750000e+02;-6.5530881e-02;1.1750000e+02;-3.9794393e-02;1.1750000e+02;4.0196255e-03;1.1750000e+02;6.5364398e-02;1.1750000e+02;1.4333132e-01;1.1750000e+02;1.8976608e-01;1.1750000e+02;2.0906480e-01;1.1750000e+02;2.0075160e-01;1.1750000e+02;2.2152668e-01;1.1750000e+02;1.7866154e-01;1.1750000e+02;1.2148181e-01;1.1750000e+02;7.0537977e-02;1.1750000e+02;2.0638902e-02;1.1750000e+02;-2.3953326e-02;1.1750000e+02;-6.5517783e-02;1.1750000e+02;-1.1133644e-01;1.1750000e+02;-1.5246943e-01;1.1750000e+02;-7.1389332e-02;1.1750000e+02;-6.5530881e-02;1.1750000e+02;-3.9794393e-02;1.1750000e+02;4.0196255e-03;1.1750000e+02;6.5364398e-02;1.1750000e+02;1.4333132e-01;1.1750000e+02;1.8976608e-01;1.1750000e+02;2.0906480e-01;1.1750000e+02;2.0075160e-01;1.1750000e+02;2.2152668e-01;1.1750000e+02;1.7866154e-01;1.1750000e+02;1.2148181e-01;1.1750000e+02;7.0537977e-02;1.1750000e+02;2.0638902e-02;1.1750000e+02;-2.3953326e-02;1.1750000e+02;-6.5517783e-02;1.1750000e+02;-1.1133644e-01;1.1750000e+02;-1.5246943e-01;1.1750000e+02;-7.1389332e-02;1.1750000e+02;-6.5530881e-02;1.1750000e+02;-3.9794393e-02;1.1750000e+02;4.0196255e-03;1.1750000e+02;6.5364398e-02;1.1750000e+02;1.4333132e-01;1.1750000e+02;1.8976608e-01;1.1750000e+02;2.0906480e-01;1.1750000e+02;2.0075160e-01;1.1750000e+02;2.2152668e-01;1.1750000e+02;1.7866154e-01;1.1750000e+02;1.2148181e-01;1.1750000e+02;7.0537977e-02;1.1750000e+02;2.0638902e-02;1.1750000e+02;-2.3953326e-02;1.1750000e+02;-6.5517783e-02;1.1750000e+02;-1.1133644e-01;1.1750000e+02;-1.5246943e-01;1.1750000e+02;-7.1389332e-02;1.1750000e+02;-6.5530881e-02;1.1750000e+02;-3.9794393e-02;1.1750000e+02;4.0196255e-03;1.1750000e+02;6.5364398e-02;1.1750000e+02;1.4333132e-01;1.1750000e+02;1.8976608e-01;1.1750000e+02;2.0906480e-01;1.1750000e+02;2.0075160e-01;1.1750000e+02;2.2152668e-01;1.1750000e+02;1.7866154e-01;1.1750000e+02;1.2148181e-01;1.1750000e+02;7.0537977e-02;1.1750000e+02;2.0638902e-02;1.1750000e+02;-2.3953326e-02;1.1750000e+02;-6.5517783e-02;1.1750000e+02;-1.1133644e-01;1.1750000e+02;-1.5246943e-01;1.1750000e+02;-7.1389332e-02;1.1750000e+02;-6.5530881e-02;1.1750000e+02;-3.9794393e-02;1.1750000e+02;4.0196255e-03;1.1750000e+02;6.5364398e-02;1.1750000e+02;1.4333132e-01;1.1750000e+02;1.8976608e-01;1.1750000e+02;2.0906480e-01;1.1750000e+02;2.0075160e-01;1.1750000e+02;2.2152668e-01;1.1750000e+02;1.7866154e-01;1.1750000e+02;1.2148181e-01;1.1750000e+02;7.0537977e-02;1.1750000e+02;2.0638902e-02;1.1750000e+02;-2.3953326e-02;1.1750000e+02;-6.5517783e-02;1.1750000e+02;-1.1133644e-01;1.1750000e+02;-1.5246943e-01;1.1750000e+02;-7.1389332e-02;1.1750000e+02;-6.5530881e-02;1.1750000e+02;-3.9794393e-02;1.1750000e+02;4.0196255e-03;1.1750000e+02;6.5364398e-02;1.1750000e+02;1.4333132e-01;1.1750000e+02;1.8976608e-01;1.1750000e+02;2.0906480e-01;1.1750000e+02;2.0075160e-01;1.1750000e+02;2.2152668e-01;1.1750000e+02;1.7866154e-01;1.1750000e+02;1.2148181e-01;1.1750000e+02;7.0537977e-02;1.1750000e+02;2.0638902e-02;1.1750000e+02;-2.3953326e-02;1.1750000e+02;-6.5517783e-02;1.1750000e+02;-1.1133644e-01;1.1750000e+02;-1.5246943e-01;1.1750000e+02;-7.1389332e-02;1.1750000e+02;-6.5530881e-02;1.1750000e+02;-3.9794393e-02;1.1750000e+02;4.0196255e-03;1.1750000e+02;6.5364398e-02;1.1750000e+02;1.4333132e-01;1.1750000e+02;1.8976608e-01;1.1750000e+02;2.0906480e-01;1.1750000e+02;2.0075160e-01;1.1750000e+02;2.2152668e-01;1.1750000e+02;1.7866154e-01;1.1750000e+02;1.2148181e-01;1.1750000e+02;7.0537977e-02;1.1750000e+02;2.0638902e-02;1.1750000e+02;-2.3953326e-02;1.1750000e+02;-6.5517783e-02;1.1750000e+02;-1.1133644e-01;1.1750000e+02;-1.5246943e-01;1.1750000e+02;-7.1389332e-02;1.1750000e+02;-6.5530881e-02;1.1750000e+02;-3.9794393e-02;1.1750000e+02;4.0196255e-03;1.1750000e+02;6.5364398e-02;1.1750000e+02;1.4333132e-01;1.1750000e+02;1.8976608e-01;1.1750000e+02;2.0906480e-01;1.1750000e+02;2.0075160e-01;1.1750000e+02;2.2152668e-01;1.1750000e+02;1.7866154e-01;1.1750000e+02;1.2148181e-01;1.1750000e+02;7.0537977e-02;1.1750000e+02;2.0638902e-02;1.1750000e+02;-2.3953326e-02;1.1750000e+02;-6.5517783e-02;1.1750000e+02;-1.1133644e-01;1.1750000e+02;-1.5246943e-01;1.1750000e+02;-7.1389332e-02;1.1750000e+02;-6.5530881e-02;1.1750000e+02;-3.9794393e-02;1.1750000e+02;4.0196255e-03;1.1750000e+02;6.5364398e-02;1.1750000e+02;1.4333132e-01;1.1750000e+02;1.8976608e-01;1.1750000e+02;2.0906480e-01;1.1750000e+02;2.0075160e-01;1.1750000e+02;2.2152668e-01;1.1750000e+02;1.7866154e-01;1.1750000e+02;1.2148181e-01;1.1750000e+02;7.0537977e-02;1.1750000e+02;2.0638902e-02;1.1750000e+02;-2.3953326e-02;1.1750000e+02;-6.5517783e-02;1.1750000e+02;-1.1133644e-01;1.1750000e+02;-1.5246943e-01;1.1750000e+02;-7.1389332e-02;1.1750000e+02;-6.5530881e-02;1.1750000e+02;-3.9794393e-02;1.1750000e+02;4.0196255e-03;1.1750000e+02;6.5364398e-02;1.1750000e+02;1.4333132e-01;1.1750000e+02;1.8976608e-01;1.1750000e+02;2.0906480e-01;1.1750000e+02;2.0075160e-01;1.1750000e+02;2.2152668e-01;1.1750000e+02;1.7866154e-01;1.1750000e+02;1.2148181e-01;1.1750000e+02;7.0537977e-02;1.1750000e+02;2.0638902e-02;1.1750000e+02;-2.3953326e-02;1.1750000e+02;-6.5517783e-02;1.1750000e+02;-1.1133644e-01;1.1750000e+02;-1.5246943e-01;1.1750000e+02;-7.1389332e-02;1.1750000e+02;-6.5530881e-02;1.1750000e+02;-3.9794393e-02;1.1750000e+02;4.0196255e-03;1.1750000e+02;6.5364398e-02;1.1750000e+02;1.4333132e-01;1.1750000e+02;1.8976608e-01;1.1750000e+02;2.0906480e-01;1.1750000e+02;2.0075160e-01;1.1750000e+02;2.2152668e-01;1.1750000e+02;1.7866154e-01;1.1750000e+02;1.2148181e-01;1.1750000e+02;7.0537977e-02;1.1750000e+02;2.0638902e-02;1.1750000e+02;-2.3953326e-02;1.1750000e+02;-6.5517783e-02;1.1750000e+02;-1.1133644e-01;1.1750000e+02;-1.5246943e-01;1.1750000e+02;-7.1389332e-02;1.1750000e+02;-6.5530881e-02;1.1750000e+02;-3.9794393e-02;1.1750000e+02;4.0196255e-03;1.1750000e+02;6.5364398e-02;1.1750000e+02;1.4333132e-01;1.1750000e+02;1.8976608e-01;1.1750000e+02;2.0906480e-01;1.1750000e+02;2.0075160e-01;1.1750000e+02;2.2152668e-01;1.1750000e+02;1.7866154e-01;1.1750000e+02;1.2148181e-01;1.1750000e+02;7.0537977e-02;1.1750000e+02;2.0638902e-02;1.1750000e+02;-2.3953326e-02;1.1750000e+02;-6.5517783e-02;1.1750000e+02;-1.1133644e-01;1.1750000e+02;-1.5246943e-01;1.1750000e+02;-7.1389332e-02;1.1750000e+02;-6.5530881e-02;1.1750000e+02;-3.9794393e-02;1.1750000e+02;4.0196255e-03;1.1750000e+02;6.5364398e-02;1.1750000e+02;1.4333132e-01;1.1750000e+02;1.8976608e-01;1.1750000e+02;2.0906480e-01;1.1750000e+02;2.0075160e-01;1.1750000e+02;2.2152668e-01;1.1750000e+02;1.7866154e-01;1.1750000e+02;1.2148181e-01;1.1750000e+02;7.0537977e-02;1.1750000e+02;2.0638902e-02;1.1750000e+02;-2.3953326e-02;1.1750000e+02;-6.5517783e-02;1.1750000e+02;-1.1133644e-01;1.1750000e+02;-1.5246943e-01;1.1750000e+02;-7.1389332e-02;1.1750000e+02;-6.5530881e-02;1.1750000e+02;-3.9794393e-02;1.1750000e+02;4.0196255e-03;1.1750000e+02;6.5364398e-02;1.1750000e+02;1.4333132e-01;1.1750000e+02;1.8976608e-01;1.1750000e+02;2.0906480e-01;1.1750000e+02;2.0075160e-01;1.1750000e+02;2.2152668e-01;1.1750000e+02;1.7866154e-01;1.1750000e+02;1.2148181e-01;1.1750000e+02;7.0537977e-02;1.1750000e+02;2.0638902e-02;1.1750000e+02;-2.3953326e-02;1.1750000e+02;-6.5517783e-02;1.1750000e+02;-1.1133644e-01;1.1750000e+02;-1.5246943e-01;1.1750000e+02;-7.1389332e-02;1.1750000e+02;-6.5530881e-02;1.1750000e+02;-3.9794393e-02;1.1750000e+02;4.0196255e-03;1.1750000e+02;6.5364398e-02;1.1750000e+02;1.4333132e-01;1.1750000e+02;1.8976608e-01;1.1750000e+02;2.0906480e-01;1.1750000e+02;2.0075160e-01;1.1750000e+02;2.2152668e-01;1.1750000e+02;1.7866154e-01;1.1750000e+02;1.2148181e-01;1.1750000e+02;7.0537977e-02;1.1750000e+02;2.0638902e-02;1.1750000e+02;-2.3953326e-02;1.1750000e+02;-6.5517783e-02;1.1750000e+02;-1.1133644e-01;1.1750000e+02;-1.5246943e-01;1.1750000e+02;-7.1389332e-02;1.1750000e+02;-6.5530881e-02;1.1750000e+02;-3.9794393e-02;1.1750000e+02;4.0196255e-03;1.1750000e+02;6.5364398e-02;1.1750000e+02;1.4333132e-01;1.1750000e+02;1.8976608e-01;1.1750000e+02;2.0906480e-01;1.1750000e+02;2.0075160e-01;1.1750000e+02;2.2152668e-01;1.1750000e+02;1.7866154e-01;1.1750000e+02;1.2148181e-01;1.1750000e+02;7.0537977e-02;1.1750000e+02;2.0638902e-02;1.1750000e+02;-2.3953326e-02;1.1750000e+02;-6.5517783e-02;1.1750000e+02;-1.1133644e-01;1.1750000e+02;-1.5246943e-01;1.1750000e+02;-7.1389332e-02;1.1750000e+02;-6.5530881e-02;1.1750000e+02;-3.9794393e-02;1.1750000e+02;4.0196255e-03;1.1750000e+02;6.5364398e-02;1.1750000e+02;1.4333132e-01;1.1750000e+02;1.8976608e-01;1.1750000e+02;2.0906480e-01;1.1750000e+02;2.0075160e-01;1.1750000e+02;2.2152668e-01;1.1750000e+02;1.7866154e-01;1.1750000e+02;1.2148181e-01;1.1750000e+02;7.0537977e-02;1.1750000e+02;2.0638902e-02;1.1750000e+02;-2.3953326e-02;1.1750000e+02;-6.5517783e-02;1.1750000e+02;-1.1133644e-01;1.1750000e+02;-1.5246943e-01;1.1750000e+02;-7.1389332e-02;1.1750000e+02;-6.5530881e-02;1.1750000e+02;-3.9794393e-02;1.1750000e+02;4.0196255e-03;1.1750000e+02;6.5364398e-02;1.1750000e+02;1.4333132e-01;1.1750000e+02;1.8976608e-01;1.1750000e+02;2.0906480e-01;1.1750000e+02;2.0075160e-01;1.1750000e+02;2.2152668e-01;1.1750000e+02;1.7866154e-01;1.1750000e+02;1.2148181e-01;1.1750000e+02;7.0537977e-02;1.1750000e+02;2.0638902e-02;1.1750000e+02;-2.3953326e-02;1.1750000e+02;-6.5517783e-02;1.1750000e+02;-1.1133644e-01;1.1750000e+02;-1.5246943e-01;1.1750000e+02;-7.1389332e-02;1.1750000e+02;-6.5530881e-02;1.1750000e+02;-3.9794393e-02;1.1750000e+02;4.0196255e-03;1.1750000e+02;6.5364398e-02;1.1750000e+02;1.4333132e-01;1.1750000e+02;1.8976608e-01;1.1750000e+02;2.0906480e-01;1.1750000e+02;2.0075160e-01;1.1750000e+02;2.2152668e-01;1.1750000e+02;1.7866154e-01;1.1750000e+02;1.2148181e-01;1.1750000e+02;7.0537977e-02;1.1750000e+02;2.0638902e-02;1.1750000e+02;-2.3953326e-02;1.1750000e+02;-6.5517783e-02;1.1750000e+02;-1.1133644e-01;1.1750000e+02;-1.5246943e-01;1.1750000e+02;-7.1389332e-02;1.1750000e+02;-6.5530881e-02;1.1750000e+02;-3.9794393e-02;1.1750000e+02;4.0196255e-03;1.1750000e+02;6.5364398e-02;1.1750000e+02;1.4333132e-01;1.1750000e+02;1.8976608e-01;1.1750000e+02;2.0906480e-01;1.1750000e+02;2.0075160e-01;1.1750000e+02;2.2152668e-01;1.1750000e+02;1.7866154e-01;1.1750000e+02;1.2148181e-01;1.1750000e+02;7.0537977e-02;1.1750000e+02;2.0638902e-02;1.1750000e+02;-2.3953326e-02;1.1750000e+02;-6.5517783e-02;1.1750000e+02;-1.1133644e-01;1.1750000e+02;-1.5246943e-01;1.1750000e+02;-7.1389332e-02;1.1750000e+02;-6.5530881e-02;1.1750000e+02;-3.9794393e-02;1.1750000e+02;4.0196255e-03;1.1750000e+02;6.5364398e-02;1.1750000e+02;1.4333132e-01;1.1750000e+02;1.8976608e-01;1.1750000e+02;2.0906480e-01;1.1750000e+02;2.0075160e-01;1.1750000e+02;2.2152668e-01;1.1750000e+02;1.7866154e-01;1.1750000e+02;1.2148181e-01;1.1750000e+02;7.0537977e-02;1.1750000e+02;2.0638902e-02;1.1750000e+02;-2.3953326e-02;1.1750000e+02;-6.5517783e-02;1.1750000e+02;-1.1133644e-01;1.1750000e+02;-1.5246943e-01;1.1750000e+02;-7.1389332e-02;1.1750000e+02;-6.5530881e-02;1.1750000e+02;-3.9794393e-02;1.1750000e+02;4.0196255e-03;1.1750000e+02;6.5364398e-02;1.1750000e+02;1.4333132e-01;1.1750000e+02;1.8976608e-01;1.1750000e+02;2.0906480e-01;1.1750000e+02;2.0075160e-01;1.1750000e+02;2.2152668e-01;1.1750000e+02;1.7866154e-01;1.1750000e+02;1.2148181e-01;1.1750000e+02;7.0537977e-02;1.1750000e+02;2.0638902e-02;1.1750000e+02;-2.3953326e-02;1.1750000e+02;-6.5517783e-02;1.1750000e+02;-1.1133644e-01;1.1750000e+02;-1.5246943e-01;1.1750000e+02;-7.1389332e-02;1.1750000e+02;-6.5530881e-02;1.1750000e+02;-3.9794393e-02;1.1750000e+02;4.0196255e-03;1.1750000e+02;6.5364398e-02;1.1750000e+02;1.4333132e-01;1.1750000e+02;1.8976608e-01;1.1750000e+02;2.0906480e-01;1.1750000e+02;2.0075160e-01;1.1750000e+02;2.2152668e-01;1.1750000e+02;1.7866154e-01;1.1750000e+02;1.2148181e-01;1.1750000e+02;7.0537977e-02;1.1750000e+02;2.0638902e-02;1.1750000e+02;-2.3953326e-02;1.1750000e+02;-6.5517783e-02;1.1750000e+02;-1.1133644e-01;1.1750000e+02;-1.5246943e-01;1.1750000e+02;-7.1389332e-02;1.1750000e+02;-6.5530881e-02;1.1750000e+02;-3.9794393e-02;1.1750000e+02;4.0196255e-03;1.1750000e+02;6.5364398e-02;1.1750000e+02;1.4333132e-01;1.1750000e+02;1.8976608e-01;1.1750000e+02;2.0906480e-01;1.1750000e+02;2.0075160e-01;1.1750000e+02;2.2152668e-01;1.1750000e+02;1.7866154e-01;1.1750000e+02;1.2148181e-01;1.1750000e+02;7.0537977e-02;1.1750000e+02;2.0638902e-02;1.1750000e+02;-2.3953326e-02;1.1750000e+02;-6.5517783e-02;1.1750000e+02;-1.1133644e-01;1.1750000e+02;-1.5246943e-01;1.1750000e+02;-7.1389332e-02;1.1750000e+02;-6.5530881e-02;1.1750000e+02;-3.9794393e-02;1.1750000e+02;4.0196255e-03;1.1750000e+02;6.5364398e-02;1.1750000e+02;1.4333132e-01;1.1750000e+02;1.8976608e-01;1.1750000e+02;2.0906480e-01;1.1750000e+02;2.0075160e-01;1.1750000e+02;2.2152668e-01;1.1750000e+02;1.7866154e-01;1.1750000e+02;1.2148181e-01;1.1750000e+02;7.0537977e-02;1.1750000e+02;2.0638902e-02;1.1750000e+02;-2.3953326e-02;1.1750000e+02;-6.5517783e-02;1.1750000e+02;-1.1133644e-01;1.1750000e+02;-1.5246943e-01;1.1750000e+02;-7.1389332e-02;1.1750000e+02;-6.5530881e-02;1.1750000e+02;-3.9794393e-02;1.1750000e+02;4.0196255e-03;1.1750000e+02;6.5364398e-02;1.1750000e+02;1.4333132e-01;1.1750000e+02;1.8976608e-01;1.1750000e+02;2.0906480e-01;1.1750000e+02;2.0075160e-01;1.1750000e+02;2.2152668e-01;1.1750000e+02;1.7866154e-01;1.1750000e+02;1.2148181e-01;1.1750000e+02;7.0537977e-02;1.1750000e+02;2.0638902e-02;1.1750000e+02;-2.3953326e-02;1.1750000e+02;-6.5517783e-02;1.1750000e+02;-1.1133644e-01;1.1750000e+02;-1.5246943e-01;1.1750000e+02;-7.1389332e-02;1.1750000e+02;-6.5530881e-02;1.1750000e+02;-3.9794393e-02;1.1750000e+02;4.0196255e-03;1.1750000e+02;6.5364398e-02;1.1750000e+02;1.4333132e-01;1.1750000e+02;1.8976608e-01;1.1750000e+02;2.0906480e-01;1.1750000e+02;2.0075160e-01;1.1750000e+02;2.2152668e-01;1.1750000e+02;1.7866154e-01;1.1750000e+02;1.2148181e-01;1.1750000e+02;7.0537977e-02;1.1750000e+02;2.0638902e-02;1.1750000e+02;-2.3953326e-02;1.1750000e+02;-6.5517783e-02;1.1750000e+02;-1.1133644e-01;1.1750000e+02;-1.5246943e-01;1.1750000e+02;-7.1389332e-02;1.1750000e+02;-6.5530881e-02;1.1750000e+02;-3.9794393e-02;1.1750000e+02;4.0196255e-03;1.1750000e+02;6.5364398e-02;1.1750000e+02;1.4333132e-01;1.1750000e+02;1.8976608e-01;1.1750000e+02;2.0906480e-01;1.1750000e+02;2.0075160e-01;1.1750000e+02;2.2152668e-01;1.1750000e+02;1.7866154e-01;1.1750000e+02;1.2148181e-01;1.1750000e+02;7.0537977e-02;1.1750000e+02;2.0638902e-02;1.1750000e+02;-2.3953326e-02;1.1750000e+02;-6.5517783e-02;1.1750000e+02;-1.1133644e-01;1.1750000e+02;-1.5246943e-01;1.1750000e+02;-7.1389332e-02;1.1750000e+02;-6.5530881e-02;1.1750000e+02;-3.9794393e-02;1.1750000e+02;4.0196255e-03;1.1750000e+02;6.5364398e-02;1.1750000e+02;1.4333132e-01;1.1750000e+02;1.8976608e-01;1.1750000e+02;2.0906480e-01;1.1750000e+02;2.0075160e-01;1.1750000e+02;2.2152668e-01;1.1750000e+02;1.7866154e-01;1.1750000e+02;1.2148181e-01;1.1750000e+02;7.0537977e-02;1.1750000e+02;2.0638902e-02;1.1750000e+02;-2.3953326e-02;1.1750000e+02;-6.5517783e-02;1.1750000e+02;-1.1133644e-01;1.1750000e+02;-1.5246943e-01;1.1750000e+02;-7.1389332e-02;1.1750000e+02;-6.5530881e-02;1.1750000e+02;-3.9794393e-02;1.1750000e+02;4.0196255e-03;1.1750000e+02;6.5364398e-02;1.1750000e+02;1.4333132e-01;1.1750000e+02;1.8976608e-01;1.1750000e+02;2.0906480e-01;1.1750000e+02;2.0075160e-01;1.1750000e+02;2.2152668e-01;1.1750000e+02;1.7866154e-01;1.1750000e+02;1.2148181e-01;1.1750000e+02;7.0537977e-02;1.1750000e+02;2.0638902e-02;1.1750000e+02;-2.3953326e-02;1.1750000e+02;-6.5517783e-02;1.1750000e+02;-1.1133644e-01;1.1750000e+02;-1.5246943e-01;1.1750000e+02;-7.1389332e-02;1.1750000e+02;-6.5530881e-02;1.1750000e+02;-3.9794393e-02;1.1750000e+02;4.0196255e-03;1.1750000e+02;6.5364398e-02;1.1750000e+02;1.4333132e-01;1.1750000e+02;1.8976608e-01;1.1750000e+02;2.0906480e-01;1.1750000e+02;2.0075160e-01;1.1750000e+02;2.2152668e-01;1.1750000e+02;1.7866154e-01;1.1750000e+02;1.2148181e-01;1.1750000e+02;7.0537977e-02;1.1750000e+02;2.0638902e-02;1.1750000e+02;-2.3953326e-02;1.1750000e+02;-6.5517783e-02;1.1750000e+02;-1.1133644e-01;1.1750000e+02;-1.5246943e-01;1.1750000e+02;-7.1389332e-02;1.1750000e+02;-6.5530881e-02;1.1750000e+02;-3.9794393e-02;1.1750000e+02;4.0196255e-03;1.1750000e+02;6.5364398e-02;1.1750000e+02;1.4333132e-01;1.1750000e+02;1.8976608e-01;1.1750000e+02;2.0906480e-01;1.1750000e+02;2.0075160e-01;1.1750000e+02;2.2152668e-01;1.1750000e+02;1.7866154e-01;1.1750000e+02;1.2148181e-01;1.1750000e+02;7.0537977e-02;1.1750000e+02;2.0638902e-02;1.1750000e+02;-2.3953326e-02;1.1750000e+02;-6.5517783e-02;1.1750000e+02;-1.1133644e-01;1.1750000e+02;-1.5246943e-01;1.1750000e+02;-7.1389332e-02;1.1750000e+02;-6.5530881e-02;1.1750000e+02;-3.9794393e-02;1.1750000e+02;4.0196255e-03;1.1750000e+02;6.5364398e-02;1.1750000e+02;1.4333132e-01;1.1750000e+02;1.8976608e-01;1.1750000e+02;2.0906480e-01;1.1750000e+02;2.0075160e-01;1.1750000e+02;2.2152668e-01;1.1750000e+02;1.7866154e-01;1.1750000e+02;1.2148181e-01;1.1750000e+02;7.0537977e-02;1.1750000e+02;2.0638902e-02;1.1750000e+02;-2.3953326e-02;1.1750000e+02;-6.5517783e-02;1.1750000e+02;-1.1133644e-01;1.1750000e+02;-1.5246943e-01;1.1750000e+02;-7.1389332e-02;1.1750000e+02;-6.5530881e-02;1.1750000e+02;-3.9794393e-02;1.1750000e+02;4.0196255e-03;1.1750000e+02;6.5364398e-02;1.1750000e+02;1.4333132e-01;1.1750000e+02;1.8976608e-01;1.1750000e+02;2.0906480e-01;1.1750000e+02;2.0075160e-01;1.1750000e+02;2.2152668e-01;1.1750000e+02;1.7866154e-01;1.1750000e+02;1.2148181e-01;1.1750000e+02;7.0537977e-02;1.1750000e+02;2.0638902e-02;1.1750000e+02;-2.3953326e-02;1.1750000e+02;-6.5517783e-02;1.1750000e+02;-1.1133644e-01;1.1750000e+02;-1.5246943e-01;1.1750000e+02;-7.1389332e-02;1.1750000e+02;-6.5530881e-02;1.1750000e+02;-3.9794393e-02;1.1750000e+02;4.0196255e-03;1.1750000e+02;6.5364398e-02;1.1750000e+02;1.4333132e-01;1.1750000e+02;1.8976608e-01;1.1750000e+02;2.0906480e-01;1.1750000e+02;2.0075160e-01;1.1750000e+02;2.2152668e-01;1.1750000e+02;1.7866154e-01;1.1750000e+02;1.2148181e-01;1.1750000e+02;7.0537977e-02;1.1750000e+02;2.0638902e-02;1.1750000e+02;-2.3953326e-02;1.1750000e+02;-6.5517783e-02;1.1750000e+02;-1.1133644e-01;1.1750000e+02;-1.5246943e-01;1.1750000e+02;-7.1389332e-02;1.1750000e+02;-6.5530881e-02;1.1750000e+02;-3.9794393e-02;1.1750000e+02;4.0196255e-03;1.1750000e+02;6.5364398e-02;1.1750000e+02;1.4333132e-01;1.1750000e+02;1.8976608e-01;1.1750000e+02;2.0906480e-01;1.1750000e+02;2.0075160e-01;1.1750000e+02;2.2152668e-01;1.1750000e+02;1.7866154e-01;1.1750000e+02;1.2148181e-01;1.1750000e+02;7.0537977e-02;1.1750000e+02;2.0638902e-02;1.1750000e+02;-2.3953326e-02;1.1750000e+02;-6.5517783e-02;1.1750000e+02;-1.1133644e-01;1.1750000e+02;-1.5246943e-01;1.1750000e+02;-7.1389332e-02;1.1750000e+02;-6.5530881e-02;1.1750000e+02;-3.9794393e-02;1.1750000e+02;4.0196255e-03;1.1750000e+02;6.5364398e-02;1.1750000e+02;1.4333132e-01;1.1750000e+02;1.8976608e-01;1.1750000e+02;2.0906480e-01;1.1750000e+02;2.0075160e-01;1.1750000e+02;2.2152668e-01;1.1750000e+02;1.7866154e-01;1.1750000e+02;1.2148181e-01;1.1750000e+02;7.0537977e-02;1.1750000e+02;2.0638902e-02;1.1750000e+02;-2.3953326e-02;1.1750000e+02;-6.5517783e-02;1.1750000e+02;-1.1133644e-01;1.1750000e+02;-1.5246943e-01;1.1750000e+02;-7.1389332e-02;1.1750000e+02;-6.5530881e-02;1.1750000e+02;-3.9794393e-02;1.1750000e+02;4.0196255e-03;1.1750000e+02;6.5364398e-02;1.1750000e+02;1.4333132e-01;1.1750000e+02;1.8976608e-01;1.1750000e+02;2.0906480e-01;1.1750000e+02;2.0075160e-01;1.1750000e+02;2.2152668e-01;1.1750000e+02;1.7866154e-01;1.1750000e+02;1.2148181e-01;1.1750000e+02;7.0537977e-02;1.1750000e+02;2.0638902e-02;1.1750000e+02;-2.3953326e-02;1.1750000e+02;-6.5517783e-02;1.1750000e+02;-1.1133644e-01;1.1750000e+02;-1.5246943e-01;1.1750000e+02;-7.1389332e-02;1.1750000e+02;-6.5530881e-02;1.1750000e+02;-3.9794393e-02;1.1750000e+02;4.0196255e-03;1.1750000e+02;6.5364398e-02;1.1750000e+02;1.4333132e-01;1.1750000e+02;1.8976608e-01;1.1750000e+02;2.0906480e-01;1.1750000e+02;2.0075160e-01;1.1750000e+02;2.2152668e-01;1.1750000e+02;1.7866154e-01;1.1750000e+02;1.2148181e-01;1.1750000e+02;7.0537977e-02;1.1750000e+02;2.0638902e-02;1.1750000e+02;-2.3953326e-02;1.1750000e+02;-6.5517783e-02;1.1750000e+02;-1.1133644e-01;1.1750000e+02;-1.5246943e-01;1.1750000e+02;-7.1389332e-02;1.1750000e+02;-6.5530881e-02;1.1750000e+02;-3.9794393e-02;1.1750000e+02;4.0196255e-03;1.1750000e+02;6.5364398e-02;1.1750000e+02;1.4333132e-01;1.1750000e+02;1.8976608e-01;1.1750000e+02;2.0906480e-01;1.1750000e+02;2.0075160e-01;1.1750000e+02;2.2152668e-01;1.1750000e+02;1.7866154e-01;1.1750000e+02;1.2148181e-01;1.1750000e+02;7.0537977e-02;1.1750000e+02;2.0638902e-02;1.1750000e+02;-2.3953326e-02;1.1750000e+02;-6.5517783e-02;1.1750000e+02;-1.1133644e-01;1.1750000e+02;-1.5246943e-01;1.1750000e+02;-7.1389332e-02;1.1750000e+02;-6.5530881e-02;1.1750000e+02;-3.9794393e-02;1.1750000e+02;4.0196255e-03;1.1750000e+02;6.5364398e-02;1.1750000e+02;1.4333132e-01;1.1750000e+02;1.8976608e-01;1.1750000e+02;2.0906480e-01;1.1750000e+02;2.0075160e-01;1.1750000e+02;2.2152668e-01;1.1750000e+02;1.7866154e-01;1.1750000e+02;1.2148181e-01;1.1750000e+02;7.0537977e-02;1.1750000e+02;2.0638902e-02;1.1750000e+02;-2.3953326e-02;1.1750000e+02;-6.5517783e-02;1.1750000e+02;-1.1133644e-01;1.1750000e+02;-1.5246943e-01;1.1750000e+02;-7.1389332e-02;1.1750000e+02;-6.5530881e-02;1.1750000e+02;-3.9794393e-02;1.1750000e+02;4.0196255e-03;1.1750000e+02;6.5364398e-02;1.1750000e+02;1.4333132e-01;1.1750000e+02;1.8976608e-01;1.1750000e+02;2.0906480e-01;1.1750000e+02;2.0075160e-01;1.1750000e+02;2.2152668e-01;1.1750000e+02;1.7866154e-01;1.1750000e+02;1.2148181e-01;1.1750000e+02;7.0537977e-02;1.1750000e+02;2.0638902e-02;1.1750000e+02;-2.3953326e-02;1.1750000e+02;-6.5517783e-02;1.1750000e+02;-1.1133644e-01;1.1750000e+02;-1.5246943e-01;1.1750000e+02;-7.1389332e-02;1.1750000e+02;-6.5530881e-02;1.1750000e+02;-3.9794393e-02;1.1750000e+02;4.0196255e-03;1.1750000e+02;6.5364398e-02;1.1750000e+02;1.4333132e-01;1.1750000e+02;1.8976608e-01;1.1750000e+02;2.0906480e-01;1.1750000e+02;2.0075160e-01;1.1750000e+02;2.2152668e-01;1.1750000e+02;1.7866154e-01;1.1750000e+02;1.2148181e-01;1.1750000e+02;7.0537977e-02;1.1750000e+02;2.0638902e-02;1.1750000e+02;-2.3953326e-02;1.1750000e+02;-6.5517783e-02;1.1750000e+02;-1.1133644e-01;1.1750000e+02;-1.5246943e-01;1.1750000e+02;-7.1389332e-02;1.1750000e+02;-6.5530881e-02;1.1750000e+02;-3.9794393e-02;1.1750000e+02;4.0196255e-03;1.1750000e+02;6.5364398e-02;1.1750000e+02;1.4333132e-01;1.1750000e+02;1.8976608e-01;1.1750000e+02;2.0906480e-01;1.1750000e+02;2.0075160e-01;1.1750000e+02;2.2152668e-01;1.1750000e+02;1.7866154e-01;1.1750000e+02;1.2148181e-01;1.1750000e+02;7.0537977e-02;1.1750000e+02;2.0638902e-02;1.1750000e+02;-2.3953326e-02;1.1750000e+02;-6.5517783e-02;1.1750000e+02;-1.1133644e-01;1.1750000e+02;-1.5246943e-01;1.1750000e+02;-7.1389332e-02;1.1750000e+02;-6.5530881e-02;1.1750000e+02;-3.9794393e-02;1.1750000e+02;4.0196255e-03;1.1750000e+02;6.5364398e-02;1.1750000e+02;1.4333132e-01;1.1750000e+02;1.8976608e-01;1.1750000e+02;2.0906480e-01;1.1750000e+02;2.0075160e-01;1.1750000e+02;2.2152668e-01;1.1750000e+02;1.7866154e-01;1.1750000e+02;1.2148181e-01;1.1750000e+02;7.0537977e-02;1.1750000e+02;2.0638902e-02;1.1750000e+02;-2.3953326e-02;1.1750000e+02;-6.5517783e-02;1.1750000e+02;-1.1133644e-01;1.1750000e+02;-1.5246943e-01;1.1750000e+02;-7.1389332e-02;1.1750000e+02;-6.5530881e-02;1.1750000e+02;-3.9794393e-02;1.1750000e+02;4.0196255e-03;1.1750000e+02;6.5364398e-02;1.1750000e+02;1.4333132e-01;1.1750000e+02;1.8976608e-01;1.1750000e+02;2.0906480e-01;1.1750000e+02;2.0075160e-01;1.1750000e+02;2.2152668e-01;1.1750000e+02;1.7866154e-01;1.1750000e+02;1.2148181e-01;1.1750000e+02;7.0537977e-02;1.1750000e+02;2.0638902e-02;1.1750000e+02;-2.3953326e-02;1.1750000e+02;-6.5517783e-02;1.1750000e+02;-1.1133644e-01;1.1750000e+02;-1.5246943e-01;1.1750000e+02;-7.1389332e-02;1.1750000e+02;-6.5530881e-02;1.1750000e+02;-3.9794393e-02;1.1750000e+02;4.0196255e-03;1.1750000e+02;6.5364398e-02;1.1750000e+02;1.4333132e-01;1.1750000e+02;1.8976608e-01;1.1750000e+02;2.0906480e-01;1.1750000e+02;2.0075160e-01;1.1750000e+02;2.2152668e-01;1.1750000e+02;1.7866154e-01;1.1750000e+02;1.2148181e-01;1.1750000e+02;7.0537977e-02;1.1750000e+02;2.0638902e-02;1.1750000e+02;-2.3953326e-02;1.1750000e+02;-6.5517783e-02;1.1750000e+02;-1.1133644e-01;1.1750000e+02;-1.5246943e-01;1.1750000e+02;-7.1389332e-02;1.1750000e+02;-6.5530881e-02;1.1750000e+02;-3.9794393e-02;1.1750000e+02;4.0196255e-03;1.1750000e+02;6.5364398e-02;1.1750000e+02;1.4333132e-01;1.1750000e+02;1.8976608e-01;1.1750000e+02;2.0906480e-01;1.1750000e+02;2.0075160e-01;1.1750000e+02;2.2152668e-01;1.1750000e+02;1.7866154e-01;1.1750000e+02;1.2148181e-01;1.1750000e+02;7.0537977e-02;1.1750000e+02;2.0638902e-02;1.1750000e+02;-2.3953326e-02;1.1750000e+02;-6.5517783e-02;1.1750000e+02;-1.1133644e-01;1.1750000e+02;-1.5246943e-01;1.1750000e+02;-7.1389332e-02;1.1750000e+02;-6.5530881e-02;1.1750000e+02;-3.9794393e-02;1.1750000e+02;4.0196255e-03;1.1750000e+02;6.5364398e-02;1.1750000e+02;1.4333132e-01;1.1750000e+02;1.8976608e-01;1.1750000e+02;2.0906480e-01;1.1750000e+02;2.0075160e-01;1.1750000e+02;2.2152668e-01;1.1750000e+02;1.7866154e-01;1.1750000e+02;1.2148181e-01;1.1750000e+02;7.0537977e-02;1.1750000e+02;2.0638902e-02;1.1750000e+02;-2.3953326e-02;1.1750000e+02;-6.5517783e-02;1.1750000e+02;-1.1133644e-01;1.1750000e+02;-1.5246943e-01;1.1750000e+02;-7.1389332e-02;1.1750000e+02;-6.5530881e-02;1.1750000e+02;-3.9794393e-02;1.1750000e+02;4.0196255e-03;1.1750000e+02;6.5364398e-02;1.1750000e+02;1.4333132e-01;1.1750000e+02;1.8976608e-01;1.1750000e+02;2.0906480e-01;1.1750000e+02;2.0075160e-01;1.1750000e+02;2.2152668e-01;1.1750000e+02;1.7866154e-01;1.1750000e+02;1.2148181e-01;1.1750000e+02;7.0537977e-02;1.1750000e+02;2.0638902e-02;1.1750000e+02;-2.3953326e-02;1.1750000e+02;-6.5517783e-02;1.1750000e+02;-1.1133644e-01;1.1750000e+02;-1.5246943e-01;1.1750000e+02;-7.1389332e-02;1.1750000e+02;-6.5530881e-02;1.1750000e+02;-3.9794393e-02;1.1750000e+02;4.0196255e-03;1.1750000e+02;6.5364398e-02;1.1750000e+02;1.4333132e-01;1.1750000e+02;1.8976608e-01;1.1750000e+02;2.0906480e-01;1.1750000e+02;2.0075160e-01;1.1750000e+02;2.2152668e-01;1.1750000e+02;1.7866154e-01;1.1750000e+02;1.2148181e-01;1.1750000e+02;7.0537977e-02;1.1750000e+02;2.0638902e-02;1.1750000e+02;-2.3953326e-02;1.1750000e+02;-6.5517783e-02;1.1750000e+02;-1.1133644e-01;1.1750000e+02;-1.5246943e-01;1.1750000e+02;-7.1389332e-02;1.1750000e+02;-6.5530881e-02;1.1750000e+02;-3.9794393e-02;1.1750000e+02;4.0196255e-03;1.1750000e+02;6.5364398e-02;1.1750000e+02;1.4333132e-01;1.1750000e+02;1.8976608e-01;1.1750000e+02;2.0906480e-01;1.1750000e+02;2.0075160e-01;1.1750000e+02;2.2152668e-01;1.1750000e+02;1.7866154e-01;1.1750000e+02;1.2148181e-01;1.1750000e+02;7.0537977e-02;1.1750000e+02;2.0638902e-02;1.1750000e+02;-2.3953326e-02;1.1750000e+02;-6.5517783e-02;1.1750000e+02;-1.1133644e-01;1.1750000e+02;-1.5246943e-01;1.1750000e+02;-7.1389332e-02;1.1750000e+02;-6.5530881e-02;1.1750000e+02;-3.9794393e-02;1.1750000e+02;4.0196255e-03;1.1750000e+02;6.5364398e-02;1.1750000e+02;1.4333132e-01;1.1750000e+02;1.8976608e-01;1.1750000e+02;2.0906480e-01;1.1750000e+02;2.0075160e-01;1.1750000e+02;2.2152668e-01;1.1750000e+02;1.7866154e-01;1.1750000e+02;1.2148181e-01;1.1750000e+02;7.0537977e-02;1.1750000e+02;2.0638902e-02;1.1750000e+02;-2.3953326e-02;1.1750000e+02;-6.5517783e-02;1.1750000e+02;-1.1133644e-01;1.1750000e+02;-1.5246943e-01;1.1750000e+02;-7.1389332e-02;1.1750000e+02;-6.5530881e-02;1.1750000e+02;-3.9794393e-02;1.1750000e+02;4.0196255e-03;1.1750000e+02;6.5364398e-02;1.1750000e+02;1.4333132e-01;1.1750000e+02;1.8976608e-01;1.1750000e+02;2.0906480e-01;1.1750000e+02;2.0075160e-01;1.1750000e+02;2.2152668e-01;1.1750000e+02;1.7866154e-01;1.1750000e+02;1.2148181e-01;1.1750000e+02;7.0537977e-02;1.1750000e+02;2.0638902e-02;1.1750000e+02;-2.3953326e-02;1.1750000e+02;-6.5517783e-02;1.1750000e+02;-1.1133644e-01;1.1750000e+02;-1.5246943e-01;1.1750000e+02;-7.1389332e-02;1.1750000e+02;-6.5530881e-02;1.1750000e+02;-3.9794393e-02;1.1750000e+02;4.0196255e-03;1.1750000e+02;6.5364398e-02;1.1750000e+02;1.4333132e-01;1.1750000e+02;1.8976608e-01;1.1750000e+02;2.0906480e-01;1.1750000e+02;2.0075160e-01;1.1750000e+02;2.2152668e-01;1.1750000e+02;1.7866154e-01;1.1750000e+02;1.2148181e-01;1.1750000e+02;7.0537977e-02;1.1750000e+02;2.0638902e-02;1.1750000e+02;-2.3953326e-02;1.1750000e+02;-6.5517783e-02;1.1750000e+02;-1.1133644e-01;1.1750000e+02;-1.5246943e-01;1.1750000e+02;-7.1389332e-02;1.1750000e+02;-6.5530881e-02;1.1750000e+02;-3.9794393e-02;1.1750000e+02;4.0196255e-03;1.1750000e+02;6.5364398e-02;1.1750000e+02;1.4333132e-01;1.1750000e+02;1.8976608e-01;1.1750000e+02;2.0906480e-01;1.1750000e+02;2.0075160e-01;1.1750000e+02;2.2152668e-01;1.1750000e+02;1.7866154e-01;1.1750000e+02;1.2148181e-01;1.1750000e+02;7.0537977e-02;1.1750000e+02;2.0638902e-02;1.1750000e+02;-2.3953326e-02;1.1750000e+02;-6.5517783e-02;1.1750000e+02;-1.1133644e-01;1.1750000e+02;-1.5246943e-01;1.1750000e+02;-7.1389332e-02;1.1750000e+02;-6.5530881e-02;1.1750000e+02;-3.9794393e-02;1.1750000e+02;4.0196255e-03;1.1750000e+02;6.5364398e-02;1.1750000e+02;1.4333132e-01;1.1750000e+02;1.8976608e-01;1.1750000e+02;2.0906480e-01;1.1750000e+02;2.0075160e-01;1.1750000e+02;2.2152668e-01;1.1750000e+02;1.7866154e-01;1.1750000e+02;1.2148181e-01;1.1750000e+02;7.0537977e-02;1.1750000e+02;2.0638902e-02;1.1750000e+02;-2.3953326e-02;1.1750000e+02;-6.5517783e-02;1.1750000e+02;-1.1133644e-01;1.1750000e+02;-1.5246943e-01;1.1750000e+02;-7.1389332e-02;1.1750000e+02;-6.5530881e-02;1.1750000e+02;-3.9794393e-02;1.1750000e+02;4.0196255e-03;1.1750000e+02;6.5364398e-02;1.1750000e+02;1.4333132e-01;1.1750000e+02;1.8976608e-01;1.1750000e+02;2.0906480e-01;1.1750000e+02;2.0075160e-01;1.1750000e+02;2.2152668e-01;1.1750000e+02;1.7866154e-01;1.1750000e+02;1.2148181e-01;1.1750000e+02;7.0537977e-02;1.1750000e+02;2.0638902e-02;1.1750000e+02;-2.3953326e-02;1.1750000e+02;-6.5517783e-02;1.1750000e+02;-1.1133644e-01;1.1750000e+02;-1.5246943e-01;1.1750000e+02;-7.1389332e-02;1.1750000e+02;-6.5530881e-02;1.1750000e+02;-3.9794393e-02;1.1750000e+02;4.0196255e-03;1.1750000e+02;6.5364398e-02;1.1750000e+02;1.4333132e-01;1.1750000e+02;1.8976608e-01;1.1750000e+02;2.0906480e-01;1.1750000e+02;2.0075160e-01;1.1750000e+02;2.2152668e-01;1.1750000e+02;1.7866154e-01;1.1750000e+02;1.2148181e-01;1.1750000e+02;7.0537977e-02;1.1750000e+02;2.0638902e-02;1.1750000e+02;-2.3953326e-02;1.1750000e+02;-6.5517783e-02;1.1750000e+02;-1.1133644e-01;1.1750000e+02;-1.5246943e-01;1.1750000e+02;-7.1389332e-02;1.1750000e+02;-6.5530881e-02;1.1750000e+02;-3.9794393e-02;1.1750000e+02;4.0196255e-03;1.1750000e+02;6.5364398e-02;1.1750000e+02;1.4333132e-01;1.1750000e+02;1.8976608e-01;1.1750000e+02;2.0906480e-01;1.1750000e+02;2.0075160e-01;1.1750000e+02;2.2152668e-01;1.1750000e+02;1.7866154e-01;1.1750000e+02;1.2148181e-01;1.1750000e+02;7.0537977e-02;1.1750000e+02;2.0638902e-02;1.1750000e+02;-2.3953326e-02;1.1750000e+02;-6.5517783e-02;1.1750000e+02;-1.1133644e-01;1.1750000e+02;-1.5246943e-01;1.1750000e+02;-7.1389332e-02;1.1750000e+02;-6.5530881e-02;1.1750000e+02;-3.9794393e-02;1.1750000e+02;4.0196255e-03;1.1750000e+02;6.5364398e-02;1.1750000e+02;1.4333132e-01;1.1750000e+02;1.8976608e-01;1.1750000e+02;2.0906480e-01;1.1750000e+02;2.0075160e-01;1.1750000e+02;2.2152668e-01;1.1750000e+02;1.7866154e-01;1.1750000e+02;1.2148181e-01;1.1750000e+02;7.0537977e-02;1.1750000e+02;2.0638902e-02;1.1750000e+02;-2.3953326e-02;1.1750000e+02;-6.5517783e-02;1.1750000e+02;-1.1133644e-01;1.1750000e+02;-1.5246943e-01;1.1750000e+02;-7.1389332e-02;1.1750000e+02;-6.5530881e-02;1.1750000e+02;-3.9794393e-02;1.1750000e+02;4.0196255e-03;1.1750000e+02;6.5364398e-02;1.1750000e+02;1.4333132e-01;1.1750000e+02;1.8976608e-01;1.1750000e+02;2.0906480e-01;1.1750000e+02;2.0075160e-01;1.1750000e+02;2.2152668e-01;1.1750000e+02;1.7866154e-01;1.1750000e+02;1.2148181e-01;1.1750000e+02;7.0537977e-02;1.1750000e+02;2.0638902e-02;1.1750000e+02;-2.3953326e-02;1.1750000e+02;-6.5517783e-02;1.1750000e+02;-1.1133644e-01;1.1750000e+02;-1.5246943e-01;1.1750000e+02;-7.1389332e-02;1.1750000e+02;-6.5530881e-02;1.1750000e+02;-3.9794393e-02;1.1750000e+02;4.0196255e-03;1.1750000e+02;6.5364398e-02;1.1750000e+02;1.4333132e-01;1.1750000e+02;1.8976608e-01;1.1750000e+02;2.0906480e-01;1.1750000e+02;2.0075160e-01;1.1750000e+02;2.2152668e-01;1.1750000e+02;1.7866154e-01;1.1750000e+02;1.2148181e-01;1.1750000e+02;7.0537977e-02;1.1750000e+02;2.0638902e-02;1.1750000e+02;-2.3953326e-02;1.1750000e+02;-6.5517783e-02;1.1750000e+02;-1.1133644e-01;1.1750000e+02;-1.5246943e-01;1.1750000e+02;-7.1389332e-02;1.1750000e+02;-6.5530881e-02;1.1750000e+02;-3.9794393e-02;1.1750000e+02;4.0196255e-03;1.1750000e+02;6.5364398e-02;1.1750000e+02;1.4333132e-01;1.1750000e+02;1.8976608e-01;1.1750000e+02;2.0906480e-01;1.1750000e+02;2.0075160e-01;1.1750000e+02;2.2152668e-01;1.1750000e+02;1.7866154e-01;1.1750000e+02;1.2148181e-01;1.1750000e+02;7.0537977e-02;1.1750000e+02;2.0638902e-02;1.1750000e+02;-2.3953326e-02;1.1750000e+02;-6.5517783e-02;1.1750000e+02;-1.1133644e-01;1.1750000e+02;-1.5246943e-01;1.1750000e+02;-7.1389332e-02;1.1750000e+02;-6.5530881e-02;1.1750000e+02;-3.9794393e-02;1.1750000e+02;4.0196255e-03;1.1750000e+02;6.5364398e-02;1.1750000e+02;1.4333132e-01;1.1750000e+02;1.8976608e-01;1.1750000e+02;2.0906480e-01;1.1750000e+02;2.0075160e-01;1.1750000e+02;2.2152668e-01;1.1750000e+02;1.7866154e-01;1.1750000e+02;1.2148181e-01;1.1750000e+02;7.0537977e-02;1.1750000e+02;2.0638902e-02;1.1750000e+02;-2.3953326e-02;1.1750000e+02;-6.5517783e-02;1.1750000e+02;-1.1133644e-01;1.1750000e+02;-1.5246943e-01;1.1750000e+02;-7.1389332e-02;1.1750000e+02;-6.5530881e-02;1.1750000e+02;-3.9794393e-02;1.1750000e+02;4.0196255e-03;1.1750000e+02;6.5364398e-02;1.1750000e+02;1.4333132e-01;1.1750000e+02;1.8976608e-01;1.1750000e+02;2.0906480e-01;1.1750000e+02;2.0075160e-01;1.1750000e+02;2.2152668e-01;1.1750000e+02;1.7866154e-01;1.1750000e+02;1.2148181e-01;1.1750000e+02;7.0537977e-02;1.1750000e+02;2.0638902e-02;1.1750000e+02;-2.3953326e-02;1.1750000e+02;-6.5517783e-02;1.1750000e+02;-1.1133644e-01;1.1750000e+02;-1.5246943e-01;1.1750000e+02;-7.1389332e-02;1.1750000e+02;-6.5530881e-02;1.1750000e+02;-3.9794393e-02;1.1750000e+02;4.0196255e-03;1.1750000e+02;6.5364398e-02;1.1750000e+02;1.4333132e-01;1.1750000e+02;1.8976608e-01;1.1750000e+02;2.0906480e-01;1.1750000e+02;2.0075160e-01;1.1750000e+02;2.2152668e-01;1.1750000e+02;1.7866154e-01;1.1750000e+02;1.2148181e-01;1.1750000e+02;7.0537977e-02;1.1750000e+02;2.0638902e-02;1.1750000e+02;-2.3953326e-02;1.1750000e+02;-6.5517783e-02;1.1750000e+02;-1.1133644e-01;1.1750000e+02;-1.5246943e-01;1.1750000e+02;-7.1389332e-02;1.1750000e+02;-6.5530881e-02;1.1750000e+02;-3.9794393e-02;1.1750000e+02;4.0196255e-03;1.1750000e+02;6.5364398e-02;1.1750000e+02;1.4333132e-01;1.1750000e+02;1.8976608e-01;1.1750000e+02;2.0906480e-01;1.1750000e+02;2.0075160e-01;1.1750000e+02;2.2152668e-01;1.1750000e+02;1.7866154e-01;1.1750000e+02;1.2148181e-01;1.1750000e+02;7.0537977e-02;1.1750000e+02;2.0638902e-02;1.1750000e+02;-2.3953326e-02;1.1750000e+02;-6.5517783e-02;1.1750000e+02;-1.1133644e-01;1.1750000e+02;-1.5246943e-01;1.1750000e+02;-7.1389332e-02;1.1750000e+02;-6.5530881e-02;1.1750000e+02;-3.9794393e-02;1.1750000e+02;4.0196255e-03;1.1750000e+02;6.5364398e-02;1.1750000e+02;1.4333132e-01;1.1750000e+02;1.8976608e-01;1.1750000e+02;2.0906480e-01;1.1750000e+02;2.0075160e-01;1.1750000e+02;2.2152668e-01;1.1750000e+02;1.7866154e-01;1.1750000e+02;1.2148181e-01;1.1750000e+02;7.0537977e-02;1.1750000e+02;2.0638902e-02;1.1750000e+02;-2.3953326e-02;1.1750000e+02;-6.5517783e-02;1.1750000e+02;-1.1133644e-01;1.1750000e+02;-1.5246943e-01;1.1750000e+02;-7.1389332e-02;1.1750000e+02;-6.5530881e-02;1.1750000e+02;-3.9794393e-02;1.1750000e+02;4.0196255e-03;1.1750000e+02;6.5364398e-02;1.1750000e+02;1.4333132e-01;1.1750000e+02;1.8976608e-01;1.1750000e+02;2.0906480e-01;1.1750000e+02;2.0075160e-01;1.1750000e+02;2.2152668e-01;1.1750000e+02;1.7866154e-01;1.1750000e+02;1.2148181e-01;1.1750000e+02;7.0537977e-02;1.1750000e+02;2.0638902e-02;1.1750000e+02;-2.3953326e-02;1.1750000e+02;-6.5517783e-02;1.1750000e+02;-1.1133644e-01;1.1750000e+02;-1.5246943e-01;1.1750000e+02;-7.1389332e-02;1.1750000e+02;-6.5530881e-02;1.1750000e+02;-3.9794393e-02;1.1750000e+02;4.0196255e-03;1.1750000e+02;6.5364398e-02;1.1750000e+02;1.4333132e-01;1.1750000e+02;1.8976608e-01;1.1750000e+02;2.0906480e-01;1.1750000e+02;2.0075160e-01;1.1750000e+02;2.2152668e-01;1.1750000e+02;1.7866154e-01;1.1750000e+02;1.2148181e-01;1.1750000e+02;7.0537977e-02;1.1750000e+02;2.0638902e-02;1.1750000e+02;-2.3953326e-02;1.1750000e+02;-6.5517783e-02;1.1750000e+02;-1.1133644e-01;1.1750000e+02;-1.5246943e-01;1.1750000e+02;-7.1389332e-02;1.1750000e+02;-6.5530881e-02;1.1750000e+02;-3.9794393e-02;1.1750000e+02;4.0196255e-03;1.1750000e+02;6.5364398e-02;1.1750000e+02;1.4333132e-01;1.1750000e+02;1.8976608e-01;1.1750000e+02;2.0906480e-01;1.1750000e+02;2.0075160e-01;1.1750000e+02;2.2152668e-01;1.1750000e+02;1.7866154e-01;1.1750000e+02;1.2148181e-01;1.1750000e+02;7.0537977e-02;1.1750000e+02;2.0638902e-02;1.1750000e+02;-2.3953326e-02;1.1750000e+02;-6.5517783e-02;1.1750000e+02;-1.1133644e-01;1.1750000e+02;-1.5246943e-01;1.1750000e+02;-7.1389332e-02;1.1750000e+02;-6.5530881e-02;1.1750000e+02;-3.9794393e-02;1.1750000e+02;4.0196255e-03;1.1750000e+02;6.5364398e-02;1.1750000e+02;1.4333132e-01;1.1750000e+02;1.8976608e-01;1.1750000e+02;2.0906480e-01;1.1750000e+02;2.0075160e-01;1.1750000e+02;2.2152668e-01;1.1750000e+02;1.7866154e-01;1.1750000e+02;1.2148181e-01;1.1750000e+02;7.0537977e-02;1.1750000e+02;2.0638902e-02;1.1750000e+02;-2.3953326e-02;1.1750000e+02;-6.5517783e-02;1.1750000e+02;-1.1133644e-01;1.1750000e+02;-1.5246943e-01;1.1750000e+02;-7.1389332e-02;1.1750000e+02;-6.5530881e-02;1.1750000e+02;-3.9794393e-02;1.1750000e+02;4.0196255e-03;1.1750000e+02;6.5364398e-02;1.1750000e+02;1.4333132e-01;1.1750000e+02;1.8976608e-01;1.1750000e+02;2.0906480e-01;1.1750000e+02;2.0075160e-01;1.1750000e+02;2.2152668e-01;1.1750000e+02;1.7866154e-01;1.1750000e+02;1.2148181e-01;1.1750000e+02;7.0537977e-02;1.1750000e+02;2.0638902e-02;1.1750000e+02;-2.3953326e-02;1.1750000e+02;-6.5517783e-02;1.1750000e+02;-1.1133644e-01;1.1750000e+02;-1.5246943e-01;1.1750000e+02;-7.1389332e-02;1.1750000e+02;-6.5530881e-02;1.1750000e+02;-3.9794393e-02;1.1750000e+02;4.0196255e-03;1.1750000e+02;6.5364398e-02;1.1750000e+02;1.4333132e-01;1.1750000e+02;1.8976608e-01;1.1750000e+02;2.0906480e-01;1.1750000e+02;2.0075160e-01;1.1750000e+02;2.2152668e-01;1.1750000e+02;1.7866154e-01;1.1750000e+02;1.2148181e-01;1.1750000e+02;7.0537977e-02;1.1750000e+02;2.0638902e-02;1.1750000e+02;-2.3953326e-02;1.1750000e+02;-6.5517783e-02;1.1750000e+02;-1.1133644e-01;1.1750000e+02;-1.5246943e-01;1.1750000e+02;-7.1389332e-02;1.1750000e+02;-6.5530881e-02;1.1750000e+02;-3.9794393e-02;1.1750000e+02;4.0196255e-03;1.1750000e+02;6.5364398e-02;1.1750000e+02;1.4333132e-01;1.1750000e+02;1.8976608e-01;1.1750000e+02;2.0906480e-01;1.1750000e+02;2.0075160e-01;1.1750000e+02;2.2152668e-01;1.1750000e+02;1.7866154e-01;1.1750000e+02;1.2148181e-01;1.1750000e+02;7.0537977e-02;1.1750000e+02;2.0638902e-02;1.1750000e+02;-2.3953326e-02;1.1750000e+02;-6.5517783e-02;1.1750000e+02;-1.1133644e-01;1.1750000e+02;-1.5246943e-01;1.1750000e+02;-7.1389332e-02;1.1750000e+02;-6.5530881e-02;1.1750000e+02;-3.9794393e-02;1.1750000e+02;4.0196255e-03;1.1750000e+02;6.5364398e-02;1.1750000e+02;1.4333132e-01;1.1750000e+02;1.8976608e-01;1.1750000e+02;2.0906480e-01;1.1750000e+02;2.0075160e-01;1.1750000e+02;2.2152668e-01;1.1750000e+02;1.7866154e-01;1.1750000e+02;1.2148181e-01;1.1750000e+02;7.0537977e-02;1.1750000e+02;2.0638902e-02;1.1750000e+02;-2.3953326e-02;1.1750000e+02;-6.5517783e-02;1.1750000e+02;-1.1133644e-01;1.1750000e+02;-1.5246943e-01;1.1750000e+02;-7.1389332e-02;1.1750000e+02;-6.5530881e-02;1.1750000e+02;-3.9794393e-02;1.1750000e+02;4.0196255e-03;1.1750000e+02;6.5364398e-02;1.1750000e+02;1.4333132e-01;1.1750000e+02;1.8976608e-01;1.1750000e+02;2.0906480e-01;1.1750000e+02;2.0075160e-01;1.1750000e+02;2.2152668e-01;1.1750000e+02;1.7866154e-01;1.1750000e+02;1.2148181e-01;1.1750000e+02;7.0537977e-02;1.1750000e+02;2.0638902e-02;1.1750000e+02;-2.3953326e-02;1.1750000e+02;-6.5517783e-02;1.1750000e+02;-1.1133644e-01;1.1750000e+02;-1.5246943e-01;1.1750000e+02;-7.1389332e-02;1.1750000e+02;-6.5530881e-02;1.1750000e+02;-3.9794393e-02;1.1750000e+02;4.0196255e-03;1.1750000e+02;6.5364398e-02;1.1750000e+02;1.4333132e-01;1.1750000e+02;1.8976608e-01;1.1750000e+02;2.0906480e-01;1.1750000e+02;2.0075160e-01;1.1750000e+02;2.2152668e-01;1.1750000e+02;1.7866154e-01;1.1750000e+02;1.2148181e-01;1.1750000e+02;7.0537977e-02;1.1750000e+02;2.0638902e-02;1.1750000e+02;-2.3953326e-02;1.1750000e+02;-6.5517783e-02;1.1750000e+02;-1.1133644e-01;1.1750000e+02;-1.5246943e-01;1.1750000e+02;-7.1389332e-02;1.1750000e+02;-6.5530881e-02;1.1750000e+02;-3.9794393e-02;1.1750000e+02;4.0196255e-03;1.1750000e+02;6.5364398e-02;1.1750000e+02;1.4333132e-01;1.1750000e+02;1.8976608e-01;1.1750000e+02;2.0906480e-01;1.1750000e+02;2.0075160e-01;1.1750000e+02;2.2152668e-01;1.1750000e+02;1.7866154e-01;1.1750000e+02;1.2148181e-01;1.1750000e+02;7.0537977e-02;1.1750000e+02;2.0638902e-02;1.1750000e+02;-2.3953326e-02;1.1750000e+02;-6.5517783e-02;1.1750000e+02;-1.1133644e-01;1.1750000e+02;-1.5246943e-01;1.1750000e+02;-7.1389332e-02;1.1750000e+02;-6.5530881e-02;1.1750000e+02;-3.9794393e-02;1.1750000e+02;4.0196255e-03;1.1750000e+02;6.5364398e-02;1.1750000e+02;1.4333132e-01;1.1750000e+02;1.8976608e-01;1.1750000e+02;2.0906480e-01;1.1750000e+02;2.0075160e-01;1.1750000e+02;2.2152668e-01;1.1750000e+02;1.7866154e-01;1.1750000e+02;1.2148181e-01;1.1750000e+02;7.0537977e-02;1.1750000e+02;2.0638902e-02;1.1750000e+02;-2.3953326e-02;1.1750000e+02;-6.5517783e-02;1.1750000e+02;-1.1133644e-01;1.1750000e+02;-1.5246943e-01;1.1750000e+02;-7.1389332e-02;1.1750000e+02;-6.5530881e-02;1.1750000e+02;-3.9794393e-02;1.1750000e+02;4.0196255e-03;1.1750000e+02;6.5364398e-02;1.1750000e+02;1.4333132e-01;1.1750000e+02;1.8976608e-01;1.1750000e+02;2.0906480e-01;1.1750000e+02;2.0075160e-01;1.1750000e+02;2.2152668e-01;1.1750000e+02;1.7866154e-01;1.1750000e+02;1.2148181e-01;1.1750000e+02;7.0537977e-02;1.1750000e+02;2.0638902e-02;1.1750000e+02;-2.3953326e-02;1.1750000e+02;-6.5517783e-02;1.1750000e+02;-1.1133644e-01;1.1750000e+02;-1.5246943e-01;1.1750000e+02;-7.1389332e-02;1.1750000e+02;-6.5530881e-02;1.1750000e+02;-3.9794393e-02;1.1750000e+02;4.0196255e-03;1.1750000e+02;6.5364398e-02;1.1750000e+02;1.4333132e-01;1.1750000e+02;1.8976608e-01;1.1750000e+02;2.0906480e-01;1.1750000e+02;2.0075160e-01;1.1750000e+02;2.2152668e-01;1.1750000e+02;1.7866154e-01;1.1750000e+02;1.2148181e-01;1.1750000e+02;7.0537977e-02;1.1750000e+02;2.0638902e-02;1.1750000e+02;-2.3953326e-02;1.1750000e+02;-6.5517783e-02;1.1750000e+02;-1.1133644e-01;1.1750000e+02;-1.5246943e-01;1.1750000e+02;-7.1389332e-02;1.1750000e+02;-6.5530881e-02;1.1750000e+02;-3.9794393e-02;1.1750000e+02;4.0196255e-03;1.1750000e+02;6.5364398e-02;1.1750000e+02;1.4333132e-01;1.1750000e+02;1.8976608e-01;1.1750000e+02;2.0906480e-01;1.1750000e+02;2.0075160e-01;1.1750000e+02;2.2152668e-01;1.1750000e+02;1.7866154e-01;1.1750000e+02;1.2148181e-01;1.1750000e+02;7.0537977e-02;1.1750000e+02;2.0638902e-02;1.1750000e+02;-2.3953326e-02;1.1750000e+02;-6.5517783e-02;1.1750000e+02;-1.1133644e-01;1.1750000e+02;-1.5246943e-01;1.1750000e+02;-7.1389332e-02;1.1750000e+02;-6.5530881e-02;1.1750000e+02;-3.9794393e-02;1.1750000e+02;4.0196255e-03;1.1750000e+02;6.5364398e-02;1.1750000e+02;1.4333132e-01;1.1750000e+02;1.8976608e-01;1.1750000e+02;2.0906480e-01;1.1750000e+02;2.0075160e-01;1.1750000e+02;2.2152668e-01;1.1750000e+02;1.7866154e-01;1.1750000e+02;1.2148181e-01;1.1750000e+02;7.0537977e-02;1.1750000e+02;2.0638902e-02;1.1750000e+02;-2.3953326e-02;1.1750000e+02;-6.5517783e-02;1.1750000e+02;-1.1133644e-01;1.1750000e+02;-1.5246943e-01;1.1750000e+02;-7.1389332e-02;1.1750000e+02;-6.5530881e-02;1.1750000e+02;-3.9794393e-02;1.1750000e+02;4.0196255e-03;1.1750000e+02;6.5364398e-02;1.1750000e+02;1.4333132e-01;1.1750000e+02;1.8976608e-01;1.1750000e+02;2.0906480e-01;1.1750000e+02;2.0075160e-01;1.1750000e+02;2.2152668e-01;1.1750000e+02;1.7866154e-01;1.1750000e+02;1.2148181e-01;1.1750000e+02;7.0537977e-02;1.1750000e+02;2.0638902e-02;1.1750000e+02;-2.3953326e-02;1.1750000e+02;-6.5517783e-02;1.1750000e+02;-1.1133644e-01;1.1750000e+02;-1.5246943e-01;1.1750000e+02;-7.1389332e-02;1.1750000e+02;-6.5530881e-02;1.1750000e+02;-3.9794393e-02;1.1750000e+02;4.0196255e-03;1.1750000e+02;6.5364398e-02;1.1750000e+02;1.4333132e-01;1.1750000e+02;1.8976608e-01;1.1750000e+02;2.0906480e-01;1.1750000e+02;2.0075160e-01;1.1750000e+02;2.2152668e-01;1.1750000e+02;1.7866154e-01;1.1750000e+02;1.2148181e-01;1.1750000e+02;7.0537977e-02;1.1750000e+02;2.0638902e-02;1.1750000e+02;-2.3953326e-02;1.1750000e+02;-6.5517783e-02;1.1750000e+02;-1.1133644e-01;1.1750000e+02;-1.5246943e-01;1.1750000e+02;-7.1389332e-02;1.1750000e+02;-6.5530881e-02;1.1750000e+02;-3.9794393e-02;1.1750000e+02;4.0196255e-03;1.1750000e+02;6.5364398e-02;1.1750000e+02;1.4333132e-01;1.1750000e+02;1.8976608e-01;1.1750000e+02;2.0906480e-01;1.1750000e+02;2.0075160e-01;1.1750000e+02;2.2152668e-01;1.1750000e+02;1.7866154e-01;1.1750000e+02;1.2148181e-01;1.1750000e+02;7.0537977e-02;1.1750000e+02;2.0638902e-02;1.1750000e+02;-2.3953326e-02;1.1750000e+02;-6.5517783e-02;1.1750000e+02;-1.1133644e-01;1.1750000e+02;-1.5246943e-01;1.1750000e+02;-7.1389332e-02;1.1750000e+02;-6.5530881e-02;1.1750000e+02;-3.9794393e-02;1.1750000e+02;4.0196255e-03;1.1750000e+02;6.5364398e-02;1.1750000e+02;1.4333132e-01;1.1750000e+02;1.8976608e-01;1.1750000e+02;2.0906480e-01;1.1750000e+02;2.0075160e-01;1.1750000e+02;2.2152668e-01;1.1750000e+02;1.7866154e-01;1.1750000e+02;1.2148181e-01;1.1750000e+02;7.0537977e-02;1.1750000e+02;2.0638902e-02;1.1750000e+02;-2.3953326e-02;1.1750000e+02;-6.5517783e-02;1.1750000e+02;-1.1133644e-01;1.1750000e+02;-1.5246943e-01;1.1750000e+02;-7.1389332e-02;1.1750000e+02;-6.5530881e-02;1.1750000e+02;-3.9794393e-02;1.1750000e+02;4.0196255e-03;1.1750000e+02;6.5364398e-02;1.1750000e+02;1.4333132e-01;1.1750000e+02;1.8976608e-01;1.1750000e+02;2.0906480e-01;1.1750000e+02;2.0075160e-01;1.1750000e+02;2.2152668e-01;1.1750000e+02;1.7866154e-01;1.1750000e+02;1.2148181e-01;1.1750000e+02;7.0537977e-02;1.1750000e+02;2.0638902e-02;1.1750000e+02;-2.3953326e-02;1.1750000e+02;-6.5517783e-02;1.1750000e+02;-1.1133644e-01;1.1750000e+02;-1.5246943e-01;1.1750000e+02;-7.1389332e-02;1.1750000e+02;-6.5530881e-02;1.1750000e+02;-3.9794393e-02;1.1750000e+02;4.0196255e-03;1.1750000e+02;6.5364398e-02;1.1750000e+02;1.4333132e-01;1.1750000e+02;1.8976608e-01;1.1750000e+02;2.0906480e-01;1.1750000e+02;2.0075160e-01;1.1750000e+02;2.2152668e-01;1.1750000e+02;1.7866154e-01;1.1750000e+02;1.2148181e-01;1.1750000e+02;7.0537977e-02;1.1750000e+02;2.0638902e-02;1.1750000e+02;-2.3953326e-02;1.1750000e+02;-6.5517783e-02;1.1750000e+02;-1.1133644e-01;1.1750000e+02;-1.5246943e-01;1.1750000e+02;-7.1389332e-02;1.1750000e+02;-6.5530881e-02;1.1750000e+02;-3.9794393e-02;1.1750000e+02;4.0196255e-03;1.1750000e+02;6.5364398e-02;1.1750000e+02;1.4333132e-01;1.1750000e+02;1.8976608e-01;1.1750000e+02;2.0906480e-01;1.1750000e+02;2.0075160e-01;1.1750000e+02;2.2152668e-01;1.1750000e+02;1.7866154e-01;1.1750000e+02;1.2148181e-01;1.1750000e+02;7.0537977e-02;1.1750000e+02;2.0638902e-02;1.1750000e+02;-2.3953326e-02;1.1750000e+02;-6.5517783e-02;1.1750000e+02;-1.1133644e-01;1.1750000e+02;-1.5246943e-01;1.1750000e+02;-7.1389332e-02;1.1750000e+02;-6.5530881e-02;1.1750000e+02;-3.9794393e-02;1.1750000e+02;4.0196255e-03;1.1750000e+02;6.5364398e-02;1.1750000e+02;1.4333132e-01;1.1750000e+02;1.8976608e-01;1.1750000e+02;2.0906480e-01;1.1750000e+02;2.0075160e-01;1.1750000e+02;2.2152668e-01;1.1750000e+02;1.7866154e-01;1.1750000e+02;1.2148181e-01;1.1750000e+02;7.0537977e-02;1.1750000e+02;2.0638902e-02;1.1750000e+02;-2.3953326e-02;1.1750000e+02;-6.5517783e-02;1.1750000e+02;-1.1133644e-01;1.1750000e+02;-1.5246943e-01;1.1750000e+02;-7.1389332e-02;1.1750000e+02;-6.5530881e-02;1.1750000e+02;-3.9794393e-02;1.1750000e+02;4.0196255e-03;1.1750000e+02;6.5364398e-02;1.1750000e+02;1.4333132e-01;1.1750000e+02;1.8976608e-01;1.1750000e+02;2.0906480e-01;1.1750000e+02;2.0075160e-01;1.1750000e+02;2.2152668e-01;1.1750000e+02;1.7866154e-01;1.1750000e+02;1.2148181e-01;1.1750000e+02;7.0537977e-02;1.1750000e+02;2.0638902e-02;1.1750000e+02;-2.3953326e-02;1.1750000e+02;-6.5517783e-02;1.1750000e+02;-1.1133644e-01;1.1750000e+02;-1.5246943e-01;1.1750000e+02;-7.1389332e-02;1.1750000e+02;-6.5530881e-02;1.1750000e+02;-3.9794393e-02;1.1750000e+02;4.0196255e-03;1.1750000e+02;6.5364398e-02;1.1750000e+02;1.4333132e-01;1.1750000e+02;1.8976608e-01;1.1750000e+02;2.0906480e-01;1.1750000e+02;2.0075160e-01;1.1750000e+02;2.2152668e-01;1.1750000e+02;1.7866154e-01;1.1750000e+02;1.2148181e-01;1.1750000e+02;7.0537977e-02;1.1750000e+02;2.0638902e-02;1.1750000e+02;-2.3953326e-02;1.1750000e+02;-6.5517783e-02;1.1750000e+02;-1.1133644e-01;1.1750000e+02;-1.5246943e-01;1.1750000e+02;-7.1389332e-02;1.1750000e+02;-6.5530881e-02;1.1750000e+02;-3.9794393e-02;1.1750000e+02;4.0196255e-03;1.1750000e+02;6.5364398e-02;1.1750000e+02;1.4333132e-01;1.1750000e+02;1.8976608e-01;1.1750000e+02;2.0906480e-01;1.1750000e+02;2.0075160e-01;1.1750000e+02;2.2152668e-01;1.1750000e+02;1.7866154e-01;1.1750000e+02;1.2148181e-01;1.1750000e+02;7.0537977e-02;1.1750000e+02;2.0638902e-02;1.1750000e+02;-2.3953326e-02;1.1750000e+02;-6.5517783e-02;1.1750000e+02;-1.1133644e-01;1.1750000e+02;-1.5246943e-01;1.1750000e+02;-7.1389332e-02;1.1750000e+02;-6.5530881e-02;1.1750000e+02;-3.9794393e-02;1.1750000e+02;4.0196255e-03;1.1750000e+02;6.5364398e-02;1.1750000e+02;1.4333132e-01;1.1750000e+02;1.8976608e-01;1.1750000e+02;2.0906480e-01;1.1750000e+02;2.0075160e-01;1.1750000e+02;2.2152668e-01;1.1750000e+02;1.7866154e-01;1.1750000e+02;1.2148181e-01;1.1750000e+02;7.0537977e-02;1.1750000e+02;2.0638902e-02;1.1750000e+02;-2.3953326e-02;1.1750000e+02;-6.5517783e-02;1.1750000e+02;-1.1133644e-01;1.1750000e+02;-1.5246943e-01;1.1750000e+02;-7.1389332e-02;1.1750000e+02;-6.5530881e-02;1.1750000e+02;-3.9794393e-02;1.1750000e+02;4.0196255e-03;1.1750000e+02;6.5364398e-02;1.1750000e+02;1.4333132e-01;1.1750000e+02;1.8976608e-01;1.1750000e+02;2.0906480e-01;1.1750000e+02;2.0075160e-01;1.1750000e+02;2.2152668e-01;1.1750000e+02;1.7866154e-01;1.1750000e+02;1.2148181e-01;1.1750000e+02;7.0537977e-02;1.1750000e+02;2.0638902e-02;1.1750000e+02;-2.3953326e-02;1.1750000e+02;-6.5517783e-02;1.1750000e+02;-1.1133644e-01;1.1750000e+02;-1.5246943e-01;1.1750000e+02;-7.1389332e-02;1.1750000e+02;-6.5530881e-02;1.1750000e+02;-3.9794393e-02;1.1750000e+02;4.0196255e-03;1.1750000e+02;6.5364398e-02;1.1750000e+02;1.4333132e-01;1.1750000e+02;1.8976608e-01;1.1750000e+02;2.0906480e-01;1.1750000e+02;2.0075160e-01;1.1750000e+02;2.2152668e-01;1.1750000e+02;1.7866154e-01;1.1750000e+02;1.2148181e-01;1.1750000e+02;7.0537977e-02;1.1750000e+02;2.0638902e-02;1.1750000e+02;-2.3953326e-02;1.1750000e+02;-6.5517783e-02;1.1750000e+02;-1.1133644e-01;1.1750000e+02;-1.5246943e-01;1.1750000e+02;-7.1389332e-02;1.1750000e+02;-6.5530881e-02;1.1750000e+02;-3.9794393e-02;1.1750000e+02;4.0196255e-03;1.1750000e+02;6.5364398e-02;1.1750000e+02;1.4333132e-01;1.1750000e+02;1.8976608e-01;1.1750000e+02;2.0906480e-01;1.1750000e+02;2.0075160e-01;1.1750000e+02;2.2152668e-01;1.1750000e+02;1.7866154e-01;1.1750000e+02;1.2148181e-01;1.1750000e+02;7.0537977e-02;1.1750000e+02;2.0638902e-02;1.1750000e+02;-2.3953326e-02;1.1750000e+02;-6.5517783e-02;1.1750000e+02;-1.1133644e-01;1.1750000e+02;-1.5246943e-01;1.1750000e+02;-7.1389332e-02;1.1750000e+02;-6.5530881e-02;1.1750000e+02;-3.9794393e-02;1.1750000e+02;4.0196255e-03;1.1750000e+02;6.5364398e-02;1.1750000e+02;1.4333132e-01;1.1750000e+02;1.8976608e-01;1.1750000e+02;2.0906480e-01;1.1750000e+02;2.0075160e-01;1.1750000e+02;2.2152668e-01;1.1750000e+02;1.7866154e-01;1.1750000e+02;1.2148181e-01;1.1750000e+02;7.0537977e-02;1.1750000e+02;2.0638902e-02;1.1750000e+02;-2.3953326e-02;1.1750000e+02;-6.5517783e-02;1.1750000e+02;-1.1133644e-01;1.1750000e+02;-1.5246943e-01;1.1750000e+02;-7.1389332e-02;1.1750000e+02;-6.5530881e-02;1.1750000e+02;-3.9794393e-02;1.1750000e+02;4.0196255e-03;1.1750000e+02;6.5364398e-02;1.1750000e+02;1.4333132e-01;1.1750000e+02;1.8976608e-01;1.1750000e+02;2.0906480e-01;1.1750000e+02;2.0075160e-01;1.1750000e+02;2.2152668e-01;1.1750000e+02;1.7866154e-01;1.1750000e+02;1.2148181e-01;1.1750000e+02;7.0537977e-02;1.1750000e+02;2.0638902e-02;1.1750000e+02;-2.3953326e-02;1.1750000e+02;-6.5517783e-02;1.1750000e+02;-1.1133644e-01;1.1750000e+02;-1.5246943e-01;1.1750000e+02;-7.1389332e-02;1.1750000e+02;-6.5530881e-02;1.1750000e+02;-3.9794393e-02;1.1750000e+02;4.0196255e-03;1.1750000e+02;6.5364398e-02;1.1750000e+02;1.4333132e-01;1.1750000e+02;1.8976608e-01;1.1750000e+02;2.0906480e-01;1.1750000e+02;2.0075160e-01;1.1750000e+02;2.2152668e-01;1.1750000e+02;1.7866154e-01;1.1750000e+02;1.2148181e-01;1.1750000e+02;7.0537977e-02;1.1750000e+02;2.0638902e-02;1.1750000e+02;-2.3953326e-02;1.1750000e+02;-6.5517783e-02;1.1750000e+02;-1.1133644e-01;1.1750000e+02;-1.5246943e-01;1.1750000e+02;-7.1389332e-02;1.1750000e+02;-6.5530881e-02;1.1750000e+02;-3.9794393e-02;1.1750000e+02;4.0196255e-03;1.1750000e+02;6.5364398e-02;1.1750000e+02;1.4333132e-01;1.1750000e+02;1.8976608e-01;1.1750000e+02;2.0906480e-01;1.1750000e+02;2.0075160e-01;1.1750000e+02;2.2152668e-01;1.1750000e+02;1.7866154e-01;1.1750000e+02;1.2148181e-01;1.1750000e+02;7.0537977e-02;1.1750000e+02;2.0638902e-02;1.1750000e+02;-2.3953326e-02;1.1750000e+02;-6.5517783e-02;1.1750000e+02;-1.1133644e-01;1.1750000e+02;-1.5246943e-01;1.1750000e+02;-7.1389332e-02;1.1750000e+02;-6.5530881e-02;1.1750000e+02;-3.9794393e-02;1.1750000e+02;4.0196255e-03;1.1750000e+02;6.5364398e-02;1.1750000e+02;1.4333132e-01;1.1750000e+02;1.8976608e-01;1.1750000e+02;2.0906480e-01;1.1750000e+02;2.0075160e-01;1.1750000e+02;2.2152668e-01;1.1750000e+02;1.7866154e-01;1.1750000e+02;1.2148181e-01;1.1750000e+02;7.0537977e-02;1.1750000e+02;2.0638902e-02;1.1750000e+02;-2.3953326e-02;1.1750000e+02;-6.5517783e-02;1.1750000e+02;-1.1133644e-01;1.1750000e+02;-1.5246943e-01;1.1750000e+02;-7.1389332e-02;1.1750000e+02;-6.5530881e-02;1.1750000e+02;-3.9794393e-02;1.1750000e+02;4.0196255e-03;1.1750000e+02;6.5364398e-02;1.1750000e+02;1.4333132e-01;1.1750000e+02;1.8976608e-01;1.1750000e+02;2.0906480e-01;1.1750000e+02;2.0075160e-01;1.1750000e+02;2.2152668e-01;1.1750000e+02;1.7866154e-01;1.1750000e+02;1.2148181e-01;1.1750000e+02;7.0537977e-02;1.1750000e+02;2.0638902e-02;1.1750000e+02;-2.3953326e-02;1.1750000e+02;-6.5517783e-02;1.1750000e+02;-1.1133644e-01;1.1750000e+02;-1.5246943e-01;1.1750000e+02;-7.1389332e-02;1.1750000e+02;-6.5530881e-02;1.1750000e+02;-3.9794393e-02;1.1750000e+02;4.0196255e-03;1.1750000e+02;6.5364398e-02;1.1750000e+02;1.4333132e-01;1.1750000e+02;1.8976608e-01;1.1750000e+02;2.0906480e-01;1.1750000e+02;2.0075160e-01;1.1750000e+02;2.2152668e-01;1.1750000e+02;1.7866154e-01;1.1750000e+02;1.2148181e-01;1.1750000e+02;7.0537977e-02;1.1750000e+02;2.0638902e-02;1.1750000e+02;-2.3953326e-02;1.1750000e+02;-6.5517783e-02;1.1750000e+02;-1.1133644e-01;1.1750000e+02;-1.5246943e-01;1.1750000e+02;-7.1389332e-02;1.1750000e+02;-6.5530881e-02;1.1750000e+02;-3.9794393e-02;1.1750000e+02;4.0196255e-03;1.1750000e+02;6.5364398e-02;1.1750000e+02;1.4333132e-01;1.1750000e+02;1.8976608e-01;1.1750000e+02;2.0906480e-01;1.1750000e+02;2.0075160e-01;1.1750000e+02;2.2152668e-01;1.1750000e+02;1.7866154e-01;1.1750000e+02;1.2148181e-01;1.1750000e+02;7.0537977e-02;1.1750000e+02;2.0638902e-02;1.1750000e+02;-2.3953326e-02;1.1750000e+02;-6.5517783e-02;1.1750000e+02;-1.1133644e-01;1.1750000e+02;-1.5246943e-01;1.1750000e+02;-7.1389332e-02;1.1750000e+02;-6.5530881e-02;1.1750000e+02;-3.9794393e-02;1.1750000e+02;4.0196255e-03;1.1750000e+02;6.5364398e-02;1.1750000e+02;1.4333132e-01;1.1750000e+02;1.8976608e-01;1.1750000e+02;2.0906480e-01;1.1750000e+02;2.0075160e-01;1.1750000e+02;2.2152668e-01;1.1750000e+02;1.7866154e-01;1.1750000e+02;1.2148181e-01;1.1750000e+02;7.0537977e-02;1.1750000e+02;2.0638902e-02;1.1750000e+02;-2.3953326e-02;1.1750000e+02;-6.5517783e-02;1.1750000e+02;-1.1133644e-01;1.1750000e+02;-1.5246943e-01;1.1750000e+02;-7.1389332e-02;1.1750000e+02;-6.5530881e-02;1.1750000e+02;-3.9794393e-02;1.1750000e+02;4.0196255e-03;1.1750000e+02;6.5364398e-02;1.1750000e+02;1.4333132e-01;1.1750000e+02;1.8976608e-01;1.1750000e+02;2.0906480e-01;1.1750000e+02;2.0075160e-01;1.1750000e+02;2.2152668e-01;1.1750000e+02;1.7866154e-01;1.1750000e+02;1.2148181e-01;1.1750000e+02;7.0537977e-02;1.1750000e+02;2.0638902e-02;1.1750000e+02;-2.3953326e-02;1.1750000e+02;-6.5517783e-02;1.1750000e+02;-1.1133644e-01;1.1750000e+02;-1.5246943e-01;1.1750000e+02;-7.1389332e-02;1.1750000e+02;-6.5530881e-02;1.1750000e+02;-3.9794393e-02;1.1750000e+02;4.0196255e-03;1.1750000e+02;6.5364398e-02;1.1750000e+02;1.4333132e-01;1.1750000e+02;1.8976608e-01;1.1750000e+02;2.0906480e-01;1.1750000e+02;2.0075160e-01;1.1750000e+02;2.2152668e-01;1.1750000e+02;1.7866154e-01;1.1750000e+02;1.2148181e-01;1.1750000e+02;7.0537977e-02;1.1750000e+02;2.0638902e-02;1.1750000e+02;-2.3953326e-02;1.1750000e+02;-6.5517783e-02;1.1750000e+02;-1.1133644e-01;1.1750000e+02;-1.5246943e-01;1.1750000e+02;-7.1389332e-02;1.1750000e+02;-6.5530881e-02;1.1750000e+02;-3.9794393e-02;1.1750000e+02;4.0196255e-03;1.1750000e+02;6.5364398e-02;1.1750000e+02;1.4333132e-01;1.1750000e+02;1.8976608e-01;1.1750000e+02;2.0906480e-01;1.1750000e+02;2.0075160e-01;1.1750000e+02;2.2152668e-01;1.1750000e+02;1.7866154e-01;1.1750000e+02;1.2148181e-01;1.1750000e+02;7.0537977e-02;1.1750000e+02;2.0638902e-02;1.1750000e+02;-2.3953326e-02;1.1750000e+02;-6.5517783e-02;1.1750000e+02;-1.1133644e-01;1.1750000e+02;-1.5246943e-01;1.1750000e+02;-7.1389332e-02;1.1750000e+02;-6.5530881e-02;1.1750000e+02;-3.9794393e-02;1.1750000e+02;4.0196255e-03;1.1750000e+02;6.5364398e-02;1.1750000e+02;1.4333132e-01;1.1750000e+02;1.8976608e-01;1.1750000e+02;2.0906480e-01;1.1750000e+02;2.0075160e-01;1.1750000e+02;2.2152668e-01;1.1750000e+02;1.7866154e-01;1.1750000e+02;1.2148181e-01;1.1750000e+02;7.0537977e-02;1.1750000e+02;2.0638902e-02;1.1750000e+02;-2.3953326e-02;1.1750000e+02;-6.5517783e-02;1.1750000e+02;-1.1133644e-01;1.1750000e+02;-1.5246943e-01;1.1750000e+02;-7.1389332e-02;1.1750000e+02;-6.5530881e-02;1.1750000e+02;-3.9794393e-02;1.1750000e+02;4.0196255e-03;1.1750000e+02;6.5364398e-02;1.1750000e+02;1.4333132e-01;1.1750000e+02;1.8976608e-01;1.1750000e+02;2.0906480e-01;1.1750000e+02;2.0075160e-01;1.1750000e+02;2.2152668e-01;1.1750000e+02;1.7866154e-01;1.1750000e+02;1.2148181e-01;1.1750000e+02;7.0537977e-02;1.1750000e+02;2.0638902e-02;1.1750000e+02;-2.3953326e-02;1.1750000e+02;-6.5517783e-02;1.1750000e+02;-1.1133644e-01;1.1750000e+02;-1.5246943e-01;1.1750000e+02;-7.1389332e-02;1.1750000e+02;-6.5530881e-02;1.1750000e+02;-3.9794393e-02;1.1750000e+02;4.0196255e-03;1.1750000e+02;6.5364398e-02;1.1750000e+02;1.4333132e-01;1.1750000e+02;1.8976608e-01;1.1750000e+02;2.0906480e-01;1.1750000e+02;2.0075160e-01;1.1750000e+02;2.2152668e-01;1.1750000e+02;1.7866154e-01;1.1750000e+02;1.2148181e-01;1.1750000e+02;7.0537977e-02;1.1750000e+02;2.0638902e-02;1.1750000e+02;-2.3953326e-02;1.1750000e+02;-6.5517783e-02;1.1750000e+02;-1.1133644e-01;1.1750000e+02;-1.5246943e-01;1.1750000e+02;-7.1389332e-02;1.1750000e+02;-6.5530881e-02;1.1750000e+02;-3.9794393e-02;1.1750000e+02;4.0196255e-03;1.1750000e+02;6.5364398e-02;1.1750000e+02;1.4333132e-01;1.1750000e+02;1.8976608e-01;1.1750000e+02;2.0906480e-01;1.1750000e+02;2.0075160e-01;1.1750000e+02;2.2152668e-01;1.1750000e+02;1.7866154e-01;1.1750000e+02;1.2148181e-01;1.1750000e+02;7.0537977e-02;1.1750000e+02;2.0638902e-02;1.1750000e+02;-2.3953326e-02;1.1750000e+02;-6.5517783e-02;1.1750000e+02;-1.1133644e-01;1.1750000e+02;-1.5246943e-01;1.1750000e+02;-7.1389332e-02;1.1750000e+02;-6.5530881e-02;1.1750000e+02;-3.9794393e-02;1.1750000e+02;4.0196255e-03;1.1750000e+02;6.5364398e-02;1.1750000e+02;1.4333132e-01;1.1750000e+02;1.8976608e-01;1.1750000e+02;2.0906480e-01;1.1750000e+02;2.0075160e-01;1.1750000e+02;2.2152668e-01;1.1750000e+02;1.7866154e-01;1.1750000e+02;1.2148181e-01;1.1750000e+02;7.0537977e-02;1.1750000e+02;2.0638902e-02;1.1750000e+02;-2.3953326e-02;1.1750000e+02;-6.5517783e-02;1.1750000e+02;-1.1133644e-01;1.1750000e+02;-1.5246943e-01;1.1750000e+02;-7.1389332e-02;1.1750000e+02;-6.5530881e-02;1.1750000e+02;-3.9794393e-02;1.1750000e+02;4.0196255e-03;1.1750000e+02;6.5364398e-02;1.1750000e+02;1.4333132e-01;1.1750000e+02;1.8976608e-01;1.1750000e+02;2.0906480e-01;1.1750000e+02;2.0075160e-01;1.1750000e+02;2.2152668e-01;1.1750000e+02;1.7866154e-01;1.1750000e+02;1.2148181e-01;1.1750000e+02;7.0537977e-02;1.1750000e+02;2.0638902e-02;1.1750000e+02;-2.3953326e-02;1.1750000e+02;-6.5517783e-02;1.1750000e+02;-1.1133644e-01;1.1750000e+02;-1.5246943e-01;1.1750000e+02;-7.1389332e-02;1.1750000e+02;-6.5530881e-02;1.1750000e+02;-3.9794393e-02;1.1750000e+02;4.0196255e-03;1.1750000e+02;6.5364398e-02;1.1750000e+02;1.4333132e-01;1.1750000e+02;1.8976608e-01;1.1750000e+02;2.0906480e-01;1.1750000e+02;2.0075160e-01;1.1750000e+02;2.2152668e-01;1.1750000e+02;1.7866154e-01;1.1750000e+02;1.2148181e-01;1.1750000e+02;7.0537977e-02;1.1750000e+02;2.0638902e-02;1.1750000e+02;-2.3953326e-02;1.1750000e+02;-6.5517783e-02;1.1750000e+02;-1.1133644e-01;1.1750000e+02;-1.5246943e-01;1.1750000e+02;-7.1389332e-02;1.1750000e+02;-6.5530881e-02;1.1750000e+02;-3.9794393e-02;1.1750000e+02;4.0196255e-03;1.1750000e+02;6.5364398e-02;1.1750000e+02;1.4333132e-01;1.1750000e+02;1.8976608e-01;1.1750000e+02;2.0906480e-01;1.1750000e+02;2.0075160e-01;1.1750000e+02;2.2152668e-01;1.1750000e+02;1.7866154e-01;1.1750000e+02;1.2148181e-01;1.1750000e+02;7.0537977e-02;1.1750000e+02;2.0638902e-02;1.1750000e+02;-2.3953326e-02;1.1750000e+02;-6.5517783e-02;1.1750000e+02;-1.1133644e-01;1.1750000e+02;-1.5246943e-01;1.1750000e+02;-7.1389332e-02;1.1750000e+02;-6.5530881e-02;1.1750000e+02;-3.9794393e-02;1.1750000e+02;4.0196255e-03;1.1750000e+02;6.5364398e-02;1.1750000e+02;1.4333132e-01;1.1750000e+02;1.8976608e-01;1.1750000e+02;2.0906480e-01;1.1750000e+02;2.0075160e-01;1.1750000e+02;2.2152668e-01;1.1750000e+02;1.7866154e-01;1.1750000e+02;1.2148181e-01;1.1750000e+02;7.0537977e-02;1.1750000e+02;2.0638902e-02;1.1750000e+02;-2.3953326e-02;1.1750000e+02;-6.5517783e-02;1.1750000e+02;-1.1133644e-01;1.1750000e+02;-1.5246943e-01;1.1750000e+02;-7.1389332e-02;1.1750000e+02;-6.5530881e-02;1.1750000e+02;-3.9794393e-02;1.1750000e+02;4.0196255e-03;1.1750000e+02;6.5364398e-02;1.1750000e+02;1.4333132e-01;1.1750000e+02;1.8976608e-01;1.1750000e+02;2.0906480e-01;1.1750000e+02;2.0075160e-01;1.1750000e+02;2.2152668e-01;1.1750000e+02;1.7866154e-01;1.1750000e+02;1.2148181e-01;1.1750000e+02;7.0537977e-02;1.1750000e+02;2.0638902e-02;1.1750000e+02;-2.3953326e-02;1.1750000e+02;-6.5517783e-02;1.1750000e+02;-1.1133644e-01;1.1750000e+02;-1.5246943e-01;1.1750000e+02;-7.1389332e-02;1.1750000e+02;-6.5530881e-02;1.1750000e+02;-3.9794393e-02;1.1750000e+02;4.0196255e-03;1.1750000e+02;6.5364398e-02;1.1750000e+02;1.4333132e-01;1.1750000e+02;1.8976608e-01;1.1750000e+02;2.0906480e-01;1.1750000e+02;2.0075160e-01;1.1750000e+02;2.2152668e-01;1.1750000e+02;1.7866154e-01;1.1750000e+02;1.2148181e-01;1.1750000e+02;7.0537977e-02;1.1750000e+02;2.0638902e-02;1.1750000e+02;-2.3953326e-02;1.1750000e+02;-6.5517783e-02;1.1750000e+02;-1.1133644e-01;1.1750000e+02;-1.5246943e-01;1.1750000e+02;-7.1389332e-02;1.1750000e+02;-6.5530881e-02;1.1750000e+02;-3.9794393e-02;1.1750000e+02;4.0196255e-03;1.1750000e+02;6.5364398e-02;1.1750000e+02;1.4333132e-01;1.1750000e+02;1.8976608e-01;1.1750000e+02;2.0906480e-01;1.1750000e+02;2.0075160e-01;1.1750000e+02;2.2152668e-01;1.1750000e+02;1.7866154e-01;1.1750000e+02;1.2148181e-01;1.1750000e+02;7.0537977e-02;1.1750000e+02;2.0638902e-02;1.1750000e+02;-2.3953326e-02;1.1750000e+02;-6.5517783e-02;1.1750000e+02;-1.1133644e-01;1.1750000e+02;-1.5246943e-01;1.1750000e+02;-7.1389332e-02;1.1750000e+02;-6.5530881e-02;1.1750000e+02;-3.9794393e-02;1.1750000e+02;4.0196255e-03;1.1750000e+02;6.5364398e-02;1.1750000e+02;1.4333132e-01;1.1750000e+02;1.8976608e-01;1.1750000e+02;2.0906480e-01;1.1750000e+02;2.0075160e-01;1.1750000e+02;2.2152668e-01;1.1750000e+02;1.7866154e-01;1.1750000e+02;1.2148181e-01;1.1750000e+02;7.0537977e-02;1.1750000e+02;2.0638902e-02;1.1750000e+02;-2.3953326e-02;1.1750000e+02;-6.5517783e-02;1.1750000e+02;-1.1133644e-01;1.1750000e+02;-1.5246943e-01;1.1750000e+02;-7.1389332e-02;1.1750000e+02;-6.5530881e-02;1.1750000e+02;-3.9794393e-02;1.1750000e+02;4.0196255e-03;1.1750000e+02;6.5364398e-02;1.1750000e+02;1.4333132e-01;1.1750000e+02;1.8976608e-01;1.1750000e+02;2.0906480e-01;1.1750000e+02;2.0075160e-01;1.1750000e+02;2.2152668e-01;1.1750000e+02;1.7866154e-01;1.1750000e+02;1.2148181e-01;1.1750000e+02;7.0537977e-02;1.1750000e+02;2.0638902e-02;1.1750000e+02;-2.3953326e-02;1.1750000e+02;-6.5517783e-02;1.1750000e+02;-1.1133644e-01;1.1750000e+02;-1.5246943e-01;1.1750000e+02;-7.1389332e-02;1.1750000e+02;-6.5530881e-02;1.1750000e+02;-3.9794393e-02;1.1750000e+02;4.0196255e-03;1.1750000e+02;6.5364398e-02;1.1750000e+02;1.4333132e-01;1.1750000e+02;1.8976608e-01;1.1750000e+02;2.0906480e-01;1.1750000e+02;2.0075160e-01;1.1750000e+02;2.2152668e-01;1.1750000e+02;1.7866154e-01;1.1750000e+02;1.2148181e-01;1.1750000e+02;7.0537977e-02;1.1750000e+02;2.0638902e-02;1.1750000e+02;-2.3953326e-02;1.1750000e+02;-6.5517783e-02;1.1750000e+02;-1.1133644e-01;1.1750000e+02;-1.5246943e-01;1.1750000e+02;-7.1389332e-02;1.1750000e+02;-6.5530881e-02;1.1750000e+02;-3.9794393e-02;1.1750000e+02;4.0196255e-03;1.1750000e+02;6.5364398e-02;1.1750000e+02;1.4333132e-01;1.1750000e+02;1.8976608e-01;1.1750000e+02;2.0906480e-01;1.1750000e+02;2.0075160e-01;1.1750000e+02;2.2152668e-01;1.1750000e+02;1.7866154e-01;1.1750000e+02;1.2148181e-01;1.1750000e+02;7.0537977e-02;1.1750000e+02;2.0638902e-02;1.1750000e+02;-2.3953326e-02;1.1750000e+02;-6.5517783e-02;1.1750000e+02;-1.1133644e-01;1.1750000e+02;-1.5246943e-01;1.1750000e+02;-7.1389332e-02;1.1750000e+02;-6.5530881e-02;1.1750000e+02;-3.9794393e-02;1.1750000e+02;4.0196255e-03;1.1750000e+02;6.5364398e-02;1.1750000e+02;1.4333132e-01;1.1750000e+02;1.8976608e-01;1.1750000e+02;2.0906480e-01;1.1750000e+02;2.0075160e-01;1.1750000e+02;2.2152668e-01;1.1750000e+02;1.7866154e-01;1.1750000e+02;1.2148181e-01;1.1750000e+02;7.0537977e-02;1.1750000e+02;2.0638902e-02;1.1750000e+02;-2.3953326e-02;1.1750000e+02;-6.5517783e-02;1.1750000e+02;-1.1133644e-01;1.1750000e+02;-1.5246943e-01;1.1750000e+02;-7.1389332e-02;1.1750000e+02;-6.5530881e-02;1.1750000e+02;-3.9794393e-02;1.1750000e+02;4.0196255e-03;1.1750000e+02;6.5364398e-02;1.1750000e+02;1.4333132e-01;1.1750000e+02;1.8976608e-01;1.1750000e+02;2.0906480e-01;1.1750000e+02;2.0075160e-01;1.1750000e+02;2.2152668e-01;1.1750000e+02;1.7866154e-01;1.1750000e+02;1.2148181e-01;1.1750000e+02;7.0537977e-02;1.1750000e+02;2.0638902e-02;1.1750000e+02;-2.3953326e-02;1.1750000e+02;-6.5517783e-02;1.1750000e+02;-1.1133644e-01;1.1750000e+02;-1.5246943e-01;1.1750000e+02;-7.1389332e-02;1.1750000e+02;-6.5530881e-02;1.1750000e+02;-3.9794393e-02;1.1750000e+02;4.0196255e-03;1.1750000e+02;6.5364398e-02;1.1750000e+02;1.4333132e-01;1.1750000e+02;1.8976608e-01;1.1750000e+02;2.0906480e-01;1.1750000e+02;2.0075160e-01;1.1750000e+02;2.2152668e-01;1.1750000e+02;1.7866154e-01;1.1750000e+02;1.2148181e-01;1.1750000e+02;7.0537977e-02;1.1750000e+02;2.0638902e-02;1.1750000e+02;-2.3953326e-02;1.1750000e+02;-6.5517783e-02;1.1750000e+02;-1.1133644e-01;1.1750000e+02;-1.5246943e-01;1.1750000e+02;-7.1389332e-02;1.1750000e+02;-6.5530881e-02;1.1750000e+02;-3.9794393e-02;1.1750000e+02;4.0196255e-03;1.1750000e+02;6.5364398e-02;1.1750000e+02;1.4333132e-01;1.1750000e+02;1.8976608e-01;1.1750000e+02;2.0906480e-01;1.1750000e+02;2.0075160e-01;1.1750000e+02;2.2152668e-01;1.1750000e+02;1.7866154e-01;1.1750000e+02;1.2148181e-01;1.1750000e+02;7.0537977e-02;1.1750000e+02;2.0638902e-02;1.1750000e+02;-2.3953326e-02;1.1750000e+02;-6.5517783e-02;1.1750000e+02;-1.1133644e-01;1.1750000e+02;-1.5246943e-01;1.1750000e+02;-7.1389332e-02;1.1750000e+02;-6.5530881e-02;1.1750000e+02;-3.9794393e-02;1.1750000e+02;4.0196255e-03;1.1750000e+02;6.5364398e-02;1.1750000e+02;1.4333132e-01;1.1750000e+02;1.8976608e-01;1.1750000e+02;2.0906480e-01;1.1750000e+02;2.0075160e-01;1.1750000e+02;2.2152668e-01;1.1750000e+02;1.7866154e-01;1.1750000e+02;1.2148181e-01;1.1750000e+02;7.0537977e-02;1.1750000e+02;2.0638902e-02;1.1750000e+02;-2.3953326e-02;1.1750000e+02;-6.5517783e-02;1.1750000e+02;-1.1133644e-01;1.1750000e+02;-1.5246943e-01;1.1750000e+02;-7.1389332e-02;1.1750000e+02;-6.5530881e-02;1.1750000e+02;-3.9794393e-02;1.1750000e+02;4.0196255e-03;1.1750000e+02;6.5364398e-02;1.1750000e+02;1.4333132e-01;1.1750000e+02;1.8976608e-01;1.1750000e+02;2.0906480e-01;1.1750000e+02;2.0075160e-01;1.1750000e+02;2.2152668e-01;1.1750000e+02;1.7866154e-01;1.1750000e+02;1.2148181e-01;1.1750000e+02;7.0537977e-02;1.1750000e+02;2.0638902e-02;1.1750000e+02;-2.3953326e-02;1.1750000e+02;-6.5517783e-02;1.1750000e+02;-1.1133644e-01;1.1750000e+02;-1.5246943e-01;1.1750000e+02;-7.1389332e-02;1.1750000e+02;-6.5530881e-02;1.1750000e+02;-3.9794393e-02;1.1750000e+02;4.0196255e-03;1.1750000e+02;6.5364398e-02;1.1750000e+02;1.4333132e-01;1.1750000e+02;1.8976608e-01;1.1750000e+02;2.0906480e-01;1.1750000e+02;2.0075160e-01;1.1750000e+02;2.2152668e-01;1.1750000e+02;1.7866154e-01;1.1750000e+02;1.2148181e-01;1.1750000e+02;7.0537977e-02;1.1750000e+02;2.0638902e-02;1.1750000e+02;-2.3953326e-02;1.1750000e+02;-6.5517783e-02;1.1750000e+02;-1.1133644e-01;1.1750000e+02;-1.5246943e-01;1.1750000e+02;-7.1389332e-02;1.1750000e+02;-6.5530881e-02;1.1750000e+02;-3.9794393e-02;1.1750000e+02;4.0196255e-03;1.1750000e+02;6.5364398e-02;1.1750000e+02;1.4333132e-01;1.1750000e+02;1.8976608e-01;1.1750000e+02;2.0906480e-01;1.1750000e+02;2.0075160e-01;1.1750000e+02;2.2152668e-01;1.1750000e+02;1.7866154e-01;1.1750000e+02;1.2148181e-01;1.1750000e+02;7.0537977e-02;1.1750000e+02;2.0638902e-02;1.1750000e+02;-2.3953326e-02;1.1750000e+02;-6.5517783e-02;1.1750000e+02;-1.1133644e-01;1.1750000e+02;-1.5246943e-01;1.1750000e+02;-7.1389332e-02;1.1750000e+02;-6.5530881e-02;1.1750000e+02;-3.9794393e-02;1.1750000e+02;4.0196255e-03;1.1750000e+02;6.5364398e-02;1.1750000e+02;1.4333132e-01;1.1750000e+02;1.8976608e-01;1.1750000e+02;2.0906480e-01;1.1750000e+02;2.0075160e-01;1.1750000e+02;2.2152668e-01;1.1750000e+02;1.7866154e-01;1.1750000e+02;1.2148181e-01;1.1750000e+02;7.0537977e-02;1.1750000e+02;2.0638902e-02;1.1750000e+02;-2.3953326e-02;1.1750000e+02;-6.5517783e-02;1.1750000e+02;-1.1133644e-01;1.1750000e+02;-1.5246943e-01;1.1750000e+02;-7.1389332e-02;1.1750000e+02;-6.5530881e-02;1.1750000e+02;-3.9794393e-02;1.1750000e+02;4.0196255e-03;1.1750000e+02;6.5364398e-02;1.1750000e+02;1.4333132e-01;1.1750000e+02;1.8976608e-01;1.1750000e+02;2.0906480e-01;1.1750000e+02;2.0075160e-01;1.1750000e+02;2.2152668e-01;1.1750000e+02;1.7866154e-01;1.1750000e+02;1.2148181e-01;1.1750000e+02;7.0537977e-02;1.1750000e+02;2.0638902e-02;1.1750000e+02;-2.3953326e-02;1.1750000e+02;-6.5517783e-02;1.1750000e+02;-1.1133644e-01;1.1750000e+02;-1.5246943e-01;1.1750000e+02;-7.1389332e-02;1.1750000e+02;-6.5530881e-02;1.1750000e+02;-3.9794393e-02;1.1750000e+02;4.0196255e-03;1.1750000e+02;6.5364398e-02;1.1750000e+02;1.4333132e-01;1.1750000e+02;1.8976608e-01;1.1750000e+02;2.0906480e-01;1.1750000e+02;2.0075160e-01;1.1750000e+02;2.2152668e-01;1.1750000e+02;1.7866154e-01;1.1750000e+02;1.2148181e-01;1.1750000e+02;7.0537977e-02;1.1750000e+02;2.0638902e-02;1.1750000e+02;-2.3953326e-02;1.1750000e+02;-6.5517783e-02;1.1750000e+02;-1.1133644e-01;1.1750000e+02;-1.5246943e-01;1.1750000e+02;-7.1389332e-02;1.1750000e+02;-6.5530881e-02;1.1750000e+02;-3.9794393e-02;1.1750000e+02;4.0196255e-03;1.1750000e+02;6.5364398e-02;1.1750000e+02;1.4333132e-01;1.1750000e+02;1.8976608e-01;1.1750000e+02;2.0906480e-01;1.1750000e+02;2.0075160e-01;1.1750000e+02;2.2152668e-01;1.1750000e+02;1.7866154e-01;1.1750000e+02;1.2148181e-01;1.1750000e+02;7.0537977e-02;1.1750000e+02;2.0638902e-02;1.1750000e+02;-2.3953326e-02;1.1750000e+02;-6.5517783e-02;1.1750000e+02;-1.1133644e-01;1.1750000e+02;-1.5246943e-01;1.1750000e+02;-7.1389332e-02;1.1750000e+02;-6.5530881e-02;1.1750000e+02;-3.9794393e-02;1.1750000e+02;4.0196255e-03;1.1750000e+02;6.5364398e-02;1.1750000e+02;1.4333132e-01;1.1750000e+02;1.8976608e-01;1.1750000e+02;2.0906480e-01;1.1750000e+02;2.0075160e-01;1.1750000e+02;2.2152668e-01;1.1750000e+02;1.7866154e-01;1.1750000e+02;1.2148181e-01;1.1750000e+02;7.0537977e-02;1.1750000e+02;2.0638902e-02;1.1750000e+02;-2.3953326e-02;1.1750000e+02;-6.5517783e-02;1.1750000e+02;-1.1133644e-01;1.1750000e+02;-1.5246943e-01;1.1750000e+02;-7.1389332e-02;1.1750000e+02;-6.5530881e-02;1.1750000e+02;-3.9794393e-02;1.1750000e+02;4.0196255e-03;1.1750000e+02;6.5364398e-02;1.1750000e+02;1.4333132e-01;1.1750000e+02;1.8976608e-01;1.1750000e+02;2.0906480e-01;1.1750000e+02;2.0075160e-01;1.1750000e+02;2.2152668e-01;1.1750000e+02;1.7866154e-01;1.1750000e+02;1.2148181e-01;1.1750000e+02;7.0537977e-02;1.1750000e+02;2.0638902e-02;1.1750000e+02;-2.3953326e-02;1.1750000e+02;-6.5517783e-02;1.1750000e+02;-1.1133644e-01;1.1750000e+02;-1.5246943e-01;1.1750000e+02;-7.1389332e-02;1.1750000e+02;-6.5530881e-02;1.1750000e+02;-3.9794393e-02;1.1750000e+02;4.0196255e-03;1.1750000e+02;6.5364398e-02;1.1750000e+02;1.4333132e-01;1.1750000e+02;1.8976608e-01;1.1750000e+02;2.0906480e-01;1.1750000e+02;2.0075160e-01;1.1750000e+02;2.2152668e-01;1.1750000e+02;1.7866154e-01;1.1750000e+02;1.2148181e-01;1.1750000e+02;7.0537977e-02;1.1750000e+02;2.0638902e-02;1.1750000e+02;-2.3953326e-02;1.1750000e+02;-6.5517783e-02;1.1750000e+02;-1.1133644e-01;1.1750000e+02;-1.5246943e-01;1.1750000e+02;-7.1389332e-02;1.1750000e+02;-6.5530881e-02;1.1750000e+02;-3.9794393e-02;1.1750000e+02;4.0196255e-03;1.1750000e+02;6.5364398e-02;1.1750000e+02;1.4333132e-01;1.1750000e+02;1.8976608e-01;1.1750000e+02;2.0906480e-01;1.1750000e+02;2.0075160e-01;1.1750000e+02;2.2152668e-01;1.1750000e+02;1.7866154e-01;1.1750000e+02;1.2148181e-01;1.1750000e+02;7.0537977e-02;1.1750000e+02;2.0638902e-02;1.1750000e+02;-2.3953326e-02;1.1750000e+02;-6.5517783e-02;1.1750000e+02;-1.1133644e-01;1.1750000e+02;-1.5246943e-01;1.1750000e+02;-7.1389332e-02;1.1750000e+02;-6.5530881e-02;1.1750000e+02;-3.9794393e-02;1.1750000e+02;4.0196255e-03;1.1750000e+02;6.5364398e-02;1.1750000e+02;1.4333132e-01;1.1750000e+02;1.8976608e-01;1.1750000e+02;2.0906480e-01;1.1750000e+02;2.0075160e-01;1.1750000e+02;2.2152668e-01;1.1750000e+02;1.7866154e-01;1.1750000e+02;1.2148181e-01;1.1750000e+02;7.0537977e-02;1.1750000e+02;2.0638902e-02;1.1750000e+02;-2.3953326e-02;1.1750000e+02;-6.5517783e-02;1.1750000e+02;-1.1133644e-01;1.1750000e+02;-1.5246943e-01;1.1750000e+02;-7.1389332e-02;1.1750000e+02;-6.5530881e-02;1.1750000e+02;-3.9794393e-02;1.1750000e+02;4.0196255e-03;1.1750000e+02;6.5364398e-02;1.1750000e+02;1.4333132e-01;1.1750000e+02;1.8976608e-01;1.1750000e+02;2.0906480e-01;1.1750000e+02;2.0075160e-01;1.1750000e+02;2.2152668e-01;1.1750000e+02;1.7866154e-01;1.1750000e+02;1.2148181e-01;1.1750000e+02;7.0537977e-02;1.1750000e+02;2.0638902e-02;1.1750000e+02;-2.3953326e-02;1.1750000e+02;-6.5517783e-02;1.1750000e+02;-1.1133644e-01;1.1750000e+02;-1.5246943e-01;1.1750000e+02;-7.1389332e-02;1.1750000e+02;-6.5530881e-02;1.1750000e+02;-3.9794393e-02;1.1750000e+02;4.0196255e-03;1.1750000e+02;6.5364398e-02;1.1750000e+02;1.4333132e-01;1.1750000e+02;1.8976608e-01;1.1750000e+02;2.0906480e-01;1.1750000e+02;2.0075160e-01;1.1750000e+02;2.2152668e-01;1.1750000e+02;1.7866154e-01;1.1750000e+02;1.2148181e-01;1.1750000e+02;7.0537977e-02;1.1750000e+02;2.0638902e-02;1.1750000e+02;-2.3953326e-02;1.1750000e+02;-6.5517783e-02;1.1750000e+02;-1.1133644e-01;1.1750000e+02;-1.5246943e-01;1.1750000e+02;-7.1389332e-02;1.1750000e+02;-6.5530881e-02;1.1750000e+02;-3.9794393e-02;1.1750000e+02;4.0196255e-03;1.1750000e+02;6.5364398e-02;1.1750000e+02;1.4333132e-01;1.1750000e+02;1.8976608e-01;1.1750000e+02;2.0906480e-01;1.1750000e+02;2.0075160e-01;1.1750000e+02;2.2152668e-01;1.1750000e+02;1.7866154e-01;1.1750000e+02;1.2148181e-01;1.1750000e+02;7.0537977e-02;1.1750000e+02;2.0638902e-02;1.1750000e+02;-2.3953326e-02;1.1750000e+02;-6.5517783e-02;1.1750000e+02;-1.1133644e-01;1.1750000e+02;-1.5246943e-01;1.1750000e+02;-7.1389332e-02;1.1750000e+02;-6.5530881e-02;1.1750000e+02;-3.9794393e-02;1.1750000e+02;4.0196255e-03;1.1750000e+02;6.5364398e-02;1.1750000e+02;1.4333132e-01;1.1750000e+02;1.8976608e-01;1.1750000e+02;2.0906480e-01;1.1750000e+02;2.0075160e-01;1.1750000e+02;2.2152668e-01;1.1750000e+02;1.7866154e-01;1.1750000e+02;1.2148181e-01;1.1750000e+02;7.0537977e-02;1.1750000e+02;2.0638902e-02;1.1750000e+02;-2.3953326e-02;1.1750000e+02;-6.5517783e-02;1.1750000e+02;-1.1133644e-01;1.1750000e+02;-1.5246943e-01;1.1750000e+02;-7.1389332e-02;1.1750000e+02;-6.5530881e-02;1.1750000e+02;-3.9794393e-02;1.1750000e+02;4.0196255e-03;1.1750000e+02;6.5364398e-02;1.1750000e+02;1.4333132e-01;1.1750000e+02;1.8976608e-01;1.1750000e+02;2.0906480e-01;1.1750000e+02;2.0075160e-01;1.1750000e+02;2.2152668e-01;1.1750000e+02;1.7866154e-01;1.1750000e+02;1.2148181e-01;1.1750000e+02;7.0537977e-02;1.1750000e+02;2.0638902e-02;1.1750000e+02;-2.3953326e-02;1.1750000e+02;-6.5517783e-02;1.1750000e+02;-1.1133644e-01;1.1750000e+02;-1.5246943e-01;1.1750000e+02;-7.1389332e-02;1.1750000e+02;-6.5530881e-02;1.1750000e+02;-3.9794393e-02;1.1750000e+02;4.0196255e-03;1.1750000e+02;6.5364398e-02;1.1750000e+02;1.4333132e-01;1.1750000e+02;1.8976608e-01;1.1750000e+02;2.0906480e-01;1.1750000e+02;2.0075160e-01;1.1750000e+02;2.2152668e-01;1.1750000e+02;1.7866154e-01;1.1750000e+02;1.2148181e-01;1.1750000e+02;7.0537977e-02;1.1750000e+02;2.0638902e-02;1.1750000e+02;-2.3953326e-02;1.1750000e+02;-6.5517783e-02;1.1750000e+02;-1.1133644e-01;1.1750000e+02;-1.5246943e-01;1.1750000e+02;-7.1389332e-02;1.1750000e+02;-6.5530881e-02;1.1750000e+02;-3.9794393e-02;1.1750000e+02;4.0196255e-03;1.1750000e+02;6.5364398e-02;1.1750000e+02;1.4333132e-01;1.1750000e+02;1.8976608e-01;1.1750000e+02;2.0906480e-01;1.1750000e+02;2.0075160e-01;1.1750000e+02;2.2152668e-01;1.1750000e+02;1.7866154e-01;1.1750000e+02;1.2148181e-01;1.1750000e+02;7.0537977e-02;1.1750000e+02;2.0638902e-02;1.1750000e+02;-2.3953326e-02;1.1750000e+02;-6.5517783e-02;1.1750000e+02;-1.1133644e-01;1.1750000e+02;-1.5246943e-01;1.1750000e+02;-7.1389332e-02;1.1750000e+02;-6.5530881e-02;1.1750000e+02;-3.9794393e-02;1.1750000e+02;4.0196255e-03;1.1750000e+02;6.5364398e-02;1.1750000e+02;1.4333132e-01;1.1750000e+02;1.8976608e-01;1.1750000e+02;2.0906480e-01;1.1750000e+02;2.0075160e-01;1.1750000e+02;2.2152668e-01;1.1750000e+02;1.7866154e-01;1.1750000e+02;1.2148181e-01;1.1750000e+02;7.0537977e-02;1.1750000e+02;2.0638902e-02;1.1750000e+02;-2.3953326e-02;1.1750000e+02;-6.5517783e-02;1.1750000e+02;-1.1133644e-01;1.1750000e+02;-1.5246943e-01;1.1750000e+02;-7.1389332e-02;1.1750000e+02;-6.5530881e-02;1.1750000e+02;-3.9794393e-02;1.1750000e+02;4.0196255e-03;1.1750000e+02;6.5364398e-02;1.1750000e+02;1.4333132e-01;1.1750000e+02;1.8976608e-01;1.1750000e+02;2.0906480e-01;1.1750000e+02;2.0075160e-01;1.1750000e+02;2.2152668e-01;1.1750000e+02;1.7866154e-01;1.1750000e+02;1.2148181e-01;1.1750000e+02;7.0537977e-02;1.1750000e+02;2.0638902e-02;1.1750000e+02;-2.3953326e-02;1.1750000e+02;-6.5517783e-02;1.1750000e+02;-1.1133644e-01;1.1750000e+02;-1.5246943e-01;1.1750000e+02;-7.1389332e-02;1.1750000e+02;-6.5530881e-02;1.1750000e+02;-3.9794393e-02;1.1750000e+02;4.0196255e-03;1.1750000e+02;6.5364398e-02;1.1750000e+02;1.4333132e-01;1.1750000e+02;1.8976608e-01;1.1750000e+02;2.0906480e-01;1.1750000e+02;2.0075160e-01;1.1750000e+02;2.2152668e-01;1.1750000e+02;1.7866154e-01;1.1750000e+02;1.2148181e-01;1.1750000e+02;7.0537977e-02;1.1750000e+02;2.0638902e-02;1.1750000e+02;-2.3953326e-02;1.1750000e+02;-6.5517783e-02;1.1750000e+02;-1.1133644e-01;1.1750000e+02;-1.5246943e-01;1.1750000e+02;-7.1389332e-02;1.1750000e+02;-6.5530881e-02;1.1750000e+02;-3.9794393e-02;1.1750000e+02;4.0196255e-03;1.1750000e+02;6.5364398e-02;1.1750000e+02;1.4333132e-01;1.1750000e+02;1.8976608e-01;1.1750000e+02;2.0906480e-01;1.1750000e+02;2.0075160e-01;1.1750000e+02;2.2152668e-01;1.1750000e+02;1.7866154e-01;1.1750000e+02;1.2148181e-01;1.1750000e+02;7.0537977e-02;1.1750000e+02;2.0638902e-02;1.1750000e+02;-2.3953326e-02;1.1750000e+02;-6.5517783e-02;1.1750000e+02;-1.1133644e-01;1.1750000e+02;-1.5246943e-01;1.1750000e+02;-7.1389332e-02;1.1750000e+02;-6.5530881e-02;1.1750000e+02;-3.9794393e-02;1.1750000e+02;4.0196255e-03;1.1750000e+02;6.5364398e-02;1.1750000e+02;1.4333132e-01;1.1750000e+02;1.8976608e-01;1.1750000e+02;2.0906480e-01;1.1750000e+02;2.0075160e-01;1.1750000e+02;2.2152668e-01;1.1750000e+02;1.7866154e-01;1.1750000e+02;1.2148181e-01;1.1750000e+02;7.0537977e-02;1.1750000e+02;2.0638902e-02;1.1750000e+02;-2.3953326e-02;1.1750000e+02;-6.5517783e-02;1.1750000e+02;-1.1133644e-01;1.1750000e+02;-1.5246943e-01;1.1750000e+02;-7.1389332e-02;1.1750000e+02;-6.5530881e-02;1.1750000e+02;-3.9794393e-02;1.1750000e+02;4.0196255e-03;1.1750000e+02;6.5364398e-02;1.1750000e+02;1.4333132e-01;1.1750000e+02;1.8976608e-01;1.1750000e+02;2.0906480e-01;1.1750000e+02;2.0075160e-01;1.1750000e+02;2.2152668e-01;1.1750000e+02;1.7866154e-01;1.1750000e+02;1.2148181e-01;1.1750000e+02;7.0537977e-02;1.1750000e+02;2.0638902e-02;1.1750000e+02;-2.3953326e-02;1.1750000e+02;-6.5517783e-02;1.1750000e+02;-1.1133644e-01;1.1750000e+02;-1.5246943e-01;1.1750000e+02;-7.1389332e-02;1.1750000e+02;-6.5530881e-02;1.1750000e+02;-3.9794393e-02;1.1750000e+02;4.0196255e-03;1.1750000e+02;6.5364398e-02;1.1750000e+02;1.4333132e-01;1.1750000e+02;1.8976608e-01;1.1750000e+02;2.0906480e-01;1.1750000e+02;2.0075160e-01;1.1750000e+02;2.2152668e-01;1.1750000e+02;1.7866154e-01;1.1750000e+02;1.2148181e-01;1.1750000e+02;7.0537977e-02;1.1750000e+02;2.0638902e-02;1.1750000e+02;-2.3953326e-02;1.1750000e+02;-6.5517783e-02;1.1750000e+02;-1.1133644e-01;1.1750000e+02;-1.5246943e-01;1.1750000e+02;-7.1389332e-02;1.1750000e+02;-6.5530881e-02;1.1750000e+02;-3.9794393e-02;1.1750000e+02;4.0196255e-03;1.1750000e+02;6.5364398e-02;1.1750000e+02;1.4333132e-01;1.1750000e+02;1.8976608e-01;1.1750000e+02;2.0906480e-01;1.1750000e+02;2.0075160e-01;1.1750000e+02;2.2152668e-01;1.1750000e+02;1.7866154e-01;1.1750000e+02;1.2148181e-01;1.1750000e+02;7.0537977e-02;1.1750000e+02;2.0638902e-02;1.1750000e+02;-2.3953326e-02;1.1750000e+02;-6.5517783e-02;1.1750000e+02;-1.1133644e-01;1.1750000e+02;-1.5246943e-01;1.1750000e+02;-7.1389332e-02;1.1750000e+02;-6.5530881e-02;1.1750000e+02;-3.9794393e-02;1.1750000e+02;4.0196255e-03;1.1750000e+02;6.5364398e-02;1.1750000e+02;1.4333132e-01;1.1750000e+02;1.8976608e-01;1.1750000e+02;2.0906480e-01;1.1750000e+02;2.0075160e-01;1.1750000e+02;2.2152668e-01;1.1750000e+02;1.7866154e-01;1.1750000e+02;1.2148181e-01;1.1750000e+02;7.0537977e-02;1.1750000e+02;2.0638902e-02;1.1750000e+02;-2.3953326e-02;1.1750000e+02;-6.5517783e-02;1.1750000e+02;-1.1133644e-01;1.1750000e+02;-1.5246943e-01;1.1750000e+02;-7.1389332e-02;1.1750000e+02;-6.5530881e-02;1.1750000e+02;-3.9794393e-02;1.1750000e+02;4.0196255e-03;1.1750000e+02;6.5364398e-02;1.1750000e+02;1.4333132e-01;1.1750000e+02;1.8976608e-01;1.1750000e+02;2.0906480e-01;1.1750000e+02;2.0075160e-01;1.1750000e+02;2.2152668e-01;1.1750000e+02;1.7866154e-01;1.1750000e+02;1.2148181e-01;1.1750000e+02;7.0537977e-02;1.1750000e+02;2.0638902e-02;1.1750000e+02;-2.3953326e-02;1.1750000e+02;-6.5517783e-02;1.1750000e+02;-1.1133644e-01;1.1750000e+02;-1.5246943e-01;1.1750000e+02;-7.1389332e-02;1.1750000e+02;-6.5530881e-02;1.1750000e+02;-3.9794393e-02;1.1750000e+02;4.0196255e-03;1.1750000e+02;6.5364398e-02;1.1750000e+02;1.4333132e-01;1.1750000e+02;1.8976608e-01;1.1750000e+02;2.0906480e-01;1.1750000e+02;2.0075160e-01;1.1750000e+02;2.2152668e-01;1.1750000e+02;1.7866154e-01;1.1750000e+02;1.2148181e-01;1.1750000e+02;7.0537977e-02;1.1750000e+02;2.0638902e-02;1.1750000e+02;-2.3953326e-02;1.1750000e+02;-6.5517783e-02;1.1750000e+02;-1.1133644e-01;1.1750000e+02;-1.5246943e-01;1.1750000e+02;-7.1389332e-02;1.1750000e+02;-6.5530881e-02;1.1750000e+02;-3.9794393e-02;1.1750000e+02;4.0196255e-03;1.1750000e+02;6.5364398e-02;1.1750000e+02;1.4333132e-01;1.1750000e+02;1.8976608e-01;1.1750000e+02;2.0906480e-01;1.1750000e+02;2.0075160e-01;1.1750000e+02;2.2152668e-01;1.1750000e+02;1.7866154e-01;1.1750000e+02;1.2148181e-01;1.1750000e+02;7.0537977e-02;1.1750000e+02;2.0638902e-02;1.1750000e+02;-2.3953326e-02;1.1750000e+02;-6.5517783e-02;1.1750000e+02;-1.1133644e-01;1.1750000e+02;-1.5246943e-01;1.1750000e+02;-7.1389332e-02;1.1750000e+02;-6.5530881e-02;1.1750000e+02;-3.9794393e-02;1.1750000e+02;4.0196255e-03;1.1750000e+02;6.5364398e-02;1.1750000e+02;1.4333132e-01;1.1750000e+02;1.8976608e-01;1.1750000e+02;2.0906480e-01;1.1750000e+02;2.0075160e-01;1.1750000e+02;2.2152668e-01;1.1750000e+02;1.7866154e-01;1.1750000e+02;1.2148181e-01;1.1750000e+02;7.0537977e-02;1.1750000e+02;2.0638902e-02;1.1750000e+02;-2.3953326e-02;1.1750000e+02;-6.5517783e-02;1.1750000e+02;-1.1133644e-01;1.1750000e+02;-1.5246943e-01;1.1750000e+02;-7.1389332e-02;1.1750000e+02;-6.5530881e-02;1.1750000e+02;-3.9794393e-02;1.1750000e+02;4.0196255e-03;1.1750000e+02;6.5364398e-02;1.1750000e+02;1.4333132e-01;1.1750000e+02;1.8976608e-01;1.1750000e+02;2.0906480e-01;1.1750000e+02;2.0075160e-01;1.1750000e+02;2.2152668e-01;1.1750000e+02;1.7866154e-01;1.1750000e+02;1.2148181e-01;1.1750000e+02;7.0537977e-02;1.1750000e+02;2.0638902e-02;1.1750000e+02;-2.3953326e-02;1.1750000e+02;-6.5517783e-02;1.1750000e+02;-1.1133644e-01;1.1750000e+02;-1.5246943e-01;1.1750000e+02;-7.1389332e-02;1.1750000e+02;-6.5530881e-02;1.1750000e+02;-3.9794393e-02;1.1750000e+02;4.0196255e-03;1.1750000e+02;6.5364398e-02;1.1750000e+02;1.4333132e-01;1.1750000e+02;1.8976608e-01;1.1750000e+02;2.0906480e-01;1.1750000e+02;2.0075160e-01;1.1750000e+02;2.2152668e-01;1.1750000e+02;1.7866154e-01;1.1750000e+02;1.2148181e-01;1.1750000e+02;7.0537977e-02;1.1750000e+02;2.0638902e-02;1.1750000e+02;-2.3953326e-02;1.1750000e+02;-6.5517783e-02;1.1750000e+02;-1.1133644e-01;1.1750000e+02;-1.5246943e-01;1.1750000e+02;-7.1389332e-02;1.1750000e+02;-6.5530881e-02;1.1750000e+02;-3.9794393e-02;1.1750000e+02;4.0196255e-03;1.1750000e+02;6.5364398e-02;1.1750000e+02;1.4333132e-01;1.1750000e+02;1.8976608e-01;1.1750000e+02;2.0906480e-01;1.1750000e+02;2.0075160e-01;1.1750000e+02;2.2152668e-01;1.1750000e+02;1.7866154e-01;1.1750000e+02;1.2148181e-01;1.1750000e+02;7.0537977e-02;1.1750000e+02;2.0638902e-02;1.1750000e+02;-2.3953326e-02;1.1750000e+02;-6.5517783e-02;1.1750000e+02;-1.1133644e-01;1.1750000e+02;-1.5246943e-01;1.1750000e+02;-7.1389332e-02;1.1750000e+02;-6.5530881e-02;1.1750000e+02;-3.9794393e-02;1.1750000e+02;4.0196255e-03;1.1750000e+02;6.5364398e-02;1.1750000e+02;1.4333132e-01;1.1750000e+02;1.8976608e-01;1.1750000e+02;2.0906480e-01;1.1750000e+02;2.0075160e-01;1.1750000e+02;2.2152668e-01;1.1750000e+02;1.7866154e-01;1.1750000e+02;1.2148181e-01;1.1750000e+02;7.0537977e-02;1.1750000e+02;2.0638902e-02;1.1750000e+02;-2.3953326e-02;1.1750000e+02;-6.5517783e-02;1.1750000e+02;-1.1133644e-01;1.1750000e+02;-1.5246943e-01;1.1750000e+02;-7.1389332e-02;1.1750000e+02;-6.5530881e-02;1.1750000e+02;-3.9794393e-02;1.1750000e+02;4.0196255e-03;1.1750000e+02;6.5364398e-02;1.1750000e+02;1.4333132e-01;1.1750000e+02;1.8976608e-01;1.1750000e+02;2.0906480e-01;1.1750000e+02;2.0075160e-01;1.1750000e+02;2.2152668e-01;1.1750000e+02;1.7866154e-01;1.1750000e+02;1.2148181e-01;1.1750000e+02;7.0537977e-02;1.1750000e+02;2.0638902e-02;1.1750000e+02;-2.3953326e-02;1.1750000e+02;-6.5517783e-02;1.1750000e+02;-1.1133644e-01;1.1750000e+02;-1.5246943e-01;1.1750000e+02;-7.1389332e-02;1.1750000e+02;-6.5530881e-02;1.1750000e+02;-3.9794393e-02;1.1750000e+02;4.0196255e-03;1.1750000e+02;6.5364398e-02;1.1750000e+02;1.4333132e-01;1.1750000e+02;1.8976608e-01;1.1750000e+02;2.0906480e-01;1.1750000e+02;2.0075160e-01;1.1750000e+02;2.2152668e-01;1.1750000e+02;1.7866154e-01;1.1750000e+02;1.2148181e-01;1.1750000e+02;7.0537977e-02;1.1750000e+02;2.0638902e-02;1.1750000e+02;-2.3953326e-02;1.1750000e+02;-6.5517783e-02;1.1750000e+02;-1.1133644e-01;1.1750000e+02;-1.5246943e-01;1.1750000e+02;-7.1389332e-02;1.1750000e+02;-6.5530881e-02;1.1750000e+02;-3.9794393e-02;1.1750000e+02;4.0196255e-03;1.1750000e+02;6.5364398e-02;1.1750000e+02;1.4333132e-01;1.1750000e+02;1.8976608e-01;1.1750000e+02;2.0906480e-01;1.1750000e+02;2.0075160e-01;1.1750000e+02;2.2152668e-01;1.1750000e+02;1.7866154e-01;1.1750000e+02;1.2148181e-01;1.1750000e+02;7.0537977e-02;1.1750000e+02;2.0638902e-02;1.1750000e+02;-2.3953326e-02;1.1750000e+02;-6.5517783e-02;1.1750000e+02;-1.1133644e-01;1.1750000e+02;-1.5246943e-01;1.1750000e+02;-7.1389332e-02;1.1750000e+02;-6.5530881e-02;1.1750000e+02;-3.9794393e-02;1.1750000e+02;4.0196255e-03;1.1750000e+02;6.5364398e-02;1.1750000e+02;1.4333132e-01;1.1750000e+02;1.8976608e-01;1.1750000e+02;2.0906480e-01;1.1750000e+02;2.0075160e-01;1.1750000e+02;2.2152668e-01;1.1750000e+02;1.7866154e-01;1.1750000e+02;1.2148181e-01;1.1750000e+02;7.0537977e-02;1.1750000e+02;2.0638902e-02;1.1750000e+02;-2.3953326e-02;1.1750000e+02;-6.5517783e-02;1.1750000e+02;-1.1133644e-01;1.1750000e+02;-1.5246943e-01;1.1750000e+02;-7.1389332e-02;1.1750000e+02;-6.5530881e-02;1.1750000e+02;-3.9794393e-02;1.1750000e+02;4.0196255e-03;1.1750000e+02;6.5364398e-02;1.1750000e+02;1.4333132e-01;1.1750000e+02;1.8976608e-01;1.1750000e+02;2.0906480e-01;1.1750000e+02;2.0075160e-01;1.1750000e+02;2.2152668e-01;1.1750000e+02;1.7866154e-01;1.1750000e+02;1.2148181e-01;1.1750000e+02;7.0537977e-02;1.1750000e+02;2.0638902e-02;1.1750000e+02;-2.3953326e-02;1.1750000e+02;-6.5517783e-02;1.1750000e+02;-1.1133644e-01;1.1750000e+02;-1.5246943e-01;1.1750000e+02;-7.1389332e-02;1.1750000e+02;-6.5530881e-02;1.1750000e+02;-3.9794393e-02;1.1750000e+02;4.0196255e-03;1.1750000e+02;6.5364398e-02;1.1750000e+02;1.4333132e-01;1.1750000e+02;1.8976608e-01;1.1750000e+02;2.0906480e-01;1.1750000e+02;2.0075160e-01;1.1750000e+02;2.2152668e-01;1.1750000e+02;1.7866154e-01;1.1750000e+02;1.2148181e-01;1.1750000e+02;7.0537977e-02;1.1750000e+02;2.0638902e-02;1.1750000e+02;-2.3953326e-02;1.1750000e+02;-6.5517783e-02;1.1750000e+02;-1.1133644e-01;1.1750000e+02;-1.5246943e-01;1.1750000e+02;-7.1389332e-02;1.1750000e+02;-6.5530881e-02;1.1750000e+02;-3.9794393e-02;1.1750000e+02;4.0196255e-03;1.1750000e+02;6.5364398e-02;1.1750000e+02;1.4333132e-01;1.1750000e+02;1.8976608e-01;1.1750000e+02;2.0906480e-01;1.1750000e+02;2.0075160e-01;1.1750000e+02;2.2152668e-01;1.1750000e+02;1.7866154e-01;1.1750000e+02;1.2148181e-01;1.1750000e+02;7.0537977e-02;1.1750000e+02;2.0638902e-02;1.1750000e+02;-2.3953326e-02;1.1750000e+02;-6.5517783e-02;1.1750000e+02;-1.1133644e-01;1.1750000e+02;-1.5246943e-01;1.1750000e+02;-7.1389332e-02;1.1750000e+02;-6.5530881e-02;1.1750000e+02;-3.9794393e-02;1.1750000e+02;4.0196255e-03;1.1750000e+02;6.5364398e-02;1.1750000e+02;1.4333132e-01;1.1750000e+02;1.8976608e-01;1.1750000e+02;2.0906480e-01;1.1750000e+02;2.0075160e-01;1.1750000e+02;2.2152668e-01;1.1750000e+02;1.7866154e-01;1.1750000e+02;1.2148181e-01;1.1750000e+02;7.0537977e-02;1.1750000e+02;2.0638902e-02;1.1750000e+02;-2.3953326e-02;1.1750000e+02;-6.5517783e-02;1.1750000e+02;-1.1133644e-01;1.1750000e+02;-1.5246943e-01;1.1750000e+02;-7.1389332e-02;1.1750000e+02;-6.5530881e-02;1.1750000e+02;-3.9794393e-02;1.1750000e+02;4.0196255e-03;1.1750000e+02;6.5364398e-02;1.1750000e+02;1.4333132e-01;1.1750000e+02;1.8976608e-01;1.1750000e+02;2.0906480e-01;1.1750000e+02;2.0075160e-01;1.1750000e+02;2.2152668e-01;1.1750000e+02;1.7866154e-01;1.1750000e+02;1.2148181e-01;1.1750000e+02;7.0537977e-02;1.1750000e+02;2.0638902e-02;1.1750000e+02;-2.3953326e-02;1.1750000e+02;-6.5517783e-02;1.1750000e+02;-1.1133644e-01;1.1750000e+02;-1.5246943e-01;1.1750000e+02;-7.1389332e-02;1.1750000e+02;-6.5530881e-02;1.1750000e+02;-3.9794393e-02;1.1750000e+02;4.0196255e-03;1.1750000e+02;6.5364398e-02;1.1750000e+02;1.4333132e-01;1.1750000e+02;1.8976608e-01;1.1750000e+02;2.0906480e-01;1.1750000e+02;2.0075160e-01;1.1750000e+02;2.2152668e-01;1.1750000e+02;1.7866154e-01;1.1750000e+02;1.2148181e-01;1.1750000e+02;7.0537977e-02;1.1750000e+02;2.0638902e-02;1.1750000e+02;-2.3953326e-02;1.1750000e+02;-6.5517783e-02;1.1750000e+02;-1.1133644e-01;1.1750000e+02;-1.5246943e-01;1.1750000e+02;-7.1389332e-02;1.1750000e+02;-6.5530881e-02;1.1750000e+02;-3.9794393e-02;1.1750000e+02;4.0196255e-03;1.1750000e+02;6.5364398e-02;1.1750000e+02;1.4333132e-01;1.1750000e+02;1.8976608e-01;1.1750000e+02;2.0906480e-01;1.1750000e+02;2.0075160e-01;1.1750000e+02;2.2152668e-01;1.1750000e+02;1.7866154e-01;1.1750000e+02;1.2148181e-01;1.1750000e+02;7.0537977e-02;1.1750000e+02;2.0638902e-02;1.1750000e+02;-2.3953326e-02;1.1750000e+02;-6.5517783e-02;1.1750000e+02;-1.1133644e-01;1.1750000e+02;-1.5246943e-01;1.1750000e+02;-7.1389332e-02;1.1750000e+02;-6.5530881e-02;1.1750000e+02;-3.9794393e-02;1.1750000e+02;4.0196255e-03;1.1750000e+02;6.5364398e-02;1.1750000e+02;1.4333132e-01;1.1750000e+02;1.8976608e-01;1.1750000e+02;2.0906480e-01;1.1750000e+02;2.0075160e-01;1.1750000e+02;2.2152668e-01;1.1750000e+02;1.7866154e-01;1.1750000e+02;1.2148181e-01;1.1750000e+02;7.0537977e-02;1.1750000e+02;2.0638902e-02;1.1750000e+02;-2.3953326e-02;1.1750000e+02;-6.5517783e-02;1.1750000e+02;-1.1133644e-01;1.1750000e+02;-1.5246943e-01;1.1750000e+02;-7.1389332e-02;1.1750000e+02;-6.5530881e-02;1.1750000e+02;-3.9794393e-02;1.1750000e+02;4.0196255e-03;1.1750000e+02;6.5364398e-02;1.1750000e+02;1.4333132e-01;1.1750000e+02;1.8976608e-01;1.1750000e+02;2.0906480e-01;1.1750000e+02;2.0075160e-01;1.1750000e+02;2.2152668e-01;1.1750000e+02;1.7866154e-01;1.1750000e+02;1.2148181e-01;1.1750000e+02;7.0537977e-02;1.1750000e+02;2.0638902e-02;1.1750000e+02;-2.3953326e-02;1.1750000e+02;-6.5517783e-02;1.1750000e+02;-1.1133644e-01;1.1750000e+02;-1.5246943e-01;1.1750000e+02;-7.1389332e-02;1.1750000e+02;-6.5530881e-02;1.1750000e+02;-3.9794393e-02;1.1750000e+02;4.0196255e-03;1.1750000e+02;6.5364398e-02;1.1750000e+02;1.4333132e-01;1.1750000e+02;1.8976608e-01;1.1750000e+02;2.0906480e-01;1.1750000e+02;2.0075160e-01;1.1750000e+02;2.2152668e-01;1.1750000e+02;1.7866154e-01;1.1750000e+02;1.2148181e-01;1.1750000e+02;7.0537977e-02;1.1750000e+02;2.0638902e-02;1.1750000e+02;-2.3953326e-02;1.1750000e+02;-6.5517783e-02;1.1750000e+02;-1.1133644e-01;1.1750000e+02;-1.5246943e-01;1.1750000e+02;-7.1389332e-02;1.1750000e+02;-6.5530881e-02;1.1750000e+02;-3.9794393e-02;1.1750000e+02;4.0196255e-03;1.1750000e+02;6.5364398e-02;1.1750000e+02;1.4333132e-01;1.1750000e+02;1.8976608e-01;1.1750000e+02;2.0906480e-01;1.1750000e+02;2.0075160e-01;1.1750000e+02;2.2152668e-01;1.1750000e+02;1.7866154e-01;1.1750000e+02;1.2148181e-01;1.1750000e+02;7.0537977e-02;1.1750000e+02;2.0638902e-02;1.1750000e+02;-2.3953326e-02;1.1750000e+02;-6.5517783e-02;1.1750000e+02;-1.1133644e-01;1.1750000e+02;-1.5246943e-01;1.1750000e+02;-7.1389332e-02;1.1750000e+02;-6.5530881e-02;1.1750000e+02;-3.9794393e-02;1.1750000e+02;4.0196255e-03;1.1750000e+02;6.5364398e-02;1.1750000e+02;1.4333132e-01;1.1750000e+02;1.8976608e-01;1.1750000e+02;2.0906480e-01;1.1750000e+02;2.0075160e-01;1.1750000e+02;2.2152668e-01;1.1750000e+02;1.7866154e-01;1.1750000e+02;1.2148181e-01;1.1750000e+02;7.0537977e-02;1.1750000e+02;2.0638902e-02;1.1750000e+02;-2.3953326e-02;1.1750000e+02;-6.5517783e-02;1.1750000e+02;-1.1133644e-01;1.1750000e+02;-1.5246943e-01;1.1750000e+02;-7.1389332e-02;1.1750000e+02;-6.5530881e-02;1.1750000e+02;-3.9794393e-02;1.1750000e+02;4.0196255e-03;1.1750000e+02;6.5364398e-02;1.1750000e+02;1.4333132e-01;1.1750000e+02;1.8976608e-01;1.1750000e+02;2.0906480e-01;1.1750000e+02;2.0075160e-01;1.1750000e+02;2.2152668e-01;1.1750000e+02;1.7866154e-01;1.1750000e+02;1.2148181e-01;1.1750000e+02;7.0537977e-02;1.1750000e+02;2.0638902e-02;1.1750000e+02;-2.3953326e-02;1.1750000e+02;-6.5517783e-02;1.1750000e+02;-1.1133644e-01;1.1750000e+02;-1.5246943e-01;1.1750000e+02;-7.1389332e-02;1.1750000e+02;-6.5530881e-02;1.1750000e+02;-3.9794393e-02;1.1750000e+02;4.0196255e-03;1.1750000e+02;6.5364398e-02;1.1750000e+02;1.4333132e-01;1.1750000e+02;1.8976608e-01;1.1750000e+02;2.0906480e-01;1.1750000e+02;2.0075160e-01;1.1750000e+02;2.2152668e-01;1.1750000e+02;1.7866154e-01;1.1750000e+02;1.2148181e-01;1.1750000e+02;7.0537977e-02;1.1750000e+02;2.0638902e-02;1.1750000e+02;-2.3953326e-02;1.1750000e+02;-6.5517783e-02;1.1750000e+02;-1.1133644e-01;1.1750000e+02;-1.5246943e-01;1.1750000e+02;-7.1389332e-02;1.1750000e+02;-6.5530881e-02;1.1750000e+02;-3.9794393e-02;1.1750000e+02;4.0196255e-03;1.1750000e+02;6.5364398e-02;1.1750000e+02;1.4333132e-01;1.1750000e+02;1.8976608e-01;1.1750000e+02;2.0906480e-01;1.1750000e+02;2.0075160e-01;1.1750000e+02;2.2152668e-01;1.1750000e+02;1.7866154e-01;1.1750000e+02;1.2148181e-01;1.1750000e+02;7.0537977e-02;1.1750000e+02;2.0638902e-02;1.1750000e+02;-2.3953326e-02;1.1750000e+02;-6.5517783e-02;1.1750000e+02;-1.1133644e-01;1.1750000e+02;-1.5246943e-01;1.1750000e+02;-7.1389332e-02;1.1750000e+02;-6.5530881e-02;1.1750000e+02;-3.9794393e-02;1.1750000e+02;4.0196255e-03;1.1750000e+02;6.5364398e-02;1.1750000e+02;1.4333132e-01;1.1750000e+02;1.8976608e-01;1.1750000e+02;2.0906480e-01;1.1750000e+02;2.0075160e-01;1.1750000e+02;2.2152668e-01;1.1750000e+02;1.7866154e-01;1.1750000e+02;1.2148181e-01;1.1750000e+02;7.0537977e-02;1.1750000e+02;2.0638902e-02;1.1750000e+02;-2.3953326e-02;1.1750000e+02;-6.5517783e-02;1.1750000e+02;-1.1133644e-01;1.1750000e+02;-1.5246943e-01;1.1750000e+02;-7.1389332e-02;1.1750000e+02;-6.5530881e-02;1.1750000e+02;-3.9794393e-02;1.1750000e+02;4.0196255e-03;1.1750000e+02;6.5364398e-02;1.1750000e+02;1.4333132e-01;1.1750000e+02;1.8976608e-01;1.1750000e+02;2.0906480e-01;1.1750000e+02;2.0075160e-01;1.1750000e+02;2.2152668e-01;1.1750000e+02;1.7866154e-01;1.1750000e+02;1.2148181e-01;1.1750000e+02;7.0537977e-02;1.1750000e+02;2.0638902e-02;1.1750000e+02;-2.3953326e-02;1.1750000e+02;-6.5517783e-02;1.1750000e+02;-1.1133644e-01;1.1750000e+02;-1.5246943e-01;1.1750000e+02;-7.1389332e-02;1.1750000e+02;-6.5530881e-02;1.1750000e+02;-3.9794393e-02;1.1750000e+02;4.0196255e-03;1.1750000e+02;6.5364398e-02;1.1750000e+02;1.4333132e-01;1.1750000e+02;1.8976608e-01;1.1750000e+02;2.0906480e-01;1.1750000e+02;2.0075160e-01;1.1750000e+02;2.2152668e-01;1.1750000e+02;1.7866154e-01;1.1750000e+02;1.2148181e-01;1.1750000e+02;7.0537977e-02;1.1750000e+02;2.0638902e-02;1.1750000e+02;-2.3953326e-02;1.1750000e+02;-6.5517783e-02;1.1750000e+02;-1.1133644e-01;1.1750000e+02;-1.5246943e-01;1.1750000e+02;-7.1389332e-02;1.1750000e+02;-6.5530881e-02;1.1750000e+02;-3.9794393e-02;1.1750000e+02;4.0196255e-03;1.1750000e+02;6.5364398e-02;1.1750000e+02;1.4333132e-01;1.1750000e+02;1.8976608e-01;1.1750000e+02;2.0906480e-01;1.1750000e+02;2.0075160e-01;1.1750000e+02;2.2152668e-01;1.1750000e+02;1.7866154e-01;1.1750000e+02;1.2148181e-01;1.1750000e+02;7.0537977e-02;1.1750000e+02;2.0638902e-02;1.1750000e+02;-2.3953326e-02;1.1750000e+02;-6.5517783e-02;1.1750000e+02;-1.1133644e-01;1.1750000e+02;-1.5246943e-01;1.1750000e+02;-7.1389332e-02;1.1750000e+02;-6.5530881e-02;1.1750000e+02;-3.9794393e-02;1.1750000e+02;4.0196255e-03;1.1750000e+02;6.5364398e-02;1.1750000e+02;1.4333132e-01;1.1750000e+02;1.8976608e-01;1.1750000e+02;2.0906480e-01;1.1750000e+02;2.0075160e-01;1.1750000e+02;2.2152668e-01;1.1750000e+02;1.7866154e-01;1.1750000e+02;1.2148181e-01;1.1750000e+02;7.0537977e-02;1.1750000e+02;2.0638902e-02;1.1750000e+02;-2.3953326e-02;1.1750000e+02;-6.5517783e-02;1.1750000e+02;-1.1133644e-01;1.1750000e+02;-1.5246943e-01;1.1750000e+02;-7.1389332e-02;1.1750000e+02;-6.5530881e-02;1.1750000e+02;-3.9794393e-02;1.1750000e+02;4.0196255e-03;1.1750000e+02;6.5364398e-02;1.1750000e+02;1.4333132e-01;1.1750000e+02;1.8976608e-01;1.1750000e+02;2.0906480e-01;1.1750000e+02;2.0075160e-01;1.1750000e+02;2.2152668e-01;1.1750000e+02;1.7866154e-01;1.1750000e+02;1.2148181e-01;1.1750000e+02;7.0537977e-02;1.1750000e+02;2.0638902e-02;1.1750000e+02;-2.3953326e-02;1.1750000e+02;-6.5517783e-02;1.1750000e+02;-1.1133644e-01;1.1750000e+02;-1.5246943e-01;1.1750000e+02;-7.1389332e-02;1.1750000e+02;-6.5530881e-02;1.1750000e+02;-3.9794393e-02;1.1750000e+02;4.0196255e-03;1.1750000e+02;6.5364398e-02;1.1750000e+02;1.4333132e-01;1.1750000e+02;1.8976608e-01;1.1750000e+02;2.0906480e-01;1.1750000e+02;2.0075160e-01;1.1750000e+02;2.2152668e-01;1.1750000e+02;1.7866154e-01;1.1750000e+02;1.2148181e-01;1.1750000e+02;7.0537977e-02;1.1750000e+02;2.0638902e-02;1.1750000e+02;-2.3953326e-02;1.1750000e+02;-6.5517783e-02;1.1750000e+02;-1.1133644e-01;1.1750000e+02;-1.5246943e-01;1.1750000e+02;-7.1389332e-02;1.1750000e+02;-6.5530881e-02;1.1750000e+02;-3.9794393e-02;1.1750000e+02;4.0196255e-03;1.1750000e+02;6.5364398e-02;1.1750000e+02;1.4333132e-01;1.1750000e+02;1.8976608e-01;1.1750000e+02;2.0906480e-01;1.1750000e+02;2.0075160e-01;1.1750000e+02;2.2152668e-01;1.1750000e+02;1.7866154e-01;1.1750000e+02;1.2148181e-01;1.1750000e+02;7.0537977e-02;1.1750000e+02;2.0638902e-02;1.1750000e+02;-2.3953326e-02;1.1750000e+02;-6.5517783e-02;1.1750000e+02;-1.1133644e-01;1.1750000e+02;-1.5246943e-01;1.1750000e+02;-7.1389332e-02;1.1750000e+02;-6.5530881e-02;1.1750000e+02;-3.9794393e-02;1.1750000e+02;4.0196255e-03;1.1750000e+02;6.5364398e-02;1.1750000e+02;1.4333132e-01;1.1750000e+02;1.8976608e-01;1.1750000e+02;2.0906480e-01;1.1750000e+02;2.0075160e-01;1.1750000e+02;2.2152668e-01;1.1750000e+02;1.7866154e-01;1.1750000e+02;1.2148181e-01;1.1750000e+02;7.0537977e-02;1.1750000e+02;2.0638902e-02;1.1750000e+02;-2.3953326e-02;1.1750000e+02;-6.5517783e-02;1.1750000e+02;-1.1133644e-01;1.1750000e+02;-1.5246943e-01;1.1750000e+02;-7.1389332e-02;1.1750000e+02;-6.5530881e-02;1.1750000e+02;-3.9794393e-02;1.1750000e+02;4.0196255e-03;1.1750000e+02;6.5364398e-02;1.1750000e+02;1.4333132e-01;1.1750000e+02;1.8976608e-01;1.1750000e+02;2.0906480e-01;1.1750000e+02;2.0075160e-01;1.1750000e+02;2.2152668e-01;1.1750000e+02;1.7866154e-01;1.1750000e+02;1.2148181e-01;1.1750000e+02;7.0537977e-02;1.1750000e+02;2.0638902e-02;1.1750000e+02;-2.3953326e-02;1.1750000e+02;-6.5517783e-02;1.1750000e+02;-1.1133644e-01;1.1750000e+02;-1.5246943e-01;1.1750000e+02;-7.1389332e-02;1.1750000e+02;-6.5530881e-02;1.1750000e+02;-3.9794393e-02;1.1750000e+02;4.0196255e-03;1.1750000e+02;6.5364398e-02;1.1750000e+02;1.4333132e-01;1.1750000e+02;1.8976608e-01;1.1750000e+02;2.0906480e-01;1.1750000e+02;2.0075160e-01;1.1750000e+02;2.2152668e-01;1.1750000e+02;1.7866154e-01;1.1750000e+02;1.2148181e-01;1.1750000e+02;7.0537977e-02;1.1750000e+02;2.0638902e-02;1.1750000e+02;-2.3953326e-02;1.1750000e+02;-6.5517783e-02;1.1750000e+02;-1.1133644e-01;1.1750000e+02;-1.5246943e-01;1.1750000e+02;-7.1389332e-02;1.1750000e+02;-6.5530881e-02;1.1750000e+02;-3.9794393e-02;1.1750000e+02;4.0196255e-03;1.1750000e+02;6.5364398e-02;1.1750000e+02;1.4333132e-01;1.1750000e+02;1.8976608e-01;1.1750000e+02;2.0906480e-01;1.1750000e+02;2.0075160e-01;1.1750000e+02;2.2152668e-01;1.1750000e+02;1.7866154e-01;1.1750000e+02;1.2148181e-01;1.1750000e+02;7.0537977e-02;1.1750000e+02;2.0638902e-02;1.1750000e+02;-2.3953326e-02;1.1750000e+02;-6.5517783e-02;1.1750000e+02;-1.1133644e-01;1.1750000e+02;-1.5246943e-01;1.1750000e+02;-7.1389332e-02;1.1750000e+02;-6.5530881e-02;1.1750000e+02;-3.9794393e-02;1.1750000e+02;4.0196255e-03;1.1750000e+02;6.5364398e-02;1.1750000e+02;1.4333132e-01;1.1750000e+02;1.8976608e-01;1.1750000e+02;2.0906480e-01;1.1750000e+02;2.0075160e-01;1.1750000e+02;2.2152668e-01;1.1750000e+02;1.7866154e-01;1.1750000e+02;1.2148181e-01;1.1750000e+02;7.0537977e-02;1.1750000e+02;2.0638902e-02;1.1750000e+02;-2.3953326e-02;1.1750000e+02;-6.5517783e-02;1.1750000e+02;-1.1133644e-01;1.1750000e+02;-1.5246943e-01;1.1750000e+02;-7.1389332e-02;1.1750000e+02;-6.5530881e-02;1.1750000e+02;-3.9794393e-02;1.1750000e+02;4.0196255e-03;1.1750000e+02;6.5364398e-02;1.1750000e+02;1.4333132e-01;1.1750000e+02;1.8976608e-01;1.1750000e+02;2.0906480e-01;1.1750000e+02;2.0075160e-01;1.1750000e+02;2.2152668e-01;1.1750000e+02;1.7866154e-01;1.1750000e+02;1.2148181e-01;1.1750000e+02;7.0537977e-02;1.1750000e+02;2.0638902e-02;1.1750000e+02;-2.3953326e-02;1.1750000e+02;-6.5517783e-02;1.1750000e+02;-1.1133644e-01;1.1750000e+02;-1.5246943e-01;1.1750000e+02;-7.1389332e-02;1.1750000e+02;-6.5530881e-02;1.1750000e+02;-3.9794393e-02;1.1750000e+02;4.0196255e-03;1.1750000e+02;6.5364398e-02;1.1750000e+02;1.4333132e-01;1.1750000e+02;1.8976608e-01;1.1750000e+02;2.0906480e-01;1.1750000e+02;2.0075160e-01;1.1750000e+02;2.2152668e-01;1.1750000e+02;1.7866154e-01;1.1750000e+02;1.2148181e-01;1.1750000e+02;7.0537977e-02;1.1750000e+02;2.0638902e-02;1.1750000e+02;-2.3953326e-02;1.1750000e+02;-6.5517783e-02;1.1750000e+02;-1.1133644e-01;1.1750000e+02;-1.5246943e-01;1.1750000e+02;-7.1389332e-02;1.1750000e+02;-6.5530881e-02;1.1750000e+02;-3.9794393e-02;1.1750000e+02;4.0196255e-03;1.1750000e+02;6.5364398e-02;1.1750000e+02;1.4333132e-01;1.1750000e+02;1.8976608e-01;1.1750000e+02;2.0906480e-01;1.1750000e+02;2.0075160e-01;1.1750000e+02;2.2152668e-01;1.1750000e+02;1.7866154e-01;1.1750000e+02;1.2148181e-01;1.1750000e+02;7.0537977e-02;1.1750000e+02;2.0638902e-02;1.1750000e+02;-2.3953326e-02;1.1750000e+02;-6.5517783e-02;1.1750000e+02;-1.1133644e-01;1.1750000e+02;-1.5246943e-01;1.1750000e+02;-7.1389332e-02;1.1750000e+02;-6.5530881e-02;1.1750000e+02;-3.9794393e-02;1.1750000e+02;4.0196255e-03;1.1750000e+02;6.5364398e-02;1.1750000e+02;1.4333132e-01;1.1750000e+02;1.8976608e-01;1.1750000e+02;2.0906480e-01;1.1750000e+02;2.0075160e-01;1.1750000e+02;2.2152668e-01;1.1750000e+02;1.7866154e-01;1.1750000e+02;1.2148181e-01;1.1750000e+02;7.0537977e-02;1.1750000e+02;2.0638902e-02;1.1750000e+02;-2.3953326e-02;1.1750000e+02;-6.5517783e-02;1.1750000e+02;-1.1133644e-01;1.1750000e+02;-1.5246943e-01;1.1750000e+02;-7.1389332e-02;1.1750000e+02;-6.5530881e-02;1.1750000e+02;-3.9794393e-02;1.1750000e+02;4.0196255e-03;1.1750000e+02;6.5364398e-02;1.1750000e+02;1.4333132e-01;1.1750000e+02;1.8976608e-01;1.1750000e+02;2.0906480e-01;1.1750000e+02;2.0075160e-01;1.1750000e+02;2.2152668e-01;1.1750000e+02;1.7866154e-01;1.1750000e+02;1.2148181e-01;1.1750000e+02;7.0537977e-02;1.1750000e+02;2.0638902e-02;1.1750000e+02;-2.3953326e-02;1.1750000e+02;-6.5517783e-02;1.1750000e+02;-1.1133644e-01;1.1750000e+02;-1.5246943e-01;1.1750000e+02;-7.1389332e-02;1.1750000e+02;-6.5530881e-02;1.1750000e+02;-3.9794393e-02;1.1750000e+02;4.0196255e-03;1.1750000e+02;6.5364398e-02;1.1750000e+02;1.4333132e-01;1.1750000e+02;1.8976608e-01;1.1750000e+02;2.0906480e-01;1.1750000e+02;2.0075160e-01;1.1750000e+02;2.2152668e-01;1.1750000e+02;1.7866154e-01;1.1750000e+02;1.2148181e-01;1.1750000e+02;7.0537977e-02;1.1750000e+02;2.0638902e-02;1.1750000e+02;-2.3953326e-02;1.1750000e+02;-6.5517783e-02;1.1750000e+02;-1.1133644e-01;1.1750000e+02;-1.5246943e-01;1.1750000e+02;-7.1389332e-02;1.1750000e+02;-6.5530881e-02;1.1750000e+02;-3.9794393e-02;1.1750000e+02;4.0196255e-03;1.1750000e+02;6.5364398e-02;1.1750000e+02;1.4333132e-01;1.1750000e+02;1.8976608e-01;1.1750000e+02;2.0906480e-01;1.1750000e+02;2.0075160e-01;1.1750000e+02;2.2152668e-01;1.1750000e+02;1.7866154e-01;1.1750000e+02;1.2148181e-01;1.1750000e+02;7.0537977e-02;1.1750000e+02;2.0638902e-02;1.1750000e+02;-2.3953326e-02;1.1750000e+02;-6.5517783e-02;1.1750000e+02;-1.1133644e-01;1.1750000e+02;-1.5246943e-01;1.1750000e+02;-7.1389332e-02;1.1750000e+02;-6.5530881e-02;1.1750000e+02;-3.9794393e-02;1.1750000e+02;4.0196255e-03;1.1750000e+02;6.5364398e-02;1.1750000e+02;1.4333132e-01;1.1750000e+02;1.8976608e-01;1.1750000e+02;2.0906480e-01;1.1750000e+02;2.0075160e-01;1.1750000e+02;2.2152668e-01;1.1750000e+02;1.7866154e-01;1.1750000e+02;1.2148181e-01;1.1750000e+02;7.0537977e-02;1.1750000e+02;2.0638902e-02;1.1750000e+02;-2.3953326e-02;1.1750000e+02;-6.5517783e-02;1.1750000e+02;-1.1133644e-01;1.1750000e+02;-1.5246943e-01;1.1750000e+02;-7.1389332e-02;1.1750000e+02;-6.5530881e-02;1.1750000e+02;-3.9794393e-02;1.1750000e+02;4.0196255e-03;1.1750000e+02;6.5364398e-02;1.1750000e+02;1.4333132e-01;1.1750000e+02;1.8976608e-01;1.1750000e+02;2.0906480e-01;1.1750000e+02;2.0075160e-01;1.1750000e+02;2.2152668e-01;1.1750000e+02;1.7866154e-01;1.1750000e+02;1.2148181e-01;1.1750000e+02;7.0537977e-02;1.1750000e+02;2.0638902e-02;1.1750000e+02;-2.3953326e-02;1.1750000e+02;-6.5517783e-02;1.1750000e+02;-1.1133644e-01;1.1750000e+02;-1.5246943e-01;1.1750000e+02;-7.1389332e-02;1.1750000e+02;-6.5530881e-02;1.1750000e+02;-3.9794393e-02;1.1750000e+02;4.0196255e-03;1.1750000e+02;6.5364398e-02;1.1750000e+02;1.4333132e-01;1.1750000e+02;1.8976608e-01;1.1750000e+02;2.0906480e-01;1.1750000e+02;2.0075160e-01;1.1750000e+02;2.2152668e-01;1.1750000e+02;1.7866154e-01;1.1750000e+02;1.2148181e-01;1.1750000e+02;7.0537977e-02;1.1750000e+02;2.0638902e-02;1.1750000e+02;-2.3953326e-02;1.1750000e+02;-6.5517783e-02;1.1750000e+02;-1.1133644e-01;1.1750000e+02;-1.5246943e-01;1.1750000e+02;-7.1389332e-02;1.1750000e+02;-6.5530881e-02;1.1750000e+02;-3.9794393e-02;1.1750000e+02;4.0196255e-03;1.1750000e+02;6.5364398e-02;1.1750000e+02;1.4333132e-01;1.1750000e+02;1.8976608e-01;1.1750000e+02;2.0906480e-01;1.1750000e+02;2.0075160e-01;1.1750000e+02;2.2152668e-01;1.1750000e+02;1.7866154e-01;1.1750000e+02;1.2148181e-01;1.1750000e+02;7.0537977e-02;1.1750000e+02;2.0638902e-02;1.1750000e+02;-2.3953326e-02;1.1750000e+02;-6.5517783e-02;1.1750000e+02;-1.1133644e-01;1.1750000e+02;-1.5246943e-01;1.1750000e+02;-7.1389332e-02;1.1750000e+02;-6.5530881e-02;1.1750000e+02;-3.9794393e-02;1.1750000e+02;4.0196255e-03;1.1750000e+02;6.5364398e-02;1.1750000e+02;1.4333132e-01;1.1750000e+02;1.8976608e-01;1.1750000e+02;2.0906480e-01;1.1750000e+02;2.0075160e-01;1.1750000e+02;2.2152668e-01;1.1750000e+02;1.7866154e-01;1.1750000e+02;1.2148181e-01;1.1750000e+02;7.0537977e-02;1.1750000e+02;2.0638902e-02;1.1750000e+02;-2.3953326e-02;1.1750000e+02;-6.5517783e-02;1.1750000e+02;-1.1133644e-01;1.1750000e+02;-1.5246943e-01;1.1750000e+02;-7.1389332e-02;1.1750000e+02;-6.5530881e-02;1.1750000e+02;-3.9794393e-02;1.1750000e+02;4.0196255e-03;1.1750000e+02;6.5364398e-02;1.1750000e+02;1.4333132e-01;1.1750000e+02;1.8976608e-01;1.1750000e+02;2.0906480e-01;1.1750000e+02;2.0075160e-01;1.1750000e+02;2.2152668e-01;1.1750000e+02;1.7866154e-01;1.1750000e+02;1.2148181e-01;1.1750000e+02;7.0537977e-02;1.1750000e+02;2.0638902e-02;1.1750000e+02;-2.3953326e-02;1.1750000e+02;-6.5517783e-02;1.1750000e+02;-1.1133644e-01;1.1750000e+02;-1.5246943e-01;1.1750000e+02;-7.1389332e-02;1.1750000e+02;-6.5530881e-02;1.1750000e+02;-3.9794393e-02;1.1750000e+02;4.0196255e-03;1.1750000e+02;6.5364398e-02;1.1750000e+02;1.4333132e-01;1.1750000e+02;1.8976608e-01;1.1750000e+02;2.0906480e-01;1.1750000e+02;2.0075160e-01;1.1750000e+02;2.2152668e-01;1.1750000e+02;1.7866154e-01;1.1750000e+02;1.2148181e-01;1.1750000e+02;7.0537977e-02;1.1750000e+02;2.0638902e-02;1.1750000e+02;-2.3953326e-02;1.1750000e+02;-6.5517783e-02;1.1750000e+02;-1.1133644e-01;1.1750000e+02;-1.5246943e-01;1.1750000e+02;-7.1389332e-02;1.1750000e+02;-6.5530881e-02;1.1750000e+02;-3.9794393e-02;1.1750000e+02;4.0196255e-03;1.1750000e+02;6.5364398e-02;1.1750000e+02;1.4333132e-01;1.1750000e+02;1.8976608e-01;1.1750000e+02;2.0906480e-01;1.1750000e+02;2.0075160e-01;1.1750000e+02;2.2152668e-01;1.1750000e+02;1.7866154e-01;1.1750000e+02;1.2148181e-01;1.1750000e+02;7.0537977e-02;1.1750000e+02;2.0638902e-02;1.1750000e+02;-2.3953326e-02;1.1750000e+02;-6.5517783e-02;1.1750000e+02;-1.1133644e-01;1.1750000e+02;-1.5246943e-01;1.1750000e+02;-7.1389332e-02;1.1750000e+02;-6.5530881e-02;1.1750000e+02;-3.9794393e-02;1.1750000e+02;4.0196255e-03;1.1750000e+02;6.5364398e-02;1.1750000e+02;1.4333132e-01;1.1750000e+02;1.8976608e-01;1.1750000e+02;2.0906480e-01;1.1750000e+02;2.0075160e-01;1.1750000e+02;2.2152668e-01;1.1750000e+02;1.7866154e-01;1.1750000e+02;1.2148181e-01;1.1750000e+02;7.0537977e-02;1.1750000e+02;2.0638902e-02;1.1750000e+02;-2.3953326e-02;1.1750000e+02;-6.5517783e-02;1.1750000e+02;-1.1133644e-01;1.1750000e+02;-1.5246943e-01;1.1750000e+02;-7.1389332e-02;1.1750000e+02;-6.5530881e-02;1.1750000e+02;-3.9794393e-02;1.1750000e+02;4.0196255e-03;1.1750000e+02;6.5364398e-02;1.1750000e+02;1.4333132e-01;1.1750000e+02;1.8976608e-01;1.1750000e+02;2.0906480e-01;1.1750000e+02;2.0075160e-01;1.1750000e+02;2.2152668e-01;1.1750000e+02;1.7866154e-01;1.1750000e+02;1.2148181e-01;1.1750000e+02;7.0537977e-02;1.1750000e+02;2.0638902e-02;1.1750000e+02;-2.3953326e-02;1.1750000e+02;-6.5517783e-02;1.1750000e+02;-1.1133644e-01;1.1750000e+02;-1.5246943e-01;1.1750000e+02;-7.1389332e-02;1.1750000e+02;-6.5530881e-02;1.1750000e+02;-3.9794393e-02;1.1750000e+02;4.0196255e-03;1.1750000e+02;6.5364398e-02;1.1750000e+02;1.4333132e-01;1.1750000e+02;1.8976608e-01;1.1750000e+02;2.0906480e-01;1.1750000e+02;2.0075160e-01;1.1750000e+02;2.2152668e-01;1.1750000e+02;1.7866154e-01;1.1750000e+02;1.2148181e-01;1.1750000e+02;7.0537977e-02;1.1750000e+02;2.0638902e-02;1.1750000e+02;-2.3953326e-02;1.1750000e+02;-6.5517783e-02;1.1750000e+02;-1.1133644e-01;1.1750000e+02;-1.5246943e-01;1.1750000e+02;-7.1389332e-02;1.1750000e+02;-6.5530881e-02;1.1750000e+02;-3.9794393e-02;1.1750000e+02;4.0196255e-03;1.1750000e+02;6.5364398e-02;1.1750000e+02;1.4333132e-01;1.1750000e+02;1.8976608e-01;1.1750000e+02;2.0906480e-01;1.1750000e+02;2.0075160e-01;1.1750000e+02;2.2152668e-01;1.1750000e+02;1.7866154e-01;1.1750000e+02;1.2148181e-01;1.1750000e+02;7.0537977e-02;1.1750000e+02;2.0638902e-02;1.1750000e+02;-2.3953326e-02;1.1750000e+02;-6.5517783e-02;1.1750000e+02;-1.1133644e-01;1.1750000e+02;-1.5246943e-01;1.1750000e+02;-7.1389332e-02;1.1750000e+02;-6.5530881e-02;1.1750000e+02;-3.9794393e-02;1.1750000e+02;4.0196255e-03;1.1750000e+02;6.5364398e-02;1.1750000e+02;1.4333132e-01;1.1750000e+02;1.8976608e-01;1.1750000e+02;2.0906480e-01;1.1750000e+02;2.0075160e-01;1.1750000e+02;2.2152668e-01;1.1750000e+02;1.7866154e-01;1.1750000e+02;1.2148181e-01;1.1750000e+02;7.0537977e-02;1.1750000e+02;2.0638902e-02;1.1750000e+02;-2.3953326e-02;1.1750000e+02;-6.5517783e-02;1.1750000e+02;-1.1133644e-01;1.1750000e+02;-1.5246943e-01;1.1750000e+02;-7.1389332e-02;1.1750000e+02;-6.5530881e-02;1.1750000e+02;-3.9794393e-02;1.1750000e+02;4.0196255e-03;1.1750000e+02;6.5364398e-02;1.1750000e+02;1.4333132e-01;1.1750000e+02;1.8976608e-01;1.1750000e+02;2.0906480e-01;1.1750000e+02;2.0075160e-01;1.1750000e+02;2.2152668e-01;1.1750000e+02;1.7866154e-01;1.1750000e+02;1.2148181e-01;1.1750000e+02;7.0537977e-02;1.1750000e+02;2.0638902e-02;1.1750000e+02;-2.3953326e-02;1.1750000e+02;-6.5517783e-02;1.1750000e+02;-1.1133644e-01;1.1750000e+02;-1.5246943e-01;1.1750000e+02;-7.1389332e-02;1.1750000e+02;-6.5530881e-02;1.1750000e+02;-3.9794393e-02;1.1750000e+02;4.0196255e-03;1.1750000e+02;6.5364398e-02;1.1750000e+02;1.4333132e-01;1.1750000e+02;1.8976608e-01;1.1750000e+02;2.0906480e-01;1.1750000e+02;2.0075160e-01;1.1750000e+02;2.2152668e-01;1.1750000e+02;1.7866154e-01;1.1750000e+02;1.2148181e-01;1.1750000e+02;7.0537977e-02;1.1750000e+02;2.0638902e-02;1.1750000e+02;-2.3953326e-02;1.1750000e+02;-6.5517783e-02;1.1750000e+02;-1.1133644e-01;1.1750000e+02;-1.5246943e-01;1.1750000e+02;-7.1389332e-02;1.1750000e+02;-6.5530881e-02;1.1750000e+02;-3.9794393e-02;1.1750000e+02;4.0196255e-03;1.1750000e+02;6.5364398e-02;1.1750000e+02;1.4333132e-01;1.1750000e+02;1.8976608e-01;1.1750000e+02;2.0906480e-01;1.1750000e+02;2.0075160e-01;1.1750000e+02;2.2152668e-01;1.1750000e+02;1.7866154e-01;1.1750000e+02;1.2148181e-01;1.1750000e+02;7.0537977e-02;1.1750000e+02;2.0638902e-02;1.1750000e+02;-2.3953326e-02;1.1750000e+02;-6.5517783e-02;1.1750000e+02;-1.1133644e-01;1.1750000e+02;-1.5246943e-01;1.1750000e+02;-7.1389332e-02;1.1750000e+02;-6.5530881e-02;1.1750000e+02;-3.9794393e-02;1.1750000e+02;4.0196255e-03;1.1750000e+02;6.5364398e-02;1.1750000e+02;1.4333132e-01;1.1750000e+02;1.8976608e-01;1.1750000e+02;2.0906480e-01;1.1750000e+02;2.0075160e-01;1.1750000e+02;2.2152668e-01;1.1750000e+02;1.7866154e-01;1.1750000e+02;1.2148181e-01;1.1750000e+02;7.0537977e-02;1.1750000e+02;2.0638902e-02;1.1750000e+02;-2.3953326e-02;1.1750000e+02;-6.5517783e-02;1.1750000e+02;-1.1133644e-01;1.1750000e+02;-1.5246943e-01;1.1750000e+02;-7.1389332e-02;1.1750000e+02;-6.5530881e-02;1.1750000e+02;-3.9794393e-02;1.1750000e+02;4.0196255e-03;1.1750000e+02;6.5364398e-02;1.1750000e+02;1.4333132e-01;1.1750000e+02;1.8976608e-01;1.1750000e+02;2.0906480e-01;1.1750000e+02;2.0075160e-01;1.1750000e+02;2.2152668e-01;1.1750000e+02;1.7866154e-01;1.1750000e+02;1.2148181e-01;1.1750000e+02;7.0537977e-02;1.1750000e+02;2.0638902e-02;1.1750000e+02;-2.3953326e-02;1.1750000e+02;-6.5517783e-02;1.1750000e+02;-1.1133644e-01;1.1750000e+02;-1.5246943e-01;1.1750000e+02;-7.1389332e-02;1.1750000e+02;-6.5530881e-02;1.1750000e+02;-3.9794393e-02;1.1750000e+02;4.0196255e-03;1.1750000e+02;6.5364398e-02;1.1750000e+02;1.4333132e-01;1.1750000e+02;1.8976608e-01;1.1750000e+02;2.0906480e-01;1.1750000e+02;2.0075160e-01;1.1750000e+02;2.2152668e-01;1.1750000e+02;1.7866154e-01;1.1750000e+02;1.2148181e-01;1.1750000e+02;7.0537977e-02;1.1750000e+02;2.0638902e-02;1.1750000e+02;-2.3953326e-02;1.1750000e+02;-6.5517783e-02;1.1750000e+02;-1.1133644e-01;1.1750000e+02;-1.5246943e-01;1.1750000e+02;-7.1389332e-02;1.1750000e+02;-6.5530881e-02;1.1750000e+02;-3.9794393e-02;1.1750000e+02;4.0196255e-03;1.1750000e+02;6.5364398e-02;1.1750000e+02;1.4333132e-01;1.1750000e+02;1.8976608e-01;1.1750000e+02;2.0906480e-01;1.1750000e+02;2.0075160e-01;1.1750000e+02;2.2152668e-01;1.1750000e+02;1.7866154e-01;1.1750000e+02;1.2148181e-01;1.1750000e+02;7.0537977e-02;1.1750000e+02;2.0638902e-02;1.1750000e+02;-2.3953326e-02;1.1750000e+02;-6.5517783e-02;1.1750000e+02;-1.1133644e-01;1.1750000e+02;-1.5246943e-01;1.1750000e+02;-7.1389332e-02;1.1750000e+02;-6.5530881e-02;1.1750000e+02;-3.9794393e-02;1.1750000e+02;4.0196255e-03;1.1750000e+02;6.5364398e-02;1.1750000e+02;1.4333132e-01;1.1750000e+02;1.8976608e-01;1.1750000e+02;2.0906480e-01;1.1750000e+02;2.0075160e-01;1.1750000e+02;2.2152668e-01;1.1750000e+02;1.7866154e-01;1.1750000e+02;1.2148181e-01;1.1750000e+02;7.0537977e-02;1.1750000e+02;2.0638902e-02;1.1750000e+02;-2.3953326e-02;1.1750000e+02;-6.5517783e-02;1.1750000e+02;-1.1133644e-01;1.1750000e+02;-1.5246943e-01;1.1750000e+02;-7.1389332e-02;1.1750000e+02;-6.5530881e-02;1.1750000e+02;-3.9794393e-02;1.1750000e+02;4.0196255e-03;1.1750000e+02;6.5364398e-02;1.1750000e+02;1.4333132e-01;1.1750000e+02;1.8976608e-01;1.1750000e+02;2.0906480e-01;1.1750000e+02;2.0075160e-01;1.1750000e+02;2.2152668e-01;1.1750000e+02;1.7866154e-01;1.1750000e+02;1.2148181e-01;1.1750000e+02;7.0537977e-02;1.1750000e+02;2.0638902e-02;1.1750000e+02;-2.3953326e-02;1.1750000e+02;-6.5517783e-02;1.1750000e+02;-1.1133644e-01;1.1750000e+02;-1.5246943e-01;1.1750000e+02;-7.1389332e-02;1.1750000e+02;-6.5530881e-02;1.1750000e+02;-3.9794393e-02;1.1750000e+02;4.0196255e-03;1.1750000e+02;6.5364398e-02;1.1750000e+02;1.4333132e-01;1.1750000e+02;1.8976608e-01;1.1750000e+02;2.0906480e-01;1.1750000e+02;2.0075160e-01;1.1750000e+02;2.2152668e-01;1.1750000e+02;1.7866154e-01;1.1750000e+02;1.2148181e-01;1.1750000e+02;7.0537977e-02;1.1750000e+02;2.0638902e-02;1.1750000e+02;-2.3953326e-02;1.1750000e+02;-6.5517783e-02;1.1750000e+02;-1.1133644e-01;1.1750000e+02;-1.5246943e-01;1.1750000e+02;-7.1389332e-02;1.1750000e+02;-6.5530881e-02;1.1750000e+02;-3.9794393e-02;1.1750000e+02;4.0196255e-03;1.1750000e+02;6.5364398e-02;1.1750000e+02;1.4333132e-01;1.1750000e+02;1.8976608e-01;1.1750000e+02;2.0906480e-01;1.1750000e+02;2.0075160e-01;1.1750000e+02;2.2152668e-01;1.1750000e+02;1.7866154e-01;1.1750000e+02;1.2148181e-01;1.1750000e+02;7.0537977e-02;1.1750000e+02;2.0638902e-02;1.1750000e+02;-2.3953326e-02;1.1750000e+02;-6.5517783e-02;1.1750000e+02;-1.1133644e-01;1.1750000e+02;-1.5246943e-01;1.1750000e+02;-7.1389332e-02;1.1750000e+02;-6.5530881e-02;1.1750000e+02;-3.9794393e-02;1.1750000e+02;4.0196255e-03;1.1750000e+02;6.5364398e-02;1.1750000e+02;1.4333132e-01;1.1750000e+02;1.8976608e-01;1.1750000e+02;2.0906480e-01;1.1750000e+02;2.0075160e-01;1.1750000e+02;2.2152668e-01;1.1750000e+02;1.7866154e-01;1.1750000e+02;1.2148181e-01;1.1750000e+02;7.0537977e-02;1.1750000e+02;2.0638902e-02;1.1750000e+02;-2.3953326e-02;1.1750000e+02;-6.5517783e-02;1.1750000e+02;-1.1133644e-01;1.1750000e+02;-1.5246943e-01
1.2250000e+02;-6.1562948e-02;1.2250000e+02;-5.8699109e-02;1.2250000e+02;-3.3566646e-02;1.2250000e+02;1.2628026e-02;1.2250000e+02;7.6633051e-02;1.2250000e+02;1.5538558e-01;1.2250000e+02;1.9883586e-01;1.2250000e+02;2.0710331e-01;1.2250000e+02;2.0101239e-01;1.2250000e+02;2.2736043e-01;1.2250000e+02;1.8838237e-01;1.2250000e+02;1.3208841e-01;1.2250000e+02;7.8796759e-02;1.2250000e+02;3.3164959e-02;1.2250000e+02;-1.1815734e-02;1.2250000e+02;-5.8880113e-02;1.2250000e+02;-1.0057604e-01;1.2250000e+02;-1.4437062e-01;1.2250000e+02;-6.1562948e-02;1.2250000e+02;-5.8699109e-02;1.2250000e+02;-3.3566646e-02;1.2250000e+02;1.2628026e-02;1.2250000e+02;7.6633051e-02;1.2250000e+02;1.5538558e-01;1.2250000e+02;1.9883586e-01;1.2250000e+02;2.0710331e-01;1.2250000e+02;2.0101239e-01;1.2250000e+02;2.2736043e-01;1.2250000e+02;1.8838237e-01;1.2250000e+02;1.3208841e-01;1.2250000e+02;7.8796759e-02;1.2250000e+02;3.3164959e-02;1.2250000e+02;-1.1815734e-02;1.2250000e+02;-5.8880113e-02;1.2250000e+02;-1.0057604e-01;1.2250000e+02;-1.4437062e-01;1.2250000e+02;-6.1562948e-02;1.2250000e+02;-5.8699109e-02;1.2250000e+02;-3.3566646e-02;1.2250000e+02;1.2628026e-02;1.2250000e+02;7.6633051e-02;1.2250000e+02;1.5538558e-01;1.2250000e+02;1.9883586e-01;1.2250000e+02;2.0710331e-01;1.2250000e+02;2.0101239e-01;1.2250000e+02;2.2736043e-01;1.2250000e+02;1.8838237e-01;1.2250000e+02;1.3208841e-01;1.2250000e+02;7.8796759e-02;1.2250000e+02;3.3164959e-02;1.2250000e+02;-1.1815734e-02;1.2250000e+02;-5.8880113e-02;1.2250000e+02;-1.0057604e-01;1.2250000e+02;-1.4437062e-01;1.2250000e+02;-6.1562948e-02;1.2250000e+02;-5.8699109e-02;1.2250000e+02;-3.3566646e-02;1.2250000e+02;1.2628026e-02;1.2250000e+02;7.6633051e-02;1.2250000e+02;1.5538558e-01;1.2250000e+02;1.9883586e-01;1.2250000e+02;2.0710331e-01;1.2250000e+02;2.0101239e-01;1.2250000e+02;2.2736043e-01;1.2250000e+02;1.8838237e-01;1.2250000e+02;1.3208841e-01;1.2250000e+02;7.8796759e-02;1.2250000e+02;3.3164959e-02;1.2250000e+02;-1.1815734e-02;1.2250000e+02;-5.8880113e-02;1.2250000e+02;-1.0057604e-01;1.2250000e+02;-1.4437062e-01;1.2250000e+02;-6.1562948e-02;1.2250000e+02;-5.8699109e-02;1.2250000e+02;-3.3566646e-02;1.2250000e+02;1.2628026e-02;1.2250000e+02;7.6633051e-02;1.2250000e+02;1.5538558e-01;1.2250000e+02;1.9883586e-01;1.2250000e+02;2.0710331e-01;1.2250000e+02;2.0101239e-01;1.2250000e+02;2.2736043e-01;1.2250000e+02;1.8838237e-01;1.2250000e+02;1.3208841e-01;1.2250000e+02;7.8796759e-02;1.2250000e+02;3.3164959e-02;1.2250000e+02;-1.1815734e-02;1.2250000e+02;-5.8880113e-02;1.2250000e+02;-1.0057604e-01;1.2250000e+02;-1.4437062e-01;1.2250000e+02;-6.1562948e-02;1.2250000e+02;-5.8699109e-02;1.2250000e+02;-3.3566646e-02;1.2250000e+02;1.2628026e-02;1.2250000e+02;7.6633051e-02;1.2250000e+02;1.5538558e-01;1.2250000e+02;1.9883586e-01;1.2250000e+02;2.0710331e-01;1.2250000e+02;2.0101239e-01;1.2250000e+02;2.2736043e-01;1.2250000e+02;1.8838237e-01;1.2250000e+02;1.3208841e-01;1.2250000e+02;7.8796759e-02;1.2250000e+02;3.3164959e-02;1.2250000e+02;-1.1815734e-02;1.2250000e+02;-5.8880113e-02;1.2250000e+02;-1.0057604e-01;1.2250000e+02;-1.4437062e-01;1.2250000e+02;-6.1562948e-02;1.2250000e+02;-5.8699109e-02;1.2250000e+02;-3.3566646e-02;1.2250000e+02;1.2628026e-02;1.2250000e+02;7.6633051e-02;1.2250000e+02;1.5538558e-01;1.2250000e+02;1.9883586e-01;1.2250000e+02;2.0710331e-01;1.2250000e+02;2.0101239e-01;1.2250000e+02;2.2736043e-01;1.2250000e+02;1.8838237e-01;1.2250000e+02;1.3208841e-01;1.2250000e+02;7.8796759e-02;1.2250000e+02;3.3164959e-02;1.2250000e+02;-1.1815734e-02;1.2250000e+02;-5.8880113e-02;1.2250000e+02;-1.0057604e-01;1.2250000e+02;-1.4437062e-01;1.2250000e+02;-6.1562948e-02;1.2250000e+02;-5.8699109e-02;1.2250000e+02;-3.3566646e-02;1.2250000e+02;1.2628026e-02;1.2250000e+02;7.6633051e-02;1.2250000e+02;1.5538558e-01;1.2250000e+02;1.9883586e-01;1.2250000e+02;2.0710331e-01;1.2250000e+02;2.0101239e-01;1.2250000e+02;2.2736043e-01;1.2250000e+02;1.8838237e-01;1.2250000e+02;1.3208841e-01;1.2250000e+02;7.8796759e-02;1.2250000e+02;3.3164959e-02;1.2250000e+02;-1.1815734e-02;1.2250000e+02;-5.8880113e-02;1.2250000e+02;-1.0057604e-01;1.2250000e+02;-1.4437062e-01;1.2250000e+02;-6.1562948e-02;1.2250000e+02;-5.8699109e-02;1.2250000e+02;-3.3566646e-02;1.2250000e+02;1.2628026e-02;1.2250000e+02;7.6633051e-02;1.2250000e+02;1.5538558e-01;1.2250000e+02;1.9883586e-01;1.2250000e+02;2.0710331e-01;1.2250000e+02;2.0101239e-01;1.2250000e+02;2.2736043e-01;1.2250000e+02;1.8838237e-01;1.2250000e+02;1.3208841e-01;1.2250000e+02;7.8796759e-02;1.2250000e+02;3.3164959e-02;1.2250000e+02;-1.1815734e-02;1.2250000e+02;-5.8880113e-02;1.2250000e+02;-1.0057604e-01;1.2250000e+02;-1.4437062e-01;1.2250000e+02;-6.1562948e-02;1.2250000e+02;-5.8699109e-02;1.2250000e+02;-3.3566646e-02;1.2250000e+02;1.2628026e-02;1.2250000e+02;7.6633051e-02;1.2250000e+02;1.5538558e-01;1.2250000e+02;1.9883586e-01;1.2250000e+02;2.0710331e-01;1.2250000e+02;2.0101239e-01;1.2250000e+02;2.2736043e-01;1.2250000e+02;1.8838237e-01;1.2250000e+02;1.3208841e-01;1.2250000e+02;7.8796759e-02;1.2250000e+02;3.3164959e-02;1.2250000e+02;-1.1815734e-02;1.2250000e+02;-5.8880113e-02;1.2250000e+02;-1.0057604e-01;1.2250000e+02;-1.4437062e-01;1.2250000e+02;-6.1562948e-02;1.2250000e+02;-5.8699109e-02;1.2250000e+02;-3.3566646e-02;1.2250000e+02;1.2628026e-02;1.2250000e+02;7.6633051e-02;1.2250000e+02;1.5538558e-01;1.2250000e+02;1.9883586e-01;1.2250000e+02;2.0710331e-01;1.2250000e+02;2.0101239e-01;1.2250000e+02;2.2736043e-01;1.2250000e+02;1.8838237e-01;1.2250000e+02;1.3208841e-01;1.2250000e+02;7.8796759e-02;1.2250000e+02;3.3164959e-02;1.2250000e+02;-1.1815734e-02;1.2250000e+02;-5.8880113e-02;1.2250000e+02;-1.0057604e-01;1.2250000e+02;-1.4437062e-01;1.2250000e+02;-6.1562948e-02;1.2250000e+02;-5.8699109e-02;1.2250000e+02;-3.3566646e-02;1.2250000e+02;1.2628026e-02;1.2250000e+02;7.6633051e-02;1.2250000e+02;1.5538558e-01;1.2250000e+02;1.9883586e-01;1.2250000e+02;2.0710331e-01;1.2250000e+02;2.0101239e-01;1.2250000e+02;2.2736043e-01;1.2250000e+02;1.8838237e-01;1.2250000e+02;1.3208841e-01;1.2250000e+02;7.8796759e-02;1.2250000e+02;3.3164959e-02;1.2250000e+02;-1.1815734e-02;1.2250000e+02;-5.8880113e-02;1.2250000e+02;-1.0057604e-01;1.2250000e+02;-1.4437062e-01;1.2250000e+02;-6.1562948e-02;1.2250000e+02;-5.8699109e-02;1.2250000e+02;-3.3566646e-02;1.2250000e+02;1.2628026e-02;1.2250000e+02;7.6633051e-02;1.2250000e+02;1.5538558e-01;1.2250000e+02;1.9883586e-01;1.2250000e+02;2.0710331e-01;1.2250000e+02;2.0101239e-01;1.2250000e+02;2.2736043e-01;1.2250000e+02;1.8838237e-01;1.2250000e+02;1.3208841e-01;1.2250000e+02;7.8796759e-02;1.2250000e+02;3.3164959e-02;1.2250000e+02;-1.1815734e-02;1.2250000e+02;-5.8880113e-02;1.2250000e+02;-1.0057604e-01;1.2250000e+02;-1.4437062e-01;1.2250000e+02;-6.1562948e-02;1.2250000e+02;-5.8699109e-02;1.2250000e+02;-3.3566646e-02;1.2250000e+02;1.2628026e-02;1.2250000e+02;7.6633051e-02;1.2250000e+02;1.5538558e-01;1.2250000e+02;1.9883586e-01;1.2250000e+02;2.0710331e-01;1.2250000e+02;2.0101239e-01;1.2250000e+02;2.2736043e-01;1.2250000e+02;1.8838237e-01;1.2250000e+02;1.3208841e-01;1.2250000e+02;7.8796759e-02;1.2250000e+02;3.3164959e-02;1.2250000e+02;-1.1815734e-02;1.2250000e+02;-5.8880113e-02;1.2250000e+02;-1.0057604e-01;1.2250000e+02;-1.4437062e-01;1.2250000e+02;-6.1562948e-02;1.2250000e+02;-5.8699109e-02;1.2250000e+02;-3.3566646e-02;1.2250000e+02;1.2628026e-02;1.2250000e+02;7.6633051e-02;1.2250000e+02;1.5538558e-01;1.2250000e+02;1.9883586e-01;1.2250000e+02;2.0710331e-01;1.2250000e+02;2.0101239e-01;1.2250000e+02;2.2736043e-01;1.2250000e+02;1.8838237e-01;1.2250000e+02;1.3208841e-01;1.2250000e+02;7.8796759e-02;1.2250000e+02;3.3164959e-02;1.2250000e+02;-1.1815734e-02;1.2250000e+02;-5.8880113e-02;1.2250000e+02;-1.0057604e-01;1.2250000e+02;-1.4437062e-01;1.2250000e+02;-6.1562948e-02;1.2250000e+02;-5.8699109e-02;1.2250000e+02;-3.3566646e-02;1.2250000e+02;1.2628026e-02;1.2250000e+02;7.6633051e-02;1.2250000e+02;1.5538558e-01;1.2250000e+02;1.9883586e-01;1.2250000e+02;2.0710331e-01;1.2250000e+02;2.0101239e-01;1.2250000e+02;2.2736043e-01;1.2250000e+02;1.8838237e-01;1.2250000e+02;1.3208841e-01;1.2250000e+02;7.8796759e-02;1.2250000e+02;3.3164959e-02;1.2250000e+02;-1.1815734e-02;1.2250000e+02;-5.8880113e-02;1.2250000e+02;-1.0057604e-01;1.2250000e+02;-1.4437062e-01;1.2250000e+02;-6.1562948e-02;1.2250000e+02;-5.8699109e-02;1.2250000e+02;-3.3566646e-02;1.2250000e+02;1.2628026e-02;1.2250000e+02;7.6633051e-02;1.2250000e+02;1.5538558e-01;1.2250000e+02;1.9883586e-01;1.2250000e+02;2.0710331e-01;1.2250000e+02;2.0101239e-01;1.2250000e+02;2.2736043e-01;1.2250000e+02;1.8838237e-01;1.2250000e+02;1.3208841e-01;1.2250000e+02;7.8796759e-02;1.2250000e+02;3.3164959e-02;1.2250000e+02;-1.1815734e-02;1.2250000e+02;-5.8880113e-02;1.2250000e+02;-1.0057604e-01;1.2250000e+02;-1.4437062e-01;1.2250000e+02;-6.1562948e-02;1.2250000e+02;-5.8699109e-02;1.2250000e+02;-3.3566646e-02;1.2250000e+02;1.2628026e-02;1.2250000e+02;7.6633051e-02;1.2250000e+02;1.5538558e-01;1.2250000e+02;1.9883586e-01;1.2250000e+02;2.0710331e-01;1.2250000e+02;2.0101239e-01;1.2250000e+02;2.2736043e-01;1.2250000e+02;1.8838237e-01;1.2250000e+02;1.3208841e-01;1.2250000e+02;7.8796759e-02;1.2250000e+02;3.3164959e-02;1.2250000e+02;-1.1815734e-02;1.2250000e+02;-5.8880113e-02;1.2250000e+02;-1.0057604e-01;1.2250000e+02;-1.4437062e-01;1.2250000e+02;-6.1562948e-02;1.2250000e+02;-5.8699109e-02;1.2250000e+02;-3.3566646e-02;1.2250000e+02;1.2628026e-02;1.2250000e+02;7.6633051e-02;1.2250000e+02;1.5538558e-01;1.2250000e+02;1.9883586e-01;1.2250000e+02;2.0710331e-01;1.2250000e+02;2.0101239e-01;1.2250000e+02;2.2736043e-01;1.2250000e+02;1.8838237e-01;1.2250000e+02;1.3208841e-01;1.2250000e+02;7.8796759e-02;1.2250000e+02;3.3164959e-02;1.2250000e+02;-1.1815734e-02;1.2250000e+02;-5.8880113e-02;1.2250000e+02;-1.0057604e-01;1.2250000e+02;-1.4437062e-01;1.2250000e+02;-6.1562948e-02;1.2250000e+02;-5.8699109e-02;1.2250000e+02;-3.3566646e-02;1.2250000e+02;1.2628026e-02;1.2250000e+02;7.6633051e-02;1.2250000e+02;1.5538558e-01;1.2250000e+02;1.9883586e-01;1.2250000e+02;2.0710331e-01;1.2250000e+02;2.0101239e-01;1.2250000e+02;2.2736043e-01;1.2250000e+02;1.8838237e-01;1.2250000e+02;1.3208841e-01;1.2250000e+02;7.8796759e-02;1.2250000e+02;3.3164959e-02;1.2250000e+02;-1.1815734e-02;1.2250000e+02;-5.8880113e-02;1.2250000e+02;-1.0057604e-01;1.2250000e+02;-1.4437062e-01;1.2250000e+02;-6.1562948e-02;1.2250000e+02;-5.8699109e-02;1.2250000e+02;-3.3566646e-02;1.2250000e+02;1.2628026e-02;1.2250000e+02;7.6633051e-02;1.2250000e+02;1.5538558e-01;1.2250000e+02;1.9883586e-01;1.2250000e+02;2.0710331e-01;1.2250000e+02;2.0101239e-01;1.2250000e+02;2.2736043e-01;1.2250000e+02;1.8838237e-01;1.2250000e+02;1.3208841e-01;1.2250000e+02;7.8796759e-02;1.2250000e+02;3.3164959e-02;1.2250000e+02;-1.1815734e-02;1.2250000e+02;-5.8880113e-02;1.2250000e+02;-1.0057604e-01;1.2250000e+02;-1.4437062e-01;1.2250000e+02;-6.1562948e-02;1.2250000e+02;-5.8699109e-02;1.2250000e+02;-3.3566646e-02;1.2250000e+02;1.2628026e-02;1.2250000e+02;7.6633051e-02;1.2250000e+02;1.5538558e-01;1.2250000e+02;1.9883586e-01;1.2250000e+02;2.0710331e-01;1.2250000e+02;2.0101239e-01;1.2250000e+02;2.2736043e-01;1.2250000e+02;1.8838237e-01;1.2250000e+02;1.3208841e-01;1.2250000e+02;7.8796759e-02;1.2250000e+02;3.3164959e-02;1.2250000e+02;-1.1815734e-02;1.2250000e+02;-5.8880113e-02;1.2250000e+02;-1.0057604e-01;1.2250000e+02;-1.4437062e-01;1.2250000e+02;-6.1562948e-02;1.2250000e+02;-5.8699109e-02;1.2250000e+02;-3.3566646e-02;1.2250000e+02;1.2628026e-02;1.2250000e+02;7.6633051e-02;1.2250000e+02;1.5538558e-01;1.2250000e+02;1.9883586e-01;1.2250000e+02;2.0710331e-01;1.2250000e+02;2.0101239e-01;1.2250000e+02;2.2736043e-01;1.2250000e+02;1.8838237e-01;1.2250000e+02;1.3208841e-01;1.2250000e+02;7.8796759e-02;1.2250000e+02;3.3164959e-02;1.2250000e+02;-1.1815734e-02;1.2250000e+02;-5.8880113e-02;1.2250000e+02;-1.0057604e-01;1.2250000e+02;-1.4437062e-01;1.2250000e+02;-6.1562948e-02;1.2250000e+02;-5.8699109e-02;1.2250000e+02;-3.3566646e-02;1.2250000e+02;1.2628026e-02;1.2250000e+02;7.6633051e-02;1.2250000e+02;1.5538558e-01;1.2250000e+02;1.9883586e-01;1.2250000e+02;2.0710331e-01;1.2250000e+02;2.0101239e-01;1.2250000e+02;2.2736043e-01;1.2250000e+02;1.8838237e-01;1.2250000e+02;1.3208841e-01;1.2250000e+02;7.8796759e-02;1.2250000e+02;3.3164959e-02;1.2250000e+02;-1.1815734e-02;1.2250000e+02;-5.8880113e-02;1.2250000e+02;-1.0057604e-01;1.2250000e+02;-1.4437062e-01;1.2250000e+02;-6.1562948e-02;1.2250000e+02;-5.8699109e-02;1.2250000e+02;-3.3566646e-02;1.2250000e+02;1.2628026e-02;1.2250000e+02;7.6633051e-02;1.2250000e+02;1.5538558e-01;1.2250000e+02;1.9883586e-01;1.2250000e+02;2.0710331e-01;1.2250000e+02;2.0101239e-01;1.2250000e+02;2.2736043e-01;1.2250000e+02;1.8838237e-01;1.2250000e+02;1.3208841e-01;1.2250000e+02;7.8796759e-02;1.2250000e+02;3.3164959e-02;1.2250000e+02;-1.1815734e-02;1.2250000e+02;-5.8880113e-02;1.2250000e+02;-1.0057604e-01;1.2250000e+02;-1.4437062e-01;1.2250000e+02;-6.1562948e-02;1.2250000e+02;-5.8699109e-02;1.2250000e+02;-3.3566646e-02;1.2250000e+02;1.2628026e-02;1.2250000e+02;7.6633051e-02;1.2250000e+02;1.5538558e-01;1.2250000e+02;1.9883586e-01;1.2250000e+02;2.0710331e-01;1.2250000e+02;2.0101239e-01;1.2250000e+02;2.2736043e-01;1.2250000e+02;1.8838237e-01;1.2250000e+02;1.3208841e-01;1.2250000e+02;7.8796759e-02;1.2250000e+02;3.3164959e-02;1.2250000e+02;-1.1815734e-02;1.2250000e+02;-5.8880113e-02;1.2250000e+02;-1.0057604e-01;1.2250000e+02;-1.4437062e-01;1.2250000e+02;-6.1562948e-02;1.2250000e+02;-5.8699109e-02;1.2250000e+02;-3.3566646e-02;1.2250000e+02;1.2628026e-02;1.2250000e+02;7.6633051e-02;1.2250000e+02;1.5538558e-01;1.2250000e+02;1.9883586e-01;1.2250000e+02;2.0710331e-01;1.2250000e+02;2.0101239e-01;1.2250000e+02;2.2736043e-01;1.2250000e+02;1.8838237e-01;1.2250000e+02;1.3208841e-01;1.2250000e+02;7.8796759e-02;1.2250000e+02;3.3164959e-02;1.2250000e+02;-1.1815734e-02;1.2250000e+02;-5.8880113e-02;1.2250000e+02;-1.0057604e-01;1.2250000e+02;-1.4437062e-01;1.2250000e+02;-6.1562948e-02;1.2250000e+02;-5.8699109e-02;1.2250000e+02;-3.3566646e-02;1.2250000e+02;1.2628026e-02;1.2250000e+02;7.6633051e-02;1.2250000e+02;1.5538558e-01;1.2250000e+02;1.9883586e-01;1.2250000e+02;2.0710331e-01;1.2250000e+02;2.0101239e-01;1.2250000e+02;2.2736043e-01;1.2250000e+02;1.8838237e-01;1.2250000e+02;1.3208841e-01;1.2250000e+02;7.8796759e-02;1.2250000e+02;3.3164959e-02;1.2250000e+02;-1.1815734e-02;1.2250000e+02;-5.8880113e-02;1.2250000e+02;-1.0057604e-01;1.2250000e+02;-1.4437062e-01;1.2250000e+02;-6.1562948e-02;1.2250000e+02;-5.8699109e-02;1.2250000e+02;-3.3566646e-02;1.2250000e+02;1.2628026e-02;1.2250000e+02;7.6633051e-02;1.2250000e+02;1.5538558e-01;1.2250000e+02;1.9883586e-01;1.2250000e+02;2.0710331e-01;1.2250000e+02;2.0101239e-01;1.2250000e+02;2.2736043e-01;1.2250000e+02;1.8838237e-01;1.2250000e+02;1.3208841e-01;1.2250000e+02;7.8796759e-02;1.2250000e+02;3.3164959e-02;1.2250000e+02;-1.1815734e-02;1.2250000e+02;-5.8880113e-02;1.2250000e+02;-1.0057604e-01;1.2250000e+02;-1.4437062e-01;1.2250000e+02;-6.1562948e-02;1.2250000e+02;-5.8699109e-02;1.2250000e+02;-3.3566646e-02;1.2250000e+02;1.2628026e-02;1.2250000e+02;7.6633051e-02;1.2250000e+02;1.5538558e-01;1.2250000e+02;1.9883586e-01;1.2250000e+02;2.0710331e-01;1.2250000e+02;2.0101239e-01;1.2250000e+02;2.2736043e-01;1.2250000e+02;1.8838237e-01;1.2250000e+02;1.3208841e-01;1.2250000e+02;7.8796759e-02;1.2250000e+02;3.3164959e-02;1.2250000e+02;-1.1815734e-02;1.2250000e+02;-5.8880113e-02;1.2250000e+02;-1.0057604e-01;1.2250000e+02;-1.4437062e-01;1.2250000e+02;-6.1562948e-02;1.2250000e+02;-5.8699109e-02;1.2250000e+02;-3.3566646e-02;1.2250000e+02;1.2628026e-02;1.2250000e+02;7.6633051e-02;1.2250000e+02;1.5538558e-01;1.2250000e+02;1.9883586e-01;1.2250000e+02;2.0710331e-01;1.2250000e+02;2.0101239e-01;1.2250000e+02;2.2736043e-01;1.2250000e+02;1.8838237e-01;1.2250000e+02;1.3208841e-01;1.2250000e+02;7.8796759e-02;1.2250000e+02;3.3164959e-02;1.2250000e+02;-1.1815734e-02;1.2250000e+02;-5.8880113e-02;1.2250000e+02;-1.0057604e-01;1.2250000e+02;-1.4437062e-01;1.2250000e+02;-6.1562948e-02;1.2250000e+02;-5.8699109e-02;1.2250000e+02;-3.3566646e-02;1.2250000e+02;1.2628026e-02;1.2250000e+02;7.6633051e-02;1.2250000e+02;1.5538558e-01;1.2250000e+02;1.9883586e-01;1.2250000e+02;2.0710331e-01;1.2250000e+02;2.0101239e-01;1.2250000e+02;2.2736043e-01;1.2250000e+02;1.8838237e-01;1.2250000e+02;1.3208841e-01;1.2250000e+02;7.8796759e-02;1.2250000e+02;3.3164959e-02;1.2250000e+02;-1.1815734e-02;1.2250000e+02;-5.8880113e-02;1.2250000e+02;-1.0057604e-01;1.2250000e+02;-1.4437062e-01;1.2250000e+02;-6.1562948e-02;1.2250000e+02;-5.8699109e-02;1.2250000e+02;-3.3566646e-02;1.2250000e+02;1.2628026e-02;1.2250000e+02;7.6633051e-02;1.2250000e+02;1.5538558e-01;1.2250000e+02;1.9883586e-01;1.2250000e+02;2.0710331e-01;1.2250000e+02;2.0101239e-01;1.2250000e+02;2.2736043e-01;1.2250000e+02;1.8838237e-01;1.2250000e+02;1.3208841e-01;1.2250000e+02;7.8796759e-02;1.2250000e+02;3.3164959e-02;1.2250000e+02;-1.1815734e-02;1.2250000e+02;-5.8880113e-02;1.2250000e+02;-1.0057604e-01;1.2250000e+02;-1.4437062e-01;1.2250000e+02;-6.1562948e-02;1.2250000e+02;-5.8699109e-02;1.2250000e+02;-3.3566646e-02;1.2250000e+02;1.2628026e-02;1.2250000e+02;7.6633051e-02;1.2250000e+02;1.5538558e-01;1.2250000e+02;1.9883586e-01;1.2250000e+02;2.0710331e-01;1.2250000e+02;2.0101239e-01;1.2250000e+02;2.2736043e-01;1.2250000e+02;1.8838237e-01;1.2250000e+02;1.3208841e-01;1.2250000e+02;7.8796759e-02;1.2250000e+02;3.3164959e-02;1.2250000e+02;-1.1815734e-02;1.2250000e+02;-5.8880113e-02;1.2250000e+02;-1.0057604e-01;1.2250000e+02;-1.4437062e-01;1.2250000e+02;-6.1562948e-02;1.2250000e+02;-5.8699109e-02;1.2250000e+02;-3.3566646e-02;1.2250000e+02;1.2628026e-02;1.2250000e+02;7.6633051e-02;1.2250000e+02;1.5538558e-01;1.2250000e+02;1.9883586e-01;1.2250000e+02;2.0710331e-01;1.2250000e+02;2.0101239e-01;1.2250000e+02;2.2736043e-01;1.2250000e+02;1.8838237e-01;1.2250000e+02;1.3208841e-01;1.2250000e+02;7.8796759e-02;1.2250000e+02;3.3164959e-02;1.2250000e+02;-1.1815734e-02;1.2250000e+02;-5.8880113e-02;1.2250000e+02;-1.0057604e-01;1.2250000e+02;-1.4437062e-01;1.2250000e+02;-6.1562948e-02;1.2250000e+02;-5.8699109e-02;1.2250000e+02;-3.3566646e-02;1.2250000e+02;1.2628026e-02;1.2250000e+02;7.6633051e-02;1.2250000e+02;1.5538558e-01;1.2250000e+02;1.9883586e-01;1.2250000e+02;2.0710331e-01;1.2250000e+02;2.0101239e-01;1.2250000e+02;2.2736043e-01;1.2250000e+02;1.8838237e-01;1.2250000e+02;1.3208841e-01;1.2250000e+02;7.8796759e-02;1.2250000e+02;3.3164959e-02;1.2250000e+02;-1.1815734e-02;1.2250000e+02;-5.8880113e-02;1.2250000e+02;-1.0057604e-01;1.2250000e+02;-1.4437062e-01;1.2250000e+02;-6.1562948e-02;1.2250000e+02;-5.8699109e-02;1.2250000e+02;-3.3566646e-02;1.2250000e+02;1.2628026e-02;1.2250000e+02;7.6633051e-02;1.2250000e+02;1.5538558e-01;1.2250000e+02;1.9883586e-01;1.2250000e+02;2.0710331e-01;1.2250000e+02;2.0101239e-01;1.2250000e+02;2.2736043e-01;1.2250000e+02;1.8838237e-01;1.2250000e+02;1.3208841e-01;1.2250000e+02;7.8796759e-02;1.2250000e+02;3.3164959e-02;1.2250000e+02;-1.1815734e-02;1.2250000e+02;-5.8880113e-02;1.2250000e+02;-1.0057604e-01;1.2250000e+02;-1.4437062e-01;1.2250000e+02;-6.1562948e-02;1.2250000e+02;-5.8699109e-02;1.2250000e+02;-3.3566646e-02;1.2250000e+02;1.2628026e-02;1.2250000e+02;7.6633051e-02;1.2250000e+02;1.5538558e-01;1.2250000e+02;1.9883586e-01;1.2250000e+02;2.0710331e-01;1.2250000e+02;2.0101239e-01;1.2250000e+02;2.2736043e-01;1.2250000e+02;1.8838237e-01;1.2250000e+02;1.3208841e-01;1.2250000e+02;7.8796759e-02;1.2250000e+02;3.3164959e-02;1.2250000e+02;-1.1815734e-02;1.2250000e+02;-5.8880113e-02;1.2250000e+02;-1.0057604e-01;1.2250000e+02;-1.4437062e-01;1.2250000e+02;-6.1562948e-02;1.2250000e+02;-5.8699109e-02;1.2250000e+02;-3.3566646e-02;1.2250000e+02;1.2628026e-02;1.2250000e+02;7.6633051e-02;1.2250000e+02;1.5538558e-01;1.2250000e+02;1.9883586e-01;1.2250000e+02;2.0710331e-01;1.2250000e+02;2.0101239e-01;1.2250000e+02;2.2736043e-01;1.2250000e+02;1.8838237e-01;1.2250000e+02;1.3208841e-01;1.2250000e+02;7.8796759e-02;1.2250000e+02;3.3164959e-02;1.2250000e+02;-1.1815734e-02;1.2250000e+02;-5.8880113e-02;1.2250000e+02;-1.0057604e-01;1.2250000e+02;-1.4437062e-01;1.2250000e+02;-6.1562948e-02;1.2250000e+02;-5.8699109e-02;1.2250000e+02;-3.3566646e-02;1.2250000e+02;1.2628026e-02;1.2250000e+02;7.6633051e-02;1.2250000e+02;1.5538558e-01;1.2250000e+02;1.9883586e-01;1.2250000e+02;2.0710331e-01;1.2250000e+02;2.0101239e-01;1.2250000e+02;2.2736043e-01;1.2250000e+02;1.8838237e-01;1.2250000e+02;1.3208841e-01;1.2250000e+02;7.8796759e-02;1.2250000e+02;3.3164959e-02;1.2250000e+02;-1.1815734e-02;1.2250000e+02;-5.8880113e-02;1.2250000e+02;-1.0057604e-01;1.2250000e+02;-1.4437062e-01;1.2250000e+02;-6.1562948e-02;1.2250000e+02;-5.8699109e-02;1.2250000e+02;-3.3566646e-02;1.2250000e+02;1.2628026e-02;1.2250000e+02;7.6633051e-02;1.2250000e+02;1.5538558e-01;1.2250000e+02;1.9883586e-01;1.2250000e+02;2.0710331e-01;1.2250000e+02;2.0101239e-01;1.2250000e+02;2.2736043e-01;1.2250000e+02;1.8838237e-01;1.2250000e+02;1.3208841e-01;1.2250000e+02;7.8796759e-02;1.2250000e+02;3.3164959e-02;1.2250000e+02;-1.1815734e-02;1.2250000e+02;-5.8880113e-02;1.2250000e+02;-1.0057604e-01;1.2250000e+02;-1.4437062e-01;1.2250000e+02;-6.1562948e-02;1.2250000e+02;-5.8699109e-02;1.2250000e+02;-3.3566646e-02;1.2250000e+02;1.2628026e-02;1.2250000e+02;7.6633051e-02;1.2250000e+02;1.5538558e-01;1.2250000e+02;1.9883586e-01;1.2250000e+02;2.0710331e-01;1.2250000e+02;2.0101239e-01;1.2250000e+02;2.2736043e-01;1.2250000e+02;1.8838237e-01;1.2250000e+02;1.3208841e-01;1.2250000e+02;7.8796759e-02;1.2250000e+02;3.3164959e-02;1.2250000e+02;-1.1815734e-02;1.2250000e+02;-5.8880113e-02;1.2250000e+02;-1.0057604e-01;1.2250000e+02;-1.4437062e-01;1.2250000e+02;-6.1562948e-02;1.2250000e+02;-5.8699109e-02;1.2250000e+02;-3.3566646e-02;1.2250000e+02;1.2628026e-02;1.2250000e+02;7.6633051e-02;1.2250000e+02;1.5538558e-01;1.2250000e+02;1.9883586e-01;1.2250000e+02;2.0710331e-01;1.2250000e+02;2.0101239e-01;1.2250000e+02;2.2736043e-01;1.2250000e+02;1.8838237e-01;1.2250000e+02;1.3208841e-01;1.2250000e+02;7.8796759e-02;1.2250000e+02;3.3164959e-02;1.2250000e+02;-1.1815734e-02;1.2250000e+02;-5.8880113e-02;1.2250000e+02;-1.0057604e-01;1.2250000e+02;-1.4437062e-01;1.2250000e+02;-6.1562948e-02;1.2250000e+02;-5.8699109e-02;1.2250000e+02;-3.3566646e-02;1.2250000e+02;1.2628026e-02;1.2250000e+02;7.6633051e-02;1.2250000e+02;1.5538558e-01;1.2250000e+02;1.9883586e-01;1.2250000e+02;2.0710331e-01;1.2250000e+02;2.0101239e-01;1.2250000e+02;2.2736043e-01;1.2250000e+02;1.8838237e-01;1.2250000e+02;1.3208841e-01;1.2250000e+02;7.8796759e-02;1.2250000e+02;3.3164959e-02;1.2250000e+02;-1.1815734e-02;1.2250000e+02;-5.8880113e-02;1.2250000e+02;-1.0057604e-01;1.2250000e+02;-1.4437062e-01;1.2250000e+02;-6.1562948e-02;1.2250000e+02;-5.8699109e-02;1.2250000e+02;-3.3566646e-02;1.2250000e+02;1.2628026e-02;1.2250000e+02;7.6633051e-02;1.2250000e+02;1.5538558e-01;1.2250000e+02;1.9883586e-01;1.2250000e+02;2.0710331e-01;1.2250000e+02;2.0101239e-01;1.2250000e+02;2.2736043e-01;1.2250000e+02;1.8838237e-01;1.2250000e+02;1.3208841e-01;1.2250000e+02;7.8796759e-02;1.2250000e+02;3.3164959e-02;1.2250000e+02;-1.1815734e-02;1.2250000e+02;-5.8880113e-02;1.2250000e+02;-1.0057604e-01;1.2250000e+02;-1.4437062e-01;1.2250000e+02;-6.1562948e-02;1.2250000e+02;-5.8699109e-02;1.2250000e+02;-3.3566646e-02;1.2250000e+02;1.2628026e-02;1.2250000e+02;7.6633051e-02;1.2250000e+02;1.5538558e-01;1.2250000e+02;1.9883586e-01;1.2250000e+02;2.0710331e-01;1.2250000e+02;2.0101239e-01;1.2250000e+02;2.2736043e-01;1.2250000e+02;1.8838237e-01;1.2250000e+02;1.3208841e-01;1.2250000e+02;7.8796759e-02;1.2250000e+02;3.3164959e-02;1.2250000e+02;-1.1815734e-02;1.2250000e+02;-5.8880113e-02;1.2250000e+02;-1.0057604e-01;1.2250000e+02;-1.4437062e-01;1.2250000e+02;-6.1562948e-02;1.2250000e+02;-5.8699109e-02;1.2250000e+02;-3.3566646e-02;1.2250000e+02;1.2628026e-02;1.2250000e+02;7.6633051e-02;1.2250000e+02;1.5538558e-01;1.2250000e+02;1.9883586e-01;1.2250000e+02;2.0710331e-01;1.2250000e+02;2.0101239e-01;1.2250000e+02;2.2736043e-01;1.2250000e+02;1.8838237e-01;1.2250000e+02;1.3208841e-01;1.2250000e+02;7.8796759e-02;1.2250000e+02;3.3164959e-02;1.2250000e+02;-1.1815734e-02;1.2250000e+02;-5.8880113e-02;1.2250000e+02;-1.0057604e-01;1.2250000e+02;-1.4437062e-01;1.2250000e+02;-6.1562948e-02;1.2250000e+02;-5.8699109e-02;1.2250000e+02;-3.3566646e-02;1.2250000e+02;1.2628026e-02;1.2250000e+02;7.6633051e-02;1.2250000e+02;1.5538558e-01;1.2250000e+02;1.9883586e-01;1.2250000e+02;2.0710331e-01;1.2250000e+02;2.0101239e-01;1.2250000e+02;2.2736043e-01;1.2250000e+02;1.8838237e-01;1.2250000e+02;1.3208841e-01;1.2250000e+02;7.8796759e-02;1.2250000e+02;3.3164959e-02;1.2250000e+02;-1.1815734e-02;1.2250000e+02;-5.8880113e-02;1.2250000e+02;-1.0057604e-01;1.2250000e+02;-1.4437062e-01;1.2250000e+02;-6.1562948e-02;1.2250000e+02;-5.8699109e-02;1.2250000e+02;-3.3566646e-02;1.2250000e+02;1.2628026e-02;1.2250000e+02;7.6633051e-02;1.2250000e+02;1.5538558e-01;1.2250000e+02;1.9883586e-01;1.2250000e+02;2.0710331e-01;1.2250000e+02;2.0101239e-01;1.2250000e+02;2.2736043e-01;1.2250000e+02;1.8838237e-01;1.2250000e+02;1.3208841e-01;1.2250000e+02;7.8796759e-02;1.2250000e+02;3.3164959e-02;1.2250000e+02;-1.1815734e-02;1.2250000e+02;-5.8880113e-02;1.2250000e+02;-1.0057604e-01;1.2250000e+02;-1.4437062e-01;1.2250000e+02;-6.1562948e-02;1.2250000e+02;-5.8699109e-02;1.2250000e+02;-3.3566646e-02;1.2250000e+02;1.2628026e-02;1.2250000e+02;7.6633051e-02;1.2250000e+02;1.5538558e-01;1.2250000e+02;1.9883586e-01;1.2250000e+02;2.0710331e-01;1.2250000e+02;2.0101239e-01;1.2250000e+02;2.2736043e-01;1.2250000e+02;1.8838237e-01;1.2250000e+02;1.3208841e-01;1.2250000e+02;7.8796759e-02;1.2250000e+02;3.3164959e-02;1.2250000e+02;-1.1815734e-02;1.2250000e+02;-5.8880113e-02;1.2250000e+02;-1.0057604e-01;1.2250000e+02;-1.4437062e-01;1.2250000e+02;-6.1562948e-02;1.2250000e+02;-5.8699109e-02;1.2250000e+02;-3.3566646e-02;1.2250000e+02;1.2628026e-02;1.2250000e+02;7.6633051e-02;1.2250000e+02;1.5538558e-01;1.2250000e+02;1.9883586e-01;1.2250000e+02;2.0710331e-01;1.2250000e+02;2.0101239e-01;1.2250000e+02;2.2736043e-01;1.2250000e+02;1.8838237e-01;1.2250000e+02;1.3208841e-01;1.2250000e+02;7.8796759e-02;1.2250000e+02;3.3164959e-02;1.2250000e+02;-1.1815734e-02;1.2250000e+02;-5.8880113e-02;1.2250000e+02;-1.0057604e-01;1.2250000e+02;-1.4437062e-01;1.2250000e+02;-6.1562948e-02;1.2250000e+02;-5.8699109e-02;1.2250000e+02;-3.3566646e-02;1.2250000e+02;1.2628026e-02;1.2250000e+02;7.6633051e-02;1.2250000e+02;1.5538558e-01;1.2250000e+02;1.9883586e-01;1.2250000e+02;2.0710331e-01;1.2250000e+02;2.0101239e-01;1.2250000e+02;2.2736043e-01;1.2250000e+02;1.8838237e-01;1.2250000e+02;1.3208841e-01;1.2250000e+02;7.8796759e-02;1.2250000e+02;3.3164959e-02;1.2250000e+02;-1.1815734e-02;1.2250000e+02;-5.8880113e-02;1.2250000e+02;-1.0057604e-01;1.2250000e+02;-1.4437062e-01;1.2250000e+02;-6.1562948e-02;1.2250000e+02;-5.8699109e-02;1.2250000e+02;-3.3566646e-02;1.2250000e+02;1.2628026e-02;1.2250000e+02;7.6633051e-02;1.2250000e+02;1.5538558e-01;1.2250000e+02;1.9883586e-01;1.2250000e+02;2.0710331e-01;1.2250000e+02;2.0101239e-01;1.2250000e+02;2.2736043e-01;1.2250000e+02;1.8838237e-01;1.2250000e+02;1.3208841e-01;1.2250000e+02;7.8796759e-02;1.2250000e+02;3.3164959e-02;1.2250000e+02;-1.1815734e-02;1.2250000e+02;-5.8880113e-02;1.2250000e+02;-1.0057604e-01;1.2250000e+02;-1.4437062e-01;1.2250000e+02;-6.1562948e-02;1.2250000e+02;-5.8699109e-02;1.2250000e+02;-3.3566646e-02;1.2250000e+02;1.2628026e-02;1.2250000e+02;7.6633051e-02;1.2250000e+02;1.5538558e-01;1.2250000e+02;1.9883586e-01;1.2250000e+02;2.0710331e-01;1.2250000e+02;2.0101239e-01;1.2250000e+02;2.2736043e-01;1.2250000e+02;1.8838237e-01;1.2250000e+02;1.3208841e-01;1.2250000e+02;7.8796759e-02;1.2250000e+02;3.3164959e-02;1.2250000e+02;-1.1815734e-02;1.2250000e+02;-5.8880113e-02;1.2250000e+02;-1.0057604e-01;1.2250000e+02;-1.4437062e-01;1.2250000e+02;-6.1562948e-02;1.2250000e+02;-5.8699109e-02;1.2250000e+02;-3.3566646e-02;1.2250000e+02;1.2628026e-02;1.2250000e+02;7.6633051e-02;1.2250000e+02;1.5538558e-01;1.2250000e+02;1.9883586e-01;1.2250000e+02;2.0710331e-01;1.2250000e+02;2.0101239e-01;1.2250000e+02;2.2736043e-01;1.2250000e+02;1.8838237e-01;1.2250000e+02;1.3208841e-01;1.2250000e+02;7.8796759e-02;1.2250000e+02;3.3164959e-02;1.2250000e+02;-1.1815734e-02;1.2250000e+02;-5.8880113e-02;1.2250000e+02;-1.0057604e-01;1.2250000e+02;-1.4437062e-01;1.2250000e+02;-6.1562948e-02;1.2250000e+02;-5.8699109e-02;1.2250000e+02;-3.3566646e-02;1.2250000e+02;1.2628026e-02;1.2250000e+02;7.6633051e-02;1.2250000e+02;1.5538558e-01;1.2250000e+02;1.9883586e-01;1.2250000e+02;2.0710331e-01;1.2250000e+02;2.0101239e-01;1.2250000e+02;2.2736043e-01;1.2250000e+02;1.8838237e-01;1.2250000e+02;1.3208841e-01;1.2250000e+02;7.8796759e-02;1.2250000e+02;3.3164959e-02;1.2250000e+02;-1.1815734e-02;1.2250000e+02;-5.8880113e-02;1.2250000e+02;-1.0057604e-01;1.2250000e+02;-1.4437062e-01;1.2250000e+02;-6.1562948e-02;1.2250000e+02;-5.8699109e-02;1.2250000e+02;-3.3566646e-02;1.2250000e+02;1.2628026e-02;1.2250000e+02;7.6633051e-02;1.2250000e+02;1.5538558e-01;1.2250000e+02;1.9883586e-01;1.2250000e+02;2.0710331e-01;1.2250000e+02;2.0101239e-01;1.2250000e+02;2.2736043e-01;1.2250000e+02;1.8838237e-01;1.2250000e+02;1.3208841e-01;1.2250000e+02;7.8796759e-02;1.2250000e+02;3.3164959e-02;1.2250000e+02;-1.1815734e-02;1.2250000e+02;-5.8880113e-02;1.2250000e+02;-1.0057604e-01;1.2250000e+02;-1.4437062e-01;1.2250000e+02;-6.1562948e-02;1.2250000e+02;-5.8699109e-02;1.2250000e+02;-3.3566646e-02;1.2250000e+02;1.2628026e-02;1.2250000e+02;7.6633051e-02;1.2250000e+02;1.5538558e-01;1.2250000e+02;1.9883586e-01;1.2250000e+02;2.0710331e-01;1.2250000e+02;2.0101239e-01;1.2250000e+02;2.2736043e-01;1.2250000e+02;1.8838237e-01;1.2250000e+02;1.3208841e-01;1.2250000e+02;7.8796759e-02;1.2250000e+02;3.3164959e-02;1.2250000e+02;-1.1815734e-02;1.2250000e+02;-5.8880113e-02;1.2250000e+02;-1.0057604e-01;1.2250000e+02;-1.4437062e-01;1.2250000e+02;-6.1562948e-02;1.2250000e+02;-5.8699109e-02;1.2250000e+02;-3.3566646e-02;1.2250000e+02;1.2628026e-02;1.2250000e+02;7.6633051e-02;1.2250000e+02;1.5538558e-01;1.2250000e+02;1.9883586e-01;1.2250000e+02;2.0710331e-01;1.2250000e+02;2.0101239e-01;1.2250000e+02;2.2736043e-01;1.2250000e+02;1.8838237e-01;1.2250000e+02;1.3208841e-01;1.2250000e+02;7.8796759e-02;1.2250000e+02;3.3164959e-02;1.2250000e+02;-1.1815734e-02;1.2250000e+02;-5.8880113e-02;1.2250000e+02;-1.0057604e-01;1.2250000e+02;-1.4437062e-01;1.2250000e+02;-6.1562948e-02;1.2250000e+02;-5.8699109e-02;1.2250000e+02;-3.3566646e-02;1.2250000e+02;1.2628026e-02;1.2250000e+02;7.6633051e-02;1.2250000e+02;1.5538558e-01;1.2250000e+02;1.9883586e-01;1.2250000e+02;2.0710331e-01;1.2250000e+02;2.0101239e-01;1.2250000e+02;2.2736043e-01;1.2250000e+02;1.8838237e-01;1.2250000e+02;1.3208841e-01;1.2250000e+02;7.8796759e-02;1.2250000e+02;3.3164959e-02;1.2250000e+02;-1.1815734e-02;1.2250000e+02;-5.8880113e-02;1.2250000e+02;-1.0057604e-01;1.2250000e+02;-1.4437062e-01;1.2250000e+02;-6.1562948e-02;1.2250000e+02;-5.8699109e-02;1.2250000e+02;-3.3566646e-02;1.2250000e+02;1.2628026e-02;1.2250000e+02;7.6633051e-02;1.2250000e+02;1.5538558e-01;1.2250000e+02;1.9883586e-01;1.2250000e+02;2.0710331e-01;1.2250000e+02;2.0101239e-01;1.2250000e+02;2.2736043e-01;1.2250000e+02;1.8838237e-01;1.2250000e+02;1.3208841e-01;1.2250000e+02;7.8796759e-02;1.2250000e+02;3.3164959e-02;1.2250000e+02;-1.1815734e-02;1.2250000e+02;-5.8880113e-02;1.2250000e+02;-1.0057604e-01;1.2250000e+02;-1.4437062e-01;1.2250000e+02;-6.1562948e-02;1.2250000e+02;-5.8699109e-02;1.2250000e+02;-3.3566646e-02;1.2250000e+02;1.2628026e-02;1.2250000e+02;7.6633051e-02;1.2250000e+02;1.5538558e-01;1.2250000e+02;1.9883586e-01;1.2250000e+02;2.0710331e-01;1.2250000e+02;2.0101239e-01;1.2250000e+02;2.2736043e-01;1.2250000e+02;1.8838237e-01;1.2250000e+02;1.3208841e-01;1.2250000e+02;7.8796759e-02;1.2250000e+02;3.3164959e-02;1.2250000e+02;-1.1815734e-02;1.2250000e+02;-5.8880113e-02;1.2250000e+02;-1.0057604e-01;1.2250000e+02;-1.4437062e-01;1.2250000e+02;-6.1562948e-02;1.2250000e+02;-5.8699109e-02;1.2250000e+02;-3.3566646e-02;1.2250000e+02;1.2628026e-02;1.2250000e+02;7.6633051e-02;1.2250000e+02;1.5538558e-01;1.2250000e+02;1.9883586e-01;1.2250000e+02;2.0710331e-01;1.2250000e+02;2.0101239e-01;1.2250000e+02;2.2736043e-01;1.2250000e+02;1.8838237e-01;1.2250000e+02;1.3208841e-01;1.2250000e+02;7.8796759e-02;1.2250000e+02;3.3164959e-02;1.2250000e+02;-1.1815734e-02;1.2250000e+02;-5.8880113e-02;1.2250000e+02;-1.0057604e-01;1.2250000e+02;-1.4437062e-01;1.2250000e+02;-6.1562948e-02;1.2250000e+02;-5.8699109e-02;1.2250000e+02;-3.3566646e-02;1.2250000e+02;1.2628026e-02;1.2250000e+02;7.6633051e-02;1.2250000e+02;1.5538558e-01;1.2250000e+02;1.9883586e-01;1.2250000e+02;2.0710331e-01;1.2250000e+02;2.0101239e-01;1.2250000e+02;2.2736043e-01;1.2250000e+02;1.8838237e-01;1.2250000e+02;1.3208841e-01;1.2250000e+02;7.8796759e-02;1.2250000e+02;3.3164959e-02;1.2250000e+02;-1.1815734e-02;1.2250000e+02;-5.8880113e-02;1.2250000e+02;-1.0057604e-01;1.2250000e+02;-1.4437062e-01;1.2250000e+02;-6.1562948e-02;1.2250000e+02;-5.8699109e-02;1.2250000e+02;-3.3566646e-02;1.2250000e+02;1.2628026e-02;1.2250000e+02;7.6633051e-02;1.2250000e+02;1.5538558e-01;1.2250000e+02;1.9883586e-01;1.2250000e+02;2.0710331e-01;1.2250000e+02;2.0101239e-01;1.2250000e+02;2.2736043e-01;1.2250000e+02;1.8838237e-01;1.2250000e+02;1.3208841e-01;1.2250000e+02;7.8796759e-02;1.2250000e+02;3.3164959e-02;1.2250000e+02;-1.1815734e-02;1.2250000e+02;-5.8880113e-02;1.2250000e+02;-1.0057604e-01;1.2250000e+02;-1.4437062e-01;1.2250000e+02;-6.1562948e-02;1.2250000e+02;-5.8699109e-02;1.2250000e+02;-3.3566646e-02;1.2250000e+02;1.2628026e-02;1.2250000e+02;7.6633051e-02;1.2250000e+02;1.5538558e-01;1.2250000e+02;1.9883586e-01;1.2250000e+02;2.0710331e-01;1.2250000e+02;2.0101239e-01;1.2250000e+02;2.2736043e-01;1.2250000e+02;1.8838237e-01;1.2250000e+02;1.3208841e-01;1.2250000e+02;7.8796759e-02;1.2250000e+02;3.3164959e-02;1.2250000e+02;-1.1815734e-02;1.2250000e+02;-5.8880113e-02;1.2250000e+02;-1.0057604e-01;1.2250000e+02;-1.4437062e-01;1.2250000e+02;-6.1562948e-02;1.2250000e+02;-5.8699109e-02;1.2250000e+02;-3.3566646e-02;1.2250000e+02;1.2628026e-02;1.2250000e+02;7.6633051e-02;1.2250000e+02;1.5538558e-01;1.2250000e+02;1.9883586e-01;1.2250000e+02;2.0710331e-01;1.2250000e+02;2.0101239e-01;1.2250000e+02;2.2736043e-01;1.2250000e+02;1.8838237e-01;1.2250000e+02;1.3208841e-01;1.2250000e+02;7.8796759e-02;1.2250000e+02;3.3164959e-02;1.2250000e+02;-1.1815734e-02;1.2250000e+02;-5.8880113e-02;1.2250000e+02;-1.0057604e-01;1.2250000e+02;-1.4437062e-01;1.2250000e+02;-6.1562948e-02;1.2250000e+02;-5.8699109e-02;1.2250000e+02;-3.3566646e-02;1.2250000e+02;1.2628026e-02;1.2250000e+02;7.6633051e-02;1.2250000e+02;1.5538558e-01;1.2250000e+02;1.9883586e-01;1.2250000e+02;2.0710331e-01;1.2250000e+02;2.0101239e-01;1.2250000e+02;2.2736043e-01;1.2250000e+02;1.8838237e-01;1.2250000e+02;1.3208841e-01;1.2250000e+02;7.8796759e-02;1.2250000e+02;3.3164959e-02;1.2250000e+02;-1.1815734e-02;1.2250000e+02;-5.8880113e-02;1.2250000e+02;-1.0057604e-01;1.2250000e+02;-1.4437062e-01;1.2250000e+02;-6.1562948e-02;1.2250000e+02;-5.8699109e-02;1.2250000e+02;-3.3566646e-02;1.2250000e+02;1.2628026e-02;1.2250000e+02;7.6633051e-02;1.2250000e+02;1.5538558e-01;1.2250000e+02;1.9883586e-01;1.2250000e+02;2.0710331e-01;1.2250000e+02;2.0101239e-01;1.2250000e+02;2.2736043e-01;1.2250000e+02;1.8838237e-01;1.2250000e+02;1.3208841e-01;1.2250000e+02;7.8796759e-02;1.2250000e+02;3.3164959e-02;1.2250000e+02;-1.1815734e-02;1.2250000e+02;-5.8880113e-02;1.2250000e+02;-1.0057604e-01;1.2250000e+02;-1.4437062e-01;1.2250000e+02;-6.1562948e-02;1.2250000e+02;-5.8699109e-02;1.2250000e+02;-3.3566646e-02;1.2250000e+02;1.2628026e-02;1.2250000e+02;7.6633051e-02;1.2250000e+02;1.5538558e-01;1.2250000e+02;1.9883586e-01;1.2250000e+02;2.0710331e-01;1.2250000e+02;2.0101239e-01;1.2250000e+02;2.2736043e-01;1.2250000e+02;1.8838237e-01;1.2250000e+02;1.3208841e-01;1.2250000e+02;7.8796759e-02;1.2250000e+02;3.3164959e-02;1.2250000e+02;-1.1815734e-02;1.2250000e+02;-5.8880113e-02;1.2250000e+02;-1.0057604e-01;1.2250000e+02;-1.4437062e-01;1.2250000e+02;-6.1562948e-02;1.2250000e+02;-5.8699109e-02;1.2250000e+02;-3.3566646e-02;1.2250000e+02;1.2628026e-02;1.2250000e+02;7.6633051e-02;1.2250000e+02;1.5538558e-01;1.2250000e+02;1.9883586e-01;1.2250000e+02;2.0710331e-01;1.2250000e+02;2.0101239e-01;1.2250000e+02;2.2736043e-01;1.2250000e+02;1.8838237e-01;1.2250000e+02;1.3208841e-01;1.2250000e+02;7.8796759e-02;1.2250000e+02;3.3164959e-02;1.2250000e+02;-1.1815734e-02;1.2250000e+02;-5.8880113e-02;1.2250000e+02;-1.0057604e-01;1.2250000e+02;-1.4437062e-01;1.2250000e+02;-6.1562948e-02;1.2250000e+02;-5.8699109e-02;1.2250000e+02;-3.3566646e-02;1.2250000e+02;1.2628026e-02;1.2250000e+02;7.6633051e-02;1.2250000e+02;1.5538558e-01;1.2250000e+02;1.9883586e-01;1.2250000e+02;2.0710331e-01;1.2250000e+02;2.0101239e-01;1.2250000e+02;2.2736043e-01;1.2250000e+02;1.8838237e-01;1.2250000e+02;1.3208841e-01;1.2250000e+02;7.8796759e-02;1.2250000e+02;3.3164959e-02;1.2250000e+02;-1.1815734e-02;1.2250000e+02;-5.8880113e-02;1.2250000e+02;-1.0057604e-01;1.2250000e+02;-1.4437062e-01;1.2250000e+02;-6.1562948e-02;1.2250000e+02;-5.8699109e-02;1.2250000e+02;-3.3566646e-02;1.2250000e+02;1.2628026e-02;1.2250000e+02;7.6633051e-02;1.2250000e+02;1.5538558e-01;1.2250000e+02;1.9883586e-01;1.2250000e+02;2.0710331e-01;1.2250000e+02;2.0101239e-01;1.2250000e+02;2.2736043e-01;1.2250000e+02;1.8838237e-01;1.2250000e+02;1.3208841e-01;1.2250000e+02;7.8796759e-02;1.2250000e+02;3.3164959e-02;1.2250000e+02;-1.1815734e-02;1.2250000e+02;-5.8880113e-02;1.2250000e+02;-1.0057604e-01;1.2250000e+02;-1.4437062e-01;1.2250000e+02;-6.1562948e-02;1.2250000e+02;-5.8699109e-02;1.2250000e+02;-3.3566646e-02;1.2250000e+02;1.2628026e-02;1.2250000e+02;7.6633051e-02;1.2250000e+02;1.5538558e-01;1.2250000e+02;1.9883586e-01;1.2250000e+02;2.0710331e-01;1.2250000e+02;2.0101239e-01;1.2250000e+02;2.2736043e-01;1.2250000e+02;1.8838237e-01;1.2250000e+02;1.3208841e-01;1.2250000e+02;7.8796759e-02;1.2250000e+02;3.3164959e-02;1.2250000e+02;-1.1815734e-02;1.2250000e+02;-5.8880113e-02;1.2250000e+02;-1.0057604e-01;1.2250000e+02;-1.4437062e-01;1.2250000e+02;-6.1562948e-02;1.2250000e+02;-5.8699109e-02;1.2250000e+02;-3.3566646e-02;1.2250000e+02;1.2628026e-02;1.2250000e+02;7.6633051e-02;1.2250000e+02;1.5538558e-01;1.2250000e+02;1.9883586e-01;1.2250000e+02;2.0710331e-01;1.2250000e+02;2.0101239e-01;1.2250000e+02;2.2736043e-01;1.2250000e+02;1.8838237e-01;1.2250000e+02;1.3208841e-01;1.2250000e+02;7.8796759e-02;1.2250000e+02;3.3164959e-02;1.2250000e+02;-1.1815734e-02;1.2250000e+02;-5.8880113e-02;1.2250000e+02;-1.0057604e-01;1.2250000e+02;-1.4437062e-01;1.2250000e+02;-6.1562948e-02;1.2250000e+02;-5.8699109e-02;1.2250000e+02;-3.3566646e-02;1.2250000e+02;1.2628026e-02;1.2250000e+02;7.6633051e-02;1.2250000e+02;1.5538558e-01;1.2250000e+02;1.9883586e-01;1.2250000e+02;2.0710331e-01;1.2250000e+02;2.0101239e-01;1.2250000e+02;2.2736043e-01;1.2250000e+02;1.8838237e-01;1.2250000e+02;1.3208841e-01;1.2250000e+02;7.8796759e-02;1.2250000e+02;3.3164959e-02;1.2250000e+02;-1.1815734e-02;1.2250000e+02;-5.8880113e-02;1.2250000e+02;-1.0057604e-01;1.2250000e+02;-1.4437062e-01;1.2250000e+02;-6.1562948e-02;1.2250000e+02;-5.8699109e-02;1.2250000e+02;-3.3566646e-02;1.2250000e+02;1.2628026e-02;1.2250000e+02;7.6633051e-02;1.2250000e+02;1.5538558e-01;1.2250000e+02;1.9883586e-01;1.2250000e+02;2.0710331e-01;1.2250000e+02;2.0101239e-01;1.2250000e+02;2.2736043e-01;1.2250000e+02;1.8838237e-01;1.2250000e+02;1.3208841e-01;1.2250000e+02;7.8796759e-02;1.2250000e+02;3.3164959e-02;1.2250000e+02;-1.1815734e-02;1.2250000e+02;-5.8880113e-02;1.2250000e+02;-1.0057604e-01;1.2250000e+02;-1.4437062e-01;1.2250000e+02;-6.1562948e-02;1.2250000e+02;-5.8699109e-02;1.2250000e+02;-3.3566646e-02;1.2250000e+02;1.2628026e-02;1.2250000e+02;7.6633051e-02;1.2250000e+02;1.5538558e-01;1.2250000e+02;1.9883586e-01;1.2250000e+02;2.0710331e-01;1.2250000e+02;2.0101239e-01;1.2250000e+02;2.2736043e-01;1.2250000e+02;1.8838237e-01;1.2250000e+02;1.3208841e-01;1.2250000e+02;7.8796759e-02;1.2250000e+02;3.3164959e-02;1.2250000e+02;-1.1815734e-02;1.2250000e+02;-5.8880113e-02;1.2250000e+02;-1.0057604e-01;1.2250000e+02;-1.4437062e-01;1.2250000e+02;-6.1562948e-02;1.2250000e+02;-5.8699109e-02;1.2250000e+02;-3.3566646e-02;1.2250000e+02;1.2628026e-02;1.2250000e+02;7.6633051e-02;1.2250000e+02;1.5538558e-01;1.2250000e+02;1.9883586e-01;1.2250000e+02;2.0710331e-01;1.2250000e+02;2.0101239e-01;1.2250000e+02;2.2736043e-01;1.2250000e+02;1.8838237e-01;1.2250000e+02;1.3208841e-01;1.2250000e+02;7.8796759e-02;1.2250000e+02;3.3164959e-02;1.2250000e+02;-1.1815734e-02;1.2250000e+02;-5.8880113e-02;1.2250000e+02;-1.0057604e-01;1.2250000e+02;-1.4437062e-01;1.2250000e+02;-6.1562948e-02;1.2250000e+02;-5.8699109e-02;1.2250000e+02;-3.3566646e-02;1.2250000e+02;1.2628026e-02;1.2250000e+02;7.6633051e-02;1.2250000e+02;1.5538558e-01;1.2250000e+02;1.9883586e-01;1.2250000e+02;2.0710331e-01;1.2250000e+02;2.0101239e-01;1.2250000e+02;2.2736043e-01;1.2250000e+02;1.8838237e-01;1.2250000e+02;1.3208841e-01;1.2250000e+02;7.8796759e-02;1.2250000e+02;3.3164959e-02;1.2250000e+02;-1.1815734e-02;1.2250000e+02;-5.8880113e-02;1.2250000e+02;-1.0057604e-01;1.2250000e+02;-1.4437062e-01;1.2250000e+02;-6.1562948e-02;1.2250000e+02;-5.8699109e-02;1.2250000e+02;-3.3566646e-02;1.2250000e+02;1.2628026e-02;1.2250000e+02;7.6633051e-02;1.2250000e+02;1.5538558e-01;1.2250000e+02;1.9883586e-01;1.2250000e+02;2.0710331e-01;1.2250000e+02;2.0101239e-01;1.2250000e+02;2.2736043e-01;1.2250000e+02;1.8838237e-01;1.2250000e+02;1.3208841e-01;1.2250000e+02;7.8796759e-02;1.2250000e+02;3.3164959e-02;1.2250000e+02;-1.1815734e-02;1.2250000e+02;-5.8880113e-02;1.2250000e+02;-1.0057604e-01;1.2250000e+02;-1.4437062e-01;1.2250000e+02;-6.1562948e-02;1.2250000e+02;-5.8699109e-02;1.2250000e+02;-3.3566646e-02;1.2250000e+02;1.2628026e-02;1.2250000e+02;7.6633051e-02;1.2250000e+02;1.5538558e-01;1.2250000e+02;1.9883586e-01;1.2250000e+02;2.0710331e-01;1.2250000e+02;2.0101239e-01;1.2250000e+02;2.2736043e-01;1.2250000e+02;1.8838237e-01;1.2250000e+02;1.3208841e-01;1.2250000e+02;7.8796759e-02;1.2250000e+02;3.3164959e-02;1.2250000e+02;-1.1815734e-02;1.2250000e+02;-5.8880113e-02;1.2250000e+02;-1.0057604e-01;1.2250000e+02;-1.4437062e-01;1.2250000e+02;-6.1562948e-02;1.2250000e+02;-5.8699109e-02;1.2250000e+02;-3.3566646e-02;1.2250000e+02;1.2628026e-02;1.2250000e+02;7.6633051e-02;1.2250000e+02;1.5538558e-01;1.2250000e+02;1.9883586e-01;1.2250000e+02;2.0710331e-01;1.2250000e+02;2.0101239e-01;1.2250000e+02;2.2736043e-01;1.2250000e+02;1.8838237e-01;1.2250000e+02;1.3208841e-01;1.2250000e+02;7.8796759e-02;1.2250000e+02;3.3164959e-02;1.2250000e+02;-1.1815734e-02;1.2250000e+02;-5.8880113e-02;1.2250000e+02;-1.0057604e-01;1.2250000e+02;-1.4437062e-01;1.2250000e+02;-6.1562948e-02;1.2250000e+02;-5.8699109e-02;1.2250000e+02;-3.3566646e-02;1.2250000e+02;1.2628026e-02;1.2250000e+02;7.6633051e-02;1.2250000e+02;1.5538558e-01;1.2250000e+02;1.9883586e-01;1.2250000e+02;2.0710331e-01;1.2250000e+02;2.0101239e-01;1.2250000e+02;2.2736043e-01;1.2250000e+02;1.8838237e-01;1.2250000e+02;1.3208841e-01;1.2250000e+02;7.8796759e-02;1.2250000e+02;3.3164959e-02;1.2250000e+02;-1.1815734e-02;1.2250000e+02;-5.8880113e-02;1.2250000e+02;-1.0057604e-01;1.2250000e+02;-1.4437062e-01;1.2250000e+02;-6.1562948e-02;1.2250000e+02;-5.8699109e-02;1.2250000e+02;-3.3566646e-02;1.2250000e+02;1.2628026e-02;1.2250000e+02;7.6633051e-02;1.2250000e+02;1.5538558e-01;1.2250000e+02;1.9883586e-01;1.2250000e+02;2.0710331e-01;1.2250000e+02;2.0101239e-01;1.2250000e+02;2.2736043e-01;1.2250000e+02;1.8838237e-01;1.2250000e+02;1.3208841e-01;1.2250000e+02;7.8796759e-02;1.2250000e+02;3.3164959e-02;1.2250000e+02;-1.1815734e-02;1.2250000e+02;-5.8880113e-02;1.2250000e+02;-1.0057604e-01;1.2250000e+02;-1.4437062e-01;1.2250000e+02;-6.1562948e-02;1.2250000e+02;-5.8699109e-02;1.2250000e+02;-3.3566646e-02;1.2250000e+02;1.2628026e-02;1.2250000e+02;7.6633051e-02;1.2250000e+02;1.5538558e-01;1.2250000e+02;1.9883586e-01;1.2250000e+02;2.0710331e-01;1.2250000e+02;2.0101239e-01;1.2250000e+02;2.2736043e-01;1.2250000e+02;1.8838237e-01;1.2250000e+02;1.3208841e-01;1.2250000e+02;7.8796759e-02;1.2250000e+02;3.3164959e-02;1.2250000e+02;-1.1815734e-02;1.2250000e+02;-5.8880113e-02;1.2250000e+02;-1.0057604e-01;1.2250000e+02;-1.4437062e-01;1.2250000e+02;-6.1562948e-02;1.2250000e+02;-5.8699109e-02;1.2250000e+02;-3.3566646e-02;1.2250000e+02;1.2628026e-02;1.2250000e+02;7.6633051e-02;1.2250000e+02;1.5538558e-01;1.2250000e+02;1.9883586e-01;1.2250000e+02;2.0710331e-01;1.2250000e+02;2.0101239e-01;1.2250000e+02;2.2736043e-01;1.2250000e+02;1.8838237e-01;1.2250000e+02;1.3208841e-01;1.2250000e+02;7.8796759e-02;1.2250000e+02;3.3164959e-02;1.2250000e+02;-1.1815734e-02;1.2250000e+02;-5.8880113e-02;1.2250000e+02;-1.0057604e-01;1.2250000e+02;-1.4437062e-01;1.2250000e+02;-6.1562948e-02;1.2250000e+02;-5.8699109e-02;1.2250000e+02;-3.3566646e-02;1.2250000e+02;1.2628026e-02;1.2250000e+02;7.6633051e-02;1.2250000e+02;1.5538558e-01;1.2250000e+02;1.9883586e-01;1.2250000e+02;2.0710331e-01;1.2250000e+02;2.0101239e-01;1.2250000e+02;2.2736043e-01;1.2250000e+02;1.8838237e-01;1.2250000e+02;1.3208841e-01;1.2250000e+02;7.8796759e-02;1.2250000e+02;3.3164959e-02;1.2250000e+02;-1.1815734e-02;1.2250000e+02;-5.8880113e-02;1.2250000e+02;-1.0057604e-01;1.2250000e+02;-1.4437062e-01;1.2250000e+02;-6.1562948e-02;1.2250000e+02;-5.8699109e-02;1.2250000e+02;-3.3566646e-02;1.2250000e+02;1.2628026e-02;1.2250000e+02;7.6633051e-02;1.2250000e+02;1.5538558e-01;1.2250000e+02;1.9883586e-01;1.2250000e+02;2.0710331e-01;1.2250000e+02;2.0101239e-01;1.2250000e+02;2.2736043e-01;1.2250000e+02;1.8838237e-01;1.2250000e+02;1.3208841e-01;1.2250000e+02;7.8796759e-02;1.2250000e+02;3.3164959e-02;1.2250000e+02;-1.1815734e-02;1.2250000e+02;-5.8880113e-02;1.2250000e+02;-1.0057604e-01;1.2250000e+02;-1.4437062e-01;1.2250000e+02;-6.1562948e-02;1.2250000e+02;-5.8699109e-02;1.2250000e+02;-3.3566646e-02;1.2250000e+02;1.2628026e-02;1.2250000e+02;7.6633051e-02;1.2250000e+02;1.5538558e-01;1.2250000e+02;1.9883586e-01;1.2250000e+02;2.0710331e-01;1.2250000e+02;2.0101239e-01;1.2250000e+02;2.2736043e-01;1.2250000e+02;1.8838237e-01;1.2250000e+02;1.3208841e-01;1.2250000e+02;7.8796759e-02;1.2250000e+02;3.3164959e-02;1.2250000e+02;-1.1815734e-02;1.2250000e+02;-5.8880113e-02;1.2250000e+02;-1.0057604e-01;1.2250000e+02;-1.4437062e-01;1.2250000e+02;-6.1562948e-02;1.2250000e+02;-5.8699109e-02;1.2250000e+02;-3.3566646e-02;1.2250000e+02;1.2628026e-02;1.2250000e+02;7.6633051e-02;1.2250000e+02;1.5538558e-01;1.2250000e+02;1.9883586e-01;1.2250000e+02;2.0710331e-01;1.2250000e+02;2.0101239e-01;1.2250000e+02;2.2736043e-01;1.2250000e+02;1.8838237e-01;1.2250000e+02;1.3208841e-01;1.2250000e+02;7.8796759e-02;1.2250000e+02;3.3164959e-02;1.2250000e+02;-1.1815734e-02;1.2250000e+02;-5.8880113e-02;1.2250000e+02;-1.0057604e-01;1.2250000e+02;-1.4437062e-01;1.2250000e+02;-6.1562948e-02;1.2250000e+02;-5.8699109e-02;1.2250000e+02;-3.3566646e-02;1.2250000e+02;1.2628026e-02;1.2250000e+02;7.6633051e-02;1.2250000e+02;1.5538558e-01;1.2250000e+02;1.9883586e-01;1.2250000e+02;2.0710331e-01;1.2250000e+02;2.0101239e-01;1.2250000e+02;2.2736043e-01;1.2250000e+02;1.8838237e-01;1.2250000e+02;1.3208841e-01;1.2250000e+02;7.8796759e-02;1.2250000e+02;3.3164959e-02;1.2250000e+02;-1.1815734e-02;1.2250000e+02;-5.8880113e-02;1.2250000e+02;-1.0057604e-01;1.2250000e+02;-1.4437062e-01;1.2250000e+02;-6.1562948e-02;1.2250000e+02;-5.8699109e-02;1.2250000e+02;-3.3566646e-02;1.2250000e+02;1.2628026e-02;1.2250000e+02;7.6633051e-02;1.2250000e+02;1.5538558e-01;1.2250000e+02;1.9883586e-01;1.2250000e+02;2.0710331e-01;1.2250000e+02;2.0101239e-01;1.2250000e+02;2.2736043e-01;1.2250000e+02;1.8838237e-01;1.2250000e+02;1.3208841e-01;1.2250000e+02;7.8796759e-02;1.2250000e+02;3.3164959e-02;1.2250000e+02;-1.1815734e-02;1.2250000e+02;-5.8880113e-02;1.2250000e+02;-1.0057604e-01;1.2250000e+02;-1.4437062e-01;1.2250000e+02;-6.1562948e-02;1.2250000e+02;-5.8699109e-02;1.2250000e+02;-3.3566646e-02;1.2250000e+02;1.2628026e-02;1.2250000e+02;7.6633051e-02;1.2250000e+02;1.5538558e-01;1.2250000e+02;1.9883586e-01;1.2250000e+02;2.0710331e-01;1.2250000e+02;2.0101239e-01;1.2250000e+02;2.2736043e-01;1.2250000e+02;1.8838237e-01;1.2250000e+02;1.3208841e-01;1.2250000e+02;7.8796759e-02;1.2250000e+02;3.3164959e-02;1.2250000e+02;-1.1815734e-02;1.2250000e+02;-5.8880113e-02;1.2250000e+02;-1.0057604e-01;1.2250000e+02;-1.4437062e-01;1.2250000e+02;-6.1562948e-02;1.2250000e+02;-5.8699109e-02;1.2250000e+02;-3.3566646e-02;1.2250000e+02;1.2628026e-02;1.2250000e+02;7.6633051e-02;1.2250000e+02;1.5538558e-01;1.2250000e+02;1.9883586e-01;1.2250000e+02;2.0710331e-01;1.2250000e+02;2.0101239e-01;1.2250000e+02;2.2736043e-01;1.2250000e+02;1.8838237e-01;1.2250000e+02;1.3208841e-01;1.2250000e+02;7.8796759e-02;1.2250000e+02;3.3164959e-02;1.2250000e+02;-1.1815734e-02;1.2250000e+02;-5.8880113e-02;1.2250000e+02;-1.0057604e-01;1.2250000e+02;-1.4437062e-01;1.2250000e+02;-6.1562948e-02;1.2250000e+02;-5.8699109e-02;1.2250000e+02;-3.3566646e-02;1.2250000e+02;1.2628026e-02;1.2250000e+02;7.6633051e-02;1.2250000e+02;1.5538558e-01;1.2250000e+02;1.9883586e-01;1.2250000e+02;2.0710331e-01;1.2250000e+02;2.0101239e-01;1.2250000e+02;2.2736043e-01;1.2250000e+02;1.8838237e-01;1.2250000e+02;1.3208841e-01;1.2250000e+02;7.8796759e-02;1.2250000e+02;3.3164959e-02;1.2250000e+02;-1.1815734e-02;1.2250000e+02;-5.8880113e-02;1.2250000e+02;-1.0057604e-01;1.2250000e+02;-1.4437062e-01;1.2250000e+02;-6.1562948e-02;1.2250000e+02;-5.8699109e-02;1.2250000e+02;-3.3566646e-02;1.2250000e+02;1.2628026e-02;1.2250000e+02;7.6633051e-02;1.2250000e+02;1.5538558e-01;1.2250000e+02;1.9883586e-01;1.2250000e+02;2.0710331e-01;1.2250000e+02;2.0101239e-01;1.2250000e+02;2.2736043e-01;1.2250000e+02;1.8838237e-01;1.2250000e+02;1.3208841e-01;1.2250000e+02;7.8796759e-02;1.2250000e+02;3.3164959e-02;1.2250000e+02;-1.1815734e-02;1.2250000e+02;-5.8880113e-02;1.2250000e+02;-1.0057604e-01;1.2250000e+02;-1.4437062e-01;1.2250000e+02;-6.1562948e-02;1.2250000e+02;-5.8699109e-02;1.2250000e+02;-3.3566646e-02;1.2250000e+02;1.2628026e-02;1.2250000e+02;7.6633051e-02;1.2250000e+02;1.5538558e-01;1.2250000e+02;1.9883586e-01;1.2250000e+02;2.0710331e-01;1.2250000e+02;2.0101239e-01;1.2250000e+02;2.2736043e-01;1.2250000e+02;1.8838237e-01;1.2250000e+02;1.3208841e-01;1.2250000e+02;7.8796759e-02;1.2250000e+02;3.3164959e-02;1.2250000e+02;-1.1815734e-02;1.2250000e+02;-5.8880113e-02;1.2250000e+02;-1.0057604e-01;1.2250000e+02;-1.4437062e-01;1.2250000e+02;-6.1562948e-02;1.2250000e+02;-5.8699109e-02;1.2250000e+02;-3.3566646e-02;1.2250000e+02;1.2628026e-02;1.2250000e+02;7.6633051e-02;1.2250000e+02;1.5538558e-01;1.2250000e+02;1.9883586e-01;1.2250000e+02;2.0710331e-01;1.2250000e+02;2.0101239e-01;1.2250000e+02;2.2736043e-01;1.2250000e+02;1.8838237e-01;1.2250000e+02;1.3208841e-01;1.2250000e+02;7.8796759e-02;1.2250000e+02;3.3164959e-02;1.2250000e+02;-1.1815734e-02;1.2250000e+02;-5.8880113e-02;1.2250000e+02;-1.0057604e-01;1.2250000e+02;-1.4437062e-01;1.2250000e+02;-6.1562948e-02;1.2250000e+02;-5.8699109e-02;1.2250000e+02;-3.3566646e-02;1.2250000e+02;1.2628026e-02;1.2250000e+02;7.6633051e-02;1.2250000e+02;1.5538558e-01;1.2250000e+02;1.9883586e-01;1.2250000e+02;2.0710331e-01;1.2250000e+02;2.0101239e-01;1.2250000e+02;2.2736043e-01;1.2250000e+02;1.8838237e-01;1.2250000e+02;1.3208841e-01;1.2250000e+02;7.8796759e-02;1.2250000e+02;3.3164959e-02;1.2250000e+02;-1.1815734e-02;1.2250000e+02;-5.8880113e-02;1.2250000e+02;-1.0057604e-01;1.2250000e+02;-1.4437062e-01;1.2250000e+02;-6.1562948e-02;1.2250000e+02;-5.8699109e-02;1.2250000e+02;-3.3566646e-02;1.2250000e+02;1.2628026e-02;1.2250000e+02;7.6633051e-02;1.2250000e+02;1.5538558e-01;1.2250000e+02;1.9883586e-01;1.2250000e+02;2.0710331e-01;1.2250000e+02;2.0101239e-01;1.2250000e+02;2.2736043e-01;1.2250000e+02;1.8838237e-01;1.2250000e+02;1.3208841e-01;1.2250000e+02;7.8796759e-02;1.2250000e+02;3.3164959e-02;1.2250000e+02;-1.1815734e-02;1.2250000e+02;-5.8880113e-02;1.2250000e+02;-1.0057604e-01;1.2250000e+02;-1.4437062e-01;1.2250000e+02;-6.1562948e-02;1.2250000e+02;-5.8699109e-02;1.2250000e+02;-3.3566646e-02;1.2250000e+02;1.2628026e-02;1.2250000e+02;7.6633051e-02;1.2250000e+02;1.5538558e-01;1.2250000e+02;1.9883586e-01;1.2250000e+02;2.0710331e-01;1.2250000e+02;2.0101239e-01;1.2250000e+02;2.2736043e-01;1.2250000e+02;1.8838237e-01;1.2250000e+02;1.3208841e-01;1.2250000e+02;7.8796759e-02;1.2250000e+02;3.3164959e-02;1.2250000e+02;-1.1815734e-02;1.2250000e+02;-5.8880113e-02;1.2250000e+02;-1.0057604e-01;1.2250000e+02;-1.4437062e-01;1.2250000e+02;-6.1562948e-02;1.2250000e+02;-5.8699109e-02;1.2250000e+02;-3.3566646e-02;1.2250000e+02;1.2628026e-02;1.2250000e+02;7.6633051e-02;1.2250000e+02;1.5538558e-01;1.2250000e+02;1.9883586e-01;1.2250000e+02;2.0710331e-01;1.2250000e+02;2.0101239e-01;1.2250000e+02;2.2736043e-01;1.2250000e+02;1.8838237e-01;1.2250000e+02;1.3208841e-01;1.2250000e+02;7.8796759e-02;1.2250000e+02;3.3164959e-02;1.2250000e+02;-1.1815734e-02;1.2250000e+02;-5.8880113e-02;1.2250000e+02;-1.0057604e-01;1.2250000e+02;-1.4437062e-01;1.2250000e+02;-6.1562948e-02;1.2250000e+02;-5.8699109e-02;1.2250000e+02;-3.3566646e-02;1.2250000e+02;1.2628026e-02;1.2250000e+02;7.6633051e-02;1.2250000e+02;1.5538558e-01;1.2250000e+02;1.9883586e-01;1.2250000e+02;2.0710331e-01;1.2250000e+02;2.0101239e-01;1.2250000e+02;2.2736043e-01;1.2250000e+02;1.8838237e-01;1.2250000e+02;1.3208841e-01;1.2250000e+02;7.8796759e-02;1.2250000e+02;3.3164959e-02;1.2250000e+02;-1.1815734e-02;1.2250000e+02;-5.8880113e-02;1.2250000e+02;-1.0057604e-01;1.2250000e+02;-1.4437062e-01;1.2250000e+02;-6.1562948e-02;1.2250000e+02;-5.8699109e-02;1.2250000e+02;-3.3566646e-02;1.2250000e+02;1.2628026e-02;1.2250000e+02;7.6633051e-02;1.2250000e+02;1.5538558e-01;1.2250000e+02;1.9883586e-01;1.2250000e+02;2.0710331e-01;1.2250000e+02;2.0101239e-01;1.2250000e+02;2.2736043e-01;1.2250000e+02;1.8838237e-01;1.2250000e+02;1.3208841e-01;1.2250000e+02;7.8796759e-02;1.2250000e+02;3.3164959e-02;1.2250000e+02;-1.1815734e-02;1.2250000e+02;-5.8880113e-02;1.2250000e+02;-1.0057604e-01;1.2250000e+02;-1.4437062e-01;1.2250000e+02;-6.1562948e-02;1.2250000e+02;-5.8699109e-02;1.2250000e+02;-3.3566646e-02;1.2250000e+02;1.2628026e-02;1.2250000e+02;7.6633051e-02;1.2250000e+02;1.5538558e-01;1.2250000e+02;1.9883586e-01;1.2250000e+02;2.0710331e-01;1.2250000e+02;2.0101239e-01;1.2250000e+02;2.2736043e-01;1.2250000e+02;1.8838237e-01;1.2250000e+02;1.3208841e-01;1.2250000e+02;7.8796759e-02;1.2250000e+02;3.3164959e-02;1.2250000e+02;-1.1815734e-02;1.2250000e+02;-5.8880113e-02;1.2250000e+02;-1.0057604e-01;1.2250000e+02;-1.4437062e-01;1.2250000e+02;-6.1562948e-02;1.2250000e+02;-5.8699109e-02;1.2250000e+02;-3.3566646e-02;1.2250000e+02;1.2628026e-02;1.2250000e+02;7.6633051e-02;1.2250000e+02;1.5538558e-01;1.2250000e+02;1.9883586e-01;1.2250000e+02;2.0710331e-01;1.2250000e+02;2.0101239e-01;1.2250000e+02;2.2736043e-01;1.2250000e+02;1.8838237e-01;1.2250000e+02;1.3208841e-01;1.2250000e+02;7.8796759e-02;1.2250000e+02;3.3164959e-02;1.2250000e+02;-1.1815734e-02;1.2250000e+02;-5.8880113e-02;1.2250000e+02;-1.0057604e-01;1.2250000e+02;-1.4437062e-01;1.2250000e+02;-6.1562948e-02;1.2250000e+02;-5.8699109e-02;1.2250000e+02;-3.3566646e-02;1.2250000e+02;1.2628026e-02;1.2250000e+02;7.6633051e-02;1.2250000e+02;1.5538558e-01;1.2250000e+02;1.9883586e-01;1.2250000e+02;2.0710331e-01;1.2250000e+02;2.0101239e-01;1.2250000e+02;2.2736043e-01;1.2250000e+02;1.8838237e-01;1.2250000e+02;1.3208841e-01;1.2250000e+02;7.8796759e-02;1.2250000e+02;3.3164959e-02;1.2250000e+02;-1.1815734e-02;1.2250000e+02;-5.8880113e-02;1.2250000e+02;-1.0057604e-01;1.2250000e+02;-1.4437062e-01;1.2250000e+02;-6.1562948e-02;1.2250000e+02;-5.8699109e-02;1.2250000e+02;-3.3566646e-02;1.2250000e+02;1.2628026e-02;1.2250000e+02;7.6633051e-02;1.2250000e+02;1.5538558e-01;1.2250000e+02;1.9883586e-01;1.2250000e+02;2.0710331e-01;1.2250000e+02;2.0101239e-01;1.2250000e+02;2.2736043e-01;1.2250000e+02;1.8838237e-01;1.2250000e+02;1.3208841e-01;1.2250000e+02;7.8796759e-02;1.2250000e+02;3.3164959e-02;1.2250000e+02;-1.1815734e-02;1.2250000e+02;-5.8880113e-02;1.2250000e+02;-1.0057604e-01;1.2250000e+02;-1.4437062e-01;1.2250000e+02;-6.1562948e-02;1.2250000e+02;-5.8699109e-02;1.2250000e+02;-3.3566646e-02;1.2250000e+02;1.2628026e-02;1.2250000e+02;7.6633051e-02;1.2250000e+02;1.5538558e-01;1.2250000e+02;1.9883586e-01;1.2250000e+02;2.0710331e-01;1.2250000e+02;2.0101239e-01;1.2250000e+02;2.2736043e-01;1.2250000e+02;1.8838237e-01;1.2250000e+02;1.3208841e-01;1.2250000e+02;7.8796759e-02;1.2250000e+02;3.3164959e-02;1.2250000e+02;-1.1815734e-02;1.2250000e+02;-5.8880113e-02;1.2250000e+02;-1.0057604e-01;1.2250000e+02;-1.4437062e-01;1.2250000e+02;-6.1562948e-02;1.2250000e+02;-5.8699109e-02;1.2250000e+02;-3.3566646e-02;1.2250000e+02;1.2628026e-02;1.2250000e+02;7.6633051e-02;1.2250000e+02;1.5538558e-01;1.2250000e+02;1.9883586e-01;1.2250000e+02;2.0710331e-01;1.2250000e+02;2.0101239e-01;1.2250000e+02;2.2736043e-01;1.2250000e+02;1.8838237e-01;1.2250000e+02;1.3208841e-01;1.2250000e+02;7.8796759e-02;1.2250000e+02;3.3164959e-02;1.2250000e+02;-1.1815734e-02;1.2250000e+02;-5.8880113e-02;1.2250000e+02;-1.0057604e-01;1.2250000e+02;-1.4437062e-01;1.2250000e+02;-6.1562948e-02;1.2250000e+02;-5.8699109e-02;1.2250000e+02;-3.3566646e-02;1.2250000e+02;1.2628026e-02;1.2250000e+02;7.6633051e-02;1.2250000e+02;1.5538558e-01;1.2250000e+02;1.9883586e-01;1.2250000e+02;2.0710331e-01;1.2250000e+02;2.0101239e-01;1.2250000e+02;2.2736043e-01;1.2250000e+02;1.8838237e-01;1.2250000e+02;1.3208841e-01;1.2250000e+02;7.8796759e-02;1.2250000e+02;3.3164959e-02;1.2250000e+02;-1.1815734e-02;1.2250000e+02;-5.8880113e-02;1.2250000e+02;-1.0057604e-01;1.2250000e+02;-1.4437062e-01;1.2250000e+02;-6.1562948e-02;1.2250000e+02;-5.8699109e-02;1.2250000e+02;-3.3566646e-02;1.2250000e+02;1.2628026e-02;1.2250000e+02;7.6633051e-02;1.2250000e+02;1.5538558e-01;1.2250000e+02;1.9883586e-01;1.2250000e+02;2.0710331e-01;1.2250000e+02;2.0101239e-01;1.2250000e+02;2.2736043e-01;1.2250000e+02;1.8838237e-01;1.2250000e+02;1.3208841e-01;1.2250000e+02;7.8796759e-02;1.2250000e+02;3.3164959e-02;1.2250000e+02;-1.1815734e-02;1.2250000e+02;-5.8880113e-02;1.2250000e+02;-1.0057604e-01;1.2250000e+02;-1.4437062e-01;1.2250000e+02;-6.1562948e-02;1.2250000e+02;-5.8699109e-02;1.2250000e+02;-3.3566646e-02;1.2250000e+02;1.2628026e-02;1.2250000e+02;7.6633051e-02;1.2250000e+02;1.5538558e-01;1.2250000e+02;1.9883586e-01;1.2250000e+02;2.0710331e-01;1.2250000e+02;2.0101239e-01;1.2250000e+02;2.2736043e-01;1.2250000e+02;1.8838237e-01;1.2250000e+02;1.3208841e-01;1.2250000e+02;7.8796759e-02;1.2250000e+02;3.3164959e-02;1.2250000e+02;-1.1815734e-02;1.2250000e+02;-5.8880113e-02;1.2250000e+02;-1.0057604e-01;1.2250000e+02;-1.4437062e-01;1.2250000e+02;-6.1562948e-02;1.2250000e+02;-5.8699109e-02;1.2250000e+02;-3.3566646e-02;1.2250000e+02;1.2628026e-02;1.2250000e+02;7.6633051e-02;1.2250000e+02;1.5538558e-01;1.2250000e+02;1.9883586e-01;1.2250000e+02;2.0710331e-01;1.2250000e+02;2.0101239e-01;1.2250000e+02;2.2736043e-01;1.2250000e+02;1.8838237e-01;1.2250000e+02;1.3208841e-01;1.2250000e+02;7.8796759e-02;1.2250000e+02;3.3164959e-02;1.2250000e+02;-1.1815734e-02;1.2250000e+02;-5.8880113e-02;1.2250000e+02;-1.0057604e-01;1.2250000e+02;-1.4437062e-01;1.2250000e+02;-6.1562948e-02;1.2250000e+02;-5.8699109e-02;1.2250000e+02;-3.3566646e-02;1.2250000e+02;1.2628026e-02;1.2250000e+02;7.6633051e-02;1.2250000e+02;1.5538558e-01;1.2250000e+02;1.9883586e-01;1.2250000e+02;2.0710331e-01;1.2250000e+02;2.0101239e-01;1.2250000e+02;2.2736043e-01;1.2250000e+02;1.8838237e-01;1.2250000e+02;1.3208841e-01;1.2250000e+02;7.8796759e-02;1.2250000e+02;3.3164959e-02;1.2250000e+02;-1.1815734e-02;1.2250000e+02;-5.8880113e-02;1.2250000e+02;-1.0057604e-01;1.2250000e+02;-1.4437062e-01;1.2250000e+02;-6.1562948e-02;1.2250000e+02;-5.8699109e-02;1.2250000e+02;-3.3566646e-02;1.2250000e+02;1.2628026e-02;1.2250000e+02;7.6633051e-02;1.2250000e+02;1.5538558e-01;1.2250000e+02;1.9883586e-01;1.2250000e+02;2.0710331e-01;1.2250000e+02;2.0101239e-01;1.2250000e+02;2.2736043e-01;1.2250000e+02;1.8838237e-01;1.2250000e+02;1.3208841e-01;1.2250000e+02;7.8796759e-02;1.2250000e+02;3.3164959e-02;1.2250000e+02;-1.1815734e-02;1.2250000e+02;-5.8880113e-02;1.2250000e+02;-1.0057604e-01;1.2250000e+02;-1.4437062e-01;1.2250000e+02;-6.1562948e-02;1.2250000e+02;-5.8699109e-02;1.2250000e+02;-3.3566646e-02;1.2250000e+02;1.2628026e-02;1.2250000e+02;7.6633051e-02;1.2250000e+02;1.5538558e-01;1.2250000e+02;1.9883586e-01;1.2250000e+02;2.0710331e-01;1.2250000e+02;2.0101239e-01;1.2250000e+02;2.2736043e-01;1.2250000e+02;1.8838237e-01;1.2250000e+02;1.3208841e-01;1.2250000e+02;7.8796759e-02;1.2250000e+02;3.3164959e-02;1.2250000e+02;-1.1815734e-02;1.2250000e+02;-5.8880113e-02;1.2250000e+02;-1.0057604e-01;1.2250000e+02;-1.4437062e-01;1.2250000e+02;-6.1562948e-02;1.2250000e+02;-5.8699109e-02;1.2250000e+02;-3.3566646e-02;1.2250000e+02;1.2628026e-02;1.2250000e+02;7.6633051e-02;1.2250000e+02;1.5538558e-01;1.2250000e+02;1.9883586e-01;1.2250000e+02;2.0710331e-01;1.2250000e+02;2.0101239e-01;1.2250000e+02;2.2736043e-01;1.2250000e+02;1.8838237e-01;1.2250000e+02;1.3208841e-01;1.2250000e+02;7.8796759e-02;1.2250000e+02;3.3164959e-02;1.2250000e+02;-1.1815734e-02;1.2250000e+02;-5.8880113e-02;1.2250000e+02;-1.0057604e-01;1.2250000e+02;-1.4437062e-01;1.2250000e+02;-6.1562948e-02;1.2250000e+02;-5.8699109e-02;1.2250000e+02;-3.3566646e-02;1.2250000e+02;1.2628026e-02;1.2250000e+02;7.6633051e-02;1.2250000e+02;1.5538558e-01;1.2250000e+02;1.9883586e-01;1.2250000e+02;2.0710331e-01;1.2250000e+02;2.0101239e-01;1.2250000e+02;2.2736043e-01;1.2250000e+02;1.8838237e-01;1.2250000e+02;1.3208841e-01;1.2250000e+02;7.8796759e-02;1.2250000e+02;3.3164959e-02;1.2250000e+02;-1.1815734e-02;1.2250000e+02;-5.8880113e-02;1.2250000e+02;-1.0057604e-01;1.2250000e+02;-1.4437062e-01;1.2250000e+02;-6.1562948e-02;1.2250000e+02;-5.8699109e-02;1.2250000e+02;-3.3566646e-02;1.2250000e+02;1.2628026e-02;1.2250000e+02;7.6633051e-02;1.2250000e+02;1.5538558e-01;1.2250000e+02;1.9883586e-01;1.2250000e+02;2.0710331e-01;1.2250000e+02;2.0101239e-01;1.2250000e+02;2.2736043e-01;1.2250000e+02;1.8838237e-01;1.2250000e+02;1.3208841e-01;1.2250000e+02;7.8796759e-02;1.2250000e+02;3.3164959e-02;1.2250000e+02;-1.1815734e-02;1.2250000e+02;-5.8880113e-02;1.2250000e+02;-1.0057604e-01;1.2250000e+02;-1.4437062e-01;1.2250000e+02;-6.1562948e-02;1.2250000e+02;-5.8699109e-02;1.2250000e+02;-3.3566646e-02;1.2250000e+02;1.2628026e-02;1.2250000e+02;7.6633051e-02;1.2250000e+02;1.5538558e-01;1.2250000e+02;1.9883586e-01;1.2250000e+02;2.0710331e-01;1.2250000e+02;2.0101239e-01;1.2250000e+02;2.2736043e-01;1.2250000e+02;1.8838237e-01;1.2250000e+02;1.3208841e-01;1.2250000e+02;7.8796759e-02;1.2250000e+02;3.3164959e-02;1.2250000e+02;-1.1815734e-02;1.2250000e+02;-5.8880113e-02;1.2250000e+02;-1.0057604e-01;1.2250000e+02;-1.4437062e-01;1.2250000e+02;-6.1562948e-02;1.2250000e+02;-5.8699109e-02;1.2250000e+02;-3.3566646e-02;1.2250000e+02;1.2628026e-02;1.2250000e+02;7.6633051e-02;1.2250000e+02;1.5538558e-01;1.2250000e+02;1.9883586e-01;1.2250000e+02;2.0710331e-01;1.2250000e+02;2.0101239e-01;1.2250000e+02;2.2736043e-01;1.2250000e+02;1.8838237e-01;1.2250000e+02;1.3208841e-01;1.2250000e+02;7.8796759e-02;1.2250000e+02;3.3164959e-02;1.2250000e+02;-1.1815734e-02;1.2250000e+02;-5.8880113e-02;1.2250000e+02;-1.0057604e-01;1.2250000e+02;-1.4437062e-01;1.2250000e+02;-6.1562948e-02;1.2250000e+02;-5.8699109e-02;1.2250000e+02;-3.3566646e-02;1.2250000e+02;1.2628026e-02;1.2250000e+02;7.6633051e-02;1.2250000e+02;1.5538558e-01;1.2250000e+02;1.9883586e-01;1.2250000e+02;2.0710331e-01;1.2250000e+02;2.0101239e-01;1.2250000e+02;2.2736043e-01;1.2250000e+02;1.8838237e-01;1.2250000e+02;1.3208841e-01;1.2250000e+02;7.8796759e-02;1.2250000e+02;3.3164959e-02;1.2250000e+02;-1.1815734e-02;1.2250000e+02;-5.8880113e-02;1.2250000e+02;-1.0057604e-01;1.2250000e+02;-1.4437062e-01;1.2250000e+02;-6.1562948e-02;1.2250000e+02;-5.8699109e-02;1.2250000e+02;-3.3566646e-02;1.2250000e+02;1.2628026e-02;1.2250000e+02;7.6633051e-02;1.2250000e+02;1.5538558e-01;1.2250000e+02;1.9883586e-01;1.2250000e+02;2.0710331e-01;1.2250000e+02;2.0101239e-01;1.2250000e+02;2.2736043e-01;1.2250000e+02;1.8838237e-01;1.2250000e+02;1.3208841e-01;1.2250000e+02;7.8796759e-02;1.2250000e+02;3.3164959e-02;1.2250000e+02;-1.1815734e-02;1.2250000e+02;-5.8880113e-02;1.2250000e+02;-1.0057604e-01;1.2250000e+02;-1.4437062e-01;1.2250000e+02;-6.1562948e-02;1.2250000e+02;-5.8699109e-02;1.2250000e+02;-3.3566646e-02;1.2250000e+02;1.2628026e-02;1.2250000e+02;7.6633051e-02;1.2250000e+02;1.5538558e-01;1.2250000e+02;1.9883586e-01;1.2250000e+02;2.0710331e-01;1.2250000e+02;2.0101239e-01;1.2250000e+02;2.2736043e-01;1.2250000e+02;1.8838237e-01;1.2250000e+02;1.3208841e-01;1.2250000e+02;7.8796759e-02;1.2250000e+02;3.3164959e-02;1.2250000e+02;-1.1815734e-02;1.2250000e+02;-5.8880113e-02;1.2250000e+02;-1.0057604e-01;1.2250000e+02;-1.4437062e-01;1.2250000e+02;-6.1562948e-02;1.2250000e+02;-5.8699109e-02;1.2250000e+02;-3.3566646e-02;1.2250000e+02;1.2628026e-02;1.2250000e+02;7.6633051e-02;1.2250000e+02;1.5538558e-01;1.2250000e+02;1.9883586e-01;1.2250000e+02;2.0710331e-01;1.2250000e+02;2.0101239e-01;1.2250000e+02;2.2736043e-01;1.2250000e+02;1.8838237e-01;1.2250000e+02;1.3208841e-01;1.2250000e+02;7.8796759e-02;1.2250000e+02;3.3164959e-02;1.2250000e+02;-1.1815734e-02;1.2250000e+02;-5.8880113e-02;1.2250000e+02;-1.0057604e-01;1.2250000e+02;-1.4437062e-01;1.2250000e+02;-6.1562948e-02;1.2250000e+02;-5.8699109e-02;1.2250000e+02;-3.3566646e-02;1.2250000e+02;1.2628026e-02;1.2250000e+02;7.6633051e-02;1.2250000e+02;1.5538558e-01;1.2250000e+02;1.9883586e-01;1.2250000e+02;2.0710331e-01;1.2250000e+02;2.0101239e-01;1.2250000e+02;2.2736043e-01;1.2250000e+02;1.8838237e-01;1.2250000e+02;1.3208841e-01;1.2250000e+02;7.8796759e-02;1.2250000e+02;3.3164959e-02;1.2250000e+02;-1.1815734e-02;1.2250000e+02;-5.8880113e-02;1.2250000e+02;-1.0057604e-01;1.2250000e+02;-1.4437062e-01;1.2250000e+02;-6.1562948e-02;1.2250000e+02;-5.8699109e-02;1.2250000e+02;-3.3566646e-02;1.2250000e+02;1.2628026e-02;1.2250000e+02;7.6633051e-02;1.2250000e+02;1.5538558e-01;1.2250000e+02;1.9883586e-01;1.2250000e+02;2.0710331e-01;1.2250000e+02;2.0101239e-01;1.2250000e+02;2.2736043e-01;1.2250000e+02;1.8838237e-01;1.2250000e+02;1.3208841e-01;1.2250000e+02;7.8796759e-02;1.2250000e+02;3.3164959e-02;1.2250000e+02;-1.1815734e-02;1.2250000e+02;-5.8880113e-02;1.2250000e+02;-1.0057604e-01;1.2250000e+02;-1.4437062e-01;1.2250000e+02;-6.1562948e-02;1.2250000e+02;-5.8699109e-02;1.2250000e+02;-3.3566646e-02;1.2250000e+02;1.2628026e-02;1.2250000e+02;7.6633051e-02;1.2250000e+02;1.5538558e-01;1.2250000e+02;1.9883586e-01;1.2250000e+02;2.0710331e-01;1.2250000e+02;2.0101239e-01;1.2250000e+02;2.2736043e-01;1.2250000e+02;1.8838237e-01;1.2250000e+02;1.3208841e-01;1.2250000e+02;7.8796759e-02;1.2250000e+02;3.3164959e-02;1.2250000e+02;-1.1815734e-02;1.2250000e+02;-5.8880113e-02;1.2250000e+02;-1.0057604e-01;1.2250000e+02;-1.4437062e-01;1.2250000e+02;-6.1562948e-02;1.2250000e+02;-5.8699109e-02;1.2250000e+02;-3.3566646e-02;1.2250000e+02;1.2628026e-02;1.2250000e+02;7.6633051e-02;1.2250000e+02;1.5538558e-01;1.2250000e+02;1.9883586e-01;1.2250000e+02;2.0710331e-01;1.2250000e+02;2.0101239e-01;1.2250000e+02;2.2736043e-01;1.2250000e+02;1.8838237e-01;1.2250000e+02;1.3208841e-01;1.2250000e+02;7.8796759e-02;1.2250000e+02;3.3164959e-02;1.2250000e+02;-1.1815734e-02;1.2250000e+02;-5.8880113e-02;1.2250000e+02;-1.0057604e-01;1.2250000e+02;-1.4437062e-01;1.2250000e+02;-6.1562948e-02;1.2250000e+02;-5.8699109e-02;1.2250000e+02;-3.3566646e-02;1.2250000e+02;1.2628026e-02;1.2250000e+02;7.6633051e-02;1.2250000e+02;1.5538558e-01;1.2250000e+02;1.9883586e-01;1.2250000e+02;2.0710331e-01;1.2250000e+02;2.0101239e-01;1.2250000e+02;2.2736043e-01;1.2250000e+02;1.8838237e-01;1.2250000e+02;1.3208841e-01;1.2250000e+02;7.8796759e-02;1.2250000e+02;3.3164959e-02;1.2250000e+02;-1.1815734e-02;1.2250000e+02;-5.8880113e-02;1.2250000e+02;-1.0057604e-01;1.2250000e+02;-1.4437062e-01;1.2250000e+02;-6.1562948e-02;1.2250000e+02;-5.8699109e-02;1.2250000e+02;-3.3566646e-02;1.2250000e+02;1.2628026e-02;1.2250000e+02;7.6633051e-02;1.2250000e+02;1.5538558e-01;1.2250000e+02;1.9883586e-01;1.2250000e+02;2.0710331e-01;1.2250000e+02;2.0101239e-01;1.2250000e+02;2.2736043e-01;1.2250000e+02;1.8838237e-01;1.2250000e+02;1.3208841e-01;1.2250000e+02;7.8796759e-02;1.2250000e+02;3.3164959e-02;1.2250000e+02;-1.1815734e-02;1.2250000e+02;-5.8880113e-02;1.2250000e+02;-1.0057604e-01;1.2250000e+02;-1.4437062e-01;1.2250000e+02;-6.1562948e-02;1.2250000e+02;-5.8699109e-02;1.2250000e+02;-3.3566646e-02;1.2250000e+02;1.2628026e-02;1.2250000e+02;7.6633051e-02;1.2250000e+02;1.5538558e-01;1.2250000e+02;1.9883586e-01;1.2250000e+02;2.0710331e-01;1.2250000e+02;2.0101239e-01;1.2250000e+02;2.2736043e-01;1.2250000e+02;1.8838237e-01;1.2250000e+02;1.3208841e-01;1.2250000e+02;7.8796759e-02;1.2250000e+02;3.3164959e-02;1.2250000e+02;-1.1815734e-02;1.2250000e+02;-5.8880113e-02;1.2250000e+02;-1.0057604e-01;1.2250000e+02;-1.4437062e-01;1.2250000e+02;-6.1562948e-02;1.2250000e+02;-5.8699109e-02;1.2250000e+02;-3.3566646e-02;1.2250000e+02;1.2628026e-02;1.2250000e+02;7.6633051e-02;1.2250000e+02;1.5538558e-01;1.2250000e+02;1.9883586e-01;1.2250000e+02;2.0710331e-01;1.2250000e+02;2.0101239e-01;1.2250000e+02;2.2736043e-01;1.2250000e+02;1.8838237e-01;1.2250000e+02;1.3208841e-01;1.2250000e+02;7.8796759e-02;1.2250000e+02;3.3164959e-02;1.2250000e+02;-1.1815734e-02;1.2250000e+02;-5.8880113e-02;1.2250000e+02;-1.0057604e-01;1.2250000e+02;-1.4437062e-01;1.2250000e+02;-6.1562948e-02;1.2250000e+02;-5.8699109e-02;1.2250000e+02;-3.3566646e-02;1.2250000e+02;1.2628026e-02;1.2250000e+02;7.6633051e-02;1.2250000e+02;1.5538558e-01;1.2250000e+02;1.9883586e-01;1.2250000e+02;2.0710331e-01;1.2250000e+02;2.0101239e-01;1.2250000e+02;2.2736043e-01;1.2250000e+02;1.8838237e-01;1.2250000e+02;1.3208841e-01;1.2250000e+02;7.8796759e-02;1.2250000e+02;3.3164959e-02;1.2250000e+02;-1.1815734e-02;1.2250000e+02;-5.8880113e-02;1.2250000e+02;-1.0057604e-01;1.2250000e+02;-1.4437062e-01;1.2250000e+02;-6.1562948e-02;1.2250000e+02;-5.8699109e-02;1.2250000e+02;-3.3566646e-02;1.2250000e+02;1.2628026e-02;1.2250000e+02;7.6633051e-02;1.2250000e+02;1.5538558e-01;1.2250000e+02;1.9883586e-01;1.2250000e+02;2.0710331e-01;1.2250000e+02;2.0101239e-01;1.2250000e+02;2.2736043e-01;1.2250000e+02;1.8838237e-01;1.2250000e+02;1.3208841e-01;1.2250000e+02;7.8796759e-02;1.2250000e+02;3.3164959e-02;1.2250000e+02;-1.1815734e-02;1.2250000e+02;-5.8880113e-02;1.2250000e+02;-1.0057604e-01;1.2250000e+02;-1.4437062e-01;1.2250000e+02;-6.1562948e-02;1.2250000e+02;-5.8699109e-02;1.2250000e+02;-3.3566646e-02;1.2250000e+02;1.2628026e-02;1.2250000e+02;7.6633051e-02;1.2250000e+02;1.5538558e-01;1.2250000e+02;1.9883586e-01;1.2250000e+02;2.0710331e-01;1.2250000e+02;2.0101239e-01;1.2250000e+02;2.2736043e-01;1.2250000e+02;1.8838237e-01;1.2250000e+02;1.3208841e-01;1.2250000e+02;7.8796759e-02;1.2250000e+02;3.3164959e-02;1.2250000e+02;-1.1815734e-02;1.2250000e+02;-5.8880113e-02;1.2250000e+02;-1.0057604e-01;1.2250000e+02;-1.4437062e-01;1.2250000e+02;-6.1562948e-02;1.2250000e+02;-5.8699109e-02;1.2250000e+02;-3.3566646e-02;1.2250000e+02;1.2628026e-02;1.2250000e+02;7.6633051e-02;1.2250000e+02;1.5538558e-01;1.2250000e+02;1.9883586e-01;1.2250000e+02;2.0710331e-01;1.2250000e+02;2.0101239e-01;1.2250000e+02;2.2736043e-01;1.2250000e+02;1.8838237e-01;1.2250000e+02;1.3208841e-01;1.2250000e+02;7.8796759e-02;1.2250000e+02;3.3164959e-02;1.2250000e+02;-1.1815734e-02;1.2250000e+02;-5.8880113e-02;1.2250000e+02;-1.0057604e-01;1.2250000e+02;-1.4437062e-01;1.2250000e+02;-6.1562948e-02;1.2250000e+02;-5.8699109e-02;1.2250000e+02;-3.3566646e-02;1.2250000e+02;1.2628026e-02;1.2250000e+02;7.6633051e-02;1.2250000e+02;1.5538558e-01;1.2250000e+02;1.9883586e-01;1.2250000e+02;2.0710331e-01;1.2250000e+02;2.0101239e-01;1.2250000e+02;2.2736043e-01;1.2250000e+02;1.8838237e-01;1.2250000e+02;1.3208841e-01;1.2250000e+02;7.8796759e-02;1.2250000e+02;3.3164959e-02;1.2250000e+02;-1.1815734e-02;1.2250000e+02;-5.8880113e-02;1.2250000e+02;-1.0057604e-01;1.2250000e+02;-1.4437062e-01;1.2250000e+02;-6.1562948e-02;1.2250000e+02;-5.8699109e-02;1.2250000e+02;-3.3566646e-02;1.2250000e+02;1.2628026e-02;1.2250000e+02;7.6633051e-02;1.2250000e+02;1.5538558e-01;1.2250000e+02;1.9883586e-01;1.2250000e+02;2.0710331e-01;1.2250000e+02;2.0101239e-01;1.2250000e+02;2.2736043e-01;1.2250000e+02;1.8838237e-01;1.2250000e+02;1.3208841e-01;1.2250000e+02;7.8796759e-02;1.2250000e+02;3.3164959e-02;1.2250000e+02;-1.1815734e-02;1.2250000e+02;-5.8880113e-02;1.2250000e+02;-1.0057604e-01;1.2250000e+02;-1.4437062e-01;1.2250000e+02;-6.1562948e-02;1.2250000e+02;-5.8699109e-02;1.2250000e+02;-3.3566646e-02;1.2250000e+02;1.2628026e-02;1.2250000e+02;7.6633051e-02;1.2250000e+02;1.5538558e-01;1.2250000e+02;1.9883586e-01;1.2250000e+02;2.0710331e-01;1.2250000e+02;2.0101239e-01;1.2250000e+02;2.2736043e-01;1.2250000e+02;1.8838237e-01;1.2250000e+02;1.3208841e-01;1.2250000e+02;7.8796759e-02;1.2250000e+02;3.3164959e-02;1.2250000e+02;-1.1815734e-02;1.2250000e+02;-5.8880113e-02;1.2250000e+02;-1.0057604e-01;1.2250000e+02;-1.4437062e-01;1.2250000e+02;-6.1562948e-02;1.2250000e+02;-5.8699109e-02;1.2250000e+02;-3.3566646e-02;1.2250000e+02;1.2628026e-02;1.2250000e+02;7.6633051e-02;1.2250000e+02;1.5538558e-01;1.2250000e+02;1.9883586e-01;1.2250000e+02;2.0710331e-01;1.2250000e+02;2.0101239e-01;1.2250000e+02;2.2736043e-01;1.2250000e+02;1.8838237e-01;1.2250000e+02;1.3208841e-01;1.2250000e+02;7.8796759e-02;1.2250000e+02;3.3164959e-02;1.2250000e+02;-1.1815734e-02;1.2250000e+02;-5.8880113e-02;1.2250000e+02;-1.0057604e-01;1.2250000e+02;-1.4437062e-01;1.2250000e+02;-6.1562948e-02;1.2250000e+02;-5.8699109e-02;1.2250000e+02;-3.3566646e-02;1.2250000e+02;1.2628026e-02;1.2250000e+02;7.6633051e-02;1.2250000e+02;1.5538558e-01;1.2250000e+02;1.9883586e-01;1.2250000e+02;2.0710331e-01;1.2250000e+02;2.0101239e-01;1.2250000e+02;2.2736043e-01;1.2250000e+02;1.8838237e-01;1.2250000e+02;1.3208841e-01;1.2250000e+02;7.8796759e-02;1.2250000e+02;3.3164959e-02;1.2250000e+02;-1.1815734e-02;1.2250000e+02;-5.8880113e-02;1.2250000e+02;-1.0057604e-01;1.2250000e+02;-1.4437062e-01;1.2250000e+02;-6.1562948e-02;1.2250000e+02;-5.8699109e-02;1.2250000e+02;-3.3566646e-02;1.2250000e+02;1.2628026e-02;1.2250000e+02;7.6633051e-02;1.2250000e+02;1.5538558e-01;1.2250000e+02;1.9883586e-01;1.2250000e+02;2.0710331e-01;1.2250000e+02;2.0101239e-01;1.2250000e+02;2.2736043e-01;1.2250000e+02;1.8838237e-01;1.2250000e+02;1.3208841e-01;1.2250000e+02;7.8796759e-02;1.2250000e+02;3.3164959e-02;1.2250000e+02;-1.1815734e-02;1.2250000e+02;-5.8880113e-02;1.2250000e+02;-1.0057604e-01;1.2250000e+02;-1.4437062e-01;1.2250000e+02;-6.1562948e-02;1.2250000e+02;-5.8699109e-02;1.2250000e+02;-3.3566646e-02;1.2250000e+02;1.2628026e-02;1.2250000e+02;7.6633051e-02;1.2250000e+02;1.5538558e-01;1.2250000e+02;1.9883586e-01;1.2250000e+02;2.0710331e-01;1.2250000e+02;2.0101239e-01;1.2250000e+02;2.2736043e-01;1.2250000e+02;1.8838237e-01;1.2250000e+02;1.3208841e-01;1.2250000e+02;7.8796759e-02;1.2250000e+02;3.3164959e-02;1.2250000e+02;-1.1815734e-02;1.2250000e+02;-5.8880113e-02;1.2250000e+02;-1.0057604e-01;1.2250000e+02;-1.4437062e-01;1.2250000e+02;-6.1562948e-02;1.2250000e+02;-5.8699109e-02;1.2250000e+02;-3.3566646e-02;1.2250000e+02;1.2628026e-02;1.2250000e+02;7.6633051e-02;1.2250000e+02;1.5538558e-01;1.2250000e+02;1.9883586e-01;1.2250000e+02;2.0710331e-01;1.2250000e+02;2.0101239e-01;1.2250000e+02;2.2736043e-01;1.2250000e+02;1.8838237e-01;1.2250000e+02;1.3208841e-01;1.2250000e+02;7.8796759e-02;1.2250000e+02;3.3164959e-02;1.2250000e+02;-1.1815734e-02;1.2250000e+02;-5.8880113e-02;1.2250000e+02;-1.0057604e-01;1.2250000e+02;-1.4437062e-01;1.2250000e+02;-6.1562948e-02;1.2250000e+02;-5.8699109e-02;1.2250000e+02;-3.3566646e-02;1.2250000e+02;1.2628026e-02;1.2250000e+02;7.6633051e-02;1.2250000e+02;1.5538558e-01;1.2250000e+02;1.9883586e-01;1.2250000e+02;2.0710331e-01;1.2250000e+02;2.0101239e-01;1.2250000e+02;2.2736043e-01;1.2250000e+02;1.8838237e-01;1.2250000e+02;1.3208841e-01;1.2250000e+02;7.8796759e-02;1.2250000e+02;3.3164959e-02;1.2250000e+02;-1.1815734e-02;1.2250000e+02;-5.8880113e-02;1.2250000e+02;-1.0057604e-01;1.2250000e+02;-1.4437062e-01;1.2250000e+02;-6.1562948e-02;1.2250000e+02;-5.8699109e-02;1.2250000e+02;-3.3566646e-02;1.2250000e+02;1.2628026e-02;1.2250000e+02;7.6633051e-02;1.2250000e+02;1.5538558e-01;1.2250000e+02;1.9883586e-01;1.2250000e+02;2.0710331e-01;1.2250000e+02;2.0101239e-01;1.2250000e+02;2.2736043e-01;1.2250000e+02;1.8838237e-01;1.2250000e+02;1.3208841e-01;1.2250000e+02;7.8796759e-02;1.2250000e+02;3.3164959e-02;1.2250000e+02;-1.1815734e-02;1.2250000e+02;-5.8880113e-02;1.2250000e+02;-1.0057604e-01;1.2250000e+02;-1.4437062e-01;1.2250000e+02;-6.1562948e-02;1.2250000e+02;-5.8699109e-02;1.2250000e+02;-3.3566646e-02;1.2250000e+02;1.2628026e-02;1.2250000e+02;7.6633051e-02;1.2250000e+02;1.5538558e-01;1.2250000e+02;1.9883586e-01;1.2250000e+02;2.0710331e-01;1.2250000e+02;2.0101239e-01;1.2250000e+02;2.2736043e-01;1.2250000e+02;1.8838237e-01;1.2250000e+02;1.3208841e-01;1.2250000e+02;7.8796759e-02;1.2250000e+02;3.3164959e-02;1.2250000e+02;-1.1815734e-02;1.2250000e+02;-5.8880113e-02;1.2250000e+02;-1.0057604e-01;1.2250000e+02;-1.4437062e-01;1.2250000e+02;-6.1562948e-02;1.2250000e+02;-5.8699109e-02;1.2250000e+02;-3.3566646e-02;1.2250000e+02;1.2628026e-02;1.2250000e+02;7.6633051e-02;1.2250000e+02;1.5538558e-01;1.2250000e+02;1.9883586e-01;1.2250000e+02;2.0710331e-01;1.2250000e+02;2.0101239e-01;1.2250000e+02;2.2736043e-01;1.2250000e+02;1.8838237e-01;1.2250000e+02;1.3208841e-01;1.2250000e+02;7.8796759e-02;1.2250000e+02;3.3164959e-02;1.2250000e+02;-1.1815734e-02;1.2250000e+02;-5.8880113e-02;1.2250000e+02;-1.0057604e-01;1.2250000e+02;-1.4437062e-01;1.2250000e+02;-6.1562948e-02;1.2250000e+02;-5.8699109e-02;1.2250000e+02;-3.3566646e-02;1.2250000e+02;1.2628026e-02;1.2250000e+02;7.6633051e-02;1.2250000e+02;1.5538558e-01;1.2250000e+02;1.9883586e-01;1.2250000e+02;2.0710331e-01;1.2250000e+02;2.0101239e-01;1.2250000e+02;2.2736043e-01;1.2250000e+02;1.8838237e-01;1.2250000e+02;1.3208841e-01;1.2250000e+02;7.8796759e-02;1.2250000e+02;3.3164959e-02;1.2250000e+02;-1.1815734e-02;1.2250000e+02;-5.8880113e-02;1.2250000e+02;-1.0057604e-01;1.2250000e+02;-1.4437062e-01;1.2250000e+02;-6.1562948e-02;1.2250000e+02;-5.8699109e-02;1.2250000e+02;-3.3566646e-02;1.2250000e+02;1.2628026e-02;1.2250000e+02;7.6633051e-02;1.2250000e+02;1.5538558e-01;1.2250000e+02;1.9883586e-01;1.2250000e+02;2.0710331e-01;1.2250000e+02;2.0101239e-01;1.2250000e+02;2.2736043e-01;1.2250000e+02;1.8838237e-01;1.2250000e+02;1.3208841e-01;1.2250000e+02;7.8796759e-02;1.2250000e+02;3.3164959e-02;1.2250000e+02;-1.1815734e-02;1.2250000e+02;-5.8880113e-02;1.2250000e+02;-1.0057604e-01;1.2250000e+02;-1.4437062e-01;1.2250000e+02;-6.1562948e-02;1.2250000e+02;-5.8699109e-02;1.2250000e+02;-3.3566646e-02;1.2250000e+02;1.2628026e-02;1.2250000e+02;7.6633051e-02;1.2250000e+02;1.5538558e-01;1.2250000e+02;1.9883586e-01;1.2250000e+02;2.0710331e-01;1.2250000e+02;2.0101239e-01;1.2250000e+02;2.2736043e-01;1.2250000e+02;1.8838237e-01;1.2250000e+02;1.3208841e-01;1.2250000e+02;7.8796759e-02;1.2250000e+02;3.3164959e-02;1.2250000e+02;-1.1815734e-02;1.2250000e+02;-5.8880113e-02;1.2250000e+02;-1.0057604e-01;1.2250000e+02;-1.4437062e-01;1.2250000e+02;-6.1562948e-02;1.2250000e+02;-5.8699109e-02;1.2250000e+02;-3.3566646e-02;1.2250000e+02;1.2628026e-02;1.2250000e+02;7.6633051e-02;1.2250000e+02;1.5538558e-01;1.2250000e+02;1.9883586e-01;1.2250000e+02;2.0710331e-01;1.2250000e+02;2.0101239e-01;1.2250000e+02;2.2736043e-01;1.2250000e+02;1.8838237e-01;1.2250000e+02;1.3208841e-01;1.2250000e+02;7.8796759e-02;1.2250000e+02;3.3164959e-02;1.2250000e+02;-1.1815734e-02;1.2250000e+02;-5.8880113e-02;1.2250000e+02;-1.0057604e-01;1.2250000e+02;-1.4437062e-01;1.2250000e+02;-6.1562948e-02;1.2250000e+02;-5.8699109e-02;1.2250000e+02;-3.3566646e-02;1.2250000e+02;1.2628026e-02;1.2250000e+02;7.6633051e-02;1.2250000e+02;1.5538558e-01;1.2250000e+02;1.9883586e-01;1.2250000e+02;2.0710331e-01;1.2250000e+02;2.0101239e-01;1.2250000e+02;2.2736043e-01;1.2250000e+02;1.8838237e-01;1.2250000e+02;1.3208841e-01;1.2250000e+02;7.8796759e-02;1.2250000e+02;3.3164959e-02;1.2250000e+02;-1.1815734e-02;1.2250000e+02;-5.8880113e-02;1.2250000e+02;-1.0057604e-01;1.2250000e+02;-1.4437062e-01;1.2250000e+02;-6.1562948e-02;1.2250000e+02;-5.8699109e-02;1.2250000e+02;-3.3566646e-02;1.2250000e+02;1.2628026e-02;1.2250000e+02;7.6633051e-02;1.2250000e+02;1.5538558e-01;1.2250000e+02;1.9883586e-01;1.2250000e+02;2.0710331e-01;1.2250000e+02;2.0101239e-01;1.2250000e+02;2.2736043e-01;1.2250000e+02;1.8838237e-01;1.2250000e+02;1.3208841e-01;1.2250000e+02;7.8796759e-02;1.2250000e+02;3.3164959e-02;1.2250000e+02;-1.1815734e-02;1.2250000e+02;-5.8880113e-02;1.2250000e+02;-1.0057604e-01;1.2250000e+02;-1.4437062e-01;1.2250000e+02;-6.1562948e-02;1.2250000e+02;-5.8699109e-02;1.2250000e+02;-3.3566646e-02;1.2250000e+02;1.2628026e-02;1.2250000e+02;7.6633051e-02;1.2250000e+02;1.5538558e-01;1.2250000e+02;1.9883586e-01;1.2250000e+02;2.0710331e-01;1.2250000e+02;2.0101239e-01;1.2250000e+02;2.2736043e-01;1.2250000e+02;1.8838237e-01;1.2250000e+02;1.3208841e-01;1.2250000e+02;7.8796759e-02;1.2250000e+02;3.3164959e-02;1.2250000e+02;-1.1815734e-02;1.2250000e+02;-5.8880113e-02;1.2250000e+02;-1.0057604e-01;1.2250000e+02;-1.4437062e-01;1.2250000e+02;-6.1562948e-02;1.2250000e+02;-5.8699109e-02;1.2250000e+02;-3.3566646e-02;1.2250000e+02;1.2628026e-02;1.2250000e+02;7.6633051e-02;1.2250000e+02;1.5538558e-01;1.2250000e+02;1.9883586e-01;1.2250000e+02;2.0710331e-01;1.2250000e+02;2.0101239e-01;1.2250000e+02;2.2736043e-01;1.2250000e+02;1.8838237e-01;1.2250000e+02;1.3208841e-01;1.2250000e+02;7.8796759e-02;1.2250000e+02;3.3164959e-02;1.2250000e+02;-1.1815734e-02;1.2250000e+02;-5.8880113e-02;1.2250000e+02;-1.0057604e-01;1.2250000e+02;-1.4437062e-01;1.2250000e+02;-6.1562948e-02;1.2250000e+02;-5.8699109e-02;1.2250000e+02;-3.3566646e-02;1.2250000e+02;1.2628026e-02;1.2250000e+02;7.6633051e-02;1.2250000e+02;1.5538558e-01;1.2250000e+02;1.9883586e-01;1.2250000e+02;2.0710331e-01;1.2250000e+02;2.0101239e-01;1.2250000e+02;2.2736043e-01;1.2250000e+02;1.8838237e-01;1.2250000e+02;1.3208841e-01;1.2250000e+02;7.8796759e-02;1.2250000e+02;3.3164959e-02;1.2250000e+02;-1.1815734e-02;1.2250000e+02;-5.8880113e-02;1.2250000e+02;-1.0057604e-01;1.2250000e+02;-1.4437062e-01;1.2250000e+02;-6.1562948e-02;1.2250000e+02;-5.8699109e-02;1.2250000e+02;-3.3566646e-02;1.2250000e+02;1.2628026e-02;1.2250000e+02;7.6633051e-02;1.2250000e+02;1.5538558e-01;1.2250000e+02;1.9883586e-01;1.2250000e+02;2.0710331e-01;1.2250000e+02;2.0101239e-01;1.2250000e+02;2.2736043e-01;1.2250000e+02;1.8838237e-01;1.2250000e+02;1.3208841e-01;1.2250000e+02;7.8796759e-02;1.2250000e+02;3.3164959e-02;1.2250000e+02;-1.1815734e-02;1.2250000e+02;-5.8880113e-02;1.2250000e+02;-1.0057604e-01;1.2250000e+02;-1.4437062e-01;1.2250000e+02;-6.1562948e-02;1.2250000e+02;-5.8699109e-02;1.2250000e+02;-3.3566646e-02;1.2250000e+02;1.2628026e-02;1.2250000e+02;7.6633051e-02;1.2250000e+02;1.5538558e-01;1.2250000e+02;1.9883586e-01;1.2250000e+02;2.0710331e-01;1.2250000e+02;2.0101239e-01;1.2250000e+02;2.2736043e-01;1.2250000e+02;1.8838237e-01;1.2250000e+02;1.3208841e-01;1.2250000e+02;7.8796759e-02;1.2250000e+02;3.3164959e-02;1.2250000e+02;-1.1815734e-02;1.2250000e+02;-5.8880113e-02;1.2250000e+02;-1.0057604e-01;1.2250000e+02;-1.4437062e-01;1.2250000e+02;-6.1562948e-02;1.2250000e+02;-5.8699109e-02;1.2250000e+02;-3.3566646e-02;1.2250000e+02;1.2628026e-02;1.2250000e+02;7.6633051e-02;1.2250000e+02;1.5538558e-01;1.2250000e+02;1.9883586e-01;1.2250000e+02;2.0710331e-01;1.2250000e+02;2.0101239e-01;1.2250000e+02;2.2736043e-01;1.2250000e+02;1.8838237e-01;1.2250000e+02;1.3208841e-01;1.2250000e+02;7.8796759e-02;1.2250000e+02;3.3164959e-02;1.2250000e+02;-1.1815734e-02;1.2250000e+02;-5.8880113e-02;1.2250000e+02;-1.0057604e-01;1.2250000e+02;-1.4437062e-01;1.2250000e+02;-6.1562948e-02;1.2250000e+02;-5.8699109e-02;1.2250000e+02;-3.3566646e-02;1.2250000e+02;1.2628026e-02;1.2250000e+02;7.6633051e-02;1.2250000e+02;1.5538558e-01;1.2250000e+02;1.9883586e-01;1.2250000e+02;2.0710331e-01;1.2250000e+02;2.0101239e-01;1.2250000e+02;2.2736043e-01;1.2250000e+02;1.8838237e-01;1.2250000e+02;1.3208841e-01;1.2250000e+02;7.8796759e-02;1.2250000e+02;3.3164959e-02;1.2250000e+02;-1.1815734e-02;1.2250000e+02;-5.8880113e-02;1.2250000e+02;-1.0057604e-01;1.2250000e+02;-1.4437062e-01;1.2250000e+02;-6.1562948e-02;1.2250000e+02;-5.8699109e-02;1.2250000e+02;-3.3566646e-02;1.2250000e+02;1.2628026e-02;1.2250000e+02;7.6633051e-02;1.2250000e+02;1.5538558e-01;1.2250000e+02;1.9883586e-01;1.2250000e+02;2.0710331e-01;1.2250000e+02;2.0101239e-01;1.2250000e+02;2.2736043e-01;1.2250000e+02;1.8838237e-01;1.2250000e+02;1.3208841e-01;1.2250000e+02;7.8796759e-02;1.2250000e+02;3.3164959e-02;1.2250000e+02;-1.1815734e-02;1.2250000e+02;-5.8880113e-02;1.2250000e+02;-1.0057604e-01;1.2250000e+02;-1.4437062e-01;1.2250000e+02;-6.1562948e-02;1.2250000e+02;-5.8699109e-02;1.2250000e+02;-3.3566646e-02;1.2250000e+02;1.2628026e-02;1.2250000e+02;7.6633051e-02;1.2250000e+02;1.5538558e-01;1.2250000e+02;1.9883586e-01;1.2250000e+02;2.0710331e-01;1.2250000e+02;2.0101239e-01;1.2250000e+02;2.2736043e-01;1.2250000e+02;1.8838237e-01;1.2250000e+02;1.3208841e-01;1.2250000e+02;7.8796759e-02;1.2250000e+02;3.3164959e-02;1.2250000e+02;-1.1815734e-02;1.2250000e+02;-5.8880113e-02;1.2250000e+02;-1.0057604e-01;1.2250000e+02;-1.4437062e-01;1.2250000e+02;-6.1562948e-02;1.2250000e+02;-5.8699109e-02;1.2250000e+02;-3.3566646e-02;1.2250000e+02;1.2628026e-02;1.2250000e+02;7.6633051e-02;1.2250000e+02;1.5538558e-01;1.2250000e+02;1.9883586e-01;1.2250000e+02;2.0710331e-01;1.2250000e+02;2.0101239e-01;1.2250000e+02;2.2736043e-01;1.2250000e+02;1.8838237e-01;1.2250000e+02;1.3208841e-01;1.2250000e+02;7.8796759e-02;1.2250000e+02;3.3164959e-02;1.2250000e+02;-1.1815734e-02;1.2250000e+02;-5.8880113e-02;1.2250000e+02;-1.0057604e-01;1.2250000e+02;-1.4437062e-01;1.2250000e+02;-6.1562948e-02;1.2250000e+02;-5.8699109e-02;1.2250000e+02;-3.3566646e-02;1.2250000e+02;1.2628026e-02;1.2250000e+02;7.6633051e-02;1.2250000e+02;1.5538558e-01;1.2250000e+02;1.9883586e-01;1.2250000e+02;2.0710331e-01;1.2250000e+02;2.0101239e-01;1.2250000e+02;2.2736043e-01;1.2250000e+02;1.8838237e-01;1.2250000e+02;1.3208841e-01;1.2250000e+02;7.8796759e-02;1.2250000e+02;3.3164959e-02;1.2250000e+02;-1.1815734e-02;1.2250000e+02;-5.8880113e-02;1.2250000e+02;-1.0057604e-01;1.2250000e+02;-1.4437062e-01;1.2250000e+02;-6.1562948e-02;1.2250000e+02;-5.8699109e-02;1.2250000e+02;-3.3566646e-02;1.2250000e+02;1.2628026e-02;1.2250000e+02;7.6633051e-02;1.2250000e+02;1.5538558e-01;1.2250000e+02;1.9883586e-01;1.2250000e+02;2.0710331e-01;1.2250000e+02;2.0101239e-01;1.2250000e+02;2.2736043e-01;1.2250000e+02;1.8838237e-01;1.2250000e+02;1.3208841e-01;1.2250000e+02;7.8796759e-02;1.2250000e+02;3.3164959e-02;1.2250000e+02;-1.1815734e-02;1.2250000e+02;-5.8880113e-02;1.2250000e+02;-1.0057604e-01;1.2250000e+02;-1.4437062e-01;1.2250000e+02;-6.1562948e-02;1.2250000e+02;-5.8699109e-02;1.2250000e+02;-3.3566646e-02;1.2250000e+02;1.2628026e-02;1.2250000e+02;7.6633051e-02;1.2250000e+02;1.5538558e-01;1.2250000e+02;1.9883586e-01;1.2250000e+02;2.0710331e-01;1.2250000e+02;2.0101239e-01;1.2250000e+02;2.2736043e-01;1.2250000e+02;1.8838237e-01;1.2250000e+02;1.3208841e-01;1.2250000e+02;7.8796759e-02;1.2250000e+02;3.3164959e-02;1.2250000e+02;-1.1815734e-02;1.2250000e+02;-5.8880113e-02;1.2250000e+02;-1.0057604e-01;1.2250000e+02;-1.4437062e-01;1.2250000e+02;-6.1562948e-02;1.2250000e+02;-5.8699109e-02;1.2250000e+02;-3.3566646e-02;1.2250000e+02;1.2628026e-02;1.2250000e+02;7.6633051e-02;1.2250000e+02;1.5538558e-01;1.2250000e+02;1.9883586e-01;1.2250000e+02;2.0710331e-01;1.2250000e+02;2.0101239e-01;1.2250000e+02;2.2736043e-01;1.2250000e+02;1.8838237e-01;1.2250000e+02;1.3208841e-01;1.2250000e+02;7.8796759e-02;1.2250000e+02;3.3164959e-02;1.2250000e+02;-1.1815734e-02;1.2250000e+02;-5.8880113e-02;1.2250000e+02;-1.0057604e-01;1.2250000e+02;-1.4437062e-01;1.2250000e+02;-6.1562948e-02;1.2250000e+02;-5.8699109e-02;1.2250000e+02;-3.3566646e-02;1.2250000e+02;1.2628026e-02;1.2250000e+02;7.6633051e-02;1.2250000e+02;1.5538558e-01;1.2250000e+02;1.9883586e-01;1.2250000e+02;2.0710331e-01;1.2250000e+02;2.0101239e-01;1.2250000e+02;2.2736043e-01;1.2250000e+02;1.8838237e-01;1.2250000e+02;1.3208841e-01;1.2250000e+02;7.8796759e-02;1.2250000e+02;3.3164959e-02;1.2250000e+02;-1.1815734e-02;1.2250000e+02;-5.8880113e-02;1.2250000e+02;-1.0057604e-01;1.2250000e+02;-1.4437062e-01;1.2250000e+02;-6.1562948e-02;1.2250000e+02;-5.8699109e-02;1.2250000e+02;-3.3566646e-02;1.2250000e+02;1.2628026e-02;1.2250000e+02;7.6633051e-02;1.2250000e+02;1.5538558e-01;1.2250000e+02;1.9883586e-01;1.2250000e+02;2.0710331e-01;1.2250000e+02;2.0101239e-01;1.2250000e+02;2.2736043e-01;1.2250000e+02;1.8838237e-01;1.2250000e+02;1.3208841e-01;1.2250000e+02;7.8796759e-02;1.2250000e+02;3.3164959e-02;1.2250000e+02;-1.1815734e-02;1.2250000e+02;-5.8880113e-02;1.2250000e+02;-1.0057604e-01;1.2250000e+02;-1.4437062e-01;1.2250000e+02;-6.1562948e-02;1.2250000e+02;-5.8699109e-02;1.2250000e+02;-3.3566646e-02;1.2250000e+02;1.2628026e-02;1.2250000e+02;7.6633051e-02;1.2250000e+02;1.5538558e-01;1.2250000e+02;1.9883586e-01;1.2250000e+02;2.0710331e-01;1.2250000e+02;2.0101239e-01;1.2250000e+02;2.2736043e-01;1.2250000e+02;1.8838237e-01;1.2250000e+02;1.3208841e-01;1.2250000e+02;7.8796759e-02;1.2250000e+02;3.3164959e-02;1.2250000e+02;-1.1815734e-02;1.2250000e+02;-5.8880113e-02;1.2250000e+02;-1.0057604e-01;1.2250000e+02;-1.4437062e-01;1.2250000e+02;-6.1562948e-02;1.2250000e+02;-5.8699109e-02;1.2250000e+02;-3.3566646e-02;1.2250000e+02;1.2628026e-02;1.2250000e+02;7.6633051e-02;1.2250000e+02;1.5538558e-01;1.2250000e+02;1.9883586e-01;1.2250000e+02;2.0710331e-01;1.2250000e+02;2.0101239e-01;1.2250000e+02;2.2736043e-01;1.2250000e+02;1.8838237e-01;1.2250000e+02;1.3208841e-01;1.2250000e+02;7.8796759e-02;1.2250000e+02;3.3164959e-02;1.2250000e+02;-1.1815734e-02;1.2250000e+02;-5.8880113e-02;1.2250000e+02;-1.0057604e-01;1.2250000e+02;-1.4437062e-01;1.2250000e+02;-6.1562948e-02;1.2250000e+02;-5.8699109e-02;1.2250000e+02;-3.3566646e-02;1.2250000e+02;1.2628026e-02;1.2250000e+02;7.6633051e-02;1.2250000e+02;1.5538558e-01;1.2250000e+02;1.9883586e-01;1.2250000e+02;2.0710331e-01;1.2250000e+02;2.0101239e-01;1.2250000e+02;2.2736043e-01;1.2250000e+02;1.8838237e-01;1.2250000e+02;1.3208841e-01;1.2250000e+02;7.8796759e-02;1.2250000e+02;3.3164959e-02;1.2250000e+02;-1.1815734e-02;1.2250000e+02;-5.8880113e-02;1.2250000e+02;-1.0057604e-01;1.2250000e+02;-1.4437062e-01;1.2250000e+02;-6.1562948e-02;1.2250000e+02;-5.8699109e-02;1.2250000e+02;-3.3566646e-02;1.2250000e+02;1.2628026e-02;1.2250000e+02;7.6633051e-02;1.2250000e+02;1.5538558e-01;1.2250000e+02;1.9883586e-01;1.2250000e+02;2.0710331e-01;1.2250000e+02;2.0101239e-01;1.2250000e+02;2.2736043e-01;1.2250000e+02;1.8838237e-01;1.2250000e+02;1.3208841e-01;1.2250000e+02;7.8796759e-02;1.2250000e+02;3.3164959e-02;1.2250000e+02;-1.1815734e-02;1.2250000e+02;-5.8880113e-02;1.2250000e+02;-1.0057604e-01;1.2250000e+02;-1.4437062e-01;1.2250000e+02;-6.1562948e-02;1.2250000e+02;-5.8699109e-02;1.2250000e+02;-3.3566646e-02;1.2250000e+02;1.2628026e-02;1.2250000e+02;7.6633051e-02;1.2250000e+02;1.5538558e-01;1.2250000e+02;1.9883586e-01;1.2250000e+02;2.0710331e-01;1.2250000e+02;2.0101239e-01;1.2250000e+02;2.2736043e-01;1.2250000e+02;1.8838237e-01;1.2250000e+02;1.3208841e-01;1.2250000e+02;7.8796759e-02;1.2250000e+02;3.3164959e-02;1.2250000e+02;-1.1815734e-02;1.2250000e+02;-5.8880113e-02;1.2250000e+02;-1.0057604e-01;1.2250000e+02;-1.4437062e-01;1.2250000e+02;-6.1562948e-02;1.2250000e+02;-5.8699109e-02;1.2250000e+02;-3.3566646e-02;1.2250000e+02;1.2628026e-02;1.2250000e+02;7.6633051e-02;1.2250000e+02;1.5538558e-01;1.2250000e+02;1.9883586e-01;1.2250000e+02;2.0710331e-01;1.2250000e+02;2.0101239e-01;1.2250000e+02;2.2736043e-01;1.2250000e+02;1.8838237e-01;1.2250000e+02;1.3208841e-01;1.2250000e+02;7.8796759e-02;1.2250000e+02;3.3164959e-02;1.2250000e+02;-1.1815734e-02;1.2250000e+02;-5.8880113e-02;1.2250000e+02;-1.0057604e-01;1.2250000e+02;-1.4437062e-01;1.2250000e+02;-6.1562948e-02;1.2250000e+02;-5.8699109e-02;1.2250000e+02;-3.3566646e-02;1.2250000e+02;1.2628026e-02;1.2250000e+02;7.6633051e-02;1.2250000e+02;1.5538558e-01;1.2250000e+02;1.9883586e-01;1.2250000e+02;2.0710331e-01;1.2250000e+02;2.0101239e-01;1.2250000e+02;2.2736043e-01;1.2250000e+02;1.8838237e-01;1.2250000e+02;1.3208841e-01;1.2250000e+02;7.8796759e-02;1.2250000e+02;3.3164959e-02;1.2250000e+02;-1.1815734e-02;1.2250000e+02;-5.8880113e-02;1.2250000e+02;-1.0057604e-01;1.2250000e+02;-1.4437062e-01;1.2250000e+02;-6.1562948e-02;1.2250000e+02;-5.8699109e-02;1.2250000e+02;-3.3566646e-02;1.2250000e+02;1.2628026e-02;1.2250000e+02;7.6633051e-02;1.2250000e+02;1.5538558e-01;1.2250000e+02;1.9883586e-01;1.2250000e+02;2.0710331e-01;1.2250000e+02;2.0101239e-01;1.2250000e+02;2.2736043e-01;1.2250000e+02;1.8838237e-01;1.2250000e+02;1.3208841e-01;1.2250000e+02;7.8796759e-02;1.2250000e+02;3.3164959e-02;1.2250000e+02;-1.1815734e-02;1.2250000e+02;-5.8880113e-02;1.2250000e+02;-1.0057604e-01;1.2250000e+02;-1.4437062e-01;1.2250000e+02;-6.1562948e-02;1.2250000e+02;-5.8699109e-02;1.2250000e+02;-3.3566646e-02;1.2250000e+02;1.2628026e-02;1.2250000e+02;7.6633051e-02;1.2250000e+02;1.5538558e-01;1.2250000e+02;1.9883586e-01;1.2250000e+02;2.0710331e-01;1.2250000e+02;2.0101239e-01;1.2250000e+02;2.2736043e-01;1.2250000e+02;1.8838237e-01;1.2250000e+02;1.3208841e-01;1.2250000e+02;7.8796759e-02;1.2250000e+02;3.3164959e-02;1.2250000e+02;-1.1815734e-02;1.2250000e+02;-5.8880113e-02;1.2250000e+02;-1.0057604e-01;1.2250000e+02;-1.4437062e-01;1.2250000e+02;-6.1562948e-02;1.2250000e+02;-5.8699109e-02;1.2250000e+02;-3.3566646e-02;1.2250000e+02;1.2628026e-02;1.2250000e+02;7.6633051e-02;1.2250000e+02;1.5538558e-01;1.2250000e+02;1.9883586e-01;1.2250000e+02;2.0710331e-01;1.2250000e+02;2.0101239e-01;1.2250000e+02;2.2736043e-01;1.2250000e+02;1.8838237e-01;1.2250000e+02;1.3208841e-01;1.2250000e+02;7.8796759e-02;1.2250000e+02;3.3164959e-02;1.2250000e+02;-1.1815734e-02;1.2250000e+02;-5.8880113e-02;1.2250000e+02;-1.0057604e-01;1.2250000e+02;-1.4437062e-01;1.2250000e+02;-6.1562948e-02;1.2250000e+02;-5.8699109e-02;1.2250000e+02;-3.3566646e-02;1.2250000e+02;1.2628026e-02;1.2250000e+02;7.6633051e-02;1.2250000e+02;1.5538558e-01;1.2250000e+02;1.9883586e-01;1.2250000e+02;2.0710331e-01;1.2250000e+02;2.0101239e-01;1.2250000e+02;2.2736043e-01;1.2250000e+02;1.8838237e-01;1.2250000e+02;1.3208841e-01;1.2250000e+02;7.8796759e-02;1.2250000e+02;3.3164959e-02;1.2250000e+02;-1.1815734e-02;1.2250000e+02;-5.8880113e-02;1.2250000e+02;-1.0057604e-01;1.2250000e+02;-1.4437062e-01;1.2250000e+02;-6.1562948e-02;1.2250000e+02;-5.8699109e-02;1.2250000e+02;-3.3566646e-02;1.2250000e+02;1.2628026e-02;1.2250000e+02;7.6633051e-02;1.2250000e+02;1.5538558e-01;1.2250000e+02;1.9883586e-01;1.2250000e+02;2.0710331e-01;1.2250000e+02;2.0101239e-01;1.2250000e+02;2.2736043e-01;1.2250000e+02;1.8838237e-01;1.2250000e+02;1.3208841e-01;1.2250000e+02;7.8796759e-02;1.2250000e+02;3.3164959e-02;1.2250000e+02;-1.1815734e-02;1.2250000e+02;-5.8880113e-02;1.2250000e+02;-1.0057604e-01;1.2250000e+02;-1.4437062e-01;1.2250000e+02;-6.1562948e-02;1.2250000e+02;-5.8699109e-02;1.2250000e+02;-3.3566646e-02;1.2250000e+02;1.2628026e-02;1.2250000e+02;7.6633051e-02;1.2250000e+02;1.5538558e-01;1.2250000e+02;1.9883586e-01;1.2250000e+02;2.0710331e-01;1.2250000e+02;2.0101239e-01;1.2250000e+02;2.2736043e-01;1.2250000e+02;1.8838237e-01;1.2250000e+02;1.3208841e-01;1.2250000e+02;7.8796759e-02;1.2250000e+02;3.3164959e-02;1.2250000e+02;-1.1815734e-02;1.2250000e+02;-5.8880113e-02;1.2250000e+02;-1.0057604e-01;1.2250000e+02;-1.4437062e-01;1.2250000e+02;-6.1562948e-02;1.2250000e+02;-5.8699109e-02;1.2250000e+02;-3.3566646e-02;1.2250000e+02;1.2628026e-02;1.2250000e+02;7.6633051e-02;1.2250000e+02;1.5538558e-01;1.2250000e+02;1.9883586e-01;1.2250000e+02;2.0710331e-01;1.2250000e+02;2.0101239e-01;1.2250000e+02;2.2736043e-01;1.2250000e+02;1.8838237e-01;1.2250000e+02;1.3208841e-01;1.2250000e+02;7.8796759e-02;1.2250000e+02;3.3164959e-02;1.2250000e+02;-1.1815734e-02;1.2250000e+02;-5.8880113e-02;1.2250000e+02;-1.0057604e-01;1.2250000e+02;-1.4437062e-01;1.2250000e+02;-6.1562948e-02;1.2250000e+02;-5.8699109e-02;1.2250000e+02;-3.3566646e-02;1.2250000e+02;1.2628026e-02;1.2250000e+02;7.6633051e-02;1.2250000e+02;1.5538558e-01;1.2250000e+02;1.9883586e-01;1.2250000e+02;2.0710331e-01;1.2250000e+02;2.0101239e-01;1.2250000e+02;2.2736043e-01;1.2250000e+02;1.8838237e-01;1.2250000e+02;1.3208841e-01;1.2250000e+02;7.8796759e-02;1.2250000e+02;3.3164959e-02;1.2250000e+02;-1.1815734e-02;1.2250000e+02;-5.8880113e-02;1.2250000e+02;-1.0057604e-01;1.2250000e+02;-1.4437062e-01;1.2250000e+02;-6.1562948e-02;1.2250000e+02;-5.8699109e-02;1.2250000e+02;-3.3566646e-02;1.2250000e+02;1.2628026e-02;1.2250000e+02;7.6633051e-02;1.2250000e+02;1.5538558e-01;1.2250000e+02;1.9883586e-01;1.2250000e+02;2.0710331e-01;1.2250000e+02;2.0101239e-01;1.2250000e+02;2.2736043e-01;1.2250000e+02;1.8838237e-01;1.2250000e+02;1.3208841e-01;1.2250000e+02;7.8796759e-02;1.2250000e+02;3.3164959e-02;1.2250000e+02;-1.1815734e-02;1.2250000e+02;-5.8880113e-02;1.2250000e+02;-1.0057604e-01;1.2250000e+02;-1.4437062e-01;1.2250000e+02;-6.1562948e-02;1.2250000e+02;-5.8699109e-02;1.2250000e+02;-3.3566646e-02;1.2250000e+02;1.2628026e-02;1.2250000e+02;7.6633051e-02;1.2250000e+02;1.5538558e-01;1.2250000e+02;1.9883586e-01;1.2250000e+02;2.0710331e-01;1.2250000e+02;2.0101239e-01;1.2250000e+02;2.2736043e-01;1.2250000e+02;1.8838237e-01;1.2250000e+02;1.3208841e-01;1.2250000e+02;7.8796759e-02;1.2250000e+02;3.3164959e-02;1.2250000e+02;-1.1815734e-02;1.2250000e+02;-5.8880113e-02;1.2250000e+02;-1.0057604e-01;1.2250000e+02;-1.4437062e-01;1.2250000e+02;-6.1562948e-02;1.2250000e+02;-5.8699109e-02;1.2250000e+02;-3.3566646e-02;1.2250000e+02;1.2628026e-02;1.2250000e+02;7.6633051e-02;1.2250000e+02;1.5538558e-01;1.2250000e+02;1.9883586e-01;1.2250000e+02;2.0710331e-01;1.2250000e+02;2.0101239e-01;1.2250000e+02;2.2736043e-01;1.2250000e+02;1.8838237e-01;1.2250000e+02;1.3208841e-01;1.2250000e+02;7.8796759e-02;1.2250000e+02;3.3164959e-02;1.2250000e+02;-1.1815734e-02;1.2250000e+02;-5.8880113e-02;1.2250000e+02;-1.0057604e-01;1.2250000e+02;-1.4437062e-01;1.2250000e+02;-6.1562948e-02;1.2250000e+02;-5.8699109e-02;1.2250000e+02;-3.3566646e-02;1.2250000e+02;1.2628026e-02;1.2250000e+02;7.6633051e-02;1.2250000e+02;1.5538558e-01;1.2250000e+02;1.9883586e-01;1.2250000e+02;2.0710331e-01;1.2250000e+02;2.0101239e-01;1.2250000e+02;2.2736043e-01;1.2250000e+02;1.8838237e-01;1.2250000e+02;1.3208841e-01;1.2250000e+02;7.8796759e-02;1.2250000e+02;3.3164959e-02;1.2250000e+02;-1.1815734e-02;1.2250000e+02;-5.8880113e-02;1.2250000e+02;-1.0057604e-01;1.2250000e+02;-1.4437062e-01;1.2250000e+02;-6.1562948e-02;1.2250000e+02;-5.8699109e-02;1.2250000e+02;-3.3566646e-02;1.2250000e+02;1.2628026e-02;1.2250000e+02;7.6633051e-02;1.2250000e+02;1.5538558e-01;1.2250000e+02;1.9883586e-01;1.2250000e+02;2.0710331e-01;1.2250000e+02;2.0101239e-01;1.2250000e+02;2.2736043e-01;1.2250000e+02;1.8838237e-01;1.2250000e+02;1.3208841e-01;1.2250000e+02;7.8796759e-02;1.2250000e+02;3.3164959e-02;1.2250000e+02;-1.1815734e-02;1.2250000e+02;-5.8880113e-02;1.2250000e+02;-1.0057604e-01;1.2250000e+02;-1.4437062e-01;1.2250000e+02;-6.1562948e-02;1.2250000e+02;-5.8699109e-02;1.2250000e+02;-3.3566646e-02;1.2250000e+02;1.2628026e-02;1.2250000e+02;7.6633051e-02;1.2250000e+02;1.5538558e-01;1.2250000e+02;1.9883586e-01;1.2250000e+02;2.0710331e-01;1.2250000e+02;2.0101239e-01;1.2250000e+02;2.2736043e-01;1.2250000e+02;1.8838237e-01;1.2250000e+02;1.3208841e-01;1.2250000e+02;7.8796759e-02;1.2250000e+02;3.3164959e-02;1.2250000e+02;-1.1815734e-02;1.2250000e+02;-5.8880113e-02;1.2250000e+02;-1.0057604e-01;1.2250000e+02;-1.4437062e-01;1.2250000e+02;-6.1562948e-02;1.2250000e+02;-5.8699109e-02;1.2250000e+02;-3.3566646e-02;1.2250000e+02;1.2628026e-02;1.2250000e+02;7.6633051e-02;1.2250000e+02;1.5538558e-01;1.2250000e+02;1.9883586e-01;1.2250000e+02;2.0710331e-01;1.2250000e+02;2.0101239e-01;1.2250000e+02;2.2736043e-01;1.2250000e+02;1.8838237e-01;1.2250000e+02;1.3208841e-01;1.2250000e+02;7.8796759e-02;1.2250000e+02;3.3164959e-02;1.2250000e+02;-1.1815734e-02;1.2250000e+02;-5.8880113e-02;1.2250000e+02;-1.0057604e-01;1.2250000e+02;-1.4437062e-01;1.2250000e+02;-6.1562948e-02;1.2250000e+02;-5.8699109e-02;1.2250000e+02;-3.3566646e-02;1.2250000e+02;1.2628026e-02;1.2250000e+02;7.6633051e-02;1.2250000e+02;1.5538558e-01;1.2250000e+02;1.9883586e-01;1.2250000e+02;2.0710331e-01;1.2250000e+02;2.0101239e-01;1.2250000e+02;2.2736043e-01;1.2250000e+02;1.8838237e-01;1.2250000e+02;1.3208841e-01;1.2250000e+02;7.8796759e-02;1.2250000e+02;3.3164959e-02;1.2250000e+02;-1.1815734e-02;1.2250000e+02;-5.8880113e-02;1.2250000e+02;-1.0057604e-01;1.2250000e+02;-1.4437062e-01;1.2250000e+02;-6.1562948e-02;1.2250000e+02;-5.8699109e-02;1.2250000e+02;-3.3566646e-02;1.2250000e+02;1.2628026e-02;1.2250000e+02;7.6633051e-02;1.2250000e+02;1.5538558e-01;1.2250000e+02;1.9883586e-01;1.2250000e+02;2.0710331e-01;1.2250000e+02;2.0101239e-01;1.2250000e+02;2.2736043e-01;1.2250000e+02;1.8838237e-01;1.2250000e+02;1.3208841e-01;1.2250000e+02;7.8796759e-02;1.2250000e+02;3.3164959e-02;1.2250000e+02;-1.1815734e-02;1.2250000e+02;-5.8880113e-02;1.2250000e+02;-1.0057604e-01;1.2250000e+02;-1.4437062e-01;1.2250000e+02;-6.1562948e-02;1.2250000e+02;-5.8699109e-02;1.2250000e+02;-3.3566646e-02;1.2250000e+02;1.2628026e-02;1.2250000e+02;7.6633051e-02;1.2250000e+02;1.5538558e-01;1.2250000e+02;1.9883586e-01;1.2250000e+02;2.0710331e-01;1.2250000e+02;2.0101239e-01;1.2250000e+02;2.2736043e-01;1.2250000e+02;1.8838237e-01;1.2250000e+02;1.3208841e-01;1.2250000e+02;7.8796759e-02;1.2250000e+02;3.3164959e-02;1.2250000e+02;-1.1815734e-02;1.2250000e+02;-5.8880113e-02;1.2250000e+02;-1.0057604e-01;1.2250000e+02;-1.4437062e-01;1.2250000e+02;-6.1562948e-02;1.2250000e+02;-5.8699109e-02;1.2250000e+02;-3.3566646e-02;1.2250000e+02;1.2628026e-02;1.2250000e+02;7.6633051e-02;1.2250000e+02;1.5538558e-01;1.2250000e+02;1.9883586e-01;1.2250000e+02;2.0710331e-01;1.2250000e+02;2.0101239e-01;1.2250000e+02;2.2736043e-01;1.2250000e+02;1.8838237e-01;1.2250000e+02;1.3208841e-01;1.2250000e+02;7.8796759e-02;1.2250000e+02;3.3164959e-02;1.2250000e+02;-1.1815734e-02;1.2250000e+02;-5.8880113e-02;1.2250000e+02;-1.0057604e-01;1.2250000e+02;-1.4437062e-01;1.2250000e+02;-6.1562948e-02;1.2250000e+02;-5.8699109e-02;1.2250000e+02;-3.3566646e-02;1.2250000e+02;1.2628026e-02;1.2250000e+02;7.6633051e-02;1.2250000e+02;1.5538558e-01;1.2250000e+02;1.9883586e-01;1.2250000e+02;2.0710331e-01;1.2250000e+02;2.0101239e-01;1.2250000e+02;2.2736043e-01;1.2250000e+02;1.8838237e-01;1.2250000e+02;1.3208841e-01;1.2250000e+02;7.8796759e-02;1.2250000e+02;3.3164959e-02;1.2250000e+02;-1.1815734e-02;1.2250000e+02;-5.8880113e-02;1.2250000e+02;-1.0057604e-01;1.2250000e+02;-1.4437062e-01;1.2250000e+02;-6.1562948e-02;1.2250000e+02;-5.8699109e-02;1.2250000e+02;-3.3566646e-02;1.2250000e+02;1.2628026e-02;1.2250000e+02;7.6633051e-02;1.2250000e+02;1.5538558e-01;1.2250000e+02;1.9883586e-01;1.2250000e+02;2.0710331e-01;1.2250000e+02;2.0101239e-01;1.2250000e+02;2.2736043e-01;1.2250000e+02;1.8838237e-01;1.2250000e+02;1.3208841e-01;1.2250000e+02;7.8796759e-02;1.2250000e+02;3.3164959e-02;1.2250000e+02;-1.1815734e-02;1.2250000e+02;-5.8880113e-02;1.2250000e+02;-1.0057604e-01;1.2250000e+02;-1.4437062e-01;1.2250000e+02;-6.1562948e-02;1.2250000e+02;-5.8699109e-02;1.2250000e+02;-3.3566646e-02;1.2250000e+02;1.2628026e-02;1.2250000e+02;7.6633051e-02;1.2250000e+02;1.5538558e-01;1.2250000e+02;1.9883586e-01;1.2250000e+02;2.0710331e-01;1.2250000e+02;2.0101239e-01;1.2250000e+02;2.2736043e-01;1.2250000e+02;1.8838237e-01;1.2250000e+02;1.3208841e-01;1.2250000e+02;7.8796759e-02;1.2250000e+02;3.3164959e-02;1.2250000e+02;-1.1815734e-02;1.2250000e+02;-5.8880113e-02;1.2250000e+02;-1.0057604e-01;1.2250000e+02;-1.4437062e-01;1.2250000e+02;-6.1562948e-02;1.2250000e+02;-5.8699109e-02;1.2250000e+02;-3.3566646e-02;1.2250000e+02;1.2628026e-02;1.2250000e+02;7.6633051e-02;1.2250000e+02;1.5538558e-01;1.2250000e+02;1.9883586e-01;1.2250000e+02;2.0710331e-01;1.2250000e+02;2.0101239e-01;1.2250000e+02;2.2736043e-01;1.2250000e+02;1.8838237e-01;1.2250000e+02;1.3208841e-01;1.2250000e+02;7.8796759e-02;1.2250000e+02;3.3164959e-02;1.2250000e+02;-1.1815734e-02;1.2250000e+02;-5.8880113e-02;1.2250000e+02;-1.0057604e-01;1.2250000e+02;-1.4437062e-01;1.2250000e+02;-6.1562948e-02;1.2250000e+02;-5.8699109e-02;1.2250000e+02;-3.3566646e-02;1.2250000e+02;1.2628026e-02;1.2250000e+02;7.6633051e-02;1.2250000e+02;1.5538558e-01;1.2250000e+02;1.9883586e-01;1.2250000e+02;2.0710331e-01;1.2250000e+02;2.0101239e-01;1.2250000e+02;2.2736043e-01;1.2250000e+02;1.8838237e-01;1.2250000e+02;1.3208841e-01;1.2250000e+02;7.8796759e-02;1.2250000e+02;3.3164959e-02;1.2250000e+02;-1.1815734e-02;1.2250000e+02;-5.8880113e-02;1.2250000e+02;-1.0057604e-01;1.2250000e+02;-1.4437062e-01;1.2250000e+02;-6.1562948e-02;1.2250000e+02;-5.8699109e-02;1.2250000e+02;-3.3566646e-02;1.2250000e+02;1.2628026e-02;1.2250000e+02;7.6633051e-02;1.2250000e+02;1.5538558e-01;1.2250000e+02;1.9883586e-01;1.2250000e+02;2.0710331e-01;1.2250000e+02;2.0101239e-01;1.2250000e+02;2.2736043e-01;1.2250000e+02;1.8838237e-01;1.2250000e+02;1.3208841e-01;1.2250000e+02;7.8796759e-02;1.2250000e+02;3.3164959e-02;1.2250000e+02;-1.1815734e-02;1.2250000e+02;-5.8880113e-02;1.2250000e+02;-1.0057604e-01;1.2250000e+02;-1.4437062e-01;1.2250000e+02;-6.1562948e-02;1.2250000e+02;-5.8699109e-02;1.2250000e+02;-3.3566646e-02;1.2250000e+02;1.2628026e-02;1.2250000e+02;7.6633051e-02;1.2250000e+02;1.5538558e-01;1.2250000e+02;1.9883586e-01;1.2250000e+02;2.0710331e-01;1.2250000e+02;2.0101239e-01;1.2250000e+02;2.2736043e-01;1.2250000e+02;1.8838237e-01;1.2250000e+02;1.3208841e-01;1.2250000e+02;7.8796759e-02;1.2250000e+02;3.3164959e-02;1.2250000e+02;-1.1815734e-02;1.2250000e+02;-5.8880113e-02;1.2250000e+02;-1.0057604e-01;1.2250000e+02;-1.4437062e-01;1.2250000e+02;-6.1562948e-02;1.2250000e+02;-5.8699109e-02;1.2250000e+02;-3.3566646e-02;1.2250000e+02;1.2628026e-02;1.2250000e+02;7.6633051e-02;1.2250000e+02;1.5538558e-01;1.2250000e+02;1.9883586e-01;1.2250000e+02;2.0710331e-01;1.2250000e+02;2.0101239e-01;1.2250000e+02;2.2736043e-01;1.2250000e+02;1.8838237e-01;1.2250000e+02;1.3208841e-01;1.2250000e+02;7.8796759e-02;1.2250000e+02;3.3164959e-02;1.2250000e+02;-1.1815734e-02;1.2250000e+02;-5.8880113e-02;1.2250000e+02;-1.0057604e-01;1.2250000e+02;-1.4437062e-01;1.2250000e+02;-6.1562948e-02;1.2250000e+02;-5.8699109e-02;1.2250000e+02;-3.3566646e-02;1.2250000e+02;1.2628026e-02;1.2250000e+02;7.6633051e-02;1.2250000e+02;1.5538558e-01;1.2250000e+02;1.9883586e-01;1.2250000e+02;2.0710331e-01;1.2250000e+02;2.0101239e-01;1.2250000e+02;2.2736043e-01;1.2250000e+02;1.8838237e-01;1.2250000e+02;1.3208841e-01;1.2250000e+02;7.8796759e-02;1.2250000e+02;3.3164959e-02;1.2250000e+02;-1.1815734e-02;1.2250000e+02;-5.8880113e-02;1.2250000e+02;-1.0057604e-01;1.2250000e+02;-1.4437062e-01;1.2250000e+02;-6.1562948e-02;1.2250000e+02;-5.8699109e-02;1.2250000e+02;-3.3566646e-02;1.2250000e+02;1.2628026e-02;1.2250000e+02;7.6633051e-02;1.2250000e+02;1.5538558e-01;1.2250000e+02;1.9883586e-01;1.2250000e+02;2.0710331e-01;1.2250000e+02;2.0101239e-01;1.2250000e+02;2.2736043e-01;1.2250000e+02;1.8838237e-01;1.2250000e+02;1.3208841e-01;1.2250000e+02;7.8796759e-02;1.2250000e+02;3.3164959e-02;1.2250000e+02;-1.1815734e-02;1.2250000e+02;-5.8880113e-02;1.2250000e+02;-1.0057604e-01;1.2250000e+02;-1.4437062e-01;1.2250000e+02;-6.1562948e-02;1.2250000e+02;-5.8699109e-02;1.2250000e+02;-3.3566646e-02;1.2250000e+02;1.2628026e-02;1.2250000e+02;7.6633051e-02;1.2250000e+02;1.5538558e-01;1.2250000e+02;1.9883586e-01;1.2250000e+02;2.0710331e-01;1.2250000e+02;2.0101239e-01;1.2250000e+02;2.2736043e-01;1.2250000e+02;1.8838237e-01;1.2250000e+02;1.3208841e-01;1.2250000e+02;7.8796759e-02;1.2250000e+02;3.3164959e-02;1.2250000e+02;-1.1815734e-02;1.2250000e+02;-5.8880113e-02;1.2250000e+02;-1.0057604e-01;1.2250000e+02;-1.4437062e-01;1.2250000e+02;-6.1562948e-02;1.2250000e+02;-5.8699109e-02;1.2250000e+02;-3.3566646e-02;1.2250000e+02;1.2628026e-02;1.2250000e+02;7.6633051e-02;1.2250000e+02;1.5538558e-01;1.2250000e+02;1.9883586e-01;1.2250000e+02;2.0710331e-01;1.2250000e+02;2.0101239e-01;1.2250000e+02;2.2736043e-01;1.2250000e+02;1.8838237e-01;1.2250000e+02;1.3208841e-01;1.2250000e+02;7.8796759e-02;1.2250000e+02;3.3164959e-02;1.2250000e+02;-1.1815734e-02;1.2250000e+02;-5.8880113e-02;1.2250000e+02;-1.0057604e-01;1.2250000e+02;-1.4437062e-01;1.2250000e+02;-6.1562948e-02;1.2250000e+02;-5.8699109e-02;1.2250000e+02;-3.3566646e-02;1.2250000e+02;1.2628026e-02;1.2250000e+02;7.6633051e-02;1.2250000e+02;1.5538558e-01;1.2250000e+02;1.9883586e-01;1.2250000e+02;2.0710331e-01;1.2250000e+02;2.0101239e-01;1.2250000e+02;2.2736043e-01;1.2250000e+02;1.8838237e-01;1.2250000e+02;1.3208841e-01;1.2250000e+02;7.8796759e-02;1.2250000e+02;3.3164959e-02;1.2250000e+02;-1.1815734e-02;1.2250000e+02;-5.8880113e-02;1.2250000e+02;-1.0057604e-01;1.2250000e+02;-1.4437062e-01;1.2250000e+02;-6.1562948e-02;1.2250000e+02;-5.8699109e-02;1.2250000e+02;-3.3566646e-02;1.2250000e+02;1.2628026e-02;1.2250000e+02;7.6633051e-02;1.2250000e+02;1.5538558e-01;1.2250000e+02;1.9883586e-01;1.2250000e+02;2.0710331e-01;1.2250000e+02;2.0101239e-01;1.2250000e+02;2.2736043e-01;1.2250000e+02;1.8838237e-01;1.2250000e+02;1.3208841e-01;1.2250000e+02;7.8796759e-02;1.2250000e+02;3.3164959e-02;1.2250000e+02;-1.1815734e-02;1.2250000e+02;-5.8880113e-02;1.2250000e+02;-1.0057604e-01;1.2250000e+02;-1.4437062e-01;1.2250000e+02;-6.1562948e-02;1.2250000e+02;-5.8699109e-02;1.2250000e+02;-3.3566646e-02;1.2250000e+02;1.2628026e-02;1.2250000e+02;7.6633051e-02;1.2250000e+02;1.5538558e-01;1.2250000e+02;1.9883586e-01;1.2250000e+02;2.0710331e-01;1.2250000e+02;2.0101239e-01;1.2250000e+02;2.2736043e-01;1.2250000e+02;1.8838237e-01;1.2250000e+02;1.3208841e-01;1.2250000e+02;7.8796759e-02;1.2250000e+02;3.3164959e-02;1.2250000e+02;-1.1815734e-02;1.2250000e+02;-5.8880113e-02;1.2250000e+02;-1.0057604e-01;1.2250000e+02;-1.4437062e-01;1.2250000e+02;-6.1562948e-02;1.2250000e+02;-5.8699109e-02;1.2250000e+02;-3.3566646e-02;1.2250000e+02;1.2628026e-02;1.2250000e+02;7.6633051e-02;1.2250000e+02;1.5538558e-01;1.2250000e+02;1.9883586e-01;1.2250000e+02;2.0710331e-01;1.2250000e+02;2.0101239e-01;1.2250000e+02;2.2736043e-01;1.2250000e+02;1.8838237e-01;1.2250000e+02;1.3208841e-01;1.2250000e+02;7.8796759e-02;1.2250000e+02;3.3164959e-02;1.2250000e+02;-1.1815734e-02;1.2250000e+02;-5.8880113e-02;1.2250000e+02;-1.0057604e-01;1.2250000e+02;-1.4437062e-01;1.2250000e+02;-6.1562948e-02;1.2250000e+02;-5.8699109e-02;1.2250000e+02;-3.3566646e-02;1.2250000e+02;1.2628026e-02;1.2250000e+02;7.6633051e-02;1.2250000e+02;1.5538558e-01;1.2250000e+02;1.9883586e-01;1.2250000e+02;2.0710331e-01;1.2250000e+02;2.0101239e-01;1.2250000e+02;2.2736043e-01;1.2250000e+02;1.8838237e-01;1.2250000e+02;1.3208841e-01;1.2250000e+02;7.8796759e-02;1.2250000e+02;3.3164959e-02;1.2250000e+02;-1.1815734e-02;1.2250000e+02;-5.8880113e-02;1.2250000e+02;-1.0057604e-01;1.2250000e+02;-1.4437062e-01;1.2250000e+02;-6.1562948e-02;1.2250000e+02;-5.8699109e-02;1.2250000e+02;-3.3566646e-02;1.2250000e+02;1.2628026e-02;1.2250000e+02;7.6633051e-02;1.2250000e+02;1.5538558e-01;1.2250000e+02;1.9883586e-01;1.2250000e+02;2.0710331e-01;1.2250000e+02;2.0101239e-01;1.2250000e+02;2.2736043e-01;1.2250000e+02;1.8838237e-01;1.2250000e+02;1.3208841e-01;1.2250000e+02;7.8796759e-02;1.2250000e+02;3.3164959e-02;1.2250000e+02;-1.1815734e-02;1.2250000e+02;-5.8880113e-02;1.2250000e+02;-1.0057604e-01;1.2250000e+02;-1.4437062e-01;1.2250000e+02;-6.1562948e-02;1.2250000e+02;-5.8699109e-02;1.2250000e+02;-3.3566646e-02;1.2250000e+02;1.2628026e-02;1.2250000e+02;7.6633051e-02;1.2250000e+02;1.5538558e-01;1.2250000e+02;1.9883586e-01;1.2250000e+02;2.0710331e-01;1.2250000e+02;2.0101239e-01;1.2250000e+02;2.2736043e-01;1.2250000e+02;1.8838237e-01;1.2250000e+02;1.3208841e-01;1.2250000e+02;7.8796759e-02;1.2250000e+02;3.3164959e-02;1.2250000e+02;-1.1815734e-02;1.2250000e+02;-5.8880113e-02;1.2250000e+02;-1.0057604e-01;1.2250000e+02;-1.4437062e-01;1.2250000e+02;-6.1562948e-02;1.2250000e+02;-5.8699109e-02;1.2250000e+02;-3.3566646e-02;1.2250000e+02;1.2628026e-02;1.2250000e+02;7.6633051e-02;1.2250000e+02;1.5538558e-01;1.2250000e+02;1.9883586e-01;1.2250000e+02;2.0710331e-01;1.2250000e+02;2.0101239e-01;1.2250000e+02;2.2736043e-01;1.2250000e+02;1.8838237e-01;1.2250000e+02;1.3208841e-01;1.2250000e+02;7.8796759e-02;1.2250000e+02;3.3164959e-02;1.2250000e+02;-1.1815734e-02;1.2250000e+02;-5.8880113e-02;1.2250000e+02;-1.0057604e-01;1.2250000e+02;-1.4437062e-01;1.2250000e+02;-6.1562948e-02;1.2250000e+02;-5.8699109e-02;1.2250000e+02;-3.3566646e-02;1.2250000e+02;1.2628026e-02;1.2250000e+02;7.6633051e-02;1.2250000e+02;1.5538558e-01;1.2250000e+02;1.9883586e-01;1.2250000e+02;2.0710331e-01;1.2250000e+02;2.0101239e-01;1.2250000e+02;2.2736043e-01;1.2250000e+02;1.8838237e-01;1.2250000e+02;1.3208841e-01;1.2250000e+02;7.8796759e-02;1.2250000e+02;3.3164959e-02;1.2250000e+02;-1.1815734e-02;1.2250000e+02;-5.8880113e-02;1.2250000e+02;-1.0057604e-01;1.2250000e+02;-1.4437062e-01;1.2250000e+02;-6.1562948e-02;1.2250000e+02;-5.8699109e-02;1.2250000e+02;-3.3566646e-02;1.2250000e+02;1.2628026e-02;1.2250000e+02;7.6633051e-02;1.2250000e+02;1.5538558e-01;1.2250000e+02;1.9883586e-01;1.2250000e+02;2.0710331e-01;1.2250000e+02;2.0101239e-01;1.2250000e+02;2.2736043e-01;1.2250000e+02;1.8838237e-01;1.2250000e+02;1.3208841e-01;1.2250000e+02;7.8796759e-02;1.2250000e+02;3.3164959e-02;1.2250000e+02;-1.1815734e-02;1.2250000e+02;-5.8880113e-02;1.2250000e+02;-1.0057604e-01;1.2250000e+02;-1.4437062e-01;1.2250000e+02;-6.1562948e-02;1.2250000e+02;-5.8699109e-02;1.2250000e+02;-3.3566646e-02;1.2250000e+02;1.2628026e-02;1.2250000e+02;7.6633051e-02;1.2250000e+02;1.5538558e-01;1.2250000e+02;1.9883586e-01;1.2250000e+02;2.0710331e-01;1.2250000e+02;2.0101239e-01;1.2250000e+02;2.2736043e-01;1.2250000e+02;1.8838237e-01;1.2250000e+02;1.3208841e-01;1.2250000e+02;7.8796759e-02;1.2250000e+02;3.3164959e-02;1.2250000e+02;-1.1815734e-02;1.2250000e+02;-5.8880113e-02;1.2250000e+02;-1.0057604e-01;1.2250000e+02;-1.4437062e-01;1.2250000e+02;-6.1562948e-02;1.2250000e+02;-5.8699109e-02;1.2250000e+02;-3.3566646e-02;1.2250000e+02;1.2628026e-02;1.2250000e+02;7.6633051e-02;1.2250000e+02;1.5538558e-01;1.2250000e+02;1.9883586e-01;1.2250000e+02;2.0710331e-01;1.2250000e+02;2.0101239e-01;1.2250000e+02;2.2736043e-01;1.2250000e+02;1.8838237e-01;1.2250000e+02;1.3208841e-01;1.2250000e+02;7.8796759e-02;1.2250000e+02;3.3164959e-02;1.2250000e+02;-1.1815734e-02;1.2250000e+02;-5.8880113e-02;1.2250000e+02;-1.0057604e-01;1.2250000e+02;-1.4437062e-01;1.2250000e+02;-6.1562948e-02;1.2250000e+02;-5.8699109e-02;1.2250000e+02;-3.3566646e-02;1.2250000e+02;1.2628026e-02;1.2250000e+02;7.6633051e-02;1.2250000e+02;1.5538558e-01;1.2250000e+02;1.9883586e-01;1.2250000e+02;2.0710331e-01;1.2250000e+02;2.0101239e-01;1.2250000e+02;2.2736043e-01;1.2250000e+02;1.8838237e-01;1.2250000e+02;1.3208841e-01;1.2250000e+02;7.8796759e-02;1.2250000e+02;3.3164959e-02;1.2250000e+02;-1.1815734e-02;1.2250000e+02;-5.8880113e-02;1.2250000e+02;-1.0057604e-01;1.2250000e+02;-1.4437062e-01;1.2250000e+02;-6.1562948e-02;1.2250000e+02;-5.8699109e-02;1.2250000e+02;-3.3566646e-02;1.2250000e+02;1.2628026e-02;1.2250000e+02;7.6633051e-02;1.2250000e+02;1.5538558e-01;1.2250000e+02;1.9883586e-01;1.2250000e+02;2.0710331e-01;1.2250000e+02;2.0101239e-01;1.2250000e+02;2.2736043e-01;1.2250000e+02;1.8838237e-01;1.2250000e+02;1.3208841e-01;1.2250000e+02;7.8796759e-02;1.2250000e+02;3.3164959e-02;1.2250000e+02;-1.1815734e-02;1.2250000e+02;-5.8880113e-02;1.2250000e+02;-1.0057604e-01;1.2250000e+02;-1.4437062e-01;1.2250000e+02;-6.1562948e-02;1.2250000e+02;-5.8699109e-02;1.2250000e+02;-3.3566646e-02;1.2250000e+02;1.2628026e-02;1.2250000e+02;7.6633051e-02;1.2250000e+02;1.5538558e-01;1.2250000e+02;1.9883586e-01;1.2250000e+02;2.0710331e-01;1.2250000e+02;2.0101239e-01;1.2250000e+02;2.2736043e-01;1.2250000e+02;1.8838237e-01;1.2250000e+02;1.3208841e-01;1.2250000e+02;7.8796759e-02;1.2250000e+02;3.3164959e-02;1.2250000e+02;-1.1815734e-02;1.2250000e+02;-5.8880113e-02;1.2250000e+02;-1.0057604e-01;1.2250000e+02;-1.4437062e-01;1.2250000e+02;-6.1562948e-02;1.2250000e+02;-5.8699109e-02;1.2250000e+02;-3.3566646e-02;1.2250000e+02;1.2628026e-02;1.2250000e+02;7.6633051e-02;1.2250000e+02;1.5538558e-01;1.2250000e+02;1.9883586e-01;1.2250000e+02;2.0710331e-01;1.2250000e+02;2.0101239e-01;1.2250000e+02;2.2736043e-01;1.2250000e+02;1.8838237e-01;1.2250000e+02;1.3208841e-01;1.2250000e+02;7.8796759e-02;1.2250000e+02;3.3164959e-02;1.2250000e+02;-1.1815734e-02;1.2250000e+02;-5.8880113e-02;1.2250000e+02;-1.0057604e-01;1.2250000e+02;-1.4437062e-01;1.2250000e+02;-6.1562948e-02;1.2250000e+02;-5.8699109e-02;1.2250000e+02;-3.3566646e-02;1.2250000e+02;1.2628026e-02;1.2250000e+02;7.6633051e-02;1.2250000e+02;1.5538558e-01;1.2250000e+02;1.9883586e-01;1.2250000e+02;2.0710331e-01;1.2250000e+02;2.0101239e-01;1.2250000e+02;2.2736043e-01;1.2250000e+02;1.8838237e-01;1.2250000e+02;1.3208841e-01;1.2250000e+02;7.8796759e-02;1.2250000e+02;3.3164959e-02;1.2250000e+02;-1.1815734e-02;1.2250000e+02;-5.8880113e-02;1.2250000e+02;-1.0057604e-01;1.2250000e+02;-1.4437062e-01;1.2250000e+02;-6.1562948e-02;1.2250000e+02;-5.8699109e-02;1.2250000e+02;-3.3566646e-02;1.2250000e+02;1.2628026e-02;1.2250000e+02;7.6633051e-02;1.2250000e+02;1.5538558e-01;1.2250000e+02;1.9883586e-01;1.2250000e+02;2.0710331e-01;1.2250000e+02;2.0101239e-01;1.2250000e+02;2.2736043e-01;1.2250000e+02;1.8838237e-01;1.2250000e+02;1.3208841e-01;1.2250000e+02;7.8796759e-02;1.2250000e+02;3.3164959e-02;1.2250000e+02;-1.1815734e-02;1.2250000e+02;-5.8880113e-02;1.2250000e+02;-1.0057604e-01;1.2250000e+02;-1.4437062e-01;1.2250000e+02;-6.1562948e-02;1.2250000e+02;-5.8699109e-02;1.2250000e+02;-3.3566646e-02;1.2250000e+02;1.2628026e-02;1.2250000e+02;7.6633051e-02;1.2250000e+02;1.5538558e-01;1.2250000e+02;1.9883586e-01;1.2250000e+02;2.0710331e-01;1.2250000e+02;2.0101239e-01;1.2250000e+02;2.2736043e-01;1.2250000e+02;1.8838237e-01;1.2250000e+02;1.3208841e-01;1.2250000e+02;7.8796759e-02;1.2250000e+02;3.3164959e-02;1.2250000e+02;-1.1815734e-02;1.2250000e+02;-5.8880113e-02;1.2250000e+02;-1.0057604e-01;1.2250000e+02;-1.4437062e-01;1.2250000e+02;-6.1562948e-02;1.2250000e+02;-5.8699109e-02;1.2250000e+02;-3.3566646e-02;1.2250000e+02;1.2628026e-02;1.2250000e+02;7.6633051e-02;1.2250000e+02;1.5538558e-01;1.2250000e+02;1.9883586e-01;1.2250000e+02;2.0710331e-01;1.2250000e+02;2.0101239e-01;1.2250000e+02;2.2736043e-01;1.2250000e+02;1.8838237e-01;1.2250000e+02;1.3208841e-01;1.2250000e+02;7.8796759e-02;1.2250000e+02;3.3164959e-02;1.2250000e+02;-1.1815734e-02;1.2250000e+02;-5.8880113e-02;1.2250000e+02;-1.0057604e-01;1.2250000e+02;-1.4437062e-01;1.2250000e+02;-6.1562948e-02;1.2250000e+02;-5.8699109e-02;1.2250000e+02;-3.3566646e-02;1.2250000e+02;1.2628026e-02;1.2250000e+02;7.6633051e-02;1.2250000e+02;1.5538558e-01;1.2250000e+02;1.9883586e-01;1.2250000e+02;2.0710331e-01;1.2250000e+02;2.0101239e-01;1.2250000e+02;2.2736043e-01;1.2250000e+02;1.8838237e-01;1.2250000e+02;1.3208841e-01;1.2250000e+02;7.8796759e-02;1.2250000e+02;3.3164959e-02;1.2250000e+02;-1.1815734e-02;1.2250000e+02;-5.8880113e-02;1.2250000e+02;-1.0057604e-01;1.2250000e+02;-1.4437062e-01;1.2250000e+02;-6.1562948e-02;1.2250000e+02;-5.8699109e-02;1.2250000e+02;-3.3566646e-02;1.2250000e+02;1.2628026e-02;1.2250000e+02;7.6633051e-02;1.2250000e+02;1.5538558e-01;1.2250000e+02;1.9883586e-01;1.2250000e+02;2.0710331e-01;1.2250000e+02;2.0101239e-01;1.2250000e+02;2.2736043e-01;1.2250000e+02;1.8838237e-01;1.2250000e+02;1.3208841e-01;1.2250000e+02;7.8796759e-02;1.2250000e+02;3.3164959e-02;1.2250000e+02;-1.1815734e-02;1.2250000e+02;-5.8880113e-02;1.2250000e+02;-1.0057604e-01;1.2250000e+02;-1.4437062e-01;1.2250000e+02;-6.1562948e-02;1.2250000e+02;-5.8699109e-02;1.2250000e+02;-3.3566646e-02;1.2250000e+02;1.2628026e-02;1.2250000e+02;7.6633051e-02;1.2250000e+02;1.5538558e-01;1.2250000e+02;1.9883586e-01;1.2250000e+02;2.0710331e-01;1.2250000e+02;2.0101239e-01;1.2250000e+02;2.2736043e-01;1.2250000e+02;1.8838237e-01;1.2250000e+02;1.3208841e-01;1.2250000e+02;7.8796759e-02;1.2250000e+02;3.3164959e-02;1.2250000e+02;-1.1815734e-02;1.2250000e+02;-5.8880113e-02;1.2250000e+02;-1.0057604e-01;1.2250000e+02;-1.4437062e-01;1.2250000e+02;-6.1562948e-02;1.2250000e+02;-5.8699109e-02;1.2250000e+02;-3.3566646e-02;1.2250000e+02;1.2628026e-02;1.2250000e+02;7.6633051e-02;1.2250000e+02;1.5538558e-01;1.2250000e+02;1.9883586e-01;1.2250000e+02;2.0710331e-01;1.2250000e+02;2.0101239e-01;1.2250000e+02;2.2736043e-01;1.2250000e+02;1.8838237e-01;1.2250000e+02;1.3208841e-01;1.2250000e+02;7.8796759e-02;1.2250000e+02;3.3164959e-02;1.2250000e+02;-1.1815734e-02;1.2250000e+02;-5.8880113e-02;1.2250000e+02;-1.0057604e-01;1.2250000e+02;-1.4437062e-01;1.2250000e+02;-6.1562948e-02;1.2250000e+02;-5.8699109e-02;1.2250000e+02;-3.3566646e-02;1.2250000e+02;1.2628026e-02;1.2250000e+02;7.6633051e-02;1.2250000e+02;1.5538558e-01;1.2250000e+02;1.9883586e-01;1.2250000e+02;2.0710331e-01;1.2250000e+02;2.0101239e-01;1.2250000e+02;2.2736043e-01;1.2250000e+02;1.8838237e-01;1.2250000e+02;1.3208841e-01;1.2250000e+02;7.8796759e-02;1.2250000e+02;3.3164959e-02;1.2250000e+02;-1.1815734e-02;1.2250000e+02;-5.8880113e-02;1.2250000e+02;-1.0057604e-01;1.2250000e+02;-1.4437062e-01;1.2250000e+02;-6.1562948e-02;1.2250000e+02;-5.8699109e-02;1.2250000e+02;-3.3566646e-02;1.2250000e+02;1.2628026e-02;1.2250000e+02;7.6633051e-02;1.2250000e+02;1.5538558e-01;1.2250000e+02;1.9883586e-01;1.2250000e+02;2.0710331e-01;1.2250000e+02;2.0101239e-01;1.2250000e+02;2.2736043e-01;1.2250000e+02;1.8838237e-01;1.2250000e+02;1.3208841e-01;1.2250000e+02;7.8796759e-02;1.2250000e+02;3.3164959e-02;1.2250000e+02;-1.1815734e-02;1.2250000e+02;-5.8880113e-02;1.2250000e+02;-1.0057604e-01;1.2250000e+02;-1.4437062e-01;1.2250000e+02;-6.1562948e-02;1.2250000e+02;-5.8699109e-02;1.2250000e+02;-3.3566646e-02;1.2250000e+02;1.2628026e-02;1.2250000e+02;7.6633051e-02;1.2250000e+02;1.5538558e-01;1.2250000e+02;1.9883586e-01;1.2250000e+02;2.0710331e-01;1.2250000e+02;2.0101239e-01;1.2250000e+02;2.2736043e-01;1.2250000e+02;1.8838237e-01;1.2250000e+02;1.3208841e-01;1.2250000e+02;7.8796759e-02;1.2250000e+02;3.3164959e-02;1.2250000e+02;-1.1815734e-02;1.2250000e+02;-5.8880113e-02;1.2250000e+02;-1.0057604e-01;1.2250000e+02;-1.4437062e-01;1.2250000e+02;-6.1562948e-02;1.2250000e+02;-5.8699109e-02;1.2250000e+02;-3.3566646e-02;1.2250000e+02;1.2628026e-02;1.2250000e+02;7.6633051e-02;1.2250000e+02;1.5538558e-01;1.2250000e+02;1.9883586e-01;1.2250000e+02;2.0710331e-01;1.2250000e+02;2.0101239e-01;1.2250000e+02;2.2736043e-01;1.2250000e+02;1.8838237e-01;1.2250000e+02;1.3208841e-01;1.2250000e+02;7.8796759e-02;1.2250000e+02;3.3164959e-02;1.2250000e+02;-1.1815734e-02;1.2250000e+02;-5.8880113e-02;1.2250000e+02;-1.0057604e-01;1.2250000e+02;-1.4437062e-01;1.2250000e+02;-6.1562948e-02;1.2250000e+02;-5.8699109e-02;1.2250000e+02;-3.3566646e-02;1.2250000e+02;1.2628026e-02;1.2250000e+02;7.6633051e-02;1.2250000e+02;1.5538558e-01;1.2250000e+02;1.9883586e-01;1.2250000e+02;2.0710331e-01;1.2250000e+02;2.0101239e-01;1.2250000e+02;2.2736043e-01;1.2250000e+02;1.8838237e-01;1.2250000e+02;1.3208841e-01;1.2250000e+02;7.8796759e-02;1.2250000e+02;3.3164959e-02;1.2250000e+02;-1.1815734e-02;1.2250000e+02;-5.8880113e-02;1.2250000e+02;-1.0057604e-01;1.2250000e+02;-1.4437062e-01;1.2250000e+02;-6.1562948e-02;1.2250000e+02;-5.8699109e-02;1.2250000e+02;-3.3566646e-02;1.2250000e+02;1.2628026e-02;1.2250000e+02;7.6633051e-02;1.2250000e+02;1.5538558e-01;1.2250000e+02;1.9883586e-01;1.2250000e+02;2.0710331e-01;1.2250000e+02;2.0101239e-01;1.2250000e+02;2.2736043e-01;1.2250000e+02;1.8838237e-01;1.2250000e+02;1.3208841e-01;1.2250000e+02;7.8796759e-02;1.2250000e+02;3.3164959e-02;1.2250000e+02;-1.1815734e-02;1.2250000e+02;-5.8880113e-02;1.2250000e+02;-1.0057604e-01;1.2250000e+02;-1.4437062e-01;1.2250000e+02;-6.1562948e-02;1.2250000e+02;-5.8699109e-02;1.2250000e+02;-3.3566646e-02;1.2250000e+02;1.2628026e-02;1.2250000e+02;7.6633051e-02;1.2250000e+02;1.5538558e-01;1.2250000e+02;1.9883586e-01;1.2250000e+02;2.0710331e-01;1.2250000e+02;2.0101239e-01;1.2250000e+02;2.2736043e-01;1.2250000e+02;1.8838237e-01;1.2250000e+02;1.3208841e-01;1.2250000e+02;7.8796759e-02;1.2250000e+02;3.3164959e-02;1.2250000e+02;-1.1815734e-02;1.2250000e+02;-5.8880113e-02;1.2250000e+02;-1.0057604e-01;1.2250000e+02;-1.4437062e-01;1.2250000e+02;-6.1562948e-02;1.2250000e+02;-5.8699109e-02;1.2250000e+02;-3.3566646e-02;1.2250000e+02;1.2628026e-02;1.2250000e+02;7.6633051e-02;1.2250000e+02;1.5538558e-01;1.2250000e+02;1.9883586e-01;1.2250000e+02;2.0710331e-01;1.2250000e+02;2.0101239e-01;1.2250000e+02;2.2736043e-01;1.2250000e+02;1.8838237e-01;1.2250000e+02;1.3208841e-01;1.2250000e+02;7.8796759e-02;1.2250000e+02;3.3164959e-02;1.2250000e+02;-1.1815734e-02;1.2250000e+02;-5.8880113e-02;1.2250000e+02;-1.0057604e-01;1.2250000e+02;-1.4437062e-01;1.2250000e+02;-6.1562948e-02;1.2250000e+02;-5.8699109e-02;1.2250000e+02;-3.3566646e-02;1.2250000e+02;1.2628026e-02;1.2250000e+02;7.6633051e-02;1.2250000e+02;1.5538558e-01;1.2250000e+02;1.9883586e-01;1.2250000e+02;2.0710331e-01;1.2250000e+02;2.0101239e-01;1.2250000e+02;2.2736043e-01;1.2250000e+02;1.8838237e-01;1.2250000e+02;1.3208841e-01;1.2250000e+02;7.8796759e-02;1.2250000e+02;3.3164959e-02;1.2250000e+02;-1.1815734e-02;1.2250000e+02;-5.8880113e-02;1.2250000e+02;-1.0057604e-01;1.2250000e+02;-1.4437062e-01;1.2250000e+02;-6.1562948e-02;1.2250000e+02;-5.8699109e-02;1.2250000e+02;-3.3566646e-02;1.2250000e+02;1.2628026e-02;1.2250000e+02;7.6633051e-02;1.2250000e+02;1.5538558e-01;1.2250000e+02;1.9883586e-01;1.2250000e+02;2.0710331e-01;1.2250000e+02;2.0101239e-01;1.2250000e+02;2.2736043e-01;1.2250000e+02;1.8838237e-01;1.2250000e+02;1.3208841e-01;1.2250000e+02;7.8796759e-02;1.2250000e+02;3.3164959e-02;1.2250000e+02;-1.1815734e-02;1.2250000e+02;-5.8880113e-02;1.2250000e+02;-1.0057604e-01;1.2250000e+02;-1.4437062e-01;1.2250000e+02;-6.1562948e-02;1.2250000e+02;-5.8699109e-02;1.2250000e+02;-3.3566646e-02;1.2250000e+02;1.2628026e-02;1.2250000e+02;7.6633051e-02;1.2250000e+02;1.5538558e-01;1.2250000e+02;1.9883586e-01;1.2250000e+02;2.0710331e-01;1.2250000e+02;2.0101239e-01;1.2250000e+02;2.2736043e-01;1.2250000e+02;1.8838237e-01;1.2250000e+02;1.3208841e-01;1.2250000e+02;7.8796759e-02;1.2250000e+02;3.3164959e-02;1.2250000e+02;-1.1815734e-02;1.2250000e+02;-5.8880113e-02;1.2250000e+02;-1.0057604e-01;1.2250000e+02;-1.4437062e-01;1.2250000e+02;-6.1562948e-02;1.2250000e+02;-5.8699109e-02;1.2250000e+02;-3.3566646e-02;1.2250000e+02;1.2628026e-02;1.2250000e+02;7.6633051e-02;1.2250000e+02;1.5538558e-01;1.2250000e+02;1.9883586e-01;1.2250000e+02;2.0710331e-01;1.2250000e+02;2.0101239e-01;1.2250000e+02;2.2736043e-01;1.2250000e+02;1.8838237e-01;1.2250000e+02;1.3208841e-01;1.2250000e+02;7.8796759e-02;1.2250000e+02;3.3164959e-02;1.2250000e+02;-1.1815734e-02;1.2250000e+02;-5.8880113e-02;1.2250000e+02;-1.0057604e-01;1.2250000e+02;-1.4437062e-01;1.2250000e+02;-6.1562948e-02;1.2250000e+02;-5.8699109e-02;1.2250000e+02;-3.3566646e-02;1.2250000e+02;1.2628026e-02;1.2250000e+02;7.6633051e-02;1.2250000e+02;1.5538558e-01;1.2250000e+02;1.9883586e-01;1.2250000e+02;2.0710331e-01;1.2250000e+02;2.0101239e-01;1.2250000e+02;2.2736043e-01;1.2250000e+02;1.8838237e-01;1.2250000e+02;1.3208841e-01;1.2250000e+02;7.8796759e-02;1.2250000e+02;3.3164959e-02;1.2250000e+02;-1.1815734e-02;1.2250000e+02;-5.8880113e-02;1.2250000e+02;-1.0057604e-01;1.2250000e+02;-1.4437062e-01;1.2250000e+02;-6.1562948e-02;1.2250000e+02;-5.8699109e-02;1.2250000e+02;-3.3566646e-02;1.2250000e+02;1.2628026e-02;1.2250000e+02;7.6633051e-02;1.2250000e+02;1.5538558e-01;1.2250000e+02;1.9883586e-01;1.2250000e+02;2.0710331e-01;1.2250000e+02;2.0101239e-01;1.2250000e+02;2.2736043e-01;1.2250000e+02;1.8838237e-01;1.2250000e+02;1.3208841e-01;1.2250000e+02;7.8796759e-02;1.2250000e+02;3.3164959e-02;1.2250000e+02;-1.1815734e-02;1.2250000e+02;-5.8880113e-02;1.2250000e+02;-1.0057604e-01;1.2250000e+02;-1.4437062e-01;1.2250000e+02;-6.1562948e-02;1.2250000e+02;-5.8699109e-02;1.2250000e+02;-3.3566646e-02;1.2250000e+02;1.2628026e-02;1.2250000e+02;7.6633051e-02;1.2250000e+02;1.5538558e-01;1.2250000e+02;1.9883586e-01;1.2250000e+02;2.0710331e-01;1.2250000e+02;2.0101239e-01;1.2250000e+02;2.2736043e-01;1.2250000e+02;1.8838237e-01;1.2250000e+02;1.3208841e-01;1.2250000e+02;7.8796759e-02;1.2250000e+02;3.3164959e-02;1.2250000e+02;-1.1815734e-02;1.2250000e+02;-5.8880113e-02;1.2250000e+02;-1.0057604e-01;1.2250000e+02;-1.4437062e-01;1.2250000e+02;-6.1562948e-02;1.2250000e+02;-5.8699109e-02;1.2250000e+02;-3.3566646e-02;1.2250000e+02;1.2628026e-02;1.2250000e+02;7.6633051e-02;1.2250000e+02;1.5538558e-01;1.2250000e+02;1.9883586e-01;1.2250000e+02;2.0710331e-01;1.2250000e+02;2.0101239e-01;1.2250000e+02;2.2736043e-01;1.2250000e+02;1.8838237e-01;1.2250000e+02;1.3208841e-01;1.2250000e+02;7.8796759e-02;1.2250000e+02;3.3164959e-02;1.2250000e+02;-1.1815734e-02;1.2250000e+02;-5.8880113e-02;1.2250000e+02;-1.0057604e-01;1.2250000e+02;-1.4437062e-01;1.2250000e+02;-6.1562948e-02;1.2250000e+02;-5.8699109e-02;1.2250000e+02;-3.3566646e-02;1.2250000e+02;1.2628026e-02;1.2250000e+02;7.6633051e-02;1.2250000e+02;1.5538558e-01;1.2250000e+02;1.9883586e-01;1.2250000e+02;2.0710331e-01;1.2250000e+02;2.0101239e-01;1.2250000e+02;2.2736043e-01;1.2250000e+02;1.8838237e-01;1.2250000e+02;1.3208841e-01;1.2250000e+02;7.8796759e-02;1.2250000e+02;3.3164959e-02;1.2250000e+02;-1.1815734e-02;1.2250000e+02;-5.8880113e-02;1.2250000e+02;-1.0057604e-01;1.2250000e+02;-1.4437062e-01;1.2250000e+02;-6.1562948e-02;1.2250000e+02;-5.8699109e-02;1.2250000e+02;-3.3566646e-02;1.2250000e+02;1.2628026e-02;1.2250000e+02;7.6633051e-02;1.2250000e+02;1.5538558e-01;1.2250000e+02;1.9883586e-01;1.2250000e+02;2.0710331e-01;1.2250000e+02;2.0101239e-01;1.2250000e+02;2.2736043e-01;1.2250000e+02;1.8838237e-01;1.2250000e+02;1.3208841e-01;1.2250000e+02;7.8796759e-02;1.2250000e+02;3.3164959e-02;1.2250000e+02;-1.1815734e-02;1.2250000e+02;-5.8880113e-02;1.2250000e+02;-1.0057604e-01;1.2250000e+02;-1.4437062e-01;1.2250000e+02;-6.1562948e-02;1.2250000e+02;-5.8699109e-02;1.2250000e+02;-3.3566646e-02;1.2250000e+02;1.2628026e-02;1.2250000e+02;7.6633051e-02;1.2250000e+02;1.5538558e-01;1.2250000e+02;1.9883586e-01;1.2250000e+02;2.0710331e-01;1.2250000e+02;2.0101239e-01;1.2250000e+02;2.2736043e-01;1.2250000e+02;1.8838237e-01;1.2250000e+02;1.3208841e-01;1.2250000e+02;7.8796759e-02;1.2250000e+02;3.3164959e-02;1.2250000e+02;-1.1815734e-02;1.2250000e+02;-5.8880113e-02;1.2250000e+02;-1.0057604e-01;1.2250000e+02;-1.4437062e-01;1.2250000e+02;-6.1562948e-02;1.2250000e+02;-5.8699109e-02;1.2250000e+02;-3.3566646e-02;1.2250000e+02;1.2628026e-02;1.2250000e+02;7.6633051e-02;1.2250000e+02;1.5538558e-01;1.2250000e+02;1.9883586e-01;1.2250000e+02;2.0710331e-01;1.2250000e+02;2.0101239e-01;1.2250000e+02;2.2736043e-01;1.2250000e+02;1.8838237e-01;1.2250000e+02;1.3208841e-01;1.2250000e+02;7.8796759e-02;1.2250000e+02;3.3164959e-02;1.2250000e+02;-1.1815734e-02;1.2250000e+02;-5.8880113e-02;1.2250000e+02;-1.0057604e-01;1.2250000e+02;-1.4437062e-01;1.2250000e+02;-6.1562948e-02;1.2250000e+02;-5.8699109e-02;1.2250000e+02;-3.3566646e-02;1.2250000e+02;1.2628026e-02;1.2250000e+02;7.6633051e-02;1.2250000e+02;1.5538558e-01;1.2250000e+02;1.9883586e-01;1.2250000e+02;2.0710331e-01;1.2250000e+02;2.0101239e-01;1.2250000e+02;2.2736043e-01;1.2250000e+02;1.8838237e-01;1.2250000e+02;1.3208841e-01;1.2250000e+02;7.8796759e-02;1.2250000e+02;3.3164959e-02;1.2250000e+02;-1.1815734e-02;1.2250000e+02;-5.8880113e-02;1.2250000e+02;-1.0057604e-01;1.2250000e+02;-1.4437062e-01;1.2250000e+02;-6.1562948e-02;1.2250000e+02;-5.8699109e-02;1.2250000e+02;-3.3566646e-02;1.2250000e+02;1.2628026e-02;1.2250000e+02;7.6633051e-02;1.2250000e+02;1.5538558e-01;1.2250000e+02;1.9883586e-01;1.2250000e+02;2.0710331e-01;1.2250000e+02;2.0101239e-01;1.2250000e+02;2.2736043e-01;1.2250000e+02;1.8838237e-01;1.2250000e+02;1.3208841e-01;1.2250000e+02;7.8796759e-02;1.2250000e+02;3.3164959e-02;1.2250000e+02;-1.1815734e-02;1.2250000e+02;-5.8880113e-02;1.2250000e+02;-1.0057604e-01;1.2250000e+02;-1.4437062e-01;1.2250000e+02;-6.1562948e-02;1.2250000e+02;-5.8699109e-02;1.2250000e+02;-3.3566646e-02;1.2250000e+02;1.2628026e-02;1.2250000e+02;7.6633051e-02;1.2250000e+02;1.5538558e-01;1.2250000e+02;1.9883586e-01;1.2250000e+02;2.0710331e-01;1.2250000e+02;2.0101239e-01;1.2250000e+02;2.2736043e-01;1.2250000e+02;1.8838237e-01;1.2250000e+02;1.3208841e-01;1.2250000e+02;7.8796759e-02;1.2250000e+02;3.3164959e-02;1.2250000e+02;-1.1815734e-02;1.2250000e+02;-5.8880113e-02;1.2250000e+02;-1.0057604e-01;1.2250000e+02;-1.4437062e-01;1.2250000e+02;-6.1562948e-02;1.2250000e+02;-5.8699109e-02;1.2250000e+02;-3.3566646e-02;1.2250000e+02;1.2628026e-02;1.2250000e+02;7.6633051e-02;1.2250000e+02;1.5538558e-01;1.2250000e+02;1.9883586e-01;1.2250000e+02;2.0710331e-01;1.2250000e+02;2.0101239e-01;1.2250000e+02;2.2736043e-01;1.2250000e+02;1.8838237e-01;1.2250000e+02;1.3208841e-01;1.2250000e+02;7.8796759e-02;1.2250000e+02;3.3164959e-02;1.2250000e+02;-1.1815734e-02;1.2250000e+02;-5.8880113e-02;1.2250000e+02;-1.0057604e-01;1.2250000e+02;-1.4437062e-01;1.2250000e+02;-6.1562948e-02;1.2250000e+02;-5.8699109e-02;1.2250000e+02;-3.3566646e-02;1.2250000e+02;1.2628026e-02;1.2250000e+02;7.6633051e-02;1.2250000e+02;1.5538558e-01;1.2250000e+02;1.9883586e-01;1.2250000e+02;2.0710331e-01;1.2250000e+02;2.0101239e-01;1.2250000e+02;2.2736043e-01;1.2250000e+02;1.8838237e-01;1.2250000e+02;1.3208841e-01;1.2250000e+02;7.8796759e-02;1.2250000e+02;3.3164959e-02;1.2250000e+02;-1.1815734e-02;1.2250000e+02;-5.8880113e-02;1.2250000e+02;-1.0057604e-01;1.2250000e+02;-1.4437062e-01;1.2250000e+02;-6.1562948e-02;1.2250000e+02;-5.8699109e-02;1.2250000e+02;-3.3566646e-02;1.2250000e+02;1.2628026e-02;1.2250000e+02;7.6633051e-02;1.2250000e+02;1.5538558e-01;1.2250000e+02;1.9883586e-01;1.2250000e+02;2.0710331e-01;1.2250000e+02;2.0101239e-01;1.2250000e+02;2.2736043e-01;1.2250000e+02;1.8838237e-01;1.2250000e+02;1.3208841e-01;1.2250000e+02;7.8796759e-02;1.2250000e+02;3.3164959e-02;1.2250000e+02;-1.1815734e-02;1.2250000e+02;-5.8880113e-02;1.2250000e+02;-1.0057604e-01;1.2250000e+02;-1.4437062e-01;1.2250000e+02;-6.1562948e-02;1.2250000e+02;-5.8699109e-02;1.2250000e+02;-3.3566646e-02;1.2250000e+02;1.2628026e-02;1.2250000e+02;7.6633051e-02;1.2250000e+02;1.5538558e-01;1.2250000e+02;1.9883586e-01;1.2250000e+02;2.0710331e-01;1.2250000e+02;2.0101239e-01;1.2250000e+02;2.2736043e-01;1.2250000e+02;1.8838237e-01;1.2250000e+02;1.3208841e-01;1.2250000e+02;7.8796759e-02;1.2250000e+02;3.3164959e-02;1.2250000e+02;-1.1815734e-02;1.2250000e+02;-5.8880113e-02;1.2250000e+02;-1.0057604e-01;1.2250000e+02;-1.4437062e-01;1.2250000e+02;-6.1562948e-02;1.2250000e+02;-5.8699109e-02;1.2250000e+02;-3.3566646e-02;1.2250000e+02;1.2628026e-02;1.2250000e+02;7.6633051e-02;1.2250000e+02;1.5538558e-01;1.2250000e+02;1.9883586e-01;1.2250000e+02;2.0710331e-01;1.2250000e+02;2.0101239e-01;1.2250000e+02;2.2736043e-01;1.2250000e+02;1.8838237e-01;1.2250000e+02;1.3208841e-01;1.2250000e+02;7.8796759e-02;1.2250000e+02;3.3164959e-02;1.2250000e+02;-1.1815734e-02;1.2250000e+02;-5.8880113e-02;1.2250000e+02;-1.0057604e-01;1.2250000e+02;-1.4437062e-01;1.2250000e+02;-6.1562948e-02;1.2250000e+02;-5.8699109e-02;1.2250000e+02;-3.3566646e-02;1.2250000e+02;1.2628026e-02;1.2250000e+02;7.6633051e-02;1.2250000e+02;1.5538558e-01;1.2250000e+02;1.9883586e-01;1.2250000e+02;2.0710331e-01;1.2250000e+02;2.0101239e-01;1.2250000e+02;2.2736043e-01;1.2250000e+02;1.8838237e-01;1.2250000e+02;1.3208841e-01;1.2250000e+02;7.8796759e-02;1.2250000e+02;3.3164959e-02;1.2250000e+02;-1.1815734e-02;1.2250000e+02;-5.8880113e-02;1.2250000e+02;-1.0057604e-01;1.2250000e+02;-1.4437062e-01;1.2250000e+02;-6.1562948e-02;1.2250000e+02;-5.8699109e-02;1.2250000e+02;-3.3566646e-02;1.2250000e+02;1.2628026e-02;1.2250000e+02;7.6633051e-02;1.2250000e+02;1.5538558e-01;1.2250000e+02;1.9883586e-01;1.2250000e+02;2.0710331e-01;1.2250000e+02;2.0101239e-01;1.2250000e+02;2.2736043e-01;1.2250000e+02;1.8838237e-01;1.2250000e+02;1.3208841e-01;1.2250000e+02;7.8796759e-02;1.2250000e+02;3.3164959e-02;1.2250000e+02;-1.1815734e-02;1.2250000e+02;-5.8880113e-02;1.2250000e+02;-1.0057604e-01;1.2250000e+02;-1.4437062e-01;1.2250000e+02;-6.1562948e-02;1.2250000e+02;-5.8699109e-02;1.2250000e+02;-3.3566646e-02;1.2250000e+02;1.2628026e-02;1.2250000e+02;7.6633051e-02;1.2250000e+02;1.5538558e-01;1.2250000e+02;1.9883586e-01;1.2250000e+02;2.0710331e-01;1.2250000e+02;2.0101239e-01;1.2250000e+02;2.2736043e-01;1.2250000e+02;1.8838237e-01;1.2250000e+02;1.3208841e-01;1.2250000e+02;7.8796759e-02;1.2250000e+02;3.3164959e-02;1.2250000e+02;-1.1815734e-02;1.2250000e+02;-5.8880113e-02;1.2250000e+02;-1.0057604e-01;1.2250000e+02;-1.4437062e-01
1.2750000e+02;-6.0639203e-02;1.2750000e+02;-5.3497389e-02;1.2750000e+02;-2.5220111e-02;1.2750000e+02;2.5768705e-02;1.2750000e+02;9.3097240e-02;1.2750000e+02;1.7182457e-01;1.2750000e+02;2.0818162e-01;1.2750000e+02;2.0629871e-01;1.2750000e+02;1.9850585e-01;1.2750000e+02;2.3092492e-01;1.2750000e+02;1.9438589e-01;1.2750000e+02;1.3943650e-01;1.2750000e+02;8.8043019e-02;1.2750000e+02;3.6782164e-02;1.2750000e+02;-8.4682368e-03;1.2750000e+02;-5.3433195e-02;1.2750000e+02;-9.3612365e-02;1.2750000e+02;-1.3935663e-01;1.2750000e+02;-6.0639203e-02;1.2750000e+02;-5.3497389e-02;1.2750000e+02;-2.5220111e-02;1.2750000e+02;2.5768705e-02;1.2750000e+02;9.3097240e-02;1.2750000e+02;1.7182457e-01;1.2750000e+02;2.0818162e-01;1.2750000e+02;2.0629871e-01;1.2750000e+02;1.9850585e-01;1.2750000e+02;2.3092492e-01;1.2750000e+02;1.9438589e-01;1.2750000e+02;1.3943650e-01;1.2750000e+02;8.8043019e-02;1.2750000e+02;3.6782164e-02;1.2750000e+02;-8.4682368e-03;1.2750000e+02;-5.3433195e-02;1.2750000e+02;-9.3612365e-02;1.2750000e+02;-1.3935663e-01;1.2750000e+02;-6.0639203e-02;1.2750000e+02;-5.3497389e-02;1.2750000e+02;-2.5220111e-02;1.2750000e+02;2.5768705e-02;1.2750000e+02;9.3097240e-02;1.2750000e+02;1.7182457e-01;1.2750000e+02;2.0818162e-01;1.2750000e+02;2.0629871e-01;1.2750000e+02;1.9850585e-01;1.2750000e+02;2.3092492e-01;1.2750000e+02;1.9438589e-01;1.2750000e+02;1.3943650e-01;1.2750000e+02;8.8043019e-02;1.2750000e+02;3.6782164e-02;1.2750000e+02;-8.4682368e-03;1.2750000e+02;-5.3433195e-02;1.2750000e+02;-9.3612365e-02;1.2750000e+02;-1.3935663e-01;1.2750000e+02;-6.0639203e-02;1.2750000e+02;-5.3497389e-02;1.2750000e+02;-2.5220111e-02;1.2750000e+02;2.5768705e-02;1.2750000e+02;9.3097240e-02;1.2750000e+02;1.7182457e-01;1.2750000e+02;2.0818162e-01;1.2750000e+02;2.0629871e-01;1.2750000e+02;1.9850585e-01;1.2750000e+02;2.3092492e-01;1.2750000e+02;1.9438589e-01;1.2750000e+02;1.3943650e-01;1.2750000e+02;8.8043019e-02;1.2750000e+02;3.6782164e-02;1.2750000e+02;-8.4682368e-03;1.2750000e+02;-5.3433195e-02;1.2750000e+02;-9.3612365e-02;1.2750000e+02;-1.3935663e-01;1.2750000e+02;-6.0639203e-02;1.2750000e+02;-5.3497389e-02;1.2750000e+02;-2.5220111e-02;1.2750000e+02;2.5768705e-02;1.2750000e+02;9.3097240e-02;1.2750000e+02;1.7182457e-01;1.2750000e+02;2.0818162e-01;1.2750000e+02;2.0629871e-01;1.2750000e+02;1.9850585e-01;1.2750000e+02;2.3092492e-01;1.2750000e+02;1.9438589e-01;1.2750000e+02;1.3943650e-01;1.2750000e+02;8.8043019e-02;1.2750000e+02;3.6782164e-02;1.2750000e+02;-8.4682368e-03;1.2750000e+02;-5.3433195e-02;1.2750000e+02;-9.3612365e-02;1.2750000e+02;-1.3935663e-01;1.2750000e+02;-6.0639203e-02;1.2750000e+02;-5.3497389e-02;1.2750000e+02;-2.5220111e-02;1.2750000e+02;2.5768705e-02;1.2750000e+02;9.3097240e-02;1.2750000e+02;1.7182457e-01;1.2750000e+02;2.0818162e-01;1.2750000e+02;2.0629871e-01;1.2750000e+02;1.9850585e-01;1.2750000e+02;2.3092492e-01;1.2750000e+02;1.9438589e-01;1.2750000e+02;1.3943650e-01;1.2750000e+02;8.8043019e-02;1.2750000e+02;3.6782164e-02;1.2750000e+02;-8.4682368e-03;1.2750000e+02;-5.3433195e-02;1.2750000e+02;-9.3612365e-02;1.2750000e+02;-1.3935663e-01;1.2750000e+02;-6.0639203e-02;1.2750000e+02;-5.3497389e-02;1.2750000e+02;-2.5220111e-02;1.2750000e+02;2.5768705e-02;1.2750000e+02;9.3097240e-02;1.2750000e+02;1.7182457e-01;1.2750000e+02;2.0818162e-01;1.2750000e+02;2.0629871e-01;1.2750000e+02;1.9850585e-01;1.2750000e+02;2.3092492e-01;1.2750000e+02;1.9438589e-01;1.2750000e+02;1.3943650e-01;1.2750000e+02;8.8043019e-02;1.2750000e+02;3.6782164e-02;1.2750000e+02;-8.4682368e-03;1.2750000e+02;-5.3433195e-02;1.2750000e+02;-9.3612365e-02;1.2750000e+02;-1.3935663e-01;1.2750000e+02;-6.0639203e-02;1.2750000e+02;-5.3497389e-02;1.2750000e+02;-2.5220111e-02;1.2750000e+02;2.5768705e-02;1.2750000e+02;9.3097240e-02;1.2750000e+02;1.7182457e-01;1.2750000e+02;2.0818162e-01;1.2750000e+02;2.0629871e-01;1.2750000e+02;1.9850585e-01;1.2750000e+02;2.3092492e-01;1.2750000e+02;1.9438589e-01;1.2750000e+02;1.3943650e-01;1.2750000e+02;8.8043019e-02;1.2750000e+02;3.6782164e-02;1.2750000e+02;-8.4682368e-03;1.2750000e+02;-5.3433195e-02;1.2750000e+02;-9.3612365e-02;1.2750000e+02;-1.3935663e-01;1.2750000e+02;-6.0639203e-02;1.2750000e+02;-5.3497389e-02;1.2750000e+02;-2.5220111e-02;1.2750000e+02;2.5768705e-02;1.2750000e+02;9.3097240e-02;1.2750000e+02;1.7182457e-01;1.2750000e+02;2.0818162e-01;1.2750000e+02;2.0629871e-01;1.2750000e+02;1.9850585e-01;1.2750000e+02;2.3092492e-01;1.2750000e+02;1.9438589e-01;1.2750000e+02;1.3943650e-01;1.2750000e+02;8.8043019e-02;1.2750000e+02;3.6782164e-02;1.2750000e+02;-8.4682368e-03;1.2750000e+02;-5.3433195e-02;1.2750000e+02;-9.3612365e-02;1.2750000e+02;-1.3935663e-01;1.2750000e+02;-6.0639203e-02;1.2750000e+02;-5.3497389e-02;1.2750000e+02;-2.5220111e-02;1.2750000e+02;2.5768705e-02;1.2750000e+02;9.3097240e-02;1.2750000e+02;1.7182457e-01;1.2750000e+02;2.0818162e-01;1.2750000e+02;2.0629871e-01;1.2750000e+02;1.9850585e-01;1.2750000e+02;2.3092492e-01;1.2750000e+02;1.9438589e-01;1.2750000e+02;1.3943650e-01;1.2750000e+02;8.8043019e-02;1.2750000e+02;3.6782164e-02;1.2750000e+02;-8.4682368e-03;1.2750000e+02;-5.3433195e-02;1.2750000e+02;-9.3612365e-02;1.2750000e+02;-1.3935663e-01;1.2750000e+02;-6.0639203e-02;1.2750000e+02;-5.3497389e-02;1.2750000e+02;-2.5220111e-02;1.2750000e+02;2.5768705e-02;1.2750000e+02;9.3097240e-02;1.2750000e+02;1.7182457e-01;1.2750000e+02;2.0818162e-01;1.2750000e+02;2.0629871e-01;1.2750000e+02;1.9850585e-01;1.2750000e+02;2.3092492e-01;1.2750000e+02;1.9438589e-01;1.2750000e+02;1.3943650e-01;1.2750000e+02;8.8043019e-02;1.2750000e+02;3.6782164e-02;1.2750000e+02;-8.4682368e-03;1.2750000e+02;-5.3433195e-02;1.2750000e+02;-9.3612365e-02;1.2750000e+02;-1.3935663e-01;1.2750000e+02;-6.0639203e-02;1.2750000e+02;-5.3497389e-02;1.2750000e+02;-2.5220111e-02;1.2750000e+02;2.5768705e-02;1.2750000e+02;9.3097240e-02;1.2750000e+02;1.7182457e-01;1.2750000e+02;2.0818162e-01;1.2750000e+02;2.0629871e-01;1.2750000e+02;1.9850585e-01;1.2750000e+02;2.3092492e-01;1.2750000e+02;1.9438589e-01;1.2750000e+02;1.3943650e-01;1.2750000e+02;8.8043019e-02;1.2750000e+02;3.6782164e-02;1.2750000e+02;-8.4682368e-03;1.2750000e+02;-5.3433195e-02;1.2750000e+02;-9.3612365e-02;1.2750000e+02;-1.3935663e-01;1.2750000e+02;-6.0639203e-02;1.2750000e+02;-5.3497389e-02;1.2750000e+02;-2.5220111e-02;1.2750000e+02;2.5768705e-02;1.2750000e+02;9.3097240e-02;1.2750000e+02;1.7182457e-01;1.2750000e+02;2.0818162e-01;1.2750000e+02;2.0629871e-01;1.2750000e+02;1.9850585e-01;1.2750000e+02;2.3092492e-01;1.2750000e+02;1.9438589e-01;1.2750000e+02;1.3943650e-01;1.2750000e+02;8.8043019e-02;1.2750000e+02;3.6782164e-02;1.2750000e+02;-8.4682368e-03;1.2750000e+02;-5.3433195e-02;1.2750000e+02;-9.3612365e-02;1.2750000e+02;-1.3935663e-01;1.2750000e+02;-6.0639203e-02;1.2750000e+02;-5.3497389e-02;1.2750000e+02;-2.5220111e-02;1.2750000e+02;2.5768705e-02;1.2750000e+02;9.3097240e-02;1.2750000e+02;1.7182457e-01;1.2750000e+02;2.0818162e-01;1.2750000e+02;2.0629871e-01;1.2750000e+02;1.9850585e-01;1.2750000e+02;2.3092492e-01;1.2750000e+02;1.9438589e-01;1.2750000e+02;1.3943650e-01;1.2750000e+02;8.8043019e-02;1.2750000e+02;3.6782164e-02;1.2750000e+02;-8.4682368e-03;1.2750000e+02;-5.3433195e-02;1.2750000e+02;-9.3612365e-02;1.2750000e+02;-1.3935663e-01;1.2750000e+02;-6.0639203e-02;1.2750000e+02;-5.3497389e-02;1.2750000e+02;-2.5220111e-02;1.2750000e+02;2.5768705e-02;1.2750000e+02;9.3097240e-02;1.2750000e+02;1.7182457e-01;1.2750000e+02;2.0818162e-01;1.2750000e+02;2.0629871e-01;1.2750000e+02;1.9850585e-01;1.2750000e+02;2.3092492e-01;1.2750000e+02;1.9438589e-01;1.2750000e+02;1.3943650e-01;1.2750000e+02;8.8043019e-02;1.2750000e+02;3.6782164e-02;1.2750000e+02;-8.4682368e-03;1.2750000e+02;-5.3433195e-02;1.2750000e+02;-9.3612365e-02;1.2750000e+02;-1.3935663e-01;1.2750000e+02;-6.0639203e-02;1.2750000e+02;-5.3497389e-02;1.2750000e+02;-2.5220111e-02;1.2750000e+02;2.5768705e-02;1.2750000e+02;9.3097240e-02;1.2750000e+02;1.7182457e-01;1.2750000e+02;2.0818162e-01;1.2750000e+02;2.0629871e-01;1.2750000e+02;1.9850585e-01;1.2750000e+02;2.3092492e-01;1.2750000e+02;1.9438589e-01;1.2750000e+02;1.3943650e-01;1.2750000e+02;8.8043019e-02;1.2750000e+02;3.6782164e-02;1.2750000e+02;-8.4682368e-03;1.2750000e+02;-5.3433195e-02;1.2750000e+02;-9.3612365e-02;1.2750000e+02;-1.3935663e-01;1.2750000e+02;-6.0639203e-02;1.2750000e+02;-5.3497389e-02;1.2750000e+02;-2.5220111e-02;1.2750000e+02;2.5768705e-02;1.2750000e+02;9.3097240e-02;1.2750000e+02;1.7182457e-01;1.2750000e+02;2.0818162e-01;1.2750000e+02;2.0629871e-01;1.2750000e+02;1.9850585e-01;1.2750000e+02;2.3092492e-01;1.2750000e+02;1.9438589e-01;1.2750000e+02;1.3943650e-01;1.2750000e+02;8.8043019e-02;1.2750000e+02;3.6782164e-02;1.2750000e+02;-8.4682368e-03;1.2750000e+02;-5.3433195e-02;1.2750000e+02;-9.3612365e-02;1.2750000e+02;-1.3935663e-01;1.2750000e+02;-6.0639203e-02;1.2750000e+02;-5.3497389e-02;1.2750000e+02;-2.5220111e-02;1.2750000e+02;2.5768705e-02;1.2750000e+02;9.3097240e-02;1.2750000e+02;1.7182457e-01;1.2750000e+02;2.0818162e-01;1.2750000e+02;2.0629871e-01;1.2750000e+02;1.9850585e-01;1.2750000e+02;2.3092492e-01;1.2750000e+02;1.9438589e-01;1.2750000e+02;1.3943650e-01;1.2750000e+02;8.8043019e-02;1.2750000e+02;3.6782164e-02;1.2750000e+02;-8.4682368e-03;1.2750000e+02;-5.3433195e-02;1.2750000e+02;-9.3612365e-02;1.2750000e+02;-1.3935663e-01;1.2750000e+02;-6.0639203e-02;1.2750000e+02;-5.3497389e-02;1.2750000e+02;-2.5220111e-02;1.2750000e+02;2.5768705e-02;1.2750000e+02;9.3097240e-02;1.2750000e+02;1.7182457e-01;1.2750000e+02;2.0818162e-01;1.2750000e+02;2.0629871e-01;1.2750000e+02;1.9850585e-01;1.2750000e+02;2.3092492e-01;1.2750000e+02;1.9438589e-01;1.2750000e+02;1.3943650e-01;1.2750000e+02;8.8043019e-02;1.2750000e+02;3.6782164e-02;1.2750000e+02;-8.4682368e-03;1.2750000e+02;-5.3433195e-02;1.2750000e+02;-9.3612365e-02;1.2750000e+02;-1.3935663e-01;1.2750000e+02;-6.0639203e-02;1.2750000e+02;-5.3497389e-02;1.2750000e+02;-2.5220111e-02;1.2750000e+02;2.5768705e-02;1.2750000e+02;9.3097240e-02;1.2750000e+02;1.7182457e-01;1.2750000e+02;2.0818162e-01;1.2750000e+02;2.0629871e-01;1.2750000e+02;1.9850585e-01;1.2750000e+02;2.3092492e-01;1.2750000e+02;1.9438589e-01;1.2750000e+02;1.3943650e-01;1.2750000e+02;8.8043019e-02;1.2750000e+02;3.6782164e-02;1.2750000e+02;-8.4682368e-03;1.2750000e+02;-5.3433195e-02;1.2750000e+02;-9.3612365e-02;1.2750000e+02;-1.3935663e-01;1.2750000e+02;-6.0639203e-02;1.2750000e+02;-5.3497389e-02;1.2750000e+02;-2.5220111e-02;1.2750000e+02;2.5768705e-02;1.2750000e+02;9.3097240e-02;1.2750000e+02;1.7182457e-01;1.2750000e+02;2.0818162e-01;1.2750000e+02;2.0629871e-01;1.2750000e+02;1.9850585e-01;1.2750000e+02;2.3092492e-01;1.2750000e+02;1.9438589e-01;1.2750000e+02;1.3943650e-01;1.2750000e+02;8.8043019e-02;1.2750000e+02;3.6782164e-02;1.2750000e+02;-8.4682368e-03;1.2750000e+02;-5.3433195e-02;1.2750000e+02;-9.3612365e-02;1.2750000e+02;-1.3935663e-01;1.2750000e+02;-6.0639203e-02;1.2750000e+02;-5.3497389e-02;1.2750000e+02;-2.5220111e-02;1.2750000e+02;2.5768705e-02;1.2750000e+02;9.3097240e-02;1.2750000e+02;1.7182457e-01;1.2750000e+02;2.0818162e-01;1.2750000e+02;2.0629871e-01;1.2750000e+02;1.9850585e-01;1.2750000e+02;2.3092492e-01;1.2750000e+02;1.9438589e-01;1.2750000e+02;1.3943650e-01;1.2750000e+02;8.8043019e-02;1.2750000e+02;3.6782164e-02;1.2750000e+02;-8.4682368e-03;1.2750000e+02;-5.3433195e-02;1.2750000e+02;-9.3612365e-02;1.2750000e+02;-1.3935663e-01;1.2750000e+02;-6.0639203e-02;1.2750000e+02;-5.3497389e-02;1.2750000e+02;-2.5220111e-02;1.2750000e+02;2.5768705e-02;1.2750000e+02;9.3097240e-02;1.2750000e+02;1.7182457e-01;1.2750000e+02;2.0818162e-01;1.2750000e+02;2.0629871e-01;1.2750000e+02;1.9850585e-01;1.2750000e+02;2.3092492e-01;1.2750000e+02;1.9438589e-01;1.2750000e+02;1.3943650e-01;1.2750000e+02;8.8043019e-02;1.2750000e+02;3.6782164e-02;1.2750000e+02;-8.4682368e-03;1.2750000e+02;-5.3433195e-02;1.2750000e+02;-9.3612365e-02;1.2750000e+02;-1.3935663e-01;1.2750000e+02;-6.0639203e-02;1.2750000e+02;-5.3497389e-02;1.2750000e+02;-2.5220111e-02;1.2750000e+02;2.5768705e-02;1.2750000e+02;9.3097240e-02;1.2750000e+02;1.7182457e-01;1.2750000e+02;2.0818162e-01;1.2750000e+02;2.0629871e-01;1.2750000e+02;1.9850585e-01;1.2750000e+02;2.3092492e-01;1.2750000e+02;1.9438589e-01;1.2750000e+02;1.3943650e-01;1.2750000e+02;8.8043019e-02;1.2750000e+02;3.6782164e-02;1.2750000e+02;-8.4682368e-03;1.2750000e+02;-5.3433195e-02;1.2750000e+02;-9.3612365e-02;1.2750000e+02;-1.3935663e-01;1.2750000e+02;-6.0639203e-02;1.2750000e+02;-5.3497389e-02;1.2750000e+02;-2.5220111e-02;1.2750000e+02;2.5768705e-02;1.2750000e+02;9.3097240e-02;1.2750000e+02;1.7182457e-01;1.2750000e+02;2.0818162e-01;1.2750000e+02;2.0629871e-01;1.2750000e+02;1.9850585e-01;1.2750000e+02;2.3092492e-01;1.2750000e+02;1.9438589e-01;1.2750000e+02;1.3943650e-01;1.2750000e+02;8.8043019e-02;1.2750000e+02;3.6782164e-02;1.2750000e+02;-8.4682368e-03;1.2750000e+02;-5.3433195e-02;1.2750000e+02;-9.3612365e-02;1.2750000e+02;-1.3935663e-01;1.2750000e+02;-6.0639203e-02;1.2750000e+02;-5.3497389e-02;1.2750000e+02;-2.5220111e-02;1.2750000e+02;2.5768705e-02;1.2750000e+02;9.3097240e-02;1.2750000e+02;1.7182457e-01;1.2750000e+02;2.0818162e-01;1.2750000e+02;2.0629871e-01;1.2750000e+02;1.9850585e-01;1.2750000e+02;2.3092492e-01;1.2750000e+02;1.9438589e-01;1.2750000e+02;1.3943650e-01;1.2750000e+02;8.8043019e-02;1.2750000e+02;3.6782164e-02;1.2750000e+02;-8.4682368e-03;1.2750000e+02;-5.3433195e-02;1.2750000e+02;-9.3612365e-02;1.2750000e+02;-1.3935663e-01;1.2750000e+02;-6.0639203e-02;1.2750000e+02;-5.3497389e-02;1.2750000e+02;-2.5220111e-02;1.2750000e+02;2.5768705e-02;1.2750000e+02;9.3097240e-02;1.2750000e+02;1.7182457e-01;1.2750000e+02;2.0818162e-01;1.2750000e+02;2.0629871e-01;1.2750000e+02;1.9850585e-01;1.2750000e+02;2.3092492e-01;1.2750000e+02;1.9438589e-01;1.2750000e+02;1.3943650e-01;1.2750000e+02;8.8043019e-02;1.2750000e+02;3.6782164e-02;1.2750000e+02;-8.4682368e-03;1.2750000e+02;-5.3433195e-02;1.2750000e+02;-9.3612365e-02;1.2750000e+02;-1.3935663e-01;1.2750000e+02;-6.0639203e-02;1.2750000e+02;-5.3497389e-02;1.2750000e+02;-2.5220111e-02;1.2750000e+02;2.5768705e-02;1.2750000e+02;9.3097240e-02;1.2750000e+02;1.7182457e-01;1.2750000e+02;2.0818162e-01;1.2750000e+02;2.0629871e-01;1.2750000e+02;1.9850585e-01;1.2750000e+02;2.3092492e-01;1.2750000e+02;1.9438589e-01;1.2750000e+02;1.3943650e-01;1.2750000e+02;8.8043019e-02;1.2750000e+02;3.6782164e-02;1.2750000e+02;-8.4682368e-03;1.2750000e+02;-5.3433195e-02;1.2750000e+02;-9.3612365e-02;1.2750000e+02;-1.3935663e-01;1.2750000e+02;-6.0639203e-02;1.2750000e+02;-5.3497389e-02;1.2750000e+02;-2.5220111e-02;1.2750000e+02;2.5768705e-02;1.2750000e+02;9.3097240e-02;1.2750000e+02;1.7182457e-01;1.2750000e+02;2.0818162e-01;1.2750000e+02;2.0629871e-01;1.2750000e+02;1.9850585e-01;1.2750000e+02;2.3092492e-01;1.2750000e+02;1.9438589e-01;1.2750000e+02;1.3943650e-01;1.2750000e+02;8.8043019e-02;1.2750000e+02;3.6782164e-02;1.2750000e+02;-8.4682368e-03;1.2750000e+02;-5.3433195e-02;1.2750000e+02;-9.3612365e-02;1.2750000e+02;-1.3935663e-01;1.2750000e+02;-6.0639203e-02;1.2750000e+02;-5.3497389e-02;1.2750000e+02;-2.5220111e-02;1.2750000e+02;2.5768705e-02;1.2750000e+02;9.3097240e-02;1.2750000e+02;1.7182457e-01;1.2750000e+02;2.0818162e-01;1.2750000e+02;2.0629871e-01;1.2750000e+02;1.9850585e-01;1.2750000e+02;2.3092492e-01;1.2750000e+02;1.9438589e-01;1.2750000e+02;1.3943650e-01;1.2750000e+02;8.8043019e-02;1.2750000e+02;3.6782164e-02;1.2750000e+02;-8.4682368e-03;1.2750000e+02;-5.3433195e-02;1.2750000e+02;-9.3612365e-02;1.2750000e+02;-1.3935663e-01;1.2750000e+02;-6.0639203e-02;1.2750000e+02;-5.3497389e-02;1.2750000e+02;-2.5220111e-02;1.2750000e+02;2.5768705e-02;1.2750000e+02;9.3097240e-02;1.2750000e+02;1.7182457e-01;1.2750000e+02;2.0818162e-01;1.2750000e+02;2.0629871e-01;1.2750000e+02;1.9850585e-01;1.2750000e+02;2.3092492e-01;1.2750000e+02;1.9438589e-01;1.2750000e+02;1.3943650e-01;1.2750000e+02;8.8043019e-02;1.2750000e+02;3.6782164e-02;1.2750000e+02;-8.4682368e-03;1.2750000e+02;-5.3433195e-02;1.2750000e+02;-9.3612365e-02;1.2750000e+02;-1.3935663e-01;1.2750000e+02;-6.0639203e-02;1.2750000e+02;-5.3497389e-02;1.2750000e+02;-2.5220111e-02;1.2750000e+02;2.5768705e-02;1.2750000e+02;9.3097240e-02;1.2750000e+02;1.7182457e-01;1.2750000e+02;2.0818162e-01;1.2750000e+02;2.0629871e-01;1.2750000e+02;1.9850585e-01;1.2750000e+02;2.3092492e-01;1.2750000e+02;1.9438589e-01;1.2750000e+02;1.3943650e-01;1.2750000e+02;8.8043019e-02;1.2750000e+02;3.6782164e-02;1.2750000e+02;-8.4682368e-03;1.2750000e+02;-5.3433195e-02;1.2750000e+02;-9.3612365e-02;1.2750000e+02;-1.3935663e-01;1.2750000e+02;-6.0639203e-02;1.2750000e+02;-5.3497389e-02;1.2750000e+02;-2.5220111e-02;1.2750000e+02;2.5768705e-02;1.2750000e+02;9.3097240e-02;1.2750000e+02;1.7182457e-01;1.2750000e+02;2.0818162e-01;1.2750000e+02;2.0629871e-01;1.2750000e+02;1.9850585e-01;1.2750000e+02;2.3092492e-01;1.2750000e+02;1.9438589e-01;1.2750000e+02;1.3943650e-01;1.2750000e+02;8.8043019e-02;1.2750000e+02;3.6782164e-02;1.2750000e+02;-8.4682368e-03;1.2750000e+02;-5.3433195e-02;1.2750000e+02;-9.3612365e-02;1.2750000e+02;-1.3935663e-01;1.2750000e+02;-6.0639203e-02;1.2750000e+02;-5.3497389e-02;1.2750000e+02;-2.5220111e-02;1.2750000e+02;2.5768705e-02;1.2750000e+02;9.3097240e-02;1.2750000e+02;1.7182457e-01;1.2750000e+02;2.0818162e-01;1.2750000e+02;2.0629871e-01;1.2750000e+02;1.9850585e-01;1.2750000e+02;2.3092492e-01;1.2750000e+02;1.9438589e-01;1.2750000e+02;1.3943650e-01;1.2750000e+02;8.8043019e-02;1.2750000e+02;3.6782164e-02;1.2750000e+02;-8.4682368e-03;1.2750000e+02;-5.3433195e-02;1.2750000e+02;-9.3612365e-02;1.2750000e+02;-1.3935663e-01;1.2750000e+02;-6.0639203e-02;1.2750000e+02;-5.3497389e-02;1.2750000e+02;-2.5220111e-02;1.2750000e+02;2.5768705e-02;1.2750000e+02;9.3097240e-02;1.2750000e+02;1.7182457e-01;1.2750000e+02;2.0818162e-01;1.2750000e+02;2.0629871e-01;1.2750000e+02;1.9850585e-01;1.2750000e+02;2.3092492e-01;1.2750000e+02;1.9438589e-01;1.2750000e+02;1.3943650e-01;1.2750000e+02;8.8043019e-02;1.2750000e+02;3.6782164e-02;1.2750000e+02;-8.4682368e-03;1.2750000e+02;-5.3433195e-02;1.2750000e+02;-9.3612365e-02;1.2750000e+02;-1.3935663e-01;1.2750000e+02;-6.0639203e-02;1.2750000e+02;-5.3497389e-02;1.2750000e+02;-2.5220111e-02;1.2750000e+02;2.5768705e-02;1.2750000e+02;9.3097240e-02;1.2750000e+02;1.7182457e-01;1.2750000e+02;2.0818162e-01;1.2750000e+02;2.0629871e-01;1.2750000e+02;1.9850585e-01;1.2750000e+02;2.3092492e-01;1.2750000e+02;1.9438589e-01;1.2750000e+02;1.3943650e-01;1.2750000e+02;8.8043019e-02;1.2750000e+02;3.6782164e-02;1.2750000e+02;-8.4682368e-03;1.2750000e+02;-5.3433195e-02;1.2750000e+02;-9.3612365e-02;1.2750000e+02;-1.3935663e-01;1.2750000e+02;-6.0639203e-02;1.2750000e+02;-5.3497389e-02;1.2750000e+02;-2.5220111e-02;1.2750000e+02;2.5768705e-02;1.2750000e+02;9.3097240e-02;1.2750000e+02;1.7182457e-01;1.2750000e+02;2.0818162e-01;1.2750000e+02;2.0629871e-01;1.2750000e+02;1.9850585e-01;1.2750000e+02;2.3092492e-01;1.2750000e+02;1.9438589e-01;1.2750000e+02;1.3943650e-01;1.2750000e+02;8.8043019e-02;1.2750000e+02;3.6782164e-02;1.2750000e+02;-8.4682368e-03;1.2750000e+02;-5.3433195e-02;1.2750000e+02;-9.3612365e-02;1.2750000e+02;-1.3935663e-01;1.2750000e+02;-6.0639203e-02;1.2750000e+02;-5.3497389e-02;1.2750000e+02;-2.5220111e-02;1.2750000e+02;2.5768705e-02;1.2750000e+02;9.3097240e-02;1.2750000e+02;1.7182457e-01;1.2750000e+02;2.0818162e-01;1.2750000e+02;2.0629871e-01;1.2750000e+02;1.9850585e-01;1.2750000e+02;2.3092492e-01;1.2750000e+02;1.9438589e-01;1.2750000e+02;1.3943650e-01;1.2750000e+02;8.8043019e-02;1.2750000e+02;3.6782164e-02;1.2750000e+02;-8.4682368e-03;1.2750000e+02;-5.3433195e-02;1.2750000e+02;-9.3612365e-02;1.2750000e+02;-1.3935663e-01;1.2750000e+02;-6.0639203e-02;1.2750000e+02;-5.3497389e-02;1.2750000e+02;-2.5220111e-02;1.2750000e+02;2.5768705e-02;1.2750000e+02;9.3097240e-02;1.2750000e+02;1.7182457e-01;1.2750000e+02;2.0818162e-01;1.2750000e+02;2.0629871e-01;1.2750000e+02;1.9850585e-01;1.2750000e+02;2.3092492e-01;1.2750000e+02;1.9438589e-01;1.2750000e+02;1.3943650e-01;1.2750000e+02;8.8043019e-02;1.2750000e+02;3.6782164e-02;1.2750000e+02;-8.4682368e-03;1.2750000e+02;-5.3433195e-02;1.2750000e+02;-9.3612365e-02;1.2750000e+02;-1.3935663e-01;1.2750000e+02;-6.0639203e-02;1.2750000e+02;-5.3497389e-02;1.2750000e+02;-2.5220111e-02;1.2750000e+02;2.5768705e-02;1.2750000e+02;9.3097240e-02;1.2750000e+02;1.7182457e-01;1.2750000e+02;2.0818162e-01;1.2750000e+02;2.0629871e-01;1.2750000e+02;1.9850585e-01;1.2750000e+02;2.3092492e-01;1.2750000e+02;1.9438589e-01;1.2750000e+02;1.3943650e-01;1.2750000e+02;8.8043019e-02;1.2750000e+02;3.6782164e-02;1.2750000e+02;-8.4682368e-03;1.2750000e+02;-5.3433195e-02;1.2750000e+02;-9.3612365e-02;1.2750000e+02;-1.3935663e-01;1.2750000e+02;-6.0639203e-02;1.2750000e+02;-5.3497389e-02;1.2750000e+02;-2.5220111e-02;1.2750000e+02;2.5768705e-02;1.2750000e+02;9.3097240e-02;1.2750000e+02;1.7182457e-01;1.2750000e+02;2.0818162e-01;1.2750000e+02;2.0629871e-01;1.2750000e+02;1.9850585e-01;1.2750000e+02;2.3092492e-01;1.2750000e+02;1.9438589e-01;1.2750000e+02;1.3943650e-01;1.2750000e+02;8.8043019e-02;1.2750000e+02;3.6782164e-02;1.2750000e+02;-8.4682368e-03;1.2750000e+02;-5.3433195e-02;1.2750000e+02;-9.3612365e-02;1.2750000e+02;-1.3935663e-01;1.2750000e+02;-6.0639203e-02;1.2750000e+02;-5.3497389e-02;1.2750000e+02;-2.5220111e-02;1.2750000e+02;2.5768705e-02;1.2750000e+02;9.3097240e-02;1.2750000e+02;1.7182457e-01;1.2750000e+02;2.0818162e-01;1.2750000e+02;2.0629871e-01;1.2750000e+02;1.9850585e-01;1.2750000e+02;2.3092492e-01;1.2750000e+02;1.9438589e-01;1.2750000e+02;1.3943650e-01;1.2750000e+02;8.8043019e-02;1.2750000e+02;3.6782164e-02;1.2750000e+02;-8.4682368e-03;1.2750000e+02;-5.3433195e-02;1.2750000e+02;-9.3612365e-02;1.2750000e+02;-1.3935663e-01;1.2750000e+02;-6.0639203e-02;1.2750000e+02;-5.3497389e-02;1.2750000e+02;-2.5220111e-02;1.2750000e+02;2.5768705e-02;1.2750000e+02;9.3097240e-02;1.2750000e+02;1.7182457e-01;1.2750000e+02;2.0818162e-01;1.2750000e+02;2.0629871e-01;1.2750000e+02;1.9850585e-01;1.2750000e+02;2.3092492e-01;1.2750000e+02;1.9438589e-01;1.2750000e+02;1.3943650e-01;1.2750000e+02;8.8043019e-02;1.2750000e+02;3.6782164e-02;1.2750000e+02;-8.4682368e-03;1.2750000e+02;-5.3433195e-02;1.2750000e+02;-9.3612365e-02;1.2750000e+02;-1.3935663e-01;1.2750000e+02;-6.0639203e-02;1.2750000e+02;-5.3497389e-02;1.2750000e+02;-2.5220111e-02;1.2750000e+02;2.5768705e-02;1.2750000e+02;9.3097240e-02;1.2750000e+02;1.7182457e-01;1.2750000e+02;2.0818162e-01;1.2750000e+02;2.0629871e-01;1.2750000e+02;1.9850585e-01;1.2750000e+02;2.3092492e-01;1.2750000e+02;1.9438589e-01;1.2750000e+02;1.3943650e-01;1.2750000e+02;8.8043019e-02;1.2750000e+02;3.6782164e-02;1.2750000e+02;-8.4682368e-03;1.2750000e+02;-5.3433195e-02;1.2750000e+02;-9.3612365e-02;1.2750000e+02;-1.3935663e-01;1.2750000e+02;-6.0639203e-02;1.2750000e+02;-5.3497389e-02;1.2750000e+02;-2.5220111e-02;1.2750000e+02;2.5768705e-02;1.2750000e+02;9.3097240e-02;1.2750000e+02;1.7182457e-01;1.2750000e+02;2.0818162e-01;1.2750000e+02;2.0629871e-01;1.2750000e+02;1.9850585e-01;1.2750000e+02;2.3092492e-01;1.2750000e+02;1.9438589e-01;1.2750000e+02;1.3943650e-01;1.2750000e+02;8.8043019e-02;1.2750000e+02;3.6782164e-02;1.2750000e+02;-8.4682368e-03;1.2750000e+02;-5.3433195e-02;1.2750000e+02;-9.3612365e-02;1.2750000e+02;-1.3935663e-01;1.2750000e+02;-6.0639203e-02;1.2750000e+02;-5.3497389e-02;1.2750000e+02;-2.5220111e-02;1.2750000e+02;2.5768705e-02;1.2750000e+02;9.3097240e-02;1.2750000e+02;1.7182457e-01;1.2750000e+02;2.0818162e-01;1.2750000e+02;2.0629871e-01;1.2750000e+02;1.9850585e-01;1.2750000e+02;2.3092492e-01;1.2750000e+02;1.9438589e-01;1.2750000e+02;1.3943650e-01;1.2750000e+02;8.8043019e-02;1.2750000e+02;3.6782164e-02;1.2750000e+02;-8.4682368e-03;1.2750000e+02;-5.3433195e-02;1.2750000e+02;-9.3612365e-02;1.2750000e+02;-1.3935663e-01;1.2750000e+02;-6.0639203e-02;1.2750000e+02;-5.3497389e-02;1.2750000e+02;-2.5220111e-02;1.2750000e+02;2.5768705e-02;1.2750000e+02;9.3097240e-02;1.2750000e+02;1.7182457e-01;1.2750000e+02;2.0818162e-01;1.2750000e+02;2.0629871e-01;1.2750000e+02;1.9850585e-01;1.2750000e+02;2.3092492e-01;1.2750000e+02;1.9438589e-01;1.2750000e+02;1.3943650e-01;1.2750000e+02;8.8043019e-02;1.2750000e+02;3.6782164e-02;1.2750000e+02;-8.4682368e-03;1.2750000e+02;-5.3433195e-02;1.2750000e+02;-9.3612365e-02;1.2750000e+02;-1.3935663e-01;1.2750000e+02;-6.0639203e-02;1.2750000e+02;-5.3497389e-02;1.2750000e+02;-2.5220111e-02;1.2750000e+02;2.5768705e-02;1.2750000e+02;9.3097240e-02;1.2750000e+02;1.7182457e-01;1.2750000e+02;2.0818162e-01;1.2750000e+02;2.0629871e-01;1.2750000e+02;1.9850585e-01;1.2750000e+02;2.3092492e-01;1.2750000e+02;1.9438589e-01;1.2750000e+02;1.3943650e-01;1.2750000e+02;8.8043019e-02;1.2750000e+02;3.6782164e-02;1.2750000e+02;-8.4682368e-03;1.2750000e+02;-5.3433195e-02;1.2750000e+02;-9.3612365e-02;1.2750000e+02;-1.3935663e-01;1.2750000e+02;-6.0639203e-02;1.2750000e+02;-5.3497389e-02;1.2750000e+02;-2.5220111e-02;1.2750000e+02;2.5768705e-02;1.2750000e+02;9.3097240e-02;1.2750000e+02;1.7182457e-01;1.2750000e+02;2.0818162e-01;1.2750000e+02;2.0629871e-01;1.2750000e+02;1.9850585e-01;1.2750000e+02;2.3092492e-01;1.2750000e+02;1.9438589e-01;1.2750000e+02;1.3943650e-01;1.2750000e+02;8.8043019e-02;1.2750000e+02;3.6782164e-02;1.2750000e+02;-8.4682368e-03;1.2750000e+02;-5.3433195e-02;1.2750000e+02;-9.3612365e-02;1.2750000e+02;-1.3935663e-01;1.2750000e+02;-6.0639203e-02;1.2750000e+02;-5.3497389e-02;1.2750000e+02;-2.5220111e-02;1.2750000e+02;2.5768705e-02;1.2750000e+02;9.3097240e-02;1.2750000e+02;1.7182457e-01;1.2750000e+02;2.0818162e-01;1.2750000e+02;2.0629871e-01;1.2750000e+02;1.9850585e-01;1.2750000e+02;2.3092492e-01;1.2750000e+02;1.9438589e-01;1.2750000e+02;1.3943650e-01;1.2750000e+02;8.8043019e-02;1.2750000e+02;3.6782164e-02;1.2750000e+02;-8.4682368e-03;1.2750000e+02;-5.3433195e-02;1.2750000e+02;-9.3612365e-02;1.2750000e+02;-1.3935663e-01;1.2750000e+02;-6.0639203e-02;1.2750000e+02;-5.3497389e-02;1.2750000e+02;-2.5220111e-02;1.2750000e+02;2.5768705e-02;1.2750000e+02;9.3097240e-02;1.2750000e+02;1.7182457e-01;1.2750000e+02;2.0818162e-01;1.2750000e+02;2.0629871e-01;1.2750000e+02;1.9850585e-01;1.2750000e+02;2.3092492e-01;1.2750000e+02;1.9438589e-01;1.2750000e+02;1.3943650e-01;1.2750000e+02;8.8043019e-02;1.2750000e+02;3.6782164e-02;1.2750000e+02;-8.4682368e-03;1.2750000e+02;-5.3433195e-02;1.2750000e+02;-9.3612365e-02;1.2750000e+02;-1.3935663e-01;1.2750000e+02;-6.0639203e-02;1.2750000e+02;-5.3497389e-02;1.2750000e+02;-2.5220111e-02;1.2750000e+02;2.5768705e-02;1.2750000e+02;9.3097240e-02;1.2750000e+02;1.7182457e-01;1.2750000e+02;2.0818162e-01;1.2750000e+02;2.0629871e-01;1.2750000e+02;1.9850585e-01;1.2750000e+02;2.3092492e-01;1.2750000e+02;1.9438589e-01;1.2750000e+02;1.3943650e-01;1.2750000e+02;8.8043019e-02;1.2750000e+02;3.6782164e-02;1.2750000e+02;-8.4682368e-03;1.2750000e+02;-5.3433195e-02;1.2750000e+02;-9.3612365e-02;1.2750000e+02;-1.3935663e-01;1.2750000e+02;-6.0639203e-02;1.2750000e+02;-5.3497389e-02;1.2750000e+02;-2.5220111e-02;1.2750000e+02;2.5768705e-02;1.2750000e+02;9.3097240e-02;1.2750000e+02;1.7182457e-01;1.2750000e+02;2.0818162e-01;1.2750000e+02;2.0629871e-01;1.2750000e+02;1.9850585e-01;1.2750000e+02;2.3092492e-01;1.2750000e+02;1.9438589e-01;1.2750000e+02;1.3943650e-01;1.2750000e+02;8.8043019e-02;1.2750000e+02;3.6782164e-02;1.2750000e+02;-8.4682368e-03;1.2750000e+02;-5.3433195e-02;1.2750000e+02;-9.3612365e-02;1.2750000e+02;-1.3935663e-01;1.2750000e+02;-6.0639203e-02;1.2750000e+02;-5.3497389e-02;1.2750000e+02;-2.5220111e-02;1.2750000e+02;2.5768705e-02;1.2750000e+02;9.3097240e-02;1.2750000e+02;1.7182457e-01;1.2750000e+02;2.0818162e-01;1.2750000e+02;2.0629871e-01;1.2750000e+02;1.9850585e-01;1.2750000e+02;2.3092492e-01;1.2750000e+02;1.9438589e-01;1.2750000e+02;1.3943650e-01;1.2750000e+02;8.8043019e-02;1.2750000e+02;3.6782164e-02;1.2750000e+02;-8.4682368e-03;1.2750000e+02;-5.3433195e-02;1.2750000e+02;-9.3612365e-02;1.2750000e+02;-1.3935663e-01;1.2750000e+02;-6.0639203e-02;1.2750000e+02;-5.3497389e-02;1.2750000e+02;-2.5220111e-02;1.2750000e+02;2.5768705e-02;1.2750000e+02;9.3097240e-02;1.2750000e+02;1.7182457e-01;1.2750000e+02;2.0818162e-01;1.2750000e+02;2.0629871e-01;1.2750000e+02;1.9850585e-01;1.2750000e+02;2.3092492e-01;1.2750000e+02;1.9438589e-01;1.2750000e+02;1.3943650e-01;1.2750000e+02;8.8043019e-02;1.2750000e+02;3.6782164e-02;1.2750000e+02;-8.4682368e-03;1.2750000e+02;-5.3433195e-02;1.2750000e+02;-9.3612365e-02;1.2750000e+02;-1.3935663e-01;1.2750000e+02;-6.0639203e-02;1.2750000e+02;-5.3497389e-02;1.2750000e+02;-2.5220111e-02;1.2750000e+02;2.5768705e-02;1.2750000e+02;9.3097240e-02;1.2750000e+02;1.7182457e-01;1.2750000e+02;2.0818162e-01;1.2750000e+02;2.0629871e-01;1.2750000e+02;1.9850585e-01;1.2750000e+02;2.3092492e-01;1.2750000e+02;1.9438589e-01;1.2750000e+02;1.3943650e-01;1.2750000e+02;8.8043019e-02;1.2750000e+02;3.6782164e-02;1.2750000e+02;-8.4682368e-03;1.2750000e+02;-5.3433195e-02;1.2750000e+02;-9.3612365e-02;1.2750000e+02;-1.3935663e-01;1.2750000e+02;-6.0639203e-02;1.2750000e+02;-5.3497389e-02;1.2750000e+02;-2.5220111e-02;1.2750000e+02;2.5768705e-02;1.2750000e+02;9.3097240e-02;1.2750000e+02;1.7182457e-01;1.2750000e+02;2.0818162e-01;1.2750000e+02;2.0629871e-01;1.2750000e+02;1.9850585e-01;1.2750000e+02;2.3092492e-01;1.2750000e+02;1.9438589e-01;1.2750000e+02;1.3943650e-01;1.2750000e+02;8.8043019e-02;1.2750000e+02;3.6782164e-02;1.2750000e+02;-8.4682368e-03;1.2750000e+02;-5.3433195e-02;1.2750000e+02;-9.3612365e-02;1.2750000e+02;-1.3935663e-01;1.2750000e+02;-6.0639203e-02;1.2750000e+02;-5.3497389e-02;1.2750000e+02;-2.5220111e-02;1.2750000e+02;2.5768705e-02;1.2750000e+02;9.3097240e-02;1.2750000e+02;1.7182457e-01;1.2750000e+02;2.0818162e-01;1.2750000e+02;2.0629871e-01;1.2750000e+02;1.9850585e-01;1.2750000e+02;2.3092492e-01;1.2750000e+02;1.9438589e-01;1.2750000e+02;1.3943650e-01;1.2750000e+02;8.8043019e-02;1.2750000e+02;3.6782164e-02;1.2750000e+02;-8.4682368e-03;1.2750000e+02;-5.3433195e-02;1.2750000e+02;-9.3612365e-02;1.2750000e+02;-1.3935663e-01;1.2750000e+02;-6.0639203e-02;1.2750000e+02;-5.3497389e-02;1.2750000e+02;-2.5220111e-02;1.2750000e+02;2.5768705e-02;1.2750000e+02;9.3097240e-02;1.2750000e+02;1.7182457e-01;1.2750000e+02;2.0818162e-01;1.2750000e+02;2.0629871e-01;1.2750000e+02;1.9850585e-01;1.2750000e+02;2.3092492e-01;1.2750000e+02;1.9438589e-01;1.2750000e+02;1.3943650e-01;1.2750000e+02;8.8043019e-02;1.2750000e+02;3.6782164e-02;1.2750000e+02;-8.4682368e-03;1.2750000e+02;-5.3433195e-02;1.2750000e+02;-9.3612365e-02;1.2750000e+02;-1.3935663e-01;1.2750000e+02;-6.0639203e-02;1.2750000e+02;-5.3497389e-02;1.2750000e+02;-2.5220111e-02;1.2750000e+02;2.5768705e-02;1.2750000e+02;9.3097240e-02;1.2750000e+02;1.7182457e-01;1.2750000e+02;2.0818162e-01;1.2750000e+02;2.0629871e-01;1.2750000e+02;1.9850585e-01;1.2750000e+02;2.3092492e-01;1.2750000e+02;1.9438589e-01;1.2750000e+02;1.3943650e-01;1.2750000e+02;8.8043019e-02;1.2750000e+02;3.6782164e-02;1.2750000e+02;-8.4682368e-03;1.2750000e+02;-5.3433195e-02;1.2750000e+02;-9.3612365e-02;1.2750000e+02;-1.3935663e-01;1.2750000e+02;-6.0639203e-02;1.2750000e+02;-5.3497389e-02;1.2750000e+02;-2.5220111e-02;1.2750000e+02;2.5768705e-02;1.2750000e+02;9.3097240e-02;1.2750000e+02;1.7182457e-01;1.2750000e+02;2.0818162e-01;1.2750000e+02;2.0629871e-01;1.2750000e+02;1.9850585e-01;1.2750000e+02;2.3092492e-01;1.2750000e+02;1.9438589e-01;1.2750000e+02;1.3943650e-01;1.2750000e+02;8.8043019e-02;1.2750000e+02;3.6782164e-02;1.2750000e+02;-8.4682368e-03;1.2750000e+02;-5.3433195e-02;1.2750000e+02;-9.3612365e-02;1.2750000e+02;-1.3935663e-01;1.2750000e+02;-6.0639203e-02;1.2750000e+02;-5.3497389e-02;1.2750000e+02;-2.5220111e-02;1.2750000e+02;2.5768705e-02;1.2750000e+02;9.3097240e-02;1.2750000e+02;1.7182457e-01;1.2750000e+02;2.0818162e-01;1.2750000e+02;2.0629871e-01;1.2750000e+02;1.9850585e-01;1.2750000e+02;2.3092492e-01;1.2750000e+02;1.9438589e-01;1.2750000e+02;1.3943650e-01;1.2750000e+02;8.8043019e-02;1.2750000e+02;3.6782164e-02;1.2750000e+02;-8.4682368e-03;1.2750000e+02;-5.3433195e-02;1.2750000e+02;-9.3612365e-02;1.2750000e+02;-1.3935663e-01;1.2750000e+02;-6.0639203e-02;1.2750000e+02;-5.3497389e-02;1.2750000e+02;-2.5220111e-02;1.2750000e+02;2.5768705e-02;1.2750000e+02;9.3097240e-02;1.2750000e+02;1.7182457e-01;1.2750000e+02;2.0818162e-01;1.2750000e+02;2.0629871e-01;1.2750000e+02;1.9850585e-01;1.2750000e+02;2.3092492e-01;1.2750000e+02;1.9438589e-01;1.2750000e+02;1.3943650e-01;1.2750000e+02;8.8043019e-02;1.2750000e+02;3.6782164e-02;1.2750000e+02;-8.4682368e-03;1.2750000e+02;-5.3433195e-02;1.2750000e+02;-9.3612365e-02;1.2750000e+02;-1.3935663e-01;1.2750000e+02;-6.0639203e-02;1.2750000e+02;-5.3497389e-02;1.2750000e+02;-2.5220111e-02;1.2750000e+02;2.5768705e-02;1.2750000e+02;9.3097240e-02;1.2750000e+02;1.7182457e-01;1.2750000e+02;2.0818162e-01;1.2750000e+02;2.0629871e-01;1.2750000e+02;1.9850585e-01;1.2750000e+02;2.3092492e-01;1.2750000e+02;1.9438589e-01;1.2750000e+02;1.3943650e-01;1.2750000e+02;8.8043019e-02;1.2750000e+02;3.6782164e-02;1.2750000e+02;-8.4682368e-03;1.2750000e+02;-5.3433195e-02;1.2750000e+02;-9.3612365e-02;1.2750000e+02;-1.3935663e-01;1.2750000e+02;-6.0639203e-02;1.2750000e+02;-5.3497389e-02;1.2750000e+02;-2.5220111e-02;1.2750000e+02;2.5768705e-02;1.2750000e+02;9.3097240e-02;1.2750000e+02;1.7182457e-01;1.2750000e+02;2.0818162e-01;1.2750000e+02;2.0629871e-01;1.2750000e+02;1.9850585e-01;1.2750000e+02;2.3092492e-01;1.2750000e+02;1.9438589e-01;1.2750000e+02;1.3943650e-01;1.2750000e+02;8.8043019e-02;1.2750000e+02;3.6782164e-02;1.2750000e+02;-8.4682368e-03;1.2750000e+02;-5.3433195e-02;1.2750000e+02;-9.3612365e-02;1.2750000e+02;-1.3935663e-01;1.2750000e+02;-6.0639203e-02;1.2750000e+02;-5.3497389e-02;1.2750000e+02;-2.5220111e-02;1.2750000e+02;2.5768705e-02;1.2750000e+02;9.3097240e-02;1.2750000e+02;1.7182457e-01;1.2750000e+02;2.0818162e-01;1.2750000e+02;2.0629871e-01;1.2750000e+02;1.9850585e-01;1.2750000e+02;2.3092492e-01;1.2750000e+02;1.9438589e-01;1.2750000e+02;1.3943650e-01;1.2750000e+02;8.8043019e-02;1.2750000e+02;3.6782164e-02;1.2750000e+02;-8.4682368e-03;1.2750000e+02;-5.3433195e-02;1.2750000e+02;-9.3612365e-02;1.2750000e+02;-1.3935663e-01;1.2750000e+02;-6.0639203e-02;1.2750000e+02;-5.3497389e-02;1.2750000e+02;-2.5220111e-02;1.2750000e+02;2.5768705e-02;1.2750000e+02;9.3097240e-02;1.2750000e+02;1.7182457e-01;1.2750000e+02;2.0818162e-01;1.2750000e+02;2.0629871e-01;1.2750000e+02;1.9850585e-01;1.2750000e+02;2.3092492e-01;1.2750000e+02;1.9438589e-01;1.2750000e+02;1.3943650e-01;1.2750000e+02;8.8043019e-02;1.2750000e+02;3.6782164e-02;1.2750000e+02;-8.4682368e-03;1.2750000e+02;-5.3433195e-02;1.2750000e+02;-9.3612365e-02;1.2750000e+02;-1.3935663e-01;1.2750000e+02;-6.0639203e-02;1.2750000e+02;-5.3497389e-02;1.2750000e+02;-2.5220111e-02;1.2750000e+02;2.5768705e-02;1.2750000e+02;9.3097240e-02;1.2750000e+02;1.7182457e-01;1.2750000e+02;2.0818162e-01;1.2750000e+02;2.0629871e-01;1.2750000e+02;1.9850585e-01;1.2750000e+02;2.3092492e-01;1.2750000e+02;1.9438589e-01;1.2750000e+02;1.3943650e-01;1.2750000e+02;8.8043019e-02;1.2750000e+02;3.6782164e-02;1.2750000e+02;-8.4682368e-03;1.2750000e+02;-5.3433195e-02;1.2750000e+02;-9.3612365e-02;1.2750000e+02;-1.3935663e-01;1.2750000e+02;-6.0639203e-02;1.2750000e+02;-5.3497389e-02;1.2750000e+02;-2.5220111e-02;1.2750000e+02;2.5768705e-02;1.2750000e+02;9.3097240e-02;1.2750000e+02;1.7182457e-01;1.2750000e+02;2.0818162e-01;1.2750000e+02;2.0629871e-01;1.2750000e+02;1.9850585e-01;1.2750000e+02;2.3092492e-01;1.2750000e+02;1.9438589e-01;1.2750000e+02;1.3943650e-01;1.2750000e+02;8.8043019e-02;1.2750000e+02;3.6782164e-02;1.2750000e+02;-8.4682368e-03;1.2750000e+02;-5.3433195e-02;1.2750000e+02;-9.3612365e-02;1.2750000e+02;-1.3935663e-01;1.2750000e+02;-6.0639203e-02;1.2750000e+02;-5.3497389e-02;1.2750000e+02;-2.5220111e-02;1.2750000e+02;2.5768705e-02;1.2750000e+02;9.3097240e-02;1.2750000e+02;1.7182457e-01;1.2750000e+02;2.0818162e-01;1.2750000e+02;2.0629871e-01;1.2750000e+02;1.9850585e-01;1.2750000e+02;2.3092492e-01;1.2750000e+02;1.9438589e-01;1.2750000e+02;1.3943650e-01;1.2750000e+02;8.8043019e-02;1.2750000e+02;3.6782164e-02;1.2750000e+02;-8.4682368e-03;1.2750000e+02;-5.3433195e-02;1.2750000e+02;-9.3612365e-02;1.2750000e+02;-1.3935663e-01;1.2750000e+02;-6.0639203e-02;1.2750000e+02;-5.3497389e-02;1.2750000e+02;-2.5220111e-02;1.2750000e+02;2.5768705e-02;1.2750000e+02;9.3097240e-02;1.2750000e+02;1.7182457e-01;1.2750000e+02;2.0818162e-01;1.2750000e+02;2.0629871e-01;1.2750000e+02;1.9850585e-01;1.2750000e+02;2.3092492e-01;1.2750000e+02;1.9438589e-01;1.2750000e+02;1.3943650e-01;1.2750000e+02;8.8043019e-02;1.2750000e+02;3.6782164e-02;1.2750000e+02;-8.4682368e-03;1.2750000e+02;-5.3433195e-02;1.2750000e+02;-9.3612365e-02;1.2750000e+02;-1.3935663e-01;1.2750000e+02;-6.0639203e-02;1.2750000e+02;-5.3497389e-02;1.2750000e+02;-2.5220111e-02;1.2750000e+02;2.5768705e-02;1.2750000e+02;9.3097240e-02;1.2750000e+02;1.7182457e-01;1.2750000e+02;2.0818162e-01;1.2750000e+02;2.0629871e-01;1.2750000e+02;1.9850585e-01;1.2750000e+02;2.3092492e-01;1.2750000e+02;1.9438589e-01;1.2750000e+02;1.3943650e-01;1.2750000e+02;8.8043019e-02;1.2750000e+02;3.6782164e-02;1.2750000e+02;-8.4682368e-03;1.2750000e+02;-5.3433195e-02;1.2750000e+02;-9.3612365e-02;1.2750000e+02;-1.3935663e-01;1.2750000e+02;-6.0639203e-02;1.2750000e+02;-5.3497389e-02;1.2750000e+02;-2.5220111e-02;1.2750000e+02;2.5768705e-02;1.2750000e+02;9.3097240e-02;1.2750000e+02;1.7182457e-01;1.2750000e+02;2.0818162e-01;1.2750000e+02;2.0629871e-01;1.2750000e+02;1.9850585e-01;1.2750000e+02;2.3092492e-01;1.2750000e+02;1.9438589e-01;1.2750000e+02;1.3943650e-01;1.2750000e+02;8.8043019e-02;1.2750000e+02;3.6782164e-02;1.2750000e+02;-8.4682368e-03;1.2750000e+02;-5.3433195e-02;1.2750000e+02;-9.3612365e-02;1.2750000e+02;-1.3935663e-01;1.2750000e+02;-6.0639203e-02;1.2750000e+02;-5.3497389e-02;1.2750000e+02;-2.5220111e-02;1.2750000e+02;2.5768705e-02;1.2750000e+02;9.3097240e-02;1.2750000e+02;1.7182457e-01;1.2750000e+02;2.0818162e-01;1.2750000e+02;2.0629871e-01;1.2750000e+02;1.9850585e-01;1.2750000e+02;2.3092492e-01;1.2750000e+02;1.9438589e-01;1.2750000e+02;1.3943650e-01;1.2750000e+02;8.8043019e-02;1.2750000e+02;3.6782164e-02;1.2750000e+02;-8.4682368e-03;1.2750000e+02;-5.3433195e-02;1.2750000e+02;-9.3612365e-02;1.2750000e+02;-1.3935663e-01;1.2750000e+02;-6.0639203e-02;1.2750000e+02;-5.3497389e-02;1.2750000e+02;-2.5220111e-02;1.2750000e+02;2.5768705e-02;1.2750000e+02;9.3097240e-02;1.2750000e+02;1.7182457e-01;1.2750000e+02;2.0818162e-01;1.2750000e+02;2.0629871e-01;1.2750000e+02;1.9850585e-01;1.2750000e+02;2.3092492e-01;1.2750000e+02;1.9438589e-01;1.2750000e+02;1.3943650e-01;1.2750000e+02;8.8043019e-02;1.2750000e+02;3.6782164e-02;1.2750000e+02;-8.4682368e-03;1.2750000e+02;-5.3433195e-02;1.2750000e+02;-9.3612365e-02;1.2750000e+02;-1.3935663e-01;1.2750000e+02;-6.0639203e-02;1.2750000e+02;-5.3497389e-02;1.2750000e+02;-2.5220111e-02;1.2750000e+02;2.5768705e-02;1.2750000e+02;9.3097240e-02;1.2750000e+02;1.7182457e-01;1.2750000e+02;2.0818162e-01;1.2750000e+02;2.0629871e-01;1.2750000e+02;1.9850585e-01;1.2750000e+02;2.3092492e-01;1.2750000e+02;1.9438589e-01;1.2750000e+02;1.3943650e-01;1.2750000e+02;8.8043019e-02;1.2750000e+02;3.6782164e-02;1.2750000e+02;-8.4682368e-03;1.2750000e+02;-5.3433195e-02;1.2750000e+02;-9.3612365e-02;1.2750000e+02;-1.3935663e-01;1.2750000e+02;-6.0639203e-02;1.2750000e+02;-5.3497389e-02;1.2750000e+02;-2.5220111e-02;1.2750000e+02;2.5768705e-02;1.2750000e+02;9.3097240e-02;1.2750000e+02;1.7182457e-01;1.2750000e+02;2.0818162e-01;1.2750000e+02;2.0629871e-01;1.2750000e+02;1.9850585e-01;1.2750000e+02;2.3092492e-01;1.2750000e+02;1.9438589e-01;1.2750000e+02;1.3943650e-01;1.2750000e+02;8.8043019e-02;1.2750000e+02;3.6782164e-02;1.2750000e+02;-8.4682368e-03;1.2750000e+02;-5.3433195e-02;1.2750000e+02;-9.3612365e-02;1.2750000e+02;-1.3935663e-01;1.2750000e+02;-6.0639203e-02;1.2750000e+02;-5.3497389e-02;1.2750000e+02;-2.5220111e-02;1.2750000e+02;2.5768705e-02;1.2750000e+02;9.3097240e-02;1.2750000e+02;1.7182457e-01;1.2750000e+02;2.0818162e-01;1.2750000e+02;2.0629871e-01;1.2750000e+02;1.9850585e-01;1.2750000e+02;2.3092492e-01;1.2750000e+02;1.9438589e-01;1.2750000e+02;1.3943650e-01;1.2750000e+02;8.8043019e-02;1.2750000e+02;3.6782164e-02;1.2750000e+02;-8.4682368e-03;1.2750000e+02;-5.3433195e-02;1.2750000e+02;-9.3612365e-02;1.2750000e+02;-1.3935663e-01;1.2750000e+02;-6.0639203e-02;1.2750000e+02;-5.3497389e-02;1.2750000e+02;-2.5220111e-02;1.2750000e+02;2.5768705e-02;1.2750000e+02;9.3097240e-02;1.2750000e+02;1.7182457e-01;1.2750000e+02;2.0818162e-01;1.2750000e+02;2.0629871e-01;1.2750000e+02;1.9850585e-01;1.2750000e+02;2.3092492e-01;1.2750000e+02;1.9438589e-01;1.2750000e+02;1.3943650e-01;1.2750000e+02;8.8043019e-02;1.2750000e+02;3.6782164e-02;1.2750000e+02;-8.4682368e-03;1.2750000e+02;-5.3433195e-02;1.2750000e+02;-9.3612365e-02;1.2750000e+02;-1.3935663e-01;1.2750000e+02;-6.0639203e-02;1.2750000e+02;-5.3497389e-02;1.2750000e+02;-2.5220111e-02;1.2750000e+02;2.5768705e-02;1.2750000e+02;9.3097240e-02;1.2750000e+02;1.7182457e-01;1.2750000e+02;2.0818162e-01;1.2750000e+02;2.0629871e-01;1.2750000e+02;1.9850585e-01;1.2750000e+02;2.3092492e-01;1.2750000e+02;1.9438589e-01;1.2750000e+02;1.3943650e-01;1.2750000e+02;8.8043019e-02;1.2750000e+02;3.6782164e-02;1.2750000e+02;-8.4682368e-03;1.2750000e+02;-5.3433195e-02;1.2750000e+02;-9.3612365e-02;1.2750000e+02;-1.3935663e-01;1.2750000e+02;-6.0639203e-02;1.2750000e+02;-5.3497389e-02;1.2750000e+02;-2.5220111e-02;1.2750000e+02;2.5768705e-02;1.2750000e+02;9.3097240e-02;1.2750000e+02;1.7182457e-01;1.2750000e+02;2.0818162e-01;1.2750000e+02;2.0629871e-01;1.2750000e+02;1.9850585e-01;1.2750000e+02;2.3092492e-01;1.2750000e+02;1.9438589e-01;1.2750000e+02;1.3943650e-01;1.2750000e+02;8.8043019e-02;1.2750000e+02;3.6782164e-02;1.2750000e+02;-8.4682368e-03;1.2750000e+02;-5.3433195e-02;1.2750000e+02;-9.3612365e-02;1.2750000e+02;-1.3935663e-01;1.2750000e+02;-6.0639203e-02;1.2750000e+02;-5.3497389e-02;1.2750000e+02;-2.5220111e-02;1.2750000e+02;2.5768705e-02;1.2750000e+02;9.3097240e-02;1.2750000e+02;1.7182457e-01;1.2750000e+02;2.0818162e-01;1.2750000e+02;2.0629871e-01;1.2750000e+02;1.9850585e-01;1.2750000e+02;2.3092492e-01;1.2750000e+02;1.9438589e-01;1.2750000e+02;1.3943650e-01;1.2750000e+02;8.8043019e-02;1.2750000e+02;3.6782164e-02;1.2750000e+02;-8.4682368e-03;1.2750000e+02;-5.3433195e-02;1.2750000e+02;-9.3612365e-02;1.2750000e+02;-1.3935663e-01;1.2750000e+02;-6.0639203e-02;1.2750000e+02;-5.3497389e-02;1.2750000e+02;-2.5220111e-02;1.2750000e+02;2.5768705e-02;1.2750000e+02;9.3097240e-02;1.2750000e+02;1.7182457e-01;1.2750000e+02;2.0818162e-01;1.2750000e+02;2.0629871e-01;1.2750000e+02;1.9850585e-01;1.2750000e+02;2.3092492e-01;1.2750000e+02;1.9438589e-01;1.2750000e+02;1.3943650e-01;1.2750000e+02;8.8043019e-02;1.2750000e+02;3.6782164e-02;1.2750000e+02;-8.4682368e-03;1.2750000e+02;-5.3433195e-02;1.2750000e+02;-9.3612365e-02;1.2750000e+02;-1.3935663e-01;1.2750000e+02;-6.0639203e-02;1.2750000e+02;-5.3497389e-02;1.2750000e+02;-2.5220111e-02;1.2750000e+02;2.5768705e-02;1.2750000e+02;9.3097240e-02;1.2750000e+02;1.7182457e-01;1.2750000e+02;2.0818162e-01;1.2750000e+02;2.0629871e-01;1.2750000e+02;1.9850585e-01;1.2750000e+02;2.3092492e-01;1.2750000e+02;1.9438589e-01;1.2750000e+02;1.3943650e-01;1.2750000e+02;8.8043019e-02;1.2750000e+02;3.6782164e-02;1.2750000e+02;-8.4682368e-03;1.2750000e+02;-5.3433195e-02;1.2750000e+02;-9.3612365e-02;1.2750000e+02;-1.3935663e-01;1.2750000e+02;-6.0639203e-02;1.2750000e+02;-5.3497389e-02;1.2750000e+02;-2.5220111e-02;1.2750000e+02;2.5768705e-02;1.2750000e+02;9.3097240e-02;1.2750000e+02;1.7182457e-01;1.2750000e+02;2.0818162e-01;1.2750000e+02;2.0629871e-01;1.2750000e+02;1.9850585e-01;1.2750000e+02;2.3092492e-01;1.2750000e+02;1.9438589e-01;1.2750000e+02;1.3943650e-01;1.2750000e+02;8.8043019e-02;1.2750000e+02;3.6782164e-02;1.2750000e+02;-8.4682368e-03;1.2750000e+02;-5.3433195e-02;1.2750000e+02;-9.3612365e-02;1.2750000e+02;-1.3935663e-01;1.2750000e+02;-6.0639203e-02;1.2750000e+02;-5.3497389e-02;1.2750000e+02;-2.5220111e-02;1.2750000e+02;2.5768705e-02;1.2750000e+02;9.3097240e-02;1.2750000e+02;1.7182457e-01;1.2750000e+02;2.0818162e-01;1.2750000e+02;2.0629871e-01;1.2750000e+02;1.9850585e-01;1.2750000e+02;2.3092492e-01;1.2750000e+02;1.9438589e-01;1.2750000e+02;1.3943650e-01;1.2750000e+02;8.8043019e-02;1.2750000e+02;3.6782164e-02;1.2750000e+02;-8.4682368e-03;1.2750000e+02;-5.3433195e-02;1.2750000e+02;-9.3612365e-02;1.2750000e+02;-1.3935663e-01;1.2750000e+02;-6.0639203e-02;1.2750000e+02;-5.3497389e-02;1.2750000e+02;-2.5220111e-02;1.2750000e+02;2.5768705e-02;1.2750000e+02;9.3097240e-02;1.2750000e+02;1.7182457e-01;1.2750000e+02;2.0818162e-01;1.2750000e+02;2.0629871e-01;1.2750000e+02;1.9850585e-01;1.2750000e+02;2.3092492e-01;1.2750000e+02;1.9438589e-01;1.2750000e+02;1.3943650e-01;1.2750000e+02;8.8043019e-02;1.2750000e+02;3.6782164e-02;1.2750000e+02;-8.4682368e-03;1.2750000e+02;-5.3433195e-02;1.2750000e+02;-9.3612365e-02;1.2750000e+02;-1.3935663e-01;1.2750000e+02;-6.0639203e-02;1.2750000e+02;-5.3497389e-02;1.2750000e+02;-2.5220111e-02;1.2750000e+02;2.5768705e-02;1.2750000e+02;9.3097240e-02;1.2750000e+02;1.7182457e-01;1.2750000e+02;2.0818162e-01;1.2750000e+02;2.0629871e-01;1.2750000e+02;1.9850585e-01;1.2750000e+02;2.3092492e-01;1.2750000e+02;1.9438589e-01;1.2750000e+02;1.3943650e-01;1.2750000e+02;8.8043019e-02;1.2750000e+02;3.6782164e-02;1.2750000e+02;-8.4682368e-03;1.2750000e+02;-5.3433195e-02;1.2750000e+02;-9.3612365e-02;1.2750000e+02;-1.3935663e-01;1.2750000e+02;-6.0639203e-02;1.2750000e+02;-5.3497389e-02;1.2750000e+02;-2.5220111e-02;1.2750000e+02;2.5768705e-02;1.2750000e+02;9.3097240e-02;1.2750000e+02;1.7182457e-01;1.2750000e+02;2.0818162e-01;1.2750000e+02;2.0629871e-01;1.2750000e+02;1.9850585e-01;1.2750000e+02;2.3092492e-01;1.2750000e+02;1.9438589e-01;1.2750000e+02;1.3943650e-01;1.2750000e+02;8.8043019e-02;1.2750000e+02;3.6782164e-02;1.2750000e+02;-8.4682368e-03;1.2750000e+02;-5.3433195e-02;1.2750000e+02;-9.3612365e-02;1.2750000e+02;-1.3935663e-01;1.2750000e+02;-6.0639203e-02;1.2750000e+02;-5.3497389e-02;1.2750000e+02;-2.5220111e-02;1.2750000e+02;2.5768705e-02;1.2750000e+02;9.3097240e-02;1.2750000e+02;1.7182457e-01;1.2750000e+02;2.0818162e-01;1.2750000e+02;2.0629871e-01;1.2750000e+02;1.9850585e-01;1.2750000e+02;2.3092492e-01;1.2750000e+02;1.9438589e-01;1.2750000e+02;1.3943650e-01;1.2750000e+02;8.8043019e-02;1.2750000e+02;3.6782164e-02;1.2750000e+02;-8.4682368e-03;1.2750000e+02;-5.3433195e-02;1.2750000e+02;-9.3612365e-02;1.2750000e+02;-1.3935663e-01;1.2750000e+02;-6.0639203e-02;1.2750000e+02;-5.3497389e-02;1.2750000e+02;-2.5220111e-02;1.2750000e+02;2.5768705e-02;1.2750000e+02;9.3097240e-02;1.2750000e+02;1.7182457e-01;1.2750000e+02;2.0818162e-01;1.2750000e+02;2.0629871e-01;1.2750000e+02;1.9850585e-01;1.2750000e+02;2.3092492e-01;1.2750000e+02;1.9438589e-01;1.2750000e+02;1.3943650e-01;1.2750000e+02;8.8043019e-02;1.2750000e+02;3.6782164e-02;1.2750000e+02;-8.4682368e-03;1.2750000e+02;-5.3433195e-02;1.2750000e+02;-9.3612365e-02;1.2750000e+02;-1.3935663e-01;1.2750000e+02;-6.0639203e-02;1.2750000e+02;-5.3497389e-02;1.2750000e+02;-2.5220111e-02;1.2750000e+02;2.5768705e-02;1.2750000e+02;9.3097240e-02;1.2750000e+02;1.7182457e-01;1.2750000e+02;2.0818162e-01;1.2750000e+02;2.0629871e-01;1.2750000e+02;1.9850585e-01;1.2750000e+02;2.3092492e-01;1.2750000e+02;1.9438589e-01;1.2750000e+02;1.3943650e-01;1.2750000e+02;8.8043019e-02;1.2750000e+02;3.6782164e-02;1.2750000e+02;-8.4682368e-03;1.2750000e+02;-5.3433195e-02;1.2750000e+02;-9.3612365e-02;1.2750000e+02;-1.3935663e-01;1.2750000e+02;-6.0639203e-02;1.2750000e+02;-5.3497389e-02;1.2750000e+02;-2.5220111e-02;1.2750000e+02;2.5768705e-02;1.2750000e+02;9.3097240e-02;1.2750000e+02;1.7182457e-01;1.2750000e+02;2.0818162e-01;1.2750000e+02;2.0629871e-01;1.2750000e+02;1.9850585e-01;1.2750000e+02;2.3092492e-01;1.2750000e+02;1.9438589e-01;1.2750000e+02;1.3943650e-01;1.2750000e+02;8.8043019e-02;1.2750000e+02;3.6782164e-02;1.2750000e+02;-8.4682368e-03;1.2750000e+02;-5.3433195e-02;1.2750000e+02;-9.3612365e-02;1.2750000e+02;-1.3935663e-01;1.2750000e+02;-6.0639203e-02;1.2750000e+02;-5.3497389e-02;1.2750000e+02;-2.5220111e-02;1.2750000e+02;2.5768705e-02;1.2750000e+02;9.3097240e-02;1.2750000e+02;1.7182457e-01;1.2750000e+02;2.0818162e-01;1.2750000e+02;2.0629871e-01;1.2750000e+02;1.9850585e-01;1.2750000e+02;2.3092492e-01;1.2750000e+02;1.9438589e-01;1.2750000e+02;1.3943650e-01;1.2750000e+02;8.8043019e-02;1.2750000e+02;3.6782164e-02;1.2750000e+02;-8.4682368e-03;1.2750000e+02;-5.3433195e-02;1.2750000e+02;-9.3612365e-02;1.2750000e+02;-1.3935663e-01;1.2750000e+02;-6.0639203e-02;1.2750000e+02;-5.3497389e-02;1.2750000e+02;-2.5220111e-02;1.2750000e+02;2.5768705e-02;1.2750000e+02;9.3097240e-02;1.2750000e+02;1.7182457e-01;1.2750000e+02;2.0818162e-01;1.2750000e+02;2.0629871e-01;1.2750000e+02;1.9850585e-01;1.2750000e+02;2.3092492e-01;1.2750000e+02;1.9438589e-01;1.2750000e+02;1.3943650e-01;1.2750000e+02;8.8043019e-02;1.2750000e+02;3.6782164e-02;1.2750000e+02;-8.4682368e-03;1.2750000e+02;-5.3433195e-02;1.2750000e+02;-9.3612365e-02;1.2750000e+02;-1.3935663e-01;1.2750000e+02;-6.0639203e-02;1.2750000e+02;-5.3497389e-02;1.2750000e+02;-2.5220111e-02;1.2750000e+02;2.5768705e-02;1.2750000e+02;9.3097240e-02;1.2750000e+02;1.7182457e-01;1.2750000e+02;2.0818162e-01;1.2750000e+02;2.0629871e-01;1.2750000e+02;1.9850585e-01;1.2750000e+02;2.3092492e-01;1.2750000e+02;1.9438589e-01;1.2750000e+02;1.3943650e-01;1.2750000e+02;8.8043019e-02;1.2750000e+02;3.6782164e-02;1.2750000e+02;-8.4682368e-03;1.2750000e+02;-5.3433195e-02;1.2750000e+02;-9.3612365e-02;1.2750000e+02;-1.3935663e-01;1.2750000e+02;-6.0639203e-02;1.2750000e+02;-5.3497389e-02;1.2750000e+02;-2.5220111e-02;1.2750000e+02;2.5768705e-02;1.2750000e+02;9.3097240e-02;1.2750000e+02;1.7182457e-01;1.2750000e+02;2.0818162e-01;1.2750000e+02;2.0629871e-01;1.2750000e+02;1.9850585e-01;1.2750000e+02;2.3092492e-01;1.2750000e+02;1.9438589e-01;1.2750000e+02;1.3943650e-01;1.2750000e+02;8.8043019e-02;1.2750000e+02;3.6782164e-02;1.2750000e+02;-8.4682368e-03;1.2750000e+02;-5.3433195e-02;1.2750000e+02;-9.3612365e-02;1.2750000e+02;-1.3935663e-01;1.2750000e+02;-6.0639203e-02;1.2750000e+02;-5.3497389e-02;1.2750000e+02;-2.5220111e-02;1.2750000e+02;2.5768705e-02;1.2750000e+02;9.3097240e-02;1.2750000e+02;1.7182457e-01;1.2750000e+02;2.0818162e-01;1.2750000e+02;2.0629871e-01;1.2750000e+02;1.9850585e-01;1.2750000e+02;2.3092492e-01;1.2750000e+02;1.9438589e-01;1.2750000e+02;1.3943650e-01;1.2750000e+02;8.8043019e-02;1.2750000e+02;3.6782164e-02;1.2750000e+02;-8.4682368e-03;1.2750000e+02;-5.3433195e-02;1.2750000e+02;-9.3612365e-02;1.2750000e+02;-1.3935663e-01;1.2750000e+02;-6.0639203e-02;1.2750000e+02;-5.3497389e-02;1.2750000e+02;-2.5220111e-02;1.2750000e+02;2.5768705e-02;1.2750000e+02;9.3097240e-02;1.2750000e+02;1.7182457e-01;1.2750000e+02;2.0818162e-01;1.2750000e+02;2.0629871e-01;1.2750000e+02;1.9850585e-01;1.2750000e+02;2.3092492e-01;1.2750000e+02;1.9438589e-01;1.2750000e+02;1.3943650e-01;1.2750000e+02;8.8043019e-02;1.2750000e+02;3.6782164e-02;1.2750000e+02;-8.4682368e-03;1.2750000e+02;-5.3433195e-02;1.2750000e+02;-9.3612365e-02;1.2750000e+02;-1.3935663e-01;1.2750000e+02;-6.0639203e-02;1.2750000e+02;-5.3497389e-02;1.2750000e+02;-2.5220111e-02;1.2750000e+02;2.5768705e-02;1.2750000e+02;9.3097240e-02;1.2750000e+02;1.7182457e-01;1.2750000e+02;2.0818162e-01;1.2750000e+02;2.0629871e-01;1.2750000e+02;1.9850585e-01;1.2750000e+02;2.3092492e-01;1.2750000e+02;1.9438589e-01;1.2750000e+02;1.3943650e-01;1.2750000e+02;8.8043019e-02;1.2750000e+02;3.6782164e-02;1.2750000e+02;-8.4682368e-03;1.2750000e+02;-5.3433195e-02;1.2750000e+02;-9.3612365e-02;1.2750000e+02;-1.3935663e-01;1.2750000e+02;-6.0639203e-02;1.2750000e+02;-5.3497389e-02;1.2750000e+02;-2.5220111e-02;1.2750000e+02;2.5768705e-02;1.2750000e+02;9.3097240e-02;1.2750000e+02;1.7182457e-01;1.2750000e+02;2.0818162e-01;1.2750000e+02;2.0629871e-01;1.2750000e+02;1.9850585e-01;1.2750000e+02;2.3092492e-01;1.2750000e+02;1.9438589e-01;1.2750000e+02;1.3943650e-01;1.2750000e+02;8.8043019e-02;1.2750000e+02;3.6782164e-02;1.2750000e+02;-8.4682368e-03;1.2750000e+02;-5.3433195e-02;1.2750000e+02;-9.3612365e-02;1.2750000e+02;-1.3935663e-01;1.2750000e+02;-6.0639203e-02;1.2750000e+02;-5.3497389e-02;1.2750000e+02;-2.5220111e-02;1.2750000e+02;2.5768705e-02;1.2750000e+02;9.3097240e-02;1.2750000e+02;1.7182457e-01;1.2750000e+02;2.0818162e-01;1.2750000e+02;2.0629871e-01;1.2750000e+02;1.9850585e-01;1.2750000e+02;2.3092492e-01;1.2750000e+02;1.9438589e-01;1.2750000e+02;1.3943650e-01;1.2750000e+02;8.8043019e-02;1.2750000e+02;3.6782164e-02;1.2750000e+02;-8.4682368e-03;1.2750000e+02;-5.3433195e-02;1.2750000e+02;-9.3612365e-02;1.2750000e+02;-1.3935663e-01;1.2750000e+02;-6.0639203e-02;1.2750000e+02;-5.3497389e-02;1.2750000e+02;-2.5220111e-02;1.2750000e+02;2.5768705e-02;1.2750000e+02;9.3097240e-02;1.2750000e+02;1.7182457e-01;1.2750000e+02;2.0818162e-01;1.2750000e+02;2.0629871e-01;1.2750000e+02;1.9850585e-01;1.2750000e+02;2.3092492e-01;1.2750000e+02;1.9438589e-01;1.2750000e+02;1.3943650e-01;1.2750000e+02;8.8043019e-02;1.2750000e+02;3.6782164e-02;1.2750000e+02;-8.4682368e-03;1.2750000e+02;-5.3433195e-02;1.2750000e+02;-9.3612365e-02;1.2750000e+02;-1.3935663e-01;1.2750000e+02;-6.0639203e-02;1.2750000e+02;-5.3497389e-02;1.2750000e+02;-2.5220111e-02;1.2750000e+02;2.5768705e-02;1.2750000e+02;9.3097240e-02;1.2750000e+02;1.7182457e-01;1.2750000e+02;2.0818162e-01;1.2750000e+02;2.0629871e-01;1.2750000e+02;1.9850585e-01;1.2750000e+02;2.3092492e-01;1.2750000e+02;1.9438589e-01;1.2750000e+02;1.3943650e-01;1.2750000e+02;8.8043019e-02;1.2750000e+02;3.6782164e-02;1.2750000e+02;-8.4682368e-03;1.2750000e+02;-5.3433195e-02;1.2750000e+02;-9.3612365e-02;1.2750000e+02;-1.3935663e-01;1.2750000e+02;-6.0639203e-02;1.2750000e+02;-5.3497389e-02;1.2750000e+02;-2.5220111e-02;1.2750000e+02;2.5768705e-02;1.2750000e+02;9.3097240e-02;1.2750000e+02;1.7182457e-01;1.2750000e+02;2.0818162e-01;1.2750000e+02;2.0629871e-01;1.2750000e+02;1.9850585e-01;1.2750000e+02;2.3092492e-01;1.2750000e+02;1.9438589e-01;1.2750000e+02;1.3943650e-01;1.2750000e+02;8.8043019e-02;1.2750000e+02;3.6782164e-02;1.2750000e+02;-8.4682368e-03;1.2750000e+02;-5.3433195e-02;1.2750000e+02;-9.3612365e-02;1.2750000e+02;-1.3935663e-01;1.2750000e+02;-6.0639203e-02;1.2750000e+02;-5.3497389e-02;1.2750000e+02;-2.5220111e-02;1.2750000e+02;2.5768705e-02;1.2750000e+02;9.3097240e-02;1.2750000e+02;1.7182457e-01;1.2750000e+02;2.0818162e-01;1.2750000e+02;2.0629871e-01;1.2750000e+02;1.9850585e-01;1.2750000e+02;2.3092492e-01;1.2750000e+02;1.9438589e-01;1.2750000e+02;1.3943650e-01;1.2750000e+02;8.8043019e-02;1.2750000e+02;3.6782164e-02;1.2750000e+02;-8.4682368e-03;1.2750000e+02;-5.3433195e-02;1.2750000e+02;-9.3612365e-02;1.2750000e+02;-1.3935663e-01;1.2750000e+02;-6.0639203e-02;1.2750000e+02;-5.3497389e-02;1.2750000e+02;-2.5220111e-02;1.2750000e+02;2.5768705e-02;1.2750000e+02;9.3097240e-02;1.2750000e+02;1.7182457e-01;1.2750000e+02;2.0818162e-01;1.2750000e+02;2.0629871e-01;1.2750000e+02;1.9850585e-01;1.2750000e+02;2.3092492e-01;1.2750000e+02;1.9438589e-01;1.2750000e+02;1.3943650e-01;1.2750000e+02;8.8043019e-02;1.2750000e+02;3.6782164e-02;1.2750000e+02;-8.4682368e-03;1.2750000e+02;-5.3433195e-02;1.2750000e+02;-9.3612365e-02;1.2750000e+02;-1.3935663e-01;1.2750000e+02;-6.0639203e-02;1.2750000e+02;-5.3497389e-02;1.2750000e+02;-2.5220111e-02;1.2750000e+02;2.5768705e-02;1.2750000e+02;9.3097240e-02;1.2750000e+02;1.7182457e-01;1.2750000e+02;2.0818162e-01;1.2750000e+02;2.0629871e-01;1.2750000e+02;1.9850585e-01;1.2750000e+02;2.3092492e-01;1.2750000e+02;1.9438589e-01;1.2750000e+02;1.3943650e-01;1.2750000e+02;8.8043019e-02;1.2750000e+02;3.6782164e-02;1.2750000e+02;-8.4682368e-03;1.2750000e+02;-5.3433195e-02;1.2750000e+02;-9.3612365e-02;1.2750000e+02;-1.3935663e-01;1.2750000e+02;-6.0639203e-02;1.2750000e+02;-5.3497389e-02;1.2750000e+02;-2.5220111e-02;1.2750000e+02;2.5768705e-02;1.2750000e+02;9.3097240e-02;1.2750000e+02;1.7182457e-01;1.2750000e+02;2.0818162e-01;1.2750000e+02;2.0629871e-01;1.2750000e+02;1.9850585e-01;1.2750000e+02;2.3092492e-01;1.2750000e+02;1.9438589e-01;1.2750000e+02;1.3943650e-01;1.2750000e+02;8.8043019e-02;1.2750000e+02;3.6782164e-02;1.2750000e+02;-8.4682368e-03;1.2750000e+02;-5.3433195e-02;1.2750000e+02;-9.3612365e-02;1.2750000e+02;-1.3935663e-01;1.2750000e+02;-6.0639203e-02;1.2750000e+02;-5.3497389e-02;1.2750000e+02;-2.5220111e-02;1.2750000e+02;2.5768705e-02;1.2750000e+02;9.3097240e-02;1.2750000e+02;1.7182457e-01;1.2750000e+02;2.0818162e-01;1.2750000e+02;2.0629871e-01;1.2750000e+02;1.9850585e-01;1.2750000e+02;2.3092492e-01;1.2750000e+02;1.9438589e-01;1.2750000e+02;1.3943650e-01;1.2750000e+02;8.8043019e-02;1.2750000e+02;3.6782164e-02;1.2750000e+02;-8.4682368e-03;1.2750000e+02;-5.3433195e-02;1.2750000e+02;-9.3612365e-02;1.2750000e+02;-1.3935663e-01;1.2750000e+02;-6.0639203e-02;1.2750000e+02;-5.3497389e-02;1.2750000e+02;-2.5220111e-02;1.2750000e+02;2.5768705e-02;1.2750000e+02;9.3097240e-02;1.2750000e+02;1.7182457e-01;1.2750000e+02;2.0818162e-01;1.2750000e+02;2.0629871e-01;1.2750000e+02;1.9850585e-01;1.2750000e+02;2.3092492e-01;1.2750000e+02;1.9438589e-01;1.2750000e+02;1.3943650e-01;1.2750000e+02;8.8043019e-02;1.2750000e+02;3.6782164e-02;1.2750000e+02;-8.4682368e-03;1.2750000e+02;-5.3433195e-02;1.2750000e+02;-9.3612365e-02;1.2750000e+02;-1.3935663e-01;1.2750000e+02;-6.0639203e-02;1.2750000e+02;-5.3497389e-02;1.2750000e+02;-2.5220111e-02;1.2750000e+02;2.5768705e-02;1.2750000e+02;9.3097240e-02;1.2750000e+02;1.7182457e-01;1.2750000e+02;2.0818162e-01;1.2750000e+02;2.0629871e-01;1.2750000e+02;1.9850585e-01;1.2750000e+02;2.3092492e-01;1.2750000e+02;1.9438589e-01;1.2750000e+02;1.3943650e-01;1.2750000e+02;8.8043019e-02;1.2750000e+02;3.6782164e-02;1.2750000e+02;-8.4682368e-03;1.2750000e+02;-5.3433195e-02;1.2750000e+02;-9.3612365e-02;1.2750000e+02;-1.3935663e-01;1.2750000e+02;-6.0639203e-02;1.2750000e+02;-5.3497389e-02;1.2750000e+02;-2.5220111e-02;1.2750000e+02;2.5768705e-02;1.2750000e+02;9.3097240e-02;1.2750000e+02;1.7182457e-01;1.2750000e+02;2.0818162e-01;1.2750000e+02;2.0629871e-01;1.2750000e+02;1.9850585e-01;1.2750000e+02;2.3092492e-01;1.2750000e+02;1.9438589e-01;1.2750000e+02;1.3943650e-01;1.2750000e+02;8.8043019e-02;1.2750000e+02;3.6782164e-02;1.2750000e+02;-8.4682368e-03;1.2750000e+02;-5.3433195e-02;1.2750000e+02;-9.3612365e-02;1.2750000e+02;-1.3935663e-01;1.2750000e+02;-6.0639203e-02;1.2750000e+02;-5.3497389e-02;1.2750000e+02;-2.5220111e-02;1.2750000e+02;2.5768705e-02;1.2750000e+02;9.3097240e-02;1.2750000e+02;1.7182457e-01;1.2750000e+02;2.0818162e-01;1.2750000e+02;2.0629871e-01;1.2750000e+02;1.9850585e-01;1.2750000e+02;2.3092492e-01;1.2750000e+02;1.9438589e-01;1.2750000e+02;1.3943650e-01;1.2750000e+02;8.8043019e-02;1.2750000e+02;3.6782164e-02;1.2750000e+02;-8.4682368e-03;1.2750000e+02;-5.3433195e-02;1.2750000e+02;-9.3612365e-02;1.2750000e+02;-1.3935663e-01;1.2750000e+02;-6.0639203e-02;1.2750000e+02;-5.3497389e-02;1.2750000e+02;-2.5220111e-02;1.2750000e+02;2.5768705e-02;1.2750000e+02;9.3097240e-02;1.2750000e+02;1.7182457e-01;1.2750000e+02;2.0818162e-01;1.2750000e+02;2.0629871e-01;1.2750000e+02;1.9850585e-01;1.2750000e+02;2.3092492e-01;1.2750000e+02;1.9438589e-01;1.2750000e+02;1.3943650e-01;1.2750000e+02;8.8043019e-02;1.2750000e+02;3.6782164e-02;1.2750000e+02;-8.4682368e-03;1.2750000e+02;-5.3433195e-02;1.2750000e+02;-9.3612365e-02;1.2750000e+02;-1.3935663e-01;1.2750000e+02;-6.0639203e-02;1.2750000e+02;-5.3497389e-02;1.2750000e+02;-2.5220111e-02;1.2750000e+02;2.5768705e-02;1.2750000e+02;9.3097240e-02;1.2750000e+02;1.7182457e-01;1.2750000e+02;2.0818162e-01;1.2750000e+02;2.0629871e-01;1.2750000e+02;1.9850585e-01;1.2750000e+02;2.3092492e-01;1.2750000e+02;1.9438589e-01;1.2750000e+02;1.3943650e-01;1.2750000e+02;8.8043019e-02;1.2750000e+02;3.6782164e-02;1.2750000e+02;-8.4682368e-03;1.2750000e+02;-5.3433195e-02;1.2750000e+02;-9.3612365e-02;1.2750000e+02;-1.3935663e-01;1.2750000e+02;-6.0639203e-02;1.2750000e+02;-5.3497389e-02;1.2750000e+02;-2.5220111e-02;1.2750000e+02;2.5768705e-02;1.2750000e+02;9.3097240e-02;1.2750000e+02;1.7182457e-01;1.2750000e+02;2.0818162e-01;1.2750000e+02;2.0629871e-01;1.2750000e+02;1.9850585e-01;1.2750000e+02;2.3092492e-01;1.2750000e+02;1.9438589e-01;1.2750000e+02;1.3943650e-01;1.2750000e+02;8.8043019e-02;1.2750000e+02;3.6782164e-02;1.2750000e+02;-8.4682368e-03;1.2750000e+02;-5.3433195e-02;1.2750000e+02;-9.3612365e-02;1.2750000e+02;-1.3935663e-01;1.2750000e+02;-6.0639203e-02;1.2750000e+02;-5.3497389e-02;1.2750000e+02;-2.5220111e-02;1.2750000e+02;2.5768705e-02;1.2750000e+02;9.3097240e-02;1.2750000e+02;1.7182457e-01;1.2750000e+02;2.0818162e-01;1.2750000e+02;2.0629871e-01;1.2750000e+02;1.9850585e-01;1.2750000e+02;2.3092492e-01;1.2750000e+02;1.9438589e-01;1.2750000e+02;1.3943650e-01;1.2750000e+02;8.8043019e-02;1.2750000e+02;3.6782164e-02;1.2750000e+02;-8.4682368e-03;1.2750000e+02;-5.3433195e-02;1.2750000e+02;-9.3612365e-02;1.2750000e+02;-1.3935663e-01;1.2750000e+02;-6.0639203e-02;1.2750000e+02;-5.3497389e-02;1.2750000e+02;-2.5220111e-02;1.2750000e+02;2.5768705e-02;1.2750000e+02;9.3097240e-02;1.2750000e+02;1.7182457e-01;1.2750000e+02;2.0818162e-01;1.2750000e+02;2.0629871e-01;1.2750000e+02;1.9850585e-01;1.2750000e+02;2.3092492e-01;1.2750000e+02;1.9438589e-01;1.2750000e+02;1.3943650e-01;1.2750000e+02;8.8043019e-02;1.2750000e+02;3.6782164e-02;1.2750000e+02;-8.4682368e-03;1.2750000e+02;-5.3433195e-02;1.2750000e+02;-9.3612365e-02;1.2750000e+02;-1.3935663e-01;1.2750000e+02;-6.0639203e-02;1.2750000e+02;-5.3497389e-02;1.2750000e+02;-2.5220111e-02;1.2750000e+02;2.5768705e-02;1.2750000e+02;9.3097240e-02;1.2750000e+02;1.7182457e-01;1.2750000e+02;2.0818162e-01;1.2750000e+02;2.0629871e-01;1.2750000e+02;1.9850585e-01;1.2750000e+02;2.3092492e-01;1.2750000e+02;1.9438589e-01;1.2750000e+02;1.3943650e-01;1.2750000e+02;8.8043019e-02;1.2750000e+02;3.6782164e-02;1.2750000e+02;-8.4682368e-03;1.2750000e+02;-5.3433195e-02;1.2750000e+02;-9.3612365e-02;1.2750000e+02;-1.3935663e-01;1.2750000e+02;-6.0639203e-02;1.2750000e+02;-5.3497389e-02;1.2750000e+02;-2.5220111e-02;1.2750000e+02;2.5768705e-02;1.2750000e+02;9.3097240e-02;1.2750000e+02;1.7182457e-01;1.2750000e+02;2.0818162e-01;1.2750000e+02;2.0629871e-01;1.2750000e+02;1.9850585e-01;1.2750000e+02;2.3092492e-01;1.2750000e+02;1.9438589e-01;1.2750000e+02;1.3943650e-01;1.2750000e+02;8.8043019e-02;1.2750000e+02;3.6782164e-02;1.2750000e+02;-8.4682368e-03;1.2750000e+02;-5.3433195e-02;1.2750000e+02;-9.3612365e-02;1.2750000e+02;-1.3935663e-01;1.2750000e+02;-6.0639203e-02;1.2750000e+02;-5.3497389e-02;1.2750000e+02;-2.5220111e-02;1.2750000e+02;2.5768705e-02;1.2750000e+02;9.3097240e-02;1.2750000e+02;1.7182457e-01;1.2750000e+02;2.0818162e-01;1.2750000e+02;2.0629871e-01;1.2750000e+02;1.9850585e-01;1.2750000e+02;2.3092492e-01;1.2750000e+02;1.9438589e-01;1.2750000e+02;1.3943650e-01;1.2750000e+02;8.8043019e-02;1.2750000e+02;3.6782164e-02;1.2750000e+02;-8.4682368e-03;1.2750000e+02;-5.3433195e-02;1.2750000e+02;-9.3612365e-02;1.2750000e+02;-1.3935663e-01;1.2750000e+02;-6.0639203e-02;1.2750000e+02;-5.3497389e-02;1.2750000e+02;-2.5220111e-02;1.2750000e+02;2.5768705e-02;1.2750000e+02;9.3097240e-02;1.2750000e+02;1.7182457e-01;1.2750000e+02;2.0818162e-01;1.2750000e+02;2.0629871e-01;1.2750000e+02;1.9850585e-01;1.2750000e+02;2.3092492e-01;1.2750000e+02;1.9438589e-01;1.2750000e+02;1.3943650e-01;1.2750000e+02;8.8043019e-02;1.2750000e+02;3.6782164e-02;1.2750000e+02;-8.4682368e-03;1.2750000e+02;-5.3433195e-02;1.2750000e+02;-9.3612365e-02;1.2750000e+02;-1.3935663e-01;1.2750000e+02;-6.0639203e-02;1.2750000e+02;-5.3497389e-02;1.2750000e+02;-2.5220111e-02;1.2750000e+02;2.5768705e-02;1.2750000e+02;9.3097240e-02;1.2750000e+02;1.7182457e-01;1.2750000e+02;2.0818162e-01;1.2750000e+02;2.0629871e-01;1.2750000e+02;1.9850585e-01;1.2750000e+02;2.3092492e-01;1.2750000e+02;1.9438589e-01;1.2750000e+02;1.3943650e-01;1.2750000e+02;8.8043019e-02;1.2750000e+02;3.6782164e-02;1.2750000e+02;-8.4682368e-03;1.2750000e+02;-5.3433195e-02;1.2750000e+02;-9.3612365e-02;1.2750000e+02;-1.3935663e-01;1.2750000e+02;-6.0639203e-02;1.2750000e+02;-5.3497389e-02;1.2750000e+02;-2.5220111e-02;1.2750000e+02;2.5768705e-02;1.2750000e+02;9.3097240e-02;1.2750000e+02;1.7182457e-01;1.2750000e+02;2.0818162e-01;1.2750000e+02;2.0629871e-01;1.2750000e+02;1.9850585e-01;1.2750000e+02;2.3092492e-01;1.2750000e+02;1.9438589e-01;1.2750000e+02;1.3943650e-01;1.2750000e+02;8.8043019e-02;1.2750000e+02;3.6782164e-02;1.2750000e+02;-8.4682368e-03;1.2750000e+02;-5.3433195e-02;1.2750000e+02;-9.3612365e-02;1.2750000e+02;-1.3935663e-01;1.2750000e+02;-6.0639203e-02;1.2750000e+02;-5.3497389e-02;1.2750000e+02;-2.5220111e-02;1.2750000e+02;2.5768705e-02;1.2750000e+02;9.3097240e-02;1.2750000e+02;1.7182457e-01;1.2750000e+02;2.0818162e-01;1.2750000e+02;2.0629871e-01;1.2750000e+02;1.9850585e-01;1.2750000e+02;2.3092492e-01;1.2750000e+02;1.9438589e-01;1.2750000e+02;1.3943650e-01;1.2750000e+02;8.8043019e-02;1.2750000e+02;3.6782164e-02;1.2750000e+02;-8.4682368e-03;1.2750000e+02;-5.3433195e-02;1.2750000e+02;-9.3612365e-02;1.2750000e+02;-1.3935663e-01;1.2750000e+02;-6.0639203e-02;1.2750000e+02;-5.3497389e-02;1.2750000e+02;-2.5220111e-02;1.2750000e+02;2.5768705e-02;1.2750000e+02;9.3097240e-02;1.2750000e+02;1.7182457e-01;1.2750000e+02;2.0818162e-01;1.2750000e+02;2.0629871e-01;1.2750000e+02;1.9850585e-01;1.2750000e+02;2.3092492e-01;1.2750000e+02;1.9438589e-01;1.2750000e+02;1.3943650e-01;1.2750000e+02;8.8043019e-02;1.2750000e+02;3.6782164e-02;1.2750000e+02;-8.4682368e-03;1.2750000e+02;-5.3433195e-02;1.2750000e+02;-9.3612365e-02;1.2750000e+02;-1.3935663e-01;1.2750000e+02;-6.0639203e-02;1.2750000e+02;-5.3497389e-02;1.2750000e+02;-2.5220111e-02;1.2750000e+02;2.5768705e-02;1.2750000e+02;9.3097240e-02;1.2750000e+02;1.7182457e-01;1.2750000e+02;2.0818162e-01;1.2750000e+02;2.0629871e-01;1.2750000e+02;1.9850585e-01;1.2750000e+02;2.3092492e-01;1.2750000e+02;1.9438589e-01;1.2750000e+02;1.3943650e-01;1.2750000e+02;8.8043019e-02;1.2750000e+02;3.6782164e-02;1.2750000e+02;-8.4682368e-03;1.2750000e+02;-5.3433195e-02;1.2750000e+02;-9.3612365e-02;1.2750000e+02;-1.3935663e-01;1.2750000e+02;-6.0639203e-02;1.2750000e+02;-5.3497389e-02;1.2750000e+02;-2.5220111e-02;1.2750000e+02;2.5768705e-02;1.2750000e+02;9.3097240e-02;1.2750000e+02;1.7182457e-01;1.2750000e+02;2.0818162e-01;1.2750000e+02;2.0629871e-01;1.2750000e+02;1.9850585e-01;1.2750000e+02;2.3092492e-01;1.2750000e+02;1.9438589e-01;1.2750000e+02;1.3943650e-01;1.2750000e+02;8.8043019e-02;1.2750000e+02;3.6782164e-02;1.2750000e+02;-8.4682368e-03;1.2750000e+02;-5.3433195e-02;1.2750000e+02;-9.3612365e-02;1.2750000e+02;-1.3935663e-01;1.2750000e+02;-6.0639203e-02;1.2750000e+02;-5.3497389e-02;1.2750000e+02;-2.5220111e-02;1.2750000e+02;2.5768705e-02;1.2750000e+02;9.3097240e-02;1.2750000e+02;1.7182457e-01;1.2750000e+02;2.0818162e-01;1.2750000e+02;2.0629871e-01;1.2750000e+02;1.9850585e-01;1.2750000e+02;2.3092492e-01;1.2750000e+02;1.9438589e-01;1.2750000e+02;1.3943650e-01;1.2750000e+02;8.8043019e-02;1.2750000e+02;3.6782164e-02;1.2750000e+02;-8.4682368e-03;1.2750000e+02;-5.3433195e-02;1.2750000e+02;-9.3612365e-02;1.2750000e+02;-1.3935663e-01;1.2750000e+02;-6.0639203e-02;1.2750000e+02;-5.3497389e-02;1.2750000e+02;-2.5220111e-02;1.2750000e+02;2.5768705e-02;1.2750000e+02;9.3097240e-02;1.2750000e+02;1.7182457e-01;1.2750000e+02;2.0818162e-01;1.2750000e+02;2.0629871e-01;1.2750000e+02;1.9850585e-01;1.2750000e+02;2.3092492e-01;1.2750000e+02;1.9438589e-01;1.2750000e+02;1.3943650e-01;1.2750000e+02;8.8043019e-02;1.2750000e+02;3.6782164e-02;1.2750000e+02;-8.4682368e-03;1.2750000e+02;-5.3433195e-02;1.2750000e+02;-9.3612365e-02;1.2750000e+02;-1.3935663e-01;1.2750000e+02;-6.0639203e-02;1.2750000e+02;-5.3497389e-02;1.2750000e+02;-2.5220111e-02;1.2750000e+02;2.5768705e-02;1.2750000e+02;9.3097240e-02;1.2750000e+02;1.7182457e-01;1.2750000e+02;2.0818162e-01;1.2750000e+02;2.0629871e-01;1.2750000e+02;1.9850585e-01;1.2750000e+02;2.3092492e-01;1.2750000e+02;1.9438589e-01;1.2750000e+02;1.3943650e-01;1.2750000e+02;8.8043019e-02;1.2750000e+02;3.6782164e-02;1.2750000e+02;-8.4682368e-03;1.2750000e+02;-5.3433195e-02;1.2750000e+02;-9.3612365e-02;1.2750000e+02;-1.3935663e-01;1.2750000e+02;-6.0639203e-02;1.2750000e+02;-5.3497389e-02;1.2750000e+02;-2.5220111e-02;1.2750000e+02;2.5768705e-02;1.2750000e+02;9.3097240e-02;1.2750000e+02;1.7182457e-01;1.2750000e+02;2.0818162e-01;1.2750000e+02;2.0629871e-01;1.2750000e+02;1.9850585e-01;1.2750000e+02;2.3092492e-01;1.2750000e+02;1.9438589e-01;1.2750000e+02;1.3943650e-01;1.2750000e+02;8.8043019e-02;1.2750000e+02;3.6782164e-02;1.2750000e+02;-8.4682368e-03;1.2750000e+02;-5.3433195e-02;1.2750000e+02;-9.3612365e-02;1.2750000e+02;-1.3935663e-01;1.2750000e+02;-6.0639203e-02;1.2750000e+02;-5.3497389e-02;1.2750000e+02;-2.5220111e-02;1.2750000e+02;2.5768705e-02;1.2750000e+02;9.3097240e-02;1.2750000e+02;1.7182457e-01;1.2750000e+02;2.0818162e-01;1.2750000e+02;2.0629871e-01;1.2750000e+02;1.9850585e-01;1.2750000e+02;2.3092492e-01;1.2750000e+02;1.9438589e-01;1.2750000e+02;1.3943650e-01;1.2750000e+02;8.8043019e-02;1.2750000e+02;3.6782164e-02;1.2750000e+02;-8.4682368e-03;1.2750000e+02;-5.3433195e-02;1.2750000e+02;-9.3612365e-02;1.2750000e+02;-1.3935663e-01;1.2750000e+02;-6.0639203e-02;1.2750000e+02;-5.3497389e-02;1.2750000e+02;-2.5220111e-02;1.2750000e+02;2.5768705e-02;1.2750000e+02;9.3097240e-02;1.2750000e+02;1.7182457e-01;1.2750000e+02;2.0818162e-01;1.2750000e+02;2.0629871e-01;1.2750000e+02;1.9850585e-01;1.2750000e+02;2.3092492e-01;1.2750000e+02;1.9438589e-01;1.2750000e+02;1.3943650e-01;1.2750000e+02;8.8043019e-02;1.2750000e+02;3.6782164e-02;1.2750000e+02;-8.4682368e-03;1.2750000e+02;-5.3433195e-02;1.2750000e+02;-9.3612365e-02;1.2750000e+02;-1.3935663e-01;1.2750000e+02;-6.0639203e-02;1.2750000e+02;-5.3497389e-02;1.2750000e+02;-2.5220111e-02;1.2750000e+02;2.5768705e-02;1.2750000e+02;9.3097240e-02;1.2750000e+02;1.7182457e-01;1.2750000e+02;2.0818162e-01;1.2750000e+02;2.0629871e-01;1.2750000e+02;1.9850585e-01;1.2750000e+02;2.3092492e-01;1.2750000e+02;1.9438589e-01;1.2750000e+02;1.3943650e-01;1.2750000e+02;8.8043019e-02;1.2750000e+02;3.6782164e-02;1.2750000e+02;-8.4682368e-03;1.2750000e+02;-5.3433195e-02;1.2750000e+02;-9.3612365e-02;1.2750000e+02;-1.3935663e-01;1.2750000e+02;-6.0639203e-02;1.2750000e+02;-5.3497389e-02;1.2750000e+02;-2.5220111e-02;1.2750000e+02;2.5768705e-02;1.2750000e+02;9.3097240e-02;1.2750000e+02;1.7182457e-01;1.2750000e+02;2.0818162e-01;1.2750000e+02;2.0629871e-01;1.2750000e+02;1.9850585e-01;1.2750000e+02;2.3092492e-01;1.2750000e+02;1.9438589e-01;1.2750000e+02;1.3943650e-01;1.2750000e+02;8.8043019e-02;1.2750000e+02;3.6782164e-02;1.2750000e+02;-8.4682368e-03;1.2750000e+02;-5.3433195e-02;1.2750000e+02;-9.3612365e-02;1.2750000e+02;-1.3935663e-01;1.2750000e+02;-6.0639203e-02;1.2750000e+02;-5.3497389e-02;1.2750000e+02;-2.5220111e-02;1.2750000e+02;2.5768705e-02;1.2750000e+02;9.3097240e-02;1.2750000e+02;1.7182457e-01;1.2750000e+02;2.0818162e-01;1.2750000e+02;2.0629871e-01;1.2750000e+02;1.9850585e-01;1.2750000e+02;2.3092492e-01;1.2750000e+02;1.9438589e-01;1.2750000e+02;1.3943650e-01;1.2750000e+02;8.8043019e-02;1.2750000e+02;3.6782164e-02;1.2750000e+02;-8.4682368e-03;1.2750000e+02;-5.3433195e-02;1.2750000e+02;-9.3612365e-02;1.2750000e+02;-1.3935663e-01;1.2750000e+02;-6.0639203e-02;1.2750000e+02;-5.3497389e-02;1.2750000e+02;-2.5220111e-02;1.2750000e+02;2.5768705e-02;1.2750000e+02;9.3097240e-02;1.2750000e+02;1.7182457e-01;1.2750000e+02;2.0818162e-01;1.2750000e+02;2.0629871e-01;1.2750000e+02;1.9850585e-01;1.2750000e+02;2.3092492e-01;1.2750000e+02;1.9438589e-01;1.2750000e+02;1.3943650e-01;1.2750000e+02;8.8043019e-02;1.2750000e+02;3.6782164e-02;1.2750000e+02;-8.4682368e-03;1.2750000e+02;-5.3433195e-02;1.2750000e+02;-9.3612365e-02;1.2750000e+02;-1.3935663e-01;1.2750000e+02;-6.0639203e-02;1.2750000e+02;-5.3497389e-02;1.2750000e+02;-2.5220111e-02;1.2750000e+02;2.5768705e-02;1.2750000e+02;9.3097240e-02;1.2750000e+02;1.7182457e-01;1.2750000e+02;2.0818162e-01;1.2750000e+02;2.0629871e-01;1.2750000e+02;1.9850585e-01;1.2750000e+02;2.3092492e-01;1.2750000e+02;1.9438589e-01;1.2750000e+02;1.3943650e-01;1.2750000e+02;8.8043019e-02;1.2750000e+02;3.6782164e-02;1.2750000e+02;-8.4682368e-03;1.2750000e+02;-5.3433195e-02;1.2750000e+02;-9.3612365e-02;1.2750000e+02;-1.3935663e-01;1.2750000e+02;-6.0639203e-02;1.2750000e+02;-5.3497389e-02;1.2750000e+02;-2.5220111e-02;1.2750000e+02;2.5768705e-02;1.2750000e+02;9.3097240e-02;1.2750000e+02;1.7182457e-01;1.2750000e+02;2.0818162e-01;1.2750000e+02;2.0629871e-01;1.2750000e+02;1.9850585e-01;1.2750000e+02;2.3092492e-01;1.2750000e+02;1.9438589e-01;1.2750000e+02;1.3943650e-01;1.2750000e+02;8.8043019e-02;1.2750000e+02;3.6782164e-02;1.2750000e+02;-8.4682368e-03;1.2750000e+02;-5.3433195e-02;1.2750000e+02;-9.3612365e-02;1.2750000e+02;-1.3935663e-01;1.2750000e+02;-6.0639203e-02;1.2750000e+02;-5.3497389e-02;1.2750000e+02;-2.5220111e-02;1.2750000e+02;2.5768705e-02;1.2750000e+02;9.3097240e-02;1.2750000e+02;1.7182457e-01;1.2750000e+02;2.0818162e-01;1.2750000e+02;2.0629871e-01;1.2750000e+02;1.9850585e-01;1.2750000e+02;2.3092492e-01;1.2750000e+02;1.9438589e-01;1.2750000e+02;1.3943650e-01;1.2750000e+02;8.8043019e-02;1.2750000e+02;3.6782164e-02;1.2750000e+02;-8.4682368e-03;1.2750000e+02;-5.3433195e-02;1.2750000e+02;-9.3612365e-02;1.2750000e+02;-1.3935663e-01;1.2750000e+02;-6.0639203e-02;1.2750000e+02;-5.3497389e-02;1.2750000e+02;-2.5220111e-02;1.2750000e+02;2.5768705e-02;1.2750000e+02;9.3097240e-02;1.2750000e+02;1.7182457e-01;1.2750000e+02;2.0818162e-01;1.2750000e+02;2.0629871e-01;1.2750000e+02;1.9850585e-01;1.2750000e+02;2.3092492e-01;1.2750000e+02;1.9438589e-01;1.2750000e+02;1.3943650e-01;1.2750000e+02;8.8043019e-02;1.2750000e+02;3.6782164e-02;1.2750000e+02;-8.4682368e-03;1.2750000e+02;-5.3433195e-02;1.2750000e+02;-9.3612365e-02;1.2750000e+02;-1.3935663e-01;1.2750000e+02;-6.0639203e-02;1.2750000e+02;-5.3497389e-02;1.2750000e+02;-2.5220111e-02;1.2750000e+02;2.5768705e-02;1.2750000e+02;9.3097240e-02;1.2750000e+02;1.7182457e-01;1.2750000e+02;2.0818162e-01;1.2750000e+02;2.0629871e-01;1.2750000e+02;1.9850585e-01;1.2750000e+02;2.3092492e-01;1.2750000e+02;1.9438589e-01;1.2750000e+02;1.3943650e-01;1.2750000e+02;8.8043019e-02;1.2750000e+02;3.6782164e-02;1.2750000e+02;-8.4682368e-03;1.2750000e+02;-5.3433195e-02;1.2750000e+02;-9.3612365e-02;1.2750000e+02;-1.3935663e-01;1.2750000e+02;-6.0639203e-02;1.2750000e+02;-5.3497389e-02;1.2750000e+02;-2.5220111e-02;1.2750000e+02;2.5768705e-02;1.2750000e+02;9.3097240e-02;1.2750000e+02;1.7182457e-01;1.2750000e+02;2.0818162e-01;1.2750000e+02;2.0629871e-01;1.2750000e+02;1.9850585e-01;1.2750000e+02;2.3092492e-01;1.2750000e+02;1.9438589e-01;1.2750000e+02;1.3943650e-01;1.2750000e+02;8.8043019e-02;1.2750000e+02;3.6782164e-02;1.2750000e+02;-8.4682368e-03;1.2750000e+02;-5.3433195e-02;1.2750000e+02;-9.3612365e-02;1.2750000e+02;-1.3935663e-01;1.2750000e+02;-6.0639203e-02;1.2750000e+02;-5.3497389e-02;1.2750000e+02;-2.5220111e-02;1.2750000e+02;2.5768705e-02;1.2750000e+02;9.3097240e-02;1.2750000e+02;1.7182457e-01;1.2750000e+02;2.0818162e-01;1.2750000e+02;2.0629871e-01;1.2750000e+02;1.9850585e-01;1.2750000e+02;2.3092492e-01;1.2750000e+02;1.9438589e-01;1.2750000e+02;1.3943650e-01;1.2750000e+02;8.8043019e-02;1.2750000e+02;3.6782164e-02;1.2750000e+02;-8.4682368e-03;1.2750000e+02;-5.3433195e-02;1.2750000e+02;-9.3612365e-02;1.2750000e+02;-1.3935663e-01;1.2750000e+02;-6.0639203e-02;1.2750000e+02;-5.3497389e-02;1.2750000e+02;-2.5220111e-02;1.2750000e+02;2.5768705e-02;1.2750000e+02;9.3097240e-02;1.2750000e+02;1.7182457e-01;1.2750000e+02;2.0818162e-01;1.2750000e+02;2.0629871e-01;1.2750000e+02;1.9850585e-01;1.2750000e+02;2.3092492e-01;1.2750000e+02;1.9438589e-01;1.2750000e+02;1.3943650e-01;1.2750000e+02;8.8043019e-02;1.2750000e+02;3.6782164e-02;1.2750000e+02;-8.4682368e-03;1.2750000e+02;-5.3433195e-02;1.2750000e+02;-9.3612365e-02;1.2750000e+02;-1.3935663e-01;1.2750000e+02;-6.0639203e-02;1.2750000e+02;-5.3497389e-02;1.2750000e+02;-2.5220111e-02;1.2750000e+02;2.5768705e-02;1.2750000e+02;9.3097240e-02;1.2750000e+02;1.7182457e-01;1.2750000e+02;2.0818162e-01;1.2750000e+02;2.0629871e-01;1.2750000e+02;1.9850585e-01;1.2750000e+02;2.3092492e-01;1.2750000e+02;1.9438589e-01;1.2750000e+02;1.3943650e-01;1.2750000e+02;8.8043019e-02;1.2750000e+02;3.6782164e-02;1.2750000e+02;-8.4682368e-03;1.2750000e+02;-5.3433195e-02;1.2750000e+02;-9.3612365e-02;1.2750000e+02;-1.3935663e-01;1.2750000e+02;-6.0639203e-02;1.2750000e+02;-5.3497389e-02;1.2750000e+02;-2.5220111e-02;1.2750000e+02;2.5768705e-02;1.2750000e+02;9.3097240e-02;1.2750000e+02;1.7182457e-01;1.2750000e+02;2.0818162e-01;1.2750000e+02;2.0629871e-01;1.2750000e+02;1.9850585e-01;1.2750000e+02;2.3092492e-01;1.2750000e+02;1.9438589e-01;1.2750000e+02;1.3943650e-01;1.2750000e+02;8.8043019e-02;1.2750000e+02;3.6782164e-02;1.2750000e+02;-8.4682368e-03;1.2750000e+02;-5.3433195e-02;1.2750000e+02;-9.3612365e-02;1.2750000e+02;-1.3935663e-01;1.2750000e+02;-6.0639203e-02;1.2750000e+02;-5.3497389e-02;1.2750000e+02;-2.5220111e-02;1.2750000e+02;2.5768705e-02;1.2750000e+02;9.3097240e-02;1.2750000e+02;1.7182457e-01;1.2750000e+02;2.0818162e-01;1.2750000e+02;2.0629871e-01;1.2750000e+02;1.9850585e-01;1.2750000e+02;2.3092492e-01;1.2750000e+02;1.9438589e-01;1.2750000e+02;1.3943650e-01;1.2750000e+02;8.8043019e-02;1.2750000e+02;3.6782164e-02;1.2750000e+02;-8.4682368e-03;1.2750000e+02;-5.3433195e-02;1.2750000e+02;-9.3612365e-02;1.2750000e+02;-1.3935663e-01;1.2750000e+02;-6.0639203e-02;1.2750000e+02;-5.3497389e-02;1.2750000e+02;-2.5220111e-02;1.2750000e+02;2.5768705e-02;1.2750000e+02;9.3097240e-02;1.2750000e+02;1.7182457e-01;1.2750000e+02;2.0818162e-01;1.2750000e+02;2.0629871e-01;1.2750000e+02;1.9850585e-01;1.2750000e+02;2.3092492e-01;1.2750000e+02;1.9438589e-01;1.2750000e+02;1.3943650e-01;1.2750000e+02;8.8043019e-02;1.2750000e+02;3.6782164e-02;1.2750000e+02;-8.4682368e-03;1.2750000e+02;-5.3433195e-02;1.2750000e+02;-9.3612365e-02;1.2750000e+02;-1.3935663e-01;1.2750000e+02;-6.0639203e-02;1.2750000e+02;-5.3497389e-02;1.2750000e+02;-2.5220111e-02;1.2750000e+02;2.5768705e-02;1.2750000e+02;9.3097240e-02;1.2750000e+02;1.7182457e-01;1.2750000e+02;2.0818162e-01;1.2750000e+02;2.0629871e-01;1.2750000e+02;1.9850585e-01;1.2750000e+02;2.3092492e-01;1.2750000e+02;1.9438589e-01;1.2750000e+02;1.3943650e-01;1.2750000e+02;8.8043019e-02;1.2750000e+02;3.6782164e-02;1.2750000e+02;-8.4682368e-03;1.2750000e+02;-5.3433195e-02;1.2750000e+02;-9.3612365e-02;1.2750000e+02;-1.3935663e-01;1.2750000e+02;-6.0639203e-02;1.2750000e+02;-5.3497389e-02;1.2750000e+02;-2.5220111e-02;1.2750000e+02;2.5768705e-02;1.2750000e+02;9.3097240e-02;1.2750000e+02;1.7182457e-01;1.2750000e+02;2.0818162e-01;1.2750000e+02;2.0629871e-01;1.2750000e+02;1.9850585e-01;1.2750000e+02;2.3092492e-01;1.2750000e+02;1.9438589e-01;1.2750000e+02;1.3943650e-01;1.2750000e+02;8.8043019e-02;1.2750000e+02;3.6782164e-02;1.2750000e+02;-8.4682368e-03;1.2750000e+02;-5.3433195e-02;1.2750000e+02;-9.3612365e-02;1.2750000e+02;-1.3935663e-01;1.2750000e+02;-6.0639203e-02;1.2750000e+02;-5.3497389e-02;1.2750000e+02;-2.5220111e-02;1.2750000e+02;2.5768705e-02;1.2750000e+02;9.3097240e-02;1.2750000e+02;1.7182457e-01;1.2750000e+02;2.0818162e-01;1.2750000e+02;2.0629871e-01;1.2750000e+02;1.9850585e-01;1.2750000e+02;2.3092492e-01;1.2750000e+02;1.9438589e-01;1.2750000e+02;1.3943650e-01;1.2750000e+02;8.8043019e-02;1.2750000e+02;3.6782164e-02;1.2750000e+02;-8.4682368e-03;1.2750000e+02;-5.3433195e-02;1.2750000e+02;-9.3612365e-02;1.2750000e+02;-1.3935663e-01;1.2750000e+02;-6.0639203e-02;1.2750000e+02;-5.3497389e-02;1.2750000e+02;-2.5220111e-02;1.2750000e+02;2.5768705e-02;1.2750000e+02;9.3097240e-02;1.2750000e+02;1.7182457e-01;1.2750000e+02;2.0818162e-01;1.2750000e+02;2.0629871e-01;1.2750000e+02;1.9850585e-01;1.2750000e+02;2.3092492e-01;1.2750000e+02;1.9438589e-01;1.2750000e+02;1.3943650e-01;1.2750000e+02;8.8043019e-02;1.2750000e+02;3.6782164e-02;1.2750000e+02;-8.4682368e-03;1.2750000e+02;-5.3433195e-02;1.2750000e+02;-9.3612365e-02;1.2750000e+02;-1.3935663e-01;1.2750000e+02;-6.0639203e-02;1.2750000e+02;-5.3497389e-02;1.2750000e+02;-2.5220111e-02;1.2750000e+02;2.5768705e-02;1.2750000e+02;9.3097240e-02;1.2750000e+02;1.7182457e-01;1.2750000e+02;2.0818162e-01;1.2750000e+02;2.0629871e-01;1.2750000e+02;1.9850585e-01;1.2750000e+02;2.3092492e-01;1.2750000e+02;1.9438589e-01;1.2750000e+02;1.3943650e-01;1.2750000e+02;8.8043019e-02;1.2750000e+02;3.6782164e-02;1.2750000e+02;-8.4682368e-03;1.2750000e+02;-5.3433195e-02;1.2750000e+02;-9.3612365e-02;1.2750000e+02;-1.3935663e-01;1.2750000e+02;-6.0639203e-02;1.2750000e+02;-5.3497389e-02;1.2750000e+02;-2.5220111e-02;1.2750000e+02;2.5768705e-02;1.2750000e+02;9.3097240e-02;1.2750000e+02;1.7182457e-01;1.2750000e+02;2.0818162e-01;1.2750000e+02;2.0629871e-01;1.2750000e+02;1.9850585e-01;1.2750000e+02;2.3092492e-01;1.2750000e+02;1.9438589e-01;1.2750000e+02;1.3943650e-01;1.2750000e+02;8.8043019e-02;1.2750000e+02;3.6782164e-02;1.2750000e+02;-8.4682368e-03;1.2750000e+02;-5.3433195e-02;1.2750000e+02;-9.3612365e-02;1.2750000e+02;-1.3935663e-01;1.2750000e+02;-6.0639203e-02;1.2750000e+02;-5.3497389e-02;1.2750000e+02;-2.5220111e-02;1.2750000e+02;2.5768705e-02;1.2750000e+02;9.3097240e-02;1.2750000e+02;1.7182457e-01;1.2750000e+02;2.0818162e-01;1.2750000e+02;2.0629871e-01;1.2750000e+02;1.9850585e-01;1.2750000e+02;2.3092492e-01;1.2750000e+02;1.9438589e-01;1.2750000e+02;1.3943650e-01;1.2750000e+02;8.8043019e-02;1.2750000e+02;3.6782164e-02;1.2750000e+02;-8.4682368e-03;1.2750000e+02;-5.3433195e-02;1.2750000e+02;-9.3612365e-02;1.2750000e+02;-1.3935663e-01;1.2750000e+02;-6.0639203e-02;1.2750000e+02;-5.3497389e-02;1.2750000e+02;-2.5220111e-02;1.2750000e+02;2.5768705e-02;1.2750000e+02;9.3097240e-02;1.2750000e+02;1.7182457e-01;1.2750000e+02;2.0818162e-01;1.2750000e+02;2.0629871e-01;1.2750000e+02;1.9850585e-01;1.2750000e+02;2.3092492e-01;1.2750000e+02;1.9438589e-01;1.2750000e+02;1.3943650e-01;1.2750000e+02;8.8043019e-02;1.2750000e+02;3.6782164e-02;1.2750000e+02;-8.4682368e-03;1.2750000e+02;-5.3433195e-02;1.2750000e+02;-9.3612365e-02;1.2750000e+02;-1.3935663e-01;1.2750000e+02;-6.0639203e-02;1.2750000e+02;-5.3497389e-02;1.2750000e+02;-2.5220111e-02;1.2750000e+02;2.5768705e-02;1.2750000e+02;9.3097240e-02;1.2750000e+02;1.7182457e-01;1.2750000e+02;2.0818162e-01;1.2750000e+02;2.0629871e-01;1.2750000e+02;1.9850585e-01;1.2750000e+02;2.3092492e-01;1.2750000e+02;1.9438589e-01;1.2750000e+02;1.3943650e-01;1.2750000e+02;8.8043019e-02;1.2750000e+02;3.6782164e-02;1.2750000e+02;-8.4682368e-03;1.2750000e+02;-5.3433195e-02;1.2750000e+02;-9.3612365e-02;1.2750000e+02;-1.3935663e-01;1.2750000e+02;-6.0639203e-02;1.2750000e+02;-5.3497389e-02;1.2750000e+02;-2.5220111e-02;1.2750000e+02;2.5768705e-02;1.2750000e+02;9.3097240e-02;1.2750000e+02;1.7182457e-01;1.2750000e+02;2.0818162e-01;1.2750000e+02;2.0629871e-01;1.2750000e+02;1.9850585e-01;1.2750000e+02;2.3092492e-01;1.2750000e+02;1.9438589e-01;1.2750000e+02;1.3943650e-01;1.2750000e+02;8.8043019e-02;1.2750000e+02;3.6782164e-02;1.2750000e+02;-8.4682368e-03;1.2750000e+02;-5.3433195e-02;1.2750000e+02;-9.3612365e-02;1.2750000e+02;-1.3935663e-01;1.2750000e+02;-6.0639203e-02;1.2750000e+02;-5.3497389e-02;1.2750000e+02;-2.5220111e-02;1.2750000e+02;2.5768705e-02;1.2750000e+02;9.3097240e-02;1.2750000e+02;1.7182457e-01;1.2750000e+02;2.0818162e-01;1.2750000e+02;2.0629871e-01;1.2750000e+02;1.9850585e-01;1.2750000e+02;2.3092492e-01;1.2750000e+02;1.9438589e-01;1.2750000e+02;1.3943650e-01;1.2750000e+02;8.8043019e-02;1.2750000e+02;3.6782164e-02;1.2750000e+02;-8.4682368e-03;1.2750000e+02;-5.3433195e-02;1.2750000e+02;-9.3612365e-02;1.2750000e+02;-1.3935663e-01;1.2750000e+02;-6.0639203e-02;1.2750000e+02;-5.3497389e-02;1.2750000e+02;-2.5220111e-02;1.2750000e+02;2.5768705e-02;1.2750000e+02;9.3097240e-02;1.2750000e+02;1.7182457e-01;1.2750000e+02;2.0818162e-01;1.2750000e+02;2.0629871e-01;1.2750000e+02;1.9850585e-01;1.2750000e+02;2.3092492e-01;1.2750000e+02;1.9438589e-01;1.2750000e+02;1.3943650e-01;1.2750000e+02;8.8043019e-02;1.2750000e+02;3.6782164e-02;1.2750000e+02;-8.4682368e-03;1.2750000e+02;-5.3433195e-02;1.2750000e+02;-9.3612365e-02;1.2750000e+02;-1.3935663e-01;1.2750000e+02;-6.0639203e-02;1.2750000e+02;-5.3497389e-02;1.2750000e+02;-2.5220111e-02;1.2750000e+02;2.5768705e-02;1.2750000e+02;9.3097240e-02;1.2750000e+02;1.7182457e-01;1.2750000e+02;2.0818162e-01;1.2750000e+02;2.0629871e-01;1.2750000e+02;1.9850585e-01;1.2750000e+02;2.3092492e-01;1.2750000e+02;1.9438589e-01;1.2750000e+02;1.3943650e-01;1.2750000e+02;8.8043019e-02;1.2750000e+02;3.6782164e-02;1.2750000e+02;-8.4682368e-03;1.2750000e+02;-5.3433195e-02;1.2750000e+02;-9.3612365e-02;1.2750000e+02;-1.3935663e-01;1.2750000e+02;-6.0639203e-02;1.2750000e+02;-5.3497389e-02;1.2750000e+02;-2.5220111e-02;1.2750000e+02;2.5768705e-02;1.2750000e+02;9.3097240e-02;1.2750000e+02;1.7182457e-01;1.2750000e+02;2.0818162e-01;1.2750000e+02;2.0629871e-01;1.2750000e+02;1.9850585e-01;1.2750000e+02;2.3092492e-01;1.2750000e+02;1.9438589e-01;1.2750000e+02;1.3943650e-01;1.2750000e+02;8.8043019e-02;1.2750000e+02;3.6782164e-02;1.2750000e+02;-8.4682368e-03;1.2750000e+02;-5.3433195e-02;1.2750000e+02;-9.3612365e-02;1.2750000e+02;-1.3935663e-01;1.2750000e+02;-6.0639203e-02;1.2750000e+02;-5.3497389e-02;1.2750000e+02;-2.5220111e-02;1.2750000e+02;2.5768705e-02;1.2750000e+02;9.3097240e-02;1.2750000e+02;1.7182457e-01;1.2750000e+02;2.0818162e-01;1.2750000e+02;2.0629871e-01;1.2750000e+02;1.9850585e-01;1.2750000e+02;2.3092492e-01;1.2750000e+02;1.9438589e-01;1.2750000e+02;1.3943650e-01;1.2750000e+02;8.8043019e-02;1.2750000e+02;3.6782164e-02;1.2750000e+02;-8.4682368e-03;1.2750000e+02;-5.3433195e-02;1.2750000e+02;-9.3612365e-02;1.2750000e+02;-1.3935663e-01;1.2750000e+02;-6.0639203e-02;1.2750000e+02;-5.3497389e-02;1.2750000e+02;-2.5220111e-02;1.2750000e+02;2.5768705e-02;1.2750000e+02;9.3097240e-02;1.2750000e+02;1.7182457e-01;1.2750000e+02;2.0818162e-01;1.2750000e+02;2.0629871e-01;1.2750000e+02;1.9850585e-01;1.2750000e+02;2.3092492e-01;1.2750000e+02;1.9438589e-01;1.2750000e+02;1.3943650e-01;1.2750000e+02;8.8043019e-02;1.2750000e+02;3.6782164e-02;1.2750000e+02;-8.4682368e-03;1.2750000e+02;-5.3433195e-02;1.2750000e+02;-9.3612365e-02;1.2750000e+02;-1.3935663e-01;1.2750000e+02;-6.0639203e-02;1.2750000e+02;-5.3497389e-02;1.2750000e+02;-2.5220111e-02;1.2750000e+02;2.5768705e-02;1.2750000e+02;9.3097240e-02;1.2750000e+02;1.7182457e-01;1.2750000e+02;2.0818162e-01;1.2750000e+02;2.0629871e-01;1.2750000e+02;1.9850585e-01;1.2750000e+02;2.3092492e-01;1.2750000e+02;1.9438589e-01;1.2750000e+02;1.3943650e-01;1.2750000e+02;8.8043019e-02;1.2750000e+02;3.6782164e-02;1.2750000e+02;-8.4682368e-03;1.2750000e+02;-5.3433195e-02;1.2750000e+02;-9.3612365e-02;1.2750000e+02;-1.3935663e-01;1.2750000e+02;-6.0639203e-02;1.2750000e+02;-5.3497389e-02;1.2750000e+02;-2.5220111e-02;1.2750000e+02;2.5768705e-02;1.2750000e+02;9.3097240e-02;1.2750000e+02;1.7182457e-01;1.2750000e+02;2.0818162e-01;1.2750000e+02;2.0629871e-01;1.2750000e+02;1.9850585e-01;1.2750000e+02;2.3092492e-01;1.2750000e+02;1.9438589e-01;1.2750000e+02;1.3943650e-01;1.2750000e+02;8.8043019e-02;1.2750000e+02;3.6782164e-02;1.2750000e+02;-8.4682368e-03;1.2750000e+02;-5.3433195e-02;1.2750000e+02;-9.3612365e-02;1.2750000e+02;-1.3935663e-01;1.2750000e+02;-6.0639203e-02;1.2750000e+02;-5.3497389e-02;1.2750000e+02;-2.5220111e-02;1.2750000e+02;2.5768705e-02;1.2750000e+02;9.3097240e-02;1.2750000e+02;1.7182457e-01;1.2750000e+02;2.0818162e-01;1.2750000e+02;2.0629871e-01;1.2750000e+02;1.9850585e-01;1.2750000e+02;2.3092492e-01;1.2750000e+02;1.9438589e-01;1.2750000e+02;1.3943650e-01;1.2750000e+02;8.8043019e-02;1.2750000e+02;3.6782164e-02;1.2750000e+02;-8.4682368e-03;1.2750000e+02;-5.3433195e-02;1.2750000e+02;-9.3612365e-02;1.2750000e+02;-1.3935663e-01;1.2750000e+02;-6.0639203e-02;1.2750000e+02;-5.3497389e-02;1.2750000e+02;-2.5220111e-02;1.2750000e+02;2.5768705e-02;1.2750000e+02;9.3097240e-02;1.2750000e+02;1.7182457e-01;1.2750000e+02;2.0818162e-01;1.2750000e+02;2.0629871e-01;1.2750000e+02;1.9850585e-01;1.2750000e+02;2.3092492e-01;1.2750000e+02;1.9438589e-01;1.2750000e+02;1.3943650e-01;1.2750000e+02;8.8043019e-02;1.2750000e+02;3.6782164e-02;1.2750000e+02;-8.4682368e-03;1.2750000e+02;-5.3433195e-02;1.2750000e+02;-9.3612365e-02;1.2750000e+02;-1.3935663e-01;1.2750000e+02;-6.0639203e-02;1.2750000e+02;-5.3497389e-02;1.2750000e+02;-2.5220111e-02;1.2750000e+02;2.5768705e-02;1.2750000e+02;9.3097240e-02;1.2750000e+02;1.7182457e-01;1.2750000e+02;2.0818162e-01;1.2750000e+02;2.0629871e-01;1.2750000e+02;1.9850585e-01;1.2750000e+02;2.3092492e-01;1.2750000e+02;1.9438589e-01;1.2750000e+02;1.3943650e-01;1.2750000e+02;8.8043019e-02;1.2750000e+02;3.6782164e-02;1.2750000e+02;-8.4682368e-03;1.2750000e+02;-5.3433195e-02;1.2750000e+02;-9.3612365e-02;1.2750000e+02;-1.3935663e-01;1.2750000e+02;-6.0639203e-02;1.2750000e+02;-5.3497389e-02;1.2750000e+02;-2.5220111e-02;1.2750000e+02;2.5768705e-02;1.2750000e+02;9.3097240e-02;1.2750000e+02;1.7182457e-01;1.2750000e+02;2.0818162e-01;1.2750000e+02;2.0629871e-01;1.2750000e+02;1.9850585e-01;1.2750000e+02;2.3092492e-01;1.2750000e+02;1.9438589e-01;1.2750000e+02;1.3943650e-01;1.2750000e+02;8.8043019e-02;1.2750000e+02;3.6782164e-02;1.2750000e+02;-8.4682368e-03;1.2750000e+02;-5.3433195e-02;1.2750000e+02;-9.3612365e-02;1.2750000e+02;-1.3935663e-01;1.2750000e+02;-6.0639203e-02;1.2750000e+02;-5.3497389e-02;1.2750000e+02;-2.5220111e-02;1.2750000e+02;2.5768705e-02;1.2750000e+02;9.3097240e-02;1.2750000e+02;1.7182457e-01;1.2750000e+02;2.0818162e-01;1.2750000e+02;2.0629871e-01;1.2750000e+02;1.9850585e-01;1.2750000e+02;2.3092492e-01;1.2750000e+02;1.9438589e-01;1.2750000e+02;1.3943650e-01;1.2750000e+02;8.8043019e-02;1.2750000e+02;3.6782164e-02;1.2750000e+02;-8.4682368e-03;1.2750000e+02;-5.3433195e-02;1.2750000e+02;-9.3612365e-02;1.2750000e+02;-1.3935663e-01;1.2750000e+02;-6.0639203e-02;1.2750000e+02;-5.3497389e-02;1.2750000e+02;-2.5220111e-02;1.2750000e+02;2.5768705e-02;1.2750000e+02;9.3097240e-02;1.2750000e+02;1.7182457e-01;1.2750000e+02;2.0818162e-01;1.2750000e+02;2.0629871e-01;1.2750000e+02;1.9850585e-01;1.2750000e+02;2.3092492e-01;1.2750000e+02;1.9438589e-01;1.2750000e+02;1.3943650e-01;1.2750000e+02;8.8043019e-02;1.2750000e+02;3.6782164e-02;1.2750000e+02;-8.4682368e-03;1.2750000e+02;-5.3433195e-02;1.2750000e+02;-9.3612365e-02;1.2750000e+02;-1.3935663e-01;1.2750000e+02;-6.0639203e-02;1.2750000e+02;-5.3497389e-02;1.2750000e+02;-2.5220111e-02;1.2750000e+02;2.5768705e-02;1.2750000e+02;9.3097240e-02;1.2750000e+02;1.7182457e-01;1.2750000e+02;2.0818162e-01;1.2750000e+02;2.0629871e-01;1.2750000e+02;1.9850585e-01;1.2750000e+02;2.3092492e-01;1.2750000e+02;1.9438589e-01;1.2750000e+02;1.3943650e-01;1.2750000e+02;8.8043019e-02;1.2750000e+02;3.6782164e-02;1.2750000e+02;-8.4682368e-03;1.2750000e+02;-5.3433195e-02;1.2750000e+02;-9.3612365e-02;1.2750000e+02;-1.3935663e-01;1.2750000e+02;-6.0639203e-02;1.2750000e+02;-5.3497389e-02;1.2750000e+02;-2.5220111e-02;1.2750000e+02;2.5768705e-02;1.2750000e+02;9.3097240e-02;1.2750000e+02;1.7182457e-01;1.2750000e+02;2.0818162e-01;1.2750000e+02;2.0629871e-01;1.2750000e+02;1.9850585e-01;1.2750000e+02;2.3092492e-01;1.2750000e+02;1.9438589e-01;1.2750000e+02;1.3943650e-01;1.2750000e+02;8.8043019e-02;1.2750000e+02;3.6782164e-02;1.2750000e+02;-8.4682368e-03;1.2750000e+02;-5.3433195e-02;1.2750000e+02;-9.3612365e-02;1.2750000e+02;-1.3935663e-01;1.2750000e+02;-6.0639203e-02;1.2750000e+02;-5.3497389e-02;1.2750000e+02;-2.5220111e-02;1.2750000e+02;2.5768705e-02;1.2750000e+02;9.3097240e-02;1.2750000e+02;1.7182457e-01;1.2750000e+02;2.0818162e-01;1.2750000e+02;2.0629871e-01;1.2750000e+02;1.9850585e-01;1.2750000e+02;2.3092492e-01;1.2750000e+02;1.9438589e-01;1.2750000e+02;1.3943650e-01;1.2750000e+02;8.8043019e-02;1.2750000e+02;3.6782164e-02;1.2750000e+02;-8.4682368e-03;1.2750000e+02;-5.3433195e-02;1.2750000e+02;-9.3612365e-02;1.2750000e+02;-1.3935663e-01;1.2750000e+02;-6.0639203e-02;1.2750000e+02;-5.3497389e-02;1.2750000e+02;-2.5220111e-02;1.2750000e+02;2.5768705e-02;1.2750000e+02;9.3097240e-02;1.2750000e+02;1.7182457e-01;1.2750000e+02;2.0818162e-01;1.2750000e+02;2.0629871e-01;1.2750000e+02;1.9850585e-01;1.2750000e+02;2.3092492e-01;1.2750000e+02;1.9438589e-01;1.2750000e+02;1.3943650e-01;1.2750000e+02;8.8043019e-02;1.2750000e+02;3.6782164e-02;1.2750000e+02;-8.4682368e-03;1.2750000e+02;-5.3433195e-02;1.2750000e+02;-9.3612365e-02;1.2750000e+02;-1.3935663e-01;1.2750000e+02;-6.0639203e-02;1.2750000e+02;-5.3497389e-02;1.2750000e+02;-2.5220111e-02;1.2750000e+02;2.5768705e-02;1.2750000e+02;9.3097240e-02;1.2750000e+02;1.7182457e-01;1.2750000e+02;2.0818162e-01;1.2750000e+02;2.0629871e-01;1.2750000e+02;1.9850585e-01;1.2750000e+02;2.3092492e-01;1.2750000e+02;1.9438589e-01;1.2750000e+02;1.3943650e-01;1.2750000e+02;8.8043019e-02;1.2750000e+02;3.6782164e-02;1.2750000e+02;-8.4682368e-03;1.2750000e+02;-5.3433195e-02;1.2750000e+02;-9.3612365e-02;1.2750000e+02;-1.3935663e-01;1.2750000e+02;-6.0639203e-02;1.2750000e+02;-5.3497389e-02;1.2750000e+02;-2.5220111e-02;1.2750000e+02;2.5768705e-02;1.2750000e+02;9.3097240e-02;1.2750000e+02;1.7182457e-01;1.2750000e+02;2.0818162e-01;1.2750000e+02;2.0629871e-01;1.2750000e+02;1.9850585e-01;1.2750000e+02;2.3092492e-01;1.2750000e+02;1.9438589e-01;1.2750000e+02;1.3943650e-01;1.2750000e+02;8.8043019e-02;1.2750000e+02;3.6782164e-02;1.2750000e+02;-8.4682368e-03;1.2750000e+02;-5.3433195e-02;1.2750000e+02;-9.3612365e-02;1.2750000e+02;-1.3935663e-01;1.2750000e+02;-6.0639203e-02;1.2750000e+02;-5.3497389e-02;1.2750000e+02;-2.5220111e-02;1.2750000e+02;2.5768705e-02;1.2750000e+02;9.3097240e-02;1.2750000e+02;1.7182457e-01;1.2750000e+02;2.0818162e-01;1.2750000e+02;2.0629871e-01;1.2750000e+02;1.9850585e-01;1.2750000e+02;2.3092492e-01;1.2750000e+02;1.9438589e-01;1.2750000e+02;1.3943650e-01;1.2750000e+02;8.8043019e-02;1.2750000e+02;3.6782164e-02;1.2750000e+02;-8.4682368e-03;1.2750000e+02;-5.3433195e-02;1.2750000e+02;-9.3612365e-02;1.2750000e+02;-1.3935663e-01;1.2750000e+02;-6.0639203e-02;1.2750000e+02;-5.3497389e-02;1.2750000e+02;-2.5220111e-02;1.2750000e+02;2.5768705e-02;1.2750000e+02;9.3097240e-02;1.2750000e+02;1.7182457e-01;1.2750000e+02;2.0818162e-01;1.2750000e+02;2.0629871e-01;1.2750000e+02;1.9850585e-01;1.2750000e+02;2.3092492e-01;1.2750000e+02;1.9438589e-01;1.2750000e+02;1.3943650e-01;1.2750000e+02;8.8043019e-02;1.2750000e+02;3.6782164e-02;1.2750000e+02;-8.4682368e-03;1.2750000e+02;-5.3433195e-02;1.2750000e+02;-9.3612365e-02;1.2750000e+02;-1.3935663e-01;1.2750000e+02;-6.0639203e-02;1.2750000e+02;-5.3497389e-02;1.2750000e+02;-2.5220111e-02;1.2750000e+02;2.5768705e-02;1.2750000e+02;9.3097240e-02;1.2750000e+02;1.7182457e-01;1.2750000e+02;2.0818162e-01;1.2750000e+02;2.0629871e-01;1.2750000e+02;1.9850585e-01;1.2750000e+02;2.3092492e-01;1.2750000e+02;1.9438589e-01;1.2750000e+02;1.3943650e-01;1.2750000e+02;8.8043019e-02;1.2750000e+02;3.6782164e-02;1.2750000e+02;-8.4682368e-03;1.2750000e+02;-5.3433195e-02;1.2750000e+02;-9.3612365e-02;1.2750000e+02;-1.3935663e-01;1.2750000e+02;-6.0639203e-02;1.2750000e+02;-5.3497389e-02;1.2750000e+02;-2.5220111e-02;1.2750000e+02;2.5768705e-02;1.2750000e+02;9.3097240e-02;1.2750000e+02;1.7182457e-01;1.2750000e+02;2.0818162e-01;1.2750000e+02;2.0629871e-01;1.2750000e+02;1.9850585e-01;1.2750000e+02;2.3092492e-01;1.2750000e+02;1.9438589e-01;1.2750000e+02;1.3943650e-01;1.2750000e+02;8.8043019e-02;1.2750000e+02;3.6782164e-02;1.2750000e+02;-8.4682368e-03;1.2750000e+02;-5.3433195e-02;1.2750000e+02;-9.3612365e-02;1.2750000e+02;-1.3935663e-01;1.2750000e+02;-6.0639203e-02;1.2750000e+02;-5.3497389e-02;1.2750000e+02;-2.5220111e-02;1.2750000e+02;2.5768705e-02;1.2750000e+02;9.3097240e-02;1.2750000e+02;1.7182457e-01;1.2750000e+02;2.0818162e-01;1.2750000e+02;2.0629871e-01;1.2750000e+02;1.9850585e-01;1.2750000e+02;2.3092492e-01;1.2750000e+02;1.9438589e-01;1.2750000e+02;1.3943650e-01;1.2750000e+02;8.8043019e-02;1.2750000e+02;3.6782164e-02;1.2750000e+02;-8.4682368e-03;1.2750000e+02;-5.3433195e-02;1.2750000e+02;-9.3612365e-02;1.2750000e+02;-1.3935663e-01;1.2750000e+02;-6.0639203e-02;1.2750000e+02;-5.3497389e-02;1.2750000e+02;-2.5220111e-02;1.2750000e+02;2.5768705e-02;1.2750000e+02;9.3097240e-02;1.2750000e+02;1.7182457e-01;1.2750000e+02;2.0818162e-01;1.2750000e+02;2.0629871e-01;1.2750000e+02;1.9850585e-01;1.2750000e+02;2.3092492e-01;1.2750000e+02;1.9438589e-01;1.2750000e+02;1.3943650e-01;1.2750000e+02;8.8043019e-02;1.2750000e+02;3.6782164e-02;1.2750000e+02;-8.4682368e-03;1.2750000e+02;-5.3433195e-02;1.2750000e+02;-9.3612365e-02;1.2750000e+02;-1.3935663e-01;1.2750000e+02;-6.0639203e-02;1.2750000e+02;-5.3497389e-02;1.2750000e+02;-2.5220111e-02;1.2750000e+02;2.5768705e-02;1.2750000e+02;9.3097240e-02;1.2750000e+02;1.7182457e-01;1.2750000e+02;2.0818162e-01;1.2750000e+02;2.0629871e-01;1.2750000e+02;1.9850585e-01;1.2750000e+02;2.3092492e-01;1.2750000e+02;1.9438589e-01;1.2750000e+02;1.3943650e-01;1.2750000e+02;8.8043019e-02;1.2750000e+02;3.6782164e-02;1.2750000e+02;-8.4682368e-03;1.2750000e+02;-5.3433195e-02;1.2750000e+02;-9.3612365e-02;1.2750000e+02;-1.3935663e-01;1.2750000e+02;-6.0639203e-02;1.2750000e+02;-5.3497389e-02;1.2750000e+02;-2.5220111e-02;1.2750000e+02;2.5768705e-02;1.2750000e+02;9.3097240e-02;1.2750000e+02;1.7182457e-01;1.2750000e+02;2.0818162e-01;1.2750000e+02;2.0629871e-01;1.2750000e+02;1.9850585e-01;1.2750000e+02;2.3092492e-01;1.2750000e+02;1.9438589e-01;1.2750000e+02;1.3943650e-01;1.2750000e+02;8.8043019e-02;1.2750000e+02;3.6782164e-02;1.2750000e+02;-8.4682368e-03;1.2750000e+02;-5.3433195e-02;1.2750000e+02;-9.3612365e-02;1.2750000e+02;-1.3935663e-01;1.2750000e+02;-6.0639203e-02;1.2750000e+02;-5.3497389e-02;1.2750000e+02;-2.5220111e-02;1.2750000e+02;2.5768705e-02;1.2750000e+02;9.3097240e-02;1.2750000e+02;1.7182457e-01;1.2750000e+02;2.0818162e-01;1.2750000e+02;2.0629871e-01;1.2750000e+02;1.9850585e-01;1.2750000e+02;2.3092492e-01;1.2750000e+02;1.9438589e-01;1.2750000e+02;1.3943650e-01;1.2750000e+02;8.8043019e-02;1.2750000e+02;3.6782164e-02;1.2750000e+02;-8.4682368e-03;1.2750000e+02;-5.3433195e-02;1.2750000e+02;-9.3612365e-02;1.2750000e+02;-1.3935663e-01;1.2750000e+02;-6.0639203e-02;1.2750000e+02;-5.3497389e-02;1.2750000e+02;-2.5220111e-02;1.2750000e+02;2.5768705e-02;1.2750000e+02;9.3097240e-02;1.2750000e+02;1.7182457e-01;1.2750000e+02;2.0818162e-01;1.2750000e+02;2.0629871e-01;1.2750000e+02;1.9850585e-01;1.2750000e+02;2.3092492e-01;1.2750000e+02;1.9438589e-01;1.2750000e+02;1.3943650e-01;1.2750000e+02;8.8043019e-02;1.2750000e+02;3.6782164e-02;1.2750000e+02;-8.4682368e-03;1.2750000e+02;-5.3433195e-02;1.2750000e+02;-9.3612365e-02;1.2750000e+02;-1.3935663e-01;1.2750000e+02;-6.0639203e-02;1.2750000e+02;-5.3497389e-02;1.2750000e+02;-2.5220111e-02;1.2750000e+02;2.5768705e-02;1.2750000e+02;9.3097240e-02;1.2750000e+02;1.7182457e-01;1.2750000e+02;2.0818162e-01;1.2750000e+02;2.0629871e-01;1.2750000e+02;1.9850585e-01;1.2750000e+02;2.3092492e-01;1.2750000e+02;1.9438589e-01;1.2750000e+02;1.3943650e-01;1.2750000e+02;8.8043019e-02;1.2750000e+02;3.6782164e-02;1.2750000e+02;-8.4682368e-03;1.2750000e+02;-5.3433195e-02;1.2750000e+02;-9.3612365e-02;1.2750000e+02;-1.3935663e-01;1.2750000e+02;-6.0639203e-02;1.2750000e+02;-5.3497389e-02;1.2750000e+02;-2.5220111e-02;1.2750000e+02;2.5768705e-02;1.2750000e+02;9.3097240e-02;1.2750000e+02;1.7182457e-01;1.2750000e+02;2.0818162e-01;1.2750000e+02;2.0629871e-01;1.2750000e+02;1.9850585e-01;1.2750000e+02;2.3092492e-01;1.2750000e+02;1.9438589e-01;1.2750000e+02;1.3943650e-01;1.2750000e+02;8.8043019e-02;1.2750000e+02;3.6782164e-02;1.2750000e+02;-8.4682368e-03;1.2750000e+02;-5.3433195e-02;1.2750000e+02;-9.3612365e-02;1.2750000e+02;-1.3935663e-01;1.2750000e+02;-6.0639203e-02;1.2750000e+02;-5.3497389e-02;1.2750000e+02;-2.5220111e-02;1.2750000e+02;2.5768705e-02;1.2750000e+02;9.3097240e-02;1.2750000e+02;1.7182457e-01;1.2750000e+02;2.0818162e-01;1.2750000e+02;2.0629871e-01;1.2750000e+02;1.9850585e-01;1.2750000e+02;2.3092492e-01;1.2750000e+02;1.9438589e-01;1.2750000e+02;1.3943650e-01;1.2750000e+02;8.8043019e-02;1.2750000e+02;3.6782164e-02;1.2750000e+02;-8.4682368e-03;1.2750000e+02;-5.3433195e-02;1.2750000e+02;-9.3612365e-02;1.2750000e+02;-1.3935663e-01;1.2750000e+02;-6.0639203e-02;1.2750000e+02;-5.3497389e-02;1.2750000e+02;-2.5220111e-02;1.2750000e+02;2.5768705e-02;1.2750000e+02;9.3097240e-02;1.2750000e+02;1.7182457e-01;1.2750000e+02;2.0818162e-01;1.2750000e+02;2.0629871e-01;1.2750000e+02;1.9850585e-01;1.2750000e+02;2.3092492e-01;1.2750000e+02;1.9438589e-01;1.2750000e+02;1.3943650e-01;1.2750000e+02;8.8043019e-02;1.2750000e+02;3.6782164e-02;1.2750000e+02;-8.4682368e-03;1.2750000e+02;-5.3433195e-02;1.2750000e+02;-9.3612365e-02;1.2750000e+02;-1.3935663e-01;1.2750000e+02;-6.0639203e-02;1.2750000e+02;-5.3497389e-02;1.2750000e+02;-2.5220111e-02;1.2750000e+02;2.5768705e-02;1.2750000e+02;9.3097240e-02;1.2750000e+02;1.7182457e-01;1.2750000e+02;2.0818162e-01;1.2750000e+02;2.0629871e-01;1.2750000e+02;1.9850585e-01;1.2750000e+02;2.3092492e-01;1.2750000e+02;1.9438589e-01;1.2750000e+02;1.3943650e-01;1.2750000e+02;8.8043019e-02;1.2750000e+02;3.6782164e-02;1.2750000e+02;-8.4682368e-03;1.2750000e+02;-5.3433195e-02;1.2750000e+02;-9.3612365e-02;1.2750000e+02;-1.3935663e-01;1.2750000e+02;-6.0639203e-02;1.2750000e+02;-5.3497389e-02;1.2750000e+02;-2.5220111e-02;1.2750000e+02;2.5768705e-02;1.2750000e+02;9.3097240e-02;1.2750000e+02;1.7182457e-01;1.2750000e+02;2.0818162e-01;1.2750000e+02;2.0629871e-01;1.2750000e+02;1.9850585e-01;1.2750000e+02;2.3092492e-01;1.2750000e+02;1.9438589e-01;1.2750000e+02;1.3943650e-01;1.2750000e+02;8.8043019e-02;1.2750000e+02;3.6782164e-02;1.2750000e+02;-8.4682368e-03;1.2750000e+02;-5.3433195e-02;1.2750000e+02;-9.3612365e-02;1.2750000e+02;-1.3935663e-01;1.2750000e+02;-6.0639203e-02;1.2750000e+02;-5.3497389e-02;1.2750000e+02;-2.5220111e-02;1.2750000e+02;2.5768705e-02;1.2750000e+02;9.3097240e-02;1.2750000e+02;1.7182457e-01;1.2750000e+02;2.0818162e-01;1.2750000e+02;2.0629871e-01;1.2750000e+02;1.9850585e-01;1.2750000e+02;2.3092492e-01;1.2750000e+02;1.9438589e-01;1.2750000e+02;1.3943650e-01;1.2750000e+02;8.8043019e-02;1.2750000e+02;3.6782164e-02;1.2750000e+02;-8.4682368e-03;1.2750000e+02;-5.3433195e-02;1.2750000e+02;-9.3612365e-02;1.2750000e+02;-1.3935663e-01;1.2750000e+02;-6.0639203e-02;1.2750000e+02;-5.3497389e-02;1.2750000e+02;-2.5220111e-02;1.2750000e+02;2.5768705e-02;1.2750000e+02;9.3097240e-02;1.2750000e+02;1.7182457e-01;1.2750000e+02;2.0818162e-01;1.2750000e+02;2.0629871e-01;1.2750000e+02;1.9850585e-01;1.2750000e+02;2.3092492e-01;1.2750000e+02;1.9438589e-01;1.2750000e+02;1.3943650e-01;1.2750000e+02;8.8043019e-02;1.2750000e+02;3.6782164e-02;1.2750000e+02;-8.4682368e-03;1.2750000e+02;-5.3433195e-02;1.2750000e+02;-9.3612365e-02;1.2750000e+02;-1.3935663e-01;1.2750000e+02;-6.0639203e-02;1.2750000e+02;-5.3497389e-02;1.2750000e+02;-2.5220111e-02;1.2750000e+02;2.5768705e-02;1.2750000e+02;9.3097240e-02;1.2750000e+02;1.7182457e-01;1.2750000e+02;2.0818162e-01;1.2750000e+02;2.0629871e-01;1.2750000e+02;1.9850585e-01;1.2750000e+02;2.3092492e-01;1.2750000e+02;1.9438589e-01;1.2750000e+02;1.3943650e-01;1.2750000e+02;8.8043019e-02;1.2750000e+02;3.6782164e-02;1.2750000e+02;-8.4682368e-03;1.2750000e+02;-5.3433195e-02;1.2750000e+02;-9.3612365e-02;1.2750000e+02;-1.3935663e-01;1.2750000e+02;-6.0639203e-02;1.2750000e+02;-5.3497389e-02;1.2750000e+02;-2.5220111e-02;1.2750000e+02;2.5768705e-02;1.2750000e+02;9.3097240e-02;1.2750000e+02;1.7182457e-01;1.2750000e+02;2.0818162e-01;1.2750000e+02;2.0629871e-01;1.2750000e+02;1.9850585e-01;1.2750000e+02;2.3092492e-01;1.2750000e+02;1.9438589e-01;1.2750000e+02;1.3943650e-01;1.2750000e+02;8.8043019e-02;1.2750000e+02;3.6782164e-02;1.2750000e+02;-8.4682368e-03;1.2750000e+02;-5.3433195e-02;1.2750000e+02;-9.3612365e-02;1.2750000e+02;-1.3935663e-01;1.2750000e+02;-6.0639203e-02;1.2750000e+02;-5.3497389e-02;1.2750000e+02;-2.5220111e-02;1.2750000e+02;2.5768705e-02;1.2750000e+02;9.3097240e-02;1.2750000e+02;1.7182457e-01;1.2750000e+02;2.0818162e-01;1.2750000e+02;2.0629871e-01;1.2750000e+02;1.9850585e-01;1.2750000e+02;2.3092492e-01;1.2750000e+02;1.9438589e-01;1.2750000e+02;1.3943650e-01;1.2750000e+02;8.8043019e-02;1.2750000e+02;3.6782164e-02;1.2750000e+02;-8.4682368e-03;1.2750000e+02;-5.3433195e-02;1.2750000e+02;-9.3612365e-02;1.2750000e+02;-1.3935663e-01;1.2750000e+02;-6.0639203e-02;1.2750000e+02;-5.3497389e-02;1.2750000e+02;-2.5220111e-02;1.2750000e+02;2.5768705e-02;1.2750000e+02;9.3097240e-02;1.2750000e+02;1.7182457e-01;1.2750000e+02;2.0818162e-01;1.2750000e+02;2.0629871e-01;1.2750000e+02;1.9850585e-01;1.2750000e+02;2.3092492e-01;1.2750000e+02;1.9438589e-01;1.2750000e+02;1.3943650e-01;1.2750000e+02;8.8043019e-02;1.2750000e+02;3.6782164e-02;1.2750000e+02;-8.4682368e-03;1.2750000e+02;-5.3433195e-02;1.2750000e+02;-9.3612365e-02;1.2750000e+02;-1.3935663e-01;1.2750000e+02;-6.0639203e-02;1.2750000e+02;-5.3497389e-02;1.2750000e+02;-2.5220111e-02;1.2750000e+02;2.5768705e-02;1.2750000e+02;9.3097240e-02;1.2750000e+02;1.7182457e-01;1.2750000e+02;2.0818162e-01;1.2750000e+02;2.0629871e-01;1.2750000e+02;1.9850585e-01;1.2750000e+02;2.3092492e-01;1.2750000e+02;1.9438589e-01;1.2750000e+02;1.3943650e-01;1.2750000e+02;8.8043019e-02;1.2750000e+02;3.6782164e-02;1.2750000e+02;-8.4682368e-03;1.2750000e+02;-5.3433195e-02;1.2750000e+02;-9.3612365e-02;1.2750000e+02;-1.3935663e-01;1.2750000e+02;-6.0639203e-02;1.2750000e+02;-5.3497389e-02;1.2750000e+02;-2.5220111e-02;1.2750000e+02;2.5768705e-02;1.2750000e+02;9.3097240e-02;1.2750000e+02;1.7182457e-01;1.2750000e+02;2.0818162e-01;1.2750000e+02;2.0629871e-01;1.2750000e+02;1.9850585e-01;1.2750000e+02;2.3092492e-01;1.2750000e+02;1.9438589e-01;1.2750000e+02;1.3943650e-01;1.2750000e+02;8.8043019e-02;1.2750000e+02;3.6782164e-02;1.2750000e+02;-8.4682368e-03;1.2750000e+02;-5.3433195e-02;1.2750000e+02;-9.3612365e-02;1.2750000e+02;-1.3935663e-01;1.2750000e+02;-6.0639203e-02;1.2750000e+02;-5.3497389e-02;1.2750000e+02;-2.5220111e-02;1.2750000e+02;2.5768705e-02;1.2750000e+02;9.3097240e-02;1.2750000e+02;1.7182457e-01;1.2750000e+02;2.0818162e-01;1.2750000e+02;2.0629871e-01;1.2750000e+02;1.9850585e-01;1.2750000e+02;2.3092492e-01;1.2750000e+02;1.9438589e-01;1.2750000e+02;1.3943650e-01;1.2750000e+02;8.8043019e-02;1.2750000e+02;3.6782164e-02;1.2750000e+02;-8.4682368e-03;1.2750000e+02;-5.3433195e-02;1.2750000e+02;-9.3612365e-02;1.2750000e+02;-1.3935663e-01;1.2750000e+02;-6.0639203e-02;1.2750000e+02;-5.3497389e-02;1.2750000e+02;-2.5220111e-02;1.2750000e+02;2.5768705e-02;1.2750000e+02;9.3097240e-02;1.2750000e+02;1.7182457e-01;1.2750000e+02;2.0818162e-01;1.2750000e+02;2.0629871e-01;1.2750000e+02;1.9850585e-01;1.2750000e+02;2.3092492e-01;1.2750000e+02;1.9438589e-01;1.2750000e+02;1.3943650e-01;1.2750000e+02;8.8043019e-02;1.2750000e+02;3.6782164e-02;1.2750000e+02;-8.4682368e-03;1.2750000e+02;-5.3433195e-02;1.2750000e+02;-9.3612365e-02;1.2750000e+02;-1.3935663e-01;1.2750000e+02;-6.0639203e-02;1.2750000e+02;-5.3497389e-02;1.2750000e+02;-2.5220111e-02;1.2750000e+02;2.5768705e-02;1.2750000e+02;9.3097240e-02;1.2750000e+02;1.7182457e-01;1.2750000e+02;2.0818162e-01;1.2750000e+02;2.0629871e-01;1.2750000e+02;1.9850585e-01;1.2750000e+02;2.3092492e-01;1.2750000e+02;1.9438589e-01;1.2750000e+02;1.3943650e-01;1.2750000e+02;8.8043019e-02;1.2750000e+02;3.6782164e-02;1.2750000e+02;-8.4682368e-03;1.2750000e+02;-5.3433195e-02;1.2750000e+02;-9.3612365e-02;1.2750000e+02;-1.3935663e-01;1.2750000e+02;-6.0639203e-02;1.2750000e+02;-5.3497389e-02;1.2750000e+02;-2.5220111e-02;1.2750000e+02;2.5768705e-02;1.2750000e+02;9.3097240e-02;1.2750000e+02;1.7182457e-01;1.2750000e+02;2.0818162e-01;1.2750000e+02;2.0629871e-01;1.2750000e+02;1.9850585e-01;1.2750000e+02;2.3092492e-01;1.2750000e+02;1.9438589e-01;1.2750000e+02;1.3943650e-01;1.2750000e+02;8.8043019e-02;1.2750000e+02;3.6782164e-02;1.2750000e+02;-8.4682368e-03;1.2750000e+02;-5.3433195e-02;1.2750000e+02;-9.3612365e-02;1.2750000e+02;-1.3935663e-01;1.2750000e+02;-6.0639203e-02;1.2750000e+02;-5.3497389e-02;1.2750000e+02;-2.5220111e-02;1.2750000e+02;2.5768705e-02;1.2750000e+02;9.3097240e-02;1.2750000e+02;1.7182457e-01;1.2750000e+02;2.0818162e-01;1.2750000e+02;2.0629871e-01;1.2750000e+02;1.9850585e-01;1.2750000e+02;2.3092492e-01;1.2750000e+02;1.9438589e-01;1.2750000e+02;1.3943650e-01;1.2750000e+02;8.8043019e-02;1.2750000e+02;3.6782164e-02;1.2750000e+02;-8.4682368e-03;1.2750000e+02;-5.3433195e-02;1.2750000e+02;-9.3612365e-02;1.2750000e+02;-1.3935663e-01;1.2750000e+02;-6.0639203e-02;1.2750000e+02;-5.3497389e-02;1.2750000e+02;-2.5220111e-02;1.2750000e+02;2.5768705e-02;1.2750000e+02;9.3097240e-02;1.2750000e+02;1.7182457e-01;1.2750000e+02;2.0818162e-01;1.2750000e+02;2.0629871e-01;1.2750000e+02;1.9850585e-01;1.2750000e+02;2.3092492e-01;1.2750000e+02;1.9438589e-01;1.2750000e+02;1.3943650e-01;1.2750000e+02;8.8043019e-02;1.2750000e+02;3.6782164e-02;1.2750000e+02;-8.4682368e-03;1.2750000e+02;-5.3433195e-02;1.2750000e+02;-9.3612365e-02;1.2750000e+02;-1.3935663e-01;1.2750000e+02;-6.0639203e-02;1.2750000e+02;-5.3497389e-02;1.2750000e+02;-2.5220111e-02;1.2750000e+02;2.5768705e-02;1.2750000e+02;9.3097240e-02;1.2750000e+02;1.7182457e-01;1.2750000e+02;2.0818162e-01;1.2750000e+02;2.0629871e-01;1.2750000e+02;1.9850585e-01;1.2750000e+02;2.3092492e-01;1.2750000e+02;1.9438589e-01;1.2750000e+02;1.3943650e-01;1.2750000e+02;8.8043019e-02;1.2750000e+02;3.6782164e-02;1.2750000e+02;-8.4682368e-03;1.2750000e+02;-5.3433195e-02;1.2750000e+02;-9.3612365e-02;1.2750000e+02;-1.3935663e-01;1.2750000e+02;-6.0639203e-02;1.2750000e+02;-5.3497389e-02;1.2750000e+02;-2.5220111e-02;1.2750000e+02;2.5768705e-02;1.2750000e+02;9.3097240e-02;1.2750000e+02;1.7182457e-01;1.2750000e+02;2.0818162e-01;1.2750000e+02;2.0629871e-01;1.2750000e+02;1.9850585e-01;1.2750000e+02;2.3092492e-01;1.2750000e+02;1.9438589e-01;1.2750000e+02;1.3943650e-01;1.2750000e+02;8.8043019e-02;1.2750000e+02;3.6782164e-02;1.2750000e+02;-8.4682368e-03;1.2750000e+02;-5.3433195e-02;1.2750000e+02;-9.3612365e-02;1.2750000e+02;-1.3935663e-01;1.2750000e+02;-6.0639203e-02;1.2750000e+02;-5.3497389e-02;1.2750000e+02;-2.5220111e-02;1.2750000e+02;2.5768705e-02;1.2750000e+02;9.3097240e-02;1.2750000e+02;1.7182457e-01;1.2750000e+02;2.0818162e-01;1.2750000e+02;2.0629871e-01;1.2750000e+02;1.9850585e-01;1.2750000e+02;2.3092492e-01;1.2750000e+02;1.9438589e-01;1.2750000e+02;1.3943650e-01;1.2750000e+02;8.8043019e-02;1.2750000e+02;3.6782164e-02;1.2750000e+02;-8.4682368e-03;1.2750000e+02;-5.3433195e-02;1.2750000e+02;-9.3612365e-02;1.2750000e+02;-1.3935663e-01;1.2750000e+02;-6.0639203e-02;1.2750000e+02;-5.3497389e-02;1.2750000e+02;-2.5220111e-02;1.2750000e+02;2.5768705e-02;1.2750000e+02;9.3097240e-02;1.2750000e+02;1.7182457e-01;1.2750000e+02;2.0818162e-01;1.2750000e+02;2.0629871e-01;1.2750000e+02;1.9850585e-01;1.2750000e+02;2.3092492e-01;1.2750000e+02;1.9438589e-01;1.2750000e+02;1.3943650e-01;1.2750000e+02;8.8043019e-02;1.2750000e+02;3.6782164e-02;1.2750000e+02;-8.4682368e-03;1.2750000e+02;-5.3433195e-02;1.2750000e+02;-9.3612365e-02;1.2750000e+02;-1.3935663e-01;1.2750000e+02;-6.0639203e-02;1.2750000e+02;-5.3497389e-02;1.2750000e+02;-2.5220111e-02;1.2750000e+02;2.5768705e-02;1.2750000e+02;9.3097240e-02;1.2750000e+02;1.7182457e-01;1.2750000e+02;2.0818162e-01;1.2750000e+02;2.0629871e-01;1.2750000e+02;1.9850585e-01;1.2750000e+02;2.3092492e-01;1.2750000e+02;1.9438589e-01;1.2750000e+02;1.3943650e-01;1.2750000e+02;8.8043019e-02;1.2750000e+02;3.6782164e-02;1.2750000e+02;-8.4682368e-03;1.2750000e+02;-5.3433195e-02;1.2750000e+02;-9.3612365e-02;1.2750000e+02;-1.3935663e-01;1.2750000e+02;-6.0639203e-02;1.2750000e+02;-5.3497389e-02;1.2750000e+02;-2.5220111e-02;1.2750000e+02;2.5768705e-02;1.2750000e+02;9.3097240e-02;1.2750000e+02;1.7182457e-01;1.2750000e+02;2.0818162e-01;1.2750000e+02;2.0629871e-01;1.2750000e+02;1.9850585e-01;1.2750000e+02;2.3092492e-01;1.2750000e+02;1.9438589e-01;1.2750000e+02;1.3943650e-01;1.2750000e+02;8.8043019e-02;1.2750000e+02;3.6782164e-02;1.2750000e+02;-8.4682368e-03;1.2750000e+02;-5.3433195e-02;1.2750000e+02;-9.3612365e-02;1.2750000e+02;-1.3935663e-01;1.2750000e+02;-6.0639203e-02;1.2750000e+02;-5.3497389e-02;1.2750000e+02;-2.5220111e-02;1.2750000e+02;2.5768705e-02;1.2750000e+02;9.3097240e-02;1.2750000e+02;1.7182457e-01;1.2750000e+02;2.0818162e-01;1.2750000e+02;2.0629871e-01;1.2750000e+02;1.9850585e-01;1.2750000e+02;2.3092492e-01;1.2750000e+02;1.9438589e-01;1.2750000e+02;1.3943650e-01;1.2750000e+02;8.8043019e-02;1.2750000e+02;3.6782164e-02;1.2750000e+02;-8.4682368e-03;1.2750000e+02;-5.3433195e-02;1.2750000e+02;-9.3612365e-02;1.2750000e+02;-1.3935663e-01;1.2750000e+02;-6.0639203e-02;1.2750000e+02;-5.3497389e-02;1.2750000e+02;-2.5220111e-02;1.2750000e+02;2.5768705e-02;1.2750000e+02;9.3097240e-02;1.2750000e+02;1.7182457e-01;1.2750000e+02;2.0818162e-01;1.2750000e+02;2.0629871e-01;1.2750000e+02;1.9850585e-01;1.2750000e+02;2.3092492e-01;1.2750000e+02;1.9438589e-01;1.2750000e+02;1.3943650e-01;1.2750000e+02;8.8043019e-02;1.2750000e+02;3.6782164e-02;1.2750000e+02;-8.4682368e-03;1.2750000e+02;-5.3433195e-02;1.2750000e+02;-9.3612365e-02;1.2750000e+02;-1.3935663e-01;1.2750000e+02;-6.0639203e-02;1.2750000e+02;-5.3497389e-02;1.2750000e+02;-2.5220111e-02;1.2750000e+02;2.5768705e-02;1.2750000e+02;9.3097240e-02;1.2750000e+02;1.7182457e-01;1.2750000e+02;2.0818162e-01;1.2750000e+02;2.0629871e-01;1.2750000e+02;1.9850585e-01;1.2750000e+02;2.3092492e-01;1.2750000e+02;1.9438589e-01;1.2750000e+02;1.3943650e-01;1.2750000e+02;8.8043019e-02;1.2750000e+02;3.6782164e-02;1.2750000e+02;-8.4682368e-03;1.2750000e+02;-5.3433195e-02;1.2750000e+02;-9.3612365e-02;1.2750000e+02;-1.3935663e-01;1.2750000e+02;-6.0639203e-02;1.2750000e+02;-5.3497389e-02;1.2750000e+02;-2.5220111e-02;1.2750000e+02;2.5768705e-02;1.2750000e+02;9.3097240e-02;1.2750000e+02;1.7182457e-01;1.2750000e+02;2.0818162e-01;1.2750000e+02;2.0629871e-01;1.2750000e+02;1.9850585e-01;1.2750000e+02;2.3092492e-01;1.2750000e+02;1.9438589e-01;1.2750000e+02;1.3943650e-01;1.2750000e+02;8.8043019e-02;1.2750000e+02;3.6782164e-02;1.2750000e+02;-8.4682368e-03;1.2750000e+02;-5.3433195e-02;1.2750000e+02;-9.3612365e-02;1.2750000e+02;-1.3935663e-01;1.2750000e+02;-6.0639203e-02;1.2750000e+02;-5.3497389e-02;1.2750000e+02;-2.5220111e-02;1.2750000e+02;2.5768705e-02;1.2750000e+02;9.3097240e-02;1.2750000e+02;1.7182457e-01;1.2750000e+02;2.0818162e-01;1.2750000e+02;2.0629871e-01;1.2750000e+02;1.9850585e-01;1.2750000e+02;2.3092492e-01;1.2750000e+02;1.9438589e-01;1.2750000e+02;1.3943650e-01;1.2750000e+02;8.8043019e-02;1.2750000e+02;3.6782164e-02;1.2750000e+02;-8.4682368e-03;1.2750000e+02;-5.3433195e-02;1.2750000e+02;-9.3612365e-02;1.2750000e+02;-1.3935663e-01;1.2750000e+02;-6.0639203e-02;1.2750000e+02;-5.3497389e-02;1.2750000e+02;-2.5220111e-02;1.2750000e+02;2.5768705e-02;1.2750000e+02;9.3097240e-02;1.2750000e+02;1.7182457e-01;1.2750000e+02;2.0818162e-01;1.2750000e+02;2.0629871e-01;1.2750000e+02;1.9850585e-01;1.2750000e+02;2.3092492e-01;1.2750000e+02;1.9438589e-01;1.2750000e+02;1.3943650e-01;1.2750000e+02;8.8043019e-02;1.2750000e+02;3.6782164e-02;1.2750000e+02;-8.4682368e-03;1.2750000e+02;-5.3433195e-02;1.2750000e+02;-9.3612365e-02;1.2750000e+02;-1.3935663e-01;1.2750000e+02;-6.0639203e-02;1.2750000e+02;-5.3497389e-02;1.2750000e+02;-2.5220111e-02;1.2750000e+02;2.5768705e-02;1.2750000e+02;9.3097240e-02;1.2750000e+02;1.7182457e-01;1.2750000e+02;2.0818162e-01;1.2750000e+02;2.0629871e-01;1.2750000e+02;1.9850585e-01;1.2750000e+02;2.3092492e-01;1.2750000e+02;1.9438589e-01;1.2750000e+02;1.3943650e-01;1.2750000e+02;8.8043019e-02;1.2750000e+02;3.6782164e-02;1.2750000e+02;-8.4682368e-03;1.2750000e+02;-5.3433195e-02;1.2750000e+02;-9.3612365e-02;1.2750000e+02;-1.3935663e-01;1.2750000e+02;-6.0639203e-02;1.2750000e+02;-5.3497389e-02;1.2750000e+02;-2.5220111e-02;1.2750000e+02;2.5768705e-02;1.2750000e+02;9.3097240e-02;1.2750000e+02;1.7182457e-01;1.2750000e+02;2.0818162e-01;1.2750000e+02;2.0629871e-01;1.2750000e+02;1.9850585e-01;1.2750000e+02;2.3092492e-01;1.2750000e+02;1.9438589e-01;1.2750000e+02;1.3943650e-01;1.2750000e+02;8.8043019e-02;1.2750000e+02;3.6782164e-02;1.2750000e+02;-8.4682368e-03;1.2750000e+02;-5.3433195e-02;1.2750000e+02;-9.3612365e-02;1.2750000e+02;-1.3935663e-01;1.2750000e+02;-6.0639203e-02;1.2750000e+02;-5.3497389e-02;1.2750000e+02;-2.5220111e-02;1.2750000e+02;2.5768705e-02;1.2750000e+02;9.3097240e-02;1.2750000e+02;1.7182457e-01;1.2750000e+02;2.0818162e-01;1.2750000e+02;2.0629871e-01;1.2750000e+02;1.9850585e-01;1.2750000e+02;2.3092492e-01;1.2750000e+02;1.9438589e-01;1.2750000e+02;1.3943650e-01;1.2750000e+02;8.8043019e-02;1.2750000e+02;3.6782164e-02;1.2750000e+02;-8.4682368e-03;1.2750000e+02;-5.3433195e-02;1.2750000e+02;-9.3612365e-02;1.2750000e+02;-1.3935663e-01;1.2750000e+02;-6.0639203e-02;1.2750000e+02;-5.3497389e-02;1.2750000e+02;-2.5220111e-02;1.2750000e+02;2.5768705e-02;1.2750000e+02;9.3097240e-02;1.2750000e+02;1.7182457e-01;1.2750000e+02;2.0818162e-01;1.2750000e+02;2.0629871e-01;1.2750000e+02;1.9850585e-01;1.2750000e+02;2.3092492e-01;1.2750000e+02;1.9438589e-01;1.2750000e+02;1.3943650e-01;1.2750000e+02;8.8043019e-02;1.2750000e+02;3.6782164e-02;1.2750000e+02;-8.4682368e-03;1.2750000e+02;-5.3433195e-02;1.2750000e+02;-9.3612365e-02;1.2750000e+02;-1.3935663e-01;1.2750000e+02;-6.0639203e-02;1.2750000e+02;-5.3497389e-02;1.2750000e+02;-2.5220111e-02;1.2750000e+02;2.5768705e-02;1.2750000e+02;9.3097240e-02;1.2750000e+02;1.7182457e-01;1.2750000e+02;2.0818162e-01;1.2750000e+02;2.0629871e-01;1.2750000e+02;1.9850585e-01;1.2750000e+02;2.3092492e-01;1.2750000e+02;1.9438589e-01;1.2750000e+02;1.3943650e-01;1.2750000e+02;8.8043019e-02;1.2750000e+02;3.6782164e-02;1.2750000e+02;-8.4682368e-03;1.2750000e+02;-5.3433195e-02;1.2750000e+02;-9.3612365e-02;1.2750000e+02;-1.3935663e-01;1.2750000e+02;-6.0639203e-02;1.2750000e+02;-5.3497389e-02;1.2750000e+02;-2.5220111e-02;1.2750000e+02;2.5768705e-02;1.2750000e+02;9.3097240e-02;1.2750000e+02;1.7182457e-01;1.2750000e+02;2.0818162e-01;1.2750000e+02;2.0629871e-01;1.2750000e+02;1.9850585e-01;1.2750000e+02;2.3092492e-01;1.2750000e+02;1.9438589e-01;1.2750000e+02;1.3943650e-01;1.2750000e+02;8.8043019e-02;1.2750000e+02;3.6782164e-02;1.2750000e+02;-8.4682368e-03;1.2750000e+02;-5.3433195e-02;1.2750000e+02;-9.3612365e-02;1.2750000e+02;-1.3935663e-01;1.2750000e+02;-6.0639203e-02;1.2750000e+02;-5.3497389e-02;1.2750000e+02;-2.5220111e-02;1.2750000e+02;2.5768705e-02;1.2750000e+02;9.3097240e-02;1.2750000e+02;1.7182457e-01;1.2750000e+02;2.0818162e-01;1.2750000e+02;2.0629871e-01;1.2750000e+02;1.9850585e-01;1.2750000e+02;2.3092492e-01;1.2750000e+02;1.9438589e-01;1.2750000e+02;1.3943650e-01;1.2750000e+02;8.8043019e-02;1.2750000e+02;3.6782164e-02;1.2750000e+02;-8.4682368e-03;1.2750000e+02;-5.3433195e-02;1.2750000e+02;-9.3612365e-02;1.2750000e+02;-1.3935663e-01;1.2750000e+02;-6.0639203e-02;1.2750000e+02;-5.3497389e-02;1.2750000e+02;-2.5220111e-02;1.2750000e+02;2.5768705e-02;1.2750000e+02;9.3097240e-02;1.2750000e+02;1.7182457e-01;1.2750000e+02;2.0818162e-01;1.2750000e+02;2.0629871e-01;1.2750000e+02;1.9850585e-01;1.2750000e+02;2.3092492e-01;1.2750000e+02;1.9438589e-01;1.2750000e+02;1.3943650e-01;1.2750000e+02;8.8043019e-02;1.2750000e+02;3.6782164e-02;1.2750000e+02;-8.4682368e-03;1.2750000e+02;-5.3433195e-02;1.2750000e+02;-9.3612365e-02;1.2750000e+02;-1.3935663e-01;1.2750000e+02;-6.0639203e-02;1.2750000e+02;-5.3497389e-02;1.2750000e+02;-2.5220111e-02;1.2750000e+02;2.5768705e-02;1.2750000e+02;9.3097240e-02;1.2750000e+02;1.7182457e-01;1.2750000e+02;2.0818162e-01;1.2750000e+02;2.0629871e-01;1.2750000e+02;1.9850585e-01;1.2750000e+02;2.3092492e-01;1.2750000e+02;1.9438589e-01;1.2750000e+02;1.3943650e-01;1.2750000e+02;8.8043019e-02;1.2750000e+02;3.6782164e-02;1.2750000e+02;-8.4682368e-03;1.2750000e+02;-5.3433195e-02;1.2750000e+02;-9.3612365e-02;1.2750000e+02;-1.3935663e-01;1.2750000e+02;-6.0639203e-02;1.2750000e+02;-5.3497389e-02;1.2750000e+02;-2.5220111e-02;1.2750000e+02;2.5768705e-02;1.2750000e+02;9.3097240e-02;1.2750000e+02;1.7182457e-01;1.2750000e+02;2.0818162e-01;1.2750000e+02;2.0629871e-01;1.2750000e+02;1.9850585e-01;1.2750000e+02;2.3092492e-01;1.2750000e+02;1.9438589e-01;1.2750000e+02;1.3943650e-01;1.2750000e+02;8.8043019e-02;1.2750000e+02;3.6782164e-02;1.2750000e+02;-8.4682368e-03;1.2750000e+02;-5.3433195e-02;1.2750000e+02;-9.3612365e-02;1.2750000e+02;-1.3935663e-01;1.2750000e+02;-6.0639203e-02;1.2750000e+02;-5.3497389e-02;1.2750000e+02;-2.5220111e-02;1.2750000e+02;2.5768705e-02;1.2750000e+02;9.3097240e-02;1.2750000e+02;1.7182457e-01;1.2750000e+02;2.0818162e-01;1.2750000e+02;2.0629871e-01;1.2750000e+02;1.9850585e-01;1.2750000e+02;2.3092492e-01;1.2750000e+02;1.9438589e-01;1.2750000e+02;1.3943650e-01;1.2750000e+02;8.8043019e-02;1.2750000e+02;3.6782164e-02;1.2750000e+02;-8.4682368e-03;1.2750000e+02;-5.3433195e-02;1.2750000e+02;-9.3612365e-02;1.2750000e+02;-1.3935663e-01;1.2750000e+02;-6.0639203e-02;1.2750000e+02;-5.3497389e-02;1.2750000e+02;-2.5220111e-02;1.2750000e+02;2.5768705e-02;1.2750000e+02;9.3097240e-02;1.2750000e+02;1.7182457e-01;1.2750000e+02;2.0818162e-01;1.2750000e+02;2.0629871e-01;1.2750000e+02;1.9850585e-01;1.2750000e+02;2.3092492e-01;1.2750000e+02;1.9438589e-01;1.2750000e+02;1.3943650e-01;1.2750000e+02;8.8043019e-02;1.2750000e+02;3.6782164e-02;1.2750000e+02;-8.4682368e-03;1.2750000e+02;-5.3433195e-02;1.2750000e+02;-9.3612365e-02;1.2750000e+02;-1.3935663e-01;1.2750000e+02;-6.0639203e-02;1.2750000e+02;-5.3497389e-02;1.2750000e+02;-2.5220111e-02;1.2750000e+02;2.5768705e-02;1.2750000e+02;9.3097240e-02;1.2750000e+02;1.7182457e-01;1.2750000e+02;2.0818162e-01;1.2750000e+02;2.0629871e-01;1.2750000e+02;1.9850585e-01;1.2750000e+02;2.3092492e-01;1.2750000e+02;1.9438589e-01;1.2750000e+02;1.3943650e-01;1.2750000e+02;8.8043019e-02;1.2750000e+02;3.6782164e-02;1.2750000e+02;-8.4682368e-03;1.2750000e+02;-5.3433195e-02;1.2750000e+02;-9.3612365e-02;1.2750000e+02;-1.3935663e-01;1.2750000e+02;-6.0639203e-02;1.2750000e+02;-5.3497389e-02;1.2750000e+02;-2.5220111e-02;1.2750000e+02;2.5768705e-02;1.2750000e+02;9.3097240e-02;1.2750000e+02;1.7182457e-01;1.2750000e+02;2.0818162e-01;1.2750000e+02;2.0629871e-01;1.2750000e+02;1.9850585e-01;1.2750000e+02;2.3092492e-01;1.2750000e+02;1.9438589e-01;1.2750000e+02;1.3943650e-01;1.2750000e+02;8.8043019e-02;1.2750000e+02;3.6782164e-02;1.2750000e+02;-8.4682368e-03;1.2750000e+02;-5.3433195e-02;1.2750000e+02;-9.3612365e-02;1.2750000e+02;-1.3935663e-01;1.2750000e+02;-6.0639203e-02;1.2750000e+02;-5.3497389e-02;1.2750000e+02;-2.5220111e-02;1.2750000e+02;2.5768705e-02;1.2750000e+02;9.3097240e-02;1.2750000e+02;1.7182457e-01;1.2750000e+02;2.0818162e-01;1.2750000e+02;2.0629871e-01;1.2750000e+02;1.9850585e-01;1.2750000e+02;2.3092492e-01;1.2750000e+02;1.9438589e-01;1.2750000e+02;1.3943650e-01;1.2750000e+02;8.8043019e-02;1.2750000e+02;3.6782164e-02;1.2750000e+02;-8.4682368e-03;1.2750000e+02;-5.3433195e-02;1.2750000e+02;-9.3612365e-02;1.2750000e+02;-1.3935663e-01;1.2750000e+02;-6.0639203e-02;1.2750000e+02;-5.3497389e-02;1.2750000e+02;-2.5220111e-02;1.2750000e+02;2.5768705e-02;1.2750000e+02;9.3097240e-02;1.2750000e+02;1.7182457e-01;1.2750000e+02;2.0818162e-01;1.2750000e+02;2.0629871e-01;1.2750000e+02;1.9850585e-01;1.2750000e+02;2.3092492e-01;1.2750000e+02;1.9438589e-01;1.2750000e+02;1.3943650e-01;1.2750000e+02;8.8043019e-02;1.2750000e+02;3.6782164e-02;1.2750000e+02;-8.4682368e-03;1.2750000e+02;-5.3433195e-02;1.2750000e+02;-9.3612365e-02;1.2750000e+02;-1.3935663e-01;1.2750000e+02;-6.0639203e-02;1.2750000e+02;-5.3497389e-02;1.2750000e+02;-2.5220111e-02;1.2750000e+02;2.5768705e-02;1.2750000e+02;9.3097240e-02;1.2750000e+02;1.7182457e-01;1.2750000e+02;2.0818162e-01;1.2750000e+02;2.0629871e-01;1.2750000e+02;1.9850585e-01;1.2750000e+02;2.3092492e-01;1.2750000e+02;1.9438589e-01;1.2750000e+02;1.3943650e-01;1.2750000e+02;8.8043019e-02;1.2750000e+02;3.6782164e-02;1.2750000e+02;-8.4682368e-03;1.2750000e+02;-5.3433195e-02;1.2750000e+02;-9.3612365e-02;1.2750000e+02;-1.3935663e-01;1.2750000e+02;-6.0639203e-02;1.2750000e+02;-5.3497389e-02;1.2750000e+02;-2.5220111e-02;1.2750000e+02;2.5768705e-02;1.2750000e+02;9.3097240e-02;1.2750000e+02;1.7182457e-01;1.2750000e+02;2.0818162e-01;1.2750000e+02;2.0629871e-01;1.2750000e+02;1.9850585e-01;1.2750000e+02;2.3092492e-01;1.2750000e+02;1.9438589e-01;1.2750000e+02;1.3943650e-01;1.2750000e+02;8.8043019e-02;1.2750000e+02;3.6782164e-02;1.2750000e+02;-8.4682368e-03;1.2750000e+02;-5.3433195e-02;1.2750000e+02;-9.3612365e-02;1.2750000e+02;-1.3935663e-01;1.2750000e+02;-6.0639203e-02;1.2750000e+02;-5.3497389e-02;1.2750000e+02;-2.5220111e-02;1.2750000e+02;2.5768705e-02;1.2750000e+02;9.3097240e-02;1.2750000e+02;1.7182457e-01;1.2750000e+02;2.0818162e-01;1.2750000e+02;2.0629871e-01;1.2750000e+02;1.9850585e-01;1.2750000e+02;2.3092492e-01;1.2750000e+02;1.9438589e-01;1.2750000e+02;1.3943650e-01;1.2750000e+02;8.8043019e-02;1.2750000e+02;3.6782164e-02;1.2750000e+02;-8.4682368e-03;1.2750000e+02;-5.3433195e-02;1.2750000e+02;-9.3612365e-02;1.2750000e+02;-1.3935663e-01;1.2750000e+02;-6.0639203e-02;1.2750000e+02;-5.3497389e-02;1.2750000e+02;-2.5220111e-02;1.2750000e+02;2.5768705e-02;1.2750000e+02;9.3097240e-02;1.2750000e+02;1.7182457e-01;1.2750000e+02;2.0818162e-01;1.2750000e+02;2.0629871e-01;1.2750000e+02;1.9850585e-01;1.2750000e+02;2.3092492e-01;1.2750000e+02;1.9438589e-01;1.2750000e+02;1.3943650e-01;1.2750000e+02;8.8043019e-02;1.2750000e+02;3.6782164e-02;1.2750000e+02;-8.4682368e-03;1.2750000e+02;-5.3433195e-02;1.2750000e+02;-9.3612365e-02;1.2750000e+02;-1.3935663e-01;1.2750000e+02;-6.0639203e-02;1.2750000e+02;-5.3497389e-02;1.2750000e+02;-2.5220111e-02;1.2750000e+02;2.5768705e-02;1.2750000e+02;9.3097240e-02;1.2750000e+02;1.7182457e-01;1.2750000e+02;2.0818162e-01;1.2750000e+02;2.0629871e-01;1.2750000e+02;1.9850585e-01;1.2750000e+02;2.3092492e-01;1.2750000e+02;1.9438589e-01;1.2750000e+02;1.3943650e-01;1.2750000e+02;8.8043019e-02;1.2750000e+02;3.6782164e-02;1.2750000e+02;-8.4682368e-03;1.2750000e+02;-5.3433195e-02;1.2750000e+02;-9.3612365e-02;1.2750000e+02;-1.3935663e-01;1.2750000e+02;-6.0639203e-02;1.2750000e+02;-5.3497389e-02;1.2750000e+02;-2.5220111e-02;1.2750000e+02;2.5768705e-02;1.2750000e+02;9.3097240e-02;1.2750000e+02;1.7182457e-01;1.2750000e+02;2.0818162e-01;1.2750000e+02;2.0629871e-01;1.2750000e+02;1.9850585e-01;1.2750000e+02;2.3092492e-01;1.2750000e+02;1.9438589e-01;1.2750000e+02;1.3943650e-01;1.2750000e+02;8.8043019e-02;1.2750000e+02;3.6782164e-02;1.2750000e+02;-8.4682368e-03;1.2750000e+02;-5.3433195e-02;1.2750000e+02;-9.3612365e-02;1.2750000e+02;-1.3935663e-01;1.2750000e+02;-6.0639203e-02;1.2750000e+02;-5.3497389e-02;1.2750000e+02;-2.5220111e-02;1.2750000e+02;2.5768705e-02;1.2750000e+02;9.3097240e-02;1.2750000e+02;1.7182457e-01;1.2750000e+02;2.0818162e-01;1.2750000e+02;2.0629871e-01;1.2750000e+02;1.9850585e-01;1.2750000e+02;2.3092492e-01;1.2750000e+02;1.9438589e-01;1.2750000e+02;1.3943650e-01;1.2750000e+02;8.8043019e-02;1.2750000e+02;3.6782164e-02;1.2750000e+02;-8.4682368e-03;1.2750000e+02;-5.3433195e-02;1.2750000e+02;-9.3612365e-02;1.2750000e+02;-1.3935663e-01;1.2750000e+02;-6.0639203e-02;1.2750000e+02;-5.3497389e-02;1.2750000e+02;-2.5220111e-02;1.2750000e+02;2.5768705e-02;1.2750000e+02;9.3097240e-02;1.2750000e+02;1.7182457e-01;1.2750000e+02;2.0818162e-01;1.2750000e+02;2.0629871e-01;1.2750000e+02;1.9850585e-01;1.2750000e+02;2.3092492e-01;1.2750000e+02;1.9438589e-01;1.2750000e+02;1.3943650e-01;1.2750000e+02;8.8043019e-02;1.2750000e+02;3.6782164e-02;1.2750000e+02;-8.4682368e-03;1.2750000e+02;-5.3433195e-02;1.2750000e+02;-9.3612365e-02;1.2750000e+02;-1.3935663e-01;1.2750000e+02;-6.0639203e-02;1.2750000e+02;-5.3497389e-02;1.2750000e+02;-2.5220111e-02;1.2750000e+02;2.5768705e-02;1.2750000e+02;9.3097240e-02;1.2750000e+02;1.7182457e-01;1.2750000e+02;2.0818162e-01;1.2750000e+02;2.0629871e-01;1.2750000e+02;1.9850585e-01;1.2750000e+02;2.3092492e-01;1.2750000e+02;1.9438589e-01;1.2750000e+02;1.3943650e-01;1.2750000e+02;8.8043019e-02;1.2750000e+02;3.6782164e-02;1.2750000e+02;-8.4682368e-03;1.2750000e+02;-5.3433195e-02;1.2750000e+02;-9.3612365e-02;1.2750000e+02;-1.3935663e-01;1.2750000e+02;-6.0639203e-02;1.2750000e+02;-5.3497389e-02;1.2750000e+02;-2.5220111e-02;1.2750000e+02;2.5768705e-02;1.2750000e+02;9.3097240e-02;1.2750000e+02;1.7182457e-01;1.2750000e+02;2.0818162e-01;1.2750000e+02;2.0629871e-01;1.2750000e+02;1.9850585e-01;1.2750000e+02;2.3092492e-01;1.2750000e+02;1.9438589e-01;1.2750000e+02;1.3943650e-01;1.2750000e+02;8.8043019e-02;1.2750000e+02;3.6782164e-02;1.2750000e+02;-8.4682368e-03;1.2750000e+02;-5.3433195e-02;1.2750000e+02;-9.3612365e-02;1.2750000e+02;-1.3935663e-01;1.2750000e+02;-6.0639203e-02;1.2750000e+02;-5.3497389e-02;1.2750000e+02;-2.5220111e-02;1.2750000e+02;2.5768705e-02;1.2750000e+02;9.3097240e-02;1.2750000e+02;1.7182457e-01;1.2750000e+02;2.0818162e-01;1.2750000e+02;2.0629871e-01;1.2750000e+02;1.9850585e-01;1.2750000e+02;2.3092492e-01;1.2750000e+02;1.9438589e-01;1.2750000e+02;1.3943650e-01;1.2750000e+02;8.8043019e-02;1.2750000e+02;3.6782164e-02;1.2750000e+02;-8.4682368e-03;1.2750000e+02;-5.3433195e-02;1.2750000e+02;-9.3612365e-02;1.2750000e+02;-1.3935663e-01;1.2750000e+02;-6.0639203e-02;1.2750000e+02;-5.3497389e-02;1.2750000e+02;-2.5220111e-02;1.2750000e+02;2.5768705e-02;1.2750000e+02;9.3097240e-02;1.2750000e+02;1.7182457e-01;1.2750000e+02;2.0818162e-01;1.2750000e+02;2.0629871e-01;1.2750000e+02;1.9850585e-01;1.2750000e+02;2.3092492e-01;1.2750000e+02;1.9438589e-01;1.2750000e+02;1.3943650e-01;1.2750000e+02;8.8043019e-02;1.2750000e+02;3.6782164e-02;1.2750000e+02;-8.4682368e-03;1.2750000e+02;-5.3433195e-02;1.2750000e+02;-9.3612365e-02;1.2750000e+02;-1.3935663e-01;1.2750000e+02;-6.0639203e-02;1.2750000e+02;-5.3497389e-02;1.2750000e+02;-2.5220111e-02;1.2750000e+02;2.5768705e-02;1.2750000e+02;9.3097240e-02;1.2750000e+02;1.7182457e-01;1.2750000e+02;2.0818162e-01;1.2750000e+02;2.0629871e-01;1.2750000e+02;1.9850585e-01;1.2750000e+02;2.3092492e-01;1.2750000e+02;1.9438589e-01;1.2750000e+02;1.3943650e-01;1.2750000e+02;8.8043019e-02;1.2750000e+02;3.6782164e-02;1.2750000e+02;-8.4682368e-03;1.2750000e+02;-5.3433195e-02;1.2750000e+02;-9.3612365e-02;1.2750000e+02;-1.3935663e-01;1.2750000e+02;-6.0639203e-02;1.2750000e+02;-5.3497389e-02;1.2750000e+02;-2.5220111e-02;1.2750000e+02;2.5768705e-02;1.2750000e+02;9.3097240e-02;1.2750000e+02;1.7182457e-01;1.2750000e+02;2.0818162e-01;1.2750000e+02;2.0629871e-01;1.2750000e+02;1.9850585e-01;1.2750000e+02;2.3092492e-01;1.2750000e+02;1.9438589e-01;1.2750000e+02;1.3943650e-01;1.2750000e+02;8.8043019e-02;1.2750000e+02;3.6782164e-02;1.2750000e+02;-8.4682368e-03;1.2750000e+02;-5.3433195e-02;1.2750000e+02;-9.3612365e-02;1.2750000e+02;-1.3935663e-01;1.2750000e+02;-6.0639203e-02;1.2750000e+02;-5.3497389e-02;1.2750000e+02;-2.5220111e-02;1.2750000e+02;2.5768705e-02;1.2750000e+02;9.3097240e-02;1.2750000e+02;1.7182457e-01;1.2750000e+02;2.0818162e-01;1.2750000e+02;2.0629871e-01;1.2750000e+02;1.9850585e-01;1.2750000e+02;2.3092492e-01;1.2750000e+02;1.9438589e-01;1.2750000e+02;1.3943650e-01;1.2750000e+02;8.8043019e-02;1.2750000e+02;3.6782164e-02;1.2750000e+02;-8.4682368e-03;1.2750000e+02;-5.3433195e-02;1.2750000e+02;-9.3612365e-02;1.2750000e+02;-1.3935663e-01;1.2750000e+02;-6.0639203e-02;1.2750000e+02;-5.3497389e-02;1.2750000e+02;-2.5220111e-02;1.2750000e+02;2.5768705e-02;1.2750000e+02;9.3097240e-02;1.2750000e+02;1.7182457e-01;1.2750000e+02;2.0818162e-01;1.2750000e+02;2.0629871e-01;1.2750000e+02;1.9850585e-01;1.2750000e+02;2.3092492e-01;1.2750000e+02;1.9438589e-01;1.2750000e+02;1.3943650e-01;1.2750000e+02;8.8043019e-02;1.2750000e+02;3.6782164e-02;1.2750000e+02;-8.4682368e-03;1.2750000e+02;-5.3433195e-02;1.2750000e+02;-9.3612365e-02;1.2750000e+02;-1.3935663e-01;1.2750000e+02;-6.0639203e-02;1.2750000e+02;-5.3497389e-02;1.2750000e+02;-2.5220111e-02;1.2750000e+02;2.5768705e-02;1.2750000e+02;9.3097240e-02;1.2750000e+02;1.7182457e-01;1.2750000e+02;2.0818162e-01;1.2750000e+02;2.0629871e-01;1.2750000e+02;1.9850585e-01;1.2750000e+02;2.3092492e-01;1.2750000e+02;1.9438589e-01;1.2750000e+02;1.3943650e-01;1.2750000e+02;8.8043019e-02;1.2750000e+02;3.6782164e-02;1.2750000e+02;-8.4682368e-03;1.2750000e+02;-5.3433195e-02;1.2750000e+02;-9.3612365e-02;1.2750000e+02;-1.3935663e-01;1.2750000e+02;-6.0639203e-02;1.2750000e+02;-5.3497389e-02;1.2750000e+02;-2.5220111e-02;1.2750000e+02;2.5768705e-02;1.2750000e+02;9.3097240e-02;1.2750000e+02;1.7182457e-01;1.2750000e+02;2.0818162e-01;1.2750000e+02;2.0629871e-01;1.2750000e+02;1.9850585e-01;1.2750000e+02;2.3092492e-01;1.2750000e+02;1.9438589e-01;1.2750000e+02;1.3943650e-01;1.2750000e+02;8.8043019e-02;1.2750000e+02;3.6782164e-02;1.2750000e+02;-8.4682368e-03;1.2750000e+02;-5.3433195e-02;1.2750000e+02;-9.3612365e-02;1.2750000e+02;-1.3935663e-01;1.2750000e+02;-6.0639203e-02;1.2750000e+02;-5.3497389e-02;1.2750000e+02;-2.5220111e-02;1.2750000e+02;2.5768705e-02;1.2750000e+02;9.3097240e-02;1.2750000e+02;1.7182457e-01;1.2750000e+02;2.0818162e-01;1.2750000e+02;2.0629871e-01;1.2750000e+02;1.9850585e-01;1.2750000e+02;2.3092492e-01;1.2750000e+02;1.9438589e-01;1.2750000e+02;1.3943650e-01;1.2750000e+02;8.8043019e-02;1.2750000e+02;3.6782164e-02;1.2750000e+02;-8.4682368e-03;1.2750000e+02;-5.3433195e-02;1.2750000e+02;-9.3612365e-02;1.2750000e+02;-1.3935663e-01;1.2750000e+02;-6.0639203e-02;1.2750000e+02;-5.3497389e-02;1.2750000e+02;-2.5220111e-02;1.2750000e+02;2.5768705e-02;1.2750000e+02;9.3097240e-02;1.2750000e+02;1.7182457e-01;1.2750000e+02;2.0818162e-01;1.2750000e+02;2.0629871e-01;1.2750000e+02;1.9850585e-01;1.2750000e+02;2.3092492e-01;1.2750000e+02;1.9438589e-01;1.2750000e+02;1.3943650e-01;1.2750000e+02;8.8043019e-02;1.2750000e+02;3.6782164e-02;1.2750000e+02;-8.4682368e-03;1.2750000e+02;-5.3433195e-02;1.2750000e+02;-9.3612365e-02;1.2750000e+02;-1.3935663e-01;1.2750000e+02;-6.0639203e-02;1.2750000e+02;-5.3497389e-02;1.2750000e+02;-2.5220111e-02;1.2750000e+02;2.5768705e-02;1.2750000e+02;9.3097240e-02;1.2750000e+02;1.7182457e-01;1.2750000e+02;2.0818162e-01;1.2750000e+02;2.0629871e-01;1.2750000e+02;1.9850585e-01;1.2750000e+02;2.3092492e-01;1.2750000e+02;1.9438589e-01;1.2750000e+02;1.3943650e-01;1.2750000e+02;8.8043019e-02;1.2750000e+02;3.6782164e-02;1.2750000e+02;-8.4682368e-03;1.2750000e+02;-5.3433195e-02;1.2750000e+02;-9.3612365e-02;1.2750000e+02;-1.3935663e-01;1.2750000e+02;-6.0639203e-02;1.2750000e+02;-5.3497389e-02;1.2750000e+02;-2.5220111e-02;1.2750000e+02;2.5768705e-02;1.2750000e+02;9.3097240e-02;1.2750000e+02;1.7182457e-01;1.2750000e+02;2.0818162e-01;1.2750000e+02;2.0629871e-01;1.2750000e+02;1.9850585e-01;1.2750000e+02;2.3092492e-01;1.2750000e+02;1.9438589e-01;1.2750000e+02;1.3943650e-01;1.2750000e+02;8.8043019e-02;1.2750000e+02;3.6782164e-02;1.2750000e+02;-8.4682368e-03;1.2750000e+02;-5.3433195e-02;1.2750000e+02;-9.3612365e-02;1.2750000e+02;-1.3935663e-01;1.2750000e+02;-6.0639203e-02;1.2750000e+02;-5.3497389e-02;1.2750000e+02;-2.5220111e-02;1.2750000e+02;2.5768705e-02;1.2750000e+02;9.3097240e-02;1.2750000e+02;1.7182457e-01;1.2750000e+02;2.0818162e-01;1.2750000e+02;2.0629871e-01;1.2750000e+02;1.9850585e-01;1.2750000e+02;2.3092492e-01;1.2750000e+02;1.9438589e-01;1.2750000e+02;1.3943650e-01;1.2750000e+02;8.8043019e-02;1.2750000e+02;3.6782164e-02;1.2750000e+02;-8.4682368e-03;1.2750000e+02;-5.3433195e-02;1.2750000e+02;-9.3612365e-02;1.2750000e+02;-1.3935663e-01;1.2750000e+02;-6.0639203e-02;1.2750000e+02;-5.3497389e-02;1.2750000e+02;-2.5220111e-02;1.2750000e+02;2.5768705e-02;1.2750000e+02;9.3097240e-02;1.2750000e+02;1.7182457e-01;1.2750000e+02;2.0818162e-01;1.2750000e+02;2.0629871e-01;1.2750000e+02;1.9850585e-01;1.2750000e+02;2.3092492e-01;1.2750000e+02;1.9438589e-01;1.2750000e+02;1.3943650e-01;1.2750000e+02;8.8043019e-02;1.2750000e+02;3.6782164e-02;1.2750000e+02;-8.4682368e-03;1.2750000e+02;-5.3433195e-02;1.2750000e+02;-9.3612365e-02;1.2750000e+02;-1.3935663e-01;1.2750000e+02;-6.0639203e-02;1.2750000e+02;-5.3497389e-02;1.2750000e+02;-2.5220111e-02;1.2750000e+02;2.5768705e-02;1.2750000e+02;9.3097240e-02;1.2750000e+02;1.7182457e-01;1.2750000e+02;2.0818162e-01;1.2750000e+02;2.0629871e-01;1.2750000e+02;1.9850585e-01;1.2750000e+02;2.3092492e-01;1.2750000e+02;1.9438589e-01;1.2750000e+02;1.3943650e-01;1.2750000e+02;8.8043019e-02;1.2750000e+02;3.6782164e-02;1.2750000e+02;-8.4682368e-03;1.2750000e+02;-5.3433195e-02;1.2750000e+02;-9.3612365e-02;1.2750000e+02;-1.3935663e-01;1.2750000e+02;-6.0639203e-02;1.2750000e+02;-5.3497389e-02;1.2750000e+02;-2.5220111e-02;1.2750000e+02;2.5768705e-02;1.2750000e+02;9.3097240e-02;1.2750000e+02;1.7182457e-01;1.2750000e+02;2.0818162e-01;1.2750000e+02;2.0629871e-01;1.2750000e+02;1.9850585e-01;1.2750000e+02;2.3092492e-01;1.2750000e+02;1.9438589e-01;1.2750000e+02;1.3943650e-01;1.2750000e+02;8.8043019e-02;1.2750000e+02;3.6782164e-02;1.2750000e+02;-8.4682368e-03;1.2750000e+02;-5.3433195e-02;1.2750000e+02;-9.3612365e-02;1.2750000e+02;-1.3935663e-01;1.2750000e+02;-6.0639203e-02;1.2750000e+02;-5.3497389e-02;1.2750000e+02;-2.5220111e-02;1.2750000e+02;2.5768705e-02;1.2750000e+02;9.3097240e-02;1.2750000e+02;1.7182457e-01;1.2750000e+02;2.0818162e-01;1.2750000e+02;2.0629871e-01;1.2750000e+02;1.9850585e-01;1.2750000e+02;2.3092492e-01;1.2750000e+02;1.9438589e-01;1.2750000e+02;1.3943650e-01;1.2750000e+02;8.8043019e-02;1.2750000e+02;3.6782164e-02;1.2750000e+02;-8.4682368e-03;1.2750000e+02;-5.3433195e-02;1.2750000e+02;-9.3612365e-02;1.2750000e+02;-1.3935663e-01
1.3250000e+02;-6.8082318e-02;1.3250000e+02;-5.4236241e-02;1.3250000e+02;-1.6168736e-02;1.3250000e+02;4.0662162e-02;1.3250000e+02;1.1266061e-01;1.3250000e+02;1.8864220e-01;1.3250000e+02;2.2060084e-01;1.3250000e+02;2.0952758e-01;1.3250000e+02;1.9564247e-01;1.3250000e+02;2.3184910e-01;1.3250000e+02;1.9668283e-01;1.3250000e+02;1.4446826e-01;1.3250000e+02;8.9762531e-02;1.3250000e+02;4.3867443e-02;1.3250000e+02;-4.2091887e-03;1.3250000e+02;-4.5332417e-02;1.3250000e+02;-8.8572085e-02;1.3250000e+02;-1.3286453e-01;1.3250000e+02;-6.8082318e-02;1.3250000e+02;-5.4236241e-02;1.3250000e+02;-1.6168736e-02;1.3250000e+02;4.0662162e-02;1.3250000e+02;1.1266061e-01;1.3250000e+02;1.8864220e-01;1.3250000e+02;2.2060084e-01;1.3250000e+02;2.0952758e-01;1.3250000e+02;1.9564247e-01;1.3250000e+02;2.3184910e-01;1.3250000e+02;1.9668283e-01;1.3250000e+02;1.4446826e-01;1.3250000e+02;8.9762531e-02;1.3250000e+02;4.3867443e-02;1.3250000e+02;-4.2091887e-03;1.3250000e+02;-4.5332417e-02;1.3250000e+02;-8.8572085e-02;1.3250000e+02;-1.3286453e-01;1.3250000e+02;-6.8082318e-02;1.3250000e+02;-5.4236241e-02;1.3250000e+02;-1.6168736e-02;1.3250000e+02;4.0662162e-02;1.3250000e+02;1.1266061e-01;1.3250000e+02;1.8864220e-01;1.3250000e+02;2.2060084e-01;1.3250000e+02;2.0952758e-01;1.3250000e+02;1.9564247e-01;1.3250000e+02;2.3184910e-01;1.3250000e+02;1.9668283e-01;1.3250000e+02;1.4446826e-01;1.3250000e+02;8.9762531e-02;1.3250000e+02;4.3867443e-02;1.3250000e+02;-4.2091887e-03;1.3250000e+02;-4.5332417e-02;1.3250000e+02;-8.8572085e-02;1.3250000e+02;-1.3286453e-01;1.3250000e+02;-6.8082318e-02;1.3250000e+02;-5.4236241e-02;1.3250000e+02;-1.6168736e-02;1.3250000e+02;4.0662162e-02;1.3250000e+02;1.1266061e-01;1.3250000e+02;1.8864220e-01;1.3250000e+02;2.2060084e-01;1.3250000e+02;2.0952758e-01;1.3250000e+02;1.9564247e-01;1.3250000e+02;2.3184910e-01;1.3250000e+02;1.9668283e-01;1.3250000e+02;1.4446826e-01;1.3250000e+02;8.9762531e-02;1.3250000e+02;4.3867443e-02;1.3250000e+02;-4.2091887e-03;1.3250000e+02;-4.5332417e-02;1.3250000e+02;-8.8572085e-02;1.3250000e+02;-1.3286453e-01;1.3250000e+02;-6.8082318e-02;1.3250000e+02;-5.4236241e-02;1.3250000e+02;-1.6168736e-02;1.3250000e+02;4.0662162e-02;1.3250000e+02;1.1266061e-01;1.3250000e+02;1.8864220e-01;1.3250000e+02;2.2060084e-01;1.3250000e+02;2.0952758e-01;1.3250000e+02;1.9564247e-01;1.3250000e+02;2.3184910e-01;1.3250000e+02;1.9668283e-01;1.3250000e+02;1.4446826e-01;1.3250000e+02;8.9762531e-02;1.3250000e+02;4.3867443e-02;1.3250000e+02;-4.2091887e-03;1.3250000e+02;-4.5332417e-02;1.3250000e+02;-8.8572085e-02;1.3250000e+02;-1.3286453e-01;1.3250000e+02;-6.8082318e-02;1.3250000e+02;-5.4236241e-02;1.3250000e+02;-1.6168736e-02;1.3250000e+02;4.0662162e-02;1.3250000e+02;1.1266061e-01;1.3250000e+02;1.8864220e-01;1.3250000e+02;2.2060084e-01;1.3250000e+02;2.0952758e-01;1.3250000e+02;1.9564247e-01;1.3250000e+02;2.3184910e-01;1.3250000e+02;1.9668283e-01;1.3250000e+02;1.4446826e-01;1.3250000e+02;8.9762531e-02;1.3250000e+02;4.3867443e-02;1.3250000e+02;-4.2091887e-03;1.3250000e+02;-4.5332417e-02;1.3250000e+02;-8.8572085e-02;1.3250000e+02;-1.3286453e-01;1.3250000e+02;-6.8082318e-02;1.3250000e+02;-5.4236241e-02;1.3250000e+02;-1.6168736e-02;1.3250000e+02;4.0662162e-02;1.3250000e+02;1.1266061e-01;1.3250000e+02;1.8864220e-01;1.3250000e+02;2.2060084e-01;1.3250000e+02;2.0952758e-01;1.3250000e+02;1.9564247e-01;1.3250000e+02;2.3184910e-01;1.3250000e+02;1.9668283e-01;1.3250000e+02;1.4446826e-01;1.3250000e+02;8.9762531e-02;1.3250000e+02;4.3867443e-02;1.3250000e+02;-4.2091887e-03;1.3250000e+02;-4.5332417e-02;1.3250000e+02;-8.8572085e-02;1.3250000e+02;-1.3286453e-01;1.3250000e+02;-6.8082318e-02;1.3250000e+02;-5.4236241e-02;1.3250000e+02;-1.6168736e-02;1.3250000e+02;4.0662162e-02;1.3250000e+02;1.1266061e-01;1.3250000e+02;1.8864220e-01;1.3250000e+02;2.2060084e-01;1.3250000e+02;2.0952758e-01;1.3250000e+02;1.9564247e-01;1.3250000e+02;2.3184910e-01;1.3250000e+02;1.9668283e-01;1.3250000e+02;1.4446826e-01;1.3250000e+02;8.9762531e-02;1.3250000e+02;4.3867443e-02;1.3250000e+02;-4.2091887e-03;1.3250000e+02;-4.5332417e-02;1.3250000e+02;-8.8572085e-02;1.3250000e+02;-1.3286453e-01;1.3250000e+02;-6.8082318e-02;1.3250000e+02;-5.4236241e-02;1.3250000e+02;-1.6168736e-02;1.3250000e+02;4.0662162e-02;1.3250000e+02;1.1266061e-01;1.3250000e+02;1.8864220e-01;1.3250000e+02;2.2060084e-01;1.3250000e+02;2.0952758e-01;1.3250000e+02;1.9564247e-01;1.3250000e+02;2.3184910e-01;1.3250000e+02;1.9668283e-01;1.3250000e+02;1.4446826e-01;1.3250000e+02;8.9762531e-02;1.3250000e+02;4.3867443e-02;1.3250000e+02;-4.2091887e-03;1.3250000e+02;-4.5332417e-02;1.3250000e+02;-8.8572085e-02;1.3250000e+02;-1.3286453e-01;1.3250000e+02;-6.8082318e-02;1.3250000e+02;-5.4236241e-02;1.3250000e+02;-1.6168736e-02;1.3250000e+02;4.0662162e-02;1.3250000e+02;1.1266061e-01;1.3250000e+02;1.8864220e-01;1.3250000e+02;2.2060084e-01;1.3250000e+02;2.0952758e-01;1.3250000e+02;1.9564247e-01;1.3250000e+02;2.3184910e-01;1.3250000e+02;1.9668283e-01;1.3250000e+02;1.4446826e-01;1.3250000e+02;8.9762531e-02;1.3250000e+02;4.3867443e-02;1.3250000e+02;-4.2091887e-03;1.3250000e+02;-4.5332417e-02;1.3250000e+02;-8.8572085e-02;1.3250000e+02;-1.3286453e-01;1.3250000e+02;-6.8082318e-02;1.3250000e+02;-5.4236241e-02;1.3250000e+02;-1.6168736e-02;1.3250000e+02;4.0662162e-02;1.3250000e+02;1.1266061e-01;1.3250000e+02;1.8864220e-01;1.3250000e+02;2.2060084e-01;1.3250000e+02;2.0952758e-01;1.3250000e+02;1.9564247e-01;1.3250000e+02;2.3184910e-01;1.3250000e+02;1.9668283e-01;1.3250000e+02;1.4446826e-01;1.3250000e+02;8.9762531e-02;1.3250000e+02;4.3867443e-02;1.3250000e+02;-4.2091887e-03;1.3250000e+02;-4.5332417e-02;1.3250000e+02;-8.8572085e-02;1.3250000e+02;-1.3286453e-01;1.3250000e+02;-6.8082318e-02;1.3250000e+02;-5.4236241e-02;1.3250000e+02;-1.6168736e-02;1.3250000e+02;4.0662162e-02;1.3250000e+02;1.1266061e-01;1.3250000e+02;1.8864220e-01;1.3250000e+02;2.2060084e-01;1.3250000e+02;2.0952758e-01;1.3250000e+02;1.9564247e-01;1.3250000e+02;2.3184910e-01;1.3250000e+02;1.9668283e-01;1.3250000e+02;1.4446826e-01;1.3250000e+02;8.9762531e-02;1.3250000e+02;4.3867443e-02;1.3250000e+02;-4.2091887e-03;1.3250000e+02;-4.5332417e-02;1.3250000e+02;-8.8572085e-02;1.3250000e+02;-1.3286453e-01;1.3250000e+02;-6.8082318e-02;1.3250000e+02;-5.4236241e-02;1.3250000e+02;-1.6168736e-02;1.3250000e+02;4.0662162e-02;1.3250000e+02;1.1266061e-01;1.3250000e+02;1.8864220e-01;1.3250000e+02;2.2060084e-01;1.3250000e+02;2.0952758e-01;1.3250000e+02;1.9564247e-01;1.3250000e+02;2.3184910e-01;1.3250000e+02;1.9668283e-01;1.3250000e+02;1.4446826e-01;1.3250000e+02;8.9762531e-02;1.3250000e+02;4.3867443e-02;1.3250000e+02;-4.2091887e-03;1.3250000e+02;-4.5332417e-02;1.3250000e+02;-8.8572085e-02;1.3250000e+02;-1.3286453e-01;1.3250000e+02;-6.8082318e-02;1.3250000e+02;-5.4236241e-02;1.3250000e+02;-1.6168736e-02;1.3250000e+02;4.0662162e-02;1.3250000e+02;1.1266061e-01;1.3250000e+02;1.8864220e-01;1.3250000e+02;2.2060084e-01;1.3250000e+02;2.0952758e-01;1.3250000e+02;1.9564247e-01;1.3250000e+02;2.3184910e-01;1.3250000e+02;1.9668283e-01;1.3250000e+02;1.4446826e-01;1.3250000e+02;8.9762531e-02;1.3250000e+02;4.3867443e-02;1.3250000e+02;-4.2091887e-03;1.3250000e+02;-4.5332417e-02;1.3250000e+02;-8.8572085e-02;1.3250000e+02;-1.3286453e-01;1.3250000e+02;-6.8082318e-02;1.3250000e+02;-5.4236241e-02;1.3250000e+02;-1.6168736e-02;1.3250000e+02;4.0662162e-02;1.3250000e+02;1.1266061e-01;1.3250000e+02;1.8864220e-01;1.3250000e+02;2.2060084e-01;1.3250000e+02;2.0952758e-01;1.3250000e+02;1.9564247e-01;1.3250000e+02;2.3184910e-01;1.3250000e+02;1.9668283e-01;1.3250000e+02;1.4446826e-01;1.3250000e+02;8.9762531e-02;1.3250000e+02;4.3867443e-02;1.3250000e+02;-4.2091887e-03;1.3250000e+02;-4.5332417e-02;1.3250000e+02;-8.8572085e-02;1.3250000e+02;-1.3286453e-01;1.3250000e+02;-6.8082318e-02;1.3250000e+02;-5.4236241e-02;1.3250000e+02;-1.6168736e-02;1.3250000e+02;4.0662162e-02;1.3250000e+02;1.1266061e-01;1.3250000e+02;1.8864220e-01;1.3250000e+02;2.2060084e-01;1.3250000e+02;2.0952758e-01;1.3250000e+02;1.9564247e-01;1.3250000e+02;2.3184910e-01;1.3250000e+02;1.9668283e-01;1.3250000e+02;1.4446826e-01;1.3250000e+02;8.9762531e-02;1.3250000e+02;4.3867443e-02;1.3250000e+02;-4.2091887e-03;1.3250000e+02;-4.5332417e-02;1.3250000e+02;-8.8572085e-02;1.3250000e+02;-1.3286453e-01;1.3250000e+02;-6.8082318e-02;1.3250000e+02;-5.4236241e-02;1.3250000e+02;-1.6168736e-02;1.3250000e+02;4.0662162e-02;1.3250000e+02;1.1266061e-01;1.3250000e+02;1.8864220e-01;1.3250000e+02;2.2060084e-01;1.3250000e+02;2.0952758e-01;1.3250000e+02;1.9564247e-01;1.3250000e+02;2.3184910e-01;1.3250000e+02;1.9668283e-01;1.3250000e+02;1.4446826e-01;1.3250000e+02;8.9762531e-02;1.3250000e+02;4.3867443e-02;1.3250000e+02;-4.2091887e-03;1.3250000e+02;-4.5332417e-02;1.3250000e+02;-8.8572085e-02;1.3250000e+02;-1.3286453e-01;1.3250000e+02;-6.8082318e-02;1.3250000e+02;-5.4236241e-02;1.3250000e+02;-1.6168736e-02;1.3250000e+02;4.0662162e-02;1.3250000e+02;1.1266061e-01;1.3250000e+02;1.8864220e-01;1.3250000e+02;2.2060084e-01;1.3250000e+02;2.0952758e-01;1.3250000e+02;1.9564247e-01;1.3250000e+02;2.3184910e-01;1.3250000e+02;1.9668283e-01;1.3250000e+02;1.4446826e-01;1.3250000e+02;8.9762531e-02;1.3250000e+02;4.3867443e-02;1.3250000e+02;-4.2091887e-03;1.3250000e+02;-4.5332417e-02;1.3250000e+02;-8.8572085e-02;1.3250000e+02;-1.3286453e-01;1.3250000e+02;-6.8082318e-02;1.3250000e+02;-5.4236241e-02;1.3250000e+02;-1.6168736e-02;1.3250000e+02;4.0662162e-02;1.3250000e+02;1.1266061e-01;1.3250000e+02;1.8864220e-01;1.3250000e+02;2.2060084e-01;1.3250000e+02;2.0952758e-01;1.3250000e+02;1.9564247e-01;1.3250000e+02;2.3184910e-01;1.3250000e+02;1.9668283e-01;1.3250000e+02;1.4446826e-01;1.3250000e+02;8.9762531e-02;1.3250000e+02;4.3867443e-02;1.3250000e+02;-4.2091887e-03;1.3250000e+02;-4.5332417e-02;1.3250000e+02;-8.8572085e-02;1.3250000e+02;-1.3286453e-01;1.3250000e+02;-6.8082318e-02;1.3250000e+02;-5.4236241e-02;1.3250000e+02;-1.6168736e-02;1.3250000e+02;4.0662162e-02;1.3250000e+02;1.1266061e-01;1.3250000e+02;1.8864220e-01;1.3250000e+02;2.2060084e-01;1.3250000e+02;2.0952758e-01;1.3250000e+02;1.9564247e-01;1.3250000e+02;2.3184910e-01;1.3250000e+02;1.9668283e-01;1.3250000e+02;1.4446826e-01;1.3250000e+02;8.9762531e-02;1.3250000e+02;4.3867443e-02;1.3250000e+02;-4.2091887e-03;1.3250000e+02;-4.5332417e-02;1.3250000e+02;-8.8572085e-02;1.3250000e+02;-1.3286453e-01;1.3250000e+02;-6.8082318e-02;1.3250000e+02;-5.4236241e-02;1.3250000e+02;-1.6168736e-02;1.3250000e+02;4.0662162e-02;1.3250000e+02;1.1266061e-01;1.3250000e+02;1.8864220e-01;1.3250000e+02;2.2060084e-01;1.3250000e+02;2.0952758e-01;1.3250000e+02;1.9564247e-01;1.3250000e+02;2.3184910e-01;1.3250000e+02;1.9668283e-01;1.3250000e+02;1.4446826e-01;1.3250000e+02;8.9762531e-02;1.3250000e+02;4.3867443e-02;1.3250000e+02;-4.2091887e-03;1.3250000e+02;-4.5332417e-02;1.3250000e+02;-8.8572085e-02;1.3250000e+02;-1.3286453e-01;1.3250000e+02;-6.8082318e-02;1.3250000e+02;-5.4236241e-02;1.3250000e+02;-1.6168736e-02;1.3250000e+02;4.0662162e-02;1.3250000e+02;1.1266061e-01;1.3250000e+02;1.8864220e-01;1.3250000e+02;2.2060084e-01;1.3250000e+02;2.0952758e-01;1.3250000e+02;1.9564247e-01;1.3250000e+02;2.3184910e-01;1.3250000e+02;1.9668283e-01;1.3250000e+02;1.4446826e-01;1.3250000e+02;8.9762531e-02;1.3250000e+02;4.3867443e-02;1.3250000e+02;-4.2091887e-03;1.3250000e+02;-4.5332417e-02;1.3250000e+02;-8.8572085e-02;1.3250000e+02;-1.3286453e-01;1.3250000e+02;-6.8082318e-02;1.3250000e+02;-5.4236241e-02;1.3250000e+02;-1.6168736e-02;1.3250000e+02;4.0662162e-02;1.3250000e+02;1.1266061e-01;1.3250000e+02;1.8864220e-01;1.3250000e+02;2.2060084e-01;1.3250000e+02;2.0952758e-01;1.3250000e+02;1.9564247e-01;1.3250000e+02;2.3184910e-01;1.3250000e+02;1.9668283e-01;1.3250000e+02;1.4446826e-01;1.3250000e+02;8.9762531e-02;1.3250000e+02;4.3867443e-02;1.3250000e+02;-4.2091887e-03;1.3250000e+02;-4.5332417e-02;1.3250000e+02;-8.8572085e-02;1.3250000e+02;-1.3286453e-01;1.3250000e+02;-6.8082318e-02;1.3250000e+02;-5.4236241e-02;1.3250000e+02;-1.6168736e-02;1.3250000e+02;4.0662162e-02;1.3250000e+02;1.1266061e-01;1.3250000e+02;1.8864220e-01;1.3250000e+02;2.2060084e-01;1.3250000e+02;2.0952758e-01;1.3250000e+02;1.9564247e-01;1.3250000e+02;2.3184910e-01;1.3250000e+02;1.9668283e-01;1.3250000e+02;1.4446826e-01;1.3250000e+02;8.9762531e-02;1.3250000e+02;4.3867443e-02;1.3250000e+02;-4.2091887e-03;1.3250000e+02;-4.5332417e-02;1.3250000e+02;-8.8572085e-02;1.3250000e+02;-1.3286453e-01;1.3250000e+02;-6.8082318e-02;1.3250000e+02;-5.4236241e-02;1.3250000e+02;-1.6168736e-02;1.3250000e+02;4.0662162e-02;1.3250000e+02;1.1266061e-01;1.3250000e+02;1.8864220e-01;1.3250000e+02;2.2060084e-01;1.3250000e+02;2.0952758e-01;1.3250000e+02;1.9564247e-01;1.3250000e+02;2.3184910e-01;1.3250000e+02;1.9668283e-01;1.3250000e+02;1.4446826e-01;1.3250000e+02;8.9762531e-02;1.3250000e+02;4.3867443e-02;1.3250000e+02;-4.2091887e-03;1.3250000e+02;-4.5332417e-02;1.3250000e+02;-8.8572085e-02;1.3250000e+02;-1.3286453e-01;1.3250000e+02;-6.8082318e-02;1.3250000e+02;-5.4236241e-02;1.3250000e+02;-1.6168736e-02;1.3250000e+02;4.0662162e-02;1.3250000e+02;1.1266061e-01;1.3250000e+02;1.8864220e-01;1.3250000e+02;2.2060084e-01;1.3250000e+02;2.0952758e-01;1.3250000e+02;1.9564247e-01;1.3250000e+02;2.3184910e-01;1.3250000e+02;1.9668283e-01;1.3250000e+02;1.4446826e-01;1.3250000e+02;8.9762531e-02;1.3250000e+02;4.3867443e-02;1.3250000e+02;-4.2091887e-03;1.3250000e+02;-4.5332417e-02;1.3250000e+02;-8.8572085e-02;1.3250000e+02;-1.3286453e-01;1.3250000e+02;-6.8082318e-02;1.3250000e+02;-5.4236241e-02;1.3250000e+02;-1.6168736e-02;1.3250000e+02;4.0662162e-02;1.3250000e+02;1.1266061e-01;1.3250000e+02;1.8864220e-01;1.3250000e+02;2.2060084e-01;1.3250000e+02;2.0952758e-01;1.3250000e+02;1.9564247e-01;1.3250000e+02;2.3184910e-01;1.3250000e+02;1.9668283e-01;1.3250000e+02;1.4446826e-01;1.3250000e+02;8.9762531e-02;1.3250000e+02;4.3867443e-02;1.3250000e+02;-4.2091887e-03;1.3250000e+02;-4.5332417e-02;1.3250000e+02;-8.8572085e-02;1.3250000e+02;-1.3286453e-01;1.3250000e+02;-6.8082318e-02;1.3250000e+02;-5.4236241e-02;1.3250000e+02;-1.6168736e-02;1.3250000e+02;4.0662162e-02;1.3250000e+02;1.1266061e-01;1.3250000e+02;1.8864220e-01;1.3250000e+02;2.2060084e-01;1.3250000e+02;2.0952758e-01;1.3250000e+02;1.9564247e-01;1.3250000e+02;2.3184910e-01;1.3250000e+02;1.9668283e-01;1.3250000e+02;1.4446826e-01;1.3250000e+02;8.9762531e-02;1.3250000e+02;4.3867443e-02;1.3250000e+02;-4.2091887e-03;1.3250000e+02;-4.5332417e-02;1.3250000e+02;-8.8572085e-02;1.3250000e+02;-1.3286453e-01;1.3250000e+02;-6.8082318e-02;1.3250000e+02;-5.4236241e-02;1.3250000e+02;-1.6168736e-02;1.3250000e+02;4.0662162e-02;1.3250000e+02;1.1266061e-01;1.3250000e+02;1.8864220e-01;1.3250000e+02;2.2060084e-01;1.3250000e+02;2.0952758e-01;1.3250000e+02;1.9564247e-01;1.3250000e+02;2.3184910e-01;1.3250000e+02;1.9668283e-01;1.3250000e+02;1.4446826e-01;1.3250000e+02;8.9762531e-02;1.3250000e+02;4.3867443e-02;1.3250000e+02;-4.2091887e-03;1.3250000e+02;-4.5332417e-02;1.3250000e+02;-8.8572085e-02;1.3250000e+02;-1.3286453e-01;1.3250000e+02;-6.8082318e-02;1.3250000e+02;-5.4236241e-02;1.3250000e+02;-1.6168736e-02;1.3250000e+02;4.0662162e-02;1.3250000e+02;1.1266061e-01;1.3250000e+02;1.8864220e-01;1.3250000e+02;2.2060084e-01;1.3250000e+02;2.0952758e-01;1.3250000e+02;1.9564247e-01;1.3250000e+02;2.3184910e-01;1.3250000e+02;1.9668283e-01;1.3250000e+02;1.4446826e-01;1.3250000e+02;8.9762531e-02;1.3250000e+02;4.3867443e-02;1.3250000e+02;-4.2091887e-03;1.3250000e+02;-4.5332417e-02;1.3250000e+02;-8.8572085e-02;1.3250000e+02;-1.3286453e-01;1.3250000e+02;-6.8082318e-02;1.3250000e+02;-5.4236241e-02;1.3250000e+02;-1.6168736e-02;1.3250000e+02;4.0662162e-02;1.3250000e+02;1.1266061e-01;1.3250000e+02;1.8864220e-01;1.3250000e+02;2.2060084e-01;1.3250000e+02;2.0952758e-01;1.3250000e+02;1.9564247e-01;1.3250000e+02;2.3184910e-01;1.3250000e+02;1.9668283e-01;1.3250000e+02;1.4446826e-01;1.3250000e+02;8.9762531e-02;1.3250000e+02;4.3867443e-02;1.3250000e+02;-4.2091887e-03;1.3250000e+02;-4.5332417e-02;1.3250000e+02;-8.8572085e-02;1.3250000e+02;-1.3286453e-01;1.3250000e+02;-6.8082318e-02;1.3250000e+02;-5.4236241e-02;1.3250000e+02;-1.6168736e-02;1.3250000e+02;4.0662162e-02;1.3250000e+02;1.1266061e-01;1.3250000e+02;1.8864220e-01;1.3250000e+02;2.2060084e-01;1.3250000e+02;2.0952758e-01;1.3250000e+02;1.9564247e-01;1.3250000e+02;2.3184910e-01;1.3250000e+02;1.9668283e-01;1.3250000e+02;1.4446826e-01;1.3250000e+02;8.9762531e-02;1.3250000e+02;4.3867443e-02;1.3250000e+02;-4.2091887e-03;1.3250000e+02;-4.5332417e-02;1.3250000e+02;-8.8572085e-02;1.3250000e+02;-1.3286453e-01;1.3250000e+02;-6.8082318e-02;1.3250000e+02;-5.4236241e-02;1.3250000e+02;-1.6168736e-02;1.3250000e+02;4.0662162e-02;1.3250000e+02;1.1266061e-01;1.3250000e+02;1.8864220e-01;1.3250000e+02;2.2060084e-01;1.3250000e+02;2.0952758e-01;1.3250000e+02;1.9564247e-01;1.3250000e+02;2.3184910e-01;1.3250000e+02;1.9668283e-01;1.3250000e+02;1.4446826e-01;1.3250000e+02;8.9762531e-02;1.3250000e+02;4.3867443e-02;1.3250000e+02;-4.2091887e-03;1.3250000e+02;-4.5332417e-02;1.3250000e+02;-8.8572085e-02;1.3250000e+02;-1.3286453e-01;1.3250000e+02;-6.8082318e-02;1.3250000e+02;-5.4236241e-02;1.3250000e+02;-1.6168736e-02;1.3250000e+02;4.0662162e-02;1.3250000e+02;1.1266061e-01;1.3250000e+02;1.8864220e-01;1.3250000e+02;2.2060084e-01;1.3250000e+02;2.0952758e-01;1.3250000e+02;1.9564247e-01;1.3250000e+02;2.3184910e-01;1.3250000e+02;1.9668283e-01;1.3250000e+02;1.4446826e-01;1.3250000e+02;8.9762531e-02;1.3250000e+02;4.3867443e-02;1.3250000e+02;-4.2091887e-03;1.3250000e+02;-4.5332417e-02;1.3250000e+02;-8.8572085e-02;1.3250000e+02;-1.3286453e-01;1.3250000e+02;-6.8082318e-02;1.3250000e+02;-5.4236241e-02;1.3250000e+02;-1.6168736e-02;1.3250000e+02;4.0662162e-02;1.3250000e+02;1.1266061e-01;1.3250000e+02;1.8864220e-01;1.3250000e+02;2.2060084e-01;1.3250000e+02;2.0952758e-01;1.3250000e+02;1.9564247e-01;1.3250000e+02;2.3184910e-01;1.3250000e+02;1.9668283e-01;1.3250000e+02;1.4446826e-01;1.3250000e+02;8.9762531e-02;1.3250000e+02;4.3867443e-02;1.3250000e+02;-4.2091887e-03;1.3250000e+02;-4.5332417e-02;1.3250000e+02;-8.8572085e-02;1.3250000e+02;-1.3286453e-01;1.3250000e+02;-6.8082318e-02;1.3250000e+02;-5.4236241e-02;1.3250000e+02;-1.6168736e-02;1.3250000e+02;4.0662162e-02;1.3250000e+02;1.1266061e-01;1.3250000e+02;1.8864220e-01;1.3250000e+02;2.2060084e-01;1.3250000e+02;2.0952758e-01;1.3250000e+02;1.9564247e-01;1.3250000e+02;2.3184910e-01;1.3250000e+02;1.9668283e-01;1.3250000e+02;1.4446826e-01;1.3250000e+02;8.9762531e-02;1.3250000e+02;4.3867443e-02;1.3250000e+02;-4.2091887e-03;1.3250000e+02;-4.5332417e-02;1.3250000e+02;-8.8572085e-02;1.3250000e+02;-1.3286453e-01;1.3250000e+02;-6.8082318e-02;1.3250000e+02;-5.4236241e-02;1.3250000e+02;-1.6168736e-02;1.3250000e+02;4.0662162e-02;1.3250000e+02;1.1266061e-01;1.3250000e+02;1.8864220e-01;1.3250000e+02;2.2060084e-01;1.3250000e+02;2.0952758e-01;1.3250000e+02;1.9564247e-01;1.3250000e+02;2.3184910e-01;1.3250000e+02;1.9668283e-01;1.3250000e+02;1.4446826e-01;1.3250000e+02;8.9762531e-02;1.3250000e+02;4.3867443e-02;1.3250000e+02;-4.2091887e-03;1.3250000e+02;-4.5332417e-02;1.3250000e+02;-8.8572085e-02;1.3250000e+02;-1.3286453e-01;1.3250000e+02;-6.8082318e-02;1.3250000e+02;-5.4236241e-02;1.3250000e+02;-1.6168736e-02;1.3250000e+02;4.0662162e-02;1.3250000e+02;1.1266061e-01;1.3250000e+02;1.8864220e-01;1.3250000e+02;2.2060084e-01;1.3250000e+02;2.0952758e-01;1.3250000e+02;1.9564247e-01;1.3250000e+02;2.3184910e-01;1.3250000e+02;1.9668283e-01;1.3250000e+02;1.4446826e-01;1.3250000e+02;8.9762531e-02;1.3250000e+02;4.3867443e-02;1.3250000e+02;-4.2091887e-03;1.3250000e+02;-4.5332417e-02;1.3250000e+02;-8.8572085e-02;1.3250000e+02;-1.3286453e-01;1.3250000e+02;-6.8082318e-02;1.3250000e+02;-5.4236241e-02;1.3250000e+02;-1.6168736e-02;1.3250000e+02;4.0662162e-02;1.3250000e+02;1.1266061e-01;1.3250000e+02;1.8864220e-01;1.3250000e+02;2.2060084e-01;1.3250000e+02;2.0952758e-01;1.3250000e+02;1.9564247e-01;1.3250000e+02;2.3184910e-01;1.3250000e+02;1.9668283e-01;1.3250000e+02;1.4446826e-01;1.3250000e+02;8.9762531e-02;1.3250000e+02;4.3867443e-02;1.3250000e+02;-4.2091887e-03;1.3250000e+02;-4.5332417e-02;1.3250000e+02;-8.8572085e-02;1.3250000e+02;-1.3286453e-01;1.3250000e+02;-6.8082318e-02;1.3250000e+02;-5.4236241e-02;1.3250000e+02;-1.6168736e-02;1.3250000e+02;4.0662162e-02;1.3250000e+02;1.1266061e-01;1.3250000e+02;1.8864220e-01;1.3250000e+02;2.2060084e-01;1.3250000e+02;2.0952758e-01;1.3250000e+02;1.9564247e-01;1.3250000e+02;2.3184910e-01;1.3250000e+02;1.9668283e-01;1.3250000e+02;1.4446826e-01;1.3250000e+02;8.9762531e-02;1.3250000e+02;4.3867443e-02;1.3250000e+02;-4.2091887e-03;1.3250000e+02;-4.5332417e-02;1.3250000e+02;-8.8572085e-02;1.3250000e+02;-1.3286453e-01;1.3250000e+02;-6.8082318e-02;1.3250000e+02;-5.4236241e-02;1.3250000e+02;-1.6168736e-02;1.3250000e+02;4.0662162e-02;1.3250000e+02;1.1266061e-01;1.3250000e+02;1.8864220e-01;1.3250000e+02;2.2060084e-01;1.3250000e+02;2.0952758e-01;1.3250000e+02;1.9564247e-01;1.3250000e+02;2.3184910e-01;1.3250000e+02;1.9668283e-01;1.3250000e+02;1.4446826e-01;1.3250000e+02;8.9762531e-02;1.3250000e+02;4.3867443e-02;1.3250000e+02;-4.2091887e-03;1.3250000e+02;-4.5332417e-02;1.3250000e+02;-8.8572085e-02;1.3250000e+02;-1.3286453e-01;1.3250000e+02;-6.8082318e-02;1.3250000e+02;-5.4236241e-02;1.3250000e+02;-1.6168736e-02;1.3250000e+02;4.0662162e-02;1.3250000e+02;1.1266061e-01;1.3250000e+02;1.8864220e-01;1.3250000e+02;2.2060084e-01;1.3250000e+02;2.0952758e-01;1.3250000e+02;1.9564247e-01;1.3250000e+02;2.3184910e-01;1.3250000e+02;1.9668283e-01;1.3250000e+02;1.4446826e-01;1.3250000e+02;8.9762531e-02;1.3250000e+02;4.3867443e-02;1.3250000e+02;-4.2091887e-03;1.3250000e+02;-4.5332417e-02;1.3250000e+02;-8.8572085e-02;1.3250000e+02;-1.3286453e-01;1.3250000e+02;-6.8082318e-02;1.3250000e+02;-5.4236241e-02;1.3250000e+02;-1.6168736e-02;1.3250000e+02;4.0662162e-02;1.3250000e+02;1.1266061e-01;1.3250000e+02;1.8864220e-01;1.3250000e+02;2.2060084e-01;1.3250000e+02;2.0952758e-01;1.3250000e+02;1.9564247e-01;1.3250000e+02;2.3184910e-01;1.3250000e+02;1.9668283e-01;1.3250000e+02;1.4446826e-01;1.3250000e+02;8.9762531e-02;1.3250000e+02;4.3867443e-02;1.3250000e+02;-4.2091887e-03;1.3250000e+02;-4.5332417e-02;1.3250000e+02;-8.8572085e-02;1.3250000e+02;-1.3286453e-01;1.3250000e+02;-6.8082318e-02;1.3250000e+02;-5.4236241e-02;1.3250000e+02;-1.6168736e-02;1.3250000e+02;4.0662162e-02;1.3250000e+02;1.1266061e-01;1.3250000e+02;1.8864220e-01;1.3250000e+02;2.2060084e-01;1.3250000e+02;2.0952758e-01;1.3250000e+02;1.9564247e-01;1.3250000e+02;2.3184910e-01;1.3250000e+02;1.9668283e-01;1.3250000e+02;1.4446826e-01;1.3250000e+02;8.9762531e-02;1.3250000e+02;4.3867443e-02;1.3250000e+02;-4.2091887e-03;1.3250000e+02;-4.5332417e-02;1.3250000e+02;-8.8572085e-02;1.3250000e+02;-1.3286453e-01;1.3250000e+02;-6.8082318e-02;1.3250000e+02;-5.4236241e-02;1.3250000e+02;-1.6168736e-02;1.3250000e+02;4.0662162e-02;1.3250000e+02;1.1266061e-01;1.3250000e+02;1.8864220e-01;1.3250000e+02;2.2060084e-01;1.3250000e+02;2.0952758e-01;1.3250000e+02;1.9564247e-01;1.3250000e+02;2.3184910e-01;1.3250000e+02;1.9668283e-01;1.3250000e+02;1.4446826e-01;1.3250000e+02;8.9762531e-02;1.3250000e+02;4.3867443e-02;1.3250000e+02;-4.2091887e-03;1.3250000e+02;-4.5332417e-02;1.3250000e+02;-8.8572085e-02;1.3250000e+02;-1.3286453e-01;1.3250000e+02;-6.8082318e-02;1.3250000e+02;-5.4236241e-02;1.3250000e+02;-1.6168736e-02;1.3250000e+02;4.0662162e-02;1.3250000e+02;1.1266061e-01;1.3250000e+02;1.8864220e-01;1.3250000e+02;2.2060084e-01;1.3250000e+02;2.0952758e-01;1.3250000e+02;1.9564247e-01;1.3250000e+02;2.3184910e-01;1.3250000e+02;1.9668283e-01;1.3250000e+02;1.4446826e-01;1.3250000e+02;8.9762531e-02;1.3250000e+02;4.3867443e-02;1.3250000e+02;-4.2091887e-03;1.3250000e+02;-4.5332417e-02;1.3250000e+02;-8.8572085e-02;1.3250000e+02;-1.3286453e-01;1.3250000e+02;-6.8082318e-02;1.3250000e+02;-5.4236241e-02;1.3250000e+02;-1.6168736e-02;1.3250000e+02;4.0662162e-02;1.3250000e+02;1.1266061e-01;1.3250000e+02;1.8864220e-01;1.3250000e+02;2.2060084e-01;1.3250000e+02;2.0952758e-01;1.3250000e+02;1.9564247e-01;1.3250000e+02;2.3184910e-01;1.3250000e+02;1.9668283e-01;1.3250000e+02;1.4446826e-01;1.3250000e+02;8.9762531e-02;1.3250000e+02;4.3867443e-02;1.3250000e+02;-4.2091887e-03;1.3250000e+02;-4.5332417e-02;1.3250000e+02;-8.8572085e-02;1.3250000e+02;-1.3286453e-01;1.3250000e+02;-6.8082318e-02;1.3250000e+02;-5.4236241e-02;1.3250000e+02;-1.6168736e-02;1.3250000e+02;4.0662162e-02;1.3250000e+02;1.1266061e-01;1.3250000e+02;1.8864220e-01;1.3250000e+02;2.2060084e-01;1.3250000e+02;2.0952758e-01;1.3250000e+02;1.9564247e-01;1.3250000e+02;2.3184910e-01;1.3250000e+02;1.9668283e-01;1.3250000e+02;1.4446826e-01;1.3250000e+02;8.9762531e-02;1.3250000e+02;4.3867443e-02;1.3250000e+02;-4.2091887e-03;1.3250000e+02;-4.5332417e-02;1.3250000e+02;-8.8572085e-02;1.3250000e+02;-1.3286453e-01;1.3250000e+02;-6.8082318e-02;1.3250000e+02;-5.4236241e-02;1.3250000e+02;-1.6168736e-02;1.3250000e+02;4.0662162e-02;1.3250000e+02;1.1266061e-01;1.3250000e+02;1.8864220e-01;1.3250000e+02;2.2060084e-01;1.3250000e+02;2.0952758e-01;1.3250000e+02;1.9564247e-01;1.3250000e+02;2.3184910e-01;1.3250000e+02;1.9668283e-01;1.3250000e+02;1.4446826e-01;1.3250000e+02;8.9762531e-02;1.3250000e+02;4.3867443e-02;1.3250000e+02;-4.2091887e-03;1.3250000e+02;-4.5332417e-02;1.3250000e+02;-8.8572085e-02;1.3250000e+02;-1.3286453e-01;1.3250000e+02;-6.8082318e-02;1.3250000e+02;-5.4236241e-02;1.3250000e+02;-1.6168736e-02;1.3250000e+02;4.0662162e-02;1.3250000e+02;1.1266061e-01;1.3250000e+02;1.8864220e-01;1.3250000e+02;2.2060084e-01;1.3250000e+02;2.0952758e-01;1.3250000e+02;1.9564247e-01;1.3250000e+02;2.3184910e-01;1.3250000e+02;1.9668283e-01;1.3250000e+02;1.4446826e-01;1.3250000e+02;8.9762531e-02;1.3250000e+02;4.3867443e-02;1.3250000e+02;-4.2091887e-03;1.3250000e+02;-4.5332417e-02;1.3250000e+02;-8.8572085e-02;1.3250000e+02;-1.3286453e-01;1.3250000e+02;-6.8082318e-02;1.3250000e+02;-5.4236241e-02;1.3250000e+02;-1.6168736e-02;1.3250000e+02;4.0662162e-02;1.3250000e+02;1.1266061e-01;1.3250000e+02;1.8864220e-01;1.3250000e+02;2.2060084e-01;1.3250000e+02;2.0952758e-01;1.3250000e+02;1.9564247e-01;1.3250000e+02;2.3184910e-01;1.3250000e+02;1.9668283e-01;1.3250000e+02;1.4446826e-01;1.3250000e+02;8.9762531e-02;1.3250000e+02;4.3867443e-02;1.3250000e+02;-4.2091887e-03;1.3250000e+02;-4.5332417e-02;1.3250000e+02;-8.8572085e-02;1.3250000e+02;-1.3286453e-01;1.3250000e+02;-6.8082318e-02;1.3250000e+02;-5.4236241e-02;1.3250000e+02;-1.6168736e-02;1.3250000e+02;4.0662162e-02;1.3250000e+02;1.1266061e-01;1.3250000e+02;1.8864220e-01;1.3250000e+02;2.2060084e-01;1.3250000e+02;2.0952758e-01;1.3250000e+02;1.9564247e-01;1.3250000e+02;2.3184910e-01;1.3250000e+02;1.9668283e-01;1.3250000e+02;1.4446826e-01;1.3250000e+02;8.9762531e-02;1.3250000e+02;4.3867443e-02;1.3250000e+02;-4.2091887e-03;1.3250000e+02;-4.5332417e-02;1.3250000e+02;-8.8572085e-02;1.3250000e+02;-1.3286453e-01;1.3250000e+02;-6.8082318e-02;1.3250000e+02;-5.4236241e-02;1.3250000e+02;-1.6168736e-02;1.3250000e+02;4.0662162e-02;1.3250000e+02;1.1266061e-01;1.3250000e+02;1.8864220e-01;1.3250000e+02;2.2060084e-01;1.3250000e+02;2.0952758e-01;1.3250000e+02;1.9564247e-01;1.3250000e+02;2.3184910e-01;1.3250000e+02;1.9668283e-01;1.3250000e+02;1.4446826e-01;1.3250000e+02;8.9762531e-02;1.3250000e+02;4.3867443e-02;1.3250000e+02;-4.2091887e-03;1.3250000e+02;-4.5332417e-02;1.3250000e+02;-8.8572085e-02;1.3250000e+02;-1.3286453e-01;1.3250000e+02;-6.8082318e-02;1.3250000e+02;-5.4236241e-02;1.3250000e+02;-1.6168736e-02;1.3250000e+02;4.0662162e-02;1.3250000e+02;1.1266061e-01;1.3250000e+02;1.8864220e-01;1.3250000e+02;2.2060084e-01;1.3250000e+02;2.0952758e-01;1.3250000e+02;1.9564247e-01;1.3250000e+02;2.3184910e-01;1.3250000e+02;1.9668283e-01;1.3250000e+02;1.4446826e-01;1.3250000e+02;8.9762531e-02;1.3250000e+02;4.3867443e-02;1.3250000e+02;-4.2091887e-03;1.3250000e+02;-4.5332417e-02;1.3250000e+02;-8.8572085e-02;1.3250000e+02;-1.3286453e-01;1.3250000e+02;-6.8082318e-02;1.3250000e+02;-5.4236241e-02;1.3250000e+02;-1.6168736e-02;1.3250000e+02;4.0662162e-02;1.3250000e+02;1.1266061e-01;1.3250000e+02;1.8864220e-01;1.3250000e+02;2.2060084e-01;1.3250000e+02;2.0952758e-01;1.3250000e+02;1.9564247e-01;1.3250000e+02;2.3184910e-01;1.3250000e+02;1.9668283e-01;1.3250000e+02;1.4446826e-01;1.3250000e+02;8.9762531e-02;1.3250000e+02;4.3867443e-02;1.3250000e+02;-4.2091887e-03;1.3250000e+02;-4.5332417e-02;1.3250000e+02;-8.8572085e-02;1.3250000e+02;-1.3286453e-01;1.3250000e+02;-6.8082318e-02;1.3250000e+02;-5.4236241e-02;1.3250000e+02;-1.6168736e-02;1.3250000e+02;4.0662162e-02;1.3250000e+02;1.1266061e-01;1.3250000e+02;1.8864220e-01;1.3250000e+02;2.2060084e-01;1.3250000e+02;2.0952758e-01;1.3250000e+02;1.9564247e-01;1.3250000e+02;2.3184910e-01;1.3250000e+02;1.9668283e-01;1.3250000e+02;1.4446826e-01;1.3250000e+02;8.9762531e-02;1.3250000e+02;4.3867443e-02;1.3250000e+02;-4.2091887e-03;1.3250000e+02;-4.5332417e-02;1.3250000e+02;-8.8572085e-02;1.3250000e+02;-1.3286453e-01;1.3250000e+02;-6.8082318e-02;1.3250000e+02;-5.4236241e-02;1.3250000e+02;-1.6168736e-02;1.3250000e+02;4.0662162e-02;1.3250000e+02;1.1266061e-01;1.3250000e+02;1.8864220e-01;1.3250000e+02;2.2060084e-01;1.3250000e+02;2.0952758e-01;1.3250000e+02;1.9564247e-01;1.3250000e+02;2.3184910e-01;1.3250000e+02;1.9668283e-01;1.3250000e+02;1.4446826e-01;1.3250000e+02;8.9762531e-02;1.3250000e+02;4.3867443e-02;1.3250000e+02;-4.2091887e-03;1.3250000e+02;-4.5332417e-02;1.3250000e+02;-8.8572085e-02;1.3250000e+02;-1.3286453e-01;1.3250000e+02;-6.8082318e-02;1.3250000e+02;-5.4236241e-02;1.3250000e+02;-1.6168736e-02;1.3250000e+02;4.0662162e-02;1.3250000e+02;1.1266061e-01;1.3250000e+02;1.8864220e-01;1.3250000e+02;2.2060084e-01;1.3250000e+02;2.0952758e-01;1.3250000e+02;1.9564247e-01;1.3250000e+02;2.3184910e-01;1.3250000e+02;1.9668283e-01;1.3250000e+02;1.4446826e-01;1.3250000e+02;8.9762531e-02;1.3250000e+02;4.3867443e-02;1.3250000e+02;-4.2091887e-03;1.3250000e+02;-4.5332417e-02;1.3250000e+02;-8.8572085e-02;1.3250000e+02;-1.3286453e-01;1.3250000e+02;-6.8082318e-02;1.3250000e+02;-5.4236241e-02;1.3250000e+02;-1.6168736e-02;1.3250000e+02;4.0662162e-02;1.3250000e+02;1.1266061e-01;1.3250000e+02;1.8864220e-01;1.3250000e+02;2.2060084e-01;1.3250000e+02;2.0952758e-01;1.3250000e+02;1.9564247e-01;1.3250000e+02;2.3184910e-01;1.3250000e+02;1.9668283e-01;1.3250000e+02;1.4446826e-01;1.3250000e+02;8.9762531e-02;1.3250000e+02;4.3867443e-02;1.3250000e+02;-4.2091887e-03;1.3250000e+02;-4.5332417e-02;1.3250000e+02;-8.8572085e-02;1.3250000e+02;-1.3286453e-01;1.3250000e+02;-6.8082318e-02;1.3250000e+02;-5.4236241e-02;1.3250000e+02;-1.6168736e-02;1.3250000e+02;4.0662162e-02;1.3250000e+02;1.1266061e-01;1.3250000e+02;1.8864220e-01;1.3250000e+02;2.2060084e-01;1.3250000e+02;2.0952758e-01;1.3250000e+02;1.9564247e-01;1.3250000e+02;2.3184910e-01;1.3250000e+02;1.9668283e-01;1.3250000e+02;1.4446826e-01;1.3250000e+02;8.9762531e-02;1.3250000e+02;4.3867443e-02;1.3250000e+02;-4.2091887e-03;1.3250000e+02;-4.5332417e-02;1.3250000e+02;-8.8572085e-02;1.3250000e+02;-1.3286453e-01;1.3250000e+02;-6.8082318e-02;1.3250000e+02;-5.4236241e-02;1.3250000e+02;-1.6168736e-02;1.3250000e+02;4.0662162e-02;1.3250000e+02;1.1266061e-01;1.3250000e+02;1.8864220e-01;1.3250000e+02;2.2060084e-01;1.3250000e+02;2.0952758e-01;1.3250000e+02;1.9564247e-01;1.3250000e+02;2.3184910e-01;1.3250000e+02;1.9668283e-01;1.3250000e+02;1.4446826e-01;1.3250000e+02;8.9762531e-02;1.3250000e+02;4.3867443e-02;1.3250000e+02;-4.2091887e-03;1.3250000e+02;-4.5332417e-02;1.3250000e+02;-8.8572085e-02;1.3250000e+02;-1.3286453e-01;1.3250000e+02;-6.8082318e-02;1.3250000e+02;-5.4236241e-02;1.3250000e+02;-1.6168736e-02;1.3250000e+02;4.0662162e-02;1.3250000e+02;1.1266061e-01;1.3250000e+02;1.8864220e-01;1.3250000e+02;2.2060084e-01;1.3250000e+02;2.0952758e-01;1.3250000e+02;1.9564247e-01;1.3250000e+02;2.3184910e-01;1.3250000e+02;1.9668283e-01;1.3250000e+02;1.4446826e-01;1.3250000e+02;8.9762531e-02;1.3250000e+02;4.3867443e-02;1.3250000e+02;-4.2091887e-03;1.3250000e+02;-4.5332417e-02;1.3250000e+02;-8.8572085e-02;1.3250000e+02;-1.3286453e-01;1.3250000e+02;-6.8082318e-02;1.3250000e+02;-5.4236241e-02;1.3250000e+02;-1.6168736e-02;1.3250000e+02;4.0662162e-02;1.3250000e+02;1.1266061e-01;1.3250000e+02;1.8864220e-01;1.3250000e+02;2.2060084e-01;1.3250000e+02;2.0952758e-01;1.3250000e+02;1.9564247e-01;1.3250000e+02;2.3184910e-01;1.3250000e+02;1.9668283e-01;1.3250000e+02;1.4446826e-01;1.3250000e+02;8.9762531e-02;1.3250000e+02;4.3867443e-02;1.3250000e+02;-4.2091887e-03;1.3250000e+02;-4.5332417e-02;1.3250000e+02;-8.8572085e-02;1.3250000e+02;-1.3286453e-01;1.3250000e+02;-6.8082318e-02;1.3250000e+02;-5.4236241e-02;1.3250000e+02;-1.6168736e-02;1.3250000e+02;4.0662162e-02;1.3250000e+02;1.1266061e-01;1.3250000e+02;1.8864220e-01;1.3250000e+02;2.2060084e-01;1.3250000e+02;2.0952758e-01;1.3250000e+02;1.9564247e-01;1.3250000e+02;2.3184910e-01;1.3250000e+02;1.9668283e-01;1.3250000e+02;1.4446826e-01;1.3250000e+02;8.9762531e-02;1.3250000e+02;4.3867443e-02;1.3250000e+02;-4.2091887e-03;1.3250000e+02;-4.5332417e-02;1.3250000e+02;-8.8572085e-02;1.3250000e+02;-1.3286453e-01;1.3250000e+02;-6.8082318e-02;1.3250000e+02;-5.4236241e-02;1.3250000e+02;-1.6168736e-02;1.3250000e+02;4.0662162e-02;1.3250000e+02;1.1266061e-01;1.3250000e+02;1.8864220e-01;1.3250000e+02;2.2060084e-01;1.3250000e+02;2.0952758e-01;1.3250000e+02;1.9564247e-01;1.3250000e+02;2.3184910e-01;1.3250000e+02;1.9668283e-01;1.3250000e+02;1.4446826e-01;1.3250000e+02;8.9762531e-02;1.3250000e+02;4.3867443e-02;1.3250000e+02;-4.2091887e-03;1.3250000e+02;-4.5332417e-02;1.3250000e+02;-8.8572085e-02;1.3250000e+02;-1.3286453e-01;1.3250000e+02;-6.8082318e-02;1.3250000e+02;-5.4236241e-02;1.3250000e+02;-1.6168736e-02;1.3250000e+02;4.0662162e-02;1.3250000e+02;1.1266061e-01;1.3250000e+02;1.8864220e-01;1.3250000e+02;2.2060084e-01;1.3250000e+02;2.0952758e-01;1.3250000e+02;1.9564247e-01;1.3250000e+02;2.3184910e-01;1.3250000e+02;1.9668283e-01;1.3250000e+02;1.4446826e-01;1.3250000e+02;8.9762531e-02;1.3250000e+02;4.3867443e-02;1.3250000e+02;-4.2091887e-03;1.3250000e+02;-4.5332417e-02;1.3250000e+02;-8.8572085e-02;1.3250000e+02;-1.3286453e-01;1.3250000e+02;-6.8082318e-02;1.3250000e+02;-5.4236241e-02;1.3250000e+02;-1.6168736e-02;1.3250000e+02;4.0662162e-02;1.3250000e+02;1.1266061e-01;1.3250000e+02;1.8864220e-01;1.3250000e+02;2.2060084e-01;1.3250000e+02;2.0952758e-01;1.3250000e+02;1.9564247e-01;1.3250000e+02;2.3184910e-01;1.3250000e+02;1.9668283e-01;1.3250000e+02;1.4446826e-01;1.3250000e+02;8.9762531e-02;1.3250000e+02;4.3867443e-02;1.3250000e+02;-4.2091887e-03;1.3250000e+02;-4.5332417e-02;1.3250000e+02;-8.8572085e-02;1.3250000e+02;-1.3286453e-01;1.3250000e+02;-6.8082318e-02;1.3250000e+02;-5.4236241e-02;1.3250000e+02;-1.6168736e-02;1.3250000e+02;4.0662162e-02;1.3250000e+02;1.1266061e-01;1.3250000e+02;1.8864220e-01;1.3250000e+02;2.2060084e-01;1.3250000e+02;2.0952758e-01;1.3250000e+02;1.9564247e-01;1.3250000e+02;2.3184910e-01;1.3250000e+02;1.9668283e-01;1.3250000e+02;1.4446826e-01;1.3250000e+02;8.9762531e-02;1.3250000e+02;4.3867443e-02;1.3250000e+02;-4.2091887e-03;1.3250000e+02;-4.5332417e-02;1.3250000e+02;-8.8572085e-02;1.3250000e+02;-1.3286453e-01;1.3250000e+02;-6.8082318e-02;1.3250000e+02;-5.4236241e-02;1.3250000e+02;-1.6168736e-02;1.3250000e+02;4.0662162e-02;1.3250000e+02;1.1266061e-01;1.3250000e+02;1.8864220e-01;1.3250000e+02;2.2060084e-01;1.3250000e+02;2.0952758e-01;1.3250000e+02;1.9564247e-01;1.3250000e+02;2.3184910e-01;1.3250000e+02;1.9668283e-01;1.3250000e+02;1.4446826e-01;1.3250000e+02;8.9762531e-02;1.3250000e+02;4.3867443e-02;1.3250000e+02;-4.2091887e-03;1.3250000e+02;-4.5332417e-02;1.3250000e+02;-8.8572085e-02;1.3250000e+02;-1.3286453e-01;1.3250000e+02;-6.8082318e-02;1.3250000e+02;-5.4236241e-02;1.3250000e+02;-1.6168736e-02;1.3250000e+02;4.0662162e-02;1.3250000e+02;1.1266061e-01;1.3250000e+02;1.8864220e-01;1.3250000e+02;2.2060084e-01;1.3250000e+02;2.0952758e-01;1.3250000e+02;1.9564247e-01;1.3250000e+02;2.3184910e-01;1.3250000e+02;1.9668283e-01;1.3250000e+02;1.4446826e-01;1.3250000e+02;8.9762531e-02;1.3250000e+02;4.3867443e-02;1.3250000e+02;-4.2091887e-03;1.3250000e+02;-4.5332417e-02;1.3250000e+02;-8.8572085e-02;1.3250000e+02;-1.3286453e-01;1.3250000e+02;-6.8082318e-02;1.3250000e+02;-5.4236241e-02;1.3250000e+02;-1.6168736e-02;1.3250000e+02;4.0662162e-02;1.3250000e+02;1.1266061e-01;1.3250000e+02;1.8864220e-01;1.3250000e+02;2.2060084e-01;1.3250000e+02;2.0952758e-01;1.3250000e+02;1.9564247e-01;1.3250000e+02;2.3184910e-01;1.3250000e+02;1.9668283e-01;1.3250000e+02;1.4446826e-01;1.3250000e+02;8.9762531e-02;1.3250000e+02;4.3867443e-02;1.3250000e+02;-4.2091887e-03;1.3250000e+02;-4.5332417e-02;1.3250000e+02;-8.8572085e-02;1.3250000e+02;-1.3286453e-01;1.3250000e+02;-6.8082318e-02;1.3250000e+02;-5.4236241e-02;1.3250000e+02;-1.6168736e-02;1.3250000e+02;4.0662162e-02;1.3250000e+02;1.1266061e-01;1.3250000e+02;1.8864220e-01;1.3250000e+02;2.2060084e-01;1.3250000e+02;2.0952758e-01;1.3250000e+02;1.9564247e-01;1.3250000e+02;2.3184910e-01;1.3250000e+02;1.9668283e-01;1.3250000e+02;1.4446826e-01;1.3250000e+02;8.9762531e-02;1.3250000e+02;4.3867443e-02;1.3250000e+02;-4.2091887e-03;1.3250000e+02;-4.5332417e-02;1.3250000e+02;-8.8572085e-02;1.3250000e+02;-1.3286453e-01;1.3250000e+02;-6.8082318e-02;1.3250000e+02;-5.4236241e-02;1.3250000e+02;-1.6168736e-02;1.3250000e+02;4.0662162e-02;1.3250000e+02;1.1266061e-01;1.3250000e+02;1.8864220e-01;1.3250000e+02;2.2060084e-01;1.3250000e+02;2.0952758e-01;1.3250000e+02;1.9564247e-01;1.3250000e+02;2.3184910e-01;1.3250000e+02;1.9668283e-01;1.3250000e+02;1.4446826e-01;1.3250000e+02;8.9762531e-02;1.3250000e+02;4.3867443e-02;1.3250000e+02;-4.2091887e-03;1.3250000e+02;-4.5332417e-02;1.3250000e+02;-8.8572085e-02;1.3250000e+02;-1.3286453e-01;1.3250000e+02;-6.8082318e-02;1.3250000e+02;-5.4236241e-02;1.3250000e+02;-1.6168736e-02;1.3250000e+02;4.0662162e-02;1.3250000e+02;1.1266061e-01;1.3250000e+02;1.8864220e-01;1.3250000e+02;2.2060084e-01;1.3250000e+02;2.0952758e-01;1.3250000e+02;1.9564247e-01;1.3250000e+02;2.3184910e-01;1.3250000e+02;1.9668283e-01;1.3250000e+02;1.4446826e-01;1.3250000e+02;8.9762531e-02;1.3250000e+02;4.3867443e-02;1.3250000e+02;-4.2091887e-03;1.3250000e+02;-4.5332417e-02;1.3250000e+02;-8.8572085e-02;1.3250000e+02;-1.3286453e-01;1.3250000e+02;-6.8082318e-02;1.3250000e+02;-5.4236241e-02;1.3250000e+02;-1.6168736e-02;1.3250000e+02;4.0662162e-02;1.3250000e+02;1.1266061e-01;1.3250000e+02;1.8864220e-01;1.3250000e+02;2.2060084e-01;1.3250000e+02;2.0952758e-01;1.3250000e+02;1.9564247e-01;1.3250000e+02;2.3184910e-01;1.3250000e+02;1.9668283e-01;1.3250000e+02;1.4446826e-01;1.3250000e+02;8.9762531e-02;1.3250000e+02;4.3867443e-02;1.3250000e+02;-4.2091887e-03;1.3250000e+02;-4.5332417e-02;1.3250000e+02;-8.8572085e-02;1.3250000e+02;-1.3286453e-01;1.3250000e+02;-6.8082318e-02;1.3250000e+02;-5.4236241e-02;1.3250000e+02;-1.6168736e-02;1.3250000e+02;4.0662162e-02;1.3250000e+02;1.1266061e-01;1.3250000e+02;1.8864220e-01;1.3250000e+02;2.2060084e-01;1.3250000e+02;2.0952758e-01;1.3250000e+02;1.9564247e-01;1.3250000e+02;2.3184910e-01;1.3250000e+02;1.9668283e-01;1.3250000e+02;1.4446826e-01;1.3250000e+02;8.9762531e-02;1.3250000e+02;4.3867443e-02;1.3250000e+02;-4.2091887e-03;1.3250000e+02;-4.5332417e-02;1.3250000e+02;-8.8572085e-02;1.3250000e+02;-1.3286453e-01;1.3250000e+02;-6.8082318e-02;1.3250000e+02;-5.4236241e-02;1.3250000e+02;-1.6168736e-02;1.3250000e+02;4.0662162e-02;1.3250000e+02;1.1266061e-01;1.3250000e+02;1.8864220e-01;1.3250000e+02;2.2060084e-01;1.3250000e+02;2.0952758e-01;1.3250000e+02;1.9564247e-01;1.3250000e+02;2.3184910e-01;1.3250000e+02;1.9668283e-01;1.3250000e+02;1.4446826e-01;1.3250000e+02;8.9762531e-02;1.3250000e+02;4.3867443e-02;1.3250000e+02;-4.2091887e-03;1.3250000e+02;-4.5332417e-02;1.3250000e+02;-8.8572085e-02;1.3250000e+02;-1.3286453e-01;1.3250000e+02;-6.8082318e-02;1.3250000e+02;-5.4236241e-02;1.3250000e+02;-1.6168736e-02;1.3250000e+02;4.0662162e-02;1.3250000e+02;1.1266061e-01;1.3250000e+02;1.8864220e-01;1.3250000e+02;2.2060084e-01;1.3250000e+02;2.0952758e-01;1.3250000e+02;1.9564247e-01;1.3250000e+02;2.3184910e-01;1.3250000e+02;1.9668283e-01;1.3250000e+02;1.4446826e-01;1.3250000e+02;8.9762531e-02;1.3250000e+02;4.3867443e-02;1.3250000e+02;-4.2091887e-03;1.3250000e+02;-4.5332417e-02;1.3250000e+02;-8.8572085e-02;1.3250000e+02;-1.3286453e-01;1.3250000e+02;-6.8082318e-02;1.3250000e+02;-5.4236241e-02;1.3250000e+02;-1.6168736e-02;1.3250000e+02;4.0662162e-02;1.3250000e+02;1.1266061e-01;1.3250000e+02;1.8864220e-01;1.3250000e+02;2.2060084e-01;1.3250000e+02;2.0952758e-01;1.3250000e+02;1.9564247e-01;1.3250000e+02;2.3184910e-01;1.3250000e+02;1.9668283e-01;1.3250000e+02;1.4446826e-01;1.3250000e+02;8.9762531e-02;1.3250000e+02;4.3867443e-02;1.3250000e+02;-4.2091887e-03;1.3250000e+02;-4.5332417e-02;1.3250000e+02;-8.8572085e-02;1.3250000e+02;-1.3286453e-01;1.3250000e+02;-6.8082318e-02;1.3250000e+02;-5.4236241e-02;1.3250000e+02;-1.6168736e-02;1.3250000e+02;4.0662162e-02;1.3250000e+02;1.1266061e-01;1.3250000e+02;1.8864220e-01;1.3250000e+02;2.2060084e-01;1.3250000e+02;2.0952758e-01;1.3250000e+02;1.9564247e-01;1.3250000e+02;2.3184910e-01;1.3250000e+02;1.9668283e-01;1.3250000e+02;1.4446826e-01;1.3250000e+02;8.9762531e-02;1.3250000e+02;4.3867443e-02;1.3250000e+02;-4.2091887e-03;1.3250000e+02;-4.5332417e-02;1.3250000e+02;-8.8572085e-02;1.3250000e+02;-1.3286453e-01;1.3250000e+02;-6.8082318e-02;1.3250000e+02;-5.4236241e-02;1.3250000e+02;-1.6168736e-02;1.3250000e+02;4.0662162e-02;1.3250000e+02;1.1266061e-01;1.3250000e+02;1.8864220e-01;1.3250000e+02;2.2060084e-01;1.3250000e+02;2.0952758e-01;1.3250000e+02;1.9564247e-01;1.3250000e+02;2.3184910e-01;1.3250000e+02;1.9668283e-01;1.3250000e+02;1.4446826e-01;1.3250000e+02;8.9762531e-02;1.3250000e+02;4.3867443e-02;1.3250000e+02;-4.2091887e-03;1.3250000e+02;-4.5332417e-02;1.3250000e+02;-8.8572085e-02;1.3250000e+02;-1.3286453e-01;1.3250000e+02;-6.8082318e-02;1.3250000e+02;-5.4236241e-02;1.3250000e+02;-1.6168736e-02;1.3250000e+02;4.0662162e-02;1.3250000e+02;1.1266061e-01;1.3250000e+02;1.8864220e-01;1.3250000e+02;2.2060084e-01;1.3250000e+02;2.0952758e-01;1.3250000e+02;1.9564247e-01;1.3250000e+02;2.3184910e-01;1.3250000e+02;1.9668283e-01;1.3250000e+02;1.4446826e-01;1.3250000e+02;8.9762531e-02;1.3250000e+02;4.3867443e-02;1.3250000e+02;-4.2091887e-03;1.3250000e+02;-4.5332417e-02;1.3250000e+02;-8.8572085e-02;1.3250000e+02;-1.3286453e-01;1.3250000e+02;-6.8082318e-02;1.3250000e+02;-5.4236241e-02;1.3250000e+02;-1.6168736e-02;1.3250000e+02;4.0662162e-02;1.3250000e+02;1.1266061e-01;1.3250000e+02;1.8864220e-01;1.3250000e+02;2.2060084e-01;1.3250000e+02;2.0952758e-01;1.3250000e+02;1.9564247e-01;1.3250000e+02;2.3184910e-01;1.3250000e+02;1.9668283e-01;1.3250000e+02;1.4446826e-01;1.3250000e+02;8.9762531e-02;1.3250000e+02;4.3867443e-02;1.3250000e+02;-4.2091887e-03;1.3250000e+02;-4.5332417e-02;1.3250000e+02;-8.8572085e-02;1.3250000e+02;-1.3286453e-01;1.3250000e+02;-6.8082318e-02;1.3250000e+02;-5.4236241e-02;1.3250000e+02;-1.6168736e-02;1.3250000e+02;4.0662162e-02;1.3250000e+02;1.1266061e-01;1.3250000e+02;1.8864220e-01;1.3250000e+02;2.2060084e-01;1.3250000e+02;2.0952758e-01;1.3250000e+02;1.9564247e-01;1.3250000e+02;2.3184910e-01;1.3250000e+02;1.9668283e-01;1.3250000e+02;1.4446826e-01;1.3250000e+02;8.9762531e-02;1.3250000e+02;4.3867443e-02;1.3250000e+02;-4.2091887e-03;1.3250000e+02;-4.5332417e-02;1.3250000e+02;-8.8572085e-02;1.3250000e+02;-1.3286453e-01;1.3250000e+02;-6.8082318e-02;1.3250000e+02;-5.4236241e-02;1.3250000e+02;-1.6168736e-02;1.3250000e+02;4.0662162e-02;1.3250000e+02;1.1266061e-01;1.3250000e+02;1.8864220e-01;1.3250000e+02;2.2060084e-01;1.3250000e+02;2.0952758e-01;1.3250000e+02;1.9564247e-01;1.3250000e+02;2.3184910e-01;1.3250000e+02;1.9668283e-01;1.3250000e+02;1.4446826e-01;1.3250000e+02;8.9762531e-02;1.3250000e+02;4.3867443e-02;1.3250000e+02;-4.2091887e-03;1.3250000e+02;-4.5332417e-02;1.3250000e+02;-8.8572085e-02;1.3250000e+02;-1.3286453e-01;1.3250000e+02;-6.8082318e-02;1.3250000e+02;-5.4236241e-02;1.3250000e+02;-1.6168736e-02;1.3250000e+02;4.0662162e-02;1.3250000e+02;1.1266061e-01;1.3250000e+02;1.8864220e-01;1.3250000e+02;2.2060084e-01;1.3250000e+02;2.0952758e-01;1.3250000e+02;1.9564247e-01;1.3250000e+02;2.3184910e-01;1.3250000e+02;1.9668283e-01;1.3250000e+02;1.4446826e-01;1.3250000e+02;8.9762531e-02;1.3250000e+02;4.3867443e-02;1.3250000e+02;-4.2091887e-03;1.3250000e+02;-4.5332417e-02;1.3250000e+02;-8.8572085e-02;1.3250000e+02;-1.3286453e-01;1.3250000e+02;-6.8082318e-02;1.3250000e+02;-5.4236241e-02;1.3250000e+02;-1.6168736e-02;1.3250000e+02;4.0662162e-02;1.3250000e+02;1.1266061e-01;1.3250000e+02;1.8864220e-01;1.3250000e+02;2.2060084e-01;1.3250000e+02;2.0952758e-01;1.3250000e+02;1.9564247e-01;1.3250000e+02;2.3184910e-01;1.3250000e+02;1.9668283e-01;1.3250000e+02;1.4446826e-01;1.3250000e+02;8.9762531e-02;1.3250000e+02;4.3867443e-02;1.3250000e+02;-4.2091887e-03;1.3250000e+02;-4.5332417e-02;1.3250000e+02;-8.8572085e-02;1.3250000e+02;-1.3286453e-01;1.3250000e+02;-6.8082318e-02;1.3250000e+02;-5.4236241e-02;1.3250000e+02;-1.6168736e-02;1.3250000e+02;4.0662162e-02;1.3250000e+02;1.1266061e-01;1.3250000e+02;1.8864220e-01;1.3250000e+02;2.2060084e-01;1.3250000e+02;2.0952758e-01;1.3250000e+02;1.9564247e-01;1.3250000e+02;2.3184910e-01;1.3250000e+02;1.9668283e-01;1.3250000e+02;1.4446826e-01;1.3250000e+02;8.9762531e-02;1.3250000e+02;4.3867443e-02;1.3250000e+02;-4.2091887e-03;1.3250000e+02;-4.5332417e-02;1.3250000e+02;-8.8572085e-02;1.3250000e+02;-1.3286453e-01;1.3250000e+02;-6.8082318e-02;1.3250000e+02;-5.4236241e-02;1.3250000e+02;-1.6168736e-02;1.3250000e+02;4.0662162e-02;1.3250000e+02;1.1266061e-01;1.3250000e+02;1.8864220e-01;1.3250000e+02;2.2060084e-01;1.3250000e+02;2.0952758e-01;1.3250000e+02;1.9564247e-01;1.3250000e+02;2.3184910e-01;1.3250000e+02;1.9668283e-01;1.3250000e+02;1.4446826e-01;1.3250000e+02;8.9762531e-02;1.3250000e+02;4.3867443e-02;1.3250000e+02;-4.2091887e-03;1.3250000e+02;-4.5332417e-02;1.3250000e+02;-8.8572085e-02;1.3250000e+02;-1.3286453e-01;1.3250000e+02;-6.8082318e-02;1.3250000e+02;-5.4236241e-02;1.3250000e+02;-1.6168736e-02;1.3250000e+02;4.0662162e-02;1.3250000e+02;1.1266061e-01;1.3250000e+02;1.8864220e-01;1.3250000e+02;2.2060084e-01;1.3250000e+02;2.0952758e-01;1.3250000e+02;1.9564247e-01;1.3250000e+02;2.3184910e-01;1.3250000e+02;1.9668283e-01;1.3250000e+02;1.4446826e-01;1.3250000e+02;8.9762531e-02;1.3250000e+02;4.3867443e-02;1.3250000e+02;-4.2091887e-03;1.3250000e+02;-4.5332417e-02;1.3250000e+02;-8.8572085e-02;1.3250000e+02;-1.3286453e-01;1.3250000e+02;-6.8082318e-02;1.3250000e+02;-5.4236241e-02;1.3250000e+02;-1.6168736e-02;1.3250000e+02;4.0662162e-02;1.3250000e+02;1.1266061e-01;1.3250000e+02;1.8864220e-01;1.3250000e+02;2.2060084e-01;1.3250000e+02;2.0952758e-01;1.3250000e+02;1.9564247e-01;1.3250000e+02;2.3184910e-01;1.3250000e+02;1.9668283e-01;1.3250000e+02;1.4446826e-01;1.3250000e+02;8.9762531e-02;1.3250000e+02;4.3867443e-02;1.3250000e+02;-4.2091887e-03;1.3250000e+02;-4.5332417e-02;1.3250000e+02;-8.8572085e-02;1.3250000e+02;-1.3286453e-01;1.3250000e+02;-6.8082318e-02;1.3250000e+02;-5.4236241e-02;1.3250000e+02;-1.6168736e-02;1.3250000e+02;4.0662162e-02;1.3250000e+02;1.1266061e-01;1.3250000e+02;1.8864220e-01;1.3250000e+02;2.2060084e-01;1.3250000e+02;2.0952758e-01;1.3250000e+02;1.9564247e-01;1.3250000e+02;2.3184910e-01;1.3250000e+02;1.9668283e-01;1.3250000e+02;1.4446826e-01;1.3250000e+02;8.9762531e-02;1.3250000e+02;4.3867443e-02;1.3250000e+02;-4.2091887e-03;1.3250000e+02;-4.5332417e-02;1.3250000e+02;-8.8572085e-02;1.3250000e+02;-1.3286453e-01;1.3250000e+02;-6.8082318e-02;1.3250000e+02;-5.4236241e-02;1.3250000e+02;-1.6168736e-02;1.3250000e+02;4.0662162e-02;1.3250000e+02;1.1266061e-01;1.3250000e+02;1.8864220e-01;1.3250000e+02;2.2060084e-01;1.3250000e+02;2.0952758e-01;1.3250000e+02;1.9564247e-01;1.3250000e+02;2.3184910e-01;1.3250000e+02;1.9668283e-01;1.3250000e+02;1.4446826e-01;1.3250000e+02;8.9762531e-02;1.3250000e+02;4.3867443e-02;1.3250000e+02;-4.2091887e-03;1.3250000e+02;-4.5332417e-02;1.3250000e+02;-8.8572085e-02;1.3250000e+02;-1.3286453e-01;1.3250000e+02;-6.8082318e-02;1.3250000e+02;-5.4236241e-02;1.3250000e+02;-1.6168736e-02;1.3250000e+02;4.0662162e-02;1.3250000e+02;1.1266061e-01;1.3250000e+02;1.8864220e-01;1.3250000e+02;2.2060084e-01;1.3250000e+02;2.0952758e-01;1.3250000e+02;1.9564247e-01;1.3250000e+02;2.3184910e-01;1.3250000e+02;1.9668283e-01;1.3250000e+02;1.4446826e-01;1.3250000e+02;8.9762531e-02;1.3250000e+02;4.3867443e-02;1.3250000e+02;-4.2091887e-03;1.3250000e+02;-4.5332417e-02;1.3250000e+02;-8.8572085e-02;1.3250000e+02;-1.3286453e-01;1.3250000e+02;-6.8082318e-02;1.3250000e+02;-5.4236241e-02;1.3250000e+02;-1.6168736e-02;1.3250000e+02;4.0662162e-02;1.3250000e+02;1.1266061e-01;1.3250000e+02;1.8864220e-01;1.3250000e+02;2.2060084e-01;1.3250000e+02;2.0952758e-01;1.3250000e+02;1.9564247e-01;1.3250000e+02;2.3184910e-01;1.3250000e+02;1.9668283e-01;1.3250000e+02;1.4446826e-01;1.3250000e+02;8.9762531e-02;1.3250000e+02;4.3867443e-02;1.3250000e+02;-4.2091887e-03;1.3250000e+02;-4.5332417e-02;1.3250000e+02;-8.8572085e-02;1.3250000e+02;-1.3286453e-01;1.3250000e+02;-6.8082318e-02;1.3250000e+02;-5.4236241e-02;1.3250000e+02;-1.6168736e-02;1.3250000e+02;4.0662162e-02;1.3250000e+02;1.1266061e-01;1.3250000e+02;1.8864220e-01;1.3250000e+02;2.2060084e-01;1.3250000e+02;2.0952758e-01;1.3250000e+02;1.9564247e-01;1.3250000e+02;2.3184910e-01;1.3250000e+02;1.9668283e-01;1.3250000e+02;1.4446826e-01;1.3250000e+02;8.9762531e-02;1.3250000e+02;4.3867443e-02;1.3250000e+02;-4.2091887e-03;1.3250000e+02;-4.5332417e-02;1.3250000e+02;-8.8572085e-02;1.3250000e+02;-1.3286453e-01;1.3250000e+02;-6.8082318e-02;1.3250000e+02;-5.4236241e-02;1.3250000e+02;-1.6168736e-02;1.3250000e+02;4.0662162e-02;1.3250000e+02;1.1266061e-01;1.3250000e+02;1.8864220e-01;1.3250000e+02;2.2060084e-01;1.3250000e+02;2.0952758e-01;1.3250000e+02;1.9564247e-01;1.3250000e+02;2.3184910e-01;1.3250000e+02;1.9668283e-01;1.3250000e+02;1.4446826e-01;1.3250000e+02;8.9762531e-02;1.3250000e+02;4.3867443e-02;1.3250000e+02;-4.2091887e-03;1.3250000e+02;-4.5332417e-02;1.3250000e+02;-8.8572085e-02;1.3250000e+02;-1.3286453e-01;1.3250000e+02;-6.8082318e-02;1.3250000e+02;-5.4236241e-02;1.3250000e+02;-1.6168736e-02;1.3250000e+02;4.0662162e-02;1.3250000e+02;1.1266061e-01;1.3250000e+02;1.8864220e-01;1.3250000e+02;2.2060084e-01;1.3250000e+02;2.0952758e-01;1.3250000e+02;1.9564247e-01;1.3250000e+02;2.3184910e-01;1.3250000e+02;1.9668283e-01;1.3250000e+02;1.4446826e-01;1.3250000e+02;8.9762531e-02;1.3250000e+02;4.3867443e-02;1.3250000e+02;-4.2091887e-03;1.3250000e+02;-4.5332417e-02;1.3250000e+02;-8.8572085e-02;1.3250000e+02;-1.3286453e-01;1.3250000e+02;-6.8082318e-02;1.3250000e+02;-5.4236241e-02;1.3250000e+02;-1.6168736e-02;1.3250000e+02;4.0662162e-02;1.3250000e+02;1.1266061e-01;1.3250000e+02;1.8864220e-01;1.3250000e+02;2.2060084e-01;1.3250000e+02;2.0952758e-01;1.3250000e+02;1.9564247e-01;1.3250000e+02;2.3184910e-01;1.3250000e+02;1.9668283e-01;1.3250000e+02;1.4446826e-01;1.3250000e+02;8.9762531e-02;1.3250000e+02;4.3867443e-02;1.3250000e+02;-4.2091887e-03;1.3250000e+02;-4.5332417e-02;1.3250000e+02;-8.8572085e-02;1.3250000e+02;-1.3286453e-01;1.3250000e+02;-6.8082318e-02;1.3250000e+02;-5.4236241e-02;1.3250000e+02;-1.6168736e-02;1.3250000e+02;4.0662162e-02;1.3250000e+02;1.1266061e-01;1.3250000e+02;1.8864220e-01;1.3250000e+02;2.2060084e-01;1.3250000e+02;2.0952758e-01;1.3250000e+02;1.9564247e-01;1.3250000e+02;2.3184910e-01;1.3250000e+02;1.9668283e-01;1.3250000e+02;1.4446826e-01;1.3250000e+02;8.9762531e-02;1.3250000e+02;4.3867443e-02;1.3250000e+02;-4.2091887e-03;1.3250000e+02;-4.5332417e-02;1.3250000e+02;-8.8572085e-02;1.3250000e+02;-1.3286453e-01;1.3250000e+02;-6.8082318e-02;1.3250000e+02;-5.4236241e-02;1.3250000e+02;-1.6168736e-02;1.3250000e+02;4.0662162e-02;1.3250000e+02;1.1266061e-01;1.3250000e+02;1.8864220e-01;1.3250000e+02;2.2060084e-01;1.3250000e+02;2.0952758e-01;1.3250000e+02;1.9564247e-01;1.3250000e+02;2.3184910e-01;1.3250000e+02;1.9668283e-01;1.3250000e+02;1.4446826e-01;1.3250000e+02;8.9762531e-02;1.3250000e+02;4.3867443e-02;1.3250000e+02;-4.2091887e-03;1.3250000e+02;-4.5332417e-02;1.3250000e+02;-8.8572085e-02;1.3250000e+02;-1.3286453e-01;1.3250000e+02;-6.8082318e-02;1.3250000e+02;-5.4236241e-02;1.3250000e+02;-1.6168736e-02;1.3250000e+02;4.0662162e-02;1.3250000e+02;1.1266061e-01;1.3250000e+02;1.8864220e-01;1.3250000e+02;2.2060084e-01;1.3250000e+02;2.0952758e-01;1.3250000e+02;1.9564247e-01;1.3250000e+02;2.3184910e-01;1.3250000e+02;1.9668283e-01;1.3250000e+02;1.4446826e-01;1.3250000e+02;8.9762531e-02;1.3250000e+02;4.3867443e-02;1.3250000e+02;-4.2091887e-03;1.3250000e+02;-4.5332417e-02;1.3250000e+02;-8.8572085e-02;1.3250000e+02;-1.3286453e-01;1.3250000e+02;-6.8082318e-02;1.3250000e+02;-5.4236241e-02;1.3250000e+02;-1.6168736e-02;1.3250000e+02;4.0662162e-02;1.3250000e+02;1.1266061e-01;1.3250000e+02;1.8864220e-01;1.3250000e+02;2.2060084e-01;1.3250000e+02;2.0952758e-01;1.3250000e+02;1.9564247e-01;1.3250000e+02;2.3184910e-01;1.3250000e+02;1.9668283e-01;1.3250000e+02;1.4446826e-01;1.3250000e+02;8.9762531e-02;1.3250000e+02;4.3867443e-02;1.3250000e+02;-4.2091887e-03;1.3250000e+02;-4.5332417e-02;1.3250000e+02;-8.8572085e-02;1.3250000e+02;-1.3286453e-01;1.3250000e+02;-6.8082318e-02;1.3250000e+02;-5.4236241e-02;1.3250000e+02;-1.6168736e-02;1.3250000e+02;4.0662162e-02;1.3250000e+02;1.1266061e-01;1.3250000e+02;1.8864220e-01;1.3250000e+02;2.2060084e-01;1.3250000e+02;2.0952758e-01;1.3250000e+02;1.9564247e-01;1.3250000e+02;2.3184910e-01;1.3250000e+02;1.9668283e-01;1.3250000e+02;1.4446826e-01;1.3250000e+02;8.9762531e-02;1.3250000e+02;4.3867443e-02;1.3250000e+02;-4.2091887e-03;1.3250000e+02;-4.5332417e-02;1.3250000e+02;-8.8572085e-02;1.3250000e+02;-1.3286453e-01;1.3250000e+02;-6.8082318e-02;1.3250000e+02;-5.4236241e-02;1.3250000e+02;-1.6168736e-02;1.3250000e+02;4.0662162e-02;1.3250000e+02;1.1266061e-01;1.3250000e+02;1.8864220e-01;1.3250000e+02;2.2060084e-01;1.3250000e+02;2.0952758e-01;1.3250000e+02;1.9564247e-01;1.3250000e+02;2.3184910e-01;1.3250000e+02;1.9668283e-01;1.3250000e+02;1.4446826e-01;1.3250000e+02;8.9762531e-02;1.3250000e+02;4.3867443e-02;1.3250000e+02;-4.2091887e-03;1.3250000e+02;-4.5332417e-02;1.3250000e+02;-8.8572085e-02;1.3250000e+02;-1.3286453e-01;1.3250000e+02;-6.8082318e-02;1.3250000e+02;-5.4236241e-02;1.3250000e+02;-1.6168736e-02;1.3250000e+02;4.0662162e-02;1.3250000e+02;1.1266061e-01;1.3250000e+02;1.8864220e-01;1.3250000e+02;2.2060084e-01;1.3250000e+02;2.0952758e-01;1.3250000e+02;1.9564247e-01;1.3250000e+02;2.3184910e-01;1.3250000e+02;1.9668283e-01;1.3250000e+02;1.4446826e-01;1.3250000e+02;8.9762531e-02;1.3250000e+02;4.3867443e-02;1.3250000e+02;-4.2091887e-03;1.3250000e+02;-4.5332417e-02;1.3250000e+02;-8.8572085e-02;1.3250000e+02;-1.3286453e-01;1.3250000e+02;-6.8082318e-02;1.3250000e+02;-5.4236241e-02;1.3250000e+02;-1.6168736e-02;1.3250000e+02;4.0662162e-02;1.3250000e+02;1.1266061e-01;1.3250000e+02;1.8864220e-01;1.3250000e+02;2.2060084e-01;1.3250000e+02;2.0952758e-01;1.3250000e+02;1.9564247e-01;1.3250000e+02;2.3184910e-01;1.3250000e+02;1.9668283e-01;1.3250000e+02;1.4446826e-01;1.3250000e+02;8.9762531e-02;1.3250000e+02;4.3867443e-02;1.3250000e+02;-4.2091887e-03;1.3250000e+02;-4.5332417e-02;1.3250000e+02;-8.8572085e-02;1.3250000e+02;-1.3286453e-01;1.3250000e+02;-6.8082318e-02;1.3250000e+02;-5.4236241e-02;1.3250000e+02;-1.6168736e-02;1.3250000e+02;4.0662162e-02;1.3250000e+02;1.1266061e-01;1.3250000e+02;1.8864220e-01;1.3250000e+02;2.2060084e-01;1.3250000e+02;2.0952758e-01;1.3250000e+02;1.9564247e-01;1.3250000e+02;2.3184910e-01;1.3250000e+02;1.9668283e-01;1.3250000e+02;1.4446826e-01;1.3250000e+02;8.9762531e-02;1.3250000e+02;4.3867443e-02;1.3250000e+02;-4.2091887e-03;1.3250000e+02;-4.5332417e-02;1.3250000e+02;-8.8572085e-02;1.3250000e+02;-1.3286453e-01;1.3250000e+02;-6.8082318e-02;1.3250000e+02;-5.4236241e-02;1.3250000e+02;-1.6168736e-02;1.3250000e+02;4.0662162e-02;1.3250000e+02;1.1266061e-01;1.3250000e+02;1.8864220e-01;1.3250000e+02;2.2060084e-01;1.3250000e+02;2.0952758e-01;1.3250000e+02;1.9564247e-01;1.3250000e+02;2.3184910e-01;1.3250000e+02;1.9668283e-01;1.3250000e+02;1.4446826e-01;1.3250000e+02;8.9762531e-02;1.3250000e+02;4.3867443e-02;1.3250000e+02;-4.2091887e-03;1.3250000e+02;-4.5332417e-02;1.3250000e+02;-8.8572085e-02;1.3250000e+02;-1.3286453e-01;1.3250000e+02;-6.8082318e-02;1.3250000e+02;-5.4236241e-02;1.3250000e+02;-1.6168736e-02;1.3250000e+02;4.0662162e-02;1.3250000e+02;1.1266061e-01;1.3250000e+02;1.8864220e-01;1.3250000e+02;2.2060084e-01;1.3250000e+02;2.0952758e-01;1.3250000e+02;1.9564247e-01;1.3250000e+02;2.3184910e-01;1.3250000e+02;1.9668283e-01;1.3250000e+02;1.4446826e-01;1.3250000e+02;8.9762531e-02;1.3250000e+02;4.3867443e-02;1.3250000e+02;-4.2091887e-03;1.3250000e+02;-4.5332417e-02;1.3250000e+02;-8.8572085e-02;1.3250000e+02;-1.3286453e-01;1.3250000e+02;-6.8082318e-02;1.3250000e+02;-5.4236241e-02;1.3250000e+02;-1.6168736e-02;1.3250000e+02;4.0662162e-02;1.3250000e+02;1.1266061e-01;1.3250000e+02;1.8864220e-01;1.3250000e+02;2.2060084e-01;1.3250000e+02;2.0952758e-01;1.3250000e+02;1.9564247e-01;1.3250000e+02;2.3184910e-01;1.3250000e+02;1.9668283e-01;1.3250000e+02;1.4446826e-01;1.3250000e+02;8.9762531e-02;1.3250000e+02;4.3867443e-02;1.3250000e+02;-4.2091887e-03;1.3250000e+02;-4.5332417e-02;1.3250000e+02;-8.8572085e-02;1.3250000e+02;-1.3286453e-01;1.3250000e+02;-6.8082318e-02;1.3250000e+02;-5.4236241e-02;1.3250000e+02;-1.6168736e-02;1.3250000e+02;4.0662162e-02;1.3250000e+02;1.1266061e-01;1.3250000e+02;1.8864220e-01;1.3250000e+02;2.2060084e-01;1.3250000e+02;2.0952758e-01;1.3250000e+02;1.9564247e-01;1.3250000e+02;2.3184910e-01;1.3250000e+02;1.9668283e-01;1.3250000e+02;1.4446826e-01;1.3250000e+02;8.9762531e-02;1.3250000e+02;4.3867443e-02;1.3250000e+02;-4.2091887e-03;1.3250000e+02;-4.5332417e-02;1.3250000e+02;-8.8572085e-02;1.3250000e+02;-1.3286453e-01;1.3250000e+02;-6.8082318e-02;1.3250000e+02;-5.4236241e-02;1.3250000e+02;-1.6168736e-02;1.3250000e+02;4.0662162e-02;1.3250000e+02;1.1266061e-01;1.3250000e+02;1.8864220e-01;1.3250000e+02;2.2060084e-01;1.3250000e+02;2.0952758e-01;1.3250000e+02;1.9564247e-01;1.3250000e+02;2.3184910e-01;1.3250000e+02;1.9668283e-01;1.3250000e+02;1.4446826e-01;1.3250000e+02;8.9762531e-02;1.3250000e+02;4.3867443e-02;1.3250000e+02;-4.2091887e-03;1.3250000e+02;-4.5332417e-02;1.3250000e+02;-8.8572085e-02;1.3250000e+02;-1.3286453e-01;1.3250000e+02;-6.8082318e-02;1.3250000e+02;-5.4236241e-02;1.3250000e+02;-1.6168736e-02;1.3250000e+02;4.0662162e-02;1.3250000e+02;1.1266061e-01;1.3250000e+02;1.8864220e-01;1.3250000e+02;2.2060084e-01;1.3250000e+02;2.0952758e-01;1.3250000e+02;1.9564247e-01;1.3250000e+02;2.3184910e-01;1.3250000e+02;1.9668283e-01;1.3250000e+02;1.4446826e-01;1.3250000e+02;8.9762531e-02;1.3250000e+02;4.3867443e-02;1.3250000e+02;-4.2091887e-03;1.3250000e+02;-4.5332417e-02;1.3250000e+02;-8.8572085e-02;1.3250000e+02;-1.3286453e-01;1.3250000e+02;-6.8082318e-02;1.3250000e+02;-5.4236241e-02;1.3250000e+02;-1.6168736e-02;1.3250000e+02;4.0662162e-02;1.3250000e+02;1.1266061e-01;1.3250000e+02;1.8864220e-01;1.3250000e+02;2.2060084e-01;1.3250000e+02;2.0952758e-01;1.3250000e+02;1.9564247e-01;1.3250000e+02;2.3184910e-01;1.3250000e+02;1.9668283e-01;1.3250000e+02;1.4446826e-01;1.3250000e+02;8.9762531e-02;1.3250000e+02;4.3867443e-02;1.3250000e+02;-4.2091887e-03;1.3250000e+02;-4.5332417e-02;1.3250000e+02;-8.8572085e-02;1.3250000e+02;-1.3286453e-01;1.3250000e+02;-6.8082318e-02;1.3250000e+02;-5.4236241e-02;1.3250000e+02;-1.6168736e-02;1.3250000e+02;4.0662162e-02;1.3250000e+02;1.1266061e-01;1.3250000e+02;1.8864220e-01;1.3250000e+02;2.2060084e-01;1.3250000e+02;2.0952758e-01;1.3250000e+02;1.9564247e-01;1.3250000e+02;2.3184910e-01;1.3250000e+02;1.9668283e-01;1.3250000e+02;1.4446826e-01;1.3250000e+02;8.9762531e-02;1.3250000e+02;4.3867443e-02;1.3250000e+02;-4.2091887e-03;1.3250000e+02;-4.5332417e-02;1.3250000e+02;-8.8572085e-02;1.3250000e+02;-1.3286453e-01;1.3250000e+02;-6.8082318e-02;1.3250000e+02;-5.4236241e-02;1.3250000e+02;-1.6168736e-02;1.3250000e+02;4.0662162e-02;1.3250000e+02;1.1266061e-01;1.3250000e+02;1.8864220e-01;1.3250000e+02;2.2060084e-01;1.3250000e+02;2.0952758e-01;1.3250000e+02;1.9564247e-01;1.3250000e+02;2.3184910e-01;1.3250000e+02;1.9668283e-01;1.3250000e+02;1.4446826e-01;1.3250000e+02;8.9762531e-02;1.3250000e+02;4.3867443e-02;1.3250000e+02;-4.2091887e-03;1.3250000e+02;-4.5332417e-02;1.3250000e+02;-8.8572085e-02;1.3250000e+02;-1.3286453e-01;1.3250000e+02;-6.8082318e-02;1.3250000e+02;-5.4236241e-02;1.3250000e+02;-1.6168736e-02;1.3250000e+02;4.0662162e-02;1.3250000e+02;1.1266061e-01;1.3250000e+02;1.8864220e-01;1.3250000e+02;2.2060084e-01;1.3250000e+02;2.0952758e-01;1.3250000e+02;1.9564247e-01;1.3250000e+02;2.3184910e-01;1.3250000e+02;1.9668283e-01;1.3250000e+02;1.4446826e-01;1.3250000e+02;8.9762531e-02;1.3250000e+02;4.3867443e-02;1.3250000e+02;-4.2091887e-03;1.3250000e+02;-4.5332417e-02;1.3250000e+02;-8.8572085e-02;1.3250000e+02;-1.3286453e-01;1.3250000e+02;-6.8082318e-02;1.3250000e+02;-5.4236241e-02;1.3250000e+02;-1.6168736e-02;1.3250000e+02;4.0662162e-02;1.3250000e+02;1.1266061e-01;1.3250000e+02;1.8864220e-01;1.3250000e+02;2.2060084e-01;1.3250000e+02;2.0952758e-01;1.3250000e+02;1.9564247e-01;1.3250000e+02;2.3184910e-01;1.3250000e+02;1.9668283e-01;1.3250000e+02;1.4446826e-01;1.3250000e+02;8.9762531e-02;1.3250000e+02;4.3867443e-02;1.3250000e+02;-4.2091887e-03;1.3250000e+02;-4.5332417e-02;1.3250000e+02;-8.8572085e-02;1.3250000e+02;-1.3286453e-01;1.3250000e+02;-6.8082318e-02;1.3250000e+02;-5.4236241e-02;1.3250000e+02;-1.6168736e-02;1.3250000e+02;4.0662162e-02;1.3250000e+02;1.1266061e-01;1.3250000e+02;1.8864220e-01;1.3250000e+02;2.2060084e-01;1.3250000e+02;2.0952758e-01;1.3250000e+02;1.9564247e-01;1.3250000e+02;2.3184910e-01;1.3250000e+02;1.9668283e-01;1.3250000e+02;1.4446826e-01;1.3250000e+02;8.9762531e-02;1.3250000e+02;4.3867443e-02;1.3250000e+02;-4.2091887e-03;1.3250000e+02;-4.5332417e-02;1.3250000e+02;-8.8572085e-02;1.3250000e+02;-1.3286453e-01;1.3250000e+02;-6.8082318e-02;1.3250000e+02;-5.4236241e-02;1.3250000e+02;-1.6168736e-02;1.3250000e+02;4.0662162e-02;1.3250000e+02;1.1266061e-01;1.3250000e+02;1.8864220e-01;1.3250000e+02;2.2060084e-01;1.3250000e+02;2.0952758e-01;1.3250000e+02;1.9564247e-01;1.3250000e+02;2.3184910e-01;1.3250000e+02;1.9668283e-01;1.3250000e+02;1.4446826e-01;1.3250000e+02;8.9762531e-02;1.3250000e+02;4.3867443e-02;1.3250000e+02;-4.2091887e-03;1.3250000e+02;-4.5332417e-02;1.3250000e+02;-8.8572085e-02;1.3250000e+02;-1.3286453e-01;1.3250000e+02;-6.8082318e-02;1.3250000e+02;-5.4236241e-02;1.3250000e+02;-1.6168736e-02;1.3250000e+02;4.0662162e-02;1.3250000e+02;1.1266061e-01;1.3250000e+02;1.8864220e-01;1.3250000e+02;2.2060084e-01;1.3250000e+02;2.0952758e-01;1.3250000e+02;1.9564247e-01;1.3250000e+02;2.3184910e-01;1.3250000e+02;1.9668283e-01;1.3250000e+02;1.4446826e-01;1.3250000e+02;8.9762531e-02;1.3250000e+02;4.3867443e-02;1.3250000e+02;-4.2091887e-03;1.3250000e+02;-4.5332417e-02;1.3250000e+02;-8.8572085e-02;1.3250000e+02;-1.3286453e-01;1.3250000e+02;-6.8082318e-02;1.3250000e+02;-5.4236241e-02;1.3250000e+02;-1.6168736e-02;1.3250000e+02;4.0662162e-02;1.3250000e+02;1.1266061e-01;1.3250000e+02;1.8864220e-01;1.3250000e+02;2.2060084e-01;1.3250000e+02;2.0952758e-01;1.3250000e+02;1.9564247e-01;1.3250000e+02;2.3184910e-01;1.3250000e+02;1.9668283e-01;1.3250000e+02;1.4446826e-01;1.3250000e+02;8.9762531e-02;1.3250000e+02;4.3867443e-02;1.3250000e+02;-4.2091887e-03;1.3250000e+02;-4.5332417e-02;1.3250000e+02;-8.8572085e-02;1.3250000e+02;-1.3286453e-01;1.3250000e+02;-6.8082318e-02;1.3250000e+02;-5.4236241e-02;1.3250000e+02;-1.6168736e-02;1.3250000e+02;4.0662162e-02;1.3250000e+02;1.1266061e-01;1.3250000e+02;1.8864220e-01;1.3250000e+02;2.2060084e-01;1.3250000e+02;2.0952758e-01;1.3250000e+02;1.9564247e-01;1.3250000e+02;2.3184910e-01;1.3250000e+02;1.9668283e-01;1.3250000e+02;1.4446826e-01;1.3250000e+02;8.9762531e-02;1.3250000e+02;4.3867443e-02;1.3250000e+02;-4.2091887e-03;1.3250000e+02;-4.5332417e-02;1.3250000e+02;-8.8572085e-02;1.3250000e+02;-1.3286453e-01;1.3250000e+02;-6.8082318e-02;1.3250000e+02;-5.4236241e-02;1.3250000e+02;-1.6168736e-02;1.3250000e+02;4.0662162e-02;1.3250000e+02;1.1266061e-01;1.3250000e+02;1.8864220e-01;1.3250000e+02;2.2060084e-01;1.3250000e+02;2.0952758e-01;1.3250000e+02;1.9564247e-01;1.3250000e+02;2.3184910e-01;1.3250000e+02;1.9668283e-01;1.3250000e+02;1.4446826e-01;1.3250000e+02;8.9762531e-02;1.3250000e+02;4.3867443e-02;1.3250000e+02;-4.2091887e-03;1.3250000e+02;-4.5332417e-02;1.3250000e+02;-8.8572085e-02;1.3250000e+02;-1.3286453e-01;1.3250000e+02;-6.8082318e-02;1.3250000e+02;-5.4236241e-02;1.3250000e+02;-1.6168736e-02;1.3250000e+02;4.0662162e-02;1.3250000e+02;1.1266061e-01;1.3250000e+02;1.8864220e-01;1.3250000e+02;2.2060084e-01;1.3250000e+02;2.0952758e-01;1.3250000e+02;1.9564247e-01;1.3250000e+02;2.3184910e-01;1.3250000e+02;1.9668283e-01;1.3250000e+02;1.4446826e-01;1.3250000e+02;8.9762531e-02;1.3250000e+02;4.3867443e-02;1.3250000e+02;-4.2091887e-03;1.3250000e+02;-4.5332417e-02;1.3250000e+02;-8.8572085e-02;1.3250000e+02;-1.3286453e-01;1.3250000e+02;-6.8082318e-02;1.3250000e+02;-5.4236241e-02;1.3250000e+02;-1.6168736e-02;1.3250000e+02;4.0662162e-02;1.3250000e+02;1.1266061e-01;1.3250000e+02;1.8864220e-01;1.3250000e+02;2.2060084e-01;1.3250000e+02;2.0952758e-01;1.3250000e+02;1.9564247e-01;1.3250000e+02;2.3184910e-01;1.3250000e+02;1.9668283e-01;1.3250000e+02;1.4446826e-01;1.3250000e+02;8.9762531e-02;1.3250000e+02;4.3867443e-02;1.3250000e+02;-4.2091887e-03;1.3250000e+02;-4.5332417e-02;1.3250000e+02;-8.8572085e-02;1.3250000e+02;-1.3286453e-01;1.3250000e+02;-6.8082318e-02;1.3250000e+02;-5.4236241e-02;1.3250000e+02;-1.6168736e-02;1.3250000e+02;4.0662162e-02;1.3250000e+02;1.1266061e-01;1.3250000e+02;1.8864220e-01;1.3250000e+02;2.2060084e-01;1.3250000e+02;2.0952758e-01;1.3250000e+02;1.9564247e-01;1.3250000e+02;2.3184910e-01;1.3250000e+02;1.9668283e-01;1.3250000e+02;1.4446826e-01;1.3250000e+02;8.9762531e-02;1.3250000e+02;4.3867443e-02;1.3250000e+02;-4.2091887e-03;1.3250000e+02;-4.5332417e-02;1.3250000e+02;-8.8572085e-02;1.3250000e+02;-1.3286453e-01;1.3250000e+02;-6.8082318e-02;1.3250000e+02;-5.4236241e-02;1.3250000e+02;-1.6168736e-02;1.3250000e+02;4.0662162e-02;1.3250000e+02;1.1266061e-01;1.3250000e+02;1.8864220e-01;1.3250000e+02;2.2060084e-01;1.3250000e+02;2.0952758e-01;1.3250000e+02;1.9564247e-01;1.3250000e+02;2.3184910e-01;1.3250000e+02;1.9668283e-01;1.3250000e+02;1.4446826e-01;1.3250000e+02;8.9762531e-02;1.3250000e+02;4.3867443e-02;1.3250000e+02;-4.2091887e-03;1.3250000e+02;-4.5332417e-02;1.3250000e+02;-8.8572085e-02;1.3250000e+02;-1.3286453e-01;1.3250000e+02;-6.8082318e-02;1.3250000e+02;-5.4236241e-02;1.3250000e+02;-1.6168736e-02;1.3250000e+02;4.0662162e-02;1.3250000e+02;1.1266061e-01;1.3250000e+02;1.8864220e-01;1.3250000e+02;2.2060084e-01;1.3250000e+02;2.0952758e-01;1.3250000e+02;1.9564247e-01;1.3250000e+02;2.3184910e-01;1.3250000e+02;1.9668283e-01;1.3250000e+02;1.4446826e-01;1.3250000e+02;8.9762531e-02;1.3250000e+02;4.3867443e-02;1.3250000e+02;-4.2091887e-03;1.3250000e+02;-4.5332417e-02;1.3250000e+02;-8.8572085e-02;1.3250000e+02;-1.3286453e-01;1.3250000e+02;-6.8082318e-02;1.3250000e+02;-5.4236241e-02;1.3250000e+02;-1.6168736e-02;1.3250000e+02;4.0662162e-02;1.3250000e+02;1.1266061e-01;1.3250000e+02;1.8864220e-01;1.3250000e+02;2.2060084e-01;1.3250000e+02;2.0952758e-01;1.3250000e+02;1.9564247e-01;1.3250000e+02;2.3184910e-01;1.3250000e+02;1.9668283e-01;1.3250000e+02;1.4446826e-01;1.3250000e+02;8.9762531e-02;1.3250000e+02;4.3867443e-02;1.3250000e+02;-4.2091887e-03;1.3250000e+02;-4.5332417e-02;1.3250000e+02;-8.8572085e-02;1.3250000e+02;-1.3286453e-01;1.3250000e+02;-6.8082318e-02;1.3250000e+02;-5.4236241e-02;1.3250000e+02;-1.6168736e-02;1.3250000e+02;4.0662162e-02;1.3250000e+02;1.1266061e-01;1.3250000e+02;1.8864220e-01;1.3250000e+02;2.2060084e-01;1.3250000e+02;2.0952758e-01;1.3250000e+02;1.9564247e-01;1.3250000e+02;2.3184910e-01;1.3250000e+02;1.9668283e-01;1.3250000e+02;1.4446826e-01;1.3250000e+02;8.9762531e-02;1.3250000e+02;4.3867443e-02;1.3250000e+02;-4.2091887e-03;1.3250000e+02;-4.5332417e-02;1.3250000e+02;-8.8572085e-02;1.3250000e+02;-1.3286453e-01;1.3250000e+02;-6.8082318e-02;1.3250000e+02;-5.4236241e-02;1.3250000e+02;-1.6168736e-02;1.3250000e+02;4.0662162e-02;1.3250000e+02;1.1266061e-01;1.3250000e+02;1.8864220e-01;1.3250000e+02;2.2060084e-01;1.3250000e+02;2.0952758e-01;1.3250000e+02;1.9564247e-01;1.3250000e+02;2.3184910e-01;1.3250000e+02;1.9668283e-01;1.3250000e+02;1.4446826e-01;1.3250000e+02;8.9762531e-02;1.3250000e+02;4.3867443e-02;1.3250000e+02;-4.2091887e-03;1.3250000e+02;-4.5332417e-02;1.3250000e+02;-8.8572085e-02;1.3250000e+02;-1.3286453e-01;1.3250000e+02;-6.8082318e-02;1.3250000e+02;-5.4236241e-02;1.3250000e+02;-1.6168736e-02;1.3250000e+02;4.0662162e-02;1.3250000e+02;1.1266061e-01;1.3250000e+02;1.8864220e-01;1.3250000e+02;2.2060084e-01;1.3250000e+02;2.0952758e-01;1.3250000e+02;1.9564247e-01;1.3250000e+02;2.3184910e-01;1.3250000e+02;1.9668283e-01;1.3250000e+02;1.4446826e-01;1.3250000e+02;8.9762531e-02;1.3250000e+02;4.3867443e-02;1.3250000e+02;-4.2091887e-03;1.3250000e+02;-4.5332417e-02;1.3250000e+02;-8.8572085e-02;1.3250000e+02;-1.3286453e-01;1.3250000e+02;-6.8082318e-02;1.3250000e+02;-5.4236241e-02;1.3250000e+02;-1.6168736e-02;1.3250000e+02;4.0662162e-02;1.3250000e+02;1.1266061e-01;1.3250000e+02;1.8864220e-01;1.3250000e+02;2.2060084e-01;1.3250000e+02;2.0952758e-01;1.3250000e+02;1.9564247e-01;1.3250000e+02;2.3184910e-01;1.3250000e+02;1.9668283e-01;1.3250000e+02;1.4446826e-01;1.3250000e+02;8.9762531e-02;1.3250000e+02;4.3867443e-02;1.3250000e+02;-4.2091887e-03;1.3250000e+02;-4.5332417e-02;1.3250000e+02;-8.8572085e-02;1.3250000e+02;-1.3286453e-01;1.3250000e+02;-6.8082318e-02;1.3250000e+02;-5.4236241e-02;1.3250000e+02;-1.6168736e-02;1.3250000e+02;4.0662162e-02;1.3250000e+02;1.1266061e-01;1.3250000e+02;1.8864220e-01;1.3250000e+02;2.2060084e-01;1.3250000e+02;2.0952758e-01;1.3250000e+02;1.9564247e-01;1.3250000e+02;2.3184910e-01;1.3250000e+02;1.9668283e-01;1.3250000e+02;1.4446826e-01;1.3250000e+02;8.9762531e-02;1.3250000e+02;4.3867443e-02;1.3250000e+02;-4.2091887e-03;1.3250000e+02;-4.5332417e-02;1.3250000e+02;-8.8572085e-02;1.3250000e+02;-1.3286453e-01;1.3250000e+02;-6.8082318e-02;1.3250000e+02;-5.4236241e-02;1.3250000e+02;-1.6168736e-02;1.3250000e+02;4.0662162e-02;1.3250000e+02;1.1266061e-01;1.3250000e+02;1.8864220e-01;1.3250000e+02;2.2060084e-01;1.3250000e+02;2.0952758e-01;1.3250000e+02;1.9564247e-01;1.3250000e+02;2.3184910e-01;1.3250000e+02;1.9668283e-01;1.3250000e+02;1.4446826e-01;1.3250000e+02;8.9762531e-02;1.3250000e+02;4.3867443e-02;1.3250000e+02;-4.2091887e-03;1.3250000e+02;-4.5332417e-02;1.3250000e+02;-8.8572085e-02;1.3250000e+02;-1.3286453e-01;1.3250000e+02;-6.8082318e-02;1.3250000e+02;-5.4236241e-02;1.3250000e+02;-1.6168736e-02;1.3250000e+02;4.0662162e-02;1.3250000e+02;1.1266061e-01;1.3250000e+02;1.8864220e-01;1.3250000e+02;2.2060084e-01;1.3250000e+02;2.0952758e-01;1.3250000e+02;1.9564247e-01;1.3250000e+02;2.3184910e-01;1.3250000e+02;1.9668283e-01;1.3250000e+02;1.4446826e-01;1.3250000e+02;8.9762531e-02;1.3250000e+02;4.3867443e-02;1.3250000e+02;-4.2091887e-03;1.3250000e+02;-4.5332417e-02;1.3250000e+02;-8.8572085e-02;1.3250000e+02;-1.3286453e-01;1.3250000e+02;-6.8082318e-02;1.3250000e+02;-5.4236241e-02;1.3250000e+02;-1.6168736e-02;1.3250000e+02;4.0662162e-02;1.3250000e+02;1.1266061e-01;1.3250000e+02;1.8864220e-01;1.3250000e+02;2.2060084e-01;1.3250000e+02;2.0952758e-01;1.3250000e+02;1.9564247e-01;1.3250000e+02;2.3184910e-01;1.3250000e+02;1.9668283e-01;1.3250000e+02;1.4446826e-01;1.3250000e+02;8.9762531e-02;1.3250000e+02;4.3867443e-02;1.3250000e+02;-4.2091887e-03;1.3250000e+02;-4.5332417e-02;1.3250000e+02;-8.8572085e-02;1.3250000e+02;-1.3286453e-01;1.3250000e+02;-6.8082318e-02;1.3250000e+02;-5.4236241e-02;1.3250000e+02;-1.6168736e-02;1.3250000e+02;4.0662162e-02;1.3250000e+02;1.1266061e-01;1.3250000e+02;1.8864220e-01;1.3250000e+02;2.2060084e-01;1.3250000e+02;2.0952758e-01;1.3250000e+02;1.9564247e-01;1.3250000e+02;2.3184910e-01;1.3250000e+02;1.9668283e-01;1.3250000e+02;1.4446826e-01;1.3250000e+02;8.9762531e-02;1.3250000e+02;4.3867443e-02;1.3250000e+02;-4.2091887e-03;1.3250000e+02;-4.5332417e-02;1.3250000e+02;-8.8572085e-02;1.3250000e+02;-1.3286453e-01;1.3250000e+02;-6.8082318e-02;1.3250000e+02;-5.4236241e-02;1.3250000e+02;-1.6168736e-02;1.3250000e+02;4.0662162e-02;1.3250000e+02;1.1266061e-01;1.3250000e+02;1.8864220e-01;1.3250000e+02;2.2060084e-01;1.3250000e+02;2.0952758e-01;1.3250000e+02;1.9564247e-01;1.3250000e+02;2.3184910e-01;1.3250000e+02;1.9668283e-01;1.3250000e+02;1.4446826e-01;1.3250000e+02;8.9762531e-02;1.3250000e+02;4.3867443e-02;1.3250000e+02;-4.2091887e-03;1.3250000e+02;-4.5332417e-02;1.3250000e+02;-8.8572085e-02;1.3250000e+02;-1.3286453e-01;1.3250000e+02;-6.8082318e-02;1.3250000e+02;-5.4236241e-02;1.3250000e+02;-1.6168736e-02;1.3250000e+02;4.0662162e-02;1.3250000e+02;1.1266061e-01;1.3250000e+02;1.8864220e-01;1.3250000e+02;2.2060084e-01;1.3250000e+02;2.0952758e-01;1.3250000e+02;1.9564247e-01;1.3250000e+02;2.3184910e-01;1.3250000e+02;1.9668283e-01;1.3250000e+02;1.4446826e-01;1.3250000e+02;8.9762531e-02;1.3250000e+02;4.3867443e-02;1.3250000e+02;-4.2091887e-03;1.3250000e+02;-4.5332417e-02;1.3250000e+02;-8.8572085e-02;1.3250000e+02;-1.3286453e-01;1.3250000e+02;-6.8082318e-02;1.3250000e+02;-5.4236241e-02;1.3250000e+02;-1.6168736e-02;1.3250000e+02;4.0662162e-02;1.3250000e+02;1.1266061e-01;1.3250000e+02;1.8864220e-01;1.3250000e+02;2.2060084e-01;1.3250000e+02;2.0952758e-01;1.3250000e+02;1.9564247e-01;1.3250000e+02;2.3184910e-01;1.3250000e+02;1.9668283e-01;1.3250000e+02;1.4446826e-01;1.3250000e+02;8.9762531e-02;1.3250000e+02;4.3867443e-02;1.3250000e+02;-4.2091887e-03;1.3250000e+02;-4.5332417e-02;1.3250000e+02;-8.8572085e-02;1.3250000e+02;-1.3286453e-01;1.3250000e+02;-6.8082318e-02;1.3250000e+02;-5.4236241e-02;1.3250000e+02;-1.6168736e-02;1.3250000e+02;4.0662162e-02;1.3250000e+02;1.1266061e-01;1.3250000e+02;1.8864220e-01;1.3250000e+02;2.2060084e-01;1.3250000e+02;2.0952758e-01;1.3250000e+02;1.9564247e-01;1.3250000e+02;2.3184910e-01;1.3250000e+02;1.9668283e-01;1.3250000e+02;1.4446826e-01;1.3250000e+02;8.9762531e-02;1.3250000e+02;4.3867443e-02;1.3250000e+02;-4.2091887e-03;1.3250000e+02;-4.5332417e-02;1.3250000e+02;-8.8572085e-02;1.3250000e+02;-1.3286453e-01;1.3250000e+02;-6.8082318e-02;1.3250000e+02;-5.4236241e-02;1.3250000e+02;-1.6168736e-02;1.3250000e+02;4.0662162e-02;1.3250000e+02;1.1266061e-01;1.3250000e+02;1.8864220e-01;1.3250000e+02;2.2060084e-01;1.3250000e+02;2.0952758e-01;1.3250000e+02;1.9564247e-01;1.3250000e+02;2.3184910e-01;1.3250000e+02;1.9668283e-01;1.3250000e+02;1.4446826e-01;1.3250000e+02;8.9762531e-02;1.3250000e+02;4.3867443e-02;1.3250000e+02;-4.2091887e-03;1.3250000e+02;-4.5332417e-02;1.3250000e+02;-8.8572085e-02;1.3250000e+02;-1.3286453e-01;1.3250000e+02;-6.8082318e-02;1.3250000e+02;-5.4236241e-02;1.3250000e+02;-1.6168736e-02;1.3250000e+02;4.0662162e-02;1.3250000e+02;1.1266061e-01;1.3250000e+02;1.8864220e-01;1.3250000e+02;2.2060084e-01;1.3250000e+02;2.0952758e-01;1.3250000e+02;1.9564247e-01;1.3250000e+02;2.3184910e-01;1.3250000e+02;1.9668283e-01;1.3250000e+02;1.4446826e-01;1.3250000e+02;8.9762531e-02;1.3250000e+02;4.3867443e-02;1.3250000e+02;-4.2091887e-03;1.3250000e+02;-4.5332417e-02;1.3250000e+02;-8.8572085e-02;1.3250000e+02;-1.3286453e-01;1.3250000e+02;-6.8082318e-02;1.3250000e+02;-5.4236241e-02;1.3250000e+02;-1.6168736e-02;1.3250000e+02;4.0662162e-02;1.3250000e+02;1.1266061e-01;1.3250000e+02;1.8864220e-01;1.3250000e+02;2.2060084e-01;1.3250000e+02;2.0952758e-01;1.3250000e+02;1.9564247e-01;1.3250000e+02;2.3184910e-01;1.3250000e+02;1.9668283e-01;1.3250000e+02;1.4446826e-01;1.3250000e+02;8.9762531e-02;1.3250000e+02;4.3867443e-02;1.3250000e+02;-4.2091887e-03;1.3250000e+02;-4.5332417e-02;1.3250000e+02;-8.8572085e-02;1.3250000e+02;-1.3286453e-01;1.3250000e+02;-6.8082318e-02;1.3250000e+02;-5.4236241e-02;1.3250000e+02;-1.6168736e-02;1.3250000e+02;4.0662162e-02;1.3250000e+02;1.1266061e-01;1.3250000e+02;1.8864220e-01;1.3250000e+02;2.2060084e-01;1.3250000e+02;2.0952758e-01;1.3250000e+02;1.9564247e-01;1.3250000e+02;2.3184910e-01;1.3250000e+02;1.9668283e-01;1.3250000e+02;1.4446826e-01;1.3250000e+02;8.9762531e-02;1.3250000e+02;4.3867443e-02;1.3250000e+02;-4.2091887e-03;1.3250000e+02;-4.5332417e-02;1.3250000e+02;-8.8572085e-02;1.3250000e+02;-1.3286453e-01;1.3250000e+02;-6.8082318e-02;1.3250000e+02;-5.4236241e-02;1.3250000e+02;-1.6168736e-02;1.3250000e+02;4.0662162e-02;1.3250000e+02;1.1266061e-01;1.3250000e+02;1.8864220e-01;1.3250000e+02;2.2060084e-01;1.3250000e+02;2.0952758e-01;1.3250000e+02;1.9564247e-01;1.3250000e+02;2.3184910e-01;1.3250000e+02;1.9668283e-01;1.3250000e+02;1.4446826e-01;1.3250000e+02;8.9762531e-02;1.3250000e+02;4.3867443e-02;1.3250000e+02;-4.2091887e-03;1.3250000e+02;-4.5332417e-02;1.3250000e+02;-8.8572085e-02;1.3250000e+02;-1.3286453e-01;1.3250000e+02;-6.8082318e-02;1.3250000e+02;-5.4236241e-02;1.3250000e+02;-1.6168736e-02;1.3250000e+02;4.0662162e-02;1.3250000e+02;1.1266061e-01;1.3250000e+02;1.8864220e-01;1.3250000e+02;2.2060084e-01;1.3250000e+02;2.0952758e-01;1.3250000e+02;1.9564247e-01;1.3250000e+02;2.3184910e-01;1.3250000e+02;1.9668283e-01;1.3250000e+02;1.4446826e-01;1.3250000e+02;8.9762531e-02;1.3250000e+02;4.3867443e-02;1.3250000e+02;-4.2091887e-03;1.3250000e+02;-4.5332417e-02;1.3250000e+02;-8.8572085e-02;1.3250000e+02;-1.3286453e-01;1.3250000e+02;-6.8082318e-02;1.3250000e+02;-5.4236241e-02;1.3250000e+02;-1.6168736e-02;1.3250000e+02;4.0662162e-02;1.3250000e+02;1.1266061e-01;1.3250000e+02;1.8864220e-01;1.3250000e+02;2.2060084e-01;1.3250000e+02;2.0952758e-01;1.3250000e+02;1.9564247e-01;1.3250000e+02;2.3184910e-01;1.3250000e+02;1.9668283e-01;1.3250000e+02;1.4446826e-01;1.3250000e+02;8.9762531e-02;1.3250000e+02;4.3867443e-02;1.3250000e+02;-4.2091887e-03;1.3250000e+02;-4.5332417e-02;1.3250000e+02;-8.8572085e-02;1.3250000e+02;-1.3286453e-01;1.3250000e+02;-6.8082318e-02;1.3250000e+02;-5.4236241e-02;1.3250000e+02;-1.6168736e-02;1.3250000e+02;4.0662162e-02;1.3250000e+02;1.1266061e-01;1.3250000e+02;1.8864220e-01;1.3250000e+02;2.2060084e-01;1.3250000e+02;2.0952758e-01;1.3250000e+02;1.9564247e-01;1.3250000e+02;2.3184910e-01;1.3250000e+02;1.9668283e-01;1.3250000e+02;1.4446826e-01;1.3250000e+02;8.9762531e-02;1.3250000e+02;4.3867443e-02;1.3250000e+02;-4.2091887e-03;1.3250000e+02;-4.5332417e-02;1.3250000e+02;-8.8572085e-02;1.3250000e+02;-1.3286453e-01;1.3250000e+02;-6.8082318e-02;1.3250000e+02;-5.4236241e-02;1.3250000e+02;-1.6168736e-02;1.3250000e+02;4.0662162e-02;1.3250000e+02;1.1266061e-01;1.3250000e+02;1.8864220e-01;1.3250000e+02;2.2060084e-01;1.3250000e+02;2.0952758e-01;1.3250000e+02;1.9564247e-01;1.3250000e+02;2.3184910e-01;1.3250000e+02;1.9668283e-01;1.3250000e+02;1.4446826e-01;1.3250000e+02;8.9762531e-02;1.3250000e+02;4.3867443e-02;1.3250000e+02;-4.2091887e-03;1.3250000e+02;-4.5332417e-02;1.3250000e+02;-8.8572085e-02;1.3250000e+02;-1.3286453e-01;1.3250000e+02;-6.8082318e-02;1.3250000e+02;-5.4236241e-02;1.3250000e+02;-1.6168736e-02;1.3250000e+02;4.0662162e-02;1.3250000e+02;1.1266061e-01;1.3250000e+02;1.8864220e-01;1.3250000e+02;2.2060084e-01;1.3250000e+02;2.0952758e-01;1.3250000e+02;1.9564247e-01;1.3250000e+02;2.3184910e-01;1.3250000e+02;1.9668283e-01;1.3250000e+02;1.4446826e-01;1.3250000e+02;8.9762531e-02;1.3250000e+02;4.3867443e-02;1.3250000e+02;-4.2091887e-03;1.3250000e+02;-4.5332417e-02;1.3250000e+02;-8.8572085e-02;1.3250000e+02;-1.3286453e-01;1.3250000e+02;-6.8082318e-02;1.3250000e+02;-5.4236241e-02;1.3250000e+02;-1.6168736e-02;1.3250000e+02;4.0662162e-02;1.3250000e+02;1.1266061e-01;1.3250000e+02;1.8864220e-01;1.3250000e+02;2.2060084e-01;1.3250000e+02;2.0952758e-01;1.3250000e+02;1.9564247e-01;1.3250000e+02;2.3184910e-01;1.3250000e+02;1.9668283e-01;1.3250000e+02;1.4446826e-01;1.3250000e+02;8.9762531e-02;1.3250000e+02;4.3867443e-02;1.3250000e+02;-4.2091887e-03;1.3250000e+02;-4.5332417e-02;1.3250000e+02;-8.8572085e-02;1.3250000e+02;-1.3286453e-01;1.3250000e+02;-6.8082318e-02;1.3250000e+02;-5.4236241e-02;1.3250000e+02;-1.6168736e-02;1.3250000e+02;4.0662162e-02;1.3250000e+02;1.1266061e-01;1.3250000e+02;1.8864220e-01;1.3250000e+02;2.2060084e-01;1.3250000e+02;2.0952758e-01;1.3250000e+02;1.9564247e-01;1.3250000e+02;2.3184910e-01;1.3250000e+02;1.9668283e-01;1.3250000e+02;1.4446826e-01;1.3250000e+02;8.9762531e-02;1.3250000e+02;4.3867443e-02;1.3250000e+02;-4.2091887e-03;1.3250000e+02;-4.5332417e-02;1.3250000e+02;-8.8572085e-02;1.3250000e+02;-1.3286453e-01;1.3250000e+02;-6.8082318e-02;1.3250000e+02;-5.4236241e-02;1.3250000e+02;-1.6168736e-02;1.3250000e+02;4.0662162e-02;1.3250000e+02;1.1266061e-01;1.3250000e+02;1.8864220e-01;1.3250000e+02;2.2060084e-01;1.3250000e+02;2.0952758e-01;1.3250000e+02;1.9564247e-01;1.3250000e+02;2.3184910e-01;1.3250000e+02;1.9668283e-01;1.3250000e+02;1.4446826e-01;1.3250000e+02;8.9762531e-02;1.3250000e+02;4.3867443e-02;1.3250000e+02;-4.2091887e-03;1.3250000e+02;-4.5332417e-02;1.3250000e+02;-8.8572085e-02;1.3250000e+02;-1.3286453e-01;1.3250000e+02;-6.8082318e-02;1.3250000e+02;-5.4236241e-02;1.3250000e+02;-1.6168736e-02;1.3250000e+02;4.0662162e-02;1.3250000e+02;1.1266061e-01;1.3250000e+02;1.8864220e-01;1.3250000e+02;2.2060084e-01;1.3250000e+02;2.0952758e-01;1.3250000e+02;1.9564247e-01;1.3250000e+02;2.3184910e-01;1.3250000e+02;1.9668283e-01;1.3250000e+02;1.4446826e-01;1.3250000e+02;8.9762531e-02;1.3250000e+02;4.3867443e-02;1.3250000e+02;-4.2091887e-03;1.3250000e+02;-4.5332417e-02;1.3250000e+02;-8.8572085e-02;1.3250000e+02;-1.3286453e-01;1.3250000e+02;-6.8082318e-02;1.3250000e+02;-5.4236241e-02;1.3250000e+02;-1.6168736e-02;1.3250000e+02;4.0662162e-02;1.3250000e+02;1.1266061e-01;1.3250000e+02;1.8864220e-01;1.3250000e+02;2.2060084e-01;1.3250000e+02;2.0952758e-01;1.3250000e+02;1.9564247e-01;1.3250000e+02;2.3184910e-01;1.3250000e+02;1.9668283e-01;1.3250000e+02;1.4446826e-01;1.3250000e+02;8.9762531e-02;1.3250000e+02;4.3867443e-02;1.3250000e+02;-4.2091887e-03;1.3250000e+02;-4.5332417e-02;1.3250000e+02;-8.8572085e-02;1.3250000e+02;-1.3286453e-01;1.3250000e+02;-6.8082318e-02;1.3250000e+02;-5.4236241e-02;1.3250000e+02;-1.6168736e-02;1.3250000e+02;4.0662162e-02;1.3250000e+02;1.1266061e-01;1.3250000e+02;1.8864220e-01;1.3250000e+02;2.2060084e-01;1.3250000e+02;2.0952758e-01;1.3250000e+02;1.9564247e-01;1.3250000e+02;2.3184910e-01;1.3250000e+02;1.9668283e-01;1.3250000e+02;1.4446826e-01;1.3250000e+02;8.9762531e-02;1.3250000e+02;4.3867443e-02;1.3250000e+02;-4.2091887e-03;1.3250000e+02;-4.5332417e-02;1.3250000e+02;-8.8572085e-02;1.3250000e+02;-1.3286453e-01;1.3250000e+02;-6.8082318e-02;1.3250000e+02;-5.4236241e-02;1.3250000e+02;-1.6168736e-02;1.3250000e+02;4.0662162e-02;1.3250000e+02;1.1266061e-01;1.3250000e+02;1.8864220e-01;1.3250000e+02;2.2060084e-01;1.3250000e+02;2.0952758e-01;1.3250000e+02;1.9564247e-01;1.3250000e+02;2.3184910e-01;1.3250000e+02;1.9668283e-01;1.3250000e+02;1.4446826e-01;1.3250000e+02;8.9762531e-02;1.3250000e+02;4.3867443e-02;1.3250000e+02;-4.2091887e-03;1.3250000e+02;-4.5332417e-02;1.3250000e+02;-8.8572085e-02;1.3250000e+02;-1.3286453e-01;1.3250000e+02;-6.8082318e-02;1.3250000e+02;-5.4236241e-02;1.3250000e+02;-1.6168736e-02;1.3250000e+02;4.0662162e-02;1.3250000e+02;1.1266061e-01;1.3250000e+02;1.8864220e-01;1.3250000e+02;2.2060084e-01;1.3250000e+02;2.0952758e-01;1.3250000e+02;1.9564247e-01;1.3250000e+02;2.3184910e-01;1.3250000e+02;1.9668283e-01;1.3250000e+02;1.4446826e-01;1.3250000e+02;8.9762531e-02;1.3250000e+02;4.3867443e-02;1.3250000e+02;-4.2091887e-03;1.3250000e+02;-4.5332417e-02;1.3250000e+02;-8.8572085e-02;1.3250000e+02;-1.3286453e-01;1.3250000e+02;-6.8082318e-02;1.3250000e+02;-5.4236241e-02;1.3250000e+02;-1.6168736e-02;1.3250000e+02;4.0662162e-02;1.3250000e+02;1.1266061e-01;1.3250000e+02;1.8864220e-01;1.3250000e+02;2.2060084e-01;1.3250000e+02;2.0952758e-01;1.3250000e+02;1.9564247e-01;1.3250000e+02;2.3184910e-01;1.3250000e+02;1.9668283e-01;1.3250000e+02;1.4446826e-01;1.3250000e+02;8.9762531e-02;1.3250000e+02;4.3867443e-02;1.3250000e+02;-4.2091887e-03;1.3250000e+02;-4.5332417e-02;1.3250000e+02;-8.8572085e-02;1.3250000e+02;-1.3286453e-01;1.3250000e+02;-6.8082318e-02;1.3250000e+02;-5.4236241e-02;1.3250000e+02;-1.6168736e-02;1.3250000e+02;4.0662162e-02;1.3250000e+02;1.1266061e-01;1.3250000e+02;1.8864220e-01;1.3250000e+02;2.2060084e-01;1.3250000e+02;2.0952758e-01;1.3250000e+02;1.9564247e-01;1.3250000e+02;2.3184910e-01;1.3250000e+02;1.9668283e-01;1.3250000e+02;1.4446826e-01;1.3250000e+02;8.9762531e-02;1.3250000e+02;4.3867443e-02;1.3250000e+02;-4.2091887e-03;1.3250000e+02;-4.5332417e-02;1.3250000e+02;-8.8572085e-02;1.3250000e+02;-1.3286453e-01;1.3250000e+02;-6.8082318e-02;1.3250000e+02;-5.4236241e-02;1.3250000e+02;-1.6168736e-02;1.3250000e+02;4.0662162e-02;1.3250000e+02;1.1266061e-01;1.3250000e+02;1.8864220e-01;1.3250000e+02;2.2060084e-01;1.3250000e+02;2.0952758e-01;1.3250000e+02;1.9564247e-01;1.3250000e+02;2.3184910e-01;1.3250000e+02;1.9668283e-01;1.3250000e+02;1.4446826e-01;1.3250000e+02;8.9762531e-02;1.3250000e+02;4.3867443e-02;1.3250000e+02;-4.2091887e-03;1.3250000e+02;-4.5332417e-02;1.3250000e+02;-8.8572085e-02;1.3250000e+02;-1.3286453e-01;1.3250000e+02;-6.8082318e-02;1.3250000e+02;-5.4236241e-02;1.3250000e+02;-1.6168736e-02;1.3250000e+02;4.0662162e-02;1.3250000e+02;1.1266061e-01;1.3250000e+02;1.8864220e-01;1.3250000e+02;2.2060084e-01;1.3250000e+02;2.0952758e-01;1.3250000e+02;1.9564247e-01;1.3250000e+02;2.3184910e-01;1.3250000e+02;1.9668283e-01;1.3250000e+02;1.4446826e-01;1.3250000e+02;8.9762531e-02;1.3250000e+02;4.3867443e-02;1.3250000e+02;-4.2091887e-03;1.3250000e+02;-4.5332417e-02;1.3250000e+02;-8.8572085e-02;1.3250000e+02;-1.3286453e-01;1.3250000e+02;-6.8082318e-02;1.3250000e+02;-5.4236241e-02;1.3250000e+02;-1.6168736e-02;1.3250000e+02;4.0662162e-02;1.3250000e+02;1.1266061e-01;1.3250000e+02;1.8864220e-01;1.3250000e+02;2.2060084e-01;1.3250000e+02;2.0952758e-01;1.3250000e+02;1.9564247e-01;1.3250000e+02;2.3184910e-01;1.3250000e+02;1.9668283e-01;1.3250000e+02;1.4446826e-01;1.3250000e+02;8.9762531e-02;1.3250000e+02;4.3867443e-02;1.3250000e+02;-4.2091887e-03;1.3250000e+02;-4.5332417e-02;1.3250000e+02;-8.8572085e-02;1.3250000e+02;-1.3286453e-01;1.3250000e+02;-6.8082318e-02;1.3250000e+02;-5.4236241e-02;1.3250000e+02;-1.6168736e-02;1.3250000e+02;4.0662162e-02;1.3250000e+02;1.1266061e-01;1.3250000e+02;1.8864220e-01;1.3250000e+02;2.2060084e-01;1.3250000e+02;2.0952758e-01;1.3250000e+02;1.9564247e-01;1.3250000e+02;2.3184910e-01;1.3250000e+02;1.9668283e-01;1.3250000e+02;1.4446826e-01;1.3250000e+02;8.9762531e-02;1.3250000e+02;4.3867443e-02;1.3250000e+02;-4.2091887e-03;1.3250000e+02;-4.5332417e-02;1.3250000e+02;-8.8572085e-02;1.3250000e+02;-1.3286453e-01;1.3250000e+02;-6.8082318e-02;1.3250000e+02;-5.4236241e-02;1.3250000e+02;-1.6168736e-02;1.3250000e+02;4.0662162e-02;1.3250000e+02;1.1266061e-01;1.3250000e+02;1.8864220e-01;1.3250000e+02;2.2060084e-01;1.3250000e+02;2.0952758e-01;1.3250000e+02;1.9564247e-01;1.3250000e+02;2.3184910e-01;1.3250000e+02;1.9668283e-01;1.3250000e+02;1.4446826e-01;1.3250000e+02;8.9762531e-02;1.3250000e+02;4.3867443e-02;1.3250000e+02;-4.2091887e-03;1.3250000e+02;-4.5332417e-02;1.3250000e+02;-8.8572085e-02;1.3250000e+02;-1.3286453e-01;1.3250000e+02;-6.8082318e-02;1.3250000e+02;-5.4236241e-02;1.3250000e+02;-1.6168736e-02;1.3250000e+02;4.0662162e-02;1.3250000e+02;1.1266061e-01;1.3250000e+02;1.8864220e-01;1.3250000e+02;2.2060084e-01;1.3250000e+02;2.0952758e-01;1.3250000e+02;1.9564247e-01;1.3250000e+02;2.3184910e-01;1.3250000e+02;1.9668283e-01;1.3250000e+02;1.4446826e-01;1.3250000e+02;8.9762531e-02;1.3250000e+02;4.3867443e-02;1.3250000e+02;-4.2091887e-03;1.3250000e+02;-4.5332417e-02;1.3250000e+02;-8.8572085e-02;1.3250000e+02;-1.3286453e-01;1.3250000e+02;-6.8082318e-02;1.3250000e+02;-5.4236241e-02;1.3250000e+02;-1.6168736e-02;1.3250000e+02;4.0662162e-02;1.3250000e+02;1.1266061e-01;1.3250000e+02;1.8864220e-01;1.3250000e+02;2.2060084e-01;1.3250000e+02;2.0952758e-01;1.3250000e+02;1.9564247e-01;1.3250000e+02;2.3184910e-01;1.3250000e+02;1.9668283e-01;1.3250000e+02;1.4446826e-01;1.3250000e+02;8.9762531e-02;1.3250000e+02;4.3867443e-02;1.3250000e+02;-4.2091887e-03;1.3250000e+02;-4.5332417e-02;1.3250000e+02;-8.8572085e-02;1.3250000e+02;-1.3286453e-01;1.3250000e+02;-6.8082318e-02;1.3250000e+02;-5.4236241e-02;1.3250000e+02;-1.6168736e-02;1.3250000e+02;4.0662162e-02;1.3250000e+02;1.1266061e-01;1.3250000e+02;1.8864220e-01;1.3250000e+02;2.2060084e-01;1.3250000e+02;2.0952758e-01;1.3250000e+02;1.9564247e-01;1.3250000e+02;2.3184910e-01;1.3250000e+02;1.9668283e-01;1.3250000e+02;1.4446826e-01;1.3250000e+02;8.9762531e-02;1.3250000e+02;4.3867443e-02;1.3250000e+02;-4.2091887e-03;1.3250000e+02;-4.5332417e-02;1.3250000e+02;-8.8572085e-02;1.3250000e+02;-1.3286453e-01;1.3250000e+02;-6.8082318e-02;1.3250000e+02;-5.4236241e-02;1.3250000e+02;-1.6168736e-02;1.3250000e+02;4.0662162e-02;1.3250000e+02;1.1266061e-01;1.3250000e+02;1.8864220e-01;1.3250000e+02;2.2060084e-01;1.3250000e+02;2.0952758e-01;1.3250000e+02;1.9564247e-01;1.3250000e+02;2.3184910e-01;1.3250000e+02;1.9668283e-01;1.3250000e+02;1.4446826e-01;1.3250000e+02;8.9762531e-02;1.3250000e+02;4.3867443e-02;1.3250000e+02;-4.2091887e-03;1.3250000e+02;-4.5332417e-02;1.3250000e+02;-8.8572085e-02;1.3250000e+02;-1.3286453e-01;1.3250000e+02;-6.8082318e-02;1.3250000e+02;-5.4236241e-02;1.3250000e+02;-1.6168736e-02;1.3250000e+02;4.0662162e-02;1.3250000e+02;1.1266061e-01;1.3250000e+02;1.8864220e-01;1.3250000e+02;2.2060084e-01;1.3250000e+02;2.0952758e-01;1.3250000e+02;1.9564247e-01;1.3250000e+02;2.3184910e-01;1.3250000e+02;1.9668283e-01;1.3250000e+02;1.4446826e-01;1.3250000e+02;8.9762531e-02;1.3250000e+02;4.3867443e-02;1.3250000e+02;-4.2091887e-03;1.3250000e+02;-4.5332417e-02;1.3250000e+02;-8.8572085e-02;1.3250000e+02;-1.3286453e-01;1.3250000e+02;-6.8082318e-02;1.3250000e+02;-5.4236241e-02;1.3250000e+02;-1.6168736e-02;1.3250000e+02;4.0662162e-02;1.3250000e+02;1.1266061e-01;1.3250000e+02;1.8864220e-01;1.3250000e+02;2.2060084e-01;1.3250000e+02;2.0952758e-01;1.3250000e+02;1.9564247e-01;1.3250000e+02;2.3184910e-01;1.3250000e+02;1.9668283e-01;1.3250000e+02;1.4446826e-01;1.3250000e+02;8.9762531e-02;1.3250000e+02;4.3867443e-02;1.3250000e+02;-4.2091887e-03;1.3250000e+02;-4.5332417e-02;1.3250000e+02;-8.8572085e-02;1.3250000e+02;-1.3286453e-01;1.3250000e+02;-6.8082318e-02;1.3250000e+02;-5.4236241e-02;1.3250000e+02;-1.6168736e-02;1.3250000e+02;4.0662162e-02;1.3250000e+02;1.1266061e-01;1.3250000e+02;1.8864220e-01;1.3250000e+02;2.2060084e-01;1.3250000e+02;2.0952758e-01;1.3250000e+02;1.9564247e-01;1.3250000e+02;2.3184910e-01;1.3250000e+02;1.9668283e-01;1.3250000e+02;1.4446826e-01;1.3250000e+02;8.9762531e-02;1.3250000e+02;4.3867443e-02;1.3250000e+02;-4.2091887e-03;1.3250000e+02;-4.5332417e-02;1.3250000e+02;-8.8572085e-02;1.3250000e+02;-1.3286453e-01;1.3250000e+02;-6.8082318e-02;1.3250000e+02;-5.4236241e-02;1.3250000e+02;-1.6168736e-02;1.3250000e+02;4.0662162e-02;1.3250000e+02;1.1266061e-01;1.3250000e+02;1.8864220e-01;1.3250000e+02;2.2060084e-01;1.3250000e+02;2.0952758e-01;1.3250000e+02;1.9564247e-01;1.3250000e+02;2.3184910e-01;1.3250000e+02;1.9668283e-01;1.3250000e+02;1.4446826e-01;1.3250000e+02;8.9762531e-02;1.3250000e+02;4.3867443e-02;1.3250000e+02;-4.2091887e-03;1.3250000e+02;-4.5332417e-02;1.3250000e+02;-8.8572085e-02;1.3250000e+02;-1.3286453e-01;1.3250000e+02;-6.8082318e-02;1.3250000e+02;-5.4236241e-02;1.3250000e+02;-1.6168736e-02;1.3250000e+02;4.0662162e-02;1.3250000e+02;1.1266061e-01;1.3250000e+02;1.8864220e-01;1.3250000e+02;2.2060084e-01;1.3250000e+02;2.0952758e-01;1.3250000e+02;1.9564247e-01;1.3250000e+02;2.3184910e-01;1.3250000e+02;1.9668283e-01;1.3250000e+02;1.4446826e-01;1.3250000e+02;8.9762531e-02;1.3250000e+02;4.3867443e-02;1.3250000e+02;-4.2091887e-03;1.3250000e+02;-4.5332417e-02;1.3250000e+02;-8.8572085e-02;1.3250000e+02;-1.3286453e-01;1.3250000e+02;-6.8082318e-02;1.3250000e+02;-5.4236241e-02;1.3250000e+02;-1.6168736e-02;1.3250000e+02;4.0662162e-02;1.3250000e+02;1.1266061e-01;1.3250000e+02;1.8864220e-01;1.3250000e+02;2.2060084e-01;1.3250000e+02;2.0952758e-01;1.3250000e+02;1.9564247e-01;1.3250000e+02;2.3184910e-01;1.3250000e+02;1.9668283e-01;1.3250000e+02;1.4446826e-01;1.3250000e+02;8.9762531e-02;1.3250000e+02;4.3867443e-02;1.3250000e+02;-4.2091887e-03;1.3250000e+02;-4.5332417e-02;1.3250000e+02;-8.8572085e-02;1.3250000e+02;-1.3286453e-01;1.3250000e+02;-6.8082318e-02;1.3250000e+02;-5.4236241e-02;1.3250000e+02;-1.6168736e-02;1.3250000e+02;4.0662162e-02;1.3250000e+02;1.1266061e-01;1.3250000e+02;1.8864220e-01;1.3250000e+02;2.2060084e-01;1.3250000e+02;2.0952758e-01;1.3250000e+02;1.9564247e-01;1.3250000e+02;2.3184910e-01;1.3250000e+02;1.9668283e-01;1.3250000e+02;1.4446826e-01;1.3250000e+02;8.9762531e-02;1.3250000e+02;4.3867443e-02;1.3250000e+02;-4.2091887e-03;1.3250000e+02;-4.5332417e-02;1.3250000e+02;-8.8572085e-02;1.3250000e+02;-1.3286453e-01;1.3250000e+02;-6.8082318e-02;1.3250000e+02;-5.4236241e-02;1.3250000e+02;-1.6168736e-02;1.3250000e+02;4.0662162e-02;1.3250000e+02;1.1266061e-01;1.3250000e+02;1.8864220e-01;1.3250000e+02;2.2060084e-01;1.3250000e+02;2.0952758e-01;1.3250000e+02;1.9564247e-01;1.3250000e+02;2.3184910e-01;1.3250000e+02;1.9668283e-01;1.3250000e+02;1.4446826e-01;1.3250000e+02;8.9762531e-02;1.3250000e+02;4.3867443e-02;1.3250000e+02;-4.2091887e-03;1.3250000e+02;-4.5332417e-02;1.3250000e+02;-8.8572085e-02;1.3250000e+02;-1.3286453e-01;1.3250000e+02;-6.8082318e-02;1.3250000e+02;-5.4236241e-02;1.3250000e+02;-1.6168736e-02;1.3250000e+02;4.0662162e-02;1.3250000e+02;1.1266061e-01;1.3250000e+02;1.8864220e-01;1.3250000e+02;2.2060084e-01;1.3250000e+02;2.0952758e-01;1.3250000e+02;1.9564247e-01;1.3250000e+02;2.3184910e-01;1.3250000e+02;1.9668283e-01;1.3250000e+02;1.4446826e-01;1.3250000e+02;8.9762531e-02;1.3250000e+02;4.3867443e-02;1.3250000e+02;-4.2091887e-03;1.3250000e+02;-4.5332417e-02;1.3250000e+02;-8.8572085e-02;1.3250000e+02;-1.3286453e-01;1.3250000e+02;-6.8082318e-02;1.3250000e+02;-5.4236241e-02;1.3250000e+02;-1.6168736e-02;1.3250000e+02;4.0662162e-02;1.3250000e+02;1.1266061e-01;1.3250000e+02;1.8864220e-01;1.3250000e+02;2.2060084e-01;1.3250000e+02;2.0952758e-01;1.3250000e+02;1.9564247e-01;1.3250000e+02;2.3184910e-01;1.3250000e+02;1.9668283e-01;1.3250000e+02;1.4446826e-01;1.3250000e+02;8.9762531e-02;1.3250000e+02;4.3867443e-02;1.3250000e+02;-4.2091887e-03;1.3250000e+02;-4.5332417e-02;1.3250000e+02;-8.8572085e-02;1.3250000e+02;-1.3286453e-01;1.3250000e+02;-6.8082318e-02;1.3250000e+02;-5.4236241e-02;1.3250000e+02;-1.6168736e-02;1.3250000e+02;4.0662162e-02;1.3250000e+02;1.1266061e-01;1.3250000e+02;1.8864220e-01;1.3250000e+02;2.2060084e-01;1.3250000e+02;2.0952758e-01;1.3250000e+02;1.9564247e-01;1.3250000e+02;2.3184910e-01;1.3250000e+02;1.9668283e-01;1.3250000e+02;1.4446826e-01;1.3250000e+02;8.9762531e-02;1.3250000e+02;4.3867443e-02;1.3250000e+02;-4.2091887e-03;1.3250000e+02;-4.5332417e-02;1.3250000e+02;-8.8572085e-02;1.3250000e+02;-1.3286453e-01;1.3250000e+02;-6.8082318e-02;1.3250000e+02;-5.4236241e-02;1.3250000e+02;-1.6168736e-02;1.3250000e+02;4.0662162e-02;1.3250000e+02;1.1266061e-01;1.3250000e+02;1.8864220e-01;1.3250000e+02;2.2060084e-01;1.3250000e+02;2.0952758e-01;1.3250000e+02;1.9564247e-01;1.3250000e+02;2.3184910e-01;1.3250000e+02;1.9668283e-01;1.3250000e+02;1.4446826e-01;1.3250000e+02;8.9762531e-02;1.3250000e+02;4.3867443e-02;1.3250000e+02;-4.2091887e-03;1.3250000e+02;-4.5332417e-02;1.3250000e+02;-8.8572085e-02;1.3250000e+02;-1.3286453e-01;1.3250000e+02;-6.8082318e-02;1.3250000e+02;-5.4236241e-02;1.3250000e+02;-1.6168736e-02;1.3250000e+02;4.0662162e-02;1.3250000e+02;1.1266061e-01;1.3250000e+02;1.8864220e-01;1.3250000e+02;2.2060084e-01;1.3250000e+02;2.0952758e-01;1.3250000e+02;1.9564247e-01;1.3250000e+02;2.3184910e-01;1.3250000e+02;1.9668283e-01;1.3250000e+02;1.4446826e-01;1.3250000e+02;8.9762531e-02;1.3250000e+02;4.3867443e-02;1.3250000e+02;-4.2091887e-03;1.3250000e+02;-4.5332417e-02;1.3250000e+02;-8.8572085e-02;1.3250000e+02;-1.3286453e-01;1.3250000e+02;-6.8082318e-02;1.3250000e+02;-5.4236241e-02;1.3250000e+02;-1.6168736e-02;1.3250000e+02;4.0662162e-02;1.3250000e+02;1.1266061e-01;1.3250000e+02;1.8864220e-01;1.3250000e+02;2.2060084e-01;1.3250000e+02;2.0952758e-01;1.3250000e+02;1.9564247e-01;1.3250000e+02;2.3184910e-01;1.3250000e+02;1.9668283e-01;1.3250000e+02;1.4446826e-01;1.3250000e+02;8.9762531e-02;1.3250000e+02;4.3867443e-02;1.3250000e+02;-4.2091887e-03;1.3250000e+02;-4.5332417e-02;1.3250000e+02;-8.8572085e-02;1.3250000e+02;-1.3286453e-01;1.3250000e+02;-6.8082318e-02;1.3250000e+02;-5.4236241e-02;1.3250000e+02;-1.6168736e-02;1.3250000e+02;4.0662162e-02;1.3250000e+02;1.1266061e-01;1.3250000e+02;1.8864220e-01;1.3250000e+02;2.2060084e-01;1.3250000e+02;2.0952758e-01;1.3250000e+02;1.9564247e-01;1.3250000e+02;2.3184910e-01;1.3250000e+02;1.9668283e-01;1.3250000e+02;1.4446826e-01;1.3250000e+02;8.9762531e-02;1.3250000e+02;4.3867443e-02;1.3250000e+02;-4.2091887e-03;1.3250000e+02;-4.5332417e-02;1.3250000e+02;-8.8572085e-02;1.3250000e+02;-1.3286453e-01;1.3250000e+02;-6.8082318e-02;1.3250000e+02;-5.4236241e-02;1.3250000e+02;-1.6168736e-02;1.3250000e+02;4.0662162e-02;1.3250000e+02;1.1266061e-01;1.3250000e+02;1.8864220e-01;1.3250000e+02;2.2060084e-01;1.3250000e+02;2.0952758e-01;1.3250000e+02;1.9564247e-01;1.3250000e+02;2.3184910e-01;1.3250000e+02;1.9668283e-01;1.3250000e+02;1.4446826e-01;1.3250000e+02;8.9762531e-02;1.3250000e+02;4.3867443e-02;1.3250000e+02;-4.2091887e-03;1.3250000e+02;-4.5332417e-02;1.3250000e+02;-8.8572085e-02;1.3250000e+02;-1.3286453e-01;1.3250000e+02;-6.8082318e-02;1.3250000e+02;-5.4236241e-02;1.3250000e+02;-1.6168736e-02;1.3250000e+02;4.0662162e-02;1.3250000e+02;1.1266061e-01;1.3250000e+02;1.8864220e-01;1.3250000e+02;2.2060084e-01;1.3250000e+02;2.0952758e-01;1.3250000e+02;1.9564247e-01;1.3250000e+02;2.3184910e-01;1.3250000e+02;1.9668283e-01;1.3250000e+02;1.4446826e-01;1.3250000e+02;8.9762531e-02;1.3250000e+02;4.3867443e-02;1.3250000e+02;-4.2091887e-03;1.3250000e+02;-4.5332417e-02;1.3250000e+02;-8.8572085e-02;1.3250000e+02;-1.3286453e-01;1.3250000e+02;-6.8082318e-02;1.3250000e+02;-5.4236241e-02;1.3250000e+02;-1.6168736e-02;1.3250000e+02;4.0662162e-02;1.3250000e+02;1.1266061e-01;1.3250000e+02;1.8864220e-01;1.3250000e+02;2.2060084e-01;1.3250000e+02;2.0952758e-01;1.3250000e+02;1.9564247e-01;1.3250000e+02;2.3184910e-01;1.3250000e+02;1.9668283e-01;1.3250000e+02;1.4446826e-01;1.3250000e+02;8.9762531e-02;1.3250000e+02;4.3867443e-02;1.3250000e+02;-4.2091887e-03;1.3250000e+02;-4.5332417e-02;1.3250000e+02;-8.8572085e-02;1.3250000e+02;-1.3286453e-01;1.3250000e+02;-6.8082318e-02;1.3250000e+02;-5.4236241e-02;1.3250000e+02;-1.6168736e-02;1.3250000e+02;4.0662162e-02;1.3250000e+02;1.1266061e-01;1.3250000e+02;1.8864220e-01;1.3250000e+02;2.2060084e-01;1.3250000e+02;2.0952758e-01;1.3250000e+02;1.9564247e-01;1.3250000e+02;2.3184910e-01;1.3250000e+02;1.9668283e-01;1.3250000e+02;1.4446826e-01;1.3250000e+02;8.9762531e-02;1.3250000e+02;4.3867443e-02;1.3250000e+02;-4.2091887e-03;1.3250000e+02;-4.5332417e-02;1.3250000e+02;-8.8572085e-02;1.3250000e+02;-1.3286453e-01;1.3250000e+02;-6.8082318e-02;1.3250000e+02;-5.4236241e-02;1.3250000e+02;-1.6168736e-02;1.3250000e+02;4.0662162e-02;1.3250000e+02;1.1266061e-01;1.3250000e+02;1.8864220e-01;1.3250000e+02;2.2060084e-01;1.3250000e+02;2.0952758e-01;1.3250000e+02;1.9564247e-01;1.3250000e+02;2.3184910e-01;1.3250000e+02;1.9668283e-01;1.3250000e+02;1.4446826e-01;1.3250000e+02;8.9762531e-02;1.3250000e+02;4.3867443e-02;1.3250000e+02;-4.2091887e-03;1.3250000e+02;-4.5332417e-02;1.3250000e+02;-8.8572085e-02;1.3250000e+02;-1.3286453e-01;1.3250000e+02;-6.8082318e-02;1.3250000e+02;-5.4236241e-02;1.3250000e+02;-1.6168736e-02;1.3250000e+02;4.0662162e-02;1.3250000e+02;1.1266061e-01;1.3250000e+02;1.8864220e-01;1.3250000e+02;2.2060084e-01;1.3250000e+02;2.0952758e-01;1.3250000e+02;1.9564247e-01;1.3250000e+02;2.3184910e-01;1.3250000e+02;1.9668283e-01;1.3250000e+02;1.4446826e-01;1.3250000e+02;8.9762531e-02;1.3250000e+02;4.3867443e-02;1.3250000e+02;-4.2091887e-03;1.3250000e+02;-4.5332417e-02;1.3250000e+02;-8.8572085e-02;1.3250000e+02;-1.3286453e-01;1.3250000e+02;-6.8082318e-02;1.3250000e+02;-5.4236241e-02;1.3250000e+02;-1.6168736e-02;1.3250000e+02;4.0662162e-02;1.3250000e+02;1.1266061e-01;1.3250000e+02;1.8864220e-01;1.3250000e+02;2.2060084e-01;1.3250000e+02;2.0952758e-01;1.3250000e+02;1.9564247e-01;1.3250000e+02;2.3184910e-01;1.3250000e+02;1.9668283e-01;1.3250000e+02;1.4446826e-01;1.3250000e+02;8.9762531e-02;1.3250000e+02;4.3867443e-02;1.3250000e+02;-4.2091887e-03;1.3250000e+02;-4.5332417e-02;1.3250000e+02;-8.8572085e-02;1.3250000e+02;-1.3286453e-01;1.3250000e+02;-6.8082318e-02;1.3250000e+02;-5.4236241e-02;1.3250000e+02;-1.6168736e-02;1.3250000e+02;4.0662162e-02;1.3250000e+02;1.1266061e-01;1.3250000e+02;1.8864220e-01;1.3250000e+02;2.2060084e-01;1.3250000e+02;2.0952758e-01;1.3250000e+02;1.9564247e-01;1.3250000e+02;2.3184910e-01;1.3250000e+02;1.9668283e-01;1.3250000e+02;1.4446826e-01;1.3250000e+02;8.9762531e-02;1.3250000e+02;4.3867443e-02;1.3250000e+02;-4.2091887e-03;1.3250000e+02;-4.5332417e-02;1.3250000e+02;-8.8572085e-02;1.3250000e+02;-1.3286453e-01;1.3250000e+02;-6.8082318e-02;1.3250000e+02;-5.4236241e-02;1.3250000e+02;-1.6168736e-02;1.3250000e+02;4.0662162e-02;1.3250000e+02;1.1266061e-01;1.3250000e+02;1.8864220e-01;1.3250000e+02;2.2060084e-01;1.3250000e+02;2.0952758e-01;1.3250000e+02;1.9564247e-01;1.3250000e+02;2.3184910e-01;1.3250000e+02;1.9668283e-01;1.3250000e+02;1.4446826e-01;1.3250000e+02;8.9762531e-02;1.3250000e+02;4.3867443e-02;1.3250000e+02;-4.2091887e-03;1.3250000e+02;-4.5332417e-02;1.3250000e+02;-8.8572085e-02;1.3250000e+02;-1.3286453e-01;1.3250000e+02;-6.8082318e-02;1.3250000e+02;-5.4236241e-02;1.3250000e+02;-1.6168736e-02;1.3250000e+02;4.0662162e-02;1.3250000e+02;1.1266061e-01;1.3250000e+02;1.8864220e-01;1.3250000e+02;2.2060084e-01;1.3250000e+02;2.0952758e-01;1.3250000e+02;1.9564247e-01;1.3250000e+02;2.3184910e-01;1.3250000e+02;1.9668283e-01;1.3250000e+02;1.4446826e-01;1.3250000e+02;8.9762531e-02;1.3250000e+02;4.3867443e-02;1.3250000e+02;-4.2091887e-03;1.3250000e+02;-4.5332417e-02;1.3250000e+02;-8.8572085e-02;1.3250000e+02;-1.3286453e-01;1.3250000e+02;-6.8082318e-02;1.3250000e+02;-5.4236241e-02;1.3250000e+02;-1.6168736e-02;1.3250000e+02;4.0662162e-02;1.3250000e+02;1.1266061e-01;1.3250000e+02;1.8864220e-01;1.3250000e+02;2.2060084e-01;1.3250000e+02;2.0952758e-01;1.3250000e+02;1.9564247e-01;1.3250000e+02;2.3184910e-01;1.3250000e+02;1.9668283e-01;1.3250000e+02;1.4446826e-01;1.3250000e+02;8.9762531e-02;1.3250000e+02;4.3867443e-02;1.3250000e+02;-4.2091887e-03;1.3250000e+02;-4.5332417e-02;1.3250000e+02;-8.8572085e-02;1.3250000e+02;-1.3286453e-01;1.3250000e+02;-6.8082318e-02;1.3250000e+02;-5.4236241e-02;1.3250000e+02;-1.6168736e-02;1.3250000e+02;4.0662162e-02;1.3250000e+02;1.1266061e-01;1.3250000e+02;1.8864220e-01;1.3250000e+02;2.2060084e-01;1.3250000e+02;2.0952758e-01;1.3250000e+02;1.9564247e-01;1.3250000e+02;2.3184910e-01;1.3250000e+02;1.9668283e-01;1.3250000e+02;1.4446826e-01;1.3250000e+02;8.9762531e-02;1.3250000e+02;4.3867443e-02;1.3250000e+02;-4.2091887e-03;1.3250000e+02;-4.5332417e-02;1.3250000e+02;-8.8572085e-02;1.3250000e+02;-1.3286453e-01;1.3250000e+02;-6.8082318e-02;1.3250000e+02;-5.4236241e-02;1.3250000e+02;-1.6168736e-02;1.3250000e+02;4.0662162e-02;1.3250000e+02;1.1266061e-01;1.3250000e+02;1.8864220e-01;1.3250000e+02;2.2060084e-01;1.3250000e+02;2.0952758e-01;1.3250000e+02;1.9564247e-01;1.3250000e+02;2.3184910e-01;1.3250000e+02;1.9668283e-01;1.3250000e+02;1.4446826e-01;1.3250000e+02;8.9762531e-02;1.3250000e+02;4.3867443e-02;1.3250000e+02;-4.2091887e-03;1.3250000e+02;-4.5332417e-02;1.3250000e+02;-8.8572085e-02;1.3250000e+02;-1.3286453e-01;1.3250000e+02;-6.8082318e-02;1.3250000e+02;-5.4236241e-02;1.3250000e+02;-1.6168736e-02;1.3250000e+02;4.0662162e-02;1.3250000e+02;1.1266061e-01;1.3250000e+02;1.8864220e-01;1.3250000e+02;2.2060084e-01;1.3250000e+02;2.0952758e-01;1.3250000e+02;1.9564247e-01;1.3250000e+02;2.3184910e-01;1.3250000e+02;1.9668283e-01;1.3250000e+02;1.4446826e-01;1.3250000e+02;8.9762531e-02;1.3250000e+02;4.3867443e-02;1.3250000e+02;-4.2091887e-03;1.3250000e+02;-4.5332417e-02;1.3250000e+02;-8.8572085e-02;1.3250000e+02;-1.3286453e-01;1.3250000e+02;-6.8082318e-02;1.3250000e+02;-5.4236241e-02;1.3250000e+02;-1.6168736e-02;1.3250000e+02;4.0662162e-02;1.3250000e+02;1.1266061e-01;1.3250000e+02;1.8864220e-01;1.3250000e+02;2.2060084e-01;1.3250000e+02;2.0952758e-01;1.3250000e+02;1.9564247e-01;1.3250000e+02;2.3184910e-01;1.3250000e+02;1.9668283e-01;1.3250000e+02;1.4446826e-01;1.3250000e+02;8.9762531e-02;1.3250000e+02;4.3867443e-02;1.3250000e+02;-4.2091887e-03;1.3250000e+02;-4.5332417e-02;1.3250000e+02;-8.8572085e-02;1.3250000e+02;-1.3286453e-01;1.3250000e+02;-6.8082318e-02;1.3250000e+02;-5.4236241e-02;1.3250000e+02;-1.6168736e-02;1.3250000e+02;4.0662162e-02;1.3250000e+02;1.1266061e-01;1.3250000e+02;1.8864220e-01;1.3250000e+02;2.2060084e-01;1.3250000e+02;2.0952758e-01;1.3250000e+02;1.9564247e-01;1.3250000e+02;2.3184910e-01;1.3250000e+02;1.9668283e-01;1.3250000e+02;1.4446826e-01;1.3250000e+02;8.9762531e-02;1.3250000e+02;4.3867443e-02;1.3250000e+02;-4.2091887e-03;1.3250000e+02;-4.5332417e-02;1.3250000e+02;-8.8572085e-02;1.3250000e+02;-1.3286453e-01;1.3250000e+02;-6.8082318e-02;1.3250000e+02;-5.4236241e-02;1.3250000e+02;-1.6168736e-02;1.3250000e+02;4.0662162e-02;1.3250000e+02;1.1266061e-01;1.3250000e+02;1.8864220e-01;1.3250000e+02;2.2060084e-01;1.3250000e+02;2.0952758e-01;1.3250000e+02;1.9564247e-01;1.3250000e+02;2.3184910e-01;1.3250000e+02;1.9668283e-01;1.3250000e+02;1.4446826e-01;1.3250000e+02;8.9762531e-02;1.3250000e+02;4.3867443e-02;1.3250000e+02;-4.2091887e-03;1.3250000e+02;-4.5332417e-02;1.3250000e+02;-8.8572085e-02;1.3250000e+02;-1.3286453e-01;1.3250000e+02;-6.8082318e-02;1.3250000e+02;-5.4236241e-02;1.3250000e+02;-1.6168736e-02;1.3250000e+02;4.0662162e-02;1.3250000e+02;1.1266061e-01;1.3250000e+02;1.8864220e-01;1.3250000e+02;2.2060084e-01;1.3250000e+02;2.0952758e-01;1.3250000e+02;1.9564247e-01;1.3250000e+02;2.3184910e-01;1.3250000e+02;1.9668283e-01;1.3250000e+02;1.4446826e-01;1.3250000e+02;8.9762531e-02;1.3250000e+02;4.3867443e-02;1.3250000e+02;-4.2091887e-03;1.3250000e+02;-4.5332417e-02;1.3250000e+02;-8.8572085e-02;1.3250000e+02;-1.3286453e-01;1.3250000e+02;-6.8082318e-02;1.3250000e+02;-5.4236241e-02;1.3250000e+02;-1.6168736e-02;1.3250000e+02;4.0662162e-02;1.3250000e+02;1.1266061e-01;1.3250000e+02;1.8864220e-01;1.3250000e+02;2.2060084e-01;1.3250000e+02;2.0952758e-01;1.3250000e+02;1.9564247e-01;1.3250000e+02;2.3184910e-01;1.3250000e+02;1.9668283e-01;1.3250000e+02;1.4446826e-01;1.3250000e+02;8.9762531e-02;1.3250000e+02;4.3867443e-02;1.3250000e+02;-4.2091887e-03;1.3250000e+02;-4.5332417e-02;1.3250000e+02;-8.8572085e-02;1.3250000e+02;-1.3286453e-01;1.3250000e+02;-6.8082318e-02;1.3250000e+02;-5.4236241e-02;1.3250000e+02;-1.6168736e-02;1.3250000e+02;4.0662162e-02;1.3250000e+02;1.1266061e-01;1.3250000e+02;1.8864220e-01;1.3250000e+02;2.2060084e-01;1.3250000e+02;2.0952758e-01;1.3250000e+02;1.9564247e-01;1.3250000e+02;2.3184910e-01;1.3250000e+02;1.9668283e-01;1.3250000e+02;1.4446826e-01;1.3250000e+02;8.9762531e-02;1.3250000e+02;4.3867443e-02;1.3250000e+02;-4.2091887e-03;1.3250000e+02;-4.5332417e-02;1.3250000e+02;-8.8572085e-02;1.3250000e+02;-1.3286453e-01;1.3250000e+02;-6.8082318e-02;1.3250000e+02;-5.4236241e-02;1.3250000e+02;-1.6168736e-02;1.3250000e+02;4.0662162e-02;1.3250000e+02;1.1266061e-01;1.3250000e+02;1.8864220e-01;1.3250000e+02;2.2060084e-01;1.3250000e+02;2.0952758e-01;1.3250000e+02;1.9564247e-01;1.3250000e+02;2.3184910e-01;1.3250000e+02;1.9668283e-01;1.3250000e+02;1.4446826e-01;1.3250000e+02;8.9762531e-02;1.3250000e+02;4.3867443e-02;1.3250000e+02;-4.2091887e-03;1.3250000e+02;-4.5332417e-02;1.3250000e+02;-8.8572085e-02;1.3250000e+02;-1.3286453e-01;1.3250000e+02;-6.8082318e-02;1.3250000e+02;-5.4236241e-02;1.3250000e+02;-1.6168736e-02;1.3250000e+02;4.0662162e-02;1.3250000e+02;1.1266061e-01;1.3250000e+02;1.8864220e-01;1.3250000e+02;2.2060084e-01;1.3250000e+02;2.0952758e-01;1.3250000e+02;1.9564247e-01;1.3250000e+02;2.3184910e-01;1.3250000e+02;1.9668283e-01;1.3250000e+02;1.4446826e-01;1.3250000e+02;8.9762531e-02;1.3250000e+02;4.3867443e-02;1.3250000e+02;-4.2091887e-03;1.3250000e+02;-4.5332417e-02;1.3250000e+02;-8.8572085e-02;1.3250000e+02;-1.3286453e-01;1.3250000e+02;-6.8082318e-02;1.3250000e+02;-5.4236241e-02;1.3250000e+02;-1.6168736e-02;1.3250000e+02;4.0662162e-02;1.3250000e+02;1.1266061e-01;1.3250000e+02;1.8864220e-01;1.3250000e+02;2.2060084e-01;1.3250000e+02;2.0952758e-01;1.3250000e+02;1.9564247e-01;1.3250000e+02;2.3184910e-01;1.3250000e+02;1.9668283e-01;1.3250000e+02;1.4446826e-01;1.3250000e+02;8.9762531e-02;1.3250000e+02;4.3867443e-02;1.3250000e+02;-4.2091887e-03;1.3250000e+02;-4.5332417e-02;1.3250000e+02;-8.8572085e-02;1.3250000e+02;-1.3286453e-01;1.3250000e+02;-6.8082318e-02;1.3250000e+02;-5.4236241e-02;1.3250000e+02;-1.6168736e-02;1.3250000e+02;4.0662162e-02;1.3250000e+02;1.1266061e-01;1.3250000e+02;1.8864220e-01;1.3250000e+02;2.2060084e-01;1.3250000e+02;2.0952758e-01;1.3250000e+02;1.9564247e-01;1.3250000e+02;2.3184910e-01;1.3250000e+02;1.9668283e-01;1.3250000e+02;1.4446826e-01;1.3250000e+02;8.9762531e-02;1.3250000e+02;4.3867443e-02;1.3250000e+02;-4.2091887e-03;1.3250000e+02;-4.5332417e-02;1.3250000e+02;-8.8572085e-02;1.3250000e+02;-1.3286453e-01;1.3250000e+02;-6.8082318e-02;1.3250000e+02;-5.4236241e-02;1.3250000e+02;-1.6168736e-02;1.3250000e+02;4.0662162e-02;1.3250000e+02;1.1266061e-01;1.3250000e+02;1.8864220e-01;1.3250000e+02;2.2060084e-01;1.3250000e+02;2.0952758e-01;1.3250000e+02;1.9564247e-01;1.3250000e+02;2.3184910e-01;1.3250000e+02;1.9668283e-01;1.3250000e+02;1.4446826e-01;1.3250000e+02;8.9762531e-02;1.3250000e+02;4.3867443e-02;1.3250000e+02;-4.2091887e-03;1.3250000e+02;-4.5332417e-02;1.3250000e+02;-8.8572085e-02;1.3250000e+02;-1.3286453e-01;1.3250000e+02;-6.8082318e-02;1.3250000e+02;-5.4236241e-02;1.3250000e+02;-1.6168736e-02;1.3250000e+02;4.0662162e-02;1.3250000e+02;1.1266061e-01;1.3250000e+02;1.8864220e-01;1.3250000e+02;2.2060084e-01;1.3250000e+02;2.0952758e-01;1.3250000e+02;1.9564247e-01;1.3250000e+02;2.3184910e-01;1.3250000e+02;1.9668283e-01;1.3250000e+02;1.4446826e-01;1.3250000e+02;8.9762531e-02;1.3250000e+02;4.3867443e-02;1.3250000e+02;-4.2091887e-03;1.3250000e+02;-4.5332417e-02;1.3250000e+02;-8.8572085e-02;1.3250000e+02;-1.3286453e-01;1.3250000e+02;-6.8082318e-02;1.3250000e+02;-5.4236241e-02;1.3250000e+02;-1.6168736e-02;1.3250000e+02;4.0662162e-02;1.3250000e+02;1.1266061e-01;1.3250000e+02;1.8864220e-01;1.3250000e+02;2.2060084e-01;1.3250000e+02;2.0952758e-01;1.3250000e+02;1.9564247e-01;1.3250000e+02;2.3184910e-01;1.3250000e+02;1.9668283e-01;1.3250000e+02;1.4446826e-01;1.3250000e+02;8.9762531e-02;1.3250000e+02;4.3867443e-02;1.3250000e+02;-4.2091887e-03;1.3250000e+02;-4.5332417e-02;1.3250000e+02;-8.8572085e-02;1.3250000e+02;-1.3286453e-01;1.3250000e+02;-6.8082318e-02;1.3250000e+02;-5.4236241e-02;1.3250000e+02;-1.6168736e-02;1.3250000e+02;4.0662162e-02;1.3250000e+02;1.1266061e-01;1.3250000e+02;1.8864220e-01;1.3250000e+02;2.2060084e-01;1.3250000e+02;2.0952758e-01;1.3250000e+02;1.9564247e-01;1.3250000e+02;2.3184910e-01;1.3250000e+02;1.9668283e-01;1.3250000e+02;1.4446826e-01;1.3250000e+02;8.9762531e-02;1.3250000e+02;4.3867443e-02;1.3250000e+02;-4.2091887e-03;1.3250000e+02;-4.5332417e-02;1.3250000e+02;-8.8572085e-02;1.3250000e+02;-1.3286453e-01;1.3250000e+02;-6.8082318e-02;1.3250000e+02;-5.4236241e-02;1.3250000e+02;-1.6168736e-02;1.3250000e+02;4.0662162e-02;1.3250000e+02;1.1266061e-01;1.3250000e+02;1.8864220e-01;1.3250000e+02;2.2060084e-01;1.3250000e+02;2.0952758e-01;1.3250000e+02;1.9564247e-01;1.3250000e+02;2.3184910e-01;1.3250000e+02;1.9668283e-01;1.3250000e+02;1.4446826e-01;1.3250000e+02;8.9762531e-02;1.3250000e+02;4.3867443e-02;1.3250000e+02;-4.2091887e-03;1.3250000e+02;-4.5332417e-02;1.3250000e+02;-8.8572085e-02;1.3250000e+02;-1.3286453e-01;1.3250000e+02;-6.8082318e-02;1.3250000e+02;-5.4236241e-02;1.3250000e+02;-1.6168736e-02;1.3250000e+02;4.0662162e-02;1.3250000e+02;1.1266061e-01;1.3250000e+02;1.8864220e-01;1.3250000e+02;2.2060084e-01;1.3250000e+02;2.0952758e-01;1.3250000e+02;1.9564247e-01;1.3250000e+02;2.3184910e-01;1.3250000e+02;1.9668283e-01;1.3250000e+02;1.4446826e-01;1.3250000e+02;8.9762531e-02;1.3250000e+02;4.3867443e-02;1.3250000e+02;-4.2091887e-03;1.3250000e+02;-4.5332417e-02;1.3250000e+02;-8.8572085e-02;1.3250000e+02;-1.3286453e-01;1.3250000e+02;-6.8082318e-02;1.3250000e+02;-5.4236241e-02;1.3250000e+02;-1.6168736e-02;1.3250000e+02;4.0662162e-02;1.3250000e+02;1.1266061e-01;1.3250000e+02;1.8864220e-01;1.3250000e+02;2.2060084e-01;1.3250000e+02;2.0952758e-01;1.3250000e+02;1.9564247e-01;1.3250000e+02;2.3184910e-01;1.3250000e+02;1.9668283e-01;1.3250000e+02;1.4446826e-01;1.3250000e+02;8.9762531e-02;1.3250000e+02;4.3867443e-02;1.3250000e+02;-4.2091887e-03;1.3250000e+02;-4.5332417e-02;1.3250000e+02;-8.8572085e-02;1.3250000e+02;-1.3286453e-01;1.3250000e+02;-6.8082318e-02;1.3250000e+02;-5.4236241e-02;1.3250000e+02;-1.6168736e-02;1.3250000e+02;4.0662162e-02;1.3250000e+02;1.1266061e-01;1.3250000e+02;1.8864220e-01;1.3250000e+02;2.2060084e-01;1.3250000e+02;2.0952758e-01;1.3250000e+02;1.9564247e-01;1.3250000e+02;2.3184910e-01;1.3250000e+02;1.9668283e-01;1.3250000e+02;1.4446826e-01;1.3250000e+02;8.9762531e-02;1.3250000e+02;4.3867443e-02;1.3250000e+02;-4.2091887e-03;1.3250000e+02;-4.5332417e-02;1.3250000e+02;-8.8572085e-02;1.3250000e+02;-1.3286453e-01;1.3250000e+02;-6.8082318e-02;1.3250000e+02;-5.4236241e-02;1.3250000e+02;-1.6168736e-02;1.3250000e+02;4.0662162e-02;1.3250000e+02;1.1266061e-01;1.3250000e+02;1.8864220e-01;1.3250000e+02;2.2060084e-01;1.3250000e+02;2.0952758e-01;1.3250000e+02;1.9564247e-01;1.3250000e+02;2.3184910e-01;1.3250000e+02;1.9668283e-01;1.3250000e+02;1.4446826e-01;1.3250000e+02;8.9762531e-02;1.3250000e+02;4.3867443e-02;1.3250000e+02;-4.2091887e-03;1.3250000e+02;-4.5332417e-02;1.3250000e+02;-8.8572085e-02;1.3250000e+02;-1.3286453e-01;1.3250000e+02;-6.8082318e-02;1.3250000e+02;-5.4236241e-02;1.3250000e+02;-1.6168736e-02;1.3250000e+02;4.0662162e-02;1.3250000e+02;1.1266061e-01;1.3250000e+02;1.8864220e-01;1.3250000e+02;2.2060084e-01;1.3250000e+02;2.0952758e-01;1.3250000e+02;1.9564247e-01;1.3250000e+02;2.3184910e-01;1.3250000e+02;1.9668283e-01;1.3250000e+02;1.4446826e-01;1.3250000e+02;8.9762531e-02;1.3250000e+02;4.3867443e-02;1.3250000e+02;-4.2091887e-03;1.3250000e+02;-4.5332417e-02;1.3250000e+02;-8.8572085e-02;1.3250000e+02;-1.3286453e-01;1.3250000e+02;-6.8082318e-02;1.3250000e+02;-5.4236241e-02;1.3250000e+02;-1.6168736e-02;1.3250000e+02;4.0662162e-02;1.3250000e+02;1.1266061e-01;1.3250000e+02;1.8864220e-01;1.3250000e+02;2.2060084e-01;1.3250000e+02;2.0952758e-01;1.3250000e+02;1.9564247e-01;1.3250000e+02;2.3184910e-01;1.3250000e+02;1.9668283e-01;1.3250000e+02;1.4446826e-01;1.3250000e+02;8.9762531e-02;1.3250000e+02;4.3867443e-02;1.3250000e+02;-4.2091887e-03;1.3250000e+02;-4.5332417e-02;1.3250000e+02;-8.8572085e-02;1.3250000e+02;-1.3286453e-01;1.3250000e+02;-6.8082318e-02;1.3250000e+02;-5.4236241e-02;1.3250000e+02;-1.6168736e-02;1.3250000e+02;4.0662162e-02;1.3250000e+02;1.1266061e-01;1.3250000e+02;1.8864220e-01;1.3250000e+02;2.2060084e-01;1.3250000e+02;2.0952758e-01;1.3250000e+02;1.9564247e-01;1.3250000e+02;2.3184910e-01;1.3250000e+02;1.9668283e-01;1.3250000e+02;1.4446826e-01;1.3250000e+02;8.9762531e-02;1.3250000e+02;4.3867443e-02;1.3250000e+02;-4.2091887e-03;1.3250000e+02;-4.5332417e-02;1.3250000e+02;-8.8572085e-02;1.3250000e+02;-1.3286453e-01;1.3250000e+02;-6.8082318e-02;1.3250000e+02;-5.4236241e-02;1.3250000e+02;-1.6168736e-02;1.3250000e+02;4.0662162e-02;1.3250000e+02;1.1266061e-01;1.3250000e+02;1.8864220e-01;1.3250000e+02;2.2060084e-01;1.3250000e+02;2.0952758e-01;1.3250000e+02;1.9564247e-01;1.3250000e+02;2.3184910e-01;1.3250000e+02;1.9668283e-01;1.3250000e+02;1.4446826e-01;1.3250000e+02;8.9762531e-02;1.3250000e+02;4.3867443e-02;1.3250000e+02;-4.2091887e-03;1.3250000e+02;-4.5332417e-02;1.3250000e+02;-8.8572085e-02;1.3250000e+02;-1.3286453e-01;1.3250000e+02;-6.8082318e-02;1.3250000e+02;-5.4236241e-02;1.3250000e+02;-1.6168736e-02;1.3250000e+02;4.0662162e-02;1.3250000e+02;1.1266061e-01;1.3250000e+02;1.8864220e-01;1.3250000e+02;2.2060084e-01;1.3250000e+02;2.0952758e-01;1.3250000e+02;1.9564247e-01;1.3250000e+02;2.3184910e-01;1.3250000e+02;1.9668283e-01;1.3250000e+02;1.4446826e-01;1.3250000e+02;8.9762531e-02;1.3250000e+02;4.3867443e-02;1.3250000e+02;-4.2091887e-03;1.3250000e+02;-4.5332417e-02;1.3250000e+02;-8.8572085e-02;1.3250000e+02;-1.3286453e-01;1.3250000e+02;-6.8082318e-02;1.3250000e+02;-5.4236241e-02;1.3250000e+02;-1.6168736e-02;1.3250000e+02;4.0662162e-02;1.3250000e+02;1.1266061e-01;1.3250000e+02;1.8864220e-01;1.3250000e+02;2.2060084e-01;1.3250000e+02;2.0952758e-01;1.3250000e+02;1.9564247e-01;1.3250000e+02;2.3184910e-01;1.3250000e+02;1.9668283e-01;1.3250000e+02;1.4446826e-01;1.3250000e+02;8.9762531e-02;1.3250000e+02;4.3867443e-02;1.3250000e+02;-4.2091887e-03;1.3250000e+02;-4.5332417e-02;1.3250000e+02;-8.8572085e-02;1.3250000e+02;-1.3286453e-01;1.3250000e+02;-6.8082318e-02;1.3250000e+02;-5.4236241e-02;1.3250000e+02;-1.6168736e-02;1.3250000e+02;4.0662162e-02;1.3250000e+02;1.1266061e-01;1.3250000e+02;1.8864220e-01;1.3250000e+02;2.2060084e-01;1.3250000e+02;2.0952758e-01;1.3250000e+02;1.9564247e-01;1.3250000e+02;2.3184910e-01;1.3250000e+02;1.9668283e-01;1.3250000e+02;1.4446826e-01;1.3250000e+02;8.9762531e-02;1.3250000e+02;4.3867443e-02;1.3250000e+02;-4.2091887e-03;1.3250000e+02;-4.5332417e-02;1.3250000e+02;-8.8572085e-02;1.3250000e+02;-1.3286453e-01;1.3250000e+02;-6.8082318e-02;1.3250000e+02;-5.4236241e-02;1.3250000e+02;-1.6168736e-02;1.3250000e+02;4.0662162e-02;1.3250000e+02;1.1266061e-01;1.3250000e+02;1.8864220e-01;1.3250000e+02;2.2060084e-01;1.3250000e+02;2.0952758e-01;1.3250000e+02;1.9564247e-01;1.3250000e+02;2.3184910e-01;1.3250000e+02;1.9668283e-01;1.3250000e+02;1.4446826e-01;1.3250000e+02;8.9762531e-02;1.3250000e+02;4.3867443e-02;1.3250000e+02;-4.2091887e-03;1.3250000e+02;-4.5332417e-02;1.3250000e+02;-8.8572085e-02;1.3250000e+02;-1.3286453e-01;1.3250000e+02;-6.8082318e-02;1.3250000e+02;-5.4236241e-02;1.3250000e+02;-1.6168736e-02;1.3250000e+02;4.0662162e-02;1.3250000e+02;1.1266061e-01;1.3250000e+02;1.8864220e-01;1.3250000e+02;2.2060084e-01;1.3250000e+02;2.0952758e-01;1.3250000e+02;1.9564247e-01;1.3250000e+02;2.3184910e-01;1.3250000e+02;1.9668283e-01;1.3250000e+02;1.4446826e-01;1.3250000e+02;8.9762531e-02;1.3250000e+02;4.3867443e-02;1.3250000e+02;-4.2091887e-03;1.3250000e+02;-4.5332417e-02;1.3250000e+02;-8.8572085e-02;1.3250000e+02;-1.3286453e-01;1.3250000e+02;-6.8082318e-02;1.3250000e+02;-5.4236241e-02;1.3250000e+02;-1.6168736e-02;1.3250000e+02;4.0662162e-02;1.3250000e+02;1.1266061e-01;1.3250000e+02;1.8864220e-01;1.3250000e+02;2.2060084e-01;1.3250000e+02;2.0952758e-01;1.3250000e+02;1.9564247e-01;1.3250000e+02;2.3184910e-01;1.3250000e+02;1.9668283e-01;1.3250000e+02;1.4446826e-01;1.3250000e+02;8.9762531e-02;1.3250000e+02;4.3867443e-02;1.3250000e+02;-4.2091887e-03;1.3250000e+02;-4.5332417e-02;1.3250000e+02;-8.8572085e-02;1.3250000e+02;-1.3286453e-01;1.3250000e+02;-6.8082318e-02;1.3250000e+02;-5.4236241e-02;1.3250000e+02;-1.6168736e-02;1.3250000e+02;4.0662162e-02;1.3250000e+02;1.1266061e-01;1.3250000e+02;1.8864220e-01;1.3250000e+02;2.2060084e-01;1.3250000e+02;2.0952758e-01;1.3250000e+02;1.9564247e-01;1.3250000e+02;2.3184910e-01;1.3250000e+02;1.9668283e-01;1.3250000e+02;1.4446826e-01;1.3250000e+02;8.9762531e-02;1.3250000e+02;4.3867443e-02;1.3250000e+02;-4.2091887e-03;1.3250000e+02;-4.5332417e-02;1.3250000e+02;-8.8572085e-02;1.3250000e+02;-1.3286453e-01;1.3250000e+02;-6.8082318e-02;1.3250000e+02;-5.4236241e-02;1.3250000e+02;-1.6168736e-02;1.3250000e+02;4.0662162e-02;1.3250000e+02;1.1266061e-01;1.3250000e+02;1.8864220e-01;1.3250000e+02;2.2060084e-01;1.3250000e+02;2.0952758e-01;1.3250000e+02;1.9564247e-01;1.3250000e+02;2.3184910e-01;1.3250000e+02;1.9668283e-01;1.3250000e+02;1.4446826e-01;1.3250000e+02;8.9762531e-02;1.3250000e+02;4.3867443e-02;1.3250000e+02;-4.2091887e-03;1.3250000e+02;-4.5332417e-02;1.3250000e+02;-8.8572085e-02;1.3250000e+02;-1.3286453e-01;1.3250000e+02;-6.8082318e-02;1.3250000e+02;-5.4236241e-02;1.3250000e+02;-1.6168736e-02;1.3250000e+02;4.0662162e-02;1.3250000e+02;1.1266061e-01;1.3250000e+02;1.8864220e-01;1.3250000e+02;2.2060084e-01;1.3250000e+02;2.0952758e-01;1.3250000e+02;1.9564247e-01;1.3250000e+02;2.3184910e-01;1.3250000e+02;1.9668283e-01;1.3250000e+02;1.4446826e-01;1.3250000e+02;8.9762531e-02;1.3250000e+02;4.3867443e-02;1.3250000e+02;-4.2091887e-03;1.3250000e+02;-4.5332417e-02;1.3250000e+02;-8.8572085e-02;1.3250000e+02;-1.3286453e-01;1.3250000e+02;-6.8082318e-02;1.3250000e+02;-5.4236241e-02;1.3250000e+02;-1.6168736e-02;1.3250000e+02;4.0662162e-02;1.3250000e+02;1.1266061e-01;1.3250000e+02;1.8864220e-01;1.3250000e+02;2.2060084e-01;1.3250000e+02;2.0952758e-01;1.3250000e+02;1.9564247e-01;1.3250000e+02;2.3184910e-01;1.3250000e+02;1.9668283e-01;1.3250000e+02;1.4446826e-01;1.3250000e+02;8.9762531e-02;1.3250000e+02;4.3867443e-02;1.3250000e+02;-4.2091887e-03;1.3250000e+02;-4.5332417e-02;1.3250000e+02;-8.8572085e-02;1.3250000e+02;-1.3286453e-01;1.3250000e+02;-6.8082318e-02;1.3250000e+02;-5.4236241e-02;1.3250000e+02;-1.6168736e-02;1.3250000e+02;4.0662162e-02;1.3250000e+02;1.1266061e-01;1.3250000e+02;1.8864220e-01;1.3250000e+02;2.2060084e-01;1.3250000e+02;2.0952758e-01;1.3250000e+02;1.9564247e-01;1.3250000e+02;2.3184910e-01;1.3250000e+02;1.9668283e-01;1.3250000e+02;1.4446826e-01;1.3250000e+02;8.9762531e-02;1.3250000e+02;4.3867443e-02;1.3250000e+02;-4.2091887e-03;1.3250000e+02;-4.5332417e-02;1.3250000e+02;-8.8572085e-02;1.3250000e+02;-1.3286453e-01;1.3250000e+02;-6.8082318e-02;1.3250000e+02;-5.4236241e-02;1.3250000e+02;-1.6168736e-02;1.3250000e+02;4.0662162e-02;1.3250000e+02;1.1266061e-01;1.3250000e+02;1.8864220e-01;1.3250000e+02;2.2060084e-01;1.3250000e+02;2.0952758e-01;1.3250000e+02;1.9564247e-01;1.3250000e+02;2.3184910e-01;1.3250000e+02;1.9668283e-01;1.3250000e+02;1.4446826e-01;1.3250000e+02;8.9762531e-02;1.3250000e+02;4.3867443e-02;1.3250000e+02;-4.2091887e-03;1.3250000e+02;-4.5332417e-02;1.3250000e+02;-8.8572085e-02;1.3250000e+02;-1.3286453e-01;1.3250000e+02;-6.8082318e-02;1.3250000e+02;-5.4236241e-02;1.3250000e+02;-1.6168736e-02;1.3250000e+02;4.0662162e-02;1.3250000e+02;1.1266061e-01;1.3250000e+02;1.8864220e-01;1.3250000e+02;2.2060084e-01;1.3250000e+02;2.0952758e-01;1.3250000e+02;1.9564247e-01;1.3250000e+02;2.3184910e-01;1.3250000e+02;1.9668283e-01;1.3250000e+02;1.4446826e-01;1.3250000e+02;8.9762531e-02;1.3250000e+02;4.3867443e-02;1.3250000e+02;-4.2091887e-03;1.3250000e+02;-4.5332417e-02;1.3250000e+02;-8.8572085e-02;1.3250000e+02;-1.3286453e-01;1.3250000e+02;-6.8082318e-02;1.3250000e+02;-5.4236241e-02;1.3250000e+02;-1.6168736e-02;1.3250000e+02;4.0662162e-02;1.3250000e+02;1.1266061e-01;1.3250000e+02;1.8864220e-01;1.3250000e+02;2.2060084e-01;1.3250000e+02;2.0952758e-01;1.3250000e+02;1.9564247e-01;1.3250000e+02;2.3184910e-01;1.3250000e+02;1.9668283e-01;1.3250000e+02;1.4446826e-01;1.3250000e+02;8.9762531e-02;1.3250000e+02;4.3867443e-02;1.3250000e+02;-4.2091887e-03;1.3250000e+02;-4.5332417e-02;1.3250000e+02;-8.8572085e-02;1.3250000e+02;-1.3286453e-01;1.3250000e+02;-6.8082318e-02;1.3250000e+02;-5.4236241e-02;1.3250000e+02;-1.6168736e-02;1.3250000e+02;4.0662162e-02;1.3250000e+02;1.1266061e-01;1.3250000e+02;1.8864220e-01;1.3250000e+02;2.2060084e-01;1.3250000e+02;2.0952758e-01;1.3250000e+02;1.9564247e-01;1.3250000e+02;2.3184910e-01;1.3250000e+02;1.9668283e-01;1.3250000e+02;1.4446826e-01;1.3250000e+02;8.9762531e-02;1.3250000e+02;4.3867443e-02;1.3250000e+02;-4.2091887e-03;1.3250000e+02;-4.5332417e-02;1.3250000e+02;-8.8572085e-02;1.3250000e+02;-1.3286453e-01;1.3250000e+02;-6.8082318e-02;1.3250000e+02;-5.4236241e-02;1.3250000e+02;-1.6168736e-02;1.3250000e+02;4.0662162e-02;1.3250000e+02;1.1266061e-01;1.3250000e+02;1.8864220e-01;1.3250000e+02;2.2060084e-01;1.3250000e+02;2.0952758e-01;1.3250000e+02;1.9564247e-01;1.3250000e+02;2.3184910e-01;1.3250000e+02;1.9668283e-01;1.3250000e+02;1.4446826e-01;1.3250000e+02;8.9762531e-02;1.3250000e+02;4.3867443e-02;1.3250000e+02;-4.2091887e-03;1.3250000e+02;-4.5332417e-02;1.3250000e+02;-8.8572085e-02;1.3250000e+02;-1.3286453e-01;1.3250000e+02;-6.8082318e-02;1.3250000e+02;-5.4236241e-02;1.3250000e+02;-1.6168736e-02;1.3250000e+02;4.0662162e-02;1.3250000e+02;1.1266061e-01;1.3250000e+02;1.8864220e-01;1.3250000e+02;2.2060084e-01;1.3250000e+02;2.0952758e-01;1.3250000e+02;1.9564247e-01;1.3250000e+02;2.3184910e-01;1.3250000e+02;1.9668283e-01;1.3250000e+02;1.4446826e-01;1.3250000e+02;8.9762531e-02;1.3250000e+02;4.3867443e-02;1.3250000e+02;-4.2091887e-03;1.3250000e+02;-4.5332417e-02;1.3250000e+02;-8.8572085e-02;1.3250000e+02;-1.3286453e-01;1.3250000e+02;-6.8082318e-02;1.3250000e+02;-5.4236241e-02;1.3250000e+02;-1.6168736e-02;1.3250000e+02;4.0662162e-02;1.3250000e+02;1.1266061e-01;1.3250000e+02;1.8864220e-01;1.3250000e+02;2.2060084e-01;1.3250000e+02;2.0952758e-01;1.3250000e+02;1.9564247e-01;1.3250000e+02;2.3184910e-01;1.3250000e+02;1.9668283e-01;1.3250000e+02;1.4446826e-01;1.3250000e+02;8.9762531e-02;1.3250000e+02;4.3867443e-02;1.3250000e+02;-4.2091887e-03;1.3250000e+02;-4.5332417e-02;1.3250000e+02;-8.8572085e-02;1.3250000e+02;-1.3286453e-01;1.3250000e+02;-6.8082318e-02;1.3250000e+02;-5.4236241e-02;1.3250000e+02;-1.6168736e-02;1.3250000e+02;4.0662162e-02;1.3250000e+02;1.1266061e-01;1.3250000e+02;1.8864220e-01;1.3250000e+02;2.2060084e-01;1.3250000e+02;2.0952758e-01;1.3250000e+02;1.9564247e-01;1.3250000e+02;2.3184910e-01;1.3250000e+02;1.9668283e-01;1.3250000e+02;1.4446826e-01;1.3250000e+02;8.9762531e-02;1.3250000e+02;4.3867443e-02;1.3250000e+02;-4.2091887e-03;1.3250000e+02;-4.5332417e-02;1.3250000e+02;-8.8572085e-02;1.3250000e+02;-1.3286453e-01;1.3250000e+02;-6.8082318e-02;1.3250000e+02;-5.4236241e-02;1.3250000e+02;-1.6168736e-02;1.3250000e+02;4.0662162e-02;1.3250000e+02;1.1266061e-01;1.3250000e+02;1.8864220e-01;1.3250000e+02;2.2060084e-01;1.3250000e+02;2.0952758e-01;1.3250000e+02;1.9564247e-01;1.3250000e+02;2.3184910e-01;1.3250000e+02;1.9668283e-01;1.3250000e+02;1.4446826e-01;1.3250000e+02;8.9762531e-02;1.3250000e+02;4.3867443e-02;1.3250000e+02;-4.2091887e-03;1.3250000e+02;-4.5332417e-02;1.3250000e+02;-8.8572085e-02;1.3250000e+02;-1.3286453e-01;1.3250000e+02;-6.8082318e-02;1.3250000e+02;-5.4236241e-02;1.3250000e+02;-1.6168736e-02;1.3250000e+02;4.0662162e-02;1.3250000e+02;1.1266061e-01;1.3250000e+02;1.8864220e-01;1.3250000e+02;2.2060084e-01;1.3250000e+02;2.0952758e-01;1.3250000e+02;1.9564247e-01;1.3250000e+02;2.3184910e-01;1.3250000e+02;1.9668283e-01;1.3250000e+02;1.4446826e-01;1.3250000e+02;8.9762531e-02;1.3250000e+02;4.3867443e-02;1.3250000e+02;-4.2091887e-03;1.3250000e+02;-4.5332417e-02;1.3250000e+02;-8.8572085e-02;1.3250000e+02;-1.3286453e-01;1.3250000e+02;-6.8082318e-02;1.3250000e+02;-5.4236241e-02;1.3250000e+02;-1.6168736e-02;1.3250000e+02;4.0662162e-02;1.3250000e+02;1.1266061e-01;1.3250000e+02;1.8864220e-01;1.3250000e+02;2.2060084e-01;1.3250000e+02;2.0952758e-01;1.3250000e+02;1.9564247e-01;1.3250000e+02;2.3184910e-01;1.3250000e+02;1.9668283e-01;1.3250000e+02;1.4446826e-01;1.3250000e+02;8.9762531e-02;1.3250000e+02;4.3867443e-02;1.3250000e+02;-4.2091887e-03;1.3250000e+02;-4.5332417e-02;1.3250000e+02;-8.8572085e-02;1.3250000e+02;-1.3286453e-01;1.3250000e+02;-6.8082318e-02;1.3250000e+02;-5.4236241e-02;1.3250000e+02;-1.6168736e-02;1.3250000e+02;4.0662162e-02;1.3250000e+02;1.1266061e-01;1.3250000e+02;1.8864220e-01;1.3250000e+02;2.2060084e-01;1.3250000e+02;2.0952758e-01;1.3250000e+02;1.9564247e-01;1.3250000e+02;2.3184910e-01;1.3250000e+02;1.9668283e-01;1.3250000e+02;1.4446826e-01;1.3250000e+02;8.9762531e-02;1.3250000e+02;4.3867443e-02;1.3250000e+02;-4.2091887e-03;1.3250000e+02;-4.5332417e-02;1.3250000e+02;-8.8572085e-02;1.3250000e+02;-1.3286453e-01;1.3250000e+02;-6.8082318e-02;1.3250000e+02;-5.4236241e-02;1.3250000e+02;-1.6168736e-02;1.3250000e+02;4.0662162e-02;1.3250000e+02;1.1266061e-01;1.3250000e+02;1.8864220e-01;1.3250000e+02;2.2060084e-01;1.3250000e+02;2.0952758e-01;1.3250000e+02;1.9564247e-01;1.3250000e+02;2.3184910e-01;1.3250000e+02;1.9668283e-01;1.3250000e+02;1.4446826e-01;1.3250000e+02;8.9762531e-02;1.3250000e+02;4.3867443e-02;1.3250000e+02;-4.2091887e-03;1.3250000e+02;-4.5332417e-02;1.3250000e+02;-8.8572085e-02;1.3250000e+02;-1.3286453e-01;1.3250000e+02;-6.8082318e-02;1.3250000e+02;-5.4236241e-02;1.3250000e+02;-1.6168736e-02;1.3250000e+02;4.0662162e-02;1.3250000e+02;1.1266061e-01;1.3250000e+02;1.8864220e-01;1.3250000e+02;2.2060084e-01;1.3250000e+02;2.0952758e-01;1.3250000e+02;1.9564247e-01;1.3250000e+02;2.3184910e-01;1.3250000e+02;1.9668283e-01;1.3250000e+02;1.4446826e-01;1.3250000e+02;8.9762531e-02;1.3250000e+02;4.3867443e-02;1.3250000e+02;-4.2091887e-03;1.3250000e+02;-4.5332417e-02;1.3250000e+02;-8.8572085e-02;1.3250000e+02;-1.3286453e-01;1.3250000e+02;-6.8082318e-02;1.3250000e+02;-5.4236241e-02;1.3250000e+02;-1.6168736e-02;1.3250000e+02;4.0662162e-02;1.3250000e+02;1.1266061e-01;1.3250000e+02;1.8864220e-01;1.3250000e+02;2.2060084e-01;1.3250000e+02;2.0952758e-01;1.3250000e+02;1.9564247e-01;1.3250000e+02;2.3184910e-01;1.3250000e+02;1.9668283e-01;1.3250000e+02;1.4446826e-01;1.3250000e+02;8.9762531e-02;1.3250000e+02;4.3867443e-02;1.3250000e+02;-4.2091887e-03;1.3250000e+02;-4.5332417e-02;1.3250000e+02;-8.8572085e-02;1.3250000e+02;-1.3286453e-01;1.3250000e+02;-6.8082318e-02;1.3250000e+02;-5.4236241e-02;1.3250000e+02;-1.6168736e-02;1.3250000e+02;4.0662162e-02;1.3250000e+02;1.1266061e-01;1.3250000e+02;1.8864220e-01;1.3250000e+02;2.2060084e-01;1.3250000e+02;2.0952758e-01;1.3250000e+02;1.9564247e-01;1.3250000e+02;2.3184910e-01;1.3250000e+02;1.9668283e-01;1.3250000e+02;1.4446826e-01;1.3250000e+02;8.9762531e-02;1.3250000e+02;4.3867443e-02;1.3250000e+02;-4.2091887e-03;1.3250000e+02;-4.5332417e-02;1.3250000e+02;-8.8572085e-02;1.3250000e+02;-1.3286453e-01;1.3250000e+02;-6.8082318e-02;1.3250000e+02;-5.4236241e-02;1.3250000e+02;-1.6168736e-02;1.3250000e+02;4.0662162e-02;1.3250000e+02;1.1266061e-01;1.3250000e+02;1.8864220e-01;1.3250000e+02;2.2060084e-01;1.3250000e+02;2.0952758e-01;1.3250000e+02;1.9564247e-01;1.3250000e+02;2.3184910e-01;1.3250000e+02;1.9668283e-01;1.3250000e+02;1.4446826e-01;1.3250000e+02;8.9762531e-02;1.3250000e+02;4.3867443e-02;1.3250000e+02;-4.2091887e-03;1.3250000e+02;-4.5332417e-02;1.3250000e+02;-8.8572085e-02;1.3250000e+02;-1.3286453e-01;1.3250000e+02;-6.8082318e-02;1.3250000e+02;-5.4236241e-02;1.3250000e+02;-1.6168736e-02;1.3250000e+02;4.0662162e-02;1.3250000e+02;1.1266061e-01;1.3250000e+02;1.8864220e-01;1.3250000e+02;2.2060084e-01;1.3250000e+02;2.0952758e-01;1.3250000e+02;1.9564247e-01;1.3250000e+02;2.3184910e-01;1.3250000e+02;1.9668283e-01;1.3250000e+02;1.4446826e-01;1.3250000e+02;8.9762531e-02;1.3250000e+02;4.3867443e-02;1.3250000e+02;-4.2091887e-03;1.3250000e+02;-4.5332417e-02;1.3250000e+02;-8.8572085e-02;1.3250000e+02;-1.3286453e-01;1.3250000e+02;-6.8082318e-02;1.3250000e+02;-5.4236241e-02;1.3250000e+02;-1.6168736e-02;1.3250000e+02;4.0662162e-02;1.3250000e+02;1.1266061e-01;1.3250000e+02;1.8864220e-01;1.3250000e+02;2.2060084e-01;1.3250000e+02;2.0952758e-01;1.3250000e+02;1.9564247e-01;1.3250000e+02;2.3184910e-01;1.3250000e+02;1.9668283e-01;1.3250000e+02;1.4446826e-01;1.3250000e+02;8.9762531e-02;1.3250000e+02;4.3867443e-02;1.3250000e+02;-4.2091887e-03;1.3250000e+02;-4.5332417e-02;1.3250000e+02;-8.8572085e-02;1.3250000e+02;-1.3286453e-01;1.3250000e+02;-6.8082318e-02;1.3250000e+02;-5.4236241e-02;1.3250000e+02;-1.6168736e-02;1.3250000e+02;4.0662162e-02;1.3250000e+02;1.1266061e-01;1.3250000e+02;1.8864220e-01;1.3250000e+02;2.2060084e-01;1.3250000e+02;2.0952758e-01;1.3250000e+02;1.9564247e-01;1.3250000e+02;2.3184910e-01;1.3250000e+02;1.9668283e-01;1.3250000e+02;1.4446826e-01;1.3250000e+02;8.9762531e-02;1.3250000e+02;4.3867443e-02;1.3250000e+02;-4.2091887e-03;1.3250000e+02;-4.5332417e-02;1.3250000e+02;-8.8572085e-02;1.3250000e+02;-1.3286453e-01;1.3250000e+02;-6.8082318e-02;1.3250000e+02;-5.4236241e-02;1.3250000e+02;-1.6168736e-02;1.3250000e+02;4.0662162e-02;1.3250000e+02;1.1266061e-01;1.3250000e+02;1.8864220e-01;1.3250000e+02;2.2060084e-01;1.3250000e+02;2.0952758e-01;1.3250000e+02;1.9564247e-01;1.3250000e+02;2.3184910e-01;1.3250000e+02;1.9668283e-01;1.3250000e+02;1.4446826e-01;1.3250000e+02;8.9762531e-02;1.3250000e+02;4.3867443e-02;1.3250000e+02;-4.2091887e-03;1.3250000e+02;-4.5332417e-02;1.3250000e+02;-8.8572085e-02;1.3250000e+02;-1.3286453e-01;1.3250000e+02;-6.8082318e-02;1.3250000e+02;-5.4236241e-02;1.3250000e+02;-1.6168736e-02;1.3250000e+02;4.0662162e-02;1.3250000e+02;1.1266061e-01;1.3250000e+02;1.8864220e-01;1.3250000e+02;2.2060084e-01;1.3250000e+02;2.0952758e-01;1.3250000e+02;1.9564247e-01;1.3250000e+02;2.3184910e-01;1.3250000e+02;1.9668283e-01;1.3250000e+02;1.4446826e-01;1.3250000e+02;8.9762531e-02;1.3250000e+02;4.3867443e-02;1.3250000e+02;-4.2091887e-03;1.3250000e+02;-4.5332417e-02;1.3250000e+02;-8.8572085e-02;1.3250000e+02;-1.3286453e-01;1.3250000e+02;-6.8082318e-02;1.3250000e+02;-5.4236241e-02;1.3250000e+02;-1.6168736e-02;1.3250000e+02;4.0662162e-02;1.3250000e+02;1.1266061e-01;1.3250000e+02;1.8864220e-01;1.3250000e+02;2.2060084e-01;1.3250000e+02;2.0952758e-01;1.3250000e+02;1.9564247e-01;1.3250000e+02;2.3184910e-01;1.3250000e+02;1.9668283e-01;1.3250000e+02;1.4446826e-01;1.3250000e+02;8.9762531e-02;1.3250000e+02;4.3867443e-02;1.3250000e+02;-4.2091887e-03;1.3250000e+02;-4.5332417e-02;1.3250000e+02;-8.8572085e-02;1.3250000e+02;-1.3286453e-01;1.3250000e+02;-6.8082318e-02;1.3250000e+02;-5.4236241e-02;1.3250000e+02;-1.6168736e-02;1.3250000e+02;4.0662162e-02;1.3250000e+02;1.1266061e-01;1.3250000e+02;1.8864220e-01;1.3250000e+02;2.2060084e-01;1.3250000e+02;2.0952758e-01;1.3250000e+02;1.9564247e-01;1.3250000e+02;2.3184910e-01;1.3250000e+02;1.9668283e-01;1.3250000e+02;1.4446826e-01;1.3250000e+02;8.9762531e-02;1.3250000e+02;4.3867443e-02;1.3250000e+02;-4.2091887e-03;1.3250000e+02;-4.5332417e-02;1.3250000e+02;-8.8572085e-02;1.3250000e+02;-1.3286453e-01;1.3250000e+02;-6.8082318e-02;1.3250000e+02;-5.4236241e-02;1.3250000e+02;-1.6168736e-02;1.3250000e+02;4.0662162e-02;1.3250000e+02;1.1266061e-01;1.3250000e+02;1.8864220e-01;1.3250000e+02;2.2060084e-01;1.3250000e+02;2.0952758e-01;1.3250000e+02;1.9564247e-01;1.3250000e+02;2.3184910e-01;1.3250000e+02;1.9668283e-01;1.3250000e+02;1.4446826e-01;1.3250000e+02;8.9762531e-02;1.3250000e+02;4.3867443e-02;1.3250000e+02;-4.2091887e-03;1.3250000e+02;-4.5332417e-02;1.3250000e+02;-8.8572085e-02;1.3250000e+02;-1.3286453e-01;1.3250000e+02;-6.8082318e-02;1.3250000e+02;-5.4236241e-02;1.3250000e+02;-1.6168736e-02;1.3250000e+02;4.0662162e-02;1.3250000e+02;1.1266061e-01;1.3250000e+02;1.8864220e-01;1.3250000e+02;2.2060084e-01;1.3250000e+02;2.0952758e-01;1.3250000e+02;1.9564247e-01;1.3250000e+02;2.3184910e-01;1.3250000e+02;1.9668283e-01;1.3250000e+02;1.4446826e-01;1.3250000e+02;8.9762531e-02;1.3250000e+02;4.3867443e-02;1.3250000e+02;-4.2091887e-03;1.3250000e+02;-4.5332417e-02;1.3250000e+02;-8.8572085e-02;1.3250000e+02;-1.3286453e-01;1.3250000e+02;-6.8082318e-02;1.3250000e+02;-5.4236241e-02;1.3250000e+02;-1.6168736e-02;1.3250000e+02;4.0662162e-02;1.3250000e+02;1.1266061e-01;1.3250000e+02;1.8864220e-01;1.3250000e+02;2.2060084e-01;1.3250000e+02;2.0952758e-01;1.3250000e+02;1.9564247e-01;1.3250000e+02;2.3184910e-01;1.3250000e+02;1.9668283e-01;1.3250000e+02;1.4446826e-01;1.3250000e+02;8.9762531e-02;1.3250000e+02;4.3867443e-02;1.3250000e+02;-4.2091887e-03;1.3250000e+02;-4.5332417e-02;1.3250000e+02;-8.8572085e-02;1.3250000e+02;-1.3286453e-01;1.3250000e+02;-6.8082318e-02;1.3250000e+02;-5.4236241e-02;1.3250000e+02;-1.6168736e-02;1.3250000e+02;4.0662162e-02;1.3250000e+02;1.1266061e-01;1.3250000e+02;1.8864220e-01;1.3250000e+02;2.2060084e-01;1.3250000e+02;2.0952758e-01;1.3250000e+02;1.9564247e-01;1.3250000e+02;2.3184910e-01;1.3250000e+02;1.9668283e-01;1.3250000e+02;1.4446826e-01;1.3250000e+02;8.9762531e-02;1.3250000e+02;4.3867443e-02;1.3250000e+02;-4.2091887e-03;1.3250000e+02;-4.5332417e-02;1.3250000e+02;-8.8572085e-02;1.3250000e+02;-1.3286453e-01;1.3250000e+02;-6.8082318e-02;1.3250000e+02;-5.4236241e-02;1.3250000e+02;-1.6168736e-02;1.3250000e+02;4.0662162e-02;1.3250000e+02;1.1266061e-01;1.3250000e+02;1.8864220e-01;1.3250000e+02;2.2060084e-01;1.3250000e+02;2.0952758e-01;1.3250000e+02;1.9564247e-01;1.3250000e+02;2.3184910e-01;1.3250000e+02;1.9668283e-01;1.3250000e+02;1.4446826e-01;1.3250000e+02;8.9762531e-02;1.3250000e+02;4.3867443e-02;1.3250000e+02;-4.2091887e-03;1.3250000e+02;-4.5332417e-02;1.3250000e+02;-8.8572085e-02;1.3250000e+02;-1.3286453e-01;1.3250000e+02;-6.8082318e-02;1.3250000e+02;-5.4236241e-02;1.3250000e+02;-1.6168736e-02;1.3250000e+02;4.0662162e-02;1.3250000e+02;1.1266061e-01;1.3250000e+02;1.8864220e-01;1.3250000e+02;2.2060084e-01;1.3250000e+02;2.0952758e-01;1.3250000e+02;1.9564247e-01;1.3250000e+02;2.3184910e-01;1.3250000e+02;1.9668283e-01;1.3250000e+02;1.4446826e-01;1.3250000e+02;8.9762531e-02;1.3250000e+02;4.3867443e-02;1.3250000e+02;-4.2091887e-03;1.3250000e+02;-4.5332417e-02;1.3250000e+02;-8.8572085e-02;1.3250000e+02;-1.3286453e-01
1.3750000e+02;-7.6133907e-02;1.3750000e+02;-5.8825284e-02;1.3750000e+02;-1.3046958e-02;1.3750000e+02;5.1937934e-02;1.3750000e+02;1.3168229e-01;1.3750000e+02;2.0683214e-01;1.3750000e+02;2.3549825e-01;1.3750000e+02;2.1545394e-01;1.3750000e+02;1.9050658e-01;1.3750000e+02;2.2938356e-01;1.3750000e+02;1.9575176e-01;1.3750000e+02;1.4548923e-01;1.3750000e+02;9.1351613e-02;1.3750000e+02;4.7091611e-02;1.3750000e+02;-1.5968308e-03;1.3750000e+02;-4.2896613e-02;1.3750000e+02;-8.5518450e-02;1.3750000e+02;-1.3221514e-01;1.3750000e+02;-7.6133907e-02;1.3750000e+02;-5.8825284e-02;1.3750000e+02;-1.3046958e-02;1.3750000e+02;5.1937934e-02;1.3750000e+02;1.3168229e-01;1.3750000e+02;2.0683214e-01;1.3750000e+02;2.3549825e-01;1.3750000e+02;2.1545394e-01;1.3750000e+02;1.9050658e-01;1.3750000e+02;2.2938356e-01;1.3750000e+02;1.9575176e-01;1.3750000e+02;1.4548923e-01;1.3750000e+02;9.1351613e-02;1.3750000e+02;4.7091611e-02;1.3750000e+02;-1.5968308e-03;1.3750000e+02;-4.2896613e-02;1.3750000e+02;-8.5518450e-02;1.3750000e+02;-1.3221514e-01;1.3750000e+02;-7.6133907e-02;1.3750000e+02;-5.8825284e-02;1.3750000e+02;-1.3046958e-02;1.3750000e+02;5.1937934e-02;1.3750000e+02;1.3168229e-01;1.3750000e+02;2.0683214e-01;1.3750000e+02;2.3549825e-01;1.3750000e+02;2.1545394e-01;1.3750000e+02;1.9050658e-01;1.3750000e+02;2.2938356e-01;1.3750000e+02;1.9575176e-01;1.3750000e+02;1.4548923e-01;1.3750000e+02;9.1351613e-02;1.3750000e+02;4.7091611e-02;1.3750000e+02;-1.5968308e-03;1.3750000e+02;-4.2896613e-02;1.3750000e+02;-8.5518450e-02;1.3750000e+02;-1.3221514e-01;1.3750000e+02;-7.6133907e-02;1.3750000e+02;-5.8825284e-02;1.3750000e+02;-1.3046958e-02;1.3750000e+02;5.1937934e-02;1.3750000e+02;1.3168229e-01;1.3750000e+02;2.0683214e-01;1.3750000e+02;2.3549825e-01;1.3750000e+02;2.1545394e-01;1.3750000e+02;1.9050658e-01;1.3750000e+02;2.2938356e-01;1.3750000e+02;1.9575176e-01;1.3750000e+02;1.4548923e-01;1.3750000e+02;9.1351613e-02;1.3750000e+02;4.7091611e-02;1.3750000e+02;-1.5968308e-03;1.3750000e+02;-4.2896613e-02;1.3750000e+02;-8.5518450e-02;1.3750000e+02;-1.3221514e-01;1.3750000e+02;-7.6133907e-02;1.3750000e+02;-5.8825284e-02;1.3750000e+02;-1.3046958e-02;1.3750000e+02;5.1937934e-02;1.3750000e+02;1.3168229e-01;1.3750000e+02;2.0683214e-01;1.3750000e+02;2.3549825e-01;1.3750000e+02;2.1545394e-01;1.3750000e+02;1.9050658e-01;1.3750000e+02;2.2938356e-01;1.3750000e+02;1.9575176e-01;1.3750000e+02;1.4548923e-01;1.3750000e+02;9.1351613e-02;1.3750000e+02;4.7091611e-02;1.3750000e+02;-1.5968308e-03;1.3750000e+02;-4.2896613e-02;1.3750000e+02;-8.5518450e-02;1.3750000e+02;-1.3221514e-01;1.3750000e+02;-7.6133907e-02;1.3750000e+02;-5.8825284e-02;1.3750000e+02;-1.3046958e-02;1.3750000e+02;5.1937934e-02;1.3750000e+02;1.3168229e-01;1.3750000e+02;2.0683214e-01;1.3750000e+02;2.3549825e-01;1.3750000e+02;2.1545394e-01;1.3750000e+02;1.9050658e-01;1.3750000e+02;2.2938356e-01;1.3750000e+02;1.9575176e-01;1.3750000e+02;1.4548923e-01;1.3750000e+02;9.1351613e-02;1.3750000e+02;4.7091611e-02;1.3750000e+02;-1.5968308e-03;1.3750000e+02;-4.2896613e-02;1.3750000e+02;-8.5518450e-02;1.3750000e+02;-1.3221514e-01;1.3750000e+02;-7.6133907e-02;1.3750000e+02;-5.8825284e-02;1.3750000e+02;-1.3046958e-02;1.3750000e+02;5.1937934e-02;1.3750000e+02;1.3168229e-01;1.3750000e+02;2.0683214e-01;1.3750000e+02;2.3549825e-01;1.3750000e+02;2.1545394e-01;1.3750000e+02;1.9050658e-01;1.3750000e+02;2.2938356e-01;1.3750000e+02;1.9575176e-01;1.3750000e+02;1.4548923e-01;1.3750000e+02;9.1351613e-02;1.3750000e+02;4.7091611e-02;1.3750000e+02;-1.5968308e-03;1.3750000e+02;-4.2896613e-02;1.3750000e+02;-8.5518450e-02;1.3750000e+02;-1.3221514e-01;1.3750000e+02;-7.6133907e-02;1.3750000e+02;-5.8825284e-02;1.3750000e+02;-1.3046958e-02;1.3750000e+02;5.1937934e-02;1.3750000e+02;1.3168229e-01;1.3750000e+02;2.0683214e-01;1.3750000e+02;2.3549825e-01;1.3750000e+02;2.1545394e-01;1.3750000e+02;1.9050658e-01;1.3750000e+02;2.2938356e-01;1.3750000e+02;1.9575176e-01;1.3750000e+02;1.4548923e-01;1.3750000e+02;9.1351613e-02;1.3750000e+02;4.7091611e-02;1.3750000e+02;-1.5968308e-03;1.3750000e+02;-4.2896613e-02;1.3750000e+02;-8.5518450e-02;1.3750000e+02;-1.3221514e-01;1.3750000e+02;-7.6133907e-02;1.3750000e+02;-5.8825284e-02;1.3750000e+02;-1.3046958e-02;1.3750000e+02;5.1937934e-02;1.3750000e+02;1.3168229e-01;1.3750000e+02;2.0683214e-01;1.3750000e+02;2.3549825e-01;1.3750000e+02;2.1545394e-01;1.3750000e+02;1.9050658e-01;1.3750000e+02;2.2938356e-01;1.3750000e+02;1.9575176e-01;1.3750000e+02;1.4548923e-01;1.3750000e+02;9.1351613e-02;1.3750000e+02;4.7091611e-02;1.3750000e+02;-1.5968308e-03;1.3750000e+02;-4.2896613e-02;1.3750000e+02;-8.5518450e-02;1.3750000e+02;-1.3221514e-01;1.3750000e+02;-7.6133907e-02;1.3750000e+02;-5.8825284e-02;1.3750000e+02;-1.3046958e-02;1.3750000e+02;5.1937934e-02;1.3750000e+02;1.3168229e-01;1.3750000e+02;2.0683214e-01;1.3750000e+02;2.3549825e-01;1.3750000e+02;2.1545394e-01;1.3750000e+02;1.9050658e-01;1.3750000e+02;2.2938356e-01;1.3750000e+02;1.9575176e-01;1.3750000e+02;1.4548923e-01;1.3750000e+02;9.1351613e-02;1.3750000e+02;4.7091611e-02;1.3750000e+02;-1.5968308e-03;1.3750000e+02;-4.2896613e-02;1.3750000e+02;-8.5518450e-02;1.3750000e+02;-1.3221514e-01;1.3750000e+02;-7.6133907e-02;1.3750000e+02;-5.8825284e-02;1.3750000e+02;-1.3046958e-02;1.3750000e+02;5.1937934e-02;1.3750000e+02;1.3168229e-01;1.3750000e+02;2.0683214e-01;1.3750000e+02;2.3549825e-01;1.3750000e+02;2.1545394e-01;1.3750000e+02;1.9050658e-01;1.3750000e+02;2.2938356e-01;1.3750000e+02;1.9575176e-01;1.3750000e+02;1.4548923e-01;1.3750000e+02;9.1351613e-02;1.3750000e+02;4.7091611e-02;1.3750000e+02;-1.5968308e-03;1.3750000e+02;-4.2896613e-02;1.3750000e+02;-8.5518450e-02;1.3750000e+02;-1.3221514e-01;1.3750000e+02;-7.6133907e-02;1.3750000e+02;-5.8825284e-02;1.3750000e+02;-1.3046958e-02;1.3750000e+02;5.1937934e-02;1.3750000e+02;1.3168229e-01;1.3750000e+02;2.0683214e-01;1.3750000e+02;2.3549825e-01;1.3750000e+02;2.1545394e-01;1.3750000e+02;1.9050658e-01;1.3750000e+02;2.2938356e-01;1.3750000e+02;1.9575176e-01;1.3750000e+02;1.4548923e-01;1.3750000e+02;9.1351613e-02;1.3750000e+02;4.7091611e-02;1.3750000e+02;-1.5968308e-03;1.3750000e+02;-4.2896613e-02;1.3750000e+02;-8.5518450e-02;1.3750000e+02;-1.3221514e-01;1.3750000e+02;-7.6133907e-02;1.3750000e+02;-5.8825284e-02;1.3750000e+02;-1.3046958e-02;1.3750000e+02;5.1937934e-02;1.3750000e+02;1.3168229e-01;1.3750000e+02;2.0683214e-01;1.3750000e+02;2.3549825e-01;1.3750000e+02;2.1545394e-01;1.3750000e+02;1.9050658e-01;1.3750000e+02;2.2938356e-01;1.3750000e+02;1.9575176e-01;1.3750000e+02;1.4548923e-01;1.3750000e+02;9.1351613e-02;1.3750000e+02;4.7091611e-02;1.3750000e+02;-1.5968308e-03;1.3750000e+02;-4.2896613e-02;1.3750000e+02;-8.5518450e-02;1.3750000e+02;-1.3221514e-01;1.3750000e+02;-7.6133907e-02;1.3750000e+02;-5.8825284e-02;1.3750000e+02;-1.3046958e-02;1.3750000e+02;5.1937934e-02;1.3750000e+02;1.3168229e-01;1.3750000e+02;2.0683214e-01;1.3750000e+02;2.3549825e-01;1.3750000e+02;2.1545394e-01;1.3750000e+02;1.9050658e-01;1.3750000e+02;2.2938356e-01;1.3750000e+02;1.9575176e-01;1.3750000e+02;1.4548923e-01;1.3750000e+02;9.1351613e-02;1.3750000e+02;4.7091611e-02;1.3750000e+02;-1.5968308e-03;1.3750000e+02;-4.2896613e-02;1.3750000e+02;-8.5518450e-02;1.3750000e+02;-1.3221514e-01;1.3750000e+02;-7.6133907e-02;1.3750000e+02;-5.8825284e-02;1.3750000e+02;-1.3046958e-02;1.3750000e+02;5.1937934e-02;1.3750000e+02;1.3168229e-01;1.3750000e+02;2.0683214e-01;1.3750000e+02;2.3549825e-01;1.3750000e+02;2.1545394e-01;1.3750000e+02;1.9050658e-01;1.3750000e+02;2.2938356e-01;1.3750000e+02;1.9575176e-01;1.3750000e+02;1.4548923e-01;1.3750000e+02;9.1351613e-02;1.3750000e+02;4.7091611e-02;1.3750000e+02;-1.5968308e-03;1.3750000e+02;-4.2896613e-02;1.3750000e+02;-8.5518450e-02;1.3750000e+02;-1.3221514e-01;1.3750000e+02;-7.6133907e-02;1.3750000e+02;-5.8825284e-02;1.3750000e+02;-1.3046958e-02;1.3750000e+02;5.1937934e-02;1.3750000e+02;1.3168229e-01;1.3750000e+02;2.0683214e-01;1.3750000e+02;2.3549825e-01;1.3750000e+02;2.1545394e-01;1.3750000e+02;1.9050658e-01;1.3750000e+02;2.2938356e-01;1.3750000e+02;1.9575176e-01;1.3750000e+02;1.4548923e-01;1.3750000e+02;9.1351613e-02;1.3750000e+02;4.7091611e-02;1.3750000e+02;-1.5968308e-03;1.3750000e+02;-4.2896613e-02;1.3750000e+02;-8.5518450e-02;1.3750000e+02;-1.3221514e-01;1.3750000e+02;-7.6133907e-02;1.3750000e+02;-5.8825284e-02;1.3750000e+02;-1.3046958e-02;1.3750000e+02;5.1937934e-02;1.3750000e+02;1.3168229e-01;1.3750000e+02;2.0683214e-01;1.3750000e+02;2.3549825e-01;1.3750000e+02;2.1545394e-01;1.3750000e+02;1.9050658e-01;1.3750000e+02;2.2938356e-01;1.3750000e+02;1.9575176e-01;1.3750000e+02;1.4548923e-01;1.3750000e+02;9.1351613e-02;1.3750000e+02;4.7091611e-02;1.3750000e+02;-1.5968308e-03;1.3750000e+02;-4.2896613e-02;1.3750000e+02;-8.5518450e-02;1.3750000e+02;-1.3221514e-01;1.3750000e+02;-7.6133907e-02;1.3750000e+02;-5.8825284e-02;1.3750000e+02;-1.3046958e-02;1.3750000e+02;5.1937934e-02;1.3750000e+02;1.3168229e-01;1.3750000e+02;2.0683214e-01;1.3750000e+02;2.3549825e-01;1.3750000e+02;2.1545394e-01;1.3750000e+02;1.9050658e-01;1.3750000e+02;2.2938356e-01;1.3750000e+02;1.9575176e-01;1.3750000e+02;1.4548923e-01;1.3750000e+02;9.1351613e-02;1.3750000e+02;4.7091611e-02;1.3750000e+02;-1.5968308e-03;1.3750000e+02;-4.2896613e-02;1.3750000e+02;-8.5518450e-02;1.3750000e+02;-1.3221514e-01;1.3750000e+02;-7.6133907e-02;1.3750000e+02;-5.8825284e-02;1.3750000e+02;-1.3046958e-02;1.3750000e+02;5.1937934e-02;1.3750000e+02;1.3168229e-01;1.3750000e+02;2.0683214e-01;1.3750000e+02;2.3549825e-01;1.3750000e+02;2.1545394e-01;1.3750000e+02;1.9050658e-01;1.3750000e+02;2.2938356e-01;1.3750000e+02;1.9575176e-01;1.3750000e+02;1.4548923e-01;1.3750000e+02;9.1351613e-02;1.3750000e+02;4.7091611e-02;1.3750000e+02;-1.5968308e-03;1.3750000e+02;-4.2896613e-02;1.3750000e+02;-8.5518450e-02;1.3750000e+02;-1.3221514e-01;1.3750000e+02;-7.6133907e-02;1.3750000e+02;-5.8825284e-02;1.3750000e+02;-1.3046958e-02;1.3750000e+02;5.1937934e-02;1.3750000e+02;1.3168229e-01;1.3750000e+02;2.0683214e-01;1.3750000e+02;2.3549825e-01;1.3750000e+02;2.1545394e-01;1.3750000e+02;1.9050658e-01;1.3750000e+02;2.2938356e-01;1.3750000e+02;1.9575176e-01;1.3750000e+02;1.4548923e-01;1.3750000e+02;9.1351613e-02;1.3750000e+02;4.7091611e-02;1.3750000e+02;-1.5968308e-03;1.3750000e+02;-4.2896613e-02;1.3750000e+02;-8.5518450e-02;1.3750000e+02;-1.3221514e-01;1.3750000e+02;-7.6133907e-02;1.3750000e+02;-5.8825284e-02;1.3750000e+02;-1.3046958e-02;1.3750000e+02;5.1937934e-02;1.3750000e+02;1.3168229e-01;1.3750000e+02;2.0683214e-01;1.3750000e+02;2.3549825e-01;1.3750000e+02;2.1545394e-01;1.3750000e+02;1.9050658e-01;1.3750000e+02;2.2938356e-01;1.3750000e+02;1.9575176e-01;1.3750000e+02;1.4548923e-01;1.3750000e+02;9.1351613e-02;1.3750000e+02;4.7091611e-02;1.3750000e+02;-1.5968308e-03;1.3750000e+02;-4.2896613e-02;1.3750000e+02;-8.5518450e-02;1.3750000e+02;-1.3221514e-01;1.3750000e+02;-7.6133907e-02;1.3750000e+02;-5.8825284e-02;1.3750000e+02;-1.3046958e-02;1.3750000e+02;5.1937934e-02;1.3750000e+02;1.3168229e-01;1.3750000e+02;2.0683214e-01;1.3750000e+02;2.3549825e-01;1.3750000e+02;2.1545394e-01;1.3750000e+02;1.9050658e-01;1.3750000e+02;2.2938356e-01;1.3750000e+02;1.9575176e-01;1.3750000e+02;1.4548923e-01;1.3750000e+02;9.1351613e-02;1.3750000e+02;4.7091611e-02;1.3750000e+02;-1.5968308e-03;1.3750000e+02;-4.2896613e-02;1.3750000e+02;-8.5518450e-02;1.3750000e+02;-1.3221514e-01;1.3750000e+02;-7.6133907e-02;1.3750000e+02;-5.8825284e-02;1.3750000e+02;-1.3046958e-02;1.3750000e+02;5.1937934e-02;1.3750000e+02;1.3168229e-01;1.3750000e+02;2.0683214e-01;1.3750000e+02;2.3549825e-01;1.3750000e+02;2.1545394e-01;1.3750000e+02;1.9050658e-01;1.3750000e+02;2.2938356e-01;1.3750000e+02;1.9575176e-01;1.3750000e+02;1.4548923e-01;1.3750000e+02;9.1351613e-02;1.3750000e+02;4.7091611e-02;1.3750000e+02;-1.5968308e-03;1.3750000e+02;-4.2896613e-02;1.3750000e+02;-8.5518450e-02;1.3750000e+02;-1.3221514e-01;1.3750000e+02;-7.6133907e-02;1.3750000e+02;-5.8825284e-02;1.3750000e+02;-1.3046958e-02;1.3750000e+02;5.1937934e-02;1.3750000e+02;1.3168229e-01;1.3750000e+02;2.0683214e-01;1.3750000e+02;2.3549825e-01;1.3750000e+02;2.1545394e-01;1.3750000e+02;1.9050658e-01;1.3750000e+02;2.2938356e-01;1.3750000e+02;1.9575176e-01;1.3750000e+02;1.4548923e-01;1.3750000e+02;9.1351613e-02;1.3750000e+02;4.7091611e-02;1.3750000e+02;-1.5968308e-03;1.3750000e+02;-4.2896613e-02;1.3750000e+02;-8.5518450e-02;1.3750000e+02;-1.3221514e-01;1.3750000e+02;-7.6133907e-02;1.3750000e+02;-5.8825284e-02;1.3750000e+02;-1.3046958e-02;1.3750000e+02;5.1937934e-02;1.3750000e+02;1.3168229e-01;1.3750000e+02;2.0683214e-01;1.3750000e+02;2.3549825e-01;1.3750000e+02;2.1545394e-01;1.3750000e+02;1.9050658e-01;1.3750000e+02;2.2938356e-01;1.3750000e+02;1.9575176e-01;1.3750000e+02;1.4548923e-01;1.3750000e+02;9.1351613e-02;1.3750000e+02;4.7091611e-02;1.3750000e+02;-1.5968308e-03;1.3750000e+02;-4.2896613e-02;1.3750000e+02;-8.5518450e-02;1.3750000e+02;-1.3221514e-01;1.3750000e+02;-7.6133907e-02;1.3750000e+02;-5.8825284e-02;1.3750000e+02;-1.3046958e-02;1.3750000e+02;5.1937934e-02;1.3750000e+02;1.3168229e-01;1.3750000e+02;2.0683214e-01;1.3750000e+02;2.3549825e-01;1.3750000e+02;2.1545394e-01;1.3750000e+02;1.9050658e-01;1.3750000e+02;2.2938356e-01;1.3750000e+02;1.9575176e-01;1.3750000e+02;1.4548923e-01;1.3750000e+02;9.1351613e-02;1.3750000e+02;4.7091611e-02;1.3750000e+02;-1.5968308e-03;1.3750000e+02;-4.2896613e-02;1.3750000e+02;-8.5518450e-02;1.3750000e+02;-1.3221514e-01;1.3750000e+02;-7.6133907e-02;1.3750000e+02;-5.8825284e-02;1.3750000e+02;-1.3046958e-02;1.3750000e+02;5.1937934e-02;1.3750000e+02;1.3168229e-01;1.3750000e+02;2.0683214e-01;1.3750000e+02;2.3549825e-01;1.3750000e+02;2.1545394e-01;1.3750000e+02;1.9050658e-01;1.3750000e+02;2.2938356e-01;1.3750000e+02;1.9575176e-01;1.3750000e+02;1.4548923e-01;1.3750000e+02;9.1351613e-02;1.3750000e+02;4.7091611e-02;1.3750000e+02;-1.5968308e-03;1.3750000e+02;-4.2896613e-02;1.3750000e+02;-8.5518450e-02;1.3750000e+02;-1.3221514e-01;1.3750000e+02;-7.6133907e-02;1.3750000e+02;-5.8825284e-02;1.3750000e+02;-1.3046958e-02;1.3750000e+02;5.1937934e-02;1.3750000e+02;1.3168229e-01;1.3750000e+02;2.0683214e-01;1.3750000e+02;2.3549825e-01;1.3750000e+02;2.1545394e-01;1.3750000e+02;1.9050658e-01;1.3750000e+02;2.2938356e-01;1.3750000e+02;1.9575176e-01;1.3750000e+02;1.4548923e-01;1.3750000e+02;9.1351613e-02;1.3750000e+02;4.7091611e-02;1.3750000e+02;-1.5968308e-03;1.3750000e+02;-4.2896613e-02;1.3750000e+02;-8.5518450e-02;1.3750000e+02;-1.3221514e-01;1.3750000e+02;-7.6133907e-02;1.3750000e+02;-5.8825284e-02;1.3750000e+02;-1.3046958e-02;1.3750000e+02;5.1937934e-02;1.3750000e+02;1.3168229e-01;1.3750000e+02;2.0683214e-01;1.3750000e+02;2.3549825e-01;1.3750000e+02;2.1545394e-01;1.3750000e+02;1.9050658e-01;1.3750000e+02;2.2938356e-01;1.3750000e+02;1.9575176e-01;1.3750000e+02;1.4548923e-01;1.3750000e+02;9.1351613e-02;1.3750000e+02;4.7091611e-02;1.3750000e+02;-1.5968308e-03;1.3750000e+02;-4.2896613e-02;1.3750000e+02;-8.5518450e-02;1.3750000e+02;-1.3221514e-01;1.3750000e+02;-7.6133907e-02;1.3750000e+02;-5.8825284e-02;1.3750000e+02;-1.3046958e-02;1.3750000e+02;5.1937934e-02;1.3750000e+02;1.3168229e-01;1.3750000e+02;2.0683214e-01;1.3750000e+02;2.3549825e-01;1.3750000e+02;2.1545394e-01;1.3750000e+02;1.9050658e-01;1.3750000e+02;2.2938356e-01;1.3750000e+02;1.9575176e-01;1.3750000e+02;1.4548923e-01;1.3750000e+02;9.1351613e-02;1.3750000e+02;4.7091611e-02;1.3750000e+02;-1.5968308e-03;1.3750000e+02;-4.2896613e-02;1.3750000e+02;-8.5518450e-02;1.3750000e+02;-1.3221514e-01;1.3750000e+02;-7.6133907e-02;1.3750000e+02;-5.8825284e-02;1.3750000e+02;-1.3046958e-02;1.3750000e+02;5.1937934e-02;1.3750000e+02;1.3168229e-01;1.3750000e+02;2.0683214e-01;1.3750000e+02;2.3549825e-01;1.3750000e+02;2.1545394e-01;1.3750000e+02;1.9050658e-01;1.3750000e+02;2.2938356e-01;1.3750000e+02;1.9575176e-01;1.3750000e+02;1.4548923e-01;1.3750000e+02;9.1351613e-02;1.3750000e+02;4.7091611e-02;1.3750000e+02;-1.5968308e-03;1.3750000e+02;-4.2896613e-02;1.3750000e+02;-8.5518450e-02;1.3750000e+02;-1.3221514e-01;1.3750000e+02;-7.6133907e-02;1.3750000e+02;-5.8825284e-02;1.3750000e+02;-1.3046958e-02;1.3750000e+02;5.1937934e-02;1.3750000e+02;1.3168229e-01;1.3750000e+02;2.0683214e-01;1.3750000e+02;2.3549825e-01;1.3750000e+02;2.1545394e-01;1.3750000e+02;1.9050658e-01;1.3750000e+02;2.2938356e-01;1.3750000e+02;1.9575176e-01;1.3750000e+02;1.4548923e-01;1.3750000e+02;9.1351613e-02;1.3750000e+02;4.7091611e-02;1.3750000e+02;-1.5968308e-03;1.3750000e+02;-4.2896613e-02;1.3750000e+02;-8.5518450e-02;1.3750000e+02;-1.3221514e-01;1.3750000e+02;-7.6133907e-02;1.3750000e+02;-5.8825284e-02;1.3750000e+02;-1.3046958e-02;1.3750000e+02;5.1937934e-02;1.3750000e+02;1.3168229e-01;1.3750000e+02;2.0683214e-01;1.3750000e+02;2.3549825e-01;1.3750000e+02;2.1545394e-01;1.3750000e+02;1.9050658e-01;1.3750000e+02;2.2938356e-01;1.3750000e+02;1.9575176e-01;1.3750000e+02;1.4548923e-01;1.3750000e+02;9.1351613e-02;1.3750000e+02;4.7091611e-02;1.3750000e+02;-1.5968308e-03;1.3750000e+02;-4.2896613e-02;1.3750000e+02;-8.5518450e-02;1.3750000e+02;-1.3221514e-01;1.3750000e+02;-7.6133907e-02;1.3750000e+02;-5.8825284e-02;1.3750000e+02;-1.3046958e-02;1.3750000e+02;5.1937934e-02;1.3750000e+02;1.3168229e-01;1.3750000e+02;2.0683214e-01;1.3750000e+02;2.3549825e-01;1.3750000e+02;2.1545394e-01;1.3750000e+02;1.9050658e-01;1.3750000e+02;2.2938356e-01;1.3750000e+02;1.9575176e-01;1.3750000e+02;1.4548923e-01;1.3750000e+02;9.1351613e-02;1.3750000e+02;4.7091611e-02;1.3750000e+02;-1.5968308e-03;1.3750000e+02;-4.2896613e-02;1.3750000e+02;-8.5518450e-02;1.3750000e+02;-1.3221514e-01;1.3750000e+02;-7.6133907e-02;1.3750000e+02;-5.8825284e-02;1.3750000e+02;-1.3046958e-02;1.3750000e+02;5.1937934e-02;1.3750000e+02;1.3168229e-01;1.3750000e+02;2.0683214e-01;1.3750000e+02;2.3549825e-01;1.3750000e+02;2.1545394e-01;1.3750000e+02;1.9050658e-01;1.3750000e+02;2.2938356e-01;1.3750000e+02;1.9575176e-01;1.3750000e+02;1.4548923e-01;1.3750000e+02;9.1351613e-02;1.3750000e+02;4.7091611e-02;1.3750000e+02;-1.5968308e-03;1.3750000e+02;-4.2896613e-02;1.3750000e+02;-8.5518450e-02;1.3750000e+02;-1.3221514e-01;1.3750000e+02;-7.6133907e-02;1.3750000e+02;-5.8825284e-02;1.3750000e+02;-1.3046958e-02;1.3750000e+02;5.1937934e-02;1.3750000e+02;1.3168229e-01;1.3750000e+02;2.0683214e-01;1.3750000e+02;2.3549825e-01;1.3750000e+02;2.1545394e-01;1.3750000e+02;1.9050658e-01;1.3750000e+02;2.2938356e-01;1.3750000e+02;1.9575176e-01;1.3750000e+02;1.4548923e-01;1.3750000e+02;9.1351613e-02;1.3750000e+02;4.7091611e-02;1.3750000e+02;-1.5968308e-03;1.3750000e+02;-4.2896613e-02;1.3750000e+02;-8.5518450e-02;1.3750000e+02;-1.3221514e-01;1.3750000e+02;-7.6133907e-02;1.3750000e+02;-5.8825284e-02;1.3750000e+02;-1.3046958e-02;1.3750000e+02;5.1937934e-02;1.3750000e+02;1.3168229e-01;1.3750000e+02;2.0683214e-01;1.3750000e+02;2.3549825e-01;1.3750000e+02;2.1545394e-01;1.3750000e+02;1.9050658e-01;1.3750000e+02;2.2938356e-01;1.3750000e+02;1.9575176e-01;1.3750000e+02;1.4548923e-01;1.3750000e+02;9.1351613e-02;1.3750000e+02;4.7091611e-02;1.3750000e+02;-1.5968308e-03;1.3750000e+02;-4.2896613e-02;1.3750000e+02;-8.5518450e-02;1.3750000e+02;-1.3221514e-01;1.3750000e+02;-7.6133907e-02;1.3750000e+02;-5.8825284e-02;1.3750000e+02;-1.3046958e-02;1.3750000e+02;5.1937934e-02;1.3750000e+02;1.3168229e-01;1.3750000e+02;2.0683214e-01;1.3750000e+02;2.3549825e-01;1.3750000e+02;2.1545394e-01;1.3750000e+02;1.9050658e-01;1.3750000e+02;2.2938356e-01;1.3750000e+02;1.9575176e-01;1.3750000e+02;1.4548923e-01;1.3750000e+02;9.1351613e-02;1.3750000e+02;4.7091611e-02;1.3750000e+02;-1.5968308e-03;1.3750000e+02;-4.2896613e-02;1.3750000e+02;-8.5518450e-02;1.3750000e+02;-1.3221514e-01;1.3750000e+02;-7.6133907e-02;1.3750000e+02;-5.8825284e-02;1.3750000e+02;-1.3046958e-02;1.3750000e+02;5.1937934e-02;1.3750000e+02;1.3168229e-01;1.3750000e+02;2.0683214e-01;1.3750000e+02;2.3549825e-01;1.3750000e+02;2.1545394e-01;1.3750000e+02;1.9050658e-01;1.3750000e+02;2.2938356e-01;1.3750000e+02;1.9575176e-01;1.3750000e+02;1.4548923e-01;1.3750000e+02;9.1351613e-02;1.3750000e+02;4.7091611e-02;1.3750000e+02;-1.5968308e-03;1.3750000e+02;-4.2896613e-02;1.3750000e+02;-8.5518450e-02;1.3750000e+02;-1.3221514e-01;1.3750000e+02;-7.6133907e-02;1.3750000e+02;-5.8825284e-02;1.3750000e+02;-1.3046958e-02;1.3750000e+02;5.1937934e-02;1.3750000e+02;1.3168229e-01;1.3750000e+02;2.0683214e-01;1.3750000e+02;2.3549825e-01;1.3750000e+02;2.1545394e-01;1.3750000e+02;1.9050658e-01;1.3750000e+02;2.2938356e-01;1.3750000e+02;1.9575176e-01;1.3750000e+02;1.4548923e-01;1.3750000e+02;9.1351613e-02;1.3750000e+02;4.7091611e-02;1.3750000e+02;-1.5968308e-03;1.3750000e+02;-4.2896613e-02;1.3750000e+02;-8.5518450e-02;1.3750000e+02;-1.3221514e-01;1.3750000e+02;-7.6133907e-02;1.3750000e+02;-5.8825284e-02;1.3750000e+02;-1.3046958e-02;1.3750000e+02;5.1937934e-02;1.3750000e+02;1.3168229e-01;1.3750000e+02;2.0683214e-01;1.3750000e+02;2.3549825e-01;1.3750000e+02;2.1545394e-01;1.3750000e+02;1.9050658e-01;1.3750000e+02;2.2938356e-01;1.3750000e+02;1.9575176e-01;1.3750000e+02;1.4548923e-01;1.3750000e+02;9.1351613e-02;1.3750000e+02;4.7091611e-02;1.3750000e+02;-1.5968308e-03;1.3750000e+02;-4.2896613e-02;1.3750000e+02;-8.5518450e-02;1.3750000e+02;-1.3221514e-01;1.3750000e+02;-7.6133907e-02;1.3750000e+02;-5.8825284e-02;1.3750000e+02;-1.3046958e-02;1.3750000e+02;5.1937934e-02;1.3750000e+02;1.3168229e-01;1.3750000e+02;2.0683214e-01;1.3750000e+02;2.3549825e-01;1.3750000e+02;2.1545394e-01;1.3750000e+02;1.9050658e-01;1.3750000e+02;2.2938356e-01;1.3750000e+02;1.9575176e-01;1.3750000e+02;1.4548923e-01;1.3750000e+02;9.1351613e-02;1.3750000e+02;4.7091611e-02;1.3750000e+02;-1.5968308e-03;1.3750000e+02;-4.2896613e-02;1.3750000e+02;-8.5518450e-02;1.3750000e+02;-1.3221514e-01;1.3750000e+02;-7.6133907e-02;1.3750000e+02;-5.8825284e-02;1.3750000e+02;-1.3046958e-02;1.3750000e+02;5.1937934e-02;1.3750000e+02;1.3168229e-01;1.3750000e+02;2.0683214e-01;1.3750000e+02;2.3549825e-01;1.3750000e+02;2.1545394e-01;1.3750000e+02;1.9050658e-01;1.3750000e+02;2.2938356e-01;1.3750000e+02;1.9575176e-01;1.3750000e+02;1.4548923e-01;1.3750000e+02;9.1351613e-02;1.3750000e+02;4.7091611e-02;1.3750000e+02;-1.5968308e-03;1.3750000e+02;-4.2896613e-02;1.3750000e+02;-8.5518450e-02;1.3750000e+02;-1.3221514e-01;1.3750000e+02;-7.6133907e-02;1.3750000e+02;-5.8825284e-02;1.3750000e+02;-1.3046958e-02;1.3750000e+02;5.1937934e-02;1.3750000e+02;1.3168229e-01;1.3750000e+02;2.0683214e-01;1.3750000e+02;2.3549825e-01;1.3750000e+02;2.1545394e-01;1.3750000e+02;1.9050658e-01;1.3750000e+02;2.2938356e-01;1.3750000e+02;1.9575176e-01;1.3750000e+02;1.4548923e-01;1.3750000e+02;9.1351613e-02;1.3750000e+02;4.7091611e-02;1.3750000e+02;-1.5968308e-03;1.3750000e+02;-4.2896613e-02;1.3750000e+02;-8.5518450e-02;1.3750000e+02;-1.3221514e-01;1.3750000e+02;-7.6133907e-02;1.3750000e+02;-5.8825284e-02;1.3750000e+02;-1.3046958e-02;1.3750000e+02;5.1937934e-02;1.3750000e+02;1.3168229e-01;1.3750000e+02;2.0683214e-01;1.3750000e+02;2.3549825e-01;1.3750000e+02;2.1545394e-01;1.3750000e+02;1.9050658e-01;1.3750000e+02;2.2938356e-01;1.3750000e+02;1.9575176e-01;1.3750000e+02;1.4548923e-01;1.3750000e+02;9.1351613e-02;1.3750000e+02;4.7091611e-02;1.3750000e+02;-1.5968308e-03;1.3750000e+02;-4.2896613e-02;1.3750000e+02;-8.5518450e-02;1.3750000e+02;-1.3221514e-01;1.3750000e+02;-7.6133907e-02;1.3750000e+02;-5.8825284e-02;1.3750000e+02;-1.3046958e-02;1.3750000e+02;5.1937934e-02;1.3750000e+02;1.3168229e-01;1.3750000e+02;2.0683214e-01;1.3750000e+02;2.3549825e-01;1.3750000e+02;2.1545394e-01;1.3750000e+02;1.9050658e-01;1.3750000e+02;2.2938356e-01;1.3750000e+02;1.9575176e-01;1.3750000e+02;1.4548923e-01;1.3750000e+02;9.1351613e-02;1.3750000e+02;4.7091611e-02;1.3750000e+02;-1.5968308e-03;1.3750000e+02;-4.2896613e-02;1.3750000e+02;-8.5518450e-02;1.3750000e+02;-1.3221514e-01;1.3750000e+02;-7.6133907e-02;1.3750000e+02;-5.8825284e-02;1.3750000e+02;-1.3046958e-02;1.3750000e+02;5.1937934e-02;1.3750000e+02;1.3168229e-01;1.3750000e+02;2.0683214e-01;1.3750000e+02;2.3549825e-01;1.3750000e+02;2.1545394e-01;1.3750000e+02;1.9050658e-01;1.3750000e+02;2.2938356e-01;1.3750000e+02;1.9575176e-01;1.3750000e+02;1.4548923e-01;1.3750000e+02;9.1351613e-02;1.3750000e+02;4.7091611e-02;1.3750000e+02;-1.5968308e-03;1.3750000e+02;-4.2896613e-02;1.3750000e+02;-8.5518450e-02;1.3750000e+02;-1.3221514e-01;1.3750000e+02;-7.6133907e-02;1.3750000e+02;-5.8825284e-02;1.3750000e+02;-1.3046958e-02;1.3750000e+02;5.1937934e-02;1.3750000e+02;1.3168229e-01;1.3750000e+02;2.0683214e-01;1.3750000e+02;2.3549825e-01;1.3750000e+02;2.1545394e-01;1.3750000e+02;1.9050658e-01;1.3750000e+02;2.2938356e-01;1.3750000e+02;1.9575176e-01;1.3750000e+02;1.4548923e-01;1.3750000e+02;9.1351613e-02;1.3750000e+02;4.7091611e-02;1.3750000e+02;-1.5968308e-03;1.3750000e+02;-4.2896613e-02;1.3750000e+02;-8.5518450e-02;1.3750000e+02;-1.3221514e-01;1.3750000e+02;-7.6133907e-02;1.3750000e+02;-5.8825284e-02;1.3750000e+02;-1.3046958e-02;1.3750000e+02;5.1937934e-02;1.3750000e+02;1.3168229e-01;1.3750000e+02;2.0683214e-01;1.3750000e+02;2.3549825e-01;1.3750000e+02;2.1545394e-01;1.3750000e+02;1.9050658e-01;1.3750000e+02;2.2938356e-01;1.3750000e+02;1.9575176e-01;1.3750000e+02;1.4548923e-01;1.3750000e+02;9.1351613e-02;1.3750000e+02;4.7091611e-02;1.3750000e+02;-1.5968308e-03;1.3750000e+02;-4.2896613e-02;1.3750000e+02;-8.5518450e-02;1.3750000e+02;-1.3221514e-01;1.3750000e+02;-7.6133907e-02;1.3750000e+02;-5.8825284e-02;1.3750000e+02;-1.3046958e-02;1.3750000e+02;5.1937934e-02;1.3750000e+02;1.3168229e-01;1.3750000e+02;2.0683214e-01;1.3750000e+02;2.3549825e-01;1.3750000e+02;2.1545394e-01;1.3750000e+02;1.9050658e-01;1.3750000e+02;2.2938356e-01;1.3750000e+02;1.9575176e-01;1.3750000e+02;1.4548923e-01;1.3750000e+02;9.1351613e-02;1.3750000e+02;4.7091611e-02;1.3750000e+02;-1.5968308e-03;1.3750000e+02;-4.2896613e-02;1.3750000e+02;-8.5518450e-02;1.3750000e+02;-1.3221514e-01;1.3750000e+02;-7.6133907e-02;1.3750000e+02;-5.8825284e-02;1.3750000e+02;-1.3046958e-02;1.3750000e+02;5.1937934e-02;1.3750000e+02;1.3168229e-01;1.3750000e+02;2.0683214e-01;1.3750000e+02;2.3549825e-01;1.3750000e+02;2.1545394e-01;1.3750000e+02;1.9050658e-01;1.3750000e+02;2.2938356e-01;1.3750000e+02;1.9575176e-01;1.3750000e+02;1.4548923e-01;1.3750000e+02;9.1351613e-02;1.3750000e+02;4.7091611e-02;1.3750000e+02;-1.5968308e-03;1.3750000e+02;-4.2896613e-02;1.3750000e+02;-8.5518450e-02;1.3750000e+02;-1.3221514e-01;1.3750000e+02;-7.6133907e-02;1.3750000e+02;-5.8825284e-02;1.3750000e+02;-1.3046958e-02;1.3750000e+02;5.1937934e-02;1.3750000e+02;1.3168229e-01;1.3750000e+02;2.0683214e-01;1.3750000e+02;2.3549825e-01;1.3750000e+02;2.1545394e-01;1.3750000e+02;1.9050658e-01;1.3750000e+02;2.2938356e-01;1.3750000e+02;1.9575176e-01;1.3750000e+02;1.4548923e-01;1.3750000e+02;9.1351613e-02;1.3750000e+02;4.7091611e-02;1.3750000e+02;-1.5968308e-03;1.3750000e+02;-4.2896613e-02;1.3750000e+02;-8.5518450e-02;1.3750000e+02;-1.3221514e-01;1.3750000e+02;-7.6133907e-02;1.3750000e+02;-5.8825284e-02;1.3750000e+02;-1.3046958e-02;1.3750000e+02;5.1937934e-02;1.3750000e+02;1.3168229e-01;1.3750000e+02;2.0683214e-01;1.3750000e+02;2.3549825e-01;1.3750000e+02;2.1545394e-01;1.3750000e+02;1.9050658e-01;1.3750000e+02;2.2938356e-01;1.3750000e+02;1.9575176e-01;1.3750000e+02;1.4548923e-01;1.3750000e+02;9.1351613e-02;1.3750000e+02;4.7091611e-02;1.3750000e+02;-1.5968308e-03;1.3750000e+02;-4.2896613e-02;1.3750000e+02;-8.5518450e-02;1.3750000e+02;-1.3221514e-01;1.3750000e+02;-7.6133907e-02;1.3750000e+02;-5.8825284e-02;1.3750000e+02;-1.3046958e-02;1.3750000e+02;5.1937934e-02;1.3750000e+02;1.3168229e-01;1.3750000e+02;2.0683214e-01;1.3750000e+02;2.3549825e-01;1.3750000e+02;2.1545394e-01;1.3750000e+02;1.9050658e-01;1.3750000e+02;2.2938356e-01;1.3750000e+02;1.9575176e-01;1.3750000e+02;1.4548923e-01;1.3750000e+02;9.1351613e-02;1.3750000e+02;4.7091611e-02;1.3750000e+02;-1.5968308e-03;1.3750000e+02;-4.2896613e-02;1.3750000e+02;-8.5518450e-02;1.3750000e+02;-1.3221514e-01;1.3750000e+02;-7.6133907e-02;1.3750000e+02;-5.8825284e-02;1.3750000e+02;-1.3046958e-02;1.3750000e+02;5.1937934e-02;1.3750000e+02;1.3168229e-01;1.3750000e+02;2.0683214e-01;1.3750000e+02;2.3549825e-01;1.3750000e+02;2.1545394e-01;1.3750000e+02;1.9050658e-01;1.3750000e+02;2.2938356e-01;1.3750000e+02;1.9575176e-01;1.3750000e+02;1.4548923e-01;1.3750000e+02;9.1351613e-02;1.3750000e+02;4.7091611e-02;1.3750000e+02;-1.5968308e-03;1.3750000e+02;-4.2896613e-02;1.3750000e+02;-8.5518450e-02;1.3750000e+02;-1.3221514e-01;1.3750000e+02;-7.6133907e-02;1.3750000e+02;-5.8825284e-02;1.3750000e+02;-1.3046958e-02;1.3750000e+02;5.1937934e-02;1.3750000e+02;1.3168229e-01;1.3750000e+02;2.0683214e-01;1.3750000e+02;2.3549825e-01;1.3750000e+02;2.1545394e-01;1.3750000e+02;1.9050658e-01;1.3750000e+02;2.2938356e-01;1.3750000e+02;1.9575176e-01;1.3750000e+02;1.4548923e-01;1.3750000e+02;9.1351613e-02;1.3750000e+02;4.7091611e-02;1.3750000e+02;-1.5968308e-03;1.3750000e+02;-4.2896613e-02;1.3750000e+02;-8.5518450e-02;1.3750000e+02;-1.3221514e-01;1.3750000e+02;-7.6133907e-02;1.3750000e+02;-5.8825284e-02;1.3750000e+02;-1.3046958e-02;1.3750000e+02;5.1937934e-02;1.3750000e+02;1.3168229e-01;1.3750000e+02;2.0683214e-01;1.3750000e+02;2.3549825e-01;1.3750000e+02;2.1545394e-01;1.3750000e+02;1.9050658e-01;1.3750000e+02;2.2938356e-01;1.3750000e+02;1.9575176e-01;1.3750000e+02;1.4548923e-01;1.3750000e+02;9.1351613e-02;1.3750000e+02;4.7091611e-02;1.3750000e+02;-1.5968308e-03;1.3750000e+02;-4.2896613e-02;1.3750000e+02;-8.5518450e-02;1.3750000e+02;-1.3221514e-01;1.3750000e+02;-7.6133907e-02;1.3750000e+02;-5.8825284e-02;1.3750000e+02;-1.3046958e-02;1.3750000e+02;5.1937934e-02;1.3750000e+02;1.3168229e-01;1.3750000e+02;2.0683214e-01;1.3750000e+02;2.3549825e-01;1.3750000e+02;2.1545394e-01;1.3750000e+02;1.9050658e-01;1.3750000e+02;2.2938356e-01;1.3750000e+02;1.9575176e-01;1.3750000e+02;1.4548923e-01;1.3750000e+02;9.1351613e-02;1.3750000e+02;4.7091611e-02;1.3750000e+02;-1.5968308e-03;1.3750000e+02;-4.2896613e-02;1.3750000e+02;-8.5518450e-02;1.3750000e+02;-1.3221514e-01;1.3750000e+02;-7.6133907e-02;1.3750000e+02;-5.8825284e-02;1.3750000e+02;-1.3046958e-02;1.3750000e+02;5.1937934e-02;1.3750000e+02;1.3168229e-01;1.3750000e+02;2.0683214e-01;1.3750000e+02;2.3549825e-01;1.3750000e+02;2.1545394e-01;1.3750000e+02;1.9050658e-01;1.3750000e+02;2.2938356e-01;1.3750000e+02;1.9575176e-01;1.3750000e+02;1.4548923e-01;1.3750000e+02;9.1351613e-02;1.3750000e+02;4.7091611e-02;1.3750000e+02;-1.5968308e-03;1.3750000e+02;-4.2896613e-02;1.3750000e+02;-8.5518450e-02;1.3750000e+02;-1.3221514e-01;1.3750000e+02;-7.6133907e-02;1.3750000e+02;-5.8825284e-02;1.3750000e+02;-1.3046958e-02;1.3750000e+02;5.1937934e-02;1.3750000e+02;1.3168229e-01;1.3750000e+02;2.0683214e-01;1.3750000e+02;2.3549825e-01;1.3750000e+02;2.1545394e-01;1.3750000e+02;1.9050658e-01;1.3750000e+02;2.2938356e-01;1.3750000e+02;1.9575176e-01;1.3750000e+02;1.4548923e-01;1.3750000e+02;9.1351613e-02;1.3750000e+02;4.7091611e-02;1.3750000e+02;-1.5968308e-03;1.3750000e+02;-4.2896613e-02;1.3750000e+02;-8.5518450e-02;1.3750000e+02;-1.3221514e-01;1.3750000e+02;-7.6133907e-02;1.3750000e+02;-5.8825284e-02;1.3750000e+02;-1.3046958e-02;1.3750000e+02;5.1937934e-02;1.3750000e+02;1.3168229e-01;1.3750000e+02;2.0683214e-01;1.3750000e+02;2.3549825e-01;1.3750000e+02;2.1545394e-01;1.3750000e+02;1.9050658e-01;1.3750000e+02;2.2938356e-01;1.3750000e+02;1.9575176e-01;1.3750000e+02;1.4548923e-01;1.3750000e+02;9.1351613e-02;1.3750000e+02;4.7091611e-02;1.3750000e+02;-1.5968308e-03;1.3750000e+02;-4.2896613e-02;1.3750000e+02;-8.5518450e-02;1.3750000e+02;-1.3221514e-01;1.3750000e+02;-7.6133907e-02;1.3750000e+02;-5.8825284e-02;1.3750000e+02;-1.3046958e-02;1.3750000e+02;5.1937934e-02;1.3750000e+02;1.3168229e-01;1.3750000e+02;2.0683214e-01;1.3750000e+02;2.3549825e-01;1.3750000e+02;2.1545394e-01;1.3750000e+02;1.9050658e-01;1.3750000e+02;2.2938356e-01;1.3750000e+02;1.9575176e-01;1.3750000e+02;1.4548923e-01;1.3750000e+02;9.1351613e-02;1.3750000e+02;4.7091611e-02;1.3750000e+02;-1.5968308e-03;1.3750000e+02;-4.2896613e-02;1.3750000e+02;-8.5518450e-02;1.3750000e+02;-1.3221514e-01;1.3750000e+02;-7.6133907e-02;1.3750000e+02;-5.8825284e-02;1.3750000e+02;-1.3046958e-02;1.3750000e+02;5.1937934e-02;1.3750000e+02;1.3168229e-01;1.3750000e+02;2.0683214e-01;1.3750000e+02;2.3549825e-01;1.3750000e+02;2.1545394e-01;1.3750000e+02;1.9050658e-01;1.3750000e+02;2.2938356e-01;1.3750000e+02;1.9575176e-01;1.3750000e+02;1.4548923e-01;1.3750000e+02;9.1351613e-02;1.3750000e+02;4.7091611e-02;1.3750000e+02;-1.5968308e-03;1.3750000e+02;-4.2896613e-02;1.3750000e+02;-8.5518450e-02;1.3750000e+02;-1.3221514e-01;1.3750000e+02;-7.6133907e-02;1.3750000e+02;-5.8825284e-02;1.3750000e+02;-1.3046958e-02;1.3750000e+02;5.1937934e-02;1.3750000e+02;1.3168229e-01;1.3750000e+02;2.0683214e-01;1.3750000e+02;2.3549825e-01;1.3750000e+02;2.1545394e-01;1.3750000e+02;1.9050658e-01;1.3750000e+02;2.2938356e-01;1.3750000e+02;1.9575176e-01;1.3750000e+02;1.4548923e-01;1.3750000e+02;9.1351613e-02;1.3750000e+02;4.7091611e-02;1.3750000e+02;-1.5968308e-03;1.3750000e+02;-4.2896613e-02;1.3750000e+02;-8.5518450e-02;1.3750000e+02;-1.3221514e-01;1.3750000e+02;-7.6133907e-02;1.3750000e+02;-5.8825284e-02;1.3750000e+02;-1.3046958e-02;1.3750000e+02;5.1937934e-02;1.3750000e+02;1.3168229e-01;1.3750000e+02;2.0683214e-01;1.3750000e+02;2.3549825e-01;1.3750000e+02;2.1545394e-01;1.3750000e+02;1.9050658e-01;1.3750000e+02;2.2938356e-01;1.3750000e+02;1.9575176e-01;1.3750000e+02;1.4548923e-01;1.3750000e+02;9.1351613e-02;1.3750000e+02;4.7091611e-02;1.3750000e+02;-1.5968308e-03;1.3750000e+02;-4.2896613e-02;1.3750000e+02;-8.5518450e-02;1.3750000e+02;-1.3221514e-01;1.3750000e+02;-7.6133907e-02;1.3750000e+02;-5.8825284e-02;1.3750000e+02;-1.3046958e-02;1.3750000e+02;5.1937934e-02;1.3750000e+02;1.3168229e-01;1.3750000e+02;2.0683214e-01;1.3750000e+02;2.3549825e-01;1.3750000e+02;2.1545394e-01;1.3750000e+02;1.9050658e-01;1.3750000e+02;2.2938356e-01;1.3750000e+02;1.9575176e-01;1.3750000e+02;1.4548923e-01;1.3750000e+02;9.1351613e-02;1.3750000e+02;4.7091611e-02;1.3750000e+02;-1.5968308e-03;1.3750000e+02;-4.2896613e-02;1.3750000e+02;-8.5518450e-02;1.3750000e+02;-1.3221514e-01;1.3750000e+02;-7.6133907e-02;1.3750000e+02;-5.8825284e-02;1.3750000e+02;-1.3046958e-02;1.3750000e+02;5.1937934e-02;1.3750000e+02;1.3168229e-01;1.3750000e+02;2.0683214e-01;1.3750000e+02;2.3549825e-01;1.3750000e+02;2.1545394e-01;1.3750000e+02;1.9050658e-01;1.3750000e+02;2.2938356e-01;1.3750000e+02;1.9575176e-01;1.3750000e+02;1.4548923e-01;1.3750000e+02;9.1351613e-02;1.3750000e+02;4.7091611e-02;1.3750000e+02;-1.5968308e-03;1.3750000e+02;-4.2896613e-02;1.3750000e+02;-8.5518450e-02;1.3750000e+02;-1.3221514e-01;1.3750000e+02;-7.6133907e-02;1.3750000e+02;-5.8825284e-02;1.3750000e+02;-1.3046958e-02;1.3750000e+02;5.1937934e-02;1.3750000e+02;1.3168229e-01;1.3750000e+02;2.0683214e-01;1.3750000e+02;2.3549825e-01;1.3750000e+02;2.1545394e-01;1.3750000e+02;1.9050658e-01;1.3750000e+02;2.2938356e-01;1.3750000e+02;1.9575176e-01;1.3750000e+02;1.4548923e-01;1.3750000e+02;9.1351613e-02;1.3750000e+02;4.7091611e-02;1.3750000e+02;-1.5968308e-03;1.3750000e+02;-4.2896613e-02;1.3750000e+02;-8.5518450e-02;1.3750000e+02;-1.3221514e-01;1.3750000e+02;-7.6133907e-02;1.3750000e+02;-5.8825284e-02;1.3750000e+02;-1.3046958e-02;1.3750000e+02;5.1937934e-02;1.3750000e+02;1.3168229e-01;1.3750000e+02;2.0683214e-01;1.3750000e+02;2.3549825e-01;1.3750000e+02;2.1545394e-01;1.3750000e+02;1.9050658e-01;1.3750000e+02;2.2938356e-01;1.3750000e+02;1.9575176e-01;1.3750000e+02;1.4548923e-01;1.3750000e+02;9.1351613e-02;1.3750000e+02;4.7091611e-02;1.3750000e+02;-1.5968308e-03;1.3750000e+02;-4.2896613e-02;1.3750000e+02;-8.5518450e-02;1.3750000e+02;-1.3221514e-01;1.3750000e+02;-7.6133907e-02;1.3750000e+02;-5.8825284e-02;1.3750000e+02;-1.3046958e-02;1.3750000e+02;5.1937934e-02;1.3750000e+02;1.3168229e-01;1.3750000e+02;2.0683214e-01;1.3750000e+02;2.3549825e-01;1.3750000e+02;2.1545394e-01;1.3750000e+02;1.9050658e-01;1.3750000e+02;2.2938356e-01;1.3750000e+02;1.9575176e-01;1.3750000e+02;1.4548923e-01;1.3750000e+02;9.1351613e-02;1.3750000e+02;4.7091611e-02;1.3750000e+02;-1.5968308e-03;1.3750000e+02;-4.2896613e-02;1.3750000e+02;-8.5518450e-02;1.3750000e+02;-1.3221514e-01;1.3750000e+02;-7.6133907e-02;1.3750000e+02;-5.8825284e-02;1.3750000e+02;-1.3046958e-02;1.3750000e+02;5.1937934e-02;1.3750000e+02;1.3168229e-01;1.3750000e+02;2.0683214e-01;1.3750000e+02;2.3549825e-01;1.3750000e+02;2.1545394e-01;1.3750000e+02;1.9050658e-01;1.3750000e+02;2.2938356e-01;1.3750000e+02;1.9575176e-01;1.3750000e+02;1.4548923e-01;1.3750000e+02;9.1351613e-02;1.3750000e+02;4.7091611e-02;1.3750000e+02;-1.5968308e-03;1.3750000e+02;-4.2896613e-02;1.3750000e+02;-8.5518450e-02;1.3750000e+02;-1.3221514e-01;1.3750000e+02;-7.6133907e-02;1.3750000e+02;-5.8825284e-02;1.3750000e+02;-1.3046958e-02;1.3750000e+02;5.1937934e-02;1.3750000e+02;1.3168229e-01;1.3750000e+02;2.0683214e-01;1.3750000e+02;2.3549825e-01;1.3750000e+02;2.1545394e-01;1.3750000e+02;1.9050658e-01;1.3750000e+02;2.2938356e-01;1.3750000e+02;1.9575176e-01;1.3750000e+02;1.4548923e-01;1.3750000e+02;9.1351613e-02;1.3750000e+02;4.7091611e-02;1.3750000e+02;-1.5968308e-03;1.3750000e+02;-4.2896613e-02;1.3750000e+02;-8.5518450e-02;1.3750000e+02;-1.3221514e-01;1.3750000e+02;-7.6133907e-02;1.3750000e+02;-5.8825284e-02;1.3750000e+02;-1.3046958e-02;1.3750000e+02;5.1937934e-02;1.3750000e+02;1.3168229e-01;1.3750000e+02;2.0683214e-01;1.3750000e+02;2.3549825e-01;1.3750000e+02;2.1545394e-01;1.3750000e+02;1.9050658e-01;1.3750000e+02;2.2938356e-01;1.3750000e+02;1.9575176e-01;1.3750000e+02;1.4548923e-01;1.3750000e+02;9.1351613e-02;1.3750000e+02;4.7091611e-02;1.3750000e+02;-1.5968308e-03;1.3750000e+02;-4.2896613e-02;1.3750000e+02;-8.5518450e-02;1.3750000e+02;-1.3221514e-01;1.3750000e+02;-7.6133907e-02;1.3750000e+02;-5.8825284e-02;1.3750000e+02;-1.3046958e-02;1.3750000e+02;5.1937934e-02;1.3750000e+02;1.3168229e-01;1.3750000e+02;2.0683214e-01;1.3750000e+02;2.3549825e-01;1.3750000e+02;2.1545394e-01;1.3750000e+02;1.9050658e-01;1.3750000e+02;2.2938356e-01;1.3750000e+02;1.9575176e-01;1.3750000e+02;1.4548923e-01;1.3750000e+02;9.1351613e-02;1.3750000e+02;4.7091611e-02;1.3750000e+02;-1.5968308e-03;1.3750000e+02;-4.2896613e-02;1.3750000e+02;-8.5518450e-02;1.3750000e+02;-1.3221514e-01;1.3750000e+02;-7.6133907e-02;1.3750000e+02;-5.8825284e-02;1.3750000e+02;-1.3046958e-02;1.3750000e+02;5.1937934e-02;1.3750000e+02;1.3168229e-01;1.3750000e+02;2.0683214e-01;1.3750000e+02;2.3549825e-01;1.3750000e+02;2.1545394e-01;1.3750000e+02;1.9050658e-01;1.3750000e+02;2.2938356e-01;1.3750000e+02;1.9575176e-01;1.3750000e+02;1.4548923e-01;1.3750000e+02;9.1351613e-02;1.3750000e+02;4.7091611e-02;1.3750000e+02;-1.5968308e-03;1.3750000e+02;-4.2896613e-02;1.3750000e+02;-8.5518450e-02;1.3750000e+02;-1.3221514e-01;1.3750000e+02;-7.6133907e-02;1.3750000e+02;-5.8825284e-02;1.3750000e+02;-1.3046958e-02;1.3750000e+02;5.1937934e-02;1.3750000e+02;1.3168229e-01;1.3750000e+02;2.0683214e-01;1.3750000e+02;2.3549825e-01;1.3750000e+02;2.1545394e-01;1.3750000e+02;1.9050658e-01;1.3750000e+02;2.2938356e-01;1.3750000e+02;1.9575176e-01;1.3750000e+02;1.4548923e-01;1.3750000e+02;9.1351613e-02;1.3750000e+02;4.7091611e-02;1.3750000e+02;-1.5968308e-03;1.3750000e+02;-4.2896613e-02;1.3750000e+02;-8.5518450e-02;1.3750000e+02;-1.3221514e-01;1.3750000e+02;-7.6133907e-02;1.3750000e+02;-5.8825284e-02;1.3750000e+02;-1.3046958e-02;1.3750000e+02;5.1937934e-02;1.3750000e+02;1.3168229e-01;1.3750000e+02;2.0683214e-01;1.3750000e+02;2.3549825e-01;1.3750000e+02;2.1545394e-01;1.3750000e+02;1.9050658e-01;1.3750000e+02;2.2938356e-01;1.3750000e+02;1.9575176e-01;1.3750000e+02;1.4548923e-01;1.3750000e+02;9.1351613e-02;1.3750000e+02;4.7091611e-02;1.3750000e+02;-1.5968308e-03;1.3750000e+02;-4.2896613e-02;1.3750000e+02;-8.5518450e-02;1.3750000e+02;-1.3221514e-01;1.3750000e+02;-7.6133907e-02;1.3750000e+02;-5.8825284e-02;1.3750000e+02;-1.3046958e-02;1.3750000e+02;5.1937934e-02;1.3750000e+02;1.3168229e-01;1.3750000e+02;2.0683214e-01;1.3750000e+02;2.3549825e-01;1.3750000e+02;2.1545394e-01;1.3750000e+02;1.9050658e-01;1.3750000e+02;2.2938356e-01;1.3750000e+02;1.9575176e-01;1.3750000e+02;1.4548923e-01;1.3750000e+02;9.1351613e-02;1.3750000e+02;4.7091611e-02;1.3750000e+02;-1.5968308e-03;1.3750000e+02;-4.2896613e-02;1.3750000e+02;-8.5518450e-02;1.3750000e+02;-1.3221514e-01;1.3750000e+02;-7.6133907e-02;1.3750000e+02;-5.8825284e-02;1.3750000e+02;-1.3046958e-02;1.3750000e+02;5.1937934e-02;1.3750000e+02;1.3168229e-01;1.3750000e+02;2.0683214e-01;1.3750000e+02;2.3549825e-01;1.3750000e+02;2.1545394e-01;1.3750000e+02;1.9050658e-01;1.3750000e+02;2.2938356e-01;1.3750000e+02;1.9575176e-01;1.3750000e+02;1.4548923e-01;1.3750000e+02;9.1351613e-02;1.3750000e+02;4.7091611e-02;1.3750000e+02;-1.5968308e-03;1.3750000e+02;-4.2896613e-02;1.3750000e+02;-8.5518450e-02;1.3750000e+02;-1.3221514e-01;1.3750000e+02;-7.6133907e-02;1.3750000e+02;-5.8825284e-02;1.3750000e+02;-1.3046958e-02;1.3750000e+02;5.1937934e-02;1.3750000e+02;1.3168229e-01;1.3750000e+02;2.0683214e-01;1.3750000e+02;2.3549825e-01;1.3750000e+02;2.1545394e-01;1.3750000e+02;1.9050658e-01;1.3750000e+02;2.2938356e-01;1.3750000e+02;1.9575176e-01;1.3750000e+02;1.4548923e-01;1.3750000e+02;9.1351613e-02;1.3750000e+02;4.7091611e-02;1.3750000e+02;-1.5968308e-03;1.3750000e+02;-4.2896613e-02;1.3750000e+02;-8.5518450e-02;1.3750000e+02;-1.3221514e-01;1.3750000e+02;-7.6133907e-02;1.3750000e+02;-5.8825284e-02;1.3750000e+02;-1.3046958e-02;1.3750000e+02;5.1937934e-02;1.3750000e+02;1.3168229e-01;1.3750000e+02;2.0683214e-01;1.3750000e+02;2.3549825e-01;1.3750000e+02;2.1545394e-01;1.3750000e+02;1.9050658e-01;1.3750000e+02;2.2938356e-01;1.3750000e+02;1.9575176e-01;1.3750000e+02;1.4548923e-01;1.3750000e+02;9.1351613e-02;1.3750000e+02;4.7091611e-02;1.3750000e+02;-1.5968308e-03;1.3750000e+02;-4.2896613e-02;1.3750000e+02;-8.5518450e-02;1.3750000e+02;-1.3221514e-01;1.3750000e+02;-7.6133907e-02;1.3750000e+02;-5.8825284e-02;1.3750000e+02;-1.3046958e-02;1.3750000e+02;5.1937934e-02;1.3750000e+02;1.3168229e-01;1.3750000e+02;2.0683214e-01;1.3750000e+02;2.3549825e-01;1.3750000e+02;2.1545394e-01;1.3750000e+02;1.9050658e-01;1.3750000e+02;2.2938356e-01;1.3750000e+02;1.9575176e-01;1.3750000e+02;1.4548923e-01;1.3750000e+02;9.1351613e-02;1.3750000e+02;4.7091611e-02;1.3750000e+02;-1.5968308e-03;1.3750000e+02;-4.2896613e-02;1.3750000e+02;-8.5518450e-02;1.3750000e+02;-1.3221514e-01;1.3750000e+02;-7.6133907e-02;1.3750000e+02;-5.8825284e-02;1.3750000e+02;-1.3046958e-02;1.3750000e+02;5.1937934e-02;1.3750000e+02;1.3168229e-01;1.3750000e+02;2.0683214e-01;1.3750000e+02;2.3549825e-01;1.3750000e+02;2.1545394e-01;1.3750000e+02;1.9050658e-01;1.3750000e+02;2.2938356e-01;1.3750000e+02;1.9575176e-01;1.3750000e+02;1.4548923e-01;1.3750000e+02;9.1351613e-02;1.3750000e+02;4.7091611e-02;1.3750000e+02;-1.5968308e-03;1.3750000e+02;-4.2896613e-02;1.3750000e+02;-8.5518450e-02;1.3750000e+02;-1.3221514e-01;1.3750000e+02;-7.6133907e-02;1.3750000e+02;-5.8825284e-02;1.3750000e+02;-1.3046958e-02;1.3750000e+02;5.1937934e-02;1.3750000e+02;1.3168229e-01;1.3750000e+02;2.0683214e-01;1.3750000e+02;2.3549825e-01;1.3750000e+02;2.1545394e-01;1.3750000e+02;1.9050658e-01;1.3750000e+02;2.2938356e-01;1.3750000e+02;1.9575176e-01;1.3750000e+02;1.4548923e-01;1.3750000e+02;9.1351613e-02;1.3750000e+02;4.7091611e-02;1.3750000e+02;-1.5968308e-03;1.3750000e+02;-4.2896613e-02;1.3750000e+02;-8.5518450e-02;1.3750000e+02;-1.3221514e-01;1.3750000e+02;-7.6133907e-02;1.3750000e+02;-5.8825284e-02;1.3750000e+02;-1.3046958e-02;1.3750000e+02;5.1937934e-02;1.3750000e+02;1.3168229e-01;1.3750000e+02;2.0683214e-01;1.3750000e+02;2.3549825e-01;1.3750000e+02;2.1545394e-01;1.3750000e+02;1.9050658e-01;1.3750000e+02;2.2938356e-01;1.3750000e+02;1.9575176e-01;1.3750000e+02;1.4548923e-01;1.3750000e+02;9.1351613e-02;1.3750000e+02;4.7091611e-02;1.3750000e+02;-1.5968308e-03;1.3750000e+02;-4.2896613e-02;1.3750000e+02;-8.5518450e-02;1.3750000e+02;-1.3221514e-01;1.3750000e+02;-7.6133907e-02;1.3750000e+02;-5.8825284e-02;1.3750000e+02;-1.3046958e-02;1.3750000e+02;5.1937934e-02;1.3750000e+02;1.3168229e-01;1.3750000e+02;2.0683214e-01;1.3750000e+02;2.3549825e-01;1.3750000e+02;2.1545394e-01;1.3750000e+02;1.9050658e-01;1.3750000e+02;2.2938356e-01;1.3750000e+02;1.9575176e-01;1.3750000e+02;1.4548923e-01;1.3750000e+02;9.1351613e-02;1.3750000e+02;4.7091611e-02;1.3750000e+02;-1.5968308e-03;1.3750000e+02;-4.2896613e-02;1.3750000e+02;-8.5518450e-02;1.3750000e+02;-1.3221514e-01;1.3750000e+02;-7.6133907e-02;1.3750000e+02;-5.8825284e-02;1.3750000e+02;-1.3046958e-02;1.3750000e+02;5.1937934e-02;1.3750000e+02;1.3168229e-01;1.3750000e+02;2.0683214e-01;1.3750000e+02;2.3549825e-01;1.3750000e+02;2.1545394e-01;1.3750000e+02;1.9050658e-01;1.3750000e+02;2.2938356e-01;1.3750000e+02;1.9575176e-01;1.3750000e+02;1.4548923e-01;1.3750000e+02;9.1351613e-02;1.3750000e+02;4.7091611e-02;1.3750000e+02;-1.5968308e-03;1.3750000e+02;-4.2896613e-02;1.3750000e+02;-8.5518450e-02;1.3750000e+02;-1.3221514e-01;1.3750000e+02;-7.6133907e-02;1.3750000e+02;-5.8825284e-02;1.3750000e+02;-1.3046958e-02;1.3750000e+02;5.1937934e-02;1.3750000e+02;1.3168229e-01;1.3750000e+02;2.0683214e-01;1.3750000e+02;2.3549825e-01;1.3750000e+02;2.1545394e-01;1.3750000e+02;1.9050658e-01;1.3750000e+02;2.2938356e-01;1.3750000e+02;1.9575176e-01;1.3750000e+02;1.4548923e-01;1.3750000e+02;9.1351613e-02;1.3750000e+02;4.7091611e-02;1.3750000e+02;-1.5968308e-03;1.3750000e+02;-4.2896613e-02;1.3750000e+02;-8.5518450e-02;1.3750000e+02;-1.3221514e-01;1.3750000e+02;-7.6133907e-02;1.3750000e+02;-5.8825284e-02;1.3750000e+02;-1.3046958e-02;1.3750000e+02;5.1937934e-02;1.3750000e+02;1.3168229e-01;1.3750000e+02;2.0683214e-01;1.3750000e+02;2.3549825e-01;1.3750000e+02;2.1545394e-01;1.3750000e+02;1.9050658e-01;1.3750000e+02;2.2938356e-01;1.3750000e+02;1.9575176e-01;1.3750000e+02;1.4548923e-01;1.3750000e+02;9.1351613e-02;1.3750000e+02;4.7091611e-02;1.3750000e+02;-1.5968308e-03;1.3750000e+02;-4.2896613e-02;1.3750000e+02;-8.5518450e-02;1.3750000e+02;-1.3221514e-01;1.3750000e+02;-7.6133907e-02;1.3750000e+02;-5.8825284e-02;1.3750000e+02;-1.3046958e-02;1.3750000e+02;5.1937934e-02;1.3750000e+02;1.3168229e-01;1.3750000e+02;2.0683214e-01;1.3750000e+02;2.3549825e-01;1.3750000e+02;2.1545394e-01;1.3750000e+02;1.9050658e-01;1.3750000e+02;2.2938356e-01;1.3750000e+02;1.9575176e-01;1.3750000e+02;1.4548923e-01;1.3750000e+02;9.1351613e-02;1.3750000e+02;4.7091611e-02;1.3750000e+02;-1.5968308e-03;1.3750000e+02;-4.2896613e-02;1.3750000e+02;-8.5518450e-02;1.3750000e+02;-1.3221514e-01;1.3750000e+02;-7.6133907e-02;1.3750000e+02;-5.8825284e-02;1.3750000e+02;-1.3046958e-02;1.3750000e+02;5.1937934e-02;1.3750000e+02;1.3168229e-01;1.3750000e+02;2.0683214e-01;1.3750000e+02;2.3549825e-01;1.3750000e+02;2.1545394e-01;1.3750000e+02;1.9050658e-01;1.3750000e+02;2.2938356e-01;1.3750000e+02;1.9575176e-01;1.3750000e+02;1.4548923e-01;1.3750000e+02;9.1351613e-02;1.3750000e+02;4.7091611e-02;1.3750000e+02;-1.5968308e-03;1.3750000e+02;-4.2896613e-02;1.3750000e+02;-8.5518450e-02;1.3750000e+02;-1.3221514e-01;1.3750000e+02;-7.6133907e-02;1.3750000e+02;-5.8825284e-02;1.3750000e+02;-1.3046958e-02;1.3750000e+02;5.1937934e-02;1.3750000e+02;1.3168229e-01;1.3750000e+02;2.0683214e-01;1.3750000e+02;2.3549825e-01;1.3750000e+02;2.1545394e-01;1.3750000e+02;1.9050658e-01;1.3750000e+02;2.2938356e-01;1.3750000e+02;1.9575176e-01;1.3750000e+02;1.4548923e-01;1.3750000e+02;9.1351613e-02;1.3750000e+02;4.7091611e-02;1.3750000e+02;-1.5968308e-03;1.3750000e+02;-4.2896613e-02;1.3750000e+02;-8.5518450e-02;1.3750000e+02;-1.3221514e-01;1.3750000e+02;-7.6133907e-02;1.3750000e+02;-5.8825284e-02;1.3750000e+02;-1.3046958e-02;1.3750000e+02;5.1937934e-02;1.3750000e+02;1.3168229e-01;1.3750000e+02;2.0683214e-01;1.3750000e+02;2.3549825e-01;1.3750000e+02;2.1545394e-01;1.3750000e+02;1.9050658e-01;1.3750000e+02;2.2938356e-01;1.3750000e+02;1.9575176e-01;1.3750000e+02;1.4548923e-01;1.3750000e+02;9.1351613e-02;1.3750000e+02;4.7091611e-02;1.3750000e+02;-1.5968308e-03;1.3750000e+02;-4.2896613e-02;1.3750000e+02;-8.5518450e-02;1.3750000e+02;-1.3221514e-01;1.3750000e+02;-7.6133907e-02;1.3750000e+02;-5.8825284e-02;1.3750000e+02;-1.3046958e-02;1.3750000e+02;5.1937934e-02;1.3750000e+02;1.3168229e-01;1.3750000e+02;2.0683214e-01;1.3750000e+02;2.3549825e-01;1.3750000e+02;2.1545394e-01;1.3750000e+02;1.9050658e-01;1.3750000e+02;2.2938356e-01;1.3750000e+02;1.9575176e-01;1.3750000e+02;1.4548923e-01;1.3750000e+02;9.1351613e-02;1.3750000e+02;4.7091611e-02;1.3750000e+02;-1.5968308e-03;1.3750000e+02;-4.2896613e-02;1.3750000e+02;-8.5518450e-02;1.3750000e+02;-1.3221514e-01;1.3750000e+02;-7.6133907e-02;1.3750000e+02;-5.8825284e-02;1.3750000e+02;-1.3046958e-02;1.3750000e+02;5.1937934e-02;1.3750000e+02;1.3168229e-01;1.3750000e+02;2.0683214e-01;1.3750000e+02;2.3549825e-01;1.3750000e+02;2.1545394e-01;1.3750000e+02;1.9050658e-01;1.3750000e+02;2.2938356e-01;1.3750000e+02;1.9575176e-01;1.3750000e+02;1.4548923e-01;1.3750000e+02;9.1351613e-02;1.3750000e+02;4.7091611e-02;1.3750000e+02;-1.5968308e-03;1.3750000e+02;-4.2896613e-02;1.3750000e+02;-8.5518450e-02;1.3750000e+02;-1.3221514e-01;1.3750000e+02;-7.6133907e-02;1.3750000e+02;-5.8825284e-02;1.3750000e+02;-1.3046958e-02;1.3750000e+02;5.1937934e-02;1.3750000e+02;1.3168229e-01;1.3750000e+02;2.0683214e-01;1.3750000e+02;2.3549825e-01;1.3750000e+02;2.1545394e-01;1.3750000e+02;1.9050658e-01;1.3750000e+02;2.2938356e-01;1.3750000e+02;1.9575176e-01;1.3750000e+02;1.4548923e-01;1.3750000e+02;9.1351613e-02;1.3750000e+02;4.7091611e-02;1.3750000e+02;-1.5968308e-03;1.3750000e+02;-4.2896613e-02;1.3750000e+02;-8.5518450e-02;1.3750000e+02;-1.3221514e-01;1.3750000e+02;-7.6133907e-02;1.3750000e+02;-5.8825284e-02;1.3750000e+02;-1.3046958e-02;1.3750000e+02;5.1937934e-02;1.3750000e+02;1.3168229e-01;1.3750000e+02;2.0683214e-01;1.3750000e+02;2.3549825e-01;1.3750000e+02;2.1545394e-01;1.3750000e+02;1.9050658e-01;1.3750000e+02;2.2938356e-01;1.3750000e+02;1.9575176e-01;1.3750000e+02;1.4548923e-01;1.3750000e+02;9.1351613e-02;1.3750000e+02;4.7091611e-02;1.3750000e+02;-1.5968308e-03;1.3750000e+02;-4.2896613e-02;1.3750000e+02;-8.5518450e-02;1.3750000e+02;-1.3221514e-01;1.3750000e+02;-7.6133907e-02;1.3750000e+02;-5.8825284e-02;1.3750000e+02;-1.3046958e-02;1.3750000e+02;5.1937934e-02;1.3750000e+02;1.3168229e-01;1.3750000e+02;2.0683214e-01;1.3750000e+02;2.3549825e-01;1.3750000e+02;2.1545394e-01;1.3750000e+02;1.9050658e-01;1.3750000e+02;2.2938356e-01;1.3750000e+02;1.9575176e-01;1.3750000e+02;1.4548923e-01;1.3750000e+02;9.1351613e-02;1.3750000e+02;4.7091611e-02;1.3750000e+02;-1.5968308e-03;1.3750000e+02;-4.2896613e-02;1.3750000e+02;-8.5518450e-02;1.3750000e+02;-1.3221514e-01;1.3750000e+02;-7.6133907e-02;1.3750000e+02;-5.8825284e-02;1.3750000e+02;-1.3046958e-02;1.3750000e+02;5.1937934e-02;1.3750000e+02;1.3168229e-01;1.3750000e+02;2.0683214e-01;1.3750000e+02;2.3549825e-01;1.3750000e+02;2.1545394e-01;1.3750000e+02;1.9050658e-01;1.3750000e+02;2.2938356e-01;1.3750000e+02;1.9575176e-01;1.3750000e+02;1.4548923e-01;1.3750000e+02;9.1351613e-02;1.3750000e+02;4.7091611e-02;1.3750000e+02;-1.5968308e-03;1.3750000e+02;-4.2896613e-02;1.3750000e+02;-8.5518450e-02;1.3750000e+02;-1.3221514e-01;1.3750000e+02;-7.6133907e-02;1.3750000e+02;-5.8825284e-02;1.3750000e+02;-1.3046958e-02;1.3750000e+02;5.1937934e-02;1.3750000e+02;1.3168229e-01;1.3750000e+02;2.0683214e-01;1.3750000e+02;2.3549825e-01;1.3750000e+02;2.1545394e-01;1.3750000e+02;1.9050658e-01;1.3750000e+02;2.2938356e-01;1.3750000e+02;1.9575176e-01;1.3750000e+02;1.4548923e-01;1.3750000e+02;9.1351613e-02;1.3750000e+02;4.7091611e-02;1.3750000e+02;-1.5968308e-03;1.3750000e+02;-4.2896613e-02;1.3750000e+02;-8.5518450e-02;1.3750000e+02;-1.3221514e-01;1.3750000e+02;-7.6133907e-02;1.3750000e+02;-5.8825284e-02;1.3750000e+02;-1.3046958e-02;1.3750000e+02;5.1937934e-02;1.3750000e+02;1.3168229e-01;1.3750000e+02;2.0683214e-01;1.3750000e+02;2.3549825e-01;1.3750000e+02;2.1545394e-01;1.3750000e+02;1.9050658e-01;1.3750000e+02;2.2938356e-01;1.3750000e+02;1.9575176e-01;1.3750000e+02;1.4548923e-01;1.3750000e+02;9.1351613e-02;1.3750000e+02;4.7091611e-02;1.3750000e+02;-1.5968308e-03;1.3750000e+02;-4.2896613e-02;1.3750000e+02;-8.5518450e-02;1.3750000e+02;-1.3221514e-01;1.3750000e+02;-7.6133907e-02;1.3750000e+02;-5.8825284e-02;1.3750000e+02;-1.3046958e-02;1.3750000e+02;5.1937934e-02;1.3750000e+02;1.3168229e-01;1.3750000e+02;2.0683214e-01;1.3750000e+02;2.3549825e-01;1.3750000e+02;2.1545394e-01;1.3750000e+02;1.9050658e-01;1.3750000e+02;2.2938356e-01;1.3750000e+02;1.9575176e-01;1.3750000e+02;1.4548923e-01;1.3750000e+02;9.1351613e-02;1.3750000e+02;4.7091611e-02;1.3750000e+02;-1.5968308e-03;1.3750000e+02;-4.2896613e-02;1.3750000e+02;-8.5518450e-02;1.3750000e+02;-1.3221514e-01;1.3750000e+02;-7.6133907e-02;1.3750000e+02;-5.8825284e-02;1.3750000e+02;-1.3046958e-02;1.3750000e+02;5.1937934e-02;1.3750000e+02;1.3168229e-01;1.3750000e+02;2.0683214e-01;1.3750000e+02;2.3549825e-01;1.3750000e+02;2.1545394e-01;1.3750000e+02;1.9050658e-01;1.3750000e+02;2.2938356e-01;1.3750000e+02;1.9575176e-01;1.3750000e+02;1.4548923e-01;1.3750000e+02;9.1351613e-02;1.3750000e+02;4.7091611e-02;1.3750000e+02;-1.5968308e-03;1.3750000e+02;-4.2896613e-02;1.3750000e+02;-8.5518450e-02;1.3750000e+02;-1.3221514e-01;1.3750000e+02;-7.6133907e-02;1.3750000e+02;-5.8825284e-02;1.3750000e+02;-1.3046958e-02;1.3750000e+02;5.1937934e-02;1.3750000e+02;1.3168229e-01;1.3750000e+02;2.0683214e-01;1.3750000e+02;2.3549825e-01;1.3750000e+02;2.1545394e-01;1.3750000e+02;1.9050658e-01;1.3750000e+02;2.2938356e-01;1.3750000e+02;1.9575176e-01;1.3750000e+02;1.4548923e-01;1.3750000e+02;9.1351613e-02;1.3750000e+02;4.7091611e-02;1.3750000e+02;-1.5968308e-03;1.3750000e+02;-4.2896613e-02;1.3750000e+02;-8.5518450e-02;1.3750000e+02;-1.3221514e-01;1.3750000e+02;-7.6133907e-02;1.3750000e+02;-5.8825284e-02;1.3750000e+02;-1.3046958e-02;1.3750000e+02;5.1937934e-02;1.3750000e+02;1.3168229e-01;1.3750000e+02;2.0683214e-01;1.3750000e+02;2.3549825e-01;1.3750000e+02;2.1545394e-01;1.3750000e+02;1.9050658e-01;1.3750000e+02;2.2938356e-01;1.3750000e+02;1.9575176e-01;1.3750000e+02;1.4548923e-01;1.3750000e+02;9.1351613e-02;1.3750000e+02;4.7091611e-02;1.3750000e+02;-1.5968308e-03;1.3750000e+02;-4.2896613e-02;1.3750000e+02;-8.5518450e-02;1.3750000e+02;-1.3221514e-01;1.3750000e+02;-7.6133907e-02;1.3750000e+02;-5.8825284e-02;1.3750000e+02;-1.3046958e-02;1.3750000e+02;5.1937934e-02;1.3750000e+02;1.3168229e-01;1.3750000e+02;2.0683214e-01;1.3750000e+02;2.3549825e-01;1.3750000e+02;2.1545394e-01;1.3750000e+02;1.9050658e-01;1.3750000e+02;2.2938356e-01;1.3750000e+02;1.9575176e-01;1.3750000e+02;1.4548923e-01;1.3750000e+02;9.1351613e-02;1.3750000e+02;4.7091611e-02;1.3750000e+02;-1.5968308e-03;1.3750000e+02;-4.2896613e-02;1.3750000e+02;-8.5518450e-02;1.3750000e+02;-1.3221514e-01;1.3750000e+02;-7.6133907e-02;1.3750000e+02;-5.8825284e-02;1.3750000e+02;-1.3046958e-02;1.3750000e+02;5.1937934e-02;1.3750000e+02;1.3168229e-01;1.3750000e+02;2.0683214e-01;1.3750000e+02;2.3549825e-01;1.3750000e+02;2.1545394e-01;1.3750000e+02;1.9050658e-01;1.3750000e+02;2.2938356e-01;1.3750000e+02;1.9575176e-01;1.3750000e+02;1.4548923e-01;1.3750000e+02;9.1351613e-02;1.3750000e+02;4.7091611e-02;1.3750000e+02;-1.5968308e-03;1.3750000e+02;-4.2896613e-02;1.3750000e+02;-8.5518450e-02;1.3750000e+02;-1.3221514e-01;1.3750000e+02;-7.6133907e-02;1.3750000e+02;-5.8825284e-02;1.3750000e+02;-1.3046958e-02;1.3750000e+02;5.1937934e-02;1.3750000e+02;1.3168229e-01;1.3750000e+02;2.0683214e-01;1.3750000e+02;2.3549825e-01;1.3750000e+02;2.1545394e-01;1.3750000e+02;1.9050658e-01;1.3750000e+02;2.2938356e-01;1.3750000e+02;1.9575176e-01;1.3750000e+02;1.4548923e-01;1.3750000e+02;9.1351613e-02;1.3750000e+02;4.7091611e-02;1.3750000e+02;-1.5968308e-03;1.3750000e+02;-4.2896613e-02;1.3750000e+02;-8.5518450e-02;1.3750000e+02;-1.3221514e-01;1.3750000e+02;-7.6133907e-02;1.3750000e+02;-5.8825284e-02;1.3750000e+02;-1.3046958e-02;1.3750000e+02;5.1937934e-02;1.3750000e+02;1.3168229e-01;1.3750000e+02;2.0683214e-01;1.3750000e+02;2.3549825e-01;1.3750000e+02;2.1545394e-01;1.3750000e+02;1.9050658e-01;1.3750000e+02;2.2938356e-01;1.3750000e+02;1.9575176e-01;1.3750000e+02;1.4548923e-01;1.3750000e+02;9.1351613e-02;1.3750000e+02;4.7091611e-02;1.3750000e+02;-1.5968308e-03;1.3750000e+02;-4.2896613e-02;1.3750000e+02;-8.5518450e-02;1.3750000e+02;-1.3221514e-01;1.3750000e+02;-7.6133907e-02;1.3750000e+02;-5.8825284e-02;1.3750000e+02;-1.3046958e-02;1.3750000e+02;5.1937934e-02;1.3750000e+02;1.3168229e-01;1.3750000e+02;2.0683214e-01;1.3750000e+02;2.3549825e-01;1.3750000e+02;2.1545394e-01;1.3750000e+02;1.9050658e-01;1.3750000e+02;2.2938356e-01;1.3750000e+02;1.9575176e-01;1.3750000e+02;1.4548923e-01;1.3750000e+02;9.1351613e-02;1.3750000e+02;4.7091611e-02;1.3750000e+02;-1.5968308e-03;1.3750000e+02;-4.2896613e-02;1.3750000e+02;-8.5518450e-02;1.3750000e+02;-1.3221514e-01;1.3750000e+02;-7.6133907e-02;1.3750000e+02;-5.8825284e-02;1.3750000e+02;-1.3046958e-02;1.3750000e+02;5.1937934e-02;1.3750000e+02;1.3168229e-01;1.3750000e+02;2.0683214e-01;1.3750000e+02;2.3549825e-01;1.3750000e+02;2.1545394e-01;1.3750000e+02;1.9050658e-01;1.3750000e+02;2.2938356e-01;1.3750000e+02;1.9575176e-01;1.3750000e+02;1.4548923e-01;1.3750000e+02;9.1351613e-02;1.3750000e+02;4.7091611e-02;1.3750000e+02;-1.5968308e-03;1.3750000e+02;-4.2896613e-02;1.3750000e+02;-8.5518450e-02;1.3750000e+02;-1.3221514e-01;1.3750000e+02;-7.6133907e-02;1.3750000e+02;-5.8825284e-02;1.3750000e+02;-1.3046958e-02;1.3750000e+02;5.1937934e-02;1.3750000e+02;1.3168229e-01;1.3750000e+02;2.0683214e-01;1.3750000e+02;2.3549825e-01;1.3750000e+02;2.1545394e-01;1.3750000e+02;1.9050658e-01;1.3750000e+02;2.2938356e-01;1.3750000e+02;1.9575176e-01;1.3750000e+02;1.4548923e-01;1.3750000e+02;9.1351613e-02;1.3750000e+02;4.7091611e-02;1.3750000e+02;-1.5968308e-03;1.3750000e+02;-4.2896613e-02;1.3750000e+02;-8.5518450e-02;1.3750000e+02;-1.3221514e-01;1.3750000e+02;-7.6133907e-02;1.3750000e+02;-5.8825284e-02;1.3750000e+02;-1.3046958e-02;1.3750000e+02;5.1937934e-02;1.3750000e+02;1.3168229e-01;1.3750000e+02;2.0683214e-01;1.3750000e+02;2.3549825e-01;1.3750000e+02;2.1545394e-01;1.3750000e+02;1.9050658e-01;1.3750000e+02;2.2938356e-01;1.3750000e+02;1.9575176e-01;1.3750000e+02;1.4548923e-01;1.3750000e+02;9.1351613e-02;1.3750000e+02;4.7091611e-02;1.3750000e+02;-1.5968308e-03;1.3750000e+02;-4.2896613e-02;1.3750000e+02;-8.5518450e-02;1.3750000e+02;-1.3221514e-01;1.3750000e+02;-7.6133907e-02;1.3750000e+02;-5.8825284e-02;1.3750000e+02;-1.3046958e-02;1.3750000e+02;5.1937934e-02;1.3750000e+02;1.3168229e-01;1.3750000e+02;2.0683214e-01;1.3750000e+02;2.3549825e-01;1.3750000e+02;2.1545394e-01;1.3750000e+02;1.9050658e-01;1.3750000e+02;2.2938356e-01;1.3750000e+02;1.9575176e-01;1.3750000e+02;1.4548923e-01;1.3750000e+02;9.1351613e-02;1.3750000e+02;4.7091611e-02;1.3750000e+02;-1.5968308e-03;1.3750000e+02;-4.2896613e-02;1.3750000e+02;-8.5518450e-02;1.3750000e+02;-1.3221514e-01;1.3750000e+02;-7.6133907e-02;1.3750000e+02;-5.8825284e-02;1.3750000e+02;-1.3046958e-02;1.3750000e+02;5.1937934e-02;1.3750000e+02;1.3168229e-01;1.3750000e+02;2.0683214e-01;1.3750000e+02;2.3549825e-01;1.3750000e+02;2.1545394e-01;1.3750000e+02;1.9050658e-01;1.3750000e+02;2.2938356e-01;1.3750000e+02;1.9575176e-01;1.3750000e+02;1.4548923e-01;1.3750000e+02;9.1351613e-02;1.3750000e+02;4.7091611e-02;1.3750000e+02;-1.5968308e-03;1.3750000e+02;-4.2896613e-02;1.3750000e+02;-8.5518450e-02;1.3750000e+02;-1.3221514e-01;1.3750000e+02;-7.6133907e-02;1.3750000e+02;-5.8825284e-02;1.3750000e+02;-1.3046958e-02;1.3750000e+02;5.1937934e-02;1.3750000e+02;1.3168229e-01;1.3750000e+02;2.0683214e-01;1.3750000e+02;2.3549825e-01;1.3750000e+02;2.1545394e-01;1.3750000e+02;1.9050658e-01;1.3750000e+02;2.2938356e-01;1.3750000e+02;1.9575176e-01;1.3750000e+02;1.4548923e-01;1.3750000e+02;9.1351613e-02;1.3750000e+02;4.7091611e-02;1.3750000e+02;-1.5968308e-03;1.3750000e+02;-4.2896613e-02;1.3750000e+02;-8.5518450e-02;1.3750000e+02;-1.3221514e-01;1.3750000e+02;-7.6133907e-02;1.3750000e+02;-5.8825284e-02;1.3750000e+02;-1.3046958e-02;1.3750000e+02;5.1937934e-02;1.3750000e+02;1.3168229e-01;1.3750000e+02;2.0683214e-01;1.3750000e+02;2.3549825e-01;1.3750000e+02;2.1545394e-01;1.3750000e+02;1.9050658e-01;1.3750000e+02;2.2938356e-01;1.3750000e+02;1.9575176e-01;1.3750000e+02;1.4548923e-01;1.3750000e+02;9.1351613e-02;1.3750000e+02;4.7091611e-02;1.3750000e+02;-1.5968308e-03;1.3750000e+02;-4.2896613e-02;1.3750000e+02;-8.5518450e-02;1.3750000e+02;-1.3221514e-01;1.3750000e+02;-7.6133907e-02;1.3750000e+02;-5.8825284e-02;1.3750000e+02;-1.3046958e-02;1.3750000e+02;5.1937934e-02;1.3750000e+02;1.3168229e-01;1.3750000e+02;2.0683214e-01;1.3750000e+02;2.3549825e-01;1.3750000e+02;2.1545394e-01;1.3750000e+02;1.9050658e-01;1.3750000e+02;2.2938356e-01;1.3750000e+02;1.9575176e-01;1.3750000e+02;1.4548923e-01;1.3750000e+02;9.1351613e-02;1.3750000e+02;4.7091611e-02;1.3750000e+02;-1.5968308e-03;1.3750000e+02;-4.2896613e-02;1.3750000e+02;-8.5518450e-02;1.3750000e+02;-1.3221514e-01;1.3750000e+02;-7.6133907e-02;1.3750000e+02;-5.8825284e-02;1.3750000e+02;-1.3046958e-02;1.3750000e+02;5.1937934e-02;1.3750000e+02;1.3168229e-01;1.3750000e+02;2.0683214e-01;1.3750000e+02;2.3549825e-01;1.3750000e+02;2.1545394e-01;1.3750000e+02;1.9050658e-01;1.3750000e+02;2.2938356e-01;1.3750000e+02;1.9575176e-01;1.3750000e+02;1.4548923e-01;1.3750000e+02;9.1351613e-02;1.3750000e+02;4.7091611e-02;1.3750000e+02;-1.5968308e-03;1.3750000e+02;-4.2896613e-02;1.3750000e+02;-8.5518450e-02;1.3750000e+02;-1.3221514e-01;1.3750000e+02;-7.6133907e-02;1.3750000e+02;-5.8825284e-02;1.3750000e+02;-1.3046958e-02;1.3750000e+02;5.1937934e-02;1.3750000e+02;1.3168229e-01;1.3750000e+02;2.0683214e-01;1.3750000e+02;2.3549825e-01;1.3750000e+02;2.1545394e-01;1.3750000e+02;1.9050658e-01;1.3750000e+02;2.2938356e-01;1.3750000e+02;1.9575176e-01;1.3750000e+02;1.4548923e-01;1.3750000e+02;9.1351613e-02;1.3750000e+02;4.7091611e-02;1.3750000e+02;-1.5968308e-03;1.3750000e+02;-4.2896613e-02;1.3750000e+02;-8.5518450e-02;1.3750000e+02;-1.3221514e-01;1.3750000e+02;-7.6133907e-02;1.3750000e+02;-5.8825284e-02;1.3750000e+02;-1.3046958e-02;1.3750000e+02;5.1937934e-02;1.3750000e+02;1.3168229e-01;1.3750000e+02;2.0683214e-01;1.3750000e+02;2.3549825e-01;1.3750000e+02;2.1545394e-01;1.3750000e+02;1.9050658e-01;1.3750000e+02;2.2938356e-01;1.3750000e+02;1.9575176e-01;1.3750000e+02;1.4548923e-01;1.3750000e+02;9.1351613e-02;1.3750000e+02;4.7091611e-02;1.3750000e+02;-1.5968308e-03;1.3750000e+02;-4.2896613e-02;1.3750000e+02;-8.5518450e-02;1.3750000e+02;-1.3221514e-01;1.3750000e+02;-7.6133907e-02;1.3750000e+02;-5.8825284e-02;1.3750000e+02;-1.3046958e-02;1.3750000e+02;5.1937934e-02;1.3750000e+02;1.3168229e-01;1.3750000e+02;2.0683214e-01;1.3750000e+02;2.3549825e-01;1.3750000e+02;2.1545394e-01;1.3750000e+02;1.9050658e-01;1.3750000e+02;2.2938356e-01;1.3750000e+02;1.9575176e-01;1.3750000e+02;1.4548923e-01;1.3750000e+02;9.1351613e-02;1.3750000e+02;4.7091611e-02;1.3750000e+02;-1.5968308e-03;1.3750000e+02;-4.2896613e-02;1.3750000e+02;-8.5518450e-02;1.3750000e+02;-1.3221514e-01;1.3750000e+02;-7.6133907e-02;1.3750000e+02;-5.8825284e-02;1.3750000e+02;-1.3046958e-02;1.3750000e+02;5.1937934e-02;1.3750000e+02;1.3168229e-01;1.3750000e+02;2.0683214e-01;1.3750000e+02;2.3549825e-01;1.3750000e+02;2.1545394e-01;1.3750000e+02;1.9050658e-01;1.3750000e+02;2.2938356e-01;1.3750000e+02;1.9575176e-01;1.3750000e+02;1.4548923e-01;1.3750000e+02;9.1351613e-02;1.3750000e+02;4.7091611e-02;1.3750000e+02;-1.5968308e-03;1.3750000e+02;-4.2896613e-02;1.3750000e+02;-8.5518450e-02;1.3750000e+02;-1.3221514e-01;1.3750000e+02;-7.6133907e-02;1.3750000e+02;-5.8825284e-02;1.3750000e+02;-1.3046958e-02;1.3750000e+02;5.1937934e-02;1.3750000e+02;1.3168229e-01;1.3750000e+02;2.0683214e-01;1.3750000e+02;2.3549825e-01;1.3750000e+02;2.1545394e-01;1.3750000e+02;1.9050658e-01;1.3750000e+02;2.2938356e-01;1.3750000e+02;1.9575176e-01;1.3750000e+02;1.4548923e-01;1.3750000e+02;9.1351613e-02;1.3750000e+02;4.7091611e-02;1.3750000e+02;-1.5968308e-03;1.3750000e+02;-4.2896613e-02;1.3750000e+02;-8.5518450e-02;1.3750000e+02;-1.3221514e-01;1.3750000e+02;-7.6133907e-02;1.3750000e+02;-5.8825284e-02;1.3750000e+02;-1.3046958e-02;1.3750000e+02;5.1937934e-02;1.3750000e+02;1.3168229e-01;1.3750000e+02;2.0683214e-01;1.3750000e+02;2.3549825e-01;1.3750000e+02;2.1545394e-01;1.3750000e+02;1.9050658e-01;1.3750000e+02;2.2938356e-01;1.3750000e+02;1.9575176e-01;1.3750000e+02;1.4548923e-01;1.3750000e+02;9.1351613e-02;1.3750000e+02;4.7091611e-02;1.3750000e+02;-1.5968308e-03;1.3750000e+02;-4.2896613e-02;1.3750000e+02;-8.5518450e-02;1.3750000e+02;-1.3221514e-01;1.3750000e+02;-7.6133907e-02;1.3750000e+02;-5.8825284e-02;1.3750000e+02;-1.3046958e-02;1.3750000e+02;5.1937934e-02;1.3750000e+02;1.3168229e-01;1.3750000e+02;2.0683214e-01;1.3750000e+02;2.3549825e-01;1.3750000e+02;2.1545394e-01;1.3750000e+02;1.9050658e-01;1.3750000e+02;2.2938356e-01;1.3750000e+02;1.9575176e-01;1.3750000e+02;1.4548923e-01;1.3750000e+02;9.1351613e-02;1.3750000e+02;4.7091611e-02;1.3750000e+02;-1.5968308e-03;1.3750000e+02;-4.2896613e-02;1.3750000e+02;-8.5518450e-02;1.3750000e+02;-1.3221514e-01;1.3750000e+02;-7.6133907e-02;1.3750000e+02;-5.8825284e-02;1.3750000e+02;-1.3046958e-02;1.3750000e+02;5.1937934e-02;1.3750000e+02;1.3168229e-01;1.3750000e+02;2.0683214e-01;1.3750000e+02;2.3549825e-01;1.3750000e+02;2.1545394e-01;1.3750000e+02;1.9050658e-01;1.3750000e+02;2.2938356e-01;1.3750000e+02;1.9575176e-01;1.3750000e+02;1.4548923e-01;1.3750000e+02;9.1351613e-02;1.3750000e+02;4.7091611e-02;1.3750000e+02;-1.5968308e-03;1.3750000e+02;-4.2896613e-02;1.3750000e+02;-8.5518450e-02;1.3750000e+02;-1.3221514e-01;1.3750000e+02;-7.6133907e-02;1.3750000e+02;-5.8825284e-02;1.3750000e+02;-1.3046958e-02;1.3750000e+02;5.1937934e-02;1.3750000e+02;1.3168229e-01;1.3750000e+02;2.0683214e-01;1.3750000e+02;2.3549825e-01;1.3750000e+02;2.1545394e-01;1.3750000e+02;1.9050658e-01;1.3750000e+02;2.2938356e-01;1.3750000e+02;1.9575176e-01;1.3750000e+02;1.4548923e-01;1.3750000e+02;9.1351613e-02;1.3750000e+02;4.7091611e-02;1.3750000e+02;-1.5968308e-03;1.3750000e+02;-4.2896613e-02;1.3750000e+02;-8.5518450e-02;1.3750000e+02;-1.3221514e-01;1.3750000e+02;-7.6133907e-02;1.3750000e+02;-5.8825284e-02;1.3750000e+02;-1.3046958e-02;1.3750000e+02;5.1937934e-02;1.3750000e+02;1.3168229e-01;1.3750000e+02;2.0683214e-01;1.3750000e+02;2.3549825e-01;1.3750000e+02;2.1545394e-01;1.3750000e+02;1.9050658e-01;1.3750000e+02;2.2938356e-01;1.3750000e+02;1.9575176e-01;1.3750000e+02;1.4548923e-01;1.3750000e+02;9.1351613e-02;1.3750000e+02;4.7091611e-02;1.3750000e+02;-1.5968308e-03;1.3750000e+02;-4.2896613e-02;1.3750000e+02;-8.5518450e-02;1.3750000e+02;-1.3221514e-01;1.3750000e+02;-7.6133907e-02;1.3750000e+02;-5.8825284e-02;1.3750000e+02;-1.3046958e-02;1.3750000e+02;5.1937934e-02;1.3750000e+02;1.3168229e-01;1.3750000e+02;2.0683214e-01;1.3750000e+02;2.3549825e-01;1.3750000e+02;2.1545394e-01;1.3750000e+02;1.9050658e-01;1.3750000e+02;2.2938356e-01;1.3750000e+02;1.9575176e-01;1.3750000e+02;1.4548923e-01;1.3750000e+02;9.1351613e-02;1.3750000e+02;4.7091611e-02;1.3750000e+02;-1.5968308e-03;1.3750000e+02;-4.2896613e-02;1.3750000e+02;-8.5518450e-02;1.3750000e+02;-1.3221514e-01;1.3750000e+02;-7.6133907e-02;1.3750000e+02;-5.8825284e-02;1.3750000e+02;-1.3046958e-02;1.3750000e+02;5.1937934e-02;1.3750000e+02;1.3168229e-01;1.3750000e+02;2.0683214e-01;1.3750000e+02;2.3549825e-01;1.3750000e+02;2.1545394e-01;1.3750000e+02;1.9050658e-01;1.3750000e+02;2.2938356e-01;1.3750000e+02;1.9575176e-01;1.3750000e+02;1.4548923e-01;1.3750000e+02;9.1351613e-02;1.3750000e+02;4.7091611e-02;1.3750000e+02;-1.5968308e-03;1.3750000e+02;-4.2896613e-02;1.3750000e+02;-8.5518450e-02;1.3750000e+02;-1.3221514e-01;1.3750000e+02;-7.6133907e-02;1.3750000e+02;-5.8825284e-02;1.3750000e+02;-1.3046958e-02;1.3750000e+02;5.1937934e-02;1.3750000e+02;1.3168229e-01;1.3750000e+02;2.0683214e-01;1.3750000e+02;2.3549825e-01;1.3750000e+02;2.1545394e-01;1.3750000e+02;1.9050658e-01;1.3750000e+02;2.2938356e-01;1.3750000e+02;1.9575176e-01;1.3750000e+02;1.4548923e-01;1.3750000e+02;9.1351613e-02;1.3750000e+02;4.7091611e-02;1.3750000e+02;-1.5968308e-03;1.3750000e+02;-4.2896613e-02;1.3750000e+02;-8.5518450e-02;1.3750000e+02;-1.3221514e-01;1.3750000e+02;-7.6133907e-02;1.3750000e+02;-5.8825284e-02;1.3750000e+02;-1.3046958e-02;1.3750000e+02;5.1937934e-02;1.3750000e+02;1.3168229e-01;1.3750000e+02;2.0683214e-01;1.3750000e+02;2.3549825e-01;1.3750000e+02;2.1545394e-01;1.3750000e+02;1.9050658e-01;1.3750000e+02;2.2938356e-01;1.3750000e+02;1.9575176e-01;1.3750000e+02;1.4548923e-01;1.3750000e+02;9.1351613e-02;1.3750000e+02;4.7091611e-02;1.3750000e+02;-1.5968308e-03;1.3750000e+02;-4.2896613e-02;1.3750000e+02;-8.5518450e-02;1.3750000e+02;-1.3221514e-01;1.3750000e+02;-7.6133907e-02;1.3750000e+02;-5.8825284e-02;1.3750000e+02;-1.3046958e-02;1.3750000e+02;5.1937934e-02;1.3750000e+02;1.3168229e-01;1.3750000e+02;2.0683214e-01;1.3750000e+02;2.3549825e-01;1.3750000e+02;2.1545394e-01;1.3750000e+02;1.9050658e-01;1.3750000e+02;2.2938356e-01;1.3750000e+02;1.9575176e-01;1.3750000e+02;1.4548923e-01;1.3750000e+02;9.1351613e-02;1.3750000e+02;4.7091611e-02;1.3750000e+02;-1.5968308e-03;1.3750000e+02;-4.2896613e-02;1.3750000e+02;-8.5518450e-02;1.3750000e+02;-1.3221514e-01;1.3750000e+02;-7.6133907e-02;1.3750000e+02;-5.8825284e-02;1.3750000e+02;-1.3046958e-02;1.3750000e+02;5.1937934e-02;1.3750000e+02;1.3168229e-01;1.3750000e+02;2.0683214e-01;1.3750000e+02;2.3549825e-01;1.3750000e+02;2.1545394e-01;1.3750000e+02;1.9050658e-01;1.3750000e+02;2.2938356e-01;1.3750000e+02;1.9575176e-01;1.3750000e+02;1.4548923e-01;1.3750000e+02;9.1351613e-02;1.3750000e+02;4.7091611e-02;1.3750000e+02;-1.5968308e-03;1.3750000e+02;-4.2896613e-02;1.3750000e+02;-8.5518450e-02;1.3750000e+02;-1.3221514e-01;1.3750000e+02;-7.6133907e-02;1.3750000e+02;-5.8825284e-02;1.3750000e+02;-1.3046958e-02;1.3750000e+02;5.1937934e-02;1.3750000e+02;1.3168229e-01;1.3750000e+02;2.0683214e-01;1.3750000e+02;2.3549825e-01;1.3750000e+02;2.1545394e-01;1.3750000e+02;1.9050658e-01;1.3750000e+02;2.2938356e-01;1.3750000e+02;1.9575176e-01;1.3750000e+02;1.4548923e-01;1.3750000e+02;9.1351613e-02;1.3750000e+02;4.7091611e-02;1.3750000e+02;-1.5968308e-03;1.3750000e+02;-4.2896613e-02;1.3750000e+02;-8.5518450e-02;1.3750000e+02;-1.3221514e-01;1.3750000e+02;-7.6133907e-02;1.3750000e+02;-5.8825284e-02;1.3750000e+02;-1.3046958e-02;1.3750000e+02;5.1937934e-02;1.3750000e+02;1.3168229e-01;1.3750000e+02;2.0683214e-01;1.3750000e+02;2.3549825e-01;1.3750000e+02;2.1545394e-01;1.3750000e+02;1.9050658e-01;1.3750000e+02;2.2938356e-01;1.3750000e+02;1.9575176e-01;1.3750000e+02;1.4548923e-01;1.3750000e+02;9.1351613e-02;1.3750000e+02;4.7091611e-02;1.3750000e+02;-1.5968308e-03;1.3750000e+02;-4.2896613e-02;1.3750000e+02;-8.5518450e-02;1.3750000e+02;-1.3221514e-01;1.3750000e+02;-7.6133907e-02;1.3750000e+02;-5.8825284e-02;1.3750000e+02;-1.3046958e-02;1.3750000e+02;5.1937934e-02;1.3750000e+02;1.3168229e-01;1.3750000e+02;2.0683214e-01;1.3750000e+02;2.3549825e-01;1.3750000e+02;2.1545394e-01;1.3750000e+02;1.9050658e-01;1.3750000e+02;2.2938356e-01;1.3750000e+02;1.9575176e-01;1.3750000e+02;1.4548923e-01;1.3750000e+02;9.1351613e-02;1.3750000e+02;4.7091611e-02;1.3750000e+02;-1.5968308e-03;1.3750000e+02;-4.2896613e-02;1.3750000e+02;-8.5518450e-02;1.3750000e+02;-1.3221514e-01;1.3750000e+02;-7.6133907e-02;1.3750000e+02;-5.8825284e-02;1.3750000e+02;-1.3046958e-02;1.3750000e+02;5.1937934e-02;1.3750000e+02;1.3168229e-01;1.3750000e+02;2.0683214e-01;1.3750000e+02;2.3549825e-01;1.3750000e+02;2.1545394e-01;1.3750000e+02;1.9050658e-01;1.3750000e+02;2.2938356e-01;1.3750000e+02;1.9575176e-01;1.3750000e+02;1.4548923e-01;1.3750000e+02;9.1351613e-02;1.3750000e+02;4.7091611e-02;1.3750000e+02;-1.5968308e-03;1.3750000e+02;-4.2896613e-02;1.3750000e+02;-8.5518450e-02;1.3750000e+02;-1.3221514e-01;1.3750000e+02;-7.6133907e-02;1.3750000e+02;-5.8825284e-02;1.3750000e+02;-1.3046958e-02;1.3750000e+02;5.1937934e-02;1.3750000e+02;1.3168229e-01;1.3750000e+02;2.0683214e-01;1.3750000e+02;2.3549825e-01;1.3750000e+02;2.1545394e-01;1.3750000e+02;1.9050658e-01;1.3750000e+02;2.2938356e-01;1.3750000e+02;1.9575176e-01;1.3750000e+02;1.4548923e-01;1.3750000e+02;9.1351613e-02;1.3750000e+02;4.7091611e-02;1.3750000e+02;-1.5968308e-03;1.3750000e+02;-4.2896613e-02;1.3750000e+02;-8.5518450e-02;1.3750000e+02;-1.3221514e-01;1.3750000e+02;-7.6133907e-02;1.3750000e+02;-5.8825284e-02;1.3750000e+02;-1.3046958e-02;1.3750000e+02;5.1937934e-02;1.3750000e+02;1.3168229e-01;1.3750000e+02;2.0683214e-01;1.3750000e+02;2.3549825e-01;1.3750000e+02;2.1545394e-01;1.3750000e+02;1.9050658e-01;1.3750000e+02;2.2938356e-01;1.3750000e+02;1.9575176e-01;1.3750000e+02;1.4548923e-01;1.3750000e+02;9.1351613e-02;1.3750000e+02;4.7091611e-02;1.3750000e+02;-1.5968308e-03;1.3750000e+02;-4.2896613e-02;1.3750000e+02;-8.5518450e-02;1.3750000e+02;-1.3221514e-01;1.3750000e+02;-7.6133907e-02;1.3750000e+02;-5.8825284e-02;1.3750000e+02;-1.3046958e-02;1.3750000e+02;5.1937934e-02;1.3750000e+02;1.3168229e-01;1.3750000e+02;2.0683214e-01;1.3750000e+02;2.3549825e-01;1.3750000e+02;2.1545394e-01;1.3750000e+02;1.9050658e-01;1.3750000e+02;2.2938356e-01;1.3750000e+02;1.9575176e-01;1.3750000e+02;1.4548923e-01;1.3750000e+02;9.1351613e-02;1.3750000e+02;4.7091611e-02;1.3750000e+02;-1.5968308e-03;1.3750000e+02;-4.2896613e-02;1.3750000e+02;-8.5518450e-02;1.3750000e+02;-1.3221514e-01;1.3750000e+02;-7.6133907e-02;1.3750000e+02;-5.8825284e-02;1.3750000e+02;-1.3046958e-02;1.3750000e+02;5.1937934e-02;1.3750000e+02;1.3168229e-01;1.3750000e+02;2.0683214e-01;1.3750000e+02;2.3549825e-01;1.3750000e+02;2.1545394e-01;1.3750000e+02;1.9050658e-01;1.3750000e+02;2.2938356e-01;1.3750000e+02;1.9575176e-01;1.3750000e+02;1.4548923e-01;1.3750000e+02;9.1351613e-02;1.3750000e+02;4.7091611e-02;1.3750000e+02;-1.5968308e-03;1.3750000e+02;-4.2896613e-02;1.3750000e+02;-8.5518450e-02;1.3750000e+02;-1.3221514e-01;1.3750000e+02;-7.6133907e-02;1.3750000e+02;-5.8825284e-02;1.3750000e+02;-1.3046958e-02;1.3750000e+02;5.1937934e-02;1.3750000e+02;1.3168229e-01;1.3750000e+02;2.0683214e-01;1.3750000e+02;2.3549825e-01;1.3750000e+02;2.1545394e-01;1.3750000e+02;1.9050658e-01;1.3750000e+02;2.2938356e-01;1.3750000e+02;1.9575176e-01;1.3750000e+02;1.4548923e-01;1.3750000e+02;9.1351613e-02;1.3750000e+02;4.7091611e-02;1.3750000e+02;-1.5968308e-03;1.3750000e+02;-4.2896613e-02;1.3750000e+02;-8.5518450e-02;1.3750000e+02;-1.3221514e-01;1.3750000e+02;-7.6133907e-02;1.3750000e+02;-5.8825284e-02;1.3750000e+02;-1.3046958e-02;1.3750000e+02;5.1937934e-02;1.3750000e+02;1.3168229e-01;1.3750000e+02;2.0683214e-01;1.3750000e+02;2.3549825e-01;1.3750000e+02;2.1545394e-01;1.3750000e+02;1.9050658e-01;1.3750000e+02;2.2938356e-01;1.3750000e+02;1.9575176e-01;1.3750000e+02;1.4548923e-01;1.3750000e+02;9.1351613e-02;1.3750000e+02;4.7091611e-02;1.3750000e+02;-1.5968308e-03;1.3750000e+02;-4.2896613e-02;1.3750000e+02;-8.5518450e-02;1.3750000e+02;-1.3221514e-01;1.3750000e+02;-7.6133907e-02;1.3750000e+02;-5.8825284e-02;1.3750000e+02;-1.3046958e-02;1.3750000e+02;5.1937934e-02;1.3750000e+02;1.3168229e-01;1.3750000e+02;2.0683214e-01;1.3750000e+02;2.3549825e-01;1.3750000e+02;2.1545394e-01;1.3750000e+02;1.9050658e-01;1.3750000e+02;2.2938356e-01;1.3750000e+02;1.9575176e-01;1.3750000e+02;1.4548923e-01;1.3750000e+02;9.1351613e-02;1.3750000e+02;4.7091611e-02;1.3750000e+02;-1.5968308e-03;1.3750000e+02;-4.2896613e-02;1.3750000e+02;-8.5518450e-02;1.3750000e+02;-1.3221514e-01;1.3750000e+02;-7.6133907e-02;1.3750000e+02;-5.8825284e-02;1.3750000e+02;-1.3046958e-02;1.3750000e+02;5.1937934e-02;1.3750000e+02;1.3168229e-01;1.3750000e+02;2.0683214e-01;1.3750000e+02;2.3549825e-01;1.3750000e+02;2.1545394e-01;1.3750000e+02;1.9050658e-01;1.3750000e+02;2.2938356e-01;1.3750000e+02;1.9575176e-01;1.3750000e+02;1.4548923e-01;1.3750000e+02;9.1351613e-02;1.3750000e+02;4.7091611e-02;1.3750000e+02;-1.5968308e-03;1.3750000e+02;-4.2896613e-02;1.3750000e+02;-8.5518450e-02;1.3750000e+02;-1.3221514e-01;1.3750000e+02;-7.6133907e-02;1.3750000e+02;-5.8825284e-02;1.3750000e+02;-1.3046958e-02;1.3750000e+02;5.1937934e-02;1.3750000e+02;1.3168229e-01;1.3750000e+02;2.0683214e-01;1.3750000e+02;2.3549825e-01;1.3750000e+02;2.1545394e-01;1.3750000e+02;1.9050658e-01;1.3750000e+02;2.2938356e-01;1.3750000e+02;1.9575176e-01;1.3750000e+02;1.4548923e-01;1.3750000e+02;9.1351613e-02;1.3750000e+02;4.7091611e-02;1.3750000e+02;-1.5968308e-03;1.3750000e+02;-4.2896613e-02;1.3750000e+02;-8.5518450e-02;1.3750000e+02;-1.3221514e-01;1.3750000e+02;-7.6133907e-02;1.3750000e+02;-5.8825284e-02;1.3750000e+02;-1.3046958e-02;1.3750000e+02;5.1937934e-02;1.3750000e+02;1.3168229e-01;1.3750000e+02;2.0683214e-01;1.3750000e+02;2.3549825e-01;1.3750000e+02;2.1545394e-01;1.3750000e+02;1.9050658e-01;1.3750000e+02;2.2938356e-01;1.3750000e+02;1.9575176e-01;1.3750000e+02;1.4548923e-01;1.3750000e+02;9.1351613e-02;1.3750000e+02;4.7091611e-02;1.3750000e+02;-1.5968308e-03;1.3750000e+02;-4.2896613e-02;1.3750000e+02;-8.5518450e-02;1.3750000e+02;-1.3221514e-01;1.3750000e+02;-7.6133907e-02;1.3750000e+02;-5.8825284e-02;1.3750000e+02;-1.3046958e-02;1.3750000e+02;5.1937934e-02;1.3750000e+02;1.3168229e-01;1.3750000e+02;2.0683214e-01;1.3750000e+02;2.3549825e-01;1.3750000e+02;2.1545394e-01;1.3750000e+02;1.9050658e-01;1.3750000e+02;2.2938356e-01;1.3750000e+02;1.9575176e-01;1.3750000e+02;1.4548923e-01;1.3750000e+02;9.1351613e-02;1.3750000e+02;4.7091611e-02;1.3750000e+02;-1.5968308e-03;1.3750000e+02;-4.2896613e-02;1.3750000e+02;-8.5518450e-02;1.3750000e+02;-1.3221514e-01;1.3750000e+02;-7.6133907e-02;1.3750000e+02;-5.8825284e-02;1.3750000e+02;-1.3046958e-02;1.3750000e+02;5.1937934e-02;1.3750000e+02;1.3168229e-01;1.3750000e+02;2.0683214e-01;1.3750000e+02;2.3549825e-01;1.3750000e+02;2.1545394e-01;1.3750000e+02;1.9050658e-01;1.3750000e+02;2.2938356e-01;1.3750000e+02;1.9575176e-01;1.3750000e+02;1.4548923e-01;1.3750000e+02;9.1351613e-02;1.3750000e+02;4.7091611e-02;1.3750000e+02;-1.5968308e-03;1.3750000e+02;-4.2896613e-02;1.3750000e+02;-8.5518450e-02;1.3750000e+02;-1.3221514e-01;1.3750000e+02;-7.6133907e-02;1.3750000e+02;-5.8825284e-02;1.3750000e+02;-1.3046958e-02;1.3750000e+02;5.1937934e-02;1.3750000e+02;1.3168229e-01;1.3750000e+02;2.0683214e-01;1.3750000e+02;2.3549825e-01;1.3750000e+02;2.1545394e-01;1.3750000e+02;1.9050658e-01;1.3750000e+02;2.2938356e-01;1.3750000e+02;1.9575176e-01;1.3750000e+02;1.4548923e-01;1.3750000e+02;9.1351613e-02;1.3750000e+02;4.7091611e-02;1.3750000e+02;-1.5968308e-03;1.3750000e+02;-4.2896613e-02;1.3750000e+02;-8.5518450e-02;1.3750000e+02;-1.3221514e-01;1.3750000e+02;-7.6133907e-02;1.3750000e+02;-5.8825284e-02;1.3750000e+02;-1.3046958e-02;1.3750000e+02;5.1937934e-02;1.3750000e+02;1.3168229e-01;1.3750000e+02;2.0683214e-01;1.3750000e+02;2.3549825e-01;1.3750000e+02;2.1545394e-01;1.3750000e+02;1.9050658e-01;1.3750000e+02;2.2938356e-01;1.3750000e+02;1.9575176e-01;1.3750000e+02;1.4548923e-01;1.3750000e+02;9.1351613e-02;1.3750000e+02;4.7091611e-02;1.3750000e+02;-1.5968308e-03;1.3750000e+02;-4.2896613e-02;1.3750000e+02;-8.5518450e-02;1.3750000e+02;-1.3221514e-01;1.3750000e+02;-7.6133907e-02;1.3750000e+02;-5.8825284e-02;1.3750000e+02;-1.3046958e-02;1.3750000e+02;5.1937934e-02;1.3750000e+02;1.3168229e-01;1.3750000e+02;2.0683214e-01;1.3750000e+02;2.3549825e-01;1.3750000e+02;2.1545394e-01;1.3750000e+02;1.9050658e-01;1.3750000e+02;2.2938356e-01;1.3750000e+02;1.9575176e-01;1.3750000e+02;1.4548923e-01;1.3750000e+02;9.1351613e-02;1.3750000e+02;4.7091611e-02;1.3750000e+02;-1.5968308e-03;1.3750000e+02;-4.2896613e-02;1.3750000e+02;-8.5518450e-02;1.3750000e+02;-1.3221514e-01;1.3750000e+02;-7.6133907e-02;1.3750000e+02;-5.8825284e-02;1.3750000e+02;-1.3046958e-02;1.3750000e+02;5.1937934e-02;1.3750000e+02;1.3168229e-01;1.3750000e+02;2.0683214e-01;1.3750000e+02;2.3549825e-01;1.3750000e+02;2.1545394e-01;1.3750000e+02;1.9050658e-01;1.3750000e+02;2.2938356e-01;1.3750000e+02;1.9575176e-01;1.3750000e+02;1.4548923e-01;1.3750000e+02;9.1351613e-02;1.3750000e+02;4.7091611e-02;1.3750000e+02;-1.5968308e-03;1.3750000e+02;-4.2896613e-02;1.3750000e+02;-8.5518450e-02;1.3750000e+02;-1.3221514e-01;1.3750000e+02;-7.6133907e-02;1.3750000e+02;-5.8825284e-02;1.3750000e+02;-1.3046958e-02;1.3750000e+02;5.1937934e-02;1.3750000e+02;1.3168229e-01;1.3750000e+02;2.0683214e-01;1.3750000e+02;2.3549825e-01;1.3750000e+02;2.1545394e-01;1.3750000e+02;1.9050658e-01;1.3750000e+02;2.2938356e-01;1.3750000e+02;1.9575176e-01;1.3750000e+02;1.4548923e-01;1.3750000e+02;9.1351613e-02;1.3750000e+02;4.7091611e-02;1.3750000e+02;-1.5968308e-03;1.3750000e+02;-4.2896613e-02;1.3750000e+02;-8.5518450e-02;1.3750000e+02;-1.3221514e-01;1.3750000e+02;-7.6133907e-02;1.3750000e+02;-5.8825284e-02;1.3750000e+02;-1.3046958e-02;1.3750000e+02;5.1937934e-02;1.3750000e+02;1.3168229e-01;1.3750000e+02;2.0683214e-01;1.3750000e+02;2.3549825e-01;1.3750000e+02;2.1545394e-01;1.3750000e+02;1.9050658e-01;1.3750000e+02;2.2938356e-01;1.3750000e+02;1.9575176e-01;1.3750000e+02;1.4548923e-01;1.3750000e+02;9.1351613e-02;1.3750000e+02;4.7091611e-02;1.3750000e+02;-1.5968308e-03;1.3750000e+02;-4.2896613e-02;1.3750000e+02;-8.5518450e-02;1.3750000e+02;-1.3221514e-01;1.3750000e+02;-7.6133907e-02;1.3750000e+02;-5.8825284e-02;1.3750000e+02;-1.3046958e-02;1.3750000e+02;5.1937934e-02;1.3750000e+02;1.3168229e-01;1.3750000e+02;2.0683214e-01;1.3750000e+02;2.3549825e-01;1.3750000e+02;2.1545394e-01;1.3750000e+02;1.9050658e-01;1.3750000e+02;2.2938356e-01;1.3750000e+02;1.9575176e-01;1.3750000e+02;1.4548923e-01;1.3750000e+02;9.1351613e-02;1.3750000e+02;4.7091611e-02;1.3750000e+02;-1.5968308e-03;1.3750000e+02;-4.2896613e-02;1.3750000e+02;-8.5518450e-02;1.3750000e+02;-1.3221514e-01;1.3750000e+02;-7.6133907e-02;1.3750000e+02;-5.8825284e-02;1.3750000e+02;-1.3046958e-02;1.3750000e+02;5.1937934e-02;1.3750000e+02;1.3168229e-01;1.3750000e+02;2.0683214e-01;1.3750000e+02;2.3549825e-01;1.3750000e+02;2.1545394e-01;1.3750000e+02;1.9050658e-01;1.3750000e+02;2.2938356e-01;1.3750000e+02;1.9575176e-01;1.3750000e+02;1.4548923e-01;1.3750000e+02;9.1351613e-02;1.3750000e+02;4.7091611e-02;1.3750000e+02;-1.5968308e-03;1.3750000e+02;-4.2896613e-02;1.3750000e+02;-8.5518450e-02;1.3750000e+02;-1.3221514e-01;1.3750000e+02;-7.6133907e-02;1.3750000e+02;-5.8825284e-02;1.3750000e+02;-1.3046958e-02;1.3750000e+02;5.1937934e-02;1.3750000e+02;1.3168229e-01;1.3750000e+02;2.0683214e-01;1.3750000e+02;2.3549825e-01;1.3750000e+02;2.1545394e-01;1.3750000e+02;1.9050658e-01;1.3750000e+02;2.2938356e-01;1.3750000e+02;1.9575176e-01;1.3750000e+02;1.4548923e-01;1.3750000e+02;9.1351613e-02;1.3750000e+02;4.7091611e-02;1.3750000e+02;-1.5968308e-03;1.3750000e+02;-4.2896613e-02;1.3750000e+02;-8.5518450e-02;1.3750000e+02;-1.3221514e-01;1.3750000e+02;-7.6133907e-02;1.3750000e+02;-5.8825284e-02;1.3750000e+02;-1.3046958e-02;1.3750000e+02;5.1937934e-02;1.3750000e+02;1.3168229e-01;1.3750000e+02;2.0683214e-01;1.3750000e+02;2.3549825e-01;1.3750000e+02;2.1545394e-01;1.3750000e+02;1.9050658e-01;1.3750000e+02;2.2938356e-01;1.3750000e+02;1.9575176e-01;1.3750000e+02;1.4548923e-01;1.3750000e+02;9.1351613e-02;1.3750000e+02;4.7091611e-02;1.3750000e+02;-1.5968308e-03;1.3750000e+02;-4.2896613e-02;1.3750000e+02;-8.5518450e-02;1.3750000e+02;-1.3221514e-01;1.3750000e+02;-7.6133907e-02;1.3750000e+02;-5.8825284e-02;1.3750000e+02;-1.3046958e-02;1.3750000e+02;5.1937934e-02;1.3750000e+02;1.3168229e-01;1.3750000e+02;2.0683214e-01;1.3750000e+02;2.3549825e-01;1.3750000e+02;2.1545394e-01;1.3750000e+02;1.9050658e-01;1.3750000e+02;2.2938356e-01;1.3750000e+02;1.9575176e-01;1.3750000e+02;1.4548923e-01;1.3750000e+02;9.1351613e-02;1.3750000e+02;4.7091611e-02;1.3750000e+02;-1.5968308e-03;1.3750000e+02;-4.2896613e-02;1.3750000e+02;-8.5518450e-02;1.3750000e+02;-1.3221514e-01;1.3750000e+02;-7.6133907e-02;1.3750000e+02;-5.8825284e-02;1.3750000e+02;-1.3046958e-02;1.3750000e+02;5.1937934e-02;1.3750000e+02;1.3168229e-01;1.3750000e+02;2.0683214e-01;1.3750000e+02;2.3549825e-01;1.3750000e+02;2.1545394e-01;1.3750000e+02;1.9050658e-01;1.3750000e+02;2.2938356e-01;1.3750000e+02;1.9575176e-01;1.3750000e+02;1.4548923e-01;1.3750000e+02;9.1351613e-02;1.3750000e+02;4.7091611e-02;1.3750000e+02;-1.5968308e-03;1.3750000e+02;-4.2896613e-02;1.3750000e+02;-8.5518450e-02;1.3750000e+02;-1.3221514e-01;1.3750000e+02;-7.6133907e-02;1.3750000e+02;-5.8825284e-02;1.3750000e+02;-1.3046958e-02;1.3750000e+02;5.1937934e-02;1.3750000e+02;1.3168229e-01;1.3750000e+02;2.0683214e-01;1.3750000e+02;2.3549825e-01;1.3750000e+02;2.1545394e-01;1.3750000e+02;1.9050658e-01;1.3750000e+02;2.2938356e-01;1.3750000e+02;1.9575176e-01;1.3750000e+02;1.4548923e-01;1.3750000e+02;9.1351613e-02;1.3750000e+02;4.7091611e-02;1.3750000e+02;-1.5968308e-03;1.3750000e+02;-4.2896613e-02;1.3750000e+02;-8.5518450e-02;1.3750000e+02;-1.3221514e-01;1.3750000e+02;-7.6133907e-02;1.3750000e+02;-5.8825284e-02;1.3750000e+02;-1.3046958e-02;1.3750000e+02;5.1937934e-02;1.3750000e+02;1.3168229e-01;1.3750000e+02;2.0683214e-01;1.3750000e+02;2.3549825e-01;1.3750000e+02;2.1545394e-01;1.3750000e+02;1.9050658e-01;1.3750000e+02;2.2938356e-01;1.3750000e+02;1.9575176e-01;1.3750000e+02;1.4548923e-01;1.3750000e+02;9.1351613e-02;1.3750000e+02;4.7091611e-02;1.3750000e+02;-1.5968308e-03;1.3750000e+02;-4.2896613e-02;1.3750000e+02;-8.5518450e-02;1.3750000e+02;-1.3221514e-01;1.3750000e+02;-7.6133907e-02;1.3750000e+02;-5.8825284e-02;1.3750000e+02;-1.3046958e-02;1.3750000e+02;5.1937934e-02;1.3750000e+02;1.3168229e-01;1.3750000e+02;2.0683214e-01;1.3750000e+02;2.3549825e-01;1.3750000e+02;2.1545394e-01;1.3750000e+02;1.9050658e-01;1.3750000e+02;2.2938356e-01;1.3750000e+02;1.9575176e-01;1.3750000e+02;1.4548923e-01;1.3750000e+02;9.1351613e-02;1.3750000e+02;4.7091611e-02;1.3750000e+02;-1.5968308e-03;1.3750000e+02;-4.2896613e-02;1.3750000e+02;-8.5518450e-02;1.3750000e+02;-1.3221514e-01;1.3750000e+02;-7.6133907e-02;1.3750000e+02;-5.8825284e-02;1.3750000e+02;-1.3046958e-02;1.3750000e+02;5.1937934e-02;1.3750000e+02;1.3168229e-01;1.3750000e+02;2.0683214e-01;1.3750000e+02;2.3549825e-01;1.3750000e+02;2.1545394e-01;1.3750000e+02;1.9050658e-01;1.3750000e+02;2.2938356e-01;1.3750000e+02;1.9575176e-01;1.3750000e+02;1.4548923e-01;1.3750000e+02;9.1351613e-02;1.3750000e+02;4.7091611e-02;1.3750000e+02;-1.5968308e-03;1.3750000e+02;-4.2896613e-02;1.3750000e+02;-8.5518450e-02;1.3750000e+02;-1.3221514e-01;1.3750000e+02;-7.6133907e-02;1.3750000e+02;-5.8825284e-02;1.3750000e+02;-1.3046958e-02;1.3750000e+02;5.1937934e-02;1.3750000e+02;1.3168229e-01;1.3750000e+02;2.0683214e-01;1.3750000e+02;2.3549825e-01;1.3750000e+02;2.1545394e-01;1.3750000e+02;1.9050658e-01;1.3750000e+02;2.2938356e-01;1.3750000e+02;1.9575176e-01;1.3750000e+02;1.4548923e-01;1.3750000e+02;9.1351613e-02;1.3750000e+02;4.7091611e-02;1.3750000e+02;-1.5968308e-03;1.3750000e+02;-4.2896613e-02;1.3750000e+02;-8.5518450e-02;1.3750000e+02;-1.3221514e-01;1.3750000e+02;-7.6133907e-02;1.3750000e+02;-5.8825284e-02;1.3750000e+02;-1.3046958e-02;1.3750000e+02;5.1937934e-02;1.3750000e+02;1.3168229e-01;1.3750000e+02;2.0683214e-01;1.3750000e+02;2.3549825e-01;1.3750000e+02;2.1545394e-01;1.3750000e+02;1.9050658e-01;1.3750000e+02;2.2938356e-01;1.3750000e+02;1.9575176e-01;1.3750000e+02;1.4548923e-01;1.3750000e+02;9.1351613e-02;1.3750000e+02;4.7091611e-02;1.3750000e+02;-1.5968308e-03;1.3750000e+02;-4.2896613e-02;1.3750000e+02;-8.5518450e-02;1.3750000e+02;-1.3221514e-01;1.3750000e+02;-7.6133907e-02;1.3750000e+02;-5.8825284e-02;1.3750000e+02;-1.3046958e-02;1.3750000e+02;5.1937934e-02;1.3750000e+02;1.3168229e-01;1.3750000e+02;2.0683214e-01;1.3750000e+02;2.3549825e-01;1.3750000e+02;2.1545394e-01;1.3750000e+02;1.9050658e-01;1.3750000e+02;2.2938356e-01;1.3750000e+02;1.9575176e-01;1.3750000e+02;1.4548923e-01;1.3750000e+02;9.1351613e-02;1.3750000e+02;4.7091611e-02;1.3750000e+02;-1.5968308e-03;1.3750000e+02;-4.2896613e-02;1.3750000e+02;-8.5518450e-02;1.3750000e+02;-1.3221514e-01;1.3750000e+02;-7.6133907e-02;1.3750000e+02;-5.8825284e-02;1.3750000e+02;-1.3046958e-02;1.3750000e+02;5.1937934e-02;1.3750000e+02;1.3168229e-01;1.3750000e+02;2.0683214e-01;1.3750000e+02;2.3549825e-01;1.3750000e+02;2.1545394e-01;1.3750000e+02;1.9050658e-01;1.3750000e+02;2.2938356e-01;1.3750000e+02;1.9575176e-01;1.3750000e+02;1.4548923e-01;1.3750000e+02;9.1351613e-02;1.3750000e+02;4.7091611e-02;1.3750000e+02;-1.5968308e-03;1.3750000e+02;-4.2896613e-02;1.3750000e+02;-8.5518450e-02;1.3750000e+02;-1.3221514e-01;1.3750000e+02;-7.6133907e-02;1.3750000e+02;-5.8825284e-02;1.3750000e+02;-1.3046958e-02;1.3750000e+02;5.1937934e-02;1.3750000e+02;1.3168229e-01;1.3750000e+02;2.0683214e-01;1.3750000e+02;2.3549825e-01;1.3750000e+02;2.1545394e-01;1.3750000e+02;1.9050658e-01;1.3750000e+02;2.2938356e-01;1.3750000e+02;1.9575176e-01;1.3750000e+02;1.4548923e-01;1.3750000e+02;9.1351613e-02;1.3750000e+02;4.7091611e-02;1.3750000e+02;-1.5968308e-03;1.3750000e+02;-4.2896613e-02;1.3750000e+02;-8.5518450e-02;1.3750000e+02;-1.3221514e-01;1.3750000e+02;-7.6133907e-02;1.3750000e+02;-5.8825284e-02;1.3750000e+02;-1.3046958e-02;1.3750000e+02;5.1937934e-02;1.3750000e+02;1.3168229e-01;1.3750000e+02;2.0683214e-01;1.3750000e+02;2.3549825e-01;1.3750000e+02;2.1545394e-01;1.3750000e+02;1.9050658e-01;1.3750000e+02;2.2938356e-01;1.3750000e+02;1.9575176e-01;1.3750000e+02;1.4548923e-01;1.3750000e+02;9.1351613e-02;1.3750000e+02;4.7091611e-02;1.3750000e+02;-1.5968308e-03;1.3750000e+02;-4.2896613e-02;1.3750000e+02;-8.5518450e-02;1.3750000e+02;-1.3221514e-01;1.3750000e+02;-7.6133907e-02;1.3750000e+02;-5.8825284e-02;1.3750000e+02;-1.3046958e-02;1.3750000e+02;5.1937934e-02;1.3750000e+02;1.3168229e-01;1.3750000e+02;2.0683214e-01;1.3750000e+02;2.3549825e-01;1.3750000e+02;2.1545394e-01;1.3750000e+02;1.9050658e-01;1.3750000e+02;2.2938356e-01;1.3750000e+02;1.9575176e-01;1.3750000e+02;1.4548923e-01;1.3750000e+02;9.1351613e-02;1.3750000e+02;4.7091611e-02;1.3750000e+02;-1.5968308e-03;1.3750000e+02;-4.2896613e-02;1.3750000e+02;-8.5518450e-02;1.3750000e+02;-1.3221514e-01;1.3750000e+02;-7.6133907e-02;1.3750000e+02;-5.8825284e-02;1.3750000e+02;-1.3046958e-02;1.3750000e+02;5.1937934e-02;1.3750000e+02;1.3168229e-01;1.3750000e+02;2.0683214e-01;1.3750000e+02;2.3549825e-01;1.3750000e+02;2.1545394e-01;1.3750000e+02;1.9050658e-01;1.3750000e+02;2.2938356e-01;1.3750000e+02;1.9575176e-01;1.3750000e+02;1.4548923e-01;1.3750000e+02;9.1351613e-02;1.3750000e+02;4.7091611e-02;1.3750000e+02;-1.5968308e-03;1.3750000e+02;-4.2896613e-02;1.3750000e+02;-8.5518450e-02;1.3750000e+02;-1.3221514e-01;1.3750000e+02;-7.6133907e-02;1.3750000e+02;-5.8825284e-02;1.3750000e+02;-1.3046958e-02;1.3750000e+02;5.1937934e-02;1.3750000e+02;1.3168229e-01;1.3750000e+02;2.0683214e-01;1.3750000e+02;2.3549825e-01;1.3750000e+02;2.1545394e-01;1.3750000e+02;1.9050658e-01;1.3750000e+02;2.2938356e-01;1.3750000e+02;1.9575176e-01;1.3750000e+02;1.4548923e-01;1.3750000e+02;9.1351613e-02;1.3750000e+02;4.7091611e-02;1.3750000e+02;-1.5968308e-03;1.3750000e+02;-4.2896613e-02;1.3750000e+02;-8.5518450e-02;1.3750000e+02;-1.3221514e-01;1.3750000e+02;-7.6133907e-02;1.3750000e+02;-5.8825284e-02;1.3750000e+02;-1.3046958e-02;1.3750000e+02;5.1937934e-02;1.3750000e+02;1.3168229e-01;1.3750000e+02;2.0683214e-01;1.3750000e+02;2.3549825e-01;1.3750000e+02;2.1545394e-01;1.3750000e+02;1.9050658e-01;1.3750000e+02;2.2938356e-01;1.3750000e+02;1.9575176e-01;1.3750000e+02;1.4548923e-01;1.3750000e+02;9.1351613e-02;1.3750000e+02;4.7091611e-02;1.3750000e+02;-1.5968308e-03;1.3750000e+02;-4.2896613e-02;1.3750000e+02;-8.5518450e-02;1.3750000e+02;-1.3221514e-01;1.3750000e+02;-7.6133907e-02;1.3750000e+02;-5.8825284e-02;1.3750000e+02;-1.3046958e-02;1.3750000e+02;5.1937934e-02;1.3750000e+02;1.3168229e-01;1.3750000e+02;2.0683214e-01;1.3750000e+02;2.3549825e-01;1.3750000e+02;2.1545394e-01;1.3750000e+02;1.9050658e-01;1.3750000e+02;2.2938356e-01;1.3750000e+02;1.9575176e-01;1.3750000e+02;1.4548923e-01;1.3750000e+02;9.1351613e-02;1.3750000e+02;4.7091611e-02;1.3750000e+02;-1.5968308e-03;1.3750000e+02;-4.2896613e-02;1.3750000e+02;-8.5518450e-02;1.3750000e+02;-1.3221514e-01;1.3750000e+02;-7.6133907e-02;1.3750000e+02;-5.8825284e-02;1.3750000e+02;-1.3046958e-02;1.3750000e+02;5.1937934e-02;1.3750000e+02;1.3168229e-01;1.3750000e+02;2.0683214e-01;1.3750000e+02;2.3549825e-01;1.3750000e+02;2.1545394e-01;1.3750000e+02;1.9050658e-01;1.3750000e+02;2.2938356e-01;1.3750000e+02;1.9575176e-01;1.3750000e+02;1.4548923e-01;1.3750000e+02;9.1351613e-02;1.3750000e+02;4.7091611e-02;1.3750000e+02;-1.5968308e-03;1.3750000e+02;-4.2896613e-02;1.3750000e+02;-8.5518450e-02;1.3750000e+02;-1.3221514e-01;1.3750000e+02;-7.6133907e-02;1.3750000e+02;-5.8825284e-02;1.3750000e+02;-1.3046958e-02;1.3750000e+02;5.1937934e-02;1.3750000e+02;1.3168229e-01;1.3750000e+02;2.0683214e-01;1.3750000e+02;2.3549825e-01;1.3750000e+02;2.1545394e-01;1.3750000e+02;1.9050658e-01;1.3750000e+02;2.2938356e-01;1.3750000e+02;1.9575176e-01;1.3750000e+02;1.4548923e-01;1.3750000e+02;9.1351613e-02;1.3750000e+02;4.7091611e-02;1.3750000e+02;-1.5968308e-03;1.3750000e+02;-4.2896613e-02;1.3750000e+02;-8.5518450e-02;1.3750000e+02;-1.3221514e-01;1.3750000e+02;-7.6133907e-02;1.3750000e+02;-5.8825284e-02;1.3750000e+02;-1.3046958e-02;1.3750000e+02;5.1937934e-02;1.3750000e+02;1.3168229e-01;1.3750000e+02;2.0683214e-01;1.3750000e+02;2.3549825e-01;1.3750000e+02;2.1545394e-01;1.3750000e+02;1.9050658e-01;1.3750000e+02;2.2938356e-01;1.3750000e+02;1.9575176e-01;1.3750000e+02;1.4548923e-01;1.3750000e+02;9.1351613e-02;1.3750000e+02;4.7091611e-02;1.3750000e+02;-1.5968308e-03;1.3750000e+02;-4.2896613e-02;1.3750000e+02;-8.5518450e-02;1.3750000e+02;-1.3221514e-01;1.3750000e+02;-7.6133907e-02;1.3750000e+02;-5.8825284e-02;1.3750000e+02;-1.3046958e-02;1.3750000e+02;5.1937934e-02;1.3750000e+02;1.3168229e-01;1.3750000e+02;2.0683214e-01;1.3750000e+02;2.3549825e-01;1.3750000e+02;2.1545394e-01;1.3750000e+02;1.9050658e-01;1.3750000e+02;2.2938356e-01;1.3750000e+02;1.9575176e-01;1.3750000e+02;1.4548923e-01;1.3750000e+02;9.1351613e-02;1.3750000e+02;4.7091611e-02;1.3750000e+02;-1.5968308e-03;1.3750000e+02;-4.2896613e-02;1.3750000e+02;-8.5518450e-02;1.3750000e+02;-1.3221514e-01;1.3750000e+02;-7.6133907e-02;1.3750000e+02;-5.8825284e-02;1.3750000e+02;-1.3046958e-02;1.3750000e+02;5.1937934e-02;1.3750000e+02;1.3168229e-01;1.3750000e+02;2.0683214e-01;1.3750000e+02;2.3549825e-01;1.3750000e+02;2.1545394e-01;1.3750000e+02;1.9050658e-01;1.3750000e+02;2.2938356e-01;1.3750000e+02;1.9575176e-01;1.3750000e+02;1.4548923e-01;1.3750000e+02;9.1351613e-02;1.3750000e+02;4.7091611e-02;1.3750000e+02;-1.5968308e-03;1.3750000e+02;-4.2896613e-02;1.3750000e+02;-8.5518450e-02;1.3750000e+02;-1.3221514e-01;1.3750000e+02;-7.6133907e-02;1.3750000e+02;-5.8825284e-02;1.3750000e+02;-1.3046958e-02;1.3750000e+02;5.1937934e-02;1.3750000e+02;1.3168229e-01;1.3750000e+02;2.0683214e-01;1.3750000e+02;2.3549825e-01;1.3750000e+02;2.1545394e-01;1.3750000e+02;1.9050658e-01;1.3750000e+02;2.2938356e-01;1.3750000e+02;1.9575176e-01;1.3750000e+02;1.4548923e-01;1.3750000e+02;9.1351613e-02;1.3750000e+02;4.7091611e-02;1.3750000e+02;-1.5968308e-03;1.3750000e+02;-4.2896613e-02;1.3750000e+02;-8.5518450e-02;1.3750000e+02;-1.3221514e-01;1.3750000e+02;-7.6133907e-02;1.3750000e+02;-5.8825284e-02;1.3750000e+02;-1.3046958e-02;1.3750000e+02;5.1937934e-02;1.3750000e+02;1.3168229e-01;1.3750000e+02;2.0683214e-01;1.3750000e+02;2.3549825e-01;1.3750000e+02;2.1545394e-01;1.3750000e+02;1.9050658e-01;1.3750000e+02;2.2938356e-01;1.3750000e+02;1.9575176e-01;1.3750000e+02;1.4548923e-01;1.3750000e+02;9.1351613e-02;1.3750000e+02;4.7091611e-02;1.3750000e+02;-1.5968308e-03;1.3750000e+02;-4.2896613e-02;1.3750000e+02;-8.5518450e-02;1.3750000e+02;-1.3221514e-01;1.3750000e+02;-7.6133907e-02;1.3750000e+02;-5.8825284e-02;1.3750000e+02;-1.3046958e-02;1.3750000e+02;5.1937934e-02;1.3750000e+02;1.3168229e-01;1.3750000e+02;2.0683214e-01;1.3750000e+02;2.3549825e-01;1.3750000e+02;2.1545394e-01;1.3750000e+02;1.9050658e-01;1.3750000e+02;2.2938356e-01;1.3750000e+02;1.9575176e-01;1.3750000e+02;1.4548923e-01;1.3750000e+02;9.1351613e-02;1.3750000e+02;4.7091611e-02;1.3750000e+02;-1.5968308e-03;1.3750000e+02;-4.2896613e-02;1.3750000e+02;-8.5518450e-02;1.3750000e+02;-1.3221514e-01;1.3750000e+02;-7.6133907e-02;1.3750000e+02;-5.8825284e-02;1.3750000e+02;-1.3046958e-02;1.3750000e+02;5.1937934e-02;1.3750000e+02;1.3168229e-01;1.3750000e+02;2.0683214e-01;1.3750000e+02;2.3549825e-01;1.3750000e+02;2.1545394e-01;1.3750000e+02;1.9050658e-01;1.3750000e+02;2.2938356e-01;1.3750000e+02;1.9575176e-01;1.3750000e+02;1.4548923e-01;1.3750000e+02;9.1351613e-02;1.3750000e+02;4.7091611e-02;1.3750000e+02;-1.5968308e-03;1.3750000e+02;-4.2896613e-02;1.3750000e+02;-8.5518450e-02;1.3750000e+02;-1.3221514e-01;1.3750000e+02;-7.6133907e-02;1.3750000e+02;-5.8825284e-02;1.3750000e+02;-1.3046958e-02;1.3750000e+02;5.1937934e-02;1.3750000e+02;1.3168229e-01;1.3750000e+02;2.0683214e-01;1.3750000e+02;2.3549825e-01;1.3750000e+02;2.1545394e-01;1.3750000e+02;1.9050658e-01;1.3750000e+02;2.2938356e-01;1.3750000e+02;1.9575176e-01;1.3750000e+02;1.4548923e-01;1.3750000e+02;9.1351613e-02;1.3750000e+02;4.7091611e-02;1.3750000e+02;-1.5968308e-03;1.3750000e+02;-4.2896613e-02;1.3750000e+02;-8.5518450e-02;1.3750000e+02;-1.3221514e-01;1.3750000e+02;-7.6133907e-02;1.3750000e+02;-5.8825284e-02;1.3750000e+02;-1.3046958e-02;1.3750000e+02;5.1937934e-02;1.3750000e+02;1.3168229e-01;1.3750000e+02;2.0683214e-01;1.3750000e+02;2.3549825e-01;1.3750000e+02;2.1545394e-01;1.3750000e+02;1.9050658e-01;1.3750000e+02;2.2938356e-01;1.3750000e+02;1.9575176e-01;1.3750000e+02;1.4548923e-01;1.3750000e+02;9.1351613e-02;1.3750000e+02;4.7091611e-02;1.3750000e+02;-1.5968308e-03;1.3750000e+02;-4.2896613e-02;1.3750000e+02;-8.5518450e-02;1.3750000e+02;-1.3221514e-01;1.3750000e+02;-7.6133907e-02;1.3750000e+02;-5.8825284e-02;1.3750000e+02;-1.3046958e-02;1.3750000e+02;5.1937934e-02;1.3750000e+02;1.3168229e-01;1.3750000e+02;2.0683214e-01;1.3750000e+02;2.3549825e-01;1.3750000e+02;2.1545394e-01;1.3750000e+02;1.9050658e-01;1.3750000e+02;2.2938356e-01;1.3750000e+02;1.9575176e-01;1.3750000e+02;1.4548923e-01;1.3750000e+02;9.1351613e-02;1.3750000e+02;4.7091611e-02;1.3750000e+02;-1.5968308e-03;1.3750000e+02;-4.2896613e-02;1.3750000e+02;-8.5518450e-02;1.3750000e+02;-1.3221514e-01;1.3750000e+02;-7.6133907e-02;1.3750000e+02;-5.8825284e-02;1.3750000e+02;-1.3046958e-02;1.3750000e+02;5.1937934e-02;1.3750000e+02;1.3168229e-01;1.3750000e+02;2.0683214e-01;1.3750000e+02;2.3549825e-01;1.3750000e+02;2.1545394e-01;1.3750000e+02;1.9050658e-01;1.3750000e+02;2.2938356e-01;1.3750000e+02;1.9575176e-01;1.3750000e+02;1.4548923e-01;1.3750000e+02;9.1351613e-02;1.3750000e+02;4.7091611e-02;1.3750000e+02;-1.5968308e-03;1.3750000e+02;-4.2896613e-02;1.3750000e+02;-8.5518450e-02;1.3750000e+02;-1.3221514e-01;1.3750000e+02;-7.6133907e-02;1.3750000e+02;-5.8825284e-02;1.3750000e+02;-1.3046958e-02;1.3750000e+02;5.1937934e-02;1.3750000e+02;1.3168229e-01;1.3750000e+02;2.0683214e-01;1.3750000e+02;2.3549825e-01;1.3750000e+02;2.1545394e-01;1.3750000e+02;1.9050658e-01;1.3750000e+02;2.2938356e-01;1.3750000e+02;1.9575176e-01;1.3750000e+02;1.4548923e-01;1.3750000e+02;9.1351613e-02;1.3750000e+02;4.7091611e-02;1.3750000e+02;-1.5968308e-03;1.3750000e+02;-4.2896613e-02;1.3750000e+02;-8.5518450e-02;1.3750000e+02;-1.3221514e-01;1.3750000e+02;-7.6133907e-02;1.3750000e+02;-5.8825284e-02;1.3750000e+02;-1.3046958e-02;1.3750000e+02;5.1937934e-02;1.3750000e+02;1.3168229e-01;1.3750000e+02;2.0683214e-01;1.3750000e+02;2.3549825e-01;1.3750000e+02;2.1545394e-01;1.3750000e+02;1.9050658e-01;1.3750000e+02;2.2938356e-01;1.3750000e+02;1.9575176e-01;1.3750000e+02;1.4548923e-01;1.3750000e+02;9.1351613e-02;1.3750000e+02;4.7091611e-02;1.3750000e+02;-1.5968308e-03;1.3750000e+02;-4.2896613e-02;1.3750000e+02;-8.5518450e-02;1.3750000e+02;-1.3221514e-01;1.3750000e+02;-7.6133907e-02;1.3750000e+02;-5.8825284e-02;1.3750000e+02;-1.3046958e-02;1.3750000e+02;5.1937934e-02;1.3750000e+02;1.3168229e-01;1.3750000e+02;2.0683214e-01;1.3750000e+02;2.3549825e-01;1.3750000e+02;2.1545394e-01;1.3750000e+02;1.9050658e-01;1.3750000e+02;2.2938356e-01;1.3750000e+02;1.9575176e-01;1.3750000e+02;1.4548923e-01;1.3750000e+02;9.1351613e-02;1.3750000e+02;4.7091611e-02;1.3750000e+02;-1.5968308e-03;1.3750000e+02;-4.2896613e-02;1.3750000e+02;-8.5518450e-02;1.3750000e+02;-1.3221514e-01;1.3750000e+02;-7.6133907e-02;1.3750000e+02;-5.8825284e-02;1.3750000e+02;-1.3046958e-02;1.3750000e+02;5.1937934e-02;1.3750000e+02;1.3168229e-01;1.3750000e+02;2.0683214e-01;1.3750000e+02;2.3549825e-01;1.3750000e+02;2.1545394e-01;1.3750000e+02;1.9050658e-01;1.3750000e+02;2.2938356e-01;1.3750000e+02;1.9575176e-01;1.3750000e+02;1.4548923e-01;1.3750000e+02;9.1351613e-02;1.3750000e+02;4.7091611e-02;1.3750000e+02;-1.5968308e-03;1.3750000e+02;-4.2896613e-02;1.3750000e+02;-8.5518450e-02;1.3750000e+02;-1.3221514e-01;1.3750000e+02;-7.6133907e-02;1.3750000e+02;-5.8825284e-02;1.3750000e+02;-1.3046958e-02;1.3750000e+02;5.1937934e-02;1.3750000e+02;1.3168229e-01;1.3750000e+02;2.0683214e-01;1.3750000e+02;2.3549825e-01;1.3750000e+02;2.1545394e-01;1.3750000e+02;1.9050658e-01;1.3750000e+02;2.2938356e-01;1.3750000e+02;1.9575176e-01;1.3750000e+02;1.4548923e-01;1.3750000e+02;9.1351613e-02;1.3750000e+02;4.7091611e-02;1.3750000e+02;-1.5968308e-03;1.3750000e+02;-4.2896613e-02;1.3750000e+02;-8.5518450e-02;1.3750000e+02;-1.3221514e-01;1.3750000e+02;-7.6133907e-02;1.3750000e+02;-5.8825284e-02;1.3750000e+02;-1.3046958e-02;1.3750000e+02;5.1937934e-02;1.3750000e+02;1.3168229e-01;1.3750000e+02;2.0683214e-01;1.3750000e+02;2.3549825e-01;1.3750000e+02;2.1545394e-01;1.3750000e+02;1.9050658e-01;1.3750000e+02;2.2938356e-01;1.3750000e+02;1.9575176e-01;1.3750000e+02;1.4548923e-01;1.3750000e+02;9.1351613e-02;1.3750000e+02;4.7091611e-02;1.3750000e+02;-1.5968308e-03;1.3750000e+02;-4.2896613e-02;1.3750000e+02;-8.5518450e-02;1.3750000e+02;-1.3221514e-01;1.3750000e+02;-7.6133907e-02;1.3750000e+02;-5.8825284e-02;1.3750000e+02;-1.3046958e-02;1.3750000e+02;5.1937934e-02;1.3750000e+02;1.3168229e-01;1.3750000e+02;2.0683214e-01;1.3750000e+02;2.3549825e-01;1.3750000e+02;2.1545394e-01;1.3750000e+02;1.9050658e-01;1.3750000e+02;2.2938356e-01;1.3750000e+02;1.9575176e-01;1.3750000e+02;1.4548923e-01;1.3750000e+02;9.1351613e-02;1.3750000e+02;4.7091611e-02;1.3750000e+02;-1.5968308e-03;1.3750000e+02;-4.2896613e-02;1.3750000e+02;-8.5518450e-02;1.3750000e+02;-1.3221514e-01;1.3750000e+02;-7.6133907e-02;1.3750000e+02;-5.8825284e-02;1.3750000e+02;-1.3046958e-02;1.3750000e+02;5.1937934e-02;1.3750000e+02;1.3168229e-01;1.3750000e+02;2.0683214e-01;1.3750000e+02;2.3549825e-01;1.3750000e+02;2.1545394e-01;1.3750000e+02;1.9050658e-01;1.3750000e+02;2.2938356e-01;1.3750000e+02;1.9575176e-01;1.3750000e+02;1.4548923e-01;1.3750000e+02;9.1351613e-02;1.3750000e+02;4.7091611e-02;1.3750000e+02;-1.5968308e-03;1.3750000e+02;-4.2896613e-02;1.3750000e+02;-8.5518450e-02;1.3750000e+02;-1.3221514e-01;1.3750000e+02;-7.6133907e-02;1.3750000e+02;-5.8825284e-02;1.3750000e+02;-1.3046958e-02;1.3750000e+02;5.1937934e-02;1.3750000e+02;1.3168229e-01;1.3750000e+02;2.0683214e-01;1.3750000e+02;2.3549825e-01;1.3750000e+02;2.1545394e-01;1.3750000e+02;1.9050658e-01;1.3750000e+02;2.2938356e-01;1.3750000e+02;1.9575176e-01;1.3750000e+02;1.4548923e-01;1.3750000e+02;9.1351613e-02;1.3750000e+02;4.7091611e-02;1.3750000e+02;-1.5968308e-03;1.3750000e+02;-4.2896613e-02;1.3750000e+02;-8.5518450e-02;1.3750000e+02;-1.3221514e-01;1.3750000e+02;-7.6133907e-02;1.3750000e+02;-5.8825284e-02;1.3750000e+02;-1.3046958e-02;1.3750000e+02;5.1937934e-02;1.3750000e+02;1.3168229e-01;1.3750000e+02;2.0683214e-01;1.3750000e+02;2.3549825e-01;1.3750000e+02;2.1545394e-01;1.3750000e+02;1.9050658e-01;1.3750000e+02;2.2938356e-01;1.3750000e+02;1.9575176e-01;1.3750000e+02;1.4548923e-01;1.3750000e+02;9.1351613e-02;1.3750000e+02;4.7091611e-02;1.3750000e+02;-1.5968308e-03;1.3750000e+02;-4.2896613e-02;1.3750000e+02;-8.5518450e-02;1.3750000e+02;-1.3221514e-01;1.3750000e+02;-7.6133907e-02;1.3750000e+02;-5.8825284e-02;1.3750000e+02;-1.3046958e-02;1.3750000e+02;5.1937934e-02;1.3750000e+02;1.3168229e-01;1.3750000e+02;2.0683214e-01;1.3750000e+02;2.3549825e-01;1.3750000e+02;2.1545394e-01;1.3750000e+02;1.9050658e-01;1.3750000e+02;2.2938356e-01;1.3750000e+02;1.9575176e-01;1.3750000e+02;1.4548923e-01;1.3750000e+02;9.1351613e-02;1.3750000e+02;4.7091611e-02;1.3750000e+02;-1.5968308e-03;1.3750000e+02;-4.2896613e-02;1.3750000e+02;-8.5518450e-02;1.3750000e+02;-1.3221514e-01;1.3750000e+02;-7.6133907e-02;1.3750000e+02;-5.8825284e-02;1.3750000e+02;-1.3046958e-02;1.3750000e+02;5.1937934e-02;1.3750000e+02;1.3168229e-01;1.3750000e+02;2.0683214e-01;1.3750000e+02;2.3549825e-01;1.3750000e+02;2.1545394e-01;1.3750000e+02;1.9050658e-01;1.3750000e+02;2.2938356e-01;1.3750000e+02;1.9575176e-01;1.3750000e+02;1.4548923e-01;1.3750000e+02;9.1351613e-02;1.3750000e+02;4.7091611e-02;1.3750000e+02;-1.5968308e-03;1.3750000e+02;-4.2896613e-02;1.3750000e+02;-8.5518450e-02;1.3750000e+02;-1.3221514e-01;1.3750000e+02;-7.6133907e-02;1.3750000e+02;-5.8825284e-02;1.3750000e+02;-1.3046958e-02;1.3750000e+02;5.1937934e-02;1.3750000e+02;1.3168229e-01;1.3750000e+02;2.0683214e-01;1.3750000e+02;2.3549825e-01;1.3750000e+02;2.1545394e-01;1.3750000e+02;1.9050658e-01;1.3750000e+02;2.2938356e-01;1.3750000e+02;1.9575176e-01;1.3750000e+02;1.4548923e-01;1.3750000e+02;9.1351613e-02;1.3750000e+02;4.7091611e-02;1.3750000e+02;-1.5968308e-03;1.3750000e+02;-4.2896613e-02;1.3750000e+02;-8.5518450e-02;1.3750000e+02;-1.3221514e-01;1.3750000e+02;-7.6133907e-02;1.3750000e+02;-5.8825284e-02;1.3750000e+02;-1.3046958e-02;1.3750000e+02;5.1937934e-02;1.3750000e+02;1.3168229e-01;1.3750000e+02;2.0683214e-01;1.3750000e+02;2.3549825e-01;1.3750000e+02;2.1545394e-01;1.3750000e+02;1.9050658e-01;1.3750000e+02;2.2938356e-01;1.3750000e+02;1.9575176e-01;1.3750000e+02;1.4548923e-01;1.3750000e+02;9.1351613e-02;1.3750000e+02;4.7091611e-02;1.3750000e+02;-1.5968308e-03;1.3750000e+02;-4.2896613e-02;1.3750000e+02;-8.5518450e-02;1.3750000e+02;-1.3221514e-01;1.3750000e+02;-7.6133907e-02;1.3750000e+02;-5.8825284e-02;1.3750000e+02;-1.3046958e-02;1.3750000e+02;5.1937934e-02;1.3750000e+02;1.3168229e-01;1.3750000e+02;2.0683214e-01;1.3750000e+02;2.3549825e-01;1.3750000e+02;2.1545394e-01;1.3750000e+02;1.9050658e-01;1.3750000e+02;2.2938356e-01;1.3750000e+02;1.9575176e-01;1.3750000e+02;1.4548923e-01;1.3750000e+02;9.1351613e-02;1.3750000e+02;4.7091611e-02;1.3750000e+02;-1.5968308e-03;1.3750000e+02;-4.2896613e-02;1.3750000e+02;-8.5518450e-02;1.3750000e+02;-1.3221514e-01;1.3750000e+02;-7.6133907e-02;1.3750000e+02;-5.8825284e-02;1.3750000e+02;-1.3046958e-02;1.3750000e+02;5.1937934e-02;1.3750000e+02;1.3168229e-01;1.3750000e+02;2.0683214e-01;1.3750000e+02;2.3549825e-01;1.3750000e+02;2.1545394e-01;1.3750000e+02;1.9050658e-01;1.3750000e+02;2.2938356e-01;1.3750000e+02;1.9575176e-01;1.3750000e+02;1.4548923e-01;1.3750000e+02;9.1351613e-02;1.3750000e+02;4.7091611e-02;1.3750000e+02;-1.5968308e-03;1.3750000e+02;-4.2896613e-02;1.3750000e+02;-8.5518450e-02;1.3750000e+02;-1.3221514e-01;1.3750000e+02;-7.6133907e-02;1.3750000e+02;-5.8825284e-02;1.3750000e+02;-1.3046958e-02;1.3750000e+02;5.1937934e-02;1.3750000e+02;1.3168229e-01;1.3750000e+02;2.0683214e-01;1.3750000e+02;2.3549825e-01;1.3750000e+02;2.1545394e-01;1.3750000e+02;1.9050658e-01;1.3750000e+02;2.2938356e-01;1.3750000e+02;1.9575176e-01;1.3750000e+02;1.4548923e-01;1.3750000e+02;9.1351613e-02;1.3750000e+02;4.7091611e-02;1.3750000e+02;-1.5968308e-03;1.3750000e+02;-4.2896613e-02;1.3750000e+02;-8.5518450e-02;1.3750000e+02;-1.3221514e-01;1.3750000e+02;-7.6133907e-02;1.3750000e+02;-5.8825284e-02;1.3750000e+02;-1.3046958e-02;1.3750000e+02;5.1937934e-02;1.3750000e+02;1.3168229e-01;1.3750000e+02;2.0683214e-01;1.3750000e+02;2.3549825e-01;1.3750000e+02;2.1545394e-01;1.3750000e+02;1.9050658e-01;1.3750000e+02;2.2938356e-01;1.3750000e+02;1.9575176e-01;1.3750000e+02;1.4548923e-01;1.3750000e+02;9.1351613e-02;1.3750000e+02;4.7091611e-02;1.3750000e+02;-1.5968308e-03;1.3750000e+02;-4.2896613e-02;1.3750000e+02;-8.5518450e-02;1.3750000e+02;-1.3221514e-01;1.3750000e+02;-7.6133907e-02;1.3750000e+02;-5.8825284e-02;1.3750000e+02;-1.3046958e-02;1.3750000e+02;5.1937934e-02;1.3750000e+02;1.3168229e-01;1.3750000e+02;2.0683214e-01;1.3750000e+02;2.3549825e-01;1.3750000e+02;2.1545394e-01;1.3750000e+02;1.9050658e-01;1.3750000e+02;2.2938356e-01;1.3750000e+02;1.9575176e-01;1.3750000e+02;1.4548923e-01;1.3750000e+02;9.1351613e-02;1.3750000e+02;4.7091611e-02;1.3750000e+02;-1.5968308e-03;1.3750000e+02;-4.2896613e-02;1.3750000e+02;-8.5518450e-02;1.3750000e+02;-1.3221514e-01;1.3750000e+02;-7.6133907e-02;1.3750000e+02;-5.8825284e-02;1.3750000e+02;-1.3046958e-02;1.3750000e+02;5.1937934e-02;1.3750000e+02;1.3168229e-01;1.3750000e+02;2.0683214e-01;1.3750000e+02;2.3549825e-01;1.3750000e+02;2.1545394e-01;1.3750000e+02;1.9050658e-01;1.3750000e+02;2.2938356e-01;1.3750000e+02;1.9575176e-01;1.3750000e+02;1.4548923e-01;1.3750000e+02;9.1351613e-02;1.3750000e+02;4.7091611e-02;1.3750000e+02;-1.5968308e-03;1.3750000e+02;-4.2896613e-02;1.3750000e+02;-8.5518450e-02;1.3750000e+02;-1.3221514e-01;1.3750000e+02;-7.6133907e-02;1.3750000e+02;-5.8825284e-02;1.3750000e+02;-1.3046958e-02;1.3750000e+02;5.1937934e-02;1.3750000e+02;1.3168229e-01;1.3750000e+02;2.0683214e-01;1.3750000e+02;2.3549825e-01;1.3750000e+02;2.1545394e-01;1.3750000e+02;1.9050658e-01;1.3750000e+02;2.2938356e-01;1.3750000e+02;1.9575176e-01;1.3750000e+02;1.4548923e-01;1.3750000e+02;9.1351613e-02;1.3750000e+02;4.7091611e-02;1.3750000e+02;-1.5968308e-03;1.3750000e+02;-4.2896613e-02;1.3750000e+02;-8.5518450e-02;1.3750000e+02;-1.3221514e-01;1.3750000e+02;-7.6133907e-02;1.3750000e+02;-5.8825284e-02;1.3750000e+02;-1.3046958e-02;1.3750000e+02;5.1937934e-02;1.3750000e+02;1.3168229e-01;1.3750000e+02;2.0683214e-01;1.3750000e+02;2.3549825e-01;1.3750000e+02;2.1545394e-01;1.3750000e+02;1.9050658e-01;1.3750000e+02;2.2938356e-01;1.3750000e+02;1.9575176e-01;1.3750000e+02;1.4548923e-01;1.3750000e+02;9.1351613e-02;1.3750000e+02;4.7091611e-02;1.3750000e+02;-1.5968308e-03;1.3750000e+02;-4.2896613e-02;1.3750000e+02;-8.5518450e-02;1.3750000e+02;-1.3221514e-01;1.3750000e+02;-7.6133907e-02;1.3750000e+02;-5.8825284e-02;1.3750000e+02;-1.3046958e-02;1.3750000e+02;5.1937934e-02;1.3750000e+02;1.3168229e-01;1.3750000e+02;2.0683214e-01;1.3750000e+02;2.3549825e-01;1.3750000e+02;2.1545394e-01;1.3750000e+02;1.9050658e-01;1.3750000e+02;2.2938356e-01;1.3750000e+02;1.9575176e-01;1.3750000e+02;1.4548923e-01;1.3750000e+02;9.1351613e-02;1.3750000e+02;4.7091611e-02;1.3750000e+02;-1.5968308e-03;1.3750000e+02;-4.2896613e-02;1.3750000e+02;-8.5518450e-02;1.3750000e+02;-1.3221514e-01;1.3750000e+02;-7.6133907e-02;1.3750000e+02;-5.8825284e-02;1.3750000e+02;-1.3046958e-02;1.3750000e+02;5.1937934e-02;1.3750000e+02;1.3168229e-01;1.3750000e+02;2.0683214e-01;1.3750000e+02;2.3549825e-01;1.3750000e+02;2.1545394e-01;1.3750000e+02;1.9050658e-01;1.3750000e+02;2.2938356e-01;1.3750000e+02;1.9575176e-01;1.3750000e+02;1.4548923e-01;1.3750000e+02;9.1351613e-02;1.3750000e+02;4.7091611e-02;1.3750000e+02;-1.5968308e-03;1.3750000e+02;-4.2896613e-02;1.3750000e+02;-8.5518450e-02;1.3750000e+02;-1.3221514e-01;1.3750000e+02;-7.6133907e-02;1.3750000e+02;-5.8825284e-02;1.3750000e+02;-1.3046958e-02;1.3750000e+02;5.1937934e-02;1.3750000e+02;1.3168229e-01;1.3750000e+02;2.0683214e-01;1.3750000e+02;2.3549825e-01;1.3750000e+02;2.1545394e-01;1.3750000e+02;1.9050658e-01;1.3750000e+02;2.2938356e-01;1.3750000e+02;1.9575176e-01;1.3750000e+02;1.4548923e-01;1.3750000e+02;9.1351613e-02;1.3750000e+02;4.7091611e-02;1.3750000e+02;-1.5968308e-03;1.3750000e+02;-4.2896613e-02;1.3750000e+02;-8.5518450e-02;1.3750000e+02;-1.3221514e-01;1.3750000e+02;-7.6133907e-02;1.3750000e+02;-5.8825284e-02;1.3750000e+02;-1.3046958e-02;1.3750000e+02;5.1937934e-02;1.3750000e+02;1.3168229e-01;1.3750000e+02;2.0683214e-01;1.3750000e+02;2.3549825e-01;1.3750000e+02;2.1545394e-01;1.3750000e+02;1.9050658e-01;1.3750000e+02;2.2938356e-01;1.3750000e+02;1.9575176e-01;1.3750000e+02;1.4548923e-01;1.3750000e+02;9.1351613e-02;1.3750000e+02;4.7091611e-02;1.3750000e+02;-1.5968308e-03;1.3750000e+02;-4.2896613e-02;1.3750000e+02;-8.5518450e-02;1.3750000e+02;-1.3221514e-01;1.3750000e+02;-7.6133907e-02;1.3750000e+02;-5.8825284e-02;1.3750000e+02;-1.3046958e-02;1.3750000e+02;5.1937934e-02;1.3750000e+02;1.3168229e-01;1.3750000e+02;2.0683214e-01;1.3750000e+02;2.3549825e-01;1.3750000e+02;2.1545394e-01;1.3750000e+02;1.9050658e-01;1.3750000e+02;2.2938356e-01;1.3750000e+02;1.9575176e-01;1.3750000e+02;1.4548923e-01;1.3750000e+02;9.1351613e-02;1.3750000e+02;4.7091611e-02;1.3750000e+02;-1.5968308e-03;1.3750000e+02;-4.2896613e-02;1.3750000e+02;-8.5518450e-02;1.3750000e+02;-1.3221514e-01;1.3750000e+02;-7.6133907e-02;1.3750000e+02;-5.8825284e-02;1.3750000e+02;-1.3046958e-02;1.3750000e+02;5.1937934e-02;1.3750000e+02;1.3168229e-01;1.3750000e+02;2.0683214e-01;1.3750000e+02;2.3549825e-01;1.3750000e+02;2.1545394e-01;1.3750000e+02;1.9050658e-01;1.3750000e+02;2.2938356e-01;1.3750000e+02;1.9575176e-01;1.3750000e+02;1.4548923e-01;1.3750000e+02;9.1351613e-02;1.3750000e+02;4.7091611e-02;1.3750000e+02;-1.5968308e-03;1.3750000e+02;-4.2896613e-02;1.3750000e+02;-8.5518450e-02;1.3750000e+02;-1.3221514e-01;1.3750000e+02;-7.6133907e-02;1.3750000e+02;-5.8825284e-02;1.3750000e+02;-1.3046958e-02;1.3750000e+02;5.1937934e-02;1.3750000e+02;1.3168229e-01;1.3750000e+02;2.0683214e-01;1.3750000e+02;2.3549825e-01;1.3750000e+02;2.1545394e-01;1.3750000e+02;1.9050658e-01;1.3750000e+02;2.2938356e-01;1.3750000e+02;1.9575176e-01;1.3750000e+02;1.4548923e-01;1.3750000e+02;9.1351613e-02;1.3750000e+02;4.7091611e-02;1.3750000e+02;-1.5968308e-03;1.3750000e+02;-4.2896613e-02;1.3750000e+02;-8.5518450e-02;1.3750000e+02;-1.3221514e-01;1.3750000e+02;-7.6133907e-02;1.3750000e+02;-5.8825284e-02;1.3750000e+02;-1.3046958e-02;1.3750000e+02;5.1937934e-02;1.3750000e+02;1.3168229e-01;1.3750000e+02;2.0683214e-01;1.3750000e+02;2.3549825e-01;1.3750000e+02;2.1545394e-01;1.3750000e+02;1.9050658e-01;1.3750000e+02;2.2938356e-01;1.3750000e+02;1.9575176e-01;1.3750000e+02;1.4548923e-01;1.3750000e+02;9.1351613e-02;1.3750000e+02;4.7091611e-02;1.3750000e+02;-1.5968308e-03;1.3750000e+02;-4.2896613e-02;1.3750000e+02;-8.5518450e-02;1.3750000e+02;-1.3221514e-01;1.3750000e+02;-7.6133907e-02;1.3750000e+02;-5.8825284e-02;1.3750000e+02;-1.3046958e-02;1.3750000e+02;5.1937934e-02;1.3750000e+02;1.3168229e-01;1.3750000e+02;2.0683214e-01;1.3750000e+02;2.3549825e-01;1.3750000e+02;2.1545394e-01;1.3750000e+02;1.9050658e-01;1.3750000e+02;2.2938356e-01;1.3750000e+02;1.9575176e-01;1.3750000e+02;1.4548923e-01;1.3750000e+02;9.1351613e-02;1.3750000e+02;4.7091611e-02;1.3750000e+02;-1.5968308e-03;1.3750000e+02;-4.2896613e-02;1.3750000e+02;-8.5518450e-02;1.3750000e+02;-1.3221514e-01;1.3750000e+02;-7.6133907e-02;1.3750000e+02;-5.8825284e-02;1.3750000e+02;-1.3046958e-02;1.3750000e+02;5.1937934e-02;1.3750000e+02;1.3168229e-01;1.3750000e+02;2.0683214e-01;1.3750000e+02;2.3549825e-01;1.3750000e+02;2.1545394e-01;1.3750000e+02;1.9050658e-01;1.3750000e+02;2.2938356e-01;1.3750000e+02;1.9575176e-01;1.3750000e+02;1.4548923e-01;1.3750000e+02;9.1351613e-02;1.3750000e+02;4.7091611e-02;1.3750000e+02;-1.5968308e-03;1.3750000e+02;-4.2896613e-02;1.3750000e+02;-8.5518450e-02;1.3750000e+02;-1.3221514e-01;1.3750000e+02;-7.6133907e-02;1.3750000e+02;-5.8825284e-02;1.3750000e+02;-1.3046958e-02;1.3750000e+02;5.1937934e-02;1.3750000e+02;1.3168229e-01;1.3750000e+02;2.0683214e-01;1.3750000e+02;2.3549825e-01;1.3750000e+02;2.1545394e-01;1.3750000e+02;1.9050658e-01;1.3750000e+02;2.2938356e-01;1.3750000e+02;1.9575176e-01;1.3750000e+02;1.4548923e-01;1.3750000e+02;9.1351613e-02;1.3750000e+02;4.7091611e-02;1.3750000e+02;-1.5968308e-03;1.3750000e+02;-4.2896613e-02;1.3750000e+02;-8.5518450e-02;1.3750000e+02;-1.3221514e-01;1.3750000e+02;-7.6133907e-02;1.3750000e+02;-5.8825284e-02;1.3750000e+02;-1.3046958e-02;1.3750000e+02;5.1937934e-02;1.3750000e+02;1.3168229e-01;1.3750000e+02;2.0683214e-01;1.3750000e+02;2.3549825e-01;1.3750000e+02;2.1545394e-01;1.3750000e+02;1.9050658e-01;1.3750000e+02;2.2938356e-01;1.3750000e+02;1.9575176e-01;1.3750000e+02;1.4548923e-01;1.3750000e+02;9.1351613e-02;1.3750000e+02;4.7091611e-02;1.3750000e+02;-1.5968308e-03;1.3750000e+02;-4.2896613e-02;1.3750000e+02;-8.5518450e-02;1.3750000e+02;-1.3221514e-01;1.3750000e+02;-7.6133907e-02;1.3750000e+02;-5.8825284e-02;1.3750000e+02;-1.3046958e-02;1.3750000e+02;5.1937934e-02;1.3750000e+02;1.3168229e-01;1.3750000e+02;2.0683214e-01;1.3750000e+02;2.3549825e-01;1.3750000e+02;2.1545394e-01;1.3750000e+02;1.9050658e-01;1.3750000e+02;2.2938356e-01;1.3750000e+02;1.9575176e-01;1.3750000e+02;1.4548923e-01;1.3750000e+02;9.1351613e-02;1.3750000e+02;4.7091611e-02;1.3750000e+02;-1.5968308e-03;1.3750000e+02;-4.2896613e-02;1.3750000e+02;-8.5518450e-02;1.3750000e+02;-1.3221514e-01;1.3750000e+02;-7.6133907e-02;1.3750000e+02;-5.8825284e-02;1.3750000e+02;-1.3046958e-02;1.3750000e+02;5.1937934e-02;1.3750000e+02;1.3168229e-01;1.3750000e+02;2.0683214e-01;1.3750000e+02;2.3549825e-01;1.3750000e+02;2.1545394e-01;1.3750000e+02;1.9050658e-01;1.3750000e+02;2.2938356e-01;1.3750000e+02;1.9575176e-01;1.3750000e+02;1.4548923e-01;1.3750000e+02;9.1351613e-02;1.3750000e+02;4.7091611e-02;1.3750000e+02;-1.5968308e-03;1.3750000e+02;-4.2896613e-02;1.3750000e+02;-8.5518450e-02;1.3750000e+02;-1.3221514e-01;1.3750000e+02;-7.6133907e-02;1.3750000e+02;-5.8825284e-02;1.3750000e+02;-1.3046958e-02;1.3750000e+02;5.1937934e-02;1.3750000e+02;1.3168229e-01;1.3750000e+02;2.0683214e-01;1.3750000e+02;2.3549825e-01;1.3750000e+02;2.1545394e-01;1.3750000e+02;1.9050658e-01;1.3750000e+02;2.2938356e-01;1.3750000e+02;1.9575176e-01;1.3750000e+02;1.4548923e-01;1.3750000e+02;9.1351613e-02;1.3750000e+02;4.7091611e-02;1.3750000e+02;-1.5968308e-03;1.3750000e+02;-4.2896613e-02;1.3750000e+02;-8.5518450e-02;1.3750000e+02;-1.3221514e-01;1.3750000e+02;-7.6133907e-02;1.3750000e+02;-5.8825284e-02;1.3750000e+02;-1.3046958e-02;1.3750000e+02;5.1937934e-02;1.3750000e+02;1.3168229e-01;1.3750000e+02;2.0683214e-01;1.3750000e+02;2.3549825e-01;1.3750000e+02;2.1545394e-01;1.3750000e+02;1.9050658e-01;1.3750000e+02;2.2938356e-01;1.3750000e+02;1.9575176e-01;1.3750000e+02;1.4548923e-01;1.3750000e+02;9.1351613e-02;1.3750000e+02;4.7091611e-02;1.3750000e+02;-1.5968308e-03;1.3750000e+02;-4.2896613e-02;1.3750000e+02;-8.5518450e-02;1.3750000e+02;-1.3221514e-01;1.3750000e+02;-7.6133907e-02;1.3750000e+02;-5.8825284e-02;1.3750000e+02;-1.3046958e-02;1.3750000e+02;5.1937934e-02;1.3750000e+02;1.3168229e-01;1.3750000e+02;2.0683214e-01;1.3750000e+02;2.3549825e-01;1.3750000e+02;2.1545394e-01;1.3750000e+02;1.9050658e-01;1.3750000e+02;2.2938356e-01;1.3750000e+02;1.9575176e-01;1.3750000e+02;1.4548923e-01;1.3750000e+02;9.1351613e-02;1.3750000e+02;4.7091611e-02;1.3750000e+02;-1.5968308e-03;1.3750000e+02;-4.2896613e-02;1.3750000e+02;-8.5518450e-02;1.3750000e+02;-1.3221514e-01;1.3750000e+02;-7.6133907e-02;1.3750000e+02;-5.8825284e-02;1.3750000e+02;-1.3046958e-02;1.3750000e+02;5.1937934e-02;1.3750000e+02;1.3168229e-01;1.3750000e+02;2.0683214e-01;1.3750000e+02;2.3549825e-01;1.3750000e+02;2.1545394e-01;1.3750000e+02;1.9050658e-01;1.3750000e+02;2.2938356e-01;1.3750000e+02;1.9575176e-01;1.3750000e+02;1.4548923e-01;1.3750000e+02;9.1351613e-02;1.3750000e+02;4.7091611e-02;1.3750000e+02;-1.5968308e-03;1.3750000e+02;-4.2896613e-02;1.3750000e+02;-8.5518450e-02;1.3750000e+02;-1.3221514e-01;1.3750000e+02;-7.6133907e-02;1.3750000e+02;-5.8825284e-02;1.3750000e+02;-1.3046958e-02;1.3750000e+02;5.1937934e-02;1.3750000e+02;1.3168229e-01;1.3750000e+02;2.0683214e-01;1.3750000e+02;2.3549825e-01;1.3750000e+02;2.1545394e-01;1.3750000e+02;1.9050658e-01;1.3750000e+02;2.2938356e-01;1.3750000e+02;1.9575176e-01;1.3750000e+02;1.4548923e-01;1.3750000e+02;9.1351613e-02;1.3750000e+02;4.7091611e-02;1.3750000e+02;-1.5968308e-03;1.3750000e+02;-4.2896613e-02;1.3750000e+02;-8.5518450e-02;1.3750000e+02;-1.3221514e-01;1.3750000e+02;-7.6133907e-02;1.3750000e+02;-5.8825284e-02;1.3750000e+02;-1.3046958e-02;1.3750000e+02;5.1937934e-02;1.3750000e+02;1.3168229e-01;1.3750000e+02;2.0683214e-01;1.3750000e+02;2.3549825e-01;1.3750000e+02;2.1545394e-01;1.3750000e+02;1.9050658e-01;1.3750000e+02;2.2938356e-01;1.3750000e+02;1.9575176e-01;1.3750000e+02;1.4548923e-01;1.3750000e+02;9.1351613e-02;1.3750000e+02;4.7091611e-02;1.3750000e+02;-1.5968308e-03;1.3750000e+02;-4.2896613e-02;1.3750000e+02;-8.5518450e-02;1.3750000e+02;-1.3221514e-01;1.3750000e+02;-7.6133907e-02;1.3750000e+02;-5.8825284e-02;1.3750000e+02;-1.3046958e-02;1.3750000e+02;5.1937934e-02;1.3750000e+02;1.3168229e-01;1.3750000e+02;2.0683214e-01;1.3750000e+02;2.3549825e-01;1.3750000e+02;2.1545394e-01;1.3750000e+02;1.9050658e-01;1.3750000e+02;2.2938356e-01;1.3750000e+02;1.9575176e-01;1.3750000e+02;1.4548923e-01;1.3750000e+02;9.1351613e-02;1.3750000e+02;4.7091611e-02;1.3750000e+02;-1.5968308e-03;1.3750000e+02;-4.2896613e-02;1.3750000e+02;-8.5518450e-02;1.3750000e+02;-1.3221514e-01;1.3750000e+02;-7.6133907e-02;1.3750000e+02;-5.8825284e-02;1.3750000e+02;-1.3046958e-02;1.3750000e+02;5.1937934e-02;1.3750000e+02;1.3168229e-01;1.3750000e+02;2.0683214e-01;1.3750000e+02;2.3549825e-01;1.3750000e+02;2.1545394e-01;1.3750000e+02;1.9050658e-01;1.3750000e+02;2.2938356e-01;1.3750000e+02;1.9575176e-01;1.3750000e+02;1.4548923e-01;1.3750000e+02;9.1351613e-02;1.3750000e+02;4.7091611e-02;1.3750000e+02;-1.5968308e-03;1.3750000e+02;-4.2896613e-02;1.3750000e+02;-8.5518450e-02;1.3750000e+02;-1.3221514e-01;1.3750000e+02;-7.6133907e-02;1.3750000e+02;-5.8825284e-02;1.3750000e+02;-1.3046958e-02;1.3750000e+02;5.1937934e-02;1.3750000e+02;1.3168229e-01;1.3750000e+02;2.0683214e-01;1.3750000e+02;2.3549825e-01;1.3750000e+02;2.1545394e-01;1.3750000e+02;1.9050658e-01;1.3750000e+02;2.2938356e-01;1.3750000e+02;1.9575176e-01;1.3750000e+02;1.4548923e-01;1.3750000e+02;9.1351613e-02;1.3750000e+02;4.7091611e-02;1.3750000e+02;-1.5968308e-03;1.3750000e+02;-4.2896613e-02;1.3750000e+02;-8.5518450e-02;1.3750000e+02;-1.3221514e-01;1.3750000e+02;-7.6133907e-02;1.3750000e+02;-5.8825284e-02;1.3750000e+02;-1.3046958e-02;1.3750000e+02;5.1937934e-02;1.3750000e+02;1.3168229e-01;1.3750000e+02;2.0683214e-01;1.3750000e+02;2.3549825e-01;1.3750000e+02;2.1545394e-01;1.3750000e+02;1.9050658e-01;1.3750000e+02;2.2938356e-01;1.3750000e+02;1.9575176e-01;1.3750000e+02;1.4548923e-01;1.3750000e+02;9.1351613e-02;1.3750000e+02;4.7091611e-02;1.3750000e+02;-1.5968308e-03;1.3750000e+02;-4.2896613e-02;1.3750000e+02;-8.5518450e-02;1.3750000e+02;-1.3221514e-01;1.3750000e+02;-7.6133907e-02;1.3750000e+02;-5.8825284e-02;1.3750000e+02;-1.3046958e-02;1.3750000e+02;5.1937934e-02;1.3750000e+02;1.3168229e-01;1.3750000e+02;2.0683214e-01;1.3750000e+02;2.3549825e-01;1.3750000e+02;2.1545394e-01;1.3750000e+02;1.9050658e-01;1.3750000e+02;2.2938356e-01;1.3750000e+02;1.9575176e-01;1.3750000e+02;1.4548923e-01;1.3750000e+02;9.1351613e-02;1.3750000e+02;4.7091611e-02;1.3750000e+02;-1.5968308e-03;1.3750000e+02;-4.2896613e-02;1.3750000e+02;-8.5518450e-02;1.3750000e+02;-1.3221514e-01;1.3750000e+02;-7.6133907e-02;1.3750000e+02;-5.8825284e-02;1.3750000e+02;-1.3046958e-02;1.3750000e+02;5.1937934e-02;1.3750000e+02;1.3168229e-01;1.3750000e+02;2.0683214e-01;1.3750000e+02;2.3549825e-01;1.3750000e+02;2.1545394e-01;1.3750000e+02;1.9050658e-01;1.3750000e+02;2.2938356e-01;1.3750000e+02;1.9575176e-01;1.3750000e+02;1.4548923e-01;1.3750000e+02;9.1351613e-02;1.3750000e+02;4.7091611e-02;1.3750000e+02;-1.5968308e-03;1.3750000e+02;-4.2896613e-02;1.3750000e+02;-8.5518450e-02;1.3750000e+02;-1.3221514e-01;1.3750000e+02;-7.6133907e-02;1.3750000e+02;-5.8825284e-02;1.3750000e+02;-1.3046958e-02;1.3750000e+02;5.1937934e-02;1.3750000e+02;1.3168229e-01;1.3750000e+02;2.0683214e-01;1.3750000e+02;2.3549825e-01;1.3750000e+02;2.1545394e-01;1.3750000e+02;1.9050658e-01;1.3750000e+02;2.2938356e-01;1.3750000e+02;1.9575176e-01;1.3750000e+02;1.4548923e-01;1.3750000e+02;9.1351613e-02;1.3750000e+02;4.7091611e-02;1.3750000e+02;-1.5968308e-03;1.3750000e+02;-4.2896613e-02;1.3750000e+02;-8.5518450e-02;1.3750000e+02;-1.3221514e-01;1.3750000e+02;-7.6133907e-02;1.3750000e+02;-5.8825284e-02;1.3750000e+02;-1.3046958e-02;1.3750000e+02;5.1937934e-02;1.3750000e+02;1.3168229e-01;1.3750000e+02;2.0683214e-01;1.3750000e+02;2.3549825e-01;1.3750000e+02;2.1545394e-01;1.3750000e+02;1.9050658e-01;1.3750000e+02;2.2938356e-01;1.3750000e+02;1.9575176e-01;1.3750000e+02;1.4548923e-01;1.3750000e+02;9.1351613e-02;1.3750000e+02;4.7091611e-02;1.3750000e+02;-1.5968308e-03;1.3750000e+02;-4.2896613e-02;1.3750000e+02;-8.5518450e-02;1.3750000e+02;-1.3221514e-01;1.3750000e+02;-7.6133907e-02;1.3750000e+02;-5.8825284e-02;1.3750000e+02;-1.3046958e-02;1.3750000e+02;5.1937934e-02;1.3750000e+02;1.3168229e-01;1.3750000e+02;2.0683214e-01;1.3750000e+02;2.3549825e-01;1.3750000e+02;2.1545394e-01;1.3750000e+02;1.9050658e-01;1.3750000e+02;2.2938356e-01;1.3750000e+02;1.9575176e-01;1.3750000e+02;1.4548923e-01;1.3750000e+02;9.1351613e-02;1.3750000e+02;4.7091611e-02;1.3750000e+02;-1.5968308e-03;1.3750000e+02;-4.2896613e-02;1.3750000e+02;-8.5518450e-02;1.3750000e+02;-1.3221514e-01;1.3750000e+02;-7.6133907e-02;1.3750000e+02;-5.8825284e-02;1.3750000e+02;-1.3046958e-02;1.3750000e+02;5.1937934e-02;1.3750000e+02;1.3168229e-01;1.3750000e+02;2.0683214e-01;1.3750000e+02;2.3549825e-01;1.3750000e+02;2.1545394e-01;1.3750000e+02;1.9050658e-01;1.3750000e+02;2.2938356e-01;1.3750000e+02;1.9575176e-01;1.3750000e+02;1.4548923e-01;1.3750000e+02;9.1351613e-02;1.3750000e+02;4.7091611e-02;1.3750000e+02;-1.5968308e-03;1.3750000e+02;-4.2896613e-02;1.3750000e+02;-8.5518450e-02;1.3750000e+02;-1.3221514e-01;1.3750000e+02;-7.6133907e-02;1.3750000e+02;-5.8825284e-02;1.3750000e+02;-1.3046958e-02;1.3750000e+02;5.1937934e-02;1.3750000e+02;1.3168229e-01;1.3750000e+02;2.0683214e-01;1.3750000e+02;2.3549825e-01;1.3750000e+02;2.1545394e-01;1.3750000e+02;1.9050658e-01;1.3750000e+02;2.2938356e-01;1.3750000e+02;1.9575176e-01;1.3750000e+02;1.4548923e-01;1.3750000e+02;9.1351613e-02;1.3750000e+02;4.7091611e-02;1.3750000e+02;-1.5968308e-03;1.3750000e+02;-4.2896613e-02;1.3750000e+02;-8.5518450e-02;1.3750000e+02;-1.3221514e-01;1.3750000e+02;-7.6133907e-02;1.3750000e+02;-5.8825284e-02;1.3750000e+02;-1.3046958e-02;1.3750000e+02;5.1937934e-02;1.3750000e+02;1.3168229e-01;1.3750000e+02;2.0683214e-01;1.3750000e+02;2.3549825e-01;1.3750000e+02;2.1545394e-01;1.3750000e+02;1.9050658e-01;1.3750000e+02;2.2938356e-01;1.3750000e+02;1.9575176e-01;1.3750000e+02;1.4548923e-01;1.3750000e+02;9.1351613e-02;1.3750000e+02;4.7091611e-02;1.3750000e+02;-1.5968308e-03;1.3750000e+02;-4.2896613e-02;1.3750000e+02;-8.5518450e-02;1.3750000e+02;-1.3221514e-01;1.3750000e+02;-7.6133907e-02;1.3750000e+02;-5.8825284e-02;1.3750000e+02;-1.3046958e-02;1.3750000e+02;5.1937934e-02;1.3750000e+02;1.3168229e-01;1.3750000e+02;2.0683214e-01;1.3750000e+02;2.3549825e-01;1.3750000e+02;2.1545394e-01;1.3750000e+02;1.9050658e-01;1.3750000e+02;2.2938356e-01;1.3750000e+02;1.9575176e-01;1.3750000e+02;1.4548923e-01;1.3750000e+02;9.1351613e-02;1.3750000e+02;4.7091611e-02;1.3750000e+02;-1.5968308e-03;1.3750000e+02;-4.2896613e-02;1.3750000e+02;-8.5518450e-02;1.3750000e+02;-1.3221514e-01;1.3750000e+02;-7.6133907e-02;1.3750000e+02;-5.8825284e-02;1.3750000e+02;-1.3046958e-02;1.3750000e+02;5.1937934e-02;1.3750000e+02;1.3168229e-01;1.3750000e+02;2.0683214e-01;1.3750000e+02;2.3549825e-01;1.3750000e+02;2.1545394e-01;1.3750000e+02;1.9050658e-01;1.3750000e+02;2.2938356e-01;1.3750000e+02;1.9575176e-01;1.3750000e+02;1.4548923e-01;1.3750000e+02;9.1351613e-02;1.3750000e+02;4.7091611e-02;1.3750000e+02;-1.5968308e-03;1.3750000e+02;-4.2896613e-02;1.3750000e+02;-8.5518450e-02;1.3750000e+02;-1.3221514e-01;1.3750000e+02;-7.6133907e-02;1.3750000e+02;-5.8825284e-02;1.3750000e+02;-1.3046958e-02;1.3750000e+02;5.1937934e-02;1.3750000e+02;1.3168229e-01;1.3750000e+02;2.0683214e-01;1.3750000e+02;2.3549825e-01;1.3750000e+02;2.1545394e-01;1.3750000e+02;1.9050658e-01;1.3750000e+02;2.2938356e-01;1.3750000e+02;1.9575176e-01;1.3750000e+02;1.4548923e-01;1.3750000e+02;9.1351613e-02;1.3750000e+02;4.7091611e-02;1.3750000e+02;-1.5968308e-03;1.3750000e+02;-4.2896613e-02;1.3750000e+02;-8.5518450e-02;1.3750000e+02;-1.3221514e-01;1.3750000e+02;-7.6133907e-02;1.3750000e+02;-5.8825284e-02;1.3750000e+02;-1.3046958e-02;1.3750000e+02;5.1937934e-02;1.3750000e+02;1.3168229e-01;1.3750000e+02;2.0683214e-01;1.3750000e+02;2.3549825e-01;1.3750000e+02;2.1545394e-01;1.3750000e+02;1.9050658e-01;1.3750000e+02;2.2938356e-01;1.3750000e+02;1.9575176e-01;1.3750000e+02;1.4548923e-01;1.3750000e+02;9.1351613e-02;1.3750000e+02;4.7091611e-02;1.3750000e+02;-1.5968308e-03;1.3750000e+02;-4.2896613e-02;1.3750000e+02;-8.5518450e-02;1.3750000e+02;-1.3221514e-01;1.3750000e+02;-7.6133907e-02;1.3750000e+02;-5.8825284e-02;1.3750000e+02;-1.3046958e-02;1.3750000e+02;5.1937934e-02;1.3750000e+02;1.3168229e-01;1.3750000e+02;2.0683214e-01;1.3750000e+02;2.3549825e-01;1.3750000e+02;2.1545394e-01;1.3750000e+02;1.9050658e-01;1.3750000e+02;2.2938356e-01;1.3750000e+02;1.9575176e-01;1.3750000e+02;1.4548923e-01;1.3750000e+02;9.1351613e-02;1.3750000e+02;4.7091611e-02;1.3750000e+02;-1.5968308e-03;1.3750000e+02;-4.2896613e-02;1.3750000e+02;-8.5518450e-02;1.3750000e+02;-1.3221514e-01;1.3750000e+02;-7.6133907e-02;1.3750000e+02;-5.8825284e-02;1.3750000e+02;-1.3046958e-02;1.3750000e+02;5.1937934e-02;1.3750000e+02;1.3168229e-01;1.3750000e+02;2.0683214e-01;1.3750000e+02;2.3549825e-01;1.3750000e+02;2.1545394e-01;1.3750000e+02;1.9050658e-01;1.3750000e+02;2.2938356e-01;1.3750000e+02;1.9575176e-01;1.3750000e+02;1.4548923e-01;1.3750000e+02;9.1351613e-02;1.3750000e+02;4.7091611e-02;1.3750000e+02;-1.5968308e-03;1.3750000e+02;-4.2896613e-02;1.3750000e+02;-8.5518450e-02;1.3750000e+02;-1.3221514e-01;1.3750000e+02;-7.6133907e-02;1.3750000e+02;-5.8825284e-02;1.3750000e+02;-1.3046958e-02;1.3750000e+02;5.1937934e-02;1.3750000e+02;1.3168229e-01;1.3750000e+02;2.0683214e-01;1.3750000e+02;2.3549825e-01;1.3750000e+02;2.1545394e-01;1.3750000e+02;1.9050658e-01;1.3750000e+02;2.2938356e-01;1.3750000e+02;1.9575176e-01;1.3750000e+02;1.4548923e-01;1.3750000e+02;9.1351613e-02;1.3750000e+02;4.7091611e-02;1.3750000e+02;-1.5968308e-03;1.3750000e+02;-4.2896613e-02;1.3750000e+02;-8.5518450e-02;1.3750000e+02;-1.3221514e-01;1.3750000e+02;-7.6133907e-02;1.3750000e+02;-5.8825284e-02;1.3750000e+02;-1.3046958e-02;1.3750000e+02;5.1937934e-02;1.3750000e+02;1.3168229e-01;1.3750000e+02;2.0683214e-01;1.3750000e+02;2.3549825e-01;1.3750000e+02;2.1545394e-01;1.3750000e+02;1.9050658e-01;1.3750000e+02;2.2938356e-01;1.3750000e+02;1.9575176e-01;1.3750000e+02;1.4548923e-01;1.3750000e+02;9.1351613e-02;1.3750000e+02;4.7091611e-02;1.3750000e+02;-1.5968308e-03;1.3750000e+02;-4.2896613e-02;1.3750000e+02;-8.5518450e-02;1.3750000e+02;-1.3221514e-01;1.3750000e+02;-7.6133907e-02;1.3750000e+02;-5.8825284e-02;1.3750000e+02;-1.3046958e-02;1.3750000e+02;5.1937934e-02;1.3750000e+02;1.3168229e-01;1.3750000e+02;2.0683214e-01;1.3750000e+02;2.3549825e-01;1.3750000e+02;2.1545394e-01;1.3750000e+02;1.9050658e-01;1.3750000e+02;2.2938356e-01;1.3750000e+02;1.9575176e-01;1.3750000e+02;1.4548923e-01;1.3750000e+02;9.1351613e-02;1.3750000e+02;4.7091611e-02;1.3750000e+02;-1.5968308e-03;1.3750000e+02;-4.2896613e-02;1.3750000e+02;-8.5518450e-02;1.3750000e+02;-1.3221514e-01;1.3750000e+02;-7.6133907e-02;1.3750000e+02;-5.8825284e-02;1.3750000e+02;-1.3046958e-02;1.3750000e+02;5.1937934e-02;1.3750000e+02;1.3168229e-01;1.3750000e+02;2.0683214e-01;1.3750000e+02;2.3549825e-01;1.3750000e+02;2.1545394e-01;1.3750000e+02;1.9050658e-01;1.3750000e+02;2.2938356e-01;1.3750000e+02;1.9575176e-01;1.3750000e+02;1.4548923e-01;1.3750000e+02;9.1351613e-02;1.3750000e+02;4.7091611e-02;1.3750000e+02;-1.5968308e-03;1.3750000e+02;-4.2896613e-02;1.3750000e+02;-8.5518450e-02;1.3750000e+02;-1.3221514e-01;1.3750000e+02;-7.6133907e-02;1.3750000e+02;-5.8825284e-02;1.3750000e+02;-1.3046958e-02;1.3750000e+02;5.1937934e-02;1.3750000e+02;1.3168229e-01;1.3750000e+02;2.0683214e-01;1.3750000e+02;2.3549825e-01;1.3750000e+02;2.1545394e-01;1.3750000e+02;1.9050658e-01;1.3750000e+02;2.2938356e-01;1.3750000e+02;1.9575176e-01;1.3750000e+02;1.4548923e-01;1.3750000e+02;9.1351613e-02;1.3750000e+02;4.7091611e-02;1.3750000e+02;-1.5968308e-03;1.3750000e+02;-4.2896613e-02;1.3750000e+02;-8.5518450e-02;1.3750000e+02;-1.3221514e-01;1.3750000e+02;-7.6133907e-02;1.3750000e+02;-5.8825284e-02;1.3750000e+02;-1.3046958e-02;1.3750000e+02;5.1937934e-02;1.3750000e+02;1.3168229e-01;1.3750000e+02;2.0683214e-01;1.3750000e+02;2.3549825e-01;1.3750000e+02;2.1545394e-01;1.3750000e+02;1.9050658e-01;1.3750000e+02;2.2938356e-01;1.3750000e+02;1.9575176e-01;1.3750000e+02;1.4548923e-01;1.3750000e+02;9.1351613e-02;1.3750000e+02;4.7091611e-02;1.3750000e+02;-1.5968308e-03;1.3750000e+02;-4.2896613e-02;1.3750000e+02;-8.5518450e-02;1.3750000e+02;-1.3221514e-01;1.3750000e+02;-7.6133907e-02;1.3750000e+02;-5.8825284e-02;1.3750000e+02;-1.3046958e-02;1.3750000e+02;5.1937934e-02;1.3750000e+02;1.3168229e-01;1.3750000e+02;2.0683214e-01;1.3750000e+02;2.3549825e-01;1.3750000e+02;2.1545394e-01;1.3750000e+02;1.9050658e-01;1.3750000e+02;2.2938356e-01;1.3750000e+02;1.9575176e-01;1.3750000e+02;1.4548923e-01;1.3750000e+02;9.1351613e-02;1.3750000e+02;4.7091611e-02;1.3750000e+02;-1.5968308e-03;1.3750000e+02;-4.2896613e-02;1.3750000e+02;-8.5518450e-02;1.3750000e+02;-1.3221514e-01;1.3750000e+02;-7.6133907e-02;1.3750000e+02;-5.8825284e-02;1.3750000e+02;-1.3046958e-02;1.3750000e+02;5.1937934e-02;1.3750000e+02;1.3168229e-01;1.3750000e+02;2.0683214e-01;1.3750000e+02;2.3549825e-01;1.3750000e+02;2.1545394e-01;1.3750000e+02;1.9050658e-01;1.3750000e+02;2.2938356e-01;1.3750000e+02;1.9575176e-01;1.3750000e+02;1.4548923e-01;1.3750000e+02;9.1351613e-02;1.3750000e+02;4.7091611e-02;1.3750000e+02;-1.5968308e-03;1.3750000e+02;-4.2896613e-02;1.3750000e+02;-8.5518450e-02;1.3750000e+02;-1.3221514e-01;1.3750000e+02;-7.6133907e-02;1.3750000e+02;-5.8825284e-02;1.3750000e+02;-1.3046958e-02;1.3750000e+02;5.1937934e-02;1.3750000e+02;1.3168229e-01;1.3750000e+02;2.0683214e-01;1.3750000e+02;2.3549825e-01;1.3750000e+02;2.1545394e-01;1.3750000e+02;1.9050658e-01;1.3750000e+02;2.2938356e-01;1.3750000e+02;1.9575176e-01;1.3750000e+02;1.4548923e-01;1.3750000e+02;9.1351613e-02;1.3750000e+02;4.7091611e-02;1.3750000e+02;-1.5968308e-03;1.3750000e+02;-4.2896613e-02;1.3750000e+02;-8.5518450e-02;1.3750000e+02;-1.3221514e-01;1.3750000e+02;-7.6133907e-02;1.3750000e+02;-5.8825284e-02;1.3750000e+02;-1.3046958e-02;1.3750000e+02;5.1937934e-02;1.3750000e+02;1.3168229e-01;1.3750000e+02;2.0683214e-01;1.3750000e+02;2.3549825e-01;1.3750000e+02;2.1545394e-01;1.3750000e+02;1.9050658e-01;1.3750000e+02;2.2938356e-01;1.3750000e+02;1.9575176e-01;1.3750000e+02;1.4548923e-01;1.3750000e+02;9.1351613e-02;1.3750000e+02;4.7091611e-02;1.3750000e+02;-1.5968308e-03;1.3750000e+02;-4.2896613e-02;1.3750000e+02;-8.5518450e-02;1.3750000e+02;-1.3221514e-01;1.3750000e+02;-7.6133907e-02;1.3750000e+02;-5.8825284e-02;1.3750000e+02;-1.3046958e-02;1.3750000e+02;5.1937934e-02;1.3750000e+02;1.3168229e-01;1.3750000e+02;2.0683214e-01;1.3750000e+02;2.3549825e-01;1.3750000e+02;2.1545394e-01;1.3750000e+02;1.9050658e-01;1.3750000e+02;2.2938356e-01;1.3750000e+02;1.9575176e-01;1.3750000e+02;1.4548923e-01;1.3750000e+02;9.1351613e-02;1.3750000e+02;4.7091611e-02;1.3750000e+02;-1.5968308e-03;1.3750000e+02;-4.2896613e-02;1.3750000e+02;-8.5518450e-02;1.3750000e+02;-1.3221514e-01;1.3750000e+02;-7.6133907e-02;1.3750000e+02;-5.8825284e-02;1.3750000e+02;-1.3046958e-02;1.3750000e+02;5.1937934e-02;1.3750000e+02;1.3168229e-01;1.3750000e+02;2.0683214e-01;1.3750000e+02;2.3549825e-01;1.3750000e+02;2.1545394e-01;1.3750000e+02;1.9050658e-01;1.3750000e+02;2.2938356e-01;1.3750000e+02;1.9575176e-01;1.3750000e+02;1.4548923e-01;1.3750000e+02;9.1351613e-02;1.3750000e+02;4.7091611e-02;1.3750000e+02;-1.5968308e-03;1.3750000e+02;-4.2896613e-02;1.3750000e+02;-8.5518450e-02;1.3750000e+02;-1.3221514e-01;1.3750000e+02;-7.6133907e-02;1.3750000e+02;-5.8825284e-02;1.3750000e+02;-1.3046958e-02;1.3750000e+02;5.1937934e-02;1.3750000e+02;1.3168229e-01;1.3750000e+02;2.0683214e-01;1.3750000e+02;2.3549825e-01;1.3750000e+02;2.1545394e-01;1.3750000e+02;1.9050658e-01;1.3750000e+02;2.2938356e-01;1.3750000e+02;1.9575176e-01;1.3750000e+02;1.4548923e-01;1.3750000e+02;9.1351613e-02;1.3750000e+02;4.7091611e-02;1.3750000e+02;-1.5968308e-03;1.3750000e+02;-4.2896613e-02;1.3750000e+02;-8.5518450e-02;1.3750000e+02;-1.3221514e-01;1.3750000e+02;-7.6133907e-02;1.3750000e+02;-5.8825284e-02;1.3750000e+02;-1.3046958e-02;1.3750000e+02;5.1937934e-02;1.3750000e+02;1.3168229e-01;1.3750000e+02;2.0683214e-01;1.3750000e+02;2.3549825e-01;1.3750000e+02;2.1545394e-01;1.3750000e+02;1.9050658e-01;1.3750000e+02;2.2938356e-01;1.3750000e+02;1.9575176e-01;1.3750000e+02;1.4548923e-01;1.3750000e+02;9.1351613e-02;1.3750000e+02;4.7091611e-02;1.3750000e+02;-1.5968308e-03;1.3750000e+02;-4.2896613e-02;1.3750000e+02;-8.5518450e-02;1.3750000e+02;-1.3221514e-01;1.3750000e+02;-7.6133907e-02;1.3750000e+02;-5.8825284e-02;1.3750000e+02;-1.3046958e-02;1.3750000e+02;5.1937934e-02;1.3750000e+02;1.3168229e-01;1.3750000e+02;2.0683214e-01;1.3750000e+02;2.3549825e-01;1.3750000e+02;2.1545394e-01;1.3750000e+02;1.9050658e-01;1.3750000e+02;2.2938356e-01;1.3750000e+02;1.9575176e-01;1.3750000e+02;1.4548923e-01;1.3750000e+02;9.1351613e-02;1.3750000e+02;4.7091611e-02;1.3750000e+02;-1.5968308e-03;1.3750000e+02;-4.2896613e-02;1.3750000e+02;-8.5518450e-02;1.3750000e+02;-1.3221514e-01
1.4250000e+02;-7.6184742e-02;1.4250000e+02;-6.1254580e-02;1.4250000e+02;-1.3498746e-02;1.4250000e+02;6.0103595e-02;1.4250000e+02;1.4850512e-01;1.4250000e+02;2.2407922e-01;1.4250000e+02;2.4894708e-01;1.4250000e+02;2.2085473e-01;1.4250000e+02;1.8372189e-01;1.4250000e+02;2.2518924e-01;1.4250000e+02;1.9405887e-01;1.4250000e+02;1.4584216e-01;1.4250000e+02;9.4008341e-02;1.4250000e+02;4.8645165e-02;1.4250000e+02;-1.6595609e-04;1.4250000e+02;-4.1481052e-02;1.4250000e+02;-8.4794402e-02;1.4250000e+02;-1.2932453e-01;1.4250000e+02;-7.6184742e-02;1.4250000e+02;-6.1254580e-02;1.4250000e+02;-1.3498746e-02;1.4250000e+02;6.0103595e-02;1.4250000e+02;1.4850512e-01;1.4250000e+02;2.2407922e-01;1.4250000e+02;2.4894708e-01;1.4250000e+02;2.2085473e-01;1.4250000e+02;1.8372189e-01;1.4250000e+02;2.2518924e-01;1.4250000e+02;1.9405887e-01;1.4250000e+02;1.4584216e-01;1.4250000e+02;9.4008341e-02;1.4250000e+02;4.8645165e-02;1.4250000e+02;-1.6595609e-04;1.4250000e+02;-4.1481052e-02;1.4250000e+02;-8.4794402e-02;1.4250000e+02;-1.2932453e-01;1.4250000e+02;-7.6184742e-02;1.4250000e+02;-6.1254580e-02;1.4250000e+02;-1.3498746e-02;1.4250000e+02;6.0103595e-02;1.4250000e+02;1.4850512e-01;1.4250000e+02;2.2407922e-01;1.4250000e+02;2.4894708e-01;1.4250000e+02;2.2085473e-01;1.4250000e+02;1.8372189e-01;1.4250000e+02;2.2518924e-01;1.4250000e+02;1.9405887e-01;1.4250000e+02;1.4584216e-01;1.4250000e+02;9.4008341e-02;1.4250000e+02;4.8645165e-02;1.4250000e+02;-1.6595609e-04;1.4250000e+02;-4.1481052e-02;1.4250000e+02;-8.4794402e-02;1.4250000e+02;-1.2932453e-01;1.4250000e+02;-7.6184742e-02;1.4250000e+02;-6.1254580e-02;1.4250000e+02;-1.3498746e-02;1.4250000e+02;6.0103595e-02;1.4250000e+02;1.4850512e-01;1.4250000e+02;2.2407922e-01;1.4250000e+02;2.4894708e-01;1.4250000e+02;2.2085473e-01;1.4250000e+02;1.8372189e-01;1.4250000e+02;2.2518924e-01;1.4250000e+02;1.9405887e-01;1.4250000e+02;1.4584216e-01;1.4250000e+02;9.4008341e-02;1.4250000e+02;4.8645165e-02;1.4250000e+02;-1.6595609e-04;1.4250000e+02;-4.1481052e-02;1.4250000e+02;-8.4794402e-02;1.4250000e+02;-1.2932453e-01;1.4250000e+02;-7.6184742e-02;1.4250000e+02;-6.1254580e-02;1.4250000e+02;-1.3498746e-02;1.4250000e+02;6.0103595e-02;1.4250000e+02;1.4850512e-01;1.4250000e+02;2.2407922e-01;1.4250000e+02;2.4894708e-01;1.4250000e+02;2.2085473e-01;1.4250000e+02;1.8372189e-01;1.4250000e+02;2.2518924e-01;1.4250000e+02;1.9405887e-01;1.4250000e+02;1.4584216e-01;1.4250000e+02;9.4008341e-02;1.4250000e+02;4.8645165e-02;1.4250000e+02;-1.6595609e-04;1.4250000e+02;-4.1481052e-02;1.4250000e+02;-8.4794402e-02;1.4250000e+02;-1.2932453e-01;1.4250000e+02;-7.6184742e-02;1.4250000e+02;-6.1254580e-02;1.4250000e+02;-1.3498746e-02;1.4250000e+02;6.0103595e-02;1.4250000e+02;1.4850512e-01;1.4250000e+02;2.2407922e-01;1.4250000e+02;2.4894708e-01;1.4250000e+02;2.2085473e-01;1.4250000e+02;1.8372189e-01;1.4250000e+02;2.2518924e-01;1.4250000e+02;1.9405887e-01;1.4250000e+02;1.4584216e-01;1.4250000e+02;9.4008341e-02;1.4250000e+02;4.8645165e-02;1.4250000e+02;-1.6595609e-04;1.4250000e+02;-4.1481052e-02;1.4250000e+02;-8.4794402e-02;1.4250000e+02;-1.2932453e-01;1.4250000e+02;-7.6184742e-02;1.4250000e+02;-6.1254580e-02;1.4250000e+02;-1.3498746e-02;1.4250000e+02;6.0103595e-02;1.4250000e+02;1.4850512e-01;1.4250000e+02;2.2407922e-01;1.4250000e+02;2.4894708e-01;1.4250000e+02;2.2085473e-01;1.4250000e+02;1.8372189e-01;1.4250000e+02;2.2518924e-01;1.4250000e+02;1.9405887e-01;1.4250000e+02;1.4584216e-01;1.4250000e+02;9.4008341e-02;1.4250000e+02;4.8645165e-02;1.4250000e+02;-1.6595609e-04;1.4250000e+02;-4.1481052e-02;1.4250000e+02;-8.4794402e-02;1.4250000e+02;-1.2932453e-01;1.4250000e+02;-7.6184742e-02;1.4250000e+02;-6.1254580e-02;1.4250000e+02;-1.3498746e-02;1.4250000e+02;6.0103595e-02;1.4250000e+02;1.4850512e-01;1.4250000e+02;2.2407922e-01;1.4250000e+02;2.4894708e-01;1.4250000e+02;2.2085473e-01;1.4250000e+02;1.8372189e-01;1.4250000e+02;2.2518924e-01;1.4250000e+02;1.9405887e-01;1.4250000e+02;1.4584216e-01;1.4250000e+02;9.4008341e-02;1.4250000e+02;4.8645165e-02;1.4250000e+02;-1.6595609e-04;1.4250000e+02;-4.1481052e-02;1.4250000e+02;-8.4794402e-02;1.4250000e+02;-1.2932453e-01;1.4250000e+02;-7.6184742e-02;1.4250000e+02;-6.1254580e-02;1.4250000e+02;-1.3498746e-02;1.4250000e+02;6.0103595e-02;1.4250000e+02;1.4850512e-01;1.4250000e+02;2.2407922e-01;1.4250000e+02;2.4894708e-01;1.4250000e+02;2.2085473e-01;1.4250000e+02;1.8372189e-01;1.4250000e+02;2.2518924e-01;1.4250000e+02;1.9405887e-01;1.4250000e+02;1.4584216e-01;1.4250000e+02;9.4008341e-02;1.4250000e+02;4.8645165e-02;1.4250000e+02;-1.6595609e-04;1.4250000e+02;-4.1481052e-02;1.4250000e+02;-8.4794402e-02;1.4250000e+02;-1.2932453e-01;1.4250000e+02;-7.6184742e-02;1.4250000e+02;-6.1254580e-02;1.4250000e+02;-1.3498746e-02;1.4250000e+02;6.0103595e-02;1.4250000e+02;1.4850512e-01;1.4250000e+02;2.2407922e-01;1.4250000e+02;2.4894708e-01;1.4250000e+02;2.2085473e-01;1.4250000e+02;1.8372189e-01;1.4250000e+02;2.2518924e-01;1.4250000e+02;1.9405887e-01;1.4250000e+02;1.4584216e-01;1.4250000e+02;9.4008341e-02;1.4250000e+02;4.8645165e-02;1.4250000e+02;-1.6595609e-04;1.4250000e+02;-4.1481052e-02;1.4250000e+02;-8.4794402e-02;1.4250000e+02;-1.2932453e-01;1.4250000e+02;-7.6184742e-02;1.4250000e+02;-6.1254580e-02;1.4250000e+02;-1.3498746e-02;1.4250000e+02;6.0103595e-02;1.4250000e+02;1.4850512e-01;1.4250000e+02;2.2407922e-01;1.4250000e+02;2.4894708e-01;1.4250000e+02;2.2085473e-01;1.4250000e+02;1.8372189e-01;1.4250000e+02;2.2518924e-01;1.4250000e+02;1.9405887e-01;1.4250000e+02;1.4584216e-01;1.4250000e+02;9.4008341e-02;1.4250000e+02;4.8645165e-02;1.4250000e+02;-1.6595609e-04;1.4250000e+02;-4.1481052e-02;1.4250000e+02;-8.4794402e-02;1.4250000e+02;-1.2932453e-01;1.4250000e+02;-7.6184742e-02;1.4250000e+02;-6.1254580e-02;1.4250000e+02;-1.3498746e-02;1.4250000e+02;6.0103595e-02;1.4250000e+02;1.4850512e-01;1.4250000e+02;2.2407922e-01;1.4250000e+02;2.4894708e-01;1.4250000e+02;2.2085473e-01;1.4250000e+02;1.8372189e-01;1.4250000e+02;2.2518924e-01;1.4250000e+02;1.9405887e-01;1.4250000e+02;1.4584216e-01;1.4250000e+02;9.4008341e-02;1.4250000e+02;4.8645165e-02;1.4250000e+02;-1.6595609e-04;1.4250000e+02;-4.1481052e-02;1.4250000e+02;-8.4794402e-02;1.4250000e+02;-1.2932453e-01;1.4250000e+02;-7.6184742e-02;1.4250000e+02;-6.1254580e-02;1.4250000e+02;-1.3498746e-02;1.4250000e+02;6.0103595e-02;1.4250000e+02;1.4850512e-01;1.4250000e+02;2.2407922e-01;1.4250000e+02;2.4894708e-01;1.4250000e+02;2.2085473e-01;1.4250000e+02;1.8372189e-01;1.4250000e+02;2.2518924e-01;1.4250000e+02;1.9405887e-01;1.4250000e+02;1.4584216e-01;1.4250000e+02;9.4008341e-02;1.4250000e+02;4.8645165e-02;1.4250000e+02;-1.6595609e-04;1.4250000e+02;-4.1481052e-02;1.4250000e+02;-8.4794402e-02;1.4250000e+02;-1.2932453e-01;1.4250000e+02;-7.6184742e-02;1.4250000e+02;-6.1254580e-02;1.4250000e+02;-1.3498746e-02;1.4250000e+02;6.0103595e-02;1.4250000e+02;1.4850512e-01;1.4250000e+02;2.2407922e-01;1.4250000e+02;2.4894708e-01;1.4250000e+02;2.2085473e-01;1.4250000e+02;1.8372189e-01;1.4250000e+02;2.2518924e-01;1.4250000e+02;1.9405887e-01;1.4250000e+02;1.4584216e-01;1.4250000e+02;9.4008341e-02;1.4250000e+02;4.8645165e-02;1.4250000e+02;-1.6595609e-04;1.4250000e+02;-4.1481052e-02;1.4250000e+02;-8.4794402e-02;1.4250000e+02;-1.2932453e-01;1.4250000e+02;-7.6184742e-02;1.4250000e+02;-6.1254580e-02;1.4250000e+02;-1.3498746e-02;1.4250000e+02;6.0103595e-02;1.4250000e+02;1.4850512e-01;1.4250000e+02;2.2407922e-01;1.4250000e+02;2.4894708e-01;1.4250000e+02;2.2085473e-01;1.4250000e+02;1.8372189e-01;1.4250000e+02;2.2518924e-01;1.4250000e+02;1.9405887e-01;1.4250000e+02;1.4584216e-01;1.4250000e+02;9.4008341e-02;1.4250000e+02;4.8645165e-02;1.4250000e+02;-1.6595609e-04;1.4250000e+02;-4.1481052e-02;1.4250000e+02;-8.4794402e-02;1.4250000e+02;-1.2932453e-01;1.4250000e+02;-7.6184742e-02;1.4250000e+02;-6.1254580e-02;1.4250000e+02;-1.3498746e-02;1.4250000e+02;6.0103595e-02;1.4250000e+02;1.4850512e-01;1.4250000e+02;2.2407922e-01;1.4250000e+02;2.4894708e-01;1.4250000e+02;2.2085473e-01;1.4250000e+02;1.8372189e-01;1.4250000e+02;2.2518924e-01;1.4250000e+02;1.9405887e-01;1.4250000e+02;1.4584216e-01;1.4250000e+02;9.4008341e-02;1.4250000e+02;4.8645165e-02;1.4250000e+02;-1.6595609e-04;1.4250000e+02;-4.1481052e-02;1.4250000e+02;-8.4794402e-02;1.4250000e+02;-1.2932453e-01;1.4250000e+02;-7.6184742e-02;1.4250000e+02;-6.1254580e-02;1.4250000e+02;-1.3498746e-02;1.4250000e+02;6.0103595e-02;1.4250000e+02;1.4850512e-01;1.4250000e+02;2.2407922e-01;1.4250000e+02;2.4894708e-01;1.4250000e+02;2.2085473e-01;1.4250000e+02;1.8372189e-01;1.4250000e+02;2.2518924e-01;1.4250000e+02;1.9405887e-01;1.4250000e+02;1.4584216e-01;1.4250000e+02;9.4008341e-02;1.4250000e+02;4.8645165e-02;1.4250000e+02;-1.6595609e-04;1.4250000e+02;-4.1481052e-02;1.4250000e+02;-8.4794402e-02;1.4250000e+02;-1.2932453e-01;1.4250000e+02;-7.6184742e-02;1.4250000e+02;-6.1254580e-02;1.4250000e+02;-1.3498746e-02;1.4250000e+02;6.0103595e-02;1.4250000e+02;1.4850512e-01;1.4250000e+02;2.2407922e-01;1.4250000e+02;2.4894708e-01;1.4250000e+02;2.2085473e-01;1.4250000e+02;1.8372189e-01;1.4250000e+02;2.2518924e-01;1.4250000e+02;1.9405887e-01;1.4250000e+02;1.4584216e-01;1.4250000e+02;9.4008341e-02;1.4250000e+02;4.8645165e-02;1.4250000e+02;-1.6595609e-04;1.4250000e+02;-4.1481052e-02;1.4250000e+02;-8.4794402e-02;1.4250000e+02;-1.2932453e-01;1.4250000e+02;-7.6184742e-02;1.4250000e+02;-6.1254580e-02;1.4250000e+02;-1.3498746e-02;1.4250000e+02;6.0103595e-02;1.4250000e+02;1.4850512e-01;1.4250000e+02;2.2407922e-01;1.4250000e+02;2.4894708e-01;1.4250000e+02;2.2085473e-01;1.4250000e+02;1.8372189e-01;1.4250000e+02;2.2518924e-01;1.4250000e+02;1.9405887e-01;1.4250000e+02;1.4584216e-01;1.4250000e+02;9.4008341e-02;1.4250000e+02;4.8645165e-02;1.4250000e+02;-1.6595609e-04;1.4250000e+02;-4.1481052e-02;1.4250000e+02;-8.4794402e-02;1.4250000e+02;-1.2932453e-01;1.4250000e+02;-7.6184742e-02;1.4250000e+02;-6.1254580e-02;1.4250000e+02;-1.3498746e-02;1.4250000e+02;6.0103595e-02;1.4250000e+02;1.4850512e-01;1.4250000e+02;2.2407922e-01;1.4250000e+02;2.4894708e-01;1.4250000e+02;2.2085473e-01;1.4250000e+02;1.8372189e-01;1.4250000e+02;2.2518924e-01;1.4250000e+02;1.9405887e-01;1.4250000e+02;1.4584216e-01;1.4250000e+02;9.4008341e-02;1.4250000e+02;4.8645165e-02;1.4250000e+02;-1.6595609e-04;1.4250000e+02;-4.1481052e-02;1.4250000e+02;-8.4794402e-02;1.4250000e+02;-1.2932453e-01;1.4250000e+02;-7.6184742e-02;1.4250000e+02;-6.1254580e-02;1.4250000e+02;-1.3498746e-02;1.4250000e+02;6.0103595e-02;1.4250000e+02;1.4850512e-01;1.4250000e+02;2.2407922e-01;1.4250000e+02;2.4894708e-01;1.4250000e+02;2.2085473e-01;1.4250000e+02;1.8372189e-01;1.4250000e+02;2.2518924e-01;1.4250000e+02;1.9405887e-01;1.4250000e+02;1.4584216e-01;1.4250000e+02;9.4008341e-02;1.4250000e+02;4.8645165e-02;1.4250000e+02;-1.6595609e-04;1.4250000e+02;-4.1481052e-02;1.4250000e+02;-8.4794402e-02;1.4250000e+02;-1.2932453e-01;1.4250000e+02;-7.6184742e-02;1.4250000e+02;-6.1254580e-02;1.4250000e+02;-1.3498746e-02;1.4250000e+02;6.0103595e-02;1.4250000e+02;1.4850512e-01;1.4250000e+02;2.2407922e-01;1.4250000e+02;2.4894708e-01;1.4250000e+02;2.2085473e-01;1.4250000e+02;1.8372189e-01;1.4250000e+02;2.2518924e-01;1.4250000e+02;1.9405887e-01;1.4250000e+02;1.4584216e-01;1.4250000e+02;9.4008341e-02;1.4250000e+02;4.8645165e-02;1.4250000e+02;-1.6595609e-04;1.4250000e+02;-4.1481052e-02;1.4250000e+02;-8.4794402e-02;1.4250000e+02;-1.2932453e-01;1.4250000e+02;-7.6184742e-02;1.4250000e+02;-6.1254580e-02;1.4250000e+02;-1.3498746e-02;1.4250000e+02;6.0103595e-02;1.4250000e+02;1.4850512e-01;1.4250000e+02;2.2407922e-01;1.4250000e+02;2.4894708e-01;1.4250000e+02;2.2085473e-01;1.4250000e+02;1.8372189e-01;1.4250000e+02;2.2518924e-01;1.4250000e+02;1.9405887e-01;1.4250000e+02;1.4584216e-01;1.4250000e+02;9.4008341e-02;1.4250000e+02;4.8645165e-02;1.4250000e+02;-1.6595609e-04;1.4250000e+02;-4.1481052e-02;1.4250000e+02;-8.4794402e-02;1.4250000e+02;-1.2932453e-01;1.4250000e+02;-7.6184742e-02;1.4250000e+02;-6.1254580e-02;1.4250000e+02;-1.3498746e-02;1.4250000e+02;6.0103595e-02;1.4250000e+02;1.4850512e-01;1.4250000e+02;2.2407922e-01;1.4250000e+02;2.4894708e-01;1.4250000e+02;2.2085473e-01;1.4250000e+02;1.8372189e-01;1.4250000e+02;2.2518924e-01;1.4250000e+02;1.9405887e-01;1.4250000e+02;1.4584216e-01;1.4250000e+02;9.4008341e-02;1.4250000e+02;4.8645165e-02;1.4250000e+02;-1.6595609e-04;1.4250000e+02;-4.1481052e-02;1.4250000e+02;-8.4794402e-02;1.4250000e+02;-1.2932453e-01;1.4250000e+02;-7.6184742e-02;1.4250000e+02;-6.1254580e-02;1.4250000e+02;-1.3498746e-02;1.4250000e+02;6.0103595e-02;1.4250000e+02;1.4850512e-01;1.4250000e+02;2.2407922e-01;1.4250000e+02;2.4894708e-01;1.4250000e+02;2.2085473e-01;1.4250000e+02;1.8372189e-01;1.4250000e+02;2.2518924e-01;1.4250000e+02;1.9405887e-01;1.4250000e+02;1.4584216e-01;1.4250000e+02;9.4008341e-02;1.4250000e+02;4.8645165e-02;1.4250000e+02;-1.6595609e-04;1.4250000e+02;-4.1481052e-02;1.4250000e+02;-8.4794402e-02;1.4250000e+02;-1.2932453e-01;1.4250000e+02;-7.6184742e-02;1.4250000e+02;-6.1254580e-02;1.4250000e+02;-1.3498746e-02;1.4250000e+02;6.0103595e-02;1.4250000e+02;1.4850512e-01;1.4250000e+02;2.2407922e-01;1.4250000e+02;2.4894708e-01;1.4250000e+02;2.2085473e-01;1.4250000e+02;1.8372189e-01;1.4250000e+02;2.2518924e-01;1.4250000e+02;1.9405887e-01;1.4250000e+02;1.4584216e-01;1.4250000e+02;9.4008341e-02;1.4250000e+02;4.8645165e-02;1.4250000e+02;-1.6595609e-04;1.4250000e+02;-4.1481052e-02;1.4250000e+02;-8.4794402e-02;1.4250000e+02;-1.2932453e-01;1.4250000e+02;-7.6184742e-02;1.4250000e+02;-6.1254580e-02;1.4250000e+02;-1.3498746e-02;1.4250000e+02;6.0103595e-02;1.4250000e+02;1.4850512e-01;1.4250000e+02;2.2407922e-01;1.4250000e+02;2.4894708e-01;1.4250000e+02;2.2085473e-01;1.4250000e+02;1.8372189e-01;1.4250000e+02;2.2518924e-01;1.4250000e+02;1.9405887e-01;1.4250000e+02;1.4584216e-01;1.4250000e+02;9.4008341e-02;1.4250000e+02;4.8645165e-02;1.4250000e+02;-1.6595609e-04;1.4250000e+02;-4.1481052e-02;1.4250000e+02;-8.4794402e-02;1.4250000e+02;-1.2932453e-01;1.4250000e+02;-7.6184742e-02;1.4250000e+02;-6.1254580e-02;1.4250000e+02;-1.3498746e-02;1.4250000e+02;6.0103595e-02;1.4250000e+02;1.4850512e-01;1.4250000e+02;2.2407922e-01;1.4250000e+02;2.4894708e-01;1.4250000e+02;2.2085473e-01;1.4250000e+02;1.8372189e-01;1.4250000e+02;2.2518924e-01;1.4250000e+02;1.9405887e-01;1.4250000e+02;1.4584216e-01;1.4250000e+02;9.4008341e-02;1.4250000e+02;4.8645165e-02;1.4250000e+02;-1.6595609e-04;1.4250000e+02;-4.1481052e-02;1.4250000e+02;-8.4794402e-02;1.4250000e+02;-1.2932453e-01;1.4250000e+02;-7.6184742e-02;1.4250000e+02;-6.1254580e-02;1.4250000e+02;-1.3498746e-02;1.4250000e+02;6.0103595e-02;1.4250000e+02;1.4850512e-01;1.4250000e+02;2.2407922e-01;1.4250000e+02;2.4894708e-01;1.4250000e+02;2.2085473e-01;1.4250000e+02;1.8372189e-01;1.4250000e+02;2.2518924e-01;1.4250000e+02;1.9405887e-01;1.4250000e+02;1.4584216e-01;1.4250000e+02;9.4008341e-02;1.4250000e+02;4.8645165e-02;1.4250000e+02;-1.6595609e-04;1.4250000e+02;-4.1481052e-02;1.4250000e+02;-8.4794402e-02;1.4250000e+02;-1.2932453e-01;1.4250000e+02;-7.6184742e-02;1.4250000e+02;-6.1254580e-02;1.4250000e+02;-1.3498746e-02;1.4250000e+02;6.0103595e-02;1.4250000e+02;1.4850512e-01;1.4250000e+02;2.2407922e-01;1.4250000e+02;2.4894708e-01;1.4250000e+02;2.2085473e-01;1.4250000e+02;1.8372189e-01;1.4250000e+02;2.2518924e-01;1.4250000e+02;1.9405887e-01;1.4250000e+02;1.4584216e-01;1.4250000e+02;9.4008341e-02;1.4250000e+02;4.8645165e-02;1.4250000e+02;-1.6595609e-04;1.4250000e+02;-4.1481052e-02;1.4250000e+02;-8.4794402e-02;1.4250000e+02;-1.2932453e-01;1.4250000e+02;-7.6184742e-02;1.4250000e+02;-6.1254580e-02;1.4250000e+02;-1.3498746e-02;1.4250000e+02;6.0103595e-02;1.4250000e+02;1.4850512e-01;1.4250000e+02;2.2407922e-01;1.4250000e+02;2.4894708e-01;1.4250000e+02;2.2085473e-01;1.4250000e+02;1.8372189e-01;1.4250000e+02;2.2518924e-01;1.4250000e+02;1.9405887e-01;1.4250000e+02;1.4584216e-01;1.4250000e+02;9.4008341e-02;1.4250000e+02;4.8645165e-02;1.4250000e+02;-1.6595609e-04;1.4250000e+02;-4.1481052e-02;1.4250000e+02;-8.4794402e-02;1.4250000e+02;-1.2932453e-01;1.4250000e+02;-7.6184742e-02;1.4250000e+02;-6.1254580e-02;1.4250000e+02;-1.3498746e-02;1.4250000e+02;6.0103595e-02;1.4250000e+02;1.4850512e-01;1.4250000e+02;2.2407922e-01;1.4250000e+02;2.4894708e-01;1.4250000e+02;2.2085473e-01;1.4250000e+02;1.8372189e-01;1.4250000e+02;2.2518924e-01;1.4250000e+02;1.9405887e-01;1.4250000e+02;1.4584216e-01;1.4250000e+02;9.4008341e-02;1.4250000e+02;4.8645165e-02;1.4250000e+02;-1.6595609e-04;1.4250000e+02;-4.1481052e-02;1.4250000e+02;-8.4794402e-02;1.4250000e+02;-1.2932453e-01;1.4250000e+02;-7.6184742e-02;1.4250000e+02;-6.1254580e-02;1.4250000e+02;-1.3498746e-02;1.4250000e+02;6.0103595e-02;1.4250000e+02;1.4850512e-01;1.4250000e+02;2.2407922e-01;1.4250000e+02;2.4894708e-01;1.4250000e+02;2.2085473e-01;1.4250000e+02;1.8372189e-01;1.4250000e+02;2.2518924e-01;1.4250000e+02;1.9405887e-01;1.4250000e+02;1.4584216e-01;1.4250000e+02;9.4008341e-02;1.4250000e+02;4.8645165e-02;1.4250000e+02;-1.6595609e-04;1.4250000e+02;-4.1481052e-02;1.4250000e+02;-8.4794402e-02;1.4250000e+02;-1.2932453e-01;1.4250000e+02;-7.6184742e-02;1.4250000e+02;-6.1254580e-02;1.4250000e+02;-1.3498746e-02;1.4250000e+02;6.0103595e-02;1.4250000e+02;1.4850512e-01;1.4250000e+02;2.2407922e-01;1.4250000e+02;2.4894708e-01;1.4250000e+02;2.2085473e-01;1.4250000e+02;1.8372189e-01;1.4250000e+02;2.2518924e-01;1.4250000e+02;1.9405887e-01;1.4250000e+02;1.4584216e-01;1.4250000e+02;9.4008341e-02;1.4250000e+02;4.8645165e-02;1.4250000e+02;-1.6595609e-04;1.4250000e+02;-4.1481052e-02;1.4250000e+02;-8.4794402e-02;1.4250000e+02;-1.2932453e-01;1.4250000e+02;-7.6184742e-02;1.4250000e+02;-6.1254580e-02;1.4250000e+02;-1.3498746e-02;1.4250000e+02;6.0103595e-02;1.4250000e+02;1.4850512e-01;1.4250000e+02;2.2407922e-01;1.4250000e+02;2.4894708e-01;1.4250000e+02;2.2085473e-01;1.4250000e+02;1.8372189e-01;1.4250000e+02;2.2518924e-01;1.4250000e+02;1.9405887e-01;1.4250000e+02;1.4584216e-01;1.4250000e+02;9.4008341e-02;1.4250000e+02;4.8645165e-02;1.4250000e+02;-1.6595609e-04;1.4250000e+02;-4.1481052e-02;1.4250000e+02;-8.4794402e-02;1.4250000e+02;-1.2932453e-01;1.4250000e+02;-7.6184742e-02;1.4250000e+02;-6.1254580e-02;1.4250000e+02;-1.3498746e-02;1.4250000e+02;6.0103595e-02;1.4250000e+02;1.4850512e-01;1.4250000e+02;2.2407922e-01;1.4250000e+02;2.4894708e-01;1.4250000e+02;2.2085473e-01;1.4250000e+02;1.8372189e-01;1.4250000e+02;2.2518924e-01;1.4250000e+02;1.9405887e-01;1.4250000e+02;1.4584216e-01;1.4250000e+02;9.4008341e-02;1.4250000e+02;4.8645165e-02;1.4250000e+02;-1.6595609e-04;1.4250000e+02;-4.1481052e-02;1.4250000e+02;-8.4794402e-02;1.4250000e+02;-1.2932453e-01;1.4250000e+02;-7.6184742e-02;1.4250000e+02;-6.1254580e-02;1.4250000e+02;-1.3498746e-02;1.4250000e+02;6.0103595e-02;1.4250000e+02;1.4850512e-01;1.4250000e+02;2.2407922e-01;1.4250000e+02;2.4894708e-01;1.4250000e+02;2.2085473e-01;1.4250000e+02;1.8372189e-01;1.4250000e+02;2.2518924e-01;1.4250000e+02;1.9405887e-01;1.4250000e+02;1.4584216e-01;1.4250000e+02;9.4008341e-02;1.4250000e+02;4.8645165e-02;1.4250000e+02;-1.6595609e-04;1.4250000e+02;-4.1481052e-02;1.4250000e+02;-8.4794402e-02;1.4250000e+02;-1.2932453e-01;1.4250000e+02;-7.6184742e-02;1.4250000e+02;-6.1254580e-02;1.4250000e+02;-1.3498746e-02;1.4250000e+02;6.0103595e-02;1.4250000e+02;1.4850512e-01;1.4250000e+02;2.2407922e-01;1.4250000e+02;2.4894708e-01;1.4250000e+02;2.2085473e-01;1.4250000e+02;1.8372189e-01;1.4250000e+02;2.2518924e-01;1.4250000e+02;1.9405887e-01;1.4250000e+02;1.4584216e-01;1.4250000e+02;9.4008341e-02;1.4250000e+02;4.8645165e-02;1.4250000e+02;-1.6595609e-04;1.4250000e+02;-4.1481052e-02;1.4250000e+02;-8.4794402e-02;1.4250000e+02;-1.2932453e-01;1.4250000e+02;-7.6184742e-02;1.4250000e+02;-6.1254580e-02;1.4250000e+02;-1.3498746e-02;1.4250000e+02;6.0103595e-02;1.4250000e+02;1.4850512e-01;1.4250000e+02;2.2407922e-01;1.4250000e+02;2.4894708e-01;1.4250000e+02;2.2085473e-01;1.4250000e+02;1.8372189e-01;1.4250000e+02;2.2518924e-01;1.4250000e+02;1.9405887e-01;1.4250000e+02;1.4584216e-01;1.4250000e+02;9.4008341e-02;1.4250000e+02;4.8645165e-02;1.4250000e+02;-1.6595609e-04;1.4250000e+02;-4.1481052e-02;1.4250000e+02;-8.4794402e-02;1.4250000e+02;-1.2932453e-01;1.4250000e+02;-7.6184742e-02;1.4250000e+02;-6.1254580e-02;1.4250000e+02;-1.3498746e-02;1.4250000e+02;6.0103595e-02;1.4250000e+02;1.4850512e-01;1.4250000e+02;2.2407922e-01;1.4250000e+02;2.4894708e-01;1.4250000e+02;2.2085473e-01;1.4250000e+02;1.8372189e-01;1.4250000e+02;2.2518924e-01;1.4250000e+02;1.9405887e-01;1.4250000e+02;1.4584216e-01;1.4250000e+02;9.4008341e-02;1.4250000e+02;4.8645165e-02;1.4250000e+02;-1.6595609e-04;1.4250000e+02;-4.1481052e-02;1.4250000e+02;-8.4794402e-02;1.4250000e+02;-1.2932453e-01;1.4250000e+02;-7.6184742e-02;1.4250000e+02;-6.1254580e-02;1.4250000e+02;-1.3498746e-02;1.4250000e+02;6.0103595e-02;1.4250000e+02;1.4850512e-01;1.4250000e+02;2.2407922e-01;1.4250000e+02;2.4894708e-01;1.4250000e+02;2.2085473e-01;1.4250000e+02;1.8372189e-01;1.4250000e+02;2.2518924e-01;1.4250000e+02;1.9405887e-01;1.4250000e+02;1.4584216e-01;1.4250000e+02;9.4008341e-02;1.4250000e+02;4.8645165e-02;1.4250000e+02;-1.6595609e-04;1.4250000e+02;-4.1481052e-02;1.4250000e+02;-8.4794402e-02;1.4250000e+02;-1.2932453e-01;1.4250000e+02;-7.6184742e-02;1.4250000e+02;-6.1254580e-02;1.4250000e+02;-1.3498746e-02;1.4250000e+02;6.0103595e-02;1.4250000e+02;1.4850512e-01;1.4250000e+02;2.2407922e-01;1.4250000e+02;2.4894708e-01;1.4250000e+02;2.2085473e-01;1.4250000e+02;1.8372189e-01;1.4250000e+02;2.2518924e-01;1.4250000e+02;1.9405887e-01;1.4250000e+02;1.4584216e-01;1.4250000e+02;9.4008341e-02;1.4250000e+02;4.8645165e-02;1.4250000e+02;-1.6595609e-04;1.4250000e+02;-4.1481052e-02;1.4250000e+02;-8.4794402e-02;1.4250000e+02;-1.2932453e-01;1.4250000e+02;-7.6184742e-02;1.4250000e+02;-6.1254580e-02;1.4250000e+02;-1.3498746e-02;1.4250000e+02;6.0103595e-02;1.4250000e+02;1.4850512e-01;1.4250000e+02;2.2407922e-01;1.4250000e+02;2.4894708e-01;1.4250000e+02;2.2085473e-01;1.4250000e+02;1.8372189e-01;1.4250000e+02;2.2518924e-01;1.4250000e+02;1.9405887e-01;1.4250000e+02;1.4584216e-01;1.4250000e+02;9.4008341e-02;1.4250000e+02;4.8645165e-02;1.4250000e+02;-1.6595609e-04;1.4250000e+02;-4.1481052e-02;1.4250000e+02;-8.4794402e-02;1.4250000e+02;-1.2932453e-01;1.4250000e+02;-7.6184742e-02;1.4250000e+02;-6.1254580e-02;1.4250000e+02;-1.3498746e-02;1.4250000e+02;6.0103595e-02;1.4250000e+02;1.4850512e-01;1.4250000e+02;2.2407922e-01;1.4250000e+02;2.4894708e-01;1.4250000e+02;2.2085473e-01;1.4250000e+02;1.8372189e-01;1.4250000e+02;2.2518924e-01;1.4250000e+02;1.9405887e-01;1.4250000e+02;1.4584216e-01;1.4250000e+02;9.4008341e-02;1.4250000e+02;4.8645165e-02;1.4250000e+02;-1.6595609e-04;1.4250000e+02;-4.1481052e-02;1.4250000e+02;-8.4794402e-02;1.4250000e+02;-1.2932453e-01;1.4250000e+02;-7.6184742e-02;1.4250000e+02;-6.1254580e-02;1.4250000e+02;-1.3498746e-02;1.4250000e+02;6.0103595e-02;1.4250000e+02;1.4850512e-01;1.4250000e+02;2.2407922e-01;1.4250000e+02;2.4894708e-01;1.4250000e+02;2.2085473e-01;1.4250000e+02;1.8372189e-01;1.4250000e+02;2.2518924e-01;1.4250000e+02;1.9405887e-01;1.4250000e+02;1.4584216e-01;1.4250000e+02;9.4008341e-02;1.4250000e+02;4.8645165e-02;1.4250000e+02;-1.6595609e-04;1.4250000e+02;-4.1481052e-02;1.4250000e+02;-8.4794402e-02;1.4250000e+02;-1.2932453e-01;1.4250000e+02;-7.6184742e-02;1.4250000e+02;-6.1254580e-02;1.4250000e+02;-1.3498746e-02;1.4250000e+02;6.0103595e-02;1.4250000e+02;1.4850512e-01;1.4250000e+02;2.2407922e-01;1.4250000e+02;2.4894708e-01;1.4250000e+02;2.2085473e-01;1.4250000e+02;1.8372189e-01;1.4250000e+02;2.2518924e-01;1.4250000e+02;1.9405887e-01;1.4250000e+02;1.4584216e-01;1.4250000e+02;9.4008341e-02;1.4250000e+02;4.8645165e-02;1.4250000e+02;-1.6595609e-04;1.4250000e+02;-4.1481052e-02;1.4250000e+02;-8.4794402e-02;1.4250000e+02;-1.2932453e-01;1.4250000e+02;-7.6184742e-02;1.4250000e+02;-6.1254580e-02;1.4250000e+02;-1.3498746e-02;1.4250000e+02;6.0103595e-02;1.4250000e+02;1.4850512e-01;1.4250000e+02;2.2407922e-01;1.4250000e+02;2.4894708e-01;1.4250000e+02;2.2085473e-01;1.4250000e+02;1.8372189e-01;1.4250000e+02;2.2518924e-01;1.4250000e+02;1.9405887e-01;1.4250000e+02;1.4584216e-01;1.4250000e+02;9.4008341e-02;1.4250000e+02;4.8645165e-02;1.4250000e+02;-1.6595609e-04;1.4250000e+02;-4.1481052e-02;1.4250000e+02;-8.4794402e-02;1.4250000e+02;-1.2932453e-01;1.4250000e+02;-7.6184742e-02;1.4250000e+02;-6.1254580e-02;1.4250000e+02;-1.3498746e-02;1.4250000e+02;6.0103595e-02;1.4250000e+02;1.4850512e-01;1.4250000e+02;2.2407922e-01;1.4250000e+02;2.4894708e-01;1.4250000e+02;2.2085473e-01;1.4250000e+02;1.8372189e-01;1.4250000e+02;2.2518924e-01;1.4250000e+02;1.9405887e-01;1.4250000e+02;1.4584216e-01;1.4250000e+02;9.4008341e-02;1.4250000e+02;4.8645165e-02;1.4250000e+02;-1.6595609e-04;1.4250000e+02;-4.1481052e-02;1.4250000e+02;-8.4794402e-02;1.4250000e+02;-1.2932453e-01;1.4250000e+02;-7.6184742e-02;1.4250000e+02;-6.1254580e-02;1.4250000e+02;-1.3498746e-02;1.4250000e+02;6.0103595e-02;1.4250000e+02;1.4850512e-01;1.4250000e+02;2.2407922e-01;1.4250000e+02;2.4894708e-01;1.4250000e+02;2.2085473e-01;1.4250000e+02;1.8372189e-01;1.4250000e+02;2.2518924e-01;1.4250000e+02;1.9405887e-01;1.4250000e+02;1.4584216e-01;1.4250000e+02;9.4008341e-02;1.4250000e+02;4.8645165e-02;1.4250000e+02;-1.6595609e-04;1.4250000e+02;-4.1481052e-02;1.4250000e+02;-8.4794402e-02;1.4250000e+02;-1.2932453e-01;1.4250000e+02;-7.6184742e-02;1.4250000e+02;-6.1254580e-02;1.4250000e+02;-1.3498746e-02;1.4250000e+02;6.0103595e-02;1.4250000e+02;1.4850512e-01;1.4250000e+02;2.2407922e-01;1.4250000e+02;2.4894708e-01;1.4250000e+02;2.2085473e-01;1.4250000e+02;1.8372189e-01;1.4250000e+02;2.2518924e-01;1.4250000e+02;1.9405887e-01;1.4250000e+02;1.4584216e-01;1.4250000e+02;9.4008341e-02;1.4250000e+02;4.8645165e-02;1.4250000e+02;-1.6595609e-04;1.4250000e+02;-4.1481052e-02;1.4250000e+02;-8.4794402e-02;1.4250000e+02;-1.2932453e-01;1.4250000e+02;-7.6184742e-02;1.4250000e+02;-6.1254580e-02;1.4250000e+02;-1.3498746e-02;1.4250000e+02;6.0103595e-02;1.4250000e+02;1.4850512e-01;1.4250000e+02;2.2407922e-01;1.4250000e+02;2.4894708e-01;1.4250000e+02;2.2085473e-01;1.4250000e+02;1.8372189e-01;1.4250000e+02;2.2518924e-01;1.4250000e+02;1.9405887e-01;1.4250000e+02;1.4584216e-01;1.4250000e+02;9.4008341e-02;1.4250000e+02;4.8645165e-02;1.4250000e+02;-1.6595609e-04;1.4250000e+02;-4.1481052e-02;1.4250000e+02;-8.4794402e-02;1.4250000e+02;-1.2932453e-01;1.4250000e+02;-7.6184742e-02;1.4250000e+02;-6.1254580e-02;1.4250000e+02;-1.3498746e-02;1.4250000e+02;6.0103595e-02;1.4250000e+02;1.4850512e-01;1.4250000e+02;2.2407922e-01;1.4250000e+02;2.4894708e-01;1.4250000e+02;2.2085473e-01;1.4250000e+02;1.8372189e-01;1.4250000e+02;2.2518924e-01;1.4250000e+02;1.9405887e-01;1.4250000e+02;1.4584216e-01;1.4250000e+02;9.4008341e-02;1.4250000e+02;4.8645165e-02;1.4250000e+02;-1.6595609e-04;1.4250000e+02;-4.1481052e-02;1.4250000e+02;-8.4794402e-02;1.4250000e+02;-1.2932453e-01;1.4250000e+02;-7.6184742e-02;1.4250000e+02;-6.1254580e-02;1.4250000e+02;-1.3498746e-02;1.4250000e+02;6.0103595e-02;1.4250000e+02;1.4850512e-01;1.4250000e+02;2.2407922e-01;1.4250000e+02;2.4894708e-01;1.4250000e+02;2.2085473e-01;1.4250000e+02;1.8372189e-01;1.4250000e+02;2.2518924e-01;1.4250000e+02;1.9405887e-01;1.4250000e+02;1.4584216e-01;1.4250000e+02;9.4008341e-02;1.4250000e+02;4.8645165e-02;1.4250000e+02;-1.6595609e-04;1.4250000e+02;-4.1481052e-02;1.4250000e+02;-8.4794402e-02;1.4250000e+02;-1.2932453e-01;1.4250000e+02;-7.6184742e-02;1.4250000e+02;-6.1254580e-02;1.4250000e+02;-1.3498746e-02;1.4250000e+02;6.0103595e-02;1.4250000e+02;1.4850512e-01;1.4250000e+02;2.2407922e-01;1.4250000e+02;2.4894708e-01;1.4250000e+02;2.2085473e-01;1.4250000e+02;1.8372189e-01;1.4250000e+02;2.2518924e-01;1.4250000e+02;1.9405887e-01;1.4250000e+02;1.4584216e-01;1.4250000e+02;9.4008341e-02;1.4250000e+02;4.8645165e-02;1.4250000e+02;-1.6595609e-04;1.4250000e+02;-4.1481052e-02;1.4250000e+02;-8.4794402e-02;1.4250000e+02;-1.2932453e-01;1.4250000e+02;-7.6184742e-02;1.4250000e+02;-6.1254580e-02;1.4250000e+02;-1.3498746e-02;1.4250000e+02;6.0103595e-02;1.4250000e+02;1.4850512e-01;1.4250000e+02;2.2407922e-01;1.4250000e+02;2.4894708e-01;1.4250000e+02;2.2085473e-01;1.4250000e+02;1.8372189e-01;1.4250000e+02;2.2518924e-01;1.4250000e+02;1.9405887e-01;1.4250000e+02;1.4584216e-01;1.4250000e+02;9.4008341e-02;1.4250000e+02;4.8645165e-02;1.4250000e+02;-1.6595609e-04;1.4250000e+02;-4.1481052e-02;1.4250000e+02;-8.4794402e-02;1.4250000e+02;-1.2932453e-01;1.4250000e+02;-7.6184742e-02;1.4250000e+02;-6.1254580e-02;1.4250000e+02;-1.3498746e-02;1.4250000e+02;6.0103595e-02;1.4250000e+02;1.4850512e-01;1.4250000e+02;2.2407922e-01;1.4250000e+02;2.4894708e-01;1.4250000e+02;2.2085473e-01;1.4250000e+02;1.8372189e-01;1.4250000e+02;2.2518924e-01;1.4250000e+02;1.9405887e-01;1.4250000e+02;1.4584216e-01;1.4250000e+02;9.4008341e-02;1.4250000e+02;4.8645165e-02;1.4250000e+02;-1.6595609e-04;1.4250000e+02;-4.1481052e-02;1.4250000e+02;-8.4794402e-02;1.4250000e+02;-1.2932453e-01;1.4250000e+02;-7.6184742e-02;1.4250000e+02;-6.1254580e-02;1.4250000e+02;-1.3498746e-02;1.4250000e+02;6.0103595e-02;1.4250000e+02;1.4850512e-01;1.4250000e+02;2.2407922e-01;1.4250000e+02;2.4894708e-01;1.4250000e+02;2.2085473e-01;1.4250000e+02;1.8372189e-01;1.4250000e+02;2.2518924e-01;1.4250000e+02;1.9405887e-01;1.4250000e+02;1.4584216e-01;1.4250000e+02;9.4008341e-02;1.4250000e+02;4.8645165e-02;1.4250000e+02;-1.6595609e-04;1.4250000e+02;-4.1481052e-02;1.4250000e+02;-8.4794402e-02;1.4250000e+02;-1.2932453e-01;1.4250000e+02;-7.6184742e-02;1.4250000e+02;-6.1254580e-02;1.4250000e+02;-1.3498746e-02;1.4250000e+02;6.0103595e-02;1.4250000e+02;1.4850512e-01;1.4250000e+02;2.2407922e-01;1.4250000e+02;2.4894708e-01;1.4250000e+02;2.2085473e-01;1.4250000e+02;1.8372189e-01;1.4250000e+02;2.2518924e-01;1.4250000e+02;1.9405887e-01;1.4250000e+02;1.4584216e-01;1.4250000e+02;9.4008341e-02;1.4250000e+02;4.8645165e-02;1.4250000e+02;-1.6595609e-04;1.4250000e+02;-4.1481052e-02;1.4250000e+02;-8.4794402e-02;1.4250000e+02;-1.2932453e-01;1.4250000e+02;-7.6184742e-02;1.4250000e+02;-6.1254580e-02;1.4250000e+02;-1.3498746e-02;1.4250000e+02;6.0103595e-02;1.4250000e+02;1.4850512e-01;1.4250000e+02;2.2407922e-01;1.4250000e+02;2.4894708e-01;1.4250000e+02;2.2085473e-01;1.4250000e+02;1.8372189e-01;1.4250000e+02;2.2518924e-01;1.4250000e+02;1.9405887e-01;1.4250000e+02;1.4584216e-01;1.4250000e+02;9.4008341e-02;1.4250000e+02;4.8645165e-02;1.4250000e+02;-1.6595609e-04;1.4250000e+02;-4.1481052e-02;1.4250000e+02;-8.4794402e-02;1.4250000e+02;-1.2932453e-01;1.4250000e+02;-7.6184742e-02;1.4250000e+02;-6.1254580e-02;1.4250000e+02;-1.3498746e-02;1.4250000e+02;6.0103595e-02;1.4250000e+02;1.4850512e-01;1.4250000e+02;2.2407922e-01;1.4250000e+02;2.4894708e-01;1.4250000e+02;2.2085473e-01;1.4250000e+02;1.8372189e-01;1.4250000e+02;2.2518924e-01;1.4250000e+02;1.9405887e-01;1.4250000e+02;1.4584216e-01;1.4250000e+02;9.4008341e-02;1.4250000e+02;4.8645165e-02;1.4250000e+02;-1.6595609e-04;1.4250000e+02;-4.1481052e-02;1.4250000e+02;-8.4794402e-02;1.4250000e+02;-1.2932453e-01;1.4250000e+02;-7.6184742e-02;1.4250000e+02;-6.1254580e-02;1.4250000e+02;-1.3498746e-02;1.4250000e+02;6.0103595e-02;1.4250000e+02;1.4850512e-01;1.4250000e+02;2.2407922e-01;1.4250000e+02;2.4894708e-01;1.4250000e+02;2.2085473e-01;1.4250000e+02;1.8372189e-01;1.4250000e+02;2.2518924e-01;1.4250000e+02;1.9405887e-01;1.4250000e+02;1.4584216e-01;1.4250000e+02;9.4008341e-02;1.4250000e+02;4.8645165e-02;1.4250000e+02;-1.6595609e-04;1.4250000e+02;-4.1481052e-02;1.4250000e+02;-8.4794402e-02;1.4250000e+02;-1.2932453e-01;1.4250000e+02;-7.6184742e-02;1.4250000e+02;-6.1254580e-02;1.4250000e+02;-1.3498746e-02;1.4250000e+02;6.0103595e-02;1.4250000e+02;1.4850512e-01;1.4250000e+02;2.2407922e-01;1.4250000e+02;2.4894708e-01;1.4250000e+02;2.2085473e-01;1.4250000e+02;1.8372189e-01;1.4250000e+02;2.2518924e-01;1.4250000e+02;1.9405887e-01;1.4250000e+02;1.4584216e-01;1.4250000e+02;9.4008341e-02;1.4250000e+02;4.8645165e-02;1.4250000e+02;-1.6595609e-04;1.4250000e+02;-4.1481052e-02;1.4250000e+02;-8.4794402e-02;1.4250000e+02;-1.2932453e-01;1.4250000e+02;-7.6184742e-02;1.4250000e+02;-6.1254580e-02;1.4250000e+02;-1.3498746e-02;1.4250000e+02;6.0103595e-02;1.4250000e+02;1.4850512e-01;1.4250000e+02;2.2407922e-01;1.4250000e+02;2.4894708e-01;1.4250000e+02;2.2085473e-01;1.4250000e+02;1.8372189e-01;1.4250000e+02;2.2518924e-01;1.4250000e+02;1.9405887e-01;1.4250000e+02;1.4584216e-01;1.4250000e+02;9.4008341e-02;1.4250000e+02;4.8645165e-02;1.4250000e+02;-1.6595609e-04;1.4250000e+02;-4.1481052e-02;1.4250000e+02;-8.4794402e-02;1.4250000e+02;-1.2932453e-01;1.4250000e+02;-7.6184742e-02;1.4250000e+02;-6.1254580e-02;1.4250000e+02;-1.3498746e-02;1.4250000e+02;6.0103595e-02;1.4250000e+02;1.4850512e-01;1.4250000e+02;2.2407922e-01;1.4250000e+02;2.4894708e-01;1.4250000e+02;2.2085473e-01;1.4250000e+02;1.8372189e-01;1.4250000e+02;2.2518924e-01;1.4250000e+02;1.9405887e-01;1.4250000e+02;1.4584216e-01;1.4250000e+02;9.4008341e-02;1.4250000e+02;4.8645165e-02;1.4250000e+02;-1.6595609e-04;1.4250000e+02;-4.1481052e-02;1.4250000e+02;-8.4794402e-02;1.4250000e+02;-1.2932453e-01;1.4250000e+02;-7.6184742e-02;1.4250000e+02;-6.1254580e-02;1.4250000e+02;-1.3498746e-02;1.4250000e+02;6.0103595e-02;1.4250000e+02;1.4850512e-01;1.4250000e+02;2.2407922e-01;1.4250000e+02;2.4894708e-01;1.4250000e+02;2.2085473e-01;1.4250000e+02;1.8372189e-01;1.4250000e+02;2.2518924e-01;1.4250000e+02;1.9405887e-01;1.4250000e+02;1.4584216e-01;1.4250000e+02;9.4008341e-02;1.4250000e+02;4.8645165e-02;1.4250000e+02;-1.6595609e-04;1.4250000e+02;-4.1481052e-02;1.4250000e+02;-8.4794402e-02;1.4250000e+02;-1.2932453e-01;1.4250000e+02;-7.6184742e-02;1.4250000e+02;-6.1254580e-02;1.4250000e+02;-1.3498746e-02;1.4250000e+02;6.0103595e-02;1.4250000e+02;1.4850512e-01;1.4250000e+02;2.2407922e-01;1.4250000e+02;2.4894708e-01;1.4250000e+02;2.2085473e-01;1.4250000e+02;1.8372189e-01;1.4250000e+02;2.2518924e-01;1.4250000e+02;1.9405887e-01;1.4250000e+02;1.4584216e-01;1.4250000e+02;9.4008341e-02;1.4250000e+02;4.8645165e-02;1.4250000e+02;-1.6595609e-04;1.4250000e+02;-4.1481052e-02;1.4250000e+02;-8.4794402e-02;1.4250000e+02;-1.2932453e-01;1.4250000e+02;-7.6184742e-02;1.4250000e+02;-6.1254580e-02;1.4250000e+02;-1.3498746e-02;1.4250000e+02;6.0103595e-02;1.4250000e+02;1.4850512e-01;1.4250000e+02;2.2407922e-01;1.4250000e+02;2.4894708e-01;1.4250000e+02;2.2085473e-01;1.4250000e+02;1.8372189e-01;1.4250000e+02;2.2518924e-01;1.4250000e+02;1.9405887e-01;1.4250000e+02;1.4584216e-01;1.4250000e+02;9.4008341e-02;1.4250000e+02;4.8645165e-02;1.4250000e+02;-1.6595609e-04;1.4250000e+02;-4.1481052e-02;1.4250000e+02;-8.4794402e-02;1.4250000e+02;-1.2932453e-01;1.4250000e+02;-7.6184742e-02;1.4250000e+02;-6.1254580e-02;1.4250000e+02;-1.3498746e-02;1.4250000e+02;6.0103595e-02;1.4250000e+02;1.4850512e-01;1.4250000e+02;2.2407922e-01;1.4250000e+02;2.4894708e-01;1.4250000e+02;2.2085473e-01;1.4250000e+02;1.8372189e-01;1.4250000e+02;2.2518924e-01;1.4250000e+02;1.9405887e-01;1.4250000e+02;1.4584216e-01;1.4250000e+02;9.4008341e-02;1.4250000e+02;4.8645165e-02;1.4250000e+02;-1.6595609e-04;1.4250000e+02;-4.1481052e-02;1.4250000e+02;-8.4794402e-02;1.4250000e+02;-1.2932453e-01;1.4250000e+02;-7.6184742e-02;1.4250000e+02;-6.1254580e-02;1.4250000e+02;-1.3498746e-02;1.4250000e+02;6.0103595e-02;1.4250000e+02;1.4850512e-01;1.4250000e+02;2.2407922e-01;1.4250000e+02;2.4894708e-01;1.4250000e+02;2.2085473e-01;1.4250000e+02;1.8372189e-01;1.4250000e+02;2.2518924e-01;1.4250000e+02;1.9405887e-01;1.4250000e+02;1.4584216e-01;1.4250000e+02;9.4008341e-02;1.4250000e+02;4.8645165e-02;1.4250000e+02;-1.6595609e-04;1.4250000e+02;-4.1481052e-02;1.4250000e+02;-8.4794402e-02;1.4250000e+02;-1.2932453e-01;1.4250000e+02;-7.6184742e-02;1.4250000e+02;-6.1254580e-02;1.4250000e+02;-1.3498746e-02;1.4250000e+02;6.0103595e-02;1.4250000e+02;1.4850512e-01;1.4250000e+02;2.2407922e-01;1.4250000e+02;2.4894708e-01;1.4250000e+02;2.2085473e-01;1.4250000e+02;1.8372189e-01;1.4250000e+02;2.2518924e-01;1.4250000e+02;1.9405887e-01;1.4250000e+02;1.4584216e-01;1.4250000e+02;9.4008341e-02;1.4250000e+02;4.8645165e-02;1.4250000e+02;-1.6595609e-04;1.4250000e+02;-4.1481052e-02;1.4250000e+02;-8.4794402e-02;1.4250000e+02;-1.2932453e-01;1.4250000e+02;-7.6184742e-02;1.4250000e+02;-6.1254580e-02;1.4250000e+02;-1.3498746e-02;1.4250000e+02;6.0103595e-02;1.4250000e+02;1.4850512e-01;1.4250000e+02;2.2407922e-01;1.4250000e+02;2.4894708e-01;1.4250000e+02;2.2085473e-01;1.4250000e+02;1.8372189e-01;1.4250000e+02;2.2518924e-01;1.4250000e+02;1.9405887e-01;1.4250000e+02;1.4584216e-01;1.4250000e+02;9.4008341e-02;1.4250000e+02;4.8645165e-02;1.4250000e+02;-1.6595609e-04;1.4250000e+02;-4.1481052e-02;1.4250000e+02;-8.4794402e-02;1.4250000e+02;-1.2932453e-01;1.4250000e+02;-7.6184742e-02;1.4250000e+02;-6.1254580e-02;1.4250000e+02;-1.3498746e-02;1.4250000e+02;6.0103595e-02;1.4250000e+02;1.4850512e-01;1.4250000e+02;2.2407922e-01;1.4250000e+02;2.4894708e-01;1.4250000e+02;2.2085473e-01;1.4250000e+02;1.8372189e-01;1.4250000e+02;2.2518924e-01;1.4250000e+02;1.9405887e-01;1.4250000e+02;1.4584216e-01;1.4250000e+02;9.4008341e-02;1.4250000e+02;4.8645165e-02;1.4250000e+02;-1.6595609e-04;1.4250000e+02;-4.1481052e-02;1.4250000e+02;-8.4794402e-02;1.4250000e+02;-1.2932453e-01;1.4250000e+02;-7.6184742e-02;1.4250000e+02;-6.1254580e-02;1.4250000e+02;-1.3498746e-02;1.4250000e+02;6.0103595e-02;1.4250000e+02;1.4850512e-01;1.4250000e+02;2.2407922e-01;1.4250000e+02;2.4894708e-01;1.4250000e+02;2.2085473e-01;1.4250000e+02;1.8372189e-01;1.4250000e+02;2.2518924e-01;1.4250000e+02;1.9405887e-01;1.4250000e+02;1.4584216e-01;1.4250000e+02;9.4008341e-02;1.4250000e+02;4.8645165e-02;1.4250000e+02;-1.6595609e-04;1.4250000e+02;-4.1481052e-02;1.4250000e+02;-8.4794402e-02;1.4250000e+02;-1.2932453e-01;1.4250000e+02;-7.6184742e-02;1.4250000e+02;-6.1254580e-02;1.4250000e+02;-1.3498746e-02;1.4250000e+02;6.0103595e-02;1.4250000e+02;1.4850512e-01;1.4250000e+02;2.2407922e-01;1.4250000e+02;2.4894708e-01;1.4250000e+02;2.2085473e-01;1.4250000e+02;1.8372189e-01;1.4250000e+02;2.2518924e-01;1.4250000e+02;1.9405887e-01;1.4250000e+02;1.4584216e-01;1.4250000e+02;9.4008341e-02;1.4250000e+02;4.8645165e-02;1.4250000e+02;-1.6595609e-04;1.4250000e+02;-4.1481052e-02;1.4250000e+02;-8.4794402e-02;1.4250000e+02;-1.2932453e-01;1.4250000e+02;-7.6184742e-02;1.4250000e+02;-6.1254580e-02;1.4250000e+02;-1.3498746e-02;1.4250000e+02;6.0103595e-02;1.4250000e+02;1.4850512e-01;1.4250000e+02;2.2407922e-01;1.4250000e+02;2.4894708e-01;1.4250000e+02;2.2085473e-01;1.4250000e+02;1.8372189e-01;1.4250000e+02;2.2518924e-01;1.4250000e+02;1.9405887e-01;1.4250000e+02;1.4584216e-01;1.4250000e+02;9.4008341e-02;1.4250000e+02;4.8645165e-02;1.4250000e+02;-1.6595609e-04;1.4250000e+02;-4.1481052e-02;1.4250000e+02;-8.4794402e-02;1.4250000e+02;-1.2932453e-01;1.4250000e+02;-7.6184742e-02;1.4250000e+02;-6.1254580e-02;1.4250000e+02;-1.3498746e-02;1.4250000e+02;6.0103595e-02;1.4250000e+02;1.4850512e-01;1.4250000e+02;2.2407922e-01;1.4250000e+02;2.4894708e-01;1.4250000e+02;2.2085473e-01;1.4250000e+02;1.8372189e-01;1.4250000e+02;2.2518924e-01;1.4250000e+02;1.9405887e-01;1.4250000e+02;1.4584216e-01;1.4250000e+02;9.4008341e-02;1.4250000e+02;4.8645165e-02;1.4250000e+02;-1.6595609e-04;1.4250000e+02;-4.1481052e-02;1.4250000e+02;-8.4794402e-02;1.4250000e+02;-1.2932453e-01;1.4250000e+02;-7.6184742e-02;1.4250000e+02;-6.1254580e-02;1.4250000e+02;-1.3498746e-02;1.4250000e+02;6.0103595e-02;1.4250000e+02;1.4850512e-01;1.4250000e+02;2.2407922e-01;1.4250000e+02;2.4894708e-01;1.4250000e+02;2.2085473e-01;1.4250000e+02;1.8372189e-01;1.4250000e+02;2.2518924e-01;1.4250000e+02;1.9405887e-01;1.4250000e+02;1.4584216e-01;1.4250000e+02;9.4008341e-02;1.4250000e+02;4.8645165e-02;1.4250000e+02;-1.6595609e-04;1.4250000e+02;-4.1481052e-02;1.4250000e+02;-8.4794402e-02;1.4250000e+02;-1.2932453e-01;1.4250000e+02;-7.6184742e-02;1.4250000e+02;-6.1254580e-02;1.4250000e+02;-1.3498746e-02;1.4250000e+02;6.0103595e-02;1.4250000e+02;1.4850512e-01;1.4250000e+02;2.2407922e-01;1.4250000e+02;2.4894708e-01;1.4250000e+02;2.2085473e-01;1.4250000e+02;1.8372189e-01;1.4250000e+02;2.2518924e-01;1.4250000e+02;1.9405887e-01;1.4250000e+02;1.4584216e-01;1.4250000e+02;9.4008341e-02;1.4250000e+02;4.8645165e-02;1.4250000e+02;-1.6595609e-04;1.4250000e+02;-4.1481052e-02;1.4250000e+02;-8.4794402e-02;1.4250000e+02;-1.2932453e-01;1.4250000e+02;-7.6184742e-02;1.4250000e+02;-6.1254580e-02;1.4250000e+02;-1.3498746e-02;1.4250000e+02;6.0103595e-02;1.4250000e+02;1.4850512e-01;1.4250000e+02;2.2407922e-01;1.4250000e+02;2.4894708e-01;1.4250000e+02;2.2085473e-01;1.4250000e+02;1.8372189e-01;1.4250000e+02;2.2518924e-01;1.4250000e+02;1.9405887e-01;1.4250000e+02;1.4584216e-01;1.4250000e+02;9.4008341e-02;1.4250000e+02;4.8645165e-02;1.4250000e+02;-1.6595609e-04;1.4250000e+02;-4.1481052e-02;1.4250000e+02;-8.4794402e-02;1.4250000e+02;-1.2932453e-01;1.4250000e+02;-7.6184742e-02;1.4250000e+02;-6.1254580e-02;1.4250000e+02;-1.3498746e-02;1.4250000e+02;6.0103595e-02;1.4250000e+02;1.4850512e-01;1.4250000e+02;2.2407922e-01;1.4250000e+02;2.4894708e-01;1.4250000e+02;2.2085473e-01;1.4250000e+02;1.8372189e-01;1.4250000e+02;2.2518924e-01;1.4250000e+02;1.9405887e-01;1.4250000e+02;1.4584216e-01;1.4250000e+02;9.4008341e-02;1.4250000e+02;4.8645165e-02;1.4250000e+02;-1.6595609e-04;1.4250000e+02;-4.1481052e-02;1.4250000e+02;-8.4794402e-02;1.4250000e+02;-1.2932453e-01;1.4250000e+02;-7.6184742e-02;1.4250000e+02;-6.1254580e-02;1.4250000e+02;-1.3498746e-02;1.4250000e+02;6.0103595e-02;1.4250000e+02;1.4850512e-01;1.4250000e+02;2.2407922e-01;1.4250000e+02;2.4894708e-01;1.4250000e+02;2.2085473e-01;1.4250000e+02;1.8372189e-01;1.4250000e+02;2.2518924e-01;1.4250000e+02;1.9405887e-01;1.4250000e+02;1.4584216e-01;1.4250000e+02;9.4008341e-02;1.4250000e+02;4.8645165e-02;1.4250000e+02;-1.6595609e-04;1.4250000e+02;-4.1481052e-02;1.4250000e+02;-8.4794402e-02;1.4250000e+02;-1.2932453e-01;1.4250000e+02;-7.6184742e-02;1.4250000e+02;-6.1254580e-02;1.4250000e+02;-1.3498746e-02;1.4250000e+02;6.0103595e-02;1.4250000e+02;1.4850512e-01;1.4250000e+02;2.2407922e-01;1.4250000e+02;2.4894708e-01;1.4250000e+02;2.2085473e-01;1.4250000e+02;1.8372189e-01;1.4250000e+02;2.2518924e-01;1.4250000e+02;1.9405887e-01;1.4250000e+02;1.4584216e-01;1.4250000e+02;9.4008341e-02;1.4250000e+02;4.8645165e-02;1.4250000e+02;-1.6595609e-04;1.4250000e+02;-4.1481052e-02;1.4250000e+02;-8.4794402e-02;1.4250000e+02;-1.2932453e-01;1.4250000e+02;-7.6184742e-02;1.4250000e+02;-6.1254580e-02;1.4250000e+02;-1.3498746e-02;1.4250000e+02;6.0103595e-02;1.4250000e+02;1.4850512e-01;1.4250000e+02;2.2407922e-01;1.4250000e+02;2.4894708e-01;1.4250000e+02;2.2085473e-01;1.4250000e+02;1.8372189e-01;1.4250000e+02;2.2518924e-01;1.4250000e+02;1.9405887e-01;1.4250000e+02;1.4584216e-01;1.4250000e+02;9.4008341e-02;1.4250000e+02;4.8645165e-02;1.4250000e+02;-1.6595609e-04;1.4250000e+02;-4.1481052e-02;1.4250000e+02;-8.4794402e-02;1.4250000e+02;-1.2932453e-01;1.4250000e+02;-7.6184742e-02;1.4250000e+02;-6.1254580e-02;1.4250000e+02;-1.3498746e-02;1.4250000e+02;6.0103595e-02;1.4250000e+02;1.4850512e-01;1.4250000e+02;2.2407922e-01;1.4250000e+02;2.4894708e-01;1.4250000e+02;2.2085473e-01;1.4250000e+02;1.8372189e-01;1.4250000e+02;2.2518924e-01;1.4250000e+02;1.9405887e-01;1.4250000e+02;1.4584216e-01;1.4250000e+02;9.4008341e-02;1.4250000e+02;4.8645165e-02;1.4250000e+02;-1.6595609e-04;1.4250000e+02;-4.1481052e-02;1.4250000e+02;-8.4794402e-02;1.4250000e+02;-1.2932453e-01;1.4250000e+02;-7.6184742e-02;1.4250000e+02;-6.1254580e-02;1.4250000e+02;-1.3498746e-02;1.4250000e+02;6.0103595e-02;1.4250000e+02;1.4850512e-01;1.4250000e+02;2.2407922e-01;1.4250000e+02;2.4894708e-01;1.4250000e+02;2.2085473e-01;1.4250000e+02;1.8372189e-01;1.4250000e+02;2.2518924e-01;1.4250000e+02;1.9405887e-01;1.4250000e+02;1.4584216e-01;1.4250000e+02;9.4008341e-02;1.4250000e+02;4.8645165e-02;1.4250000e+02;-1.6595609e-04;1.4250000e+02;-4.1481052e-02;1.4250000e+02;-8.4794402e-02;1.4250000e+02;-1.2932453e-01;1.4250000e+02;-7.6184742e-02;1.4250000e+02;-6.1254580e-02;1.4250000e+02;-1.3498746e-02;1.4250000e+02;6.0103595e-02;1.4250000e+02;1.4850512e-01;1.4250000e+02;2.2407922e-01;1.4250000e+02;2.4894708e-01;1.4250000e+02;2.2085473e-01;1.4250000e+02;1.8372189e-01;1.4250000e+02;2.2518924e-01;1.4250000e+02;1.9405887e-01;1.4250000e+02;1.4584216e-01;1.4250000e+02;9.4008341e-02;1.4250000e+02;4.8645165e-02;1.4250000e+02;-1.6595609e-04;1.4250000e+02;-4.1481052e-02;1.4250000e+02;-8.4794402e-02;1.4250000e+02;-1.2932453e-01;1.4250000e+02;-7.6184742e-02;1.4250000e+02;-6.1254580e-02;1.4250000e+02;-1.3498746e-02;1.4250000e+02;6.0103595e-02;1.4250000e+02;1.4850512e-01;1.4250000e+02;2.2407922e-01;1.4250000e+02;2.4894708e-01;1.4250000e+02;2.2085473e-01;1.4250000e+02;1.8372189e-01;1.4250000e+02;2.2518924e-01;1.4250000e+02;1.9405887e-01;1.4250000e+02;1.4584216e-01;1.4250000e+02;9.4008341e-02;1.4250000e+02;4.8645165e-02;1.4250000e+02;-1.6595609e-04;1.4250000e+02;-4.1481052e-02;1.4250000e+02;-8.4794402e-02;1.4250000e+02;-1.2932453e-01;1.4250000e+02;-7.6184742e-02;1.4250000e+02;-6.1254580e-02;1.4250000e+02;-1.3498746e-02;1.4250000e+02;6.0103595e-02;1.4250000e+02;1.4850512e-01;1.4250000e+02;2.2407922e-01;1.4250000e+02;2.4894708e-01;1.4250000e+02;2.2085473e-01;1.4250000e+02;1.8372189e-01;1.4250000e+02;2.2518924e-01;1.4250000e+02;1.9405887e-01;1.4250000e+02;1.4584216e-01;1.4250000e+02;9.4008341e-02;1.4250000e+02;4.8645165e-02;1.4250000e+02;-1.6595609e-04;1.4250000e+02;-4.1481052e-02;1.4250000e+02;-8.4794402e-02;1.4250000e+02;-1.2932453e-01;1.4250000e+02;-7.6184742e-02;1.4250000e+02;-6.1254580e-02;1.4250000e+02;-1.3498746e-02;1.4250000e+02;6.0103595e-02;1.4250000e+02;1.4850512e-01;1.4250000e+02;2.2407922e-01;1.4250000e+02;2.4894708e-01;1.4250000e+02;2.2085473e-01;1.4250000e+02;1.8372189e-01;1.4250000e+02;2.2518924e-01;1.4250000e+02;1.9405887e-01;1.4250000e+02;1.4584216e-01;1.4250000e+02;9.4008341e-02;1.4250000e+02;4.8645165e-02;1.4250000e+02;-1.6595609e-04;1.4250000e+02;-4.1481052e-02;1.4250000e+02;-8.4794402e-02;1.4250000e+02;-1.2932453e-01;1.4250000e+02;-7.6184742e-02;1.4250000e+02;-6.1254580e-02;1.4250000e+02;-1.3498746e-02;1.4250000e+02;6.0103595e-02;1.4250000e+02;1.4850512e-01;1.4250000e+02;2.2407922e-01;1.4250000e+02;2.4894708e-01;1.4250000e+02;2.2085473e-01;1.4250000e+02;1.8372189e-01;1.4250000e+02;2.2518924e-01;1.4250000e+02;1.9405887e-01;1.4250000e+02;1.4584216e-01;1.4250000e+02;9.4008341e-02;1.4250000e+02;4.8645165e-02;1.4250000e+02;-1.6595609e-04;1.4250000e+02;-4.1481052e-02;1.4250000e+02;-8.4794402e-02;1.4250000e+02;-1.2932453e-01;1.4250000e+02;-7.6184742e-02;1.4250000e+02;-6.1254580e-02;1.4250000e+02;-1.3498746e-02;1.4250000e+02;6.0103595e-02;1.4250000e+02;1.4850512e-01;1.4250000e+02;2.2407922e-01;1.4250000e+02;2.4894708e-01;1.4250000e+02;2.2085473e-01;1.4250000e+02;1.8372189e-01;1.4250000e+02;2.2518924e-01;1.4250000e+02;1.9405887e-01;1.4250000e+02;1.4584216e-01;1.4250000e+02;9.4008341e-02;1.4250000e+02;4.8645165e-02;1.4250000e+02;-1.6595609e-04;1.4250000e+02;-4.1481052e-02;1.4250000e+02;-8.4794402e-02;1.4250000e+02;-1.2932453e-01;1.4250000e+02;-7.6184742e-02;1.4250000e+02;-6.1254580e-02;1.4250000e+02;-1.3498746e-02;1.4250000e+02;6.0103595e-02;1.4250000e+02;1.4850512e-01;1.4250000e+02;2.2407922e-01;1.4250000e+02;2.4894708e-01;1.4250000e+02;2.2085473e-01;1.4250000e+02;1.8372189e-01;1.4250000e+02;2.2518924e-01;1.4250000e+02;1.9405887e-01;1.4250000e+02;1.4584216e-01;1.4250000e+02;9.4008341e-02;1.4250000e+02;4.8645165e-02;1.4250000e+02;-1.6595609e-04;1.4250000e+02;-4.1481052e-02;1.4250000e+02;-8.4794402e-02;1.4250000e+02;-1.2932453e-01;1.4250000e+02;-7.6184742e-02;1.4250000e+02;-6.1254580e-02;1.4250000e+02;-1.3498746e-02;1.4250000e+02;6.0103595e-02;1.4250000e+02;1.4850512e-01;1.4250000e+02;2.2407922e-01;1.4250000e+02;2.4894708e-01;1.4250000e+02;2.2085473e-01;1.4250000e+02;1.8372189e-01;1.4250000e+02;2.2518924e-01;1.4250000e+02;1.9405887e-01;1.4250000e+02;1.4584216e-01;1.4250000e+02;9.4008341e-02;1.4250000e+02;4.8645165e-02;1.4250000e+02;-1.6595609e-04;1.4250000e+02;-4.1481052e-02;1.4250000e+02;-8.4794402e-02;1.4250000e+02;-1.2932453e-01;1.4250000e+02;-7.6184742e-02;1.4250000e+02;-6.1254580e-02;1.4250000e+02;-1.3498746e-02;1.4250000e+02;6.0103595e-02;1.4250000e+02;1.4850512e-01;1.4250000e+02;2.2407922e-01;1.4250000e+02;2.4894708e-01;1.4250000e+02;2.2085473e-01;1.4250000e+02;1.8372189e-01;1.4250000e+02;2.2518924e-01;1.4250000e+02;1.9405887e-01;1.4250000e+02;1.4584216e-01;1.4250000e+02;9.4008341e-02;1.4250000e+02;4.8645165e-02;1.4250000e+02;-1.6595609e-04;1.4250000e+02;-4.1481052e-02;1.4250000e+02;-8.4794402e-02;1.4250000e+02;-1.2932453e-01;1.4250000e+02;-7.6184742e-02;1.4250000e+02;-6.1254580e-02;1.4250000e+02;-1.3498746e-02;1.4250000e+02;6.0103595e-02;1.4250000e+02;1.4850512e-01;1.4250000e+02;2.2407922e-01;1.4250000e+02;2.4894708e-01;1.4250000e+02;2.2085473e-01;1.4250000e+02;1.8372189e-01;1.4250000e+02;2.2518924e-01;1.4250000e+02;1.9405887e-01;1.4250000e+02;1.4584216e-01;1.4250000e+02;9.4008341e-02;1.4250000e+02;4.8645165e-02;1.4250000e+02;-1.6595609e-04;1.4250000e+02;-4.1481052e-02;1.4250000e+02;-8.4794402e-02;1.4250000e+02;-1.2932453e-01;1.4250000e+02;-7.6184742e-02;1.4250000e+02;-6.1254580e-02;1.4250000e+02;-1.3498746e-02;1.4250000e+02;6.0103595e-02;1.4250000e+02;1.4850512e-01;1.4250000e+02;2.2407922e-01;1.4250000e+02;2.4894708e-01;1.4250000e+02;2.2085473e-01;1.4250000e+02;1.8372189e-01;1.4250000e+02;2.2518924e-01;1.4250000e+02;1.9405887e-01;1.4250000e+02;1.4584216e-01;1.4250000e+02;9.4008341e-02;1.4250000e+02;4.8645165e-02;1.4250000e+02;-1.6595609e-04;1.4250000e+02;-4.1481052e-02;1.4250000e+02;-8.4794402e-02;1.4250000e+02;-1.2932453e-01;1.4250000e+02;-7.6184742e-02;1.4250000e+02;-6.1254580e-02;1.4250000e+02;-1.3498746e-02;1.4250000e+02;6.0103595e-02;1.4250000e+02;1.4850512e-01;1.4250000e+02;2.2407922e-01;1.4250000e+02;2.4894708e-01;1.4250000e+02;2.2085473e-01;1.4250000e+02;1.8372189e-01;1.4250000e+02;2.2518924e-01;1.4250000e+02;1.9405887e-01;1.4250000e+02;1.4584216e-01;1.4250000e+02;9.4008341e-02;1.4250000e+02;4.8645165e-02;1.4250000e+02;-1.6595609e-04;1.4250000e+02;-4.1481052e-02;1.4250000e+02;-8.4794402e-02;1.4250000e+02;-1.2932453e-01;1.4250000e+02;-7.6184742e-02;1.4250000e+02;-6.1254580e-02;1.4250000e+02;-1.3498746e-02;1.4250000e+02;6.0103595e-02;1.4250000e+02;1.4850512e-01;1.4250000e+02;2.2407922e-01;1.4250000e+02;2.4894708e-01;1.4250000e+02;2.2085473e-01;1.4250000e+02;1.8372189e-01;1.4250000e+02;2.2518924e-01;1.4250000e+02;1.9405887e-01;1.4250000e+02;1.4584216e-01;1.4250000e+02;9.4008341e-02;1.4250000e+02;4.8645165e-02;1.4250000e+02;-1.6595609e-04;1.4250000e+02;-4.1481052e-02;1.4250000e+02;-8.4794402e-02;1.4250000e+02;-1.2932453e-01;1.4250000e+02;-7.6184742e-02;1.4250000e+02;-6.1254580e-02;1.4250000e+02;-1.3498746e-02;1.4250000e+02;6.0103595e-02;1.4250000e+02;1.4850512e-01;1.4250000e+02;2.2407922e-01;1.4250000e+02;2.4894708e-01;1.4250000e+02;2.2085473e-01;1.4250000e+02;1.8372189e-01;1.4250000e+02;2.2518924e-01;1.4250000e+02;1.9405887e-01;1.4250000e+02;1.4584216e-01;1.4250000e+02;9.4008341e-02;1.4250000e+02;4.8645165e-02;1.4250000e+02;-1.6595609e-04;1.4250000e+02;-4.1481052e-02;1.4250000e+02;-8.4794402e-02;1.4250000e+02;-1.2932453e-01;1.4250000e+02;-7.6184742e-02;1.4250000e+02;-6.1254580e-02;1.4250000e+02;-1.3498746e-02;1.4250000e+02;6.0103595e-02;1.4250000e+02;1.4850512e-01;1.4250000e+02;2.2407922e-01;1.4250000e+02;2.4894708e-01;1.4250000e+02;2.2085473e-01;1.4250000e+02;1.8372189e-01;1.4250000e+02;2.2518924e-01;1.4250000e+02;1.9405887e-01;1.4250000e+02;1.4584216e-01;1.4250000e+02;9.4008341e-02;1.4250000e+02;4.8645165e-02;1.4250000e+02;-1.6595609e-04;1.4250000e+02;-4.1481052e-02;1.4250000e+02;-8.4794402e-02;1.4250000e+02;-1.2932453e-01;1.4250000e+02;-7.6184742e-02;1.4250000e+02;-6.1254580e-02;1.4250000e+02;-1.3498746e-02;1.4250000e+02;6.0103595e-02;1.4250000e+02;1.4850512e-01;1.4250000e+02;2.2407922e-01;1.4250000e+02;2.4894708e-01;1.4250000e+02;2.2085473e-01;1.4250000e+02;1.8372189e-01;1.4250000e+02;2.2518924e-01;1.4250000e+02;1.9405887e-01;1.4250000e+02;1.4584216e-01;1.4250000e+02;9.4008341e-02;1.4250000e+02;4.8645165e-02;1.4250000e+02;-1.6595609e-04;1.4250000e+02;-4.1481052e-02;1.4250000e+02;-8.4794402e-02;1.4250000e+02;-1.2932453e-01;1.4250000e+02;-7.6184742e-02;1.4250000e+02;-6.1254580e-02;1.4250000e+02;-1.3498746e-02;1.4250000e+02;6.0103595e-02;1.4250000e+02;1.4850512e-01;1.4250000e+02;2.2407922e-01;1.4250000e+02;2.4894708e-01;1.4250000e+02;2.2085473e-01;1.4250000e+02;1.8372189e-01;1.4250000e+02;2.2518924e-01;1.4250000e+02;1.9405887e-01;1.4250000e+02;1.4584216e-01;1.4250000e+02;9.4008341e-02;1.4250000e+02;4.8645165e-02;1.4250000e+02;-1.6595609e-04;1.4250000e+02;-4.1481052e-02;1.4250000e+02;-8.4794402e-02;1.4250000e+02;-1.2932453e-01;1.4250000e+02;-7.6184742e-02;1.4250000e+02;-6.1254580e-02;1.4250000e+02;-1.3498746e-02;1.4250000e+02;6.0103595e-02;1.4250000e+02;1.4850512e-01;1.4250000e+02;2.2407922e-01;1.4250000e+02;2.4894708e-01;1.4250000e+02;2.2085473e-01;1.4250000e+02;1.8372189e-01;1.4250000e+02;2.2518924e-01;1.4250000e+02;1.9405887e-01;1.4250000e+02;1.4584216e-01;1.4250000e+02;9.4008341e-02;1.4250000e+02;4.8645165e-02;1.4250000e+02;-1.6595609e-04;1.4250000e+02;-4.1481052e-02;1.4250000e+02;-8.4794402e-02;1.4250000e+02;-1.2932453e-01;1.4250000e+02;-7.6184742e-02;1.4250000e+02;-6.1254580e-02;1.4250000e+02;-1.3498746e-02;1.4250000e+02;6.0103595e-02;1.4250000e+02;1.4850512e-01;1.4250000e+02;2.2407922e-01;1.4250000e+02;2.4894708e-01;1.4250000e+02;2.2085473e-01;1.4250000e+02;1.8372189e-01;1.4250000e+02;2.2518924e-01;1.4250000e+02;1.9405887e-01;1.4250000e+02;1.4584216e-01;1.4250000e+02;9.4008341e-02;1.4250000e+02;4.8645165e-02;1.4250000e+02;-1.6595609e-04;1.4250000e+02;-4.1481052e-02;1.4250000e+02;-8.4794402e-02;1.4250000e+02;-1.2932453e-01;1.4250000e+02;-7.6184742e-02;1.4250000e+02;-6.1254580e-02;1.4250000e+02;-1.3498746e-02;1.4250000e+02;6.0103595e-02;1.4250000e+02;1.4850512e-01;1.4250000e+02;2.2407922e-01;1.4250000e+02;2.4894708e-01;1.4250000e+02;2.2085473e-01;1.4250000e+02;1.8372189e-01;1.4250000e+02;2.2518924e-01;1.4250000e+02;1.9405887e-01;1.4250000e+02;1.4584216e-01;1.4250000e+02;9.4008341e-02;1.4250000e+02;4.8645165e-02;1.4250000e+02;-1.6595609e-04;1.4250000e+02;-4.1481052e-02;1.4250000e+02;-8.4794402e-02;1.4250000e+02;-1.2932453e-01;1.4250000e+02;-7.6184742e-02;1.4250000e+02;-6.1254580e-02;1.4250000e+02;-1.3498746e-02;1.4250000e+02;6.0103595e-02;1.4250000e+02;1.4850512e-01;1.4250000e+02;2.2407922e-01;1.4250000e+02;2.4894708e-01;1.4250000e+02;2.2085473e-01;1.4250000e+02;1.8372189e-01;1.4250000e+02;2.2518924e-01;1.4250000e+02;1.9405887e-01;1.4250000e+02;1.4584216e-01;1.4250000e+02;9.4008341e-02;1.4250000e+02;4.8645165e-02;1.4250000e+02;-1.6595609e-04;1.4250000e+02;-4.1481052e-02;1.4250000e+02;-8.4794402e-02;1.4250000e+02;-1.2932453e-01;1.4250000e+02;-7.6184742e-02;1.4250000e+02;-6.1254580e-02;1.4250000e+02;-1.3498746e-02;1.4250000e+02;6.0103595e-02;1.4250000e+02;1.4850512e-01;1.4250000e+02;2.2407922e-01;1.4250000e+02;2.4894708e-01;1.4250000e+02;2.2085473e-01;1.4250000e+02;1.8372189e-01;1.4250000e+02;2.2518924e-01;1.4250000e+02;1.9405887e-01;1.4250000e+02;1.4584216e-01;1.4250000e+02;9.4008341e-02;1.4250000e+02;4.8645165e-02;1.4250000e+02;-1.6595609e-04;1.4250000e+02;-4.1481052e-02;1.4250000e+02;-8.4794402e-02;1.4250000e+02;-1.2932453e-01;1.4250000e+02;-7.6184742e-02;1.4250000e+02;-6.1254580e-02;1.4250000e+02;-1.3498746e-02;1.4250000e+02;6.0103595e-02;1.4250000e+02;1.4850512e-01;1.4250000e+02;2.2407922e-01;1.4250000e+02;2.4894708e-01;1.4250000e+02;2.2085473e-01;1.4250000e+02;1.8372189e-01;1.4250000e+02;2.2518924e-01;1.4250000e+02;1.9405887e-01;1.4250000e+02;1.4584216e-01;1.4250000e+02;9.4008341e-02;1.4250000e+02;4.8645165e-02;1.4250000e+02;-1.6595609e-04;1.4250000e+02;-4.1481052e-02;1.4250000e+02;-8.4794402e-02;1.4250000e+02;-1.2932453e-01;1.4250000e+02;-7.6184742e-02;1.4250000e+02;-6.1254580e-02;1.4250000e+02;-1.3498746e-02;1.4250000e+02;6.0103595e-02;1.4250000e+02;1.4850512e-01;1.4250000e+02;2.2407922e-01;1.4250000e+02;2.4894708e-01;1.4250000e+02;2.2085473e-01;1.4250000e+02;1.8372189e-01;1.4250000e+02;2.2518924e-01;1.4250000e+02;1.9405887e-01;1.4250000e+02;1.4584216e-01;1.4250000e+02;9.4008341e-02;1.4250000e+02;4.8645165e-02;1.4250000e+02;-1.6595609e-04;1.4250000e+02;-4.1481052e-02;1.4250000e+02;-8.4794402e-02;1.4250000e+02;-1.2932453e-01;1.4250000e+02;-7.6184742e-02;1.4250000e+02;-6.1254580e-02;1.4250000e+02;-1.3498746e-02;1.4250000e+02;6.0103595e-02;1.4250000e+02;1.4850512e-01;1.4250000e+02;2.2407922e-01;1.4250000e+02;2.4894708e-01;1.4250000e+02;2.2085473e-01;1.4250000e+02;1.8372189e-01;1.4250000e+02;2.2518924e-01;1.4250000e+02;1.9405887e-01;1.4250000e+02;1.4584216e-01;1.4250000e+02;9.4008341e-02;1.4250000e+02;4.8645165e-02;1.4250000e+02;-1.6595609e-04;1.4250000e+02;-4.1481052e-02;1.4250000e+02;-8.4794402e-02;1.4250000e+02;-1.2932453e-01;1.4250000e+02;-7.6184742e-02;1.4250000e+02;-6.1254580e-02;1.4250000e+02;-1.3498746e-02;1.4250000e+02;6.0103595e-02;1.4250000e+02;1.4850512e-01;1.4250000e+02;2.2407922e-01;1.4250000e+02;2.4894708e-01;1.4250000e+02;2.2085473e-01;1.4250000e+02;1.8372189e-01;1.4250000e+02;2.2518924e-01;1.4250000e+02;1.9405887e-01;1.4250000e+02;1.4584216e-01;1.4250000e+02;9.4008341e-02;1.4250000e+02;4.8645165e-02;1.4250000e+02;-1.6595609e-04;1.4250000e+02;-4.1481052e-02;1.4250000e+02;-8.4794402e-02;1.4250000e+02;-1.2932453e-01;1.4250000e+02;-7.6184742e-02;1.4250000e+02;-6.1254580e-02;1.4250000e+02;-1.3498746e-02;1.4250000e+02;6.0103595e-02;1.4250000e+02;1.4850512e-01;1.4250000e+02;2.2407922e-01;1.4250000e+02;2.4894708e-01;1.4250000e+02;2.2085473e-01;1.4250000e+02;1.8372189e-01;1.4250000e+02;2.2518924e-01;1.4250000e+02;1.9405887e-01;1.4250000e+02;1.4584216e-01;1.4250000e+02;9.4008341e-02;1.4250000e+02;4.8645165e-02;1.4250000e+02;-1.6595609e-04;1.4250000e+02;-4.1481052e-02;1.4250000e+02;-8.4794402e-02;1.4250000e+02;-1.2932453e-01;1.4250000e+02;-7.6184742e-02;1.4250000e+02;-6.1254580e-02;1.4250000e+02;-1.3498746e-02;1.4250000e+02;6.0103595e-02;1.4250000e+02;1.4850512e-01;1.4250000e+02;2.2407922e-01;1.4250000e+02;2.4894708e-01;1.4250000e+02;2.2085473e-01;1.4250000e+02;1.8372189e-01;1.4250000e+02;2.2518924e-01;1.4250000e+02;1.9405887e-01;1.4250000e+02;1.4584216e-01;1.4250000e+02;9.4008341e-02;1.4250000e+02;4.8645165e-02;1.4250000e+02;-1.6595609e-04;1.4250000e+02;-4.1481052e-02;1.4250000e+02;-8.4794402e-02;1.4250000e+02;-1.2932453e-01;1.4250000e+02;-7.6184742e-02;1.4250000e+02;-6.1254580e-02;1.4250000e+02;-1.3498746e-02;1.4250000e+02;6.0103595e-02;1.4250000e+02;1.4850512e-01;1.4250000e+02;2.2407922e-01;1.4250000e+02;2.4894708e-01;1.4250000e+02;2.2085473e-01;1.4250000e+02;1.8372189e-01;1.4250000e+02;2.2518924e-01;1.4250000e+02;1.9405887e-01;1.4250000e+02;1.4584216e-01;1.4250000e+02;9.4008341e-02;1.4250000e+02;4.8645165e-02;1.4250000e+02;-1.6595609e-04;1.4250000e+02;-4.1481052e-02;1.4250000e+02;-8.4794402e-02;1.4250000e+02;-1.2932453e-01;1.4250000e+02;-7.6184742e-02;1.4250000e+02;-6.1254580e-02;1.4250000e+02;-1.3498746e-02;1.4250000e+02;6.0103595e-02;1.4250000e+02;1.4850512e-01;1.4250000e+02;2.2407922e-01;1.4250000e+02;2.4894708e-01;1.4250000e+02;2.2085473e-01;1.4250000e+02;1.8372189e-01;1.4250000e+02;2.2518924e-01;1.4250000e+02;1.9405887e-01;1.4250000e+02;1.4584216e-01;1.4250000e+02;9.4008341e-02;1.4250000e+02;4.8645165e-02;1.4250000e+02;-1.6595609e-04;1.4250000e+02;-4.1481052e-02;1.4250000e+02;-8.4794402e-02;1.4250000e+02;-1.2932453e-01;1.4250000e+02;-7.6184742e-02;1.4250000e+02;-6.1254580e-02;1.4250000e+02;-1.3498746e-02;1.4250000e+02;6.0103595e-02;1.4250000e+02;1.4850512e-01;1.4250000e+02;2.2407922e-01;1.4250000e+02;2.4894708e-01;1.4250000e+02;2.2085473e-01;1.4250000e+02;1.8372189e-01;1.4250000e+02;2.2518924e-01;1.4250000e+02;1.9405887e-01;1.4250000e+02;1.4584216e-01;1.4250000e+02;9.4008341e-02;1.4250000e+02;4.8645165e-02;1.4250000e+02;-1.6595609e-04;1.4250000e+02;-4.1481052e-02;1.4250000e+02;-8.4794402e-02;1.4250000e+02;-1.2932453e-01;1.4250000e+02;-7.6184742e-02;1.4250000e+02;-6.1254580e-02;1.4250000e+02;-1.3498746e-02;1.4250000e+02;6.0103595e-02;1.4250000e+02;1.4850512e-01;1.4250000e+02;2.2407922e-01;1.4250000e+02;2.4894708e-01;1.4250000e+02;2.2085473e-01;1.4250000e+02;1.8372189e-01;1.4250000e+02;2.2518924e-01;1.4250000e+02;1.9405887e-01;1.4250000e+02;1.4584216e-01;1.4250000e+02;9.4008341e-02;1.4250000e+02;4.8645165e-02;1.4250000e+02;-1.6595609e-04;1.4250000e+02;-4.1481052e-02;1.4250000e+02;-8.4794402e-02;1.4250000e+02;-1.2932453e-01;1.4250000e+02;-7.6184742e-02;1.4250000e+02;-6.1254580e-02;1.4250000e+02;-1.3498746e-02;1.4250000e+02;6.0103595e-02;1.4250000e+02;1.4850512e-01;1.4250000e+02;2.2407922e-01;1.4250000e+02;2.4894708e-01;1.4250000e+02;2.2085473e-01;1.4250000e+02;1.8372189e-01;1.4250000e+02;2.2518924e-01;1.4250000e+02;1.9405887e-01;1.4250000e+02;1.4584216e-01;1.4250000e+02;9.4008341e-02;1.4250000e+02;4.8645165e-02;1.4250000e+02;-1.6595609e-04;1.4250000e+02;-4.1481052e-02;1.4250000e+02;-8.4794402e-02;1.4250000e+02;-1.2932453e-01;1.4250000e+02;-7.6184742e-02;1.4250000e+02;-6.1254580e-02;1.4250000e+02;-1.3498746e-02;1.4250000e+02;6.0103595e-02;1.4250000e+02;1.4850512e-01;1.4250000e+02;2.2407922e-01;1.4250000e+02;2.4894708e-01;1.4250000e+02;2.2085473e-01;1.4250000e+02;1.8372189e-01;1.4250000e+02;2.2518924e-01;1.4250000e+02;1.9405887e-01;1.4250000e+02;1.4584216e-01;1.4250000e+02;9.4008341e-02;1.4250000e+02;4.8645165e-02;1.4250000e+02;-1.6595609e-04;1.4250000e+02;-4.1481052e-02;1.4250000e+02;-8.4794402e-02;1.4250000e+02;-1.2932453e-01;1.4250000e+02;-7.6184742e-02;1.4250000e+02;-6.1254580e-02;1.4250000e+02;-1.3498746e-02;1.4250000e+02;6.0103595e-02;1.4250000e+02;1.4850512e-01;1.4250000e+02;2.2407922e-01;1.4250000e+02;2.4894708e-01;1.4250000e+02;2.2085473e-01;1.4250000e+02;1.8372189e-01;1.4250000e+02;2.2518924e-01;1.4250000e+02;1.9405887e-01;1.4250000e+02;1.4584216e-01;1.4250000e+02;9.4008341e-02;1.4250000e+02;4.8645165e-02;1.4250000e+02;-1.6595609e-04;1.4250000e+02;-4.1481052e-02;1.4250000e+02;-8.4794402e-02;1.4250000e+02;-1.2932453e-01;1.4250000e+02;-7.6184742e-02;1.4250000e+02;-6.1254580e-02;1.4250000e+02;-1.3498746e-02;1.4250000e+02;6.0103595e-02;1.4250000e+02;1.4850512e-01;1.4250000e+02;2.2407922e-01;1.4250000e+02;2.4894708e-01;1.4250000e+02;2.2085473e-01;1.4250000e+02;1.8372189e-01;1.4250000e+02;2.2518924e-01;1.4250000e+02;1.9405887e-01;1.4250000e+02;1.4584216e-01;1.4250000e+02;9.4008341e-02;1.4250000e+02;4.8645165e-02;1.4250000e+02;-1.6595609e-04;1.4250000e+02;-4.1481052e-02;1.4250000e+02;-8.4794402e-02;1.4250000e+02;-1.2932453e-01;1.4250000e+02;-7.6184742e-02;1.4250000e+02;-6.1254580e-02;1.4250000e+02;-1.3498746e-02;1.4250000e+02;6.0103595e-02;1.4250000e+02;1.4850512e-01;1.4250000e+02;2.2407922e-01;1.4250000e+02;2.4894708e-01;1.4250000e+02;2.2085473e-01;1.4250000e+02;1.8372189e-01;1.4250000e+02;2.2518924e-01;1.4250000e+02;1.9405887e-01;1.4250000e+02;1.4584216e-01;1.4250000e+02;9.4008341e-02;1.4250000e+02;4.8645165e-02;1.4250000e+02;-1.6595609e-04;1.4250000e+02;-4.1481052e-02;1.4250000e+02;-8.4794402e-02;1.4250000e+02;-1.2932453e-01;1.4250000e+02;-7.6184742e-02;1.4250000e+02;-6.1254580e-02;1.4250000e+02;-1.3498746e-02;1.4250000e+02;6.0103595e-02;1.4250000e+02;1.4850512e-01;1.4250000e+02;2.2407922e-01;1.4250000e+02;2.4894708e-01;1.4250000e+02;2.2085473e-01;1.4250000e+02;1.8372189e-01;1.4250000e+02;2.2518924e-01;1.4250000e+02;1.9405887e-01;1.4250000e+02;1.4584216e-01;1.4250000e+02;9.4008341e-02;1.4250000e+02;4.8645165e-02;1.4250000e+02;-1.6595609e-04;1.4250000e+02;-4.1481052e-02;1.4250000e+02;-8.4794402e-02;1.4250000e+02;-1.2932453e-01;1.4250000e+02;-7.6184742e-02;1.4250000e+02;-6.1254580e-02;1.4250000e+02;-1.3498746e-02;1.4250000e+02;6.0103595e-02;1.4250000e+02;1.4850512e-01;1.4250000e+02;2.2407922e-01;1.4250000e+02;2.4894708e-01;1.4250000e+02;2.2085473e-01;1.4250000e+02;1.8372189e-01;1.4250000e+02;2.2518924e-01;1.4250000e+02;1.9405887e-01;1.4250000e+02;1.4584216e-01;1.4250000e+02;9.4008341e-02;1.4250000e+02;4.8645165e-02;1.4250000e+02;-1.6595609e-04;1.4250000e+02;-4.1481052e-02;1.4250000e+02;-8.4794402e-02;1.4250000e+02;-1.2932453e-01;1.4250000e+02;-7.6184742e-02;1.4250000e+02;-6.1254580e-02;1.4250000e+02;-1.3498746e-02;1.4250000e+02;6.0103595e-02;1.4250000e+02;1.4850512e-01;1.4250000e+02;2.2407922e-01;1.4250000e+02;2.4894708e-01;1.4250000e+02;2.2085473e-01;1.4250000e+02;1.8372189e-01;1.4250000e+02;2.2518924e-01;1.4250000e+02;1.9405887e-01;1.4250000e+02;1.4584216e-01;1.4250000e+02;9.4008341e-02;1.4250000e+02;4.8645165e-02;1.4250000e+02;-1.6595609e-04;1.4250000e+02;-4.1481052e-02;1.4250000e+02;-8.4794402e-02;1.4250000e+02;-1.2932453e-01;1.4250000e+02;-7.6184742e-02;1.4250000e+02;-6.1254580e-02;1.4250000e+02;-1.3498746e-02;1.4250000e+02;6.0103595e-02;1.4250000e+02;1.4850512e-01;1.4250000e+02;2.2407922e-01;1.4250000e+02;2.4894708e-01;1.4250000e+02;2.2085473e-01;1.4250000e+02;1.8372189e-01;1.4250000e+02;2.2518924e-01;1.4250000e+02;1.9405887e-01;1.4250000e+02;1.4584216e-01;1.4250000e+02;9.4008341e-02;1.4250000e+02;4.8645165e-02;1.4250000e+02;-1.6595609e-04;1.4250000e+02;-4.1481052e-02;1.4250000e+02;-8.4794402e-02;1.4250000e+02;-1.2932453e-01;1.4250000e+02;-7.6184742e-02;1.4250000e+02;-6.1254580e-02;1.4250000e+02;-1.3498746e-02;1.4250000e+02;6.0103595e-02;1.4250000e+02;1.4850512e-01;1.4250000e+02;2.2407922e-01;1.4250000e+02;2.4894708e-01;1.4250000e+02;2.2085473e-01;1.4250000e+02;1.8372189e-01;1.4250000e+02;2.2518924e-01;1.4250000e+02;1.9405887e-01;1.4250000e+02;1.4584216e-01;1.4250000e+02;9.4008341e-02;1.4250000e+02;4.8645165e-02;1.4250000e+02;-1.6595609e-04;1.4250000e+02;-4.1481052e-02;1.4250000e+02;-8.4794402e-02;1.4250000e+02;-1.2932453e-01;1.4250000e+02;-7.6184742e-02;1.4250000e+02;-6.1254580e-02;1.4250000e+02;-1.3498746e-02;1.4250000e+02;6.0103595e-02;1.4250000e+02;1.4850512e-01;1.4250000e+02;2.2407922e-01;1.4250000e+02;2.4894708e-01;1.4250000e+02;2.2085473e-01;1.4250000e+02;1.8372189e-01;1.4250000e+02;2.2518924e-01;1.4250000e+02;1.9405887e-01;1.4250000e+02;1.4584216e-01;1.4250000e+02;9.4008341e-02;1.4250000e+02;4.8645165e-02;1.4250000e+02;-1.6595609e-04;1.4250000e+02;-4.1481052e-02;1.4250000e+02;-8.4794402e-02;1.4250000e+02;-1.2932453e-01;1.4250000e+02;-7.6184742e-02;1.4250000e+02;-6.1254580e-02;1.4250000e+02;-1.3498746e-02;1.4250000e+02;6.0103595e-02;1.4250000e+02;1.4850512e-01;1.4250000e+02;2.2407922e-01;1.4250000e+02;2.4894708e-01;1.4250000e+02;2.2085473e-01;1.4250000e+02;1.8372189e-01;1.4250000e+02;2.2518924e-01;1.4250000e+02;1.9405887e-01;1.4250000e+02;1.4584216e-01;1.4250000e+02;9.4008341e-02;1.4250000e+02;4.8645165e-02;1.4250000e+02;-1.6595609e-04;1.4250000e+02;-4.1481052e-02;1.4250000e+02;-8.4794402e-02;1.4250000e+02;-1.2932453e-01;1.4250000e+02;-7.6184742e-02;1.4250000e+02;-6.1254580e-02;1.4250000e+02;-1.3498746e-02;1.4250000e+02;6.0103595e-02;1.4250000e+02;1.4850512e-01;1.4250000e+02;2.2407922e-01;1.4250000e+02;2.4894708e-01;1.4250000e+02;2.2085473e-01;1.4250000e+02;1.8372189e-01;1.4250000e+02;2.2518924e-01;1.4250000e+02;1.9405887e-01;1.4250000e+02;1.4584216e-01;1.4250000e+02;9.4008341e-02;1.4250000e+02;4.8645165e-02;1.4250000e+02;-1.6595609e-04;1.4250000e+02;-4.1481052e-02;1.4250000e+02;-8.4794402e-02;1.4250000e+02;-1.2932453e-01;1.4250000e+02;-7.6184742e-02;1.4250000e+02;-6.1254580e-02;1.4250000e+02;-1.3498746e-02;1.4250000e+02;6.0103595e-02;1.4250000e+02;1.4850512e-01;1.4250000e+02;2.2407922e-01;1.4250000e+02;2.4894708e-01;1.4250000e+02;2.2085473e-01;1.4250000e+02;1.8372189e-01;1.4250000e+02;2.2518924e-01;1.4250000e+02;1.9405887e-01;1.4250000e+02;1.4584216e-01;1.4250000e+02;9.4008341e-02;1.4250000e+02;4.8645165e-02;1.4250000e+02;-1.6595609e-04;1.4250000e+02;-4.1481052e-02;1.4250000e+02;-8.4794402e-02;1.4250000e+02;-1.2932453e-01;1.4250000e+02;-7.6184742e-02;1.4250000e+02;-6.1254580e-02;1.4250000e+02;-1.3498746e-02;1.4250000e+02;6.0103595e-02;1.4250000e+02;1.4850512e-01;1.4250000e+02;2.2407922e-01;1.4250000e+02;2.4894708e-01;1.4250000e+02;2.2085473e-01;1.4250000e+02;1.8372189e-01;1.4250000e+02;2.2518924e-01;1.4250000e+02;1.9405887e-01;1.4250000e+02;1.4584216e-01;1.4250000e+02;9.4008341e-02;1.4250000e+02;4.8645165e-02;1.4250000e+02;-1.6595609e-04;1.4250000e+02;-4.1481052e-02;1.4250000e+02;-8.4794402e-02;1.4250000e+02;-1.2932453e-01;1.4250000e+02;-7.6184742e-02;1.4250000e+02;-6.1254580e-02;1.4250000e+02;-1.3498746e-02;1.4250000e+02;6.0103595e-02;1.4250000e+02;1.4850512e-01;1.4250000e+02;2.2407922e-01;1.4250000e+02;2.4894708e-01;1.4250000e+02;2.2085473e-01;1.4250000e+02;1.8372189e-01;1.4250000e+02;2.2518924e-01;1.4250000e+02;1.9405887e-01;1.4250000e+02;1.4584216e-01;1.4250000e+02;9.4008341e-02;1.4250000e+02;4.8645165e-02;1.4250000e+02;-1.6595609e-04;1.4250000e+02;-4.1481052e-02;1.4250000e+02;-8.4794402e-02;1.4250000e+02;-1.2932453e-01;1.4250000e+02;-7.6184742e-02;1.4250000e+02;-6.1254580e-02;1.4250000e+02;-1.3498746e-02;1.4250000e+02;6.0103595e-02;1.4250000e+02;1.4850512e-01;1.4250000e+02;2.2407922e-01;1.4250000e+02;2.4894708e-01;1.4250000e+02;2.2085473e-01;1.4250000e+02;1.8372189e-01;1.4250000e+02;2.2518924e-01;1.4250000e+02;1.9405887e-01;1.4250000e+02;1.4584216e-01;1.4250000e+02;9.4008341e-02;1.4250000e+02;4.8645165e-02;1.4250000e+02;-1.6595609e-04;1.4250000e+02;-4.1481052e-02;1.4250000e+02;-8.4794402e-02;1.4250000e+02;-1.2932453e-01;1.4250000e+02;-7.6184742e-02;1.4250000e+02;-6.1254580e-02;1.4250000e+02;-1.3498746e-02;1.4250000e+02;6.0103595e-02;1.4250000e+02;1.4850512e-01;1.4250000e+02;2.2407922e-01;1.4250000e+02;2.4894708e-01;1.4250000e+02;2.2085473e-01;1.4250000e+02;1.8372189e-01;1.4250000e+02;2.2518924e-01;1.4250000e+02;1.9405887e-01;1.4250000e+02;1.4584216e-01;1.4250000e+02;9.4008341e-02;1.4250000e+02;4.8645165e-02;1.4250000e+02;-1.6595609e-04;1.4250000e+02;-4.1481052e-02;1.4250000e+02;-8.4794402e-02;1.4250000e+02;-1.2932453e-01;1.4250000e+02;-7.6184742e-02;1.4250000e+02;-6.1254580e-02;1.4250000e+02;-1.3498746e-02;1.4250000e+02;6.0103595e-02;1.4250000e+02;1.4850512e-01;1.4250000e+02;2.2407922e-01;1.4250000e+02;2.4894708e-01;1.4250000e+02;2.2085473e-01;1.4250000e+02;1.8372189e-01;1.4250000e+02;2.2518924e-01;1.4250000e+02;1.9405887e-01;1.4250000e+02;1.4584216e-01;1.4250000e+02;9.4008341e-02;1.4250000e+02;4.8645165e-02;1.4250000e+02;-1.6595609e-04;1.4250000e+02;-4.1481052e-02;1.4250000e+02;-8.4794402e-02;1.4250000e+02;-1.2932453e-01;1.4250000e+02;-7.6184742e-02;1.4250000e+02;-6.1254580e-02;1.4250000e+02;-1.3498746e-02;1.4250000e+02;6.0103595e-02;1.4250000e+02;1.4850512e-01;1.4250000e+02;2.2407922e-01;1.4250000e+02;2.4894708e-01;1.4250000e+02;2.2085473e-01;1.4250000e+02;1.8372189e-01;1.4250000e+02;2.2518924e-01;1.4250000e+02;1.9405887e-01;1.4250000e+02;1.4584216e-01;1.4250000e+02;9.4008341e-02;1.4250000e+02;4.8645165e-02;1.4250000e+02;-1.6595609e-04;1.4250000e+02;-4.1481052e-02;1.4250000e+02;-8.4794402e-02;1.4250000e+02;-1.2932453e-01;1.4250000e+02;-7.6184742e-02;1.4250000e+02;-6.1254580e-02;1.4250000e+02;-1.3498746e-02;1.4250000e+02;6.0103595e-02;1.4250000e+02;1.4850512e-01;1.4250000e+02;2.2407922e-01;1.4250000e+02;2.4894708e-01;1.4250000e+02;2.2085473e-01;1.4250000e+02;1.8372189e-01;1.4250000e+02;2.2518924e-01;1.4250000e+02;1.9405887e-01;1.4250000e+02;1.4584216e-01;1.4250000e+02;9.4008341e-02;1.4250000e+02;4.8645165e-02;1.4250000e+02;-1.6595609e-04;1.4250000e+02;-4.1481052e-02;1.4250000e+02;-8.4794402e-02;1.4250000e+02;-1.2932453e-01;1.4250000e+02;-7.6184742e-02;1.4250000e+02;-6.1254580e-02;1.4250000e+02;-1.3498746e-02;1.4250000e+02;6.0103595e-02;1.4250000e+02;1.4850512e-01;1.4250000e+02;2.2407922e-01;1.4250000e+02;2.4894708e-01;1.4250000e+02;2.2085473e-01;1.4250000e+02;1.8372189e-01;1.4250000e+02;2.2518924e-01;1.4250000e+02;1.9405887e-01;1.4250000e+02;1.4584216e-01;1.4250000e+02;9.4008341e-02;1.4250000e+02;4.8645165e-02;1.4250000e+02;-1.6595609e-04;1.4250000e+02;-4.1481052e-02;1.4250000e+02;-8.4794402e-02;1.4250000e+02;-1.2932453e-01;1.4250000e+02;-7.6184742e-02;1.4250000e+02;-6.1254580e-02;1.4250000e+02;-1.3498746e-02;1.4250000e+02;6.0103595e-02;1.4250000e+02;1.4850512e-01;1.4250000e+02;2.2407922e-01;1.4250000e+02;2.4894708e-01;1.4250000e+02;2.2085473e-01;1.4250000e+02;1.8372189e-01;1.4250000e+02;2.2518924e-01;1.4250000e+02;1.9405887e-01;1.4250000e+02;1.4584216e-01;1.4250000e+02;9.4008341e-02;1.4250000e+02;4.8645165e-02;1.4250000e+02;-1.6595609e-04;1.4250000e+02;-4.1481052e-02;1.4250000e+02;-8.4794402e-02;1.4250000e+02;-1.2932453e-01;1.4250000e+02;-7.6184742e-02;1.4250000e+02;-6.1254580e-02;1.4250000e+02;-1.3498746e-02;1.4250000e+02;6.0103595e-02;1.4250000e+02;1.4850512e-01;1.4250000e+02;2.2407922e-01;1.4250000e+02;2.4894708e-01;1.4250000e+02;2.2085473e-01;1.4250000e+02;1.8372189e-01;1.4250000e+02;2.2518924e-01;1.4250000e+02;1.9405887e-01;1.4250000e+02;1.4584216e-01;1.4250000e+02;9.4008341e-02;1.4250000e+02;4.8645165e-02;1.4250000e+02;-1.6595609e-04;1.4250000e+02;-4.1481052e-02;1.4250000e+02;-8.4794402e-02;1.4250000e+02;-1.2932453e-01;1.4250000e+02;-7.6184742e-02;1.4250000e+02;-6.1254580e-02;1.4250000e+02;-1.3498746e-02;1.4250000e+02;6.0103595e-02;1.4250000e+02;1.4850512e-01;1.4250000e+02;2.2407922e-01;1.4250000e+02;2.4894708e-01;1.4250000e+02;2.2085473e-01;1.4250000e+02;1.8372189e-01;1.4250000e+02;2.2518924e-01;1.4250000e+02;1.9405887e-01;1.4250000e+02;1.4584216e-01;1.4250000e+02;9.4008341e-02;1.4250000e+02;4.8645165e-02;1.4250000e+02;-1.6595609e-04;1.4250000e+02;-4.1481052e-02;1.4250000e+02;-8.4794402e-02;1.4250000e+02;-1.2932453e-01;1.4250000e+02;-7.6184742e-02;1.4250000e+02;-6.1254580e-02;1.4250000e+02;-1.3498746e-02;1.4250000e+02;6.0103595e-02;1.4250000e+02;1.4850512e-01;1.4250000e+02;2.2407922e-01;1.4250000e+02;2.4894708e-01;1.4250000e+02;2.2085473e-01;1.4250000e+02;1.8372189e-01;1.4250000e+02;2.2518924e-01;1.4250000e+02;1.9405887e-01;1.4250000e+02;1.4584216e-01;1.4250000e+02;9.4008341e-02;1.4250000e+02;4.8645165e-02;1.4250000e+02;-1.6595609e-04;1.4250000e+02;-4.1481052e-02;1.4250000e+02;-8.4794402e-02;1.4250000e+02;-1.2932453e-01;1.4250000e+02;-7.6184742e-02;1.4250000e+02;-6.1254580e-02;1.4250000e+02;-1.3498746e-02;1.4250000e+02;6.0103595e-02;1.4250000e+02;1.4850512e-01;1.4250000e+02;2.2407922e-01;1.4250000e+02;2.4894708e-01;1.4250000e+02;2.2085473e-01;1.4250000e+02;1.8372189e-01;1.4250000e+02;2.2518924e-01;1.4250000e+02;1.9405887e-01;1.4250000e+02;1.4584216e-01;1.4250000e+02;9.4008341e-02;1.4250000e+02;4.8645165e-02;1.4250000e+02;-1.6595609e-04;1.4250000e+02;-4.1481052e-02;1.4250000e+02;-8.4794402e-02;1.4250000e+02;-1.2932453e-01;1.4250000e+02;-7.6184742e-02;1.4250000e+02;-6.1254580e-02;1.4250000e+02;-1.3498746e-02;1.4250000e+02;6.0103595e-02;1.4250000e+02;1.4850512e-01;1.4250000e+02;2.2407922e-01;1.4250000e+02;2.4894708e-01;1.4250000e+02;2.2085473e-01;1.4250000e+02;1.8372189e-01;1.4250000e+02;2.2518924e-01;1.4250000e+02;1.9405887e-01;1.4250000e+02;1.4584216e-01;1.4250000e+02;9.4008341e-02;1.4250000e+02;4.8645165e-02;1.4250000e+02;-1.6595609e-04;1.4250000e+02;-4.1481052e-02;1.4250000e+02;-8.4794402e-02;1.4250000e+02;-1.2932453e-01;1.4250000e+02;-7.6184742e-02;1.4250000e+02;-6.1254580e-02;1.4250000e+02;-1.3498746e-02;1.4250000e+02;6.0103595e-02;1.4250000e+02;1.4850512e-01;1.4250000e+02;2.2407922e-01;1.4250000e+02;2.4894708e-01;1.4250000e+02;2.2085473e-01;1.4250000e+02;1.8372189e-01;1.4250000e+02;2.2518924e-01;1.4250000e+02;1.9405887e-01;1.4250000e+02;1.4584216e-01;1.4250000e+02;9.4008341e-02;1.4250000e+02;4.8645165e-02;1.4250000e+02;-1.6595609e-04;1.4250000e+02;-4.1481052e-02;1.4250000e+02;-8.4794402e-02;1.4250000e+02;-1.2932453e-01;1.4250000e+02;-7.6184742e-02;1.4250000e+02;-6.1254580e-02;1.4250000e+02;-1.3498746e-02;1.4250000e+02;6.0103595e-02;1.4250000e+02;1.4850512e-01;1.4250000e+02;2.2407922e-01;1.4250000e+02;2.4894708e-01;1.4250000e+02;2.2085473e-01;1.4250000e+02;1.8372189e-01;1.4250000e+02;2.2518924e-01;1.4250000e+02;1.9405887e-01;1.4250000e+02;1.4584216e-01;1.4250000e+02;9.4008341e-02;1.4250000e+02;4.8645165e-02;1.4250000e+02;-1.6595609e-04;1.4250000e+02;-4.1481052e-02;1.4250000e+02;-8.4794402e-02;1.4250000e+02;-1.2932453e-01;1.4250000e+02;-7.6184742e-02;1.4250000e+02;-6.1254580e-02;1.4250000e+02;-1.3498746e-02;1.4250000e+02;6.0103595e-02;1.4250000e+02;1.4850512e-01;1.4250000e+02;2.2407922e-01;1.4250000e+02;2.4894708e-01;1.4250000e+02;2.2085473e-01;1.4250000e+02;1.8372189e-01;1.4250000e+02;2.2518924e-01;1.4250000e+02;1.9405887e-01;1.4250000e+02;1.4584216e-01;1.4250000e+02;9.4008341e-02;1.4250000e+02;4.8645165e-02;1.4250000e+02;-1.6595609e-04;1.4250000e+02;-4.1481052e-02;1.4250000e+02;-8.4794402e-02;1.4250000e+02;-1.2932453e-01;1.4250000e+02;-7.6184742e-02;1.4250000e+02;-6.1254580e-02;1.4250000e+02;-1.3498746e-02;1.4250000e+02;6.0103595e-02;1.4250000e+02;1.4850512e-01;1.4250000e+02;2.2407922e-01;1.4250000e+02;2.4894708e-01;1.4250000e+02;2.2085473e-01;1.4250000e+02;1.8372189e-01;1.4250000e+02;2.2518924e-01;1.4250000e+02;1.9405887e-01;1.4250000e+02;1.4584216e-01;1.4250000e+02;9.4008341e-02;1.4250000e+02;4.8645165e-02;1.4250000e+02;-1.6595609e-04;1.4250000e+02;-4.1481052e-02;1.4250000e+02;-8.4794402e-02;1.4250000e+02;-1.2932453e-01;1.4250000e+02;-7.6184742e-02;1.4250000e+02;-6.1254580e-02;1.4250000e+02;-1.3498746e-02;1.4250000e+02;6.0103595e-02;1.4250000e+02;1.4850512e-01;1.4250000e+02;2.2407922e-01;1.4250000e+02;2.4894708e-01;1.4250000e+02;2.2085473e-01;1.4250000e+02;1.8372189e-01;1.4250000e+02;2.2518924e-01;1.4250000e+02;1.9405887e-01;1.4250000e+02;1.4584216e-01;1.4250000e+02;9.4008341e-02;1.4250000e+02;4.8645165e-02;1.4250000e+02;-1.6595609e-04;1.4250000e+02;-4.1481052e-02;1.4250000e+02;-8.4794402e-02;1.4250000e+02;-1.2932453e-01;1.4250000e+02;-7.6184742e-02;1.4250000e+02;-6.1254580e-02;1.4250000e+02;-1.3498746e-02;1.4250000e+02;6.0103595e-02;1.4250000e+02;1.4850512e-01;1.4250000e+02;2.2407922e-01;1.4250000e+02;2.4894708e-01;1.4250000e+02;2.2085473e-01;1.4250000e+02;1.8372189e-01;1.4250000e+02;2.2518924e-01;1.4250000e+02;1.9405887e-01;1.4250000e+02;1.4584216e-01;1.4250000e+02;9.4008341e-02;1.4250000e+02;4.8645165e-02;1.4250000e+02;-1.6595609e-04;1.4250000e+02;-4.1481052e-02;1.4250000e+02;-8.4794402e-02;1.4250000e+02;-1.2932453e-01;1.4250000e+02;-7.6184742e-02;1.4250000e+02;-6.1254580e-02;1.4250000e+02;-1.3498746e-02;1.4250000e+02;6.0103595e-02;1.4250000e+02;1.4850512e-01;1.4250000e+02;2.2407922e-01;1.4250000e+02;2.4894708e-01;1.4250000e+02;2.2085473e-01;1.4250000e+02;1.8372189e-01;1.4250000e+02;2.2518924e-01;1.4250000e+02;1.9405887e-01;1.4250000e+02;1.4584216e-01;1.4250000e+02;9.4008341e-02;1.4250000e+02;4.8645165e-02;1.4250000e+02;-1.6595609e-04;1.4250000e+02;-4.1481052e-02;1.4250000e+02;-8.4794402e-02;1.4250000e+02;-1.2932453e-01;1.4250000e+02;-7.6184742e-02;1.4250000e+02;-6.1254580e-02;1.4250000e+02;-1.3498746e-02;1.4250000e+02;6.0103595e-02;1.4250000e+02;1.4850512e-01;1.4250000e+02;2.2407922e-01;1.4250000e+02;2.4894708e-01;1.4250000e+02;2.2085473e-01;1.4250000e+02;1.8372189e-01;1.4250000e+02;2.2518924e-01;1.4250000e+02;1.9405887e-01;1.4250000e+02;1.4584216e-01;1.4250000e+02;9.4008341e-02;1.4250000e+02;4.8645165e-02;1.4250000e+02;-1.6595609e-04;1.4250000e+02;-4.1481052e-02;1.4250000e+02;-8.4794402e-02;1.4250000e+02;-1.2932453e-01;1.4250000e+02;-7.6184742e-02;1.4250000e+02;-6.1254580e-02;1.4250000e+02;-1.3498746e-02;1.4250000e+02;6.0103595e-02;1.4250000e+02;1.4850512e-01;1.4250000e+02;2.2407922e-01;1.4250000e+02;2.4894708e-01;1.4250000e+02;2.2085473e-01;1.4250000e+02;1.8372189e-01;1.4250000e+02;2.2518924e-01;1.4250000e+02;1.9405887e-01;1.4250000e+02;1.4584216e-01;1.4250000e+02;9.4008341e-02;1.4250000e+02;4.8645165e-02;1.4250000e+02;-1.6595609e-04;1.4250000e+02;-4.1481052e-02;1.4250000e+02;-8.4794402e-02;1.4250000e+02;-1.2932453e-01;1.4250000e+02;-7.6184742e-02;1.4250000e+02;-6.1254580e-02;1.4250000e+02;-1.3498746e-02;1.4250000e+02;6.0103595e-02;1.4250000e+02;1.4850512e-01;1.4250000e+02;2.2407922e-01;1.4250000e+02;2.4894708e-01;1.4250000e+02;2.2085473e-01;1.4250000e+02;1.8372189e-01;1.4250000e+02;2.2518924e-01;1.4250000e+02;1.9405887e-01;1.4250000e+02;1.4584216e-01;1.4250000e+02;9.4008341e-02;1.4250000e+02;4.8645165e-02;1.4250000e+02;-1.6595609e-04;1.4250000e+02;-4.1481052e-02;1.4250000e+02;-8.4794402e-02;1.4250000e+02;-1.2932453e-01;1.4250000e+02;-7.6184742e-02;1.4250000e+02;-6.1254580e-02;1.4250000e+02;-1.3498746e-02;1.4250000e+02;6.0103595e-02;1.4250000e+02;1.4850512e-01;1.4250000e+02;2.2407922e-01;1.4250000e+02;2.4894708e-01;1.4250000e+02;2.2085473e-01;1.4250000e+02;1.8372189e-01;1.4250000e+02;2.2518924e-01;1.4250000e+02;1.9405887e-01;1.4250000e+02;1.4584216e-01;1.4250000e+02;9.4008341e-02;1.4250000e+02;4.8645165e-02;1.4250000e+02;-1.6595609e-04;1.4250000e+02;-4.1481052e-02;1.4250000e+02;-8.4794402e-02;1.4250000e+02;-1.2932453e-01;1.4250000e+02;-7.6184742e-02;1.4250000e+02;-6.1254580e-02;1.4250000e+02;-1.3498746e-02;1.4250000e+02;6.0103595e-02;1.4250000e+02;1.4850512e-01;1.4250000e+02;2.2407922e-01;1.4250000e+02;2.4894708e-01;1.4250000e+02;2.2085473e-01;1.4250000e+02;1.8372189e-01;1.4250000e+02;2.2518924e-01;1.4250000e+02;1.9405887e-01;1.4250000e+02;1.4584216e-01;1.4250000e+02;9.4008341e-02;1.4250000e+02;4.8645165e-02;1.4250000e+02;-1.6595609e-04;1.4250000e+02;-4.1481052e-02;1.4250000e+02;-8.4794402e-02;1.4250000e+02;-1.2932453e-01;1.4250000e+02;-7.6184742e-02;1.4250000e+02;-6.1254580e-02;1.4250000e+02;-1.3498746e-02;1.4250000e+02;6.0103595e-02;1.4250000e+02;1.4850512e-01;1.4250000e+02;2.2407922e-01;1.4250000e+02;2.4894708e-01;1.4250000e+02;2.2085473e-01;1.4250000e+02;1.8372189e-01;1.4250000e+02;2.2518924e-01;1.4250000e+02;1.9405887e-01;1.4250000e+02;1.4584216e-01;1.4250000e+02;9.4008341e-02;1.4250000e+02;4.8645165e-02;1.4250000e+02;-1.6595609e-04;1.4250000e+02;-4.1481052e-02;1.4250000e+02;-8.4794402e-02;1.4250000e+02;-1.2932453e-01;1.4250000e+02;-7.6184742e-02;1.4250000e+02;-6.1254580e-02;1.4250000e+02;-1.3498746e-02;1.4250000e+02;6.0103595e-02;1.4250000e+02;1.4850512e-01;1.4250000e+02;2.2407922e-01;1.4250000e+02;2.4894708e-01;1.4250000e+02;2.2085473e-01;1.4250000e+02;1.8372189e-01;1.4250000e+02;2.2518924e-01;1.4250000e+02;1.9405887e-01;1.4250000e+02;1.4584216e-01;1.4250000e+02;9.4008341e-02;1.4250000e+02;4.8645165e-02;1.4250000e+02;-1.6595609e-04;1.4250000e+02;-4.1481052e-02;1.4250000e+02;-8.4794402e-02;1.4250000e+02;-1.2932453e-01;1.4250000e+02;-7.6184742e-02;1.4250000e+02;-6.1254580e-02;1.4250000e+02;-1.3498746e-02;1.4250000e+02;6.0103595e-02;1.4250000e+02;1.4850512e-01;1.4250000e+02;2.2407922e-01;1.4250000e+02;2.4894708e-01;1.4250000e+02;2.2085473e-01;1.4250000e+02;1.8372189e-01;1.4250000e+02;2.2518924e-01;1.4250000e+02;1.9405887e-01;1.4250000e+02;1.4584216e-01;1.4250000e+02;9.4008341e-02;1.4250000e+02;4.8645165e-02;1.4250000e+02;-1.6595609e-04;1.4250000e+02;-4.1481052e-02;1.4250000e+02;-8.4794402e-02;1.4250000e+02;-1.2932453e-01;1.4250000e+02;-7.6184742e-02;1.4250000e+02;-6.1254580e-02;1.4250000e+02;-1.3498746e-02;1.4250000e+02;6.0103595e-02;1.4250000e+02;1.4850512e-01;1.4250000e+02;2.2407922e-01;1.4250000e+02;2.4894708e-01;1.4250000e+02;2.2085473e-01;1.4250000e+02;1.8372189e-01;1.4250000e+02;2.2518924e-01;1.4250000e+02;1.9405887e-01;1.4250000e+02;1.4584216e-01;1.4250000e+02;9.4008341e-02;1.4250000e+02;4.8645165e-02;1.4250000e+02;-1.6595609e-04;1.4250000e+02;-4.1481052e-02;1.4250000e+02;-8.4794402e-02;1.4250000e+02;-1.2932453e-01;1.4250000e+02;-7.6184742e-02;1.4250000e+02;-6.1254580e-02;1.4250000e+02;-1.3498746e-02;1.4250000e+02;6.0103595e-02;1.4250000e+02;1.4850512e-01;1.4250000e+02;2.2407922e-01;1.4250000e+02;2.4894708e-01;1.4250000e+02;2.2085473e-01;1.4250000e+02;1.8372189e-01;1.4250000e+02;2.2518924e-01;1.4250000e+02;1.9405887e-01;1.4250000e+02;1.4584216e-01;1.4250000e+02;9.4008341e-02;1.4250000e+02;4.8645165e-02;1.4250000e+02;-1.6595609e-04;1.4250000e+02;-4.1481052e-02;1.4250000e+02;-8.4794402e-02;1.4250000e+02;-1.2932453e-01;1.4250000e+02;-7.6184742e-02;1.4250000e+02;-6.1254580e-02;1.4250000e+02;-1.3498746e-02;1.4250000e+02;6.0103595e-02;1.4250000e+02;1.4850512e-01;1.4250000e+02;2.2407922e-01;1.4250000e+02;2.4894708e-01;1.4250000e+02;2.2085473e-01;1.4250000e+02;1.8372189e-01;1.4250000e+02;2.2518924e-01;1.4250000e+02;1.9405887e-01;1.4250000e+02;1.4584216e-01;1.4250000e+02;9.4008341e-02;1.4250000e+02;4.8645165e-02;1.4250000e+02;-1.6595609e-04;1.4250000e+02;-4.1481052e-02;1.4250000e+02;-8.4794402e-02;1.4250000e+02;-1.2932453e-01;1.4250000e+02;-7.6184742e-02;1.4250000e+02;-6.1254580e-02;1.4250000e+02;-1.3498746e-02;1.4250000e+02;6.0103595e-02;1.4250000e+02;1.4850512e-01;1.4250000e+02;2.2407922e-01;1.4250000e+02;2.4894708e-01;1.4250000e+02;2.2085473e-01;1.4250000e+02;1.8372189e-01;1.4250000e+02;2.2518924e-01;1.4250000e+02;1.9405887e-01;1.4250000e+02;1.4584216e-01;1.4250000e+02;9.4008341e-02;1.4250000e+02;4.8645165e-02;1.4250000e+02;-1.6595609e-04;1.4250000e+02;-4.1481052e-02;1.4250000e+02;-8.4794402e-02;1.4250000e+02;-1.2932453e-01;1.4250000e+02;-7.6184742e-02;1.4250000e+02;-6.1254580e-02;1.4250000e+02;-1.3498746e-02;1.4250000e+02;6.0103595e-02;1.4250000e+02;1.4850512e-01;1.4250000e+02;2.2407922e-01;1.4250000e+02;2.4894708e-01;1.4250000e+02;2.2085473e-01;1.4250000e+02;1.8372189e-01;1.4250000e+02;2.2518924e-01;1.4250000e+02;1.9405887e-01;1.4250000e+02;1.4584216e-01;1.4250000e+02;9.4008341e-02;1.4250000e+02;4.8645165e-02;1.4250000e+02;-1.6595609e-04;1.4250000e+02;-4.1481052e-02;1.4250000e+02;-8.4794402e-02;1.4250000e+02;-1.2932453e-01;1.4250000e+02;-7.6184742e-02;1.4250000e+02;-6.1254580e-02;1.4250000e+02;-1.3498746e-02;1.4250000e+02;6.0103595e-02;1.4250000e+02;1.4850512e-01;1.4250000e+02;2.2407922e-01;1.4250000e+02;2.4894708e-01;1.4250000e+02;2.2085473e-01;1.4250000e+02;1.8372189e-01;1.4250000e+02;2.2518924e-01;1.4250000e+02;1.9405887e-01;1.4250000e+02;1.4584216e-01;1.4250000e+02;9.4008341e-02;1.4250000e+02;4.8645165e-02;1.4250000e+02;-1.6595609e-04;1.4250000e+02;-4.1481052e-02;1.4250000e+02;-8.4794402e-02;1.4250000e+02;-1.2932453e-01;1.4250000e+02;-7.6184742e-02;1.4250000e+02;-6.1254580e-02;1.4250000e+02;-1.3498746e-02;1.4250000e+02;6.0103595e-02;1.4250000e+02;1.4850512e-01;1.4250000e+02;2.2407922e-01;1.4250000e+02;2.4894708e-01;1.4250000e+02;2.2085473e-01;1.4250000e+02;1.8372189e-01;1.4250000e+02;2.2518924e-01;1.4250000e+02;1.9405887e-01;1.4250000e+02;1.4584216e-01;1.4250000e+02;9.4008341e-02;1.4250000e+02;4.8645165e-02;1.4250000e+02;-1.6595609e-04;1.4250000e+02;-4.1481052e-02;1.4250000e+02;-8.4794402e-02;1.4250000e+02;-1.2932453e-01;1.4250000e+02;-7.6184742e-02;1.4250000e+02;-6.1254580e-02;1.4250000e+02;-1.3498746e-02;1.4250000e+02;6.0103595e-02;1.4250000e+02;1.4850512e-01;1.4250000e+02;2.2407922e-01;1.4250000e+02;2.4894708e-01;1.4250000e+02;2.2085473e-01;1.4250000e+02;1.8372189e-01;1.4250000e+02;2.2518924e-01;1.4250000e+02;1.9405887e-01;1.4250000e+02;1.4584216e-01;1.4250000e+02;9.4008341e-02;1.4250000e+02;4.8645165e-02;1.4250000e+02;-1.6595609e-04;1.4250000e+02;-4.1481052e-02;1.4250000e+02;-8.4794402e-02;1.4250000e+02;-1.2932453e-01;1.4250000e+02;-7.6184742e-02;1.4250000e+02;-6.1254580e-02;1.4250000e+02;-1.3498746e-02;1.4250000e+02;6.0103595e-02;1.4250000e+02;1.4850512e-01;1.4250000e+02;2.2407922e-01;1.4250000e+02;2.4894708e-01;1.4250000e+02;2.2085473e-01;1.4250000e+02;1.8372189e-01;1.4250000e+02;2.2518924e-01;1.4250000e+02;1.9405887e-01;1.4250000e+02;1.4584216e-01;1.4250000e+02;9.4008341e-02;1.4250000e+02;4.8645165e-02;1.4250000e+02;-1.6595609e-04;1.4250000e+02;-4.1481052e-02;1.4250000e+02;-8.4794402e-02;1.4250000e+02;-1.2932453e-01;1.4250000e+02;-7.6184742e-02;1.4250000e+02;-6.1254580e-02;1.4250000e+02;-1.3498746e-02;1.4250000e+02;6.0103595e-02;1.4250000e+02;1.4850512e-01;1.4250000e+02;2.2407922e-01;1.4250000e+02;2.4894708e-01;1.4250000e+02;2.2085473e-01;1.4250000e+02;1.8372189e-01;1.4250000e+02;2.2518924e-01;1.4250000e+02;1.9405887e-01;1.4250000e+02;1.4584216e-01;1.4250000e+02;9.4008341e-02;1.4250000e+02;4.8645165e-02;1.4250000e+02;-1.6595609e-04;1.4250000e+02;-4.1481052e-02;1.4250000e+02;-8.4794402e-02;1.4250000e+02;-1.2932453e-01;1.4250000e+02;-7.6184742e-02;1.4250000e+02;-6.1254580e-02;1.4250000e+02;-1.3498746e-02;1.4250000e+02;6.0103595e-02;1.4250000e+02;1.4850512e-01;1.4250000e+02;2.2407922e-01;1.4250000e+02;2.4894708e-01;1.4250000e+02;2.2085473e-01;1.4250000e+02;1.8372189e-01;1.4250000e+02;2.2518924e-01;1.4250000e+02;1.9405887e-01;1.4250000e+02;1.4584216e-01;1.4250000e+02;9.4008341e-02;1.4250000e+02;4.8645165e-02;1.4250000e+02;-1.6595609e-04;1.4250000e+02;-4.1481052e-02;1.4250000e+02;-8.4794402e-02;1.4250000e+02;-1.2932453e-01;1.4250000e+02;-7.6184742e-02;1.4250000e+02;-6.1254580e-02;1.4250000e+02;-1.3498746e-02;1.4250000e+02;6.0103595e-02;1.4250000e+02;1.4850512e-01;1.4250000e+02;2.2407922e-01;1.4250000e+02;2.4894708e-01;1.4250000e+02;2.2085473e-01;1.4250000e+02;1.8372189e-01;1.4250000e+02;2.2518924e-01;1.4250000e+02;1.9405887e-01;1.4250000e+02;1.4584216e-01;1.4250000e+02;9.4008341e-02;1.4250000e+02;4.8645165e-02;1.4250000e+02;-1.6595609e-04;1.4250000e+02;-4.1481052e-02;1.4250000e+02;-8.4794402e-02;1.4250000e+02;-1.2932453e-01;1.4250000e+02;-7.6184742e-02;1.4250000e+02;-6.1254580e-02;1.4250000e+02;-1.3498746e-02;1.4250000e+02;6.0103595e-02;1.4250000e+02;1.4850512e-01;1.4250000e+02;2.2407922e-01;1.4250000e+02;2.4894708e-01;1.4250000e+02;2.2085473e-01;1.4250000e+02;1.8372189e-01;1.4250000e+02;2.2518924e-01;1.4250000e+02;1.9405887e-01;1.4250000e+02;1.4584216e-01;1.4250000e+02;9.4008341e-02;1.4250000e+02;4.8645165e-02;1.4250000e+02;-1.6595609e-04;1.4250000e+02;-4.1481052e-02;1.4250000e+02;-8.4794402e-02;1.4250000e+02;-1.2932453e-01;1.4250000e+02;-7.6184742e-02;1.4250000e+02;-6.1254580e-02;1.4250000e+02;-1.3498746e-02;1.4250000e+02;6.0103595e-02;1.4250000e+02;1.4850512e-01;1.4250000e+02;2.2407922e-01;1.4250000e+02;2.4894708e-01;1.4250000e+02;2.2085473e-01;1.4250000e+02;1.8372189e-01;1.4250000e+02;2.2518924e-01;1.4250000e+02;1.9405887e-01;1.4250000e+02;1.4584216e-01;1.4250000e+02;9.4008341e-02;1.4250000e+02;4.8645165e-02;1.4250000e+02;-1.6595609e-04;1.4250000e+02;-4.1481052e-02;1.4250000e+02;-8.4794402e-02;1.4250000e+02;-1.2932453e-01;1.4250000e+02;-7.6184742e-02;1.4250000e+02;-6.1254580e-02;1.4250000e+02;-1.3498746e-02;1.4250000e+02;6.0103595e-02;1.4250000e+02;1.4850512e-01;1.4250000e+02;2.2407922e-01;1.4250000e+02;2.4894708e-01;1.4250000e+02;2.2085473e-01;1.4250000e+02;1.8372189e-01;1.4250000e+02;2.2518924e-01;1.4250000e+02;1.9405887e-01;1.4250000e+02;1.4584216e-01;1.4250000e+02;9.4008341e-02;1.4250000e+02;4.8645165e-02;1.4250000e+02;-1.6595609e-04;1.4250000e+02;-4.1481052e-02;1.4250000e+02;-8.4794402e-02;1.4250000e+02;-1.2932453e-01;1.4250000e+02;-7.6184742e-02;1.4250000e+02;-6.1254580e-02;1.4250000e+02;-1.3498746e-02;1.4250000e+02;6.0103595e-02;1.4250000e+02;1.4850512e-01;1.4250000e+02;2.2407922e-01;1.4250000e+02;2.4894708e-01;1.4250000e+02;2.2085473e-01;1.4250000e+02;1.8372189e-01;1.4250000e+02;2.2518924e-01;1.4250000e+02;1.9405887e-01;1.4250000e+02;1.4584216e-01;1.4250000e+02;9.4008341e-02;1.4250000e+02;4.8645165e-02;1.4250000e+02;-1.6595609e-04;1.4250000e+02;-4.1481052e-02;1.4250000e+02;-8.4794402e-02;1.4250000e+02;-1.2932453e-01;1.4250000e+02;-7.6184742e-02;1.4250000e+02;-6.1254580e-02;1.4250000e+02;-1.3498746e-02;1.4250000e+02;6.0103595e-02;1.4250000e+02;1.4850512e-01;1.4250000e+02;2.2407922e-01;1.4250000e+02;2.4894708e-01;1.4250000e+02;2.2085473e-01;1.4250000e+02;1.8372189e-01;1.4250000e+02;2.2518924e-01;1.4250000e+02;1.9405887e-01;1.4250000e+02;1.4584216e-01;1.4250000e+02;9.4008341e-02;1.4250000e+02;4.8645165e-02;1.4250000e+02;-1.6595609e-04;1.4250000e+02;-4.1481052e-02;1.4250000e+02;-8.4794402e-02;1.4250000e+02;-1.2932453e-01;1.4250000e+02;-7.6184742e-02;1.4250000e+02;-6.1254580e-02;1.4250000e+02;-1.3498746e-02;1.4250000e+02;6.0103595e-02;1.4250000e+02;1.4850512e-01;1.4250000e+02;2.2407922e-01;1.4250000e+02;2.4894708e-01;1.4250000e+02;2.2085473e-01;1.4250000e+02;1.8372189e-01;1.4250000e+02;2.2518924e-01;1.4250000e+02;1.9405887e-01;1.4250000e+02;1.4584216e-01;1.4250000e+02;9.4008341e-02;1.4250000e+02;4.8645165e-02;1.4250000e+02;-1.6595609e-04;1.4250000e+02;-4.1481052e-02;1.4250000e+02;-8.4794402e-02;1.4250000e+02;-1.2932453e-01;1.4250000e+02;-7.6184742e-02;1.4250000e+02;-6.1254580e-02;1.4250000e+02;-1.3498746e-02;1.4250000e+02;6.0103595e-02;1.4250000e+02;1.4850512e-01;1.4250000e+02;2.2407922e-01;1.4250000e+02;2.4894708e-01;1.4250000e+02;2.2085473e-01;1.4250000e+02;1.8372189e-01;1.4250000e+02;2.2518924e-01;1.4250000e+02;1.9405887e-01;1.4250000e+02;1.4584216e-01;1.4250000e+02;9.4008341e-02;1.4250000e+02;4.8645165e-02;1.4250000e+02;-1.6595609e-04;1.4250000e+02;-4.1481052e-02;1.4250000e+02;-8.4794402e-02;1.4250000e+02;-1.2932453e-01;1.4250000e+02;-7.6184742e-02;1.4250000e+02;-6.1254580e-02;1.4250000e+02;-1.3498746e-02;1.4250000e+02;6.0103595e-02;1.4250000e+02;1.4850512e-01;1.4250000e+02;2.2407922e-01;1.4250000e+02;2.4894708e-01;1.4250000e+02;2.2085473e-01;1.4250000e+02;1.8372189e-01;1.4250000e+02;2.2518924e-01;1.4250000e+02;1.9405887e-01;1.4250000e+02;1.4584216e-01;1.4250000e+02;9.4008341e-02;1.4250000e+02;4.8645165e-02;1.4250000e+02;-1.6595609e-04;1.4250000e+02;-4.1481052e-02;1.4250000e+02;-8.4794402e-02;1.4250000e+02;-1.2932453e-01;1.4250000e+02;-7.6184742e-02;1.4250000e+02;-6.1254580e-02;1.4250000e+02;-1.3498746e-02;1.4250000e+02;6.0103595e-02;1.4250000e+02;1.4850512e-01;1.4250000e+02;2.2407922e-01;1.4250000e+02;2.4894708e-01;1.4250000e+02;2.2085473e-01;1.4250000e+02;1.8372189e-01;1.4250000e+02;2.2518924e-01;1.4250000e+02;1.9405887e-01;1.4250000e+02;1.4584216e-01;1.4250000e+02;9.4008341e-02;1.4250000e+02;4.8645165e-02;1.4250000e+02;-1.6595609e-04;1.4250000e+02;-4.1481052e-02;1.4250000e+02;-8.4794402e-02;1.4250000e+02;-1.2932453e-01;1.4250000e+02;-7.6184742e-02;1.4250000e+02;-6.1254580e-02;1.4250000e+02;-1.3498746e-02;1.4250000e+02;6.0103595e-02;1.4250000e+02;1.4850512e-01;1.4250000e+02;2.2407922e-01;1.4250000e+02;2.4894708e-01;1.4250000e+02;2.2085473e-01;1.4250000e+02;1.8372189e-01;1.4250000e+02;2.2518924e-01;1.4250000e+02;1.9405887e-01;1.4250000e+02;1.4584216e-01;1.4250000e+02;9.4008341e-02;1.4250000e+02;4.8645165e-02;1.4250000e+02;-1.6595609e-04;1.4250000e+02;-4.1481052e-02;1.4250000e+02;-8.4794402e-02;1.4250000e+02;-1.2932453e-01;1.4250000e+02;-7.6184742e-02;1.4250000e+02;-6.1254580e-02;1.4250000e+02;-1.3498746e-02;1.4250000e+02;6.0103595e-02;1.4250000e+02;1.4850512e-01;1.4250000e+02;2.2407922e-01;1.4250000e+02;2.4894708e-01;1.4250000e+02;2.2085473e-01;1.4250000e+02;1.8372189e-01;1.4250000e+02;2.2518924e-01;1.4250000e+02;1.9405887e-01;1.4250000e+02;1.4584216e-01;1.4250000e+02;9.4008341e-02;1.4250000e+02;4.8645165e-02;1.4250000e+02;-1.6595609e-04;1.4250000e+02;-4.1481052e-02;1.4250000e+02;-8.4794402e-02;1.4250000e+02;-1.2932453e-01;1.4250000e+02;-7.6184742e-02;1.4250000e+02;-6.1254580e-02;1.4250000e+02;-1.3498746e-02;1.4250000e+02;6.0103595e-02;1.4250000e+02;1.4850512e-01;1.4250000e+02;2.2407922e-01;1.4250000e+02;2.4894708e-01;1.4250000e+02;2.2085473e-01;1.4250000e+02;1.8372189e-01;1.4250000e+02;2.2518924e-01;1.4250000e+02;1.9405887e-01;1.4250000e+02;1.4584216e-01;1.4250000e+02;9.4008341e-02;1.4250000e+02;4.8645165e-02;1.4250000e+02;-1.6595609e-04;1.4250000e+02;-4.1481052e-02;1.4250000e+02;-8.4794402e-02;1.4250000e+02;-1.2932453e-01;1.4250000e+02;-7.6184742e-02;1.4250000e+02;-6.1254580e-02;1.4250000e+02;-1.3498746e-02;1.4250000e+02;6.0103595e-02;1.4250000e+02;1.4850512e-01;1.4250000e+02;2.2407922e-01;1.4250000e+02;2.4894708e-01;1.4250000e+02;2.2085473e-01;1.4250000e+02;1.8372189e-01;1.4250000e+02;2.2518924e-01;1.4250000e+02;1.9405887e-01;1.4250000e+02;1.4584216e-01;1.4250000e+02;9.4008341e-02;1.4250000e+02;4.8645165e-02;1.4250000e+02;-1.6595609e-04;1.4250000e+02;-4.1481052e-02;1.4250000e+02;-8.4794402e-02;1.4250000e+02;-1.2932453e-01;1.4250000e+02;-7.6184742e-02;1.4250000e+02;-6.1254580e-02;1.4250000e+02;-1.3498746e-02;1.4250000e+02;6.0103595e-02;1.4250000e+02;1.4850512e-01;1.4250000e+02;2.2407922e-01;1.4250000e+02;2.4894708e-01;1.4250000e+02;2.2085473e-01;1.4250000e+02;1.8372189e-01;1.4250000e+02;2.2518924e-01;1.4250000e+02;1.9405887e-01;1.4250000e+02;1.4584216e-01;1.4250000e+02;9.4008341e-02;1.4250000e+02;4.8645165e-02;1.4250000e+02;-1.6595609e-04;1.4250000e+02;-4.1481052e-02;1.4250000e+02;-8.4794402e-02;1.4250000e+02;-1.2932453e-01;1.4250000e+02;-7.6184742e-02;1.4250000e+02;-6.1254580e-02;1.4250000e+02;-1.3498746e-02;1.4250000e+02;6.0103595e-02;1.4250000e+02;1.4850512e-01;1.4250000e+02;2.2407922e-01;1.4250000e+02;2.4894708e-01;1.4250000e+02;2.2085473e-01;1.4250000e+02;1.8372189e-01;1.4250000e+02;2.2518924e-01;1.4250000e+02;1.9405887e-01;1.4250000e+02;1.4584216e-01;1.4250000e+02;9.4008341e-02;1.4250000e+02;4.8645165e-02;1.4250000e+02;-1.6595609e-04;1.4250000e+02;-4.1481052e-02;1.4250000e+02;-8.4794402e-02;1.4250000e+02;-1.2932453e-01;1.4250000e+02;-7.6184742e-02;1.4250000e+02;-6.1254580e-02;1.4250000e+02;-1.3498746e-02;1.4250000e+02;6.0103595e-02;1.4250000e+02;1.4850512e-01;1.4250000e+02;2.2407922e-01;1.4250000e+02;2.4894708e-01;1.4250000e+02;2.2085473e-01;1.4250000e+02;1.8372189e-01;1.4250000e+02;2.2518924e-01;1.4250000e+02;1.9405887e-01;1.4250000e+02;1.4584216e-01;1.4250000e+02;9.4008341e-02;1.4250000e+02;4.8645165e-02;1.4250000e+02;-1.6595609e-04;1.4250000e+02;-4.1481052e-02;1.4250000e+02;-8.4794402e-02;1.4250000e+02;-1.2932453e-01;1.4250000e+02;-7.6184742e-02;1.4250000e+02;-6.1254580e-02;1.4250000e+02;-1.3498746e-02;1.4250000e+02;6.0103595e-02;1.4250000e+02;1.4850512e-01;1.4250000e+02;2.2407922e-01;1.4250000e+02;2.4894708e-01;1.4250000e+02;2.2085473e-01;1.4250000e+02;1.8372189e-01;1.4250000e+02;2.2518924e-01;1.4250000e+02;1.9405887e-01;1.4250000e+02;1.4584216e-01;1.4250000e+02;9.4008341e-02;1.4250000e+02;4.8645165e-02;1.4250000e+02;-1.6595609e-04;1.4250000e+02;-4.1481052e-02;1.4250000e+02;-8.4794402e-02;1.4250000e+02;-1.2932453e-01;1.4250000e+02;-7.6184742e-02;1.4250000e+02;-6.1254580e-02;1.4250000e+02;-1.3498746e-02;1.4250000e+02;6.0103595e-02;1.4250000e+02;1.4850512e-01;1.4250000e+02;2.2407922e-01;1.4250000e+02;2.4894708e-01;1.4250000e+02;2.2085473e-01;1.4250000e+02;1.8372189e-01;1.4250000e+02;2.2518924e-01;1.4250000e+02;1.9405887e-01;1.4250000e+02;1.4584216e-01;1.4250000e+02;9.4008341e-02;1.4250000e+02;4.8645165e-02;1.4250000e+02;-1.6595609e-04;1.4250000e+02;-4.1481052e-02;1.4250000e+02;-8.4794402e-02;1.4250000e+02;-1.2932453e-01;1.4250000e+02;-7.6184742e-02;1.4250000e+02;-6.1254580e-02;1.4250000e+02;-1.3498746e-02;1.4250000e+02;6.0103595e-02;1.4250000e+02;1.4850512e-01;1.4250000e+02;2.2407922e-01;1.4250000e+02;2.4894708e-01;1.4250000e+02;2.2085473e-01;1.4250000e+02;1.8372189e-01;1.4250000e+02;2.2518924e-01;1.4250000e+02;1.9405887e-01;1.4250000e+02;1.4584216e-01;1.4250000e+02;9.4008341e-02;1.4250000e+02;4.8645165e-02;1.4250000e+02;-1.6595609e-04;1.4250000e+02;-4.1481052e-02;1.4250000e+02;-8.4794402e-02;1.4250000e+02;-1.2932453e-01;1.4250000e+02;-7.6184742e-02;1.4250000e+02;-6.1254580e-02;1.4250000e+02;-1.3498746e-02;1.4250000e+02;6.0103595e-02;1.4250000e+02;1.4850512e-01;1.4250000e+02;2.2407922e-01;1.4250000e+02;2.4894708e-01;1.4250000e+02;2.2085473e-01;1.4250000e+02;1.8372189e-01;1.4250000e+02;2.2518924e-01;1.4250000e+02;1.9405887e-01;1.4250000e+02;1.4584216e-01;1.4250000e+02;9.4008341e-02;1.4250000e+02;4.8645165e-02;1.4250000e+02;-1.6595609e-04;1.4250000e+02;-4.1481052e-02;1.4250000e+02;-8.4794402e-02;1.4250000e+02;-1.2932453e-01;1.4250000e+02;-7.6184742e-02;1.4250000e+02;-6.1254580e-02;1.4250000e+02;-1.3498746e-02;1.4250000e+02;6.0103595e-02;1.4250000e+02;1.4850512e-01;1.4250000e+02;2.2407922e-01;1.4250000e+02;2.4894708e-01;1.4250000e+02;2.2085473e-01;1.4250000e+02;1.8372189e-01;1.4250000e+02;2.2518924e-01;1.4250000e+02;1.9405887e-01;1.4250000e+02;1.4584216e-01;1.4250000e+02;9.4008341e-02;1.4250000e+02;4.8645165e-02;1.4250000e+02;-1.6595609e-04;1.4250000e+02;-4.1481052e-02;1.4250000e+02;-8.4794402e-02;1.4250000e+02;-1.2932453e-01;1.4250000e+02;-7.6184742e-02;1.4250000e+02;-6.1254580e-02;1.4250000e+02;-1.3498746e-02;1.4250000e+02;6.0103595e-02;1.4250000e+02;1.4850512e-01;1.4250000e+02;2.2407922e-01;1.4250000e+02;2.4894708e-01;1.4250000e+02;2.2085473e-01;1.4250000e+02;1.8372189e-01;1.4250000e+02;2.2518924e-01;1.4250000e+02;1.9405887e-01;1.4250000e+02;1.4584216e-01;1.4250000e+02;9.4008341e-02;1.4250000e+02;4.8645165e-02;1.4250000e+02;-1.6595609e-04;1.4250000e+02;-4.1481052e-02;1.4250000e+02;-8.4794402e-02;1.4250000e+02;-1.2932453e-01;1.4250000e+02;-7.6184742e-02;1.4250000e+02;-6.1254580e-02;1.4250000e+02;-1.3498746e-02;1.4250000e+02;6.0103595e-02;1.4250000e+02;1.4850512e-01;1.4250000e+02;2.2407922e-01;1.4250000e+02;2.4894708e-01;1.4250000e+02;2.2085473e-01;1.4250000e+02;1.8372189e-01;1.4250000e+02;2.2518924e-01;1.4250000e+02;1.9405887e-01;1.4250000e+02;1.4584216e-01;1.4250000e+02;9.4008341e-02;1.4250000e+02;4.8645165e-02;1.4250000e+02;-1.6595609e-04;1.4250000e+02;-4.1481052e-02;1.4250000e+02;-8.4794402e-02;1.4250000e+02;-1.2932453e-01;1.4250000e+02;-7.6184742e-02;1.4250000e+02;-6.1254580e-02;1.4250000e+02;-1.3498746e-02;1.4250000e+02;6.0103595e-02;1.4250000e+02;1.4850512e-01;1.4250000e+02;2.2407922e-01;1.4250000e+02;2.4894708e-01;1.4250000e+02;2.2085473e-01;1.4250000e+02;1.8372189e-01;1.4250000e+02;2.2518924e-01;1.4250000e+02;1.9405887e-01;1.4250000e+02;1.4584216e-01;1.4250000e+02;9.4008341e-02;1.4250000e+02;4.8645165e-02;1.4250000e+02;-1.6595609e-04;1.4250000e+02;-4.1481052e-02;1.4250000e+02;-8.4794402e-02;1.4250000e+02;-1.2932453e-01;1.4250000e+02;-7.6184742e-02;1.4250000e+02;-6.1254580e-02;1.4250000e+02;-1.3498746e-02;1.4250000e+02;6.0103595e-02;1.4250000e+02;1.4850512e-01;1.4250000e+02;2.2407922e-01;1.4250000e+02;2.4894708e-01;1.4250000e+02;2.2085473e-01;1.4250000e+02;1.8372189e-01;1.4250000e+02;2.2518924e-01;1.4250000e+02;1.9405887e-01;1.4250000e+02;1.4584216e-01;1.4250000e+02;9.4008341e-02;1.4250000e+02;4.8645165e-02;1.4250000e+02;-1.6595609e-04;1.4250000e+02;-4.1481052e-02;1.4250000e+02;-8.4794402e-02;1.4250000e+02;-1.2932453e-01;1.4250000e+02;-7.6184742e-02;1.4250000e+02;-6.1254580e-02;1.4250000e+02;-1.3498746e-02;1.4250000e+02;6.0103595e-02;1.4250000e+02;1.4850512e-01;1.4250000e+02;2.2407922e-01;1.4250000e+02;2.4894708e-01;1.4250000e+02;2.2085473e-01;1.4250000e+02;1.8372189e-01;1.4250000e+02;2.2518924e-01;1.4250000e+02;1.9405887e-01;1.4250000e+02;1.4584216e-01;1.4250000e+02;9.4008341e-02;1.4250000e+02;4.8645165e-02;1.4250000e+02;-1.6595609e-04;1.4250000e+02;-4.1481052e-02;1.4250000e+02;-8.4794402e-02;1.4250000e+02;-1.2932453e-01;1.4250000e+02;-7.6184742e-02;1.4250000e+02;-6.1254580e-02;1.4250000e+02;-1.3498746e-02;1.4250000e+02;6.0103595e-02;1.4250000e+02;1.4850512e-01;1.4250000e+02;2.2407922e-01;1.4250000e+02;2.4894708e-01;1.4250000e+02;2.2085473e-01;1.4250000e+02;1.8372189e-01;1.4250000e+02;2.2518924e-01;1.4250000e+02;1.9405887e-01;1.4250000e+02;1.4584216e-01;1.4250000e+02;9.4008341e-02;1.4250000e+02;4.8645165e-02;1.4250000e+02;-1.6595609e-04;1.4250000e+02;-4.1481052e-02;1.4250000e+02;-8.4794402e-02;1.4250000e+02;-1.2932453e-01;1.4250000e+02;-7.6184742e-02;1.4250000e+02;-6.1254580e-02;1.4250000e+02;-1.3498746e-02;1.4250000e+02;6.0103595e-02;1.4250000e+02;1.4850512e-01;1.4250000e+02;2.2407922e-01;1.4250000e+02;2.4894708e-01;1.4250000e+02;2.2085473e-01;1.4250000e+02;1.8372189e-01;1.4250000e+02;2.2518924e-01;1.4250000e+02;1.9405887e-01;1.4250000e+02;1.4584216e-01;1.4250000e+02;9.4008341e-02;1.4250000e+02;4.8645165e-02;1.4250000e+02;-1.6595609e-04;1.4250000e+02;-4.1481052e-02;1.4250000e+02;-8.4794402e-02;1.4250000e+02;-1.2932453e-01;1.4250000e+02;-7.6184742e-02;1.4250000e+02;-6.1254580e-02;1.4250000e+02;-1.3498746e-02;1.4250000e+02;6.0103595e-02;1.4250000e+02;1.4850512e-01;1.4250000e+02;2.2407922e-01;1.4250000e+02;2.4894708e-01;1.4250000e+02;2.2085473e-01;1.4250000e+02;1.8372189e-01;1.4250000e+02;2.2518924e-01;1.4250000e+02;1.9405887e-01;1.4250000e+02;1.4584216e-01;1.4250000e+02;9.4008341e-02;1.4250000e+02;4.8645165e-02;1.4250000e+02;-1.6595609e-04;1.4250000e+02;-4.1481052e-02;1.4250000e+02;-8.4794402e-02;1.4250000e+02;-1.2932453e-01;1.4250000e+02;-7.6184742e-02;1.4250000e+02;-6.1254580e-02;1.4250000e+02;-1.3498746e-02;1.4250000e+02;6.0103595e-02;1.4250000e+02;1.4850512e-01;1.4250000e+02;2.2407922e-01;1.4250000e+02;2.4894708e-01;1.4250000e+02;2.2085473e-01;1.4250000e+02;1.8372189e-01;1.4250000e+02;2.2518924e-01;1.4250000e+02;1.9405887e-01;1.4250000e+02;1.4584216e-01;1.4250000e+02;9.4008341e-02;1.4250000e+02;4.8645165e-02;1.4250000e+02;-1.6595609e-04;1.4250000e+02;-4.1481052e-02;1.4250000e+02;-8.4794402e-02;1.4250000e+02;-1.2932453e-01;1.4250000e+02;-7.6184742e-02;1.4250000e+02;-6.1254580e-02;1.4250000e+02;-1.3498746e-02;1.4250000e+02;6.0103595e-02;1.4250000e+02;1.4850512e-01;1.4250000e+02;2.2407922e-01;1.4250000e+02;2.4894708e-01;1.4250000e+02;2.2085473e-01;1.4250000e+02;1.8372189e-01;1.4250000e+02;2.2518924e-01;1.4250000e+02;1.9405887e-01;1.4250000e+02;1.4584216e-01;1.4250000e+02;9.4008341e-02;1.4250000e+02;4.8645165e-02;1.4250000e+02;-1.6595609e-04;1.4250000e+02;-4.1481052e-02;1.4250000e+02;-8.4794402e-02;1.4250000e+02;-1.2932453e-01;1.4250000e+02;-7.6184742e-02;1.4250000e+02;-6.1254580e-02;1.4250000e+02;-1.3498746e-02;1.4250000e+02;6.0103595e-02;1.4250000e+02;1.4850512e-01;1.4250000e+02;2.2407922e-01;1.4250000e+02;2.4894708e-01;1.4250000e+02;2.2085473e-01;1.4250000e+02;1.8372189e-01;1.4250000e+02;2.2518924e-01;1.4250000e+02;1.9405887e-01;1.4250000e+02;1.4584216e-01;1.4250000e+02;9.4008341e-02;1.4250000e+02;4.8645165e-02;1.4250000e+02;-1.6595609e-04;1.4250000e+02;-4.1481052e-02;1.4250000e+02;-8.4794402e-02;1.4250000e+02;-1.2932453e-01;1.4250000e+02;-7.6184742e-02;1.4250000e+02;-6.1254580e-02;1.4250000e+02;-1.3498746e-02;1.4250000e+02;6.0103595e-02;1.4250000e+02;1.4850512e-01;1.4250000e+02;2.2407922e-01;1.4250000e+02;2.4894708e-01;1.4250000e+02;2.2085473e-01;1.4250000e+02;1.8372189e-01;1.4250000e+02;2.2518924e-01;1.4250000e+02;1.9405887e-01;1.4250000e+02;1.4584216e-01;1.4250000e+02;9.4008341e-02;1.4250000e+02;4.8645165e-02;1.4250000e+02;-1.6595609e-04;1.4250000e+02;-4.1481052e-02;1.4250000e+02;-8.4794402e-02;1.4250000e+02;-1.2932453e-01;1.4250000e+02;-7.6184742e-02;1.4250000e+02;-6.1254580e-02;1.4250000e+02;-1.3498746e-02;1.4250000e+02;6.0103595e-02;1.4250000e+02;1.4850512e-01;1.4250000e+02;2.2407922e-01;1.4250000e+02;2.4894708e-01;1.4250000e+02;2.2085473e-01;1.4250000e+02;1.8372189e-01;1.4250000e+02;2.2518924e-01;1.4250000e+02;1.9405887e-01;1.4250000e+02;1.4584216e-01;1.4250000e+02;9.4008341e-02;1.4250000e+02;4.8645165e-02;1.4250000e+02;-1.6595609e-04;1.4250000e+02;-4.1481052e-02;1.4250000e+02;-8.4794402e-02;1.4250000e+02;-1.2932453e-01;1.4250000e+02;-7.6184742e-02;1.4250000e+02;-6.1254580e-02;1.4250000e+02;-1.3498746e-02;1.4250000e+02;6.0103595e-02;1.4250000e+02;1.4850512e-01;1.4250000e+02;2.2407922e-01;1.4250000e+02;2.4894708e-01;1.4250000e+02;2.2085473e-01;1.4250000e+02;1.8372189e-01;1.4250000e+02;2.2518924e-01;1.4250000e+02;1.9405887e-01;1.4250000e+02;1.4584216e-01;1.4250000e+02;9.4008341e-02;1.4250000e+02;4.8645165e-02;1.4250000e+02;-1.6595609e-04;1.4250000e+02;-4.1481052e-02;1.4250000e+02;-8.4794402e-02;1.4250000e+02;-1.2932453e-01;1.4250000e+02;-7.6184742e-02;1.4250000e+02;-6.1254580e-02;1.4250000e+02;-1.3498746e-02;1.4250000e+02;6.0103595e-02;1.4250000e+02;1.4850512e-01;1.4250000e+02;2.2407922e-01;1.4250000e+02;2.4894708e-01;1.4250000e+02;2.2085473e-01;1.4250000e+02;1.8372189e-01;1.4250000e+02;2.2518924e-01;1.4250000e+02;1.9405887e-01;1.4250000e+02;1.4584216e-01;1.4250000e+02;9.4008341e-02;1.4250000e+02;4.8645165e-02;1.4250000e+02;-1.6595609e-04;1.4250000e+02;-4.1481052e-02;1.4250000e+02;-8.4794402e-02;1.4250000e+02;-1.2932453e-01;1.4250000e+02;-7.6184742e-02;1.4250000e+02;-6.1254580e-02;1.4250000e+02;-1.3498746e-02;1.4250000e+02;6.0103595e-02;1.4250000e+02;1.4850512e-01;1.4250000e+02;2.2407922e-01;1.4250000e+02;2.4894708e-01;1.4250000e+02;2.2085473e-01;1.4250000e+02;1.8372189e-01;1.4250000e+02;2.2518924e-01;1.4250000e+02;1.9405887e-01;1.4250000e+02;1.4584216e-01;1.4250000e+02;9.4008341e-02;1.4250000e+02;4.8645165e-02;1.4250000e+02;-1.6595609e-04;1.4250000e+02;-4.1481052e-02;1.4250000e+02;-8.4794402e-02;1.4250000e+02;-1.2932453e-01;1.4250000e+02;-7.6184742e-02;1.4250000e+02;-6.1254580e-02;1.4250000e+02;-1.3498746e-02;1.4250000e+02;6.0103595e-02;1.4250000e+02;1.4850512e-01;1.4250000e+02;2.2407922e-01;1.4250000e+02;2.4894708e-01;1.4250000e+02;2.2085473e-01;1.4250000e+02;1.8372189e-01;1.4250000e+02;2.2518924e-01;1.4250000e+02;1.9405887e-01;1.4250000e+02;1.4584216e-01;1.4250000e+02;9.4008341e-02;1.4250000e+02;4.8645165e-02;1.4250000e+02;-1.6595609e-04;1.4250000e+02;-4.1481052e-02;1.4250000e+02;-8.4794402e-02;1.4250000e+02;-1.2932453e-01;1.4250000e+02;-7.6184742e-02;1.4250000e+02;-6.1254580e-02;1.4250000e+02;-1.3498746e-02;1.4250000e+02;6.0103595e-02;1.4250000e+02;1.4850512e-01;1.4250000e+02;2.2407922e-01;1.4250000e+02;2.4894708e-01;1.4250000e+02;2.2085473e-01;1.4250000e+02;1.8372189e-01;1.4250000e+02;2.2518924e-01;1.4250000e+02;1.9405887e-01;1.4250000e+02;1.4584216e-01;1.4250000e+02;9.4008341e-02;1.4250000e+02;4.8645165e-02;1.4250000e+02;-1.6595609e-04;1.4250000e+02;-4.1481052e-02;1.4250000e+02;-8.4794402e-02;1.4250000e+02;-1.2932453e-01;1.4250000e+02;-7.6184742e-02;1.4250000e+02;-6.1254580e-02;1.4250000e+02;-1.3498746e-02;1.4250000e+02;6.0103595e-02;1.4250000e+02;1.4850512e-01;1.4250000e+02;2.2407922e-01;1.4250000e+02;2.4894708e-01;1.4250000e+02;2.2085473e-01;1.4250000e+02;1.8372189e-01;1.4250000e+02;2.2518924e-01;1.4250000e+02;1.9405887e-01;1.4250000e+02;1.4584216e-01;1.4250000e+02;9.4008341e-02;1.4250000e+02;4.8645165e-02;1.4250000e+02;-1.6595609e-04;1.4250000e+02;-4.1481052e-02;1.4250000e+02;-8.4794402e-02;1.4250000e+02;-1.2932453e-01;1.4250000e+02;-7.6184742e-02;1.4250000e+02;-6.1254580e-02;1.4250000e+02;-1.3498746e-02;1.4250000e+02;6.0103595e-02;1.4250000e+02;1.4850512e-01;1.4250000e+02;2.2407922e-01;1.4250000e+02;2.4894708e-01;1.4250000e+02;2.2085473e-01;1.4250000e+02;1.8372189e-01;1.4250000e+02;2.2518924e-01;1.4250000e+02;1.9405887e-01;1.4250000e+02;1.4584216e-01;1.4250000e+02;9.4008341e-02;1.4250000e+02;4.8645165e-02;1.4250000e+02;-1.6595609e-04;1.4250000e+02;-4.1481052e-02;1.4250000e+02;-8.4794402e-02;1.4250000e+02;-1.2932453e-01;1.4250000e+02;-7.6184742e-02;1.4250000e+02;-6.1254580e-02;1.4250000e+02;-1.3498746e-02;1.4250000e+02;6.0103595e-02;1.4250000e+02;1.4850512e-01;1.4250000e+02;2.2407922e-01;1.4250000e+02;2.4894708e-01;1.4250000e+02;2.2085473e-01;1.4250000e+02;1.8372189e-01;1.4250000e+02;2.2518924e-01;1.4250000e+02;1.9405887e-01;1.4250000e+02;1.4584216e-01;1.4250000e+02;9.4008341e-02;1.4250000e+02;4.8645165e-02;1.4250000e+02;-1.6595609e-04;1.4250000e+02;-4.1481052e-02;1.4250000e+02;-8.4794402e-02;1.4250000e+02;-1.2932453e-01;1.4250000e+02;-7.6184742e-02;1.4250000e+02;-6.1254580e-02;1.4250000e+02;-1.3498746e-02;1.4250000e+02;6.0103595e-02;1.4250000e+02;1.4850512e-01;1.4250000e+02;2.2407922e-01;1.4250000e+02;2.4894708e-01;1.4250000e+02;2.2085473e-01;1.4250000e+02;1.8372189e-01;1.4250000e+02;2.2518924e-01;1.4250000e+02;1.9405887e-01;1.4250000e+02;1.4584216e-01;1.4250000e+02;9.4008341e-02;1.4250000e+02;4.8645165e-02;1.4250000e+02;-1.6595609e-04;1.4250000e+02;-4.1481052e-02;1.4250000e+02;-8.4794402e-02;1.4250000e+02;-1.2932453e-01;1.4250000e+02;-7.6184742e-02;1.4250000e+02;-6.1254580e-02;1.4250000e+02;-1.3498746e-02;1.4250000e+02;6.0103595e-02;1.4250000e+02;1.4850512e-01;1.4250000e+02;2.2407922e-01;1.4250000e+02;2.4894708e-01;1.4250000e+02;2.2085473e-01;1.4250000e+02;1.8372189e-01;1.4250000e+02;2.2518924e-01;1.4250000e+02;1.9405887e-01;1.4250000e+02;1.4584216e-01;1.4250000e+02;9.4008341e-02;1.4250000e+02;4.8645165e-02;1.4250000e+02;-1.6595609e-04;1.4250000e+02;-4.1481052e-02;1.4250000e+02;-8.4794402e-02;1.4250000e+02;-1.2932453e-01;1.4250000e+02;-7.6184742e-02;1.4250000e+02;-6.1254580e-02;1.4250000e+02;-1.3498746e-02;1.4250000e+02;6.0103595e-02;1.4250000e+02;1.4850512e-01;1.4250000e+02;2.2407922e-01;1.4250000e+02;2.4894708e-01;1.4250000e+02;2.2085473e-01;1.4250000e+02;1.8372189e-01;1.4250000e+02;2.2518924e-01;1.4250000e+02;1.9405887e-01;1.4250000e+02;1.4584216e-01;1.4250000e+02;9.4008341e-02;1.4250000e+02;4.8645165e-02;1.4250000e+02;-1.6595609e-04;1.4250000e+02;-4.1481052e-02;1.4250000e+02;-8.4794402e-02;1.4250000e+02;-1.2932453e-01;1.4250000e+02;-7.6184742e-02;1.4250000e+02;-6.1254580e-02;1.4250000e+02;-1.3498746e-02;1.4250000e+02;6.0103595e-02;1.4250000e+02;1.4850512e-01;1.4250000e+02;2.2407922e-01;1.4250000e+02;2.4894708e-01;1.4250000e+02;2.2085473e-01;1.4250000e+02;1.8372189e-01;1.4250000e+02;2.2518924e-01;1.4250000e+02;1.9405887e-01;1.4250000e+02;1.4584216e-01;1.4250000e+02;9.4008341e-02;1.4250000e+02;4.8645165e-02;1.4250000e+02;-1.6595609e-04;1.4250000e+02;-4.1481052e-02;1.4250000e+02;-8.4794402e-02;1.4250000e+02;-1.2932453e-01;1.4250000e+02;-7.6184742e-02;1.4250000e+02;-6.1254580e-02;1.4250000e+02;-1.3498746e-02;1.4250000e+02;6.0103595e-02;1.4250000e+02;1.4850512e-01;1.4250000e+02;2.2407922e-01;1.4250000e+02;2.4894708e-01;1.4250000e+02;2.2085473e-01;1.4250000e+02;1.8372189e-01;1.4250000e+02;2.2518924e-01;1.4250000e+02;1.9405887e-01;1.4250000e+02;1.4584216e-01;1.4250000e+02;9.4008341e-02;1.4250000e+02;4.8645165e-02;1.4250000e+02;-1.6595609e-04;1.4250000e+02;-4.1481052e-02;1.4250000e+02;-8.4794402e-02;1.4250000e+02;-1.2932453e-01;1.4250000e+02;-7.6184742e-02;1.4250000e+02;-6.1254580e-02;1.4250000e+02;-1.3498746e-02;1.4250000e+02;6.0103595e-02;1.4250000e+02;1.4850512e-01;1.4250000e+02;2.2407922e-01;1.4250000e+02;2.4894708e-01;1.4250000e+02;2.2085473e-01;1.4250000e+02;1.8372189e-01;1.4250000e+02;2.2518924e-01;1.4250000e+02;1.9405887e-01;1.4250000e+02;1.4584216e-01;1.4250000e+02;9.4008341e-02;1.4250000e+02;4.8645165e-02;1.4250000e+02;-1.6595609e-04;1.4250000e+02;-4.1481052e-02;1.4250000e+02;-8.4794402e-02;1.4250000e+02;-1.2932453e-01;1.4250000e+02;-7.6184742e-02;1.4250000e+02;-6.1254580e-02;1.4250000e+02;-1.3498746e-02;1.4250000e+02;6.0103595e-02;1.4250000e+02;1.4850512e-01;1.4250000e+02;2.2407922e-01;1.4250000e+02;2.4894708e-01;1.4250000e+02;2.2085473e-01;1.4250000e+02;1.8372189e-01;1.4250000e+02;2.2518924e-01;1.4250000e+02;1.9405887e-01;1.4250000e+02;1.4584216e-01;1.4250000e+02;9.4008341e-02;1.4250000e+02;4.8645165e-02;1.4250000e+02;-1.6595609e-04;1.4250000e+02;-4.1481052e-02;1.4250000e+02;-8.4794402e-02;1.4250000e+02;-1.2932453e-01;1.4250000e+02;-7.6184742e-02;1.4250000e+02;-6.1254580e-02;1.4250000e+02;-1.3498746e-02;1.4250000e+02;6.0103595e-02;1.4250000e+02;1.4850512e-01;1.4250000e+02;2.2407922e-01;1.4250000e+02;2.4894708e-01;1.4250000e+02;2.2085473e-01;1.4250000e+02;1.8372189e-01;1.4250000e+02;2.2518924e-01;1.4250000e+02;1.9405887e-01;1.4250000e+02;1.4584216e-01;1.4250000e+02;9.4008341e-02;1.4250000e+02;4.8645165e-02;1.4250000e+02;-1.6595609e-04;1.4250000e+02;-4.1481052e-02;1.4250000e+02;-8.4794402e-02;1.4250000e+02;-1.2932453e-01;1.4250000e+02;-7.6184742e-02;1.4250000e+02;-6.1254580e-02;1.4250000e+02;-1.3498746e-02;1.4250000e+02;6.0103595e-02;1.4250000e+02;1.4850512e-01;1.4250000e+02;2.2407922e-01;1.4250000e+02;2.4894708e-01;1.4250000e+02;2.2085473e-01;1.4250000e+02;1.8372189e-01;1.4250000e+02;2.2518924e-01;1.4250000e+02;1.9405887e-01;1.4250000e+02;1.4584216e-01;1.4250000e+02;9.4008341e-02;1.4250000e+02;4.8645165e-02;1.4250000e+02;-1.6595609e-04;1.4250000e+02;-4.1481052e-02;1.4250000e+02;-8.4794402e-02;1.4250000e+02;-1.2932453e-01;1.4250000e+02;-7.6184742e-02;1.4250000e+02;-6.1254580e-02;1.4250000e+02;-1.3498746e-02;1.4250000e+02;6.0103595e-02;1.4250000e+02;1.4850512e-01;1.4250000e+02;2.2407922e-01;1.4250000e+02;2.4894708e-01;1.4250000e+02;2.2085473e-01;1.4250000e+02;1.8372189e-01;1.4250000e+02;2.2518924e-01;1.4250000e+02;1.9405887e-01;1.4250000e+02;1.4584216e-01;1.4250000e+02;9.4008341e-02;1.4250000e+02;4.8645165e-02;1.4250000e+02;-1.6595609e-04;1.4250000e+02;-4.1481052e-02;1.4250000e+02;-8.4794402e-02;1.4250000e+02;-1.2932453e-01;1.4250000e+02;-7.6184742e-02;1.4250000e+02;-6.1254580e-02;1.4250000e+02;-1.3498746e-02;1.4250000e+02;6.0103595e-02;1.4250000e+02;1.4850512e-01;1.4250000e+02;2.2407922e-01;1.4250000e+02;2.4894708e-01;1.4250000e+02;2.2085473e-01;1.4250000e+02;1.8372189e-01;1.4250000e+02;2.2518924e-01;1.4250000e+02;1.9405887e-01;1.4250000e+02;1.4584216e-01;1.4250000e+02;9.4008341e-02;1.4250000e+02;4.8645165e-02;1.4250000e+02;-1.6595609e-04;1.4250000e+02;-4.1481052e-02;1.4250000e+02;-8.4794402e-02;1.4250000e+02;-1.2932453e-01;1.4250000e+02;-7.6184742e-02;1.4250000e+02;-6.1254580e-02;1.4250000e+02;-1.3498746e-02;1.4250000e+02;6.0103595e-02;1.4250000e+02;1.4850512e-01;1.4250000e+02;2.2407922e-01;1.4250000e+02;2.4894708e-01;1.4250000e+02;2.2085473e-01;1.4250000e+02;1.8372189e-01;1.4250000e+02;2.2518924e-01;1.4250000e+02;1.9405887e-01;1.4250000e+02;1.4584216e-01;1.4250000e+02;9.4008341e-02;1.4250000e+02;4.8645165e-02;1.4250000e+02;-1.6595609e-04;1.4250000e+02;-4.1481052e-02;1.4250000e+02;-8.4794402e-02;1.4250000e+02;-1.2932453e-01;1.4250000e+02;-7.6184742e-02;1.4250000e+02;-6.1254580e-02;1.4250000e+02;-1.3498746e-02;1.4250000e+02;6.0103595e-02;1.4250000e+02;1.4850512e-01;1.4250000e+02;2.2407922e-01;1.4250000e+02;2.4894708e-01;1.4250000e+02;2.2085473e-01;1.4250000e+02;1.8372189e-01;1.4250000e+02;2.2518924e-01;1.4250000e+02;1.9405887e-01;1.4250000e+02;1.4584216e-01;1.4250000e+02;9.4008341e-02;1.4250000e+02;4.8645165e-02;1.4250000e+02;-1.6595609e-04;1.4250000e+02;-4.1481052e-02;1.4250000e+02;-8.4794402e-02;1.4250000e+02;-1.2932453e-01;1.4250000e+02;-7.6184742e-02;1.4250000e+02;-6.1254580e-02;1.4250000e+02;-1.3498746e-02;1.4250000e+02;6.0103595e-02;1.4250000e+02;1.4850512e-01;1.4250000e+02;2.2407922e-01;1.4250000e+02;2.4894708e-01;1.4250000e+02;2.2085473e-01;1.4250000e+02;1.8372189e-01;1.4250000e+02;2.2518924e-01;1.4250000e+02;1.9405887e-01;1.4250000e+02;1.4584216e-01;1.4250000e+02;9.4008341e-02;1.4250000e+02;4.8645165e-02;1.4250000e+02;-1.6595609e-04;1.4250000e+02;-4.1481052e-02;1.4250000e+02;-8.4794402e-02;1.4250000e+02;-1.2932453e-01;1.4250000e+02;-7.6184742e-02;1.4250000e+02;-6.1254580e-02;1.4250000e+02;-1.3498746e-02;1.4250000e+02;6.0103595e-02;1.4250000e+02;1.4850512e-01;1.4250000e+02;2.2407922e-01;1.4250000e+02;2.4894708e-01;1.4250000e+02;2.2085473e-01;1.4250000e+02;1.8372189e-01;1.4250000e+02;2.2518924e-01;1.4250000e+02;1.9405887e-01;1.4250000e+02;1.4584216e-01;1.4250000e+02;9.4008341e-02;1.4250000e+02;4.8645165e-02;1.4250000e+02;-1.6595609e-04;1.4250000e+02;-4.1481052e-02;1.4250000e+02;-8.4794402e-02;1.4250000e+02;-1.2932453e-01;1.4250000e+02;-7.6184742e-02;1.4250000e+02;-6.1254580e-02;1.4250000e+02;-1.3498746e-02;1.4250000e+02;6.0103595e-02;1.4250000e+02;1.4850512e-01;1.4250000e+02;2.2407922e-01;1.4250000e+02;2.4894708e-01;1.4250000e+02;2.2085473e-01;1.4250000e+02;1.8372189e-01;1.4250000e+02;2.2518924e-01;1.4250000e+02;1.9405887e-01;1.4250000e+02;1.4584216e-01;1.4250000e+02;9.4008341e-02;1.4250000e+02;4.8645165e-02;1.4250000e+02;-1.6595609e-04;1.4250000e+02;-4.1481052e-02;1.4250000e+02;-8.4794402e-02;1.4250000e+02;-1.2932453e-01;1.4250000e+02;-7.6184742e-02;1.4250000e+02;-6.1254580e-02;1.4250000e+02;-1.3498746e-02;1.4250000e+02;6.0103595e-02;1.4250000e+02;1.4850512e-01;1.4250000e+02;2.2407922e-01;1.4250000e+02;2.4894708e-01;1.4250000e+02;2.2085473e-01;1.4250000e+02;1.8372189e-01;1.4250000e+02;2.2518924e-01;1.4250000e+02;1.9405887e-01;1.4250000e+02;1.4584216e-01;1.4250000e+02;9.4008341e-02;1.4250000e+02;4.8645165e-02;1.4250000e+02;-1.6595609e-04;1.4250000e+02;-4.1481052e-02;1.4250000e+02;-8.4794402e-02;1.4250000e+02;-1.2932453e-01;1.4250000e+02;-7.6184742e-02;1.4250000e+02;-6.1254580e-02;1.4250000e+02;-1.3498746e-02;1.4250000e+02;6.0103595e-02;1.4250000e+02;1.4850512e-01;1.4250000e+02;2.2407922e-01;1.4250000e+02;2.4894708e-01;1.4250000e+02;2.2085473e-01;1.4250000e+02;1.8372189e-01;1.4250000e+02;2.2518924e-01;1.4250000e+02;1.9405887e-01;1.4250000e+02;1.4584216e-01;1.4250000e+02;9.4008341e-02;1.4250000e+02;4.8645165e-02;1.4250000e+02;-1.6595609e-04;1.4250000e+02;-4.1481052e-02;1.4250000e+02;-8.4794402e-02;1.4250000e+02;-1.2932453e-01;1.4250000e+02;-7.6184742e-02;1.4250000e+02;-6.1254580e-02;1.4250000e+02;-1.3498746e-02;1.4250000e+02;6.0103595e-02;1.4250000e+02;1.4850512e-01;1.4250000e+02;2.2407922e-01;1.4250000e+02;2.4894708e-01;1.4250000e+02;2.2085473e-01;1.4250000e+02;1.8372189e-01;1.4250000e+02;2.2518924e-01;1.4250000e+02;1.9405887e-01;1.4250000e+02;1.4584216e-01;1.4250000e+02;9.4008341e-02;1.4250000e+02;4.8645165e-02;1.4250000e+02;-1.6595609e-04;1.4250000e+02;-4.1481052e-02;1.4250000e+02;-8.4794402e-02;1.4250000e+02;-1.2932453e-01;1.4250000e+02;-7.6184742e-02;1.4250000e+02;-6.1254580e-02;1.4250000e+02;-1.3498746e-02;1.4250000e+02;6.0103595e-02;1.4250000e+02;1.4850512e-01;1.4250000e+02;2.2407922e-01;1.4250000e+02;2.4894708e-01;1.4250000e+02;2.2085473e-01;1.4250000e+02;1.8372189e-01;1.4250000e+02;2.2518924e-01;1.4250000e+02;1.9405887e-01;1.4250000e+02;1.4584216e-01;1.4250000e+02;9.4008341e-02;1.4250000e+02;4.8645165e-02;1.4250000e+02;-1.6595609e-04;1.4250000e+02;-4.1481052e-02;1.4250000e+02;-8.4794402e-02;1.4250000e+02;-1.2932453e-01;1.4250000e+02;-7.6184742e-02;1.4250000e+02;-6.1254580e-02;1.4250000e+02;-1.3498746e-02;1.4250000e+02;6.0103595e-02;1.4250000e+02;1.4850512e-01;1.4250000e+02;2.2407922e-01;1.4250000e+02;2.4894708e-01;1.4250000e+02;2.2085473e-01;1.4250000e+02;1.8372189e-01;1.4250000e+02;2.2518924e-01;1.4250000e+02;1.9405887e-01;1.4250000e+02;1.4584216e-01;1.4250000e+02;9.4008341e-02;1.4250000e+02;4.8645165e-02;1.4250000e+02;-1.6595609e-04;1.4250000e+02;-4.1481052e-02;1.4250000e+02;-8.4794402e-02;1.4250000e+02;-1.2932453e-01;1.4250000e+02;-7.6184742e-02;1.4250000e+02;-6.1254580e-02;1.4250000e+02;-1.3498746e-02;1.4250000e+02;6.0103595e-02;1.4250000e+02;1.4850512e-01;1.4250000e+02;2.2407922e-01;1.4250000e+02;2.4894708e-01;1.4250000e+02;2.2085473e-01;1.4250000e+02;1.8372189e-01;1.4250000e+02;2.2518924e-01;1.4250000e+02;1.9405887e-01;1.4250000e+02;1.4584216e-01;1.4250000e+02;9.4008341e-02;1.4250000e+02;4.8645165e-02;1.4250000e+02;-1.6595609e-04;1.4250000e+02;-4.1481052e-02;1.4250000e+02;-8.4794402e-02;1.4250000e+02;-1.2932453e-01;1.4250000e+02;-7.6184742e-02;1.4250000e+02;-6.1254580e-02;1.4250000e+02;-1.3498746e-02;1.4250000e+02;6.0103595e-02;1.4250000e+02;1.4850512e-01;1.4250000e+02;2.2407922e-01;1.4250000e+02;2.4894708e-01;1.4250000e+02;2.2085473e-01;1.4250000e+02;1.8372189e-01;1.4250000e+02;2.2518924e-01;1.4250000e+02;1.9405887e-01;1.4250000e+02;1.4584216e-01;1.4250000e+02;9.4008341e-02;1.4250000e+02;4.8645165e-02;1.4250000e+02;-1.6595609e-04;1.4250000e+02;-4.1481052e-02;1.4250000e+02;-8.4794402e-02;1.4250000e+02;-1.2932453e-01;1.4250000e+02;-7.6184742e-02;1.4250000e+02;-6.1254580e-02;1.4250000e+02;-1.3498746e-02;1.4250000e+02;6.0103595e-02;1.4250000e+02;1.4850512e-01;1.4250000e+02;2.2407922e-01;1.4250000e+02;2.4894708e-01;1.4250000e+02;2.2085473e-01;1.4250000e+02;1.8372189e-01;1.4250000e+02;2.2518924e-01;1.4250000e+02;1.9405887e-01;1.4250000e+02;1.4584216e-01;1.4250000e+02;9.4008341e-02;1.4250000e+02;4.8645165e-02;1.4250000e+02;-1.6595609e-04;1.4250000e+02;-4.1481052e-02;1.4250000e+02;-8.4794402e-02;1.4250000e+02;-1.2932453e-01;1.4250000e+02;-7.6184742e-02;1.4250000e+02;-6.1254580e-02;1.4250000e+02;-1.3498746e-02;1.4250000e+02;6.0103595e-02;1.4250000e+02;1.4850512e-01;1.4250000e+02;2.2407922e-01;1.4250000e+02;2.4894708e-01;1.4250000e+02;2.2085473e-01;1.4250000e+02;1.8372189e-01;1.4250000e+02;2.2518924e-01;1.4250000e+02;1.9405887e-01;1.4250000e+02;1.4584216e-01;1.4250000e+02;9.4008341e-02;1.4250000e+02;4.8645165e-02;1.4250000e+02;-1.6595609e-04;1.4250000e+02;-4.1481052e-02;1.4250000e+02;-8.4794402e-02;1.4250000e+02;-1.2932453e-01;1.4250000e+02;-7.6184742e-02;1.4250000e+02;-6.1254580e-02;1.4250000e+02;-1.3498746e-02;1.4250000e+02;6.0103595e-02;1.4250000e+02;1.4850512e-01;1.4250000e+02;2.2407922e-01;1.4250000e+02;2.4894708e-01;1.4250000e+02;2.2085473e-01;1.4250000e+02;1.8372189e-01;1.4250000e+02;2.2518924e-01;1.4250000e+02;1.9405887e-01;1.4250000e+02;1.4584216e-01;1.4250000e+02;9.4008341e-02;1.4250000e+02;4.8645165e-02;1.4250000e+02;-1.6595609e-04;1.4250000e+02;-4.1481052e-02;1.4250000e+02;-8.4794402e-02;1.4250000e+02;-1.2932453e-01;1.4250000e+02;-7.6184742e-02;1.4250000e+02;-6.1254580e-02;1.4250000e+02;-1.3498746e-02;1.4250000e+02;6.0103595e-02;1.4250000e+02;1.4850512e-01;1.4250000e+02;2.2407922e-01;1.4250000e+02;2.4894708e-01;1.4250000e+02;2.2085473e-01;1.4250000e+02;1.8372189e-01;1.4250000e+02;2.2518924e-01;1.4250000e+02;1.9405887e-01;1.4250000e+02;1.4584216e-01;1.4250000e+02;9.4008341e-02;1.4250000e+02;4.8645165e-02;1.4250000e+02;-1.6595609e-04;1.4250000e+02;-4.1481052e-02;1.4250000e+02;-8.4794402e-02;1.4250000e+02;-1.2932453e-01;1.4250000e+02;-7.6184742e-02;1.4250000e+02;-6.1254580e-02;1.4250000e+02;-1.3498746e-02;1.4250000e+02;6.0103595e-02;1.4250000e+02;1.4850512e-01;1.4250000e+02;2.2407922e-01;1.4250000e+02;2.4894708e-01;1.4250000e+02;2.2085473e-01;1.4250000e+02;1.8372189e-01;1.4250000e+02;2.2518924e-01;1.4250000e+02;1.9405887e-01;1.4250000e+02;1.4584216e-01;1.4250000e+02;9.4008341e-02;1.4250000e+02;4.8645165e-02;1.4250000e+02;-1.6595609e-04;1.4250000e+02;-4.1481052e-02;1.4250000e+02;-8.4794402e-02;1.4250000e+02;-1.2932453e-01;1.4250000e+02;-7.6184742e-02;1.4250000e+02;-6.1254580e-02;1.4250000e+02;-1.3498746e-02;1.4250000e+02;6.0103595e-02;1.4250000e+02;1.4850512e-01;1.4250000e+02;2.2407922e-01;1.4250000e+02;2.4894708e-01;1.4250000e+02;2.2085473e-01;1.4250000e+02;1.8372189e-01;1.4250000e+02;2.2518924e-01;1.4250000e+02;1.9405887e-01;1.4250000e+02;1.4584216e-01;1.4250000e+02;9.4008341e-02;1.4250000e+02;4.8645165e-02;1.4250000e+02;-1.6595609e-04;1.4250000e+02;-4.1481052e-02;1.4250000e+02;-8.4794402e-02;1.4250000e+02;-1.2932453e-01;1.4250000e+02;-7.6184742e-02;1.4250000e+02;-6.1254580e-02;1.4250000e+02;-1.3498746e-02;1.4250000e+02;6.0103595e-02;1.4250000e+02;1.4850512e-01;1.4250000e+02;2.2407922e-01;1.4250000e+02;2.4894708e-01;1.4250000e+02;2.2085473e-01;1.4250000e+02;1.8372189e-01;1.4250000e+02;2.2518924e-01;1.4250000e+02;1.9405887e-01;1.4250000e+02;1.4584216e-01;1.4250000e+02;9.4008341e-02;1.4250000e+02;4.8645165e-02;1.4250000e+02;-1.6595609e-04;1.4250000e+02;-4.1481052e-02;1.4250000e+02;-8.4794402e-02;1.4250000e+02;-1.2932453e-01;1.4250000e+02;-7.6184742e-02;1.4250000e+02;-6.1254580e-02;1.4250000e+02;-1.3498746e-02;1.4250000e+02;6.0103595e-02;1.4250000e+02;1.4850512e-01;1.4250000e+02;2.2407922e-01;1.4250000e+02;2.4894708e-01;1.4250000e+02;2.2085473e-01;1.4250000e+02;1.8372189e-01;1.4250000e+02;2.2518924e-01;1.4250000e+02;1.9405887e-01;1.4250000e+02;1.4584216e-01;1.4250000e+02;9.4008341e-02;1.4250000e+02;4.8645165e-02;1.4250000e+02;-1.6595609e-04;1.4250000e+02;-4.1481052e-02;1.4250000e+02;-8.4794402e-02;1.4250000e+02;-1.2932453e-01;1.4250000e+02;-7.6184742e-02;1.4250000e+02;-6.1254580e-02;1.4250000e+02;-1.3498746e-02;1.4250000e+02;6.0103595e-02;1.4250000e+02;1.4850512e-01;1.4250000e+02;2.2407922e-01;1.4250000e+02;2.4894708e-01;1.4250000e+02;2.2085473e-01;1.4250000e+02;1.8372189e-01;1.4250000e+02;2.2518924e-01;1.4250000e+02;1.9405887e-01;1.4250000e+02;1.4584216e-01;1.4250000e+02;9.4008341e-02;1.4250000e+02;4.8645165e-02;1.4250000e+02;-1.6595609e-04;1.4250000e+02;-4.1481052e-02;1.4250000e+02;-8.4794402e-02;1.4250000e+02;-1.2932453e-01;1.4250000e+02;-7.6184742e-02;1.4250000e+02;-6.1254580e-02;1.4250000e+02;-1.3498746e-02;1.4250000e+02;6.0103595e-02;1.4250000e+02;1.4850512e-01;1.4250000e+02;2.2407922e-01;1.4250000e+02;2.4894708e-01;1.4250000e+02;2.2085473e-01;1.4250000e+02;1.8372189e-01;1.4250000e+02;2.2518924e-01;1.4250000e+02;1.9405887e-01;1.4250000e+02;1.4584216e-01;1.4250000e+02;9.4008341e-02;1.4250000e+02;4.8645165e-02;1.4250000e+02;-1.6595609e-04;1.4250000e+02;-4.1481052e-02;1.4250000e+02;-8.4794402e-02;1.4250000e+02;-1.2932453e-01;1.4250000e+02;-7.6184742e-02;1.4250000e+02;-6.1254580e-02;1.4250000e+02;-1.3498746e-02;1.4250000e+02;6.0103595e-02;1.4250000e+02;1.4850512e-01;1.4250000e+02;2.2407922e-01;1.4250000e+02;2.4894708e-01;1.4250000e+02;2.2085473e-01;1.4250000e+02;1.8372189e-01;1.4250000e+02;2.2518924e-01;1.4250000e+02;1.9405887e-01;1.4250000e+02;1.4584216e-01;1.4250000e+02;9.4008341e-02;1.4250000e+02;4.8645165e-02;1.4250000e+02;-1.6595609e-04;1.4250000e+02;-4.1481052e-02;1.4250000e+02;-8.4794402e-02;1.4250000e+02;-1.2932453e-01;1.4250000e+02;-7.6184742e-02;1.4250000e+02;-6.1254580e-02;1.4250000e+02;-1.3498746e-02;1.4250000e+02;6.0103595e-02;1.4250000e+02;1.4850512e-01;1.4250000e+02;2.2407922e-01;1.4250000e+02;2.4894708e-01;1.4250000e+02;2.2085473e-01;1.4250000e+02;1.8372189e-01;1.4250000e+02;2.2518924e-01;1.4250000e+02;1.9405887e-01;1.4250000e+02;1.4584216e-01;1.4250000e+02;9.4008341e-02;1.4250000e+02;4.8645165e-02;1.4250000e+02;-1.6595609e-04;1.4250000e+02;-4.1481052e-02;1.4250000e+02;-8.4794402e-02;1.4250000e+02;-1.2932453e-01;1.4250000e+02;-7.6184742e-02;1.4250000e+02;-6.1254580e-02;1.4250000e+02;-1.3498746e-02;1.4250000e+02;6.0103595e-02;1.4250000e+02;1.4850512e-01;1.4250000e+02;2.2407922e-01;1.4250000e+02;2.4894708e-01;1.4250000e+02;2.2085473e-01;1.4250000e+02;1.8372189e-01;1.4250000e+02;2.2518924e-01;1.4250000e+02;1.9405887e-01;1.4250000e+02;1.4584216e-01;1.4250000e+02;9.4008341e-02;1.4250000e+02;4.8645165e-02;1.4250000e+02;-1.6595609e-04;1.4250000e+02;-4.1481052e-02;1.4250000e+02;-8.4794402e-02;1.4250000e+02;-1.2932453e-01;1.4250000e+02;-7.6184742e-02;1.4250000e+02;-6.1254580e-02;1.4250000e+02;-1.3498746e-02;1.4250000e+02;6.0103595e-02;1.4250000e+02;1.4850512e-01;1.4250000e+02;2.2407922e-01;1.4250000e+02;2.4894708e-01;1.4250000e+02;2.2085473e-01;1.4250000e+02;1.8372189e-01;1.4250000e+02;2.2518924e-01;1.4250000e+02;1.9405887e-01;1.4250000e+02;1.4584216e-01;1.4250000e+02;9.4008341e-02;1.4250000e+02;4.8645165e-02;1.4250000e+02;-1.6595609e-04;1.4250000e+02;-4.1481052e-02;1.4250000e+02;-8.4794402e-02;1.4250000e+02;-1.2932453e-01;1.4250000e+02;-7.6184742e-02;1.4250000e+02;-6.1254580e-02;1.4250000e+02;-1.3498746e-02;1.4250000e+02;6.0103595e-02;1.4250000e+02;1.4850512e-01;1.4250000e+02;2.2407922e-01;1.4250000e+02;2.4894708e-01;1.4250000e+02;2.2085473e-01;1.4250000e+02;1.8372189e-01;1.4250000e+02;2.2518924e-01;1.4250000e+02;1.9405887e-01;1.4250000e+02;1.4584216e-01;1.4250000e+02;9.4008341e-02;1.4250000e+02;4.8645165e-02;1.4250000e+02;-1.6595609e-04;1.4250000e+02;-4.1481052e-02;1.4250000e+02;-8.4794402e-02;1.4250000e+02;-1.2932453e-01;1.4250000e+02;-7.6184742e-02;1.4250000e+02;-6.1254580e-02;1.4250000e+02;-1.3498746e-02;1.4250000e+02;6.0103595e-02;1.4250000e+02;1.4850512e-01;1.4250000e+02;2.2407922e-01;1.4250000e+02;2.4894708e-01;1.4250000e+02;2.2085473e-01;1.4250000e+02;1.8372189e-01;1.4250000e+02;2.2518924e-01;1.4250000e+02;1.9405887e-01;1.4250000e+02;1.4584216e-01;1.4250000e+02;9.4008341e-02;1.4250000e+02;4.8645165e-02;1.4250000e+02;-1.6595609e-04;1.4250000e+02;-4.1481052e-02;1.4250000e+02;-8.4794402e-02;1.4250000e+02;-1.2932453e-01;1.4250000e+02;-7.6184742e-02;1.4250000e+02;-6.1254580e-02;1.4250000e+02;-1.3498746e-02;1.4250000e+02;6.0103595e-02;1.4250000e+02;1.4850512e-01;1.4250000e+02;2.2407922e-01;1.4250000e+02;2.4894708e-01;1.4250000e+02;2.2085473e-01;1.4250000e+02;1.8372189e-01;1.4250000e+02;2.2518924e-01;1.4250000e+02;1.9405887e-01;1.4250000e+02;1.4584216e-01;1.4250000e+02;9.4008341e-02;1.4250000e+02;4.8645165e-02;1.4250000e+02;-1.6595609e-04;1.4250000e+02;-4.1481052e-02;1.4250000e+02;-8.4794402e-02;1.4250000e+02;-1.2932453e-01;1.4250000e+02;-7.6184742e-02;1.4250000e+02;-6.1254580e-02;1.4250000e+02;-1.3498746e-02;1.4250000e+02;6.0103595e-02;1.4250000e+02;1.4850512e-01;1.4250000e+02;2.2407922e-01;1.4250000e+02;2.4894708e-01;1.4250000e+02;2.2085473e-01;1.4250000e+02;1.8372189e-01;1.4250000e+02;2.2518924e-01;1.4250000e+02;1.9405887e-01;1.4250000e+02;1.4584216e-01;1.4250000e+02;9.4008341e-02;1.4250000e+02;4.8645165e-02;1.4250000e+02;-1.6595609e-04;1.4250000e+02;-4.1481052e-02;1.4250000e+02;-8.4794402e-02;1.4250000e+02;-1.2932453e-01;1.4250000e+02;-7.6184742e-02;1.4250000e+02;-6.1254580e-02;1.4250000e+02;-1.3498746e-02;1.4250000e+02;6.0103595e-02;1.4250000e+02;1.4850512e-01;1.4250000e+02;2.2407922e-01;1.4250000e+02;2.4894708e-01;1.4250000e+02;2.2085473e-01;1.4250000e+02;1.8372189e-01;1.4250000e+02;2.2518924e-01;1.4250000e+02;1.9405887e-01;1.4250000e+02;1.4584216e-01;1.4250000e+02;9.4008341e-02;1.4250000e+02;4.8645165e-02;1.4250000e+02;-1.6595609e-04;1.4250000e+02;-4.1481052e-02;1.4250000e+02;-8.4794402e-02;1.4250000e+02;-1.2932453e-01;1.4250000e+02;-7.6184742e-02;1.4250000e+02;-6.1254580e-02;1.4250000e+02;-1.3498746e-02;1.4250000e+02;6.0103595e-02;1.4250000e+02;1.4850512e-01;1.4250000e+02;2.2407922e-01;1.4250000e+02;2.4894708e-01;1.4250000e+02;2.2085473e-01;1.4250000e+02;1.8372189e-01;1.4250000e+02;2.2518924e-01;1.4250000e+02;1.9405887e-01;1.4250000e+02;1.4584216e-01;1.4250000e+02;9.4008341e-02;1.4250000e+02;4.8645165e-02;1.4250000e+02;-1.6595609e-04;1.4250000e+02;-4.1481052e-02;1.4250000e+02;-8.4794402e-02;1.4250000e+02;-1.2932453e-01;1.4250000e+02;-7.6184742e-02;1.4250000e+02;-6.1254580e-02;1.4250000e+02;-1.3498746e-02;1.4250000e+02;6.0103595e-02;1.4250000e+02;1.4850512e-01;1.4250000e+02;2.2407922e-01;1.4250000e+02;2.4894708e-01;1.4250000e+02;2.2085473e-01;1.4250000e+02;1.8372189e-01;1.4250000e+02;2.2518924e-01;1.4250000e+02;1.9405887e-01;1.4250000e+02;1.4584216e-01;1.4250000e+02;9.4008341e-02;1.4250000e+02;4.8645165e-02;1.4250000e+02;-1.6595609e-04;1.4250000e+02;-4.1481052e-02;1.4250000e+02;-8.4794402e-02;1.4250000e+02;-1.2932453e-01;1.4250000e+02;-7.6184742e-02;1.4250000e+02;-6.1254580e-02;1.4250000e+02;-1.3498746e-02;1.4250000e+02;6.0103595e-02;1.4250000e+02;1.4850512e-01;1.4250000e+02;2.2407922e-01;1.4250000e+02;2.4894708e-01;1.4250000e+02;2.2085473e-01;1.4250000e+02;1.8372189e-01;1.4250000e+02;2.2518924e-01;1.4250000e+02;1.9405887e-01;1.4250000e+02;1.4584216e-01;1.4250000e+02;9.4008341e-02;1.4250000e+02;4.8645165e-02;1.4250000e+02;-1.6595609e-04;1.4250000e+02;-4.1481052e-02;1.4250000e+02;-8.4794402e-02;1.4250000e+02;-1.2932453e-01;1.4250000e+02;-7.6184742e-02;1.4250000e+02;-6.1254580e-02;1.4250000e+02;-1.3498746e-02;1.4250000e+02;6.0103595e-02;1.4250000e+02;1.4850512e-01;1.4250000e+02;2.2407922e-01;1.4250000e+02;2.4894708e-01;1.4250000e+02;2.2085473e-01;1.4250000e+02;1.8372189e-01;1.4250000e+02;2.2518924e-01;1.4250000e+02;1.9405887e-01;1.4250000e+02;1.4584216e-01;1.4250000e+02;9.4008341e-02;1.4250000e+02;4.8645165e-02;1.4250000e+02;-1.6595609e-04;1.4250000e+02;-4.1481052e-02;1.4250000e+02;-8.4794402e-02;1.4250000e+02;-1.2932453e-01;1.4250000e+02;-7.6184742e-02;1.4250000e+02;-6.1254580e-02;1.4250000e+02;-1.3498746e-02;1.4250000e+02;6.0103595e-02;1.4250000e+02;1.4850512e-01;1.4250000e+02;2.2407922e-01;1.4250000e+02;2.4894708e-01;1.4250000e+02;2.2085473e-01;1.4250000e+02;1.8372189e-01;1.4250000e+02;2.2518924e-01;1.4250000e+02;1.9405887e-01;1.4250000e+02;1.4584216e-01;1.4250000e+02;9.4008341e-02;1.4250000e+02;4.8645165e-02;1.4250000e+02;-1.6595609e-04;1.4250000e+02;-4.1481052e-02;1.4250000e+02;-8.4794402e-02;1.4250000e+02;-1.2932453e-01;1.4250000e+02;-7.6184742e-02;1.4250000e+02;-6.1254580e-02;1.4250000e+02;-1.3498746e-02;1.4250000e+02;6.0103595e-02;1.4250000e+02;1.4850512e-01;1.4250000e+02;2.2407922e-01;1.4250000e+02;2.4894708e-01;1.4250000e+02;2.2085473e-01;1.4250000e+02;1.8372189e-01;1.4250000e+02;2.2518924e-01;1.4250000e+02;1.9405887e-01;1.4250000e+02;1.4584216e-01;1.4250000e+02;9.4008341e-02;1.4250000e+02;4.8645165e-02;1.4250000e+02;-1.6595609e-04;1.4250000e+02;-4.1481052e-02;1.4250000e+02;-8.4794402e-02;1.4250000e+02;-1.2932453e-01;1.4250000e+02;-7.6184742e-02;1.4250000e+02;-6.1254580e-02;1.4250000e+02;-1.3498746e-02;1.4250000e+02;6.0103595e-02;1.4250000e+02;1.4850512e-01;1.4250000e+02;2.2407922e-01;1.4250000e+02;2.4894708e-01;1.4250000e+02;2.2085473e-01;1.4250000e+02;1.8372189e-01;1.4250000e+02;2.2518924e-01;1.4250000e+02;1.9405887e-01;1.4250000e+02;1.4584216e-01;1.4250000e+02;9.4008341e-02;1.4250000e+02;4.8645165e-02;1.4250000e+02;-1.6595609e-04;1.4250000e+02;-4.1481052e-02;1.4250000e+02;-8.4794402e-02;1.4250000e+02;-1.2932453e-01;1.4250000e+02;-7.6184742e-02;1.4250000e+02;-6.1254580e-02;1.4250000e+02;-1.3498746e-02;1.4250000e+02;6.0103595e-02;1.4250000e+02;1.4850512e-01;1.4250000e+02;2.2407922e-01;1.4250000e+02;2.4894708e-01;1.4250000e+02;2.2085473e-01;1.4250000e+02;1.8372189e-01;1.4250000e+02;2.2518924e-01;1.4250000e+02;1.9405887e-01;1.4250000e+02;1.4584216e-01;1.4250000e+02;9.4008341e-02;1.4250000e+02;4.8645165e-02;1.4250000e+02;-1.6595609e-04;1.4250000e+02;-4.1481052e-02;1.4250000e+02;-8.4794402e-02;1.4250000e+02;-1.2932453e-01;1.4250000e+02;-7.6184742e-02;1.4250000e+02;-6.1254580e-02;1.4250000e+02;-1.3498746e-02;1.4250000e+02;6.0103595e-02;1.4250000e+02;1.4850512e-01;1.4250000e+02;2.2407922e-01;1.4250000e+02;2.4894708e-01;1.4250000e+02;2.2085473e-01;1.4250000e+02;1.8372189e-01;1.4250000e+02;2.2518924e-01;1.4250000e+02;1.9405887e-01;1.4250000e+02;1.4584216e-01;1.4250000e+02;9.4008341e-02;1.4250000e+02;4.8645165e-02;1.4250000e+02;-1.6595609e-04;1.4250000e+02;-4.1481052e-02;1.4250000e+02;-8.4794402e-02;1.4250000e+02;-1.2932453e-01;1.4250000e+02;-7.6184742e-02;1.4250000e+02;-6.1254580e-02;1.4250000e+02;-1.3498746e-02;1.4250000e+02;6.0103595e-02;1.4250000e+02;1.4850512e-01;1.4250000e+02;2.2407922e-01;1.4250000e+02;2.4894708e-01;1.4250000e+02;2.2085473e-01;1.4250000e+02;1.8372189e-01;1.4250000e+02;2.2518924e-01;1.4250000e+02;1.9405887e-01;1.4250000e+02;1.4584216e-01;1.4250000e+02;9.4008341e-02;1.4250000e+02;4.8645165e-02;1.4250000e+02;-1.6595609e-04;1.4250000e+02;-4.1481052e-02;1.4250000e+02;-8.4794402e-02;1.4250000e+02;-1.2932453e-01
1.4750000e+02;-6.8914019e-02;1.4750000e+02;-5.3413227e-02;1.4750000e+02;-1.1700049e-02;1.4750000e+02;6.3884959e-02;1.4750000e+02;1.6120335e-01;1.4750000e+02;2.3945969e-01;1.4750000e+02;2.6129231e-01;1.4750000e+02;2.2798689e-01;1.4750000e+02;1.7867021e-01;1.4750000e+02;2.2132730e-01;1.4750000e+02;1.9287729e-01;1.4750000e+02;1.4665811e-01;1.4750000e+02;9.4674103e-02;1.4750000e+02;4.8890684e-02;1.4750000e+02;7.0468723e-03;1.4750000e+02;-4.1711856e-02;1.4750000e+02;-8.1189252e-02;1.4750000e+02;-1.2618534e-01;1.4750000e+02;-6.8914019e-02;1.4750000e+02;-5.3413227e-02;1.4750000e+02;-1.1700049e-02;1.4750000e+02;6.3884959e-02;1.4750000e+02;1.6120335e-01;1.4750000e+02;2.3945969e-01;1.4750000e+02;2.6129231e-01;1.4750000e+02;2.2798689e-01;1.4750000e+02;1.7867021e-01;1.4750000e+02;2.2132730e-01;1.4750000e+02;1.9287729e-01;1.4750000e+02;1.4665811e-01;1.4750000e+02;9.4674103e-02;1.4750000e+02;4.8890684e-02;1.4750000e+02;7.0468723e-03;1.4750000e+02;-4.1711856e-02;1.4750000e+02;-8.1189252e-02;1.4750000e+02;-1.2618534e-01;1.4750000e+02;-6.8914019e-02;1.4750000e+02;-5.3413227e-02;1.4750000e+02;-1.1700049e-02;1.4750000e+02;6.3884959e-02;1.4750000e+02;1.6120335e-01;1.4750000e+02;2.3945969e-01;1.4750000e+02;2.6129231e-01;1.4750000e+02;2.2798689e-01;1.4750000e+02;1.7867021e-01;1.4750000e+02;2.2132730e-01;1.4750000e+02;1.9287729e-01;1.4750000e+02;1.4665811e-01;1.4750000e+02;9.4674103e-02;1.4750000e+02;4.8890684e-02;1.4750000e+02;7.0468723e-03;1.4750000e+02;-4.1711856e-02;1.4750000e+02;-8.1189252e-02;1.4750000e+02;-1.2618534e-01;1.4750000e+02;-6.8914019e-02;1.4750000e+02;-5.3413227e-02;1.4750000e+02;-1.1700049e-02;1.4750000e+02;6.3884959e-02;1.4750000e+02;1.6120335e-01;1.4750000e+02;2.3945969e-01;1.4750000e+02;2.6129231e-01;1.4750000e+02;2.2798689e-01;1.4750000e+02;1.7867021e-01;1.4750000e+02;2.2132730e-01;1.4750000e+02;1.9287729e-01;1.4750000e+02;1.4665811e-01;1.4750000e+02;9.4674103e-02;1.4750000e+02;4.8890684e-02;1.4750000e+02;7.0468723e-03;1.4750000e+02;-4.1711856e-02;1.4750000e+02;-8.1189252e-02;1.4750000e+02;-1.2618534e-01;1.4750000e+02;-6.8914019e-02;1.4750000e+02;-5.3413227e-02;1.4750000e+02;-1.1700049e-02;1.4750000e+02;6.3884959e-02;1.4750000e+02;1.6120335e-01;1.4750000e+02;2.3945969e-01;1.4750000e+02;2.6129231e-01;1.4750000e+02;2.2798689e-01;1.4750000e+02;1.7867021e-01;1.4750000e+02;2.2132730e-01;1.4750000e+02;1.9287729e-01;1.4750000e+02;1.4665811e-01;1.4750000e+02;9.4674103e-02;1.4750000e+02;4.8890684e-02;1.4750000e+02;7.0468723e-03;1.4750000e+02;-4.1711856e-02;1.4750000e+02;-8.1189252e-02;1.4750000e+02;-1.2618534e-01;1.4750000e+02;-6.8914019e-02;1.4750000e+02;-5.3413227e-02;1.4750000e+02;-1.1700049e-02;1.4750000e+02;6.3884959e-02;1.4750000e+02;1.6120335e-01;1.4750000e+02;2.3945969e-01;1.4750000e+02;2.6129231e-01;1.4750000e+02;2.2798689e-01;1.4750000e+02;1.7867021e-01;1.4750000e+02;2.2132730e-01;1.4750000e+02;1.9287729e-01;1.4750000e+02;1.4665811e-01;1.4750000e+02;9.4674103e-02;1.4750000e+02;4.8890684e-02;1.4750000e+02;7.0468723e-03;1.4750000e+02;-4.1711856e-02;1.4750000e+02;-8.1189252e-02;1.4750000e+02;-1.2618534e-01;1.4750000e+02;-6.8914019e-02;1.4750000e+02;-5.3413227e-02;1.4750000e+02;-1.1700049e-02;1.4750000e+02;6.3884959e-02;1.4750000e+02;1.6120335e-01;1.4750000e+02;2.3945969e-01;1.4750000e+02;2.6129231e-01;1.4750000e+02;2.2798689e-01;1.4750000e+02;1.7867021e-01;1.4750000e+02;2.2132730e-01;1.4750000e+02;1.9287729e-01;1.4750000e+02;1.4665811e-01;1.4750000e+02;9.4674103e-02;1.4750000e+02;4.8890684e-02;1.4750000e+02;7.0468723e-03;1.4750000e+02;-4.1711856e-02;1.4750000e+02;-8.1189252e-02;1.4750000e+02;-1.2618534e-01;1.4750000e+02;-6.8914019e-02;1.4750000e+02;-5.3413227e-02;1.4750000e+02;-1.1700049e-02;1.4750000e+02;6.3884959e-02;1.4750000e+02;1.6120335e-01;1.4750000e+02;2.3945969e-01;1.4750000e+02;2.6129231e-01;1.4750000e+02;2.2798689e-01;1.4750000e+02;1.7867021e-01;1.4750000e+02;2.2132730e-01;1.4750000e+02;1.9287729e-01;1.4750000e+02;1.4665811e-01;1.4750000e+02;9.4674103e-02;1.4750000e+02;4.8890684e-02;1.4750000e+02;7.0468723e-03;1.4750000e+02;-4.1711856e-02;1.4750000e+02;-8.1189252e-02;1.4750000e+02;-1.2618534e-01;1.4750000e+02;-6.8914019e-02;1.4750000e+02;-5.3413227e-02;1.4750000e+02;-1.1700049e-02;1.4750000e+02;6.3884959e-02;1.4750000e+02;1.6120335e-01;1.4750000e+02;2.3945969e-01;1.4750000e+02;2.6129231e-01;1.4750000e+02;2.2798689e-01;1.4750000e+02;1.7867021e-01;1.4750000e+02;2.2132730e-01;1.4750000e+02;1.9287729e-01;1.4750000e+02;1.4665811e-01;1.4750000e+02;9.4674103e-02;1.4750000e+02;4.8890684e-02;1.4750000e+02;7.0468723e-03;1.4750000e+02;-4.1711856e-02;1.4750000e+02;-8.1189252e-02;1.4750000e+02;-1.2618534e-01;1.4750000e+02;-6.8914019e-02;1.4750000e+02;-5.3413227e-02;1.4750000e+02;-1.1700049e-02;1.4750000e+02;6.3884959e-02;1.4750000e+02;1.6120335e-01;1.4750000e+02;2.3945969e-01;1.4750000e+02;2.6129231e-01;1.4750000e+02;2.2798689e-01;1.4750000e+02;1.7867021e-01;1.4750000e+02;2.2132730e-01;1.4750000e+02;1.9287729e-01;1.4750000e+02;1.4665811e-01;1.4750000e+02;9.4674103e-02;1.4750000e+02;4.8890684e-02;1.4750000e+02;7.0468723e-03;1.4750000e+02;-4.1711856e-02;1.4750000e+02;-8.1189252e-02;1.4750000e+02;-1.2618534e-01;1.4750000e+02;-6.8914019e-02;1.4750000e+02;-5.3413227e-02;1.4750000e+02;-1.1700049e-02;1.4750000e+02;6.3884959e-02;1.4750000e+02;1.6120335e-01;1.4750000e+02;2.3945969e-01;1.4750000e+02;2.6129231e-01;1.4750000e+02;2.2798689e-01;1.4750000e+02;1.7867021e-01;1.4750000e+02;2.2132730e-01;1.4750000e+02;1.9287729e-01;1.4750000e+02;1.4665811e-01;1.4750000e+02;9.4674103e-02;1.4750000e+02;4.8890684e-02;1.4750000e+02;7.0468723e-03;1.4750000e+02;-4.1711856e-02;1.4750000e+02;-8.1189252e-02;1.4750000e+02;-1.2618534e-01;1.4750000e+02;-6.8914019e-02;1.4750000e+02;-5.3413227e-02;1.4750000e+02;-1.1700049e-02;1.4750000e+02;6.3884959e-02;1.4750000e+02;1.6120335e-01;1.4750000e+02;2.3945969e-01;1.4750000e+02;2.6129231e-01;1.4750000e+02;2.2798689e-01;1.4750000e+02;1.7867021e-01;1.4750000e+02;2.2132730e-01;1.4750000e+02;1.9287729e-01;1.4750000e+02;1.4665811e-01;1.4750000e+02;9.4674103e-02;1.4750000e+02;4.8890684e-02;1.4750000e+02;7.0468723e-03;1.4750000e+02;-4.1711856e-02;1.4750000e+02;-8.1189252e-02;1.4750000e+02;-1.2618534e-01;1.4750000e+02;-6.8914019e-02;1.4750000e+02;-5.3413227e-02;1.4750000e+02;-1.1700049e-02;1.4750000e+02;6.3884959e-02;1.4750000e+02;1.6120335e-01;1.4750000e+02;2.3945969e-01;1.4750000e+02;2.6129231e-01;1.4750000e+02;2.2798689e-01;1.4750000e+02;1.7867021e-01;1.4750000e+02;2.2132730e-01;1.4750000e+02;1.9287729e-01;1.4750000e+02;1.4665811e-01;1.4750000e+02;9.4674103e-02;1.4750000e+02;4.8890684e-02;1.4750000e+02;7.0468723e-03;1.4750000e+02;-4.1711856e-02;1.4750000e+02;-8.1189252e-02;1.4750000e+02;-1.2618534e-01;1.4750000e+02;-6.8914019e-02;1.4750000e+02;-5.3413227e-02;1.4750000e+02;-1.1700049e-02;1.4750000e+02;6.3884959e-02;1.4750000e+02;1.6120335e-01;1.4750000e+02;2.3945969e-01;1.4750000e+02;2.6129231e-01;1.4750000e+02;2.2798689e-01;1.4750000e+02;1.7867021e-01;1.4750000e+02;2.2132730e-01;1.4750000e+02;1.9287729e-01;1.4750000e+02;1.4665811e-01;1.4750000e+02;9.4674103e-02;1.4750000e+02;4.8890684e-02;1.4750000e+02;7.0468723e-03;1.4750000e+02;-4.1711856e-02;1.4750000e+02;-8.1189252e-02;1.4750000e+02;-1.2618534e-01;1.4750000e+02;-6.8914019e-02;1.4750000e+02;-5.3413227e-02;1.4750000e+02;-1.1700049e-02;1.4750000e+02;6.3884959e-02;1.4750000e+02;1.6120335e-01;1.4750000e+02;2.3945969e-01;1.4750000e+02;2.6129231e-01;1.4750000e+02;2.2798689e-01;1.4750000e+02;1.7867021e-01;1.4750000e+02;2.2132730e-01;1.4750000e+02;1.9287729e-01;1.4750000e+02;1.4665811e-01;1.4750000e+02;9.4674103e-02;1.4750000e+02;4.8890684e-02;1.4750000e+02;7.0468723e-03;1.4750000e+02;-4.1711856e-02;1.4750000e+02;-8.1189252e-02;1.4750000e+02;-1.2618534e-01;1.4750000e+02;-6.8914019e-02;1.4750000e+02;-5.3413227e-02;1.4750000e+02;-1.1700049e-02;1.4750000e+02;6.3884959e-02;1.4750000e+02;1.6120335e-01;1.4750000e+02;2.3945969e-01;1.4750000e+02;2.6129231e-01;1.4750000e+02;2.2798689e-01;1.4750000e+02;1.7867021e-01;1.4750000e+02;2.2132730e-01;1.4750000e+02;1.9287729e-01;1.4750000e+02;1.4665811e-01;1.4750000e+02;9.4674103e-02;1.4750000e+02;4.8890684e-02;1.4750000e+02;7.0468723e-03;1.4750000e+02;-4.1711856e-02;1.4750000e+02;-8.1189252e-02;1.4750000e+02;-1.2618534e-01;1.4750000e+02;-6.8914019e-02;1.4750000e+02;-5.3413227e-02;1.4750000e+02;-1.1700049e-02;1.4750000e+02;6.3884959e-02;1.4750000e+02;1.6120335e-01;1.4750000e+02;2.3945969e-01;1.4750000e+02;2.6129231e-01;1.4750000e+02;2.2798689e-01;1.4750000e+02;1.7867021e-01;1.4750000e+02;2.2132730e-01;1.4750000e+02;1.9287729e-01;1.4750000e+02;1.4665811e-01;1.4750000e+02;9.4674103e-02;1.4750000e+02;4.8890684e-02;1.4750000e+02;7.0468723e-03;1.4750000e+02;-4.1711856e-02;1.4750000e+02;-8.1189252e-02;1.4750000e+02;-1.2618534e-01;1.4750000e+02;-6.8914019e-02;1.4750000e+02;-5.3413227e-02;1.4750000e+02;-1.1700049e-02;1.4750000e+02;6.3884959e-02;1.4750000e+02;1.6120335e-01;1.4750000e+02;2.3945969e-01;1.4750000e+02;2.6129231e-01;1.4750000e+02;2.2798689e-01;1.4750000e+02;1.7867021e-01;1.4750000e+02;2.2132730e-01;1.4750000e+02;1.9287729e-01;1.4750000e+02;1.4665811e-01;1.4750000e+02;9.4674103e-02;1.4750000e+02;4.8890684e-02;1.4750000e+02;7.0468723e-03;1.4750000e+02;-4.1711856e-02;1.4750000e+02;-8.1189252e-02;1.4750000e+02;-1.2618534e-01;1.4750000e+02;-6.8914019e-02;1.4750000e+02;-5.3413227e-02;1.4750000e+02;-1.1700049e-02;1.4750000e+02;6.3884959e-02;1.4750000e+02;1.6120335e-01;1.4750000e+02;2.3945969e-01;1.4750000e+02;2.6129231e-01;1.4750000e+02;2.2798689e-01;1.4750000e+02;1.7867021e-01;1.4750000e+02;2.2132730e-01;1.4750000e+02;1.9287729e-01;1.4750000e+02;1.4665811e-01;1.4750000e+02;9.4674103e-02;1.4750000e+02;4.8890684e-02;1.4750000e+02;7.0468723e-03;1.4750000e+02;-4.1711856e-02;1.4750000e+02;-8.1189252e-02;1.4750000e+02;-1.2618534e-01;1.4750000e+02;-6.8914019e-02;1.4750000e+02;-5.3413227e-02;1.4750000e+02;-1.1700049e-02;1.4750000e+02;6.3884959e-02;1.4750000e+02;1.6120335e-01;1.4750000e+02;2.3945969e-01;1.4750000e+02;2.6129231e-01;1.4750000e+02;2.2798689e-01;1.4750000e+02;1.7867021e-01;1.4750000e+02;2.2132730e-01;1.4750000e+02;1.9287729e-01;1.4750000e+02;1.4665811e-01;1.4750000e+02;9.4674103e-02;1.4750000e+02;4.8890684e-02;1.4750000e+02;7.0468723e-03;1.4750000e+02;-4.1711856e-02;1.4750000e+02;-8.1189252e-02;1.4750000e+02;-1.2618534e-01;1.4750000e+02;-6.8914019e-02;1.4750000e+02;-5.3413227e-02;1.4750000e+02;-1.1700049e-02;1.4750000e+02;6.3884959e-02;1.4750000e+02;1.6120335e-01;1.4750000e+02;2.3945969e-01;1.4750000e+02;2.6129231e-01;1.4750000e+02;2.2798689e-01;1.4750000e+02;1.7867021e-01;1.4750000e+02;2.2132730e-01;1.4750000e+02;1.9287729e-01;1.4750000e+02;1.4665811e-01;1.4750000e+02;9.4674103e-02;1.4750000e+02;4.8890684e-02;1.4750000e+02;7.0468723e-03;1.4750000e+02;-4.1711856e-02;1.4750000e+02;-8.1189252e-02;1.4750000e+02;-1.2618534e-01;1.4750000e+02;-6.8914019e-02;1.4750000e+02;-5.3413227e-02;1.4750000e+02;-1.1700049e-02;1.4750000e+02;6.3884959e-02;1.4750000e+02;1.6120335e-01;1.4750000e+02;2.3945969e-01;1.4750000e+02;2.6129231e-01;1.4750000e+02;2.2798689e-01;1.4750000e+02;1.7867021e-01;1.4750000e+02;2.2132730e-01;1.4750000e+02;1.9287729e-01;1.4750000e+02;1.4665811e-01;1.4750000e+02;9.4674103e-02;1.4750000e+02;4.8890684e-02;1.4750000e+02;7.0468723e-03;1.4750000e+02;-4.1711856e-02;1.4750000e+02;-8.1189252e-02;1.4750000e+02;-1.2618534e-01;1.4750000e+02;-6.8914019e-02;1.4750000e+02;-5.3413227e-02;1.4750000e+02;-1.1700049e-02;1.4750000e+02;6.3884959e-02;1.4750000e+02;1.6120335e-01;1.4750000e+02;2.3945969e-01;1.4750000e+02;2.6129231e-01;1.4750000e+02;2.2798689e-01;1.4750000e+02;1.7867021e-01;1.4750000e+02;2.2132730e-01;1.4750000e+02;1.9287729e-01;1.4750000e+02;1.4665811e-01;1.4750000e+02;9.4674103e-02;1.4750000e+02;4.8890684e-02;1.4750000e+02;7.0468723e-03;1.4750000e+02;-4.1711856e-02;1.4750000e+02;-8.1189252e-02;1.4750000e+02;-1.2618534e-01;1.4750000e+02;-6.8914019e-02;1.4750000e+02;-5.3413227e-02;1.4750000e+02;-1.1700049e-02;1.4750000e+02;6.3884959e-02;1.4750000e+02;1.6120335e-01;1.4750000e+02;2.3945969e-01;1.4750000e+02;2.6129231e-01;1.4750000e+02;2.2798689e-01;1.4750000e+02;1.7867021e-01;1.4750000e+02;2.2132730e-01;1.4750000e+02;1.9287729e-01;1.4750000e+02;1.4665811e-01;1.4750000e+02;9.4674103e-02;1.4750000e+02;4.8890684e-02;1.4750000e+02;7.0468723e-03;1.4750000e+02;-4.1711856e-02;1.4750000e+02;-8.1189252e-02;1.4750000e+02;-1.2618534e-01;1.4750000e+02;-6.8914019e-02;1.4750000e+02;-5.3413227e-02;1.4750000e+02;-1.1700049e-02;1.4750000e+02;6.3884959e-02;1.4750000e+02;1.6120335e-01;1.4750000e+02;2.3945969e-01;1.4750000e+02;2.6129231e-01;1.4750000e+02;2.2798689e-01;1.4750000e+02;1.7867021e-01;1.4750000e+02;2.2132730e-01;1.4750000e+02;1.9287729e-01;1.4750000e+02;1.4665811e-01;1.4750000e+02;9.4674103e-02;1.4750000e+02;4.8890684e-02;1.4750000e+02;7.0468723e-03;1.4750000e+02;-4.1711856e-02;1.4750000e+02;-8.1189252e-02;1.4750000e+02;-1.2618534e-01;1.4750000e+02;-6.8914019e-02;1.4750000e+02;-5.3413227e-02;1.4750000e+02;-1.1700049e-02;1.4750000e+02;6.3884959e-02;1.4750000e+02;1.6120335e-01;1.4750000e+02;2.3945969e-01;1.4750000e+02;2.6129231e-01;1.4750000e+02;2.2798689e-01;1.4750000e+02;1.7867021e-01;1.4750000e+02;2.2132730e-01;1.4750000e+02;1.9287729e-01;1.4750000e+02;1.4665811e-01;1.4750000e+02;9.4674103e-02;1.4750000e+02;4.8890684e-02;1.4750000e+02;7.0468723e-03;1.4750000e+02;-4.1711856e-02;1.4750000e+02;-8.1189252e-02;1.4750000e+02;-1.2618534e-01;1.4750000e+02;-6.8914019e-02;1.4750000e+02;-5.3413227e-02;1.4750000e+02;-1.1700049e-02;1.4750000e+02;6.3884959e-02;1.4750000e+02;1.6120335e-01;1.4750000e+02;2.3945969e-01;1.4750000e+02;2.6129231e-01;1.4750000e+02;2.2798689e-01;1.4750000e+02;1.7867021e-01;1.4750000e+02;2.2132730e-01;1.4750000e+02;1.9287729e-01;1.4750000e+02;1.4665811e-01;1.4750000e+02;9.4674103e-02;1.4750000e+02;4.8890684e-02;1.4750000e+02;7.0468723e-03;1.4750000e+02;-4.1711856e-02;1.4750000e+02;-8.1189252e-02;1.4750000e+02;-1.2618534e-01;1.4750000e+02;-6.8914019e-02;1.4750000e+02;-5.3413227e-02;1.4750000e+02;-1.1700049e-02;1.4750000e+02;6.3884959e-02;1.4750000e+02;1.6120335e-01;1.4750000e+02;2.3945969e-01;1.4750000e+02;2.6129231e-01;1.4750000e+02;2.2798689e-01;1.4750000e+02;1.7867021e-01;1.4750000e+02;2.2132730e-01;1.4750000e+02;1.9287729e-01;1.4750000e+02;1.4665811e-01;1.4750000e+02;9.4674103e-02;1.4750000e+02;4.8890684e-02;1.4750000e+02;7.0468723e-03;1.4750000e+02;-4.1711856e-02;1.4750000e+02;-8.1189252e-02;1.4750000e+02;-1.2618534e-01;1.4750000e+02;-6.8914019e-02;1.4750000e+02;-5.3413227e-02;1.4750000e+02;-1.1700049e-02;1.4750000e+02;6.3884959e-02;1.4750000e+02;1.6120335e-01;1.4750000e+02;2.3945969e-01;1.4750000e+02;2.6129231e-01;1.4750000e+02;2.2798689e-01;1.4750000e+02;1.7867021e-01;1.4750000e+02;2.2132730e-01;1.4750000e+02;1.9287729e-01;1.4750000e+02;1.4665811e-01;1.4750000e+02;9.4674103e-02;1.4750000e+02;4.8890684e-02;1.4750000e+02;7.0468723e-03;1.4750000e+02;-4.1711856e-02;1.4750000e+02;-8.1189252e-02;1.4750000e+02;-1.2618534e-01;1.4750000e+02;-6.8914019e-02;1.4750000e+02;-5.3413227e-02;1.4750000e+02;-1.1700049e-02;1.4750000e+02;6.3884959e-02;1.4750000e+02;1.6120335e-01;1.4750000e+02;2.3945969e-01;1.4750000e+02;2.6129231e-01;1.4750000e+02;2.2798689e-01;1.4750000e+02;1.7867021e-01;1.4750000e+02;2.2132730e-01;1.4750000e+02;1.9287729e-01;1.4750000e+02;1.4665811e-01;1.4750000e+02;9.4674103e-02;1.4750000e+02;4.8890684e-02;1.4750000e+02;7.0468723e-03;1.4750000e+02;-4.1711856e-02;1.4750000e+02;-8.1189252e-02;1.4750000e+02;-1.2618534e-01;1.4750000e+02;-6.8914019e-02;1.4750000e+02;-5.3413227e-02;1.4750000e+02;-1.1700049e-02;1.4750000e+02;6.3884959e-02;1.4750000e+02;1.6120335e-01;1.4750000e+02;2.3945969e-01;1.4750000e+02;2.6129231e-01;1.4750000e+02;2.2798689e-01;1.4750000e+02;1.7867021e-01;1.4750000e+02;2.2132730e-01;1.4750000e+02;1.9287729e-01;1.4750000e+02;1.4665811e-01;1.4750000e+02;9.4674103e-02;1.4750000e+02;4.8890684e-02;1.4750000e+02;7.0468723e-03;1.4750000e+02;-4.1711856e-02;1.4750000e+02;-8.1189252e-02;1.4750000e+02;-1.2618534e-01;1.4750000e+02;-6.8914019e-02;1.4750000e+02;-5.3413227e-02;1.4750000e+02;-1.1700049e-02;1.4750000e+02;6.3884959e-02;1.4750000e+02;1.6120335e-01;1.4750000e+02;2.3945969e-01;1.4750000e+02;2.6129231e-01;1.4750000e+02;2.2798689e-01;1.4750000e+02;1.7867021e-01;1.4750000e+02;2.2132730e-01;1.4750000e+02;1.9287729e-01;1.4750000e+02;1.4665811e-01;1.4750000e+02;9.4674103e-02;1.4750000e+02;4.8890684e-02;1.4750000e+02;7.0468723e-03;1.4750000e+02;-4.1711856e-02;1.4750000e+02;-8.1189252e-02;1.4750000e+02;-1.2618534e-01;1.4750000e+02;-6.8914019e-02;1.4750000e+02;-5.3413227e-02;1.4750000e+02;-1.1700049e-02;1.4750000e+02;6.3884959e-02;1.4750000e+02;1.6120335e-01;1.4750000e+02;2.3945969e-01;1.4750000e+02;2.6129231e-01;1.4750000e+02;2.2798689e-01;1.4750000e+02;1.7867021e-01;1.4750000e+02;2.2132730e-01;1.4750000e+02;1.9287729e-01;1.4750000e+02;1.4665811e-01;1.4750000e+02;9.4674103e-02;1.4750000e+02;4.8890684e-02;1.4750000e+02;7.0468723e-03;1.4750000e+02;-4.1711856e-02;1.4750000e+02;-8.1189252e-02;1.4750000e+02;-1.2618534e-01;1.4750000e+02;-6.8914019e-02;1.4750000e+02;-5.3413227e-02;1.4750000e+02;-1.1700049e-02;1.4750000e+02;6.3884959e-02;1.4750000e+02;1.6120335e-01;1.4750000e+02;2.3945969e-01;1.4750000e+02;2.6129231e-01;1.4750000e+02;2.2798689e-01;1.4750000e+02;1.7867021e-01;1.4750000e+02;2.2132730e-01;1.4750000e+02;1.9287729e-01;1.4750000e+02;1.4665811e-01;1.4750000e+02;9.4674103e-02;1.4750000e+02;4.8890684e-02;1.4750000e+02;7.0468723e-03;1.4750000e+02;-4.1711856e-02;1.4750000e+02;-8.1189252e-02;1.4750000e+02;-1.2618534e-01;1.4750000e+02;-6.8914019e-02;1.4750000e+02;-5.3413227e-02;1.4750000e+02;-1.1700049e-02;1.4750000e+02;6.3884959e-02;1.4750000e+02;1.6120335e-01;1.4750000e+02;2.3945969e-01;1.4750000e+02;2.6129231e-01;1.4750000e+02;2.2798689e-01;1.4750000e+02;1.7867021e-01;1.4750000e+02;2.2132730e-01;1.4750000e+02;1.9287729e-01;1.4750000e+02;1.4665811e-01;1.4750000e+02;9.4674103e-02;1.4750000e+02;4.8890684e-02;1.4750000e+02;7.0468723e-03;1.4750000e+02;-4.1711856e-02;1.4750000e+02;-8.1189252e-02;1.4750000e+02;-1.2618534e-01;1.4750000e+02;-6.8914019e-02;1.4750000e+02;-5.3413227e-02;1.4750000e+02;-1.1700049e-02;1.4750000e+02;6.3884959e-02;1.4750000e+02;1.6120335e-01;1.4750000e+02;2.3945969e-01;1.4750000e+02;2.6129231e-01;1.4750000e+02;2.2798689e-01;1.4750000e+02;1.7867021e-01;1.4750000e+02;2.2132730e-01;1.4750000e+02;1.9287729e-01;1.4750000e+02;1.4665811e-01;1.4750000e+02;9.4674103e-02;1.4750000e+02;4.8890684e-02;1.4750000e+02;7.0468723e-03;1.4750000e+02;-4.1711856e-02;1.4750000e+02;-8.1189252e-02;1.4750000e+02;-1.2618534e-01;1.4750000e+02;-6.8914019e-02;1.4750000e+02;-5.3413227e-02;1.4750000e+02;-1.1700049e-02;1.4750000e+02;6.3884959e-02;1.4750000e+02;1.6120335e-01;1.4750000e+02;2.3945969e-01;1.4750000e+02;2.6129231e-01;1.4750000e+02;2.2798689e-01;1.4750000e+02;1.7867021e-01;1.4750000e+02;2.2132730e-01;1.4750000e+02;1.9287729e-01;1.4750000e+02;1.4665811e-01;1.4750000e+02;9.4674103e-02;1.4750000e+02;4.8890684e-02;1.4750000e+02;7.0468723e-03;1.4750000e+02;-4.1711856e-02;1.4750000e+02;-8.1189252e-02;1.4750000e+02;-1.2618534e-01;1.4750000e+02;-6.8914019e-02;1.4750000e+02;-5.3413227e-02;1.4750000e+02;-1.1700049e-02;1.4750000e+02;6.3884959e-02;1.4750000e+02;1.6120335e-01;1.4750000e+02;2.3945969e-01;1.4750000e+02;2.6129231e-01;1.4750000e+02;2.2798689e-01;1.4750000e+02;1.7867021e-01;1.4750000e+02;2.2132730e-01;1.4750000e+02;1.9287729e-01;1.4750000e+02;1.4665811e-01;1.4750000e+02;9.4674103e-02;1.4750000e+02;4.8890684e-02;1.4750000e+02;7.0468723e-03;1.4750000e+02;-4.1711856e-02;1.4750000e+02;-8.1189252e-02;1.4750000e+02;-1.2618534e-01;1.4750000e+02;-6.8914019e-02;1.4750000e+02;-5.3413227e-02;1.4750000e+02;-1.1700049e-02;1.4750000e+02;6.3884959e-02;1.4750000e+02;1.6120335e-01;1.4750000e+02;2.3945969e-01;1.4750000e+02;2.6129231e-01;1.4750000e+02;2.2798689e-01;1.4750000e+02;1.7867021e-01;1.4750000e+02;2.2132730e-01;1.4750000e+02;1.9287729e-01;1.4750000e+02;1.4665811e-01;1.4750000e+02;9.4674103e-02;1.4750000e+02;4.8890684e-02;1.4750000e+02;7.0468723e-03;1.4750000e+02;-4.1711856e-02;1.4750000e+02;-8.1189252e-02;1.4750000e+02;-1.2618534e-01;1.4750000e+02;-6.8914019e-02;1.4750000e+02;-5.3413227e-02;1.4750000e+02;-1.1700049e-02;1.4750000e+02;6.3884959e-02;1.4750000e+02;1.6120335e-01;1.4750000e+02;2.3945969e-01;1.4750000e+02;2.6129231e-01;1.4750000e+02;2.2798689e-01;1.4750000e+02;1.7867021e-01;1.4750000e+02;2.2132730e-01;1.4750000e+02;1.9287729e-01;1.4750000e+02;1.4665811e-01;1.4750000e+02;9.4674103e-02;1.4750000e+02;4.8890684e-02;1.4750000e+02;7.0468723e-03;1.4750000e+02;-4.1711856e-02;1.4750000e+02;-8.1189252e-02;1.4750000e+02;-1.2618534e-01;1.4750000e+02;-6.8914019e-02;1.4750000e+02;-5.3413227e-02;1.4750000e+02;-1.1700049e-02;1.4750000e+02;6.3884959e-02;1.4750000e+02;1.6120335e-01;1.4750000e+02;2.3945969e-01;1.4750000e+02;2.6129231e-01;1.4750000e+02;2.2798689e-01;1.4750000e+02;1.7867021e-01;1.4750000e+02;2.2132730e-01;1.4750000e+02;1.9287729e-01;1.4750000e+02;1.4665811e-01;1.4750000e+02;9.4674103e-02;1.4750000e+02;4.8890684e-02;1.4750000e+02;7.0468723e-03;1.4750000e+02;-4.1711856e-02;1.4750000e+02;-8.1189252e-02;1.4750000e+02;-1.2618534e-01;1.4750000e+02;-6.8914019e-02;1.4750000e+02;-5.3413227e-02;1.4750000e+02;-1.1700049e-02;1.4750000e+02;6.3884959e-02;1.4750000e+02;1.6120335e-01;1.4750000e+02;2.3945969e-01;1.4750000e+02;2.6129231e-01;1.4750000e+02;2.2798689e-01;1.4750000e+02;1.7867021e-01;1.4750000e+02;2.2132730e-01;1.4750000e+02;1.9287729e-01;1.4750000e+02;1.4665811e-01;1.4750000e+02;9.4674103e-02;1.4750000e+02;4.8890684e-02;1.4750000e+02;7.0468723e-03;1.4750000e+02;-4.1711856e-02;1.4750000e+02;-8.1189252e-02;1.4750000e+02;-1.2618534e-01;1.4750000e+02;-6.8914019e-02;1.4750000e+02;-5.3413227e-02;1.4750000e+02;-1.1700049e-02;1.4750000e+02;6.3884959e-02;1.4750000e+02;1.6120335e-01;1.4750000e+02;2.3945969e-01;1.4750000e+02;2.6129231e-01;1.4750000e+02;2.2798689e-01;1.4750000e+02;1.7867021e-01;1.4750000e+02;2.2132730e-01;1.4750000e+02;1.9287729e-01;1.4750000e+02;1.4665811e-01;1.4750000e+02;9.4674103e-02;1.4750000e+02;4.8890684e-02;1.4750000e+02;7.0468723e-03;1.4750000e+02;-4.1711856e-02;1.4750000e+02;-8.1189252e-02;1.4750000e+02;-1.2618534e-01;1.4750000e+02;-6.8914019e-02;1.4750000e+02;-5.3413227e-02;1.4750000e+02;-1.1700049e-02;1.4750000e+02;6.3884959e-02;1.4750000e+02;1.6120335e-01;1.4750000e+02;2.3945969e-01;1.4750000e+02;2.6129231e-01;1.4750000e+02;2.2798689e-01;1.4750000e+02;1.7867021e-01;1.4750000e+02;2.2132730e-01;1.4750000e+02;1.9287729e-01;1.4750000e+02;1.4665811e-01;1.4750000e+02;9.4674103e-02;1.4750000e+02;4.8890684e-02;1.4750000e+02;7.0468723e-03;1.4750000e+02;-4.1711856e-02;1.4750000e+02;-8.1189252e-02;1.4750000e+02;-1.2618534e-01;1.4750000e+02;-6.8914019e-02;1.4750000e+02;-5.3413227e-02;1.4750000e+02;-1.1700049e-02;1.4750000e+02;6.3884959e-02;1.4750000e+02;1.6120335e-01;1.4750000e+02;2.3945969e-01;1.4750000e+02;2.6129231e-01;1.4750000e+02;2.2798689e-01;1.4750000e+02;1.7867021e-01;1.4750000e+02;2.2132730e-01;1.4750000e+02;1.9287729e-01;1.4750000e+02;1.4665811e-01;1.4750000e+02;9.4674103e-02;1.4750000e+02;4.8890684e-02;1.4750000e+02;7.0468723e-03;1.4750000e+02;-4.1711856e-02;1.4750000e+02;-8.1189252e-02;1.4750000e+02;-1.2618534e-01;1.4750000e+02;-6.8914019e-02;1.4750000e+02;-5.3413227e-02;1.4750000e+02;-1.1700049e-02;1.4750000e+02;6.3884959e-02;1.4750000e+02;1.6120335e-01;1.4750000e+02;2.3945969e-01;1.4750000e+02;2.6129231e-01;1.4750000e+02;2.2798689e-01;1.4750000e+02;1.7867021e-01;1.4750000e+02;2.2132730e-01;1.4750000e+02;1.9287729e-01;1.4750000e+02;1.4665811e-01;1.4750000e+02;9.4674103e-02;1.4750000e+02;4.8890684e-02;1.4750000e+02;7.0468723e-03;1.4750000e+02;-4.1711856e-02;1.4750000e+02;-8.1189252e-02;1.4750000e+02;-1.2618534e-01;1.4750000e+02;-6.8914019e-02;1.4750000e+02;-5.3413227e-02;1.4750000e+02;-1.1700049e-02;1.4750000e+02;6.3884959e-02;1.4750000e+02;1.6120335e-01;1.4750000e+02;2.3945969e-01;1.4750000e+02;2.6129231e-01;1.4750000e+02;2.2798689e-01;1.4750000e+02;1.7867021e-01;1.4750000e+02;2.2132730e-01;1.4750000e+02;1.9287729e-01;1.4750000e+02;1.4665811e-01;1.4750000e+02;9.4674103e-02;1.4750000e+02;4.8890684e-02;1.4750000e+02;7.0468723e-03;1.4750000e+02;-4.1711856e-02;1.4750000e+02;-8.1189252e-02;1.4750000e+02;-1.2618534e-01;1.4750000e+02;-6.8914019e-02;1.4750000e+02;-5.3413227e-02;1.4750000e+02;-1.1700049e-02;1.4750000e+02;6.3884959e-02;1.4750000e+02;1.6120335e-01;1.4750000e+02;2.3945969e-01;1.4750000e+02;2.6129231e-01;1.4750000e+02;2.2798689e-01;1.4750000e+02;1.7867021e-01;1.4750000e+02;2.2132730e-01;1.4750000e+02;1.9287729e-01;1.4750000e+02;1.4665811e-01;1.4750000e+02;9.4674103e-02;1.4750000e+02;4.8890684e-02;1.4750000e+02;7.0468723e-03;1.4750000e+02;-4.1711856e-02;1.4750000e+02;-8.1189252e-02;1.4750000e+02;-1.2618534e-01;1.4750000e+02;-6.8914019e-02;1.4750000e+02;-5.3413227e-02;1.4750000e+02;-1.1700049e-02;1.4750000e+02;6.3884959e-02;1.4750000e+02;1.6120335e-01;1.4750000e+02;2.3945969e-01;1.4750000e+02;2.6129231e-01;1.4750000e+02;2.2798689e-01;1.4750000e+02;1.7867021e-01;1.4750000e+02;2.2132730e-01;1.4750000e+02;1.9287729e-01;1.4750000e+02;1.4665811e-01;1.4750000e+02;9.4674103e-02;1.4750000e+02;4.8890684e-02;1.4750000e+02;7.0468723e-03;1.4750000e+02;-4.1711856e-02;1.4750000e+02;-8.1189252e-02;1.4750000e+02;-1.2618534e-01;1.4750000e+02;-6.8914019e-02;1.4750000e+02;-5.3413227e-02;1.4750000e+02;-1.1700049e-02;1.4750000e+02;6.3884959e-02;1.4750000e+02;1.6120335e-01;1.4750000e+02;2.3945969e-01;1.4750000e+02;2.6129231e-01;1.4750000e+02;2.2798689e-01;1.4750000e+02;1.7867021e-01;1.4750000e+02;2.2132730e-01;1.4750000e+02;1.9287729e-01;1.4750000e+02;1.4665811e-01;1.4750000e+02;9.4674103e-02;1.4750000e+02;4.8890684e-02;1.4750000e+02;7.0468723e-03;1.4750000e+02;-4.1711856e-02;1.4750000e+02;-8.1189252e-02;1.4750000e+02;-1.2618534e-01;1.4750000e+02;-6.8914019e-02;1.4750000e+02;-5.3413227e-02;1.4750000e+02;-1.1700049e-02;1.4750000e+02;6.3884959e-02;1.4750000e+02;1.6120335e-01;1.4750000e+02;2.3945969e-01;1.4750000e+02;2.6129231e-01;1.4750000e+02;2.2798689e-01;1.4750000e+02;1.7867021e-01;1.4750000e+02;2.2132730e-01;1.4750000e+02;1.9287729e-01;1.4750000e+02;1.4665811e-01;1.4750000e+02;9.4674103e-02;1.4750000e+02;4.8890684e-02;1.4750000e+02;7.0468723e-03;1.4750000e+02;-4.1711856e-02;1.4750000e+02;-8.1189252e-02;1.4750000e+02;-1.2618534e-01;1.4750000e+02;-6.8914019e-02;1.4750000e+02;-5.3413227e-02;1.4750000e+02;-1.1700049e-02;1.4750000e+02;6.3884959e-02;1.4750000e+02;1.6120335e-01;1.4750000e+02;2.3945969e-01;1.4750000e+02;2.6129231e-01;1.4750000e+02;2.2798689e-01;1.4750000e+02;1.7867021e-01;1.4750000e+02;2.2132730e-01;1.4750000e+02;1.9287729e-01;1.4750000e+02;1.4665811e-01;1.4750000e+02;9.4674103e-02;1.4750000e+02;4.8890684e-02;1.4750000e+02;7.0468723e-03;1.4750000e+02;-4.1711856e-02;1.4750000e+02;-8.1189252e-02;1.4750000e+02;-1.2618534e-01;1.4750000e+02;-6.8914019e-02;1.4750000e+02;-5.3413227e-02;1.4750000e+02;-1.1700049e-02;1.4750000e+02;6.3884959e-02;1.4750000e+02;1.6120335e-01;1.4750000e+02;2.3945969e-01;1.4750000e+02;2.6129231e-01;1.4750000e+02;2.2798689e-01;1.4750000e+02;1.7867021e-01;1.4750000e+02;2.2132730e-01;1.4750000e+02;1.9287729e-01;1.4750000e+02;1.4665811e-01;1.4750000e+02;9.4674103e-02;1.4750000e+02;4.8890684e-02;1.4750000e+02;7.0468723e-03;1.4750000e+02;-4.1711856e-02;1.4750000e+02;-8.1189252e-02;1.4750000e+02;-1.2618534e-01;1.4750000e+02;-6.8914019e-02;1.4750000e+02;-5.3413227e-02;1.4750000e+02;-1.1700049e-02;1.4750000e+02;6.3884959e-02;1.4750000e+02;1.6120335e-01;1.4750000e+02;2.3945969e-01;1.4750000e+02;2.6129231e-01;1.4750000e+02;2.2798689e-01;1.4750000e+02;1.7867021e-01;1.4750000e+02;2.2132730e-01;1.4750000e+02;1.9287729e-01;1.4750000e+02;1.4665811e-01;1.4750000e+02;9.4674103e-02;1.4750000e+02;4.8890684e-02;1.4750000e+02;7.0468723e-03;1.4750000e+02;-4.1711856e-02;1.4750000e+02;-8.1189252e-02;1.4750000e+02;-1.2618534e-01;1.4750000e+02;-6.8914019e-02;1.4750000e+02;-5.3413227e-02;1.4750000e+02;-1.1700049e-02;1.4750000e+02;6.3884959e-02;1.4750000e+02;1.6120335e-01;1.4750000e+02;2.3945969e-01;1.4750000e+02;2.6129231e-01;1.4750000e+02;2.2798689e-01;1.4750000e+02;1.7867021e-01;1.4750000e+02;2.2132730e-01;1.4750000e+02;1.9287729e-01;1.4750000e+02;1.4665811e-01;1.4750000e+02;9.4674103e-02;1.4750000e+02;4.8890684e-02;1.4750000e+02;7.0468723e-03;1.4750000e+02;-4.1711856e-02;1.4750000e+02;-8.1189252e-02;1.4750000e+02;-1.2618534e-01;1.4750000e+02;-6.8914019e-02;1.4750000e+02;-5.3413227e-02;1.4750000e+02;-1.1700049e-02;1.4750000e+02;6.3884959e-02;1.4750000e+02;1.6120335e-01;1.4750000e+02;2.3945969e-01;1.4750000e+02;2.6129231e-01;1.4750000e+02;2.2798689e-01;1.4750000e+02;1.7867021e-01;1.4750000e+02;2.2132730e-01;1.4750000e+02;1.9287729e-01;1.4750000e+02;1.4665811e-01;1.4750000e+02;9.4674103e-02;1.4750000e+02;4.8890684e-02;1.4750000e+02;7.0468723e-03;1.4750000e+02;-4.1711856e-02;1.4750000e+02;-8.1189252e-02;1.4750000e+02;-1.2618534e-01;1.4750000e+02;-6.8914019e-02;1.4750000e+02;-5.3413227e-02;1.4750000e+02;-1.1700049e-02;1.4750000e+02;6.3884959e-02;1.4750000e+02;1.6120335e-01;1.4750000e+02;2.3945969e-01;1.4750000e+02;2.6129231e-01;1.4750000e+02;2.2798689e-01;1.4750000e+02;1.7867021e-01;1.4750000e+02;2.2132730e-01;1.4750000e+02;1.9287729e-01;1.4750000e+02;1.4665811e-01;1.4750000e+02;9.4674103e-02;1.4750000e+02;4.8890684e-02;1.4750000e+02;7.0468723e-03;1.4750000e+02;-4.1711856e-02;1.4750000e+02;-8.1189252e-02;1.4750000e+02;-1.2618534e-01;1.4750000e+02;-6.8914019e-02;1.4750000e+02;-5.3413227e-02;1.4750000e+02;-1.1700049e-02;1.4750000e+02;6.3884959e-02;1.4750000e+02;1.6120335e-01;1.4750000e+02;2.3945969e-01;1.4750000e+02;2.6129231e-01;1.4750000e+02;2.2798689e-01;1.4750000e+02;1.7867021e-01;1.4750000e+02;2.2132730e-01;1.4750000e+02;1.9287729e-01;1.4750000e+02;1.4665811e-01;1.4750000e+02;9.4674103e-02;1.4750000e+02;4.8890684e-02;1.4750000e+02;7.0468723e-03;1.4750000e+02;-4.1711856e-02;1.4750000e+02;-8.1189252e-02;1.4750000e+02;-1.2618534e-01;1.4750000e+02;-6.8914019e-02;1.4750000e+02;-5.3413227e-02;1.4750000e+02;-1.1700049e-02;1.4750000e+02;6.3884959e-02;1.4750000e+02;1.6120335e-01;1.4750000e+02;2.3945969e-01;1.4750000e+02;2.6129231e-01;1.4750000e+02;2.2798689e-01;1.4750000e+02;1.7867021e-01;1.4750000e+02;2.2132730e-01;1.4750000e+02;1.9287729e-01;1.4750000e+02;1.4665811e-01;1.4750000e+02;9.4674103e-02;1.4750000e+02;4.8890684e-02;1.4750000e+02;7.0468723e-03;1.4750000e+02;-4.1711856e-02;1.4750000e+02;-8.1189252e-02;1.4750000e+02;-1.2618534e-01;1.4750000e+02;-6.8914019e-02;1.4750000e+02;-5.3413227e-02;1.4750000e+02;-1.1700049e-02;1.4750000e+02;6.3884959e-02;1.4750000e+02;1.6120335e-01;1.4750000e+02;2.3945969e-01;1.4750000e+02;2.6129231e-01;1.4750000e+02;2.2798689e-01;1.4750000e+02;1.7867021e-01;1.4750000e+02;2.2132730e-01;1.4750000e+02;1.9287729e-01;1.4750000e+02;1.4665811e-01;1.4750000e+02;9.4674103e-02;1.4750000e+02;4.8890684e-02;1.4750000e+02;7.0468723e-03;1.4750000e+02;-4.1711856e-02;1.4750000e+02;-8.1189252e-02;1.4750000e+02;-1.2618534e-01;1.4750000e+02;-6.8914019e-02;1.4750000e+02;-5.3413227e-02;1.4750000e+02;-1.1700049e-02;1.4750000e+02;6.3884959e-02;1.4750000e+02;1.6120335e-01;1.4750000e+02;2.3945969e-01;1.4750000e+02;2.6129231e-01;1.4750000e+02;2.2798689e-01;1.4750000e+02;1.7867021e-01;1.4750000e+02;2.2132730e-01;1.4750000e+02;1.9287729e-01;1.4750000e+02;1.4665811e-01;1.4750000e+02;9.4674103e-02;1.4750000e+02;4.8890684e-02;1.4750000e+02;7.0468723e-03;1.4750000e+02;-4.1711856e-02;1.4750000e+02;-8.1189252e-02;1.4750000e+02;-1.2618534e-01;1.4750000e+02;-6.8914019e-02;1.4750000e+02;-5.3413227e-02;1.4750000e+02;-1.1700049e-02;1.4750000e+02;6.3884959e-02;1.4750000e+02;1.6120335e-01;1.4750000e+02;2.3945969e-01;1.4750000e+02;2.6129231e-01;1.4750000e+02;2.2798689e-01;1.4750000e+02;1.7867021e-01;1.4750000e+02;2.2132730e-01;1.4750000e+02;1.9287729e-01;1.4750000e+02;1.4665811e-01;1.4750000e+02;9.4674103e-02;1.4750000e+02;4.8890684e-02;1.4750000e+02;7.0468723e-03;1.4750000e+02;-4.1711856e-02;1.4750000e+02;-8.1189252e-02;1.4750000e+02;-1.2618534e-01;1.4750000e+02;-6.8914019e-02;1.4750000e+02;-5.3413227e-02;1.4750000e+02;-1.1700049e-02;1.4750000e+02;6.3884959e-02;1.4750000e+02;1.6120335e-01;1.4750000e+02;2.3945969e-01;1.4750000e+02;2.6129231e-01;1.4750000e+02;2.2798689e-01;1.4750000e+02;1.7867021e-01;1.4750000e+02;2.2132730e-01;1.4750000e+02;1.9287729e-01;1.4750000e+02;1.4665811e-01;1.4750000e+02;9.4674103e-02;1.4750000e+02;4.8890684e-02;1.4750000e+02;7.0468723e-03;1.4750000e+02;-4.1711856e-02;1.4750000e+02;-8.1189252e-02;1.4750000e+02;-1.2618534e-01;1.4750000e+02;-6.8914019e-02;1.4750000e+02;-5.3413227e-02;1.4750000e+02;-1.1700049e-02;1.4750000e+02;6.3884959e-02;1.4750000e+02;1.6120335e-01;1.4750000e+02;2.3945969e-01;1.4750000e+02;2.6129231e-01;1.4750000e+02;2.2798689e-01;1.4750000e+02;1.7867021e-01;1.4750000e+02;2.2132730e-01;1.4750000e+02;1.9287729e-01;1.4750000e+02;1.4665811e-01;1.4750000e+02;9.4674103e-02;1.4750000e+02;4.8890684e-02;1.4750000e+02;7.0468723e-03;1.4750000e+02;-4.1711856e-02;1.4750000e+02;-8.1189252e-02;1.4750000e+02;-1.2618534e-01;1.4750000e+02;-6.8914019e-02;1.4750000e+02;-5.3413227e-02;1.4750000e+02;-1.1700049e-02;1.4750000e+02;6.3884959e-02;1.4750000e+02;1.6120335e-01;1.4750000e+02;2.3945969e-01;1.4750000e+02;2.6129231e-01;1.4750000e+02;2.2798689e-01;1.4750000e+02;1.7867021e-01;1.4750000e+02;2.2132730e-01;1.4750000e+02;1.9287729e-01;1.4750000e+02;1.4665811e-01;1.4750000e+02;9.4674103e-02;1.4750000e+02;4.8890684e-02;1.4750000e+02;7.0468723e-03;1.4750000e+02;-4.1711856e-02;1.4750000e+02;-8.1189252e-02;1.4750000e+02;-1.2618534e-01;1.4750000e+02;-6.8914019e-02;1.4750000e+02;-5.3413227e-02;1.4750000e+02;-1.1700049e-02;1.4750000e+02;6.3884959e-02;1.4750000e+02;1.6120335e-01;1.4750000e+02;2.3945969e-01;1.4750000e+02;2.6129231e-01;1.4750000e+02;2.2798689e-01;1.4750000e+02;1.7867021e-01;1.4750000e+02;2.2132730e-01;1.4750000e+02;1.9287729e-01;1.4750000e+02;1.4665811e-01;1.4750000e+02;9.4674103e-02;1.4750000e+02;4.8890684e-02;1.4750000e+02;7.0468723e-03;1.4750000e+02;-4.1711856e-02;1.4750000e+02;-8.1189252e-02;1.4750000e+02;-1.2618534e-01;1.4750000e+02;-6.8914019e-02;1.4750000e+02;-5.3413227e-02;1.4750000e+02;-1.1700049e-02;1.4750000e+02;6.3884959e-02;1.4750000e+02;1.6120335e-01;1.4750000e+02;2.3945969e-01;1.4750000e+02;2.6129231e-01;1.4750000e+02;2.2798689e-01;1.4750000e+02;1.7867021e-01;1.4750000e+02;2.2132730e-01;1.4750000e+02;1.9287729e-01;1.4750000e+02;1.4665811e-01;1.4750000e+02;9.4674103e-02;1.4750000e+02;4.8890684e-02;1.4750000e+02;7.0468723e-03;1.4750000e+02;-4.1711856e-02;1.4750000e+02;-8.1189252e-02;1.4750000e+02;-1.2618534e-01;1.4750000e+02;-6.8914019e-02;1.4750000e+02;-5.3413227e-02;1.4750000e+02;-1.1700049e-02;1.4750000e+02;6.3884959e-02;1.4750000e+02;1.6120335e-01;1.4750000e+02;2.3945969e-01;1.4750000e+02;2.6129231e-01;1.4750000e+02;2.2798689e-01;1.4750000e+02;1.7867021e-01;1.4750000e+02;2.2132730e-01;1.4750000e+02;1.9287729e-01;1.4750000e+02;1.4665811e-01;1.4750000e+02;9.4674103e-02;1.4750000e+02;4.8890684e-02;1.4750000e+02;7.0468723e-03;1.4750000e+02;-4.1711856e-02;1.4750000e+02;-8.1189252e-02;1.4750000e+02;-1.2618534e-01;1.4750000e+02;-6.8914019e-02;1.4750000e+02;-5.3413227e-02;1.4750000e+02;-1.1700049e-02;1.4750000e+02;6.3884959e-02;1.4750000e+02;1.6120335e-01;1.4750000e+02;2.3945969e-01;1.4750000e+02;2.6129231e-01;1.4750000e+02;2.2798689e-01;1.4750000e+02;1.7867021e-01;1.4750000e+02;2.2132730e-01;1.4750000e+02;1.9287729e-01;1.4750000e+02;1.4665811e-01;1.4750000e+02;9.4674103e-02;1.4750000e+02;4.8890684e-02;1.4750000e+02;7.0468723e-03;1.4750000e+02;-4.1711856e-02;1.4750000e+02;-8.1189252e-02;1.4750000e+02;-1.2618534e-01;1.4750000e+02;-6.8914019e-02;1.4750000e+02;-5.3413227e-02;1.4750000e+02;-1.1700049e-02;1.4750000e+02;6.3884959e-02;1.4750000e+02;1.6120335e-01;1.4750000e+02;2.3945969e-01;1.4750000e+02;2.6129231e-01;1.4750000e+02;2.2798689e-01;1.4750000e+02;1.7867021e-01;1.4750000e+02;2.2132730e-01;1.4750000e+02;1.9287729e-01;1.4750000e+02;1.4665811e-01;1.4750000e+02;9.4674103e-02;1.4750000e+02;4.8890684e-02;1.4750000e+02;7.0468723e-03;1.4750000e+02;-4.1711856e-02;1.4750000e+02;-8.1189252e-02;1.4750000e+02;-1.2618534e-01;1.4750000e+02;-6.8914019e-02;1.4750000e+02;-5.3413227e-02;1.4750000e+02;-1.1700049e-02;1.4750000e+02;6.3884959e-02;1.4750000e+02;1.6120335e-01;1.4750000e+02;2.3945969e-01;1.4750000e+02;2.6129231e-01;1.4750000e+02;2.2798689e-01;1.4750000e+02;1.7867021e-01;1.4750000e+02;2.2132730e-01;1.4750000e+02;1.9287729e-01;1.4750000e+02;1.4665811e-01;1.4750000e+02;9.4674103e-02;1.4750000e+02;4.8890684e-02;1.4750000e+02;7.0468723e-03;1.4750000e+02;-4.1711856e-02;1.4750000e+02;-8.1189252e-02;1.4750000e+02;-1.2618534e-01;1.4750000e+02;-6.8914019e-02;1.4750000e+02;-5.3413227e-02;1.4750000e+02;-1.1700049e-02;1.4750000e+02;6.3884959e-02;1.4750000e+02;1.6120335e-01;1.4750000e+02;2.3945969e-01;1.4750000e+02;2.6129231e-01;1.4750000e+02;2.2798689e-01;1.4750000e+02;1.7867021e-01;1.4750000e+02;2.2132730e-01;1.4750000e+02;1.9287729e-01;1.4750000e+02;1.4665811e-01;1.4750000e+02;9.4674103e-02;1.4750000e+02;4.8890684e-02;1.4750000e+02;7.0468723e-03;1.4750000e+02;-4.1711856e-02;1.4750000e+02;-8.1189252e-02;1.4750000e+02;-1.2618534e-01;1.4750000e+02;-6.8914019e-02;1.4750000e+02;-5.3413227e-02;1.4750000e+02;-1.1700049e-02;1.4750000e+02;6.3884959e-02;1.4750000e+02;1.6120335e-01;1.4750000e+02;2.3945969e-01;1.4750000e+02;2.6129231e-01;1.4750000e+02;2.2798689e-01;1.4750000e+02;1.7867021e-01;1.4750000e+02;2.2132730e-01;1.4750000e+02;1.9287729e-01;1.4750000e+02;1.4665811e-01;1.4750000e+02;9.4674103e-02;1.4750000e+02;4.8890684e-02;1.4750000e+02;7.0468723e-03;1.4750000e+02;-4.1711856e-02;1.4750000e+02;-8.1189252e-02;1.4750000e+02;-1.2618534e-01;1.4750000e+02;-6.8914019e-02;1.4750000e+02;-5.3413227e-02;1.4750000e+02;-1.1700049e-02;1.4750000e+02;6.3884959e-02;1.4750000e+02;1.6120335e-01;1.4750000e+02;2.3945969e-01;1.4750000e+02;2.6129231e-01;1.4750000e+02;2.2798689e-01;1.4750000e+02;1.7867021e-01;1.4750000e+02;2.2132730e-01;1.4750000e+02;1.9287729e-01;1.4750000e+02;1.4665811e-01;1.4750000e+02;9.4674103e-02;1.4750000e+02;4.8890684e-02;1.4750000e+02;7.0468723e-03;1.4750000e+02;-4.1711856e-02;1.4750000e+02;-8.1189252e-02;1.4750000e+02;-1.2618534e-01;1.4750000e+02;-6.8914019e-02;1.4750000e+02;-5.3413227e-02;1.4750000e+02;-1.1700049e-02;1.4750000e+02;6.3884959e-02;1.4750000e+02;1.6120335e-01;1.4750000e+02;2.3945969e-01;1.4750000e+02;2.6129231e-01;1.4750000e+02;2.2798689e-01;1.4750000e+02;1.7867021e-01;1.4750000e+02;2.2132730e-01;1.4750000e+02;1.9287729e-01;1.4750000e+02;1.4665811e-01;1.4750000e+02;9.4674103e-02;1.4750000e+02;4.8890684e-02;1.4750000e+02;7.0468723e-03;1.4750000e+02;-4.1711856e-02;1.4750000e+02;-8.1189252e-02;1.4750000e+02;-1.2618534e-01;1.4750000e+02;-6.8914019e-02;1.4750000e+02;-5.3413227e-02;1.4750000e+02;-1.1700049e-02;1.4750000e+02;6.3884959e-02;1.4750000e+02;1.6120335e-01;1.4750000e+02;2.3945969e-01;1.4750000e+02;2.6129231e-01;1.4750000e+02;2.2798689e-01;1.4750000e+02;1.7867021e-01;1.4750000e+02;2.2132730e-01;1.4750000e+02;1.9287729e-01;1.4750000e+02;1.4665811e-01;1.4750000e+02;9.4674103e-02;1.4750000e+02;4.8890684e-02;1.4750000e+02;7.0468723e-03;1.4750000e+02;-4.1711856e-02;1.4750000e+02;-8.1189252e-02;1.4750000e+02;-1.2618534e-01;1.4750000e+02;-6.8914019e-02;1.4750000e+02;-5.3413227e-02;1.4750000e+02;-1.1700049e-02;1.4750000e+02;6.3884959e-02;1.4750000e+02;1.6120335e-01;1.4750000e+02;2.3945969e-01;1.4750000e+02;2.6129231e-01;1.4750000e+02;2.2798689e-01;1.4750000e+02;1.7867021e-01;1.4750000e+02;2.2132730e-01;1.4750000e+02;1.9287729e-01;1.4750000e+02;1.4665811e-01;1.4750000e+02;9.4674103e-02;1.4750000e+02;4.8890684e-02;1.4750000e+02;7.0468723e-03;1.4750000e+02;-4.1711856e-02;1.4750000e+02;-8.1189252e-02;1.4750000e+02;-1.2618534e-01;1.4750000e+02;-6.8914019e-02;1.4750000e+02;-5.3413227e-02;1.4750000e+02;-1.1700049e-02;1.4750000e+02;6.3884959e-02;1.4750000e+02;1.6120335e-01;1.4750000e+02;2.3945969e-01;1.4750000e+02;2.6129231e-01;1.4750000e+02;2.2798689e-01;1.4750000e+02;1.7867021e-01;1.4750000e+02;2.2132730e-01;1.4750000e+02;1.9287729e-01;1.4750000e+02;1.4665811e-01;1.4750000e+02;9.4674103e-02;1.4750000e+02;4.8890684e-02;1.4750000e+02;7.0468723e-03;1.4750000e+02;-4.1711856e-02;1.4750000e+02;-8.1189252e-02;1.4750000e+02;-1.2618534e-01;1.4750000e+02;-6.8914019e-02;1.4750000e+02;-5.3413227e-02;1.4750000e+02;-1.1700049e-02;1.4750000e+02;6.3884959e-02;1.4750000e+02;1.6120335e-01;1.4750000e+02;2.3945969e-01;1.4750000e+02;2.6129231e-01;1.4750000e+02;2.2798689e-01;1.4750000e+02;1.7867021e-01;1.4750000e+02;2.2132730e-01;1.4750000e+02;1.9287729e-01;1.4750000e+02;1.4665811e-01;1.4750000e+02;9.4674103e-02;1.4750000e+02;4.8890684e-02;1.4750000e+02;7.0468723e-03;1.4750000e+02;-4.1711856e-02;1.4750000e+02;-8.1189252e-02;1.4750000e+02;-1.2618534e-01;1.4750000e+02;-6.8914019e-02;1.4750000e+02;-5.3413227e-02;1.4750000e+02;-1.1700049e-02;1.4750000e+02;6.3884959e-02;1.4750000e+02;1.6120335e-01;1.4750000e+02;2.3945969e-01;1.4750000e+02;2.6129231e-01;1.4750000e+02;2.2798689e-01;1.4750000e+02;1.7867021e-01;1.4750000e+02;2.2132730e-01;1.4750000e+02;1.9287729e-01;1.4750000e+02;1.4665811e-01;1.4750000e+02;9.4674103e-02;1.4750000e+02;4.8890684e-02;1.4750000e+02;7.0468723e-03;1.4750000e+02;-4.1711856e-02;1.4750000e+02;-8.1189252e-02;1.4750000e+02;-1.2618534e-01;1.4750000e+02;-6.8914019e-02;1.4750000e+02;-5.3413227e-02;1.4750000e+02;-1.1700049e-02;1.4750000e+02;6.3884959e-02;1.4750000e+02;1.6120335e-01;1.4750000e+02;2.3945969e-01;1.4750000e+02;2.6129231e-01;1.4750000e+02;2.2798689e-01;1.4750000e+02;1.7867021e-01;1.4750000e+02;2.2132730e-01;1.4750000e+02;1.9287729e-01;1.4750000e+02;1.4665811e-01;1.4750000e+02;9.4674103e-02;1.4750000e+02;4.8890684e-02;1.4750000e+02;7.0468723e-03;1.4750000e+02;-4.1711856e-02;1.4750000e+02;-8.1189252e-02;1.4750000e+02;-1.2618534e-01;1.4750000e+02;-6.8914019e-02;1.4750000e+02;-5.3413227e-02;1.4750000e+02;-1.1700049e-02;1.4750000e+02;6.3884959e-02;1.4750000e+02;1.6120335e-01;1.4750000e+02;2.3945969e-01;1.4750000e+02;2.6129231e-01;1.4750000e+02;2.2798689e-01;1.4750000e+02;1.7867021e-01;1.4750000e+02;2.2132730e-01;1.4750000e+02;1.9287729e-01;1.4750000e+02;1.4665811e-01;1.4750000e+02;9.4674103e-02;1.4750000e+02;4.8890684e-02;1.4750000e+02;7.0468723e-03;1.4750000e+02;-4.1711856e-02;1.4750000e+02;-8.1189252e-02;1.4750000e+02;-1.2618534e-01;1.4750000e+02;-6.8914019e-02;1.4750000e+02;-5.3413227e-02;1.4750000e+02;-1.1700049e-02;1.4750000e+02;6.3884959e-02;1.4750000e+02;1.6120335e-01;1.4750000e+02;2.3945969e-01;1.4750000e+02;2.6129231e-01;1.4750000e+02;2.2798689e-01;1.4750000e+02;1.7867021e-01;1.4750000e+02;2.2132730e-01;1.4750000e+02;1.9287729e-01;1.4750000e+02;1.4665811e-01;1.4750000e+02;9.4674103e-02;1.4750000e+02;4.8890684e-02;1.4750000e+02;7.0468723e-03;1.4750000e+02;-4.1711856e-02;1.4750000e+02;-8.1189252e-02;1.4750000e+02;-1.2618534e-01;1.4750000e+02;-6.8914019e-02;1.4750000e+02;-5.3413227e-02;1.4750000e+02;-1.1700049e-02;1.4750000e+02;6.3884959e-02;1.4750000e+02;1.6120335e-01;1.4750000e+02;2.3945969e-01;1.4750000e+02;2.6129231e-01;1.4750000e+02;2.2798689e-01;1.4750000e+02;1.7867021e-01;1.4750000e+02;2.2132730e-01;1.4750000e+02;1.9287729e-01;1.4750000e+02;1.4665811e-01;1.4750000e+02;9.4674103e-02;1.4750000e+02;4.8890684e-02;1.4750000e+02;7.0468723e-03;1.4750000e+02;-4.1711856e-02;1.4750000e+02;-8.1189252e-02;1.4750000e+02;-1.2618534e-01;1.4750000e+02;-6.8914019e-02;1.4750000e+02;-5.3413227e-02;1.4750000e+02;-1.1700049e-02;1.4750000e+02;6.3884959e-02;1.4750000e+02;1.6120335e-01;1.4750000e+02;2.3945969e-01;1.4750000e+02;2.6129231e-01;1.4750000e+02;2.2798689e-01;1.4750000e+02;1.7867021e-01;1.4750000e+02;2.2132730e-01;1.4750000e+02;1.9287729e-01;1.4750000e+02;1.4665811e-01;1.4750000e+02;9.4674103e-02;1.4750000e+02;4.8890684e-02;1.4750000e+02;7.0468723e-03;1.4750000e+02;-4.1711856e-02;1.4750000e+02;-8.1189252e-02;1.4750000e+02;-1.2618534e-01;1.4750000e+02;-6.8914019e-02;1.4750000e+02;-5.3413227e-02;1.4750000e+02;-1.1700049e-02;1.4750000e+02;6.3884959e-02;1.4750000e+02;1.6120335e-01;1.4750000e+02;2.3945969e-01;1.4750000e+02;2.6129231e-01;1.4750000e+02;2.2798689e-01;1.4750000e+02;1.7867021e-01;1.4750000e+02;2.2132730e-01;1.4750000e+02;1.9287729e-01;1.4750000e+02;1.4665811e-01;1.4750000e+02;9.4674103e-02;1.4750000e+02;4.8890684e-02;1.4750000e+02;7.0468723e-03;1.4750000e+02;-4.1711856e-02;1.4750000e+02;-8.1189252e-02;1.4750000e+02;-1.2618534e-01;1.4750000e+02;-6.8914019e-02;1.4750000e+02;-5.3413227e-02;1.4750000e+02;-1.1700049e-02;1.4750000e+02;6.3884959e-02;1.4750000e+02;1.6120335e-01;1.4750000e+02;2.3945969e-01;1.4750000e+02;2.6129231e-01;1.4750000e+02;2.2798689e-01;1.4750000e+02;1.7867021e-01;1.4750000e+02;2.2132730e-01;1.4750000e+02;1.9287729e-01;1.4750000e+02;1.4665811e-01;1.4750000e+02;9.4674103e-02;1.4750000e+02;4.8890684e-02;1.4750000e+02;7.0468723e-03;1.4750000e+02;-4.1711856e-02;1.4750000e+02;-8.1189252e-02;1.4750000e+02;-1.2618534e-01;1.4750000e+02;-6.8914019e-02;1.4750000e+02;-5.3413227e-02;1.4750000e+02;-1.1700049e-02;1.4750000e+02;6.3884959e-02;1.4750000e+02;1.6120335e-01;1.4750000e+02;2.3945969e-01;1.4750000e+02;2.6129231e-01;1.4750000e+02;2.2798689e-01;1.4750000e+02;1.7867021e-01;1.4750000e+02;2.2132730e-01;1.4750000e+02;1.9287729e-01;1.4750000e+02;1.4665811e-01;1.4750000e+02;9.4674103e-02;1.4750000e+02;4.8890684e-02;1.4750000e+02;7.0468723e-03;1.4750000e+02;-4.1711856e-02;1.4750000e+02;-8.1189252e-02;1.4750000e+02;-1.2618534e-01;1.4750000e+02;-6.8914019e-02;1.4750000e+02;-5.3413227e-02;1.4750000e+02;-1.1700049e-02;1.4750000e+02;6.3884959e-02;1.4750000e+02;1.6120335e-01;1.4750000e+02;2.3945969e-01;1.4750000e+02;2.6129231e-01;1.4750000e+02;2.2798689e-01;1.4750000e+02;1.7867021e-01;1.4750000e+02;2.2132730e-01;1.4750000e+02;1.9287729e-01;1.4750000e+02;1.4665811e-01;1.4750000e+02;9.4674103e-02;1.4750000e+02;4.8890684e-02;1.4750000e+02;7.0468723e-03;1.4750000e+02;-4.1711856e-02;1.4750000e+02;-8.1189252e-02;1.4750000e+02;-1.2618534e-01;1.4750000e+02;-6.8914019e-02;1.4750000e+02;-5.3413227e-02;1.4750000e+02;-1.1700049e-02;1.4750000e+02;6.3884959e-02;1.4750000e+02;1.6120335e-01;1.4750000e+02;2.3945969e-01;1.4750000e+02;2.6129231e-01;1.4750000e+02;2.2798689e-01;1.4750000e+02;1.7867021e-01;1.4750000e+02;2.2132730e-01;1.4750000e+02;1.9287729e-01;1.4750000e+02;1.4665811e-01;1.4750000e+02;9.4674103e-02;1.4750000e+02;4.8890684e-02;1.4750000e+02;7.0468723e-03;1.4750000e+02;-4.1711856e-02;1.4750000e+02;-8.1189252e-02;1.4750000e+02;-1.2618534e-01;1.4750000e+02;-6.8914019e-02;1.4750000e+02;-5.3413227e-02;1.4750000e+02;-1.1700049e-02;1.4750000e+02;6.3884959e-02;1.4750000e+02;1.6120335e-01;1.4750000e+02;2.3945969e-01;1.4750000e+02;2.6129231e-01;1.4750000e+02;2.2798689e-01;1.4750000e+02;1.7867021e-01;1.4750000e+02;2.2132730e-01;1.4750000e+02;1.9287729e-01;1.4750000e+02;1.4665811e-01;1.4750000e+02;9.4674103e-02;1.4750000e+02;4.8890684e-02;1.4750000e+02;7.0468723e-03;1.4750000e+02;-4.1711856e-02;1.4750000e+02;-8.1189252e-02;1.4750000e+02;-1.2618534e-01;1.4750000e+02;-6.8914019e-02;1.4750000e+02;-5.3413227e-02;1.4750000e+02;-1.1700049e-02;1.4750000e+02;6.3884959e-02;1.4750000e+02;1.6120335e-01;1.4750000e+02;2.3945969e-01;1.4750000e+02;2.6129231e-01;1.4750000e+02;2.2798689e-01;1.4750000e+02;1.7867021e-01;1.4750000e+02;2.2132730e-01;1.4750000e+02;1.9287729e-01;1.4750000e+02;1.4665811e-01;1.4750000e+02;9.4674103e-02;1.4750000e+02;4.8890684e-02;1.4750000e+02;7.0468723e-03;1.4750000e+02;-4.1711856e-02;1.4750000e+02;-8.1189252e-02;1.4750000e+02;-1.2618534e-01;1.4750000e+02;-6.8914019e-02;1.4750000e+02;-5.3413227e-02;1.4750000e+02;-1.1700049e-02;1.4750000e+02;6.3884959e-02;1.4750000e+02;1.6120335e-01;1.4750000e+02;2.3945969e-01;1.4750000e+02;2.6129231e-01;1.4750000e+02;2.2798689e-01;1.4750000e+02;1.7867021e-01;1.4750000e+02;2.2132730e-01;1.4750000e+02;1.9287729e-01;1.4750000e+02;1.4665811e-01;1.4750000e+02;9.4674103e-02;1.4750000e+02;4.8890684e-02;1.4750000e+02;7.0468723e-03;1.4750000e+02;-4.1711856e-02;1.4750000e+02;-8.1189252e-02;1.4750000e+02;-1.2618534e-01;1.4750000e+02;-6.8914019e-02;1.4750000e+02;-5.3413227e-02;1.4750000e+02;-1.1700049e-02;1.4750000e+02;6.3884959e-02;1.4750000e+02;1.6120335e-01;1.4750000e+02;2.3945969e-01;1.4750000e+02;2.6129231e-01;1.4750000e+02;2.2798689e-01;1.4750000e+02;1.7867021e-01;1.4750000e+02;2.2132730e-01;1.4750000e+02;1.9287729e-01;1.4750000e+02;1.4665811e-01;1.4750000e+02;9.4674103e-02;1.4750000e+02;4.8890684e-02;1.4750000e+02;7.0468723e-03;1.4750000e+02;-4.1711856e-02;1.4750000e+02;-8.1189252e-02;1.4750000e+02;-1.2618534e-01;1.4750000e+02;-6.8914019e-02;1.4750000e+02;-5.3413227e-02;1.4750000e+02;-1.1700049e-02;1.4750000e+02;6.3884959e-02;1.4750000e+02;1.6120335e-01;1.4750000e+02;2.3945969e-01;1.4750000e+02;2.6129231e-01;1.4750000e+02;2.2798689e-01;1.4750000e+02;1.7867021e-01;1.4750000e+02;2.2132730e-01;1.4750000e+02;1.9287729e-01;1.4750000e+02;1.4665811e-01;1.4750000e+02;9.4674103e-02;1.4750000e+02;4.8890684e-02;1.4750000e+02;7.0468723e-03;1.4750000e+02;-4.1711856e-02;1.4750000e+02;-8.1189252e-02;1.4750000e+02;-1.2618534e-01;1.4750000e+02;-6.8914019e-02;1.4750000e+02;-5.3413227e-02;1.4750000e+02;-1.1700049e-02;1.4750000e+02;6.3884959e-02;1.4750000e+02;1.6120335e-01;1.4750000e+02;2.3945969e-01;1.4750000e+02;2.6129231e-01;1.4750000e+02;2.2798689e-01;1.4750000e+02;1.7867021e-01;1.4750000e+02;2.2132730e-01;1.4750000e+02;1.9287729e-01;1.4750000e+02;1.4665811e-01;1.4750000e+02;9.4674103e-02;1.4750000e+02;4.8890684e-02;1.4750000e+02;7.0468723e-03;1.4750000e+02;-4.1711856e-02;1.4750000e+02;-8.1189252e-02;1.4750000e+02;-1.2618534e-01;1.4750000e+02;-6.8914019e-02;1.4750000e+02;-5.3413227e-02;1.4750000e+02;-1.1700049e-02;1.4750000e+02;6.3884959e-02;1.4750000e+02;1.6120335e-01;1.4750000e+02;2.3945969e-01;1.4750000e+02;2.6129231e-01;1.4750000e+02;2.2798689e-01;1.4750000e+02;1.7867021e-01;1.4750000e+02;2.2132730e-01;1.4750000e+02;1.9287729e-01;1.4750000e+02;1.4665811e-01;1.4750000e+02;9.4674103e-02;1.4750000e+02;4.8890684e-02;1.4750000e+02;7.0468723e-03;1.4750000e+02;-4.1711856e-02;1.4750000e+02;-8.1189252e-02;1.4750000e+02;-1.2618534e-01;1.4750000e+02;-6.8914019e-02;1.4750000e+02;-5.3413227e-02;1.4750000e+02;-1.1700049e-02;1.4750000e+02;6.3884959e-02;1.4750000e+02;1.6120335e-01;1.4750000e+02;2.3945969e-01;1.4750000e+02;2.6129231e-01;1.4750000e+02;2.2798689e-01;1.4750000e+02;1.7867021e-01;1.4750000e+02;2.2132730e-01;1.4750000e+02;1.9287729e-01;1.4750000e+02;1.4665811e-01;1.4750000e+02;9.4674103e-02;1.4750000e+02;4.8890684e-02;1.4750000e+02;7.0468723e-03;1.4750000e+02;-4.1711856e-02;1.4750000e+02;-8.1189252e-02;1.4750000e+02;-1.2618534e-01;1.4750000e+02;-6.8914019e-02;1.4750000e+02;-5.3413227e-02;1.4750000e+02;-1.1700049e-02;1.4750000e+02;6.3884959e-02;1.4750000e+02;1.6120335e-01;1.4750000e+02;2.3945969e-01;1.4750000e+02;2.6129231e-01;1.4750000e+02;2.2798689e-01;1.4750000e+02;1.7867021e-01;1.4750000e+02;2.2132730e-01;1.4750000e+02;1.9287729e-01;1.4750000e+02;1.4665811e-01;1.4750000e+02;9.4674103e-02;1.4750000e+02;4.8890684e-02;1.4750000e+02;7.0468723e-03;1.4750000e+02;-4.1711856e-02;1.4750000e+02;-8.1189252e-02;1.4750000e+02;-1.2618534e-01;1.4750000e+02;-6.8914019e-02;1.4750000e+02;-5.3413227e-02;1.4750000e+02;-1.1700049e-02;1.4750000e+02;6.3884959e-02;1.4750000e+02;1.6120335e-01;1.4750000e+02;2.3945969e-01;1.4750000e+02;2.6129231e-01;1.4750000e+02;2.2798689e-01;1.4750000e+02;1.7867021e-01;1.4750000e+02;2.2132730e-01;1.4750000e+02;1.9287729e-01;1.4750000e+02;1.4665811e-01;1.4750000e+02;9.4674103e-02;1.4750000e+02;4.8890684e-02;1.4750000e+02;7.0468723e-03;1.4750000e+02;-4.1711856e-02;1.4750000e+02;-8.1189252e-02;1.4750000e+02;-1.2618534e-01;1.4750000e+02;-6.8914019e-02;1.4750000e+02;-5.3413227e-02;1.4750000e+02;-1.1700049e-02;1.4750000e+02;6.3884959e-02;1.4750000e+02;1.6120335e-01;1.4750000e+02;2.3945969e-01;1.4750000e+02;2.6129231e-01;1.4750000e+02;2.2798689e-01;1.4750000e+02;1.7867021e-01;1.4750000e+02;2.2132730e-01;1.4750000e+02;1.9287729e-01;1.4750000e+02;1.4665811e-01;1.4750000e+02;9.4674103e-02;1.4750000e+02;4.8890684e-02;1.4750000e+02;7.0468723e-03;1.4750000e+02;-4.1711856e-02;1.4750000e+02;-8.1189252e-02;1.4750000e+02;-1.2618534e-01;1.4750000e+02;-6.8914019e-02;1.4750000e+02;-5.3413227e-02;1.4750000e+02;-1.1700049e-02;1.4750000e+02;6.3884959e-02;1.4750000e+02;1.6120335e-01;1.4750000e+02;2.3945969e-01;1.4750000e+02;2.6129231e-01;1.4750000e+02;2.2798689e-01;1.4750000e+02;1.7867021e-01;1.4750000e+02;2.2132730e-01;1.4750000e+02;1.9287729e-01;1.4750000e+02;1.4665811e-01;1.4750000e+02;9.4674103e-02;1.4750000e+02;4.8890684e-02;1.4750000e+02;7.0468723e-03;1.4750000e+02;-4.1711856e-02;1.4750000e+02;-8.1189252e-02;1.4750000e+02;-1.2618534e-01;1.4750000e+02;-6.8914019e-02;1.4750000e+02;-5.3413227e-02;1.4750000e+02;-1.1700049e-02;1.4750000e+02;6.3884959e-02;1.4750000e+02;1.6120335e-01;1.4750000e+02;2.3945969e-01;1.4750000e+02;2.6129231e-01;1.4750000e+02;2.2798689e-01;1.4750000e+02;1.7867021e-01;1.4750000e+02;2.2132730e-01;1.4750000e+02;1.9287729e-01;1.4750000e+02;1.4665811e-01;1.4750000e+02;9.4674103e-02;1.4750000e+02;4.8890684e-02;1.4750000e+02;7.0468723e-03;1.4750000e+02;-4.1711856e-02;1.4750000e+02;-8.1189252e-02;1.4750000e+02;-1.2618534e-01;1.4750000e+02;-6.8914019e-02;1.4750000e+02;-5.3413227e-02;1.4750000e+02;-1.1700049e-02;1.4750000e+02;6.3884959e-02;1.4750000e+02;1.6120335e-01;1.4750000e+02;2.3945969e-01;1.4750000e+02;2.6129231e-01;1.4750000e+02;2.2798689e-01;1.4750000e+02;1.7867021e-01;1.4750000e+02;2.2132730e-01;1.4750000e+02;1.9287729e-01;1.4750000e+02;1.4665811e-01;1.4750000e+02;9.4674103e-02;1.4750000e+02;4.8890684e-02;1.4750000e+02;7.0468723e-03;1.4750000e+02;-4.1711856e-02;1.4750000e+02;-8.1189252e-02;1.4750000e+02;-1.2618534e-01;1.4750000e+02;-6.8914019e-02;1.4750000e+02;-5.3413227e-02;1.4750000e+02;-1.1700049e-02;1.4750000e+02;6.3884959e-02;1.4750000e+02;1.6120335e-01;1.4750000e+02;2.3945969e-01;1.4750000e+02;2.6129231e-01;1.4750000e+02;2.2798689e-01;1.4750000e+02;1.7867021e-01;1.4750000e+02;2.2132730e-01;1.4750000e+02;1.9287729e-01;1.4750000e+02;1.4665811e-01;1.4750000e+02;9.4674103e-02;1.4750000e+02;4.8890684e-02;1.4750000e+02;7.0468723e-03;1.4750000e+02;-4.1711856e-02;1.4750000e+02;-8.1189252e-02;1.4750000e+02;-1.2618534e-01;1.4750000e+02;-6.8914019e-02;1.4750000e+02;-5.3413227e-02;1.4750000e+02;-1.1700049e-02;1.4750000e+02;6.3884959e-02;1.4750000e+02;1.6120335e-01;1.4750000e+02;2.3945969e-01;1.4750000e+02;2.6129231e-01;1.4750000e+02;2.2798689e-01;1.4750000e+02;1.7867021e-01;1.4750000e+02;2.2132730e-01;1.4750000e+02;1.9287729e-01;1.4750000e+02;1.4665811e-01;1.4750000e+02;9.4674103e-02;1.4750000e+02;4.8890684e-02;1.4750000e+02;7.0468723e-03;1.4750000e+02;-4.1711856e-02;1.4750000e+02;-8.1189252e-02;1.4750000e+02;-1.2618534e-01;1.4750000e+02;-6.8914019e-02;1.4750000e+02;-5.3413227e-02;1.4750000e+02;-1.1700049e-02;1.4750000e+02;6.3884959e-02;1.4750000e+02;1.6120335e-01;1.4750000e+02;2.3945969e-01;1.4750000e+02;2.6129231e-01;1.4750000e+02;2.2798689e-01;1.4750000e+02;1.7867021e-01;1.4750000e+02;2.2132730e-01;1.4750000e+02;1.9287729e-01;1.4750000e+02;1.4665811e-01;1.4750000e+02;9.4674103e-02;1.4750000e+02;4.8890684e-02;1.4750000e+02;7.0468723e-03;1.4750000e+02;-4.1711856e-02;1.4750000e+02;-8.1189252e-02;1.4750000e+02;-1.2618534e-01;1.4750000e+02;-6.8914019e-02;1.4750000e+02;-5.3413227e-02;1.4750000e+02;-1.1700049e-02;1.4750000e+02;6.3884959e-02;1.4750000e+02;1.6120335e-01;1.4750000e+02;2.3945969e-01;1.4750000e+02;2.6129231e-01;1.4750000e+02;2.2798689e-01;1.4750000e+02;1.7867021e-01;1.4750000e+02;2.2132730e-01;1.4750000e+02;1.9287729e-01;1.4750000e+02;1.4665811e-01;1.4750000e+02;9.4674103e-02;1.4750000e+02;4.8890684e-02;1.4750000e+02;7.0468723e-03;1.4750000e+02;-4.1711856e-02;1.4750000e+02;-8.1189252e-02;1.4750000e+02;-1.2618534e-01;1.4750000e+02;-6.8914019e-02;1.4750000e+02;-5.3413227e-02;1.4750000e+02;-1.1700049e-02;1.4750000e+02;6.3884959e-02;1.4750000e+02;1.6120335e-01;1.4750000e+02;2.3945969e-01;1.4750000e+02;2.6129231e-01;1.4750000e+02;2.2798689e-01;1.4750000e+02;1.7867021e-01;1.4750000e+02;2.2132730e-01;1.4750000e+02;1.9287729e-01;1.4750000e+02;1.4665811e-01;1.4750000e+02;9.4674103e-02;1.4750000e+02;4.8890684e-02;1.4750000e+02;7.0468723e-03;1.4750000e+02;-4.1711856e-02;1.4750000e+02;-8.1189252e-02;1.4750000e+02;-1.2618534e-01;1.4750000e+02;-6.8914019e-02;1.4750000e+02;-5.3413227e-02;1.4750000e+02;-1.1700049e-02;1.4750000e+02;6.3884959e-02;1.4750000e+02;1.6120335e-01;1.4750000e+02;2.3945969e-01;1.4750000e+02;2.6129231e-01;1.4750000e+02;2.2798689e-01;1.4750000e+02;1.7867021e-01;1.4750000e+02;2.2132730e-01;1.4750000e+02;1.9287729e-01;1.4750000e+02;1.4665811e-01;1.4750000e+02;9.4674103e-02;1.4750000e+02;4.8890684e-02;1.4750000e+02;7.0468723e-03;1.4750000e+02;-4.1711856e-02;1.4750000e+02;-8.1189252e-02;1.4750000e+02;-1.2618534e-01;1.4750000e+02;-6.8914019e-02;1.4750000e+02;-5.3413227e-02;1.4750000e+02;-1.1700049e-02;1.4750000e+02;6.3884959e-02;1.4750000e+02;1.6120335e-01;1.4750000e+02;2.3945969e-01;1.4750000e+02;2.6129231e-01;1.4750000e+02;2.2798689e-01;1.4750000e+02;1.7867021e-01;1.4750000e+02;2.2132730e-01;1.4750000e+02;1.9287729e-01;1.4750000e+02;1.4665811e-01;1.4750000e+02;9.4674103e-02;1.4750000e+02;4.8890684e-02;1.4750000e+02;7.0468723e-03;1.4750000e+02;-4.1711856e-02;1.4750000e+02;-8.1189252e-02;1.4750000e+02;-1.2618534e-01;1.4750000e+02;-6.8914019e-02;1.4750000e+02;-5.3413227e-02;1.4750000e+02;-1.1700049e-02;1.4750000e+02;6.3884959e-02;1.4750000e+02;1.6120335e-01;1.4750000e+02;2.3945969e-01;1.4750000e+02;2.6129231e-01;1.4750000e+02;2.2798689e-01;1.4750000e+02;1.7867021e-01;1.4750000e+02;2.2132730e-01;1.4750000e+02;1.9287729e-01;1.4750000e+02;1.4665811e-01;1.4750000e+02;9.4674103e-02;1.4750000e+02;4.8890684e-02;1.4750000e+02;7.0468723e-03;1.4750000e+02;-4.1711856e-02;1.4750000e+02;-8.1189252e-02;1.4750000e+02;-1.2618534e-01;1.4750000e+02;-6.8914019e-02;1.4750000e+02;-5.3413227e-02;1.4750000e+02;-1.1700049e-02;1.4750000e+02;6.3884959e-02;1.4750000e+02;1.6120335e-01;1.4750000e+02;2.3945969e-01;1.4750000e+02;2.6129231e-01;1.4750000e+02;2.2798689e-01;1.4750000e+02;1.7867021e-01;1.4750000e+02;2.2132730e-01;1.4750000e+02;1.9287729e-01;1.4750000e+02;1.4665811e-01;1.4750000e+02;9.4674103e-02;1.4750000e+02;4.8890684e-02;1.4750000e+02;7.0468723e-03;1.4750000e+02;-4.1711856e-02;1.4750000e+02;-8.1189252e-02;1.4750000e+02;-1.2618534e-01;1.4750000e+02;-6.8914019e-02;1.4750000e+02;-5.3413227e-02;1.4750000e+02;-1.1700049e-02;1.4750000e+02;6.3884959e-02;1.4750000e+02;1.6120335e-01;1.4750000e+02;2.3945969e-01;1.4750000e+02;2.6129231e-01;1.4750000e+02;2.2798689e-01;1.4750000e+02;1.7867021e-01;1.4750000e+02;2.2132730e-01;1.4750000e+02;1.9287729e-01;1.4750000e+02;1.4665811e-01;1.4750000e+02;9.4674103e-02;1.4750000e+02;4.8890684e-02;1.4750000e+02;7.0468723e-03;1.4750000e+02;-4.1711856e-02;1.4750000e+02;-8.1189252e-02;1.4750000e+02;-1.2618534e-01;1.4750000e+02;-6.8914019e-02;1.4750000e+02;-5.3413227e-02;1.4750000e+02;-1.1700049e-02;1.4750000e+02;6.3884959e-02;1.4750000e+02;1.6120335e-01;1.4750000e+02;2.3945969e-01;1.4750000e+02;2.6129231e-01;1.4750000e+02;2.2798689e-01;1.4750000e+02;1.7867021e-01;1.4750000e+02;2.2132730e-01;1.4750000e+02;1.9287729e-01;1.4750000e+02;1.4665811e-01;1.4750000e+02;9.4674103e-02;1.4750000e+02;4.8890684e-02;1.4750000e+02;7.0468723e-03;1.4750000e+02;-4.1711856e-02;1.4750000e+02;-8.1189252e-02;1.4750000e+02;-1.2618534e-01;1.4750000e+02;-6.8914019e-02;1.4750000e+02;-5.3413227e-02;1.4750000e+02;-1.1700049e-02;1.4750000e+02;6.3884959e-02;1.4750000e+02;1.6120335e-01;1.4750000e+02;2.3945969e-01;1.4750000e+02;2.6129231e-01;1.4750000e+02;2.2798689e-01;1.4750000e+02;1.7867021e-01;1.4750000e+02;2.2132730e-01;1.4750000e+02;1.9287729e-01;1.4750000e+02;1.4665811e-01;1.4750000e+02;9.4674103e-02;1.4750000e+02;4.8890684e-02;1.4750000e+02;7.0468723e-03;1.4750000e+02;-4.1711856e-02;1.4750000e+02;-8.1189252e-02;1.4750000e+02;-1.2618534e-01;1.4750000e+02;-6.8914019e-02;1.4750000e+02;-5.3413227e-02;1.4750000e+02;-1.1700049e-02;1.4750000e+02;6.3884959e-02;1.4750000e+02;1.6120335e-01;1.4750000e+02;2.3945969e-01;1.4750000e+02;2.6129231e-01;1.4750000e+02;2.2798689e-01;1.4750000e+02;1.7867021e-01;1.4750000e+02;2.2132730e-01;1.4750000e+02;1.9287729e-01;1.4750000e+02;1.4665811e-01;1.4750000e+02;9.4674103e-02;1.4750000e+02;4.8890684e-02;1.4750000e+02;7.0468723e-03;1.4750000e+02;-4.1711856e-02;1.4750000e+02;-8.1189252e-02;1.4750000e+02;-1.2618534e-01;1.4750000e+02;-6.8914019e-02;1.4750000e+02;-5.3413227e-02;1.4750000e+02;-1.1700049e-02;1.4750000e+02;6.3884959e-02;1.4750000e+02;1.6120335e-01;1.4750000e+02;2.3945969e-01;1.4750000e+02;2.6129231e-01;1.4750000e+02;2.2798689e-01;1.4750000e+02;1.7867021e-01;1.4750000e+02;2.2132730e-01;1.4750000e+02;1.9287729e-01;1.4750000e+02;1.4665811e-01;1.4750000e+02;9.4674103e-02;1.4750000e+02;4.8890684e-02;1.4750000e+02;7.0468723e-03;1.4750000e+02;-4.1711856e-02;1.4750000e+02;-8.1189252e-02;1.4750000e+02;-1.2618534e-01;1.4750000e+02;-6.8914019e-02;1.4750000e+02;-5.3413227e-02;1.4750000e+02;-1.1700049e-02;1.4750000e+02;6.3884959e-02;1.4750000e+02;1.6120335e-01;1.4750000e+02;2.3945969e-01;1.4750000e+02;2.6129231e-01;1.4750000e+02;2.2798689e-01;1.4750000e+02;1.7867021e-01;1.4750000e+02;2.2132730e-01;1.4750000e+02;1.9287729e-01;1.4750000e+02;1.4665811e-01;1.4750000e+02;9.4674103e-02;1.4750000e+02;4.8890684e-02;1.4750000e+02;7.0468723e-03;1.4750000e+02;-4.1711856e-02;1.4750000e+02;-8.1189252e-02;1.4750000e+02;-1.2618534e-01;1.4750000e+02;-6.8914019e-02;1.4750000e+02;-5.3413227e-02;1.4750000e+02;-1.1700049e-02;1.4750000e+02;6.3884959e-02;1.4750000e+02;1.6120335e-01;1.4750000e+02;2.3945969e-01;1.4750000e+02;2.6129231e-01;1.4750000e+02;2.2798689e-01;1.4750000e+02;1.7867021e-01;1.4750000e+02;2.2132730e-01;1.4750000e+02;1.9287729e-01;1.4750000e+02;1.4665811e-01;1.4750000e+02;9.4674103e-02;1.4750000e+02;4.8890684e-02;1.4750000e+02;7.0468723e-03;1.4750000e+02;-4.1711856e-02;1.4750000e+02;-8.1189252e-02;1.4750000e+02;-1.2618534e-01;1.4750000e+02;-6.8914019e-02;1.4750000e+02;-5.3413227e-02;1.4750000e+02;-1.1700049e-02;1.4750000e+02;6.3884959e-02;1.4750000e+02;1.6120335e-01;1.4750000e+02;2.3945969e-01;1.4750000e+02;2.6129231e-01;1.4750000e+02;2.2798689e-01;1.4750000e+02;1.7867021e-01;1.4750000e+02;2.2132730e-01;1.4750000e+02;1.9287729e-01;1.4750000e+02;1.4665811e-01;1.4750000e+02;9.4674103e-02;1.4750000e+02;4.8890684e-02;1.4750000e+02;7.0468723e-03;1.4750000e+02;-4.1711856e-02;1.4750000e+02;-8.1189252e-02;1.4750000e+02;-1.2618534e-01;1.4750000e+02;-6.8914019e-02;1.4750000e+02;-5.3413227e-02;1.4750000e+02;-1.1700049e-02;1.4750000e+02;6.3884959e-02;1.4750000e+02;1.6120335e-01;1.4750000e+02;2.3945969e-01;1.4750000e+02;2.6129231e-01;1.4750000e+02;2.2798689e-01;1.4750000e+02;1.7867021e-01;1.4750000e+02;2.2132730e-01;1.4750000e+02;1.9287729e-01;1.4750000e+02;1.4665811e-01;1.4750000e+02;9.4674103e-02;1.4750000e+02;4.8890684e-02;1.4750000e+02;7.0468723e-03;1.4750000e+02;-4.1711856e-02;1.4750000e+02;-8.1189252e-02;1.4750000e+02;-1.2618534e-01;1.4750000e+02;-6.8914019e-02;1.4750000e+02;-5.3413227e-02;1.4750000e+02;-1.1700049e-02;1.4750000e+02;6.3884959e-02;1.4750000e+02;1.6120335e-01;1.4750000e+02;2.3945969e-01;1.4750000e+02;2.6129231e-01;1.4750000e+02;2.2798689e-01;1.4750000e+02;1.7867021e-01;1.4750000e+02;2.2132730e-01;1.4750000e+02;1.9287729e-01;1.4750000e+02;1.4665811e-01;1.4750000e+02;9.4674103e-02;1.4750000e+02;4.8890684e-02;1.4750000e+02;7.0468723e-03;1.4750000e+02;-4.1711856e-02;1.4750000e+02;-8.1189252e-02;1.4750000e+02;-1.2618534e-01;1.4750000e+02;-6.8914019e-02;1.4750000e+02;-5.3413227e-02;1.4750000e+02;-1.1700049e-02;1.4750000e+02;6.3884959e-02;1.4750000e+02;1.6120335e-01;1.4750000e+02;2.3945969e-01;1.4750000e+02;2.6129231e-01;1.4750000e+02;2.2798689e-01;1.4750000e+02;1.7867021e-01;1.4750000e+02;2.2132730e-01;1.4750000e+02;1.9287729e-01;1.4750000e+02;1.4665811e-01;1.4750000e+02;9.4674103e-02;1.4750000e+02;4.8890684e-02;1.4750000e+02;7.0468723e-03;1.4750000e+02;-4.1711856e-02;1.4750000e+02;-8.1189252e-02;1.4750000e+02;-1.2618534e-01;1.4750000e+02;-6.8914019e-02;1.4750000e+02;-5.3413227e-02;1.4750000e+02;-1.1700049e-02;1.4750000e+02;6.3884959e-02;1.4750000e+02;1.6120335e-01;1.4750000e+02;2.3945969e-01;1.4750000e+02;2.6129231e-01;1.4750000e+02;2.2798689e-01;1.4750000e+02;1.7867021e-01;1.4750000e+02;2.2132730e-01;1.4750000e+02;1.9287729e-01;1.4750000e+02;1.4665811e-01;1.4750000e+02;9.4674103e-02;1.4750000e+02;4.8890684e-02;1.4750000e+02;7.0468723e-03;1.4750000e+02;-4.1711856e-02;1.4750000e+02;-8.1189252e-02;1.4750000e+02;-1.2618534e-01;1.4750000e+02;-6.8914019e-02;1.4750000e+02;-5.3413227e-02;1.4750000e+02;-1.1700049e-02;1.4750000e+02;6.3884959e-02;1.4750000e+02;1.6120335e-01;1.4750000e+02;2.3945969e-01;1.4750000e+02;2.6129231e-01;1.4750000e+02;2.2798689e-01;1.4750000e+02;1.7867021e-01;1.4750000e+02;2.2132730e-01;1.4750000e+02;1.9287729e-01;1.4750000e+02;1.4665811e-01;1.4750000e+02;9.4674103e-02;1.4750000e+02;4.8890684e-02;1.4750000e+02;7.0468723e-03;1.4750000e+02;-4.1711856e-02;1.4750000e+02;-8.1189252e-02;1.4750000e+02;-1.2618534e-01;1.4750000e+02;-6.8914019e-02;1.4750000e+02;-5.3413227e-02;1.4750000e+02;-1.1700049e-02;1.4750000e+02;6.3884959e-02;1.4750000e+02;1.6120335e-01;1.4750000e+02;2.3945969e-01;1.4750000e+02;2.6129231e-01;1.4750000e+02;2.2798689e-01;1.4750000e+02;1.7867021e-01;1.4750000e+02;2.2132730e-01;1.4750000e+02;1.9287729e-01;1.4750000e+02;1.4665811e-01;1.4750000e+02;9.4674103e-02;1.4750000e+02;4.8890684e-02;1.4750000e+02;7.0468723e-03;1.4750000e+02;-4.1711856e-02;1.4750000e+02;-8.1189252e-02;1.4750000e+02;-1.2618534e-01;1.4750000e+02;-6.8914019e-02;1.4750000e+02;-5.3413227e-02;1.4750000e+02;-1.1700049e-02;1.4750000e+02;6.3884959e-02;1.4750000e+02;1.6120335e-01;1.4750000e+02;2.3945969e-01;1.4750000e+02;2.6129231e-01;1.4750000e+02;2.2798689e-01;1.4750000e+02;1.7867021e-01;1.4750000e+02;2.2132730e-01;1.4750000e+02;1.9287729e-01;1.4750000e+02;1.4665811e-01;1.4750000e+02;9.4674103e-02;1.4750000e+02;4.8890684e-02;1.4750000e+02;7.0468723e-03;1.4750000e+02;-4.1711856e-02;1.4750000e+02;-8.1189252e-02;1.4750000e+02;-1.2618534e-01;1.4750000e+02;-6.8914019e-02;1.4750000e+02;-5.3413227e-02;1.4750000e+02;-1.1700049e-02;1.4750000e+02;6.3884959e-02;1.4750000e+02;1.6120335e-01;1.4750000e+02;2.3945969e-01;1.4750000e+02;2.6129231e-01;1.4750000e+02;2.2798689e-01;1.4750000e+02;1.7867021e-01;1.4750000e+02;2.2132730e-01;1.4750000e+02;1.9287729e-01;1.4750000e+02;1.4665811e-01;1.4750000e+02;9.4674103e-02;1.4750000e+02;4.8890684e-02;1.4750000e+02;7.0468723e-03;1.4750000e+02;-4.1711856e-02;1.4750000e+02;-8.1189252e-02;1.4750000e+02;-1.2618534e-01;1.4750000e+02;-6.8914019e-02;1.4750000e+02;-5.3413227e-02;1.4750000e+02;-1.1700049e-02;1.4750000e+02;6.3884959e-02;1.4750000e+02;1.6120335e-01;1.4750000e+02;2.3945969e-01;1.4750000e+02;2.6129231e-01;1.4750000e+02;2.2798689e-01;1.4750000e+02;1.7867021e-01;1.4750000e+02;2.2132730e-01;1.4750000e+02;1.9287729e-01;1.4750000e+02;1.4665811e-01;1.4750000e+02;9.4674103e-02;1.4750000e+02;4.8890684e-02;1.4750000e+02;7.0468723e-03;1.4750000e+02;-4.1711856e-02;1.4750000e+02;-8.1189252e-02;1.4750000e+02;-1.2618534e-01;1.4750000e+02;-6.8914019e-02;1.4750000e+02;-5.3413227e-02;1.4750000e+02;-1.1700049e-02;1.4750000e+02;6.3884959e-02;1.4750000e+02;1.6120335e-01;1.4750000e+02;2.3945969e-01;1.4750000e+02;2.6129231e-01;1.4750000e+02;2.2798689e-01;1.4750000e+02;1.7867021e-01;1.4750000e+02;2.2132730e-01;1.4750000e+02;1.9287729e-01;1.4750000e+02;1.4665811e-01;1.4750000e+02;9.4674103e-02;1.4750000e+02;4.8890684e-02;1.4750000e+02;7.0468723e-03;1.4750000e+02;-4.1711856e-02;1.4750000e+02;-8.1189252e-02;1.4750000e+02;-1.2618534e-01;1.4750000e+02;-6.8914019e-02;1.4750000e+02;-5.3413227e-02;1.4750000e+02;-1.1700049e-02;1.4750000e+02;6.3884959e-02;1.4750000e+02;1.6120335e-01;1.4750000e+02;2.3945969e-01;1.4750000e+02;2.6129231e-01;1.4750000e+02;2.2798689e-01;1.4750000e+02;1.7867021e-01;1.4750000e+02;2.2132730e-01;1.4750000e+02;1.9287729e-01;1.4750000e+02;1.4665811e-01;1.4750000e+02;9.4674103e-02;1.4750000e+02;4.8890684e-02;1.4750000e+02;7.0468723e-03;1.4750000e+02;-4.1711856e-02;1.4750000e+02;-8.1189252e-02;1.4750000e+02;-1.2618534e-01;1.4750000e+02;-6.8914019e-02;1.4750000e+02;-5.3413227e-02;1.4750000e+02;-1.1700049e-02;1.4750000e+02;6.3884959e-02;1.4750000e+02;1.6120335e-01;1.4750000e+02;2.3945969e-01;1.4750000e+02;2.6129231e-01;1.4750000e+02;2.2798689e-01;1.4750000e+02;1.7867021e-01;1.4750000e+02;2.2132730e-01;1.4750000e+02;1.9287729e-01;1.4750000e+02;1.4665811e-01;1.4750000e+02;9.4674103e-02;1.4750000e+02;4.8890684e-02;1.4750000e+02;7.0468723e-03;1.4750000e+02;-4.1711856e-02;1.4750000e+02;-8.1189252e-02;1.4750000e+02;-1.2618534e-01;1.4750000e+02;-6.8914019e-02;1.4750000e+02;-5.3413227e-02;1.4750000e+02;-1.1700049e-02;1.4750000e+02;6.3884959e-02;1.4750000e+02;1.6120335e-01;1.4750000e+02;2.3945969e-01;1.4750000e+02;2.6129231e-01;1.4750000e+02;2.2798689e-01;1.4750000e+02;1.7867021e-01;1.4750000e+02;2.2132730e-01;1.4750000e+02;1.9287729e-01;1.4750000e+02;1.4665811e-01;1.4750000e+02;9.4674103e-02;1.4750000e+02;4.8890684e-02;1.4750000e+02;7.0468723e-03;1.4750000e+02;-4.1711856e-02;1.4750000e+02;-8.1189252e-02;1.4750000e+02;-1.2618534e-01;1.4750000e+02;-6.8914019e-02;1.4750000e+02;-5.3413227e-02;1.4750000e+02;-1.1700049e-02;1.4750000e+02;6.3884959e-02;1.4750000e+02;1.6120335e-01;1.4750000e+02;2.3945969e-01;1.4750000e+02;2.6129231e-01;1.4750000e+02;2.2798689e-01;1.4750000e+02;1.7867021e-01;1.4750000e+02;2.2132730e-01;1.4750000e+02;1.9287729e-01;1.4750000e+02;1.4665811e-01;1.4750000e+02;9.4674103e-02;1.4750000e+02;4.8890684e-02;1.4750000e+02;7.0468723e-03;1.4750000e+02;-4.1711856e-02;1.4750000e+02;-8.1189252e-02;1.4750000e+02;-1.2618534e-01;1.4750000e+02;-6.8914019e-02;1.4750000e+02;-5.3413227e-02;1.4750000e+02;-1.1700049e-02;1.4750000e+02;6.3884959e-02;1.4750000e+02;1.6120335e-01;1.4750000e+02;2.3945969e-01;1.4750000e+02;2.6129231e-01;1.4750000e+02;2.2798689e-01;1.4750000e+02;1.7867021e-01;1.4750000e+02;2.2132730e-01;1.4750000e+02;1.9287729e-01;1.4750000e+02;1.4665811e-01;1.4750000e+02;9.4674103e-02;1.4750000e+02;4.8890684e-02;1.4750000e+02;7.0468723e-03;1.4750000e+02;-4.1711856e-02;1.4750000e+02;-8.1189252e-02;1.4750000e+02;-1.2618534e-01;1.4750000e+02;-6.8914019e-02;1.4750000e+02;-5.3413227e-02;1.4750000e+02;-1.1700049e-02;1.4750000e+02;6.3884959e-02;1.4750000e+02;1.6120335e-01;1.4750000e+02;2.3945969e-01;1.4750000e+02;2.6129231e-01;1.4750000e+02;2.2798689e-01;1.4750000e+02;1.7867021e-01;1.4750000e+02;2.2132730e-01;1.4750000e+02;1.9287729e-01;1.4750000e+02;1.4665811e-01;1.4750000e+02;9.4674103e-02;1.4750000e+02;4.8890684e-02;1.4750000e+02;7.0468723e-03;1.4750000e+02;-4.1711856e-02;1.4750000e+02;-8.1189252e-02;1.4750000e+02;-1.2618534e-01;1.4750000e+02;-6.8914019e-02;1.4750000e+02;-5.3413227e-02;1.4750000e+02;-1.1700049e-02;1.4750000e+02;6.3884959e-02;1.4750000e+02;1.6120335e-01;1.4750000e+02;2.3945969e-01;1.4750000e+02;2.6129231e-01;1.4750000e+02;2.2798689e-01;1.4750000e+02;1.7867021e-01;1.4750000e+02;2.2132730e-01;1.4750000e+02;1.9287729e-01;1.4750000e+02;1.4665811e-01;1.4750000e+02;9.4674103e-02;1.4750000e+02;4.8890684e-02;1.4750000e+02;7.0468723e-03;1.4750000e+02;-4.1711856e-02;1.4750000e+02;-8.1189252e-02;1.4750000e+02;-1.2618534e-01;1.4750000e+02;-6.8914019e-02;1.4750000e+02;-5.3413227e-02;1.4750000e+02;-1.1700049e-02;1.4750000e+02;6.3884959e-02;1.4750000e+02;1.6120335e-01;1.4750000e+02;2.3945969e-01;1.4750000e+02;2.6129231e-01;1.4750000e+02;2.2798689e-01;1.4750000e+02;1.7867021e-01;1.4750000e+02;2.2132730e-01;1.4750000e+02;1.9287729e-01;1.4750000e+02;1.4665811e-01;1.4750000e+02;9.4674103e-02;1.4750000e+02;4.8890684e-02;1.4750000e+02;7.0468723e-03;1.4750000e+02;-4.1711856e-02;1.4750000e+02;-8.1189252e-02;1.4750000e+02;-1.2618534e-01;1.4750000e+02;-6.8914019e-02;1.4750000e+02;-5.3413227e-02;1.4750000e+02;-1.1700049e-02;1.4750000e+02;6.3884959e-02;1.4750000e+02;1.6120335e-01;1.4750000e+02;2.3945969e-01;1.4750000e+02;2.6129231e-01;1.4750000e+02;2.2798689e-01;1.4750000e+02;1.7867021e-01;1.4750000e+02;2.2132730e-01;1.4750000e+02;1.9287729e-01;1.4750000e+02;1.4665811e-01;1.4750000e+02;9.4674103e-02;1.4750000e+02;4.8890684e-02;1.4750000e+02;7.0468723e-03;1.4750000e+02;-4.1711856e-02;1.4750000e+02;-8.1189252e-02;1.4750000e+02;-1.2618534e-01;1.4750000e+02;-6.8914019e-02;1.4750000e+02;-5.3413227e-02;1.4750000e+02;-1.1700049e-02;1.4750000e+02;6.3884959e-02;1.4750000e+02;1.6120335e-01;1.4750000e+02;2.3945969e-01;1.4750000e+02;2.6129231e-01;1.4750000e+02;2.2798689e-01;1.4750000e+02;1.7867021e-01;1.4750000e+02;2.2132730e-01;1.4750000e+02;1.9287729e-01;1.4750000e+02;1.4665811e-01;1.4750000e+02;9.4674103e-02;1.4750000e+02;4.8890684e-02;1.4750000e+02;7.0468723e-03;1.4750000e+02;-4.1711856e-02;1.4750000e+02;-8.1189252e-02;1.4750000e+02;-1.2618534e-01;1.4750000e+02;-6.8914019e-02;1.4750000e+02;-5.3413227e-02;1.4750000e+02;-1.1700049e-02;1.4750000e+02;6.3884959e-02;1.4750000e+02;1.6120335e-01;1.4750000e+02;2.3945969e-01;1.4750000e+02;2.6129231e-01;1.4750000e+02;2.2798689e-01;1.4750000e+02;1.7867021e-01;1.4750000e+02;2.2132730e-01;1.4750000e+02;1.9287729e-01;1.4750000e+02;1.4665811e-01;1.4750000e+02;9.4674103e-02;1.4750000e+02;4.8890684e-02;1.4750000e+02;7.0468723e-03;1.4750000e+02;-4.1711856e-02;1.4750000e+02;-8.1189252e-02;1.4750000e+02;-1.2618534e-01;1.4750000e+02;-6.8914019e-02;1.4750000e+02;-5.3413227e-02;1.4750000e+02;-1.1700049e-02;1.4750000e+02;6.3884959e-02;1.4750000e+02;1.6120335e-01;1.4750000e+02;2.3945969e-01;1.4750000e+02;2.6129231e-01;1.4750000e+02;2.2798689e-01;1.4750000e+02;1.7867021e-01;1.4750000e+02;2.2132730e-01;1.4750000e+02;1.9287729e-01;1.4750000e+02;1.4665811e-01;1.4750000e+02;9.4674103e-02;1.4750000e+02;4.8890684e-02;1.4750000e+02;7.0468723e-03;1.4750000e+02;-4.1711856e-02;1.4750000e+02;-8.1189252e-02;1.4750000e+02;-1.2618534e-01;1.4750000e+02;-6.8914019e-02;1.4750000e+02;-5.3413227e-02;1.4750000e+02;-1.1700049e-02;1.4750000e+02;6.3884959e-02;1.4750000e+02;1.6120335e-01;1.4750000e+02;2.3945969e-01;1.4750000e+02;2.6129231e-01;1.4750000e+02;2.2798689e-01;1.4750000e+02;1.7867021e-01;1.4750000e+02;2.2132730e-01;1.4750000e+02;1.9287729e-01;1.4750000e+02;1.4665811e-01;1.4750000e+02;9.4674103e-02;1.4750000e+02;4.8890684e-02;1.4750000e+02;7.0468723e-03;1.4750000e+02;-4.1711856e-02;1.4750000e+02;-8.1189252e-02;1.4750000e+02;-1.2618534e-01;1.4750000e+02;-6.8914019e-02;1.4750000e+02;-5.3413227e-02;1.4750000e+02;-1.1700049e-02;1.4750000e+02;6.3884959e-02;1.4750000e+02;1.6120335e-01;1.4750000e+02;2.3945969e-01;1.4750000e+02;2.6129231e-01;1.4750000e+02;2.2798689e-01;1.4750000e+02;1.7867021e-01;1.4750000e+02;2.2132730e-01;1.4750000e+02;1.9287729e-01;1.4750000e+02;1.4665811e-01;1.4750000e+02;9.4674103e-02;1.4750000e+02;4.8890684e-02;1.4750000e+02;7.0468723e-03;1.4750000e+02;-4.1711856e-02;1.4750000e+02;-8.1189252e-02;1.4750000e+02;-1.2618534e-01;1.4750000e+02;-6.8914019e-02;1.4750000e+02;-5.3413227e-02;1.4750000e+02;-1.1700049e-02;1.4750000e+02;6.3884959e-02;1.4750000e+02;1.6120335e-01;1.4750000e+02;2.3945969e-01;1.4750000e+02;2.6129231e-01;1.4750000e+02;2.2798689e-01;1.4750000e+02;1.7867021e-01;1.4750000e+02;2.2132730e-01;1.4750000e+02;1.9287729e-01;1.4750000e+02;1.4665811e-01;1.4750000e+02;9.4674103e-02;1.4750000e+02;4.8890684e-02;1.4750000e+02;7.0468723e-03;1.4750000e+02;-4.1711856e-02;1.4750000e+02;-8.1189252e-02;1.4750000e+02;-1.2618534e-01;1.4750000e+02;-6.8914019e-02;1.4750000e+02;-5.3413227e-02;1.4750000e+02;-1.1700049e-02;1.4750000e+02;6.3884959e-02;1.4750000e+02;1.6120335e-01;1.4750000e+02;2.3945969e-01;1.4750000e+02;2.6129231e-01;1.4750000e+02;2.2798689e-01;1.4750000e+02;1.7867021e-01;1.4750000e+02;2.2132730e-01;1.4750000e+02;1.9287729e-01;1.4750000e+02;1.4665811e-01;1.4750000e+02;9.4674103e-02;1.4750000e+02;4.8890684e-02;1.4750000e+02;7.0468723e-03;1.4750000e+02;-4.1711856e-02;1.4750000e+02;-8.1189252e-02;1.4750000e+02;-1.2618534e-01;1.4750000e+02;-6.8914019e-02;1.4750000e+02;-5.3413227e-02;1.4750000e+02;-1.1700049e-02;1.4750000e+02;6.3884959e-02;1.4750000e+02;1.6120335e-01;1.4750000e+02;2.3945969e-01;1.4750000e+02;2.6129231e-01;1.4750000e+02;2.2798689e-01;1.4750000e+02;1.7867021e-01;1.4750000e+02;2.2132730e-01;1.4750000e+02;1.9287729e-01;1.4750000e+02;1.4665811e-01;1.4750000e+02;9.4674103e-02;1.4750000e+02;4.8890684e-02;1.4750000e+02;7.0468723e-03;1.4750000e+02;-4.1711856e-02;1.4750000e+02;-8.1189252e-02;1.4750000e+02;-1.2618534e-01;1.4750000e+02;-6.8914019e-02;1.4750000e+02;-5.3413227e-02;1.4750000e+02;-1.1700049e-02;1.4750000e+02;6.3884959e-02;1.4750000e+02;1.6120335e-01;1.4750000e+02;2.3945969e-01;1.4750000e+02;2.6129231e-01;1.4750000e+02;2.2798689e-01;1.4750000e+02;1.7867021e-01;1.4750000e+02;2.2132730e-01;1.4750000e+02;1.9287729e-01;1.4750000e+02;1.4665811e-01;1.4750000e+02;9.4674103e-02;1.4750000e+02;4.8890684e-02;1.4750000e+02;7.0468723e-03;1.4750000e+02;-4.1711856e-02;1.4750000e+02;-8.1189252e-02;1.4750000e+02;-1.2618534e-01;1.4750000e+02;-6.8914019e-02;1.4750000e+02;-5.3413227e-02;1.4750000e+02;-1.1700049e-02;1.4750000e+02;6.3884959e-02;1.4750000e+02;1.6120335e-01;1.4750000e+02;2.3945969e-01;1.4750000e+02;2.6129231e-01;1.4750000e+02;2.2798689e-01;1.4750000e+02;1.7867021e-01;1.4750000e+02;2.2132730e-01;1.4750000e+02;1.9287729e-01;1.4750000e+02;1.4665811e-01;1.4750000e+02;9.4674103e-02;1.4750000e+02;4.8890684e-02;1.4750000e+02;7.0468723e-03;1.4750000e+02;-4.1711856e-02;1.4750000e+02;-8.1189252e-02;1.4750000e+02;-1.2618534e-01;1.4750000e+02;-6.8914019e-02;1.4750000e+02;-5.3413227e-02;1.4750000e+02;-1.1700049e-02;1.4750000e+02;6.3884959e-02;1.4750000e+02;1.6120335e-01;1.4750000e+02;2.3945969e-01;1.4750000e+02;2.6129231e-01;1.4750000e+02;2.2798689e-01;1.4750000e+02;1.7867021e-01;1.4750000e+02;2.2132730e-01;1.4750000e+02;1.9287729e-01;1.4750000e+02;1.4665811e-01;1.4750000e+02;9.4674103e-02;1.4750000e+02;4.8890684e-02;1.4750000e+02;7.0468723e-03;1.4750000e+02;-4.1711856e-02;1.4750000e+02;-8.1189252e-02;1.4750000e+02;-1.2618534e-01;1.4750000e+02;-6.8914019e-02;1.4750000e+02;-5.3413227e-02;1.4750000e+02;-1.1700049e-02;1.4750000e+02;6.3884959e-02;1.4750000e+02;1.6120335e-01;1.4750000e+02;2.3945969e-01;1.4750000e+02;2.6129231e-01;1.4750000e+02;2.2798689e-01;1.4750000e+02;1.7867021e-01;1.4750000e+02;2.2132730e-01;1.4750000e+02;1.9287729e-01;1.4750000e+02;1.4665811e-01;1.4750000e+02;9.4674103e-02;1.4750000e+02;4.8890684e-02;1.4750000e+02;7.0468723e-03;1.4750000e+02;-4.1711856e-02;1.4750000e+02;-8.1189252e-02;1.4750000e+02;-1.2618534e-01;1.4750000e+02;-6.8914019e-02;1.4750000e+02;-5.3413227e-02;1.4750000e+02;-1.1700049e-02;1.4750000e+02;6.3884959e-02;1.4750000e+02;1.6120335e-01;1.4750000e+02;2.3945969e-01;1.4750000e+02;2.6129231e-01;1.4750000e+02;2.2798689e-01;1.4750000e+02;1.7867021e-01;1.4750000e+02;2.2132730e-01;1.4750000e+02;1.9287729e-01;1.4750000e+02;1.4665811e-01;1.4750000e+02;9.4674103e-02;1.4750000e+02;4.8890684e-02;1.4750000e+02;7.0468723e-03;1.4750000e+02;-4.1711856e-02;1.4750000e+02;-8.1189252e-02;1.4750000e+02;-1.2618534e-01;1.4750000e+02;-6.8914019e-02;1.4750000e+02;-5.3413227e-02;1.4750000e+02;-1.1700049e-02;1.4750000e+02;6.3884959e-02;1.4750000e+02;1.6120335e-01;1.4750000e+02;2.3945969e-01;1.4750000e+02;2.6129231e-01;1.4750000e+02;2.2798689e-01;1.4750000e+02;1.7867021e-01;1.4750000e+02;2.2132730e-01;1.4750000e+02;1.9287729e-01;1.4750000e+02;1.4665811e-01;1.4750000e+02;9.4674103e-02;1.4750000e+02;4.8890684e-02;1.4750000e+02;7.0468723e-03;1.4750000e+02;-4.1711856e-02;1.4750000e+02;-8.1189252e-02;1.4750000e+02;-1.2618534e-01;1.4750000e+02;-6.8914019e-02;1.4750000e+02;-5.3413227e-02;1.4750000e+02;-1.1700049e-02;1.4750000e+02;6.3884959e-02;1.4750000e+02;1.6120335e-01;1.4750000e+02;2.3945969e-01;1.4750000e+02;2.6129231e-01;1.4750000e+02;2.2798689e-01;1.4750000e+02;1.7867021e-01;1.4750000e+02;2.2132730e-01;1.4750000e+02;1.9287729e-01;1.4750000e+02;1.4665811e-01;1.4750000e+02;9.4674103e-02;1.4750000e+02;4.8890684e-02;1.4750000e+02;7.0468723e-03;1.4750000e+02;-4.1711856e-02;1.4750000e+02;-8.1189252e-02;1.4750000e+02;-1.2618534e-01;1.4750000e+02;-6.8914019e-02;1.4750000e+02;-5.3413227e-02;1.4750000e+02;-1.1700049e-02;1.4750000e+02;6.3884959e-02;1.4750000e+02;1.6120335e-01;1.4750000e+02;2.3945969e-01;1.4750000e+02;2.6129231e-01;1.4750000e+02;2.2798689e-01;1.4750000e+02;1.7867021e-01;1.4750000e+02;2.2132730e-01;1.4750000e+02;1.9287729e-01;1.4750000e+02;1.4665811e-01;1.4750000e+02;9.4674103e-02;1.4750000e+02;4.8890684e-02;1.4750000e+02;7.0468723e-03;1.4750000e+02;-4.1711856e-02;1.4750000e+02;-8.1189252e-02;1.4750000e+02;-1.2618534e-01;1.4750000e+02;-6.8914019e-02;1.4750000e+02;-5.3413227e-02;1.4750000e+02;-1.1700049e-02;1.4750000e+02;6.3884959e-02;1.4750000e+02;1.6120335e-01;1.4750000e+02;2.3945969e-01;1.4750000e+02;2.6129231e-01;1.4750000e+02;2.2798689e-01;1.4750000e+02;1.7867021e-01;1.4750000e+02;2.2132730e-01;1.4750000e+02;1.9287729e-01;1.4750000e+02;1.4665811e-01;1.4750000e+02;9.4674103e-02;1.4750000e+02;4.8890684e-02;1.4750000e+02;7.0468723e-03;1.4750000e+02;-4.1711856e-02;1.4750000e+02;-8.1189252e-02;1.4750000e+02;-1.2618534e-01;1.4750000e+02;-6.8914019e-02;1.4750000e+02;-5.3413227e-02;1.4750000e+02;-1.1700049e-02;1.4750000e+02;6.3884959e-02;1.4750000e+02;1.6120335e-01;1.4750000e+02;2.3945969e-01;1.4750000e+02;2.6129231e-01;1.4750000e+02;2.2798689e-01;1.4750000e+02;1.7867021e-01;1.4750000e+02;2.2132730e-01;1.4750000e+02;1.9287729e-01;1.4750000e+02;1.4665811e-01;1.4750000e+02;9.4674103e-02;1.4750000e+02;4.8890684e-02;1.4750000e+02;7.0468723e-03;1.4750000e+02;-4.1711856e-02;1.4750000e+02;-8.1189252e-02;1.4750000e+02;-1.2618534e-01;1.4750000e+02;-6.8914019e-02;1.4750000e+02;-5.3413227e-02;1.4750000e+02;-1.1700049e-02;1.4750000e+02;6.3884959e-02;1.4750000e+02;1.6120335e-01;1.4750000e+02;2.3945969e-01;1.4750000e+02;2.6129231e-01;1.4750000e+02;2.2798689e-01;1.4750000e+02;1.7867021e-01;1.4750000e+02;2.2132730e-01;1.4750000e+02;1.9287729e-01;1.4750000e+02;1.4665811e-01;1.4750000e+02;9.4674103e-02;1.4750000e+02;4.8890684e-02;1.4750000e+02;7.0468723e-03;1.4750000e+02;-4.1711856e-02;1.4750000e+02;-8.1189252e-02;1.4750000e+02;-1.2618534e-01;1.4750000e+02;-6.8914019e-02;1.4750000e+02;-5.3413227e-02;1.4750000e+02;-1.1700049e-02;1.4750000e+02;6.3884959e-02;1.4750000e+02;1.6120335e-01;1.4750000e+02;2.3945969e-01;1.4750000e+02;2.6129231e-01;1.4750000e+02;2.2798689e-01;1.4750000e+02;1.7867021e-01;1.4750000e+02;2.2132730e-01;1.4750000e+02;1.9287729e-01;1.4750000e+02;1.4665811e-01;1.4750000e+02;9.4674103e-02;1.4750000e+02;4.8890684e-02;1.4750000e+02;7.0468723e-03;1.4750000e+02;-4.1711856e-02;1.4750000e+02;-8.1189252e-02;1.4750000e+02;-1.2618534e-01;1.4750000e+02;-6.8914019e-02;1.4750000e+02;-5.3413227e-02;1.4750000e+02;-1.1700049e-02;1.4750000e+02;6.3884959e-02;1.4750000e+02;1.6120335e-01;1.4750000e+02;2.3945969e-01;1.4750000e+02;2.6129231e-01;1.4750000e+02;2.2798689e-01;1.4750000e+02;1.7867021e-01;1.4750000e+02;2.2132730e-01;1.4750000e+02;1.9287729e-01;1.4750000e+02;1.4665811e-01;1.4750000e+02;9.4674103e-02;1.4750000e+02;4.8890684e-02;1.4750000e+02;7.0468723e-03;1.4750000e+02;-4.1711856e-02;1.4750000e+02;-8.1189252e-02;1.4750000e+02;-1.2618534e-01;1.4750000e+02;-6.8914019e-02;1.4750000e+02;-5.3413227e-02;1.4750000e+02;-1.1700049e-02;1.4750000e+02;6.3884959e-02;1.4750000e+02;1.6120335e-01;1.4750000e+02;2.3945969e-01;1.4750000e+02;2.6129231e-01;1.4750000e+02;2.2798689e-01;1.4750000e+02;1.7867021e-01;1.4750000e+02;2.2132730e-01;1.4750000e+02;1.9287729e-01;1.4750000e+02;1.4665811e-01;1.4750000e+02;9.4674103e-02;1.4750000e+02;4.8890684e-02;1.4750000e+02;7.0468723e-03;1.4750000e+02;-4.1711856e-02;1.4750000e+02;-8.1189252e-02;1.4750000e+02;-1.2618534e-01;1.4750000e+02;-6.8914019e-02;1.4750000e+02;-5.3413227e-02;1.4750000e+02;-1.1700049e-02;1.4750000e+02;6.3884959e-02;1.4750000e+02;1.6120335e-01;1.4750000e+02;2.3945969e-01;1.4750000e+02;2.6129231e-01;1.4750000e+02;2.2798689e-01;1.4750000e+02;1.7867021e-01;1.4750000e+02;2.2132730e-01;1.4750000e+02;1.9287729e-01;1.4750000e+02;1.4665811e-01;1.4750000e+02;9.4674103e-02;1.4750000e+02;4.8890684e-02;1.4750000e+02;7.0468723e-03;1.4750000e+02;-4.1711856e-02;1.4750000e+02;-8.1189252e-02;1.4750000e+02;-1.2618534e-01;1.4750000e+02;-6.8914019e-02;1.4750000e+02;-5.3413227e-02;1.4750000e+02;-1.1700049e-02;1.4750000e+02;6.3884959e-02;1.4750000e+02;1.6120335e-01;1.4750000e+02;2.3945969e-01;1.4750000e+02;2.6129231e-01;1.4750000e+02;2.2798689e-01;1.4750000e+02;1.7867021e-01;1.4750000e+02;2.2132730e-01;1.4750000e+02;1.9287729e-01;1.4750000e+02;1.4665811e-01;1.4750000e+02;9.4674103e-02;1.4750000e+02;4.8890684e-02;1.4750000e+02;7.0468723e-03;1.4750000e+02;-4.1711856e-02;1.4750000e+02;-8.1189252e-02;1.4750000e+02;-1.2618534e-01;1.4750000e+02;-6.8914019e-02;1.4750000e+02;-5.3413227e-02;1.4750000e+02;-1.1700049e-02;1.4750000e+02;6.3884959e-02;1.4750000e+02;1.6120335e-01;1.4750000e+02;2.3945969e-01;1.4750000e+02;2.6129231e-01;1.4750000e+02;2.2798689e-01;1.4750000e+02;1.7867021e-01;1.4750000e+02;2.2132730e-01;1.4750000e+02;1.9287729e-01;1.4750000e+02;1.4665811e-01;1.4750000e+02;9.4674103e-02;1.4750000e+02;4.8890684e-02;1.4750000e+02;7.0468723e-03;1.4750000e+02;-4.1711856e-02;1.4750000e+02;-8.1189252e-02;1.4750000e+02;-1.2618534e-01;1.4750000e+02;-6.8914019e-02;1.4750000e+02;-5.3413227e-02;1.4750000e+02;-1.1700049e-02;1.4750000e+02;6.3884959e-02;1.4750000e+02;1.6120335e-01;1.4750000e+02;2.3945969e-01;1.4750000e+02;2.6129231e-01;1.4750000e+02;2.2798689e-01;1.4750000e+02;1.7867021e-01;1.4750000e+02;2.2132730e-01;1.4750000e+02;1.9287729e-01;1.4750000e+02;1.4665811e-01;1.4750000e+02;9.4674103e-02;1.4750000e+02;4.8890684e-02;1.4750000e+02;7.0468723e-03;1.4750000e+02;-4.1711856e-02;1.4750000e+02;-8.1189252e-02;1.4750000e+02;-1.2618534e-01;1.4750000e+02;-6.8914019e-02;1.4750000e+02;-5.3413227e-02;1.4750000e+02;-1.1700049e-02;1.4750000e+02;6.3884959e-02;1.4750000e+02;1.6120335e-01;1.4750000e+02;2.3945969e-01;1.4750000e+02;2.6129231e-01;1.4750000e+02;2.2798689e-01;1.4750000e+02;1.7867021e-01;1.4750000e+02;2.2132730e-01;1.4750000e+02;1.9287729e-01;1.4750000e+02;1.4665811e-01;1.4750000e+02;9.4674103e-02;1.4750000e+02;4.8890684e-02;1.4750000e+02;7.0468723e-03;1.4750000e+02;-4.1711856e-02;1.4750000e+02;-8.1189252e-02;1.4750000e+02;-1.2618534e-01;1.4750000e+02;-6.8914019e-02;1.4750000e+02;-5.3413227e-02;1.4750000e+02;-1.1700049e-02;1.4750000e+02;6.3884959e-02;1.4750000e+02;1.6120335e-01;1.4750000e+02;2.3945969e-01;1.4750000e+02;2.6129231e-01;1.4750000e+02;2.2798689e-01;1.4750000e+02;1.7867021e-01;1.4750000e+02;2.2132730e-01;1.4750000e+02;1.9287729e-01;1.4750000e+02;1.4665811e-01;1.4750000e+02;9.4674103e-02;1.4750000e+02;4.8890684e-02;1.4750000e+02;7.0468723e-03;1.4750000e+02;-4.1711856e-02;1.4750000e+02;-8.1189252e-02;1.4750000e+02;-1.2618534e-01;1.4750000e+02;-6.8914019e-02;1.4750000e+02;-5.3413227e-02;1.4750000e+02;-1.1700049e-02;1.4750000e+02;6.3884959e-02;1.4750000e+02;1.6120335e-01;1.4750000e+02;2.3945969e-01;1.4750000e+02;2.6129231e-01;1.4750000e+02;2.2798689e-01;1.4750000e+02;1.7867021e-01;1.4750000e+02;2.2132730e-01;1.4750000e+02;1.9287729e-01;1.4750000e+02;1.4665811e-01;1.4750000e+02;9.4674103e-02;1.4750000e+02;4.8890684e-02;1.4750000e+02;7.0468723e-03;1.4750000e+02;-4.1711856e-02;1.4750000e+02;-8.1189252e-02;1.4750000e+02;-1.2618534e-01;1.4750000e+02;-6.8914019e-02;1.4750000e+02;-5.3413227e-02;1.4750000e+02;-1.1700049e-02;1.4750000e+02;6.3884959e-02;1.4750000e+02;1.6120335e-01;1.4750000e+02;2.3945969e-01;1.4750000e+02;2.6129231e-01;1.4750000e+02;2.2798689e-01;1.4750000e+02;1.7867021e-01;1.4750000e+02;2.2132730e-01;1.4750000e+02;1.9287729e-01;1.4750000e+02;1.4665811e-01;1.4750000e+02;9.4674103e-02;1.4750000e+02;4.8890684e-02;1.4750000e+02;7.0468723e-03;1.4750000e+02;-4.1711856e-02;1.4750000e+02;-8.1189252e-02;1.4750000e+02;-1.2618534e-01;1.4750000e+02;-6.8914019e-02;1.4750000e+02;-5.3413227e-02;1.4750000e+02;-1.1700049e-02;1.4750000e+02;6.3884959e-02;1.4750000e+02;1.6120335e-01;1.4750000e+02;2.3945969e-01;1.4750000e+02;2.6129231e-01;1.4750000e+02;2.2798689e-01;1.4750000e+02;1.7867021e-01;1.4750000e+02;2.2132730e-01;1.4750000e+02;1.9287729e-01;1.4750000e+02;1.4665811e-01;1.4750000e+02;9.4674103e-02;1.4750000e+02;4.8890684e-02;1.4750000e+02;7.0468723e-03;1.4750000e+02;-4.1711856e-02;1.4750000e+02;-8.1189252e-02;1.4750000e+02;-1.2618534e-01;1.4750000e+02;-6.8914019e-02;1.4750000e+02;-5.3413227e-02;1.4750000e+02;-1.1700049e-02;1.4750000e+02;6.3884959e-02;1.4750000e+02;1.6120335e-01;1.4750000e+02;2.3945969e-01;1.4750000e+02;2.6129231e-01;1.4750000e+02;2.2798689e-01;1.4750000e+02;1.7867021e-01;1.4750000e+02;2.2132730e-01;1.4750000e+02;1.9287729e-01;1.4750000e+02;1.4665811e-01;1.4750000e+02;9.4674103e-02;1.4750000e+02;4.8890684e-02;1.4750000e+02;7.0468723e-03;1.4750000e+02;-4.1711856e-02;1.4750000e+02;-8.1189252e-02;1.4750000e+02;-1.2618534e-01;1.4750000e+02;-6.8914019e-02;1.4750000e+02;-5.3413227e-02;1.4750000e+02;-1.1700049e-02;1.4750000e+02;6.3884959e-02;1.4750000e+02;1.6120335e-01;1.4750000e+02;2.3945969e-01;1.4750000e+02;2.6129231e-01;1.4750000e+02;2.2798689e-01;1.4750000e+02;1.7867021e-01;1.4750000e+02;2.2132730e-01;1.4750000e+02;1.9287729e-01;1.4750000e+02;1.4665811e-01;1.4750000e+02;9.4674103e-02;1.4750000e+02;4.8890684e-02;1.4750000e+02;7.0468723e-03;1.4750000e+02;-4.1711856e-02;1.4750000e+02;-8.1189252e-02;1.4750000e+02;-1.2618534e-01;1.4750000e+02;-6.8914019e-02;1.4750000e+02;-5.3413227e-02;1.4750000e+02;-1.1700049e-02;1.4750000e+02;6.3884959e-02;1.4750000e+02;1.6120335e-01;1.4750000e+02;2.3945969e-01;1.4750000e+02;2.6129231e-01;1.4750000e+02;2.2798689e-01;1.4750000e+02;1.7867021e-01;1.4750000e+02;2.2132730e-01;1.4750000e+02;1.9287729e-01;1.4750000e+02;1.4665811e-01;1.4750000e+02;9.4674103e-02;1.4750000e+02;4.8890684e-02;1.4750000e+02;7.0468723e-03;1.4750000e+02;-4.1711856e-02;1.4750000e+02;-8.1189252e-02;1.4750000e+02;-1.2618534e-01;1.4750000e+02;-6.8914019e-02;1.4750000e+02;-5.3413227e-02;1.4750000e+02;-1.1700049e-02;1.4750000e+02;6.3884959e-02;1.4750000e+02;1.6120335e-01;1.4750000e+02;2.3945969e-01;1.4750000e+02;2.6129231e-01;1.4750000e+02;2.2798689e-01;1.4750000e+02;1.7867021e-01;1.4750000e+02;2.2132730e-01;1.4750000e+02;1.9287729e-01;1.4750000e+02;1.4665811e-01;1.4750000e+02;9.4674103e-02;1.4750000e+02;4.8890684e-02;1.4750000e+02;7.0468723e-03;1.4750000e+02;-4.1711856e-02;1.4750000e+02;-8.1189252e-02;1.4750000e+02;-1.2618534e-01;1.4750000e+02;-6.8914019e-02;1.4750000e+02;-5.3413227e-02;1.4750000e+02;-1.1700049e-02;1.4750000e+02;6.3884959e-02;1.4750000e+02;1.6120335e-01;1.4750000e+02;2.3945969e-01;1.4750000e+02;2.6129231e-01;1.4750000e+02;2.2798689e-01;1.4750000e+02;1.7867021e-01;1.4750000e+02;2.2132730e-01;1.4750000e+02;1.9287729e-01;1.4750000e+02;1.4665811e-01;1.4750000e+02;9.4674103e-02;1.4750000e+02;4.8890684e-02;1.4750000e+02;7.0468723e-03;1.4750000e+02;-4.1711856e-02;1.4750000e+02;-8.1189252e-02;1.4750000e+02;-1.2618534e-01;1.4750000e+02;-6.8914019e-02;1.4750000e+02;-5.3413227e-02;1.4750000e+02;-1.1700049e-02;1.4750000e+02;6.3884959e-02;1.4750000e+02;1.6120335e-01;1.4750000e+02;2.3945969e-01;1.4750000e+02;2.6129231e-01;1.4750000e+02;2.2798689e-01;1.4750000e+02;1.7867021e-01;1.4750000e+02;2.2132730e-01;1.4750000e+02;1.9287729e-01;1.4750000e+02;1.4665811e-01;1.4750000e+02;9.4674103e-02;1.4750000e+02;4.8890684e-02;1.4750000e+02;7.0468723e-03;1.4750000e+02;-4.1711856e-02;1.4750000e+02;-8.1189252e-02;1.4750000e+02;-1.2618534e-01;1.4750000e+02;-6.8914019e-02;1.4750000e+02;-5.3413227e-02;1.4750000e+02;-1.1700049e-02;1.4750000e+02;6.3884959e-02;1.4750000e+02;1.6120335e-01;1.4750000e+02;2.3945969e-01;1.4750000e+02;2.6129231e-01;1.4750000e+02;2.2798689e-01;1.4750000e+02;1.7867021e-01;1.4750000e+02;2.2132730e-01;1.4750000e+02;1.9287729e-01;1.4750000e+02;1.4665811e-01;1.4750000e+02;9.4674103e-02;1.4750000e+02;4.8890684e-02;1.4750000e+02;7.0468723e-03;1.4750000e+02;-4.1711856e-02;1.4750000e+02;-8.1189252e-02;1.4750000e+02;-1.2618534e-01;1.4750000e+02;-6.8914019e-02;1.4750000e+02;-5.3413227e-02;1.4750000e+02;-1.1700049e-02;1.4750000e+02;6.3884959e-02;1.4750000e+02;1.6120335e-01;1.4750000e+02;2.3945969e-01;1.4750000e+02;2.6129231e-01;1.4750000e+02;2.2798689e-01;1.4750000e+02;1.7867021e-01;1.4750000e+02;2.2132730e-01;1.4750000e+02;1.9287729e-01;1.4750000e+02;1.4665811e-01;1.4750000e+02;9.4674103e-02;1.4750000e+02;4.8890684e-02;1.4750000e+02;7.0468723e-03;1.4750000e+02;-4.1711856e-02;1.4750000e+02;-8.1189252e-02;1.4750000e+02;-1.2618534e-01;1.4750000e+02;-6.8914019e-02;1.4750000e+02;-5.3413227e-02;1.4750000e+02;-1.1700049e-02;1.4750000e+02;6.3884959e-02;1.4750000e+02;1.6120335e-01;1.4750000e+02;2.3945969e-01;1.4750000e+02;2.6129231e-01;1.4750000e+02;2.2798689e-01;1.4750000e+02;1.7867021e-01;1.4750000e+02;2.2132730e-01;1.4750000e+02;1.9287729e-01;1.4750000e+02;1.4665811e-01;1.4750000e+02;9.4674103e-02;1.4750000e+02;4.8890684e-02;1.4750000e+02;7.0468723e-03;1.4750000e+02;-4.1711856e-02;1.4750000e+02;-8.1189252e-02;1.4750000e+02;-1.2618534e-01;1.4750000e+02;-6.8914019e-02;1.4750000e+02;-5.3413227e-02;1.4750000e+02;-1.1700049e-02;1.4750000e+02;6.3884959e-02;1.4750000e+02;1.6120335e-01;1.4750000e+02;2.3945969e-01;1.4750000e+02;2.6129231e-01;1.4750000e+02;2.2798689e-01;1.4750000e+02;1.7867021e-01;1.4750000e+02;2.2132730e-01;1.4750000e+02;1.9287729e-01;1.4750000e+02;1.4665811e-01;1.4750000e+02;9.4674103e-02;1.4750000e+02;4.8890684e-02;1.4750000e+02;7.0468723e-03;1.4750000e+02;-4.1711856e-02;1.4750000e+02;-8.1189252e-02;1.4750000e+02;-1.2618534e-01;1.4750000e+02;-6.8914019e-02;1.4750000e+02;-5.3413227e-02;1.4750000e+02;-1.1700049e-02;1.4750000e+02;6.3884959e-02;1.4750000e+02;1.6120335e-01;1.4750000e+02;2.3945969e-01;1.4750000e+02;2.6129231e-01;1.4750000e+02;2.2798689e-01;1.4750000e+02;1.7867021e-01;1.4750000e+02;2.2132730e-01;1.4750000e+02;1.9287729e-01;1.4750000e+02;1.4665811e-01;1.4750000e+02;9.4674103e-02;1.4750000e+02;4.8890684e-02;1.4750000e+02;7.0468723e-03;1.4750000e+02;-4.1711856e-02;1.4750000e+02;-8.1189252e-02;1.4750000e+02;-1.2618534e-01;1.4750000e+02;-6.8914019e-02;1.4750000e+02;-5.3413227e-02;1.4750000e+02;-1.1700049e-02;1.4750000e+02;6.3884959e-02;1.4750000e+02;1.6120335e-01;1.4750000e+02;2.3945969e-01;1.4750000e+02;2.6129231e-01;1.4750000e+02;2.2798689e-01;1.4750000e+02;1.7867021e-01;1.4750000e+02;2.2132730e-01;1.4750000e+02;1.9287729e-01;1.4750000e+02;1.4665811e-01;1.4750000e+02;9.4674103e-02;1.4750000e+02;4.8890684e-02;1.4750000e+02;7.0468723e-03;1.4750000e+02;-4.1711856e-02;1.4750000e+02;-8.1189252e-02;1.4750000e+02;-1.2618534e-01;1.4750000e+02;-6.8914019e-02;1.4750000e+02;-5.3413227e-02;1.4750000e+02;-1.1700049e-02;1.4750000e+02;6.3884959e-02;1.4750000e+02;1.6120335e-01;1.4750000e+02;2.3945969e-01;1.4750000e+02;2.6129231e-01;1.4750000e+02;2.2798689e-01;1.4750000e+02;1.7867021e-01;1.4750000e+02;2.2132730e-01;1.4750000e+02;1.9287729e-01;1.4750000e+02;1.4665811e-01;1.4750000e+02;9.4674103e-02;1.4750000e+02;4.8890684e-02;1.4750000e+02;7.0468723e-03;1.4750000e+02;-4.1711856e-02;1.4750000e+02;-8.1189252e-02;1.4750000e+02;-1.2618534e-01;1.4750000e+02;-6.8914019e-02;1.4750000e+02;-5.3413227e-02;1.4750000e+02;-1.1700049e-02;1.4750000e+02;6.3884959e-02;1.4750000e+02;1.6120335e-01;1.4750000e+02;2.3945969e-01;1.4750000e+02;2.6129231e-01;1.4750000e+02;2.2798689e-01;1.4750000e+02;1.7867021e-01;1.4750000e+02;2.2132730e-01;1.4750000e+02;1.9287729e-01;1.4750000e+02;1.4665811e-01;1.4750000e+02;9.4674103e-02;1.4750000e+02;4.8890684e-02;1.4750000e+02;7.0468723e-03;1.4750000e+02;-4.1711856e-02;1.4750000e+02;-8.1189252e-02;1.4750000e+02;-1.2618534e-01;1.4750000e+02;-6.8914019e-02;1.4750000e+02;-5.3413227e-02;1.4750000e+02;-1.1700049e-02;1.4750000e+02;6.3884959e-02;1.4750000e+02;1.6120335e-01;1.4750000e+02;2.3945969e-01;1.4750000e+02;2.6129231e-01;1.4750000e+02;2.2798689e-01;1.4750000e+02;1.7867021e-01;1.4750000e+02;2.2132730e-01;1.4750000e+02;1.9287729e-01;1.4750000e+02;1.4665811e-01;1.4750000e+02;9.4674103e-02;1.4750000e+02;4.8890684e-02;1.4750000e+02;7.0468723e-03;1.4750000e+02;-4.1711856e-02;1.4750000e+02;-8.1189252e-02;1.4750000e+02;-1.2618534e-01;1.4750000e+02;-6.8914019e-02;1.4750000e+02;-5.3413227e-02;1.4750000e+02;-1.1700049e-02;1.4750000e+02;6.3884959e-02;1.4750000e+02;1.6120335e-01;1.4750000e+02;2.3945969e-01;1.4750000e+02;2.6129231e-01;1.4750000e+02;2.2798689e-01;1.4750000e+02;1.7867021e-01;1.4750000e+02;2.2132730e-01;1.4750000e+02;1.9287729e-01;1.4750000e+02;1.4665811e-01;1.4750000e+02;9.4674103e-02;1.4750000e+02;4.8890684e-02;1.4750000e+02;7.0468723e-03;1.4750000e+02;-4.1711856e-02;1.4750000e+02;-8.1189252e-02;1.4750000e+02;-1.2618534e-01;1.4750000e+02;-6.8914019e-02;1.4750000e+02;-5.3413227e-02;1.4750000e+02;-1.1700049e-02;1.4750000e+02;6.3884959e-02;1.4750000e+02;1.6120335e-01;1.4750000e+02;2.3945969e-01;1.4750000e+02;2.6129231e-01;1.4750000e+02;2.2798689e-01;1.4750000e+02;1.7867021e-01;1.4750000e+02;2.2132730e-01;1.4750000e+02;1.9287729e-01;1.4750000e+02;1.4665811e-01;1.4750000e+02;9.4674103e-02;1.4750000e+02;4.8890684e-02;1.4750000e+02;7.0468723e-03;1.4750000e+02;-4.1711856e-02;1.4750000e+02;-8.1189252e-02;1.4750000e+02;-1.2618534e-01;1.4750000e+02;-6.8914019e-02;1.4750000e+02;-5.3413227e-02;1.4750000e+02;-1.1700049e-02;1.4750000e+02;6.3884959e-02;1.4750000e+02;1.6120335e-01;1.4750000e+02;2.3945969e-01;1.4750000e+02;2.6129231e-01;1.4750000e+02;2.2798689e-01;1.4750000e+02;1.7867021e-01;1.4750000e+02;2.2132730e-01;1.4750000e+02;1.9287729e-01;1.4750000e+02;1.4665811e-01;1.4750000e+02;9.4674103e-02;1.4750000e+02;4.8890684e-02;1.4750000e+02;7.0468723e-03;1.4750000e+02;-4.1711856e-02;1.4750000e+02;-8.1189252e-02;1.4750000e+02;-1.2618534e-01;1.4750000e+02;-6.8914019e-02;1.4750000e+02;-5.3413227e-02;1.4750000e+02;-1.1700049e-02;1.4750000e+02;6.3884959e-02;1.4750000e+02;1.6120335e-01;1.4750000e+02;2.3945969e-01;1.4750000e+02;2.6129231e-01;1.4750000e+02;2.2798689e-01;1.4750000e+02;1.7867021e-01;1.4750000e+02;2.2132730e-01;1.4750000e+02;1.9287729e-01;1.4750000e+02;1.4665811e-01;1.4750000e+02;9.4674103e-02;1.4750000e+02;4.8890684e-02;1.4750000e+02;7.0468723e-03;1.4750000e+02;-4.1711856e-02;1.4750000e+02;-8.1189252e-02;1.4750000e+02;-1.2618534e-01;1.4750000e+02;-6.8914019e-02;1.4750000e+02;-5.3413227e-02;1.4750000e+02;-1.1700049e-02;1.4750000e+02;6.3884959e-02;1.4750000e+02;1.6120335e-01;1.4750000e+02;2.3945969e-01;1.4750000e+02;2.6129231e-01;1.4750000e+02;2.2798689e-01;1.4750000e+02;1.7867021e-01;1.4750000e+02;2.2132730e-01;1.4750000e+02;1.9287729e-01;1.4750000e+02;1.4665811e-01;1.4750000e+02;9.4674103e-02;1.4750000e+02;4.8890684e-02;1.4750000e+02;7.0468723e-03;1.4750000e+02;-4.1711856e-02;1.4750000e+02;-8.1189252e-02;1.4750000e+02;-1.2618534e-01;1.4750000e+02;-6.8914019e-02;1.4750000e+02;-5.3413227e-02;1.4750000e+02;-1.1700049e-02;1.4750000e+02;6.3884959e-02;1.4750000e+02;1.6120335e-01;1.4750000e+02;2.3945969e-01;1.4750000e+02;2.6129231e-01;1.4750000e+02;2.2798689e-01;1.4750000e+02;1.7867021e-01;1.4750000e+02;2.2132730e-01;1.4750000e+02;1.9287729e-01;1.4750000e+02;1.4665811e-01;1.4750000e+02;9.4674103e-02;1.4750000e+02;4.8890684e-02;1.4750000e+02;7.0468723e-03;1.4750000e+02;-4.1711856e-02;1.4750000e+02;-8.1189252e-02;1.4750000e+02;-1.2618534e-01;1.4750000e+02;-6.8914019e-02;1.4750000e+02;-5.3413227e-02;1.4750000e+02;-1.1700049e-02;1.4750000e+02;6.3884959e-02;1.4750000e+02;1.6120335e-01;1.4750000e+02;2.3945969e-01;1.4750000e+02;2.6129231e-01;1.4750000e+02;2.2798689e-01;1.4750000e+02;1.7867021e-01;1.4750000e+02;2.2132730e-01;1.4750000e+02;1.9287729e-01;1.4750000e+02;1.4665811e-01;1.4750000e+02;9.4674103e-02;1.4750000e+02;4.8890684e-02;1.4750000e+02;7.0468723e-03;1.4750000e+02;-4.1711856e-02;1.4750000e+02;-8.1189252e-02;1.4750000e+02;-1.2618534e-01;1.4750000e+02;-6.8914019e-02;1.4750000e+02;-5.3413227e-02;1.4750000e+02;-1.1700049e-02;1.4750000e+02;6.3884959e-02;1.4750000e+02;1.6120335e-01;1.4750000e+02;2.3945969e-01;1.4750000e+02;2.6129231e-01;1.4750000e+02;2.2798689e-01;1.4750000e+02;1.7867021e-01;1.4750000e+02;2.2132730e-01;1.4750000e+02;1.9287729e-01;1.4750000e+02;1.4665811e-01;1.4750000e+02;9.4674103e-02;1.4750000e+02;4.8890684e-02;1.4750000e+02;7.0468723e-03;1.4750000e+02;-4.1711856e-02;1.4750000e+02;-8.1189252e-02;1.4750000e+02;-1.2618534e-01;1.4750000e+02;-6.8914019e-02;1.4750000e+02;-5.3413227e-02;1.4750000e+02;-1.1700049e-02;1.4750000e+02;6.3884959e-02;1.4750000e+02;1.6120335e-01;1.4750000e+02;2.3945969e-01;1.4750000e+02;2.6129231e-01;1.4750000e+02;2.2798689e-01;1.4750000e+02;1.7867021e-01;1.4750000e+02;2.2132730e-01;1.4750000e+02;1.9287729e-01;1.4750000e+02;1.4665811e-01;1.4750000e+02;9.4674103e-02;1.4750000e+02;4.8890684e-02;1.4750000e+02;7.0468723e-03;1.4750000e+02;-4.1711856e-02;1.4750000e+02;-8.1189252e-02;1.4750000e+02;-1.2618534e-01;1.4750000e+02;-6.8914019e-02;1.4750000e+02;-5.3413227e-02;1.4750000e+02;-1.1700049e-02;1.4750000e+02;6.3884959e-02;1.4750000e+02;1.6120335e-01;1.4750000e+02;2.3945969e-01;1.4750000e+02;2.6129231e-01;1.4750000e+02;2.2798689e-01;1.4750000e+02;1.7867021e-01;1.4750000e+02;2.2132730e-01;1.4750000e+02;1.9287729e-01;1.4750000e+02;1.4665811e-01;1.4750000e+02;9.4674103e-02;1.4750000e+02;4.8890684e-02;1.4750000e+02;7.0468723e-03;1.4750000e+02;-4.1711856e-02;1.4750000e+02;-8.1189252e-02;1.4750000e+02;-1.2618534e-01;1.4750000e+02;-6.8914019e-02;1.4750000e+02;-5.3413227e-02;1.4750000e+02;-1.1700049e-02;1.4750000e+02;6.3884959e-02;1.4750000e+02;1.6120335e-01;1.4750000e+02;2.3945969e-01;1.4750000e+02;2.6129231e-01;1.4750000e+02;2.2798689e-01;1.4750000e+02;1.7867021e-01;1.4750000e+02;2.2132730e-01;1.4750000e+02;1.9287729e-01;1.4750000e+02;1.4665811e-01;1.4750000e+02;9.4674103e-02;1.4750000e+02;4.8890684e-02;1.4750000e+02;7.0468723e-03;1.4750000e+02;-4.1711856e-02;1.4750000e+02;-8.1189252e-02;1.4750000e+02;-1.2618534e-01;1.4750000e+02;-6.8914019e-02;1.4750000e+02;-5.3413227e-02;1.4750000e+02;-1.1700049e-02;1.4750000e+02;6.3884959e-02;1.4750000e+02;1.6120335e-01;1.4750000e+02;2.3945969e-01;1.4750000e+02;2.6129231e-01;1.4750000e+02;2.2798689e-01;1.4750000e+02;1.7867021e-01;1.4750000e+02;2.2132730e-01;1.4750000e+02;1.9287729e-01;1.4750000e+02;1.4665811e-01;1.4750000e+02;9.4674103e-02;1.4750000e+02;4.8890684e-02;1.4750000e+02;7.0468723e-03;1.4750000e+02;-4.1711856e-02;1.4750000e+02;-8.1189252e-02;1.4750000e+02;-1.2618534e-01;1.4750000e+02;-6.8914019e-02;1.4750000e+02;-5.3413227e-02;1.4750000e+02;-1.1700049e-02;1.4750000e+02;6.3884959e-02;1.4750000e+02;1.6120335e-01;1.4750000e+02;2.3945969e-01;1.4750000e+02;2.6129231e-01;1.4750000e+02;2.2798689e-01;1.4750000e+02;1.7867021e-01;1.4750000e+02;2.2132730e-01;1.4750000e+02;1.9287729e-01;1.4750000e+02;1.4665811e-01;1.4750000e+02;9.4674103e-02;1.4750000e+02;4.8890684e-02;1.4750000e+02;7.0468723e-03;1.4750000e+02;-4.1711856e-02;1.4750000e+02;-8.1189252e-02;1.4750000e+02;-1.2618534e-01;1.4750000e+02;-6.8914019e-02;1.4750000e+02;-5.3413227e-02;1.4750000e+02;-1.1700049e-02;1.4750000e+02;6.3884959e-02;1.4750000e+02;1.6120335e-01;1.4750000e+02;2.3945969e-01;1.4750000e+02;2.6129231e-01;1.4750000e+02;2.2798689e-01;1.4750000e+02;1.7867021e-01;1.4750000e+02;2.2132730e-01;1.4750000e+02;1.9287729e-01;1.4750000e+02;1.4665811e-01;1.4750000e+02;9.4674103e-02;1.4750000e+02;4.8890684e-02;1.4750000e+02;7.0468723e-03;1.4750000e+02;-4.1711856e-02;1.4750000e+02;-8.1189252e-02;1.4750000e+02;-1.2618534e-01;1.4750000e+02;-6.8914019e-02;1.4750000e+02;-5.3413227e-02;1.4750000e+02;-1.1700049e-02;1.4750000e+02;6.3884959e-02;1.4750000e+02;1.6120335e-01;1.4750000e+02;2.3945969e-01;1.4750000e+02;2.6129231e-01;1.4750000e+02;2.2798689e-01;1.4750000e+02;1.7867021e-01;1.4750000e+02;2.2132730e-01;1.4750000e+02;1.9287729e-01;1.4750000e+02;1.4665811e-01;1.4750000e+02;9.4674103e-02;1.4750000e+02;4.8890684e-02;1.4750000e+02;7.0468723e-03;1.4750000e+02;-4.1711856e-02;1.4750000e+02;-8.1189252e-02;1.4750000e+02;-1.2618534e-01;1.4750000e+02;-6.8914019e-02;1.4750000e+02;-5.3413227e-02;1.4750000e+02;-1.1700049e-02;1.4750000e+02;6.3884959e-02;1.4750000e+02;1.6120335e-01;1.4750000e+02;2.3945969e-01;1.4750000e+02;2.6129231e-01;1.4750000e+02;2.2798689e-01;1.4750000e+02;1.7867021e-01;1.4750000e+02;2.2132730e-01;1.4750000e+02;1.9287729e-01;1.4750000e+02;1.4665811e-01;1.4750000e+02;9.4674103e-02;1.4750000e+02;4.8890684e-02;1.4750000e+02;7.0468723e-03;1.4750000e+02;-4.1711856e-02;1.4750000e+02;-8.1189252e-02;1.4750000e+02;-1.2618534e-01;1.4750000e+02;-6.8914019e-02;1.4750000e+02;-5.3413227e-02;1.4750000e+02;-1.1700049e-02;1.4750000e+02;6.3884959e-02;1.4750000e+02;1.6120335e-01;1.4750000e+02;2.3945969e-01;1.4750000e+02;2.6129231e-01;1.4750000e+02;2.2798689e-01;1.4750000e+02;1.7867021e-01;1.4750000e+02;2.2132730e-01;1.4750000e+02;1.9287729e-01;1.4750000e+02;1.4665811e-01;1.4750000e+02;9.4674103e-02;1.4750000e+02;4.8890684e-02;1.4750000e+02;7.0468723e-03;1.4750000e+02;-4.1711856e-02;1.4750000e+02;-8.1189252e-02;1.4750000e+02;-1.2618534e-01;1.4750000e+02;-6.8914019e-02;1.4750000e+02;-5.3413227e-02;1.4750000e+02;-1.1700049e-02;1.4750000e+02;6.3884959e-02;1.4750000e+02;1.6120335e-01;1.4750000e+02;2.3945969e-01;1.4750000e+02;2.6129231e-01;1.4750000e+02;2.2798689e-01;1.4750000e+02;1.7867021e-01;1.4750000e+02;2.2132730e-01;1.4750000e+02;1.9287729e-01;1.4750000e+02;1.4665811e-01;1.4750000e+02;9.4674103e-02;1.4750000e+02;4.8890684e-02;1.4750000e+02;7.0468723e-03;1.4750000e+02;-4.1711856e-02;1.4750000e+02;-8.1189252e-02;1.4750000e+02;-1.2618534e-01;1.4750000e+02;-6.8914019e-02;1.4750000e+02;-5.3413227e-02;1.4750000e+02;-1.1700049e-02;1.4750000e+02;6.3884959e-02;1.4750000e+02;1.6120335e-01;1.4750000e+02;2.3945969e-01;1.4750000e+02;2.6129231e-01;1.4750000e+02;2.2798689e-01;1.4750000e+02;1.7867021e-01;1.4750000e+02;2.2132730e-01;1.4750000e+02;1.9287729e-01;1.4750000e+02;1.4665811e-01;1.4750000e+02;9.4674103e-02;1.4750000e+02;4.8890684e-02;1.4750000e+02;7.0468723e-03;1.4750000e+02;-4.1711856e-02;1.4750000e+02;-8.1189252e-02;1.4750000e+02;-1.2618534e-01;1.4750000e+02;-6.8914019e-02;1.4750000e+02;-5.3413227e-02;1.4750000e+02;-1.1700049e-02;1.4750000e+02;6.3884959e-02;1.4750000e+02;1.6120335e-01;1.4750000e+02;2.3945969e-01;1.4750000e+02;2.6129231e-01;1.4750000e+02;2.2798689e-01;1.4750000e+02;1.7867021e-01;1.4750000e+02;2.2132730e-01;1.4750000e+02;1.9287729e-01;1.4750000e+02;1.4665811e-01;1.4750000e+02;9.4674103e-02;1.4750000e+02;4.8890684e-02;1.4750000e+02;7.0468723e-03;1.4750000e+02;-4.1711856e-02;1.4750000e+02;-8.1189252e-02;1.4750000e+02;-1.2618534e-01;1.4750000e+02;-6.8914019e-02;1.4750000e+02;-5.3413227e-02;1.4750000e+02;-1.1700049e-02;1.4750000e+02;6.3884959e-02;1.4750000e+02;1.6120335e-01;1.4750000e+02;2.3945969e-01;1.4750000e+02;2.6129231e-01;1.4750000e+02;2.2798689e-01;1.4750000e+02;1.7867021e-01;1.4750000e+02;2.2132730e-01;1.4750000e+02;1.9287729e-01;1.4750000e+02;1.4665811e-01;1.4750000e+02;9.4674103e-02;1.4750000e+02;4.8890684e-02;1.4750000e+02;7.0468723e-03;1.4750000e+02;-4.1711856e-02;1.4750000e+02;-8.1189252e-02;1.4750000e+02;-1.2618534e-01;1.4750000e+02;-6.8914019e-02;1.4750000e+02;-5.3413227e-02;1.4750000e+02;-1.1700049e-02;1.4750000e+02;6.3884959e-02;1.4750000e+02;1.6120335e-01;1.4750000e+02;2.3945969e-01;1.4750000e+02;2.6129231e-01;1.4750000e+02;2.2798689e-01;1.4750000e+02;1.7867021e-01;1.4750000e+02;2.2132730e-01;1.4750000e+02;1.9287729e-01;1.4750000e+02;1.4665811e-01;1.4750000e+02;9.4674103e-02;1.4750000e+02;4.8890684e-02;1.4750000e+02;7.0468723e-03;1.4750000e+02;-4.1711856e-02;1.4750000e+02;-8.1189252e-02;1.4750000e+02;-1.2618534e-01;1.4750000e+02;-6.8914019e-02;1.4750000e+02;-5.3413227e-02;1.4750000e+02;-1.1700049e-02;1.4750000e+02;6.3884959e-02;1.4750000e+02;1.6120335e-01;1.4750000e+02;2.3945969e-01;1.4750000e+02;2.6129231e-01;1.4750000e+02;2.2798689e-01;1.4750000e+02;1.7867021e-01;1.4750000e+02;2.2132730e-01;1.4750000e+02;1.9287729e-01;1.4750000e+02;1.4665811e-01;1.4750000e+02;9.4674103e-02;1.4750000e+02;4.8890684e-02;1.4750000e+02;7.0468723e-03;1.4750000e+02;-4.1711856e-02;1.4750000e+02;-8.1189252e-02;1.4750000e+02;-1.2618534e-01;1.4750000e+02;-6.8914019e-02;1.4750000e+02;-5.3413227e-02;1.4750000e+02;-1.1700049e-02;1.4750000e+02;6.3884959e-02;1.4750000e+02;1.6120335e-01;1.4750000e+02;2.3945969e-01;1.4750000e+02;2.6129231e-01;1.4750000e+02;2.2798689e-01;1.4750000e+02;1.7867021e-01;1.4750000e+02;2.2132730e-01;1.4750000e+02;1.9287729e-01;1.4750000e+02;1.4665811e-01;1.4750000e+02;9.4674103e-02;1.4750000e+02;4.8890684e-02;1.4750000e+02;7.0468723e-03;1.4750000e+02;-4.1711856e-02;1.4750000e+02;-8.1189252e-02;1.4750000e+02;-1.2618534e-01;1.4750000e+02;-6.8914019e-02;1.4750000e+02;-5.3413227e-02;1.4750000e+02;-1.1700049e-02;1.4750000e+02;6.3884959e-02;1.4750000e+02;1.6120335e-01;1.4750000e+02;2.3945969e-01;1.4750000e+02;2.6129231e-01;1.4750000e+02;2.2798689e-01;1.4750000e+02;1.7867021e-01;1.4750000e+02;2.2132730e-01;1.4750000e+02;1.9287729e-01;1.4750000e+02;1.4665811e-01;1.4750000e+02;9.4674103e-02;1.4750000e+02;4.8890684e-02;1.4750000e+02;7.0468723e-03;1.4750000e+02;-4.1711856e-02;1.4750000e+02;-8.1189252e-02;1.4750000e+02;-1.2618534e-01;1.4750000e+02;-6.8914019e-02;1.4750000e+02;-5.3413227e-02;1.4750000e+02;-1.1700049e-02;1.4750000e+02;6.3884959e-02;1.4750000e+02;1.6120335e-01;1.4750000e+02;2.3945969e-01;1.4750000e+02;2.6129231e-01;1.4750000e+02;2.2798689e-01;1.4750000e+02;1.7867021e-01;1.4750000e+02;2.2132730e-01;1.4750000e+02;1.9287729e-01;1.4750000e+02;1.4665811e-01;1.4750000e+02;9.4674103e-02;1.4750000e+02;4.8890684e-02;1.4750000e+02;7.0468723e-03;1.4750000e+02;-4.1711856e-02;1.4750000e+02;-8.1189252e-02;1.4750000e+02;-1.2618534e-01;1.4750000e+02;-6.8914019e-02;1.4750000e+02;-5.3413227e-02;1.4750000e+02;-1.1700049e-02;1.4750000e+02;6.3884959e-02;1.4750000e+02;1.6120335e-01;1.4750000e+02;2.3945969e-01;1.4750000e+02;2.6129231e-01;1.4750000e+02;2.2798689e-01;1.4750000e+02;1.7867021e-01;1.4750000e+02;2.2132730e-01;1.4750000e+02;1.9287729e-01;1.4750000e+02;1.4665811e-01;1.4750000e+02;9.4674103e-02;1.4750000e+02;4.8890684e-02;1.4750000e+02;7.0468723e-03;1.4750000e+02;-4.1711856e-02;1.4750000e+02;-8.1189252e-02;1.4750000e+02;-1.2618534e-01;1.4750000e+02;-6.8914019e-02;1.4750000e+02;-5.3413227e-02;1.4750000e+02;-1.1700049e-02;1.4750000e+02;6.3884959e-02;1.4750000e+02;1.6120335e-01;1.4750000e+02;2.3945969e-01;1.4750000e+02;2.6129231e-01;1.4750000e+02;2.2798689e-01;1.4750000e+02;1.7867021e-01;1.4750000e+02;2.2132730e-01;1.4750000e+02;1.9287729e-01;1.4750000e+02;1.4665811e-01;1.4750000e+02;9.4674103e-02;1.4750000e+02;4.8890684e-02;1.4750000e+02;7.0468723e-03;1.4750000e+02;-4.1711856e-02;1.4750000e+02;-8.1189252e-02;1.4750000e+02;-1.2618534e-01;1.4750000e+02;-6.8914019e-02;1.4750000e+02;-5.3413227e-02;1.4750000e+02;-1.1700049e-02;1.4750000e+02;6.3884959e-02;1.4750000e+02;1.6120335e-01;1.4750000e+02;2.3945969e-01;1.4750000e+02;2.6129231e-01;1.4750000e+02;2.2798689e-01;1.4750000e+02;1.7867021e-01;1.4750000e+02;2.2132730e-01;1.4750000e+02;1.9287729e-01;1.4750000e+02;1.4665811e-01;1.4750000e+02;9.4674103e-02;1.4750000e+02;4.8890684e-02;1.4750000e+02;7.0468723e-03;1.4750000e+02;-4.1711856e-02;1.4750000e+02;-8.1189252e-02;1.4750000e+02;-1.2618534e-01;1.4750000e+02;-6.8914019e-02;1.4750000e+02;-5.3413227e-02;1.4750000e+02;-1.1700049e-02;1.4750000e+02;6.3884959e-02;1.4750000e+02;1.6120335e-01;1.4750000e+02;2.3945969e-01;1.4750000e+02;2.6129231e-01;1.4750000e+02;2.2798689e-01;1.4750000e+02;1.7867021e-01;1.4750000e+02;2.2132730e-01;1.4750000e+02;1.9287729e-01;1.4750000e+02;1.4665811e-01;1.4750000e+02;9.4674103e-02;1.4750000e+02;4.8890684e-02;1.4750000e+02;7.0468723e-03;1.4750000e+02;-4.1711856e-02;1.4750000e+02;-8.1189252e-02;1.4750000e+02;-1.2618534e-01;1.4750000e+02;-6.8914019e-02;1.4750000e+02;-5.3413227e-02;1.4750000e+02;-1.1700049e-02;1.4750000e+02;6.3884959e-02;1.4750000e+02;1.6120335e-01;1.4750000e+02;2.3945969e-01;1.4750000e+02;2.6129231e-01;1.4750000e+02;2.2798689e-01;1.4750000e+02;1.7867021e-01;1.4750000e+02;2.2132730e-01;1.4750000e+02;1.9287729e-01;1.4750000e+02;1.4665811e-01;1.4750000e+02;9.4674103e-02;1.4750000e+02;4.8890684e-02;1.4750000e+02;7.0468723e-03;1.4750000e+02;-4.1711856e-02;1.4750000e+02;-8.1189252e-02;1.4750000e+02;-1.2618534e-01;1.4750000e+02;-6.8914019e-02;1.4750000e+02;-5.3413227e-02;1.4750000e+02;-1.1700049e-02;1.4750000e+02;6.3884959e-02;1.4750000e+02;1.6120335e-01;1.4750000e+02;2.3945969e-01;1.4750000e+02;2.6129231e-01;1.4750000e+02;2.2798689e-01;1.4750000e+02;1.7867021e-01;1.4750000e+02;2.2132730e-01;1.4750000e+02;1.9287729e-01;1.4750000e+02;1.4665811e-01;1.4750000e+02;9.4674103e-02;1.4750000e+02;4.8890684e-02;1.4750000e+02;7.0468723e-03;1.4750000e+02;-4.1711856e-02;1.4750000e+02;-8.1189252e-02;1.4750000e+02;-1.2618534e-01;1.4750000e+02;-6.8914019e-02;1.4750000e+02;-5.3413227e-02;1.4750000e+02;-1.1700049e-02;1.4750000e+02;6.3884959e-02;1.4750000e+02;1.6120335e-01;1.4750000e+02;2.3945969e-01;1.4750000e+02;2.6129231e-01;1.4750000e+02;2.2798689e-01;1.4750000e+02;1.7867021e-01;1.4750000e+02;2.2132730e-01;1.4750000e+02;1.9287729e-01;1.4750000e+02;1.4665811e-01;1.4750000e+02;9.4674103e-02;1.4750000e+02;4.8890684e-02;1.4750000e+02;7.0468723e-03;1.4750000e+02;-4.1711856e-02;1.4750000e+02;-8.1189252e-02;1.4750000e+02;-1.2618534e-01;1.4750000e+02;-6.8914019e-02;1.4750000e+02;-5.3413227e-02;1.4750000e+02;-1.1700049e-02;1.4750000e+02;6.3884959e-02;1.4750000e+02;1.6120335e-01;1.4750000e+02;2.3945969e-01;1.4750000e+02;2.6129231e-01;1.4750000e+02;2.2798689e-01;1.4750000e+02;1.7867021e-01;1.4750000e+02;2.2132730e-01;1.4750000e+02;1.9287729e-01;1.4750000e+02;1.4665811e-01;1.4750000e+02;9.4674103e-02;1.4750000e+02;4.8890684e-02;1.4750000e+02;7.0468723e-03;1.4750000e+02;-4.1711856e-02;1.4750000e+02;-8.1189252e-02;1.4750000e+02;-1.2618534e-01;1.4750000e+02;-6.8914019e-02;1.4750000e+02;-5.3413227e-02;1.4750000e+02;-1.1700049e-02;1.4750000e+02;6.3884959e-02;1.4750000e+02;1.6120335e-01;1.4750000e+02;2.3945969e-01;1.4750000e+02;2.6129231e-01;1.4750000e+02;2.2798689e-01;1.4750000e+02;1.7867021e-01;1.4750000e+02;2.2132730e-01;1.4750000e+02;1.9287729e-01;1.4750000e+02;1.4665811e-01;1.4750000e+02;9.4674103e-02;1.4750000e+02;4.8890684e-02;1.4750000e+02;7.0468723e-03;1.4750000e+02;-4.1711856e-02;1.4750000e+02;-8.1189252e-02;1.4750000e+02;-1.2618534e-01;1.4750000e+02;-6.8914019e-02;1.4750000e+02;-5.3413227e-02;1.4750000e+02;-1.1700049e-02;1.4750000e+02;6.3884959e-02;1.4750000e+02;1.6120335e-01;1.4750000e+02;2.3945969e-01;1.4750000e+02;2.6129231e-01;1.4750000e+02;2.2798689e-01;1.4750000e+02;1.7867021e-01;1.4750000e+02;2.2132730e-01;1.4750000e+02;1.9287729e-01;1.4750000e+02;1.4665811e-01;1.4750000e+02;9.4674103e-02;1.4750000e+02;4.8890684e-02;1.4750000e+02;7.0468723e-03;1.4750000e+02;-4.1711856e-02;1.4750000e+02;-8.1189252e-02;1.4750000e+02;-1.2618534e-01;1.4750000e+02;-6.8914019e-02;1.4750000e+02;-5.3413227e-02;1.4750000e+02;-1.1700049e-02;1.4750000e+02;6.3884959e-02;1.4750000e+02;1.6120335e-01;1.4750000e+02;2.3945969e-01;1.4750000e+02;2.6129231e-01;1.4750000e+02;2.2798689e-01;1.4750000e+02;1.7867021e-01;1.4750000e+02;2.2132730e-01;1.4750000e+02;1.9287729e-01;1.4750000e+02;1.4665811e-01;1.4750000e+02;9.4674103e-02;1.4750000e+02;4.8890684e-02;1.4750000e+02;7.0468723e-03;1.4750000e+02;-4.1711856e-02;1.4750000e+02;-8.1189252e-02;1.4750000e+02;-1.2618534e-01;1.4750000e+02;-6.8914019e-02;1.4750000e+02;-5.3413227e-02;1.4750000e+02;-1.1700049e-02;1.4750000e+02;6.3884959e-02;1.4750000e+02;1.6120335e-01;1.4750000e+02;2.3945969e-01;1.4750000e+02;2.6129231e-01;1.4750000e+02;2.2798689e-01;1.4750000e+02;1.7867021e-01;1.4750000e+02;2.2132730e-01;1.4750000e+02;1.9287729e-01;1.4750000e+02;1.4665811e-01;1.4750000e+02;9.4674103e-02;1.4750000e+02;4.8890684e-02;1.4750000e+02;7.0468723e-03;1.4750000e+02;-4.1711856e-02;1.4750000e+02;-8.1189252e-02;1.4750000e+02;-1.2618534e-01;1.4750000e+02;-6.8914019e-02;1.4750000e+02;-5.3413227e-02;1.4750000e+02;-1.1700049e-02;1.4750000e+02;6.3884959e-02;1.4750000e+02;1.6120335e-01;1.4750000e+02;2.3945969e-01;1.4750000e+02;2.6129231e-01;1.4750000e+02;2.2798689e-01;1.4750000e+02;1.7867021e-01;1.4750000e+02;2.2132730e-01;1.4750000e+02;1.9287729e-01;1.4750000e+02;1.4665811e-01;1.4750000e+02;9.4674103e-02;1.4750000e+02;4.8890684e-02;1.4750000e+02;7.0468723e-03;1.4750000e+02;-4.1711856e-02;1.4750000e+02;-8.1189252e-02;1.4750000e+02;-1.2618534e-01;1.4750000e+02;-6.8914019e-02;1.4750000e+02;-5.3413227e-02;1.4750000e+02;-1.1700049e-02;1.4750000e+02;6.3884959e-02;1.4750000e+02;1.6120335e-01;1.4750000e+02;2.3945969e-01;1.4750000e+02;2.6129231e-01;1.4750000e+02;2.2798689e-01;1.4750000e+02;1.7867021e-01;1.4750000e+02;2.2132730e-01;1.4750000e+02;1.9287729e-01;1.4750000e+02;1.4665811e-01;1.4750000e+02;9.4674103e-02;1.4750000e+02;4.8890684e-02;1.4750000e+02;7.0468723e-03;1.4750000e+02;-4.1711856e-02;1.4750000e+02;-8.1189252e-02;1.4750000e+02;-1.2618534e-01;1.4750000e+02;-6.8914019e-02;1.4750000e+02;-5.3413227e-02;1.4750000e+02;-1.1700049e-02;1.4750000e+02;6.3884959e-02;1.4750000e+02;1.6120335e-01;1.4750000e+02;2.3945969e-01;1.4750000e+02;2.6129231e-01;1.4750000e+02;2.2798689e-01;1.4750000e+02;1.7867021e-01;1.4750000e+02;2.2132730e-01;1.4750000e+02;1.9287729e-01;1.4750000e+02;1.4665811e-01;1.4750000e+02;9.4674103e-02;1.4750000e+02;4.8890684e-02;1.4750000e+02;7.0468723e-03;1.4750000e+02;-4.1711856e-02;1.4750000e+02;-8.1189252e-02;1.4750000e+02;-1.2618534e-01;1.4750000e+02;-6.8914019e-02;1.4750000e+02;-5.3413227e-02;1.4750000e+02;-1.1700049e-02;1.4750000e+02;6.3884959e-02;1.4750000e+02;1.6120335e-01;1.4750000e+02;2.3945969e-01;1.4750000e+02;2.6129231e-01;1.4750000e+02;2.2798689e-01;1.4750000e+02;1.7867021e-01;1.4750000e+02;2.2132730e-01;1.4750000e+02;1.9287729e-01;1.4750000e+02;1.4665811e-01;1.4750000e+02;9.4674103e-02;1.4750000e+02;4.8890684e-02;1.4750000e+02;7.0468723e-03;1.4750000e+02;-4.1711856e-02;1.4750000e+02;-8.1189252e-02;1.4750000e+02;-1.2618534e-01;1.4750000e+02;-6.8914019e-02;1.4750000e+02;-5.3413227e-02;1.4750000e+02;-1.1700049e-02;1.4750000e+02;6.3884959e-02;1.4750000e+02;1.6120335e-01;1.4750000e+02;2.3945969e-01;1.4750000e+02;2.6129231e-01;1.4750000e+02;2.2798689e-01;1.4750000e+02;1.7867021e-01;1.4750000e+02;2.2132730e-01;1.4750000e+02;1.9287729e-01;1.4750000e+02;1.4665811e-01;1.4750000e+02;9.4674103e-02;1.4750000e+02;4.8890684e-02;1.4750000e+02;7.0468723e-03;1.4750000e+02;-4.1711856e-02;1.4750000e+02;-8.1189252e-02;1.4750000e+02;-1.2618534e-01;1.4750000e+02;-6.8914019e-02;1.4750000e+02;-5.3413227e-02;1.4750000e+02;-1.1700049e-02;1.4750000e+02;6.3884959e-02;1.4750000e+02;1.6120335e-01;1.4750000e+02;2.3945969e-01;1.4750000e+02;2.6129231e-01;1.4750000e+02;2.2798689e-01;1.4750000e+02;1.7867021e-01;1.4750000e+02;2.2132730e-01;1.4750000e+02;1.9287729e-01;1.4750000e+02;1.4665811e-01;1.4750000e+02;9.4674103e-02;1.4750000e+02;4.8890684e-02;1.4750000e+02;7.0468723e-03;1.4750000e+02;-4.1711856e-02;1.4750000e+02;-8.1189252e-02;1.4750000e+02;-1.2618534e-01;1.4750000e+02;-6.8914019e-02;1.4750000e+02;-5.3413227e-02;1.4750000e+02;-1.1700049e-02;1.4750000e+02;6.3884959e-02;1.4750000e+02;1.6120335e-01;1.4750000e+02;2.3945969e-01;1.4750000e+02;2.6129231e-01;1.4750000e+02;2.2798689e-01;1.4750000e+02;1.7867021e-01;1.4750000e+02;2.2132730e-01;1.4750000e+02;1.9287729e-01;1.4750000e+02;1.4665811e-01;1.4750000e+02;9.4674103e-02;1.4750000e+02;4.8890684e-02;1.4750000e+02;7.0468723e-03;1.4750000e+02;-4.1711856e-02;1.4750000e+02;-8.1189252e-02;1.4750000e+02;-1.2618534e-01;1.4750000e+02;-6.8914019e-02;1.4750000e+02;-5.3413227e-02;1.4750000e+02;-1.1700049e-02;1.4750000e+02;6.3884959e-02;1.4750000e+02;1.6120335e-01;1.4750000e+02;2.3945969e-01;1.4750000e+02;2.6129231e-01;1.4750000e+02;2.2798689e-01;1.4750000e+02;1.7867021e-01;1.4750000e+02;2.2132730e-01;1.4750000e+02;1.9287729e-01;1.4750000e+02;1.4665811e-01;1.4750000e+02;9.4674103e-02;1.4750000e+02;4.8890684e-02;1.4750000e+02;7.0468723e-03;1.4750000e+02;-4.1711856e-02;1.4750000e+02;-8.1189252e-02;1.4750000e+02;-1.2618534e-01;1.4750000e+02;-6.8914019e-02;1.4750000e+02;-5.3413227e-02;1.4750000e+02;-1.1700049e-02;1.4750000e+02;6.3884959e-02;1.4750000e+02;1.6120335e-01;1.4750000e+02;2.3945969e-01;1.4750000e+02;2.6129231e-01;1.4750000e+02;2.2798689e-01;1.4750000e+02;1.7867021e-01;1.4750000e+02;2.2132730e-01;1.4750000e+02;1.9287729e-01;1.4750000e+02;1.4665811e-01;1.4750000e+02;9.4674103e-02;1.4750000e+02;4.8890684e-02;1.4750000e+02;7.0468723e-03;1.4750000e+02;-4.1711856e-02;1.4750000e+02;-8.1189252e-02;1.4750000e+02;-1.2618534e-01;1.4750000e+02;-6.8914019e-02;1.4750000e+02;-5.3413227e-02;1.4750000e+02;-1.1700049e-02;1.4750000e+02;6.3884959e-02;1.4750000e+02;1.6120335e-01;1.4750000e+02;2.3945969e-01;1.4750000e+02;2.6129231e-01;1.4750000e+02;2.2798689e-01;1.4750000e+02;1.7867021e-01;1.4750000e+02;2.2132730e-01;1.4750000e+02;1.9287729e-01;1.4750000e+02;1.4665811e-01;1.4750000e+02;9.4674103e-02;1.4750000e+02;4.8890684e-02;1.4750000e+02;7.0468723e-03;1.4750000e+02;-4.1711856e-02;1.4750000e+02;-8.1189252e-02;1.4750000e+02;-1.2618534e-01;1.4750000e+02;-6.8914019e-02;1.4750000e+02;-5.3413227e-02;1.4750000e+02;-1.1700049e-02;1.4750000e+02;6.3884959e-02;1.4750000e+02;1.6120335e-01;1.4750000e+02;2.3945969e-01;1.4750000e+02;2.6129231e-01;1.4750000e+02;2.2798689e-01;1.4750000e+02;1.7867021e-01;1.4750000e+02;2.2132730e-01;1.4750000e+02;1.9287729e-01;1.4750000e+02;1.4665811e-01;1.4750000e+02;9.4674103e-02;1.4750000e+02;4.8890684e-02;1.4750000e+02;7.0468723e-03;1.4750000e+02;-4.1711856e-02;1.4750000e+02;-8.1189252e-02;1.4750000e+02;-1.2618534e-01;1.4750000e+02;-6.8914019e-02;1.4750000e+02;-5.3413227e-02;1.4750000e+02;-1.1700049e-02;1.4750000e+02;6.3884959e-02;1.4750000e+02;1.6120335e-01;1.4750000e+02;2.3945969e-01;1.4750000e+02;2.6129231e-01;1.4750000e+02;2.2798689e-01;1.4750000e+02;1.7867021e-01;1.4750000e+02;2.2132730e-01;1.4750000e+02;1.9287729e-01;1.4750000e+02;1.4665811e-01;1.4750000e+02;9.4674103e-02;1.4750000e+02;4.8890684e-02;1.4750000e+02;7.0468723e-03;1.4750000e+02;-4.1711856e-02;1.4750000e+02;-8.1189252e-02;1.4750000e+02;-1.2618534e-01;1.4750000e+02;-6.8914019e-02;1.4750000e+02;-5.3413227e-02;1.4750000e+02;-1.1700049e-02;1.4750000e+02;6.3884959e-02;1.4750000e+02;1.6120335e-01;1.4750000e+02;2.3945969e-01;1.4750000e+02;2.6129231e-01;1.4750000e+02;2.2798689e-01;1.4750000e+02;1.7867021e-01;1.4750000e+02;2.2132730e-01;1.4750000e+02;1.9287729e-01;1.4750000e+02;1.4665811e-01;1.4750000e+02;9.4674103e-02;1.4750000e+02;4.8890684e-02;1.4750000e+02;7.0468723e-03;1.4750000e+02;-4.1711856e-02;1.4750000e+02;-8.1189252e-02;1.4750000e+02;-1.2618534e-01;1.4750000e+02;-6.8914019e-02;1.4750000e+02;-5.3413227e-02;1.4750000e+02;-1.1700049e-02;1.4750000e+02;6.3884959e-02;1.4750000e+02;1.6120335e-01;1.4750000e+02;2.3945969e-01;1.4750000e+02;2.6129231e-01;1.4750000e+02;2.2798689e-01;1.4750000e+02;1.7867021e-01;1.4750000e+02;2.2132730e-01;1.4750000e+02;1.9287729e-01;1.4750000e+02;1.4665811e-01;1.4750000e+02;9.4674103e-02;1.4750000e+02;4.8890684e-02;1.4750000e+02;7.0468723e-03;1.4750000e+02;-4.1711856e-02;1.4750000e+02;-8.1189252e-02;1.4750000e+02;-1.2618534e-01;1.4750000e+02;-6.8914019e-02;1.4750000e+02;-5.3413227e-02;1.4750000e+02;-1.1700049e-02;1.4750000e+02;6.3884959e-02;1.4750000e+02;1.6120335e-01;1.4750000e+02;2.3945969e-01;1.4750000e+02;2.6129231e-01;1.4750000e+02;2.2798689e-01;1.4750000e+02;1.7867021e-01;1.4750000e+02;2.2132730e-01;1.4750000e+02;1.9287729e-01;1.4750000e+02;1.4665811e-01;1.4750000e+02;9.4674103e-02;1.4750000e+02;4.8890684e-02;1.4750000e+02;7.0468723e-03;1.4750000e+02;-4.1711856e-02;1.4750000e+02;-8.1189252e-02;1.4750000e+02;-1.2618534e-01;1.4750000e+02;-6.8914019e-02;1.4750000e+02;-5.3413227e-02;1.4750000e+02;-1.1700049e-02;1.4750000e+02;6.3884959e-02;1.4750000e+02;1.6120335e-01;1.4750000e+02;2.3945969e-01;1.4750000e+02;2.6129231e-01;1.4750000e+02;2.2798689e-01;1.4750000e+02;1.7867021e-01;1.4750000e+02;2.2132730e-01;1.4750000e+02;1.9287729e-01;1.4750000e+02;1.4665811e-01;1.4750000e+02;9.4674103e-02;1.4750000e+02;4.8890684e-02;1.4750000e+02;7.0468723e-03;1.4750000e+02;-4.1711856e-02;1.4750000e+02;-8.1189252e-02;1.4750000e+02;-1.2618534e-01;1.4750000e+02;-6.8914019e-02;1.4750000e+02;-5.3413227e-02;1.4750000e+02;-1.1700049e-02;1.4750000e+02;6.3884959e-02;1.4750000e+02;1.6120335e-01;1.4750000e+02;2.3945969e-01;1.4750000e+02;2.6129231e-01;1.4750000e+02;2.2798689e-01;1.4750000e+02;1.7867021e-01;1.4750000e+02;2.2132730e-01;1.4750000e+02;1.9287729e-01;1.4750000e+02;1.4665811e-01;1.4750000e+02;9.4674103e-02;1.4750000e+02;4.8890684e-02;1.4750000e+02;7.0468723e-03;1.4750000e+02;-4.1711856e-02;1.4750000e+02;-8.1189252e-02;1.4750000e+02;-1.2618534e-01;1.4750000e+02;-6.8914019e-02;1.4750000e+02;-5.3413227e-02;1.4750000e+02;-1.1700049e-02;1.4750000e+02;6.3884959e-02;1.4750000e+02;1.6120335e-01;1.4750000e+02;2.3945969e-01;1.4750000e+02;2.6129231e-01;1.4750000e+02;2.2798689e-01;1.4750000e+02;1.7867021e-01;1.4750000e+02;2.2132730e-01;1.4750000e+02;1.9287729e-01;1.4750000e+02;1.4665811e-01;1.4750000e+02;9.4674103e-02;1.4750000e+02;4.8890684e-02;1.4750000e+02;7.0468723e-03;1.4750000e+02;-4.1711856e-02;1.4750000e+02;-8.1189252e-02;1.4750000e+02;-1.2618534e-01;1.4750000e+02;-6.8914019e-02;1.4750000e+02;-5.3413227e-02;1.4750000e+02;-1.1700049e-02;1.4750000e+02;6.3884959e-02;1.4750000e+02;1.6120335e-01;1.4750000e+02;2.3945969e-01;1.4750000e+02;2.6129231e-01;1.4750000e+02;2.2798689e-01;1.4750000e+02;1.7867021e-01;1.4750000e+02;2.2132730e-01;1.4750000e+02;1.9287729e-01;1.4750000e+02;1.4665811e-01;1.4750000e+02;9.4674103e-02;1.4750000e+02;4.8890684e-02;1.4750000e+02;7.0468723e-03;1.4750000e+02;-4.1711856e-02;1.4750000e+02;-8.1189252e-02;1.4750000e+02;-1.2618534e-01;1.4750000e+02;-6.8914019e-02;1.4750000e+02;-5.3413227e-02;1.4750000e+02;-1.1700049e-02;1.4750000e+02;6.3884959e-02;1.4750000e+02;1.6120335e-01;1.4750000e+02;2.3945969e-01;1.4750000e+02;2.6129231e-01;1.4750000e+02;2.2798689e-01;1.4750000e+02;1.7867021e-01;1.4750000e+02;2.2132730e-01;1.4750000e+02;1.9287729e-01;1.4750000e+02;1.4665811e-01;1.4750000e+02;9.4674103e-02;1.4750000e+02;4.8890684e-02;1.4750000e+02;7.0468723e-03;1.4750000e+02;-4.1711856e-02;1.4750000e+02;-8.1189252e-02;1.4750000e+02;-1.2618534e-01;1.4750000e+02;-6.8914019e-02;1.4750000e+02;-5.3413227e-02;1.4750000e+02;-1.1700049e-02;1.4750000e+02;6.3884959e-02;1.4750000e+02;1.6120335e-01;1.4750000e+02;2.3945969e-01;1.4750000e+02;2.6129231e-01;1.4750000e+02;2.2798689e-01;1.4750000e+02;1.7867021e-01;1.4750000e+02;2.2132730e-01;1.4750000e+02;1.9287729e-01;1.4750000e+02;1.4665811e-01;1.4750000e+02;9.4674103e-02;1.4750000e+02;4.8890684e-02;1.4750000e+02;7.0468723e-03;1.4750000e+02;-4.1711856e-02;1.4750000e+02;-8.1189252e-02;1.4750000e+02;-1.2618534e-01;1.4750000e+02;-6.8914019e-02;1.4750000e+02;-5.3413227e-02;1.4750000e+02;-1.1700049e-02;1.4750000e+02;6.3884959e-02;1.4750000e+02;1.6120335e-01;1.4750000e+02;2.3945969e-01;1.4750000e+02;2.6129231e-01;1.4750000e+02;2.2798689e-01;1.4750000e+02;1.7867021e-01;1.4750000e+02;2.2132730e-01;1.4750000e+02;1.9287729e-01;1.4750000e+02;1.4665811e-01;1.4750000e+02;9.4674103e-02;1.4750000e+02;4.8890684e-02;1.4750000e+02;7.0468723e-03;1.4750000e+02;-4.1711856e-02;1.4750000e+02;-8.1189252e-02;1.4750000e+02;-1.2618534e-01;1.4750000e+02;-6.8914019e-02;1.4750000e+02;-5.3413227e-02;1.4750000e+02;-1.1700049e-02;1.4750000e+02;6.3884959e-02;1.4750000e+02;1.6120335e-01;1.4750000e+02;2.3945969e-01;1.4750000e+02;2.6129231e-01;1.4750000e+02;2.2798689e-01;1.4750000e+02;1.7867021e-01;1.4750000e+02;2.2132730e-01;1.4750000e+02;1.9287729e-01;1.4750000e+02;1.4665811e-01;1.4750000e+02;9.4674103e-02;1.4750000e+02;4.8890684e-02;1.4750000e+02;7.0468723e-03;1.4750000e+02;-4.1711856e-02;1.4750000e+02;-8.1189252e-02;1.4750000e+02;-1.2618534e-01;1.4750000e+02;-6.8914019e-02;1.4750000e+02;-5.3413227e-02;1.4750000e+02;-1.1700049e-02;1.4750000e+02;6.3884959e-02;1.4750000e+02;1.6120335e-01;1.4750000e+02;2.3945969e-01;1.4750000e+02;2.6129231e-01;1.4750000e+02;2.2798689e-01;1.4750000e+02;1.7867021e-01;1.4750000e+02;2.2132730e-01;1.4750000e+02;1.9287729e-01;1.4750000e+02;1.4665811e-01;1.4750000e+02;9.4674103e-02;1.4750000e+02;4.8890684e-02;1.4750000e+02;7.0468723e-03;1.4750000e+02;-4.1711856e-02;1.4750000e+02;-8.1189252e-02;1.4750000e+02;-1.2618534e-01;1.4750000e+02;-6.8914019e-02;1.4750000e+02;-5.3413227e-02;1.4750000e+02;-1.1700049e-02;1.4750000e+02;6.3884959e-02;1.4750000e+02;1.6120335e-01;1.4750000e+02;2.3945969e-01;1.4750000e+02;2.6129231e-01;1.4750000e+02;2.2798689e-01;1.4750000e+02;1.7867021e-01;1.4750000e+02;2.2132730e-01;1.4750000e+02;1.9287729e-01;1.4750000e+02;1.4665811e-01;1.4750000e+02;9.4674103e-02;1.4750000e+02;4.8890684e-02;1.4750000e+02;7.0468723e-03;1.4750000e+02;-4.1711856e-02;1.4750000e+02;-8.1189252e-02;1.4750000e+02;-1.2618534e-01;1.4750000e+02;-6.8914019e-02;1.4750000e+02;-5.3413227e-02;1.4750000e+02;-1.1700049e-02;1.4750000e+02;6.3884959e-02;1.4750000e+02;1.6120335e-01;1.4750000e+02;2.3945969e-01;1.4750000e+02;2.6129231e-01;1.4750000e+02;2.2798689e-01;1.4750000e+02;1.7867021e-01;1.4750000e+02;2.2132730e-01;1.4750000e+02;1.9287729e-01;1.4750000e+02;1.4665811e-01;1.4750000e+02;9.4674103e-02;1.4750000e+02;4.8890684e-02;1.4750000e+02;7.0468723e-03;1.4750000e+02;-4.1711856e-02;1.4750000e+02;-8.1189252e-02;1.4750000e+02;-1.2618534e-01;1.4750000e+02;-6.8914019e-02;1.4750000e+02;-5.3413227e-02;1.4750000e+02;-1.1700049e-02;1.4750000e+02;6.3884959e-02;1.4750000e+02;1.6120335e-01;1.4750000e+02;2.3945969e-01;1.4750000e+02;2.6129231e-01;1.4750000e+02;2.2798689e-01;1.4750000e+02;1.7867021e-01;1.4750000e+02;2.2132730e-01;1.4750000e+02;1.9287729e-01;1.4750000e+02;1.4665811e-01;1.4750000e+02;9.4674103e-02;1.4750000e+02;4.8890684e-02;1.4750000e+02;7.0468723e-03;1.4750000e+02;-4.1711856e-02;1.4750000e+02;-8.1189252e-02;1.4750000e+02;-1.2618534e-01;1.4750000e+02;-6.8914019e-02;1.4750000e+02;-5.3413227e-02;1.4750000e+02;-1.1700049e-02;1.4750000e+02;6.3884959e-02;1.4750000e+02;1.6120335e-01;1.4750000e+02;2.3945969e-01;1.4750000e+02;2.6129231e-01;1.4750000e+02;2.2798689e-01;1.4750000e+02;1.7867021e-01;1.4750000e+02;2.2132730e-01;1.4750000e+02;1.9287729e-01;1.4750000e+02;1.4665811e-01;1.4750000e+02;9.4674103e-02;1.4750000e+02;4.8890684e-02;1.4750000e+02;7.0468723e-03;1.4750000e+02;-4.1711856e-02;1.4750000e+02;-8.1189252e-02;1.4750000e+02;-1.2618534e-01;1.4750000e+02;-6.8914019e-02;1.4750000e+02;-5.3413227e-02;1.4750000e+02;-1.1700049e-02;1.4750000e+02;6.3884959e-02;1.4750000e+02;1.6120335e-01;1.4750000e+02;2.3945969e-01;1.4750000e+02;2.6129231e-01;1.4750000e+02;2.2798689e-01;1.4750000e+02;1.7867021e-01;1.4750000e+02;2.2132730e-01;1.4750000e+02;1.9287729e-01;1.4750000e+02;1.4665811e-01;1.4750000e+02;9.4674103e-02;1.4750000e+02;4.8890684e-02;1.4750000e+02;7.0468723e-03;1.4750000e+02;-4.1711856e-02;1.4750000e+02;-8.1189252e-02;1.4750000e+02;-1.2618534e-01;1.4750000e+02;-6.8914019e-02;1.4750000e+02;-5.3413227e-02;1.4750000e+02;-1.1700049e-02;1.4750000e+02;6.3884959e-02;1.4750000e+02;1.6120335e-01;1.4750000e+02;2.3945969e-01;1.4750000e+02;2.6129231e-01;1.4750000e+02;2.2798689e-01;1.4750000e+02;1.7867021e-01;1.4750000e+02;2.2132730e-01;1.4750000e+02;1.9287729e-01;1.4750000e+02;1.4665811e-01;1.4750000e+02;9.4674103e-02;1.4750000e+02;4.8890684e-02;1.4750000e+02;7.0468723e-03;1.4750000e+02;-4.1711856e-02;1.4750000e+02;-8.1189252e-02;1.4750000e+02;-1.2618534e-01;1.4750000e+02;-6.8914019e-02;1.4750000e+02;-5.3413227e-02;1.4750000e+02;-1.1700049e-02;1.4750000e+02;6.3884959e-02;1.4750000e+02;1.6120335e-01;1.4750000e+02;2.3945969e-01;1.4750000e+02;2.6129231e-01;1.4750000e+02;2.2798689e-01;1.4750000e+02;1.7867021e-01;1.4750000e+02;2.2132730e-01;1.4750000e+02;1.9287729e-01;1.4750000e+02;1.4665811e-01;1.4750000e+02;9.4674103e-02;1.4750000e+02;4.8890684e-02;1.4750000e+02;7.0468723e-03;1.4750000e+02;-4.1711856e-02;1.4750000e+02;-8.1189252e-02;1.4750000e+02;-1.2618534e-01;1.4750000e+02;-6.8914019e-02;1.4750000e+02;-5.3413227e-02;1.4750000e+02;-1.1700049e-02;1.4750000e+02;6.3884959e-02;1.4750000e+02;1.6120335e-01;1.4750000e+02;2.3945969e-01;1.4750000e+02;2.6129231e-01;1.4750000e+02;2.2798689e-01;1.4750000e+02;1.7867021e-01;1.4750000e+02;2.2132730e-01;1.4750000e+02;1.9287729e-01;1.4750000e+02;1.4665811e-01;1.4750000e+02;9.4674103e-02;1.4750000e+02;4.8890684e-02;1.4750000e+02;7.0468723e-03;1.4750000e+02;-4.1711856e-02;1.4750000e+02;-8.1189252e-02;1.4750000e+02;-1.2618534e-01;1.4750000e+02;-6.8914019e-02;1.4750000e+02;-5.3413227e-02;1.4750000e+02;-1.1700049e-02;1.4750000e+02;6.3884959e-02;1.4750000e+02;1.6120335e-01;1.4750000e+02;2.3945969e-01;1.4750000e+02;2.6129231e-01;1.4750000e+02;2.2798689e-01;1.4750000e+02;1.7867021e-01;1.4750000e+02;2.2132730e-01;1.4750000e+02;1.9287729e-01;1.4750000e+02;1.4665811e-01;1.4750000e+02;9.4674103e-02;1.4750000e+02;4.8890684e-02;1.4750000e+02;7.0468723e-03;1.4750000e+02;-4.1711856e-02;1.4750000e+02;-8.1189252e-02;1.4750000e+02;-1.2618534e-01;1.4750000e+02;-6.8914019e-02;1.4750000e+02;-5.3413227e-02;1.4750000e+02;-1.1700049e-02;1.4750000e+02;6.3884959e-02;1.4750000e+02;1.6120335e-01;1.4750000e+02;2.3945969e-01;1.4750000e+02;2.6129231e-01;1.4750000e+02;2.2798689e-01;1.4750000e+02;1.7867021e-01;1.4750000e+02;2.2132730e-01;1.4750000e+02;1.9287729e-01;1.4750000e+02;1.4665811e-01;1.4750000e+02;9.4674103e-02;1.4750000e+02;4.8890684e-02;1.4750000e+02;7.0468723e-03;1.4750000e+02;-4.1711856e-02;1.4750000e+02;-8.1189252e-02;1.4750000e+02;-1.2618534e-01;1.4750000e+02;-6.8914019e-02;1.4750000e+02;-5.3413227e-02;1.4750000e+02;-1.1700049e-02;1.4750000e+02;6.3884959e-02;1.4750000e+02;1.6120335e-01;1.4750000e+02;2.3945969e-01;1.4750000e+02;2.6129231e-01;1.4750000e+02;2.2798689e-01;1.4750000e+02;1.7867021e-01;1.4750000e+02;2.2132730e-01;1.4750000e+02;1.9287729e-01;1.4750000e+02;1.4665811e-01;1.4750000e+02;9.4674103e-02;1.4750000e+02;4.8890684e-02;1.4750000e+02;7.0468723e-03;1.4750000e+02;-4.1711856e-02;1.4750000e+02;-8.1189252e-02;1.4750000e+02;-1.2618534e-01;1.4750000e+02;-6.8914019e-02;1.4750000e+02;-5.3413227e-02;1.4750000e+02;-1.1700049e-02;1.4750000e+02;6.3884959e-02;1.4750000e+02;1.6120335e-01;1.4750000e+02;2.3945969e-01;1.4750000e+02;2.6129231e-01;1.4750000e+02;2.2798689e-01;1.4750000e+02;1.7867021e-01;1.4750000e+02;2.2132730e-01;1.4750000e+02;1.9287729e-01;1.4750000e+02;1.4665811e-01;1.4750000e+02;9.4674103e-02;1.4750000e+02;4.8890684e-02;1.4750000e+02;7.0468723e-03;1.4750000e+02;-4.1711856e-02;1.4750000e+02;-8.1189252e-02;1.4750000e+02;-1.2618534e-01;1.4750000e+02;-6.8914019e-02;1.4750000e+02;-5.3413227e-02;1.4750000e+02;-1.1700049e-02;1.4750000e+02;6.3884959e-02;1.4750000e+02;1.6120335e-01;1.4750000e+02;2.3945969e-01;1.4750000e+02;2.6129231e-01;1.4750000e+02;2.2798689e-01;1.4750000e+02;1.7867021e-01;1.4750000e+02;2.2132730e-01;1.4750000e+02;1.9287729e-01;1.4750000e+02;1.4665811e-01;1.4750000e+02;9.4674103e-02;1.4750000e+02;4.8890684e-02;1.4750000e+02;7.0468723e-03;1.4750000e+02;-4.1711856e-02;1.4750000e+02;-8.1189252e-02;1.4750000e+02;-1.2618534e-01;1.4750000e+02;-6.8914019e-02;1.4750000e+02;-5.3413227e-02;1.4750000e+02;-1.1700049e-02;1.4750000e+02;6.3884959e-02;1.4750000e+02;1.6120335e-01;1.4750000e+02;2.3945969e-01;1.4750000e+02;2.6129231e-01;1.4750000e+02;2.2798689e-01;1.4750000e+02;1.7867021e-01;1.4750000e+02;2.2132730e-01;1.4750000e+02;1.9287729e-01;1.4750000e+02;1.4665811e-01;1.4750000e+02;9.4674103e-02;1.4750000e+02;4.8890684e-02;1.4750000e+02;7.0468723e-03;1.4750000e+02;-4.1711856e-02;1.4750000e+02;-8.1189252e-02;1.4750000e+02;-1.2618534e-01;1.4750000e+02;-6.8914019e-02;1.4750000e+02;-5.3413227e-02;1.4750000e+02;-1.1700049e-02;1.4750000e+02;6.3884959e-02;1.4750000e+02;1.6120335e-01;1.4750000e+02;2.3945969e-01;1.4750000e+02;2.6129231e-01;1.4750000e+02;2.2798689e-01;1.4750000e+02;1.7867021e-01;1.4750000e+02;2.2132730e-01;1.4750000e+02;1.9287729e-01;1.4750000e+02;1.4665811e-01;1.4750000e+02;9.4674103e-02;1.4750000e+02;4.8890684e-02;1.4750000e+02;7.0468723e-03;1.4750000e+02;-4.1711856e-02;1.4750000e+02;-8.1189252e-02;1.4750000e+02;-1.2618534e-01;1.4750000e+02;-6.8914019e-02;1.4750000e+02;-5.3413227e-02;1.4750000e+02;-1.1700049e-02;1.4750000e+02;6.3884959e-02;1.4750000e+02;1.6120335e-01;1.4750000e+02;2.3945969e-01;1.4750000e+02;2.6129231e-01;1.4750000e+02;2.2798689e-01;1.4750000e+02;1.7867021e-01;1.4750000e+02;2.2132730e-01;1.4750000e+02;1.9287729e-01;1.4750000e+02;1.4665811e-01;1.4750000e+02;9.4674103e-02;1.4750000e+02;4.8890684e-02;1.4750000e+02;7.0468723e-03;1.4750000e+02;-4.1711856e-02;1.4750000e+02;-8.1189252e-02;1.4750000e+02;-1.2618534e-01;1.4750000e+02;-6.8914019e-02;1.4750000e+02;-5.3413227e-02;1.4750000e+02;-1.1700049e-02;1.4750000e+02;6.3884959e-02;1.4750000e+02;1.6120335e-01;1.4750000e+02;2.3945969e-01;1.4750000e+02;2.6129231e-01;1.4750000e+02;2.2798689e-01;1.4750000e+02;1.7867021e-01;1.4750000e+02;2.2132730e-01;1.4750000e+02;1.9287729e-01;1.4750000e+02;1.4665811e-01;1.4750000e+02;9.4674103e-02;1.4750000e+02;4.8890684e-02;1.4750000e+02;7.0468723e-03;1.4750000e+02;-4.1711856e-02;1.4750000e+02;-8.1189252e-02;1.4750000e+02;-1.2618534e-01;1.4750000e+02;-6.8914019e-02;1.4750000e+02;-5.3413227e-02;1.4750000e+02;-1.1700049e-02;1.4750000e+02;6.3884959e-02;1.4750000e+02;1.6120335e-01;1.4750000e+02;2.3945969e-01;1.4750000e+02;2.6129231e-01;1.4750000e+02;2.2798689e-01;1.4750000e+02;1.7867021e-01;1.4750000e+02;2.2132730e-01;1.4750000e+02;1.9287729e-01;1.4750000e+02;1.4665811e-01;1.4750000e+02;9.4674103e-02;1.4750000e+02;4.8890684e-02;1.4750000e+02;7.0468723e-03;1.4750000e+02;-4.1711856e-02;1.4750000e+02;-8.1189252e-02;1.4750000e+02;-1.2618534e-01
1.5250000e+02;-6.6902399e-02;1.5250000e+02;-4.0141005e-02;1.5250000e+02;3.4569427e-03;1.5250000e+02;7.1324490e-02;1.5250000e+02;1.6837716e-01;1.5250000e+02;2.5266072e-01;1.5250000e+02;2.7379143e-01;1.5250000e+02;2.3898184e-01;1.5250000e+02;1.8274316e-01;1.5250000e+02;2.1888401e-01;1.5250000e+02;1.9304317e-01;1.5250000e+02;1.4634088e-01;1.5250000e+02;9.8404795e-02;1.5250000e+02;5.0070651e-02;1.5250000e+02;8.5775778e-03;1.5250000e+02;-3.9975774e-02;1.5250000e+02;-7.8834191e-02;1.5250000e+02;-1.2198564e-01;1.5250000e+02;-6.6902399e-02;1.5250000e+02;-4.0141005e-02;1.5250000e+02;3.4569427e-03;1.5250000e+02;7.1324490e-02;1.5250000e+02;1.6837716e-01;1.5250000e+02;2.5266072e-01;1.5250000e+02;2.7379143e-01;1.5250000e+02;2.3898184e-01;1.5250000e+02;1.8274316e-01;1.5250000e+02;2.1888401e-01;1.5250000e+02;1.9304317e-01;1.5250000e+02;1.4634088e-01;1.5250000e+02;9.8404795e-02;1.5250000e+02;5.0070651e-02;1.5250000e+02;8.5775778e-03;1.5250000e+02;-3.9975774e-02;1.5250000e+02;-7.8834191e-02;1.5250000e+02;-1.2198564e-01;1.5250000e+02;-6.6902399e-02;1.5250000e+02;-4.0141005e-02;1.5250000e+02;3.4569427e-03;1.5250000e+02;7.1324490e-02;1.5250000e+02;1.6837716e-01;1.5250000e+02;2.5266072e-01;1.5250000e+02;2.7379143e-01;1.5250000e+02;2.3898184e-01;1.5250000e+02;1.8274316e-01;1.5250000e+02;2.1888401e-01;1.5250000e+02;1.9304317e-01;1.5250000e+02;1.4634088e-01;1.5250000e+02;9.8404795e-02;1.5250000e+02;5.0070651e-02;1.5250000e+02;8.5775778e-03;1.5250000e+02;-3.9975774e-02;1.5250000e+02;-7.8834191e-02;1.5250000e+02;-1.2198564e-01;1.5250000e+02;-6.6902399e-02;1.5250000e+02;-4.0141005e-02;1.5250000e+02;3.4569427e-03;1.5250000e+02;7.1324490e-02;1.5250000e+02;1.6837716e-01;1.5250000e+02;2.5266072e-01;1.5250000e+02;2.7379143e-01;1.5250000e+02;2.3898184e-01;1.5250000e+02;1.8274316e-01;1.5250000e+02;2.1888401e-01;1.5250000e+02;1.9304317e-01;1.5250000e+02;1.4634088e-01;1.5250000e+02;9.8404795e-02;1.5250000e+02;5.0070651e-02;1.5250000e+02;8.5775778e-03;1.5250000e+02;-3.9975774e-02;1.5250000e+02;-7.8834191e-02;1.5250000e+02;-1.2198564e-01;1.5250000e+02;-6.6902399e-02;1.5250000e+02;-4.0141005e-02;1.5250000e+02;3.4569427e-03;1.5250000e+02;7.1324490e-02;1.5250000e+02;1.6837716e-01;1.5250000e+02;2.5266072e-01;1.5250000e+02;2.7379143e-01;1.5250000e+02;2.3898184e-01;1.5250000e+02;1.8274316e-01;1.5250000e+02;2.1888401e-01;1.5250000e+02;1.9304317e-01;1.5250000e+02;1.4634088e-01;1.5250000e+02;9.8404795e-02;1.5250000e+02;5.0070651e-02;1.5250000e+02;8.5775778e-03;1.5250000e+02;-3.9975774e-02;1.5250000e+02;-7.8834191e-02;1.5250000e+02;-1.2198564e-01;1.5250000e+02;-6.6902399e-02;1.5250000e+02;-4.0141005e-02;1.5250000e+02;3.4569427e-03;1.5250000e+02;7.1324490e-02;1.5250000e+02;1.6837716e-01;1.5250000e+02;2.5266072e-01;1.5250000e+02;2.7379143e-01;1.5250000e+02;2.3898184e-01;1.5250000e+02;1.8274316e-01;1.5250000e+02;2.1888401e-01;1.5250000e+02;1.9304317e-01;1.5250000e+02;1.4634088e-01;1.5250000e+02;9.8404795e-02;1.5250000e+02;5.0070651e-02;1.5250000e+02;8.5775778e-03;1.5250000e+02;-3.9975774e-02;1.5250000e+02;-7.8834191e-02;1.5250000e+02;-1.2198564e-01;1.5250000e+02;-6.6902399e-02;1.5250000e+02;-4.0141005e-02;1.5250000e+02;3.4569427e-03;1.5250000e+02;7.1324490e-02;1.5250000e+02;1.6837716e-01;1.5250000e+02;2.5266072e-01;1.5250000e+02;2.7379143e-01;1.5250000e+02;2.3898184e-01;1.5250000e+02;1.8274316e-01;1.5250000e+02;2.1888401e-01;1.5250000e+02;1.9304317e-01;1.5250000e+02;1.4634088e-01;1.5250000e+02;9.8404795e-02;1.5250000e+02;5.0070651e-02;1.5250000e+02;8.5775778e-03;1.5250000e+02;-3.9975774e-02;1.5250000e+02;-7.8834191e-02;1.5250000e+02;-1.2198564e-01;1.5250000e+02;-6.6902399e-02;1.5250000e+02;-4.0141005e-02;1.5250000e+02;3.4569427e-03;1.5250000e+02;7.1324490e-02;1.5250000e+02;1.6837716e-01;1.5250000e+02;2.5266072e-01;1.5250000e+02;2.7379143e-01;1.5250000e+02;2.3898184e-01;1.5250000e+02;1.8274316e-01;1.5250000e+02;2.1888401e-01;1.5250000e+02;1.9304317e-01;1.5250000e+02;1.4634088e-01;1.5250000e+02;9.8404795e-02;1.5250000e+02;5.0070651e-02;1.5250000e+02;8.5775778e-03;1.5250000e+02;-3.9975774e-02;1.5250000e+02;-7.8834191e-02;1.5250000e+02;-1.2198564e-01;1.5250000e+02;-6.6902399e-02;1.5250000e+02;-4.0141005e-02;1.5250000e+02;3.4569427e-03;1.5250000e+02;7.1324490e-02;1.5250000e+02;1.6837716e-01;1.5250000e+02;2.5266072e-01;1.5250000e+02;2.7379143e-01;1.5250000e+02;2.3898184e-01;1.5250000e+02;1.8274316e-01;1.5250000e+02;2.1888401e-01;1.5250000e+02;1.9304317e-01;1.5250000e+02;1.4634088e-01;1.5250000e+02;9.8404795e-02;1.5250000e+02;5.0070651e-02;1.5250000e+02;8.5775778e-03;1.5250000e+02;-3.9975774e-02;1.5250000e+02;-7.8834191e-02;1.5250000e+02;-1.2198564e-01;1.5250000e+02;-6.6902399e-02;1.5250000e+02;-4.0141005e-02;1.5250000e+02;3.4569427e-03;1.5250000e+02;7.1324490e-02;1.5250000e+02;1.6837716e-01;1.5250000e+02;2.5266072e-01;1.5250000e+02;2.7379143e-01;1.5250000e+02;2.3898184e-01;1.5250000e+02;1.8274316e-01;1.5250000e+02;2.1888401e-01;1.5250000e+02;1.9304317e-01;1.5250000e+02;1.4634088e-01;1.5250000e+02;9.8404795e-02;1.5250000e+02;5.0070651e-02;1.5250000e+02;8.5775778e-03;1.5250000e+02;-3.9975774e-02;1.5250000e+02;-7.8834191e-02;1.5250000e+02;-1.2198564e-01;1.5250000e+02;-6.6902399e-02;1.5250000e+02;-4.0141005e-02;1.5250000e+02;3.4569427e-03;1.5250000e+02;7.1324490e-02;1.5250000e+02;1.6837716e-01;1.5250000e+02;2.5266072e-01;1.5250000e+02;2.7379143e-01;1.5250000e+02;2.3898184e-01;1.5250000e+02;1.8274316e-01;1.5250000e+02;2.1888401e-01;1.5250000e+02;1.9304317e-01;1.5250000e+02;1.4634088e-01;1.5250000e+02;9.8404795e-02;1.5250000e+02;5.0070651e-02;1.5250000e+02;8.5775778e-03;1.5250000e+02;-3.9975774e-02;1.5250000e+02;-7.8834191e-02;1.5250000e+02;-1.2198564e-01;1.5250000e+02;-6.6902399e-02;1.5250000e+02;-4.0141005e-02;1.5250000e+02;3.4569427e-03;1.5250000e+02;7.1324490e-02;1.5250000e+02;1.6837716e-01;1.5250000e+02;2.5266072e-01;1.5250000e+02;2.7379143e-01;1.5250000e+02;2.3898184e-01;1.5250000e+02;1.8274316e-01;1.5250000e+02;2.1888401e-01;1.5250000e+02;1.9304317e-01;1.5250000e+02;1.4634088e-01;1.5250000e+02;9.8404795e-02;1.5250000e+02;5.0070651e-02;1.5250000e+02;8.5775778e-03;1.5250000e+02;-3.9975774e-02;1.5250000e+02;-7.8834191e-02;1.5250000e+02;-1.2198564e-01;1.5250000e+02;-6.6902399e-02;1.5250000e+02;-4.0141005e-02;1.5250000e+02;3.4569427e-03;1.5250000e+02;7.1324490e-02;1.5250000e+02;1.6837716e-01;1.5250000e+02;2.5266072e-01;1.5250000e+02;2.7379143e-01;1.5250000e+02;2.3898184e-01;1.5250000e+02;1.8274316e-01;1.5250000e+02;2.1888401e-01;1.5250000e+02;1.9304317e-01;1.5250000e+02;1.4634088e-01;1.5250000e+02;9.8404795e-02;1.5250000e+02;5.0070651e-02;1.5250000e+02;8.5775778e-03;1.5250000e+02;-3.9975774e-02;1.5250000e+02;-7.8834191e-02;1.5250000e+02;-1.2198564e-01;1.5250000e+02;-6.6902399e-02;1.5250000e+02;-4.0141005e-02;1.5250000e+02;3.4569427e-03;1.5250000e+02;7.1324490e-02;1.5250000e+02;1.6837716e-01;1.5250000e+02;2.5266072e-01;1.5250000e+02;2.7379143e-01;1.5250000e+02;2.3898184e-01;1.5250000e+02;1.8274316e-01;1.5250000e+02;2.1888401e-01;1.5250000e+02;1.9304317e-01;1.5250000e+02;1.4634088e-01;1.5250000e+02;9.8404795e-02;1.5250000e+02;5.0070651e-02;1.5250000e+02;8.5775778e-03;1.5250000e+02;-3.9975774e-02;1.5250000e+02;-7.8834191e-02;1.5250000e+02;-1.2198564e-01;1.5250000e+02;-6.6902399e-02;1.5250000e+02;-4.0141005e-02;1.5250000e+02;3.4569427e-03;1.5250000e+02;7.1324490e-02;1.5250000e+02;1.6837716e-01;1.5250000e+02;2.5266072e-01;1.5250000e+02;2.7379143e-01;1.5250000e+02;2.3898184e-01;1.5250000e+02;1.8274316e-01;1.5250000e+02;2.1888401e-01;1.5250000e+02;1.9304317e-01;1.5250000e+02;1.4634088e-01;1.5250000e+02;9.8404795e-02;1.5250000e+02;5.0070651e-02;1.5250000e+02;8.5775778e-03;1.5250000e+02;-3.9975774e-02;1.5250000e+02;-7.8834191e-02;1.5250000e+02;-1.2198564e-01;1.5250000e+02;-6.6902399e-02;1.5250000e+02;-4.0141005e-02;1.5250000e+02;3.4569427e-03;1.5250000e+02;7.1324490e-02;1.5250000e+02;1.6837716e-01;1.5250000e+02;2.5266072e-01;1.5250000e+02;2.7379143e-01;1.5250000e+02;2.3898184e-01;1.5250000e+02;1.8274316e-01;1.5250000e+02;2.1888401e-01;1.5250000e+02;1.9304317e-01;1.5250000e+02;1.4634088e-01;1.5250000e+02;9.8404795e-02;1.5250000e+02;5.0070651e-02;1.5250000e+02;8.5775778e-03;1.5250000e+02;-3.9975774e-02;1.5250000e+02;-7.8834191e-02;1.5250000e+02;-1.2198564e-01;1.5250000e+02;-6.6902399e-02;1.5250000e+02;-4.0141005e-02;1.5250000e+02;3.4569427e-03;1.5250000e+02;7.1324490e-02;1.5250000e+02;1.6837716e-01;1.5250000e+02;2.5266072e-01;1.5250000e+02;2.7379143e-01;1.5250000e+02;2.3898184e-01;1.5250000e+02;1.8274316e-01;1.5250000e+02;2.1888401e-01;1.5250000e+02;1.9304317e-01;1.5250000e+02;1.4634088e-01;1.5250000e+02;9.8404795e-02;1.5250000e+02;5.0070651e-02;1.5250000e+02;8.5775778e-03;1.5250000e+02;-3.9975774e-02;1.5250000e+02;-7.8834191e-02;1.5250000e+02;-1.2198564e-01;1.5250000e+02;-6.6902399e-02;1.5250000e+02;-4.0141005e-02;1.5250000e+02;3.4569427e-03;1.5250000e+02;7.1324490e-02;1.5250000e+02;1.6837716e-01;1.5250000e+02;2.5266072e-01;1.5250000e+02;2.7379143e-01;1.5250000e+02;2.3898184e-01;1.5250000e+02;1.8274316e-01;1.5250000e+02;2.1888401e-01;1.5250000e+02;1.9304317e-01;1.5250000e+02;1.4634088e-01;1.5250000e+02;9.8404795e-02;1.5250000e+02;5.0070651e-02;1.5250000e+02;8.5775778e-03;1.5250000e+02;-3.9975774e-02;1.5250000e+02;-7.8834191e-02;1.5250000e+02;-1.2198564e-01;1.5250000e+02;-6.6902399e-02;1.5250000e+02;-4.0141005e-02;1.5250000e+02;3.4569427e-03;1.5250000e+02;7.1324490e-02;1.5250000e+02;1.6837716e-01;1.5250000e+02;2.5266072e-01;1.5250000e+02;2.7379143e-01;1.5250000e+02;2.3898184e-01;1.5250000e+02;1.8274316e-01;1.5250000e+02;2.1888401e-01;1.5250000e+02;1.9304317e-01;1.5250000e+02;1.4634088e-01;1.5250000e+02;9.8404795e-02;1.5250000e+02;5.0070651e-02;1.5250000e+02;8.5775778e-03;1.5250000e+02;-3.9975774e-02;1.5250000e+02;-7.8834191e-02;1.5250000e+02;-1.2198564e-01;1.5250000e+02;-6.6902399e-02;1.5250000e+02;-4.0141005e-02;1.5250000e+02;3.4569427e-03;1.5250000e+02;7.1324490e-02;1.5250000e+02;1.6837716e-01;1.5250000e+02;2.5266072e-01;1.5250000e+02;2.7379143e-01;1.5250000e+02;2.3898184e-01;1.5250000e+02;1.8274316e-01;1.5250000e+02;2.1888401e-01;1.5250000e+02;1.9304317e-01;1.5250000e+02;1.4634088e-01;1.5250000e+02;9.8404795e-02;1.5250000e+02;5.0070651e-02;1.5250000e+02;8.5775778e-03;1.5250000e+02;-3.9975774e-02;1.5250000e+02;-7.8834191e-02;1.5250000e+02;-1.2198564e-01;1.5250000e+02;-6.6902399e-02;1.5250000e+02;-4.0141005e-02;1.5250000e+02;3.4569427e-03;1.5250000e+02;7.1324490e-02;1.5250000e+02;1.6837716e-01;1.5250000e+02;2.5266072e-01;1.5250000e+02;2.7379143e-01;1.5250000e+02;2.3898184e-01;1.5250000e+02;1.8274316e-01;1.5250000e+02;2.1888401e-01;1.5250000e+02;1.9304317e-01;1.5250000e+02;1.4634088e-01;1.5250000e+02;9.8404795e-02;1.5250000e+02;5.0070651e-02;1.5250000e+02;8.5775778e-03;1.5250000e+02;-3.9975774e-02;1.5250000e+02;-7.8834191e-02;1.5250000e+02;-1.2198564e-01;1.5250000e+02;-6.6902399e-02;1.5250000e+02;-4.0141005e-02;1.5250000e+02;3.4569427e-03;1.5250000e+02;7.1324490e-02;1.5250000e+02;1.6837716e-01;1.5250000e+02;2.5266072e-01;1.5250000e+02;2.7379143e-01;1.5250000e+02;2.3898184e-01;1.5250000e+02;1.8274316e-01;1.5250000e+02;2.1888401e-01;1.5250000e+02;1.9304317e-01;1.5250000e+02;1.4634088e-01;1.5250000e+02;9.8404795e-02;1.5250000e+02;5.0070651e-02;1.5250000e+02;8.5775778e-03;1.5250000e+02;-3.9975774e-02;1.5250000e+02;-7.8834191e-02;1.5250000e+02;-1.2198564e-01;1.5250000e+02;-6.6902399e-02;1.5250000e+02;-4.0141005e-02;1.5250000e+02;3.4569427e-03;1.5250000e+02;7.1324490e-02;1.5250000e+02;1.6837716e-01;1.5250000e+02;2.5266072e-01;1.5250000e+02;2.7379143e-01;1.5250000e+02;2.3898184e-01;1.5250000e+02;1.8274316e-01;1.5250000e+02;2.1888401e-01;1.5250000e+02;1.9304317e-01;1.5250000e+02;1.4634088e-01;1.5250000e+02;9.8404795e-02;1.5250000e+02;5.0070651e-02;1.5250000e+02;8.5775778e-03;1.5250000e+02;-3.9975774e-02;1.5250000e+02;-7.8834191e-02;1.5250000e+02;-1.2198564e-01;1.5250000e+02;-6.6902399e-02;1.5250000e+02;-4.0141005e-02;1.5250000e+02;3.4569427e-03;1.5250000e+02;7.1324490e-02;1.5250000e+02;1.6837716e-01;1.5250000e+02;2.5266072e-01;1.5250000e+02;2.7379143e-01;1.5250000e+02;2.3898184e-01;1.5250000e+02;1.8274316e-01;1.5250000e+02;2.1888401e-01;1.5250000e+02;1.9304317e-01;1.5250000e+02;1.4634088e-01;1.5250000e+02;9.8404795e-02;1.5250000e+02;5.0070651e-02;1.5250000e+02;8.5775778e-03;1.5250000e+02;-3.9975774e-02;1.5250000e+02;-7.8834191e-02;1.5250000e+02;-1.2198564e-01;1.5250000e+02;-6.6902399e-02;1.5250000e+02;-4.0141005e-02;1.5250000e+02;3.4569427e-03;1.5250000e+02;7.1324490e-02;1.5250000e+02;1.6837716e-01;1.5250000e+02;2.5266072e-01;1.5250000e+02;2.7379143e-01;1.5250000e+02;2.3898184e-01;1.5250000e+02;1.8274316e-01;1.5250000e+02;2.1888401e-01;1.5250000e+02;1.9304317e-01;1.5250000e+02;1.4634088e-01;1.5250000e+02;9.8404795e-02;1.5250000e+02;5.0070651e-02;1.5250000e+02;8.5775778e-03;1.5250000e+02;-3.9975774e-02;1.5250000e+02;-7.8834191e-02;1.5250000e+02;-1.2198564e-01;1.5250000e+02;-6.6902399e-02;1.5250000e+02;-4.0141005e-02;1.5250000e+02;3.4569427e-03;1.5250000e+02;7.1324490e-02;1.5250000e+02;1.6837716e-01;1.5250000e+02;2.5266072e-01;1.5250000e+02;2.7379143e-01;1.5250000e+02;2.3898184e-01;1.5250000e+02;1.8274316e-01;1.5250000e+02;2.1888401e-01;1.5250000e+02;1.9304317e-01;1.5250000e+02;1.4634088e-01;1.5250000e+02;9.8404795e-02;1.5250000e+02;5.0070651e-02;1.5250000e+02;8.5775778e-03;1.5250000e+02;-3.9975774e-02;1.5250000e+02;-7.8834191e-02;1.5250000e+02;-1.2198564e-01;1.5250000e+02;-6.6902399e-02;1.5250000e+02;-4.0141005e-02;1.5250000e+02;3.4569427e-03;1.5250000e+02;7.1324490e-02;1.5250000e+02;1.6837716e-01;1.5250000e+02;2.5266072e-01;1.5250000e+02;2.7379143e-01;1.5250000e+02;2.3898184e-01;1.5250000e+02;1.8274316e-01;1.5250000e+02;2.1888401e-01;1.5250000e+02;1.9304317e-01;1.5250000e+02;1.4634088e-01;1.5250000e+02;9.8404795e-02;1.5250000e+02;5.0070651e-02;1.5250000e+02;8.5775778e-03;1.5250000e+02;-3.9975774e-02;1.5250000e+02;-7.8834191e-02;1.5250000e+02;-1.2198564e-01;1.5250000e+02;-6.6902399e-02;1.5250000e+02;-4.0141005e-02;1.5250000e+02;3.4569427e-03;1.5250000e+02;7.1324490e-02;1.5250000e+02;1.6837716e-01;1.5250000e+02;2.5266072e-01;1.5250000e+02;2.7379143e-01;1.5250000e+02;2.3898184e-01;1.5250000e+02;1.8274316e-01;1.5250000e+02;2.1888401e-01;1.5250000e+02;1.9304317e-01;1.5250000e+02;1.4634088e-01;1.5250000e+02;9.8404795e-02;1.5250000e+02;5.0070651e-02;1.5250000e+02;8.5775778e-03;1.5250000e+02;-3.9975774e-02;1.5250000e+02;-7.8834191e-02;1.5250000e+02;-1.2198564e-01;1.5250000e+02;-6.6902399e-02;1.5250000e+02;-4.0141005e-02;1.5250000e+02;3.4569427e-03;1.5250000e+02;7.1324490e-02;1.5250000e+02;1.6837716e-01;1.5250000e+02;2.5266072e-01;1.5250000e+02;2.7379143e-01;1.5250000e+02;2.3898184e-01;1.5250000e+02;1.8274316e-01;1.5250000e+02;2.1888401e-01;1.5250000e+02;1.9304317e-01;1.5250000e+02;1.4634088e-01;1.5250000e+02;9.8404795e-02;1.5250000e+02;5.0070651e-02;1.5250000e+02;8.5775778e-03;1.5250000e+02;-3.9975774e-02;1.5250000e+02;-7.8834191e-02;1.5250000e+02;-1.2198564e-01;1.5250000e+02;-6.6902399e-02;1.5250000e+02;-4.0141005e-02;1.5250000e+02;3.4569427e-03;1.5250000e+02;7.1324490e-02;1.5250000e+02;1.6837716e-01;1.5250000e+02;2.5266072e-01;1.5250000e+02;2.7379143e-01;1.5250000e+02;2.3898184e-01;1.5250000e+02;1.8274316e-01;1.5250000e+02;2.1888401e-01;1.5250000e+02;1.9304317e-01;1.5250000e+02;1.4634088e-01;1.5250000e+02;9.8404795e-02;1.5250000e+02;5.0070651e-02;1.5250000e+02;8.5775778e-03;1.5250000e+02;-3.9975774e-02;1.5250000e+02;-7.8834191e-02;1.5250000e+02;-1.2198564e-01;1.5250000e+02;-6.6902399e-02;1.5250000e+02;-4.0141005e-02;1.5250000e+02;3.4569427e-03;1.5250000e+02;7.1324490e-02;1.5250000e+02;1.6837716e-01;1.5250000e+02;2.5266072e-01;1.5250000e+02;2.7379143e-01;1.5250000e+02;2.3898184e-01;1.5250000e+02;1.8274316e-01;1.5250000e+02;2.1888401e-01;1.5250000e+02;1.9304317e-01;1.5250000e+02;1.4634088e-01;1.5250000e+02;9.8404795e-02;1.5250000e+02;5.0070651e-02;1.5250000e+02;8.5775778e-03;1.5250000e+02;-3.9975774e-02;1.5250000e+02;-7.8834191e-02;1.5250000e+02;-1.2198564e-01;1.5250000e+02;-6.6902399e-02;1.5250000e+02;-4.0141005e-02;1.5250000e+02;3.4569427e-03;1.5250000e+02;7.1324490e-02;1.5250000e+02;1.6837716e-01;1.5250000e+02;2.5266072e-01;1.5250000e+02;2.7379143e-01;1.5250000e+02;2.3898184e-01;1.5250000e+02;1.8274316e-01;1.5250000e+02;2.1888401e-01;1.5250000e+02;1.9304317e-01;1.5250000e+02;1.4634088e-01;1.5250000e+02;9.8404795e-02;1.5250000e+02;5.0070651e-02;1.5250000e+02;8.5775778e-03;1.5250000e+02;-3.9975774e-02;1.5250000e+02;-7.8834191e-02;1.5250000e+02;-1.2198564e-01;1.5250000e+02;-6.6902399e-02;1.5250000e+02;-4.0141005e-02;1.5250000e+02;3.4569427e-03;1.5250000e+02;7.1324490e-02;1.5250000e+02;1.6837716e-01;1.5250000e+02;2.5266072e-01;1.5250000e+02;2.7379143e-01;1.5250000e+02;2.3898184e-01;1.5250000e+02;1.8274316e-01;1.5250000e+02;2.1888401e-01;1.5250000e+02;1.9304317e-01;1.5250000e+02;1.4634088e-01;1.5250000e+02;9.8404795e-02;1.5250000e+02;5.0070651e-02;1.5250000e+02;8.5775778e-03;1.5250000e+02;-3.9975774e-02;1.5250000e+02;-7.8834191e-02;1.5250000e+02;-1.2198564e-01;1.5250000e+02;-6.6902399e-02;1.5250000e+02;-4.0141005e-02;1.5250000e+02;3.4569427e-03;1.5250000e+02;7.1324490e-02;1.5250000e+02;1.6837716e-01;1.5250000e+02;2.5266072e-01;1.5250000e+02;2.7379143e-01;1.5250000e+02;2.3898184e-01;1.5250000e+02;1.8274316e-01;1.5250000e+02;2.1888401e-01;1.5250000e+02;1.9304317e-01;1.5250000e+02;1.4634088e-01;1.5250000e+02;9.8404795e-02;1.5250000e+02;5.0070651e-02;1.5250000e+02;8.5775778e-03;1.5250000e+02;-3.9975774e-02;1.5250000e+02;-7.8834191e-02;1.5250000e+02;-1.2198564e-01;1.5250000e+02;-6.6902399e-02;1.5250000e+02;-4.0141005e-02;1.5250000e+02;3.4569427e-03;1.5250000e+02;7.1324490e-02;1.5250000e+02;1.6837716e-01;1.5250000e+02;2.5266072e-01;1.5250000e+02;2.7379143e-01;1.5250000e+02;2.3898184e-01;1.5250000e+02;1.8274316e-01;1.5250000e+02;2.1888401e-01;1.5250000e+02;1.9304317e-01;1.5250000e+02;1.4634088e-01;1.5250000e+02;9.8404795e-02;1.5250000e+02;5.0070651e-02;1.5250000e+02;8.5775778e-03;1.5250000e+02;-3.9975774e-02;1.5250000e+02;-7.8834191e-02;1.5250000e+02;-1.2198564e-01;1.5250000e+02;-6.6902399e-02;1.5250000e+02;-4.0141005e-02;1.5250000e+02;3.4569427e-03;1.5250000e+02;7.1324490e-02;1.5250000e+02;1.6837716e-01;1.5250000e+02;2.5266072e-01;1.5250000e+02;2.7379143e-01;1.5250000e+02;2.3898184e-01;1.5250000e+02;1.8274316e-01;1.5250000e+02;2.1888401e-01;1.5250000e+02;1.9304317e-01;1.5250000e+02;1.4634088e-01;1.5250000e+02;9.8404795e-02;1.5250000e+02;5.0070651e-02;1.5250000e+02;8.5775778e-03;1.5250000e+02;-3.9975774e-02;1.5250000e+02;-7.8834191e-02;1.5250000e+02;-1.2198564e-01;1.5250000e+02;-6.6902399e-02;1.5250000e+02;-4.0141005e-02;1.5250000e+02;3.4569427e-03;1.5250000e+02;7.1324490e-02;1.5250000e+02;1.6837716e-01;1.5250000e+02;2.5266072e-01;1.5250000e+02;2.7379143e-01;1.5250000e+02;2.3898184e-01;1.5250000e+02;1.8274316e-01;1.5250000e+02;2.1888401e-01;1.5250000e+02;1.9304317e-01;1.5250000e+02;1.4634088e-01;1.5250000e+02;9.8404795e-02;1.5250000e+02;5.0070651e-02;1.5250000e+02;8.5775778e-03;1.5250000e+02;-3.9975774e-02;1.5250000e+02;-7.8834191e-02;1.5250000e+02;-1.2198564e-01;1.5250000e+02;-6.6902399e-02;1.5250000e+02;-4.0141005e-02;1.5250000e+02;3.4569427e-03;1.5250000e+02;7.1324490e-02;1.5250000e+02;1.6837716e-01;1.5250000e+02;2.5266072e-01;1.5250000e+02;2.7379143e-01;1.5250000e+02;2.3898184e-01;1.5250000e+02;1.8274316e-01;1.5250000e+02;2.1888401e-01;1.5250000e+02;1.9304317e-01;1.5250000e+02;1.4634088e-01;1.5250000e+02;9.8404795e-02;1.5250000e+02;5.0070651e-02;1.5250000e+02;8.5775778e-03;1.5250000e+02;-3.9975774e-02;1.5250000e+02;-7.8834191e-02;1.5250000e+02;-1.2198564e-01;1.5250000e+02;-6.6902399e-02;1.5250000e+02;-4.0141005e-02;1.5250000e+02;3.4569427e-03;1.5250000e+02;7.1324490e-02;1.5250000e+02;1.6837716e-01;1.5250000e+02;2.5266072e-01;1.5250000e+02;2.7379143e-01;1.5250000e+02;2.3898184e-01;1.5250000e+02;1.8274316e-01;1.5250000e+02;2.1888401e-01;1.5250000e+02;1.9304317e-01;1.5250000e+02;1.4634088e-01;1.5250000e+02;9.8404795e-02;1.5250000e+02;5.0070651e-02;1.5250000e+02;8.5775778e-03;1.5250000e+02;-3.9975774e-02;1.5250000e+02;-7.8834191e-02;1.5250000e+02;-1.2198564e-01;1.5250000e+02;-6.6902399e-02;1.5250000e+02;-4.0141005e-02;1.5250000e+02;3.4569427e-03;1.5250000e+02;7.1324490e-02;1.5250000e+02;1.6837716e-01;1.5250000e+02;2.5266072e-01;1.5250000e+02;2.7379143e-01;1.5250000e+02;2.3898184e-01;1.5250000e+02;1.8274316e-01;1.5250000e+02;2.1888401e-01;1.5250000e+02;1.9304317e-01;1.5250000e+02;1.4634088e-01;1.5250000e+02;9.8404795e-02;1.5250000e+02;5.0070651e-02;1.5250000e+02;8.5775778e-03;1.5250000e+02;-3.9975774e-02;1.5250000e+02;-7.8834191e-02;1.5250000e+02;-1.2198564e-01;1.5250000e+02;-6.6902399e-02;1.5250000e+02;-4.0141005e-02;1.5250000e+02;3.4569427e-03;1.5250000e+02;7.1324490e-02;1.5250000e+02;1.6837716e-01;1.5250000e+02;2.5266072e-01;1.5250000e+02;2.7379143e-01;1.5250000e+02;2.3898184e-01;1.5250000e+02;1.8274316e-01;1.5250000e+02;2.1888401e-01;1.5250000e+02;1.9304317e-01;1.5250000e+02;1.4634088e-01;1.5250000e+02;9.8404795e-02;1.5250000e+02;5.0070651e-02;1.5250000e+02;8.5775778e-03;1.5250000e+02;-3.9975774e-02;1.5250000e+02;-7.8834191e-02;1.5250000e+02;-1.2198564e-01;1.5250000e+02;-6.6902399e-02;1.5250000e+02;-4.0141005e-02;1.5250000e+02;3.4569427e-03;1.5250000e+02;7.1324490e-02;1.5250000e+02;1.6837716e-01;1.5250000e+02;2.5266072e-01;1.5250000e+02;2.7379143e-01;1.5250000e+02;2.3898184e-01;1.5250000e+02;1.8274316e-01;1.5250000e+02;2.1888401e-01;1.5250000e+02;1.9304317e-01;1.5250000e+02;1.4634088e-01;1.5250000e+02;9.8404795e-02;1.5250000e+02;5.0070651e-02;1.5250000e+02;8.5775778e-03;1.5250000e+02;-3.9975774e-02;1.5250000e+02;-7.8834191e-02;1.5250000e+02;-1.2198564e-01;1.5250000e+02;-6.6902399e-02;1.5250000e+02;-4.0141005e-02;1.5250000e+02;3.4569427e-03;1.5250000e+02;7.1324490e-02;1.5250000e+02;1.6837716e-01;1.5250000e+02;2.5266072e-01;1.5250000e+02;2.7379143e-01;1.5250000e+02;2.3898184e-01;1.5250000e+02;1.8274316e-01;1.5250000e+02;2.1888401e-01;1.5250000e+02;1.9304317e-01;1.5250000e+02;1.4634088e-01;1.5250000e+02;9.8404795e-02;1.5250000e+02;5.0070651e-02;1.5250000e+02;8.5775778e-03;1.5250000e+02;-3.9975774e-02;1.5250000e+02;-7.8834191e-02;1.5250000e+02;-1.2198564e-01;1.5250000e+02;-6.6902399e-02;1.5250000e+02;-4.0141005e-02;1.5250000e+02;3.4569427e-03;1.5250000e+02;7.1324490e-02;1.5250000e+02;1.6837716e-01;1.5250000e+02;2.5266072e-01;1.5250000e+02;2.7379143e-01;1.5250000e+02;2.3898184e-01;1.5250000e+02;1.8274316e-01;1.5250000e+02;2.1888401e-01;1.5250000e+02;1.9304317e-01;1.5250000e+02;1.4634088e-01;1.5250000e+02;9.8404795e-02;1.5250000e+02;5.0070651e-02;1.5250000e+02;8.5775778e-03;1.5250000e+02;-3.9975774e-02;1.5250000e+02;-7.8834191e-02;1.5250000e+02;-1.2198564e-01;1.5250000e+02;-6.6902399e-02;1.5250000e+02;-4.0141005e-02;1.5250000e+02;3.4569427e-03;1.5250000e+02;7.1324490e-02;1.5250000e+02;1.6837716e-01;1.5250000e+02;2.5266072e-01;1.5250000e+02;2.7379143e-01;1.5250000e+02;2.3898184e-01;1.5250000e+02;1.8274316e-01;1.5250000e+02;2.1888401e-01;1.5250000e+02;1.9304317e-01;1.5250000e+02;1.4634088e-01;1.5250000e+02;9.8404795e-02;1.5250000e+02;5.0070651e-02;1.5250000e+02;8.5775778e-03;1.5250000e+02;-3.9975774e-02;1.5250000e+02;-7.8834191e-02;1.5250000e+02;-1.2198564e-01;1.5250000e+02;-6.6902399e-02;1.5250000e+02;-4.0141005e-02;1.5250000e+02;3.4569427e-03;1.5250000e+02;7.1324490e-02;1.5250000e+02;1.6837716e-01;1.5250000e+02;2.5266072e-01;1.5250000e+02;2.7379143e-01;1.5250000e+02;2.3898184e-01;1.5250000e+02;1.8274316e-01;1.5250000e+02;2.1888401e-01;1.5250000e+02;1.9304317e-01;1.5250000e+02;1.4634088e-01;1.5250000e+02;9.8404795e-02;1.5250000e+02;5.0070651e-02;1.5250000e+02;8.5775778e-03;1.5250000e+02;-3.9975774e-02;1.5250000e+02;-7.8834191e-02;1.5250000e+02;-1.2198564e-01;1.5250000e+02;-6.6902399e-02;1.5250000e+02;-4.0141005e-02;1.5250000e+02;3.4569427e-03;1.5250000e+02;7.1324490e-02;1.5250000e+02;1.6837716e-01;1.5250000e+02;2.5266072e-01;1.5250000e+02;2.7379143e-01;1.5250000e+02;2.3898184e-01;1.5250000e+02;1.8274316e-01;1.5250000e+02;2.1888401e-01;1.5250000e+02;1.9304317e-01;1.5250000e+02;1.4634088e-01;1.5250000e+02;9.8404795e-02;1.5250000e+02;5.0070651e-02;1.5250000e+02;8.5775778e-03;1.5250000e+02;-3.9975774e-02;1.5250000e+02;-7.8834191e-02;1.5250000e+02;-1.2198564e-01;1.5250000e+02;-6.6902399e-02;1.5250000e+02;-4.0141005e-02;1.5250000e+02;3.4569427e-03;1.5250000e+02;7.1324490e-02;1.5250000e+02;1.6837716e-01;1.5250000e+02;2.5266072e-01;1.5250000e+02;2.7379143e-01;1.5250000e+02;2.3898184e-01;1.5250000e+02;1.8274316e-01;1.5250000e+02;2.1888401e-01;1.5250000e+02;1.9304317e-01;1.5250000e+02;1.4634088e-01;1.5250000e+02;9.8404795e-02;1.5250000e+02;5.0070651e-02;1.5250000e+02;8.5775778e-03;1.5250000e+02;-3.9975774e-02;1.5250000e+02;-7.8834191e-02;1.5250000e+02;-1.2198564e-01;1.5250000e+02;-6.6902399e-02;1.5250000e+02;-4.0141005e-02;1.5250000e+02;3.4569427e-03;1.5250000e+02;7.1324490e-02;1.5250000e+02;1.6837716e-01;1.5250000e+02;2.5266072e-01;1.5250000e+02;2.7379143e-01;1.5250000e+02;2.3898184e-01;1.5250000e+02;1.8274316e-01;1.5250000e+02;2.1888401e-01;1.5250000e+02;1.9304317e-01;1.5250000e+02;1.4634088e-01;1.5250000e+02;9.8404795e-02;1.5250000e+02;5.0070651e-02;1.5250000e+02;8.5775778e-03;1.5250000e+02;-3.9975774e-02;1.5250000e+02;-7.8834191e-02;1.5250000e+02;-1.2198564e-01;1.5250000e+02;-6.6902399e-02;1.5250000e+02;-4.0141005e-02;1.5250000e+02;3.4569427e-03;1.5250000e+02;7.1324490e-02;1.5250000e+02;1.6837716e-01;1.5250000e+02;2.5266072e-01;1.5250000e+02;2.7379143e-01;1.5250000e+02;2.3898184e-01;1.5250000e+02;1.8274316e-01;1.5250000e+02;2.1888401e-01;1.5250000e+02;1.9304317e-01;1.5250000e+02;1.4634088e-01;1.5250000e+02;9.8404795e-02;1.5250000e+02;5.0070651e-02;1.5250000e+02;8.5775778e-03;1.5250000e+02;-3.9975774e-02;1.5250000e+02;-7.8834191e-02;1.5250000e+02;-1.2198564e-01;1.5250000e+02;-6.6902399e-02;1.5250000e+02;-4.0141005e-02;1.5250000e+02;3.4569427e-03;1.5250000e+02;7.1324490e-02;1.5250000e+02;1.6837716e-01;1.5250000e+02;2.5266072e-01;1.5250000e+02;2.7379143e-01;1.5250000e+02;2.3898184e-01;1.5250000e+02;1.8274316e-01;1.5250000e+02;2.1888401e-01;1.5250000e+02;1.9304317e-01;1.5250000e+02;1.4634088e-01;1.5250000e+02;9.8404795e-02;1.5250000e+02;5.0070651e-02;1.5250000e+02;8.5775778e-03;1.5250000e+02;-3.9975774e-02;1.5250000e+02;-7.8834191e-02;1.5250000e+02;-1.2198564e-01;1.5250000e+02;-6.6902399e-02;1.5250000e+02;-4.0141005e-02;1.5250000e+02;3.4569427e-03;1.5250000e+02;7.1324490e-02;1.5250000e+02;1.6837716e-01;1.5250000e+02;2.5266072e-01;1.5250000e+02;2.7379143e-01;1.5250000e+02;2.3898184e-01;1.5250000e+02;1.8274316e-01;1.5250000e+02;2.1888401e-01;1.5250000e+02;1.9304317e-01;1.5250000e+02;1.4634088e-01;1.5250000e+02;9.8404795e-02;1.5250000e+02;5.0070651e-02;1.5250000e+02;8.5775778e-03;1.5250000e+02;-3.9975774e-02;1.5250000e+02;-7.8834191e-02;1.5250000e+02;-1.2198564e-01;1.5250000e+02;-6.6902399e-02;1.5250000e+02;-4.0141005e-02;1.5250000e+02;3.4569427e-03;1.5250000e+02;7.1324490e-02;1.5250000e+02;1.6837716e-01;1.5250000e+02;2.5266072e-01;1.5250000e+02;2.7379143e-01;1.5250000e+02;2.3898184e-01;1.5250000e+02;1.8274316e-01;1.5250000e+02;2.1888401e-01;1.5250000e+02;1.9304317e-01;1.5250000e+02;1.4634088e-01;1.5250000e+02;9.8404795e-02;1.5250000e+02;5.0070651e-02;1.5250000e+02;8.5775778e-03;1.5250000e+02;-3.9975774e-02;1.5250000e+02;-7.8834191e-02;1.5250000e+02;-1.2198564e-01;1.5250000e+02;-6.6902399e-02;1.5250000e+02;-4.0141005e-02;1.5250000e+02;3.4569427e-03;1.5250000e+02;7.1324490e-02;1.5250000e+02;1.6837716e-01;1.5250000e+02;2.5266072e-01;1.5250000e+02;2.7379143e-01;1.5250000e+02;2.3898184e-01;1.5250000e+02;1.8274316e-01;1.5250000e+02;2.1888401e-01;1.5250000e+02;1.9304317e-01;1.5250000e+02;1.4634088e-01;1.5250000e+02;9.8404795e-02;1.5250000e+02;5.0070651e-02;1.5250000e+02;8.5775778e-03;1.5250000e+02;-3.9975774e-02;1.5250000e+02;-7.8834191e-02;1.5250000e+02;-1.2198564e-01;1.5250000e+02;-6.6902399e-02;1.5250000e+02;-4.0141005e-02;1.5250000e+02;3.4569427e-03;1.5250000e+02;7.1324490e-02;1.5250000e+02;1.6837716e-01;1.5250000e+02;2.5266072e-01;1.5250000e+02;2.7379143e-01;1.5250000e+02;2.3898184e-01;1.5250000e+02;1.8274316e-01;1.5250000e+02;2.1888401e-01;1.5250000e+02;1.9304317e-01;1.5250000e+02;1.4634088e-01;1.5250000e+02;9.8404795e-02;1.5250000e+02;5.0070651e-02;1.5250000e+02;8.5775778e-03;1.5250000e+02;-3.9975774e-02;1.5250000e+02;-7.8834191e-02;1.5250000e+02;-1.2198564e-01;1.5250000e+02;-6.6902399e-02;1.5250000e+02;-4.0141005e-02;1.5250000e+02;3.4569427e-03;1.5250000e+02;7.1324490e-02;1.5250000e+02;1.6837716e-01;1.5250000e+02;2.5266072e-01;1.5250000e+02;2.7379143e-01;1.5250000e+02;2.3898184e-01;1.5250000e+02;1.8274316e-01;1.5250000e+02;2.1888401e-01;1.5250000e+02;1.9304317e-01;1.5250000e+02;1.4634088e-01;1.5250000e+02;9.8404795e-02;1.5250000e+02;5.0070651e-02;1.5250000e+02;8.5775778e-03;1.5250000e+02;-3.9975774e-02;1.5250000e+02;-7.8834191e-02;1.5250000e+02;-1.2198564e-01;1.5250000e+02;-6.6902399e-02;1.5250000e+02;-4.0141005e-02;1.5250000e+02;3.4569427e-03;1.5250000e+02;7.1324490e-02;1.5250000e+02;1.6837716e-01;1.5250000e+02;2.5266072e-01;1.5250000e+02;2.7379143e-01;1.5250000e+02;2.3898184e-01;1.5250000e+02;1.8274316e-01;1.5250000e+02;2.1888401e-01;1.5250000e+02;1.9304317e-01;1.5250000e+02;1.4634088e-01;1.5250000e+02;9.8404795e-02;1.5250000e+02;5.0070651e-02;1.5250000e+02;8.5775778e-03;1.5250000e+02;-3.9975774e-02;1.5250000e+02;-7.8834191e-02;1.5250000e+02;-1.2198564e-01;1.5250000e+02;-6.6902399e-02;1.5250000e+02;-4.0141005e-02;1.5250000e+02;3.4569427e-03;1.5250000e+02;7.1324490e-02;1.5250000e+02;1.6837716e-01;1.5250000e+02;2.5266072e-01;1.5250000e+02;2.7379143e-01;1.5250000e+02;2.3898184e-01;1.5250000e+02;1.8274316e-01;1.5250000e+02;2.1888401e-01;1.5250000e+02;1.9304317e-01;1.5250000e+02;1.4634088e-01;1.5250000e+02;9.8404795e-02;1.5250000e+02;5.0070651e-02;1.5250000e+02;8.5775778e-03;1.5250000e+02;-3.9975774e-02;1.5250000e+02;-7.8834191e-02;1.5250000e+02;-1.2198564e-01;1.5250000e+02;-6.6902399e-02;1.5250000e+02;-4.0141005e-02;1.5250000e+02;3.4569427e-03;1.5250000e+02;7.1324490e-02;1.5250000e+02;1.6837716e-01;1.5250000e+02;2.5266072e-01;1.5250000e+02;2.7379143e-01;1.5250000e+02;2.3898184e-01;1.5250000e+02;1.8274316e-01;1.5250000e+02;2.1888401e-01;1.5250000e+02;1.9304317e-01;1.5250000e+02;1.4634088e-01;1.5250000e+02;9.8404795e-02;1.5250000e+02;5.0070651e-02;1.5250000e+02;8.5775778e-03;1.5250000e+02;-3.9975774e-02;1.5250000e+02;-7.8834191e-02;1.5250000e+02;-1.2198564e-01;1.5250000e+02;-6.6902399e-02;1.5250000e+02;-4.0141005e-02;1.5250000e+02;3.4569427e-03;1.5250000e+02;7.1324490e-02;1.5250000e+02;1.6837716e-01;1.5250000e+02;2.5266072e-01;1.5250000e+02;2.7379143e-01;1.5250000e+02;2.3898184e-01;1.5250000e+02;1.8274316e-01;1.5250000e+02;2.1888401e-01;1.5250000e+02;1.9304317e-01;1.5250000e+02;1.4634088e-01;1.5250000e+02;9.8404795e-02;1.5250000e+02;5.0070651e-02;1.5250000e+02;8.5775778e-03;1.5250000e+02;-3.9975774e-02;1.5250000e+02;-7.8834191e-02;1.5250000e+02;-1.2198564e-01;1.5250000e+02;-6.6902399e-02;1.5250000e+02;-4.0141005e-02;1.5250000e+02;3.4569427e-03;1.5250000e+02;7.1324490e-02;1.5250000e+02;1.6837716e-01;1.5250000e+02;2.5266072e-01;1.5250000e+02;2.7379143e-01;1.5250000e+02;2.3898184e-01;1.5250000e+02;1.8274316e-01;1.5250000e+02;2.1888401e-01;1.5250000e+02;1.9304317e-01;1.5250000e+02;1.4634088e-01;1.5250000e+02;9.8404795e-02;1.5250000e+02;5.0070651e-02;1.5250000e+02;8.5775778e-03;1.5250000e+02;-3.9975774e-02;1.5250000e+02;-7.8834191e-02;1.5250000e+02;-1.2198564e-01;1.5250000e+02;-6.6902399e-02;1.5250000e+02;-4.0141005e-02;1.5250000e+02;3.4569427e-03;1.5250000e+02;7.1324490e-02;1.5250000e+02;1.6837716e-01;1.5250000e+02;2.5266072e-01;1.5250000e+02;2.7379143e-01;1.5250000e+02;2.3898184e-01;1.5250000e+02;1.8274316e-01;1.5250000e+02;2.1888401e-01;1.5250000e+02;1.9304317e-01;1.5250000e+02;1.4634088e-01;1.5250000e+02;9.8404795e-02;1.5250000e+02;5.0070651e-02;1.5250000e+02;8.5775778e-03;1.5250000e+02;-3.9975774e-02;1.5250000e+02;-7.8834191e-02;1.5250000e+02;-1.2198564e-01;1.5250000e+02;-6.6902399e-02;1.5250000e+02;-4.0141005e-02;1.5250000e+02;3.4569427e-03;1.5250000e+02;7.1324490e-02;1.5250000e+02;1.6837716e-01;1.5250000e+02;2.5266072e-01;1.5250000e+02;2.7379143e-01;1.5250000e+02;2.3898184e-01;1.5250000e+02;1.8274316e-01;1.5250000e+02;2.1888401e-01;1.5250000e+02;1.9304317e-01;1.5250000e+02;1.4634088e-01;1.5250000e+02;9.8404795e-02;1.5250000e+02;5.0070651e-02;1.5250000e+02;8.5775778e-03;1.5250000e+02;-3.9975774e-02;1.5250000e+02;-7.8834191e-02;1.5250000e+02;-1.2198564e-01;1.5250000e+02;-6.6902399e-02;1.5250000e+02;-4.0141005e-02;1.5250000e+02;3.4569427e-03;1.5250000e+02;7.1324490e-02;1.5250000e+02;1.6837716e-01;1.5250000e+02;2.5266072e-01;1.5250000e+02;2.7379143e-01;1.5250000e+02;2.3898184e-01;1.5250000e+02;1.8274316e-01;1.5250000e+02;2.1888401e-01;1.5250000e+02;1.9304317e-01;1.5250000e+02;1.4634088e-01;1.5250000e+02;9.8404795e-02;1.5250000e+02;5.0070651e-02;1.5250000e+02;8.5775778e-03;1.5250000e+02;-3.9975774e-02;1.5250000e+02;-7.8834191e-02;1.5250000e+02;-1.2198564e-01;1.5250000e+02;-6.6902399e-02;1.5250000e+02;-4.0141005e-02;1.5250000e+02;3.4569427e-03;1.5250000e+02;7.1324490e-02;1.5250000e+02;1.6837716e-01;1.5250000e+02;2.5266072e-01;1.5250000e+02;2.7379143e-01;1.5250000e+02;2.3898184e-01;1.5250000e+02;1.8274316e-01;1.5250000e+02;2.1888401e-01;1.5250000e+02;1.9304317e-01;1.5250000e+02;1.4634088e-01;1.5250000e+02;9.8404795e-02;1.5250000e+02;5.0070651e-02;1.5250000e+02;8.5775778e-03;1.5250000e+02;-3.9975774e-02;1.5250000e+02;-7.8834191e-02;1.5250000e+02;-1.2198564e-01;1.5250000e+02;-6.6902399e-02;1.5250000e+02;-4.0141005e-02;1.5250000e+02;3.4569427e-03;1.5250000e+02;7.1324490e-02;1.5250000e+02;1.6837716e-01;1.5250000e+02;2.5266072e-01;1.5250000e+02;2.7379143e-01;1.5250000e+02;2.3898184e-01;1.5250000e+02;1.8274316e-01;1.5250000e+02;2.1888401e-01;1.5250000e+02;1.9304317e-01;1.5250000e+02;1.4634088e-01;1.5250000e+02;9.8404795e-02;1.5250000e+02;5.0070651e-02;1.5250000e+02;8.5775778e-03;1.5250000e+02;-3.9975774e-02;1.5250000e+02;-7.8834191e-02;1.5250000e+02;-1.2198564e-01;1.5250000e+02;-6.6902399e-02;1.5250000e+02;-4.0141005e-02;1.5250000e+02;3.4569427e-03;1.5250000e+02;7.1324490e-02;1.5250000e+02;1.6837716e-01;1.5250000e+02;2.5266072e-01;1.5250000e+02;2.7379143e-01;1.5250000e+02;2.3898184e-01;1.5250000e+02;1.8274316e-01;1.5250000e+02;2.1888401e-01;1.5250000e+02;1.9304317e-01;1.5250000e+02;1.4634088e-01;1.5250000e+02;9.8404795e-02;1.5250000e+02;5.0070651e-02;1.5250000e+02;8.5775778e-03;1.5250000e+02;-3.9975774e-02;1.5250000e+02;-7.8834191e-02;1.5250000e+02;-1.2198564e-01;1.5250000e+02;-6.6902399e-02;1.5250000e+02;-4.0141005e-02;1.5250000e+02;3.4569427e-03;1.5250000e+02;7.1324490e-02;1.5250000e+02;1.6837716e-01;1.5250000e+02;2.5266072e-01;1.5250000e+02;2.7379143e-01;1.5250000e+02;2.3898184e-01;1.5250000e+02;1.8274316e-01;1.5250000e+02;2.1888401e-01;1.5250000e+02;1.9304317e-01;1.5250000e+02;1.4634088e-01;1.5250000e+02;9.8404795e-02;1.5250000e+02;5.0070651e-02;1.5250000e+02;8.5775778e-03;1.5250000e+02;-3.9975774e-02;1.5250000e+02;-7.8834191e-02;1.5250000e+02;-1.2198564e-01;1.5250000e+02;-6.6902399e-02;1.5250000e+02;-4.0141005e-02;1.5250000e+02;3.4569427e-03;1.5250000e+02;7.1324490e-02;1.5250000e+02;1.6837716e-01;1.5250000e+02;2.5266072e-01;1.5250000e+02;2.7379143e-01;1.5250000e+02;2.3898184e-01;1.5250000e+02;1.8274316e-01;1.5250000e+02;2.1888401e-01;1.5250000e+02;1.9304317e-01;1.5250000e+02;1.4634088e-01;1.5250000e+02;9.8404795e-02;1.5250000e+02;5.0070651e-02;1.5250000e+02;8.5775778e-03;1.5250000e+02;-3.9975774e-02;1.5250000e+02;-7.8834191e-02;1.5250000e+02;-1.2198564e-01;1.5250000e+02;-6.6902399e-02;1.5250000e+02;-4.0141005e-02;1.5250000e+02;3.4569427e-03;1.5250000e+02;7.1324490e-02;1.5250000e+02;1.6837716e-01;1.5250000e+02;2.5266072e-01;1.5250000e+02;2.7379143e-01;1.5250000e+02;2.3898184e-01;1.5250000e+02;1.8274316e-01;1.5250000e+02;2.1888401e-01;1.5250000e+02;1.9304317e-01;1.5250000e+02;1.4634088e-01;1.5250000e+02;9.8404795e-02;1.5250000e+02;5.0070651e-02;1.5250000e+02;8.5775778e-03;1.5250000e+02;-3.9975774e-02;1.5250000e+02;-7.8834191e-02;1.5250000e+02;-1.2198564e-01;1.5250000e+02;-6.6902399e-02;1.5250000e+02;-4.0141005e-02;1.5250000e+02;3.4569427e-03;1.5250000e+02;7.1324490e-02;1.5250000e+02;1.6837716e-01;1.5250000e+02;2.5266072e-01;1.5250000e+02;2.7379143e-01;1.5250000e+02;2.3898184e-01;1.5250000e+02;1.8274316e-01;1.5250000e+02;2.1888401e-01;1.5250000e+02;1.9304317e-01;1.5250000e+02;1.4634088e-01;1.5250000e+02;9.8404795e-02;1.5250000e+02;5.0070651e-02;1.5250000e+02;8.5775778e-03;1.5250000e+02;-3.9975774e-02;1.5250000e+02;-7.8834191e-02;1.5250000e+02;-1.2198564e-01;1.5250000e+02;-6.6902399e-02;1.5250000e+02;-4.0141005e-02;1.5250000e+02;3.4569427e-03;1.5250000e+02;7.1324490e-02;1.5250000e+02;1.6837716e-01;1.5250000e+02;2.5266072e-01;1.5250000e+02;2.7379143e-01;1.5250000e+02;2.3898184e-01;1.5250000e+02;1.8274316e-01;1.5250000e+02;2.1888401e-01;1.5250000e+02;1.9304317e-01;1.5250000e+02;1.4634088e-01;1.5250000e+02;9.8404795e-02;1.5250000e+02;5.0070651e-02;1.5250000e+02;8.5775778e-03;1.5250000e+02;-3.9975774e-02;1.5250000e+02;-7.8834191e-02;1.5250000e+02;-1.2198564e-01;1.5250000e+02;-6.6902399e-02;1.5250000e+02;-4.0141005e-02;1.5250000e+02;3.4569427e-03;1.5250000e+02;7.1324490e-02;1.5250000e+02;1.6837716e-01;1.5250000e+02;2.5266072e-01;1.5250000e+02;2.7379143e-01;1.5250000e+02;2.3898184e-01;1.5250000e+02;1.8274316e-01;1.5250000e+02;2.1888401e-01;1.5250000e+02;1.9304317e-01;1.5250000e+02;1.4634088e-01;1.5250000e+02;9.8404795e-02;1.5250000e+02;5.0070651e-02;1.5250000e+02;8.5775778e-03;1.5250000e+02;-3.9975774e-02;1.5250000e+02;-7.8834191e-02;1.5250000e+02;-1.2198564e-01;1.5250000e+02;-6.6902399e-02;1.5250000e+02;-4.0141005e-02;1.5250000e+02;3.4569427e-03;1.5250000e+02;7.1324490e-02;1.5250000e+02;1.6837716e-01;1.5250000e+02;2.5266072e-01;1.5250000e+02;2.7379143e-01;1.5250000e+02;2.3898184e-01;1.5250000e+02;1.8274316e-01;1.5250000e+02;2.1888401e-01;1.5250000e+02;1.9304317e-01;1.5250000e+02;1.4634088e-01;1.5250000e+02;9.8404795e-02;1.5250000e+02;5.0070651e-02;1.5250000e+02;8.5775778e-03;1.5250000e+02;-3.9975774e-02;1.5250000e+02;-7.8834191e-02;1.5250000e+02;-1.2198564e-01;1.5250000e+02;-6.6902399e-02;1.5250000e+02;-4.0141005e-02;1.5250000e+02;3.4569427e-03;1.5250000e+02;7.1324490e-02;1.5250000e+02;1.6837716e-01;1.5250000e+02;2.5266072e-01;1.5250000e+02;2.7379143e-01;1.5250000e+02;2.3898184e-01;1.5250000e+02;1.8274316e-01;1.5250000e+02;2.1888401e-01;1.5250000e+02;1.9304317e-01;1.5250000e+02;1.4634088e-01;1.5250000e+02;9.8404795e-02;1.5250000e+02;5.0070651e-02;1.5250000e+02;8.5775778e-03;1.5250000e+02;-3.9975774e-02;1.5250000e+02;-7.8834191e-02;1.5250000e+02;-1.2198564e-01;1.5250000e+02;-6.6902399e-02;1.5250000e+02;-4.0141005e-02;1.5250000e+02;3.4569427e-03;1.5250000e+02;7.1324490e-02;1.5250000e+02;1.6837716e-01;1.5250000e+02;2.5266072e-01;1.5250000e+02;2.7379143e-01;1.5250000e+02;2.3898184e-01;1.5250000e+02;1.8274316e-01;1.5250000e+02;2.1888401e-01;1.5250000e+02;1.9304317e-01;1.5250000e+02;1.4634088e-01;1.5250000e+02;9.8404795e-02;1.5250000e+02;5.0070651e-02;1.5250000e+02;8.5775778e-03;1.5250000e+02;-3.9975774e-02;1.5250000e+02;-7.8834191e-02;1.5250000e+02;-1.2198564e-01;1.5250000e+02;-6.6902399e-02;1.5250000e+02;-4.0141005e-02;1.5250000e+02;3.4569427e-03;1.5250000e+02;7.1324490e-02;1.5250000e+02;1.6837716e-01;1.5250000e+02;2.5266072e-01;1.5250000e+02;2.7379143e-01;1.5250000e+02;2.3898184e-01;1.5250000e+02;1.8274316e-01;1.5250000e+02;2.1888401e-01;1.5250000e+02;1.9304317e-01;1.5250000e+02;1.4634088e-01;1.5250000e+02;9.8404795e-02;1.5250000e+02;5.0070651e-02;1.5250000e+02;8.5775778e-03;1.5250000e+02;-3.9975774e-02;1.5250000e+02;-7.8834191e-02;1.5250000e+02;-1.2198564e-01;1.5250000e+02;-6.6902399e-02;1.5250000e+02;-4.0141005e-02;1.5250000e+02;3.4569427e-03;1.5250000e+02;7.1324490e-02;1.5250000e+02;1.6837716e-01;1.5250000e+02;2.5266072e-01;1.5250000e+02;2.7379143e-01;1.5250000e+02;2.3898184e-01;1.5250000e+02;1.8274316e-01;1.5250000e+02;2.1888401e-01;1.5250000e+02;1.9304317e-01;1.5250000e+02;1.4634088e-01;1.5250000e+02;9.8404795e-02;1.5250000e+02;5.0070651e-02;1.5250000e+02;8.5775778e-03;1.5250000e+02;-3.9975774e-02;1.5250000e+02;-7.8834191e-02;1.5250000e+02;-1.2198564e-01;1.5250000e+02;-6.6902399e-02;1.5250000e+02;-4.0141005e-02;1.5250000e+02;3.4569427e-03;1.5250000e+02;7.1324490e-02;1.5250000e+02;1.6837716e-01;1.5250000e+02;2.5266072e-01;1.5250000e+02;2.7379143e-01;1.5250000e+02;2.3898184e-01;1.5250000e+02;1.8274316e-01;1.5250000e+02;2.1888401e-01;1.5250000e+02;1.9304317e-01;1.5250000e+02;1.4634088e-01;1.5250000e+02;9.8404795e-02;1.5250000e+02;5.0070651e-02;1.5250000e+02;8.5775778e-03;1.5250000e+02;-3.9975774e-02;1.5250000e+02;-7.8834191e-02;1.5250000e+02;-1.2198564e-01;1.5250000e+02;-6.6902399e-02;1.5250000e+02;-4.0141005e-02;1.5250000e+02;3.4569427e-03;1.5250000e+02;7.1324490e-02;1.5250000e+02;1.6837716e-01;1.5250000e+02;2.5266072e-01;1.5250000e+02;2.7379143e-01;1.5250000e+02;2.3898184e-01;1.5250000e+02;1.8274316e-01;1.5250000e+02;2.1888401e-01;1.5250000e+02;1.9304317e-01;1.5250000e+02;1.4634088e-01;1.5250000e+02;9.8404795e-02;1.5250000e+02;5.0070651e-02;1.5250000e+02;8.5775778e-03;1.5250000e+02;-3.9975774e-02;1.5250000e+02;-7.8834191e-02;1.5250000e+02;-1.2198564e-01;1.5250000e+02;-6.6902399e-02;1.5250000e+02;-4.0141005e-02;1.5250000e+02;3.4569427e-03;1.5250000e+02;7.1324490e-02;1.5250000e+02;1.6837716e-01;1.5250000e+02;2.5266072e-01;1.5250000e+02;2.7379143e-01;1.5250000e+02;2.3898184e-01;1.5250000e+02;1.8274316e-01;1.5250000e+02;2.1888401e-01;1.5250000e+02;1.9304317e-01;1.5250000e+02;1.4634088e-01;1.5250000e+02;9.8404795e-02;1.5250000e+02;5.0070651e-02;1.5250000e+02;8.5775778e-03;1.5250000e+02;-3.9975774e-02;1.5250000e+02;-7.8834191e-02;1.5250000e+02;-1.2198564e-01;1.5250000e+02;-6.6902399e-02;1.5250000e+02;-4.0141005e-02;1.5250000e+02;3.4569427e-03;1.5250000e+02;7.1324490e-02;1.5250000e+02;1.6837716e-01;1.5250000e+02;2.5266072e-01;1.5250000e+02;2.7379143e-01;1.5250000e+02;2.3898184e-01;1.5250000e+02;1.8274316e-01;1.5250000e+02;2.1888401e-01;1.5250000e+02;1.9304317e-01;1.5250000e+02;1.4634088e-01;1.5250000e+02;9.8404795e-02;1.5250000e+02;5.0070651e-02;1.5250000e+02;8.5775778e-03;1.5250000e+02;-3.9975774e-02;1.5250000e+02;-7.8834191e-02;1.5250000e+02;-1.2198564e-01;1.5250000e+02;-6.6902399e-02;1.5250000e+02;-4.0141005e-02;1.5250000e+02;3.4569427e-03;1.5250000e+02;7.1324490e-02;1.5250000e+02;1.6837716e-01;1.5250000e+02;2.5266072e-01;1.5250000e+02;2.7379143e-01;1.5250000e+02;2.3898184e-01;1.5250000e+02;1.8274316e-01;1.5250000e+02;2.1888401e-01;1.5250000e+02;1.9304317e-01;1.5250000e+02;1.4634088e-01;1.5250000e+02;9.8404795e-02;1.5250000e+02;5.0070651e-02;1.5250000e+02;8.5775778e-03;1.5250000e+02;-3.9975774e-02;1.5250000e+02;-7.8834191e-02;1.5250000e+02;-1.2198564e-01;1.5250000e+02;-6.6902399e-02;1.5250000e+02;-4.0141005e-02;1.5250000e+02;3.4569427e-03;1.5250000e+02;7.1324490e-02;1.5250000e+02;1.6837716e-01;1.5250000e+02;2.5266072e-01;1.5250000e+02;2.7379143e-01;1.5250000e+02;2.3898184e-01;1.5250000e+02;1.8274316e-01;1.5250000e+02;2.1888401e-01;1.5250000e+02;1.9304317e-01;1.5250000e+02;1.4634088e-01;1.5250000e+02;9.8404795e-02;1.5250000e+02;5.0070651e-02;1.5250000e+02;8.5775778e-03;1.5250000e+02;-3.9975774e-02;1.5250000e+02;-7.8834191e-02;1.5250000e+02;-1.2198564e-01;1.5250000e+02;-6.6902399e-02;1.5250000e+02;-4.0141005e-02;1.5250000e+02;3.4569427e-03;1.5250000e+02;7.1324490e-02;1.5250000e+02;1.6837716e-01;1.5250000e+02;2.5266072e-01;1.5250000e+02;2.7379143e-01;1.5250000e+02;2.3898184e-01;1.5250000e+02;1.8274316e-01;1.5250000e+02;2.1888401e-01;1.5250000e+02;1.9304317e-01;1.5250000e+02;1.4634088e-01;1.5250000e+02;9.8404795e-02;1.5250000e+02;5.0070651e-02;1.5250000e+02;8.5775778e-03;1.5250000e+02;-3.9975774e-02;1.5250000e+02;-7.8834191e-02;1.5250000e+02;-1.2198564e-01;1.5250000e+02;-6.6902399e-02;1.5250000e+02;-4.0141005e-02;1.5250000e+02;3.4569427e-03;1.5250000e+02;7.1324490e-02;1.5250000e+02;1.6837716e-01;1.5250000e+02;2.5266072e-01;1.5250000e+02;2.7379143e-01;1.5250000e+02;2.3898184e-01;1.5250000e+02;1.8274316e-01;1.5250000e+02;2.1888401e-01;1.5250000e+02;1.9304317e-01;1.5250000e+02;1.4634088e-01;1.5250000e+02;9.8404795e-02;1.5250000e+02;5.0070651e-02;1.5250000e+02;8.5775778e-03;1.5250000e+02;-3.9975774e-02;1.5250000e+02;-7.8834191e-02;1.5250000e+02;-1.2198564e-01;1.5250000e+02;-6.6902399e-02;1.5250000e+02;-4.0141005e-02;1.5250000e+02;3.4569427e-03;1.5250000e+02;7.1324490e-02;1.5250000e+02;1.6837716e-01;1.5250000e+02;2.5266072e-01;1.5250000e+02;2.7379143e-01;1.5250000e+02;2.3898184e-01;1.5250000e+02;1.8274316e-01;1.5250000e+02;2.1888401e-01;1.5250000e+02;1.9304317e-01;1.5250000e+02;1.4634088e-01;1.5250000e+02;9.8404795e-02;1.5250000e+02;5.0070651e-02;1.5250000e+02;8.5775778e-03;1.5250000e+02;-3.9975774e-02;1.5250000e+02;-7.8834191e-02;1.5250000e+02;-1.2198564e-01;1.5250000e+02;-6.6902399e-02;1.5250000e+02;-4.0141005e-02;1.5250000e+02;3.4569427e-03;1.5250000e+02;7.1324490e-02;1.5250000e+02;1.6837716e-01;1.5250000e+02;2.5266072e-01;1.5250000e+02;2.7379143e-01;1.5250000e+02;2.3898184e-01;1.5250000e+02;1.8274316e-01;1.5250000e+02;2.1888401e-01;1.5250000e+02;1.9304317e-01;1.5250000e+02;1.4634088e-01;1.5250000e+02;9.8404795e-02;1.5250000e+02;5.0070651e-02;1.5250000e+02;8.5775778e-03;1.5250000e+02;-3.9975774e-02;1.5250000e+02;-7.8834191e-02;1.5250000e+02;-1.2198564e-01;1.5250000e+02;-6.6902399e-02;1.5250000e+02;-4.0141005e-02;1.5250000e+02;3.4569427e-03;1.5250000e+02;7.1324490e-02;1.5250000e+02;1.6837716e-01;1.5250000e+02;2.5266072e-01;1.5250000e+02;2.7379143e-01;1.5250000e+02;2.3898184e-01;1.5250000e+02;1.8274316e-01;1.5250000e+02;2.1888401e-01;1.5250000e+02;1.9304317e-01;1.5250000e+02;1.4634088e-01;1.5250000e+02;9.8404795e-02;1.5250000e+02;5.0070651e-02;1.5250000e+02;8.5775778e-03;1.5250000e+02;-3.9975774e-02;1.5250000e+02;-7.8834191e-02;1.5250000e+02;-1.2198564e-01;1.5250000e+02;-6.6902399e-02;1.5250000e+02;-4.0141005e-02;1.5250000e+02;3.4569427e-03;1.5250000e+02;7.1324490e-02;1.5250000e+02;1.6837716e-01;1.5250000e+02;2.5266072e-01;1.5250000e+02;2.7379143e-01;1.5250000e+02;2.3898184e-01;1.5250000e+02;1.8274316e-01;1.5250000e+02;2.1888401e-01;1.5250000e+02;1.9304317e-01;1.5250000e+02;1.4634088e-01;1.5250000e+02;9.8404795e-02;1.5250000e+02;5.0070651e-02;1.5250000e+02;8.5775778e-03;1.5250000e+02;-3.9975774e-02;1.5250000e+02;-7.8834191e-02;1.5250000e+02;-1.2198564e-01;1.5250000e+02;-6.6902399e-02;1.5250000e+02;-4.0141005e-02;1.5250000e+02;3.4569427e-03;1.5250000e+02;7.1324490e-02;1.5250000e+02;1.6837716e-01;1.5250000e+02;2.5266072e-01;1.5250000e+02;2.7379143e-01;1.5250000e+02;2.3898184e-01;1.5250000e+02;1.8274316e-01;1.5250000e+02;2.1888401e-01;1.5250000e+02;1.9304317e-01;1.5250000e+02;1.4634088e-01;1.5250000e+02;9.8404795e-02;1.5250000e+02;5.0070651e-02;1.5250000e+02;8.5775778e-03;1.5250000e+02;-3.9975774e-02;1.5250000e+02;-7.8834191e-02;1.5250000e+02;-1.2198564e-01;1.5250000e+02;-6.6902399e-02;1.5250000e+02;-4.0141005e-02;1.5250000e+02;3.4569427e-03;1.5250000e+02;7.1324490e-02;1.5250000e+02;1.6837716e-01;1.5250000e+02;2.5266072e-01;1.5250000e+02;2.7379143e-01;1.5250000e+02;2.3898184e-01;1.5250000e+02;1.8274316e-01;1.5250000e+02;2.1888401e-01;1.5250000e+02;1.9304317e-01;1.5250000e+02;1.4634088e-01;1.5250000e+02;9.8404795e-02;1.5250000e+02;5.0070651e-02;1.5250000e+02;8.5775778e-03;1.5250000e+02;-3.9975774e-02;1.5250000e+02;-7.8834191e-02;1.5250000e+02;-1.2198564e-01;1.5250000e+02;-6.6902399e-02;1.5250000e+02;-4.0141005e-02;1.5250000e+02;3.4569427e-03;1.5250000e+02;7.1324490e-02;1.5250000e+02;1.6837716e-01;1.5250000e+02;2.5266072e-01;1.5250000e+02;2.7379143e-01;1.5250000e+02;2.3898184e-01;1.5250000e+02;1.8274316e-01;1.5250000e+02;2.1888401e-01;1.5250000e+02;1.9304317e-01;1.5250000e+02;1.4634088e-01;1.5250000e+02;9.8404795e-02;1.5250000e+02;5.0070651e-02;1.5250000e+02;8.5775778e-03;1.5250000e+02;-3.9975774e-02;1.5250000e+02;-7.8834191e-02;1.5250000e+02;-1.2198564e-01;1.5250000e+02;-6.6902399e-02;1.5250000e+02;-4.0141005e-02;1.5250000e+02;3.4569427e-03;1.5250000e+02;7.1324490e-02;1.5250000e+02;1.6837716e-01;1.5250000e+02;2.5266072e-01;1.5250000e+02;2.7379143e-01;1.5250000e+02;2.3898184e-01;1.5250000e+02;1.8274316e-01;1.5250000e+02;2.1888401e-01;1.5250000e+02;1.9304317e-01;1.5250000e+02;1.4634088e-01;1.5250000e+02;9.8404795e-02;1.5250000e+02;5.0070651e-02;1.5250000e+02;8.5775778e-03;1.5250000e+02;-3.9975774e-02;1.5250000e+02;-7.8834191e-02;1.5250000e+02;-1.2198564e-01;1.5250000e+02;-6.6902399e-02;1.5250000e+02;-4.0141005e-02;1.5250000e+02;3.4569427e-03;1.5250000e+02;7.1324490e-02;1.5250000e+02;1.6837716e-01;1.5250000e+02;2.5266072e-01;1.5250000e+02;2.7379143e-01;1.5250000e+02;2.3898184e-01;1.5250000e+02;1.8274316e-01;1.5250000e+02;2.1888401e-01;1.5250000e+02;1.9304317e-01;1.5250000e+02;1.4634088e-01;1.5250000e+02;9.8404795e-02;1.5250000e+02;5.0070651e-02;1.5250000e+02;8.5775778e-03;1.5250000e+02;-3.9975774e-02;1.5250000e+02;-7.8834191e-02;1.5250000e+02;-1.2198564e-01;1.5250000e+02;-6.6902399e-02;1.5250000e+02;-4.0141005e-02;1.5250000e+02;3.4569427e-03;1.5250000e+02;7.1324490e-02;1.5250000e+02;1.6837716e-01;1.5250000e+02;2.5266072e-01;1.5250000e+02;2.7379143e-01;1.5250000e+02;2.3898184e-01;1.5250000e+02;1.8274316e-01;1.5250000e+02;2.1888401e-01;1.5250000e+02;1.9304317e-01;1.5250000e+02;1.4634088e-01;1.5250000e+02;9.8404795e-02;1.5250000e+02;5.0070651e-02;1.5250000e+02;8.5775778e-03;1.5250000e+02;-3.9975774e-02;1.5250000e+02;-7.8834191e-02;1.5250000e+02;-1.2198564e-01;1.5250000e+02;-6.6902399e-02;1.5250000e+02;-4.0141005e-02;1.5250000e+02;3.4569427e-03;1.5250000e+02;7.1324490e-02;1.5250000e+02;1.6837716e-01;1.5250000e+02;2.5266072e-01;1.5250000e+02;2.7379143e-01;1.5250000e+02;2.3898184e-01;1.5250000e+02;1.8274316e-01;1.5250000e+02;2.1888401e-01;1.5250000e+02;1.9304317e-01;1.5250000e+02;1.4634088e-01;1.5250000e+02;9.8404795e-02;1.5250000e+02;5.0070651e-02;1.5250000e+02;8.5775778e-03;1.5250000e+02;-3.9975774e-02;1.5250000e+02;-7.8834191e-02;1.5250000e+02;-1.2198564e-01;1.5250000e+02;-6.6902399e-02;1.5250000e+02;-4.0141005e-02;1.5250000e+02;3.4569427e-03;1.5250000e+02;7.1324490e-02;1.5250000e+02;1.6837716e-01;1.5250000e+02;2.5266072e-01;1.5250000e+02;2.7379143e-01;1.5250000e+02;2.3898184e-01;1.5250000e+02;1.8274316e-01;1.5250000e+02;2.1888401e-01;1.5250000e+02;1.9304317e-01;1.5250000e+02;1.4634088e-01;1.5250000e+02;9.8404795e-02;1.5250000e+02;5.0070651e-02;1.5250000e+02;8.5775778e-03;1.5250000e+02;-3.9975774e-02;1.5250000e+02;-7.8834191e-02;1.5250000e+02;-1.2198564e-01;1.5250000e+02;-6.6902399e-02;1.5250000e+02;-4.0141005e-02;1.5250000e+02;3.4569427e-03;1.5250000e+02;7.1324490e-02;1.5250000e+02;1.6837716e-01;1.5250000e+02;2.5266072e-01;1.5250000e+02;2.7379143e-01;1.5250000e+02;2.3898184e-01;1.5250000e+02;1.8274316e-01;1.5250000e+02;2.1888401e-01;1.5250000e+02;1.9304317e-01;1.5250000e+02;1.4634088e-01;1.5250000e+02;9.8404795e-02;1.5250000e+02;5.0070651e-02;1.5250000e+02;8.5775778e-03;1.5250000e+02;-3.9975774e-02;1.5250000e+02;-7.8834191e-02;1.5250000e+02;-1.2198564e-01;1.5250000e+02;-6.6902399e-02;1.5250000e+02;-4.0141005e-02;1.5250000e+02;3.4569427e-03;1.5250000e+02;7.1324490e-02;1.5250000e+02;1.6837716e-01;1.5250000e+02;2.5266072e-01;1.5250000e+02;2.7379143e-01;1.5250000e+02;2.3898184e-01;1.5250000e+02;1.8274316e-01;1.5250000e+02;2.1888401e-01;1.5250000e+02;1.9304317e-01;1.5250000e+02;1.4634088e-01;1.5250000e+02;9.8404795e-02;1.5250000e+02;5.0070651e-02;1.5250000e+02;8.5775778e-03;1.5250000e+02;-3.9975774e-02;1.5250000e+02;-7.8834191e-02;1.5250000e+02;-1.2198564e-01;1.5250000e+02;-6.6902399e-02;1.5250000e+02;-4.0141005e-02;1.5250000e+02;3.4569427e-03;1.5250000e+02;7.1324490e-02;1.5250000e+02;1.6837716e-01;1.5250000e+02;2.5266072e-01;1.5250000e+02;2.7379143e-01;1.5250000e+02;2.3898184e-01;1.5250000e+02;1.8274316e-01;1.5250000e+02;2.1888401e-01;1.5250000e+02;1.9304317e-01;1.5250000e+02;1.4634088e-01;1.5250000e+02;9.8404795e-02;1.5250000e+02;5.0070651e-02;1.5250000e+02;8.5775778e-03;1.5250000e+02;-3.9975774e-02;1.5250000e+02;-7.8834191e-02;1.5250000e+02;-1.2198564e-01;1.5250000e+02;-6.6902399e-02;1.5250000e+02;-4.0141005e-02;1.5250000e+02;3.4569427e-03;1.5250000e+02;7.1324490e-02;1.5250000e+02;1.6837716e-01;1.5250000e+02;2.5266072e-01;1.5250000e+02;2.7379143e-01;1.5250000e+02;2.3898184e-01;1.5250000e+02;1.8274316e-01;1.5250000e+02;2.1888401e-01;1.5250000e+02;1.9304317e-01;1.5250000e+02;1.4634088e-01;1.5250000e+02;9.8404795e-02;1.5250000e+02;5.0070651e-02;1.5250000e+02;8.5775778e-03;1.5250000e+02;-3.9975774e-02;1.5250000e+02;-7.8834191e-02;1.5250000e+02;-1.2198564e-01;1.5250000e+02;-6.6902399e-02;1.5250000e+02;-4.0141005e-02;1.5250000e+02;3.4569427e-03;1.5250000e+02;7.1324490e-02;1.5250000e+02;1.6837716e-01;1.5250000e+02;2.5266072e-01;1.5250000e+02;2.7379143e-01;1.5250000e+02;2.3898184e-01;1.5250000e+02;1.8274316e-01;1.5250000e+02;2.1888401e-01;1.5250000e+02;1.9304317e-01;1.5250000e+02;1.4634088e-01;1.5250000e+02;9.8404795e-02;1.5250000e+02;5.0070651e-02;1.5250000e+02;8.5775778e-03;1.5250000e+02;-3.9975774e-02;1.5250000e+02;-7.8834191e-02;1.5250000e+02;-1.2198564e-01;1.5250000e+02;-6.6902399e-02;1.5250000e+02;-4.0141005e-02;1.5250000e+02;3.4569427e-03;1.5250000e+02;7.1324490e-02;1.5250000e+02;1.6837716e-01;1.5250000e+02;2.5266072e-01;1.5250000e+02;2.7379143e-01;1.5250000e+02;2.3898184e-01;1.5250000e+02;1.8274316e-01;1.5250000e+02;2.1888401e-01;1.5250000e+02;1.9304317e-01;1.5250000e+02;1.4634088e-01;1.5250000e+02;9.8404795e-02;1.5250000e+02;5.0070651e-02;1.5250000e+02;8.5775778e-03;1.5250000e+02;-3.9975774e-02;1.5250000e+02;-7.8834191e-02;1.5250000e+02;-1.2198564e-01;1.5250000e+02;-6.6902399e-02;1.5250000e+02;-4.0141005e-02;1.5250000e+02;3.4569427e-03;1.5250000e+02;7.1324490e-02;1.5250000e+02;1.6837716e-01;1.5250000e+02;2.5266072e-01;1.5250000e+02;2.7379143e-01;1.5250000e+02;2.3898184e-01;1.5250000e+02;1.8274316e-01;1.5250000e+02;2.1888401e-01;1.5250000e+02;1.9304317e-01;1.5250000e+02;1.4634088e-01;1.5250000e+02;9.8404795e-02;1.5250000e+02;5.0070651e-02;1.5250000e+02;8.5775778e-03;1.5250000e+02;-3.9975774e-02;1.5250000e+02;-7.8834191e-02;1.5250000e+02;-1.2198564e-01;1.5250000e+02;-6.6902399e-02;1.5250000e+02;-4.0141005e-02;1.5250000e+02;3.4569427e-03;1.5250000e+02;7.1324490e-02;1.5250000e+02;1.6837716e-01;1.5250000e+02;2.5266072e-01;1.5250000e+02;2.7379143e-01;1.5250000e+02;2.3898184e-01;1.5250000e+02;1.8274316e-01;1.5250000e+02;2.1888401e-01;1.5250000e+02;1.9304317e-01;1.5250000e+02;1.4634088e-01;1.5250000e+02;9.8404795e-02;1.5250000e+02;5.0070651e-02;1.5250000e+02;8.5775778e-03;1.5250000e+02;-3.9975774e-02;1.5250000e+02;-7.8834191e-02;1.5250000e+02;-1.2198564e-01;1.5250000e+02;-6.6902399e-02;1.5250000e+02;-4.0141005e-02;1.5250000e+02;3.4569427e-03;1.5250000e+02;7.1324490e-02;1.5250000e+02;1.6837716e-01;1.5250000e+02;2.5266072e-01;1.5250000e+02;2.7379143e-01;1.5250000e+02;2.3898184e-01;1.5250000e+02;1.8274316e-01;1.5250000e+02;2.1888401e-01;1.5250000e+02;1.9304317e-01;1.5250000e+02;1.4634088e-01;1.5250000e+02;9.8404795e-02;1.5250000e+02;5.0070651e-02;1.5250000e+02;8.5775778e-03;1.5250000e+02;-3.9975774e-02;1.5250000e+02;-7.8834191e-02;1.5250000e+02;-1.2198564e-01;1.5250000e+02;-6.6902399e-02;1.5250000e+02;-4.0141005e-02;1.5250000e+02;3.4569427e-03;1.5250000e+02;7.1324490e-02;1.5250000e+02;1.6837716e-01;1.5250000e+02;2.5266072e-01;1.5250000e+02;2.7379143e-01;1.5250000e+02;2.3898184e-01;1.5250000e+02;1.8274316e-01;1.5250000e+02;2.1888401e-01;1.5250000e+02;1.9304317e-01;1.5250000e+02;1.4634088e-01;1.5250000e+02;9.8404795e-02;1.5250000e+02;5.0070651e-02;1.5250000e+02;8.5775778e-03;1.5250000e+02;-3.9975774e-02;1.5250000e+02;-7.8834191e-02;1.5250000e+02;-1.2198564e-01;1.5250000e+02;-6.6902399e-02;1.5250000e+02;-4.0141005e-02;1.5250000e+02;3.4569427e-03;1.5250000e+02;7.1324490e-02;1.5250000e+02;1.6837716e-01;1.5250000e+02;2.5266072e-01;1.5250000e+02;2.7379143e-01;1.5250000e+02;2.3898184e-01;1.5250000e+02;1.8274316e-01;1.5250000e+02;2.1888401e-01;1.5250000e+02;1.9304317e-01;1.5250000e+02;1.4634088e-01;1.5250000e+02;9.8404795e-02;1.5250000e+02;5.0070651e-02;1.5250000e+02;8.5775778e-03;1.5250000e+02;-3.9975774e-02;1.5250000e+02;-7.8834191e-02;1.5250000e+02;-1.2198564e-01;1.5250000e+02;-6.6902399e-02;1.5250000e+02;-4.0141005e-02;1.5250000e+02;3.4569427e-03;1.5250000e+02;7.1324490e-02;1.5250000e+02;1.6837716e-01;1.5250000e+02;2.5266072e-01;1.5250000e+02;2.7379143e-01;1.5250000e+02;2.3898184e-01;1.5250000e+02;1.8274316e-01;1.5250000e+02;2.1888401e-01;1.5250000e+02;1.9304317e-01;1.5250000e+02;1.4634088e-01;1.5250000e+02;9.8404795e-02;1.5250000e+02;5.0070651e-02;1.5250000e+02;8.5775778e-03;1.5250000e+02;-3.9975774e-02;1.5250000e+02;-7.8834191e-02;1.5250000e+02;-1.2198564e-01;1.5250000e+02;-6.6902399e-02;1.5250000e+02;-4.0141005e-02;1.5250000e+02;3.4569427e-03;1.5250000e+02;7.1324490e-02;1.5250000e+02;1.6837716e-01;1.5250000e+02;2.5266072e-01;1.5250000e+02;2.7379143e-01;1.5250000e+02;2.3898184e-01;1.5250000e+02;1.8274316e-01;1.5250000e+02;2.1888401e-01;1.5250000e+02;1.9304317e-01;1.5250000e+02;1.4634088e-01;1.5250000e+02;9.8404795e-02;1.5250000e+02;5.0070651e-02;1.5250000e+02;8.5775778e-03;1.5250000e+02;-3.9975774e-02;1.5250000e+02;-7.8834191e-02;1.5250000e+02;-1.2198564e-01;1.5250000e+02;-6.6902399e-02;1.5250000e+02;-4.0141005e-02;1.5250000e+02;3.4569427e-03;1.5250000e+02;7.1324490e-02;1.5250000e+02;1.6837716e-01;1.5250000e+02;2.5266072e-01;1.5250000e+02;2.7379143e-01;1.5250000e+02;2.3898184e-01;1.5250000e+02;1.8274316e-01;1.5250000e+02;2.1888401e-01;1.5250000e+02;1.9304317e-01;1.5250000e+02;1.4634088e-01;1.5250000e+02;9.8404795e-02;1.5250000e+02;5.0070651e-02;1.5250000e+02;8.5775778e-03;1.5250000e+02;-3.9975774e-02;1.5250000e+02;-7.8834191e-02;1.5250000e+02;-1.2198564e-01;1.5250000e+02;-6.6902399e-02;1.5250000e+02;-4.0141005e-02;1.5250000e+02;3.4569427e-03;1.5250000e+02;7.1324490e-02;1.5250000e+02;1.6837716e-01;1.5250000e+02;2.5266072e-01;1.5250000e+02;2.7379143e-01;1.5250000e+02;2.3898184e-01;1.5250000e+02;1.8274316e-01;1.5250000e+02;2.1888401e-01;1.5250000e+02;1.9304317e-01;1.5250000e+02;1.4634088e-01;1.5250000e+02;9.8404795e-02;1.5250000e+02;5.0070651e-02;1.5250000e+02;8.5775778e-03;1.5250000e+02;-3.9975774e-02;1.5250000e+02;-7.8834191e-02;1.5250000e+02;-1.2198564e-01;1.5250000e+02;-6.6902399e-02;1.5250000e+02;-4.0141005e-02;1.5250000e+02;3.4569427e-03;1.5250000e+02;7.1324490e-02;1.5250000e+02;1.6837716e-01;1.5250000e+02;2.5266072e-01;1.5250000e+02;2.7379143e-01;1.5250000e+02;2.3898184e-01;1.5250000e+02;1.8274316e-01;1.5250000e+02;2.1888401e-01;1.5250000e+02;1.9304317e-01;1.5250000e+02;1.4634088e-01;1.5250000e+02;9.8404795e-02;1.5250000e+02;5.0070651e-02;1.5250000e+02;8.5775778e-03;1.5250000e+02;-3.9975774e-02;1.5250000e+02;-7.8834191e-02;1.5250000e+02;-1.2198564e-01;1.5250000e+02;-6.6902399e-02;1.5250000e+02;-4.0141005e-02;1.5250000e+02;3.4569427e-03;1.5250000e+02;7.1324490e-02;1.5250000e+02;1.6837716e-01;1.5250000e+02;2.5266072e-01;1.5250000e+02;2.7379143e-01;1.5250000e+02;2.3898184e-01;1.5250000e+02;1.8274316e-01;1.5250000e+02;2.1888401e-01;1.5250000e+02;1.9304317e-01;1.5250000e+02;1.4634088e-01;1.5250000e+02;9.8404795e-02;1.5250000e+02;5.0070651e-02;1.5250000e+02;8.5775778e-03;1.5250000e+02;-3.9975774e-02;1.5250000e+02;-7.8834191e-02;1.5250000e+02;-1.2198564e-01;1.5250000e+02;-6.6902399e-02;1.5250000e+02;-4.0141005e-02;1.5250000e+02;3.4569427e-03;1.5250000e+02;7.1324490e-02;1.5250000e+02;1.6837716e-01;1.5250000e+02;2.5266072e-01;1.5250000e+02;2.7379143e-01;1.5250000e+02;2.3898184e-01;1.5250000e+02;1.8274316e-01;1.5250000e+02;2.1888401e-01;1.5250000e+02;1.9304317e-01;1.5250000e+02;1.4634088e-01;1.5250000e+02;9.8404795e-02;1.5250000e+02;5.0070651e-02;1.5250000e+02;8.5775778e-03;1.5250000e+02;-3.9975774e-02;1.5250000e+02;-7.8834191e-02;1.5250000e+02;-1.2198564e-01;1.5250000e+02;-6.6902399e-02;1.5250000e+02;-4.0141005e-02;1.5250000e+02;3.4569427e-03;1.5250000e+02;7.1324490e-02;1.5250000e+02;1.6837716e-01;1.5250000e+02;2.5266072e-01;1.5250000e+02;2.7379143e-01;1.5250000e+02;2.3898184e-01;1.5250000e+02;1.8274316e-01;1.5250000e+02;2.1888401e-01;1.5250000e+02;1.9304317e-01;1.5250000e+02;1.4634088e-01;1.5250000e+02;9.8404795e-02;1.5250000e+02;5.0070651e-02;1.5250000e+02;8.5775778e-03;1.5250000e+02;-3.9975774e-02;1.5250000e+02;-7.8834191e-02;1.5250000e+02;-1.2198564e-01;1.5250000e+02;-6.6902399e-02;1.5250000e+02;-4.0141005e-02;1.5250000e+02;3.4569427e-03;1.5250000e+02;7.1324490e-02;1.5250000e+02;1.6837716e-01;1.5250000e+02;2.5266072e-01;1.5250000e+02;2.7379143e-01;1.5250000e+02;2.3898184e-01;1.5250000e+02;1.8274316e-01;1.5250000e+02;2.1888401e-01;1.5250000e+02;1.9304317e-01;1.5250000e+02;1.4634088e-01;1.5250000e+02;9.8404795e-02;1.5250000e+02;5.0070651e-02;1.5250000e+02;8.5775778e-03;1.5250000e+02;-3.9975774e-02;1.5250000e+02;-7.8834191e-02;1.5250000e+02;-1.2198564e-01;1.5250000e+02;-6.6902399e-02;1.5250000e+02;-4.0141005e-02;1.5250000e+02;3.4569427e-03;1.5250000e+02;7.1324490e-02;1.5250000e+02;1.6837716e-01;1.5250000e+02;2.5266072e-01;1.5250000e+02;2.7379143e-01;1.5250000e+02;2.3898184e-01;1.5250000e+02;1.8274316e-01;1.5250000e+02;2.1888401e-01;1.5250000e+02;1.9304317e-01;1.5250000e+02;1.4634088e-01;1.5250000e+02;9.8404795e-02;1.5250000e+02;5.0070651e-02;1.5250000e+02;8.5775778e-03;1.5250000e+02;-3.9975774e-02;1.5250000e+02;-7.8834191e-02;1.5250000e+02;-1.2198564e-01;1.5250000e+02;-6.6902399e-02;1.5250000e+02;-4.0141005e-02;1.5250000e+02;3.4569427e-03;1.5250000e+02;7.1324490e-02;1.5250000e+02;1.6837716e-01;1.5250000e+02;2.5266072e-01;1.5250000e+02;2.7379143e-01;1.5250000e+02;2.3898184e-01;1.5250000e+02;1.8274316e-01;1.5250000e+02;2.1888401e-01;1.5250000e+02;1.9304317e-01;1.5250000e+02;1.4634088e-01;1.5250000e+02;9.8404795e-02;1.5250000e+02;5.0070651e-02;1.5250000e+02;8.5775778e-03;1.5250000e+02;-3.9975774e-02;1.5250000e+02;-7.8834191e-02;1.5250000e+02;-1.2198564e-01;1.5250000e+02;-6.6902399e-02;1.5250000e+02;-4.0141005e-02;1.5250000e+02;3.4569427e-03;1.5250000e+02;7.1324490e-02;1.5250000e+02;1.6837716e-01;1.5250000e+02;2.5266072e-01;1.5250000e+02;2.7379143e-01;1.5250000e+02;2.3898184e-01;1.5250000e+02;1.8274316e-01;1.5250000e+02;2.1888401e-01;1.5250000e+02;1.9304317e-01;1.5250000e+02;1.4634088e-01;1.5250000e+02;9.8404795e-02;1.5250000e+02;5.0070651e-02;1.5250000e+02;8.5775778e-03;1.5250000e+02;-3.9975774e-02;1.5250000e+02;-7.8834191e-02;1.5250000e+02;-1.2198564e-01;1.5250000e+02;-6.6902399e-02;1.5250000e+02;-4.0141005e-02;1.5250000e+02;3.4569427e-03;1.5250000e+02;7.1324490e-02;1.5250000e+02;1.6837716e-01;1.5250000e+02;2.5266072e-01;1.5250000e+02;2.7379143e-01;1.5250000e+02;2.3898184e-01;1.5250000e+02;1.8274316e-01;1.5250000e+02;2.1888401e-01;1.5250000e+02;1.9304317e-01;1.5250000e+02;1.4634088e-01;1.5250000e+02;9.8404795e-02;1.5250000e+02;5.0070651e-02;1.5250000e+02;8.5775778e-03;1.5250000e+02;-3.9975774e-02;1.5250000e+02;-7.8834191e-02;1.5250000e+02;-1.2198564e-01;1.5250000e+02;-6.6902399e-02;1.5250000e+02;-4.0141005e-02;1.5250000e+02;3.4569427e-03;1.5250000e+02;7.1324490e-02;1.5250000e+02;1.6837716e-01;1.5250000e+02;2.5266072e-01;1.5250000e+02;2.7379143e-01;1.5250000e+02;2.3898184e-01;1.5250000e+02;1.8274316e-01;1.5250000e+02;2.1888401e-01;1.5250000e+02;1.9304317e-01;1.5250000e+02;1.4634088e-01;1.5250000e+02;9.8404795e-02;1.5250000e+02;5.0070651e-02;1.5250000e+02;8.5775778e-03;1.5250000e+02;-3.9975774e-02;1.5250000e+02;-7.8834191e-02;1.5250000e+02;-1.2198564e-01;1.5250000e+02;-6.6902399e-02;1.5250000e+02;-4.0141005e-02;1.5250000e+02;3.4569427e-03;1.5250000e+02;7.1324490e-02;1.5250000e+02;1.6837716e-01;1.5250000e+02;2.5266072e-01;1.5250000e+02;2.7379143e-01;1.5250000e+02;2.3898184e-01;1.5250000e+02;1.8274316e-01;1.5250000e+02;2.1888401e-01;1.5250000e+02;1.9304317e-01;1.5250000e+02;1.4634088e-01;1.5250000e+02;9.8404795e-02;1.5250000e+02;5.0070651e-02;1.5250000e+02;8.5775778e-03;1.5250000e+02;-3.9975774e-02;1.5250000e+02;-7.8834191e-02;1.5250000e+02;-1.2198564e-01;1.5250000e+02;-6.6902399e-02;1.5250000e+02;-4.0141005e-02;1.5250000e+02;3.4569427e-03;1.5250000e+02;7.1324490e-02;1.5250000e+02;1.6837716e-01;1.5250000e+02;2.5266072e-01;1.5250000e+02;2.7379143e-01;1.5250000e+02;2.3898184e-01;1.5250000e+02;1.8274316e-01;1.5250000e+02;2.1888401e-01;1.5250000e+02;1.9304317e-01;1.5250000e+02;1.4634088e-01;1.5250000e+02;9.8404795e-02;1.5250000e+02;5.0070651e-02;1.5250000e+02;8.5775778e-03;1.5250000e+02;-3.9975774e-02;1.5250000e+02;-7.8834191e-02;1.5250000e+02;-1.2198564e-01;1.5250000e+02;-6.6902399e-02;1.5250000e+02;-4.0141005e-02;1.5250000e+02;3.4569427e-03;1.5250000e+02;7.1324490e-02;1.5250000e+02;1.6837716e-01;1.5250000e+02;2.5266072e-01;1.5250000e+02;2.7379143e-01;1.5250000e+02;2.3898184e-01;1.5250000e+02;1.8274316e-01;1.5250000e+02;2.1888401e-01;1.5250000e+02;1.9304317e-01;1.5250000e+02;1.4634088e-01;1.5250000e+02;9.8404795e-02;1.5250000e+02;5.0070651e-02;1.5250000e+02;8.5775778e-03;1.5250000e+02;-3.9975774e-02;1.5250000e+02;-7.8834191e-02;1.5250000e+02;-1.2198564e-01;1.5250000e+02;-6.6902399e-02;1.5250000e+02;-4.0141005e-02;1.5250000e+02;3.4569427e-03;1.5250000e+02;7.1324490e-02;1.5250000e+02;1.6837716e-01;1.5250000e+02;2.5266072e-01;1.5250000e+02;2.7379143e-01;1.5250000e+02;2.3898184e-01;1.5250000e+02;1.8274316e-01;1.5250000e+02;2.1888401e-01;1.5250000e+02;1.9304317e-01;1.5250000e+02;1.4634088e-01;1.5250000e+02;9.8404795e-02;1.5250000e+02;5.0070651e-02;1.5250000e+02;8.5775778e-03;1.5250000e+02;-3.9975774e-02;1.5250000e+02;-7.8834191e-02;1.5250000e+02;-1.2198564e-01;1.5250000e+02;-6.6902399e-02;1.5250000e+02;-4.0141005e-02;1.5250000e+02;3.4569427e-03;1.5250000e+02;7.1324490e-02;1.5250000e+02;1.6837716e-01;1.5250000e+02;2.5266072e-01;1.5250000e+02;2.7379143e-01;1.5250000e+02;2.3898184e-01;1.5250000e+02;1.8274316e-01;1.5250000e+02;2.1888401e-01;1.5250000e+02;1.9304317e-01;1.5250000e+02;1.4634088e-01;1.5250000e+02;9.8404795e-02;1.5250000e+02;5.0070651e-02;1.5250000e+02;8.5775778e-03;1.5250000e+02;-3.9975774e-02;1.5250000e+02;-7.8834191e-02;1.5250000e+02;-1.2198564e-01;1.5250000e+02;-6.6902399e-02;1.5250000e+02;-4.0141005e-02;1.5250000e+02;3.4569427e-03;1.5250000e+02;7.1324490e-02;1.5250000e+02;1.6837716e-01;1.5250000e+02;2.5266072e-01;1.5250000e+02;2.7379143e-01;1.5250000e+02;2.3898184e-01;1.5250000e+02;1.8274316e-01;1.5250000e+02;2.1888401e-01;1.5250000e+02;1.9304317e-01;1.5250000e+02;1.4634088e-01;1.5250000e+02;9.8404795e-02;1.5250000e+02;5.0070651e-02;1.5250000e+02;8.5775778e-03;1.5250000e+02;-3.9975774e-02;1.5250000e+02;-7.8834191e-02;1.5250000e+02;-1.2198564e-01;1.5250000e+02;-6.6902399e-02;1.5250000e+02;-4.0141005e-02;1.5250000e+02;3.4569427e-03;1.5250000e+02;7.1324490e-02;1.5250000e+02;1.6837716e-01;1.5250000e+02;2.5266072e-01;1.5250000e+02;2.7379143e-01;1.5250000e+02;2.3898184e-01;1.5250000e+02;1.8274316e-01;1.5250000e+02;2.1888401e-01;1.5250000e+02;1.9304317e-01;1.5250000e+02;1.4634088e-01;1.5250000e+02;9.8404795e-02;1.5250000e+02;5.0070651e-02;1.5250000e+02;8.5775778e-03;1.5250000e+02;-3.9975774e-02;1.5250000e+02;-7.8834191e-02;1.5250000e+02;-1.2198564e-01;1.5250000e+02;-6.6902399e-02;1.5250000e+02;-4.0141005e-02;1.5250000e+02;3.4569427e-03;1.5250000e+02;7.1324490e-02;1.5250000e+02;1.6837716e-01;1.5250000e+02;2.5266072e-01;1.5250000e+02;2.7379143e-01;1.5250000e+02;2.3898184e-01;1.5250000e+02;1.8274316e-01;1.5250000e+02;2.1888401e-01;1.5250000e+02;1.9304317e-01;1.5250000e+02;1.4634088e-01;1.5250000e+02;9.8404795e-02;1.5250000e+02;5.0070651e-02;1.5250000e+02;8.5775778e-03;1.5250000e+02;-3.9975774e-02;1.5250000e+02;-7.8834191e-02;1.5250000e+02;-1.2198564e-01;1.5250000e+02;-6.6902399e-02;1.5250000e+02;-4.0141005e-02;1.5250000e+02;3.4569427e-03;1.5250000e+02;7.1324490e-02;1.5250000e+02;1.6837716e-01;1.5250000e+02;2.5266072e-01;1.5250000e+02;2.7379143e-01;1.5250000e+02;2.3898184e-01;1.5250000e+02;1.8274316e-01;1.5250000e+02;2.1888401e-01;1.5250000e+02;1.9304317e-01;1.5250000e+02;1.4634088e-01;1.5250000e+02;9.8404795e-02;1.5250000e+02;5.0070651e-02;1.5250000e+02;8.5775778e-03;1.5250000e+02;-3.9975774e-02;1.5250000e+02;-7.8834191e-02;1.5250000e+02;-1.2198564e-01;1.5250000e+02;-6.6902399e-02;1.5250000e+02;-4.0141005e-02;1.5250000e+02;3.4569427e-03;1.5250000e+02;7.1324490e-02;1.5250000e+02;1.6837716e-01;1.5250000e+02;2.5266072e-01;1.5250000e+02;2.7379143e-01;1.5250000e+02;2.3898184e-01;1.5250000e+02;1.8274316e-01;1.5250000e+02;2.1888401e-01;1.5250000e+02;1.9304317e-01;1.5250000e+02;1.4634088e-01;1.5250000e+02;9.8404795e-02;1.5250000e+02;5.0070651e-02;1.5250000e+02;8.5775778e-03;1.5250000e+02;-3.9975774e-02;1.5250000e+02;-7.8834191e-02;1.5250000e+02;-1.2198564e-01;1.5250000e+02;-6.6902399e-02;1.5250000e+02;-4.0141005e-02;1.5250000e+02;3.4569427e-03;1.5250000e+02;7.1324490e-02;1.5250000e+02;1.6837716e-01;1.5250000e+02;2.5266072e-01;1.5250000e+02;2.7379143e-01;1.5250000e+02;2.3898184e-01;1.5250000e+02;1.8274316e-01;1.5250000e+02;2.1888401e-01;1.5250000e+02;1.9304317e-01;1.5250000e+02;1.4634088e-01;1.5250000e+02;9.8404795e-02;1.5250000e+02;5.0070651e-02;1.5250000e+02;8.5775778e-03;1.5250000e+02;-3.9975774e-02;1.5250000e+02;-7.8834191e-02;1.5250000e+02;-1.2198564e-01;1.5250000e+02;-6.6902399e-02;1.5250000e+02;-4.0141005e-02;1.5250000e+02;3.4569427e-03;1.5250000e+02;7.1324490e-02;1.5250000e+02;1.6837716e-01;1.5250000e+02;2.5266072e-01;1.5250000e+02;2.7379143e-01;1.5250000e+02;2.3898184e-01;1.5250000e+02;1.8274316e-01;1.5250000e+02;2.1888401e-01;1.5250000e+02;1.9304317e-01;1.5250000e+02;1.4634088e-01;1.5250000e+02;9.8404795e-02;1.5250000e+02;5.0070651e-02;1.5250000e+02;8.5775778e-03;1.5250000e+02;-3.9975774e-02;1.5250000e+02;-7.8834191e-02;1.5250000e+02;-1.2198564e-01;1.5250000e+02;-6.6902399e-02;1.5250000e+02;-4.0141005e-02;1.5250000e+02;3.4569427e-03;1.5250000e+02;7.1324490e-02;1.5250000e+02;1.6837716e-01;1.5250000e+02;2.5266072e-01;1.5250000e+02;2.7379143e-01;1.5250000e+02;2.3898184e-01;1.5250000e+02;1.8274316e-01;1.5250000e+02;2.1888401e-01;1.5250000e+02;1.9304317e-01;1.5250000e+02;1.4634088e-01;1.5250000e+02;9.8404795e-02;1.5250000e+02;5.0070651e-02;1.5250000e+02;8.5775778e-03;1.5250000e+02;-3.9975774e-02;1.5250000e+02;-7.8834191e-02;1.5250000e+02;-1.2198564e-01;1.5250000e+02;-6.6902399e-02;1.5250000e+02;-4.0141005e-02;1.5250000e+02;3.4569427e-03;1.5250000e+02;7.1324490e-02;1.5250000e+02;1.6837716e-01;1.5250000e+02;2.5266072e-01;1.5250000e+02;2.7379143e-01;1.5250000e+02;2.3898184e-01;1.5250000e+02;1.8274316e-01;1.5250000e+02;2.1888401e-01;1.5250000e+02;1.9304317e-01;1.5250000e+02;1.4634088e-01;1.5250000e+02;9.8404795e-02;1.5250000e+02;5.0070651e-02;1.5250000e+02;8.5775778e-03;1.5250000e+02;-3.9975774e-02;1.5250000e+02;-7.8834191e-02;1.5250000e+02;-1.2198564e-01;1.5250000e+02;-6.6902399e-02;1.5250000e+02;-4.0141005e-02;1.5250000e+02;3.4569427e-03;1.5250000e+02;7.1324490e-02;1.5250000e+02;1.6837716e-01;1.5250000e+02;2.5266072e-01;1.5250000e+02;2.7379143e-01;1.5250000e+02;2.3898184e-01;1.5250000e+02;1.8274316e-01;1.5250000e+02;2.1888401e-01;1.5250000e+02;1.9304317e-01;1.5250000e+02;1.4634088e-01;1.5250000e+02;9.8404795e-02;1.5250000e+02;5.0070651e-02;1.5250000e+02;8.5775778e-03;1.5250000e+02;-3.9975774e-02;1.5250000e+02;-7.8834191e-02;1.5250000e+02;-1.2198564e-01;1.5250000e+02;-6.6902399e-02;1.5250000e+02;-4.0141005e-02;1.5250000e+02;3.4569427e-03;1.5250000e+02;7.1324490e-02;1.5250000e+02;1.6837716e-01;1.5250000e+02;2.5266072e-01;1.5250000e+02;2.7379143e-01;1.5250000e+02;2.3898184e-01;1.5250000e+02;1.8274316e-01;1.5250000e+02;2.1888401e-01;1.5250000e+02;1.9304317e-01;1.5250000e+02;1.4634088e-01;1.5250000e+02;9.8404795e-02;1.5250000e+02;5.0070651e-02;1.5250000e+02;8.5775778e-03;1.5250000e+02;-3.9975774e-02;1.5250000e+02;-7.8834191e-02;1.5250000e+02;-1.2198564e-01;1.5250000e+02;-6.6902399e-02;1.5250000e+02;-4.0141005e-02;1.5250000e+02;3.4569427e-03;1.5250000e+02;7.1324490e-02;1.5250000e+02;1.6837716e-01;1.5250000e+02;2.5266072e-01;1.5250000e+02;2.7379143e-01;1.5250000e+02;2.3898184e-01;1.5250000e+02;1.8274316e-01;1.5250000e+02;2.1888401e-01;1.5250000e+02;1.9304317e-01;1.5250000e+02;1.4634088e-01;1.5250000e+02;9.8404795e-02;1.5250000e+02;5.0070651e-02;1.5250000e+02;8.5775778e-03;1.5250000e+02;-3.9975774e-02;1.5250000e+02;-7.8834191e-02;1.5250000e+02;-1.2198564e-01;1.5250000e+02;-6.6902399e-02;1.5250000e+02;-4.0141005e-02;1.5250000e+02;3.4569427e-03;1.5250000e+02;7.1324490e-02;1.5250000e+02;1.6837716e-01;1.5250000e+02;2.5266072e-01;1.5250000e+02;2.7379143e-01;1.5250000e+02;2.3898184e-01;1.5250000e+02;1.8274316e-01;1.5250000e+02;2.1888401e-01;1.5250000e+02;1.9304317e-01;1.5250000e+02;1.4634088e-01;1.5250000e+02;9.8404795e-02;1.5250000e+02;5.0070651e-02;1.5250000e+02;8.5775778e-03;1.5250000e+02;-3.9975774e-02;1.5250000e+02;-7.8834191e-02;1.5250000e+02;-1.2198564e-01;1.5250000e+02;-6.6902399e-02;1.5250000e+02;-4.0141005e-02;1.5250000e+02;3.4569427e-03;1.5250000e+02;7.1324490e-02;1.5250000e+02;1.6837716e-01;1.5250000e+02;2.5266072e-01;1.5250000e+02;2.7379143e-01;1.5250000e+02;2.3898184e-01;1.5250000e+02;1.8274316e-01;1.5250000e+02;2.1888401e-01;1.5250000e+02;1.9304317e-01;1.5250000e+02;1.4634088e-01;1.5250000e+02;9.8404795e-02;1.5250000e+02;5.0070651e-02;1.5250000e+02;8.5775778e-03;1.5250000e+02;-3.9975774e-02;1.5250000e+02;-7.8834191e-02;1.5250000e+02;-1.2198564e-01;1.5250000e+02;-6.6902399e-02;1.5250000e+02;-4.0141005e-02;1.5250000e+02;3.4569427e-03;1.5250000e+02;7.1324490e-02;1.5250000e+02;1.6837716e-01;1.5250000e+02;2.5266072e-01;1.5250000e+02;2.7379143e-01;1.5250000e+02;2.3898184e-01;1.5250000e+02;1.8274316e-01;1.5250000e+02;2.1888401e-01;1.5250000e+02;1.9304317e-01;1.5250000e+02;1.4634088e-01;1.5250000e+02;9.8404795e-02;1.5250000e+02;5.0070651e-02;1.5250000e+02;8.5775778e-03;1.5250000e+02;-3.9975774e-02;1.5250000e+02;-7.8834191e-02;1.5250000e+02;-1.2198564e-01;1.5250000e+02;-6.6902399e-02;1.5250000e+02;-4.0141005e-02;1.5250000e+02;3.4569427e-03;1.5250000e+02;7.1324490e-02;1.5250000e+02;1.6837716e-01;1.5250000e+02;2.5266072e-01;1.5250000e+02;2.7379143e-01;1.5250000e+02;2.3898184e-01;1.5250000e+02;1.8274316e-01;1.5250000e+02;2.1888401e-01;1.5250000e+02;1.9304317e-01;1.5250000e+02;1.4634088e-01;1.5250000e+02;9.8404795e-02;1.5250000e+02;5.0070651e-02;1.5250000e+02;8.5775778e-03;1.5250000e+02;-3.9975774e-02;1.5250000e+02;-7.8834191e-02;1.5250000e+02;-1.2198564e-01;1.5250000e+02;-6.6902399e-02;1.5250000e+02;-4.0141005e-02;1.5250000e+02;3.4569427e-03;1.5250000e+02;7.1324490e-02;1.5250000e+02;1.6837716e-01;1.5250000e+02;2.5266072e-01;1.5250000e+02;2.7379143e-01;1.5250000e+02;2.3898184e-01;1.5250000e+02;1.8274316e-01;1.5250000e+02;2.1888401e-01;1.5250000e+02;1.9304317e-01;1.5250000e+02;1.4634088e-01;1.5250000e+02;9.8404795e-02;1.5250000e+02;5.0070651e-02;1.5250000e+02;8.5775778e-03;1.5250000e+02;-3.9975774e-02;1.5250000e+02;-7.8834191e-02;1.5250000e+02;-1.2198564e-01;1.5250000e+02;-6.6902399e-02;1.5250000e+02;-4.0141005e-02;1.5250000e+02;3.4569427e-03;1.5250000e+02;7.1324490e-02;1.5250000e+02;1.6837716e-01;1.5250000e+02;2.5266072e-01;1.5250000e+02;2.7379143e-01;1.5250000e+02;2.3898184e-01;1.5250000e+02;1.8274316e-01;1.5250000e+02;2.1888401e-01;1.5250000e+02;1.9304317e-01;1.5250000e+02;1.4634088e-01;1.5250000e+02;9.8404795e-02;1.5250000e+02;5.0070651e-02;1.5250000e+02;8.5775778e-03;1.5250000e+02;-3.9975774e-02;1.5250000e+02;-7.8834191e-02;1.5250000e+02;-1.2198564e-01;1.5250000e+02;-6.6902399e-02;1.5250000e+02;-4.0141005e-02;1.5250000e+02;3.4569427e-03;1.5250000e+02;7.1324490e-02;1.5250000e+02;1.6837716e-01;1.5250000e+02;2.5266072e-01;1.5250000e+02;2.7379143e-01;1.5250000e+02;2.3898184e-01;1.5250000e+02;1.8274316e-01;1.5250000e+02;2.1888401e-01;1.5250000e+02;1.9304317e-01;1.5250000e+02;1.4634088e-01;1.5250000e+02;9.8404795e-02;1.5250000e+02;5.0070651e-02;1.5250000e+02;8.5775778e-03;1.5250000e+02;-3.9975774e-02;1.5250000e+02;-7.8834191e-02;1.5250000e+02;-1.2198564e-01;1.5250000e+02;-6.6902399e-02;1.5250000e+02;-4.0141005e-02;1.5250000e+02;3.4569427e-03;1.5250000e+02;7.1324490e-02;1.5250000e+02;1.6837716e-01;1.5250000e+02;2.5266072e-01;1.5250000e+02;2.7379143e-01;1.5250000e+02;2.3898184e-01;1.5250000e+02;1.8274316e-01;1.5250000e+02;2.1888401e-01;1.5250000e+02;1.9304317e-01;1.5250000e+02;1.4634088e-01;1.5250000e+02;9.8404795e-02;1.5250000e+02;5.0070651e-02;1.5250000e+02;8.5775778e-03;1.5250000e+02;-3.9975774e-02;1.5250000e+02;-7.8834191e-02;1.5250000e+02;-1.2198564e-01;1.5250000e+02;-6.6902399e-02;1.5250000e+02;-4.0141005e-02;1.5250000e+02;3.4569427e-03;1.5250000e+02;7.1324490e-02;1.5250000e+02;1.6837716e-01;1.5250000e+02;2.5266072e-01;1.5250000e+02;2.7379143e-01;1.5250000e+02;2.3898184e-01;1.5250000e+02;1.8274316e-01;1.5250000e+02;2.1888401e-01;1.5250000e+02;1.9304317e-01;1.5250000e+02;1.4634088e-01;1.5250000e+02;9.8404795e-02;1.5250000e+02;5.0070651e-02;1.5250000e+02;8.5775778e-03;1.5250000e+02;-3.9975774e-02;1.5250000e+02;-7.8834191e-02;1.5250000e+02;-1.2198564e-01;1.5250000e+02;-6.6902399e-02;1.5250000e+02;-4.0141005e-02;1.5250000e+02;3.4569427e-03;1.5250000e+02;7.1324490e-02;1.5250000e+02;1.6837716e-01;1.5250000e+02;2.5266072e-01;1.5250000e+02;2.7379143e-01;1.5250000e+02;2.3898184e-01;1.5250000e+02;1.8274316e-01;1.5250000e+02;2.1888401e-01;1.5250000e+02;1.9304317e-01;1.5250000e+02;1.4634088e-01;1.5250000e+02;9.8404795e-02;1.5250000e+02;5.0070651e-02;1.5250000e+02;8.5775778e-03;1.5250000e+02;-3.9975774e-02;1.5250000e+02;-7.8834191e-02;1.5250000e+02;-1.2198564e-01;1.5250000e+02;-6.6902399e-02;1.5250000e+02;-4.0141005e-02;1.5250000e+02;3.4569427e-03;1.5250000e+02;7.1324490e-02;1.5250000e+02;1.6837716e-01;1.5250000e+02;2.5266072e-01;1.5250000e+02;2.7379143e-01;1.5250000e+02;2.3898184e-01;1.5250000e+02;1.8274316e-01;1.5250000e+02;2.1888401e-01;1.5250000e+02;1.9304317e-01;1.5250000e+02;1.4634088e-01;1.5250000e+02;9.8404795e-02;1.5250000e+02;5.0070651e-02;1.5250000e+02;8.5775778e-03;1.5250000e+02;-3.9975774e-02;1.5250000e+02;-7.8834191e-02;1.5250000e+02;-1.2198564e-01;1.5250000e+02;-6.6902399e-02;1.5250000e+02;-4.0141005e-02;1.5250000e+02;3.4569427e-03;1.5250000e+02;7.1324490e-02;1.5250000e+02;1.6837716e-01;1.5250000e+02;2.5266072e-01;1.5250000e+02;2.7379143e-01;1.5250000e+02;2.3898184e-01;1.5250000e+02;1.8274316e-01;1.5250000e+02;2.1888401e-01;1.5250000e+02;1.9304317e-01;1.5250000e+02;1.4634088e-01;1.5250000e+02;9.8404795e-02;1.5250000e+02;5.0070651e-02;1.5250000e+02;8.5775778e-03;1.5250000e+02;-3.9975774e-02;1.5250000e+02;-7.8834191e-02;1.5250000e+02;-1.2198564e-01;1.5250000e+02;-6.6902399e-02;1.5250000e+02;-4.0141005e-02;1.5250000e+02;3.4569427e-03;1.5250000e+02;7.1324490e-02;1.5250000e+02;1.6837716e-01;1.5250000e+02;2.5266072e-01;1.5250000e+02;2.7379143e-01;1.5250000e+02;2.3898184e-01;1.5250000e+02;1.8274316e-01;1.5250000e+02;2.1888401e-01;1.5250000e+02;1.9304317e-01;1.5250000e+02;1.4634088e-01;1.5250000e+02;9.8404795e-02;1.5250000e+02;5.0070651e-02;1.5250000e+02;8.5775778e-03;1.5250000e+02;-3.9975774e-02;1.5250000e+02;-7.8834191e-02;1.5250000e+02;-1.2198564e-01;1.5250000e+02;-6.6902399e-02;1.5250000e+02;-4.0141005e-02;1.5250000e+02;3.4569427e-03;1.5250000e+02;7.1324490e-02;1.5250000e+02;1.6837716e-01;1.5250000e+02;2.5266072e-01;1.5250000e+02;2.7379143e-01;1.5250000e+02;2.3898184e-01;1.5250000e+02;1.8274316e-01;1.5250000e+02;2.1888401e-01;1.5250000e+02;1.9304317e-01;1.5250000e+02;1.4634088e-01;1.5250000e+02;9.8404795e-02;1.5250000e+02;5.0070651e-02;1.5250000e+02;8.5775778e-03;1.5250000e+02;-3.9975774e-02;1.5250000e+02;-7.8834191e-02;1.5250000e+02;-1.2198564e-01;1.5250000e+02;-6.6902399e-02;1.5250000e+02;-4.0141005e-02;1.5250000e+02;3.4569427e-03;1.5250000e+02;7.1324490e-02;1.5250000e+02;1.6837716e-01;1.5250000e+02;2.5266072e-01;1.5250000e+02;2.7379143e-01;1.5250000e+02;2.3898184e-01;1.5250000e+02;1.8274316e-01;1.5250000e+02;2.1888401e-01;1.5250000e+02;1.9304317e-01;1.5250000e+02;1.4634088e-01;1.5250000e+02;9.8404795e-02;1.5250000e+02;5.0070651e-02;1.5250000e+02;8.5775778e-03;1.5250000e+02;-3.9975774e-02;1.5250000e+02;-7.8834191e-02;1.5250000e+02;-1.2198564e-01;1.5250000e+02;-6.6902399e-02;1.5250000e+02;-4.0141005e-02;1.5250000e+02;3.4569427e-03;1.5250000e+02;7.1324490e-02;1.5250000e+02;1.6837716e-01;1.5250000e+02;2.5266072e-01;1.5250000e+02;2.7379143e-01;1.5250000e+02;2.3898184e-01;1.5250000e+02;1.8274316e-01;1.5250000e+02;2.1888401e-01;1.5250000e+02;1.9304317e-01;1.5250000e+02;1.4634088e-01;1.5250000e+02;9.8404795e-02;1.5250000e+02;5.0070651e-02;1.5250000e+02;8.5775778e-03;1.5250000e+02;-3.9975774e-02;1.5250000e+02;-7.8834191e-02;1.5250000e+02;-1.2198564e-01;1.5250000e+02;-6.6902399e-02;1.5250000e+02;-4.0141005e-02;1.5250000e+02;3.4569427e-03;1.5250000e+02;7.1324490e-02;1.5250000e+02;1.6837716e-01;1.5250000e+02;2.5266072e-01;1.5250000e+02;2.7379143e-01;1.5250000e+02;2.3898184e-01;1.5250000e+02;1.8274316e-01;1.5250000e+02;2.1888401e-01;1.5250000e+02;1.9304317e-01;1.5250000e+02;1.4634088e-01;1.5250000e+02;9.8404795e-02;1.5250000e+02;5.0070651e-02;1.5250000e+02;8.5775778e-03;1.5250000e+02;-3.9975774e-02;1.5250000e+02;-7.8834191e-02;1.5250000e+02;-1.2198564e-01;1.5250000e+02;-6.6902399e-02;1.5250000e+02;-4.0141005e-02;1.5250000e+02;3.4569427e-03;1.5250000e+02;7.1324490e-02;1.5250000e+02;1.6837716e-01;1.5250000e+02;2.5266072e-01;1.5250000e+02;2.7379143e-01;1.5250000e+02;2.3898184e-01;1.5250000e+02;1.8274316e-01;1.5250000e+02;2.1888401e-01;1.5250000e+02;1.9304317e-01;1.5250000e+02;1.4634088e-01;1.5250000e+02;9.8404795e-02;1.5250000e+02;5.0070651e-02;1.5250000e+02;8.5775778e-03;1.5250000e+02;-3.9975774e-02;1.5250000e+02;-7.8834191e-02;1.5250000e+02;-1.2198564e-01;1.5250000e+02;-6.6902399e-02;1.5250000e+02;-4.0141005e-02;1.5250000e+02;3.4569427e-03;1.5250000e+02;7.1324490e-02;1.5250000e+02;1.6837716e-01;1.5250000e+02;2.5266072e-01;1.5250000e+02;2.7379143e-01;1.5250000e+02;2.3898184e-01;1.5250000e+02;1.8274316e-01;1.5250000e+02;2.1888401e-01;1.5250000e+02;1.9304317e-01;1.5250000e+02;1.4634088e-01;1.5250000e+02;9.8404795e-02;1.5250000e+02;5.0070651e-02;1.5250000e+02;8.5775778e-03;1.5250000e+02;-3.9975774e-02;1.5250000e+02;-7.8834191e-02;1.5250000e+02;-1.2198564e-01;1.5250000e+02;-6.6902399e-02;1.5250000e+02;-4.0141005e-02;1.5250000e+02;3.4569427e-03;1.5250000e+02;7.1324490e-02;1.5250000e+02;1.6837716e-01;1.5250000e+02;2.5266072e-01;1.5250000e+02;2.7379143e-01;1.5250000e+02;2.3898184e-01;1.5250000e+02;1.8274316e-01;1.5250000e+02;2.1888401e-01;1.5250000e+02;1.9304317e-01;1.5250000e+02;1.4634088e-01;1.5250000e+02;9.8404795e-02;1.5250000e+02;5.0070651e-02;1.5250000e+02;8.5775778e-03;1.5250000e+02;-3.9975774e-02;1.5250000e+02;-7.8834191e-02;1.5250000e+02;-1.2198564e-01;1.5250000e+02;-6.6902399e-02;1.5250000e+02;-4.0141005e-02;1.5250000e+02;3.4569427e-03;1.5250000e+02;7.1324490e-02;1.5250000e+02;1.6837716e-01;1.5250000e+02;2.5266072e-01;1.5250000e+02;2.7379143e-01;1.5250000e+02;2.3898184e-01;1.5250000e+02;1.8274316e-01;1.5250000e+02;2.1888401e-01;1.5250000e+02;1.9304317e-01;1.5250000e+02;1.4634088e-01;1.5250000e+02;9.8404795e-02;1.5250000e+02;5.0070651e-02;1.5250000e+02;8.5775778e-03;1.5250000e+02;-3.9975774e-02;1.5250000e+02;-7.8834191e-02;1.5250000e+02;-1.2198564e-01;1.5250000e+02;-6.6902399e-02;1.5250000e+02;-4.0141005e-02;1.5250000e+02;3.4569427e-03;1.5250000e+02;7.1324490e-02;1.5250000e+02;1.6837716e-01;1.5250000e+02;2.5266072e-01;1.5250000e+02;2.7379143e-01;1.5250000e+02;2.3898184e-01;1.5250000e+02;1.8274316e-01;1.5250000e+02;2.1888401e-01;1.5250000e+02;1.9304317e-01;1.5250000e+02;1.4634088e-01;1.5250000e+02;9.8404795e-02;1.5250000e+02;5.0070651e-02;1.5250000e+02;8.5775778e-03;1.5250000e+02;-3.9975774e-02;1.5250000e+02;-7.8834191e-02;1.5250000e+02;-1.2198564e-01;1.5250000e+02;-6.6902399e-02;1.5250000e+02;-4.0141005e-02;1.5250000e+02;3.4569427e-03;1.5250000e+02;7.1324490e-02;1.5250000e+02;1.6837716e-01;1.5250000e+02;2.5266072e-01;1.5250000e+02;2.7379143e-01;1.5250000e+02;2.3898184e-01;1.5250000e+02;1.8274316e-01;1.5250000e+02;2.1888401e-01;1.5250000e+02;1.9304317e-01;1.5250000e+02;1.4634088e-01;1.5250000e+02;9.8404795e-02;1.5250000e+02;5.0070651e-02;1.5250000e+02;8.5775778e-03;1.5250000e+02;-3.9975774e-02;1.5250000e+02;-7.8834191e-02;1.5250000e+02;-1.2198564e-01;1.5250000e+02;-6.6902399e-02;1.5250000e+02;-4.0141005e-02;1.5250000e+02;3.4569427e-03;1.5250000e+02;7.1324490e-02;1.5250000e+02;1.6837716e-01;1.5250000e+02;2.5266072e-01;1.5250000e+02;2.7379143e-01;1.5250000e+02;2.3898184e-01;1.5250000e+02;1.8274316e-01;1.5250000e+02;2.1888401e-01;1.5250000e+02;1.9304317e-01;1.5250000e+02;1.4634088e-01;1.5250000e+02;9.8404795e-02;1.5250000e+02;5.0070651e-02;1.5250000e+02;8.5775778e-03;1.5250000e+02;-3.9975774e-02;1.5250000e+02;-7.8834191e-02;1.5250000e+02;-1.2198564e-01;1.5250000e+02;-6.6902399e-02;1.5250000e+02;-4.0141005e-02;1.5250000e+02;3.4569427e-03;1.5250000e+02;7.1324490e-02;1.5250000e+02;1.6837716e-01;1.5250000e+02;2.5266072e-01;1.5250000e+02;2.7379143e-01;1.5250000e+02;2.3898184e-01;1.5250000e+02;1.8274316e-01;1.5250000e+02;2.1888401e-01;1.5250000e+02;1.9304317e-01;1.5250000e+02;1.4634088e-01;1.5250000e+02;9.8404795e-02;1.5250000e+02;5.0070651e-02;1.5250000e+02;8.5775778e-03;1.5250000e+02;-3.9975774e-02;1.5250000e+02;-7.8834191e-02;1.5250000e+02;-1.2198564e-01;1.5250000e+02;-6.6902399e-02;1.5250000e+02;-4.0141005e-02;1.5250000e+02;3.4569427e-03;1.5250000e+02;7.1324490e-02;1.5250000e+02;1.6837716e-01;1.5250000e+02;2.5266072e-01;1.5250000e+02;2.7379143e-01;1.5250000e+02;2.3898184e-01;1.5250000e+02;1.8274316e-01;1.5250000e+02;2.1888401e-01;1.5250000e+02;1.9304317e-01;1.5250000e+02;1.4634088e-01;1.5250000e+02;9.8404795e-02;1.5250000e+02;5.0070651e-02;1.5250000e+02;8.5775778e-03;1.5250000e+02;-3.9975774e-02;1.5250000e+02;-7.8834191e-02;1.5250000e+02;-1.2198564e-01;1.5250000e+02;-6.6902399e-02;1.5250000e+02;-4.0141005e-02;1.5250000e+02;3.4569427e-03;1.5250000e+02;7.1324490e-02;1.5250000e+02;1.6837716e-01;1.5250000e+02;2.5266072e-01;1.5250000e+02;2.7379143e-01;1.5250000e+02;2.3898184e-01;1.5250000e+02;1.8274316e-01;1.5250000e+02;2.1888401e-01;1.5250000e+02;1.9304317e-01;1.5250000e+02;1.4634088e-01;1.5250000e+02;9.8404795e-02;1.5250000e+02;5.0070651e-02;1.5250000e+02;8.5775778e-03;1.5250000e+02;-3.9975774e-02;1.5250000e+02;-7.8834191e-02;1.5250000e+02;-1.2198564e-01;1.5250000e+02;-6.6902399e-02;1.5250000e+02;-4.0141005e-02;1.5250000e+02;3.4569427e-03;1.5250000e+02;7.1324490e-02;1.5250000e+02;1.6837716e-01;1.5250000e+02;2.5266072e-01;1.5250000e+02;2.7379143e-01;1.5250000e+02;2.3898184e-01;1.5250000e+02;1.8274316e-01;1.5250000e+02;2.1888401e-01;1.5250000e+02;1.9304317e-01;1.5250000e+02;1.4634088e-01;1.5250000e+02;9.8404795e-02;1.5250000e+02;5.0070651e-02;1.5250000e+02;8.5775778e-03;1.5250000e+02;-3.9975774e-02;1.5250000e+02;-7.8834191e-02;1.5250000e+02;-1.2198564e-01;1.5250000e+02;-6.6902399e-02;1.5250000e+02;-4.0141005e-02;1.5250000e+02;3.4569427e-03;1.5250000e+02;7.1324490e-02;1.5250000e+02;1.6837716e-01;1.5250000e+02;2.5266072e-01;1.5250000e+02;2.7379143e-01;1.5250000e+02;2.3898184e-01;1.5250000e+02;1.8274316e-01;1.5250000e+02;2.1888401e-01;1.5250000e+02;1.9304317e-01;1.5250000e+02;1.4634088e-01;1.5250000e+02;9.8404795e-02;1.5250000e+02;5.0070651e-02;1.5250000e+02;8.5775778e-03;1.5250000e+02;-3.9975774e-02;1.5250000e+02;-7.8834191e-02;1.5250000e+02;-1.2198564e-01;1.5250000e+02;-6.6902399e-02;1.5250000e+02;-4.0141005e-02;1.5250000e+02;3.4569427e-03;1.5250000e+02;7.1324490e-02;1.5250000e+02;1.6837716e-01;1.5250000e+02;2.5266072e-01;1.5250000e+02;2.7379143e-01;1.5250000e+02;2.3898184e-01;1.5250000e+02;1.8274316e-01;1.5250000e+02;2.1888401e-01;1.5250000e+02;1.9304317e-01;1.5250000e+02;1.4634088e-01;1.5250000e+02;9.8404795e-02;1.5250000e+02;5.0070651e-02;1.5250000e+02;8.5775778e-03;1.5250000e+02;-3.9975774e-02;1.5250000e+02;-7.8834191e-02;1.5250000e+02;-1.2198564e-01;1.5250000e+02;-6.6902399e-02;1.5250000e+02;-4.0141005e-02;1.5250000e+02;3.4569427e-03;1.5250000e+02;7.1324490e-02;1.5250000e+02;1.6837716e-01;1.5250000e+02;2.5266072e-01;1.5250000e+02;2.7379143e-01;1.5250000e+02;2.3898184e-01;1.5250000e+02;1.8274316e-01;1.5250000e+02;2.1888401e-01;1.5250000e+02;1.9304317e-01;1.5250000e+02;1.4634088e-01;1.5250000e+02;9.8404795e-02;1.5250000e+02;5.0070651e-02;1.5250000e+02;8.5775778e-03;1.5250000e+02;-3.9975774e-02;1.5250000e+02;-7.8834191e-02;1.5250000e+02;-1.2198564e-01;1.5250000e+02;-6.6902399e-02;1.5250000e+02;-4.0141005e-02;1.5250000e+02;3.4569427e-03;1.5250000e+02;7.1324490e-02;1.5250000e+02;1.6837716e-01;1.5250000e+02;2.5266072e-01;1.5250000e+02;2.7379143e-01;1.5250000e+02;2.3898184e-01;1.5250000e+02;1.8274316e-01;1.5250000e+02;2.1888401e-01;1.5250000e+02;1.9304317e-01;1.5250000e+02;1.4634088e-01;1.5250000e+02;9.8404795e-02;1.5250000e+02;5.0070651e-02;1.5250000e+02;8.5775778e-03;1.5250000e+02;-3.9975774e-02;1.5250000e+02;-7.8834191e-02;1.5250000e+02;-1.2198564e-01;1.5250000e+02;-6.6902399e-02;1.5250000e+02;-4.0141005e-02;1.5250000e+02;3.4569427e-03;1.5250000e+02;7.1324490e-02;1.5250000e+02;1.6837716e-01;1.5250000e+02;2.5266072e-01;1.5250000e+02;2.7379143e-01;1.5250000e+02;2.3898184e-01;1.5250000e+02;1.8274316e-01;1.5250000e+02;2.1888401e-01;1.5250000e+02;1.9304317e-01;1.5250000e+02;1.4634088e-01;1.5250000e+02;9.8404795e-02;1.5250000e+02;5.0070651e-02;1.5250000e+02;8.5775778e-03;1.5250000e+02;-3.9975774e-02;1.5250000e+02;-7.8834191e-02;1.5250000e+02;-1.2198564e-01;1.5250000e+02;-6.6902399e-02;1.5250000e+02;-4.0141005e-02;1.5250000e+02;3.4569427e-03;1.5250000e+02;7.1324490e-02;1.5250000e+02;1.6837716e-01;1.5250000e+02;2.5266072e-01;1.5250000e+02;2.7379143e-01;1.5250000e+02;2.3898184e-01;1.5250000e+02;1.8274316e-01;1.5250000e+02;2.1888401e-01;1.5250000e+02;1.9304317e-01;1.5250000e+02;1.4634088e-01;1.5250000e+02;9.8404795e-02;1.5250000e+02;5.0070651e-02;1.5250000e+02;8.5775778e-03;1.5250000e+02;-3.9975774e-02;1.5250000e+02;-7.8834191e-02;1.5250000e+02;-1.2198564e-01;1.5250000e+02;-6.6902399e-02;1.5250000e+02;-4.0141005e-02;1.5250000e+02;3.4569427e-03;1.5250000e+02;7.1324490e-02;1.5250000e+02;1.6837716e-01;1.5250000e+02;2.5266072e-01;1.5250000e+02;2.7379143e-01;1.5250000e+02;2.3898184e-01;1.5250000e+02;1.8274316e-01;1.5250000e+02;2.1888401e-01;1.5250000e+02;1.9304317e-01;1.5250000e+02;1.4634088e-01;1.5250000e+02;9.8404795e-02;1.5250000e+02;5.0070651e-02;1.5250000e+02;8.5775778e-03;1.5250000e+02;-3.9975774e-02;1.5250000e+02;-7.8834191e-02;1.5250000e+02;-1.2198564e-01;1.5250000e+02;-6.6902399e-02;1.5250000e+02;-4.0141005e-02;1.5250000e+02;3.4569427e-03;1.5250000e+02;7.1324490e-02;1.5250000e+02;1.6837716e-01;1.5250000e+02;2.5266072e-01;1.5250000e+02;2.7379143e-01;1.5250000e+02;2.3898184e-01;1.5250000e+02;1.8274316e-01;1.5250000e+02;2.1888401e-01;1.5250000e+02;1.9304317e-01;1.5250000e+02;1.4634088e-01;1.5250000e+02;9.8404795e-02;1.5250000e+02;5.0070651e-02;1.5250000e+02;8.5775778e-03;1.5250000e+02;-3.9975774e-02;1.5250000e+02;-7.8834191e-02;1.5250000e+02;-1.2198564e-01;1.5250000e+02;-6.6902399e-02;1.5250000e+02;-4.0141005e-02;1.5250000e+02;3.4569427e-03;1.5250000e+02;7.1324490e-02;1.5250000e+02;1.6837716e-01;1.5250000e+02;2.5266072e-01;1.5250000e+02;2.7379143e-01;1.5250000e+02;2.3898184e-01;1.5250000e+02;1.8274316e-01;1.5250000e+02;2.1888401e-01;1.5250000e+02;1.9304317e-01;1.5250000e+02;1.4634088e-01;1.5250000e+02;9.8404795e-02;1.5250000e+02;5.0070651e-02;1.5250000e+02;8.5775778e-03;1.5250000e+02;-3.9975774e-02;1.5250000e+02;-7.8834191e-02;1.5250000e+02;-1.2198564e-01;1.5250000e+02;-6.6902399e-02;1.5250000e+02;-4.0141005e-02;1.5250000e+02;3.4569427e-03;1.5250000e+02;7.1324490e-02;1.5250000e+02;1.6837716e-01;1.5250000e+02;2.5266072e-01;1.5250000e+02;2.7379143e-01;1.5250000e+02;2.3898184e-01;1.5250000e+02;1.8274316e-01;1.5250000e+02;2.1888401e-01;1.5250000e+02;1.9304317e-01;1.5250000e+02;1.4634088e-01;1.5250000e+02;9.8404795e-02;1.5250000e+02;5.0070651e-02;1.5250000e+02;8.5775778e-03;1.5250000e+02;-3.9975774e-02;1.5250000e+02;-7.8834191e-02;1.5250000e+02;-1.2198564e-01;1.5250000e+02;-6.6902399e-02;1.5250000e+02;-4.0141005e-02;1.5250000e+02;3.4569427e-03;1.5250000e+02;7.1324490e-02;1.5250000e+02;1.6837716e-01;1.5250000e+02;2.5266072e-01;1.5250000e+02;2.7379143e-01;1.5250000e+02;2.3898184e-01;1.5250000e+02;1.8274316e-01;1.5250000e+02;2.1888401e-01;1.5250000e+02;1.9304317e-01;1.5250000e+02;1.4634088e-01;1.5250000e+02;9.8404795e-02;1.5250000e+02;5.0070651e-02;1.5250000e+02;8.5775778e-03;1.5250000e+02;-3.9975774e-02;1.5250000e+02;-7.8834191e-02;1.5250000e+02;-1.2198564e-01;1.5250000e+02;-6.6902399e-02;1.5250000e+02;-4.0141005e-02;1.5250000e+02;3.4569427e-03;1.5250000e+02;7.1324490e-02;1.5250000e+02;1.6837716e-01;1.5250000e+02;2.5266072e-01;1.5250000e+02;2.7379143e-01;1.5250000e+02;2.3898184e-01;1.5250000e+02;1.8274316e-01;1.5250000e+02;2.1888401e-01;1.5250000e+02;1.9304317e-01;1.5250000e+02;1.4634088e-01;1.5250000e+02;9.8404795e-02;1.5250000e+02;5.0070651e-02;1.5250000e+02;8.5775778e-03;1.5250000e+02;-3.9975774e-02;1.5250000e+02;-7.8834191e-02;1.5250000e+02;-1.2198564e-01;1.5250000e+02;-6.6902399e-02;1.5250000e+02;-4.0141005e-02;1.5250000e+02;3.4569427e-03;1.5250000e+02;7.1324490e-02;1.5250000e+02;1.6837716e-01;1.5250000e+02;2.5266072e-01;1.5250000e+02;2.7379143e-01;1.5250000e+02;2.3898184e-01;1.5250000e+02;1.8274316e-01;1.5250000e+02;2.1888401e-01;1.5250000e+02;1.9304317e-01;1.5250000e+02;1.4634088e-01;1.5250000e+02;9.8404795e-02;1.5250000e+02;5.0070651e-02;1.5250000e+02;8.5775778e-03;1.5250000e+02;-3.9975774e-02;1.5250000e+02;-7.8834191e-02;1.5250000e+02;-1.2198564e-01;1.5250000e+02;-6.6902399e-02;1.5250000e+02;-4.0141005e-02;1.5250000e+02;3.4569427e-03;1.5250000e+02;7.1324490e-02;1.5250000e+02;1.6837716e-01;1.5250000e+02;2.5266072e-01;1.5250000e+02;2.7379143e-01;1.5250000e+02;2.3898184e-01;1.5250000e+02;1.8274316e-01;1.5250000e+02;2.1888401e-01;1.5250000e+02;1.9304317e-01;1.5250000e+02;1.4634088e-01;1.5250000e+02;9.8404795e-02;1.5250000e+02;5.0070651e-02;1.5250000e+02;8.5775778e-03;1.5250000e+02;-3.9975774e-02;1.5250000e+02;-7.8834191e-02;1.5250000e+02;-1.2198564e-01;1.5250000e+02;-6.6902399e-02;1.5250000e+02;-4.0141005e-02;1.5250000e+02;3.4569427e-03;1.5250000e+02;7.1324490e-02;1.5250000e+02;1.6837716e-01;1.5250000e+02;2.5266072e-01;1.5250000e+02;2.7379143e-01;1.5250000e+02;2.3898184e-01;1.5250000e+02;1.8274316e-01;1.5250000e+02;2.1888401e-01;1.5250000e+02;1.9304317e-01;1.5250000e+02;1.4634088e-01;1.5250000e+02;9.8404795e-02;1.5250000e+02;5.0070651e-02;1.5250000e+02;8.5775778e-03;1.5250000e+02;-3.9975774e-02;1.5250000e+02;-7.8834191e-02;1.5250000e+02;-1.2198564e-01;1.5250000e+02;-6.6902399e-02;1.5250000e+02;-4.0141005e-02;1.5250000e+02;3.4569427e-03;1.5250000e+02;7.1324490e-02;1.5250000e+02;1.6837716e-01;1.5250000e+02;2.5266072e-01;1.5250000e+02;2.7379143e-01;1.5250000e+02;2.3898184e-01;1.5250000e+02;1.8274316e-01;1.5250000e+02;2.1888401e-01;1.5250000e+02;1.9304317e-01;1.5250000e+02;1.4634088e-01;1.5250000e+02;9.8404795e-02;1.5250000e+02;5.0070651e-02;1.5250000e+02;8.5775778e-03;1.5250000e+02;-3.9975774e-02;1.5250000e+02;-7.8834191e-02;1.5250000e+02;-1.2198564e-01;1.5250000e+02;-6.6902399e-02;1.5250000e+02;-4.0141005e-02;1.5250000e+02;3.4569427e-03;1.5250000e+02;7.1324490e-02;1.5250000e+02;1.6837716e-01;1.5250000e+02;2.5266072e-01;1.5250000e+02;2.7379143e-01;1.5250000e+02;2.3898184e-01;1.5250000e+02;1.8274316e-01;1.5250000e+02;2.1888401e-01;1.5250000e+02;1.9304317e-01;1.5250000e+02;1.4634088e-01;1.5250000e+02;9.8404795e-02;1.5250000e+02;5.0070651e-02;1.5250000e+02;8.5775778e-03;1.5250000e+02;-3.9975774e-02;1.5250000e+02;-7.8834191e-02;1.5250000e+02;-1.2198564e-01;1.5250000e+02;-6.6902399e-02;1.5250000e+02;-4.0141005e-02;1.5250000e+02;3.4569427e-03;1.5250000e+02;7.1324490e-02;1.5250000e+02;1.6837716e-01;1.5250000e+02;2.5266072e-01;1.5250000e+02;2.7379143e-01;1.5250000e+02;2.3898184e-01;1.5250000e+02;1.8274316e-01;1.5250000e+02;2.1888401e-01;1.5250000e+02;1.9304317e-01;1.5250000e+02;1.4634088e-01;1.5250000e+02;9.8404795e-02;1.5250000e+02;5.0070651e-02;1.5250000e+02;8.5775778e-03;1.5250000e+02;-3.9975774e-02;1.5250000e+02;-7.8834191e-02;1.5250000e+02;-1.2198564e-01;1.5250000e+02;-6.6902399e-02;1.5250000e+02;-4.0141005e-02;1.5250000e+02;3.4569427e-03;1.5250000e+02;7.1324490e-02;1.5250000e+02;1.6837716e-01;1.5250000e+02;2.5266072e-01;1.5250000e+02;2.7379143e-01;1.5250000e+02;2.3898184e-01;1.5250000e+02;1.8274316e-01;1.5250000e+02;2.1888401e-01;1.5250000e+02;1.9304317e-01;1.5250000e+02;1.4634088e-01;1.5250000e+02;9.8404795e-02;1.5250000e+02;5.0070651e-02;1.5250000e+02;8.5775778e-03;1.5250000e+02;-3.9975774e-02;1.5250000e+02;-7.8834191e-02;1.5250000e+02;-1.2198564e-01;1.5250000e+02;-6.6902399e-02;1.5250000e+02;-4.0141005e-02;1.5250000e+02;3.4569427e-03;1.5250000e+02;7.1324490e-02;1.5250000e+02;1.6837716e-01;1.5250000e+02;2.5266072e-01;1.5250000e+02;2.7379143e-01;1.5250000e+02;2.3898184e-01;1.5250000e+02;1.8274316e-01;1.5250000e+02;2.1888401e-01;1.5250000e+02;1.9304317e-01;1.5250000e+02;1.4634088e-01;1.5250000e+02;9.8404795e-02;1.5250000e+02;5.0070651e-02;1.5250000e+02;8.5775778e-03;1.5250000e+02;-3.9975774e-02;1.5250000e+02;-7.8834191e-02;1.5250000e+02;-1.2198564e-01;1.5250000e+02;-6.6902399e-02;1.5250000e+02;-4.0141005e-02;1.5250000e+02;3.4569427e-03;1.5250000e+02;7.1324490e-02;1.5250000e+02;1.6837716e-01;1.5250000e+02;2.5266072e-01;1.5250000e+02;2.7379143e-01;1.5250000e+02;2.3898184e-01;1.5250000e+02;1.8274316e-01;1.5250000e+02;2.1888401e-01;1.5250000e+02;1.9304317e-01;1.5250000e+02;1.4634088e-01;1.5250000e+02;9.8404795e-02;1.5250000e+02;5.0070651e-02;1.5250000e+02;8.5775778e-03;1.5250000e+02;-3.9975774e-02;1.5250000e+02;-7.8834191e-02;1.5250000e+02;-1.2198564e-01;1.5250000e+02;-6.6902399e-02;1.5250000e+02;-4.0141005e-02;1.5250000e+02;3.4569427e-03;1.5250000e+02;7.1324490e-02;1.5250000e+02;1.6837716e-01;1.5250000e+02;2.5266072e-01;1.5250000e+02;2.7379143e-01;1.5250000e+02;2.3898184e-01;1.5250000e+02;1.8274316e-01;1.5250000e+02;2.1888401e-01;1.5250000e+02;1.9304317e-01;1.5250000e+02;1.4634088e-01;1.5250000e+02;9.8404795e-02;1.5250000e+02;5.0070651e-02;1.5250000e+02;8.5775778e-03;1.5250000e+02;-3.9975774e-02;1.5250000e+02;-7.8834191e-02;1.5250000e+02;-1.2198564e-01;1.5250000e+02;-6.6902399e-02;1.5250000e+02;-4.0141005e-02;1.5250000e+02;3.4569427e-03;1.5250000e+02;7.1324490e-02;1.5250000e+02;1.6837716e-01;1.5250000e+02;2.5266072e-01;1.5250000e+02;2.7379143e-01;1.5250000e+02;2.3898184e-01;1.5250000e+02;1.8274316e-01;1.5250000e+02;2.1888401e-01;1.5250000e+02;1.9304317e-01;1.5250000e+02;1.4634088e-01;1.5250000e+02;9.8404795e-02;1.5250000e+02;5.0070651e-02;1.5250000e+02;8.5775778e-03;1.5250000e+02;-3.9975774e-02;1.5250000e+02;-7.8834191e-02;1.5250000e+02;-1.2198564e-01;1.5250000e+02;-6.6902399e-02;1.5250000e+02;-4.0141005e-02;1.5250000e+02;3.4569427e-03;1.5250000e+02;7.1324490e-02;1.5250000e+02;1.6837716e-01;1.5250000e+02;2.5266072e-01;1.5250000e+02;2.7379143e-01;1.5250000e+02;2.3898184e-01;1.5250000e+02;1.8274316e-01;1.5250000e+02;2.1888401e-01;1.5250000e+02;1.9304317e-01;1.5250000e+02;1.4634088e-01;1.5250000e+02;9.8404795e-02;1.5250000e+02;5.0070651e-02;1.5250000e+02;8.5775778e-03;1.5250000e+02;-3.9975774e-02;1.5250000e+02;-7.8834191e-02;1.5250000e+02;-1.2198564e-01;1.5250000e+02;-6.6902399e-02;1.5250000e+02;-4.0141005e-02;1.5250000e+02;3.4569427e-03;1.5250000e+02;7.1324490e-02;1.5250000e+02;1.6837716e-01;1.5250000e+02;2.5266072e-01;1.5250000e+02;2.7379143e-01;1.5250000e+02;2.3898184e-01;1.5250000e+02;1.8274316e-01;1.5250000e+02;2.1888401e-01;1.5250000e+02;1.9304317e-01;1.5250000e+02;1.4634088e-01;1.5250000e+02;9.8404795e-02;1.5250000e+02;5.0070651e-02;1.5250000e+02;8.5775778e-03;1.5250000e+02;-3.9975774e-02;1.5250000e+02;-7.8834191e-02;1.5250000e+02;-1.2198564e-01;1.5250000e+02;-6.6902399e-02;1.5250000e+02;-4.0141005e-02;1.5250000e+02;3.4569427e-03;1.5250000e+02;7.1324490e-02;1.5250000e+02;1.6837716e-01;1.5250000e+02;2.5266072e-01;1.5250000e+02;2.7379143e-01;1.5250000e+02;2.3898184e-01;1.5250000e+02;1.8274316e-01;1.5250000e+02;2.1888401e-01;1.5250000e+02;1.9304317e-01;1.5250000e+02;1.4634088e-01;1.5250000e+02;9.8404795e-02;1.5250000e+02;5.0070651e-02;1.5250000e+02;8.5775778e-03;1.5250000e+02;-3.9975774e-02;1.5250000e+02;-7.8834191e-02;1.5250000e+02;-1.2198564e-01;1.5250000e+02;-6.6902399e-02;1.5250000e+02;-4.0141005e-02;1.5250000e+02;3.4569427e-03;1.5250000e+02;7.1324490e-02;1.5250000e+02;1.6837716e-01;1.5250000e+02;2.5266072e-01;1.5250000e+02;2.7379143e-01;1.5250000e+02;2.3898184e-01;1.5250000e+02;1.8274316e-01;1.5250000e+02;2.1888401e-01;1.5250000e+02;1.9304317e-01;1.5250000e+02;1.4634088e-01;1.5250000e+02;9.8404795e-02;1.5250000e+02;5.0070651e-02;1.5250000e+02;8.5775778e-03;1.5250000e+02;-3.9975774e-02;1.5250000e+02;-7.8834191e-02;1.5250000e+02;-1.2198564e-01;1.5250000e+02;-6.6902399e-02;1.5250000e+02;-4.0141005e-02;1.5250000e+02;3.4569427e-03;1.5250000e+02;7.1324490e-02;1.5250000e+02;1.6837716e-01;1.5250000e+02;2.5266072e-01;1.5250000e+02;2.7379143e-01;1.5250000e+02;2.3898184e-01;1.5250000e+02;1.8274316e-01;1.5250000e+02;2.1888401e-01;1.5250000e+02;1.9304317e-01;1.5250000e+02;1.4634088e-01;1.5250000e+02;9.8404795e-02;1.5250000e+02;5.0070651e-02;1.5250000e+02;8.5775778e-03;1.5250000e+02;-3.9975774e-02;1.5250000e+02;-7.8834191e-02;1.5250000e+02;-1.2198564e-01;1.5250000e+02;-6.6902399e-02;1.5250000e+02;-4.0141005e-02;1.5250000e+02;3.4569427e-03;1.5250000e+02;7.1324490e-02;1.5250000e+02;1.6837716e-01;1.5250000e+02;2.5266072e-01;1.5250000e+02;2.7379143e-01;1.5250000e+02;2.3898184e-01;1.5250000e+02;1.8274316e-01;1.5250000e+02;2.1888401e-01;1.5250000e+02;1.9304317e-01;1.5250000e+02;1.4634088e-01;1.5250000e+02;9.8404795e-02;1.5250000e+02;5.0070651e-02;1.5250000e+02;8.5775778e-03;1.5250000e+02;-3.9975774e-02;1.5250000e+02;-7.8834191e-02;1.5250000e+02;-1.2198564e-01;1.5250000e+02;-6.6902399e-02;1.5250000e+02;-4.0141005e-02;1.5250000e+02;3.4569427e-03;1.5250000e+02;7.1324490e-02;1.5250000e+02;1.6837716e-01;1.5250000e+02;2.5266072e-01;1.5250000e+02;2.7379143e-01;1.5250000e+02;2.3898184e-01;1.5250000e+02;1.8274316e-01;1.5250000e+02;2.1888401e-01;1.5250000e+02;1.9304317e-01;1.5250000e+02;1.4634088e-01;1.5250000e+02;9.8404795e-02;1.5250000e+02;5.0070651e-02;1.5250000e+02;8.5775778e-03;1.5250000e+02;-3.9975774e-02;1.5250000e+02;-7.8834191e-02;1.5250000e+02;-1.2198564e-01;1.5250000e+02;-6.6902399e-02;1.5250000e+02;-4.0141005e-02;1.5250000e+02;3.4569427e-03;1.5250000e+02;7.1324490e-02;1.5250000e+02;1.6837716e-01;1.5250000e+02;2.5266072e-01;1.5250000e+02;2.7379143e-01;1.5250000e+02;2.3898184e-01;1.5250000e+02;1.8274316e-01;1.5250000e+02;2.1888401e-01;1.5250000e+02;1.9304317e-01;1.5250000e+02;1.4634088e-01;1.5250000e+02;9.8404795e-02;1.5250000e+02;5.0070651e-02;1.5250000e+02;8.5775778e-03;1.5250000e+02;-3.9975774e-02;1.5250000e+02;-7.8834191e-02;1.5250000e+02;-1.2198564e-01;1.5250000e+02;-6.6902399e-02;1.5250000e+02;-4.0141005e-02;1.5250000e+02;3.4569427e-03;1.5250000e+02;7.1324490e-02;1.5250000e+02;1.6837716e-01;1.5250000e+02;2.5266072e-01;1.5250000e+02;2.7379143e-01;1.5250000e+02;2.3898184e-01;1.5250000e+02;1.8274316e-01;1.5250000e+02;2.1888401e-01;1.5250000e+02;1.9304317e-01;1.5250000e+02;1.4634088e-01;1.5250000e+02;9.8404795e-02;1.5250000e+02;5.0070651e-02;1.5250000e+02;8.5775778e-03;1.5250000e+02;-3.9975774e-02;1.5250000e+02;-7.8834191e-02;1.5250000e+02;-1.2198564e-01;1.5250000e+02;-6.6902399e-02;1.5250000e+02;-4.0141005e-02;1.5250000e+02;3.4569427e-03;1.5250000e+02;7.1324490e-02;1.5250000e+02;1.6837716e-01;1.5250000e+02;2.5266072e-01;1.5250000e+02;2.7379143e-01;1.5250000e+02;2.3898184e-01;1.5250000e+02;1.8274316e-01;1.5250000e+02;2.1888401e-01;1.5250000e+02;1.9304317e-01;1.5250000e+02;1.4634088e-01;1.5250000e+02;9.8404795e-02;1.5250000e+02;5.0070651e-02;1.5250000e+02;8.5775778e-03;1.5250000e+02;-3.9975774e-02;1.5250000e+02;-7.8834191e-02;1.5250000e+02;-1.2198564e-01;1.5250000e+02;-6.6902399e-02;1.5250000e+02;-4.0141005e-02;1.5250000e+02;3.4569427e-03;1.5250000e+02;7.1324490e-02;1.5250000e+02;1.6837716e-01;1.5250000e+02;2.5266072e-01;1.5250000e+02;2.7379143e-01;1.5250000e+02;2.3898184e-01;1.5250000e+02;1.8274316e-01;1.5250000e+02;2.1888401e-01;1.5250000e+02;1.9304317e-01;1.5250000e+02;1.4634088e-01;1.5250000e+02;9.8404795e-02;1.5250000e+02;5.0070651e-02;1.5250000e+02;8.5775778e-03;1.5250000e+02;-3.9975774e-02;1.5250000e+02;-7.8834191e-02;1.5250000e+02;-1.2198564e-01;1.5250000e+02;-6.6902399e-02;1.5250000e+02;-4.0141005e-02;1.5250000e+02;3.4569427e-03;1.5250000e+02;7.1324490e-02;1.5250000e+02;1.6837716e-01;1.5250000e+02;2.5266072e-01;1.5250000e+02;2.7379143e-01;1.5250000e+02;2.3898184e-01;1.5250000e+02;1.8274316e-01;1.5250000e+02;2.1888401e-01;1.5250000e+02;1.9304317e-01;1.5250000e+02;1.4634088e-01;1.5250000e+02;9.8404795e-02;1.5250000e+02;5.0070651e-02;1.5250000e+02;8.5775778e-03;1.5250000e+02;-3.9975774e-02;1.5250000e+02;-7.8834191e-02;1.5250000e+02;-1.2198564e-01;1.5250000e+02;-6.6902399e-02;1.5250000e+02;-4.0141005e-02;1.5250000e+02;3.4569427e-03;1.5250000e+02;7.1324490e-02;1.5250000e+02;1.6837716e-01;1.5250000e+02;2.5266072e-01;1.5250000e+02;2.7379143e-01;1.5250000e+02;2.3898184e-01;1.5250000e+02;1.8274316e-01;1.5250000e+02;2.1888401e-01;1.5250000e+02;1.9304317e-01;1.5250000e+02;1.4634088e-01;1.5250000e+02;9.8404795e-02;1.5250000e+02;5.0070651e-02;1.5250000e+02;8.5775778e-03;1.5250000e+02;-3.9975774e-02;1.5250000e+02;-7.8834191e-02;1.5250000e+02;-1.2198564e-01;1.5250000e+02;-6.6902399e-02;1.5250000e+02;-4.0141005e-02;1.5250000e+02;3.4569427e-03;1.5250000e+02;7.1324490e-02;1.5250000e+02;1.6837716e-01;1.5250000e+02;2.5266072e-01;1.5250000e+02;2.7379143e-01;1.5250000e+02;2.3898184e-01;1.5250000e+02;1.8274316e-01;1.5250000e+02;2.1888401e-01;1.5250000e+02;1.9304317e-01;1.5250000e+02;1.4634088e-01;1.5250000e+02;9.8404795e-02;1.5250000e+02;5.0070651e-02;1.5250000e+02;8.5775778e-03;1.5250000e+02;-3.9975774e-02;1.5250000e+02;-7.8834191e-02;1.5250000e+02;-1.2198564e-01;1.5250000e+02;-6.6902399e-02;1.5250000e+02;-4.0141005e-02;1.5250000e+02;3.4569427e-03;1.5250000e+02;7.1324490e-02;1.5250000e+02;1.6837716e-01;1.5250000e+02;2.5266072e-01;1.5250000e+02;2.7379143e-01;1.5250000e+02;2.3898184e-01;1.5250000e+02;1.8274316e-01;1.5250000e+02;2.1888401e-01;1.5250000e+02;1.9304317e-01;1.5250000e+02;1.4634088e-01;1.5250000e+02;9.8404795e-02;1.5250000e+02;5.0070651e-02;1.5250000e+02;8.5775778e-03;1.5250000e+02;-3.9975774e-02;1.5250000e+02;-7.8834191e-02;1.5250000e+02;-1.2198564e-01;1.5250000e+02;-6.6902399e-02;1.5250000e+02;-4.0141005e-02;1.5250000e+02;3.4569427e-03;1.5250000e+02;7.1324490e-02;1.5250000e+02;1.6837716e-01;1.5250000e+02;2.5266072e-01;1.5250000e+02;2.7379143e-01;1.5250000e+02;2.3898184e-01;1.5250000e+02;1.8274316e-01;1.5250000e+02;2.1888401e-01;1.5250000e+02;1.9304317e-01;1.5250000e+02;1.4634088e-01;1.5250000e+02;9.8404795e-02;1.5250000e+02;5.0070651e-02;1.5250000e+02;8.5775778e-03;1.5250000e+02;-3.9975774e-02;1.5250000e+02;-7.8834191e-02;1.5250000e+02;-1.2198564e-01;1.5250000e+02;-6.6902399e-02;1.5250000e+02;-4.0141005e-02;1.5250000e+02;3.4569427e-03;1.5250000e+02;7.1324490e-02;1.5250000e+02;1.6837716e-01;1.5250000e+02;2.5266072e-01;1.5250000e+02;2.7379143e-01;1.5250000e+02;2.3898184e-01;1.5250000e+02;1.8274316e-01;1.5250000e+02;2.1888401e-01;1.5250000e+02;1.9304317e-01;1.5250000e+02;1.4634088e-01;1.5250000e+02;9.8404795e-02;1.5250000e+02;5.0070651e-02;1.5250000e+02;8.5775778e-03;1.5250000e+02;-3.9975774e-02;1.5250000e+02;-7.8834191e-02;1.5250000e+02;-1.2198564e-01;1.5250000e+02;-6.6902399e-02;1.5250000e+02;-4.0141005e-02;1.5250000e+02;3.4569427e-03;1.5250000e+02;7.1324490e-02;1.5250000e+02;1.6837716e-01;1.5250000e+02;2.5266072e-01;1.5250000e+02;2.7379143e-01;1.5250000e+02;2.3898184e-01;1.5250000e+02;1.8274316e-01;1.5250000e+02;2.1888401e-01;1.5250000e+02;1.9304317e-01;1.5250000e+02;1.4634088e-01;1.5250000e+02;9.8404795e-02;1.5250000e+02;5.0070651e-02;1.5250000e+02;8.5775778e-03;1.5250000e+02;-3.9975774e-02;1.5250000e+02;-7.8834191e-02;1.5250000e+02;-1.2198564e-01;1.5250000e+02;-6.6902399e-02;1.5250000e+02;-4.0141005e-02;1.5250000e+02;3.4569427e-03;1.5250000e+02;7.1324490e-02;1.5250000e+02;1.6837716e-01;1.5250000e+02;2.5266072e-01;1.5250000e+02;2.7379143e-01;1.5250000e+02;2.3898184e-01;1.5250000e+02;1.8274316e-01;1.5250000e+02;2.1888401e-01;1.5250000e+02;1.9304317e-01;1.5250000e+02;1.4634088e-01;1.5250000e+02;9.8404795e-02;1.5250000e+02;5.0070651e-02;1.5250000e+02;8.5775778e-03;1.5250000e+02;-3.9975774e-02;1.5250000e+02;-7.8834191e-02;1.5250000e+02;-1.2198564e-01;1.5250000e+02;-6.6902399e-02;1.5250000e+02;-4.0141005e-02;1.5250000e+02;3.4569427e-03;1.5250000e+02;7.1324490e-02;1.5250000e+02;1.6837716e-01;1.5250000e+02;2.5266072e-01;1.5250000e+02;2.7379143e-01;1.5250000e+02;2.3898184e-01;1.5250000e+02;1.8274316e-01;1.5250000e+02;2.1888401e-01;1.5250000e+02;1.9304317e-01;1.5250000e+02;1.4634088e-01;1.5250000e+02;9.8404795e-02;1.5250000e+02;5.0070651e-02;1.5250000e+02;8.5775778e-03;1.5250000e+02;-3.9975774e-02;1.5250000e+02;-7.8834191e-02;1.5250000e+02;-1.2198564e-01;1.5250000e+02;-6.6902399e-02;1.5250000e+02;-4.0141005e-02;1.5250000e+02;3.4569427e-03;1.5250000e+02;7.1324490e-02;1.5250000e+02;1.6837716e-01;1.5250000e+02;2.5266072e-01;1.5250000e+02;2.7379143e-01;1.5250000e+02;2.3898184e-01;1.5250000e+02;1.8274316e-01;1.5250000e+02;2.1888401e-01;1.5250000e+02;1.9304317e-01;1.5250000e+02;1.4634088e-01;1.5250000e+02;9.8404795e-02;1.5250000e+02;5.0070651e-02;1.5250000e+02;8.5775778e-03;1.5250000e+02;-3.9975774e-02;1.5250000e+02;-7.8834191e-02;1.5250000e+02;-1.2198564e-01;1.5250000e+02;-6.6902399e-02;1.5250000e+02;-4.0141005e-02;1.5250000e+02;3.4569427e-03;1.5250000e+02;7.1324490e-02;1.5250000e+02;1.6837716e-01;1.5250000e+02;2.5266072e-01;1.5250000e+02;2.7379143e-01;1.5250000e+02;2.3898184e-01;1.5250000e+02;1.8274316e-01;1.5250000e+02;2.1888401e-01;1.5250000e+02;1.9304317e-01;1.5250000e+02;1.4634088e-01;1.5250000e+02;9.8404795e-02;1.5250000e+02;5.0070651e-02;1.5250000e+02;8.5775778e-03;1.5250000e+02;-3.9975774e-02;1.5250000e+02;-7.8834191e-02;1.5250000e+02;-1.2198564e-01;1.5250000e+02;-6.6902399e-02;1.5250000e+02;-4.0141005e-02;1.5250000e+02;3.4569427e-03;1.5250000e+02;7.1324490e-02;1.5250000e+02;1.6837716e-01;1.5250000e+02;2.5266072e-01;1.5250000e+02;2.7379143e-01;1.5250000e+02;2.3898184e-01;1.5250000e+02;1.8274316e-01;1.5250000e+02;2.1888401e-01;1.5250000e+02;1.9304317e-01;1.5250000e+02;1.4634088e-01;1.5250000e+02;9.8404795e-02;1.5250000e+02;5.0070651e-02;1.5250000e+02;8.5775778e-03;1.5250000e+02;-3.9975774e-02;1.5250000e+02;-7.8834191e-02;1.5250000e+02;-1.2198564e-01;1.5250000e+02;-6.6902399e-02;1.5250000e+02;-4.0141005e-02;1.5250000e+02;3.4569427e-03;1.5250000e+02;7.1324490e-02;1.5250000e+02;1.6837716e-01;1.5250000e+02;2.5266072e-01;1.5250000e+02;2.7379143e-01;1.5250000e+02;2.3898184e-01;1.5250000e+02;1.8274316e-01;1.5250000e+02;2.1888401e-01;1.5250000e+02;1.9304317e-01;1.5250000e+02;1.4634088e-01;1.5250000e+02;9.8404795e-02;1.5250000e+02;5.0070651e-02;1.5250000e+02;8.5775778e-03;1.5250000e+02;-3.9975774e-02;1.5250000e+02;-7.8834191e-02;1.5250000e+02;-1.2198564e-01;1.5250000e+02;-6.6902399e-02;1.5250000e+02;-4.0141005e-02;1.5250000e+02;3.4569427e-03;1.5250000e+02;7.1324490e-02;1.5250000e+02;1.6837716e-01;1.5250000e+02;2.5266072e-01;1.5250000e+02;2.7379143e-01;1.5250000e+02;2.3898184e-01;1.5250000e+02;1.8274316e-01;1.5250000e+02;2.1888401e-01;1.5250000e+02;1.9304317e-01;1.5250000e+02;1.4634088e-01;1.5250000e+02;9.8404795e-02;1.5250000e+02;5.0070651e-02;1.5250000e+02;8.5775778e-03;1.5250000e+02;-3.9975774e-02;1.5250000e+02;-7.8834191e-02;1.5250000e+02;-1.2198564e-01;1.5250000e+02;-6.6902399e-02;1.5250000e+02;-4.0141005e-02;1.5250000e+02;3.4569427e-03;1.5250000e+02;7.1324490e-02;1.5250000e+02;1.6837716e-01;1.5250000e+02;2.5266072e-01;1.5250000e+02;2.7379143e-01;1.5250000e+02;2.3898184e-01;1.5250000e+02;1.8274316e-01;1.5250000e+02;2.1888401e-01;1.5250000e+02;1.9304317e-01;1.5250000e+02;1.4634088e-01;1.5250000e+02;9.8404795e-02;1.5250000e+02;5.0070651e-02;1.5250000e+02;8.5775778e-03;1.5250000e+02;-3.9975774e-02;1.5250000e+02;-7.8834191e-02;1.5250000e+02;-1.2198564e-01;1.5250000e+02;-6.6902399e-02;1.5250000e+02;-4.0141005e-02;1.5250000e+02;3.4569427e-03;1.5250000e+02;7.1324490e-02;1.5250000e+02;1.6837716e-01;1.5250000e+02;2.5266072e-01;1.5250000e+02;2.7379143e-01;1.5250000e+02;2.3898184e-01;1.5250000e+02;1.8274316e-01;1.5250000e+02;2.1888401e-01;1.5250000e+02;1.9304317e-01;1.5250000e+02;1.4634088e-01;1.5250000e+02;9.8404795e-02;1.5250000e+02;5.0070651e-02;1.5250000e+02;8.5775778e-03;1.5250000e+02;-3.9975774e-02;1.5250000e+02;-7.8834191e-02;1.5250000e+02;-1.2198564e-01;1.5250000e+02;-6.6902399e-02;1.5250000e+02;-4.0141005e-02;1.5250000e+02;3.4569427e-03;1.5250000e+02;7.1324490e-02;1.5250000e+02;1.6837716e-01;1.5250000e+02;2.5266072e-01;1.5250000e+02;2.7379143e-01;1.5250000e+02;2.3898184e-01;1.5250000e+02;1.8274316e-01;1.5250000e+02;2.1888401e-01;1.5250000e+02;1.9304317e-01;1.5250000e+02;1.4634088e-01;1.5250000e+02;9.8404795e-02;1.5250000e+02;5.0070651e-02;1.5250000e+02;8.5775778e-03;1.5250000e+02;-3.9975774e-02;1.5250000e+02;-7.8834191e-02;1.5250000e+02;-1.2198564e-01;1.5250000e+02;-6.6902399e-02;1.5250000e+02;-4.0141005e-02;1.5250000e+02;3.4569427e-03;1.5250000e+02;7.1324490e-02;1.5250000e+02;1.6837716e-01;1.5250000e+02;2.5266072e-01;1.5250000e+02;2.7379143e-01;1.5250000e+02;2.3898184e-01;1.5250000e+02;1.8274316e-01;1.5250000e+02;2.1888401e-01;1.5250000e+02;1.9304317e-01;1.5250000e+02;1.4634088e-01;1.5250000e+02;9.8404795e-02;1.5250000e+02;5.0070651e-02;1.5250000e+02;8.5775778e-03;1.5250000e+02;-3.9975774e-02;1.5250000e+02;-7.8834191e-02;1.5250000e+02;-1.2198564e-01;1.5250000e+02;-6.6902399e-02;1.5250000e+02;-4.0141005e-02;1.5250000e+02;3.4569427e-03;1.5250000e+02;7.1324490e-02;1.5250000e+02;1.6837716e-01;1.5250000e+02;2.5266072e-01;1.5250000e+02;2.7379143e-01;1.5250000e+02;2.3898184e-01;1.5250000e+02;1.8274316e-01;1.5250000e+02;2.1888401e-01;1.5250000e+02;1.9304317e-01;1.5250000e+02;1.4634088e-01;1.5250000e+02;9.8404795e-02;1.5250000e+02;5.0070651e-02;1.5250000e+02;8.5775778e-03;1.5250000e+02;-3.9975774e-02;1.5250000e+02;-7.8834191e-02;1.5250000e+02;-1.2198564e-01;1.5250000e+02;-6.6902399e-02;1.5250000e+02;-4.0141005e-02;1.5250000e+02;3.4569427e-03;1.5250000e+02;7.1324490e-02;1.5250000e+02;1.6837716e-01;1.5250000e+02;2.5266072e-01;1.5250000e+02;2.7379143e-01;1.5250000e+02;2.3898184e-01;1.5250000e+02;1.8274316e-01;1.5250000e+02;2.1888401e-01;1.5250000e+02;1.9304317e-01;1.5250000e+02;1.4634088e-01;1.5250000e+02;9.8404795e-02;1.5250000e+02;5.0070651e-02;1.5250000e+02;8.5775778e-03;1.5250000e+02;-3.9975774e-02;1.5250000e+02;-7.8834191e-02;1.5250000e+02;-1.2198564e-01;1.5250000e+02;-6.6902399e-02;1.5250000e+02;-4.0141005e-02;1.5250000e+02;3.4569427e-03;1.5250000e+02;7.1324490e-02;1.5250000e+02;1.6837716e-01;1.5250000e+02;2.5266072e-01;1.5250000e+02;2.7379143e-01;1.5250000e+02;2.3898184e-01;1.5250000e+02;1.8274316e-01;1.5250000e+02;2.1888401e-01;1.5250000e+02;1.9304317e-01;1.5250000e+02;1.4634088e-01;1.5250000e+02;9.8404795e-02;1.5250000e+02;5.0070651e-02;1.5250000e+02;8.5775778e-03;1.5250000e+02;-3.9975774e-02;1.5250000e+02;-7.8834191e-02;1.5250000e+02;-1.2198564e-01;1.5250000e+02;-6.6902399e-02;1.5250000e+02;-4.0141005e-02;1.5250000e+02;3.4569427e-03;1.5250000e+02;7.1324490e-02;1.5250000e+02;1.6837716e-01;1.5250000e+02;2.5266072e-01;1.5250000e+02;2.7379143e-01;1.5250000e+02;2.3898184e-01;1.5250000e+02;1.8274316e-01;1.5250000e+02;2.1888401e-01;1.5250000e+02;1.9304317e-01;1.5250000e+02;1.4634088e-01;1.5250000e+02;9.8404795e-02;1.5250000e+02;5.0070651e-02;1.5250000e+02;8.5775778e-03;1.5250000e+02;-3.9975774e-02;1.5250000e+02;-7.8834191e-02;1.5250000e+02;-1.2198564e-01;1.5250000e+02;-6.6902399e-02;1.5250000e+02;-4.0141005e-02;1.5250000e+02;3.4569427e-03;1.5250000e+02;7.1324490e-02;1.5250000e+02;1.6837716e-01;1.5250000e+02;2.5266072e-01;1.5250000e+02;2.7379143e-01;1.5250000e+02;2.3898184e-01;1.5250000e+02;1.8274316e-01;1.5250000e+02;2.1888401e-01;1.5250000e+02;1.9304317e-01;1.5250000e+02;1.4634088e-01;1.5250000e+02;9.8404795e-02;1.5250000e+02;5.0070651e-02;1.5250000e+02;8.5775778e-03;1.5250000e+02;-3.9975774e-02;1.5250000e+02;-7.8834191e-02;1.5250000e+02;-1.2198564e-01;1.5250000e+02;-6.6902399e-02;1.5250000e+02;-4.0141005e-02;1.5250000e+02;3.4569427e-03;1.5250000e+02;7.1324490e-02;1.5250000e+02;1.6837716e-01;1.5250000e+02;2.5266072e-01;1.5250000e+02;2.7379143e-01;1.5250000e+02;2.3898184e-01;1.5250000e+02;1.8274316e-01;1.5250000e+02;2.1888401e-01;1.5250000e+02;1.9304317e-01;1.5250000e+02;1.4634088e-01;1.5250000e+02;9.8404795e-02;1.5250000e+02;5.0070651e-02;1.5250000e+02;8.5775778e-03;1.5250000e+02;-3.9975774e-02;1.5250000e+02;-7.8834191e-02;1.5250000e+02;-1.2198564e-01;1.5250000e+02;-6.6902399e-02;1.5250000e+02;-4.0141005e-02;1.5250000e+02;3.4569427e-03;1.5250000e+02;7.1324490e-02;1.5250000e+02;1.6837716e-01;1.5250000e+02;2.5266072e-01;1.5250000e+02;2.7379143e-01;1.5250000e+02;2.3898184e-01;1.5250000e+02;1.8274316e-01;1.5250000e+02;2.1888401e-01;1.5250000e+02;1.9304317e-01;1.5250000e+02;1.4634088e-01;1.5250000e+02;9.8404795e-02;1.5250000e+02;5.0070651e-02;1.5250000e+02;8.5775778e-03;1.5250000e+02;-3.9975774e-02;1.5250000e+02;-7.8834191e-02;1.5250000e+02;-1.2198564e-01;1.5250000e+02;-6.6902399e-02;1.5250000e+02;-4.0141005e-02;1.5250000e+02;3.4569427e-03;1.5250000e+02;7.1324490e-02;1.5250000e+02;1.6837716e-01;1.5250000e+02;2.5266072e-01;1.5250000e+02;2.7379143e-01;1.5250000e+02;2.3898184e-01;1.5250000e+02;1.8274316e-01;1.5250000e+02;2.1888401e-01;1.5250000e+02;1.9304317e-01;1.5250000e+02;1.4634088e-01;1.5250000e+02;9.8404795e-02;1.5250000e+02;5.0070651e-02;1.5250000e+02;8.5775778e-03;1.5250000e+02;-3.9975774e-02;1.5250000e+02;-7.8834191e-02;1.5250000e+02;-1.2198564e-01;1.5250000e+02;-6.6902399e-02;1.5250000e+02;-4.0141005e-02;1.5250000e+02;3.4569427e-03;1.5250000e+02;7.1324490e-02;1.5250000e+02;1.6837716e-01;1.5250000e+02;2.5266072e-01;1.5250000e+02;2.7379143e-01;1.5250000e+02;2.3898184e-01;1.5250000e+02;1.8274316e-01;1.5250000e+02;2.1888401e-01;1.5250000e+02;1.9304317e-01;1.5250000e+02;1.4634088e-01;1.5250000e+02;9.8404795e-02;1.5250000e+02;5.0070651e-02;1.5250000e+02;8.5775778e-03;1.5250000e+02;-3.9975774e-02;1.5250000e+02;-7.8834191e-02;1.5250000e+02;-1.2198564e-01;1.5250000e+02;-6.6902399e-02;1.5250000e+02;-4.0141005e-02;1.5250000e+02;3.4569427e-03;1.5250000e+02;7.1324490e-02;1.5250000e+02;1.6837716e-01;1.5250000e+02;2.5266072e-01;1.5250000e+02;2.7379143e-01;1.5250000e+02;2.3898184e-01;1.5250000e+02;1.8274316e-01;1.5250000e+02;2.1888401e-01;1.5250000e+02;1.9304317e-01;1.5250000e+02;1.4634088e-01;1.5250000e+02;9.8404795e-02;1.5250000e+02;5.0070651e-02;1.5250000e+02;8.5775778e-03;1.5250000e+02;-3.9975774e-02;1.5250000e+02;-7.8834191e-02;1.5250000e+02;-1.2198564e-01;1.5250000e+02;-6.6902399e-02;1.5250000e+02;-4.0141005e-02;1.5250000e+02;3.4569427e-03;1.5250000e+02;7.1324490e-02;1.5250000e+02;1.6837716e-01;1.5250000e+02;2.5266072e-01;1.5250000e+02;2.7379143e-01;1.5250000e+02;2.3898184e-01;1.5250000e+02;1.8274316e-01;1.5250000e+02;2.1888401e-01;1.5250000e+02;1.9304317e-01;1.5250000e+02;1.4634088e-01;1.5250000e+02;9.8404795e-02;1.5250000e+02;5.0070651e-02;1.5250000e+02;8.5775778e-03;1.5250000e+02;-3.9975774e-02;1.5250000e+02;-7.8834191e-02;1.5250000e+02;-1.2198564e-01;1.5250000e+02;-6.6902399e-02;1.5250000e+02;-4.0141005e-02;1.5250000e+02;3.4569427e-03;1.5250000e+02;7.1324490e-02;1.5250000e+02;1.6837716e-01;1.5250000e+02;2.5266072e-01;1.5250000e+02;2.7379143e-01;1.5250000e+02;2.3898184e-01;1.5250000e+02;1.8274316e-01;1.5250000e+02;2.1888401e-01;1.5250000e+02;1.9304317e-01;1.5250000e+02;1.4634088e-01;1.5250000e+02;9.8404795e-02;1.5250000e+02;5.0070651e-02;1.5250000e+02;8.5775778e-03;1.5250000e+02;-3.9975774e-02;1.5250000e+02;-7.8834191e-02;1.5250000e+02;-1.2198564e-01;1.5250000e+02;-6.6902399e-02;1.5250000e+02;-4.0141005e-02;1.5250000e+02;3.4569427e-03;1.5250000e+02;7.1324490e-02;1.5250000e+02;1.6837716e-01;1.5250000e+02;2.5266072e-01;1.5250000e+02;2.7379143e-01;1.5250000e+02;2.3898184e-01;1.5250000e+02;1.8274316e-01;1.5250000e+02;2.1888401e-01;1.5250000e+02;1.9304317e-01;1.5250000e+02;1.4634088e-01;1.5250000e+02;9.8404795e-02;1.5250000e+02;5.0070651e-02;1.5250000e+02;8.5775778e-03;1.5250000e+02;-3.9975774e-02;1.5250000e+02;-7.8834191e-02;1.5250000e+02;-1.2198564e-01;1.5250000e+02;-6.6902399e-02;1.5250000e+02;-4.0141005e-02;1.5250000e+02;3.4569427e-03;1.5250000e+02;7.1324490e-02;1.5250000e+02;1.6837716e-01;1.5250000e+02;2.5266072e-01;1.5250000e+02;2.7379143e-01;1.5250000e+02;2.3898184e-01;1.5250000e+02;1.8274316e-01;1.5250000e+02;2.1888401e-01;1.5250000e+02;1.9304317e-01;1.5250000e+02;1.4634088e-01;1.5250000e+02;9.8404795e-02;1.5250000e+02;5.0070651e-02;1.5250000e+02;8.5775778e-03;1.5250000e+02;-3.9975774e-02;1.5250000e+02;-7.8834191e-02;1.5250000e+02;-1.2198564e-01;1.5250000e+02;-6.6902399e-02;1.5250000e+02;-4.0141005e-02;1.5250000e+02;3.4569427e-03;1.5250000e+02;7.1324490e-02;1.5250000e+02;1.6837716e-01;1.5250000e+02;2.5266072e-01;1.5250000e+02;2.7379143e-01;1.5250000e+02;2.3898184e-01;1.5250000e+02;1.8274316e-01;1.5250000e+02;2.1888401e-01;1.5250000e+02;1.9304317e-01;1.5250000e+02;1.4634088e-01;1.5250000e+02;9.8404795e-02;1.5250000e+02;5.0070651e-02;1.5250000e+02;8.5775778e-03;1.5250000e+02;-3.9975774e-02;1.5250000e+02;-7.8834191e-02;1.5250000e+02;-1.2198564e-01;1.5250000e+02;-6.6902399e-02;1.5250000e+02;-4.0141005e-02;1.5250000e+02;3.4569427e-03;1.5250000e+02;7.1324490e-02;1.5250000e+02;1.6837716e-01;1.5250000e+02;2.5266072e-01;1.5250000e+02;2.7379143e-01;1.5250000e+02;2.3898184e-01;1.5250000e+02;1.8274316e-01;1.5250000e+02;2.1888401e-01;1.5250000e+02;1.9304317e-01;1.5250000e+02;1.4634088e-01;1.5250000e+02;9.8404795e-02;1.5250000e+02;5.0070651e-02;1.5250000e+02;8.5775778e-03;1.5250000e+02;-3.9975774e-02;1.5250000e+02;-7.8834191e-02;1.5250000e+02;-1.2198564e-01;1.5250000e+02;-6.6902399e-02;1.5250000e+02;-4.0141005e-02;1.5250000e+02;3.4569427e-03;1.5250000e+02;7.1324490e-02;1.5250000e+02;1.6837716e-01;1.5250000e+02;2.5266072e-01;1.5250000e+02;2.7379143e-01;1.5250000e+02;2.3898184e-01;1.5250000e+02;1.8274316e-01;1.5250000e+02;2.1888401e-01;1.5250000e+02;1.9304317e-01;1.5250000e+02;1.4634088e-01;1.5250000e+02;9.8404795e-02;1.5250000e+02;5.0070651e-02;1.5250000e+02;8.5775778e-03;1.5250000e+02;-3.9975774e-02;1.5250000e+02;-7.8834191e-02;1.5250000e+02;-1.2198564e-01;1.5250000e+02;-6.6902399e-02;1.5250000e+02;-4.0141005e-02;1.5250000e+02;3.4569427e-03;1.5250000e+02;7.1324490e-02;1.5250000e+02;1.6837716e-01;1.5250000e+02;2.5266072e-01;1.5250000e+02;2.7379143e-01;1.5250000e+02;2.3898184e-01;1.5250000e+02;1.8274316e-01;1.5250000e+02;2.1888401e-01;1.5250000e+02;1.9304317e-01;1.5250000e+02;1.4634088e-01;1.5250000e+02;9.8404795e-02;1.5250000e+02;5.0070651e-02;1.5250000e+02;8.5775778e-03;1.5250000e+02;-3.9975774e-02;1.5250000e+02;-7.8834191e-02;1.5250000e+02;-1.2198564e-01;1.5250000e+02;-6.6902399e-02;1.5250000e+02;-4.0141005e-02;1.5250000e+02;3.4569427e-03;1.5250000e+02;7.1324490e-02;1.5250000e+02;1.6837716e-01;1.5250000e+02;2.5266072e-01;1.5250000e+02;2.7379143e-01;1.5250000e+02;2.3898184e-01;1.5250000e+02;1.8274316e-01;1.5250000e+02;2.1888401e-01;1.5250000e+02;1.9304317e-01;1.5250000e+02;1.4634088e-01;1.5250000e+02;9.8404795e-02;1.5250000e+02;5.0070651e-02;1.5250000e+02;8.5775778e-03;1.5250000e+02;-3.9975774e-02;1.5250000e+02;-7.8834191e-02;1.5250000e+02;-1.2198564e-01;1.5250000e+02;-6.6902399e-02;1.5250000e+02;-4.0141005e-02;1.5250000e+02;3.4569427e-03;1.5250000e+02;7.1324490e-02;1.5250000e+02;1.6837716e-01;1.5250000e+02;2.5266072e-01;1.5250000e+02;2.7379143e-01;1.5250000e+02;2.3898184e-01;1.5250000e+02;1.8274316e-01;1.5250000e+02;2.1888401e-01;1.5250000e+02;1.9304317e-01;1.5250000e+02;1.4634088e-01;1.5250000e+02;9.8404795e-02;1.5250000e+02;5.0070651e-02;1.5250000e+02;8.5775778e-03;1.5250000e+02;-3.9975774e-02;1.5250000e+02;-7.8834191e-02;1.5250000e+02;-1.2198564e-01;1.5250000e+02;-6.6902399e-02;1.5250000e+02;-4.0141005e-02;1.5250000e+02;3.4569427e-03;1.5250000e+02;7.1324490e-02;1.5250000e+02;1.6837716e-01;1.5250000e+02;2.5266072e-01;1.5250000e+02;2.7379143e-01;1.5250000e+02;2.3898184e-01;1.5250000e+02;1.8274316e-01;1.5250000e+02;2.1888401e-01;1.5250000e+02;1.9304317e-01;1.5250000e+02;1.4634088e-01;1.5250000e+02;9.8404795e-02;1.5250000e+02;5.0070651e-02;1.5250000e+02;8.5775778e-03;1.5250000e+02;-3.9975774e-02;1.5250000e+02;-7.8834191e-02;1.5250000e+02;-1.2198564e-01;1.5250000e+02;-6.6902399e-02;1.5250000e+02;-4.0141005e-02;1.5250000e+02;3.4569427e-03;1.5250000e+02;7.1324490e-02;1.5250000e+02;1.6837716e-01;1.5250000e+02;2.5266072e-01;1.5250000e+02;2.7379143e-01;1.5250000e+02;2.3898184e-01;1.5250000e+02;1.8274316e-01;1.5250000e+02;2.1888401e-01;1.5250000e+02;1.9304317e-01;1.5250000e+02;1.4634088e-01;1.5250000e+02;9.8404795e-02;1.5250000e+02;5.0070651e-02;1.5250000e+02;8.5775778e-03;1.5250000e+02;-3.9975774e-02;1.5250000e+02;-7.8834191e-02;1.5250000e+02;-1.2198564e-01;1.5250000e+02;-6.6902399e-02;1.5250000e+02;-4.0141005e-02;1.5250000e+02;3.4569427e-03;1.5250000e+02;7.1324490e-02;1.5250000e+02;1.6837716e-01;1.5250000e+02;2.5266072e-01;1.5250000e+02;2.7379143e-01;1.5250000e+02;2.3898184e-01;1.5250000e+02;1.8274316e-01;1.5250000e+02;2.1888401e-01;1.5250000e+02;1.9304317e-01;1.5250000e+02;1.4634088e-01;1.5250000e+02;9.8404795e-02;1.5250000e+02;5.0070651e-02;1.5250000e+02;8.5775778e-03;1.5250000e+02;-3.9975774e-02;1.5250000e+02;-7.8834191e-02;1.5250000e+02;-1.2198564e-01;1.5250000e+02;-6.6902399e-02;1.5250000e+02;-4.0141005e-02;1.5250000e+02;3.4569427e-03;1.5250000e+02;7.1324490e-02;1.5250000e+02;1.6837716e-01;1.5250000e+02;2.5266072e-01;1.5250000e+02;2.7379143e-01;1.5250000e+02;2.3898184e-01;1.5250000e+02;1.8274316e-01;1.5250000e+02;2.1888401e-01;1.5250000e+02;1.9304317e-01;1.5250000e+02;1.4634088e-01;1.5250000e+02;9.8404795e-02;1.5250000e+02;5.0070651e-02;1.5250000e+02;8.5775778e-03;1.5250000e+02;-3.9975774e-02;1.5250000e+02;-7.8834191e-02;1.5250000e+02;-1.2198564e-01;1.5250000e+02;-6.6902399e-02;1.5250000e+02;-4.0141005e-02;1.5250000e+02;3.4569427e-03;1.5250000e+02;7.1324490e-02;1.5250000e+02;1.6837716e-01;1.5250000e+02;2.5266072e-01;1.5250000e+02;2.7379143e-01;1.5250000e+02;2.3898184e-01;1.5250000e+02;1.8274316e-01;1.5250000e+02;2.1888401e-01;1.5250000e+02;1.9304317e-01;1.5250000e+02;1.4634088e-01;1.5250000e+02;9.8404795e-02;1.5250000e+02;5.0070651e-02;1.5250000e+02;8.5775778e-03;1.5250000e+02;-3.9975774e-02;1.5250000e+02;-7.8834191e-02;1.5250000e+02;-1.2198564e-01;1.5250000e+02;-6.6902399e-02;1.5250000e+02;-4.0141005e-02;1.5250000e+02;3.4569427e-03;1.5250000e+02;7.1324490e-02;1.5250000e+02;1.6837716e-01;1.5250000e+02;2.5266072e-01;1.5250000e+02;2.7379143e-01;1.5250000e+02;2.3898184e-01;1.5250000e+02;1.8274316e-01;1.5250000e+02;2.1888401e-01;1.5250000e+02;1.9304317e-01;1.5250000e+02;1.4634088e-01;1.5250000e+02;9.8404795e-02;1.5250000e+02;5.0070651e-02;1.5250000e+02;8.5775778e-03;1.5250000e+02;-3.9975774e-02;1.5250000e+02;-7.8834191e-02;1.5250000e+02;-1.2198564e-01;1.5250000e+02;-6.6902399e-02;1.5250000e+02;-4.0141005e-02;1.5250000e+02;3.4569427e-03;1.5250000e+02;7.1324490e-02;1.5250000e+02;1.6837716e-01;1.5250000e+02;2.5266072e-01;1.5250000e+02;2.7379143e-01;1.5250000e+02;2.3898184e-01;1.5250000e+02;1.8274316e-01;1.5250000e+02;2.1888401e-01;1.5250000e+02;1.9304317e-01;1.5250000e+02;1.4634088e-01;1.5250000e+02;9.8404795e-02;1.5250000e+02;5.0070651e-02;1.5250000e+02;8.5775778e-03;1.5250000e+02;-3.9975774e-02;1.5250000e+02;-7.8834191e-02;1.5250000e+02;-1.2198564e-01;1.5250000e+02;-6.6902399e-02;1.5250000e+02;-4.0141005e-02;1.5250000e+02;3.4569427e-03;1.5250000e+02;7.1324490e-02;1.5250000e+02;1.6837716e-01;1.5250000e+02;2.5266072e-01;1.5250000e+02;2.7379143e-01;1.5250000e+02;2.3898184e-01;1.5250000e+02;1.8274316e-01;1.5250000e+02;2.1888401e-01;1.5250000e+02;1.9304317e-01;1.5250000e+02;1.4634088e-01;1.5250000e+02;9.8404795e-02;1.5250000e+02;5.0070651e-02;1.5250000e+02;8.5775778e-03;1.5250000e+02;-3.9975774e-02;1.5250000e+02;-7.8834191e-02;1.5250000e+02;-1.2198564e-01;1.5250000e+02;-6.6902399e-02;1.5250000e+02;-4.0141005e-02;1.5250000e+02;3.4569427e-03;1.5250000e+02;7.1324490e-02;1.5250000e+02;1.6837716e-01;1.5250000e+02;2.5266072e-01;1.5250000e+02;2.7379143e-01;1.5250000e+02;2.3898184e-01;1.5250000e+02;1.8274316e-01;1.5250000e+02;2.1888401e-01;1.5250000e+02;1.9304317e-01;1.5250000e+02;1.4634088e-01;1.5250000e+02;9.8404795e-02;1.5250000e+02;5.0070651e-02;1.5250000e+02;8.5775778e-03;1.5250000e+02;-3.9975774e-02;1.5250000e+02;-7.8834191e-02;1.5250000e+02;-1.2198564e-01;1.5250000e+02;-6.6902399e-02;1.5250000e+02;-4.0141005e-02;1.5250000e+02;3.4569427e-03;1.5250000e+02;7.1324490e-02;1.5250000e+02;1.6837716e-01;1.5250000e+02;2.5266072e-01;1.5250000e+02;2.7379143e-01;1.5250000e+02;2.3898184e-01;1.5250000e+02;1.8274316e-01;1.5250000e+02;2.1888401e-01;1.5250000e+02;1.9304317e-01;1.5250000e+02;1.4634088e-01;1.5250000e+02;9.8404795e-02;1.5250000e+02;5.0070651e-02;1.5250000e+02;8.5775778e-03;1.5250000e+02;-3.9975774e-02;1.5250000e+02;-7.8834191e-02;1.5250000e+02;-1.2198564e-01;1.5250000e+02;-6.6902399e-02;1.5250000e+02;-4.0141005e-02;1.5250000e+02;3.4569427e-03;1.5250000e+02;7.1324490e-02;1.5250000e+02;1.6837716e-01;1.5250000e+02;2.5266072e-01;1.5250000e+02;2.7379143e-01;1.5250000e+02;2.3898184e-01;1.5250000e+02;1.8274316e-01;1.5250000e+02;2.1888401e-01;1.5250000e+02;1.9304317e-01;1.5250000e+02;1.4634088e-01;1.5250000e+02;9.8404795e-02;1.5250000e+02;5.0070651e-02;1.5250000e+02;8.5775778e-03;1.5250000e+02;-3.9975774e-02;1.5250000e+02;-7.8834191e-02;1.5250000e+02;-1.2198564e-01;1.5250000e+02;-6.6902399e-02;1.5250000e+02;-4.0141005e-02;1.5250000e+02;3.4569427e-03;1.5250000e+02;7.1324490e-02;1.5250000e+02;1.6837716e-01;1.5250000e+02;2.5266072e-01;1.5250000e+02;2.7379143e-01;1.5250000e+02;2.3898184e-01;1.5250000e+02;1.8274316e-01;1.5250000e+02;2.1888401e-01;1.5250000e+02;1.9304317e-01;1.5250000e+02;1.4634088e-01;1.5250000e+02;9.8404795e-02;1.5250000e+02;5.0070651e-02;1.5250000e+02;8.5775778e-03;1.5250000e+02;-3.9975774e-02;1.5250000e+02;-7.8834191e-02;1.5250000e+02;-1.2198564e-01;1.5250000e+02;-6.6902399e-02;1.5250000e+02;-4.0141005e-02;1.5250000e+02;3.4569427e-03;1.5250000e+02;7.1324490e-02;1.5250000e+02;1.6837716e-01;1.5250000e+02;2.5266072e-01;1.5250000e+02;2.7379143e-01;1.5250000e+02;2.3898184e-01;1.5250000e+02;1.8274316e-01;1.5250000e+02;2.1888401e-01;1.5250000e+02;1.9304317e-01;1.5250000e+02;1.4634088e-01;1.5250000e+02;9.8404795e-02;1.5250000e+02;5.0070651e-02;1.5250000e+02;8.5775778e-03;1.5250000e+02;-3.9975774e-02;1.5250000e+02;-7.8834191e-02;1.5250000e+02;-1.2198564e-01;1.5250000e+02;-6.6902399e-02;1.5250000e+02;-4.0141005e-02;1.5250000e+02;3.4569427e-03;1.5250000e+02;7.1324490e-02;1.5250000e+02;1.6837716e-01;1.5250000e+02;2.5266072e-01;1.5250000e+02;2.7379143e-01;1.5250000e+02;2.3898184e-01;1.5250000e+02;1.8274316e-01;1.5250000e+02;2.1888401e-01;1.5250000e+02;1.9304317e-01;1.5250000e+02;1.4634088e-01;1.5250000e+02;9.8404795e-02;1.5250000e+02;5.0070651e-02;1.5250000e+02;8.5775778e-03;1.5250000e+02;-3.9975774e-02;1.5250000e+02;-7.8834191e-02;1.5250000e+02;-1.2198564e-01;1.5250000e+02;-6.6902399e-02;1.5250000e+02;-4.0141005e-02;1.5250000e+02;3.4569427e-03;1.5250000e+02;7.1324490e-02;1.5250000e+02;1.6837716e-01;1.5250000e+02;2.5266072e-01;1.5250000e+02;2.7379143e-01;1.5250000e+02;2.3898184e-01;1.5250000e+02;1.8274316e-01;1.5250000e+02;2.1888401e-01;1.5250000e+02;1.9304317e-01;1.5250000e+02;1.4634088e-01;1.5250000e+02;9.8404795e-02;1.5250000e+02;5.0070651e-02;1.5250000e+02;8.5775778e-03;1.5250000e+02;-3.9975774e-02;1.5250000e+02;-7.8834191e-02;1.5250000e+02;-1.2198564e-01;1.5250000e+02;-6.6902399e-02;1.5250000e+02;-4.0141005e-02;1.5250000e+02;3.4569427e-03;1.5250000e+02;7.1324490e-02;1.5250000e+02;1.6837716e-01;1.5250000e+02;2.5266072e-01;1.5250000e+02;2.7379143e-01;1.5250000e+02;2.3898184e-01;1.5250000e+02;1.8274316e-01;1.5250000e+02;2.1888401e-01;1.5250000e+02;1.9304317e-01;1.5250000e+02;1.4634088e-01;1.5250000e+02;9.8404795e-02;1.5250000e+02;5.0070651e-02;1.5250000e+02;8.5775778e-03;1.5250000e+02;-3.9975774e-02;1.5250000e+02;-7.8834191e-02;1.5250000e+02;-1.2198564e-01;1.5250000e+02;-6.6902399e-02;1.5250000e+02;-4.0141005e-02;1.5250000e+02;3.4569427e-03;1.5250000e+02;7.1324490e-02;1.5250000e+02;1.6837716e-01;1.5250000e+02;2.5266072e-01;1.5250000e+02;2.7379143e-01;1.5250000e+02;2.3898184e-01;1.5250000e+02;1.8274316e-01;1.5250000e+02;2.1888401e-01;1.5250000e+02;1.9304317e-01;1.5250000e+02;1.4634088e-01;1.5250000e+02;9.8404795e-02;1.5250000e+02;5.0070651e-02;1.5250000e+02;8.5775778e-03;1.5250000e+02;-3.9975774e-02;1.5250000e+02;-7.8834191e-02;1.5250000e+02;-1.2198564e-01;1.5250000e+02;-6.6902399e-02;1.5250000e+02;-4.0141005e-02;1.5250000e+02;3.4569427e-03;1.5250000e+02;7.1324490e-02;1.5250000e+02;1.6837716e-01;1.5250000e+02;2.5266072e-01;1.5250000e+02;2.7379143e-01;1.5250000e+02;2.3898184e-01;1.5250000e+02;1.8274316e-01;1.5250000e+02;2.1888401e-01;1.5250000e+02;1.9304317e-01;1.5250000e+02;1.4634088e-01;1.5250000e+02;9.8404795e-02;1.5250000e+02;5.0070651e-02;1.5250000e+02;8.5775778e-03;1.5250000e+02;-3.9975774e-02;1.5250000e+02;-7.8834191e-02;1.5250000e+02;-1.2198564e-01;1.5250000e+02;-6.6902399e-02;1.5250000e+02;-4.0141005e-02;1.5250000e+02;3.4569427e-03;1.5250000e+02;7.1324490e-02;1.5250000e+02;1.6837716e-01;1.5250000e+02;2.5266072e-01;1.5250000e+02;2.7379143e-01;1.5250000e+02;2.3898184e-01;1.5250000e+02;1.8274316e-01;1.5250000e+02;2.1888401e-01;1.5250000e+02;1.9304317e-01;1.5250000e+02;1.4634088e-01;1.5250000e+02;9.8404795e-02;1.5250000e+02;5.0070651e-02;1.5250000e+02;8.5775778e-03;1.5250000e+02;-3.9975774e-02;1.5250000e+02;-7.8834191e-02;1.5250000e+02;-1.2198564e-01;1.5250000e+02;-6.6902399e-02;1.5250000e+02;-4.0141005e-02;1.5250000e+02;3.4569427e-03;1.5250000e+02;7.1324490e-02;1.5250000e+02;1.6837716e-01;1.5250000e+02;2.5266072e-01;1.5250000e+02;2.7379143e-01;1.5250000e+02;2.3898184e-01;1.5250000e+02;1.8274316e-01;1.5250000e+02;2.1888401e-01;1.5250000e+02;1.9304317e-01;1.5250000e+02;1.4634088e-01;1.5250000e+02;9.8404795e-02;1.5250000e+02;5.0070651e-02;1.5250000e+02;8.5775778e-03;1.5250000e+02;-3.9975774e-02;1.5250000e+02;-7.8834191e-02;1.5250000e+02;-1.2198564e-01;1.5250000e+02;-6.6902399e-02;1.5250000e+02;-4.0141005e-02;1.5250000e+02;3.4569427e-03;1.5250000e+02;7.1324490e-02;1.5250000e+02;1.6837716e-01;1.5250000e+02;2.5266072e-01;1.5250000e+02;2.7379143e-01;1.5250000e+02;2.3898184e-01;1.5250000e+02;1.8274316e-01;1.5250000e+02;2.1888401e-01;1.5250000e+02;1.9304317e-01;1.5250000e+02;1.4634088e-01;1.5250000e+02;9.8404795e-02;1.5250000e+02;5.0070651e-02;1.5250000e+02;8.5775778e-03;1.5250000e+02;-3.9975774e-02;1.5250000e+02;-7.8834191e-02;1.5250000e+02;-1.2198564e-01;1.5250000e+02;-6.6902399e-02;1.5250000e+02;-4.0141005e-02;1.5250000e+02;3.4569427e-03;1.5250000e+02;7.1324490e-02;1.5250000e+02;1.6837716e-01;1.5250000e+02;2.5266072e-01;1.5250000e+02;2.7379143e-01;1.5250000e+02;2.3898184e-01;1.5250000e+02;1.8274316e-01;1.5250000e+02;2.1888401e-01;1.5250000e+02;1.9304317e-01;1.5250000e+02;1.4634088e-01;1.5250000e+02;9.8404795e-02;1.5250000e+02;5.0070651e-02;1.5250000e+02;8.5775778e-03;1.5250000e+02;-3.9975774e-02;1.5250000e+02;-7.8834191e-02;1.5250000e+02;-1.2198564e-01;1.5250000e+02;-6.6902399e-02;1.5250000e+02;-4.0141005e-02;1.5250000e+02;3.4569427e-03;1.5250000e+02;7.1324490e-02;1.5250000e+02;1.6837716e-01;1.5250000e+02;2.5266072e-01;1.5250000e+02;2.7379143e-01;1.5250000e+02;2.3898184e-01;1.5250000e+02;1.8274316e-01;1.5250000e+02;2.1888401e-01;1.5250000e+02;1.9304317e-01;1.5250000e+02;1.4634088e-01;1.5250000e+02;9.8404795e-02;1.5250000e+02;5.0070651e-02;1.5250000e+02;8.5775778e-03;1.5250000e+02;-3.9975774e-02;1.5250000e+02;-7.8834191e-02;1.5250000e+02;-1.2198564e-01;1.5250000e+02;-6.6902399e-02;1.5250000e+02;-4.0141005e-02;1.5250000e+02;3.4569427e-03;1.5250000e+02;7.1324490e-02;1.5250000e+02;1.6837716e-01;1.5250000e+02;2.5266072e-01;1.5250000e+02;2.7379143e-01;1.5250000e+02;2.3898184e-01;1.5250000e+02;1.8274316e-01;1.5250000e+02;2.1888401e-01;1.5250000e+02;1.9304317e-01;1.5250000e+02;1.4634088e-01;1.5250000e+02;9.8404795e-02;1.5250000e+02;5.0070651e-02;1.5250000e+02;8.5775778e-03;1.5250000e+02;-3.9975774e-02;1.5250000e+02;-7.8834191e-02;1.5250000e+02;-1.2198564e-01;1.5250000e+02;-6.6902399e-02;1.5250000e+02;-4.0141005e-02;1.5250000e+02;3.4569427e-03;1.5250000e+02;7.1324490e-02;1.5250000e+02;1.6837716e-01;1.5250000e+02;2.5266072e-01;1.5250000e+02;2.7379143e-01;1.5250000e+02;2.3898184e-01;1.5250000e+02;1.8274316e-01;1.5250000e+02;2.1888401e-01;1.5250000e+02;1.9304317e-01;1.5250000e+02;1.4634088e-01;1.5250000e+02;9.8404795e-02;1.5250000e+02;5.0070651e-02;1.5250000e+02;8.5775778e-03;1.5250000e+02;-3.9975774e-02;1.5250000e+02;-7.8834191e-02;1.5250000e+02;-1.2198564e-01;1.5250000e+02;-6.6902399e-02;1.5250000e+02;-4.0141005e-02;1.5250000e+02;3.4569427e-03;1.5250000e+02;7.1324490e-02;1.5250000e+02;1.6837716e-01;1.5250000e+02;2.5266072e-01;1.5250000e+02;2.7379143e-01;1.5250000e+02;2.3898184e-01;1.5250000e+02;1.8274316e-01;1.5250000e+02;2.1888401e-01;1.5250000e+02;1.9304317e-01;1.5250000e+02;1.4634088e-01;1.5250000e+02;9.8404795e-02;1.5250000e+02;5.0070651e-02;1.5250000e+02;8.5775778e-03;1.5250000e+02;-3.9975774e-02;1.5250000e+02;-7.8834191e-02;1.5250000e+02;-1.2198564e-01
1.5750000e+02;-6.4618945e-02;1.5750000e+02;-3.1034514e-02;1.5750000e+02;2.2351071e-02;1.5750000e+02;8.8510737e-02;1.5750000e+02;1.7575334e-01;1.5750000e+02;2.6043096e-01;1.5750000e+02;2.8690541e-01;1.5750000e+02;2.5489229e-01;1.5750000e+02;1.9561926e-01;1.5750000e+02;2.1863744e-01;1.5750000e+02;1.9382963e-01;1.5750000e+02;1.4854050e-01;1.5750000e+02;9.8809406e-02;1.5750000e+02;5.5278670e-02;1.5750000e+02;8.2607120e-03;1.5750000e+02;-3.4169771e-02;1.5750000e+02;-7.9662554e-02;1.5750000e+02;-1.2217683e-01;1.5750000e+02;-6.4618945e-02;1.5750000e+02;-3.1034514e-02;1.5750000e+02;2.2351071e-02;1.5750000e+02;8.8510737e-02;1.5750000e+02;1.7575334e-01;1.5750000e+02;2.6043096e-01;1.5750000e+02;2.8690541e-01;1.5750000e+02;2.5489229e-01;1.5750000e+02;1.9561926e-01;1.5750000e+02;2.1863744e-01;1.5750000e+02;1.9382963e-01;1.5750000e+02;1.4854050e-01;1.5750000e+02;9.8809406e-02;1.5750000e+02;5.5278670e-02;1.5750000e+02;8.2607120e-03;1.5750000e+02;-3.4169771e-02;1.5750000e+02;-7.9662554e-02;1.5750000e+02;-1.2217683e-01;1.5750000e+02;-6.4618945e-02;1.5750000e+02;-3.1034514e-02;1.5750000e+02;2.2351071e-02;1.5750000e+02;8.8510737e-02;1.5750000e+02;1.7575334e-01;1.5750000e+02;2.6043096e-01;1.5750000e+02;2.8690541e-01;1.5750000e+02;2.5489229e-01;1.5750000e+02;1.9561926e-01;1.5750000e+02;2.1863744e-01;1.5750000e+02;1.9382963e-01;1.5750000e+02;1.4854050e-01;1.5750000e+02;9.8809406e-02;1.5750000e+02;5.5278670e-02;1.5750000e+02;8.2607120e-03;1.5750000e+02;-3.4169771e-02;1.5750000e+02;-7.9662554e-02;1.5750000e+02;-1.2217683e-01;1.5750000e+02;-6.4618945e-02;1.5750000e+02;-3.1034514e-02;1.5750000e+02;2.2351071e-02;1.5750000e+02;8.8510737e-02;1.5750000e+02;1.7575334e-01;1.5750000e+02;2.6043096e-01;1.5750000e+02;2.8690541e-01;1.5750000e+02;2.5489229e-01;1.5750000e+02;1.9561926e-01;1.5750000e+02;2.1863744e-01;1.5750000e+02;1.9382963e-01;1.5750000e+02;1.4854050e-01;1.5750000e+02;9.8809406e-02;1.5750000e+02;5.5278670e-02;1.5750000e+02;8.2607120e-03;1.5750000e+02;-3.4169771e-02;1.5750000e+02;-7.9662554e-02;1.5750000e+02;-1.2217683e-01;1.5750000e+02;-6.4618945e-02;1.5750000e+02;-3.1034514e-02;1.5750000e+02;2.2351071e-02;1.5750000e+02;8.8510737e-02;1.5750000e+02;1.7575334e-01;1.5750000e+02;2.6043096e-01;1.5750000e+02;2.8690541e-01;1.5750000e+02;2.5489229e-01;1.5750000e+02;1.9561926e-01;1.5750000e+02;2.1863744e-01;1.5750000e+02;1.9382963e-01;1.5750000e+02;1.4854050e-01;1.5750000e+02;9.8809406e-02;1.5750000e+02;5.5278670e-02;1.5750000e+02;8.2607120e-03;1.5750000e+02;-3.4169771e-02;1.5750000e+02;-7.9662554e-02;1.5750000e+02;-1.2217683e-01;1.5750000e+02;-6.4618945e-02;1.5750000e+02;-3.1034514e-02;1.5750000e+02;2.2351071e-02;1.5750000e+02;8.8510737e-02;1.5750000e+02;1.7575334e-01;1.5750000e+02;2.6043096e-01;1.5750000e+02;2.8690541e-01;1.5750000e+02;2.5489229e-01;1.5750000e+02;1.9561926e-01;1.5750000e+02;2.1863744e-01;1.5750000e+02;1.9382963e-01;1.5750000e+02;1.4854050e-01;1.5750000e+02;9.8809406e-02;1.5750000e+02;5.5278670e-02;1.5750000e+02;8.2607120e-03;1.5750000e+02;-3.4169771e-02;1.5750000e+02;-7.9662554e-02;1.5750000e+02;-1.2217683e-01;1.5750000e+02;-6.4618945e-02;1.5750000e+02;-3.1034514e-02;1.5750000e+02;2.2351071e-02;1.5750000e+02;8.8510737e-02;1.5750000e+02;1.7575334e-01;1.5750000e+02;2.6043096e-01;1.5750000e+02;2.8690541e-01;1.5750000e+02;2.5489229e-01;1.5750000e+02;1.9561926e-01;1.5750000e+02;2.1863744e-01;1.5750000e+02;1.9382963e-01;1.5750000e+02;1.4854050e-01;1.5750000e+02;9.8809406e-02;1.5750000e+02;5.5278670e-02;1.5750000e+02;8.2607120e-03;1.5750000e+02;-3.4169771e-02;1.5750000e+02;-7.9662554e-02;1.5750000e+02;-1.2217683e-01;1.5750000e+02;-6.4618945e-02;1.5750000e+02;-3.1034514e-02;1.5750000e+02;2.2351071e-02;1.5750000e+02;8.8510737e-02;1.5750000e+02;1.7575334e-01;1.5750000e+02;2.6043096e-01;1.5750000e+02;2.8690541e-01;1.5750000e+02;2.5489229e-01;1.5750000e+02;1.9561926e-01;1.5750000e+02;2.1863744e-01;1.5750000e+02;1.9382963e-01;1.5750000e+02;1.4854050e-01;1.5750000e+02;9.8809406e-02;1.5750000e+02;5.5278670e-02;1.5750000e+02;8.2607120e-03;1.5750000e+02;-3.4169771e-02;1.5750000e+02;-7.9662554e-02;1.5750000e+02;-1.2217683e-01;1.5750000e+02;-6.4618945e-02;1.5750000e+02;-3.1034514e-02;1.5750000e+02;2.2351071e-02;1.5750000e+02;8.8510737e-02;1.5750000e+02;1.7575334e-01;1.5750000e+02;2.6043096e-01;1.5750000e+02;2.8690541e-01;1.5750000e+02;2.5489229e-01;1.5750000e+02;1.9561926e-01;1.5750000e+02;2.1863744e-01;1.5750000e+02;1.9382963e-01;1.5750000e+02;1.4854050e-01;1.5750000e+02;9.8809406e-02;1.5750000e+02;5.5278670e-02;1.5750000e+02;8.2607120e-03;1.5750000e+02;-3.4169771e-02;1.5750000e+02;-7.9662554e-02;1.5750000e+02;-1.2217683e-01;1.5750000e+02;-6.4618945e-02;1.5750000e+02;-3.1034514e-02;1.5750000e+02;2.2351071e-02;1.5750000e+02;8.8510737e-02;1.5750000e+02;1.7575334e-01;1.5750000e+02;2.6043096e-01;1.5750000e+02;2.8690541e-01;1.5750000e+02;2.5489229e-01;1.5750000e+02;1.9561926e-01;1.5750000e+02;2.1863744e-01;1.5750000e+02;1.9382963e-01;1.5750000e+02;1.4854050e-01;1.5750000e+02;9.8809406e-02;1.5750000e+02;5.5278670e-02;1.5750000e+02;8.2607120e-03;1.5750000e+02;-3.4169771e-02;1.5750000e+02;-7.9662554e-02;1.5750000e+02;-1.2217683e-01;1.5750000e+02;-6.4618945e-02;1.5750000e+02;-3.1034514e-02;1.5750000e+02;2.2351071e-02;1.5750000e+02;8.8510737e-02;1.5750000e+02;1.7575334e-01;1.5750000e+02;2.6043096e-01;1.5750000e+02;2.8690541e-01;1.5750000e+02;2.5489229e-01;1.5750000e+02;1.9561926e-01;1.5750000e+02;2.1863744e-01;1.5750000e+02;1.9382963e-01;1.5750000e+02;1.4854050e-01;1.5750000e+02;9.8809406e-02;1.5750000e+02;5.5278670e-02;1.5750000e+02;8.2607120e-03;1.5750000e+02;-3.4169771e-02;1.5750000e+02;-7.9662554e-02;1.5750000e+02;-1.2217683e-01;1.5750000e+02;-6.4618945e-02;1.5750000e+02;-3.1034514e-02;1.5750000e+02;2.2351071e-02;1.5750000e+02;8.8510737e-02;1.5750000e+02;1.7575334e-01;1.5750000e+02;2.6043096e-01;1.5750000e+02;2.8690541e-01;1.5750000e+02;2.5489229e-01;1.5750000e+02;1.9561926e-01;1.5750000e+02;2.1863744e-01;1.5750000e+02;1.9382963e-01;1.5750000e+02;1.4854050e-01;1.5750000e+02;9.8809406e-02;1.5750000e+02;5.5278670e-02;1.5750000e+02;8.2607120e-03;1.5750000e+02;-3.4169771e-02;1.5750000e+02;-7.9662554e-02;1.5750000e+02;-1.2217683e-01;1.5750000e+02;-6.4618945e-02;1.5750000e+02;-3.1034514e-02;1.5750000e+02;2.2351071e-02;1.5750000e+02;8.8510737e-02;1.5750000e+02;1.7575334e-01;1.5750000e+02;2.6043096e-01;1.5750000e+02;2.8690541e-01;1.5750000e+02;2.5489229e-01;1.5750000e+02;1.9561926e-01;1.5750000e+02;2.1863744e-01;1.5750000e+02;1.9382963e-01;1.5750000e+02;1.4854050e-01;1.5750000e+02;9.8809406e-02;1.5750000e+02;5.5278670e-02;1.5750000e+02;8.2607120e-03;1.5750000e+02;-3.4169771e-02;1.5750000e+02;-7.9662554e-02;1.5750000e+02;-1.2217683e-01;1.5750000e+02;-6.4618945e-02;1.5750000e+02;-3.1034514e-02;1.5750000e+02;2.2351071e-02;1.5750000e+02;8.8510737e-02;1.5750000e+02;1.7575334e-01;1.5750000e+02;2.6043096e-01;1.5750000e+02;2.8690541e-01;1.5750000e+02;2.5489229e-01;1.5750000e+02;1.9561926e-01;1.5750000e+02;2.1863744e-01;1.5750000e+02;1.9382963e-01;1.5750000e+02;1.4854050e-01;1.5750000e+02;9.8809406e-02;1.5750000e+02;5.5278670e-02;1.5750000e+02;8.2607120e-03;1.5750000e+02;-3.4169771e-02;1.5750000e+02;-7.9662554e-02;1.5750000e+02;-1.2217683e-01;1.5750000e+02;-6.4618945e-02;1.5750000e+02;-3.1034514e-02;1.5750000e+02;2.2351071e-02;1.5750000e+02;8.8510737e-02;1.5750000e+02;1.7575334e-01;1.5750000e+02;2.6043096e-01;1.5750000e+02;2.8690541e-01;1.5750000e+02;2.5489229e-01;1.5750000e+02;1.9561926e-01;1.5750000e+02;2.1863744e-01;1.5750000e+02;1.9382963e-01;1.5750000e+02;1.4854050e-01;1.5750000e+02;9.8809406e-02;1.5750000e+02;5.5278670e-02;1.5750000e+02;8.2607120e-03;1.5750000e+02;-3.4169771e-02;1.5750000e+02;-7.9662554e-02;1.5750000e+02;-1.2217683e-01;1.5750000e+02;-6.4618945e-02;1.5750000e+02;-3.1034514e-02;1.5750000e+02;2.2351071e-02;1.5750000e+02;8.8510737e-02;1.5750000e+02;1.7575334e-01;1.5750000e+02;2.6043096e-01;1.5750000e+02;2.8690541e-01;1.5750000e+02;2.5489229e-01;1.5750000e+02;1.9561926e-01;1.5750000e+02;2.1863744e-01;1.5750000e+02;1.9382963e-01;1.5750000e+02;1.4854050e-01;1.5750000e+02;9.8809406e-02;1.5750000e+02;5.5278670e-02;1.5750000e+02;8.2607120e-03;1.5750000e+02;-3.4169771e-02;1.5750000e+02;-7.9662554e-02;1.5750000e+02;-1.2217683e-01;1.5750000e+02;-6.4618945e-02;1.5750000e+02;-3.1034514e-02;1.5750000e+02;2.2351071e-02;1.5750000e+02;8.8510737e-02;1.5750000e+02;1.7575334e-01;1.5750000e+02;2.6043096e-01;1.5750000e+02;2.8690541e-01;1.5750000e+02;2.5489229e-01;1.5750000e+02;1.9561926e-01;1.5750000e+02;2.1863744e-01;1.5750000e+02;1.9382963e-01;1.5750000e+02;1.4854050e-01;1.5750000e+02;9.8809406e-02;1.5750000e+02;5.5278670e-02;1.5750000e+02;8.2607120e-03;1.5750000e+02;-3.4169771e-02;1.5750000e+02;-7.9662554e-02;1.5750000e+02;-1.2217683e-01;1.5750000e+02;-6.4618945e-02;1.5750000e+02;-3.1034514e-02;1.5750000e+02;2.2351071e-02;1.5750000e+02;8.8510737e-02;1.5750000e+02;1.7575334e-01;1.5750000e+02;2.6043096e-01;1.5750000e+02;2.8690541e-01;1.5750000e+02;2.5489229e-01;1.5750000e+02;1.9561926e-01;1.5750000e+02;2.1863744e-01;1.5750000e+02;1.9382963e-01;1.5750000e+02;1.4854050e-01;1.5750000e+02;9.8809406e-02;1.5750000e+02;5.5278670e-02;1.5750000e+02;8.2607120e-03;1.5750000e+02;-3.4169771e-02;1.5750000e+02;-7.9662554e-02;1.5750000e+02;-1.2217683e-01;1.5750000e+02;-6.4618945e-02;1.5750000e+02;-3.1034514e-02;1.5750000e+02;2.2351071e-02;1.5750000e+02;8.8510737e-02;1.5750000e+02;1.7575334e-01;1.5750000e+02;2.6043096e-01;1.5750000e+02;2.8690541e-01;1.5750000e+02;2.5489229e-01;1.5750000e+02;1.9561926e-01;1.5750000e+02;2.1863744e-01;1.5750000e+02;1.9382963e-01;1.5750000e+02;1.4854050e-01;1.5750000e+02;9.8809406e-02;1.5750000e+02;5.5278670e-02;1.5750000e+02;8.2607120e-03;1.5750000e+02;-3.4169771e-02;1.5750000e+02;-7.9662554e-02;1.5750000e+02;-1.2217683e-01;1.5750000e+02;-6.4618945e-02;1.5750000e+02;-3.1034514e-02;1.5750000e+02;2.2351071e-02;1.5750000e+02;8.8510737e-02;1.5750000e+02;1.7575334e-01;1.5750000e+02;2.6043096e-01;1.5750000e+02;2.8690541e-01;1.5750000e+02;2.5489229e-01;1.5750000e+02;1.9561926e-01;1.5750000e+02;2.1863744e-01;1.5750000e+02;1.9382963e-01;1.5750000e+02;1.4854050e-01;1.5750000e+02;9.8809406e-02;1.5750000e+02;5.5278670e-02;1.5750000e+02;8.2607120e-03;1.5750000e+02;-3.4169771e-02;1.5750000e+02;-7.9662554e-02;1.5750000e+02;-1.2217683e-01;1.5750000e+02;-6.4618945e-02;1.5750000e+02;-3.1034514e-02;1.5750000e+02;2.2351071e-02;1.5750000e+02;8.8510737e-02;1.5750000e+02;1.7575334e-01;1.5750000e+02;2.6043096e-01;1.5750000e+02;2.8690541e-01;1.5750000e+02;2.5489229e-01;1.5750000e+02;1.9561926e-01;1.5750000e+02;2.1863744e-01;1.5750000e+02;1.9382963e-01;1.5750000e+02;1.4854050e-01;1.5750000e+02;9.8809406e-02;1.5750000e+02;5.5278670e-02;1.5750000e+02;8.2607120e-03;1.5750000e+02;-3.4169771e-02;1.5750000e+02;-7.9662554e-02;1.5750000e+02;-1.2217683e-01;1.5750000e+02;-6.4618945e-02;1.5750000e+02;-3.1034514e-02;1.5750000e+02;2.2351071e-02;1.5750000e+02;8.8510737e-02;1.5750000e+02;1.7575334e-01;1.5750000e+02;2.6043096e-01;1.5750000e+02;2.8690541e-01;1.5750000e+02;2.5489229e-01;1.5750000e+02;1.9561926e-01;1.5750000e+02;2.1863744e-01;1.5750000e+02;1.9382963e-01;1.5750000e+02;1.4854050e-01;1.5750000e+02;9.8809406e-02;1.5750000e+02;5.5278670e-02;1.5750000e+02;8.2607120e-03;1.5750000e+02;-3.4169771e-02;1.5750000e+02;-7.9662554e-02;1.5750000e+02;-1.2217683e-01;1.5750000e+02;-6.4618945e-02;1.5750000e+02;-3.1034514e-02;1.5750000e+02;2.2351071e-02;1.5750000e+02;8.8510737e-02;1.5750000e+02;1.7575334e-01;1.5750000e+02;2.6043096e-01;1.5750000e+02;2.8690541e-01;1.5750000e+02;2.5489229e-01;1.5750000e+02;1.9561926e-01;1.5750000e+02;2.1863744e-01;1.5750000e+02;1.9382963e-01;1.5750000e+02;1.4854050e-01;1.5750000e+02;9.8809406e-02;1.5750000e+02;5.5278670e-02;1.5750000e+02;8.2607120e-03;1.5750000e+02;-3.4169771e-02;1.5750000e+02;-7.9662554e-02;1.5750000e+02;-1.2217683e-01;1.5750000e+02;-6.4618945e-02;1.5750000e+02;-3.1034514e-02;1.5750000e+02;2.2351071e-02;1.5750000e+02;8.8510737e-02;1.5750000e+02;1.7575334e-01;1.5750000e+02;2.6043096e-01;1.5750000e+02;2.8690541e-01;1.5750000e+02;2.5489229e-01;1.5750000e+02;1.9561926e-01;1.5750000e+02;2.1863744e-01;1.5750000e+02;1.9382963e-01;1.5750000e+02;1.4854050e-01;1.5750000e+02;9.8809406e-02;1.5750000e+02;5.5278670e-02;1.5750000e+02;8.2607120e-03;1.5750000e+02;-3.4169771e-02;1.5750000e+02;-7.9662554e-02;1.5750000e+02;-1.2217683e-01;1.5750000e+02;-6.4618945e-02;1.5750000e+02;-3.1034514e-02;1.5750000e+02;2.2351071e-02;1.5750000e+02;8.8510737e-02;1.5750000e+02;1.7575334e-01;1.5750000e+02;2.6043096e-01;1.5750000e+02;2.8690541e-01;1.5750000e+02;2.5489229e-01;1.5750000e+02;1.9561926e-01;1.5750000e+02;2.1863744e-01;1.5750000e+02;1.9382963e-01;1.5750000e+02;1.4854050e-01;1.5750000e+02;9.8809406e-02;1.5750000e+02;5.5278670e-02;1.5750000e+02;8.2607120e-03;1.5750000e+02;-3.4169771e-02;1.5750000e+02;-7.9662554e-02;1.5750000e+02;-1.2217683e-01;1.5750000e+02;-6.4618945e-02;1.5750000e+02;-3.1034514e-02;1.5750000e+02;2.2351071e-02;1.5750000e+02;8.8510737e-02;1.5750000e+02;1.7575334e-01;1.5750000e+02;2.6043096e-01;1.5750000e+02;2.8690541e-01;1.5750000e+02;2.5489229e-01;1.5750000e+02;1.9561926e-01;1.5750000e+02;2.1863744e-01;1.5750000e+02;1.9382963e-01;1.5750000e+02;1.4854050e-01;1.5750000e+02;9.8809406e-02;1.5750000e+02;5.5278670e-02;1.5750000e+02;8.2607120e-03;1.5750000e+02;-3.4169771e-02;1.5750000e+02;-7.9662554e-02;1.5750000e+02;-1.2217683e-01;1.5750000e+02;-6.4618945e-02;1.5750000e+02;-3.1034514e-02;1.5750000e+02;2.2351071e-02;1.5750000e+02;8.8510737e-02;1.5750000e+02;1.7575334e-01;1.5750000e+02;2.6043096e-01;1.5750000e+02;2.8690541e-01;1.5750000e+02;2.5489229e-01;1.5750000e+02;1.9561926e-01;1.5750000e+02;2.1863744e-01;1.5750000e+02;1.9382963e-01;1.5750000e+02;1.4854050e-01;1.5750000e+02;9.8809406e-02;1.5750000e+02;5.5278670e-02;1.5750000e+02;8.2607120e-03;1.5750000e+02;-3.4169771e-02;1.5750000e+02;-7.9662554e-02;1.5750000e+02;-1.2217683e-01;1.5750000e+02;-6.4618945e-02;1.5750000e+02;-3.1034514e-02;1.5750000e+02;2.2351071e-02;1.5750000e+02;8.8510737e-02;1.5750000e+02;1.7575334e-01;1.5750000e+02;2.6043096e-01;1.5750000e+02;2.8690541e-01;1.5750000e+02;2.5489229e-01;1.5750000e+02;1.9561926e-01;1.5750000e+02;2.1863744e-01;1.5750000e+02;1.9382963e-01;1.5750000e+02;1.4854050e-01;1.5750000e+02;9.8809406e-02;1.5750000e+02;5.5278670e-02;1.5750000e+02;8.2607120e-03;1.5750000e+02;-3.4169771e-02;1.5750000e+02;-7.9662554e-02;1.5750000e+02;-1.2217683e-01;1.5750000e+02;-6.4618945e-02;1.5750000e+02;-3.1034514e-02;1.5750000e+02;2.2351071e-02;1.5750000e+02;8.8510737e-02;1.5750000e+02;1.7575334e-01;1.5750000e+02;2.6043096e-01;1.5750000e+02;2.8690541e-01;1.5750000e+02;2.5489229e-01;1.5750000e+02;1.9561926e-01;1.5750000e+02;2.1863744e-01;1.5750000e+02;1.9382963e-01;1.5750000e+02;1.4854050e-01;1.5750000e+02;9.8809406e-02;1.5750000e+02;5.5278670e-02;1.5750000e+02;8.2607120e-03;1.5750000e+02;-3.4169771e-02;1.5750000e+02;-7.9662554e-02;1.5750000e+02;-1.2217683e-01;1.5750000e+02;-6.4618945e-02;1.5750000e+02;-3.1034514e-02;1.5750000e+02;2.2351071e-02;1.5750000e+02;8.8510737e-02;1.5750000e+02;1.7575334e-01;1.5750000e+02;2.6043096e-01;1.5750000e+02;2.8690541e-01;1.5750000e+02;2.5489229e-01;1.5750000e+02;1.9561926e-01;1.5750000e+02;2.1863744e-01;1.5750000e+02;1.9382963e-01;1.5750000e+02;1.4854050e-01;1.5750000e+02;9.8809406e-02;1.5750000e+02;5.5278670e-02;1.5750000e+02;8.2607120e-03;1.5750000e+02;-3.4169771e-02;1.5750000e+02;-7.9662554e-02;1.5750000e+02;-1.2217683e-01;1.5750000e+02;-6.4618945e-02;1.5750000e+02;-3.1034514e-02;1.5750000e+02;2.2351071e-02;1.5750000e+02;8.8510737e-02;1.5750000e+02;1.7575334e-01;1.5750000e+02;2.6043096e-01;1.5750000e+02;2.8690541e-01;1.5750000e+02;2.5489229e-01;1.5750000e+02;1.9561926e-01;1.5750000e+02;2.1863744e-01;1.5750000e+02;1.9382963e-01;1.5750000e+02;1.4854050e-01;1.5750000e+02;9.8809406e-02;1.5750000e+02;5.5278670e-02;1.5750000e+02;8.2607120e-03;1.5750000e+02;-3.4169771e-02;1.5750000e+02;-7.9662554e-02;1.5750000e+02;-1.2217683e-01;1.5750000e+02;-6.4618945e-02;1.5750000e+02;-3.1034514e-02;1.5750000e+02;2.2351071e-02;1.5750000e+02;8.8510737e-02;1.5750000e+02;1.7575334e-01;1.5750000e+02;2.6043096e-01;1.5750000e+02;2.8690541e-01;1.5750000e+02;2.5489229e-01;1.5750000e+02;1.9561926e-01;1.5750000e+02;2.1863744e-01;1.5750000e+02;1.9382963e-01;1.5750000e+02;1.4854050e-01;1.5750000e+02;9.8809406e-02;1.5750000e+02;5.5278670e-02;1.5750000e+02;8.2607120e-03;1.5750000e+02;-3.4169771e-02;1.5750000e+02;-7.9662554e-02;1.5750000e+02;-1.2217683e-01;1.5750000e+02;-6.4618945e-02;1.5750000e+02;-3.1034514e-02;1.5750000e+02;2.2351071e-02;1.5750000e+02;8.8510737e-02;1.5750000e+02;1.7575334e-01;1.5750000e+02;2.6043096e-01;1.5750000e+02;2.8690541e-01;1.5750000e+02;2.5489229e-01;1.5750000e+02;1.9561926e-01;1.5750000e+02;2.1863744e-01;1.5750000e+02;1.9382963e-01;1.5750000e+02;1.4854050e-01;1.5750000e+02;9.8809406e-02;1.5750000e+02;5.5278670e-02;1.5750000e+02;8.2607120e-03;1.5750000e+02;-3.4169771e-02;1.5750000e+02;-7.9662554e-02;1.5750000e+02;-1.2217683e-01;1.5750000e+02;-6.4618945e-02;1.5750000e+02;-3.1034514e-02;1.5750000e+02;2.2351071e-02;1.5750000e+02;8.8510737e-02;1.5750000e+02;1.7575334e-01;1.5750000e+02;2.6043096e-01;1.5750000e+02;2.8690541e-01;1.5750000e+02;2.5489229e-01;1.5750000e+02;1.9561926e-01;1.5750000e+02;2.1863744e-01;1.5750000e+02;1.9382963e-01;1.5750000e+02;1.4854050e-01;1.5750000e+02;9.8809406e-02;1.5750000e+02;5.5278670e-02;1.5750000e+02;8.2607120e-03;1.5750000e+02;-3.4169771e-02;1.5750000e+02;-7.9662554e-02;1.5750000e+02;-1.2217683e-01;1.5750000e+02;-6.4618945e-02;1.5750000e+02;-3.1034514e-02;1.5750000e+02;2.2351071e-02;1.5750000e+02;8.8510737e-02;1.5750000e+02;1.7575334e-01;1.5750000e+02;2.6043096e-01;1.5750000e+02;2.8690541e-01;1.5750000e+02;2.5489229e-01;1.5750000e+02;1.9561926e-01;1.5750000e+02;2.1863744e-01;1.5750000e+02;1.9382963e-01;1.5750000e+02;1.4854050e-01;1.5750000e+02;9.8809406e-02;1.5750000e+02;5.5278670e-02;1.5750000e+02;8.2607120e-03;1.5750000e+02;-3.4169771e-02;1.5750000e+02;-7.9662554e-02;1.5750000e+02;-1.2217683e-01;1.5750000e+02;-6.4618945e-02;1.5750000e+02;-3.1034514e-02;1.5750000e+02;2.2351071e-02;1.5750000e+02;8.8510737e-02;1.5750000e+02;1.7575334e-01;1.5750000e+02;2.6043096e-01;1.5750000e+02;2.8690541e-01;1.5750000e+02;2.5489229e-01;1.5750000e+02;1.9561926e-01;1.5750000e+02;2.1863744e-01;1.5750000e+02;1.9382963e-01;1.5750000e+02;1.4854050e-01;1.5750000e+02;9.8809406e-02;1.5750000e+02;5.5278670e-02;1.5750000e+02;8.2607120e-03;1.5750000e+02;-3.4169771e-02;1.5750000e+02;-7.9662554e-02;1.5750000e+02;-1.2217683e-01;1.5750000e+02;-6.4618945e-02;1.5750000e+02;-3.1034514e-02;1.5750000e+02;2.2351071e-02;1.5750000e+02;8.8510737e-02;1.5750000e+02;1.7575334e-01;1.5750000e+02;2.6043096e-01;1.5750000e+02;2.8690541e-01;1.5750000e+02;2.5489229e-01;1.5750000e+02;1.9561926e-01;1.5750000e+02;2.1863744e-01;1.5750000e+02;1.9382963e-01;1.5750000e+02;1.4854050e-01;1.5750000e+02;9.8809406e-02;1.5750000e+02;5.5278670e-02;1.5750000e+02;8.2607120e-03;1.5750000e+02;-3.4169771e-02;1.5750000e+02;-7.9662554e-02;1.5750000e+02;-1.2217683e-01;1.5750000e+02;-6.4618945e-02;1.5750000e+02;-3.1034514e-02;1.5750000e+02;2.2351071e-02;1.5750000e+02;8.8510737e-02;1.5750000e+02;1.7575334e-01;1.5750000e+02;2.6043096e-01;1.5750000e+02;2.8690541e-01;1.5750000e+02;2.5489229e-01;1.5750000e+02;1.9561926e-01;1.5750000e+02;2.1863744e-01;1.5750000e+02;1.9382963e-01;1.5750000e+02;1.4854050e-01;1.5750000e+02;9.8809406e-02;1.5750000e+02;5.5278670e-02;1.5750000e+02;8.2607120e-03;1.5750000e+02;-3.4169771e-02;1.5750000e+02;-7.9662554e-02;1.5750000e+02;-1.2217683e-01;1.5750000e+02;-6.4618945e-02;1.5750000e+02;-3.1034514e-02;1.5750000e+02;2.2351071e-02;1.5750000e+02;8.8510737e-02;1.5750000e+02;1.7575334e-01;1.5750000e+02;2.6043096e-01;1.5750000e+02;2.8690541e-01;1.5750000e+02;2.5489229e-01;1.5750000e+02;1.9561926e-01;1.5750000e+02;2.1863744e-01;1.5750000e+02;1.9382963e-01;1.5750000e+02;1.4854050e-01;1.5750000e+02;9.8809406e-02;1.5750000e+02;5.5278670e-02;1.5750000e+02;8.2607120e-03;1.5750000e+02;-3.4169771e-02;1.5750000e+02;-7.9662554e-02;1.5750000e+02;-1.2217683e-01;1.5750000e+02;-6.4618945e-02;1.5750000e+02;-3.1034514e-02;1.5750000e+02;2.2351071e-02;1.5750000e+02;8.8510737e-02;1.5750000e+02;1.7575334e-01;1.5750000e+02;2.6043096e-01;1.5750000e+02;2.8690541e-01;1.5750000e+02;2.5489229e-01;1.5750000e+02;1.9561926e-01;1.5750000e+02;2.1863744e-01;1.5750000e+02;1.9382963e-01;1.5750000e+02;1.4854050e-01;1.5750000e+02;9.8809406e-02;1.5750000e+02;5.5278670e-02;1.5750000e+02;8.2607120e-03;1.5750000e+02;-3.4169771e-02;1.5750000e+02;-7.9662554e-02;1.5750000e+02;-1.2217683e-01;1.5750000e+02;-6.4618945e-02;1.5750000e+02;-3.1034514e-02;1.5750000e+02;2.2351071e-02;1.5750000e+02;8.8510737e-02;1.5750000e+02;1.7575334e-01;1.5750000e+02;2.6043096e-01;1.5750000e+02;2.8690541e-01;1.5750000e+02;2.5489229e-01;1.5750000e+02;1.9561926e-01;1.5750000e+02;2.1863744e-01;1.5750000e+02;1.9382963e-01;1.5750000e+02;1.4854050e-01;1.5750000e+02;9.8809406e-02;1.5750000e+02;5.5278670e-02;1.5750000e+02;8.2607120e-03;1.5750000e+02;-3.4169771e-02;1.5750000e+02;-7.9662554e-02;1.5750000e+02;-1.2217683e-01;1.5750000e+02;-6.4618945e-02;1.5750000e+02;-3.1034514e-02;1.5750000e+02;2.2351071e-02;1.5750000e+02;8.8510737e-02;1.5750000e+02;1.7575334e-01;1.5750000e+02;2.6043096e-01;1.5750000e+02;2.8690541e-01;1.5750000e+02;2.5489229e-01;1.5750000e+02;1.9561926e-01;1.5750000e+02;2.1863744e-01;1.5750000e+02;1.9382963e-01;1.5750000e+02;1.4854050e-01;1.5750000e+02;9.8809406e-02;1.5750000e+02;5.5278670e-02;1.5750000e+02;8.2607120e-03;1.5750000e+02;-3.4169771e-02;1.5750000e+02;-7.9662554e-02;1.5750000e+02;-1.2217683e-01;1.5750000e+02;-6.4618945e-02;1.5750000e+02;-3.1034514e-02;1.5750000e+02;2.2351071e-02;1.5750000e+02;8.8510737e-02;1.5750000e+02;1.7575334e-01;1.5750000e+02;2.6043096e-01;1.5750000e+02;2.8690541e-01;1.5750000e+02;2.5489229e-01;1.5750000e+02;1.9561926e-01;1.5750000e+02;2.1863744e-01;1.5750000e+02;1.9382963e-01;1.5750000e+02;1.4854050e-01;1.5750000e+02;9.8809406e-02;1.5750000e+02;5.5278670e-02;1.5750000e+02;8.2607120e-03;1.5750000e+02;-3.4169771e-02;1.5750000e+02;-7.9662554e-02;1.5750000e+02;-1.2217683e-01;1.5750000e+02;-6.4618945e-02;1.5750000e+02;-3.1034514e-02;1.5750000e+02;2.2351071e-02;1.5750000e+02;8.8510737e-02;1.5750000e+02;1.7575334e-01;1.5750000e+02;2.6043096e-01;1.5750000e+02;2.8690541e-01;1.5750000e+02;2.5489229e-01;1.5750000e+02;1.9561926e-01;1.5750000e+02;2.1863744e-01;1.5750000e+02;1.9382963e-01;1.5750000e+02;1.4854050e-01;1.5750000e+02;9.8809406e-02;1.5750000e+02;5.5278670e-02;1.5750000e+02;8.2607120e-03;1.5750000e+02;-3.4169771e-02;1.5750000e+02;-7.9662554e-02;1.5750000e+02;-1.2217683e-01;1.5750000e+02;-6.4618945e-02;1.5750000e+02;-3.1034514e-02;1.5750000e+02;2.2351071e-02;1.5750000e+02;8.8510737e-02;1.5750000e+02;1.7575334e-01;1.5750000e+02;2.6043096e-01;1.5750000e+02;2.8690541e-01;1.5750000e+02;2.5489229e-01;1.5750000e+02;1.9561926e-01;1.5750000e+02;2.1863744e-01;1.5750000e+02;1.9382963e-01;1.5750000e+02;1.4854050e-01;1.5750000e+02;9.8809406e-02;1.5750000e+02;5.5278670e-02;1.5750000e+02;8.2607120e-03;1.5750000e+02;-3.4169771e-02;1.5750000e+02;-7.9662554e-02;1.5750000e+02;-1.2217683e-01;1.5750000e+02;-6.4618945e-02;1.5750000e+02;-3.1034514e-02;1.5750000e+02;2.2351071e-02;1.5750000e+02;8.8510737e-02;1.5750000e+02;1.7575334e-01;1.5750000e+02;2.6043096e-01;1.5750000e+02;2.8690541e-01;1.5750000e+02;2.5489229e-01;1.5750000e+02;1.9561926e-01;1.5750000e+02;2.1863744e-01;1.5750000e+02;1.9382963e-01;1.5750000e+02;1.4854050e-01;1.5750000e+02;9.8809406e-02;1.5750000e+02;5.5278670e-02;1.5750000e+02;8.2607120e-03;1.5750000e+02;-3.4169771e-02;1.5750000e+02;-7.9662554e-02;1.5750000e+02;-1.2217683e-01;1.5750000e+02;-6.4618945e-02;1.5750000e+02;-3.1034514e-02;1.5750000e+02;2.2351071e-02;1.5750000e+02;8.8510737e-02;1.5750000e+02;1.7575334e-01;1.5750000e+02;2.6043096e-01;1.5750000e+02;2.8690541e-01;1.5750000e+02;2.5489229e-01;1.5750000e+02;1.9561926e-01;1.5750000e+02;2.1863744e-01;1.5750000e+02;1.9382963e-01;1.5750000e+02;1.4854050e-01;1.5750000e+02;9.8809406e-02;1.5750000e+02;5.5278670e-02;1.5750000e+02;8.2607120e-03;1.5750000e+02;-3.4169771e-02;1.5750000e+02;-7.9662554e-02;1.5750000e+02;-1.2217683e-01;1.5750000e+02;-6.4618945e-02;1.5750000e+02;-3.1034514e-02;1.5750000e+02;2.2351071e-02;1.5750000e+02;8.8510737e-02;1.5750000e+02;1.7575334e-01;1.5750000e+02;2.6043096e-01;1.5750000e+02;2.8690541e-01;1.5750000e+02;2.5489229e-01;1.5750000e+02;1.9561926e-01;1.5750000e+02;2.1863744e-01;1.5750000e+02;1.9382963e-01;1.5750000e+02;1.4854050e-01;1.5750000e+02;9.8809406e-02;1.5750000e+02;5.5278670e-02;1.5750000e+02;8.2607120e-03;1.5750000e+02;-3.4169771e-02;1.5750000e+02;-7.9662554e-02;1.5750000e+02;-1.2217683e-01;1.5750000e+02;-6.4618945e-02;1.5750000e+02;-3.1034514e-02;1.5750000e+02;2.2351071e-02;1.5750000e+02;8.8510737e-02;1.5750000e+02;1.7575334e-01;1.5750000e+02;2.6043096e-01;1.5750000e+02;2.8690541e-01;1.5750000e+02;2.5489229e-01;1.5750000e+02;1.9561926e-01;1.5750000e+02;2.1863744e-01;1.5750000e+02;1.9382963e-01;1.5750000e+02;1.4854050e-01;1.5750000e+02;9.8809406e-02;1.5750000e+02;5.5278670e-02;1.5750000e+02;8.2607120e-03;1.5750000e+02;-3.4169771e-02;1.5750000e+02;-7.9662554e-02;1.5750000e+02;-1.2217683e-01;1.5750000e+02;-6.4618945e-02;1.5750000e+02;-3.1034514e-02;1.5750000e+02;2.2351071e-02;1.5750000e+02;8.8510737e-02;1.5750000e+02;1.7575334e-01;1.5750000e+02;2.6043096e-01;1.5750000e+02;2.8690541e-01;1.5750000e+02;2.5489229e-01;1.5750000e+02;1.9561926e-01;1.5750000e+02;2.1863744e-01;1.5750000e+02;1.9382963e-01;1.5750000e+02;1.4854050e-01;1.5750000e+02;9.8809406e-02;1.5750000e+02;5.5278670e-02;1.5750000e+02;8.2607120e-03;1.5750000e+02;-3.4169771e-02;1.5750000e+02;-7.9662554e-02;1.5750000e+02;-1.2217683e-01;1.5750000e+02;-6.4618945e-02;1.5750000e+02;-3.1034514e-02;1.5750000e+02;2.2351071e-02;1.5750000e+02;8.8510737e-02;1.5750000e+02;1.7575334e-01;1.5750000e+02;2.6043096e-01;1.5750000e+02;2.8690541e-01;1.5750000e+02;2.5489229e-01;1.5750000e+02;1.9561926e-01;1.5750000e+02;2.1863744e-01;1.5750000e+02;1.9382963e-01;1.5750000e+02;1.4854050e-01;1.5750000e+02;9.8809406e-02;1.5750000e+02;5.5278670e-02;1.5750000e+02;8.2607120e-03;1.5750000e+02;-3.4169771e-02;1.5750000e+02;-7.9662554e-02;1.5750000e+02;-1.2217683e-01;1.5750000e+02;-6.4618945e-02;1.5750000e+02;-3.1034514e-02;1.5750000e+02;2.2351071e-02;1.5750000e+02;8.8510737e-02;1.5750000e+02;1.7575334e-01;1.5750000e+02;2.6043096e-01;1.5750000e+02;2.8690541e-01;1.5750000e+02;2.5489229e-01;1.5750000e+02;1.9561926e-01;1.5750000e+02;2.1863744e-01;1.5750000e+02;1.9382963e-01;1.5750000e+02;1.4854050e-01;1.5750000e+02;9.8809406e-02;1.5750000e+02;5.5278670e-02;1.5750000e+02;8.2607120e-03;1.5750000e+02;-3.4169771e-02;1.5750000e+02;-7.9662554e-02;1.5750000e+02;-1.2217683e-01;1.5750000e+02;-6.4618945e-02;1.5750000e+02;-3.1034514e-02;1.5750000e+02;2.2351071e-02;1.5750000e+02;8.8510737e-02;1.5750000e+02;1.7575334e-01;1.5750000e+02;2.6043096e-01;1.5750000e+02;2.8690541e-01;1.5750000e+02;2.5489229e-01;1.5750000e+02;1.9561926e-01;1.5750000e+02;2.1863744e-01;1.5750000e+02;1.9382963e-01;1.5750000e+02;1.4854050e-01;1.5750000e+02;9.8809406e-02;1.5750000e+02;5.5278670e-02;1.5750000e+02;8.2607120e-03;1.5750000e+02;-3.4169771e-02;1.5750000e+02;-7.9662554e-02;1.5750000e+02;-1.2217683e-01;1.5750000e+02;-6.4618945e-02;1.5750000e+02;-3.1034514e-02;1.5750000e+02;2.2351071e-02;1.5750000e+02;8.8510737e-02;1.5750000e+02;1.7575334e-01;1.5750000e+02;2.6043096e-01;1.5750000e+02;2.8690541e-01;1.5750000e+02;2.5489229e-01;1.5750000e+02;1.9561926e-01;1.5750000e+02;2.1863744e-01;1.5750000e+02;1.9382963e-01;1.5750000e+02;1.4854050e-01;1.5750000e+02;9.8809406e-02;1.5750000e+02;5.5278670e-02;1.5750000e+02;8.2607120e-03;1.5750000e+02;-3.4169771e-02;1.5750000e+02;-7.9662554e-02;1.5750000e+02;-1.2217683e-01;1.5750000e+02;-6.4618945e-02;1.5750000e+02;-3.1034514e-02;1.5750000e+02;2.2351071e-02;1.5750000e+02;8.8510737e-02;1.5750000e+02;1.7575334e-01;1.5750000e+02;2.6043096e-01;1.5750000e+02;2.8690541e-01;1.5750000e+02;2.5489229e-01;1.5750000e+02;1.9561926e-01;1.5750000e+02;2.1863744e-01;1.5750000e+02;1.9382963e-01;1.5750000e+02;1.4854050e-01;1.5750000e+02;9.8809406e-02;1.5750000e+02;5.5278670e-02;1.5750000e+02;8.2607120e-03;1.5750000e+02;-3.4169771e-02;1.5750000e+02;-7.9662554e-02;1.5750000e+02;-1.2217683e-01;1.5750000e+02;-6.4618945e-02;1.5750000e+02;-3.1034514e-02;1.5750000e+02;2.2351071e-02;1.5750000e+02;8.8510737e-02;1.5750000e+02;1.7575334e-01;1.5750000e+02;2.6043096e-01;1.5750000e+02;2.8690541e-01;1.5750000e+02;2.5489229e-01;1.5750000e+02;1.9561926e-01;1.5750000e+02;2.1863744e-01;1.5750000e+02;1.9382963e-01;1.5750000e+02;1.4854050e-01;1.5750000e+02;9.8809406e-02;1.5750000e+02;5.5278670e-02;1.5750000e+02;8.2607120e-03;1.5750000e+02;-3.4169771e-02;1.5750000e+02;-7.9662554e-02;1.5750000e+02;-1.2217683e-01;1.5750000e+02;-6.4618945e-02;1.5750000e+02;-3.1034514e-02;1.5750000e+02;2.2351071e-02;1.5750000e+02;8.8510737e-02;1.5750000e+02;1.7575334e-01;1.5750000e+02;2.6043096e-01;1.5750000e+02;2.8690541e-01;1.5750000e+02;2.5489229e-01;1.5750000e+02;1.9561926e-01;1.5750000e+02;2.1863744e-01;1.5750000e+02;1.9382963e-01;1.5750000e+02;1.4854050e-01;1.5750000e+02;9.8809406e-02;1.5750000e+02;5.5278670e-02;1.5750000e+02;8.2607120e-03;1.5750000e+02;-3.4169771e-02;1.5750000e+02;-7.9662554e-02;1.5750000e+02;-1.2217683e-01;1.5750000e+02;-6.4618945e-02;1.5750000e+02;-3.1034514e-02;1.5750000e+02;2.2351071e-02;1.5750000e+02;8.8510737e-02;1.5750000e+02;1.7575334e-01;1.5750000e+02;2.6043096e-01;1.5750000e+02;2.8690541e-01;1.5750000e+02;2.5489229e-01;1.5750000e+02;1.9561926e-01;1.5750000e+02;2.1863744e-01;1.5750000e+02;1.9382963e-01;1.5750000e+02;1.4854050e-01;1.5750000e+02;9.8809406e-02;1.5750000e+02;5.5278670e-02;1.5750000e+02;8.2607120e-03;1.5750000e+02;-3.4169771e-02;1.5750000e+02;-7.9662554e-02;1.5750000e+02;-1.2217683e-01;1.5750000e+02;-6.4618945e-02;1.5750000e+02;-3.1034514e-02;1.5750000e+02;2.2351071e-02;1.5750000e+02;8.8510737e-02;1.5750000e+02;1.7575334e-01;1.5750000e+02;2.6043096e-01;1.5750000e+02;2.8690541e-01;1.5750000e+02;2.5489229e-01;1.5750000e+02;1.9561926e-01;1.5750000e+02;2.1863744e-01;1.5750000e+02;1.9382963e-01;1.5750000e+02;1.4854050e-01;1.5750000e+02;9.8809406e-02;1.5750000e+02;5.5278670e-02;1.5750000e+02;8.2607120e-03;1.5750000e+02;-3.4169771e-02;1.5750000e+02;-7.9662554e-02;1.5750000e+02;-1.2217683e-01;1.5750000e+02;-6.4618945e-02;1.5750000e+02;-3.1034514e-02;1.5750000e+02;2.2351071e-02;1.5750000e+02;8.8510737e-02;1.5750000e+02;1.7575334e-01;1.5750000e+02;2.6043096e-01;1.5750000e+02;2.8690541e-01;1.5750000e+02;2.5489229e-01;1.5750000e+02;1.9561926e-01;1.5750000e+02;2.1863744e-01;1.5750000e+02;1.9382963e-01;1.5750000e+02;1.4854050e-01;1.5750000e+02;9.8809406e-02;1.5750000e+02;5.5278670e-02;1.5750000e+02;8.2607120e-03;1.5750000e+02;-3.4169771e-02;1.5750000e+02;-7.9662554e-02;1.5750000e+02;-1.2217683e-01;1.5750000e+02;-6.4618945e-02;1.5750000e+02;-3.1034514e-02;1.5750000e+02;2.2351071e-02;1.5750000e+02;8.8510737e-02;1.5750000e+02;1.7575334e-01;1.5750000e+02;2.6043096e-01;1.5750000e+02;2.8690541e-01;1.5750000e+02;2.5489229e-01;1.5750000e+02;1.9561926e-01;1.5750000e+02;2.1863744e-01;1.5750000e+02;1.9382963e-01;1.5750000e+02;1.4854050e-01;1.5750000e+02;9.8809406e-02;1.5750000e+02;5.5278670e-02;1.5750000e+02;8.2607120e-03;1.5750000e+02;-3.4169771e-02;1.5750000e+02;-7.9662554e-02;1.5750000e+02;-1.2217683e-01;1.5750000e+02;-6.4618945e-02;1.5750000e+02;-3.1034514e-02;1.5750000e+02;2.2351071e-02;1.5750000e+02;8.8510737e-02;1.5750000e+02;1.7575334e-01;1.5750000e+02;2.6043096e-01;1.5750000e+02;2.8690541e-01;1.5750000e+02;2.5489229e-01;1.5750000e+02;1.9561926e-01;1.5750000e+02;2.1863744e-01;1.5750000e+02;1.9382963e-01;1.5750000e+02;1.4854050e-01;1.5750000e+02;9.8809406e-02;1.5750000e+02;5.5278670e-02;1.5750000e+02;8.2607120e-03;1.5750000e+02;-3.4169771e-02;1.5750000e+02;-7.9662554e-02;1.5750000e+02;-1.2217683e-01;1.5750000e+02;-6.4618945e-02;1.5750000e+02;-3.1034514e-02;1.5750000e+02;2.2351071e-02;1.5750000e+02;8.8510737e-02;1.5750000e+02;1.7575334e-01;1.5750000e+02;2.6043096e-01;1.5750000e+02;2.8690541e-01;1.5750000e+02;2.5489229e-01;1.5750000e+02;1.9561926e-01;1.5750000e+02;2.1863744e-01;1.5750000e+02;1.9382963e-01;1.5750000e+02;1.4854050e-01;1.5750000e+02;9.8809406e-02;1.5750000e+02;5.5278670e-02;1.5750000e+02;8.2607120e-03;1.5750000e+02;-3.4169771e-02;1.5750000e+02;-7.9662554e-02;1.5750000e+02;-1.2217683e-01;1.5750000e+02;-6.4618945e-02;1.5750000e+02;-3.1034514e-02;1.5750000e+02;2.2351071e-02;1.5750000e+02;8.8510737e-02;1.5750000e+02;1.7575334e-01;1.5750000e+02;2.6043096e-01;1.5750000e+02;2.8690541e-01;1.5750000e+02;2.5489229e-01;1.5750000e+02;1.9561926e-01;1.5750000e+02;2.1863744e-01;1.5750000e+02;1.9382963e-01;1.5750000e+02;1.4854050e-01;1.5750000e+02;9.8809406e-02;1.5750000e+02;5.5278670e-02;1.5750000e+02;8.2607120e-03;1.5750000e+02;-3.4169771e-02;1.5750000e+02;-7.9662554e-02;1.5750000e+02;-1.2217683e-01;1.5750000e+02;-6.4618945e-02;1.5750000e+02;-3.1034514e-02;1.5750000e+02;2.2351071e-02;1.5750000e+02;8.8510737e-02;1.5750000e+02;1.7575334e-01;1.5750000e+02;2.6043096e-01;1.5750000e+02;2.8690541e-01;1.5750000e+02;2.5489229e-01;1.5750000e+02;1.9561926e-01;1.5750000e+02;2.1863744e-01;1.5750000e+02;1.9382963e-01;1.5750000e+02;1.4854050e-01;1.5750000e+02;9.8809406e-02;1.5750000e+02;5.5278670e-02;1.5750000e+02;8.2607120e-03;1.5750000e+02;-3.4169771e-02;1.5750000e+02;-7.9662554e-02;1.5750000e+02;-1.2217683e-01;1.5750000e+02;-6.4618945e-02;1.5750000e+02;-3.1034514e-02;1.5750000e+02;2.2351071e-02;1.5750000e+02;8.8510737e-02;1.5750000e+02;1.7575334e-01;1.5750000e+02;2.6043096e-01;1.5750000e+02;2.8690541e-01;1.5750000e+02;2.5489229e-01;1.5750000e+02;1.9561926e-01;1.5750000e+02;2.1863744e-01;1.5750000e+02;1.9382963e-01;1.5750000e+02;1.4854050e-01;1.5750000e+02;9.8809406e-02;1.5750000e+02;5.5278670e-02;1.5750000e+02;8.2607120e-03;1.5750000e+02;-3.4169771e-02;1.5750000e+02;-7.9662554e-02;1.5750000e+02;-1.2217683e-01;1.5750000e+02;-6.4618945e-02;1.5750000e+02;-3.1034514e-02;1.5750000e+02;2.2351071e-02;1.5750000e+02;8.8510737e-02;1.5750000e+02;1.7575334e-01;1.5750000e+02;2.6043096e-01;1.5750000e+02;2.8690541e-01;1.5750000e+02;2.5489229e-01;1.5750000e+02;1.9561926e-01;1.5750000e+02;2.1863744e-01;1.5750000e+02;1.9382963e-01;1.5750000e+02;1.4854050e-01;1.5750000e+02;9.8809406e-02;1.5750000e+02;5.5278670e-02;1.5750000e+02;8.2607120e-03;1.5750000e+02;-3.4169771e-02;1.5750000e+02;-7.9662554e-02;1.5750000e+02;-1.2217683e-01;1.5750000e+02;-6.4618945e-02;1.5750000e+02;-3.1034514e-02;1.5750000e+02;2.2351071e-02;1.5750000e+02;8.8510737e-02;1.5750000e+02;1.7575334e-01;1.5750000e+02;2.6043096e-01;1.5750000e+02;2.8690541e-01;1.5750000e+02;2.5489229e-01;1.5750000e+02;1.9561926e-01;1.5750000e+02;2.1863744e-01;1.5750000e+02;1.9382963e-01;1.5750000e+02;1.4854050e-01;1.5750000e+02;9.8809406e-02;1.5750000e+02;5.5278670e-02;1.5750000e+02;8.2607120e-03;1.5750000e+02;-3.4169771e-02;1.5750000e+02;-7.9662554e-02;1.5750000e+02;-1.2217683e-01;1.5750000e+02;-6.4618945e-02;1.5750000e+02;-3.1034514e-02;1.5750000e+02;2.2351071e-02;1.5750000e+02;8.8510737e-02;1.5750000e+02;1.7575334e-01;1.5750000e+02;2.6043096e-01;1.5750000e+02;2.8690541e-01;1.5750000e+02;2.5489229e-01;1.5750000e+02;1.9561926e-01;1.5750000e+02;2.1863744e-01;1.5750000e+02;1.9382963e-01;1.5750000e+02;1.4854050e-01;1.5750000e+02;9.8809406e-02;1.5750000e+02;5.5278670e-02;1.5750000e+02;8.2607120e-03;1.5750000e+02;-3.4169771e-02;1.5750000e+02;-7.9662554e-02;1.5750000e+02;-1.2217683e-01;1.5750000e+02;-6.4618945e-02;1.5750000e+02;-3.1034514e-02;1.5750000e+02;2.2351071e-02;1.5750000e+02;8.8510737e-02;1.5750000e+02;1.7575334e-01;1.5750000e+02;2.6043096e-01;1.5750000e+02;2.8690541e-01;1.5750000e+02;2.5489229e-01;1.5750000e+02;1.9561926e-01;1.5750000e+02;2.1863744e-01;1.5750000e+02;1.9382963e-01;1.5750000e+02;1.4854050e-01;1.5750000e+02;9.8809406e-02;1.5750000e+02;5.5278670e-02;1.5750000e+02;8.2607120e-03;1.5750000e+02;-3.4169771e-02;1.5750000e+02;-7.9662554e-02;1.5750000e+02;-1.2217683e-01;1.5750000e+02;-6.4618945e-02;1.5750000e+02;-3.1034514e-02;1.5750000e+02;2.2351071e-02;1.5750000e+02;8.8510737e-02;1.5750000e+02;1.7575334e-01;1.5750000e+02;2.6043096e-01;1.5750000e+02;2.8690541e-01;1.5750000e+02;2.5489229e-01;1.5750000e+02;1.9561926e-01;1.5750000e+02;2.1863744e-01;1.5750000e+02;1.9382963e-01;1.5750000e+02;1.4854050e-01;1.5750000e+02;9.8809406e-02;1.5750000e+02;5.5278670e-02;1.5750000e+02;8.2607120e-03;1.5750000e+02;-3.4169771e-02;1.5750000e+02;-7.9662554e-02;1.5750000e+02;-1.2217683e-01;1.5750000e+02;-6.4618945e-02;1.5750000e+02;-3.1034514e-02;1.5750000e+02;2.2351071e-02;1.5750000e+02;8.8510737e-02;1.5750000e+02;1.7575334e-01;1.5750000e+02;2.6043096e-01;1.5750000e+02;2.8690541e-01;1.5750000e+02;2.5489229e-01;1.5750000e+02;1.9561926e-01;1.5750000e+02;2.1863744e-01;1.5750000e+02;1.9382963e-01;1.5750000e+02;1.4854050e-01;1.5750000e+02;9.8809406e-02;1.5750000e+02;5.5278670e-02;1.5750000e+02;8.2607120e-03;1.5750000e+02;-3.4169771e-02;1.5750000e+02;-7.9662554e-02;1.5750000e+02;-1.2217683e-01;1.5750000e+02;-6.4618945e-02;1.5750000e+02;-3.1034514e-02;1.5750000e+02;2.2351071e-02;1.5750000e+02;8.8510737e-02;1.5750000e+02;1.7575334e-01;1.5750000e+02;2.6043096e-01;1.5750000e+02;2.8690541e-01;1.5750000e+02;2.5489229e-01;1.5750000e+02;1.9561926e-01;1.5750000e+02;2.1863744e-01;1.5750000e+02;1.9382963e-01;1.5750000e+02;1.4854050e-01;1.5750000e+02;9.8809406e-02;1.5750000e+02;5.5278670e-02;1.5750000e+02;8.2607120e-03;1.5750000e+02;-3.4169771e-02;1.5750000e+02;-7.9662554e-02;1.5750000e+02;-1.2217683e-01;1.5750000e+02;-6.4618945e-02;1.5750000e+02;-3.1034514e-02;1.5750000e+02;2.2351071e-02;1.5750000e+02;8.8510737e-02;1.5750000e+02;1.7575334e-01;1.5750000e+02;2.6043096e-01;1.5750000e+02;2.8690541e-01;1.5750000e+02;2.5489229e-01;1.5750000e+02;1.9561926e-01;1.5750000e+02;2.1863744e-01;1.5750000e+02;1.9382963e-01;1.5750000e+02;1.4854050e-01;1.5750000e+02;9.8809406e-02;1.5750000e+02;5.5278670e-02;1.5750000e+02;8.2607120e-03;1.5750000e+02;-3.4169771e-02;1.5750000e+02;-7.9662554e-02;1.5750000e+02;-1.2217683e-01;1.5750000e+02;-6.4618945e-02;1.5750000e+02;-3.1034514e-02;1.5750000e+02;2.2351071e-02;1.5750000e+02;8.8510737e-02;1.5750000e+02;1.7575334e-01;1.5750000e+02;2.6043096e-01;1.5750000e+02;2.8690541e-01;1.5750000e+02;2.5489229e-01;1.5750000e+02;1.9561926e-01;1.5750000e+02;2.1863744e-01;1.5750000e+02;1.9382963e-01;1.5750000e+02;1.4854050e-01;1.5750000e+02;9.8809406e-02;1.5750000e+02;5.5278670e-02;1.5750000e+02;8.2607120e-03;1.5750000e+02;-3.4169771e-02;1.5750000e+02;-7.9662554e-02;1.5750000e+02;-1.2217683e-01;1.5750000e+02;-6.4618945e-02;1.5750000e+02;-3.1034514e-02;1.5750000e+02;2.2351071e-02;1.5750000e+02;8.8510737e-02;1.5750000e+02;1.7575334e-01;1.5750000e+02;2.6043096e-01;1.5750000e+02;2.8690541e-01;1.5750000e+02;2.5489229e-01;1.5750000e+02;1.9561926e-01;1.5750000e+02;2.1863744e-01;1.5750000e+02;1.9382963e-01;1.5750000e+02;1.4854050e-01;1.5750000e+02;9.8809406e-02;1.5750000e+02;5.5278670e-02;1.5750000e+02;8.2607120e-03;1.5750000e+02;-3.4169771e-02;1.5750000e+02;-7.9662554e-02;1.5750000e+02;-1.2217683e-01;1.5750000e+02;-6.4618945e-02;1.5750000e+02;-3.1034514e-02;1.5750000e+02;2.2351071e-02;1.5750000e+02;8.8510737e-02;1.5750000e+02;1.7575334e-01;1.5750000e+02;2.6043096e-01;1.5750000e+02;2.8690541e-01;1.5750000e+02;2.5489229e-01;1.5750000e+02;1.9561926e-01;1.5750000e+02;2.1863744e-01;1.5750000e+02;1.9382963e-01;1.5750000e+02;1.4854050e-01;1.5750000e+02;9.8809406e-02;1.5750000e+02;5.5278670e-02;1.5750000e+02;8.2607120e-03;1.5750000e+02;-3.4169771e-02;1.5750000e+02;-7.9662554e-02;1.5750000e+02;-1.2217683e-01;1.5750000e+02;-6.4618945e-02;1.5750000e+02;-3.1034514e-02;1.5750000e+02;2.2351071e-02;1.5750000e+02;8.8510737e-02;1.5750000e+02;1.7575334e-01;1.5750000e+02;2.6043096e-01;1.5750000e+02;2.8690541e-01;1.5750000e+02;2.5489229e-01;1.5750000e+02;1.9561926e-01;1.5750000e+02;2.1863744e-01;1.5750000e+02;1.9382963e-01;1.5750000e+02;1.4854050e-01;1.5750000e+02;9.8809406e-02;1.5750000e+02;5.5278670e-02;1.5750000e+02;8.2607120e-03;1.5750000e+02;-3.4169771e-02;1.5750000e+02;-7.9662554e-02;1.5750000e+02;-1.2217683e-01;1.5750000e+02;-6.4618945e-02;1.5750000e+02;-3.1034514e-02;1.5750000e+02;2.2351071e-02;1.5750000e+02;8.8510737e-02;1.5750000e+02;1.7575334e-01;1.5750000e+02;2.6043096e-01;1.5750000e+02;2.8690541e-01;1.5750000e+02;2.5489229e-01;1.5750000e+02;1.9561926e-01;1.5750000e+02;2.1863744e-01;1.5750000e+02;1.9382963e-01;1.5750000e+02;1.4854050e-01;1.5750000e+02;9.8809406e-02;1.5750000e+02;5.5278670e-02;1.5750000e+02;8.2607120e-03;1.5750000e+02;-3.4169771e-02;1.5750000e+02;-7.9662554e-02;1.5750000e+02;-1.2217683e-01;1.5750000e+02;-6.4618945e-02;1.5750000e+02;-3.1034514e-02;1.5750000e+02;2.2351071e-02;1.5750000e+02;8.8510737e-02;1.5750000e+02;1.7575334e-01;1.5750000e+02;2.6043096e-01;1.5750000e+02;2.8690541e-01;1.5750000e+02;2.5489229e-01;1.5750000e+02;1.9561926e-01;1.5750000e+02;2.1863744e-01;1.5750000e+02;1.9382963e-01;1.5750000e+02;1.4854050e-01;1.5750000e+02;9.8809406e-02;1.5750000e+02;5.5278670e-02;1.5750000e+02;8.2607120e-03;1.5750000e+02;-3.4169771e-02;1.5750000e+02;-7.9662554e-02;1.5750000e+02;-1.2217683e-01;1.5750000e+02;-6.4618945e-02;1.5750000e+02;-3.1034514e-02;1.5750000e+02;2.2351071e-02;1.5750000e+02;8.8510737e-02;1.5750000e+02;1.7575334e-01;1.5750000e+02;2.6043096e-01;1.5750000e+02;2.8690541e-01;1.5750000e+02;2.5489229e-01;1.5750000e+02;1.9561926e-01;1.5750000e+02;2.1863744e-01;1.5750000e+02;1.9382963e-01;1.5750000e+02;1.4854050e-01;1.5750000e+02;9.8809406e-02;1.5750000e+02;5.5278670e-02;1.5750000e+02;8.2607120e-03;1.5750000e+02;-3.4169771e-02;1.5750000e+02;-7.9662554e-02;1.5750000e+02;-1.2217683e-01;1.5750000e+02;-6.4618945e-02;1.5750000e+02;-3.1034514e-02;1.5750000e+02;2.2351071e-02;1.5750000e+02;8.8510737e-02;1.5750000e+02;1.7575334e-01;1.5750000e+02;2.6043096e-01;1.5750000e+02;2.8690541e-01;1.5750000e+02;2.5489229e-01;1.5750000e+02;1.9561926e-01;1.5750000e+02;2.1863744e-01;1.5750000e+02;1.9382963e-01;1.5750000e+02;1.4854050e-01;1.5750000e+02;9.8809406e-02;1.5750000e+02;5.5278670e-02;1.5750000e+02;8.2607120e-03;1.5750000e+02;-3.4169771e-02;1.5750000e+02;-7.9662554e-02;1.5750000e+02;-1.2217683e-01;1.5750000e+02;-6.4618945e-02;1.5750000e+02;-3.1034514e-02;1.5750000e+02;2.2351071e-02;1.5750000e+02;8.8510737e-02;1.5750000e+02;1.7575334e-01;1.5750000e+02;2.6043096e-01;1.5750000e+02;2.8690541e-01;1.5750000e+02;2.5489229e-01;1.5750000e+02;1.9561926e-01;1.5750000e+02;2.1863744e-01;1.5750000e+02;1.9382963e-01;1.5750000e+02;1.4854050e-01;1.5750000e+02;9.8809406e-02;1.5750000e+02;5.5278670e-02;1.5750000e+02;8.2607120e-03;1.5750000e+02;-3.4169771e-02;1.5750000e+02;-7.9662554e-02;1.5750000e+02;-1.2217683e-01;1.5750000e+02;-6.4618945e-02;1.5750000e+02;-3.1034514e-02;1.5750000e+02;2.2351071e-02;1.5750000e+02;8.8510737e-02;1.5750000e+02;1.7575334e-01;1.5750000e+02;2.6043096e-01;1.5750000e+02;2.8690541e-01;1.5750000e+02;2.5489229e-01;1.5750000e+02;1.9561926e-01;1.5750000e+02;2.1863744e-01;1.5750000e+02;1.9382963e-01;1.5750000e+02;1.4854050e-01;1.5750000e+02;9.8809406e-02;1.5750000e+02;5.5278670e-02;1.5750000e+02;8.2607120e-03;1.5750000e+02;-3.4169771e-02;1.5750000e+02;-7.9662554e-02;1.5750000e+02;-1.2217683e-01;1.5750000e+02;-6.4618945e-02;1.5750000e+02;-3.1034514e-02;1.5750000e+02;2.2351071e-02;1.5750000e+02;8.8510737e-02;1.5750000e+02;1.7575334e-01;1.5750000e+02;2.6043096e-01;1.5750000e+02;2.8690541e-01;1.5750000e+02;2.5489229e-01;1.5750000e+02;1.9561926e-01;1.5750000e+02;2.1863744e-01;1.5750000e+02;1.9382963e-01;1.5750000e+02;1.4854050e-01;1.5750000e+02;9.8809406e-02;1.5750000e+02;5.5278670e-02;1.5750000e+02;8.2607120e-03;1.5750000e+02;-3.4169771e-02;1.5750000e+02;-7.9662554e-02;1.5750000e+02;-1.2217683e-01;1.5750000e+02;-6.4618945e-02;1.5750000e+02;-3.1034514e-02;1.5750000e+02;2.2351071e-02;1.5750000e+02;8.8510737e-02;1.5750000e+02;1.7575334e-01;1.5750000e+02;2.6043096e-01;1.5750000e+02;2.8690541e-01;1.5750000e+02;2.5489229e-01;1.5750000e+02;1.9561926e-01;1.5750000e+02;2.1863744e-01;1.5750000e+02;1.9382963e-01;1.5750000e+02;1.4854050e-01;1.5750000e+02;9.8809406e-02;1.5750000e+02;5.5278670e-02;1.5750000e+02;8.2607120e-03;1.5750000e+02;-3.4169771e-02;1.5750000e+02;-7.9662554e-02;1.5750000e+02;-1.2217683e-01;1.5750000e+02;-6.4618945e-02;1.5750000e+02;-3.1034514e-02;1.5750000e+02;2.2351071e-02;1.5750000e+02;8.8510737e-02;1.5750000e+02;1.7575334e-01;1.5750000e+02;2.6043096e-01;1.5750000e+02;2.8690541e-01;1.5750000e+02;2.5489229e-01;1.5750000e+02;1.9561926e-01;1.5750000e+02;2.1863744e-01;1.5750000e+02;1.9382963e-01;1.5750000e+02;1.4854050e-01;1.5750000e+02;9.8809406e-02;1.5750000e+02;5.5278670e-02;1.5750000e+02;8.2607120e-03;1.5750000e+02;-3.4169771e-02;1.5750000e+02;-7.9662554e-02;1.5750000e+02;-1.2217683e-01;1.5750000e+02;-6.4618945e-02;1.5750000e+02;-3.1034514e-02;1.5750000e+02;2.2351071e-02;1.5750000e+02;8.8510737e-02;1.5750000e+02;1.7575334e-01;1.5750000e+02;2.6043096e-01;1.5750000e+02;2.8690541e-01;1.5750000e+02;2.5489229e-01;1.5750000e+02;1.9561926e-01;1.5750000e+02;2.1863744e-01;1.5750000e+02;1.9382963e-01;1.5750000e+02;1.4854050e-01;1.5750000e+02;9.8809406e-02;1.5750000e+02;5.5278670e-02;1.5750000e+02;8.2607120e-03;1.5750000e+02;-3.4169771e-02;1.5750000e+02;-7.9662554e-02;1.5750000e+02;-1.2217683e-01;1.5750000e+02;-6.4618945e-02;1.5750000e+02;-3.1034514e-02;1.5750000e+02;2.2351071e-02;1.5750000e+02;8.8510737e-02;1.5750000e+02;1.7575334e-01;1.5750000e+02;2.6043096e-01;1.5750000e+02;2.8690541e-01;1.5750000e+02;2.5489229e-01;1.5750000e+02;1.9561926e-01;1.5750000e+02;2.1863744e-01;1.5750000e+02;1.9382963e-01;1.5750000e+02;1.4854050e-01;1.5750000e+02;9.8809406e-02;1.5750000e+02;5.5278670e-02;1.5750000e+02;8.2607120e-03;1.5750000e+02;-3.4169771e-02;1.5750000e+02;-7.9662554e-02;1.5750000e+02;-1.2217683e-01;1.5750000e+02;-6.4618945e-02;1.5750000e+02;-3.1034514e-02;1.5750000e+02;2.2351071e-02;1.5750000e+02;8.8510737e-02;1.5750000e+02;1.7575334e-01;1.5750000e+02;2.6043096e-01;1.5750000e+02;2.8690541e-01;1.5750000e+02;2.5489229e-01;1.5750000e+02;1.9561926e-01;1.5750000e+02;2.1863744e-01;1.5750000e+02;1.9382963e-01;1.5750000e+02;1.4854050e-01;1.5750000e+02;9.8809406e-02;1.5750000e+02;5.5278670e-02;1.5750000e+02;8.2607120e-03;1.5750000e+02;-3.4169771e-02;1.5750000e+02;-7.9662554e-02;1.5750000e+02;-1.2217683e-01;1.5750000e+02;-6.4618945e-02;1.5750000e+02;-3.1034514e-02;1.5750000e+02;2.2351071e-02;1.5750000e+02;8.8510737e-02;1.5750000e+02;1.7575334e-01;1.5750000e+02;2.6043096e-01;1.5750000e+02;2.8690541e-01;1.5750000e+02;2.5489229e-01;1.5750000e+02;1.9561926e-01;1.5750000e+02;2.1863744e-01;1.5750000e+02;1.9382963e-01;1.5750000e+02;1.4854050e-01;1.5750000e+02;9.8809406e-02;1.5750000e+02;5.5278670e-02;1.5750000e+02;8.2607120e-03;1.5750000e+02;-3.4169771e-02;1.5750000e+02;-7.9662554e-02;1.5750000e+02;-1.2217683e-01;1.5750000e+02;-6.4618945e-02;1.5750000e+02;-3.1034514e-02;1.5750000e+02;2.2351071e-02;1.5750000e+02;8.8510737e-02;1.5750000e+02;1.7575334e-01;1.5750000e+02;2.6043096e-01;1.5750000e+02;2.8690541e-01;1.5750000e+02;2.5489229e-01;1.5750000e+02;1.9561926e-01;1.5750000e+02;2.1863744e-01;1.5750000e+02;1.9382963e-01;1.5750000e+02;1.4854050e-01;1.5750000e+02;9.8809406e-02;1.5750000e+02;5.5278670e-02;1.5750000e+02;8.2607120e-03;1.5750000e+02;-3.4169771e-02;1.5750000e+02;-7.9662554e-02;1.5750000e+02;-1.2217683e-01;1.5750000e+02;-6.4618945e-02;1.5750000e+02;-3.1034514e-02;1.5750000e+02;2.2351071e-02;1.5750000e+02;8.8510737e-02;1.5750000e+02;1.7575334e-01;1.5750000e+02;2.6043096e-01;1.5750000e+02;2.8690541e-01;1.5750000e+02;2.5489229e-01;1.5750000e+02;1.9561926e-01;1.5750000e+02;2.1863744e-01;1.5750000e+02;1.9382963e-01;1.5750000e+02;1.4854050e-01;1.5750000e+02;9.8809406e-02;1.5750000e+02;5.5278670e-02;1.5750000e+02;8.2607120e-03;1.5750000e+02;-3.4169771e-02;1.5750000e+02;-7.9662554e-02;1.5750000e+02;-1.2217683e-01;1.5750000e+02;-6.4618945e-02;1.5750000e+02;-3.1034514e-02;1.5750000e+02;2.2351071e-02;1.5750000e+02;8.8510737e-02;1.5750000e+02;1.7575334e-01;1.5750000e+02;2.6043096e-01;1.5750000e+02;2.8690541e-01;1.5750000e+02;2.5489229e-01;1.5750000e+02;1.9561926e-01;1.5750000e+02;2.1863744e-01;1.5750000e+02;1.9382963e-01;1.5750000e+02;1.4854050e-01;1.5750000e+02;9.8809406e-02;1.5750000e+02;5.5278670e-02;1.5750000e+02;8.2607120e-03;1.5750000e+02;-3.4169771e-02;1.5750000e+02;-7.9662554e-02;1.5750000e+02;-1.2217683e-01;1.5750000e+02;-6.4618945e-02;1.5750000e+02;-3.1034514e-02;1.5750000e+02;2.2351071e-02;1.5750000e+02;8.8510737e-02;1.5750000e+02;1.7575334e-01;1.5750000e+02;2.6043096e-01;1.5750000e+02;2.8690541e-01;1.5750000e+02;2.5489229e-01;1.5750000e+02;1.9561926e-01;1.5750000e+02;2.1863744e-01;1.5750000e+02;1.9382963e-01;1.5750000e+02;1.4854050e-01;1.5750000e+02;9.8809406e-02;1.5750000e+02;5.5278670e-02;1.5750000e+02;8.2607120e-03;1.5750000e+02;-3.4169771e-02;1.5750000e+02;-7.9662554e-02;1.5750000e+02;-1.2217683e-01;1.5750000e+02;-6.4618945e-02;1.5750000e+02;-3.1034514e-02;1.5750000e+02;2.2351071e-02;1.5750000e+02;8.8510737e-02;1.5750000e+02;1.7575334e-01;1.5750000e+02;2.6043096e-01;1.5750000e+02;2.8690541e-01;1.5750000e+02;2.5489229e-01;1.5750000e+02;1.9561926e-01;1.5750000e+02;2.1863744e-01;1.5750000e+02;1.9382963e-01;1.5750000e+02;1.4854050e-01;1.5750000e+02;9.8809406e-02;1.5750000e+02;5.5278670e-02;1.5750000e+02;8.2607120e-03;1.5750000e+02;-3.4169771e-02;1.5750000e+02;-7.9662554e-02;1.5750000e+02;-1.2217683e-01;1.5750000e+02;-6.4618945e-02;1.5750000e+02;-3.1034514e-02;1.5750000e+02;2.2351071e-02;1.5750000e+02;8.8510737e-02;1.5750000e+02;1.7575334e-01;1.5750000e+02;2.6043096e-01;1.5750000e+02;2.8690541e-01;1.5750000e+02;2.5489229e-01;1.5750000e+02;1.9561926e-01;1.5750000e+02;2.1863744e-01;1.5750000e+02;1.9382963e-01;1.5750000e+02;1.4854050e-01;1.5750000e+02;9.8809406e-02;1.5750000e+02;5.5278670e-02;1.5750000e+02;8.2607120e-03;1.5750000e+02;-3.4169771e-02;1.5750000e+02;-7.9662554e-02;1.5750000e+02;-1.2217683e-01;1.5750000e+02;-6.4618945e-02;1.5750000e+02;-3.1034514e-02;1.5750000e+02;2.2351071e-02;1.5750000e+02;8.8510737e-02;1.5750000e+02;1.7575334e-01;1.5750000e+02;2.6043096e-01;1.5750000e+02;2.8690541e-01;1.5750000e+02;2.5489229e-01;1.5750000e+02;1.9561926e-01;1.5750000e+02;2.1863744e-01;1.5750000e+02;1.9382963e-01;1.5750000e+02;1.4854050e-01;1.5750000e+02;9.8809406e-02;1.5750000e+02;5.5278670e-02;1.5750000e+02;8.2607120e-03;1.5750000e+02;-3.4169771e-02;1.5750000e+02;-7.9662554e-02;1.5750000e+02;-1.2217683e-01;1.5750000e+02;-6.4618945e-02;1.5750000e+02;-3.1034514e-02;1.5750000e+02;2.2351071e-02;1.5750000e+02;8.8510737e-02;1.5750000e+02;1.7575334e-01;1.5750000e+02;2.6043096e-01;1.5750000e+02;2.8690541e-01;1.5750000e+02;2.5489229e-01;1.5750000e+02;1.9561926e-01;1.5750000e+02;2.1863744e-01;1.5750000e+02;1.9382963e-01;1.5750000e+02;1.4854050e-01;1.5750000e+02;9.8809406e-02;1.5750000e+02;5.5278670e-02;1.5750000e+02;8.2607120e-03;1.5750000e+02;-3.4169771e-02;1.5750000e+02;-7.9662554e-02;1.5750000e+02;-1.2217683e-01;1.5750000e+02;-6.4618945e-02;1.5750000e+02;-3.1034514e-02;1.5750000e+02;2.2351071e-02;1.5750000e+02;8.8510737e-02;1.5750000e+02;1.7575334e-01;1.5750000e+02;2.6043096e-01;1.5750000e+02;2.8690541e-01;1.5750000e+02;2.5489229e-01;1.5750000e+02;1.9561926e-01;1.5750000e+02;2.1863744e-01;1.5750000e+02;1.9382963e-01;1.5750000e+02;1.4854050e-01;1.5750000e+02;9.8809406e-02;1.5750000e+02;5.5278670e-02;1.5750000e+02;8.2607120e-03;1.5750000e+02;-3.4169771e-02;1.5750000e+02;-7.9662554e-02;1.5750000e+02;-1.2217683e-01;1.5750000e+02;-6.4618945e-02;1.5750000e+02;-3.1034514e-02;1.5750000e+02;2.2351071e-02;1.5750000e+02;8.8510737e-02;1.5750000e+02;1.7575334e-01;1.5750000e+02;2.6043096e-01;1.5750000e+02;2.8690541e-01;1.5750000e+02;2.5489229e-01;1.5750000e+02;1.9561926e-01;1.5750000e+02;2.1863744e-01;1.5750000e+02;1.9382963e-01;1.5750000e+02;1.4854050e-01;1.5750000e+02;9.8809406e-02;1.5750000e+02;5.5278670e-02;1.5750000e+02;8.2607120e-03;1.5750000e+02;-3.4169771e-02;1.5750000e+02;-7.9662554e-02;1.5750000e+02;-1.2217683e-01;1.5750000e+02;-6.4618945e-02;1.5750000e+02;-3.1034514e-02;1.5750000e+02;2.2351071e-02;1.5750000e+02;8.8510737e-02;1.5750000e+02;1.7575334e-01;1.5750000e+02;2.6043096e-01;1.5750000e+02;2.8690541e-01;1.5750000e+02;2.5489229e-01;1.5750000e+02;1.9561926e-01;1.5750000e+02;2.1863744e-01;1.5750000e+02;1.9382963e-01;1.5750000e+02;1.4854050e-01;1.5750000e+02;9.8809406e-02;1.5750000e+02;5.5278670e-02;1.5750000e+02;8.2607120e-03;1.5750000e+02;-3.4169771e-02;1.5750000e+02;-7.9662554e-02;1.5750000e+02;-1.2217683e-01;1.5750000e+02;-6.4618945e-02;1.5750000e+02;-3.1034514e-02;1.5750000e+02;2.2351071e-02;1.5750000e+02;8.8510737e-02;1.5750000e+02;1.7575334e-01;1.5750000e+02;2.6043096e-01;1.5750000e+02;2.8690541e-01;1.5750000e+02;2.5489229e-01;1.5750000e+02;1.9561926e-01;1.5750000e+02;2.1863744e-01;1.5750000e+02;1.9382963e-01;1.5750000e+02;1.4854050e-01;1.5750000e+02;9.8809406e-02;1.5750000e+02;5.5278670e-02;1.5750000e+02;8.2607120e-03;1.5750000e+02;-3.4169771e-02;1.5750000e+02;-7.9662554e-02;1.5750000e+02;-1.2217683e-01;1.5750000e+02;-6.4618945e-02;1.5750000e+02;-3.1034514e-02;1.5750000e+02;2.2351071e-02;1.5750000e+02;8.8510737e-02;1.5750000e+02;1.7575334e-01;1.5750000e+02;2.6043096e-01;1.5750000e+02;2.8690541e-01;1.5750000e+02;2.5489229e-01;1.5750000e+02;1.9561926e-01;1.5750000e+02;2.1863744e-01;1.5750000e+02;1.9382963e-01;1.5750000e+02;1.4854050e-01;1.5750000e+02;9.8809406e-02;1.5750000e+02;5.5278670e-02;1.5750000e+02;8.2607120e-03;1.5750000e+02;-3.4169771e-02;1.5750000e+02;-7.9662554e-02;1.5750000e+02;-1.2217683e-01;1.5750000e+02;-6.4618945e-02;1.5750000e+02;-3.1034514e-02;1.5750000e+02;2.2351071e-02;1.5750000e+02;8.8510737e-02;1.5750000e+02;1.7575334e-01;1.5750000e+02;2.6043096e-01;1.5750000e+02;2.8690541e-01;1.5750000e+02;2.5489229e-01;1.5750000e+02;1.9561926e-01;1.5750000e+02;2.1863744e-01;1.5750000e+02;1.9382963e-01;1.5750000e+02;1.4854050e-01;1.5750000e+02;9.8809406e-02;1.5750000e+02;5.5278670e-02;1.5750000e+02;8.2607120e-03;1.5750000e+02;-3.4169771e-02;1.5750000e+02;-7.9662554e-02;1.5750000e+02;-1.2217683e-01;1.5750000e+02;-6.4618945e-02;1.5750000e+02;-3.1034514e-02;1.5750000e+02;2.2351071e-02;1.5750000e+02;8.8510737e-02;1.5750000e+02;1.7575334e-01;1.5750000e+02;2.6043096e-01;1.5750000e+02;2.8690541e-01;1.5750000e+02;2.5489229e-01;1.5750000e+02;1.9561926e-01;1.5750000e+02;2.1863744e-01;1.5750000e+02;1.9382963e-01;1.5750000e+02;1.4854050e-01;1.5750000e+02;9.8809406e-02;1.5750000e+02;5.5278670e-02;1.5750000e+02;8.2607120e-03;1.5750000e+02;-3.4169771e-02;1.5750000e+02;-7.9662554e-02;1.5750000e+02;-1.2217683e-01;1.5750000e+02;-6.4618945e-02;1.5750000e+02;-3.1034514e-02;1.5750000e+02;2.2351071e-02;1.5750000e+02;8.8510737e-02;1.5750000e+02;1.7575334e-01;1.5750000e+02;2.6043096e-01;1.5750000e+02;2.8690541e-01;1.5750000e+02;2.5489229e-01;1.5750000e+02;1.9561926e-01;1.5750000e+02;2.1863744e-01;1.5750000e+02;1.9382963e-01;1.5750000e+02;1.4854050e-01;1.5750000e+02;9.8809406e-02;1.5750000e+02;5.5278670e-02;1.5750000e+02;8.2607120e-03;1.5750000e+02;-3.4169771e-02;1.5750000e+02;-7.9662554e-02;1.5750000e+02;-1.2217683e-01;1.5750000e+02;-6.4618945e-02;1.5750000e+02;-3.1034514e-02;1.5750000e+02;2.2351071e-02;1.5750000e+02;8.8510737e-02;1.5750000e+02;1.7575334e-01;1.5750000e+02;2.6043096e-01;1.5750000e+02;2.8690541e-01;1.5750000e+02;2.5489229e-01;1.5750000e+02;1.9561926e-01;1.5750000e+02;2.1863744e-01;1.5750000e+02;1.9382963e-01;1.5750000e+02;1.4854050e-01;1.5750000e+02;9.8809406e-02;1.5750000e+02;5.5278670e-02;1.5750000e+02;8.2607120e-03;1.5750000e+02;-3.4169771e-02;1.5750000e+02;-7.9662554e-02;1.5750000e+02;-1.2217683e-01;1.5750000e+02;-6.4618945e-02;1.5750000e+02;-3.1034514e-02;1.5750000e+02;2.2351071e-02;1.5750000e+02;8.8510737e-02;1.5750000e+02;1.7575334e-01;1.5750000e+02;2.6043096e-01;1.5750000e+02;2.8690541e-01;1.5750000e+02;2.5489229e-01;1.5750000e+02;1.9561926e-01;1.5750000e+02;2.1863744e-01;1.5750000e+02;1.9382963e-01;1.5750000e+02;1.4854050e-01;1.5750000e+02;9.8809406e-02;1.5750000e+02;5.5278670e-02;1.5750000e+02;8.2607120e-03;1.5750000e+02;-3.4169771e-02;1.5750000e+02;-7.9662554e-02;1.5750000e+02;-1.2217683e-01;1.5750000e+02;-6.4618945e-02;1.5750000e+02;-3.1034514e-02;1.5750000e+02;2.2351071e-02;1.5750000e+02;8.8510737e-02;1.5750000e+02;1.7575334e-01;1.5750000e+02;2.6043096e-01;1.5750000e+02;2.8690541e-01;1.5750000e+02;2.5489229e-01;1.5750000e+02;1.9561926e-01;1.5750000e+02;2.1863744e-01;1.5750000e+02;1.9382963e-01;1.5750000e+02;1.4854050e-01;1.5750000e+02;9.8809406e-02;1.5750000e+02;5.5278670e-02;1.5750000e+02;8.2607120e-03;1.5750000e+02;-3.4169771e-02;1.5750000e+02;-7.9662554e-02;1.5750000e+02;-1.2217683e-01;1.5750000e+02;-6.4618945e-02;1.5750000e+02;-3.1034514e-02;1.5750000e+02;2.2351071e-02;1.5750000e+02;8.8510737e-02;1.5750000e+02;1.7575334e-01;1.5750000e+02;2.6043096e-01;1.5750000e+02;2.8690541e-01;1.5750000e+02;2.5489229e-01;1.5750000e+02;1.9561926e-01;1.5750000e+02;2.1863744e-01;1.5750000e+02;1.9382963e-01;1.5750000e+02;1.4854050e-01;1.5750000e+02;9.8809406e-02;1.5750000e+02;5.5278670e-02;1.5750000e+02;8.2607120e-03;1.5750000e+02;-3.4169771e-02;1.5750000e+02;-7.9662554e-02;1.5750000e+02;-1.2217683e-01;1.5750000e+02;-6.4618945e-02;1.5750000e+02;-3.1034514e-02;1.5750000e+02;2.2351071e-02;1.5750000e+02;8.8510737e-02;1.5750000e+02;1.7575334e-01;1.5750000e+02;2.6043096e-01;1.5750000e+02;2.8690541e-01;1.5750000e+02;2.5489229e-01;1.5750000e+02;1.9561926e-01;1.5750000e+02;2.1863744e-01;1.5750000e+02;1.9382963e-01;1.5750000e+02;1.4854050e-01;1.5750000e+02;9.8809406e-02;1.5750000e+02;5.5278670e-02;1.5750000e+02;8.2607120e-03;1.5750000e+02;-3.4169771e-02;1.5750000e+02;-7.9662554e-02;1.5750000e+02;-1.2217683e-01;1.5750000e+02;-6.4618945e-02;1.5750000e+02;-3.1034514e-02;1.5750000e+02;2.2351071e-02;1.5750000e+02;8.8510737e-02;1.5750000e+02;1.7575334e-01;1.5750000e+02;2.6043096e-01;1.5750000e+02;2.8690541e-01;1.5750000e+02;2.5489229e-01;1.5750000e+02;1.9561926e-01;1.5750000e+02;2.1863744e-01;1.5750000e+02;1.9382963e-01;1.5750000e+02;1.4854050e-01;1.5750000e+02;9.8809406e-02;1.5750000e+02;5.5278670e-02;1.5750000e+02;8.2607120e-03;1.5750000e+02;-3.4169771e-02;1.5750000e+02;-7.9662554e-02;1.5750000e+02;-1.2217683e-01;1.5750000e+02;-6.4618945e-02;1.5750000e+02;-3.1034514e-02;1.5750000e+02;2.2351071e-02;1.5750000e+02;8.8510737e-02;1.5750000e+02;1.7575334e-01;1.5750000e+02;2.6043096e-01;1.5750000e+02;2.8690541e-01;1.5750000e+02;2.5489229e-01;1.5750000e+02;1.9561926e-01;1.5750000e+02;2.1863744e-01;1.5750000e+02;1.9382963e-01;1.5750000e+02;1.4854050e-01;1.5750000e+02;9.8809406e-02;1.5750000e+02;5.5278670e-02;1.5750000e+02;8.2607120e-03;1.5750000e+02;-3.4169771e-02;1.5750000e+02;-7.9662554e-02;1.5750000e+02;-1.2217683e-01;1.5750000e+02;-6.4618945e-02;1.5750000e+02;-3.1034514e-02;1.5750000e+02;2.2351071e-02;1.5750000e+02;8.8510737e-02;1.5750000e+02;1.7575334e-01;1.5750000e+02;2.6043096e-01;1.5750000e+02;2.8690541e-01;1.5750000e+02;2.5489229e-01;1.5750000e+02;1.9561926e-01;1.5750000e+02;2.1863744e-01;1.5750000e+02;1.9382963e-01;1.5750000e+02;1.4854050e-01;1.5750000e+02;9.8809406e-02;1.5750000e+02;5.5278670e-02;1.5750000e+02;8.2607120e-03;1.5750000e+02;-3.4169771e-02;1.5750000e+02;-7.9662554e-02;1.5750000e+02;-1.2217683e-01;1.5750000e+02;-6.4618945e-02;1.5750000e+02;-3.1034514e-02;1.5750000e+02;2.2351071e-02;1.5750000e+02;8.8510737e-02;1.5750000e+02;1.7575334e-01;1.5750000e+02;2.6043096e-01;1.5750000e+02;2.8690541e-01;1.5750000e+02;2.5489229e-01;1.5750000e+02;1.9561926e-01;1.5750000e+02;2.1863744e-01;1.5750000e+02;1.9382963e-01;1.5750000e+02;1.4854050e-01;1.5750000e+02;9.8809406e-02;1.5750000e+02;5.5278670e-02;1.5750000e+02;8.2607120e-03;1.5750000e+02;-3.4169771e-02;1.5750000e+02;-7.9662554e-02;1.5750000e+02;-1.2217683e-01;1.5750000e+02;-6.4618945e-02;1.5750000e+02;-3.1034514e-02;1.5750000e+02;2.2351071e-02;1.5750000e+02;8.8510737e-02;1.5750000e+02;1.7575334e-01;1.5750000e+02;2.6043096e-01;1.5750000e+02;2.8690541e-01;1.5750000e+02;2.5489229e-01;1.5750000e+02;1.9561926e-01;1.5750000e+02;2.1863744e-01;1.5750000e+02;1.9382963e-01;1.5750000e+02;1.4854050e-01;1.5750000e+02;9.8809406e-02;1.5750000e+02;5.5278670e-02;1.5750000e+02;8.2607120e-03;1.5750000e+02;-3.4169771e-02;1.5750000e+02;-7.9662554e-02;1.5750000e+02;-1.2217683e-01;1.5750000e+02;-6.4618945e-02;1.5750000e+02;-3.1034514e-02;1.5750000e+02;2.2351071e-02;1.5750000e+02;8.8510737e-02;1.5750000e+02;1.7575334e-01;1.5750000e+02;2.6043096e-01;1.5750000e+02;2.8690541e-01;1.5750000e+02;2.5489229e-01;1.5750000e+02;1.9561926e-01;1.5750000e+02;2.1863744e-01;1.5750000e+02;1.9382963e-01;1.5750000e+02;1.4854050e-01;1.5750000e+02;9.8809406e-02;1.5750000e+02;5.5278670e-02;1.5750000e+02;8.2607120e-03;1.5750000e+02;-3.4169771e-02;1.5750000e+02;-7.9662554e-02;1.5750000e+02;-1.2217683e-01;1.5750000e+02;-6.4618945e-02;1.5750000e+02;-3.1034514e-02;1.5750000e+02;2.2351071e-02;1.5750000e+02;8.8510737e-02;1.5750000e+02;1.7575334e-01;1.5750000e+02;2.6043096e-01;1.5750000e+02;2.8690541e-01;1.5750000e+02;2.5489229e-01;1.5750000e+02;1.9561926e-01;1.5750000e+02;2.1863744e-01;1.5750000e+02;1.9382963e-01;1.5750000e+02;1.4854050e-01;1.5750000e+02;9.8809406e-02;1.5750000e+02;5.5278670e-02;1.5750000e+02;8.2607120e-03;1.5750000e+02;-3.4169771e-02;1.5750000e+02;-7.9662554e-02;1.5750000e+02;-1.2217683e-01;1.5750000e+02;-6.4618945e-02;1.5750000e+02;-3.1034514e-02;1.5750000e+02;2.2351071e-02;1.5750000e+02;8.8510737e-02;1.5750000e+02;1.7575334e-01;1.5750000e+02;2.6043096e-01;1.5750000e+02;2.8690541e-01;1.5750000e+02;2.5489229e-01;1.5750000e+02;1.9561926e-01;1.5750000e+02;2.1863744e-01;1.5750000e+02;1.9382963e-01;1.5750000e+02;1.4854050e-01;1.5750000e+02;9.8809406e-02;1.5750000e+02;5.5278670e-02;1.5750000e+02;8.2607120e-03;1.5750000e+02;-3.4169771e-02;1.5750000e+02;-7.9662554e-02;1.5750000e+02;-1.2217683e-01;1.5750000e+02;-6.4618945e-02;1.5750000e+02;-3.1034514e-02;1.5750000e+02;2.2351071e-02;1.5750000e+02;8.8510737e-02;1.5750000e+02;1.7575334e-01;1.5750000e+02;2.6043096e-01;1.5750000e+02;2.8690541e-01;1.5750000e+02;2.5489229e-01;1.5750000e+02;1.9561926e-01;1.5750000e+02;2.1863744e-01;1.5750000e+02;1.9382963e-01;1.5750000e+02;1.4854050e-01;1.5750000e+02;9.8809406e-02;1.5750000e+02;5.5278670e-02;1.5750000e+02;8.2607120e-03;1.5750000e+02;-3.4169771e-02;1.5750000e+02;-7.9662554e-02;1.5750000e+02;-1.2217683e-01;1.5750000e+02;-6.4618945e-02;1.5750000e+02;-3.1034514e-02;1.5750000e+02;2.2351071e-02;1.5750000e+02;8.8510737e-02;1.5750000e+02;1.7575334e-01;1.5750000e+02;2.6043096e-01;1.5750000e+02;2.8690541e-01;1.5750000e+02;2.5489229e-01;1.5750000e+02;1.9561926e-01;1.5750000e+02;2.1863744e-01;1.5750000e+02;1.9382963e-01;1.5750000e+02;1.4854050e-01;1.5750000e+02;9.8809406e-02;1.5750000e+02;5.5278670e-02;1.5750000e+02;8.2607120e-03;1.5750000e+02;-3.4169771e-02;1.5750000e+02;-7.9662554e-02;1.5750000e+02;-1.2217683e-01;1.5750000e+02;-6.4618945e-02;1.5750000e+02;-3.1034514e-02;1.5750000e+02;2.2351071e-02;1.5750000e+02;8.8510737e-02;1.5750000e+02;1.7575334e-01;1.5750000e+02;2.6043096e-01;1.5750000e+02;2.8690541e-01;1.5750000e+02;2.5489229e-01;1.5750000e+02;1.9561926e-01;1.5750000e+02;2.1863744e-01;1.5750000e+02;1.9382963e-01;1.5750000e+02;1.4854050e-01;1.5750000e+02;9.8809406e-02;1.5750000e+02;5.5278670e-02;1.5750000e+02;8.2607120e-03;1.5750000e+02;-3.4169771e-02;1.5750000e+02;-7.9662554e-02;1.5750000e+02;-1.2217683e-01;1.5750000e+02;-6.4618945e-02;1.5750000e+02;-3.1034514e-02;1.5750000e+02;2.2351071e-02;1.5750000e+02;8.8510737e-02;1.5750000e+02;1.7575334e-01;1.5750000e+02;2.6043096e-01;1.5750000e+02;2.8690541e-01;1.5750000e+02;2.5489229e-01;1.5750000e+02;1.9561926e-01;1.5750000e+02;2.1863744e-01;1.5750000e+02;1.9382963e-01;1.5750000e+02;1.4854050e-01;1.5750000e+02;9.8809406e-02;1.5750000e+02;5.5278670e-02;1.5750000e+02;8.2607120e-03;1.5750000e+02;-3.4169771e-02;1.5750000e+02;-7.9662554e-02;1.5750000e+02;-1.2217683e-01;1.5750000e+02;-6.4618945e-02;1.5750000e+02;-3.1034514e-02;1.5750000e+02;2.2351071e-02;1.5750000e+02;8.8510737e-02;1.5750000e+02;1.7575334e-01;1.5750000e+02;2.6043096e-01;1.5750000e+02;2.8690541e-01;1.5750000e+02;2.5489229e-01;1.5750000e+02;1.9561926e-01;1.5750000e+02;2.1863744e-01;1.5750000e+02;1.9382963e-01;1.5750000e+02;1.4854050e-01;1.5750000e+02;9.8809406e-02;1.5750000e+02;5.5278670e-02;1.5750000e+02;8.2607120e-03;1.5750000e+02;-3.4169771e-02;1.5750000e+02;-7.9662554e-02;1.5750000e+02;-1.2217683e-01;1.5750000e+02;-6.4618945e-02;1.5750000e+02;-3.1034514e-02;1.5750000e+02;2.2351071e-02;1.5750000e+02;8.8510737e-02;1.5750000e+02;1.7575334e-01;1.5750000e+02;2.6043096e-01;1.5750000e+02;2.8690541e-01;1.5750000e+02;2.5489229e-01;1.5750000e+02;1.9561926e-01;1.5750000e+02;2.1863744e-01;1.5750000e+02;1.9382963e-01;1.5750000e+02;1.4854050e-01;1.5750000e+02;9.8809406e-02;1.5750000e+02;5.5278670e-02;1.5750000e+02;8.2607120e-03;1.5750000e+02;-3.4169771e-02;1.5750000e+02;-7.9662554e-02;1.5750000e+02;-1.2217683e-01;1.5750000e+02;-6.4618945e-02;1.5750000e+02;-3.1034514e-02;1.5750000e+02;2.2351071e-02;1.5750000e+02;8.8510737e-02;1.5750000e+02;1.7575334e-01;1.5750000e+02;2.6043096e-01;1.5750000e+02;2.8690541e-01;1.5750000e+02;2.5489229e-01;1.5750000e+02;1.9561926e-01;1.5750000e+02;2.1863744e-01;1.5750000e+02;1.9382963e-01;1.5750000e+02;1.4854050e-01;1.5750000e+02;9.8809406e-02;1.5750000e+02;5.5278670e-02;1.5750000e+02;8.2607120e-03;1.5750000e+02;-3.4169771e-02;1.5750000e+02;-7.9662554e-02;1.5750000e+02;-1.2217683e-01;1.5750000e+02;-6.4618945e-02;1.5750000e+02;-3.1034514e-02;1.5750000e+02;2.2351071e-02;1.5750000e+02;8.8510737e-02;1.5750000e+02;1.7575334e-01;1.5750000e+02;2.6043096e-01;1.5750000e+02;2.8690541e-01;1.5750000e+02;2.5489229e-01;1.5750000e+02;1.9561926e-01;1.5750000e+02;2.1863744e-01;1.5750000e+02;1.9382963e-01;1.5750000e+02;1.4854050e-01;1.5750000e+02;9.8809406e-02;1.5750000e+02;5.5278670e-02;1.5750000e+02;8.2607120e-03;1.5750000e+02;-3.4169771e-02;1.5750000e+02;-7.9662554e-02;1.5750000e+02;-1.2217683e-01;1.5750000e+02;-6.4618945e-02;1.5750000e+02;-3.1034514e-02;1.5750000e+02;2.2351071e-02;1.5750000e+02;8.8510737e-02;1.5750000e+02;1.7575334e-01;1.5750000e+02;2.6043096e-01;1.5750000e+02;2.8690541e-01;1.5750000e+02;2.5489229e-01;1.5750000e+02;1.9561926e-01;1.5750000e+02;2.1863744e-01;1.5750000e+02;1.9382963e-01;1.5750000e+02;1.4854050e-01;1.5750000e+02;9.8809406e-02;1.5750000e+02;5.5278670e-02;1.5750000e+02;8.2607120e-03;1.5750000e+02;-3.4169771e-02;1.5750000e+02;-7.9662554e-02;1.5750000e+02;-1.2217683e-01;1.5750000e+02;-6.4618945e-02;1.5750000e+02;-3.1034514e-02;1.5750000e+02;2.2351071e-02;1.5750000e+02;8.8510737e-02;1.5750000e+02;1.7575334e-01;1.5750000e+02;2.6043096e-01;1.5750000e+02;2.8690541e-01;1.5750000e+02;2.5489229e-01;1.5750000e+02;1.9561926e-01;1.5750000e+02;2.1863744e-01;1.5750000e+02;1.9382963e-01;1.5750000e+02;1.4854050e-01;1.5750000e+02;9.8809406e-02;1.5750000e+02;5.5278670e-02;1.5750000e+02;8.2607120e-03;1.5750000e+02;-3.4169771e-02;1.5750000e+02;-7.9662554e-02;1.5750000e+02;-1.2217683e-01;1.5750000e+02;-6.4618945e-02;1.5750000e+02;-3.1034514e-02;1.5750000e+02;2.2351071e-02;1.5750000e+02;8.8510737e-02;1.5750000e+02;1.7575334e-01;1.5750000e+02;2.6043096e-01;1.5750000e+02;2.8690541e-01;1.5750000e+02;2.5489229e-01;1.5750000e+02;1.9561926e-01;1.5750000e+02;2.1863744e-01;1.5750000e+02;1.9382963e-01;1.5750000e+02;1.4854050e-01;1.5750000e+02;9.8809406e-02;1.5750000e+02;5.5278670e-02;1.5750000e+02;8.2607120e-03;1.5750000e+02;-3.4169771e-02;1.5750000e+02;-7.9662554e-02;1.5750000e+02;-1.2217683e-01;1.5750000e+02;-6.4618945e-02;1.5750000e+02;-3.1034514e-02;1.5750000e+02;2.2351071e-02;1.5750000e+02;8.8510737e-02;1.5750000e+02;1.7575334e-01;1.5750000e+02;2.6043096e-01;1.5750000e+02;2.8690541e-01;1.5750000e+02;2.5489229e-01;1.5750000e+02;1.9561926e-01;1.5750000e+02;2.1863744e-01;1.5750000e+02;1.9382963e-01;1.5750000e+02;1.4854050e-01;1.5750000e+02;9.8809406e-02;1.5750000e+02;5.5278670e-02;1.5750000e+02;8.2607120e-03;1.5750000e+02;-3.4169771e-02;1.5750000e+02;-7.9662554e-02;1.5750000e+02;-1.2217683e-01;1.5750000e+02;-6.4618945e-02;1.5750000e+02;-3.1034514e-02;1.5750000e+02;2.2351071e-02;1.5750000e+02;8.8510737e-02;1.5750000e+02;1.7575334e-01;1.5750000e+02;2.6043096e-01;1.5750000e+02;2.8690541e-01;1.5750000e+02;2.5489229e-01;1.5750000e+02;1.9561926e-01;1.5750000e+02;2.1863744e-01;1.5750000e+02;1.9382963e-01;1.5750000e+02;1.4854050e-01;1.5750000e+02;9.8809406e-02;1.5750000e+02;5.5278670e-02;1.5750000e+02;8.2607120e-03;1.5750000e+02;-3.4169771e-02;1.5750000e+02;-7.9662554e-02;1.5750000e+02;-1.2217683e-01;1.5750000e+02;-6.4618945e-02;1.5750000e+02;-3.1034514e-02;1.5750000e+02;2.2351071e-02;1.5750000e+02;8.8510737e-02;1.5750000e+02;1.7575334e-01;1.5750000e+02;2.6043096e-01;1.5750000e+02;2.8690541e-01;1.5750000e+02;2.5489229e-01;1.5750000e+02;1.9561926e-01;1.5750000e+02;2.1863744e-01;1.5750000e+02;1.9382963e-01;1.5750000e+02;1.4854050e-01;1.5750000e+02;9.8809406e-02;1.5750000e+02;5.5278670e-02;1.5750000e+02;8.2607120e-03;1.5750000e+02;-3.4169771e-02;1.5750000e+02;-7.9662554e-02;1.5750000e+02;-1.2217683e-01;1.5750000e+02;-6.4618945e-02;1.5750000e+02;-3.1034514e-02;1.5750000e+02;2.2351071e-02;1.5750000e+02;8.8510737e-02;1.5750000e+02;1.7575334e-01;1.5750000e+02;2.6043096e-01;1.5750000e+02;2.8690541e-01;1.5750000e+02;2.5489229e-01;1.5750000e+02;1.9561926e-01;1.5750000e+02;2.1863744e-01;1.5750000e+02;1.9382963e-01;1.5750000e+02;1.4854050e-01;1.5750000e+02;9.8809406e-02;1.5750000e+02;5.5278670e-02;1.5750000e+02;8.2607120e-03;1.5750000e+02;-3.4169771e-02;1.5750000e+02;-7.9662554e-02;1.5750000e+02;-1.2217683e-01;1.5750000e+02;-6.4618945e-02;1.5750000e+02;-3.1034514e-02;1.5750000e+02;2.2351071e-02;1.5750000e+02;8.8510737e-02;1.5750000e+02;1.7575334e-01;1.5750000e+02;2.6043096e-01;1.5750000e+02;2.8690541e-01;1.5750000e+02;2.5489229e-01;1.5750000e+02;1.9561926e-01;1.5750000e+02;2.1863744e-01;1.5750000e+02;1.9382963e-01;1.5750000e+02;1.4854050e-01;1.5750000e+02;9.8809406e-02;1.5750000e+02;5.5278670e-02;1.5750000e+02;8.2607120e-03;1.5750000e+02;-3.4169771e-02;1.5750000e+02;-7.9662554e-02;1.5750000e+02;-1.2217683e-01;1.5750000e+02;-6.4618945e-02;1.5750000e+02;-3.1034514e-02;1.5750000e+02;2.2351071e-02;1.5750000e+02;8.8510737e-02;1.5750000e+02;1.7575334e-01;1.5750000e+02;2.6043096e-01;1.5750000e+02;2.8690541e-01;1.5750000e+02;2.5489229e-01;1.5750000e+02;1.9561926e-01;1.5750000e+02;2.1863744e-01;1.5750000e+02;1.9382963e-01;1.5750000e+02;1.4854050e-01;1.5750000e+02;9.8809406e-02;1.5750000e+02;5.5278670e-02;1.5750000e+02;8.2607120e-03;1.5750000e+02;-3.4169771e-02;1.5750000e+02;-7.9662554e-02;1.5750000e+02;-1.2217683e-01;1.5750000e+02;-6.4618945e-02;1.5750000e+02;-3.1034514e-02;1.5750000e+02;2.2351071e-02;1.5750000e+02;8.8510737e-02;1.5750000e+02;1.7575334e-01;1.5750000e+02;2.6043096e-01;1.5750000e+02;2.8690541e-01;1.5750000e+02;2.5489229e-01;1.5750000e+02;1.9561926e-01;1.5750000e+02;2.1863744e-01;1.5750000e+02;1.9382963e-01;1.5750000e+02;1.4854050e-01;1.5750000e+02;9.8809406e-02;1.5750000e+02;5.5278670e-02;1.5750000e+02;8.2607120e-03;1.5750000e+02;-3.4169771e-02;1.5750000e+02;-7.9662554e-02;1.5750000e+02;-1.2217683e-01;1.5750000e+02;-6.4618945e-02;1.5750000e+02;-3.1034514e-02;1.5750000e+02;2.2351071e-02;1.5750000e+02;8.8510737e-02;1.5750000e+02;1.7575334e-01;1.5750000e+02;2.6043096e-01;1.5750000e+02;2.8690541e-01;1.5750000e+02;2.5489229e-01;1.5750000e+02;1.9561926e-01;1.5750000e+02;2.1863744e-01;1.5750000e+02;1.9382963e-01;1.5750000e+02;1.4854050e-01;1.5750000e+02;9.8809406e-02;1.5750000e+02;5.5278670e-02;1.5750000e+02;8.2607120e-03;1.5750000e+02;-3.4169771e-02;1.5750000e+02;-7.9662554e-02;1.5750000e+02;-1.2217683e-01;1.5750000e+02;-6.4618945e-02;1.5750000e+02;-3.1034514e-02;1.5750000e+02;2.2351071e-02;1.5750000e+02;8.8510737e-02;1.5750000e+02;1.7575334e-01;1.5750000e+02;2.6043096e-01;1.5750000e+02;2.8690541e-01;1.5750000e+02;2.5489229e-01;1.5750000e+02;1.9561926e-01;1.5750000e+02;2.1863744e-01;1.5750000e+02;1.9382963e-01;1.5750000e+02;1.4854050e-01;1.5750000e+02;9.8809406e-02;1.5750000e+02;5.5278670e-02;1.5750000e+02;8.2607120e-03;1.5750000e+02;-3.4169771e-02;1.5750000e+02;-7.9662554e-02;1.5750000e+02;-1.2217683e-01;1.5750000e+02;-6.4618945e-02;1.5750000e+02;-3.1034514e-02;1.5750000e+02;2.2351071e-02;1.5750000e+02;8.8510737e-02;1.5750000e+02;1.7575334e-01;1.5750000e+02;2.6043096e-01;1.5750000e+02;2.8690541e-01;1.5750000e+02;2.5489229e-01;1.5750000e+02;1.9561926e-01;1.5750000e+02;2.1863744e-01;1.5750000e+02;1.9382963e-01;1.5750000e+02;1.4854050e-01;1.5750000e+02;9.8809406e-02;1.5750000e+02;5.5278670e-02;1.5750000e+02;8.2607120e-03;1.5750000e+02;-3.4169771e-02;1.5750000e+02;-7.9662554e-02;1.5750000e+02;-1.2217683e-01;1.5750000e+02;-6.4618945e-02;1.5750000e+02;-3.1034514e-02;1.5750000e+02;2.2351071e-02;1.5750000e+02;8.8510737e-02;1.5750000e+02;1.7575334e-01;1.5750000e+02;2.6043096e-01;1.5750000e+02;2.8690541e-01;1.5750000e+02;2.5489229e-01;1.5750000e+02;1.9561926e-01;1.5750000e+02;2.1863744e-01;1.5750000e+02;1.9382963e-01;1.5750000e+02;1.4854050e-01;1.5750000e+02;9.8809406e-02;1.5750000e+02;5.5278670e-02;1.5750000e+02;8.2607120e-03;1.5750000e+02;-3.4169771e-02;1.5750000e+02;-7.9662554e-02;1.5750000e+02;-1.2217683e-01;1.5750000e+02;-6.4618945e-02;1.5750000e+02;-3.1034514e-02;1.5750000e+02;2.2351071e-02;1.5750000e+02;8.8510737e-02;1.5750000e+02;1.7575334e-01;1.5750000e+02;2.6043096e-01;1.5750000e+02;2.8690541e-01;1.5750000e+02;2.5489229e-01;1.5750000e+02;1.9561926e-01;1.5750000e+02;2.1863744e-01;1.5750000e+02;1.9382963e-01;1.5750000e+02;1.4854050e-01;1.5750000e+02;9.8809406e-02;1.5750000e+02;5.5278670e-02;1.5750000e+02;8.2607120e-03;1.5750000e+02;-3.4169771e-02;1.5750000e+02;-7.9662554e-02;1.5750000e+02;-1.2217683e-01;1.5750000e+02;-6.4618945e-02;1.5750000e+02;-3.1034514e-02;1.5750000e+02;2.2351071e-02;1.5750000e+02;8.8510737e-02;1.5750000e+02;1.7575334e-01;1.5750000e+02;2.6043096e-01;1.5750000e+02;2.8690541e-01;1.5750000e+02;2.5489229e-01;1.5750000e+02;1.9561926e-01;1.5750000e+02;2.1863744e-01;1.5750000e+02;1.9382963e-01;1.5750000e+02;1.4854050e-01;1.5750000e+02;9.8809406e-02;1.5750000e+02;5.5278670e-02;1.5750000e+02;8.2607120e-03;1.5750000e+02;-3.4169771e-02;1.5750000e+02;-7.9662554e-02;1.5750000e+02;-1.2217683e-01;1.5750000e+02;-6.4618945e-02;1.5750000e+02;-3.1034514e-02;1.5750000e+02;2.2351071e-02;1.5750000e+02;8.8510737e-02;1.5750000e+02;1.7575334e-01;1.5750000e+02;2.6043096e-01;1.5750000e+02;2.8690541e-01;1.5750000e+02;2.5489229e-01;1.5750000e+02;1.9561926e-01;1.5750000e+02;2.1863744e-01;1.5750000e+02;1.9382963e-01;1.5750000e+02;1.4854050e-01;1.5750000e+02;9.8809406e-02;1.5750000e+02;5.5278670e-02;1.5750000e+02;8.2607120e-03;1.5750000e+02;-3.4169771e-02;1.5750000e+02;-7.9662554e-02;1.5750000e+02;-1.2217683e-01;1.5750000e+02;-6.4618945e-02;1.5750000e+02;-3.1034514e-02;1.5750000e+02;2.2351071e-02;1.5750000e+02;8.8510737e-02;1.5750000e+02;1.7575334e-01;1.5750000e+02;2.6043096e-01;1.5750000e+02;2.8690541e-01;1.5750000e+02;2.5489229e-01;1.5750000e+02;1.9561926e-01;1.5750000e+02;2.1863744e-01;1.5750000e+02;1.9382963e-01;1.5750000e+02;1.4854050e-01;1.5750000e+02;9.8809406e-02;1.5750000e+02;5.5278670e-02;1.5750000e+02;8.2607120e-03;1.5750000e+02;-3.4169771e-02;1.5750000e+02;-7.9662554e-02;1.5750000e+02;-1.2217683e-01;1.5750000e+02;-6.4618945e-02;1.5750000e+02;-3.1034514e-02;1.5750000e+02;2.2351071e-02;1.5750000e+02;8.8510737e-02;1.5750000e+02;1.7575334e-01;1.5750000e+02;2.6043096e-01;1.5750000e+02;2.8690541e-01;1.5750000e+02;2.5489229e-01;1.5750000e+02;1.9561926e-01;1.5750000e+02;2.1863744e-01;1.5750000e+02;1.9382963e-01;1.5750000e+02;1.4854050e-01;1.5750000e+02;9.8809406e-02;1.5750000e+02;5.5278670e-02;1.5750000e+02;8.2607120e-03;1.5750000e+02;-3.4169771e-02;1.5750000e+02;-7.9662554e-02;1.5750000e+02;-1.2217683e-01;1.5750000e+02;-6.4618945e-02;1.5750000e+02;-3.1034514e-02;1.5750000e+02;2.2351071e-02;1.5750000e+02;8.8510737e-02;1.5750000e+02;1.7575334e-01;1.5750000e+02;2.6043096e-01;1.5750000e+02;2.8690541e-01;1.5750000e+02;2.5489229e-01;1.5750000e+02;1.9561926e-01;1.5750000e+02;2.1863744e-01;1.5750000e+02;1.9382963e-01;1.5750000e+02;1.4854050e-01;1.5750000e+02;9.8809406e-02;1.5750000e+02;5.5278670e-02;1.5750000e+02;8.2607120e-03;1.5750000e+02;-3.4169771e-02;1.5750000e+02;-7.9662554e-02;1.5750000e+02;-1.2217683e-01;1.5750000e+02;-6.4618945e-02;1.5750000e+02;-3.1034514e-02;1.5750000e+02;2.2351071e-02;1.5750000e+02;8.8510737e-02;1.5750000e+02;1.7575334e-01;1.5750000e+02;2.6043096e-01;1.5750000e+02;2.8690541e-01;1.5750000e+02;2.5489229e-01;1.5750000e+02;1.9561926e-01;1.5750000e+02;2.1863744e-01;1.5750000e+02;1.9382963e-01;1.5750000e+02;1.4854050e-01;1.5750000e+02;9.8809406e-02;1.5750000e+02;5.5278670e-02;1.5750000e+02;8.2607120e-03;1.5750000e+02;-3.4169771e-02;1.5750000e+02;-7.9662554e-02;1.5750000e+02;-1.2217683e-01;1.5750000e+02;-6.4618945e-02;1.5750000e+02;-3.1034514e-02;1.5750000e+02;2.2351071e-02;1.5750000e+02;8.8510737e-02;1.5750000e+02;1.7575334e-01;1.5750000e+02;2.6043096e-01;1.5750000e+02;2.8690541e-01;1.5750000e+02;2.5489229e-01;1.5750000e+02;1.9561926e-01;1.5750000e+02;2.1863744e-01;1.5750000e+02;1.9382963e-01;1.5750000e+02;1.4854050e-01;1.5750000e+02;9.8809406e-02;1.5750000e+02;5.5278670e-02;1.5750000e+02;8.2607120e-03;1.5750000e+02;-3.4169771e-02;1.5750000e+02;-7.9662554e-02;1.5750000e+02;-1.2217683e-01;1.5750000e+02;-6.4618945e-02;1.5750000e+02;-3.1034514e-02;1.5750000e+02;2.2351071e-02;1.5750000e+02;8.8510737e-02;1.5750000e+02;1.7575334e-01;1.5750000e+02;2.6043096e-01;1.5750000e+02;2.8690541e-01;1.5750000e+02;2.5489229e-01;1.5750000e+02;1.9561926e-01;1.5750000e+02;2.1863744e-01;1.5750000e+02;1.9382963e-01;1.5750000e+02;1.4854050e-01;1.5750000e+02;9.8809406e-02;1.5750000e+02;5.5278670e-02;1.5750000e+02;8.2607120e-03;1.5750000e+02;-3.4169771e-02;1.5750000e+02;-7.9662554e-02;1.5750000e+02;-1.2217683e-01;1.5750000e+02;-6.4618945e-02;1.5750000e+02;-3.1034514e-02;1.5750000e+02;2.2351071e-02;1.5750000e+02;8.8510737e-02;1.5750000e+02;1.7575334e-01;1.5750000e+02;2.6043096e-01;1.5750000e+02;2.8690541e-01;1.5750000e+02;2.5489229e-01;1.5750000e+02;1.9561926e-01;1.5750000e+02;2.1863744e-01;1.5750000e+02;1.9382963e-01;1.5750000e+02;1.4854050e-01;1.5750000e+02;9.8809406e-02;1.5750000e+02;5.5278670e-02;1.5750000e+02;8.2607120e-03;1.5750000e+02;-3.4169771e-02;1.5750000e+02;-7.9662554e-02;1.5750000e+02;-1.2217683e-01;1.5750000e+02;-6.4618945e-02;1.5750000e+02;-3.1034514e-02;1.5750000e+02;2.2351071e-02;1.5750000e+02;8.8510737e-02;1.5750000e+02;1.7575334e-01;1.5750000e+02;2.6043096e-01;1.5750000e+02;2.8690541e-01;1.5750000e+02;2.5489229e-01;1.5750000e+02;1.9561926e-01;1.5750000e+02;2.1863744e-01;1.5750000e+02;1.9382963e-01;1.5750000e+02;1.4854050e-01;1.5750000e+02;9.8809406e-02;1.5750000e+02;5.5278670e-02;1.5750000e+02;8.2607120e-03;1.5750000e+02;-3.4169771e-02;1.5750000e+02;-7.9662554e-02;1.5750000e+02;-1.2217683e-01;1.5750000e+02;-6.4618945e-02;1.5750000e+02;-3.1034514e-02;1.5750000e+02;2.2351071e-02;1.5750000e+02;8.8510737e-02;1.5750000e+02;1.7575334e-01;1.5750000e+02;2.6043096e-01;1.5750000e+02;2.8690541e-01;1.5750000e+02;2.5489229e-01;1.5750000e+02;1.9561926e-01;1.5750000e+02;2.1863744e-01;1.5750000e+02;1.9382963e-01;1.5750000e+02;1.4854050e-01;1.5750000e+02;9.8809406e-02;1.5750000e+02;5.5278670e-02;1.5750000e+02;8.2607120e-03;1.5750000e+02;-3.4169771e-02;1.5750000e+02;-7.9662554e-02;1.5750000e+02;-1.2217683e-01;1.5750000e+02;-6.4618945e-02;1.5750000e+02;-3.1034514e-02;1.5750000e+02;2.2351071e-02;1.5750000e+02;8.8510737e-02;1.5750000e+02;1.7575334e-01;1.5750000e+02;2.6043096e-01;1.5750000e+02;2.8690541e-01;1.5750000e+02;2.5489229e-01;1.5750000e+02;1.9561926e-01;1.5750000e+02;2.1863744e-01;1.5750000e+02;1.9382963e-01;1.5750000e+02;1.4854050e-01;1.5750000e+02;9.8809406e-02;1.5750000e+02;5.5278670e-02;1.5750000e+02;8.2607120e-03;1.5750000e+02;-3.4169771e-02;1.5750000e+02;-7.9662554e-02;1.5750000e+02;-1.2217683e-01;1.5750000e+02;-6.4618945e-02;1.5750000e+02;-3.1034514e-02;1.5750000e+02;2.2351071e-02;1.5750000e+02;8.8510737e-02;1.5750000e+02;1.7575334e-01;1.5750000e+02;2.6043096e-01;1.5750000e+02;2.8690541e-01;1.5750000e+02;2.5489229e-01;1.5750000e+02;1.9561926e-01;1.5750000e+02;2.1863744e-01;1.5750000e+02;1.9382963e-01;1.5750000e+02;1.4854050e-01;1.5750000e+02;9.8809406e-02;1.5750000e+02;5.5278670e-02;1.5750000e+02;8.2607120e-03;1.5750000e+02;-3.4169771e-02;1.5750000e+02;-7.9662554e-02;1.5750000e+02;-1.2217683e-01;1.5750000e+02;-6.4618945e-02;1.5750000e+02;-3.1034514e-02;1.5750000e+02;2.2351071e-02;1.5750000e+02;8.8510737e-02;1.5750000e+02;1.7575334e-01;1.5750000e+02;2.6043096e-01;1.5750000e+02;2.8690541e-01;1.5750000e+02;2.5489229e-01;1.5750000e+02;1.9561926e-01;1.5750000e+02;2.1863744e-01;1.5750000e+02;1.9382963e-01;1.5750000e+02;1.4854050e-01;1.5750000e+02;9.8809406e-02;1.5750000e+02;5.5278670e-02;1.5750000e+02;8.2607120e-03;1.5750000e+02;-3.4169771e-02;1.5750000e+02;-7.9662554e-02;1.5750000e+02;-1.2217683e-01;1.5750000e+02;-6.4618945e-02;1.5750000e+02;-3.1034514e-02;1.5750000e+02;2.2351071e-02;1.5750000e+02;8.8510737e-02;1.5750000e+02;1.7575334e-01;1.5750000e+02;2.6043096e-01;1.5750000e+02;2.8690541e-01;1.5750000e+02;2.5489229e-01;1.5750000e+02;1.9561926e-01;1.5750000e+02;2.1863744e-01;1.5750000e+02;1.9382963e-01;1.5750000e+02;1.4854050e-01;1.5750000e+02;9.8809406e-02;1.5750000e+02;5.5278670e-02;1.5750000e+02;8.2607120e-03;1.5750000e+02;-3.4169771e-02;1.5750000e+02;-7.9662554e-02;1.5750000e+02;-1.2217683e-01;1.5750000e+02;-6.4618945e-02;1.5750000e+02;-3.1034514e-02;1.5750000e+02;2.2351071e-02;1.5750000e+02;8.8510737e-02;1.5750000e+02;1.7575334e-01;1.5750000e+02;2.6043096e-01;1.5750000e+02;2.8690541e-01;1.5750000e+02;2.5489229e-01;1.5750000e+02;1.9561926e-01;1.5750000e+02;2.1863744e-01;1.5750000e+02;1.9382963e-01;1.5750000e+02;1.4854050e-01;1.5750000e+02;9.8809406e-02;1.5750000e+02;5.5278670e-02;1.5750000e+02;8.2607120e-03;1.5750000e+02;-3.4169771e-02;1.5750000e+02;-7.9662554e-02;1.5750000e+02;-1.2217683e-01;1.5750000e+02;-6.4618945e-02;1.5750000e+02;-3.1034514e-02;1.5750000e+02;2.2351071e-02;1.5750000e+02;8.8510737e-02;1.5750000e+02;1.7575334e-01;1.5750000e+02;2.6043096e-01;1.5750000e+02;2.8690541e-01;1.5750000e+02;2.5489229e-01;1.5750000e+02;1.9561926e-01;1.5750000e+02;2.1863744e-01;1.5750000e+02;1.9382963e-01;1.5750000e+02;1.4854050e-01;1.5750000e+02;9.8809406e-02;1.5750000e+02;5.5278670e-02;1.5750000e+02;8.2607120e-03;1.5750000e+02;-3.4169771e-02;1.5750000e+02;-7.9662554e-02;1.5750000e+02;-1.2217683e-01;1.5750000e+02;-6.4618945e-02;1.5750000e+02;-3.1034514e-02;1.5750000e+02;2.2351071e-02;1.5750000e+02;8.8510737e-02;1.5750000e+02;1.7575334e-01;1.5750000e+02;2.6043096e-01;1.5750000e+02;2.8690541e-01;1.5750000e+02;2.5489229e-01;1.5750000e+02;1.9561926e-01;1.5750000e+02;2.1863744e-01;1.5750000e+02;1.9382963e-01;1.5750000e+02;1.4854050e-01;1.5750000e+02;9.8809406e-02;1.5750000e+02;5.5278670e-02;1.5750000e+02;8.2607120e-03;1.5750000e+02;-3.4169771e-02;1.5750000e+02;-7.9662554e-02;1.5750000e+02;-1.2217683e-01;1.5750000e+02;-6.4618945e-02;1.5750000e+02;-3.1034514e-02;1.5750000e+02;2.2351071e-02;1.5750000e+02;8.8510737e-02;1.5750000e+02;1.7575334e-01;1.5750000e+02;2.6043096e-01;1.5750000e+02;2.8690541e-01;1.5750000e+02;2.5489229e-01;1.5750000e+02;1.9561926e-01;1.5750000e+02;2.1863744e-01;1.5750000e+02;1.9382963e-01;1.5750000e+02;1.4854050e-01;1.5750000e+02;9.8809406e-02;1.5750000e+02;5.5278670e-02;1.5750000e+02;8.2607120e-03;1.5750000e+02;-3.4169771e-02;1.5750000e+02;-7.9662554e-02;1.5750000e+02;-1.2217683e-01;1.5750000e+02;-6.4618945e-02;1.5750000e+02;-3.1034514e-02;1.5750000e+02;2.2351071e-02;1.5750000e+02;8.8510737e-02;1.5750000e+02;1.7575334e-01;1.5750000e+02;2.6043096e-01;1.5750000e+02;2.8690541e-01;1.5750000e+02;2.5489229e-01;1.5750000e+02;1.9561926e-01;1.5750000e+02;2.1863744e-01;1.5750000e+02;1.9382963e-01;1.5750000e+02;1.4854050e-01;1.5750000e+02;9.8809406e-02;1.5750000e+02;5.5278670e-02;1.5750000e+02;8.2607120e-03;1.5750000e+02;-3.4169771e-02;1.5750000e+02;-7.9662554e-02;1.5750000e+02;-1.2217683e-01;1.5750000e+02;-6.4618945e-02;1.5750000e+02;-3.1034514e-02;1.5750000e+02;2.2351071e-02;1.5750000e+02;8.8510737e-02;1.5750000e+02;1.7575334e-01;1.5750000e+02;2.6043096e-01;1.5750000e+02;2.8690541e-01;1.5750000e+02;2.5489229e-01;1.5750000e+02;1.9561926e-01;1.5750000e+02;2.1863744e-01;1.5750000e+02;1.9382963e-01;1.5750000e+02;1.4854050e-01;1.5750000e+02;9.8809406e-02;1.5750000e+02;5.5278670e-02;1.5750000e+02;8.2607120e-03;1.5750000e+02;-3.4169771e-02;1.5750000e+02;-7.9662554e-02;1.5750000e+02;-1.2217683e-01;1.5750000e+02;-6.4618945e-02;1.5750000e+02;-3.1034514e-02;1.5750000e+02;2.2351071e-02;1.5750000e+02;8.8510737e-02;1.5750000e+02;1.7575334e-01;1.5750000e+02;2.6043096e-01;1.5750000e+02;2.8690541e-01;1.5750000e+02;2.5489229e-01;1.5750000e+02;1.9561926e-01;1.5750000e+02;2.1863744e-01;1.5750000e+02;1.9382963e-01;1.5750000e+02;1.4854050e-01;1.5750000e+02;9.8809406e-02;1.5750000e+02;5.5278670e-02;1.5750000e+02;8.2607120e-03;1.5750000e+02;-3.4169771e-02;1.5750000e+02;-7.9662554e-02;1.5750000e+02;-1.2217683e-01;1.5750000e+02;-6.4618945e-02;1.5750000e+02;-3.1034514e-02;1.5750000e+02;2.2351071e-02;1.5750000e+02;8.8510737e-02;1.5750000e+02;1.7575334e-01;1.5750000e+02;2.6043096e-01;1.5750000e+02;2.8690541e-01;1.5750000e+02;2.5489229e-01;1.5750000e+02;1.9561926e-01;1.5750000e+02;2.1863744e-01;1.5750000e+02;1.9382963e-01;1.5750000e+02;1.4854050e-01;1.5750000e+02;9.8809406e-02;1.5750000e+02;5.5278670e-02;1.5750000e+02;8.2607120e-03;1.5750000e+02;-3.4169771e-02;1.5750000e+02;-7.9662554e-02;1.5750000e+02;-1.2217683e-01;1.5750000e+02;-6.4618945e-02;1.5750000e+02;-3.1034514e-02;1.5750000e+02;2.2351071e-02;1.5750000e+02;8.8510737e-02;1.5750000e+02;1.7575334e-01;1.5750000e+02;2.6043096e-01;1.5750000e+02;2.8690541e-01;1.5750000e+02;2.5489229e-01;1.5750000e+02;1.9561926e-01;1.5750000e+02;2.1863744e-01;1.5750000e+02;1.9382963e-01;1.5750000e+02;1.4854050e-01;1.5750000e+02;9.8809406e-02;1.5750000e+02;5.5278670e-02;1.5750000e+02;8.2607120e-03;1.5750000e+02;-3.4169771e-02;1.5750000e+02;-7.9662554e-02;1.5750000e+02;-1.2217683e-01;1.5750000e+02;-6.4618945e-02;1.5750000e+02;-3.1034514e-02;1.5750000e+02;2.2351071e-02;1.5750000e+02;8.8510737e-02;1.5750000e+02;1.7575334e-01;1.5750000e+02;2.6043096e-01;1.5750000e+02;2.8690541e-01;1.5750000e+02;2.5489229e-01;1.5750000e+02;1.9561926e-01;1.5750000e+02;2.1863744e-01;1.5750000e+02;1.9382963e-01;1.5750000e+02;1.4854050e-01;1.5750000e+02;9.8809406e-02;1.5750000e+02;5.5278670e-02;1.5750000e+02;8.2607120e-03;1.5750000e+02;-3.4169771e-02;1.5750000e+02;-7.9662554e-02;1.5750000e+02;-1.2217683e-01;1.5750000e+02;-6.4618945e-02;1.5750000e+02;-3.1034514e-02;1.5750000e+02;2.2351071e-02;1.5750000e+02;8.8510737e-02;1.5750000e+02;1.7575334e-01;1.5750000e+02;2.6043096e-01;1.5750000e+02;2.8690541e-01;1.5750000e+02;2.5489229e-01;1.5750000e+02;1.9561926e-01;1.5750000e+02;2.1863744e-01;1.5750000e+02;1.9382963e-01;1.5750000e+02;1.4854050e-01;1.5750000e+02;9.8809406e-02;1.5750000e+02;5.5278670e-02;1.5750000e+02;8.2607120e-03;1.5750000e+02;-3.4169771e-02;1.5750000e+02;-7.9662554e-02;1.5750000e+02;-1.2217683e-01;1.5750000e+02;-6.4618945e-02;1.5750000e+02;-3.1034514e-02;1.5750000e+02;2.2351071e-02;1.5750000e+02;8.8510737e-02;1.5750000e+02;1.7575334e-01;1.5750000e+02;2.6043096e-01;1.5750000e+02;2.8690541e-01;1.5750000e+02;2.5489229e-01;1.5750000e+02;1.9561926e-01;1.5750000e+02;2.1863744e-01;1.5750000e+02;1.9382963e-01;1.5750000e+02;1.4854050e-01;1.5750000e+02;9.8809406e-02;1.5750000e+02;5.5278670e-02;1.5750000e+02;8.2607120e-03;1.5750000e+02;-3.4169771e-02;1.5750000e+02;-7.9662554e-02;1.5750000e+02;-1.2217683e-01;1.5750000e+02;-6.4618945e-02;1.5750000e+02;-3.1034514e-02;1.5750000e+02;2.2351071e-02;1.5750000e+02;8.8510737e-02;1.5750000e+02;1.7575334e-01;1.5750000e+02;2.6043096e-01;1.5750000e+02;2.8690541e-01;1.5750000e+02;2.5489229e-01;1.5750000e+02;1.9561926e-01;1.5750000e+02;2.1863744e-01;1.5750000e+02;1.9382963e-01;1.5750000e+02;1.4854050e-01;1.5750000e+02;9.8809406e-02;1.5750000e+02;5.5278670e-02;1.5750000e+02;8.2607120e-03;1.5750000e+02;-3.4169771e-02;1.5750000e+02;-7.9662554e-02;1.5750000e+02;-1.2217683e-01;1.5750000e+02;-6.4618945e-02;1.5750000e+02;-3.1034514e-02;1.5750000e+02;2.2351071e-02;1.5750000e+02;8.8510737e-02;1.5750000e+02;1.7575334e-01;1.5750000e+02;2.6043096e-01;1.5750000e+02;2.8690541e-01;1.5750000e+02;2.5489229e-01;1.5750000e+02;1.9561926e-01;1.5750000e+02;2.1863744e-01;1.5750000e+02;1.9382963e-01;1.5750000e+02;1.4854050e-01;1.5750000e+02;9.8809406e-02;1.5750000e+02;5.5278670e-02;1.5750000e+02;8.2607120e-03;1.5750000e+02;-3.4169771e-02;1.5750000e+02;-7.9662554e-02;1.5750000e+02;-1.2217683e-01;1.5750000e+02;-6.4618945e-02;1.5750000e+02;-3.1034514e-02;1.5750000e+02;2.2351071e-02;1.5750000e+02;8.8510737e-02;1.5750000e+02;1.7575334e-01;1.5750000e+02;2.6043096e-01;1.5750000e+02;2.8690541e-01;1.5750000e+02;2.5489229e-01;1.5750000e+02;1.9561926e-01;1.5750000e+02;2.1863744e-01;1.5750000e+02;1.9382963e-01;1.5750000e+02;1.4854050e-01;1.5750000e+02;9.8809406e-02;1.5750000e+02;5.5278670e-02;1.5750000e+02;8.2607120e-03;1.5750000e+02;-3.4169771e-02;1.5750000e+02;-7.9662554e-02;1.5750000e+02;-1.2217683e-01;1.5750000e+02;-6.4618945e-02;1.5750000e+02;-3.1034514e-02;1.5750000e+02;2.2351071e-02;1.5750000e+02;8.8510737e-02;1.5750000e+02;1.7575334e-01;1.5750000e+02;2.6043096e-01;1.5750000e+02;2.8690541e-01;1.5750000e+02;2.5489229e-01;1.5750000e+02;1.9561926e-01;1.5750000e+02;2.1863744e-01;1.5750000e+02;1.9382963e-01;1.5750000e+02;1.4854050e-01;1.5750000e+02;9.8809406e-02;1.5750000e+02;5.5278670e-02;1.5750000e+02;8.2607120e-03;1.5750000e+02;-3.4169771e-02;1.5750000e+02;-7.9662554e-02;1.5750000e+02;-1.2217683e-01;1.5750000e+02;-6.4618945e-02;1.5750000e+02;-3.1034514e-02;1.5750000e+02;2.2351071e-02;1.5750000e+02;8.8510737e-02;1.5750000e+02;1.7575334e-01;1.5750000e+02;2.6043096e-01;1.5750000e+02;2.8690541e-01;1.5750000e+02;2.5489229e-01;1.5750000e+02;1.9561926e-01;1.5750000e+02;2.1863744e-01;1.5750000e+02;1.9382963e-01;1.5750000e+02;1.4854050e-01;1.5750000e+02;9.8809406e-02;1.5750000e+02;5.5278670e-02;1.5750000e+02;8.2607120e-03;1.5750000e+02;-3.4169771e-02;1.5750000e+02;-7.9662554e-02;1.5750000e+02;-1.2217683e-01;1.5750000e+02;-6.4618945e-02;1.5750000e+02;-3.1034514e-02;1.5750000e+02;2.2351071e-02;1.5750000e+02;8.8510737e-02;1.5750000e+02;1.7575334e-01;1.5750000e+02;2.6043096e-01;1.5750000e+02;2.8690541e-01;1.5750000e+02;2.5489229e-01;1.5750000e+02;1.9561926e-01;1.5750000e+02;2.1863744e-01;1.5750000e+02;1.9382963e-01;1.5750000e+02;1.4854050e-01;1.5750000e+02;9.8809406e-02;1.5750000e+02;5.5278670e-02;1.5750000e+02;8.2607120e-03;1.5750000e+02;-3.4169771e-02;1.5750000e+02;-7.9662554e-02;1.5750000e+02;-1.2217683e-01;1.5750000e+02;-6.4618945e-02;1.5750000e+02;-3.1034514e-02;1.5750000e+02;2.2351071e-02;1.5750000e+02;8.8510737e-02;1.5750000e+02;1.7575334e-01;1.5750000e+02;2.6043096e-01;1.5750000e+02;2.8690541e-01;1.5750000e+02;2.5489229e-01;1.5750000e+02;1.9561926e-01;1.5750000e+02;2.1863744e-01;1.5750000e+02;1.9382963e-01;1.5750000e+02;1.4854050e-01;1.5750000e+02;9.8809406e-02;1.5750000e+02;5.5278670e-02;1.5750000e+02;8.2607120e-03;1.5750000e+02;-3.4169771e-02;1.5750000e+02;-7.9662554e-02;1.5750000e+02;-1.2217683e-01;1.5750000e+02;-6.4618945e-02;1.5750000e+02;-3.1034514e-02;1.5750000e+02;2.2351071e-02;1.5750000e+02;8.8510737e-02;1.5750000e+02;1.7575334e-01;1.5750000e+02;2.6043096e-01;1.5750000e+02;2.8690541e-01;1.5750000e+02;2.5489229e-01;1.5750000e+02;1.9561926e-01;1.5750000e+02;2.1863744e-01;1.5750000e+02;1.9382963e-01;1.5750000e+02;1.4854050e-01;1.5750000e+02;9.8809406e-02;1.5750000e+02;5.5278670e-02;1.5750000e+02;8.2607120e-03;1.5750000e+02;-3.4169771e-02;1.5750000e+02;-7.9662554e-02;1.5750000e+02;-1.2217683e-01;1.5750000e+02;-6.4618945e-02;1.5750000e+02;-3.1034514e-02;1.5750000e+02;2.2351071e-02;1.5750000e+02;8.8510737e-02;1.5750000e+02;1.7575334e-01;1.5750000e+02;2.6043096e-01;1.5750000e+02;2.8690541e-01;1.5750000e+02;2.5489229e-01;1.5750000e+02;1.9561926e-01;1.5750000e+02;2.1863744e-01;1.5750000e+02;1.9382963e-01;1.5750000e+02;1.4854050e-01;1.5750000e+02;9.8809406e-02;1.5750000e+02;5.5278670e-02;1.5750000e+02;8.2607120e-03;1.5750000e+02;-3.4169771e-02;1.5750000e+02;-7.9662554e-02;1.5750000e+02;-1.2217683e-01;1.5750000e+02;-6.4618945e-02;1.5750000e+02;-3.1034514e-02;1.5750000e+02;2.2351071e-02;1.5750000e+02;8.8510737e-02;1.5750000e+02;1.7575334e-01;1.5750000e+02;2.6043096e-01;1.5750000e+02;2.8690541e-01;1.5750000e+02;2.5489229e-01;1.5750000e+02;1.9561926e-01;1.5750000e+02;2.1863744e-01;1.5750000e+02;1.9382963e-01;1.5750000e+02;1.4854050e-01;1.5750000e+02;9.8809406e-02;1.5750000e+02;5.5278670e-02;1.5750000e+02;8.2607120e-03;1.5750000e+02;-3.4169771e-02;1.5750000e+02;-7.9662554e-02;1.5750000e+02;-1.2217683e-01;1.5750000e+02;-6.4618945e-02;1.5750000e+02;-3.1034514e-02;1.5750000e+02;2.2351071e-02;1.5750000e+02;8.8510737e-02;1.5750000e+02;1.7575334e-01;1.5750000e+02;2.6043096e-01;1.5750000e+02;2.8690541e-01;1.5750000e+02;2.5489229e-01;1.5750000e+02;1.9561926e-01;1.5750000e+02;2.1863744e-01;1.5750000e+02;1.9382963e-01;1.5750000e+02;1.4854050e-01;1.5750000e+02;9.8809406e-02;1.5750000e+02;5.5278670e-02;1.5750000e+02;8.2607120e-03;1.5750000e+02;-3.4169771e-02;1.5750000e+02;-7.9662554e-02;1.5750000e+02;-1.2217683e-01;1.5750000e+02;-6.4618945e-02;1.5750000e+02;-3.1034514e-02;1.5750000e+02;2.2351071e-02;1.5750000e+02;8.8510737e-02;1.5750000e+02;1.7575334e-01;1.5750000e+02;2.6043096e-01;1.5750000e+02;2.8690541e-01;1.5750000e+02;2.5489229e-01;1.5750000e+02;1.9561926e-01;1.5750000e+02;2.1863744e-01;1.5750000e+02;1.9382963e-01;1.5750000e+02;1.4854050e-01;1.5750000e+02;9.8809406e-02;1.5750000e+02;5.5278670e-02;1.5750000e+02;8.2607120e-03;1.5750000e+02;-3.4169771e-02;1.5750000e+02;-7.9662554e-02;1.5750000e+02;-1.2217683e-01;1.5750000e+02;-6.4618945e-02;1.5750000e+02;-3.1034514e-02;1.5750000e+02;2.2351071e-02;1.5750000e+02;8.8510737e-02;1.5750000e+02;1.7575334e-01;1.5750000e+02;2.6043096e-01;1.5750000e+02;2.8690541e-01;1.5750000e+02;2.5489229e-01;1.5750000e+02;1.9561926e-01;1.5750000e+02;2.1863744e-01;1.5750000e+02;1.9382963e-01;1.5750000e+02;1.4854050e-01;1.5750000e+02;9.8809406e-02;1.5750000e+02;5.5278670e-02;1.5750000e+02;8.2607120e-03;1.5750000e+02;-3.4169771e-02;1.5750000e+02;-7.9662554e-02;1.5750000e+02;-1.2217683e-01;1.5750000e+02;-6.4618945e-02;1.5750000e+02;-3.1034514e-02;1.5750000e+02;2.2351071e-02;1.5750000e+02;8.8510737e-02;1.5750000e+02;1.7575334e-01;1.5750000e+02;2.6043096e-01;1.5750000e+02;2.8690541e-01;1.5750000e+02;2.5489229e-01;1.5750000e+02;1.9561926e-01;1.5750000e+02;2.1863744e-01;1.5750000e+02;1.9382963e-01;1.5750000e+02;1.4854050e-01;1.5750000e+02;9.8809406e-02;1.5750000e+02;5.5278670e-02;1.5750000e+02;8.2607120e-03;1.5750000e+02;-3.4169771e-02;1.5750000e+02;-7.9662554e-02;1.5750000e+02;-1.2217683e-01;1.5750000e+02;-6.4618945e-02;1.5750000e+02;-3.1034514e-02;1.5750000e+02;2.2351071e-02;1.5750000e+02;8.8510737e-02;1.5750000e+02;1.7575334e-01;1.5750000e+02;2.6043096e-01;1.5750000e+02;2.8690541e-01;1.5750000e+02;2.5489229e-01;1.5750000e+02;1.9561926e-01;1.5750000e+02;2.1863744e-01;1.5750000e+02;1.9382963e-01;1.5750000e+02;1.4854050e-01;1.5750000e+02;9.8809406e-02;1.5750000e+02;5.5278670e-02;1.5750000e+02;8.2607120e-03;1.5750000e+02;-3.4169771e-02;1.5750000e+02;-7.9662554e-02;1.5750000e+02;-1.2217683e-01;1.5750000e+02;-6.4618945e-02;1.5750000e+02;-3.1034514e-02;1.5750000e+02;2.2351071e-02;1.5750000e+02;8.8510737e-02;1.5750000e+02;1.7575334e-01;1.5750000e+02;2.6043096e-01;1.5750000e+02;2.8690541e-01;1.5750000e+02;2.5489229e-01;1.5750000e+02;1.9561926e-01;1.5750000e+02;2.1863744e-01;1.5750000e+02;1.9382963e-01;1.5750000e+02;1.4854050e-01;1.5750000e+02;9.8809406e-02;1.5750000e+02;5.5278670e-02;1.5750000e+02;8.2607120e-03;1.5750000e+02;-3.4169771e-02;1.5750000e+02;-7.9662554e-02;1.5750000e+02;-1.2217683e-01;1.5750000e+02;-6.4618945e-02;1.5750000e+02;-3.1034514e-02;1.5750000e+02;2.2351071e-02;1.5750000e+02;8.8510737e-02;1.5750000e+02;1.7575334e-01;1.5750000e+02;2.6043096e-01;1.5750000e+02;2.8690541e-01;1.5750000e+02;2.5489229e-01;1.5750000e+02;1.9561926e-01;1.5750000e+02;2.1863744e-01;1.5750000e+02;1.9382963e-01;1.5750000e+02;1.4854050e-01;1.5750000e+02;9.8809406e-02;1.5750000e+02;5.5278670e-02;1.5750000e+02;8.2607120e-03;1.5750000e+02;-3.4169771e-02;1.5750000e+02;-7.9662554e-02;1.5750000e+02;-1.2217683e-01;1.5750000e+02;-6.4618945e-02;1.5750000e+02;-3.1034514e-02;1.5750000e+02;2.2351071e-02;1.5750000e+02;8.8510737e-02;1.5750000e+02;1.7575334e-01;1.5750000e+02;2.6043096e-01;1.5750000e+02;2.8690541e-01;1.5750000e+02;2.5489229e-01;1.5750000e+02;1.9561926e-01;1.5750000e+02;2.1863744e-01;1.5750000e+02;1.9382963e-01;1.5750000e+02;1.4854050e-01;1.5750000e+02;9.8809406e-02;1.5750000e+02;5.5278670e-02;1.5750000e+02;8.2607120e-03;1.5750000e+02;-3.4169771e-02;1.5750000e+02;-7.9662554e-02;1.5750000e+02;-1.2217683e-01;1.5750000e+02;-6.4618945e-02;1.5750000e+02;-3.1034514e-02;1.5750000e+02;2.2351071e-02;1.5750000e+02;8.8510737e-02;1.5750000e+02;1.7575334e-01;1.5750000e+02;2.6043096e-01;1.5750000e+02;2.8690541e-01;1.5750000e+02;2.5489229e-01;1.5750000e+02;1.9561926e-01;1.5750000e+02;2.1863744e-01;1.5750000e+02;1.9382963e-01;1.5750000e+02;1.4854050e-01;1.5750000e+02;9.8809406e-02;1.5750000e+02;5.5278670e-02;1.5750000e+02;8.2607120e-03;1.5750000e+02;-3.4169771e-02;1.5750000e+02;-7.9662554e-02;1.5750000e+02;-1.2217683e-01;1.5750000e+02;-6.4618945e-02;1.5750000e+02;-3.1034514e-02;1.5750000e+02;2.2351071e-02;1.5750000e+02;8.8510737e-02;1.5750000e+02;1.7575334e-01;1.5750000e+02;2.6043096e-01;1.5750000e+02;2.8690541e-01;1.5750000e+02;2.5489229e-01;1.5750000e+02;1.9561926e-01;1.5750000e+02;2.1863744e-01;1.5750000e+02;1.9382963e-01;1.5750000e+02;1.4854050e-01;1.5750000e+02;9.8809406e-02;1.5750000e+02;5.5278670e-02;1.5750000e+02;8.2607120e-03;1.5750000e+02;-3.4169771e-02;1.5750000e+02;-7.9662554e-02;1.5750000e+02;-1.2217683e-01;1.5750000e+02;-6.4618945e-02;1.5750000e+02;-3.1034514e-02;1.5750000e+02;2.2351071e-02;1.5750000e+02;8.8510737e-02;1.5750000e+02;1.7575334e-01;1.5750000e+02;2.6043096e-01;1.5750000e+02;2.8690541e-01;1.5750000e+02;2.5489229e-01;1.5750000e+02;1.9561926e-01;1.5750000e+02;2.1863744e-01;1.5750000e+02;1.9382963e-01;1.5750000e+02;1.4854050e-01;1.5750000e+02;9.8809406e-02;1.5750000e+02;5.5278670e-02;1.5750000e+02;8.2607120e-03;1.5750000e+02;-3.4169771e-02;1.5750000e+02;-7.9662554e-02;1.5750000e+02;-1.2217683e-01;1.5750000e+02;-6.4618945e-02;1.5750000e+02;-3.1034514e-02;1.5750000e+02;2.2351071e-02;1.5750000e+02;8.8510737e-02;1.5750000e+02;1.7575334e-01;1.5750000e+02;2.6043096e-01;1.5750000e+02;2.8690541e-01;1.5750000e+02;2.5489229e-01;1.5750000e+02;1.9561926e-01;1.5750000e+02;2.1863744e-01;1.5750000e+02;1.9382963e-01;1.5750000e+02;1.4854050e-01;1.5750000e+02;9.8809406e-02;1.5750000e+02;5.5278670e-02;1.5750000e+02;8.2607120e-03;1.5750000e+02;-3.4169771e-02;1.5750000e+02;-7.9662554e-02;1.5750000e+02;-1.2217683e-01;1.5750000e+02;-6.4618945e-02;1.5750000e+02;-3.1034514e-02;1.5750000e+02;2.2351071e-02;1.5750000e+02;8.8510737e-02;1.5750000e+02;1.7575334e-01;1.5750000e+02;2.6043096e-01;1.5750000e+02;2.8690541e-01;1.5750000e+02;2.5489229e-01;1.5750000e+02;1.9561926e-01;1.5750000e+02;2.1863744e-01;1.5750000e+02;1.9382963e-01;1.5750000e+02;1.4854050e-01;1.5750000e+02;9.8809406e-02;1.5750000e+02;5.5278670e-02;1.5750000e+02;8.2607120e-03;1.5750000e+02;-3.4169771e-02;1.5750000e+02;-7.9662554e-02;1.5750000e+02;-1.2217683e-01;1.5750000e+02;-6.4618945e-02;1.5750000e+02;-3.1034514e-02;1.5750000e+02;2.2351071e-02;1.5750000e+02;8.8510737e-02;1.5750000e+02;1.7575334e-01;1.5750000e+02;2.6043096e-01;1.5750000e+02;2.8690541e-01;1.5750000e+02;2.5489229e-01;1.5750000e+02;1.9561926e-01;1.5750000e+02;2.1863744e-01;1.5750000e+02;1.9382963e-01;1.5750000e+02;1.4854050e-01;1.5750000e+02;9.8809406e-02;1.5750000e+02;5.5278670e-02;1.5750000e+02;8.2607120e-03;1.5750000e+02;-3.4169771e-02;1.5750000e+02;-7.9662554e-02;1.5750000e+02;-1.2217683e-01;1.5750000e+02;-6.4618945e-02;1.5750000e+02;-3.1034514e-02;1.5750000e+02;2.2351071e-02;1.5750000e+02;8.8510737e-02;1.5750000e+02;1.7575334e-01;1.5750000e+02;2.6043096e-01;1.5750000e+02;2.8690541e-01;1.5750000e+02;2.5489229e-01;1.5750000e+02;1.9561926e-01;1.5750000e+02;2.1863744e-01;1.5750000e+02;1.9382963e-01;1.5750000e+02;1.4854050e-01;1.5750000e+02;9.8809406e-02;1.5750000e+02;5.5278670e-02;1.5750000e+02;8.2607120e-03;1.5750000e+02;-3.4169771e-02;1.5750000e+02;-7.9662554e-02;1.5750000e+02;-1.2217683e-01;1.5750000e+02;-6.4618945e-02;1.5750000e+02;-3.1034514e-02;1.5750000e+02;2.2351071e-02;1.5750000e+02;8.8510737e-02;1.5750000e+02;1.7575334e-01;1.5750000e+02;2.6043096e-01;1.5750000e+02;2.8690541e-01;1.5750000e+02;2.5489229e-01;1.5750000e+02;1.9561926e-01;1.5750000e+02;2.1863744e-01;1.5750000e+02;1.9382963e-01;1.5750000e+02;1.4854050e-01;1.5750000e+02;9.8809406e-02;1.5750000e+02;5.5278670e-02;1.5750000e+02;8.2607120e-03;1.5750000e+02;-3.4169771e-02;1.5750000e+02;-7.9662554e-02;1.5750000e+02;-1.2217683e-01;1.5750000e+02;-6.4618945e-02;1.5750000e+02;-3.1034514e-02;1.5750000e+02;2.2351071e-02;1.5750000e+02;8.8510737e-02;1.5750000e+02;1.7575334e-01;1.5750000e+02;2.6043096e-01;1.5750000e+02;2.8690541e-01;1.5750000e+02;2.5489229e-01;1.5750000e+02;1.9561926e-01;1.5750000e+02;2.1863744e-01;1.5750000e+02;1.9382963e-01;1.5750000e+02;1.4854050e-01;1.5750000e+02;9.8809406e-02;1.5750000e+02;5.5278670e-02;1.5750000e+02;8.2607120e-03;1.5750000e+02;-3.4169771e-02;1.5750000e+02;-7.9662554e-02;1.5750000e+02;-1.2217683e-01;1.5750000e+02;-6.4618945e-02;1.5750000e+02;-3.1034514e-02;1.5750000e+02;2.2351071e-02;1.5750000e+02;8.8510737e-02;1.5750000e+02;1.7575334e-01;1.5750000e+02;2.6043096e-01;1.5750000e+02;2.8690541e-01;1.5750000e+02;2.5489229e-01;1.5750000e+02;1.9561926e-01;1.5750000e+02;2.1863744e-01;1.5750000e+02;1.9382963e-01;1.5750000e+02;1.4854050e-01;1.5750000e+02;9.8809406e-02;1.5750000e+02;5.5278670e-02;1.5750000e+02;8.2607120e-03;1.5750000e+02;-3.4169771e-02;1.5750000e+02;-7.9662554e-02;1.5750000e+02;-1.2217683e-01;1.5750000e+02;-6.4618945e-02;1.5750000e+02;-3.1034514e-02;1.5750000e+02;2.2351071e-02;1.5750000e+02;8.8510737e-02;1.5750000e+02;1.7575334e-01;1.5750000e+02;2.6043096e-01;1.5750000e+02;2.8690541e-01;1.5750000e+02;2.5489229e-01;1.5750000e+02;1.9561926e-01;1.5750000e+02;2.1863744e-01;1.5750000e+02;1.9382963e-01;1.5750000e+02;1.4854050e-01;1.5750000e+02;9.8809406e-02;1.5750000e+02;5.5278670e-02;1.5750000e+02;8.2607120e-03;1.5750000e+02;-3.4169771e-02;1.5750000e+02;-7.9662554e-02;1.5750000e+02;-1.2217683e-01;1.5750000e+02;-6.4618945e-02;1.5750000e+02;-3.1034514e-02;1.5750000e+02;2.2351071e-02;1.5750000e+02;8.8510737e-02;1.5750000e+02;1.7575334e-01;1.5750000e+02;2.6043096e-01;1.5750000e+02;2.8690541e-01;1.5750000e+02;2.5489229e-01;1.5750000e+02;1.9561926e-01;1.5750000e+02;2.1863744e-01;1.5750000e+02;1.9382963e-01;1.5750000e+02;1.4854050e-01;1.5750000e+02;9.8809406e-02;1.5750000e+02;5.5278670e-02;1.5750000e+02;8.2607120e-03;1.5750000e+02;-3.4169771e-02;1.5750000e+02;-7.9662554e-02;1.5750000e+02;-1.2217683e-01;1.5750000e+02;-6.4618945e-02;1.5750000e+02;-3.1034514e-02;1.5750000e+02;2.2351071e-02;1.5750000e+02;8.8510737e-02;1.5750000e+02;1.7575334e-01;1.5750000e+02;2.6043096e-01;1.5750000e+02;2.8690541e-01;1.5750000e+02;2.5489229e-01;1.5750000e+02;1.9561926e-01;1.5750000e+02;2.1863744e-01;1.5750000e+02;1.9382963e-01;1.5750000e+02;1.4854050e-01;1.5750000e+02;9.8809406e-02;1.5750000e+02;5.5278670e-02;1.5750000e+02;8.2607120e-03;1.5750000e+02;-3.4169771e-02;1.5750000e+02;-7.9662554e-02;1.5750000e+02;-1.2217683e-01;1.5750000e+02;-6.4618945e-02;1.5750000e+02;-3.1034514e-02;1.5750000e+02;2.2351071e-02;1.5750000e+02;8.8510737e-02;1.5750000e+02;1.7575334e-01;1.5750000e+02;2.6043096e-01;1.5750000e+02;2.8690541e-01;1.5750000e+02;2.5489229e-01;1.5750000e+02;1.9561926e-01;1.5750000e+02;2.1863744e-01;1.5750000e+02;1.9382963e-01;1.5750000e+02;1.4854050e-01;1.5750000e+02;9.8809406e-02;1.5750000e+02;5.5278670e-02;1.5750000e+02;8.2607120e-03;1.5750000e+02;-3.4169771e-02;1.5750000e+02;-7.9662554e-02;1.5750000e+02;-1.2217683e-01;1.5750000e+02;-6.4618945e-02;1.5750000e+02;-3.1034514e-02;1.5750000e+02;2.2351071e-02;1.5750000e+02;8.8510737e-02;1.5750000e+02;1.7575334e-01;1.5750000e+02;2.6043096e-01;1.5750000e+02;2.8690541e-01;1.5750000e+02;2.5489229e-01;1.5750000e+02;1.9561926e-01;1.5750000e+02;2.1863744e-01;1.5750000e+02;1.9382963e-01;1.5750000e+02;1.4854050e-01;1.5750000e+02;9.8809406e-02;1.5750000e+02;5.5278670e-02;1.5750000e+02;8.2607120e-03;1.5750000e+02;-3.4169771e-02;1.5750000e+02;-7.9662554e-02;1.5750000e+02;-1.2217683e-01;1.5750000e+02;-6.4618945e-02;1.5750000e+02;-3.1034514e-02;1.5750000e+02;2.2351071e-02;1.5750000e+02;8.8510737e-02;1.5750000e+02;1.7575334e-01;1.5750000e+02;2.6043096e-01;1.5750000e+02;2.8690541e-01;1.5750000e+02;2.5489229e-01;1.5750000e+02;1.9561926e-01;1.5750000e+02;2.1863744e-01;1.5750000e+02;1.9382963e-01;1.5750000e+02;1.4854050e-01;1.5750000e+02;9.8809406e-02;1.5750000e+02;5.5278670e-02;1.5750000e+02;8.2607120e-03;1.5750000e+02;-3.4169771e-02;1.5750000e+02;-7.9662554e-02;1.5750000e+02;-1.2217683e-01;1.5750000e+02;-6.4618945e-02;1.5750000e+02;-3.1034514e-02;1.5750000e+02;2.2351071e-02;1.5750000e+02;8.8510737e-02;1.5750000e+02;1.7575334e-01;1.5750000e+02;2.6043096e-01;1.5750000e+02;2.8690541e-01;1.5750000e+02;2.5489229e-01;1.5750000e+02;1.9561926e-01;1.5750000e+02;2.1863744e-01;1.5750000e+02;1.9382963e-01;1.5750000e+02;1.4854050e-01;1.5750000e+02;9.8809406e-02;1.5750000e+02;5.5278670e-02;1.5750000e+02;8.2607120e-03;1.5750000e+02;-3.4169771e-02;1.5750000e+02;-7.9662554e-02;1.5750000e+02;-1.2217683e-01;1.5750000e+02;-6.4618945e-02;1.5750000e+02;-3.1034514e-02;1.5750000e+02;2.2351071e-02;1.5750000e+02;8.8510737e-02;1.5750000e+02;1.7575334e-01;1.5750000e+02;2.6043096e-01;1.5750000e+02;2.8690541e-01;1.5750000e+02;2.5489229e-01;1.5750000e+02;1.9561926e-01;1.5750000e+02;2.1863744e-01;1.5750000e+02;1.9382963e-01;1.5750000e+02;1.4854050e-01;1.5750000e+02;9.8809406e-02;1.5750000e+02;5.5278670e-02;1.5750000e+02;8.2607120e-03;1.5750000e+02;-3.4169771e-02;1.5750000e+02;-7.9662554e-02;1.5750000e+02;-1.2217683e-01;1.5750000e+02;-6.4618945e-02;1.5750000e+02;-3.1034514e-02;1.5750000e+02;2.2351071e-02;1.5750000e+02;8.8510737e-02;1.5750000e+02;1.7575334e-01;1.5750000e+02;2.6043096e-01;1.5750000e+02;2.8690541e-01;1.5750000e+02;2.5489229e-01;1.5750000e+02;1.9561926e-01;1.5750000e+02;2.1863744e-01;1.5750000e+02;1.9382963e-01;1.5750000e+02;1.4854050e-01;1.5750000e+02;9.8809406e-02;1.5750000e+02;5.5278670e-02;1.5750000e+02;8.2607120e-03;1.5750000e+02;-3.4169771e-02;1.5750000e+02;-7.9662554e-02;1.5750000e+02;-1.2217683e-01;1.5750000e+02;-6.4618945e-02;1.5750000e+02;-3.1034514e-02;1.5750000e+02;2.2351071e-02;1.5750000e+02;8.8510737e-02;1.5750000e+02;1.7575334e-01;1.5750000e+02;2.6043096e-01;1.5750000e+02;2.8690541e-01;1.5750000e+02;2.5489229e-01;1.5750000e+02;1.9561926e-01;1.5750000e+02;2.1863744e-01;1.5750000e+02;1.9382963e-01;1.5750000e+02;1.4854050e-01;1.5750000e+02;9.8809406e-02;1.5750000e+02;5.5278670e-02;1.5750000e+02;8.2607120e-03;1.5750000e+02;-3.4169771e-02;1.5750000e+02;-7.9662554e-02;1.5750000e+02;-1.2217683e-01;1.5750000e+02;-6.4618945e-02;1.5750000e+02;-3.1034514e-02;1.5750000e+02;2.2351071e-02;1.5750000e+02;8.8510737e-02;1.5750000e+02;1.7575334e-01;1.5750000e+02;2.6043096e-01;1.5750000e+02;2.8690541e-01;1.5750000e+02;2.5489229e-01;1.5750000e+02;1.9561926e-01;1.5750000e+02;2.1863744e-01;1.5750000e+02;1.9382963e-01;1.5750000e+02;1.4854050e-01;1.5750000e+02;9.8809406e-02;1.5750000e+02;5.5278670e-02;1.5750000e+02;8.2607120e-03;1.5750000e+02;-3.4169771e-02;1.5750000e+02;-7.9662554e-02;1.5750000e+02;-1.2217683e-01;1.5750000e+02;-6.4618945e-02;1.5750000e+02;-3.1034514e-02;1.5750000e+02;2.2351071e-02;1.5750000e+02;8.8510737e-02;1.5750000e+02;1.7575334e-01;1.5750000e+02;2.6043096e-01;1.5750000e+02;2.8690541e-01;1.5750000e+02;2.5489229e-01;1.5750000e+02;1.9561926e-01;1.5750000e+02;2.1863744e-01;1.5750000e+02;1.9382963e-01;1.5750000e+02;1.4854050e-01;1.5750000e+02;9.8809406e-02;1.5750000e+02;5.5278670e-02;1.5750000e+02;8.2607120e-03;1.5750000e+02;-3.4169771e-02;1.5750000e+02;-7.9662554e-02;1.5750000e+02;-1.2217683e-01;1.5750000e+02;-6.4618945e-02;1.5750000e+02;-3.1034514e-02;1.5750000e+02;2.2351071e-02;1.5750000e+02;8.8510737e-02;1.5750000e+02;1.7575334e-01;1.5750000e+02;2.6043096e-01;1.5750000e+02;2.8690541e-01;1.5750000e+02;2.5489229e-01;1.5750000e+02;1.9561926e-01;1.5750000e+02;2.1863744e-01;1.5750000e+02;1.9382963e-01;1.5750000e+02;1.4854050e-01;1.5750000e+02;9.8809406e-02;1.5750000e+02;5.5278670e-02;1.5750000e+02;8.2607120e-03;1.5750000e+02;-3.4169771e-02;1.5750000e+02;-7.9662554e-02;1.5750000e+02;-1.2217683e-01;1.5750000e+02;-6.4618945e-02;1.5750000e+02;-3.1034514e-02;1.5750000e+02;2.2351071e-02;1.5750000e+02;8.8510737e-02;1.5750000e+02;1.7575334e-01;1.5750000e+02;2.6043096e-01;1.5750000e+02;2.8690541e-01;1.5750000e+02;2.5489229e-01;1.5750000e+02;1.9561926e-01;1.5750000e+02;2.1863744e-01;1.5750000e+02;1.9382963e-01;1.5750000e+02;1.4854050e-01;1.5750000e+02;9.8809406e-02;1.5750000e+02;5.5278670e-02;1.5750000e+02;8.2607120e-03;1.5750000e+02;-3.4169771e-02;1.5750000e+02;-7.9662554e-02;1.5750000e+02;-1.2217683e-01;1.5750000e+02;-6.4618945e-02;1.5750000e+02;-3.1034514e-02;1.5750000e+02;2.2351071e-02;1.5750000e+02;8.8510737e-02;1.5750000e+02;1.7575334e-01;1.5750000e+02;2.6043096e-01;1.5750000e+02;2.8690541e-01;1.5750000e+02;2.5489229e-01;1.5750000e+02;1.9561926e-01;1.5750000e+02;2.1863744e-01;1.5750000e+02;1.9382963e-01;1.5750000e+02;1.4854050e-01;1.5750000e+02;9.8809406e-02;1.5750000e+02;5.5278670e-02;1.5750000e+02;8.2607120e-03;1.5750000e+02;-3.4169771e-02;1.5750000e+02;-7.9662554e-02;1.5750000e+02;-1.2217683e-01;1.5750000e+02;-6.4618945e-02;1.5750000e+02;-3.1034514e-02;1.5750000e+02;2.2351071e-02;1.5750000e+02;8.8510737e-02;1.5750000e+02;1.7575334e-01;1.5750000e+02;2.6043096e-01;1.5750000e+02;2.8690541e-01;1.5750000e+02;2.5489229e-01;1.5750000e+02;1.9561926e-01;1.5750000e+02;2.1863744e-01;1.5750000e+02;1.9382963e-01;1.5750000e+02;1.4854050e-01;1.5750000e+02;9.8809406e-02;1.5750000e+02;5.5278670e-02;1.5750000e+02;8.2607120e-03;1.5750000e+02;-3.4169771e-02;1.5750000e+02;-7.9662554e-02;1.5750000e+02;-1.2217683e-01;1.5750000e+02;-6.4618945e-02;1.5750000e+02;-3.1034514e-02;1.5750000e+02;2.2351071e-02;1.5750000e+02;8.8510737e-02;1.5750000e+02;1.7575334e-01;1.5750000e+02;2.6043096e-01;1.5750000e+02;2.8690541e-01;1.5750000e+02;2.5489229e-01;1.5750000e+02;1.9561926e-01;1.5750000e+02;2.1863744e-01;1.5750000e+02;1.9382963e-01;1.5750000e+02;1.4854050e-01;1.5750000e+02;9.8809406e-02;1.5750000e+02;5.5278670e-02;1.5750000e+02;8.2607120e-03;1.5750000e+02;-3.4169771e-02;1.5750000e+02;-7.9662554e-02;1.5750000e+02;-1.2217683e-01;1.5750000e+02;-6.4618945e-02;1.5750000e+02;-3.1034514e-02;1.5750000e+02;2.2351071e-02;1.5750000e+02;8.8510737e-02;1.5750000e+02;1.7575334e-01;1.5750000e+02;2.6043096e-01;1.5750000e+02;2.8690541e-01;1.5750000e+02;2.5489229e-01;1.5750000e+02;1.9561926e-01;1.5750000e+02;2.1863744e-01;1.5750000e+02;1.9382963e-01;1.5750000e+02;1.4854050e-01;1.5750000e+02;9.8809406e-02;1.5750000e+02;5.5278670e-02;1.5750000e+02;8.2607120e-03;1.5750000e+02;-3.4169771e-02;1.5750000e+02;-7.9662554e-02;1.5750000e+02;-1.2217683e-01;1.5750000e+02;-6.4618945e-02;1.5750000e+02;-3.1034514e-02;1.5750000e+02;2.2351071e-02;1.5750000e+02;8.8510737e-02;1.5750000e+02;1.7575334e-01;1.5750000e+02;2.6043096e-01;1.5750000e+02;2.8690541e-01;1.5750000e+02;2.5489229e-01;1.5750000e+02;1.9561926e-01;1.5750000e+02;2.1863744e-01;1.5750000e+02;1.9382963e-01;1.5750000e+02;1.4854050e-01;1.5750000e+02;9.8809406e-02;1.5750000e+02;5.5278670e-02;1.5750000e+02;8.2607120e-03;1.5750000e+02;-3.4169771e-02;1.5750000e+02;-7.9662554e-02;1.5750000e+02;-1.2217683e-01;1.5750000e+02;-6.4618945e-02;1.5750000e+02;-3.1034514e-02;1.5750000e+02;2.2351071e-02;1.5750000e+02;8.8510737e-02;1.5750000e+02;1.7575334e-01;1.5750000e+02;2.6043096e-01;1.5750000e+02;2.8690541e-01;1.5750000e+02;2.5489229e-01;1.5750000e+02;1.9561926e-01;1.5750000e+02;2.1863744e-01;1.5750000e+02;1.9382963e-01;1.5750000e+02;1.4854050e-01;1.5750000e+02;9.8809406e-02;1.5750000e+02;5.5278670e-02;1.5750000e+02;8.2607120e-03;1.5750000e+02;-3.4169771e-02;1.5750000e+02;-7.9662554e-02;1.5750000e+02;-1.2217683e-01;1.5750000e+02;-6.4618945e-02;1.5750000e+02;-3.1034514e-02;1.5750000e+02;2.2351071e-02;1.5750000e+02;8.8510737e-02;1.5750000e+02;1.7575334e-01;1.5750000e+02;2.6043096e-01;1.5750000e+02;2.8690541e-01;1.5750000e+02;2.5489229e-01;1.5750000e+02;1.9561926e-01;1.5750000e+02;2.1863744e-01;1.5750000e+02;1.9382963e-01;1.5750000e+02;1.4854050e-01;1.5750000e+02;9.8809406e-02;1.5750000e+02;5.5278670e-02;1.5750000e+02;8.2607120e-03;1.5750000e+02;-3.4169771e-02;1.5750000e+02;-7.9662554e-02;1.5750000e+02;-1.2217683e-01;1.5750000e+02;-6.4618945e-02;1.5750000e+02;-3.1034514e-02;1.5750000e+02;2.2351071e-02;1.5750000e+02;8.8510737e-02;1.5750000e+02;1.7575334e-01;1.5750000e+02;2.6043096e-01;1.5750000e+02;2.8690541e-01;1.5750000e+02;2.5489229e-01;1.5750000e+02;1.9561926e-01;1.5750000e+02;2.1863744e-01;1.5750000e+02;1.9382963e-01;1.5750000e+02;1.4854050e-01;1.5750000e+02;9.8809406e-02;1.5750000e+02;5.5278670e-02;1.5750000e+02;8.2607120e-03;1.5750000e+02;-3.4169771e-02;1.5750000e+02;-7.9662554e-02;1.5750000e+02;-1.2217683e-01;1.5750000e+02;-6.4618945e-02;1.5750000e+02;-3.1034514e-02;1.5750000e+02;2.2351071e-02;1.5750000e+02;8.8510737e-02;1.5750000e+02;1.7575334e-01;1.5750000e+02;2.6043096e-01;1.5750000e+02;2.8690541e-01;1.5750000e+02;2.5489229e-01;1.5750000e+02;1.9561926e-01;1.5750000e+02;2.1863744e-01;1.5750000e+02;1.9382963e-01;1.5750000e+02;1.4854050e-01;1.5750000e+02;9.8809406e-02;1.5750000e+02;5.5278670e-02;1.5750000e+02;8.2607120e-03;1.5750000e+02;-3.4169771e-02;1.5750000e+02;-7.9662554e-02;1.5750000e+02;-1.2217683e-01;1.5750000e+02;-6.4618945e-02;1.5750000e+02;-3.1034514e-02;1.5750000e+02;2.2351071e-02;1.5750000e+02;8.8510737e-02;1.5750000e+02;1.7575334e-01;1.5750000e+02;2.6043096e-01;1.5750000e+02;2.8690541e-01;1.5750000e+02;2.5489229e-01;1.5750000e+02;1.9561926e-01;1.5750000e+02;2.1863744e-01;1.5750000e+02;1.9382963e-01;1.5750000e+02;1.4854050e-01;1.5750000e+02;9.8809406e-02;1.5750000e+02;5.5278670e-02;1.5750000e+02;8.2607120e-03;1.5750000e+02;-3.4169771e-02;1.5750000e+02;-7.9662554e-02;1.5750000e+02;-1.2217683e-01;1.5750000e+02;-6.4618945e-02;1.5750000e+02;-3.1034514e-02;1.5750000e+02;2.2351071e-02;1.5750000e+02;8.8510737e-02;1.5750000e+02;1.7575334e-01;1.5750000e+02;2.6043096e-01;1.5750000e+02;2.8690541e-01;1.5750000e+02;2.5489229e-01;1.5750000e+02;1.9561926e-01;1.5750000e+02;2.1863744e-01;1.5750000e+02;1.9382963e-01;1.5750000e+02;1.4854050e-01;1.5750000e+02;9.8809406e-02;1.5750000e+02;5.5278670e-02;1.5750000e+02;8.2607120e-03;1.5750000e+02;-3.4169771e-02;1.5750000e+02;-7.9662554e-02;1.5750000e+02;-1.2217683e-01;1.5750000e+02;-6.4618945e-02;1.5750000e+02;-3.1034514e-02;1.5750000e+02;2.2351071e-02;1.5750000e+02;8.8510737e-02;1.5750000e+02;1.7575334e-01;1.5750000e+02;2.6043096e-01;1.5750000e+02;2.8690541e-01;1.5750000e+02;2.5489229e-01;1.5750000e+02;1.9561926e-01;1.5750000e+02;2.1863744e-01;1.5750000e+02;1.9382963e-01;1.5750000e+02;1.4854050e-01;1.5750000e+02;9.8809406e-02;1.5750000e+02;5.5278670e-02;1.5750000e+02;8.2607120e-03;1.5750000e+02;-3.4169771e-02;1.5750000e+02;-7.9662554e-02;1.5750000e+02;-1.2217683e-01;1.5750000e+02;-6.4618945e-02;1.5750000e+02;-3.1034514e-02;1.5750000e+02;2.2351071e-02;1.5750000e+02;8.8510737e-02;1.5750000e+02;1.7575334e-01;1.5750000e+02;2.6043096e-01;1.5750000e+02;2.8690541e-01;1.5750000e+02;2.5489229e-01;1.5750000e+02;1.9561926e-01;1.5750000e+02;2.1863744e-01;1.5750000e+02;1.9382963e-01;1.5750000e+02;1.4854050e-01;1.5750000e+02;9.8809406e-02;1.5750000e+02;5.5278670e-02;1.5750000e+02;8.2607120e-03;1.5750000e+02;-3.4169771e-02;1.5750000e+02;-7.9662554e-02;1.5750000e+02;-1.2217683e-01;1.5750000e+02;-6.4618945e-02;1.5750000e+02;-3.1034514e-02;1.5750000e+02;2.2351071e-02;1.5750000e+02;8.8510737e-02;1.5750000e+02;1.7575334e-01;1.5750000e+02;2.6043096e-01;1.5750000e+02;2.8690541e-01;1.5750000e+02;2.5489229e-01;1.5750000e+02;1.9561926e-01;1.5750000e+02;2.1863744e-01;1.5750000e+02;1.9382963e-01;1.5750000e+02;1.4854050e-01;1.5750000e+02;9.8809406e-02;1.5750000e+02;5.5278670e-02;1.5750000e+02;8.2607120e-03;1.5750000e+02;-3.4169771e-02;1.5750000e+02;-7.9662554e-02;1.5750000e+02;-1.2217683e-01;1.5750000e+02;-6.4618945e-02;1.5750000e+02;-3.1034514e-02;1.5750000e+02;2.2351071e-02;1.5750000e+02;8.8510737e-02;1.5750000e+02;1.7575334e-01;1.5750000e+02;2.6043096e-01;1.5750000e+02;2.8690541e-01;1.5750000e+02;2.5489229e-01;1.5750000e+02;1.9561926e-01;1.5750000e+02;2.1863744e-01;1.5750000e+02;1.9382963e-01;1.5750000e+02;1.4854050e-01;1.5750000e+02;9.8809406e-02;1.5750000e+02;5.5278670e-02;1.5750000e+02;8.2607120e-03;1.5750000e+02;-3.4169771e-02;1.5750000e+02;-7.9662554e-02;1.5750000e+02;-1.2217683e-01;1.5750000e+02;-6.4618945e-02;1.5750000e+02;-3.1034514e-02;1.5750000e+02;2.2351071e-02;1.5750000e+02;8.8510737e-02;1.5750000e+02;1.7575334e-01;1.5750000e+02;2.6043096e-01;1.5750000e+02;2.8690541e-01;1.5750000e+02;2.5489229e-01;1.5750000e+02;1.9561926e-01;1.5750000e+02;2.1863744e-01;1.5750000e+02;1.9382963e-01;1.5750000e+02;1.4854050e-01;1.5750000e+02;9.8809406e-02;1.5750000e+02;5.5278670e-02;1.5750000e+02;8.2607120e-03;1.5750000e+02;-3.4169771e-02;1.5750000e+02;-7.9662554e-02;1.5750000e+02;-1.2217683e-01;1.5750000e+02;-6.4618945e-02;1.5750000e+02;-3.1034514e-02;1.5750000e+02;2.2351071e-02;1.5750000e+02;8.8510737e-02;1.5750000e+02;1.7575334e-01;1.5750000e+02;2.6043096e-01;1.5750000e+02;2.8690541e-01;1.5750000e+02;2.5489229e-01;1.5750000e+02;1.9561926e-01;1.5750000e+02;2.1863744e-01;1.5750000e+02;1.9382963e-01;1.5750000e+02;1.4854050e-01;1.5750000e+02;9.8809406e-02;1.5750000e+02;5.5278670e-02;1.5750000e+02;8.2607120e-03;1.5750000e+02;-3.4169771e-02;1.5750000e+02;-7.9662554e-02;1.5750000e+02;-1.2217683e-01;1.5750000e+02;-6.4618945e-02;1.5750000e+02;-3.1034514e-02;1.5750000e+02;2.2351071e-02;1.5750000e+02;8.8510737e-02;1.5750000e+02;1.7575334e-01;1.5750000e+02;2.6043096e-01;1.5750000e+02;2.8690541e-01;1.5750000e+02;2.5489229e-01;1.5750000e+02;1.9561926e-01;1.5750000e+02;2.1863744e-01;1.5750000e+02;1.9382963e-01;1.5750000e+02;1.4854050e-01;1.5750000e+02;9.8809406e-02;1.5750000e+02;5.5278670e-02;1.5750000e+02;8.2607120e-03;1.5750000e+02;-3.4169771e-02;1.5750000e+02;-7.9662554e-02;1.5750000e+02;-1.2217683e-01;1.5750000e+02;-6.4618945e-02;1.5750000e+02;-3.1034514e-02;1.5750000e+02;2.2351071e-02;1.5750000e+02;8.8510737e-02;1.5750000e+02;1.7575334e-01;1.5750000e+02;2.6043096e-01;1.5750000e+02;2.8690541e-01;1.5750000e+02;2.5489229e-01;1.5750000e+02;1.9561926e-01;1.5750000e+02;2.1863744e-01;1.5750000e+02;1.9382963e-01;1.5750000e+02;1.4854050e-01;1.5750000e+02;9.8809406e-02;1.5750000e+02;5.5278670e-02;1.5750000e+02;8.2607120e-03;1.5750000e+02;-3.4169771e-02;1.5750000e+02;-7.9662554e-02;1.5750000e+02;-1.2217683e-01;1.5750000e+02;-6.4618945e-02;1.5750000e+02;-3.1034514e-02;1.5750000e+02;2.2351071e-02;1.5750000e+02;8.8510737e-02;1.5750000e+02;1.7575334e-01;1.5750000e+02;2.6043096e-01;1.5750000e+02;2.8690541e-01;1.5750000e+02;2.5489229e-01;1.5750000e+02;1.9561926e-01;1.5750000e+02;2.1863744e-01;1.5750000e+02;1.9382963e-01;1.5750000e+02;1.4854050e-01;1.5750000e+02;9.8809406e-02;1.5750000e+02;5.5278670e-02;1.5750000e+02;8.2607120e-03;1.5750000e+02;-3.4169771e-02;1.5750000e+02;-7.9662554e-02;1.5750000e+02;-1.2217683e-01;1.5750000e+02;-6.4618945e-02;1.5750000e+02;-3.1034514e-02;1.5750000e+02;2.2351071e-02;1.5750000e+02;8.8510737e-02;1.5750000e+02;1.7575334e-01;1.5750000e+02;2.6043096e-01;1.5750000e+02;2.8690541e-01;1.5750000e+02;2.5489229e-01;1.5750000e+02;1.9561926e-01;1.5750000e+02;2.1863744e-01;1.5750000e+02;1.9382963e-01;1.5750000e+02;1.4854050e-01;1.5750000e+02;9.8809406e-02;1.5750000e+02;5.5278670e-02;1.5750000e+02;8.2607120e-03;1.5750000e+02;-3.4169771e-02;1.5750000e+02;-7.9662554e-02;1.5750000e+02;-1.2217683e-01;1.5750000e+02;-6.4618945e-02;1.5750000e+02;-3.1034514e-02;1.5750000e+02;2.2351071e-02;1.5750000e+02;8.8510737e-02;1.5750000e+02;1.7575334e-01;1.5750000e+02;2.6043096e-01;1.5750000e+02;2.8690541e-01;1.5750000e+02;2.5489229e-01;1.5750000e+02;1.9561926e-01;1.5750000e+02;2.1863744e-01;1.5750000e+02;1.9382963e-01;1.5750000e+02;1.4854050e-01;1.5750000e+02;9.8809406e-02;1.5750000e+02;5.5278670e-02;1.5750000e+02;8.2607120e-03;1.5750000e+02;-3.4169771e-02;1.5750000e+02;-7.9662554e-02;1.5750000e+02;-1.2217683e-01;1.5750000e+02;-6.4618945e-02;1.5750000e+02;-3.1034514e-02;1.5750000e+02;2.2351071e-02;1.5750000e+02;8.8510737e-02;1.5750000e+02;1.7575334e-01;1.5750000e+02;2.6043096e-01;1.5750000e+02;2.8690541e-01;1.5750000e+02;2.5489229e-01;1.5750000e+02;1.9561926e-01;1.5750000e+02;2.1863744e-01;1.5750000e+02;1.9382963e-01;1.5750000e+02;1.4854050e-01;1.5750000e+02;9.8809406e-02;1.5750000e+02;5.5278670e-02;1.5750000e+02;8.2607120e-03;1.5750000e+02;-3.4169771e-02;1.5750000e+02;-7.9662554e-02;1.5750000e+02;-1.2217683e-01;1.5750000e+02;-6.4618945e-02;1.5750000e+02;-3.1034514e-02;1.5750000e+02;2.2351071e-02;1.5750000e+02;8.8510737e-02;1.5750000e+02;1.7575334e-01;1.5750000e+02;2.6043096e-01;1.5750000e+02;2.8690541e-01;1.5750000e+02;2.5489229e-01;1.5750000e+02;1.9561926e-01;1.5750000e+02;2.1863744e-01;1.5750000e+02;1.9382963e-01;1.5750000e+02;1.4854050e-01;1.5750000e+02;9.8809406e-02;1.5750000e+02;5.5278670e-02;1.5750000e+02;8.2607120e-03;1.5750000e+02;-3.4169771e-02;1.5750000e+02;-7.9662554e-02;1.5750000e+02;-1.2217683e-01;1.5750000e+02;-6.4618945e-02;1.5750000e+02;-3.1034514e-02;1.5750000e+02;2.2351071e-02;1.5750000e+02;8.8510737e-02;1.5750000e+02;1.7575334e-01;1.5750000e+02;2.6043096e-01;1.5750000e+02;2.8690541e-01;1.5750000e+02;2.5489229e-01;1.5750000e+02;1.9561926e-01;1.5750000e+02;2.1863744e-01;1.5750000e+02;1.9382963e-01;1.5750000e+02;1.4854050e-01;1.5750000e+02;9.8809406e-02;1.5750000e+02;5.5278670e-02;1.5750000e+02;8.2607120e-03;1.5750000e+02;-3.4169771e-02;1.5750000e+02;-7.9662554e-02;1.5750000e+02;-1.2217683e-01;1.5750000e+02;-6.4618945e-02;1.5750000e+02;-3.1034514e-02;1.5750000e+02;2.2351071e-02;1.5750000e+02;8.8510737e-02;1.5750000e+02;1.7575334e-01;1.5750000e+02;2.6043096e-01;1.5750000e+02;2.8690541e-01;1.5750000e+02;2.5489229e-01;1.5750000e+02;1.9561926e-01;1.5750000e+02;2.1863744e-01;1.5750000e+02;1.9382963e-01;1.5750000e+02;1.4854050e-01;1.5750000e+02;9.8809406e-02;1.5750000e+02;5.5278670e-02;1.5750000e+02;8.2607120e-03;1.5750000e+02;-3.4169771e-02;1.5750000e+02;-7.9662554e-02;1.5750000e+02;-1.2217683e-01;1.5750000e+02;-6.4618945e-02;1.5750000e+02;-3.1034514e-02;1.5750000e+02;2.2351071e-02;1.5750000e+02;8.8510737e-02;1.5750000e+02;1.7575334e-01;1.5750000e+02;2.6043096e-01;1.5750000e+02;2.8690541e-01;1.5750000e+02;2.5489229e-01;1.5750000e+02;1.9561926e-01;1.5750000e+02;2.1863744e-01;1.5750000e+02;1.9382963e-01;1.5750000e+02;1.4854050e-01;1.5750000e+02;9.8809406e-02;1.5750000e+02;5.5278670e-02;1.5750000e+02;8.2607120e-03;1.5750000e+02;-3.4169771e-02;1.5750000e+02;-7.9662554e-02;1.5750000e+02;-1.2217683e-01;1.5750000e+02;-6.4618945e-02;1.5750000e+02;-3.1034514e-02;1.5750000e+02;2.2351071e-02;1.5750000e+02;8.8510737e-02;1.5750000e+02;1.7575334e-01;1.5750000e+02;2.6043096e-01;1.5750000e+02;2.8690541e-01;1.5750000e+02;2.5489229e-01;1.5750000e+02;1.9561926e-01;1.5750000e+02;2.1863744e-01;1.5750000e+02;1.9382963e-01;1.5750000e+02;1.4854050e-01;1.5750000e+02;9.8809406e-02;1.5750000e+02;5.5278670e-02;1.5750000e+02;8.2607120e-03;1.5750000e+02;-3.4169771e-02;1.5750000e+02;-7.9662554e-02;1.5750000e+02;-1.2217683e-01;1.5750000e+02;-6.4618945e-02;1.5750000e+02;-3.1034514e-02;1.5750000e+02;2.2351071e-02;1.5750000e+02;8.8510737e-02;1.5750000e+02;1.7575334e-01;1.5750000e+02;2.6043096e-01;1.5750000e+02;2.8690541e-01;1.5750000e+02;2.5489229e-01;1.5750000e+02;1.9561926e-01;1.5750000e+02;2.1863744e-01;1.5750000e+02;1.9382963e-01;1.5750000e+02;1.4854050e-01;1.5750000e+02;9.8809406e-02;1.5750000e+02;5.5278670e-02;1.5750000e+02;8.2607120e-03;1.5750000e+02;-3.4169771e-02;1.5750000e+02;-7.9662554e-02;1.5750000e+02;-1.2217683e-01;1.5750000e+02;-6.4618945e-02;1.5750000e+02;-3.1034514e-02;1.5750000e+02;2.2351071e-02;1.5750000e+02;8.8510737e-02;1.5750000e+02;1.7575334e-01;1.5750000e+02;2.6043096e-01;1.5750000e+02;2.8690541e-01;1.5750000e+02;2.5489229e-01;1.5750000e+02;1.9561926e-01;1.5750000e+02;2.1863744e-01;1.5750000e+02;1.9382963e-01;1.5750000e+02;1.4854050e-01;1.5750000e+02;9.8809406e-02;1.5750000e+02;5.5278670e-02;1.5750000e+02;8.2607120e-03;1.5750000e+02;-3.4169771e-02;1.5750000e+02;-7.9662554e-02;1.5750000e+02;-1.2217683e-01;1.5750000e+02;-6.4618945e-02;1.5750000e+02;-3.1034514e-02;1.5750000e+02;2.2351071e-02;1.5750000e+02;8.8510737e-02;1.5750000e+02;1.7575334e-01;1.5750000e+02;2.6043096e-01;1.5750000e+02;2.8690541e-01;1.5750000e+02;2.5489229e-01;1.5750000e+02;1.9561926e-01;1.5750000e+02;2.1863744e-01;1.5750000e+02;1.9382963e-01;1.5750000e+02;1.4854050e-01;1.5750000e+02;9.8809406e-02;1.5750000e+02;5.5278670e-02;1.5750000e+02;8.2607120e-03;1.5750000e+02;-3.4169771e-02;1.5750000e+02;-7.9662554e-02;1.5750000e+02;-1.2217683e-01;1.5750000e+02;-6.4618945e-02;1.5750000e+02;-3.1034514e-02;1.5750000e+02;2.2351071e-02;1.5750000e+02;8.8510737e-02;1.5750000e+02;1.7575334e-01;1.5750000e+02;2.6043096e-01;1.5750000e+02;2.8690541e-01;1.5750000e+02;2.5489229e-01;1.5750000e+02;1.9561926e-01;1.5750000e+02;2.1863744e-01;1.5750000e+02;1.9382963e-01;1.5750000e+02;1.4854050e-01;1.5750000e+02;9.8809406e-02;1.5750000e+02;5.5278670e-02;1.5750000e+02;8.2607120e-03;1.5750000e+02;-3.4169771e-02;1.5750000e+02;-7.9662554e-02;1.5750000e+02;-1.2217683e-01;1.5750000e+02;-6.4618945e-02;1.5750000e+02;-3.1034514e-02;1.5750000e+02;2.2351071e-02;1.5750000e+02;8.8510737e-02;1.5750000e+02;1.7575334e-01;1.5750000e+02;2.6043096e-01;1.5750000e+02;2.8690541e-01;1.5750000e+02;2.5489229e-01;1.5750000e+02;1.9561926e-01;1.5750000e+02;2.1863744e-01;1.5750000e+02;1.9382963e-01;1.5750000e+02;1.4854050e-01;1.5750000e+02;9.8809406e-02;1.5750000e+02;5.5278670e-02;1.5750000e+02;8.2607120e-03;1.5750000e+02;-3.4169771e-02;1.5750000e+02;-7.9662554e-02;1.5750000e+02;-1.2217683e-01;1.5750000e+02;-6.4618945e-02;1.5750000e+02;-3.1034514e-02;1.5750000e+02;2.2351071e-02;1.5750000e+02;8.8510737e-02;1.5750000e+02;1.7575334e-01;1.5750000e+02;2.6043096e-01;1.5750000e+02;2.8690541e-01;1.5750000e+02;2.5489229e-01;1.5750000e+02;1.9561926e-01;1.5750000e+02;2.1863744e-01;1.5750000e+02;1.9382963e-01;1.5750000e+02;1.4854050e-01;1.5750000e+02;9.8809406e-02;1.5750000e+02;5.5278670e-02;1.5750000e+02;8.2607120e-03;1.5750000e+02;-3.4169771e-02;1.5750000e+02;-7.9662554e-02;1.5750000e+02;-1.2217683e-01;1.5750000e+02;-6.4618945e-02;1.5750000e+02;-3.1034514e-02;1.5750000e+02;2.2351071e-02;1.5750000e+02;8.8510737e-02;1.5750000e+02;1.7575334e-01;1.5750000e+02;2.6043096e-01;1.5750000e+02;2.8690541e-01;1.5750000e+02;2.5489229e-01;1.5750000e+02;1.9561926e-01;1.5750000e+02;2.1863744e-01;1.5750000e+02;1.9382963e-01;1.5750000e+02;1.4854050e-01;1.5750000e+02;9.8809406e-02;1.5750000e+02;5.5278670e-02;1.5750000e+02;8.2607120e-03;1.5750000e+02;-3.4169771e-02;1.5750000e+02;-7.9662554e-02;1.5750000e+02;-1.2217683e-01;1.5750000e+02;-6.4618945e-02;1.5750000e+02;-3.1034514e-02;1.5750000e+02;2.2351071e-02;1.5750000e+02;8.8510737e-02;1.5750000e+02;1.7575334e-01;1.5750000e+02;2.6043096e-01;1.5750000e+02;2.8690541e-01;1.5750000e+02;2.5489229e-01;1.5750000e+02;1.9561926e-01;1.5750000e+02;2.1863744e-01;1.5750000e+02;1.9382963e-01;1.5750000e+02;1.4854050e-01;1.5750000e+02;9.8809406e-02;1.5750000e+02;5.5278670e-02;1.5750000e+02;8.2607120e-03;1.5750000e+02;-3.4169771e-02;1.5750000e+02;-7.9662554e-02;1.5750000e+02;-1.2217683e-01;1.5750000e+02;-6.4618945e-02;1.5750000e+02;-3.1034514e-02;1.5750000e+02;2.2351071e-02;1.5750000e+02;8.8510737e-02;1.5750000e+02;1.7575334e-01;1.5750000e+02;2.6043096e-01;1.5750000e+02;2.8690541e-01;1.5750000e+02;2.5489229e-01;1.5750000e+02;1.9561926e-01;1.5750000e+02;2.1863744e-01;1.5750000e+02;1.9382963e-01;1.5750000e+02;1.4854050e-01;1.5750000e+02;9.8809406e-02;1.5750000e+02;5.5278670e-02;1.5750000e+02;8.2607120e-03;1.5750000e+02;-3.4169771e-02;1.5750000e+02;-7.9662554e-02;1.5750000e+02;-1.2217683e-01;1.5750000e+02;-6.4618945e-02;1.5750000e+02;-3.1034514e-02;1.5750000e+02;2.2351071e-02;1.5750000e+02;8.8510737e-02;1.5750000e+02;1.7575334e-01;1.5750000e+02;2.6043096e-01;1.5750000e+02;2.8690541e-01;1.5750000e+02;2.5489229e-01;1.5750000e+02;1.9561926e-01;1.5750000e+02;2.1863744e-01;1.5750000e+02;1.9382963e-01;1.5750000e+02;1.4854050e-01;1.5750000e+02;9.8809406e-02;1.5750000e+02;5.5278670e-02;1.5750000e+02;8.2607120e-03;1.5750000e+02;-3.4169771e-02;1.5750000e+02;-7.9662554e-02;1.5750000e+02;-1.2217683e-01;1.5750000e+02;-6.4618945e-02;1.5750000e+02;-3.1034514e-02;1.5750000e+02;2.2351071e-02;1.5750000e+02;8.8510737e-02;1.5750000e+02;1.7575334e-01;1.5750000e+02;2.6043096e-01;1.5750000e+02;2.8690541e-01;1.5750000e+02;2.5489229e-01;1.5750000e+02;1.9561926e-01;1.5750000e+02;2.1863744e-01;1.5750000e+02;1.9382963e-01;1.5750000e+02;1.4854050e-01;1.5750000e+02;9.8809406e-02;1.5750000e+02;5.5278670e-02;1.5750000e+02;8.2607120e-03;1.5750000e+02;-3.4169771e-02;1.5750000e+02;-7.9662554e-02;1.5750000e+02;-1.2217683e-01;1.5750000e+02;-6.4618945e-02;1.5750000e+02;-3.1034514e-02;1.5750000e+02;2.2351071e-02;1.5750000e+02;8.8510737e-02;1.5750000e+02;1.7575334e-01;1.5750000e+02;2.6043096e-01;1.5750000e+02;2.8690541e-01;1.5750000e+02;2.5489229e-01;1.5750000e+02;1.9561926e-01;1.5750000e+02;2.1863744e-01;1.5750000e+02;1.9382963e-01;1.5750000e+02;1.4854050e-01;1.5750000e+02;9.8809406e-02;1.5750000e+02;5.5278670e-02;1.5750000e+02;8.2607120e-03;1.5750000e+02;-3.4169771e-02;1.5750000e+02;-7.9662554e-02;1.5750000e+02;-1.2217683e-01;1.5750000e+02;-6.4618945e-02;1.5750000e+02;-3.1034514e-02;1.5750000e+02;2.2351071e-02;1.5750000e+02;8.8510737e-02;1.5750000e+02;1.7575334e-01;1.5750000e+02;2.6043096e-01;1.5750000e+02;2.8690541e-01;1.5750000e+02;2.5489229e-01;1.5750000e+02;1.9561926e-01;1.5750000e+02;2.1863744e-01;1.5750000e+02;1.9382963e-01;1.5750000e+02;1.4854050e-01;1.5750000e+02;9.8809406e-02;1.5750000e+02;5.5278670e-02;1.5750000e+02;8.2607120e-03;1.5750000e+02;-3.4169771e-02;1.5750000e+02;-7.9662554e-02;1.5750000e+02;-1.2217683e-01;1.5750000e+02;-6.4618945e-02;1.5750000e+02;-3.1034514e-02;1.5750000e+02;2.2351071e-02;1.5750000e+02;8.8510737e-02;1.5750000e+02;1.7575334e-01;1.5750000e+02;2.6043096e-01;1.5750000e+02;2.8690541e-01;1.5750000e+02;2.5489229e-01;1.5750000e+02;1.9561926e-01;1.5750000e+02;2.1863744e-01;1.5750000e+02;1.9382963e-01;1.5750000e+02;1.4854050e-01;1.5750000e+02;9.8809406e-02;1.5750000e+02;5.5278670e-02;1.5750000e+02;8.2607120e-03;1.5750000e+02;-3.4169771e-02;1.5750000e+02;-7.9662554e-02;1.5750000e+02;-1.2217683e-01;1.5750000e+02;-6.4618945e-02;1.5750000e+02;-3.1034514e-02;1.5750000e+02;2.2351071e-02;1.5750000e+02;8.8510737e-02;1.5750000e+02;1.7575334e-01;1.5750000e+02;2.6043096e-01;1.5750000e+02;2.8690541e-01;1.5750000e+02;2.5489229e-01;1.5750000e+02;1.9561926e-01;1.5750000e+02;2.1863744e-01;1.5750000e+02;1.9382963e-01;1.5750000e+02;1.4854050e-01;1.5750000e+02;9.8809406e-02;1.5750000e+02;5.5278670e-02;1.5750000e+02;8.2607120e-03;1.5750000e+02;-3.4169771e-02;1.5750000e+02;-7.9662554e-02;1.5750000e+02;-1.2217683e-01;1.5750000e+02;-6.4618945e-02;1.5750000e+02;-3.1034514e-02;1.5750000e+02;2.2351071e-02;1.5750000e+02;8.8510737e-02;1.5750000e+02;1.7575334e-01;1.5750000e+02;2.6043096e-01;1.5750000e+02;2.8690541e-01;1.5750000e+02;2.5489229e-01;1.5750000e+02;1.9561926e-01;1.5750000e+02;2.1863744e-01;1.5750000e+02;1.9382963e-01;1.5750000e+02;1.4854050e-01;1.5750000e+02;9.8809406e-02;1.5750000e+02;5.5278670e-02;1.5750000e+02;8.2607120e-03;1.5750000e+02;-3.4169771e-02;1.5750000e+02;-7.9662554e-02;1.5750000e+02;-1.2217683e-01;1.5750000e+02;-6.4618945e-02;1.5750000e+02;-3.1034514e-02;1.5750000e+02;2.2351071e-02;1.5750000e+02;8.8510737e-02;1.5750000e+02;1.7575334e-01;1.5750000e+02;2.6043096e-01;1.5750000e+02;2.8690541e-01;1.5750000e+02;2.5489229e-01;1.5750000e+02;1.9561926e-01;1.5750000e+02;2.1863744e-01;1.5750000e+02;1.9382963e-01;1.5750000e+02;1.4854050e-01;1.5750000e+02;9.8809406e-02;1.5750000e+02;5.5278670e-02;1.5750000e+02;8.2607120e-03;1.5750000e+02;-3.4169771e-02;1.5750000e+02;-7.9662554e-02;1.5750000e+02;-1.2217683e-01;1.5750000e+02;-6.4618945e-02;1.5750000e+02;-3.1034514e-02;1.5750000e+02;2.2351071e-02;1.5750000e+02;8.8510737e-02;1.5750000e+02;1.7575334e-01;1.5750000e+02;2.6043096e-01;1.5750000e+02;2.8690541e-01;1.5750000e+02;2.5489229e-01;1.5750000e+02;1.9561926e-01;1.5750000e+02;2.1863744e-01;1.5750000e+02;1.9382963e-01;1.5750000e+02;1.4854050e-01;1.5750000e+02;9.8809406e-02;1.5750000e+02;5.5278670e-02;1.5750000e+02;8.2607120e-03;1.5750000e+02;-3.4169771e-02;1.5750000e+02;-7.9662554e-02;1.5750000e+02;-1.2217683e-01;1.5750000e+02;-6.4618945e-02;1.5750000e+02;-3.1034514e-02;1.5750000e+02;2.2351071e-02;1.5750000e+02;8.8510737e-02;1.5750000e+02;1.7575334e-01;1.5750000e+02;2.6043096e-01;1.5750000e+02;2.8690541e-01;1.5750000e+02;2.5489229e-01;1.5750000e+02;1.9561926e-01;1.5750000e+02;2.1863744e-01;1.5750000e+02;1.9382963e-01;1.5750000e+02;1.4854050e-01;1.5750000e+02;9.8809406e-02;1.5750000e+02;5.5278670e-02;1.5750000e+02;8.2607120e-03;1.5750000e+02;-3.4169771e-02;1.5750000e+02;-7.9662554e-02;1.5750000e+02;-1.2217683e-01;1.5750000e+02;-6.4618945e-02;1.5750000e+02;-3.1034514e-02;1.5750000e+02;2.2351071e-02;1.5750000e+02;8.8510737e-02;1.5750000e+02;1.7575334e-01;1.5750000e+02;2.6043096e-01;1.5750000e+02;2.8690541e-01;1.5750000e+02;2.5489229e-01;1.5750000e+02;1.9561926e-01;1.5750000e+02;2.1863744e-01;1.5750000e+02;1.9382963e-01;1.5750000e+02;1.4854050e-01;1.5750000e+02;9.8809406e-02;1.5750000e+02;5.5278670e-02;1.5750000e+02;8.2607120e-03;1.5750000e+02;-3.4169771e-02;1.5750000e+02;-7.9662554e-02;1.5750000e+02;-1.2217683e-01;1.5750000e+02;-6.4618945e-02;1.5750000e+02;-3.1034514e-02;1.5750000e+02;2.2351071e-02;1.5750000e+02;8.8510737e-02;1.5750000e+02;1.7575334e-01;1.5750000e+02;2.6043096e-01;1.5750000e+02;2.8690541e-01;1.5750000e+02;2.5489229e-01;1.5750000e+02;1.9561926e-01;1.5750000e+02;2.1863744e-01;1.5750000e+02;1.9382963e-01;1.5750000e+02;1.4854050e-01;1.5750000e+02;9.8809406e-02;1.5750000e+02;5.5278670e-02;1.5750000e+02;8.2607120e-03;1.5750000e+02;-3.4169771e-02;1.5750000e+02;-7.9662554e-02;1.5750000e+02;-1.2217683e-01;1.5750000e+02;-6.4618945e-02;1.5750000e+02;-3.1034514e-02;1.5750000e+02;2.2351071e-02;1.5750000e+02;8.8510737e-02;1.5750000e+02;1.7575334e-01;1.5750000e+02;2.6043096e-01;1.5750000e+02;2.8690541e-01;1.5750000e+02;2.5489229e-01;1.5750000e+02;1.9561926e-01;1.5750000e+02;2.1863744e-01;1.5750000e+02;1.9382963e-01;1.5750000e+02;1.4854050e-01;1.5750000e+02;9.8809406e-02;1.5750000e+02;5.5278670e-02;1.5750000e+02;8.2607120e-03;1.5750000e+02;-3.4169771e-02;1.5750000e+02;-7.9662554e-02;1.5750000e+02;-1.2217683e-01;1.5750000e+02;-6.4618945e-02;1.5750000e+02;-3.1034514e-02;1.5750000e+02;2.2351071e-02;1.5750000e+02;8.8510737e-02;1.5750000e+02;1.7575334e-01;1.5750000e+02;2.6043096e-01;1.5750000e+02;2.8690541e-01;1.5750000e+02;2.5489229e-01;1.5750000e+02;1.9561926e-01;1.5750000e+02;2.1863744e-01;1.5750000e+02;1.9382963e-01;1.5750000e+02;1.4854050e-01;1.5750000e+02;9.8809406e-02;1.5750000e+02;5.5278670e-02;1.5750000e+02;8.2607120e-03;1.5750000e+02;-3.4169771e-02;1.5750000e+02;-7.9662554e-02;1.5750000e+02;-1.2217683e-01;1.5750000e+02;-6.4618945e-02;1.5750000e+02;-3.1034514e-02;1.5750000e+02;2.2351071e-02;1.5750000e+02;8.8510737e-02;1.5750000e+02;1.7575334e-01;1.5750000e+02;2.6043096e-01;1.5750000e+02;2.8690541e-01;1.5750000e+02;2.5489229e-01;1.5750000e+02;1.9561926e-01;1.5750000e+02;2.1863744e-01;1.5750000e+02;1.9382963e-01;1.5750000e+02;1.4854050e-01;1.5750000e+02;9.8809406e-02;1.5750000e+02;5.5278670e-02;1.5750000e+02;8.2607120e-03;1.5750000e+02;-3.4169771e-02;1.5750000e+02;-7.9662554e-02;1.5750000e+02;-1.2217683e-01;1.5750000e+02;-6.4618945e-02;1.5750000e+02;-3.1034514e-02;1.5750000e+02;2.2351071e-02;1.5750000e+02;8.8510737e-02;1.5750000e+02;1.7575334e-01;1.5750000e+02;2.6043096e-01;1.5750000e+02;2.8690541e-01;1.5750000e+02;2.5489229e-01;1.5750000e+02;1.9561926e-01;1.5750000e+02;2.1863744e-01;1.5750000e+02;1.9382963e-01;1.5750000e+02;1.4854050e-01;1.5750000e+02;9.8809406e-02;1.5750000e+02;5.5278670e-02;1.5750000e+02;8.2607120e-03;1.5750000e+02;-3.4169771e-02;1.5750000e+02;-7.9662554e-02;1.5750000e+02;-1.2217683e-01;1.5750000e+02;-6.4618945e-02;1.5750000e+02;-3.1034514e-02;1.5750000e+02;2.2351071e-02;1.5750000e+02;8.8510737e-02;1.5750000e+02;1.7575334e-01;1.5750000e+02;2.6043096e-01;1.5750000e+02;2.8690541e-01;1.5750000e+02;2.5489229e-01;1.5750000e+02;1.9561926e-01;1.5750000e+02;2.1863744e-01;1.5750000e+02;1.9382963e-01;1.5750000e+02;1.4854050e-01;1.5750000e+02;9.8809406e-02;1.5750000e+02;5.5278670e-02;1.5750000e+02;8.2607120e-03;1.5750000e+02;-3.4169771e-02;1.5750000e+02;-7.9662554e-02;1.5750000e+02;-1.2217683e-01
1.6250000e+02;-5.7975627e-02;1.6250000e+02;-2.3861112e-02;1.6250000e+02;3.7276387e-02;1.6250000e+02;1.1043534e-01;1.6250000e+02;1.9103356e-01;1.6250000e+02;2.6252359e-01;1.6250000e+02;2.9964876e-01;1.6250000e+02;2.7311778e-01;1.6250000e+02;2.1503830e-01;1.6250000e+02;2.2044325e-01;1.6250000e+02;1.9474690e-01;1.6250000e+02;1.4932647e-01;1.6250000e+02;9.8147810e-02;1.6250000e+02;5.4867260e-02;1.6250000e+02;6.0220025e-03;1.6250000e+02;-3.5330899e-02;1.6250000e+02;-7.7292822e-02;1.6250000e+02;-1.2510739e-01;1.6250000e+02;-5.7975627e-02;1.6250000e+02;-2.3861112e-02;1.6250000e+02;3.7276387e-02;1.6250000e+02;1.1043534e-01;1.6250000e+02;1.9103356e-01;1.6250000e+02;2.6252359e-01;1.6250000e+02;2.9964876e-01;1.6250000e+02;2.7311778e-01;1.6250000e+02;2.1503830e-01;1.6250000e+02;2.2044325e-01;1.6250000e+02;1.9474690e-01;1.6250000e+02;1.4932647e-01;1.6250000e+02;9.8147810e-02;1.6250000e+02;5.4867260e-02;1.6250000e+02;6.0220025e-03;1.6250000e+02;-3.5330899e-02;1.6250000e+02;-7.7292822e-02;1.6250000e+02;-1.2510739e-01;1.6250000e+02;-5.7975627e-02;1.6250000e+02;-2.3861112e-02;1.6250000e+02;3.7276387e-02;1.6250000e+02;1.1043534e-01;1.6250000e+02;1.9103356e-01;1.6250000e+02;2.6252359e-01;1.6250000e+02;2.9964876e-01;1.6250000e+02;2.7311778e-01;1.6250000e+02;2.1503830e-01;1.6250000e+02;2.2044325e-01;1.6250000e+02;1.9474690e-01;1.6250000e+02;1.4932647e-01;1.6250000e+02;9.8147810e-02;1.6250000e+02;5.4867260e-02;1.6250000e+02;6.0220025e-03;1.6250000e+02;-3.5330899e-02;1.6250000e+02;-7.7292822e-02;1.6250000e+02;-1.2510739e-01;1.6250000e+02;-5.7975627e-02;1.6250000e+02;-2.3861112e-02;1.6250000e+02;3.7276387e-02;1.6250000e+02;1.1043534e-01;1.6250000e+02;1.9103356e-01;1.6250000e+02;2.6252359e-01;1.6250000e+02;2.9964876e-01;1.6250000e+02;2.7311778e-01;1.6250000e+02;2.1503830e-01;1.6250000e+02;2.2044325e-01;1.6250000e+02;1.9474690e-01;1.6250000e+02;1.4932647e-01;1.6250000e+02;9.8147810e-02;1.6250000e+02;5.4867260e-02;1.6250000e+02;6.0220025e-03;1.6250000e+02;-3.5330899e-02;1.6250000e+02;-7.7292822e-02;1.6250000e+02;-1.2510739e-01;1.6250000e+02;-5.7975627e-02;1.6250000e+02;-2.3861112e-02;1.6250000e+02;3.7276387e-02;1.6250000e+02;1.1043534e-01;1.6250000e+02;1.9103356e-01;1.6250000e+02;2.6252359e-01;1.6250000e+02;2.9964876e-01;1.6250000e+02;2.7311778e-01;1.6250000e+02;2.1503830e-01;1.6250000e+02;2.2044325e-01;1.6250000e+02;1.9474690e-01;1.6250000e+02;1.4932647e-01;1.6250000e+02;9.8147810e-02;1.6250000e+02;5.4867260e-02;1.6250000e+02;6.0220025e-03;1.6250000e+02;-3.5330899e-02;1.6250000e+02;-7.7292822e-02;1.6250000e+02;-1.2510739e-01;1.6250000e+02;-5.7975627e-02;1.6250000e+02;-2.3861112e-02;1.6250000e+02;3.7276387e-02;1.6250000e+02;1.1043534e-01;1.6250000e+02;1.9103356e-01;1.6250000e+02;2.6252359e-01;1.6250000e+02;2.9964876e-01;1.6250000e+02;2.7311778e-01;1.6250000e+02;2.1503830e-01;1.6250000e+02;2.2044325e-01;1.6250000e+02;1.9474690e-01;1.6250000e+02;1.4932647e-01;1.6250000e+02;9.8147810e-02;1.6250000e+02;5.4867260e-02;1.6250000e+02;6.0220025e-03;1.6250000e+02;-3.5330899e-02;1.6250000e+02;-7.7292822e-02;1.6250000e+02;-1.2510739e-01;1.6250000e+02;-5.7975627e-02;1.6250000e+02;-2.3861112e-02;1.6250000e+02;3.7276387e-02;1.6250000e+02;1.1043534e-01;1.6250000e+02;1.9103356e-01;1.6250000e+02;2.6252359e-01;1.6250000e+02;2.9964876e-01;1.6250000e+02;2.7311778e-01;1.6250000e+02;2.1503830e-01;1.6250000e+02;2.2044325e-01;1.6250000e+02;1.9474690e-01;1.6250000e+02;1.4932647e-01;1.6250000e+02;9.8147810e-02;1.6250000e+02;5.4867260e-02;1.6250000e+02;6.0220025e-03;1.6250000e+02;-3.5330899e-02;1.6250000e+02;-7.7292822e-02;1.6250000e+02;-1.2510739e-01;1.6250000e+02;-5.7975627e-02;1.6250000e+02;-2.3861112e-02;1.6250000e+02;3.7276387e-02;1.6250000e+02;1.1043534e-01;1.6250000e+02;1.9103356e-01;1.6250000e+02;2.6252359e-01;1.6250000e+02;2.9964876e-01;1.6250000e+02;2.7311778e-01;1.6250000e+02;2.1503830e-01;1.6250000e+02;2.2044325e-01;1.6250000e+02;1.9474690e-01;1.6250000e+02;1.4932647e-01;1.6250000e+02;9.8147810e-02;1.6250000e+02;5.4867260e-02;1.6250000e+02;6.0220025e-03;1.6250000e+02;-3.5330899e-02;1.6250000e+02;-7.7292822e-02;1.6250000e+02;-1.2510739e-01;1.6250000e+02;-5.7975627e-02;1.6250000e+02;-2.3861112e-02;1.6250000e+02;3.7276387e-02;1.6250000e+02;1.1043534e-01;1.6250000e+02;1.9103356e-01;1.6250000e+02;2.6252359e-01;1.6250000e+02;2.9964876e-01;1.6250000e+02;2.7311778e-01;1.6250000e+02;2.1503830e-01;1.6250000e+02;2.2044325e-01;1.6250000e+02;1.9474690e-01;1.6250000e+02;1.4932647e-01;1.6250000e+02;9.8147810e-02;1.6250000e+02;5.4867260e-02;1.6250000e+02;6.0220025e-03;1.6250000e+02;-3.5330899e-02;1.6250000e+02;-7.7292822e-02;1.6250000e+02;-1.2510739e-01;1.6250000e+02;-5.7975627e-02;1.6250000e+02;-2.3861112e-02;1.6250000e+02;3.7276387e-02;1.6250000e+02;1.1043534e-01;1.6250000e+02;1.9103356e-01;1.6250000e+02;2.6252359e-01;1.6250000e+02;2.9964876e-01;1.6250000e+02;2.7311778e-01;1.6250000e+02;2.1503830e-01;1.6250000e+02;2.2044325e-01;1.6250000e+02;1.9474690e-01;1.6250000e+02;1.4932647e-01;1.6250000e+02;9.8147810e-02;1.6250000e+02;5.4867260e-02;1.6250000e+02;6.0220025e-03;1.6250000e+02;-3.5330899e-02;1.6250000e+02;-7.7292822e-02;1.6250000e+02;-1.2510739e-01;1.6250000e+02;-5.7975627e-02;1.6250000e+02;-2.3861112e-02;1.6250000e+02;3.7276387e-02;1.6250000e+02;1.1043534e-01;1.6250000e+02;1.9103356e-01;1.6250000e+02;2.6252359e-01;1.6250000e+02;2.9964876e-01;1.6250000e+02;2.7311778e-01;1.6250000e+02;2.1503830e-01;1.6250000e+02;2.2044325e-01;1.6250000e+02;1.9474690e-01;1.6250000e+02;1.4932647e-01;1.6250000e+02;9.8147810e-02;1.6250000e+02;5.4867260e-02;1.6250000e+02;6.0220025e-03;1.6250000e+02;-3.5330899e-02;1.6250000e+02;-7.7292822e-02;1.6250000e+02;-1.2510739e-01;1.6250000e+02;-5.7975627e-02;1.6250000e+02;-2.3861112e-02;1.6250000e+02;3.7276387e-02;1.6250000e+02;1.1043534e-01;1.6250000e+02;1.9103356e-01;1.6250000e+02;2.6252359e-01;1.6250000e+02;2.9964876e-01;1.6250000e+02;2.7311778e-01;1.6250000e+02;2.1503830e-01;1.6250000e+02;2.2044325e-01;1.6250000e+02;1.9474690e-01;1.6250000e+02;1.4932647e-01;1.6250000e+02;9.8147810e-02;1.6250000e+02;5.4867260e-02;1.6250000e+02;6.0220025e-03;1.6250000e+02;-3.5330899e-02;1.6250000e+02;-7.7292822e-02;1.6250000e+02;-1.2510739e-01;1.6250000e+02;-5.7975627e-02;1.6250000e+02;-2.3861112e-02;1.6250000e+02;3.7276387e-02;1.6250000e+02;1.1043534e-01;1.6250000e+02;1.9103356e-01;1.6250000e+02;2.6252359e-01;1.6250000e+02;2.9964876e-01;1.6250000e+02;2.7311778e-01;1.6250000e+02;2.1503830e-01;1.6250000e+02;2.2044325e-01;1.6250000e+02;1.9474690e-01;1.6250000e+02;1.4932647e-01;1.6250000e+02;9.8147810e-02;1.6250000e+02;5.4867260e-02;1.6250000e+02;6.0220025e-03;1.6250000e+02;-3.5330899e-02;1.6250000e+02;-7.7292822e-02;1.6250000e+02;-1.2510739e-01;1.6250000e+02;-5.7975627e-02;1.6250000e+02;-2.3861112e-02;1.6250000e+02;3.7276387e-02;1.6250000e+02;1.1043534e-01;1.6250000e+02;1.9103356e-01;1.6250000e+02;2.6252359e-01;1.6250000e+02;2.9964876e-01;1.6250000e+02;2.7311778e-01;1.6250000e+02;2.1503830e-01;1.6250000e+02;2.2044325e-01;1.6250000e+02;1.9474690e-01;1.6250000e+02;1.4932647e-01;1.6250000e+02;9.8147810e-02;1.6250000e+02;5.4867260e-02;1.6250000e+02;6.0220025e-03;1.6250000e+02;-3.5330899e-02;1.6250000e+02;-7.7292822e-02;1.6250000e+02;-1.2510739e-01;1.6250000e+02;-5.7975627e-02;1.6250000e+02;-2.3861112e-02;1.6250000e+02;3.7276387e-02;1.6250000e+02;1.1043534e-01;1.6250000e+02;1.9103356e-01;1.6250000e+02;2.6252359e-01;1.6250000e+02;2.9964876e-01;1.6250000e+02;2.7311778e-01;1.6250000e+02;2.1503830e-01;1.6250000e+02;2.2044325e-01;1.6250000e+02;1.9474690e-01;1.6250000e+02;1.4932647e-01;1.6250000e+02;9.8147810e-02;1.6250000e+02;5.4867260e-02;1.6250000e+02;6.0220025e-03;1.6250000e+02;-3.5330899e-02;1.6250000e+02;-7.7292822e-02;1.6250000e+02;-1.2510739e-01;1.6250000e+02;-5.7975627e-02;1.6250000e+02;-2.3861112e-02;1.6250000e+02;3.7276387e-02;1.6250000e+02;1.1043534e-01;1.6250000e+02;1.9103356e-01;1.6250000e+02;2.6252359e-01;1.6250000e+02;2.9964876e-01;1.6250000e+02;2.7311778e-01;1.6250000e+02;2.1503830e-01;1.6250000e+02;2.2044325e-01;1.6250000e+02;1.9474690e-01;1.6250000e+02;1.4932647e-01;1.6250000e+02;9.8147810e-02;1.6250000e+02;5.4867260e-02;1.6250000e+02;6.0220025e-03;1.6250000e+02;-3.5330899e-02;1.6250000e+02;-7.7292822e-02;1.6250000e+02;-1.2510739e-01;1.6250000e+02;-5.7975627e-02;1.6250000e+02;-2.3861112e-02;1.6250000e+02;3.7276387e-02;1.6250000e+02;1.1043534e-01;1.6250000e+02;1.9103356e-01;1.6250000e+02;2.6252359e-01;1.6250000e+02;2.9964876e-01;1.6250000e+02;2.7311778e-01;1.6250000e+02;2.1503830e-01;1.6250000e+02;2.2044325e-01;1.6250000e+02;1.9474690e-01;1.6250000e+02;1.4932647e-01;1.6250000e+02;9.8147810e-02;1.6250000e+02;5.4867260e-02;1.6250000e+02;6.0220025e-03;1.6250000e+02;-3.5330899e-02;1.6250000e+02;-7.7292822e-02;1.6250000e+02;-1.2510739e-01;1.6250000e+02;-5.7975627e-02;1.6250000e+02;-2.3861112e-02;1.6250000e+02;3.7276387e-02;1.6250000e+02;1.1043534e-01;1.6250000e+02;1.9103356e-01;1.6250000e+02;2.6252359e-01;1.6250000e+02;2.9964876e-01;1.6250000e+02;2.7311778e-01;1.6250000e+02;2.1503830e-01;1.6250000e+02;2.2044325e-01;1.6250000e+02;1.9474690e-01;1.6250000e+02;1.4932647e-01;1.6250000e+02;9.8147810e-02;1.6250000e+02;5.4867260e-02;1.6250000e+02;6.0220025e-03;1.6250000e+02;-3.5330899e-02;1.6250000e+02;-7.7292822e-02;1.6250000e+02;-1.2510739e-01;1.6250000e+02;-5.7975627e-02;1.6250000e+02;-2.3861112e-02;1.6250000e+02;3.7276387e-02;1.6250000e+02;1.1043534e-01;1.6250000e+02;1.9103356e-01;1.6250000e+02;2.6252359e-01;1.6250000e+02;2.9964876e-01;1.6250000e+02;2.7311778e-01;1.6250000e+02;2.1503830e-01;1.6250000e+02;2.2044325e-01;1.6250000e+02;1.9474690e-01;1.6250000e+02;1.4932647e-01;1.6250000e+02;9.8147810e-02;1.6250000e+02;5.4867260e-02;1.6250000e+02;6.0220025e-03;1.6250000e+02;-3.5330899e-02;1.6250000e+02;-7.7292822e-02;1.6250000e+02;-1.2510739e-01;1.6250000e+02;-5.7975627e-02;1.6250000e+02;-2.3861112e-02;1.6250000e+02;3.7276387e-02;1.6250000e+02;1.1043534e-01;1.6250000e+02;1.9103356e-01;1.6250000e+02;2.6252359e-01;1.6250000e+02;2.9964876e-01;1.6250000e+02;2.7311778e-01;1.6250000e+02;2.1503830e-01;1.6250000e+02;2.2044325e-01;1.6250000e+02;1.9474690e-01;1.6250000e+02;1.4932647e-01;1.6250000e+02;9.8147810e-02;1.6250000e+02;5.4867260e-02;1.6250000e+02;6.0220025e-03;1.6250000e+02;-3.5330899e-02;1.6250000e+02;-7.7292822e-02;1.6250000e+02;-1.2510739e-01;1.6250000e+02;-5.7975627e-02;1.6250000e+02;-2.3861112e-02;1.6250000e+02;3.7276387e-02;1.6250000e+02;1.1043534e-01;1.6250000e+02;1.9103356e-01;1.6250000e+02;2.6252359e-01;1.6250000e+02;2.9964876e-01;1.6250000e+02;2.7311778e-01;1.6250000e+02;2.1503830e-01;1.6250000e+02;2.2044325e-01;1.6250000e+02;1.9474690e-01;1.6250000e+02;1.4932647e-01;1.6250000e+02;9.8147810e-02;1.6250000e+02;5.4867260e-02;1.6250000e+02;6.0220025e-03;1.6250000e+02;-3.5330899e-02;1.6250000e+02;-7.7292822e-02;1.6250000e+02;-1.2510739e-01;1.6250000e+02;-5.7975627e-02;1.6250000e+02;-2.3861112e-02;1.6250000e+02;3.7276387e-02;1.6250000e+02;1.1043534e-01;1.6250000e+02;1.9103356e-01;1.6250000e+02;2.6252359e-01;1.6250000e+02;2.9964876e-01;1.6250000e+02;2.7311778e-01;1.6250000e+02;2.1503830e-01;1.6250000e+02;2.2044325e-01;1.6250000e+02;1.9474690e-01;1.6250000e+02;1.4932647e-01;1.6250000e+02;9.8147810e-02;1.6250000e+02;5.4867260e-02;1.6250000e+02;6.0220025e-03;1.6250000e+02;-3.5330899e-02;1.6250000e+02;-7.7292822e-02;1.6250000e+02;-1.2510739e-01;1.6250000e+02;-5.7975627e-02;1.6250000e+02;-2.3861112e-02;1.6250000e+02;3.7276387e-02;1.6250000e+02;1.1043534e-01;1.6250000e+02;1.9103356e-01;1.6250000e+02;2.6252359e-01;1.6250000e+02;2.9964876e-01;1.6250000e+02;2.7311778e-01;1.6250000e+02;2.1503830e-01;1.6250000e+02;2.2044325e-01;1.6250000e+02;1.9474690e-01;1.6250000e+02;1.4932647e-01;1.6250000e+02;9.8147810e-02;1.6250000e+02;5.4867260e-02;1.6250000e+02;6.0220025e-03;1.6250000e+02;-3.5330899e-02;1.6250000e+02;-7.7292822e-02;1.6250000e+02;-1.2510739e-01;1.6250000e+02;-5.7975627e-02;1.6250000e+02;-2.3861112e-02;1.6250000e+02;3.7276387e-02;1.6250000e+02;1.1043534e-01;1.6250000e+02;1.9103356e-01;1.6250000e+02;2.6252359e-01;1.6250000e+02;2.9964876e-01;1.6250000e+02;2.7311778e-01;1.6250000e+02;2.1503830e-01;1.6250000e+02;2.2044325e-01;1.6250000e+02;1.9474690e-01;1.6250000e+02;1.4932647e-01;1.6250000e+02;9.8147810e-02;1.6250000e+02;5.4867260e-02;1.6250000e+02;6.0220025e-03;1.6250000e+02;-3.5330899e-02;1.6250000e+02;-7.7292822e-02;1.6250000e+02;-1.2510739e-01;1.6250000e+02;-5.7975627e-02;1.6250000e+02;-2.3861112e-02;1.6250000e+02;3.7276387e-02;1.6250000e+02;1.1043534e-01;1.6250000e+02;1.9103356e-01;1.6250000e+02;2.6252359e-01;1.6250000e+02;2.9964876e-01;1.6250000e+02;2.7311778e-01;1.6250000e+02;2.1503830e-01;1.6250000e+02;2.2044325e-01;1.6250000e+02;1.9474690e-01;1.6250000e+02;1.4932647e-01;1.6250000e+02;9.8147810e-02;1.6250000e+02;5.4867260e-02;1.6250000e+02;6.0220025e-03;1.6250000e+02;-3.5330899e-02;1.6250000e+02;-7.7292822e-02;1.6250000e+02;-1.2510739e-01;1.6250000e+02;-5.7975627e-02;1.6250000e+02;-2.3861112e-02;1.6250000e+02;3.7276387e-02;1.6250000e+02;1.1043534e-01;1.6250000e+02;1.9103356e-01;1.6250000e+02;2.6252359e-01;1.6250000e+02;2.9964876e-01;1.6250000e+02;2.7311778e-01;1.6250000e+02;2.1503830e-01;1.6250000e+02;2.2044325e-01;1.6250000e+02;1.9474690e-01;1.6250000e+02;1.4932647e-01;1.6250000e+02;9.8147810e-02;1.6250000e+02;5.4867260e-02;1.6250000e+02;6.0220025e-03;1.6250000e+02;-3.5330899e-02;1.6250000e+02;-7.7292822e-02;1.6250000e+02;-1.2510739e-01;1.6250000e+02;-5.7975627e-02;1.6250000e+02;-2.3861112e-02;1.6250000e+02;3.7276387e-02;1.6250000e+02;1.1043534e-01;1.6250000e+02;1.9103356e-01;1.6250000e+02;2.6252359e-01;1.6250000e+02;2.9964876e-01;1.6250000e+02;2.7311778e-01;1.6250000e+02;2.1503830e-01;1.6250000e+02;2.2044325e-01;1.6250000e+02;1.9474690e-01;1.6250000e+02;1.4932647e-01;1.6250000e+02;9.8147810e-02;1.6250000e+02;5.4867260e-02;1.6250000e+02;6.0220025e-03;1.6250000e+02;-3.5330899e-02;1.6250000e+02;-7.7292822e-02;1.6250000e+02;-1.2510739e-01;1.6250000e+02;-5.7975627e-02;1.6250000e+02;-2.3861112e-02;1.6250000e+02;3.7276387e-02;1.6250000e+02;1.1043534e-01;1.6250000e+02;1.9103356e-01;1.6250000e+02;2.6252359e-01;1.6250000e+02;2.9964876e-01;1.6250000e+02;2.7311778e-01;1.6250000e+02;2.1503830e-01;1.6250000e+02;2.2044325e-01;1.6250000e+02;1.9474690e-01;1.6250000e+02;1.4932647e-01;1.6250000e+02;9.8147810e-02;1.6250000e+02;5.4867260e-02;1.6250000e+02;6.0220025e-03;1.6250000e+02;-3.5330899e-02;1.6250000e+02;-7.7292822e-02;1.6250000e+02;-1.2510739e-01;1.6250000e+02;-5.7975627e-02;1.6250000e+02;-2.3861112e-02;1.6250000e+02;3.7276387e-02;1.6250000e+02;1.1043534e-01;1.6250000e+02;1.9103356e-01;1.6250000e+02;2.6252359e-01;1.6250000e+02;2.9964876e-01;1.6250000e+02;2.7311778e-01;1.6250000e+02;2.1503830e-01;1.6250000e+02;2.2044325e-01;1.6250000e+02;1.9474690e-01;1.6250000e+02;1.4932647e-01;1.6250000e+02;9.8147810e-02;1.6250000e+02;5.4867260e-02;1.6250000e+02;6.0220025e-03;1.6250000e+02;-3.5330899e-02;1.6250000e+02;-7.7292822e-02;1.6250000e+02;-1.2510739e-01;1.6250000e+02;-5.7975627e-02;1.6250000e+02;-2.3861112e-02;1.6250000e+02;3.7276387e-02;1.6250000e+02;1.1043534e-01;1.6250000e+02;1.9103356e-01;1.6250000e+02;2.6252359e-01;1.6250000e+02;2.9964876e-01;1.6250000e+02;2.7311778e-01;1.6250000e+02;2.1503830e-01;1.6250000e+02;2.2044325e-01;1.6250000e+02;1.9474690e-01;1.6250000e+02;1.4932647e-01;1.6250000e+02;9.8147810e-02;1.6250000e+02;5.4867260e-02;1.6250000e+02;6.0220025e-03;1.6250000e+02;-3.5330899e-02;1.6250000e+02;-7.7292822e-02;1.6250000e+02;-1.2510739e-01;1.6250000e+02;-5.7975627e-02;1.6250000e+02;-2.3861112e-02;1.6250000e+02;3.7276387e-02;1.6250000e+02;1.1043534e-01;1.6250000e+02;1.9103356e-01;1.6250000e+02;2.6252359e-01;1.6250000e+02;2.9964876e-01;1.6250000e+02;2.7311778e-01;1.6250000e+02;2.1503830e-01;1.6250000e+02;2.2044325e-01;1.6250000e+02;1.9474690e-01;1.6250000e+02;1.4932647e-01;1.6250000e+02;9.8147810e-02;1.6250000e+02;5.4867260e-02;1.6250000e+02;6.0220025e-03;1.6250000e+02;-3.5330899e-02;1.6250000e+02;-7.7292822e-02;1.6250000e+02;-1.2510739e-01;1.6250000e+02;-5.7975627e-02;1.6250000e+02;-2.3861112e-02;1.6250000e+02;3.7276387e-02;1.6250000e+02;1.1043534e-01;1.6250000e+02;1.9103356e-01;1.6250000e+02;2.6252359e-01;1.6250000e+02;2.9964876e-01;1.6250000e+02;2.7311778e-01;1.6250000e+02;2.1503830e-01;1.6250000e+02;2.2044325e-01;1.6250000e+02;1.9474690e-01;1.6250000e+02;1.4932647e-01;1.6250000e+02;9.8147810e-02;1.6250000e+02;5.4867260e-02;1.6250000e+02;6.0220025e-03;1.6250000e+02;-3.5330899e-02;1.6250000e+02;-7.7292822e-02;1.6250000e+02;-1.2510739e-01;1.6250000e+02;-5.7975627e-02;1.6250000e+02;-2.3861112e-02;1.6250000e+02;3.7276387e-02;1.6250000e+02;1.1043534e-01;1.6250000e+02;1.9103356e-01;1.6250000e+02;2.6252359e-01;1.6250000e+02;2.9964876e-01;1.6250000e+02;2.7311778e-01;1.6250000e+02;2.1503830e-01;1.6250000e+02;2.2044325e-01;1.6250000e+02;1.9474690e-01;1.6250000e+02;1.4932647e-01;1.6250000e+02;9.8147810e-02;1.6250000e+02;5.4867260e-02;1.6250000e+02;6.0220025e-03;1.6250000e+02;-3.5330899e-02;1.6250000e+02;-7.7292822e-02;1.6250000e+02;-1.2510739e-01;1.6250000e+02;-5.7975627e-02;1.6250000e+02;-2.3861112e-02;1.6250000e+02;3.7276387e-02;1.6250000e+02;1.1043534e-01;1.6250000e+02;1.9103356e-01;1.6250000e+02;2.6252359e-01;1.6250000e+02;2.9964876e-01;1.6250000e+02;2.7311778e-01;1.6250000e+02;2.1503830e-01;1.6250000e+02;2.2044325e-01;1.6250000e+02;1.9474690e-01;1.6250000e+02;1.4932647e-01;1.6250000e+02;9.8147810e-02;1.6250000e+02;5.4867260e-02;1.6250000e+02;6.0220025e-03;1.6250000e+02;-3.5330899e-02;1.6250000e+02;-7.7292822e-02;1.6250000e+02;-1.2510739e-01;1.6250000e+02;-5.7975627e-02;1.6250000e+02;-2.3861112e-02;1.6250000e+02;3.7276387e-02;1.6250000e+02;1.1043534e-01;1.6250000e+02;1.9103356e-01;1.6250000e+02;2.6252359e-01;1.6250000e+02;2.9964876e-01;1.6250000e+02;2.7311778e-01;1.6250000e+02;2.1503830e-01;1.6250000e+02;2.2044325e-01;1.6250000e+02;1.9474690e-01;1.6250000e+02;1.4932647e-01;1.6250000e+02;9.8147810e-02;1.6250000e+02;5.4867260e-02;1.6250000e+02;6.0220025e-03;1.6250000e+02;-3.5330899e-02;1.6250000e+02;-7.7292822e-02;1.6250000e+02;-1.2510739e-01;1.6250000e+02;-5.7975627e-02;1.6250000e+02;-2.3861112e-02;1.6250000e+02;3.7276387e-02;1.6250000e+02;1.1043534e-01;1.6250000e+02;1.9103356e-01;1.6250000e+02;2.6252359e-01;1.6250000e+02;2.9964876e-01;1.6250000e+02;2.7311778e-01;1.6250000e+02;2.1503830e-01;1.6250000e+02;2.2044325e-01;1.6250000e+02;1.9474690e-01;1.6250000e+02;1.4932647e-01;1.6250000e+02;9.8147810e-02;1.6250000e+02;5.4867260e-02;1.6250000e+02;6.0220025e-03;1.6250000e+02;-3.5330899e-02;1.6250000e+02;-7.7292822e-02;1.6250000e+02;-1.2510739e-01;1.6250000e+02;-5.7975627e-02;1.6250000e+02;-2.3861112e-02;1.6250000e+02;3.7276387e-02;1.6250000e+02;1.1043534e-01;1.6250000e+02;1.9103356e-01;1.6250000e+02;2.6252359e-01;1.6250000e+02;2.9964876e-01;1.6250000e+02;2.7311778e-01;1.6250000e+02;2.1503830e-01;1.6250000e+02;2.2044325e-01;1.6250000e+02;1.9474690e-01;1.6250000e+02;1.4932647e-01;1.6250000e+02;9.8147810e-02;1.6250000e+02;5.4867260e-02;1.6250000e+02;6.0220025e-03;1.6250000e+02;-3.5330899e-02;1.6250000e+02;-7.7292822e-02;1.6250000e+02;-1.2510739e-01;1.6250000e+02;-5.7975627e-02;1.6250000e+02;-2.3861112e-02;1.6250000e+02;3.7276387e-02;1.6250000e+02;1.1043534e-01;1.6250000e+02;1.9103356e-01;1.6250000e+02;2.6252359e-01;1.6250000e+02;2.9964876e-01;1.6250000e+02;2.7311778e-01;1.6250000e+02;2.1503830e-01;1.6250000e+02;2.2044325e-01;1.6250000e+02;1.9474690e-01;1.6250000e+02;1.4932647e-01;1.6250000e+02;9.8147810e-02;1.6250000e+02;5.4867260e-02;1.6250000e+02;6.0220025e-03;1.6250000e+02;-3.5330899e-02;1.6250000e+02;-7.7292822e-02;1.6250000e+02;-1.2510739e-01;1.6250000e+02;-5.7975627e-02;1.6250000e+02;-2.3861112e-02;1.6250000e+02;3.7276387e-02;1.6250000e+02;1.1043534e-01;1.6250000e+02;1.9103356e-01;1.6250000e+02;2.6252359e-01;1.6250000e+02;2.9964876e-01;1.6250000e+02;2.7311778e-01;1.6250000e+02;2.1503830e-01;1.6250000e+02;2.2044325e-01;1.6250000e+02;1.9474690e-01;1.6250000e+02;1.4932647e-01;1.6250000e+02;9.8147810e-02;1.6250000e+02;5.4867260e-02;1.6250000e+02;6.0220025e-03;1.6250000e+02;-3.5330899e-02;1.6250000e+02;-7.7292822e-02;1.6250000e+02;-1.2510739e-01;1.6250000e+02;-5.7975627e-02;1.6250000e+02;-2.3861112e-02;1.6250000e+02;3.7276387e-02;1.6250000e+02;1.1043534e-01;1.6250000e+02;1.9103356e-01;1.6250000e+02;2.6252359e-01;1.6250000e+02;2.9964876e-01;1.6250000e+02;2.7311778e-01;1.6250000e+02;2.1503830e-01;1.6250000e+02;2.2044325e-01;1.6250000e+02;1.9474690e-01;1.6250000e+02;1.4932647e-01;1.6250000e+02;9.8147810e-02;1.6250000e+02;5.4867260e-02;1.6250000e+02;6.0220025e-03;1.6250000e+02;-3.5330899e-02;1.6250000e+02;-7.7292822e-02;1.6250000e+02;-1.2510739e-01;1.6250000e+02;-5.7975627e-02;1.6250000e+02;-2.3861112e-02;1.6250000e+02;3.7276387e-02;1.6250000e+02;1.1043534e-01;1.6250000e+02;1.9103356e-01;1.6250000e+02;2.6252359e-01;1.6250000e+02;2.9964876e-01;1.6250000e+02;2.7311778e-01;1.6250000e+02;2.1503830e-01;1.6250000e+02;2.2044325e-01;1.6250000e+02;1.9474690e-01;1.6250000e+02;1.4932647e-01;1.6250000e+02;9.8147810e-02;1.6250000e+02;5.4867260e-02;1.6250000e+02;6.0220025e-03;1.6250000e+02;-3.5330899e-02;1.6250000e+02;-7.7292822e-02;1.6250000e+02;-1.2510739e-01;1.6250000e+02;-5.7975627e-02;1.6250000e+02;-2.3861112e-02;1.6250000e+02;3.7276387e-02;1.6250000e+02;1.1043534e-01;1.6250000e+02;1.9103356e-01;1.6250000e+02;2.6252359e-01;1.6250000e+02;2.9964876e-01;1.6250000e+02;2.7311778e-01;1.6250000e+02;2.1503830e-01;1.6250000e+02;2.2044325e-01;1.6250000e+02;1.9474690e-01;1.6250000e+02;1.4932647e-01;1.6250000e+02;9.8147810e-02;1.6250000e+02;5.4867260e-02;1.6250000e+02;6.0220025e-03;1.6250000e+02;-3.5330899e-02;1.6250000e+02;-7.7292822e-02;1.6250000e+02;-1.2510739e-01;1.6250000e+02;-5.7975627e-02;1.6250000e+02;-2.3861112e-02;1.6250000e+02;3.7276387e-02;1.6250000e+02;1.1043534e-01;1.6250000e+02;1.9103356e-01;1.6250000e+02;2.6252359e-01;1.6250000e+02;2.9964876e-01;1.6250000e+02;2.7311778e-01;1.6250000e+02;2.1503830e-01;1.6250000e+02;2.2044325e-01;1.6250000e+02;1.9474690e-01;1.6250000e+02;1.4932647e-01;1.6250000e+02;9.8147810e-02;1.6250000e+02;5.4867260e-02;1.6250000e+02;6.0220025e-03;1.6250000e+02;-3.5330899e-02;1.6250000e+02;-7.7292822e-02;1.6250000e+02;-1.2510739e-01;1.6250000e+02;-5.7975627e-02;1.6250000e+02;-2.3861112e-02;1.6250000e+02;3.7276387e-02;1.6250000e+02;1.1043534e-01;1.6250000e+02;1.9103356e-01;1.6250000e+02;2.6252359e-01;1.6250000e+02;2.9964876e-01;1.6250000e+02;2.7311778e-01;1.6250000e+02;2.1503830e-01;1.6250000e+02;2.2044325e-01;1.6250000e+02;1.9474690e-01;1.6250000e+02;1.4932647e-01;1.6250000e+02;9.8147810e-02;1.6250000e+02;5.4867260e-02;1.6250000e+02;6.0220025e-03;1.6250000e+02;-3.5330899e-02;1.6250000e+02;-7.7292822e-02;1.6250000e+02;-1.2510739e-01;1.6250000e+02;-5.7975627e-02;1.6250000e+02;-2.3861112e-02;1.6250000e+02;3.7276387e-02;1.6250000e+02;1.1043534e-01;1.6250000e+02;1.9103356e-01;1.6250000e+02;2.6252359e-01;1.6250000e+02;2.9964876e-01;1.6250000e+02;2.7311778e-01;1.6250000e+02;2.1503830e-01;1.6250000e+02;2.2044325e-01;1.6250000e+02;1.9474690e-01;1.6250000e+02;1.4932647e-01;1.6250000e+02;9.8147810e-02;1.6250000e+02;5.4867260e-02;1.6250000e+02;6.0220025e-03;1.6250000e+02;-3.5330899e-02;1.6250000e+02;-7.7292822e-02;1.6250000e+02;-1.2510739e-01;1.6250000e+02;-5.7975627e-02;1.6250000e+02;-2.3861112e-02;1.6250000e+02;3.7276387e-02;1.6250000e+02;1.1043534e-01;1.6250000e+02;1.9103356e-01;1.6250000e+02;2.6252359e-01;1.6250000e+02;2.9964876e-01;1.6250000e+02;2.7311778e-01;1.6250000e+02;2.1503830e-01;1.6250000e+02;2.2044325e-01;1.6250000e+02;1.9474690e-01;1.6250000e+02;1.4932647e-01;1.6250000e+02;9.8147810e-02;1.6250000e+02;5.4867260e-02;1.6250000e+02;6.0220025e-03;1.6250000e+02;-3.5330899e-02;1.6250000e+02;-7.7292822e-02;1.6250000e+02;-1.2510739e-01;1.6250000e+02;-5.7975627e-02;1.6250000e+02;-2.3861112e-02;1.6250000e+02;3.7276387e-02;1.6250000e+02;1.1043534e-01;1.6250000e+02;1.9103356e-01;1.6250000e+02;2.6252359e-01;1.6250000e+02;2.9964876e-01;1.6250000e+02;2.7311778e-01;1.6250000e+02;2.1503830e-01;1.6250000e+02;2.2044325e-01;1.6250000e+02;1.9474690e-01;1.6250000e+02;1.4932647e-01;1.6250000e+02;9.8147810e-02;1.6250000e+02;5.4867260e-02;1.6250000e+02;6.0220025e-03;1.6250000e+02;-3.5330899e-02;1.6250000e+02;-7.7292822e-02;1.6250000e+02;-1.2510739e-01;1.6250000e+02;-5.7975627e-02;1.6250000e+02;-2.3861112e-02;1.6250000e+02;3.7276387e-02;1.6250000e+02;1.1043534e-01;1.6250000e+02;1.9103356e-01;1.6250000e+02;2.6252359e-01;1.6250000e+02;2.9964876e-01;1.6250000e+02;2.7311778e-01;1.6250000e+02;2.1503830e-01;1.6250000e+02;2.2044325e-01;1.6250000e+02;1.9474690e-01;1.6250000e+02;1.4932647e-01;1.6250000e+02;9.8147810e-02;1.6250000e+02;5.4867260e-02;1.6250000e+02;6.0220025e-03;1.6250000e+02;-3.5330899e-02;1.6250000e+02;-7.7292822e-02;1.6250000e+02;-1.2510739e-01;1.6250000e+02;-5.7975627e-02;1.6250000e+02;-2.3861112e-02;1.6250000e+02;3.7276387e-02;1.6250000e+02;1.1043534e-01;1.6250000e+02;1.9103356e-01;1.6250000e+02;2.6252359e-01;1.6250000e+02;2.9964876e-01;1.6250000e+02;2.7311778e-01;1.6250000e+02;2.1503830e-01;1.6250000e+02;2.2044325e-01;1.6250000e+02;1.9474690e-01;1.6250000e+02;1.4932647e-01;1.6250000e+02;9.8147810e-02;1.6250000e+02;5.4867260e-02;1.6250000e+02;6.0220025e-03;1.6250000e+02;-3.5330899e-02;1.6250000e+02;-7.7292822e-02;1.6250000e+02;-1.2510739e-01;1.6250000e+02;-5.7975627e-02;1.6250000e+02;-2.3861112e-02;1.6250000e+02;3.7276387e-02;1.6250000e+02;1.1043534e-01;1.6250000e+02;1.9103356e-01;1.6250000e+02;2.6252359e-01;1.6250000e+02;2.9964876e-01;1.6250000e+02;2.7311778e-01;1.6250000e+02;2.1503830e-01;1.6250000e+02;2.2044325e-01;1.6250000e+02;1.9474690e-01;1.6250000e+02;1.4932647e-01;1.6250000e+02;9.8147810e-02;1.6250000e+02;5.4867260e-02;1.6250000e+02;6.0220025e-03;1.6250000e+02;-3.5330899e-02;1.6250000e+02;-7.7292822e-02;1.6250000e+02;-1.2510739e-01;1.6250000e+02;-5.7975627e-02;1.6250000e+02;-2.3861112e-02;1.6250000e+02;3.7276387e-02;1.6250000e+02;1.1043534e-01;1.6250000e+02;1.9103356e-01;1.6250000e+02;2.6252359e-01;1.6250000e+02;2.9964876e-01;1.6250000e+02;2.7311778e-01;1.6250000e+02;2.1503830e-01;1.6250000e+02;2.2044325e-01;1.6250000e+02;1.9474690e-01;1.6250000e+02;1.4932647e-01;1.6250000e+02;9.8147810e-02;1.6250000e+02;5.4867260e-02;1.6250000e+02;6.0220025e-03;1.6250000e+02;-3.5330899e-02;1.6250000e+02;-7.7292822e-02;1.6250000e+02;-1.2510739e-01;1.6250000e+02;-5.7975627e-02;1.6250000e+02;-2.3861112e-02;1.6250000e+02;3.7276387e-02;1.6250000e+02;1.1043534e-01;1.6250000e+02;1.9103356e-01;1.6250000e+02;2.6252359e-01;1.6250000e+02;2.9964876e-01;1.6250000e+02;2.7311778e-01;1.6250000e+02;2.1503830e-01;1.6250000e+02;2.2044325e-01;1.6250000e+02;1.9474690e-01;1.6250000e+02;1.4932647e-01;1.6250000e+02;9.8147810e-02;1.6250000e+02;5.4867260e-02;1.6250000e+02;6.0220025e-03;1.6250000e+02;-3.5330899e-02;1.6250000e+02;-7.7292822e-02;1.6250000e+02;-1.2510739e-01;1.6250000e+02;-5.7975627e-02;1.6250000e+02;-2.3861112e-02;1.6250000e+02;3.7276387e-02;1.6250000e+02;1.1043534e-01;1.6250000e+02;1.9103356e-01;1.6250000e+02;2.6252359e-01;1.6250000e+02;2.9964876e-01;1.6250000e+02;2.7311778e-01;1.6250000e+02;2.1503830e-01;1.6250000e+02;2.2044325e-01;1.6250000e+02;1.9474690e-01;1.6250000e+02;1.4932647e-01;1.6250000e+02;9.8147810e-02;1.6250000e+02;5.4867260e-02;1.6250000e+02;6.0220025e-03;1.6250000e+02;-3.5330899e-02;1.6250000e+02;-7.7292822e-02;1.6250000e+02;-1.2510739e-01;1.6250000e+02;-5.7975627e-02;1.6250000e+02;-2.3861112e-02;1.6250000e+02;3.7276387e-02;1.6250000e+02;1.1043534e-01;1.6250000e+02;1.9103356e-01;1.6250000e+02;2.6252359e-01;1.6250000e+02;2.9964876e-01;1.6250000e+02;2.7311778e-01;1.6250000e+02;2.1503830e-01;1.6250000e+02;2.2044325e-01;1.6250000e+02;1.9474690e-01;1.6250000e+02;1.4932647e-01;1.6250000e+02;9.8147810e-02;1.6250000e+02;5.4867260e-02;1.6250000e+02;6.0220025e-03;1.6250000e+02;-3.5330899e-02;1.6250000e+02;-7.7292822e-02;1.6250000e+02;-1.2510739e-01;1.6250000e+02;-5.7975627e-02;1.6250000e+02;-2.3861112e-02;1.6250000e+02;3.7276387e-02;1.6250000e+02;1.1043534e-01;1.6250000e+02;1.9103356e-01;1.6250000e+02;2.6252359e-01;1.6250000e+02;2.9964876e-01;1.6250000e+02;2.7311778e-01;1.6250000e+02;2.1503830e-01;1.6250000e+02;2.2044325e-01;1.6250000e+02;1.9474690e-01;1.6250000e+02;1.4932647e-01;1.6250000e+02;9.8147810e-02;1.6250000e+02;5.4867260e-02;1.6250000e+02;6.0220025e-03;1.6250000e+02;-3.5330899e-02;1.6250000e+02;-7.7292822e-02;1.6250000e+02;-1.2510739e-01;1.6250000e+02;-5.7975627e-02;1.6250000e+02;-2.3861112e-02;1.6250000e+02;3.7276387e-02;1.6250000e+02;1.1043534e-01;1.6250000e+02;1.9103356e-01;1.6250000e+02;2.6252359e-01;1.6250000e+02;2.9964876e-01;1.6250000e+02;2.7311778e-01;1.6250000e+02;2.1503830e-01;1.6250000e+02;2.2044325e-01;1.6250000e+02;1.9474690e-01;1.6250000e+02;1.4932647e-01;1.6250000e+02;9.8147810e-02;1.6250000e+02;5.4867260e-02;1.6250000e+02;6.0220025e-03;1.6250000e+02;-3.5330899e-02;1.6250000e+02;-7.7292822e-02;1.6250000e+02;-1.2510739e-01;1.6250000e+02;-5.7975627e-02;1.6250000e+02;-2.3861112e-02;1.6250000e+02;3.7276387e-02;1.6250000e+02;1.1043534e-01;1.6250000e+02;1.9103356e-01;1.6250000e+02;2.6252359e-01;1.6250000e+02;2.9964876e-01;1.6250000e+02;2.7311778e-01;1.6250000e+02;2.1503830e-01;1.6250000e+02;2.2044325e-01;1.6250000e+02;1.9474690e-01;1.6250000e+02;1.4932647e-01;1.6250000e+02;9.8147810e-02;1.6250000e+02;5.4867260e-02;1.6250000e+02;6.0220025e-03;1.6250000e+02;-3.5330899e-02;1.6250000e+02;-7.7292822e-02;1.6250000e+02;-1.2510739e-01;1.6250000e+02;-5.7975627e-02;1.6250000e+02;-2.3861112e-02;1.6250000e+02;3.7276387e-02;1.6250000e+02;1.1043534e-01;1.6250000e+02;1.9103356e-01;1.6250000e+02;2.6252359e-01;1.6250000e+02;2.9964876e-01;1.6250000e+02;2.7311778e-01;1.6250000e+02;2.1503830e-01;1.6250000e+02;2.2044325e-01;1.6250000e+02;1.9474690e-01;1.6250000e+02;1.4932647e-01;1.6250000e+02;9.8147810e-02;1.6250000e+02;5.4867260e-02;1.6250000e+02;6.0220025e-03;1.6250000e+02;-3.5330899e-02;1.6250000e+02;-7.7292822e-02;1.6250000e+02;-1.2510739e-01;1.6250000e+02;-5.7975627e-02;1.6250000e+02;-2.3861112e-02;1.6250000e+02;3.7276387e-02;1.6250000e+02;1.1043534e-01;1.6250000e+02;1.9103356e-01;1.6250000e+02;2.6252359e-01;1.6250000e+02;2.9964876e-01;1.6250000e+02;2.7311778e-01;1.6250000e+02;2.1503830e-01;1.6250000e+02;2.2044325e-01;1.6250000e+02;1.9474690e-01;1.6250000e+02;1.4932647e-01;1.6250000e+02;9.8147810e-02;1.6250000e+02;5.4867260e-02;1.6250000e+02;6.0220025e-03;1.6250000e+02;-3.5330899e-02;1.6250000e+02;-7.7292822e-02;1.6250000e+02;-1.2510739e-01;1.6250000e+02;-5.7975627e-02;1.6250000e+02;-2.3861112e-02;1.6250000e+02;3.7276387e-02;1.6250000e+02;1.1043534e-01;1.6250000e+02;1.9103356e-01;1.6250000e+02;2.6252359e-01;1.6250000e+02;2.9964876e-01;1.6250000e+02;2.7311778e-01;1.6250000e+02;2.1503830e-01;1.6250000e+02;2.2044325e-01;1.6250000e+02;1.9474690e-01;1.6250000e+02;1.4932647e-01;1.6250000e+02;9.8147810e-02;1.6250000e+02;5.4867260e-02;1.6250000e+02;6.0220025e-03;1.6250000e+02;-3.5330899e-02;1.6250000e+02;-7.7292822e-02;1.6250000e+02;-1.2510739e-01;1.6250000e+02;-5.7975627e-02;1.6250000e+02;-2.3861112e-02;1.6250000e+02;3.7276387e-02;1.6250000e+02;1.1043534e-01;1.6250000e+02;1.9103356e-01;1.6250000e+02;2.6252359e-01;1.6250000e+02;2.9964876e-01;1.6250000e+02;2.7311778e-01;1.6250000e+02;2.1503830e-01;1.6250000e+02;2.2044325e-01;1.6250000e+02;1.9474690e-01;1.6250000e+02;1.4932647e-01;1.6250000e+02;9.8147810e-02;1.6250000e+02;5.4867260e-02;1.6250000e+02;6.0220025e-03;1.6250000e+02;-3.5330899e-02;1.6250000e+02;-7.7292822e-02;1.6250000e+02;-1.2510739e-01;1.6250000e+02;-5.7975627e-02;1.6250000e+02;-2.3861112e-02;1.6250000e+02;3.7276387e-02;1.6250000e+02;1.1043534e-01;1.6250000e+02;1.9103356e-01;1.6250000e+02;2.6252359e-01;1.6250000e+02;2.9964876e-01;1.6250000e+02;2.7311778e-01;1.6250000e+02;2.1503830e-01;1.6250000e+02;2.2044325e-01;1.6250000e+02;1.9474690e-01;1.6250000e+02;1.4932647e-01;1.6250000e+02;9.8147810e-02;1.6250000e+02;5.4867260e-02;1.6250000e+02;6.0220025e-03;1.6250000e+02;-3.5330899e-02;1.6250000e+02;-7.7292822e-02;1.6250000e+02;-1.2510739e-01;1.6250000e+02;-5.7975627e-02;1.6250000e+02;-2.3861112e-02;1.6250000e+02;3.7276387e-02;1.6250000e+02;1.1043534e-01;1.6250000e+02;1.9103356e-01;1.6250000e+02;2.6252359e-01;1.6250000e+02;2.9964876e-01;1.6250000e+02;2.7311778e-01;1.6250000e+02;2.1503830e-01;1.6250000e+02;2.2044325e-01;1.6250000e+02;1.9474690e-01;1.6250000e+02;1.4932647e-01;1.6250000e+02;9.8147810e-02;1.6250000e+02;5.4867260e-02;1.6250000e+02;6.0220025e-03;1.6250000e+02;-3.5330899e-02;1.6250000e+02;-7.7292822e-02;1.6250000e+02;-1.2510739e-01;1.6250000e+02;-5.7975627e-02;1.6250000e+02;-2.3861112e-02;1.6250000e+02;3.7276387e-02;1.6250000e+02;1.1043534e-01;1.6250000e+02;1.9103356e-01;1.6250000e+02;2.6252359e-01;1.6250000e+02;2.9964876e-01;1.6250000e+02;2.7311778e-01;1.6250000e+02;2.1503830e-01;1.6250000e+02;2.2044325e-01;1.6250000e+02;1.9474690e-01;1.6250000e+02;1.4932647e-01;1.6250000e+02;9.8147810e-02;1.6250000e+02;5.4867260e-02;1.6250000e+02;6.0220025e-03;1.6250000e+02;-3.5330899e-02;1.6250000e+02;-7.7292822e-02;1.6250000e+02;-1.2510739e-01;1.6250000e+02;-5.7975627e-02;1.6250000e+02;-2.3861112e-02;1.6250000e+02;3.7276387e-02;1.6250000e+02;1.1043534e-01;1.6250000e+02;1.9103356e-01;1.6250000e+02;2.6252359e-01;1.6250000e+02;2.9964876e-01;1.6250000e+02;2.7311778e-01;1.6250000e+02;2.1503830e-01;1.6250000e+02;2.2044325e-01;1.6250000e+02;1.9474690e-01;1.6250000e+02;1.4932647e-01;1.6250000e+02;9.8147810e-02;1.6250000e+02;5.4867260e-02;1.6250000e+02;6.0220025e-03;1.6250000e+02;-3.5330899e-02;1.6250000e+02;-7.7292822e-02;1.6250000e+02;-1.2510739e-01;1.6250000e+02;-5.7975627e-02;1.6250000e+02;-2.3861112e-02;1.6250000e+02;3.7276387e-02;1.6250000e+02;1.1043534e-01;1.6250000e+02;1.9103356e-01;1.6250000e+02;2.6252359e-01;1.6250000e+02;2.9964876e-01;1.6250000e+02;2.7311778e-01;1.6250000e+02;2.1503830e-01;1.6250000e+02;2.2044325e-01;1.6250000e+02;1.9474690e-01;1.6250000e+02;1.4932647e-01;1.6250000e+02;9.8147810e-02;1.6250000e+02;5.4867260e-02;1.6250000e+02;6.0220025e-03;1.6250000e+02;-3.5330899e-02;1.6250000e+02;-7.7292822e-02;1.6250000e+02;-1.2510739e-01;1.6250000e+02;-5.7975627e-02;1.6250000e+02;-2.3861112e-02;1.6250000e+02;3.7276387e-02;1.6250000e+02;1.1043534e-01;1.6250000e+02;1.9103356e-01;1.6250000e+02;2.6252359e-01;1.6250000e+02;2.9964876e-01;1.6250000e+02;2.7311778e-01;1.6250000e+02;2.1503830e-01;1.6250000e+02;2.2044325e-01;1.6250000e+02;1.9474690e-01;1.6250000e+02;1.4932647e-01;1.6250000e+02;9.8147810e-02;1.6250000e+02;5.4867260e-02;1.6250000e+02;6.0220025e-03;1.6250000e+02;-3.5330899e-02;1.6250000e+02;-7.7292822e-02;1.6250000e+02;-1.2510739e-01;1.6250000e+02;-5.7975627e-02;1.6250000e+02;-2.3861112e-02;1.6250000e+02;3.7276387e-02;1.6250000e+02;1.1043534e-01;1.6250000e+02;1.9103356e-01;1.6250000e+02;2.6252359e-01;1.6250000e+02;2.9964876e-01;1.6250000e+02;2.7311778e-01;1.6250000e+02;2.1503830e-01;1.6250000e+02;2.2044325e-01;1.6250000e+02;1.9474690e-01;1.6250000e+02;1.4932647e-01;1.6250000e+02;9.8147810e-02;1.6250000e+02;5.4867260e-02;1.6250000e+02;6.0220025e-03;1.6250000e+02;-3.5330899e-02;1.6250000e+02;-7.7292822e-02;1.6250000e+02;-1.2510739e-01;1.6250000e+02;-5.7975627e-02;1.6250000e+02;-2.3861112e-02;1.6250000e+02;3.7276387e-02;1.6250000e+02;1.1043534e-01;1.6250000e+02;1.9103356e-01;1.6250000e+02;2.6252359e-01;1.6250000e+02;2.9964876e-01;1.6250000e+02;2.7311778e-01;1.6250000e+02;2.1503830e-01;1.6250000e+02;2.2044325e-01;1.6250000e+02;1.9474690e-01;1.6250000e+02;1.4932647e-01;1.6250000e+02;9.8147810e-02;1.6250000e+02;5.4867260e-02;1.6250000e+02;6.0220025e-03;1.6250000e+02;-3.5330899e-02;1.6250000e+02;-7.7292822e-02;1.6250000e+02;-1.2510739e-01;1.6250000e+02;-5.7975627e-02;1.6250000e+02;-2.3861112e-02;1.6250000e+02;3.7276387e-02;1.6250000e+02;1.1043534e-01;1.6250000e+02;1.9103356e-01;1.6250000e+02;2.6252359e-01;1.6250000e+02;2.9964876e-01;1.6250000e+02;2.7311778e-01;1.6250000e+02;2.1503830e-01;1.6250000e+02;2.2044325e-01;1.6250000e+02;1.9474690e-01;1.6250000e+02;1.4932647e-01;1.6250000e+02;9.8147810e-02;1.6250000e+02;5.4867260e-02;1.6250000e+02;6.0220025e-03;1.6250000e+02;-3.5330899e-02;1.6250000e+02;-7.7292822e-02;1.6250000e+02;-1.2510739e-01;1.6250000e+02;-5.7975627e-02;1.6250000e+02;-2.3861112e-02;1.6250000e+02;3.7276387e-02;1.6250000e+02;1.1043534e-01;1.6250000e+02;1.9103356e-01;1.6250000e+02;2.6252359e-01;1.6250000e+02;2.9964876e-01;1.6250000e+02;2.7311778e-01;1.6250000e+02;2.1503830e-01;1.6250000e+02;2.2044325e-01;1.6250000e+02;1.9474690e-01;1.6250000e+02;1.4932647e-01;1.6250000e+02;9.8147810e-02;1.6250000e+02;5.4867260e-02;1.6250000e+02;6.0220025e-03;1.6250000e+02;-3.5330899e-02;1.6250000e+02;-7.7292822e-02;1.6250000e+02;-1.2510739e-01;1.6250000e+02;-5.7975627e-02;1.6250000e+02;-2.3861112e-02;1.6250000e+02;3.7276387e-02;1.6250000e+02;1.1043534e-01;1.6250000e+02;1.9103356e-01;1.6250000e+02;2.6252359e-01;1.6250000e+02;2.9964876e-01;1.6250000e+02;2.7311778e-01;1.6250000e+02;2.1503830e-01;1.6250000e+02;2.2044325e-01;1.6250000e+02;1.9474690e-01;1.6250000e+02;1.4932647e-01;1.6250000e+02;9.8147810e-02;1.6250000e+02;5.4867260e-02;1.6250000e+02;6.0220025e-03;1.6250000e+02;-3.5330899e-02;1.6250000e+02;-7.7292822e-02;1.6250000e+02;-1.2510739e-01;1.6250000e+02;-5.7975627e-02;1.6250000e+02;-2.3861112e-02;1.6250000e+02;3.7276387e-02;1.6250000e+02;1.1043534e-01;1.6250000e+02;1.9103356e-01;1.6250000e+02;2.6252359e-01;1.6250000e+02;2.9964876e-01;1.6250000e+02;2.7311778e-01;1.6250000e+02;2.1503830e-01;1.6250000e+02;2.2044325e-01;1.6250000e+02;1.9474690e-01;1.6250000e+02;1.4932647e-01;1.6250000e+02;9.8147810e-02;1.6250000e+02;5.4867260e-02;1.6250000e+02;6.0220025e-03;1.6250000e+02;-3.5330899e-02;1.6250000e+02;-7.7292822e-02;1.6250000e+02;-1.2510739e-01;1.6250000e+02;-5.7975627e-02;1.6250000e+02;-2.3861112e-02;1.6250000e+02;3.7276387e-02;1.6250000e+02;1.1043534e-01;1.6250000e+02;1.9103356e-01;1.6250000e+02;2.6252359e-01;1.6250000e+02;2.9964876e-01;1.6250000e+02;2.7311778e-01;1.6250000e+02;2.1503830e-01;1.6250000e+02;2.2044325e-01;1.6250000e+02;1.9474690e-01;1.6250000e+02;1.4932647e-01;1.6250000e+02;9.8147810e-02;1.6250000e+02;5.4867260e-02;1.6250000e+02;6.0220025e-03;1.6250000e+02;-3.5330899e-02;1.6250000e+02;-7.7292822e-02;1.6250000e+02;-1.2510739e-01;1.6250000e+02;-5.7975627e-02;1.6250000e+02;-2.3861112e-02;1.6250000e+02;3.7276387e-02;1.6250000e+02;1.1043534e-01;1.6250000e+02;1.9103356e-01;1.6250000e+02;2.6252359e-01;1.6250000e+02;2.9964876e-01;1.6250000e+02;2.7311778e-01;1.6250000e+02;2.1503830e-01;1.6250000e+02;2.2044325e-01;1.6250000e+02;1.9474690e-01;1.6250000e+02;1.4932647e-01;1.6250000e+02;9.8147810e-02;1.6250000e+02;5.4867260e-02;1.6250000e+02;6.0220025e-03;1.6250000e+02;-3.5330899e-02;1.6250000e+02;-7.7292822e-02;1.6250000e+02;-1.2510739e-01;1.6250000e+02;-5.7975627e-02;1.6250000e+02;-2.3861112e-02;1.6250000e+02;3.7276387e-02;1.6250000e+02;1.1043534e-01;1.6250000e+02;1.9103356e-01;1.6250000e+02;2.6252359e-01;1.6250000e+02;2.9964876e-01;1.6250000e+02;2.7311778e-01;1.6250000e+02;2.1503830e-01;1.6250000e+02;2.2044325e-01;1.6250000e+02;1.9474690e-01;1.6250000e+02;1.4932647e-01;1.6250000e+02;9.8147810e-02;1.6250000e+02;5.4867260e-02;1.6250000e+02;6.0220025e-03;1.6250000e+02;-3.5330899e-02;1.6250000e+02;-7.7292822e-02;1.6250000e+02;-1.2510739e-01;1.6250000e+02;-5.7975627e-02;1.6250000e+02;-2.3861112e-02;1.6250000e+02;3.7276387e-02;1.6250000e+02;1.1043534e-01;1.6250000e+02;1.9103356e-01;1.6250000e+02;2.6252359e-01;1.6250000e+02;2.9964876e-01;1.6250000e+02;2.7311778e-01;1.6250000e+02;2.1503830e-01;1.6250000e+02;2.2044325e-01;1.6250000e+02;1.9474690e-01;1.6250000e+02;1.4932647e-01;1.6250000e+02;9.8147810e-02;1.6250000e+02;5.4867260e-02;1.6250000e+02;6.0220025e-03;1.6250000e+02;-3.5330899e-02;1.6250000e+02;-7.7292822e-02;1.6250000e+02;-1.2510739e-01;1.6250000e+02;-5.7975627e-02;1.6250000e+02;-2.3861112e-02;1.6250000e+02;3.7276387e-02;1.6250000e+02;1.1043534e-01;1.6250000e+02;1.9103356e-01;1.6250000e+02;2.6252359e-01;1.6250000e+02;2.9964876e-01;1.6250000e+02;2.7311778e-01;1.6250000e+02;2.1503830e-01;1.6250000e+02;2.2044325e-01;1.6250000e+02;1.9474690e-01;1.6250000e+02;1.4932647e-01;1.6250000e+02;9.8147810e-02;1.6250000e+02;5.4867260e-02;1.6250000e+02;6.0220025e-03;1.6250000e+02;-3.5330899e-02;1.6250000e+02;-7.7292822e-02;1.6250000e+02;-1.2510739e-01;1.6250000e+02;-5.7975627e-02;1.6250000e+02;-2.3861112e-02;1.6250000e+02;3.7276387e-02;1.6250000e+02;1.1043534e-01;1.6250000e+02;1.9103356e-01;1.6250000e+02;2.6252359e-01;1.6250000e+02;2.9964876e-01;1.6250000e+02;2.7311778e-01;1.6250000e+02;2.1503830e-01;1.6250000e+02;2.2044325e-01;1.6250000e+02;1.9474690e-01;1.6250000e+02;1.4932647e-01;1.6250000e+02;9.8147810e-02;1.6250000e+02;5.4867260e-02;1.6250000e+02;6.0220025e-03;1.6250000e+02;-3.5330899e-02;1.6250000e+02;-7.7292822e-02;1.6250000e+02;-1.2510739e-01;1.6250000e+02;-5.7975627e-02;1.6250000e+02;-2.3861112e-02;1.6250000e+02;3.7276387e-02;1.6250000e+02;1.1043534e-01;1.6250000e+02;1.9103356e-01;1.6250000e+02;2.6252359e-01;1.6250000e+02;2.9964876e-01;1.6250000e+02;2.7311778e-01;1.6250000e+02;2.1503830e-01;1.6250000e+02;2.2044325e-01;1.6250000e+02;1.9474690e-01;1.6250000e+02;1.4932647e-01;1.6250000e+02;9.8147810e-02;1.6250000e+02;5.4867260e-02;1.6250000e+02;6.0220025e-03;1.6250000e+02;-3.5330899e-02;1.6250000e+02;-7.7292822e-02;1.6250000e+02;-1.2510739e-01;1.6250000e+02;-5.7975627e-02;1.6250000e+02;-2.3861112e-02;1.6250000e+02;3.7276387e-02;1.6250000e+02;1.1043534e-01;1.6250000e+02;1.9103356e-01;1.6250000e+02;2.6252359e-01;1.6250000e+02;2.9964876e-01;1.6250000e+02;2.7311778e-01;1.6250000e+02;2.1503830e-01;1.6250000e+02;2.2044325e-01;1.6250000e+02;1.9474690e-01;1.6250000e+02;1.4932647e-01;1.6250000e+02;9.8147810e-02;1.6250000e+02;5.4867260e-02;1.6250000e+02;6.0220025e-03;1.6250000e+02;-3.5330899e-02;1.6250000e+02;-7.7292822e-02;1.6250000e+02;-1.2510739e-01;1.6250000e+02;-5.7975627e-02;1.6250000e+02;-2.3861112e-02;1.6250000e+02;3.7276387e-02;1.6250000e+02;1.1043534e-01;1.6250000e+02;1.9103356e-01;1.6250000e+02;2.6252359e-01;1.6250000e+02;2.9964876e-01;1.6250000e+02;2.7311778e-01;1.6250000e+02;2.1503830e-01;1.6250000e+02;2.2044325e-01;1.6250000e+02;1.9474690e-01;1.6250000e+02;1.4932647e-01;1.6250000e+02;9.8147810e-02;1.6250000e+02;5.4867260e-02;1.6250000e+02;6.0220025e-03;1.6250000e+02;-3.5330899e-02;1.6250000e+02;-7.7292822e-02;1.6250000e+02;-1.2510739e-01;1.6250000e+02;-5.7975627e-02;1.6250000e+02;-2.3861112e-02;1.6250000e+02;3.7276387e-02;1.6250000e+02;1.1043534e-01;1.6250000e+02;1.9103356e-01;1.6250000e+02;2.6252359e-01;1.6250000e+02;2.9964876e-01;1.6250000e+02;2.7311778e-01;1.6250000e+02;2.1503830e-01;1.6250000e+02;2.2044325e-01;1.6250000e+02;1.9474690e-01;1.6250000e+02;1.4932647e-01;1.6250000e+02;9.8147810e-02;1.6250000e+02;5.4867260e-02;1.6250000e+02;6.0220025e-03;1.6250000e+02;-3.5330899e-02;1.6250000e+02;-7.7292822e-02;1.6250000e+02;-1.2510739e-01;1.6250000e+02;-5.7975627e-02;1.6250000e+02;-2.3861112e-02;1.6250000e+02;3.7276387e-02;1.6250000e+02;1.1043534e-01;1.6250000e+02;1.9103356e-01;1.6250000e+02;2.6252359e-01;1.6250000e+02;2.9964876e-01;1.6250000e+02;2.7311778e-01;1.6250000e+02;2.1503830e-01;1.6250000e+02;2.2044325e-01;1.6250000e+02;1.9474690e-01;1.6250000e+02;1.4932647e-01;1.6250000e+02;9.8147810e-02;1.6250000e+02;5.4867260e-02;1.6250000e+02;6.0220025e-03;1.6250000e+02;-3.5330899e-02;1.6250000e+02;-7.7292822e-02;1.6250000e+02;-1.2510739e-01;1.6250000e+02;-5.7975627e-02;1.6250000e+02;-2.3861112e-02;1.6250000e+02;3.7276387e-02;1.6250000e+02;1.1043534e-01;1.6250000e+02;1.9103356e-01;1.6250000e+02;2.6252359e-01;1.6250000e+02;2.9964876e-01;1.6250000e+02;2.7311778e-01;1.6250000e+02;2.1503830e-01;1.6250000e+02;2.2044325e-01;1.6250000e+02;1.9474690e-01;1.6250000e+02;1.4932647e-01;1.6250000e+02;9.8147810e-02;1.6250000e+02;5.4867260e-02;1.6250000e+02;6.0220025e-03;1.6250000e+02;-3.5330899e-02;1.6250000e+02;-7.7292822e-02;1.6250000e+02;-1.2510739e-01;1.6250000e+02;-5.7975627e-02;1.6250000e+02;-2.3861112e-02;1.6250000e+02;3.7276387e-02;1.6250000e+02;1.1043534e-01;1.6250000e+02;1.9103356e-01;1.6250000e+02;2.6252359e-01;1.6250000e+02;2.9964876e-01;1.6250000e+02;2.7311778e-01;1.6250000e+02;2.1503830e-01;1.6250000e+02;2.2044325e-01;1.6250000e+02;1.9474690e-01;1.6250000e+02;1.4932647e-01;1.6250000e+02;9.8147810e-02;1.6250000e+02;5.4867260e-02;1.6250000e+02;6.0220025e-03;1.6250000e+02;-3.5330899e-02;1.6250000e+02;-7.7292822e-02;1.6250000e+02;-1.2510739e-01;1.6250000e+02;-5.7975627e-02;1.6250000e+02;-2.3861112e-02;1.6250000e+02;3.7276387e-02;1.6250000e+02;1.1043534e-01;1.6250000e+02;1.9103356e-01;1.6250000e+02;2.6252359e-01;1.6250000e+02;2.9964876e-01;1.6250000e+02;2.7311778e-01;1.6250000e+02;2.1503830e-01;1.6250000e+02;2.2044325e-01;1.6250000e+02;1.9474690e-01;1.6250000e+02;1.4932647e-01;1.6250000e+02;9.8147810e-02;1.6250000e+02;5.4867260e-02;1.6250000e+02;6.0220025e-03;1.6250000e+02;-3.5330899e-02;1.6250000e+02;-7.7292822e-02;1.6250000e+02;-1.2510739e-01;1.6250000e+02;-5.7975627e-02;1.6250000e+02;-2.3861112e-02;1.6250000e+02;3.7276387e-02;1.6250000e+02;1.1043534e-01;1.6250000e+02;1.9103356e-01;1.6250000e+02;2.6252359e-01;1.6250000e+02;2.9964876e-01;1.6250000e+02;2.7311778e-01;1.6250000e+02;2.1503830e-01;1.6250000e+02;2.2044325e-01;1.6250000e+02;1.9474690e-01;1.6250000e+02;1.4932647e-01;1.6250000e+02;9.8147810e-02;1.6250000e+02;5.4867260e-02;1.6250000e+02;6.0220025e-03;1.6250000e+02;-3.5330899e-02;1.6250000e+02;-7.7292822e-02;1.6250000e+02;-1.2510739e-01;1.6250000e+02;-5.7975627e-02;1.6250000e+02;-2.3861112e-02;1.6250000e+02;3.7276387e-02;1.6250000e+02;1.1043534e-01;1.6250000e+02;1.9103356e-01;1.6250000e+02;2.6252359e-01;1.6250000e+02;2.9964876e-01;1.6250000e+02;2.7311778e-01;1.6250000e+02;2.1503830e-01;1.6250000e+02;2.2044325e-01;1.6250000e+02;1.9474690e-01;1.6250000e+02;1.4932647e-01;1.6250000e+02;9.8147810e-02;1.6250000e+02;5.4867260e-02;1.6250000e+02;6.0220025e-03;1.6250000e+02;-3.5330899e-02;1.6250000e+02;-7.7292822e-02;1.6250000e+02;-1.2510739e-01;1.6250000e+02;-5.7975627e-02;1.6250000e+02;-2.3861112e-02;1.6250000e+02;3.7276387e-02;1.6250000e+02;1.1043534e-01;1.6250000e+02;1.9103356e-01;1.6250000e+02;2.6252359e-01;1.6250000e+02;2.9964876e-01;1.6250000e+02;2.7311778e-01;1.6250000e+02;2.1503830e-01;1.6250000e+02;2.2044325e-01;1.6250000e+02;1.9474690e-01;1.6250000e+02;1.4932647e-01;1.6250000e+02;9.8147810e-02;1.6250000e+02;5.4867260e-02;1.6250000e+02;6.0220025e-03;1.6250000e+02;-3.5330899e-02;1.6250000e+02;-7.7292822e-02;1.6250000e+02;-1.2510739e-01;1.6250000e+02;-5.7975627e-02;1.6250000e+02;-2.3861112e-02;1.6250000e+02;3.7276387e-02;1.6250000e+02;1.1043534e-01;1.6250000e+02;1.9103356e-01;1.6250000e+02;2.6252359e-01;1.6250000e+02;2.9964876e-01;1.6250000e+02;2.7311778e-01;1.6250000e+02;2.1503830e-01;1.6250000e+02;2.2044325e-01;1.6250000e+02;1.9474690e-01;1.6250000e+02;1.4932647e-01;1.6250000e+02;9.8147810e-02;1.6250000e+02;5.4867260e-02;1.6250000e+02;6.0220025e-03;1.6250000e+02;-3.5330899e-02;1.6250000e+02;-7.7292822e-02;1.6250000e+02;-1.2510739e-01;1.6250000e+02;-5.7975627e-02;1.6250000e+02;-2.3861112e-02;1.6250000e+02;3.7276387e-02;1.6250000e+02;1.1043534e-01;1.6250000e+02;1.9103356e-01;1.6250000e+02;2.6252359e-01;1.6250000e+02;2.9964876e-01;1.6250000e+02;2.7311778e-01;1.6250000e+02;2.1503830e-01;1.6250000e+02;2.2044325e-01;1.6250000e+02;1.9474690e-01;1.6250000e+02;1.4932647e-01;1.6250000e+02;9.8147810e-02;1.6250000e+02;5.4867260e-02;1.6250000e+02;6.0220025e-03;1.6250000e+02;-3.5330899e-02;1.6250000e+02;-7.7292822e-02;1.6250000e+02;-1.2510739e-01;1.6250000e+02;-5.7975627e-02;1.6250000e+02;-2.3861112e-02;1.6250000e+02;3.7276387e-02;1.6250000e+02;1.1043534e-01;1.6250000e+02;1.9103356e-01;1.6250000e+02;2.6252359e-01;1.6250000e+02;2.9964876e-01;1.6250000e+02;2.7311778e-01;1.6250000e+02;2.1503830e-01;1.6250000e+02;2.2044325e-01;1.6250000e+02;1.9474690e-01;1.6250000e+02;1.4932647e-01;1.6250000e+02;9.8147810e-02;1.6250000e+02;5.4867260e-02;1.6250000e+02;6.0220025e-03;1.6250000e+02;-3.5330899e-02;1.6250000e+02;-7.7292822e-02;1.6250000e+02;-1.2510739e-01;1.6250000e+02;-5.7975627e-02;1.6250000e+02;-2.3861112e-02;1.6250000e+02;3.7276387e-02;1.6250000e+02;1.1043534e-01;1.6250000e+02;1.9103356e-01;1.6250000e+02;2.6252359e-01;1.6250000e+02;2.9964876e-01;1.6250000e+02;2.7311778e-01;1.6250000e+02;2.1503830e-01;1.6250000e+02;2.2044325e-01;1.6250000e+02;1.9474690e-01;1.6250000e+02;1.4932647e-01;1.6250000e+02;9.8147810e-02;1.6250000e+02;5.4867260e-02;1.6250000e+02;6.0220025e-03;1.6250000e+02;-3.5330899e-02;1.6250000e+02;-7.7292822e-02;1.6250000e+02;-1.2510739e-01;1.6250000e+02;-5.7975627e-02;1.6250000e+02;-2.3861112e-02;1.6250000e+02;3.7276387e-02;1.6250000e+02;1.1043534e-01;1.6250000e+02;1.9103356e-01;1.6250000e+02;2.6252359e-01;1.6250000e+02;2.9964876e-01;1.6250000e+02;2.7311778e-01;1.6250000e+02;2.1503830e-01;1.6250000e+02;2.2044325e-01;1.6250000e+02;1.9474690e-01;1.6250000e+02;1.4932647e-01;1.6250000e+02;9.8147810e-02;1.6250000e+02;5.4867260e-02;1.6250000e+02;6.0220025e-03;1.6250000e+02;-3.5330899e-02;1.6250000e+02;-7.7292822e-02;1.6250000e+02;-1.2510739e-01;1.6250000e+02;-5.7975627e-02;1.6250000e+02;-2.3861112e-02;1.6250000e+02;3.7276387e-02;1.6250000e+02;1.1043534e-01;1.6250000e+02;1.9103356e-01;1.6250000e+02;2.6252359e-01;1.6250000e+02;2.9964876e-01;1.6250000e+02;2.7311778e-01;1.6250000e+02;2.1503830e-01;1.6250000e+02;2.2044325e-01;1.6250000e+02;1.9474690e-01;1.6250000e+02;1.4932647e-01;1.6250000e+02;9.8147810e-02;1.6250000e+02;5.4867260e-02;1.6250000e+02;6.0220025e-03;1.6250000e+02;-3.5330899e-02;1.6250000e+02;-7.7292822e-02;1.6250000e+02;-1.2510739e-01;1.6250000e+02;-5.7975627e-02;1.6250000e+02;-2.3861112e-02;1.6250000e+02;3.7276387e-02;1.6250000e+02;1.1043534e-01;1.6250000e+02;1.9103356e-01;1.6250000e+02;2.6252359e-01;1.6250000e+02;2.9964876e-01;1.6250000e+02;2.7311778e-01;1.6250000e+02;2.1503830e-01;1.6250000e+02;2.2044325e-01;1.6250000e+02;1.9474690e-01;1.6250000e+02;1.4932647e-01;1.6250000e+02;9.8147810e-02;1.6250000e+02;5.4867260e-02;1.6250000e+02;6.0220025e-03;1.6250000e+02;-3.5330899e-02;1.6250000e+02;-7.7292822e-02;1.6250000e+02;-1.2510739e-01;1.6250000e+02;-5.7975627e-02;1.6250000e+02;-2.3861112e-02;1.6250000e+02;3.7276387e-02;1.6250000e+02;1.1043534e-01;1.6250000e+02;1.9103356e-01;1.6250000e+02;2.6252359e-01;1.6250000e+02;2.9964876e-01;1.6250000e+02;2.7311778e-01;1.6250000e+02;2.1503830e-01;1.6250000e+02;2.2044325e-01;1.6250000e+02;1.9474690e-01;1.6250000e+02;1.4932647e-01;1.6250000e+02;9.8147810e-02;1.6250000e+02;5.4867260e-02;1.6250000e+02;6.0220025e-03;1.6250000e+02;-3.5330899e-02;1.6250000e+02;-7.7292822e-02;1.6250000e+02;-1.2510739e-01;1.6250000e+02;-5.7975627e-02;1.6250000e+02;-2.3861112e-02;1.6250000e+02;3.7276387e-02;1.6250000e+02;1.1043534e-01;1.6250000e+02;1.9103356e-01;1.6250000e+02;2.6252359e-01;1.6250000e+02;2.9964876e-01;1.6250000e+02;2.7311778e-01;1.6250000e+02;2.1503830e-01;1.6250000e+02;2.2044325e-01;1.6250000e+02;1.9474690e-01;1.6250000e+02;1.4932647e-01;1.6250000e+02;9.8147810e-02;1.6250000e+02;5.4867260e-02;1.6250000e+02;6.0220025e-03;1.6250000e+02;-3.5330899e-02;1.6250000e+02;-7.7292822e-02;1.6250000e+02;-1.2510739e-01;1.6250000e+02;-5.7975627e-02;1.6250000e+02;-2.3861112e-02;1.6250000e+02;3.7276387e-02;1.6250000e+02;1.1043534e-01;1.6250000e+02;1.9103356e-01;1.6250000e+02;2.6252359e-01;1.6250000e+02;2.9964876e-01;1.6250000e+02;2.7311778e-01;1.6250000e+02;2.1503830e-01;1.6250000e+02;2.2044325e-01;1.6250000e+02;1.9474690e-01;1.6250000e+02;1.4932647e-01;1.6250000e+02;9.8147810e-02;1.6250000e+02;5.4867260e-02;1.6250000e+02;6.0220025e-03;1.6250000e+02;-3.5330899e-02;1.6250000e+02;-7.7292822e-02;1.6250000e+02;-1.2510739e-01;1.6250000e+02;-5.7975627e-02;1.6250000e+02;-2.3861112e-02;1.6250000e+02;3.7276387e-02;1.6250000e+02;1.1043534e-01;1.6250000e+02;1.9103356e-01;1.6250000e+02;2.6252359e-01;1.6250000e+02;2.9964876e-01;1.6250000e+02;2.7311778e-01;1.6250000e+02;2.1503830e-01;1.6250000e+02;2.2044325e-01;1.6250000e+02;1.9474690e-01;1.6250000e+02;1.4932647e-01;1.6250000e+02;9.8147810e-02;1.6250000e+02;5.4867260e-02;1.6250000e+02;6.0220025e-03;1.6250000e+02;-3.5330899e-02;1.6250000e+02;-7.7292822e-02;1.6250000e+02;-1.2510739e-01;1.6250000e+02;-5.7975627e-02;1.6250000e+02;-2.3861112e-02;1.6250000e+02;3.7276387e-02;1.6250000e+02;1.1043534e-01;1.6250000e+02;1.9103356e-01;1.6250000e+02;2.6252359e-01;1.6250000e+02;2.9964876e-01;1.6250000e+02;2.7311778e-01;1.6250000e+02;2.1503830e-01;1.6250000e+02;2.2044325e-01;1.6250000e+02;1.9474690e-01;1.6250000e+02;1.4932647e-01;1.6250000e+02;9.8147810e-02;1.6250000e+02;5.4867260e-02;1.6250000e+02;6.0220025e-03;1.6250000e+02;-3.5330899e-02;1.6250000e+02;-7.7292822e-02;1.6250000e+02;-1.2510739e-01;1.6250000e+02;-5.7975627e-02;1.6250000e+02;-2.3861112e-02;1.6250000e+02;3.7276387e-02;1.6250000e+02;1.1043534e-01;1.6250000e+02;1.9103356e-01;1.6250000e+02;2.6252359e-01;1.6250000e+02;2.9964876e-01;1.6250000e+02;2.7311778e-01;1.6250000e+02;2.1503830e-01;1.6250000e+02;2.2044325e-01;1.6250000e+02;1.9474690e-01;1.6250000e+02;1.4932647e-01;1.6250000e+02;9.8147810e-02;1.6250000e+02;5.4867260e-02;1.6250000e+02;6.0220025e-03;1.6250000e+02;-3.5330899e-02;1.6250000e+02;-7.7292822e-02;1.6250000e+02;-1.2510739e-01;1.6250000e+02;-5.7975627e-02;1.6250000e+02;-2.3861112e-02;1.6250000e+02;3.7276387e-02;1.6250000e+02;1.1043534e-01;1.6250000e+02;1.9103356e-01;1.6250000e+02;2.6252359e-01;1.6250000e+02;2.9964876e-01;1.6250000e+02;2.7311778e-01;1.6250000e+02;2.1503830e-01;1.6250000e+02;2.2044325e-01;1.6250000e+02;1.9474690e-01;1.6250000e+02;1.4932647e-01;1.6250000e+02;9.8147810e-02;1.6250000e+02;5.4867260e-02;1.6250000e+02;6.0220025e-03;1.6250000e+02;-3.5330899e-02;1.6250000e+02;-7.7292822e-02;1.6250000e+02;-1.2510739e-01;1.6250000e+02;-5.7975627e-02;1.6250000e+02;-2.3861112e-02;1.6250000e+02;3.7276387e-02;1.6250000e+02;1.1043534e-01;1.6250000e+02;1.9103356e-01;1.6250000e+02;2.6252359e-01;1.6250000e+02;2.9964876e-01;1.6250000e+02;2.7311778e-01;1.6250000e+02;2.1503830e-01;1.6250000e+02;2.2044325e-01;1.6250000e+02;1.9474690e-01;1.6250000e+02;1.4932647e-01;1.6250000e+02;9.8147810e-02;1.6250000e+02;5.4867260e-02;1.6250000e+02;6.0220025e-03;1.6250000e+02;-3.5330899e-02;1.6250000e+02;-7.7292822e-02;1.6250000e+02;-1.2510739e-01;1.6250000e+02;-5.7975627e-02;1.6250000e+02;-2.3861112e-02;1.6250000e+02;3.7276387e-02;1.6250000e+02;1.1043534e-01;1.6250000e+02;1.9103356e-01;1.6250000e+02;2.6252359e-01;1.6250000e+02;2.9964876e-01;1.6250000e+02;2.7311778e-01;1.6250000e+02;2.1503830e-01;1.6250000e+02;2.2044325e-01;1.6250000e+02;1.9474690e-01;1.6250000e+02;1.4932647e-01;1.6250000e+02;9.8147810e-02;1.6250000e+02;5.4867260e-02;1.6250000e+02;6.0220025e-03;1.6250000e+02;-3.5330899e-02;1.6250000e+02;-7.7292822e-02;1.6250000e+02;-1.2510739e-01;1.6250000e+02;-5.7975627e-02;1.6250000e+02;-2.3861112e-02;1.6250000e+02;3.7276387e-02;1.6250000e+02;1.1043534e-01;1.6250000e+02;1.9103356e-01;1.6250000e+02;2.6252359e-01;1.6250000e+02;2.9964876e-01;1.6250000e+02;2.7311778e-01;1.6250000e+02;2.1503830e-01;1.6250000e+02;2.2044325e-01;1.6250000e+02;1.9474690e-01;1.6250000e+02;1.4932647e-01;1.6250000e+02;9.8147810e-02;1.6250000e+02;5.4867260e-02;1.6250000e+02;6.0220025e-03;1.6250000e+02;-3.5330899e-02;1.6250000e+02;-7.7292822e-02;1.6250000e+02;-1.2510739e-01;1.6250000e+02;-5.7975627e-02;1.6250000e+02;-2.3861112e-02;1.6250000e+02;3.7276387e-02;1.6250000e+02;1.1043534e-01;1.6250000e+02;1.9103356e-01;1.6250000e+02;2.6252359e-01;1.6250000e+02;2.9964876e-01;1.6250000e+02;2.7311778e-01;1.6250000e+02;2.1503830e-01;1.6250000e+02;2.2044325e-01;1.6250000e+02;1.9474690e-01;1.6250000e+02;1.4932647e-01;1.6250000e+02;9.8147810e-02;1.6250000e+02;5.4867260e-02;1.6250000e+02;6.0220025e-03;1.6250000e+02;-3.5330899e-02;1.6250000e+02;-7.7292822e-02;1.6250000e+02;-1.2510739e-01;1.6250000e+02;-5.7975627e-02;1.6250000e+02;-2.3861112e-02;1.6250000e+02;3.7276387e-02;1.6250000e+02;1.1043534e-01;1.6250000e+02;1.9103356e-01;1.6250000e+02;2.6252359e-01;1.6250000e+02;2.9964876e-01;1.6250000e+02;2.7311778e-01;1.6250000e+02;2.1503830e-01;1.6250000e+02;2.2044325e-01;1.6250000e+02;1.9474690e-01;1.6250000e+02;1.4932647e-01;1.6250000e+02;9.8147810e-02;1.6250000e+02;5.4867260e-02;1.6250000e+02;6.0220025e-03;1.6250000e+02;-3.5330899e-02;1.6250000e+02;-7.7292822e-02;1.6250000e+02;-1.2510739e-01;1.6250000e+02;-5.7975627e-02;1.6250000e+02;-2.3861112e-02;1.6250000e+02;3.7276387e-02;1.6250000e+02;1.1043534e-01;1.6250000e+02;1.9103356e-01;1.6250000e+02;2.6252359e-01;1.6250000e+02;2.9964876e-01;1.6250000e+02;2.7311778e-01;1.6250000e+02;2.1503830e-01;1.6250000e+02;2.2044325e-01;1.6250000e+02;1.9474690e-01;1.6250000e+02;1.4932647e-01;1.6250000e+02;9.8147810e-02;1.6250000e+02;5.4867260e-02;1.6250000e+02;6.0220025e-03;1.6250000e+02;-3.5330899e-02;1.6250000e+02;-7.7292822e-02;1.6250000e+02;-1.2510739e-01;1.6250000e+02;-5.7975627e-02;1.6250000e+02;-2.3861112e-02;1.6250000e+02;3.7276387e-02;1.6250000e+02;1.1043534e-01;1.6250000e+02;1.9103356e-01;1.6250000e+02;2.6252359e-01;1.6250000e+02;2.9964876e-01;1.6250000e+02;2.7311778e-01;1.6250000e+02;2.1503830e-01;1.6250000e+02;2.2044325e-01;1.6250000e+02;1.9474690e-01;1.6250000e+02;1.4932647e-01;1.6250000e+02;9.8147810e-02;1.6250000e+02;5.4867260e-02;1.6250000e+02;6.0220025e-03;1.6250000e+02;-3.5330899e-02;1.6250000e+02;-7.7292822e-02;1.6250000e+02;-1.2510739e-01;1.6250000e+02;-5.7975627e-02;1.6250000e+02;-2.3861112e-02;1.6250000e+02;3.7276387e-02;1.6250000e+02;1.1043534e-01;1.6250000e+02;1.9103356e-01;1.6250000e+02;2.6252359e-01;1.6250000e+02;2.9964876e-01;1.6250000e+02;2.7311778e-01;1.6250000e+02;2.1503830e-01;1.6250000e+02;2.2044325e-01;1.6250000e+02;1.9474690e-01;1.6250000e+02;1.4932647e-01;1.6250000e+02;9.8147810e-02;1.6250000e+02;5.4867260e-02;1.6250000e+02;6.0220025e-03;1.6250000e+02;-3.5330899e-02;1.6250000e+02;-7.7292822e-02;1.6250000e+02;-1.2510739e-01;1.6250000e+02;-5.7975627e-02;1.6250000e+02;-2.3861112e-02;1.6250000e+02;3.7276387e-02;1.6250000e+02;1.1043534e-01;1.6250000e+02;1.9103356e-01;1.6250000e+02;2.6252359e-01;1.6250000e+02;2.9964876e-01;1.6250000e+02;2.7311778e-01;1.6250000e+02;2.1503830e-01;1.6250000e+02;2.2044325e-01;1.6250000e+02;1.9474690e-01;1.6250000e+02;1.4932647e-01;1.6250000e+02;9.8147810e-02;1.6250000e+02;5.4867260e-02;1.6250000e+02;6.0220025e-03;1.6250000e+02;-3.5330899e-02;1.6250000e+02;-7.7292822e-02;1.6250000e+02;-1.2510739e-01;1.6250000e+02;-5.7975627e-02;1.6250000e+02;-2.3861112e-02;1.6250000e+02;3.7276387e-02;1.6250000e+02;1.1043534e-01;1.6250000e+02;1.9103356e-01;1.6250000e+02;2.6252359e-01;1.6250000e+02;2.9964876e-01;1.6250000e+02;2.7311778e-01;1.6250000e+02;2.1503830e-01;1.6250000e+02;2.2044325e-01;1.6250000e+02;1.9474690e-01;1.6250000e+02;1.4932647e-01;1.6250000e+02;9.8147810e-02;1.6250000e+02;5.4867260e-02;1.6250000e+02;6.0220025e-03;1.6250000e+02;-3.5330899e-02;1.6250000e+02;-7.7292822e-02;1.6250000e+02;-1.2510739e-01;1.6250000e+02;-5.7975627e-02;1.6250000e+02;-2.3861112e-02;1.6250000e+02;3.7276387e-02;1.6250000e+02;1.1043534e-01;1.6250000e+02;1.9103356e-01;1.6250000e+02;2.6252359e-01;1.6250000e+02;2.9964876e-01;1.6250000e+02;2.7311778e-01;1.6250000e+02;2.1503830e-01;1.6250000e+02;2.2044325e-01;1.6250000e+02;1.9474690e-01;1.6250000e+02;1.4932647e-01;1.6250000e+02;9.8147810e-02;1.6250000e+02;5.4867260e-02;1.6250000e+02;6.0220025e-03;1.6250000e+02;-3.5330899e-02;1.6250000e+02;-7.7292822e-02;1.6250000e+02;-1.2510739e-01;1.6250000e+02;-5.7975627e-02;1.6250000e+02;-2.3861112e-02;1.6250000e+02;3.7276387e-02;1.6250000e+02;1.1043534e-01;1.6250000e+02;1.9103356e-01;1.6250000e+02;2.6252359e-01;1.6250000e+02;2.9964876e-01;1.6250000e+02;2.7311778e-01;1.6250000e+02;2.1503830e-01;1.6250000e+02;2.2044325e-01;1.6250000e+02;1.9474690e-01;1.6250000e+02;1.4932647e-01;1.6250000e+02;9.8147810e-02;1.6250000e+02;5.4867260e-02;1.6250000e+02;6.0220025e-03;1.6250000e+02;-3.5330899e-02;1.6250000e+02;-7.7292822e-02;1.6250000e+02;-1.2510739e-01;1.6250000e+02;-5.7975627e-02;1.6250000e+02;-2.3861112e-02;1.6250000e+02;3.7276387e-02;1.6250000e+02;1.1043534e-01;1.6250000e+02;1.9103356e-01;1.6250000e+02;2.6252359e-01;1.6250000e+02;2.9964876e-01;1.6250000e+02;2.7311778e-01;1.6250000e+02;2.1503830e-01;1.6250000e+02;2.2044325e-01;1.6250000e+02;1.9474690e-01;1.6250000e+02;1.4932647e-01;1.6250000e+02;9.8147810e-02;1.6250000e+02;5.4867260e-02;1.6250000e+02;6.0220025e-03;1.6250000e+02;-3.5330899e-02;1.6250000e+02;-7.7292822e-02;1.6250000e+02;-1.2510739e-01;1.6250000e+02;-5.7975627e-02;1.6250000e+02;-2.3861112e-02;1.6250000e+02;3.7276387e-02;1.6250000e+02;1.1043534e-01;1.6250000e+02;1.9103356e-01;1.6250000e+02;2.6252359e-01;1.6250000e+02;2.9964876e-01;1.6250000e+02;2.7311778e-01;1.6250000e+02;2.1503830e-01;1.6250000e+02;2.2044325e-01;1.6250000e+02;1.9474690e-01;1.6250000e+02;1.4932647e-01;1.6250000e+02;9.8147810e-02;1.6250000e+02;5.4867260e-02;1.6250000e+02;6.0220025e-03;1.6250000e+02;-3.5330899e-02;1.6250000e+02;-7.7292822e-02;1.6250000e+02;-1.2510739e-01;1.6250000e+02;-5.7975627e-02;1.6250000e+02;-2.3861112e-02;1.6250000e+02;3.7276387e-02;1.6250000e+02;1.1043534e-01;1.6250000e+02;1.9103356e-01;1.6250000e+02;2.6252359e-01;1.6250000e+02;2.9964876e-01;1.6250000e+02;2.7311778e-01;1.6250000e+02;2.1503830e-01;1.6250000e+02;2.2044325e-01;1.6250000e+02;1.9474690e-01;1.6250000e+02;1.4932647e-01;1.6250000e+02;9.8147810e-02;1.6250000e+02;5.4867260e-02;1.6250000e+02;6.0220025e-03;1.6250000e+02;-3.5330899e-02;1.6250000e+02;-7.7292822e-02;1.6250000e+02;-1.2510739e-01;1.6250000e+02;-5.7975627e-02;1.6250000e+02;-2.3861112e-02;1.6250000e+02;3.7276387e-02;1.6250000e+02;1.1043534e-01;1.6250000e+02;1.9103356e-01;1.6250000e+02;2.6252359e-01;1.6250000e+02;2.9964876e-01;1.6250000e+02;2.7311778e-01;1.6250000e+02;2.1503830e-01;1.6250000e+02;2.2044325e-01;1.6250000e+02;1.9474690e-01;1.6250000e+02;1.4932647e-01;1.6250000e+02;9.8147810e-02;1.6250000e+02;5.4867260e-02;1.6250000e+02;6.0220025e-03;1.6250000e+02;-3.5330899e-02;1.6250000e+02;-7.7292822e-02;1.6250000e+02;-1.2510739e-01;1.6250000e+02;-5.7975627e-02;1.6250000e+02;-2.3861112e-02;1.6250000e+02;3.7276387e-02;1.6250000e+02;1.1043534e-01;1.6250000e+02;1.9103356e-01;1.6250000e+02;2.6252359e-01;1.6250000e+02;2.9964876e-01;1.6250000e+02;2.7311778e-01;1.6250000e+02;2.1503830e-01;1.6250000e+02;2.2044325e-01;1.6250000e+02;1.9474690e-01;1.6250000e+02;1.4932647e-01;1.6250000e+02;9.8147810e-02;1.6250000e+02;5.4867260e-02;1.6250000e+02;6.0220025e-03;1.6250000e+02;-3.5330899e-02;1.6250000e+02;-7.7292822e-02;1.6250000e+02;-1.2510739e-01;1.6250000e+02;-5.7975627e-02;1.6250000e+02;-2.3861112e-02;1.6250000e+02;3.7276387e-02;1.6250000e+02;1.1043534e-01;1.6250000e+02;1.9103356e-01;1.6250000e+02;2.6252359e-01;1.6250000e+02;2.9964876e-01;1.6250000e+02;2.7311778e-01;1.6250000e+02;2.1503830e-01;1.6250000e+02;2.2044325e-01;1.6250000e+02;1.9474690e-01;1.6250000e+02;1.4932647e-01;1.6250000e+02;9.8147810e-02;1.6250000e+02;5.4867260e-02;1.6250000e+02;6.0220025e-03;1.6250000e+02;-3.5330899e-02;1.6250000e+02;-7.7292822e-02;1.6250000e+02;-1.2510739e-01;1.6250000e+02;-5.7975627e-02;1.6250000e+02;-2.3861112e-02;1.6250000e+02;3.7276387e-02;1.6250000e+02;1.1043534e-01;1.6250000e+02;1.9103356e-01;1.6250000e+02;2.6252359e-01;1.6250000e+02;2.9964876e-01;1.6250000e+02;2.7311778e-01;1.6250000e+02;2.1503830e-01;1.6250000e+02;2.2044325e-01;1.6250000e+02;1.9474690e-01;1.6250000e+02;1.4932647e-01;1.6250000e+02;9.8147810e-02;1.6250000e+02;5.4867260e-02;1.6250000e+02;6.0220025e-03;1.6250000e+02;-3.5330899e-02;1.6250000e+02;-7.7292822e-02;1.6250000e+02;-1.2510739e-01;1.6250000e+02;-5.7975627e-02;1.6250000e+02;-2.3861112e-02;1.6250000e+02;3.7276387e-02;1.6250000e+02;1.1043534e-01;1.6250000e+02;1.9103356e-01;1.6250000e+02;2.6252359e-01;1.6250000e+02;2.9964876e-01;1.6250000e+02;2.7311778e-01;1.6250000e+02;2.1503830e-01;1.6250000e+02;2.2044325e-01;1.6250000e+02;1.9474690e-01;1.6250000e+02;1.4932647e-01;1.6250000e+02;9.8147810e-02;1.6250000e+02;5.4867260e-02;1.6250000e+02;6.0220025e-03;1.6250000e+02;-3.5330899e-02;1.6250000e+02;-7.7292822e-02;1.6250000e+02;-1.2510739e-01;1.6250000e+02;-5.7975627e-02;1.6250000e+02;-2.3861112e-02;1.6250000e+02;3.7276387e-02;1.6250000e+02;1.1043534e-01;1.6250000e+02;1.9103356e-01;1.6250000e+02;2.6252359e-01;1.6250000e+02;2.9964876e-01;1.6250000e+02;2.7311778e-01;1.6250000e+02;2.1503830e-01;1.6250000e+02;2.2044325e-01;1.6250000e+02;1.9474690e-01;1.6250000e+02;1.4932647e-01;1.6250000e+02;9.8147810e-02;1.6250000e+02;5.4867260e-02;1.6250000e+02;6.0220025e-03;1.6250000e+02;-3.5330899e-02;1.6250000e+02;-7.7292822e-02;1.6250000e+02;-1.2510739e-01;1.6250000e+02;-5.7975627e-02;1.6250000e+02;-2.3861112e-02;1.6250000e+02;3.7276387e-02;1.6250000e+02;1.1043534e-01;1.6250000e+02;1.9103356e-01;1.6250000e+02;2.6252359e-01;1.6250000e+02;2.9964876e-01;1.6250000e+02;2.7311778e-01;1.6250000e+02;2.1503830e-01;1.6250000e+02;2.2044325e-01;1.6250000e+02;1.9474690e-01;1.6250000e+02;1.4932647e-01;1.6250000e+02;9.8147810e-02;1.6250000e+02;5.4867260e-02;1.6250000e+02;6.0220025e-03;1.6250000e+02;-3.5330899e-02;1.6250000e+02;-7.7292822e-02;1.6250000e+02;-1.2510739e-01;1.6250000e+02;-5.7975627e-02;1.6250000e+02;-2.3861112e-02;1.6250000e+02;3.7276387e-02;1.6250000e+02;1.1043534e-01;1.6250000e+02;1.9103356e-01;1.6250000e+02;2.6252359e-01;1.6250000e+02;2.9964876e-01;1.6250000e+02;2.7311778e-01;1.6250000e+02;2.1503830e-01;1.6250000e+02;2.2044325e-01;1.6250000e+02;1.9474690e-01;1.6250000e+02;1.4932647e-01;1.6250000e+02;9.8147810e-02;1.6250000e+02;5.4867260e-02;1.6250000e+02;6.0220025e-03;1.6250000e+02;-3.5330899e-02;1.6250000e+02;-7.7292822e-02;1.6250000e+02;-1.2510739e-01;1.6250000e+02;-5.7975627e-02;1.6250000e+02;-2.3861112e-02;1.6250000e+02;3.7276387e-02;1.6250000e+02;1.1043534e-01;1.6250000e+02;1.9103356e-01;1.6250000e+02;2.6252359e-01;1.6250000e+02;2.9964876e-01;1.6250000e+02;2.7311778e-01;1.6250000e+02;2.1503830e-01;1.6250000e+02;2.2044325e-01;1.6250000e+02;1.9474690e-01;1.6250000e+02;1.4932647e-01;1.6250000e+02;9.8147810e-02;1.6250000e+02;5.4867260e-02;1.6250000e+02;6.0220025e-03;1.6250000e+02;-3.5330899e-02;1.6250000e+02;-7.7292822e-02;1.6250000e+02;-1.2510739e-01;1.6250000e+02;-5.7975627e-02;1.6250000e+02;-2.3861112e-02;1.6250000e+02;3.7276387e-02;1.6250000e+02;1.1043534e-01;1.6250000e+02;1.9103356e-01;1.6250000e+02;2.6252359e-01;1.6250000e+02;2.9964876e-01;1.6250000e+02;2.7311778e-01;1.6250000e+02;2.1503830e-01;1.6250000e+02;2.2044325e-01;1.6250000e+02;1.9474690e-01;1.6250000e+02;1.4932647e-01;1.6250000e+02;9.8147810e-02;1.6250000e+02;5.4867260e-02;1.6250000e+02;6.0220025e-03;1.6250000e+02;-3.5330899e-02;1.6250000e+02;-7.7292822e-02;1.6250000e+02;-1.2510739e-01;1.6250000e+02;-5.7975627e-02;1.6250000e+02;-2.3861112e-02;1.6250000e+02;3.7276387e-02;1.6250000e+02;1.1043534e-01;1.6250000e+02;1.9103356e-01;1.6250000e+02;2.6252359e-01;1.6250000e+02;2.9964876e-01;1.6250000e+02;2.7311778e-01;1.6250000e+02;2.1503830e-01;1.6250000e+02;2.2044325e-01;1.6250000e+02;1.9474690e-01;1.6250000e+02;1.4932647e-01;1.6250000e+02;9.8147810e-02;1.6250000e+02;5.4867260e-02;1.6250000e+02;6.0220025e-03;1.6250000e+02;-3.5330899e-02;1.6250000e+02;-7.7292822e-02;1.6250000e+02;-1.2510739e-01;1.6250000e+02;-5.7975627e-02;1.6250000e+02;-2.3861112e-02;1.6250000e+02;3.7276387e-02;1.6250000e+02;1.1043534e-01;1.6250000e+02;1.9103356e-01;1.6250000e+02;2.6252359e-01;1.6250000e+02;2.9964876e-01;1.6250000e+02;2.7311778e-01;1.6250000e+02;2.1503830e-01;1.6250000e+02;2.2044325e-01;1.6250000e+02;1.9474690e-01;1.6250000e+02;1.4932647e-01;1.6250000e+02;9.8147810e-02;1.6250000e+02;5.4867260e-02;1.6250000e+02;6.0220025e-03;1.6250000e+02;-3.5330899e-02;1.6250000e+02;-7.7292822e-02;1.6250000e+02;-1.2510739e-01;1.6250000e+02;-5.7975627e-02;1.6250000e+02;-2.3861112e-02;1.6250000e+02;3.7276387e-02;1.6250000e+02;1.1043534e-01;1.6250000e+02;1.9103356e-01;1.6250000e+02;2.6252359e-01;1.6250000e+02;2.9964876e-01;1.6250000e+02;2.7311778e-01;1.6250000e+02;2.1503830e-01;1.6250000e+02;2.2044325e-01;1.6250000e+02;1.9474690e-01;1.6250000e+02;1.4932647e-01;1.6250000e+02;9.8147810e-02;1.6250000e+02;5.4867260e-02;1.6250000e+02;6.0220025e-03;1.6250000e+02;-3.5330899e-02;1.6250000e+02;-7.7292822e-02;1.6250000e+02;-1.2510739e-01;1.6250000e+02;-5.7975627e-02;1.6250000e+02;-2.3861112e-02;1.6250000e+02;3.7276387e-02;1.6250000e+02;1.1043534e-01;1.6250000e+02;1.9103356e-01;1.6250000e+02;2.6252359e-01;1.6250000e+02;2.9964876e-01;1.6250000e+02;2.7311778e-01;1.6250000e+02;2.1503830e-01;1.6250000e+02;2.2044325e-01;1.6250000e+02;1.9474690e-01;1.6250000e+02;1.4932647e-01;1.6250000e+02;9.8147810e-02;1.6250000e+02;5.4867260e-02;1.6250000e+02;6.0220025e-03;1.6250000e+02;-3.5330899e-02;1.6250000e+02;-7.7292822e-02;1.6250000e+02;-1.2510739e-01;1.6250000e+02;-5.7975627e-02;1.6250000e+02;-2.3861112e-02;1.6250000e+02;3.7276387e-02;1.6250000e+02;1.1043534e-01;1.6250000e+02;1.9103356e-01;1.6250000e+02;2.6252359e-01;1.6250000e+02;2.9964876e-01;1.6250000e+02;2.7311778e-01;1.6250000e+02;2.1503830e-01;1.6250000e+02;2.2044325e-01;1.6250000e+02;1.9474690e-01;1.6250000e+02;1.4932647e-01;1.6250000e+02;9.8147810e-02;1.6250000e+02;5.4867260e-02;1.6250000e+02;6.0220025e-03;1.6250000e+02;-3.5330899e-02;1.6250000e+02;-7.7292822e-02;1.6250000e+02;-1.2510739e-01;1.6250000e+02;-5.7975627e-02;1.6250000e+02;-2.3861112e-02;1.6250000e+02;3.7276387e-02;1.6250000e+02;1.1043534e-01;1.6250000e+02;1.9103356e-01;1.6250000e+02;2.6252359e-01;1.6250000e+02;2.9964876e-01;1.6250000e+02;2.7311778e-01;1.6250000e+02;2.1503830e-01;1.6250000e+02;2.2044325e-01;1.6250000e+02;1.9474690e-01;1.6250000e+02;1.4932647e-01;1.6250000e+02;9.8147810e-02;1.6250000e+02;5.4867260e-02;1.6250000e+02;6.0220025e-03;1.6250000e+02;-3.5330899e-02;1.6250000e+02;-7.7292822e-02;1.6250000e+02;-1.2510739e-01;1.6250000e+02;-5.7975627e-02;1.6250000e+02;-2.3861112e-02;1.6250000e+02;3.7276387e-02;1.6250000e+02;1.1043534e-01;1.6250000e+02;1.9103356e-01;1.6250000e+02;2.6252359e-01;1.6250000e+02;2.9964876e-01;1.6250000e+02;2.7311778e-01;1.6250000e+02;2.1503830e-01;1.6250000e+02;2.2044325e-01;1.6250000e+02;1.9474690e-01;1.6250000e+02;1.4932647e-01;1.6250000e+02;9.8147810e-02;1.6250000e+02;5.4867260e-02;1.6250000e+02;6.0220025e-03;1.6250000e+02;-3.5330899e-02;1.6250000e+02;-7.7292822e-02;1.6250000e+02;-1.2510739e-01;1.6250000e+02;-5.7975627e-02;1.6250000e+02;-2.3861112e-02;1.6250000e+02;3.7276387e-02;1.6250000e+02;1.1043534e-01;1.6250000e+02;1.9103356e-01;1.6250000e+02;2.6252359e-01;1.6250000e+02;2.9964876e-01;1.6250000e+02;2.7311778e-01;1.6250000e+02;2.1503830e-01;1.6250000e+02;2.2044325e-01;1.6250000e+02;1.9474690e-01;1.6250000e+02;1.4932647e-01;1.6250000e+02;9.8147810e-02;1.6250000e+02;5.4867260e-02;1.6250000e+02;6.0220025e-03;1.6250000e+02;-3.5330899e-02;1.6250000e+02;-7.7292822e-02;1.6250000e+02;-1.2510739e-01;1.6250000e+02;-5.7975627e-02;1.6250000e+02;-2.3861112e-02;1.6250000e+02;3.7276387e-02;1.6250000e+02;1.1043534e-01;1.6250000e+02;1.9103356e-01;1.6250000e+02;2.6252359e-01;1.6250000e+02;2.9964876e-01;1.6250000e+02;2.7311778e-01;1.6250000e+02;2.1503830e-01;1.6250000e+02;2.2044325e-01;1.6250000e+02;1.9474690e-01;1.6250000e+02;1.4932647e-01;1.6250000e+02;9.8147810e-02;1.6250000e+02;5.4867260e-02;1.6250000e+02;6.0220025e-03;1.6250000e+02;-3.5330899e-02;1.6250000e+02;-7.7292822e-02;1.6250000e+02;-1.2510739e-01;1.6250000e+02;-5.7975627e-02;1.6250000e+02;-2.3861112e-02;1.6250000e+02;3.7276387e-02;1.6250000e+02;1.1043534e-01;1.6250000e+02;1.9103356e-01;1.6250000e+02;2.6252359e-01;1.6250000e+02;2.9964876e-01;1.6250000e+02;2.7311778e-01;1.6250000e+02;2.1503830e-01;1.6250000e+02;2.2044325e-01;1.6250000e+02;1.9474690e-01;1.6250000e+02;1.4932647e-01;1.6250000e+02;9.8147810e-02;1.6250000e+02;5.4867260e-02;1.6250000e+02;6.0220025e-03;1.6250000e+02;-3.5330899e-02;1.6250000e+02;-7.7292822e-02;1.6250000e+02;-1.2510739e-01;1.6250000e+02;-5.7975627e-02;1.6250000e+02;-2.3861112e-02;1.6250000e+02;3.7276387e-02;1.6250000e+02;1.1043534e-01;1.6250000e+02;1.9103356e-01;1.6250000e+02;2.6252359e-01;1.6250000e+02;2.9964876e-01;1.6250000e+02;2.7311778e-01;1.6250000e+02;2.1503830e-01;1.6250000e+02;2.2044325e-01;1.6250000e+02;1.9474690e-01;1.6250000e+02;1.4932647e-01;1.6250000e+02;9.8147810e-02;1.6250000e+02;5.4867260e-02;1.6250000e+02;6.0220025e-03;1.6250000e+02;-3.5330899e-02;1.6250000e+02;-7.7292822e-02;1.6250000e+02;-1.2510739e-01;1.6250000e+02;-5.7975627e-02;1.6250000e+02;-2.3861112e-02;1.6250000e+02;3.7276387e-02;1.6250000e+02;1.1043534e-01;1.6250000e+02;1.9103356e-01;1.6250000e+02;2.6252359e-01;1.6250000e+02;2.9964876e-01;1.6250000e+02;2.7311778e-01;1.6250000e+02;2.1503830e-01;1.6250000e+02;2.2044325e-01;1.6250000e+02;1.9474690e-01;1.6250000e+02;1.4932647e-01;1.6250000e+02;9.8147810e-02;1.6250000e+02;5.4867260e-02;1.6250000e+02;6.0220025e-03;1.6250000e+02;-3.5330899e-02;1.6250000e+02;-7.7292822e-02;1.6250000e+02;-1.2510739e-01;1.6250000e+02;-5.7975627e-02;1.6250000e+02;-2.3861112e-02;1.6250000e+02;3.7276387e-02;1.6250000e+02;1.1043534e-01;1.6250000e+02;1.9103356e-01;1.6250000e+02;2.6252359e-01;1.6250000e+02;2.9964876e-01;1.6250000e+02;2.7311778e-01;1.6250000e+02;2.1503830e-01;1.6250000e+02;2.2044325e-01;1.6250000e+02;1.9474690e-01;1.6250000e+02;1.4932647e-01;1.6250000e+02;9.8147810e-02;1.6250000e+02;5.4867260e-02;1.6250000e+02;6.0220025e-03;1.6250000e+02;-3.5330899e-02;1.6250000e+02;-7.7292822e-02;1.6250000e+02;-1.2510739e-01;1.6250000e+02;-5.7975627e-02;1.6250000e+02;-2.3861112e-02;1.6250000e+02;3.7276387e-02;1.6250000e+02;1.1043534e-01;1.6250000e+02;1.9103356e-01;1.6250000e+02;2.6252359e-01;1.6250000e+02;2.9964876e-01;1.6250000e+02;2.7311778e-01;1.6250000e+02;2.1503830e-01;1.6250000e+02;2.2044325e-01;1.6250000e+02;1.9474690e-01;1.6250000e+02;1.4932647e-01;1.6250000e+02;9.8147810e-02;1.6250000e+02;5.4867260e-02;1.6250000e+02;6.0220025e-03;1.6250000e+02;-3.5330899e-02;1.6250000e+02;-7.7292822e-02;1.6250000e+02;-1.2510739e-01;1.6250000e+02;-5.7975627e-02;1.6250000e+02;-2.3861112e-02;1.6250000e+02;3.7276387e-02;1.6250000e+02;1.1043534e-01;1.6250000e+02;1.9103356e-01;1.6250000e+02;2.6252359e-01;1.6250000e+02;2.9964876e-01;1.6250000e+02;2.7311778e-01;1.6250000e+02;2.1503830e-01;1.6250000e+02;2.2044325e-01;1.6250000e+02;1.9474690e-01;1.6250000e+02;1.4932647e-01;1.6250000e+02;9.8147810e-02;1.6250000e+02;5.4867260e-02;1.6250000e+02;6.0220025e-03;1.6250000e+02;-3.5330899e-02;1.6250000e+02;-7.7292822e-02;1.6250000e+02;-1.2510739e-01;1.6250000e+02;-5.7975627e-02;1.6250000e+02;-2.3861112e-02;1.6250000e+02;3.7276387e-02;1.6250000e+02;1.1043534e-01;1.6250000e+02;1.9103356e-01;1.6250000e+02;2.6252359e-01;1.6250000e+02;2.9964876e-01;1.6250000e+02;2.7311778e-01;1.6250000e+02;2.1503830e-01;1.6250000e+02;2.2044325e-01;1.6250000e+02;1.9474690e-01;1.6250000e+02;1.4932647e-01;1.6250000e+02;9.8147810e-02;1.6250000e+02;5.4867260e-02;1.6250000e+02;6.0220025e-03;1.6250000e+02;-3.5330899e-02;1.6250000e+02;-7.7292822e-02;1.6250000e+02;-1.2510739e-01;1.6250000e+02;-5.7975627e-02;1.6250000e+02;-2.3861112e-02;1.6250000e+02;3.7276387e-02;1.6250000e+02;1.1043534e-01;1.6250000e+02;1.9103356e-01;1.6250000e+02;2.6252359e-01;1.6250000e+02;2.9964876e-01;1.6250000e+02;2.7311778e-01;1.6250000e+02;2.1503830e-01;1.6250000e+02;2.2044325e-01;1.6250000e+02;1.9474690e-01;1.6250000e+02;1.4932647e-01;1.6250000e+02;9.8147810e-02;1.6250000e+02;5.4867260e-02;1.6250000e+02;6.0220025e-03;1.6250000e+02;-3.5330899e-02;1.6250000e+02;-7.7292822e-02;1.6250000e+02;-1.2510739e-01;1.6250000e+02;-5.7975627e-02;1.6250000e+02;-2.3861112e-02;1.6250000e+02;3.7276387e-02;1.6250000e+02;1.1043534e-01;1.6250000e+02;1.9103356e-01;1.6250000e+02;2.6252359e-01;1.6250000e+02;2.9964876e-01;1.6250000e+02;2.7311778e-01;1.6250000e+02;2.1503830e-01;1.6250000e+02;2.2044325e-01;1.6250000e+02;1.9474690e-01;1.6250000e+02;1.4932647e-01;1.6250000e+02;9.8147810e-02;1.6250000e+02;5.4867260e-02;1.6250000e+02;6.0220025e-03;1.6250000e+02;-3.5330899e-02;1.6250000e+02;-7.7292822e-02;1.6250000e+02;-1.2510739e-01;1.6250000e+02;-5.7975627e-02;1.6250000e+02;-2.3861112e-02;1.6250000e+02;3.7276387e-02;1.6250000e+02;1.1043534e-01;1.6250000e+02;1.9103356e-01;1.6250000e+02;2.6252359e-01;1.6250000e+02;2.9964876e-01;1.6250000e+02;2.7311778e-01;1.6250000e+02;2.1503830e-01;1.6250000e+02;2.2044325e-01;1.6250000e+02;1.9474690e-01;1.6250000e+02;1.4932647e-01;1.6250000e+02;9.8147810e-02;1.6250000e+02;5.4867260e-02;1.6250000e+02;6.0220025e-03;1.6250000e+02;-3.5330899e-02;1.6250000e+02;-7.7292822e-02;1.6250000e+02;-1.2510739e-01;1.6250000e+02;-5.7975627e-02;1.6250000e+02;-2.3861112e-02;1.6250000e+02;3.7276387e-02;1.6250000e+02;1.1043534e-01;1.6250000e+02;1.9103356e-01;1.6250000e+02;2.6252359e-01;1.6250000e+02;2.9964876e-01;1.6250000e+02;2.7311778e-01;1.6250000e+02;2.1503830e-01;1.6250000e+02;2.2044325e-01;1.6250000e+02;1.9474690e-01;1.6250000e+02;1.4932647e-01;1.6250000e+02;9.8147810e-02;1.6250000e+02;5.4867260e-02;1.6250000e+02;6.0220025e-03;1.6250000e+02;-3.5330899e-02;1.6250000e+02;-7.7292822e-02;1.6250000e+02;-1.2510739e-01;1.6250000e+02;-5.7975627e-02;1.6250000e+02;-2.3861112e-02;1.6250000e+02;3.7276387e-02;1.6250000e+02;1.1043534e-01;1.6250000e+02;1.9103356e-01;1.6250000e+02;2.6252359e-01;1.6250000e+02;2.9964876e-01;1.6250000e+02;2.7311778e-01;1.6250000e+02;2.1503830e-01;1.6250000e+02;2.2044325e-01;1.6250000e+02;1.9474690e-01;1.6250000e+02;1.4932647e-01;1.6250000e+02;9.8147810e-02;1.6250000e+02;5.4867260e-02;1.6250000e+02;6.0220025e-03;1.6250000e+02;-3.5330899e-02;1.6250000e+02;-7.7292822e-02;1.6250000e+02;-1.2510739e-01;1.6250000e+02;-5.7975627e-02;1.6250000e+02;-2.3861112e-02;1.6250000e+02;3.7276387e-02;1.6250000e+02;1.1043534e-01;1.6250000e+02;1.9103356e-01;1.6250000e+02;2.6252359e-01;1.6250000e+02;2.9964876e-01;1.6250000e+02;2.7311778e-01;1.6250000e+02;2.1503830e-01;1.6250000e+02;2.2044325e-01;1.6250000e+02;1.9474690e-01;1.6250000e+02;1.4932647e-01;1.6250000e+02;9.8147810e-02;1.6250000e+02;5.4867260e-02;1.6250000e+02;6.0220025e-03;1.6250000e+02;-3.5330899e-02;1.6250000e+02;-7.7292822e-02;1.6250000e+02;-1.2510739e-01;1.6250000e+02;-5.7975627e-02;1.6250000e+02;-2.3861112e-02;1.6250000e+02;3.7276387e-02;1.6250000e+02;1.1043534e-01;1.6250000e+02;1.9103356e-01;1.6250000e+02;2.6252359e-01;1.6250000e+02;2.9964876e-01;1.6250000e+02;2.7311778e-01;1.6250000e+02;2.1503830e-01;1.6250000e+02;2.2044325e-01;1.6250000e+02;1.9474690e-01;1.6250000e+02;1.4932647e-01;1.6250000e+02;9.8147810e-02;1.6250000e+02;5.4867260e-02;1.6250000e+02;6.0220025e-03;1.6250000e+02;-3.5330899e-02;1.6250000e+02;-7.7292822e-02;1.6250000e+02;-1.2510739e-01;1.6250000e+02;-5.7975627e-02;1.6250000e+02;-2.3861112e-02;1.6250000e+02;3.7276387e-02;1.6250000e+02;1.1043534e-01;1.6250000e+02;1.9103356e-01;1.6250000e+02;2.6252359e-01;1.6250000e+02;2.9964876e-01;1.6250000e+02;2.7311778e-01;1.6250000e+02;2.1503830e-01;1.6250000e+02;2.2044325e-01;1.6250000e+02;1.9474690e-01;1.6250000e+02;1.4932647e-01;1.6250000e+02;9.8147810e-02;1.6250000e+02;5.4867260e-02;1.6250000e+02;6.0220025e-03;1.6250000e+02;-3.5330899e-02;1.6250000e+02;-7.7292822e-02;1.6250000e+02;-1.2510739e-01;1.6250000e+02;-5.7975627e-02;1.6250000e+02;-2.3861112e-02;1.6250000e+02;3.7276387e-02;1.6250000e+02;1.1043534e-01;1.6250000e+02;1.9103356e-01;1.6250000e+02;2.6252359e-01;1.6250000e+02;2.9964876e-01;1.6250000e+02;2.7311778e-01;1.6250000e+02;2.1503830e-01;1.6250000e+02;2.2044325e-01;1.6250000e+02;1.9474690e-01;1.6250000e+02;1.4932647e-01;1.6250000e+02;9.8147810e-02;1.6250000e+02;5.4867260e-02;1.6250000e+02;6.0220025e-03;1.6250000e+02;-3.5330899e-02;1.6250000e+02;-7.7292822e-02;1.6250000e+02;-1.2510739e-01;1.6250000e+02;-5.7975627e-02;1.6250000e+02;-2.3861112e-02;1.6250000e+02;3.7276387e-02;1.6250000e+02;1.1043534e-01;1.6250000e+02;1.9103356e-01;1.6250000e+02;2.6252359e-01;1.6250000e+02;2.9964876e-01;1.6250000e+02;2.7311778e-01;1.6250000e+02;2.1503830e-01;1.6250000e+02;2.2044325e-01;1.6250000e+02;1.9474690e-01;1.6250000e+02;1.4932647e-01;1.6250000e+02;9.8147810e-02;1.6250000e+02;5.4867260e-02;1.6250000e+02;6.0220025e-03;1.6250000e+02;-3.5330899e-02;1.6250000e+02;-7.7292822e-02;1.6250000e+02;-1.2510739e-01;1.6250000e+02;-5.7975627e-02;1.6250000e+02;-2.3861112e-02;1.6250000e+02;3.7276387e-02;1.6250000e+02;1.1043534e-01;1.6250000e+02;1.9103356e-01;1.6250000e+02;2.6252359e-01;1.6250000e+02;2.9964876e-01;1.6250000e+02;2.7311778e-01;1.6250000e+02;2.1503830e-01;1.6250000e+02;2.2044325e-01;1.6250000e+02;1.9474690e-01;1.6250000e+02;1.4932647e-01;1.6250000e+02;9.8147810e-02;1.6250000e+02;5.4867260e-02;1.6250000e+02;6.0220025e-03;1.6250000e+02;-3.5330899e-02;1.6250000e+02;-7.7292822e-02;1.6250000e+02;-1.2510739e-01;1.6250000e+02;-5.7975627e-02;1.6250000e+02;-2.3861112e-02;1.6250000e+02;3.7276387e-02;1.6250000e+02;1.1043534e-01;1.6250000e+02;1.9103356e-01;1.6250000e+02;2.6252359e-01;1.6250000e+02;2.9964876e-01;1.6250000e+02;2.7311778e-01;1.6250000e+02;2.1503830e-01;1.6250000e+02;2.2044325e-01;1.6250000e+02;1.9474690e-01;1.6250000e+02;1.4932647e-01;1.6250000e+02;9.8147810e-02;1.6250000e+02;5.4867260e-02;1.6250000e+02;6.0220025e-03;1.6250000e+02;-3.5330899e-02;1.6250000e+02;-7.7292822e-02;1.6250000e+02;-1.2510739e-01;1.6250000e+02;-5.7975627e-02;1.6250000e+02;-2.3861112e-02;1.6250000e+02;3.7276387e-02;1.6250000e+02;1.1043534e-01;1.6250000e+02;1.9103356e-01;1.6250000e+02;2.6252359e-01;1.6250000e+02;2.9964876e-01;1.6250000e+02;2.7311778e-01;1.6250000e+02;2.1503830e-01;1.6250000e+02;2.2044325e-01;1.6250000e+02;1.9474690e-01;1.6250000e+02;1.4932647e-01;1.6250000e+02;9.8147810e-02;1.6250000e+02;5.4867260e-02;1.6250000e+02;6.0220025e-03;1.6250000e+02;-3.5330899e-02;1.6250000e+02;-7.7292822e-02;1.6250000e+02;-1.2510739e-01;1.6250000e+02;-5.7975627e-02;1.6250000e+02;-2.3861112e-02;1.6250000e+02;3.7276387e-02;1.6250000e+02;1.1043534e-01;1.6250000e+02;1.9103356e-01;1.6250000e+02;2.6252359e-01;1.6250000e+02;2.9964876e-01;1.6250000e+02;2.7311778e-01;1.6250000e+02;2.1503830e-01;1.6250000e+02;2.2044325e-01;1.6250000e+02;1.9474690e-01;1.6250000e+02;1.4932647e-01;1.6250000e+02;9.8147810e-02;1.6250000e+02;5.4867260e-02;1.6250000e+02;6.0220025e-03;1.6250000e+02;-3.5330899e-02;1.6250000e+02;-7.7292822e-02;1.6250000e+02;-1.2510739e-01;1.6250000e+02;-5.7975627e-02;1.6250000e+02;-2.3861112e-02;1.6250000e+02;3.7276387e-02;1.6250000e+02;1.1043534e-01;1.6250000e+02;1.9103356e-01;1.6250000e+02;2.6252359e-01;1.6250000e+02;2.9964876e-01;1.6250000e+02;2.7311778e-01;1.6250000e+02;2.1503830e-01;1.6250000e+02;2.2044325e-01;1.6250000e+02;1.9474690e-01;1.6250000e+02;1.4932647e-01;1.6250000e+02;9.8147810e-02;1.6250000e+02;5.4867260e-02;1.6250000e+02;6.0220025e-03;1.6250000e+02;-3.5330899e-02;1.6250000e+02;-7.7292822e-02;1.6250000e+02;-1.2510739e-01;1.6250000e+02;-5.7975627e-02;1.6250000e+02;-2.3861112e-02;1.6250000e+02;3.7276387e-02;1.6250000e+02;1.1043534e-01;1.6250000e+02;1.9103356e-01;1.6250000e+02;2.6252359e-01;1.6250000e+02;2.9964876e-01;1.6250000e+02;2.7311778e-01;1.6250000e+02;2.1503830e-01;1.6250000e+02;2.2044325e-01;1.6250000e+02;1.9474690e-01;1.6250000e+02;1.4932647e-01;1.6250000e+02;9.8147810e-02;1.6250000e+02;5.4867260e-02;1.6250000e+02;6.0220025e-03;1.6250000e+02;-3.5330899e-02;1.6250000e+02;-7.7292822e-02;1.6250000e+02;-1.2510739e-01;1.6250000e+02;-5.7975627e-02;1.6250000e+02;-2.3861112e-02;1.6250000e+02;3.7276387e-02;1.6250000e+02;1.1043534e-01;1.6250000e+02;1.9103356e-01;1.6250000e+02;2.6252359e-01;1.6250000e+02;2.9964876e-01;1.6250000e+02;2.7311778e-01;1.6250000e+02;2.1503830e-01;1.6250000e+02;2.2044325e-01;1.6250000e+02;1.9474690e-01;1.6250000e+02;1.4932647e-01;1.6250000e+02;9.8147810e-02;1.6250000e+02;5.4867260e-02;1.6250000e+02;6.0220025e-03;1.6250000e+02;-3.5330899e-02;1.6250000e+02;-7.7292822e-02;1.6250000e+02;-1.2510739e-01;1.6250000e+02;-5.7975627e-02;1.6250000e+02;-2.3861112e-02;1.6250000e+02;3.7276387e-02;1.6250000e+02;1.1043534e-01;1.6250000e+02;1.9103356e-01;1.6250000e+02;2.6252359e-01;1.6250000e+02;2.9964876e-01;1.6250000e+02;2.7311778e-01;1.6250000e+02;2.1503830e-01;1.6250000e+02;2.2044325e-01;1.6250000e+02;1.9474690e-01;1.6250000e+02;1.4932647e-01;1.6250000e+02;9.8147810e-02;1.6250000e+02;5.4867260e-02;1.6250000e+02;6.0220025e-03;1.6250000e+02;-3.5330899e-02;1.6250000e+02;-7.7292822e-02;1.6250000e+02;-1.2510739e-01;1.6250000e+02;-5.7975627e-02;1.6250000e+02;-2.3861112e-02;1.6250000e+02;3.7276387e-02;1.6250000e+02;1.1043534e-01;1.6250000e+02;1.9103356e-01;1.6250000e+02;2.6252359e-01;1.6250000e+02;2.9964876e-01;1.6250000e+02;2.7311778e-01;1.6250000e+02;2.1503830e-01;1.6250000e+02;2.2044325e-01;1.6250000e+02;1.9474690e-01;1.6250000e+02;1.4932647e-01;1.6250000e+02;9.8147810e-02;1.6250000e+02;5.4867260e-02;1.6250000e+02;6.0220025e-03;1.6250000e+02;-3.5330899e-02;1.6250000e+02;-7.7292822e-02;1.6250000e+02;-1.2510739e-01;1.6250000e+02;-5.7975627e-02;1.6250000e+02;-2.3861112e-02;1.6250000e+02;3.7276387e-02;1.6250000e+02;1.1043534e-01;1.6250000e+02;1.9103356e-01;1.6250000e+02;2.6252359e-01;1.6250000e+02;2.9964876e-01;1.6250000e+02;2.7311778e-01;1.6250000e+02;2.1503830e-01;1.6250000e+02;2.2044325e-01;1.6250000e+02;1.9474690e-01;1.6250000e+02;1.4932647e-01;1.6250000e+02;9.8147810e-02;1.6250000e+02;5.4867260e-02;1.6250000e+02;6.0220025e-03;1.6250000e+02;-3.5330899e-02;1.6250000e+02;-7.7292822e-02;1.6250000e+02;-1.2510739e-01;1.6250000e+02;-5.7975627e-02;1.6250000e+02;-2.3861112e-02;1.6250000e+02;3.7276387e-02;1.6250000e+02;1.1043534e-01;1.6250000e+02;1.9103356e-01;1.6250000e+02;2.6252359e-01;1.6250000e+02;2.9964876e-01;1.6250000e+02;2.7311778e-01;1.6250000e+02;2.1503830e-01;1.6250000e+02;2.2044325e-01;1.6250000e+02;1.9474690e-01;1.6250000e+02;1.4932647e-01;1.6250000e+02;9.8147810e-02;1.6250000e+02;5.4867260e-02;1.6250000e+02;6.0220025e-03;1.6250000e+02;-3.5330899e-02;1.6250000e+02;-7.7292822e-02;1.6250000e+02;-1.2510739e-01;1.6250000e+02;-5.7975627e-02;1.6250000e+02;-2.3861112e-02;1.6250000e+02;3.7276387e-02;1.6250000e+02;1.1043534e-01;1.6250000e+02;1.9103356e-01;1.6250000e+02;2.6252359e-01;1.6250000e+02;2.9964876e-01;1.6250000e+02;2.7311778e-01;1.6250000e+02;2.1503830e-01;1.6250000e+02;2.2044325e-01;1.6250000e+02;1.9474690e-01;1.6250000e+02;1.4932647e-01;1.6250000e+02;9.8147810e-02;1.6250000e+02;5.4867260e-02;1.6250000e+02;6.0220025e-03;1.6250000e+02;-3.5330899e-02;1.6250000e+02;-7.7292822e-02;1.6250000e+02;-1.2510739e-01;1.6250000e+02;-5.7975627e-02;1.6250000e+02;-2.3861112e-02;1.6250000e+02;3.7276387e-02;1.6250000e+02;1.1043534e-01;1.6250000e+02;1.9103356e-01;1.6250000e+02;2.6252359e-01;1.6250000e+02;2.9964876e-01;1.6250000e+02;2.7311778e-01;1.6250000e+02;2.1503830e-01;1.6250000e+02;2.2044325e-01;1.6250000e+02;1.9474690e-01;1.6250000e+02;1.4932647e-01;1.6250000e+02;9.8147810e-02;1.6250000e+02;5.4867260e-02;1.6250000e+02;6.0220025e-03;1.6250000e+02;-3.5330899e-02;1.6250000e+02;-7.7292822e-02;1.6250000e+02;-1.2510739e-01;1.6250000e+02;-5.7975627e-02;1.6250000e+02;-2.3861112e-02;1.6250000e+02;3.7276387e-02;1.6250000e+02;1.1043534e-01;1.6250000e+02;1.9103356e-01;1.6250000e+02;2.6252359e-01;1.6250000e+02;2.9964876e-01;1.6250000e+02;2.7311778e-01;1.6250000e+02;2.1503830e-01;1.6250000e+02;2.2044325e-01;1.6250000e+02;1.9474690e-01;1.6250000e+02;1.4932647e-01;1.6250000e+02;9.8147810e-02;1.6250000e+02;5.4867260e-02;1.6250000e+02;6.0220025e-03;1.6250000e+02;-3.5330899e-02;1.6250000e+02;-7.7292822e-02;1.6250000e+02;-1.2510739e-01;1.6250000e+02;-5.7975627e-02;1.6250000e+02;-2.3861112e-02;1.6250000e+02;3.7276387e-02;1.6250000e+02;1.1043534e-01;1.6250000e+02;1.9103356e-01;1.6250000e+02;2.6252359e-01;1.6250000e+02;2.9964876e-01;1.6250000e+02;2.7311778e-01;1.6250000e+02;2.1503830e-01;1.6250000e+02;2.2044325e-01;1.6250000e+02;1.9474690e-01;1.6250000e+02;1.4932647e-01;1.6250000e+02;9.8147810e-02;1.6250000e+02;5.4867260e-02;1.6250000e+02;6.0220025e-03;1.6250000e+02;-3.5330899e-02;1.6250000e+02;-7.7292822e-02;1.6250000e+02;-1.2510739e-01;1.6250000e+02;-5.7975627e-02;1.6250000e+02;-2.3861112e-02;1.6250000e+02;3.7276387e-02;1.6250000e+02;1.1043534e-01;1.6250000e+02;1.9103356e-01;1.6250000e+02;2.6252359e-01;1.6250000e+02;2.9964876e-01;1.6250000e+02;2.7311778e-01;1.6250000e+02;2.1503830e-01;1.6250000e+02;2.2044325e-01;1.6250000e+02;1.9474690e-01;1.6250000e+02;1.4932647e-01;1.6250000e+02;9.8147810e-02;1.6250000e+02;5.4867260e-02;1.6250000e+02;6.0220025e-03;1.6250000e+02;-3.5330899e-02;1.6250000e+02;-7.7292822e-02;1.6250000e+02;-1.2510739e-01;1.6250000e+02;-5.7975627e-02;1.6250000e+02;-2.3861112e-02;1.6250000e+02;3.7276387e-02;1.6250000e+02;1.1043534e-01;1.6250000e+02;1.9103356e-01;1.6250000e+02;2.6252359e-01;1.6250000e+02;2.9964876e-01;1.6250000e+02;2.7311778e-01;1.6250000e+02;2.1503830e-01;1.6250000e+02;2.2044325e-01;1.6250000e+02;1.9474690e-01;1.6250000e+02;1.4932647e-01;1.6250000e+02;9.8147810e-02;1.6250000e+02;5.4867260e-02;1.6250000e+02;6.0220025e-03;1.6250000e+02;-3.5330899e-02;1.6250000e+02;-7.7292822e-02;1.6250000e+02;-1.2510739e-01;1.6250000e+02;-5.7975627e-02;1.6250000e+02;-2.3861112e-02;1.6250000e+02;3.7276387e-02;1.6250000e+02;1.1043534e-01;1.6250000e+02;1.9103356e-01;1.6250000e+02;2.6252359e-01;1.6250000e+02;2.9964876e-01;1.6250000e+02;2.7311778e-01;1.6250000e+02;2.1503830e-01;1.6250000e+02;2.2044325e-01;1.6250000e+02;1.9474690e-01;1.6250000e+02;1.4932647e-01;1.6250000e+02;9.8147810e-02;1.6250000e+02;5.4867260e-02;1.6250000e+02;6.0220025e-03;1.6250000e+02;-3.5330899e-02;1.6250000e+02;-7.7292822e-02;1.6250000e+02;-1.2510739e-01;1.6250000e+02;-5.7975627e-02;1.6250000e+02;-2.3861112e-02;1.6250000e+02;3.7276387e-02;1.6250000e+02;1.1043534e-01;1.6250000e+02;1.9103356e-01;1.6250000e+02;2.6252359e-01;1.6250000e+02;2.9964876e-01;1.6250000e+02;2.7311778e-01;1.6250000e+02;2.1503830e-01;1.6250000e+02;2.2044325e-01;1.6250000e+02;1.9474690e-01;1.6250000e+02;1.4932647e-01;1.6250000e+02;9.8147810e-02;1.6250000e+02;5.4867260e-02;1.6250000e+02;6.0220025e-03;1.6250000e+02;-3.5330899e-02;1.6250000e+02;-7.7292822e-02;1.6250000e+02;-1.2510739e-01;1.6250000e+02;-5.7975627e-02;1.6250000e+02;-2.3861112e-02;1.6250000e+02;3.7276387e-02;1.6250000e+02;1.1043534e-01;1.6250000e+02;1.9103356e-01;1.6250000e+02;2.6252359e-01;1.6250000e+02;2.9964876e-01;1.6250000e+02;2.7311778e-01;1.6250000e+02;2.1503830e-01;1.6250000e+02;2.2044325e-01;1.6250000e+02;1.9474690e-01;1.6250000e+02;1.4932647e-01;1.6250000e+02;9.8147810e-02;1.6250000e+02;5.4867260e-02;1.6250000e+02;6.0220025e-03;1.6250000e+02;-3.5330899e-02;1.6250000e+02;-7.7292822e-02;1.6250000e+02;-1.2510739e-01;1.6250000e+02;-5.7975627e-02;1.6250000e+02;-2.3861112e-02;1.6250000e+02;3.7276387e-02;1.6250000e+02;1.1043534e-01;1.6250000e+02;1.9103356e-01;1.6250000e+02;2.6252359e-01;1.6250000e+02;2.9964876e-01;1.6250000e+02;2.7311778e-01;1.6250000e+02;2.1503830e-01;1.6250000e+02;2.2044325e-01;1.6250000e+02;1.9474690e-01;1.6250000e+02;1.4932647e-01;1.6250000e+02;9.8147810e-02;1.6250000e+02;5.4867260e-02;1.6250000e+02;6.0220025e-03;1.6250000e+02;-3.5330899e-02;1.6250000e+02;-7.7292822e-02;1.6250000e+02;-1.2510739e-01;1.6250000e+02;-5.7975627e-02;1.6250000e+02;-2.3861112e-02;1.6250000e+02;3.7276387e-02;1.6250000e+02;1.1043534e-01;1.6250000e+02;1.9103356e-01;1.6250000e+02;2.6252359e-01;1.6250000e+02;2.9964876e-01;1.6250000e+02;2.7311778e-01;1.6250000e+02;2.1503830e-01;1.6250000e+02;2.2044325e-01;1.6250000e+02;1.9474690e-01;1.6250000e+02;1.4932647e-01;1.6250000e+02;9.8147810e-02;1.6250000e+02;5.4867260e-02;1.6250000e+02;6.0220025e-03;1.6250000e+02;-3.5330899e-02;1.6250000e+02;-7.7292822e-02;1.6250000e+02;-1.2510739e-01;1.6250000e+02;-5.7975627e-02;1.6250000e+02;-2.3861112e-02;1.6250000e+02;3.7276387e-02;1.6250000e+02;1.1043534e-01;1.6250000e+02;1.9103356e-01;1.6250000e+02;2.6252359e-01;1.6250000e+02;2.9964876e-01;1.6250000e+02;2.7311778e-01;1.6250000e+02;2.1503830e-01;1.6250000e+02;2.2044325e-01;1.6250000e+02;1.9474690e-01;1.6250000e+02;1.4932647e-01;1.6250000e+02;9.8147810e-02;1.6250000e+02;5.4867260e-02;1.6250000e+02;6.0220025e-03;1.6250000e+02;-3.5330899e-02;1.6250000e+02;-7.7292822e-02;1.6250000e+02;-1.2510739e-01;1.6250000e+02;-5.7975627e-02;1.6250000e+02;-2.3861112e-02;1.6250000e+02;3.7276387e-02;1.6250000e+02;1.1043534e-01;1.6250000e+02;1.9103356e-01;1.6250000e+02;2.6252359e-01;1.6250000e+02;2.9964876e-01;1.6250000e+02;2.7311778e-01;1.6250000e+02;2.1503830e-01;1.6250000e+02;2.2044325e-01;1.6250000e+02;1.9474690e-01;1.6250000e+02;1.4932647e-01;1.6250000e+02;9.8147810e-02;1.6250000e+02;5.4867260e-02;1.6250000e+02;6.0220025e-03;1.6250000e+02;-3.5330899e-02;1.6250000e+02;-7.7292822e-02;1.6250000e+02;-1.2510739e-01;1.6250000e+02;-5.7975627e-02;1.6250000e+02;-2.3861112e-02;1.6250000e+02;3.7276387e-02;1.6250000e+02;1.1043534e-01;1.6250000e+02;1.9103356e-01;1.6250000e+02;2.6252359e-01;1.6250000e+02;2.9964876e-01;1.6250000e+02;2.7311778e-01;1.6250000e+02;2.1503830e-01;1.6250000e+02;2.2044325e-01;1.6250000e+02;1.9474690e-01;1.6250000e+02;1.4932647e-01;1.6250000e+02;9.8147810e-02;1.6250000e+02;5.4867260e-02;1.6250000e+02;6.0220025e-03;1.6250000e+02;-3.5330899e-02;1.6250000e+02;-7.7292822e-02;1.6250000e+02;-1.2510739e-01;1.6250000e+02;-5.7975627e-02;1.6250000e+02;-2.3861112e-02;1.6250000e+02;3.7276387e-02;1.6250000e+02;1.1043534e-01;1.6250000e+02;1.9103356e-01;1.6250000e+02;2.6252359e-01;1.6250000e+02;2.9964876e-01;1.6250000e+02;2.7311778e-01;1.6250000e+02;2.1503830e-01;1.6250000e+02;2.2044325e-01;1.6250000e+02;1.9474690e-01;1.6250000e+02;1.4932647e-01;1.6250000e+02;9.8147810e-02;1.6250000e+02;5.4867260e-02;1.6250000e+02;6.0220025e-03;1.6250000e+02;-3.5330899e-02;1.6250000e+02;-7.7292822e-02;1.6250000e+02;-1.2510739e-01;1.6250000e+02;-5.7975627e-02;1.6250000e+02;-2.3861112e-02;1.6250000e+02;3.7276387e-02;1.6250000e+02;1.1043534e-01;1.6250000e+02;1.9103356e-01;1.6250000e+02;2.6252359e-01;1.6250000e+02;2.9964876e-01;1.6250000e+02;2.7311778e-01;1.6250000e+02;2.1503830e-01;1.6250000e+02;2.2044325e-01;1.6250000e+02;1.9474690e-01;1.6250000e+02;1.4932647e-01;1.6250000e+02;9.8147810e-02;1.6250000e+02;5.4867260e-02;1.6250000e+02;6.0220025e-03;1.6250000e+02;-3.5330899e-02;1.6250000e+02;-7.7292822e-02;1.6250000e+02;-1.2510739e-01;1.6250000e+02;-5.7975627e-02;1.6250000e+02;-2.3861112e-02;1.6250000e+02;3.7276387e-02;1.6250000e+02;1.1043534e-01;1.6250000e+02;1.9103356e-01;1.6250000e+02;2.6252359e-01;1.6250000e+02;2.9964876e-01;1.6250000e+02;2.7311778e-01;1.6250000e+02;2.1503830e-01;1.6250000e+02;2.2044325e-01;1.6250000e+02;1.9474690e-01;1.6250000e+02;1.4932647e-01;1.6250000e+02;9.8147810e-02;1.6250000e+02;5.4867260e-02;1.6250000e+02;6.0220025e-03;1.6250000e+02;-3.5330899e-02;1.6250000e+02;-7.7292822e-02;1.6250000e+02;-1.2510739e-01;1.6250000e+02;-5.7975627e-02;1.6250000e+02;-2.3861112e-02;1.6250000e+02;3.7276387e-02;1.6250000e+02;1.1043534e-01;1.6250000e+02;1.9103356e-01;1.6250000e+02;2.6252359e-01;1.6250000e+02;2.9964876e-01;1.6250000e+02;2.7311778e-01;1.6250000e+02;2.1503830e-01;1.6250000e+02;2.2044325e-01;1.6250000e+02;1.9474690e-01;1.6250000e+02;1.4932647e-01;1.6250000e+02;9.8147810e-02;1.6250000e+02;5.4867260e-02;1.6250000e+02;6.0220025e-03;1.6250000e+02;-3.5330899e-02;1.6250000e+02;-7.7292822e-02;1.6250000e+02;-1.2510739e-01;1.6250000e+02;-5.7975627e-02;1.6250000e+02;-2.3861112e-02;1.6250000e+02;3.7276387e-02;1.6250000e+02;1.1043534e-01;1.6250000e+02;1.9103356e-01;1.6250000e+02;2.6252359e-01;1.6250000e+02;2.9964876e-01;1.6250000e+02;2.7311778e-01;1.6250000e+02;2.1503830e-01;1.6250000e+02;2.2044325e-01;1.6250000e+02;1.9474690e-01;1.6250000e+02;1.4932647e-01;1.6250000e+02;9.8147810e-02;1.6250000e+02;5.4867260e-02;1.6250000e+02;6.0220025e-03;1.6250000e+02;-3.5330899e-02;1.6250000e+02;-7.7292822e-02;1.6250000e+02;-1.2510739e-01;1.6250000e+02;-5.7975627e-02;1.6250000e+02;-2.3861112e-02;1.6250000e+02;3.7276387e-02;1.6250000e+02;1.1043534e-01;1.6250000e+02;1.9103356e-01;1.6250000e+02;2.6252359e-01;1.6250000e+02;2.9964876e-01;1.6250000e+02;2.7311778e-01;1.6250000e+02;2.1503830e-01;1.6250000e+02;2.2044325e-01;1.6250000e+02;1.9474690e-01;1.6250000e+02;1.4932647e-01;1.6250000e+02;9.8147810e-02;1.6250000e+02;5.4867260e-02;1.6250000e+02;6.0220025e-03;1.6250000e+02;-3.5330899e-02;1.6250000e+02;-7.7292822e-02;1.6250000e+02;-1.2510739e-01;1.6250000e+02;-5.7975627e-02;1.6250000e+02;-2.3861112e-02;1.6250000e+02;3.7276387e-02;1.6250000e+02;1.1043534e-01;1.6250000e+02;1.9103356e-01;1.6250000e+02;2.6252359e-01;1.6250000e+02;2.9964876e-01;1.6250000e+02;2.7311778e-01;1.6250000e+02;2.1503830e-01;1.6250000e+02;2.2044325e-01;1.6250000e+02;1.9474690e-01;1.6250000e+02;1.4932647e-01;1.6250000e+02;9.8147810e-02;1.6250000e+02;5.4867260e-02;1.6250000e+02;6.0220025e-03;1.6250000e+02;-3.5330899e-02;1.6250000e+02;-7.7292822e-02;1.6250000e+02;-1.2510739e-01;1.6250000e+02;-5.7975627e-02;1.6250000e+02;-2.3861112e-02;1.6250000e+02;3.7276387e-02;1.6250000e+02;1.1043534e-01;1.6250000e+02;1.9103356e-01;1.6250000e+02;2.6252359e-01;1.6250000e+02;2.9964876e-01;1.6250000e+02;2.7311778e-01;1.6250000e+02;2.1503830e-01;1.6250000e+02;2.2044325e-01;1.6250000e+02;1.9474690e-01;1.6250000e+02;1.4932647e-01;1.6250000e+02;9.8147810e-02;1.6250000e+02;5.4867260e-02;1.6250000e+02;6.0220025e-03;1.6250000e+02;-3.5330899e-02;1.6250000e+02;-7.7292822e-02;1.6250000e+02;-1.2510739e-01;1.6250000e+02;-5.7975627e-02;1.6250000e+02;-2.3861112e-02;1.6250000e+02;3.7276387e-02;1.6250000e+02;1.1043534e-01;1.6250000e+02;1.9103356e-01;1.6250000e+02;2.6252359e-01;1.6250000e+02;2.9964876e-01;1.6250000e+02;2.7311778e-01;1.6250000e+02;2.1503830e-01;1.6250000e+02;2.2044325e-01;1.6250000e+02;1.9474690e-01;1.6250000e+02;1.4932647e-01;1.6250000e+02;9.8147810e-02;1.6250000e+02;5.4867260e-02;1.6250000e+02;6.0220025e-03;1.6250000e+02;-3.5330899e-02;1.6250000e+02;-7.7292822e-02;1.6250000e+02;-1.2510739e-01;1.6250000e+02;-5.7975627e-02;1.6250000e+02;-2.3861112e-02;1.6250000e+02;3.7276387e-02;1.6250000e+02;1.1043534e-01;1.6250000e+02;1.9103356e-01;1.6250000e+02;2.6252359e-01;1.6250000e+02;2.9964876e-01;1.6250000e+02;2.7311778e-01;1.6250000e+02;2.1503830e-01;1.6250000e+02;2.2044325e-01;1.6250000e+02;1.9474690e-01;1.6250000e+02;1.4932647e-01;1.6250000e+02;9.8147810e-02;1.6250000e+02;5.4867260e-02;1.6250000e+02;6.0220025e-03;1.6250000e+02;-3.5330899e-02;1.6250000e+02;-7.7292822e-02;1.6250000e+02;-1.2510739e-01;1.6250000e+02;-5.7975627e-02;1.6250000e+02;-2.3861112e-02;1.6250000e+02;3.7276387e-02;1.6250000e+02;1.1043534e-01;1.6250000e+02;1.9103356e-01;1.6250000e+02;2.6252359e-01;1.6250000e+02;2.9964876e-01;1.6250000e+02;2.7311778e-01;1.6250000e+02;2.1503830e-01;1.6250000e+02;2.2044325e-01;1.6250000e+02;1.9474690e-01;1.6250000e+02;1.4932647e-01;1.6250000e+02;9.8147810e-02;1.6250000e+02;5.4867260e-02;1.6250000e+02;6.0220025e-03;1.6250000e+02;-3.5330899e-02;1.6250000e+02;-7.7292822e-02;1.6250000e+02;-1.2510739e-01;1.6250000e+02;-5.7975627e-02;1.6250000e+02;-2.3861112e-02;1.6250000e+02;3.7276387e-02;1.6250000e+02;1.1043534e-01;1.6250000e+02;1.9103356e-01;1.6250000e+02;2.6252359e-01;1.6250000e+02;2.9964876e-01;1.6250000e+02;2.7311778e-01;1.6250000e+02;2.1503830e-01;1.6250000e+02;2.2044325e-01;1.6250000e+02;1.9474690e-01;1.6250000e+02;1.4932647e-01;1.6250000e+02;9.8147810e-02;1.6250000e+02;5.4867260e-02;1.6250000e+02;6.0220025e-03;1.6250000e+02;-3.5330899e-02;1.6250000e+02;-7.7292822e-02;1.6250000e+02;-1.2510739e-01;1.6250000e+02;-5.7975627e-02;1.6250000e+02;-2.3861112e-02;1.6250000e+02;3.7276387e-02;1.6250000e+02;1.1043534e-01;1.6250000e+02;1.9103356e-01;1.6250000e+02;2.6252359e-01;1.6250000e+02;2.9964876e-01;1.6250000e+02;2.7311778e-01;1.6250000e+02;2.1503830e-01;1.6250000e+02;2.2044325e-01;1.6250000e+02;1.9474690e-01;1.6250000e+02;1.4932647e-01;1.6250000e+02;9.8147810e-02;1.6250000e+02;5.4867260e-02;1.6250000e+02;6.0220025e-03;1.6250000e+02;-3.5330899e-02;1.6250000e+02;-7.7292822e-02;1.6250000e+02;-1.2510739e-01;1.6250000e+02;-5.7975627e-02;1.6250000e+02;-2.3861112e-02;1.6250000e+02;3.7276387e-02;1.6250000e+02;1.1043534e-01;1.6250000e+02;1.9103356e-01;1.6250000e+02;2.6252359e-01;1.6250000e+02;2.9964876e-01;1.6250000e+02;2.7311778e-01;1.6250000e+02;2.1503830e-01;1.6250000e+02;2.2044325e-01;1.6250000e+02;1.9474690e-01;1.6250000e+02;1.4932647e-01;1.6250000e+02;9.8147810e-02;1.6250000e+02;5.4867260e-02;1.6250000e+02;6.0220025e-03;1.6250000e+02;-3.5330899e-02;1.6250000e+02;-7.7292822e-02;1.6250000e+02;-1.2510739e-01;1.6250000e+02;-5.7975627e-02;1.6250000e+02;-2.3861112e-02;1.6250000e+02;3.7276387e-02;1.6250000e+02;1.1043534e-01;1.6250000e+02;1.9103356e-01;1.6250000e+02;2.6252359e-01;1.6250000e+02;2.9964876e-01;1.6250000e+02;2.7311778e-01;1.6250000e+02;2.1503830e-01;1.6250000e+02;2.2044325e-01;1.6250000e+02;1.9474690e-01;1.6250000e+02;1.4932647e-01;1.6250000e+02;9.8147810e-02;1.6250000e+02;5.4867260e-02;1.6250000e+02;6.0220025e-03;1.6250000e+02;-3.5330899e-02;1.6250000e+02;-7.7292822e-02;1.6250000e+02;-1.2510739e-01;1.6250000e+02;-5.7975627e-02;1.6250000e+02;-2.3861112e-02;1.6250000e+02;3.7276387e-02;1.6250000e+02;1.1043534e-01;1.6250000e+02;1.9103356e-01;1.6250000e+02;2.6252359e-01;1.6250000e+02;2.9964876e-01;1.6250000e+02;2.7311778e-01;1.6250000e+02;2.1503830e-01;1.6250000e+02;2.2044325e-01;1.6250000e+02;1.9474690e-01;1.6250000e+02;1.4932647e-01;1.6250000e+02;9.8147810e-02;1.6250000e+02;5.4867260e-02;1.6250000e+02;6.0220025e-03;1.6250000e+02;-3.5330899e-02;1.6250000e+02;-7.7292822e-02;1.6250000e+02;-1.2510739e-01;1.6250000e+02;-5.7975627e-02;1.6250000e+02;-2.3861112e-02;1.6250000e+02;3.7276387e-02;1.6250000e+02;1.1043534e-01;1.6250000e+02;1.9103356e-01;1.6250000e+02;2.6252359e-01;1.6250000e+02;2.9964876e-01;1.6250000e+02;2.7311778e-01;1.6250000e+02;2.1503830e-01;1.6250000e+02;2.2044325e-01;1.6250000e+02;1.9474690e-01;1.6250000e+02;1.4932647e-01;1.6250000e+02;9.8147810e-02;1.6250000e+02;5.4867260e-02;1.6250000e+02;6.0220025e-03;1.6250000e+02;-3.5330899e-02;1.6250000e+02;-7.7292822e-02;1.6250000e+02;-1.2510739e-01;1.6250000e+02;-5.7975627e-02;1.6250000e+02;-2.3861112e-02;1.6250000e+02;3.7276387e-02;1.6250000e+02;1.1043534e-01;1.6250000e+02;1.9103356e-01;1.6250000e+02;2.6252359e-01;1.6250000e+02;2.9964876e-01;1.6250000e+02;2.7311778e-01;1.6250000e+02;2.1503830e-01;1.6250000e+02;2.2044325e-01;1.6250000e+02;1.9474690e-01;1.6250000e+02;1.4932647e-01;1.6250000e+02;9.8147810e-02;1.6250000e+02;5.4867260e-02;1.6250000e+02;6.0220025e-03;1.6250000e+02;-3.5330899e-02;1.6250000e+02;-7.7292822e-02;1.6250000e+02;-1.2510739e-01;1.6250000e+02;-5.7975627e-02;1.6250000e+02;-2.3861112e-02;1.6250000e+02;3.7276387e-02;1.6250000e+02;1.1043534e-01;1.6250000e+02;1.9103356e-01;1.6250000e+02;2.6252359e-01;1.6250000e+02;2.9964876e-01;1.6250000e+02;2.7311778e-01;1.6250000e+02;2.1503830e-01;1.6250000e+02;2.2044325e-01;1.6250000e+02;1.9474690e-01;1.6250000e+02;1.4932647e-01;1.6250000e+02;9.8147810e-02;1.6250000e+02;5.4867260e-02;1.6250000e+02;6.0220025e-03;1.6250000e+02;-3.5330899e-02;1.6250000e+02;-7.7292822e-02;1.6250000e+02;-1.2510739e-01;1.6250000e+02;-5.7975627e-02;1.6250000e+02;-2.3861112e-02;1.6250000e+02;3.7276387e-02;1.6250000e+02;1.1043534e-01;1.6250000e+02;1.9103356e-01;1.6250000e+02;2.6252359e-01;1.6250000e+02;2.9964876e-01;1.6250000e+02;2.7311778e-01;1.6250000e+02;2.1503830e-01;1.6250000e+02;2.2044325e-01;1.6250000e+02;1.9474690e-01;1.6250000e+02;1.4932647e-01;1.6250000e+02;9.8147810e-02;1.6250000e+02;5.4867260e-02;1.6250000e+02;6.0220025e-03;1.6250000e+02;-3.5330899e-02;1.6250000e+02;-7.7292822e-02;1.6250000e+02;-1.2510739e-01;1.6250000e+02;-5.7975627e-02;1.6250000e+02;-2.3861112e-02;1.6250000e+02;3.7276387e-02;1.6250000e+02;1.1043534e-01;1.6250000e+02;1.9103356e-01;1.6250000e+02;2.6252359e-01;1.6250000e+02;2.9964876e-01;1.6250000e+02;2.7311778e-01;1.6250000e+02;2.1503830e-01;1.6250000e+02;2.2044325e-01;1.6250000e+02;1.9474690e-01;1.6250000e+02;1.4932647e-01;1.6250000e+02;9.8147810e-02;1.6250000e+02;5.4867260e-02;1.6250000e+02;6.0220025e-03;1.6250000e+02;-3.5330899e-02;1.6250000e+02;-7.7292822e-02;1.6250000e+02;-1.2510739e-01;1.6250000e+02;-5.7975627e-02;1.6250000e+02;-2.3861112e-02;1.6250000e+02;3.7276387e-02;1.6250000e+02;1.1043534e-01;1.6250000e+02;1.9103356e-01;1.6250000e+02;2.6252359e-01;1.6250000e+02;2.9964876e-01;1.6250000e+02;2.7311778e-01;1.6250000e+02;2.1503830e-01;1.6250000e+02;2.2044325e-01;1.6250000e+02;1.9474690e-01;1.6250000e+02;1.4932647e-01;1.6250000e+02;9.8147810e-02;1.6250000e+02;5.4867260e-02;1.6250000e+02;6.0220025e-03;1.6250000e+02;-3.5330899e-02;1.6250000e+02;-7.7292822e-02;1.6250000e+02;-1.2510739e-01;1.6250000e+02;-5.7975627e-02;1.6250000e+02;-2.3861112e-02;1.6250000e+02;3.7276387e-02;1.6250000e+02;1.1043534e-01;1.6250000e+02;1.9103356e-01;1.6250000e+02;2.6252359e-01;1.6250000e+02;2.9964876e-01;1.6250000e+02;2.7311778e-01;1.6250000e+02;2.1503830e-01;1.6250000e+02;2.2044325e-01;1.6250000e+02;1.9474690e-01;1.6250000e+02;1.4932647e-01;1.6250000e+02;9.8147810e-02;1.6250000e+02;5.4867260e-02;1.6250000e+02;6.0220025e-03;1.6250000e+02;-3.5330899e-02;1.6250000e+02;-7.7292822e-02;1.6250000e+02;-1.2510739e-01;1.6250000e+02;-5.7975627e-02;1.6250000e+02;-2.3861112e-02;1.6250000e+02;3.7276387e-02;1.6250000e+02;1.1043534e-01;1.6250000e+02;1.9103356e-01;1.6250000e+02;2.6252359e-01;1.6250000e+02;2.9964876e-01;1.6250000e+02;2.7311778e-01;1.6250000e+02;2.1503830e-01;1.6250000e+02;2.2044325e-01;1.6250000e+02;1.9474690e-01;1.6250000e+02;1.4932647e-01;1.6250000e+02;9.8147810e-02;1.6250000e+02;5.4867260e-02;1.6250000e+02;6.0220025e-03;1.6250000e+02;-3.5330899e-02;1.6250000e+02;-7.7292822e-02;1.6250000e+02;-1.2510739e-01;1.6250000e+02;-5.7975627e-02;1.6250000e+02;-2.3861112e-02;1.6250000e+02;3.7276387e-02;1.6250000e+02;1.1043534e-01;1.6250000e+02;1.9103356e-01;1.6250000e+02;2.6252359e-01;1.6250000e+02;2.9964876e-01;1.6250000e+02;2.7311778e-01;1.6250000e+02;2.1503830e-01;1.6250000e+02;2.2044325e-01;1.6250000e+02;1.9474690e-01;1.6250000e+02;1.4932647e-01;1.6250000e+02;9.8147810e-02;1.6250000e+02;5.4867260e-02;1.6250000e+02;6.0220025e-03;1.6250000e+02;-3.5330899e-02;1.6250000e+02;-7.7292822e-02;1.6250000e+02;-1.2510739e-01;1.6250000e+02;-5.7975627e-02;1.6250000e+02;-2.3861112e-02;1.6250000e+02;3.7276387e-02;1.6250000e+02;1.1043534e-01;1.6250000e+02;1.9103356e-01;1.6250000e+02;2.6252359e-01;1.6250000e+02;2.9964876e-01;1.6250000e+02;2.7311778e-01;1.6250000e+02;2.1503830e-01;1.6250000e+02;2.2044325e-01;1.6250000e+02;1.9474690e-01;1.6250000e+02;1.4932647e-01;1.6250000e+02;9.8147810e-02;1.6250000e+02;5.4867260e-02;1.6250000e+02;6.0220025e-03;1.6250000e+02;-3.5330899e-02;1.6250000e+02;-7.7292822e-02;1.6250000e+02;-1.2510739e-01;1.6250000e+02;-5.7975627e-02;1.6250000e+02;-2.3861112e-02;1.6250000e+02;3.7276387e-02;1.6250000e+02;1.1043534e-01;1.6250000e+02;1.9103356e-01;1.6250000e+02;2.6252359e-01;1.6250000e+02;2.9964876e-01;1.6250000e+02;2.7311778e-01;1.6250000e+02;2.1503830e-01;1.6250000e+02;2.2044325e-01;1.6250000e+02;1.9474690e-01;1.6250000e+02;1.4932647e-01;1.6250000e+02;9.8147810e-02;1.6250000e+02;5.4867260e-02;1.6250000e+02;6.0220025e-03;1.6250000e+02;-3.5330899e-02;1.6250000e+02;-7.7292822e-02;1.6250000e+02;-1.2510739e-01;1.6250000e+02;-5.7975627e-02;1.6250000e+02;-2.3861112e-02;1.6250000e+02;3.7276387e-02;1.6250000e+02;1.1043534e-01;1.6250000e+02;1.9103356e-01;1.6250000e+02;2.6252359e-01;1.6250000e+02;2.9964876e-01;1.6250000e+02;2.7311778e-01;1.6250000e+02;2.1503830e-01;1.6250000e+02;2.2044325e-01;1.6250000e+02;1.9474690e-01;1.6250000e+02;1.4932647e-01;1.6250000e+02;9.8147810e-02;1.6250000e+02;5.4867260e-02;1.6250000e+02;6.0220025e-03;1.6250000e+02;-3.5330899e-02;1.6250000e+02;-7.7292822e-02;1.6250000e+02;-1.2510739e-01;1.6250000e+02;-5.7975627e-02;1.6250000e+02;-2.3861112e-02;1.6250000e+02;3.7276387e-02;1.6250000e+02;1.1043534e-01;1.6250000e+02;1.9103356e-01;1.6250000e+02;2.6252359e-01;1.6250000e+02;2.9964876e-01;1.6250000e+02;2.7311778e-01;1.6250000e+02;2.1503830e-01;1.6250000e+02;2.2044325e-01;1.6250000e+02;1.9474690e-01;1.6250000e+02;1.4932647e-01;1.6250000e+02;9.8147810e-02;1.6250000e+02;5.4867260e-02;1.6250000e+02;6.0220025e-03;1.6250000e+02;-3.5330899e-02;1.6250000e+02;-7.7292822e-02;1.6250000e+02;-1.2510739e-01;1.6250000e+02;-5.7975627e-02;1.6250000e+02;-2.3861112e-02;1.6250000e+02;3.7276387e-02;1.6250000e+02;1.1043534e-01;1.6250000e+02;1.9103356e-01;1.6250000e+02;2.6252359e-01;1.6250000e+02;2.9964876e-01;1.6250000e+02;2.7311778e-01;1.6250000e+02;2.1503830e-01;1.6250000e+02;2.2044325e-01;1.6250000e+02;1.9474690e-01;1.6250000e+02;1.4932647e-01;1.6250000e+02;9.8147810e-02;1.6250000e+02;5.4867260e-02;1.6250000e+02;6.0220025e-03;1.6250000e+02;-3.5330899e-02;1.6250000e+02;-7.7292822e-02;1.6250000e+02;-1.2510739e-01;1.6250000e+02;-5.7975627e-02;1.6250000e+02;-2.3861112e-02;1.6250000e+02;3.7276387e-02;1.6250000e+02;1.1043534e-01;1.6250000e+02;1.9103356e-01;1.6250000e+02;2.6252359e-01;1.6250000e+02;2.9964876e-01;1.6250000e+02;2.7311778e-01;1.6250000e+02;2.1503830e-01;1.6250000e+02;2.2044325e-01;1.6250000e+02;1.9474690e-01;1.6250000e+02;1.4932647e-01;1.6250000e+02;9.8147810e-02;1.6250000e+02;5.4867260e-02;1.6250000e+02;6.0220025e-03;1.6250000e+02;-3.5330899e-02;1.6250000e+02;-7.7292822e-02;1.6250000e+02;-1.2510739e-01;1.6250000e+02;-5.7975627e-02;1.6250000e+02;-2.3861112e-02;1.6250000e+02;3.7276387e-02;1.6250000e+02;1.1043534e-01;1.6250000e+02;1.9103356e-01;1.6250000e+02;2.6252359e-01;1.6250000e+02;2.9964876e-01;1.6250000e+02;2.7311778e-01;1.6250000e+02;2.1503830e-01;1.6250000e+02;2.2044325e-01;1.6250000e+02;1.9474690e-01;1.6250000e+02;1.4932647e-01;1.6250000e+02;9.8147810e-02;1.6250000e+02;5.4867260e-02;1.6250000e+02;6.0220025e-03;1.6250000e+02;-3.5330899e-02;1.6250000e+02;-7.7292822e-02;1.6250000e+02;-1.2510739e-01;1.6250000e+02;-5.7975627e-02;1.6250000e+02;-2.3861112e-02;1.6250000e+02;3.7276387e-02;1.6250000e+02;1.1043534e-01;1.6250000e+02;1.9103356e-01;1.6250000e+02;2.6252359e-01;1.6250000e+02;2.9964876e-01;1.6250000e+02;2.7311778e-01;1.6250000e+02;2.1503830e-01;1.6250000e+02;2.2044325e-01;1.6250000e+02;1.9474690e-01;1.6250000e+02;1.4932647e-01;1.6250000e+02;9.8147810e-02;1.6250000e+02;5.4867260e-02;1.6250000e+02;6.0220025e-03;1.6250000e+02;-3.5330899e-02;1.6250000e+02;-7.7292822e-02;1.6250000e+02;-1.2510739e-01;1.6250000e+02;-5.7975627e-02;1.6250000e+02;-2.3861112e-02;1.6250000e+02;3.7276387e-02;1.6250000e+02;1.1043534e-01;1.6250000e+02;1.9103356e-01;1.6250000e+02;2.6252359e-01;1.6250000e+02;2.9964876e-01;1.6250000e+02;2.7311778e-01;1.6250000e+02;2.1503830e-01;1.6250000e+02;2.2044325e-01;1.6250000e+02;1.9474690e-01;1.6250000e+02;1.4932647e-01;1.6250000e+02;9.8147810e-02;1.6250000e+02;5.4867260e-02;1.6250000e+02;6.0220025e-03;1.6250000e+02;-3.5330899e-02;1.6250000e+02;-7.7292822e-02;1.6250000e+02;-1.2510739e-01;1.6250000e+02;-5.7975627e-02;1.6250000e+02;-2.3861112e-02;1.6250000e+02;3.7276387e-02;1.6250000e+02;1.1043534e-01;1.6250000e+02;1.9103356e-01;1.6250000e+02;2.6252359e-01;1.6250000e+02;2.9964876e-01;1.6250000e+02;2.7311778e-01;1.6250000e+02;2.1503830e-01;1.6250000e+02;2.2044325e-01;1.6250000e+02;1.9474690e-01;1.6250000e+02;1.4932647e-01;1.6250000e+02;9.8147810e-02;1.6250000e+02;5.4867260e-02;1.6250000e+02;6.0220025e-03;1.6250000e+02;-3.5330899e-02;1.6250000e+02;-7.7292822e-02;1.6250000e+02;-1.2510739e-01;1.6250000e+02;-5.7975627e-02;1.6250000e+02;-2.3861112e-02;1.6250000e+02;3.7276387e-02;1.6250000e+02;1.1043534e-01;1.6250000e+02;1.9103356e-01;1.6250000e+02;2.6252359e-01;1.6250000e+02;2.9964876e-01;1.6250000e+02;2.7311778e-01;1.6250000e+02;2.1503830e-01;1.6250000e+02;2.2044325e-01;1.6250000e+02;1.9474690e-01;1.6250000e+02;1.4932647e-01;1.6250000e+02;9.8147810e-02;1.6250000e+02;5.4867260e-02;1.6250000e+02;6.0220025e-03;1.6250000e+02;-3.5330899e-02;1.6250000e+02;-7.7292822e-02;1.6250000e+02;-1.2510739e-01;1.6250000e+02;-5.7975627e-02;1.6250000e+02;-2.3861112e-02;1.6250000e+02;3.7276387e-02;1.6250000e+02;1.1043534e-01;1.6250000e+02;1.9103356e-01;1.6250000e+02;2.6252359e-01;1.6250000e+02;2.9964876e-01;1.6250000e+02;2.7311778e-01;1.6250000e+02;2.1503830e-01;1.6250000e+02;2.2044325e-01;1.6250000e+02;1.9474690e-01;1.6250000e+02;1.4932647e-01;1.6250000e+02;9.8147810e-02;1.6250000e+02;5.4867260e-02;1.6250000e+02;6.0220025e-03;1.6250000e+02;-3.5330899e-02;1.6250000e+02;-7.7292822e-02;1.6250000e+02;-1.2510739e-01;1.6250000e+02;-5.7975627e-02;1.6250000e+02;-2.3861112e-02;1.6250000e+02;3.7276387e-02;1.6250000e+02;1.1043534e-01;1.6250000e+02;1.9103356e-01;1.6250000e+02;2.6252359e-01;1.6250000e+02;2.9964876e-01;1.6250000e+02;2.7311778e-01;1.6250000e+02;2.1503830e-01;1.6250000e+02;2.2044325e-01;1.6250000e+02;1.9474690e-01;1.6250000e+02;1.4932647e-01;1.6250000e+02;9.8147810e-02;1.6250000e+02;5.4867260e-02;1.6250000e+02;6.0220025e-03;1.6250000e+02;-3.5330899e-02;1.6250000e+02;-7.7292822e-02;1.6250000e+02;-1.2510739e-01;1.6250000e+02;-5.7975627e-02;1.6250000e+02;-2.3861112e-02;1.6250000e+02;3.7276387e-02;1.6250000e+02;1.1043534e-01;1.6250000e+02;1.9103356e-01;1.6250000e+02;2.6252359e-01;1.6250000e+02;2.9964876e-01;1.6250000e+02;2.7311778e-01;1.6250000e+02;2.1503830e-01;1.6250000e+02;2.2044325e-01;1.6250000e+02;1.9474690e-01;1.6250000e+02;1.4932647e-01;1.6250000e+02;9.8147810e-02;1.6250000e+02;5.4867260e-02;1.6250000e+02;6.0220025e-03;1.6250000e+02;-3.5330899e-02;1.6250000e+02;-7.7292822e-02;1.6250000e+02;-1.2510739e-01;1.6250000e+02;-5.7975627e-02;1.6250000e+02;-2.3861112e-02;1.6250000e+02;3.7276387e-02;1.6250000e+02;1.1043534e-01;1.6250000e+02;1.9103356e-01;1.6250000e+02;2.6252359e-01;1.6250000e+02;2.9964876e-01;1.6250000e+02;2.7311778e-01;1.6250000e+02;2.1503830e-01;1.6250000e+02;2.2044325e-01;1.6250000e+02;1.9474690e-01;1.6250000e+02;1.4932647e-01;1.6250000e+02;9.8147810e-02;1.6250000e+02;5.4867260e-02;1.6250000e+02;6.0220025e-03;1.6250000e+02;-3.5330899e-02;1.6250000e+02;-7.7292822e-02;1.6250000e+02;-1.2510739e-01;1.6250000e+02;-5.7975627e-02;1.6250000e+02;-2.3861112e-02;1.6250000e+02;3.7276387e-02;1.6250000e+02;1.1043534e-01;1.6250000e+02;1.9103356e-01;1.6250000e+02;2.6252359e-01;1.6250000e+02;2.9964876e-01;1.6250000e+02;2.7311778e-01;1.6250000e+02;2.1503830e-01;1.6250000e+02;2.2044325e-01;1.6250000e+02;1.9474690e-01;1.6250000e+02;1.4932647e-01;1.6250000e+02;9.8147810e-02;1.6250000e+02;5.4867260e-02;1.6250000e+02;6.0220025e-03;1.6250000e+02;-3.5330899e-02;1.6250000e+02;-7.7292822e-02;1.6250000e+02;-1.2510739e-01;1.6250000e+02;-5.7975627e-02;1.6250000e+02;-2.3861112e-02;1.6250000e+02;3.7276387e-02;1.6250000e+02;1.1043534e-01;1.6250000e+02;1.9103356e-01;1.6250000e+02;2.6252359e-01;1.6250000e+02;2.9964876e-01;1.6250000e+02;2.7311778e-01;1.6250000e+02;2.1503830e-01;1.6250000e+02;2.2044325e-01;1.6250000e+02;1.9474690e-01;1.6250000e+02;1.4932647e-01;1.6250000e+02;9.8147810e-02;1.6250000e+02;5.4867260e-02;1.6250000e+02;6.0220025e-03;1.6250000e+02;-3.5330899e-02;1.6250000e+02;-7.7292822e-02;1.6250000e+02;-1.2510739e-01;1.6250000e+02;-5.7975627e-02;1.6250000e+02;-2.3861112e-02;1.6250000e+02;3.7276387e-02;1.6250000e+02;1.1043534e-01;1.6250000e+02;1.9103356e-01;1.6250000e+02;2.6252359e-01;1.6250000e+02;2.9964876e-01;1.6250000e+02;2.7311778e-01;1.6250000e+02;2.1503830e-01;1.6250000e+02;2.2044325e-01;1.6250000e+02;1.9474690e-01;1.6250000e+02;1.4932647e-01;1.6250000e+02;9.8147810e-02;1.6250000e+02;5.4867260e-02;1.6250000e+02;6.0220025e-03;1.6250000e+02;-3.5330899e-02;1.6250000e+02;-7.7292822e-02;1.6250000e+02;-1.2510739e-01;1.6250000e+02;-5.7975627e-02;1.6250000e+02;-2.3861112e-02;1.6250000e+02;3.7276387e-02;1.6250000e+02;1.1043534e-01;1.6250000e+02;1.9103356e-01;1.6250000e+02;2.6252359e-01;1.6250000e+02;2.9964876e-01;1.6250000e+02;2.7311778e-01;1.6250000e+02;2.1503830e-01;1.6250000e+02;2.2044325e-01;1.6250000e+02;1.9474690e-01;1.6250000e+02;1.4932647e-01;1.6250000e+02;9.8147810e-02;1.6250000e+02;5.4867260e-02;1.6250000e+02;6.0220025e-03;1.6250000e+02;-3.5330899e-02;1.6250000e+02;-7.7292822e-02;1.6250000e+02;-1.2510739e-01;1.6250000e+02;-5.7975627e-02;1.6250000e+02;-2.3861112e-02;1.6250000e+02;3.7276387e-02;1.6250000e+02;1.1043534e-01;1.6250000e+02;1.9103356e-01;1.6250000e+02;2.6252359e-01;1.6250000e+02;2.9964876e-01;1.6250000e+02;2.7311778e-01;1.6250000e+02;2.1503830e-01;1.6250000e+02;2.2044325e-01;1.6250000e+02;1.9474690e-01;1.6250000e+02;1.4932647e-01;1.6250000e+02;9.8147810e-02;1.6250000e+02;5.4867260e-02;1.6250000e+02;6.0220025e-03;1.6250000e+02;-3.5330899e-02;1.6250000e+02;-7.7292822e-02;1.6250000e+02;-1.2510739e-01;1.6250000e+02;-5.7975627e-02;1.6250000e+02;-2.3861112e-02;1.6250000e+02;3.7276387e-02;1.6250000e+02;1.1043534e-01;1.6250000e+02;1.9103356e-01;1.6250000e+02;2.6252359e-01;1.6250000e+02;2.9964876e-01;1.6250000e+02;2.7311778e-01;1.6250000e+02;2.1503830e-01;1.6250000e+02;2.2044325e-01;1.6250000e+02;1.9474690e-01;1.6250000e+02;1.4932647e-01;1.6250000e+02;9.8147810e-02;1.6250000e+02;5.4867260e-02;1.6250000e+02;6.0220025e-03;1.6250000e+02;-3.5330899e-02;1.6250000e+02;-7.7292822e-02;1.6250000e+02;-1.2510739e-01;1.6250000e+02;-5.7975627e-02;1.6250000e+02;-2.3861112e-02;1.6250000e+02;3.7276387e-02;1.6250000e+02;1.1043534e-01;1.6250000e+02;1.9103356e-01;1.6250000e+02;2.6252359e-01;1.6250000e+02;2.9964876e-01;1.6250000e+02;2.7311778e-01;1.6250000e+02;2.1503830e-01;1.6250000e+02;2.2044325e-01;1.6250000e+02;1.9474690e-01;1.6250000e+02;1.4932647e-01;1.6250000e+02;9.8147810e-02;1.6250000e+02;5.4867260e-02;1.6250000e+02;6.0220025e-03;1.6250000e+02;-3.5330899e-02;1.6250000e+02;-7.7292822e-02;1.6250000e+02;-1.2510739e-01;1.6250000e+02;-5.7975627e-02;1.6250000e+02;-2.3861112e-02;1.6250000e+02;3.7276387e-02;1.6250000e+02;1.1043534e-01;1.6250000e+02;1.9103356e-01;1.6250000e+02;2.6252359e-01;1.6250000e+02;2.9964876e-01;1.6250000e+02;2.7311778e-01;1.6250000e+02;2.1503830e-01;1.6250000e+02;2.2044325e-01;1.6250000e+02;1.9474690e-01;1.6250000e+02;1.4932647e-01;1.6250000e+02;9.8147810e-02;1.6250000e+02;5.4867260e-02;1.6250000e+02;6.0220025e-03;1.6250000e+02;-3.5330899e-02;1.6250000e+02;-7.7292822e-02;1.6250000e+02;-1.2510739e-01;1.6250000e+02;-5.7975627e-02;1.6250000e+02;-2.3861112e-02;1.6250000e+02;3.7276387e-02;1.6250000e+02;1.1043534e-01;1.6250000e+02;1.9103356e-01;1.6250000e+02;2.6252359e-01;1.6250000e+02;2.9964876e-01;1.6250000e+02;2.7311778e-01;1.6250000e+02;2.1503830e-01;1.6250000e+02;2.2044325e-01;1.6250000e+02;1.9474690e-01;1.6250000e+02;1.4932647e-01;1.6250000e+02;9.8147810e-02;1.6250000e+02;5.4867260e-02;1.6250000e+02;6.0220025e-03;1.6250000e+02;-3.5330899e-02;1.6250000e+02;-7.7292822e-02;1.6250000e+02;-1.2510739e-01;1.6250000e+02;-5.7975627e-02;1.6250000e+02;-2.3861112e-02;1.6250000e+02;3.7276387e-02;1.6250000e+02;1.1043534e-01;1.6250000e+02;1.9103356e-01;1.6250000e+02;2.6252359e-01;1.6250000e+02;2.9964876e-01;1.6250000e+02;2.7311778e-01;1.6250000e+02;2.1503830e-01;1.6250000e+02;2.2044325e-01;1.6250000e+02;1.9474690e-01;1.6250000e+02;1.4932647e-01;1.6250000e+02;9.8147810e-02;1.6250000e+02;5.4867260e-02;1.6250000e+02;6.0220025e-03;1.6250000e+02;-3.5330899e-02;1.6250000e+02;-7.7292822e-02;1.6250000e+02;-1.2510739e-01;1.6250000e+02;-5.7975627e-02;1.6250000e+02;-2.3861112e-02;1.6250000e+02;3.7276387e-02;1.6250000e+02;1.1043534e-01;1.6250000e+02;1.9103356e-01;1.6250000e+02;2.6252359e-01;1.6250000e+02;2.9964876e-01;1.6250000e+02;2.7311778e-01;1.6250000e+02;2.1503830e-01;1.6250000e+02;2.2044325e-01;1.6250000e+02;1.9474690e-01;1.6250000e+02;1.4932647e-01;1.6250000e+02;9.8147810e-02;1.6250000e+02;5.4867260e-02;1.6250000e+02;6.0220025e-03;1.6250000e+02;-3.5330899e-02;1.6250000e+02;-7.7292822e-02;1.6250000e+02;-1.2510739e-01;1.6250000e+02;-5.7975627e-02;1.6250000e+02;-2.3861112e-02;1.6250000e+02;3.7276387e-02;1.6250000e+02;1.1043534e-01;1.6250000e+02;1.9103356e-01;1.6250000e+02;2.6252359e-01;1.6250000e+02;2.9964876e-01;1.6250000e+02;2.7311778e-01;1.6250000e+02;2.1503830e-01;1.6250000e+02;2.2044325e-01;1.6250000e+02;1.9474690e-01;1.6250000e+02;1.4932647e-01;1.6250000e+02;9.8147810e-02;1.6250000e+02;5.4867260e-02;1.6250000e+02;6.0220025e-03;1.6250000e+02;-3.5330899e-02;1.6250000e+02;-7.7292822e-02;1.6250000e+02;-1.2510739e-01;1.6250000e+02;-5.7975627e-02;1.6250000e+02;-2.3861112e-02;1.6250000e+02;3.7276387e-02;1.6250000e+02;1.1043534e-01;1.6250000e+02;1.9103356e-01;1.6250000e+02;2.6252359e-01;1.6250000e+02;2.9964876e-01;1.6250000e+02;2.7311778e-01;1.6250000e+02;2.1503830e-01;1.6250000e+02;2.2044325e-01;1.6250000e+02;1.9474690e-01;1.6250000e+02;1.4932647e-01;1.6250000e+02;9.8147810e-02;1.6250000e+02;5.4867260e-02;1.6250000e+02;6.0220025e-03;1.6250000e+02;-3.5330899e-02;1.6250000e+02;-7.7292822e-02;1.6250000e+02;-1.2510739e-01;1.6250000e+02;-5.7975627e-02;1.6250000e+02;-2.3861112e-02;1.6250000e+02;3.7276387e-02;1.6250000e+02;1.1043534e-01;1.6250000e+02;1.9103356e-01;1.6250000e+02;2.6252359e-01;1.6250000e+02;2.9964876e-01;1.6250000e+02;2.7311778e-01;1.6250000e+02;2.1503830e-01;1.6250000e+02;2.2044325e-01;1.6250000e+02;1.9474690e-01;1.6250000e+02;1.4932647e-01;1.6250000e+02;9.8147810e-02;1.6250000e+02;5.4867260e-02;1.6250000e+02;6.0220025e-03;1.6250000e+02;-3.5330899e-02;1.6250000e+02;-7.7292822e-02;1.6250000e+02;-1.2510739e-01;1.6250000e+02;-5.7975627e-02;1.6250000e+02;-2.3861112e-02;1.6250000e+02;3.7276387e-02;1.6250000e+02;1.1043534e-01;1.6250000e+02;1.9103356e-01;1.6250000e+02;2.6252359e-01;1.6250000e+02;2.9964876e-01;1.6250000e+02;2.7311778e-01;1.6250000e+02;2.1503830e-01;1.6250000e+02;2.2044325e-01;1.6250000e+02;1.9474690e-01;1.6250000e+02;1.4932647e-01;1.6250000e+02;9.8147810e-02;1.6250000e+02;5.4867260e-02;1.6250000e+02;6.0220025e-03;1.6250000e+02;-3.5330899e-02;1.6250000e+02;-7.7292822e-02;1.6250000e+02;-1.2510739e-01;1.6250000e+02;-5.7975627e-02;1.6250000e+02;-2.3861112e-02;1.6250000e+02;3.7276387e-02;1.6250000e+02;1.1043534e-01;1.6250000e+02;1.9103356e-01;1.6250000e+02;2.6252359e-01;1.6250000e+02;2.9964876e-01;1.6250000e+02;2.7311778e-01;1.6250000e+02;2.1503830e-01;1.6250000e+02;2.2044325e-01;1.6250000e+02;1.9474690e-01;1.6250000e+02;1.4932647e-01;1.6250000e+02;9.8147810e-02;1.6250000e+02;5.4867260e-02;1.6250000e+02;6.0220025e-03;1.6250000e+02;-3.5330899e-02;1.6250000e+02;-7.7292822e-02;1.6250000e+02;-1.2510739e-01;1.6250000e+02;-5.7975627e-02;1.6250000e+02;-2.3861112e-02;1.6250000e+02;3.7276387e-02;1.6250000e+02;1.1043534e-01;1.6250000e+02;1.9103356e-01;1.6250000e+02;2.6252359e-01;1.6250000e+02;2.9964876e-01;1.6250000e+02;2.7311778e-01;1.6250000e+02;2.1503830e-01;1.6250000e+02;2.2044325e-01;1.6250000e+02;1.9474690e-01;1.6250000e+02;1.4932647e-01;1.6250000e+02;9.8147810e-02;1.6250000e+02;5.4867260e-02;1.6250000e+02;6.0220025e-03;1.6250000e+02;-3.5330899e-02;1.6250000e+02;-7.7292822e-02;1.6250000e+02;-1.2510739e-01;1.6250000e+02;-5.7975627e-02;1.6250000e+02;-2.3861112e-02;1.6250000e+02;3.7276387e-02;1.6250000e+02;1.1043534e-01;1.6250000e+02;1.9103356e-01;1.6250000e+02;2.6252359e-01;1.6250000e+02;2.9964876e-01;1.6250000e+02;2.7311778e-01;1.6250000e+02;2.1503830e-01;1.6250000e+02;2.2044325e-01;1.6250000e+02;1.9474690e-01;1.6250000e+02;1.4932647e-01;1.6250000e+02;9.8147810e-02;1.6250000e+02;5.4867260e-02;1.6250000e+02;6.0220025e-03;1.6250000e+02;-3.5330899e-02;1.6250000e+02;-7.7292822e-02;1.6250000e+02;-1.2510739e-01;1.6250000e+02;-5.7975627e-02;1.6250000e+02;-2.3861112e-02;1.6250000e+02;3.7276387e-02;1.6250000e+02;1.1043534e-01;1.6250000e+02;1.9103356e-01;1.6250000e+02;2.6252359e-01;1.6250000e+02;2.9964876e-01;1.6250000e+02;2.7311778e-01;1.6250000e+02;2.1503830e-01;1.6250000e+02;2.2044325e-01;1.6250000e+02;1.9474690e-01;1.6250000e+02;1.4932647e-01;1.6250000e+02;9.8147810e-02;1.6250000e+02;5.4867260e-02;1.6250000e+02;6.0220025e-03;1.6250000e+02;-3.5330899e-02;1.6250000e+02;-7.7292822e-02;1.6250000e+02;-1.2510739e-01;1.6250000e+02;-5.7975627e-02;1.6250000e+02;-2.3861112e-02;1.6250000e+02;3.7276387e-02;1.6250000e+02;1.1043534e-01;1.6250000e+02;1.9103356e-01;1.6250000e+02;2.6252359e-01;1.6250000e+02;2.9964876e-01;1.6250000e+02;2.7311778e-01;1.6250000e+02;2.1503830e-01;1.6250000e+02;2.2044325e-01;1.6250000e+02;1.9474690e-01;1.6250000e+02;1.4932647e-01;1.6250000e+02;9.8147810e-02;1.6250000e+02;5.4867260e-02;1.6250000e+02;6.0220025e-03;1.6250000e+02;-3.5330899e-02;1.6250000e+02;-7.7292822e-02;1.6250000e+02;-1.2510739e-01;1.6250000e+02;-5.7975627e-02;1.6250000e+02;-2.3861112e-02;1.6250000e+02;3.7276387e-02;1.6250000e+02;1.1043534e-01;1.6250000e+02;1.9103356e-01;1.6250000e+02;2.6252359e-01;1.6250000e+02;2.9964876e-01;1.6250000e+02;2.7311778e-01;1.6250000e+02;2.1503830e-01;1.6250000e+02;2.2044325e-01;1.6250000e+02;1.9474690e-01;1.6250000e+02;1.4932647e-01;1.6250000e+02;9.8147810e-02;1.6250000e+02;5.4867260e-02;1.6250000e+02;6.0220025e-03;1.6250000e+02;-3.5330899e-02;1.6250000e+02;-7.7292822e-02;1.6250000e+02;-1.2510739e-01;1.6250000e+02;-5.7975627e-02;1.6250000e+02;-2.3861112e-02;1.6250000e+02;3.7276387e-02;1.6250000e+02;1.1043534e-01;1.6250000e+02;1.9103356e-01;1.6250000e+02;2.6252359e-01;1.6250000e+02;2.9964876e-01;1.6250000e+02;2.7311778e-01;1.6250000e+02;2.1503830e-01;1.6250000e+02;2.2044325e-01;1.6250000e+02;1.9474690e-01;1.6250000e+02;1.4932647e-01;1.6250000e+02;9.8147810e-02;1.6250000e+02;5.4867260e-02;1.6250000e+02;6.0220025e-03;1.6250000e+02;-3.5330899e-02;1.6250000e+02;-7.7292822e-02;1.6250000e+02;-1.2510739e-01;1.6250000e+02;-5.7975627e-02;1.6250000e+02;-2.3861112e-02;1.6250000e+02;3.7276387e-02;1.6250000e+02;1.1043534e-01;1.6250000e+02;1.9103356e-01;1.6250000e+02;2.6252359e-01;1.6250000e+02;2.9964876e-01;1.6250000e+02;2.7311778e-01;1.6250000e+02;2.1503830e-01;1.6250000e+02;2.2044325e-01;1.6250000e+02;1.9474690e-01;1.6250000e+02;1.4932647e-01;1.6250000e+02;9.8147810e-02;1.6250000e+02;5.4867260e-02;1.6250000e+02;6.0220025e-03;1.6250000e+02;-3.5330899e-02;1.6250000e+02;-7.7292822e-02;1.6250000e+02;-1.2510739e-01;1.6250000e+02;-5.7975627e-02;1.6250000e+02;-2.3861112e-02;1.6250000e+02;3.7276387e-02;1.6250000e+02;1.1043534e-01;1.6250000e+02;1.9103356e-01;1.6250000e+02;2.6252359e-01;1.6250000e+02;2.9964876e-01;1.6250000e+02;2.7311778e-01;1.6250000e+02;2.1503830e-01;1.6250000e+02;2.2044325e-01;1.6250000e+02;1.9474690e-01;1.6250000e+02;1.4932647e-01;1.6250000e+02;9.8147810e-02;1.6250000e+02;5.4867260e-02;1.6250000e+02;6.0220025e-03;1.6250000e+02;-3.5330899e-02;1.6250000e+02;-7.7292822e-02;1.6250000e+02;-1.2510739e-01;1.6250000e+02;-5.7975627e-02;1.6250000e+02;-2.3861112e-02;1.6250000e+02;3.7276387e-02;1.6250000e+02;1.1043534e-01;1.6250000e+02;1.9103356e-01;1.6250000e+02;2.6252359e-01;1.6250000e+02;2.9964876e-01;1.6250000e+02;2.7311778e-01;1.6250000e+02;2.1503830e-01;1.6250000e+02;2.2044325e-01;1.6250000e+02;1.9474690e-01;1.6250000e+02;1.4932647e-01;1.6250000e+02;9.8147810e-02;1.6250000e+02;5.4867260e-02;1.6250000e+02;6.0220025e-03;1.6250000e+02;-3.5330899e-02;1.6250000e+02;-7.7292822e-02;1.6250000e+02;-1.2510739e-01;1.6250000e+02;-5.7975627e-02;1.6250000e+02;-2.3861112e-02;1.6250000e+02;3.7276387e-02;1.6250000e+02;1.1043534e-01;1.6250000e+02;1.9103356e-01;1.6250000e+02;2.6252359e-01;1.6250000e+02;2.9964876e-01;1.6250000e+02;2.7311778e-01;1.6250000e+02;2.1503830e-01;1.6250000e+02;2.2044325e-01;1.6250000e+02;1.9474690e-01;1.6250000e+02;1.4932647e-01;1.6250000e+02;9.8147810e-02;1.6250000e+02;5.4867260e-02;1.6250000e+02;6.0220025e-03;1.6250000e+02;-3.5330899e-02;1.6250000e+02;-7.7292822e-02;1.6250000e+02;-1.2510739e-01;1.6250000e+02;-5.7975627e-02;1.6250000e+02;-2.3861112e-02;1.6250000e+02;3.7276387e-02;1.6250000e+02;1.1043534e-01;1.6250000e+02;1.9103356e-01;1.6250000e+02;2.6252359e-01;1.6250000e+02;2.9964876e-01;1.6250000e+02;2.7311778e-01;1.6250000e+02;2.1503830e-01;1.6250000e+02;2.2044325e-01;1.6250000e+02;1.9474690e-01;1.6250000e+02;1.4932647e-01;1.6250000e+02;9.8147810e-02;1.6250000e+02;5.4867260e-02;1.6250000e+02;6.0220025e-03;1.6250000e+02;-3.5330899e-02;1.6250000e+02;-7.7292822e-02;1.6250000e+02;-1.2510739e-01;1.6250000e+02;-5.7975627e-02;1.6250000e+02;-2.3861112e-02;1.6250000e+02;3.7276387e-02;1.6250000e+02;1.1043534e-01;1.6250000e+02;1.9103356e-01;1.6250000e+02;2.6252359e-01;1.6250000e+02;2.9964876e-01;1.6250000e+02;2.7311778e-01;1.6250000e+02;2.1503830e-01;1.6250000e+02;2.2044325e-01;1.6250000e+02;1.9474690e-01;1.6250000e+02;1.4932647e-01;1.6250000e+02;9.8147810e-02;1.6250000e+02;5.4867260e-02;1.6250000e+02;6.0220025e-03;1.6250000e+02;-3.5330899e-02;1.6250000e+02;-7.7292822e-02;1.6250000e+02;-1.2510739e-01;1.6250000e+02;-5.7975627e-02;1.6250000e+02;-2.3861112e-02;1.6250000e+02;3.7276387e-02;1.6250000e+02;1.1043534e-01;1.6250000e+02;1.9103356e-01;1.6250000e+02;2.6252359e-01;1.6250000e+02;2.9964876e-01;1.6250000e+02;2.7311778e-01;1.6250000e+02;2.1503830e-01;1.6250000e+02;2.2044325e-01;1.6250000e+02;1.9474690e-01;1.6250000e+02;1.4932647e-01;1.6250000e+02;9.8147810e-02;1.6250000e+02;5.4867260e-02;1.6250000e+02;6.0220025e-03;1.6250000e+02;-3.5330899e-02;1.6250000e+02;-7.7292822e-02;1.6250000e+02;-1.2510739e-01;1.6250000e+02;-5.7975627e-02;1.6250000e+02;-2.3861112e-02;1.6250000e+02;3.7276387e-02;1.6250000e+02;1.1043534e-01;1.6250000e+02;1.9103356e-01;1.6250000e+02;2.6252359e-01;1.6250000e+02;2.9964876e-01;1.6250000e+02;2.7311778e-01;1.6250000e+02;2.1503830e-01;1.6250000e+02;2.2044325e-01;1.6250000e+02;1.9474690e-01;1.6250000e+02;1.4932647e-01;1.6250000e+02;9.8147810e-02;1.6250000e+02;5.4867260e-02;1.6250000e+02;6.0220025e-03;1.6250000e+02;-3.5330899e-02;1.6250000e+02;-7.7292822e-02;1.6250000e+02;-1.2510739e-01;1.6250000e+02;-5.7975627e-02;1.6250000e+02;-2.3861112e-02;1.6250000e+02;3.7276387e-02;1.6250000e+02;1.1043534e-01;1.6250000e+02;1.9103356e-01;1.6250000e+02;2.6252359e-01;1.6250000e+02;2.9964876e-01;1.6250000e+02;2.7311778e-01;1.6250000e+02;2.1503830e-01;1.6250000e+02;2.2044325e-01;1.6250000e+02;1.9474690e-01;1.6250000e+02;1.4932647e-01;1.6250000e+02;9.8147810e-02;1.6250000e+02;5.4867260e-02;1.6250000e+02;6.0220025e-03;1.6250000e+02;-3.5330899e-02;1.6250000e+02;-7.7292822e-02;1.6250000e+02;-1.2510739e-01;1.6250000e+02;-5.7975627e-02;1.6250000e+02;-2.3861112e-02;1.6250000e+02;3.7276387e-02;1.6250000e+02;1.1043534e-01;1.6250000e+02;1.9103356e-01;1.6250000e+02;2.6252359e-01;1.6250000e+02;2.9964876e-01;1.6250000e+02;2.7311778e-01;1.6250000e+02;2.1503830e-01;1.6250000e+02;2.2044325e-01;1.6250000e+02;1.9474690e-01;1.6250000e+02;1.4932647e-01;1.6250000e+02;9.8147810e-02;1.6250000e+02;5.4867260e-02;1.6250000e+02;6.0220025e-03;1.6250000e+02;-3.5330899e-02;1.6250000e+02;-7.7292822e-02;1.6250000e+02;-1.2510739e-01;1.6250000e+02;-5.7975627e-02;1.6250000e+02;-2.3861112e-02;1.6250000e+02;3.7276387e-02;1.6250000e+02;1.1043534e-01;1.6250000e+02;1.9103356e-01;1.6250000e+02;2.6252359e-01;1.6250000e+02;2.9964876e-01;1.6250000e+02;2.7311778e-01;1.6250000e+02;2.1503830e-01;1.6250000e+02;2.2044325e-01;1.6250000e+02;1.9474690e-01;1.6250000e+02;1.4932647e-01;1.6250000e+02;9.8147810e-02;1.6250000e+02;5.4867260e-02;1.6250000e+02;6.0220025e-03;1.6250000e+02;-3.5330899e-02;1.6250000e+02;-7.7292822e-02;1.6250000e+02;-1.2510739e-01;1.6250000e+02;-5.7975627e-02;1.6250000e+02;-2.3861112e-02;1.6250000e+02;3.7276387e-02;1.6250000e+02;1.1043534e-01;1.6250000e+02;1.9103356e-01;1.6250000e+02;2.6252359e-01;1.6250000e+02;2.9964876e-01;1.6250000e+02;2.7311778e-01;1.6250000e+02;2.1503830e-01;1.6250000e+02;2.2044325e-01;1.6250000e+02;1.9474690e-01;1.6250000e+02;1.4932647e-01;1.6250000e+02;9.8147810e-02;1.6250000e+02;5.4867260e-02;1.6250000e+02;6.0220025e-03;1.6250000e+02;-3.5330899e-02;1.6250000e+02;-7.7292822e-02;1.6250000e+02;-1.2510739e-01;1.6250000e+02;-5.7975627e-02;1.6250000e+02;-2.3861112e-02;1.6250000e+02;3.7276387e-02;1.6250000e+02;1.1043534e-01;1.6250000e+02;1.9103356e-01;1.6250000e+02;2.6252359e-01;1.6250000e+02;2.9964876e-01;1.6250000e+02;2.7311778e-01;1.6250000e+02;2.1503830e-01;1.6250000e+02;2.2044325e-01;1.6250000e+02;1.9474690e-01;1.6250000e+02;1.4932647e-01;1.6250000e+02;9.8147810e-02;1.6250000e+02;5.4867260e-02;1.6250000e+02;6.0220025e-03;1.6250000e+02;-3.5330899e-02;1.6250000e+02;-7.7292822e-02;1.6250000e+02;-1.2510739e-01;1.6250000e+02;-5.7975627e-02;1.6250000e+02;-2.3861112e-02;1.6250000e+02;3.7276387e-02;1.6250000e+02;1.1043534e-01;1.6250000e+02;1.9103356e-01;1.6250000e+02;2.6252359e-01;1.6250000e+02;2.9964876e-01;1.6250000e+02;2.7311778e-01;1.6250000e+02;2.1503830e-01;1.6250000e+02;2.2044325e-01;1.6250000e+02;1.9474690e-01;1.6250000e+02;1.4932647e-01;1.6250000e+02;9.8147810e-02;1.6250000e+02;5.4867260e-02;1.6250000e+02;6.0220025e-03;1.6250000e+02;-3.5330899e-02;1.6250000e+02;-7.7292822e-02;1.6250000e+02;-1.2510739e-01;1.6250000e+02;-5.7975627e-02;1.6250000e+02;-2.3861112e-02;1.6250000e+02;3.7276387e-02;1.6250000e+02;1.1043534e-01;1.6250000e+02;1.9103356e-01;1.6250000e+02;2.6252359e-01;1.6250000e+02;2.9964876e-01;1.6250000e+02;2.7311778e-01;1.6250000e+02;2.1503830e-01;1.6250000e+02;2.2044325e-01;1.6250000e+02;1.9474690e-01;1.6250000e+02;1.4932647e-01;1.6250000e+02;9.8147810e-02;1.6250000e+02;5.4867260e-02;1.6250000e+02;6.0220025e-03;1.6250000e+02;-3.5330899e-02;1.6250000e+02;-7.7292822e-02;1.6250000e+02;-1.2510739e-01;1.6250000e+02;-5.7975627e-02;1.6250000e+02;-2.3861112e-02;1.6250000e+02;3.7276387e-02;1.6250000e+02;1.1043534e-01;1.6250000e+02;1.9103356e-01;1.6250000e+02;2.6252359e-01;1.6250000e+02;2.9964876e-01;1.6250000e+02;2.7311778e-01;1.6250000e+02;2.1503830e-01;1.6250000e+02;2.2044325e-01;1.6250000e+02;1.9474690e-01;1.6250000e+02;1.4932647e-01;1.6250000e+02;9.8147810e-02;1.6250000e+02;5.4867260e-02;1.6250000e+02;6.0220025e-03;1.6250000e+02;-3.5330899e-02;1.6250000e+02;-7.7292822e-02;1.6250000e+02;-1.2510739e-01;1.6250000e+02;-5.7975627e-02;1.6250000e+02;-2.3861112e-02;1.6250000e+02;3.7276387e-02;1.6250000e+02;1.1043534e-01;1.6250000e+02;1.9103356e-01;1.6250000e+02;2.6252359e-01;1.6250000e+02;2.9964876e-01;1.6250000e+02;2.7311778e-01;1.6250000e+02;2.1503830e-01;1.6250000e+02;2.2044325e-01;1.6250000e+02;1.9474690e-01;1.6250000e+02;1.4932647e-01;1.6250000e+02;9.8147810e-02;1.6250000e+02;5.4867260e-02;1.6250000e+02;6.0220025e-03;1.6250000e+02;-3.5330899e-02;1.6250000e+02;-7.7292822e-02;1.6250000e+02;-1.2510739e-01;1.6250000e+02;-5.7975627e-02;1.6250000e+02;-2.3861112e-02;1.6250000e+02;3.7276387e-02;1.6250000e+02;1.1043534e-01;1.6250000e+02;1.9103356e-01;1.6250000e+02;2.6252359e-01;1.6250000e+02;2.9964876e-01;1.6250000e+02;2.7311778e-01;1.6250000e+02;2.1503830e-01;1.6250000e+02;2.2044325e-01;1.6250000e+02;1.9474690e-01;1.6250000e+02;1.4932647e-01;1.6250000e+02;9.8147810e-02;1.6250000e+02;5.4867260e-02;1.6250000e+02;6.0220025e-03;1.6250000e+02;-3.5330899e-02;1.6250000e+02;-7.7292822e-02;1.6250000e+02;-1.2510739e-01;1.6250000e+02;-5.7975627e-02;1.6250000e+02;-2.3861112e-02;1.6250000e+02;3.7276387e-02;1.6250000e+02;1.1043534e-01;1.6250000e+02;1.9103356e-01;1.6250000e+02;2.6252359e-01;1.6250000e+02;2.9964876e-01;1.6250000e+02;2.7311778e-01;1.6250000e+02;2.1503830e-01;1.6250000e+02;2.2044325e-01;1.6250000e+02;1.9474690e-01;1.6250000e+02;1.4932647e-01;1.6250000e+02;9.8147810e-02;1.6250000e+02;5.4867260e-02;1.6250000e+02;6.0220025e-03;1.6250000e+02;-3.5330899e-02;1.6250000e+02;-7.7292822e-02;1.6250000e+02;-1.2510739e-01;1.6250000e+02;-5.7975627e-02;1.6250000e+02;-2.3861112e-02;1.6250000e+02;3.7276387e-02;1.6250000e+02;1.1043534e-01;1.6250000e+02;1.9103356e-01;1.6250000e+02;2.6252359e-01;1.6250000e+02;2.9964876e-01;1.6250000e+02;2.7311778e-01;1.6250000e+02;2.1503830e-01;1.6250000e+02;2.2044325e-01;1.6250000e+02;1.9474690e-01;1.6250000e+02;1.4932647e-01;1.6250000e+02;9.8147810e-02;1.6250000e+02;5.4867260e-02;1.6250000e+02;6.0220025e-03;1.6250000e+02;-3.5330899e-02;1.6250000e+02;-7.7292822e-02;1.6250000e+02;-1.2510739e-01;1.6250000e+02;-5.7975627e-02;1.6250000e+02;-2.3861112e-02;1.6250000e+02;3.7276387e-02;1.6250000e+02;1.1043534e-01;1.6250000e+02;1.9103356e-01;1.6250000e+02;2.6252359e-01;1.6250000e+02;2.9964876e-01;1.6250000e+02;2.7311778e-01;1.6250000e+02;2.1503830e-01;1.6250000e+02;2.2044325e-01;1.6250000e+02;1.9474690e-01;1.6250000e+02;1.4932647e-01;1.6250000e+02;9.8147810e-02;1.6250000e+02;5.4867260e-02;1.6250000e+02;6.0220025e-03;1.6250000e+02;-3.5330899e-02;1.6250000e+02;-7.7292822e-02;1.6250000e+02;-1.2510739e-01;1.6250000e+02;-5.7975627e-02;1.6250000e+02;-2.3861112e-02;1.6250000e+02;3.7276387e-02;1.6250000e+02;1.1043534e-01;1.6250000e+02;1.9103356e-01;1.6250000e+02;2.6252359e-01;1.6250000e+02;2.9964876e-01;1.6250000e+02;2.7311778e-01;1.6250000e+02;2.1503830e-01;1.6250000e+02;2.2044325e-01;1.6250000e+02;1.9474690e-01;1.6250000e+02;1.4932647e-01;1.6250000e+02;9.8147810e-02;1.6250000e+02;5.4867260e-02;1.6250000e+02;6.0220025e-03;1.6250000e+02;-3.5330899e-02;1.6250000e+02;-7.7292822e-02;1.6250000e+02;-1.2510739e-01;1.6250000e+02;-5.7975627e-02;1.6250000e+02;-2.3861112e-02;1.6250000e+02;3.7276387e-02;1.6250000e+02;1.1043534e-01;1.6250000e+02;1.9103356e-01;1.6250000e+02;2.6252359e-01;1.6250000e+02;2.9964876e-01;1.6250000e+02;2.7311778e-01;1.6250000e+02;2.1503830e-01;1.6250000e+02;2.2044325e-01;1.6250000e+02;1.9474690e-01;1.6250000e+02;1.4932647e-01;1.6250000e+02;9.8147810e-02;1.6250000e+02;5.4867260e-02;1.6250000e+02;6.0220025e-03;1.6250000e+02;-3.5330899e-02;1.6250000e+02;-7.7292822e-02;1.6250000e+02;-1.2510739e-01;1.6250000e+02;-5.7975627e-02;1.6250000e+02;-2.3861112e-02;1.6250000e+02;3.7276387e-02;1.6250000e+02;1.1043534e-01;1.6250000e+02;1.9103356e-01;1.6250000e+02;2.6252359e-01;1.6250000e+02;2.9964876e-01;1.6250000e+02;2.7311778e-01;1.6250000e+02;2.1503830e-01;1.6250000e+02;2.2044325e-01;1.6250000e+02;1.9474690e-01;1.6250000e+02;1.4932647e-01;1.6250000e+02;9.8147810e-02;1.6250000e+02;5.4867260e-02;1.6250000e+02;6.0220025e-03;1.6250000e+02;-3.5330899e-02;1.6250000e+02;-7.7292822e-02;1.6250000e+02;-1.2510739e-01
1.6750000e+02;-5.5182628e-02;1.6750000e+02;-1.3632225e-02;1.6750000e+02;4.7067601e-02;1.6750000e+02;1.2733229e-01;1.6750000e+02;2.1009150e-01;1.6750000e+02;2.6728457e-01;1.6750000e+02;3.0254814e-01;1.6750000e+02;2.9216126e-01;1.6750000e+02;2.3979014e-01;1.6750000e+02;2.2452398e-01;1.6750000e+02;1.9406626e-01;1.6750000e+02;1.4897393e-01;1.6750000e+02;9.8204285e-02;1.6750000e+02;5.5056818e-02;1.6750000e+02;6.1522350e-03;1.6750000e+02;-3.6926311e-02;1.6750000e+02;-7.9781607e-02;1.6750000e+02;-1.2643842e-01;1.6750000e+02;-5.5182628e-02;1.6750000e+02;-1.3632225e-02;1.6750000e+02;4.7067601e-02;1.6750000e+02;1.2733229e-01;1.6750000e+02;2.1009150e-01;1.6750000e+02;2.6728457e-01;1.6750000e+02;3.0254814e-01;1.6750000e+02;2.9216126e-01;1.6750000e+02;2.3979014e-01;1.6750000e+02;2.2452398e-01;1.6750000e+02;1.9406626e-01;1.6750000e+02;1.4897393e-01;1.6750000e+02;9.8204285e-02;1.6750000e+02;5.5056818e-02;1.6750000e+02;6.1522350e-03;1.6750000e+02;-3.6926311e-02;1.6750000e+02;-7.9781607e-02;1.6750000e+02;-1.2643842e-01;1.6750000e+02;-5.5182628e-02;1.6750000e+02;-1.3632225e-02;1.6750000e+02;4.7067601e-02;1.6750000e+02;1.2733229e-01;1.6750000e+02;2.1009150e-01;1.6750000e+02;2.6728457e-01;1.6750000e+02;3.0254814e-01;1.6750000e+02;2.9216126e-01;1.6750000e+02;2.3979014e-01;1.6750000e+02;2.2452398e-01;1.6750000e+02;1.9406626e-01;1.6750000e+02;1.4897393e-01;1.6750000e+02;9.8204285e-02;1.6750000e+02;5.5056818e-02;1.6750000e+02;6.1522350e-03;1.6750000e+02;-3.6926311e-02;1.6750000e+02;-7.9781607e-02;1.6750000e+02;-1.2643842e-01;1.6750000e+02;-5.5182628e-02;1.6750000e+02;-1.3632225e-02;1.6750000e+02;4.7067601e-02;1.6750000e+02;1.2733229e-01;1.6750000e+02;2.1009150e-01;1.6750000e+02;2.6728457e-01;1.6750000e+02;3.0254814e-01;1.6750000e+02;2.9216126e-01;1.6750000e+02;2.3979014e-01;1.6750000e+02;2.2452398e-01;1.6750000e+02;1.9406626e-01;1.6750000e+02;1.4897393e-01;1.6750000e+02;9.8204285e-02;1.6750000e+02;5.5056818e-02;1.6750000e+02;6.1522350e-03;1.6750000e+02;-3.6926311e-02;1.6750000e+02;-7.9781607e-02;1.6750000e+02;-1.2643842e-01;1.6750000e+02;-5.5182628e-02;1.6750000e+02;-1.3632225e-02;1.6750000e+02;4.7067601e-02;1.6750000e+02;1.2733229e-01;1.6750000e+02;2.1009150e-01;1.6750000e+02;2.6728457e-01;1.6750000e+02;3.0254814e-01;1.6750000e+02;2.9216126e-01;1.6750000e+02;2.3979014e-01;1.6750000e+02;2.2452398e-01;1.6750000e+02;1.9406626e-01;1.6750000e+02;1.4897393e-01;1.6750000e+02;9.8204285e-02;1.6750000e+02;5.5056818e-02;1.6750000e+02;6.1522350e-03;1.6750000e+02;-3.6926311e-02;1.6750000e+02;-7.9781607e-02;1.6750000e+02;-1.2643842e-01;1.6750000e+02;-5.5182628e-02;1.6750000e+02;-1.3632225e-02;1.6750000e+02;4.7067601e-02;1.6750000e+02;1.2733229e-01;1.6750000e+02;2.1009150e-01;1.6750000e+02;2.6728457e-01;1.6750000e+02;3.0254814e-01;1.6750000e+02;2.9216126e-01;1.6750000e+02;2.3979014e-01;1.6750000e+02;2.2452398e-01;1.6750000e+02;1.9406626e-01;1.6750000e+02;1.4897393e-01;1.6750000e+02;9.8204285e-02;1.6750000e+02;5.5056818e-02;1.6750000e+02;6.1522350e-03;1.6750000e+02;-3.6926311e-02;1.6750000e+02;-7.9781607e-02;1.6750000e+02;-1.2643842e-01;1.6750000e+02;-5.5182628e-02;1.6750000e+02;-1.3632225e-02;1.6750000e+02;4.7067601e-02;1.6750000e+02;1.2733229e-01;1.6750000e+02;2.1009150e-01;1.6750000e+02;2.6728457e-01;1.6750000e+02;3.0254814e-01;1.6750000e+02;2.9216126e-01;1.6750000e+02;2.3979014e-01;1.6750000e+02;2.2452398e-01;1.6750000e+02;1.9406626e-01;1.6750000e+02;1.4897393e-01;1.6750000e+02;9.8204285e-02;1.6750000e+02;5.5056818e-02;1.6750000e+02;6.1522350e-03;1.6750000e+02;-3.6926311e-02;1.6750000e+02;-7.9781607e-02;1.6750000e+02;-1.2643842e-01;1.6750000e+02;-5.5182628e-02;1.6750000e+02;-1.3632225e-02;1.6750000e+02;4.7067601e-02;1.6750000e+02;1.2733229e-01;1.6750000e+02;2.1009150e-01;1.6750000e+02;2.6728457e-01;1.6750000e+02;3.0254814e-01;1.6750000e+02;2.9216126e-01;1.6750000e+02;2.3979014e-01;1.6750000e+02;2.2452398e-01;1.6750000e+02;1.9406626e-01;1.6750000e+02;1.4897393e-01;1.6750000e+02;9.8204285e-02;1.6750000e+02;5.5056818e-02;1.6750000e+02;6.1522350e-03;1.6750000e+02;-3.6926311e-02;1.6750000e+02;-7.9781607e-02;1.6750000e+02;-1.2643842e-01;1.6750000e+02;-5.5182628e-02;1.6750000e+02;-1.3632225e-02;1.6750000e+02;4.7067601e-02;1.6750000e+02;1.2733229e-01;1.6750000e+02;2.1009150e-01;1.6750000e+02;2.6728457e-01;1.6750000e+02;3.0254814e-01;1.6750000e+02;2.9216126e-01;1.6750000e+02;2.3979014e-01;1.6750000e+02;2.2452398e-01;1.6750000e+02;1.9406626e-01;1.6750000e+02;1.4897393e-01;1.6750000e+02;9.8204285e-02;1.6750000e+02;5.5056818e-02;1.6750000e+02;6.1522350e-03;1.6750000e+02;-3.6926311e-02;1.6750000e+02;-7.9781607e-02;1.6750000e+02;-1.2643842e-01;1.6750000e+02;-5.5182628e-02;1.6750000e+02;-1.3632225e-02;1.6750000e+02;4.7067601e-02;1.6750000e+02;1.2733229e-01;1.6750000e+02;2.1009150e-01;1.6750000e+02;2.6728457e-01;1.6750000e+02;3.0254814e-01;1.6750000e+02;2.9216126e-01;1.6750000e+02;2.3979014e-01;1.6750000e+02;2.2452398e-01;1.6750000e+02;1.9406626e-01;1.6750000e+02;1.4897393e-01;1.6750000e+02;9.8204285e-02;1.6750000e+02;5.5056818e-02;1.6750000e+02;6.1522350e-03;1.6750000e+02;-3.6926311e-02;1.6750000e+02;-7.9781607e-02;1.6750000e+02;-1.2643842e-01;1.6750000e+02;-5.5182628e-02;1.6750000e+02;-1.3632225e-02;1.6750000e+02;4.7067601e-02;1.6750000e+02;1.2733229e-01;1.6750000e+02;2.1009150e-01;1.6750000e+02;2.6728457e-01;1.6750000e+02;3.0254814e-01;1.6750000e+02;2.9216126e-01;1.6750000e+02;2.3979014e-01;1.6750000e+02;2.2452398e-01;1.6750000e+02;1.9406626e-01;1.6750000e+02;1.4897393e-01;1.6750000e+02;9.8204285e-02;1.6750000e+02;5.5056818e-02;1.6750000e+02;6.1522350e-03;1.6750000e+02;-3.6926311e-02;1.6750000e+02;-7.9781607e-02;1.6750000e+02;-1.2643842e-01;1.6750000e+02;-5.5182628e-02;1.6750000e+02;-1.3632225e-02;1.6750000e+02;4.7067601e-02;1.6750000e+02;1.2733229e-01;1.6750000e+02;2.1009150e-01;1.6750000e+02;2.6728457e-01;1.6750000e+02;3.0254814e-01;1.6750000e+02;2.9216126e-01;1.6750000e+02;2.3979014e-01;1.6750000e+02;2.2452398e-01;1.6750000e+02;1.9406626e-01;1.6750000e+02;1.4897393e-01;1.6750000e+02;9.8204285e-02;1.6750000e+02;5.5056818e-02;1.6750000e+02;6.1522350e-03;1.6750000e+02;-3.6926311e-02;1.6750000e+02;-7.9781607e-02;1.6750000e+02;-1.2643842e-01;1.6750000e+02;-5.5182628e-02;1.6750000e+02;-1.3632225e-02;1.6750000e+02;4.7067601e-02;1.6750000e+02;1.2733229e-01;1.6750000e+02;2.1009150e-01;1.6750000e+02;2.6728457e-01;1.6750000e+02;3.0254814e-01;1.6750000e+02;2.9216126e-01;1.6750000e+02;2.3979014e-01;1.6750000e+02;2.2452398e-01;1.6750000e+02;1.9406626e-01;1.6750000e+02;1.4897393e-01;1.6750000e+02;9.8204285e-02;1.6750000e+02;5.5056818e-02;1.6750000e+02;6.1522350e-03;1.6750000e+02;-3.6926311e-02;1.6750000e+02;-7.9781607e-02;1.6750000e+02;-1.2643842e-01;1.6750000e+02;-5.5182628e-02;1.6750000e+02;-1.3632225e-02;1.6750000e+02;4.7067601e-02;1.6750000e+02;1.2733229e-01;1.6750000e+02;2.1009150e-01;1.6750000e+02;2.6728457e-01;1.6750000e+02;3.0254814e-01;1.6750000e+02;2.9216126e-01;1.6750000e+02;2.3979014e-01;1.6750000e+02;2.2452398e-01;1.6750000e+02;1.9406626e-01;1.6750000e+02;1.4897393e-01;1.6750000e+02;9.8204285e-02;1.6750000e+02;5.5056818e-02;1.6750000e+02;6.1522350e-03;1.6750000e+02;-3.6926311e-02;1.6750000e+02;-7.9781607e-02;1.6750000e+02;-1.2643842e-01;1.6750000e+02;-5.5182628e-02;1.6750000e+02;-1.3632225e-02;1.6750000e+02;4.7067601e-02;1.6750000e+02;1.2733229e-01;1.6750000e+02;2.1009150e-01;1.6750000e+02;2.6728457e-01;1.6750000e+02;3.0254814e-01;1.6750000e+02;2.9216126e-01;1.6750000e+02;2.3979014e-01;1.6750000e+02;2.2452398e-01;1.6750000e+02;1.9406626e-01;1.6750000e+02;1.4897393e-01;1.6750000e+02;9.8204285e-02;1.6750000e+02;5.5056818e-02;1.6750000e+02;6.1522350e-03;1.6750000e+02;-3.6926311e-02;1.6750000e+02;-7.9781607e-02;1.6750000e+02;-1.2643842e-01;1.6750000e+02;-5.5182628e-02;1.6750000e+02;-1.3632225e-02;1.6750000e+02;4.7067601e-02;1.6750000e+02;1.2733229e-01;1.6750000e+02;2.1009150e-01;1.6750000e+02;2.6728457e-01;1.6750000e+02;3.0254814e-01;1.6750000e+02;2.9216126e-01;1.6750000e+02;2.3979014e-01;1.6750000e+02;2.2452398e-01;1.6750000e+02;1.9406626e-01;1.6750000e+02;1.4897393e-01;1.6750000e+02;9.8204285e-02;1.6750000e+02;5.5056818e-02;1.6750000e+02;6.1522350e-03;1.6750000e+02;-3.6926311e-02;1.6750000e+02;-7.9781607e-02;1.6750000e+02;-1.2643842e-01;1.6750000e+02;-5.5182628e-02;1.6750000e+02;-1.3632225e-02;1.6750000e+02;4.7067601e-02;1.6750000e+02;1.2733229e-01;1.6750000e+02;2.1009150e-01;1.6750000e+02;2.6728457e-01;1.6750000e+02;3.0254814e-01;1.6750000e+02;2.9216126e-01;1.6750000e+02;2.3979014e-01;1.6750000e+02;2.2452398e-01;1.6750000e+02;1.9406626e-01;1.6750000e+02;1.4897393e-01;1.6750000e+02;9.8204285e-02;1.6750000e+02;5.5056818e-02;1.6750000e+02;6.1522350e-03;1.6750000e+02;-3.6926311e-02;1.6750000e+02;-7.9781607e-02;1.6750000e+02;-1.2643842e-01;1.6750000e+02;-5.5182628e-02;1.6750000e+02;-1.3632225e-02;1.6750000e+02;4.7067601e-02;1.6750000e+02;1.2733229e-01;1.6750000e+02;2.1009150e-01;1.6750000e+02;2.6728457e-01;1.6750000e+02;3.0254814e-01;1.6750000e+02;2.9216126e-01;1.6750000e+02;2.3979014e-01;1.6750000e+02;2.2452398e-01;1.6750000e+02;1.9406626e-01;1.6750000e+02;1.4897393e-01;1.6750000e+02;9.8204285e-02;1.6750000e+02;5.5056818e-02;1.6750000e+02;6.1522350e-03;1.6750000e+02;-3.6926311e-02;1.6750000e+02;-7.9781607e-02;1.6750000e+02;-1.2643842e-01;1.6750000e+02;-5.5182628e-02;1.6750000e+02;-1.3632225e-02;1.6750000e+02;4.7067601e-02;1.6750000e+02;1.2733229e-01;1.6750000e+02;2.1009150e-01;1.6750000e+02;2.6728457e-01;1.6750000e+02;3.0254814e-01;1.6750000e+02;2.9216126e-01;1.6750000e+02;2.3979014e-01;1.6750000e+02;2.2452398e-01;1.6750000e+02;1.9406626e-01;1.6750000e+02;1.4897393e-01;1.6750000e+02;9.8204285e-02;1.6750000e+02;5.5056818e-02;1.6750000e+02;6.1522350e-03;1.6750000e+02;-3.6926311e-02;1.6750000e+02;-7.9781607e-02;1.6750000e+02;-1.2643842e-01;1.6750000e+02;-5.5182628e-02;1.6750000e+02;-1.3632225e-02;1.6750000e+02;4.7067601e-02;1.6750000e+02;1.2733229e-01;1.6750000e+02;2.1009150e-01;1.6750000e+02;2.6728457e-01;1.6750000e+02;3.0254814e-01;1.6750000e+02;2.9216126e-01;1.6750000e+02;2.3979014e-01;1.6750000e+02;2.2452398e-01;1.6750000e+02;1.9406626e-01;1.6750000e+02;1.4897393e-01;1.6750000e+02;9.8204285e-02;1.6750000e+02;5.5056818e-02;1.6750000e+02;6.1522350e-03;1.6750000e+02;-3.6926311e-02;1.6750000e+02;-7.9781607e-02;1.6750000e+02;-1.2643842e-01;1.6750000e+02;-5.5182628e-02;1.6750000e+02;-1.3632225e-02;1.6750000e+02;4.7067601e-02;1.6750000e+02;1.2733229e-01;1.6750000e+02;2.1009150e-01;1.6750000e+02;2.6728457e-01;1.6750000e+02;3.0254814e-01;1.6750000e+02;2.9216126e-01;1.6750000e+02;2.3979014e-01;1.6750000e+02;2.2452398e-01;1.6750000e+02;1.9406626e-01;1.6750000e+02;1.4897393e-01;1.6750000e+02;9.8204285e-02;1.6750000e+02;5.5056818e-02;1.6750000e+02;6.1522350e-03;1.6750000e+02;-3.6926311e-02;1.6750000e+02;-7.9781607e-02;1.6750000e+02;-1.2643842e-01;1.6750000e+02;-5.5182628e-02;1.6750000e+02;-1.3632225e-02;1.6750000e+02;4.7067601e-02;1.6750000e+02;1.2733229e-01;1.6750000e+02;2.1009150e-01;1.6750000e+02;2.6728457e-01;1.6750000e+02;3.0254814e-01;1.6750000e+02;2.9216126e-01;1.6750000e+02;2.3979014e-01;1.6750000e+02;2.2452398e-01;1.6750000e+02;1.9406626e-01;1.6750000e+02;1.4897393e-01;1.6750000e+02;9.8204285e-02;1.6750000e+02;5.5056818e-02;1.6750000e+02;6.1522350e-03;1.6750000e+02;-3.6926311e-02;1.6750000e+02;-7.9781607e-02;1.6750000e+02;-1.2643842e-01;1.6750000e+02;-5.5182628e-02;1.6750000e+02;-1.3632225e-02;1.6750000e+02;4.7067601e-02;1.6750000e+02;1.2733229e-01;1.6750000e+02;2.1009150e-01;1.6750000e+02;2.6728457e-01;1.6750000e+02;3.0254814e-01;1.6750000e+02;2.9216126e-01;1.6750000e+02;2.3979014e-01;1.6750000e+02;2.2452398e-01;1.6750000e+02;1.9406626e-01;1.6750000e+02;1.4897393e-01;1.6750000e+02;9.8204285e-02;1.6750000e+02;5.5056818e-02;1.6750000e+02;6.1522350e-03;1.6750000e+02;-3.6926311e-02;1.6750000e+02;-7.9781607e-02;1.6750000e+02;-1.2643842e-01;1.6750000e+02;-5.5182628e-02;1.6750000e+02;-1.3632225e-02;1.6750000e+02;4.7067601e-02;1.6750000e+02;1.2733229e-01;1.6750000e+02;2.1009150e-01;1.6750000e+02;2.6728457e-01;1.6750000e+02;3.0254814e-01;1.6750000e+02;2.9216126e-01;1.6750000e+02;2.3979014e-01;1.6750000e+02;2.2452398e-01;1.6750000e+02;1.9406626e-01;1.6750000e+02;1.4897393e-01;1.6750000e+02;9.8204285e-02;1.6750000e+02;5.5056818e-02;1.6750000e+02;6.1522350e-03;1.6750000e+02;-3.6926311e-02;1.6750000e+02;-7.9781607e-02;1.6750000e+02;-1.2643842e-01;1.6750000e+02;-5.5182628e-02;1.6750000e+02;-1.3632225e-02;1.6750000e+02;4.7067601e-02;1.6750000e+02;1.2733229e-01;1.6750000e+02;2.1009150e-01;1.6750000e+02;2.6728457e-01;1.6750000e+02;3.0254814e-01;1.6750000e+02;2.9216126e-01;1.6750000e+02;2.3979014e-01;1.6750000e+02;2.2452398e-01;1.6750000e+02;1.9406626e-01;1.6750000e+02;1.4897393e-01;1.6750000e+02;9.8204285e-02;1.6750000e+02;5.5056818e-02;1.6750000e+02;6.1522350e-03;1.6750000e+02;-3.6926311e-02;1.6750000e+02;-7.9781607e-02;1.6750000e+02;-1.2643842e-01;1.6750000e+02;-5.5182628e-02;1.6750000e+02;-1.3632225e-02;1.6750000e+02;4.7067601e-02;1.6750000e+02;1.2733229e-01;1.6750000e+02;2.1009150e-01;1.6750000e+02;2.6728457e-01;1.6750000e+02;3.0254814e-01;1.6750000e+02;2.9216126e-01;1.6750000e+02;2.3979014e-01;1.6750000e+02;2.2452398e-01;1.6750000e+02;1.9406626e-01;1.6750000e+02;1.4897393e-01;1.6750000e+02;9.8204285e-02;1.6750000e+02;5.5056818e-02;1.6750000e+02;6.1522350e-03;1.6750000e+02;-3.6926311e-02;1.6750000e+02;-7.9781607e-02;1.6750000e+02;-1.2643842e-01;1.6750000e+02;-5.5182628e-02;1.6750000e+02;-1.3632225e-02;1.6750000e+02;4.7067601e-02;1.6750000e+02;1.2733229e-01;1.6750000e+02;2.1009150e-01;1.6750000e+02;2.6728457e-01;1.6750000e+02;3.0254814e-01;1.6750000e+02;2.9216126e-01;1.6750000e+02;2.3979014e-01;1.6750000e+02;2.2452398e-01;1.6750000e+02;1.9406626e-01;1.6750000e+02;1.4897393e-01;1.6750000e+02;9.8204285e-02;1.6750000e+02;5.5056818e-02;1.6750000e+02;6.1522350e-03;1.6750000e+02;-3.6926311e-02;1.6750000e+02;-7.9781607e-02;1.6750000e+02;-1.2643842e-01;1.6750000e+02;-5.5182628e-02;1.6750000e+02;-1.3632225e-02;1.6750000e+02;4.7067601e-02;1.6750000e+02;1.2733229e-01;1.6750000e+02;2.1009150e-01;1.6750000e+02;2.6728457e-01;1.6750000e+02;3.0254814e-01;1.6750000e+02;2.9216126e-01;1.6750000e+02;2.3979014e-01;1.6750000e+02;2.2452398e-01;1.6750000e+02;1.9406626e-01;1.6750000e+02;1.4897393e-01;1.6750000e+02;9.8204285e-02;1.6750000e+02;5.5056818e-02;1.6750000e+02;6.1522350e-03;1.6750000e+02;-3.6926311e-02;1.6750000e+02;-7.9781607e-02;1.6750000e+02;-1.2643842e-01;1.6750000e+02;-5.5182628e-02;1.6750000e+02;-1.3632225e-02;1.6750000e+02;4.7067601e-02;1.6750000e+02;1.2733229e-01;1.6750000e+02;2.1009150e-01;1.6750000e+02;2.6728457e-01;1.6750000e+02;3.0254814e-01;1.6750000e+02;2.9216126e-01;1.6750000e+02;2.3979014e-01;1.6750000e+02;2.2452398e-01;1.6750000e+02;1.9406626e-01;1.6750000e+02;1.4897393e-01;1.6750000e+02;9.8204285e-02;1.6750000e+02;5.5056818e-02;1.6750000e+02;6.1522350e-03;1.6750000e+02;-3.6926311e-02;1.6750000e+02;-7.9781607e-02;1.6750000e+02;-1.2643842e-01;1.6750000e+02;-5.5182628e-02;1.6750000e+02;-1.3632225e-02;1.6750000e+02;4.7067601e-02;1.6750000e+02;1.2733229e-01;1.6750000e+02;2.1009150e-01;1.6750000e+02;2.6728457e-01;1.6750000e+02;3.0254814e-01;1.6750000e+02;2.9216126e-01;1.6750000e+02;2.3979014e-01;1.6750000e+02;2.2452398e-01;1.6750000e+02;1.9406626e-01;1.6750000e+02;1.4897393e-01;1.6750000e+02;9.8204285e-02;1.6750000e+02;5.5056818e-02;1.6750000e+02;6.1522350e-03;1.6750000e+02;-3.6926311e-02;1.6750000e+02;-7.9781607e-02;1.6750000e+02;-1.2643842e-01;1.6750000e+02;-5.5182628e-02;1.6750000e+02;-1.3632225e-02;1.6750000e+02;4.7067601e-02;1.6750000e+02;1.2733229e-01;1.6750000e+02;2.1009150e-01;1.6750000e+02;2.6728457e-01;1.6750000e+02;3.0254814e-01;1.6750000e+02;2.9216126e-01;1.6750000e+02;2.3979014e-01;1.6750000e+02;2.2452398e-01;1.6750000e+02;1.9406626e-01;1.6750000e+02;1.4897393e-01;1.6750000e+02;9.8204285e-02;1.6750000e+02;5.5056818e-02;1.6750000e+02;6.1522350e-03;1.6750000e+02;-3.6926311e-02;1.6750000e+02;-7.9781607e-02;1.6750000e+02;-1.2643842e-01;1.6750000e+02;-5.5182628e-02;1.6750000e+02;-1.3632225e-02;1.6750000e+02;4.7067601e-02;1.6750000e+02;1.2733229e-01;1.6750000e+02;2.1009150e-01;1.6750000e+02;2.6728457e-01;1.6750000e+02;3.0254814e-01;1.6750000e+02;2.9216126e-01;1.6750000e+02;2.3979014e-01;1.6750000e+02;2.2452398e-01;1.6750000e+02;1.9406626e-01;1.6750000e+02;1.4897393e-01;1.6750000e+02;9.8204285e-02;1.6750000e+02;5.5056818e-02;1.6750000e+02;6.1522350e-03;1.6750000e+02;-3.6926311e-02;1.6750000e+02;-7.9781607e-02;1.6750000e+02;-1.2643842e-01;1.6750000e+02;-5.5182628e-02;1.6750000e+02;-1.3632225e-02;1.6750000e+02;4.7067601e-02;1.6750000e+02;1.2733229e-01;1.6750000e+02;2.1009150e-01;1.6750000e+02;2.6728457e-01;1.6750000e+02;3.0254814e-01;1.6750000e+02;2.9216126e-01;1.6750000e+02;2.3979014e-01;1.6750000e+02;2.2452398e-01;1.6750000e+02;1.9406626e-01;1.6750000e+02;1.4897393e-01;1.6750000e+02;9.8204285e-02;1.6750000e+02;5.5056818e-02;1.6750000e+02;6.1522350e-03;1.6750000e+02;-3.6926311e-02;1.6750000e+02;-7.9781607e-02;1.6750000e+02;-1.2643842e-01;1.6750000e+02;-5.5182628e-02;1.6750000e+02;-1.3632225e-02;1.6750000e+02;4.7067601e-02;1.6750000e+02;1.2733229e-01;1.6750000e+02;2.1009150e-01;1.6750000e+02;2.6728457e-01;1.6750000e+02;3.0254814e-01;1.6750000e+02;2.9216126e-01;1.6750000e+02;2.3979014e-01;1.6750000e+02;2.2452398e-01;1.6750000e+02;1.9406626e-01;1.6750000e+02;1.4897393e-01;1.6750000e+02;9.8204285e-02;1.6750000e+02;5.5056818e-02;1.6750000e+02;6.1522350e-03;1.6750000e+02;-3.6926311e-02;1.6750000e+02;-7.9781607e-02;1.6750000e+02;-1.2643842e-01;1.6750000e+02;-5.5182628e-02;1.6750000e+02;-1.3632225e-02;1.6750000e+02;4.7067601e-02;1.6750000e+02;1.2733229e-01;1.6750000e+02;2.1009150e-01;1.6750000e+02;2.6728457e-01;1.6750000e+02;3.0254814e-01;1.6750000e+02;2.9216126e-01;1.6750000e+02;2.3979014e-01;1.6750000e+02;2.2452398e-01;1.6750000e+02;1.9406626e-01;1.6750000e+02;1.4897393e-01;1.6750000e+02;9.8204285e-02;1.6750000e+02;5.5056818e-02;1.6750000e+02;6.1522350e-03;1.6750000e+02;-3.6926311e-02;1.6750000e+02;-7.9781607e-02;1.6750000e+02;-1.2643842e-01;1.6750000e+02;-5.5182628e-02;1.6750000e+02;-1.3632225e-02;1.6750000e+02;4.7067601e-02;1.6750000e+02;1.2733229e-01;1.6750000e+02;2.1009150e-01;1.6750000e+02;2.6728457e-01;1.6750000e+02;3.0254814e-01;1.6750000e+02;2.9216126e-01;1.6750000e+02;2.3979014e-01;1.6750000e+02;2.2452398e-01;1.6750000e+02;1.9406626e-01;1.6750000e+02;1.4897393e-01;1.6750000e+02;9.8204285e-02;1.6750000e+02;5.5056818e-02;1.6750000e+02;6.1522350e-03;1.6750000e+02;-3.6926311e-02;1.6750000e+02;-7.9781607e-02;1.6750000e+02;-1.2643842e-01;1.6750000e+02;-5.5182628e-02;1.6750000e+02;-1.3632225e-02;1.6750000e+02;4.7067601e-02;1.6750000e+02;1.2733229e-01;1.6750000e+02;2.1009150e-01;1.6750000e+02;2.6728457e-01;1.6750000e+02;3.0254814e-01;1.6750000e+02;2.9216126e-01;1.6750000e+02;2.3979014e-01;1.6750000e+02;2.2452398e-01;1.6750000e+02;1.9406626e-01;1.6750000e+02;1.4897393e-01;1.6750000e+02;9.8204285e-02;1.6750000e+02;5.5056818e-02;1.6750000e+02;6.1522350e-03;1.6750000e+02;-3.6926311e-02;1.6750000e+02;-7.9781607e-02;1.6750000e+02;-1.2643842e-01;1.6750000e+02;-5.5182628e-02;1.6750000e+02;-1.3632225e-02;1.6750000e+02;4.7067601e-02;1.6750000e+02;1.2733229e-01;1.6750000e+02;2.1009150e-01;1.6750000e+02;2.6728457e-01;1.6750000e+02;3.0254814e-01;1.6750000e+02;2.9216126e-01;1.6750000e+02;2.3979014e-01;1.6750000e+02;2.2452398e-01;1.6750000e+02;1.9406626e-01;1.6750000e+02;1.4897393e-01;1.6750000e+02;9.8204285e-02;1.6750000e+02;5.5056818e-02;1.6750000e+02;6.1522350e-03;1.6750000e+02;-3.6926311e-02;1.6750000e+02;-7.9781607e-02;1.6750000e+02;-1.2643842e-01;1.6750000e+02;-5.5182628e-02;1.6750000e+02;-1.3632225e-02;1.6750000e+02;4.7067601e-02;1.6750000e+02;1.2733229e-01;1.6750000e+02;2.1009150e-01;1.6750000e+02;2.6728457e-01;1.6750000e+02;3.0254814e-01;1.6750000e+02;2.9216126e-01;1.6750000e+02;2.3979014e-01;1.6750000e+02;2.2452398e-01;1.6750000e+02;1.9406626e-01;1.6750000e+02;1.4897393e-01;1.6750000e+02;9.8204285e-02;1.6750000e+02;5.5056818e-02;1.6750000e+02;6.1522350e-03;1.6750000e+02;-3.6926311e-02;1.6750000e+02;-7.9781607e-02;1.6750000e+02;-1.2643842e-01;1.6750000e+02;-5.5182628e-02;1.6750000e+02;-1.3632225e-02;1.6750000e+02;4.7067601e-02;1.6750000e+02;1.2733229e-01;1.6750000e+02;2.1009150e-01;1.6750000e+02;2.6728457e-01;1.6750000e+02;3.0254814e-01;1.6750000e+02;2.9216126e-01;1.6750000e+02;2.3979014e-01;1.6750000e+02;2.2452398e-01;1.6750000e+02;1.9406626e-01;1.6750000e+02;1.4897393e-01;1.6750000e+02;9.8204285e-02;1.6750000e+02;5.5056818e-02;1.6750000e+02;6.1522350e-03;1.6750000e+02;-3.6926311e-02;1.6750000e+02;-7.9781607e-02;1.6750000e+02;-1.2643842e-01;1.6750000e+02;-5.5182628e-02;1.6750000e+02;-1.3632225e-02;1.6750000e+02;4.7067601e-02;1.6750000e+02;1.2733229e-01;1.6750000e+02;2.1009150e-01;1.6750000e+02;2.6728457e-01;1.6750000e+02;3.0254814e-01;1.6750000e+02;2.9216126e-01;1.6750000e+02;2.3979014e-01;1.6750000e+02;2.2452398e-01;1.6750000e+02;1.9406626e-01;1.6750000e+02;1.4897393e-01;1.6750000e+02;9.8204285e-02;1.6750000e+02;5.5056818e-02;1.6750000e+02;6.1522350e-03;1.6750000e+02;-3.6926311e-02;1.6750000e+02;-7.9781607e-02;1.6750000e+02;-1.2643842e-01;1.6750000e+02;-5.5182628e-02;1.6750000e+02;-1.3632225e-02;1.6750000e+02;4.7067601e-02;1.6750000e+02;1.2733229e-01;1.6750000e+02;2.1009150e-01;1.6750000e+02;2.6728457e-01;1.6750000e+02;3.0254814e-01;1.6750000e+02;2.9216126e-01;1.6750000e+02;2.3979014e-01;1.6750000e+02;2.2452398e-01;1.6750000e+02;1.9406626e-01;1.6750000e+02;1.4897393e-01;1.6750000e+02;9.8204285e-02;1.6750000e+02;5.5056818e-02;1.6750000e+02;6.1522350e-03;1.6750000e+02;-3.6926311e-02;1.6750000e+02;-7.9781607e-02;1.6750000e+02;-1.2643842e-01;1.6750000e+02;-5.5182628e-02;1.6750000e+02;-1.3632225e-02;1.6750000e+02;4.7067601e-02;1.6750000e+02;1.2733229e-01;1.6750000e+02;2.1009150e-01;1.6750000e+02;2.6728457e-01;1.6750000e+02;3.0254814e-01;1.6750000e+02;2.9216126e-01;1.6750000e+02;2.3979014e-01;1.6750000e+02;2.2452398e-01;1.6750000e+02;1.9406626e-01;1.6750000e+02;1.4897393e-01;1.6750000e+02;9.8204285e-02;1.6750000e+02;5.5056818e-02;1.6750000e+02;6.1522350e-03;1.6750000e+02;-3.6926311e-02;1.6750000e+02;-7.9781607e-02;1.6750000e+02;-1.2643842e-01;1.6750000e+02;-5.5182628e-02;1.6750000e+02;-1.3632225e-02;1.6750000e+02;4.7067601e-02;1.6750000e+02;1.2733229e-01;1.6750000e+02;2.1009150e-01;1.6750000e+02;2.6728457e-01;1.6750000e+02;3.0254814e-01;1.6750000e+02;2.9216126e-01;1.6750000e+02;2.3979014e-01;1.6750000e+02;2.2452398e-01;1.6750000e+02;1.9406626e-01;1.6750000e+02;1.4897393e-01;1.6750000e+02;9.8204285e-02;1.6750000e+02;5.5056818e-02;1.6750000e+02;6.1522350e-03;1.6750000e+02;-3.6926311e-02;1.6750000e+02;-7.9781607e-02;1.6750000e+02;-1.2643842e-01;1.6750000e+02;-5.5182628e-02;1.6750000e+02;-1.3632225e-02;1.6750000e+02;4.7067601e-02;1.6750000e+02;1.2733229e-01;1.6750000e+02;2.1009150e-01;1.6750000e+02;2.6728457e-01;1.6750000e+02;3.0254814e-01;1.6750000e+02;2.9216126e-01;1.6750000e+02;2.3979014e-01;1.6750000e+02;2.2452398e-01;1.6750000e+02;1.9406626e-01;1.6750000e+02;1.4897393e-01;1.6750000e+02;9.8204285e-02;1.6750000e+02;5.5056818e-02;1.6750000e+02;6.1522350e-03;1.6750000e+02;-3.6926311e-02;1.6750000e+02;-7.9781607e-02;1.6750000e+02;-1.2643842e-01;1.6750000e+02;-5.5182628e-02;1.6750000e+02;-1.3632225e-02;1.6750000e+02;4.7067601e-02;1.6750000e+02;1.2733229e-01;1.6750000e+02;2.1009150e-01;1.6750000e+02;2.6728457e-01;1.6750000e+02;3.0254814e-01;1.6750000e+02;2.9216126e-01;1.6750000e+02;2.3979014e-01;1.6750000e+02;2.2452398e-01;1.6750000e+02;1.9406626e-01;1.6750000e+02;1.4897393e-01;1.6750000e+02;9.8204285e-02;1.6750000e+02;5.5056818e-02;1.6750000e+02;6.1522350e-03;1.6750000e+02;-3.6926311e-02;1.6750000e+02;-7.9781607e-02;1.6750000e+02;-1.2643842e-01;1.6750000e+02;-5.5182628e-02;1.6750000e+02;-1.3632225e-02;1.6750000e+02;4.7067601e-02;1.6750000e+02;1.2733229e-01;1.6750000e+02;2.1009150e-01;1.6750000e+02;2.6728457e-01;1.6750000e+02;3.0254814e-01;1.6750000e+02;2.9216126e-01;1.6750000e+02;2.3979014e-01;1.6750000e+02;2.2452398e-01;1.6750000e+02;1.9406626e-01;1.6750000e+02;1.4897393e-01;1.6750000e+02;9.8204285e-02;1.6750000e+02;5.5056818e-02;1.6750000e+02;6.1522350e-03;1.6750000e+02;-3.6926311e-02;1.6750000e+02;-7.9781607e-02;1.6750000e+02;-1.2643842e-01;1.6750000e+02;-5.5182628e-02;1.6750000e+02;-1.3632225e-02;1.6750000e+02;4.7067601e-02;1.6750000e+02;1.2733229e-01;1.6750000e+02;2.1009150e-01;1.6750000e+02;2.6728457e-01;1.6750000e+02;3.0254814e-01;1.6750000e+02;2.9216126e-01;1.6750000e+02;2.3979014e-01;1.6750000e+02;2.2452398e-01;1.6750000e+02;1.9406626e-01;1.6750000e+02;1.4897393e-01;1.6750000e+02;9.8204285e-02;1.6750000e+02;5.5056818e-02;1.6750000e+02;6.1522350e-03;1.6750000e+02;-3.6926311e-02;1.6750000e+02;-7.9781607e-02;1.6750000e+02;-1.2643842e-01;1.6750000e+02;-5.5182628e-02;1.6750000e+02;-1.3632225e-02;1.6750000e+02;4.7067601e-02;1.6750000e+02;1.2733229e-01;1.6750000e+02;2.1009150e-01;1.6750000e+02;2.6728457e-01;1.6750000e+02;3.0254814e-01;1.6750000e+02;2.9216126e-01;1.6750000e+02;2.3979014e-01;1.6750000e+02;2.2452398e-01;1.6750000e+02;1.9406626e-01;1.6750000e+02;1.4897393e-01;1.6750000e+02;9.8204285e-02;1.6750000e+02;5.5056818e-02;1.6750000e+02;6.1522350e-03;1.6750000e+02;-3.6926311e-02;1.6750000e+02;-7.9781607e-02;1.6750000e+02;-1.2643842e-01;1.6750000e+02;-5.5182628e-02;1.6750000e+02;-1.3632225e-02;1.6750000e+02;4.7067601e-02;1.6750000e+02;1.2733229e-01;1.6750000e+02;2.1009150e-01;1.6750000e+02;2.6728457e-01;1.6750000e+02;3.0254814e-01;1.6750000e+02;2.9216126e-01;1.6750000e+02;2.3979014e-01;1.6750000e+02;2.2452398e-01;1.6750000e+02;1.9406626e-01;1.6750000e+02;1.4897393e-01;1.6750000e+02;9.8204285e-02;1.6750000e+02;5.5056818e-02;1.6750000e+02;6.1522350e-03;1.6750000e+02;-3.6926311e-02;1.6750000e+02;-7.9781607e-02;1.6750000e+02;-1.2643842e-01;1.6750000e+02;-5.5182628e-02;1.6750000e+02;-1.3632225e-02;1.6750000e+02;4.7067601e-02;1.6750000e+02;1.2733229e-01;1.6750000e+02;2.1009150e-01;1.6750000e+02;2.6728457e-01;1.6750000e+02;3.0254814e-01;1.6750000e+02;2.9216126e-01;1.6750000e+02;2.3979014e-01;1.6750000e+02;2.2452398e-01;1.6750000e+02;1.9406626e-01;1.6750000e+02;1.4897393e-01;1.6750000e+02;9.8204285e-02;1.6750000e+02;5.5056818e-02;1.6750000e+02;6.1522350e-03;1.6750000e+02;-3.6926311e-02;1.6750000e+02;-7.9781607e-02;1.6750000e+02;-1.2643842e-01;1.6750000e+02;-5.5182628e-02;1.6750000e+02;-1.3632225e-02;1.6750000e+02;4.7067601e-02;1.6750000e+02;1.2733229e-01;1.6750000e+02;2.1009150e-01;1.6750000e+02;2.6728457e-01;1.6750000e+02;3.0254814e-01;1.6750000e+02;2.9216126e-01;1.6750000e+02;2.3979014e-01;1.6750000e+02;2.2452398e-01;1.6750000e+02;1.9406626e-01;1.6750000e+02;1.4897393e-01;1.6750000e+02;9.8204285e-02;1.6750000e+02;5.5056818e-02;1.6750000e+02;6.1522350e-03;1.6750000e+02;-3.6926311e-02;1.6750000e+02;-7.9781607e-02;1.6750000e+02;-1.2643842e-01;1.6750000e+02;-5.5182628e-02;1.6750000e+02;-1.3632225e-02;1.6750000e+02;4.7067601e-02;1.6750000e+02;1.2733229e-01;1.6750000e+02;2.1009150e-01;1.6750000e+02;2.6728457e-01;1.6750000e+02;3.0254814e-01;1.6750000e+02;2.9216126e-01;1.6750000e+02;2.3979014e-01;1.6750000e+02;2.2452398e-01;1.6750000e+02;1.9406626e-01;1.6750000e+02;1.4897393e-01;1.6750000e+02;9.8204285e-02;1.6750000e+02;5.5056818e-02;1.6750000e+02;6.1522350e-03;1.6750000e+02;-3.6926311e-02;1.6750000e+02;-7.9781607e-02;1.6750000e+02;-1.2643842e-01;1.6750000e+02;-5.5182628e-02;1.6750000e+02;-1.3632225e-02;1.6750000e+02;4.7067601e-02;1.6750000e+02;1.2733229e-01;1.6750000e+02;2.1009150e-01;1.6750000e+02;2.6728457e-01;1.6750000e+02;3.0254814e-01;1.6750000e+02;2.9216126e-01;1.6750000e+02;2.3979014e-01;1.6750000e+02;2.2452398e-01;1.6750000e+02;1.9406626e-01;1.6750000e+02;1.4897393e-01;1.6750000e+02;9.8204285e-02;1.6750000e+02;5.5056818e-02;1.6750000e+02;6.1522350e-03;1.6750000e+02;-3.6926311e-02;1.6750000e+02;-7.9781607e-02;1.6750000e+02;-1.2643842e-01;1.6750000e+02;-5.5182628e-02;1.6750000e+02;-1.3632225e-02;1.6750000e+02;4.7067601e-02;1.6750000e+02;1.2733229e-01;1.6750000e+02;2.1009150e-01;1.6750000e+02;2.6728457e-01;1.6750000e+02;3.0254814e-01;1.6750000e+02;2.9216126e-01;1.6750000e+02;2.3979014e-01;1.6750000e+02;2.2452398e-01;1.6750000e+02;1.9406626e-01;1.6750000e+02;1.4897393e-01;1.6750000e+02;9.8204285e-02;1.6750000e+02;5.5056818e-02;1.6750000e+02;6.1522350e-03;1.6750000e+02;-3.6926311e-02;1.6750000e+02;-7.9781607e-02;1.6750000e+02;-1.2643842e-01;1.6750000e+02;-5.5182628e-02;1.6750000e+02;-1.3632225e-02;1.6750000e+02;4.7067601e-02;1.6750000e+02;1.2733229e-01;1.6750000e+02;2.1009150e-01;1.6750000e+02;2.6728457e-01;1.6750000e+02;3.0254814e-01;1.6750000e+02;2.9216126e-01;1.6750000e+02;2.3979014e-01;1.6750000e+02;2.2452398e-01;1.6750000e+02;1.9406626e-01;1.6750000e+02;1.4897393e-01;1.6750000e+02;9.8204285e-02;1.6750000e+02;5.5056818e-02;1.6750000e+02;6.1522350e-03;1.6750000e+02;-3.6926311e-02;1.6750000e+02;-7.9781607e-02;1.6750000e+02;-1.2643842e-01;1.6750000e+02;-5.5182628e-02;1.6750000e+02;-1.3632225e-02;1.6750000e+02;4.7067601e-02;1.6750000e+02;1.2733229e-01;1.6750000e+02;2.1009150e-01;1.6750000e+02;2.6728457e-01;1.6750000e+02;3.0254814e-01;1.6750000e+02;2.9216126e-01;1.6750000e+02;2.3979014e-01;1.6750000e+02;2.2452398e-01;1.6750000e+02;1.9406626e-01;1.6750000e+02;1.4897393e-01;1.6750000e+02;9.8204285e-02;1.6750000e+02;5.5056818e-02;1.6750000e+02;6.1522350e-03;1.6750000e+02;-3.6926311e-02;1.6750000e+02;-7.9781607e-02;1.6750000e+02;-1.2643842e-01;1.6750000e+02;-5.5182628e-02;1.6750000e+02;-1.3632225e-02;1.6750000e+02;4.7067601e-02;1.6750000e+02;1.2733229e-01;1.6750000e+02;2.1009150e-01;1.6750000e+02;2.6728457e-01;1.6750000e+02;3.0254814e-01;1.6750000e+02;2.9216126e-01;1.6750000e+02;2.3979014e-01;1.6750000e+02;2.2452398e-01;1.6750000e+02;1.9406626e-01;1.6750000e+02;1.4897393e-01;1.6750000e+02;9.8204285e-02;1.6750000e+02;5.5056818e-02;1.6750000e+02;6.1522350e-03;1.6750000e+02;-3.6926311e-02;1.6750000e+02;-7.9781607e-02;1.6750000e+02;-1.2643842e-01;1.6750000e+02;-5.5182628e-02;1.6750000e+02;-1.3632225e-02;1.6750000e+02;4.7067601e-02;1.6750000e+02;1.2733229e-01;1.6750000e+02;2.1009150e-01;1.6750000e+02;2.6728457e-01;1.6750000e+02;3.0254814e-01;1.6750000e+02;2.9216126e-01;1.6750000e+02;2.3979014e-01;1.6750000e+02;2.2452398e-01;1.6750000e+02;1.9406626e-01;1.6750000e+02;1.4897393e-01;1.6750000e+02;9.8204285e-02;1.6750000e+02;5.5056818e-02;1.6750000e+02;6.1522350e-03;1.6750000e+02;-3.6926311e-02;1.6750000e+02;-7.9781607e-02;1.6750000e+02;-1.2643842e-01;1.6750000e+02;-5.5182628e-02;1.6750000e+02;-1.3632225e-02;1.6750000e+02;4.7067601e-02;1.6750000e+02;1.2733229e-01;1.6750000e+02;2.1009150e-01;1.6750000e+02;2.6728457e-01;1.6750000e+02;3.0254814e-01;1.6750000e+02;2.9216126e-01;1.6750000e+02;2.3979014e-01;1.6750000e+02;2.2452398e-01;1.6750000e+02;1.9406626e-01;1.6750000e+02;1.4897393e-01;1.6750000e+02;9.8204285e-02;1.6750000e+02;5.5056818e-02;1.6750000e+02;6.1522350e-03;1.6750000e+02;-3.6926311e-02;1.6750000e+02;-7.9781607e-02;1.6750000e+02;-1.2643842e-01;1.6750000e+02;-5.5182628e-02;1.6750000e+02;-1.3632225e-02;1.6750000e+02;4.7067601e-02;1.6750000e+02;1.2733229e-01;1.6750000e+02;2.1009150e-01;1.6750000e+02;2.6728457e-01;1.6750000e+02;3.0254814e-01;1.6750000e+02;2.9216126e-01;1.6750000e+02;2.3979014e-01;1.6750000e+02;2.2452398e-01;1.6750000e+02;1.9406626e-01;1.6750000e+02;1.4897393e-01;1.6750000e+02;9.8204285e-02;1.6750000e+02;5.5056818e-02;1.6750000e+02;6.1522350e-03;1.6750000e+02;-3.6926311e-02;1.6750000e+02;-7.9781607e-02;1.6750000e+02;-1.2643842e-01;1.6750000e+02;-5.5182628e-02;1.6750000e+02;-1.3632225e-02;1.6750000e+02;4.7067601e-02;1.6750000e+02;1.2733229e-01;1.6750000e+02;2.1009150e-01;1.6750000e+02;2.6728457e-01;1.6750000e+02;3.0254814e-01;1.6750000e+02;2.9216126e-01;1.6750000e+02;2.3979014e-01;1.6750000e+02;2.2452398e-01;1.6750000e+02;1.9406626e-01;1.6750000e+02;1.4897393e-01;1.6750000e+02;9.8204285e-02;1.6750000e+02;5.5056818e-02;1.6750000e+02;6.1522350e-03;1.6750000e+02;-3.6926311e-02;1.6750000e+02;-7.9781607e-02;1.6750000e+02;-1.2643842e-01;1.6750000e+02;-5.5182628e-02;1.6750000e+02;-1.3632225e-02;1.6750000e+02;4.7067601e-02;1.6750000e+02;1.2733229e-01;1.6750000e+02;2.1009150e-01;1.6750000e+02;2.6728457e-01;1.6750000e+02;3.0254814e-01;1.6750000e+02;2.9216126e-01;1.6750000e+02;2.3979014e-01;1.6750000e+02;2.2452398e-01;1.6750000e+02;1.9406626e-01;1.6750000e+02;1.4897393e-01;1.6750000e+02;9.8204285e-02;1.6750000e+02;5.5056818e-02;1.6750000e+02;6.1522350e-03;1.6750000e+02;-3.6926311e-02;1.6750000e+02;-7.9781607e-02;1.6750000e+02;-1.2643842e-01;1.6750000e+02;-5.5182628e-02;1.6750000e+02;-1.3632225e-02;1.6750000e+02;4.7067601e-02;1.6750000e+02;1.2733229e-01;1.6750000e+02;2.1009150e-01;1.6750000e+02;2.6728457e-01;1.6750000e+02;3.0254814e-01;1.6750000e+02;2.9216126e-01;1.6750000e+02;2.3979014e-01;1.6750000e+02;2.2452398e-01;1.6750000e+02;1.9406626e-01;1.6750000e+02;1.4897393e-01;1.6750000e+02;9.8204285e-02;1.6750000e+02;5.5056818e-02;1.6750000e+02;6.1522350e-03;1.6750000e+02;-3.6926311e-02;1.6750000e+02;-7.9781607e-02;1.6750000e+02;-1.2643842e-01;1.6750000e+02;-5.5182628e-02;1.6750000e+02;-1.3632225e-02;1.6750000e+02;4.7067601e-02;1.6750000e+02;1.2733229e-01;1.6750000e+02;2.1009150e-01;1.6750000e+02;2.6728457e-01;1.6750000e+02;3.0254814e-01;1.6750000e+02;2.9216126e-01;1.6750000e+02;2.3979014e-01;1.6750000e+02;2.2452398e-01;1.6750000e+02;1.9406626e-01;1.6750000e+02;1.4897393e-01;1.6750000e+02;9.8204285e-02;1.6750000e+02;5.5056818e-02;1.6750000e+02;6.1522350e-03;1.6750000e+02;-3.6926311e-02;1.6750000e+02;-7.9781607e-02;1.6750000e+02;-1.2643842e-01;1.6750000e+02;-5.5182628e-02;1.6750000e+02;-1.3632225e-02;1.6750000e+02;4.7067601e-02;1.6750000e+02;1.2733229e-01;1.6750000e+02;2.1009150e-01;1.6750000e+02;2.6728457e-01;1.6750000e+02;3.0254814e-01;1.6750000e+02;2.9216126e-01;1.6750000e+02;2.3979014e-01;1.6750000e+02;2.2452398e-01;1.6750000e+02;1.9406626e-01;1.6750000e+02;1.4897393e-01;1.6750000e+02;9.8204285e-02;1.6750000e+02;5.5056818e-02;1.6750000e+02;6.1522350e-03;1.6750000e+02;-3.6926311e-02;1.6750000e+02;-7.9781607e-02;1.6750000e+02;-1.2643842e-01;1.6750000e+02;-5.5182628e-02;1.6750000e+02;-1.3632225e-02;1.6750000e+02;4.7067601e-02;1.6750000e+02;1.2733229e-01;1.6750000e+02;2.1009150e-01;1.6750000e+02;2.6728457e-01;1.6750000e+02;3.0254814e-01;1.6750000e+02;2.9216126e-01;1.6750000e+02;2.3979014e-01;1.6750000e+02;2.2452398e-01;1.6750000e+02;1.9406626e-01;1.6750000e+02;1.4897393e-01;1.6750000e+02;9.8204285e-02;1.6750000e+02;5.5056818e-02;1.6750000e+02;6.1522350e-03;1.6750000e+02;-3.6926311e-02;1.6750000e+02;-7.9781607e-02;1.6750000e+02;-1.2643842e-01;1.6750000e+02;-5.5182628e-02;1.6750000e+02;-1.3632225e-02;1.6750000e+02;4.7067601e-02;1.6750000e+02;1.2733229e-01;1.6750000e+02;2.1009150e-01;1.6750000e+02;2.6728457e-01;1.6750000e+02;3.0254814e-01;1.6750000e+02;2.9216126e-01;1.6750000e+02;2.3979014e-01;1.6750000e+02;2.2452398e-01;1.6750000e+02;1.9406626e-01;1.6750000e+02;1.4897393e-01;1.6750000e+02;9.8204285e-02;1.6750000e+02;5.5056818e-02;1.6750000e+02;6.1522350e-03;1.6750000e+02;-3.6926311e-02;1.6750000e+02;-7.9781607e-02;1.6750000e+02;-1.2643842e-01;1.6750000e+02;-5.5182628e-02;1.6750000e+02;-1.3632225e-02;1.6750000e+02;4.7067601e-02;1.6750000e+02;1.2733229e-01;1.6750000e+02;2.1009150e-01;1.6750000e+02;2.6728457e-01;1.6750000e+02;3.0254814e-01;1.6750000e+02;2.9216126e-01;1.6750000e+02;2.3979014e-01;1.6750000e+02;2.2452398e-01;1.6750000e+02;1.9406626e-01;1.6750000e+02;1.4897393e-01;1.6750000e+02;9.8204285e-02;1.6750000e+02;5.5056818e-02;1.6750000e+02;6.1522350e-03;1.6750000e+02;-3.6926311e-02;1.6750000e+02;-7.9781607e-02;1.6750000e+02;-1.2643842e-01;1.6750000e+02;-5.5182628e-02;1.6750000e+02;-1.3632225e-02;1.6750000e+02;4.7067601e-02;1.6750000e+02;1.2733229e-01;1.6750000e+02;2.1009150e-01;1.6750000e+02;2.6728457e-01;1.6750000e+02;3.0254814e-01;1.6750000e+02;2.9216126e-01;1.6750000e+02;2.3979014e-01;1.6750000e+02;2.2452398e-01;1.6750000e+02;1.9406626e-01;1.6750000e+02;1.4897393e-01;1.6750000e+02;9.8204285e-02;1.6750000e+02;5.5056818e-02;1.6750000e+02;6.1522350e-03;1.6750000e+02;-3.6926311e-02;1.6750000e+02;-7.9781607e-02;1.6750000e+02;-1.2643842e-01;1.6750000e+02;-5.5182628e-02;1.6750000e+02;-1.3632225e-02;1.6750000e+02;4.7067601e-02;1.6750000e+02;1.2733229e-01;1.6750000e+02;2.1009150e-01;1.6750000e+02;2.6728457e-01;1.6750000e+02;3.0254814e-01;1.6750000e+02;2.9216126e-01;1.6750000e+02;2.3979014e-01;1.6750000e+02;2.2452398e-01;1.6750000e+02;1.9406626e-01;1.6750000e+02;1.4897393e-01;1.6750000e+02;9.8204285e-02;1.6750000e+02;5.5056818e-02;1.6750000e+02;6.1522350e-03;1.6750000e+02;-3.6926311e-02;1.6750000e+02;-7.9781607e-02;1.6750000e+02;-1.2643842e-01;1.6750000e+02;-5.5182628e-02;1.6750000e+02;-1.3632225e-02;1.6750000e+02;4.7067601e-02;1.6750000e+02;1.2733229e-01;1.6750000e+02;2.1009150e-01;1.6750000e+02;2.6728457e-01;1.6750000e+02;3.0254814e-01;1.6750000e+02;2.9216126e-01;1.6750000e+02;2.3979014e-01;1.6750000e+02;2.2452398e-01;1.6750000e+02;1.9406626e-01;1.6750000e+02;1.4897393e-01;1.6750000e+02;9.8204285e-02;1.6750000e+02;5.5056818e-02;1.6750000e+02;6.1522350e-03;1.6750000e+02;-3.6926311e-02;1.6750000e+02;-7.9781607e-02;1.6750000e+02;-1.2643842e-01;1.6750000e+02;-5.5182628e-02;1.6750000e+02;-1.3632225e-02;1.6750000e+02;4.7067601e-02;1.6750000e+02;1.2733229e-01;1.6750000e+02;2.1009150e-01;1.6750000e+02;2.6728457e-01;1.6750000e+02;3.0254814e-01;1.6750000e+02;2.9216126e-01;1.6750000e+02;2.3979014e-01;1.6750000e+02;2.2452398e-01;1.6750000e+02;1.9406626e-01;1.6750000e+02;1.4897393e-01;1.6750000e+02;9.8204285e-02;1.6750000e+02;5.5056818e-02;1.6750000e+02;6.1522350e-03;1.6750000e+02;-3.6926311e-02;1.6750000e+02;-7.9781607e-02;1.6750000e+02;-1.2643842e-01;1.6750000e+02;-5.5182628e-02;1.6750000e+02;-1.3632225e-02;1.6750000e+02;4.7067601e-02;1.6750000e+02;1.2733229e-01;1.6750000e+02;2.1009150e-01;1.6750000e+02;2.6728457e-01;1.6750000e+02;3.0254814e-01;1.6750000e+02;2.9216126e-01;1.6750000e+02;2.3979014e-01;1.6750000e+02;2.2452398e-01;1.6750000e+02;1.9406626e-01;1.6750000e+02;1.4897393e-01;1.6750000e+02;9.8204285e-02;1.6750000e+02;5.5056818e-02;1.6750000e+02;6.1522350e-03;1.6750000e+02;-3.6926311e-02;1.6750000e+02;-7.9781607e-02;1.6750000e+02;-1.2643842e-01;1.6750000e+02;-5.5182628e-02;1.6750000e+02;-1.3632225e-02;1.6750000e+02;4.7067601e-02;1.6750000e+02;1.2733229e-01;1.6750000e+02;2.1009150e-01;1.6750000e+02;2.6728457e-01;1.6750000e+02;3.0254814e-01;1.6750000e+02;2.9216126e-01;1.6750000e+02;2.3979014e-01;1.6750000e+02;2.2452398e-01;1.6750000e+02;1.9406626e-01;1.6750000e+02;1.4897393e-01;1.6750000e+02;9.8204285e-02;1.6750000e+02;5.5056818e-02;1.6750000e+02;6.1522350e-03;1.6750000e+02;-3.6926311e-02;1.6750000e+02;-7.9781607e-02;1.6750000e+02;-1.2643842e-01;1.6750000e+02;-5.5182628e-02;1.6750000e+02;-1.3632225e-02;1.6750000e+02;4.7067601e-02;1.6750000e+02;1.2733229e-01;1.6750000e+02;2.1009150e-01;1.6750000e+02;2.6728457e-01;1.6750000e+02;3.0254814e-01;1.6750000e+02;2.9216126e-01;1.6750000e+02;2.3979014e-01;1.6750000e+02;2.2452398e-01;1.6750000e+02;1.9406626e-01;1.6750000e+02;1.4897393e-01;1.6750000e+02;9.8204285e-02;1.6750000e+02;5.5056818e-02;1.6750000e+02;6.1522350e-03;1.6750000e+02;-3.6926311e-02;1.6750000e+02;-7.9781607e-02;1.6750000e+02;-1.2643842e-01;1.6750000e+02;-5.5182628e-02;1.6750000e+02;-1.3632225e-02;1.6750000e+02;4.7067601e-02;1.6750000e+02;1.2733229e-01;1.6750000e+02;2.1009150e-01;1.6750000e+02;2.6728457e-01;1.6750000e+02;3.0254814e-01;1.6750000e+02;2.9216126e-01;1.6750000e+02;2.3979014e-01;1.6750000e+02;2.2452398e-01;1.6750000e+02;1.9406626e-01;1.6750000e+02;1.4897393e-01;1.6750000e+02;9.8204285e-02;1.6750000e+02;5.5056818e-02;1.6750000e+02;6.1522350e-03;1.6750000e+02;-3.6926311e-02;1.6750000e+02;-7.9781607e-02;1.6750000e+02;-1.2643842e-01;1.6750000e+02;-5.5182628e-02;1.6750000e+02;-1.3632225e-02;1.6750000e+02;4.7067601e-02;1.6750000e+02;1.2733229e-01;1.6750000e+02;2.1009150e-01;1.6750000e+02;2.6728457e-01;1.6750000e+02;3.0254814e-01;1.6750000e+02;2.9216126e-01;1.6750000e+02;2.3979014e-01;1.6750000e+02;2.2452398e-01;1.6750000e+02;1.9406626e-01;1.6750000e+02;1.4897393e-01;1.6750000e+02;9.8204285e-02;1.6750000e+02;5.5056818e-02;1.6750000e+02;6.1522350e-03;1.6750000e+02;-3.6926311e-02;1.6750000e+02;-7.9781607e-02;1.6750000e+02;-1.2643842e-01;1.6750000e+02;-5.5182628e-02;1.6750000e+02;-1.3632225e-02;1.6750000e+02;4.7067601e-02;1.6750000e+02;1.2733229e-01;1.6750000e+02;2.1009150e-01;1.6750000e+02;2.6728457e-01;1.6750000e+02;3.0254814e-01;1.6750000e+02;2.9216126e-01;1.6750000e+02;2.3979014e-01;1.6750000e+02;2.2452398e-01;1.6750000e+02;1.9406626e-01;1.6750000e+02;1.4897393e-01;1.6750000e+02;9.8204285e-02;1.6750000e+02;5.5056818e-02;1.6750000e+02;6.1522350e-03;1.6750000e+02;-3.6926311e-02;1.6750000e+02;-7.9781607e-02;1.6750000e+02;-1.2643842e-01;1.6750000e+02;-5.5182628e-02;1.6750000e+02;-1.3632225e-02;1.6750000e+02;4.7067601e-02;1.6750000e+02;1.2733229e-01;1.6750000e+02;2.1009150e-01;1.6750000e+02;2.6728457e-01;1.6750000e+02;3.0254814e-01;1.6750000e+02;2.9216126e-01;1.6750000e+02;2.3979014e-01;1.6750000e+02;2.2452398e-01;1.6750000e+02;1.9406626e-01;1.6750000e+02;1.4897393e-01;1.6750000e+02;9.8204285e-02;1.6750000e+02;5.5056818e-02;1.6750000e+02;6.1522350e-03;1.6750000e+02;-3.6926311e-02;1.6750000e+02;-7.9781607e-02;1.6750000e+02;-1.2643842e-01;1.6750000e+02;-5.5182628e-02;1.6750000e+02;-1.3632225e-02;1.6750000e+02;4.7067601e-02;1.6750000e+02;1.2733229e-01;1.6750000e+02;2.1009150e-01;1.6750000e+02;2.6728457e-01;1.6750000e+02;3.0254814e-01;1.6750000e+02;2.9216126e-01;1.6750000e+02;2.3979014e-01;1.6750000e+02;2.2452398e-01;1.6750000e+02;1.9406626e-01;1.6750000e+02;1.4897393e-01;1.6750000e+02;9.8204285e-02;1.6750000e+02;5.5056818e-02;1.6750000e+02;6.1522350e-03;1.6750000e+02;-3.6926311e-02;1.6750000e+02;-7.9781607e-02;1.6750000e+02;-1.2643842e-01;1.6750000e+02;-5.5182628e-02;1.6750000e+02;-1.3632225e-02;1.6750000e+02;4.7067601e-02;1.6750000e+02;1.2733229e-01;1.6750000e+02;2.1009150e-01;1.6750000e+02;2.6728457e-01;1.6750000e+02;3.0254814e-01;1.6750000e+02;2.9216126e-01;1.6750000e+02;2.3979014e-01;1.6750000e+02;2.2452398e-01;1.6750000e+02;1.9406626e-01;1.6750000e+02;1.4897393e-01;1.6750000e+02;9.8204285e-02;1.6750000e+02;5.5056818e-02;1.6750000e+02;6.1522350e-03;1.6750000e+02;-3.6926311e-02;1.6750000e+02;-7.9781607e-02;1.6750000e+02;-1.2643842e-01;1.6750000e+02;-5.5182628e-02;1.6750000e+02;-1.3632225e-02;1.6750000e+02;4.7067601e-02;1.6750000e+02;1.2733229e-01;1.6750000e+02;2.1009150e-01;1.6750000e+02;2.6728457e-01;1.6750000e+02;3.0254814e-01;1.6750000e+02;2.9216126e-01;1.6750000e+02;2.3979014e-01;1.6750000e+02;2.2452398e-01;1.6750000e+02;1.9406626e-01;1.6750000e+02;1.4897393e-01;1.6750000e+02;9.8204285e-02;1.6750000e+02;5.5056818e-02;1.6750000e+02;6.1522350e-03;1.6750000e+02;-3.6926311e-02;1.6750000e+02;-7.9781607e-02;1.6750000e+02;-1.2643842e-01;1.6750000e+02;-5.5182628e-02;1.6750000e+02;-1.3632225e-02;1.6750000e+02;4.7067601e-02;1.6750000e+02;1.2733229e-01;1.6750000e+02;2.1009150e-01;1.6750000e+02;2.6728457e-01;1.6750000e+02;3.0254814e-01;1.6750000e+02;2.9216126e-01;1.6750000e+02;2.3979014e-01;1.6750000e+02;2.2452398e-01;1.6750000e+02;1.9406626e-01;1.6750000e+02;1.4897393e-01;1.6750000e+02;9.8204285e-02;1.6750000e+02;5.5056818e-02;1.6750000e+02;6.1522350e-03;1.6750000e+02;-3.6926311e-02;1.6750000e+02;-7.9781607e-02;1.6750000e+02;-1.2643842e-01;1.6750000e+02;-5.5182628e-02;1.6750000e+02;-1.3632225e-02;1.6750000e+02;4.7067601e-02;1.6750000e+02;1.2733229e-01;1.6750000e+02;2.1009150e-01;1.6750000e+02;2.6728457e-01;1.6750000e+02;3.0254814e-01;1.6750000e+02;2.9216126e-01;1.6750000e+02;2.3979014e-01;1.6750000e+02;2.2452398e-01;1.6750000e+02;1.9406626e-01;1.6750000e+02;1.4897393e-01;1.6750000e+02;9.8204285e-02;1.6750000e+02;5.5056818e-02;1.6750000e+02;6.1522350e-03;1.6750000e+02;-3.6926311e-02;1.6750000e+02;-7.9781607e-02;1.6750000e+02;-1.2643842e-01;1.6750000e+02;-5.5182628e-02;1.6750000e+02;-1.3632225e-02;1.6750000e+02;4.7067601e-02;1.6750000e+02;1.2733229e-01;1.6750000e+02;2.1009150e-01;1.6750000e+02;2.6728457e-01;1.6750000e+02;3.0254814e-01;1.6750000e+02;2.9216126e-01;1.6750000e+02;2.3979014e-01;1.6750000e+02;2.2452398e-01;1.6750000e+02;1.9406626e-01;1.6750000e+02;1.4897393e-01;1.6750000e+02;9.8204285e-02;1.6750000e+02;5.5056818e-02;1.6750000e+02;6.1522350e-03;1.6750000e+02;-3.6926311e-02;1.6750000e+02;-7.9781607e-02;1.6750000e+02;-1.2643842e-01;1.6750000e+02;-5.5182628e-02;1.6750000e+02;-1.3632225e-02;1.6750000e+02;4.7067601e-02;1.6750000e+02;1.2733229e-01;1.6750000e+02;2.1009150e-01;1.6750000e+02;2.6728457e-01;1.6750000e+02;3.0254814e-01;1.6750000e+02;2.9216126e-01;1.6750000e+02;2.3979014e-01;1.6750000e+02;2.2452398e-01;1.6750000e+02;1.9406626e-01;1.6750000e+02;1.4897393e-01;1.6750000e+02;9.8204285e-02;1.6750000e+02;5.5056818e-02;1.6750000e+02;6.1522350e-03;1.6750000e+02;-3.6926311e-02;1.6750000e+02;-7.9781607e-02;1.6750000e+02;-1.2643842e-01;1.6750000e+02;-5.5182628e-02;1.6750000e+02;-1.3632225e-02;1.6750000e+02;4.7067601e-02;1.6750000e+02;1.2733229e-01;1.6750000e+02;2.1009150e-01;1.6750000e+02;2.6728457e-01;1.6750000e+02;3.0254814e-01;1.6750000e+02;2.9216126e-01;1.6750000e+02;2.3979014e-01;1.6750000e+02;2.2452398e-01;1.6750000e+02;1.9406626e-01;1.6750000e+02;1.4897393e-01;1.6750000e+02;9.8204285e-02;1.6750000e+02;5.5056818e-02;1.6750000e+02;6.1522350e-03;1.6750000e+02;-3.6926311e-02;1.6750000e+02;-7.9781607e-02;1.6750000e+02;-1.2643842e-01;1.6750000e+02;-5.5182628e-02;1.6750000e+02;-1.3632225e-02;1.6750000e+02;4.7067601e-02;1.6750000e+02;1.2733229e-01;1.6750000e+02;2.1009150e-01;1.6750000e+02;2.6728457e-01;1.6750000e+02;3.0254814e-01;1.6750000e+02;2.9216126e-01;1.6750000e+02;2.3979014e-01;1.6750000e+02;2.2452398e-01;1.6750000e+02;1.9406626e-01;1.6750000e+02;1.4897393e-01;1.6750000e+02;9.8204285e-02;1.6750000e+02;5.5056818e-02;1.6750000e+02;6.1522350e-03;1.6750000e+02;-3.6926311e-02;1.6750000e+02;-7.9781607e-02;1.6750000e+02;-1.2643842e-01;1.6750000e+02;-5.5182628e-02;1.6750000e+02;-1.3632225e-02;1.6750000e+02;4.7067601e-02;1.6750000e+02;1.2733229e-01;1.6750000e+02;2.1009150e-01;1.6750000e+02;2.6728457e-01;1.6750000e+02;3.0254814e-01;1.6750000e+02;2.9216126e-01;1.6750000e+02;2.3979014e-01;1.6750000e+02;2.2452398e-01;1.6750000e+02;1.9406626e-01;1.6750000e+02;1.4897393e-01;1.6750000e+02;9.8204285e-02;1.6750000e+02;5.5056818e-02;1.6750000e+02;6.1522350e-03;1.6750000e+02;-3.6926311e-02;1.6750000e+02;-7.9781607e-02;1.6750000e+02;-1.2643842e-01;1.6750000e+02;-5.5182628e-02;1.6750000e+02;-1.3632225e-02;1.6750000e+02;4.7067601e-02;1.6750000e+02;1.2733229e-01;1.6750000e+02;2.1009150e-01;1.6750000e+02;2.6728457e-01;1.6750000e+02;3.0254814e-01;1.6750000e+02;2.9216126e-01;1.6750000e+02;2.3979014e-01;1.6750000e+02;2.2452398e-01;1.6750000e+02;1.9406626e-01;1.6750000e+02;1.4897393e-01;1.6750000e+02;9.8204285e-02;1.6750000e+02;5.5056818e-02;1.6750000e+02;6.1522350e-03;1.6750000e+02;-3.6926311e-02;1.6750000e+02;-7.9781607e-02;1.6750000e+02;-1.2643842e-01;1.6750000e+02;-5.5182628e-02;1.6750000e+02;-1.3632225e-02;1.6750000e+02;4.7067601e-02;1.6750000e+02;1.2733229e-01;1.6750000e+02;2.1009150e-01;1.6750000e+02;2.6728457e-01;1.6750000e+02;3.0254814e-01;1.6750000e+02;2.9216126e-01;1.6750000e+02;2.3979014e-01;1.6750000e+02;2.2452398e-01;1.6750000e+02;1.9406626e-01;1.6750000e+02;1.4897393e-01;1.6750000e+02;9.8204285e-02;1.6750000e+02;5.5056818e-02;1.6750000e+02;6.1522350e-03;1.6750000e+02;-3.6926311e-02;1.6750000e+02;-7.9781607e-02;1.6750000e+02;-1.2643842e-01;1.6750000e+02;-5.5182628e-02;1.6750000e+02;-1.3632225e-02;1.6750000e+02;4.7067601e-02;1.6750000e+02;1.2733229e-01;1.6750000e+02;2.1009150e-01;1.6750000e+02;2.6728457e-01;1.6750000e+02;3.0254814e-01;1.6750000e+02;2.9216126e-01;1.6750000e+02;2.3979014e-01;1.6750000e+02;2.2452398e-01;1.6750000e+02;1.9406626e-01;1.6750000e+02;1.4897393e-01;1.6750000e+02;9.8204285e-02;1.6750000e+02;5.5056818e-02;1.6750000e+02;6.1522350e-03;1.6750000e+02;-3.6926311e-02;1.6750000e+02;-7.9781607e-02;1.6750000e+02;-1.2643842e-01;1.6750000e+02;-5.5182628e-02;1.6750000e+02;-1.3632225e-02;1.6750000e+02;4.7067601e-02;1.6750000e+02;1.2733229e-01;1.6750000e+02;2.1009150e-01;1.6750000e+02;2.6728457e-01;1.6750000e+02;3.0254814e-01;1.6750000e+02;2.9216126e-01;1.6750000e+02;2.3979014e-01;1.6750000e+02;2.2452398e-01;1.6750000e+02;1.9406626e-01;1.6750000e+02;1.4897393e-01;1.6750000e+02;9.8204285e-02;1.6750000e+02;5.5056818e-02;1.6750000e+02;6.1522350e-03;1.6750000e+02;-3.6926311e-02;1.6750000e+02;-7.9781607e-02;1.6750000e+02;-1.2643842e-01;1.6750000e+02;-5.5182628e-02;1.6750000e+02;-1.3632225e-02;1.6750000e+02;4.7067601e-02;1.6750000e+02;1.2733229e-01;1.6750000e+02;2.1009150e-01;1.6750000e+02;2.6728457e-01;1.6750000e+02;3.0254814e-01;1.6750000e+02;2.9216126e-01;1.6750000e+02;2.3979014e-01;1.6750000e+02;2.2452398e-01;1.6750000e+02;1.9406626e-01;1.6750000e+02;1.4897393e-01;1.6750000e+02;9.8204285e-02;1.6750000e+02;5.5056818e-02;1.6750000e+02;6.1522350e-03;1.6750000e+02;-3.6926311e-02;1.6750000e+02;-7.9781607e-02;1.6750000e+02;-1.2643842e-01;1.6750000e+02;-5.5182628e-02;1.6750000e+02;-1.3632225e-02;1.6750000e+02;4.7067601e-02;1.6750000e+02;1.2733229e-01;1.6750000e+02;2.1009150e-01;1.6750000e+02;2.6728457e-01;1.6750000e+02;3.0254814e-01;1.6750000e+02;2.9216126e-01;1.6750000e+02;2.3979014e-01;1.6750000e+02;2.2452398e-01;1.6750000e+02;1.9406626e-01;1.6750000e+02;1.4897393e-01;1.6750000e+02;9.8204285e-02;1.6750000e+02;5.5056818e-02;1.6750000e+02;6.1522350e-03;1.6750000e+02;-3.6926311e-02;1.6750000e+02;-7.9781607e-02;1.6750000e+02;-1.2643842e-01;1.6750000e+02;-5.5182628e-02;1.6750000e+02;-1.3632225e-02;1.6750000e+02;4.7067601e-02;1.6750000e+02;1.2733229e-01;1.6750000e+02;2.1009150e-01;1.6750000e+02;2.6728457e-01;1.6750000e+02;3.0254814e-01;1.6750000e+02;2.9216126e-01;1.6750000e+02;2.3979014e-01;1.6750000e+02;2.2452398e-01;1.6750000e+02;1.9406626e-01;1.6750000e+02;1.4897393e-01;1.6750000e+02;9.8204285e-02;1.6750000e+02;5.5056818e-02;1.6750000e+02;6.1522350e-03;1.6750000e+02;-3.6926311e-02;1.6750000e+02;-7.9781607e-02;1.6750000e+02;-1.2643842e-01;1.6750000e+02;-5.5182628e-02;1.6750000e+02;-1.3632225e-02;1.6750000e+02;4.7067601e-02;1.6750000e+02;1.2733229e-01;1.6750000e+02;2.1009150e-01;1.6750000e+02;2.6728457e-01;1.6750000e+02;3.0254814e-01;1.6750000e+02;2.9216126e-01;1.6750000e+02;2.3979014e-01;1.6750000e+02;2.2452398e-01;1.6750000e+02;1.9406626e-01;1.6750000e+02;1.4897393e-01;1.6750000e+02;9.8204285e-02;1.6750000e+02;5.5056818e-02;1.6750000e+02;6.1522350e-03;1.6750000e+02;-3.6926311e-02;1.6750000e+02;-7.9781607e-02;1.6750000e+02;-1.2643842e-01;1.6750000e+02;-5.5182628e-02;1.6750000e+02;-1.3632225e-02;1.6750000e+02;4.7067601e-02;1.6750000e+02;1.2733229e-01;1.6750000e+02;2.1009150e-01;1.6750000e+02;2.6728457e-01;1.6750000e+02;3.0254814e-01;1.6750000e+02;2.9216126e-01;1.6750000e+02;2.3979014e-01;1.6750000e+02;2.2452398e-01;1.6750000e+02;1.9406626e-01;1.6750000e+02;1.4897393e-01;1.6750000e+02;9.8204285e-02;1.6750000e+02;5.5056818e-02;1.6750000e+02;6.1522350e-03;1.6750000e+02;-3.6926311e-02;1.6750000e+02;-7.9781607e-02;1.6750000e+02;-1.2643842e-01;1.6750000e+02;-5.5182628e-02;1.6750000e+02;-1.3632225e-02;1.6750000e+02;4.7067601e-02;1.6750000e+02;1.2733229e-01;1.6750000e+02;2.1009150e-01;1.6750000e+02;2.6728457e-01;1.6750000e+02;3.0254814e-01;1.6750000e+02;2.9216126e-01;1.6750000e+02;2.3979014e-01;1.6750000e+02;2.2452398e-01;1.6750000e+02;1.9406626e-01;1.6750000e+02;1.4897393e-01;1.6750000e+02;9.8204285e-02;1.6750000e+02;5.5056818e-02;1.6750000e+02;6.1522350e-03;1.6750000e+02;-3.6926311e-02;1.6750000e+02;-7.9781607e-02;1.6750000e+02;-1.2643842e-01;1.6750000e+02;-5.5182628e-02;1.6750000e+02;-1.3632225e-02;1.6750000e+02;4.7067601e-02;1.6750000e+02;1.2733229e-01;1.6750000e+02;2.1009150e-01;1.6750000e+02;2.6728457e-01;1.6750000e+02;3.0254814e-01;1.6750000e+02;2.9216126e-01;1.6750000e+02;2.3979014e-01;1.6750000e+02;2.2452398e-01;1.6750000e+02;1.9406626e-01;1.6750000e+02;1.4897393e-01;1.6750000e+02;9.8204285e-02;1.6750000e+02;5.5056818e-02;1.6750000e+02;6.1522350e-03;1.6750000e+02;-3.6926311e-02;1.6750000e+02;-7.9781607e-02;1.6750000e+02;-1.2643842e-01;1.6750000e+02;-5.5182628e-02;1.6750000e+02;-1.3632225e-02;1.6750000e+02;4.7067601e-02;1.6750000e+02;1.2733229e-01;1.6750000e+02;2.1009150e-01;1.6750000e+02;2.6728457e-01;1.6750000e+02;3.0254814e-01;1.6750000e+02;2.9216126e-01;1.6750000e+02;2.3979014e-01;1.6750000e+02;2.2452398e-01;1.6750000e+02;1.9406626e-01;1.6750000e+02;1.4897393e-01;1.6750000e+02;9.8204285e-02;1.6750000e+02;5.5056818e-02;1.6750000e+02;6.1522350e-03;1.6750000e+02;-3.6926311e-02;1.6750000e+02;-7.9781607e-02;1.6750000e+02;-1.2643842e-01;1.6750000e+02;-5.5182628e-02;1.6750000e+02;-1.3632225e-02;1.6750000e+02;4.7067601e-02;1.6750000e+02;1.2733229e-01;1.6750000e+02;2.1009150e-01;1.6750000e+02;2.6728457e-01;1.6750000e+02;3.0254814e-01;1.6750000e+02;2.9216126e-01;1.6750000e+02;2.3979014e-01;1.6750000e+02;2.2452398e-01;1.6750000e+02;1.9406626e-01;1.6750000e+02;1.4897393e-01;1.6750000e+02;9.8204285e-02;1.6750000e+02;5.5056818e-02;1.6750000e+02;6.1522350e-03;1.6750000e+02;-3.6926311e-02;1.6750000e+02;-7.9781607e-02;1.6750000e+02;-1.2643842e-01;1.6750000e+02;-5.5182628e-02;1.6750000e+02;-1.3632225e-02;1.6750000e+02;4.7067601e-02;1.6750000e+02;1.2733229e-01;1.6750000e+02;2.1009150e-01;1.6750000e+02;2.6728457e-01;1.6750000e+02;3.0254814e-01;1.6750000e+02;2.9216126e-01;1.6750000e+02;2.3979014e-01;1.6750000e+02;2.2452398e-01;1.6750000e+02;1.9406626e-01;1.6750000e+02;1.4897393e-01;1.6750000e+02;9.8204285e-02;1.6750000e+02;5.5056818e-02;1.6750000e+02;6.1522350e-03;1.6750000e+02;-3.6926311e-02;1.6750000e+02;-7.9781607e-02;1.6750000e+02;-1.2643842e-01;1.6750000e+02;-5.5182628e-02;1.6750000e+02;-1.3632225e-02;1.6750000e+02;4.7067601e-02;1.6750000e+02;1.2733229e-01;1.6750000e+02;2.1009150e-01;1.6750000e+02;2.6728457e-01;1.6750000e+02;3.0254814e-01;1.6750000e+02;2.9216126e-01;1.6750000e+02;2.3979014e-01;1.6750000e+02;2.2452398e-01;1.6750000e+02;1.9406626e-01;1.6750000e+02;1.4897393e-01;1.6750000e+02;9.8204285e-02;1.6750000e+02;5.5056818e-02;1.6750000e+02;6.1522350e-03;1.6750000e+02;-3.6926311e-02;1.6750000e+02;-7.9781607e-02;1.6750000e+02;-1.2643842e-01;1.6750000e+02;-5.5182628e-02;1.6750000e+02;-1.3632225e-02;1.6750000e+02;4.7067601e-02;1.6750000e+02;1.2733229e-01;1.6750000e+02;2.1009150e-01;1.6750000e+02;2.6728457e-01;1.6750000e+02;3.0254814e-01;1.6750000e+02;2.9216126e-01;1.6750000e+02;2.3979014e-01;1.6750000e+02;2.2452398e-01;1.6750000e+02;1.9406626e-01;1.6750000e+02;1.4897393e-01;1.6750000e+02;9.8204285e-02;1.6750000e+02;5.5056818e-02;1.6750000e+02;6.1522350e-03;1.6750000e+02;-3.6926311e-02;1.6750000e+02;-7.9781607e-02;1.6750000e+02;-1.2643842e-01;1.6750000e+02;-5.5182628e-02;1.6750000e+02;-1.3632225e-02;1.6750000e+02;4.7067601e-02;1.6750000e+02;1.2733229e-01;1.6750000e+02;2.1009150e-01;1.6750000e+02;2.6728457e-01;1.6750000e+02;3.0254814e-01;1.6750000e+02;2.9216126e-01;1.6750000e+02;2.3979014e-01;1.6750000e+02;2.2452398e-01;1.6750000e+02;1.9406626e-01;1.6750000e+02;1.4897393e-01;1.6750000e+02;9.8204285e-02;1.6750000e+02;5.5056818e-02;1.6750000e+02;6.1522350e-03;1.6750000e+02;-3.6926311e-02;1.6750000e+02;-7.9781607e-02;1.6750000e+02;-1.2643842e-01;1.6750000e+02;-5.5182628e-02;1.6750000e+02;-1.3632225e-02;1.6750000e+02;4.7067601e-02;1.6750000e+02;1.2733229e-01;1.6750000e+02;2.1009150e-01;1.6750000e+02;2.6728457e-01;1.6750000e+02;3.0254814e-01;1.6750000e+02;2.9216126e-01;1.6750000e+02;2.3979014e-01;1.6750000e+02;2.2452398e-01;1.6750000e+02;1.9406626e-01;1.6750000e+02;1.4897393e-01;1.6750000e+02;9.8204285e-02;1.6750000e+02;5.5056818e-02;1.6750000e+02;6.1522350e-03;1.6750000e+02;-3.6926311e-02;1.6750000e+02;-7.9781607e-02;1.6750000e+02;-1.2643842e-01;1.6750000e+02;-5.5182628e-02;1.6750000e+02;-1.3632225e-02;1.6750000e+02;4.7067601e-02;1.6750000e+02;1.2733229e-01;1.6750000e+02;2.1009150e-01;1.6750000e+02;2.6728457e-01;1.6750000e+02;3.0254814e-01;1.6750000e+02;2.9216126e-01;1.6750000e+02;2.3979014e-01;1.6750000e+02;2.2452398e-01;1.6750000e+02;1.9406626e-01;1.6750000e+02;1.4897393e-01;1.6750000e+02;9.8204285e-02;1.6750000e+02;5.5056818e-02;1.6750000e+02;6.1522350e-03;1.6750000e+02;-3.6926311e-02;1.6750000e+02;-7.9781607e-02;1.6750000e+02;-1.2643842e-01;1.6750000e+02;-5.5182628e-02;1.6750000e+02;-1.3632225e-02;1.6750000e+02;4.7067601e-02;1.6750000e+02;1.2733229e-01;1.6750000e+02;2.1009150e-01;1.6750000e+02;2.6728457e-01;1.6750000e+02;3.0254814e-01;1.6750000e+02;2.9216126e-01;1.6750000e+02;2.3979014e-01;1.6750000e+02;2.2452398e-01;1.6750000e+02;1.9406626e-01;1.6750000e+02;1.4897393e-01;1.6750000e+02;9.8204285e-02;1.6750000e+02;5.5056818e-02;1.6750000e+02;6.1522350e-03;1.6750000e+02;-3.6926311e-02;1.6750000e+02;-7.9781607e-02;1.6750000e+02;-1.2643842e-01;1.6750000e+02;-5.5182628e-02;1.6750000e+02;-1.3632225e-02;1.6750000e+02;4.7067601e-02;1.6750000e+02;1.2733229e-01;1.6750000e+02;2.1009150e-01;1.6750000e+02;2.6728457e-01;1.6750000e+02;3.0254814e-01;1.6750000e+02;2.9216126e-01;1.6750000e+02;2.3979014e-01;1.6750000e+02;2.2452398e-01;1.6750000e+02;1.9406626e-01;1.6750000e+02;1.4897393e-01;1.6750000e+02;9.8204285e-02;1.6750000e+02;5.5056818e-02;1.6750000e+02;6.1522350e-03;1.6750000e+02;-3.6926311e-02;1.6750000e+02;-7.9781607e-02;1.6750000e+02;-1.2643842e-01;1.6750000e+02;-5.5182628e-02;1.6750000e+02;-1.3632225e-02;1.6750000e+02;4.7067601e-02;1.6750000e+02;1.2733229e-01;1.6750000e+02;2.1009150e-01;1.6750000e+02;2.6728457e-01;1.6750000e+02;3.0254814e-01;1.6750000e+02;2.9216126e-01;1.6750000e+02;2.3979014e-01;1.6750000e+02;2.2452398e-01;1.6750000e+02;1.9406626e-01;1.6750000e+02;1.4897393e-01;1.6750000e+02;9.8204285e-02;1.6750000e+02;5.5056818e-02;1.6750000e+02;6.1522350e-03;1.6750000e+02;-3.6926311e-02;1.6750000e+02;-7.9781607e-02;1.6750000e+02;-1.2643842e-01;1.6750000e+02;-5.5182628e-02;1.6750000e+02;-1.3632225e-02;1.6750000e+02;4.7067601e-02;1.6750000e+02;1.2733229e-01;1.6750000e+02;2.1009150e-01;1.6750000e+02;2.6728457e-01;1.6750000e+02;3.0254814e-01;1.6750000e+02;2.9216126e-01;1.6750000e+02;2.3979014e-01;1.6750000e+02;2.2452398e-01;1.6750000e+02;1.9406626e-01;1.6750000e+02;1.4897393e-01;1.6750000e+02;9.8204285e-02;1.6750000e+02;5.5056818e-02;1.6750000e+02;6.1522350e-03;1.6750000e+02;-3.6926311e-02;1.6750000e+02;-7.9781607e-02;1.6750000e+02;-1.2643842e-01;1.6750000e+02;-5.5182628e-02;1.6750000e+02;-1.3632225e-02;1.6750000e+02;4.7067601e-02;1.6750000e+02;1.2733229e-01;1.6750000e+02;2.1009150e-01;1.6750000e+02;2.6728457e-01;1.6750000e+02;3.0254814e-01;1.6750000e+02;2.9216126e-01;1.6750000e+02;2.3979014e-01;1.6750000e+02;2.2452398e-01;1.6750000e+02;1.9406626e-01;1.6750000e+02;1.4897393e-01;1.6750000e+02;9.8204285e-02;1.6750000e+02;5.5056818e-02;1.6750000e+02;6.1522350e-03;1.6750000e+02;-3.6926311e-02;1.6750000e+02;-7.9781607e-02;1.6750000e+02;-1.2643842e-01;1.6750000e+02;-5.5182628e-02;1.6750000e+02;-1.3632225e-02;1.6750000e+02;4.7067601e-02;1.6750000e+02;1.2733229e-01;1.6750000e+02;2.1009150e-01;1.6750000e+02;2.6728457e-01;1.6750000e+02;3.0254814e-01;1.6750000e+02;2.9216126e-01;1.6750000e+02;2.3979014e-01;1.6750000e+02;2.2452398e-01;1.6750000e+02;1.9406626e-01;1.6750000e+02;1.4897393e-01;1.6750000e+02;9.8204285e-02;1.6750000e+02;5.5056818e-02;1.6750000e+02;6.1522350e-03;1.6750000e+02;-3.6926311e-02;1.6750000e+02;-7.9781607e-02;1.6750000e+02;-1.2643842e-01;1.6750000e+02;-5.5182628e-02;1.6750000e+02;-1.3632225e-02;1.6750000e+02;4.7067601e-02;1.6750000e+02;1.2733229e-01;1.6750000e+02;2.1009150e-01;1.6750000e+02;2.6728457e-01;1.6750000e+02;3.0254814e-01;1.6750000e+02;2.9216126e-01;1.6750000e+02;2.3979014e-01;1.6750000e+02;2.2452398e-01;1.6750000e+02;1.9406626e-01;1.6750000e+02;1.4897393e-01;1.6750000e+02;9.8204285e-02;1.6750000e+02;5.5056818e-02;1.6750000e+02;6.1522350e-03;1.6750000e+02;-3.6926311e-02;1.6750000e+02;-7.9781607e-02;1.6750000e+02;-1.2643842e-01;1.6750000e+02;-5.5182628e-02;1.6750000e+02;-1.3632225e-02;1.6750000e+02;4.7067601e-02;1.6750000e+02;1.2733229e-01;1.6750000e+02;2.1009150e-01;1.6750000e+02;2.6728457e-01;1.6750000e+02;3.0254814e-01;1.6750000e+02;2.9216126e-01;1.6750000e+02;2.3979014e-01;1.6750000e+02;2.2452398e-01;1.6750000e+02;1.9406626e-01;1.6750000e+02;1.4897393e-01;1.6750000e+02;9.8204285e-02;1.6750000e+02;5.5056818e-02;1.6750000e+02;6.1522350e-03;1.6750000e+02;-3.6926311e-02;1.6750000e+02;-7.9781607e-02;1.6750000e+02;-1.2643842e-01;1.6750000e+02;-5.5182628e-02;1.6750000e+02;-1.3632225e-02;1.6750000e+02;4.7067601e-02;1.6750000e+02;1.2733229e-01;1.6750000e+02;2.1009150e-01;1.6750000e+02;2.6728457e-01;1.6750000e+02;3.0254814e-01;1.6750000e+02;2.9216126e-01;1.6750000e+02;2.3979014e-01;1.6750000e+02;2.2452398e-01;1.6750000e+02;1.9406626e-01;1.6750000e+02;1.4897393e-01;1.6750000e+02;9.8204285e-02;1.6750000e+02;5.5056818e-02;1.6750000e+02;6.1522350e-03;1.6750000e+02;-3.6926311e-02;1.6750000e+02;-7.9781607e-02;1.6750000e+02;-1.2643842e-01;1.6750000e+02;-5.5182628e-02;1.6750000e+02;-1.3632225e-02;1.6750000e+02;4.7067601e-02;1.6750000e+02;1.2733229e-01;1.6750000e+02;2.1009150e-01;1.6750000e+02;2.6728457e-01;1.6750000e+02;3.0254814e-01;1.6750000e+02;2.9216126e-01;1.6750000e+02;2.3979014e-01;1.6750000e+02;2.2452398e-01;1.6750000e+02;1.9406626e-01;1.6750000e+02;1.4897393e-01;1.6750000e+02;9.8204285e-02;1.6750000e+02;5.5056818e-02;1.6750000e+02;6.1522350e-03;1.6750000e+02;-3.6926311e-02;1.6750000e+02;-7.9781607e-02;1.6750000e+02;-1.2643842e-01;1.6750000e+02;-5.5182628e-02;1.6750000e+02;-1.3632225e-02;1.6750000e+02;4.7067601e-02;1.6750000e+02;1.2733229e-01;1.6750000e+02;2.1009150e-01;1.6750000e+02;2.6728457e-01;1.6750000e+02;3.0254814e-01;1.6750000e+02;2.9216126e-01;1.6750000e+02;2.3979014e-01;1.6750000e+02;2.2452398e-01;1.6750000e+02;1.9406626e-01;1.6750000e+02;1.4897393e-01;1.6750000e+02;9.8204285e-02;1.6750000e+02;5.5056818e-02;1.6750000e+02;6.1522350e-03;1.6750000e+02;-3.6926311e-02;1.6750000e+02;-7.9781607e-02;1.6750000e+02;-1.2643842e-01;1.6750000e+02;-5.5182628e-02;1.6750000e+02;-1.3632225e-02;1.6750000e+02;4.7067601e-02;1.6750000e+02;1.2733229e-01;1.6750000e+02;2.1009150e-01;1.6750000e+02;2.6728457e-01;1.6750000e+02;3.0254814e-01;1.6750000e+02;2.9216126e-01;1.6750000e+02;2.3979014e-01;1.6750000e+02;2.2452398e-01;1.6750000e+02;1.9406626e-01;1.6750000e+02;1.4897393e-01;1.6750000e+02;9.8204285e-02;1.6750000e+02;5.5056818e-02;1.6750000e+02;6.1522350e-03;1.6750000e+02;-3.6926311e-02;1.6750000e+02;-7.9781607e-02;1.6750000e+02;-1.2643842e-01;1.6750000e+02;-5.5182628e-02;1.6750000e+02;-1.3632225e-02;1.6750000e+02;4.7067601e-02;1.6750000e+02;1.2733229e-01;1.6750000e+02;2.1009150e-01;1.6750000e+02;2.6728457e-01;1.6750000e+02;3.0254814e-01;1.6750000e+02;2.9216126e-01;1.6750000e+02;2.3979014e-01;1.6750000e+02;2.2452398e-01;1.6750000e+02;1.9406626e-01;1.6750000e+02;1.4897393e-01;1.6750000e+02;9.8204285e-02;1.6750000e+02;5.5056818e-02;1.6750000e+02;6.1522350e-03;1.6750000e+02;-3.6926311e-02;1.6750000e+02;-7.9781607e-02;1.6750000e+02;-1.2643842e-01;1.6750000e+02;-5.5182628e-02;1.6750000e+02;-1.3632225e-02;1.6750000e+02;4.7067601e-02;1.6750000e+02;1.2733229e-01;1.6750000e+02;2.1009150e-01;1.6750000e+02;2.6728457e-01;1.6750000e+02;3.0254814e-01;1.6750000e+02;2.9216126e-01;1.6750000e+02;2.3979014e-01;1.6750000e+02;2.2452398e-01;1.6750000e+02;1.9406626e-01;1.6750000e+02;1.4897393e-01;1.6750000e+02;9.8204285e-02;1.6750000e+02;5.5056818e-02;1.6750000e+02;6.1522350e-03;1.6750000e+02;-3.6926311e-02;1.6750000e+02;-7.9781607e-02;1.6750000e+02;-1.2643842e-01;1.6750000e+02;-5.5182628e-02;1.6750000e+02;-1.3632225e-02;1.6750000e+02;4.7067601e-02;1.6750000e+02;1.2733229e-01;1.6750000e+02;2.1009150e-01;1.6750000e+02;2.6728457e-01;1.6750000e+02;3.0254814e-01;1.6750000e+02;2.9216126e-01;1.6750000e+02;2.3979014e-01;1.6750000e+02;2.2452398e-01;1.6750000e+02;1.9406626e-01;1.6750000e+02;1.4897393e-01;1.6750000e+02;9.8204285e-02;1.6750000e+02;5.5056818e-02;1.6750000e+02;6.1522350e-03;1.6750000e+02;-3.6926311e-02;1.6750000e+02;-7.9781607e-02;1.6750000e+02;-1.2643842e-01;1.6750000e+02;-5.5182628e-02;1.6750000e+02;-1.3632225e-02;1.6750000e+02;4.7067601e-02;1.6750000e+02;1.2733229e-01;1.6750000e+02;2.1009150e-01;1.6750000e+02;2.6728457e-01;1.6750000e+02;3.0254814e-01;1.6750000e+02;2.9216126e-01;1.6750000e+02;2.3979014e-01;1.6750000e+02;2.2452398e-01;1.6750000e+02;1.9406626e-01;1.6750000e+02;1.4897393e-01;1.6750000e+02;9.8204285e-02;1.6750000e+02;5.5056818e-02;1.6750000e+02;6.1522350e-03;1.6750000e+02;-3.6926311e-02;1.6750000e+02;-7.9781607e-02;1.6750000e+02;-1.2643842e-01;1.6750000e+02;-5.5182628e-02;1.6750000e+02;-1.3632225e-02;1.6750000e+02;4.7067601e-02;1.6750000e+02;1.2733229e-01;1.6750000e+02;2.1009150e-01;1.6750000e+02;2.6728457e-01;1.6750000e+02;3.0254814e-01;1.6750000e+02;2.9216126e-01;1.6750000e+02;2.3979014e-01;1.6750000e+02;2.2452398e-01;1.6750000e+02;1.9406626e-01;1.6750000e+02;1.4897393e-01;1.6750000e+02;9.8204285e-02;1.6750000e+02;5.5056818e-02;1.6750000e+02;6.1522350e-03;1.6750000e+02;-3.6926311e-02;1.6750000e+02;-7.9781607e-02;1.6750000e+02;-1.2643842e-01;1.6750000e+02;-5.5182628e-02;1.6750000e+02;-1.3632225e-02;1.6750000e+02;4.7067601e-02;1.6750000e+02;1.2733229e-01;1.6750000e+02;2.1009150e-01;1.6750000e+02;2.6728457e-01;1.6750000e+02;3.0254814e-01;1.6750000e+02;2.9216126e-01;1.6750000e+02;2.3979014e-01;1.6750000e+02;2.2452398e-01;1.6750000e+02;1.9406626e-01;1.6750000e+02;1.4897393e-01;1.6750000e+02;9.8204285e-02;1.6750000e+02;5.5056818e-02;1.6750000e+02;6.1522350e-03;1.6750000e+02;-3.6926311e-02;1.6750000e+02;-7.9781607e-02;1.6750000e+02;-1.2643842e-01;1.6750000e+02;-5.5182628e-02;1.6750000e+02;-1.3632225e-02;1.6750000e+02;4.7067601e-02;1.6750000e+02;1.2733229e-01;1.6750000e+02;2.1009150e-01;1.6750000e+02;2.6728457e-01;1.6750000e+02;3.0254814e-01;1.6750000e+02;2.9216126e-01;1.6750000e+02;2.3979014e-01;1.6750000e+02;2.2452398e-01;1.6750000e+02;1.9406626e-01;1.6750000e+02;1.4897393e-01;1.6750000e+02;9.8204285e-02;1.6750000e+02;5.5056818e-02;1.6750000e+02;6.1522350e-03;1.6750000e+02;-3.6926311e-02;1.6750000e+02;-7.9781607e-02;1.6750000e+02;-1.2643842e-01;1.6750000e+02;-5.5182628e-02;1.6750000e+02;-1.3632225e-02;1.6750000e+02;4.7067601e-02;1.6750000e+02;1.2733229e-01;1.6750000e+02;2.1009150e-01;1.6750000e+02;2.6728457e-01;1.6750000e+02;3.0254814e-01;1.6750000e+02;2.9216126e-01;1.6750000e+02;2.3979014e-01;1.6750000e+02;2.2452398e-01;1.6750000e+02;1.9406626e-01;1.6750000e+02;1.4897393e-01;1.6750000e+02;9.8204285e-02;1.6750000e+02;5.5056818e-02;1.6750000e+02;6.1522350e-03;1.6750000e+02;-3.6926311e-02;1.6750000e+02;-7.9781607e-02;1.6750000e+02;-1.2643842e-01;1.6750000e+02;-5.5182628e-02;1.6750000e+02;-1.3632225e-02;1.6750000e+02;4.7067601e-02;1.6750000e+02;1.2733229e-01;1.6750000e+02;2.1009150e-01;1.6750000e+02;2.6728457e-01;1.6750000e+02;3.0254814e-01;1.6750000e+02;2.9216126e-01;1.6750000e+02;2.3979014e-01;1.6750000e+02;2.2452398e-01;1.6750000e+02;1.9406626e-01;1.6750000e+02;1.4897393e-01;1.6750000e+02;9.8204285e-02;1.6750000e+02;5.5056818e-02;1.6750000e+02;6.1522350e-03;1.6750000e+02;-3.6926311e-02;1.6750000e+02;-7.9781607e-02;1.6750000e+02;-1.2643842e-01;1.6750000e+02;-5.5182628e-02;1.6750000e+02;-1.3632225e-02;1.6750000e+02;4.7067601e-02;1.6750000e+02;1.2733229e-01;1.6750000e+02;2.1009150e-01;1.6750000e+02;2.6728457e-01;1.6750000e+02;3.0254814e-01;1.6750000e+02;2.9216126e-01;1.6750000e+02;2.3979014e-01;1.6750000e+02;2.2452398e-01;1.6750000e+02;1.9406626e-01;1.6750000e+02;1.4897393e-01;1.6750000e+02;9.8204285e-02;1.6750000e+02;5.5056818e-02;1.6750000e+02;6.1522350e-03;1.6750000e+02;-3.6926311e-02;1.6750000e+02;-7.9781607e-02;1.6750000e+02;-1.2643842e-01;1.6750000e+02;-5.5182628e-02;1.6750000e+02;-1.3632225e-02;1.6750000e+02;4.7067601e-02;1.6750000e+02;1.2733229e-01;1.6750000e+02;2.1009150e-01;1.6750000e+02;2.6728457e-01;1.6750000e+02;3.0254814e-01;1.6750000e+02;2.9216126e-01;1.6750000e+02;2.3979014e-01;1.6750000e+02;2.2452398e-01;1.6750000e+02;1.9406626e-01;1.6750000e+02;1.4897393e-01;1.6750000e+02;9.8204285e-02;1.6750000e+02;5.5056818e-02;1.6750000e+02;6.1522350e-03;1.6750000e+02;-3.6926311e-02;1.6750000e+02;-7.9781607e-02;1.6750000e+02;-1.2643842e-01;1.6750000e+02;-5.5182628e-02;1.6750000e+02;-1.3632225e-02;1.6750000e+02;4.7067601e-02;1.6750000e+02;1.2733229e-01;1.6750000e+02;2.1009150e-01;1.6750000e+02;2.6728457e-01;1.6750000e+02;3.0254814e-01;1.6750000e+02;2.9216126e-01;1.6750000e+02;2.3979014e-01;1.6750000e+02;2.2452398e-01;1.6750000e+02;1.9406626e-01;1.6750000e+02;1.4897393e-01;1.6750000e+02;9.8204285e-02;1.6750000e+02;5.5056818e-02;1.6750000e+02;6.1522350e-03;1.6750000e+02;-3.6926311e-02;1.6750000e+02;-7.9781607e-02;1.6750000e+02;-1.2643842e-01;1.6750000e+02;-5.5182628e-02;1.6750000e+02;-1.3632225e-02;1.6750000e+02;4.7067601e-02;1.6750000e+02;1.2733229e-01;1.6750000e+02;2.1009150e-01;1.6750000e+02;2.6728457e-01;1.6750000e+02;3.0254814e-01;1.6750000e+02;2.9216126e-01;1.6750000e+02;2.3979014e-01;1.6750000e+02;2.2452398e-01;1.6750000e+02;1.9406626e-01;1.6750000e+02;1.4897393e-01;1.6750000e+02;9.8204285e-02;1.6750000e+02;5.5056818e-02;1.6750000e+02;6.1522350e-03;1.6750000e+02;-3.6926311e-02;1.6750000e+02;-7.9781607e-02;1.6750000e+02;-1.2643842e-01;1.6750000e+02;-5.5182628e-02;1.6750000e+02;-1.3632225e-02;1.6750000e+02;4.7067601e-02;1.6750000e+02;1.2733229e-01;1.6750000e+02;2.1009150e-01;1.6750000e+02;2.6728457e-01;1.6750000e+02;3.0254814e-01;1.6750000e+02;2.9216126e-01;1.6750000e+02;2.3979014e-01;1.6750000e+02;2.2452398e-01;1.6750000e+02;1.9406626e-01;1.6750000e+02;1.4897393e-01;1.6750000e+02;9.8204285e-02;1.6750000e+02;5.5056818e-02;1.6750000e+02;6.1522350e-03;1.6750000e+02;-3.6926311e-02;1.6750000e+02;-7.9781607e-02;1.6750000e+02;-1.2643842e-01;1.6750000e+02;-5.5182628e-02;1.6750000e+02;-1.3632225e-02;1.6750000e+02;4.7067601e-02;1.6750000e+02;1.2733229e-01;1.6750000e+02;2.1009150e-01;1.6750000e+02;2.6728457e-01;1.6750000e+02;3.0254814e-01;1.6750000e+02;2.9216126e-01;1.6750000e+02;2.3979014e-01;1.6750000e+02;2.2452398e-01;1.6750000e+02;1.9406626e-01;1.6750000e+02;1.4897393e-01;1.6750000e+02;9.8204285e-02;1.6750000e+02;5.5056818e-02;1.6750000e+02;6.1522350e-03;1.6750000e+02;-3.6926311e-02;1.6750000e+02;-7.9781607e-02;1.6750000e+02;-1.2643842e-01;1.6750000e+02;-5.5182628e-02;1.6750000e+02;-1.3632225e-02;1.6750000e+02;4.7067601e-02;1.6750000e+02;1.2733229e-01;1.6750000e+02;2.1009150e-01;1.6750000e+02;2.6728457e-01;1.6750000e+02;3.0254814e-01;1.6750000e+02;2.9216126e-01;1.6750000e+02;2.3979014e-01;1.6750000e+02;2.2452398e-01;1.6750000e+02;1.9406626e-01;1.6750000e+02;1.4897393e-01;1.6750000e+02;9.8204285e-02;1.6750000e+02;5.5056818e-02;1.6750000e+02;6.1522350e-03;1.6750000e+02;-3.6926311e-02;1.6750000e+02;-7.9781607e-02;1.6750000e+02;-1.2643842e-01;1.6750000e+02;-5.5182628e-02;1.6750000e+02;-1.3632225e-02;1.6750000e+02;4.7067601e-02;1.6750000e+02;1.2733229e-01;1.6750000e+02;2.1009150e-01;1.6750000e+02;2.6728457e-01;1.6750000e+02;3.0254814e-01;1.6750000e+02;2.9216126e-01;1.6750000e+02;2.3979014e-01;1.6750000e+02;2.2452398e-01;1.6750000e+02;1.9406626e-01;1.6750000e+02;1.4897393e-01;1.6750000e+02;9.8204285e-02;1.6750000e+02;5.5056818e-02;1.6750000e+02;6.1522350e-03;1.6750000e+02;-3.6926311e-02;1.6750000e+02;-7.9781607e-02;1.6750000e+02;-1.2643842e-01;1.6750000e+02;-5.5182628e-02;1.6750000e+02;-1.3632225e-02;1.6750000e+02;4.7067601e-02;1.6750000e+02;1.2733229e-01;1.6750000e+02;2.1009150e-01;1.6750000e+02;2.6728457e-01;1.6750000e+02;3.0254814e-01;1.6750000e+02;2.9216126e-01;1.6750000e+02;2.3979014e-01;1.6750000e+02;2.2452398e-01;1.6750000e+02;1.9406626e-01;1.6750000e+02;1.4897393e-01;1.6750000e+02;9.8204285e-02;1.6750000e+02;5.5056818e-02;1.6750000e+02;6.1522350e-03;1.6750000e+02;-3.6926311e-02;1.6750000e+02;-7.9781607e-02;1.6750000e+02;-1.2643842e-01;1.6750000e+02;-5.5182628e-02;1.6750000e+02;-1.3632225e-02;1.6750000e+02;4.7067601e-02;1.6750000e+02;1.2733229e-01;1.6750000e+02;2.1009150e-01;1.6750000e+02;2.6728457e-01;1.6750000e+02;3.0254814e-01;1.6750000e+02;2.9216126e-01;1.6750000e+02;2.3979014e-01;1.6750000e+02;2.2452398e-01;1.6750000e+02;1.9406626e-01;1.6750000e+02;1.4897393e-01;1.6750000e+02;9.8204285e-02;1.6750000e+02;5.5056818e-02;1.6750000e+02;6.1522350e-03;1.6750000e+02;-3.6926311e-02;1.6750000e+02;-7.9781607e-02;1.6750000e+02;-1.2643842e-01;1.6750000e+02;-5.5182628e-02;1.6750000e+02;-1.3632225e-02;1.6750000e+02;4.7067601e-02;1.6750000e+02;1.2733229e-01;1.6750000e+02;2.1009150e-01;1.6750000e+02;2.6728457e-01;1.6750000e+02;3.0254814e-01;1.6750000e+02;2.9216126e-01;1.6750000e+02;2.3979014e-01;1.6750000e+02;2.2452398e-01;1.6750000e+02;1.9406626e-01;1.6750000e+02;1.4897393e-01;1.6750000e+02;9.8204285e-02;1.6750000e+02;5.5056818e-02;1.6750000e+02;6.1522350e-03;1.6750000e+02;-3.6926311e-02;1.6750000e+02;-7.9781607e-02;1.6750000e+02;-1.2643842e-01;1.6750000e+02;-5.5182628e-02;1.6750000e+02;-1.3632225e-02;1.6750000e+02;4.7067601e-02;1.6750000e+02;1.2733229e-01;1.6750000e+02;2.1009150e-01;1.6750000e+02;2.6728457e-01;1.6750000e+02;3.0254814e-01;1.6750000e+02;2.9216126e-01;1.6750000e+02;2.3979014e-01;1.6750000e+02;2.2452398e-01;1.6750000e+02;1.9406626e-01;1.6750000e+02;1.4897393e-01;1.6750000e+02;9.8204285e-02;1.6750000e+02;5.5056818e-02;1.6750000e+02;6.1522350e-03;1.6750000e+02;-3.6926311e-02;1.6750000e+02;-7.9781607e-02;1.6750000e+02;-1.2643842e-01;1.6750000e+02;-5.5182628e-02;1.6750000e+02;-1.3632225e-02;1.6750000e+02;4.7067601e-02;1.6750000e+02;1.2733229e-01;1.6750000e+02;2.1009150e-01;1.6750000e+02;2.6728457e-01;1.6750000e+02;3.0254814e-01;1.6750000e+02;2.9216126e-01;1.6750000e+02;2.3979014e-01;1.6750000e+02;2.2452398e-01;1.6750000e+02;1.9406626e-01;1.6750000e+02;1.4897393e-01;1.6750000e+02;9.8204285e-02;1.6750000e+02;5.5056818e-02;1.6750000e+02;6.1522350e-03;1.6750000e+02;-3.6926311e-02;1.6750000e+02;-7.9781607e-02;1.6750000e+02;-1.2643842e-01;1.6750000e+02;-5.5182628e-02;1.6750000e+02;-1.3632225e-02;1.6750000e+02;4.7067601e-02;1.6750000e+02;1.2733229e-01;1.6750000e+02;2.1009150e-01;1.6750000e+02;2.6728457e-01;1.6750000e+02;3.0254814e-01;1.6750000e+02;2.9216126e-01;1.6750000e+02;2.3979014e-01;1.6750000e+02;2.2452398e-01;1.6750000e+02;1.9406626e-01;1.6750000e+02;1.4897393e-01;1.6750000e+02;9.8204285e-02;1.6750000e+02;5.5056818e-02;1.6750000e+02;6.1522350e-03;1.6750000e+02;-3.6926311e-02;1.6750000e+02;-7.9781607e-02;1.6750000e+02;-1.2643842e-01;1.6750000e+02;-5.5182628e-02;1.6750000e+02;-1.3632225e-02;1.6750000e+02;4.7067601e-02;1.6750000e+02;1.2733229e-01;1.6750000e+02;2.1009150e-01;1.6750000e+02;2.6728457e-01;1.6750000e+02;3.0254814e-01;1.6750000e+02;2.9216126e-01;1.6750000e+02;2.3979014e-01;1.6750000e+02;2.2452398e-01;1.6750000e+02;1.9406626e-01;1.6750000e+02;1.4897393e-01;1.6750000e+02;9.8204285e-02;1.6750000e+02;5.5056818e-02;1.6750000e+02;6.1522350e-03;1.6750000e+02;-3.6926311e-02;1.6750000e+02;-7.9781607e-02;1.6750000e+02;-1.2643842e-01;1.6750000e+02;-5.5182628e-02;1.6750000e+02;-1.3632225e-02;1.6750000e+02;4.7067601e-02;1.6750000e+02;1.2733229e-01;1.6750000e+02;2.1009150e-01;1.6750000e+02;2.6728457e-01;1.6750000e+02;3.0254814e-01;1.6750000e+02;2.9216126e-01;1.6750000e+02;2.3979014e-01;1.6750000e+02;2.2452398e-01;1.6750000e+02;1.9406626e-01;1.6750000e+02;1.4897393e-01;1.6750000e+02;9.8204285e-02;1.6750000e+02;5.5056818e-02;1.6750000e+02;6.1522350e-03;1.6750000e+02;-3.6926311e-02;1.6750000e+02;-7.9781607e-02;1.6750000e+02;-1.2643842e-01;1.6750000e+02;-5.5182628e-02;1.6750000e+02;-1.3632225e-02;1.6750000e+02;4.7067601e-02;1.6750000e+02;1.2733229e-01;1.6750000e+02;2.1009150e-01;1.6750000e+02;2.6728457e-01;1.6750000e+02;3.0254814e-01;1.6750000e+02;2.9216126e-01;1.6750000e+02;2.3979014e-01;1.6750000e+02;2.2452398e-01;1.6750000e+02;1.9406626e-01;1.6750000e+02;1.4897393e-01;1.6750000e+02;9.8204285e-02;1.6750000e+02;5.5056818e-02;1.6750000e+02;6.1522350e-03;1.6750000e+02;-3.6926311e-02;1.6750000e+02;-7.9781607e-02;1.6750000e+02;-1.2643842e-01;1.6750000e+02;-5.5182628e-02;1.6750000e+02;-1.3632225e-02;1.6750000e+02;4.7067601e-02;1.6750000e+02;1.2733229e-01;1.6750000e+02;2.1009150e-01;1.6750000e+02;2.6728457e-01;1.6750000e+02;3.0254814e-01;1.6750000e+02;2.9216126e-01;1.6750000e+02;2.3979014e-01;1.6750000e+02;2.2452398e-01;1.6750000e+02;1.9406626e-01;1.6750000e+02;1.4897393e-01;1.6750000e+02;9.8204285e-02;1.6750000e+02;5.5056818e-02;1.6750000e+02;6.1522350e-03;1.6750000e+02;-3.6926311e-02;1.6750000e+02;-7.9781607e-02;1.6750000e+02;-1.2643842e-01;1.6750000e+02;-5.5182628e-02;1.6750000e+02;-1.3632225e-02;1.6750000e+02;4.7067601e-02;1.6750000e+02;1.2733229e-01;1.6750000e+02;2.1009150e-01;1.6750000e+02;2.6728457e-01;1.6750000e+02;3.0254814e-01;1.6750000e+02;2.9216126e-01;1.6750000e+02;2.3979014e-01;1.6750000e+02;2.2452398e-01;1.6750000e+02;1.9406626e-01;1.6750000e+02;1.4897393e-01;1.6750000e+02;9.8204285e-02;1.6750000e+02;5.5056818e-02;1.6750000e+02;6.1522350e-03;1.6750000e+02;-3.6926311e-02;1.6750000e+02;-7.9781607e-02;1.6750000e+02;-1.2643842e-01;1.6750000e+02;-5.5182628e-02;1.6750000e+02;-1.3632225e-02;1.6750000e+02;4.7067601e-02;1.6750000e+02;1.2733229e-01;1.6750000e+02;2.1009150e-01;1.6750000e+02;2.6728457e-01;1.6750000e+02;3.0254814e-01;1.6750000e+02;2.9216126e-01;1.6750000e+02;2.3979014e-01;1.6750000e+02;2.2452398e-01;1.6750000e+02;1.9406626e-01;1.6750000e+02;1.4897393e-01;1.6750000e+02;9.8204285e-02;1.6750000e+02;5.5056818e-02;1.6750000e+02;6.1522350e-03;1.6750000e+02;-3.6926311e-02;1.6750000e+02;-7.9781607e-02;1.6750000e+02;-1.2643842e-01;1.6750000e+02;-5.5182628e-02;1.6750000e+02;-1.3632225e-02;1.6750000e+02;4.7067601e-02;1.6750000e+02;1.2733229e-01;1.6750000e+02;2.1009150e-01;1.6750000e+02;2.6728457e-01;1.6750000e+02;3.0254814e-01;1.6750000e+02;2.9216126e-01;1.6750000e+02;2.3979014e-01;1.6750000e+02;2.2452398e-01;1.6750000e+02;1.9406626e-01;1.6750000e+02;1.4897393e-01;1.6750000e+02;9.8204285e-02;1.6750000e+02;5.5056818e-02;1.6750000e+02;6.1522350e-03;1.6750000e+02;-3.6926311e-02;1.6750000e+02;-7.9781607e-02;1.6750000e+02;-1.2643842e-01;1.6750000e+02;-5.5182628e-02;1.6750000e+02;-1.3632225e-02;1.6750000e+02;4.7067601e-02;1.6750000e+02;1.2733229e-01;1.6750000e+02;2.1009150e-01;1.6750000e+02;2.6728457e-01;1.6750000e+02;3.0254814e-01;1.6750000e+02;2.9216126e-01;1.6750000e+02;2.3979014e-01;1.6750000e+02;2.2452398e-01;1.6750000e+02;1.9406626e-01;1.6750000e+02;1.4897393e-01;1.6750000e+02;9.8204285e-02;1.6750000e+02;5.5056818e-02;1.6750000e+02;6.1522350e-03;1.6750000e+02;-3.6926311e-02;1.6750000e+02;-7.9781607e-02;1.6750000e+02;-1.2643842e-01;1.6750000e+02;-5.5182628e-02;1.6750000e+02;-1.3632225e-02;1.6750000e+02;4.7067601e-02;1.6750000e+02;1.2733229e-01;1.6750000e+02;2.1009150e-01;1.6750000e+02;2.6728457e-01;1.6750000e+02;3.0254814e-01;1.6750000e+02;2.9216126e-01;1.6750000e+02;2.3979014e-01;1.6750000e+02;2.2452398e-01;1.6750000e+02;1.9406626e-01;1.6750000e+02;1.4897393e-01;1.6750000e+02;9.8204285e-02;1.6750000e+02;5.5056818e-02;1.6750000e+02;6.1522350e-03;1.6750000e+02;-3.6926311e-02;1.6750000e+02;-7.9781607e-02;1.6750000e+02;-1.2643842e-01;1.6750000e+02;-5.5182628e-02;1.6750000e+02;-1.3632225e-02;1.6750000e+02;4.7067601e-02;1.6750000e+02;1.2733229e-01;1.6750000e+02;2.1009150e-01;1.6750000e+02;2.6728457e-01;1.6750000e+02;3.0254814e-01;1.6750000e+02;2.9216126e-01;1.6750000e+02;2.3979014e-01;1.6750000e+02;2.2452398e-01;1.6750000e+02;1.9406626e-01;1.6750000e+02;1.4897393e-01;1.6750000e+02;9.8204285e-02;1.6750000e+02;5.5056818e-02;1.6750000e+02;6.1522350e-03;1.6750000e+02;-3.6926311e-02;1.6750000e+02;-7.9781607e-02;1.6750000e+02;-1.2643842e-01;1.6750000e+02;-5.5182628e-02;1.6750000e+02;-1.3632225e-02;1.6750000e+02;4.7067601e-02;1.6750000e+02;1.2733229e-01;1.6750000e+02;2.1009150e-01;1.6750000e+02;2.6728457e-01;1.6750000e+02;3.0254814e-01;1.6750000e+02;2.9216126e-01;1.6750000e+02;2.3979014e-01;1.6750000e+02;2.2452398e-01;1.6750000e+02;1.9406626e-01;1.6750000e+02;1.4897393e-01;1.6750000e+02;9.8204285e-02;1.6750000e+02;5.5056818e-02;1.6750000e+02;6.1522350e-03;1.6750000e+02;-3.6926311e-02;1.6750000e+02;-7.9781607e-02;1.6750000e+02;-1.2643842e-01;1.6750000e+02;-5.5182628e-02;1.6750000e+02;-1.3632225e-02;1.6750000e+02;4.7067601e-02;1.6750000e+02;1.2733229e-01;1.6750000e+02;2.1009150e-01;1.6750000e+02;2.6728457e-01;1.6750000e+02;3.0254814e-01;1.6750000e+02;2.9216126e-01;1.6750000e+02;2.3979014e-01;1.6750000e+02;2.2452398e-01;1.6750000e+02;1.9406626e-01;1.6750000e+02;1.4897393e-01;1.6750000e+02;9.8204285e-02;1.6750000e+02;5.5056818e-02;1.6750000e+02;6.1522350e-03;1.6750000e+02;-3.6926311e-02;1.6750000e+02;-7.9781607e-02;1.6750000e+02;-1.2643842e-01;1.6750000e+02;-5.5182628e-02;1.6750000e+02;-1.3632225e-02;1.6750000e+02;4.7067601e-02;1.6750000e+02;1.2733229e-01;1.6750000e+02;2.1009150e-01;1.6750000e+02;2.6728457e-01;1.6750000e+02;3.0254814e-01;1.6750000e+02;2.9216126e-01;1.6750000e+02;2.3979014e-01;1.6750000e+02;2.2452398e-01;1.6750000e+02;1.9406626e-01;1.6750000e+02;1.4897393e-01;1.6750000e+02;9.8204285e-02;1.6750000e+02;5.5056818e-02;1.6750000e+02;6.1522350e-03;1.6750000e+02;-3.6926311e-02;1.6750000e+02;-7.9781607e-02;1.6750000e+02;-1.2643842e-01;1.6750000e+02;-5.5182628e-02;1.6750000e+02;-1.3632225e-02;1.6750000e+02;4.7067601e-02;1.6750000e+02;1.2733229e-01;1.6750000e+02;2.1009150e-01;1.6750000e+02;2.6728457e-01;1.6750000e+02;3.0254814e-01;1.6750000e+02;2.9216126e-01;1.6750000e+02;2.3979014e-01;1.6750000e+02;2.2452398e-01;1.6750000e+02;1.9406626e-01;1.6750000e+02;1.4897393e-01;1.6750000e+02;9.8204285e-02;1.6750000e+02;5.5056818e-02;1.6750000e+02;6.1522350e-03;1.6750000e+02;-3.6926311e-02;1.6750000e+02;-7.9781607e-02;1.6750000e+02;-1.2643842e-01;1.6750000e+02;-5.5182628e-02;1.6750000e+02;-1.3632225e-02;1.6750000e+02;4.7067601e-02;1.6750000e+02;1.2733229e-01;1.6750000e+02;2.1009150e-01;1.6750000e+02;2.6728457e-01;1.6750000e+02;3.0254814e-01;1.6750000e+02;2.9216126e-01;1.6750000e+02;2.3979014e-01;1.6750000e+02;2.2452398e-01;1.6750000e+02;1.9406626e-01;1.6750000e+02;1.4897393e-01;1.6750000e+02;9.8204285e-02;1.6750000e+02;5.5056818e-02;1.6750000e+02;6.1522350e-03;1.6750000e+02;-3.6926311e-02;1.6750000e+02;-7.9781607e-02;1.6750000e+02;-1.2643842e-01;1.6750000e+02;-5.5182628e-02;1.6750000e+02;-1.3632225e-02;1.6750000e+02;4.7067601e-02;1.6750000e+02;1.2733229e-01;1.6750000e+02;2.1009150e-01;1.6750000e+02;2.6728457e-01;1.6750000e+02;3.0254814e-01;1.6750000e+02;2.9216126e-01;1.6750000e+02;2.3979014e-01;1.6750000e+02;2.2452398e-01;1.6750000e+02;1.9406626e-01;1.6750000e+02;1.4897393e-01;1.6750000e+02;9.8204285e-02;1.6750000e+02;5.5056818e-02;1.6750000e+02;6.1522350e-03;1.6750000e+02;-3.6926311e-02;1.6750000e+02;-7.9781607e-02;1.6750000e+02;-1.2643842e-01;1.6750000e+02;-5.5182628e-02;1.6750000e+02;-1.3632225e-02;1.6750000e+02;4.7067601e-02;1.6750000e+02;1.2733229e-01;1.6750000e+02;2.1009150e-01;1.6750000e+02;2.6728457e-01;1.6750000e+02;3.0254814e-01;1.6750000e+02;2.9216126e-01;1.6750000e+02;2.3979014e-01;1.6750000e+02;2.2452398e-01;1.6750000e+02;1.9406626e-01;1.6750000e+02;1.4897393e-01;1.6750000e+02;9.8204285e-02;1.6750000e+02;5.5056818e-02;1.6750000e+02;6.1522350e-03;1.6750000e+02;-3.6926311e-02;1.6750000e+02;-7.9781607e-02;1.6750000e+02;-1.2643842e-01;1.6750000e+02;-5.5182628e-02;1.6750000e+02;-1.3632225e-02;1.6750000e+02;4.7067601e-02;1.6750000e+02;1.2733229e-01;1.6750000e+02;2.1009150e-01;1.6750000e+02;2.6728457e-01;1.6750000e+02;3.0254814e-01;1.6750000e+02;2.9216126e-01;1.6750000e+02;2.3979014e-01;1.6750000e+02;2.2452398e-01;1.6750000e+02;1.9406626e-01;1.6750000e+02;1.4897393e-01;1.6750000e+02;9.8204285e-02;1.6750000e+02;5.5056818e-02;1.6750000e+02;6.1522350e-03;1.6750000e+02;-3.6926311e-02;1.6750000e+02;-7.9781607e-02;1.6750000e+02;-1.2643842e-01;1.6750000e+02;-5.5182628e-02;1.6750000e+02;-1.3632225e-02;1.6750000e+02;4.7067601e-02;1.6750000e+02;1.2733229e-01;1.6750000e+02;2.1009150e-01;1.6750000e+02;2.6728457e-01;1.6750000e+02;3.0254814e-01;1.6750000e+02;2.9216126e-01;1.6750000e+02;2.3979014e-01;1.6750000e+02;2.2452398e-01;1.6750000e+02;1.9406626e-01;1.6750000e+02;1.4897393e-01;1.6750000e+02;9.8204285e-02;1.6750000e+02;5.5056818e-02;1.6750000e+02;6.1522350e-03;1.6750000e+02;-3.6926311e-02;1.6750000e+02;-7.9781607e-02;1.6750000e+02;-1.2643842e-01;1.6750000e+02;-5.5182628e-02;1.6750000e+02;-1.3632225e-02;1.6750000e+02;4.7067601e-02;1.6750000e+02;1.2733229e-01;1.6750000e+02;2.1009150e-01;1.6750000e+02;2.6728457e-01;1.6750000e+02;3.0254814e-01;1.6750000e+02;2.9216126e-01;1.6750000e+02;2.3979014e-01;1.6750000e+02;2.2452398e-01;1.6750000e+02;1.9406626e-01;1.6750000e+02;1.4897393e-01;1.6750000e+02;9.8204285e-02;1.6750000e+02;5.5056818e-02;1.6750000e+02;6.1522350e-03;1.6750000e+02;-3.6926311e-02;1.6750000e+02;-7.9781607e-02;1.6750000e+02;-1.2643842e-01;1.6750000e+02;-5.5182628e-02;1.6750000e+02;-1.3632225e-02;1.6750000e+02;4.7067601e-02;1.6750000e+02;1.2733229e-01;1.6750000e+02;2.1009150e-01;1.6750000e+02;2.6728457e-01;1.6750000e+02;3.0254814e-01;1.6750000e+02;2.9216126e-01;1.6750000e+02;2.3979014e-01;1.6750000e+02;2.2452398e-01;1.6750000e+02;1.9406626e-01;1.6750000e+02;1.4897393e-01;1.6750000e+02;9.8204285e-02;1.6750000e+02;5.5056818e-02;1.6750000e+02;6.1522350e-03;1.6750000e+02;-3.6926311e-02;1.6750000e+02;-7.9781607e-02;1.6750000e+02;-1.2643842e-01;1.6750000e+02;-5.5182628e-02;1.6750000e+02;-1.3632225e-02;1.6750000e+02;4.7067601e-02;1.6750000e+02;1.2733229e-01;1.6750000e+02;2.1009150e-01;1.6750000e+02;2.6728457e-01;1.6750000e+02;3.0254814e-01;1.6750000e+02;2.9216126e-01;1.6750000e+02;2.3979014e-01;1.6750000e+02;2.2452398e-01;1.6750000e+02;1.9406626e-01;1.6750000e+02;1.4897393e-01;1.6750000e+02;9.8204285e-02;1.6750000e+02;5.5056818e-02;1.6750000e+02;6.1522350e-03;1.6750000e+02;-3.6926311e-02;1.6750000e+02;-7.9781607e-02;1.6750000e+02;-1.2643842e-01;1.6750000e+02;-5.5182628e-02;1.6750000e+02;-1.3632225e-02;1.6750000e+02;4.7067601e-02;1.6750000e+02;1.2733229e-01;1.6750000e+02;2.1009150e-01;1.6750000e+02;2.6728457e-01;1.6750000e+02;3.0254814e-01;1.6750000e+02;2.9216126e-01;1.6750000e+02;2.3979014e-01;1.6750000e+02;2.2452398e-01;1.6750000e+02;1.9406626e-01;1.6750000e+02;1.4897393e-01;1.6750000e+02;9.8204285e-02;1.6750000e+02;5.5056818e-02;1.6750000e+02;6.1522350e-03;1.6750000e+02;-3.6926311e-02;1.6750000e+02;-7.9781607e-02;1.6750000e+02;-1.2643842e-01;1.6750000e+02;-5.5182628e-02;1.6750000e+02;-1.3632225e-02;1.6750000e+02;4.7067601e-02;1.6750000e+02;1.2733229e-01;1.6750000e+02;2.1009150e-01;1.6750000e+02;2.6728457e-01;1.6750000e+02;3.0254814e-01;1.6750000e+02;2.9216126e-01;1.6750000e+02;2.3979014e-01;1.6750000e+02;2.2452398e-01;1.6750000e+02;1.9406626e-01;1.6750000e+02;1.4897393e-01;1.6750000e+02;9.8204285e-02;1.6750000e+02;5.5056818e-02;1.6750000e+02;6.1522350e-03;1.6750000e+02;-3.6926311e-02;1.6750000e+02;-7.9781607e-02;1.6750000e+02;-1.2643842e-01;1.6750000e+02;-5.5182628e-02;1.6750000e+02;-1.3632225e-02;1.6750000e+02;4.7067601e-02;1.6750000e+02;1.2733229e-01;1.6750000e+02;2.1009150e-01;1.6750000e+02;2.6728457e-01;1.6750000e+02;3.0254814e-01;1.6750000e+02;2.9216126e-01;1.6750000e+02;2.3979014e-01;1.6750000e+02;2.2452398e-01;1.6750000e+02;1.9406626e-01;1.6750000e+02;1.4897393e-01;1.6750000e+02;9.8204285e-02;1.6750000e+02;5.5056818e-02;1.6750000e+02;6.1522350e-03;1.6750000e+02;-3.6926311e-02;1.6750000e+02;-7.9781607e-02;1.6750000e+02;-1.2643842e-01;1.6750000e+02;-5.5182628e-02;1.6750000e+02;-1.3632225e-02;1.6750000e+02;4.7067601e-02;1.6750000e+02;1.2733229e-01;1.6750000e+02;2.1009150e-01;1.6750000e+02;2.6728457e-01;1.6750000e+02;3.0254814e-01;1.6750000e+02;2.9216126e-01;1.6750000e+02;2.3979014e-01;1.6750000e+02;2.2452398e-01;1.6750000e+02;1.9406626e-01;1.6750000e+02;1.4897393e-01;1.6750000e+02;9.8204285e-02;1.6750000e+02;5.5056818e-02;1.6750000e+02;6.1522350e-03;1.6750000e+02;-3.6926311e-02;1.6750000e+02;-7.9781607e-02;1.6750000e+02;-1.2643842e-01;1.6750000e+02;-5.5182628e-02;1.6750000e+02;-1.3632225e-02;1.6750000e+02;4.7067601e-02;1.6750000e+02;1.2733229e-01;1.6750000e+02;2.1009150e-01;1.6750000e+02;2.6728457e-01;1.6750000e+02;3.0254814e-01;1.6750000e+02;2.9216126e-01;1.6750000e+02;2.3979014e-01;1.6750000e+02;2.2452398e-01;1.6750000e+02;1.9406626e-01;1.6750000e+02;1.4897393e-01;1.6750000e+02;9.8204285e-02;1.6750000e+02;5.5056818e-02;1.6750000e+02;6.1522350e-03;1.6750000e+02;-3.6926311e-02;1.6750000e+02;-7.9781607e-02;1.6750000e+02;-1.2643842e-01;1.6750000e+02;-5.5182628e-02;1.6750000e+02;-1.3632225e-02;1.6750000e+02;4.7067601e-02;1.6750000e+02;1.2733229e-01;1.6750000e+02;2.1009150e-01;1.6750000e+02;2.6728457e-01;1.6750000e+02;3.0254814e-01;1.6750000e+02;2.9216126e-01;1.6750000e+02;2.3979014e-01;1.6750000e+02;2.2452398e-01;1.6750000e+02;1.9406626e-01;1.6750000e+02;1.4897393e-01;1.6750000e+02;9.8204285e-02;1.6750000e+02;5.5056818e-02;1.6750000e+02;6.1522350e-03;1.6750000e+02;-3.6926311e-02;1.6750000e+02;-7.9781607e-02;1.6750000e+02;-1.2643842e-01;1.6750000e+02;-5.5182628e-02;1.6750000e+02;-1.3632225e-02;1.6750000e+02;4.7067601e-02;1.6750000e+02;1.2733229e-01;1.6750000e+02;2.1009150e-01;1.6750000e+02;2.6728457e-01;1.6750000e+02;3.0254814e-01;1.6750000e+02;2.9216126e-01;1.6750000e+02;2.3979014e-01;1.6750000e+02;2.2452398e-01;1.6750000e+02;1.9406626e-01;1.6750000e+02;1.4897393e-01;1.6750000e+02;9.8204285e-02;1.6750000e+02;5.5056818e-02;1.6750000e+02;6.1522350e-03;1.6750000e+02;-3.6926311e-02;1.6750000e+02;-7.9781607e-02;1.6750000e+02;-1.2643842e-01;1.6750000e+02;-5.5182628e-02;1.6750000e+02;-1.3632225e-02;1.6750000e+02;4.7067601e-02;1.6750000e+02;1.2733229e-01;1.6750000e+02;2.1009150e-01;1.6750000e+02;2.6728457e-01;1.6750000e+02;3.0254814e-01;1.6750000e+02;2.9216126e-01;1.6750000e+02;2.3979014e-01;1.6750000e+02;2.2452398e-01;1.6750000e+02;1.9406626e-01;1.6750000e+02;1.4897393e-01;1.6750000e+02;9.8204285e-02;1.6750000e+02;5.5056818e-02;1.6750000e+02;6.1522350e-03;1.6750000e+02;-3.6926311e-02;1.6750000e+02;-7.9781607e-02;1.6750000e+02;-1.2643842e-01;1.6750000e+02;-5.5182628e-02;1.6750000e+02;-1.3632225e-02;1.6750000e+02;4.7067601e-02;1.6750000e+02;1.2733229e-01;1.6750000e+02;2.1009150e-01;1.6750000e+02;2.6728457e-01;1.6750000e+02;3.0254814e-01;1.6750000e+02;2.9216126e-01;1.6750000e+02;2.3979014e-01;1.6750000e+02;2.2452398e-01;1.6750000e+02;1.9406626e-01;1.6750000e+02;1.4897393e-01;1.6750000e+02;9.8204285e-02;1.6750000e+02;5.5056818e-02;1.6750000e+02;6.1522350e-03;1.6750000e+02;-3.6926311e-02;1.6750000e+02;-7.9781607e-02;1.6750000e+02;-1.2643842e-01;1.6750000e+02;-5.5182628e-02;1.6750000e+02;-1.3632225e-02;1.6750000e+02;4.7067601e-02;1.6750000e+02;1.2733229e-01;1.6750000e+02;2.1009150e-01;1.6750000e+02;2.6728457e-01;1.6750000e+02;3.0254814e-01;1.6750000e+02;2.9216126e-01;1.6750000e+02;2.3979014e-01;1.6750000e+02;2.2452398e-01;1.6750000e+02;1.9406626e-01;1.6750000e+02;1.4897393e-01;1.6750000e+02;9.8204285e-02;1.6750000e+02;5.5056818e-02;1.6750000e+02;6.1522350e-03;1.6750000e+02;-3.6926311e-02;1.6750000e+02;-7.9781607e-02;1.6750000e+02;-1.2643842e-01;1.6750000e+02;-5.5182628e-02;1.6750000e+02;-1.3632225e-02;1.6750000e+02;4.7067601e-02;1.6750000e+02;1.2733229e-01;1.6750000e+02;2.1009150e-01;1.6750000e+02;2.6728457e-01;1.6750000e+02;3.0254814e-01;1.6750000e+02;2.9216126e-01;1.6750000e+02;2.3979014e-01;1.6750000e+02;2.2452398e-01;1.6750000e+02;1.9406626e-01;1.6750000e+02;1.4897393e-01;1.6750000e+02;9.8204285e-02;1.6750000e+02;5.5056818e-02;1.6750000e+02;6.1522350e-03;1.6750000e+02;-3.6926311e-02;1.6750000e+02;-7.9781607e-02;1.6750000e+02;-1.2643842e-01;1.6750000e+02;-5.5182628e-02;1.6750000e+02;-1.3632225e-02;1.6750000e+02;4.7067601e-02;1.6750000e+02;1.2733229e-01;1.6750000e+02;2.1009150e-01;1.6750000e+02;2.6728457e-01;1.6750000e+02;3.0254814e-01;1.6750000e+02;2.9216126e-01;1.6750000e+02;2.3979014e-01;1.6750000e+02;2.2452398e-01;1.6750000e+02;1.9406626e-01;1.6750000e+02;1.4897393e-01;1.6750000e+02;9.8204285e-02;1.6750000e+02;5.5056818e-02;1.6750000e+02;6.1522350e-03;1.6750000e+02;-3.6926311e-02;1.6750000e+02;-7.9781607e-02;1.6750000e+02;-1.2643842e-01;1.6750000e+02;-5.5182628e-02;1.6750000e+02;-1.3632225e-02;1.6750000e+02;4.7067601e-02;1.6750000e+02;1.2733229e-01;1.6750000e+02;2.1009150e-01;1.6750000e+02;2.6728457e-01;1.6750000e+02;3.0254814e-01;1.6750000e+02;2.9216126e-01;1.6750000e+02;2.3979014e-01;1.6750000e+02;2.2452398e-01;1.6750000e+02;1.9406626e-01;1.6750000e+02;1.4897393e-01;1.6750000e+02;9.8204285e-02;1.6750000e+02;5.5056818e-02;1.6750000e+02;6.1522350e-03;1.6750000e+02;-3.6926311e-02;1.6750000e+02;-7.9781607e-02;1.6750000e+02;-1.2643842e-01;1.6750000e+02;-5.5182628e-02;1.6750000e+02;-1.3632225e-02;1.6750000e+02;4.7067601e-02;1.6750000e+02;1.2733229e-01;1.6750000e+02;2.1009150e-01;1.6750000e+02;2.6728457e-01;1.6750000e+02;3.0254814e-01;1.6750000e+02;2.9216126e-01;1.6750000e+02;2.3979014e-01;1.6750000e+02;2.2452398e-01;1.6750000e+02;1.9406626e-01;1.6750000e+02;1.4897393e-01;1.6750000e+02;9.8204285e-02;1.6750000e+02;5.5056818e-02;1.6750000e+02;6.1522350e-03;1.6750000e+02;-3.6926311e-02;1.6750000e+02;-7.9781607e-02;1.6750000e+02;-1.2643842e-01;1.6750000e+02;-5.5182628e-02;1.6750000e+02;-1.3632225e-02;1.6750000e+02;4.7067601e-02;1.6750000e+02;1.2733229e-01;1.6750000e+02;2.1009150e-01;1.6750000e+02;2.6728457e-01;1.6750000e+02;3.0254814e-01;1.6750000e+02;2.9216126e-01;1.6750000e+02;2.3979014e-01;1.6750000e+02;2.2452398e-01;1.6750000e+02;1.9406626e-01;1.6750000e+02;1.4897393e-01;1.6750000e+02;9.8204285e-02;1.6750000e+02;5.5056818e-02;1.6750000e+02;6.1522350e-03;1.6750000e+02;-3.6926311e-02;1.6750000e+02;-7.9781607e-02;1.6750000e+02;-1.2643842e-01;1.6750000e+02;-5.5182628e-02;1.6750000e+02;-1.3632225e-02;1.6750000e+02;4.7067601e-02;1.6750000e+02;1.2733229e-01;1.6750000e+02;2.1009150e-01;1.6750000e+02;2.6728457e-01;1.6750000e+02;3.0254814e-01;1.6750000e+02;2.9216126e-01;1.6750000e+02;2.3979014e-01;1.6750000e+02;2.2452398e-01;1.6750000e+02;1.9406626e-01;1.6750000e+02;1.4897393e-01;1.6750000e+02;9.8204285e-02;1.6750000e+02;5.5056818e-02;1.6750000e+02;6.1522350e-03;1.6750000e+02;-3.6926311e-02;1.6750000e+02;-7.9781607e-02;1.6750000e+02;-1.2643842e-01;1.6750000e+02;-5.5182628e-02;1.6750000e+02;-1.3632225e-02;1.6750000e+02;4.7067601e-02;1.6750000e+02;1.2733229e-01;1.6750000e+02;2.1009150e-01;1.6750000e+02;2.6728457e-01;1.6750000e+02;3.0254814e-01;1.6750000e+02;2.9216126e-01;1.6750000e+02;2.3979014e-01;1.6750000e+02;2.2452398e-01;1.6750000e+02;1.9406626e-01;1.6750000e+02;1.4897393e-01;1.6750000e+02;9.8204285e-02;1.6750000e+02;5.5056818e-02;1.6750000e+02;6.1522350e-03;1.6750000e+02;-3.6926311e-02;1.6750000e+02;-7.9781607e-02;1.6750000e+02;-1.2643842e-01;1.6750000e+02;-5.5182628e-02;1.6750000e+02;-1.3632225e-02;1.6750000e+02;4.7067601e-02;1.6750000e+02;1.2733229e-01;1.6750000e+02;2.1009150e-01;1.6750000e+02;2.6728457e-01;1.6750000e+02;3.0254814e-01;1.6750000e+02;2.9216126e-01;1.6750000e+02;2.3979014e-01;1.6750000e+02;2.2452398e-01;1.6750000e+02;1.9406626e-01;1.6750000e+02;1.4897393e-01;1.6750000e+02;9.8204285e-02;1.6750000e+02;5.5056818e-02;1.6750000e+02;6.1522350e-03;1.6750000e+02;-3.6926311e-02;1.6750000e+02;-7.9781607e-02;1.6750000e+02;-1.2643842e-01;1.6750000e+02;-5.5182628e-02;1.6750000e+02;-1.3632225e-02;1.6750000e+02;4.7067601e-02;1.6750000e+02;1.2733229e-01;1.6750000e+02;2.1009150e-01;1.6750000e+02;2.6728457e-01;1.6750000e+02;3.0254814e-01;1.6750000e+02;2.9216126e-01;1.6750000e+02;2.3979014e-01;1.6750000e+02;2.2452398e-01;1.6750000e+02;1.9406626e-01;1.6750000e+02;1.4897393e-01;1.6750000e+02;9.8204285e-02;1.6750000e+02;5.5056818e-02;1.6750000e+02;6.1522350e-03;1.6750000e+02;-3.6926311e-02;1.6750000e+02;-7.9781607e-02;1.6750000e+02;-1.2643842e-01;1.6750000e+02;-5.5182628e-02;1.6750000e+02;-1.3632225e-02;1.6750000e+02;4.7067601e-02;1.6750000e+02;1.2733229e-01;1.6750000e+02;2.1009150e-01;1.6750000e+02;2.6728457e-01;1.6750000e+02;3.0254814e-01;1.6750000e+02;2.9216126e-01;1.6750000e+02;2.3979014e-01;1.6750000e+02;2.2452398e-01;1.6750000e+02;1.9406626e-01;1.6750000e+02;1.4897393e-01;1.6750000e+02;9.8204285e-02;1.6750000e+02;5.5056818e-02;1.6750000e+02;6.1522350e-03;1.6750000e+02;-3.6926311e-02;1.6750000e+02;-7.9781607e-02;1.6750000e+02;-1.2643842e-01;1.6750000e+02;-5.5182628e-02;1.6750000e+02;-1.3632225e-02;1.6750000e+02;4.7067601e-02;1.6750000e+02;1.2733229e-01;1.6750000e+02;2.1009150e-01;1.6750000e+02;2.6728457e-01;1.6750000e+02;3.0254814e-01;1.6750000e+02;2.9216126e-01;1.6750000e+02;2.3979014e-01;1.6750000e+02;2.2452398e-01;1.6750000e+02;1.9406626e-01;1.6750000e+02;1.4897393e-01;1.6750000e+02;9.8204285e-02;1.6750000e+02;5.5056818e-02;1.6750000e+02;6.1522350e-03;1.6750000e+02;-3.6926311e-02;1.6750000e+02;-7.9781607e-02;1.6750000e+02;-1.2643842e-01;1.6750000e+02;-5.5182628e-02;1.6750000e+02;-1.3632225e-02;1.6750000e+02;4.7067601e-02;1.6750000e+02;1.2733229e-01;1.6750000e+02;2.1009150e-01;1.6750000e+02;2.6728457e-01;1.6750000e+02;3.0254814e-01;1.6750000e+02;2.9216126e-01;1.6750000e+02;2.3979014e-01;1.6750000e+02;2.2452398e-01;1.6750000e+02;1.9406626e-01;1.6750000e+02;1.4897393e-01;1.6750000e+02;9.8204285e-02;1.6750000e+02;5.5056818e-02;1.6750000e+02;6.1522350e-03;1.6750000e+02;-3.6926311e-02;1.6750000e+02;-7.9781607e-02;1.6750000e+02;-1.2643842e-01;1.6750000e+02;-5.5182628e-02;1.6750000e+02;-1.3632225e-02;1.6750000e+02;4.7067601e-02;1.6750000e+02;1.2733229e-01;1.6750000e+02;2.1009150e-01;1.6750000e+02;2.6728457e-01;1.6750000e+02;3.0254814e-01;1.6750000e+02;2.9216126e-01;1.6750000e+02;2.3979014e-01;1.6750000e+02;2.2452398e-01;1.6750000e+02;1.9406626e-01;1.6750000e+02;1.4897393e-01;1.6750000e+02;9.8204285e-02;1.6750000e+02;5.5056818e-02;1.6750000e+02;6.1522350e-03;1.6750000e+02;-3.6926311e-02;1.6750000e+02;-7.9781607e-02;1.6750000e+02;-1.2643842e-01;1.6750000e+02;-5.5182628e-02;1.6750000e+02;-1.3632225e-02;1.6750000e+02;4.7067601e-02;1.6750000e+02;1.2733229e-01;1.6750000e+02;2.1009150e-01;1.6750000e+02;2.6728457e-01;1.6750000e+02;3.0254814e-01;1.6750000e+02;2.9216126e-01;1.6750000e+02;2.3979014e-01;1.6750000e+02;2.2452398e-01;1.6750000e+02;1.9406626e-01;1.6750000e+02;1.4897393e-01;1.6750000e+02;9.8204285e-02;1.6750000e+02;5.5056818e-02;1.6750000e+02;6.1522350e-03;1.6750000e+02;-3.6926311e-02;1.6750000e+02;-7.9781607e-02;1.6750000e+02;-1.2643842e-01;1.6750000e+02;-5.5182628e-02;1.6750000e+02;-1.3632225e-02;1.6750000e+02;4.7067601e-02;1.6750000e+02;1.2733229e-01;1.6750000e+02;2.1009150e-01;1.6750000e+02;2.6728457e-01;1.6750000e+02;3.0254814e-01;1.6750000e+02;2.9216126e-01;1.6750000e+02;2.3979014e-01;1.6750000e+02;2.2452398e-01;1.6750000e+02;1.9406626e-01;1.6750000e+02;1.4897393e-01;1.6750000e+02;9.8204285e-02;1.6750000e+02;5.5056818e-02;1.6750000e+02;6.1522350e-03;1.6750000e+02;-3.6926311e-02;1.6750000e+02;-7.9781607e-02;1.6750000e+02;-1.2643842e-01;1.6750000e+02;-5.5182628e-02;1.6750000e+02;-1.3632225e-02;1.6750000e+02;4.7067601e-02;1.6750000e+02;1.2733229e-01;1.6750000e+02;2.1009150e-01;1.6750000e+02;2.6728457e-01;1.6750000e+02;3.0254814e-01;1.6750000e+02;2.9216126e-01;1.6750000e+02;2.3979014e-01;1.6750000e+02;2.2452398e-01;1.6750000e+02;1.9406626e-01;1.6750000e+02;1.4897393e-01;1.6750000e+02;9.8204285e-02;1.6750000e+02;5.5056818e-02;1.6750000e+02;6.1522350e-03;1.6750000e+02;-3.6926311e-02;1.6750000e+02;-7.9781607e-02;1.6750000e+02;-1.2643842e-01;1.6750000e+02;-5.5182628e-02;1.6750000e+02;-1.3632225e-02;1.6750000e+02;4.7067601e-02;1.6750000e+02;1.2733229e-01;1.6750000e+02;2.1009150e-01;1.6750000e+02;2.6728457e-01;1.6750000e+02;3.0254814e-01;1.6750000e+02;2.9216126e-01;1.6750000e+02;2.3979014e-01;1.6750000e+02;2.2452398e-01;1.6750000e+02;1.9406626e-01;1.6750000e+02;1.4897393e-01;1.6750000e+02;9.8204285e-02;1.6750000e+02;5.5056818e-02;1.6750000e+02;6.1522350e-03;1.6750000e+02;-3.6926311e-02;1.6750000e+02;-7.9781607e-02;1.6750000e+02;-1.2643842e-01;1.6750000e+02;-5.5182628e-02;1.6750000e+02;-1.3632225e-02;1.6750000e+02;4.7067601e-02;1.6750000e+02;1.2733229e-01;1.6750000e+02;2.1009150e-01;1.6750000e+02;2.6728457e-01;1.6750000e+02;3.0254814e-01;1.6750000e+02;2.9216126e-01;1.6750000e+02;2.3979014e-01;1.6750000e+02;2.2452398e-01;1.6750000e+02;1.9406626e-01;1.6750000e+02;1.4897393e-01;1.6750000e+02;9.8204285e-02;1.6750000e+02;5.5056818e-02;1.6750000e+02;6.1522350e-03;1.6750000e+02;-3.6926311e-02;1.6750000e+02;-7.9781607e-02;1.6750000e+02;-1.2643842e-01;1.6750000e+02;-5.5182628e-02;1.6750000e+02;-1.3632225e-02;1.6750000e+02;4.7067601e-02;1.6750000e+02;1.2733229e-01;1.6750000e+02;2.1009150e-01;1.6750000e+02;2.6728457e-01;1.6750000e+02;3.0254814e-01;1.6750000e+02;2.9216126e-01;1.6750000e+02;2.3979014e-01;1.6750000e+02;2.2452398e-01;1.6750000e+02;1.9406626e-01;1.6750000e+02;1.4897393e-01;1.6750000e+02;9.8204285e-02;1.6750000e+02;5.5056818e-02;1.6750000e+02;6.1522350e-03;1.6750000e+02;-3.6926311e-02;1.6750000e+02;-7.9781607e-02;1.6750000e+02;-1.2643842e-01;1.6750000e+02;-5.5182628e-02;1.6750000e+02;-1.3632225e-02;1.6750000e+02;4.7067601e-02;1.6750000e+02;1.2733229e-01;1.6750000e+02;2.1009150e-01;1.6750000e+02;2.6728457e-01;1.6750000e+02;3.0254814e-01;1.6750000e+02;2.9216126e-01;1.6750000e+02;2.3979014e-01;1.6750000e+02;2.2452398e-01;1.6750000e+02;1.9406626e-01;1.6750000e+02;1.4897393e-01;1.6750000e+02;9.8204285e-02;1.6750000e+02;5.5056818e-02;1.6750000e+02;6.1522350e-03;1.6750000e+02;-3.6926311e-02;1.6750000e+02;-7.9781607e-02;1.6750000e+02;-1.2643842e-01;1.6750000e+02;-5.5182628e-02;1.6750000e+02;-1.3632225e-02;1.6750000e+02;4.7067601e-02;1.6750000e+02;1.2733229e-01;1.6750000e+02;2.1009150e-01;1.6750000e+02;2.6728457e-01;1.6750000e+02;3.0254814e-01;1.6750000e+02;2.9216126e-01;1.6750000e+02;2.3979014e-01;1.6750000e+02;2.2452398e-01;1.6750000e+02;1.9406626e-01;1.6750000e+02;1.4897393e-01;1.6750000e+02;9.8204285e-02;1.6750000e+02;5.5056818e-02;1.6750000e+02;6.1522350e-03;1.6750000e+02;-3.6926311e-02;1.6750000e+02;-7.9781607e-02;1.6750000e+02;-1.2643842e-01;1.6750000e+02;-5.5182628e-02;1.6750000e+02;-1.3632225e-02;1.6750000e+02;4.7067601e-02;1.6750000e+02;1.2733229e-01;1.6750000e+02;2.1009150e-01;1.6750000e+02;2.6728457e-01;1.6750000e+02;3.0254814e-01;1.6750000e+02;2.9216126e-01;1.6750000e+02;2.3979014e-01;1.6750000e+02;2.2452398e-01;1.6750000e+02;1.9406626e-01;1.6750000e+02;1.4897393e-01;1.6750000e+02;9.8204285e-02;1.6750000e+02;5.5056818e-02;1.6750000e+02;6.1522350e-03;1.6750000e+02;-3.6926311e-02;1.6750000e+02;-7.9781607e-02;1.6750000e+02;-1.2643842e-01;1.6750000e+02;-5.5182628e-02;1.6750000e+02;-1.3632225e-02;1.6750000e+02;4.7067601e-02;1.6750000e+02;1.2733229e-01;1.6750000e+02;2.1009150e-01;1.6750000e+02;2.6728457e-01;1.6750000e+02;3.0254814e-01;1.6750000e+02;2.9216126e-01;1.6750000e+02;2.3979014e-01;1.6750000e+02;2.2452398e-01;1.6750000e+02;1.9406626e-01;1.6750000e+02;1.4897393e-01;1.6750000e+02;9.8204285e-02;1.6750000e+02;5.5056818e-02;1.6750000e+02;6.1522350e-03;1.6750000e+02;-3.6926311e-02;1.6750000e+02;-7.9781607e-02;1.6750000e+02;-1.2643842e-01;1.6750000e+02;-5.5182628e-02;1.6750000e+02;-1.3632225e-02;1.6750000e+02;4.7067601e-02;1.6750000e+02;1.2733229e-01;1.6750000e+02;2.1009150e-01;1.6750000e+02;2.6728457e-01;1.6750000e+02;3.0254814e-01;1.6750000e+02;2.9216126e-01;1.6750000e+02;2.3979014e-01;1.6750000e+02;2.2452398e-01;1.6750000e+02;1.9406626e-01;1.6750000e+02;1.4897393e-01;1.6750000e+02;9.8204285e-02;1.6750000e+02;5.5056818e-02;1.6750000e+02;6.1522350e-03;1.6750000e+02;-3.6926311e-02;1.6750000e+02;-7.9781607e-02;1.6750000e+02;-1.2643842e-01;1.6750000e+02;-5.5182628e-02;1.6750000e+02;-1.3632225e-02;1.6750000e+02;4.7067601e-02;1.6750000e+02;1.2733229e-01;1.6750000e+02;2.1009150e-01;1.6750000e+02;2.6728457e-01;1.6750000e+02;3.0254814e-01;1.6750000e+02;2.9216126e-01;1.6750000e+02;2.3979014e-01;1.6750000e+02;2.2452398e-01;1.6750000e+02;1.9406626e-01;1.6750000e+02;1.4897393e-01;1.6750000e+02;9.8204285e-02;1.6750000e+02;5.5056818e-02;1.6750000e+02;6.1522350e-03;1.6750000e+02;-3.6926311e-02;1.6750000e+02;-7.9781607e-02;1.6750000e+02;-1.2643842e-01;1.6750000e+02;-5.5182628e-02;1.6750000e+02;-1.3632225e-02;1.6750000e+02;4.7067601e-02;1.6750000e+02;1.2733229e-01;1.6750000e+02;2.1009150e-01;1.6750000e+02;2.6728457e-01;1.6750000e+02;3.0254814e-01;1.6750000e+02;2.9216126e-01;1.6750000e+02;2.3979014e-01;1.6750000e+02;2.2452398e-01;1.6750000e+02;1.9406626e-01;1.6750000e+02;1.4897393e-01;1.6750000e+02;9.8204285e-02;1.6750000e+02;5.5056818e-02;1.6750000e+02;6.1522350e-03;1.6750000e+02;-3.6926311e-02;1.6750000e+02;-7.9781607e-02;1.6750000e+02;-1.2643842e-01;1.6750000e+02;-5.5182628e-02;1.6750000e+02;-1.3632225e-02;1.6750000e+02;4.7067601e-02;1.6750000e+02;1.2733229e-01;1.6750000e+02;2.1009150e-01;1.6750000e+02;2.6728457e-01;1.6750000e+02;3.0254814e-01;1.6750000e+02;2.9216126e-01;1.6750000e+02;2.3979014e-01;1.6750000e+02;2.2452398e-01;1.6750000e+02;1.9406626e-01;1.6750000e+02;1.4897393e-01;1.6750000e+02;9.8204285e-02;1.6750000e+02;5.5056818e-02;1.6750000e+02;6.1522350e-03;1.6750000e+02;-3.6926311e-02;1.6750000e+02;-7.9781607e-02;1.6750000e+02;-1.2643842e-01;1.6750000e+02;-5.5182628e-02;1.6750000e+02;-1.3632225e-02;1.6750000e+02;4.7067601e-02;1.6750000e+02;1.2733229e-01;1.6750000e+02;2.1009150e-01;1.6750000e+02;2.6728457e-01;1.6750000e+02;3.0254814e-01;1.6750000e+02;2.9216126e-01;1.6750000e+02;2.3979014e-01;1.6750000e+02;2.2452398e-01;1.6750000e+02;1.9406626e-01;1.6750000e+02;1.4897393e-01;1.6750000e+02;9.8204285e-02;1.6750000e+02;5.5056818e-02;1.6750000e+02;6.1522350e-03;1.6750000e+02;-3.6926311e-02;1.6750000e+02;-7.9781607e-02;1.6750000e+02;-1.2643842e-01;1.6750000e+02;-5.5182628e-02;1.6750000e+02;-1.3632225e-02;1.6750000e+02;4.7067601e-02;1.6750000e+02;1.2733229e-01;1.6750000e+02;2.1009150e-01;1.6750000e+02;2.6728457e-01;1.6750000e+02;3.0254814e-01;1.6750000e+02;2.9216126e-01;1.6750000e+02;2.3979014e-01;1.6750000e+02;2.2452398e-01;1.6750000e+02;1.9406626e-01;1.6750000e+02;1.4897393e-01;1.6750000e+02;9.8204285e-02;1.6750000e+02;5.5056818e-02;1.6750000e+02;6.1522350e-03;1.6750000e+02;-3.6926311e-02;1.6750000e+02;-7.9781607e-02;1.6750000e+02;-1.2643842e-01;1.6750000e+02;-5.5182628e-02;1.6750000e+02;-1.3632225e-02;1.6750000e+02;4.7067601e-02;1.6750000e+02;1.2733229e-01;1.6750000e+02;2.1009150e-01;1.6750000e+02;2.6728457e-01;1.6750000e+02;3.0254814e-01;1.6750000e+02;2.9216126e-01;1.6750000e+02;2.3979014e-01;1.6750000e+02;2.2452398e-01;1.6750000e+02;1.9406626e-01;1.6750000e+02;1.4897393e-01;1.6750000e+02;9.8204285e-02;1.6750000e+02;5.5056818e-02;1.6750000e+02;6.1522350e-03;1.6750000e+02;-3.6926311e-02;1.6750000e+02;-7.9781607e-02;1.6750000e+02;-1.2643842e-01;1.6750000e+02;-5.5182628e-02;1.6750000e+02;-1.3632225e-02;1.6750000e+02;4.7067601e-02;1.6750000e+02;1.2733229e-01;1.6750000e+02;2.1009150e-01;1.6750000e+02;2.6728457e-01;1.6750000e+02;3.0254814e-01;1.6750000e+02;2.9216126e-01;1.6750000e+02;2.3979014e-01;1.6750000e+02;2.2452398e-01;1.6750000e+02;1.9406626e-01;1.6750000e+02;1.4897393e-01;1.6750000e+02;9.8204285e-02;1.6750000e+02;5.5056818e-02;1.6750000e+02;6.1522350e-03;1.6750000e+02;-3.6926311e-02;1.6750000e+02;-7.9781607e-02;1.6750000e+02;-1.2643842e-01;1.6750000e+02;-5.5182628e-02;1.6750000e+02;-1.3632225e-02;1.6750000e+02;4.7067601e-02;1.6750000e+02;1.2733229e-01;1.6750000e+02;2.1009150e-01;1.6750000e+02;2.6728457e-01;1.6750000e+02;3.0254814e-01;1.6750000e+02;2.9216126e-01;1.6750000e+02;2.3979014e-01;1.6750000e+02;2.2452398e-01;1.6750000e+02;1.9406626e-01;1.6750000e+02;1.4897393e-01;1.6750000e+02;9.8204285e-02;1.6750000e+02;5.5056818e-02;1.6750000e+02;6.1522350e-03;1.6750000e+02;-3.6926311e-02;1.6750000e+02;-7.9781607e-02;1.6750000e+02;-1.2643842e-01;1.6750000e+02;-5.5182628e-02;1.6750000e+02;-1.3632225e-02;1.6750000e+02;4.7067601e-02;1.6750000e+02;1.2733229e-01;1.6750000e+02;2.1009150e-01;1.6750000e+02;2.6728457e-01;1.6750000e+02;3.0254814e-01;1.6750000e+02;2.9216126e-01;1.6750000e+02;2.3979014e-01;1.6750000e+02;2.2452398e-01;1.6750000e+02;1.9406626e-01;1.6750000e+02;1.4897393e-01;1.6750000e+02;9.8204285e-02;1.6750000e+02;5.5056818e-02;1.6750000e+02;6.1522350e-03;1.6750000e+02;-3.6926311e-02;1.6750000e+02;-7.9781607e-02;1.6750000e+02;-1.2643842e-01;1.6750000e+02;-5.5182628e-02;1.6750000e+02;-1.3632225e-02;1.6750000e+02;4.7067601e-02;1.6750000e+02;1.2733229e-01;1.6750000e+02;2.1009150e-01;1.6750000e+02;2.6728457e-01;1.6750000e+02;3.0254814e-01;1.6750000e+02;2.9216126e-01;1.6750000e+02;2.3979014e-01;1.6750000e+02;2.2452398e-01;1.6750000e+02;1.9406626e-01;1.6750000e+02;1.4897393e-01;1.6750000e+02;9.8204285e-02;1.6750000e+02;5.5056818e-02;1.6750000e+02;6.1522350e-03;1.6750000e+02;-3.6926311e-02;1.6750000e+02;-7.9781607e-02;1.6750000e+02;-1.2643842e-01;1.6750000e+02;-5.5182628e-02;1.6750000e+02;-1.3632225e-02;1.6750000e+02;4.7067601e-02;1.6750000e+02;1.2733229e-01;1.6750000e+02;2.1009150e-01;1.6750000e+02;2.6728457e-01;1.6750000e+02;3.0254814e-01;1.6750000e+02;2.9216126e-01;1.6750000e+02;2.3979014e-01;1.6750000e+02;2.2452398e-01;1.6750000e+02;1.9406626e-01;1.6750000e+02;1.4897393e-01;1.6750000e+02;9.8204285e-02;1.6750000e+02;5.5056818e-02;1.6750000e+02;6.1522350e-03;1.6750000e+02;-3.6926311e-02;1.6750000e+02;-7.9781607e-02;1.6750000e+02;-1.2643842e-01;1.6750000e+02;-5.5182628e-02;1.6750000e+02;-1.3632225e-02;1.6750000e+02;4.7067601e-02;1.6750000e+02;1.2733229e-01;1.6750000e+02;2.1009150e-01;1.6750000e+02;2.6728457e-01;1.6750000e+02;3.0254814e-01;1.6750000e+02;2.9216126e-01;1.6750000e+02;2.3979014e-01;1.6750000e+02;2.2452398e-01;1.6750000e+02;1.9406626e-01;1.6750000e+02;1.4897393e-01;1.6750000e+02;9.8204285e-02;1.6750000e+02;5.5056818e-02;1.6750000e+02;6.1522350e-03;1.6750000e+02;-3.6926311e-02;1.6750000e+02;-7.9781607e-02;1.6750000e+02;-1.2643842e-01;1.6750000e+02;-5.5182628e-02;1.6750000e+02;-1.3632225e-02;1.6750000e+02;4.7067601e-02;1.6750000e+02;1.2733229e-01;1.6750000e+02;2.1009150e-01;1.6750000e+02;2.6728457e-01;1.6750000e+02;3.0254814e-01;1.6750000e+02;2.9216126e-01;1.6750000e+02;2.3979014e-01;1.6750000e+02;2.2452398e-01;1.6750000e+02;1.9406626e-01;1.6750000e+02;1.4897393e-01;1.6750000e+02;9.8204285e-02;1.6750000e+02;5.5056818e-02;1.6750000e+02;6.1522350e-03;1.6750000e+02;-3.6926311e-02;1.6750000e+02;-7.9781607e-02;1.6750000e+02;-1.2643842e-01;1.6750000e+02;-5.5182628e-02;1.6750000e+02;-1.3632225e-02;1.6750000e+02;4.7067601e-02;1.6750000e+02;1.2733229e-01;1.6750000e+02;2.1009150e-01;1.6750000e+02;2.6728457e-01;1.6750000e+02;3.0254814e-01;1.6750000e+02;2.9216126e-01;1.6750000e+02;2.3979014e-01;1.6750000e+02;2.2452398e-01;1.6750000e+02;1.9406626e-01;1.6750000e+02;1.4897393e-01;1.6750000e+02;9.8204285e-02;1.6750000e+02;5.5056818e-02;1.6750000e+02;6.1522350e-03;1.6750000e+02;-3.6926311e-02;1.6750000e+02;-7.9781607e-02;1.6750000e+02;-1.2643842e-01;1.6750000e+02;-5.5182628e-02;1.6750000e+02;-1.3632225e-02;1.6750000e+02;4.7067601e-02;1.6750000e+02;1.2733229e-01;1.6750000e+02;2.1009150e-01;1.6750000e+02;2.6728457e-01;1.6750000e+02;3.0254814e-01;1.6750000e+02;2.9216126e-01;1.6750000e+02;2.3979014e-01;1.6750000e+02;2.2452398e-01;1.6750000e+02;1.9406626e-01;1.6750000e+02;1.4897393e-01;1.6750000e+02;9.8204285e-02;1.6750000e+02;5.5056818e-02;1.6750000e+02;6.1522350e-03;1.6750000e+02;-3.6926311e-02;1.6750000e+02;-7.9781607e-02;1.6750000e+02;-1.2643842e-01;1.6750000e+02;-5.5182628e-02;1.6750000e+02;-1.3632225e-02;1.6750000e+02;4.7067601e-02;1.6750000e+02;1.2733229e-01;1.6750000e+02;2.1009150e-01;1.6750000e+02;2.6728457e-01;1.6750000e+02;3.0254814e-01;1.6750000e+02;2.9216126e-01;1.6750000e+02;2.3979014e-01;1.6750000e+02;2.2452398e-01;1.6750000e+02;1.9406626e-01;1.6750000e+02;1.4897393e-01;1.6750000e+02;9.8204285e-02;1.6750000e+02;5.5056818e-02;1.6750000e+02;6.1522350e-03;1.6750000e+02;-3.6926311e-02;1.6750000e+02;-7.9781607e-02;1.6750000e+02;-1.2643842e-01;1.6750000e+02;-5.5182628e-02;1.6750000e+02;-1.3632225e-02;1.6750000e+02;4.7067601e-02;1.6750000e+02;1.2733229e-01;1.6750000e+02;2.1009150e-01;1.6750000e+02;2.6728457e-01;1.6750000e+02;3.0254814e-01;1.6750000e+02;2.9216126e-01;1.6750000e+02;2.3979014e-01;1.6750000e+02;2.2452398e-01;1.6750000e+02;1.9406626e-01;1.6750000e+02;1.4897393e-01;1.6750000e+02;9.8204285e-02;1.6750000e+02;5.5056818e-02;1.6750000e+02;6.1522350e-03;1.6750000e+02;-3.6926311e-02;1.6750000e+02;-7.9781607e-02;1.6750000e+02;-1.2643842e-01;1.6750000e+02;-5.5182628e-02;1.6750000e+02;-1.3632225e-02;1.6750000e+02;4.7067601e-02;1.6750000e+02;1.2733229e-01;1.6750000e+02;2.1009150e-01;1.6750000e+02;2.6728457e-01;1.6750000e+02;3.0254814e-01;1.6750000e+02;2.9216126e-01;1.6750000e+02;2.3979014e-01;1.6750000e+02;2.2452398e-01;1.6750000e+02;1.9406626e-01;1.6750000e+02;1.4897393e-01;1.6750000e+02;9.8204285e-02;1.6750000e+02;5.5056818e-02;1.6750000e+02;6.1522350e-03;1.6750000e+02;-3.6926311e-02;1.6750000e+02;-7.9781607e-02;1.6750000e+02;-1.2643842e-01;1.6750000e+02;-5.5182628e-02;1.6750000e+02;-1.3632225e-02;1.6750000e+02;4.7067601e-02;1.6750000e+02;1.2733229e-01;1.6750000e+02;2.1009150e-01;1.6750000e+02;2.6728457e-01;1.6750000e+02;3.0254814e-01;1.6750000e+02;2.9216126e-01;1.6750000e+02;2.3979014e-01;1.6750000e+02;2.2452398e-01;1.6750000e+02;1.9406626e-01;1.6750000e+02;1.4897393e-01;1.6750000e+02;9.8204285e-02;1.6750000e+02;5.5056818e-02;1.6750000e+02;6.1522350e-03;1.6750000e+02;-3.6926311e-02;1.6750000e+02;-7.9781607e-02;1.6750000e+02;-1.2643842e-01;1.6750000e+02;-5.5182628e-02;1.6750000e+02;-1.3632225e-02;1.6750000e+02;4.7067601e-02;1.6750000e+02;1.2733229e-01;1.6750000e+02;2.1009150e-01;1.6750000e+02;2.6728457e-01;1.6750000e+02;3.0254814e-01;1.6750000e+02;2.9216126e-01;1.6750000e+02;2.3979014e-01;1.6750000e+02;2.2452398e-01;1.6750000e+02;1.9406626e-01;1.6750000e+02;1.4897393e-01;1.6750000e+02;9.8204285e-02;1.6750000e+02;5.5056818e-02;1.6750000e+02;6.1522350e-03;1.6750000e+02;-3.6926311e-02;1.6750000e+02;-7.9781607e-02;1.6750000e+02;-1.2643842e-01;1.6750000e+02;-5.5182628e-02;1.6750000e+02;-1.3632225e-02;1.6750000e+02;4.7067601e-02;1.6750000e+02;1.2733229e-01;1.6750000e+02;2.1009150e-01;1.6750000e+02;2.6728457e-01;1.6750000e+02;3.0254814e-01;1.6750000e+02;2.9216126e-01;1.6750000e+02;2.3979014e-01;1.6750000e+02;2.2452398e-01;1.6750000e+02;1.9406626e-01;1.6750000e+02;1.4897393e-01;1.6750000e+02;9.8204285e-02;1.6750000e+02;5.5056818e-02;1.6750000e+02;6.1522350e-03;1.6750000e+02;-3.6926311e-02;1.6750000e+02;-7.9781607e-02;1.6750000e+02;-1.2643842e-01;1.6750000e+02;-5.5182628e-02;1.6750000e+02;-1.3632225e-02;1.6750000e+02;4.7067601e-02;1.6750000e+02;1.2733229e-01;1.6750000e+02;2.1009150e-01;1.6750000e+02;2.6728457e-01;1.6750000e+02;3.0254814e-01;1.6750000e+02;2.9216126e-01;1.6750000e+02;2.3979014e-01;1.6750000e+02;2.2452398e-01;1.6750000e+02;1.9406626e-01;1.6750000e+02;1.4897393e-01;1.6750000e+02;9.8204285e-02;1.6750000e+02;5.5056818e-02;1.6750000e+02;6.1522350e-03;1.6750000e+02;-3.6926311e-02;1.6750000e+02;-7.9781607e-02;1.6750000e+02;-1.2643842e-01;1.6750000e+02;-5.5182628e-02;1.6750000e+02;-1.3632225e-02;1.6750000e+02;4.7067601e-02;1.6750000e+02;1.2733229e-01;1.6750000e+02;2.1009150e-01;1.6750000e+02;2.6728457e-01;1.6750000e+02;3.0254814e-01;1.6750000e+02;2.9216126e-01;1.6750000e+02;2.3979014e-01;1.6750000e+02;2.2452398e-01;1.6750000e+02;1.9406626e-01;1.6750000e+02;1.4897393e-01;1.6750000e+02;9.8204285e-02;1.6750000e+02;5.5056818e-02;1.6750000e+02;6.1522350e-03;1.6750000e+02;-3.6926311e-02;1.6750000e+02;-7.9781607e-02;1.6750000e+02;-1.2643842e-01;1.6750000e+02;-5.5182628e-02;1.6750000e+02;-1.3632225e-02;1.6750000e+02;4.7067601e-02;1.6750000e+02;1.2733229e-01;1.6750000e+02;2.1009150e-01;1.6750000e+02;2.6728457e-01;1.6750000e+02;3.0254814e-01;1.6750000e+02;2.9216126e-01;1.6750000e+02;2.3979014e-01;1.6750000e+02;2.2452398e-01;1.6750000e+02;1.9406626e-01;1.6750000e+02;1.4897393e-01;1.6750000e+02;9.8204285e-02;1.6750000e+02;5.5056818e-02;1.6750000e+02;6.1522350e-03;1.6750000e+02;-3.6926311e-02;1.6750000e+02;-7.9781607e-02;1.6750000e+02;-1.2643842e-01;1.6750000e+02;-5.5182628e-02;1.6750000e+02;-1.3632225e-02;1.6750000e+02;4.7067601e-02;1.6750000e+02;1.2733229e-01;1.6750000e+02;2.1009150e-01;1.6750000e+02;2.6728457e-01;1.6750000e+02;3.0254814e-01;1.6750000e+02;2.9216126e-01;1.6750000e+02;2.3979014e-01;1.6750000e+02;2.2452398e-01;1.6750000e+02;1.9406626e-01;1.6750000e+02;1.4897393e-01;1.6750000e+02;9.8204285e-02;1.6750000e+02;5.5056818e-02;1.6750000e+02;6.1522350e-03;1.6750000e+02;-3.6926311e-02;1.6750000e+02;-7.9781607e-02;1.6750000e+02;-1.2643842e-01;1.6750000e+02;-5.5182628e-02;1.6750000e+02;-1.3632225e-02;1.6750000e+02;4.7067601e-02;1.6750000e+02;1.2733229e-01;1.6750000e+02;2.1009150e-01;1.6750000e+02;2.6728457e-01;1.6750000e+02;3.0254814e-01;1.6750000e+02;2.9216126e-01;1.6750000e+02;2.3979014e-01;1.6750000e+02;2.2452398e-01;1.6750000e+02;1.9406626e-01;1.6750000e+02;1.4897393e-01;1.6750000e+02;9.8204285e-02;1.6750000e+02;5.5056818e-02;1.6750000e+02;6.1522350e-03;1.6750000e+02;-3.6926311e-02;1.6750000e+02;-7.9781607e-02;1.6750000e+02;-1.2643842e-01;1.6750000e+02;-5.5182628e-02;1.6750000e+02;-1.3632225e-02;1.6750000e+02;4.7067601e-02;1.6750000e+02;1.2733229e-01;1.6750000e+02;2.1009150e-01;1.6750000e+02;2.6728457e-01;1.6750000e+02;3.0254814e-01;1.6750000e+02;2.9216126e-01;1.6750000e+02;2.3979014e-01;1.6750000e+02;2.2452398e-01;1.6750000e+02;1.9406626e-01;1.6750000e+02;1.4897393e-01;1.6750000e+02;9.8204285e-02;1.6750000e+02;5.5056818e-02;1.6750000e+02;6.1522350e-03;1.6750000e+02;-3.6926311e-02;1.6750000e+02;-7.9781607e-02;1.6750000e+02;-1.2643842e-01;1.6750000e+02;-5.5182628e-02;1.6750000e+02;-1.3632225e-02;1.6750000e+02;4.7067601e-02;1.6750000e+02;1.2733229e-01;1.6750000e+02;2.1009150e-01;1.6750000e+02;2.6728457e-01;1.6750000e+02;3.0254814e-01;1.6750000e+02;2.9216126e-01;1.6750000e+02;2.3979014e-01;1.6750000e+02;2.2452398e-01;1.6750000e+02;1.9406626e-01;1.6750000e+02;1.4897393e-01;1.6750000e+02;9.8204285e-02;1.6750000e+02;5.5056818e-02;1.6750000e+02;6.1522350e-03;1.6750000e+02;-3.6926311e-02;1.6750000e+02;-7.9781607e-02;1.6750000e+02;-1.2643842e-01;1.6750000e+02;-5.5182628e-02;1.6750000e+02;-1.3632225e-02;1.6750000e+02;4.7067601e-02;1.6750000e+02;1.2733229e-01;1.6750000e+02;2.1009150e-01;1.6750000e+02;2.6728457e-01;1.6750000e+02;3.0254814e-01;1.6750000e+02;2.9216126e-01;1.6750000e+02;2.3979014e-01;1.6750000e+02;2.2452398e-01;1.6750000e+02;1.9406626e-01;1.6750000e+02;1.4897393e-01;1.6750000e+02;9.8204285e-02;1.6750000e+02;5.5056818e-02;1.6750000e+02;6.1522350e-03;1.6750000e+02;-3.6926311e-02;1.6750000e+02;-7.9781607e-02;1.6750000e+02;-1.2643842e-01;1.6750000e+02;-5.5182628e-02;1.6750000e+02;-1.3632225e-02;1.6750000e+02;4.7067601e-02;1.6750000e+02;1.2733229e-01;1.6750000e+02;2.1009150e-01;1.6750000e+02;2.6728457e-01;1.6750000e+02;3.0254814e-01;1.6750000e+02;2.9216126e-01;1.6750000e+02;2.3979014e-01;1.6750000e+02;2.2452398e-01;1.6750000e+02;1.9406626e-01;1.6750000e+02;1.4897393e-01;1.6750000e+02;9.8204285e-02;1.6750000e+02;5.5056818e-02;1.6750000e+02;6.1522350e-03;1.6750000e+02;-3.6926311e-02;1.6750000e+02;-7.9781607e-02;1.6750000e+02;-1.2643842e-01;1.6750000e+02;-5.5182628e-02;1.6750000e+02;-1.3632225e-02;1.6750000e+02;4.7067601e-02;1.6750000e+02;1.2733229e-01;1.6750000e+02;2.1009150e-01;1.6750000e+02;2.6728457e-01;1.6750000e+02;3.0254814e-01;1.6750000e+02;2.9216126e-01;1.6750000e+02;2.3979014e-01;1.6750000e+02;2.2452398e-01;1.6750000e+02;1.9406626e-01;1.6750000e+02;1.4897393e-01;1.6750000e+02;9.8204285e-02;1.6750000e+02;5.5056818e-02;1.6750000e+02;6.1522350e-03;1.6750000e+02;-3.6926311e-02;1.6750000e+02;-7.9781607e-02;1.6750000e+02;-1.2643842e-01;1.6750000e+02;-5.5182628e-02;1.6750000e+02;-1.3632225e-02;1.6750000e+02;4.7067601e-02;1.6750000e+02;1.2733229e-01;1.6750000e+02;2.1009150e-01;1.6750000e+02;2.6728457e-01;1.6750000e+02;3.0254814e-01;1.6750000e+02;2.9216126e-01;1.6750000e+02;2.3979014e-01;1.6750000e+02;2.2452398e-01;1.6750000e+02;1.9406626e-01;1.6750000e+02;1.4897393e-01;1.6750000e+02;9.8204285e-02;1.6750000e+02;5.5056818e-02;1.6750000e+02;6.1522350e-03;1.6750000e+02;-3.6926311e-02;1.6750000e+02;-7.9781607e-02;1.6750000e+02;-1.2643842e-01;1.6750000e+02;-5.5182628e-02;1.6750000e+02;-1.3632225e-02;1.6750000e+02;4.7067601e-02;1.6750000e+02;1.2733229e-01;1.6750000e+02;2.1009150e-01;1.6750000e+02;2.6728457e-01;1.6750000e+02;3.0254814e-01;1.6750000e+02;2.9216126e-01;1.6750000e+02;2.3979014e-01;1.6750000e+02;2.2452398e-01;1.6750000e+02;1.9406626e-01;1.6750000e+02;1.4897393e-01;1.6750000e+02;9.8204285e-02;1.6750000e+02;5.5056818e-02;1.6750000e+02;6.1522350e-03;1.6750000e+02;-3.6926311e-02;1.6750000e+02;-7.9781607e-02;1.6750000e+02;-1.2643842e-01;1.6750000e+02;-5.5182628e-02;1.6750000e+02;-1.3632225e-02;1.6750000e+02;4.7067601e-02;1.6750000e+02;1.2733229e-01;1.6750000e+02;2.1009150e-01;1.6750000e+02;2.6728457e-01;1.6750000e+02;3.0254814e-01;1.6750000e+02;2.9216126e-01;1.6750000e+02;2.3979014e-01;1.6750000e+02;2.2452398e-01;1.6750000e+02;1.9406626e-01;1.6750000e+02;1.4897393e-01;1.6750000e+02;9.8204285e-02;1.6750000e+02;5.5056818e-02;1.6750000e+02;6.1522350e-03;1.6750000e+02;-3.6926311e-02;1.6750000e+02;-7.9781607e-02;1.6750000e+02;-1.2643842e-01;1.6750000e+02;-5.5182628e-02;1.6750000e+02;-1.3632225e-02;1.6750000e+02;4.7067601e-02;1.6750000e+02;1.2733229e-01;1.6750000e+02;2.1009150e-01;1.6750000e+02;2.6728457e-01;1.6750000e+02;3.0254814e-01;1.6750000e+02;2.9216126e-01;1.6750000e+02;2.3979014e-01;1.6750000e+02;2.2452398e-01;1.6750000e+02;1.9406626e-01;1.6750000e+02;1.4897393e-01;1.6750000e+02;9.8204285e-02;1.6750000e+02;5.5056818e-02;1.6750000e+02;6.1522350e-03;1.6750000e+02;-3.6926311e-02;1.6750000e+02;-7.9781607e-02;1.6750000e+02;-1.2643842e-01;1.6750000e+02;-5.5182628e-02;1.6750000e+02;-1.3632225e-02;1.6750000e+02;4.7067601e-02;1.6750000e+02;1.2733229e-01;1.6750000e+02;2.1009150e-01;1.6750000e+02;2.6728457e-01;1.6750000e+02;3.0254814e-01;1.6750000e+02;2.9216126e-01;1.6750000e+02;2.3979014e-01;1.6750000e+02;2.2452398e-01;1.6750000e+02;1.9406626e-01;1.6750000e+02;1.4897393e-01;1.6750000e+02;9.8204285e-02;1.6750000e+02;5.5056818e-02;1.6750000e+02;6.1522350e-03;1.6750000e+02;-3.6926311e-02;1.6750000e+02;-7.9781607e-02;1.6750000e+02;-1.2643842e-01;1.6750000e+02;-5.5182628e-02;1.6750000e+02;-1.3632225e-02;1.6750000e+02;4.7067601e-02;1.6750000e+02;1.2733229e-01;1.6750000e+02;2.1009150e-01;1.6750000e+02;2.6728457e-01;1.6750000e+02;3.0254814e-01;1.6750000e+02;2.9216126e-01;1.6750000e+02;2.3979014e-01;1.6750000e+02;2.2452398e-01;1.6750000e+02;1.9406626e-01;1.6750000e+02;1.4897393e-01;1.6750000e+02;9.8204285e-02;1.6750000e+02;5.5056818e-02;1.6750000e+02;6.1522350e-03;1.6750000e+02;-3.6926311e-02;1.6750000e+02;-7.9781607e-02;1.6750000e+02;-1.2643842e-01;1.6750000e+02;-5.5182628e-02;1.6750000e+02;-1.3632225e-02;1.6750000e+02;4.7067601e-02;1.6750000e+02;1.2733229e-01;1.6750000e+02;2.1009150e-01;1.6750000e+02;2.6728457e-01;1.6750000e+02;3.0254814e-01;1.6750000e+02;2.9216126e-01;1.6750000e+02;2.3979014e-01;1.6750000e+02;2.2452398e-01;1.6750000e+02;1.9406626e-01;1.6750000e+02;1.4897393e-01;1.6750000e+02;9.8204285e-02;1.6750000e+02;5.5056818e-02;1.6750000e+02;6.1522350e-03;1.6750000e+02;-3.6926311e-02;1.6750000e+02;-7.9781607e-02;1.6750000e+02;-1.2643842e-01;1.6750000e+02;-5.5182628e-02;1.6750000e+02;-1.3632225e-02;1.6750000e+02;4.7067601e-02;1.6750000e+02;1.2733229e-01;1.6750000e+02;2.1009150e-01;1.6750000e+02;2.6728457e-01;1.6750000e+02;3.0254814e-01;1.6750000e+02;2.9216126e-01;1.6750000e+02;2.3979014e-01;1.6750000e+02;2.2452398e-01;1.6750000e+02;1.9406626e-01;1.6750000e+02;1.4897393e-01;1.6750000e+02;9.8204285e-02;1.6750000e+02;5.5056818e-02;1.6750000e+02;6.1522350e-03;1.6750000e+02;-3.6926311e-02;1.6750000e+02;-7.9781607e-02;1.6750000e+02;-1.2643842e-01;1.6750000e+02;-5.5182628e-02;1.6750000e+02;-1.3632225e-02;1.6750000e+02;4.7067601e-02;1.6750000e+02;1.2733229e-01;1.6750000e+02;2.1009150e-01;1.6750000e+02;2.6728457e-01;1.6750000e+02;3.0254814e-01;1.6750000e+02;2.9216126e-01;1.6750000e+02;2.3979014e-01;1.6750000e+02;2.2452398e-01;1.6750000e+02;1.9406626e-01;1.6750000e+02;1.4897393e-01;1.6750000e+02;9.8204285e-02;1.6750000e+02;5.5056818e-02;1.6750000e+02;6.1522350e-03;1.6750000e+02;-3.6926311e-02;1.6750000e+02;-7.9781607e-02;1.6750000e+02;-1.2643842e-01;1.6750000e+02;-5.5182628e-02;1.6750000e+02;-1.3632225e-02;1.6750000e+02;4.7067601e-02;1.6750000e+02;1.2733229e-01;1.6750000e+02;2.1009150e-01;1.6750000e+02;2.6728457e-01;1.6750000e+02;3.0254814e-01;1.6750000e+02;2.9216126e-01;1.6750000e+02;2.3979014e-01;1.6750000e+02;2.2452398e-01;1.6750000e+02;1.9406626e-01;1.6750000e+02;1.4897393e-01;1.6750000e+02;9.8204285e-02;1.6750000e+02;5.5056818e-02;1.6750000e+02;6.1522350e-03;1.6750000e+02;-3.6926311e-02;1.6750000e+02;-7.9781607e-02;1.6750000e+02;-1.2643842e-01;1.6750000e+02;-5.5182628e-02;1.6750000e+02;-1.3632225e-02;1.6750000e+02;4.7067601e-02;1.6750000e+02;1.2733229e-01;1.6750000e+02;2.1009150e-01;1.6750000e+02;2.6728457e-01;1.6750000e+02;3.0254814e-01;1.6750000e+02;2.9216126e-01;1.6750000e+02;2.3979014e-01;1.6750000e+02;2.2452398e-01;1.6750000e+02;1.9406626e-01;1.6750000e+02;1.4897393e-01;1.6750000e+02;9.8204285e-02;1.6750000e+02;5.5056818e-02;1.6750000e+02;6.1522350e-03;1.6750000e+02;-3.6926311e-02;1.6750000e+02;-7.9781607e-02;1.6750000e+02;-1.2643842e-01;1.6750000e+02;-5.5182628e-02;1.6750000e+02;-1.3632225e-02;1.6750000e+02;4.7067601e-02;1.6750000e+02;1.2733229e-01;1.6750000e+02;2.1009150e-01;1.6750000e+02;2.6728457e-01;1.6750000e+02;3.0254814e-01;1.6750000e+02;2.9216126e-01;1.6750000e+02;2.3979014e-01;1.6750000e+02;2.2452398e-01;1.6750000e+02;1.9406626e-01;1.6750000e+02;1.4897393e-01;1.6750000e+02;9.8204285e-02;1.6750000e+02;5.5056818e-02;1.6750000e+02;6.1522350e-03;1.6750000e+02;-3.6926311e-02;1.6750000e+02;-7.9781607e-02;1.6750000e+02;-1.2643842e-01;1.6750000e+02;-5.5182628e-02;1.6750000e+02;-1.3632225e-02;1.6750000e+02;4.7067601e-02;1.6750000e+02;1.2733229e-01;1.6750000e+02;2.1009150e-01;1.6750000e+02;2.6728457e-01;1.6750000e+02;3.0254814e-01;1.6750000e+02;2.9216126e-01;1.6750000e+02;2.3979014e-01;1.6750000e+02;2.2452398e-01;1.6750000e+02;1.9406626e-01;1.6750000e+02;1.4897393e-01;1.6750000e+02;9.8204285e-02;1.6750000e+02;5.5056818e-02;1.6750000e+02;6.1522350e-03;1.6750000e+02;-3.6926311e-02;1.6750000e+02;-7.9781607e-02;1.6750000e+02;-1.2643842e-01;1.6750000e+02;-5.5182628e-02;1.6750000e+02;-1.3632225e-02;1.6750000e+02;4.7067601e-02;1.6750000e+02;1.2733229e-01;1.6750000e+02;2.1009150e-01;1.6750000e+02;2.6728457e-01;1.6750000e+02;3.0254814e-01;1.6750000e+02;2.9216126e-01;1.6750000e+02;2.3979014e-01;1.6750000e+02;2.2452398e-01;1.6750000e+02;1.9406626e-01;1.6750000e+02;1.4897393e-01;1.6750000e+02;9.8204285e-02;1.6750000e+02;5.5056818e-02;1.6750000e+02;6.1522350e-03;1.6750000e+02;-3.6926311e-02;1.6750000e+02;-7.9781607e-02;1.6750000e+02;-1.2643842e-01;1.6750000e+02;-5.5182628e-02;1.6750000e+02;-1.3632225e-02;1.6750000e+02;4.7067601e-02;1.6750000e+02;1.2733229e-01;1.6750000e+02;2.1009150e-01;1.6750000e+02;2.6728457e-01;1.6750000e+02;3.0254814e-01;1.6750000e+02;2.9216126e-01;1.6750000e+02;2.3979014e-01;1.6750000e+02;2.2452398e-01;1.6750000e+02;1.9406626e-01;1.6750000e+02;1.4897393e-01;1.6750000e+02;9.8204285e-02;1.6750000e+02;5.5056818e-02;1.6750000e+02;6.1522350e-03;1.6750000e+02;-3.6926311e-02;1.6750000e+02;-7.9781607e-02;1.6750000e+02;-1.2643842e-01;1.6750000e+02;-5.5182628e-02;1.6750000e+02;-1.3632225e-02;1.6750000e+02;4.7067601e-02;1.6750000e+02;1.2733229e-01;1.6750000e+02;2.1009150e-01;1.6750000e+02;2.6728457e-01;1.6750000e+02;3.0254814e-01;1.6750000e+02;2.9216126e-01;1.6750000e+02;2.3979014e-01;1.6750000e+02;2.2452398e-01;1.6750000e+02;1.9406626e-01;1.6750000e+02;1.4897393e-01;1.6750000e+02;9.8204285e-02;1.6750000e+02;5.5056818e-02;1.6750000e+02;6.1522350e-03;1.6750000e+02;-3.6926311e-02;1.6750000e+02;-7.9781607e-02;1.6750000e+02;-1.2643842e-01;1.6750000e+02;-5.5182628e-02;1.6750000e+02;-1.3632225e-02;1.6750000e+02;4.7067601e-02;1.6750000e+02;1.2733229e-01;1.6750000e+02;2.1009150e-01;1.6750000e+02;2.6728457e-01;1.6750000e+02;3.0254814e-01;1.6750000e+02;2.9216126e-01;1.6750000e+02;2.3979014e-01;1.6750000e+02;2.2452398e-01;1.6750000e+02;1.9406626e-01;1.6750000e+02;1.4897393e-01;1.6750000e+02;9.8204285e-02;1.6750000e+02;5.5056818e-02;1.6750000e+02;6.1522350e-03;1.6750000e+02;-3.6926311e-02;1.6750000e+02;-7.9781607e-02;1.6750000e+02;-1.2643842e-01;1.6750000e+02;-5.5182628e-02;1.6750000e+02;-1.3632225e-02;1.6750000e+02;4.7067601e-02;1.6750000e+02;1.2733229e-01;1.6750000e+02;2.1009150e-01;1.6750000e+02;2.6728457e-01;1.6750000e+02;3.0254814e-01;1.6750000e+02;2.9216126e-01;1.6750000e+02;2.3979014e-01;1.6750000e+02;2.2452398e-01;1.6750000e+02;1.9406626e-01;1.6750000e+02;1.4897393e-01;1.6750000e+02;9.8204285e-02;1.6750000e+02;5.5056818e-02;1.6750000e+02;6.1522350e-03;1.6750000e+02;-3.6926311e-02;1.6750000e+02;-7.9781607e-02;1.6750000e+02;-1.2643842e-01;1.6750000e+02;-5.5182628e-02;1.6750000e+02;-1.3632225e-02;1.6750000e+02;4.7067601e-02;1.6750000e+02;1.2733229e-01;1.6750000e+02;2.1009150e-01;1.6750000e+02;2.6728457e-01;1.6750000e+02;3.0254814e-01;1.6750000e+02;2.9216126e-01;1.6750000e+02;2.3979014e-01;1.6750000e+02;2.2452398e-01;1.6750000e+02;1.9406626e-01;1.6750000e+02;1.4897393e-01;1.6750000e+02;9.8204285e-02;1.6750000e+02;5.5056818e-02;1.6750000e+02;6.1522350e-03;1.6750000e+02;-3.6926311e-02;1.6750000e+02;-7.9781607e-02;1.6750000e+02;-1.2643842e-01;1.6750000e+02;-5.5182628e-02;1.6750000e+02;-1.3632225e-02;1.6750000e+02;4.7067601e-02;1.6750000e+02;1.2733229e-01;1.6750000e+02;2.1009150e-01;1.6750000e+02;2.6728457e-01;1.6750000e+02;3.0254814e-01;1.6750000e+02;2.9216126e-01;1.6750000e+02;2.3979014e-01;1.6750000e+02;2.2452398e-01;1.6750000e+02;1.9406626e-01;1.6750000e+02;1.4897393e-01;1.6750000e+02;9.8204285e-02;1.6750000e+02;5.5056818e-02;1.6750000e+02;6.1522350e-03;1.6750000e+02;-3.6926311e-02;1.6750000e+02;-7.9781607e-02;1.6750000e+02;-1.2643842e-01;1.6750000e+02;-5.5182628e-02;1.6750000e+02;-1.3632225e-02;1.6750000e+02;4.7067601e-02;1.6750000e+02;1.2733229e-01;1.6750000e+02;2.1009150e-01;1.6750000e+02;2.6728457e-01;1.6750000e+02;3.0254814e-01;1.6750000e+02;2.9216126e-01;1.6750000e+02;2.3979014e-01;1.6750000e+02;2.2452398e-01;1.6750000e+02;1.9406626e-01;1.6750000e+02;1.4897393e-01;1.6750000e+02;9.8204285e-02;1.6750000e+02;5.5056818e-02;1.6750000e+02;6.1522350e-03;1.6750000e+02;-3.6926311e-02;1.6750000e+02;-7.9781607e-02;1.6750000e+02;-1.2643842e-01;1.6750000e+02;-5.5182628e-02;1.6750000e+02;-1.3632225e-02;1.6750000e+02;4.7067601e-02;1.6750000e+02;1.2733229e-01;1.6750000e+02;2.1009150e-01;1.6750000e+02;2.6728457e-01;1.6750000e+02;3.0254814e-01;1.6750000e+02;2.9216126e-01;1.6750000e+02;2.3979014e-01;1.6750000e+02;2.2452398e-01;1.6750000e+02;1.9406626e-01;1.6750000e+02;1.4897393e-01;1.6750000e+02;9.8204285e-02;1.6750000e+02;5.5056818e-02;1.6750000e+02;6.1522350e-03;1.6750000e+02;-3.6926311e-02;1.6750000e+02;-7.9781607e-02;1.6750000e+02;-1.2643842e-01;1.6750000e+02;-5.5182628e-02;1.6750000e+02;-1.3632225e-02;1.6750000e+02;4.7067601e-02;1.6750000e+02;1.2733229e-01;1.6750000e+02;2.1009150e-01;1.6750000e+02;2.6728457e-01;1.6750000e+02;3.0254814e-01;1.6750000e+02;2.9216126e-01;1.6750000e+02;2.3979014e-01;1.6750000e+02;2.2452398e-01;1.6750000e+02;1.9406626e-01;1.6750000e+02;1.4897393e-01;1.6750000e+02;9.8204285e-02;1.6750000e+02;5.5056818e-02;1.6750000e+02;6.1522350e-03;1.6750000e+02;-3.6926311e-02;1.6750000e+02;-7.9781607e-02;1.6750000e+02;-1.2643842e-01;1.6750000e+02;-5.5182628e-02;1.6750000e+02;-1.3632225e-02;1.6750000e+02;4.7067601e-02;1.6750000e+02;1.2733229e-01;1.6750000e+02;2.1009150e-01;1.6750000e+02;2.6728457e-01;1.6750000e+02;3.0254814e-01;1.6750000e+02;2.9216126e-01;1.6750000e+02;2.3979014e-01;1.6750000e+02;2.2452398e-01;1.6750000e+02;1.9406626e-01;1.6750000e+02;1.4897393e-01;1.6750000e+02;9.8204285e-02;1.6750000e+02;5.5056818e-02;1.6750000e+02;6.1522350e-03;1.6750000e+02;-3.6926311e-02;1.6750000e+02;-7.9781607e-02;1.6750000e+02;-1.2643842e-01;1.6750000e+02;-5.5182628e-02;1.6750000e+02;-1.3632225e-02;1.6750000e+02;4.7067601e-02;1.6750000e+02;1.2733229e-01;1.6750000e+02;2.1009150e-01;1.6750000e+02;2.6728457e-01;1.6750000e+02;3.0254814e-01;1.6750000e+02;2.9216126e-01;1.6750000e+02;2.3979014e-01;1.6750000e+02;2.2452398e-01;1.6750000e+02;1.9406626e-01;1.6750000e+02;1.4897393e-01;1.6750000e+02;9.8204285e-02;1.6750000e+02;5.5056818e-02;1.6750000e+02;6.1522350e-03;1.6750000e+02;-3.6926311e-02;1.6750000e+02;-7.9781607e-02;1.6750000e+02;-1.2643842e-01;1.6750000e+02;-5.5182628e-02;1.6750000e+02;-1.3632225e-02;1.6750000e+02;4.7067601e-02;1.6750000e+02;1.2733229e-01;1.6750000e+02;2.1009150e-01;1.6750000e+02;2.6728457e-01;1.6750000e+02;3.0254814e-01;1.6750000e+02;2.9216126e-01;1.6750000e+02;2.3979014e-01;1.6750000e+02;2.2452398e-01;1.6750000e+02;1.9406626e-01;1.6750000e+02;1.4897393e-01;1.6750000e+02;9.8204285e-02;1.6750000e+02;5.5056818e-02;1.6750000e+02;6.1522350e-03;1.6750000e+02;-3.6926311e-02;1.6750000e+02;-7.9781607e-02;1.6750000e+02;-1.2643842e-01;1.6750000e+02;-5.5182628e-02;1.6750000e+02;-1.3632225e-02;1.6750000e+02;4.7067601e-02;1.6750000e+02;1.2733229e-01;1.6750000e+02;2.1009150e-01;1.6750000e+02;2.6728457e-01;1.6750000e+02;3.0254814e-01;1.6750000e+02;2.9216126e-01;1.6750000e+02;2.3979014e-01;1.6750000e+02;2.2452398e-01;1.6750000e+02;1.9406626e-01;1.6750000e+02;1.4897393e-01;1.6750000e+02;9.8204285e-02;1.6750000e+02;5.5056818e-02;1.6750000e+02;6.1522350e-03;1.6750000e+02;-3.6926311e-02;1.6750000e+02;-7.9781607e-02;1.6750000e+02;-1.2643842e-01;1.6750000e+02;-5.5182628e-02;1.6750000e+02;-1.3632225e-02;1.6750000e+02;4.7067601e-02;1.6750000e+02;1.2733229e-01;1.6750000e+02;2.1009150e-01;1.6750000e+02;2.6728457e-01;1.6750000e+02;3.0254814e-01;1.6750000e+02;2.9216126e-01;1.6750000e+02;2.3979014e-01;1.6750000e+02;2.2452398e-01;1.6750000e+02;1.9406626e-01;1.6750000e+02;1.4897393e-01;1.6750000e+02;9.8204285e-02;1.6750000e+02;5.5056818e-02;1.6750000e+02;6.1522350e-03;1.6750000e+02;-3.6926311e-02;1.6750000e+02;-7.9781607e-02;1.6750000e+02;-1.2643842e-01;1.6750000e+02;-5.5182628e-02;1.6750000e+02;-1.3632225e-02;1.6750000e+02;4.7067601e-02;1.6750000e+02;1.2733229e-01;1.6750000e+02;2.1009150e-01;1.6750000e+02;2.6728457e-01;1.6750000e+02;3.0254814e-01;1.6750000e+02;2.9216126e-01;1.6750000e+02;2.3979014e-01;1.6750000e+02;2.2452398e-01;1.6750000e+02;1.9406626e-01;1.6750000e+02;1.4897393e-01;1.6750000e+02;9.8204285e-02;1.6750000e+02;5.5056818e-02;1.6750000e+02;6.1522350e-03;1.6750000e+02;-3.6926311e-02;1.6750000e+02;-7.9781607e-02;1.6750000e+02;-1.2643842e-01;1.6750000e+02;-5.5182628e-02;1.6750000e+02;-1.3632225e-02;1.6750000e+02;4.7067601e-02;1.6750000e+02;1.2733229e-01;1.6750000e+02;2.1009150e-01;1.6750000e+02;2.6728457e-01;1.6750000e+02;3.0254814e-01;1.6750000e+02;2.9216126e-01;1.6750000e+02;2.3979014e-01;1.6750000e+02;2.2452398e-01;1.6750000e+02;1.9406626e-01;1.6750000e+02;1.4897393e-01;1.6750000e+02;9.8204285e-02;1.6750000e+02;5.5056818e-02;1.6750000e+02;6.1522350e-03;1.6750000e+02;-3.6926311e-02;1.6750000e+02;-7.9781607e-02;1.6750000e+02;-1.2643842e-01;1.6750000e+02;-5.5182628e-02;1.6750000e+02;-1.3632225e-02;1.6750000e+02;4.7067601e-02;1.6750000e+02;1.2733229e-01;1.6750000e+02;2.1009150e-01;1.6750000e+02;2.6728457e-01;1.6750000e+02;3.0254814e-01;1.6750000e+02;2.9216126e-01;1.6750000e+02;2.3979014e-01;1.6750000e+02;2.2452398e-01;1.6750000e+02;1.9406626e-01;1.6750000e+02;1.4897393e-01;1.6750000e+02;9.8204285e-02;1.6750000e+02;5.5056818e-02;1.6750000e+02;6.1522350e-03;1.6750000e+02;-3.6926311e-02;1.6750000e+02;-7.9781607e-02;1.6750000e+02;-1.2643842e-01;1.6750000e+02;-5.5182628e-02;1.6750000e+02;-1.3632225e-02;1.6750000e+02;4.7067601e-02;1.6750000e+02;1.2733229e-01;1.6750000e+02;2.1009150e-01;1.6750000e+02;2.6728457e-01;1.6750000e+02;3.0254814e-01;1.6750000e+02;2.9216126e-01;1.6750000e+02;2.3979014e-01;1.6750000e+02;2.2452398e-01;1.6750000e+02;1.9406626e-01;1.6750000e+02;1.4897393e-01;1.6750000e+02;9.8204285e-02;1.6750000e+02;5.5056818e-02;1.6750000e+02;6.1522350e-03;1.6750000e+02;-3.6926311e-02;1.6750000e+02;-7.9781607e-02;1.6750000e+02;-1.2643842e-01;1.6750000e+02;-5.5182628e-02;1.6750000e+02;-1.3632225e-02;1.6750000e+02;4.7067601e-02;1.6750000e+02;1.2733229e-01;1.6750000e+02;2.1009150e-01;1.6750000e+02;2.6728457e-01;1.6750000e+02;3.0254814e-01;1.6750000e+02;2.9216126e-01;1.6750000e+02;2.3979014e-01;1.6750000e+02;2.2452398e-01;1.6750000e+02;1.9406626e-01;1.6750000e+02;1.4897393e-01;1.6750000e+02;9.8204285e-02;1.6750000e+02;5.5056818e-02;1.6750000e+02;6.1522350e-03;1.6750000e+02;-3.6926311e-02;1.6750000e+02;-7.9781607e-02;1.6750000e+02;-1.2643842e-01;1.6750000e+02;-5.5182628e-02;1.6750000e+02;-1.3632225e-02;1.6750000e+02;4.7067601e-02;1.6750000e+02;1.2733229e-01;1.6750000e+02;2.1009150e-01;1.6750000e+02;2.6728457e-01;1.6750000e+02;3.0254814e-01;1.6750000e+02;2.9216126e-01;1.6750000e+02;2.3979014e-01;1.6750000e+02;2.2452398e-01;1.6750000e+02;1.9406626e-01;1.6750000e+02;1.4897393e-01;1.6750000e+02;9.8204285e-02;1.6750000e+02;5.5056818e-02;1.6750000e+02;6.1522350e-03;1.6750000e+02;-3.6926311e-02;1.6750000e+02;-7.9781607e-02;1.6750000e+02;-1.2643842e-01;1.6750000e+02;-5.5182628e-02;1.6750000e+02;-1.3632225e-02;1.6750000e+02;4.7067601e-02;1.6750000e+02;1.2733229e-01;1.6750000e+02;2.1009150e-01;1.6750000e+02;2.6728457e-01;1.6750000e+02;3.0254814e-01;1.6750000e+02;2.9216126e-01;1.6750000e+02;2.3979014e-01;1.6750000e+02;2.2452398e-01;1.6750000e+02;1.9406626e-01;1.6750000e+02;1.4897393e-01;1.6750000e+02;9.8204285e-02;1.6750000e+02;5.5056818e-02;1.6750000e+02;6.1522350e-03;1.6750000e+02;-3.6926311e-02;1.6750000e+02;-7.9781607e-02;1.6750000e+02;-1.2643842e-01
1.7250000e+02;-5.2178480e-02;1.7250000e+02;-8.8859852e-03;1.7250000e+02;5.6050375e-02;1.7250000e+02;1.3623235e-01;1.7250000e+02;2.2494417e-01;1.7250000e+02;2.7370423e-01;1.7250000e+02;2.9542366e-01;1.7250000e+02;3.1035253e-01;1.7250000e+02;2.6650357e-01;1.7250000e+02;2.3006803e-01;1.7250000e+02;1.9096476e-01;1.7250000e+02;1.4750308e-01;1.7250000e+02;9.8053500e-02;1.7250000e+02;5.2567352e-02;1.7250000e+02;8.6072534e-03;1.7250000e+02;-3.8683314e-02;1.7250000e+02;-7.9957284e-02;1.7250000e+02;-1.2470070e-01;1.7250000e+02;-5.2178480e-02;1.7250000e+02;-8.8859852e-03;1.7250000e+02;5.6050375e-02;1.7250000e+02;1.3623235e-01;1.7250000e+02;2.2494417e-01;1.7250000e+02;2.7370423e-01;1.7250000e+02;2.9542366e-01;1.7250000e+02;3.1035253e-01;1.7250000e+02;2.6650357e-01;1.7250000e+02;2.3006803e-01;1.7250000e+02;1.9096476e-01;1.7250000e+02;1.4750308e-01;1.7250000e+02;9.8053500e-02;1.7250000e+02;5.2567352e-02;1.7250000e+02;8.6072534e-03;1.7250000e+02;-3.8683314e-02;1.7250000e+02;-7.9957284e-02;1.7250000e+02;-1.2470070e-01;1.7250000e+02;-5.2178480e-02;1.7250000e+02;-8.8859852e-03;1.7250000e+02;5.6050375e-02;1.7250000e+02;1.3623235e-01;1.7250000e+02;2.2494417e-01;1.7250000e+02;2.7370423e-01;1.7250000e+02;2.9542366e-01;1.7250000e+02;3.1035253e-01;1.7250000e+02;2.6650357e-01;1.7250000e+02;2.3006803e-01;1.7250000e+02;1.9096476e-01;1.7250000e+02;1.4750308e-01;1.7250000e+02;9.8053500e-02;1.7250000e+02;5.2567352e-02;1.7250000e+02;8.6072534e-03;1.7250000e+02;-3.8683314e-02;1.7250000e+02;-7.9957284e-02;1.7250000e+02;-1.2470070e-01;1.7250000e+02;-5.2178480e-02;1.7250000e+02;-8.8859852e-03;1.7250000e+02;5.6050375e-02;1.7250000e+02;1.3623235e-01;1.7250000e+02;2.2494417e-01;1.7250000e+02;2.7370423e-01;1.7250000e+02;2.9542366e-01;1.7250000e+02;3.1035253e-01;1.7250000e+02;2.6650357e-01;1.7250000e+02;2.3006803e-01;1.7250000e+02;1.9096476e-01;1.7250000e+02;1.4750308e-01;1.7250000e+02;9.8053500e-02;1.7250000e+02;5.2567352e-02;1.7250000e+02;8.6072534e-03;1.7250000e+02;-3.8683314e-02;1.7250000e+02;-7.9957284e-02;1.7250000e+02;-1.2470070e-01;1.7250000e+02;-5.2178480e-02;1.7250000e+02;-8.8859852e-03;1.7250000e+02;5.6050375e-02;1.7250000e+02;1.3623235e-01;1.7250000e+02;2.2494417e-01;1.7250000e+02;2.7370423e-01;1.7250000e+02;2.9542366e-01;1.7250000e+02;3.1035253e-01;1.7250000e+02;2.6650357e-01;1.7250000e+02;2.3006803e-01;1.7250000e+02;1.9096476e-01;1.7250000e+02;1.4750308e-01;1.7250000e+02;9.8053500e-02;1.7250000e+02;5.2567352e-02;1.7250000e+02;8.6072534e-03;1.7250000e+02;-3.8683314e-02;1.7250000e+02;-7.9957284e-02;1.7250000e+02;-1.2470070e-01;1.7250000e+02;-5.2178480e-02;1.7250000e+02;-8.8859852e-03;1.7250000e+02;5.6050375e-02;1.7250000e+02;1.3623235e-01;1.7250000e+02;2.2494417e-01;1.7250000e+02;2.7370423e-01;1.7250000e+02;2.9542366e-01;1.7250000e+02;3.1035253e-01;1.7250000e+02;2.6650357e-01;1.7250000e+02;2.3006803e-01;1.7250000e+02;1.9096476e-01;1.7250000e+02;1.4750308e-01;1.7250000e+02;9.8053500e-02;1.7250000e+02;5.2567352e-02;1.7250000e+02;8.6072534e-03;1.7250000e+02;-3.8683314e-02;1.7250000e+02;-7.9957284e-02;1.7250000e+02;-1.2470070e-01;1.7250000e+02;-5.2178480e-02;1.7250000e+02;-8.8859852e-03;1.7250000e+02;5.6050375e-02;1.7250000e+02;1.3623235e-01;1.7250000e+02;2.2494417e-01;1.7250000e+02;2.7370423e-01;1.7250000e+02;2.9542366e-01;1.7250000e+02;3.1035253e-01;1.7250000e+02;2.6650357e-01;1.7250000e+02;2.3006803e-01;1.7250000e+02;1.9096476e-01;1.7250000e+02;1.4750308e-01;1.7250000e+02;9.8053500e-02;1.7250000e+02;5.2567352e-02;1.7250000e+02;8.6072534e-03;1.7250000e+02;-3.8683314e-02;1.7250000e+02;-7.9957284e-02;1.7250000e+02;-1.2470070e-01;1.7250000e+02;-5.2178480e-02;1.7250000e+02;-8.8859852e-03;1.7250000e+02;5.6050375e-02;1.7250000e+02;1.3623235e-01;1.7250000e+02;2.2494417e-01;1.7250000e+02;2.7370423e-01;1.7250000e+02;2.9542366e-01;1.7250000e+02;3.1035253e-01;1.7250000e+02;2.6650357e-01;1.7250000e+02;2.3006803e-01;1.7250000e+02;1.9096476e-01;1.7250000e+02;1.4750308e-01;1.7250000e+02;9.8053500e-02;1.7250000e+02;5.2567352e-02;1.7250000e+02;8.6072534e-03;1.7250000e+02;-3.8683314e-02;1.7250000e+02;-7.9957284e-02;1.7250000e+02;-1.2470070e-01;1.7250000e+02;-5.2178480e-02;1.7250000e+02;-8.8859852e-03;1.7250000e+02;5.6050375e-02;1.7250000e+02;1.3623235e-01;1.7250000e+02;2.2494417e-01;1.7250000e+02;2.7370423e-01;1.7250000e+02;2.9542366e-01;1.7250000e+02;3.1035253e-01;1.7250000e+02;2.6650357e-01;1.7250000e+02;2.3006803e-01;1.7250000e+02;1.9096476e-01;1.7250000e+02;1.4750308e-01;1.7250000e+02;9.8053500e-02;1.7250000e+02;5.2567352e-02;1.7250000e+02;8.6072534e-03;1.7250000e+02;-3.8683314e-02;1.7250000e+02;-7.9957284e-02;1.7250000e+02;-1.2470070e-01;1.7250000e+02;-5.2178480e-02;1.7250000e+02;-8.8859852e-03;1.7250000e+02;5.6050375e-02;1.7250000e+02;1.3623235e-01;1.7250000e+02;2.2494417e-01;1.7250000e+02;2.7370423e-01;1.7250000e+02;2.9542366e-01;1.7250000e+02;3.1035253e-01;1.7250000e+02;2.6650357e-01;1.7250000e+02;2.3006803e-01;1.7250000e+02;1.9096476e-01;1.7250000e+02;1.4750308e-01;1.7250000e+02;9.8053500e-02;1.7250000e+02;5.2567352e-02;1.7250000e+02;8.6072534e-03;1.7250000e+02;-3.8683314e-02;1.7250000e+02;-7.9957284e-02;1.7250000e+02;-1.2470070e-01;1.7250000e+02;-5.2178480e-02;1.7250000e+02;-8.8859852e-03;1.7250000e+02;5.6050375e-02;1.7250000e+02;1.3623235e-01;1.7250000e+02;2.2494417e-01;1.7250000e+02;2.7370423e-01;1.7250000e+02;2.9542366e-01;1.7250000e+02;3.1035253e-01;1.7250000e+02;2.6650357e-01;1.7250000e+02;2.3006803e-01;1.7250000e+02;1.9096476e-01;1.7250000e+02;1.4750308e-01;1.7250000e+02;9.8053500e-02;1.7250000e+02;5.2567352e-02;1.7250000e+02;8.6072534e-03;1.7250000e+02;-3.8683314e-02;1.7250000e+02;-7.9957284e-02;1.7250000e+02;-1.2470070e-01;1.7250000e+02;-5.2178480e-02;1.7250000e+02;-8.8859852e-03;1.7250000e+02;5.6050375e-02;1.7250000e+02;1.3623235e-01;1.7250000e+02;2.2494417e-01;1.7250000e+02;2.7370423e-01;1.7250000e+02;2.9542366e-01;1.7250000e+02;3.1035253e-01;1.7250000e+02;2.6650357e-01;1.7250000e+02;2.3006803e-01;1.7250000e+02;1.9096476e-01;1.7250000e+02;1.4750308e-01;1.7250000e+02;9.8053500e-02;1.7250000e+02;5.2567352e-02;1.7250000e+02;8.6072534e-03;1.7250000e+02;-3.8683314e-02;1.7250000e+02;-7.9957284e-02;1.7250000e+02;-1.2470070e-01;1.7250000e+02;-5.2178480e-02;1.7250000e+02;-8.8859852e-03;1.7250000e+02;5.6050375e-02;1.7250000e+02;1.3623235e-01;1.7250000e+02;2.2494417e-01;1.7250000e+02;2.7370423e-01;1.7250000e+02;2.9542366e-01;1.7250000e+02;3.1035253e-01;1.7250000e+02;2.6650357e-01;1.7250000e+02;2.3006803e-01;1.7250000e+02;1.9096476e-01;1.7250000e+02;1.4750308e-01;1.7250000e+02;9.8053500e-02;1.7250000e+02;5.2567352e-02;1.7250000e+02;8.6072534e-03;1.7250000e+02;-3.8683314e-02;1.7250000e+02;-7.9957284e-02;1.7250000e+02;-1.2470070e-01;1.7250000e+02;-5.2178480e-02;1.7250000e+02;-8.8859852e-03;1.7250000e+02;5.6050375e-02;1.7250000e+02;1.3623235e-01;1.7250000e+02;2.2494417e-01;1.7250000e+02;2.7370423e-01;1.7250000e+02;2.9542366e-01;1.7250000e+02;3.1035253e-01;1.7250000e+02;2.6650357e-01;1.7250000e+02;2.3006803e-01;1.7250000e+02;1.9096476e-01;1.7250000e+02;1.4750308e-01;1.7250000e+02;9.8053500e-02;1.7250000e+02;5.2567352e-02;1.7250000e+02;8.6072534e-03;1.7250000e+02;-3.8683314e-02;1.7250000e+02;-7.9957284e-02;1.7250000e+02;-1.2470070e-01;1.7250000e+02;-5.2178480e-02;1.7250000e+02;-8.8859852e-03;1.7250000e+02;5.6050375e-02;1.7250000e+02;1.3623235e-01;1.7250000e+02;2.2494417e-01;1.7250000e+02;2.7370423e-01;1.7250000e+02;2.9542366e-01;1.7250000e+02;3.1035253e-01;1.7250000e+02;2.6650357e-01;1.7250000e+02;2.3006803e-01;1.7250000e+02;1.9096476e-01;1.7250000e+02;1.4750308e-01;1.7250000e+02;9.8053500e-02;1.7250000e+02;5.2567352e-02;1.7250000e+02;8.6072534e-03;1.7250000e+02;-3.8683314e-02;1.7250000e+02;-7.9957284e-02;1.7250000e+02;-1.2470070e-01;1.7250000e+02;-5.2178480e-02;1.7250000e+02;-8.8859852e-03;1.7250000e+02;5.6050375e-02;1.7250000e+02;1.3623235e-01;1.7250000e+02;2.2494417e-01;1.7250000e+02;2.7370423e-01;1.7250000e+02;2.9542366e-01;1.7250000e+02;3.1035253e-01;1.7250000e+02;2.6650357e-01;1.7250000e+02;2.3006803e-01;1.7250000e+02;1.9096476e-01;1.7250000e+02;1.4750308e-01;1.7250000e+02;9.8053500e-02;1.7250000e+02;5.2567352e-02;1.7250000e+02;8.6072534e-03;1.7250000e+02;-3.8683314e-02;1.7250000e+02;-7.9957284e-02;1.7250000e+02;-1.2470070e-01;1.7250000e+02;-5.2178480e-02;1.7250000e+02;-8.8859852e-03;1.7250000e+02;5.6050375e-02;1.7250000e+02;1.3623235e-01;1.7250000e+02;2.2494417e-01;1.7250000e+02;2.7370423e-01;1.7250000e+02;2.9542366e-01;1.7250000e+02;3.1035253e-01;1.7250000e+02;2.6650357e-01;1.7250000e+02;2.3006803e-01;1.7250000e+02;1.9096476e-01;1.7250000e+02;1.4750308e-01;1.7250000e+02;9.8053500e-02;1.7250000e+02;5.2567352e-02;1.7250000e+02;8.6072534e-03;1.7250000e+02;-3.8683314e-02;1.7250000e+02;-7.9957284e-02;1.7250000e+02;-1.2470070e-01;1.7250000e+02;-5.2178480e-02;1.7250000e+02;-8.8859852e-03;1.7250000e+02;5.6050375e-02;1.7250000e+02;1.3623235e-01;1.7250000e+02;2.2494417e-01;1.7250000e+02;2.7370423e-01;1.7250000e+02;2.9542366e-01;1.7250000e+02;3.1035253e-01;1.7250000e+02;2.6650357e-01;1.7250000e+02;2.3006803e-01;1.7250000e+02;1.9096476e-01;1.7250000e+02;1.4750308e-01;1.7250000e+02;9.8053500e-02;1.7250000e+02;5.2567352e-02;1.7250000e+02;8.6072534e-03;1.7250000e+02;-3.8683314e-02;1.7250000e+02;-7.9957284e-02;1.7250000e+02;-1.2470070e-01;1.7250000e+02;-5.2178480e-02;1.7250000e+02;-8.8859852e-03;1.7250000e+02;5.6050375e-02;1.7250000e+02;1.3623235e-01;1.7250000e+02;2.2494417e-01;1.7250000e+02;2.7370423e-01;1.7250000e+02;2.9542366e-01;1.7250000e+02;3.1035253e-01;1.7250000e+02;2.6650357e-01;1.7250000e+02;2.3006803e-01;1.7250000e+02;1.9096476e-01;1.7250000e+02;1.4750308e-01;1.7250000e+02;9.8053500e-02;1.7250000e+02;5.2567352e-02;1.7250000e+02;8.6072534e-03;1.7250000e+02;-3.8683314e-02;1.7250000e+02;-7.9957284e-02;1.7250000e+02;-1.2470070e-01;1.7250000e+02;-5.2178480e-02;1.7250000e+02;-8.8859852e-03;1.7250000e+02;5.6050375e-02;1.7250000e+02;1.3623235e-01;1.7250000e+02;2.2494417e-01;1.7250000e+02;2.7370423e-01;1.7250000e+02;2.9542366e-01;1.7250000e+02;3.1035253e-01;1.7250000e+02;2.6650357e-01;1.7250000e+02;2.3006803e-01;1.7250000e+02;1.9096476e-01;1.7250000e+02;1.4750308e-01;1.7250000e+02;9.8053500e-02;1.7250000e+02;5.2567352e-02;1.7250000e+02;8.6072534e-03;1.7250000e+02;-3.8683314e-02;1.7250000e+02;-7.9957284e-02;1.7250000e+02;-1.2470070e-01;1.7250000e+02;-5.2178480e-02;1.7250000e+02;-8.8859852e-03;1.7250000e+02;5.6050375e-02;1.7250000e+02;1.3623235e-01;1.7250000e+02;2.2494417e-01;1.7250000e+02;2.7370423e-01;1.7250000e+02;2.9542366e-01;1.7250000e+02;3.1035253e-01;1.7250000e+02;2.6650357e-01;1.7250000e+02;2.3006803e-01;1.7250000e+02;1.9096476e-01;1.7250000e+02;1.4750308e-01;1.7250000e+02;9.8053500e-02;1.7250000e+02;5.2567352e-02;1.7250000e+02;8.6072534e-03;1.7250000e+02;-3.8683314e-02;1.7250000e+02;-7.9957284e-02;1.7250000e+02;-1.2470070e-01;1.7250000e+02;-5.2178480e-02;1.7250000e+02;-8.8859852e-03;1.7250000e+02;5.6050375e-02;1.7250000e+02;1.3623235e-01;1.7250000e+02;2.2494417e-01;1.7250000e+02;2.7370423e-01;1.7250000e+02;2.9542366e-01;1.7250000e+02;3.1035253e-01;1.7250000e+02;2.6650357e-01;1.7250000e+02;2.3006803e-01;1.7250000e+02;1.9096476e-01;1.7250000e+02;1.4750308e-01;1.7250000e+02;9.8053500e-02;1.7250000e+02;5.2567352e-02;1.7250000e+02;8.6072534e-03;1.7250000e+02;-3.8683314e-02;1.7250000e+02;-7.9957284e-02;1.7250000e+02;-1.2470070e-01;1.7250000e+02;-5.2178480e-02;1.7250000e+02;-8.8859852e-03;1.7250000e+02;5.6050375e-02;1.7250000e+02;1.3623235e-01;1.7250000e+02;2.2494417e-01;1.7250000e+02;2.7370423e-01;1.7250000e+02;2.9542366e-01;1.7250000e+02;3.1035253e-01;1.7250000e+02;2.6650357e-01;1.7250000e+02;2.3006803e-01;1.7250000e+02;1.9096476e-01;1.7250000e+02;1.4750308e-01;1.7250000e+02;9.8053500e-02;1.7250000e+02;5.2567352e-02;1.7250000e+02;8.6072534e-03;1.7250000e+02;-3.8683314e-02;1.7250000e+02;-7.9957284e-02;1.7250000e+02;-1.2470070e-01;1.7250000e+02;-5.2178480e-02;1.7250000e+02;-8.8859852e-03;1.7250000e+02;5.6050375e-02;1.7250000e+02;1.3623235e-01;1.7250000e+02;2.2494417e-01;1.7250000e+02;2.7370423e-01;1.7250000e+02;2.9542366e-01;1.7250000e+02;3.1035253e-01;1.7250000e+02;2.6650357e-01;1.7250000e+02;2.3006803e-01;1.7250000e+02;1.9096476e-01;1.7250000e+02;1.4750308e-01;1.7250000e+02;9.8053500e-02;1.7250000e+02;5.2567352e-02;1.7250000e+02;8.6072534e-03;1.7250000e+02;-3.8683314e-02;1.7250000e+02;-7.9957284e-02;1.7250000e+02;-1.2470070e-01;1.7250000e+02;-5.2178480e-02;1.7250000e+02;-8.8859852e-03;1.7250000e+02;5.6050375e-02;1.7250000e+02;1.3623235e-01;1.7250000e+02;2.2494417e-01;1.7250000e+02;2.7370423e-01;1.7250000e+02;2.9542366e-01;1.7250000e+02;3.1035253e-01;1.7250000e+02;2.6650357e-01;1.7250000e+02;2.3006803e-01;1.7250000e+02;1.9096476e-01;1.7250000e+02;1.4750308e-01;1.7250000e+02;9.8053500e-02;1.7250000e+02;5.2567352e-02;1.7250000e+02;8.6072534e-03;1.7250000e+02;-3.8683314e-02;1.7250000e+02;-7.9957284e-02;1.7250000e+02;-1.2470070e-01;1.7250000e+02;-5.2178480e-02;1.7250000e+02;-8.8859852e-03;1.7250000e+02;5.6050375e-02;1.7250000e+02;1.3623235e-01;1.7250000e+02;2.2494417e-01;1.7250000e+02;2.7370423e-01;1.7250000e+02;2.9542366e-01;1.7250000e+02;3.1035253e-01;1.7250000e+02;2.6650357e-01;1.7250000e+02;2.3006803e-01;1.7250000e+02;1.9096476e-01;1.7250000e+02;1.4750308e-01;1.7250000e+02;9.8053500e-02;1.7250000e+02;5.2567352e-02;1.7250000e+02;8.6072534e-03;1.7250000e+02;-3.8683314e-02;1.7250000e+02;-7.9957284e-02;1.7250000e+02;-1.2470070e-01;1.7250000e+02;-5.2178480e-02;1.7250000e+02;-8.8859852e-03;1.7250000e+02;5.6050375e-02;1.7250000e+02;1.3623235e-01;1.7250000e+02;2.2494417e-01;1.7250000e+02;2.7370423e-01;1.7250000e+02;2.9542366e-01;1.7250000e+02;3.1035253e-01;1.7250000e+02;2.6650357e-01;1.7250000e+02;2.3006803e-01;1.7250000e+02;1.9096476e-01;1.7250000e+02;1.4750308e-01;1.7250000e+02;9.8053500e-02;1.7250000e+02;5.2567352e-02;1.7250000e+02;8.6072534e-03;1.7250000e+02;-3.8683314e-02;1.7250000e+02;-7.9957284e-02;1.7250000e+02;-1.2470070e-01;1.7250000e+02;-5.2178480e-02;1.7250000e+02;-8.8859852e-03;1.7250000e+02;5.6050375e-02;1.7250000e+02;1.3623235e-01;1.7250000e+02;2.2494417e-01;1.7250000e+02;2.7370423e-01;1.7250000e+02;2.9542366e-01;1.7250000e+02;3.1035253e-01;1.7250000e+02;2.6650357e-01;1.7250000e+02;2.3006803e-01;1.7250000e+02;1.9096476e-01;1.7250000e+02;1.4750308e-01;1.7250000e+02;9.8053500e-02;1.7250000e+02;5.2567352e-02;1.7250000e+02;8.6072534e-03;1.7250000e+02;-3.8683314e-02;1.7250000e+02;-7.9957284e-02;1.7250000e+02;-1.2470070e-01;1.7250000e+02;-5.2178480e-02;1.7250000e+02;-8.8859852e-03;1.7250000e+02;5.6050375e-02;1.7250000e+02;1.3623235e-01;1.7250000e+02;2.2494417e-01;1.7250000e+02;2.7370423e-01;1.7250000e+02;2.9542366e-01;1.7250000e+02;3.1035253e-01;1.7250000e+02;2.6650357e-01;1.7250000e+02;2.3006803e-01;1.7250000e+02;1.9096476e-01;1.7250000e+02;1.4750308e-01;1.7250000e+02;9.8053500e-02;1.7250000e+02;5.2567352e-02;1.7250000e+02;8.6072534e-03;1.7250000e+02;-3.8683314e-02;1.7250000e+02;-7.9957284e-02;1.7250000e+02;-1.2470070e-01;1.7250000e+02;-5.2178480e-02;1.7250000e+02;-8.8859852e-03;1.7250000e+02;5.6050375e-02;1.7250000e+02;1.3623235e-01;1.7250000e+02;2.2494417e-01;1.7250000e+02;2.7370423e-01;1.7250000e+02;2.9542366e-01;1.7250000e+02;3.1035253e-01;1.7250000e+02;2.6650357e-01;1.7250000e+02;2.3006803e-01;1.7250000e+02;1.9096476e-01;1.7250000e+02;1.4750308e-01;1.7250000e+02;9.8053500e-02;1.7250000e+02;5.2567352e-02;1.7250000e+02;8.6072534e-03;1.7250000e+02;-3.8683314e-02;1.7250000e+02;-7.9957284e-02;1.7250000e+02;-1.2470070e-01;1.7250000e+02;-5.2178480e-02;1.7250000e+02;-8.8859852e-03;1.7250000e+02;5.6050375e-02;1.7250000e+02;1.3623235e-01;1.7250000e+02;2.2494417e-01;1.7250000e+02;2.7370423e-01;1.7250000e+02;2.9542366e-01;1.7250000e+02;3.1035253e-01;1.7250000e+02;2.6650357e-01;1.7250000e+02;2.3006803e-01;1.7250000e+02;1.9096476e-01;1.7250000e+02;1.4750308e-01;1.7250000e+02;9.8053500e-02;1.7250000e+02;5.2567352e-02;1.7250000e+02;8.6072534e-03;1.7250000e+02;-3.8683314e-02;1.7250000e+02;-7.9957284e-02;1.7250000e+02;-1.2470070e-01;1.7250000e+02;-5.2178480e-02;1.7250000e+02;-8.8859852e-03;1.7250000e+02;5.6050375e-02;1.7250000e+02;1.3623235e-01;1.7250000e+02;2.2494417e-01;1.7250000e+02;2.7370423e-01;1.7250000e+02;2.9542366e-01;1.7250000e+02;3.1035253e-01;1.7250000e+02;2.6650357e-01;1.7250000e+02;2.3006803e-01;1.7250000e+02;1.9096476e-01;1.7250000e+02;1.4750308e-01;1.7250000e+02;9.8053500e-02;1.7250000e+02;5.2567352e-02;1.7250000e+02;8.6072534e-03;1.7250000e+02;-3.8683314e-02;1.7250000e+02;-7.9957284e-02;1.7250000e+02;-1.2470070e-01;1.7250000e+02;-5.2178480e-02;1.7250000e+02;-8.8859852e-03;1.7250000e+02;5.6050375e-02;1.7250000e+02;1.3623235e-01;1.7250000e+02;2.2494417e-01;1.7250000e+02;2.7370423e-01;1.7250000e+02;2.9542366e-01;1.7250000e+02;3.1035253e-01;1.7250000e+02;2.6650357e-01;1.7250000e+02;2.3006803e-01;1.7250000e+02;1.9096476e-01;1.7250000e+02;1.4750308e-01;1.7250000e+02;9.8053500e-02;1.7250000e+02;5.2567352e-02;1.7250000e+02;8.6072534e-03;1.7250000e+02;-3.8683314e-02;1.7250000e+02;-7.9957284e-02;1.7250000e+02;-1.2470070e-01;1.7250000e+02;-5.2178480e-02;1.7250000e+02;-8.8859852e-03;1.7250000e+02;5.6050375e-02;1.7250000e+02;1.3623235e-01;1.7250000e+02;2.2494417e-01;1.7250000e+02;2.7370423e-01;1.7250000e+02;2.9542366e-01;1.7250000e+02;3.1035253e-01;1.7250000e+02;2.6650357e-01;1.7250000e+02;2.3006803e-01;1.7250000e+02;1.9096476e-01;1.7250000e+02;1.4750308e-01;1.7250000e+02;9.8053500e-02;1.7250000e+02;5.2567352e-02;1.7250000e+02;8.6072534e-03;1.7250000e+02;-3.8683314e-02;1.7250000e+02;-7.9957284e-02;1.7250000e+02;-1.2470070e-01;1.7250000e+02;-5.2178480e-02;1.7250000e+02;-8.8859852e-03;1.7250000e+02;5.6050375e-02;1.7250000e+02;1.3623235e-01;1.7250000e+02;2.2494417e-01;1.7250000e+02;2.7370423e-01;1.7250000e+02;2.9542366e-01;1.7250000e+02;3.1035253e-01;1.7250000e+02;2.6650357e-01;1.7250000e+02;2.3006803e-01;1.7250000e+02;1.9096476e-01;1.7250000e+02;1.4750308e-01;1.7250000e+02;9.8053500e-02;1.7250000e+02;5.2567352e-02;1.7250000e+02;8.6072534e-03;1.7250000e+02;-3.8683314e-02;1.7250000e+02;-7.9957284e-02;1.7250000e+02;-1.2470070e-01;1.7250000e+02;-5.2178480e-02;1.7250000e+02;-8.8859852e-03;1.7250000e+02;5.6050375e-02;1.7250000e+02;1.3623235e-01;1.7250000e+02;2.2494417e-01;1.7250000e+02;2.7370423e-01;1.7250000e+02;2.9542366e-01;1.7250000e+02;3.1035253e-01;1.7250000e+02;2.6650357e-01;1.7250000e+02;2.3006803e-01;1.7250000e+02;1.9096476e-01;1.7250000e+02;1.4750308e-01;1.7250000e+02;9.8053500e-02;1.7250000e+02;5.2567352e-02;1.7250000e+02;8.6072534e-03;1.7250000e+02;-3.8683314e-02;1.7250000e+02;-7.9957284e-02;1.7250000e+02;-1.2470070e-01;1.7250000e+02;-5.2178480e-02;1.7250000e+02;-8.8859852e-03;1.7250000e+02;5.6050375e-02;1.7250000e+02;1.3623235e-01;1.7250000e+02;2.2494417e-01;1.7250000e+02;2.7370423e-01;1.7250000e+02;2.9542366e-01;1.7250000e+02;3.1035253e-01;1.7250000e+02;2.6650357e-01;1.7250000e+02;2.3006803e-01;1.7250000e+02;1.9096476e-01;1.7250000e+02;1.4750308e-01;1.7250000e+02;9.8053500e-02;1.7250000e+02;5.2567352e-02;1.7250000e+02;8.6072534e-03;1.7250000e+02;-3.8683314e-02;1.7250000e+02;-7.9957284e-02;1.7250000e+02;-1.2470070e-01;1.7250000e+02;-5.2178480e-02;1.7250000e+02;-8.8859852e-03;1.7250000e+02;5.6050375e-02;1.7250000e+02;1.3623235e-01;1.7250000e+02;2.2494417e-01;1.7250000e+02;2.7370423e-01;1.7250000e+02;2.9542366e-01;1.7250000e+02;3.1035253e-01;1.7250000e+02;2.6650357e-01;1.7250000e+02;2.3006803e-01;1.7250000e+02;1.9096476e-01;1.7250000e+02;1.4750308e-01;1.7250000e+02;9.8053500e-02;1.7250000e+02;5.2567352e-02;1.7250000e+02;8.6072534e-03;1.7250000e+02;-3.8683314e-02;1.7250000e+02;-7.9957284e-02;1.7250000e+02;-1.2470070e-01;1.7250000e+02;-5.2178480e-02;1.7250000e+02;-8.8859852e-03;1.7250000e+02;5.6050375e-02;1.7250000e+02;1.3623235e-01;1.7250000e+02;2.2494417e-01;1.7250000e+02;2.7370423e-01;1.7250000e+02;2.9542366e-01;1.7250000e+02;3.1035253e-01;1.7250000e+02;2.6650357e-01;1.7250000e+02;2.3006803e-01;1.7250000e+02;1.9096476e-01;1.7250000e+02;1.4750308e-01;1.7250000e+02;9.8053500e-02;1.7250000e+02;5.2567352e-02;1.7250000e+02;8.6072534e-03;1.7250000e+02;-3.8683314e-02;1.7250000e+02;-7.9957284e-02;1.7250000e+02;-1.2470070e-01;1.7250000e+02;-5.2178480e-02;1.7250000e+02;-8.8859852e-03;1.7250000e+02;5.6050375e-02;1.7250000e+02;1.3623235e-01;1.7250000e+02;2.2494417e-01;1.7250000e+02;2.7370423e-01;1.7250000e+02;2.9542366e-01;1.7250000e+02;3.1035253e-01;1.7250000e+02;2.6650357e-01;1.7250000e+02;2.3006803e-01;1.7250000e+02;1.9096476e-01;1.7250000e+02;1.4750308e-01;1.7250000e+02;9.8053500e-02;1.7250000e+02;5.2567352e-02;1.7250000e+02;8.6072534e-03;1.7250000e+02;-3.8683314e-02;1.7250000e+02;-7.9957284e-02;1.7250000e+02;-1.2470070e-01;1.7250000e+02;-5.2178480e-02;1.7250000e+02;-8.8859852e-03;1.7250000e+02;5.6050375e-02;1.7250000e+02;1.3623235e-01;1.7250000e+02;2.2494417e-01;1.7250000e+02;2.7370423e-01;1.7250000e+02;2.9542366e-01;1.7250000e+02;3.1035253e-01;1.7250000e+02;2.6650357e-01;1.7250000e+02;2.3006803e-01;1.7250000e+02;1.9096476e-01;1.7250000e+02;1.4750308e-01;1.7250000e+02;9.8053500e-02;1.7250000e+02;5.2567352e-02;1.7250000e+02;8.6072534e-03;1.7250000e+02;-3.8683314e-02;1.7250000e+02;-7.9957284e-02;1.7250000e+02;-1.2470070e-01;1.7250000e+02;-5.2178480e-02;1.7250000e+02;-8.8859852e-03;1.7250000e+02;5.6050375e-02;1.7250000e+02;1.3623235e-01;1.7250000e+02;2.2494417e-01;1.7250000e+02;2.7370423e-01;1.7250000e+02;2.9542366e-01;1.7250000e+02;3.1035253e-01;1.7250000e+02;2.6650357e-01;1.7250000e+02;2.3006803e-01;1.7250000e+02;1.9096476e-01;1.7250000e+02;1.4750308e-01;1.7250000e+02;9.8053500e-02;1.7250000e+02;5.2567352e-02;1.7250000e+02;8.6072534e-03;1.7250000e+02;-3.8683314e-02;1.7250000e+02;-7.9957284e-02;1.7250000e+02;-1.2470070e-01;1.7250000e+02;-5.2178480e-02;1.7250000e+02;-8.8859852e-03;1.7250000e+02;5.6050375e-02;1.7250000e+02;1.3623235e-01;1.7250000e+02;2.2494417e-01;1.7250000e+02;2.7370423e-01;1.7250000e+02;2.9542366e-01;1.7250000e+02;3.1035253e-01;1.7250000e+02;2.6650357e-01;1.7250000e+02;2.3006803e-01;1.7250000e+02;1.9096476e-01;1.7250000e+02;1.4750308e-01;1.7250000e+02;9.8053500e-02;1.7250000e+02;5.2567352e-02;1.7250000e+02;8.6072534e-03;1.7250000e+02;-3.8683314e-02;1.7250000e+02;-7.9957284e-02;1.7250000e+02;-1.2470070e-01;1.7250000e+02;-5.2178480e-02;1.7250000e+02;-8.8859852e-03;1.7250000e+02;5.6050375e-02;1.7250000e+02;1.3623235e-01;1.7250000e+02;2.2494417e-01;1.7250000e+02;2.7370423e-01;1.7250000e+02;2.9542366e-01;1.7250000e+02;3.1035253e-01;1.7250000e+02;2.6650357e-01;1.7250000e+02;2.3006803e-01;1.7250000e+02;1.9096476e-01;1.7250000e+02;1.4750308e-01;1.7250000e+02;9.8053500e-02;1.7250000e+02;5.2567352e-02;1.7250000e+02;8.6072534e-03;1.7250000e+02;-3.8683314e-02;1.7250000e+02;-7.9957284e-02;1.7250000e+02;-1.2470070e-01;1.7250000e+02;-5.2178480e-02;1.7250000e+02;-8.8859852e-03;1.7250000e+02;5.6050375e-02;1.7250000e+02;1.3623235e-01;1.7250000e+02;2.2494417e-01;1.7250000e+02;2.7370423e-01;1.7250000e+02;2.9542366e-01;1.7250000e+02;3.1035253e-01;1.7250000e+02;2.6650357e-01;1.7250000e+02;2.3006803e-01;1.7250000e+02;1.9096476e-01;1.7250000e+02;1.4750308e-01;1.7250000e+02;9.8053500e-02;1.7250000e+02;5.2567352e-02;1.7250000e+02;8.6072534e-03;1.7250000e+02;-3.8683314e-02;1.7250000e+02;-7.9957284e-02;1.7250000e+02;-1.2470070e-01;1.7250000e+02;-5.2178480e-02;1.7250000e+02;-8.8859852e-03;1.7250000e+02;5.6050375e-02;1.7250000e+02;1.3623235e-01;1.7250000e+02;2.2494417e-01;1.7250000e+02;2.7370423e-01;1.7250000e+02;2.9542366e-01;1.7250000e+02;3.1035253e-01;1.7250000e+02;2.6650357e-01;1.7250000e+02;2.3006803e-01;1.7250000e+02;1.9096476e-01;1.7250000e+02;1.4750308e-01;1.7250000e+02;9.8053500e-02;1.7250000e+02;5.2567352e-02;1.7250000e+02;8.6072534e-03;1.7250000e+02;-3.8683314e-02;1.7250000e+02;-7.9957284e-02;1.7250000e+02;-1.2470070e-01;1.7250000e+02;-5.2178480e-02;1.7250000e+02;-8.8859852e-03;1.7250000e+02;5.6050375e-02;1.7250000e+02;1.3623235e-01;1.7250000e+02;2.2494417e-01;1.7250000e+02;2.7370423e-01;1.7250000e+02;2.9542366e-01;1.7250000e+02;3.1035253e-01;1.7250000e+02;2.6650357e-01;1.7250000e+02;2.3006803e-01;1.7250000e+02;1.9096476e-01;1.7250000e+02;1.4750308e-01;1.7250000e+02;9.8053500e-02;1.7250000e+02;5.2567352e-02;1.7250000e+02;8.6072534e-03;1.7250000e+02;-3.8683314e-02;1.7250000e+02;-7.9957284e-02;1.7250000e+02;-1.2470070e-01;1.7250000e+02;-5.2178480e-02;1.7250000e+02;-8.8859852e-03;1.7250000e+02;5.6050375e-02;1.7250000e+02;1.3623235e-01;1.7250000e+02;2.2494417e-01;1.7250000e+02;2.7370423e-01;1.7250000e+02;2.9542366e-01;1.7250000e+02;3.1035253e-01;1.7250000e+02;2.6650357e-01;1.7250000e+02;2.3006803e-01;1.7250000e+02;1.9096476e-01;1.7250000e+02;1.4750308e-01;1.7250000e+02;9.8053500e-02;1.7250000e+02;5.2567352e-02;1.7250000e+02;8.6072534e-03;1.7250000e+02;-3.8683314e-02;1.7250000e+02;-7.9957284e-02;1.7250000e+02;-1.2470070e-01;1.7250000e+02;-5.2178480e-02;1.7250000e+02;-8.8859852e-03;1.7250000e+02;5.6050375e-02;1.7250000e+02;1.3623235e-01;1.7250000e+02;2.2494417e-01;1.7250000e+02;2.7370423e-01;1.7250000e+02;2.9542366e-01;1.7250000e+02;3.1035253e-01;1.7250000e+02;2.6650357e-01;1.7250000e+02;2.3006803e-01;1.7250000e+02;1.9096476e-01;1.7250000e+02;1.4750308e-01;1.7250000e+02;9.8053500e-02;1.7250000e+02;5.2567352e-02;1.7250000e+02;8.6072534e-03;1.7250000e+02;-3.8683314e-02;1.7250000e+02;-7.9957284e-02;1.7250000e+02;-1.2470070e-01;1.7250000e+02;-5.2178480e-02;1.7250000e+02;-8.8859852e-03;1.7250000e+02;5.6050375e-02;1.7250000e+02;1.3623235e-01;1.7250000e+02;2.2494417e-01;1.7250000e+02;2.7370423e-01;1.7250000e+02;2.9542366e-01;1.7250000e+02;3.1035253e-01;1.7250000e+02;2.6650357e-01;1.7250000e+02;2.3006803e-01;1.7250000e+02;1.9096476e-01;1.7250000e+02;1.4750308e-01;1.7250000e+02;9.8053500e-02;1.7250000e+02;5.2567352e-02;1.7250000e+02;8.6072534e-03;1.7250000e+02;-3.8683314e-02;1.7250000e+02;-7.9957284e-02;1.7250000e+02;-1.2470070e-01;1.7250000e+02;-5.2178480e-02;1.7250000e+02;-8.8859852e-03;1.7250000e+02;5.6050375e-02;1.7250000e+02;1.3623235e-01;1.7250000e+02;2.2494417e-01;1.7250000e+02;2.7370423e-01;1.7250000e+02;2.9542366e-01;1.7250000e+02;3.1035253e-01;1.7250000e+02;2.6650357e-01;1.7250000e+02;2.3006803e-01;1.7250000e+02;1.9096476e-01;1.7250000e+02;1.4750308e-01;1.7250000e+02;9.8053500e-02;1.7250000e+02;5.2567352e-02;1.7250000e+02;8.6072534e-03;1.7250000e+02;-3.8683314e-02;1.7250000e+02;-7.9957284e-02;1.7250000e+02;-1.2470070e-01;1.7250000e+02;-5.2178480e-02;1.7250000e+02;-8.8859852e-03;1.7250000e+02;5.6050375e-02;1.7250000e+02;1.3623235e-01;1.7250000e+02;2.2494417e-01;1.7250000e+02;2.7370423e-01;1.7250000e+02;2.9542366e-01;1.7250000e+02;3.1035253e-01;1.7250000e+02;2.6650357e-01;1.7250000e+02;2.3006803e-01;1.7250000e+02;1.9096476e-01;1.7250000e+02;1.4750308e-01;1.7250000e+02;9.8053500e-02;1.7250000e+02;5.2567352e-02;1.7250000e+02;8.6072534e-03;1.7250000e+02;-3.8683314e-02;1.7250000e+02;-7.9957284e-02;1.7250000e+02;-1.2470070e-01;1.7250000e+02;-5.2178480e-02;1.7250000e+02;-8.8859852e-03;1.7250000e+02;5.6050375e-02;1.7250000e+02;1.3623235e-01;1.7250000e+02;2.2494417e-01;1.7250000e+02;2.7370423e-01;1.7250000e+02;2.9542366e-01;1.7250000e+02;3.1035253e-01;1.7250000e+02;2.6650357e-01;1.7250000e+02;2.3006803e-01;1.7250000e+02;1.9096476e-01;1.7250000e+02;1.4750308e-01;1.7250000e+02;9.8053500e-02;1.7250000e+02;5.2567352e-02;1.7250000e+02;8.6072534e-03;1.7250000e+02;-3.8683314e-02;1.7250000e+02;-7.9957284e-02;1.7250000e+02;-1.2470070e-01;1.7250000e+02;-5.2178480e-02;1.7250000e+02;-8.8859852e-03;1.7250000e+02;5.6050375e-02;1.7250000e+02;1.3623235e-01;1.7250000e+02;2.2494417e-01;1.7250000e+02;2.7370423e-01;1.7250000e+02;2.9542366e-01;1.7250000e+02;3.1035253e-01;1.7250000e+02;2.6650357e-01;1.7250000e+02;2.3006803e-01;1.7250000e+02;1.9096476e-01;1.7250000e+02;1.4750308e-01;1.7250000e+02;9.8053500e-02;1.7250000e+02;5.2567352e-02;1.7250000e+02;8.6072534e-03;1.7250000e+02;-3.8683314e-02;1.7250000e+02;-7.9957284e-02;1.7250000e+02;-1.2470070e-01;1.7250000e+02;-5.2178480e-02;1.7250000e+02;-8.8859852e-03;1.7250000e+02;5.6050375e-02;1.7250000e+02;1.3623235e-01;1.7250000e+02;2.2494417e-01;1.7250000e+02;2.7370423e-01;1.7250000e+02;2.9542366e-01;1.7250000e+02;3.1035253e-01;1.7250000e+02;2.6650357e-01;1.7250000e+02;2.3006803e-01;1.7250000e+02;1.9096476e-01;1.7250000e+02;1.4750308e-01;1.7250000e+02;9.8053500e-02;1.7250000e+02;5.2567352e-02;1.7250000e+02;8.6072534e-03;1.7250000e+02;-3.8683314e-02;1.7250000e+02;-7.9957284e-02;1.7250000e+02;-1.2470070e-01;1.7250000e+02;-5.2178480e-02;1.7250000e+02;-8.8859852e-03;1.7250000e+02;5.6050375e-02;1.7250000e+02;1.3623235e-01;1.7250000e+02;2.2494417e-01;1.7250000e+02;2.7370423e-01;1.7250000e+02;2.9542366e-01;1.7250000e+02;3.1035253e-01;1.7250000e+02;2.6650357e-01;1.7250000e+02;2.3006803e-01;1.7250000e+02;1.9096476e-01;1.7250000e+02;1.4750308e-01;1.7250000e+02;9.8053500e-02;1.7250000e+02;5.2567352e-02;1.7250000e+02;8.6072534e-03;1.7250000e+02;-3.8683314e-02;1.7250000e+02;-7.9957284e-02;1.7250000e+02;-1.2470070e-01;1.7250000e+02;-5.2178480e-02;1.7250000e+02;-8.8859852e-03;1.7250000e+02;5.6050375e-02;1.7250000e+02;1.3623235e-01;1.7250000e+02;2.2494417e-01;1.7250000e+02;2.7370423e-01;1.7250000e+02;2.9542366e-01;1.7250000e+02;3.1035253e-01;1.7250000e+02;2.6650357e-01;1.7250000e+02;2.3006803e-01;1.7250000e+02;1.9096476e-01;1.7250000e+02;1.4750308e-01;1.7250000e+02;9.8053500e-02;1.7250000e+02;5.2567352e-02;1.7250000e+02;8.6072534e-03;1.7250000e+02;-3.8683314e-02;1.7250000e+02;-7.9957284e-02;1.7250000e+02;-1.2470070e-01;1.7250000e+02;-5.2178480e-02;1.7250000e+02;-8.8859852e-03;1.7250000e+02;5.6050375e-02;1.7250000e+02;1.3623235e-01;1.7250000e+02;2.2494417e-01;1.7250000e+02;2.7370423e-01;1.7250000e+02;2.9542366e-01;1.7250000e+02;3.1035253e-01;1.7250000e+02;2.6650357e-01;1.7250000e+02;2.3006803e-01;1.7250000e+02;1.9096476e-01;1.7250000e+02;1.4750308e-01;1.7250000e+02;9.8053500e-02;1.7250000e+02;5.2567352e-02;1.7250000e+02;8.6072534e-03;1.7250000e+02;-3.8683314e-02;1.7250000e+02;-7.9957284e-02;1.7250000e+02;-1.2470070e-01;1.7250000e+02;-5.2178480e-02;1.7250000e+02;-8.8859852e-03;1.7250000e+02;5.6050375e-02;1.7250000e+02;1.3623235e-01;1.7250000e+02;2.2494417e-01;1.7250000e+02;2.7370423e-01;1.7250000e+02;2.9542366e-01;1.7250000e+02;3.1035253e-01;1.7250000e+02;2.6650357e-01;1.7250000e+02;2.3006803e-01;1.7250000e+02;1.9096476e-01;1.7250000e+02;1.4750308e-01;1.7250000e+02;9.8053500e-02;1.7250000e+02;5.2567352e-02;1.7250000e+02;8.6072534e-03;1.7250000e+02;-3.8683314e-02;1.7250000e+02;-7.9957284e-02;1.7250000e+02;-1.2470070e-01;1.7250000e+02;-5.2178480e-02;1.7250000e+02;-8.8859852e-03;1.7250000e+02;5.6050375e-02;1.7250000e+02;1.3623235e-01;1.7250000e+02;2.2494417e-01;1.7250000e+02;2.7370423e-01;1.7250000e+02;2.9542366e-01;1.7250000e+02;3.1035253e-01;1.7250000e+02;2.6650357e-01;1.7250000e+02;2.3006803e-01;1.7250000e+02;1.9096476e-01;1.7250000e+02;1.4750308e-01;1.7250000e+02;9.8053500e-02;1.7250000e+02;5.2567352e-02;1.7250000e+02;8.6072534e-03;1.7250000e+02;-3.8683314e-02;1.7250000e+02;-7.9957284e-02;1.7250000e+02;-1.2470070e-01;1.7250000e+02;-5.2178480e-02;1.7250000e+02;-8.8859852e-03;1.7250000e+02;5.6050375e-02;1.7250000e+02;1.3623235e-01;1.7250000e+02;2.2494417e-01;1.7250000e+02;2.7370423e-01;1.7250000e+02;2.9542366e-01;1.7250000e+02;3.1035253e-01;1.7250000e+02;2.6650357e-01;1.7250000e+02;2.3006803e-01;1.7250000e+02;1.9096476e-01;1.7250000e+02;1.4750308e-01;1.7250000e+02;9.8053500e-02;1.7250000e+02;5.2567352e-02;1.7250000e+02;8.6072534e-03;1.7250000e+02;-3.8683314e-02;1.7250000e+02;-7.9957284e-02;1.7250000e+02;-1.2470070e-01;1.7250000e+02;-5.2178480e-02;1.7250000e+02;-8.8859852e-03;1.7250000e+02;5.6050375e-02;1.7250000e+02;1.3623235e-01;1.7250000e+02;2.2494417e-01;1.7250000e+02;2.7370423e-01;1.7250000e+02;2.9542366e-01;1.7250000e+02;3.1035253e-01;1.7250000e+02;2.6650357e-01;1.7250000e+02;2.3006803e-01;1.7250000e+02;1.9096476e-01;1.7250000e+02;1.4750308e-01;1.7250000e+02;9.8053500e-02;1.7250000e+02;5.2567352e-02;1.7250000e+02;8.6072534e-03;1.7250000e+02;-3.8683314e-02;1.7250000e+02;-7.9957284e-02;1.7250000e+02;-1.2470070e-01;1.7250000e+02;-5.2178480e-02;1.7250000e+02;-8.8859852e-03;1.7250000e+02;5.6050375e-02;1.7250000e+02;1.3623235e-01;1.7250000e+02;2.2494417e-01;1.7250000e+02;2.7370423e-01;1.7250000e+02;2.9542366e-01;1.7250000e+02;3.1035253e-01;1.7250000e+02;2.6650357e-01;1.7250000e+02;2.3006803e-01;1.7250000e+02;1.9096476e-01;1.7250000e+02;1.4750308e-01;1.7250000e+02;9.8053500e-02;1.7250000e+02;5.2567352e-02;1.7250000e+02;8.6072534e-03;1.7250000e+02;-3.8683314e-02;1.7250000e+02;-7.9957284e-02;1.7250000e+02;-1.2470070e-01;1.7250000e+02;-5.2178480e-02;1.7250000e+02;-8.8859852e-03;1.7250000e+02;5.6050375e-02;1.7250000e+02;1.3623235e-01;1.7250000e+02;2.2494417e-01;1.7250000e+02;2.7370423e-01;1.7250000e+02;2.9542366e-01;1.7250000e+02;3.1035253e-01;1.7250000e+02;2.6650357e-01;1.7250000e+02;2.3006803e-01;1.7250000e+02;1.9096476e-01;1.7250000e+02;1.4750308e-01;1.7250000e+02;9.8053500e-02;1.7250000e+02;5.2567352e-02;1.7250000e+02;8.6072534e-03;1.7250000e+02;-3.8683314e-02;1.7250000e+02;-7.9957284e-02;1.7250000e+02;-1.2470070e-01;1.7250000e+02;-5.2178480e-02;1.7250000e+02;-8.8859852e-03;1.7250000e+02;5.6050375e-02;1.7250000e+02;1.3623235e-01;1.7250000e+02;2.2494417e-01;1.7250000e+02;2.7370423e-01;1.7250000e+02;2.9542366e-01;1.7250000e+02;3.1035253e-01;1.7250000e+02;2.6650357e-01;1.7250000e+02;2.3006803e-01;1.7250000e+02;1.9096476e-01;1.7250000e+02;1.4750308e-01;1.7250000e+02;9.8053500e-02;1.7250000e+02;5.2567352e-02;1.7250000e+02;8.6072534e-03;1.7250000e+02;-3.8683314e-02;1.7250000e+02;-7.9957284e-02;1.7250000e+02;-1.2470070e-01;1.7250000e+02;-5.2178480e-02;1.7250000e+02;-8.8859852e-03;1.7250000e+02;5.6050375e-02;1.7250000e+02;1.3623235e-01;1.7250000e+02;2.2494417e-01;1.7250000e+02;2.7370423e-01;1.7250000e+02;2.9542366e-01;1.7250000e+02;3.1035253e-01;1.7250000e+02;2.6650357e-01;1.7250000e+02;2.3006803e-01;1.7250000e+02;1.9096476e-01;1.7250000e+02;1.4750308e-01;1.7250000e+02;9.8053500e-02;1.7250000e+02;5.2567352e-02;1.7250000e+02;8.6072534e-03;1.7250000e+02;-3.8683314e-02;1.7250000e+02;-7.9957284e-02;1.7250000e+02;-1.2470070e-01;1.7250000e+02;-5.2178480e-02;1.7250000e+02;-8.8859852e-03;1.7250000e+02;5.6050375e-02;1.7250000e+02;1.3623235e-01;1.7250000e+02;2.2494417e-01;1.7250000e+02;2.7370423e-01;1.7250000e+02;2.9542366e-01;1.7250000e+02;3.1035253e-01;1.7250000e+02;2.6650357e-01;1.7250000e+02;2.3006803e-01;1.7250000e+02;1.9096476e-01;1.7250000e+02;1.4750308e-01;1.7250000e+02;9.8053500e-02;1.7250000e+02;5.2567352e-02;1.7250000e+02;8.6072534e-03;1.7250000e+02;-3.8683314e-02;1.7250000e+02;-7.9957284e-02;1.7250000e+02;-1.2470070e-01;1.7250000e+02;-5.2178480e-02;1.7250000e+02;-8.8859852e-03;1.7250000e+02;5.6050375e-02;1.7250000e+02;1.3623235e-01;1.7250000e+02;2.2494417e-01;1.7250000e+02;2.7370423e-01;1.7250000e+02;2.9542366e-01;1.7250000e+02;3.1035253e-01;1.7250000e+02;2.6650357e-01;1.7250000e+02;2.3006803e-01;1.7250000e+02;1.9096476e-01;1.7250000e+02;1.4750308e-01;1.7250000e+02;9.8053500e-02;1.7250000e+02;5.2567352e-02;1.7250000e+02;8.6072534e-03;1.7250000e+02;-3.8683314e-02;1.7250000e+02;-7.9957284e-02;1.7250000e+02;-1.2470070e-01;1.7250000e+02;-5.2178480e-02;1.7250000e+02;-8.8859852e-03;1.7250000e+02;5.6050375e-02;1.7250000e+02;1.3623235e-01;1.7250000e+02;2.2494417e-01;1.7250000e+02;2.7370423e-01;1.7250000e+02;2.9542366e-01;1.7250000e+02;3.1035253e-01;1.7250000e+02;2.6650357e-01;1.7250000e+02;2.3006803e-01;1.7250000e+02;1.9096476e-01;1.7250000e+02;1.4750308e-01;1.7250000e+02;9.8053500e-02;1.7250000e+02;5.2567352e-02;1.7250000e+02;8.6072534e-03;1.7250000e+02;-3.8683314e-02;1.7250000e+02;-7.9957284e-02;1.7250000e+02;-1.2470070e-01;1.7250000e+02;-5.2178480e-02;1.7250000e+02;-8.8859852e-03;1.7250000e+02;5.6050375e-02;1.7250000e+02;1.3623235e-01;1.7250000e+02;2.2494417e-01;1.7250000e+02;2.7370423e-01;1.7250000e+02;2.9542366e-01;1.7250000e+02;3.1035253e-01;1.7250000e+02;2.6650357e-01;1.7250000e+02;2.3006803e-01;1.7250000e+02;1.9096476e-01;1.7250000e+02;1.4750308e-01;1.7250000e+02;9.8053500e-02;1.7250000e+02;5.2567352e-02;1.7250000e+02;8.6072534e-03;1.7250000e+02;-3.8683314e-02;1.7250000e+02;-7.9957284e-02;1.7250000e+02;-1.2470070e-01;1.7250000e+02;-5.2178480e-02;1.7250000e+02;-8.8859852e-03;1.7250000e+02;5.6050375e-02;1.7250000e+02;1.3623235e-01;1.7250000e+02;2.2494417e-01;1.7250000e+02;2.7370423e-01;1.7250000e+02;2.9542366e-01;1.7250000e+02;3.1035253e-01;1.7250000e+02;2.6650357e-01;1.7250000e+02;2.3006803e-01;1.7250000e+02;1.9096476e-01;1.7250000e+02;1.4750308e-01;1.7250000e+02;9.8053500e-02;1.7250000e+02;5.2567352e-02;1.7250000e+02;8.6072534e-03;1.7250000e+02;-3.8683314e-02;1.7250000e+02;-7.9957284e-02;1.7250000e+02;-1.2470070e-01;1.7250000e+02;-5.2178480e-02;1.7250000e+02;-8.8859852e-03;1.7250000e+02;5.6050375e-02;1.7250000e+02;1.3623235e-01;1.7250000e+02;2.2494417e-01;1.7250000e+02;2.7370423e-01;1.7250000e+02;2.9542366e-01;1.7250000e+02;3.1035253e-01;1.7250000e+02;2.6650357e-01;1.7250000e+02;2.3006803e-01;1.7250000e+02;1.9096476e-01;1.7250000e+02;1.4750308e-01;1.7250000e+02;9.8053500e-02;1.7250000e+02;5.2567352e-02;1.7250000e+02;8.6072534e-03;1.7250000e+02;-3.8683314e-02;1.7250000e+02;-7.9957284e-02;1.7250000e+02;-1.2470070e-01;1.7250000e+02;-5.2178480e-02;1.7250000e+02;-8.8859852e-03;1.7250000e+02;5.6050375e-02;1.7250000e+02;1.3623235e-01;1.7250000e+02;2.2494417e-01;1.7250000e+02;2.7370423e-01;1.7250000e+02;2.9542366e-01;1.7250000e+02;3.1035253e-01;1.7250000e+02;2.6650357e-01;1.7250000e+02;2.3006803e-01;1.7250000e+02;1.9096476e-01;1.7250000e+02;1.4750308e-01;1.7250000e+02;9.8053500e-02;1.7250000e+02;5.2567352e-02;1.7250000e+02;8.6072534e-03;1.7250000e+02;-3.8683314e-02;1.7250000e+02;-7.9957284e-02;1.7250000e+02;-1.2470070e-01;1.7250000e+02;-5.2178480e-02;1.7250000e+02;-8.8859852e-03;1.7250000e+02;5.6050375e-02;1.7250000e+02;1.3623235e-01;1.7250000e+02;2.2494417e-01;1.7250000e+02;2.7370423e-01;1.7250000e+02;2.9542366e-01;1.7250000e+02;3.1035253e-01;1.7250000e+02;2.6650357e-01;1.7250000e+02;2.3006803e-01;1.7250000e+02;1.9096476e-01;1.7250000e+02;1.4750308e-01;1.7250000e+02;9.8053500e-02;1.7250000e+02;5.2567352e-02;1.7250000e+02;8.6072534e-03;1.7250000e+02;-3.8683314e-02;1.7250000e+02;-7.9957284e-02;1.7250000e+02;-1.2470070e-01;1.7250000e+02;-5.2178480e-02;1.7250000e+02;-8.8859852e-03;1.7250000e+02;5.6050375e-02;1.7250000e+02;1.3623235e-01;1.7250000e+02;2.2494417e-01;1.7250000e+02;2.7370423e-01;1.7250000e+02;2.9542366e-01;1.7250000e+02;3.1035253e-01;1.7250000e+02;2.6650357e-01;1.7250000e+02;2.3006803e-01;1.7250000e+02;1.9096476e-01;1.7250000e+02;1.4750308e-01;1.7250000e+02;9.8053500e-02;1.7250000e+02;5.2567352e-02;1.7250000e+02;8.6072534e-03;1.7250000e+02;-3.8683314e-02;1.7250000e+02;-7.9957284e-02;1.7250000e+02;-1.2470070e-01;1.7250000e+02;-5.2178480e-02;1.7250000e+02;-8.8859852e-03;1.7250000e+02;5.6050375e-02;1.7250000e+02;1.3623235e-01;1.7250000e+02;2.2494417e-01;1.7250000e+02;2.7370423e-01;1.7250000e+02;2.9542366e-01;1.7250000e+02;3.1035253e-01;1.7250000e+02;2.6650357e-01;1.7250000e+02;2.3006803e-01;1.7250000e+02;1.9096476e-01;1.7250000e+02;1.4750308e-01;1.7250000e+02;9.8053500e-02;1.7250000e+02;5.2567352e-02;1.7250000e+02;8.6072534e-03;1.7250000e+02;-3.8683314e-02;1.7250000e+02;-7.9957284e-02;1.7250000e+02;-1.2470070e-01;1.7250000e+02;-5.2178480e-02;1.7250000e+02;-8.8859852e-03;1.7250000e+02;5.6050375e-02;1.7250000e+02;1.3623235e-01;1.7250000e+02;2.2494417e-01;1.7250000e+02;2.7370423e-01;1.7250000e+02;2.9542366e-01;1.7250000e+02;3.1035253e-01;1.7250000e+02;2.6650357e-01;1.7250000e+02;2.3006803e-01;1.7250000e+02;1.9096476e-01;1.7250000e+02;1.4750308e-01;1.7250000e+02;9.8053500e-02;1.7250000e+02;5.2567352e-02;1.7250000e+02;8.6072534e-03;1.7250000e+02;-3.8683314e-02;1.7250000e+02;-7.9957284e-02;1.7250000e+02;-1.2470070e-01;1.7250000e+02;-5.2178480e-02;1.7250000e+02;-8.8859852e-03;1.7250000e+02;5.6050375e-02;1.7250000e+02;1.3623235e-01;1.7250000e+02;2.2494417e-01;1.7250000e+02;2.7370423e-01;1.7250000e+02;2.9542366e-01;1.7250000e+02;3.1035253e-01;1.7250000e+02;2.6650357e-01;1.7250000e+02;2.3006803e-01;1.7250000e+02;1.9096476e-01;1.7250000e+02;1.4750308e-01;1.7250000e+02;9.8053500e-02;1.7250000e+02;5.2567352e-02;1.7250000e+02;8.6072534e-03;1.7250000e+02;-3.8683314e-02;1.7250000e+02;-7.9957284e-02;1.7250000e+02;-1.2470070e-01;1.7250000e+02;-5.2178480e-02;1.7250000e+02;-8.8859852e-03;1.7250000e+02;5.6050375e-02;1.7250000e+02;1.3623235e-01;1.7250000e+02;2.2494417e-01;1.7250000e+02;2.7370423e-01;1.7250000e+02;2.9542366e-01;1.7250000e+02;3.1035253e-01;1.7250000e+02;2.6650357e-01;1.7250000e+02;2.3006803e-01;1.7250000e+02;1.9096476e-01;1.7250000e+02;1.4750308e-01;1.7250000e+02;9.8053500e-02;1.7250000e+02;5.2567352e-02;1.7250000e+02;8.6072534e-03;1.7250000e+02;-3.8683314e-02;1.7250000e+02;-7.9957284e-02;1.7250000e+02;-1.2470070e-01;1.7250000e+02;-5.2178480e-02;1.7250000e+02;-8.8859852e-03;1.7250000e+02;5.6050375e-02;1.7250000e+02;1.3623235e-01;1.7250000e+02;2.2494417e-01;1.7250000e+02;2.7370423e-01;1.7250000e+02;2.9542366e-01;1.7250000e+02;3.1035253e-01;1.7250000e+02;2.6650357e-01;1.7250000e+02;2.3006803e-01;1.7250000e+02;1.9096476e-01;1.7250000e+02;1.4750308e-01;1.7250000e+02;9.8053500e-02;1.7250000e+02;5.2567352e-02;1.7250000e+02;8.6072534e-03;1.7250000e+02;-3.8683314e-02;1.7250000e+02;-7.9957284e-02;1.7250000e+02;-1.2470070e-01;1.7250000e+02;-5.2178480e-02;1.7250000e+02;-8.8859852e-03;1.7250000e+02;5.6050375e-02;1.7250000e+02;1.3623235e-01;1.7250000e+02;2.2494417e-01;1.7250000e+02;2.7370423e-01;1.7250000e+02;2.9542366e-01;1.7250000e+02;3.1035253e-01;1.7250000e+02;2.6650357e-01;1.7250000e+02;2.3006803e-01;1.7250000e+02;1.9096476e-01;1.7250000e+02;1.4750308e-01;1.7250000e+02;9.8053500e-02;1.7250000e+02;5.2567352e-02;1.7250000e+02;8.6072534e-03;1.7250000e+02;-3.8683314e-02;1.7250000e+02;-7.9957284e-02;1.7250000e+02;-1.2470070e-01;1.7250000e+02;-5.2178480e-02;1.7250000e+02;-8.8859852e-03;1.7250000e+02;5.6050375e-02;1.7250000e+02;1.3623235e-01;1.7250000e+02;2.2494417e-01;1.7250000e+02;2.7370423e-01;1.7250000e+02;2.9542366e-01;1.7250000e+02;3.1035253e-01;1.7250000e+02;2.6650357e-01;1.7250000e+02;2.3006803e-01;1.7250000e+02;1.9096476e-01;1.7250000e+02;1.4750308e-01;1.7250000e+02;9.8053500e-02;1.7250000e+02;5.2567352e-02;1.7250000e+02;8.6072534e-03;1.7250000e+02;-3.8683314e-02;1.7250000e+02;-7.9957284e-02;1.7250000e+02;-1.2470070e-01;1.7250000e+02;-5.2178480e-02;1.7250000e+02;-8.8859852e-03;1.7250000e+02;5.6050375e-02;1.7250000e+02;1.3623235e-01;1.7250000e+02;2.2494417e-01;1.7250000e+02;2.7370423e-01;1.7250000e+02;2.9542366e-01;1.7250000e+02;3.1035253e-01;1.7250000e+02;2.6650357e-01;1.7250000e+02;2.3006803e-01;1.7250000e+02;1.9096476e-01;1.7250000e+02;1.4750308e-01;1.7250000e+02;9.8053500e-02;1.7250000e+02;5.2567352e-02;1.7250000e+02;8.6072534e-03;1.7250000e+02;-3.8683314e-02;1.7250000e+02;-7.9957284e-02;1.7250000e+02;-1.2470070e-01;1.7250000e+02;-5.2178480e-02;1.7250000e+02;-8.8859852e-03;1.7250000e+02;5.6050375e-02;1.7250000e+02;1.3623235e-01;1.7250000e+02;2.2494417e-01;1.7250000e+02;2.7370423e-01;1.7250000e+02;2.9542366e-01;1.7250000e+02;3.1035253e-01;1.7250000e+02;2.6650357e-01;1.7250000e+02;2.3006803e-01;1.7250000e+02;1.9096476e-01;1.7250000e+02;1.4750308e-01;1.7250000e+02;9.8053500e-02;1.7250000e+02;5.2567352e-02;1.7250000e+02;8.6072534e-03;1.7250000e+02;-3.8683314e-02;1.7250000e+02;-7.9957284e-02;1.7250000e+02;-1.2470070e-01;1.7250000e+02;-5.2178480e-02;1.7250000e+02;-8.8859852e-03;1.7250000e+02;5.6050375e-02;1.7250000e+02;1.3623235e-01;1.7250000e+02;2.2494417e-01;1.7250000e+02;2.7370423e-01;1.7250000e+02;2.9542366e-01;1.7250000e+02;3.1035253e-01;1.7250000e+02;2.6650357e-01;1.7250000e+02;2.3006803e-01;1.7250000e+02;1.9096476e-01;1.7250000e+02;1.4750308e-01;1.7250000e+02;9.8053500e-02;1.7250000e+02;5.2567352e-02;1.7250000e+02;8.6072534e-03;1.7250000e+02;-3.8683314e-02;1.7250000e+02;-7.9957284e-02;1.7250000e+02;-1.2470070e-01;1.7250000e+02;-5.2178480e-02;1.7250000e+02;-8.8859852e-03;1.7250000e+02;5.6050375e-02;1.7250000e+02;1.3623235e-01;1.7250000e+02;2.2494417e-01;1.7250000e+02;2.7370423e-01;1.7250000e+02;2.9542366e-01;1.7250000e+02;3.1035253e-01;1.7250000e+02;2.6650357e-01;1.7250000e+02;2.3006803e-01;1.7250000e+02;1.9096476e-01;1.7250000e+02;1.4750308e-01;1.7250000e+02;9.8053500e-02;1.7250000e+02;5.2567352e-02;1.7250000e+02;8.6072534e-03;1.7250000e+02;-3.8683314e-02;1.7250000e+02;-7.9957284e-02;1.7250000e+02;-1.2470070e-01;1.7250000e+02;-5.2178480e-02;1.7250000e+02;-8.8859852e-03;1.7250000e+02;5.6050375e-02;1.7250000e+02;1.3623235e-01;1.7250000e+02;2.2494417e-01;1.7250000e+02;2.7370423e-01;1.7250000e+02;2.9542366e-01;1.7250000e+02;3.1035253e-01;1.7250000e+02;2.6650357e-01;1.7250000e+02;2.3006803e-01;1.7250000e+02;1.9096476e-01;1.7250000e+02;1.4750308e-01;1.7250000e+02;9.8053500e-02;1.7250000e+02;5.2567352e-02;1.7250000e+02;8.6072534e-03;1.7250000e+02;-3.8683314e-02;1.7250000e+02;-7.9957284e-02;1.7250000e+02;-1.2470070e-01;1.7250000e+02;-5.2178480e-02;1.7250000e+02;-8.8859852e-03;1.7250000e+02;5.6050375e-02;1.7250000e+02;1.3623235e-01;1.7250000e+02;2.2494417e-01;1.7250000e+02;2.7370423e-01;1.7250000e+02;2.9542366e-01;1.7250000e+02;3.1035253e-01;1.7250000e+02;2.6650357e-01;1.7250000e+02;2.3006803e-01;1.7250000e+02;1.9096476e-01;1.7250000e+02;1.4750308e-01;1.7250000e+02;9.8053500e-02;1.7250000e+02;5.2567352e-02;1.7250000e+02;8.6072534e-03;1.7250000e+02;-3.8683314e-02;1.7250000e+02;-7.9957284e-02;1.7250000e+02;-1.2470070e-01;1.7250000e+02;-5.2178480e-02;1.7250000e+02;-8.8859852e-03;1.7250000e+02;5.6050375e-02;1.7250000e+02;1.3623235e-01;1.7250000e+02;2.2494417e-01;1.7250000e+02;2.7370423e-01;1.7250000e+02;2.9542366e-01;1.7250000e+02;3.1035253e-01;1.7250000e+02;2.6650357e-01;1.7250000e+02;2.3006803e-01;1.7250000e+02;1.9096476e-01;1.7250000e+02;1.4750308e-01;1.7250000e+02;9.8053500e-02;1.7250000e+02;5.2567352e-02;1.7250000e+02;8.6072534e-03;1.7250000e+02;-3.8683314e-02;1.7250000e+02;-7.9957284e-02;1.7250000e+02;-1.2470070e-01;1.7250000e+02;-5.2178480e-02;1.7250000e+02;-8.8859852e-03;1.7250000e+02;5.6050375e-02;1.7250000e+02;1.3623235e-01;1.7250000e+02;2.2494417e-01;1.7250000e+02;2.7370423e-01;1.7250000e+02;2.9542366e-01;1.7250000e+02;3.1035253e-01;1.7250000e+02;2.6650357e-01;1.7250000e+02;2.3006803e-01;1.7250000e+02;1.9096476e-01;1.7250000e+02;1.4750308e-01;1.7250000e+02;9.8053500e-02;1.7250000e+02;5.2567352e-02;1.7250000e+02;8.6072534e-03;1.7250000e+02;-3.8683314e-02;1.7250000e+02;-7.9957284e-02;1.7250000e+02;-1.2470070e-01;1.7250000e+02;-5.2178480e-02;1.7250000e+02;-8.8859852e-03;1.7250000e+02;5.6050375e-02;1.7250000e+02;1.3623235e-01;1.7250000e+02;2.2494417e-01;1.7250000e+02;2.7370423e-01;1.7250000e+02;2.9542366e-01;1.7250000e+02;3.1035253e-01;1.7250000e+02;2.6650357e-01;1.7250000e+02;2.3006803e-01;1.7250000e+02;1.9096476e-01;1.7250000e+02;1.4750308e-01;1.7250000e+02;9.8053500e-02;1.7250000e+02;5.2567352e-02;1.7250000e+02;8.6072534e-03;1.7250000e+02;-3.8683314e-02;1.7250000e+02;-7.9957284e-02;1.7250000e+02;-1.2470070e-01;1.7250000e+02;-5.2178480e-02;1.7250000e+02;-8.8859852e-03;1.7250000e+02;5.6050375e-02;1.7250000e+02;1.3623235e-01;1.7250000e+02;2.2494417e-01;1.7250000e+02;2.7370423e-01;1.7250000e+02;2.9542366e-01;1.7250000e+02;3.1035253e-01;1.7250000e+02;2.6650357e-01;1.7250000e+02;2.3006803e-01;1.7250000e+02;1.9096476e-01;1.7250000e+02;1.4750308e-01;1.7250000e+02;9.8053500e-02;1.7250000e+02;5.2567352e-02;1.7250000e+02;8.6072534e-03;1.7250000e+02;-3.8683314e-02;1.7250000e+02;-7.9957284e-02;1.7250000e+02;-1.2470070e-01;1.7250000e+02;-5.2178480e-02;1.7250000e+02;-8.8859852e-03;1.7250000e+02;5.6050375e-02;1.7250000e+02;1.3623235e-01;1.7250000e+02;2.2494417e-01;1.7250000e+02;2.7370423e-01;1.7250000e+02;2.9542366e-01;1.7250000e+02;3.1035253e-01;1.7250000e+02;2.6650357e-01;1.7250000e+02;2.3006803e-01;1.7250000e+02;1.9096476e-01;1.7250000e+02;1.4750308e-01;1.7250000e+02;9.8053500e-02;1.7250000e+02;5.2567352e-02;1.7250000e+02;8.6072534e-03;1.7250000e+02;-3.8683314e-02;1.7250000e+02;-7.9957284e-02;1.7250000e+02;-1.2470070e-01;1.7250000e+02;-5.2178480e-02;1.7250000e+02;-8.8859852e-03;1.7250000e+02;5.6050375e-02;1.7250000e+02;1.3623235e-01;1.7250000e+02;2.2494417e-01;1.7250000e+02;2.7370423e-01;1.7250000e+02;2.9542366e-01;1.7250000e+02;3.1035253e-01;1.7250000e+02;2.6650357e-01;1.7250000e+02;2.3006803e-01;1.7250000e+02;1.9096476e-01;1.7250000e+02;1.4750308e-01;1.7250000e+02;9.8053500e-02;1.7250000e+02;5.2567352e-02;1.7250000e+02;8.6072534e-03;1.7250000e+02;-3.8683314e-02;1.7250000e+02;-7.9957284e-02;1.7250000e+02;-1.2470070e-01;1.7250000e+02;-5.2178480e-02;1.7250000e+02;-8.8859852e-03;1.7250000e+02;5.6050375e-02;1.7250000e+02;1.3623235e-01;1.7250000e+02;2.2494417e-01;1.7250000e+02;2.7370423e-01;1.7250000e+02;2.9542366e-01;1.7250000e+02;3.1035253e-01;1.7250000e+02;2.6650357e-01;1.7250000e+02;2.3006803e-01;1.7250000e+02;1.9096476e-01;1.7250000e+02;1.4750308e-01;1.7250000e+02;9.8053500e-02;1.7250000e+02;5.2567352e-02;1.7250000e+02;8.6072534e-03;1.7250000e+02;-3.8683314e-02;1.7250000e+02;-7.9957284e-02;1.7250000e+02;-1.2470070e-01;1.7250000e+02;-5.2178480e-02;1.7250000e+02;-8.8859852e-03;1.7250000e+02;5.6050375e-02;1.7250000e+02;1.3623235e-01;1.7250000e+02;2.2494417e-01;1.7250000e+02;2.7370423e-01;1.7250000e+02;2.9542366e-01;1.7250000e+02;3.1035253e-01;1.7250000e+02;2.6650357e-01;1.7250000e+02;2.3006803e-01;1.7250000e+02;1.9096476e-01;1.7250000e+02;1.4750308e-01;1.7250000e+02;9.8053500e-02;1.7250000e+02;5.2567352e-02;1.7250000e+02;8.6072534e-03;1.7250000e+02;-3.8683314e-02;1.7250000e+02;-7.9957284e-02;1.7250000e+02;-1.2470070e-01;1.7250000e+02;-5.2178480e-02;1.7250000e+02;-8.8859852e-03;1.7250000e+02;5.6050375e-02;1.7250000e+02;1.3623235e-01;1.7250000e+02;2.2494417e-01;1.7250000e+02;2.7370423e-01;1.7250000e+02;2.9542366e-01;1.7250000e+02;3.1035253e-01;1.7250000e+02;2.6650357e-01;1.7250000e+02;2.3006803e-01;1.7250000e+02;1.9096476e-01;1.7250000e+02;1.4750308e-01;1.7250000e+02;9.8053500e-02;1.7250000e+02;5.2567352e-02;1.7250000e+02;8.6072534e-03;1.7250000e+02;-3.8683314e-02;1.7250000e+02;-7.9957284e-02;1.7250000e+02;-1.2470070e-01;1.7250000e+02;-5.2178480e-02;1.7250000e+02;-8.8859852e-03;1.7250000e+02;5.6050375e-02;1.7250000e+02;1.3623235e-01;1.7250000e+02;2.2494417e-01;1.7250000e+02;2.7370423e-01;1.7250000e+02;2.9542366e-01;1.7250000e+02;3.1035253e-01;1.7250000e+02;2.6650357e-01;1.7250000e+02;2.3006803e-01;1.7250000e+02;1.9096476e-01;1.7250000e+02;1.4750308e-01;1.7250000e+02;9.8053500e-02;1.7250000e+02;5.2567352e-02;1.7250000e+02;8.6072534e-03;1.7250000e+02;-3.8683314e-02;1.7250000e+02;-7.9957284e-02;1.7250000e+02;-1.2470070e-01;1.7250000e+02;-5.2178480e-02;1.7250000e+02;-8.8859852e-03;1.7250000e+02;5.6050375e-02;1.7250000e+02;1.3623235e-01;1.7250000e+02;2.2494417e-01;1.7250000e+02;2.7370423e-01;1.7250000e+02;2.9542366e-01;1.7250000e+02;3.1035253e-01;1.7250000e+02;2.6650357e-01;1.7250000e+02;2.3006803e-01;1.7250000e+02;1.9096476e-01;1.7250000e+02;1.4750308e-01;1.7250000e+02;9.8053500e-02;1.7250000e+02;5.2567352e-02;1.7250000e+02;8.6072534e-03;1.7250000e+02;-3.8683314e-02;1.7250000e+02;-7.9957284e-02;1.7250000e+02;-1.2470070e-01;1.7250000e+02;-5.2178480e-02;1.7250000e+02;-8.8859852e-03;1.7250000e+02;5.6050375e-02;1.7250000e+02;1.3623235e-01;1.7250000e+02;2.2494417e-01;1.7250000e+02;2.7370423e-01;1.7250000e+02;2.9542366e-01;1.7250000e+02;3.1035253e-01;1.7250000e+02;2.6650357e-01;1.7250000e+02;2.3006803e-01;1.7250000e+02;1.9096476e-01;1.7250000e+02;1.4750308e-01;1.7250000e+02;9.8053500e-02;1.7250000e+02;5.2567352e-02;1.7250000e+02;8.6072534e-03;1.7250000e+02;-3.8683314e-02;1.7250000e+02;-7.9957284e-02;1.7250000e+02;-1.2470070e-01;1.7250000e+02;-5.2178480e-02;1.7250000e+02;-8.8859852e-03;1.7250000e+02;5.6050375e-02;1.7250000e+02;1.3623235e-01;1.7250000e+02;2.2494417e-01;1.7250000e+02;2.7370423e-01;1.7250000e+02;2.9542366e-01;1.7250000e+02;3.1035253e-01;1.7250000e+02;2.6650357e-01;1.7250000e+02;2.3006803e-01;1.7250000e+02;1.9096476e-01;1.7250000e+02;1.4750308e-01;1.7250000e+02;9.8053500e-02;1.7250000e+02;5.2567352e-02;1.7250000e+02;8.6072534e-03;1.7250000e+02;-3.8683314e-02;1.7250000e+02;-7.9957284e-02;1.7250000e+02;-1.2470070e-01;1.7250000e+02;-5.2178480e-02;1.7250000e+02;-8.8859852e-03;1.7250000e+02;5.6050375e-02;1.7250000e+02;1.3623235e-01;1.7250000e+02;2.2494417e-01;1.7250000e+02;2.7370423e-01;1.7250000e+02;2.9542366e-01;1.7250000e+02;3.1035253e-01;1.7250000e+02;2.6650357e-01;1.7250000e+02;2.3006803e-01;1.7250000e+02;1.9096476e-01;1.7250000e+02;1.4750308e-01;1.7250000e+02;9.8053500e-02;1.7250000e+02;5.2567352e-02;1.7250000e+02;8.6072534e-03;1.7250000e+02;-3.8683314e-02;1.7250000e+02;-7.9957284e-02;1.7250000e+02;-1.2470070e-01;1.7250000e+02;-5.2178480e-02;1.7250000e+02;-8.8859852e-03;1.7250000e+02;5.6050375e-02;1.7250000e+02;1.3623235e-01;1.7250000e+02;2.2494417e-01;1.7250000e+02;2.7370423e-01;1.7250000e+02;2.9542366e-01;1.7250000e+02;3.1035253e-01;1.7250000e+02;2.6650357e-01;1.7250000e+02;2.3006803e-01;1.7250000e+02;1.9096476e-01;1.7250000e+02;1.4750308e-01;1.7250000e+02;9.8053500e-02;1.7250000e+02;5.2567352e-02;1.7250000e+02;8.6072534e-03;1.7250000e+02;-3.8683314e-02;1.7250000e+02;-7.9957284e-02;1.7250000e+02;-1.2470070e-01;1.7250000e+02;-5.2178480e-02;1.7250000e+02;-8.8859852e-03;1.7250000e+02;5.6050375e-02;1.7250000e+02;1.3623235e-01;1.7250000e+02;2.2494417e-01;1.7250000e+02;2.7370423e-01;1.7250000e+02;2.9542366e-01;1.7250000e+02;3.1035253e-01;1.7250000e+02;2.6650357e-01;1.7250000e+02;2.3006803e-01;1.7250000e+02;1.9096476e-01;1.7250000e+02;1.4750308e-01;1.7250000e+02;9.8053500e-02;1.7250000e+02;5.2567352e-02;1.7250000e+02;8.6072534e-03;1.7250000e+02;-3.8683314e-02;1.7250000e+02;-7.9957284e-02;1.7250000e+02;-1.2470070e-01;1.7250000e+02;-5.2178480e-02;1.7250000e+02;-8.8859852e-03;1.7250000e+02;5.6050375e-02;1.7250000e+02;1.3623235e-01;1.7250000e+02;2.2494417e-01;1.7250000e+02;2.7370423e-01;1.7250000e+02;2.9542366e-01;1.7250000e+02;3.1035253e-01;1.7250000e+02;2.6650357e-01;1.7250000e+02;2.3006803e-01;1.7250000e+02;1.9096476e-01;1.7250000e+02;1.4750308e-01;1.7250000e+02;9.8053500e-02;1.7250000e+02;5.2567352e-02;1.7250000e+02;8.6072534e-03;1.7250000e+02;-3.8683314e-02;1.7250000e+02;-7.9957284e-02;1.7250000e+02;-1.2470070e-01;1.7250000e+02;-5.2178480e-02;1.7250000e+02;-8.8859852e-03;1.7250000e+02;5.6050375e-02;1.7250000e+02;1.3623235e-01;1.7250000e+02;2.2494417e-01;1.7250000e+02;2.7370423e-01;1.7250000e+02;2.9542366e-01;1.7250000e+02;3.1035253e-01;1.7250000e+02;2.6650357e-01;1.7250000e+02;2.3006803e-01;1.7250000e+02;1.9096476e-01;1.7250000e+02;1.4750308e-01;1.7250000e+02;9.8053500e-02;1.7250000e+02;5.2567352e-02;1.7250000e+02;8.6072534e-03;1.7250000e+02;-3.8683314e-02;1.7250000e+02;-7.9957284e-02;1.7250000e+02;-1.2470070e-01;1.7250000e+02;-5.2178480e-02;1.7250000e+02;-8.8859852e-03;1.7250000e+02;5.6050375e-02;1.7250000e+02;1.3623235e-01;1.7250000e+02;2.2494417e-01;1.7250000e+02;2.7370423e-01;1.7250000e+02;2.9542366e-01;1.7250000e+02;3.1035253e-01;1.7250000e+02;2.6650357e-01;1.7250000e+02;2.3006803e-01;1.7250000e+02;1.9096476e-01;1.7250000e+02;1.4750308e-01;1.7250000e+02;9.8053500e-02;1.7250000e+02;5.2567352e-02;1.7250000e+02;8.6072534e-03;1.7250000e+02;-3.8683314e-02;1.7250000e+02;-7.9957284e-02;1.7250000e+02;-1.2470070e-01;1.7250000e+02;-5.2178480e-02;1.7250000e+02;-8.8859852e-03;1.7250000e+02;5.6050375e-02;1.7250000e+02;1.3623235e-01;1.7250000e+02;2.2494417e-01;1.7250000e+02;2.7370423e-01;1.7250000e+02;2.9542366e-01;1.7250000e+02;3.1035253e-01;1.7250000e+02;2.6650357e-01;1.7250000e+02;2.3006803e-01;1.7250000e+02;1.9096476e-01;1.7250000e+02;1.4750308e-01;1.7250000e+02;9.8053500e-02;1.7250000e+02;5.2567352e-02;1.7250000e+02;8.6072534e-03;1.7250000e+02;-3.8683314e-02;1.7250000e+02;-7.9957284e-02;1.7250000e+02;-1.2470070e-01;1.7250000e+02;-5.2178480e-02;1.7250000e+02;-8.8859852e-03;1.7250000e+02;5.6050375e-02;1.7250000e+02;1.3623235e-01;1.7250000e+02;2.2494417e-01;1.7250000e+02;2.7370423e-01;1.7250000e+02;2.9542366e-01;1.7250000e+02;3.1035253e-01;1.7250000e+02;2.6650357e-01;1.7250000e+02;2.3006803e-01;1.7250000e+02;1.9096476e-01;1.7250000e+02;1.4750308e-01;1.7250000e+02;9.8053500e-02;1.7250000e+02;5.2567352e-02;1.7250000e+02;8.6072534e-03;1.7250000e+02;-3.8683314e-02;1.7250000e+02;-7.9957284e-02;1.7250000e+02;-1.2470070e-01;1.7250000e+02;-5.2178480e-02;1.7250000e+02;-8.8859852e-03;1.7250000e+02;5.6050375e-02;1.7250000e+02;1.3623235e-01;1.7250000e+02;2.2494417e-01;1.7250000e+02;2.7370423e-01;1.7250000e+02;2.9542366e-01;1.7250000e+02;3.1035253e-01;1.7250000e+02;2.6650357e-01;1.7250000e+02;2.3006803e-01;1.7250000e+02;1.9096476e-01;1.7250000e+02;1.4750308e-01;1.7250000e+02;9.8053500e-02;1.7250000e+02;5.2567352e-02;1.7250000e+02;8.6072534e-03;1.7250000e+02;-3.8683314e-02;1.7250000e+02;-7.9957284e-02;1.7250000e+02;-1.2470070e-01;1.7250000e+02;-5.2178480e-02;1.7250000e+02;-8.8859852e-03;1.7250000e+02;5.6050375e-02;1.7250000e+02;1.3623235e-01;1.7250000e+02;2.2494417e-01;1.7250000e+02;2.7370423e-01;1.7250000e+02;2.9542366e-01;1.7250000e+02;3.1035253e-01;1.7250000e+02;2.6650357e-01;1.7250000e+02;2.3006803e-01;1.7250000e+02;1.9096476e-01;1.7250000e+02;1.4750308e-01;1.7250000e+02;9.8053500e-02;1.7250000e+02;5.2567352e-02;1.7250000e+02;8.6072534e-03;1.7250000e+02;-3.8683314e-02;1.7250000e+02;-7.9957284e-02;1.7250000e+02;-1.2470070e-01;1.7250000e+02;-5.2178480e-02;1.7250000e+02;-8.8859852e-03;1.7250000e+02;5.6050375e-02;1.7250000e+02;1.3623235e-01;1.7250000e+02;2.2494417e-01;1.7250000e+02;2.7370423e-01;1.7250000e+02;2.9542366e-01;1.7250000e+02;3.1035253e-01;1.7250000e+02;2.6650357e-01;1.7250000e+02;2.3006803e-01;1.7250000e+02;1.9096476e-01;1.7250000e+02;1.4750308e-01;1.7250000e+02;9.8053500e-02;1.7250000e+02;5.2567352e-02;1.7250000e+02;8.6072534e-03;1.7250000e+02;-3.8683314e-02;1.7250000e+02;-7.9957284e-02;1.7250000e+02;-1.2470070e-01;1.7250000e+02;-5.2178480e-02;1.7250000e+02;-8.8859852e-03;1.7250000e+02;5.6050375e-02;1.7250000e+02;1.3623235e-01;1.7250000e+02;2.2494417e-01;1.7250000e+02;2.7370423e-01;1.7250000e+02;2.9542366e-01;1.7250000e+02;3.1035253e-01;1.7250000e+02;2.6650357e-01;1.7250000e+02;2.3006803e-01;1.7250000e+02;1.9096476e-01;1.7250000e+02;1.4750308e-01;1.7250000e+02;9.8053500e-02;1.7250000e+02;5.2567352e-02;1.7250000e+02;8.6072534e-03;1.7250000e+02;-3.8683314e-02;1.7250000e+02;-7.9957284e-02;1.7250000e+02;-1.2470070e-01;1.7250000e+02;-5.2178480e-02;1.7250000e+02;-8.8859852e-03;1.7250000e+02;5.6050375e-02;1.7250000e+02;1.3623235e-01;1.7250000e+02;2.2494417e-01;1.7250000e+02;2.7370423e-01;1.7250000e+02;2.9542366e-01;1.7250000e+02;3.1035253e-01;1.7250000e+02;2.6650357e-01;1.7250000e+02;2.3006803e-01;1.7250000e+02;1.9096476e-01;1.7250000e+02;1.4750308e-01;1.7250000e+02;9.8053500e-02;1.7250000e+02;5.2567352e-02;1.7250000e+02;8.6072534e-03;1.7250000e+02;-3.8683314e-02;1.7250000e+02;-7.9957284e-02;1.7250000e+02;-1.2470070e-01;1.7250000e+02;-5.2178480e-02;1.7250000e+02;-8.8859852e-03;1.7250000e+02;5.6050375e-02;1.7250000e+02;1.3623235e-01;1.7250000e+02;2.2494417e-01;1.7250000e+02;2.7370423e-01;1.7250000e+02;2.9542366e-01;1.7250000e+02;3.1035253e-01;1.7250000e+02;2.6650357e-01;1.7250000e+02;2.3006803e-01;1.7250000e+02;1.9096476e-01;1.7250000e+02;1.4750308e-01;1.7250000e+02;9.8053500e-02;1.7250000e+02;5.2567352e-02;1.7250000e+02;8.6072534e-03;1.7250000e+02;-3.8683314e-02;1.7250000e+02;-7.9957284e-02;1.7250000e+02;-1.2470070e-01;1.7250000e+02;-5.2178480e-02;1.7250000e+02;-8.8859852e-03;1.7250000e+02;5.6050375e-02;1.7250000e+02;1.3623235e-01;1.7250000e+02;2.2494417e-01;1.7250000e+02;2.7370423e-01;1.7250000e+02;2.9542366e-01;1.7250000e+02;3.1035253e-01;1.7250000e+02;2.6650357e-01;1.7250000e+02;2.3006803e-01;1.7250000e+02;1.9096476e-01;1.7250000e+02;1.4750308e-01;1.7250000e+02;9.8053500e-02;1.7250000e+02;5.2567352e-02;1.7250000e+02;8.6072534e-03;1.7250000e+02;-3.8683314e-02;1.7250000e+02;-7.9957284e-02;1.7250000e+02;-1.2470070e-01;1.7250000e+02;-5.2178480e-02;1.7250000e+02;-8.8859852e-03;1.7250000e+02;5.6050375e-02;1.7250000e+02;1.3623235e-01;1.7250000e+02;2.2494417e-01;1.7250000e+02;2.7370423e-01;1.7250000e+02;2.9542366e-01;1.7250000e+02;3.1035253e-01;1.7250000e+02;2.6650357e-01;1.7250000e+02;2.3006803e-01;1.7250000e+02;1.9096476e-01;1.7250000e+02;1.4750308e-01;1.7250000e+02;9.8053500e-02;1.7250000e+02;5.2567352e-02;1.7250000e+02;8.6072534e-03;1.7250000e+02;-3.8683314e-02;1.7250000e+02;-7.9957284e-02;1.7250000e+02;-1.2470070e-01;1.7250000e+02;-5.2178480e-02;1.7250000e+02;-8.8859852e-03;1.7250000e+02;5.6050375e-02;1.7250000e+02;1.3623235e-01;1.7250000e+02;2.2494417e-01;1.7250000e+02;2.7370423e-01;1.7250000e+02;2.9542366e-01;1.7250000e+02;3.1035253e-01;1.7250000e+02;2.6650357e-01;1.7250000e+02;2.3006803e-01;1.7250000e+02;1.9096476e-01;1.7250000e+02;1.4750308e-01;1.7250000e+02;9.8053500e-02;1.7250000e+02;5.2567352e-02;1.7250000e+02;8.6072534e-03;1.7250000e+02;-3.8683314e-02;1.7250000e+02;-7.9957284e-02;1.7250000e+02;-1.2470070e-01;1.7250000e+02;-5.2178480e-02;1.7250000e+02;-8.8859852e-03;1.7250000e+02;5.6050375e-02;1.7250000e+02;1.3623235e-01;1.7250000e+02;2.2494417e-01;1.7250000e+02;2.7370423e-01;1.7250000e+02;2.9542366e-01;1.7250000e+02;3.1035253e-01;1.7250000e+02;2.6650357e-01;1.7250000e+02;2.3006803e-01;1.7250000e+02;1.9096476e-01;1.7250000e+02;1.4750308e-01;1.7250000e+02;9.8053500e-02;1.7250000e+02;5.2567352e-02;1.7250000e+02;8.6072534e-03;1.7250000e+02;-3.8683314e-02;1.7250000e+02;-7.9957284e-02;1.7250000e+02;-1.2470070e-01;1.7250000e+02;-5.2178480e-02;1.7250000e+02;-8.8859852e-03;1.7250000e+02;5.6050375e-02;1.7250000e+02;1.3623235e-01;1.7250000e+02;2.2494417e-01;1.7250000e+02;2.7370423e-01;1.7250000e+02;2.9542366e-01;1.7250000e+02;3.1035253e-01;1.7250000e+02;2.6650357e-01;1.7250000e+02;2.3006803e-01;1.7250000e+02;1.9096476e-01;1.7250000e+02;1.4750308e-01;1.7250000e+02;9.8053500e-02;1.7250000e+02;5.2567352e-02;1.7250000e+02;8.6072534e-03;1.7250000e+02;-3.8683314e-02;1.7250000e+02;-7.9957284e-02;1.7250000e+02;-1.2470070e-01;1.7250000e+02;-5.2178480e-02;1.7250000e+02;-8.8859852e-03;1.7250000e+02;5.6050375e-02;1.7250000e+02;1.3623235e-01;1.7250000e+02;2.2494417e-01;1.7250000e+02;2.7370423e-01;1.7250000e+02;2.9542366e-01;1.7250000e+02;3.1035253e-01;1.7250000e+02;2.6650357e-01;1.7250000e+02;2.3006803e-01;1.7250000e+02;1.9096476e-01;1.7250000e+02;1.4750308e-01;1.7250000e+02;9.8053500e-02;1.7250000e+02;5.2567352e-02;1.7250000e+02;8.6072534e-03;1.7250000e+02;-3.8683314e-02;1.7250000e+02;-7.9957284e-02;1.7250000e+02;-1.2470070e-01;1.7250000e+02;-5.2178480e-02;1.7250000e+02;-8.8859852e-03;1.7250000e+02;5.6050375e-02;1.7250000e+02;1.3623235e-01;1.7250000e+02;2.2494417e-01;1.7250000e+02;2.7370423e-01;1.7250000e+02;2.9542366e-01;1.7250000e+02;3.1035253e-01;1.7250000e+02;2.6650357e-01;1.7250000e+02;2.3006803e-01;1.7250000e+02;1.9096476e-01;1.7250000e+02;1.4750308e-01;1.7250000e+02;9.8053500e-02;1.7250000e+02;5.2567352e-02;1.7250000e+02;8.6072534e-03;1.7250000e+02;-3.8683314e-02;1.7250000e+02;-7.9957284e-02;1.7250000e+02;-1.2470070e-01;1.7250000e+02;-5.2178480e-02;1.7250000e+02;-8.8859852e-03;1.7250000e+02;5.6050375e-02;1.7250000e+02;1.3623235e-01;1.7250000e+02;2.2494417e-01;1.7250000e+02;2.7370423e-01;1.7250000e+02;2.9542366e-01;1.7250000e+02;3.1035253e-01;1.7250000e+02;2.6650357e-01;1.7250000e+02;2.3006803e-01;1.7250000e+02;1.9096476e-01;1.7250000e+02;1.4750308e-01;1.7250000e+02;9.8053500e-02;1.7250000e+02;5.2567352e-02;1.7250000e+02;8.6072534e-03;1.7250000e+02;-3.8683314e-02;1.7250000e+02;-7.9957284e-02;1.7250000e+02;-1.2470070e-01;1.7250000e+02;-5.2178480e-02;1.7250000e+02;-8.8859852e-03;1.7250000e+02;5.6050375e-02;1.7250000e+02;1.3623235e-01;1.7250000e+02;2.2494417e-01;1.7250000e+02;2.7370423e-01;1.7250000e+02;2.9542366e-01;1.7250000e+02;3.1035253e-01;1.7250000e+02;2.6650357e-01;1.7250000e+02;2.3006803e-01;1.7250000e+02;1.9096476e-01;1.7250000e+02;1.4750308e-01;1.7250000e+02;9.8053500e-02;1.7250000e+02;5.2567352e-02;1.7250000e+02;8.6072534e-03;1.7250000e+02;-3.8683314e-02;1.7250000e+02;-7.9957284e-02;1.7250000e+02;-1.2470070e-01;1.7250000e+02;-5.2178480e-02;1.7250000e+02;-8.8859852e-03;1.7250000e+02;5.6050375e-02;1.7250000e+02;1.3623235e-01;1.7250000e+02;2.2494417e-01;1.7250000e+02;2.7370423e-01;1.7250000e+02;2.9542366e-01;1.7250000e+02;3.1035253e-01;1.7250000e+02;2.6650357e-01;1.7250000e+02;2.3006803e-01;1.7250000e+02;1.9096476e-01;1.7250000e+02;1.4750308e-01;1.7250000e+02;9.8053500e-02;1.7250000e+02;5.2567352e-02;1.7250000e+02;8.6072534e-03;1.7250000e+02;-3.8683314e-02;1.7250000e+02;-7.9957284e-02;1.7250000e+02;-1.2470070e-01;1.7250000e+02;-5.2178480e-02;1.7250000e+02;-8.8859852e-03;1.7250000e+02;5.6050375e-02;1.7250000e+02;1.3623235e-01;1.7250000e+02;2.2494417e-01;1.7250000e+02;2.7370423e-01;1.7250000e+02;2.9542366e-01;1.7250000e+02;3.1035253e-01;1.7250000e+02;2.6650357e-01;1.7250000e+02;2.3006803e-01;1.7250000e+02;1.9096476e-01;1.7250000e+02;1.4750308e-01;1.7250000e+02;9.8053500e-02;1.7250000e+02;5.2567352e-02;1.7250000e+02;8.6072534e-03;1.7250000e+02;-3.8683314e-02;1.7250000e+02;-7.9957284e-02;1.7250000e+02;-1.2470070e-01;1.7250000e+02;-5.2178480e-02;1.7250000e+02;-8.8859852e-03;1.7250000e+02;5.6050375e-02;1.7250000e+02;1.3623235e-01;1.7250000e+02;2.2494417e-01;1.7250000e+02;2.7370423e-01;1.7250000e+02;2.9542366e-01;1.7250000e+02;3.1035253e-01;1.7250000e+02;2.6650357e-01;1.7250000e+02;2.3006803e-01;1.7250000e+02;1.9096476e-01;1.7250000e+02;1.4750308e-01;1.7250000e+02;9.8053500e-02;1.7250000e+02;5.2567352e-02;1.7250000e+02;8.6072534e-03;1.7250000e+02;-3.8683314e-02;1.7250000e+02;-7.9957284e-02;1.7250000e+02;-1.2470070e-01;1.7250000e+02;-5.2178480e-02;1.7250000e+02;-8.8859852e-03;1.7250000e+02;5.6050375e-02;1.7250000e+02;1.3623235e-01;1.7250000e+02;2.2494417e-01;1.7250000e+02;2.7370423e-01;1.7250000e+02;2.9542366e-01;1.7250000e+02;3.1035253e-01;1.7250000e+02;2.6650357e-01;1.7250000e+02;2.3006803e-01;1.7250000e+02;1.9096476e-01;1.7250000e+02;1.4750308e-01;1.7250000e+02;9.8053500e-02;1.7250000e+02;5.2567352e-02;1.7250000e+02;8.6072534e-03;1.7250000e+02;-3.8683314e-02;1.7250000e+02;-7.9957284e-02;1.7250000e+02;-1.2470070e-01;1.7250000e+02;-5.2178480e-02;1.7250000e+02;-8.8859852e-03;1.7250000e+02;5.6050375e-02;1.7250000e+02;1.3623235e-01;1.7250000e+02;2.2494417e-01;1.7250000e+02;2.7370423e-01;1.7250000e+02;2.9542366e-01;1.7250000e+02;3.1035253e-01;1.7250000e+02;2.6650357e-01;1.7250000e+02;2.3006803e-01;1.7250000e+02;1.9096476e-01;1.7250000e+02;1.4750308e-01;1.7250000e+02;9.8053500e-02;1.7250000e+02;5.2567352e-02;1.7250000e+02;8.6072534e-03;1.7250000e+02;-3.8683314e-02;1.7250000e+02;-7.9957284e-02;1.7250000e+02;-1.2470070e-01;1.7250000e+02;-5.2178480e-02;1.7250000e+02;-8.8859852e-03;1.7250000e+02;5.6050375e-02;1.7250000e+02;1.3623235e-01;1.7250000e+02;2.2494417e-01;1.7250000e+02;2.7370423e-01;1.7250000e+02;2.9542366e-01;1.7250000e+02;3.1035253e-01;1.7250000e+02;2.6650357e-01;1.7250000e+02;2.3006803e-01;1.7250000e+02;1.9096476e-01;1.7250000e+02;1.4750308e-01;1.7250000e+02;9.8053500e-02;1.7250000e+02;5.2567352e-02;1.7250000e+02;8.6072534e-03;1.7250000e+02;-3.8683314e-02;1.7250000e+02;-7.9957284e-02;1.7250000e+02;-1.2470070e-01;1.7250000e+02;-5.2178480e-02;1.7250000e+02;-8.8859852e-03;1.7250000e+02;5.6050375e-02;1.7250000e+02;1.3623235e-01;1.7250000e+02;2.2494417e-01;1.7250000e+02;2.7370423e-01;1.7250000e+02;2.9542366e-01;1.7250000e+02;3.1035253e-01;1.7250000e+02;2.6650357e-01;1.7250000e+02;2.3006803e-01;1.7250000e+02;1.9096476e-01;1.7250000e+02;1.4750308e-01;1.7250000e+02;9.8053500e-02;1.7250000e+02;5.2567352e-02;1.7250000e+02;8.6072534e-03;1.7250000e+02;-3.8683314e-02;1.7250000e+02;-7.9957284e-02;1.7250000e+02;-1.2470070e-01;1.7250000e+02;-5.2178480e-02;1.7250000e+02;-8.8859852e-03;1.7250000e+02;5.6050375e-02;1.7250000e+02;1.3623235e-01;1.7250000e+02;2.2494417e-01;1.7250000e+02;2.7370423e-01;1.7250000e+02;2.9542366e-01;1.7250000e+02;3.1035253e-01;1.7250000e+02;2.6650357e-01;1.7250000e+02;2.3006803e-01;1.7250000e+02;1.9096476e-01;1.7250000e+02;1.4750308e-01;1.7250000e+02;9.8053500e-02;1.7250000e+02;5.2567352e-02;1.7250000e+02;8.6072534e-03;1.7250000e+02;-3.8683314e-02;1.7250000e+02;-7.9957284e-02;1.7250000e+02;-1.2470070e-01;1.7250000e+02;-5.2178480e-02;1.7250000e+02;-8.8859852e-03;1.7250000e+02;5.6050375e-02;1.7250000e+02;1.3623235e-01;1.7250000e+02;2.2494417e-01;1.7250000e+02;2.7370423e-01;1.7250000e+02;2.9542366e-01;1.7250000e+02;3.1035253e-01;1.7250000e+02;2.6650357e-01;1.7250000e+02;2.3006803e-01;1.7250000e+02;1.9096476e-01;1.7250000e+02;1.4750308e-01;1.7250000e+02;9.8053500e-02;1.7250000e+02;5.2567352e-02;1.7250000e+02;8.6072534e-03;1.7250000e+02;-3.8683314e-02;1.7250000e+02;-7.9957284e-02;1.7250000e+02;-1.2470070e-01;1.7250000e+02;-5.2178480e-02;1.7250000e+02;-8.8859852e-03;1.7250000e+02;5.6050375e-02;1.7250000e+02;1.3623235e-01;1.7250000e+02;2.2494417e-01;1.7250000e+02;2.7370423e-01;1.7250000e+02;2.9542366e-01;1.7250000e+02;3.1035253e-01;1.7250000e+02;2.6650357e-01;1.7250000e+02;2.3006803e-01;1.7250000e+02;1.9096476e-01;1.7250000e+02;1.4750308e-01;1.7250000e+02;9.8053500e-02;1.7250000e+02;5.2567352e-02;1.7250000e+02;8.6072534e-03;1.7250000e+02;-3.8683314e-02;1.7250000e+02;-7.9957284e-02;1.7250000e+02;-1.2470070e-01;1.7250000e+02;-5.2178480e-02;1.7250000e+02;-8.8859852e-03;1.7250000e+02;5.6050375e-02;1.7250000e+02;1.3623235e-01;1.7250000e+02;2.2494417e-01;1.7250000e+02;2.7370423e-01;1.7250000e+02;2.9542366e-01;1.7250000e+02;3.1035253e-01;1.7250000e+02;2.6650357e-01;1.7250000e+02;2.3006803e-01;1.7250000e+02;1.9096476e-01;1.7250000e+02;1.4750308e-01;1.7250000e+02;9.8053500e-02;1.7250000e+02;5.2567352e-02;1.7250000e+02;8.6072534e-03;1.7250000e+02;-3.8683314e-02;1.7250000e+02;-7.9957284e-02;1.7250000e+02;-1.2470070e-01;1.7250000e+02;-5.2178480e-02;1.7250000e+02;-8.8859852e-03;1.7250000e+02;5.6050375e-02;1.7250000e+02;1.3623235e-01;1.7250000e+02;2.2494417e-01;1.7250000e+02;2.7370423e-01;1.7250000e+02;2.9542366e-01;1.7250000e+02;3.1035253e-01;1.7250000e+02;2.6650357e-01;1.7250000e+02;2.3006803e-01;1.7250000e+02;1.9096476e-01;1.7250000e+02;1.4750308e-01;1.7250000e+02;9.8053500e-02;1.7250000e+02;5.2567352e-02;1.7250000e+02;8.6072534e-03;1.7250000e+02;-3.8683314e-02;1.7250000e+02;-7.9957284e-02;1.7250000e+02;-1.2470070e-01;1.7250000e+02;-5.2178480e-02;1.7250000e+02;-8.8859852e-03;1.7250000e+02;5.6050375e-02;1.7250000e+02;1.3623235e-01;1.7250000e+02;2.2494417e-01;1.7250000e+02;2.7370423e-01;1.7250000e+02;2.9542366e-01;1.7250000e+02;3.1035253e-01;1.7250000e+02;2.6650357e-01;1.7250000e+02;2.3006803e-01;1.7250000e+02;1.9096476e-01;1.7250000e+02;1.4750308e-01;1.7250000e+02;9.8053500e-02;1.7250000e+02;5.2567352e-02;1.7250000e+02;8.6072534e-03;1.7250000e+02;-3.8683314e-02;1.7250000e+02;-7.9957284e-02;1.7250000e+02;-1.2470070e-01;1.7250000e+02;-5.2178480e-02;1.7250000e+02;-8.8859852e-03;1.7250000e+02;5.6050375e-02;1.7250000e+02;1.3623235e-01;1.7250000e+02;2.2494417e-01;1.7250000e+02;2.7370423e-01;1.7250000e+02;2.9542366e-01;1.7250000e+02;3.1035253e-01;1.7250000e+02;2.6650357e-01;1.7250000e+02;2.3006803e-01;1.7250000e+02;1.9096476e-01;1.7250000e+02;1.4750308e-01;1.7250000e+02;9.8053500e-02;1.7250000e+02;5.2567352e-02;1.7250000e+02;8.6072534e-03;1.7250000e+02;-3.8683314e-02;1.7250000e+02;-7.9957284e-02;1.7250000e+02;-1.2470070e-01;1.7250000e+02;-5.2178480e-02;1.7250000e+02;-8.8859852e-03;1.7250000e+02;5.6050375e-02;1.7250000e+02;1.3623235e-01;1.7250000e+02;2.2494417e-01;1.7250000e+02;2.7370423e-01;1.7250000e+02;2.9542366e-01;1.7250000e+02;3.1035253e-01;1.7250000e+02;2.6650357e-01;1.7250000e+02;2.3006803e-01;1.7250000e+02;1.9096476e-01;1.7250000e+02;1.4750308e-01;1.7250000e+02;9.8053500e-02;1.7250000e+02;5.2567352e-02;1.7250000e+02;8.6072534e-03;1.7250000e+02;-3.8683314e-02;1.7250000e+02;-7.9957284e-02;1.7250000e+02;-1.2470070e-01;1.7250000e+02;-5.2178480e-02;1.7250000e+02;-8.8859852e-03;1.7250000e+02;5.6050375e-02;1.7250000e+02;1.3623235e-01;1.7250000e+02;2.2494417e-01;1.7250000e+02;2.7370423e-01;1.7250000e+02;2.9542366e-01;1.7250000e+02;3.1035253e-01;1.7250000e+02;2.6650357e-01;1.7250000e+02;2.3006803e-01;1.7250000e+02;1.9096476e-01;1.7250000e+02;1.4750308e-01;1.7250000e+02;9.8053500e-02;1.7250000e+02;5.2567352e-02;1.7250000e+02;8.6072534e-03;1.7250000e+02;-3.8683314e-02;1.7250000e+02;-7.9957284e-02;1.7250000e+02;-1.2470070e-01;1.7250000e+02;-5.2178480e-02;1.7250000e+02;-8.8859852e-03;1.7250000e+02;5.6050375e-02;1.7250000e+02;1.3623235e-01;1.7250000e+02;2.2494417e-01;1.7250000e+02;2.7370423e-01;1.7250000e+02;2.9542366e-01;1.7250000e+02;3.1035253e-01;1.7250000e+02;2.6650357e-01;1.7250000e+02;2.3006803e-01;1.7250000e+02;1.9096476e-01;1.7250000e+02;1.4750308e-01;1.7250000e+02;9.8053500e-02;1.7250000e+02;5.2567352e-02;1.7250000e+02;8.6072534e-03;1.7250000e+02;-3.8683314e-02;1.7250000e+02;-7.9957284e-02;1.7250000e+02;-1.2470070e-01;1.7250000e+02;-5.2178480e-02;1.7250000e+02;-8.8859852e-03;1.7250000e+02;5.6050375e-02;1.7250000e+02;1.3623235e-01;1.7250000e+02;2.2494417e-01;1.7250000e+02;2.7370423e-01;1.7250000e+02;2.9542366e-01;1.7250000e+02;3.1035253e-01;1.7250000e+02;2.6650357e-01;1.7250000e+02;2.3006803e-01;1.7250000e+02;1.9096476e-01;1.7250000e+02;1.4750308e-01;1.7250000e+02;9.8053500e-02;1.7250000e+02;5.2567352e-02;1.7250000e+02;8.6072534e-03;1.7250000e+02;-3.8683314e-02;1.7250000e+02;-7.9957284e-02;1.7250000e+02;-1.2470070e-01;1.7250000e+02;-5.2178480e-02;1.7250000e+02;-8.8859852e-03;1.7250000e+02;5.6050375e-02;1.7250000e+02;1.3623235e-01;1.7250000e+02;2.2494417e-01;1.7250000e+02;2.7370423e-01;1.7250000e+02;2.9542366e-01;1.7250000e+02;3.1035253e-01;1.7250000e+02;2.6650357e-01;1.7250000e+02;2.3006803e-01;1.7250000e+02;1.9096476e-01;1.7250000e+02;1.4750308e-01;1.7250000e+02;9.8053500e-02;1.7250000e+02;5.2567352e-02;1.7250000e+02;8.6072534e-03;1.7250000e+02;-3.8683314e-02;1.7250000e+02;-7.9957284e-02;1.7250000e+02;-1.2470070e-01;1.7250000e+02;-5.2178480e-02;1.7250000e+02;-8.8859852e-03;1.7250000e+02;5.6050375e-02;1.7250000e+02;1.3623235e-01;1.7250000e+02;2.2494417e-01;1.7250000e+02;2.7370423e-01;1.7250000e+02;2.9542366e-01;1.7250000e+02;3.1035253e-01;1.7250000e+02;2.6650357e-01;1.7250000e+02;2.3006803e-01;1.7250000e+02;1.9096476e-01;1.7250000e+02;1.4750308e-01;1.7250000e+02;9.8053500e-02;1.7250000e+02;5.2567352e-02;1.7250000e+02;8.6072534e-03;1.7250000e+02;-3.8683314e-02;1.7250000e+02;-7.9957284e-02;1.7250000e+02;-1.2470070e-01;1.7250000e+02;-5.2178480e-02;1.7250000e+02;-8.8859852e-03;1.7250000e+02;5.6050375e-02;1.7250000e+02;1.3623235e-01;1.7250000e+02;2.2494417e-01;1.7250000e+02;2.7370423e-01;1.7250000e+02;2.9542366e-01;1.7250000e+02;3.1035253e-01;1.7250000e+02;2.6650357e-01;1.7250000e+02;2.3006803e-01;1.7250000e+02;1.9096476e-01;1.7250000e+02;1.4750308e-01;1.7250000e+02;9.8053500e-02;1.7250000e+02;5.2567352e-02;1.7250000e+02;8.6072534e-03;1.7250000e+02;-3.8683314e-02;1.7250000e+02;-7.9957284e-02;1.7250000e+02;-1.2470070e-01;1.7250000e+02;-5.2178480e-02;1.7250000e+02;-8.8859852e-03;1.7250000e+02;5.6050375e-02;1.7250000e+02;1.3623235e-01;1.7250000e+02;2.2494417e-01;1.7250000e+02;2.7370423e-01;1.7250000e+02;2.9542366e-01;1.7250000e+02;3.1035253e-01;1.7250000e+02;2.6650357e-01;1.7250000e+02;2.3006803e-01;1.7250000e+02;1.9096476e-01;1.7250000e+02;1.4750308e-01;1.7250000e+02;9.8053500e-02;1.7250000e+02;5.2567352e-02;1.7250000e+02;8.6072534e-03;1.7250000e+02;-3.8683314e-02;1.7250000e+02;-7.9957284e-02;1.7250000e+02;-1.2470070e-01;1.7250000e+02;-5.2178480e-02;1.7250000e+02;-8.8859852e-03;1.7250000e+02;5.6050375e-02;1.7250000e+02;1.3623235e-01;1.7250000e+02;2.2494417e-01;1.7250000e+02;2.7370423e-01;1.7250000e+02;2.9542366e-01;1.7250000e+02;3.1035253e-01;1.7250000e+02;2.6650357e-01;1.7250000e+02;2.3006803e-01;1.7250000e+02;1.9096476e-01;1.7250000e+02;1.4750308e-01;1.7250000e+02;9.8053500e-02;1.7250000e+02;5.2567352e-02;1.7250000e+02;8.6072534e-03;1.7250000e+02;-3.8683314e-02;1.7250000e+02;-7.9957284e-02;1.7250000e+02;-1.2470070e-01;1.7250000e+02;-5.2178480e-02;1.7250000e+02;-8.8859852e-03;1.7250000e+02;5.6050375e-02;1.7250000e+02;1.3623235e-01;1.7250000e+02;2.2494417e-01;1.7250000e+02;2.7370423e-01;1.7250000e+02;2.9542366e-01;1.7250000e+02;3.1035253e-01;1.7250000e+02;2.6650357e-01;1.7250000e+02;2.3006803e-01;1.7250000e+02;1.9096476e-01;1.7250000e+02;1.4750308e-01;1.7250000e+02;9.8053500e-02;1.7250000e+02;5.2567352e-02;1.7250000e+02;8.6072534e-03;1.7250000e+02;-3.8683314e-02;1.7250000e+02;-7.9957284e-02;1.7250000e+02;-1.2470070e-01;1.7250000e+02;-5.2178480e-02;1.7250000e+02;-8.8859852e-03;1.7250000e+02;5.6050375e-02;1.7250000e+02;1.3623235e-01;1.7250000e+02;2.2494417e-01;1.7250000e+02;2.7370423e-01;1.7250000e+02;2.9542366e-01;1.7250000e+02;3.1035253e-01;1.7250000e+02;2.6650357e-01;1.7250000e+02;2.3006803e-01;1.7250000e+02;1.9096476e-01;1.7250000e+02;1.4750308e-01;1.7250000e+02;9.8053500e-02;1.7250000e+02;5.2567352e-02;1.7250000e+02;8.6072534e-03;1.7250000e+02;-3.8683314e-02;1.7250000e+02;-7.9957284e-02;1.7250000e+02;-1.2470070e-01;1.7250000e+02;-5.2178480e-02;1.7250000e+02;-8.8859852e-03;1.7250000e+02;5.6050375e-02;1.7250000e+02;1.3623235e-01;1.7250000e+02;2.2494417e-01;1.7250000e+02;2.7370423e-01;1.7250000e+02;2.9542366e-01;1.7250000e+02;3.1035253e-01;1.7250000e+02;2.6650357e-01;1.7250000e+02;2.3006803e-01;1.7250000e+02;1.9096476e-01;1.7250000e+02;1.4750308e-01;1.7250000e+02;9.8053500e-02;1.7250000e+02;5.2567352e-02;1.7250000e+02;8.6072534e-03;1.7250000e+02;-3.8683314e-02;1.7250000e+02;-7.9957284e-02;1.7250000e+02;-1.2470070e-01;1.7250000e+02;-5.2178480e-02;1.7250000e+02;-8.8859852e-03;1.7250000e+02;5.6050375e-02;1.7250000e+02;1.3623235e-01;1.7250000e+02;2.2494417e-01;1.7250000e+02;2.7370423e-01;1.7250000e+02;2.9542366e-01;1.7250000e+02;3.1035253e-01;1.7250000e+02;2.6650357e-01;1.7250000e+02;2.3006803e-01;1.7250000e+02;1.9096476e-01;1.7250000e+02;1.4750308e-01;1.7250000e+02;9.8053500e-02;1.7250000e+02;5.2567352e-02;1.7250000e+02;8.6072534e-03;1.7250000e+02;-3.8683314e-02;1.7250000e+02;-7.9957284e-02;1.7250000e+02;-1.2470070e-01;1.7250000e+02;-5.2178480e-02;1.7250000e+02;-8.8859852e-03;1.7250000e+02;5.6050375e-02;1.7250000e+02;1.3623235e-01;1.7250000e+02;2.2494417e-01;1.7250000e+02;2.7370423e-01;1.7250000e+02;2.9542366e-01;1.7250000e+02;3.1035253e-01;1.7250000e+02;2.6650357e-01;1.7250000e+02;2.3006803e-01;1.7250000e+02;1.9096476e-01;1.7250000e+02;1.4750308e-01;1.7250000e+02;9.8053500e-02;1.7250000e+02;5.2567352e-02;1.7250000e+02;8.6072534e-03;1.7250000e+02;-3.8683314e-02;1.7250000e+02;-7.9957284e-02;1.7250000e+02;-1.2470070e-01;1.7250000e+02;-5.2178480e-02;1.7250000e+02;-8.8859852e-03;1.7250000e+02;5.6050375e-02;1.7250000e+02;1.3623235e-01;1.7250000e+02;2.2494417e-01;1.7250000e+02;2.7370423e-01;1.7250000e+02;2.9542366e-01;1.7250000e+02;3.1035253e-01;1.7250000e+02;2.6650357e-01;1.7250000e+02;2.3006803e-01;1.7250000e+02;1.9096476e-01;1.7250000e+02;1.4750308e-01;1.7250000e+02;9.8053500e-02;1.7250000e+02;5.2567352e-02;1.7250000e+02;8.6072534e-03;1.7250000e+02;-3.8683314e-02;1.7250000e+02;-7.9957284e-02;1.7250000e+02;-1.2470070e-01;1.7250000e+02;-5.2178480e-02;1.7250000e+02;-8.8859852e-03;1.7250000e+02;5.6050375e-02;1.7250000e+02;1.3623235e-01;1.7250000e+02;2.2494417e-01;1.7250000e+02;2.7370423e-01;1.7250000e+02;2.9542366e-01;1.7250000e+02;3.1035253e-01;1.7250000e+02;2.6650357e-01;1.7250000e+02;2.3006803e-01;1.7250000e+02;1.9096476e-01;1.7250000e+02;1.4750308e-01;1.7250000e+02;9.8053500e-02;1.7250000e+02;5.2567352e-02;1.7250000e+02;8.6072534e-03;1.7250000e+02;-3.8683314e-02;1.7250000e+02;-7.9957284e-02;1.7250000e+02;-1.2470070e-01;1.7250000e+02;-5.2178480e-02;1.7250000e+02;-8.8859852e-03;1.7250000e+02;5.6050375e-02;1.7250000e+02;1.3623235e-01;1.7250000e+02;2.2494417e-01;1.7250000e+02;2.7370423e-01;1.7250000e+02;2.9542366e-01;1.7250000e+02;3.1035253e-01;1.7250000e+02;2.6650357e-01;1.7250000e+02;2.3006803e-01;1.7250000e+02;1.9096476e-01;1.7250000e+02;1.4750308e-01;1.7250000e+02;9.8053500e-02;1.7250000e+02;5.2567352e-02;1.7250000e+02;8.6072534e-03;1.7250000e+02;-3.8683314e-02;1.7250000e+02;-7.9957284e-02;1.7250000e+02;-1.2470070e-01;1.7250000e+02;-5.2178480e-02;1.7250000e+02;-8.8859852e-03;1.7250000e+02;5.6050375e-02;1.7250000e+02;1.3623235e-01;1.7250000e+02;2.2494417e-01;1.7250000e+02;2.7370423e-01;1.7250000e+02;2.9542366e-01;1.7250000e+02;3.1035253e-01;1.7250000e+02;2.6650357e-01;1.7250000e+02;2.3006803e-01;1.7250000e+02;1.9096476e-01;1.7250000e+02;1.4750308e-01;1.7250000e+02;9.8053500e-02;1.7250000e+02;5.2567352e-02;1.7250000e+02;8.6072534e-03;1.7250000e+02;-3.8683314e-02;1.7250000e+02;-7.9957284e-02;1.7250000e+02;-1.2470070e-01;1.7250000e+02;-5.2178480e-02;1.7250000e+02;-8.8859852e-03;1.7250000e+02;5.6050375e-02;1.7250000e+02;1.3623235e-01;1.7250000e+02;2.2494417e-01;1.7250000e+02;2.7370423e-01;1.7250000e+02;2.9542366e-01;1.7250000e+02;3.1035253e-01;1.7250000e+02;2.6650357e-01;1.7250000e+02;2.3006803e-01;1.7250000e+02;1.9096476e-01;1.7250000e+02;1.4750308e-01;1.7250000e+02;9.8053500e-02;1.7250000e+02;5.2567352e-02;1.7250000e+02;8.6072534e-03;1.7250000e+02;-3.8683314e-02;1.7250000e+02;-7.9957284e-02;1.7250000e+02;-1.2470070e-01;1.7250000e+02;-5.2178480e-02;1.7250000e+02;-8.8859852e-03;1.7250000e+02;5.6050375e-02;1.7250000e+02;1.3623235e-01;1.7250000e+02;2.2494417e-01;1.7250000e+02;2.7370423e-01;1.7250000e+02;2.9542366e-01;1.7250000e+02;3.1035253e-01;1.7250000e+02;2.6650357e-01;1.7250000e+02;2.3006803e-01;1.7250000e+02;1.9096476e-01;1.7250000e+02;1.4750308e-01;1.7250000e+02;9.8053500e-02;1.7250000e+02;5.2567352e-02;1.7250000e+02;8.6072534e-03;1.7250000e+02;-3.8683314e-02;1.7250000e+02;-7.9957284e-02;1.7250000e+02;-1.2470070e-01;1.7250000e+02;-5.2178480e-02;1.7250000e+02;-8.8859852e-03;1.7250000e+02;5.6050375e-02;1.7250000e+02;1.3623235e-01;1.7250000e+02;2.2494417e-01;1.7250000e+02;2.7370423e-01;1.7250000e+02;2.9542366e-01;1.7250000e+02;3.1035253e-01;1.7250000e+02;2.6650357e-01;1.7250000e+02;2.3006803e-01;1.7250000e+02;1.9096476e-01;1.7250000e+02;1.4750308e-01;1.7250000e+02;9.8053500e-02;1.7250000e+02;5.2567352e-02;1.7250000e+02;8.6072534e-03;1.7250000e+02;-3.8683314e-02;1.7250000e+02;-7.9957284e-02;1.7250000e+02;-1.2470070e-01;1.7250000e+02;-5.2178480e-02;1.7250000e+02;-8.8859852e-03;1.7250000e+02;5.6050375e-02;1.7250000e+02;1.3623235e-01;1.7250000e+02;2.2494417e-01;1.7250000e+02;2.7370423e-01;1.7250000e+02;2.9542366e-01;1.7250000e+02;3.1035253e-01;1.7250000e+02;2.6650357e-01;1.7250000e+02;2.3006803e-01;1.7250000e+02;1.9096476e-01;1.7250000e+02;1.4750308e-01;1.7250000e+02;9.8053500e-02;1.7250000e+02;5.2567352e-02;1.7250000e+02;8.6072534e-03;1.7250000e+02;-3.8683314e-02;1.7250000e+02;-7.9957284e-02;1.7250000e+02;-1.2470070e-01;1.7250000e+02;-5.2178480e-02;1.7250000e+02;-8.8859852e-03;1.7250000e+02;5.6050375e-02;1.7250000e+02;1.3623235e-01;1.7250000e+02;2.2494417e-01;1.7250000e+02;2.7370423e-01;1.7250000e+02;2.9542366e-01;1.7250000e+02;3.1035253e-01;1.7250000e+02;2.6650357e-01;1.7250000e+02;2.3006803e-01;1.7250000e+02;1.9096476e-01;1.7250000e+02;1.4750308e-01;1.7250000e+02;9.8053500e-02;1.7250000e+02;5.2567352e-02;1.7250000e+02;8.6072534e-03;1.7250000e+02;-3.8683314e-02;1.7250000e+02;-7.9957284e-02;1.7250000e+02;-1.2470070e-01;1.7250000e+02;-5.2178480e-02;1.7250000e+02;-8.8859852e-03;1.7250000e+02;5.6050375e-02;1.7250000e+02;1.3623235e-01;1.7250000e+02;2.2494417e-01;1.7250000e+02;2.7370423e-01;1.7250000e+02;2.9542366e-01;1.7250000e+02;3.1035253e-01;1.7250000e+02;2.6650357e-01;1.7250000e+02;2.3006803e-01;1.7250000e+02;1.9096476e-01;1.7250000e+02;1.4750308e-01;1.7250000e+02;9.8053500e-02;1.7250000e+02;5.2567352e-02;1.7250000e+02;8.6072534e-03;1.7250000e+02;-3.8683314e-02;1.7250000e+02;-7.9957284e-02;1.7250000e+02;-1.2470070e-01;1.7250000e+02;-5.2178480e-02;1.7250000e+02;-8.8859852e-03;1.7250000e+02;5.6050375e-02;1.7250000e+02;1.3623235e-01;1.7250000e+02;2.2494417e-01;1.7250000e+02;2.7370423e-01;1.7250000e+02;2.9542366e-01;1.7250000e+02;3.1035253e-01;1.7250000e+02;2.6650357e-01;1.7250000e+02;2.3006803e-01;1.7250000e+02;1.9096476e-01;1.7250000e+02;1.4750308e-01;1.7250000e+02;9.8053500e-02;1.7250000e+02;5.2567352e-02;1.7250000e+02;8.6072534e-03;1.7250000e+02;-3.8683314e-02;1.7250000e+02;-7.9957284e-02;1.7250000e+02;-1.2470070e-01;1.7250000e+02;-5.2178480e-02;1.7250000e+02;-8.8859852e-03;1.7250000e+02;5.6050375e-02;1.7250000e+02;1.3623235e-01;1.7250000e+02;2.2494417e-01;1.7250000e+02;2.7370423e-01;1.7250000e+02;2.9542366e-01;1.7250000e+02;3.1035253e-01;1.7250000e+02;2.6650357e-01;1.7250000e+02;2.3006803e-01;1.7250000e+02;1.9096476e-01;1.7250000e+02;1.4750308e-01;1.7250000e+02;9.8053500e-02;1.7250000e+02;5.2567352e-02;1.7250000e+02;8.6072534e-03;1.7250000e+02;-3.8683314e-02;1.7250000e+02;-7.9957284e-02;1.7250000e+02;-1.2470070e-01;1.7250000e+02;-5.2178480e-02;1.7250000e+02;-8.8859852e-03;1.7250000e+02;5.6050375e-02;1.7250000e+02;1.3623235e-01;1.7250000e+02;2.2494417e-01;1.7250000e+02;2.7370423e-01;1.7250000e+02;2.9542366e-01;1.7250000e+02;3.1035253e-01;1.7250000e+02;2.6650357e-01;1.7250000e+02;2.3006803e-01;1.7250000e+02;1.9096476e-01;1.7250000e+02;1.4750308e-01;1.7250000e+02;9.8053500e-02;1.7250000e+02;5.2567352e-02;1.7250000e+02;8.6072534e-03;1.7250000e+02;-3.8683314e-02;1.7250000e+02;-7.9957284e-02;1.7250000e+02;-1.2470070e-01;1.7250000e+02;-5.2178480e-02;1.7250000e+02;-8.8859852e-03;1.7250000e+02;5.6050375e-02;1.7250000e+02;1.3623235e-01;1.7250000e+02;2.2494417e-01;1.7250000e+02;2.7370423e-01;1.7250000e+02;2.9542366e-01;1.7250000e+02;3.1035253e-01;1.7250000e+02;2.6650357e-01;1.7250000e+02;2.3006803e-01;1.7250000e+02;1.9096476e-01;1.7250000e+02;1.4750308e-01;1.7250000e+02;9.8053500e-02;1.7250000e+02;5.2567352e-02;1.7250000e+02;8.6072534e-03;1.7250000e+02;-3.8683314e-02;1.7250000e+02;-7.9957284e-02;1.7250000e+02;-1.2470070e-01;1.7250000e+02;-5.2178480e-02;1.7250000e+02;-8.8859852e-03;1.7250000e+02;5.6050375e-02;1.7250000e+02;1.3623235e-01;1.7250000e+02;2.2494417e-01;1.7250000e+02;2.7370423e-01;1.7250000e+02;2.9542366e-01;1.7250000e+02;3.1035253e-01;1.7250000e+02;2.6650357e-01;1.7250000e+02;2.3006803e-01;1.7250000e+02;1.9096476e-01;1.7250000e+02;1.4750308e-01;1.7250000e+02;9.8053500e-02;1.7250000e+02;5.2567352e-02;1.7250000e+02;8.6072534e-03;1.7250000e+02;-3.8683314e-02;1.7250000e+02;-7.9957284e-02;1.7250000e+02;-1.2470070e-01;1.7250000e+02;-5.2178480e-02;1.7250000e+02;-8.8859852e-03;1.7250000e+02;5.6050375e-02;1.7250000e+02;1.3623235e-01;1.7250000e+02;2.2494417e-01;1.7250000e+02;2.7370423e-01;1.7250000e+02;2.9542366e-01;1.7250000e+02;3.1035253e-01;1.7250000e+02;2.6650357e-01;1.7250000e+02;2.3006803e-01;1.7250000e+02;1.9096476e-01;1.7250000e+02;1.4750308e-01;1.7250000e+02;9.8053500e-02;1.7250000e+02;5.2567352e-02;1.7250000e+02;8.6072534e-03;1.7250000e+02;-3.8683314e-02;1.7250000e+02;-7.9957284e-02;1.7250000e+02;-1.2470070e-01;1.7250000e+02;-5.2178480e-02;1.7250000e+02;-8.8859852e-03;1.7250000e+02;5.6050375e-02;1.7250000e+02;1.3623235e-01;1.7250000e+02;2.2494417e-01;1.7250000e+02;2.7370423e-01;1.7250000e+02;2.9542366e-01;1.7250000e+02;3.1035253e-01;1.7250000e+02;2.6650357e-01;1.7250000e+02;2.3006803e-01;1.7250000e+02;1.9096476e-01;1.7250000e+02;1.4750308e-01;1.7250000e+02;9.8053500e-02;1.7250000e+02;5.2567352e-02;1.7250000e+02;8.6072534e-03;1.7250000e+02;-3.8683314e-02;1.7250000e+02;-7.9957284e-02;1.7250000e+02;-1.2470070e-01;1.7250000e+02;-5.2178480e-02;1.7250000e+02;-8.8859852e-03;1.7250000e+02;5.6050375e-02;1.7250000e+02;1.3623235e-01;1.7250000e+02;2.2494417e-01;1.7250000e+02;2.7370423e-01;1.7250000e+02;2.9542366e-01;1.7250000e+02;3.1035253e-01;1.7250000e+02;2.6650357e-01;1.7250000e+02;2.3006803e-01;1.7250000e+02;1.9096476e-01;1.7250000e+02;1.4750308e-01;1.7250000e+02;9.8053500e-02;1.7250000e+02;5.2567352e-02;1.7250000e+02;8.6072534e-03;1.7250000e+02;-3.8683314e-02;1.7250000e+02;-7.9957284e-02;1.7250000e+02;-1.2470070e-01;1.7250000e+02;-5.2178480e-02;1.7250000e+02;-8.8859852e-03;1.7250000e+02;5.6050375e-02;1.7250000e+02;1.3623235e-01;1.7250000e+02;2.2494417e-01;1.7250000e+02;2.7370423e-01;1.7250000e+02;2.9542366e-01;1.7250000e+02;3.1035253e-01;1.7250000e+02;2.6650357e-01;1.7250000e+02;2.3006803e-01;1.7250000e+02;1.9096476e-01;1.7250000e+02;1.4750308e-01;1.7250000e+02;9.8053500e-02;1.7250000e+02;5.2567352e-02;1.7250000e+02;8.6072534e-03;1.7250000e+02;-3.8683314e-02;1.7250000e+02;-7.9957284e-02;1.7250000e+02;-1.2470070e-01;1.7250000e+02;-5.2178480e-02;1.7250000e+02;-8.8859852e-03;1.7250000e+02;5.6050375e-02;1.7250000e+02;1.3623235e-01;1.7250000e+02;2.2494417e-01;1.7250000e+02;2.7370423e-01;1.7250000e+02;2.9542366e-01;1.7250000e+02;3.1035253e-01;1.7250000e+02;2.6650357e-01;1.7250000e+02;2.3006803e-01;1.7250000e+02;1.9096476e-01;1.7250000e+02;1.4750308e-01;1.7250000e+02;9.8053500e-02;1.7250000e+02;5.2567352e-02;1.7250000e+02;8.6072534e-03;1.7250000e+02;-3.8683314e-02;1.7250000e+02;-7.9957284e-02;1.7250000e+02;-1.2470070e-01;1.7250000e+02;-5.2178480e-02;1.7250000e+02;-8.8859852e-03;1.7250000e+02;5.6050375e-02;1.7250000e+02;1.3623235e-01;1.7250000e+02;2.2494417e-01;1.7250000e+02;2.7370423e-01;1.7250000e+02;2.9542366e-01;1.7250000e+02;3.1035253e-01;1.7250000e+02;2.6650357e-01;1.7250000e+02;2.3006803e-01;1.7250000e+02;1.9096476e-01;1.7250000e+02;1.4750308e-01;1.7250000e+02;9.8053500e-02;1.7250000e+02;5.2567352e-02;1.7250000e+02;8.6072534e-03;1.7250000e+02;-3.8683314e-02;1.7250000e+02;-7.9957284e-02;1.7250000e+02;-1.2470070e-01;1.7250000e+02;-5.2178480e-02;1.7250000e+02;-8.8859852e-03;1.7250000e+02;5.6050375e-02;1.7250000e+02;1.3623235e-01;1.7250000e+02;2.2494417e-01;1.7250000e+02;2.7370423e-01;1.7250000e+02;2.9542366e-01;1.7250000e+02;3.1035253e-01;1.7250000e+02;2.6650357e-01;1.7250000e+02;2.3006803e-01;1.7250000e+02;1.9096476e-01;1.7250000e+02;1.4750308e-01;1.7250000e+02;9.8053500e-02;1.7250000e+02;5.2567352e-02;1.7250000e+02;8.6072534e-03;1.7250000e+02;-3.8683314e-02;1.7250000e+02;-7.9957284e-02;1.7250000e+02;-1.2470070e-01;1.7250000e+02;-5.2178480e-02;1.7250000e+02;-8.8859852e-03;1.7250000e+02;5.6050375e-02;1.7250000e+02;1.3623235e-01;1.7250000e+02;2.2494417e-01;1.7250000e+02;2.7370423e-01;1.7250000e+02;2.9542366e-01;1.7250000e+02;3.1035253e-01;1.7250000e+02;2.6650357e-01;1.7250000e+02;2.3006803e-01;1.7250000e+02;1.9096476e-01;1.7250000e+02;1.4750308e-01;1.7250000e+02;9.8053500e-02;1.7250000e+02;5.2567352e-02;1.7250000e+02;8.6072534e-03;1.7250000e+02;-3.8683314e-02;1.7250000e+02;-7.9957284e-02;1.7250000e+02;-1.2470070e-01;1.7250000e+02;-5.2178480e-02;1.7250000e+02;-8.8859852e-03;1.7250000e+02;5.6050375e-02;1.7250000e+02;1.3623235e-01;1.7250000e+02;2.2494417e-01;1.7250000e+02;2.7370423e-01;1.7250000e+02;2.9542366e-01;1.7250000e+02;3.1035253e-01;1.7250000e+02;2.6650357e-01;1.7250000e+02;2.3006803e-01;1.7250000e+02;1.9096476e-01;1.7250000e+02;1.4750308e-01;1.7250000e+02;9.8053500e-02;1.7250000e+02;5.2567352e-02;1.7250000e+02;8.6072534e-03;1.7250000e+02;-3.8683314e-02;1.7250000e+02;-7.9957284e-02;1.7250000e+02;-1.2470070e-01;1.7250000e+02;-5.2178480e-02;1.7250000e+02;-8.8859852e-03;1.7250000e+02;5.6050375e-02;1.7250000e+02;1.3623235e-01;1.7250000e+02;2.2494417e-01;1.7250000e+02;2.7370423e-01;1.7250000e+02;2.9542366e-01;1.7250000e+02;3.1035253e-01;1.7250000e+02;2.6650357e-01;1.7250000e+02;2.3006803e-01;1.7250000e+02;1.9096476e-01;1.7250000e+02;1.4750308e-01;1.7250000e+02;9.8053500e-02;1.7250000e+02;5.2567352e-02;1.7250000e+02;8.6072534e-03;1.7250000e+02;-3.8683314e-02;1.7250000e+02;-7.9957284e-02;1.7250000e+02;-1.2470070e-01;1.7250000e+02;-5.2178480e-02;1.7250000e+02;-8.8859852e-03;1.7250000e+02;5.6050375e-02;1.7250000e+02;1.3623235e-01;1.7250000e+02;2.2494417e-01;1.7250000e+02;2.7370423e-01;1.7250000e+02;2.9542366e-01;1.7250000e+02;3.1035253e-01;1.7250000e+02;2.6650357e-01;1.7250000e+02;2.3006803e-01;1.7250000e+02;1.9096476e-01;1.7250000e+02;1.4750308e-01;1.7250000e+02;9.8053500e-02;1.7250000e+02;5.2567352e-02;1.7250000e+02;8.6072534e-03;1.7250000e+02;-3.8683314e-02;1.7250000e+02;-7.9957284e-02;1.7250000e+02;-1.2470070e-01;1.7250000e+02;-5.2178480e-02;1.7250000e+02;-8.8859852e-03;1.7250000e+02;5.6050375e-02;1.7250000e+02;1.3623235e-01;1.7250000e+02;2.2494417e-01;1.7250000e+02;2.7370423e-01;1.7250000e+02;2.9542366e-01;1.7250000e+02;3.1035253e-01;1.7250000e+02;2.6650357e-01;1.7250000e+02;2.3006803e-01;1.7250000e+02;1.9096476e-01;1.7250000e+02;1.4750308e-01;1.7250000e+02;9.8053500e-02;1.7250000e+02;5.2567352e-02;1.7250000e+02;8.6072534e-03;1.7250000e+02;-3.8683314e-02;1.7250000e+02;-7.9957284e-02;1.7250000e+02;-1.2470070e-01;1.7250000e+02;-5.2178480e-02;1.7250000e+02;-8.8859852e-03;1.7250000e+02;5.6050375e-02;1.7250000e+02;1.3623235e-01;1.7250000e+02;2.2494417e-01;1.7250000e+02;2.7370423e-01;1.7250000e+02;2.9542366e-01;1.7250000e+02;3.1035253e-01;1.7250000e+02;2.6650357e-01;1.7250000e+02;2.3006803e-01;1.7250000e+02;1.9096476e-01;1.7250000e+02;1.4750308e-01;1.7250000e+02;9.8053500e-02;1.7250000e+02;5.2567352e-02;1.7250000e+02;8.6072534e-03;1.7250000e+02;-3.8683314e-02;1.7250000e+02;-7.9957284e-02;1.7250000e+02;-1.2470070e-01;1.7250000e+02;-5.2178480e-02;1.7250000e+02;-8.8859852e-03;1.7250000e+02;5.6050375e-02;1.7250000e+02;1.3623235e-01;1.7250000e+02;2.2494417e-01;1.7250000e+02;2.7370423e-01;1.7250000e+02;2.9542366e-01;1.7250000e+02;3.1035253e-01;1.7250000e+02;2.6650357e-01;1.7250000e+02;2.3006803e-01;1.7250000e+02;1.9096476e-01;1.7250000e+02;1.4750308e-01;1.7250000e+02;9.8053500e-02;1.7250000e+02;5.2567352e-02;1.7250000e+02;8.6072534e-03;1.7250000e+02;-3.8683314e-02;1.7250000e+02;-7.9957284e-02;1.7250000e+02;-1.2470070e-01;1.7250000e+02;-5.2178480e-02;1.7250000e+02;-8.8859852e-03;1.7250000e+02;5.6050375e-02;1.7250000e+02;1.3623235e-01;1.7250000e+02;2.2494417e-01;1.7250000e+02;2.7370423e-01;1.7250000e+02;2.9542366e-01;1.7250000e+02;3.1035253e-01;1.7250000e+02;2.6650357e-01;1.7250000e+02;2.3006803e-01;1.7250000e+02;1.9096476e-01;1.7250000e+02;1.4750308e-01;1.7250000e+02;9.8053500e-02;1.7250000e+02;5.2567352e-02;1.7250000e+02;8.6072534e-03;1.7250000e+02;-3.8683314e-02;1.7250000e+02;-7.9957284e-02;1.7250000e+02;-1.2470070e-01;1.7250000e+02;-5.2178480e-02;1.7250000e+02;-8.8859852e-03;1.7250000e+02;5.6050375e-02;1.7250000e+02;1.3623235e-01;1.7250000e+02;2.2494417e-01;1.7250000e+02;2.7370423e-01;1.7250000e+02;2.9542366e-01;1.7250000e+02;3.1035253e-01;1.7250000e+02;2.6650357e-01;1.7250000e+02;2.3006803e-01;1.7250000e+02;1.9096476e-01;1.7250000e+02;1.4750308e-01;1.7250000e+02;9.8053500e-02;1.7250000e+02;5.2567352e-02;1.7250000e+02;8.6072534e-03;1.7250000e+02;-3.8683314e-02;1.7250000e+02;-7.9957284e-02;1.7250000e+02;-1.2470070e-01;1.7250000e+02;-5.2178480e-02;1.7250000e+02;-8.8859852e-03;1.7250000e+02;5.6050375e-02;1.7250000e+02;1.3623235e-01;1.7250000e+02;2.2494417e-01;1.7250000e+02;2.7370423e-01;1.7250000e+02;2.9542366e-01;1.7250000e+02;3.1035253e-01;1.7250000e+02;2.6650357e-01;1.7250000e+02;2.3006803e-01;1.7250000e+02;1.9096476e-01;1.7250000e+02;1.4750308e-01;1.7250000e+02;9.8053500e-02;1.7250000e+02;5.2567352e-02;1.7250000e+02;8.6072534e-03;1.7250000e+02;-3.8683314e-02;1.7250000e+02;-7.9957284e-02;1.7250000e+02;-1.2470070e-01;1.7250000e+02;-5.2178480e-02;1.7250000e+02;-8.8859852e-03;1.7250000e+02;5.6050375e-02;1.7250000e+02;1.3623235e-01;1.7250000e+02;2.2494417e-01;1.7250000e+02;2.7370423e-01;1.7250000e+02;2.9542366e-01;1.7250000e+02;3.1035253e-01;1.7250000e+02;2.6650357e-01;1.7250000e+02;2.3006803e-01;1.7250000e+02;1.9096476e-01;1.7250000e+02;1.4750308e-01;1.7250000e+02;9.8053500e-02;1.7250000e+02;5.2567352e-02;1.7250000e+02;8.6072534e-03;1.7250000e+02;-3.8683314e-02;1.7250000e+02;-7.9957284e-02;1.7250000e+02;-1.2470070e-01;1.7250000e+02;-5.2178480e-02;1.7250000e+02;-8.8859852e-03;1.7250000e+02;5.6050375e-02;1.7250000e+02;1.3623235e-01;1.7250000e+02;2.2494417e-01;1.7250000e+02;2.7370423e-01;1.7250000e+02;2.9542366e-01;1.7250000e+02;3.1035253e-01;1.7250000e+02;2.6650357e-01;1.7250000e+02;2.3006803e-01;1.7250000e+02;1.9096476e-01;1.7250000e+02;1.4750308e-01;1.7250000e+02;9.8053500e-02;1.7250000e+02;5.2567352e-02;1.7250000e+02;8.6072534e-03;1.7250000e+02;-3.8683314e-02;1.7250000e+02;-7.9957284e-02;1.7250000e+02;-1.2470070e-01;1.7250000e+02;-5.2178480e-02;1.7250000e+02;-8.8859852e-03;1.7250000e+02;5.6050375e-02;1.7250000e+02;1.3623235e-01;1.7250000e+02;2.2494417e-01;1.7250000e+02;2.7370423e-01;1.7250000e+02;2.9542366e-01;1.7250000e+02;3.1035253e-01;1.7250000e+02;2.6650357e-01;1.7250000e+02;2.3006803e-01;1.7250000e+02;1.9096476e-01;1.7250000e+02;1.4750308e-01;1.7250000e+02;9.8053500e-02;1.7250000e+02;5.2567352e-02;1.7250000e+02;8.6072534e-03;1.7250000e+02;-3.8683314e-02;1.7250000e+02;-7.9957284e-02;1.7250000e+02;-1.2470070e-01;1.7250000e+02;-5.2178480e-02;1.7250000e+02;-8.8859852e-03;1.7250000e+02;5.6050375e-02;1.7250000e+02;1.3623235e-01;1.7250000e+02;2.2494417e-01;1.7250000e+02;2.7370423e-01;1.7250000e+02;2.9542366e-01;1.7250000e+02;3.1035253e-01;1.7250000e+02;2.6650357e-01;1.7250000e+02;2.3006803e-01;1.7250000e+02;1.9096476e-01;1.7250000e+02;1.4750308e-01;1.7250000e+02;9.8053500e-02;1.7250000e+02;5.2567352e-02;1.7250000e+02;8.6072534e-03;1.7250000e+02;-3.8683314e-02;1.7250000e+02;-7.9957284e-02;1.7250000e+02;-1.2470070e-01;1.7250000e+02;-5.2178480e-02;1.7250000e+02;-8.8859852e-03;1.7250000e+02;5.6050375e-02;1.7250000e+02;1.3623235e-01;1.7250000e+02;2.2494417e-01;1.7250000e+02;2.7370423e-01;1.7250000e+02;2.9542366e-01;1.7250000e+02;3.1035253e-01;1.7250000e+02;2.6650357e-01;1.7250000e+02;2.3006803e-01;1.7250000e+02;1.9096476e-01;1.7250000e+02;1.4750308e-01;1.7250000e+02;9.8053500e-02;1.7250000e+02;5.2567352e-02;1.7250000e+02;8.6072534e-03;1.7250000e+02;-3.8683314e-02;1.7250000e+02;-7.9957284e-02;1.7250000e+02;-1.2470070e-01;1.7250000e+02;-5.2178480e-02;1.7250000e+02;-8.8859852e-03;1.7250000e+02;5.6050375e-02;1.7250000e+02;1.3623235e-01;1.7250000e+02;2.2494417e-01;1.7250000e+02;2.7370423e-01;1.7250000e+02;2.9542366e-01;1.7250000e+02;3.1035253e-01;1.7250000e+02;2.6650357e-01;1.7250000e+02;2.3006803e-01;1.7250000e+02;1.9096476e-01;1.7250000e+02;1.4750308e-01;1.7250000e+02;9.8053500e-02;1.7250000e+02;5.2567352e-02;1.7250000e+02;8.6072534e-03;1.7250000e+02;-3.8683314e-02;1.7250000e+02;-7.9957284e-02;1.7250000e+02;-1.2470070e-01;1.7250000e+02;-5.2178480e-02;1.7250000e+02;-8.8859852e-03;1.7250000e+02;5.6050375e-02;1.7250000e+02;1.3623235e-01;1.7250000e+02;2.2494417e-01;1.7250000e+02;2.7370423e-01;1.7250000e+02;2.9542366e-01;1.7250000e+02;3.1035253e-01;1.7250000e+02;2.6650357e-01;1.7250000e+02;2.3006803e-01;1.7250000e+02;1.9096476e-01;1.7250000e+02;1.4750308e-01;1.7250000e+02;9.8053500e-02;1.7250000e+02;5.2567352e-02;1.7250000e+02;8.6072534e-03;1.7250000e+02;-3.8683314e-02;1.7250000e+02;-7.9957284e-02;1.7250000e+02;-1.2470070e-01;1.7250000e+02;-5.2178480e-02;1.7250000e+02;-8.8859852e-03;1.7250000e+02;5.6050375e-02;1.7250000e+02;1.3623235e-01;1.7250000e+02;2.2494417e-01;1.7250000e+02;2.7370423e-01;1.7250000e+02;2.9542366e-01;1.7250000e+02;3.1035253e-01;1.7250000e+02;2.6650357e-01;1.7250000e+02;2.3006803e-01;1.7250000e+02;1.9096476e-01;1.7250000e+02;1.4750308e-01;1.7250000e+02;9.8053500e-02;1.7250000e+02;5.2567352e-02;1.7250000e+02;8.6072534e-03;1.7250000e+02;-3.8683314e-02;1.7250000e+02;-7.9957284e-02;1.7250000e+02;-1.2470070e-01;1.7250000e+02;-5.2178480e-02;1.7250000e+02;-8.8859852e-03;1.7250000e+02;5.6050375e-02;1.7250000e+02;1.3623235e-01;1.7250000e+02;2.2494417e-01;1.7250000e+02;2.7370423e-01;1.7250000e+02;2.9542366e-01;1.7250000e+02;3.1035253e-01;1.7250000e+02;2.6650357e-01;1.7250000e+02;2.3006803e-01;1.7250000e+02;1.9096476e-01;1.7250000e+02;1.4750308e-01;1.7250000e+02;9.8053500e-02;1.7250000e+02;5.2567352e-02;1.7250000e+02;8.6072534e-03;1.7250000e+02;-3.8683314e-02;1.7250000e+02;-7.9957284e-02;1.7250000e+02;-1.2470070e-01;1.7250000e+02;-5.2178480e-02;1.7250000e+02;-8.8859852e-03;1.7250000e+02;5.6050375e-02;1.7250000e+02;1.3623235e-01;1.7250000e+02;2.2494417e-01;1.7250000e+02;2.7370423e-01;1.7250000e+02;2.9542366e-01;1.7250000e+02;3.1035253e-01;1.7250000e+02;2.6650357e-01;1.7250000e+02;2.3006803e-01;1.7250000e+02;1.9096476e-01;1.7250000e+02;1.4750308e-01;1.7250000e+02;9.8053500e-02;1.7250000e+02;5.2567352e-02;1.7250000e+02;8.6072534e-03;1.7250000e+02;-3.8683314e-02;1.7250000e+02;-7.9957284e-02;1.7250000e+02;-1.2470070e-01;1.7250000e+02;-5.2178480e-02;1.7250000e+02;-8.8859852e-03;1.7250000e+02;5.6050375e-02;1.7250000e+02;1.3623235e-01;1.7250000e+02;2.2494417e-01;1.7250000e+02;2.7370423e-01;1.7250000e+02;2.9542366e-01;1.7250000e+02;3.1035253e-01;1.7250000e+02;2.6650357e-01;1.7250000e+02;2.3006803e-01;1.7250000e+02;1.9096476e-01;1.7250000e+02;1.4750308e-01;1.7250000e+02;9.8053500e-02;1.7250000e+02;5.2567352e-02;1.7250000e+02;8.6072534e-03;1.7250000e+02;-3.8683314e-02;1.7250000e+02;-7.9957284e-02;1.7250000e+02;-1.2470070e-01;1.7250000e+02;-5.2178480e-02;1.7250000e+02;-8.8859852e-03;1.7250000e+02;5.6050375e-02;1.7250000e+02;1.3623235e-01;1.7250000e+02;2.2494417e-01;1.7250000e+02;2.7370423e-01;1.7250000e+02;2.9542366e-01;1.7250000e+02;3.1035253e-01;1.7250000e+02;2.6650357e-01;1.7250000e+02;2.3006803e-01;1.7250000e+02;1.9096476e-01;1.7250000e+02;1.4750308e-01;1.7250000e+02;9.8053500e-02;1.7250000e+02;5.2567352e-02;1.7250000e+02;8.6072534e-03;1.7250000e+02;-3.8683314e-02;1.7250000e+02;-7.9957284e-02;1.7250000e+02;-1.2470070e-01;1.7250000e+02;-5.2178480e-02;1.7250000e+02;-8.8859852e-03;1.7250000e+02;5.6050375e-02;1.7250000e+02;1.3623235e-01;1.7250000e+02;2.2494417e-01;1.7250000e+02;2.7370423e-01;1.7250000e+02;2.9542366e-01;1.7250000e+02;3.1035253e-01;1.7250000e+02;2.6650357e-01;1.7250000e+02;2.3006803e-01;1.7250000e+02;1.9096476e-01;1.7250000e+02;1.4750308e-01;1.7250000e+02;9.8053500e-02;1.7250000e+02;5.2567352e-02;1.7250000e+02;8.6072534e-03;1.7250000e+02;-3.8683314e-02;1.7250000e+02;-7.9957284e-02;1.7250000e+02;-1.2470070e-01;1.7250000e+02;-5.2178480e-02;1.7250000e+02;-8.8859852e-03;1.7250000e+02;5.6050375e-02;1.7250000e+02;1.3623235e-01;1.7250000e+02;2.2494417e-01;1.7250000e+02;2.7370423e-01;1.7250000e+02;2.9542366e-01;1.7250000e+02;3.1035253e-01;1.7250000e+02;2.6650357e-01;1.7250000e+02;2.3006803e-01;1.7250000e+02;1.9096476e-01;1.7250000e+02;1.4750308e-01;1.7250000e+02;9.8053500e-02;1.7250000e+02;5.2567352e-02;1.7250000e+02;8.6072534e-03;1.7250000e+02;-3.8683314e-02;1.7250000e+02;-7.9957284e-02;1.7250000e+02;-1.2470070e-01;1.7250000e+02;-5.2178480e-02;1.7250000e+02;-8.8859852e-03;1.7250000e+02;5.6050375e-02;1.7250000e+02;1.3623235e-01;1.7250000e+02;2.2494417e-01;1.7250000e+02;2.7370423e-01;1.7250000e+02;2.9542366e-01;1.7250000e+02;3.1035253e-01;1.7250000e+02;2.6650357e-01;1.7250000e+02;2.3006803e-01;1.7250000e+02;1.9096476e-01;1.7250000e+02;1.4750308e-01;1.7250000e+02;9.8053500e-02;1.7250000e+02;5.2567352e-02;1.7250000e+02;8.6072534e-03;1.7250000e+02;-3.8683314e-02;1.7250000e+02;-7.9957284e-02;1.7250000e+02;-1.2470070e-01;1.7250000e+02;-5.2178480e-02;1.7250000e+02;-8.8859852e-03;1.7250000e+02;5.6050375e-02;1.7250000e+02;1.3623235e-01;1.7250000e+02;2.2494417e-01;1.7250000e+02;2.7370423e-01;1.7250000e+02;2.9542366e-01;1.7250000e+02;3.1035253e-01;1.7250000e+02;2.6650357e-01;1.7250000e+02;2.3006803e-01;1.7250000e+02;1.9096476e-01;1.7250000e+02;1.4750308e-01;1.7250000e+02;9.8053500e-02;1.7250000e+02;5.2567352e-02;1.7250000e+02;8.6072534e-03;1.7250000e+02;-3.8683314e-02;1.7250000e+02;-7.9957284e-02;1.7250000e+02;-1.2470070e-01;1.7250000e+02;-5.2178480e-02;1.7250000e+02;-8.8859852e-03;1.7250000e+02;5.6050375e-02;1.7250000e+02;1.3623235e-01;1.7250000e+02;2.2494417e-01;1.7250000e+02;2.7370423e-01;1.7250000e+02;2.9542366e-01;1.7250000e+02;3.1035253e-01;1.7250000e+02;2.6650357e-01;1.7250000e+02;2.3006803e-01;1.7250000e+02;1.9096476e-01;1.7250000e+02;1.4750308e-01;1.7250000e+02;9.8053500e-02;1.7250000e+02;5.2567352e-02;1.7250000e+02;8.6072534e-03;1.7250000e+02;-3.8683314e-02;1.7250000e+02;-7.9957284e-02;1.7250000e+02;-1.2470070e-01;1.7250000e+02;-5.2178480e-02;1.7250000e+02;-8.8859852e-03;1.7250000e+02;5.6050375e-02;1.7250000e+02;1.3623235e-01;1.7250000e+02;2.2494417e-01;1.7250000e+02;2.7370423e-01;1.7250000e+02;2.9542366e-01;1.7250000e+02;3.1035253e-01;1.7250000e+02;2.6650357e-01;1.7250000e+02;2.3006803e-01;1.7250000e+02;1.9096476e-01;1.7250000e+02;1.4750308e-01;1.7250000e+02;9.8053500e-02;1.7250000e+02;5.2567352e-02;1.7250000e+02;8.6072534e-03;1.7250000e+02;-3.8683314e-02;1.7250000e+02;-7.9957284e-02;1.7250000e+02;-1.2470070e-01;1.7250000e+02;-5.2178480e-02;1.7250000e+02;-8.8859852e-03;1.7250000e+02;5.6050375e-02;1.7250000e+02;1.3623235e-01;1.7250000e+02;2.2494417e-01;1.7250000e+02;2.7370423e-01;1.7250000e+02;2.9542366e-01;1.7250000e+02;3.1035253e-01;1.7250000e+02;2.6650357e-01;1.7250000e+02;2.3006803e-01;1.7250000e+02;1.9096476e-01;1.7250000e+02;1.4750308e-01;1.7250000e+02;9.8053500e-02;1.7250000e+02;5.2567352e-02;1.7250000e+02;8.6072534e-03;1.7250000e+02;-3.8683314e-02;1.7250000e+02;-7.9957284e-02;1.7250000e+02;-1.2470070e-01;1.7250000e+02;-5.2178480e-02;1.7250000e+02;-8.8859852e-03;1.7250000e+02;5.6050375e-02;1.7250000e+02;1.3623235e-01;1.7250000e+02;2.2494417e-01;1.7250000e+02;2.7370423e-01;1.7250000e+02;2.9542366e-01;1.7250000e+02;3.1035253e-01;1.7250000e+02;2.6650357e-01;1.7250000e+02;2.3006803e-01;1.7250000e+02;1.9096476e-01;1.7250000e+02;1.4750308e-01;1.7250000e+02;9.8053500e-02;1.7250000e+02;5.2567352e-02;1.7250000e+02;8.6072534e-03;1.7250000e+02;-3.8683314e-02;1.7250000e+02;-7.9957284e-02;1.7250000e+02;-1.2470070e-01;1.7250000e+02;-5.2178480e-02;1.7250000e+02;-8.8859852e-03;1.7250000e+02;5.6050375e-02;1.7250000e+02;1.3623235e-01;1.7250000e+02;2.2494417e-01;1.7250000e+02;2.7370423e-01;1.7250000e+02;2.9542366e-01;1.7250000e+02;3.1035253e-01;1.7250000e+02;2.6650357e-01;1.7250000e+02;2.3006803e-01;1.7250000e+02;1.9096476e-01;1.7250000e+02;1.4750308e-01;1.7250000e+02;9.8053500e-02;1.7250000e+02;5.2567352e-02;1.7250000e+02;8.6072534e-03;1.7250000e+02;-3.8683314e-02;1.7250000e+02;-7.9957284e-02;1.7250000e+02;-1.2470070e-01;1.7250000e+02;-5.2178480e-02;1.7250000e+02;-8.8859852e-03;1.7250000e+02;5.6050375e-02;1.7250000e+02;1.3623235e-01;1.7250000e+02;2.2494417e-01;1.7250000e+02;2.7370423e-01;1.7250000e+02;2.9542366e-01;1.7250000e+02;3.1035253e-01;1.7250000e+02;2.6650357e-01;1.7250000e+02;2.3006803e-01;1.7250000e+02;1.9096476e-01;1.7250000e+02;1.4750308e-01;1.7250000e+02;9.8053500e-02;1.7250000e+02;5.2567352e-02;1.7250000e+02;8.6072534e-03;1.7250000e+02;-3.8683314e-02;1.7250000e+02;-7.9957284e-02;1.7250000e+02;-1.2470070e-01;1.7250000e+02;-5.2178480e-02;1.7250000e+02;-8.8859852e-03;1.7250000e+02;5.6050375e-02;1.7250000e+02;1.3623235e-01;1.7250000e+02;2.2494417e-01;1.7250000e+02;2.7370423e-01;1.7250000e+02;2.9542366e-01;1.7250000e+02;3.1035253e-01;1.7250000e+02;2.6650357e-01;1.7250000e+02;2.3006803e-01;1.7250000e+02;1.9096476e-01;1.7250000e+02;1.4750308e-01;1.7250000e+02;9.8053500e-02;1.7250000e+02;5.2567352e-02;1.7250000e+02;8.6072534e-03;1.7250000e+02;-3.8683314e-02;1.7250000e+02;-7.9957284e-02;1.7250000e+02;-1.2470070e-01;1.7250000e+02;-5.2178480e-02;1.7250000e+02;-8.8859852e-03;1.7250000e+02;5.6050375e-02;1.7250000e+02;1.3623235e-01;1.7250000e+02;2.2494417e-01;1.7250000e+02;2.7370423e-01;1.7250000e+02;2.9542366e-01;1.7250000e+02;3.1035253e-01;1.7250000e+02;2.6650357e-01;1.7250000e+02;2.3006803e-01;1.7250000e+02;1.9096476e-01;1.7250000e+02;1.4750308e-01;1.7250000e+02;9.8053500e-02;1.7250000e+02;5.2567352e-02;1.7250000e+02;8.6072534e-03;1.7250000e+02;-3.8683314e-02;1.7250000e+02;-7.9957284e-02;1.7250000e+02;-1.2470070e-01;1.7250000e+02;-5.2178480e-02;1.7250000e+02;-8.8859852e-03;1.7250000e+02;5.6050375e-02;1.7250000e+02;1.3623235e-01;1.7250000e+02;2.2494417e-01;1.7250000e+02;2.7370423e-01;1.7250000e+02;2.9542366e-01;1.7250000e+02;3.1035253e-01;1.7250000e+02;2.6650357e-01;1.7250000e+02;2.3006803e-01;1.7250000e+02;1.9096476e-01;1.7250000e+02;1.4750308e-01;1.7250000e+02;9.8053500e-02;1.7250000e+02;5.2567352e-02;1.7250000e+02;8.6072534e-03;1.7250000e+02;-3.8683314e-02;1.7250000e+02;-7.9957284e-02;1.7250000e+02;-1.2470070e-01;1.7250000e+02;-5.2178480e-02;1.7250000e+02;-8.8859852e-03;1.7250000e+02;5.6050375e-02;1.7250000e+02;1.3623235e-01;1.7250000e+02;2.2494417e-01;1.7250000e+02;2.7370423e-01;1.7250000e+02;2.9542366e-01;1.7250000e+02;3.1035253e-01;1.7250000e+02;2.6650357e-01;1.7250000e+02;2.3006803e-01;1.7250000e+02;1.9096476e-01;1.7250000e+02;1.4750308e-01;1.7250000e+02;9.8053500e-02;1.7250000e+02;5.2567352e-02;1.7250000e+02;8.6072534e-03;1.7250000e+02;-3.8683314e-02;1.7250000e+02;-7.9957284e-02;1.7250000e+02;-1.2470070e-01;1.7250000e+02;-5.2178480e-02;1.7250000e+02;-8.8859852e-03;1.7250000e+02;5.6050375e-02;1.7250000e+02;1.3623235e-01;1.7250000e+02;2.2494417e-01;1.7250000e+02;2.7370423e-01;1.7250000e+02;2.9542366e-01;1.7250000e+02;3.1035253e-01;1.7250000e+02;2.6650357e-01;1.7250000e+02;2.3006803e-01;1.7250000e+02;1.9096476e-01;1.7250000e+02;1.4750308e-01;1.7250000e+02;9.8053500e-02;1.7250000e+02;5.2567352e-02;1.7250000e+02;8.6072534e-03;1.7250000e+02;-3.8683314e-02;1.7250000e+02;-7.9957284e-02;1.7250000e+02;-1.2470070e-01;1.7250000e+02;-5.2178480e-02;1.7250000e+02;-8.8859852e-03;1.7250000e+02;5.6050375e-02;1.7250000e+02;1.3623235e-01;1.7250000e+02;2.2494417e-01;1.7250000e+02;2.7370423e-01;1.7250000e+02;2.9542366e-01;1.7250000e+02;3.1035253e-01;1.7250000e+02;2.6650357e-01;1.7250000e+02;2.3006803e-01;1.7250000e+02;1.9096476e-01;1.7250000e+02;1.4750308e-01;1.7250000e+02;9.8053500e-02;1.7250000e+02;5.2567352e-02;1.7250000e+02;8.6072534e-03;1.7250000e+02;-3.8683314e-02;1.7250000e+02;-7.9957284e-02;1.7250000e+02;-1.2470070e-01;1.7250000e+02;-5.2178480e-02;1.7250000e+02;-8.8859852e-03;1.7250000e+02;5.6050375e-02;1.7250000e+02;1.3623235e-01;1.7250000e+02;2.2494417e-01;1.7250000e+02;2.7370423e-01;1.7250000e+02;2.9542366e-01;1.7250000e+02;3.1035253e-01;1.7250000e+02;2.6650357e-01;1.7250000e+02;2.3006803e-01;1.7250000e+02;1.9096476e-01;1.7250000e+02;1.4750308e-01;1.7250000e+02;9.8053500e-02;1.7250000e+02;5.2567352e-02;1.7250000e+02;8.6072534e-03;1.7250000e+02;-3.8683314e-02;1.7250000e+02;-7.9957284e-02;1.7250000e+02;-1.2470070e-01;1.7250000e+02;-5.2178480e-02;1.7250000e+02;-8.8859852e-03;1.7250000e+02;5.6050375e-02;1.7250000e+02;1.3623235e-01;1.7250000e+02;2.2494417e-01;1.7250000e+02;2.7370423e-01;1.7250000e+02;2.9542366e-01;1.7250000e+02;3.1035253e-01;1.7250000e+02;2.6650357e-01;1.7250000e+02;2.3006803e-01;1.7250000e+02;1.9096476e-01;1.7250000e+02;1.4750308e-01;1.7250000e+02;9.8053500e-02;1.7250000e+02;5.2567352e-02;1.7250000e+02;8.6072534e-03;1.7250000e+02;-3.8683314e-02;1.7250000e+02;-7.9957284e-02;1.7250000e+02;-1.2470070e-01;1.7250000e+02;-5.2178480e-02;1.7250000e+02;-8.8859852e-03;1.7250000e+02;5.6050375e-02;1.7250000e+02;1.3623235e-01;1.7250000e+02;2.2494417e-01;1.7250000e+02;2.7370423e-01;1.7250000e+02;2.9542366e-01;1.7250000e+02;3.1035253e-01;1.7250000e+02;2.6650357e-01;1.7250000e+02;2.3006803e-01;1.7250000e+02;1.9096476e-01;1.7250000e+02;1.4750308e-01;1.7250000e+02;9.8053500e-02;1.7250000e+02;5.2567352e-02;1.7250000e+02;8.6072534e-03;1.7250000e+02;-3.8683314e-02;1.7250000e+02;-7.9957284e-02;1.7250000e+02;-1.2470070e-01;1.7250000e+02;-5.2178480e-02;1.7250000e+02;-8.8859852e-03;1.7250000e+02;5.6050375e-02;1.7250000e+02;1.3623235e-01;1.7250000e+02;2.2494417e-01;1.7250000e+02;2.7370423e-01;1.7250000e+02;2.9542366e-01;1.7250000e+02;3.1035253e-01;1.7250000e+02;2.6650357e-01;1.7250000e+02;2.3006803e-01;1.7250000e+02;1.9096476e-01;1.7250000e+02;1.4750308e-01;1.7250000e+02;9.8053500e-02;1.7250000e+02;5.2567352e-02;1.7250000e+02;8.6072534e-03;1.7250000e+02;-3.8683314e-02;1.7250000e+02;-7.9957284e-02;1.7250000e+02;-1.2470070e-01;1.7250000e+02;-5.2178480e-02;1.7250000e+02;-8.8859852e-03;1.7250000e+02;5.6050375e-02;1.7250000e+02;1.3623235e-01;1.7250000e+02;2.2494417e-01;1.7250000e+02;2.7370423e-01;1.7250000e+02;2.9542366e-01;1.7250000e+02;3.1035253e-01;1.7250000e+02;2.6650357e-01;1.7250000e+02;2.3006803e-01;1.7250000e+02;1.9096476e-01;1.7250000e+02;1.4750308e-01;1.7250000e+02;9.8053500e-02;1.7250000e+02;5.2567352e-02;1.7250000e+02;8.6072534e-03;1.7250000e+02;-3.8683314e-02;1.7250000e+02;-7.9957284e-02;1.7250000e+02;-1.2470070e-01;1.7250000e+02;-5.2178480e-02;1.7250000e+02;-8.8859852e-03;1.7250000e+02;5.6050375e-02;1.7250000e+02;1.3623235e-01;1.7250000e+02;2.2494417e-01;1.7250000e+02;2.7370423e-01;1.7250000e+02;2.9542366e-01;1.7250000e+02;3.1035253e-01;1.7250000e+02;2.6650357e-01;1.7250000e+02;2.3006803e-01;1.7250000e+02;1.9096476e-01;1.7250000e+02;1.4750308e-01;1.7250000e+02;9.8053500e-02;1.7250000e+02;5.2567352e-02;1.7250000e+02;8.6072534e-03;1.7250000e+02;-3.8683314e-02;1.7250000e+02;-7.9957284e-02;1.7250000e+02;-1.2470070e-01;1.7250000e+02;-5.2178480e-02;1.7250000e+02;-8.8859852e-03;1.7250000e+02;5.6050375e-02;1.7250000e+02;1.3623235e-01;1.7250000e+02;2.2494417e-01;1.7250000e+02;2.7370423e-01;1.7250000e+02;2.9542366e-01;1.7250000e+02;3.1035253e-01;1.7250000e+02;2.6650357e-01;1.7250000e+02;2.3006803e-01;1.7250000e+02;1.9096476e-01;1.7250000e+02;1.4750308e-01;1.7250000e+02;9.8053500e-02;1.7250000e+02;5.2567352e-02;1.7250000e+02;8.6072534e-03;1.7250000e+02;-3.8683314e-02;1.7250000e+02;-7.9957284e-02;1.7250000e+02;-1.2470070e-01;1.7250000e+02;-5.2178480e-02;1.7250000e+02;-8.8859852e-03;1.7250000e+02;5.6050375e-02;1.7250000e+02;1.3623235e-01;1.7250000e+02;2.2494417e-01;1.7250000e+02;2.7370423e-01;1.7250000e+02;2.9542366e-01;1.7250000e+02;3.1035253e-01;1.7250000e+02;2.6650357e-01;1.7250000e+02;2.3006803e-01;1.7250000e+02;1.9096476e-01;1.7250000e+02;1.4750308e-01;1.7250000e+02;9.8053500e-02;1.7250000e+02;5.2567352e-02;1.7250000e+02;8.6072534e-03;1.7250000e+02;-3.8683314e-02;1.7250000e+02;-7.9957284e-02;1.7250000e+02;-1.2470070e-01;1.7250000e+02;-5.2178480e-02;1.7250000e+02;-8.8859852e-03;1.7250000e+02;5.6050375e-02;1.7250000e+02;1.3623235e-01;1.7250000e+02;2.2494417e-01;1.7250000e+02;2.7370423e-01;1.7250000e+02;2.9542366e-01;1.7250000e+02;3.1035253e-01;1.7250000e+02;2.6650357e-01;1.7250000e+02;2.3006803e-01;1.7250000e+02;1.9096476e-01;1.7250000e+02;1.4750308e-01;1.7250000e+02;9.8053500e-02;1.7250000e+02;5.2567352e-02;1.7250000e+02;8.6072534e-03;1.7250000e+02;-3.8683314e-02;1.7250000e+02;-7.9957284e-02;1.7250000e+02;-1.2470070e-01;1.7250000e+02;-5.2178480e-02;1.7250000e+02;-8.8859852e-03;1.7250000e+02;5.6050375e-02;1.7250000e+02;1.3623235e-01;1.7250000e+02;2.2494417e-01;1.7250000e+02;2.7370423e-01;1.7250000e+02;2.9542366e-01;1.7250000e+02;3.1035253e-01;1.7250000e+02;2.6650357e-01;1.7250000e+02;2.3006803e-01;1.7250000e+02;1.9096476e-01;1.7250000e+02;1.4750308e-01;1.7250000e+02;9.8053500e-02;1.7250000e+02;5.2567352e-02;1.7250000e+02;8.6072534e-03;1.7250000e+02;-3.8683314e-02;1.7250000e+02;-7.9957284e-02;1.7250000e+02;-1.2470070e-01;1.7250000e+02;-5.2178480e-02;1.7250000e+02;-8.8859852e-03;1.7250000e+02;5.6050375e-02;1.7250000e+02;1.3623235e-01;1.7250000e+02;2.2494417e-01;1.7250000e+02;2.7370423e-01;1.7250000e+02;2.9542366e-01;1.7250000e+02;3.1035253e-01;1.7250000e+02;2.6650357e-01;1.7250000e+02;2.3006803e-01;1.7250000e+02;1.9096476e-01;1.7250000e+02;1.4750308e-01;1.7250000e+02;9.8053500e-02;1.7250000e+02;5.2567352e-02;1.7250000e+02;8.6072534e-03;1.7250000e+02;-3.8683314e-02;1.7250000e+02;-7.9957284e-02;1.7250000e+02;-1.2470070e-01;1.7250000e+02;-5.2178480e-02;1.7250000e+02;-8.8859852e-03;1.7250000e+02;5.6050375e-02;1.7250000e+02;1.3623235e-01;1.7250000e+02;2.2494417e-01;1.7250000e+02;2.7370423e-01;1.7250000e+02;2.9542366e-01;1.7250000e+02;3.1035253e-01;1.7250000e+02;2.6650357e-01;1.7250000e+02;2.3006803e-01;1.7250000e+02;1.9096476e-01;1.7250000e+02;1.4750308e-01;1.7250000e+02;9.8053500e-02;1.7250000e+02;5.2567352e-02;1.7250000e+02;8.6072534e-03;1.7250000e+02;-3.8683314e-02;1.7250000e+02;-7.9957284e-02;1.7250000e+02;-1.2470070e-01;1.7250000e+02;-5.2178480e-02;1.7250000e+02;-8.8859852e-03;1.7250000e+02;5.6050375e-02;1.7250000e+02;1.3623235e-01;1.7250000e+02;2.2494417e-01;1.7250000e+02;2.7370423e-01;1.7250000e+02;2.9542366e-01;1.7250000e+02;3.1035253e-01;1.7250000e+02;2.6650357e-01;1.7250000e+02;2.3006803e-01;1.7250000e+02;1.9096476e-01;1.7250000e+02;1.4750308e-01;1.7250000e+02;9.8053500e-02;1.7250000e+02;5.2567352e-02;1.7250000e+02;8.6072534e-03;1.7250000e+02;-3.8683314e-02;1.7250000e+02;-7.9957284e-02;1.7250000e+02;-1.2470070e-01;1.7250000e+02;-5.2178480e-02;1.7250000e+02;-8.8859852e-03;1.7250000e+02;5.6050375e-02;1.7250000e+02;1.3623235e-01;1.7250000e+02;2.2494417e-01;1.7250000e+02;2.7370423e-01;1.7250000e+02;2.9542366e-01;1.7250000e+02;3.1035253e-01;1.7250000e+02;2.6650357e-01;1.7250000e+02;2.3006803e-01;1.7250000e+02;1.9096476e-01;1.7250000e+02;1.4750308e-01;1.7250000e+02;9.8053500e-02;1.7250000e+02;5.2567352e-02;1.7250000e+02;8.6072534e-03;1.7250000e+02;-3.8683314e-02;1.7250000e+02;-7.9957284e-02;1.7250000e+02;-1.2470070e-01;1.7250000e+02;-5.2178480e-02;1.7250000e+02;-8.8859852e-03;1.7250000e+02;5.6050375e-02;1.7250000e+02;1.3623235e-01;1.7250000e+02;2.2494417e-01;1.7250000e+02;2.7370423e-01;1.7250000e+02;2.9542366e-01;1.7250000e+02;3.1035253e-01;1.7250000e+02;2.6650357e-01;1.7250000e+02;2.3006803e-01;1.7250000e+02;1.9096476e-01;1.7250000e+02;1.4750308e-01;1.7250000e+02;9.8053500e-02;1.7250000e+02;5.2567352e-02;1.7250000e+02;8.6072534e-03;1.7250000e+02;-3.8683314e-02;1.7250000e+02;-7.9957284e-02;1.7250000e+02;-1.2470070e-01;1.7250000e+02;-5.2178480e-02;1.7250000e+02;-8.8859852e-03;1.7250000e+02;5.6050375e-02;1.7250000e+02;1.3623235e-01;1.7250000e+02;2.2494417e-01;1.7250000e+02;2.7370423e-01;1.7250000e+02;2.9542366e-01;1.7250000e+02;3.1035253e-01;1.7250000e+02;2.6650357e-01;1.7250000e+02;2.3006803e-01;1.7250000e+02;1.9096476e-01;1.7250000e+02;1.4750308e-01;1.7250000e+02;9.8053500e-02;1.7250000e+02;5.2567352e-02;1.7250000e+02;8.6072534e-03;1.7250000e+02;-3.8683314e-02;1.7250000e+02;-7.9957284e-02;1.7250000e+02;-1.2470070e-01;1.7250000e+02;-5.2178480e-02;1.7250000e+02;-8.8859852e-03;1.7250000e+02;5.6050375e-02;1.7250000e+02;1.3623235e-01;1.7250000e+02;2.2494417e-01;1.7250000e+02;2.7370423e-01;1.7250000e+02;2.9542366e-01;1.7250000e+02;3.1035253e-01;1.7250000e+02;2.6650357e-01;1.7250000e+02;2.3006803e-01;1.7250000e+02;1.9096476e-01;1.7250000e+02;1.4750308e-01;1.7250000e+02;9.8053500e-02;1.7250000e+02;5.2567352e-02;1.7250000e+02;8.6072534e-03;1.7250000e+02;-3.8683314e-02;1.7250000e+02;-7.9957284e-02;1.7250000e+02;-1.2470070e-01;1.7250000e+02;-5.2178480e-02;1.7250000e+02;-8.8859852e-03;1.7250000e+02;5.6050375e-02;1.7250000e+02;1.3623235e-01;1.7250000e+02;2.2494417e-01;1.7250000e+02;2.7370423e-01;1.7250000e+02;2.9542366e-01;1.7250000e+02;3.1035253e-01;1.7250000e+02;2.6650357e-01;1.7250000e+02;2.3006803e-01;1.7250000e+02;1.9096476e-01;1.7250000e+02;1.4750308e-01;1.7250000e+02;9.8053500e-02;1.7250000e+02;5.2567352e-02;1.7250000e+02;8.6072534e-03;1.7250000e+02;-3.8683314e-02;1.7250000e+02;-7.9957284e-02;1.7250000e+02;-1.2470070e-01;1.7250000e+02;-5.2178480e-02;1.7250000e+02;-8.8859852e-03;1.7250000e+02;5.6050375e-02;1.7250000e+02;1.3623235e-01;1.7250000e+02;2.2494417e-01;1.7250000e+02;2.7370423e-01;1.7250000e+02;2.9542366e-01;1.7250000e+02;3.1035253e-01;1.7250000e+02;2.6650357e-01;1.7250000e+02;2.3006803e-01;1.7250000e+02;1.9096476e-01;1.7250000e+02;1.4750308e-01;1.7250000e+02;9.8053500e-02;1.7250000e+02;5.2567352e-02;1.7250000e+02;8.6072534e-03;1.7250000e+02;-3.8683314e-02;1.7250000e+02;-7.9957284e-02;1.7250000e+02;-1.2470070e-01;1.7250000e+02;-5.2178480e-02;1.7250000e+02;-8.8859852e-03;1.7250000e+02;5.6050375e-02;1.7250000e+02;1.3623235e-01;1.7250000e+02;2.2494417e-01;1.7250000e+02;2.7370423e-01;1.7250000e+02;2.9542366e-01;1.7250000e+02;3.1035253e-01;1.7250000e+02;2.6650357e-01;1.7250000e+02;2.3006803e-01;1.7250000e+02;1.9096476e-01;1.7250000e+02;1.4750308e-01;1.7250000e+02;9.8053500e-02;1.7250000e+02;5.2567352e-02;1.7250000e+02;8.6072534e-03;1.7250000e+02;-3.8683314e-02;1.7250000e+02;-7.9957284e-02;1.7250000e+02;-1.2470070e-01;1.7250000e+02;-5.2178480e-02;1.7250000e+02;-8.8859852e-03;1.7250000e+02;5.6050375e-02;1.7250000e+02;1.3623235e-01;1.7250000e+02;2.2494417e-01;1.7250000e+02;2.7370423e-01;1.7250000e+02;2.9542366e-01;1.7250000e+02;3.1035253e-01;1.7250000e+02;2.6650357e-01;1.7250000e+02;2.3006803e-01;1.7250000e+02;1.9096476e-01;1.7250000e+02;1.4750308e-01;1.7250000e+02;9.8053500e-02;1.7250000e+02;5.2567352e-02;1.7250000e+02;8.6072534e-03;1.7250000e+02;-3.8683314e-02;1.7250000e+02;-7.9957284e-02;1.7250000e+02;-1.2470070e-01;1.7250000e+02;-5.2178480e-02;1.7250000e+02;-8.8859852e-03;1.7250000e+02;5.6050375e-02;1.7250000e+02;1.3623235e-01;1.7250000e+02;2.2494417e-01;1.7250000e+02;2.7370423e-01;1.7250000e+02;2.9542366e-01;1.7250000e+02;3.1035253e-01;1.7250000e+02;2.6650357e-01;1.7250000e+02;2.3006803e-01;1.7250000e+02;1.9096476e-01;1.7250000e+02;1.4750308e-01;1.7250000e+02;9.8053500e-02;1.7250000e+02;5.2567352e-02;1.7250000e+02;8.6072534e-03;1.7250000e+02;-3.8683314e-02;1.7250000e+02;-7.9957284e-02;1.7250000e+02;-1.2470070e-01;1.7250000e+02;-5.2178480e-02;1.7250000e+02;-8.8859852e-03;1.7250000e+02;5.6050375e-02;1.7250000e+02;1.3623235e-01;1.7250000e+02;2.2494417e-01;1.7250000e+02;2.7370423e-01;1.7250000e+02;2.9542366e-01;1.7250000e+02;3.1035253e-01;1.7250000e+02;2.6650357e-01;1.7250000e+02;2.3006803e-01;1.7250000e+02;1.9096476e-01;1.7250000e+02;1.4750308e-01;1.7250000e+02;9.8053500e-02;1.7250000e+02;5.2567352e-02;1.7250000e+02;8.6072534e-03;1.7250000e+02;-3.8683314e-02;1.7250000e+02;-7.9957284e-02;1.7250000e+02;-1.2470070e-01;1.7250000e+02;-5.2178480e-02;1.7250000e+02;-8.8859852e-03;1.7250000e+02;5.6050375e-02;1.7250000e+02;1.3623235e-01;1.7250000e+02;2.2494417e-01;1.7250000e+02;2.7370423e-01;1.7250000e+02;2.9542366e-01;1.7250000e+02;3.1035253e-01;1.7250000e+02;2.6650357e-01;1.7250000e+02;2.3006803e-01;1.7250000e+02;1.9096476e-01;1.7250000e+02;1.4750308e-01;1.7250000e+02;9.8053500e-02;1.7250000e+02;5.2567352e-02;1.7250000e+02;8.6072534e-03;1.7250000e+02;-3.8683314e-02;1.7250000e+02;-7.9957284e-02;1.7250000e+02;-1.2470070e-01;1.7250000e+02;-5.2178480e-02;1.7250000e+02;-8.8859852e-03;1.7250000e+02;5.6050375e-02;1.7250000e+02;1.3623235e-01;1.7250000e+02;2.2494417e-01;1.7250000e+02;2.7370423e-01;1.7250000e+02;2.9542366e-01;1.7250000e+02;3.1035253e-01;1.7250000e+02;2.6650357e-01;1.7250000e+02;2.3006803e-01;1.7250000e+02;1.9096476e-01;1.7250000e+02;1.4750308e-01;1.7250000e+02;9.8053500e-02;1.7250000e+02;5.2567352e-02;1.7250000e+02;8.6072534e-03;1.7250000e+02;-3.8683314e-02;1.7250000e+02;-7.9957284e-02;1.7250000e+02;-1.2470070e-01;1.7250000e+02;-5.2178480e-02;1.7250000e+02;-8.8859852e-03;1.7250000e+02;5.6050375e-02;1.7250000e+02;1.3623235e-01;1.7250000e+02;2.2494417e-01;1.7250000e+02;2.7370423e-01;1.7250000e+02;2.9542366e-01;1.7250000e+02;3.1035253e-01;1.7250000e+02;2.6650357e-01;1.7250000e+02;2.3006803e-01;1.7250000e+02;1.9096476e-01;1.7250000e+02;1.4750308e-01;1.7250000e+02;9.8053500e-02;1.7250000e+02;5.2567352e-02;1.7250000e+02;8.6072534e-03;1.7250000e+02;-3.8683314e-02;1.7250000e+02;-7.9957284e-02;1.7250000e+02;-1.2470070e-01;1.7250000e+02;-5.2178480e-02;1.7250000e+02;-8.8859852e-03;1.7250000e+02;5.6050375e-02;1.7250000e+02;1.3623235e-01;1.7250000e+02;2.2494417e-01;1.7250000e+02;2.7370423e-01;1.7250000e+02;2.9542366e-01;1.7250000e+02;3.1035253e-01;1.7250000e+02;2.6650357e-01;1.7250000e+02;2.3006803e-01;1.7250000e+02;1.9096476e-01;1.7250000e+02;1.4750308e-01;1.7250000e+02;9.8053500e-02;1.7250000e+02;5.2567352e-02;1.7250000e+02;8.6072534e-03;1.7250000e+02;-3.8683314e-02;1.7250000e+02;-7.9957284e-02;1.7250000e+02;-1.2470070e-01;1.7250000e+02;-5.2178480e-02;1.7250000e+02;-8.8859852e-03;1.7250000e+02;5.6050375e-02;1.7250000e+02;1.3623235e-01;1.7250000e+02;2.2494417e-01;1.7250000e+02;2.7370423e-01;1.7250000e+02;2.9542366e-01;1.7250000e+02;3.1035253e-01;1.7250000e+02;2.6650357e-01;1.7250000e+02;2.3006803e-01;1.7250000e+02;1.9096476e-01;1.7250000e+02;1.4750308e-01;1.7250000e+02;9.8053500e-02;1.7250000e+02;5.2567352e-02;1.7250000e+02;8.6072534e-03;1.7250000e+02;-3.8683314e-02;1.7250000e+02;-7.9957284e-02;1.7250000e+02;-1.2470070e-01;1.7250000e+02;-5.2178480e-02;1.7250000e+02;-8.8859852e-03;1.7250000e+02;5.6050375e-02;1.7250000e+02;1.3623235e-01;1.7250000e+02;2.2494417e-01;1.7250000e+02;2.7370423e-01;1.7250000e+02;2.9542366e-01;1.7250000e+02;3.1035253e-01;1.7250000e+02;2.6650357e-01;1.7250000e+02;2.3006803e-01;1.7250000e+02;1.9096476e-01;1.7250000e+02;1.4750308e-01;1.7250000e+02;9.8053500e-02;1.7250000e+02;5.2567352e-02;1.7250000e+02;8.6072534e-03;1.7250000e+02;-3.8683314e-02;1.7250000e+02;-7.9957284e-02;1.7250000e+02;-1.2470070e-01;1.7250000e+02;-5.2178480e-02;1.7250000e+02;-8.8859852e-03;1.7250000e+02;5.6050375e-02;1.7250000e+02;1.3623235e-01;1.7250000e+02;2.2494417e-01;1.7250000e+02;2.7370423e-01;1.7250000e+02;2.9542366e-01;1.7250000e+02;3.1035253e-01;1.7250000e+02;2.6650357e-01;1.7250000e+02;2.3006803e-01;1.7250000e+02;1.9096476e-01;1.7250000e+02;1.4750308e-01;1.7250000e+02;9.8053500e-02;1.7250000e+02;5.2567352e-02;1.7250000e+02;8.6072534e-03;1.7250000e+02;-3.8683314e-02;1.7250000e+02;-7.9957284e-02;1.7250000e+02;-1.2470070e-01;1.7250000e+02;-5.2178480e-02;1.7250000e+02;-8.8859852e-03;1.7250000e+02;5.6050375e-02;1.7250000e+02;1.3623235e-01;1.7250000e+02;2.2494417e-01;1.7250000e+02;2.7370423e-01;1.7250000e+02;2.9542366e-01;1.7250000e+02;3.1035253e-01;1.7250000e+02;2.6650357e-01;1.7250000e+02;2.3006803e-01;1.7250000e+02;1.9096476e-01;1.7250000e+02;1.4750308e-01;1.7250000e+02;9.8053500e-02;1.7250000e+02;5.2567352e-02;1.7250000e+02;8.6072534e-03;1.7250000e+02;-3.8683314e-02;1.7250000e+02;-7.9957284e-02;1.7250000e+02;-1.2470070e-01;1.7250000e+02;-5.2178480e-02;1.7250000e+02;-8.8859852e-03;1.7250000e+02;5.6050375e-02;1.7250000e+02;1.3623235e-01;1.7250000e+02;2.2494417e-01;1.7250000e+02;2.7370423e-01;1.7250000e+02;2.9542366e-01;1.7250000e+02;3.1035253e-01;1.7250000e+02;2.6650357e-01;1.7250000e+02;2.3006803e-01;1.7250000e+02;1.9096476e-01;1.7250000e+02;1.4750308e-01;1.7250000e+02;9.8053500e-02;1.7250000e+02;5.2567352e-02;1.7250000e+02;8.6072534e-03;1.7250000e+02;-3.8683314e-02;1.7250000e+02;-7.9957284e-02;1.7250000e+02;-1.2470070e-01;1.7250000e+02;-5.2178480e-02;1.7250000e+02;-8.8859852e-03;1.7250000e+02;5.6050375e-02;1.7250000e+02;1.3623235e-01;1.7250000e+02;2.2494417e-01;1.7250000e+02;2.7370423e-01;1.7250000e+02;2.9542366e-01;1.7250000e+02;3.1035253e-01;1.7250000e+02;2.6650357e-01;1.7250000e+02;2.3006803e-01;1.7250000e+02;1.9096476e-01;1.7250000e+02;1.4750308e-01;1.7250000e+02;9.8053500e-02;1.7250000e+02;5.2567352e-02;1.7250000e+02;8.6072534e-03;1.7250000e+02;-3.8683314e-02;1.7250000e+02;-7.9957284e-02;1.7250000e+02;-1.2470070e-01;1.7250000e+02;-5.2178480e-02;1.7250000e+02;-8.8859852e-03;1.7250000e+02;5.6050375e-02;1.7250000e+02;1.3623235e-01;1.7250000e+02;2.2494417e-01;1.7250000e+02;2.7370423e-01;1.7250000e+02;2.9542366e-01;1.7250000e+02;3.1035253e-01;1.7250000e+02;2.6650357e-01;1.7250000e+02;2.3006803e-01;1.7250000e+02;1.9096476e-01;1.7250000e+02;1.4750308e-01;1.7250000e+02;9.8053500e-02;1.7250000e+02;5.2567352e-02;1.7250000e+02;8.6072534e-03;1.7250000e+02;-3.8683314e-02;1.7250000e+02;-7.9957284e-02;1.7250000e+02;-1.2470070e-01;1.7250000e+02;-5.2178480e-02;1.7250000e+02;-8.8859852e-03;1.7250000e+02;5.6050375e-02;1.7250000e+02;1.3623235e-01;1.7250000e+02;2.2494417e-01;1.7250000e+02;2.7370423e-01;1.7250000e+02;2.9542366e-01;1.7250000e+02;3.1035253e-01;1.7250000e+02;2.6650357e-01;1.7250000e+02;2.3006803e-01;1.7250000e+02;1.9096476e-01;1.7250000e+02;1.4750308e-01;1.7250000e+02;9.8053500e-02;1.7250000e+02;5.2567352e-02;1.7250000e+02;8.6072534e-03;1.7250000e+02;-3.8683314e-02;1.7250000e+02;-7.9957284e-02;1.7250000e+02;-1.2470070e-01;1.7250000e+02;-5.2178480e-02;1.7250000e+02;-8.8859852e-03;1.7250000e+02;5.6050375e-02;1.7250000e+02;1.3623235e-01;1.7250000e+02;2.2494417e-01;1.7250000e+02;2.7370423e-01;1.7250000e+02;2.9542366e-01;1.7250000e+02;3.1035253e-01;1.7250000e+02;2.6650357e-01;1.7250000e+02;2.3006803e-01;1.7250000e+02;1.9096476e-01;1.7250000e+02;1.4750308e-01;1.7250000e+02;9.8053500e-02;1.7250000e+02;5.2567352e-02;1.7250000e+02;8.6072534e-03;1.7250000e+02;-3.8683314e-02;1.7250000e+02;-7.9957284e-02;1.7250000e+02;-1.2470070e-01;1.7250000e+02;-5.2178480e-02;1.7250000e+02;-8.8859852e-03;1.7250000e+02;5.6050375e-02;1.7250000e+02;1.3623235e-01;1.7250000e+02;2.2494417e-01;1.7250000e+02;2.7370423e-01;1.7250000e+02;2.9542366e-01;1.7250000e+02;3.1035253e-01;1.7250000e+02;2.6650357e-01;1.7250000e+02;2.3006803e-01;1.7250000e+02;1.9096476e-01;1.7250000e+02;1.4750308e-01;1.7250000e+02;9.8053500e-02;1.7250000e+02;5.2567352e-02;1.7250000e+02;8.6072534e-03;1.7250000e+02;-3.8683314e-02;1.7250000e+02;-7.9957284e-02;1.7250000e+02;-1.2470070e-01;1.7250000e+02;-5.2178480e-02;1.7250000e+02;-8.8859852e-03;1.7250000e+02;5.6050375e-02;1.7250000e+02;1.3623235e-01;1.7250000e+02;2.2494417e-01;1.7250000e+02;2.7370423e-01;1.7250000e+02;2.9542366e-01;1.7250000e+02;3.1035253e-01;1.7250000e+02;2.6650357e-01;1.7250000e+02;2.3006803e-01;1.7250000e+02;1.9096476e-01;1.7250000e+02;1.4750308e-01;1.7250000e+02;9.8053500e-02;1.7250000e+02;5.2567352e-02;1.7250000e+02;8.6072534e-03;1.7250000e+02;-3.8683314e-02;1.7250000e+02;-7.9957284e-02;1.7250000e+02;-1.2470070e-01;1.7250000e+02;-5.2178480e-02;1.7250000e+02;-8.8859852e-03;1.7250000e+02;5.6050375e-02;1.7250000e+02;1.3623235e-01;1.7250000e+02;2.2494417e-01;1.7250000e+02;2.7370423e-01;1.7250000e+02;2.9542366e-01;1.7250000e+02;3.1035253e-01;1.7250000e+02;2.6650357e-01;1.7250000e+02;2.3006803e-01;1.7250000e+02;1.9096476e-01;1.7250000e+02;1.4750308e-01;1.7250000e+02;9.8053500e-02;1.7250000e+02;5.2567352e-02;1.7250000e+02;8.6072534e-03;1.7250000e+02;-3.8683314e-02;1.7250000e+02;-7.9957284e-02;1.7250000e+02;-1.2470070e-01;1.7250000e+02;-5.2178480e-02;1.7250000e+02;-8.8859852e-03;1.7250000e+02;5.6050375e-02;1.7250000e+02;1.3623235e-01;1.7250000e+02;2.2494417e-01;1.7250000e+02;2.7370423e-01;1.7250000e+02;2.9542366e-01;1.7250000e+02;3.1035253e-01;1.7250000e+02;2.6650357e-01;1.7250000e+02;2.3006803e-01;1.7250000e+02;1.9096476e-01;1.7250000e+02;1.4750308e-01;1.7250000e+02;9.8053500e-02;1.7250000e+02;5.2567352e-02;1.7250000e+02;8.6072534e-03;1.7250000e+02;-3.8683314e-02;1.7250000e+02;-7.9957284e-02;1.7250000e+02;-1.2470070e-01;1.7250000e+02;-5.2178480e-02;1.7250000e+02;-8.8859852e-03;1.7250000e+02;5.6050375e-02;1.7250000e+02;1.3623235e-01;1.7250000e+02;2.2494417e-01;1.7250000e+02;2.7370423e-01;1.7250000e+02;2.9542366e-01;1.7250000e+02;3.1035253e-01;1.7250000e+02;2.6650357e-01;1.7250000e+02;2.3006803e-01;1.7250000e+02;1.9096476e-01;1.7250000e+02;1.4750308e-01;1.7250000e+02;9.8053500e-02;1.7250000e+02;5.2567352e-02;1.7250000e+02;8.6072534e-03;1.7250000e+02;-3.8683314e-02;1.7250000e+02;-7.9957284e-02;1.7250000e+02;-1.2470070e-01;1.7250000e+02;-5.2178480e-02;1.7250000e+02;-8.8859852e-03;1.7250000e+02;5.6050375e-02;1.7250000e+02;1.3623235e-01;1.7250000e+02;2.2494417e-01;1.7250000e+02;2.7370423e-01;1.7250000e+02;2.9542366e-01;1.7250000e+02;3.1035253e-01;1.7250000e+02;2.6650357e-01;1.7250000e+02;2.3006803e-01;1.7250000e+02;1.9096476e-01;1.7250000e+02;1.4750308e-01;1.7250000e+02;9.8053500e-02;1.7250000e+02;5.2567352e-02;1.7250000e+02;8.6072534e-03;1.7250000e+02;-3.8683314e-02;1.7250000e+02;-7.9957284e-02;1.7250000e+02;-1.2470070e-01;1.7250000e+02;-5.2178480e-02;1.7250000e+02;-8.8859852e-03;1.7250000e+02;5.6050375e-02;1.7250000e+02;1.3623235e-01;1.7250000e+02;2.2494417e-01;1.7250000e+02;2.7370423e-01;1.7250000e+02;2.9542366e-01;1.7250000e+02;3.1035253e-01;1.7250000e+02;2.6650357e-01;1.7250000e+02;2.3006803e-01;1.7250000e+02;1.9096476e-01;1.7250000e+02;1.4750308e-01;1.7250000e+02;9.8053500e-02;1.7250000e+02;5.2567352e-02;1.7250000e+02;8.6072534e-03;1.7250000e+02;-3.8683314e-02;1.7250000e+02;-7.9957284e-02;1.7250000e+02;-1.2470070e-01;1.7250000e+02;-5.2178480e-02;1.7250000e+02;-8.8859852e-03;1.7250000e+02;5.6050375e-02;1.7250000e+02;1.3623235e-01;1.7250000e+02;2.2494417e-01;1.7250000e+02;2.7370423e-01;1.7250000e+02;2.9542366e-01;1.7250000e+02;3.1035253e-01;1.7250000e+02;2.6650357e-01;1.7250000e+02;2.3006803e-01;1.7250000e+02;1.9096476e-01;1.7250000e+02;1.4750308e-01;1.7250000e+02;9.8053500e-02;1.7250000e+02;5.2567352e-02;1.7250000e+02;8.6072534e-03;1.7250000e+02;-3.8683314e-02;1.7250000e+02;-7.9957284e-02;1.7250000e+02;-1.2470070e-01;1.7250000e+02;-5.2178480e-02;1.7250000e+02;-8.8859852e-03;1.7250000e+02;5.6050375e-02;1.7250000e+02;1.3623235e-01;1.7250000e+02;2.2494417e-01;1.7250000e+02;2.7370423e-01;1.7250000e+02;2.9542366e-01;1.7250000e+02;3.1035253e-01;1.7250000e+02;2.6650357e-01;1.7250000e+02;2.3006803e-01;1.7250000e+02;1.9096476e-01;1.7250000e+02;1.4750308e-01;1.7250000e+02;9.8053500e-02;1.7250000e+02;5.2567352e-02;1.7250000e+02;8.6072534e-03;1.7250000e+02;-3.8683314e-02;1.7250000e+02;-7.9957284e-02;1.7250000e+02;-1.2470070e-01;1.7250000e+02;-5.2178480e-02;1.7250000e+02;-8.8859852e-03;1.7250000e+02;5.6050375e-02;1.7250000e+02;1.3623235e-01;1.7250000e+02;2.2494417e-01;1.7250000e+02;2.7370423e-01;1.7250000e+02;2.9542366e-01;1.7250000e+02;3.1035253e-01;1.7250000e+02;2.6650357e-01;1.7250000e+02;2.3006803e-01;1.7250000e+02;1.9096476e-01;1.7250000e+02;1.4750308e-01;1.7250000e+02;9.8053500e-02;1.7250000e+02;5.2567352e-02;1.7250000e+02;8.6072534e-03;1.7250000e+02;-3.8683314e-02;1.7250000e+02;-7.9957284e-02;1.7250000e+02;-1.2470070e-01;1.7250000e+02;-5.2178480e-02;1.7250000e+02;-8.8859852e-03;1.7250000e+02;5.6050375e-02;1.7250000e+02;1.3623235e-01;1.7250000e+02;2.2494417e-01;1.7250000e+02;2.7370423e-01;1.7250000e+02;2.9542366e-01;1.7250000e+02;3.1035253e-01;1.7250000e+02;2.6650357e-01;1.7250000e+02;2.3006803e-01;1.7250000e+02;1.9096476e-01;1.7250000e+02;1.4750308e-01;1.7250000e+02;9.8053500e-02;1.7250000e+02;5.2567352e-02;1.7250000e+02;8.6072534e-03;1.7250000e+02;-3.8683314e-02;1.7250000e+02;-7.9957284e-02;1.7250000e+02;-1.2470070e-01;1.7250000e+02;-5.2178480e-02;1.7250000e+02;-8.8859852e-03;1.7250000e+02;5.6050375e-02;1.7250000e+02;1.3623235e-01;1.7250000e+02;2.2494417e-01;1.7250000e+02;2.7370423e-01;1.7250000e+02;2.9542366e-01;1.7250000e+02;3.1035253e-01;1.7250000e+02;2.6650357e-01;1.7250000e+02;2.3006803e-01;1.7250000e+02;1.9096476e-01;1.7250000e+02;1.4750308e-01;1.7250000e+02;9.8053500e-02;1.7250000e+02;5.2567352e-02;1.7250000e+02;8.6072534e-03;1.7250000e+02;-3.8683314e-02;1.7250000e+02;-7.9957284e-02;1.7250000e+02;-1.2470070e-01;1.7250000e+02;-5.2178480e-02;1.7250000e+02;-8.8859852e-03;1.7250000e+02;5.6050375e-02;1.7250000e+02;1.3623235e-01;1.7250000e+02;2.2494417e-01;1.7250000e+02;2.7370423e-01;1.7250000e+02;2.9542366e-01;1.7250000e+02;3.1035253e-01;1.7250000e+02;2.6650357e-01;1.7250000e+02;2.3006803e-01;1.7250000e+02;1.9096476e-01;1.7250000e+02;1.4750308e-01;1.7250000e+02;9.8053500e-02;1.7250000e+02;5.2567352e-02;1.7250000e+02;8.6072534e-03;1.7250000e+02;-3.8683314e-02;1.7250000e+02;-7.9957284e-02;1.7250000e+02;-1.2470070e-01;1.7250000e+02;-5.2178480e-02;1.7250000e+02;-8.8859852e-03;1.7250000e+02;5.6050375e-02;1.7250000e+02;1.3623235e-01;1.7250000e+02;2.2494417e-01;1.7250000e+02;2.7370423e-01;1.7250000e+02;2.9542366e-01;1.7250000e+02;3.1035253e-01;1.7250000e+02;2.6650357e-01;1.7250000e+02;2.3006803e-01;1.7250000e+02;1.9096476e-01;1.7250000e+02;1.4750308e-01;1.7250000e+02;9.8053500e-02;1.7250000e+02;5.2567352e-02;1.7250000e+02;8.6072534e-03;1.7250000e+02;-3.8683314e-02;1.7250000e+02;-7.9957284e-02;1.7250000e+02;-1.2470070e-01;1.7250000e+02;-5.2178480e-02;1.7250000e+02;-8.8859852e-03;1.7250000e+02;5.6050375e-02;1.7250000e+02;1.3623235e-01;1.7250000e+02;2.2494417e-01;1.7250000e+02;2.7370423e-01;1.7250000e+02;2.9542366e-01;1.7250000e+02;3.1035253e-01;1.7250000e+02;2.6650357e-01;1.7250000e+02;2.3006803e-01;1.7250000e+02;1.9096476e-01;1.7250000e+02;1.4750308e-01;1.7250000e+02;9.8053500e-02;1.7250000e+02;5.2567352e-02;1.7250000e+02;8.6072534e-03;1.7250000e+02;-3.8683314e-02;1.7250000e+02;-7.9957284e-02;1.7250000e+02;-1.2470070e-01;1.7250000e+02;-5.2178480e-02;1.7250000e+02;-8.8859852e-03;1.7250000e+02;5.6050375e-02;1.7250000e+02;1.3623235e-01;1.7250000e+02;2.2494417e-01;1.7250000e+02;2.7370423e-01;1.7250000e+02;2.9542366e-01;1.7250000e+02;3.1035253e-01;1.7250000e+02;2.6650357e-01;1.7250000e+02;2.3006803e-01;1.7250000e+02;1.9096476e-01;1.7250000e+02;1.4750308e-01;1.7250000e+02;9.8053500e-02;1.7250000e+02;5.2567352e-02;1.7250000e+02;8.6072534e-03;1.7250000e+02;-3.8683314e-02;1.7250000e+02;-7.9957284e-02;1.7250000e+02;-1.2470070e-01;1.7250000e+02;-5.2178480e-02;1.7250000e+02;-8.8859852e-03;1.7250000e+02;5.6050375e-02;1.7250000e+02;1.3623235e-01;1.7250000e+02;2.2494417e-01;1.7250000e+02;2.7370423e-01;1.7250000e+02;2.9542366e-01;1.7250000e+02;3.1035253e-01;1.7250000e+02;2.6650357e-01;1.7250000e+02;2.3006803e-01;1.7250000e+02;1.9096476e-01;1.7250000e+02;1.4750308e-01;1.7250000e+02;9.8053500e-02;1.7250000e+02;5.2567352e-02;1.7250000e+02;8.6072534e-03;1.7250000e+02;-3.8683314e-02;1.7250000e+02;-7.9957284e-02;1.7250000e+02;-1.2470070e-01;1.7250000e+02;-5.2178480e-02;1.7250000e+02;-8.8859852e-03;1.7250000e+02;5.6050375e-02;1.7250000e+02;1.3623235e-01;1.7250000e+02;2.2494417e-01;1.7250000e+02;2.7370423e-01;1.7250000e+02;2.9542366e-01;1.7250000e+02;3.1035253e-01;1.7250000e+02;2.6650357e-01;1.7250000e+02;2.3006803e-01;1.7250000e+02;1.9096476e-01;1.7250000e+02;1.4750308e-01;1.7250000e+02;9.8053500e-02;1.7250000e+02;5.2567352e-02;1.7250000e+02;8.6072534e-03;1.7250000e+02;-3.8683314e-02;1.7250000e+02;-7.9957284e-02;1.7250000e+02;-1.2470070e-01
1.7750000e+02;-5.0990567e-02;1.7750000e+02;-7.2521549e-03;1.7750000e+02;6.1806239e-02;1.7750000e+02;1.4133874e-01;1.7750000e+02;2.2818133e-01;1.7750000e+02;2.7790135e-01;1.7750000e+02;2.9042447e-01;1.7750000e+02;3.2231325e-01;1.7750000e+02;2.8846055e-01;1.7750000e+02;2.3597839e-01;1.7750000e+02;1.8676007e-01;1.7750000e+02;1.4040786e-01;1.7750000e+02;9.4661027e-02;1.7750000e+02;4.9085051e-02;1.7750000e+02;7.2316080e-03;1.7750000e+02;-4.1063081e-02;1.7750000e+02;-8.3185367e-02;1.7750000e+02;-1.2615083e-01;1.7750000e+02;-5.0990567e-02;1.7750000e+02;-7.2521549e-03;1.7750000e+02;6.1806239e-02;1.7750000e+02;1.4133874e-01;1.7750000e+02;2.2818133e-01;1.7750000e+02;2.7790135e-01;1.7750000e+02;2.9042447e-01;1.7750000e+02;3.2231325e-01;1.7750000e+02;2.8846055e-01;1.7750000e+02;2.3597839e-01;1.7750000e+02;1.8676007e-01;1.7750000e+02;1.4040786e-01;1.7750000e+02;9.4661027e-02;1.7750000e+02;4.9085051e-02;1.7750000e+02;7.2316080e-03;1.7750000e+02;-4.1063081e-02;1.7750000e+02;-8.3185367e-02;1.7750000e+02;-1.2615083e-01;1.7750000e+02;-5.0990567e-02;1.7750000e+02;-7.2521549e-03;1.7750000e+02;6.1806239e-02;1.7750000e+02;1.4133874e-01;1.7750000e+02;2.2818133e-01;1.7750000e+02;2.7790135e-01;1.7750000e+02;2.9042447e-01;1.7750000e+02;3.2231325e-01;1.7750000e+02;2.8846055e-01;1.7750000e+02;2.3597839e-01;1.7750000e+02;1.8676007e-01;1.7750000e+02;1.4040786e-01;1.7750000e+02;9.4661027e-02;1.7750000e+02;4.9085051e-02;1.7750000e+02;7.2316080e-03;1.7750000e+02;-4.1063081e-02;1.7750000e+02;-8.3185367e-02;1.7750000e+02;-1.2615083e-01;1.7750000e+02;-5.0990567e-02;1.7750000e+02;-7.2521549e-03;1.7750000e+02;6.1806239e-02;1.7750000e+02;1.4133874e-01;1.7750000e+02;2.2818133e-01;1.7750000e+02;2.7790135e-01;1.7750000e+02;2.9042447e-01;1.7750000e+02;3.2231325e-01;1.7750000e+02;2.8846055e-01;1.7750000e+02;2.3597839e-01;1.7750000e+02;1.8676007e-01;1.7750000e+02;1.4040786e-01;1.7750000e+02;9.4661027e-02;1.7750000e+02;4.9085051e-02;1.7750000e+02;7.2316080e-03;1.7750000e+02;-4.1063081e-02;1.7750000e+02;-8.3185367e-02;1.7750000e+02;-1.2615083e-01;1.7750000e+02;-5.0990567e-02;1.7750000e+02;-7.2521549e-03;1.7750000e+02;6.1806239e-02;1.7750000e+02;1.4133874e-01;1.7750000e+02;2.2818133e-01;1.7750000e+02;2.7790135e-01;1.7750000e+02;2.9042447e-01;1.7750000e+02;3.2231325e-01;1.7750000e+02;2.8846055e-01;1.7750000e+02;2.3597839e-01;1.7750000e+02;1.8676007e-01;1.7750000e+02;1.4040786e-01;1.7750000e+02;9.4661027e-02;1.7750000e+02;4.9085051e-02;1.7750000e+02;7.2316080e-03;1.7750000e+02;-4.1063081e-02;1.7750000e+02;-8.3185367e-02;1.7750000e+02;-1.2615083e-01;1.7750000e+02;-5.0990567e-02;1.7750000e+02;-7.2521549e-03;1.7750000e+02;6.1806239e-02;1.7750000e+02;1.4133874e-01;1.7750000e+02;2.2818133e-01;1.7750000e+02;2.7790135e-01;1.7750000e+02;2.9042447e-01;1.7750000e+02;3.2231325e-01;1.7750000e+02;2.8846055e-01;1.7750000e+02;2.3597839e-01;1.7750000e+02;1.8676007e-01;1.7750000e+02;1.4040786e-01;1.7750000e+02;9.4661027e-02;1.7750000e+02;4.9085051e-02;1.7750000e+02;7.2316080e-03;1.7750000e+02;-4.1063081e-02;1.7750000e+02;-8.3185367e-02;1.7750000e+02;-1.2615083e-01;1.7750000e+02;-5.0990567e-02;1.7750000e+02;-7.2521549e-03;1.7750000e+02;6.1806239e-02;1.7750000e+02;1.4133874e-01;1.7750000e+02;2.2818133e-01;1.7750000e+02;2.7790135e-01;1.7750000e+02;2.9042447e-01;1.7750000e+02;3.2231325e-01;1.7750000e+02;2.8846055e-01;1.7750000e+02;2.3597839e-01;1.7750000e+02;1.8676007e-01;1.7750000e+02;1.4040786e-01;1.7750000e+02;9.4661027e-02;1.7750000e+02;4.9085051e-02;1.7750000e+02;7.2316080e-03;1.7750000e+02;-4.1063081e-02;1.7750000e+02;-8.3185367e-02;1.7750000e+02;-1.2615083e-01;1.7750000e+02;-5.0990567e-02;1.7750000e+02;-7.2521549e-03;1.7750000e+02;6.1806239e-02;1.7750000e+02;1.4133874e-01;1.7750000e+02;2.2818133e-01;1.7750000e+02;2.7790135e-01;1.7750000e+02;2.9042447e-01;1.7750000e+02;3.2231325e-01;1.7750000e+02;2.8846055e-01;1.7750000e+02;2.3597839e-01;1.7750000e+02;1.8676007e-01;1.7750000e+02;1.4040786e-01;1.7750000e+02;9.4661027e-02;1.7750000e+02;4.9085051e-02;1.7750000e+02;7.2316080e-03;1.7750000e+02;-4.1063081e-02;1.7750000e+02;-8.3185367e-02;1.7750000e+02;-1.2615083e-01;1.7750000e+02;-5.0990567e-02;1.7750000e+02;-7.2521549e-03;1.7750000e+02;6.1806239e-02;1.7750000e+02;1.4133874e-01;1.7750000e+02;2.2818133e-01;1.7750000e+02;2.7790135e-01;1.7750000e+02;2.9042447e-01;1.7750000e+02;3.2231325e-01;1.7750000e+02;2.8846055e-01;1.7750000e+02;2.3597839e-01;1.7750000e+02;1.8676007e-01;1.7750000e+02;1.4040786e-01;1.7750000e+02;9.4661027e-02;1.7750000e+02;4.9085051e-02;1.7750000e+02;7.2316080e-03;1.7750000e+02;-4.1063081e-02;1.7750000e+02;-8.3185367e-02;1.7750000e+02;-1.2615083e-01;1.7750000e+02;-5.0990567e-02;1.7750000e+02;-7.2521549e-03;1.7750000e+02;6.1806239e-02;1.7750000e+02;1.4133874e-01;1.7750000e+02;2.2818133e-01;1.7750000e+02;2.7790135e-01;1.7750000e+02;2.9042447e-01;1.7750000e+02;3.2231325e-01;1.7750000e+02;2.8846055e-01;1.7750000e+02;2.3597839e-01;1.7750000e+02;1.8676007e-01;1.7750000e+02;1.4040786e-01;1.7750000e+02;9.4661027e-02;1.7750000e+02;4.9085051e-02;1.7750000e+02;7.2316080e-03;1.7750000e+02;-4.1063081e-02;1.7750000e+02;-8.3185367e-02;1.7750000e+02;-1.2615083e-01;1.7750000e+02;-5.0990567e-02;1.7750000e+02;-7.2521549e-03;1.7750000e+02;6.1806239e-02;1.7750000e+02;1.4133874e-01;1.7750000e+02;2.2818133e-01;1.7750000e+02;2.7790135e-01;1.7750000e+02;2.9042447e-01;1.7750000e+02;3.2231325e-01;1.7750000e+02;2.8846055e-01;1.7750000e+02;2.3597839e-01;1.7750000e+02;1.8676007e-01;1.7750000e+02;1.4040786e-01;1.7750000e+02;9.4661027e-02;1.7750000e+02;4.9085051e-02;1.7750000e+02;7.2316080e-03;1.7750000e+02;-4.1063081e-02;1.7750000e+02;-8.3185367e-02;1.7750000e+02;-1.2615083e-01;1.7750000e+02;-5.0990567e-02;1.7750000e+02;-7.2521549e-03;1.7750000e+02;6.1806239e-02;1.7750000e+02;1.4133874e-01;1.7750000e+02;2.2818133e-01;1.7750000e+02;2.7790135e-01;1.7750000e+02;2.9042447e-01;1.7750000e+02;3.2231325e-01;1.7750000e+02;2.8846055e-01;1.7750000e+02;2.3597839e-01;1.7750000e+02;1.8676007e-01;1.7750000e+02;1.4040786e-01;1.7750000e+02;9.4661027e-02;1.7750000e+02;4.9085051e-02;1.7750000e+02;7.2316080e-03;1.7750000e+02;-4.1063081e-02;1.7750000e+02;-8.3185367e-02;1.7750000e+02;-1.2615083e-01;1.7750000e+02;-5.0990567e-02;1.7750000e+02;-7.2521549e-03;1.7750000e+02;6.1806239e-02;1.7750000e+02;1.4133874e-01;1.7750000e+02;2.2818133e-01;1.7750000e+02;2.7790135e-01;1.7750000e+02;2.9042447e-01;1.7750000e+02;3.2231325e-01;1.7750000e+02;2.8846055e-01;1.7750000e+02;2.3597839e-01;1.7750000e+02;1.8676007e-01;1.7750000e+02;1.4040786e-01;1.7750000e+02;9.4661027e-02;1.7750000e+02;4.9085051e-02;1.7750000e+02;7.2316080e-03;1.7750000e+02;-4.1063081e-02;1.7750000e+02;-8.3185367e-02;1.7750000e+02;-1.2615083e-01;1.7750000e+02;-5.0990567e-02;1.7750000e+02;-7.2521549e-03;1.7750000e+02;6.1806239e-02;1.7750000e+02;1.4133874e-01;1.7750000e+02;2.2818133e-01;1.7750000e+02;2.7790135e-01;1.7750000e+02;2.9042447e-01;1.7750000e+02;3.2231325e-01;1.7750000e+02;2.8846055e-01;1.7750000e+02;2.3597839e-01;1.7750000e+02;1.8676007e-01;1.7750000e+02;1.4040786e-01;1.7750000e+02;9.4661027e-02;1.7750000e+02;4.9085051e-02;1.7750000e+02;7.2316080e-03;1.7750000e+02;-4.1063081e-02;1.7750000e+02;-8.3185367e-02;1.7750000e+02;-1.2615083e-01;1.7750000e+02;-5.0990567e-02;1.7750000e+02;-7.2521549e-03;1.7750000e+02;6.1806239e-02;1.7750000e+02;1.4133874e-01;1.7750000e+02;2.2818133e-01;1.7750000e+02;2.7790135e-01;1.7750000e+02;2.9042447e-01;1.7750000e+02;3.2231325e-01;1.7750000e+02;2.8846055e-01;1.7750000e+02;2.3597839e-01;1.7750000e+02;1.8676007e-01;1.7750000e+02;1.4040786e-01;1.7750000e+02;9.4661027e-02;1.7750000e+02;4.9085051e-02;1.7750000e+02;7.2316080e-03;1.7750000e+02;-4.1063081e-02;1.7750000e+02;-8.3185367e-02;1.7750000e+02;-1.2615083e-01;1.7750000e+02;-5.0990567e-02;1.7750000e+02;-7.2521549e-03;1.7750000e+02;6.1806239e-02;1.7750000e+02;1.4133874e-01;1.7750000e+02;2.2818133e-01;1.7750000e+02;2.7790135e-01;1.7750000e+02;2.9042447e-01;1.7750000e+02;3.2231325e-01;1.7750000e+02;2.8846055e-01;1.7750000e+02;2.3597839e-01;1.7750000e+02;1.8676007e-01;1.7750000e+02;1.4040786e-01;1.7750000e+02;9.4661027e-02;1.7750000e+02;4.9085051e-02;1.7750000e+02;7.2316080e-03;1.7750000e+02;-4.1063081e-02;1.7750000e+02;-8.3185367e-02;1.7750000e+02;-1.2615083e-01;1.7750000e+02;-5.0990567e-02;1.7750000e+02;-7.2521549e-03;1.7750000e+02;6.1806239e-02;1.7750000e+02;1.4133874e-01;1.7750000e+02;2.2818133e-01;1.7750000e+02;2.7790135e-01;1.7750000e+02;2.9042447e-01;1.7750000e+02;3.2231325e-01;1.7750000e+02;2.8846055e-01;1.7750000e+02;2.3597839e-01;1.7750000e+02;1.8676007e-01;1.7750000e+02;1.4040786e-01;1.7750000e+02;9.4661027e-02;1.7750000e+02;4.9085051e-02;1.7750000e+02;7.2316080e-03;1.7750000e+02;-4.1063081e-02;1.7750000e+02;-8.3185367e-02;1.7750000e+02;-1.2615083e-01;1.7750000e+02;-5.0990567e-02;1.7750000e+02;-7.2521549e-03;1.7750000e+02;6.1806239e-02;1.7750000e+02;1.4133874e-01;1.7750000e+02;2.2818133e-01;1.7750000e+02;2.7790135e-01;1.7750000e+02;2.9042447e-01;1.7750000e+02;3.2231325e-01;1.7750000e+02;2.8846055e-01;1.7750000e+02;2.3597839e-01;1.7750000e+02;1.8676007e-01;1.7750000e+02;1.4040786e-01;1.7750000e+02;9.4661027e-02;1.7750000e+02;4.9085051e-02;1.7750000e+02;7.2316080e-03;1.7750000e+02;-4.1063081e-02;1.7750000e+02;-8.3185367e-02;1.7750000e+02;-1.2615083e-01;1.7750000e+02;-5.0990567e-02;1.7750000e+02;-7.2521549e-03;1.7750000e+02;6.1806239e-02;1.7750000e+02;1.4133874e-01;1.7750000e+02;2.2818133e-01;1.7750000e+02;2.7790135e-01;1.7750000e+02;2.9042447e-01;1.7750000e+02;3.2231325e-01;1.7750000e+02;2.8846055e-01;1.7750000e+02;2.3597839e-01;1.7750000e+02;1.8676007e-01;1.7750000e+02;1.4040786e-01;1.7750000e+02;9.4661027e-02;1.7750000e+02;4.9085051e-02;1.7750000e+02;7.2316080e-03;1.7750000e+02;-4.1063081e-02;1.7750000e+02;-8.3185367e-02;1.7750000e+02;-1.2615083e-01;1.7750000e+02;-5.0990567e-02;1.7750000e+02;-7.2521549e-03;1.7750000e+02;6.1806239e-02;1.7750000e+02;1.4133874e-01;1.7750000e+02;2.2818133e-01;1.7750000e+02;2.7790135e-01;1.7750000e+02;2.9042447e-01;1.7750000e+02;3.2231325e-01;1.7750000e+02;2.8846055e-01;1.7750000e+02;2.3597839e-01;1.7750000e+02;1.8676007e-01;1.7750000e+02;1.4040786e-01;1.7750000e+02;9.4661027e-02;1.7750000e+02;4.9085051e-02;1.7750000e+02;7.2316080e-03;1.7750000e+02;-4.1063081e-02;1.7750000e+02;-8.3185367e-02;1.7750000e+02;-1.2615083e-01;1.7750000e+02;-5.0990567e-02;1.7750000e+02;-7.2521549e-03;1.7750000e+02;6.1806239e-02;1.7750000e+02;1.4133874e-01;1.7750000e+02;2.2818133e-01;1.7750000e+02;2.7790135e-01;1.7750000e+02;2.9042447e-01;1.7750000e+02;3.2231325e-01;1.7750000e+02;2.8846055e-01;1.7750000e+02;2.3597839e-01;1.7750000e+02;1.8676007e-01;1.7750000e+02;1.4040786e-01;1.7750000e+02;9.4661027e-02;1.7750000e+02;4.9085051e-02;1.7750000e+02;7.2316080e-03;1.7750000e+02;-4.1063081e-02;1.7750000e+02;-8.3185367e-02;1.7750000e+02;-1.2615083e-01;1.7750000e+02;-5.0990567e-02;1.7750000e+02;-7.2521549e-03;1.7750000e+02;6.1806239e-02;1.7750000e+02;1.4133874e-01;1.7750000e+02;2.2818133e-01;1.7750000e+02;2.7790135e-01;1.7750000e+02;2.9042447e-01;1.7750000e+02;3.2231325e-01;1.7750000e+02;2.8846055e-01;1.7750000e+02;2.3597839e-01;1.7750000e+02;1.8676007e-01;1.7750000e+02;1.4040786e-01;1.7750000e+02;9.4661027e-02;1.7750000e+02;4.9085051e-02;1.7750000e+02;7.2316080e-03;1.7750000e+02;-4.1063081e-02;1.7750000e+02;-8.3185367e-02;1.7750000e+02;-1.2615083e-01;1.7750000e+02;-5.0990567e-02;1.7750000e+02;-7.2521549e-03;1.7750000e+02;6.1806239e-02;1.7750000e+02;1.4133874e-01;1.7750000e+02;2.2818133e-01;1.7750000e+02;2.7790135e-01;1.7750000e+02;2.9042447e-01;1.7750000e+02;3.2231325e-01;1.7750000e+02;2.8846055e-01;1.7750000e+02;2.3597839e-01;1.7750000e+02;1.8676007e-01;1.7750000e+02;1.4040786e-01;1.7750000e+02;9.4661027e-02;1.7750000e+02;4.9085051e-02;1.7750000e+02;7.2316080e-03;1.7750000e+02;-4.1063081e-02;1.7750000e+02;-8.3185367e-02;1.7750000e+02;-1.2615083e-01;1.7750000e+02;-5.0990567e-02;1.7750000e+02;-7.2521549e-03;1.7750000e+02;6.1806239e-02;1.7750000e+02;1.4133874e-01;1.7750000e+02;2.2818133e-01;1.7750000e+02;2.7790135e-01;1.7750000e+02;2.9042447e-01;1.7750000e+02;3.2231325e-01;1.7750000e+02;2.8846055e-01;1.7750000e+02;2.3597839e-01;1.7750000e+02;1.8676007e-01;1.7750000e+02;1.4040786e-01;1.7750000e+02;9.4661027e-02;1.7750000e+02;4.9085051e-02;1.7750000e+02;7.2316080e-03;1.7750000e+02;-4.1063081e-02;1.7750000e+02;-8.3185367e-02;1.7750000e+02;-1.2615083e-01;1.7750000e+02;-5.0990567e-02;1.7750000e+02;-7.2521549e-03;1.7750000e+02;6.1806239e-02;1.7750000e+02;1.4133874e-01;1.7750000e+02;2.2818133e-01;1.7750000e+02;2.7790135e-01;1.7750000e+02;2.9042447e-01;1.7750000e+02;3.2231325e-01;1.7750000e+02;2.8846055e-01;1.7750000e+02;2.3597839e-01;1.7750000e+02;1.8676007e-01;1.7750000e+02;1.4040786e-01;1.7750000e+02;9.4661027e-02;1.7750000e+02;4.9085051e-02;1.7750000e+02;7.2316080e-03;1.7750000e+02;-4.1063081e-02;1.7750000e+02;-8.3185367e-02;1.7750000e+02;-1.2615083e-01;1.7750000e+02;-5.0990567e-02;1.7750000e+02;-7.2521549e-03;1.7750000e+02;6.1806239e-02;1.7750000e+02;1.4133874e-01;1.7750000e+02;2.2818133e-01;1.7750000e+02;2.7790135e-01;1.7750000e+02;2.9042447e-01;1.7750000e+02;3.2231325e-01;1.7750000e+02;2.8846055e-01;1.7750000e+02;2.3597839e-01;1.7750000e+02;1.8676007e-01;1.7750000e+02;1.4040786e-01;1.7750000e+02;9.4661027e-02;1.7750000e+02;4.9085051e-02;1.7750000e+02;7.2316080e-03;1.7750000e+02;-4.1063081e-02;1.7750000e+02;-8.3185367e-02;1.7750000e+02;-1.2615083e-01;1.7750000e+02;-5.0990567e-02;1.7750000e+02;-7.2521549e-03;1.7750000e+02;6.1806239e-02;1.7750000e+02;1.4133874e-01;1.7750000e+02;2.2818133e-01;1.7750000e+02;2.7790135e-01;1.7750000e+02;2.9042447e-01;1.7750000e+02;3.2231325e-01;1.7750000e+02;2.8846055e-01;1.7750000e+02;2.3597839e-01;1.7750000e+02;1.8676007e-01;1.7750000e+02;1.4040786e-01;1.7750000e+02;9.4661027e-02;1.7750000e+02;4.9085051e-02;1.7750000e+02;7.2316080e-03;1.7750000e+02;-4.1063081e-02;1.7750000e+02;-8.3185367e-02;1.7750000e+02;-1.2615083e-01;1.7750000e+02;-5.0990567e-02;1.7750000e+02;-7.2521549e-03;1.7750000e+02;6.1806239e-02;1.7750000e+02;1.4133874e-01;1.7750000e+02;2.2818133e-01;1.7750000e+02;2.7790135e-01;1.7750000e+02;2.9042447e-01;1.7750000e+02;3.2231325e-01;1.7750000e+02;2.8846055e-01;1.7750000e+02;2.3597839e-01;1.7750000e+02;1.8676007e-01;1.7750000e+02;1.4040786e-01;1.7750000e+02;9.4661027e-02;1.7750000e+02;4.9085051e-02;1.7750000e+02;7.2316080e-03;1.7750000e+02;-4.1063081e-02;1.7750000e+02;-8.3185367e-02;1.7750000e+02;-1.2615083e-01;1.7750000e+02;-5.0990567e-02;1.7750000e+02;-7.2521549e-03;1.7750000e+02;6.1806239e-02;1.7750000e+02;1.4133874e-01;1.7750000e+02;2.2818133e-01;1.7750000e+02;2.7790135e-01;1.7750000e+02;2.9042447e-01;1.7750000e+02;3.2231325e-01;1.7750000e+02;2.8846055e-01;1.7750000e+02;2.3597839e-01;1.7750000e+02;1.8676007e-01;1.7750000e+02;1.4040786e-01;1.7750000e+02;9.4661027e-02;1.7750000e+02;4.9085051e-02;1.7750000e+02;7.2316080e-03;1.7750000e+02;-4.1063081e-02;1.7750000e+02;-8.3185367e-02;1.7750000e+02;-1.2615083e-01;1.7750000e+02;-5.0990567e-02;1.7750000e+02;-7.2521549e-03;1.7750000e+02;6.1806239e-02;1.7750000e+02;1.4133874e-01;1.7750000e+02;2.2818133e-01;1.7750000e+02;2.7790135e-01;1.7750000e+02;2.9042447e-01;1.7750000e+02;3.2231325e-01;1.7750000e+02;2.8846055e-01;1.7750000e+02;2.3597839e-01;1.7750000e+02;1.8676007e-01;1.7750000e+02;1.4040786e-01;1.7750000e+02;9.4661027e-02;1.7750000e+02;4.9085051e-02;1.7750000e+02;7.2316080e-03;1.7750000e+02;-4.1063081e-02;1.7750000e+02;-8.3185367e-02;1.7750000e+02;-1.2615083e-01;1.7750000e+02;-5.0990567e-02;1.7750000e+02;-7.2521549e-03;1.7750000e+02;6.1806239e-02;1.7750000e+02;1.4133874e-01;1.7750000e+02;2.2818133e-01;1.7750000e+02;2.7790135e-01;1.7750000e+02;2.9042447e-01;1.7750000e+02;3.2231325e-01;1.7750000e+02;2.8846055e-01;1.7750000e+02;2.3597839e-01;1.7750000e+02;1.8676007e-01;1.7750000e+02;1.4040786e-01;1.7750000e+02;9.4661027e-02;1.7750000e+02;4.9085051e-02;1.7750000e+02;7.2316080e-03;1.7750000e+02;-4.1063081e-02;1.7750000e+02;-8.3185367e-02;1.7750000e+02;-1.2615083e-01;1.7750000e+02;-5.0990567e-02;1.7750000e+02;-7.2521549e-03;1.7750000e+02;6.1806239e-02;1.7750000e+02;1.4133874e-01;1.7750000e+02;2.2818133e-01;1.7750000e+02;2.7790135e-01;1.7750000e+02;2.9042447e-01;1.7750000e+02;3.2231325e-01;1.7750000e+02;2.8846055e-01;1.7750000e+02;2.3597839e-01;1.7750000e+02;1.8676007e-01;1.7750000e+02;1.4040786e-01;1.7750000e+02;9.4661027e-02;1.7750000e+02;4.9085051e-02;1.7750000e+02;7.2316080e-03;1.7750000e+02;-4.1063081e-02;1.7750000e+02;-8.3185367e-02;1.7750000e+02;-1.2615083e-01;1.7750000e+02;-5.0990567e-02;1.7750000e+02;-7.2521549e-03;1.7750000e+02;6.1806239e-02;1.7750000e+02;1.4133874e-01;1.7750000e+02;2.2818133e-01;1.7750000e+02;2.7790135e-01;1.7750000e+02;2.9042447e-01;1.7750000e+02;3.2231325e-01;1.7750000e+02;2.8846055e-01;1.7750000e+02;2.3597839e-01;1.7750000e+02;1.8676007e-01;1.7750000e+02;1.4040786e-01;1.7750000e+02;9.4661027e-02;1.7750000e+02;4.9085051e-02;1.7750000e+02;7.2316080e-03;1.7750000e+02;-4.1063081e-02;1.7750000e+02;-8.3185367e-02;1.7750000e+02;-1.2615083e-01;1.7750000e+02;-5.0990567e-02;1.7750000e+02;-7.2521549e-03;1.7750000e+02;6.1806239e-02;1.7750000e+02;1.4133874e-01;1.7750000e+02;2.2818133e-01;1.7750000e+02;2.7790135e-01;1.7750000e+02;2.9042447e-01;1.7750000e+02;3.2231325e-01;1.7750000e+02;2.8846055e-01;1.7750000e+02;2.3597839e-01;1.7750000e+02;1.8676007e-01;1.7750000e+02;1.4040786e-01;1.7750000e+02;9.4661027e-02;1.7750000e+02;4.9085051e-02;1.7750000e+02;7.2316080e-03;1.7750000e+02;-4.1063081e-02;1.7750000e+02;-8.3185367e-02;1.7750000e+02;-1.2615083e-01;1.7750000e+02;-5.0990567e-02;1.7750000e+02;-7.2521549e-03;1.7750000e+02;6.1806239e-02;1.7750000e+02;1.4133874e-01;1.7750000e+02;2.2818133e-01;1.7750000e+02;2.7790135e-01;1.7750000e+02;2.9042447e-01;1.7750000e+02;3.2231325e-01;1.7750000e+02;2.8846055e-01;1.7750000e+02;2.3597839e-01;1.7750000e+02;1.8676007e-01;1.7750000e+02;1.4040786e-01;1.7750000e+02;9.4661027e-02;1.7750000e+02;4.9085051e-02;1.7750000e+02;7.2316080e-03;1.7750000e+02;-4.1063081e-02;1.7750000e+02;-8.3185367e-02;1.7750000e+02;-1.2615083e-01;1.7750000e+02;-5.0990567e-02;1.7750000e+02;-7.2521549e-03;1.7750000e+02;6.1806239e-02;1.7750000e+02;1.4133874e-01;1.7750000e+02;2.2818133e-01;1.7750000e+02;2.7790135e-01;1.7750000e+02;2.9042447e-01;1.7750000e+02;3.2231325e-01;1.7750000e+02;2.8846055e-01;1.7750000e+02;2.3597839e-01;1.7750000e+02;1.8676007e-01;1.7750000e+02;1.4040786e-01;1.7750000e+02;9.4661027e-02;1.7750000e+02;4.9085051e-02;1.7750000e+02;7.2316080e-03;1.7750000e+02;-4.1063081e-02;1.7750000e+02;-8.3185367e-02;1.7750000e+02;-1.2615083e-01;1.7750000e+02;-5.0990567e-02;1.7750000e+02;-7.2521549e-03;1.7750000e+02;6.1806239e-02;1.7750000e+02;1.4133874e-01;1.7750000e+02;2.2818133e-01;1.7750000e+02;2.7790135e-01;1.7750000e+02;2.9042447e-01;1.7750000e+02;3.2231325e-01;1.7750000e+02;2.8846055e-01;1.7750000e+02;2.3597839e-01;1.7750000e+02;1.8676007e-01;1.7750000e+02;1.4040786e-01;1.7750000e+02;9.4661027e-02;1.7750000e+02;4.9085051e-02;1.7750000e+02;7.2316080e-03;1.7750000e+02;-4.1063081e-02;1.7750000e+02;-8.3185367e-02;1.7750000e+02;-1.2615083e-01;1.7750000e+02;-5.0990567e-02;1.7750000e+02;-7.2521549e-03;1.7750000e+02;6.1806239e-02;1.7750000e+02;1.4133874e-01;1.7750000e+02;2.2818133e-01;1.7750000e+02;2.7790135e-01;1.7750000e+02;2.9042447e-01;1.7750000e+02;3.2231325e-01;1.7750000e+02;2.8846055e-01;1.7750000e+02;2.3597839e-01;1.7750000e+02;1.8676007e-01;1.7750000e+02;1.4040786e-01;1.7750000e+02;9.4661027e-02;1.7750000e+02;4.9085051e-02;1.7750000e+02;7.2316080e-03;1.7750000e+02;-4.1063081e-02;1.7750000e+02;-8.3185367e-02;1.7750000e+02;-1.2615083e-01;1.7750000e+02;-5.0990567e-02;1.7750000e+02;-7.2521549e-03;1.7750000e+02;6.1806239e-02;1.7750000e+02;1.4133874e-01;1.7750000e+02;2.2818133e-01;1.7750000e+02;2.7790135e-01;1.7750000e+02;2.9042447e-01;1.7750000e+02;3.2231325e-01;1.7750000e+02;2.8846055e-01;1.7750000e+02;2.3597839e-01;1.7750000e+02;1.8676007e-01;1.7750000e+02;1.4040786e-01;1.7750000e+02;9.4661027e-02;1.7750000e+02;4.9085051e-02;1.7750000e+02;7.2316080e-03;1.7750000e+02;-4.1063081e-02;1.7750000e+02;-8.3185367e-02;1.7750000e+02;-1.2615083e-01;1.7750000e+02;-5.0990567e-02;1.7750000e+02;-7.2521549e-03;1.7750000e+02;6.1806239e-02;1.7750000e+02;1.4133874e-01;1.7750000e+02;2.2818133e-01;1.7750000e+02;2.7790135e-01;1.7750000e+02;2.9042447e-01;1.7750000e+02;3.2231325e-01;1.7750000e+02;2.8846055e-01;1.7750000e+02;2.3597839e-01;1.7750000e+02;1.8676007e-01;1.7750000e+02;1.4040786e-01;1.7750000e+02;9.4661027e-02;1.7750000e+02;4.9085051e-02;1.7750000e+02;7.2316080e-03;1.7750000e+02;-4.1063081e-02;1.7750000e+02;-8.3185367e-02;1.7750000e+02;-1.2615083e-01;1.7750000e+02;-5.0990567e-02;1.7750000e+02;-7.2521549e-03;1.7750000e+02;6.1806239e-02;1.7750000e+02;1.4133874e-01;1.7750000e+02;2.2818133e-01;1.7750000e+02;2.7790135e-01;1.7750000e+02;2.9042447e-01;1.7750000e+02;3.2231325e-01;1.7750000e+02;2.8846055e-01;1.7750000e+02;2.3597839e-01;1.7750000e+02;1.8676007e-01;1.7750000e+02;1.4040786e-01;1.7750000e+02;9.4661027e-02;1.7750000e+02;4.9085051e-02;1.7750000e+02;7.2316080e-03;1.7750000e+02;-4.1063081e-02;1.7750000e+02;-8.3185367e-02;1.7750000e+02;-1.2615083e-01;1.7750000e+02;-5.0990567e-02;1.7750000e+02;-7.2521549e-03;1.7750000e+02;6.1806239e-02;1.7750000e+02;1.4133874e-01;1.7750000e+02;2.2818133e-01;1.7750000e+02;2.7790135e-01;1.7750000e+02;2.9042447e-01;1.7750000e+02;3.2231325e-01;1.7750000e+02;2.8846055e-01;1.7750000e+02;2.3597839e-01;1.7750000e+02;1.8676007e-01;1.7750000e+02;1.4040786e-01;1.7750000e+02;9.4661027e-02;1.7750000e+02;4.9085051e-02;1.7750000e+02;7.2316080e-03;1.7750000e+02;-4.1063081e-02;1.7750000e+02;-8.3185367e-02;1.7750000e+02;-1.2615083e-01;1.7750000e+02;-5.0990567e-02;1.7750000e+02;-7.2521549e-03;1.7750000e+02;6.1806239e-02;1.7750000e+02;1.4133874e-01;1.7750000e+02;2.2818133e-01;1.7750000e+02;2.7790135e-01;1.7750000e+02;2.9042447e-01;1.7750000e+02;3.2231325e-01;1.7750000e+02;2.8846055e-01;1.7750000e+02;2.3597839e-01;1.7750000e+02;1.8676007e-01;1.7750000e+02;1.4040786e-01;1.7750000e+02;9.4661027e-02;1.7750000e+02;4.9085051e-02;1.7750000e+02;7.2316080e-03;1.7750000e+02;-4.1063081e-02;1.7750000e+02;-8.3185367e-02;1.7750000e+02;-1.2615083e-01;1.7750000e+02;-5.0990567e-02;1.7750000e+02;-7.2521549e-03;1.7750000e+02;6.1806239e-02;1.7750000e+02;1.4133874e-01;1.7750000e+02;2.2818133e-01;1.7750000e+02;2.7790135e-01;1.7750000e+02;2.9042447e-01;1.7750000e+02;3.2231325e-01;1.7750000e+02;2.8846055e-01;1.7750000e+02;2.3597839e-01;1.7750000e+02;1.8676007e-01;1.7750000e+02;1.4040786e-01;1.7750000e+02;9.4661027e-02;1.7750000e+02;4.9085051e-02;1.7750000e+02;7.2316080e-03;1.7750000e+02;-4.1063081e-02;1.7750000e+02;-8.3185367e-02;1.7750000e+02;-1.2615083e-01;1.7750000e+02;-5.0990567e-02;1.7750000e+02;-7.2521549e-03;1.7750000e+02;6.1806239e-02;1.7750000e+02;1.4133874e-01;1.7750000e+02;2.2818133e-01;1.7750000e+02;2.7790135e-01;1.7750000e+02;2.9042447e-01;1.7750000e+02;3.2231325e-01;1.7750000e+02;2.8846055e-01;1.7750000e+02;2.3597839e-01;1.7750000e+02;1.8676007e-01;1.7750000e+02;1.4040786e-01;1.7750000e+02;9.4661027e-02;1.7750000e+02;4.9085051e-02;1.7750000e+02;7.2316080e-03;1.7750000e+02;-4.1063081e-02;1.7750000e+02;-8.3185367e-02;1.7750000e+02;-1.2615083e-01;1.7750000e+02;-5.0990567e-02;1.7750000e+02;-7.2521549e-03;1.7750000e+02;6.1806239e-02;1.7750000e+02;1.4133874e-01;1.7750000e+02;2.2818133e-01;1.7750000e+02;2.7790135e-01;1.7750000e+02;2.9042447e-01;1.7750000e+02;3.2231325e-01;1.7750000e+02;2.8846055e-01;1.7750000e+02;2.3597839e-01;1.7750000e+02;1.8676007e-01;1.7750000e+02;1.4040786e-01;1.7750000e+02;9.4661027e-02;1.7750000e+02;4.9085051e-02;1.7750000e+02;7.2316080e-03;1.7750000e+02;-4.1063081e-02;1.7750000e+02;-8.3185367e-02;1.7750000e+02;-1.2615083e-01;1.7750000e+02;-5.0990567e-02;1.7750000e+02;-7.2521549e-03;1.7750000e+02;6.1806239e-02;1.7750000e+02;1.4133874e-01;1.7750000e+02;2.2818133e-01;1.7750000e+02;2.7790135e-01;1.7750000e+02;2.9042447e-01;1.7750000e+02;3.2231325e-01;1.7750000e+02;2.8846055e-01;1.7750000e+02;2.3597839e-01;1.7750000e+02;1.8676007e-01;1.7750000e+02;1.4040786e-01;1.7750000e+02;9.4661027e-02;1.7750000e+02;4.9085051e-02;1.7750000e+02;7.2316080e-03;1.7750000e+02;-4.1063081e-02;1.7750000e+02;-8.3185367e-02;1.7750000e+02;-1.2615083e-01;1.7750000e+02;-5.0990567e-02;1.7750000e+02;-7.2521549e-03;1.7750000e+02;6.1806239e-02;1.7750000e+02;1.4133874e-01;1.7750000e+02;2.2818133e-01;1.7750000e+02;2.7790135e-01;1.7750000e+02;2.9042447e-01;1.7750000e+02;3.2231325e-01;1.7750000e+02;2.8846055e-01;1.7750000e+02;2.3597839e-01;1.7750000e+02;1.8676007e-01;1.7750000e+02;1.4040786e-01;1.7750000e+02;9.4661027e-02;1.7750000e+02;4.9085051e-02;1.7750000e+02;7.2316080e-03;1.7750000e+02;-4.1063081e-02;1.7750000e+02;-8.3185367e-02;1.7750000e+02;-1.2615083e-01;1.7750000e+02;-5.0990567e-02;1.7750000e+02;-7.2521549e-03;1.7750000e+02;6.1806239e-02;1.7750000e+02;1.4133874e-01;1.7750000e+02;2.2818133e-01;1.7750000e+02;2.7790135e-01;1.7750000e+02;2.9042447e-01;1.7750000e+02;3.2231325e-01;1.7750000e+02;2.8846055e-01;1.7750000e+02;2.3597839e-01;1.7750000e+02;1.8676007e-01;1.7750000e+02;1.4040786e-01;1.7750000e+02;9.4661027e-02;1.7750000e+02;4.9085051e-02;1.7750000e+02;7.2316080e-03;1.7750000e+02;-4.1063081e-02;1.7750000e+02;-8.3185367e-02;1.7750000e+02;-1.2615083e-01;1.7750000e+02;-5.0990567e-02;1.7750000e+02;-7.2521549e-03;1.7750000e+02;6.1806239e-02;1.7750000e+02;1.4133874e-01;1.7750000e+02;2.2818133e-01;1.7750000e+02;2.7790135e-01;1.7750000e+02;2.9042447e-01;1.7750000e+02;3.2231325e-01;1.7750000e+02;2.8846055e-01;1.7750000e+02;2.3597839e-01;1.7750000e+02;1.8676007e-01;1.7750000e+02;1.4040786e-01;1.7750000e+02;9.4661027e-02;1.7750000e+02;4.9085051e-02;1.7750000e+02;7.2316080e-03;1.7750000e+02;-4.1063081e-02;1.7750000e+02;-8.3185367e-02;1.7750000e+02;-1.2615083e-01;1.7750000e+02;-5.0990567e-02;1.7750000e+02;-7.2521549e-03;1.7750000e+02;6.1806239e-02;1.7750000e+02;1.4133874e-01;1.7750000e+02;2.2818133e-01;1.7750000e+02;2.7790135e-01;1.7750000e+02;2.9042447e-01;1.7750000e+02;3.2231325e-01;1.7750000e+02;2.8846055e-01;1.7750000e+02;2.3597839e-01;1.7750000e+02;1.8676007e-01;1.7750000e+02;1.4040786e-01;1.7750000e+02;9.4661027e-02;1.7750000e+02;4.9085051e-02;1.7750000e+02;7.2316080e-03;1.7750000e+02;-4.1063081e-02;1.7750000e+02;-8.3185367e-02;1.7750000e+02;-1.2615083e-01;1.7750000e+02;-5.0990567e-02;1.7750000e+02;-7.2521549e-03;1.7750000e+02;6.1806239e-02;1.7750000e+02;1.4133874e-01;1.7750000e+02;2.2818133e-01;1.7750000e+02;2.7790135e-01;1.7750000e+02;2.9042447e-01;1.7750000e+02;3.2231325e-01;1.7750000e+02;2.8846055e-01;1.7750000e+02;2.3597839e-01;1.7750000e+02;1.8676007e-01;1.7750000e+02;1.4040786e-01;1.7750000e+02;9.4661027e-02;1.7750000e+02;4.9085051e-02;1.7750000e+02;7.2316080e-03;1.7750000e+02;-4.1063081e-02;1.7750000e+02;-8.3185367e-02;1.7750000e+02;-1.2615083e-01;1.7750000e+02;-5.0990567e-02;1.7750000e+02;-7.2521549e-03;1.7750000e+02;6.1806239e-02;1.7750000e+02;1.4133874e-01;1.7750000e+02;2.2818133e-01;1.7750000e+02;2.7790135e-01;1.7750000e+02;2.9042447e-01;1.7750000e+02;3.2231325e-01;1.7750000e+02;2.8846055e-01;1.7750000e+02;2.3597839e-01;1.7750000e+02;1.8676007e-01;1.7750000e+02;1.4040786e-01;1.7750000e+02;9.4661027e-02;1.7750000e+02;4.9085051e-02;1.7750000e+02;7.2316080e-03;1.7750000e+02;-4.1063081e-02;1.7750000e+02;-8.3185367e-02;1.7750000e+02;-1.2615083e-01;1.7750000e+02;-5.0990567e-02;1.7750000e+02;-7.2521549e-03;1.7750000e+02;6.1806239e-02;1.7750000e+02;1.4133874e-01;1.7750000e+02;2.2818133e-01;1.7750000e+02;2.7790135e-01;1.7750000e+02;2.9042447e-01;1.7750000e+02;3.2231325e-01;1.7750000e+02;2.8846055e-01;1.7750000e+02;2.3597839e-01;1.7750000e+02;1.8676007e-01;1.7750000e+02;1.4040786e-01;1.7750000e+02;9.4661027e-02;1.7750000e+02;4.9085051e-02;1.7750000e+02;7.2316080e-03;1.7750000e+02;-4.1063081e-02;1.7750000e+02;-8.3185367e-02;1.7750000e+02;-1.2615083e-01;1.7750000e+02;-5.0990567e-02;1.7750000e+02;-7.2521549e-03;1.7750000e+02;6.1806239e-02;1.7750000e+02;1.4133874e-01;1.7750000e+02;2.2818133e-01;1.7750000e+02;2.7790135e-01;1.7750000e+02;2.9042447e-01;1.7750000e+02;3.2231325e-01;1.7750000e+02;2.8846055e-01;1.7750000e+02;2.3597839e-01;1.7750000e+02;1.8676007e-01;1.7750000e+02;1.4040786e-01;1.7750000e+02;9.4661027e-02;1.7750000e+02;4.9085051e-02;1.7750000e+02;7.2316080e-03;1.7750000e+02;-4.1063081e-02;1.7750000e+02;-8.3185367e-02;1.7750000e+02;-1.2615083e-01;1.7750000e+02;-5.0990567e-02;1.7750000e+02;-7.2521549e-03;1.7750000e+02;6.1806239e-02;1.7750000e+02;1.4133874e-01;1.7750000e+02;2.2818133e-01;1.7750000e+02;2.7790135e-01;1.7750000e+02;2.9042447e-01;1.7750000e+02;3.2231325e-01;1.7750000e+02;2.8846055e-01;1.7750000e+02;2.3597839e-01;1.7750000e+02;1.8676007e-01;1.7750000e+02;1.4040786e-01;1.7750000e+02;9.4661027e-02;1.7750000e+02;4.9085051e-02;1.7750000e+02;7.2316080e-03;1.7750000e+02;-4.1063081e-02;1.7750000e+02;-8.3185367e-02;1.7750000e+02;-1.2615083e-01;1.7750000e+02;-5.0990567e-02;1.7750000e+02;-7.2521549e-03;1.7750000e+02;6.1806239e-02;1.7750000e+02;1.4133874e-01;1.7750000e+02;2.2818133e-01;1.7750000e+02;2.7790135e-01;1.7750000e+02;2.9042447e-01;1.7750000e+02;3.2231325e-01;1.7750000e+02;2.8846055e-01;1.7750000e+02;2.3597839e-01;1.7750000e+02;1.8676007e-01;1.7750000e+02;1.4040786e-01;1.7750000e+02;9.4661027e-02;1.7750000e+02;4.9085051e-02;1.7750000e+02;7.2316080e-03;1.7750000e+02;-4.1063081e-02;1.7750000e+02;-8.3185367e-02;1.7750000e+02;-1.2615083e-01;1.7750000e+02;-5.0990567e-02;1.7750000e+02;-7.2521549e-03;1.7750000e+02;6.1806239e-02;1.7750000e+02;1.4133874e-01;1.7750000e+02;2.2818133e-01;1.7750000e+02;2.7790135e-01;1.7750000e+02;2.9042447e-01;1.7750000e+02;3.2231325e-01;1.7750000e+02;2.8846055e-01;1.7750000e+02;2.3597839e-01;1.7750000e+02;1.8676007e-01;1.7750000e+02;1.4040786e-01;1.7750000e+02;9.4661027e-02;1.7750000e+02;4.9085051e-02;1.7750000e+02;7.2316080e-03;1.7750000e+02;-4.1063081e-02;1.7750000e+02;-8.3185367e-02;1.7750000e+02;-1.2615083e-01;1.7750000e+02;-5.0990567e-02;1.7750000e+02;-7.2521549e-03;1.7750000e+02;6.1806239e-02;1.7750000e+02;1.4133874e-01;1.7750000e+02;2.2818133e-01;1.7750000e+02;2.7790135e-01;1.7750000e+02;2.9042447e-01;1.7750000e+02;3.2231325e-01;1.7750000e+02;2.8846055e-01;1.7750000e+02;2.3597839e-01;1.7750000e+02;1.8676007e-01;1.7750000e+02;1.4040786e-01;1.7750000e+02;9.4661027e-02;1.7750000e+02;4.9085051e-02;1.7750000e+02;7.2316080e-03;1.7750000e+02;-4.1063081e-02;1.7750000e+02;-8.3185367e-02;1.7750000e+02;-1.2615083e-01;1.7750000e+02;-5.0990567e-02;1.7750000e+02;-7.2521549e-03;1.7750000e+02;6.1806239e-02;1.7750000e+02;1.4133874e-01;1.7750000e+02;2.2818133e-01;1.7750000e+02;2.7790135e-01;1.7750000e+02;2.9042447e-01;1.7750000e+02;3.2231325e-01;1.7750000e+02;2.8846055e-01;1.7750000e+02;2.3597839e-01;1.7750000e+02;1.8676007e-01;1.7750000e+02;1.4040786e-01;1.7750000e+02;9.4661027e-02;1.7750000e+02;4.9085051e-02;1.7750000e+02;7.2316080e-03;1.7750000e+02;-4.1063081e-02;1.7750000e+02;-8.3185367e-02;1.7750000e+02;-1.2615083e-01;1.7750000e+02;-5.0990567e-02;1.7750000e+02;-7.2521549e-03;1.7750000e+02;6.1806239e-02;1.7750000e+02;1.4133874e-01;1.7750000e+02;2.2818133e-01;1.7750000e+02;2.7790135e-01;1.7750000e+02;2.9042447e-01;1.7750000e+02;3.2231325e-01;1.7750000e+02;2.8846055e-01;1.7750000e+02;2.3597839e-01;1.7750000e+02;1.8676007e-01;1.7750000e+02;1.4040786e-01;1.7750000e+02;9.4661027e-02;1.7750000e+02;4.9085051e-02;1.7750000e+02;7.2316080e-03;1.7750000e+02;-4.1063081e-02;1.7750000e+02;-8.3185367e-02;1.7750000e+02;-1.2615083e-01;1.7750000e+02;-5.0990567e-02;1.7750000e+02;-7.2521549e-03;1.7750000e+02;6.1806239e-02;1.7750000e+02;1.4133874e-01;1.7750000e+02;2.2818133e-01;1.7750000e+02;2.7790135e-01;1.7750000e+02;2.9042447e-01;1.7750000e+02;3.2231325e-01;1.7750000e+02;2.8846055e-01;1.7750000e+02;2.3597839e-01;1.7750000e+02;1.8676007e-01;1.7750000e+02;1.4040786e-01;1.7750000e+02;9.4661027e-02;1.7750000e+02;4.9085051e-02;1.7750000e+02;7.2316080e-03;1.7750000e+02;-4.1063081e-02;1.7750000e+02;-8.3185367e-02;1.7750000e+02;-1.2615083e-01;1.7750000e+02;-5.0990567e-02;1.7750000e+02;-7.2521549e-03;1.7750000e+02;6.1806239e-02;1.7750000e+02;1.4133874e-01;1.7750000e+02;2.2818133e-01;1.7750000e+02;2.7790135e-01;1.7750000e+02;2.9042447e-01;1.7750000e+02;3.2231325e-01;1.7750000e+02;2.8846055e-01;1.7750000e+02;2.3597839e-01;1.7750000e+02;1.8676007e-01;1.7750000e+02;1.4040786e-01;1.7750000e+02;9.4661027e-02;1.7750000e+02;4.9085051e-02;1.7750000e+02;7.2316080e-03;1.7750000e+02;-4.1063081e-02;1.7750000e+02;-8.3185367e-02;1.7750000e+02;-1.2615083e-01;1.7750000e+02;-5.0990567e-02;1.7750000e+02;-7.2521549e-03;1.7750000e+02;6.1806239e-02;1.7750000e+02;1.4133874e-01;1.7750000e+02;2.2818133e-01;1.7750000e+02;2.7790135e-01;1.7750000e+02;2.9042447e-01;1.7750000e+02;3.2231325e-01;1.7750000e+02;2.8846055e-01;1.7750000e+02;2.3597839e-01;1.7750000e+02;1.8676007e-01;1.7750000e+02;1.4040786e-01;1.7750000e+02;9.4661027e-02;1.7750000e+02;4.9085051e-02;1.7750000e+02;7.2316080e-03;1.7750000e+02;-4.1063081e-02;1.7750000e+02;-8.3185367e-02;1.7750000e+02;-1.2615083e-01;1.7750000e+02;-5.0990567e-02;1.7750000e+02;-7.2521549e-03;1.7750000e+02;6.1806239e-02;1.7750000e+02;1.4133874e-01;1.7750000e+02;2.2818133e-01;1.7750000e+02;2.7790135e-01;1.7750000e+02;2.9042447e-01;1.7750000e+02;3.2231325e-01;1.7750000e+02;2.8846055e-01;1.7750000e+02;2.3597839e-01;1.7750000e+02;1.8676007e-01;1.7750000e+02;1.4040786e-01;1.7750000e+02;9.4661027e-02;1.7750000e+02;4.9085051e-02;1.7750000e+02;7.2316080e-03;1.7750000e+02;-4.1063081e-02;1.7750000e+02;-8.3185367e-02;1.7750000e+02;-1.2615083e-01;1.7750000e+02;-5.0990567e-02;1.7750000e+02;-7.2521549e-03;1.7750000e+02;6.1806239e-02;1.7750000e+02;1.4133874e-01;1.7750000e+02;2.2818133e-01;1.7750000e+02;2.7790135e-01;1.7750000e+02;2.9042447e-01;1.7750000e+02;3.2231325e-01;1.7750000e+02;2.8846055e-01;1.7750000e+02;2.3597839e-01;1.7750000e+02;1.8676007e-01;1.7750000e+02;1.4040786e-01;1.7750000e+02;9.4661027e-02;1.7750000e+02;4.9085051e-02;1.7750000e+02;7.2316080e-03;1.7750000e+02;-4.1063081e-02;1.7750000e+02;-8.3185367e-02;1.7750000e+02;-1.2615083e-01;1.7750000e+02;-5.0990567e-02;1.7750000e+02;-7.2521549e-03;1.7750000e+02;6.1806239e-02;1.7750000e+02;1.4133874e-01;1.7750000e+02;2.2818133e-01;1.7750000e+02;2.7790135e-01;1.7750000e+02;2.9042447e-01;1.7750000e+02;3.2231325e-01;1.7750000e+02;2.8846055e-01;1.7750000e+02;2.3597839e-01;1.7750000e+02;1.8676007e-01;1.7750000e+02;1.4040786e-01;1.7750000e+02;9.4661027e-02;1.7750000e+02;4.9085051e-02;1.7750000e+02;7.2316080e-03;1.7750000e+02;-4.1063081e-02;1.7750000e+02;-8.3185367e-02;1.7750000e+02;-1.2615083e-01;1.7750000e+02;-5.0990567e-02;1.7750000e+02;-7.2521549e-03;1.7750000e+02;6.1806239e-02;1.7750000e+02;1.4133874e-01;1.7750000e+02;2.2818133e-01;1.7750000e+02;2.7790135e-01;1.7750000e+02;2.9042447e-01;1.7750000e+02;3.2231325e-01;1.7750000e+02;2.8846055e-01;1.7750000e+02;2.3597839e-01;1.7750000e+02;1.8676007e-01;1.7750000e+02;1.4040786e-01;1.7750000e+02;9.4661027e-02;1.7750000e+02;4.9085051e-02;1.7750000e+02;7.2316080e-03;1.7750000e+02;-4.1063081e-02;1.7750000e+02;-8.3185367e-02;1.7750000e+02;-1.2615083e-01;1.7750000e+02;-5.0990567e-02;1.7750000e+02;-7.2521549e-03;1.7750000e+02;6.1806239e-02;1.7750000e+02;1.4133874e-01;1.7750000e+02;2.2818133e-01;1.7750000e+02;2.7790135e-01;1.7750000e+02;2.9042447e-01;1.7750000e+02;3.2231325e-01;1.7750000e+02;2.8846055e-01;1.7750000e+02;2.3597839e-01;1.7750000e+02;1.8676007e-01;1.7750000e+02;1.4040786e-01;1.7750000e+02;9.4661027e-02;1.7750000e+02;4.9085051e-02;1.7750000e+02;7.2316080e-03;1.7750000e+02;-4.1063081e-02;1.7750000e+02;-8.3185367e-02;1.7750000e+02;-1.2615083e-01;1.7750000e+02;-5.0990567e-02;1.7750000e+02;-7.2521549e-03;1.7750000e+02;6.1806239e-02;1.7750000e+02;1.4133874e-01;1.7750000e+02;2.2818133e-01;1.7750000e+02;2.7790135e-01;1.7750000e+02;2.9042447e-01;1.7750000e+02;3.2231325e-01;1.7750000e+02;2.8846055e-01;1.7750000e+02;2.3597839e-01;1.7750000e+02;1.8676007e-01;1.7750000e+02;1.4040786e-01;1.7750000e+02;9.4661027e-02;1.7750000e+02;4.9085051e-02;1.7750000e+02;7.2316080e-03;1.7750000e+02;-4.1063081e-02;1.7750000e+02;-8.3185367e-02;1.7750000e+02;-1.2615083e-01;1.7750000e+02;-5.0990567e-02;1.7750000e+02;-7.2521549e-03;1.7750000e+02;6.1806239e-02;1.7750000e+02;1.4133874e-01;1.7750000e+02;2.2818133e-01;1.7750000e+02;2.7790135e-01;1.7750000e+02;2.9042447e-01;1.7750000e+02;3.2231325e-01;1.7750000e+02;2.8846055e-01;1.7750000e+02;2.3597839e-01;1.7750000e+02;1.8676007e-01;1.7750000e+02;1.4040786e-01;1.7750000e+02;9.4661027e-02;1.7750000e+02;4.9085051e-02;1.7750000e+02;7.2316080e-03;1.7750000e+02;-4.1063081e-02;1.7750000e+02;-8.3185367e-02;1.7750000e+02;-1.2615083e-01;1.7750000e+02;-5.0990567e-02;1.7750000e+02;-7.2521549e-03;1.7750000e+02;6.1806239e-02;1.7750000e+02;1.4133874e-01;1.7750000e+02;2.2818133e-01;1.7750000e+02;2.7790135e-01;1.7750000e+02;2.9042447e-01;1.7750000e+02;3.2231325e-01;1.7750000e+02;2.8846055e-01;1.7750000e+02;2.3597839e-01;1.7750000e+02;1.8676007e-01;1.7750000e+02;1.4040786e-01;1.7750000e+02;9.4661027e-02;1.7750000e+02;4.9085051e-02;1.7750000e+02;7.2316080e-03;1.7750000e+02;-4.1063081e-02;1.7750000e+02;-8.3185367e-02;1.7750000e+02;-1.2615083e-01;1.7750000e+02;-5.0990567e-02;1.7750000e+02;-7.2521549e-03;1.7750000e+02;6.1806239e-02;1.7750000e+02;1.4133874e-01;1.7750000e+02;2.2818133e-01;1.7750000e+02;2.7790135e-01;1.7750000e+02;2.9042447e-01;1.7750000e+02;3.2231325e-01;1.7750000e+02;2.8846055e-01;1.7750000e+02;2.3597839e-01;1.7750000e+02;1.8676007e-01;1.7750000e+02;1.4040786e-01;1.7750000e+02;9.4661027e-02;1.7750000e+02;4.9085051e-02;1.7750000e+02;7.2316080e-03;1.7750000e+02;-4.1063081e-02;1.7750000e+02;-8.3185367e-02;1.7750000e+02;-1.2615083e-01;1.7750000e+02;-5.0990567e-02;1.7750000e+02;-7.2521549e-03;1.7750000e+02;6.1806239e-02;1.7750000e+02;1.4133874e-01;1.7750000e+02;2.2818133e-01;1.7750000e+02;2.7790135e-01;1.7750000e+02;2.9042447e-01;1.7750000e+02;3.2231325e-01;1.7750000e+02;2.8846055e-01;1.7750000e+02;2.3597839e-01;1.7750000e+02;1.8676007e-01;1.7750000e+02;1.4040786e-01;1.7750000e+02;9.4661027e-02;1.7750000e+02;4.9085051e-02;1.7750000e+02;7.2316080e-03;1.7750000e+02;-4.1063081e-02;1.7750000e+02;-8.3185367e-02;1.7750000e+02;-1.2615083e-01;1.7750000e+02;-5.0990567e-02;1.7750000e+02;-7.2521549e-03;1.7750000e+02;6.1806239e-02;1.7750000e+02;1.4133874e-01;1.7750000e+02;2.2818133e-01;1.7750000e+02;2.7790135e-01;1.7750000e+02;2.9042447e-01;1.7750000e+02;3.2231325e-01;1.7750000e+02;2.8846055e-01;1.7750000e+02;2.3597839e-01;1.7750000e+02;1.8676007e-01;1.7750000e+02;1.4040786e-01;1.7750000e+02;9.4661027e-02;1.7750000e+02;4.9085051e-02;1.7750000e+02;7.2316080e-03;1.7750000e+02;-4.1063081e-02;1.7750000e+02;-8.3185367e-02;1.7750000e+02;-1.2615083e-01;1.7750000e+02;-5.0990567e-02;1.7750000e+02;-7.2521549e-03;1.7750000e+02;6.1806239e-02;1.7750000e+02;1.4133874e-01;1.7750000e+02;2.2818133e-01;1.7750000e+02;2.7790135e-01;1.7750000e+02;2.9042447e-01;1.7750000e+02;3.2231325e-01;1.7750000e+02;2.8846055e-01;1.7750000e+02;2.3597839e-01;1.7750000e+02;1.8676007e-01;1.7750000e+02;1.4040786e-01;1.7750000e+02;9.4661027e-02;1.7750000e+02;4.9085051e-02;1.7750000e+02;7.2316080e-03;1.7750000e+02;-4.1063081e-02;1.7750000e+02;-8.3185367e-02;1.7750000e+02;-1.2615083e-01;1.7750000e+02;-5.0990567e-02;1.7750000e+02;-7.2521549e-03;1.7750000e+02;6.1806239e-02;1.7750000e+02;1.4133874e-01;1.7750000e+02;2.2818133e-01;1.7750000e+02;2.7790135e-01;1.7750000e+02;2.9042447e-01;1.7750000e+02;3.2231325e-01;1.7750000e+02;2.8846055e-01;1.7750000e+02;2.3597839e-01;1.7750000e+02;1.8676007e-01;1.7750000e+02;1.4040786e-01;1.7750000e+02;9.4661027e-02;1.7750000e+02;4.9085051e-02;1.7750000e+02;7.2316080e-03;1.7750000e+02;-4.1063081e-02;1.7750000e+02;-8.3185367e-02;1.7750000e+02;-1.2615083e-01;1.7750000e+02;-5.0990567e-02;1.7750000e+02;-7.2521549e-03;1.7750000e+02;6.1806239e-02;1.7750000e+02;1.4133874e-01;1.7750000e+02;2.2818133e-01;1.7750000e+02;2.7790135e-01;1.7750000e+02;2.9042447e-01;1.7750000e+02;3.2231325e-01;1.7750000e+02;2.8846055e-01;1.7750000e+02;2.3597839e-01;1.7750000e+02;1.8676007e-01;1.7750000e+02;1.4040786e-01;1.7750000e+02;9.4661027e-02;1.7750000e+02;4.9085051e-02;1.7750000e+02;7.2316080e-03;1.7750000e+02;-4.1063081e-02;1.7750000e+02;-8.3185367e-02;1.7750000e+02;-1.2615083e-01;1.7750000e+02;-5.0990567e-02;1.7750000e+02;-7.2521549e-03;1.7750000e+02;6.1806239e-02;1.7750000e+02;1.4133874e-01;1.7750000e+02;2.2818133e-01;1.7750000e+02;2.7790135e-01;1.7750000e+02;2.9042447e-01;1.7750000e+02;3.2231325e-01;1.7750000e+02;2.8846055e-01;1.7750000e+02;2.3597839e-01;1.7750000e+02;1.8676007e-01;1.7750000e+02;1.4040786e-01;1.7750000e+02;9.4661027e-02;1.7750000e+02;4.9085051e-02;1.7750000e+02;7.2316080e-03;1.7750000e+02;-4.1063081e-02;1.7750000e+02;-8.3185367e-02;1.7750000e+02;-1.2615083e-01;1.7750000e+02;-5.0990567e-02;1.7750000e+02;-7.2521549e-03;1.7750000e+02;6.1806239e-02;1.7750000e+02;1.4133874e-01;1.7750000e+02;2.2818133e-01;1.7750000e+02;2.7790135e-01;1.7750000e+02;2.9042447e-01;1.7750000e+02;3.2231325e-01;1.7750000e+02;2.8846055e-01;1.7750000e+02;2.3597839e-01;1.7750000e+02;1.8676007e-01;1.7750000e+02;1.4040786e-01;1.7750000e+02;9.4661027e-02;1.7750000e+02;4.9085051e-02;1.7750000e+02;7.2316080e-03;1.7750000e+02;-4.1063081e-02;1.7750000e+02;-8.3185367e-02;1.7750000e+02;-1.2615083e-01;1.7750000e+02;-5.0990567e-02;1.7750000e+02;-7.2521549e-03;1.7750000e+02;6.1806239e-02;1.7750000e+02;1.4133874e-01;1.7750000e+02;2.2818133e-01;1.7750000e+02;2.7790135e-01;1.7750000e+02;2.9042447e-01;1.7750000e+02;3.2231325e-01;1.7750000e+02;2.8846055e-01;1.7750000e+02;2.3597839e-01;1.7750000e+02;1.8676007e-01;1.7750000e+02;1.4040786e-01;1.7750000e+02;9.4661027e-02;1.7750000e+02;4.9085051e-02;1.7750000e+02;7.2316080e-03;1.7750000e+02;-4.1063081e-02;1.7750000e+02;-8.3185367e-02;1.7750000e+02;-1.2615083e-01;1.7750000e+02;-5.0990567e-02;1.7750000e+02;-7.2521549e-03;1.7750000e+02;6.1806239e-02;1.7750000e+02;1.4133874e-01;1.7750000e+02;2.2818133e-01;1.7750000e+02;2.7790135e-01;1.7750000e+02;2.9042447e-01;1.7750000e+02;3.2231325e-01;1.7750000e+02;2.8846055e-01;1.7750000e+02;2.3597839e-01;1.7750000e+02;1.8676007e-01;1.7750000e+02;1.4040786e-01;1.7750000e+02;9.4661027e-02;1.7750000e+02;4.9085051e-02;1.7750000e+02;7.2316080e-03;1.7750000e+02;-4.1063081e-02;1.7750000e+02;-8.3185367e-02;1.7750000e+02;-1.2615083e-01;1.7750000e+02;-5.0990567e-02;1.7750000e+02;-7.2521549e-03;1.7750000e+02;6.1806239e-02;1.7750000e+02;1.4133874e-01;1.7750000e+02;2.2818133e-01;1.7750000e+02;2.7790135e-01;1.7750000e+02;2.9042447e-01;1.7750000e+02;3.2231325e-01;1.7750000e+02;2.8846055e-01;1.7750000e+02;2.3597839e-01;1.7750000e+02;1.8676007e-01;1.7750000e+02;1.4040786e-01;1.7750000e+02;9.4661027e-02;1.7750000e+02;4.9085051e-02;1.7750000e+02;7.2316080e-03;1.7750000e+02;-4.1063081e-02;1.7750000e+02;-8.3185367e-02;1.7750000e+02;-1.2615083e-01;1.7750000e+02;-5.0990567e-02;1.7750000e+02;-7.2521549e-03;1.7750000e+02;6.1806239e-02;1.7750000e+02;1.4133874e-01;1.7750000e+02;2.2818133e-01;1.7750000e+02;2.7790135e-01;1.7750000e+02;2.9042447e-01;1.7750000e+02;3.2231325e-01;1.7750000e+02;2.8846055e-01;1.7750000e+02;2.3597839e-01;1.7750000e+02;1.8676007e-01;1.7750000e+02;1.4040786e-01;1.7750000e+02;9.4661027e-02;1.7750000e+02;4.9085051e-02;1.7750000e+02;7.2316080e-03;1.7750000e+02;-4.1063081e-02;1.7750000e+02;-8.3185367e-02;1.7750000e+02;-1.2615083e-01;1.7750000e+02;-5.0990567e-02;1.7750000e+02;-7.2521549e-03;1.7750000e+02;6.1806239e-02;1.7750000e+02;1.4133874e-01;1.7750000e+02;2.2818133e-01;1.7750000e+02;2.7790135e-01;1.7750000e+02;2.9042447e-01;1.7750000e+02;3.2231325e-01;1.7750000e+02;2.8846055e-01;1.7750000e+02;2.3597839e-01;1.7750000e+02;1.8676007e-01;1.7750000e+02;1.4040786e-01;1.7750000e+02;9.4661027e-02;1.7750000e+02;4.9085051e-02;1.7750000e+02;7.2316080e-03;1.7750000e+02;-4.1063081e-02;1.7750000e+02;-8.3185367e-02;1.7750000e+02;-1.2615083e-01;1.7750000e+02;-5.0990567e-02;1.7750000e+02;-7.2521549e-03;1.7750000e+02;6.1806239e-02;1.7750000e+02;1.4133874e-01;1.7750000e+02;2.2818133e-01;1.7750000e+02;2.7790135e-01;1.7750000e+02;2.9042447e-01;1.7750000e+02;3.2231325e-01;1.7750000e+02;2.8846055e-01;1.7750000e+02;2.3597839e-01;1.7750000e+02;1.8676007e-01;1.7750000e+02;1.4040786e-01;1.7750000e+02;9.4661027e-02;1.7750000e+02;4.9085051e-02;1.7750000e+02;7.2316080e-03;1.7750000e+02;-4.1063081e-02;1.7750000e+02;-8.3185367e-02;1.7750000e+02;-1.2615083e-01;1.7750000e+02;-5.0990567e-02;1.7750000e+02;-7.2521549e-03;1.7750000e+02;6.1806239e-02;1.7750000e+02;1.4133874e-01;1.7750000e+02;2.2818133e-01;1.7750000e+02;2.7790135e-01;1.7750000e+02;2.9042447e-01;1.7750000e+02;3.2231325e-01;1.7750000e+02;2.8846055e-01;1.7750000e+02;2.3597839e-01;1.7750000e+02;1.8676007e-01;1.7750000e+02;1.4040786e-01;1.7750000e+02;9.4661027e-02;1.7750000e+02;4.9085051e-02;1.7750000e+02;7.2316080e-03;1.7750000e+02;-4.1063081e-02;1.7750000e+02;-8.3185367e-02;1.7750000e+02;-1.2615083e-01;1.7750000e+02;-5.0990567e-02;1.7750000e+02;-7.2521549e-03;1.7750000e+02;6.1806239e-02;1.7750000e+02;1.4133874e-01;1.7750000e+02;2.2818133e-01;1.7750000e+02;2.7790135e-01;1.7750000e+02;2.9042447e-01;1.7750000e+02;3.2231325e-01;1.7750000e+02;2.8846055e-01;1.7750000e+02;2.3597839e-01;1.7750000e+02;1.8676007e-01;1.7750000e+02;1.4040786e-01;1.7750000e+02;9.4661027e-02;1.7750000e+02;4.9085051e-02;1.7750000e+02;7.2316080e-03;1.7750000e+02;-4.1063081e-02;1.7750000e+02;-8.3185367e-02;1.7750000e+02;-1.2615083e-01;1.7750000e+02;-5.0990567e-02;1.7750000e+02;-7.2521549e-03;1.7750000e+02;6.1806239e-02;1.7750000e+02;1.4133874e-01;1.7750000e+02;2.2818133e-01;1.7750000e+02;2.7790135e-01;1.7750000e+02;2.9042447e-01;1.7750000e+02;3.2231325e-01;1.7750000e+02;2.8846055e-01;1.7750000e+02;2.3597839e-01;1.7750000e+02;1.8676007e-01;1.7750000e+02;1.4040786e-01;1.7750000e+02;9.4661027e-02;1.7750000e+02;4.9085051e-02;1.7750000e+02;7.2316080e-03;1.7750000e+02;-4.1063081e-02;1.7750000e+02;-8.3185367e-02;1.7750000e+02;-1.2615083e-01;1.7750000e+02;-5.0990567e-02;1.7750000e+02;-7.2521549e-03;1.7750000e+02;6.1806239e-02;1.7750000e+02;1.4133874e-01;1.7750000e+02;2.2818133e-01;1.7750000e+02;2.7790135e-01;1.7750000e+02;2.9042447e-01;1.7750000e+02;3.2231325e-01;1.7750000e+02;2.8846055e-01;1.7750000e+02;2.3597839e-01;1.7750000e+02;1.8676007e-01;1.7750000e+02;1.4040786e-01;1.7750000e+02;9.4661027e-02;1.7750000e+02;4.9085051e-02;1.7750000e+02;7.2316080e-03;1.7750000e+02;-4.1063081e-02;1.7750000e+02;-8.3185367e-02;1.7750000e+02;-1.2615083e-01;1.7750000e+02;-5.0990567e-02;1.7750000e+02;-7.2521549e-03;1.7750000e+02;6.1806239e-02;1.7750000e+02;1.4133874e-01;1.7750000e+02;2.2818133e-01;1.7750000e+02;2.7790135e-01;1.7750000e+02;2.9042447e-01;1.7750000e+02;3.2231325e-01;1.7750000e+02;2.8846055e-01;1.7750000e+02;2.3597839e-01;1.7750000e+02;1.8676007e-01;1.7750000e+02;1.4040786e-01;1.7750000e+02;9.4661027e-02;1.7750000e+02;4.9085051e-02;1.7750000e+02;7.2316080e-03;1.7750000e+02;-4.1063081e-02;1.7750000e+02;-8.3185367e-02;1.7750000e+02;-1.2615083e-01;1.7750000e+02;-5.0990567e-02;1.7750000e+02;-7.2521549e-03;1.7750000e+02;6.1806239e-02;1.7750000e+02;1.4133874e-01;1.7750000e+02;2.2818133e-01;1.7750000e+02;2.7790135e-01;1.7750000e+02;2.9042447e-01;1.7750000e+02;3.2231325e-01;1.7750000e+02;2.8846055e-01;1.7750000e+02;2.3597839e-01;1.7750000e+02;1.8676007e-01;1.7750000e+02;1.4040786e-01;1.7750000e+02;9.4661027e-02;1.7750000e+02;4.9085051e-02;1.7750000e+02;7.2316080e-03;1.7750000e+02;-4.1063081e-02;1.7750000e+02;-8.3185367e-02;1.7750000e+02;-1.2615083e-01;1.7750000e+02;-5.0990567e-02;1.7750000e+02;-7.2521549e-03;1.7750000e+02;6.1806239e-02;1.7750000e+02;1.4133874e-01;1.7750000e+02;2.2818133e-01;1.7750000e+02;2.7790135e-01;1.7750000e+02;2.9042447e-01;1.7750000e+02;3.2231325e-01;1.7750000e+02;2.8846055e-01;1.7750000e+02;2.3597839e-01;1.7750000e+02;1.8676007e-01;1.7750000e+02;1.4040786e-01;1.7750000e+02;9.4661027e-02;1.7750000e+02;4.9085051e-02;1.7750000e+02;7.2316080e-03;1.7750000e+02;-4.1063081e-02;1.7750000e+02;-8.3185367e-02;1.7750000e+02;-1.2615083e-01;1.7750000e+02;-5.0990567e-02;1.7750000e+02;-7.2521549e-03;1.7750000e+02;6.1806239e-02;1.7750000e+02;1.4133874e-01;1.7750000e+02;2.2818133e-01;1.7750000e+02;2.7790135e-01;1.7750000e+02;2.9042447e-01;1.7750000e+02;3.2231325e-01;1.7750000e+02;2.8846055e-01;1.7750000e+02;2.3597839e-01;1.7750000e+02;1.8676007e-01;1.7750000e+02;1.4040786e-01;1.7750000e+02;9.4661027e-02;1.7750000e+02;4.9085051e-02;1.7750000e+02;7.2316080e-03;1.7750000e+02;-4.1063081e-02;1.7750000e+02;-8.3185367e-02;1.7750000e+02;-1.2615083e-01;1.7750000e+02;-5.0990567e-02;1.7750000e+02;-7.2521549e-03;1.7750000e+02;6.1806239e-02;1.7750000e+02;1.4133874e-01;1.7750000e+02;2.2818133e-01;1.7750000e+02;2.7790135e-01;1.7750000e+02;2.9042447e-01;1.7750000e+02;3.2231325e-01;1.7750000e+02;2.8846055e-01;1.7750000e+02;2.3597839e-01;1.7750000e+02;1.8676007e-01;1.7750000e+02;1.4040786e-01;1.7750000e+02;9.4661027e-02;1.7750000e+02;4.9085051e-02;1.7750000e+02;7.2316080e-03;1.7750000e+02;-4.1063081e-02;1.7750000e+02;-8.3185367e-02;1.7750000e+02;-1.2615083e-01;1.7750000e+02;-5.0990567e-02;1.7750000e+02;-7.2521549e-03;1.7750000e+02;6.1806239e-02;1.7750000e+02;1.4133874e-01;1.7750000e+02;2.2818133e-01;1.7750000e+02;2.7790135e-01;1.7750000e+02;2.9042447e-01;1.7750000e+02;3.2231325e-01;1.7750000e+02;2.8846055e-01;1.7750000e+02;2.3597839e-01;1.7750000e+02;1.8676007e-01;1.7750000e+02;1.4040786e-01;1.7750000e+02;9.4661027e-02;1.7750000e+02;4.9085051e-02;1.7750000e+02;7.2316080e-03;1.7750000e+02;-4.1063081e-02;1.7750000e+02;-8.3185367e-02;1.7750000e+02;-1.2615083e-01;1.7750000e+02;-5.0990567e-02;1.7750000e+02;-7.2521549e-03;1.7750000e+02;6.1806239e-02;1.7750000e+02;1.4133874e-01;1.7750000e+02;2.2818133e-01;1.7750000e+02;2.7790135e-01;1.7750000e+02;2.9042447e-01;1.7750000e+02;3.2231325e-01;1.7750000e+02;2.8846055e-01;1.7750000e+02;2.3597839e-01;1.7750000e+02;1.8676007e-01;1.7750000e+02;1.4040786e-01;1.7750000e+02;9.4661027e-02;1.7750000e+02;4.9085051e-02;1.7750000e+02;7.2316080e-03;1.7750000e+02;-4.1063081e-02;1.7750000e+02;-8.3185367e-02;1.7750000e+02;-1.2615083e-01;1.7750000e+02;-5.0990567e-02;1.7750000e+02;-7.2521549e-03;1.7750000e+02;6.1806239e-02;1.7750000e+02;1.4133874e-01;1.7750000e+02;2.2818133e-01;1.7750000e+02;2.7790135e-01;1.7750000e+02;2.9042447e-01;1.7750000e+02;3.2231325e-01;1.7750000e+02;2.8846055e-01;1.7750000e+02;2.3597839e-01;1.7750000e+02;1.8676007e-01;1.7750000e+02;1.4040786e-01;1.7750000e+02;9.4661027e-02;1.7750000e+02;4.9085051e-02;1.7750000e+02;7.2316080e-03;1.7750000e+02;-4.1063081e-02;1.7750000e+02;-8.3185367e-02;1.7750000e+02;-1.2615083e-01;1.7750000e+02;-5.0990567e-02;1.7750000e+02;-7.2521549e-03;1.7750000e+02;6.1806239e-02;1.7750000e+02;1.4133874e-01;1.7750000e+02;2.2818133e-01;1.7750000e+02;2.7790135e-01;1.7750000e+02;2.9042447e-01;1.7750000e+02;3.2231325e-01;1.7750000e+02;2.8846055e-01;1.7750000e+02;2.3597839e-01;1.7750000e+02;1.8676007e-01;1.7750000e+02;1.4040786e-01;1.7750000e+02;9.4661027e-02;1.7750000e+02;4.9085051e-02;1.7750000e+02;7.2316080e-03;1.7750000e+02;-4.1063081e-02;1.7750000e+02;-8.3185367e-02;1.7750000e+02;-1.2615083e-01;1.7750000e+02;-5.0990567e-02;1.7750000e+02;-7.2521549e-03;1.7750000e+02;6.1806239e-02;1.7750000e+02;1.4133874e-01;1.7750000e+02;2.2818133e-01;1.7750000e+02;2.7790135e-01;1.7750000e+02;2.9042447e-01;1.7750000e+02;3.2231325e-01;1.7750000e+02;2.8846055e-01;1.7750000e+02;2.3597839e-01;1.7750000e+02;1.8676007e-01;1.7750000e+02;1.4040786e-01;1.7750000e+02;9.4661027e-02;1.7750000e+02;4.9085051e-02;1.7750000e+02;7.2316080e-03;1.7750000e+02;-4.1063081e-02;1.7750000e+02;-8.3185367e-02;1.7750000e+02;-1.2615083e-01;1.7750000e+02;-5.0990567e-02;1.7750000e+02;-7.2521549e-03;1.7750000e+02;6.1806239e-02;1.7750000e+02;1.4133874e-01;1.7750000e+02;2.2818133e-01;1.7750000e+02;2.7790135e-01;1.7750000e+02;2.9042447e-01;1.7750000e+02;3.2231325e-01;1.7750000e+02;2.8846055e-01;1.7750000e+02;2.3597839e-01;1.7750000e+02;1.8676007e-01;1.7750000e+02;1.4040786e-01;1.7750000e+02;9.4661027e-02;1.7750000e+02;4.9085051e-02;1.7750000e+02;7.2316080e-03;1.7750000e+02;-4.1063081e-02;1.7750000e+02;-8.3185367e-02;1.7750000e+02;-1.2615083e-01;1.7750000e+02;-5.0990567e-02;1.7750000e+02;-7.2521549e-03;1.7750000e+02;6.1806239e-02;1.7750000e+02;1.4133874e-01;1.7750000e+02;2.2818133e-01;1.7750000e+02;2.7790135e-01;1.7750000e+02;2.9042447e-01;1.7750000e+02;3.2231325e-01;1.7750000e+02;2.8846055e-01;1.7750000e+02;2.3597839e-01;1.7750000e+02;1.8676007e-01;1.7750000e+02;1.4040786e-01;1.7750000e+02;9.4661027e-02;1.7750000e+02;4.9085051e-02;1.7750000e+02;7.2316080e-03;1.7750000e+02;-4.1063081e-02;1.7750000e+02;-8.3185367e-02;1.7750000e+02;-1.2615083e-01;1.7750000e+02;-5.0990567e-02;1.7750000e+02;-7.2521549e-03;1.7750000e+02;6.1806239e-02;1.7750000e+02;1.4133874e-01;1.7750000e+02;2.2818133e-01;1.7750000e+02;2.7790135e-01;1.7750000e+02;2.9042447e-01;1.7750000e+02;3.2231325e-01;1.7750000e+02;2.8846055e-01;1.7750000e+02;2.3597839e-01;1.7750000e+02;1.8676007e-01;1.7750000e+02;1.4040786e-01;1.7750000e+02;9.4661027e-02;1.7750000e+02;4.9085051e-02;1.7750000e+02;7.2316080e-03;1.7750000e+02;-4.1063081e-02;1.7750000e+02;-8.3185367e-02;1.7750000e+02;-1.2615083e-01;1.7750000e+02;-5.0990567e-02;1.7750000e+02;-7.2521549e-03;1.7750000e+02;6.1806239e-02;1.7750000e+02;1.4133874e-01;1.7750000e+02;2.2818133e-01;1.7750000e+02;2.7790135e-01;1.7750000e+02;2.9042447e-01;1.7750000e+02;3.2231325e-01;1.7750000e+02;2.8846055e-01;1.7750000e+02;2.3597839e-01;1.7750000e+02;1.8676007e-01;1.7750000e+02;1.4040786e-01;1.7750000e+02;9.4661027e-02;1.7750000e+02;4.9085051e-02;1.7750000e+02;7.2316080e-03;1.7750000e+02;-4.1063081e-02;1.7750000e+02;-8.3185367e-02;1.7750000e+02;-1.2615083e-01;1.7750000e+02;-5.0990567e-02;1.7750000e+02;-7.2521549e-03;1.7750000e+02;6.1806239e-02;1.7750000e+02;1.4133874e-01;1.7750000e+02;2.2818133e-01;1.7750000e+02;2.7790135e-01;1.7750000e+02;2.9042447e-01;1.7750000e+02;3.2231325e-01;1.7750000e+02;2.8846055e-01;1.7750000e+02;2.3597839e-01;1.7750000e+02;1.8676007e-01;1.7750000e+02;1.4040786e-01;1.7750000e+02;9.4661027e-02;1.7750000e+02;4.9085051e-02;1.7750000e+02;7.2316080e-03;1.7750000e+02;-4.1063081e-02;1.7750000e+02;-8.3185367e-02;1.7750000e+02;-1.2615083e-01;1.7750000e+02;-5.0990567e-02;1.7750000e+02;-7.2521549e-03;1.7750000e+02;6.1806239e-02;1.7750000e+02;1.4133874e-01;1.7750000e+02;2.2818133e-01;1.7750000e+02;2.7790135e-01;1.7750000e+02;2.9042447e-01;1.7750000e+02;3.2231325e-01;1.7750000e+02;2.8846055e-01;1.7750000e+02;2.3597839e-01;1.7750000e+02;1.8676007e-01;1.7750000e+02;1.4040786e-01;1.7750000e+02;9.4661027e-02;1.7750000e+02;4.9085051e-02;1.7750000e+02;7.2316080e-03;1.7750000e+02;-4.1063081e-02;1.7750000e+02;-8.3185367e-02;1.7750000e+02;-1.2615083e-01;1.7750000e+02;-5.0990567e-02;1.7750000e+02;-7.2521549e-03;1.7750000e+02;6.1806239e-02;1.7750000e+02;1.4133874e-01;1.7750000e+02;2.2818133e-01;1.7750000e+02;2.7790135e-01;1.7750000e+02;2.9042447e-01;1.7750000e+02;3.2231325e-01;1.7750000e+02;2.8846055e-01;1.7750000e+02;2.3597839e-01;1.7750000e+02;1.8676007e-01;1.7750000e+02;1.4040786e-01;1.7750000e+02;9.4661027e-02;1.7750000e+02;4.9085051e-02;1.7750000e+02;7.2316080e-03;1.7750000e+02;-4.1063081e-02;1.7750000e+02;-8.3185367e-02;1.7750000e+02;-1.2615083e-01;1.7750000e+02;-5.0990567e-02;1.7750000e+02;-7.2521549e-03;1.7750000e+02;6.1806239e-02;1.7750000e+02;1.4133874e-01;1.7750000e+02;2.2818133e-01;1.7750000e+02;2.7790135e-01;1.7750000e+02;2.9042447e-01;1.7750000e+02;3.2231325e-01;1.7750000e+02;2.8846055e-01;1.7750000e+02;2.3597839e-01;1.7750000e+02;1.8676007e-01;1.7750000e+02;1.4040786e-01;1.7750000e+02;9.4661027e-02;1.7750000e+02;4.9085051e-02;1.7750000e+02;7.2316080e-03;1.7750000e+02;-4.1063081e-02;1.7750000e+02;-8.3185367e-02;1.7750000e+02;-1.2615083e-01;1.7750000e+02;-5.0990567e-02;1.7750000e+02;-7.2521549e-03;1.7750000e+02;6.1806239e-02;1.7750000e+02;1.4133874e-01;1.7750000e+02;2.2818133e-01;1.7750000e+02;2.7790135e-01;1.7750000e+02;2.9042447e-01;1.7750000e+02;3.2231325e-01;1.7750000e+02;2.8846055e-01;1.7750000e+02;2.3597839e-01;1.7750000e+02;1.8676007e-01;1.7750000e+02;1.4040786e-01;1.7750000e+02;9.4661027e-02;1.7750000e+02;4.9085051e-02;1.7750000e+02;7.2316080e-03;1.7750000e+02;-4.1063081e-02;1.7750000e+02;-8.3185367e-02;1.7750000e+02;-1.2615083e-01;1.7750000e+02;-5.0990567e-02;1.7750000e+02;-7.2521549e-03;1.7750000e+02;6.1806239e-02;1.7750000e+02;1.4133874e-01;1.7750000e+02;2.2818133e-01;1.7750000e+02;2.7790135e-01;1.7750000e+02;2.9042447e-01;1.7750000e+02;3.2231325e-01;1.7750000e+02;2.8846055e-01;1.7750000e+02;2.3597839e-01;1.7750000e+02;1.8676007e-01;1.7750000e+02;1.4040786e-01;1.7750000e+02;9.4661027e-02;1.7750000e+02;4.9085051e-02;1.7750000e+02;7.2316080e-03;1.7750000e+02;-4.1063081e-02;1.7750000e+02;-8.3185367e-02;1.7750000e+02;-1.2615083e-01;1.7750000e+02;-5.0990567e-02;1.7750000e+02;-7.2521549e-03;1.7750000e+02;6.1806239e-02;1.7750000e+02;1.4133874e-01;1.7750000e+02;2.2818133e-01;1.7750000e+02;2.7790135e-01;1.7750000e+02;2.9042447e-01;1.7750000e+02;3.2231325e-01;1.7750000e+02;2.8846055e-01;1.7750000e+02;2.3597839e-01;1.7750000e+02;1.8676007e-01;1.7750000e+02;1.4040786e-01;1.7750000e+02;9.4661027e-02;1.7750000e+02;4.9085051e-02;1.7750000e+02;7.2316080e-03;1.7750000e+02;-4.1063081e-02;1.7750000e+02;-8.3185367e-02;1.7750000e+02;-1.2615083e-01;1.7750000e+02;-5.0990567e-02;1.7750000e+02;-7.2521549e-03;1.7750000e+02;6.1806239e-02;1.7750000e+02;1.4133874e-01;1.7750000e+02;2.2818133e-01;1.7750000e+02;2.7790135e-01;1.7750000e+02;2.9042447e-01;1.7750000e+02;3.2231325e-01;1.7750000e+02;2.8846055e-01;1.7750000e+02;2.3597839e-01;1.7750000e+02;1.8676007e-01;1.7750000e+02;1.4040786e-01;1.7750000e+02;9.4661027e-02;1.7750000e+02;4.9085051e-02;1.7750000e+02;7.2316080e-03;1.7750000e+02;-4.1063081e-02;1.7750000e+02;-8.3185367e-02;1.7750000e+02;-1.2615083e-01;1.7750000e+02;-5.0990567e-02;1.7750000e+02;-7.2521549e-03;1.7750000e+02;6.1806239e-02;1.7750000e+02;1.4133874e-01;1.7750000e+02;2.2818133e-01;1.7750000e+02;2.7790135e-01;1.7750000e+02;2.9042447e-01;1.7750000e+02;3.2231325e-01;1.7750000e+02;2.8846055e-01;1.7750000e+02;2.3597839e-01;1.7750000e+02;1.8676007e-01;1.7750000e+02;1.4040786e-01;1.7750000e+02;9.4661027e-02;1.7750000e+02;4.9085051e-02;1.7750000e+02;7.2316080e-03;1.7750000e+02;-4.1063081e-02;1.7750000e+02;-8.3185367e-02;1.7750000e+02;-1.2615083e-01;1.7750000e+02;-5.0990567e-02;1.7750000e+02;-7.2521549e-03;1.7750000e+02;6.1806239e-02;1.7750000e+02;1.4133874e-01;1.7750000e+02;2.2818133e-01;1.7750000e+02;2.7790135e-01;1.7750000e+02;2.9042447e-01;1.7750000e+02;3.2231325e-01;1.7750000e+02;2.8846055e-01;1.7750000e+02;2.3597839e-01;1.7750000e+02;1.8676007e-01;1.7750000e+02;1.4040786e-01;1.7750000e+02;9.4661027e-02;1.7750000e+02;4.9085051e-02;1.7750000e+02;7.2316080e-03;1.7750000e+02;-4.1063081e-02;1.7750000e+02;-8.3185367e-02;1.7750000e+02;-1.2615083e-01;1.7750000e+02;-5.0990567e-02;1.7750000e+02;-7.2521549e-03;1.7750000e+02;6.1806239e-02;1.7750000e+02;1.4133874e-01;1.7750000e+02;2.2818133e-01;1.7750000e+02;2.7790135e-01;1.7750000e+02;2.9042447e-01;1.7750000e+02;3.2231325e-01;1.7750000e+02;2.8846055e-01;1.7750000e+02;2.3597839e-01;1.7750000e+02;1.8676007e-01;1.7750000e+02;1.4040786e-01;1.7750000e+02;9.4661027e-02;1.7750000e+02;4.9085051e-02;1.7750000e+02;7.2316080e-03;1.7750000e+02;-4.1063081e-02;1.7750000e+02;-8.3185367e-02;1.7750000e+02;-1.2615083e-01;1.7750000e+02;-5.0990567e-02;1.7750000e+02;-7.2521549e-03;1.7750000e+02;6.1806239e-02;1.7750000e+02;1.4133874e-01;1.7750000e+02;2.2818133e-01;1.7750000e+02;2.7790135e-01;1.7750000e+02;2.9042447e-01;1.7750000e+02;3.2231325e-01;1.7750000e+02;2.8846055e-01;1.7750000e+02;2.3597839e-01;1.7750000e+02;1.8676007e-01;1.7750000e+02;1.4040786e-01;1.7750000e+02;9.4661027e-02;1.7750000e+02;4.9085051e-02;1.7750000e+02;7.2316080e-03;1.7750000e+02;-4.1063081e-02;1.7750000e+02;-8.3185367e-02;1.7750000e+02;-1.2615083e-01;1.7750000e+02;-5.0990567e-02;1.7750000e+02;-7.2521549e-03;1.7750000e+02;6.1806239e-02;1.7750000e+02;1.4133874e-01;1.7750000e+02;2.2818133e-01;1.7750000e+02;2.7790135e-01;1.7750000e+02;2.9042447e-01;1.7750000e+02;3.2231325e-01;1.7750000e+02;2.8846055e-01;1.7750000e+02;2.3597839e-01;1.7750000e+02;1.8676007e-01;1.7750000e+02;1.4040786e-01;1.7750000e+02;9.4661027e-02;1.7750000e+02;4.9085051e-02;1.7750000e+02;7.2316080e-03;1.7750000e+02;-4.1063081e-02;1.7750000e+02;-8.3185367e-02;1.7750000e+02;-1.2615083e-01;1.7750000e+02;-5.0990567e-02;1.7750000e+02;-7.2521549e-03;1.7750000e+02;6.1806239e-02;1.7750000e+02;1.4133874e-01;1.7750000e+02;2.2818133e-01;1.7750000e+02;2.7790135e-01;1.7750000e+02;2.9042447e-01;1.7750000e+02;3.2231325e-01;1.7750000e+02;2.8846055e-01;1.7750000e+02;2.3597839e-01;1.7750000e+02;1.8676007e-01;1.7750000e+02;1.4040786e-01;1.7750000e+02;9.4661027e-02;1.7750000e+02;4.9085051e-02;1.7750000e+02;7.2316080e-03;1.7750000e+02;-4.1063081e-02;1.7750000e+02;-8.3185367e-02;1.7750000e+02;-1.2615083e-01;1.7750000e+02;-5.0990567e-02;1.7750000e+02;-7.2521549e-03;1.7750000e+02;6.1806239e-02;1.7750000e+02;1.4133874e-01;1.7750000e+02;2.2818133e-01;1.7750000e+02;2.7790135e-01;1.7750000e+02;2.9042447e-01;1.7750000e+02;3.2231325e-01;1.7750000e+02;2.8846055e-01;1.7750000e+02;2.3597839e-01;1.7750000e+02;1.8676007e-01;1.7750000e+02;1.4040786e-01;1.7750000e+02;9.4661027e-02;1.7750000e+02;4.9085051e-02;1.7750000e+02;7.2316080e-03;1.7750000e+02;-4.1063081e-02;1.7750000e+02;-8.3185367e-02;1.7750000e+02;-1.2615083e-01;1.7750000e+02;-5.0990567e-02;1.7750000e+02;-7.2521549e-03;1.7750000e+02;6.1806239e-02;1.7750000e+02;1.4133874e-01;1.7750000e+02;2.2818133e-01;1.7750000e+02;2.7790135e-01;1.7750000e+02;2.9042447e-01;1.7750000e+02;3.2231325e-01;1.7750000e+02;2.8846055e-01;1.7750000e+02;2.3597839e-01;1.7750000e+02;1.8676007e-01;1.7750000e+02;1.4040786e-01;1.7750000e+02;9.4661027e-02;1.7750000e+02;4.9085051e-02;1.7750000e+02;7.2316080e-03;1.7750000e+02;-4.1063081e-02;1.7750000e+02;-8.3185367e-02;1.7750000e+02;-1.2615083e-01;1.7750000e+02;-5.0990567e-02;1.7750000e+02;-7.2521549e-03;1.7750000e+02;6.1806239e-02;1.7750000e+02;1.4133874e-01;1.7750000e+02;2.2818133e-01;1.7750000e+02;2.7790135e-01;1.7750000e+02;2.9042447e-01;1.7750000e+02;3.2231325e-01;1.7750000e+02;2.8846055e-01;1.7750000e+02;2.3597839e-01;1.7750000e+02;1.8676007e-01;1.7750000e+02;1.4040786e-01;1.7750000e+02;9.4661027e-02;1.7750000e+02;4.9085051e-02;1.7750000e+02;7.2316080e-03;1.7750000e+02;-4.1063081e-02;1.7750000e+02;-8.3185367e-02;1.7750000e+02;-1.2615083e-01;1.7750000e+02;-5.0990567e-02;1.7750000e+02;-7.2521549e-03;1.7750000e+02;6.1806239e-02;1.7750000e+02;1.4133874e-01;1.7750000e+02;2.2818133e-01;1.7750000e+02;2.7790135e-01;1.7750000e+02;2.9042447e-01;1.7750000e+02;3.2231325e-01;1.7750000e+02;2.8846055e-01;1.7750000e+02;2.3597839e-01;1.7750000e+02;1.8676007e-01;1.7750000e+02;1.4040786e-01;1.7750000e+02;9.4661027e-02;1.7750000e+02;4.9085051e-02;1.7750000e+02;7.2316080e-03;1.7750000e+02;-4.1063081e-02;1.7750000e+02;-8.3185367e-02;1.7750000e+02;-1.2615083e-01;1.7750000e+02;-5.0990567e-02;1.7750000e+02;-7.2521549e-03;1.7750000e+02;6.1806239e-02;1.7750000e+02;1.4133874e-01;1.7750000e+02;2.2818133e-01;1.7750000e+02;2.7790135e-01;1.7750000e+02;2.9042447e-01;1.7750000e+02;3.2231325e-01;1.7750000e+02;2.8846055e-01;1.7750000e+02;2.3597839e-01;1.7750000e+02;1.8676007e-01;1.7750000e+02;1.4040786e-01;1.7750000e+02;9.4661027e-02;1.7750000e+02;4.9085051e-02;1.7750000e+02;7.2316080e-03;1.7750000e+02;-4.1063081e-02;1.7750000e+02;-8.3185367e-02;1.7750000e+02;-1.2615083e-01;1.7750000e+02;-5.0990567e-02;1.7750000e+02;-7.2521549e-03;1.7750000e+02;6.1806239e-02;1.7750000e+02;1.4133874e-01;1.7750000e+02;2.2818133e-01;1.7750000e+02;2.7790135e-01;1.7750000e+02;2.9042447e-01;1.7750000e+02;3.2231325e-01;1.7750000e+02;2.8846055e-01;1.7750000e+02;2.3597839e-01;1.7750000e+02;1.8676007e-01;1.7750000e+02;1.4040786e-01;1.7750000e+02;9.4661027e-02;1.7750000e+02;4.9085051e-02;1.7750000e+02;7.2316080e-03;1.7750000e+02;-4.1063081e-02;1.7750000e+02;-8.3185367e-02;1.7750000e+02;-1.2615083e-01;1.7750000e+02;-5.0990567e-02;1.7750000e+02;-7.2521549e-03;1.7750000e+02;6.1806239e-02;1.7750000e+02;1.4133874e-01;1.7750000e+02;2.2818133e-01;1.7750000e+02;2.7790135e-01;1.7750000e+02;2.9042447e-01;1.7750000e+02;3.2231325e-01;1.7750000e+02;2.8846055e-01;1.7750000e+02;2.3597839e-01;1.7750000e+02;1.8676007e-01;1.7750000e+02;1.4040786e-01;1.7750000e+02;9.4661027e-02;1.7750000e+02;4.9085051e-02;1.7750000e+02;7.2316080e-03;1.7750000e+02;-4.1063081e-02;1.7750000e+02;-8.3185367e-02;1.7750000e+02;-1.2615083e-01;1.7750000e+02;-5.0990567e-02;1.7750000e+02;-7.2521549e-03;1.7750000e+02;6.1806239e-02;1.7750000e+02;1.4133874e-01;1.7750000e+02;2.2818133e-01;1.7750000e+02;2.7790135e-01;1.7750000e+02;2.9042447e-01;1.7750000e+02;3.2231325e-01;1.7750000e+02;2.8846055e-01;1.7750000e+02;2.3597839e-01;1.7750000e+02;1.8676007e-01;1.7750000e+02;1.4040786e-01;1.7750000e+02;9.4661027e-02;1.7750000e+02;4.9085051e-02;1.7750000e+02;7.2316080e-03;1.7750000e+02;-4.1063081e-02;1.7750000e+02;-8.3185367e-02;1.7750000e+02;-1.2615083e-01;1.7750000e+02;-5.0990567e-02;1.7750000e+02;-7.2521549e-03;1.7750000e+02;6.1806239e-02;1.7750000e+02;1.4133874e-01;1.7750000e+02;2.2818133e-01;1.7750000e+02;2.7790135e-01;1.7750000e+02;2.9042447e-01;1.7750000e+02;3.2231325e-01;1.7750000e+02;2.8846055e-01;1.7750000e+02;2.3597839e-01;1.7750000e+02;1.8676007e-01;1.7750000e+02;1.4040786e-01;1.7750000e+02;9.4661027e-02;1.7750000e+02;4.9085051e-02;1.7750000e+02;7.2316080e-03;1.7750000e+02;-4.1063081e-02;1.7750000e+02;-8.3185367e-02;1.7750000e+02;-1.2615083e-01;1.7750000e+02;-5.0990567e-02;1.7750000e+02;-7.2521549e-03;1.7750000e+02;6.1806239e-02;1.7750000e+02;1.4133874e-01;1.7750000e+02;2.2818133e-01;1.7750000e+02;2.7790135e-01;1.7750000e+02;2.9042447e-01;1.7750000e+02;3.2231325e-01;1.7750000e+02;2.8846055e-01;1.7750000e+02;2.3597839e-01;1.7750000e+02;1.8676007e-01;1.7750000e+02;1.4040786e-01;1.7750000e+02;9.4661027e-02;1.7750000e+02;4.9085051e-02;1.7750000e+02;7.2316080e-03;1.7750000e+02;-4.1063081e-02;1.7750000e+02;-8.3185367e-02;1.7750000e+02;-1.2615083e-01;1.7750000e+02;-5.0990567e-02;1.7750000e+02;-7.2521549e-03;1.7750000e+02;6.1806239e-02;1.7750000e+02;1.4133874e-01;1.7750000e+02;2.2818133e-01;1.7750000e+02;2.7790135e-01;1.7750000e+02;2.9042447e-01;1.7750000e+02;3.2231325e-01;1.7750000e+02;2.8846055e-01;1.7750000e+02;2.3597839e-01;1.7750000e+02;1.8676007e-01;1.7750000e+02;1.4040786e-01;1.7750000e+02;9.4661027e-02;1.7750000e+02;4.9085051e-02;1.7750000e+02;7.2316080e-03;1.7750000e+02;-4.1063081e-02;1.7750000e+02;-8.3185367e-02;1.7750000e+02;-1.2615083e-01;1.7750000e+02;-5.0990567e-02;1.7750000e+02;-7.2521549e-03;1.7750000e+02;6.1806239e-02;1.7750000e+02;1.4133874e-01;1.7750000e+02;2.2818133e-01;1.7750000e+02;2.7790135e-01;1.7750000e+02;2.9042447e-01;1.7750000e+02;3.2231325e-01;1.7750000e+02;2.8846055e-01;1.7750000e+02;2.3597839e-01;1.7750000e+02;1.8676007e-01;1.7750000e+02;1.4040786e-01;1.7750000e+02;9.4661027e-02;1.7750000e+02;4.9085051e-02;1.7750000e+02;7.2316080e-03;1.7750000e+02;-4.1063081e-02;1.7750000e+02;-8.3185367e-02;1.7750000e+02;-1.2615083e-01;1.7750000e+02;-5.0990567e-02;1.7750000e+02;-7.2521549e-03;1.7750000e+02;6.1806239e-02;1.7750000e+02;1.4133874e-01;1.7750000e+02;2.2818133e-01;1.7750000e+02;2.7790135e-01;1.7750000e+02;2.9042447e-01;1.7750000e+02;3.2231325e-01;1.7750000e+02;2.8846055e-01;1.7750000e+02;2.3597839e-01;1.7750000e+02;1.8676007e-01;1.7750000e+02;1.4040786e-01;1.7750000e+02;9.4661027e-02;1.7750000e+02;4.9085051e-02;1.7750000e+02;7.2316080e-03;1.7750000e+02;-4.1063081e-02;1.7750000e+02;-8.3185367e-02;1.7750000e+02;-1.2615083e-01;1.7750000e+02;-5.0990567e-02;1.7750000e+02;-7.2521549e-03;1.7750000e+02;6.1806239e-02;1.7750000e+02;1.4133874e-01;1.7750000e+02;2.2818133e-01;1.7750000e+02;2.7790135e-01;1.7750000e+02;2.9042447e-01;1.7750000e+02;3.2231325e-01;1.7750000e+02;2.8846055e-01;1.7750000e+02;2.3597839e-01;1.7750000e+02;1.8676007e-01;1.7750000e+02;1.4040786e-01;1.7750000e+02;9.4661027e-02;1.7750000e+02;4.9085051e-02;1.7750000e+02;7.2316080e-03;1.7750000e+02;-4.1063081e-02;1.7750000e+02;-8.3185367e-02;1.7750000e+02;-1.2615083e-01;1.7750000e+02;-5.0990567e-02;1.7750000e+02;-7.2521549e-03;1.7750000e+02;6.1806239e-02;1.7750000e+02;1.4133874e-01;1.7750000e+02;2.2818133e-01;1.7750000e+02;2.7790135e-01;1.7750000e+02;2.9042447e-01;1.7750000e+02;3.2231325e-01;1.7750000e+02;2.8846055e-01;1.7750000e+02;2.3597839e-01;1.7750000e+02;1.8676007e-01;1.7750000e+02;1.4040786e-01;1.7750000e+02;9.4661027e-02;1.7750000e+02;4.9085051e-02;1.7750000e+02;7.2316080e-03;1.7750000e+02;-4.1063081e-02;1.7750000e+02;-8.3185367e-02;1.7750000e+02;-1.2615083e-01;1.7750000e+02;-5.0990567e-02;1.7750000e+02;-7.2521549e-03;1.7750000e+02;6.1806239e-02;1.7750000e+02;1.4133874e-01;1.7750000e+02;2.2818133e-01;1.7750000e+02;2.7790135e-01;1.7750000e+02;2.9042447e-01;1.7750000e+02;3.2231325e-01;1.7750000e+02;2.8846055e-01;1.7750000e+02;2.3597839e-01;1.7750000e+02;1.8676007e-01;1.7750000e+02;1.4040786e-01;1.7750000e+02;9.4661027e-02;1.7750000e+02;4.9085051e-02;1.7750000e+02;7.2316080e-03;1.7750000e+02;-4.1063081e-02;1.7750000e+02;-8.3185367e-02;1.7750000e+02;-1.2615083e-01;1.7750000e+02;-5.0990567e-02;1.7750000e+02;-7.2521549e-03;1.7750000e+02;6.1806239e-02;1.7750000e+02;1.4133874e-01;1.7750000e+02;2.2818133e-01;1.7750000e+02;2.7790135e-01;1.7750000e+02;2.9042447e-01;1.7750000e+02;3.2231325e-01;1.7750000e+02;2.8846055e-01;1.7750000e+02;2.3597839e-01;1.7750000e+02;1.8676007e-01;1.7750000e+02;1.4040786e-01;1.7750000e+02;9.4661027e-02;1.7750000e+02;4.9085051e-02;1.7750000e+02;7.2316080e-03;1.7750000e+02;-4.1063081e-02;1.7750000e+02;-8.3185367e-02;1.7750000e+02;-1.2615083e-01;1.7750000e+02;-5.0990567e-02;1.7750000e+02;-7.2521549e-03;1.7750000e+02;6.1806239e-02;1.7750000e+02;1.4133874e-01;1.7750000e+02;2.2818133e-01;1.7750000e+02;2.7790135e-01;1.7750000e+02;2.9042447e-01;1.7750000e+02;3.2231325e-01;1.7750000e+02;2.8846055e-01;1.7750000e+02;2.3597839e-01;1.7750000e+02;1.8676007e-01;1.7750000e+02;1.4040786e-01;1.7750000e+02;9.4661027e-02;1.7750000e+02;4.9085051e-02;1.7750000e+02;7.2316080e-03;1.7750000e+02;-4.1063081e-02;1.7750000e+02;-8.3185367e-02;1.7750000e+02;-1.2615083e-01;1.7750000e+02;-5.0990567e-02;1.7750000e+02;-7.2521549e-03;1.7750000e+02;6.1806239e-02;1.7750000e+02;1.4133874e-01;1.7750000e+02;2.2818133e-01;1.7750000e+02;2.7790135e-01;1.7750000e+02;2.9042447e-01;1.7750000e+02;3.2231325e-01;1.7750000e+02;2.8846055e-01;1.7750000e+02;2.3597839e-01;1.7750000e+02;1.8676007e-01;1.7750000e+02;1.4040786e-01;1.7750000e+02;9.4661027e-02;1.7750000e+02;4.9085051e-02;1.7750000e+02;7.2316080e-03;1.7750000e+02;-4.1063081e-02;1.7750000e+02;-8.3185367e-02;1.7750000e+02;-1.2615083e-01;1.7750000e+02;-5.0990567e-02;1.7750000e+02;-7.2521549e-03;1.7750000e+02;6.1806239e-02;1.7750000e+02;1.4133874e-01;1.7750000e+02;2.2818133e-01;1.7750000e+02;2.7790135e-01;1.7750000e+02;2.9042447e-01;1.7750000e+02;3.2231325e-01;1.7750000e+02;2.8846055e-01;1.7750000e+02;2.3597839e-01;1.7750000e+02;1.8676007e-01;1.7750000e+02;1.4040786e-01;1.7750000e+02;9.4661027e-02;1.7750000e+02;4.9085051e-02;1.7750000e+02;7.2316080e-03;1.7750000e+02;-4.1063081e-02;1.7750000e+02;-8.3185367e-02;1.7750000e+02;-1.2615083e-01;1.7750000e+02;-5.0990567e-02;1.7750000e+02;-7.2521549e-03;1.7750000e+02;6.1806239e-02;1.7750000e+02;1.4133874e-01;1.7750000e+02;2.2818133e-01;1.7750000e+02;2.7790135e-01;1.7750000e+02;2.9042447e-01;1.7750000e+02;3.2231325e-01;1.7750000e+02;2.8846055e-01;1.7750000e+02;2.3597839e-01;1.7750000e+02;1.8676007e-01;1.7750000e+02;1.4040786e-01;1.7750000e+02;9.4661027e-02;1.7750000e+02;4.9085051e-02;1.7750000e+02;7.2316080e-03;1.7750000e+02;-4.1063081e-02;1.7750000e+02;-8.3185367e-02;1.7750000e+02;-1.2615083e-01;1.7750000e+02;-5.0990567e-02;1.7750000e+02;-7.2521549e-03;1.7750000e+02;6.1806239e-02;1.7750000e+02;1.4133874e-01;1.7750000e+02;2.2818133e-01;1.7750000e+02;2.7790135e-01;1.7750000e+02;2.9042447e-01;1.7750000e+02;3.2231325e-01;1.7750000e+02;2.8846055e-01;1.7750000e+02;2.3597839e-01;1.7750000e+02;1.8676007e-01;1.7750000e+02;1.4040786e-01;1.7750000e+02;9.4661027e-02;1.7750000e+02;4.9085051e-02;1.7750000e+02;7.2316080e-03;1.7750000e+02;-4.1063081e-02;1.7750000e+02;-8.3185367e-02;1.7750000e+02;-1.2615083e-01;1.7750000e+02;-5.0990567e-02;1.7750000e+02;-7.2521549e-03;1.7750000e+02;6.1806239e-02;1.7750000e+02;1.4133874e-01;1.7750000e+02;2.2818133e-01;1.7750000e+02;2.7790135e-01;1.7750000e+02;2.9042447e-01;1.7750000e+02;3.2231325e-01;1.7750000e+02;2.8846055e-01;1.7750000e+02;2.3597839e-01;1.7750000e+02;1.8676007e-01;1.7750000e+02;1.4040786e-01;1.7750000e+02;9.4661027e-02;1.7750000e+02;4.9085051e-02;1.7750000e+02;7.2316080e-03;1.7750000e+02;-4.1063081e-02;1.7750000e+02;-8.3185367e-02;1.7750000e+02;-1.2615083e-01;1.7750000e+02;-5.0990567e-02;1.7750000e+02;-7.2521549e-03;1.7750000e+02;6.1806239e-02;1.7750000e+02;1.4133874e-01;1.7750000e+02;2.2818133e-01;1.7750000e+02;2.7790135e-01;1.7750000e+02;2.9042447e-01;1.7750000e+02;3.2231325e-01;1.7750000e+02;2.8846055e-01;1.7750000e+02;2.3597839e-01;1.7750000e+02;1.8676007e-01;1.7750000e+02;1.4040786e-01;1.7750000e+02;9.4661027e-02;1.7750000e+02;4.9085051e-02;1.7750000e+02;7.2316080e-03;1.7750000e+02;-4.1063081e-02;1.7750000e+02;-8.3185367e-02;1.7750000e+02;-1.2615083e-01;1.7750000e+02;-5.0990567e-02;1.7750000e+02;-7.2521549e-03;1.7750000e+02;6.1806239e-02;1.7750000e+02;1.4133874e-01;1.7750000e+02;2.2818133e-01;1.7750000e+02;2.7790135e-01;1.7750000e+02;2.9042447e-01;1.7750000e+02;3.2231325e-01;1.7750000e+02;2.8846055e-01;1.7750000e+02;2.3597839e-01;1.7750000e+02;1.8676007e-01;1.7750000e+02;1.4040786e-01;1.7750000e+02;9.4661027e-02;1.7750000e+02;4.9085051e-02;1.7750000e+02;7.2316080e-03;1.7750000e+02;-4.1063081e-02;1.7750000e+02;-8.3185367e-02;1.7750000e+02;-1.2615083e-01;1.7750000e+02;-5.0990567e-02;1.7750000e+02;-7.2521549e-03;1.7750000e+02;6.1806239e-02;1.7750000e+02;1.4133874e-01;1.7750000e+02;2.2818133e-01;1.7750000e+02;2.7790135e-01;1.7750000e+02;2.9042447e-01;1.7750000e+02;3.2231325e-01;1.7750000e+02;2.8846055e-01;1.7750000e+02;2.3597839e-01;1.7750000e+02;1.8676007e-01;1.7750000e+02;1.4040786e-01;1.7750000e+02;9.4661027e-02;1.7750000e+02;4.9085051e-02;1.7750000e+02;7.2316080e-03;1.7750000e+02;-4.1063081e-02;1.7750000e+02;-8.3185367e-02;1.7750000e+02;-1.2615083e-01;1.7750000e+02;-5.0990567e-02;1.7750000e+02;-7.2521549e-03;1.7750000e+02;6.1806239e-02;1.7750000e+02;1.4133874e-01;1.7750000e+02;2.2818133e-01;1.7750000e+02;2.7790135e-01;1.7750000e+02;2.9042447e-01;1.7750000e+02;3.2231325e-01;1.7750000e+02;2.8846055e-01;1.7750000e+02;2.3597839e-01;1.7750000e+02;1.8676007e-01;1.7750000e+02;1.4040786e-01;1.7750000e+02;9.4661027e-02;1.7750000e+02;4.9085051e-02;1.7750000e+02;7.2316080e-03;1.7750000e+02;-4.1063081e-02;1.7750000e+02;-8.3185367e-02;1.7750000e+02;-1.2615083e-01;1.7750000e+02;-5.0990567e-02;1.7750000e+02;-7.2521549e-03;1.7750000e+02;6.1806239e-02;1.7750000e+02;1.4133874e-01;1.7750000e+02;2.2818133e-01;1.7750000e+02;2.7790135e-01;1.7750000e+02;2.9042447e-01;1.7750000e+02;3.2231325e-01;1.7750000e+02;2.8846055e-01;1.7750000e+02;2.3597839e-01;1.7750000e+02;1.8676007e-01;1.7750000e+02;1.4040786e-01;1.7750000e+02;9.4661027e-02;1.7750000e+02;4.9085051e-02;1.7750000e+02;7.2316080e-03;1.7750000e+02;-4.1063081e-02;1.7750000e+02;-8.3185367e-02;1.7750000e+02;-1.2615083e-01;1.7750000e+02;-5.0990567e-02;1.7750000e+02;-7.2521549e-03;1.7750000e+02;6.1806239e-02;1.7750000e+02;1.4133874e-01;1.7750000e+02;2.2818133e-01;1.7750000e+02;2.7790135e-01;1.7750000e+02;2.9042447e-01;1.7750000e+02;3.2231325e-01;1.7750000e+02;2.8846055e-01;1.7750000e+02;2.3597839e-01;1.7750000e+02;1.8676007e-01;1.7750000e+02;1.4040786e-01;1.7750000e+02;9.4661027e-02;1.7750000e+02;4.9085051e-02;1.7750000e+02;7.2316080e-03;1.7750000e+02;-4.1063081e-02;1.7750000e+02;-8.3185367e-02;1.7750000e+02;-1.2615083e-01;1.7750000e+02;-5.0990567e-02;1.7750000e+02;-7.2521549e-03;1.7750000e+02;6.1806239e-02;1.7750000e+02;1.4133874e-01;1.7750000e+02;2.2818133e-01;1.7750000e+02;2.7790135e-01;1.7750000e+02;2.9042447e-01;1.7750000e+02;3.2231325e-01;1.7750000e+02;2.8846055e-01;1.7750000e+02;2.3597839e-01;1.7750000e+02;1.8676007e-01;1.7750000e+02;1.4040786e-01;1.7750000e+02;9.4661027e-02;1.7750000e+02;4.9085051e-02;1.7750000e+02;7.2316080e-03;1.7750000e+02;-4.1063081e-02;1.7750000e+02;-8.3185367e-02;1.7750000e+02;-1.2615083e-01;1.7750000e+02;-5.0990567e-02;1.7750000e+02;-7.2521549e-03;1.7750000e+02;6.1806239e-02;1.7750000e+02;1.4133874e-01;1.7750000e+02;2.2818133e-01;1.7750000e+02;2.7790135e-01;1.7750000e+02;2.9042447e-01;1.7750000e+02;3.2231325e-01;1.7750000e+02;2.8846055e-01;1.7750000e+02;2.3597839e-01;1.7750000e+02;1.8676007e-01;1.7750000e+02;1.4040786e-01;1.7750000e+02;9.4661027e-02;1.7750000e+02;4.9085051e-02;1.7750000e+02;7.2316080e-03;1.7750000e+02;-4.1063081e-02;1.7750000e+02;-8.3185367e-02;1.7750000e+02;-1.2615083e-01;1.7750000e+02;-5.0990567e-02;1.7750000e+02;-7.2521549e-03;1.7750000e+02;6.1806239e-02;1.7750000e+02;1.4133874e-01;1.7750000e+02;2.2818133e-01;1.7750000e+02;2.7790135e-01;1.7750000e+02;2.9042447e-01;1.7750000e+02;3.2231325e-01;1.7750000e+02;2.8846055e-01;1.7750000e+02;2.3597839e-01;1.7750000e+02;1.8676007e-01;1.7750000e+02;1.4040786e-01;1.7750000e+02;9.4661027e-02;1.7750000e+02;4.9085051e-02;1.7750000e+02;7.2316080e-03;1.7750000e+02;-4.1063081e-02;1.7750000e+02;-8.3185367e-02;1.7750000e+02;-1.2615083e-01;1.7750000e+02;-5.0990567e-02;1.7750000e+02;-7.2521549e-03;1.7750000e+02;6.1806239e-02;1.7750000e+02;1.4133874e-01;1.7750000e+02;2.2818133e-01;1.7750000e+02;2.7790135e-01;1.7750000e+02;2.9042447e-01;1.7750000e+02;3.2231325e-01;1.7750000e+02;2.8846055e-01;1.7750000e+02;2.3597839e-01;1.7750000e+02;1.8676007e-01;1.7750000e+02;1.4040786e-01;1.7750000e+02;9.4661027e-02;1.7750000e+02;4.9085051e-02;1.7750000e+02;7.2316080e-03;1.7750000e+02;-4.1063081e-02;1.7750000e+02;-8.3185367e-02;1.7750000e+02;-1.2615083e-01;1.7750000e+02;-5.0990567e-02;1.7750000e+02;-7.2521549e-03;1.7750000e+02;6.1806239e-02;1.7750000e+02;1.4133874e-01;1.7750000e+02;2.2818133e-01;1.7750000e+02;2.7790135e-01;1.7750000e+02;2.9042447e-01;1.7750000e+02;3.2231325e-01;1.7750000e+02;2.8846055e-01;1.7750000e+02;2.3597839e-01;1.7750000e+02;1.8676007e-01;1.7750000e+02;1.4040786e-01;1.7750000e+02;9.4661027e-02;1.7750000e+02;4.9085051e-02;1.7750000e+02;7.2316080e-03;1.7750000e+02;-4.1063081e-02;1.7750000e+02;-8.3185367e-02;1.7750000e+02;-1.2615083e-01;1.7750000e+02;-5.0990567e-02;1.7750000e+02;-7.2521549e-03;1.7750000e+02;6.1806239e-02;1.7750000e+02;1.4133874e-01;1.7750000e+02;2.2818133e-01;1.7750000e+02;2.7790135e-01;1.7750000e+02;2.9042447e-01;1.7750000e+02;3.2231325e-01;1.7750000e+02;2.8846055e-01;1.7750000e+02;2.3597839e-01;1.7750000e+02;1.8676007e-01;1.7750000e+02;1.4040786e-01;1.7750000e+02;9.4661027e-02;1.7750000e+02;4.9085051e-02;1.7750000e+02;7.2316080e-03;1.7750000e+02;-4.1063081e-02;1.7750000e+02;-8.3185367e-02;1.7750000e+02;-1.2615083e-01;1.7750000e+02;-5.0990567e-02;1.7750000e+02;-7.2521549e-03;1.7750000e+02;6.1806239e-02;1.7750000e+02;1.4133874e-01;1.7750000e+02;2.2818133e-01;1.7750000e+02;2.7790135e-01;1.7750000e+02;2.9042447e-01;1.7750000e+02;3.2231325e-01;1.7750000e+02;2.8846055e-01;1.7750000e+02;2.3597839e-01;1.7750000e+02;1.8676007e-01;1.7750000e+02;1.4040786e-01;1.7750000e+02;9.4661027e-02;1.7750000e+02;4.9085051e-02;1.7750000e+02;7.2316080e-03;1.7750000e+02;-4.1063081e-02;1.7750000e+02;-8.3185367e-02;1.7750000e+02;-1.2615083e-01;1.7750000e+02;-5.0990567e-02;1.7750000e+02;-7.2521549e-03;1.7750000e+02;6.1806239e-02;1.7750000e+02;1.4133874e-01;1.7750000e+02;2.2818133e-01;1.7750000e+02;2.7790135e-01;1.7750000e+02;2.9042447e-01;1.7750000e+02;3.2231325e-01;1.7750000e+02;2.8846055e-01;1.7750000e+02;2.3597839e-01;1.7750000e+02;1.8676007e-01;1.7750000e+02;1.4040786e-01;1.7750000e+02;9.4661027e-02;1.7750000e+02;4.9085051e-02;1.7750000e+02;7.2316080e-03;1.7750000e+02;-4.1063081e-02;1.7750000e+02;-8.3185367e-02;1.7750000e+02;-1.2615083e-01;1.7750000e+02;-5.0990567e-02;1.7750000e+02;-7.2521549e-03;1.7750000e+02;6.1806239e-02;1.7750000e+02;1.4133874e-01;1.7750000e+02;2.2818133e-01;1.7750000e+02;2.7790135e-01;1.7750000e+02;2.9042447e-01;1.7750000e+02;3.2231325e-01;1.7750000e+02;2.8846055e-01;1.7750000e+02;2.3597839e-01;1.7750000e+02;1.8676007e-01;1.7750000e+02;1.4040786e-01;1.7750000e+02;9.4661027e-02;1.7750000e+02;4.9085051e-02;1.7750000e+02;7.2316080e-03;1.7750000e+02;-4.1063081e-02;1.7750000e+02;-8.3185367e-02;1.7750000e+02;-1.2615083e-01;1.7750000e+02;-5.0990567e-02;1.7750000e+02;-7.2521549e-03;1.7750000e+02;6.1806239e-02;1.7750000e+02;1.4133874e-01;1.7750000e+02;2.2818133e-01;1.7750000e+02;2.7790135e-01;1.7750000e+02;2.9042447e-01;1.7750000e+02;3.2231325e-01;1.7750000e+02;2.8846055e-01;1.7750000e+02;2.3597839e-01;1.7750000e+02;1.8676007e-01;1.7750000e+02;1.4040786e-01;1.7750000e+02;9.4661027e-02;1.7750000e+02;4.9085051e-02;1.7750000e+02;7.2316080e-03;1.7750000e+02;-4.1063081e-02;1.7750000e+02;-8.3185367e-02;1.7750000e+02;-1.2615083e-01;1.7750000e+02;-5.0990567e-02;1.7750000e+02;-7.2521549e-03;1.7750000e+02;6.1806239e-02;1.7750000e+02;1.4133874e-01;1.7750000e+02;2.2818133e-01;1.7750000e+02;2.7790135e-01;1.7750000e+02;2.9042447e-01;1.7750000e+02;3.2231325e-01;1.7750000e+02;2.8846055e-01;1.7750000e+02;2.3597839e-01;1.7750000e+02;1.8676007e-01;1.7750000e+02;1.4040786e-01;1.7750000e+02;9.4661027e-02;1.7750000e+02;4.9085051e-02;1.7750000e+02;7.2316080e-03;1.7750000e+02;-4.1063081e-02;1.7750000e+02;-8.3185367e-02;1.7750000e+02;-1.2615083e-01;1.7750000e+02;-5.0990567e-02;1.7750000e+02;-7.2521549e-03;1.7750000e+02;6.1806239e-02;1.7750000e+02;1.4133874e-01;1.7750000e+02;2.2818133e-01;1.7750000e+02;2.7790135e-01;1.7750000e+02;2.9042447e-01;1.7750000e+02;3.2231325e-01;1.7750000e+02;2.8846055e-01;1.7750000e+02;2.3597839e-01;1.7750000e+02;1.8676007e-01;1.7750000e+02;1.4040786e-01;1.7750000e+02;9.4661027e-02;1.7750000e+02;4.9085051e-02;1.7750000e+02;7.2316080e-03;1.7750000e+02;-4.1063081e-02;1.7750000e+02;-8.3185367e-02;1.7750000e+02;-1.2615083e-01;1.7750000e+02;-5.0990567e-02;1.7750000e+02;-7.2521549e-03;1.7750000e+02;6.1806239e-02;1.7750000e+02;1.4133874e-01;1.7750000e+02;2.2818133e-01;1.7750000e+02;2.7790135e-01;1.7750000e+02;2.9042447e-01;1.7750000e+02;3.2231325e-01;1.7750000e+02;2.8846055e-01;1.7750000e+02;2.3597839e-01;1.7750000e+02;1.8676007e-01;1.7750000e+02;1.4040786e-01;1.7750000e+02;9.4661027e-02;1.7750000e+02;4.9085051e-02;1.7750000e+02;7.2316080e-03;1.7750000e+02;-4.1063081e-02;1.7750000e+02;-8.3185367e-02;1.7750000e+02;-1.2615083e-01;1.7750000e+02;-5.0990567e-02;1.7750000e+02;-7.2521549e-03;1.7750000e+02;6.1806239e-02;1.7750000e+02;1.4133874e-01;1.7750000e+02;2.2818133e-01;1.7750000e+02;2.7790135e-01;1.7750000e+02;2.9042447e-01;1.7750000e+02;3.2231325e-01;1.7750000e+02;2.8846055e-01;1.7750000e+02;2.3597839e-01;1.7750000e+02;1.8676007e-01;1.7750000e+02;1.4040786e-01;1.7750000e+02;9.4661027e-02;1.7750000e+02;4.9085051e-02;1.7750000e+02;7.2316080e-03;1.7750000e+02;-4.1063081e-02;1.7750000e+02;-8.3185367e-02;1.7750000e+02;-1.2615083e-01;1.7750000e+02;-5.0990567e-02;1.7750000e+02;-7.2521549e-03;1.7750000e+02;6.1806239e-02;1.7750000e+02;1.4133874e-01;1.7750000e+02;2.2818133e-01;1.7750000e+02;2.7790135e-01;1.7750000e+02;2.9042447e-01;1.7750000e+02;3.2231325e-01;1.7750000e+02;2.8846055e-01;1.7750000e+02;2.3597839e-01;1.7750000e+02;1.8676007e-01;1.7750000e+02;1.4040786e-01;1.7750000e+02;9.4661027e-02;1.7750000e+02;4.9085051e-02;1.7750000e+02;7.2316080e-03;1.7750000e+02;-4.1063081e-02;1.7750000e+02;-8.3185367e-02;1.7750000e+02;-1.2615083e-01;1.7750000e+02;-5.0990567e-02;1.7750000e+02;-7.2521549e-03;1.7750000e+02;6.1806239e-02;1.7750000e+02;1.4133874e-01;1.7750000e+02;2.2818133e-01;1.7750000e+02;2.7790135e-01;1.7750000e+02;2.9042447e-01;1.7750000e+02;3.2231325e-01;1.7750000e+02;2.8846055e-01;1.7750000e+02;2.3597839e-01;1.7750000e+02;1.8676007e-01;1.7750000e+02;1.4040786e-01;1.7750000e+02;9.4661027e-02;1.7750000e+02;4.9085051e-02;1.7750000e+02;7.2316080e-03;1.7750000e+02;-4.1063081e-02;1.7750000e+02;-8.3185367e-02;1.7750000e+02;-1.2615083e-01;1.7750000e+02;-5.0990567e-02;1.7750000e+02;-7.2521549e-03;1.7750000e+02;6.1806239e-02;1.7750000e+02;1.4133874e-01;1.7750000e+02;2.2818133e-01;1.7750000e+02;2.7790135e-01;1.7750000e+02;2.9042447e-01;1.7750000e+02;3.2231325e-01;1.7750000e+02;2.8846055e-01;1.7750000e+02;2.3597839e-01;1.7750000e+02;1.8676007e-01;1.7750000e+02;1.4040786e-01;1.7750000e+02;9.4661027e-02;1.7750000e+02;4.9085051e-02;1.7750000e+02;7.2316080e-03;1.7750000e+02;-4.1063081e-02;1.7750000e+02;-8.3185367e-02;1.7750000e+02;-1.2615083e-01;1.7750000e+02;-5.0990567e-02;1.7750000e+02;-7.2521549e-03;1.7750000e+02;6.1806239e-02;1.7750000e+02;1.4133874e-01;1.7750000e+02;2.2818133e-01;1.7750000e+02;2.7790135e-01;1.7750000e+02;2.9042447e-01;1.7750000e+02;3.2231325e-01;1.7750000e+02;2.8846055e-01;1.7750000e+02;2.3597839e-01;1.7750000e+02;1.8676007e-01;1.7750000e+02;1.4040786e-01;1.7750000e+02;9.4661027e-02;1.7750000e+02;4.9085051e-02;1.7750000e+02;7.2316080e-03;1.7750000e+02;-4.1063081e-02;1.7750000e+02;-8.3185367e-02;1.7750000e+02;-1.2615083e-01;1.7750000e+02;-5.0990567e-02;1.7750000e+02;-7.2521549e-03;1.7750000e+02;6.1806239e-02;1.7750000e+02;1.4133874e-01;1.7750000e+02;2.2818133e-01;1.7750000e+02;2.7790135e-01;1.7750000e+02;2.9042447e-01;1.7750000e+02;3.2231325e-01;1.7750000e+02;2.8846055e-01;1.7750000e+02;2.3597839e-01;1.7750000e+02;1.8676007e-01;1.7750000e+02;1.4040786e-01;1.7750000e+02;9.4661027e-02;1.7750000e+02;4.9085051e-02;1.7750000e+02;7.2316080e-03;1.7750000e+02;-4.1063081e-02;1.7750000e+02;-8.3185367e-02;1.7750000e+02;-1.2615083e-01;1.7750000e+02;-5.0990567e-02;1.7750000e+02;-7.2521549e-03;1.7750000e+02;6.1806239e-02;1.7750000e+02;1.4133874e-01;1.7750000e+02;2.2818133e-01;1.7750000e+02;2.7790135e-01;1.7750000e+02;2.9042447e-01;1.7750000e+02;3.2231325e-01;1.7750000e+02;2.8846055e-01;1.7750000e+02;2.3597839e-01;1.7750000e+02;1.8676007e-01;1.7750000e+02;1.4040786e-01;1.7750000e+02;9.4661027e-02;1.7750000e+02;4.9085051e-02;1.7750000e+02;7.2316080e-03;1.7750000e+02;-4.1063081e-02;1.7750000e+02;-8.3185367e-02;1.7750000e+02;-1.2615083e-01;1.7750000e+02;-5.0990567e-02;1.7750000e+02;-7.2521549e-03;1.7750000e+02;6.1806239e-02;1.7750000e+02;1.4133874e-01;1.7750000e+02;2.2818133e-01;1.7750000e+02;2.7790135e-01;1.7750000e+02;2.9042447e-01;1.7750000e+02;3.2231325e-01;1.7750000e+02;2.8846055e-01;1.7750000e+02;2.3597839e-01;1.7750000e+02;1.8676007e-01;1.7750000e+02;1.4040786e-01;1.7750000e+02;9.4661027e-02;1.7750000e+02;4.9085051e-02;1.7750000e+02;7.2316080e-03;1.7750000e+02;-4.1063081e-02;1.7750000e+02;-8.3185367e-02;1.7750000e+02;-1.2615083e-01;1.7750000e+02;-5.0990567e-02;1.7750000e+02;-7.2521549e-03;1.7750000e+02;6.1806239e-02;1.7750000e+02;1.4133874e-01;1.7750000e+02;2.2818133e-01;1.7750000e+02;2.7790135e-01;1.7750000e+02;2.9042447e-01;1.7750000e+02;3.2231325e-01;1.7750000e+02;2.8846055e-01;1.7750000e+02;2.3597839e-01;1.7750000e+02;1.8676007e-01;1.7750000e+02;1.4040786e-01;1.7750000e+02;9.4661027e-02;1.7750000e+02;4.9085051e-02;1.7750000e+02;7.2316080e-03;1.7750000e+02;-4.1063081e-02;1.7750000e+02;-8.3185367e-02;1.7750000e+02;-1.2615083e-01;1.7750000e+02;-5.0990567e-02;1.7750000e+02;-7.2521549e-03;1.7750000e+02;6.1806239e-02;1.7750000e+02;1.4133874e-01;1.7750000e+02;2.2818133e-01;1.7750000e+02;2.7790135e-01;1.7750000e+02;2.9042447e-01;1.7750000e+02;3.2231325e-01;1.7750000e+02;2.8846055e-01;1.7750000e+02;2.3597839e-01;1.7750000e+02;1.8676007e-01;1.7750000e+02;1.4040786e-01;1.7750000e+02;9.4661027e-02;1.7750000e+02;4.9085051e-02;1.7750000e+02;7.2316080e-03;1.7750000e+02;-4.1063081e-02;1.7750000e+02;-8.3185367e-02;1.7750000e+02;-1.2615083e-01;1.7750000e+02;-5.0990567e-02;1.7750000e+02;-7.2521549e-03;1.7750000e+02;6.1806239e-02;1.7750000e+02;1.4133874e-01;1.7750000e+02;2.2818133e-01;1.7750000e+02;2.7790135e-01;1.7750000e+02;2.9042447e-01;1.7750000e+02;3.2231325e-01;1.7750000e+02;2.8846055e-01;1.7750000e+02;2.3597839e-01;1.7750000e+02;1.8676007e-01;1.7750000e+02;1.4040786e-01;1.7750000e+02;9.4661027e-02;1.7750000e+02;4.9085051e-02;1.7750000e+02;7.2316080e-03;1.7750000e+02;-4.1063081e-02;1.7750000e+02;-8.3185367e-02;1.7750000e+02;-1.2615083e-01;1.7750000e+02;-5.0990567e-02;1.7750000e+02;-7.2521549e-03;1.7750000e+02;6.1806239e-02;1.7750000e+02;1.4133874e-01;1.7750000e+02;2.2818133e-01;1.7750000e+02;2.7790135e-01;1.7750000e+02;2.9042447e-01;1.7750000e+02;3.2231325e-01;1.7750000e+02;2.8846055e-01;1.7750000e+02;2.3597839e-01;1.7750000e+02;1.8676007e-01;1.7750000e+02;1.4040786e-01;1.7750000e+02;9.4661027e-02;1.7750000e+02;4.9085051e-02;1.7750000e+02;7.2316080e-03;1.7750000e+02;-4.1063081e-02;1.7750000e+02;-8.3185367e-02;1.7750000e+02;-1.2615083e-01;1.7750000e+02;-5.0990567e-02;1.7750000e+02;-7.2521549e-03;1.7750000e+02;6.1806239e-02;1.7750000e+02;1.4133874e-01;1.7750000e+02;2.2818133e-01;1.7750000e+02;2.7790135e-01;1.7750000e+02;2.9042447e-01;1.7750000e+02;3.2231325e-01;1.7750000e+02;2.8846055e-01;1.7750000e+02;2.3597839e-01;1.7750000e+02;1.8676007e-01;1.7750000e+02;1.4040786e-01;1.7750000e+02;9.4661027e-02;1.7750000e+02;4.9085051e-02;1.7750000e+02;7.2316080e-03;1.7750000e+02;-4.1063081e-02;1.7750000e+02;-8.3185367e-02;1.7750000e+02;-1.2615083e-01;1.7750000e+02;-5.0990567e-02;1.7750000e+02;-7.2521549e-03;1.7750000e+02;6.1806239e-02;1.7750000e+02;1.4133874e-01;1.7750000e+02;2.2818133e-01;1.7750000e+02;2.7790135e-01;1.7750000e+02;2.9042447e-01;1.7750000e+02;3.2231325e-01;1.7750000e+02;2.8846055e-01;1.7750000e+02;2.3597839e-01;1.7750000e+02;1.8676007e-01;1.7750000e+02;1.4040786e-01;1.7750000e+02;9.4661027e-02;1.7750000e+02;4.9085051e-02;1.7750000e+02;7.2316080e-03;1.7750000e+02;-4.1063081e-02;1.7750000e+02;-8.3185367e-02;1.7750000e+02;-1.2615083e-01;1.7750000e+02;-5.0990567e-02;1.7750000e+02;-7.2521549e-03;1.7750000e+02;6.1806239e-02;1.7750000e+02;1.4133874e-01;1.7750000e+02;2.2818133e-01;1.7750000e+02;2.7790135e-01;1.7750000e+02;2.9042447e-01;1.7750000e+02;3.2231325e-01;1.7750000e+02;2.8846055e-01;1.7750000e+02;2.3597839e-01;1.7750000e+02;1.8676007e-01;1.7750000e+02;1.4040786e-01;1.7750000e+02;9.4661027e-02;1.7750000e+02;4.9085051e-02;1.7750000e+02;7.2316080e-03;1.7750000e+02;-4.1063081e-02;1.7750000e+02;-8.3185367e-02;1.7750000e+02;-1.2615083e-01;1.7750000e+02;-5.0990567e-02;1.7750000e+02;-7.2521549e-03;1.7750000e+02;6.1806239e-02;1.7750000e+02;1.4133874e-01;1.7750000e+02;2.2818133e-01;1.7750000e+02;2.7790135e-01;1.7750000e+02;2.9042447e-01;1.7750000e+02;3.2231325e-01;1.7750000e+02;2.8846055e-01;1.7750000e+02;2.3597839e-01;1.7750000e+02;1.8676007e-01;1.7750000e+02;1.4040786e-01;1.7750000e+02;9.4661027e-02;1.7750000e+02;4.9085051e-02;1.7750000e+02;7.2316080e-03;1.7750000e+02;-4.1063081e-02;1.7750000e+02;-8.3185367e-02;1.7750000e+02;-1.2615083e-01;1.7750000e+02;-5.0990567e-02;1.7750000e+02;-7.2521549e-03;1.7750000e+02;6.1806239e-02;1.7750000e+02;1.4133874e-01;1.7750000e+02;2.2818133e-01;1.7750000e+02;2.7790135e-01;1.7750000e+02;2.9042447e-01;1.7750000e+02;3.2231325e-01;1.7750000e+02;2.8846055e-01;1.7750000e+02;2.3597839e-01;1.7750000e+02;1.8676007e-01;1.7750000e+02;1.4040786e-01;1.7750000e+02;9.4661027e-02;1.7750000e+02;4.9085051e-02;1.7750000e+02;7.2316080e-03;1.7750000e+02;-4.1063081e-02;1.7750000e+02;-8.3185367e-02;1.7750000e+02;-1.2615083e-01;1.7750000e+02;-5.0990567e-02;1.7750000e+02;-7.2521549e-03;1.7750000e+02;6.1806239e-02;1.7750000e+02;1.4133874e-01;1.7750000e+02;2.2818133e-01;1.7750000e+02;2.7790135e-01;1.7750000e+02;2.9042447e-01;1.7750000e+02;3.2231325e-01;1.7750000e+02;2.8846055e-01;1.7750000e+02;2.3597839e-01;1.7750000e+02;1.8676007e-01;1.7750000e+02;1.4040786e-01;1.7750000e+02;9.4661027e-02;1.7750000e+02;4.9085051e-02;1.7750000e+02;7.2316080e-03;1.7750000e+02;-4.1063081e-02;1.7750000e+02;-8.3185367e-02;1.7750000e+02;-1.2615083e-01;1.7750000e+02;-5.0990567e-02;1.7750000e+02;-7.2521549e-03;1.7750000e+02;6.1806239e-02;1.7750000e+02;1.4133874e-01;1.7750000e+02;2.2818133e-01;1.7750000e+02;2.7790135e-01;1.7750000e+02;2.9042447e-01;1.7750000e+02;3.2231325e-01;1.7750000e+02;2.8846055e-01;1.7750000e+02;2.3597839e-01;1.7750000e+02;1.8676007e-01;1.7750000e+02;1.4040786e-01;1.7750000e+02;9.4661027e-02;1.7750000e+02;4.9085051e-02;1.7750000e+02;7.2316080e-03;1.7750000e+02;-4.1063081e-02;1.7750000e+02;-8.3185367e-02;1.7750000e+02;-1.2615083e-01;1.7750000e+02;-5.0990567e-02;1.7750000e+02;-7.2521549e-03;1.7750000e+02;6.1806239e-02;1.7750000e+02;1.4133874e-01;1.7750000e+02;2.2818133e-01;1.7750000e+02;2.7790135e-01;1.7750000e+02;2.9042447e-01;1.7750000e+02;3.2231325e-01;1.7750000e+02;2.8846055e-01;1.7750000e+02;2.3597839e-01;1.7750000e+02;1.8676007e-01;1.7750000e+02;1.4040786e-01;1.7750000e+02;9.4661027e-02;1.7750000e+02;4.9085051e-02;1.7750000e+02;7.2316080e-03;1.7750000e+02;-4.1063081e-02;1.7750000e+02;-8.3185367e-02;1.7750000e+02;-1.2615083e-01;1.7750000e+02;-5.0990567e-02;1.7750000e+02;-7.2521549e-03;1.7750000e+02;6.1806239e-02;1.7750000e+02;1.4133874e-01;1.7750000e+02;2.2818133e-01;1.7750000e+02;2.7790135e-01;1.7750000e+02;2.9042447e-01;1.7750000e+02;3.2231325e-01;1.7750000e+02;2.8846055e-01;1.7750000e+02;2.3597839e-01;1.7750000e+02;1.8676007e-01;1.7750000e+02;1.4040786e-01;1.7750000e+02;9.4661027e-02;1.7750000e+02;4.9085051e-02;1.7750000e+02;7.2316080e-03;1.7750000e+02;-4.1063081e-02;1.7750000e+02;-8.3185367e-02;1.7750000e+02;-1.2615083e-01;1.7750000e+02;-5.0990567e-02;1.7750000e+02;-7.2521549e-03;1.7750000e+02;6.1806239e-02;1.7750000e+02;1.4133874e-01;1.7750000e+02;2.2818133e-01;1.7750000e+02;2.7790135e-01;1.7750000e+02;2.9042447e-01;1.7750000e+02;3.2231325e-01;1.7750000e+02;2.8846055e-01;1.7750000e+02;2.3597839e-01;1.7750000e+02;1.8676007e-01;1.7750000e+02;1.4040786e-01;1.7750000e+02;9.4661027e-02;1.7750000e+02;4.9085051e-02;1.7750000e+02;7.2316080e-03;1.7750000e+02;-4.1063081e-02;1.7750000e+02;-8.3185367e-02;1.7750000e+02;-1.2615083e-01;1.7750000e+02;-5.0990567e-02;1.7750000e+02;-7.2521549e-03;1.7750000e+02;6.1806239e-02;1.7750000e+02;1.4133874e-01;1.7750000e+02;2.2818133e-01;1.7750000e+02;2.7790135e-01;1.7750000e+02;2.9042447e-01;1.7750000e+02;3.2231325e-01;1.7750000e+02;2.8846055e-01;1.7750000e+02;2.3597839e-01;1.7750000e+02;1.8676007e-01;1.7750000e+02;1.4040786e-01;1.7750000e+02;9.4661027e-02;1.7750000e+02;4.9085051e-02;1.7750000e+02;7.2316080e-03;1.7750000e+02;-4.1063081e-02;1.7750000e+02;-8.3185367e-02;1.7750000e+02;-1.2615083e-01;1.7750000e+02;-5.0990567e-02;1.7750000e+02;-7.2521549e-03;1.7750000e+02;6.1806239e-02;1.7750000e+02;1.4133874e-01;1.7750000e+02;2.2818133e-01;1.7750000e+02;2.7790135e-01;1.7750000e+02;2.9042447e-01;1.7750000e+02;3.2231325e-01;1.7750000e+02;2.8846055e-01;1.7750000e+02;2.3597839e-01;1.7750000e+02;1.8676007e-01;1.7750000e+02;1.4040786e-01;1.7750000e+02;9.4661027e-02;1.7750000e+02;4.9085051e-02;1.7750000e+02;7.2316080e-03;1.7750000e+02;-4.1063081e-02;1.7750000e+02;-8.3185367e-02;1.7750000e+02;-1.2615083e-01;1.7750000e+02;-5.0990567e-02;1.7750000e+02;-7.2521549e-03;1.7750000e+02;6.1806239e-02;1.7750000e+02;1.4133874e-01;1.7750000e+02;2.2818133e-01;1.7750000e+02;2.7790135e-01;1.7750000e+02;2.9042447e-01;1.7750000e+02;3.2231325e-01;1.7750000e+02;2.8846055e-01;1.7750000e+02;2.3597839e-01;1.7750000e+02;1.8676007e-01;1.7750000e+02;1.4040786e-01;1.7750000e+02;9.4661027e-02;1.7750000e+02;4.9085051e-02;1.7750000e+02;7.2316080e-03;1.7750000e+02;-4.1063081e-02;1.7750000e+02;-8.3185367e-02;1.7750000e+02;-1.2615083e-01;1.7750000e+02;-5.0990567e-02;1.7750000e+02;-7.2521549e-03;1.7750000e+02;6.1806239e-02;1.7750000e+02;1.4133874e-01;1.7750000e+02;2.2818133e-01;1.7750000e+02;2.7790135e-01;1.7750000e+02;2.9042447e-01;1.7750000e+02;3.2231325e-01;1.7750000e+02;2.8846055e-01;1.7750000e+02;2.3597839e-01;1.7750000e+02;1.8676007e-01;1.7750000e+02;1.4040786e-01;1.7750000e+02;9.4661027e-02;1.7750000e+02;4.9085051e-02;1.7750000e+02;7.2316080e-03;1.7750000e+02;-4.1063081e-02;1.7750000e+02;-8.3185367e-02;1.7750000e+02;-1.2615083e-01;1.7750000e+02;-5.0990567e-02;1.7750000e+02;-7.2521549e-03;1.7750000e+02;6.1806239e-02;1.7750000e+02;1.4133874e-01;1.7750000e+02;2.2818133e-01;1.7750000e+02;2.7790135e-01;1.7750000e+02;2.9042447e-01;1.7750000e+02;3.2231325e-01;1.7750000e+02;2.8846055e-01;1.7750000e+02;2.3597839e-01;1.7750000e+02;1.8676007e-01;1.7750000e+02;1.4040786e-01;1.7750000e+02;9.4661027e-02;1.7750000e+02;4.9085051e-02;1.7750000e+02;7.2316080e-03;1.7750000e+02;-4.1063081e-02;1.7750000e+02;-8.3185367e-02;1.7750000e+02;-1.2615083e-01;1.7750000e+02;-5.0990567e-02;1.7750000e+02;-7.2521549e-03;1.7750000e+02;6.1806239e-02;1.7750000e+02;1.4133874e-01;1.7750000e+02;2.2818133e-01;1.7750000e+02;2.7790135e-01;1.7750000e+02;2.9042447e-01;1.7750000e+02;3.2231325e-01;1.7750000e+02;2.8846055e-01;1.7750000e+02;2.3597839e-01;1.7750000e+02;1.8676007e-01;1.7750000e+02;1.4040786e-01;1.7750000e+02;9.4661027e-02;1.7750000e+02;4.9085051e-02;1.7750000e+02;7.2316080e-03;1.7750000e+02;-4.1063081e-02;1.7750000e+02;-8.3185367e-02;1.7750000e+02;-1.2615083e-01;1.7750000e+02;-5.0990567e-02;1.7750000e+02;-7.2521549e-03;1.7750000e+02;6.1806239e-02;1.7750000e+02;1.4133874e-01;1.7750000e+02;2.2818133e-01;1.7750000e+02;2.7790135e-01;1.7750000e+02;2.9042447e-01;1.7750000e+02;3.2231325e-01;1.7750000e+02;2.8846055e-01;1.7750000e+02;2.3597839e-01;1.7750000e+02;1.8676007e-01;1.7750000e+02;1.4040786e-01;1.7750000e+02;9.4661027e-02;1.7750000e+02;4.9085051e-02;1.7750000e+02;7.2316080e-03;1.7750000e+02;-4.1063081e-02;1.7750000e+02;-8.3185367e-02;1.7750000e+02;-1.2615083e-01;1.7750000e+02;-5.0990567e-02;1.7750000e+02;-7.2521549e-03;1.7750000e+02;6.1806239e-02;1.7750000e+02;1.4133874e-01;1.7750000e+02;2.2818133e-01;1.7750000e+02;2.7790135e-01;1.7750000e+02;2.9042447e-01;1.7750000e+02;3.2231325e-01;1.7750000e+02;2.8846055e-01;1.7750000e+02;2.3597839e-01;1.7750000e+02;1.8676007e-01;1.7750000e+02;1.4040786e-01;1.7750000e+02;9.4661027e-02;1.7750000e+02;4.9085051e-02;1.7750000e+02;7.2316080e-03;1.7750000e+02;-4.1063081e-02;1.7750000e+02;-8.3185367e-02;1.7750000e+02;-1.2615083e-01;1.7750000e+02;-5.0990567e-02;1.7750000e+02;-7.2521549e-03;1.7750000e+02;6.1806239e-02;1.7750000e+02;1.4133874e-01;1.7750000e+02;2.2818133e-01;1.7750000e+02;2.7790135e-01;1.7750000e+02;2.9042447e-01;1.7750000e+02;3.2231325e-01;1.7750000e+02;2.8846055e-01;1.7750000e+02;2.3597839e-01;1.7750000e+02;1.8676007e-01;1.7750000e+02;1.4040786e-01;1.7750000e+02;9.4661027e-02;1.7750000e+02;4.9085051e-02;1.7750000e+02;7.2316080e-03;1.7750000e+02;-4.1063081e-02;1.7750000e+02;-8.3185367e-02;1.7750000e+02;-1.2615083e-01;1.7750000e+02;-5.0990567e-02;1.7750000e+02;-7.2521549e-03;1.7750000e+02;6.1806239e-02;1.7750000e+02;1.4133874e-01;1.7750000e+02;2.2818133e-01;1.7750000e+02;2.7790135e-01;1.7750000e+02;2.9042447e-01;1.7750000e+02;3.2231325e-01;1.7750000e+02;2.8846055e-01;1.7750000e+02;2.3597839e-01;1.7750000e+02;1.8676007e-01;1.7750000e+02;1.4040786e-01;1.7750000e+02;9.4661027e-02;1.7750000e+02;4.9085051e-02;1.7750000e+02;7.2316080e-03;1.7750000e+02;-4.1063081e-02;1.7750000e+02;-8.3185367e-02;1.7750000e+02;-1.2615083e-01;1.7750000e+02;-5.0990567e-02;1.7750000e+02;-7.2521549e-03;1.7750000e+02;6.1806239e-02;1.7750000e+02;1.4133874e-01;1.7750000e+02;2.2818133e-01;1.7750000e+02;2.7790135e-01;1.7750000e+02;2.9042447e-01;1.7750000e+02;3.2231325e-01;1.7750000e+02;2.8846055e-01;1.7750000e+02;2.3597839e-01;1.7750000e+02;1.8676007e-01;1.7750000e+02;1.4040786e-01;1.7750000e+02;9.4661027e-02;1.7750000e+02;4.9085051e-02;1.7750000e+02;7.2316080e-03;1.7750000e+02;-4.1063081e-02;1.7750000e+02;-8.3185367e-02;1.7750000e+02;-1.2615083e-01;1.7750000e+02;-5.0990567e-02;1.7750000e+02;-7.2521549e-03;1.7750000e+02;6.1806239e-02;1.7750000e+02;1.4133874e-01;1.7750000e+02;2.2818133e-01;1.7750000e+02;2.7790135e-01;1.7750000e+02;2.9042447e-01;1.7750000e+02;3.2231325e-01;1.7750000e+02;2.8846055e-01;1.7750000e+02;2.3597839e-01;1.7750000e+02;1.8676007e-01;1.7750000e+02;1.4040786e-01;1.7750000e+02;9.4661027e-02;1.7750000e+02;4.9085051e-02;1.7750000e+02;7.2316080e-03;1.7750000e+02;-4.1063081e-02;1.7750000e+02;-8.3185367e-02;1.7750000e+02;-1.2615083e-01;1.7750000e+02;-5.0990567e-02;1.7750000e+02;-7.2521549e-03;1.7750000e+02;6.1806239e-02;1.7750000e+02;1.4133874e-01;1.7750000e+02;2.2818133e-01;1.7750000e+02;2.7790135e-01;1.7750000e+02;2.9042447e-01;1.7750000e+02;3.2231325e-01;1.7750000e+02;2.8846055e-01;1.7750000e+02;2.3597839e-01;1.7750000e+02;1.8676007e-01;1.7750000e+02;1.4040786e-01;1.7750000e+02;9.4661027e-02;1.7750000e+02;4.9085051e-02;1.7750000e+02;7.2316080e-03;1.7750000e+02;-4.1063081e-02;1.7750000e+02;-8.3185367e-02;1.7750000e+02;-1.2615083e-01;1.7750000e+02;-5.0990567e-02;1.7750000e+02;-7.2521549e-03;1.7750000e+02;6.1806239e-02;1.7750000e+02;1.4133874e-01;1.7750000e+02;2.2818133e-01;1.7750000e+02;2.7790135e-01;1.7750000e+02;2.9042447e-01;1.7750000e+02;3.2231325e-01;1.7750000e+02;2.8846055e-01;1.7750000e+02;2.3597839e-01;1.7750000e+02;1.8676007e-01;1.7750000e+02;1.4040786e-01;1.7750000e+02;9.4661027e-02;1.7750000e+02;4.9085051e-02;1.7750000e+02;7.2316080e-03;1.7750000e+02;-4.1063081e-02;1.7750000e+02;-8.3185367e-02;1.7750000e+02;-1.2615083e-01;1.7750000e+02;-5.0990567e-02;1.7750000e+02;-7.2521549e-03;1.7750000e+02;6.1806239e-02;1.7750000e+02;1.4133874e-01;1.7750000e+02;2.2818133e-01;1.7750000e+02;2.7790135e-01;1.7750000e+02;2.9042447e-01;1.7750000e+02;3.2231325e-01;1.7750000e+02;2.8846055e-01;1.7750000e+02;2.3597839e-01;1.7750000e+02;1.8676007e-01;1.7750000e+02;1.4040786e-01;1.7750000e+02;9.4661027e-02;1.7750000e+02;4.9085051e-02;1.7750000e+02;7.2316080e-03;1.7750000e+02;-4.1063081e-02;1.7750000e+02;-8.3185367e-02;1.7750000e+02;-1.2615083e-01;1.7750000e+02;-5.0990567e-02;1.7750000e+02;-7.2521549e-03;1.7750000e+02;6.1806239e-02;1.7750000e+02;1.4133874e-01;1.7750000e+02;2.2818133e-01;1.7750000e+02;2.7790135e-01;1.7750000e+02;2.9042447e-01;1.7750000e+02;3.2231325e-01;1.7750000e+02;2.8846055e-01;1.7750000e+02;2.3597839e-01;1.7750000e+02;1.8676007e-01;1.7750000e+02;1.4040786e-01;1.7750000e+02;9.4661027e-02;1.7750000e+02;4.9085051e-02;1.7750000e+02;7.2316080e-03;1.7750000e+02;-4.1063081e-02;1.7750000e+02;-8.3185367e-02;1.7750000e+02;-1.2615083e-01;1.7750000e+02;-5.0990567e-02;1.7750000e+02;-7.2521549e-03;1.7750000e+02;6.1806239e-02;1.7750000e+02;1.4133874e-01;1.7750000e+02;2.2818133e-01;1.7750000e+02;2.7790135e-01;1.7750000e+02;2.9042447e-01;1.7750000e+02;3.2231325e-01;1.7750000e+02;2.8846055e-01;1.7750000e+02;2.3597839e-01;1.7750000e+02;1.8676007e-01;1.7750000e+02;1.4040786e-01;1.7750000e+02;9.4661027e-02;1.7750000e+02;4.9085051e-02;1.7750000e+02;7.2316080e-03;1.7750000e+02;-4.1063081e-02;1.7750000e+02;-8.3185367e-02;1.7750000e+02;-1.2615083e-01;1.7750000e+02;-5.0990567e-02;1.7750000e+02;-7.2521549e-03;1.7750000e+02;6.1806239e-02;1.7750000e+02;1.4133874e-01;1.7750000e+02;2.2818133e-01;1.7750000e+02;2.7790135e-01;1.7750000e+02;2.9042447e-01;1.7750000e+02;3.2231325e-01;1.7750000e+02;2.8846055e-01;1.7750000e+02;2.3597839e-01;1.7750000e+02;1.8676007e-01;1.7750000e+02;1.4040786e-01;1.7750000e+02;9.4661027e-02;1.7750000e+02;4.9085051e-02;1.7750000e+02;7.2316080e-03;1.7750000e+02;-4.1063081e-02;1.7750000e+02;-8.3185367e-02;1.7750000e+02;-1.2615083e-01;1.7750000e+02;-5.0990567e-02;1.7750000e+02;-7.2521549e-03;1.7750000e+02;6.1806239e-02;1.7750000e+02;1.4133874e-01;1.7750000e+02;2.2818133e-01;1.7750000e+02;2.7790135e-01;1.7750000e+02;2.9042447e-01;1.7750000e+02;3.2231325e-01;1.7750000e+02;2.8846055e-01;1.7750000e+02;2.3597839e-01;1.7750000e+02;1.8676007e-01;1.7750000e+02;1.4040786e-01;1.7750000e+02;9.4661027e-02;1.7750000e+02;4.9085051e-02;1.7750000e+02;7.2316080e-03;1.7750000e+02;-4.1063081e-02;1.7750000e+02;-8.3185367e-02;1.7750000e+02;-1.2615083e-01;1.7750000e+02;-5.0990567e-02;1.7750000e+02;-7.2521549e-03;1.7750000e+02;6.1806239e-02;1.7750000e+02;1.4133874e-01;1.7750000e+02;2.2818133e-01;1.7750000e+02;2.7790135e-01;1.7750000e+02;2.9042447e-01;1.7750000e+02;3.2231325e-01;1.7750000e+02;2.8846055e-01;1.7750000e+02;2.3597839e-01;1.7750000e+02;1.8676007e-01;1.7750000e+02;1.4040786e-01;1.7750000e+02;9.4661027e-02;1.7750000e+02;4.9085051e-02;1.7750000e+02;7.2316080e-03;1.7750000e+02;-4.1063081e-02;1.7750000e+02;-8.3185367e-02;1.7750000e+02;-1.2615083e-01;1.7750000e+02;-5.0990567e-02;1.7750000e+02;-7.2521549e-03;1.7750000e+02;6.1806239e-02;1.7750000e+02;1.4133874e-01;1.7750000e+02;2.2818133e-01;1.7750000e+02;2.7790135e-01;1.7750000e+02;2.9042447e-01;1.7750000e+02;3.2231325e-01;1.7750000e+02;2.8846055e-01;1.7750000e+02;2.3597839e-01;1.7750000e+02;1.8676007e-01;1.7750000e+02;1.4040786e-01;1.7750000e+02;9.4661027e-02;1.7750000e+02;4.9085051e-02;1.7750000e+02;7.2316080e-03;1.7750000e+02;-4.1063081e-02;1.7750000e+02;-8.3185367e-02;1.7750000e+02;-1.2615083e-01;1.7750000e+02;-5.0990567e-02;1.7750000e+02;-7.2521549e-03;1.7750000e+02;6.1806239e-02;1.7750000e+02;1.4133874e-01;1.7750000e+02;2.2818133e-01;1.7750000e+02;2.7790135e-01;1.7750000e+02;2.9042447e-01;1.7750000e+02;3.2231325e-01;1.7750000e+02;2.8846055e-01;1.7750000e+02;2.3597839e-01;1.7750000e+02;1.8676007e-01;1.7750000e+02;1.4040786e-01;1.7750000e+02;9.4661027e-02;1.7750000e+02;4.9085051e-02;1.7750000e+02;7.2316080e-03;1.7750000e+02;-4.1063081e-02;1.7750000e+02;-8.3185367e-02;1.7750000e+02;-1.2615083e-01;1.7750000e+02;-5.0990567e-02;1.7750000e+02;-7.2521549e-03;1.7750000e+02;6.1806239e-02;1.7750000e+02;1.4133874e-01;1.7750000e+02;2.2818133e-01;1.7750000e+02;2.7790135e-01;1.7750000e+02;2.9042447e-01;1.7750000e+02;3.2231325e-01;1.7750000e+02;2.8846055e-01;1.7750000e+02;2.3597839e-01;1.7750000e+02;1.8676007e-01;1.7750000e+02;1.4040786e-01;1.7750000e+02;9.4661027e-02;1.7750000e+02;4.9085051e-02;1.7750000e+02;7.2316080e-03;1.7750000e+02;-4.1063081e-02;1.7750000e+02;-8.3185367e-02;1.7750000e+02;-1.2615083e-01;1.7750000e+02;-5.0990567e-02;1.7750000e+02;-7.2521549e-03;1.7750000e+02;6.1806239e-02;1.7750000e+02;1.4133874e-01;1.7750000e+02;2.2818133e-01;1.7750000e+02;2.7790135e-01;1.7750000e+02;2.9042447e-01;1.7750000e+02;3.2231325e-01;1.7750000e+02;2.8846055e-01;1.7750000e+02;2.3597839e-01;1.7750000e+02;1.8676007e-01;1.7750000e+02;1.4040786e-01;1.7750000e+02;9.4661027e-02;1.7750000e+02;4.9085051e-02;1.7750000e+02;7.2316080e-03;1.7750000e+02;-4.1063081e-02;1.7750000e+02;-8.3185367e-02;1.7750000e+02;-1.2615083e-01;1.7750000e+02;-5.0990567e-02;1.7750000e+02;-7.2521549e-03;1.7750000e+02;6.1806239e-02;1.7750000e+02;1.4133874e-01;1.7750000e+02;2.2818133e-01;1.7750000e+02;2.7790135e-01;1.7750000e+02;2.9042447e-01;1.7750000e+02;3.2231325e-01;1.7750000e+02;2.8846055e-01;1.7750000e+02;2.3597839e-01;1.7750000e+02;1.8676007e-01;1.7750000e+02;1.4040786e-01;1.7750000e+02;9.4661027e-02;1.7750000e+02;4.9085051e-02;1.7750000e+02;7.2316080e-03;1.7750000e+02;-4.1063081e-02;1.7750000e+02;-8.3185367e-02;1.7750000e+02;-1.2615083e-01;1.7750000e+02;-5.0990567e-02;1.7750000e+02;-7.2521549e-03;1.7750000e+02;6.1806239e-02;1.7750000e+02;1.4133874e-01;1.7750000e+02;2.2818133e-01;1.7750000e+02;2.7790135e-01;1.7750000e+02;2.9042447e-01;1.7750000e+02;3.2231325e-01;1.7750000e+02;2.8846055e-01;1.7750000e+02;2.3597839e-01;1.7750000e+02;1.8676007e-01;1.7750000e+02;1.4040786e-01;1.7750000e+02;9.4661027e-02;1.7750000e+02;4.9085051e-02;1.7750000e+02;7.2316080e-03;1.7750000e+02;-4.1063081e-02;1.7750000e+02;-8.3185367e-02;1.7750000e+02;-1.2615083e-01;1.7750000e+02;-5.0990567e-02;1.7750000e+02;-7.2521549e-03;1.7750000e+02;6.1806239e-02;1.7750000e+02;1.4133874e-01;1.7750000e+02;2.2818133e-01;1.7750000e+02;2.7790135e-01;1.7750000e+02;2.9042447e-01;1.7750000e+02;3.2231325e-01;1.7750000e+02;2.8846055e-01;1.7750000e+02;2.3597839e-01;1.7750000e+02;1.8676007e-01;1.7750000e+02;1.4040786e-01;1.7750000e+02;9.4661027e-02;1.7750000e+02;4.9085051e-02;1.7750000e+02;7.2316080e-03;1.7750000e+02;-4.1063081e-02;1.7750000e+02;-8.3185367e-02;1.7750000e+02;-1.2615083e-01;1.7750000e+02;-5.0990567e-02;1.7750000e+02;-7.2521549e-03;1.7750000e+02;6.1806239e-02;1.7750000e+02;1.4133874e-01;1.7750000e+02;2.2818133e-01;1.7750000e+02;2.7790135e-01;1.7750000e+02;2.9042447e-01;1.7750000e+02;3.2231325e-01;1.7750000e+02;2.8846055e-01;1.7750000e+02;2.3597839e-01;1.7750000e+02;1.8676007e-01;1.7750000e+02;1.4040786e-01;1.7750000e+02;9.4661027e-02;1.7750000e+02;4.9085051e-02;1.7750000e+02;7.2316080e-03;1.7750000e+02;-4.1063081e-02;1.7750000e+02;-8.3185367e-02;1.7750000e+02;-1.2615083e-01;1.7750000e+02;-5.0990567e-02;1.7750000e+02;-7.2521549e-03;1.7750000e+02;6.1806239e-02;1.7750000e+02;1.4133874e-01;1.7750000e+02;2.2818133e-01;1.7750000e+02;2.7790135e-01;1.7750000e+02;2.9042447e-01;1.7750000e+02;3.2231325e-01;1.7750000e+02;2.8846055e-01;1.7750000e+02;2.3597839e-01;1.7750000e+02;1.8676007e-01;1.7750000e+02;1.4040786e-01;1.7750000e+02;9.4661027e-02;1.7750000e+02;4.9085051e-02;1.7750000e+02;7.2316080e-03;1.7750000e+02;-4.1063081e-02;1.7750000e+02;-8.3185367e-02;1.7750000e+02;-1.2615083e-01;1.7750000e+02;-5.0990567e-02;1.7750000e+02;-7.2521549e-03;1.7750000e+02;6.1806239e-02;1.7750000e+02;1.4133874e-01;1.7750000e+02;2.2818133e-01;1.7750000e+02;2.7790135e-01;1.7750000e+02;2.9042447e-01;1.7750000e+02;3.2231325e-01;1.7750000e+02;2.8846055e-01;1.7750000e+02;2.3597839e-01;1.7750000e+02;1.8676007e-01;1.7750000e+02;1.4040786e-01;1.7750000e+02;9.4661027e-02;1.7750000e+02;4.9085051e-02;1.7750000e+02;7.2316080e-03;1.7750000e+02;-4.1063081e-02;1.7750000e+02;-8.3185367e-02;1.7750000e+02;-1.2615083e-01;1.7750000e+02;-5.0990567e-02;1.7750000e+02;-7.2521549e-03;1.7750000e+02;6.1806239e-02;1.7750000e+02;1.4133874e-01;1.7750000e+02;2.2818133e-01;1.7750000e+02;2.7790135e-01;1.7750000e+02;2.9042447e-01;1.7750000e+02;3.2231325e-01;1.7750000e+02;2.8846055e-01;1.7750000e+02;2.3597839e-01;1.7750000e+02;1.8676007e-01;1.7750000e+02;1.4040786e-01;1.7750000e+02;9.4661027e-02;1.7750000e+02;4.9085051e-02;1.7750000e+02;7.2316080e-03;1.7750000e+02;-4.1063081e-02;1.7750000e+02;-8.3185367e-02;1.7750000e+02;-1.2615083e-01;1.7750000e+02;-5.0990567e-02;1.7750000e+02;-7.2521549e-03;1.7750000e+02;6.1806239e-02;1.7750000e+02;1.4133874e-01;1.7750000e+02;2.2818133e-01;1.7750000e+02;2.7790135e-01;1.7750000e+02;2.9042447e-01;1.7750000e+02;3.2231325e-01;1.7750000e+02;2.8846055e-01;1.7750000e+02;2.3597839e-01;1.7750000e+02;1.8676007e-01;1.7750000e+02;1.4040786e-01;1.7750000e+02;9.4661027e-02;1.7750000e+02;4.9085051e-02;1.7750000e+02;7.2316080e-03;1.7750000e+02;-4.1063081e-02;1.7750000e+02;-8.3185367e-02;1.7750000e+02;-1.2615083e-01;1.7750000e+02;-5.0990567e-02;1.7750000e+02;-7.2521549e-03;1.7750000e+02;6.1806239e-02;1.7750000e+02;1.4133874e-01;1.7750000e+02;2.2818133e-01;1.7750000e+02;2.7790135e-01;1.7750000e+02;2.9042447e-01;1.7750000e+02;3.2231325e-01;1.7750000e+02;2.8846055e-01;1.7750000e+02;2.3597839e-01;1.7750000e+02;1.8676007e-01;1.7750000e+02;1.4040786e-01;1.7750000e+02;9.4661027e-02;1.7750000e+02;4.9085051e-02;1.7750000e+02;7.2316080e-03;1.7750000e+02;-4.1063081e-02;1.7750000e+02;-8.3185367e-02;1.7750000e+02;-1.2615083e-01;1.7750000e+02;-5.0990567e-02;1.7750000e+02;-7.2521549e-03;1.7750000e+02;6.1806239e-02;1.7750000e+02;1.4133874e-01;1.7750000e+02;2.2818133e-01;1.7750000e+02;2.7790135e-01;1.7750000e+02;2.9042447e-01;1.7750000e+02;3.2231325e-01;1.7750000e+02;2.8846055e-01;1.7750000e+02;2.3597839e-01;1.7750000e+02;1.8676007e-01;1.7750000e+02;1.4040786e-01;1.7750000e+02;9.4661027e-02;1.7750000e+02;4.9085051e-02;1.7750000e+02;7.2316080e-03;1.7750000e+02;-4.1063081e-02;1.7750000e+02;-8.3185367e-02;1.7750000e+02;-1.2615083e-01;1.7750000e+02;-5.0990567e-02;1.7750000e+02;-7.2521549e-03;1.7750000e+02;6.1806239e-02;1.7750000e+02;1.4133874e-01;1.7750000e+02;2.2818133e-01;1.7750000e+02;2.7790135e-01;1.7750000e+02;2.9042447e-01;1.7750000e+02;3.2231325e-01;1.7750000e+02;2.8846055e-01;1.7750000e+02;2.3597839e-01;1.7750000e+02;1.8676007e-01;1.7750000e+02;1.4040786e-01;1.7750000e+02;9.4661027e-02;1.7750000e+02;4.9085051e-02;1.7750000e+02;7.2316080e-03;1.7750000e+02;-4.1063081e-02;1.7750000e+02;-8.3185367e-02;1.7750000e+02;-1.2615083e-01;1.7750000e+02;-5.0990567e-02;1.7750000e+02;-7.2521549e-03;1.7750000e+02;6.1806239e-02;1.7750000e+02;1.4133874e-01;1.7750000e+02;2.2818133e-01;1.7750000e+02;2.7790135e-01;1.7750000e+02;2.9042447e-01;1.7750000e+02;3.2231325e-01;1.7750000e+02;2.8846055e-01;1.7750000e+02;2.3597839e-01;1.7750000e+02;1.8676007e-01;1.7750000e+02;1.4040786e-01;1.7750000e+02;9.4661027e-02;1.7750000e+02;4.9085051e-02;1.7750000e+02;7.2316080e-03;1.7750000e+02;-4.1063081e-02;1.7750000e+02;-8.3185367e-02;1.7750000e+02;-1.2615083e-01;1.7750000e+02;-5.0990567e-02;1.7750000e+02;-7.2521549e-03;1.7750000e+02;6.1806239e-02;1.7750000e+02;1.4133874e-01;1.7750000e+02;2.2818133e-01;1.7750000e+02;2.7790135e-01;1.7750000e+02;2.9042447e-01;1.7750000e+02;3.2231325e-01;1.7750000e+02;2.8846055e-01;1.7750000e+02;2.3597839e-01;1.7750000e+02;1.8676007e-01;1.7750000e+02;1.4040786e-01;1.7750000e+02;9.4661027e-02;1.7750000e+02;4.9085051e-02;1.7750000e+02;7.2316080e-03;1.7750000e+02;-4.1063081e-02;1.7750000e+02;-8.3185367e-02;1.7750000e+02;-1.2615083e-01;1.7750000e+02;-5.0990567e-02;1.7750000e+02;-7.2521549e-03;1.7750000e+02;6.1806239e-02;1.7750000e+02;1.4133874e-01;1.7750000e+02;2.2818133e-01;1.7750000e+02;2.7790135e-01;1.7750000e+02;2.9042447e-01;1.7750000e+02;3.2231325e-01;1.7750000e+02;2.8846055e-01;1.7750000e+02;2.3597839e-01;1.7750000e+02;1.8676007e-01;1.7750000e+02;1.4040786e-01;1.7750000e+02;9.4661027e-02;1.7750000e+02;4.9085051e-02;1.7750000e+02;7.2316080e-03;1.7750000e+02;-4.1063081e-02;1.7750000e+02;-8.3185367e-02;1.7750000e+02;-1.2615083e-01;1.7750000e+02;-5.0990567e-02;1.7750000e+02;-7.2521549e-03;1.7750000e+02;6.1806239e-02;1.7750000e+02;1.4133874e-01;1.7750000e+02;2.2818133e-01;1.7750000e+02;2.7790135e-01;1.7750000e+02;2.9042447e-01;1.7750000e+02;3.2231325e-01;1.7750000e+02;2.8846055e-01;1.7750000e+02;2.3597839e-01;1.7750000e+02;1.8676007e-01;1.7750000e+02;1.4040786e-01;1.7750000e+02;9.4661027e-02;1.7750000e+02;4.9085051e-02;1.7750000e+02;7.2316080e-03;1.7750000e+02;-4.1063081e-02;1.7750000e+02;-8.3185367e-02;1.7750000e+02;-1.2615083e-01;1.7750000e+02;-5.0990567e-02;1.7750000e+02;-7.2521549e-03;1.7750000e+02;6.1806239e-02;1.7750000e+02;1.4133874e-01;1.7750000e+02;2.2818133e-01;1.7750000e+02;2.7790135e-01;1.7750000e+02;2.9042447e-01;1.7750000e+02;3.2231325e-01;1.7750000e+02;2.8846055e-01;1.7750000e+02;2.3597839e-01;1.7750000e+02;1.8676007e-01;1.7750000e+02;1.4040786e-01;1.7750000e+02;9.4661027e-02;1.7750000e+02;4.9085051e-02;1.7750000e+02;7.2316080e-03;1.7750000e+02;-4.1063081e-02;1.7750000e+02;-8.3185367e-02;1.7750000e+02;-1.2615083e-01;1.7750000e+02;-5.0990567e-02;1.7750000e+02;-7.2521549e-03;1.7750000e+02;6.1806239e-02;1.7750000e+02;1.4133874e-01;1.7750000e+02;2.2818133e-01;1.7750000e+02;2.7790135e-01;1.7750000e+02;2.9042447e-01;1.7750000e+02;3.2231325e-01;1.7750000e+02;2.8846055e-01;1.7750000e+02;2.3597839e-01;1.7750000e+02;1.8676007e-01;1.7750000e+02;1.4040786e-01;1.7750000e+02;9.4661027e-02;1.7750000e+02;4.9085051e-02;1.7750000e+02;7.2316080e-03;1.7750000e+02;-4.1063081e-02;1.7750000e+02;-8.3185367e-02;1.7750000e+02;-1.2615083e-01;1.7750000e+02;-5.0990567e-02;1.7750000e+02;-7.2521549e-03;1.7750000e+02;6.1806239e-02;1.7750000e+02;1.4133874e-01;1.7750000e+02;2.2818133e-01;1.7750000e+02;2.7790135e-01;1.7750000e+02;2.9042447e-01;1.7750000e+02;3.2231325e-01;1.7750000e+02;2.8846055e-01;1.7750000e+02;2.3597839e-01;1.7750000e+02;1.8676007e-01;1.7750000e+02;1.4040786e-01;1.7750000e+02;9.4661027e-02;1.7750000e+02;4.9085051e-02;1.7750000e+02;7.2316080e-03;1.7750000e+02;-4.1063081e-02;1.7750000e+02;-8.3185367e-02;1.7750000e+02;-1.2615083e-01;1.7750000e+02;-5.0990567e-02;1.7750000e+02;-7.2521549e-03;1.7750000e+02;6.1806239e-02;1.7750000e+02;1.4133874e-01;1.7750000e+02;2.2818133e-01;1.7750000e+02;2.7790135e-01;1.7750000e+02;2.9042447e-01;1.7750000e+02;3.2231325e-01;1.7750000e+02;2.8846055e-01;1.7750000e+02;2.3597839e-01;1.7750000e+02;1.8676007e-01;1.7750000e+02;1.4040786e-01;1.7750000e+02;9.4661027e-02;1.7750000e+02;4.9085051e-02;1.7750000e+02;7.2316080e-03;1.7750000e+02;-4.1063081e-02;1.7750000e+02;-8.3185367e-02;1.7750000e+02;-1.2615083e-01;1.7750000e+02;-5.0990567e-02;1.7750000e+02;-7.2521549e-03;1.7750000e+02;6.1806239e-02;1.7750000e+02;1.4133874e-01;1.7750000e+02;2.2818133e-01;1.7750000e+02;2.7790135e-01;1.7750000e+02;2.9042447e-01;1.7750000e+02;3.2231325e-01;1.7750000e+02;2.8846055e-01;1.7750000e+02;2.3597839e-01;1.7750000e+02;1.8676007e-01;1.7750000e+02;1.4040786e-01;1.7750000e+02;9.4661027e-02;1.7750000e+02;4.9085051e-02;1.7750000e+02;7.2316080e-03;1.7750000e+02;-4.1063081e-02;1.7750000e+02;-8.3185367e-02;1.7750000e+02;-1.2615083e-01;1.7750000e+02;-5.0990567e-02;1.7750000e+02;-7.2521549e-03;1.7750000e+02;6.1806239e-02;1.7750000e+02;1.4133874e-01;1.7750000e+02;2.2818133e-01;1.7750000e+02;2.7790135e-01;1.7750000e+02;2.9042447e-01;1.7750000e+02;3.2231325e-01;1.7750000e+02;2.8846055e-01;1.7750000e+02;2.3597839e-01;1.7750000e+02;1.8676007e-01;1.7750000e+02;1.4040786e-01;1.7750000e+02;9.4661027e-02;1.7750000e+02;4.9085051e-02;1.7750000e+02;7.2316080e-03;1.7750000e+02;-4.1063081e-02;1.7750000e+02;-8.3185367e-02;1.7750000e+02;-1.2615083e-01;1.7750000e+02;-5.0990567e-02;1.7750000e+02;-7.2521549e-03;1.7750000e+02;6.1806239e-02;1.7750000e+02;1.4133874e-01;1.7750000e+02;2.2818133e-01;1.7750000e+02;2.7790135e-01;1.7750000e+02;2.9042447e-01;1.7750000e+02;3.2231325e-01;1.7750000e+02;2.8846055e-01;1.7750000e+02;2.3597839e-01;1.7750000e+02;1.8676007e-01;1.7750000e+02;1.4040786e-01;1.7750000e+02;9.4661027e-02;1.7750000e+02;4.9085051e-02;1.7750000e+02;7.2316080e-03;1.7750000e+02;-4.1063081e-02;1.7750000e+02;-8.3185367e-02;1.7750000e+02;-1.2615083e-01;1.7750000e+02;-5.0990567e-02;1.7750000e+02;-7.2521549e-03;1.7750000e+02;6.1806239e-02;1.7750000e+02;1.4133874e-01;1.7750000e+02;2.2818133e-01;1.7750000e+02;2.7790135e-01;1.7750000e+02;2.9042447e-01;1.7750000e+02;3.2231325e-01;1.7750000e+02;2.8846055e-01;1.7750000e+02;2.3597839e-01;1.7750000e+02;1.8676007e-01;1.7750000e+02;1.4040786e-01;1.7750000e+02;9.4661027e-02;1.7750000e+02;4.9085051e-02;1.7750000e+02;7.2316080e-03;1.7750000e+02;-4.1063081e-02;1.7750000e+02;-8.3185367e-02;1.7750000e+02;-1.2615083e-01;1.7750000e+02;-5.0990567e-02;1.7750000e+02;-7.2521549e-03;1.7750000e+02;6.1806239e-02;1.7750000e+02;1.4133874e-01;1.7750000e+02;2.2818133e-01;1.7750000e+02;2.7790135e-01;1.7750000e+02;2.9042447e-01;1.7750000e+02;3.2231325e-01;1.7750000e+02;2.8846055e-01;1.7750000e+02;2.3597839e-01;1.7750000e+02;1.8676007e-01;1.7750000e+02;1.4040786e-01;1.7750000e+02;9.4661027e-02;1.7750000e+02;4.9085051e-02;1.7750000e+02;7.2316080e-03;1.7750000e+02;-4.1063081e-02;1.7750000e+02;-8.3185367e-02;1.7750000e+02;-1.2615083e-01;1.7750000e+02;-5.0990567e-02;1.7750000e+02;-7.2521549e-03;1.7750000e+02;6.1806239e-02;1.7750000e+02;1.4133874e-01;1.7750000e+02;2.2818133e-01;1.7750000e+02;2.7790135e-01;1.7750000e+02;2.9042447e-01;1.7750000e+02;3.2231325e-01;1.7750000e+02;2.8846055e-01;1.7750000e+02;2.3597839e-01;1.7750000e+02;1.8676007e-01;1.7750000e+02;1.4040786e-01;1.7750000e+02;9.4661027e-02;1.7750000e+02;4.9085051e-02;1.7750000e+02;7.2316080e-03;1.7750000e+02;-4.1063081e-02;1.7750000e+02;-8.3185367e-02;1.7750000e+02;-1.2615083e-01;1.7750000e+02;-5.0990567e-02;1.7750000e+02;-7.2521549e-03;1.7750000e+02;6.1806239e-02;1.7750000e+02;1.4133874e-01;1.7750000e+02;2.2818133e-01;1.7750000e+02;2.7790135e-01;1.7750000e+02;2.9042447e-01;1.7750000e+02;3.2231325e-01;1.7750000e+02;2.8846055e-01;1.7750000e+02;2.3597839e-01;1.7750000e+02;1.8676007e-01;1.7750000e+02;1.4040786e-01;1.7750000e+02;9.4661027e-02;1.7750000e+02;4.9085051e-02;1.7750000e+02;7.2316080e-03;1.7750000e+02;-4.1063081e-02;1.7750000e+02;-8.3185367e-02;1.7750000e+02;-1.2615083e-01;1.7750000e+02;-5.0990567e-02;1.7750000e+02;-7.2521549e-03;1.7750000e+02;6.1806239e-02;1.7750000e+02;1.4133874e-01;1.7750000e+02;2.2818133e-01;1.7750000e+02;2.7790135e-01;1.7750000e+02;2.9042447e-01;1.7750000e+02;3.2231325e-01;1.7750000e+02;2.8846055e-01;1.7750000e+02;2.3597839e-01;1.7750000e+02;1.8676007e-01;1.7750000e+02;1.4040786e-01;1.7750000e+02;9.4661027e-02;1.7750000e+02;4.9085051e-02;1.7750000e+02;7.2316080e-03;1.7750000e+02;-4.1063081e-02;1.7750000e+02;-8.3185367e-02;1.7750000e+02;-1.2615083e-01;1.7750000e+02;-5.0990567e-02;1.7750000e+02;-7.2521549e-03;1.7750000e+02;6.1806239e-02;1.7750000e+02;1.4133874e-01;1.7750000e+02;2.2818133e-01;1.7750000e+02;2.7790135e-01;1.7750000e+02;2.9042447e-01;1.7750000e+02;3.2231325e-01;1.7750000e+02;2.8846055e-01;1.7750000e+02;2.3597839e-01;1.7750000e+02;1.8676007e-01;1.7750000e+02;1.4040786e-01;1.7750000e+02;9.4661027e-02;1.7750000e+02;4.9085051e-02;1.7750000e+02;7.2316080e-03;1.7750000e+02;-4.1063081e-02;1.7750000e+02;-8.3185367e-02;1.7750000e+02;-1.2615083e-01;1.7750000e+02;-5.0990567e-02;1.7750000e+02;-7.2521549e-03;1.7750000e+02;6.1806239e-02;1.7750000e+02;1.4133874e-01;1.7750000e+02;2.2818133e-01;1.7750000e+02;2.7790135e-01;1.7750000e+02;2.9042447e-01;1.7750000e+02;3.2231325e-01;1.7750000e+02;2.8846055e-01;1.7750000e+02;2.3597839e-01;1.7750000e+02;1.8676007e-01;1.7750000e+02;1.4040786e-01;1.7750000e+02;9.4661027e-02;1.7750000e+02;4.9085051e-02;1.7750000e+02;7.2316080e-03;1.7750000e+02;-4.1063081e-02;1.7750000e+02;-8.3185367e-02;1.7750000e+02;-1.2615083e-01;1.7750000e+02;-5.0990567e-02;1.7750000e+02;-7.2521549e-03;1.7750000e+02;6.1806239e-02;1.7750000e+02;1.4133874e-01;1.7750000e+02;2.2818133e-01;1.7750000e+02;2.7790135e-01;1.7750000e+02;2.9042447e-01;1.7750000e+02;3.2231325e-01;1.7750000e+02;2.8846055e-01;1.7750000e+02;2.3597839e-01;1.7750000e+02;1.8676007e-01;1.7750000e+02;1.4040786e-01;1.7750000e+02;9.4661027e-02;1.7750000e+02;4.9085051e-02;1.7750000e+02;7.2316080e-03;1.7750000e+02;-4.1063081e-02;1.7750000e+02;-8.3185367e-02;1.7750000e+02;-1.2615083e-01;1.7750000e+02;-5.0990567e-02;1.7750000e+02;-7.2521549e-03;1.7750000e+02;6.1806239e-02;1.7750000e+02;1.4133874e-01;1.7750000e+02;2.2818133e-01;1.7750000e+02;2.7790135e-01;1.7750000e+02;2.9042447e-01;1.7750000e+02;3.2231325e-01;1.7750000e+02;2.8846055e-01;1.7750000e+02;2.3597839e-01;1.7750000e+02;1.8676007e-01;1.7750000e+02;1.4040786e-01;1.7750000e+02;9.4661027e-02;1.7750000e+02;4.9085051e-02;1.7750000e+02;7.2316080e-03;1.7750000e+02;-4.1063081e-02;1.7750000e+02;-8.3185367e-02;1.7750000e+02;-1.2615083e-01;1.7750000e+02;-5.0990567e-02;1.7750000e+02;-7.2521549e-03;1.7750000e+02;6.1806239e-02;1.7750000e+02;1.4133874e-01;1.7750000e+02;2.2818133e-01;1.7750000e+02;2.7790135e-01;1.7750000e+02;2.9042447e-01;1.7750000e+02;3.2231325e-01;1.7750000e+02;2.8846055e-01;1.7750000e+02;2.3597839e-01;1.7750000e+02;1.8676007e-01;1.7750000e+02;1.4040786e-01;1.7750000e+02;9.4661027e-02;1.7750000e+02;4.9085051e-02;1.7750000e+02;7.2316080e-03;1.7750000e+02;-4.1063081e-02;1.7750000e+02;-8.3185367e-02;1.7750000e+02;-1.2615083e-01;1.7750000e+02;-5.0990567e-02;1.7750000e+02;-7.2521549e-03;1.7750000e+02;6.1806239e-02;1.7750000e+02;1.4133874e-01;1.7750000e+02;2.2818133e-01;1.7750000e+02;2.7790135e-01;1.7750000e+02;2.9042447e-01;1.7750000e+02;3.2231325e-01;1.7750000e+02;2.8846055e-01;1.7750000e+02;2.3597839e-01;1.7750000e+02;1.8676007e-01;1.7750000e+02;1.4040786e-01;1.7750000e+02;9.4661027e-02;1.7750000e+02;4.9085051e-02;1.7750000e+02;7.2316080e-03;1.7750000e+02;-4.1063081e-02;1.7750000e+02;-8.3185367e-02;1.7750000e+02;-1.2615083e-01;1.7750000e+02;-5.0990567e-02;1.7750000e+02;-7.2521549e-03;1.7750000e+02;6.1806239e-02;1.7750000e+02;1.4133874e-01;1.7750000e+02;2.2818133e-01;1.7750000e+02;2.7790135e-01;1.7750000e+02;2.9042447e-01;1.7750000e+02;3.2231325e-01;1.7750000e+02;2.8846055e-01;1.7750000e+02;2.3597839e-01;1.7750000e+02;1.8676007e-01;1.7750000e+02;1.4040786e-01;1.7750000e+02;9.4661027e-02;1.7750000e+02;4.9085051e-02;1.7750000e+02;7.2316080e-03;1.7750000e+02;-4.1063081e-02;1.7750000e+02;-8.3185367e-02;1.7750000e+02;-1.2615083e-01;1.7750000e+02;-5.0990567e-02;1.7750000e+02;-7.2521549e-03;1.7750000e+02;6.1806239e-02;1.7750000e+02;1.4133874e-01;1.7750000e+02;2.2818133e-01;1.7750000e+02;2.7790135e-01;1.7750000e+02;2.9042447e-01;1.7750000e+02;3.2231325e-01;1.7750000e+02;2.8846055e-01;1.7750000e+02;2.3597839e-01;1.7750000e+02;1.8676007e-01;1.7750000e+02;1.4040786e-01;1.7750000e+02;9.4661027e-02;1.7750000e+02;4.9085051e-02;1.7750000e+02;7.2316080e-03;1.7750000e+02;-4.1063081e-02;1.7750000e+02;-8.3185367e-02;1.7750000e+02;-1.2615083e-01;1.7750000e+02;-5.0990567e-02;1.7750000e+02;-7.2521549e-03;1.7750000e+02;6.1806239e-02;1.7750000e+02;1.4133874e-01;1.7750000e+02;2.2818133e-01;1.7750000e+02;2.7790135e-01;1.7750000e+02;2.9042447e-01;1.7750000e+02;3.2231325e-01;1.7750000e+02;2.8846055e-01;1.7750000e+02;2.3597839e-01;1.7750000e+02;1.8676007e-01;1.7750000e+02;1.4040786e-01;1.7750000e+02;9.4661027e-02;1.7750000e+02;4.9085051e-02;1.7750000e+02;7.2316080e-03;1.7750000e+02;-4.1063081e-02;1.7750000e+02;-8.3185367e-02;1.7750000e+02;-1.2615083e-01;1.7750000e+02;-5.0990567e-02;1.7750000e+02;-7.2521549e-03;1.7750000e+02;6.1806239e-02;1.7750000e+02;1.4133874e-01;1.7750000e+02;2.2818133e-01;1.7750000e+02;2.7790135e-01;1.7750000e+02;2.9042447e-01;1.7750000e+02;3.2231325e-01;1.7750000e+02;2.8846055e-01;1.7750000e+02;2.3597839e-01;1.7750000e+02;1.8676007e-01;1.7750000e+02;1.4040786e-01;1.7750000e+02;9.4661027e-02;1.7750000e+02;4.9085051e-02;1.7750000e+02;7.2316080e-03;1.7750000e+02;-4.1063081e-02;1.7750000e+02;-8.3185367e-02;1.7750000e+02;-1.2615083e-01;1.7750000e+02;-5.0990567e-02;1.7750000e+02;-7.2521549e-03;1.7750000e+02;6.1806239e-02;1.7750000e+02;1.4133874e-01;1.7750000e+02;2.2818133e-01;1.7750000e+02;2.7790135e-01;1.7750000e+02;2.9042447e-01;1.7750000e+02;3.2231325e-01;1.7750000e+02;2.8846055e-01;1.7750000e+02;2.3597839e-01;1.7750000e+02;1.8676007e-01;1.7750000e+02;1.4040786e-01;1.7750000e+02;9.4661027e-02;1.7750000e+02;4.9085051e-02;1.7750000e+02;7.2316080e-03;1.7750000e+02;-4.1063081e-02;1.7750000e+02;-8.3185367e-02;1.7750000e+02;-1.2615083e-01;1.7750000e+02;-5.0990567e-02;1.7750000e+02;-7.2521549e-03;1.7750000e+02;6.1806239e-02;1.7750000e+02;1.4133874e-01;1.7750000e+02;2.2818133e-01;1.7750000e+02;2.7790135e-01;1.7750000e+02;2.9042447e-01;1.7750000e+02;3.2231325e-01;1.7750000e+02;2.8846055e-01;1.7750000e+02;2.3597839e-01;1.7750000e+02;1.8676007e-01;1.7750000e+02;1.4040786e-01;1.7750000e+02;9.4661027e-02;1.7750000e+02;4.9085051e-02;1.7750000e+02;7.2316080e-03;1.7750000e+02;-4.1063081e-02;1.7750000e+02;-8.3185367e-02;1.7750000e+02;-1.2615083e-01;1.7750000e+02;-5.0990567e-02;1.7750000e+02;-7.2521549e-03;1.7750000e+02;6.1806239e-02;1.7750000e+02;1.4133874e-01;1.7750000e+02;2.2818133e-01;1.7750000e+02;2.7790135e-01;1.7750000e+02;2.9042447e-01;1.7750000e+02;3.2231325e-01;1.7750000e+02;2.8846055e-01;1.7750000e+02;2.3597839e-01;1.7750000e+02;1.8676007e-01;1.7750000e+02;1.4040786e-01;1.7750000e+02;9.4661027e-02;1.7750000e+02;4.9085051e-02;1.7750000e+02;7.2316080e-03;1.7750000e+02;-4.1063081e-02;1.7750000e+02;-8.3185367e-02;1.7750000e+02;-1.2615083e-01;1.7750000e+02;-5.0990567e-02;1.7750000e+02;-7.2521549e-03;1.7750000e+02;6.1806239e-02;1.7750000e+02;1.4133874e-01;1.7750000e+02;2.2818133e-01;1.7750000e+02;2.7790135e-01;1.7750000e+02;2.9042447e-01;1.7750000e+02;3.2231325e-01;1.7750000e+02;2.8846055e-01;1.7750000e+02;2.3597839e-01;1.7750000e+02;1.8676007e-01;1.7750000e+02;1.4040786e-01;1.7750000e+02;9.4661027e-02;1.7750000e+02;4.9085051e-02;1.7750000e+02;7.2316080e-03;1.7750000e+02;-4.1063081e-02;1.7750000e+02;-8.3185367e-02;1.7750000e+02;-1.2615083e-01;1.7750000e+02;-5.0990567e-02;1.7750000e+02;-7.2521549e-03;1.7750000e+02;6.1806239e-02;1.7750000e+02;1.4133874e-01;1.7750000e+02;2.2818133e-01;1.7750000e+02;2.7790135e-01;1.7750000e+02;2.9042447e-01;1.7750000e+02;3.2231325e-01;1.7750000e+02;2.8846055e-01;1.7750000e+02;2.3597839e-01;1.7750000e+02;1.8676007e-01;1.7750000e+02;1.4040786e-01;1.7750000e+02;9.4661027e-02;1.7750000e+02;4.9085051e-02;1.7750000e+02;7.2316080e-03;1.7750000e+02;-4.1063081e-02;1.7750000e+02;-8.3185367e-02;1.7750000e+02;-1.2615083e-01;1.7750000e+02;-5.0990567e-02;1.7750000e+02;-7.2521549e-03;1.7750000e+02;6.1806239e-02;1.7750000e+02;1.4133874e-01;1.7750000e+02;2.2818133e-01;1.7750000e+02;2.7790135e-01;1.7750000e+02;2.9042447e-01;1.7750000e+02;3.2231325e-01;1.7750000e+02;2.8846055e-01;1.7750000e+02;2.3597839e-01;1.7750000e+02;1.8676007e-01;1.7750000e+02;1.4040786e-01;1.7750000e+02;9.4661027e-02;1.7750000e+02;4.9085051e-02;1.7750000e+02;7.2316080e-03;1.7750000e+02;-4.1063081e-02;1.7750000e+02;-8.3185367e-02;1.7750000e+02;-1.2615083e-01;1.7750000e+02;-5.0990567e-02;1.7750000e+02;-7.2521549e-03;1.7750000e+02;6.1806239e-02;1.7750000e+02;1.4133874e-01;1.7750000e+02;2.2818133e-01;1.7750000e+02;2.7790135e-01;1.7750000e+02;2.9042447e-01;1.7750000e+02;3.2231325e-01;1.7750000e+02;2.8846055e-01;1.7750000e+02;2.3597839e-01;1.7750000e+02;1.8676007e-01;1.7750000e+02;1.4040786e-01;1.7750000e+02;9.4661027e-02;1.7750000e+02;4.9085051e-02;1.7750000e+02;7.2316080e-03;1.7750000e+02;-4.1063081e-02;1.7750000e+02;-8.3185367e-02;1.7750000e+02;-1.2615083e-01;1.7750000e+02;-5.0990567e-02;1.7750000e+02;-7.2521549e-03;1.7750000e+02;6.1806239e-02;1.7750000e+02;1.4133874e-01;1.7750000e+02;2.2818133e-01;1.7750000e+02;2.7790135e-01;1.7750000e+02;2.9042447e-01;1.7750000e+02;3.2231325e-01;1.7750000e+02;2.8846055e-01;1.7750000e+02;2.3597839e-01;1.7750000e+02;1.8676007e-01;1.7750000e+02;1.4040786e-01;1.7750000e+02;9.4661027e-02;1.7750000e+02;4.9085051e-02;1.7750000e+02;7.2316080e-03;1.7750000e+02;-4.1063081e-02;1.7750000e+02;-8.3185367e-02;1.7750000e+02;-1.2615083e-01;1.7750000e+02;-5.0990567e-02;1.7750000e+02;-7.2521549e-03;1.7750000e+02;6.1806239e-02;1.7750000e+02;1.4133874e-01;1.7750000e+02;2.2818133e-01;1.7750000e+02;2.7790135e-01;1.7750000e+02;2.9042447e-01;1.7750000e+02;3.2231325e-01;1.7750000e+02;2.8846055e-01;1.7750000e+02;2.3597839e-01;1.7750000e+02;1.8676007e-01;1.7750000e+02;1.4040786e-01;1.7750000e+02;9.4661027e-02;1.7750000e+02;4.9085051e-02;1.7750000e+02;7.2316080e-03;1.7750000e+02;-4.1063081e-02;1.7750000e+02;-8.3185367e-02;1.7750000e+02;-1.2615083e-01;1.7750000e+02;-5.0990567e-02;1.7750000e+02;-7.2521549e-03;1.7750000e+02;6.1806239e-02;1.7750000e+02;1.4133874e-01;1.7750000e+02;2.2818133e-01;1.7750000e+02;2.7790135e-01;1.7750000e+02;2.9042447e-01;1.7750000e+02;3.2231325e-01;1.7750000e+02;2.8846055e-01;1.7750000e+02;2.3597839e-01;1.7750000e+02;1.8676007e-01;1.7750000e+02;1.4040786e-01;1.7750000e+02;9.4661027e-02;1.7750000e+02;4.9085051e-02;1.7750000e+02;7.2316080e-03;1.7750000e+02;-4.1063081e-02;1.7750000e+02;-8.3185367e-02;1.7750000e+02;-1.2615083e-01;1.7750000e+02;-5.0990567e-02;1.7750000e+02;-7.2521549e-03;1.7750000e+02;6.1806239e-02;1.7750000e+02;1.4133874e-01;1.7750000e+02;2.2818133e-01;1.7750000e+02;2.7790135e-01;1.7750000e+02;2.9042447e-01;1.7750000e+02;3.2231325e-01;1.7750000e+02;2.8846055e-01;1.7750000e+02;2.3597839e-01;1.7750000e+02;1.8676007e-01;1.7750000e+02;1.4040786e-01;1.7750000e+02;9.4661027e-02;1.7750000e+02;4.9085051e-02;1.7750000e+02;7.2316080e-03;1.7750000e+02;-4.1063081e-02;1.7750000e+02;-8.3185367e-02;1.7750000e+02;-1.2615083e-01;1.7750000e+02;-5.0990567e-02;1.7750000e+02;-7.2521549e-03;1.7750000e+02;6.1806239e-02;1.7750000e+02;1.4133874e-01;1.7750000e+02;2.2818133e-01;1.7750000e+02;2.7790135e-01;1.7750000e+02;2.9042447e-01;1.7750000e+02;3.2231325e-01;1.7750000e+02;2.8846055e-01;1.7750000e+02;2.3597839e-01;1.7750000e+02;1.8676007e-01;1.7750000e+02;1.4040786e-01;1.7750000e+02;9.4661027e-02;1.7750000e+02;4.9085051e-02;1.7750000e+02;7.2316080e-03;1.7750000e+02;-4.1063081e-02;1.7750000e+02;-8.3185367e-02;1.7750000e+02;-1.2615083e-01;1.7750000e+02;-5.0990567e-02;1.7750000e+02;-7.2521549e-03;1.7750000e+02;6.1806239e-02;1.7750000e+02;1.4133874e-01;1.7750000e+02;2.2818133e-01;1.7750000e+02;2.7790135e-01;1.7750000e+02;2.9042447e-01;1.7750000e+02;3.2231325e-01;1.7750000e+02;2.8846055e-01;1.7750000e+02;2.3597839e-01;1.7750000e+02;1.8676007e-01;1.7750000e+02;1.4040786e-01;1.7750000e+02;9.4661027e-02;1.7750000e+02;4.9085051e-02;1.7750000e+02;7.2316080e-03;1.7750000e+02;-4.1063081e-02;1.7750000e+02;-8.3185367e-02;1.7750000e+02;-1.2615083e-01;1.7750000e+02;-5.0990567e-02;1.7750000e+02;-7.2521549e-03;1.7750000e+02;6.1806239e-02;1.7750000e+02;1.4133874e-01;1.7750000e+02;2.2818133e-01;1.7750000e+02;2.7790135e-01;1.7750000e+02;2.9042447e-01;1.7750000e+02;3.2231325e-01;1.7750000e+02;2.8846055e-01;1.7750000e+02;2.3597839e-01;1.7750000e+02;1.8676007e-01;1.7750000e+02;1.4040786e-01;1.7750000e+02;9.4661027e-02;1.7750000e+02;4.9085051e-02;1.7750000e+02;7.2316080e-03;1.7750000e+02;-4.1063081e-02;1.7750000e+02;-8.3185367e-02;1.7750000e+02;-1.2615083e-01;1.7750000e+02;-5.0990567e-02;1.7750000e+02;-7.2521549e-03;1.7750000e+02;6.1806239e-02;1.7750000e+02;1.4133874e-01;1.7750000e+02;2.2818133e-01;1.7750000e+02;2.7790135e-01;1.7750000e+02;2.9042447e-01;1.7750000e+02;3.2231325e-01;1.7750000e+02;2.8846055e-01;1.7750000e+02;2.3597839e-01;1.7750000e+02;1.8676007e-01;1.7750000e+02;1.4040786e-01;1.7750000e+02;9.4661027e-02;1.7750000e+02;4.9085051e-02;1.7750000e+02;7.2316080e-03;1.7750000e+02;-4.1063081e-02;1.7750000e+02;-8.3185367e-02;1.7750000e+02;-1.2615083e-01;1.7750000e+02;-5.0990567e-02;1.7750000e+02;-7.2521549e-03;1.7750000e+02;6.1806239e-02;1.7750000e+02;1.4133874e-01;1.7750000e+02;2.2818133e-01;1.7750000e+02;2.7790135e-01;1.7750000e+02;2.9042447e-01;1.7750000e+02;3.2231325e-01;1.7750000e+02;2.8846055e-01;1.7750000e+02;2.3597839e-01;1.7750000e+02;1.8676007e-01;1.7750000e+02;1.4040786e-01;1.7750000e+02;9.4661027e-02;1.7750000e+02;4.9085051e-02;1.7750000e+02;7.2316080e-03;1.7750000e+02;-4.1063081e-02;1.7750000e+02;-8.3185367e-02;1.7750000e+02;-1.2615083e-01;1.7750000e+02;-5.0990567e-02;1.7750000e+02;-7.2521549e-03;1.7750000e+02;6.1806239e-02;1.7750000e+02;1.4133874e-01;1.7750000e+02;2.2818133e-01;1.7750000e+02;2.7790135e-01;1.7750000e+02;2.9042447e-01;1.7750000e+02;3.2231325e-01;1.7750000e+02;2.8846055e-01;1.7750000e+02;2.3597839e-01;1.7750000e+02;1.8676007e-01;1.7750000e+02;1.4040786e-01;1.7750000e+02;9.4661027e-02;1.7750000e+02;4.9085051e-02;1.7750000e+02;7.2316080e-03;1.7750000e+02;-4.1063081e-02;1.7750000e+02;-8.3185367e-02;1.7750000e+02;-1.2615083e-01;1.7750000e+02;-5.0990567e-02;1.7750000e+02;-7.2521549e-03;1.7750000e+02;6.1806239e-02;1.7750000e+02;1.4133874e-01;1.7750000e+02;2.2818133e-01;1.7750000e+02;2.7790135e-01;1.7750000e+02;2.9042447e-01;1.7750000e+02;3.2231325e-01;1.7750000e+02;2.8846055e-01;1.7750000e+02;2.3597839e-01;1.7750000e+02;1.8676007e-01;1.7750000e+02;1.4040786e-01;1.7750000e+02;9.4661027e-02;1.7750000e+02;4.9085051e-02;1.7750000e+02;7.2316080e-03;1.7750000e+02;-4.1063081e-02;1.7750000e+02;-8.3185367e-02;1.7750000e+02;-1.2615083e-01;1.7750000e+02;-5.0990567e-02;1.7750000e+02;-7.2521549e-03;1.7750000e+02;6.1806239e-02;1.7750000e+02;1.4133874e-01;1.7750000e+02;2.2818133e-01;1.7750000e+02;2.7790135e-01;1.7750000e+02;2.9042447e-01;1.7750000e+02;3.2231325e-01;1.7750000e+02;2.8846055e-01;1.7750000e+02;2.3597839e-01;1.7750000e+02;1.8676007e-01;1.7750000e+02;1.4040786e-01;1.7750000e+02;9.4661027e-02;1.7750000e+02;4.9085051e-02;1.7750000e+02;7.2316080e-03;1.7750000e+02;-4.1063081e-02;1.7750000e+02;-8.3185367e-02;1.7750000e+02;-1.2615083e-01;1.7750000e+02;-5.0990567e-02;1.7750000e+02;-7.2521549e-03;1.7750000e+02;6.1806239e-02;1.7750000e+02;1.4133874e-01;1.7750000e+02;2.2818133e-01;1.7750000e+02;2.7790135e-01;1.7750000e+02;2.9042447e-01;1.7750000e+02;3.2231325e-01;1.7750000e+02;2.8846055e-01;1.7750000e+02;2.3597839e-01;1.7750000e+02;1.8676007e-01;1.7750000e+02;1.4040786e-01;1.7750000e+02;9.4661027e-02;1.7750000e+02;4.9085051e-02;1.7750000e+02;7.2316080e-03;1.7750000e+02;-4.1063081e-02;1.7750000e+02;-8.3185367e-02;1.7750000e+02;-1.2615083e-01;1.7750000e+02;-5.0990567e-02;1.7750000e+02;-7.2521549e-03;1.7750000e+02;6.1806239e-02;1.7750000e+02;1.4133874e-01;1.7750000e+02;2.2818133e-01;1.7750000e+02;2.7790135e-01;1.7750000e+02;2.9042447e-01;1.7750000e+02;3.2231325e-01;1.7750000e+02;2.8846055e-01;1.7750000e+02;2.3597839e-01;1.7750000e+02;1.8676007e-01;1.7750000e+02;1.4040786e-01;1.7750000e+02;9.4661027e-02;1.7750000e+02;4.9085051e-02;1.7750000e+02;7.2316080e-03;1.7750000e+02;-4.1063081e-02;1.7750000e+02;-8.3185367e-02;1.7750000e+02;-1.2615083e-01;1.7750000e+02;-5.0990567e-02;1.7750000e+02;-7.2521549e-03;1.7750000e+02;6.1806239e-02;1.7750000e+02;1.4133874e-01;1.7750000e+02;2.2818133e-01;1.7750000e+02;2.7790135e-01;1.7750000e+02;2.9042447e-01;1.7750000e+02;3.2231325e-01;1.7750000e+02;2.8846055e-01;1.7750000e+02;2.3597839e-01;1.7750000e+02;1.8676007e-01;1.7750000e+02;1.4040786e-01;1.7750000e+02;9.4661027e-02;1.7750000e+02;4.9085051e-02;1.7750000e+02;7.2316080e-03;1.7750000e+02;-4.1063081e-02;1.7750000e+02;-8.3185367e-02;1.7750000e+02;-1.2615083e-01;1.7750000e+02;-5.0990567e-02;1.7750000e+02;-7.2521549e-03;1.7750000e+02;6.1806239e-02;1.7750000e+02;1.4133874e-01;1.7750000e+02;2.2818133e-01;1.7750000e+02;2.7790135e-01;1.7750000e+02;2.9042447e-01;1.7750000e+02;3.2231325e-01;1.7750000e+02;2.8846055e-01;1.7750000e+02;2.3597839e-01;1.7750000e+02;1.8676007e-01;1.7750000e+02;1.4040786e-01;1.7750000e+02;9.4661027e-02;1.7750000e+02;4.9085051e-02;1.7750000e+02;7.2316080e-03;1.7750000e+02;-4.1063081e-02;1.7750000e+02;-8.3185367e-02;1.7750000e+02;-1.2615083e-01
1.8250000e+02;-5.0858431e-02;1.8250000e+02;-6.8039251e-03;1.8250000e+02;5.9733577e-02;1.8250000e+02;1.4080301e-01;1.8250000e+02;2.2576505e-01;1.8250000e+02;2.7952245e-01;1.8250000e+02;2.8539687e-01;1.8250000e+02;3.2403272e-01;1.8250000e+02;3.0492538e-01;1.8250000e+02;2.3990241e-01;1.8250000e+02;1.8130206e-01;1.8250000e+02;1.3167514e-01;1.8250000e+02;8.6441092e-02;1.8250000e+02;4.4568777e-02;1.8250000e+02;1.9459054e-03;1.8250000e+02;-4.3460160e-02;1.8250000e+02;-8.8946566e-02;1.8250000e+02;-1.2958154e-01;1.8250000e+02;-5.0858431e-02;1.8250000e+02;-6.8039251e-03;1.8250000e+02;5.9733577e-02;1.8250000e+02;1.4080301e-01;1.8250000e+02;2.2576505e-01;1.8250000e+02;2.7952245e-01;1.8250000e+02;2.8539687e-01;1.8250000e+02;3.2403272e-01;1.8250000e+02;3.0492538e-01;1.8250000e+02;2.3990241e-01;1.8250000e+02;1.8130206e-01;1.8250000e+02;1.3167514e-01;1.8250000e+02;8.6441092e-02;1.8250000e+02;4.4568777e-02;1.8250000e+02;1.9459054e-03;1.8250000e+02;-4.3460160e-02;1.8250000e+02;-8.8946566e-02;1.8250000e+02;-1.2958154e-01;1.8250000e+02;-5.0858431e-02;1.8250000e+02;-6.8039251e-03;1.8250000e+02;5.9733577e-02;1.8250000e+02;1.4080301e-01;1.8250000e+02;2.2576505e-01;1.8250000e+02;2.7952245e-01;1.8250000e+02;2.8539687e-01;1.8250000e+02;3.2403272e-01;1.8250000e+02;3.0492538e-01;1.8250000e+02;2.3990241e-01;1.8250000e+02;1.8130206e-01;1.8250000e+02;1.3167514e-01;1.8250000e+02;8.6441092e-02;1.8250000e+02;4.4568777e-02;1.8250000e+02;1.9459054e-03;1.8250000e+02;-4.3460160e-02;1.8250000e+02;-8.8946566e-02;1.8250000e+02;-1.2958154e-01;1.8250000e+02;-5.0858431e-02;1.8250000e+02;-6.8039251e-03;1.8250000e+02;5.9733577e-02;1.8250000e+02;1.4080301e-01;1.8250000e+02;2.2576505e-01;1.8250000e+02;2.7952245e-01;1.8250000e+02;2.8539687e-01;1.8250000e+02;3.2403272e-01;1.8250000e+02;3.0492538e-01;1.8250000e+02;2.3990241e-01;1.8250000e+02;1.8130206e-01;1.8250000e+02;1.3167514e-01;1.8250000e+02;8.6441092e-02;1.8250000e+02;4.4568777e-02;1.8250000e+02;1.9459054e-03;1.8250000e+02;-4.3460160e-02;1.8250000e+02;-8.8946566e-02;1.8250000e+02;-1.2958154e-01;1.8250000e+02;-5.0858431e-02;1.8250000e+02;-6.8039251e-03;1.8250000e+02;5.9733577e-02;1.8250000e+02;1.4080301e-01;1.8250000e+02;2.2576505e-01;1.8250000e+02;2.7952245e-01;1.8250000e+02;2.8539687e-01;1.8250000e+02;3.2403272e-01;1.8250000e+02;3.0492538e-01;1.8250000e+02;2.3990241e-01;1.8250000e+02;1.8130206e-01;1.8250000e+02;1.3167514e-01;1.8250000e+02;8.6441092e-02;1.8250000e+02;4.4568777e-02;1.8250000e+02;1.9459054e-03;1.8250000e+02;-4.3460160e-02;1.8250000e+02;-8.8946566e-02;1.8250000e+02;-1.2958154e-01;1.8250000e+02;-5.0858431e-02;1.8250000e+02;-6.8039251e-03;1.8250000e+02;5.9733577e-02;1.8250000e+02;1.4080301e-01;1.8250000e+02;2.2576505e-01;1.8250000e+02;2.7952245e-01;1.8250000e+02;2.8539687e-01;1.8250000e+02;3.2403272e-01;1.8250000e+02;3.0492538e-01;1.8250000e+02;2.3990241e-01;1.8250000e+02;1.8130206e-01;1.8250000e+02;1.3167514e-01;1.8250000e+02;8.6441092e-02;1.8250000e+02;4.4568777e-02;1.8250000e+02;1.9459054e-03;1.8250000e+02;-4.3460160e-02;1.8250000e+02;-8.8946566e-02;1.8250000e+02;-1.2958154e-01;1.8250000e+02;-5.0858431e-02;1.8250000e+02;-6.8039251e-03;1.8250000e+02;5.9733577e-02;1.8250000e+02;1.4080301e-01;1.8250000e+02;2.2576505e-01;1.8250000e+02;2.7952245e-01;1.8250000e+02;2.8539687e-01;1.8250000e+02;3.2403272e-01;1.8250000e+02;3.0492538e-01;1.8250000e+02;2.3990241e-01;1.8250000e+02;1.8130206e-01;1.8250000e+02;1.3167514e-01;1.8250000e+02;8.6441092e-02;1.8250000e+02;4.4568777e-02;1.8250000e+02;1.9459054e-03;1.8250000e+02;-4.3460160e-02;1.8250000e+02;-8.8946566e-02;1.8250000e+02;-1.2958154e-01;1.8250000e+02;-5.0858431e-02;1.8250000e+02;-6.8039251e-03;1.8250000e+02;5.9733577e-02;1.8250000e+02;1.4080301e-01;1.8250000e+02;2.2576505e-01;1.8250000e+02;2.7952245e-01;1.8250000e+02;2.8539687e-01;1.8250000e+02;3.2403272e-01;1.8250000e+02;3.0492538e-01;1.8250000e+02;2.3990241e-01;1.8250000e+02;1.8130206e-01;1.8250000e+02;1.3167514e-01;1.8250000e+02;8.6441092e-02;1.8250000e+02;4.4568777e-02;1.8250000e+02;1.9459054e-03;1.8250000e+02;-4.3460160e-02;1.8250000e+02;-8.8946566e-02;1.8250000e+02;-1.2958154e-01;1.8250000e+02;-5.0858431e-02;1.8250000e+02;-6.8039251e-03;1.8250000e+02;5.9733577e-02;1.8250000e+02;1.4080301e-01;1.8250000e+02;2.2576505e-01;1.8250000e+02;2.7952245e-01;1.8250000e+02;2.8539687e-01;1.8250000e+02;3.2403272e-01;1.8250000e+02;3.0492538e-01;1.8250000e+02;2.3990241e-01;1.8250000e+02;1.8130206e-01;1.8250000e+02;1.3167514e-01;1.8250000e+02;8.6441092e-02;1.8250000e+02;4.4568777e-02;1.8250000e+02;1.9459054e-03;1.8250000e+02;-4.3460160e-02;1.8250000e+02;-8.8946566e-02;1.8250000e+02;-1.2958154e-01;1.8250000e+02;-5.0858431e-02;1.8250000e+02;-6.8039251e-03;1.8250000e+02;5.9733577e-02;1.8250000e+02;1.4080301e-01;1.8250000e+02;2.2576505e-01;1.8250000e+02;2.7952245e-01;1.8250000e+02;2.8539687e-01;1.8250000e+02;3.2403272e-01;1.8250000e+02;3.0492538e-01;1.8250000e+02;2.3990241e-01;1.8250000e+02;1.8130206e-01;1.8250000e+02;1.3167514e-01;1.8250000e+02;8.6441092e-02;1.8250000e+02;4.4568777e-02;1.8250000e+02;1.9459054e-03;1.8250000e+02;-4.3460160e-02;1.8250000e+02;-8.8946566e-02;1.8250000e+02;-1.2958154e-01;1.8250000e+02;-5.0858431e-02;1.8250000e+02;-6.8039251e-03;1.8250000e+02;5.9733577e-02;1.8250000e+02;1.4080301e-01;1.8250000e+02;2.2576505e-01;1.8250000e+02;2.7952245e-01;1.8250000e+02;2.8539687e-01;1.8250000e+02;3.2403272e-01;1.8250000e+02;3.0492538e-01;1.8250000e+02;2.3990241e-01;1.8250000e+02;1.8130206e-01;1.8250000e+02;1.3167514e-01;1.8250000e+02;8.6441092e-02;1.8250000e+02;4.4568777e-02;1.8250000e+02;1.9459054e-03;1.8250000e+02;-4.3460160e-02;1.8250000e+02;-8.8946566e-02;1.8250000e+02;-1.2958154e-01;1.8250000e+02;-5.0858431e-02;1.8250000e+02;-6.8039251e-03;1.8250000e+02;5.9733577e-02;1.8250000e+02;1.4080301e-01;1.8250000e+02;2.2576505e-01;1.8250000e+02;2.7952245e-01;1.8250000e+02;2.8539687e-01;1.8250000e+02;3.2403272e-01;1.8250000e+02;3.0492538e-01;1.8250000e+02;2.3990241e-01;1.8250000e+02;1.8130206e-01;1.8250000e+02;1.3167514e-01;1.8250000e+02;8.6441092e-02;1.8250000e+02;4.4568777e-02;1.8250000e+02;1.9459054e-03;1.8250000e+02;-4.3460160e-02;1.8250000e+02;-8.8946566e-02;1.8250000e+02;-1.2958154e-01;1.8250000e+02;-5.0858431e-02;1.8250000e+02;-6.8039251e-03;1.8250000e+02;5.9733577e-02;1.8250000e+02;1.4080301e-01;1.8250000e+02;2.2576505e-01;1.8250000e+02;2.7952245e-01;1.8250000e+02;2.8539687e-01;1.8250000e+02;3.2403272e-01;1.8250000e+02;3.0492538e-01;1.8250000e+02;2.3990241e-01;1.8250000e+02;1.8130206e-01;1.8250000e+02;1.3167514e-01;1.8250000e+02;8.6441092e-02;1.8250000e+02;4.4568777e-02;1.8250000e+02;1.9459054e-03;1.8250000e+02;-4.3460160e-02;1.8250000e+02;-8.8946566e-02;1.8250000e+02;-1.2958154e-01;1.8250000e+02;-5.0858431e-02;1.8250000e+02;-6.8039251e-03;1.8250000e+02;5.9733577e-02;1.8250000e+02;1.4080301e-01;1.8250000e+02;2.2576505e-01;1.8250000e+02;2.7952245e-01;1.8250000e+02;2.8539687e-01;1.8250000e+02;3.2403272e-01;1.8250000e+02;3.0492538e-01;1.8250000e+02;2.3990241e-01;1.8250000e+02;1.8130206e-01;1.8250000e+02;1.3167514e-01;1.8250000e+02;8.6441092e-02;1.8250000e+02;4.4568777e-02;1.8250000e+02;1.9459054e-03;1.8250000e+02;-4.3460160e-02;1.8250000e+02;-8.8946566e-02;1.8250000e+02;-1.2958154e-01;1.8250000e+02;-5.0858431e-02;1.8250000e+02;-6.8039251e-03;1.8250000e+02;5.9733577e-02;1.8250000e+02;1.4080301e-01;1.8250000e+02;2.2576505e-01;1.8250000e+02;2.7952245e-01;1.8250000e+02;2.8539687e-01;1.8250000e+02;3.2403272e-01;1.8250000e+02;3.0492538e-01;1.8250000e+02;2.3990241e-01;1.8250000e+02;1.8130206e-01;1.8250000e+02;1.3167514e-01;1.8250000e+02;8.6441092e-02;1.8250000e+02;4.4568777e-02;1.8250000e+02;1.9459054e-03;1.8250000e+02;-4.3460160e-02;1.8250000e+02;-8.8946566e-02;1.8250000e+02;-1.2958154e-01;1.8250000e+02;-5.0858431e-02;1.8250000e+02;-6.8039251e-03;1.8250000e+02;5.9733577e-02;1.8250000e+02;1.4080301e-01;1.8250000e+02;2.2576505e-01;1.8250000e+02;2.7952245e-01;1.8250000e+02;2.8539687e-01;1.8250000e+02;3.2403272e-01;1.8250000e+02;3.0492538e-01;1.8250000e+02;2.3990241e-01;1.8250000e+02;1.8130206e-01;1.8250000e+02;1.3167514e-01;1.8250000e+02;8.6441092e-02;1.8250000e+02;4.4568777e-02;1.8250000e+02;1.9459054e-03;1.8250000e+02;-4.3460160e-02;1.8250000e+02;-8.8946566e-02;1.8250000e+02;-1.2958154e-01;1.8250000e+02;-5.0858431e-02;1.8250000e+02;-6.8039251e-03;1.8250000e+02;5.9733577e-02;1.8250000e+02;1.4080301e-01;1.8250000e+02;2.2576505e-01;1.8250000e+02;2.7952245e-01;1.8250000e+02;2.8539687e-01;1.8250000e+02;3.2403272e-01;1.8250000e+02;3.0492538e-01;1.8250000e+02;2.3990241e-01;1.8250000e+02;1.8130206e-01;1.8250000e+02;1.3167514e-01;1.8250000e+02;8.6441092e-02;1.8250000e+02;4.4568777e-02;1.8250000e+02;1.9459054e-03;1.8250000e+02;-4.3460160e-02;1.8250000e+02;-8.8946566e-02;1.8250000e+02;-1.2958154e-01;1.8250000e+02;-5.0858431e-02;1.8250000e+02;-6.8039251e-03;1.8250000e+02;5.9733577e-02;1.8250000e+02;1.4080301e-01;1.8250000e+02;2.2576505e-01;1.8250000e+02;2.7952245e-01;1.8250000e+02;2.8539687e-01;1.8250000e+02;3.2403272e-01;1.8250000e+02;3.0492538e-01;1.8250000e+02;2.3990241e-01;1.8250000e+02;1.8130206e-01;1.8250000e+02;1.3167514e-01;1.8250000e+02;8.6441092e-02;1.8250000e+02;4.4568777e-02;1.8250000e+02;1.9459054e-03;1.8250000e+02;-4.3460160e-02;1.8250000e+02;-8.8946566e-02;1.8250000e+02;-1.2958154e-01;1.8250000e+02;-5.0858431e-02;1.8250000e+02;-6.8039251e-03;1.8250000e+02;5.9733577e-02;1.8250000e+02;1.4080301e-01;1.8250000e+02;2.2576505e-01;1.8250000e+02;2.7952245e-01;1.8250000e+02;2.8539687e-01;1.8250000e+02;3.2403272e-01;1.8250000e+02;3.0492538e-01;1.8250000e+02;2.3990241e-01;1.8250000e+02;1.8130206e-01;1.8250000e+02;1.3167514e-01;1.8250000e+02;8.6441092e-02;1.8250000e+02;4.4568777e-02;1.8250000e+02;1.9459054e-03;1.8250000e+02;-4.3460160e-02;1.8250000e+02;-8.8946566e-02;1.8250000e+02;-1.2958154e-01;1.8250000e+02;-5.0858431e-02;1.8250000e+02;-6.8039251e-03;1.8250000e+02;5.9733577e-02;1.8250000e+02;1.4080301e-01;1.8250000e+02;2.2576505e-01;1.8250000e+02;2.7952245e-01;1.8250000e+02;2.8539687e-01;1.8250000e+02;3.2403272e-01;1.8250000e+02;3.0492538e-01;1.8250000e+02;2.3990241e-01;1.8250000e+02;1.8130206e-01;1.8250000e+02;1.3167514e-01;1.8250000e+02;8.6441092e-02;1.8250000e+02;4.4568777e-02;1.8250000e+02;1.9459054e-03;1.8250000e+02;-4.3460160e-02;1.8250000e+02;-8.8946566e-02;1.8250000e+02;-1.2958154e-01;1.8250000e+02;-5.0858431e-02;1.8250000e+02;-6.8039251e-03;1.8250000e+02;5.9733577e-02;1.8250000e+02;1.4080301e-01;1.8250000e+02;2.2576505e-01;1.8250000e+02;2.7952245e-01;1.8250000e+02;2.8539687e-01;1.8250000e+02;3.2403272e-01;1.8250000e+02;3.0492538e-01;1.8250000e+02;2.3990241e-01;1.8250000e+02;1.8130206e-01;1.8250000e+02;1.3167514e-01;1.8250000e+02;8.6441092e-02;1.8250000e+02;4.4568777e-02;1.8250000e+02;1.9459054e-03;1.8250000e+02;-4.3460160e-02;1.8250000e+02;-8.8946566e-02;1.8250000e+02;-1.2958154e-01;1.8250000e+02;-5.0858431e-02;1.8250000e+02;-6.8039251e-03;1.8250000e+02;5.9733577e-02;1.8250000e+02;1.4080301e-01;1.8250000e+02;2.2576505e-01;1.8250000e+02;2.7952245e-01;1.8250000e+02;2.8539687e-01;1.8250000e+02;3.2403272e-01;1.8250000e+02;3.0492538e-01;1.8250000e+02;2.3990241e-01;1.8250000e+02;1.8130206e-01;1.8250000e+02;1.3167514e-01;1.8250000e+02;8.6441092e-02;1.8250000e+02;4.4568777e-02;1.8250000e+02;1.9459054e-03;1.8250000e+02;-4.3460160e-02;1.8250000e+02;-8.8946566e-02;1.8250000e+02;-1.2958154e-01;1.8250000e+02;-5.0858431e-02;1.8250000e+02;-6.8039251e-03;1.8250000e+02;5.9733577e-02;1.8250000e+02;1.4080301e-01;1.8250000e+02;2.2576505e-01;1.8250000e+02;2.7952245e-01;1.8250000e+02;2.8539687e-01;1.8250000e+02;3.2403272e-01;1.8250000e+02;3.0492538e-01;1.8250000e+02;2.3990241e-01;1.8250000e+02;1.8130206e-01;1.8250000e+02;1.3167514e-01;1.8250000e+02;8.6441092e-02;1.8250000e+02;4.4568777e-02;1.8250000e+02;1.9459054e-03;1.8250000e+02;-4.3460160e-02;1.8250000e+02;-8.8946566e-02;1.8250000e+02;-1.2958154e-01;1.8250000e+02;-5.0858431e-02;1.8250000e+02;-6.8039251e-03;1.8250000e+02;5.9733577e-02;1.8250000e+02;1.4080301e-01;1.8250000e+02;2.2576505e-01;1.8250000e+02;2.7952245e-01;1.8250000e+02;2.8539687e-01;1.8250000e+02;3.2403272e-01;1.8250000e+02;3.0492538e-01;1.8250000e+02;2.3990241e-01;1.8250000e+02;1.8130206e-01;1.8250000e+02;1.3167514e-01;1.8250000e+02;8.6441092e-02;1.8250000e+02;4.4568777e-02;1.8250000e+02;1.9459054e-03;1.8250000e+02;-4.3460160e-02;1.8250000e+02;-8.8946566e-02;1.8250000e+02;-1.2958154e-01;1.8250000e+02;-5.0858431e-02;1.8250000e+02;-6.8039251e-03;1.8250000e+02;5.9733577e-02;1.8250000e+02;1.4080301e-01;1.8250000e+02;2.2576505e-01;1.8250000e+02;2.7952245e-01;1.8250000e+02;2.8539687e-01;1.8250000e+02;3.2403272e-01;1.8250000e+02;3.0492538e-01;1.8250000e+02;2.3990241e-01;1.8250000e+02;1.8130206e-01;1.8250000e+02;1.3167514e-01;1.8250000e+02;8.6441092e-02;1.8250000e+02;4.4568777e-02;1.8250000e+02;1.9459054e-03;1.8250000e+02;-4.3460160e-02;1.8250000e+02;-8.8946566e-02;1.8250000e+02;-1.2958154e-01;1.8250000e+02;-5.0858431e-02;1.8250000e+02;-6.8039251e-03;1.8250000e+02;5.9733577e-02;1.8250000e+02;1.4080301e-01;1.8250000e+02;2.2576505e-01;1.8250000e+02;2.7952245e-01;1.8250000e+02;2.8539687e-01;1.8250000e+02;3.2403272e-01;1.8250000e+02;3.0492538e-01;1.8250000e+02;2.3990241e-01;1.8250000e+02;1.8130206e-01;1.8250000e+02;1.3167514e-01;1.8250000e+02;8.6441092e-02;1.8250000e+02;4.4568777e-02;1.8250000e+02;1.9459054e-03;1.8250000e+02;-4.3460160e-02;1.8250000e+02;-8.8946566e-02;1.8250000e+02;-1.2958154e-01;1.8250000e+02;-5.0858431e-02;1.8250000e+02;-6.8039251e-03;1.8250000e+02;5.9733577e-02;1.8250000e+02;1.4080301e-01;1.8250000e+02;2.2576505e-01;1.8250000e+02;2.7952245e-01;1.8250000e+02;2.8539687e-01;1.8250000e+02;3.2403272e-01;1.8250000e+02;3.0492538e-01;1.8250000e+02;2.3990241e-01;1.8250000e+02;1.8130206e-01;1.8250000e+02;1.3167514e-01;1.8250000e+02;8.6441092e-02;1.8250000e+02;4.4568777e-02;1.8250000e+02;1.9459054e-03;1.8250000e+02;-4.3460160e-02;1.8250000e+02;-8.8946566e-02;1.8250000e+02;-1.2958154e-01;1.8250000e+02;-5.0858431e-02;1.8250000e+02;-6.8039251e-03;1.8250000e+02;5.9733577e-02;1.8250000e+02;1.4080301e-01;1.8250000e+02;2.2576505e-01;1.8250000e+02;2.7952245e-01;1.8250000e+02;2.8539687e-01;1.8250000e+02;3.2403272e-01;1.8250000e+02;3.0492538e-01;1.8250000e+02;2.3990241e-01;1.8250000e+02;1.8130206e-01;1.8250000e+02;1.3167514e-01;1.8250000e+02;8.6441092e-02;1.8250000e+02;4.4568777e-02;1.8250000e+02;1.9459054e-03;1.8250000e+02;-4.3460160e-02;1.8250000e+02;-8.8946566e-02;1.8250000e+02;-1.2958154e-01;1.8250000e+02;-5.0858431e-02;1.8250000e+02;-6.8039251e-03;1.8250000e+02;5.9733577e-02;1.8250000e+02;1.4080301e-01;1.8250000e+02;2.2576505e-01;1.8250000e+02;2.7952245e-01;1.8250000e+02;2.8539687e-01;1.8250000e+02;3.2403272e-01;1.8250000e+02;3.0492538e-01;1.8250000e+02;2.3990241e-01;1.8250000e+02;1.8130206e-01;1.8250000e+02;1.3167514e-01;1.8250000e+02;8.6441092e-02;1.8250000e+02;4.4568777e-02;1.8250000e+02;1.9459054e-03;1.8250000e+02;-4.3460160e-02;1.8250000e+02;-8.8946566e-02;1.8250000e+02;-1.2958154e-01;1.8250000e+02;-5.0858431e-02;1.8250000e+02;-6.8039251e-03;1.8250000e+02;5.9733577e-02;1.8250000e+02;1.4080301e-01;1.8250000e+02;2.2576505e-01;1.8250000e+02;2.7952245e-01;1.8250000e+02;2.8539687e-01;1.8250000e+02;3.2403272e-01;1.8250000e+02;3.0492538e-01;1.8250000e+02;2.3990241e-01;1.8250000e+02;1.8130206e-01;1.8250000e+02;1.3167514e-01;1.8250000e+02;8.6441092e-02;1.8250000e+02;4.4568777e-02;1.8250000e+02;1.9459054e-03;1.8250000e+02;-4.3460160e-02;1.8250000e+02;-8.8946566e-02;1.8250000e+02;-1.2958154e-01;1.8250000e+02;-5.0858431e-02;1.8250000e+02;-6.8039251e-03;1.8250000e+02;5.9733577e-02;1.8250000e+02;1.4080301e-01;1.8250000e+02;2.2576505e-01;1.8250000e+02;2.7952245e-01;1.8250000e+02;2.8539687e-01;1.8250000e+02;3.2403272e-01;1.8250000e+02;3.0492538e-01;1.8250000e+02;2.3990241e-01;1.8250000e+02;1.8130206e-01;1.8250000e+02;1.3167514e-01;1.8250000e+02;8.6441092e-02;1.8250000e+02;4.4568777e-02;1.8250000e+02;1.9459054e-03;1.8250000e+02;-4.3460160e-02;1.8250000e+02;-8.8946566e-02;1.8250000e+02;-1.2958154e-01;1.8250000e+02;-5.0858431e-02;1.8250000e+02;-6.8039251e-03;1.8250000e+02;5.9733577e-02;1.8250000e+02;1.4080301e-01;1.8250000e+02;2.2576505e-01;1.8250000e+02;2.7952245e-01;1.8250000e+02;2.8539687e-01;1.8250000e+02;3.2403272e-01;1.8250000e+02;3.0492538e-01;1.8250000e+02;2.3990241e-01;1.8250000e+02;1.8130206e-01;1.8250000e+02;1.3167514e-01;1.8250000e+02;8.6441092e-02;1.8250000e+02;4.4568777e-02;1.8250000e+02;1.9459054e-03;1.8250000e+02;-4.3460160e-02;1.8250000e+02;-8.8946566e-02;1.8250000e+02;-1.2958154e-01;1.8250000e+02;-5.0858431e-02;1.8250000e+02;-6.8039251e-03;1.8250000e+02;5.9733577e-02;1.8250000e+02;1.4080301e-01;1.8250000e+02;2.2576505e-01;1.8250000e+02;2.7952245e-01;1.8250000e+02;2.8539687e-01;1.8250000e+02;3.2403272e-01;1.8250000e+02;3.0492538e-01;1.8250000e+02;2.3990241e-01;1.8250000e+02;1.8130206e-01;1.8250000e+02;1.3167514e-01;1.8250000e+02;8.6441092e-02;1.8250000e+02;4.4568777e-02;1.8250000e+02;1.9459054e-03;1.8250000e+02;-4.3460160e-02;1.8250000e+02;-8.8946566e-02;1.8250000e+02;-1.2958154e-01;1.8250000e+02;-5.0858431e-02;1.8250000e+02;-6.8039251e-03;1.8250000e+02;5.9733577e-02;1.8250000e+02;1.4080301e-01;1.8250000e+02;2.2576505e-01;1.8250000e+02;2.7952245e-01;1.8250000e+02;2.8539687e-01;1.8250000e+02;3.2403272e-01;1.8250000e+02;3.0492538e-01;1.8250000e+02;2.3990241e-01;1.8250000e+02;1.8130206e-01;1.8250000e+02;1.3167514e-01;1.8250000e+02;8.6441092e-02;1.8250000e+02;4.4568777e-02;1.8250000e+02;1.9459054e-03;1.8250000e+02;-4.3460160e-02;1.8250000e+02;-8.8946566e-02;1.8250000e+02;-1.2958154e-01;1.8250000e+02;-5.0858431e-02;1.8250000e+02;-6.8039251e-03;1.8250000e+02;5.9733577e-02;1.8250000e+02;1.4080301e-01;1.8250000e+02;2.2576505e-01;1.8250000e+02;2.7952245e-01;1.8250000e+02;2.8539687e-01;1.8250000e+02;3.2403272e-01;1.8250000e+02;3.0492538e-01;1.8250000e+02;2.3990241e-01;1.8250000e+02;1.8130206e-01;1.8250000e+02;1.3167514e-01;1.8250000e+02;8.6441092e-02;1.8250000e+02;4.4568777e-02;1.8250000e+02;1.9459054e-03;1.8250000e+02;-4.3460160e-02;1.8250000e+02;-8.8946566e-02;1.8250000e+02;-1.2958154e-01;1.8250000e+02;-5.0858431e-02;1.8250000e+02;-6.8039251e-03;1.8250000e+02;5.9733577e-02;1.8250000e+02;1.4080301e-01;1.8250000e+02;2.2576505e-01;1.8250000e+02;2.7952245e-01;1.8250000e+02;2.8539687e-01;1.8250000e+02;3.2403272e-01;1.8250000e+02;3.0492538e-01;1.8250000e+02;2.3990241e-01;1.8250000e+02;1.8130206e-01;1.8250000e+02;1.3167514e-01;1.8250000e+02;8.6441092e-02;1.8250000e+02;4.4568777e-02;1.8250000e+02;1.9459054e-03;1.8250000e+02;-4.3460160e-02;1.8250000e+02;-8.8946566e-02;1.8250000e+02;-1.2958154e-01;1.8250000e+02;-5.0858431e-02;1.8250000e+02;-6.8039251e-03;1.8250000e+02;5.9733577e-02;1.8250000e+02;1.4080301e-01;1.8250000e+02;2.2576505e-01;1.8250000e+02;2.7952245e-01;1.8250000e+02;2.8539687e-01;1.8250000e+02;3.2403272e-01;1.8250000e+02;3.0492538e-01;1.8250000e+02;2.3990241e-01;1.8250000e+02;1.8130206e-01;1.8250000e+02;1.3167514e-01;1.8250000e+02;8.6441092e-02;1.8250000e+02;4.4568777e-02;1.8250000e+02;1.9459054e-03;1.8250000e+02;-4.3460160e-02;1.8250000e+02;-8.8946566e-02;1.8250000e+02;-1.2958154e-01;1.8250000e+02;-5.0858431e-02;1.8250000e+02;-6.8039251e-03;1.8250000e+02;5.9733577e-02;1.8250000e+02;1.4080301e-01;1.8250000e+02;2.2576505e-01;1.8250000e+02;2.7952245e-01;1.8250000e+02;2.8539687e-01;1.8250000e+02;3.2403272e-01;1.8250000e+02;3.0492538e-01;1.8250000e+02;2.3990241e-01;1.8250000e+02;1.8130206e-01;1.8250000e+02;1.3167514e-01;1.8250000e+02;8.6441092e-02;1.8250000e+02;4.4568777e-02;1.8250000e+02;1.9459054e-03;1.8250000e+02;-4.3460160e-02;1.8250000e+02;-8.8946566e-02;1.8250000e+02;-1.2958154e-01;1.8250000e+02;-5.0858431e-02;1.8250000e+02;-6.8039251e-03;1.8250000e+02;5.9733577e-02;1.8250000e+02;1.4080301e-01;1.8250000e+02;2.2576505e-01;1.8250000e+02;2.7952245e-01;1.8250000e+02;2.8539687e-01;1.8250000e+02;3.2403272e-01;1.8250000e+02;3.0492538e-01;1.8250000e+02;2.3990241e-01;1.8250000e+02;1.8130206e-01;1.8250000e+02;1.3167514e-01;1.8250000e+02;8.6441092e-02;1.8250000e+02;4.4568777e-02;1.8250000e+02;1.9459054e-03;1.8250000e+02;-4.3460160e-02;1.8250000e+02;-8.8946566e-02;1.8250000e+02;-1.2958154e-01;1.8250000e+02;-5.0858431e-02;1.8250000e+02;-6.8039251e-03;1.8250000e+02;5.9733577e-02;1.8250000e+02;1.4080301e-01;1.8250000e+02;2.2576505e-01;1.8250000e+02;2.7952245e-01;1.8250000e+02;2.8539687e-01;1.8250000e+02;3.2403272e-01;1.8250000e+02;3.0492538e-01;1.8250000e+02;2.3990241e-01;1.8250000e+02;1.8130206e-01;1.8250000e+02;1.3167514e-01;1.8250000e+02;8.6441092e-02;1.8250000e+02;4.4568777e-02;1.8250000e+02;1.9459054e-03;1.8250000e+02;-4.3460160e-02;1.8250000e+02;-8.8946566e-02;1.8250000e+02;-1.2958154e-01;1.8250000e+02;-5.0858431e-02;1.8250000e+02;-6.8039251e-03;1.8250000e+02;5.9733577e-02;1.8250000e+02;1.4080301e-01;1.8250000e+02;2.2576505e-01;1.8250000e+02;2.7952245e-01;1.8250000e+02;2.8539687e-01;1.8250000e+02;3.2403272e-01;1.8250000e+02;3.0492538e-01;1.8250000e+02;2.3990241e-01;1.8250000e+02;1.8130206e-01;1.8250000e+02;1.3167514e-01;1.8250000e+02;8.6441092e-02;1.8250000e+02;4.4568777e-02;1.8250000e+02;1.9459054e-03;1.8250000e+02;-4.3460160e-02;1.8250000e+02;-8.8946566e-02;1.8250000e+02;-1.2958154e-01;1.8250000e+02;-5.0858431e-02;1.8250000e+02;-6.8039251e-03;1.8250000e+02;5.9733577e-02;1.8250000e+02;1.4080301e-01;1.8250000e+02;2.2576505e-01;1.8250000e+02;2.7952245e-01;1.8250000e+02;2.8539687e-01;1.8250000e+02;3.2403272e-01;1.8250000e+02;3.0492538e-01;1.8250000e+02;2.3990241e-01;1.8250000e+02;1.8130206e-01;1.8250000e+02;1.3167514e-01;1.8250000e+02;8.6441092e-02;1.8250000e+02;4.4568777e-02;1.8250000e+02;1.9459054e-03;1.8250000e+02;-4.3460160e-02;1.8250000e+02;-8.8946566e-02;1.8250000e+02;-1.2958154e-01;1.8250000e+02;-5.0858431e-02;1.8250000e+02;-6.8039251e-03;1.8250000e+02;5.9733577e-02;1.8250000e+02;1.4080301e-01;1.8250000e+02;2.2576505e-01;1.8250000e+02;2.7952245e-01;1.8250000e+02;2.8539687e-01;1.8250000e+02;3.2403272e-01;1.8250000e+02;3.0492538e-01;1.8250000e+02;2.3990241e-01;1.8250000e+02;1.8130206e-01;1.8250000e+02;1.3167514e-01;1.8250000e+02;8.6441092e-02;1.8250000e+02;4.4568777e-02;1.8250000e+02;1.9459054e-03;1.8250000e+02;-4.3460160e-02;1.8250000e+02;-8.8946566e-02;1.8250000e+02;-1.2958154e-01;1.8250000e+02;-5.0858431e-02;1.8250000e+02;-6.8039251e-03;1.8250000e+02;5.9733577e-02;1.8250000e+02;1.4080301e-01;1.8250000e+02;2.2576505e-01;1.8250000e+02;2.7952245e-01;1.8250000e+02;2.8539687e-01;1.8250000e+02;3.2403272e-01;1.8250000e+02;3.0492538e-01;1.8250000e+02;2.3990241e-01;1.8250000e+02;1.8130206e-01;1.8250000e+02;1.3167514e-01;1.8250000e+02;8.6441092e-02;1.8250000e+02;4.4568777e-02;1.8250000e+02;1.9459054e-03;1.8250000e+02;-4.3460160e-02;1.8250000e+02;-8.8946566e-02;1.8250000e+02;-1.2958154e-01;1.8250000e+02;-5.0858431e-02;1.8250000e+02;-6.8039251e-03;1.8250000e+02;5.9733577e-02;1.8250000e+02;1.4080301e-01;1.8250000e+02;2.2576505e-01;1.8250000e+02;2.7952245e-01;1.8250000e+02;2.8539687e-01;1.8250000e+02;3.2403272e-01;1.8250000e+02;3.0492538e-01;1.8250000e+02;2.3990241e-01;1.8250000e+02;1.8130206e-01;1.8250000e+02;1.3167514e-01;1.8250000e+02;8.6441092e-02;1.8250000e+02;4.4568777e-02;1.8250000e+02;1.9459054e-03;1.8250000e+02;-4.3460160e-02;1.8250000e+02;-8.8946566e-02;1.8250000e+02;-1.2958154e-01;1.8250000e+02;-5.0858431e-02;1.8250000e+02;-6.8039251e-03;1.8250000e+02;5.9733577e-02;1.8250000e+02;1.4080301e-01;1.8250000e+02;2.2576505e-01;1.8250000e+02;2.7952245e-01;1.8250000e+02;2.8539687e-01;1.8250000e+02;3.2403272e-01;1.8250000e+02;3.0492538e-01;1.8250000e+02;2.3990241e-01;1.8250000e+02;1.8130206e-01;1.8250000e+02;1.3167514e-01;1.8250000e+02;8.6441092e-02;1.8250000e+02;4.4568777e-02;1.8250000e+02;1.9459054e-03;1.8250000e+02;-4.3460160e-02;1.8250000e+02;-8.8946566e-02;1.8250000e+02;-1.2958154e-01;1.8250000e+02;-5.0858431e-02;1.8250000e+02;-6.8039251e-03;1.8250000e+02;5.9733577e-02;1.8250000e+02;1.4080301e-01;1.8250000e+02;2.2576505e-01;1.8250000e+02;2.7952245e-01;1.8250000e+02;2.8539687e-01;1.8250000e+02;3.2403272e-01;1.8250000e+02;3.0492538e-01;1.8250000e+02;2.3990241e-01;1.8250000e+02;1.8130206e-01;1.8250000e+02;1.3167514e-01;1.8250000e+02;8.6441092e-02;1.8250000e+02;4.4568777e-02;1.8250000e+02;1.9459054e-03;1.8250000e+02;-4.3460160e-02;1.8250000e+02;-8.8946566e-02;1.8250000e+02;-1.2958154e-01;1.8250000e+02;-5.0858431e-02;1.8250000e+02;-6.8039251e-03;1.8250000e+02;5.9733577e-02;1.8250000e+02;1.4080301e-01;1.8250000e+02;2.2576505e-01;1.8250000e+02;2.7952245e-01;1.8250000e+02;2.8539687e-01;1.8250000e+02;3.2403272e-01;1.8250000e+02;3.0492538e-01;1.8250000e+02;2.3990241e-01;1.8250000e+02;1.8130206e-01;1.8250000e+02;1.3167514e-01;1.8250000e+02;8.6441092e-02;1.8250000e+02;4.4568777e-02;1.8250000e+02;1.9459054e-03;1.8250000e+02;-4.3460160e-02;1.8250000e+02;-8.8946566e-02;1.8250000e+02;-1.2958154e-01;1.8250000e+02;-5.0858431e-02;1.8250000e+02;-6.8039251e-03;1.8250000e+02;5.9733577e-02;1.8250000e+02;1.4080301e-01;1.8250000e+02;2.2576505e-01;1.8250000e+02;2.7952245e-01;1.8250000e+02;2.8539687e-01;1.8250000e+02;3.2403272e-01;1.8250000e+02;3.0492538e-01;1.8250000e+02;2.3990241e-01;1.8250000e+02;1.8130206e-01;1.8250000e+02;1.3167514e-01;1.8250000e+02;8.6441092e-02;1.8250000e+02;4.4568777e-02;1.8250000e+02;1.9459054e-03;1.8250000e+02;-4.3460160e-02;1.8250000e+02;-8.8946566e-02;1.8250000e+02;-1.2958154e-01;1.8250000e+02;-5.0858431e-02;1.8250000e+02;-6.8039251e-03;1.8250000e+02;5.9733577e-02;1.8250000e+02;1.4080301e-01;1.8250000e+02;2.2576505e-01;1.8250000e+02;2.7952245e-01;1.8250000e+02;2.8539687e-01;1.8250000e+02;3.2403272e-01;1.8250000e+02;3.0492538e-01;1.8250000e+02;2.3990241e-01;1.8250000e+02;1.8130206e-01;1.8250000e+02;1.3167514e-01;1.8250000e+02;8.6441092e-02;1.8250000e+02;4.4568777e-02;1.8250000e+02;1.9459054e-03;1.8250000e+02;-4.3460160e-02;1.8250000e+02;-8.8946566e-02;1.8250000e+02;-1.2958154e-01;1.8250000e+02;-5.0858431e-02;1.8250000e+02;-6.8039251e-03;1.8250000e+02;5.9733577e-02;1.8250000e+02;1.4080301e-01;1.8250000e+02;2.2576505e-01;1.8250000e+02;2.7952245e-01;1.8250000e+02;2.8539687e-01;1.8250000e+02;3.2403272e-01;1.8250000e+02;3.0492538e-01;1.8250000e+02;2.3990241e-01;1.8250000e+02;1.8130206e-01;1.8250000e+02;1.3167514e-01;1.8250000e+02;8.6441092e-02;1.8250000e+02;4.4568777e-02;1.8250000e+02;1.9459054e-03;1.8250000e+02;-4.3460160e-02;1.8250000e+02;-8.8946566e-02;1.8250000e+02;-1.2958154e-01;1.8250000e+02;-5.0858431e-02;1.8250000e+02;-6.8039251e-03;1.8250000e+02;5.9733577e-02;1.8250000e+02;1.4080301e-01;1.8250000e+02;2.2576505e-01;1.8250000e+02;2.7952245e-01;1.8250000e+02;2.8539687e-01;1.8250000e+02;3.2403272e-01;1.8250000e+02;3.0492538e-01;1.8250000e+02;2.3990241e-01;1.8250000e+02;1.8130206e-01;1.8250000e+02;1.3167514e-01;1.8250000e+02;8.6441092e-02;1.8250000e+02;4.4568777e-02;1.8250000e+02;1.9459054e-03;1.8250000e+02;-4.3460160e-02;1.8250000e+02;-8.8946566e-02;1.8250000e+02;-1.2958154e-01;1.8250000e+02;-5.0858431e-02;1.8250000e+02;-6.8039251e-03;1.8250000e+02;5.9733577e-02;1.8250000e+02;1.4080301e-01;1.8250000e+02;2.2576505e-01;1.8250000e+02;2.7952245e-01;1.8250000e+02;2.8539687e-01;1.8250000e+02;3.2403272e-01;1.8250000e+02;3.0492538e-01;1.8250000e+02;2.3990241e-01;1.8250000e+02;1.8130206e-01;1.8250000e+02;1.3167514e-01;1.8250000e+02;8.6441092e-02;1.8250000e+02;4.4568777e-02;1.8250000e+02;1.9459054e-03;1.8250000e+02;-4.3460160e-02;1.8250000e+02;-8.8946566e-02;1.8250000e+02;-1.2958154e-01;1.8250000e+02;-5.0858431e-02;1.8250000e+02;-6.8039251e-03;1.8250000e+02;5.9733577e-02;1.8250000e+02;1.4080301e-01;1.8250000e+02;2.2576505e-01;1.8250000e+02;2.7952245e-01;1.8250000e+02;2.8539687e-01;1.8250000e+02;3.2403272e-01;1.8250000e+02;3.0492538e-01;1.8250000e+02;2.3990241e-01;1.8250000e+02;1.8130206e-01;1.8250000e+02;1.3167514e-01;1.8250000e+02;8.6441092e-02;1.8250000e+02;4.4568777e-02;1.8250000e+02;1.9459054e-03;1.8250000e+02;-4.3460160e-02;1.8250000e+02;-8.8946566e-02;1.8250000e+02;-1.2958154e-01;1.8250000e+02;-5.0858431e-02;1.8250000e+02;-6.8039251e-03;1.8250000e+02;5.9733577e-02;1.8250000e+02;1.4080301e-01;1.8250000e+02;2.2576505e-01;1.8250000e+02;2.7952245e-01;1.8250000e+02;2.8539687e-01;1.8250000e+02;3.2403272e-01;1.8250000e+02;3.0492538e-01;1.8250000e+02;2.3990241e-01;1.8250000e+02;1.8130206e-01;1.8250000e+02;1.3167514e-01;1.8250000e+02;8.6441092e-02;1.8250000e+02;4.4568777e-02;1.8250000e+02;1.9459054e-03;1.8250000e+02;-4.3460160e-02;1.8250000e+02;-8.8946566e-02;1.8250000e+02;-1.2958154e-01;1.8250000e+02;-5.0858431e-02;1.8250000e+02;-6.8039251e-03;1.8250000e+02;5.9733577e-02;1.8250000e+02;1.4080301e-01;1.8250000e+02;2.2576505e-01;1.8250000e+02;2.7952245e-01;1.8250000e+02;2.8539687e-01;1.8250000e+02;3.2403272e-01;1.8250000e+02;3.0492538e-01;1.8250000e+02;2.3990241e-01;1.8250000e+02;1.8130206e-01;1.8250000e+02;1.3167514e-01;1.8250000e+02;8.6441092e-02;1.8250000e+02;4.4568777e-02;1.8250000e+02;1.9459054e-03;1.8250000e+02;-4.3460160e-02;1.8250000e+02;-8.8946566e-02;1.8250000e+02;-1.2958154e-01;1.8250000e+02;-5.0858431e-02;1.8250000e+02;-6.8039251e-03;1.8250000e+02;5.9733577e-02;1.8250000e+02;1.4080301e-01;1.8250000e+02;2.2576505e-01;1.8250000e+02;2.7952245e-01;1.8250000e+02;2.8539687e-01;1.8250000e+02;3.2403272e-01;1.8250000e+02;3.0492538e-01;1.8250000e+02;2.3990241e-01;1.8250000e+02;1.8130206e-01;1.8250000e+02;1.3167514e-01;1.8250000e+02;8.6441092e-02;1.8250000e+02;4.4568777e-02;1.8250000e+02;1.9459054e-03;1.8250000e+02;-4.3460160e-02;1.8250000e+02;-8.8946566e-02;1.8250000e+02;-1.2958154e-01;1.8250000e+02;-5.0858431e-02;1.8250000e+02;-6.8039251e-03;1.8250000e+02;5.9733577e-02;1.8250000e+02;1.4080301e-01;1.8250000e+02;2.2576505e-01;1.8250000e+02;2.7952245e-01;1.8250000e+02;2.8539687e-01;1.8250000e+02;3.2403272e-01;1.8250000e+02;3.0492538e-01;1.8250000e+02;2.3990241e-01;1.8250000e+02;1.8130206e-01;1.8250000e+02;1.3167514e-01;1.8250000e+02;8.6441092e-02;1.8250000e+02;4.4568777e-02;1.8250000e+02;1.9459054e-03;1.8250000e+02;-4.3460160e-02;1.8250000e+02;-8.8946566e-02;1.8250000e+02;-1.2958154e-01;1.8250000e+02;-5.0858431e-02;1.8250000e+02;-6.8039251e-03;1.8250000e+02;5.9733577e-02;1.8250000e+02;1.4080301e-01;1.8250000e+02;2.2576505e-01;1.8250000e+02;2.7952245e-01;1.8250000e+02;2.8539687e-01;1.8250000e+02;3.2403272e-01;1.8250000e+02;3.0492538e-01;1.8250000e+02;2.3990241e-01;1.8250000e+02;1.8130206e-01;1.8250000e+02;1.3167514e-01;1.8250000e+02;8.6441092e-02;1.8250000e+02;4.4568777e-02;1.8250000e+02;1.9459054e-03;1.8250000e+02;-4.3460160e-02;1.8250000e+02;-8.8946566e-02;1.8250000e+02;-1.2958154e-01;1.8250000e+02;-5.0858431e-02;1.8250000e+02;-6.8039251e-03;1.8250000e+02;5.9733577e-02;1.8250000e+02;1.4080301e-01;1.8250000e+02;2.2576505e-01;1.8250000e+02;2.7952245e-01;1.8250000e+02;2.8539687e-01;1.8250000e+02;3.2403272e-01;1.8250000e+02;3.0492538e-01;1.8250000e+02;2.3990241e-01;1.8250000e+02;1.8130206e-01;1.8250000e+02;1.3167514e-01;1.8250000e+02;8.6441092e-02;1.8250000e+02;4.4568777e-02;1.8250000e+02;1.9459054e-03;1.8250000e+02;-4.3460160e-02;1.8250000e+02;-8.8946566e-02;1.8250000e+02;-1.2958154e-01;1.8250000e+02;-5.0858431e-02;1.8250000e+02;-6.8039251e-03;1.8250000e+02;5.9733577e-02;1.8250000e+02;1.4080301e-01;1.8250000e+02;2.2576505e-01;1.8250000e+02;2.7952245e-01;1.8250000e+02;2.8539687e-01;1.8250000e+02;3.2403272e-01;1.8250000e+02;3.0492538e-01;1.8250000e+02;2.3990241e-01;1.8250000e+02;1.8130206e-01;1.8250000e+02;1.3167514e-01;1.8250000e+02;8.6441092e-02;1.8250000e+02;4.4568777e-02;1.8250000e+02;1.9459054e-03;1.8250000e+02;-4.3460160e-02;1.8250000e+02;-8.8946566e-02;1.8250000e+02;-1.2958154e-01;1.8250000e+02;-5.0858431e-02;1.8250000e+02;-6.8039251e-03;1.8250000e+02;5.9733577e-02;1.8250000e+02;1.4080301e-01;1.8250000e+02;2.2576505e-01;1.8250000e+02;2.7952245e-01;1.8250000e+02;2.8539687e-01;1.8250000e+02;3.2403272e-01;1.8250000e+02;3.0492538e-01;1.8250000e+02;2.3990241e-01;1.8250000e+02;1.8130206e-01;1.8250000e+02;1.3167514e-01;1.8250000e+02;8.6441092e-02;1.8250000e+02;4.4568777e-02;1.8250000e+02;1.9459054e-03;1.8250000e+02;-4.3460160e-02;1.8250000e+02;-8.8946566e-02;1.8250000e+02;-1.2958154e-01;1.8250000e+02;-5.0858431e-02;1.8250000e+02;-6.8039251e-03;1.8250000e+02;5.9733577e-02;1.8250000e+02;1.4080301e-01;1.8250000e+02;2.2576505e-01;1.8250000e+02;2.7952245e-01;1.8250000e+02;2.8539687e-01;1.8250000e+02;3.2403272e-01;1.8250000e+02;3.0492538e-01;1.8250000e+02;2.3990241e-01;1.8250000e+02;1.8130206e-01;1.8250000e+02;1.3167514e-01;1.8250000e+02;8.6441092e-02;1.8250000e+02;4.4568777e-02;1.8250000e+02;1.9459054e-03;1.8250000e+02;-4.3460160e-02;1.8250000e+02;-8.8946566e-02;1.8250000e+02;-1.2958154e-01;1.8250000e+02;-5.0858431e-02;1.8250000e+02;-6.8039251e-03;1.8250000e+02;5.9733577e-02;1.8250000e+02;1.4080301e-01;1.8250000e+02;2.2576505e-01;1.8250000e+02;2.7952245e-01;1.8250000e+02;2.8539687e-01;1.8250000e+02;3.2403272e-01;1.8250000e+02;3.0492538e-01;1.8250000e+02;2.3990241e-01;1.8250000e+02;1.8130206e-01;1.8250000e+02;1.3167514e-01;1.8250000e+02;8.6441092e-02;1.8250000e+02;4.4568777e-02;1.8250000e+02;1.9459054e-03;1.8250000e+02;-4.3460160e-02;1.8250000e+02;-8.8946566e-02;1.8250000e+02;-1.2958154e-01;1.8250000e+02;-5.0858431e-02;1.8250000e+02;-6.8039251e-03;1.8250000e+02;5.9733577e-02;1.8250000e+02;1.4080301e-01;1.8250000e+02;2.2576505e-01;1.8250000e+02;2.7952245e-01;1.8250000e+02;2.8539687e-01;1.8250000e+02;3.2403272e-01;1.8250000e+02;3.0492538e-01;1.8250000e+02;2.3990241e-01;1.8250000e+02;1.8130206e-01;1.8250000e+02;1.3167514e-01;1.8250000e+02;8.6441092e-02;1.8250000e+02;4.4568777e-02;1.8250000e+02;1.9459054e-03;1.8250000e+02;-4.3460160e-02;1.8250000e+02;-8.8946566e-02;1.8250000e+02;-1.2958154e-01;1.8250000e+02;-5.0858431e-02;1.8250000e+02;-6.8039251e-03;1.8250000e+02;5.9733577e-02;1.8250000e+02;1.4080301e-01;1.8250000e+02;2.2576505e-01;1.8250000e+02;2.7952245e-01;1.8250000e+02;2.8539687e-01;1.8250000e+02;3.2403272e-01;1.8250000e+02;3.0492538e-01;1.8250000e+02;2.3990241e-01;1.8250000e+02;1.8130206e-01;1.8250000e+02;1.3167514e-01;1.8250000e+02;8.6441092e-02;1.8250000e+02;4.4568777e-02;1.8250000e+02;1.9459054e-03;1.8250000e+02;-4.3460160e-02;1.8250000e+02;-8.8946566e-02;1.8250000e+02;-1.2958154e-01;1.8250000e+02;-5.0858431e-02;1.8250000e+02;-6.8039251e-03;1.8250000e+02;5.9733577e-02;1.8250000e+02;1.4080301e-01;1.8250000e+02;2.2576505e-01;1.8250000e+02;2.7952245e-01;1.8250000e+02;2.8539687e-01;1.8250000e+02;3.2403272e-01;1.8250000e+02;3.0492538e-01;1.8250000e+02;2.3990241e-01;1.8250000e+02;1.8130206e-01;1.8250000e+02;1.3167514e-01;1.8250000e+02;8.6441092e-02;1.8250000e+02;4.4568777e-02;1.8250000e+02;1.9459054e-03;1.8250000e+02;-4.3460160e-02;1.8250000e+02;-8.8946566e-02;1.8250000e+02;-1.2958154e-01;1.8250000e+02;-5.0858431e-02;1.8250000e+02;-6.8039251e-03;1.8250000e+02;5.9733577e-02;1.8250000e+02;1.4080301e-01;1.8250000e+02;2.2576505e-01;1.8250000e+02;2.7952245e-01;1.8250000e+02;2.8539687e-01;1.8250000e+02;3.2403272e-01;1.8250000e+02;3.0492538e-01;1.8250000e+02;2.3990241e-01;1.8250000e+02;1.8130206e-01;1.8250000e+02;1.3167514e-01;1.8250000e+02;8.6441092e-02;1.8250000e+02;4.4568777e-02;1.8250000e+02;1.9459054e-03;1.8250000e+02;-4.3460160e-02;1.8250000e+02;-8.8946566e-02;1.8250000e+02;-1.2958154e-01;1.8250000e+02;-5.0858431e-02;1.8250000e+02;-6.8039251e-03;1.8250000e+02;5.9733577e-02;1.8250000e+02;1.4080301e-01;1.8250000e+02;2.2576505e-01;1.8250000e+02;2.7952245e-01;1.8250000e+02;2.8539687e-01;1.8250000e+02;3.2403272e-01;1.8250000e+02;3.0492538e-01;1.8250000e+02;2.3990241e-01;1.8250000e+02;1.8130206e-01;1.8250000e+02;1.3167514e-01;1.8250000e+02;8.6441092e-02;1.8250000e+02;4.4568777e-02;1.8250000e+02;1.9459054e-03;1.8250000e+02;-4.3460160e-02;1.8250000e+02;-8.8946566e-02;1.8250000e+02;-1.2958154e-01;1.8250000e+02;-5.0858431e-02;1.8250000e+02;-6.8039251e-03;1.8250000e+02;5.9733577e-02;1.8250000e+02;1.4080301e-01;1.8250000e+02;2.2576505e-01;1.8250000e+02;2.7952245e-01;1.8250000e+02;2.8539687e-01;1.8250000e+02;3.2403272e-01;1.8250000e+02;3.0492538e-01;1.8250000e+02;2.3990241e-01;1.8250000e+02;1.8130206e-01;1.8250000e+02;1.3167514e-01;1.8250000e+02;8.6441092e-02;1.8250000e+02;4.4568777e-02;1.8250000e+02;1.9459054e-03;1.8250000e+02;-4.3460160e-02;1.8250000e+02;-8.8946566e-02;1.8250000e+02;-1.2958154e-01;1.8250000e+02;-5.0858431e-02;1.8250000e+02;-6.8039251e-03;1.8250000e+02;5.9733577e-02;1.8250000e+02;1.4080301e-01;1.8250000e+02;2.2576505e-01;1.8250000e+02;2.7952245e-01;1.8250000e+02;2.8539687e-01;1.8250000e+02;3.2403272e-01;1.8250000e+02;3.0492538e-01;1.8250000e+02;2.3990241e-01;1.8250000e+02;1.8130206e-01;1.8250000e+02;1.3167514e-01;1.8250000e+02;8.6441092e-02;1.8250000e+02;4.4568777e-02;1.8250000e+02;1.9459054e-03;1.8250000e+02;-4.3460160e-02;1.8250000e+02;-8.8946566e-02;1.8250000e+02;-1.2958154e-01;1.8250000e+02;-5.0858431e-02;1.8250000e+02;-6.8039251e-03;1.8250000e+02;5.9733577e-02;1.8250000e+02;1.4080301e-01;1.8250000e+02;2.2576505e-01;1.8250000e+02;2.7952245e-01;1.8250000e+02;2.8539687e-01;1.8250000e+02;3.2403272e-01;1.8250000e+02;3.0492538e-01;1.8250000e+02;2.3990241e-01;1.8250000e+02;1.8130206e-01;1.8250000e+02;1.3167514e-01;1.8250000e+02;8.6441092e-02;1.8250000e+02;4.4568777e-02;1.8250000e+02;1.9459054e-03;1.8250000e+02;-4.3460160e-02;1.8250000e+02;-8.8946566e-02;1.8250000e+02;-1.2958154e-01;1.8250000e+02;-5.0858431e-02;1.8250000e+02;-6.8039251e-03;1.8250000e+02;5.9733577e-02;1.8250000e+02;1.4080301e-01;1.8250000e+02;2.2576505e-01;1.8250000e+02;2.7952245e-01;1.8250000e+02;2.8539687e-01;1.8250000e+02;3.2403272e-01;1.8250000e+02;3.0492538e-01;1.8250000e+02;2.3990241e-01;1.8250000e+02;1.8130206e-01;1.8250000e+02;1.3167514e-01;1.8250000e+02;8.6441092e-02;1.8250000e+02;4.4568777e-02;1.8250000e+02;1.9459054e-03;1.8250000e+02;-4.3460160e-02;1.8250000e+02;-8.8946566e-02;1.8250000e+02;-1.2958154e-01;1.8250000e+02;-5.0858431e-02;1.8250000e+02;-6.8039251e-03;1.8250000e+02;5.9733577e-02;1.8250000e+02;1.4080301e-01;1.8250000e+02;2.2576505e-01;1.8250000e+02;2.7952245e-01;1.8250000e+02;2.8539687e-01;1.8250000e+02;3.2403272e-01;1.8250000e+02;3.0492538e-01;1.8250000e+02;2.3990241e-01;1.8250000e+02;1.8130206e-01;1.8250000e+02;1.3167514e-01;1.8250000e+02;8.6441092e-02;1.8250000e+02;4.4568777e-02;1.8250000e+02;1.9459054e-03;1.8250000e+02;-4.3460160e-02;1.8250000e+02;-8.8946566e-02;1.8250000e+02;-1.2958154e-01;1.8250000e+02;-5.0858431e-02;1.8250000e+02;-6.8039251e-03;1.8250000e+02;5.9733577e-02;1.8250000e+02;1.4080301e-01;1.8250000e+02;2.2576505e-01;1.8250000e+02;2.7952245e-01;1.8250000e+02;2.8539687e-01;1.8250000e+02;3.2403272e-01;1.8250000e+02;3.0492538e-01;1.8250000e+02;2.3990241e-01;1.8250000e+02;1.8130206e-01;1.8250000e+02;1.3167514e-01;1.8250000e+02;8.6441092e-02;1.8250000e+02;4.4568777e-02;1.8250000e+02;1.9459054e-03;1.8250000e+02;-4.3460160e-02;1.8250000e+02;-8.8946566e-02;1.8250000e+02;-1.2958154e-01;1.8250000e+02;-5.0858431e-02;1.8250000e+02;-6.8039251e-03;1.8250000e+02;5.9733577e-02;1.8250000e+02;1.4080301e-01;1.8250000e+02;2.2576505e-01;1.8250000e+02;2.7952245e-01;1.8250000e+02;2.8539687e-01;1.8250000e+02;3.2403272e-01;1.8250000e+02;3.0492538e-01;1.8250000e+02;2.3990241e-01;1.8250000e+02;1.8130206e-01;1.8250000e+02;1.3167514e-01;1.8250000e+02;8.6441092e-02;1.8250000e+02;4.4568777e-02;1.8250000e+02;1.9459054e-03;1.8250000e+02;-4.3460160e-02;1.8250000e+02;-8.8946566e-02;1.8250000e+02;-1.2958154e-01;1.8250000e+02;-5.0858431e-02;1.8250000e+02;-6.8039251e-03;1.8250000e+02;5.9733577e-02;1.8250000e+02;1.4080301e-01;1.8250000e+02;2.2576505e-01;1.8250000e+02;2.7952245e-01;1.8250000e+02;2.8539687e-01;1.8250000e+02;3.2403272e-01;1.8250000e+02;3.0492538e-01;1.8250000e+02;2.3990241e-01;1.8250000e+02;1.8130206e-01;1.8250000e+02;1.3167514e-01;1.8250000e+02;8.6441092e-02;1.8250000e+02;4.4568777e-02;1.8250000e+02;1.9459054e-03;1.8250000e+02;-4.3460160e-02;1.8250000e+02;-8.8946566e-02;1.8250000e+02;-1.2958154e-01;1.8250000e+02;-5.0858431e-02;1.8250000e+02;-6.8039251e-03;1.8250000e+02;5.9733577e-02;1.8250000e+02;1.4080301e-01;1.8250000e+02;2.2576505e-01;1.8250000e+02;2.7952245e-01;1.8250000e+02;2.8539687e-01;1.8250000e+02;3.2403272e-01;1.8250000e+02;3.0492538e-01;1.8250000e+02;2.3990241e-01;1.8250000e+02;1.8130206e-01;1.8250000e+02;1.3167514e-01;1.8250000e+02;8.6441092e-02;1.8250000e+02;4.4568777e-02;1.8250000e+02;1.9459054e-03;1.8250000e+02;-4.3460160e-02;1.8250000e+02;-8.8946566e-02;1.8250000e+02;-1.2958154e-01;1.8250000e+02;-5.0858431e-02;1.8250000e+02;-6.8039251e-03;1.8250000e+02;5.9733577e-02;1.8250000e+02;1.4080301e-01;1.8250000e+02;2.2576505e-01;1.8250000e+02;2.7952245e-01;1.8250000e+02;2.8539687e-01;1.8250000e+02;3.2403272e-01;1.8250000e+02;3.0492538e-01;1.8250000e+02;2.3990241e-01;1.8250000e+02;1.8130206e-01;1.8250000e+02;1.3167514e-01;1.8250000e+02;8.6441092e-02;1.8250000e+02;4.4568777e-02;1.8250000e+02;1.9459054e-03;1.8250000e+02;-4.3460160e-02;1.8250000e+02;-8.8946566e-02;1.8250000e+02;-1.2958154e-01;1.8250000e+02;-5.0858431e-02;1.8250000e+02;-6.8039251e-03;1.8250000e+02;5.9733577e-02;1.8250000e+02;1.4080301e-01;1.8250000e+02;2.2576505e-01;1.8250000e+02;2.7952245e-01;1.8250000e+02;2.8539687e-01;1.8250000e+02;3.2403272e-01;1.8250000e+02;3.0492538e-01;1.8250000e+02;2.3990241e-01;1.8250000e+02;1.8130206e-01;1.8250000e+02;1.3167514e-01;1.8250000e+02;8.6441092e-02;1.8250000e+02;4.4568777e-02;1.8250000e+02;1.9459054e-03;1.8250000e+02;-4.3460160e-02;1.8250000e+02;-8.8946566e-02;1.8250000e+02;-1.2958154e-01;1.8250000e+02;-5.0858431e-02;1.8250000e+02;-6.8039251e-03;1.8250000e+02;5.9733577e-02;1.8250000e+02;1.4080301e-01;1.8250000e+02;2.2576505e-01;1.8250000e+02;2.7952245e-01;1.8250000e+02;2.8539687e-01;1.8250000e+02;3.2403272e-01;1.8250000e+02;3.0492538e-01;1.8250000e+02;2.3990241e-01;1.8250000e+02;1.8130206e-01;1.8250000e+02;1.3167514e-01;1.8250000e+02;8.6441092e-02;1.8250000e+02;4.4568777e-02;1.8250000e+02;1.9459054e-03;1.8250000e+02;-4.3460160e-02;1.8250000e+02;-8.8946566e-02;1.8250000e+02;-1.2958154e-01;1.8250000e+02;-5.0858431e-02;1.8250000e+02;-6.8039251e-03;1.8250000e+02;5.9733577e-02;1.8250000e+02;1.4080301e-01;1.8250000e+02;2.2576505e-01;1.8250000e+02;2.7952245e-01;1.8250000e+02;2.8539687e-01;1.8250000e+02;3.2403272e-01;1.8250000e+02;3.0492538e-01;1.8250000e+02;2.3990241e-01;1.8250000e+02;1.8130206e-01;1.8250000e+02;1.3167514e-01;1.8250000e+02;8.6441092e-02;1.8250000e+02;4.4568777e-02;1.8250000e+02;1.9459054e-03;1.8250000e+02;-4.3460160e-02;1.8250000e+02;-8.8946566e-02;1.8250000e+02;-1.2958154e-01;1.8250000e+02;-5.0858431e-02;1.8250000e+02;-6.8039251e-03;1.8250000e+02;5.9733577e-02;1.8250000e+02;1.4080301e-01;1.8250000e+02;2.2576505e-01;1.8250000e+02;2.7952245e-01;1.8250000e+02;2.8539687e-01;1.8250000e+02;3.2403272e-01;1.8250000e+02;3.0492538e-01;1.8250000e+02;2.3990241e-01;1.8250000e+02;1.8130206e-01;1.8250000e+02;1.3167514e-01;1.8250000e+02;8.6441092e-02;1.8250000e+02;4.4568777e-02;1.8250000e+02;1.9459054e-03;1.8250000e+02;-4.3460160e-02;1.8250000e+02;-8.8946566e-02;1.8250000e+02;-1.2958154e-01;1.8250000e+02;-5.0858431e-02;1.8250000e+02;-6.8039251e-03;1.8250000e+02;5.9733577e-02;1.8250000e+02;1.4080301e-01;1.8250000e+02;2.2576505e-01;1.8250000e+02;2.7952245e-01;1.8250000e+02;2.8539687e-01;1.8250000e+02;3.2403272e-01;1.8250000e+02;3.0492538e-01;1.8250000e+02;2.3990241e-01;1.8250000e+02;1.8130206e-01;1.8250000e+02;1.3167514e-01;1.8250000e+02;8.6441092e-02;1.8250000e+02;4.4568777e-02;1.8250000e+02;1.9459054e-03;1.8250000e+02;-4.3460160e-02;1.8250000e+02;-8.8946566e-02;1.8250000e+02;-1.2958154e-01;1.8250000e+02;-5.0858431e-02;1.8250000e+02;-6.8039251e-03;1.8250000e+02;5.9733577e-02;1.8250000e+02;1.4080301e-01;1.8250000e+02;2.2576505e-01;1.8250000e+02;2.7952245e-01;1.8250000e+02;2.8539687e-01;1.8250000e+02;3.2403272e-01;1.8250000e+02;3.0492538e-01;1.8250000e+02;2.3990241e-01;1.8250000e+02;1.8130206e-01;1.8250000e+02;1.3167514e-01;1.8250000e+02;8.6441092e-02;1.8250000e+02;4.4568777e-02;1.8250000e+02;1.9459054e-03;1.8250000e+02;-4.3460160e-02;1.8250000e+02;-8.8946566e-02;1.8250000e+02;-1.2958154e-01;1.8250000e+02;-5.0858431e-02;1.8250000e+02;-6.8039251e-03;1.8250000e+02;5.9733577e-02;1.8250000e+02;1.4080301e-01;1.8250000e+02;2.2576505e-01;1.8250000e+02;2.7952245e-01;1.8250000e+02;2.8539687e-01;1.8250000e+02;3.2403272e-01;1.8250000e+02;3.0492538e-01;1.8250000e+02;2.3990241e-01;1.8250000e+02;1.8130206e-01;1.8250000e+02;1.3167514e-01;1.8250000e+02;8.6441092e-02;1.8250000e+02;4.4568777e-02;1.8250000e+02;1.9459054e-03;1.8250000e+02;-4.3460160e-02;1.8250000e+02;-8.8946566e-02;1.8250000e+02;-1.2958154e-01;1.8250000e+02;-5.0858431e-02;1.8250000e+02;-6.8039251e-03;1.8250000e+02;5.9733577e-02;1.8250000e+02;1.4080301e-01;1.8250000e+02;2.2576505e-01;1.8250000e+02;2.7952245e-01;1.8250000e+02;2.8539687e-01;1.8250000e+02;3.2403272e-01;1.8250000e+02;3.0492538e-01;1.8250000e+02;2.3990241e-01;1.8250000e+02;1.8130206e-01;1.8250000e+02;1.3167514e-01;1.8250000e+02;8.6441092e-02;1.8250000e+02;4.4568777e-02;1.8250000e+02;1.9459054e-03;1.8250000e+02;-4.3460160e-02;1.8250000e+02;-8.8946566e-02;1.8250000e+02;-1.2958154e-01;1.8250000e+02;-5.0858431e-02;1.8250000e+02;-6.8039251e-03;1.8250000e+02;5.9733577e-02;1.8250000e+02;1.4080301e-01;1.8250000e+02;2.2576505e-01;1.8250000e+02;2.7952245e-01;1.8250000e+02;2.8539687e-01;1.8250000e+02;3.2403272e-01;1.8250000e+02;3.0492538e-01;1.8250000e+02;2.3990241e-01;1.8250000e+02;1.8130206e-01;1.8250000e+02;1.3167514e-01;1.8250000e+02;8.6441092e-02;1.8250000e+02;4.4568777e-02;1.8250000e+02;1.9459054e-03;1.8250000e+02;-4.3460160e-02;1.8250000e+02;-8.8946566e-02;1.8250000e+02;-1.2958154e-01;1.8250000e+02;-5.0858431e-02;1.8250000e+02;-6.8039251e-03;1.8250000e+02;5.9733577e-02;1.8250000e+02;1.4080301e-01;1.8250000e+02;2.2576505e-01;1.8250000e+02;2.7952245e-01;1.8250000e+02;2.8539687e-01;1.8250000e+02;3.2403272e-01;1.8250000e+02;3.0492538e-01;1.8250000e+02;2.3990241e-01;1.8250000e+02;1.8130206e-01;1.8250000e+02;1.3167514e-01;1.8250000e+02;8.6441092e-02;1.8250000e+02;4.4568777e-02;1.8250000e+02;1.9459054e-03;1.8250000e+02;-4.3460160e-02;1.8250000e+02;-8.8946566e-02;1.8250000e+02;-1.2958154e-01;1.8250000e+02;-5.0858431e-02;1.8250000e+02;-6.8039251e-03;1.8250000e+02;5.9733577e-02;1.8250000e+02;1.4080301e-01;1.8250000e+02;2.2576505e-01;1.8250000e+02;2.7952245e-01;1.8250000e+02;2.8539687e-01;1.8250000e+02;3.2403272e-01;1.8250000e+02;3.0492538e-01;1.8250000e+02;2.3990241e-01;1.8250000e+02;1.8130206e-01;1.8250000e+02;1.3167514e-01;1.8250000e+02;8.6441092e-02;1.8250000e+02;4.4568777e-02;1.8250000e+02;1.9459054e-03;1.8250000e+02;-4.3460160e-02;1.8250000e+02;-8.8946566e-02;1.8250000e+02;-1.2958154e-01;1.8250000e+02;-5.0858431e-02;1.8250000e+02;-6.8039251e-03;1.8250000e+02;5.9733577e-02;1.8250000e+02;1.4080301e-01;1.8250000e+02;2.2576505e-01;1.8250000e+02;2.7952245e-01;1.8250000e+02;2.8539687e-01;1.8250000e+02;3.2403272e-01;1.8250000e+02;3.0492538e-01;1.8250000e+02;2.3990241e-01;1.8250000e+02;1.8130206e-01;1.8250000e+02;1.3167514e-01;1.8250000e+02;8.6441092e-02;1.8250000e+02;4.4568777e-02;1.8250000e+02;1.9459054e-03;1.8250000e+02;-4.3460160e-02;1.8250000e+02;-8.8946566e-02;1.8250000e+02;-1.2958154e-01;1.8250000e+02;-5.0858431e-02;1.8250000e+02;-6.8039251e-03;1.8250000e+02;5.9733577e-02;1.8250000e+02;1.4080301e-01;1.8250000e+02;2.2576505e-01;1.8250000e+02;2.7952245e-01;1.8250000e+02;2.8539687e-01;1.8250000e+02;3.2403272e-01;1.8250000e+02;3.0492538e-01;1.8250000e+02;2.3990241e-01;1.8250000e+02;1.8130206e-01;1.8250000e+02;1.3167514e-01;1.8250000e+02;8.6441092e-02;1.8250000e+02;4.4568777e-02;1.8250000e+02;1.9459054e-03;1.8250000e+02;-4.3460160e-02;1.8250000e+02;-8.8946566e-02;1.8250000e+02;-1.2958154e-01;1.8250000e+02;-5.0858431e-02;1.8250000e+02;-6.8039251e-03;1.8250000e+02;5.9733577e-02;1.8250000e+02;1.4080301e-01;1.8250000e+02;2.2576505e-01;1.8250000e+02;2.7952245e-01;1.8250000e+02;2.8539687e-01;1.8250000e+02;3.2403272e-01;1.8250000e+02;3.0492538e-01;1.8250000e+02;2.3990241e-01;1.8250000e+02;1.8130206e-01;1.8250000e+02;1.3167514e-01;1.8250000e+02;8.6441092e-02;1.8250000e+02;4.4568777e-02;1.8250000e+02;1.9459054e-03;1.8250000e+02;-4.3460160e-02;1.8250000e+02;-8.8946566e-02;1.8250000e+02;-1.2958154e-01;1.8250000e+02;-5.0858431e-02;1.8250000e+02;-6.8039251e-03;1.8250000e+02;5.9733577e-02;1.8250000e+02;1.4080301e-01;1.8250000e+02;2.2576505e-01;1.8250000e+02;2.7952245e-01;1.8250000e+02;2.8539687e-01;1.8250000e+02;3.2403272e-01;1.8250000e+02;3.0492538e-01;1.8250000e+02;2.3990241e-01;1.8250000e+02;1.8130206e-01;1.8250000e+02;1.3167514e-01;1.8250000e+02;8.6441092e-02;1.8250000e+02;4.4568777e-02;1.8250000e+02;1.9459054e-03;1.8250000e+02;-4.3460160e-02;1.8250000e+02;-8.8946566e-02;1.8250000e+02;-1.2958154e-01;1.8250000e+02;-5.0858431e-02;1.8250000e+02;-6.8039251e-03;1.8250000e+02;5.9733577e-02;1.8250000e+02;1.4080301e-01;1.8250000e+02;2.2576505e-01;1.8250000e+02;2.7952245e-01;1.8250000e+02;2.8539687e-01;1.8250000e+02;3.2403272e-01;1.8250000e+02;3.0492538e-01;1.8250000e+02;2.3990241e-01;1.8250000e+02;1.8130206e-01;1.8250000e+02;1.3167514e-01;1.8250000e+02;8.6441092e-02;1.8250000e+02;4.4568777e-02;1.8250000e+02;1.9459054e-03;1.8250000e+02;-4.3460160e-02;1.8250000e+02;-8.8946566e-02;1.8250000e+02;-1.2958154e-01;1.8250000e+02;-5.0858431e-02;1.8250000e+02;-6.8039251e-03;1.8250000e+02;5.9733577e-02;1.8250000e+02;1.4080301e-01;1.8250000e+02;2.2576505e-01;1.8250000e+02;2.7952245e-01;1.8250000e+02;2.8539687e-01;1.8250000e+02;3.2403272e-01;1.8250000e+02;3.0492538e-01;1.8250000e+02;2.3990241e-01;1.8250000e+02;1.8130206e-01;1.8250000e+02;1.3167514e-01;1.8250000e+02;8.6441092e-02;1.8250000e+02;4.4568777e-02;1.8250000e+02;1.9459054e-03;1.8250000e+02;-4.3460160e-02;1.8250000e+02;-8.8946566e-02;1.8250000e+02;-1.2958154e-01;1.8250000e+02;-5.0858431e-02;1.8250000e+02;-6.8039251e-03;1.8250000e+02;5.9733577e-02;1.8250000e+02;1.4080301e-01;1.8250000e+02;2.2576505e-01;1.8250000e+02;2.7952245e-01;1.8250000e+02;2.8539687e-01;1.8250000e+02;3.2403272e-01;1.8250000e+02;3.0492538e-01;1.8250000e+02;2.3990241e-01;1.8250000e+02;1.8130206e-01;1.8250000e+02;1.3167514e-01;1.8250000e+02;8.6441092e-02;1.8250000e+02;4.4568777e-02;1.8250000e+02;1.9459054e-03;1.8250000e+02;-4.3460160e-02;1.8250000e+02;-8.8946566e-02;1.8250000e+02;-1.2958154e-01;1.8250000e+02;-5.0858431e-02;1.8250000e+02;-6.8039251e-03;1.8250000e+02;5.9733577e-02;1.8250000e+02;1.4080301e-01;1.8250000e+02;2.2576505e-01;1.8250000e+02;2.7952245e-01;1.8250000e+02;2.8539687e-01;1.8250000e+02;3.2403272e-01;1.8250000e+02;3.0492538e-01;1.8250000e+02;2.3990241e-01;1.8250000e+02;1.8130206e-01;1.8250000e+02;1.3167514e-01;1.8250000e+02;8.6441092e-02;1.8250000e+02;4.4568777e-02;1.8250000e+02;1.9459054e-03;1.8250000e+02;-4.3460160e-02;1.8250000e+02;-8.8946566e-02;1.8250000e+02;-1.2958154e-01;1.8250000e+02;-5.0858431e-02;1.8250000e+02;-6.8039251e-03;1.8250000e+02;5.9733577e-02;1.8250000e+02;1.4080301e-01;1.8250000e+02;2.2576505e-01;1.8250000e+02;2.7952245e-01;1.8250000e+02;2.8539687e-01;1.8250000e+02;3.2403272e-01;1.8250000e+02;3.0492538e-01;1.8250000e+02;2.3990241e-01;1.8250000e+02;1.8130206e-01;1.8250000e+02;1.3167514e-01;1.8250000e+02;8.6441092e-02;1.8250000e+02;4.4568777e-02;1.8250000e+02;1.9459054e-03;1.8250000e+02;-4.3460160e-02;1.8250000e+02;-8.8946566e-02;1.8250000e+02;-1.2958154e-01;1.8250000e+02;-5.0858431e-02;1.8250000e+02;-6.8039251e-03;1.8250000e+02;5.9733577e-02;1.8250000e+02;1.4080301e-01;1.8250000e+02;2.2576505e-01;1.8250000e+02;2.7952245e-01;1.8250000e+02;2.8539687e-01;1.8250000e+02;3.2403272e-01;1.8250000e+02;3.0492538e-01;1.8250000e+02;2.3990241e-01;1.8250000e+02;1.8130206e-01;1.8250000e+02;1.3167514e-01;1.8250000e+02;8.6441092e-02;1.8250000e+02;4.4568777e-02;1.8250000e+02;1.9459054e-03;1.8250000e+02;-4.3460160e-02;1.8250000e+02;-8.8946566e-02;1.8250000e+02;-1.2958154e-01;1.8250000e+02;-5.0858431e-02;1.8250000e+02;-6.8039251e-03;1.8250000e+02;5.9733577e-02;1.8250000e+02;1.4080301e-01;1.8250000e+02;2.2576505e-01;1.8250000e+02;2.7952245e-01;1.8250000e+02;2.8539687e-01;1.8250000e+02;3.2403272e-01;1.8250000e+02;3.0492538e-01;1.8250000e+02;2.3990241e-01;1.8250000e+02;1.8130206e-01;1.8250000e+02;1.3167514e-01;1.8250000e+02;8.6441092e-02;1.8250000e+02;4.4568777e-02;1.8250000e+02;1.9459054e-03;1.8250000e+02;-4.3460160e-02;1.8250000e+02;-8.8946566e-02;1.8250000e+02;-1.2958154e-01;1.8250000e+02;-5.0858431e-02;1.8250000e+02;-6.8039251e-03;1.8250000e+02;5.9733577e-02;1.8250000e+02;1.4080301e-01;1.8250000e+02;2.2576505e-01;1.8250000e+02;2.7952245e-01;1.8250000e+02;2.8539687e-01;1.8250000e+02;3.2403272e-01;1.8250000e+02;3.0492538e-01;1.8250000e+02;2.3990241e-01;1.8250000e+02;1.8130206e-01;1.8250000e+02;1.3167514e-01;1.8250000e+02;8.6441092e-02;1.8250000e+02;4.4568777e-02;1.8250000e+02;1.9459054e-03;1.8250000e+02;-4.3460160e-02;1.8250000e+02;-8.8946566e-02;1.8250000e+02;-1.2958154e-01;1.8250000e+02;-5.0858431e-02;1.8250000e+02;-6.8039251e-03;1.8250000e+02;5.9733577e-02;1.8250000e+02;1.4080301e-01;1.8250000e+02;2.2576505e-01;1.8250000e+02;2.7952245e-01;1.8250000e+02;2.8539687e-01;1.8250000e+02;3.2403272e-01;1.8250000e+02;3.0492538e-01;1.8250000e+02;2.3990241e-01;1.8250000e+02;1.8130206e-01;1.8250000e+02;1.3167514e-01;1.8250000e+02;8.6441092e-02;1.8250000e+02;4.4568777e-02;1.8250000e+02;1.9459054e-03;1.8250000e+02;-4.3460160e-02;1.8250000e+02;-8.8946566e-02;1.8250000e+02;-1.2958154e-01;1.8250000e+02;-5.0858431e-02;1.8250000e+02;-6.8039251e-03;1.8250000e+02;5.9733577e-02;1.8250000e+02;1.4080301e-01;1.8250000e+02;2.2576505e-01;1.8250000e+02;2.7952245e-01;1.8250000e+02;2.8539687e-01;1.8250000e+02;3.2403272e-01;1.8250000e+02;3.0492538e-01;1.8250000e+02;2.3990241e-01;1.8250000e+02;1.8130206e-01;1.8250000e+02;1.3167514e-01;1.8250000e+02;8.6441092e-02;1.8250000e+02;4.4568777e-02;1.8250000e+02;1.9459054e-03;1.8250000e+02;-4.3460160e-02;1.8250000e+02;-8.8946566e-02;1.8250000e+02;-1.2958154e-01;1.8250000e+02;-5.0858431e-02;1.8250000e+02;-6.8039251e-03;1.8250000e+02;5.9733577e-02;1.8250000e+02;1.4080301e-01;1.8250000e+02;2.2576505e-01;1.8250000e+02;2.7952245e-01;1.8250000e+02;2.8539687e-01;1.8250000e+02;3.2403272e-01;1.8250000e+02;3.0492538e-01;1.8250000e+02;2.3990241e-01;1.8250000e+02;1.8130206e-01;1.8250000e+02;1.3167514e-01;1.8250000e+02;8.6441092e-02;1.8250000e+02;4.4568777e-02;1.8250000e+02;1.9459054e-03;1.8250000e+02;-4.3460160e-02;1.8250000e+02;-8.8946566e-02;1.8250000e+02;-1.2958154e-01;1.8250000e+02;-5.0858431e-02;1.8250000e+02;-6.8039251e-03;1.8250000e+02;5.9733577e-02;1.8250000e+02;1.4080301e-01;1.8250000e+02;2.2576505e-01;1.8250000e+02;2.7952245e-01;1.8250000e+02;2.8539687e-01;1.8250000e+02;3.2403272e-01;1.8250000e+02;3.0492538e-01;1.8250000e+02;2.3990241e-01;1.8250000e+02;1.8130206e-01;1.8250000e+02;1.3167514e-01;1.8250000e+02;8.6441092e-02;1.8250000e+02;4.4568777e-02;1.8250000e+02;1.9459054e-03;1.8250000e+02;-4.3460160e-02;1.8250000e+02;-8.8946566e-02;1.8250000e+02;-1.2958154e-01;1.8250000e+02;-5.0858431e-02;1.8250000e+02;-6.8039251e-03;1.8250000e+02;5.9733577e-02;1.8250000e+02;1.4080301e-01;1.8250000e+02;2.2576505e-01;1.8250000e+02;2.7952245e-01;1.8250000e+02;2.8539687e-01;1.8250000e+02;3.2403272e-01;1.8250000e+02;3.0492538e-01;1.8250000e+02;2.3990241e-01;1.8250000e+02;1.8130206e-01;1.8250000e+02;1.3167514e-01;1.8250000e+02;8.6441092e-02;1.8250000e+02;4.4568777e-02;1.8250000e+02;1.9459054e-03;1.8250000e+02;-4.3460160e-02;1.8250000e+02;-8.8946566e-02;1.8250000e+02;-1.2958154e-01;1.8250000e+02;-5.0858431e-02;1.8250000e+02;-6.8039251e-03;1.8250000e+02;5.9733577e-02;1.8250000e+02;1.4080301e-01;1.8250000e+02;2.2576505e-01;1.8250000e+02;2.7952245e-01;1.8250000e+02;2.8539687e-01;1.8250000e+02;3.2403272e-01;1.8250000e+02;3.0492538e-01;1.8250000e+02;2.3990241e-01;1.8250000e+02;1.8130206e-01;1.8250000e+02;1.3167514e-01;1.8250000e+02;8.6441092e-02;1.8250000e+02;4.4568777e-02;1.8250000e+02;1.9459054e-03;1.8250000e+02;-4.3460160e-02;1.8250000e+02;-8.8946566e-02;1.8250000e+02;-1.2958154e-01;1.8250000e+02;-5.0858431e-02;1.8250000e+02;-6.8039251e-03;1.8250000e+02;5.9733577e-02;1.8250000e+02;1.4080301e-01;1.8250000e+02;2.2576505e-01;1.8250000e+02;2.7952245e-01;1.8250000e+02;2.8539687e-01;1.8250000e+02;3.2403272e-01;1.8250000e+02;3.0492538e-01;1.8250000e+02;2.3990241e-01;1.8250000e+02;1.8130206e-01;1.8250000e+02;1.3167514e-01;1.8250000e+02;8.6441092e-02;1.8250000e+02;4.4568777e-02;1.8250000e+02;1.9459054e-03;1.8250000e+02;-4.3460160e-02;1.8250000e+02;-8.8946566e-02;1.8250000e+02;-1.2958154e-01;1.8250000e+02;-5.0858431e-02;1.8250000e+02;-6.8039251e-03;1.8250000e+02;5.9733577e-02;1.8250000e+02;1.4080301e-01;1.8250000e+02;2.2576505e-01;1.8250000e+02;2.7952245e-01;1.8250000e+02;2.8539687e-01;1.8250000e+02;3.2403272e-01;1.8250000e+02;3.0492538e-01;1.8250000e+02;2.3990241e-01;1.8250000e+02;1.8130206e-01;1.8250000e+02;1.3167514e-01;1.8250000e+02;8.6441092e-02;1.8250000e+02;4.4568777e-02;1.8250000e+02;1.9459054e-03;1.8250000e+02;-4.3460160e-02;1.8250000e+02;-8.8946566e-02;1.8250000e+02;-1.2958154e-01;1.8250000e+02;-5.0858431e-02;1.8250000e+02;-6.8039251e-03;1.8250000e+02;5.9733577e-02;1.8250000e+02;1.4080301e-01;1.8250000e+02;2.2576505e-01;1.8250000e+02;2.7952245e-01;1.8250000e+02;2.8539687e-01;1.8250000e+02;3.2403272e-01;1.8250000e+02;3.0492538e-01;1.8250000e+02;2.3990241e-01;1.8250000e+02;1.8130206e-01;1.8250000e+02;1.3167514e-01;1.8250000e+02;8.6441092e-02;1.8250000e+02;4.4568777e-02;1.8250000e+02;1.9459054e-03;1.8250000e+02;-4.3460160e-02;1.8250000e+02;-8.8946566e-02;1.8250000e+02;-1.2958154e-01;1.8250000e+02;-5.0858431e-02;1.8250000e+02;-6.8039251e-03;1.8250000e+02;5.9733577e-02;1.8250000e+02;1.4080301e-01;1.8250000e+02;2.2576505e-01;1.8250000e+02;2.7952245e-01;1.8250000e+02;2.8539687e-01;1.8250000e+02;3.2403272e-01;1.8250000e+02;3.0492538e-01;1.8250000e+02;2.3990241e-01;1.8250000e+02;1.8130206e-01;1.8250000e+02;1.3167514e-01;1.8250000e+02;8.6441092e-02;1.8250000e+02;4.4568777e-02;1.8250000e+02;1.9459054e-03;1.8250000e+02;-4.3460160e-02;1.8250000e+02;-8.8946566e-02;1.8250000e+02;-1.2958154e-01;1.8250000e+02;-5.0858431e-02;1.8250000e+02;-6.8039251e-03;1.8250000e+02;5.9733577e-02;1.8250000e+02;1.4080301e-01;1.8250000e+02;2.2576505e-01;1.8250000e+02;2.7952245e-01;1.8250000e+02;2.8539687e-01;1.8250000e+02;3.2403272e-01;1.8250000e+02;3.0492538e-01;1.8250000e+02;2.3990241e-01;1.8250000e+02;1.8130206e-01;1.8250000e+02;1.3167514e-01;1.8250000e+02;8.6441092e-02;1.8250000e+02;4.4568777e-02;1.8250000e+02;1.9459054e-03;1.8250000e+02;-4.3460160e-02;1.8250000e+02;-8.8946566e-02;1.8250000e+02;-1.2958154e-01;1.8250000e+02;-5.0858431e-02;1.8250000e+02;-6.8039251e-03;1.8250000e+02;5.9733577e-02;1.8250000e+02;1.4080301e-01;1.8250000e+02;2.2576505e-01;1.8250000e+02;2.7952245e-01;1.8250000e+02;2.8539687e-01;1.8250000e+02;3.2403272e-01;1.8250000e+02;3.0492538e-01;1.8250000e+02;2.3990241e-01;1.8250000e+02;1.8130206e-01;1.8250000e+02;1.3167514e-01;1.8250000e+02;8.6441092e-02;1.8250000e+02;4.4568777e-02;1.8250000e+02;1.9459054e-03;1.8250000e+02;-4.3460160e-02;1.8250000e+02;-8.8946566e-02;1.8250000e+02;-1.2958154e-01;1.8250000e+02;-5.0858431e-02;1.8250000e+02;-6.8039251e-03;1.8250000e+02;5.9733577e-02;1.8250000e+02;1.4080301e-01;1.8250000e+02;2.2576505e-01;1.8250000e+02;2.7952245e-01;1.8250000e+02;2.8539687e-01;1.8250000e+02;3.2403272e-01;1.8250000e+02;3.0492538e-01;1.8250000e+02;2.3990241e-01;1.8250000e+02;1.8130206e-01;1.8250000e+02;1.3167514e-01;1.8250000e+02;8.6441092e-02;1.8250000e+02;4.4568777e-02;1.8250000e+02;1.9459054e-03;1.8250000e+02;-4.3460160e-02;1.8250000e+02;-8.8946566e-02;1.8250000e+02;-1.2958154e-01;1.8250000e+02;-5.0858431e-02;1.8250000e+02;-6.8039251e-03;1.8250000e+02;5.9733577e-02;1.8250000e+02;1.4080301e-01;1.8250000e+02;2.2576505e-01;1.8250000e+02;2.7952245e-01;1.8250000e+02;2.8539687e-01;1.8250000e+02;3.2403272e-01;1.8250000e+02;3.0492538e-01;1.8250000e+02;2.3990241e-01;1.8250000e+02;1.8130206e-01;1.8250000e+02;1.3167514e-01;1.8250000e+02;8.6441092e-02;1.8250000e+02;4.4568777e-02;1.8250000e+02;1.9459054e-03;1.8250000e+02;-4.3460160e-02;1.8250000e+02;-8.8946566e-02;1.8250000e+02;-1.2958154e-01;1.8250000e+02;-5.0858431e-02;1.8250000e+02;-6.8039251e-03;1.8250000e+02;5.9733577e-02;1.8250000e+02;1.4080301e-01;1.8250000e+02;2.2576505e-01;1.8250000e+02;2.7952245e-01;1.8250000e+02;2.8539687e-01;1.8250000e+02;3.2403272e-01;1.8250000e+02;3.0492538e-01;1.8250000e+02;2.3990241e-01;1.8250000e+02;1.8130206e-01;1.8250000e+02;1.3167514e-01;1.8250000e+02;8.6441092e-02;1.8250000e+02;4.4568777e-02;1.8250000e+02;1.9459054e-03;1.8250000e+02;-4.3460160e-02;1.8250000e+02;-8.8946566e-02;1.8250000e+02;-1.2958154e-01;1.8250000e+02;-5.0858431e-02;1.8250000e+02;-6.8039251e-03;1.8250000e+02;5.9733577e-02;1.8250000e+02;1.4080301e-01;1.8250000e+02;2.2576505e-01;1.8250000e+02;2.7952245e-01;1.8250000e+02;2.8539687e-01;1.8250000e+02;3.2403272e-01;1.8250000e+02;3.0492538e-01;1.8250000e+02;2.3990241e-01;1.8250000e+02;1.8130206e-01;1.8250000e+02;1.3167514e-01;1.8250000e+02;8.6441092e-02;1.8250000e+02;4.4568777e-02;1.8250000e+02;1.9459054e-03;1.8250000e+02;-4.3460160e-02;1.8250000e+02;-8.8946566e-02;1.8250000e+02;-1.2958154e-01;1.8250000e+02;-5.0858431e-02;1.8250000e+02;-6.8039251e-03;1.8250000e+02;5.9733577e-02;1.8250000e+02;1.4080301e-01;1.8250000e+02;2.2576505e-01;1.8250000e+02;2.7952245e-01;1.8250000e+02;2.8539687e-01;1.8250000e+02;3.2403272e-01;1.8250000e+02;3.0492538e-01;1.8250000e+02;2.3990241e-01;1.8250000e+02;1.8130206e-01;1.8250000e+02;1.3167514e-01;1.8250000e+02;8.6441092e-02;1.8250000e+02;4.4568777e-02;1.8250000e+02;1.9459054e-03;1.8250000e+02;-4.3460160e-02;1.8250000e+02;-8.8946566e-02;1.8250000e+02;-1.2958154e-01;1.8250000e+02;-5.0858431e-02;1.8250000e+02;-6.8039251e-03;1.8250000e+02;5.9733577e-02;1.8250000e+02;1.4080301e-01;1.8250000e+02;2.2576505e-01;1.8250000e+02;2.7952245e-01;1.8250000e+02;2.8539687e-01;1.8250000e+02;3.2403272e-01;1.8250000e+02;3.0492538e-01;1.8250000e+02;2.3990241e-01;1.8250000e+02;1.8130206e-01;1.8250000e+02;1.3167514e-01;1.8250000e+02;8.6441092e-02;1.8250000e+02;4.4568777e-02;1.8250000e+02;1.9459054e-03;1.8250000e+02;-4.3460160e-02;1.8250000e+02;-8.8946566e-02;1.8250000e+02;-1.2958154e-01;1.8250000e+02;-5.0858431e-02;1.8250000e+02;-6.8039251e-03;1.8250000e+02;5.9733577e-02;1.8250000e+02;1.4080301e-01;1.8250000e+02;2.2576505e-01;1.8250000e+02;2.7952245e-01;1.8250000e+02;2.8539687e-01;1.8250000e+02;3.2403272e-01;1.8250000e+02;3.0492538e-01;1.8250000e+02;2.3990241e-01;1.8250000e+02;1.8130206e-01;1.8250000e+02;1.3167514e-01;1.8250000e+02;8.6441092e-02;1.8250000e+02;4.4568777e-02;1.8250000e+02;1.9459054e-03;1.8250000e+02;-4.3460160e-02;1.8250000e+02;-8.8946566e-02;1.8250000e+02;-1.2958154e-01;1.8250000e+02;-5.0858431e-02;1.8250000e+02;-6.8039251e-03;1.8250000e+02;5.9733577e-02;1.8250000e+02;1.4080301e-01;1.8250000e+02;2.2576505e-01;1.8250000e+02;2.7952245e-01;1.8250000e+02;2.8539687e-01;1.8250000e+02;3.2403272e-01;1.8250000e+02;3.0492538e-01;1.8250000e+02;2.3990241e-01;1.8250000e+02;1.8130206e-01;1.8250000e+02;1.3167514e-01;1.8250000e+02;8.6441092e-02;1.8250000e+02;4.4568777e-02;1.8250000e+02;1.9459054e-03;1.8250000e+02;-4.3460160e-02;1.8250000e+02;-8.8946566e-02;1.8250000e+02;-1.2958154e-01;1.8250000e+02;-5.0858431e-02;1.8250000e+02;-6.8039251e-03;1.8250000e+02;5.9733577e-02;1.8250000e+02;1.4080301e-01;1.8250000e+02;2.2576505e-01;1.8250000e+02;2.7952245e-01;1.8250000e+02;2.8539687e-01;1.8250000e+02;3.2403272e-01;1.8250000e+02;3.0492538e-01;1.8250000e+02;2.3990241e-01;1.8250000e+02;1.8130206e-01;1.8250000e+02;1.3167514e-01;1.8250000e+02;8.6441092e-02;1.8250000e+02;4.4568777e-02;1.8250000e+02;1.9459054e-03;1.8250000e+02;-4.3460160e-02;1.8250000e+02;-8.8946566e-02;1.8250000e+02;-1.2958154e-01;1.8250000e+02;-5.0858431e-02;1.8250000e+02;-6.8039251e-03;1.8250000e+02;5.9733577e-02;1.8250000e+02;1.4080301e-01;1.8250000e+02;2.2576505e-01;1.8250000e+02;2.7952245e-01;1.8250000e+02;2.8539687e-01;1.8250000e+02;3.2403272e-01;1.8250000e+02;3.0492538e-01;1.8250000e+02;2.3990241e-01;1.8250000e+02;1.8130206e-01;1.8250000e+02;1.3167514e-01;1.8250000e+02;8.6441092e-02;1.8250000e+02;4.4568777e-02;1.8250000e+02;1.9459054e-03;1.8250000e+02;-4.3460160e-02;1.8250000e+02;-8.8946566e-02;1.8250000e+02;-1.2958154e-01;1.8250000e+02;-5.0858431e-02;1.8250000e+02;-6.8039251e-03;1.8250000e+02;5.9733577e-02;1.8250000e+02;1.4080301e-01;1.8250000e+02;2.2576505e-01;1.8250000e+02;2.7952245e-01;1.8250000e+02;2.8539687e-01;1.8250000e+02;3.2403272e-01;1.8250000e+02;3.0492538e-01;1.8250000e+02;2.3990241e-01;1.8250000e+02;1.8130206e-01;1.8250000e+02;1.3167514e-01;1.8250000e+02;8.6441092e-02;1.8250000e+02;4.4568777e-02;1.8250000e+02;1.9459054e-03;1.8250000e+02;-4.3460160e-02;1.8250000e+02;-8.8946566e-02;1.8250000e+02;-1.2958154e-01;1.8250000e+02;-5.0858431e-02;1.8250000e+02;-6.8039251e-03;1.8250000e+02;5.9733577e-02;1.8250000e+02;1.4080301e-01;1.8250000e+02;2.2576505e-01;1.8250000e+02;2.7952245e-01;1.8250000e+02;2.8539687e-01;1.8250000e+02;3.2403272e-01;1.8250000e+02;3.0492538e-01;1.8250000e+02;2.3990241e-01;1.8250000e+02;1.8130206e-01;1.8250000e+02;1.3167514e-01;1.8250000e+02;8.6441092e-02;1.8250000e+02;4.4568777e-02;1.8250000e+02;1.9459054e-03;1.8250000e+02;-4.3460160e-02;1.8250000e+02;-8.8946566e-02;1.8250000e+02;-1.2958154e-01;1.8250000e+02;-5.0858431e-02;1.8250000e+02;-6.8039251e-03;1.8250000e+02;5.9733577e-02;1.8250000e+02;1.4080301e-01;1.8250000e+02;2.2576505e-01;1.8250000e+02;2.7952245e-01;1.8250000e+02;2.8539687e-01;1.8250000e+02;3.2403272e-01;1.8250000e+02;3.0492538e-01;1.8250000e+02;2.3990241e-01;1.8250000e+02;1.8130206e-01;1.8250000e+02;1.3167514e-01;1.8250000e+02;8.6441092e-02;1.8250000e+02;4.4568777e-02;1.8250000e+02;1.9459054e-03;1.8250000e+02;-4.3460160e-02;1.8250000e+02;-8.8946566e-02;1.8250000e+02;-1.2958154e-01;1.8250000e+02;-5.0858431e-02;1.8250000e+02;-6.8039251e-03;1.8250000e+02;5.9733577e-02;1.8250000e+02;1.4080301e-01;1.8250000e+02;2.2576505e-01;1.8250000e+02;2.7952245e-01;1.8250000e+02;2.8539687e-01;1.8250000e+02;3.2403272e-01;1.8250000e+02;3.0492538e-01;1.8250000e+02;2.3990241e-01;1.8250000e+02;1.8130206e-01;1.8250000e+02;1.3167514e-01;1.8250000e+02;8.6441092e-02;1.8250000e+02;4.4568777e-02;1.8250000e+02;1.9459054e-03;1.8250000e+02;-4.3460160e-02;1.8250000e+02;-8.8946566e-02;1.8250000e+02;-1.2958154e-01;1.8250000e+02;-5.0858431e-02;1.8250000e+02;-6.8039251e-03;1.8250000e+02;5.9733577e-02;1.8250000e+02;1.4080301e-01;1.8250000e+02;2.2576505e-01;1.8250000e+02;2.7952245e-01;1.8250000e+02;2.8539687e-01;1.8250000e+02;3.2403272e-01;1.8250000e+02;3.0492538e-01;1.8250000e+02;2.3990241e-01;1.8250000e+02;1.8130206e-01;1.8250000e+02;1.3167514e-01;1.8250000e+02;8.6441092e-02;1.8250000e+02;4.4568777e-02;1.8250000e+02;1.9459054e-03;1.8250000e+02;-4.3460160e-02;1.8250000e+02;-8.8946566e-02;1.8250000e+02;-1.2958154e-01;1.8250000e+02;-5.0858431e-02;1.8250000e+02;-6.8039251e-03;1.8250000e+02;5.9733577e-02;1.8250000e+02;1.4080301e-01;1.8250000e+02;2.2576505e-01;1.8250000e+02;2.7952245e-01;1.8250000e+02;2.8539687e-01;1.8250000e+02;3.2403272e-01;1.8250000e+02;3.0492538e-01;1.8250000e+02;2.3990241e-01;1.8250000e+02;1.8130206e-01;1.8250000e+02;1.3167514e-01;1.8250000e+02;8.6441092e-02;1.8250000e+02;4.4568777e-02;1.8250000e+02;1.9459054e-03;1.8250000e+02;-4.3460160e-02;1.8250000e+02;-8.8946566e-02;1.8250000e+02;-1.2958154e-01;1.8250000e+02;-5.0858431e-02;1.8250000e+02;-6.8039251e-03;1.8250000e+02;5.9733577e-02;1.8250000e+02;1.4080301e-01;1.8250000e+02;2.2576505e-01;1.8250000e+02;2.7952245e-01;1.8250000e+02;2.8539687e-01;1.8250000e+02;3.2403272e-01;1.8250000e+02;3.0492538e-01;1.8250000e+02;2.3990241e-01;1.8250000e+02;1.8130206e-01;1.8250000e+02;1.3167514e-01;1.8250000e+02;8.6441092e-02;1.8250000e+02;4.4568777e-02;1.8250000e+02;1.9459054e-03;1.8250000e+02;-4.3460160e-02;1.8250000e+02;-8.8946566e-02;1.8250000e+02;-1.2958154e-01;1.8250000e+02;-5.0858431e-02;1.8250000e+02;-6.8039251e-03;1.8250000e+02;5.9733577e-02;1.8250000e+02;1.4080301e-01;1.8250000e+02;2.2576505e-01;1.8250000e+02;2.7952245e-01;1.8250000e+02;2.8539687e-01;1.8250000e+02;3.2403272e-01;1.8250000e+02;3.0492538e-01;1.8250000e+02;2.3990241e-01;1.8250000e+02;1.8130206e-01;1.8250000e+02;1.3167514e-01;1.8250000e+02;8.6441092e-02;1.8250000e+02;4.4568777e-02;1.8250000e+02;1.9459054e-03;1.8250000e+02;-4.3460160e-02;1.8250000e+02;-8.8946566e-02;1.8250000e+02;-1.2958154e-01;1.8250000e+02;-5.0858431e-02;1.8250000e+02;-6.8039251e-03;1.8250000e+02;5.9733577e-02;1.8250000e+02;1.4080301e-01;1.8250000e+02;2.2576505e-01;1.8250000e+02;2.7952245e-01;1.8250000e+02;2.8539687e-01;1.8250000e+02;3.2403272e-01;1.8250000e+02;3.0492538e-01;1.8250000e+02;2.3990241e-01;1.8250000e+02;1.8130206e-01;1.8250000e+02;1.3167514e-01;1.8250000e+02;8.6441092e-02;1.8250000e+02;4.4568777e-02;1.8250000e+02;1.9459054e-03;1.8250000e+02;-4.3460160e-02;1.8250000e+02;-8.8946566e-02;1.8250000e+02;-1.2958154e-01;1.8250000e+02;-5.0858431e-02;1.8250000e+02;-6.8039251e-03;1.8250000e+02;5.9733577e-02;1.8250000e+02;1.4080301e-01;1.8250000e+02;2.2576505e-01;1.8250000e+02;2.7952245e-01;1.8250000e+02;2.8539687e-01;1.8250000e+02;3.2403272e-01;1.8250000e+02;3.0492538e-01;1.8250000e+02;2.3990241e-01;1.8250000e+02;1.8130206e-01;1.8250000e+02;1.3167514e-01;1.8250000e+02;8.6441092e-02;1.8250000e+02;4.4568777e-02;1.8250000e+02;1.9459054e-03;1.8250000e+02;-4.3460160e-02;1.8250000e+02;-8.8946566e-02;1.8250000e+02;-1.2958154e-01;1.8250000e+02;-5.0858431e-02;1.8250000e+02;-6.8039251e-03;1.8250000e+02;5.9733577e-02;1.8250000e+02;1.4080301e-01;1.8250000e+02;2.2576505e-01;1.8250000e+02;2.7952245e-01;1.8250000e+02;2.8539687e-01;1.8250000e+02;3.2403272e-01;1.8250000e+02;3.0492538e-01;1.8250000e+02;2.3990241e-01;1.8250000e+02;1.8130206e-01;1.8250000e+02;1.3167514e-01;1.8250000e+02;8.6441092e-02;1.8250000e+02;4.4568777e-02;1.8250000e+02;1.9459054e-03;1.8250000e+02;-4.3460160e-02;1.8250000e+02;-8.8946566e-02;1.8250000e+02;-1.2958154e-01;1.8250000e+02;-5.0858431e-02;1.8250000e+02;-6.8039251e-03;1.8250000e+02;5.9733577e-02;1.8250000e+02;1.4080301e-01;1.8250000e+02;2.2576505e-01;1.8250000e+02;2.7952245e-01;1.8250000e+02;2.8539687e-01;1.8250000e+02;3.2403272e-01;1.8250000e+02;3.0492538e-01;1.8250000e+02;2.3990241e-01;1.8250000e+02;1.8130206e-01;1.8250000e+02;1.3167514e-01;1.8250000e+02;8.6441092e-02;1.8250000e+02;4.4568777e-02;1.8250000e+02;1.9459054e-03;1.8250000e+02;-4.3460160e-02;1.8250000e+02;-8.8946566e-02;1.8250000e+02;-1.2958154e-01;1.8250000e+02;-5.0858431e-02;1.8250000e+02;-6.8039251e-03;1.8250000e+02;5.9733577e-02;1.8250000e+02;1.4080301e-01;1.8250000e+02;2.2576505e-01;1.8250000e+02;2.7952245e-01;1.8250000e+02;2.8539687e-01;1.8250000e+02;3.2403272e-01;1.8250000e+02;3.0492538e-01;1.8250000e+02;2.3990241e-01;1.8250000e+02;1.8130206e-01;1.8250000e+02;1.3167514e-01;1.8250000e+02;8.6441092e-02;1.8250000e+02;4.4568777e-02;1.8250000e+02;1.9459054e-03;1.8250000e+02;-4.3460160e-02;1.8250000e+02;-8.8946566e-02;1.8250000e+02;-1.2958154e-01;1.8250000e+02;-5.0858431e-02;1.8250000e+02;-6.8039251e-03;1.8250000e+02;5.9733577e-02;1.8250000e+02;1.4080301e-01;1.8250000e+02;2.2576505e-01;1.8250000e+02;2.7952245e-01;1.8250000e+02;2.8539687e-01;1.8250000e+02;3.2403272e-01;1.8250000e+02;3.0492538e-01;1.8250000e+02;2.3990241e-01;1.8250000e+02;1.8130206e-01;1.8250000e+02;1.3167514e-01;1.8250000e+02;8.6441092e-02;1.8250000e+02;4.4568777e-02;1.8250000e+02;1.9459054e-03;1.8250000e+02;-4.3460160e-02;1.8250000e+02;-8.8946566e-02;1.8250000e+02;-1.2958154e-01;1.8250000e+02;-5.0858431e-02;1.8250000e+02;-6.8039251e-03;1.8250000e+02;5.9733577e-02;1.8250000e+02;1.4080301e-01;1.8250000e+02;2.2576505e-01;1.8250000e+02;2.7952245e-01;1.8250000e+02;2.8539687e-01;1.8250000e+02;3.2403272e-01;1.8250000e+02;3.0492538e-01;1.8250000e+02;2.3990241e-01;1.8250000e+02;1.8130206e-01;1.8250000e+02;1.3167514e-01;1.8250000e+02;8.6441092e-02;1.8250000e+02;4.4568777e-02;1.8250000e+02;1.9459054e-03;1.8250000e+02;-4.3460160e-02;1.8250000e+02;-8.8946566e-02;1.8250000e+02;-1.2958154e-01;1.8250000e+02;-5.0858431e-02;1.8250000e+02;-6.8039251e-03;1.8250000e+02;5.9733577e-02;1.8250000e+02;1.4080301e-01;1.8250000e+02;2.2576505e-01;1.8250000e+02;2.7952245e-01;1.8250000e+02;2.8539687e-01;1.8250000e+02;3.2403272e-01;1.8250000e+02;3.0492538e-01;1.8250000e+02;2.3990241e-01;1.8250000e+02;1.8130206e-01;1.8250000e+02;1.3167514e-01;1.8250000e+02;8.6441092e-02;1.8250000e+02;4.4568777e-02;1.8250000e+02;1.9459054e-03;1.8250000e+02;-4.3460160e-02;1.8250000e+02;-8.8946566e-02;1.8250000e+02;-1.2958154e-01;1.8250000e+02;-5.0858431e-02;1.8250000e+02;-6.8039251e-03;1.8250000e+02;5.9733577e-02;1.8250000e+02;1.4080301e-01;1.8250000e+02;2.2576505e-01;1.8250000e+02;2.7952245e-01;1.8250000e+02;2.8539687e-01;1.8250000e+02;3.2403272e-01;1.8250000e+02;3.0492538e-01;1.8250000e+02;2.3990241e-01;1.8250000e+02;1.8130206e-01;1.8250000e+02;1.3167514e-01;1.8250000e+02;8.6441092e-02;1.8250000e+02;4.4568777e-02;1.8250000e+02;1.9459054e-03;1.8250000e+02;-4.3460160e-02;1.8250000e+02;-8.8946566e-02;1.8250000e+02;-1.2958154e-01;1.8250000e+02;-5.0858431e-02;1.8250000e+02;-6.8039251e-03;1.8250000e+02;5.9733577e-02;1.8250000e+02;1.4080301e-01;1.8250000e+02;2.2576505e-01;1.8250000e+02;2.7952245e-01;1.8250000e+02;2.8539687e-01;1.8250000e+02;3.2403272e-01;1.8250000e+02;3.0492538e-01;1.8250000e+02;2.3990241e-01;1.8250000e+02;1.8130206e-01;1.8250000e+02;1.3167514e-01;1.8250000e+02;8.6441092e-02;1.8250000e+02;4.4568777e-02;1.8250000e+02;1.9459054e-03;1.8250000e+02;-4.3460160e-02;1.8250000e+02;-8.8946566e-02;1.8250000e+02;-1.2958154e-01;1.8250000e+02;-5.0858431e-02;1.8250000e+02;-6.8039251e-03;1.8250000e+02;5.9733577e-02;1.8250000e+02;1.4080301e-01;1.8250000e+02;2.2576505e-01;1.8250000e+02;2.7952245e-01;1.8250000e+02;2.8539687e-01;1.8250000e+02;3.2403272e-01;1.8250000e+02;3.0492538e-01;1.8250000e+02;2.3990241e-01;1.8250000e+02;1.8130206e-01;1.8250000e+02;1.3167514e-01;1.8250000e+02;8.6441092e-02;1.8250000e+02;4.4568777e-02;1.8250000e+02;1.9459054e-03;1.8250000e+02;-4.3460160e-02;1.8250000e+02;-8.8946566e-02;1.8250000e+02;-1.2958154e-01;1.8250000e+02;-5.0858431e-02;1.8250000e+02;-6.8039251e-03;1.8250000e+02;5.9733577e-02;1.8250000e+02;1.4080301e-01;1.8250000e+02;2.2576505e-01;1.8250000e+02;2.7952245e-01;1.8250000e+02;2.8539687e-01;1.8250000e+02;3.2403272e-01;1.8250000e+02;3.0492538e-01;1.8250000e+02;2.3990241e-01;1.8250000e+02;1.8130206e-01;1.8250000e+02;1.3167514e-01;1.8250000e+02;8.6441092e-02;1.8250000e+02;4.4568777e-02;1.8250000e+02;1.9459054e-03;1.8250000e+02;-4.3460160e-02;1.8250000e+02;-8.8946566e-02;1.8250000e+02;-1.2958154e-01;1.8250000e+02;-5.0858431e-02;1.8250000e+02;-6.8039251e-03;1.8250000e+02;5.9733577e-02;1.8250000e+02;1.4080301e-01;1.8250000e+02;2.2576505e-01;1.8250000e+02;2.7952245e-01;1.8250000e+02;2.8539687e-01;1.8250000e+02;3.2403272e-01;1.8250000e+02;3.0492538e-01;1.8250000e+02;2.3990241e-01;1.8250000e+02;1.8130206e-01;1.8250000e+02;1.3167514e-01;1.8250000e+02;8.6441092e-02;1.8250000e+02;4.4568777e-02;1.8250000e+02;1.9459054e-03;1.8250000e+02;-4.3460160e-02;1.8250000e+02;-8.8946566e-02;1.8250000e+02;-1.2958154e-01;1.8250000e+02;-5.0858431e-02;1.8250000e+02;-6.8039251e-03;1.8250000e+02;5.9733577e-02;1.8250000e+02;1.4080301e-01;1.8250000e+02;2.2576505e-01;1.8250000e+02;2.7952245e-01;1.8250000e+02;2.8539687e-01;1.8250000e+02;3.2403272e-01;1.8250000e+02;3.0492538e-01;1.8250000e+02;2.3990241e-01;1.8250000e+02;1.8130206e-01;1.8250000e+02;1.3167514e-01;1.8250000e+02;8.6441092e-02;1.8250000e+02;4.4568777e-02;1.8250000e+02;1.9459054e-03;1.8250000e+02;-4.3460160e-02;1.8250000e+02;-8.8946566e-02;1.8250000e+02;-1.2958154e-01;1.8250000e+02;-5.0858431e-02;1.8250000e+02;-6.8039251e-03;1.8250000e+02;5.9733577e-02;1.8250000e+02;1.4080301e-01;1.8250000e+02;2.2576505e-01;1.8250000e+02;2.7952245e-01;1.8250000e+02;2.8539687e-01;1.8250000e+02;3.2403272e-01;1.8250000e+02;3.0492538e-01;1.8250000e+02;2.3990241e-01;1.8250000e+02;1.8130206e-01;1.8250000e+02;1.3167514e-01;1.8250000e+02;8.6441092e-02;1.8250000e+02;4.4568777e-02;1.8250000e+02;1.9459054e-03;1.8250000e+02;-4.3460160e-02;1.8250000e+02;-8.8946566e-02;1.8250000e+02;-1.2958154e-01;1.8250000e+02;-5.0858431e-02;1.8250000e+02;-6.8039251e-03;1.8250000e+02;5.9733577e-02;1.8250000e+02;1.4080301e-01;1.8250000e+02;2.2576505e-01;1.8250000e+02;2.7952245e-01;1.8250000e+02;2.8539687e-01;1.8250000e+02;3.2403272e-01;1.8250000e+02;3.0492538e-01;1.8250000e+02;2.3990241e-01;1.8250000e+02;1.8130206e-01;1.8250000e+02;1.3167514e-01;1.8250000e+02;8.6441092e-02;1.8250000e+02;4.4568777e-02;1.8250000e+02;1.9459054e-03;1.8250000e+02;-4.3460160e-02;1.8250000e+02;-8.8946566e-02;1.8250000e+02;-1.2958154e-01;1.8250000e+02;-5.0858431e-02;1.8250000e+02;-6.8039251e-03;1.8250000e+02;5.9733577e-02;1.8250000e+02;1.4080301e-01;1.8250000e+02;2.2576505e-01;1.8250000e+02;2.7952245e-01;1.8250000e+02;2.8539687e-01;1.8250000e+02;3.2403272e-01;1.8250000e+02;3.0492538e-01;1.8250000e+02;2.3990241e-01;1.8250000e+02;1.8130206e-01;1.8250000e+02;1.3167514e-01;1.8250000e+02;8.6441092e-02;1.8250000e+02;4.4568777e-02;1.8250000e+02;1.9459054e-03;1.8250000e+02;-4.3460160e-02;1.8250000e+02;-8.8946566e-02;1.8250000e+02;-1.2958154e-01;1.8250000e+02;-5.0858431e-02;1.8250000e+02;-6.8039251e-03;1.8250000e+02;5.9733577e-02;1.8250000e+02;1.4080301e-01;1.8250000e+02;2.2576505e-01;1.8250000e+02;2.7952245e-01;1.8250000e+02;2.8539687e-01;1.8250000e+02;3.2403272e-01;1.8250000e+02;3.0492538e-01;1.8250000e+02;2.3990241e-01;1.8250000e+02;1.8130206e-01;1.8250000e+02;1.3167514e-01;1.8250000e+02;8.6441092e-02;1.8250000e+02;4.4568777e-02;1.8250000e+02;1.9459054e-03;1.8250000e+02;-4.3460160e-02;1.8250000e+02;-8.8946566e-02;1.8250000e+02;-1.2958154e-01;1.8250000e+02;-5.0858431e-02;1.8250000e+02;-6.8039251e-03;1.8250000e+02;5.9733577e-02;1.8250000e+02;1.4080301e-01;1.8250000e+02;2.2576505e-01;1.8250000e+02;2.7952245e-01;1.8250000e+02;2.8539687e-01;1.8250000e+02;3.2403272e-01;1.8250000e+02;3.0492538e-01;1.8250000e+02;2.3990241e-01;1.8250000e+02;1.8130206e-01;1.8250000e+02;1.3167514e-01;1.8250000e+02;8.6441092e-02;1.8250000e+02;4.4568777e-02;1.8250000e+02;1.9459054e-03;1.8250000e+02;-4.3460160e-02;1.8250000e+02;-8.8946566e-02;1.8250000e+02;-1.2958154e-01;1.8250000e+02;-5.0858431e-02;1.8250000e+02;-6.8039251e-03;1.8250000e+02;5.9733577e-02;1.8250000e+02;1.4080301e-01;1.8250000e+02;2.2576505e-01;1.8250000e+02;2.7952245e-01;1.8250000e+02;2.8539687e-01;1.8250000e+02;3.2403272e-01;1.8250000e+02;3.0492538e-01;1.8250000e+02;2.3990241e-01;1.8250000e+02;1.8130206e-01;1.8250000e+02;1.3167514e-01;1.8250000e+02;8.6441092e-02;1.8250000e+02;4.4568777e-02;1.8250000e+02;1.9459054e-03;1.8250000e+02;-4.3460160e-02;1.8250000e+02;-8.8946566e-02;1.8250000e+02;-1.2958154e-01;1.8250000e+02;-5.0858431e-02;1.8250000e+02;-6.8039251e-03;1.8250000e+02;5.9733577e-02;1.8250000e+02;1.4080301e-01;1.8250000e+02;2.2576505e-01;1.8250000e+02;2.7952245e-01;1.8250000e+02;2.8539687e-01;1.8250000e+02;3.2403272e-01;1.8250000e+02;3.0492538e-01;1.8250000e+02;2.3990241e-01;1.8250000e+02;1.8130206e-01;1.8250000e+02;1.3167514e-01;1.8250000e+02;8.6441092e-02;1.8250000e+02;4.4568777e-02;1.8250000e+02;1.9459054e-03;1.8250000e+02;-4.3460160e-02;1.8250000e+02;-8.8946566e-02;1.8250000e+02;-1.2958154e-01;1.8250000e+02;-5.0858431e-02;1.8250000e+02;-6.8039251e-03;1.8250000e+02;5.9733577e-02;1.8250000e+02;1.4080301e-01;1.8250000e+02;2.2576505e-01;1.8250000e+02;2.7952245e-01;1.8250000e+02;2.8539687e-01;1.8250000e+02;3.2403272e-01;1.8250000e+02;3.0492538e-01;1.8250000e+02;2.3990241e-01;1.8250000e+02;1.8130206e-01;1.8250000e+02;1.3167514e-01;1.8250000e+02;8.6441092e-02;1.8250000e+02;4.4568777e-02;1.8250000e+02;1.9459054e-03;1.8250000e+02;-4.3460160e-02;1.8250000e+02;-8.8946566e-02;1.8250000e+02;-1.2958154e-01;1.8250000e+02;-5.0858431e-02;1.8250000e+02;-6.8039251e-03;1.8250000e+02;5.9733577e-02;1.8250000e+02;1.4080301e-01;1.8250000e+02;2.2576505e-01;1.8250000e+02;2.7952245e-01;1.8250000e+02;2.8539687e-01;1.8250000e+02;3.2403272e-01;1.8250000e+02;3.0492538e-01;1.8250000e+02;2.3990241e-01;1.8250000e+02;1.8130206e-01;1.8250000e+02;1.3167514e-01;1.8250000e+02;8.6441092e-02;1.8250000e+02;4.4568777e-02;1.8250000e+02;1.9459054e-03;1.8250000e+02;-4.3460160e-02;1.8250000e+02;-8.8946566e-02;1.8250000e+02;-1.2958154e-01;1.8250000e+02;-5.0858431e-02;1.8250000e+02;-6.8039251e-03;1.8250000e+02;5.9733577e-02;1.8250000e+02;1.4080301e-01;1.8250000e+02;2.2576505e-01;1.8250000e+02;2.7952245e-01;1.8250000e+02;2.8539687e-01;1.8250000e+02;3.2403272e-01;1.8250000e+02;3.0492538e-01;1.8250000e+02;2.3990241e-01;1.8250000e+02;1.8130206e-01;1.8250000e+02;1.3167514e-01;1.8250000e+02;8.6441092e-02;1.8250000e+02;4.4568777e-02;1.8250000e+02;1.9459054e-03;1.8250000e+02;-4.3460160e-02;1.8250000e+02;-8.8946566e-02;1.8250000e+02;-1.2958154e-01;1.8250000e+02;-5.0858431e-02;1.8250000e+02;-6.8039251e-03;1.8250000e+02;5.9733577e-02;1.8250000e+02;1.4080301e-01;1.8250000e+02;2.2576505e-01;1.8250000e+02;2.7952245e-01;1.8250000e+02;2.8539687e-01;1.8250000e+02;3.2403272e-01;1.8250000e+02;3.0492538e-01;1.8250000e+02;2.3990241e-01;1.8250000e+02;1.8130206e-01;1.8250000e+02;1.3167514e-01;1.8250000e+02;8.6441092e-02;1.8250000e+02;4.4568777e-02;1.8250000e+02;1.9459054e-03;1.8250000e+02;-4.3460160e-02;1.8250000e+02;-8.8946566e-02;1.8250000e+02;-1.2958154e-01;1.8250000e+02;-5.0858431e-02;1.8250000e+02;-6.8039251e-03;1.8250000e+02;5.9733577e-02;1.8250000e+02;1.4080301e-01;1.8250000e+02;2.2576505e-01;1.8250000e+02;2.7952245e-01;1.8250000e+02;2.8539687e-01;1.8250000e+02;3.2403272e-01;1.8250000e+02;3.0492538e-01;1.8250000e+02;2.3990241e-01;1.8250000e+02;1.8130206e-01;1.8250000e+02;1.3167514e-01;1.8250000e+02;8.6441092e-02;1.8250000e+02;4.4568777e-02;1.8250000e+02;1.9459054e-03;1.8250000e+02;-4.3460160e-02;1.8250000e+02;-8.8946566e-02;1.8250000e+02;-1.2958154e-01;1.8250000e+02;-5.0858431e-02;1.8250000e+02;-6.8039251e-03;1.8250000e+02;5.9733577e-02;1.8250000e+02;1.4080301e-01;1.8250000e+02;2.2576505e-01;1.8250000e+02;2.7952245e-01;1.8250000e+02;2.8539687e-01;1.8250000e+02;3.2403272e-01;1.8250000e+02;3.0492538e-01;1.8250000e+02;2.3990241e-01;1.8250000e+02;1.8130206e-01;1.8250000e+02;1.3167514e-01;1.8250000e+02;8.6441092e-02;1.8250000e+02;4.4568777e-02;1.8250000e+02;1.9459054e-03;1.8250000e+02;-4.3460160e-02;1.8250000e+02;-8.8946566e-02;1.8250000e+02;-1.2958154e-01;1.8250000e+02;-5.0858431e-02;1.8250000e+02;-6.8039251e-03;1.8250000e+02;5.9733577e-02;1.8250000e+02;1.4080301e-01;1.8250000e+02;2.2576505e-01;1.8250000e+02;2.7952245e-01;1.8250000e+02;2.8539687e-01;1.8250000e+02;3.2403272e-01;1.8250000e+02;3.0492538e-01;1.8250000e+02;2.3990241e-01;1.8250000e+02;1.8130206e-01;1.8250000e+02;1.3167514e-01;1.8250000e+02;8.6441092e-02;1.8250000e+02;4.4568777e-02;1.8250000e+02;1.9459054e-03;1.8250000e+02;-4.3460160e-02;1.8250000e+02;-8.8946566e-02;1.8250000e+02;-1.2958154e-01;1.8250000e+02;-5.0858431e-02;1.8250000e+02;-6.8039251e-03;1.8250000e+02;5.9733577e-02;1.8250000e+02;1.4080301e-01;1.8250000e+02;2.2576505e-01;1.8250000e+02;2.7952245e-01;1.8250000e+02;2.8539687e-01;1.8250000e+02;3.2403272e-01;1.8250000e+02;3.0492538e-01;1.8250000e+02;2.3990241e-01;1.8250000e+02;1.8130206e-01;1.8250000e+02;1.3167514e-01;1.8250000e+02;8.6441092e-02;1.8250000e+02;4.4568777e-02;1.8250000e+02;1.9459054e-03;1.8250000e+02;-4.3460160e-02;1.8250000e+02;-8.8946566e-02;1.8250000e+02;-1.2958154e-01;1.8250000e+02;-5.0858431e-02;1.8250000e+02;-6.8039251e-03;1.8250000e+02;5.9733577e-02;1.8250000e+02;1.4080301e-01;1.8250000e+02;2.2576505e-01;1.8250000e+02;2.7952245e-01;1.8250000e+02;2.8539687e-01;1.8250000e+02;3.2403272e-01;1.8250000e+02;3.0492538e-01;1.8250000e+02;2.3990241e-01;1.8250000e+02;1.8130206e-01;1.8250000e+02;1.3167514e-01;1.8250000e+02;8.6441092e-02;1.8250000e+02;4.4568777e-02;1.8250000e+02;1.9459054e-03;1.8250000e+02;-4.3460160e-02;1.8250000e+02;-8.8946566e-02;1.8250000e+02;-1.2958154e-01;1.8250000e+02;-5.0858431e-02;1.8250000e+02;-6.8039251e-03;1.8250000e+02;5.9733577e-02;1.8250000e+02;1.4080301e-01;1.8250000e+02;2.2576505e-01;1.8250000e+02;2.7952245e-01;1.8250000e+02;2.8539687e-01;1.8250000e+02;3.2403272e-01;1.8250000e+02;3.0492538e-01;1.8250000e+02;2.3990241e-01;1.8250000e+02;1.8130206e-01;1.8250000e+02;1.3167514e-01;1.8250000e+02;8.6441092e-02;1.8250000e+02;4.4568777e-02;1.8250000e+02;1.9459054e-03;1.8250000e+02;-4.3460160e-02;1.8250000e+02;-8.8946566e-02;1.8250000e+02;-1.2958154e-01;1.8250000e+02;-5.0858431e-02;1.8250000e+02;-6.8039251e-03;1.8250000e+02;5.9733577e-02;1.8250000e+02;1.4080301e-01;1.8250000e+02;2.2576505e-01;1.8250000e+02;2.7952245e-01;1.8250000e+02;2.8539687e-01;1.8250000e+02;3.2403272e-01;1.8250000e+02;3.0492538e-01;1.8250000e+02;2.3990241e-01;1.8250000e+02;1.8130206e-01;1.8250000e+02;1.3167514e-01;1.8250000e+02;8.6441092e-02;1.8250000e+02;4.4568777e-02;1.8250000e+02;1.9459054e-03;1.8250000e+02;-4.3460160e-02;1.8250000e+02;-8.8946566e-02;1.8250000e+02;-1.2958154e-01;1.8250000e+02;-5.0858431e-02;1.8250000e+02;-6.8039251e-03;1.8250000e+02;5.9733577e-02;1.8250000e+02;1.4080301e-01;1.8250000e+02;2.2576505e-01;1.8250000e+02;2.7952245e-01;1.8250000e+02;2.8539687e-01;1.8250000e+02;3.2403272e-01;1.8250000e+02;3.0492538e-01;1.8250000e+02;2.3990241e-01;1.8250000e+02;1.8130206e-01;1.8250000e+02;1.3167514e-01;1.8250000e+02;8.6441092e-02;1.8250000e+02;4.4568777e-02;1.8250000e+02;1.9459054e-03;1.8250000e+02;-4.3460160e-02;1.8250000e+02;-8.8946566e-02;1.8250000e+02;-1.2958154e-01;1.8250000e+02;-5.0858431e-02;1.8250000e+02;-6.8039251e-03;1.8250000e+02;5.9733577e-02;1.8250000e+02;1.4080301e-01;1.8250000e+02;2.2576505e-01;1.8250000e+02;2.7952245e-01;1.8250000e+02;2.8539687e-01;1.8250000e+02;3.2403272e-01;1.8250000e+02;3.0492538e-01;1.8250000e+02;2.3990241e-01;1.8250000e+02;1.8130206e-01;1.8250000e+02;1.3167514e-01;1.8250000e+02;8.6441092e-02;1.8250000e+02;4.4568777e-02;1.8250000e+02;1.9459054e-03;1.8250000e+02;-4.3460160e-02;1.8250000e+02;-8.8946566e-02;1.8250000e+02;-1.2958154e-01;1.8250000e+02;-5.0858431e-02;1.8250000e+02;-6.8039251e-03;1.8250000e+02;5.9733577e-02;1.8250000e+02;1.4080301e-01;1.8250000e+02;2.2576505e-01;1.8250000e+02;2.7952245e-01;1.8250000e+02;2.8539687e-01;1.8250000e+02;3.2403272e-01;1.8250000e+02;3.0492538e-01;1.8250000e+02;2.3990241e-01;1.8250000e+02;1.8130206e-01;1.8250000e+02;1.3167514e-01;1.8250000e+02;8.6441092e-02;1.8250000e+02;4.4568777e-02;1.8250000e+02;1.9459054e-03;1.8250000e+02;-4.3460160e-02;1.8250000e+02;-8.8946566e-02;1.8250000e+02;-1.2958154e-01;1.8250000e+02;-5.0858431e-02;1.8250000e+02;-6.8039251e-03;1.8250000e+02;5.9733577e-02;1.8250000e+02;1.4080301e-01;1.8250000e+02;2.2576505e-01;1.8250000e+02;2.7952245e-01;1.8250000e+02;2.8539687e-01;1.8250000e+02;3.2403272e-01;1.8250000e+02;3.0492538e-01;1.8250000e+02;2.3990241e-01;1.8250000e+02;1.8130206e-01;1.8250000e+02;1.3167514e-01;1.8250000e+02;8.6441092e-02;1.8250000e+02;4.4568777e-02;1.8250000e+02;1.9459054e-03;1.8250000e+02;-4.3460160e-02;1.8250000e+02;-8.8946566e-02;1.8250000e+02;-1.2958154e-01;1.8250000e+02;-5.0858431e-02;1.8250000e+02;-6.8039251e-03;1.8250000e+02;5.9733577e-02;1.8250000e+02;1.4080301e-01;1.8250000e+02;2.2576505e-01;1.8250000e+02;2.7952245e-01;1.8250000e+02;2.8539687e-01;1.8250000e+02;3.2403272e-01;1.8250000e+02;3.0492538e-01;1.8250000e+02;2.3990241e-01;1.8250000e+02;1.8130206e-01;1.8250000e+02;1.3167514e-01;1.8250000e+02;8.6441092e-02;1.8250000e+02;4.4568777e-02;1.8250000e+02;1.9459054e-03;1.8250000e+02;-4.3460160e-02;1.8250000e+02;-8.8946566e-02;1.8250000e+02;-1.2958154e-01;1.8250000e+02;-5.0858431e-02;1.8250000e+02;-6.8039251e-03;1.8250000e+02;5.9733577e-02;1.8250000e+02;1.4080301e-01;1.8250000e+02;2.2576505e-01;1.8250000e+02;2.7952245e-01;1.8250000e+02;2.8539687e-01;1.8250000e+02;3.2403272e-01;1.8250000e+02;3.0492538e-01;1.8250000e+02;2.3990241e-01;1.8250000e+02;1.8130206e-01;1.8250000e+02;1.3167514e-01;1.8250000e+02;8.6441092e-02;1.8250000e+02;4.4568777e-02;1.8250000e+02;1.9459054e-03;1.8250000e+02;-4.3460160e-02;1.8250000e+02;-8.8946566e-02;1.8250000e+02;-1.2958154e-01;1.8250000e+02;-5.0858431e-02;1.8250000e+02;-6.8039251e-03;1.8250000e+02;5.9733577e-02;1.8250000e+02;1.4080301e-01;1.8250000e+02;2.2576505e-01;1.8250000e+02;2.7952245e-01;1.8250000e+02;2.8539687e-01;1.8250000e+02;3.2403272e-01;1.8250000e+02;3.0492538e-01;1.8250000e+02;2.3990241e-01;1.8250000e+02;1.8130206e-01;1.8250000e+02;1.3167514e-01;1.8250000e+02;8.6441092e-02;1.8250000e+02;4.4568777e-02;1.8250000e+02;1.9459054e-03;1.8250000e+02;-4.3460160e-02;1.8250000e+02;-8.8946566e-02;1.8250000e+02;-1.2958154e-01;1.8250000e+02;-5.0858431e-02;1.8250000e+02;-6.8039251e-03;1.8250000e+02;5.9733577e-02;1.8250000e+02;1.4080301e-01;1.8250000e+02;2.2576505e-01;1.8250000e+02;2.7952245e-01;1.8250000e+02;2.8539687e-01;1.8250000e+02;3.2403272e-01;1.8250000e+02;3.0492538e-01;1.8250000e+02;2.3990241e-01;1.8250000e+02;1.8130206e-01;1.8250000e+02;1.3167514e-01;1.8250000e+02;8.6441092e-02;1.8250000e+02;4.4568777e-02;1.8250000e+02;1.9459054e-03;1.8250000e+02;-4.3460160e-02;1.8250000e+02;-8.8946566e-02;1.8250000e+02;-1.2958154e-01;1.8250000e+02;-5.0858431e-02;1.8250000e+02;-6.8039251e-03;1.8250000e+02;5.9733577e-02;1.8250000e+02;1.4080301e-01;1.8250000e+02;2.2576505e-01;1.8250000e+02;2.7952245e-01;1.8250000e+02;2.8539687e-01;1.8250000e+02;3.2403272e-01;1.8250000e+02;3.0492538e-01;1.8250000e+02;2.3990241e-01;1.8250000e+02;1.8130206e-01;1.8250000e+02;1.3167514e-01;1.8250000e+02;8.6441092e-02;1.8250000e+02;4.4568777e-02;1.8250000e+02;1.9459054e-03;1.8250000e+02;-4.3460160e-02;1.8250000e+02;-8.8946566e-02;1.8250000e+02;-1.2958154e-01;1.8250000e+02;-5.0858431e-02;1.8250000e+02;-6.8039251e-03;1.8250000e+02;5.9733577e-02;1.8250000e+02;1.4080301e-01;1.8250000e+02;2.2576505e-01;1.8250000e+02;2.7952245e-01;1.8250000e+02;2.8539687e-01;1.8250000e+02;3.2403272e-01;1.8250000e+02;3.0492538e-01;1.8250000e+02;2.3990241e-01;1.8250000e+02;1.8130206e-01;1.8250000e+02;1.3167514e-01;1.8250000e+02;8.6441092e-02;1.8250000e+02;4.4568777e-02;1.8250000e+02;1.9459054e-03;1.8250000e+02;-4.3460160e-02;1.8250000e+02;-8.8946566e-02;1.8250000e+02;-1.2958154e-01;1.8250000e+02;-5.0858431e-02;1.8250000e+02;-6.8039251e-03;1.8250000e+02;5.9733577e-02;1.8250000e+02;1.4080301e-01;1.8250000e+02;2.2576505e-01;1.8250000e+02;2.7952245e-01;1.8250000e+02;2.8539687e-01;1.8250000e+02;3.2403272e-01;1.8250000e+02;3.0492538e-01;1.8250000e+02;2.3990241e-01;1.8250000e+02;1.8130206e-01;1.8250000e+02;1.3167514e-01;1.8250000e+02;8.6441092e-02;1.8250000e+02;4.4568777e-02;1.8250000e+02;1.9459054e-03;1.8250000e+02;-4.3460160e-02;1.8250000e+02;-8.8946566e-02;1.8250000e+02;-1.2958154e-01;1.8250000e+02;-5.0858431e-02;1.8250000e+02;-6.8039251e-03;1.8250000e+02;5.9733577e-02;1.8250000e+02;1.4080301e-01;1.8250000e+02;2.2576505e-01;1.8250000e+02;2.7952245e-01;1.8250000e+02;2.8539687e-01;1.8250000e+02;3.2403272e-01;1.8250000e+02;3.0492538e-01;1.8250000e+02;2.3990241e-01;1.8250000e+02;1.8130206e-01;1.8250000e+02;1.3167514e-01;1.8250000e+02;8.6441092e-02;1.8250000e+02;4.4568777e-02;1.8250000e+02;1.9459054e-03;1.8250000e+02;-4.3460160e-02;1.8250000e+02;-8.8946566e-02;1.8250000e+02;-1.2958154e-01;1.8250000e+02;-5.0858431e-02;1.8250000e+02;-6.8039251e-03;1.8250000e+02;5.9733577e-02;1.8250000e+02;1.4080301e-01;1.8250000e+02;2.2576505e-01;1.8250000e+02;2.7952245e-01;1.8250000e+02;2.8539687e-01;1.8250000e+02;3.2403272e-01;1.8250000e+02;3.0492538e-01;1.8250000e+02;2.3990241e-01;1.8250000e+02;1.8130206e-01;1.8250000e+02;1.3167514e-01;1.8250000e+02;8.6441092e-02;1.8250000e+02;4.4568777e-02;1.8250000e+02;1.9459054e-03;1.8250000e+02;-4.3460160e-02;1.8250000e+02;-8.8946566e-02;1.8250000e+02;-1.2958154e-01;1.8250000e+02;-5.0858431e-02;1.8250000e+02;-6.8039251e-03;1.8250000e+02;5.9733577e-02;1.8250000e+02;1.4080301e-01;1.8250000e+02;2.2576505e-01;1.8250000e+02;2.7952245e-01;1.8250000e+02;2.8539687e-01;1.8250000e+02;3.2403272e-01;1.8250000e+02;3.0492538e-01;1.8250000e+02;2.3990241e-01;1.8250000e+02;1.8130206e-01;1.8250000e+02;1.3167514e-01;1.8250000e+02;8.6441092e-02;1.8250000e+02;4.4568777e-02;1.8250000e+02;1.9459054e-03;1.8250000e+02;-4.3460160e-02;1.8250000e+02;-8.8946566e-02;1.8250000e+02;-1.2958154e-01;1.8250000e+02;-5.0858431e-02;1.8250000e+02;-6.8039251e-03;1.8250000e+02;5.9733577e-02;1.8250000e+02;1.4080301e-01;1.8250000e+02;2.2576505e-01;1.8250000e+02;2.7952245e-01;1.8250000e+02;2.8539687e-01;1.8250000e+02;3.2403272e-01;1.8250000e+02;3.0492538e-01;1.8250000e+02;2.3990241e-01;1.8250000e+02;1.8130206e-01;1.8250000e+02;1.3167514e-01;1.8250000e+02;8.6441092e-02;1.8250000e+02;4.4568777e-02;1.8250000e+02;1.9459054e-03;1.8250000e+02;-4.3460160e-02;1.8250000e+02;-8.8946566e-02;1.8250000e+02;-1.2958154e-01;1.8250000e+02;-5.0858431e-02;1.8250000e+02;-6.8039251e-03;1.8250000e+02;5.9733577e-02;1.8250000e+02;1.4080301e-01;1.8250000e+02;2.2576505e-01;1.8250000e+02;2.7952245e-01;1.8250000e+02;2.8539687e-01;1.8250000e+02;3.2403272e-01;1.8250000e+02;3.0492538e-01;1.8250000e+02;2.3990241e-01;1.8250000e+02;1.8130206e-01;1.8250000e+02;1.3167514e-01;1.8250000e+02;8.6441092e-02;1.8250000e+02;4.4568777e-02;1.8250000e+02;1.9459054e-03;1.8250000e+02;-4.3460160e-02;1.8250000e+02;-8.8946566e-02;1.8250000e+02;-1.2958154e-01;1.8250000e+02;-5.0858431e-02;1.8250000e+02;-6.8039251e-03;1.8250000e+02;5.9733577e-02;1.8250000e+02;1.4080301e-01;1.8250000e+02;2.2576505e-01;1.8250000e+02;2.7952245e-01;1.8250000e+02;2.8539687e-01;1.8250000e+02;3.2403272e-01;1.8250000e+02;3.0492538e-01;1.8250000e+02;2.3990241e-01;1.8250000e+02;1.8130206e-01;1.8250000e+02;1.3167514e-01;1.8250000e+02;8.6441092e-02;1.8250000e+02;4.4568777e-02;1.8250000e+02;1.9459054e-03;1.8250000e+02;-4.3460160e-02;1.8250000e+02;-8.8946566e-02;1.8250000e+02;-1.2958154e-01;1.8250000e+02;-5.0858431e-02;1.8250000e+02;-6.8039251e-03;1.8250000e+02;5.9733577e-02;1.8250000e+02;1.4080301e-01;1.8250000e+02;2.2576505e-01;1.8250000e+02;2.7952245e-01;1.8250000e+02;2.8539687e-01;1.8250000e+02;3.2403272e-01;1.8250000e+02;3.0492538e-01;1.8250000e+02;2.3990241e-01;1.8250000e+02;1.8130206e-01;1.8250000e+02;1.3167514e-01;1.8250000e+02;8.6441092e-02;1.8250000e+02;4.4568777e-02;1.8250000e+02;1.9459054e-03;1.8250000e+02;-4.3460160e-02;1.8250000e+02;-8.8946566e-02;1.8250000e+02;-1.2958154e-01;1.8250000e+02;-5.0858431e-02;1.8250000e+02;-6.8039251e-03;1.8250000e+02;5.9733577e-02;1.8250000e+02;1.4080301e-01;1.8250000e+02;2.2576505e-01;1.8250000e+02;2.7952245e-01;1.8250000e+02;2.8539687e-01;1.8250000e+02;3.2403272e-01;1.8250000e+02;3.0492538e-01;1.8250000e+02;2.3990241e-01;1.8250000e+02;1.8130206e-01;1.8250000e+02;1.3167514e-01;1.8250000e+02;8.6441092e-02;1.8250000e+02;4.4568777e-02;1.8250000e+02;1.9459054e-03;1.8250000e+02;-4.3460160e-02;1.8250000e+02;-8.8946566e-02;1.8250000e+02;-1.2958154e-01;1.8250000e+02;-5.0858431e-02;1.8250000e+02;-6.8039251e-03;1.8250000e+02;5.9733577e-02;1.8250000e+02;1.4080301e-01;1.8250000e+02;2.2576505e-01;1.8250000e+02;2.7952245e-01;1.8250000e+02;2.8539687e-01;1.8250000e+02;3.2403272e-01;1.8250000e+02;3.0492538e-01;1.8250000e+02;2.3990241e-01;1.8250000e+02;1.8130206e-01;1.8250000e+02;1.3167514e-01;1.8250000e+02;8.6441092e-02;1.8250000e+02;4.4568777e-02;1.8250000e+02;1.9459054e-03;1.8250000e+02;-4.3460160e-02;1.8250000e+02;-8.8946566e-02;1.8250000e+02;-1.2958154e-01;1.8250000e+02;-5.0858431e-02;1.8250000e+02;-6.8039251e-03;1.8250000e+02;5.9733577e-02;1.8250000e+02;1.4080301e-01;1.8250000e+02;2.2576505e-01;1.8250000e+02;2.7952245e-01;1.8250000e+02;2.8539687e-01;1.8250000e+02;3.2403272e-01;1.8250000e+02;3.0492538e-01;1.8250000e+02;2.3990241e-01;1.8250000e+02;1.8130206e-01;1.8250000e+02;1.3167514e-01;1.8250000e+02;8.6441092e-02;1.8250000e+02;4.4568777e-02;1.8250000e+02;1.9459054e-03;1.8250000e+02;-4.3460160e-02;1.8250000e+02;-8.8946566e-02;1.8250000e+02;-1.2958154e-01;1.8250000e+02;-5.0858431e-02;1.8250000e+02;-6.8039251e-03;1.8250000e+02;5.9733577e-02;1.8250000e+02;1.4080301e-01;1.8250000e+02;2.2576505e-01;1.8250000e+02;2.7952245e-01;1.8250000e+02;2.8539687e-01;1.8250000e+02;3.2403272e-01;1.8250000e+02;3.0492538e-01;1.8250000e+02;2.3990241e-01;1.8250000e+02;1.8130206e-01;1.8250000e+02;1.3167514e-01;1.8250000e+02;8.6441092e-02;1.8250000e+02;4.4568777e-02;1.8250000e+02;1.9459054e-03;1.8250000e+02;-4.3460160e-02;1.8250000e+02;-8.8946566e-02;1.8250000e+02;-1.2958154e-01;1.8250000e+02;-5.0858431e-02;1.8250000e+02;-6.8039251e-03;1.8250000e+02;5.9733577e-02;1.8250000e+02;1.4080301e-01;1.8250000e+02;2.2576505e-01;1.8250000e+02;2.7952245e-01;1.8250000e+02;2.8539687e-01;1.8250000e+02;3.2403272e-01;1.8250000e+02;3.0492538e-01;1.8250000e+02;2.3990241e-01;1.8250000e+02;1.8130206e-01;1.8250000e+02;1.3167514e-01;1.8250000e+02;8.6441092e-02;1.8250000e+02;4.4568777e-02;1.8250000e+02;1.9459054e-03;1.8250000e+02;-4.3460160e-02;1.8250000e+02;-8.8946566e-02;1.8250000e+02;-1.2958154e-01;1.8250000e+02;-5.0858431e-02;1.8250000e+02;-6.8039251e-03;1.8250000e+02;5.9733577e-02;1.8250000e+02;1.4080301e-01;1.8250000e+02;2.2576505e-01;1.8250000e+02;2.7952245e-01;1.8250000e+02;2.8539687e-01;1.8250000e+02;3.2403272e-01;1.8250000e+02;3.0492538e-01;1.8250000e+02;2.3990241e-01;1.8250000e+02;1.8130206e-01;1.8250000e+02;1.3167514e-01;1.8250000e+02;8.6441092e-02;1.8250000e+02;4.4568777e-02;1.8250000e+02;1.9459054e-03;1.8250000e+02;-4.3460160e-02;1.8250000e+02;-8.8946566e-02;1.8250000e+02;-1.2958154e-01;1.8250000e+02;-5.0858431e-02;1.8250000e+02;-6.8039251e-03;1.8250000e+02;5.9733577e-02;1.8250000e+02;1.4080301e-01;1.8250000e+02;2.2576505e-01;1.8250000e+02;2.7952245e-01;1.8250000e+02;2.8539687e-01;1.8250000e+02;3.2403272e-01;1.8250000e+02;3.0492538e-01;1.8250000e+02;2.3990241e-01;1.8250000e+02;1.8130206e-01;1.8250000e+02;1.3167514e-01;1.8250000e+02;8.6441092e-02;1.8250000e+02;4.4568777e-02;1.8250000e+02;1.9459054e-03;1.8250000e+02;-4.3460160e-02;1.8250000e+02;-8.8946566e-02;1.8250000e+02;-1.2958154e-01;1.8250000e+02;-5.0858431e-02;1.8250000e+02;-6.8039251e-03;1.8250000e+02;5.9733577e-02;1.8250000e+02;1.4080301e-01;1.8250000e+02;2.2576505e-01;1.8250000e+02;2.7952245e-01;1.8250000e+02;2.8539687e-01;1.8250000e+02;3.2403272e-01;1.8250000e+02;3.0492538e-01;1.8250000e+02;2.3990241e-01;1.8250000e+02;1.8130206e-01;1.8250000e+02;1.3167514e-01;1.8250000e+02;8.6441092e-02;1.8250000e+02;4.4568777e-02;1.8250000e+02;1.9459054e-03;1.8250000e+02;-4.3460160e-02;1.8250000e+02;-8.8946566e-02;1.8250000e+02;-1.2958154e-01;1.8250000e+02;-5.0858431e-02;1.8250000e+02;-6.8039251e-03;1.8250000e+02;5.9733577e-02;1.8250000e+02;1.4080301e-01;1.8250000e+02;2.2576505e-01;1.8250000e+02;2.7952245e-01;1.8250000e+02;2.8539687e-01;1.8250000e+02;3.2403272e-01;1.8250000e+02;3.0492538e-01;1.8250000e+02;2.3990241e-01;1.8250000e+02;1.8130206e-01;1.8250000e+02;1.3167514e-01;1.8250000e+02;8.6441092e-02;1.8250000e+02;4.4568777e-02;1.8250000e+02;1.9459054e-03;1.8250000e+02;-4.3460160e-02;1.8250000e+02;-8.8946566e-02;1.8250000e+02;-1.2958154e-01;1.8250000e+02;-5.0858431e-02;1.8250000e+02;-6.8039251e-03;1.8250000e+02;5.9733577e-02;1.8250000e+02;1.4080301e-01;1.8250000e+02;2.2576505e-01;1.8250000e+02;2.7952245e-01;1.8250000e+02;2.8539687e-01;1.8250000e+02;3.2403272e-01;1.8250000e+02;3.0492538e-01;1.8250000e+02;2.3990241e-01;1.8250000e+02;1.8130206e-01;1.8250000e+02;1.3167514e-01;1.8250000e+02;8.6441092e-02;1.8250000e+02;4.4568777e-02;1.8250000e+02;1.9459054e-03;1.8250000e+02;-4.3460160e-02;1.8250000e+02;-8.8946566e-02;1.8250000e+02;-1.2958154e-01;1.8250000e+02;-5.0858431e-02;1.8250000e+02;-6.8039251e-03;1.8250000e+02;5.9733577e-02;1.8250000e+02;1.4080301e-01;1.8250000e+02;2.2576505e-01;1.8250000e+02;2.7952245e-01;1.8250000e+02;2.8539687e-01;1.8250000e+02;3.2403272e-01;1.8250000e+02;3.0492538e-01;1.8250000e+02;2.3990241e-01;1.8250000e+02;1.8130206e-01;1.8250000e+02;1.3167514e-01;1.8250000e+02;8.6441092e-02;1.8250000e+02;4.4568777e-02;1.8250000e+02;1.9459054e-03;1.8250000e+02;-4.3460160e-02;1.8250000e+02;-8.8946566e-02;1.8250000e+02;-1.2958154e-01;1.8250000e+02;-5.0858431e-02;1.8250000e+02;-6.8039251e-03;1.8250000e+02;5.9733577e-02;1.8250000e+02;1.4080301e-01;1.8250000e+02;2.2576505e-01;1.8250000e+02;2.7952245e-01;1.8250000e+02;2.8539687e-01;1.8250000e+02;3.2403272e-01;1.8250000e+02;3.0492538e-01;1.8250000e+02;2.3990241e-01;1.8250000e+02;1.8130206e-01;1.8250000e+02;1.3167514e-01;1.8250000e+02;8.6441092e-02;1.8250000e+02;4.4568777e-02;1.8250000e+02;1.9459054e-03;1.8250000e+02;-4.3460160e-02;1.8250000e+02;-8.8946566e-02;1.8250000e+02;-1.2958154e-01;1.8250000e+02;-5.0858431e-02;1.8250000e+02;-6.8039251e-03;1.8250000e+02;5.9733577e-02;1.8250000e+02;1.4080301e-01;1.8250000e+02;2.2576505e-01;1.8250000e+02;2.7952245e-01;1.8250000e+02;2.8539687e-01;1.8250000e+02;3.2403272e-01;1.8250000e+02;3.0492538e-01;1.8250000e+02;2.3990241e-01;1.8250000e+02;1.8130206e-01;1.8250000e+02;1.3167514e-01;1.8250000e+02;8.6441092e-02;1.8250000e+02;4.4568777e-02;1.8250000e+02;1.9459054e-03;1.8250000e+02;-4.3460160e-02;1.8250000e+02;-8.8946566e-02;1.8250000e+02;-1.2958154e-01;1.8250000e+02;-5.0858431e-02;1.8250000e+02;-6.8039251e-03;1.8250000e+02;5.9733577e-02;1.8250000e+02;1.4080301e-01;1.8250000e+02;2.2576505e-01;1.8250000e+02;2.7952245e-01;1.8250000e+02;2.8539687e-01;1.8250000e+02;3.2403272e-01;1.8250000e+02;3.0492538e-01;1.8250000e+02;2.3990241e-01;1.8250000e+02;1.8130206e-01;1.8250000e+02;1.3167514e-01;1.8250000e+02;8.6441092e-02;1.8250000e+02;4.4568777e-02;1.8250000e+02;1.9459054e-03;1.8250000e+02;-4.3460160e-02;1.8250000e+02;-8.8946566e-02;1.8250000e+02;-1.2958154e-01;1.8250000e+02;-5.0858431e-02;1.8250000e+02;-6.8039251e-03;1.8250000e+02;5.9733577e-02;1.8250000e+02;1.4080301e-01;1.8250000e+02;2.2576505e-01;1.8250000e+02;2.7952245e-01;1.8250000e+02;2.8539687e-01;1.8250000e+02;3.2403272e-01;1.8250000e+02;3.0492538e-01;1.8250000e+02;2.3990241e-01;1.8250000e+02;1.8130206e-01;1.8250000e+02;1.3167514e-01;1.8250000e+02;8.6441092e-02;1.8250000e+02;4.4568777e-02;1.8250000e+02;1.9459054e-03;1.8250000e+02;-4.3460160e-02;1.8250000e+02;-8.8946566e-02;1.8250000e+02;-1.2958154e-01;1.8250000e+02;-5.0858431e-02;1.8250000e+02;-6.8039251e-03;1.8250000e+02;5.9733577e-02;1.8250000e+02;1.4080301e-01;1.8250000e+02;2.2576505e-01;1.8250000e+02;2.7952245e-01;1.8250000e+02;2.8539687e-01;1.8250000e+02;3.2403272e-01;1.8250000e+02;3.0492538e-01;1.8250000e+02;2.3990241e-01;1.8250000e+02;1.8130206e-01;1.8250000e+02;1.3167514e-01;1.8250000e+02;8.6441092e-02;1.8250000e+02;4.4568777e-02;1.8250000e+02;1.9459054e-03;1.8250000e+02;-4.3460160e-02;1.8250000e+02;-8.8946566e-02;1.8250000e+02;-1.2958154e-01;1.8250000e+02;-5.0858431e-02;1.8250000e+02;-6.8039251e-03;1.8250000e+02;5.9733577e-02;1.8250000e+02;1.4080301e-01;1.8250000e+02;2.2576505e-01;1.8250000e+02;2.7952245e-01;1.8250000e+02;2.8539687e-01;1.8250000e+02;3.2403272e-01;1.8250000e+02;3.0492538e-01;1.8250000e+02;2.3990241e-01;1.8250000e+02;1.8130206e-01;1.8250000e+02;1.3167514e-01;1.8250000e+02;8.6441092e-02;1.8250000e+02;4.4568777e-02;1.8250000e+02;1.9459054e-03;1.8250000e+02;-4.3460160e-02;1.8250000e+02;-8.8946566e-02;1.8250000e+02;-1.2958154e-01;1.8250000e+02;-5.0858431e-02;1.8250000e+02;-6.8039251e-03;1.8250000e+02;5.9733577e-02;1.8250000e+02;1.4080301e-01;1.8250000e+02;2.2576505e-01;1.8250000e+02;2.7952245e-01;1.8250000e+02;2.8539687e-01;1.8250000e+02;3.2403272e-01;1.8250000e+02;3.0492538e-01;1.8250000e+02;2.3990241e-01;1.8250000e+02;1.8130206e-01;1.8250000e+02;1.3167514e-01;1.8250000e+02;8.6441092e-02;1.8250000e+02;4.4568777e-02;1.8250000e+02;1.9459054e-03;1.8250000e+02;-4.3460160e-02;1.8250000e+02;-8.8946566e-02;1.8250000e+02;-1.2958154e-01;1.8250000e+02;-5.0858431e-02;1.8250000e+02;-6.8039251e-03;1.8250000e+02;5.9733577e-02;1.8250000e+02;1.4080301e-01;1.8250000e+02;2.2576505e-01;1.8250000e+02;2.7952245e-01;1.8250000e+02;2.8539687e-01;1.8250000e+02;3.2403272e-01;1.8250000e+02;3.0492538e-01;1.8250000e+02;2.3990241e-01;1.8250000e+02;1.8130206e-01;1.8250000e+02;1.3167514e-01;1.8250000e+02;8.6441092e-02;1.8250000e+02;4.4568777e-02;1.8250000e+02;1.9459054e-03;1.8250000e+02;-4.3460160e-02;1.8250000e+02;-8.8946566e-02;1.8250000e+02;-1.2958154e-01;1.8250000e+02;-5.0858431e-02;1.8250000e+02;-6.8039251e-03;1.8250000e+02;5.9733577e-02;1.8250000e+02;1.4080301e-01;1.8250000e+02;2.2576505e-01;1.8250000e+02;2.7952245e-01;1.8250000e+02;2.8539687e-01;1.8250000e+02;3.2403272e-01;1.8250000e+02;3.0492538e-01;1.8250000e+02;2.3990241e-01;1.8250000e+02;1.8130206e-01;1.8250000e+02;1.3167514e-01;1.8250000e+02;8.6441092e-02;1.8250000e+02;4.4568777e-02;1.8250000e+02;1.9459054e-03;1.8250000e+02;-4.3460160e-02;1.8250000e+02;-8.8946566e-02;1.8250000e+02;-1.2958154e-01;1.8250000e+02;-5.0858431e-02;1.8250000e+02;-6.8039251e-03;1.8250000e+02;5.9733577e-02;1.8250000e+02;1.4080301e-01;1.8250000e+02;2.2576505e-01;1.8250000e+02;2.7952245e-01;1.8250000e+02;2.8539687e-01;1.8250000e+02;3.2403272e-01;1.8250000e+02;3.0492538e-01;1.8250000e+02;2.3990241e-01;1.8250000e+02;1.8130206e-01;1.8250000e+02;1.3167514e-01;1.8250000e+02;8.6441092e-02;1.8250000e+02;4.4568777e-02;1.8250000e+02;1.9459054e-03;1.8250000e+02;-4.3460160e-02;1.8250000e+02;-8.8946566e-02;1.8250000e+02;-1.2958154e-01;1.8250000e+02;-5.0858431e-02;1.8250000e+02;-6.8039251e-03;1.8250000e+02;5.9733577e-02;1.8250000e+02;1.4080301e-01;1.8250000e+02;2.2576505e-01;1.8250000e+02;2.7952245e-01;1.8250000e+02;2.8539687e-01;1.8250000e+02;3.2403272e-01;1.8250000e+02;3.0492538e-01;1.8250000e+02;2.3990241e-01;1.8250000e+02;1.8130206e-01;1.8250000e+02;1.3167514e-01;1.8250000e+02;8.6441092e-02;1.8250000e+02;4.4568777e-02;1.8250000e+02;1.9459054e-03;1.8250000e+02;-4.3460160e-02;1.8250000e+02;-8.8946566e-02;1.8250000e+02;-1.2958154e-01;1.8250000e+02;-5.0858431e-02;1.8250000e+02;-6.8039251e-03;1.8250000e+02;5.9733577e-02;1.8250000e+02;1.4080301e-01;1.8250000e+02;2.2576505e-01;1.8250000e+02;2.7952245e-01;1.8250000e+02;2.8539687e-01;1.8250000e+02;3.2403272e-01;1.8250000e+02;3.0492538e-01;1.8250000e+02;2.3990241e-01;1.8250000e+02;1.8130206e-01;1.8250000e+02;1.3167514e-01;1.8250000e+02;8.6441092e-02;1.8250000e+02;4.4568777e-02;1.8250000e+02;1.9459054e-03;1.8250000e+02;-4.3460160e-02;1.8250000e+02;-8.8946566e-02;1.8250000e+02;-1.2958154e-01;1.8250000e+02;-5.0858431e-02;1.8250000e+02;-6.8039251e-03;1.8250000e+02;5.9733577e-02;1.8250000e+02;1.4080301e-01;1.8250000e+02;2.2576505e-01;1.8250000e+02;2.7952245e-01;1.8250000e+02;2.8539687e-01;1.8250000e+02;3.2403272e-01;1.8250000e+02;3.0492538e-01;1.8250000e+02;2.3990241e-01;1.8250000e+02;1.8130206e-01;1.8250000e+02;1.3167514e-01;1.8250000e+02;8.6441092e-02;1.8250000e+02;4.4568777e-02;1.8250000e+02;1.9459054e-03;1.8250000e+02;-4.3460160e-02;1.8250000e+02;-8.8946566e-02;1.8250000e+02;-1.2958154e-01;1.8250000e+02;-5.0858431e-02;1.8250000e+02;-6.8039251e-03;1.8250000e+02;5.9733577e-02;1.8250000e+02;1.4080301e-01;1.8250000e+02;2.2576505e-01;1.8250000e+02;2.7952245e-01;1.8250000e+02;2.8539687e-01;1.8250000e+02;3.2403272e-01;1.8250000e+02;3.0492538e-01;1.8250000e+02;2.3990241e-01;1.8250000e+02;1.8130206e-01;1.8250000e+02;1.3167514e-01;1.8250000e+02;8.6441092e-02;1.8250000e+02;4.4568777e-02;1.8250000e+02;1.9459054e-03;1.8250000e+02;-4.3460160e-02;1.8250000e+02;-8.8946566e-02;1.8250000e+02;-1.2958154e-01;1.8250000e+02;-5.0858431e-02;1.8250000e+02;-6.8039251e-03;1.8250000e+02;5.9733577e-02;1.8250000e+02;1.4080301e-01;1.8250000e+02;2.2576505e-01;1.8250000e+02;2.7952245e-01;1.8250000e+02;2.8539687e-01;1.8250000e+02;3.2403272e-01;1.8250000e+02;3.0492538e-01;1.8250000e+02;2.3990241e-01;1.8250000e+02;1.8130206e-01;1.8250000e+02;1.3167514e-01;1.8250000e+02;8.6441092e-02;1.8250000e+02;4.4568777e-02;1.8250000e+02;1.9459054e-03;1.8250000e+02;-4.3460160e-02;1.8250000e+02;-8.8946566e-02;1.8250000e+02;-1.2958154e-01;1.8250000e+02;-5.0858431e-02;1.8250000e+02;-6.8039251e-03;1.8250000e+02;5.9733577e-02;1.8250000e+02;1.4080301e-01;1.8250000e+02;2.2576505e-01;1.8250000e+02;2.7952245e-01;1.8250000e+02;2.8539687e-01;1.8250000e+02;3.2403272e-01;1.8250000e+02;3.0492538e-01;1.8250000e+02;2.3990241e-01;1.8250000e+02;1.8130206e-01;1.8250000e+02;1.3167514e-01;1.8250000e+02;8.6441092e-02;1.8250000e+02;4.4568777e-02;1.8250000e+02;1.9459054e-03;1.8250000e+02;-4.3460160e-02;1.8250000e+02;-8.8946566e-02;1.8250000e+02;-1.2958154e-01;1.8250000e+02;-5.0858431e-02;1.8250000e+02;-6.8039251e-03;1.8250000e+02;5.9733577e-02;1.8250000e+02;1.4080301e-01;1.8250000e+02;2.2576505e-01;1.8250000e+02;2.7952245e-01;1.8250000e+02;2.8539687e-01;1.8250000e+02;3.2403272e-01;1.8250000e+02;3.0492538e-01;1.8250000e+02;2.3990241e-01;1.8250000e+02;1.8130206e-01;1.8250000e+02;1.3167514e-01;1.8250000e+02;8.6441092e-02;1.8250000e+02;4.4568777e-02;1.8250000e+02;1.9459054e-03;1.8250000e+02;-4.3460160e-02;1.8250000e+02;-8.8946566e-02;1.8250000e+02;-1.2958154e-01;1.8250000e+02;-5.0858431e-02;1.8250000e+02;-6.8039251e-03;1.8250000e+02;5.9733577e-02;1.8250000e+02;1.4080301e-01;1.8250000e+02;2.2576505e-01;1.8250000e+02;2.7952245e-01;1.8250000e+02;2.8539687e-01;1.8250000e+02;3.2403272e-01;1.8250000e+02;3.0492538e-01;1.8250000e+02;2.3990241e-01;1.8250000e+02;1.8130206e-01;1.8250000e+02;1.3167514e-01;1.8250000e+02;8.6441092e-02;1.8250000e+02;4.4568777e-02;1.8250000e+02;1.9459054e-03;1.8250000e+02;-4.3460160e-02;1.8250000e+02;-8.8946566e-02;1.8250000e+02;-1.2958154e-01;1.8250000e+02;-5.0858431e-02;1.8250000e+02;-6.8039251e-03;1.8250000e+02;5.9733577e-02;1.8250000e+02;1.4080301e-01;1.8250000e+02;2.2576505e-01;1.8250000e+02;2.7952245e-01;1.8250000e+02;2.8539687e-01;1.8250000e+02;3.2403272e-01;1.8250000e+02;3.0492538e-01;1.8250000e+02;2.3990241e-01;1.8250000e+02;1.8130206e-01;1.8250000e+02;1.3167514e-01;1.8250000e+02;8.6441092e-02;1.8250000e+02;4.4568777e-02;1.8250000e+02;1.9459054e-03;1.8250000e+02;-4.3460160e-02;1.8250000e+02;-8.8946566e-02;1.8250000e+02;-1.2958154e-01;1.8250000e+02;-5.0858431e-02;1.8250000e+02;-6.8039251e-03;1.8250000e+02;5.9733577e-02;1.8250000e+02;1.4080301e-01;1.8250000e+02;2.2576505e-01;1.8250000e+02;2.7952245e-01;1.8250000e+02;2.8539687e-01;1.8250000e+02;3.2403272e-01;1.8250000e+02;3.0492538e-01;1.8250000e+02;2.3990241e-01;1.8250000e+02;1.8130206e-01;1.8250000e+02;1.3167514e-01;1.8250000e+02;8.6441092e-02;1.8250000e+02;4.4568777e-02;1.8250000e+02;1.9459054e-03;1.8250000e+02;-4.3460160e-02;1.8250000e+02;-8.8946566e-02;1.8250000e+02;-1.2958154e-01;1.8250000e+02;-5.0858431e-02;1.8250000e+02;-6.8039251e-03;1.8250000e+02;5.9733577e-02;1.8250000e+02;1.4080301e-01;1.8250000e+02;2.2576505e-01;1.8250000e+02;2.7952245e-01;1.8250000e+02;2.8539687e-01;1.8250000e+02;3.2403272e-01;1.8250000e+02;3.0492538e-01;1.8250000e+02;2.3990241e-01;1.8250000e+02;1.8130206e-01;1.8250000e+02;1.3167514e-01;1.8250000e+02;8.6441092e-02;1.8250000e+02;4.4568777e-02;1.8250000e+02;1.9459054e-03;1.8250000e+02;-4.3460160e-02;1.8250000e+02;-8.8946566e-02;1.8250000e+02;-1.2958154e-01;1.8250000e+02;-5.0858431e-02;1.8250000e+02;-6.8039251e-03;1.8250000e+02;5.9733577e-02;1.8250000e+02;1.4080301e-01;1.8250000e+02;2.2576505e-01;1.8250000e+02;2.7952245e-01;1.8250000e+02;2.8539687e-01;1.8250000e+02;3.2403272e-01;1.8250000e+02;3.0492538e-01;1.8250000e+02;2.3990241e-01;1.8250000e+02;1.8130206e-01;1.8250000e+02;1.3167514e-01;1.8250000e+02;8.6441092e-02;1.8250000e+02;4.4568777e-02;1.8250000e+02;1.9459054e-03;1.8250000e+02;-4.3460160e-02;1.8250000e+02;-8.8946566e-02;1.8250000e+02;-1.2958154e-01;1.8250000e+02;-5.0858431e-02;1.8250000e+02;-6.8039251e-03;1.8250000e+02;5.9733577e-02;1.8250000e+02;1.4080301e-01;1.8250000e+02;2.2576505e-01;1.8250000e+02;2.7952245e-01;1.8250000e+02;2.8539687e-01;1.8250000e+02;3.2403272e-01;1.8250000e+02;3.0492538e-01;1.8250000e+02;2.3990241e-01;1.8250000e+02;1.8130206e-01;1.8250000e+02;1.3167514e-01;1.8250000e+02;8.6441092e-02;1.8250000e+02;4.4568777e-02;1.8250000e+02;1.9459054e-03;1.8250000e+02;-4.3460160e-02;1.8250000e+02;-8.8946566e-02;1.8250000e+02;-1.2958154e-01;1.8250000e+02;-5.0858431e-02;1.8250000e+02;-6.8039251e-03;1.8250000e+02;5.9733577e-02;1.8250000e+02;1.4080301e-01;1.8250000e+02;2.2576505e-01;1.8250000e+02;2.7952245e-01;1.8250000e+02;2.8539687e-01;1.8250000e+02;3.2403272e-01;1.8250000e+02;3.0492538e-01;1.8250000e+02;2.3990241e-01;1.8250000e+02;1.8130206e-01;1.8250000e+02;1.3167514e-01;1.8250000e+02;8.6441092e-02;1.8250000e+02;4.4568777e-02;1.8250000e+02;1.9459054e-03;1.8250000e+02;-4.3460160e-02;1.8250000e+02;-8.8946566e-02;1.8250000e+02;-1.2958154e-01;1.8250000e+02;-5.0858431e-02;1.8250000e+02;-6.8039251e-03;1.8250000e+02;5.9733577e-02;1.8250000e+02;1.4080301e-01;1.8250000e+02;2.2576505e-01;1.8250000e+02;2.7952245e-01;1.8250000e+02;2.8539687e-01;1.8250000e+02;3.2403272e-01;1.8250000e+02;3.0492538e-01;1.8250000e+02;2.3990241e-01;1.8250000e+02;1.8130206e-01;1.8250000e+02;1.3167514e-01;1.8250000e+02;8.6441092e-02;1.8250000e+02;4.4568777e-02;1.8250000e+02;1.9459054e-03;1.8250000e+02;-4.3460160e-02;1.8250000e+02;-8.8946566e-02;1.8250000e+02;-1.2958154e-01;1.8250000e+02;-5.0858431e-02;1.8250000e+02;-6.8039251e-03;1.8250000e+02;5.9733577e-02;1.8250000e+02;1.4080301e-01;1.8250000e+02;2.2576505e-01;1.8250000e+02;2.7952245e-01;1.8250000e+02;2.8539687e-01;1.8250000e+02;3.2403272e-01;1.8250000e+02;3.0492538e-01;1.8250000e+02;2.3990241e-01;1.8250000e+02;1.8130206e-01;1.8250000e+02;1.3167514e-01;1.8250000e+02;8.6441092e-02;1.8250000e+02;4.4568777e-02;1.8250000e+02;1.9459054e-03;1.8250000e+02;-4.3460160e-02;1.8250000e+02;-8.8946566e-02;1.8250000e+02;-1.2958154e-01;1.8250000e+02;-5.0858431e-02;1.8250000e+02;-6.8039251e-03;1.8250000e+02;5.9733577e-02;1.8250000e+02;1.4080301e-01;1.8250000e+02;2.2576505e-01;1.8250000e+02;2.7952245e-01;1.8250000e+02;2.8539687e-01;1.8250000e+02;3.2403272e-01;1.8250000e+02;3.0492538e-01;1.8250000e+02;2.3990241e-01;1.8250000e+02;1.8130206e-01;1.8250000e+02;1.3167514e-01;1.8250000e+02;8.6441092e-02;1.8250000e+02;4.4568777e-02;1.8250000e+02;1.9459054e-03;1.8250000e+02;-4.3460160e-02;1.8250000e+02;-8.8946566e-02;1.8250000e+02;-1.2958154e-01;1.8250000e+02;-5.0858431e-02;1.8250000e+02;-6.8039251e-03;1.8250000e+02;5.9733577e-02;1.8250000e+02;1.4080301e-01;1.8250000e+02;2.2576505e-01;1.8250000e+02;2.7952245e-01;1.8250000e+02;2.8539687e-01;1.8250000e+02;3.2403272e-01;1.8250000e+02;3.0492538e-01;1.8250000e+02;2.3990241e-01;1.8250000e+02;1.8130206e-01;1.8250000e+02;1.3167514e-01;1.8250000e+02;8.6441092e-02;1.8250000e+02;4.4568777e-02;1.8250000e+02;1.9459054e-03;1.8250000e+02;-4.3460160e-02;1.8250000e+02;-8.8946566e-02;1.8250000e+02;-1.2958154e-01;1.8250000e+02;-5.0858431e-02;1.8250000e+02;-6.8039251e-03;1.8250000e+02;5.9733577e-02;1.8250000e+02;1.4080301e-01;1.8250000e+02;2.2576505e-01;1.8250000e+02;2.7952245e-01;1.8250000e+02;2.8539687e-01;1.8250000e+02;3.2403272e-01;1.8250000e+02;3.0492538e-01;1.8250000e+02;2.3990241e-01;1.8250000e+02;1.8130206e-01;1.8250000e+02;1.3167514e-01;1.8250000e+02;8.6441092e-02;1.8250000e+02;4.4568777e-02;1.8250000e+02;1.9459054e-03;1.8250000e+02;-4.3460160e-02;1.8250000e+02;-8.8946566e-02;1.8250000e+02;-1.2958154e-01;1.8250000e+02;-5.0858431e-02;1.8250000e+02;-6.8039251e-03;1.8250000e+02;5.9733577e-02;1.8250000e+02;1.4080301e-01;1.8250000e+02;2.2576505e-01;1.8250000e+02;2.7952245e-01;1.8250000e+02;2.8539687e-01;1.8250000e+02;3.2403272e-01;1.8250000e+02;3.0492538e-01;1.8250000e+02;2.3990241e-01;1.8250000e+02;1.8130206e-01;1.8250000e+02;1.3167514e-01;1.8250000e+02;8.6441092e-02;1.8250000e+02;4.4568777e-02;1.8250000e+02;1.9459054e-03;1.8250000e+02;-4.3460160e-02;1.8250000e+02;-8.8946566e-02;1.8250000e+02;-1.2958154e-01;1.8250000e+02;-5.0858431e-02;1.8250000e+02;-6.8039251e-03;1.8250000e+02;5.9733577e-02;1.8250000e+02;1.4080301e-01;1.8250000e+02;2.2576505e-01;1.8250000e+02;2.7952245e-01;1.8250000e+02;2.8539687e-01;1.8250000e+02;3.2403272e-01;1.8250000e+02;3.0492538e-01;1.8250000e+02;2.3990241e-01;1.8250000e+02;1.8130206e-01;1.8250000e+02;1.3167514e-01;1.8250000e+02;8.6441092e-02;1.8250000e+02;4.4568777e-02;1.8250000e+02;1.9459054e-03;1.8250000e+02;-4.3460160e-02;1.8250000e+02;-8.8946566e-02;1.8250000e+02;-1.2958154e-01;1.8250000e+02;-5.0858431e-02;1.8250000e+02;-6.8039251e-03;1.8250000e+02;5.9733577e-02;1.8250000e+02;1.4080301e-01;1.8250000e+02;2.2576505e-01;1.8250000e+02;2.7952245e-01;1.8250000e+02;2.8539687e-01;1.8250000e+02;3.2403272e-01;1.8250000e+02;3.0492538e-01;1.8250000e+02;2.3990241e-01;1.8250000e+02;1.8130206e-01;1.8250000e+02;1.3167514e-01;1.8250000e+02;8.6441092e-02;1.8250000e+02;4.4568777e-02;1.8250000e+02;1.9459054e-03;1.8250000e+02;-4.3460160e-02;1.8250000e+02;-8.8946566e-02;1.8250000e+02;-1.2958154e-01;1.8250000e+02;-5.0858431e-02;1.8250000e+02;-6.8039251e-03;1.8250000e+02;5.9733577e-02;1.8250000e+02;1.4080301e-01;1.8250000e+02;2.2576505e-01;1.8250000e+02;2.7952245e-01;1.8250000e+02;2.8539687e-01;1.8250000e+02;3.2403272e-01;1.8250000e+02;3.0492538e-01;1.8250000e+02;2.3990241e-01;1.8250000e+02;1.8130206e-01;1.8250000e+02;1.3167514e-01;1.8250000e+02;8.6441092e-02;1.8250000e+02;4.4568777e-02;1.8250000e+02;1.9459054e-03;1.8250000e+02;-4.3460160e-02;1.8250000e+02;-8.8946566e-02;1.8250000e+02;-1.2958154e-01;1.8250000e+02;-5.0858431e-02;1.8250000e+02;-6.8039251e-03;1.8250000e+02;5.9733577e-02;1.8250000e+02;1.4080301e-01;1.8250000e+02;2.2576505e-01;1.8250000e+02;2.7952245e-01;1.8250000e+02;2.8539687e-01;1.8250000e+02;3.2403272e-01;1.8250000e+02;3.0492538e-01;1.8250000e+02;2.3990241e-01;1.8250000e+02;1.8130206e-01;1.8250000e+02;1.3167514e-01;1.8250000e+02;8.6441092e-02;1.8250000e+02;4.4568777e-02;1.8250000e+02;1.9459054e-03;1.8250000e+02;-4.3460160e-02;1.8250000e+02;-8.8946566e-02;1.8250000e+02;-1.2958154e-01;1.8250000e+02;-5.0858431e-02;1.8250000e+02;-6.8039251e-03;1.8250000e+02;5.9733577e-02;1.8250000e+02;1.4080301e-01;1.8250000e+02;2.2576505e-01;1.8250000e+02;2.7952245e-01;1.8250000e+02;2.8539687e-01;1.8250000e+02;3.2403272e-01;1.8250000e+02;3.0492538e-01;1.8250000e+02;2.3990241e-01;1.8250000e+02;1.8130206e-01;1.8250000e+02;1.3167514e-01;1.8250000e+02;8.6441092e-02;1.8250000e+02;4.4568777e-02;1.8250000e+02;1.9459054e-03;1.8250000e+02;-4.3460160e-02;1.8250000e+02;-8.8946566e-02;1.8250000e+02;-1.2958154e-01;1.8250000e+02;-5.0858431e-02;1.8250000e+02;-6.8039251e-03;1.8250000e+02;5.9733577e-02;1.8250000e+02;1.4080301e-01;1.8250000e+02;2.2576505e-01;1.8250000e+02;2.7952245e-01;1.8250000e+02;2.8539687e-01;1.8250000e+02;3.2403272e-01;1.8250000e+02;3.0492538e-01;1.8250000e+02;2.3990241e-01;1.8250000e+02;1.8130206e-01;1.8250000e+02;1.3167514e-01;1.8250000e+02;8.6441092e-02;1.8250000e+02;4.4568777e-02;1.8250000e+02;1.9459054e-03;1.8250000e+02;-4.3460160e-02;1.8250000e+02;-8.8946566e-02;1.8250000e+02;-1.2958154e-01;1.8250000e+02;-5.0858431e-02;1.8250000e+02;-6.8039251e-03;1.8250000e+02;5.9733577e-02;1.8250000e+02;1.4080301e-01;1.8250000e+02;2.2576505e-01;1.8250000e+02;2.7952245e-01;1.8250000e+02;2.8539687e-01;1.8250000e+02;3.2403272e-01;1.8250000e+02;3.0492538e-01;1.8250000e+02;2.3990241e-01;1.8250000e+02;1.8130206e-01;1.8250000e+02;1.3167514e-01;1.8250000e+02;8.6441092e-02;1.8250000e+02;4.4568777e-02;1.8250000e+02;1.9459054e-03;1.8250000e+02;-4.3460160e-02;1.8250000e+02;-8.8946566e-02;1.8250000e+02;-1.2958154e-01;1.8250000e+02;-5.0858431e-02;1.8250000e+02;-6.8039251e-03;1.8250000e+02;5.9733577e-02;1.8250000e+02;1.4080301e-01;1.8250000e+02;2.2576505e-01;1.8250000e+02;2.7952245e-01;1.8250000e+02;2.8539687e-01;1.8250000e+02;3.2403272e-01;1.8250000e+02;3.0492538e-01;1.8250000e+02;2.3990241e-01;1.8250000e+02;1.8130206e-01;1.8250000e+02;1.3167514e-01;1.8250000e+02;8.6441092e-02;1.8250000e+02;4.4568777e-02;1.8250000e+02;1.9459054e-03;1.8250000e+02;-4.3460160e-02;1.8250000e+02;-8.8946566e-02;1.8250000e+02;-1.2958154e-01;1.8250000e+02;-5.0858431e-02;1.8250000e+02;-6.8039251e-03;1.8250000e+02;5.9733577e-02;1.8250000e+02;1.4080301e-01;1.8250000e+02;2.2576505e-01;1.8250000e+02;2.7952245e-01;1.8250000e+02;2.8539687e-01;1.8250000e+02;3.2403272e-01;1.8250000e+02;3.0492538e-01;1.8250000e+02;2.3990241e-01;1.8250000e+02;1.8130206e-01;1.8250000e+02;1.3167514e-01;1.8250000e+02;8.6441092e-02;1.8250000e+02;4.4568777e-02;1.8250000e+02;1.9459054e-03;1.8250000e+02;-4.3460160e-02;1.8250000e+02;-8.8946566e-02;1.8250000e+02;-1.2958154e-01;1.8250000e+02;-5.0858431e-02;1.8250000e+02;-6.8039251e-03;1.8250000e+02;5.9733577e-02;1.8250000e+02;1.4080301e-01;1.8250000e+02;2.2576505e-01;1.8250000e+02;2.7952245e-01;1.8250000e+02;2.8539687e-01;1.8250000e+02;3.2403272e-01;1.8250000e+02;3.0492538e-01;1.8250000e+02;2.3990241e-01;1.8250000e+02;1.8130206e-01;1.8250000e+02;1.3167514e-01;1.8250000e+02;8.6441092e-02;1.8250000e+02;4.4568777e-02;1.8250000e+02;1.9459054e-03;1.8250000e+02;-4.3460160e-02;1.8250000e+02;-8.8946566e-02;1.8250000e+02;-1.2958154e-01;1.8250000e+02;-5.0858431e-02;1.8250000e+02;-6.8039251e-03;1.8250000e+02;5.9733577e-02;1.8250000e+02;1.4080301e-01;1.8250000e+02;2.2576505e-01;1.8250000e+02;2.7952245e-01;1.8250000e+02;2.8539687e-01;1.8250000e+02;3.2403272e-01;1.8250000e+02;3.0492538e-01;1.8250000e+02;2.3990241e-01;1.8250000e+02;1.8130206e-01;1.8250000e+02;1.3167514e-01;1.8250000e+02;8.6441092e-02;1.8250000e+02;4.4568777e-02;1.8250000e+02;1.9459054e-03;1.8250000e+02;-4.3460160e-02;1.8250000e+02;-8.8946566e-02;1.8250000e+02;-1.2958154e-01;1.8250000e+02;-5.0858431e-02;1.8250000e+02;-6.8039251e-03;1.8250000e+02;5.9733577e-02;1.8250000e+02;1.4080301e-01;1.8250000e+02;2.2576505e-01;1.8250000e+02;2.7952245e-01;1.8250000e+02;2.8539687e-01;1.8250000e+02;3.2403272e-01;1.8250000e+02;3.0492538e-01;1.8250000e+02;2.3990241e-01;1.8250000e+02;1.8130206e-01;1.8250000e+02;1.3167514e-01;1.8250000e+02;8.6441092e-02;1.8250000e+02;4.4568777e-02;1.8250000e+02;1.9459054e-03;1.8250000e+02;-4.3460160e-02;1.8250000e+02;-8.8946566e-02;1.8250000e+02;-1.2958154e-01;1.8250000e+02;-5.0858431e-02;1.8250000e+02;-6.8039251e-03;1.8250000e+02;5.9733577e-02;1.8250000e+02;1.4080301e-01;1.8250000e+02;2.2576505e-01;1.8250000e+02;2.7952245e-01;1.8250000e+02;2.8539687e-01;1.8250000e+02;3.2403272e-01;1.8250000e+02;3.0492538e-01;1.8250000e+02;2.3990241e-01;1.8250000e+02;1.8130206e-01;1.8250000e+02;1.3167514e-01;1.8250000e+02;8.6441092e-02;1.8250000e+02;4.4568777e-02;1.8250000e+02;1.9459054e-03;1.8250000e+02;-4.3460160e-02;1.8250000e+02;-8.8946566e-02;1.8250000e+02;-1.2958154e-01;1.8250000e+02;-5.0858431e-02;1.8250000e+02;-6.8039251e-03;1.8250000e+02;5.9733577e-02;1.8250000e+02;1.4080301e-01;1.8250000e+02;2.2576505e-01;1.8250000e+02;2.7952245e-01;1.8250000e+02;2.8539687e-01;1.8250000e+02;3.2403272e-01;1.8250000e+02;3.0492538e-01;1.8250000e+02;2.3990241e-01;1.8250000e+02;1.8130206e-01;1.8250000e+02;1.3167514e-01;1.8250000e+02;8.6441092e-02;1.8250000e+02;4.4568777e-02;1.8250000e+02;1.9459054e-03;1.8250000e+02;-4.3460160e-02;1.8250000e+02;-8.8946566e-02;1.8250000e+02;-1.2958154e-01;1.8250000e+02;-5.0858431e-02;1.8250000e+02;-6.8039251e-03;1.8250000e+02;5.9733577e-02;1.8250000e+02;1.4080301e-01;1.8250000e+02;2.2576505e-01;1.8250000e+02;2.7952245e-01;1.8250000e+02;2.8539687e-01;1.8250000e+02;3.2403272e-01;1.8250000e+02;3.0492538e-01;1.8250000e+02;2.3990241e-01;1.8250000e+02;1.8130206e-01;1.8250000e+02;1.3167514e-01;1.8250000e+02;8.6441092e-02;1.8250000e+02;4.4568777e-02;1.8250000e+02;1.9459054e-03;1.8250000e+02;-4.3460160e-02;1.8250000e+02;-8.8946566e-02;1.8250000e+02;-1.2958154e-01;1.8250000e+02;-5.0858431e-02;1.8250000e+02;-6.8039251e-03;1.8250000e+02;5.9733577e-02;1.8250000e+02;1.4080301e-01;1.8250000e+02;2.2576505e-01;1.8250000e+02;2.7952245e-01;1.8250000e+02;2.8539687e-01;1.8250000e+02;3.2403272e-01;1.8250000e+02;3.0492538e-01;1.8250000e+02;2.3990241e-01;1.8250000e+02;1.8130206e-01;1.8250000e+02;1.3167514e-01;1.8250000e+02;8.6441092e-02;1.8250000e+02;4.4568777e-02;1.8250000e+02;1.9459054e-03;1.8250000e+02;-4.3460160e-02;1.8250000e+02;-8.8946566e-02;1.8250000e+02;-1.2958154e-01;1.8250000e+02;-5.0858431e-02;1.8250000e+02;-6.8039251e-03;1.8250000e+02;5.9733577e-02;1.8250000e+02;1.4080301e-01;1.8250000e+02;2.2576505e-01;1.8250000e+02;2.7952245e-01;1.8250000e+02;2.8539687e-01;1.8250000e+02;3.2403272e-01;1.8250000e+02;3.0492538e-01;1.8250000e+02;2.3990241e-01;1.8250000e+02;1.8130206e-01;1.8250000e+02;1.3167514e-01;1.8250000e+02;8.6441092e-02;1.8250000e+02;4.4568777e-02;1.8250000e+02;1.9459054e-03;1.8250000e+02;-4.3460160e-02;1.8250000e+02;-8.8946566e-02;1.8250000e+02;-1.2958154e-01;1.8250000e+02;-5.0858431e-02;1.8250000e+02;-6.8039251e-03;1.8250000e+02;5.9733577e-02;1.8250000e+02;1.4080301e-01;1.8250000e+02;2.2576505e-01;1.8250000e+02;2.7952245e-01;1.8250000e+02;2.8539687e-01;1.8250000e+02;3.2403272e-01;1.8250000e+02;3.0492538e-01;1.8250000e+02;2.3990241e-01;1.8250000e+02;1.8130206e-01;1.8250000e+02;1.3167514e-01;1.8250000e+02;8.6441092e-02;1.8250000e+02;4.4568777e-02;1.8250000e+02;1.9459054e-03;1.8250000e+02;-4.3460160e-02;1.8250000e+02;-8.8946566e-02;1.8250000e+02;-1.2958154e-01;1.8250000e+02;-5.0858431e-02;1.8250000e+02;-6.8039251e-03;1.8250000e+02;5.9733577e-02;1.8250000e+02;1.4080301e-01;1.8250000e+02;2.2576505e-01;1.8250000e+02;2.7952245e-01;1.8250000e+02;2.8539687e-01;1.8250000e+02;3.2403272e-01;1.8250000e+02;3.0492538e-01;1.8250000e+02;2.3990241e-01;1.8250000e+02;1.8130206e-01;1.8250000e+02;1.3167514e-01;1.8250000e+02;8.6441092e-02;1.8250000e+02;4.4568777e-02;1.8250000e+02;1.9459054e-03;1.8250000e+02;-4.3460160e-02;1.8250000e+02;-8.8946566e-02;1.8250000e+02;-1.2958154e-01;1.8250000e+02;-5.0858431e-02;1.8250000e+02;-6.8039251e-03;1.8250000e+02;5.9733577e-02;1.8250000e+02;1.4080301e-01;1.8250000e+02;2.2576505e-01;1.8250000e+02;2.7952245e-01;1.8250000e+02;2.8539687e-01;1.8250000e+02;3.2403272e-01;1.8250000e+02;3.0492538e-01;1.8250000e+02;2.3990241e-01;1.8250000e+02;1.8130206e-01;1.8250000e+02;1.3167514e-01;1.8250000e+02;8.6441092e-02;1.8250000e+02;4.4568777e-02;1.8250000e+02;1.9459054e-03;1.8250000e+02;-4.3460160e-02;1.8250000e+02;-8.8946566e-02;1.8250000e+02;-1.2958154e-01;1.8250000e+02;-5.0858431e-02;1.8250000e+02;-6.8039251e-03;1.8250000e+02;5.9733577e-02;1.8250000e+02;1.4080301e-01;1.8250000e+02;2.2576505e-01;1.8250000e+02;2.7952245e-01;1.8250000e+02;2.8539687e-01;1.8250000e+02;3.2403272e-01;1.8250000e+02;3.0492538e-01;1.8250000e+02;2.3990241e-01;1.8250000e+02;1.8130206e-01;1.8250000e+02;1.3167514e-01;1.8250000e+02;8.6441092e-02;1.8250000e+02;4.4568777e-02;1.8250000e+02;1.9459054e-03;1.8250000e+02;-4.3460160e-02;1.8250000e+02;-8.8946566e-02;1.8250000e+02;-1.2958154e-01;1.8250000e+02;-5.0858431e-02;1.8250000e+02;-6.8039251e-03;1.8250000e+02;5.9733577e-02;1.8250000e+02;1.4080301e-01;1.8250000e+02;2.2576505e-01;1.8250000e+02;2.7952245e-01;1.8250000e+02;2.8539687e-01;1.8250000e+02;3.2403272e-01;1.8250000e+02;3.0492538e-01;1.8250000e+02;2.3990241e-01;1.8250000e+02;1.8130206e-01;1.8250000e+02;1.3167514e-01;1.8250000e+02;8.6441092e-02;1.8250000e+02;4.4568777e-02;1.8250000e+02;1.9459054e-03;1.8250000e+02;-4.3460160e-02;1.8250000e+02;-8.8946566e-02;1.8250000e+02;-1.2958154e-01;1.8250000e+02;-5.0858431e-02;1.8250000e+02;-6.8039251e-03;1.8250000e+02;5.9733577e-02;1.8250000e+02;1.4080301e-01;1.8250000e+02;2.2576505e-01;1.8250000e+02;2.7952245e-01;1.8250000e+02;2.8539687e-01;1.8250000e+02;3.2403272e-01;1.8250000e+02;3.0492538e-01;1.8250000e+02;2.3990241e-01;1.8250000e+02;1.8130206e-01;1.8250000e+02;1.3167514e-01;1.8250000e+02;8.6441092e-02;1.8250000e+02;4.4568777e-02;1.8250000e+02;1.9459054e-03;1.8250000e+02;-4.3460160e-02;1.8250000e+02;-8.8946566e-02;1.8250000e+02;-1.2958154e-01;1.8250000e+02;-5.0858431e-02;1.8250000e+02;-6.8039251e-03;1.8250000e+02;5.9733577e-02;1.8250000e+02;1.4080301e-01;1.8250000e+02;2.2576505e-01;1.8250000e+02;2.7952245e-01;1.8250000e+02;2.8539687e-01;1.8250000e+02;3.2403272e-01;1.8250000e+02;3.0492538e-01;1.8250000e+02;2.3990241e-01;1.8250000e+02;1.8130206e-01;1.8250000e+02;1.3167514e-01;1.8250000e+02;8.6441092e-02;1.8250000e+02;4.4568777e-02;1.8250000e+02;1.9459054e-03;1.8250000e+02;-4.3460160e-02;1.8250000e+02;-8.8946566e-02;1.8250000e+02;-1.2958154e-01;1.8250000e+02;-5.0858431e-02;1.8250000e+02;-6.8039251e-03;1.8250000e+02;5.9733577e-02;1.8250000e+02;1.4080301e-01;1.8250000e+02;2.2576505e-01;1.8250000e+02;2.7952245e-01;1.8250000e+02;2.8539687e-01;1.8250000e+02;3.2403272e-01;1.8250000e+02;3.0492538e-01;1.8250000e+02;2.3990241e-01;1.8250000e+02;1.8130206e-01;1.8250000e+02;1.3167514e-01;1.8250000e+02;8.6441092e-02;1.8250000e+02;4.4568777e-02;1.8250000e+02;1.9459054e-03;1.8250000e+02;-4.3460160e-02;1.8250000e+02;-8.8946566e-02;1.8250000e+02;-1.2958154e-01;1.8250000e+02;-5.0858431e-02;1.8250000e+02;-6.8039251e-03;1.8250000e+02;5.9733577e-02;1.8250000e+02;1.4080301e-01;1.8250000e+02;2.2576505e-01;1.8250000e+02;2.7952245e-01;1.8250000e+02;2.8539687e-01;1.8250000e+02;3.2403272e-01;1.8250000e+02;3.0492538e-01;1.8250000e+02;2.3990241e-01;1.8250000e+02;1.8130206e-01;1.8250000e+02;1.3167514e-01;1.8250000e+02;8.6441092e-02;1.8250000e+02;4.4568777e-02;1.8250000e+02;1.9459054e-03;1.8250000e+02;-4.3460160e-02;1.8250000e+02;-8.8946566e-02;1.8250000e+02;-1.2958154e-01;1.8250000e+02;-5.0858431e-02;1.8250000e+02;-6.8039251e-03;1.8250000e+02;5.9733577e-02;1.8250000e+02;1.4080301e-01;1.8250000e+02;2.2576505e-01;1.8250000e+02;2.7952245e-01;1.8250000e+02;2.8539687e-01;1.8250000e+02;3.2403272e-01;1.8250000e+02;3.0492538e-01;1.8250000e+02;2.3990241e-01;1.8250000e+02;1.8130206e-01;1.8250000e+02;1.3167514e-01;1.8250000e+02;8.6441092e-02;1.8250000e+02;4.4568777e-02;1.8250000e+02;1.9459054e-03;1.8250000e+02;-4.3460160e-02;1.8250000e+02;-8.8946566e-02;1.8250000e+02;-1.2958154e-01;1.8250000e+02;-5.0858431e-02;1.8250000e+02;-6.8039251e-03;1.8250000e+02;5.9733577e-02;1.8250000e+02;1.4080301e-01;1.8250000e+02;2.2576505e-01;1.8250000e+02;2.7952245e-01;1.8250000e+02;2.8539687e-01;1.8250000e+02;3.2403272e-01;1.8250000e+02;3.0492538e-01;1.8250000e+02;2.3990241e-01;1.8250000e+02;1.8130206e-01;1.8250000e+02;1.3167514e-01;1.8250000e+02;8.6441092e-02;1.8250000e+02;4.4568777e-02;1.8250000e+02;1.9459054e-03;1.8250000e+02;-4.3460160e-02;1.8250000e+02;-8.8946566e-02;1.8250000e+02;-1.2958154e-01;1.8250000e+02;-5.0858431e-02;1.8250000e+02;-6.8039251e-03;1.8250000e+02;5.9733577e-02;1.8250000e+02;1.4080301e-01;1.8250000e+02;2.2576505e-01;1.8250000e+02;2.7952245e-01;1.8250000e+02;2.8539687e-01;1.8250000e+02;3.2403272e-01;1.8250000e+02;3.0492538e-01;1.8250000e+02;2.3990241e-01;1.8250000e+02;1.8130206e-01;1.8250000e+02;1.3167514e-01;1.8250000e+02;8.6441092e-02;1.8250000e+02;4.4568777e-02;1.8250000e+02;1.9459054e-03;1.8250000e+02;-4.3460160e-02;1.8250000e+02;-8.8946566e-02;1.8250000e+02;-1.2958154e-01;1.8250000e+02;-5.0858431e-02;1.8250000e+02;-6.8039251e-03;1.8250000e+02;5.9733577e-02;1.8250000e+02;1.4080301e-01;1.8250000e+02;2.2576505e-01;1.8250000e+02;2.7952245e-01;1.8250000e+02;2.8539687e-01;1.8250000e+02;3.2403272e-01;1.8250000e+02;3.0492538e-01;1.8250000e+02;2.3990241e-01;1.8250000e+02;1.8130206e-01;1.8250000e+02;1.3167514e-01;1.8250000e+02;8.6441092e-02;1.8250000e+02;4.4568777e-02;1.8250000e+02;1.9459054e-03;1.8250000e+02;-4.3460160e-02;1.8250000e+02;-8.8946566e-02;1.8250000e+02;-1.2958154e-01;1.8250000e+02;-5.0858431e-02;1.8250000e+02;-6.8039251e-03;1.8250000e+02;5.9733577e-02;1.8250000e+02;1.4080301e-01;1.8250000e+02;2.2576505e-01;1.8250000e+02;2.7952245e-01;1.8250000e+02;2.8539687e-01;1.8250000e+02;3.2403272e-01;1.8250000e+02;3.0492538e-01;1.8250000e+02;2.3990241e-01;1.8250000e+02;1.8130206e-01;1.8250000e+02;1.3167514e-01;1.8250000e+02;8.6441092e-02;1.8250000e+02;4.4568777e-02;1.8250000e+02;1.9459054e-03;1.8250000e+02;-4.3460160e-02;1.8250000e+02;-8.8946566e-02;1.8250000e+02;-1.2958154e-01;1.8250000e+02;-5.0858431e-02;1.8250000e+02;-6.8039251e-03;1.8250000e+02;5.9733577e-02;1.8250000e+02;1.4080301e-01;1.8250000e+02;2.2576505e-01;1.8250000e+02;2.7952245e-01;1.8250000e+02;2.8539687e-01;1.8250000e+02;3.2403272e-01;1.8250000e+02;3.0492538e-01;1.8250000e+02;2.3990241e-01;1.8250000e+02;1.8130206e-01;1.8250000e+02;1.3167514e-01;1.8250000e+02;8.6441092e-02;1.8250000e+02;4.4568777e-02;1.8250000e+02;1.9459054e-03;1.8250000e+02;-4.3460160e-02;1.8250000e+02;-8.8946566e-02;1.8250000e+02;-1.2958154e-01;1.8250000e+02;-5.0858431e-02;1.8250000e+02;-6.8039251e-03;1.8250000e+02;5.9733577e-02;1.8250000e+02;1.4080301e-01;1.8250000e+02;2.2576505e-01;1.8250000e+02;2.7952245e-01;1.8250000e+02;2.8539687e-01;1.8250000e+02;3.2403272e-01;1.8250000e+02;3.0492538e-01;1.8250000e+02;2.3990241e-01;1.8250000e+02;1.8130206e-01;1.8250000e+02;1.3167514e-01;1.8250000e+02;8.6441092e-02;1.8250000e+02;4.4568777e-02;1.8250000e+02;1.9459054e-03;1.8250000e+02;-4.3460160e-02;1.8250000e+02;-8.8946566e-02;1.8250000e+02;-1.2958154e-01;1.8250000e+02;-5.0858431e-02;1.8250000e+02;-6.8039251e-03;1.8250000e+02;5.9733577e-02;1.8250000e+02;1.4080301e-01;1.8250000e+02;2.2576505e-01;1.8250000e+02;2.7952245e-01;1.8250000e+02;2.8539687e-01;1.8250000e+02;3.2403272e-01;1.8250000e+02;3.0492538e-01;1.8250000e+02;2.3990241e-01;1.8250000e+02;1.8130206e-01;1.8250000e+02;1.3167514e-01;1.8250000e+02;8.6441092e-02;1.8250000e+02;4.4568777e-02;1.8250000e+02;1.9459054e-03;1.8250000e+02;-4.3460160e-02;1.8250000e+02;-8.8946566e-02;1.8250000e+02;-1.2958154e-01;1.8250000e+02;-5.0858431e-02;1.8250000e+02;-6.8039251e-03;1.8250000e+02;5.9733577e-02;1.8250000e+02;1.4080301e-01;1.8250000e+02;2.2576505e-01;1.8250000e+02;2.7952245e-01;1.8250000e+02;2.8539687e-01;1.8250000e+02;3.2403272e-01;1.8250000e+02;3.0492538e-01;1.8250000e+02;2.3990241e-01;1.8250000e+02;1.8130206e-01;1.8250000e+02;1.3167514e-01;1.8250000e+02;8.6441092e-02;1.8250000e+02;4.4568777e-02;1.8250000e+02;1.9459054e-03;1.8250000e+02;-4.3460160e-02;1.8250000e+02;-8.8946566e-02;1.8250000e+02;-1.2958154e-01;1.8250000e+02;-5.0858431e-02;1.8250000e+02;-6.8039251e-03;1.8250000e+02;5.9733577e-02;1.8250000e+02;1.4080301e-01;1.8250000e+02;2.2576505e-01;1.8250000e+02;2.7952245e-01;1.8250000e+02;2.8539687e-01;1.8250000e+02;3.2403272e-01;1.8250000e+02;3.0492538e-01;1.8250000e+02;2.3990241e-01;1.8250000e+02;1.8130206e-01;1.8250000e+02;1.3167514e-01;1.8250000e+02;8.6441092e-02;1.8250000e+02;4.4568777e-02;1.8250000e+02;1.9459054e-03;1.8250000e+02;-4.3460160e-02;1.8250000e+02;-8.8946566e-02;1.8250000e+02;-1.2958154e-01;1.8250000e+02;-5.0858431e-02;1.8250000e+02;-6.8039251e-03;1.8250000e+02;5.9733577e-02;1.8250000e+02;1.4080301e-01;1.8250000e+02;2.2576505e-01;1.8250000e+02;2.7952245e-01;1.8250000e+02;2.8539687e-01;1.8250000e+02;3.2403272e-01;1.8250000e+02;3.0492538e-01;1.8250000e+02;2.3990241e-01;1.8250000e+02;1.8130206e-01;1.8250000e+02;1.3167514e-01;1.8250000e+02;8.6441092e-02;1.8250000e+02;4.4568777e-02;1.8250000e+02;1.9459054e-03;1.8250000e+02;-4.3460160e-02;1.8250000e+02;-8.8946566e-02;1.8250000e+02;-1.2958154e-01;1.8250000e+02;-5.0858431e-02;1.8250000e+02;-6.8039251e-03;1.8250000e+02;5.9733577e-02;1.8250000e+02;1.4080301e-01;1.8250000e+02;2.2576505e-01;1.8250000e+02;2.7952245e-01;1.8250000e+02;2.8539687e-01;1.8250000e+02;3.2403272e-01;1.8250000e+02;3.0492538e-01;1.8250000e+02;2.3990241e-01;1.8250000e+02;1.8130206e-01;1.8250000e+02;1.3167514e-01;1.8250000e+02;8.6441092e-02;1.8250000e+02;4.4568777e-02;1.8250000e+02;1.9459054e-03;1.8250000e+02;-4.3460160e-02;1.8250000e+02;-8.8946566e-02;1.8250000e+02;-1.2958154e-01;1.8250000e+02;-5.0858431e-02;1.8250000e+02;-6.8039251e-03;1.8250000e+02;5.9733577e-02;1.8250000e+02;1.4080301e-01;1.8250000e+02;2.2576505e-01;1.8250000e+02;2.7952245e-01;1.8250000e+02;2.8539687e-01;1.8250000e+02;3.2403272e-01;1.8250000e+02;3.0492538e-01;1.8250000e+02;2.3990241e-01;1.8250000e+02;1.8130206e-01;1.8250000e+02;1.3167514e-01;1.8250000e+02;8.6441092e-02;1.8250000e+02;4.4568777e-02;1.8250000e+02;1.9459054e-03;1.8250000e+02;-4.3460160e-02;1.8250000e+02;-8.8946566e-02;1.8250000e+02;-1.2958154e-01;1.8250000e+02;-5.0858431e-02;1.8250000e+02;-6.8039251e-03;1.8250000e+02;5.9733577e-02;1.8250000e+02;1.4080301e-01;1.8250000e+02;2.2576505e-01;1.8250000e+02;2.7952245e-01;1.8250000e+02;2.8539687e-01;1.8250000e+02;3.2403272e-01;1.8250000e+02;3.0492538e-01;1.8250000e+02;2.3990241e-01;1.8250000e+02;1.8130206e-01;1.8250000e+02;1.3167514e-01;1.8250000e+02;8.6441092e-02;1.8250000e+02;4.4568777e-02;1.8250000e+02;1.9459054e-03;1.8250000e+02;-4.3460160e-02;1.8250000e+02;-8.8946566e-02;1.8250000e+02;-1.2958154e-01;1.8250000e+02;-5.0858431e-02;1.8250000e+02;-6.8039251e-03;1.8250000e+02;5.9733577e-02;1.8250000e+02;1.4080301e-01;1.8250000e+02;2.2576505e-01;1.8250000e+02;2.7952245e-01;1.8250000e+02;2.8539687e-01;1.8250000e+02;3.2403272e-01;1.8250000e+02;3.0492538e-01;1.8250000e+02;2.3990241e-01;1.8250000e+02;1.8130206e-01;1.8250000e+02;1.3167514e-01;1.8250000e+02;8.6441092e-02;1.8250000e+02;4.4568777e-02;1.8250000e+02;1.9459054e-03;1.8250000e+02;-4.3460160e-02;1.8250000e+02;-8.8946566e-02;1.8250000e+02;-1.2958154e-01;1.8250000e+02;-5.0858431e-02;1.8250000e+02;-6.8039251e-03;1.8250000e+02;5.9733577e-02;1.8250000e+02;1.4080301e-01;1.8250000e+02;2.2576505e-01;1.8250000e+02;2.7952245e-01;1.8250000e+02;2.8539687e-01;1.8250000e+02;3.2403272e-01;1.8250000e+02;3.0492538e-01;1.8250000e+02;2.3990241e-01;1.8250000e+02;1.8130206e-01;1.8250000e+02;1.3167514e-01;1.8250000e+02;8.6441092e-02;1.8250000e+02;4.4568777e-02;1.8250000e+02;1.9459054e-03;1.8250000e+02;-4.3460160e-02;1.8250000e+02;-8.8946566e-02;1.8250000e+02;-1.2958154e-01;1.8250000e+02;-5.0858431e-02;1.8250000e+02;-6.8039251e-03;1.8250000e+02;5.9733577e-02;1.8250000e+02;1.4080301e-01;1.8250000e+02;2.2576505e-01;1.8250000e+02;2.7952245e-01;1.8250000e+02;2.8539687e-01;1.8250000e+02;3.2403272e-01;1.8250000e+02;3.0492538e-01;1.8250000e+02;2.3990241e-01;1.8250000e+02;1.8130206e-01;1.8250000e+02;1.3167514e-01;1.8250000e+02;8.6441092e-02;1.8250000e+02;4.4568777e-02;1.8250000e+02;1.9459054e-03;1.8250000e+02;-4.3460160e-02;1.8250000e+02;-8.8946566e-02;1.8250000e+02;-1.2958154e-01
1.8750000e+02;-5.2848138e-02;1.8750000e+02;-9.8736696e-03;1.8750000e+02;5.3867295e-02;1.8750000e+02;1.3370459e-01;1.8750000e+02;2.1781790e-01;1.8750000e+02;2.6958331e-01;1.8750000e+02;2.8133231e-01;1.8750000e+02;3.2191744e-01;1.8750000e+02;3.1469876e-01;1.8750000e+02;2.4069765e-01;1.8750000e+02;1.7465051e-01;1.8750000e+02;1.2100237e-01;1.8750000e+02;7.4853621e-02;1.8750000e+02;3.2951646e-02;1.8750000e+02;-9.5695108e-03;1.8750000e+02;-5.2950241e-02;1.8750000e+02;-9.5070615e-02;1.8750000e+02;-1.3869116e-01;1.8750000e+02;-5.2848138e-02;1.8750000e+02;-9.8736696e-03;1.8750000e+02;5.3867295e-02;1.8750000e+02;1.3370459e-01;1.8750000e+02;2.1781790e-01;1.8750000e+02;2.6958331e-01;1.8750000e+02;2.8133231e-01;1.8750000e+02;3.2191744e-01;1.8750000e+02;3.1469876e-01;1.8750000e+02;2.4069765e-01;1.8750000e+02;1.7465051e-01;1.8750000e+02;1.2100237e-01;1.8750000e+02;7.4853621e-02;1.8750000e+02;3.2951646e-02;1.8750000e+02;-9.5695108e-03;1.8750000e+02;-5.2950241e-02;1.8750000e+02;-9.5070615e-02;1.8750000e+02;-1.3869116e-01;1.8750000e+02;-5.2848138e-02;1.8750000e+02;-9.8736696e-03;1.8750000e+02;5.3867295e-02;1.8750000e+02;1.3370459e-01;1.8750000e+02;2.1781790e-01;1.8750000e+02;2.6958331e-01;1.8750000e+02;2.8133231e-01;1.8750000e+02;3.2191744e-01;1.8750000e+02;3.1469876e-01;1.8750000e+02;2.4069765e-01;1.8750000e+02;1.7465051e-01;1.8750000e+02;1.2100237e-01;1.8750000e+02;7.4853621e-02;1.8750000e+02;3.2951646e-02;1.8750000e+02;-9.5695108e-03;1.8750000e+02;-5.2950241e-02;1.8750000e+02;-9.5070615e-02;1.8750000e+02;-1.3869116e-01;1.8750000e+02;-5.2848138e-02;1.8750000e+02;-9.8736696e-03;1.8750000e+02;5.3867295e-02;1.8750000e+02;1.3370459e-01;1.8750000e+02;2.1781790e-01;1.8750000e+02;2.6958331e-01;1.8750000e+02;2.8133231e-01;1.8750000e+02;3.2191744e-01;1.8750000e+02;3.1469876e-01;1.8750000e+02;2.4069765e-01;1.8750000e+02;1.7465051e-01;1.8750000e+02;1.2100237e-01;1.8750000e+02;7.4853621e-02;1.8750000e+02;3.2951646e-02;1.8750000e+02;-9.5695108e-03;1.8750000e+02;-5.2950241e-02;1.8750000e+02;-9.5070615e-02;1.8750000e+02;-1.3869116e-01;1.8750000e+02;-5.2848138e-02;1.8750000e+02;-9.8736696e-03;1.8750000e+02;5.3867295e-02;1.8750000e+02;1.3370459e-01;1.8750000e+02;2.1781790e-01;1.8750000e+02;2.6958331e-01;1.8750000e+02;2.8133231e-01;1.8750000e+02;3.2191744e-01;1.8750000e+02;3.1469876e-01;1.8750000e+02;2.4069765e-01;1.8750000e+02;1.7465051e-01;1.8750000e+02;1.2100237e-01;1.8750000e+02;7.4853621e-02;1.8750000e+02;3.2951646e-02;1.8750000e+02;-9.5695108e-03;1.8750000e+02;-5.2950241e-02;1.8750000e+02;-9.5070615e-02;1.8750000e+02;-1.3869116e-01;1.8750000e+02;-5.2848138e-02;1.8750000e+02;-9.8736696e-03;1.8750000e+02;5.3867295e-02;1.8750000e+02;1.3370459e-01;1.8750000e+02;2.1781790e-01;1.8750000e+02;2.6958331e-01;1.8750000e+02;2.8133231e-01;1.8750000e+02;3.2191744e-01;1.8750000e+02;3.1469876e-01;1.8750000e+02;2.4069765e-01;1.8750000e+02;1.7465051e-01;1.8750000e+02;1.2100237e-01;1.8750000e+02;7.4853621e-02;1.8750000e+02;3.2951646e-02;1.8750000e+02;-9.5695108e-03;1.8750000e+02;-5.2950241e-02;1.8750000e+02;-9.5070615e-02;1.8750000e+02;-1.3869116e-01;1.8750000e+02;-5.2848138e-02;1.8750000e+02;-9.8736696e-03;1.8750000e+02;5.3867295e-02;1.8750000e+02;1.3370459e-01;1.8750000e+02;2.1781790e-01;1.8750000e+02;2.6958331e-01;1.8750000e+02;2.8133231e-01;1.8750000e+02;3.2191744e-01;1.8750000e+02;3.1469876e-01;1.8750000e+02;2.4069765e-01;1.8750000e+02;1.7465051e-01;1.8750000e+02;1.2100237e-01;1.8750000e+02;7.4853621e-02;1.8750000e+02;3.2951646e-02;1.8750000e+02;-9.5695108e-03;1.8750000e+02;-5.2950241e-02;1.8750000e+02;-9.5070615e-02;1.8750000e+02;-1.3869116e-01;1.8750000e+02;-5.2848138e-02;1.8750000e+02;-9.8736696e-03;1.8750000e+02;5.3867295e-02;1.8750000e+02;1.3370459e-01;1.8750000e+02;2.1781790e-01;1.8750000e+02;2.6958331e-01;1.8750000e+02;2.8133231e-01;1.8750000e+02;3.2191744e-01;1.8750000e+02;3.1469876e-01;1.8750000e+02;2.4069765e-01;1.8750000e+02;1.7465051e-01;1.8750000e+02;1.2100237e-01;1.8750000e+02;7.4853621e-02;1.8750000e+02;3.2951646e-02;1.8750000e+02;-9.5695108e-03;1.8750000e+02;-5.2950241e-02;1.8750000e+02;-9.5070615e-02;1.8750000e+02;-1.3869116e-01;1.8750000e+02;-5.2848138e-02;1.8750000e+02;-9.8736696e-03;1.8750000e+02;5.3867295e-02;1.8750000e+02;1.3370459e-01;1.8750000e+02;2.1781790e-01;1.8750000e+02;2.6958331e-01;1.8750000e+02;2.8133231e-01;1.8750000e+02;3.2191744e-01;1.8750000e+02;3.1469876e-01;1.8750000e+02;2.4069765e-01;1.8750000e+02;1.7465051e-01;1.8750000e+02;1.2100237e-01;1.8750000e+02;7.4853621e-02;1.8750000e+02;3.2951646e-02;1.8750000e+02;-9.5695108e-03;1.8750000e+02;-5.2950241e-02;1.8750000e+02;-9.5070615e-02;1.8750000e+02;-1.3869116e-01;1.8750000e+02;-5.2848138e-02;1.8750000e+02;-9.8736696e-03;1.8750000e+02;5.3867295e-02;1.8750000e+02;1.3370459e-01;1.8750000e+02;2.1781790e-01;1.8750000e+02;2.6958331e-01;1.8750000e+02;2.8133231e-01;1.8750000e+02;3.2191744e-01;1.8750000e+02;3.1469876e-01;1.8750000e+02;2.4069765e-01;1.8750000e+02;1.7465051e-01;1.8750000e+02;1.2100237e-01;1.8750000e+02;7.4853621e-02;1.8750000e+02;3.2951646e-02;1.8750000e+02;-9.5695108e-03;1.8750000e+02;-5.2950241e-02;1.8750000e+02;-9.5070615e-02;1.8750000e+02;-1.3869116e-01;1.8750000e+02;-5.2848138e-02;1.8750000e+02;-9.8736696e-03;1.8750000e+02;5.3867295e-02;1.8750000e+02;1.3370459e-01;1.8750000e+02;2.1781790e-01;1.8750000e+02;2.6958331e-01;1.8750000e+02;2.8133231e-01;1.8750000e+02;3.2191744e-01;1.8750000e+02;3.1469876e-01;1.8750000e+02;2.4069765e-01;1.8750000e+02;1.7465051e-01;1.8750000e+02;1.2100237e-01;1.8750000e+02;7.4853621e-02;1.8750000e+02;3.2951646e-02;1.8750000e+02;-9.5695108e-03;1.8750000e+02;-5.2950241e-02;1.8750000e+02;-9.5070615e-02;1.8750000e+02;-1.3869116e-01;1.8750000e+02;-5.2848138e-02;1.8750000e+02;-9.8736696e-03;1.8750000e+02;5.3867295e-02;1.8750000e+02;1.3370459e-01;1.8750000e+02;2.1781790e-01;1.8750000e+02;2.6958331e-01;1.8750000e+02;2.8133231e-01;1.8750000e+02;3.2191744e-01;1.8750000e+02;3.1469876e-01;1.8750000e+02;2.4069765e-01;1.8750000e+02;1.7465051e-01;1.8750000e+02;1.2100237e-01;1.8750000e+02;7.4853621e-02;1.8750000e+02;3.2951646e-02;1.8750000e+02;-9.5695108e-03;1.8750000e+02;-5.2950241e-02;1.8750000e+02;-9.5070615e-02;1.8750000e+02;-1.3869116e-01;1.8750000e+02;-5.2848138e-02;1.8750000e+02;-9.8736696e-03;1.8750000e+02;5.3867295e-02;1.8750000e+02;1.3370459e-01;1.8750000e+02;2.1781790e-01;1.8750000e+02;2.6958331e-01;1.8750000e+02;2.8133231e-01;1.8750000e+02;3.2191744e-01;1.8750000e+02;3.1469876e-01;1.8750000e+02;2.4069765e-01;1.8750000e+02;1.7465051e-01;1.8750000e+02;1.2100237e-01;1.8750000e+02;7.4853621e-02;1.8750000e+02;3.2951646e-02;1.8750000e+02;-9.5695108e-03;1.8750000e+02;-5.2950241e-02;1.8750000e+02;-9.5070615e-02;1.8750000e+02;-1.3869116e-01;1.8750000e+02;-5.2848138e-02;1.8750000e+02;-9.8736696e-03;1.8750000e+02;5.3867295e-02;1.8750000e+02;1.3370459e-01;1.8750000e+02;2.1781790e-01;1.8750000e+02;2.6958331e-01;1.8750000e+02;2.8133231e-01;1.8750000e+02;3.2191744e-01;1.8750000e+02;3.1469876e-01;1.8750000e+02;2.4069765e-01;1.8750000e+02;1.7465051e-01;1.8750000e+02;1.2100237e-01;1.8750000e+02;7.4853621e-02;1.8750000e+02;3.2951646e-02;1.8750000e+02;-9.5695108e-03;1.8750000e+02;-5.2950241e-02;1.8750000e+02;-9.5070615e-02;1.8750000e+02;-1.3869116e-01;1.8750000e+02;-5.2848138e-02;1.8750000e+02;-9.8736696e-03;1.8750000e+02;5.3867295e-02;1.8750000e+02;1.3370459e-01;1.8750000e+02;2.1781790e-01;1.8750000e+02;2.6958331e-01;1.8750000e+02;2.8133231e-01;1.8750000e+02;3.2191744e-01;1.8750000e+02;3.1469876e-01;1.8750000e+02;2.4069765e-01;1.8750000e+02;1.7465051e-01;1.8750000e+02;1.2100237e-01;1.8750000e+02;7.4853621e-02;1.8750000e+02;3.2951646e-02;1.8750000e+02;-9.5695108e-03;1.8750000e+02;-5.2950241e-02;1.8750000e+02;-9.5070615e-02;1.8750000e+02;-1.3869116e-01;1.8750000e+02;-5.2848138e-02;1.8750000e+02;-9.8736696e-03;1.8750000e+02;5.3867295e-02;1.8750000e+02;1.3370459e-01;1.8750000e+02;2.1781790e-01;1.8750000e+02;2.6958331e-01;1.8750000e+02;2.8133231e-01;1.8750000e+02;3.2191744e-01;1.8750000e+02;3.1469876e-01;1.8750000e+02;2.4069765e-01;1.8750000e+02;1.7465051e-01;1.8750000e+02;1.2100237e-01;1.8750000e+02;7.4853621e-02;1.8750000e+02;3.2951646e-02;1.8750000e+02;-9.5695108e-03;1.8750000e+02;-5.2950241e-02;1.8750000e+02;-9.5070615e-02;1.8750000e+02;-1.3869116e-01;1.8750000e+02;-5.2848138e-02;1.8750000e+02;-9.8736696e-03;1.8750000e+02;5.3867295e-02;1.8750000e+02;1.3370459e-01;1.8750000e+02;2.1781790e-01;1.8750000e+02;2.6958331e-01;1.8750000e+02;2.8133231e-01;1.8750000e+02;3.2191744e-01;1.8750000e+02;3.1469876e-01;1.8750000e+02;2.4069765e-01;1.8750000e+02;1.7465051e-01;1.8750000e+02;1.2100237e-01;1.8750000e+02;7.4853621e-02;1.8750000e+02;3.2951646e-02;1.8750000e+02;-9.5695108e-03;1.8750000e+02;-5.2950241e-02;1.8750000e+02;-9.5070615e-02;1.8750000e+02;-1.3869116e-01;1.8750000e+02;-5.2848138e-02;1.8750000e+02;-9.8736696e-03;1.8750000e+02;5.3867295e-02;1.8750000e+02;1.3370459e-01;1.8750000e+02;2.1781790e-01;1.8750000e+02;2.6958331e-01;1.8750000e+02;2.8133231e-01;1.8750000e+02;3.2191744e-01;1.8750000e+02;3.1469876e-01;1.8750000e+02;2.4069765e-01;1.8750000e+02;1.7465051e-01;1.8750000e+02;1.2100237e-01;1.8750000e+02;7.4853621e-02;1.8750000e+02;3.2951646e-02;1.8750000e+02;-9.5695108e-03;1.8750000e+02;-5.2950241e-02;1.8750000e+02;-9.5070615e-02;1.8750000e+02;-1.3869116e-01;1.8750000e+02;-5.2848138e-02;1.8750000e+02;-9.8736696e-03;1.8750000e+02;5.3867295e-02;1.8750000e+02;1.3370459e-01;1.8750000e+02;2.1781790e-01;1.8750000e+02;2.6958331e-01;1.8750000e+02;2.8133231e-01;1.8750000e+02;3.2191744e-01;1.8750000e+02;3.1469876e-01;1.8750000e+02;2.4069765e-01;1.8750000e+02;1.7465051e-01;1.8750000e+02;1.2100237e-01;1.8750000e+02;7.4853621e-02;1.8750000e+02;3.2951646e-02;1.8750000e+02;-9.5695108e-03;1.8750000e+02;-5.2950241e-02;1.8750000e+02;-9.5070615e-02;1.8750000e+02;-1.3869116e-01;1.8750000e+02;-5.2848138e-02;1.8750000e+02;-9.8736696e-03;1.8750000e+02;5.3867295e-02;1.8750000e+02;1.3370459e-01;1.8750000e+02;2.1781790e-01;1.8750000e+02;2.6958331e-01;1.8750000e+02;2.8133231e-01;1.8750000e+02;3.2191744e-01;1.8750000e+02;3.1469876e-01;1.8750000e+02;2.4069765e-01;1.8750000e+02;1.7465051e-01;1.8750000e+02;1.2100237e-01;1.8750000e+02;7.4853621e-02;1.8750000e+02;3.2951646e-02;1.8750000e+02;-9.5695108e-03;1.8750000e+02;-5.2950241e-02;1.8750000e+02;-9.5070615e-02;1.8750000e+02;-1.3869116e-01;1.8750000e+02;-5.2848138e-02;1.8750000e+02;-9.8736696e-03;1.8750000e+02;5.3867295e-02;1.8750000e+02;1.3370459e-01;1.8750000e+02;2.1781790e-01;1.8750000e+02;2.6958331e-01;1.8750000e+02;2.8133231e-01;1.8750000e+02;3.2191744e-01;1.8750000e+02;3.1469876e-01;1.8750000e+02;2.4069765e-01;1.8750000e+02;1.7465051e-01;1.8750000e+02;1.2100237e-01;1.8750000e+02;7.4853621e-02;1.8750000e+02;3.2951646e-02;1.8750000e+02;-9.5695108e-03;1.8750000e+02;-5.2950241e-02;1.8750000e+02;-9.5070615e-02;1.8750000e+02;-1.3869116e-01;1.8750000e+02;-5.2848138e-02;1.8750000e+02;-9.8736696e-03;1.8750000e+02;5.3867295e-02;1.8750000e+02;1.3370459e-01;1.8750000e+02;2.1781790e-01;1.8750000e+02;2.6958331e-01;1.8750000e+02;2.8133231e-01;1.8750000e+02;3.2191744e-01;1.8750000e+02;3.1469876e-01;1.8750000e+02;2.4069765e-01;1.8750000e+02;1.7465051e-01;1.8750000e+02;1.2100237e-01;1.8750000e+02;7.4853621e-02;1.8750000e+02;3.2951646e-02;1.8750000e+02;-9.5695108e-03;1.8750000e+02;-5.2950241e-02;1.8750000e+02;-9.5070615e-02;1.8750000e+02;-1.3869116e-01;1.8750000e+02;-5.2848138e-02;1.8750000e+02;-9.8736696e-03;1.8750000e+02;5.3867295e-02;1.8750000e+02;1.3370459e-01;1.8750000e+02;2.1781790e-01;1.8750000e+02;2.6958331e-01;1.8750000e+02;2.8133231e-01;1.8750000e+02;3.2191744e-01;1.8750000e+02;3.1469876e-01;1.8750000e+02;2.4069765e-01;1.8750000e+02;1.7465051e-01;1.8750000e+02;1.2100237e-01;1.8750000e+02;7.4853621e-02;1.8750000e+02;3.2951646e-02;1.8750000e+02;-9.5695108e-03;1.8750000e+02;-5.2950241e-02;1.8750000e+02;-9.5070615e-02;1.8750000e+02;-1.3869116e-01;1.8750000e+02;-5.2848138e-02;1.8750000e+02;-9.8736696e-03;1.8750000e+02;5.3867295e-02;1.8750000e+02;1.3370459e-01;1.8750000e+02;2.1781790e-01;1.8750000e+02;2.6958331e-01;1.8750000e+02;2.8133231e-01;1.8750000e+02;3.2191744e-01;1.8750000e+02;3.1469876e-01;1.8750000e+02;2.4069765e-01;1.8750000e+02;1.7465051e-01;1.8750000e+02;1.2100237e-01;1.8750000e+02;7.4853621e-02;1.8750000e+02;3.2951646e-02;1.8750000e+02;-9.5695108e-03;1.8750000e+02;-5.2950241e-02;1.8750000e+02;-9.5070615e-02;1.8750000e+02;-1.3869116e-01;1.8750000e+02;-5.2848138e-02;1.8750000e+02;-9.8736696e-03;1.8750000e+02;5.3867295e-02;1.8750000e+02;1.3370459e-01;1.8750000e+02;2.1781790e-01;1.8750000e+02;2.6958331e-01;1.8750000e+02;2.8133231e-01;1.8750000e+02;3.2191744e-01;1.8750000e+02;3.1469876e-01;1.8750000e+02;2.4069765e-01;1.8750000e+02;1.7465051e-01;1.8750000e+02;1.2100237e-01;1.8750000e+02;7.4853621e-02;1.8750000e+02;3.2951646e-02;1.8750000e+02;-9.5695108e-03;1.8750000e+02;-5.2950241e-02;1.8750000e+02;-9.5070615e-02;1.8750000e+02;-1.3869116e-01;1.8750000e+02;-5.2848138e-02;1.8750000e+02;-9.8736696e-03;1.8750000e+02;5.3867295e-02;1.8750000e+02;1.3370459e-01;1.8750000e+02;2.1781790e-01;1.8750000e+02;2.6958331e-01;1.8750000e+02;2.8133231e-01;1.8750000e+02;3.2191744e-01;1.8750000e+02;3.1469876e-01;1.8750000e+02;2.4069765e-01;1.8750000e+02;1.7465051e-01;1.8750000e+02;1.2100237e-01;1.8750000e+02;7.4853621e-02;1.8750000e+02;3.2951646e-02;1.8750000e+02;-9.5695108e-03;1.8750000e+02;-5.2950241e-02;1.8750000e+02;-9.5070615e-02;1.8750000e+02;-1.3869116e-01;1.8750000e+02;-5.2848138e-02;1.8750000e+02;-9.8736696e-03;1.8750000e+02;5.3867295e-02;1.8750000e+02;1.3370459e-01;1.8750000e+02;2.1781790e-01;1.8750000e+02;2.6958331e-01;1.8750000e+02;2.8133231e-01;1.8750000e+02;3.2191744e-01;1.8750000e+02;3.1469876e-01;1.8750000e+02;2.4069765e-01;1.8750000e+02;1.7465051e-01;1.8750000e+02;1.2100237e-01;1.8750000e+02;7.4853621e-02;1.8750000e+02;3.2951646e-02;1.8750000e+02;-9.5695108e-03;1.8750000e+02;-5.2950241e-02;1.8750000e+02;-9.5070615e-02;1.8750000e+02;-1.3869116e-01;1.8750000e+02;-5.2848138e-02;1.8750000e+02;-9.8736696e-03;1.8750000e+02;5.3867295e-02;1.8750000e+02;1.3370459e-01;1.8750000e+02;2.1781790e-01;1.8750000e+02;2.6958331e-01;1.8750000e+02;2.8133231e-01;1.8750000e+02;3.2191744e-01;1.8750000e+02;3.1469876e-01;1.8750000e+02;2.4069765e-01;1.8750000e+02;1.7465051e-01;1.8750000e+02;1.2100237e-01;1.8750000e+02;7.4853621e-02;1.8750000e+02;3.2951646e-02;1.8750000e+02;-9.5695108e-03;1.8750000e+02;-5.2950241e-02;1.8750000e+02;-9.5070615e-02;1.8750000e+02;-1.3869116e-01;1.8750000e+02;-5.2848138e-02;1.8750000e+02;-9.8736696e-03;1.8750000e+02;5.3867295e-02;1.8750000e+02;1.3370459e-01;1.8750000e+02;2.1781790e-01;1.8750000e+02;2.6958331e-01;1.8750000e+02;2.8133231e-01;1.8750000e+02;3.2191744e-01;1.8750000e+02;3.1469876e-01;1.8750000e+02;2.4069765e-01;1.8750000e+02;1.7465051e-01;1.8750000e+02;1.2100237e-01;1.8750000e+02;7.4853621e-02;1.8750000e+02;3.2951646e-02;1.8750000e+02;-9.5695108e-03;1.8750000e+02;-5.2950241e-02;1.8750000e+02;-9.5070615e-02;1.8750000e+02;-1.3869116e-01;1.8750000e+02;-5.2848138e-02;1.8750000e+02;-9.8736696e-03;1.8750000e+02;5.3867295e-02;1.8750000e+02;1.3370459e-01;1.8750000e+02;2.1781790e-01;1.8750000e+02;2.6958331e-01;1.8750000e+02;2.8133231e-01;1.8750000e+02;3.2191744e-01;1.8750000e+02;3.1469876e-01;1.8750000e+02;2.4069765e-01;1.8750000e+02;1.7465051e-01;1.8750000e+02;1.2100237e-01;1.8750000e+02;7.4853621e-02;1.8750000e+02;3.2951646e-02;1.8750000e+02;-9.5695108e-03;1.8750000e+02;-5.2950241e-02;1.8750000e+02;-9.5070615e-02;1.8750000e+02;-1.3869116e-01;1.8750000e+02;-5.2848138e-02;1.8750000e+02;-9.8736696e-03;1.8750000e+02;5.3867295e-02;1.8750000e+02;1.3370459e-01;1.8750000e+02;2.1781790e-01;1.8750000e+02;2.6958331e-01;1.8750000e+02;2.8133231e-01;1.8750000e+02;3.2191744e-01;1.8750000e+02;3.1469876e-01;1.8750000e+02;2.4069765e-01;1.8750000e+02;1.7465051e-01;1.8750000e+02;1.2100237e-01;1.8750000e+02;7.4853621e-02;1.8750000e+02;3.2951646e-02;1.8750000e+02;-9.5695108e-03;1.8750000e+02;-5.2950241e-02;1.8750000e+02;-9.5070615e-02;1.8750000e+02;-1.3869116e-01;1.8750000e+02;-5.2848138e-02;1.8750000e+02;-9.8736696e-03;1.8750000e+02;5.3867295e-02;1.8750000e+02;1.3370459e-01;1.8750000e+02;2.1781790e-01;1.8750000e+02;2.6958331e-01;1.8750000e+02;2.8133231e-01;1.8750000e+02;3.2191744e-01;1.8750000e+02;3.1469876e-01;1.8750000e+02;2.4069765e-01;1.8750000e+02;1.7465051e-01;1.8750000e+02;1.2100237e-01;1.8750000e+02;7.4853621e-02;1.8750000e+02;3.2951646e-02;1.8750000e+02;-9.5695108e-03;1.8750000e+02;-5.2950241e-02;1.8750000e+02;-9.5070615e-02;1.8750000e+02;-1.3869116e-01;1.8750000e+02;-5.2848138e-02;1.8750000e+02;-9.8736696e-03;1.8750000e+02;5.3867295e-02;1.8750000e+02;1.3370459e-01;1.8750000e+02;2.1781790e-01;1.8750000e+02;2.6958331e-01;1.8750000e+02;2.8133231e-01;1.8750000e+02;3.2191744e-01;1.8750000e+02;3.1469876e-01;1.8750000e+02;2.4069765e-01;1.8750000e+02;1.7465051e-01;1.8750000e+02;1.2100237e-01;1.8750000e+02;7.4853621e-02;1.8750000e+02;3.2951646e-02;1.8750000e+02;-9.5695108e-03;1.8750000e+02;-5.2950241e-02;1.8750000e+02;-9.5070615e-02;1.8750000e+02;-1.3869116e-01;1.8750000e+02;-5.2848138e-02;1.8750000e+02;-9.8736696e-03;1.8750000e+02;5.3867295e-02;1.8750000e+02;1.3370459e-01;1.8750000e+02;2.1781790e-01;1.8750000e+02;2.6958331e-01;1.8750000e+02;2.8133231e-01;1.8750000e+02;3.2191744e-01;1.8750000e+02;3.1469876e-01;1.8750000e+02;2.4069765e-01;1.8750000e+02;1.7465051e-01;1.8750000e+02;1.2100237e-01;1.8750000e+02;7.4853621e-02;1.8750000e+02;3.2951646e-02;1.8750000e+02;-9.5695108e-03;1.8750000e+02;-5.2950241e-02;1.8750000e+02;-9.5070615e-02;1.8750000e+02;-1.3869116e-01;1.8750000e+02;-5.2848138e-02;1.8750000e+02;-9.8736696e-03;1.8750000e+02;5.3867295e-02;1.8750000e+02;1.3370459e-01;1.8750000e+02;2.1781790e-01;1.8750000e+02;2.6958331e-01;1.8750000e+02;2.8133231e-01;1.8750000e+02;3.2191744e-01;1.8750000e+02;3.1469876e-01;1.8750000e+02;2.4069765e-01;1.8750000e+02;1.7465051e-01;1.8750000e+02;1.2100237e-01;1.8750000e+02;7.4853621e-02;1.8750000e+02;3.2951646e-02;1.8750000e+02;-9.5695108e-03;1.8750000e+02;-5.2950241e-02;1.8750000e+02;-9.5070615e-02;1.8750000e+02;-1.3869116e-01;1.8750000e+02;-5.2848138e-02;1.8750000e+02;-9.8736696e-03;1.8750000e+02;5.3867295e-02;1.8750000e+02;1.3370459e-01;1.8750000e+02;2.1781790e-01;1.8750000e+02;2.6958331e-01;1.8750000e+02;2.8133231e-01;1.8750000e+02;3.2191744e-01;1.8750000e+02;3.1469876e-01;1.8750000e+02;2.4069765e-01;1.8750000e+02;1.7465051e-01;1.8750000e+02;1.2100237e-01;1.8750000e+02;7.4853621e-02;1.8750000e+02;3.2951646e-02;1.8750000e+02;-9.5695108e-03;1.8750000e+02;-5.2950241e-02;1.8750000e+02;-9.5070615e-02;1.8750000e+02;-1.3869116e-01;1.8750000e+02;-5.2848138e-02;1.8750000e+02;-9.8736696e-03;1.8750000e+02;5.3867295e-02;1.8750000e+02;1.3370459e-01;1.8750000e+02;2.1781790e-01;1.8750000e+02;2.6958331e-01;1.8750000e+02;2.8133231e-01;1.8750000e+02;3.2191744e-01;1.8750000e+02;3.1469876e-01;1.8750000e+02;2.4069765e-01;1.8750000e+02;1.7465051e-01;1.8750000e+02;1.2100237e-01;1.8750000e+02;7.4853621e-02;1.8750000e+02;3.2951646e-02;1.8750000e+02;-9.5695108e-03;1.8750000e+02;-5.2950241e-02;1.8750000e+02;-9.5070615e-02;1.8750000e+02;-1.3869116e-01;1.8750000e+02;-5.2848138e-02;1.8750000e+02;-9.8736696e-03;1.8750000e+02;5.3867295e-02;1.8750000e+02;1.3370459e-01;1.8750000e+02;2.1781790e-01;1.8750000e+02;2.6958331e-01;1.8750000e+02;2.8133231e-01;1.8750000e+02;3.2191744e-01;1.8750000e+02;3.1469876e-01;1.8750000e+02;2.4069765e-01;1.8750000e+02;1.7465051e-01;1.8750000e+02;1.2100237e-01;1.8750000e+02;7.4853621e-02;1.8750000e+02;3.2951646e-02;1.8750000e+02;-9.5695108e-03;1.8750000e+02;-5.2950241e-02;1.8750000e+02;-9.5070615e-02;1.8750000e+02;-1.3869116e-01;1.8750000e+02;-5.2848138e-02;1.8750000e+02;-9.8736696e-03;1.8750000e+02;5.3867295e-02;1.8750000e+02;1.3370459e-01;1.8750000e+02;2.1781790e-01;1.8750000e+02;2.6958331e-01;1.8750000e+02;2.8133231e-01;1.8750000e+02;3.2191744e-01;1.8750000e+02;3.1469876e-01;1.8750000e+02;2.4069765e-01;1.8750000e+02;1.7465051e-01;1.8750000e+02;1.2100237e-01;1.8750000e+02;7.4853621e-02;1.8750000e+02;3.2951646e-02;1.8750000e+02;-9.5695108e-03;1.8750000e+02;-5.2950241e-02;1.8750000e+02;-9.5070615e-02;1.8750000e+02;-1.3869116e-01;1.8750000e+02;-5.2848138e-02;1.8750000e+02;-9.8736696e-03;1.8750000e+02;5.3867295e-02;1.8750000e+02;1.3370459e-01;1.8750000e+02;2.1781790e-01;1.8750000e+02;2.6958331e-01;1.8750000e+02;2.8133231e-01;1.8750000e+02;3.2191744e-01;1.8750000e+02;3.1469876e-01;1.8750000e+02;2.4069765e-01;1.8750000e+02;1.7465051e-01;1.8750000e+02;1.2100237e-01;1.8750000e+02;7.4853621e-02;1.8750000e+02;3.2951646e-02;1.8750000e+02;-9.5695108e-03;1.8750000e+02;-5.2950241e-02;1.8750000e+02;-9.5070615e-02;1.8750000e+02;-1.3869116e-01;1.8750000e+02;-5.2848138e-02;1.8750000e+02;-9.8736696e-03;1.8750000e+02;5.3867295e-02;1.8750000e+02;1.3370459e-01;1.8750000e+02;2.1781790e-01;1.8750000e+02;2.6958331e-01;1.8750000e+02;2.8133231e-01;1.8750000e+02;3.2191744e-01;1.8750000e+02;3.1469876e-01;1.8750000e+02;2.4069765e-01;1.8750000e+02;1.7465051e-01;1.8750000e+02;1.2100237e-01;1.8750000e+02;7.4853621e-02;1.8750000e+02;3.2951646e-02;1.8750000e+02;-9.5695108e-03;1.8750000e+02;-5.2950241e-02;1.8750000e+02;-9.5070615e-02;1.8750000e+02;-1.3869116e-01;1.8750000e+02;-5.2848138e-02;1.8750000e+02;-9.8736696e-03;1.8750000e+02;5.3867295e-02;1.8750000e+02;1.3370459e-01;1.8750000e+02;2.1781790e-01;1.8750000e+02;2.6958331e-01;1.8750000e+02;2.8133231e-01;1.8750000e+02;3.2191744e-01;1.8750000e+02;3.1469876e-01;1.8750000e+02;2.4069765e-01;1.8750000e+02;1.7465051e-01;1.8750000e+02;1.2100237e-01;1.8750000e+02;7.4853621e-02;1.8750000e+02;3.2951646e-02;1.8750000e+02;-9.5695108e-03;1.8750000e+02;-5.2950241e-02;1.8750000e+02;-9.5070615e-02;1.8750000e+02;-1.3869116e-01;1.8750000e+02;-5.2848138e-02;1.8750000e+02;-9.8736696e-03;1.8750000e+02;5.3867295e-02;1.8750000e+02;1.3370459e-01;1.8750000e+02;2.1781790e-01;1.8750000e+02;2.6958331e-01;1.8750000e+02;2.8133231e-01;1.8750000e+02;3.2191744e-01;1.8750000e+02;3.1469876e-01;1.8750000e+02;2.4069765e-01;1.8750000e+02;1.7465051e-01;1.8750000e+02;1.2100237e-01;1.8750000e+02;7.4853621e-02;1.8750000e+02;3.2951646e-02;1.8750000e+02;-9.5695108e-03;1.8750000e+02;-5.2950241e-02;1.8750000e+02;-9.5070615e-02;1.8750000e+02;-1.3869116e-01;1.8750000e+02;-5.2848138e-02;1.8750000e+02;-9.8736696e-03;1.8750000e+02;5.3867295e-02;1.8750000e+02;1.3370459e-01;1.8750000e+02;2.1781790e-01;1.8750000e+02;2.6958331e-01;1.8750000e+02;2.8133231e-01;1.8750000e+02;3.2191744e-01;1.8750000e+02;3.1469876e-01;1.8750000e+02;2.4069765e-01;1.8750000e+02;1.7465051e-01;1.8750000e+02;1.2100237e-01;1.8750000e+02;7.4853621e-02;1.8750000e+02;3.2951646e-02;1.8750000e+02;-9.5695108e-03;1.8750000e+02;-5.2950241e-02;1.8750000e+02;-9.5070615e-02;1.8750000e+02;-1.3869116e-01;1.8750000e+02;-5.2848138e-02;1.8750000e+02;-9.8736696e-03;1.8750000e+02;5.3867295e-02;1.8750000e+02;1.3370459e-01;1.8750000e+02;2.1781790e-01;1.8750000e+02;2.6958331e-01;1.8750000e+02;2.8133231e-01;1.8750000e+02;3.2191744e-01;1.8750000e+02;3.1469876e-01;1.8750000e+02;2.4069765e-01;1.8750000e+02;1.7465051e-01;1.8750000e+02;1.2100237e-01;1.8750000e+02;7.4853621e-02;1.8750000e+02;3.2951646e-02;1.8750000e+02;-9.5695108e-03;1.8750000e+02;-5.2950241e-02;1.8750000e+02;-9.5070615e-02;1.8750000e+02;-1.3869116e-01;1.8750000e+02;-5.2848138e-02;1.8750000e+02;-9.8736696e-03;1.8750000e+02;5.3867295e-02;1.8750000e+02;1.3370459e-01;1.8750000e+02;2.1781790e-01;1.8750000e+02;2.6958331e-01;1.8750000e+02;2.8133231e-01;1.8750000e+02;3.2191744e-01;1.8750000e+02;3.1469876e-01;1.8750000e+02;2.4069765e-01;1.8750000e+02;1.7465051e-01;1.8750000e+02;1.2100237e-01;1.8750000e+02;7.4853621e-02;1.8750000e+02;3.2951646e-02;1.8750000e+02;-9.5695108e-03;1.8750000e+02;-5.2950241e-02;1.8750000e+02;-9.5070615e-02;1.8750000e+02;-1.3869116e-01;1.8750000e+02;-5.2848138e-02;1.8750000e+02;-9.8736696e-03;1.8750000e+02;5.3867295e-02;1.8750000e+02;1.3370459e-01;1.8750000e+02;2.1781790e-01;1.8750000e+02;2.6958331e-01;1.8750000e+02;2.8133231e-01;1.8750000e+02;3.2191744e-01;1.8750000e+02;3.1469876e-01;1.8750000e+02;2.4069765e-01;1.8750000e+02;1.7465051e-01;1.8750000e+02;1.2100237e-01;1.8750000e+02;7.4853621e-02;1.8750000e+02;3.2951646e-02;1.8750000e+02;-9.5695108e-03;1.8750000e+02;-5.2950241e-02;1.8750000e+02;-9.5070615e-02;1.8750000e+02;-1.3869116e-01;1.8750000e+02;-5.2848138e-02;1.8750000e+02;-9.8736696e-03;1.8750000e+02;5.3867295e-02;1.8750000e+02;1.3370459e-01;1.8750000e+02;2.1781790e-01;1.8750000e+02;2.6958331e-01;1.8750000e+02;2.8133231e-01;1.8750000e+02;3.2191744e-01;1.8750000e+02;3.1469876e-01;1.8750000e+02;2.4069765e-01;1.8750000e+02;1.7465051e-01;1.8750000e+02;1.2100237e-01;1.8750000e+02;7.4853621e-02;1.8750000e+02;3.2951646e-02;1.8750000e+02;-9.5695108e-03;1.8750000e+02;-5.2950241e-02;1.8750000e+02;-9.5070615e-02;1.8750000e+02;-1.3869116e-01;1.8750000e+02;-5.2848138e-02;1.8750000e+02;-9.8736696e-03;1.8750000e+02;5.3867295e-02;1.8750000e+02;1.3370459e-01;1.8750000e+02;2.1781790e-01;1.8750000e+02;2.6958331e-01;1.8750000e+02;2.8133231e-01;1.8750000e+02;3.2191744e-01;1.8750000e+02;3.1469876e-01;1.8750000e+02;2.4069765e-01;1.8750000e+02;1.7465051e-01;1.8750000e+02;1.2100237e-01;1.8750000e+02;7.4853621e-02;1.8750000e+02;3.2951646e-02;1.8750000e+02;-9.5695108e-03;1.8750000e+02;-5.2950241e-02;1.8750000e+02;-9.5070615e-02;1.8750000e+02;-1.3869116e-01;1.8750000e+02;-5.2848138e-02;1.8750000e+02;-9.8736696e-03;1.8750000e+02;5.3867295e-02;1.8750000e+02;1.3370459e-01;1.8750000e+02;2.1781790e-01;1.8750000e+02;2.6958331e-01;1.8750000e+02;2.8133231e-01;1.8750000e+02;3.2191744e-01;1.8750000e+02;3.1469876e-01;1.8750000e+02;2.4069765e-01;1.8750000e+02;1.7465051e-01;1.8750000e+02;1.2100237e-01;1.8750000e+02;7.4853621e-02;1.8750000e+02;3.2951646e-02;1.8750000e+02;-9.5695108e-03;1.8750000e+02;-5.2950241e-02;1.8750000e+02;-9.5070615e-02;1.8750000e+02;-1.3869116e-01;1.8750000e+02;-5.2848138e-02;1.8750000e+02;-9.8736696e-03;1.8750000e+02;5.3867295e-02;1.8750000e+02;1.3370459e-01;1.8750000e+02;2.1781790e-01;1.8750000e+02;2.6958331e-01;1.8750000e+02;2.8133231e-01;1.8750000e+02;3.2191744e-01;1.8750000e+02;3.1469876e-01;1.8750000e+02;2.4069765e-01;1.8750000e+02;1.7465051e-01;1.8750000e+02;1.2100237e-01;1.8750000e+02;7.4853621e-02;1.8750000e+02;3.2951646e-02;1.8750000e+02;-9.5695108e-03;1.8750000e+02;-5.2950241e-02;1.8750000e+02;-9.5070615e-02;1.8750000e+02;-1.3869116e-01;1.8750000e+02;-5.2848138e-02;1.8750000e+02;-9.8736696e-03;1.8750000e+02;5.3867295e-02;1.8750000e+02;1.3370459e-01;1.8750000e+02;2.1781790e-01;1.8750000e+02;2.6958331e-01;1.8750000e+02;2.8133231e-01;1.8750000e+02;3.2191744e-01;1.8750000e+02;3.1469876e-01;1.8750000e+02;2.4069765e-01;1.8750000e+02;1.7465051e-01;1.8750000e+02;1.2100237e-01;1.8750000e+02;7.4853621e-02;1.8750000e+02;3.2951646e-02;1.8750000e+02;-9.5695108e-03;1.8750000e+02;-5.2950241e-02;1.8750000e+02;-9.5070615e-02;1.8750000e+02;-1.3869116e-01;1.8750000e+02;-5.2848138e-02;1.8750000e+02;-9.8736696e-03;1.8750000e+02;5.3867295e-02;1.8750000e+02;1.3370459e-01;1.8750000e+02;2.1781790e-01;1.8750000e+02;2.6958331e-01;1.8750000e+02;2.8133231e-01;1.8750000e+02;3.2191744e-01;1.8750000e+02;3.1469876e-01;1.8750000e+02;2.4069765e-01;1.8750000e+02;1.7465051e-01;1.8750000e+02;1.2100237e-01;1.8750000e+02;7.4853621e-02;1.8750000e+02;3.2951646e-02;1.8750000e+02;-9.5695108e-03;1.8750000e+02;-5.2950241e-02;1.8750000e+02;-9.5070615e-02;1.8750000e+02;-1.3869116e-01;1.8750000e+02;-5.2848138e-02;1.8750000e+02;-9.8736696e-03;1.8750000e+02;5.3867295e-02;1.8750000e+02;1.3370459e-01;1.8750000e+02;2.1781790e-01;1.8750000e+02;2.6958331e-01;1.8750000e+02;2.8133231e-01;1.8750000e+02;3.2191744e-01;1.8750000e+02;3.1469876e-01;1.8750000e+02;2.4069765e-01;1.8750000e+02;1.7465051e-01;1.8750000e+02;1.2100237e-01;1.8750000e+02;7.4853621e-02;1.8750000e+02;3.2951646e-02;1.8750000e+02;-9.5695108e-03;1.8750000e+02;-5.2950241e-02;1.8750000e+02;-9.5070615e-02;1.8750000e+02;-1.3869116e-01;1.8750000e+02;-5.2848138e-02;1.8750000e+02;-9.8736696e-03;1.8750000e+02;5.3867295e-02;1.8750000e+02;1.3370459e-01;1.8750000e+02;2.1781790e-01;1.8750000e+02;2.6958331e-01;1.8750000e+02;2.8133231e-01;1.8750000e+02;3.2191744e-01;1.8750000e+02;3.1469876e-01;1.8750000e+02;2.4069765e-01;1.8750000e+02;1.7465051e-01;1.8750000e+02;1.2100237e-01;1.8750000e+02;7.4853621e-02;1.8750000e+02;3.2951646e-02;1.8750000e+02;-9.5695108e-03;1.8750000e+02;-5.2950241e-02;1.8750000e+02;-9.5070615e-02;1.8750000e+02;-1.3869116e-01;1.8750000e+02;-5.2848138e-02;1.8750000e+02;-9.8736696e-03;1.8750000e+02;5.3867295e-02;1.8750000e+02;1.3370459e-01;1.8750000e+02;2.1781790e-01;1.8750000e+02;2.6958331e-01;1.8750000e+02;2.8133231e-01;1.8750000e+02;3.2191744e-01;1.8750000e+02;3.1469876e-01;1.8750000e+02;2.4069765e-01;1.8750000e+02;1.7465051e-01;1.8750000e+02;1.2100237e-01;1.8750000e+02;7.4853621e-02;1.8750000e+02;3.2951646e-02;1.8750000e+02;-9.5695108e-03;1.8750000e+02;-5.2950241e-02;1.8750000e+02;-9.5070615e-02;1.8750000e+02;-1.3869116e-01;1.8750000e+02;-5.2848138e-02;1.8750000e+02;-9.8736696e-03;1.8750000e+02;5.3867295e-02;1.8750000e+02;1.3370459e-01;1.8750000e+02;2.1781790e-01;1.8750000e+02;2.6958331e-01;1.8750000e+02;2.8133231e-01;1.8750000e+02;3.2191744e-01;1.8750000e+02;3.1469876e-01;1.8750000e+02;2.4069765e-01;1.8750000e+02;1.7465051e-01;1.8750000e+02;1.2100237e-01;1.8750000e+02;7.4853621e-02;1.8750000e+02;3.2951646e-02;1.8750000e+02;-9.5695108e-03;1.8750000e+02;-5.2950241e-02;1.8750000e+02;-9.5070615e-02;1.8750000e+02;-1.3869116e-01;1.8750000e+02;-5.2848138e-02;1.8750000e+02;-9.8736696e-03;1.8750000e+02;5.3867295e-02;1.8750000e+02;1.3370459e-01;1.8750000e+02;2.1781790e-01;1.8750000e+02;2.6958331e-01;1.8750000e+02;2.8133231e-01;1.8750000e+02;3.2191744e-01;1.8750000e+02;3.1469876e-01;1.8750000e+02;2.4069765e-01;1.8750000e+02;1.7465051e-01;1.8750000e+02;1.2100237e-01;1.8750000e+02;7.4853621e-02;1.8750000e+02;3.2951646e-02;1.8750000e+02;-9.5695108e-03;1.8750000e+02;-5.2950241e-02;1.8750000e+02;-9.5070615e-02;1.8750000e+02;-1.3869116e-01;1.8750000e+02;-5.2848138e-02;1.8750000e+02;-9.8736696e-03;1.8750000e+02;5.3867295e-02;1.8750000e+02;1.3370459e-01;1.8750000e+02;2.1781790e-01;1.8750000e+02;2.6958331e-01;1.8750000e+02;2.8133231e-01;1.8750000e+02;3.2191744e-01;1.8750000e+02;3.1469876e-01;1.8750000e+02;2.4069765e-01;1.8750000e+02;1.7465051e-01;1.8750000e+02;1.2100237e-01;1.8750000e+02;7.4853621e-02;1.8750000e+02;3.2951646e-02;1.8750000e+02;-9.5695108e-03;1.8750000e+02;-5.2950241e-02;1.8750000e+02;-9.5070615e-02;1.8750000e+02;-1.3869116e-01;1.8750000e+02;-5.2848138e-02;1.8750000e+02;-9.8736696e-03;1.8750000e+02;5.3867295e-02;1.8750000e+02;1.3370459e-01;1.8750000e+02;2.1781790e-01;1.8750000e+02;2.6958331e-01;1.8750000e+02;2.8133231e-01;1.8750000e+02;3.2191744e-01;1.8750000e+02;3.1469876e-01;1.8750000e+02;2.4069765e-01;1.8750000e+02;1.7465051e-01;1.8750000e+02;1.2100237e-01;1.8750000e+02;7.4853621e-02;1.8750000e+02;3.2951646e-02;1.8750000e+02;-9.5695108e-03;1.8750000e+02;-5.2950241e-02;1.8750000e+02;-9.5070615e-02;1.8750000e+02;-1.3869116e-01;1.8750000e+02;-5.2848138e-02;1.8750000e+02;-9.8736696e-03;1.8750000e+02;5.3867295e-02;1.8750000e+02;1.3370459e-01;1.8750000e+02;2.1781790e-01;1.8750000e+02;2.6958331e-01;1.8750000e+02;2.8133231e-01;1.8750000e+02;3.2191744e-01;1.8750000e+02;3.1469876e-01;1.8750000e+02;2.4069765e-01;1.8750000e+02;1.7465051e-01;1.8750000e+02;1.2100237e-01;1.8750000e+02;7.4853621e-02;1.8750000e+02;3.2951646e-02;1.8750000e+02;-9.5695108e-03;1.8750000e+02;-5.2950241e-02;1.8750000e+02;-9.5070615e-02;1.8750000e+02;-1.3869116e-01;1.8750000e+02;-5.2848138e-02;1.8750000e+02;-9.8736696e-03;1.8750000e+02;5.3867295e-02;1.8750000e+02;1.3370459e-01;1.8750000e+02;2.1781790e-01;1.8750000e+02;2.6958331e-01;1.8750000e+02;2.8133231e-01;1.8750000e+02;3.2191744e-01;1.8750000e+02;3.1469876e-01;1.8750000e+02;2.4069765e-01;1.8750000e+02;1.7465051e-01;1.8750000e+02;1.2100237e-01;1.8750000e+02;7.4853621e-02;1.8750000e+02;3.2951646e-02;1.8750000e+02;-9.5695108e-03;1.8750000e+02;-5.2950241e-02;1.8750000e+02;-9.5070615e-02;1.8750000e+02;-1.3869116e-01;1.8750000e+02;-5.2848138e-02;1.8750000e+02;-9.8736696e-03;1.8750000e+02;5.3867295e-02;1.8750000e+02;1.3370459e-01;1.8750000e+02;2.1781790e-01;1.8750000e+02;2.6958331e-01;1.8750000e+02;2.8133231e-01;1.8750000e+02;3.2191744e-01;1.8750000e+02;3.1469876e-01;1.8750000e+02;2.4069765e-01;1.8750000e+02;1.7465051e-01;1.8750000e+02;1.2100237e-01;1.8750000e+02;7.4853621e-02;1.8750000e+02;3.2951646e-02;1.8750000e+02;-9.5695108e-03;1.8750000e+02;-5.2950241e-02;1.8750000e+02;-9.5070615e-02;1.8750000e+02;-1.3869116e-01;1.8750000e+02;-5.2848138e-02;1.8750000e+02;-9.8736696e-03;1.8750000e+02;5.3867295e-02;1.8750000e+02;1.3370459e-01;1.8750000e+02;2.1781790e-01;1.8750000e+02;2.6958331e-01;1.8750000e+02;2.8133231e-01;1.8750000e+02;3.2191744e-01;1.8750000e+02;3.1469876e-01;1.8750000e+02;2.4069765e-01;1.8750000e+02;1.7465051e-01;1.8750000e+02;1.2100237e-01;1.8750000e+02;7.4853621e-02;1.8750000e+02;3.2951646e-02;1.8750000e+02;-9.5695108e-03;1.8750000e+02;-5.2950241e-02;1.8750000e+02;-9.5070615e-02;1.8750000e+02;-1.3869116e-01;1.8750000e+02;-5.2848138e-02;1.8750000e+02;-9.8736696e-03;1.8750000e+02;5.3867295e-02;1.8750000e+02;1.3370459e-01;1.8750000e+02;2.1781790e-01;1.8750000e+02;2.6958331e-01;1.8750000e+02;2.8133231e-01;1.8750000e+02;3.2191744e-01;1.8750000e+02;3.1469876e-01;1.8750000e+02;2.4069765e-01;1.8750000e+02;1.7465051e-01;1.8750000e+02;1.2100237e-01;1.8750000e+02;7.4853621e-02;1.8750000e+02;3.2951646e-02;1.8750000e+02;-9.5695108e-03;1.8750000e+02;-5.2950241e-02;1.8750000e+02;-9.5070615e-02;1.8750000e+02;-1.3869116e-01;1.8750000e+02;-5.2848138e-02;1.8750000e+02;-9.8736696e-03;1.8750000e+02;5.3867295e-02;1.8750000e+02;1.3370459e-01;1.8750000e+02;2.1781790e-01;1.8750000e+02;2.6958331e-01;1.8750000e+02;2.8133231e-01;1.8750000e+02;3.2191744e-01;1.8750000e+02;3.1469876e-01;1.8750000e+02;2.4069765e-01;1.8750000e+02;1.7465051e-01;1.8750000e+02;1.2100237e-01;1.8750000e+02;7.4853621e-02;1.8750000e+02;3.2951646e-02;1.8750000e+02;-9.5695108e-03;1.8750000e+02;-5.2950241e-02;1.8750000e+02;-9.5070615e-02;1.8750000e+02;-1.3869116e-01;1.8750000e+02;-5.2848138e-02;1.8750000e+02;-9.8736696e-03;1.8750000e+02;5.3867295e-02;1.8750000e+02;1.3370459e-01;1.8750000e+02;2.1781790e-01;1.8750000e+02;2.6958331e-01;1.8750000e+02;2.8133231e-01;1.8750000e+02;3.2191744e-01;1.8750000e+02;3.1469876e-01;1.8750000e+02;2.4069765e-01;1.8750000e+02;1.7465051e-01;1.8750000e+02;1.2100237e-01;1.8750000e+02;7.4853621e-02;1.8750000e+02;3.2951646e-02;1.8750000e+02;-9.5695108e-03;1.8750000e+02;-5.2950241e-02;1.8750000e+02;-9.5070615e-02;1.8750000e+02;-1.3869116e-01;1.8750000e+02;-5.2848138e-02;1.8750000e+02;-9.8736696e-03;1.8750000e+02;5.3867295e-02;1.8750000e+02;1.3370459e-01;1.8750000e+02;2.1781790e-01;1.8750000e+02;2.6958331e-01;1.8750000e+02;2.8133231e-01;1.8750000e+02;3.2191744e-01;1.8750000e+02;3.1469876e-01;1.8750000e+02;2.4069765e-01;1.8750000e+02;1.7465051e-01;1.8750000e+02;1.2100237e-01;1.8750000e+02;7.4853621e-02;1.8750000e+02;3.2951646e-02;1.8750000e+02;-9.5695108e-03;1.8750000e+02;-5.2950241e-02;1.8750000e+02;-9.5070615e-02;1.8750000e+02;-1.3869116e-01;1.8750000e+02;-5.2848138e-02;1.8750000e+02;-9.8736696e-03;1.8750000e+02;5.3867295e-02;1.8750000e+02;1.3370459e-01;1.8750000e+02;2.1781790e-01;1.8750000e+02;2.6958331e-01;1.8750000e+02;2.8133231e-01;1.8750000e+02;3.2191744e-01;1.8750000e+02;3.1469876e-01;1.8750000e+02;2.4069765e-01;1.8750000e+02;1.7465051e-01;1.8750000e+02;1.2100237e-01;1.8750000e+02;7.4853621e-02;1.8750000e+02;3.2951646e-02;1.8750000e+02;-9.5695108e-03;1.8750000e+02;-5.2950241e-02;1.8750000e+02;-9.5070615e-02;1.8750000e+02;-1.3869116e-01;1.8750000e+02;-5.2848138e-02;1.8750000e+02;-9.8736696e-03;1.8750000e+02;5.3867295e-02;1.8750000e+02;1.3370459e-01;1.8750000e+02;2.1781790e-01;1.8750000e+02;2.6958331e-01;1.8750000e+02;2.8133231e-01;1.8750000e+02;3.2191744e-01;1.8750000e+02;3.1469876e-01;1.8750000e+02;2.4069765e-01;1.8750000e+02;1.7465051e-01;1.8750000e+02;1.2100237e-01;1.8750000e+02;7.4853621e-02;1.8750000e+02;3.2951646e-02;1.8750000e+02;-9.5695108e-03;1.8750000e+02;-5.2950241e-02;1.8750000e+02;-9.5070615e-02;1.8750000e+02;-1.3869116e-01;1.8750000e+02;-5.2848138e-02;1.8750000e+02;-9.8736696e-03;1.8750000e+02;5.3867295e-02;1.8750000e+02;1.3370459e-01;1.8750000e+02;2.1781790e-01;1.8750000e+02;2.6958331e-01;1.8750000e+02;2.8133231e-01;1.8750000e+02;3.2191744e-01;1.8750000e+02;3.1469876e-01;1.8750000e+02;2.4069765e-01;1.8750000e+02;1.7465051e-01;1.8750000e+02;1.2100237e-01;1.8750000e+02;7.4853621e-02;1.8750000e+02;3.2951646e-02;1.8750000e+02;-9.5695108e-03;1.8750000e+02;-5.2950241e-02;1.8750000e+02;-9.5070615e-02;1.8750000e+02;-1.3869116e-01;1.8750000e+02;-5.2848138e-02;1.8750000e+02;-9.8736696e-03;1.8750000e+02;5.3867295e-02;1.8750000e+02;1.3370459e-01;1.8750000e+02;2.1781790e-01;1.8750000e+02;2.6958331e-01;1.8750000e+02;2.8133231e-01;1.8750000e+02;3.2191744e-01;1.8750000e+02;3.1469876e-01;1.8750000e+02;2.4069765e-01;1.8750000e+02;1.7465051e-01;1.8750000e+02;1.2100237e-01;1.8750000e+02;7.4853621e-02;1.8750000e+02;3.2951646e-02;1.8750000e+02;-9.5695108e-03;1.8750000e+02;-5.2950241e-02;1.8750000e+02;-9.5070615e-02;1.8750000e+02;-1.3869116e-01;1.8750000e+02;-5.2848138e-02;1.8750000e+02;-9.8736696e-03;1.8750000e+02;5.3867295e-02;1.8750000e+02;1.3370459e-01;1.8750000e+02;2.1781790e-01;1.8750000e+02;2.6958331e-01;1.8750000e+02;2.8133231e-01;1.8750000e+02;3.2191744e-01;1.8750000e+02;3.1469876e-01;1.8750000e+02;2.4069765e-01;1.8750000e+02;1.7465051e-01;1.8750000e+02;1.2100237e-01;1.8750000e+02;7.4853621e-02;1.8750000e+02;3.2951646e-02;1.8750000e+02;-9.5695108e-03;1.8750000e+02;-5.2950241e-02;1.8750000e+02;-9.5070615e-02;1.8750000e+02;-1.3869116e-01;1.8750000e+02;-5.2848138e-02;1.8750000e+02;-9.8736696e-03;1.8750000e+02;5.3867295e-02;1.8750000e+02;1.3370459e-01;1.8750000e+02;2.1781790e-01;1.8750000e+02;2.6958331e-01;1.8750000e+02;2.8133231e-01;1.8750000e+02;3.2191744e-01;1.8750000e+02;3.1469876e-01;1.8750000e+02;2.4069765e-01;1.8750000e+02;1.7465051e-01;1.8750000e+02;1.2100237e-01;1.8750000e+02;7.4853621e-02;1.8750000e+02;3.2951646e-02;1.8750000e+02;-9.5695108e-03;1.8750000e+02;-5.2950241e-02;1.8750000e+02;-9.5070615e-02;1.8750000e+02;-1.3869116e-01;1.8750000e+02;-5.2848138e-02;1.8750000e+02;-9.8736696e-03;1.8750000e+02;5.3867295e-02;1.8750000e+02;1.3370459e-01;1.8750000e+02;2.1781790e-01;1.8750000e+02;2.6958331e-01;1.8750000e+02;2.8133231e-01;1.8750000e+02;3.2191744e-01;1.8750000e+02;3.1469876e-01;1.8750000e+02;2.4069765e-01;1.8750000e+02;1.7465051e-01;1.8750000e+02;1.2100237e-01;1.8750000e+02;7.4853621e-02;1.8750000e+02;3.2951646e-02;1.8750000e+02;-9.5695108e-03;1.8750000e+02;-5.2950241e-02;1.8750000e+02;-9.5070615e-02;1.8750000e+02;-1.3869116e-01;1.8750000e+02;-5.2848138e-02;1.8750000e+02;-9.8736696e-03;1.8750000e+02;5.3867295e-02;1.8750000e+02;1.3370459e-01;1.8750000e+02;2.1781790e-01;1.8750000e+02;2.6958331e-01;1.8750000e+02;2.8133231e-01;1.8750000e+02;3.2191744e-01;1.8750000e+02;3.1469876e-01;1.8750000e+02;2.4069765e-01;1.8750000e+02;1.7465051e-01;1.8750000e+02;1.2100237e-01;1.8750000e+02;7.4853621e-02;1.8750000e+02;3.2951646e-02;1.8750000e+02;-9.5695108e-03;1.8750000e+02;-5.2950241e-02;1.8750000e+02;-9.5070615e-02;1.8750000e+02;-1.3869116e-01;1.8750000e+02;-5.2848138e-02;1.8750000e+02;-9.8736696e-03;1.8750000e+02;5.3867295e-02;1.8750000e+02;1.3370459e-01;1.8750000e+02;2.1781790e-01;1.8750000e+02;2.6958331e-01;1.8750000e+02;2.8133231e-01;1.8750000e+02;3.2191744e-01;1.8750000e+02;3.1469876e-01;1.8750000e+02;2.4069765e-01;1.8750000e+02;1.7465051e-01;1.8750000e+02;1.2100237e-01;1.8750000e+02;7.4853621e-02;1.8750000e+02;3.2951646e-02;1.8750000e+02;-9.5695108e-03;1.8750000e+02;-5.2950241e-02;1.8750000e+02;-9.5070615e-02;1.8750000e+02;-1.3869116e-01;1.8750000e+02;-5.2848138e-02;1.8750000e+02;-9.8736696e-03;1.8750000e+02;5.3867295e-02;1.8750000e+02;1.3370459e-01;1.8750000e+02;2.1781790e-01;1.8750000e+02;2.6958331e-01;1.8750000e+02;2.8133231e-01;1.8750000e+02;3.2191744e-01;1.8750000e+02;3.1469876e-01;1.8750000e+02;2.4069765e-01;1.8750000e+02;1.7465051e-01;1.8750000e+02;1.2100237e-01;1.8750000e+02;7.4853621e-02;1.8750000e+02;3.2951646e-02;1.8750000e+02;-9.5695108e-03;1.8750000e+02;-5.2950241e-02;1.8750000e+02;-9.5070615e-02;1.8750000e+02;-1.3869116e-01;1.8750000e+02;-5.2848138e-02;1.8750000e+02;-9.8736696e-03;1.8750000e+02;5.3867295e-02;1.8750000e+02;1.3370459e-01;1.8750000e+02;2.1781790e-01;1.8750000e+02;2.6958331e-01;1.8750000e+02;2.8133231e-01;1.8750000e+02;3.2191744e-01;1.8750000e+02;3.1469876e-01;1.8750000e+02;2.4069765e-01;1.8750000e+02;1.7465051e-01;1.8750000e+02;1.2100237e-01;1.8750000e+02;7.4853621e-02;1.8750000e+02;3.2951646e-02;1.8750000e+02;-9.5695108e-03;1.8750000e+02;-5.2950241e-02;1.8750000e+02;-9.5070615e-02;1.8750000e+02;-1.3869116e-01;1.8750000e+02;-5.2848138e-02;1.8750000e+02;-9.8736696e-03;1.8750000e+02;5.3867295e-02;1.8750000e+02;1.3370459e-01;1.8750000e+02;2.1781790e-01;1.8750000e+02;2.6958331e-01;1.8750000e+02;2.8133231e-01;1.8750000e+02;3.2191744e-01;1.8750000e+02;3.1469876e-01;1.8750000e+02;2.4069765e-01;1.8750000e+02;1.7465051e-01;1.8750000e+02;1.2100237e-01;1.8750000e+02;7.4853621e-02;1.8750000e+02;3.2951646e-02;1.8750000e+02;-9.5695108e-03;1.8750000e+02;-5.2950241e-02;1.8750000e+02;-9.5070615e-02;1.8750000e+02;-1.3869116e-01;1.8750000e+02;-5.2848138e-02;1.8750000e+02;-9.8736696e-03;1.8750000e+02;5.3867295e-02;1.8750000e+02;1.3370459e-01;1.8750000e+02;2.1781790e-01;1.8750000e+02;2.6958331e-01;1.8750000e+02;2.8133231e-01;1.8750000e+02;3.2191744e-01;1.8750000e+02;3.1469876e-01;1.8750000e+02;2.4069765e-01;1.8750000e+02;1.7465051e-01;1.8750000e+02;1.2100237e-01;1.8750000e+02;7.4853621e-02;1.8750000e+02;3.2951646e-02;1.8750000e+02;-9.5695108e-03;1.8750000e+02;-5.2950241e-02;1.8750000e+02;-9.5070615e-02;1.8750000e+02;-1.3869116e-01;1.8750000e+02;-5.2848138e-02;1.8750000e+02;-9.8736696e-03;1.8750000e+02;5.3867295e-02;1.8750000e+02;1.3370459e-01;1.8750000e+02;2.1781790e-01;1.8750000e+02;2.6958331e-01;1.8750000e+02;2.8133231e-01;1.8750000e+02;3.2191744e-01;1.8750000e+02;3.1469876e-01;1.8750000e+02;2.4069765e-01;1.8750000e+02;1.7465051e-01;1.8750000e+02;1.2100237e-01;1.8750000e+02;7.4853621e-02;1.8750000e+02;3.2951646e-02;1.8750000e+02;-9.5695108e-03;1.8750000e+02;-5.2950241e-02;1.8750000e+02;-9.5070615e-02;1.8750000e+02;-1.3869116e-01;1.8750000e+02;-5.2848138e-02;1.8750000e+02;-9.8736696e-03;1.8750000e+02;5.3867295e-02;1.8750000e+02;1.3370459e-01;1.8750000e+02;2.1781790e-01;1.8750000e+02;2.6958331e-01;1.8750000e+02;2.8133231e-01;1.8750000e+02;3.2191744e-01;1.8750000e+02;3.1469876e-01;1.8750000e+02;2.4069765e-01;1.8750000e+02;1.7465051e-01;1.8750000e+02;1.2100237e-01;1.8750000e+02;7.4853621e-02;1.8750000e+02;3.2951646e-02;1.8750000e+02;-9.5695108e-03;1.8750000e+02;-5.2950241e-02;1.8750000e+02;-9.5070615e-02;1.8750000e+02;-1.3869116e-01;1.8750000e+02;-5.2848138e-02;1.8750000e+02;-9.8736696e-03;1.8750000e+02;5.3867295e-02;1.8750000e+02;1.3370459e-01;1.8750000e+02;2.1781790e-01;1.8750000e+02;2.6958331e-01;1.8750000e+02;2.8133231e-01;1.8750000e+02;3.2191744e-01;1.8750000e+02;3.1469876e-01;1.8750000e+02;2.4069765e-01;1.8750000e+02;1.7465051e-01;1.8750000e+02;1.2100237e-01;1.8750000e+02;7.4853621e-02;1.8750000e+02;3.2951646e-02;1.8750000e+02;-9.5695108e-03;1.8750000e+02;-5.2950241e-02;1.8750000e+02;-9.5070615e-02;1.8750000e+02;-1.3869116e-01;1.8750000e+02;-5.2848138e-02;1.8750000e+02;-9.8736696e-03;1.8750000e+02;5.3867295e-02;1.8750000e+02;1.3370459e-01;1.8750000e+02;2.1781790e-01;1.8750000e+02;2.6958331e-01;1.8750000e+02;2.8133231e-01;1.8750000e+02;3.2191744e-01;1.8750000e+02;3.1469876e-01;1.8750000e+02;2.4069765e-01;1.8750000e+02;1.7465051e-01;1.8750000e+02;1.2100237e-01;1.8750000e+02;7.4853621e-02;1.8750000e+02;3.2951646e-02;1.8750000e+02;-9.5695108e-03;1.8750000e+02;-5.2950241e-02;1.8750000e+02;-9.5070615e-02;1.8750000e+02;-1.3869116e-01;1.8750000e+02;-5.2848138e-02;1.8750000e+02;-9.8736696e-03;1.8750000e+02;5.3867295e-02;1.8750000e+02;1.3370459e-01;1.8750000e+02;2.1781790e-01;1.8750000e+02;2.6958331e-01;1.8750000e+02;2.8133231e-01;1.8750000e+02;3.2191744e-01;1.8750000e+02;3.1469876e-01;1.8750000e+02;2.4069765e-01;1.8750000e+02;1.7465051e-01;1.8750000e+02;1.2100237e-01;1.8750000e+02;7.4853621e-02;1.8750000e+02;3.2951646e-02;1.8750000e+02;-9.5695108e-03;1.8750000e+02;-5.2950241e-02;1.8750000e+02;-9.5070615e-02;1.8750000e+02;-1.3869116e-01;1.8750000e+02;-5.2848138e-02;1.8750000e+02;-9.8736696e-03;1.8750000e+02;5.3867295e-02;1.8750000e+02;1.3370459e-01;1.8750000e+02;2.1781790e-01;1.8750000e+02;2.6958331e-01;1.8750000e+02;2.8133231e-01;1.8750000e+02;3.2191744e-01;1.8750000e+02;3.1469876e-01;1.8750000e+02;2.4069765e-01;1.8750000e+02;1.7465051e-01;1.8750000e+02;1.2100237e-01;1.8750000e+02;7.4853621e-02;1.8750000e+02;3.2951646e-02;1.8750000e+02;-9.5695108e-03;1.8750000e+02;-5.2950241e-02;1.8750000e+02;-9.5070615e-02;1.8750000e+02;-1.3869116e-01;1.8750000e+02;-5.2848138e-02;1.8750000e+02;-9.8736696e-03;1.8750000e+02;5.3867295e-02;1.8750000e+02;1.3370459e-01;1.8750000e+02;2.1781790e-01;1.8750000e+02;2.6958331e-01;1.8750000e+02;2.8133231e-01;1.8750000e+02;3.2191744e-01;1.8750000e+02;3.1469876e-01;1.8750000e+02;2.4069765e-01;1.8750000e+02;1.7465051e-01;1.8750000e+02;1.2100237e-01;1.8750000e+02;7.4853621e-02;1.8750000e+02;3.2951646e-02;1.8750000e+02;-9.5695108e-03;1.8750000e+02;-5.2950241e-02;1.8750000e+02;-9.5070615e-02;1.8750000e+02;-1.3869116e-01;1.8750000e+02;-5.2848138e-02;1.8750000e+02;-9.8736696e-03;1.8750000e+02;5.3867295e-02;1.8750000e+02;1.3370459e-01;1.8750000e+02;2.1781790e-01;1.8750000e+02;2.6958331e-01;1.8750000e+02;2.8133231e-01;1.8750000e+02;3.2191744e-01;1.8750000e+02;3.1469876e-01;1.8750000e+02;2.4069765e-01;1.8750000e+02;1.7465051e-01;1.8750000e+02;1.2100237e-01;1.8750000e+02;7.4853621e-02;1.8750000e+02;3.2951646e-02;1.8750000e+02;-9.5695108e-03;1.8750000e+02;-5.2950241e-02;1.8750000e+02;-9.5070615e-02;1.8750000e+02;-1.3869116e-01;1.8750000e+02;-5.2848138e-02;1.8750000e+02;-9.8736696e-03;1.8750000e+02;5.3867295e-02;1.8750000e+02;1.3370459e-01;1.8750000e+02;2.1781790e-01;1.8750000e+02;2.6958331e-01;1.8750000e+02;2.8133231e-01;1.8750000e+02;3.2191744e-01;1.8750000e+02;3.1469876e-01;1.8750000e+02;2.4069765e-01;1.8750000e+02;1.7465051e-01;1.8750000e+02;1.2100237e-01;1.8750000e+02;7.4853621e-02;1.8750000e+02;3.2951646e-02;1.8750000e+02;-9.5695108e-03;1.8750000e+02;-5.2950241e-02;1.8750000e+02;-9.5070615e-02;1.8750000e+02;-1.3869116e-01;1.8750000e+02;-5.2848138e-02;1.8750000e+02;-9.8736696e-03;1.8750000e+02;5.3867295e-02;1.8750000e+02;1.3370459e-01;1.8750000e+02;2.1781790e-01;1.8750000e+02;2.6958331e-01;1.8750000e+02;2.8133231e-01;1.8750000e+02;3.2191744e-01;1.8750000e+02;3.1469876e-01;1.8750000e+02;2.4069765e-01;1.8750000e+02;1.7465051e-01;1.8750000e+02;1.2100237e-01;1.8750000e+02;7.4853621e-02;1.8750000e+02;3.2951646e-02;1.8750000e+02;-9.5695108e-03;1.8750000e+02;-5.2950241e-02;1.8750000e+02;-9.5070615e-02;1.8750000e+02;-1.3869116e-01;1.8750000e+02;-5.2848138e-02;1.8750000e+02;-9.8736696e-03;1.8750000e+02;5.3867295e-02;1.8750000e+02;1.3370459e-01;1.8750000e+02;2.1781790e-01;1.8750000e+02;2.6958331e-01;1.8750000e+02;2.8133231e-01;1.8750000e+02;3.2191744e-01;1.8750000e+02;3.1469876e-01;1.8750000e+02;2.4069765e-01;1.8750000e+02;1.7465051e-01;1.8750000e+02;1.2100237e-01;1.8750000e+02;7.4853621e-02;1.8750000e+02;3.2951646e-02;1.8750000e+02;-9.5695108e-03;1.8750000e+02;-5.2950241e-02;1.8750000e+02;-9.5070615e-02;1.8750000e+02;-1.3869116e-01;1.8750000e+02;-5.2848138e-02;1.8750000e+02;-9.8736696e-03;1.8750000e+02;5.3867295e-02;1.8750000e+02;1.3370459e-01;1.8750000e+02;2.1781790e-01;1.8750000e+02;2.6958331e-01;1.8750000e+02;2.8133231e-01;1.8750000e+02;3.2191744e-01;1.8750000e+02;3.1469876e-01;1.8750000e+02;2.4069765e-01;1.8750000e+02;1.7465051e-01;1.8750000e+02;1.2100237e-01;1.8750000e+02;7.4853621e-02;1.8750000e+02;3.2951646e-02;1.8750000e+02;-9.5695108e-03;1.8750000e+02;-5.2950241e-02;1.8750000e+02;-9.5070615e-02;1.8750000e+02;-1.3869116e-01;1.8750000e+02;-5.2848138e-02;1.8750000e+02;-9.8736696e-03;1.8750000e+02;5.3867295e-02;1.8750000e+02;1.3370459e-01;1.8750000e+02;2.1781790e-01;1.8750000e+02;2.6958331e-01;1.8750000e+02;2.8133231e-01;1.8750000e+02;3.2191744e-01;1.8750000e+02;3.1469876e-01;1.8750000e+02;2.4069765e-01;1.8750000e+02;1.7465051e-01;1.8750000e+02;1.2100237e-01;1.8750000e+02;7.4853621e-02;1.8750000e+02;3.2951646e-02;1.8750000e+02;-9.5695108e-03;1.8750000e+02;-5.2950241e-02;1.8750000e+02;-9.5070615e-02;1.8750000e+02;-1.3869116e-01;1.8750000e+02;-5.2848138e-02;1.8750000e+02;-9.8736696e-03;1.8750000e+02;5.3867295e-02;1.8750000e+02;1.3370459e-01;1.8750000e+02;2.1781790e-01;1.8750000e+02;2.6958331e-01;1.8750000e+02;2.8133231e-01;1.8750000e+02;3.2191744e-01;1.8750000e+02;3.1469876e-01;1.8750000e+02;2.4069765e-01;1.8750000e+02;1.7465051e-01;1.8750000e+02;1.2100237e-01;1.8750000e+02;7.4853621e-02;1.8750000e+02;3.2951646e-02;1.8750000e+02;-9.5695108e-03;1.8750000e+02;-5.2950241e-02;1.8750000e+02;-9.5070615e-02;1.8750000e+02;-1.3869116e-01;1.8750000e+02;-5.2848138e-02;1.8750000e+02;-9.8736696e-03;1.8750000e+02;5.3867295e-02;1.8750000e+02;1.3370459e-01;1.8750000e+02;2.1781790e-01;1.8750000e+02;2.6958331e-01;1.8750000e+02;2.8133231e-01;1.8750000e+02;3.2191744e-01;1.8750000e+02;3.1469876e-01;1.8750000e+02;2.4069765e-01;1.8750000e+02;1.7465051e-01;1.8750000e+02;1.2100237e-01;1.8750000e+02;7.4853621e-02;1.8750000e+02;3.2951646e-02;1.8750000e+02;-9.5695108e-03;1.8750000e+02;-5.2950241e-02;1.8750000e+02;-9.5070615e-02;1.8750000e+02;-1.3869116e-01;1.8750000e+02;-5.2848138e-02;1.8750000e+02;-9.8736696e-03;1.8750000e+02;5.3867295e-02;1.8750000e+02;1.3370459e-01;1.8750000e+02;2.1781790e-01;1.8750000e+02;2.6958331e-01;1.8750000e+02;2.8133231e-01;1.8750000e+02;3.2191744e-01;1.8750000e+02;3.1469876e-01;1.8750000e+02;2.4069765e-01;1.8750000e+02;1.7465051e-01;1.8750000e+02;1.2100237e-01;1.8750000e+02;7.4853621e-02;1.8750000e+02;3.2951646e-02;1.8750000e+02;-9.5695108e-03;1.8750000e+02;-5.2950241e-02;1.8750000e+02;-9.5070615e-02;1.8750000e+02;-1.3869116e-01;1.8750000e+02;-5.2848138e-02;1.8750000e+02;-9.8736696e-03;1.8750000e+02;5.3867295e-02;1.8750000e+02;1.3370459e-01;1.8750000e+02;2.1781790e-01;1.8750000e+02;2.6958331e-01;1.8750000e+02;2.8133231e-01;1.8750000e+02;3.2191744e-01;1.8750000e+02;3.1469876e-01;1.8750000e+02;2.4069765e-01;1.8750000e+02;1.7465051e-01;1.8750000e+02;1.2100237e-01;1.8750000e+02;7.4853621e-02;1.8750000e+02;3.2951646e-02;1.8750000e+02;-9.5695108e-03;1.8750000e+02;-5.2950241e-02;1.8750000e+02;-9.5070615e-02;1.8750000e+02;-1.3869116e-01;1.8750000e+02;-5.2848138e-02;1.8750000e+02;-9.8736696e-03;1.8750000e+02;5.3867295e-02;1.8750000e+02;1.3370459e-01;1.8750000e+02;2.1781790e-01;1.8750000e+02;2.6958331e-01;1.8750000e+02;2.8133231e-01;1.8750000e+02;3.2191744e-01;1.8750000e+02;3.1469876e-01;1.8750000e+02;2.4069765e-01;1.8750000e+02;1.7465051e-01;1.8750000e+02;1.2100237e-01;1.8750000e+02;7.4853621e-02;1.8750000e+02;3.2951646e-02;1.8750000e+02;-9.5695108e-03;1.8750000e+02;-5.2950241e-02;1.8750000e+02;-9.5070615e-02;1.8750000e+02;-1.3869116e-01;1.8750000e+02;-5.2848138e-02;1.8750000e+02;-9.8736696e-03;1.8750000e+02;5.3867295e-02;1.8750000e+02;1.3370459e-01;1.8750000e+02;2.1781790e-01;1.8750000e+02;2.6958331e-01;1.8750000e+02;2.8133231e-01;1.8750000e+02;3.2191744e-01;1.8750000e+02;3.1469876e-01;1.8750000e+02;2.4069765e-01;1.8750000e+02;1.7465051e-01;1.8750000e+02;1.2100237e-01;1.8750000e+02;7.4853621e-02;1.8750000e+02;3.2951646e-02;1.8750000e+02;-9.5695108e-03;1.8750000e+02;-5.2950241e-02;1.8750000e+02;-9.5070615e-02;1.8750000e+02;-1.3869116e-01;1.8750000e+02;-5.2848138e-02;1.8750000e+02;-9.8736696e-03;1.8750000e+02;5.3867295e-02;1.8750000e+02;1.3370459e-01;1.8750000e+02;2.1781790e-01;1.8750000e+02;2.6958331e-01;1.8750000e+02;2.8133231e-01;1.8750000e+02;3.2191744e-01;1.8750000e+02;3.1469876e-01;1.8750000e+02;2.4069765e-01;1.8750000e+02;1.7465051e-01;1.8750000e+02;1.2100237e-01;1.8750000e+02;7.4853621e-02;1.8750000e+02;3.2951646e-02;1.8750000e+02;-9.5695108e-03;1.8750000e+02;-5.2950241e-02;1.8750000e+02;-9.5070615e-02;1.8750000e+02;-1.3869116e-01;1.8750000e+02;-5.2848138e-02;1.8750000e+02;-9.8736696e-03;1.8750000e+02;5.3867295e-02;1.8750000e+02;1.3370459e-01;1.8750000e+02;2.1781790e-01;1.8750000e+02;2.6958331e-01;1.8750000e+02;2.8133231e-01;1.8750000e+02;3.2191744e-01;1.8750000e+02;3.1469876e-01;1.8750000e+02;2.4069765e-01;1.8750000e+02;1.7465051e-01;1.8750000e+02;1.2100237e-01;1.8750000e+02;7.4853621e-02;1.8750000e+02;3.2951646e-02;1.8750000e+02;-9.5695108e-03;1.8750000e+02;-5.2950241e-02;1.8750000e+02;-9.5070615e-02;1.8750000e+02;-1.3869116e-01;1.8750000e+02;-5.2848138e-02;1.8750000e+02;-9.8736696e-03;1.8750000e+02;5.3867295e-02;1.8750000e+02;1.3370459e-01;1.8750000e+02;2.1781790e-01;1.8750000e+02;2.6958331e-01;1.8750000e+02;2.8133231e-01;1.8750000e+02;3.2191744e-01;1.8750000e+02;3.1469876e-01;1.8750000e+02;2.4069765e-01;1.8750000e+02;1.7465051e-01;1.8750000e+02;1.2100237e-01;1.8750000e+02;7.4853621e-02;1.8750000e+02;3.2951646e-02;1.8750000e+02;-9.5695108e-03;1.8750000e+02;-5.2950241e-02;1.8750000e+02;-9.5070615e-02;1.8750000e+02;-1.3869116e-01;1.8750000e+02;-5.2848138e-02;1.8750000e+02;-9.8736696e-03;1.8750000e+02;5.3867295e-02;1.8750000e+02;1.3370459e-01;1.8750000e+02;2.1781790e-01;1.8750000e+02;2.6958331e-01;1.8750000e+02;2.8133231e-01;1.8750000e+02;3.2191744e-01;1.8750000e+02;3.1469876e-01;1.8750000e+02;2.4069765e-01;1.8750000e+02;1.7465051e-01;1.8750000e+02;1.2100237e-01;1.8750000e+02;7.4853621e-02;1.8750000e+02;3.2951646e-02;1.8750000e+02;-9.5695108e-03;1.8750000e+02;-5.2950241e-02;1.8750000e+02;-9.5070615e-02;1.8750000e+02;-1.3869116e-01;1.8750000e+02;-5.2848138e-02;1.8750000e+02;-9.8736696e-03;1.8750000e+02;5.3867295e-02;1.8750000e+02;1.3370459e-01;1.8750000e+02;2.1781790e-01;1.8750000e+02;2.6958331e-01;1.8750000e+02;2.8133231e-01;1.8750000e+02;3.2191744e-01;1.8750000e+02;3.1469876e-01;1.8750000e+02;2.4069765e-01;1.8750000e+02;1.7465051e-01;1.8750000e+02;1.2100237e-01;1.8750000e+02;7.4853621e-02;1.8750000e+02;3.2951646e-02;1.8750000e+02;-9.5695108e-03;1.8750000e+02;-5.2950241e-02;1.8750000e+02;-9.5070615e-02;1.8750000e+02;-1.3869116e-01;1.8750000e+02;-5.2848138e-02;1.8750000e+02;-9.8736696e-03;1.8750000e+02;5.3867295e-02;1.8750000e+02;1.3370459e-01;1.8750000e+02;2.1781790e-01;1.8750000e+02;2.6958331e-01;1.8750000e+02;2.8133231e-01;1.8750000e+02;3.2191744e-01;1.8750000e+02;3.1469876e-01;1.8750000e+02;2.4069765e-01;1.8750000e+02;1.7465051e-01;1.8750000e+02;1.2100237e-01;1.8750000e+02;7.4853621e-02;1.8750000e+02;3.2951646e-02;1.8750000e+02;-9.5695108e-03;1.8750000e+02;-5.2950241e-02;1.8750000e+02;-9.5070615e-02;1.8750000e+02;-1.3869116e-01;1.8750000e+02;-5.2848138e-02;1.8750000e+02;-9.8736696e-03;1.8750000e+02;5.3867295e-02;1.8750000e+02;1.3370459e-01;1.8750000e+02;2.1781790e-01;1.8750000e+02;2.6958331e-01;1.8750000e+02;2.8133231e-01;1.8750000e+02;3.2191744e-01;1.8750000e+02;3.1469876e-01;1.8750000e+02;2.4069765e-01;1.8750000e+02;1.7465051e-01;1.8750000e+02;1.2100237e-01;1.8750000e+02;7.4853621e-02;1.8750000e+02;3.2951646e-02;1.8750000e+02;-9.5695108e-03;1.8750000e+02;-5.2950241e-02;1.8750000e+02;-9.5070615e-02;1.8750000e+02;-1.3869116e-01;1.8750000e+02;-5.2848138e-02;1.8750000e+02;-9.8736696e-03;1.8750000e+02;5.3867295e-02;1.8750000e+02;1.3370459e-01;1.8750000e+02;2.1781790e-01;1.8750000e+02;2.6958331e-01;1.8750000e+02;2.8133231e-01;1.8750000e+02;3.2191744e-01;1.8750000e+02;3.1469876e-01;1.8750000e+02;2.4069765e-01;1.8750000e+02;1.7465051e-01;1.8750000e+02;1.2100237e-01;1.8750000e+02;7.4853621e-02;1.8750000e+02;3.2951646e-02;1.8750000e+02;-9.5695108e-03;1.8750000e+02;-5.2950241e-02;1.8750000e+02;-9.5070615e-02;1.8750000e+02;-1.3869116e-01;1.8750000e+02;-5.2848138e-02;1.8750000e+02;-9.8736696e-03;1.8750000e+02;5.3867295e-02;1.8750000e+02;1.3370459e-01;1.8750000e+02;2.1781790e-01;1.8750000e+02;2.6958331e-01;1.8750000e+02;2.8133231e-01;1.8750000e+02;3.2191744e-01;1.8750000e+02;3.1469876e-01;1.8750000e+02;2.4069765e-01;1.8750000e+02;1.7465051e-01;1.8750000e+02;1.2100237e-01;1.8750000e+02;7.4853621e-02;1.8750000e+02;3.2951646e-02;1.8750000e+02;-9.5695108e-03;1.8750000e+02;-5.2950241e-02;1.8750000e+02;-9.5070615e-02;1.8750000e+02;-1.3869116e-01;1.8750000e+02;-5.2848138e-02;1.8750000e+02;-9.8736696e-03;1.8750000e+02;5.3867295e-02;1.8750000e+02;1.3370459e-01;1.8750000e+02;2.1781790e-01;1.8750000e+02;2.6958331e-01;1.8750000e+02;2.8133231e-01;1.8750000e+02;3.2191744e-01;1.8750000e+02;3.1469876e-01;1.8750000e+02;2.4069765e-01;1.8750000e+02;1.7465051e-01;1.8750000e+02;1.2100237e-01;1.8750000e+02;7.4853621e-02;1.8750000e+02;3.2951646e-02;1.8750000e+02;-9.5695108e-03;1.8750000e+02;-5.2950241e-02;1.8750000e+02;-9.5070615e-02;1.8750000e+02;-1.3869116e-01;1.8750000e+02;-5.2848138e-02;1.8750000e+02;-9.8736696e-03;1.8750000e+02;5.3867295e-02;1.8750000e+02;1.3370459e-01;1.8750000e+02;2.1781790e-01;1.8750000e+02;2.6958331e-01;1.8750000e+02;2.8133231e-01;1.8750000e+02;3.2191744e-01;1.8750000e+02;3.1469876e-01;1.8750000e+02;2.4069765e-01;1.8750000e+02;1.7465051e-01;1.8750000e+02;1.2100237e-01;1.8750000e+02;7.4853621e-02;1.8750000e+02;3.2951646e-02;1.8750000e+02;-9.5695108e-03;1.8750000e+02;-5.2950241e-02;1.8750000e+02;-9.5070615e-02;1.8750000e+02;-1.3869116e-01;1.8750000e+02;-5.2848138e-02;1.8750000e+02;-9.8736696e-03;1.8750000e+02;5.3867295e-02;1.8750000e+02;1.3370459e-01;1.8750000e+02;2.1781790e-01;1.8750000e+02;2.6958331e-01;1.8750000e+02;2.8133231e-01;1.8750000e+02;3.2191744e-01;1.8750000e+02;3.1469876e-01;1.8750000e+02;2.4069765e-01;1.8750000e+02;1.7465051e-01;1.8750000e+02;1.2100237e-01;1.8750000e+02;7.4853621e-02;1.8750000e+02;3.2951646e-02;1.8750000e+02;-9.5695108e-03;1.8750000e+02;-5.2950241e-02;1.8750000e+02;-9.5070615e-02;1.8750000e+02;-1.3869116e-01;1.8750000e+02;-5.2848138e-02;1.8750000e+02;-9.8736696e-03;1.8750000e+02;5.3867295e-02;1.8750000e+02;1.3370459e-01;1.8750000e+02;2.1781790e-01;1.8750000e+02;2.6958331e-01;1.8750000e+02;2.8133231e-01;1.8750000e+02;3.2191744e-01;1.8750000e+02;3.1469876e-01;1.8750000e+02;2.4069765e-01;1.8750000e+02;1.7465051e-01;1.8750000e+02;1.2100237e-01;1.8750000e+02;7.4853621e-02;1.8750000e+02;3.2951646e-02;1.8750000e+02;-9.5695108e-03;1.8750000e+02;-5.2950241e-02;1.8750000e+02;-9.5070615e-02;1.8750000e+02;-1.3869116e-01;1.8750000e+02;-5.2848138e-02;1.8750000e+02;-9.8736696e-03;1.8750000e+02;5.3867295e-02;1.8750000e+02;1.3370459e-01;1.8750000e+02;2.1781790e-01;1.8750000e+02;2.6958331e-01;1.8750000e+02;2.8133231e-01;1.8750000e+02;3.2191744e-01;1.8750000e+02;3.1469876e-01;1.8750000e+02;2.4069765e-01;1.8750000e+02;1.7465051e-01;1.8750000e+02;1.2100237e-01;1.8750000e+02;7.4853621e-02;1.8750000e+02;3.2951646e-02;1.8750000e+02;-9.5695108e-03;1.8750000e+02;-5.2950241e-02;1.8750000e+02;-9.5070615e-02;1.8750000e+02;-1.3869116e-01;1.8750000e+02;-5.2848138e-02;1.8750000e+02;-9.8736696e-03;1.8750000e+02;5.3867295e-02;1.8750000e+02;1.3370459e-01;1.8750000e+02;2.1781790e-01;1.8750000e+02;2.6958331e-01;1.8750000e+02;2.8133231e-01;1.8750000e+02;3.2191744e-01;1.8750000e+02;3.1469876e-01;1.8750000e+02;2.4069765e-01;1.8750000e+02;1.7465051e-01;1.8750000e+02;1.2100237e-01;1.8750000e+02;7.4853621e-02;1.8750000e+02;3.2951646e-02;1.8750000e+02;-9.5695108e-03;1.8750000e+02;-5.2950241e-02;1.8750000e+02;-9.5070615e-02;1.8750000e+02;-1.3869116e-01;1.8750000e+02;-5.2848138e-02;1.8750000e+02;-9.8736696e-03;1.8750000e+02;5.3867295e-02;1.8750000e+02;1.3370459e-01;1.8750000e+02;2.1781790e-01;1.8750000e+02;2.6958331e-01;1.8750000e+02;2.8133231e-01;1.8750000e+02;3.2191744e-01;1.8750000e+02;3.1469876e-01;1.8750000e+02;2.4069765e-01;1.8750000e+02;1.7465051e-01;1.8750000e+02;1.2100237e-01;1.8750000e+02;7.4853621e-02;1.8750000e+02;3.2951646e-02;1.8750000e+02;-9.5695108e-03;1.8750000e+02;-5.2950241e-02;1.8750000e+02;-9.5070615e-02;1.8750000e+02;-1.3869116e-01;1.8750000e+02;-5.2848138e-02;1.8750000e+02;-9.8736696e-03;1.8750000e+02;5.3867295e-02;1.8750000e+02;1.3370459e-01;1.8750000e+02;2.1781790e-01;1.8750000e+02;2.6958331e-01;1.8750000e+02;2.8133231e-01;1.8750000e+02;3.2191744e-01;1.8750000e+02;3.1469876e-01;1.8750000e+02;2.4069765e-01;1.8750000e+02;1.7465051e-01;1.8750000e+02;1.2100237e-01;1.8750000e+02;7.4853621e-02;1.8750000e+02;3.2951646e-02;1.8750000e+02;-9.5695108e-03;1.8750000e+02;-5.2950241e-02;1.8750000e+02;-9.5070615e-02;1.8750000e+02;-1.3869116e-01;1.8750000e+02;-5.2848138e-02;1.8750000e+02;-9.8736696e-03;1.8750000e+02;5.3867295e-02;1.8750000e+02;1.3370459e-01;1.8750000e+02;2.1781790e-01;1.8750000e+02;2.6958331e-01;1.8750000e+02;2.8133231e-01;1.8750000e+02;3.2191744e-01;1.8750000e+02;3.1469876e-01;1.8750000e+02;2.4069765e-01;1.8750000e+02;1.7465051e-01;1.8750000e+02;1.2100237e-01;1.8750000e+02;7.4853621e-02;1.8750000e+02;3.2951646e-02;1.8750000e+02;-9.5695108e-03;1.8750000e+02;-5.2950241e-02;1.8750000e+02;-9.5070615e-02;1.8750000e+02;-1.3869116e-01;1.8750000e+02;-5.2848138e-02;1.8750000e+02;-9.8736696e-03;1.8750000e+02;5.3867295e-02;1.8750000e+02;1.3370459e-01;1.8750000e+02;2.1781790e-01;1.8750000e+02;2.6958331e-01;1.8750000e+02;2.8133231e-01;1.8750000e+02;3.2191744e-01;1.8750000e+02;3.1469876e-01;1.8750000e+02;2.4069765e-01;1.8750000e+02;1.7465051e-01;1.8750000e+02;1.2100237e-01;1.8750000e+02;7.4853621e-02;1.8750000e+02;3.2951646e-02;1.8750000e+02;-9.5695108e-03;1.8750000e+02;-5.2950241e-02;1.8750000e+02;-9.5070615e-02;1.8750000e+02;-1.3869116e-01;1.8750000e+02;-5.2848138e-02;1.8750000e+02;-9.8736696e-03;1.8750000e+02;5.3867295e-02;1.8750000e+02;1.3370459e-01;1.8750000e+02;2.1781790e-01;1.8750000e+02;2.6958331e-01;1.8750000e+02;2.8133231e-01;1.8750000e+02;3.2191744e-01;1.8750000e+02;3.1469876e-01;1.8750000e+02;2.4069765e-01;1.8750000e+02;1.7465051e-01;1.8750000e+02;1.2100237e-01;1.8750000e+02;7.4853621e-02;1.8750000e+02;3.2951646e-02;1.8750000e+02;-9.5695108e-03;1.8750000e+02;-5.2950241e-02;1.8750000e+02;-9.5070615e-02;1.8750000e+02;-1.3869116e-01;1.8750000e+02;-5.2848138e-02;1.8750000e+02;-9.8736696e-03;1.8750000e+02;5.3867295e-02;1.8750000e+02;1.3370459e-01;1.8750000e+02;2.1781790e-01;1.8750000e+02;2.6958331e-01;1.8750000e+02;2.8133231e-01;1.8750000e+02;3.2191744e-01;1.8750000e+02;3.1469876e-01;1.8750000e+02;2.4069765e-01;1.8750000e+02;1.7465051e-01;1.8750000e+02;1.2100237e-01;1.8750000e+02;7.4853621e-02;1.8750000e+02;3.2951646e-02;1.8750000e+02;-9.5695108e-03;1.8750000e+02;-5.2950241e-02;1.8750000e+02;-9.5070615e-02;1.8750000e+02;-1.3869116e-01;1.8750000e+02;-5.2848138e-02;1.8750000e+02;-9.8736696e-03;1.8750000e+02;5.3867295e-02;1.8750000e+02;1.3370459e-01;1.8750000e+02;2.1781790e-01;1.8750000e+02;2.6958331e-01;1.8750000e+02;2.8133231e-01;1.8750000e+02;3.2191744e-01;1.8750000e+02;3.1469876e-01;1.8750000e+02;2.4069765e-01;1.8750000e+02;1.7465051e-01;1.8750000e+02;1.2100237e-01;1.8750000e+02;7.4853621e-02;1.8750000e+02;3.2951646e-02;1.8750000e+02;-9.5695108e-03;1.8750000e+02;-5.2950241e-02;1.8750000e+02;-9.5070615e-02;1.8750000e+02;-1.3869116e-01;1.8750000e+02;-5.2848138e-02;1.8750000e+02;-9.8736696e-03;1.8750000e+02;5.3867295e-02;1.8750000e+02;1.3370459e-01;1.8750000e+02;2.1781790e-01;1.8750000e+02;2.6958331e-01;1.8750000e+02;2.8133231e-01;1.8750000e+02;3.2191744e-01;1.8750000e+02;3.1469876e-01;1.8750000e+02;2.4069765e-01;1.8750000e+02;1.7465051e-01;1.8750000e+02;1.2100237e-01;1.8750000e+02;7.4853621e-02;1.8750000e+02;3.2951646e-02;1.8750000e+02;-9.5695108e-03;1.8750000e+02;-5.2950241e-02;1.8750000e+02;-9.5070615e-02;1.8750000e+02;-1.3869116e-01;1.8750000e+02;-5.2848138e-02;1.8750000e+02;-9.8736696e-03;1.8750000e+02;5.3867295e-02;1.8750000e+02;1.3370459e-01;1.8750000e+02;2.1781790e-01;1.8750000e+02;2.6958331e-01;1.8750000e+02;2.8133231e-01;1.8750000e+02;3.2191744e-01;1.8750000e+02;3.1469876e-01;1.8750000e+02;2.4069765e-01;1.8750000e+02;1.7465051e-01;1.8750000e+02;1.2100237e-01;1.8750000e+02;7.4853621e-02;1.8750000e+02;3.2951646e-02;1.8750000e+02;-9.5695108e-03;1.8750000e+02;-5.2950241e-02;1.8750000e+02;-9.5070615e-02;1.8750000e+02;-1.3869116e-01;1.8750000e+02;-5.2848138e-02;1.8750000e+02;-9.8736696e-03;1.8750000e+02;5.3867295e-02;1.8750000e+02;1.3370459e-01;1.8750000e+02;2.1781790e-01;1.8750000e+02;2.6958331e-01;1.8750000e+02;2.8133231e-01;1.8750000e+02;3.2191744e-01;1.8750000e+02;3.1469876e-01;1.8750000e+02;2.4069765e-01;1.8750000e+02;1.7465051e-01;1.8750000e+02;1.2100237e-01;1.8750000e+02;7.4853621e-02;1.8750000e+02;3.2951646e-02;1.8750000e+02;-9.5695108e-03;1.8750000e+02;-5.2950241e-02;1.8750000e+02;-9.5070615e-02;1.8750000e+02;-1.3869116e-01;1.8750000e+02;-5.2848138e-02;1.8750000e+02;-9.8736696e-03;1.8750000e+02;5.3867295e-02;1.8750000e+02;1.3370459e-01;1.8750000e+02;2.1781790e-01;1.8750000e+02;2.6958331e-01;1.8750000e+02;2.8133231e-01;1.8750000e+02;3.2191744e-01;1.8750000e+02;3.1469876e-01;1.8750000e+02;2.4069765e-01;1.8750000e+02;1.7465051e-01;1.8750000e+02;1.2100237e-01;1.8750000e+02;7.4853621e-02;1.8750000e+02;3.2951646e-02;1.8750000e+02;-9.5695108e-03;1.8750000e+02;-5.2950241e-02;1.8750000e+02;-9.5070615e-02;1.8750000e+02;-1.3869116e-01;1.8750000e+02;-5.2848138e-02;1.8750000e+02;-9.8736696e-03;1.8750000e+02;5.3867295e-02;1.8750000e+02;1.3370459e-01;1.8750000e+02;2.1781790e-01;1.8750000e+02;2.6958331e-01;1.8750000e+02;2.8133231e-01;1.8750000e+02;3.2191744e-01;1.8750000e+02;3.1469876e-01;1.8750000e+02;2.4069765e-01;1.8750000e+02;1.7465051e-01;1.8750000e+02;1.2100237e-01;1.8750000e+02;7.4853621e-02;1.8750000e+02;3.2951646e-02;1.8750000e+02;-9.5695108e-03;1.8750000e+02;-5.2950241e-02;1.8750000e+02;-9.5070615e-02;1.8750000e+02;-1.3869116e-01;1.8750000e+02;-5.2848138e-02;1.8750000e+02;-9.8736696e-03;1.8750000e+02;5.3867295e-02;1.8750000e+02;1.3370459e-01;1.8750000e+02;2.1781790e-01;1.8750000e+02;2.6958331e-01;1.8750000e+02;2.8133231e-01;1.8750000e+02;3.2191744e-01;1.8750000e+02;3.1469876e-01;1.8750000e+02;2.4069765e-01;1.8750000e+02;1.7465051e-01;1.8750000e+02;1.2100237e-01;1.8750000e+02;7.4853621e-02;1.8750000e+02;3.2951646e-02;1.8750000e+02;-9.5695108e-03;1.8750000e+02;-5.2950241e-02;1.8750000e+02;-9.5070615e-02;1.8750000e+02;-1.3869116e-01;1.8750000e+02;-5.2848138e-02;1.8750000e+02;-9.8736696e-03;1.8750000e+02;5.3867295e-02;1.8750000e+02;1.3370459e-01;1.8750000e+02;2.1781790e-01;1.8750000e+02;2.6958331e-01;1.8750000e+02;2.8133231e-01;1.8750000e+02;3.2191744e-01;1.8750000e+02;3.1469876e-01;1.8750000e+02;2.4069765e-01;1.8750000e+02;1.7465051e-01;1.8750000e+02;1.2100237e-01;1.8750000e+02;7.4853621e-02;1.8750000e+02;3.2951646e-02;1.8750000e+02;-9.5695108e-03;1.8750000e+02;-5.2950241e-02;1.8750000e+02;-9.5070615e-02;1.8750000e+02;-1.3869116e-01;1.8750000e+02;-5.2848138e-02;1.8750000e+02;-9.8736696e-03;1.8750000e+02;5.3867295e-02;1.8750000e+02;1.3370459e-01;1.8750000e+02;2.1781790e-01;1.8750000e+02;2.6958331e-01;1.8750000e+02;2.8133231e-01;1.8750000e+02;3.2191744e-01;1.8750000e+02;3.1469876e-01;1.8750000e+02;2.4069765e-01;1.8750000e+02;1.7465051e-01;1.8750000e+02;1.2100237e-01;1.8750000e+02;7.4853621e-02;1.8750000e+02;3.2951646e-02;1.8750000e+02;-9.5695108e-03;1.8750000e+02;-5.2950241e-02;1.8750000e+02;-9.5070615e-02;1.8750000e+02;-1.3869116e-01;1.8750000e+02;-5.2848138e-02;1.8750000e+02;-9.8736696e-03;1.8750000e+02;5.3867295e-02;1.8750000e+02;1.3370459e-01;1.8750000e+02;2.1781790e-01;1.8750000e+02;2.6958331e-01;1.8750000e+02;2.8133231e-01;1.8750000e+02;3.2191744e-01;1.8750000e+02;3.1469876e-01;1.8750000e+02;2.4069765e-01;1.8750000e+02;1.7465051e-01;1.8750000e+02;1.2100237e-01;1.8750000e+02;7.4853621e-02;1.8750000e+02;3.2951646e-02;1.8750000e+02;-9.5695108e-03;1.8750000e+02;-5.2950241e-02;1.8750000e+02;-9.5070615e-02;1.8750000e+02;-1.3869116e-01;1.8750000e+02;-5.2848138e-02;1.8750000e+02;-9.8736696e-03;1.8750000e+02;5.3867295e-02;1.8750000e+02;1.3370459e-01;1.8750000e+02;2.1781790e-01;1.8750000e+02;2.6958331e-01;1.8750000e+02;2.8133231e-01;1.8750000e+02;3.2191744e-01;1.8750000e+02;3.1469876e-01;1.8750000e+02;2.4069765e-01;1.8750000e+02;1.7465051e-01;1.8750000e+02;1.2100237e-01;1.8750000e+02;7.4853621e-02;1.8750000e+02;3.2951646e-02;1.8750000e+02;-9.5695108e-03;1.8750000e+02;-5.2950241e-02;1.8750000e+02;-9.5070615e-02;1.8750000e+02;-1.3869116e-01;1.8750000e+02;-5.2848138e-02;1.8750000e+02;-9.8736696e-03;1.8750000e+02;5.3867295e-02;1.8750000e+02;1.3370459e-01;1.8750000e+02;2.1781790e-01;1.8750000e+02;2.6958331e-01;1.8750000e+02;2.8133231e-01;1.8750000e+02;3.2191744e-01;1.8750000e+02;3.1469876e-01;1.8750000e+02;2.4069765e-01;1.8750000e+02;1.7465051e-01;1.8750000e+02;1.2100237e-01;1.8750000e+02;7.4853621e-02;1.8750000e+02;3.2951646e-02;1.8750000e+02;-9.5695108e-03;1.8750000e+02;-5.2950241e-02;1.8750000e+02;-9.5070615e-02;1.8750000e+02;-1.3869116e-01;1.8750000e+02;-5.2848138e-02;1.8750000e+02;-9.8736696e-03;1.8750000e+02;5.3867295e-02;1.8750000e+02;1.3370459e-01;1.8750000e+02;2.1781790e-01;1.8750000e+02;2.6958331e-01;1.8750000e+02;2.8133231e-01;1.8750000e+02;3.2191744e-01;1.8750000e+02;3.1469876e-01;1.8750000e+02;2.4069765e-01;1.8750000e+02;1.7465051e-01;1.8750000e+02;1.2100237e-01;1.8750000e+02;7.4853621e-02;1.8750000e+02;3.2951646e-02;1.8750000e+02;-9.5695108e-03;1.8750000e+02;-5.2950241e-02;1.8750000e+02;-9.5070615e-02;1.8750000e+02;-1.3869116e-01;1.8750000e+02;-5.2848138e-02;1.8750000e+02;-9.8736696e-03;1.8750000e+02;5.3867295e-02;1.8750000e+02;1.3370459e-01;1.8750000e+02;2.1781790e-01;1.8750000e+02;2.6958331e-01;1.8750000e+02;2.8133231e-01;1.8750000e+02;3.2191744e-01;1.8750000e+02;3.1469876e-01;1.8750000e+02;2.4069765e-01;1.8750000e+02;1.7465051e-01;1.8750000e+02;1.2100237e-01;1.8750000e+02;7.4853621e-02;1.8750000e+02;3.2951646e-02;1.8750000e+02;-9.5695108e-03;1.8750000e+02;-5.2950241e-02;1.8750000e+02;-9.5070615e-02;1.8750000e+02;-1.3869116e-01;1.8750000e+02;-5.2848138e-02;1.8750000e+02;-9.8736696e-03;1.8750000e+02;5.3867295e-02;1.8750000e+02;1.3370459e-01;1.8750000e+02;2.1781790e-01;1.8750000e+02;2.6958331e-01;1.8750000e+02;2.8133231e-01;1.8750000e+02;3.2191744e-01;1.8750000e+02;3.1469876e-01;1.8750000e+02;2.4069765e-01;1.8750000e+02;1.7465051e-01;1.8750000e+02;1.2100237e-01;1.8750000e+02;7.4853621e-02;1.8750000e+02;3.2951646e-02;1.8750000e+02;-9.5695108e-03;1.8750000e+02;-5.2950241e-02;1.8750000e+02;-9.5070615e-02;1.8750000e+02;-1.3869116e-01;1.8750000e+02;-5.2848138e-02;1.8750000e+02;-9.8736696e-03;1.8750000e+02;5.3867295e-02;1.8750000e+02;1.3370459e-01;1.8750000e+02;2.1781790e-01;1.8750000e+02;2.6958331e-01;1.8750000e+02;2.8133231e-01;1.8750000e+02;3.2191744e-01;1.8750000e+02;3.1469876e-01;1.8750000e+02;2.4069765e-01;1.8750000e+02;1.7465051e-01;1.8750000e+02;1.2100237e-01;1.8750000e+02;7.4853621e-02;1.8750000e+02;3.2951646e-02;1.8750000e+02;-9.5695108e-03;1.8750000e+02;-5.2950241e-02;1.8750000e+02;-9.5070615e-02;1.8750000e+02;-1.3869116e-01;1.8750000e+02;-5.2848138e-02;1.8750000e+02;-9.8736696e-03;1.8750000e+02;5.3867295e-02;1.8750000e+02;1.3370459e-01;1.8750000e+02;2.1781790e-01;1.8750000e+02;2.6958331e-01;1.8750000e+02;2.8133231e-01;1.8750000e+02;3.2191744e-01;1.8750000e+02;3.1469876e-01;1.8750000e+02;2.4069765e-01;1.8750000e+02;1.7465051e-01;1.8750000e+02;1.2100237e-01;1.8750000e+02;7.4853621e-02;1.8750000e+02;3.2951646e-02;1.8750000e+02;-9.5695108e-03;1.8750000e+02;-5.2950241e-02;1.8750000e+02;-9.5070615e-02;1.8750000e+02;-1.3869116e-01;1.8750000e+02;-5.2848138e-02;1.8750000e+02;-9.8736696e-03;1.8750000e+02;5.3867295e-02;1.8750000e+02;1.3370459e-01;1.8750000e+02;2.1781790e-01;1.8750000e+02;2.6958331e-01;1.8750000e+02;2.8133231e-01;1.8750000e+02;3.2191744e-01;1.8750000e+02;3.1469876e-01;1.8750000e+02;2.4069765e-01;1.8750000e+02;1.7465051e-01;1.8750000e+02;1.2100237e-01;1.8750000e+02;7.4853621e-02;1.8750000e+02;3.2951646e-02;1.8750000e+02;-9.5695108e-03;1.8750000e+02;-5.2950241e-02;1.8750000e+02;-9.5070615e-02;1.8750000e+02;-1.3869116e-01;1.8750000e+02;-5.2848138e-02;1.8750000e+02;-9.8736696e-03;1.8750000e+02;5.3867295e-02;1.8750000e+02;1.3370459e-01;1.8750000e+02;2.1781790e-01;1.8750000e+02;2.6958331e-01;1.8750000e+02;2.8133231e-01;1.8750000e+02;3.2191744e-01;1.8750000e+02;3.1469876e-01;1.8750000e+02;2.4069765e-01;1.8750000e+02;1.7465051e-01;1.8750000e+02;1.2100237e-01;1.8750000e+02;7.4853621e-02;1.8750000e+02;3.2951646e-02;1.8750000e+02;-9.5695108e-03;1.8750000e+02;-5.2950241e-02;1.8750000e+02;-9.5070615e-02;1.8750000e+02;-1.3869116e-01;1.8750000e+02;-5.2848138e-02;1.8750000e+02;-9.8736696e-03;1.8750000e+02;5.3867295e-02;1.8750000e+02;1.3370459e-01;1.8750000e+02;2.1781790e-01;1.8750000e+02;2.6958331e-01;1.8750000e+02;2.8133231e-01;1.8750000e+02;3.2191744e-01;1.8750000e+02;3.1469876e-01;1.8750000e+02;2.4069765e-01;1.8750000e+02;1.7465051e-01;1.8750000e+02;1.2100237e-01;1.8750000e+02;7.4853621e-02;1.8750000e+02;3.2951646e-02;1.8750000e+02;-9.5695108e-03;1.8750000e+02;-5.2950241e-02;1.8750000e+02;-9.5070615e-02;1.8750000e+02;-1.3869116e-01;1.8750000e+02;-5.2848138e-02;1.8750000e+02;-9.8736696e-03;1.8750000e+02;5.3867295e-02;1.8750000e+02;1.3370459e-01;1.8750000e+02;2.1781790e-01;1.8750000e+02;2.6958331e-01;1.8750000e+02;2.8133231e-01;1.8750000e+02;3.2191744e-01;1.8750000e+02;3.1469876e-01;1.8750000e+02;2.4069765e-01;1.8750000e+02;1.7465051e-01;1.8750000e+02;1.2100237e-01;1.8750000e+02;7.4853621e-02;1.8750000e+02;3.2951646e-02;1.8750000e+02;-9.5695108e-03;1.8750000e+02;-5.2950241e-02;1.8750000e+02;-9.5070615e-02;1.8750000e+02;-1.3869116e-01;1.8750000e+02;-5.2848138e-02;1.8750000e+02;-9.8736696e-03;1.8750000e+02;5.3867295e-02;1.8750000e+02;1.3370459e-01;1.8750000e+02;2.1781790e-01;1.8750000e+02;2.6958331e-01;1.8750000e+02;2.8133231e-01;1.8750000e+02;3.2191744e-01;1.8750000e+02;3.1469876e-01;1.8750000e+02;2.4069765e-01;1.8750000e+02;1.7465051e-01;1.8750000e+02;1.2100237e-01;1.8750000e+02;7.4853621e-02;1.8750000e+02;3.2951646e-02;1.8750000e+02;-9.5695108e-03;1.8750000e+02;-5.2950241e-02;1.8750000e+02;-9.5070615e-02;1.8750000e+02;-1.3869116e-01;1.8750000e+02;-5.2848138e-02;1.8750000e+02;-9.8736696e-03;1.8750000e+02;5.3867295e-02;1.8750000e+02;1.3370459e-01;1.8750000e+02;2.1781790e-01;1.8750000e+02;2.6958331e-01;1.8750000e+02;2.8133231e-01;1.8750000e+02;3.2191744e-01;1.8750000e+02;3.1469876e-01;1.8750000e+02;2.4069765e-01;1.8750000e+02;1.7465051e-01;1.8750000e+02;1.2100237e-01;1.8750000e+02;7.4853621e-02;1.8750000e+02;3.2951646e-02;1.8750000e+02;-9.5695108e-03;1.8750000e+02;-5.2950241e-02;1.8750000e+02;-9.5070615e-02;1.8750000e+02;-1.3869116e-01;1.8750000e+02;-5.2848138e-02;1.8750000e+02;-9.8736696e-03;1.8750000e+02;5.3867295e-02;1.8750000e+02;1.3370459e-01;1.8750000e+02;2.1781790e-01;1.8750000e+02;2.6958331e-01;1.8750000e+02;2.8133231e-01;1.8750000e+02;3.2191744e-01;1.8750000e+02;3.1469876e-01;1.8750000e+02;2.4069765e-01;1.8750000e+02;1.7465051e-01;1.8750000e+02;1.2100237e-01;1.8750000e+02;7.4853621e-02;1.8750000e+02;3.2951646e-02;1.8750000e+02;-9.5695108e-03;1.8750000e+02;-5.2950241e-02;1.8750000e+02;-9.5070615e-02;1.8750000e+02;-1.3869116e-01;1.8750000e+02;-5.2848138e-02;1.8750000e+02;-9.8736696e-03;1.8750000e+02;5.3867295e-02;1.8750000e+02;1.3370459e-01;1.8750000e+02;2.1781790e-01;1.8750000e+02;2.6958331e-01;1.8750000e+02;2.8133231e-01;1.8750000e+02;3.2191744e-01;1.8750000e+02;3.1469876e-01;1.8750000e+02;2.4069765e-01;1.8750000e+02;1.7465051e-01;1.8750000e+02;1.2100237e-01;1.8750000e+02;7.4853621e-02;1.8750000e+02;3.2951646e-02;1.8750000e+02;-9.5695108e-03;1.8750000e+02;-5.2950241e-02;1.8750000e+02;-9.5070615e-02;1.8750000e+02;-1.3869116e-01;1.8750000e+02;-5.2848138e-02;1.8750000e+02;-9.8736696e-03;1.8750000e+02;5.3867295e-02;1.8750000e+02;1.3370459e-01;1.8750000e+02;2.1781790e-01;1.8750000e+02;2.6958331e-01;1.8750000e+02;2.8133231e-01;1.8750000e+02;3.2191744e-01;1.8750000e+02;3.1469876e-01;1.8750000e+02;2.4069765e-01;1.8750000e+02;1.7465051e-01;1.8750000e+02;1.2100237e-01;1.8750000e+02;7.4853621e-02;1.8750000e+02;3.2951646e-02;1.8750000e+02;-9.5695108e-03;1.8750000e+02;-5.2950241e-02;1.8750000e+02;-9.5070615e-02;1.8750000e+02;-1.3869116e-01;1.8750000e+02;-5.2848138e-02;1.8750000e+02;-9.8736696e-03;1.8750000e+02;5.3867295e-02;1.8750000e+02;1.3370459e-01;1.8750000e+02;2.1781790e-01;1.8750000e+02;2.6958331e-01;1.8750000e+02;2.8133231e-01;1.8750000e+02;3.2191744e-01;1.8750000e+02;3.1469876e-01;1.8750000e+02;2.4069765e-01;1.8750000e+02;1.7465051e-01;1.8750000e+02;1.2100237e-01;1.8750000e+02;7.4853621e-02;1.8750000e+02;3.2951646e-02;1.8750000e+02;-9.5695108e-03;1.8750000e+02;-5.2950241e-02;1.8750000e+02;-9.5070615e-02;1.8750000e+02;-1.3869116e-01;1.8750000e+02;-5.2848138e-02;1.8750000e+02;-9.8736696e-03;1.8750000e+02;5.3867295e-02;1.8750000e+02;1.3370459e-01;1.8750000e+02;2.1781790e-01;1.8750000e+02;2.6958331e-01;1.8750000e+02;2.8133231e-01;1.8750000e+02;3.2191744e-01;1.8750000e+02;3.1469876e-01;1.8750000e+02;2.4069765e-01;1.8750000e+02;1.7465051e-01;1.8750000e+02;1.2100237e-01;1.8750000e+02;7.4853621e-02;1.8750000e+02;3.2951646e-02;1.8750000e+02;-9.5695108e-03;1.8750000e+02;-5.2950241e-02;1.8750000e+02;-9.5070615e-02;1.8750000e+02;-1.3869116e-01;1.8750000e+02;-5.2848138e-02;1.8750000e+02;-9.8736696e-03;1.8750000e+02;5.3867295e-02;1.8750000e+02;1.3370459e-01;1.8750000e+02;2.1781790e-01;1.8750000e+02;2.6958331e-01;1.8750000e+02;2.8133231e-01;1.8750000e+02;3.2191744e-01;1.8750000e+02;3.1469876e-01;1.8750000e+02;2.4069765e-01;1.8750000e+02;1.7465051e-01;1.8750000e+02;1.2100237e-01;1.8750000e+02;7.4853621e-02;1.8750000e+02;3.2951646e-02;1.8750000e+02;-9.5695108e-03;1.8750000e+02;-5.2950241e-02;1.8750000e+02;-9.5070615e-02;1.8750000e+02;-1.3869116e-01;1.8750000e+02;-5.2848138e-02;1.8750000e+02;-9.8736696e-03;1.8750000e+02;5.3867295e-02;1.8750000e+02;1.3370459e-01;1.8750000e+02;2.1781790e-01;1.8750000e+02;2.6958331e-01;1.8750000e+02;2.8133231e-01;1.8750000e+02;3.2191744e-01;1.8750000e+02;3.1469876e-01;1.8750000e+02;2.4069765e-01;1.8750000e+02;1.7465051e-01;1.8750000e+02;1.2100237e-01;1.8750000e+02;7.4853621e-02;1.8750000e+02;3.2951646e-02;1.8750000e+02;-9.5695108e-03;1.8750000e+02;-5.2950241e-02;1.8750000e+02;-9.5070615e-02;1.8750000e+02;-1.3869116e-01;1.8750000e+02;-5.2848138e-02;1.8750000e+02;-9.8736696e-03;1.8750000e+02;5.3867295e-02;1.8750000e+02;1.3370459e-01;1.8750000e+02;2.1781790e-01;1.8750000e+02;2.6958331e-01;1.8750000e+02;2.8133231e-01;1.8750000e+02;3.2191744e-01;1.8750000e+02;3.1469876e-01;1.8750000e+02;2.4069765e-01;1.8750000e+02;1.7465051e-01;1.8750000e+02;1.2100237e-01;1.8750000e+02;7.4853621e-02;1.8750000e+02;3.2951646e-02;1.8750000e+02;-9.5695108e-03;1.8750000e+02;-5.2950241e-02;1.8750000e+02;-9.5070615e-02;1.8750000e+02;-1.3869116e-01;1.8750000e+02;-5.2848138e-02;1.8750000e+02;-9.8736696e-03;1.8750000e+02;5.3867295e-02;1.8750000e+02;1.3370459e-01;1.8750000e+02;2.1781790e-01;1.8750000e+02;2.6958331e-01;1.8750000e+02;2.8133231e-01;1.8750000e+02;3.2191744e-01;1.8750000e+02;3.1469876e-01;1.8750000e+02;2.4069765e-01;1.8750000e+02;1.7465051e-01;1.8750000e+02;1.2100237e-01;1.8750000e+02;7.4853621e-02;1.8750000e+02;3.2951646e-02;1.8750000e+02;-9.5695108e-03;1.8750000e+02;-5.2950241e-02;1.8750000e+02;-9.5070615e-02;1.8750000e+02;-1.3869116e-01;1.8750000e+02;-5.2848138e-02;1.8750000e+02;-9.8736696e-03;1.8750000e+02;5.3867295e-02;1.8750000e+02;1.3370459e-01;1.8750000e+02;2.1781790e-01;1.8750000e+02;2.6958331e-01;1.8750000e+02;2.8133231e-01;1.8750000e+02;3.2191744e-01;1.8750000e+02;3.1469876e-01;1.8750000e+02;2.4069765e-01;1.8750000e+02;1.7465051e-01;1.8750000e+02;1.2100237e-01;1.8750000e+02;7.4853621e-02;1.8750000e+02;3.2951646e-02;1.8750000e+02;-9.5695108e-03;1.8750000e+02;-5.2950241e-02;1.8750000e+02;-9.5070615e-02;1.8750000e+02;-1.3869116e-01;1.8750000e+02;-5.2848138e-02;1.8750000e+02;-9.8736696e-03;1.8750000e+02;5.3867295e-02;1.8750000e+02;1.3370459e-01;1.8750000e+02;2.1781790e-01;1.8750000e+02;2.6958331e-01;1.8750000e+02;2.8133231e-01;1.8750000e+02;3.2191744e-01;1.8750000e+02;3.1469876e-01;1.8750000e+02;2.4069765e-01;1.8750000e+02;1.7465051e-01;1.8750000e+02;1.2100237e-01;1.8750000e+02;7.4853621e-02;1.8750000e+02;3.2951646e-02;1.8750000e+02;-9.5695108e-03;1.8750000e+02;-5.2950241e-02;1.8750000e+02;-9.5070615e-02;1.8750000e+02;-1.3869116e-01;1.8750000e+02;-5.2848138e-02;1.8750000e+02;-9.8736696e-03;1.8750000e+02;5.3867295e-02;1.8750000e+02;1.3370459e-01;1.8750000e+02;2.1781790e-01;1.8750000e+02;2.6958331e-01;1.8750000e+02;2.8133231e-01;1.8750000e+02;3.2191744e-01;1.8750000e+02;3.1469876e-01;1.8750000e+02;2.4069765e-01;1.8750000e+02;1.7465051e-01;1.8750000e+02;1.2100237e-01;1.8750000e+02;7.4853621e-02;1.8750000e+02;3.2951646e-02;1.8750000e+02;-9.5695108e-03;1.8750000e+02;-5.2950241e-02;1.8750000e+02;-9.5070615e-02;1.8750000e+02;-1.3869116e-01;1.8750000e+02;-5.2848138e-02;1.8750000e+02;-9.8736696e-03;1.8750000e+02;5.3867295e-02;1.8750000e+02;1.3370459e-01;1.8750000e+02;2.1781790e-01;1.8750000e+02;2.6958331e-01;1.8750000e+02;2.8133231e-01;1.8750000e+02;3.2191744e-01;1.8750000e+02;3.1469876e-01;1.8750000e+02;2.4069765e-01;1.8750000e+02;1.7465051e-01;1.8750000e+02;1.2100237e-01;1.8750000e+02;7.4853621e-02;1.8750000e+02;3.2951646e-02;1.8750000e+02;-9.5695108e-03;1.8750000e+02;-5.2950241e-02;1.8750000e+02;-9.5070615e-02;1.8750000e+02;-1.3869116e-01;1.8750000e+02;-5.2848138e-02;1.8750000e+02;-9.8736696e-03;1.8750000e+02;5.3867295e-02;1.8750000e+02;1.3370459e-01;1.8750000e+02;2.1781790e-01;1.8750000e+02;2.6958331e-01;1.8750000e+02;2.8133231e-01;1.8750000e+02;3.2191744e-01;1.8750000e+02;3.1469876e-01;1.8750000e+02;2.4069765e-01;1.8750000e+02;1.7465051e-01;1.8750000e+02;1.2100237e-01;1.8750000e+02;7.4853621e-02;1.8750000e+02;3.2951646e-02;1.8750000e+02;-9.5695108e-03;1.8750000e+02;-5.2950241e-02;1.8750000e+02;-9.5070615e-02;1.8750000e+02;-1.3869116e-01;1.8750000e+02;-5.2848138e-02;1.8750000e+02;-9.8736696e-03;1.8750000e+02;5.3867295e-02;1.8750000e+02;1.3370459e-01;1.8750000e+02;2.1781790e-01;1.8750000e+02;2.6958331e-01;1.8750000e+02;2.8133231e-01;1.8750000e+02;3.2191744e-01;1.8750000e+02;3.1469876e-01;1.8750000e+02;2.4069765e-01;1.8750000e+02;1.7465051e-01;1.8750000e+02;1.2100237e-01;1.8750000e+02;7.4853621e-02;1.8750000e+02;3.2951646e-02;1.8750000e+02;-9.5695108e-03;1.8750000e+02;-5.2950241e-02;1.8750000e+02;-9.5070615e-02;1.8750000e+02;-1.3869116e-01;1.8750000e+02;-5.2848138e-02;1.8750000e+02;-9.8736696e-03;1.8750000e+02;5.3867295e-02;1.8750000e+02;1.3370459e-01;1.8750000e+02;2.1781790e-01;1.8750000e+02;2.6958331e-01;1.8750000e+02;2.8133231e-01;1.8750000e+02;3.2191744e-01;1.8750000e+02;3.1469876e-01;1.8750000e+02;2.4069765e-01;1.8750000e+02;1.7465051e-01;1.8750000e+02;1.2100237e-01;1.8750000e+02;7.4853621e-02;1.8750000e+02;3.2951646e-02;1.8750000e+02;-9.5695108e-03;1.8750000e+02;-5.2950241e-02;1.8750000e+02;-9.5070615e-02;1.8750000e+02;-1.3869116e-01;1.8750000e+02;-5.2848138e-02;1.8750000e+02;-9.8736696e-03;1.8750000e+02;5.3867295e-02;1.8750000e+02;1.3370459e-01;1.8750000e+02;2.1781790e-01;1.8750000e+02;2.6958331e-01;1.8750000e+02;2.8133231e-01;1.8750000e+02;3.2191744e-01;1.8750000e+02;3.1469876e-01;1.8750000e+02;2.4069765e-01;1.8750000e+02;1.7465051e-01;1.8750000e+02;1.2100237e-01;1.8750000e+02;7.4853621e-02;1.8750000e+02;3.2951646e-02;1.8750000e+02;-9.5695108e-03;1.8750000e+02;-5.2950241e-02;1.8750000e+02;-9.5070615e-02;1.8750000e+02;-1.3869116e-01;1.8750000e+02;-5.2848138e-02;1.8750000e+02;-9.8736696e-03;1.8750000e+02;5.3867295e-02;1.8750000e+02;1.3370459e-01;1.8750000e+02;2.1781790e-01;1.8750000e+02;2.6958331e-01;1.8750000e+02;2.8133231e-01;1.8750000e+02;3.2191744e-01;1.8750000e+02;3.1469876e-01;1.8750000e+02;2.4069765e-01;1.8750000e+02;1.7465051e-01;1.8750000e+02;1.2100237e-01;1.8750000e+02;7.4853621e-02;1.8750000e+02;3.2951646e-02;1.8750000e+02;-9.5695108e-03;1.8750000e+02;-5.2950241e-02;1.8750000e+02;-9.5070615e-02;1.8750000e+02;-1.3869116e-01;1.8750000e+02;-5.2848138e-02;1.8750000e+02;-9.8736696e-03;1.8750000e+02;5.3867295e-02;1.8750000e+02;1.3370459e-01;1.8750000e+02;2.1781790e-01;1.8750000e+02;2.6958331e-01;1.8750000e+02;2.8133231e-01;1.8750000e+02;3.2191744e-01;1.8750000e+02;3.1469876e-01;1.8750000e+02;2.4069765e-01;1.8750000e+02;1.7465051e-01;1.8750000e+02;1.2100237e-01;1.8750000e+02;7.4853621e-02;1.8750000e+02;3.2951646e-02;1.8750000e+02;-9.5695108e-03;1.8750000e+02;-5.2950241e-02;1.8750000e+02;-9.5070615e-02;1.8750000e+02;-1.3869116e-01;1.8750000e+02;-5.2848138e-02;1.8750000e+02;-9.8736696e-03;1.8750000e+02;5.3867295e-02;1.8750000e+02;1.3370459e-01;1.8750000e+02;2.1781790e-01;1.8750000e+02;2.6958331e-01;1.8750000e+02;2.8133231e-01;1.8750000e+02;3.2191744e-01;1.8750000e+02;3.1469876e-01;1.8750000e+02;2.4069765e-01;1.8750000e+02;1.7465051e-01;1.8750000e+02;1.2100237e-01;1.8750000e+02;7.4853621e-02;1.8750000e+02;3.2951646e-02;1.8750000e+02;-9.5695108e-03;1.8750000e+02;-5.2950241e-02;1.8750000e+02;-9.5070615e-02;1.8750000e+02;-1.3869116e-01;1.8750000e+02;-5.2848138e-02;1.8750000e+02;-9.8736696e-03;1.8750000e+02;5.3867295e-02;1.8750000e+02;1.3370459e-01;1.8750000e+02;2.1781790e-01;1.8750000e+02;2.6958331e-01;1.8750000e+02;2.8133231e-01;1.8750000e+02;3.2191744e-01;1.8750000e+02;3.1469876e-01;1.8750000e+02;2.4069765e-01;1.8750000e+02;1.7465051e-01;1.8750000e+02;1.2100237e-01;1.8750000e+02;7.4853621e-02;1.8750000e+02;3.2951646e-02;1.8750000e+02;-9.5695108e-03;1.8750000e+02;-5.2950241e-02;1.8750000e+02;-9.5070615e-02;1.8750000e+02;-1.3869116e-01;1.8750000e+02;-5.2848138e-02;1.8750000e+02;-9.8736696e-03;1.8750000e+02;5.3867295e-02;1.8750000e+02;1.3370459e-01;1.8750000e+02;2.1781790e-01;1.8750000e+02;2.6958331e-01;1.8750000e+02;2.8133231e-01;1.8750000e+02;3.2191744e-01;1.8750000e+02;3.1469876e-01;1.8750000e+02;2.4069765e-01;1.8750000e+02;1.7465051e-01;1.8750000e+02;1.2100237e-01;1.8750000e+02;7.4853621e-02;1.8750000e+02;3.2951646e-02;1.8750000e+02;-9.5695108e-03;1.8750000e+02;-5.2950241e-02;1.8750000e+02;-9.5070615e-02;1.8750000e+02;-1.3869116e-01;1.8750000e+02;-5.2848138e-02;1.8750000e+02;-9.8736696e-03;1.8750000e+02;5.3867295e-02;1.8750000e+02;1.3370459e-01;1.8750000e+02;2.1781790e-01;1.8750000e+02;2.6958331e-01;1.8750000e+02;2.8133231e-01;1.8750000e+02;3.2191744e-01;1.8750000e+02;3.1469876e-01;1.8750000e+02;2.4069765e-01;1.8750000e+02;1.7465051e-01;1.8750000e+02;1.2100237e-01;1.8750000e+02;7.4853621e-02;1.8750000e+02;3.2951646e-02;1.8750000e+02;-9.5695108e-03;1.8750000e+02;-5.2950241e-02;1.8750000e+02;-9.5070615e-02;1.8750000e+02;-1.3869116e-01;1.8750000e+02;-5.2848138e-02;1.8750000e+02;-9.8736696e-03;1.8750000e+02;5.3867295e-02;1.8750000e+02;1.3370459e-01;1.8750000e+02;2.1781790e-01;1.8750000e+02;2.6958331e-01;1.8750000e+02;2.8133231e-01;1.8750000e+02;3.2191744e-01;1.8750000e+02;3.1469876e-01;1.8750000e+02;2.4069765e-01;1.8750000e+02;1.7465051e-01;1.8750000e+02;1.2100237e-01;1.8750000e+02;7.4853621e-02;1.8750000e+02;3.2951646e-02;1.8750000e+02;-9.5695108e-03;1.8750000e+02;-5.2950241e-02;1.8750000e+02;-9.5070615e-02;1.8750000e+02;-1.3869116e-01;1.8750000e+02;-5.2848138e-02;1.8750000e+02;-9.8736696e-03;1.8750000e+02;5.3867295e-02;1.8750000e+02;1.3370459e-01;1.8750000e+02;2.1781790e-01;1.8750000e+02;2.6958331e-01;1.8750000e+02;2.8133231e-01;1.8750000e+02;3.2191744e-01;1.8750000e+02;3.1469876e-01;1.8750000e+02;2.4069765e-01;1.8750000e+02;1.7465051e-01;1.8750000e+02;1.2100237e-01;1.8750000e+02;7.4853621e-02;1.8750000e+02;3.2951646e-02;1.8750000e+02;-9.5695108e-03;1.8750000e+02;-5.2950241e-02;1.8750000e+02;-9.5070615e-02;1.8750000e+02;-1.3869116e-01;1.8750000e+02;-5.2848138e-02;1.8750000e+02;-9.8736696e-03;1.8750000e+02;5.3867295e-02;1.8750000e+02;1.3370459e-01;1.8750000e+02;2.1781790e-01;1.8750000e+02;2.6958331e-01;1.8750000e+02;2.8133231e-01;1.8750000e+02;3.2191744e-01;1.8750000e+02;3.1469876e-01;1.8750000e+02;2.4069765e-01;1.8750000e+02;1.7465051e-01;1.8750000e+02;1.2100237e-01;1.8750000e+02;7.4853621e-02;1.8750000e+02;3.2951646e-02;1.8750000e+02;-9.5695108e-03;1.8750000e+02;-5.2950241e-02;1.8750000e+02;-9.5070615e-02;1.8750000e+02;-1.3869116e-01;1.8750000e+02;-5.2848138e-02;1.8750000e+02;-9.8736696e-03;1.8750000e+02;5.3867295e-02;1.8750000e+02;1.3370459e-01;1.8750000e+02;2.1781790e-01;1.8750000e+02;2.6958331e-01;1.8750000e+02;2.8133231e-01;1.8750000e+02;3.2191744e-01;1.8750000e+02;3.1469876e-01;1.8750000e+02;2.4069765e-01;1.8750000e+02;1.7465051e-01;1.8750000e+02;1.2100237e-01;1.8750000e+02;7.4853621e-02;1.8750000e+02;3.2951646e-02;1.8750000e+02;-9.5695108e-03;1.8750000e+02;-5.2950241e-02;1.8750000e+02;-9.5070615e-02;1.8750000e+02;-1.3869116e-01;1.8750000e+02;-5.2848138e-02;1.8750000e+02;-9.8736696e-03;1.8750000e+02;5.3867295e-02;1.8750000e+02;1.3370459e-01;1.8750000e+02;2.1781790e-01;1.8750000e+02;2.6958331e-01;1.8750000e+02;2.8133231e-01;1.8750000e+02;3.2191744e-01;1.8750000e+02;3.1469876e-01;1.8750000e+02;2.4069765e-01;1.8750000e+02;1.7465051e-01;1.8750000e+02;1.2100237e-01;1.8750000e+02;7.4853621e-02;1.8750000e+02;3.2951646e-02;1.8750000e+02;-9.5695108e-03;1.8750000e+02;-5.2950241e-02;1.8750000e+02;-9.5070615e-02;1.8750000e+02;-1.3869116e-01;1.8750000e+02;-5.2848138e-02;1.8750000e+02;-9.8736696e-03;1.8750000e+02;5.3867295e-02;1.8750000e+02;1.3370459e-01;1.8750000e+02;2.1781790e-01;1.8750000e+02;2.6958331e-01;1.8750000e+02;2.8133231e-01;1.8750000e+02;3.2191744e-01;1.8750000e+02;3.1469876e-01;1.8750000e+02;2.4069765e-01;1.8750000e+02;1.7465051e-01;1.8750000e+02;1.2100237e-01;1.8750000e+02;7.4853621e-02;1.8750000e+02;3.2951646e-02;1.8750000e+02;-9.5695108e-03;1.8750000e+02;-5.2950241e-02;1.8750000e+02;-9.5070615e-02;1.8750000e+02;-1.3869116e-01;1.8750000e+02;-5.2848138e-02;1.8750000e+02;-9.8736696e-03;1.8750000e+02;5.3867295e-02;1.8750000e+02;1.3370459e-01;1.8750000e+02;2.1781790e-01;1.8750000e+02;2.6958331e-01;1.8750000e+02;2.8133231e-01;1.8750000e+02;3.2191744e-01;1.8750000e+02;3.1469876e-01;1.8750000e+02;2.4069765e-01;1.8750000e+02;1.7465051e-01;1.8750000e+02;1.2100237e-01;1.8750000e+02;7.4853621e-02;1.8750000e+02;3.2951646e-02;1.8750000e+02;-9.5695108e-03;1.8750000e+02;-5.2950241e-02;1.8750000e+02;-9.5070615e-02;1.8750000e+02;-1.3869116e-01;1.8750000e+02;-5.2848138e-02;1.8750000e+02;-9.8736696e-03;1.8750000e+02;5.3867295e-02;1.8750000e+02;1.3370459e-01;1.8750000e+02;2.1781790e-01;1.8750000e+02;2.6958331e-01;1.8750000e+02;2.8133231e-01;1.8750000e+02;3.2191744e-01;1.8750000e+02;3.1469876e-01;1.8750000e+02;2.4069765e-01;1.8750000e+02;1.7465051e-01;1.8750000e+02;1.2100237e-01;1.8750000e+02;7.4853621e-02;1.8750000e+02;3.2951646e-02;1.8750000e+02;-9.5695108e-03;1.8750000e+02;-5.2950241e-02;1.8750000e+02;-9.5070615e-02;1.8750000e+02;-1.3869116e-01;1.8750000e+02;-5.2848138e-02;1.8750000e+02;-9.8736696e-03;1.8750000e+02;5.3867295e-02;1.8750000e+02;1.3370459e-01;1.8750000e+02;2.1781790e-01;1.8750000e+02;2.6958331e-01;1.8750000e+02;2.8133231e-01;1.8750000e+02;3.2191744e-01;1.8750000e+02;3.1469876e-01;1.8750000e+02;2.4069765e-01;1.8750000e+02;1.7465051e-01;1.8750000e+02;1.2100237e-01;1.8750000e+02;7.4853621e-02;1.8750000e+02;3.2951646e-02;1.8750000e+02;-9.5695108e-03;1.8750000e+02;-5.2950241e-02;1.8750000e+02;-9.5070615e-02;1.8750000e+02;-1.3869116e-01;1.8750000e+02;-5.2848138e-02;1.8750000e+02;-9.8736696e-03;1.8750000e+02;5.3867295e-02;1.8750000e+02;1.3370459e-01;1.8750000e+02;2.1781790e-01;1.8750000e+02;2.6958331e-01;1.8750000e+02;2.8133231e-01;1.8750000e+02;3.2191744e-01;1.8750000e+02;3.1469876e-01;1.8750000e+02;2.4069765e-01;1.8750000e+02;1.7465051e-01;1.8750000e+02;1.2100237e-01;1.8750000e+02;7.4853621e-02;1.8750000e+02;3.2951646e-02;1.8750000e+02;-9.5695108e-03;1.8750000e+02;-5.2950241e-02;1.8750000e+02;-9.5070615e-02;1.8750000e+02;-1.3869116e-01;1.8750000e+02;-5.2848138e-02;1.8750000e+02;-9.8736696e-03;1.8750000e+02;5.3867295e-02;1.8750000e+02;1.3370459e-01;1.8750000e+02;2.1781790e-01;1.8750000e+02;2.6958331e-01;1.8750000e+02;2.8133231e-01;1.8750000e+02;3.2191744e-01;1.8750000e+02;3.1469876e-01;1.8750000e+02;2.4069765e-01;1.8750000e+02;1.7465051e-01;1.8750000e+02;1.2100237e-01;1.8750000e+02;7.4853621e-02;1.8750000e+02;3.2951646e-02;1.8750000e+02;-9.5695108e-03;1.8750000e+02;-5.2950241e-02;1.8750000e+02;-9.5070615e-02;1.8750000e+02;-1.3869116e-01;1.8750000e+02;-5.2848138e-02;1.8750000e+02;-9.8736696e-03;1.8750000e+02;5.3867295e-02;1.8750000e+02;1.3370459e-01;1.8750000e+02;2.1781790e-01;1.8750000e+02;2.6958331e-01;1.8750000e+02;2.8133231e-01;1.8750000e+02;3.2191744e-01;1.8750000e+02;3.1469876e-01;1.8750000e+02;2.4069765e-01;1.8750000e+02;1.7465051e-01;1.8750000e+02;1.2100237e-01;1.8750000e+02;7.4853621e-02;1.8750000e+02;3.2951646e-02;1.8750000e+02;-9.5695108e-03;1.8750000e+02;-5.2950241e-02;1.8750000e+02;-9.5070615e-02;1.8750000e+02;-1.3869116e-01;1.8750000e+02;-5.2848138e-02;1.8750000e+02;-9.8736696e-03;1.8750000e+02;5.3867295e-02;1.8750000e+02;1.3370459e-01;1.8750000e+02;2.1781790e-01;1.8750000e+02;2.6958331e-01;1.8750000e+02;2.8133231e-01;1.8750000e+02;3.2191744e-01;1.8750000e+02;3.1469876e-01;1.8750000e+02;2.4069765e-01;1.8750000e+02;1.7465051e-01;1.8750000e+02;1.2100237e-01;1.8750000e+02;7.4853621e-02;1.8750000e+02;3.2951646e-02;1.8750000e+02;-9.5695108e-03;1.8750000e+02;-5.2950241e-02;1.8750000e+02;-9.5070615e-02;1.8750000e+02;-1.3869116e-01;1.8750000e+02;-5.2848138e-02;1.8750000e+02;-9.8736696e-03;1.8750000e+02;5.3867295e-02;1.8750000e+02;1.3370459e-01;1.8750000e+02;2.1781790e-01;1.8750000e+02;2.6958331e-01;1.8750000e+02;2.8133231e-01;1.8750000e+02;3.2191744e-01;1.8750000e+02;3.1469876e-01;1.8750000e+02;2.4069765e-01;1.8750000e+02;1.7465051e-01;1.8750000e+02;1.2100237e-01;1.8750000e+02;7.4853621e-02;1.8750000e+02;3.2951646e-02;1.8750000e+02;-9.5695108e-03;1.8750000e+02;-5.2950241e-02;1.8750000e+02;-9.5070615e-02;1.8750000e+02;-1.3869116e-01;1.8750000e+02;-5.2848138e-02;1.8750000e+02;-9.8736696e-03;1.8750000e+02;5.3867295e-02;1.8750000e+02;1.3370459e-01;1.8750000e+02;2.1781790e-01;1.8750000e+02;2.6958331e-01;1.8750000e+02;2.8133231e-01;1.8750000e+02;3.2191744e-01;1.8750000e+02;3.1469876e-01;1.8750000e+02;2.4069765e-01;1.8750000e+02;1.7465051e-01;1.8750000e+02;1.2100237e-01;1.8750000e+02;7.4853621e-02;1.8750000e+02;3.2951646e-02;1.8750000e+02;-9.5695108e-03;1.8750000e+02;-5.2950241e-02;1.8750000e+02;-9.5070615e-02;1.8750000e+02;-1.3869116e-01;1.8750000e+02;-5.2848138e-02;1.8750000e+02;-9.8736696e-03;1.8750000e+02;5.3867295e-02;1.8750000e+02;1.3370459e-01;1.8750000e+02;2.1781790e-01;1.8750000e+02;2.6958331e-01;1.8750000e+02;2.8133231e-01;1.8750000e+02;3.2191744e-01;1.8750000e+02;3.1469876e-01;1.8750000e+02;2.4069765e-01;1.8750000e+02;1.7465051e-01;1.8750000e+02;1.2100237e-01;1.8750000e+02;7.4853621e-02;1.8750000e+02;3.2951646e-02;1.8750000e+02;-9.5695108e-03;1.8750000e+02;-5.2950241e-02;1.8750000e+02;-9.5070615e-02;1.8750000e+02;-1.3869116e-01;1.8750000e+02;-5.2848138e-02;1.8750000e+02;-9.8736696e-03;1.8750000e+02;5.3867295e-02;1.8750000e+02;1.3370459e-01;1.8750000e+02;2.1781790e-01;1.8750000e+02;2.6958331e-01;1.8750000e+02;2.8133231e-01;1.8750000e+02;3.2191744e-01;1.8750000e+02;3.1469876e-01;1.8750000e+02;2.4069765e-01;1.8750000e+02;1.7465051e-01;1.8750000e+02;1.2100237e-01;1.8750000e+02;7.4853621e-02;1.8750000e+02;3.2951646e-02;1.8750000e+02;-9.5695108e-03;1.8750000e+02;-5.2950241e-02;1.8750000e+02;-9.5070615e-02;1.8750000e+02;-1.3869116e-01;1.8750000e+02;-5.2848138e-02;1.8750000e+02;-9.8736696e-03;1.8750000e+02;5.3867295e-02;1.8750000e+02;1.3370459e-01;1.8750000e+02;2.1781790e-01;1.8750000e+02;2.6958331e-01;1.8750000e+02;2.8133231e-01;1.8750000e+02;3.2191744e-01;1.8750000e+02;3.1469876e-01;1.8750000e+02;2.4069765e-01;1.8750000e+02;1.7465051e-01;1.8750000e+02;1.2100237e-01;1.8750000e+02;7.4853621e-02;1.8750000e+02;3.2951646e-02;1.8750000e+02;-9.5695108e-03;1.8750000e+02;-5.2950241e-02;1.8750000e+02;-9.5070615e-02;1.8750000e+02;-1.3869116e-01;1.8750000e+02;-5.2848138e-02;1.8750000e+02;-9.8736696e-03;1.8750000e+02;5.3867295e-02;1.8750000e+02;1.3370459e-01;1.8750000e+02;2.1781790e-01;1.8750000e+02;2.6958331e-01;1.8750000e+02;2.8133231e-01;1.8750000e+02;3.2191744e-01;1.8750000e+02;3.1469876e-01;1.8750000e+02;2.4069765e-01;1.8750000e+02;1.7465051e-01;1.8750000e+02;1.2100237e-01;1.8750000e+02;7.4853621e-02;1.8750000e+02;3.2951646e-02;1.8750000e+02;-9.5695108e-03;1.8750000e+02;-5.2950241e-02;1.8750000e+02;-9.5070615e-02;1.8750000e+02;-1.3869116e-01;1.8750000e+02;-5.2848138e-02;1.8750000e+02;-9.8736696e-03;1.8750000e+02;5.3867295e-02;1.8750000e+02;1.3370459e-01;1.8750000e+02;2.1781790e-01;1.8750000e+02;2.6958331e-01;1.8750000e+02;2.8133231e-01;1.8750000e+02;3.2191744e-01;1.8750000e+02;3.1469876e-01;1.8750000e+02;2.4069765e-01;1.8750000e+02;1.7465051e-01;1.8750000e+02;1.2100237e-01;1.8750000e+02;7.4853621e-02;1.8750000e+02;3.2951646e-02;1.8750000e+02;-9.5695108e-03;1.8750000e+02;-5.2950241e-02;1.8750000e+02;-9.5070615e-02;1.8750000e+02;-1.3869116e-01;1.8750000e+02;-5.2848138e-02;1.8750000e+02;-9.8736696e-03;1.8750000e+02;5.3867295e-02;1.8750000e+02;1.3370459e-01;1.8750000e+02;2.1781790e-01;1.8750000e+02;2.6958331e-01;1.8750000e+02;2.8133231e-01;1.8750000e+02;3.2191744e-01;1.8750000e+02;3.1469876e-01;1.8750000e+02;2.4069765e-01;1.8750000e+02;1.7465051e-01;1.8750000e+02;1.2100237e-01;1.8750000e+02;7.4853621e-02;1.8750000e+02;3.2951646e-02;1.8750000e+02;-9.5695108e-03;1.8750000e+02;-5.2950241e-02;1.8750000e+02;-9.5070615e-02;1.8750000e+02;-1.3869116e-01;1.8750000e+02;-5.2848138e-02;1.8750000e+02;-9.8736696e-03;1.8750000e+02;5.3867295e-02;1.8750000e+02;1.3370459e-01;1.8750000e+02;2.1781790e-01;1.8750000e+02;2.6958331e-01;1.8750000e+02;2.8133231e-01;1.8750000e+02;3.2191744e-01;1.8750000e+02;3.1469876e-01;1.8750000e+02;2.4069765e-01;1.8750000e+02;1.7465051e-01;1.8750000e+02;1.2100237e-01;1.8750000e+02;7.4853621e-02;1.8750000e+02;3.2951646e-02;1.8750000e+02;-9.5695108e-03;1.8750000e+02;-5.2950241e-02;1.8750000e+02;-9.5070615e-02;1.8750000e+02;-1.3869116e-01;1.8750000e+02;-5.2848138e-02;1.8750000e+02;-9.8736696e-03;1.8750000e+02;5.3867295e-02;1.8750000e+02;1.3370459e-01;1.8750000e+02;2.1781790e-01;1.8750000e+02;2.6958331e-01;1.8750000e+02;2.8133231e-01;1.8750000e+02;3.2191744e-01;1.8750000e+02;3.1469876e-01;1.8750000e+02;2.4069765e-01;1.8750000e+02;1.7465051e-01;1.8750000e+02;1.2100237e-01;1.8750000e+02;7.4853621e-02;1.8750000e+02;3.2951646e-02;1.8750000e+02;-9.5695108e-03;1.8750000e+02;-5.2950241e-02;1.8750000e+02;-9.5070615e-02;1.8750000e+02;-1.3869116e-01;1.8750000e+02;-5.2848138e-02;1.8750000e+02;-9.8736696e-03;1.8750000e+02;5.3867295e-02;1.8750000e+02;1.3370459e-01;1.8750000e+02;2.1781790e-01;1.8750000e+02;2.6958331e-01;1.8750000e+02;2.8133231e-01;1.8750000e+02;3.2191744e-01;1.8750000e+02;3.1469876e-01;1.8750000e+02;2.4069765e-01;1.8750000e+02;1.7465051e-01;1.8750000e+02;1.2100237e-01;1.8750000e+02;7.4853621e-02;1.8750000e+02;3.2951646e-02;1.8750000e+02;-9.5695108e-03;1.8750000e+02;-5.2950241e-02;1.8750000e+02;-9.5070615e-02;1.8750000e+02;-1.3869116e-01;1.8750000e+02;-5.2848138e-02;1.8750000e+02;-9.8736696e-03;1.8750000e+02;5.3867295e-02;1.8750000e+02;1.3370459e-01;1.8750000e+02;2.1781790e-01;1.8750000e+02;2.6958331e-01;1.8750000e+02;2.8133231e-01;1.8750000e+02;3.2191744e-01;1.8750000e+02;3.1469876e-01;1.8750000e+02;2.4069765e-01;1.8750000e+02;1.7465051e-01;1.8750000e+02;1.2100237e-01;1.8750000e+02;7.4853621e-02;1.8750000e+02;3.2951646e-02;1.8750000e+02;-9.5695108e-03;1.8750000e+02;-5.2950241e-02;1.8750000e+02;-9.5070615e-02;1.8750000e+02;-1.3869116e-01;1.8750000e+02;-5.2848138e-02;1.8750000e+02;-9.8736696e-03;1.8750000e+02;5.3867295e-02;1.8750000e+02;1.3370459e-01;1.8750000e+02;2.1781790e-01;1.8750000e+02;2.6958331e-01;1.8750000e+02;2.8133231e-01;1.8750000e+02;3.2191744e-01;1.8750000e+02;3.1469876e-01;1.8750000e+02;2.4069765e-01;1.8750000e+02;1.7465051e-01;1.8750000e+02;1.2100237e-01;1.8750000e+02;7.4853621e-02;1.8750000e+02;3.2951646e-02;1.8750000e+02;-9.5695108e-03;1.8750000e+02;-5.2950241e-02;1.8750000e+02;-9.5070615e-02;1.8750000e+02;-1.3869116e-01;1.8750000e+02;-5.2848138e-02;1.8750000e+02;-9.8736696e-03;1.8750000e+02;5.3867295e-02;1.8750000e+02;1.3370459e-01;1.8750000e+02;2.1781790e-01;1.8750000e+02;2.6958331e-01;1.8750000e+02;2.8133231e-01;1.8750000e+02;3.2191744e-01;1.8750000e+02;3.1469876e-01;1.8750000e+02;2.4069765e-01;1.8750000e+02;1.7465051e-01;1.8750000e+02;1.2100237e-01;1.8750000e+02;7.4853621e-02;1.8750000e+02;3.2951646e-02;1.8750000e+02;-9.5695108e-03;1.8750000e+02;-5.2950241e-02;1.8750000e+02;-9.5070615e-02;1.8750000e+02;-1.3869116e-01;1.8750000e+02;-5.2848138e-02;1.8750000e+02;-9.8736696e-03;1.8750000e+02;5.3867295e-02;1.8750000e+02;1.3370459e-01;1.8750000e+02;2.1781790e-01;1.8750000e+02;2.6958331e-01;1.8750000e+02;2.8133231e-01;1.8750000e+02;3.2191744e-01;1.8750000e+02;3.1469876e-01;1.8750000e+02;2.4069765e-01;1.8750000e+02;1.7465051e-01;1.8750000e+02;1.2100237e-01;1.8750000e+02;7.4853621e-02;1.8750000e+02;3.2951646e-02;1.8750000e+02;-9.5695108e-03;1.8750000e+02;-5.2950241e-02;1.8750000e+02;-9.5070615e-02;1.8750000e+02;-1.3869116e-01;1.8750000e+02;-5.2848138e-02;1.8750000e+02;-9.8736696e-03;1.8750000e+02;5.3867295e-02;1.8750000e+02;1.3370459e-01;1.8750000e+02;2.1781790e-01;1.8750000e+02;2.6958331e-01;1.8750000e+02;2.8133231e-01;1.8750000e+02;3.2191744e-01;1.8750000e+02;3.1469876e-01;1.8750000e+02;2.4069765e-01;1.8750000e+02;1.7465051e-01;1.8750000e+02;1.2100237e-01;1.8750000e+02;7.4853621e-02;1.8750000e+02;3.2951646e-02;1.8750000e+02;-9.5695108e-03;1.8750000e+02;-5.2950241e-02;1.8750000e+02;-9.5070615e-02;1.8750000e+02;-1.3869116e-01;1.8750000e+02;-5.2848138e-02;1.8750000e+02;-9.8736696e-03;1.8750000e+02;5.3867295e-02;1.8750000e+02;1.3370459e-01;1.8750000e+02;2.1781790e-01;1.8750000e+02;2.6958331e-01;1.8750000e+02;2.8133231e-01;1.8750000e+02;3.2191744e-01;1.8750000e+02;3.1469876e-01;1.8750000e+02;2.4069765e-01;1.8750000e+02;1.7465051e-01;1.8750000e+02;1.2100237e-01;1.8750000e+02;7.4853621e-02;1.8750000e+02;3.2951646e-02;1.8750000e+02;-9.5695108e-03;1.8750000e+02;-5.2950241e-02;1.8750000e+02;-9.5070615e-02;1.8750000e+02;-1.3869116e-01;1.8750000e+02;-5.2848138e-02;1.8750000e+02;-9.8736696e-03;1.8750000e+02;5.3867295e-02;1.8750000e+02;1.3370459e-01;1.8750000e+02;2.1781790e-01;1.8750000e+02;2.6958331e-01;1.8750000e+02;2.8133231e-01;1.8750000e+02;3.2191744e-01;1.8750000e+02;3.1469876e-01;1.8750000e+02;2.4069765e-01;1.8750000e+02;1.7465051e-01;1.8750000e+02;1.2100237e-01;1.8750000e+02;7.4853621e-02;1.8750000e+02;3.2951646e-02;1.8750000e+02;-9.5695108e-03;1.8750000e+02;-5.2950241e-02;1.8750000e+02;-9.5070615e-02;1.8750000e+02;-1.3869116e-01;1.8750000e+02;-5.2848138e-02;1.8750000e+02;-9.8736696e-03;1.8750000e+02;5.3867295e-02;1.8750000e+02;1.3370459e-01;1.8750000e+02;2.1781790e-01;1.8750000e+02;2.6958331e-01;1.8750000e+02;2.8133231e-01;1.8750000e+02;3.2191744e-01;1.8750000e+02;3.1469876e-01;1.8750000e+02;2.4069765e-01;1.8750000e+02;1.7465051e-01;1.8750000e+02;1.2100237e-01;1.8750000e+02;7.4853621e-02;1.8750000e+02;3.2951646e-02;1.8750000e+02;-9.5695108e-03;1.8750000e+02;-5.2950241e-02;1.8750000e+02;-9.5070615e-02;1.8750000e+02;-1.3869116e-01;1.8750000e+02;-5.2848138e-02;1.8750000e+02;-9.8736696e-03;1.8750000e+02;5.3867295e-02;1.8750000e+02;1.3370459e-01;1.8750000e+02;2.1781790e-01;1.8750000e+02;2.6958331e-01;1.8750000e+02;2.8133231e-01;1.8750000e+02;3.2191744e-01;1.8750000e+02;3.1469876e-01;1.8750000e+02;2.4069765e-01;1.8750000e+02;1.7465051e-01;1.8750000e+02;1.2100237e-01;1.8750000e+02;7.4853621e-02;1.8750000e+02;3.2951646e-02;1.8750000e+02;-9.5695108e-03;1.8750000e+02;-5.2950241e-02;1.8750000e+02;-9.5070615e-02;1.8750000e+02;-1.3869116e-01;1.8750000e+02;-5.2848138e-02;1.8750000e+02;-9.8736696e-03;1.8750000e+02;5.3867295e-02;1.8750000e+02;1.3370459e-01;1.8750000e+02;2.1781790e-01;1.8750000e+02;2.6958331e-01;1.8750000e+02;2.8133231e-01;1.8750000e+02;3.2191744e-01;1.8750000e+02;3.1469876e-01;1.8750000e+02;2.4069765e-01;1.8750000e+02;1.7465051e-01;1.8750000e+02;1.2100237e-01;1.8750000e+02;7.4853621e-02;1.8750000e+02;3.2951646e-02;1.8750000e+02;-9.5695108e-03;1.8750000e+02;-5.2950241e-02;1.8750000e+02;-9.5070615e-02;1.8750000e+02;-1.3869116e-01;1.8750000e+02;-5.2848138e-02;1.8750000e+02;-9.8736696e-03;1.8750000e+02;5.3867295e-02;1.8750000e+02;1.3370459e-01;1.8750000e+02;2.1781790e-01;1.8750000e+02;2.6958331e-01;1.8750000e+02;2.8133231e-01;1.8750000e+02;3.2191744e-01;1.8750000e+02;3.1469876e-01;1.8750000e+02;2.4069765e-01;1.8750000e+02;1.7465051e-01;1.8750000e+02;1.2100237e-01;1.8750000e+02;7.4853621e-02;1.8750000e+02;3.2951646e-02;1.8750000e+02;-9.5695108e-03;1.8750000e+02;-5.2950241e-02;1.8750000e+02;-9.5070615e-02;1.8750000e+02;-1.3869116e-01;1.8750000e+02;-5.2848138e-02;1.8750000e+02;-9.8736696e-03;1.8750000e+02;5.3867295e-02;1.8750000e+02;1.3370459e-01;1.8750000e+02;2.1781790e-01;1.8750000e+02;2.6958331e-01;1.8750000e+02;2.8133231e-01;1.8750000e+02;3.2191744e-01;1.8750000e+02;3.1469876e-01;1.8750000e+02;2.4069765e-01;1.8750000e+02;1.7465051e-01;1.8750000e+02;1.2100237e-01;1.8750000e+02;7.4853621e-02;1.8750000e+02;3.2951646e-02;1.8750000e+02;-9.5695108e-03;1.8750000e+02;-5.2950241e-02;1.8750000e+02;-9.5070615e-02;1.8750000e+02;-1.3869116e-01;1.8750000e+02;-5.2848138e-02;1.8750000e+02;-9.8736696e-03;1.8750000e+02;5.3867295e-02;1.8750000e+02;1.3370459e-01;1.8750000e+02;2.1781790e-01;1.8750000e+02;2.6958331e-01;1.8750000e+02;2.8133231e-01;1.8750000e+02;3.2191744e-01;1.8750000e+02;3.1469876e-01;1.8750000e+02;2.4069765e-01;1.8750000e+02;1.7465051e-01;1.8750000e+02;1.2100237e-01;1.8750000e+02;7.4853621e-02;1.8750000e+02;3.2951646e-02;1.8750000e+02;-9.5695108e-03;1.8750000e+02;-5.2950241e-02;1.8750000e+02;-9.5070615e-02;1.8750000e+02;-1.3869116e-01;1.8750000e+02;-5.2848138e-02;1.8750000e+02;-9.8736696e-03;1.8750000e+02;5.3867295e-02;1.8750000e+02;1.3370459e-01;1.8750000e+02;2.1781790e-01;1.8750000e+02;2.6958331e-01;1.8750000e+02;2.8133231e-01;1.8750000e+02;3.2191744e-01;1.8750000e+02;3.1469876e-01;1.8750000e+02;2.4069765e-01;1.8750000e+02;1.7465051e-01;1.8750000e+02;1.2100237e-01;1.8750000e+02;7.4853621e-02;1.8750000e+02;3.2951646e-02;1.8750000e+02;-9.5695108e-03;1.8750000e+02;-5.2950241e-02;1.8750000e+02;-9.5070615e-02;1.8750000e+02;-1.3869116e-01;1.8750000e+02;-5.2848138e-02;1.8750000e+02;-9.8736696e-03;1.8750000e+02;5.3867295e-02;1.8750000e+02;1.3370459e-01;1.8750000e+02;2.1781790e-01;1.8750000e+02;2.6958331e-01;1.8750000e+02;2.8133231e-01;1.8750000e+02;3.2191744e-01;1.8750000e+02;3.1469876e-01;1.8750000e+02;2.4069765e-01;1.8750000e+02;1.7465051e-01;1.8750000e+02;1.2100237e-01;1.8750000e+02;7.4853621e-02;1.8750000e+02;3.2951646e-02;1.8750000e+02;-9.5695108e-03;1.8750000e+02;-5.2950241e-02;1.8750000e+02;-9.5070615e-02;1.8750000e+02;-1.3869116e-01;1.8750000e+02;-5.2848138e-02;1.8750000e+02;-9.8736696e-03;1.8750000e+02;5.3867295e-02;1.8750000e+02;1.3370459e-01;1.8750000e+02;2.1781790e-01;1.8750000e+02;2.6958331e-01;1.8750000e+02;2.8133231e-01;1.8750000e+02;3.2191744e-01;1.8750000e+02;3.1469876e-01;1.8750000e+02;2.4069765e-01;1.8750000e+02;1.7465051e-01;1.8750000e+02;1.2100237e-01;1.8750000e+02;7.4853621e-02;1.8750000e+02;3.2951646e-02;1.8750000e+02;-9.5695108e-03;1.8750000e+02;-5.2950241e-02;1.8750000e+02;-9.5070615e-02;1.8750000e+02;-1.3869116e-01;1.8750000e+02;-5.2848138e-02;1.8750000e+02;-9.8736696e-03;1.8750000e+02;5.3867295e-02;1.8750000e+02;1.3370459e-01;1.8750000e+02;2.1781790e-01;1.8750000e+02;2.6958331e-01;1.8750000e+02;2.8133231e-01;1.8750000e+02;3.2191744e-01;1.8750000e+02;3.1469876e-01;1.8750000e+02;2.4069765e-01;1.8750000e+02;1.7465051e-01;1.8750000e+02;1.2100237e-01;1.8750000e+02;7.4853621e-02;1.8750000e+02;3.2951646e-02;1.8750000e+02;-9.5695108e-03;1.8750000e+02;-5.2950241e-02;1.8750000e+02;-9.5070615e-02;1.8750000e+02;-1.3869116e-01;1.8750000e+02;-5.2848138e-02;1.8750000e+02;-9.8736696e-03;1.8750000e+02;5.3867295e-02;1.8750000e+02;1.3370459e-01;1.8750000e+02;2.1781790e-01;1.8750000e+02;2.6958331e-01;1.8750000e+02;2.8133231e-01;1.8750000e+02;3.2191744e-01;1.8750000e+02;3.1469876e-01;1.8750000e+02;2.4069765e-01;1.8750000e+02;1.7465051e-01;1.8750000e+02;1.2100237e-01;1.8750000e+02;7.4853621e-02;1.8750000e+02;3.2951646e-02;1.8750000e+02;-9.5695108e-03;1.8750000e+02;-5.2950241e-02;1.8750000e+02;-9.5070615e-02;1.8750000e+02;-1.3869116e-01;1.8750000e+02;-5.2848138e-02;1.8750000e+02;-9.8736696e-03;1.8750000e+02;5.3867295e-02;1.8750000e+02;1.3370459e-01;1.8750000e+02;2.1781790e-01;1.8750000e+02;2.6958331e-01;1.8750000e+02;2.8133231e-01;1.8750000e+02;3.2191744e-01;1.8750000e+02;3.1469876e-01;1.8750000e+02;2.4069765e-01;1.8750000e+02;1.7465051e-01;1.8750000e+02;1.2100237e-01;1.8750000e+02;7.4853621e-02;1.8750000e+02;3.2951646e-02;1.8750000e+02;-9.5695108e-03;1.8750000e+02;-5.2950241e-02;1.8750000e+02;-9.5070615e-02;1.8750000e+02;-1.3869116e-01;1.8750000e+02;-5.2848138e-02;1.8750000e+02;-9.8736696e-03;1.8750000e+02;5.3867295e-02;1.8750000e+02;1.3370459e-01;1.8750000e+02;2.1781790e-01;1.8750000e+02;2.6958331e-01;1.8750000e+02;2.8133231e-01;1.8750000e+02;3.2191744e-01;1.8750000e+02;3.1469876e-01;1.8750000e+02;2.4069765e-01;1.8750000e+02;1.7465051e-01;1.8750000e+02;1.2100237e-01;1.8750000e+02;7.4853621e-02;1.8750000e+02;3.2951646e-02;1.8750000e+02;-9.5695108e-03;1.8750000e+02;-5.2950241e-02;1.8750000e+02;-9.5070615e-02;1.8750000e+02;-1.3869116e-01;1.8750000e+02;-5.2848138e-02;1.8750000e+02;-9.8736696e-03;1.8750000e+02;5.3867295e-02;1.8750000e+02;1.3370459e-01;1.8750000e+02;2.1781790e-01;1.8750000e+02;2.6958331e-01;1.8750000e+02;2.8133231e-01;1.8750000e+02;3.2191744e-01;1.8750000e+02;3.1469876e-01;1.8750000e+02;2.4069765e-01;1.8750000e+02;1.7465051e-01;1.8750000e+02;1.2100237e-01;1.8750000e+02;7.4853621e-02;1.8750000e+02;3.2951646e-02;1.8750000e+02;-9.5695108e-03;1.8750000e+02;-5.2950241e-02;1.8750000e+02;-9.5070615e-02;1.8750000e+02;-1.3869116e-01;1.8750000e+02;-5.2848138e-02;1.8750000e+02;-9.8736696e-03;1.8750000e+02;5.3867295e-02;1.8750000e+02;1.3370459e-01;1.8750000e+02;2.1781790e-01;1.8750000e+02;2.6958331e-01;1.8750000e+02;2.8133231e-01;1.8750000e+02;3.2191744e-01;1.8750000e+02;3.1469876e-01;1.8750000e+02;2.4069765e-01;1.8750000e+02;1.7465051e-01;1.8750000e+02;1.2100237e-01;1.8750000e+02;7.4853621e-02;1.8750000e+02;3.2951646e-02;1.8750000e+02;-9.5695108e-03;1.8750000e+02;-5.2950241e-02;1.8750000e+02;-9.5070615e-02;1.8750000e+02;-1.3869116e-01;1.8750000e+02;-5.2848138e-02;1.8750000e+02;-9.8736696e-03;1.8750000e+02;5.3867295e-02;1.8750000e+02;1.3370459e-01;1.8750000e+02;2.1781790e-01;1.8750000e+02;2.6958331e-01;1.8750000e+02;2.8133231e-01;1.8750000e+02;3.2191744e-01;1.8750000e+02;3.1469876e-01;1.8750000e+02;2.4069765e-01;1.8750000e+02;1.7465051e-01;1.8750000e+02;1.2100237e-01;1.8750000e+02;7.4853621e-02;1.8750000e+02;3.2951646e-02;1.8750000e+02;-9.5695108e-03;1.8750000e+02;-5.2950241e-02;1.8750000e+02;-9.5070615e-02;1.8750000e+02;-1.3869116e-01;1.8750000e+02;-5.2848138e-02;1.8750000e+02;-9.8736696e-03;1.8750000e+02;5.3867295e-02;1.8750000e+02;1.3370459e-01;1.8750000e+02;2.1781790e-01;1.8750000e+02;2.6958331e-01;1.8750000e+02;2.8133231e-01;1.8750000e+02;3.2191744e-01;1.8750000e+02;3.1469876e-01;1.8750000e+02;2.4069765e-01;1.8750000e+02;1.7465051e-01;1.8750000e+02;1.2100237e-01;1.8750000e+02;7.4853621e-02;1.8750000e+02;3.2951646e-02;1.8750000e+02;-9.5695108e-03;1.8750000e+02;-5.2950241e-02;1.8750000e+02;-9.5070615e-02;1.8750000e+02;-1.3869116e-01;1.8750000e+02;-5.2848138e-02;1.8750000e+02;-9.8736696e-03;1.8750000e+02;5.3867295e-02;1.8750000e+02;1.3370459e-01;1.8750000e+02;2.1781790e-01;1.8750000e+02;2.6958331e-01;1.8750000e+02;2.8133231e-01;1.8750000e+02;3.2191744e-01;1.8750000e+02;3.1469876e-01;1.8750000e+02;2.4069765e-01;1.8750000e+02;1.7465051e-01;1.8750000e+02;1.2100237e-01;1.8750000e+02;7.4853621e-02;1.8750000e+02;3.2951646e-02;1.8750000e+02;-9.5695108e-03;1.8750000e+02;-5.2950241e-02;1.8750000e+02;-9.5070615e-02;1.8750000e+02;-1.3869116e-01;1.8750000e+02;-5.2848138e-02;1.8750000e+02;-9.8736696e-03;1.8750000e+02;5.3867295e-02;1.8750000e+02;1.3370459e-01;1.8750000e+02;2.1781790e-01;1.8750000e+02;2.6958331e-01;1.8750000e+02;2.8133231e-01;1.8750000e+02;3.2191744e-01;1.8750000e+02;3.1469876e-01;1.8750000e+02;2.4069765e-01;1.8750000e+02;1.7465051e-01;1.8750000e+02;1.2100237e-01;1.8750000e+02;7.4853621e-02;1.8750000e+02;3.2951646e-02;1.8750000e+02;-9.5695108e-03;1.8750000e+02;-5.2950241e-02;1.8750000e+02;-9.5070615e-02;1.8750000e+02;-1.3869116e-01;1.8750000e+02;-5.2848138e-02;1.8750000e+02;-9.8736696e-03;1.8750000e+02;5.3867295e-02;1.8750000e+02;1.3370459e-01;1.8750000e+02;2.1781790e-01;1.8750000e+02;2.6958331e-01;1.8750000e+02;2.8133231e-01;1.8750000e+02;3.2191744e-01;1.8750000e+02;3.1469876e-01;1.8750000e+02;2.4069765e-01;1.8750000e+02;1.7465051e-01;1.8750000e+02;1.2100237e-01;1.8750000e+02;7.4853621e-02;1.8750000e+02;3.2951646e-02;1.8750000e+02;-9.5695108e-03;1.8750000e+02;-5.2950241e-02;1.8750000e+02;-9.5070615e-02;1.8750000e+02;-1.3869116e-01;1.8750000e+02;-5.2848138e-02;1.8750000e+02;-9.8736696e-03;1.8750000e+02;5.3867295e-02;1.8750000e+02;1.3370459e-01;1.8750000e+02;2.1781790e-01;1.8750000e+02;2.6958331e-01;1.8750000e+02;2.8133231e-01;1.8750000e+02;3.2191744e-01;1.8750000e+02;3.1469876e-01;1.8750000e+02;2.4069765e-01;1.8750000e+02;1.7465051e-01;1.8750000e+02;1.2100237e-01;1.8750000e+02;7.4853621e-02;1.8750000e+02;3.2951646e-02;1.8750000e+02;-9.5695108e-03;1.8750000e+02;-5.2950241e-02;1.8750000e+02;-9.5070615e-02;1.8750000e+02;-1.3869116e-01;1.8750000e+02;-5.2848138e-02;1.8750000e+02;-9.8736696e-03;1.8750000e+02;5.3867295e-02;1.8750000e+02;1.3370459e-01;1.8750000e+02;2.1781790e-01;1.8750000e+02;2.6958331e-01;1.8750000e+02;2.8133231e-01;1.8750000e+02;3.2191744e-01;1.8750000e+02;3.1469876e-01;1.8750000e+02;2.4069765e-01;1.8750000e+02;1.7465051e-01;1.8750000e+02;1.2100237e-01;1.8750000e+02;7.4853621e-02;1.8750000e+02;3.2951646e-02;1.8750000e+02;-9.5695108e-03;1.8750000e+02;-5.2950241e-02;1.8750000e+02;-9.5070615e-02;1.8750000e+02;-1.3869116e-01;1.8750000e+02;-5.2848138e-02;1.8750000e+02;-9.8736696e-03;1.8750000e+02;5.3867295e-02;1.8750000e+02;1.3370459e-01;1.8750000e+02;2.1781790e-01;1.8750000e+02;2.6958331e-01;1.8750000e+02;2.8133231e-01;1.8750000e+02;3.2191744e-01;1.8750000e+02;3.1469876e-01;1.8750000e+02;2.4069765e-01;1.8750000e+02;1.7465051e-01;1.8750000e+02;1.2100237e-01;1.8750000e+02;7.4853621e-02;1.8750000e+02;3.2951646e-02;1.8750000e+02;-9.5695108e-03;1.8750000e+02;-5.2950241e-02;1.8750000e+02;-9.5070615e-02;1.8750000e+02;-1.3869116e-01;1.8750000e+02;-5.2848138e-02;1.8750000e+02;-9.8736696e-03;1.8750000e+02;5.3867295e-02;1.8750000e+02;1.3370459e-01;1.8750000e+02;2.1781790e-01;1.8750000e+02;2.6958331e-01;1.8750000e+02;2.8133231e-01;1.8750000e+02;3.2191744e-01;1.8750000e+02;3.1469876e-01;1.8750000e+02;2.4069765e-01;1.8750000e+02;1.7465051e-01;1.8750000e+02;1.2100237e-01;1.8750000e+02;7.4853621e-02;1.8750000e+02;3.2951646e-02;1.8750000e+02;-9.5695108e-03;1.8750000e+02;-5.2950241e-02;1.8750000e+02;-9.5070615e-02;1.8750000e+02;-1.3869116e-01;1.8750000e+02;-5.2848138e-02;1.8750000e+02;-9.8736696e-03;1.8750000e+02;5.3867295e-02;1.8750000e+02;1.3370459e-01;1.8750000e+02;2.1781790e-01;1.8750000e+02;2.6958331e-01;1.8750000e+02;2.8133231e-01;1.8750000e+02;3.2191744e-01;1.8750000e+02;3.1469876e-01;1.8750000e+02;2.4069765e-01;1.8750000e+02;1.7465051e-01;1.8750000e+02;1.2100237e-01;1.8750000e+02;7.4853621e-02;1.8750000e+02;3.2951646e-02;1.8750000e+02;-9.5695108e-03;1.8750000e+02;-5.2950241e-02;1.8750000e+02;-9.5070615e-02;1.8750000e+02;-1.3869116e-01;1.8750000e+02;-5.2848138e-02;1.8750000e+02;-9.8736696e-03;1.8750000e+02;5.3867295e-02;1.8750000e+02;1.3370459e-01;1.8750000e+02;2.1781790e-01;1.8750000e+02;2.6958331e-01;1.8750000e+02;2.8133231e-01;1.8750000e+02;3.2191744e-01;1.8750000e+02;3.1469876e-01;1.8750000e+02;2.4069765e-01;1.8750000e+02;1.7465051e-01;1.8750000e+02;1.2100237e-01;1.8750000e+02;7.4853621e-02;1.8750000e+02;3.2951646e-02;1.8750000e+02;-9.5695108e-03;1.8750000e+02;-5.2950241e-02;1.8750000e+02;-9.5070615e-02;1.8750000e+02;-1.3869116e-01;1.8750000e+02;-5.2848138e-02;1.8750000e+02;-9.8736696e-03;1.8750000e+02;5.3867295e-02;1.8750000e+02;1.3370459e-01;1.8750000e+02;2.1781790e-01;1.8750000e+02;2.6958331e-01;1.8750000e+02;2.8133231e-01;1.8750000e+02;3.2191744e-01;1.8750000e+02;3.1469876e-01;1.8750000e+02;2.4069765e-01;1.8750000e+02;1.7465051e-01;1.8750000e+02;1.2100237e-01;1.8750000e+02;7.4853621e-02;1.8750000e+02;3.2951646e-02;1.8750000e+02;-9.5695108e-03;1.8750000e+02;-5.2950241e-02;1.8750000e+02;-9.5070615e-02;1.8750000e+02;-1.3869116e-01;1.8750000e+02;-5.2848138e-02;1.8750000e+02;-9.8736696e-03;1.8750000e+02;5.3867295e-02;1.8750000e+02;1.3370459e-01;1.8750000e+02;2.1781790e-01;1.8750000e+02;2.6958331e-01;1.8750000e+02;2.8133231e-01;1.8750000e+02;3.2191744e-01;1.8750000e+02;3.1469876e-01;1.8750000e+02;2.4069765e-01;1.8750000e+02;1.7465051e-01;1.8750000e+02;1.2100237e-01;1.8750000e+02;7.4853621e-02;1.8750000e+02;3.2951646e-02;1.8750000e+02;-9.5695108e-03;1.8750000e+02;-5.2950241e-02;1.8750000e+02;-9.5070615e-02;1.8750000e+02;-1.3869116e-01;1.8750000e+02;-5.2848138e-02;1.8750000e+02;-9.8736696e-03;1.8750000e+02;5.3867295e-02;1.8750000e+02;1.3370459e-01;1.8750000e+02;2.1781790e-01;1.8750000e+02;2.6958331e-01;1.8750000e+02;2.8133231e-01;1.8750000e+02;3.2191744e-01;1.8750000e+02;3.1469876e-01;1.8750000e+02;2.4069765e-01;1.8750000e+02;1.7465051e-01;1.8750000e+02;1.2100237e-01;1.8750000e+02;7.4853621e-02;1.8750000e+02;3.2951646e-02;1.8750000e+02;-9.5695108e-03;1.8750000e+02;-5.2950241e-02;1.8750000e+02;-9.5070615e-02;1.8750000e+02;-1.3869116e-01;1.8750000e+02;-5.2848138e-02;1.8750000e+02;-9.8736696e-03;1.8750000e+02;5.3867295e-02;1.8750000e+02;1.3370459e-01;1.8750000e+02;2.1781790e-01;1.8750000e+02;2.6958331e-01;1.8750000e+02;2.8133231e-01;1.8750000e+02;3.2191744e-01;1.8750000e+02;3.1469876e-01;1.8750000e+02;2.4069765e-01;1.8750000e+02;1.7465051e-01;1.8750000e+02;1.2100237e-01;1.8750000e+02;7.4853621e-02;1.8750000e+02;3.2951646e-02;1.8750000e+02;-9.5695108e-03;1.8750000e+02;-5.2950241e-02;1.8750000e+02;-9.5070615e-02;1.8750000e+02;-1.3869116e-01;1.8750000e+02;-5.2848138e-02;1.8750000e+02;-9.8736696e-03;1.8750000e+02;5.3867295e-02;1.8750000e+02;1.3370459e-01;1.8750000e+02;2.1781790e-01;1.8750000e+02;2.6958331e-01;1.8750000e+02;2.8133231e-01;1.8750000e+02;3.2191744e-01;1.8750000e+02;3.1469876e-01;1.8750000e+02;2.4069765e-01;1.8750000e+02;1.7465051e-01;1.8750000e+02;1.2100237e-01;1.8750000e+02;7.4853621e-02;1.8750000e+02;3.2951646e-02;1.8750000e+02;-9.5695108e-03;1.8750000e+02;-5.2950241e-02;1.8750000e+02;-9.5070615e-02;1.8750000e+02;-1.3869116e-01;1.8750000e+02;-5.2848138e-02;1.8750000e+02;-9.8736696e-03;1.8750000e+02;5.3867295e-02;1.8750000e+02;1.3370459e-01;1.8750000e+02;2.1781790e-01;1.8750000e+02;2.6958331e-01;1.8750000e+02;2.8133231e-01;1.8750000e+02;3.2191744e-01;1.8750000e+02;3.1469876e-01;1.8750000e+02;2.4069765e-01;1.8750000e+02;1.7465051e-01;1.8750000e+02;1.2100237e-01;1.8750000e+02;7.4853621e-02;1.8750000e+02;3.2951646e-02;1.8750000e+02;-9.5695108e-03;1.8750000e+02;-5.2950241e-02;1.8750000e+02;-9.5070615e-02;1.8750000e+02;-1.3869116e-01;1.8750000e+02;-5.2848138e-02;1.8750000e+02;-9.8736696e-03;1.8750000e+02;5.3867295e-02;1.8750000e+02;1.3370459e-01;1.8750000e+02;2.1781790e-01;1.8750000e+02;2.6958331e-01;1.8750000e+02;2.8133231e-01;1.8750000e+02;3.2191744e-01;1.8750000e+02;3.1469876e-01;1.8750000e+02;2.4069765e-01;1.8750000e+02;1.7465051e-01;1.8750000e+02;1.2100237e-01;1.8750000e+02;7.4853621e-02;1.8750000e+02;3.2951646e-02;1.8750000e+02;-9.5695108e-03;1.8750000e+02;-5.2950241e-02;1.8750000e+02;-9.5070615e-02;1.8750000e+02;-1.3869116e-01;1.8750000e+02;-5.2848138e-02;1.8750000e+02;-9.8736696e-03;1.8750000e+02;5.3867295e-02;1.8750000e+02;1.3370459e-01;1.8750000e+02;2.1781790e-01;1.8750000e+02;2.6958331e-01;1.8750000e+02;2.8133231e-01;1.8750000e+02;3.2191744e-01;1.8750000e+02;3.1469876e-01;1.8750000e+02;2.4069765e-01;1.8750000e+02;1.7465051e-01;1.8750000e+02;1.2100237e-01;1.8750000e+02;7.4853621e-02;1.8750000e+02;3.2951646e-02;1.8750000e+02;-9.5695108e-03;1.8750000e+02;-5.2950241e-02;1.8750000e+02;-9.5070615e-02;1.8750000e+02;-1.3869116e-01;1.8750000e+02;-5.2848138e-02;1.8750000e+02;-9.8736696e-03;1.8750000e+02;5.3867295e-02;1.8750000e+02;1.3370459e-01;1.8750000e+02;2.1781790e-01;1.8750000e+02;2.6958331e-01;1.8750000e+02;2.8133231e-01;1.8750000e+02;3.2191744e-01;1.8750000e+02;3.1469876e-01;1.8750000e+02;2.4069765e-01;1.8750000e+02;1.7465051e-01;1.8750000e+02;1.2100237e-01;1.8750000e+02;7.4853621e-02;1.8750000e+02;3.2951646e-02;1.8750000e+02;-9.5695108e-03;1.8750000e+02;-5.2950241e-02;1.8750000e+02;-9.5070615e-02;1.8750000e+02;-1.3869116e-01;1.8750000e+02;-5.2848138e-02;1.8750000e+02;-9.8736696e-03;1.8750000e+02;5.3867295e-02;1.8750000e+02;1.3370459e-01;1.8750000e+02;2.1781790e-01;1.8750000e+02;2.6958331e-01;1.8750000e+02;2.8133231e-01;1.8750000e+02;3.2191744e-01;1.8750000e+02;3.1469876e-01;1.8750000e+02;2.4069765e-01;1.8750000e+02;1.7465051e-01;1.8750000e+02;1.2100237e-01;1.8750000e+02;7.4853621e-02;1.8750000e+02;3.2951646e-02;1.8750000e+02;-9.5695108e-03;1.8750000e+02;-5.2950241e-02;1.8750000e+02;-9.5070615e-02;1.8750000e+02;-1.3869116e-01;1.8750000e+02;-5.2848138e-02;1.8750000e+02;-9.8736696e-03;1.8750000e+02;5.3867295e-02;1.8750000e+02;1.3370459e-01;1.8750000e+02;2.1781790e-01;1.8750000e+02;2.6958331e-01;1.8750000e+02;2.8133231e-01;1.8750000e+02;3.2191744e-01;1.8750000e+02;3.1469876e-01;1.8750000e+02;2.4069765e-01;1.8750000e+02;1.7465051e-01;1.8750000e+02;1.2100237e-01;1.8750000e+02;7.4853621e-02;1.8750000e+02;3.2951646e-02;1.8750000e+02;-9.5695108e-03;1.8750000e+02;-5.2950241e-02;1.8750000e+02;-9.5070615e-02;1.8750000e+02;-1.3869116e-01;1.8750000e+02;-5.2848138e-02;1.8750000e+02;-9.8736696e-03;1.8750000e+02;5.3867295e-02;1.8750000e+02;1.3370459e-01;1.8750000e+02;2.1781790e-01;1.8750000e+02;2.6958331e-01;1.8750000e+02;2.8133231e-01;1.8750000e+02;3.2191744e-01;1.8750000e+02;3.1469876e-01;1.8750000e+02;2.4069765e-01;1.8750000e+02;1.7465051e-01;1.8750000e+02;1.2100237e-01;1.8750000e+02;7.4853621e-02;1.8750000e+02;3.2951646e-02;1.8750000e+02;-9.5695108e-03;1.8750000e+02;-5.2950241e-02;1.8750000e+02;-9.5070615e-02;1.8750000e+02;-1.3869116e-01;1.8750000e+02;-5.2848138e-02;1.8750000e+02;-9.8736696e-03;1.8750000e+02;5.3867295e-02;1.8750000e+02;1.3370459e-01;1.8750000e+02;2.1781790e-01;1.8750000e+02;2.6958331e-01;1.8750000e+02;2.8133231e-01;1.8750000e+02;3.2191744e-01;1.8750000e+02;3.1469876e-01;1.8750000e+02;2.4069765e-01;1.8750000e+02;1.7465051e-01;1.8750000e+02;1.2100237e-01;1.8750000e+02;7.4853621e-02;1.8750000e+02;3.2951646e-02;1.8750000e+02;-9.5695108e-03;1.8750000e+02;-5.2950241e-02;1.8750000e+02;-9.5070615e-02;1.8750000e+02;-1.3869116e-01;1.8750000e+02;-5.2848138e-02;1.8750000e+02;-9.8736696e-03;1.8750000e+02;5.3867295e-02;1.8750000e+02;1.3370459e-01;1.8750000e+02;2.1781790e-01;1.8750000e+02;2.6958331e-01;1.8750000e+02;2.8133231e-01;1.8750000e+02;3.2191744e-01;1.8750000e+02;3.1469876e-01;1.8750000e+02;2.4069765e-01;1.8750000e+02;1.7465051e-01;1.8750000e+02;1.2100237e-01;1.8750000e+02;7.4853621e-02;1.8750000e+02;3.2951646e-02;1.8750000e+02;-9.5695108e-03;1.8750000e+02;-5.2950241e-02;1.8750000e+02;-9.5070615e-02;1.8750000e+02;-1.3869116e-01;1.8750000e+02;-5.2848138e-02;1.8750000e+02;-9.8736696e-03;1.8750000e+02;5.3867295e-02;1.8750000e+02;1.3370459e-01;1.8750000e+02;2.1781790e-01;1.8750000e+02;2.6958331e-01;1.8750000e+02;2.8133231e-01;1.8750000e+02;3.2191744e-01;1.8750000e+02;3.1469876e-01;1.8750000e+02;2.4069765e-01;1.8750000e+02;1.7465051e-01;1.8750000e+02;1.2100237e-01;1.8750000e+02;7.4853621e-02;1.8750000e+02;3.2951646e-02;1.8750000e+02;-9.5695108e-03;1.8750000e+02;-5.2950241e-02;1.8750000e+02;-9.5070615e-02;1.8750000e+02;-1.3869116e-01;1.8750000e+02;-5.2848138e-02;1.8750000e+02;-9.8736696e-03;1.8750000e+02;5.3867295e-02;1.8750000e+02;1.3370459e-01;1.8750000e+02;2.1781790e-01;1.8750000e+02;2.6958331e-01;1.8750000e+02;2.8133231e-01;1.8750000e+02;3.2191744e-01;1.8750000e+02;3.1469876e-01;1.8750000e+02;2.4069765e-01;1.8750000e+02;1.7465051e-01;1.8750000e+02;1.2100237e-01;1.8750000e+02;7.4853621e-02;1.8750000e+02;3.2951646e-02;1.8750000e+02;-9.5695108e-03;1.8750000e+02;-5.2950241e-02;1.8750000e+02;-9.5070615e-02;1.8750000e+02;-1.3869116e-01;1.8750000e+02;-5.2848138e-02;1.8750000e+02;-9.8736696e-03;1.8750000e+02;5.3867295e-02;1.8750000e+02;1.3370459e-01;1.8750000e+02;2.1781790e-01;1.8750000e+02;2.6958331e-01;1.8750000e+02;2.8133231e-01;1.8750000e+02;3.2191744e-01;1.8750000e+02;3.1469876e-01;1.8750000e+02;2.4069765e-01;1.8750000e+02;1.7465051e-01;1.8750000e+02;1.2100237e-01;1.8750000e+02;7.4853621e-02;1.8750000e+02;3.2951646e-02;1.8750000e+02;-9.5695108e-03;1.8750000e+02;-5.2950241e-02;1.8750000e+02;-9.5070615e-02;1.8750000e+02;-1.3869116e-01;1.8750000e+02;-5.2848138e-02;1.8750000e+02;-9.8736696e-03;1.8750000e+02;5.3867295e-02;1.8750000e+02;1.3370459e-01;1.8750000e+02;2.1781790e-01;1.8750000e+02;2.6958331e-01;1.8750000e+02;2.8133231e-01;1.8750000e+02;3.2191744e-01;1.8750000e+02;3.1469876e-01;1.8750000e+02;2.4069765e-01;1.8750000e+02;1.7465051e-01;1.8750000e+02;1.2100237e-01;1.8750000e+02;7.4853621e-02;1.8750000e+02;3.2951646e-02;1.8750000e+02;-9.5695108e-03;1.8750000e+02;-5.2950241e-02;1.8750000e+02;-9.5070615e-02;1.8750000e+02;-1.3869116e-01;1.8750000e+02;-5.2848138e-02;1.8750000e+02;-9.8736696e-03;1.8750000e+02;5.3867295e-02;1.8750000e+02;1.3370459e-01;1.8750000e+02;2.1781790e-01;1.8750000e+02;2.6958331e-01;1.8750000e+02;2.8133231e-01;1.8750000e+02;3.2191744e-01;1.8750000e+02;3.1469876e-01;1.8750000e+02;2.4069765e-01;1.8750000e+02;1.7465051e-01;1.8750000e+02;1.2100237e-01;1.8750000e+02;7.4853621e-02;1.8750000e+02;3.2951646e-02;1.8750000e+02;-9.5695108e-03;1.8750000e+02;-5.2950241e-02;1.8750000e+02;-9.5070615e-02;1.8750000e+02;-1.3869116e-01;1.8750000e+02;-5.2848138e-02;1.8750000e+02;-9.8736696e-03;1.8750000e+02;5.3867295e-02;1.8750000e+02;1.3370459e-01;1.8750000e+02;2.1781790e-01;1.8750000e+02;2.6958331e-01;1.8750000e+02;2.8133231e-01;1.8750000e+02;3.2191744e-01;1.8750000e+02;3.1469876e-01;1.8750000e+02;2.4069765e-01;1.8750000e+02;1.7465051e-01;1.8750000e+02;1.2100237e-01;1.8750000e+02;7.4853621e-02;1.8750000e+02;3.2951646e-02;1.8750000e+02;-9.5695108e-03;1.8750000e+02;-5.2950241e-02;1.8750000e+02;-9.5070615e-02;1.8750000e+02;-1.3869116e-01;1.8750000e+02;-5.2848138e-02;1.8750000e+02;-9.8736696e-03;1.8750000e+02;5.3867295e-02;1.8750000e+02;1.3370459e-01;1.8750000e+02;2.1781790e-01;1.8750000e+02;2.6958331e-01;1.8750000e+02;2.8133231e-01;1.8750000e+02;3.2191744e-01;1.8750000e+02;3.1469876e-01;1.8750000e+02;2.4069765e-01;1.8750000e+02;1.7465051e-01;1.8750000e+02;1.2100237e-01;1.8750000e+02;7.4853621e-02;1.8750000e+02;3.2951646e-02;1.8750000e+02;-9.5695108e-03;1.8750000e+02;-5.2950241e-02;1.8750000e+02;-9.5070615e-02;1.8750000e+02;-1.3869116e-01;1.8750000e+02;-5.2848138e-02;1.8750000e+02;-9.8736696e-03;1.8750000e+02;5.3867295e-02;1.8750000e+02;1.3370459e-01;1.8750000e+02;2.1781790e-01;1.8750000e+02;2.6958331e-01;1.8750000e+02;2.8133231e-01;1.8750000e+02;3.2191744e-01;1.8750000e+02;3.1469876e-01;1.8750000e+02;2.4069765e-01;1.8750000e+02;1.7465051e-01;1.8750000e+02;1.2100237e-01;1.8750000e+02;7.4853621e-02;1.8750000e+02;3.2951646e-02;1.8750000e+02;-9.5695108e-03;1.8750000e+02;-5.2950241e-02;1.8750000e+02;-9.5070615e-02;1.8750000e+02;-1.3869116e-01;1.8750000e+02;-5.2848138e-02;1.8750000e+02;-9.8736696e-03;1.8750000e+02;5.3867295e-02;1.8750000e+02;1.3370459e-01;1.8750000e+02;2.1781790e-01;1.8750000e+02;2.6958331e-01;1.8750000e+02;2.8133231e-01;1.8750000e+02;3.2191744e-01;1.8750000e+02;3.1469876e-01;1.8750000e+02;2.4069765e-01;1.8750000e+02;1.7465051e-01;1.8750000e+02;1.2100237e-01;1.8750000e+02;7.4853621e-02;1.8750000e+02;3.2951646e-02;1.8750000e+02;-9.5695108e-03;1.8750000e+02;-5.2950241e-02;1.8750000e+02;-9.5070615e-02;1.8750000e+02;-1.3869116e-01;1.8750000e+02;-5.2848138e-02;1.8750000e+02;-9.8736696e-03;1.8750000e+02;5.3867295e-02;1.8750000e+02;1.3370459e-01;1.8750000e+02;2.1781790e-01;1.8750000e+02;2.6958331e-01;1.8750000e+02;2.8133231e-01;1.8750000e+02;3.2191744e-01;1.8750000e+02;3.1469876e-01;1.8750000e+02;2.4069765e-01;1.8750000e+02;1.7465051e-01;1.8750000e+02;1.2100237e-01;1.8750000e+02;7.4853621e-02;1.8750000e+02;3.2951646e-02;1.8750000e+02;-9.5695108e-03;1.8750000e+02;-5.2950241e-02;1.8750000e+02;-9.5070615e-02;1.8750000e+02;-1.3869116e-01;1.8750000e+02;-5.2848138e-02;1.8750000e+02;-9.8736696e-03;1.8750000e+02;5.3867295e-02;1.8750000e+02;1.3370459e-01;1.8750000e+02;2.1781790e-01;1.8750000e+02;2.6958331e-01;1.8750000e+02;2.8133231e-01;1.8750000e+02;3.2191744e-01;1.8750000e+02;3.1469876e-01;1.8750000e+02;2.4069765e-01;1.8750000e+02;1.7465051e-01;1.8750000e+02;1.2100237e-01;1.8750000e+02;7.4853621e-02;1.8750000e+02;3.2951646e-02;1.8750000e+02;-9.5695108e-03;1.8750000e+02;-5.2950241e-02;1.8750000e+02;-9.5070615e-02;1.8750000e+02;-1.3869116e-01;1.8750000e+02;-5.2848138e-02;1.8750000e+02;-9.8736696e-03;1.8750000e+02;5.3867295e-02;1.8750000e+02;1.3370459e-01;1.8750000e+02;2.1781790e-01;1.8750000e+02;2.6958331e-01;1.8750000e+02;2.8133231e-01;1.8750000e+02;3.2191744e-01;1.8750000e+02;3.1469876e-01;1.8750000e+02;2.4069765e-01;1.8750000e+02;1.7465051e-01;1.8750000e+02;1.2100237e-01;1.8750000e+02;7.4853621e-02;1.8750000e+02;3.2951646e-02;1.8750000e+02;-9.5695108e-03;1.8750000e+02;-5.2950241e-02;1.8750000e+02;-9.5070615e-02;1.8750000e+02;-1.3869116e-01;1.8750000e+02;-5.2848138e-02;1.8750000e+02;-9.8736696e-03;1.8750000e+02;5.3867295e-02;1.8750000e+02;1.3370459e-01;1.8750000e+02;2.1781790e-01;1.8750000e+02;2.6958331e-01;1.8750000e+02;2.8133231e-01;1.8750000e+02;3.2191744e-01;1.8750000e+02;3.1469876e-01;1.8750000e+02;2.4069765e-01;1.8750000e+02;1.7465051e-01;1.8750000e+02;1.2100237e-01;1.8750000e+02;7.4853621e-02;1.8750000e+02;3.2951646e-02;1.8750000e+02;-9.5695108e-03;1.8750000e+02;-5.2950241e-02;1.8750000e+02;-9.5070615e-02;1.8750000e+02;-1.3869116e-01;1.8750000e+02;-5.2848138e-02;1.8750000e+02;-9.8736696e-03;1.8750000e+02;5.3867295e-02;1.8750000e+02;1.3370459e-01;1.8750000e+02;2.1781790e-01;1.8750000e+02;2.6958331e-01;1.8750000e+02;2.8133231e-01;1.8750000e+02;3.2191744e-01;1.8750000e+02;3.1469876e-01;1.8750000e+02;2.4069765e-01;1.8750000e+02;1.7465051e-01;1.8750000e+02;1.2100237e-01;1.8750000e+02;7.4853621e-02;1.8750000e+02;3.2951646e-02;1.8750000e+02;-9.5695108e-03;1.8750000e+02;-5.2950241e-02;1.8750000e+02;-9.5070615e-02;1.8750000e+02;-1.3869116e-01;1.8750000e+02;-5.2848138e-02;1.8750000e+02;-9.8736696e-03;1.8750000e+02;5.3867295e-02;1.8750000e+02;1.3370459e-01;1.8750000e+02;2.1781790e-01;1.8750000e+02;2.6958331e-01;1.8750000e+02;2.8133231e-01;1.8750000e+02;3.2191744e-01;1.8750000e+02;3.1469876e-01;1.8750000e+02;2.4069765e-01;1.8750000e+02;1.7465051e-01;1.8750000e+02;1.2100237e-01;1.8750000e+02;7.4853621e-02;1.8750000e+02;3.2951646e-02;1.8750000e+02;-9.5695108e-03;1.8750000e+02;-5.2950241e-02;1.8750000e+02;-9.5070615e-02;1.8750000e+02;-1.3869116e-01;1.8750000e+02;-5.2848138e-02;1.8750000e+02;-9.8736696e-03;1.8750000e+02;5.3867295e-02;1.8750000e+02;1.3370459e-01;1.8750000e+02;2.1781790e-01;1.8750000e+02;2.6958331e-01;1.8750000e+02;2.8133231e-01;1.8750000e+02;3.2191744e-01;1.8750000e+02;3.1469876e-01;1.8750000e+02;2.4069765e-01;1.8750000e+02;1.7465051e-01;1.8750000e+02;1.2100237e-01;1.8750000e+02;7.4853621e-02;1.8750000e+02;3.2951646e-02;1.8750000e+02;-9.5695108e-03;1.8750000e+02;-5.2950241e-02;1.8750000e+02;-9.5070615e-02;1.8750000e+02;-1.3869116e-01;1.8750000e+02;-5.2848138e-02;1.8750000e+02;-9.8736696e-03;1.8750000e+02;5.3867295e-02;1.8750000e+02;1.3370459e-01;1.8750000e+02;2.1781790e-01;1.8750000e+02;2.6958331e-01;1.8750000e+02;2.8133231e-01;1.8750000e+02;3.2191744e-01;1.8750000e+02;3.1469876e-01;1.8750000e+02;2.4069765e-01;1.8750000e+02;1.7465051e-01;1.8750000e+02;1.2100237e-01;1.8750000e+02;7.4853621e-02;1.8750000e+02;3.2951646e-02;1.8750000e+02;-9.5695108e-03;1.8750000e+02;-5.2950241e-02;1.8750000e+02;-9.5070615e-02;1.8750000e+02;-1.3869116e-01;1.8750000e+02;-5.2848138e-02;1.8750000e+02;-9.8736696e-03;1.8750000e+02;5.3867295e-02;1.8750000e+02;1.3370459e-01;1.8750000e+02;2.1781790e-01;1.8750000e+02;2.6958331e-01;1.8750000e+02;2.8133231e-01;1.8750000e+02;3.2191744e-01;1.8750000e+02;3.1469876e-01;1.8750000e+02;2.4069765e-01;1.8750000e+02;1.7465051e-01;1.8750000e+02;1.2100237e-01;1.8750000e+02;7.4853621e-02;1.8750000e+02;3.2951646e-02;1.8750000e+02;-9.5695108e-03;1.8750000e+02;-5.2950241e-02;1.8750000e+02;-9.5070615e-02;1.8750000e+02;-1.3869116e-01;1.8750000e+02;-5.2848138e-02;1.8750000e+02;-9.8736696e-03;1.8750000e+02;5.3867295e-02;1.8750000e+02;1.3370459e-01;1.8750000e+02;2.1781790e-01;1.8750000e+02;2.6958331e-01;1.8750000e+02;2.8133231e-01;1.8750000e+02;3.2191744e-01;1.8750000e+02;3.1469876e-01;1.8750000e+02;2.4069765e-01;1.8750000e+02;1.7465051e-01;1.8750000e+02;1.2100237e-01;1.8750000e+02;7.4853621e-02;1.8750000e+02;3.2951646e-02;1.8750000e+02;-9.5695108e-03;1.8750000e+02;-5.2950241e-02;1.8750000e+02;-9.5070615e-02;1.8750000e+02;-1.3869116e-01;1.8750000e+02;-5.2848138e-02;1.8750000e+02;-9.8736696e-03;1.8750000e+02;5.3867295e-02;1.8750000e+02;1.3370459e-01;1.8750000e+02;2.1781790e-01;1.8750000e+02;2.6958331e-01;1.8750000e+02;2.8133231e-01;1.8750000e+02;3.2191744e-01;1.8750000e+02;3.1469876e-01;1.8750000e+02;2.4069765e-01;1.8750000e+02;1.7465051e-01;1.8750000e+02;1.2100237e-01;1.8750000e+02;7.4853621e-02;1.8750000e+02;3.2951646e-02;1.8750000e+02;-9.5695108e-03;1.8750000e+02;-5.2950241e-02;1.8750000e+02;-9.5070615e-02;1.8750000e+02;-1.3869116e-01;1.8750000e+02;-5.2848138e-02;1.8750000e+02;-9.8736696e-03;1.8750000e+02;5.3867295e-02;1.8750000e+02;1.3370459e-01;1.8750000e+02;2.1781790e-01;1.8750000e+02;2.6958331e-01;1.8750000e+02;2.8133231e-01;1.8750000e+02;3.2191744e-01;1.8750000e+02;3.1469876e-01;1.8750000e+02;2.4069765e-01;1.8750000e+02;1.7465051e-01;1.8750000e+02;1.2100237e-01;1.8750000e+02;7.4853621e-02;1.8750000e+02;3.2951646e-02;1.8750000e+02;-9.5695108e-03;1.8750000e+02;-5.2950241e-02;1.8750000e+02;-9.5070615e-02;1.8750000e+02;-1.3869116e-01;1.8750000e+02;-5.2848138e-02;1.8750000e+02;-9.8736696e-03;1.8750000e+02;5.3867295e-02;1.8750000e+02;1.3370459e-01;1.8750000e+02;2.1781790e-01;1.8750000e+02;2.6958331e-01;1.8750000e+02;2.8133231e-01;1.8750000e+02;3.2191744e-01;1.8750000e+02;3.1469876e-01;1.8750000e+02;2.4069765e-01;1.8750000e+02;1.7465051e-01;1.8750000e+02;1.2100237e-01;1.8750000e+02;7.4853621e-02;1.8750000e+02;3.2951646e-02;1.8750000e+02;-9.5695108e-03;1.8750000e+02;-5.2950241e-02;1.8750000e+02;-9.5070615e-02;1.8750000e+02;-1.3869116e-01;1.8750000e+02;-5.2848138e-02;1.8750000e+02;-9.8736696e-03;1.8750000e+02;5.3867295e-02;1.8750000e+02;1.3370459e-01;1.8750000e+02;2.1781790e-01;1.8750000e+02;2.6958331e-01;1.8750000e+02;2.8133231e-01;1.8750000e+02;3.2191744e-01;1.8750000e+02;3.1469876e-01;1.8750000e+02;2.4069765e-01;1.8750000e+02;1.7465051e-01;1.8750000e+02;1.2100237e-01;1.8750000e+02;7.4853621e-02;1.8750000e+02;3.2951646e-02;1.8750000e+02;-9.5695108e-03;1.8750000e+02;-5.2950241e-02;1.8750000e+02;-9.5070615e-02;1.8750000e+02;-1.3869116e-01;1.8750000e+02;-5.2848138e-02;1.8750000e+02;-9.8736696e-03;1.8750000e+02;5.3867295e-02;1.8750000e+02;1.3370459e-01;1.8750000e+02;2.1781790e-01;1.8750000e+02;2.6958331e-01;1.8750000e+02;2.8133231e-01;1.8750000e+02;3.2191744e-01;1.8750000e+02;3.1469876e-01;1.8750000e+02;2.4069765e-01;1.8750000e+02;1.7465051e-01;1.8750000e+02;1.2100237e-01;1.8750000e+02;7.4853621e-02;1.8750000e+02;3.2951646e-02;1.8750000e+02;-9.5695108e-03;1.8750000e+02;-5.2950241e-02;1.8750000e+02;-9.5070615e-02;1.8750000e+02;-1.3869116e-01;1.8750000e+02;-5.2848138e-02;1.8750000e+02;-9.8736696e-03;1.8750000e+02;5.3867295e-02;1.8750000e+02;1.3370459e-01;1.8750000e+02;2.1781790e-01;1.8750000e+02;2.6958331e-01;1.8750000e+02;2.8133231e-01;1.8750000e+02;3.2191744e-01;1.8750000e+02;3.1469876e-01;1.8750000e+02;2.4069765e-01;1.8750000e+02;1.7465051e-01;1.8750000e+02;1.2100237e-01;1.8750000e+02;7.4853621e-02;1.8750000e+02;3.2951646e-02;1.8750000e+02;-9.5695108e-03;1.8750000e+02;-5.2950241e-02;1.8750000e+02;-9.5070615e-02;1.8750000e+02;-1.3869116e-01;1.8750000e+02;-5.2848138e-02;1.8750000e+02;-9.8736696e-03;1.8750000e+02;5.3867295e-02;1.8750000e+02;1.3370459e-01;1.8750000e+02;2.1781790e-01;1.8750000e+02;2.6958331e-01;1.8750000e+02;2.8133231e-01;1.8750000e+02;3.2191744e-01;1.8750000e+02;3.1469876e-01;1.8750000e+02;2.4069765e-01;1.8750000e+02;1.7465051e-01;1.8750000e+02;1.2100237e-01;1.8750000e+02;7.4853621e-02;1.8750000e+02;3.2951646e-02;1.8750000e+02;-9.5695108e-03;1.8750000e+02;-5.2950241e-02;1.8750000e+02;-9.5070615e-02;1.8750000e+02;-1.3869116e-01;1.8750000e+02;-5.2848138e-02;1.8750000e+02;-9.8736696e-03;1.8750000e+02;5.3867295e-02;1.8750000e+02;1.3370459e-01;1.8750000e+02;2.1781790e-01;1.8750000e+02;2.6958331e-01;1.8750000e+02;2.8133231e-01;1.8750000e+02;3.2191744e-01;1.8750000e+02;3.1469876e-01;1.8750000e+02;2.4069765e-01;1.8750000e+02;1.7465051e-01;1.8750000e+02;1.2100237e-01;1.8750000e+02;7.4853621e-02;1.8750000e+02;3.2951646e-02;1.8750000e+02;-9.5695108e-03;1.8750000e+02;-5.2950241e-02;1.8750000e+02;-9.5070615e-02;1.8750000e+02;-1.3869116e-01;1.8750000e+02;-5.2848138e-02;1.8750000e+02;-9.8736696e-03;1.8750000e+02;5.3867295e-02;1.8750000e+02;1.3370459e-01;1.8750000e+02;2.1781790e-01;1.8750000e+02;2.6958331e-01;1.8750000e+02;2.8133231e-01;1.8750000e+02;3.2191744e-01;1.8750000e+02;3.1469876e-01;1.8750000e+02;2.4069765e-01;1.8750000e+02;1.7465051e-01;1.8750000e+02;1.2100237e-01;1.8750000e+02;7.4853621e-02;1.8750000e+02;3.2951646e-02;1.8750000e+02;-9.5695108e-03;1.8750000e+02;-5.2950241e-02;1.8750000e+02;-9.5070615e-02;1.8750000e+02;-1.3869116e-01
1.9250000e+02;-5.8351196e-02;1.9250000e+02;-1.6599640e-02;1.9250000e+02;4.4183187e-02;1.9250000e+02;1.1972594e-01;1.9250000e+02;2.0148998e-01;1.9250000e+02;2.5547194e-01;1.9250000e+02;2.7859068e-01;1.9250000e+02;3.1531924e-01;1.9250000e+02;3.1241241e-01;1.9250000e+02;2.3830758e-01;1.9250000e+02;1.6687088e-01;1.9250000e+02;1.0900486e-01;1.9250000e+02;6.1380073e-02;1.9250000e+02;1.8140554e-02;1.9250000e+02;-2.4031721e-02;1.9250000e+02;-6.6997617e-02;1.9250000e+02;-1.0884981e-01;1.9250000e+02;-1.5201043e-01;1.9250000e+02;-5.8351196e-02;1.9250000e+02;-1.6599640e-02;1.9250000e+02;4.4183187e-02;1.9250000e+02;1.1972594e-01;1.9250000e+02;2.0148998e-01;1.9250000e+02;2.5547194e-01;1.9250000e+02;2.7859068e-01;1.9250000e+02;3.1531924e-01;1.9250000e+02;3.1241241e-01;1.9250000e+02;2.3830758e-01;1.9250000e+02;1.6687088e-01;1.9250000e+02;1.0900486e-01;1.9250000e+02;6.1380073e-02;1.9250000e+02;1.8140554e-02;1.9250000e+02;-2.4031721e-02;1.9250000e+02;-6.6997617e-02;1.9250000e+02;-1.0884981e-01;1.9250000e+02;-1.5201043e-01;1.9250000e+02;-5.8351196e-02;1.9250000e+02;-1.6599640e-02;1.9250000e+02;4.4183187e-02;1.9250000e+02;1.1972594e-01;1.9250000e+02;2.0148998e-01;1.9250000e+02;2.5547194e-01;1.9250000e+02;2.7859068e-01;1.9250000e+02;3.1531924e-01;1.9250000e+02;3.1241241e-01;1.9250000e+02;2.3830758e-01;1.9250000e+02;1.6687088e-01;1.9250000e+02;1.0900486e-01;1.9250000e+02;6.1380073e-02;1.9250000e+02;1.8140554e-02;1.9250000e+02;-2.4031721e-02;1.9250000e+02;-6.6997617e-02;1.9250000e+02;-1.0884981e-01;1.9250000e+02;-1.5201043e-01;1.9250000e+02;-5.8351196e-02;1.9250000e+02;-1.6599640e-02;1.9250000e+02;4.4183187e-02;1.9250000e+02;1.1972594e-01;1.9250000e+02;2.0148998e-01;1.9250000e+02;2.5547194e-01;1.9250000e+02;2.7859068e-01;1.9250000e+02;3.1531924e-01;1.9250000e+02;3.1241241e-01;1.9250000e+02;2.3830758e-01;1.9250000e+02;1.6687088e-01;1.9250000e+02;1.0900486e-01;1.9250000e+02;6.1380073e-02;1.9250000e+02;1.8140554e-02;1.9250000e+02;-2.4031721e-02;1.9250000e+02;-6.6997617e-02;1.9250000e+02;-1.0884981e-01;1.9250000e+02;-1.5201043e-01;1.9250000e+02;-5.8351196e-02;1.9250000e+02;-1.6599640e-02;1.9250000e+02;4.4183187e-02;1.9250000e+02;1.1972594e-01;1.9250000e+02;2.0148998e-01;1.9250000e+02;2.5547194e-01;1.9250000e+02;2.7859068e-01;1.9250000e+02;3.1531924e-01;1.9250000e+02;3.1241241e-01;1.9250000e+02;2.3830758e-01;1.9250000e+02;1.6687088e-01;1.9250000e+02;1.0900486e-01;1.9250000e+02;6.1380073e-02;1.9250000e+02;1.8140554e-02;1.9250000e+02;-2.4031721e-02;1.9250000e+02;-6.6997617e-02;1.9250000e+02;-1.0884981e-01;1.9250000e+02;-1.5201043e-01;1.9250000e+02;-5.8351196e-02;1.9250000e+02;-1.6599640e-02;1.9250000e+02;4.4183187e-02;1.9250000e+02;1.1972594e-01;1.9250000e+02;2.0148998e-01;1.9250000e+02;2.5547194e-01;1.9250000e+02;2.7859068e-01;1.9250000e+02;3.1531924e-01;1.9250000e+02;3.1241241e-01;1.9250000e+02;2.3830758e-01;1.9250000e+02;1.6687088e-01;1.9250000e+02;1.0900486e-01;1.9250000e+02;6.1380073e-02;1.9250000e+02;1.8140554e-02;1.9250000e+02;-2.4031721e-02;1.9250000e+02;-6.6997617e-02;1.9250000e+02;-1.0884981e-01;1.9250000e+02;-1.5201043e-01;1.9250000e+02;-5.8351196e-02;1.9250000e+02;-1.6599640e-02;1.9250000e+02;4.4183187e-02;1.9250000e+02;1.1972594e-01;1.9250000e+02;2.0148998e-01;1.9250000e+02;2.5547194e-01;1.9250000e+02;2.7859068e-01;1.9250000e+02;3.1531924e-01;1.9250000e+02;3.1241241e-01;1.9250000e+02;2.3830758e-01;1.9250000e+02;1.6687088e-01;1.9250000e+02;1.0900486e-01;1.9250000e+02;6.1380073e-02;1.9250000e+02;1.8140554e-02;1.9250000e+02;-2.4031721e-02;1.9250000e+02;-6.6997617e-02;1.9250000e+02;-1.0884981e-01;1.9250000e+02;-1.5201043e-01;1.9250000e+02;-5.8351196e-02;1.9250000e+02;-1.6599640e-02;1.9250000e+02;4.4183187e-02;1.9250000e+02;1.1972594e-01;1.9250000e+02;2.0148998e-01;1.9250000e+02;2.5547194e-01;1.9250000e+02;2.7859068e-01;1.9250000e+02;3.1531924e-01;1.9250000e+02;3.1241241e-01;1.9250000e+02;2.3830758e-01;1.9250000e+02;1.6687088e-01;1.9250000e+02;1.0900486e-01;1.9250000e+02;6.1380073e-02;1.9250000e+02;1.8140554e-02;1.9250000e+02;-2.4031721e-02;1.9250000e+02;-6.6997617e-02;1.9250000e+02;-1.0884981e-01;1.9250000e+02;-1.5201043e-01;1.9250000e+02;-5.8351196e-02;1.9250000e+02;-1.6599640e-02;1.9250000e+02;4.4183187e-02;1.9250000e+02;1.1972594e-01;1.9250000e+02;2.0148998e-01;1.9250000e+02;2.5547194e-01;1.9250000e+02;2.7859068e-01;1.9250000e+02;3.1531924e-01;1.9250000e+02;3.1241241e-01;1.9250000e+02;2.3830758e-01;1.9250000e+02;1.6687088e-01;1.9250000e+02;1.0900486e-01;1.9250000e+02;6.1380073e-02;1.9250000e+02;1.8140554e-02;1.9250000e+02;-2.4031721e-02;1.9250000e+02;-6.6997617e-02;1.9250000e+02;-1.0884981e-01;1.9250000e+02;-1.5201043e-01;1.9250000e+02;-5.8351196e-02;1.9250000e+02;-1.6599640e-02;1.9250000e+02;4.4183187e-02;1.9250000e+02;1.1972594e-01;1.9250000e+02;2.0148998e-01;1.9250000e+02;2.5547194e-01;1.9250000e+02;2.7859068e-01;1.9250000e+02;3.1531924e-01;1.9250000e+02;3.1241241e-01;1.9250000e+02;2.3830758e-01;1.9250000e+02;1.6687088e-01;1.9250000e+02;1.0900486e-01;1.9250000e+02;6.1380073e-02;1.9250000e+02;1.8140554e-02;1.9250000e+02;-2.4031721e-02;1.9250000e+02;-6.6997617e-02;1.9250000e+02;-1.0884981e-01;1.9250000e+02;-1.5201043e-01;1.9250000e+02;-5.8351196e-02;1.9250000e+02;-1.6599640e-02;1.9250000e+02;4.4183187e-02;1.9250000e+02;1.1972594e-01;1.9250000e+02;2.0148998e-01;1.9250000e+02;2.5547194e-01;1.9250000e+02;2.7859068e-01;1.9250000e+02;3.1531924e-01;1.9250000e+02;3.1241241e-01;1.9250000e+02;2.3830758e-01;1.9250000e+02;1.6687088e-01;1.9250000e+02;1.0900486e-01;1.9250000e+02;6.1380073e-02;1.9250000e+02;1.8140554e-02;1.9250000e+02;-2.4031721e-02;1.9250000e+02;-6.6997617e-02;1.9250000e+02;-1.0884981e-01;1.9250000e+02;-1.5201043e-01;1.9250000e+02;-5.8351196e-02;1.9250000e+02;-1.6599640e-02;1.9250000e+02;4.4183187e-02;1.9250000e+02;1.1972594e-01;1.9250000e+02;2.0148998e-01;1.9250000e+02;2.5547194e-01;1.9250000e+02;2.7859068e-01;1.9250000e+02;3.1531924e-01;1.9250000e+02;3.1241241e-01;1.9250000e+02;2.3830758e-01;1.9250000e+02;1.6687088e-01;1.9250000e+02;1.0900486e-01;1.9250000e+02;6.1380073e-02;1.9250000e+02;1.8140554e-02;1.9250000e+02;-2.4031721e-02;1.9250000e+02;-6.6997617e-02;1.9250000e+02;-1.0884981e-01;1.9250000e+02;-1.5201043e-01;1.9250000e+02;-5.8351196e-02;1.9250000e+02;-1.6599640e-02;1.9250000e+02;4.4183187e-02;1.9250000e+02;1.1972594e-01;1.9250000e+02;2.0148998e-01;1.9250000e+02;2.5547194e-01;1.9250000e+02;2.7859068e-01;1.9250000e+02;3.1531924e-01;1.9250000e+02;3.1241241e-01;1.9250000e+02;2.3830758e-01;1.9250000e+02;1.6687088e-01;1.9250000e+02;1.0900486e-01;1.9250000e+02;6.1380073e-02;1.9250000e+02;1.8140554e-02;1.9250000e+02;-2.4031721e-02;1.9250000e+02;-6.6997617e-02;1.9250000e+02;-1.0884981e-01;1.9250000e+02;-1.5201043e-01;1.9250000e+02;-5.8351196e-02;1.9250000e+02;-1.6599640e-02;1.9250000e+02;4.4183187e-02;1.9250000e+02;1.1972594e-01;1.9250000e+02;2.0148998e-01;1.9250000e+02;2.5547194e-01;1.9250000e+02;2.7859068e-01;1.9250000e+02;3.1531924e-01;1.9250000e+02;3.1241241e-01;1.9250000e+02;2.3830758e-01;1.9250000e+02;1.6687088e-01;1.9250000e+02;1.0900486e-01;1.9250000e+02;6.1380073e-02;1.9250000e+02;1.8140554e-02;1.9250000e+02;-2.4031721e-02;1.9250000e+02;-6.6997617e-02;1.9250000e+02;-1.0884981e-01;1.9250000e+02;-1.5201043e-01;1.9250000e+02;-5.8351196e-02;1.9250000e+02;-1.6599640e-02;1.9250000e+02;4.4183187e-02;1.9250000e+02;1.1972594e-01;1.9250000e+02;2.0148998e-01;1.9250000e+02;2.5547194e-01;1.9250000e+02;2.7859068e-01;1.9250000e+02;3.1531924e-01;1.9250000e+02;3.1241241e-01;1.9250000e+02;2.3830758e-01;1.9250000e+02;1.6687088e-01;1.9250000e+02;1.0900486e-01;1.9250000e+02;6.1380073e-02;1.9250000e+02;1.8140554e-02;1.9250000e+02;-2.4031721e-02;1.9250000e+02;-6.6997617e-02;1.9250000e+02;-1.0884981e-01;1.9250000e+02;-1.5201043e-01;1.9250000e+02;-5.8351196e-02;1.9250000e+02;-1.6599640e-02;1.9250000e+02;4.4183187e-02;1.9250000e+02;1.1972594e-01;1.9250000e+02;2.0148998e-01;1.9250000e+02;2.5547194e-01;1.9250000e+02;2.7859068e-01;1.9250000e+02;3.1531924e-01;1.9250000e+02;3.1241241e-01;1.9250000e+02;2.3830758e-01;1.9250000e+02;1.6687088e-01;1.9250000e+02;1.0900486e-01;1.9250000e+02;6.1380073e-02;1.9250000e+02;1.8140554e-02;1.9250000e+02;-2.4031721e-02;1.9250000e+02;-6.6997617e-02;1.9250000e+02;-1.0884981e-01;1.9250000e+02;-1.5201043e-01;1.9250000e+02;-5.8351196e-02;1.9250000e+02;-1.6599640e-02;1.9250000e+02;4.4183187e-02;1.9250000e+02;1.1972594e-01;1.9250000e+02;2.0148998e-01;1.9250000e+02;2.5547194e-01;1.9250000e+02;2.7859068e-01;1.9250000e+02;3.1531924e-01;1.9250000e+02;3.1241241e-01;1.9250000e+02;2.3830758e-01;1.9250000e+02;1.6687088e-01;1.9250000e+02;1.0900486e-01;1.9250000e+02;6.1380073e-02;1.9250000e+02;1.8140554e-02;1.9250000e+02;-2.4031721e-02;1.9250000e+02;-6.6997617e-02;1.9250000e+02;-1.0884981e-01;1.9250000e+02;-1.5201043e-01;1.9250000e+02;-5.8351196e-02;1.9250000e+02;-1.6599640e-02;1.9250000e+02;4.4183187e-02;1.9250000e+02;1.1972594e-01;1.9250000e+02;2.0148998e-01;1.9250000e+02;2.5547194e-01;1.9250000e+02;2.7859068e-01;1.9250000e+02;3.1531924e-01;1.9250000e+02;3.1241241e-01;1.9250000e+02;2.3830758e-01;1.9250000e+02;1.6687088e-01;1.9250000e+02;1.0900486e-01;1.9250000e+02;6.1380073e-02;1.9250000e+02;1.8140554e-02;1.9250000e+02;-2.4031721e-02;1.9250000e+02;-6.6997617e-02;1.9250000e+02;-1.0884981e-01;1.9250000e+02;-1.5201043e-01;1.9250000e+02;-5.8351196e-02;1.9250000e+02;-1.6599640e-02;1.9250000e+02;4.4183187e-02;1.9250000e+02;1.1972594e-01;1.9250000e+02;2.0148998e-01;1.9250000e+02;2.5547194e-01;1.9250000e+02;2.7859068e-01;1.9250000e+02;3.1531924e-01;1.9250000e+02;3.1241241e-01;1.9250000e+02;2.3830758e-01;1.9250000e+02;1.6687088e-01;1.9250000e+02;1.0900486e-01;1.9250000e+02;6.1380073e-02;1.9250000e+02;1.8140554e-02;1.9250000e+02;-2.4031721e-02;1.9250000e+02;-6.6997617e-02;1.9250000e+02;-1.0884981e-01;1.9250000e+02;-1.5201043e-01;1.9250000e+02;-5.8351196e-02;1.9250000e+02;-1.6599640e-02;1.9250000e+02;4.4183187e-02;1.9250000e+02;1.1972594e-01;1.9250000e+02;2.0148998e-01;1.9250000e+02;2.5547194e-01;1.9250000e+02;2.7859068e-01;1.9250000e+02;3.1531924e-01;1.9250000e+02;3.1241241e-01;1.9250000e+02;2.3830758e-01;1.9250000e+02;1.6687088e-01;1.9250000e+02;1.0900486e-01;1.9250000e+02;6.1380073e-02;1.9250000e+02;1.8140554e-02;1.9250000e+02;-2.4031721e-02;1.9250000e+02;-6.6997617e-02;1.9250000e+02;-1.0884981e-01;1.9250000e+02;-1.5201043e-01;1.9250000e+02;-5.8351196e-02;1.9250000e+02;-1.6599640e-02;1.9250000e+02;4.4183187e-02;1.9250000e+02;1.1972594e-01;1.9250000e+02;2.0148998e-01;1.9250000e+02;2.5547194e-01;1.9250000e+02;2.7859068e-01;1.9250000e+02;3.1531924e-01;1.9250000e+02;3.1241241e-01;1.9250000e+02;2.3830758e-01;1.9250000e+02;1.6687088e-01;1.9250000e+02;1.0900486e-01;1.9250000e+02;6.1380073e-02;1.9250000e+02;1.8140554e-02;1.9250000e+02;-2.4031721e-02;1.9250000e+02;-6.6997617e-02;1.9250000e+02;-1.0884981e-01;1.9250000e+02;-1.5201043e-01;1.9250000e+02;-5.8351196e-02;1.9250000e+02;-1.6599640e-02;1.9250000e+02;4.4183187e-02;1.9250000e+02;1.1972594e-01;1.9250000e+02;2.0148998e-01;1.9250000e+02;2.5547194e-01;1.9250000e+02;2.7859068e-01;1.9250000e+02;3.1531924e-01;1.9250000e+02;3.1241241e-01;1.9250000e+02;2.3830758e-01;1.9250000e+02;1.6687088e-01;1.9250000e+02;1.0900486e-01;1.9250000e+02;6.1380073e-02;1.9250000e+02;1.8140554e-02;1.9250000e+02;-2.4031721e-02;1.9250000e+02;-6.6997617e-02;1.9250000e+02;-1.0884981e-01;1.9250000e+02;-1.5201043e-01;1.9250000e+02;-5.8351196e-02;1.9250000e+02;-1.6599640e-02;1.9250000e+02;4.4183187e-02;1.9250000e+02;1.1972594e-01;1.9250000e+02;2.0148998e-01;1.9250000e+02;2.5547194e-01;1.9250000e+02;2.7859068e-01;1.9250000e+02;3.1531924e-01;1.9250000e+02;3.1241241e-01;1.9250000e+02;2.3830758e-01;1.9250000e+02;1.6687088e-01;1.9250000e+02;1.0900486e-01;1.9250000e+02;6.1380073e-02;1.9250000e+02;1.8140554e-02;1.9250000e+02;-2.4031721e-02;1.9250000e+02;-6.6997617e-02;1.9250000e+02;-1.0884981e-01;1.9250000e+02;-1.5201043e-01;1.9250000e+02;-5.8351196e-02;1.9250000e+02;-1.6599640e-02;1.9250000e+02;4.4183187e-02;1.9250000e+02;1.1972594e-01;1.9250000e+02;2.0148998e-01;1.9250000e+02;2.5547194e-01;1.9250000e+02;2.7859068e-01;1.9250000e+02;3.1531924e-01;1.9250000e+02;3.1241241e-01;1.9250000e+02;2.3830758e-01;1.9250000e+02;1.6687088e-01;1.9250000e+02;1.0900486e-01;1.9250000e+02;6.1380073e-02;1.9250000e+02;1.8140554e-02;1.9250000e+02;-2.4031721e-02;1.9250000e+02;-6.6997617e-02;1.9250000e+02;-1.0884981e-01;1.9250000e+02;-1.5201043e-01;1.9250000e+02;-5.8351196e-02;1.9250000e+02;-1.6599640e-02;1.9250000e+02;4.4183187e-02;1.9250000e+02;1.1972594e-01;1.9250000e+02;2.0148998e-01;1.9250000e+02;2.5547194e-01;1.9250000e+02;2.7859068e-01;1.9250000e+02;3.1531924e-01;1.9250000e+02;3.1241241e-01;1.9250000e+02;2.3830758e-01;1.9250000e+02;1.6687088e-01;1.9250000e+02;1.0900486e-01;1.9250000e+02;6.1380073e-02;1.9250000e+02;1.8140554e-02;1.9250000e+02;-2.4031721e-02;1.9250000e+02;-6.6997617e-02;1.9250000e+02;-1.0884981e-01;1.9250000e+02;-1.5201043e-01;1.9250000e+02;-5.8351196e-02;1.9250000e+02;-1.6599640e-02;1.9250000e+02;4.4183187e-02;1.9250000e+02;1.1972594e-01;1.9250000e+02;2.0148998e-01;1.9250000e+02;2.5547194e-01;1.9250000e+02;2.7859068e-01;1.9250000e+02;3.1531924e-01;1.9250000e+02;3.1241241e-01;1.9250000e+02;2.3830758e-01;1.9250000e+02;1.6687088e-01;1.9250000e+02;1.0900486e-01;1.9250000e+02;6.1380073e-02;1.9250000e+02;1.8140554e-02;1.9250000e+02;-2.4031721e-02;1.9250000e+02;-6.6997617e-02;1.9250000e+02;-1.0884981e-01;1.9250000e+02;-1.5201043e-01;1.9250000e+02;-5.8351196e-02;1.9250000e+02;-1.6599640e-02;1.9250000e+02;4.4183187e-02;1.9250000e+02;1.1972594e-01;1.9250000e+02;2.0148998e-01;1.9250000e+02;2.5547194e-01;1.9250000e+02;2.7859068e-01;1.9250000e+02;3.1531924e-01;1.9250000e+02;3.1241241e-01;1.9250000e+02;2.3830758e-01;1.9250000e+02;1.6687088e-01;1.9250000e+02;1.0900486e-01;1.9250000e+02;6.1380073e-02;1.9250000e+02;1.8140554e-02;1.9250000e+02;-2.4031721e-02;1.9250000e+02;-6.6997617e-02;1.9250000e+02;-1.0884981e-01;1.9250000e+02;-1.5201043e-01;1.9250000e+02;-5.8351196e-02;1.9250000e+02;-1.6599640e-02;1.9250000e+02;4.4183187e-02;1.9250000e+02;1.1972594e-01;1.9250000e+02;2.0148998e-01;1.9250000e+02;2.5547194e-01;1.9250000e+02;2.7859068e-01;1.9250000e+02;3.1531924e-01;1.9250000e+02;3.1241241e-01;1.9250000e+02;2.3830758e-01;1.9250000e+02;1.6687088e-01;1.9250000e+02;1.0900486e-01;1.9250000e+02;6.1380073e-02;1.9250000e+02;1.8140554e-02;1.9250000e+02;-2.4031721e-02;1.9250000e+02;-6.6997617e-02;1.9250000e+02;-1.0884981e-01;1.9250000e+02;-1.5201043e-01;1.9250000e+02;-5.8351196e-02;1.9250000e+02;-1.6599640e-02;1.9250000e+02;4.4183187e-02;1.9250000e+02;1.1972594e-01;1.9250000e+02;2.0148998e-01;1.9250000e+02;2.5547194e-01;1.9250000e+02;2.7859068e-01;1.9250000e+02;3.1531924e-01;1.9250000e+02;3.1241241e-01;1.9250000e+02;2.3830758e-01;1.9250000e+02;1.6687088e-01;1.9250000e+02;1.0900486e-01;1.9250000e+02;6.1380073e-02;1.9250000e+02;1.8140554e-02;1.9250000e+02;-2.4031721e-02;1.9250000e+02;-6.6997617e-02;1.9250000e+02;-1.0884981e-01;1.9250000e+02;-1.5201043e-01;1.9250000e+02;-5.8351196e-02;1.9250000e+02;-1.6599640e-02;1.9250000e+02;4.4183187e-02;1.9250000e+02;1.1972594e-01;1.9250000e+02;2.0148998e-01;1.9250000e+02;2.5547194e-01;1.9250000e+02;2.7859068e-01;1.9250000e+02;3.1531924e-01;1.9250000e+02;3.1241241e-01;1.9250000e+02;2.3830758e-01;1.9250000e+02;1.6687088e-01;1.9250000e+02;1.0900486e-01;1.9250000e+02;6.1380073e-02;1.9250000e+02;1.8140554e-02;1.9250000e+02;-2.4031721e-02;1.9250000e+02;-6.6997617e-02;1.9250000e+02;-1.0884981e-01;1.9250000e+02;-1.5201043e-01;1.9250000e+02;-5.8351196e-02;1.9250000e+02;-1.6599640e-02;1.9250000e+02;4.4183187e-02;1.9250000e+02;1.1972594e-01;1.9250000e+02;2.0148998e-01;1.9250000e+02;2.5547194e-01;1.9250000e+02;2.7859068e-01;1.9250000e+02;3.1531924e-01;1.9250000e+02;3.1241241e-01;1.9250000e+02;2.3830758e-01;1.9250000e+02;1.6687088e-01;1.9250000e+02;1.0900486e-01;1.9250000e+02;6.1380073e-02;1.9250000e+02;1.8140554e-02;1.9250000e+02;-2.4031721e-02;1.9250000e+02;-6.6997617e-02;1.9250000e+02;-1.0884981e-01;1.9250000e+02;-1.5201043e-01;1.9250000e+02;-5.8351196e-02;1.9250000e+02;-1.6599640e-02;1.9250000e+02;4.4183187e-02;1.9250000e+02;1.1972594e-01;1.9250000e+02;2.0148998e-01;1.9250000e+02;2.5547194e-01;1.9250000e+02;2.7859068e-01;1.9250000e+02;3.1531924e-01;1.9250000e+02;3.1241241e-01;1.9250000e+02;2.3830758e-01;1.9250000e+02;1.6687088e-01;1.9250000e+02;1.0900486e-01;1.9250000e+02;6.1380073e-02;1.9250000e+02;1.8140554e-02;1.9250000e+02;-2.4031721e-02;1.9250000e+02;-6.6997617e-02;1.9250000e+02;-1.0884981e-01;1.9250000e+02;-1.5201043e-01;1.9250000e+02;-5.8351196e-02;1.9250000e+02;-1.6599640e-02;1.9250000e+02;4.4183187e-02;1.9250000e+02;1.1972594e-01;1.9250000e+02;2.0148998e-01;1.9250000e+02;2.5547194e-01;1.9250000e+02;2.7859068e-01;1.9250000e+02;3.1531924e-01;1.9250000e+02;3.1241241e-01;1.9250000e+02;2.3830758e-01;1.9250000e+02;1.6687088e-01;1.9250000e+02;1.0900486e-01;1.9250000e+02;6.1380073e-02;1.9250000e+02;1.8140554e-02;1.9250000e+02;-2.4031721e-02;1.9250000e+02;-6.6997617e-02;1.9250000e+02;-1.0884981e-01;1.9250000e+02;-1.5201043e-01;1.9250000e+02;-5.8351196e-02;1.9250000e+02;-1.6599640e-02;1.9250000e+02;4.4183187e-02;1.9250000e+02;1.1972594e-01;1.9250000e+02;2.0148998e-01;1.9250000e+02;2.5547194e-01;1.9250000e+02;2.7859068e-01;1.9250000e+02;3.1531924e-01;1.9250000e+02;3.1241241e-01;1.9250000e+02;2.3830758e-01;1.9250000e+02;1.6687088e-01;1.9250000e+02;1.0900486e-01;1.9250000e+02;6.1380073e-02;1.9250000e+02;1.8140554e-02;1.9250000e+02;-2.4031721e-02;1.9250000e+02;-6.6997617e-02;1.9250000e+02;-1.0884981e-01;1.9250000e+02;-1.5201043e-01;1.9250000e+02;-5.8351196e-02;1.9250000e+02;-1.6599640e-02;1.9250000e+02;4.4183187e-02;1.9250000e+02;1.1972594e-01;1.9250000e+02;2.0148998e-01;1.9250000e+02;2.5547194e-01;1.9250000e+02;2.7859068e-01;1.9250000e+02;3.1531924e-01;1.9250000e+02;3.1241241e-01;1.9250000e+02;2.3830758e-01;1.9250000e+02;1.6687088e-01;1.9250000e+02;1.0900486e-01;1.9250000e+02;6.1380073e-02;1.9250000e+02;1.8140554e-02;1.9250000e+02;-2.4031721e-02;1.9250000e+02;-6.6997617e-02;1.9250000e+02;-1.0884981e-01;1.9250000e+02;-1.5201043e-01;1.9250000e+02;-5.8351196e-02;1.9250000e+02;-1.6599640e-02;1.9250000e+02;4.4183187e-02;1.9250000e+02;1.1972594e-01;1.9250000e+02;2.0148998e-01;1.9250000e+02;2.5547194e-01;1.9250000e+02;2.7859068e-01;1.9250000e+02;3.1531924e-01;1.9250000e+02;3.1241241e-01;1.9250000e+02;2.3830758e-01;1.9250000e+02;1.6687088e-01;1.9250000e+02;1.0900486e-01;1.9250000e+02;6.1380073e-02;1.9250000e+02;1.8140554e-02;1.9250000e+02;-2.4031721e-02;1.9250000e+02;-6.6997617e-02;1.9250000e+02;-1.0884981e-01;1.9250000e+02;-1.5201043e-01;1.9250000e+02;-5.8351196e-02;1.9250000e+02;-1.6599640e-02;1.9250000e+02;4.4183187e-02;1.9250000e+02;1.1972594e-01;1.9250000e+02;2.0148998e-01;1.9250000e+02;2.5547194e-01;1.9250000e+02;2.7859068e-01;1.9250000e+02;3.1531924e-01;1.9250000e+02;3.1241241e-01;1.9250000e+02;2.3830758e-01;1.9250000e+02;1.6687088e-01;1.9250000e+02;1.0900486e-01;1.9250000e+02;6.1380073e-02;1.9250000e+02;1.8140554e-02;1.9250000e+02;-2.4031721e-02;1.9250000e+02;-6.6997617e-02;1.9250000e+02;-1.0884981e-01;1.9250000e+02;-1.5201043e-01;1.9250000e+02;-5.8351196e-02;1.9250000e+02;-1.6599640e-02;1.9250000e+02;4.4183187e-02;1.9250000e+02;1.1972594e-01;1.9250000e+02;2.0148998e-01;1.9250000e+02;2.5547194e-01;1.9250000e+02;2.7859068e-01;1.9250000e+02;3.1531924e-01;1.9250000e+02;3.1241241e-01;1.9250000e+02;2.3830758e-01;1.9250000e+02;1.6687088e-01;1.9250000e+02;1.0900486e-01;1.9250000e+02;6.1380073e-02;1.9250000e+02;1.8140554e-02;1.9250000e+02;-2.4031721e-02;1.9250000e+02;-6.6997617e-02;1.9250000e+02;-1.0884981e-01;1.9250000e+02;-1.5201043e-01;1.9250000e+02;-5.8351196e-02;1.9250000e+02;-1.6599640e-02;1.9250000e+02;4.4183187e-02;1.9250000e+02;1.1972594e-01;1.9250000e+02;2.0148998e-01;1.9250000e+02;2.5547194e-01;1.9250000e+02;2.7859068e-01;1.9250000e+02;3.1531924e-01;1.9250000e+02;3.1241241e-01;1.9250000e+02;2.3830758e-01;1.9250000e+02;1.6687088e-01;1.9250000e+02;1.0900486e-01;1.9250000e+02;6.1380073e-02;1.9250000e+02;1.8140554e-02;1.9250000e+02;-2.4031721e-02;1.9250000e+02;-6.6997617e-02;1.9250000e+02;-1.0884981e-01;1.9250000e+02;-1.5201043e-01;1.9250000e+02;-5.8351196e-02;1.9250000e+02;-1.6599640e-02;1.9250000e+02;4.4183187e-02;1.9250000e+02;1.1972594e-01;1.9250000e+02;2.0148998e-01;1.9250000e+02;2.5547194e-01;1.9250000e+02;2.7859068e-01;1.9250000e+02;3.1531924e-01;1.9250000e+02;3.1241241e-01;1.9250000e+02;2.3830758e-01;1.9250000e+02;1.6687088e-01;1.9250000e+02;1.0900486e-01;1.9250000e+02;6.1380073e-02;1.9250000e+02;1.8140554e-02;1.9250000e+02;-2.4031721e-02;1.9250000e+02;-6.6997617e-02;1.9250000e+02;-1.0884981e-01;1.9250000e+02;-1.5201043e-01;1.9250000e+02;-5.8351196e-02;1.9250000e+02;-1.6599640e-02;1.9250000e+02;4.4183187e-02;1.9250000e+02;1.1972594e-01;1.9250000e+02;2.0148998e-01;1.9250000e+02;2.5547194e-01;1.9250000e+02;2.7859068e-01;1.9250000e+02;3.1531924e-01;1.9250000e+02;3.1241241e-01;1.9250000e+02;2.3830758e-01;1.9250000e+02;1.6687088e-01;1.9250000e+02;1.0900486e-01;1.9250000e+02;6.1380073e-02;1.9250000e+02;1.8140554e-02;1.9250000e+02;-2.4031721e-02;1.9250000e+02;-6.6997617e-02;1.9250000e+02;-1.0884981e-01;1.9250000e+02;-1.5201043e-01;1.9250000e+02;-5.8351196e-02;1.9250000e+02;-1.6599640e-02;1.9250000e+02;4.4183187e-02;1.9250000e+02;1.1972594e-01;1.9250000e+02;2.0148998e-01;1.9250000e+02;2.5547194e-01;1.9250000e+02;2.7859068e-01;1.9250000e+02;3.1531924e-01;1.9250000e+02;3.1241241e-01;1.9250000e+02;2.3830758e-01;1.9250000e+02;1.6687088e-01;1.9250000e+02;1.0900486e-01;1.9250000e+02;6.1380073e-02;1.9250000e+02;1.8140554e-02;1.9250000e+02;-2.4031721e-02;1.9250000e+02;-6.6997617e-02;1.9250000e+02;-1.0884981e-01;1.9250000e+02;-1.5201043e-01;1.9250000e+02;-5.8351196e-02;1.9250000e+02;-1.6599640e-02;1.9250000e+02;4.4183187e-02;1.9250000e+02;1.1972594e-01;1.9250000e+02;2.0148998e-01;1.9250000e+02;2.5547194e-01;1.9250000e+02;2.7859068e-01;1.9250000e+02;3.1531924e-01;1.9250000e+02;3.1241241e-01;1.9250000e+02;2.3830758e-01;1.9250000e+02;1.6687088e-01;1.9250000e+02;1.0900486e-01;1.9250000e+02;6.1380073e-02;1.9250000e+02;1.8140554e-02;1.9250000e+02;-2.4031721e-02;1.9250000e+02;-6.6997617e-02;1.9250000e+02;-1.0884981e-01;1.9250000e+02;-1.5201043e-01;1.9250000e+02;-5.8351196e-02;1.9250000e+02;-1.6599640e-02;1.9250000e+02;4.4183187e-02;1.9250000e+02;1.1972594e-01;1.9250000e+02;2.0148998e-01;1.9250000e+02;2.5547194e-01;1.9250000e+02;2.7859068e-01;1.9250000e+02;3.1531924e-01;1.9250000e+02;3.1241241e-01;1.9250000e+02;2.3830758e-01;1.9250000e+02;1.6687088e-01;1.9250000e+02;1.0900486e-01;1.9250000e+02;6.1380073e-02;1.9250000e+02;1.8140554e-02;1.9250000e+02;-2.4031721e-02;1.9250000e+02;-6.6997617e-02;1.9250000e+02;-1.0884981e-01;1.9250000e+02;-1.5201043e-01;1.9250000e+02;-5.8351196e-02;1.9250000e+02;-1.6599640e-02;1.9250000e+02;4.4183187e-02;1.9250000e+02;1.1972594e-01;1.9250000e+02;2.0148998e-01;1.9250000e+02;2.5547194e-01;1.9250000e+02;2.7859068e-01;1.9250000e+02;3.1531924e-01;1.9250000e+02;3.1241241e-01;1.9250000e+02;2.3830758e-01;1.9250000e+02;1.6687088e-01;1.9250000e+02;1.0900486e-01;1.9250000e+02;6.1380073e-02;1.9250000e+02;1.8140554e-02;1.9250000e+02;-2.4031721e-02;1.9250000e+02;-6.6997617e-02;1.9250000e+02;-1.0884981e-01;1.9250000e+02;-1.5201043e-01;1.9250000e+02;-5.8351196e-02;1.9250000e+02;-1.6599640e-02;1.9250000e+02;4.4183187e-02;1.9250000e+02;1.1972594e-01;1.9250000e+02;2.0148998e-01;1.9250000e+02;2.5547194e-01;1.9250000e+02;2.7859068e-01;1.9250000e+02;3.1531924e-01;1.9250000e+02;3.1241241e-01;1.9250000e+02;2.3830758e-01;1.9250000e+02;1.6687088e-01;1.9250000e+02;1.0900486e-01;1.9250000e+02;6.1380073e-02;1.9250000e+02;1.8140554e-02;1.9250000e+02;-2.4031721e-02;1.9250000e+02;-6.6997617e-02;1.9250000e+02;-1.0884981e-01;1.9250000e+02;-1.5201043e-01;1.9250000e+02;-5.8351196e-02;1.9250000e+02;-1.6599640e-02;1.9250000e+02;4.4183187e-02;1.9250000e+02;1.1972594e-01;1.9250000e+02;2.0148998e-01;1.9250000e+02;2.5547194e-01;1.9250000e+02;2.7859068e-01;1.9250000e+02;3.1531924e-01;1.9250000e+02;3.1241241e-01;1.9250000e+02;2.3830758e-01;1.9250000e+02;1.6687088e-01;1.9250000e+02;1.0900486e-01;1.9250000e+02;6.1380073e-02;1.9250000e+02;1.8140554e-02;1.9250000e+02;-2.4031721e-02;1.9250000e+02;-6.6997617e-02;1.9250000e+02;-1.0884981e-01;1.9250000e+02;-1.5201043e-01;1.9250000e+02;-5.8351196e-02;1.9250000e+02;-1.6599640e-02;1.9250000e+02;4.4183187e-02;1.9250000e+02;1.1972594e-01;1.9250000e+02;2.0148998e-01;1.9250000e+02;2.5547194e-01;1.9250000e+02;2.7859068e-01;1.9250000e+02;3.1531924e-01;1.9250000e+02;3.1241241e-01;1.9250000e+02;2.3830758e-01;1.9250000e+02;1.6687088e-01;1.9250000e+02;1.0900486e-01;1.9250000e+02;6.1380073e-02;1.9250000e+02;1.8140554e-02;1.9250000e+02;-2.4031721e-02;1.9250000e+02;-6.6997617e-02;1.9250000e+02;-1.0884981e-01;1.9250000e+02;-1.5201043e-01;1.9250000e+02;-5.8351196e-02;1.9250000e+02;-1.6599640e-02;1.9250000e+02;4.4183187e-02;1.9250000e+02;1.1972594e-01;1.9250000e+02;2.0148998e-01;1.9250000e+02;2.5547194e-01;1.9250000e+02;2.7859068e-01;1.9250000e+02;3.1531924e-01;1.9250000e+02;3.1241241e-01;1.9250000e+02;2.3830758e-01;1.9250000e+02;1.6687088e-01;1.9250000e+02;1.0900486e-01;1.9250000e+02;6.1380073e-02;1.9250000e+02;1.8140554e-02;1.9250000e+02;-2.4031721e-02;1.9250000e+02;-6.6997617e-02;1.9250000e+02;-1.0884981e-01;1.9250000e+02;-1.5201043e-01;1.9250000e+02;-5.8351196e-02;1.9250000e+02;-1.6599640e-02;1.9250000e+02;4.4183187e-02;1.9250000e+02;1.1972594e-01;1.9250000e+02;2.0148998e-01;1.9250000e+02;2.5547194e-01;1.9250000e+02;2.7859068e-01;1.9250000e+02;3.1531924e-01;1.9250000e+02;3.1241241e-01;1.9250000e+02;2.3830758e-01;1.9250000e+02;1.6687088e-01;1.9250000e+02;1.0900486e-01;1.9250000e+02;6.1380073e-02;1.9250000e+02;1.8140554e-02;1.9250000e+02;-2.4031721e-02;1.9250000e+02;-6.6997617e-02;1.9250000e+02;-1.0884981e-01;1.9250000e+02;-1.5201043e-01;1.9250000e+02;-5.8351196e-02;1.9250000e+02;-1.6599640e-02;1.9250000e+02;4.4183187e-02;1.9250000e+02;1.1972594e-01;1.9250000e+02;2.0148998e-01;1.9250000e+02;2.5547194e-01;1.9250000e+02;2.7859068e-01;1.9250000e+02;3.1531924e-01;1.9250000e+02;3.1241241e-01;1.9250000e+02;2.3830758e-01;1.9250000e+02;1.6687088e-01;1.9250000e+02;1.0900486e-01;1.9250000e+02;6.1380073e-02;1.9250000e+02;1.8140554e-02;1.9250000e+02;-2.4031721e-02;1.9250000e+02;-6.6997617e-02;1.9250000e+02;-1.0884981e-01;1.9250000e+02;-1.5201043e-01;1.9250000e+02;-5.8351196e-02;1.9250000e+02;-1.6599640e-02;1.9250000e+02;4.4183187e-02;1.9250000e+02;1.1972594e-01;1.9250000e+02;2.0148998e-01;1.9250000e+02;2.5547194e-01;1.9250000e+02;2.7859068e-01;1.9250000e+02;3.1531924e-01;1.9250000e+02;3.1241241e-01;1.9250000e+02;2.3830758e-01;1.9250000e+02;1.6687088e-01;1.9250000e+02;1.0900486e-01;1.9250000e+02;6.1380073e-02;1.9250000e+02;1.8140554e-02;1.9250000e+02;-2.4031721e-02;1.9250000e+02;-6.6997617e-02;1.9250000e+02;-1.0884981e-01;1.9250000e+02;-1.5201043e-01;1.9250000e+02;-5.8351196e-02;1.9250000e+02;-1.6599640e-02;1.9250000e+02;4.4183187e-02;1.9250000e+02;1.1972594e-01;1.9250000e+02;2.0148998e-01;1.9250000e+02;2.5547194e-01;1.9250000e+02;2.7859068e-01;1.9250000e+02;3.1531924e-01;1.9250000e+02;3.1241241e-01;1.9250000e+02;2.3830758e-01;1.9250000e+02;1.6687088e-01;1.9250000e+02;1.0900486e-01;1.9250000e+02;6.1380073e-02;1.9250000e+02;1.8140554e-02;1.9250000e+02;-2.4031721e-02;1.9250000e+02;-6.6997617e-02;1.9250000e+02;-1.0884981e-01;1.9250000e+02;-1.5201043e-01;1.9250000e+02;-5.8351196e-02;1.9250000e+02;-1.6599640e-02;1.9250000e+02;4.4183187e-02;1.9250000e+02;1.1972594e-01;1.9250000e+02;2.0148998e-01;1.9250000e+02;2.5547194e-01;1.9250000e+02;2.7859068e-01;1.9250000e+02;3.1531924e-01;1.9250000e+02;3.1241241e-01;1.9250000e+02;2.3830758e-01;1.9250000e+02;1.6687088e-01;1.9250000e+02;1.0900486e-01;1.9250000e+02;6.1380073e-02;1.9250000e+02;1.8140554e-02;1.9250000e+02;-2.4031721e-02;1.9250000e+02;-6.6997617e-02;1.9250000e+02;-1.0884981e-01;1.9250000e+02;-1.5201043e-01;1.9250000e+02;-5.8351196e-02;1.9250000e+02;-1.6599640e-02;1.9250000e+02;4.4183187e-02;1.9250000e+02;1.1972594e-01;1.9250000e+02;2.0148998e-01;1.9250000e+02;2.5547194e-01;1.9250000e+02;2.7859068e-01;1.9250000e+02;3.1531924e-01;1.9250000e+02;3.1241241e-01;1.9250000e+02;2.3830758e-01;1.9250000e+02;1.6687088e-01;1.9250000e+02;1.0900486e-01;1.9250000e+02;6.1380073e-02;1.9250000e+02;1.8140554e-02;1.9250000e+02;-2.4031721e-02;1.9250000e+02;-6.6997617e-02;1.9250000e+02;-1.0884981e-01;1.9250000e+02;-1.5201043e-01;1.9250000e+02;-5.8351196e-02;1.9250000e+02;-1.6599640e-02;1.9250000e+02;4.4183187e-02;1.9250000e+02;1.1972594e-01;1.9250000e+02;2.0148998e-01;1.9250000e+02;2.5547194e-01;1.9250000e+02;2.7859068e-01;1.9250000e+02;3.1531924e-01;1.9250000e+02;3.1241241e-01;1.9250000e+02;2.3830758e-01;1.9250000e+02;1.6687088e-01;1.9250000e+02;1.0900486e-01;1.9250000e+02;6.1380073e-02;1.9250000e+02;1.8140554e-02;1.9250000e+02;-2.4031721e-02;1.9250000e+02;-6.6997617e-02;1.9250000e+02;-1.0884981e-01;1.9250000e+02;-1.5201043e-01;1.9250000e+02;-5.8351196e-02;1.9250000e+02;-1.6599640e-02;1.9250000e+02;4.4183187e-02;1.9250000e+02;1.1972594e-01;1.9250000e+02;2.0148998e-01;1.9250000e+02;2.5547194e-01;1.9250000e+02;2.7859068e-01;1.9250000e+02;3.1531924e-01;1.9250000e+02;3.1241241e-01;1.9250000e+02;2.3830758e-01;1.9250000e+02;1.6687088e-01;1.9250000e+02;1.0900486e-01;1.9250000e+02;6.1380073e-02;1.9250000e+02;1.8140554e-02;1.9250000e+02;-2.4031721e-02;1.9250000e+02;-6.6997617e-02;1.9250000e+02;-1.0884981e-01;1.9250000e+02;-1.5201043e-01;1.9250000e+02;-5.8351196e-02;1.9250000e+02;-1.6599640e-02;1.9250000e+02;4.4183187e-02;1.9250000e+02;1.1972594e-01;1.9250000e+02;2.0148998e-01;1.9250000e+02;2.5547194e-01;1.9250000e+02;2.7859068e-01;1.9250000e+02;3.1531924e-01;1.9250000e+02;3.1241241e-01;1.9250000e+02;2.3830758e-01;1.9250000e+02;1.6687088e-01;1.9250000e+02;1.0900486e-01;1.9250000e+02;6.1380073e-02;1.9250000e+02;1.8140554e-02;1.9250000e+02;-2.4031721e-02;1.9250000e+02;-6.6997617e-02;1.9250000e+02;-1.0884981e-01;1.9250000e+02;-1.5201043e-01;1.9250000e+02;-5.8351196e-02;1.9250000e+02;-1.6599640e-02;1.9250000e+02;4.4183187e-02;1.9250000e+02;1.1972594e-01;1.9250000e+02;2.0148998e-01;1.9250000e+02;2.5547194e-01;1.9250000e+02;2.7859068e-01;1.9250000e+02;3.1531924e-01;1.9250000e+02;3.1241241e-01;1.9250000e+02;2.3830758e-01;1.9250000e+02;1.6687088e-01;1.9250000e+02;1.0900486e-01;1.9250000e+02;6.1380073e-02;1.9250000e+02;1.8140554e-02;1.9250000e+02;-2.4031721e-02;1.9250000e+02;-6.6997617e-02;1.9250000e+02;-1.0884981e-01;1.9250000e+02;-1.5201043e-01;1.9250000e+02;-5.8351196e-02;1.9250000e+02;-1.6599640e-02;1.9250000e+02;4.4183187e-02;1.9250000e+02;1.1972594e-01;1.9250000e+02;2.0148998e-01;1.9250000e+02;2.5547194e-01;1.9250000e+02;2.7859068e-01;1.9250000e+02;3.1531924e-01;1.9250000e+02;3.1241241e-01;1.9250000e+02;2.3830758e-01;1.9250000e+02;1.6687088e-01;1.9250000e+02;1.0900486e-01;1.9250000e+02;6.1380073e-02;1.9250000e+02;1.8140554e-02;1.9250000e+02;-2.4031721e-02;1.9250000e+02;-6.6997617e-02;1.9250000e+02;-1.0884981e-01;1.9250000e+02;-1.5201043e-01;1.9250000e+02;-5.8351196e-02;1.9250000e+02;-1.6599640e-02;1.9250000e+02;4.4183187e-02;1.9250000e+02;1.1972594e-01;1.9250000e+02;2.0148998e-01;1.9250000e+02;2.5547194e-01;1.9250000e+02;2.7859068e-01;1.9250000e+02;3.1531924e-01;1.9250000e+02;3.1241241e-01;1.9250000e+02;2.3830758e-01;1.9250000e+02;1.6687088e-01;1.9250000e+02;1.0900486e-01;1.9250000e+02;6.1380073e-02;1.9250000e+02;1.8140554e-02;1.9250000e+02;-2.4031721e-02;1.9250000e+02;-6.6997617e-02;1.9250000e+02;-1.0884981e-01;1.9250000e+02;-1.5201043e-01;1.9250000e+02;-5.8351196e-02;1.9250000e+02;-1.6599640e-02;1.9250000e+02;4.4183187e-02;1.9250000e+02;1.1972594e-01;1.9250000e+02;2.0148998e-01;1.9250000e+02;2.5547194e-01;1.9250000e+02;2.7859068e-01;1.9250000e+02;3.1531924e-01;1.9250000e+02;3.1241241e-01;1.9250000e+02;2.3830758e-01;1.9250000e+02;1.6687088e-01;1.9250000e+02;1.0900486e-01;1.9250000e+02;6.1380073e-02;1.9250000e+02;1.8140554e-02;1.9250000e+02;-2.4031721e-02;1.9250000e+02;-6.6997617e-02;1.9250000e+02;-1.0884981e-01;1.9250000e+02;-1.5201043e-01;1.9250000e+02;-5.8351196e-02;1.9250000e+02;-1.6599640e-02;1.9250000e+02;4.4183187e-02;1.9250000e+02;1.1972594e-01;1.9250000e+02;2.0148998e-01;1.9250000e+02;2.5547194e-01;1.9250000e+02;2.7859068e-01;1.9250000e+02;3.1531924e-01;1.9250000e+02;3.1241241e-01;1.9250000e+02;2.3830758e-01;1.9250000e+02;1.6687088e-01;1.9250000e+02;1.0900486e-01;1.9250000e+02;6.1380073e-02;1.9250000e+02;1.8140554e-02;1.9250000e+02;-2.4031721e-02;1.9250000e+02;-6.6997617e-02;1.9250000e+02;-1.0884981e-01;1.9250000e+02;-1.5201043e-01;1.9250000e+02;-5.8351196e-02;1.9250000e+02;-1.6599640e-02;1.9250000e+02;4.4183187e-02;1.9250000e+02;1.1972594e-01;1.9250000e+02;2.0148998e-01;1.9250000e+02;2.5547194e-01;1.9250000e+02;2.7859068e-01;1.9250000e+02;3.1531924e-01;1.9250000e+02;3.1241241e-01;1.9250000e+02;2.3830758e-01;1.9250000e+02;1.6687088e-01;1.9250000e+02;1.0900486e-01;1.9250000e+02;6.1380073e-02;1.9250000e+02;1.8140554e-02;1.9250000e+02;-2.4031721e-02;1.9250000e+02;-6.6997617e-02;1.9250000e+02;-1.0884981e-01;1.9250000e+02;-1.5201043e-01;1.9250000e+02;-5.8351196e-02;1.9250000e+02;-1.6599640e-02;1.9250000e+02;4.4183187e-02;1.9250000e+02;1.1972594e-01;1.9250000e+02;2.0148998e-01;1.9250000e+02;2.5547194e-01;1.9250000e+02;2.7859068e-01;1.9250000e+02;3.1531924e-01;1.9250000e+02;3.1241241e-01;1.9250000e+02;2.3830758e-01;1.9250000e+02;1.6687088e-01;1.9250000e+02;1.0900486e-01;1.9250000e+02;6.1380073e-02;1.9250000e+02;1.8140554e-02;1.9250000e+02;-2.4031721e-02;1.9250000e+02;-6.6997617e-02;1.9250000e+02;-1.0884981e-01;1.9250000e+02;-1.5201043e-01;1.9250000e+02;-5.8351196e-02;1.9250000e+02;-1.6599640e-02;1.9250000e+02;4.4183187e-02;1.9250000e+02;1.1972594e-01;1.9250000e+02;2.0148998e-01;1.9250000e+02;2.5547194e-01;1.9250000e+02;2.7859068e-01;1.9250000e+02;3.1531924e-01;1.9250000e+02;3.1241241e-01;1.9250000e+02;2.3830758e-01;1.9250000e+02;1.6687088e-01;1.9250000e+02;1.0900486e-01;1.9250000e+02;6.1380073e-02;1.9250000e+02;1.8140554e-02;1.9250000e+02;-2.4031721e-02;1.9250000e+02;-6.6997617e-02;1.9250000e+02;-1.0884981e-01;1.9250000e+02;-1.5201043e-01;1.9250000e+02;-5.8351196e-02;1.9250000e+02;-1.6599640e-02;1.9250000e+02;4.4183187e-02;1.9250000e+02;1.1972594e-01;1.9250000e+02;2.0148998e-01;1.9250000e+02;2.5547194e-01;1.9250000e+02;2.7859068e-01;1.9250000e+02;3.1531924e-01;1.9250000e+02;3.1241241e-01;1.9250000e+02;2.3830758e-01;1.9250000e+02;1.6687088e-01;1.9250000e+02;1.0900486e-01;1.9250000e+02;6.1380073e-02;1.9250000e+02;1.8140554e-02;1.9250000e+02;-2.4031721e-02;1.9250000e+02;-6.6997617e-02;1.9250000e+02;-1.0884981e-01;1.9250000e+02;-1.5201043e-01;1.9250000e+02;-5.8351196e-02;1.9250000e+02;-1.6599640e-02;1.9250000e+02;4.4183187e-02;1.9250000e+02;1.1972594e-01;1.9250000e+02;2.0148998e-01;1.9250000e+02;2.5547194e-01;1.9250000e+02;2.7859068e-01;1.9250000e+02;3.1531924e-01;1.9250000e+02;3.1241241e-01;1.9250000e+02;2.3830758e-01;1.9250000e+02;1.6687088e-01;1.9250000e+02;1.0900486e-01;1.9250000e+02;6.1380073e-02;1.9250000e+02;1.8140554e-02;1.9250000e+02;-2.4031721e-02;1.9250000e+02;-6.6997617e-02;1.9250000e+02;-1.0884981e-01;1.9250000e+02;-1.5201043e-01;1.9250000e+02;-5.8351196e-02;1.9250000e+02;-1.6599640e-02;1.9250000e+02;4.4183187e-02;1.9250000e+02;1.1972594e-01;1.9250000e+02;2.0148998e-01;1.9250000e+02;2.5547194e-01;1.9250000e+02;2.7859068e-01;1.9250000e+02;3.1531924e-01;1.9250000e+02;3.1241241e-01;1.9250000e+02;2.3830758e-01;1.9250000e+02;1.6687088e-01;1.9250000e+02;1.0900486e-01;1.9250000e+02;6.1380073e-02;1.9250000e+02;1.8140554e-02;1.9250000e+02;-2.4031721e-02;1.9250000e+02;-6.6997617e-02;1.9250000e+02;-1.0884981e-01;1.9250000e+02;-1.5201043e-01;1.9250000e+02;-5.8351196e-02;1.9250000e+02;-1.6599640e-02;1.9250000e+02;4.4183187e-02;1.9250000e+02;1.1972594e-01;1.9250000e+02;2.0148998e-01;1.9250000e+02;2.5547194e-01;1.9250000e+02;2.7859068e-01;1.9250000e+02;3.1531924e-01;1.9250000e+02;3.1241241e-01;1.9250000e+02;2.3830758e-01;1.9250000e+02;1.6687088e-01;1.9250000e+02;1.0900486e-01;1.9250000e+02;6.1380073e-02;1.9250000e+02;1.8140554e-02;1.9250000e+02;-2.4031721e-02;1.9250000e+02;-6.6997617e-02;1.9250000e+02;-1.0884981e-01;1.9250000e+02;-1.5201043e-01;1.9250000e+02;-5.8351196e-02;1.9250000e+02;-1.6599640e-02;1.9250000e+02;4.4183187e-02;1.9250000e+02;1.1972594e-01;1.9250000e+02;2.0148998e-01;1.9250000e+02;2.5547194e-01;1.9250000e+02;2.7859068e-01;1.9250000e+02;3.1531924e-01;1.9250000e+02;3.1241241e-01;1.9250000e+02;2.3830758e-01;1.9250000e+02;1.6687088e-01;1.9250000e+02;1.0900486e-01;1.9250000e+02;6.1380073e-02;1.9250000e+02;1.8140554e-02;1.9250000e+02;-2.4031721e-02;1.9250000e+02;-6.6997617e-02;1.9250000e+02;-1.0884981e-01;1.9250000e+02;-1.5201043e-01;1.9250000e+02;-5.8351196e-02;1.9250000e+02;-1.6599640e-02;1.9250000e+02;4.4183187e-02;1.9250000e+02;1.1972594e-01;1.9250000e+02;2.0148998e-01;1.9250000e+02;2.5547194e-01;1.9250000e+02;2.7859068e-01;1.9250000e+02;3.1531924e-01;1.9250000e+02;3.1241241e-01;1.9250000e+02;2.3830758e-01;1.9250000e+02;1.6687088e-01;1.9250000e+02;1.0900486e-01;1.9250000e+02;6.1380073e-02;1.9250000e+02;1.8140554e-02;1.9250000e+02;-2.4031721e-02;1.9250000e+02;-6.6997617e-02;1.9250000e+02;-1.0884981e-01;1.9250000e+02;-1.5201043e-01;1.9250000e+02;-5.8351196e-02;1.9250000e+02;-1.6599640e-02;1.9250000e+02;4.4183187e-02;1.9250000e+02;1.1972594e-01;1.9250000e+02;2.0148998e-01;1.9250000e+02;2.5547194e-01;1.9250000e+02;2.7859068e-01;1.9250000e+02;3.1531924e-01;1.9250000e+02;3.1241241e-01;1.9250000e+02;2.3830758e-01;1.9250000e+02;1.6687088e-01;1.9250000e+02;1.0900486e-01;1.9250000e+02;6.1380073e-02;1.9250000e+02;1.8140554e-02;1.9250000e+02;-2.4031721e-02;1.9250000e+02;-6.6997617e-02;1.9250000e+02;-1.0884981e-01;1.9250000e+02;-1.5201043e-01;1.9250000e+02;-5.8351196e-02;1.9250000e+02;-1.6599640e-02;1.9250000e+02;4.4183187e-02;1.9250000e+02;1.1972594e-01;1.9250000e+02;2.0148998e-01;1.9250000e+02;2.5547194e-01;1.9250000e+02;2.7859068e-01;1.9250000e+02;3.1531924e-01;1.9250000e+02;3.1241241e-01;1.9250000e+02;2.3830758e-01;1.9250000e+02;1.6687088e-01;1.9250000e+02;1.0900486e-01;1.9250000e+02;6.1380073e-02;1.9250000e+02;1.8140554e-02;1.9250000e+02;-2.4031721e-02;1.9250000e+02;-6.6997617e-02;1.9250000e+02;-1.0884981e-01;1.9250000e+02;-1.5201043e-01;1.9250000e+02;-5.8351196e-02;1.9250000e+02;-1.6599640e-02;1.9250000e+02;4.4183187e-02;1.9250000e+02;1.1972594e-01;1.9250000e+02;2.0148998e-01;1.9250000e+02;2.5547194e-01;1.9250000e+02;2.7859068e-01;1.9250000e+02;3.1531924e-01;1.9250000e+02;3.1241241e-01;1.9250000e+02;2.3830758e-01;1.9250000e+02;1.6687088e-01;1.9250000e+02;1.0900486e-01;1.9250000e+02;6.1380073e-02;1.9250000e+02;1.8140554e-02;1.9250000e+02;-2.4031721e-02;1.9250000e+02;-6.6997617e-02;1.9250000e+02;-1.0884981e-01;1.9250000e+02;-1.5201043e-01;1.9250000e+02;-5.8351196e-02;1.9250000e+02;-1.6599640e-02;1.9250000e+02;4.4183187e-02;1.9250000e+02;1.1972594e-01;1.9250000e+02;2.0148998e-01;1.9250000e+02;2.5547194e-01;1.9250000e+02;2.7859068e-01;1.9250000e+02;3.1531924e-01;1.9250000e+02;3.1241241e-01;1.9250000e+02;2.3830758e-01;1.9250000e+02;1.6687088e-01;1.9250000e+02;1.0900486e-01;1.9250000e+02;6.1380073e-02;1.9250000e+02;1.8140554e-02;1.9250000e+02;-2.4031721e-02;1.9250000e+02;-6.6997617e-02;1.9250000e+02;-1.0884981e-01;1.9250000e+02;-1.5201043e-01;1.9250000e+02;-5.8351196e-02;1.9250000e+02;-1.6599640e-02;1.9250000e+02;4.4183187e-02;1.9250000e+02;1.1972594e-01;1.9250000e+02;2.0148998e-01;1.9250000e+02;2.5547194e-01;1.9250000e+02;2.7859068e-01;1.9250000e+02;3.1531924e-01;1.9250000e+02;3.1241241e-01;1.9250000e+02;2.3830758e-01;1.9250000e+02;1.6687088e-01;1.9250000e+02;1.0900486e-01;1.9250000e+02;6.1380073e-02;1.9250000e+02;1.8140554e-02;1.9250000e+02;-2.4031721e-02;1.9250000e+02;-6.6997617e-02;1.9250000e+02;-1.0884981e-01;1.9250000e+02;-1.5201043e-01;1.9250000e+02;-5.8351196e-02;1.9250000e+02;-1.6599640e-02;1.9250000e+02;4.4183187e-02;1.9250000e+02;1.1972594e-01;1.9250000e+02;2.0148998e-01;1.9250000e+02;2.5547194e-01;1.9250000e+02;2.7859068e-01;1.9250000e+02;3.1531924e-01;1.9250000e+02;3.1241241e-01;1.9250000e+02;2.3830758e-01;1.9250000e+02;1.6687088e-01;1.9250000e+02;1.0900486e-01;1.9250000e+02;6.1380073e-02;1.9250000e+02;1.8140554e-02;1.9250000e+02;-2.4031721e-02;1.9250000e+02;-6.6997617e-02;1.9250000e+02;-1.0884981e-01;1.9250000e+02;-1.5201043e-01;1.9250000e+02;-5.8351196e-02;1.9250000e+02;-1.6599640e-02;1.9250000e+02;4.4183187e-02;1.9250000e+02;1.1972594e-01;1.9250000e+02;2.0148998e-01;1.9250000e+02;2.5547194e-01;1.9250000e+02;2.7859068e-01;1.9250000e+02;3.1531924e-01;1.9250000e+02;3.1241241e-01;1.9250000e+02;2.3830758e-01;1.9250000e+02;1.6687088e-01;1.9250000e+02;1.0900486e-01;1.9250000e+02;6.1380073e-02;1.9250000e+02;1.8140554e-02;1.9250000e+02;-2.4031721e-02;1.9250000e+02;-6.6997617e-02;1.9250000e+02;-1.0884981e-01;1.9250000e+02;-1.5201043e-01;1.9250000e+02;-5.8351196e-02;1.9250000e+02;-1.6599640e-02;1.9250000e+02;4.4183187e-02;1.9250000e+02;1.1972594e-01;1.9250000e+02;2.0148998e-01;1.9250000e+02;2.5547194e-01;1.9250000e+02;2.7859068e-01;1.9250000e+02;3.1531924e-01;1.9250000e+02;3.1241241e-01;1.9250000e+02;2.3830758e-01;1.9250000e+02;1.6687088e-01;1.9250000e+02;1.0900486e-01;1.9250000e+02;6.1380073e-02;1.9250000e+02;1.8140554e-02;1.9250000e+02;-2.4031721e-02;1.9250000e+02;-6.6997617e-02;1.9250000e+02;-1.0884981e-01;1.9250000e+02;-1.5201043e-01;1.9250000e+02;-5.8351196e-02;1.9250000e+02;-1.6599640e-02;1.9250000e+02;4.4183187e-02;1.9250000e+02;1.1972594e-01;1.9250000e+02;2.0148998e-01;1.9250000e+02;2.5547194e-01;1.9250000e+02;2.7859068e-01;1.9250000e+02;3.1531924e-01;1.9250000e+02;3.1241241e-01;1.9250000e+02;2.3830758e-01;1.9250000e+02;1.6687088e-01;1.9250000e+02;1.0900486e-01;1.9250000e+02;6.1380073e-02;1.9250000e+02;1.8140554e-02;1.9250000e+02;-2.4031721e-02;1.9250000e+02;-6.6997617e-02;1.9250000e+02;-1.0884981e-01;1.9250000e+02;-1.5201043e-01;1.9250000e+02;-5.8351196e-02;1.9250000e+02;-1.6599640e-02;1.9250000e+02;4.4183187e-02;1.9250000e+02;1.1972594e-01;1.9250000e+02;2.0148998e-01;1.9250000e+02;2.5547194e-01;1.9250000e+02;2.7859068e-01;1.9250000e+02;3.1531924e-01;1.9250000e+02;3.1241241e-01;1.9250000e+02;2.3830758e-01;1.9250000e+02;1.6687088e-01;1.9250000e+02;1.0900486e-01;1.9250000e+02;6.1380073e-02;1.9250000e+02;1.8140554e-02;1.9250000e+02;-2.4031721e-02;1.9250000e+02;-6.6997617e-02;1.9250000e+02;-1.0884981e-01;1.9250000e+02;-1.5201043e-01;1.9250000e+02;-5.8351196e-02;1.9250000e+02;-1.6599640e-02;1.9250000e+02;4.4183187e-02;1.9250000e+02;1.1972594e-01;1.9250000e+02;2.0148998e-01;1.9250000e+02;2.5547194e-01;1.9250000e+02;2.7859068e-01;1.9250000e+02;3.1531924e-01;1.9250000e+02;3.1241241e-01;1.9250000e+02;2.3830758e-01;1.9250000e+02;1.6687088e-01;1.9250000e+02;1.0900486e-01;1.9250000e+02;6.1380073e-02;1.9250000e+02;1.8140554e-02;1.9250000e+02;-2.4031721e-02;1.9250000e+02;-6.6997617e-02;1.9250000e+02;-1.0884981e-01;1.9250000e+02;-1.5201043e-01;1.9250000e+02;-5.8351196e-02;1.9250000e+02;-1.6599640e-02;1.9250000e+02;4.4183187e-02;1.9250000e+02;1.1972594e-01;1.9250000e+02;2.0148998e-01;1.9250000e+02;2.5547194e-01;1.9250000e+02;2.7859068e-01;1.9250000e+02;3.1531924e-01;1.9250000e+02;3.1241241e-01;1.9250000e+02;2.3830758e-01;1.9250000e+02;1.6687088e-01;1.9250000e+02;1.0900486e-01;1.9250000e+02;6.1380073e-02;1.9250000e+02;1.8140554e-02;1.9250000e+02;-2.4031721e-02;1.9250000e+02;-6.6997617e-02;1.9250000e+02;-1.0884981e-01;1.9250000e+02;-1.5201043e-01;1.9250000e+02;-5.8351196e-02;1.9250000e+02;-1.6599640e-02;1.9250000e+02;4.4183187e-02;1.9250000e+02;1.1972594e-01;1.9250000e+02;2.0148998e-01;1.9250000e+02;2.5547194e-01;1.9250000e+02;2.7859068e-01;1.9250000e+02;3.1531924e-01;1.9250000e+02;3.1241241e-01;1.9250000e+02;2.3830758e-01;1.9250000e+02;1.6687088e-01;1.9250000e+02;1.0900486e-01;1.9250000e+02;6.1380073e-02;1.9250000e+02;1.8140554e-02;1.9250000e+02;-2.4031721e-02;1.9250000e+02;-6.6997617e-02;1.9250000e+02;-1.0884981e-01;1.9250000e+02;-1.5201043e-01;1.9250000e+02;-5.8351196e-02;1.9250000e+02;-1.6599640e-02;1.9250000e+02;4.4183187e-02;1.9250000e+02;1.1972594e-01;1.9250000e+02;2.0148998e-01;1.9250000e+02;2.5547194e-01;1.9250000e+02;2.7859068e-01;1.9250000e+02;3.1531924e-01;1.9250000e+02;3.1241241e-01;1.9250000e+02;2.3830758e-01;1.9250000e+02;1.6687088e-01;1.9250000e+02;1.0900486e-01;1.9250000e+02;6.1380073e-02;1.9250000e+02;1.8140554e-02;1.9250000e+02;-2.4031721e-02;1.9250000e+02;-6.6997617e-02;1.9250000e+02;-1.0884981e-01;1.9250000e+02;-1.5201043e-01;1.9250000e+02;-5.8351196e-02;1.9250000e+02;-1.6599640e-02;1.9250000e+02;4.4183187e-02;1.9250000e+02;1.1972594e-01;1.9250000e+02;2.0148998e-01;1.9250000e+02;2.5547194e-01;1.9250000e+02;2.7859068e-01;1.9250000e+02;3.1531924e-01;1.9250000e+02;3.1241241e-01;1.9250000e+02;2.3830758e-01;1.9250000e+02;1.6687088e-01;1.9250000e+02;1.0900486e-01;1.9250000e+02;6.1380073e-02;1.9250000e+02;1.8140554e-02;1.9250000e+02;-2.4031721e-02;1.9250000e+02;-6.6997617e-02;1.9250000e+02;-1.0884981e-01;1.9250000e+02;-1.5201043e-01;1.9250000e+02;-5.8351196e-02;1.9250000e+02;-1.6599640e-02;1.9250000e+02;4.4183187e-02;1.9250000e+02;1.1972594e-01;1.9250000e+02;2.0148998e-01;1.9250000e+02;2.5547194e-01;1.9250000e+02;2.7859068e-01;1.9250000e+02;3.1531924e-01;1.9250000e+02;3.1241241e-01;1.9250000e+02;2.3830758e-01;1.9250000e+02;1.6687088e-01;1.9250000e+02;1.0900486e-01;1.9250000e+02;6.1380073e-02;1.9250000e+02;1.8140554e-02;1.9250000e+02;-2.4031721e-02;1.9250000e+02;-6.6997617e-02;1.9250000e+02;-1.0884981e-01;1.9250000e+02;-1.5201043e-01;1.9250000e+02;-5.8351196e-02;1.9250000e+02;-1.6599640e-02;1.9250000e+02;4.4183187e-02;1.9250000e+02;1.1972594e-01;1.9250000e+02;2.0148998e-01;1.9250000e+02;2.5547194e-01;1.9250000e+02;2.7859068e-01;1.9250000e+02;3.1531924e-01;1.9250000e+02;3.1241241e-01;1.9250000e+02;2.3830758e-01;1.9250000e+02;1.6687088e-01;1.9250000e+02;1.0900486e-01;1.9250000e+02;6.1380073e-02;1.9250000e+02;1.8140554e-02;1.9250000e+02;-2.4031721e-02;1.9250000e+02;-6.6997617e-02;1.9250000e+02;-1.0884981e-01;1.9250000e+02;-1.5201043e-01;1.9250000e+02;-5.8351196e-02;1.9250000e+02;-1.6599640e-02;1.9250000e+02;4.4183187e-02;1.9250000e+02;1.1972594e-01;1.9250000e+02;2.0148998e-01;1.9250000e+02;2.5547194e-01;1.9250000e+02;2.7859068e-01;1.9250000e+02;3.1531924e-01;1.9250000e+02;3.1241241e-01;1.9250000e+02;2.3830758e-01;1.9250000e+02;1.6687088e-01;1.9250000e+02;1.0900486e-01;1.9250000e+02;6.1380073e-02;1.9250000e+02;1.8140554e-02;1.9250000e+02;-2.4031721e-02;1.9250000e+02;-6.6997617e-02;1.9250000e+02;-1.0884981e-01;1.9250000e+02;-1.5201043e-01;1.9250000e+02;-5.8351196e-02;1.9250000e+02;-1.6599640e-02;1.9250000e+02;4.4183187e-02;1.9250000e+02;1.1972594e-01;1.9250000e+02;2.0148998e-01;1.9250000e+02;2.5547194e-01;1.9250000e+02;2.7859068e-01;1.9250000e+02;3.1531924e-01;1.9250000e+02;3.1241241e-01;1.9250000e+02;2.3830758e-01;1.9250000e+02;1.6687088e-01;1.9250000e+02;1.0900486e-01;1.9250000e+02;6.1380073e-02;1.9250000e+02;1.8140554e-02;1.9250000e+02;-2.4031721e-02;1.9250000e+02;-6.6997617e-02;1.9250000e+02;-1.0884981e-01;1.9250000e+02;-1.5201043e-01;1.9250000e+02;-5.8351196e-02;1.9250000e+02;-1.6599640e-02;1.9250000e+02;4.4183187e-02;1.9250000e+02;1.1972594e-01;1.9250000e+02;2.0148998e-01;1.9250000e+02;2.5547194e-01;1.9250000e+02;2.7859068e-01;1.9250000e+02;3.1531924e-01;1.9250000e+02;3.1241241e-01;1.9250000e+02;2.3830758e-01;1.9250000e+02;1.6687088e-01;1.9250000e+02;1.0900486e-01;1.9250000e+02;6.1380073e-02;1.9250000e+02;1.8140554e-02;1.9250000e+02;-2.4031721e-02;1.9250000e+02;-6.6997617e-02;1.9250000e+02;-1.0884981e-01;1.9250000e+02;-1.5201043e-01;1.9250000e+02;-5.8351196e-02;1.9250000e+02;-1.6599640e-02;1.9250000e+02;4.4183187e-02;1.9250000e+02;1.1972594e-01;1.9250000e+02;2.0148998e-01;1.9250000e+02;2.5547194e-01;1.9250000e+02;2.7859068e-01;1.9250000e+02;3.1531924e-01;1.9250000e+02;3.1241241e-01;1.9250000e+02;2.3830758e-01;1.9250000e+02;1.6687088e-01;1.9250000e+02;1.0900486e-01;1.9250000e+02;6.1380073e-02;1.9250000e+02;1.8140554e-02;1.9250000e+02;-2.4031721e-02;1.9250000e+02;-6.6997617e-02;1.9250000e+02;-1.0884981e-01;1.9250000e+02;-1.5201043e-01;1.9250000e+02;-5.8351196e-02;1.9250000e+02;-1.6599640e-02;1.9250000e+02;4.4183187e-02;1.9250000e+02;1.1972594e-01;1.9250000e+02;2.0148998e-01;1.9250000e+02;2.5547194e-01;1.9250000e+02;2.7859068e-01;1.9250000e+02;3.1531924e-01;1.9250000e+02;3.1241241e-01;1.9250000e+02;2.3830758e-01;1.9250000e+02;1.6687088e-01;1.9250000e+02;1.0900486e-01;1.9250000e+02;6.1380073e-02;1.9250000e+02;1.8140554e-02;1.9250000e+02;-2.4031721e-02;1.9250000e+02;-6.6997617e-02;1.9250000e+02;-1.0884981e-01;1.9250000e+02;-1.5201043e-01;1.9250000e+02;-5.8351196e-02;1.9250000e+02;-1.6599640e-02;1.9250000e+02;4.4183187e-02;1.9250000e+02;1.1972594e-01;1.9250000e+02;2.0148998e-01;1.9250000e+02;2.5547194e-01;1.9250000e+02;2.7859068e-01;1.9250000e+02;3.1531924e-01;1.9250000e+02;3.1241241e-01;1.9250000e+02;2.3830758e-01;1.9250000e+02;1.6687088e-01;1.9250000e+02;1.0900486e-01;1.9250000e+02;6.1380073e-02;1.9250000e+02;1.8140554e-02;1.9250000e+02;-2.4031721e-02;1.9250000e+02;-6.6997617e-02;1.9250000e+02;-1.0884981e-01;1.9250000e+02;-1.5201043e-01;1.9250000e+02;-5.8351196e-02;1.9250000e+02;-1.6599640e-02;1.9250000e+02;4.4183187e-02;1.9250000e+02;1.1972594e-01;1.9250000e+02;2.0148998e-01;1.9250000e+02;2.5547194e-01;1.9250000e+02;2.7859068e-01;1.9250000e+02;3.1531924e-01;1.9250000e+02;3.1241241e-01;1.9250000e+02;2.3830758e-01;1.9250000e+02;1.6687088e-01;1.9250000e+02;1.0900486e-01;1.9250000e+02;6.1380073e-02;1.9250000e+02;1.8140554e-02;1.9250000e+02;-2.4031721e-02;1.9250000e+02;-6.6997617e-02;1.9250000e+02;-1.0884981e-01;1.9250000e+02;-1.5201043e-01;1.9250000e+02;-5.8351196e-02;1.9250000e+02;-1.6599640e-02;1.9250000e+02;4.4183187e-02;1.9250000e+02;1.1972594e-01;1.9250000e+02;2.0148998e-01;1.9250000e+02;2.5547194e-01;1.9250000e+02;2.7859068e-01;1.9250000e+02;3.1531924e-01;1.9250000e+02;3.1241241e-01;1.9250000e+02;2.3830758e-01;1.9250000e+02;1.6687088e-01;1.9250000e+02;1.0900486e-01;1.9250000e+02;6.1380073e-02;1.9250000e+02;1.8140554e-02;1.9250000e+02;-2.4031721e-02;1.9250000e+02;-6.6997617e-02;1.9250000e+02;-1.0884981e-01;1.9250000e+02;-1.5201043e-01;1.9250000e+02;-5.8351196e-02;1.9250000e+02;-1.6599640e-02;1.9250000e+02;4.4183187e-02;1.9250000e+02;1.1972594e-01;1.9250000e+02;2.0148998e-01;1.9250000e+02;2.5547194e-01;1.9250000e+02;2.7859068e-01;1.9250000e+02;3.1531924e-01;1.9250000e+02;3.1241241e-01;1.9250000e+02;2.3830758e-01;1.9250000e+02;1.6687088e-01;1.9250000e+02;1.0900486e-01;1.9250000e+02;6.1380073e-02;1.9250000e+02;1.8140554e-02;1.9250000e+02;-2.4031721e-02;1.9250000e+02;-6.6997617e-02;1.9250000e+02;-1.0884981e-01;1.9250000e+02;-1.5201043e-01;1.9250000e+02;-5.8351196e-02;1.9250000e+02;-1.6599640e-02;1.9250000e+02;4.4183187e-02;1.9250000e+02;1.1972594e-01;1.9250000e+02;2.0148998e-01;1.9250000e+02;2.5547194e-01;1.9250000e+02;2.7859068e-01;1.9250000e+02;3.1531924e-01;1.9250000e+02;3.1241241e-01;1.9250000e+02;2.3830758e-01;1.9250000e+02;1.6687088e-01;1.9250000e+02;1.0900486e-01;1.9250000e+02;6.1380073e-02;1.9250000e+02;1.8140554e-02;1.9250000e+02;-2.4031721e-02;1.9250000e+02;-6.6997617e-02;1.9250000e+02;-1.0884981e-01;1.9250000e+02;-1.5201043e-01;1.9250000e+02;-5.8351196e-02;1.9250000e+02;-1.6599640e-02;1.9250000e+02;4.4183187e-02;1.9250000e+02;1.1972594e-01;1.9250000e+02;2.0148998e-01;1.9250000e+02;2.5547194e-01;1.9250000e+02;2.7859068e-01;1.9250000e+02;3.1531924e-01;1.9250000e+02;3.1241241e-01;1.9250000e+02;2.3830758e-01;1.9250000e+02;1.6687088e-01;1.9250000e+02;1.0900486e-01;1.9250000e+02;6.1380073e-02;1.9250000e+02;1.8140554e-02;1.9250000e+02;-2.4031721e-02;1.9250000e+02;-6.6997617e-02;1.9250000e+02;-1.0884981e-01;1.9250000e+02;-1.5201043e-01;1.9250000e+02;-5.8351196e-02;1.9250000e+02;-1.6599640e-02;1.9250000e+02;4.4183187e-02;1.9250000e+02;1.1972594e-01;1.9250000e+02;2.0148998e-01;1.9250000e+02;2.5547194e-01;1.9250000e+02;2.7859068e-01;1.9250000e+02;3.1531924e-01;1.9250000e+02;3.1241241e-01;1.9250000e+02;2.3830758e-01;1.9250000e+02;1.6687088e-01;1.9250000e+02;1.0900486e-01;1.9250000e+02;6.1380073e-02;1.9250000e+02;1.8140554e-02;1.9250000e+02;-2.4031721e-02;1.9250000e+02;-6.6997617e-02;1.9250000e+02;-1.0884981e-01;1.9250000e+02;-1.5201043e-01;1.9250000e+02;-5.8351196e-02;1.9250000e+02;-1.6599640e-02;1.9250000e+02;4.4183187e-02;1.9250000e+02;1.1972594e-01;1.9250000e+02;2.0148998e-01;1.9250000e+02;2.5547194e-01;1.9250000e+02;2.7859068e-01;1.9250000e+02;3.1531924e-01;1.9250000e+02;3.1241241e-01;1.9250000e+02;2.3830758e-01;1.9250000e+02;1.6687088e-01;1.9250000e+02;1.0900486e-01;1.9250000e+02;6.1380073e-02;1.9250000e+02;1.8140554e-02;1.9250000e+02;-2.4031721e-02;1.9250000e+02;-6.6997617e-02;1.9250000e+02;-1.0884981e-01;1.9250000e+02;-1.5201043e-01;1.9250000e+02;-5.8351196e-02;1.9250000e+02;-1.6599640e-02;1.9250000e+02;4.4183187e-02;1.9250000e+02;1.1972594e-01;1.9250000e+02;2.0148998e-01;1.9250000e+02;2.5547194e-01;1.9250000e+02;2.7859068e-01;1.9250000e+02;3.1531924e-01;1.9250000e+02;3.1241241e-01;1.9250000e+02;2.3830758e-01;1.9250000e+02;1.6687088e-01;1.9250000e+02;1.0900486e-01;1.9250000e+02;6.1380073e-02;1.9250000e+02;1.8140554e-02;1.9250000e+02;-2.4031721e-02;1.9250000e+02;-6.6997617e-02;1.9250000e+02;-1.0884981e-01;1.9250000e+02;-1.5201043e-01;1.9250000e+02;-5.8351196e-02;1.9250000e+02;-1.6599640e-02;1.9250000e+02;4.4183187e-02;1.9250000e+02;1.1972594e-01;1.9250000e+02;2.0148998e-01;1.9250000e+02;2.5547194e-01;1.9250000e+02;2.7859068e-01;1.9250000e+02;3.1531924e-01;1.9250000e+02;3.1241241e-01;1.9250000e+02;2.3830758e-01;1.9250000e+02;1.6687088e-01;1.9250000e+02;1.0900486e-01;1.9250000e+02;6.1380073e-02;1.9250000e+02;1.8140554e-02;1.9250000e+02;-2.4031721e-02;1.9250000e+02;-6.6997617e-02;1.9250000e+02;-1.0884981e-01;1.9250000e+02;-1.5201043e-01;1.9250000e+02;-5.8351196e-02;1.9250000e+02;-1.6599640e-02;1.9250000e+02;4.4183187e-02;1.9250000e+02;1.1972594e-01;1.9250000e+02;2.0148998e-01;1.9250000e+02;2.5547194e-01;1.9250000e+02;2.7859068e-01;1.9250000e+02;3.1531924e-01;1.9250000e+02;3.1241241e-01;1.9250000e+02;2.3830758e-01;1.9250000e+02;1.6687088e-01;1.9250000e+02;1.0900486e-01;1.9250000e+02;6.1380073e-02;1.9250000e+02;1.8140554e-02;1.9250000e+02;-2.4031721e-02;1.9250000e+02;-6.6997617e-02;1.9250000e+02;-1.0884981e-01;1.9250000e+02;-1.5201043e-01;1.9250000e+02;-5.8351196e-02;1.9250000e+02;-1.6599640e-02;1.9250000e+02;4.4183187e-02;1.9250000e+02;1.1972594e-01;1.9250000e+02;2.0148998e-01;1.9250000e+02;2.5547194e-01;1.9250000e+02;2.7859068e-01;1.9250000e+02;3.1531924e-01;1.9250000e+02;3.1241241e-01;1.9250000e+02;2.3830758e-01;1.9250000e+02;1.6687088e-01;1.9250000e+02;1.0900486e-01;1.9250000e+02;6.1380073e-02;1.9250000e+02;1.8140554e-02;1.9250000e+02;-2.4031721e-02;1.9250000e+02;-6.6997617e-02;1.9250000e+02;-1.0884981e-01;1.9250000e+02;-1.5201043e-01;1.9250000e+02;-5.8351196e-02;1.9250000e+02;-1.6599640e-02;1.9250000e+02;4.4183187e-02;1.9250000e+02;1.1972594e-01;1.9250000e+02;2.0148998e-01;1.9250000e+02;2.5547194e-01;1.9250000e+02;2.7859068e-01;1.9250000e+02;3.1531924e-01;1.9250000e+02;3.1241241e-01;1.9250000e+02;2.3830758e-01;1.9250000e+02;1.6687088e-01;1.9250000e+02;1.0900486e-01;1.9250000e+02;6.1380073e-02;1.9250000e+02;1.8140554e-02;1.9250000e+02;-2.4031721e-02;1.9250000e+02;-6.6997617e-02;1.9250000e+02;-1.0884981e-01;1.9250000e+02;-1.5201043e-01;1.9250000e+02;-5.8351196e-02;1.9250000e+02;-1.6599640e-02;1.9250000e+02;4.4183187e-02;1.9250000e+02;1.1972594e-01;1.9250000e+02;2.0148998e-01;1.9250000e+02;2.5547194e-01;1.9250000e+02;2.7859068e-01;1.9250000e+02;3.1531924e-01;1.9250000e+02;3.1241241e-01;1.9250000e+02;2.3830758e-01;1.9250000e+02;1.6687088e-01;1.9250000e+02;1.0900486e-01;1.9250000e+02;6.1380073e-02;1.9250000e+02;1.8140554e-02;1.9250000e+02;-2.4031721e-02;1.9250000e+02;-6.6997617e-02;1.9250000e+02;-1.0884981e-01;1.9250000e+02;-1.5201043e-01;1.9250000e+02;-5.8351196e-02;1.9250000e+02;-1.6599640e-02;1.9250000e+02;4.4183187e-02;1.9250000e+02;1.1972594e-01;1.9250000e+02;2.0148998e-01;1.9250000e+02;2.5547194e-01;1.9250000e+02;2.7859068e-01;1.9250000e+02;3.1531924e-01;1.9250000e+02;3.1241241e-01;1.9250000e+02;2.3830758e-01;1.9250000e+02;1.6687088e-01;1.9250000e+02;1.0900486e-01;1.9250000e+02;6.1380073e-02;1.9250000e+02;1.8140554e-02;1.9250000e+02;-2.4031721e-02;1.9250000e+02;-6.6997617e-02;1.9250000e+02;-1.0884981e-01;1.9250000e+02;-1.5201043e-01;1.9250000e+02;-5.8351196e-02;1.9250000e+02;-1.6599640e-02;1.9250000e+02;4.4183187e-02;1.9250000e+02;1.1972594e-01;1.9250000e+02;2.0148998e-01;1.9250000e+02;2.5547194e-01;1.9250000e+02;2.7859068e-01;1.9250000e+02;3.1531924e-01;1.9250000e+02;3.1241241e-01;1.9250000e+02;2.3830758e-01;1.9250000e+02;1.6687088e-01;1.9250000e+02;1.0900486e-01;1.9250000e+02;6.1380073e-02;1.9250000e+02;1.8140554e-02;1.9250000e+02;-2.4031721e-02;1.9250000e+02;-6.6997617e-02;1.9250000e+02;-1.0884981e-01;1.9250000e+02;-1.5201043e-01;1.9250000e+02;-5.8351196e-02;1.9250000e+02;-1.6599640e-02;1.9250000e+02;4.4183187e-02;1.9250000e+02;1.1972594e-01;1.9250000e+02;2.0148998e-01;1.9250000e+02;2.5547194e-01;1.9250000e+02;2.7859068e-01;1.9250000e+02;3.1531924e-01;1.9250000e+02;3.1241241e-01;1.9250000e+02;2.3830758e-01;1.9250000e+02;1.6687088e-01;1.9250000e+02;1.0900486e-01;1.9250000e+02;6.1380073e-02;1.9250000e+02;1.8140554e-02;1.9250000e+02;-2.4031721e-02;1.9250000e+02;-6.6997617e-02;1.9250000e+02;-1.0884981e-01;1.9250000e+02;-1.5201043e-01;1.9250000e+02;-5.8351196e-02;1.9250000e+02;-1.6599640e-02;1.9250000e+02;4.4183187e-02;1.9250000e+02;1.1972594e-01;1.9250000e+02;2.0148998e-01;1.9250000e+02;2.5547194e-01;1.9250000e+02;2.7859068e-01;1.9250000e+02;3.1531924e-01;1.9250000e+02;3.1241241e-01;1.9250000e+02;2.3830758e-01;1.9250000e+02;1.6687088e-01;1.9250000e+02;1.0900486e-01;1.9250000e+02;6.1380073e-02;1.9250000e+02;1.8140554e-02;1.9250000e+02;-2.4031721e-02;1.9250000e+02;-6.6997617e-02;1.9250000e+02;-1.0884981e-01;1.9250000e+02;-1.5201043e-01;1.9250000e+02;-5.8351196e-02;1.9250000e+02;-1.6599640e-02;1.9250000e+02;4.4183187e-02;1.9250000e+02;1.1972594e-01;1.9250000e+02;2.0148998e-01;1.9250000e+02;2.5547194e-01;1.9250000e+02;2.7859068e-01;1.9250000e+02;3.1531924e-01;1.9250000e+02;3.1241241e-01;1.9250000e+02;2.3830758e-01;1.9250000e+02;1.6687088e-01;1.9250000e+02;1.0900486e-01;1.9250000e+02;6.1380073e-02;1.9250000e+02;1.8140554e-02;1.9250000e+02;-2.4031721e-02;1.9250000e+02;-6.6997617e-02;1.9250000e+02;-1.0884981e-01;1.9250000e+02;-1.5201043e-01;1.9250000e+02;-5.8351196e-02;1.9250000e+02;-1.6599640e-02;1.9250000e+02;4.4183187e-02;1.9250000e+02;1.1972594e-01;1.9250000e+02;2.0148998e-01;1.9250000e+02;2.5547194e-01;1.9250000e+02;2.7859068e-01;1.9250000e+02;3.1531924e-01;1.9250000e+02;3.1241241e-01;1.9250000e+02;2.3830758e-01;1.9250000e+02;1.6687088e-01;1.9250000e+02;1.0900486e-01;1.9250000e+02;6.1380073e-02;1.9250000e+02;1.8140554e-02;1.9250000e+02;-2.4031721e-02;1.9250000e+02;-6.6997617e-02;1.9250000e+02;-1.0884981e-01;1.9250000e+02;-1.5201043e-01;1.9250000e+02;-5.8351196e-02;1.9250000e+02;-1.6599640e-02;1.9250000e+02;4.4183187e-02;1.9250000e+02;1.1972594e-01;1.9250000e+02;2.0148998e-01;1.9250000e+02;2.5547194e-01;1.9250000e+02;2.7859068e-01;1.9250000e+02;3.1531924e-01;1.9250000e+02;3.1241241e-01;1.9250000e+02;2.3830758e-01;1.9250000e+02;1.6687088e-01;1.9250000e+02;1.0900486e-01;1.9250000e+02;6.1380073e-02;1.9250000e+02;1.8140554e-02;1.9250000e+02;-2.4031721e-02;1.9250000e+02;-6.6997617e-02;1.9250000e+02;-1.0884981e-01;1.9250000e+02;-1.5201043e-01;1.9250000e+02;-5.8351196e-02;1.9250000e+02;-1.6599640e-02;1.9250000e+02;4.4183187e-02;1.9250000e+02;1.1972594e-01;1.9250000e+02;2.0148998e-01;1.9250000e+02;2.5547194e-01;1.9250000e+02;2.7859068e-01;1.9250000e+02;3.1531924e-01;1.9250000e+02;3.1241241e-01;1.9250000e+02;2.3830758e-01;1.9250000e+02;1.6687088e-01;1.9250000e+02;1.0900486e-01;1.9250000e+02;6.1380073e-02;1.9250000e+02;1.8140554e-02;1.9250000e+02;-2.4031721e-02;1.9250000e+02;-6.6997617e-02;1.9250000e+02;-1.0884981e-01;1.9250000e+02;-1.5201043e-01;1.9250000e+02;-5.8351196e-02;1.9250000e+02;-1.6599640e-02;1.9250000e+02;4.4183187e-02;1.9250000e+02;1.1972594e-01;1.9250000e+02;2.0148998e-01;1.9250000e+02;2.5547194e-01;1.9250000e+02;2.7859068e-01;1.9250000e+02;3.1531924e-01;1.9250000e+02;3.1241241e-01;1.9250000e+02;2.3830758e-01;1.9250000e+02;1.6687088e-01;1.9250000e+02;1.0900486e-01;1.9250000e+02;6.1380073e-02;1.9250000e+02;1.8140554e-02;1.9250000e+02;-2.4031721e-02;1.9250000e+02;-6.6997617e-02;1.9250000e+02;-1.0884981e-01;1.9250000e+02;-1.5201043e-01;1.9250000e+02;-5.8351196e-02;1.9250000e+02;-1.6599640e-02;1.9250000e+02;4.4183187e-02;1.9250000e+02;1.1972594e-01;1.9250000e+02;2.0148998e-01;1.9250000e+02;2.5547194e-01;1.9250000e+02;2.7859068e-01;1.9250000e+02;3.1531924e-01;1.9250000e+02;3.1241241e-01;1.9250000e+02;2.3830758e-01;1.9250000e+02;1.6687088e-01;1.9250000e+02;1.0900486e-01;1.9250000e+02;6.1380073e-02;1.9250000e+02;1.8140554e-02;1.9250000e+02;-2.4031721e-02;1.9250000e+02;-6.6997617e-02;1.9250000e+02;-1.0884981e-01;1.9250000e+02;-1.5201043e-01;1.9250000e+02;-5.8351196e-02;1.9250000e+02;-1.6599640e-02;1.9250000e+02;4.4183187e-02;1.9250000e+02;1.1972594e-01;1.9250000e+02;2.0148998e-01;1.9250000e+02;2.5547194e-01;1.9250000e+02;2.7859068e-01;1.9250000e+02;3.1531924e-01;1.9250000e+02;3.1241241e-01;1.9250000e+02;2.3830758e-01;1.9250000e+02;1.6687088e-01;1.9250000e+02;1.0900486e-01;1.9250000e+02;6.1380073e-02;1.9250000e+02;1.8140554e-02;1.9250000e+02;-2.4031721e-02;1.9250000e+02;-6.6997617e-02;1.9250000e+02;-1.0884981e-01;1.9250000e+02;-1.5201043e-01;1.9250000e+02;-5.8351196e-02;1.9250000e+02;-1.6599640e-02;1.9250000e+02;4.4183187e-02;1.9250000e+02;1.1972594e-01;1.9250000e+02;2.0148998e-01;1.9250000e+02;2.5547194e-01;1.9250000e+02;2.7859068e-01;1.9250000e+02;3.1531924e-01;1.9250000e+02;3.1241241e-01;1.9250000e+02;2.3830758e-01;1.9250000e+02;1.6687088e-01;1.9250000e+02;1.0900486e-01;1.9250000e+02;6.1380073e-02;1.9250000e+02;1.8140554e-02;1.9250000e+02;-2.4031721e-02;1.9250000e+02;-6.6997617e-02;1.9250000e+02;-1.0884981e-01;1.9250000e+02;-1.5201043e-01;1.9250000e+02;-5.8351196e-02;1.9250000e+02;-1.6599640e-02;1.9250000e+02;4.4183187e-02;1.9250000e+02;1.1972594e-01;1.9250000e+02;2.0148998e-01;1.9250000e+02;2.5547194e-01;1.9250000e+02;2.7859068e-01;1.9250000e+02;3.1531924e-01;1.9250000e+02;3.1241241e-01;1.9250000e+02;2.3830758e-01;1.9250000e+02;1.6687088e-01;1.9250000e+02;1.0900486e-01;1.9250000e+02;6.1380073e-02;1.9250000e+02;1.8140554e-02;1.9250000e+02;-2.4031721e-02;1.9250000e+02;-6.6997617e-02;1.9250000e+02;-1.0884981e-01;1.9250000e+02;-1.5201043e-01;1.9250000e+02;-5.8351196e-02;1.9250000e+02;-1.6599640e-02;1.9250000e+02;4.4183187e-02;1.9250000e+02;1.1972594e-01;1.9250000e+02;2.0148998e-01;1.9250000e+02;2.5547194e-01;1.9250000e+02;2.7859068e-01;1.9250000e+02;3.1531924e-01;1.9250000e+02;3.1241241e-01;1.9250000e+02;2.3830758e-01;1.9250000e+02;1.6687088e-01;1.9250000e+02;1.0900486e-01;1.9250000e+02;6.1380073e-02;1.9250000e+02;1.8140554e-02;1.9250000e+02;-2.4031721e-02;1.9250000e+02;-6.6997617e-02;1.9250000e+02;-1.0884981e-01;1.9250000e+02;-1.5201043e-01;1.9250000e+02;-5.8351196e-02;1.9250000e+02;-1.6599640e-02;1.9250000e+02;4.4183187e-02;1.9250000e+02;1.1972594e-01;1.9250000e+02;2.0148998e-01;1.9250000e+02;2.5547194e-01;1.9250000e+02;2.7859068e-01;1.9250000e+02;3.1531924e-01;1.9250000e+02;3.1241241e-01;1.9250000e+02;2.3830758e-01;1.9250000e+02;1.6687088e-01;1.9250000e+02;1.0900486e-01;1.9250000e+02;6.1380073e-02;1.9250000e+02;1.8140554e-02;1.9250000e+02;-2.4031721e-02;1.9250000e+02;-6.6997617e-02;1.9250000e+02;-1.0884981e-01;1.9250000e+02;-1.5201043e-01;1.9250000e+02;-5.8351196e-02;1.9250000e+02;-1.6599640e-02;1.9250000e+02;4.4183187e-02;1.9250000e+02;1.1972594e-01;1.9250000e+02;2.0148998e-01;1.9250000e+02;2.5547194e-01;1.9250000e+02;2.7859068e-01;1.9250000e+02;3.1531924e-01;1.9250000e+02;3.1241241e-01;1.9250000e+02;2.3830758e-01;1.9250000e+02;1.6687088e-01;1.9250000e+02;1.0900486e-01;1.9250000e+02;6.1380073e-02;1.9250000e+02;1.8140554e-02;1.9250000e+02;-2.4031721e-02;1.9250000e+02;-6.6997617e-02;1.9250000e+02;-1.0884981e-01;1.9250000e+02;-1.5201043e-01;1.9250000e+02;-5.8351196e-02;1.9250000e+02;-1.6599640e-02;1.9250000e+02;4.4183187e-02;1.9250000e+02;1.1972594e-01;1.9250000e+02;2.0148998e-01;1.9250000e+02;2.5547194e-01;1.9250000e+02;2.7859068e-01;1.9250000e+02;3.1531924e-01;1.9250000e+02;3.1241241e-01;1.9250000e+02;2.3830758e-01;1.9250000e+02;1.6687088e-01;1.9250000e+02;1.0900486e-01;1.9250000e+02;6.1380073e-02;1.9250000e+02;1.8140554e-02;1.9250000e+02;-2.4031721e-02;1.9250000e+02;-6.6997617e-02;1.9250000e+02;-1.0884981e-01;1.9250000e+02;-1.5201043e-01;1.9250000e+02;-5.8351196e-02;1.9250000e+02;-1.6599640e-02;1.9250000e+02;4.4183187e-02;1.9250000e+02;1.1972594e-01;1.9250000e+02;2.0148998e-01;1.9250000e+02;2.5547194e-01;1.9250000e+02;2.7859068e-01;1.9250000e+02;3.1531924e-01;1.9250000e+02;3.1241241e-01;1.9250000e+02;2.3830758e-01;1.9250000e+02;1.6687088e-01;1.9250000e+02;1.0900486e-01;1.9250000e+02;6.1380073e-02;1.9250000e+02;1.8140554e-02;1.9250000e+02;-2.4031721e-02;1.9250000e+02;-6.6997617e-02;1.9250000e+02;-1.0884981e-01;1.9250000e+02;-1.5201043e-01;1.9250000e+02;-5.8351196e-02;1.9250000e+02;-1.6599640e-02;1.9250000e+02;4.4183187e-02;1.9250000e+02;1.1972594e-01;1.9250000e+02;2.0148998e-01;1.9250000e+02;2.5547194e-01;1.9250000e+02;2.7859068e-01;1.9250000e+02;3.1531924e-01;1.9250000e+02;3.1241241e-01;1.9250000e+02;2.3830758e-01;1.9250000e+02;1.6687088e-01;1.9250000e+02;1.0900486e-01;1.9250000e+02;6.1380073e-02;1.9250000e+02;1.8140554e-02;1.9250000e+02;-2.4031721e-02;1.9250000e+02;-6.6997617e-02;1.9250000e+02;-1.0884981e-01;1.9250000e+02;-1.5201043e-01;1.9250000e+02;-5.8351196e-02;1.9250000e+02;-1.6599640e-02;1.9250000e+02;4.4183187e-02;1.9250000e+02;1.1972594e-01;1.9250000e+02;2.0148998e-01;1.9250000e+02;2.5547194e-01;1.9250000e+02;2.7859068e-01;1.9250000e+02;3.1531924e-01;1.9250000e+02;3.1241241e-01;1.9250000e+02;2.3830758e-01;1.9250000e+02;1.6687088e-01;1.9250000e+02;1.0900486e-01;1.9250000e+02;6.1380073e-02;1.9250000e+02;1.8140554e-02;1.9250000e+02;-2.4031721e-02;1.9250000e+02;-6.6997617e-02;1.9250000e+02;-1.0884981e-01;1.9250000e+02;-1.5201043e-01;1.9250000e+02;-5.8351196e-02;1.9250000e+02;-1.6599640e-02;1.9250000e+02;4.4183187e-02;1.9250000e+02;1.1972594e-01;1.9250000e+02;2.0148998e-01;1.9250000e+02;2.5547194e-01;1.9250000e+02;2.7859068e-01;1.9250000e+02;3.1531924e-01;1.9250000e+02;3.1241241e-01;1.9250000e+02;2.3830758e-01;1.9250000e+02;1.6687088e-01;1.9250000e+02;1.0900486e-01;1.9250000e+02;6.1380073e-02;1.9250000e+02;1.8140554e-02;1.9250000e+02;-2.4031721e-02;1.9250000e+02;-6.6997617e-02;1.9250000e+02;-1.0884981e-01;1.9250000e+02;-1.5201043e-01;1.9250000e+02;-5.8351196e-02;1.9250000e+02;-1.6599640e-02;1.9250000e+02;4.4183187e-02;1.9250000e+02;1.1972594e-01;1.9250000e+02;2.0148998e-01;1.9250000e+02;2.5547194e-01;1.9250000e+02;2.7859068e-01;1.9250000e+02;3.1531924e-01;1.9250000e+02;3.1241241e-01;1.9250000e+02;2.3830758e-01;1.9250000e+02;1.6687088e-01;1.9250000e+02;1.0900486e-01;1.9250000e+02;6.1380073e-02;1.9250000e+02;1.8140554e-02;1.9250000e+02;-2.4031721e-02;1.9250000e+02;-6.6997617e-02;1.9250000e+02;-1.0884981e-01;1.9250000e+02;-1.5201043e-01;1.9250000e+02;-5.8351196e-02;1.9250000e+02;-1.6599640e-02;1.9250000e+02;4.4183187e-02;1.9250000e+02;1.1972594e-01;1.9250000e+02;2.0148998e-01;1.9250000e+02;2.5547194e-01;1.9250000e+02;2.7859068e-01;1.9250000e+02;3.1531924e-01;1.9250000e+02;3.1241241e-01;1.9250000e+02;2.3830758e-01;1.9250000e+02;1.6687088e-01;1.9250000e+02;1.0900486e-01;1.9250000e+02;6.1380073e-02;1.9250000e+02;1.8140554e-02;1.9250000e+02;-2.4031721e-02;1.9250000e+02;-6.6997617e-02;1.9250000e+02;-1.0884981e-01;1.9250000e+02;-1.5201043e-01;1.9250000e+02;-5.8351196e-02;1.9250000e+02;-1.6599640e-02;1.9250000e+02;4.4183187e-02;1.9250000e+02;1.1972594e-01;1.9250000e+02;2.0148998e-01;1.9250000e+02;2.5547194e-01;1.9250000e+02;2.7859068e-01;1.9250000e+02;3.1531924e-01;1.9250000e+02;3.1241241e-01;1.9250000e+02;2.3830758e-01;1.9250000e+02;1.6687088e-01;1.9250000e+02;1.0900486e-01;1.9250000e+02;6.1380073e-02;1.9250000e+02;1.8140554e-02;1.9250000e+02;-2.4031721e-02;1.9250000e+02;-6.6997617e-02;1.9250000e+02;-1.0884981e-01;1.9250000e+02;-1.5201043e-01;1.9250000e+02;-5.8351196e-02;1.9250000e+02;-1.6599640e-02;1.9250000e+02;4.4183187e-02;1.9250000e+02;1.1972594e-01;1.9250000e+02;2.0148998e-01;1.9250000e+02;2.5547194e-01;1.9250000e+02;2.7859068e-01;1.9250000e+02;3.1531924e-01;1.9250000e+02;3.1241241e-01;1.9250000e+02;2.3830758e-01;1.9250000e+02;1.6687088e-01;1.9250000e+02;1.0900486e-01;1.9250000e+02;6.1380073e-02;1.9250000e+02;1.8140554e-02;1.9250000e+02;-2.4031721e-02;1.9250000e+02;-6.6997617e-02;1.9250000e+02;-1.0884981e-01;1.9250000e+02;-1.5201043e-01;1.9250000e+02;-5.8351196e-02;1.9250000e+02;-1.6599640e-02;1.9250000e+02;4.4183187e-02;1.9250000e+02;1.1972594e-01;1.9250000e+02;2.0148998e-01;1.9250000e+02;2.5547194e-01;1.9250000e+02;2.7859068e-01;1.9250000e+02;3.1531924e-01;1.9250000e+02;3.1241241e-01;1.9250000e+02;2.3830758e-01;1.9250000e+02;1.6687088e-01;1.9250000e+02;1.0900486e-01;1.9250000e+02;6.1380073e-02;1.9250000e+02;1.8140554e-02;1.9250000e+02;-2.4031721e-02;1.9250000e+02;-6.6997617e-02;1.9250000e+02;-1.0884981e-01;1.9250000e+02;-1.5201043e-01;1.9250000e+02;-5.8351196e-02;1.9250000e+02;-1.6599640e-02;1.9250000e+02;4.4183187e-02;1.9250000e+02;1.1972594e-01;1.9250000e+02;2.0148998e-01;1.9250000e+02;2.5547194e-01;1.9250000e+02;2.7859068e-01;1.9250000e+02;3.1531924e-01;1.9250000e+02;3.1241241e-01;1.9250000e+02;2.3830758e-01;1.9250000e+02;1.6687088e-01;1.9250000e+02;1.0900486e-01;1.9250000e+02;6.1380073e-02;1.9250000e+02;1.8140554e-02;1.9250000e+02;-2.4031721e-02;1.9250000e+02;-6.6997617e-02;1.9250000e+02;-1.0884981e-01;1.9250000e+02;-1.5201043e-01;1.9250000e+02;-5.8351196e-02;1.9250000e+02;-1.6599640e-02;1.9250000e+02;4.4183187e-02;1.9250000e+02;1.1972594e-01;1.9250000e+02;2.0148998e-01;1.9250000e+02;2.5547194e-01;1.9250000e+02;2.7859068e-01;1.9250000e+02;3.1531924e-01;1.9250000e+02;3.1241241e-01;1.9250000e+02;2.3830758e-01;1.9250000e+02;1.6687088e-01;1.9250000e+02;1.0900486e-01;1.9250000e+02;6.1380073e-02;1.9250000e+02;1.8140554e-02;1.9250000e+02;-2.4031721e-02;1.9250000e+02;-6.6997617e-02;1.9250000e+02;-1.0884981e-01;1.9250000e+02;-1.5201043e-01;1.9250000e+02;-5.8351196e-02;1.9250000e+02;-1.6599640e-02;1.9250000e+02;4.4183187e-02;1.9250000e+02;1.1972594e-01;1.9250000e+02;2.0148998e-01;1.9250000e+02;2.5547194e-01;1.9250000e+02;2.7859068e-01;1.9250000e+02;3.1531924e-01;1.9250000e+02;3.1241241e-01;1.9250000e+02;2.3830758e-01;1.9250000e+02;1.6687088e-01;1.9250000e+02;1.0900486e-01;1.9250000e+02;6.1380073e-02;1.9250000e+02;1.8140554e-02;1.9250000e+02;-2.4031721e-02;1.9250000e+02;-6.6997617e-02;1.9250000e+02;-1.0884981e-01;1.9250000e+02;-1.5201043e-01;1.9250000e+02;-5.8351196e-02;1.9250000e+02;-1.6599640e-02;1.9250000e+02;4.4183187e-02;1.9250000e+02;1.1972594e-01;1.9250000e+02;2.0148998e-01;1.9250000e+02;2.5547194e-01;1.9250000e+02;2.7859068e-01;1.9250000e+02;3.1531924e-01;1.9250000e+02;3.1241241e-01;1.9250000e+02;2.3830758e-01;1.9250000e+02;1.6687088e-01;1.9250000e+02;1.0900486e-01;1.9250000e+02;6.1380073e-02;1.9250000e+02;1.8140554e-02;1.9250000e+02;-2.4031721e-02;1.9250000e+02;-6.6997617e-02;1.9250000e+02;-1.0884981e-01;1.9250000e+02;-1.5201043e-01;1.9250000e+02;-5.8351196e-02;1.9250000e+02;-1.6599640e-02;1.9250000e+02;4.4183187e-02;1.9250000e+02;1.1972594e-01;1.9250000e+02;2.0148998e-01;1.9250000e+02;2.5547194e-01;1.9250000e+02;2.7859068e-01;1.9250000e+02;3.1531924e-01;1.9250000e+02;3.1241241e-01;1.9250000e+02;2.3830758e-01;1.9250000e+02;1.6687088e-01;1.9250000e+02;1.0900486e-01;1.9250000e+02;6.1380073e-02;1.9250000e+02;1.8140554e-02;1.9250000e+02;-2.4031721e-02;1.9250000e+02;-6.6997617e-02;1.9250000e+02;-1.0884981e-01;1.9250000e+02;-1.5201043e-01;1.9250000e+02;-5.8351196e-02;1.9250000e+02;-1.6599640e-02;1.9250000e+02;4.4183187e-02;1.9250000e+02;1.1972594e-01;1.9250000e+02;2.0148998e-01;1.9250000e+02;2.5547194e-01;1.9250000e+02;2.7859068e-01;1.9250000e+02;3.1531924e-01;1.9250000e+02;3.1241241e-01;1.9250000e+02;2.3830758e-01;1.9250000e+02;1.6687088e-01;1.9250000e+02;1.0900486e-01;1.9250000e+02;6.1380073e-02;1.9250000e+02;1.8140554e-02;1.9250000e+02;-2.4031721e-02;1.9250000e+02;-6.6997617e-02;1.9250000e+02;-1.0884981e-01;1.9250000e+02;-1.5201043e-01;1.9250000e+02;-5.8351196e-02;1.9250000e+02;-1.6599640e-02;1.9250000e+02;4.4183187e-02;1.9250000e+02;1.1972594e-01;1.9250000e+02;2.0148998e-01;1.9250000e+02;2.5547194e-01;1.9250000e+02;2.7859068e-01;1.9250000e+02;3.1531924e-01;1.9250000e+02;3.1241241e-01;1.9250000e+02;2.3830758e-01;1.9250000e+02;1.6687088e-01;1.9250000e+02;1.0900486e-01;1.9250000e+02;6.1380073e-02;1.9250000e+02;1.8140554e-02;1.9250000e+02;-2.4031721e-02;1.9250000e+02;-6.6997617e-02;1.9250000e+02;-1.0884981e-01;1.9250000e+02;-1.5201043e-01;1.9250000e+02;-5.8351196e-02;1.9250000e+02;-1.6599640e-02;1.9250000e+02;4.4183187e-02;1.9250000e+02;1.1972594e-01;1.9250000e+02;2.0148998e-01;1.9250000e+02;2.5547194e-01;1.9250000e+02;2.7859068e-01;1.9250000e+02;3.1531924e-01;1.9250000e+02;3.1241241e-01;1.9250000e+02;2.3830758e-01;1.9250000e+02;1.6687088e-01;1.9250000e+02;1.0900486e-01;1.9250000e+02;6.1380073e-02;1.9250000e+02;1.8140554e-02;1.9250000e+02;-2.4031721e-02;1.9250000e+02;-6.6997617e-02;1.9250000e+02;-1.0884981e-01;1.9250000e+02;-1.5201043e-01;1.9250000e+02;-5.8351196e-02;1.9250000e+02;-1.6599640e-02;1.9250000e+02;4.4183187e-02;1.9250000e+02;1.1972594e-01;1.9250000e+02;2.0148998e-01;1.9250000e+02;2.5547194e-01;1.9250000e+02;2.7859068e-01;1.9250000e+02;3.1531924e-01;1.9250000e+02;3.1241241e-01;1.9250000e+02;2.3830758e-01;1.9250000e+02;1.6687088e-01;1.9250000e+02;1.0900486e-01;1.9250000e+02;6.1380073e-02;1.9250000e+02;1.8140554e-02;1.9250000e+02;-2.4031721e-02;1.9250000e+02;-6.6997617e-02;1.9250000e+02;-1.0884981e-01;1.9250000e+02;-1.5201043e-01;1.9250000e+02;-5.8351196e-02;1.9250000e+02;-1.6599640e-02;1.9250000e+02;4.4183187e-02;1.9250000e+02;1.1972594e-01;1.9250000e+02;2.0148998e-01;1.9250000e+02;2.5547194e-01;1.9250000e+02;2.7859068e-01;1.9250000e+02;3.1531924e-01;1.9250000e+02;3.1241241e-01;1.9250000e+02;2.3830758e-01;1.9250000e+02;1.6687088e-01;1.9250000e+02;1.0900486e-01;1.9250000e+02;6.1380073e-02;1.9250000e+02;1.8140554e-02;1.9250000e+02;-2.4031721e-02;1.9250000e+02;-6.6997617e-02;1.9250000e+02;-1.0884981e-01;1.9250000e+02;-1.5201043e-01;1.9250000e+02;-5.8351196e-02;1.9250000e+02;-1.6599640e-02;1.9250000e+02;4.4183187e-02;1.9250000e+02;1.1972594e-01;1.9250000e+02;2.0148998e-01;1.9250000e+02;2.5547194e-01;1.9250000e+02;2.7859068e-01;1.9250000e+02;3.1531924e-01;1.9250000e+02;3.1241241e-01;1.9250000e+02;2.3830758e-01;1.9250000e+02;1.6687088e-01;1.9250000e+02;1.0900486e-01;1.9250000e+02;6.1380073e-02;1.9250000e+02;1.8140554e-02;1.9250000e+02;-2.4031721e-02;1.9250000e+02;-6.6997617e-02;1.9250000e+02;-1.0884981e-01;1.9250000e+02;-1.5201043e-01;1.9250000e+02;-5.8351196e-02;1.9250000e+02;-1.6599640e-02;1.9250000e+02;4.4183187e-02;1.9250000e+02;1.1972594e-01;1.9250000e+02;2.0148998e-01;1.9250000e+02;2.5547194e-01;1.9250000e+02;2.7859068e-01;1.9250000e+02;3.1531924e-01;1.9250000e+02;3.1241241e-01;1.9250000e+02;2.3830758e-01;1.9250000e+02;1.6687088e-01;1.9250000e+02;1.0900486e-01;1.9250000e+02;6.1380073e-02;1.9250000e+02;1.8140554e-02;1.9250000e+02;-2.4031721e-02;1.9250000e+02;-6.6997617e-02;1.9250000e+02;-1.0884981e-01;1.9250000e+02;-1.5201043e-01;1.9250000e+02;-5.8351196e-02;1.9250000e+02;-1.6599640e-02;1.9250000e+02;4.4183187e-02;1.9250000e+02;1.1972594e-01;1.9250000e+02;2.0148998e-01;1.9250000e+02;2.5547194e-01;1.9250000e+02;2.7859068e-01;1.9250000e+02;3.1531924e-01;1.9250000e+02;3.1241241e-01;1.9250000e+02;2.3830758e-01;1.9250000e+02;1.6687088e-01;1.9250000e+02;1.0900486e-01;1.9250000e+02;6.1380073e-02;1.9250000e+02;1.8140554e-02;1.9250000e+02;-2.4031721e-02;1.9250000e+02;-6.6997617e-02;1.9250000e+02;-1.0884981e-01;1.9250000e+02;-1.5201043e-01;1.9250000e+02;-5.8351196e-02;1.9250000e+02;-1.6599640e-02;1.9250000e+02;4.4183187e-02;1.9250000e+02;1.1972594e-01;1.9250000e+02;2.0148998e-01;1.9250000e+02;2.5547194e-01;1.9250000e+02;2.7859068e-01;1.9250000e+02;3.1531924e-01;1.9250000e+02;3.1241241e-01;1.9250000e+02;2.3830758e-01;1.9250000e+02;1.6687088e-01;1.9250000e+02;1.0900486e-01;1.9250000e+02;6.1380073e-02;1.9250000e+02;1.8140554e-02;1.9250000e+02;-2.4031721e-02;1.9250000e+02;-6.6997617e-02;1.9250000e+02;-1.0884981e-01;1.9250000e+02;-1.5201043e-01;1.9250000e+02;-5.8351196e-02;1.9250000e+02;-1.6599640e-02;1.9250000e+02;4.4183187e-02;1.9250000e+02;1.1972594e-01;1.9250000e+02;2.0148998e-01;1.9250000e+02;2.5547194e-01;1.9250000e+02;2.7859068e-01;1.9250000e+02;3.1531924e-01;1.9250000e+02;3.1241241e-01;1.9250000e+02;2.3830758e-01;1.9250000e+02;1.6687088e-01;1.9250000e+02;1.0900486e-01;1.9250000e+02;6.1380073e-02;1.9250000e+02;1.8140554e-02;1.9250000e+02;-2.4031721e-02;1.9250000e+02;-6.6997617e-02;1.9250000e+02;-1.0884981e-01;1.9250000e+02;-1.5201043e-01;1.9250000e+02;-5.8351196e-02;1.9250000e+02;-1.6599640e-02;1.9250000e+02;4.4183187e-02;1.9250000e+02;1.1972594e-01;1.9250000e+02;2.0148998e-01;1.9250000e+02;2.5547194e-01;1.9250000e+02;2.7859068e-01;1.9250000e+02;3.1531924e-01;1.9250000e+02;3.1241241e-01;1.9250000e+02;2.3830758e-01;1.9250000e+02;1.6687088e-01;1.9250000e+02;1.0900486e-01;1.9250000e+02;6.1380073e-02;1.9250000e+02;1.8140554e-02;1.9250000e+02;-2.4031721e-02;1.9250000e+02;-6.6997617e-02;1.9250000e+02;-1.0884981e-01;1.9250000e+02;-1.5201043e-01;1.9250000e+02;-5.8351196e-02;1.9250000e+02;-1.6599640e-02;1.9250000e+02;4.4183187e-02;1.9250000e+02;1.1972594e-01;1.9250000e+02;2.0148998e-01;1.9250000e+02;2.5547194e-01;1.9250000e+02;2.7859068e-01;1.9250000e+02;3.1531924e-01;1.9250000e+02;3.1241241e-01;1.9250000e+02;2.3830758e-01;1.9250000e+02;1.6687088e-01;1.9250000e+02;1.0900486e-01;1.9250000e+02;6.1380073e-02;1.9250000e+02;1.8140554e-02;1.9250000e+02;-2.4031721e-02;1.9250000e+02;-6.6997617e-02;1.9250000e+02;-1.0884981e-01;1.9250000e+02;-1.5201043e-01;1.9250000e+02;-5.8351196e-02;1.9250000e+02;-1.6599640e-02;1.9250000e+02;4.4183187e-02;1.9250000e+02;1.1972594e-01;1.9250000e+02;2.0148998e-01;1.9250000e+02;2.5547194e-01;1.9250000e+02;2.7859068e-01;1.9250000e+02;3.1531924e-01;1.9250000e+02;3.1241241e-01;1.9250000e+02;2.3830758e-01;1.9250000e+02;1.6687088e-01;1.9250000e+02;1.0900486e-01;1.9250000e+02;6.1380073e-02;1.9250000e+02;1.8140554e-02;1.9250000e+02;-2.4031721e-02;1.9250000e+02;-6.6997617e-02;1.9250000e+02;-1.0884981e-01;1.9250000e+02;-1.5201043e-01;1.9250000e+02;-5.8351196e-02;1.9250000e+02;-1.6599640e-02;1.9250000e+02;4.4183187e-02;1.9250000e+02;1.1972594e-01;1.9250000e+02;2.0148998e-01;1.9250000e+02;2.5547194e-01;1.9250000e+02;2.7859068e-01;1.9250000e+02;3.1531924e-01;1.9250000e+02;3.1241241e-01;1.9250000e+02;2.3830758e-01;1.9250000e+02;1.6687088e-01;1.9250000e+02;1.0900486e-01;1.9250000e+02;6.1380073e-02;1.9250000e+02;1.8140554e-02;1.9250000e+02;-2.4031721e-02;1.9250000e+02;-6.6997617e-02;1.9250000e+02;-1.0884981e-01;1.9250000e+02;-1.5201043e-01;1.9250000e+02;-5.8351196e-02;1.9250000e+02;-1.6599640e-02;1.9250000e+02;4.4183187e-02;1.9250000e+02;1.1972594e-01;1.9250000e+02;2.0148998e-01;1.9250000e+02;2.5547194e-01;1.9250000e+02;2.7859068e-01;1.9250000e+02;3.1531924e-01;1.9250000e+02;3.1241241e-01;1.9250000e+02;2.3830758e-01;1.9250000e+02;1.6687088e-01;1.9250000e+02;1.0900486e-01;1.9250000e+02;6.1380073e-02;1.9250000e+02;1.8140554e-02;1.9250000e+02;-2.4031721e-02;1.9250000e+02;-6.6997617e-02;1.9250000e+02;-1.0884981e-01;1.9250000e+02;-1.5201043e-01;1.9250000e+02;-5.8351196e-02;1.9250000e+02;-1.6599640e-02;1.9250000e+02;4.4183187e-02;1.9250000e+02;1.1972594e-01;1.9250000e+02;2.0148998e-01;1.9250000e+02;2.5547194e-01;1.9250000e+02;2.7859068e-01;1.9250000e+02;3.1531924e-01;1.9250000e+02;3.1241241e-01;1.9250000e+02;2.3830758e-01;1.9250000e+02;1.6687088e-01;1.9250000e+02;1.0900486e-01;1.9250000e+02;6.1380073e-02;1.9250000e+02;1.8140554e-02;1.9250000e+02;-2.4031721e-02;1.9250000e+02;-6.6997617e-02;1.9250000e+02;-1.0884981e-01;1.9250000e+02;-1.5201043e-01;1.9250000e+02;-5.8351196e-02;1.9250000e+02;-1.6599640e-02;1.9250000e+02;4.4183187e-02;1.9250000e+02;1.1972594e-01;1.9250000e+02;2.0148998e-01;1.9250000e+02;2.5547194e-01;1.9250000e+02;2.7859068e-01;1.9250000e+02;3.1531924e-01;1.9250000e+02;3.1241241e-01;1.9250000e+02;2.3830758e-01;1.9250000e+02;1.6687088e-01;1.9250000e+02;1.0900486e-01;1.9250000e+02;6.1380073e-02;1.9250000e+02;1.8140554e-02;1.9250000e+02;-2.4031721e-02;1.9250000e+02;-6.6997617e-02;1.9250000e+02;-1.0884981e-01;1.9250000e+02;-1.5201043e-01;1.9250000e+02;-5.8351196e-02;1.9250000e+02;-1.6599640e-02;1.9250000e+02;4.4183187e-02;1.9250000e+02;1.1972594e-01;1.9250000e+02;2.0148998e-01;1.9250000e+02;2.5547194e-01;1.9250000e+02;2.7859068e-01;1.9250000e+02;3.1531924e-01;1.9250000e+02;3.1241241e-01;1.9250000e+02;2.3830758e-01;1.9250000e+02;1.6687088e-01;1.9250000e+02;1.0900486e-01;1.9250000e+02;6.1380073e-02;1.9250000e+02;1.8140554e-02;1.9250000e+02;-2.4031721e-02;1.9250000e+02;-6.6997617e-02;1.9250000e+02;-1.0884981e-01;1.9250000e+02;-1.5201043e-01;1.9250000e+02;-5.8351196e-02;1.9250000e+02;-1.6599640e-02;1.9250000e+02;4.4183187e-02;1.9250000e+02;1.1972594e-01;1.9250000e+02;2.0148998e-01;1.9250000e+02;2.5547194e-01;1.9250000e+02;2.7859068e-01;1.9250000e+02;3.1531924e-01;1.9250000e+02;3.1241241e-01;1.9250000e+02;2.3830758e-01;1.9250000e+02;1.6687088e-01;1.9250000e+02;1.0900486e-01;1.9250000e+02;6.1380073e-02;1.9250000e+02;1.8140554e-02;1.9250000e+02;-2.4031721e-02;1.9250000e+02;-6.6997617e-02;1.9250000e+02;-1.0884981e-01;1.9250000e+02;-1.5201043e-01;1.9250000e+02;-5.8351196e-02;1.9250000e+02;-1.6599640e-02;1.9250000e+02;4.4183187e-02;1.9250000e+02;1.1972594e-01;1.9250000e+02;2.0148998e-01;1.9250000e+02;2.5547194e-01;1.9250000e+02;2.7859068e-01;1.9250000e+02;3.1531924e-01;1.9250000e+02;3.1241241e-01;1.9250000e+02;2.3830758e-01;1.9250000e+02;1.6687088e-01;1.9250000e+02;1.0900486e-01;1.9250000e+02;6.1380073e-02;1.9250000e+02;1.8140554e-02;1.9250000e+02;-2.4031721e-02;1.9250000e+02;-6.6997617e-02;1.9250000e+02;-1.0884981e-01;1.9250000e+02;-1.5201043e-01;1.9250000e+02;-5.8351196e-02;1.9250000e+02;-1.6599640e-02;1.9250000e+02;4.4183187e-02;1.9250000e+02;1.1972594e-01;1.9250000e+02;2.0148998e-01;1.9250000e+02;2.5547194e-01;1.9250000e+02;2.7859068e-01;1.9250000e+02;3.1531924e-01;1.9250000e+02;3.1241241e-01;1.9250000e+02;2.3830758e-01;1.9250000e+02;1.6687088e-01;1.9250000e+02;1.0900486e-01;1.9250000e+02;6.1380073e-02;1.9250000e+02;1.8140554e-02;1.9250000e+02;-2.4031721e-02;1.9250000e+02;-6.6997617e-02;1.9250000e+02;-1.0884981e-01;1.9250000e+02;-1.5201043e-01;1.9250000e+02;-5.8351196e-02;1.9250000e+02;-1.6599640e-02;1.9250000e+02;4.4183187e-02;1.9250000e+02;1.1972594e-01;1.9250000e+02;2.0148998e-01;1.9250000e+02;2.5547194e-01;1.9250000e+02;2.7859068e-01;1.9250000e+02;3.1531924e-01;1.9250000e+02;3.1241241e-01;1.9250000e+02;2.3830758e-01;1.9250000e+02;1.6687088e-01;1.9250000e+02;1.0900486e-01;1.9250000e+02;6.1380073e-02;1.9250000e+02;1.8140554e-02;1.9250000e+02;-2.4031721e-02;1.9250000e+02;-6.6997617e-02;1.9250000e+02;-1.0884981e-01;1.9250000e+02;-1.5201043e-01;1.9250000e+02;-5.8351196e-02;1.9250000e+02;-1.6599640e-02;1.9250000e+02;4.4183187e-02;1.9250000e+02;1.1972594e-01;1.9250000e+02;2.0148998e-01;1.9250000e+02;2.5547194e-01;1.9250000e+02;2.7859068e-01;1.9250000e+02;3.1531924e-01;1.9250000e+02;3.1241241e-01;1.9250000e+02;2.3830758e-01;1.9250000e+02;1.6687088e-01;1.9250000e+02;1.0900486e-01;1.9250000e+02;6.1380073e-02;1.9250000e+02;1.8140554e-02;1.9250000e+02;-2.4031721e-02;1.9250000e+02;-6.6997617e-02;1.9250000e+02;-1.0884981e-01;1.9250000e+02;-1.5201043e-01;1.9250000e+02;-5.8351196e-02;1.9250000e+02;-1.6599640e-02;1.9250000e+02;4.4183187e-02;1.9250000e+02;1.1972594e-01;1.9250000e+02;2.0148998e-01;1.9250000e+02;2.5547194e-01;1.9250000e+02;2.7859068e-01;1.9250000e+02;3.1531924e-01;1.9250000e+02;3.1241241e-01;1.9250000e+02;2.3830758e-01;1.9250000e+02;1.6687088e-01;1.9250000e+02;1.0900486e-01;1.9250000e+02;6.1380073e-02;1.9250000e+02;1.8140554e-02;1.9250000e+02;-2.4031721e-02;1.9250000e+02;-6.6997617e-02;1.9250000e+02;-1.0884981e-01;1.9250000e+02;-1.5201043e-01;1.9250000e+02;-5.8351196e-02;1.9250000e+02;-1.6599640e-02;1.9250000e+02;4.4183187e-02;1.9250000e+02;1.1972594e-01;1.9250000e+02;2.0148998e-01;1.9250000e+02;2.5547194e-01;1.9250000e+02;2.7859068e-01;1.9250000e+02;3.1531924e-01;1.9250000e+02;3.1241241e-01;1.9250000e+02;2.3830758e-01;1.9250000e+02;1.6687088e-01;1.9250000e+02;1.0900486e-01;1.9250000e+02;6.1380073e-02;1.9250000e+02;1.8140554e-02;1.9250000e+02;-2.4031721e-02;1.9250000e+02;-6.6997617e-02;1.9250000e+02;-1.0884981e-01;1.9250000e+02;-1.5201043e-01;1.9250000e+02;-5.8351196e-02;1.9250000e+02;-1.6599640e-02;1.9250000e+02;4.4183187e-02;1.9250000e+02;1.1972594e-01;1.9250000e+02;2.0148998e-01;1.9250000e+02;2.5547194e-01;1.9250000e+02;2.7859068e-01;1.9250000e+02;3.1531924e-01;1.9250000e+02;3.1241241e-01;1.9250000e+02;2.3830758e-01;1.9250000e+02;1.6687088e-01;1.9250000e+02;1.0900486e-01;1.9250000e+02;6.1380073e-02;1.9250000e+02;1.8140554e-02;1.9250000e+02;-2.4031721e-02;1.9250000e+02;-6.6997617e-02;1.9250000e+02;-1.0884981e-01;1.9250000e+02;-1.5201043e-01;1.9250000e+02;-5.8351196e-02;1.9250000e+02;-1.6599640e-02;1.9250000e+02;4.4183187e-02;1.9250000e+02;1.1972594e-01;1.9250000e+02;2.0148998e-01;1.9250000e+02;2.5547194e-01;1.9250000e+02;2.7859068e-01;1.9250000e+02;3.1531924e-01;1.9250000e+02;3.1241241e-01;1.9250000e+02;2.3830758e-01;1.9250000e+02;1.6687088e-01;1.9250000e+02;1.0900486e-01;1.9250000e+02;6.1380073e-02;1.9250000e+02;1.8140554e-02;1.9250000e+02;-2.4031721e-02;1.9250000e+02;-6.6997617e-02;1.9250000e+02;-1.0884981e-01;1.9250000e+02;-1.5201043e-01;1.9250000e+02;-5.8351196e-02;1.9250000e+02;-1.6599640e-02;1.9250000e+02;4.4183187e-02;1.9250000e+02;1.1972594e-01;1.9250000e+02;2.0148998e-01;1.9250000e+02;2.5547194e-01;1.9250000e+02;2.7859068e-01;1.9250000e+02;3.1531924e-01;1.9250000e+02;3.1241241e-01;1.9250000e+02;2.3830758e-01;1.9250000e+02;1.6687088e-01;1.9250000e+02;1.0900486e-01;1.9250000e+02;6.1380073e-02;1.9250000e+02;1.8140554e-02;1.9250000e+02;-2.4031721e-02;1.9250000e+02;-6.6997617e-02;1.9250000e+02;-1.0884981e-01;1.9250000e+02;-1.5201043e-01;1.9250000e+02;-5.8351196e-02;1.9250000e+02;-1.6599640e-02;1.9250000e+02;4.4183187e-02;1.9250000e+02;1.1972594e-01;1.9250000e+02;2.0148998e-01;1.9250000e+02;2.5547194e-01;1.9250000e+02;2.7859068e-01;1.9250000e+02;3.1531924e-01;1.9250000e+02;3.1241241e-01;1.9250000e+02;2.3830758e-01;1.9250000e+02;1.6687088e-01;1.9250000e+02;1.0900486e-01;1.9250000e+02;6.1380073e-02;1.9250000e+02;1.8140554e-02;1.9250000e+02;-2.4031721e-02;1.9250000e+02;-6.6997617e-02;1.9250000e+02;-1.0884981e-01;1.9250000e+02;-1.5201043e-01;1.9250000e+02;-5.8351196e-02;1.9250000e+02;-1.6599640e-02;1.9250000e+02;4.4183187e-02;1.9250000e+02;1.1972594e-01;1.9250000e+02;2.0148998e-01;1.9250000e+02;2.5547194e-01;1.9250000e+02;2.7859068e-01;1.9250000e+02;3.1531924e-01;1.9250000e+02;3.1241241e-01;1.9250000e+02;2.3830758e-01;1.9250000e+02;1.6687088e-01;1.9250000e+02;1.0900486e-01;1.9250000e+02;6.1380073e-02;1.9250000e+02;1.8140554e-02;1.9250000e+02;-2.4031721e-02;1.9250000e+02;-6.6997617e-02;1.9250000e+02;-1.0884981e-01;1.9250000e+02;-1.5201043e-01;1.9250000e+02;-5.8351196e-02;1.9250000e+02;-1.6599640e-02;1.9250000e+02;4.4183187e-02;1.9250000e+02;1.1972594e-01;1.9250000e+02;2.0148998e-01;1.9250000e+02;2.5547194e-01;1.9250000e+02;2.7859068e-01;1.9250000e+02;3.1531924e-01;1.9250000e+02;3.1241241e-01;1.9250000e+02;2.3830758e-01;1.9250000e+02;1.6687088e-01;1.9250000e+02;1.0900486e-01;1.9250000e+02;6.1380073e-02;1.9250000e+02;1.8140554e-02;1.9250000e+02;-2.4031721e-02;1.9250000e+02;-6.6997617e-02;1.9250000e+02;-1.0884981e-01;1.9250000e+02;-1.5201043e-01;1.9250000e+02;-5.8351196e-02;1.9250000e+02;-1.6599640e-02;1.9250000e+02;4.4183187e-02;1.9250000e+02;1.1972594e-01;1.9250000e+02;2.0148998e-01;1.9250000e+02;2.5547194e-01;1.9250000e+02;2.7859068e-01;1.9250000e+02;3.1531924e-01;1.9250000e+02;3.1241241e-01;1.9250000e+02;2.3830758e-01;1.9250000e+02;1.6687088e-01;1.9250000e+02;1.0900486e-01;1.9250000e+02;6.1380073e-02;1.9250000e+02;1.8140554e-02;1.9250000e+02;-2.4031721e-02;1.9250000e+02;-6.6997617e-02;1.9250000e+02;-1.0884981e-01;1.9250000e+02;-1.5201043e-01;1.9250000e+02;-5.8351196e-02;1.9250000e+02;-1.6599640e-02;1.9250000e+02;4.4183187e-02;1.9250000e+02;1.1972594e-01;1.9250000e+02;2.0148998e-01;1.9250000e+02;2.5547194e-01;1.9250000e+02;2.7859068e-01;1.9250000e+02;3.1531924e-01;1.9250000e+02;3.1241241e-01;1.9250000e+02;2.3830758e-01;1.9250000e+02;1.6687088e-01;1.9250000e+02;1.0900486e-01;1.9250000e+02;6.1380073e-02;1.9250000e+02;1.8140554e-02;1.9250000e+02;-2.4031721e-02;1.9250000e+02;-6.6997617e-02;1.9250000e+02;-1.0884981e-01;1.9250000e+02;-1.5201043e-01;1.9250000e+02;-5.8351196e-02;1.9250000e+02;-1.6599640e-02;1.9250000e+02;4.4183187e-02;1.9250000e+02;1.1972594e-01;1.9250000e+02;2.0148998e-01;1.9250000e+02;2.5547194e-01;1.9250000e+02;2.7859068e-01;1.9250000e+02;3.1531924e-01;1.9250000e+02;3.1241241e-01;1.9250000e+02;2.3830758e-01;1.9250000e+02;1.6687088e-01;1.9250000e+02;1.0900486e-01;1.9250000e+02;6.1380073e-02;1.9250000e+02;1.8140554e-02;1.9250000e+02;-2.4031721e-02;1.9250000e+02;-6.6997617e-02;1.9250000e+02;-1.0884981e-01;1.9250000e+02;-1.5201043e-01;1.9250000e+02;-5.8351196e-02;1.9250000e+02;-1.6599640e-02;1.9250000e+02;4.4183187e-02;1.9250000e+02;1.1972594e-01;1.9250000e+02;2.0148998e-01;1.9250000e+02;2.5547194e-01;1.9250000e+02;2.7859068e-01;1.9250000e+02;3.1531924e-01;1.9250000e+02;3.1241241e-01;1.9250000e+02;2.3830758e-01;1.9250000e+02;1.6687088e-01;1.9250000e+02;1.0900486e-01;1.9250000e+02;6.1380073e-02;1.9250000e+02;1.8140554e-02;1.9250000e+02;-2.4031721e-02;1.9250000e+02;-6.6997617e-02;1.9250000e+02;-1.0884981e-01;1.9250000e+02;-1.5201043e-01;1.9250000e+02;-5.8351196e-02;1.9250000e+02;-1.6599640e-02;1.9250000e+02;4.4183187e-02;1.9250000e+02;1.1972594e-01;1.9250000e+02;2.0148998e-01;1.9250000e+02;2.5547194e-01;1.9250000e+02;2.7859068e-01;1.9250000e+02;3.1531924e-01;1.9250000e+02;3.1241241e-01;1.9250000e+02;2.3830758e-01;1.9250000e+02;1.6687088e-01;1.9250000e+02;1.0900486e-01;1.9250000e+02;6.1380073e-02;1.9250000e+02;1.8140554e-02;1.9250000e+02;-2.4031721e-02;1.9250000e+02;-6.6997617e-02;1.9250000e+02;-1.0884981e-01;1.9250000e+02;-1.5201043e-01;1.9250000e+02;-5.8351196e-02;1.9250000e+02;-1.6599640e-02;1.9250000e+02;4.4183187e-02;1.9250000e+02;1.1972594e-01;1.9250000e+02;2.0148998e-01;1.9250000e+02;2.5547194e-01;1.9250000e+02;2.7859068e-01;1.9250000e+02;3.1531924e-01;1.9250000e+02;3.1241241e-01;1.9250000e+02;2.3830758e-01;1.9250000e+02;1.6687088e-01;1.9250000e+02;1.0900486e-01;1.9250000e+02;6.1380073e-02;1.9250000e+02;1.8140554e-02;1.9250000e+02;-2.4031721e-02;1.9250000e+02;-6.6997617e-02;1.9250000e+02;-1.0884981e-01;1.9250000e+02;-1.5201043e-01;1.9250000e+02;-5.8351196e-02;1.9250000e+02;-1.6599640e-02;1.9250000e+02;4.4183187e-02;1.9250000e+02;1.1972594e-01;1.9250000e+02;2.0148998e-01;1.9250000e+02;2.5547194e-01;1.9250000e+02;2.7859068e-01;1.9250000e+02;3.1531924e-01;1.9250000e+02;3.1241241e-01;1.9250000e+02;2.3830758e-01;1.9250000e+02;1.6687088e-01;1.9250000e+02;1.0900486e-01;1.9250000e+02;6.1380073e-02;1.9250000e+02;1.8140554e-02;1.9250000e+02;-2.4031721e-02;1.9250000e+02;-6.6997617e-02;1.9250000e+02;-1.0884981e-01;1.9250000e+02;-1.5201043e-01;1.9250000e+02;-5.8351196e-02;1.9250000e+02;-1.6599640e-02;1.9250000e+02;4.4183187e-02;1.9250000e+02;1.1972594e-01;1.9250000e+02;2.0148998e-01;1.9250000e+02;2.5547194e-01;1.9250000e+02;2.7859068e-01;1.9250000e+02;3.1531924e-01;1.9250000e+02;3.1241241e-01;1.9250000e+02;2.3830758e-01;1.9250000e+02;1.6687088e-01;1.9250000e+02;1.0900486e-01;1.9250000e+02;6.1380073e-02;1.9250000e+02;1.8140554e-02;1.9250000e+02;-2.4031721e-02;1.9250000e+02;-6.6997617e-02;1.9250000e+02;-1.0884981e-01;1.9250000e+02;-1.5201043e-01;1.9250000e+02;-5.8351196e-02;1.9250000e+02;-1.6599640e-02;1.9250000e+02;4.4183187e-02;1.9250000e+02;1.1972594e-01;1.9250000e+02;2.0148998e-01;1.9250000e+02;2.5547194e-01;1.9250000e+02;2.7859068e-01;1.9250000e+02;3.1531924e-01;1.9250000e+02;3.1241241e-01;1.9250000e+02;2.3830758e-01;1.9250000e+02;1.6687088e-01;1.9250000e+02;1.0900486e-01;1.9250000e+02;6.1380073e-02;1.9250000e+02;1.8140554e-02;1.9250000e+02;-2.4031721e-02;1.9250000e+02;-6.6997617e-02;1.9250000e+02;-1.0884981e-01;1.9250000e+02;-1.5201043e-01;1.9250000e+02;-5.8351196e-02;1.9250000e+02;-1.6599640e-02;1.9250000e+02;4.4183187e-02;1.9250000e+02;1.1972594e-01;1.9250000e+02;2.0148998e-01;1.9250000e+02;2.5547194e-01;1.9250000e+02;2.7859068e-01;1.9250000e+02;3.1531924e-01;1.9250000e+02;3.1241241e-01;1.9250000e+02;2.3830758e-01;1.9250000e+02;1.6687088e-01;1.9250000e+02;1.0900486e-01;1.9250000e+02;6.1380073e-02;1.9250000e+02;1.8140554e-02;1.9250000e+02;-2.4031721e-02;1.9250000e+02;-6.6997617e-02;1.9250000e+02;-1.0884981e-01;1.9250000e+02;-1.5201043e-01;1.9250000e+02;-5.8351196e-02;1.9250000e+02;-1.6599640e-02;1.9250000e+02;4.4183187e-02;1.9250000e+02;1.1972594e-01;1.9250000e+02;2.0148998e-01;1.9250000e+02;2.5547194e-01;1.9250000e+02;2.7859068e-01;1.9250000e+02;3.1531924e-01;1.9250000e+02;3.1241241e-01;1.9250000e+02;2.3830758e-01;1.9250000e+02;1.6687088e-01;1.9250000e+02;1.0900486e-01;1.9250000e+02;6.1380073e-02;1.9250000e+02;1.8140554e-02;1.9250000e+02;-2.4031721e-02;1.9250000e+02;-6.6997617e-02;1.9250000e+02;-1.0884981e-01;1.9250000e+02;-1.5201043e-01;1.9250000e+02;-5.8351196e-02;1.9250000e+02;-1.6599640e-02;1.9250000e+02;4.4183187e-02;1.9250000e+02;1.1972594e-01;1.9250000e+02;2.0148998e-01;1.9250000e+02;2.5547194e-01;1.9250000e+02;2.7859068e-01;1.9250000e+02;3.1531924e-01;1.9250000e+02;3.1241241e-01;1.9250000e+02;2.3830758e-01;1.9250000e+02;1.6687088e-01;1.9250000e+02;1.0900486e-01;1.9250000e+02;6.1380073e-02;1.9250000e+02;1.8140554e-02;1.9250000e+02;-2.4031721e-02;1.9250000e+02;-6.6997617e-02;1.9250000e+02;-1.0884981e-01;1.9250000e+02;-1.5201043e-01;1.9250000e+02;-5.8351196e-02;1.9250000e+02;-1.6599640e-02;1.9250000e+02;4.4183187e-02;1.9250000e+02;1.1972594e-01;1.9250000e+02;2.0148998e-01;1.9250000e+02;2.5547194e-01;1.9250000e+02;2.7859068e-01;1.9250000e+02;3.1531924e-01;1.9250000e+02;3.1241241e-01;1.9250000e+02;2.3830758e-01;1.9250000e+02;1.6687088e-01;1.9250000e+02;1.0900486e-01;1.9250000e+02;6.1380073e-02;1.9250000e+02;1.8140554e-02;1.9250000e+02;-2.4031721e-02;1.9250000e+02;-6.6997617e-02;1.9250000e+02;-1.0884981e-01;1.9250000e+02;-1.5201043e-01;1.9250000e+02;-5.8351196e-02;1.9250000e+02;-1.6599640e-02;1.9250000e+02;4.4183187e-02;1.9250000e+02;1.1972594e-01;1.9250000e+02;2.0148998e-01;1.9250000e+02;2.5547194e-01;1.9250000e+02;2.7859068e-01;1.9250000e+02;3.1531924e-01;1.9250000e+02;3.1241241e-01;1.9250000e+02;2.3830758e-01;1.9250000e+02;1.6687088e-01;1.9250000e+02;1.0900486e-01;1.9250000e+02;6.1380073e-02;1.9250000e+02;1.8140554e-02;1.9250000e+02;-2.4031721e-02;1.9250000e+02;-6.6997617e-02;1.9250000e+02;-1.0884981e-01;1.9250000e+02;-1.5201043e-01;1.9250000e+02;-5.8351196e-02;1.9250000e+02;-1.6599640e-02;1.9250000e+02;4.4183187e-02;1.9250000e+02;1.1972594e-01;1.9250000e+02;2.0148998e-01;1.9250000e+02;2.5547194e-01;1.9250000e+02;2.7859068e-01;1.9250000e+02;3.1531924e-01;1.9250000e+02;3.1241241e-01;1.9250000e+02;2.3830758e-01;1.9250000e+02;1.6687088e-01;1.9250000e+02;1.0900486e-01;1.9250000e+02;6.1380073e-02;1.9250000e+02;1.8140554e-02;1.9250000e+02;-2.4031721e-02;1.9250000e+02;-6.6997617e-02;1.9250000e+02;-1.0884981e-01;1.9250000e+02;-1.5201043e-01;1.9250000e+02;-5.8351196e-02;1.9250000e+02;-1.6599640e-02;1.9250000e+02;4.4183187e-02;1.9250000e+02;1.1972594e-01;1.9250000e+02;2.0148998e-01;1.9250000e+02;2.5547194e-01;1.9250000e+02;2.7859068e-01;1.9250000e+02;3.1531924e-01;1.9250000e+02;3.1241241e-01;1.9250000e+02;2.3830758e-01;1.9250000e+02;1.6687088e-01;1.9250000e+02;1.0900486e-01;1.9250000e+02;6.1380073e-02;1.9250000e+02;1.8140554e-02;1.9250000e+02;-2.4031721e-02;1.9250000e+02;-6.6997617e-02;1.9250000e+02;-1.0884981e-01;1.9250000e+02;-1.5201043e-01;1.9250000e+02;-5.8351196e-02;1.9250000e+02;-1.6599640e-02;1.9250000e+02;4.4183187e-02;1.9250000e+02;1.1972594e-01;1.9250000e+02;2.0148998e-01;1.9250000e+02;2.5547194e-01;1.9250000e+02;2.7859068e-01;1.9250000e+02;3.1531924e-01;1.9250000e+02;3.1241241e-01;1.9250000e+02;2.3830758e-01;1.9250000e+02;1.6687088e-01;1.9250000e+02;1.0900486e-01;1.9250000e+02;6.1380073e-02;1.9250000e+02;1.8140554e-02;1.9250000e+02;-2.4031721e-02;1.9250000e+02;-6.6997617e-02;1.9250000e+02;-1.0884981e-01;1.9250000e+02;-1.5201043e-01;1.9250000e+02;-5.8351196e-02;1.9250000e+02;-1.6599640e-02;1.9250000e+02;4.4183187e-02;1.9250000e+02;1.1972594e-01;1.9250000e+02;2.0148998e-01;1.9250000e+02;2.5547194e-01;1.9250000e+02;2.7859068e-01;1.9250000e+02;3.1531924e-01;1.9250000e+02;3.1241241e-01;1.9250000e+02;2.3830758e-01;1.9250000e+02;1.6687088e-01;1.9250000e+02;1.0900486e-01;1.9250000e+02;6.1380073e-02;1.9250000e+02;1.8140554e-02;1.9250000e+02;-2.4031721e-02;1.9250000e+02;-6.6997617e-02;1.9250000e+02;-1.0884981e-01;1.9250000e+02;-1.5201043e-01;1.9250000e+02;-5.8351196e-02;1.9250000e+02;-1.6599640e-02;1.9250000e+02;4.4183187e-02;1.9250000e+02;1.1972594e-01;1.9250000e+02;2.0148998e-01;1.9250000e+02;2.5547194e-01;1.9250000e+02;2.7859068e-01;1.9250000e+02;3.1531924e-01;1.9250000e+02;3.1241241e-01;1.9250000e+02;2.3830758e-01;1.9250000e+02;1.6687088e-01;1.9250000e+02;1.0900486e-01;1.9250000e+02;6.1380073e-02;1.9250000e+02;1.8140554e-02;1.9250000e+02;-2.4031721e-02;1.9250000e+02;-6.6997617e-02;1.9250000e+02;-1.0884981e-01;1.9250000e+02;-1.5201043e-01;1.9250000e+02;-5.8351196e-02;1.9250000e+02;-1.6599640e-02;1.9250000e+02;4.4183187e-02;1.9250000e+02;1.1972594e-01;1.9250000e+02;2.0148998e-01;1.9250000e+02;2.5547194e-01;1.9250000e+02;2.7859068e-01;1.9250000e+02;3.1531924e-01;1.9250000e+02;3.1241241e-01;1.9250000e+02;2.3830758e-01;1.9250000e+02;1.6687088e-01;1.9250000e+02;1.0900486e-01;1.9250000e+02;6.1380073e-02;1.9250000e+02;1.8140554e-02;1.9250000e+02;-2.4031721e-02;1.9250000e+02;-6.6997617e-02;1.9250000e+02;-1.0884981e-01;1.9250000e+02;-1.5201043e-01;1.9250000e+02;-5.8351196e-02;1.9250000e+02;-1.6599640e-02;1.9250000e+02;4.4183187e-02;1.9250000e+02;1.1972594e-01;1.9250000e+02;2.0148998e-01;1.9250000e+02;2.5547194e-01;1.9250000e+02;2.7859068e-01;1.9250000e+02;3.1531924e-01;1.9250000e+02;3.1241241e-01;1.9250000e+02;2.3830758e-01;1.9250000e+02;1.6687088e-01;1.9250000e+02;1.0900486e-01;1.9250000e+02;6.1380073e-02;1.9250000e+02;1.8140554e-02;1.9250000e+02;-2.4031721e-02;1.9250000e+02;-6.6997617e-02;1.9250000e+02;-1.0884981e-01;1.9250000e+02;-1.5201043e-01;1.9250000e+02;-5.8351196e-02;1.9250000e+02;-1.6599640e-02;1.9250000e+02;4.4183187e-02;1.9250000e+02;1.1972594e-01;1.9250000e+02;2.0148998e-01;1.9250000e+02;2.5547194e-01;1.9250000e+02;2.7859068e-01;1.9250000e+02;3.1531924e-01;1.9250000e+02;3.1241241e-01;1.9250000e+02;2.3830758e-01;1.9250000e+02;1.6687088e-01;1.9250000e+02;1.0900486e-01;1.9250000e+02;6.1380073e-02;1.9250000e+02;1.8140554e-02;1.9250000e+02;-2.4031721e-02;1.9250000e+02;-6.6997617e-02;1.9250000e+02;-1.0884981e-01;1.9250000e+02;-1.5201043e-01;1.9250000e+02;-5.8351196e-02;1.9250000e+02;-1.6599640e-02;1.9250000e+02;4.4183187e-02;1.9250000e+02;1.1972594e-01;1.9250000e+02;2.0148998e-01;1.9250000e+02;2.5547194e-01;1.9250000e+02;2.7859068e-01;1.9250000e+02;3.1531924e-01;1.9250000e+02;3.1241241e-01;1.9250000e+02;2.3830758e-01;1.9250000e+02;1.6687088e-01;1.9250000e+02;1.0900486e-01;1.9250000e+02;6.1380073e-02;1.9250000e+02;1.8140554e-02;1.9250000e+02;-2.4031721e-02;1.9250000e+02;-6.6997617e-02;1.9250000e+02;-1.0884981e-01;1.9250000e+02;-1.5201043e-01;1.9250000e+02;-5.8351196e-02;1.9250000e+02;-1.6599640e-02;1.9250000e+02;4.4183187e-02;1.9250000e+02;1.1972594e-01;1.9250000e+02;2.0148998e-01;1.9250000e+02;2.5547194e-01;1.9250000e+02;2.7859068e-01;1.9250000e+02;3.1531924e-01;1.9250000e+02;3.1241241e-01;1.9250000e+02;2.3830758e-01;1.9250000e+02;1.6687088e-01;1.9250000e+02;1.0900486e-01;1.9250000e+02;6.1380073e-02;1.9250000e+02;1.8140554e-02;1.9250000e+02;-2.4031721e-02;1.9250000e+02;-6.6997617e-02;1.9250000e+02;-1.0884981e-01;1.9250000e+02;-1.5201043e-01;1.9250000e+02;-5.8351196e-02;1.9250000e+02;-1.6599640e-02;1.9250000e+02;4.4183187e-02;1.9250000e+02;1.1972594e-01;1.9250000e+02;2.0148998e-01;1.9250000e+02;2.5547194e-01;1.9250000e+02;2.7859068e-01;1.9250000e+02;3.1531924e-01;1.9250000e+02;3.1241241e-01;1.9250000e+02;2.3830758e-01;1.9250000e+02;1.6687088e-01;1.9250000e+02;1.0900486e-01;1.9250000e+02;6.1380073e-02;1.9250000e+02;1.8140554e-02;1.9250000e+02;-2.4031721e-02;1.9250000e+02;-6.6997617e-02;1.9250000e+02;-1.0884981e-01;1.9250000e+02;-1.5201043e-01;1.9250000e+02;-5.8351196e-02;1.9250000e+02;-1.6599640e-02;1.9250000e+02;4.4183187e-02;1.9250000e+02;1.1972594e-01;1.9250000e+02;2.0148998e-01;1.9250000e+02;2.5547194e-01;1.9250000e+02;2.7859068e-01;1.9250000e+02;3.1531924e-01;1.9250000e+02;3.1241241e-01;1.9250000e+02;2.3830758e-01;1.9250000e+02;1.6687088e-01;1.9250000e+02;1.0900486e-01;1.9250000e+02;6.1380073e-02;1.9250000e+02;1.8140554e-02;1.9250000e+02;-2.4031721e-02;1.9250000e+02;-6.6997617e-02;1.9250000e+02;-1.0884981e-01;1.9250000e+02;-1.5201043e-01;1.9250000e+02;-5.8351196e-02;1.9250000e+02;-1.6599640e-02;1.9250000e+02;4.4183187e-02;1.9250000e+02;1.1972594e-01;1.9250000e+02;2.0148998e-01;1.9250000e+02;2.5547194e-01;1.9250000e+02;2.7859068e-01;1.9250000e+02;3.1531924e-01;1.9250000e+02;3.1241241e-01;1.9250000e+02;2.3830758e-01;1.9250000e+02;1.6687088e-01;1.9250000e+02;1.0900486e-01;1.9250000e+02;6.1380073e-02;1.9250000e+02;1.8140554e-02;1.9250000e+02;-2.4031721e-02;1.9250000e+02;-6.6997617e-02;1.9250000e+02;-1.0884981e-01;1.9250000e+02;-1.5201043e-01;1.9250000e+02;-5.8351196e-02;1.9250000e+02;-1.6599640e-02;1.9250000e+02;4.4183187e-02;1.9250000e+02;1.1972594e-01;1.9250000e+02;2.0148998e-01;1.9250000e+02;2.5547194e-01;1.9250000e+02;2.7859068e-01;1.9250000e+02;3.1531924e-01;1.9250000e+02;3.1241241e-01;1.9250000e+02;2.3830758e-01;1.9250000e+02;1.6687088e-01;1.9250000e+02;1.0900486e-01;1.9250000e+02;6.1380073e-02;1.9250000e+02;1.8140554e-02;1.9250000e+02;-2.4031721e-02;1.9250000e+02;-6.6997617e-02;1.9250000e+02;-1.0884981e-01;1.9250000e+02;-1.5201043e-01;1.9250000e+02;-5.8351196e-02;1.9250000e+02;-1.6599640e-02;1.9250000e+02;4.4183187e-02;1.9250000e+02;1.1972594e-01;1.9250000e+02;2.0148998e-01;1.9250000e+02;2.5547194e-01;1.9250000e+02;2.7859068e-01;1.9250000e+02;3.1531924e-01;1.9250000e+02;3.1241241e-01;1.9250000e+02;2.3830758e-01;1.9250000e+02;1.6687088e-01;1.9250000e+02;1.0900486e-01;1.9250000e+02;6.1380073e-02;1.9250000e+02;1.8140554e-02;1.9250000e+02;-2.4031721e-02;1.9250000e+02;-6.6997617e-02;1.9250000e+02;-1.0884981e-01;1.9250000e+02;-1.5201043e-01;1.9250000e+02;-5.8351196e-02;1.9250000e+02;-1.6599640e-02;1.9250000e+02;4.4183187e-02;1.9250000e+02;1.1972594e-01;1.9250000e+02;2.0148998e-01;1.9250000e+02;2.5547194e-01;1.9250000e+02;2.7859068e-01;1.9250000e+02;3.1531924e-01;1.9250000e+02;3.1241241e-01;1.9250000e+02;2.3830758e-01;1.9250000e+02;1.6687088e-01;1.9250000e+02;1.0900486e-01;1.9250000e+02;6.1380073e-02;1.9250000e+02;1.8140554e-02;1.9250000e+02;-2.4031721e-02;1.9250000e+02;-6.6997617e-02;1.9250000e+02;-1.0884981e-01;1.9250000e+02;-1.5201043e-01;1.9250000e+02;-5.8351196e-02;1.9250000e+02;-1.6599640e-02;1.9250000e+02;4.4183187e-02;1.9250000e+02;1.1972594e-01;1.9250000e+02;2.0148998e-01;1.9250000e+02;2.5547194e-01;1.9250000e+02;2.7859068e-01;1.9250000e+02;3.1531924e-01;1.9250000e+02;3.1241241e-01;1.9250000e+02;2.3830758e-01;1.9250000e+02;1.6687088e-01;1.9250000e+02;1.0900486e-01;1.9250000e+02;6.1380073e-02;1.9250000e+02;1.8140554e-02;1.9250000e+02;-2.4031721e-02;1.9250000e+02;-6.6997617e-02;1.9250000e+02;-1.0884981e-01;1.9250000e+02;-1.5201043e-01;1.9250000e+02;-5.8351196e-02;1.9250000e+02;-1.6599640e-02;1.9250000e+02;4.4183187e-02;1.9250000e+02;1.1972594e-01;1.9250000e+02;2.0148998e-01;1.9250000e+02;2.5547194e-01;1.9250000e+02;2.7859068e-01;1.9250000e+02;3.1531924e-01;1.9250000e+02;3.1241241e-01;1.9250000e+02;2.3830758e-01;1.9250000e+02;1.6687088e-01;1.9250000e+02;1.0900486e-01;1.9250000e+02;6.1380073e-02;1.9250000e+02;1.8140554e-02;1.9250000e+02;-2.4031721e-02;1.9250000e+02;-6.6997617e-02;1.9250000e+02;-1.0884981e-01;1.9250000e+02;-1.5201043e-01;1.9250000e+02;-5.8351196e-02;1.9250000e+02;-1.6599640e-02;1.9250000e+02;4.4183187e-02;1.9250000e+02;1.1972594e-01;1.9250000e+02;2.0148998e-01;1.9250000e+02;2.5547194e-01;1.9250000e+02;2.7859068e-01;1.9250000e+02;3.1531924e-01;1.9250000e+02;3.1241241e-01;1.9250000e+02;2.3830758e-01;1.9250000e+02;1.6687088e-01;1.9250000e+02;1.0900486e-01;1.9250000e+02;6.1380073e-02;1.9250000e+02;1.8140554e-02;1.9250000e+02;-2.4031721e-02;1.9250000e+02;-6.6997617e-02;1.9250000e+02;-1.0884981e-01;1.9250000e+02;-1.5201043e-01;1.9250000e+02;-5.8351196e-02;1.9250000e+02;-1.6599640e-02;1.9250000e+02;4.4183187e-02;1.9250000e+02;1.1972594e-01;1.9250000e+02;2.0148998e-01;1.9250000e+02;2.5547194e-01;1.9250000e+02;2.7859068e-01;1.9250000e+02;3.1531924e-01;1.9250000e+02;3.1241241e-01;1.9250000e+02;2.3830758e-01;1.9250000e+02;1.6687088e-01;1.9250000e+02;1.0900486e-01;1.9250000e+02;6.1380073e-02;1.9250000e+02;1.8140554e-02;1.9250000e+02;-2.4031721e-02;1.9250000e+02;-6.6997617e-02;1.9250000e+02;-1.0884981e-01;1.9250000e+02;-1.5201043e-01;1.9250000e+02;-5.8351196e-02;1.9250000e+02;-1.6599640e-02;1.9250000e+02;4.4183187e-02;1.9250000e+02;1.1972594e-01;1.9250000e+02;2.0148998e-01;1.9250000e+02;2.5547194e-01;1.9250000e+02;2.7859068e-01;1.9250000e+02;3.1531924e-01;1.9250000e+02;3.1241241e-01;1.9250000e+02;2.3830758e-01;1.9250000e+02;1.6687088e-01;1.9250000e+02;1.0900486e-01;1.9250000e+02;6.1380073e-02;1.9250000e+02;1.8140554e-02;1.9250000e+02;-2.4031721e-02;1.9250000e+02;-6.6997617e-02;1.9250000e+02;-1.0884981e-01;1.9250000e+02;-1.5201043e-01;1.9250000e+02;-5.8351196e-02;1.9250000e+02;-1.6599640e-02;1.9250000e+02;4.4183187e-02;1.9250000e+02;1.1972594e-01;1.9250000e+02;2.0148998e-01;1.9250000e+02;2.5547194e-01;1.9250000e+02;2.7859068e-01;1.9250000e+02;3.1531924e-01;1.9250000e+02;3.1241241e-01;1.9250000e+02;2.3830758e-01;1.9250000e+02;1.6687088e-01;1.9250000e+02;1.0900486e-01;1.9250000e+02;6.1380073e-02;1.9250000e+02;1.8140554e-02;1.9250000e+02;-2.4031721e-02;1.9250000e+02;-6.6997617e-02;1.9250000e+02;-1.0884981e-01;1.9250000e+02;-1.5201043e-01;1.9250000e+02;-5.8351196e-02;1.9250000e+02;-1.6599640e-02;1.9250000e+02;4.4183187e-02;1.9250000e+02;1.1972594e-01;1.9250000e+02;2.0148998e-01;1.9250000e+02;2.5547194e-01;1.9250000e+02;2.7859068e-01;1.9250000e+02;3.1531924e-01;1.9250000e+02;3.1241241e-01;1.9250000e+02;2.3830758e-01;1.9250000e+02;1.6687088e-01;1.9250000e+02;1.0900486e-01;1.9250000e+02;6.1380073e-02;1.9250000e+02;1.8140554e-02;1.9250000e+02;-2.4031721e-02;1.9250000e+02;-6.6997617e-02;1.9250000e+02;-1.0884981e-01;1.9250000e+02;-1.5201043e-01;1.9250000e+02;-5.8351196e-02;1.9250000e+02;-1.6599640e-02;1.9250000e+02;4.4183187e-02;1.9250000e+02;1.1972594e-01;1.9250000e+02;2.0148998e-01;1.9250000e+02;2.5547194e-01;1.9250000e+02;2.7859068e-01;1.9250000e+02;3.1531924e-01;1.9250000e+02;3.1241241e-01;1.9250000e+02;2.3830758e-01;1.9250000e+02;1.6687088e-01;1.9250000e+02;1.0900486e-01;1.9250000e+02;6.1380073e-02;1.9250000e+02;1.8140554e-02;1.9250000e+02;-2.4031721e-02;1.9250000e+02;-6.6997617e-02;1.9250000e+02;-1.0884981e-01;1.9250000e+02;-1.5201043e-01;1.9250000e+02;-5.8351196e-02;1.9250000e+02;-1.6599640e-02;1.9250000e+02;4.4183187e-02;1.9250000e+02;1.1972594e-01;1.9250000e+02;2.0148998e-01;1.9250000e+02;2.5547194e-01;1.9250000e+02;2.7859068e-01;1.9250000e+02;3.1531924e-01;1.9250000e+02;3.1241241e-01;1.9250000e+02;2.3830758e-01;1.9250000e+02;1.6687088e-01;1.9250000e+02;1.0900486e-01;1.9250000e+02;6.1380073e-02;1.9250000e+02;1.8140554e-02;1.9250000e+02;-2.4031721e-02;1.9250000e+02;-6.6997617e-02;1.9250000e+02;-1.0884981e-01;1.9250000e+02;-1.5201043e-01;1.9250000e+02;-5.8351196e-02;1.9250000e+02;-1.6599640e-02;1.9250000e+02;4.4183187e-02;1.9250000e+02;1.1972594e-01;1.9250000e+02;2.0148998e-01;1.9250000e+02;2.5547194e-01;1.9250000e+02;2.7859068e-01;1.9250000e+02;3.1531924e-01;1.9250000e+02;3.1241241e-01;1.9250000e+02;2.3830758e-01;1.9250000e+02;1.6687088e-01;1.9250000e+02;1.0900486e-01;1.9250000e+02;6.1380073e-02;1.9250000e+02;1.8140554e-02;1.9250000e+02;-2.4031721e-02;1.9250000e+02;-6.6997617e-02;1.9250000e+02;-1.0884981e-01;1.9250000e+02;-1.5201043e-01;1.9250000e+02;-5.8351196e-02;1.9250000e+02;-1.6599640e-02;1.9250000e+02;4.4183187e-02;1.9250000e+02;1.1972594e-01;1.9250000e+02;2.0148998e-01;1.9250000e+02;2.5547194e-01;1.9250000e+02;2.7859068e-01;1.9250000e+02;3.1531924e-01;1.9250000e+02;3.1241241e-01;1.9250000e+02;2.3830758e-01;1.9250000e+02;1.6687088e-01;1.9250000e+02;1.0900486e-01;1.9250000e+02;6.1380073e-02;1.9250000e+02;1.8140554e-02;1.9250000e+02;-2.4031721e-02;1.9250000e+02;-6.6997617e-02;1.9250000e+02;-1.0884981e-01;1.9250000e+02;-1.5201043e-01;1.9250000e+02;-5.8351196e-02;1.9250000e+02;-1.6599640e-02;1.9250000e+02;4.4183187e-02;1.9250000e+02;1.1972594e-01;1.9250000e+02;2.0148998e-01;1.9250000e+02;2.5547194e-01;1.9250000e+02;2.7859068e-01;1.9250000e+02;3.1531924e-01;1.9250000e+02;3.1241241e-01;1.9250000e+02;2.3830758e-01;1.9250000e+02;1.6687088e-01;1.9250000e+02;1.0900486e-01;1.9250000e+02;6.1380073e-02;1.9250000e+02;1.8140554e-02;1.9250000e+02;-2.4031721e-02;1.9250000e+02;-6.6997617e-02;1.9250000e+02;-1.0884981e-01;1.9250000e+02;-1.5201043e-01;1.9250000e+02;-5.8351196e-02;1.9250000e+02;-1.6599640e-02;1.9250000e+02;4.4183187e-02;1.9250000e+02;1.1972594e-01;1.9250000e+02;2.0148998e-01;1.9250000e+02;2.5547194e-01;1.9250000e+02;2.7859068e-01;1.9250000e+02;3.1531924e-01;1.9250000e+02;3.1241241e-01;1.9250000e+02;2.3830758e-01;1.9250000e+02;1.6687088e-01;1.9250000e+02;1.0900486e-01;1.9250000e+02;6.1380073e-02;1.9250000e+02;1.8140554e-02;1.9250000e+02;-2.4031721e-02;1.9250000e+02;-6.6997617e-02;1.9250000e+02;-1.0884981e-01;1.9250000e+02;-1.5201043e-01;1.9250000e+02;-5.8351196e-02;1.9250000e+02;-1.6599640e-02;1.9250000e+02;4.4183187e-02;1.9250000e+02;1.1972594e-01;1.9250000e+02;2.0148998e-01;1.9250000e+02;2.5547194e-01;1.9250000e+02;2.7859068e-01;1.9250000e+02;3.1531924e-01;1.9250000e+02;3.1241241e-01;1.9250000e+02;2.3830758e-01;1.9250000e+02;1.6687088e-01;1.9250000e+02;1.0900486e-01;1.9250000e+02;6.1380073e-02;1.9250000e+02;1.8140554e-02;1.9250000e+02;-2.4031721e-02;1.9250000e+02;-6.6997617e-02;1.9250000e+02;-1.0884981e-01;1.9250000e+02;-1.5201043e-01;1.9250000e+02;-5.8351196e-02;1.9250000e+02;-1.6599640e-02;1.9250000e+02;4.4183187e-02;1.9250000e+02;1.1972594e-01;1.9250000e+02;2.0148998e-01;1.9250000e+02;2.5547194e-01;1.9250000e+02;2.7859068e-01;1.9250000e+02;3.1531924e-01;1.9250000e+02;3.1241241e-01;1.9250000e+02;2.3830758e-01;1.9250000e+02;1.6687088e-01;1.9250000e+02;1.0900486e-01;1.9250000e+02;6.1380073e-02;1.9250000e+02;1.8140554e-02;1.9250000e+02;-2.4031721e-02;1.9250000e+02;-6.6997617e-02;1.9250000e+02;-1.0884981e-01;1.9250000e+02;-1.5201043e-01;1.9250000e+02;-5.8351196e-02;1.9250000e+02;-1.6599640e-02;1.9250000e+02;4.4183187e-02;1.9250000e+02;1.1972594e-01;1.9250000e+02;2.0148998e-01;1.9250000e+02;2.5547194e-01;1.9250000e+02;2.7859068e-01;1.9250000e+02;3.1531924e-01;1.9250000e+02;3.1241241e-01;1.9250000e+02;2.3830758e-01;1.9250000e+02;1.6687088e-01;1.9250000e+02;1.0900486e-01;1.9250000e+02;6.1380073e-02;1.9250000e+02;1.8140554e-02;1.9250000e+02;-2.4031721e-02;1.9250000e+02;-6.6997617e-02;1.9250000e+02;-1.0884981e-01;1.9250000e+02;-1.5201043e-01;1.9250000e+02;-5.8351196e-02;1.9250000e+02;-1.6599640e-02;1.9250000e+02;4.4183187e-02;1.9250000e+02;1.1972594e-01;1.9250000e+02;2.0148998e-01;1.9250000e+02;2.5547194e-01;1.9250000e+02;2.7859068e-01;1.9250000e+02;3.1531924e-01;1.9250000e+02;3.1241241e-01;1.9250000e+02;2.3830758e-01;1.9250000e+02;1.6687088e-01;1.9250000e+02;1.0900486e-01;1.9250000e+02;6.1380073e-02;1.9250000e+02;1.8140554e-02;1.9250000e+02;-2.4031721e-02;1.9250000e+02;-6.6997617e-02;1.9250000e+02;-1.0884981e-01;1.9250000e+02;-1.5201043e-01;1.9250000e+02;-5.8351196e-02;1.9250000e+02;-1.6599640e-02;1.9250000e+02;4.4183187e-02;1.9250000e+02;1.1972594e-01;1.9250000e+02;2.0148998e-01;1.9250000e+02;2.5547194e-01;1.9250000e+02;2.7859068e-01;1.9250000e+02;3.1531924e-01;1.9250000e+02;3.1241241e-01;1.9250000e+02;2.3830758e-01;1.9250000e+02;1.6687088e-01;1.9250000e+02;1.0900486e-01;1.9250000e+02;6.1380073e-02;1.9250000e+02;1.8140554e-02;1.9250000e+02;-2.4031721e-02;1.9250000e+02;-6.6997617e-02;1.9250000e+02;-1.0884981e-01;1.9250000e+02;-1.5201043e-01;1.9250000e+02;-5.8351196e-02;1.9250000e+02;-1.6599640e-02;1.9250000e+02;4.4183187e-02;1.9250000e+02;1.1972594e-01;1.9250000e+02;2.0148998e-01;1.9250000e+02;2.5547194e-01;1.9250000e+02;2.7859068e-01;1.9250000e+02;3.1531924e-01;1.9250000e+02;3.1241241e-01;1.9250000e+02;2.3830758e-01;1.9250000e+02;1.6687088e-01;1.9250000e+02;1.0900486e-01;1.9250000e+02;6.1380073e-02;1.9250000e+02;1.8140554e-02;1.9250000e+02;-2.4031721e-02;1.9250000e+02;-6.6997617e-02;1.9250000e+02;-1.0884981e-01;1.9250000e+02;-1.5201043e-01;1.9250000e+02;-5.8351196e-02;1.9250000e+02;-1.6599640e-02;1.9250000e+02;4.4183187e-02;1.9250000e+02;1.1972594e-01;1.9250000e+02;2.0148998e-01;1.9250000e+02;2.5547194e-01;1.9250000e+02;2.7859068e-01;1.9250000e+02;3.1531924e-01;1.9250000e+02;3.1241241e-01;1.9250000e+02;2.3830758e-01;1.9250000e+02;1.6687088e-01;1.9250000e+02;1.0900486e-01;1.9250000e+02;6.1380073e-02;1.9250000e+02;1.8140554e-02;1.9250000e+02;-2.4031721e-02;1.9250000e+02;-6.6997617e-02;1.9250000e+02;-1.0884981e-01;1.9250000e+02;-1.5201043e-01;1.9250000e+02;-5.8351196e-02;1.9250000e+02;-1.6599640e-02;1.9250000e+02;4.4183187e-02;1.9250000e+02;1.1972594e-01;1.9250000e+02;2.0148998e-01;1.9250000e+02;2.5547194e-01;1.9250000e+02;2.7859068e-01;1.9250000e+02;3.1531924e-01;1.9250000e+02;3.1241241e-01;1.9250000e+02;2.3830758e-01;1.9250000e+02;1.6687088e-01;1.9250000e+02;1.0900486e-01;1.9250000e+02;6.1380073e-02;1.9250000e+02;1.8140554e-02;1.9250000e+02;-2.4031721e-02;1.9250000e+02;-6.6997617e-02;1.9250000e+02;-1.0884981e-01;1.9250000e+02;-1.5201043e-01;1.9250000e+02;-5.8351196e-02;1.9250000e+02;-1.6599640e-02;1.9250000e+02;4.4183187e-02;1.9250000e+02;1.1972594e-01;1.9250000e+02;2.0148998e-01;1.9250000e+02;2.5547194e-01;1.9250000e+02;2.7859068e-01;1.9250000e+02;3.1531924e-01;1.9250000e+02;3.1241241e-01;1.9250000e+02;2.3830758e-01;1.9250000e+02;1.6687088e-01;1.9250000e+02;1.0900486e-01;1.9250000e+02;6.1380073e-02;1.9250000e+02;1.8140554e-02;1.9250000e+02;-2.4031721e-02;1.9250000e+02;-6.6997617e-02;1.9250000e+02;-1.0884981e-01;1.9250000e+02;-1.5201043e-01;1.9250000e+02;-5.8351196e-02;1.9250000e+02;-1.6599640e-02;1.9250000e+02;4.4183187e-02;1.9250000e+02;1.1972594e-01;1.9250000e+02;2.0148998e-01;1.9250000e+02;2.5547194e-01;1.9250000e+02;2.7859068e-01;1.9250000e+02;3.1531924e-01;1.9250000e+02;3.1241241e-01;1.9250000e+02;2.3830758e-01;1.9250000e+02;1.6687088e-01;1.9250000e+02;1.0900486e-01;1.9250000e+02;6.1380073e-02;1.9250000e+02;1.8140554e-02;1.9250000e+02;-2.4031721e-02;1.9250000e+02;-6.6997617e-02;1.9250000e+02;-1.0884981e-01;1.9250000e+02;-1.5201043e-01;1.9250000e+02;-5.8351196e-02;1.9250000e+02;-1.6599640e-02;1.9250000e+02;4.4183187e-02;1.9250000e+02;1.1972594e-01;1.9250000e+02;2.0148998e-01;1.9250000e+02;2.5547194e-01;1.9250000e+02;2.7859068e-01;1.9250000e+02;3.1531924e-01;1.9250000e+02;3.1241241e-01;1.9250000e+02;2.3830758e-01;1.9250000e+02;1.6687088e-01;1.9250000e+02;1.0900486e-01;1.9250000e+02;6.1380073e-02;1.9250000e+02;1.8140554e-02;1.9250000e+02;-2.4031721e-02;1.9250000e+02;-6.6997617e-02;1.9250000e+02;-1.0884981e-01;1.9250000e+02;-1.5201043e-01;1.9250000e+02;-5.8351196e-02;1.9250000e+02;-1.6599640e-02;1.9250000e+02;4.4183187e-02;1.9250000e+02;1.1972594e-01;1.9250000e+02;2.0148998e-01;1.9250000e+02;2.5547194e-01;1.9250000e+02;2.7859068e-01;1.9250000e+02;3.1531924e-01;1.9250000e+02;3.1241241e-01;1.9250000e+02;2.3830758e-01;1.9250000e+02;1.6687088e-01;1.9250000e+02;1.0900486e-01;1.9250000e+02;6.1380073e-02;1.9250000e+02;1.8140554e-02;1.9250000e+02;-2.4031721e-02;1.9250000e+02;-6.6997617e-02;1.9250000e+02;-1.0884981e-01;1.9250000e+02;-1.5201043e-01;1.9250000e+02;-5.8351196e-02;1.9250000e+02;-1.6599640e-02;1.9250000e+02;4.4183187e-02;1.9250000e+02;1.1972594e-01;1.9250000e+02;2.0148998e-01;1.9250000e+02;2.5547194e-01;1.9250000e+02;2.7859068e-01;1.9250000e+02;3.1531924e-01;1.9250000e+02;3.1241241e-01;1.9250000e+02;2.3830758e-01;1.9250000e+02;1.6687088e-01;1.9250000e+02;1.0900486e-01;1.9250000e+02;6.1380073e-02;1.9250000e+02;1.8140554e-02;1.9250000e+02;-2.4031721e-02;1.9250000e+02;-6.6997617e-02;1.9250000e+02;-1.0884981e-01;1.9250000e+02;-1.5201043e-01;1.9250000e+02;-5.8351196e-02;1.9250000e+02;-1.6599640e-02;1.9250000e+02;4.4183187e-02;1.9250000e+02;1.1972594e-01;1.9250000e+02;2.0148998e-01;1.9250000e+02;2.5547194e-01;1.9250000e+02;2.7859068e-01;1.9250000e+02;3.1531924e-01;1.9250000e+02;3.1241241e-01;1.9250000e+02;2.3830758e-01;1.9250000e+02;1.6687088e-01;1.9250000e+02;1.0900486e-01;1.9250000e+02;6.1380073e-02;1.9250000e+02;1.8140554e-02;1.9250000e+02;-2.4031721e-02;1.9250000e+02;-6.6997617e-02;1.9250000e+02;-1.0884981e-01;1.9250000e+02;-1.5201043e-01;1.9250000e+02;-5.8351196e-02;1.9250000e+02;-1.6599640e-02;1.9250000e+02;4.4183187e-02;1.9250000e+02;1.1972594e-01;1.9250000e+02;2.0148998e-01;1.9250000e+02;2.5547194e-01;1.9250000e+02;2.7859068e-01;1.9250000e+02;3.1531924e-01;1.9250000e+02;3.1241241e-01;1.9250000e+02;2.3830758e-01;1.9250000e+02;1.6687088e-01;1.9250000e+02;1.0900486e-01;1.9250000e+02;6.1380073e-02;1.9250000e+02;1.8140554e-02;1.9250000e+02;-2.4031721e-02;1.9250000e+02;-6.6997617e-02;1.9250000e+02;-1.0884981e-01;1.9250000e+02;-1.5201043e-01;1.9250000e+02;-5.8351196e-02;1.9250000e+02;-1.6599640e-02;1.9250000e+02;4.4183187e-02;1.9250000e+02;1.1972594e-01;1.9250000e+02;2.0148998e-01;1.9250000e+02;2.5547194e-01;1.9250000e+02;2.7859068e-01;1.9250000e+02;3.1531924e-01;1.9250000e+02;3.1241241e-01;1.9250000e+02;2.3830758e-01;1.9250000e+02;1.6687088e-01;1.9250000e+02;1.0900486e-01;1.9250000e+02;6.1380073e-02;1.9250000e+02;1.8140554e-02;1.9250000e+02;-2.4031721e-02;1.9250000e+02;-6.6997617e-02;1.9250000e+02;-1.0884981e-01;1.9250000e+02;-1.5201043e-01;1.9250000e+02;-5.8351196e-02;1.9250000e+02;-1.6599640e-02;1.9250000e+02;4.4183187e-02;1.9250000e+02;1.1972594e-01;1.9250000e+02;2.0148998e-01;1.9250000e+02;2.5547194e-01;1.9250000e+02;2.7859068e-01;1.9250000e+02;3.1531924e-01;1.9250000e+02;3.1241241e-01;1.9250000e+02;2.3830758e-01;1.9250000e+02;1.6687088e-01;1.9250000e+02;1.0900486e-01;1.9250000e+02;6.1380073e-02;1.9250000e+02;1.8140554e-02;1.9250000e+02;-2.4031721e-02;1.9250000e+02;-6.6997617e-02;1.9250000e+02;-1.0884981e-01;1.9250000e+02;-1.5201043e-01;1.9250000e+02;-5.8351196e-02;1.9250000e+02;-1.6599640e-02;1.9250000e+02;4.4183187e-02;1.9250000e+02;1.1972594e-01;1.9250000e+02;2.0148998e-01;1.9250000e+02;2.5547194e-01;1.9250000e+02;2.7859068e-01;1.9250000e+02;3.1531924e-01;1.9250000e+02;3.1241241e-01;1.9250000e+02;2.3830758e-01;1.9250000e+02;1.6687088e-01;1.9250000e+02;1.0900486e-01;1.9250000e+02;6.1380073e-02;1.9250000e+02;1.8140554e-02;1.9250000e+02;-2.4031721e-02;1.9250000e+02;-6.6997617e-02;1.9250000e+02;-1.0884981e-01;1.9250000e+02;-1.5201043e-01;1.9250000e+02;-5.8351196e-02;1.9250000e+02;-1.6599640e-02;1.9250000e+02;4.4183187e-02;1.9250000e+02;1.1972594e-01;1.9250000e+02;2.0148998e-01;1.9250000e+02;2.5547194e-01;1.9250000e+02;2.7859068e-01;1.9250000e+02;3.1531924e-01;1.9250000e+02;3.1241241e-01;1.9250000e+02;2.3830758e-01;1.9250000e+02;1.6687088e-01;1.9250000e+02;1.0900486e-01;1.9250000e+02;6.1380073e-02;1.9250000e+02;1.8140554e-02;1.9250000e+02;-2.4031721e-02;1.9250000e+02;-6.6997617e-02;1.9250000e+02;-1.0884981e-01;1.9250000e+02;-1.5201043e-01;1.9250000e+02;-5.8351196e-02;1.9250000e+02;-1.6599640e-02;1.9250000e+02;4.4183187e-02;1.9250000e+02;1.1972594e-01;1.9250000e+02;2.0148998e-01;1.9250000e+02;2.5547194e-01;1.9250000e+02;2.7859068e-01;1.9250000e+02;3.1531924e-01;1.9250000e+02;3.1241241e-01;1.9250000e+02;2.3830758e-01;1.9250000e+02;1.6687088e-01;1.9250000e+02;1.0900486e-01;1.9250000e+02;6.1380073e-02;1.9250000e+02;1.8140554e-02;1.9250000e+02;-2.4031721e-02;1.9250000e+02;-6.6997617e-02;1.9250000e+02;-1.0884981e-01;1.9250000e+02;-1.5201043e-01;1.9250000e+02;-5.8351196e-02;1.9250000e+02;-1.6599640e-02;1.9250000e+02;4.4183187e-02;1.9250000e+02;1.1972594e-01;1.9250000e+02;2.0148998e-01;1.9250000e+02;2.5547194e-01;1.9250000e+02;2.7859068e-01;1.9250000e+02;3.1531924e-01;1.9250000e+02;3.1241241e-01;1.9250000e+02;2.3830758e-01;1.9250000e+02;1.6687088e-01;1.9250000e+02;1.0900486e-01;1.9250000e+02;6.1380073e-02;1.9250000e+02;1.8140554e-02;1.9250000e+02;-2.4031721e-02;1.9250000e+02;-6.6997617e-02;1.9250000e+02;-1.0884981e-01;1.9250000e+02;-1.5201043e-01;1.9250000e+02;-5.8351196e-02;1.9250000e+02;-1.6599640e-02;1.9250000e+02;4.4183187e-02;1.9250000e+02;1.1972594e-01;1.9250000e+02;2.0148998e-01;1.9250000e+02;2.5547194e-01;1.9250000e+02;2.7859068e-01;1.9250000e+02;3.1531924e-01;1.9250000e+02;3.1241241e-01;1.9250000e+02;2.3830758e-01;1.9250000e+02;1.6687088e-01;1.9250000e+02;1.0900486e-01;1.9250000e+02;6.1380073e-02;1.9250000e+02;1.8140554e-02;1.9250000e+02;-2.4031721e-02;1.9250000e+02;-6.6997617e-02;1.9250000e+02;-1.0884981e-01;1.9250000e+02;-1.5201043e-01;1.9250000e+02;-5.8351196e-02;1.9250000e+02;-1.6599640e-02;1.9250000e+02;4.4183187e-02;1.9250000e+02;1.1972594e-01;1.9250000e+02;2.0148998e-01;1.9250000e+02;2.5547194e-01;1.9250000e+02;2.7859068e-01;1.9250000e+02;3.1531924e-01;1.9250000e+02;3.1241241e-01;1.9250000e+02;2.3830758e-01;1.9250000e+02;1.6687088e-01;1.9250000e+02;1.0900486e-01;1.9250000e+02;6.1380073e-02;1.9250000e+02;1.8140554e-02;1.9250000e+02;-2.4031721e-02;1.9250000e+02;-6.6997617e-02;1.9250000e+02;-1.0884981e-01;1.9250000e+02;-1.5201043e-01;1.9250000e+02;-5.8351196e-02;1.9250000e+02;-1.6599640e-02;1.9250000e+02;4.4183187e-02;1.9250000e+02;1.1972594e-01;1.9250000e+02;2.0148998e-01;1.9250000e+02;2.5547194e-01;1.9250000e+02;2.7859068e-01;1.9250000e+02;3.1531924e-01;1.9250000e+02;3.1241241e-01;1.9250000e+02;2.3830758e-01;1.9250000e+02;1.6687088e-01;1.9250000e+02;1.0900486e-01;1.9250000e+02;6.1380073e-02;1.9250000e+02;1.8140554e-02;1.9250000e+02;-2.4031721e-02;1.9250000e+02;-6.6997617e-02;1.9250000e+02;-1.0884981e-01;1.9250000e+02;-1.5201043e-01;1.9250000e+02;-5.8351196e-02;1.9250000e+02;-1.6599640e-02;1.9250000e+02;4.4183187e-02;1.9250000e+02;1.1972594e-01;1.9250000e+02;2.0148998e-01;1.9250000e+02;2.5547194e-01;1.9250000e+02;2.7859068e-01;1.9250000e+02;3.1531924e-01;1.9250000e+02;3.1241241e-01;1.9250000e+02;2.3830758e-01;1.9250000e+02;1.6687088e-01;1.9250000e+02;1.0900486e-01;1.9250000e+02;6.1380073e-02;1.9250000e+02;1.8140554e-02;1.9250000e+02;-2.4031721e-02;1.9250000e+02;-6.6997617e-02;1.9250000e+02;-1.0884981e-01;1.9250000e+02;-1.5201043e-01;1.9250000e+02;-5.8351196e-02;1.9250000e+02;-1.6599640e-02;1.9250000e+02;4.4183187e-02;1.9250000e+02;1.1972594e-01;1.9250000e+02;2.0148998e-01;1.9250000e+02;2.5547194e-01;1.9250000e+02;2.7859068e-01;1.9250000e+02;3.1531924e-01;1.9250000e+02;3.1241241e-01;1.9250000e+02;2.3830758e-01;1.9250000e+02;1.6687088e-01;1.9250000e+02;1.0900486e-01;1.9250000e+02;6.1380073e-02;1.9250000e+02;1.8140554e-02;1.9250000e+02;-2.4031721e-02;1.9250000e+02;-6.6997617e-02;1.9250000e+02;-1.0884981e-01;1.9250000e+02;-1.5201043e-01;1.9250000e+02;-5.8351196e-02;1.9250000e+02;-1.6599640e-02;1.9250000e+02;4.4183187e-02;1.9250000e+02;1.1972594e-01;1.9250000e+02;2.0148998e-01;1.9250000e+02;2.5547194e-01;1.9250000e+02;2.7859068e-01;1.9250000e+02;3.1531924e-01;1.9250000e+02;3.1241241e-01;1.9250000e+02;2.3830758e-01;1.9250000e+02;1.6687088e-01;1.9250000e+02;1.0900486e-01;1.9250000e+02;6.1380073e-02;1.9250000e+02;1.8140554e-02;1.9250000e+02;-2.4031721e-02;1.9250000e+02;-6.6997617e-02;1.9250000e+02;-1.0884981e-01;1.9250000e+02;-1.5201043e-01;1.9250000e+02;-5.8351196e-02;1.9250000e+02;-1.6599640e-02;1.9250000e+02;4.4183187e-02;1.9250000e+02;1.1972594e-01;1.9250000e+02;2.0148998e-01;1.9250000e+02;2.5547194e-01;1.9250000e+02;2.7859068e-01;1.9250000e+02;3.1531924e-01;1.9250000e+02;3.1241241e-01;1.9250000e+02;2.3830758e-01;1.9250000e+02;1.6687088e-01;1.9250000e+02;1.0900486e-01;1.9250000e+02;6.1380073e-02;1.9250000e+02;1.8140554e-02;1.9250000e+02;-2.4031721e-02;1.9250000e+02;-6.6997617e-02;1.9250000e+02;-1.0884981e-01;1.9250000e+02;-1.5201043e-01;1.9250000e+02;-5.8351196e-02;1.9250000e+02;-1.6599640e-02;1.9250000e+02;4.4183187e-02;1.9250000e+02;1.1972594e-01;1.9250000e+02;2.0148998e-01;1.9250000e+02;2.5547194e-01;1.9250000e+02;2.7859068e-01;1.9250000e+02;3.1531924e-01;1.9250000e+02;3.1241241e-01;1.9250000e+02;2.3830758e-01;1.9250000e+02;1.6687088e-01;1.9250000e+02;1.0900486e-01;1.9250000e+02;6.1380073e-02;1.9250000e+02;1.8140554e-02;1.9250000e+02;-2.4031721e-02;1.9250000e+02;-6.6997617e-02;1.9250000e+02;-1.0884981e-01;1.9250000e+02;-1.5201043e-01;1.9250000e+02;-5.8351196e-02;1.9250000e+02;-1.6599640e-02;1.9250000e+02;4.4183187e-02;1.9250000e+02;1.1972594e-01;1.9250000e+02;2.0148998e-01;1.9250000e+02;2.5547194e-01;1.9250000e+02;2.7859068e-01;1.9250000e+02;3.1531924e-01;1.9250000e+02;3.1241241e-01;1.9250000e+02;2.3830758e-01;1.9250000e+02;1.6687088e-01;1.9250000e+02;1.0900486e-01;1.9250000e+02;6.1380073e-02;1.9250000e+02;1.8140554e-02;1.9250000e+02;-2.4031721e-02;1.9250000e+02;-6.6997617e-02;1.9250000e+02;-1.0884981e-01;1.9250000e+02;-1.5201043e-01;1.9250000e+02;-5.8351196e-02;1.9250000e+02;-1.6599640e-02;1.9250000e+02;4.4183187e-02;1.9250000e+02;1.1972594e-01;1.9250000e+02;2.0148998e-01;1.9250000e+02;2.5547194e-01;1.9250000e+02;2.7859068e-01;1.9250000e+02;3.1531924e-01;1.9250000e+02;3.1241241e-01;1.9250000e+02;2.3830758e-01;1.9250000e+02;1.6687088e-01;1.9250000e+02;1.0900486e-01;1.9250000e+02;6.1380073e-02;1.9250000e+02;1.8140554e-02;1.9250000e+02;-2.4031721e-02;1.9250000e+02;-6.6997617e-02;1.9250000e+02;-1.0884981e-01;1.9250000e+02;-1.5201043e-01;1.9250000e+02;-5.8351196e-02;1.9250000e+02;-1.6599640e-02;1.9250000e+02;4.4183187e-02;1.9250000e+02;1.1972594e-01;1.9250000e+02;2.0148998e-01;1.9250000e+02;2.5547194e-01;1.9250000e+02;2.7859068e-01;1.9250000e+02;3.1531924e-01;1.9250000e+02;3.1241241e-01;1.9250000e+02;2.3830758e-01;1.9250000e+02;1.6687088e-01;1.9250000e+02;1.0900486e-01;1.9250000e+02;6.1380073e-02;1.9250000e+02;1.8140554e-02;1.9250000e+02;-2.4031721e-02;1.9250000e+02;-6.6997617e-02;1.9250000e+02;-1.0884981e-01;1.9250000e+02;-1.5201043e-01;1.9250000e+02;-5.8351196e-02;1.9250000e+02;-1.6599640e-02;1.9250000e+02;4.4183187e-02;1.9250000e+02;1.1972594e-01;1.9250000e+02;2.0148998e-01;1.9250000e+02;2.5547194e-01;1.9250000e+02;2.7859068e-01;1.9250000e+02;3.1531924e-01;1.9250000e+02;3.1241241e-01;1.9250000e+02;2.3830758e-01;1.9250000e+02;1.6687088e-01;1.9250000e+02;1.0900486e-01;1.9250000e+02;6.1380073e-02;1.9250000e+02;1.8140554e-02;1.9250000e+02;-2.4031721e-02;1.9250000e+02;-6.6997617e-02;1.9250000e+02;-1.0884981e-01;1.9250000e+02;-1.5201043e-01;1.9250000e+02;-5.8351196e-02;1.9250000e+02;-1.6599640e-02;1.9250000e+02;4.4183187e-02;1.9250000e+02;1.1972594e-01;1.9250000e+02;2.0148998e-01;1.9250000e+02;2.5547194e-01;1.9250000e+02;2.7859068e-01;1.9250000e+02;3.1531924e-01;1.9250000e+02;3.1241241e-01;1.9250000e+02;2.3830758e-01;1.9250000e+02;1.6687088e-01;1.9250000e+02;1.0900486e-01;1.9250000e+02;6.1380073e-02;1.9250000e+02;1.8140554e-02;1.9250000e+02;-2.4031721e-02;1.9250000e+02;-6.6997617e-02;1.9250000e+02;-1.0884981e-01;1.9250000e+02;-1.5201043e-01;1.9250000e+02;-5.8351196e-02;1.9250000e+02;-1.6599640e-02;1.9250000e+02;4.4183187e-02;1.9250000e+02;1.1972594e-01;1.9250000e+02;2.0148998e-01;1.9250000e+02;2.5547194e-01;1.9250000e+02;2.7859068e-01;1.9250000e+02;3.1531924e-01;1.9250000e+02;3.1241241e-01;1.9250000e+02;2.3830758e-01;1.9250000e+02;1.6687088e-01;1.9250000e+02;1.0900486e-01;1.9250000e+02;6.1380073e-02;1.9250000e+02;1.8140554e-02;1.9250000e+02;-2.4031721e-02;1.9250000e+02;-6.6997617e-02;1.9250000e+02;-1.0884981e-01;1.9250000e+02;-1.5201043e-01;1.9250000e+02;-5.8351196e-02;1.9250000e+02;-1.6599640e-02;1.9250000e+02;4.4183187e-02;1.9250000e+02;1.1972594e-01;1.9250000e+02;2.0148998e-01;1.9250000e+02;2.5547194e-01;1.9250000e+02;2.7859068e-01;1.9250000e+02;3.1531924e-01;1.9250000e+02;3.1241241e-01;1.9250000e+02;2.3830758e-01;1.9250000e+02;1.6687088e-01;1.9250000e+02;1.0900486e-01;1.9250000e+02;6.1380073e-02;1.9250000e+02;1.8140554e-02;1.9250000e+02;-2.4031721e-02;1.9250000e+02;-6.6997617e-02;1.9250000e+02;-1.0884981e-01;1.9250000e+02;-1.5201043e-01;1.9250000e+02;-5.8351196e-02;1.9250000e+02;-1.6599640e-02;1.9250000e+02;4.4183187e-02;1.9250000e+02;1.1972594e-01;1.9250000e+02;2.0148998e-01;1.9250000e+02;2.5547194e-01;1.9250000e+02;2.7859068e-01;1.9250000e+02;3.1531924e-01;1.9250000e+02;3.1241241e-01;1.9250000e+02;2.3830758e-01;1.9250000e+02;1.6687088e-01;1.9250000e+02;1.0900486e-01;1.9250000e+02;6.1380073e-02;1.9250000e+02;1.8140554e-02;1.9250000e+02;-2.4031721e-02;1.9250000e+02;-6.6997617e-02;1.9250000e+02;-1.0884981e-01;1.9250000e+02;-1.5201043e-01;1.9250000e+02;-5.8351196e-02;1.9250000e+02;-1.6599640e-02;1.9250000e+02;4.4183187e-02;1.9250000e+02;1.1972594e-01;1.9250000e+02;2.0148998e-01;1.9250000e+02;2.5547194e-01;1.9250000e+02;2.7859068e-01;1.9250000e+02;3.1531924e-01;1.9250000e+02;3.1241241e-01;1.9250000e+02;2.3830758e-01;1.9250000e+02;1.6687088e-01;1.9250000e+02;1.0900486e-01;1.9250000e+02;6.1380073e-02;1.9250000e+02;1.8140554e-02;1.9250000e+02;-2.4031721e-02;1.9250000e+02;-6.6997617e-02;1.9250000e+02;-1.0884981e-01;1.9250000e+02;-1.5201043e-01;1.9250000e+02;-5.8351196e-02;1.9250000e+02;-1.6599640e-02;1.9250000e+02;4.4183187e-02;1.9250000e+02;1.1972594e-01;1.9250000e+02;2.0148998e-01;1.9250000e+02;2.5547194e-01;1.9250000e+02;2.7859068e-01;1.9250000e+02;3.1531924e-01;1.9250000e+02;3.1241241e-01;1.9250000e+02;2.3830758e-01;1.9250000e+02;1.6687088e-01;1.9250000e+02;1.0900486e-01;1.9250000e+02;6.1380073e-02;1.9250000e+02;1.8140554e-02;1.9250000e+02;-2.4031721e-02;1.9250000e+02;-6.6997617e-02;1.9250000e+02;-1.0884981e-01;1.9250000e+02;-1.5201043e-01;1.9250000e+02;-5.8351196e-02;1.9250000e+02;-1.6599640e-02;1.9250000e+02;4.4183187e-02;1.9250000e+02;1.1972594e-01;1.9250000e+02;2.0148998e-01;1.9250000e+02;2.5547194e-01;1.9250000e+02;2.7859068e-01;1.9250000e+02;3.1531924e-01;1.9250000e+02;3.1241241e-01;1.9250000e+02;2.3830758e-01;1.9250000e+02;1.6687088e-01;1.9250000e+02;1.0900486e-01;1.9250000e+02;6.1380073e-02;1.9250000e+02;1.8140554e-02;1.9250000e+02;-2.4031721e-02;1.9250000e+02;-6.6997617e-02;1.9250000e+02;-1.0884981e-01;1.9250000e+02;-1.5201043e-01;1.9250000e+02;-5.8351196e-02;1.9250000e+02;-1.6599640e-02;1.9250000e+02;4.4183187e-02;1.9250000e+02;1.1972594e-01;1.9250000e+02;2.0148998e-01;1.9250000e+02;2.5547194e-01;1.9250000e+02;2.7859068e-01;1.9250000e+02;3.1531924e-01;1.9250000e+02;3.1241241e-01;1.9250000e+02;2.3830758e-01;1.9250000e+02;1.6687088e-01;1.9250000e+02;1.0900486e-01;1.9250000e+02;6.1380073e-02;1.9250000e+02;1.8140554e-02;1.9250000e+02;-2.4031721e-02;1.9250000e+02;-6.6997617e-02;1.9250000e+02;-1.0884981e-01;1.9250000e+02;-1.5201043e-01;1.9250000e+02;-5.8351196e-02;1.9250000e+02;-1.6599640e-02;1.9250000e+02;4.4183187e-02;1.9250000e+02;1.1972594e-01;1.9250000e+02;2.0148998e-01;1.9250000e+02;2.5547194e-01;1.9250000e+02;2.7859068e-01;1.9250000e+02;3.1531924e-01;1.9250000e+02;3.1241241e-01;1.9250000e+02;2.3830758e-01;1.9250000e+02;1.6687088e-01;1.9250000e+02;1.0900486e-01;1.9250000e+02;6.1380073e-02;1.9250000e+02;1.8140554e-02;1.9250000e+02;-2.4031721e-02;1.9250000e+02;-6.6997617e-02;1.9250000e+02;-1.0884981e-01;1.9250000e+02;-1.5201043e-01;1.9250000e+02;-5.8351196e-02;1.9250000e+02;-1.6599640e-02;1.9250000e+02;4.4183187e-02;1.9250000e+02;1.1972594e-01;1.9250000e+02;2.0148998e-01;1.9250000e+02;2.5547194e-01;1.9250000e+02;2.7859068e-01;1.9250000e+02;3.1531924e-01;1.9250000e+02;3.1241241e-01;1.9250000e+02;2.3830758e-01;1.9250000e+02;1.6687088e-01;1.9250000e+02;1.0900486e-01;1.9250000e+02;6.1380073e-02;1.9250000e+02;1.8140554e-02;1.9250000e+02;-2.4031721e-02;1.9250000e+02;-6.6997617e-02;1.9250000e+02;-1.0884981e-01;1.9250000e+02;-1.5201043e-01;1.9250000e+02;-5.8351196e-02;1.9250000e+02;-1.6599640e-02;1.9250000e+02;4.4183187e-02;1.9250000e+02;1.1972594e-01;1.9250000e+02;2.0148998e-01;1.9250000e+02;2.5547194e-01;1.9250000e+02;2.7859068e-01;1.9250000e+02;3.1531924e-01;1.9250000e+02;3.1241241e-01;1.9250000e+02;2.3830758e-01;1.9250000e+02;1.6687088e-01;1.9250000e+02;1.0900486e-01;1.9250000e+02;6.1380073e-02;1.9250000e+02;1.8140554e-02;1.9250000e+02;-2.4031721e-02;1.9250000e+02;-6.6997617e-02;1.9250000e+02;-1.0884981e-01;1.9250000e+02;-1.5201043e-01;1.9250000e+02;-5.8351196e-02;1.9250000e+02;-1.6599640e-02;1.9250000e+02;4.4183187e-02;1.9250000e+02;1.1972594e-01;1.9250000e+02;2.0148998e-01;1.9250000e+02;2.5547194e-01;1.9250000e+02;2.7859068e-01;1.9250000e+02;3.1531924e-01;1.9250000e+02;3.1241241e-01;1.9250000e+02;2.3830758e-01;1.9250000e+02;1.6687088e-01;1.9250000e+02;1.0900486e-01;1.9250000e+02;6.1380073e-02;1.9250000e+02;1.8140554e-02;1.9250000e+02;-2.4031721e-02;1.9250000e+02;-6.6997617e-02;1.9250000e+02;-1.0884981e-01;1.9250000e+02;-1.5201043e-01;1.9250000e+02;-5.8351196e-02;1.9250000e+02;-1.6599640e-02;1.9250000e+02;4.4183187e-02;1.9250000e+02;1.1972594e-01;1.9250000e+02;2.0148998e-01;1.9250000e+02;2.5547194e-01;1.9250000e+02;2.7859068e-01;1.9250000e+02;3.1531924e-01;1.9250000e+02;3.1241241e-01;1.9250000e+02;2.3830758e-01;1.9250000e+02;1.6687088e-01;1.9250000e+02;1.0900486e-01;1.9250000e+02;6.1380073e-02;1.9250000e+02;1.8140554e-02;1.9250000e+02;-2.4031721e-02;1.9250000e+02;-6.6997617e-02;1.9250000e+02;-1.0884981e-01;1.9250000e+02;-1.5201043e-01;1.9250000e+02;-5.8351196e-02;1.9250000e+02;-1.6599640e-02;1.9250000e+02;4.4183187e-02;1.9250000e+02;1.1972594e-01;1.9250000e+02;2.0148998e-01;1.9250000e+02;2.5547194e-01;1.9250000e+02;2.7859068e-01;1.9250000e+02;3.1531924e-01;1.9250000e+02;3.1241241e-01;1.9250000e+02;2.3830758e-01;1.9250000e+02;1.6687088e-01;1.9250000e+02;1.0900486e-01;1.9250000e+02;6.1380073e-02;1.9250000e+02;1.8140554e-02;1.9250000e+02;-2.4031721e-02;1.9250000e+02;-6.6997617e-02;1.9250000e+02;-1.0884981e-01;1.9250000e+02;-1.5201043e-01;1.9250000e+02;-5.8351196e-02;1.9250000e+02;-1.6599640e-02;1.9250000e+02;4.4183187e-02;1.9250000e+02;1.1972594e-01;1.9250000e+02;2.0148998e-01;1.9250000e+02;2.5547194e-01;1.9250000e+02;2.7859068e-01;1.9250000e+02;3.1531924e-01;1.9250000e+02;3.1241241e-01;1.9250000e+02;2.3830758e-01;1.9250000e+02;1.6687088e-01;1.9250000e+02;1.0900486e-01;1.9250000e+02;6.1380073e-02;1.9250000e+02;1.8140554e-02;1.9250000e+02;-2.4031721e-02;1.9250000e+02;-6.6997617e-02;1.9250000e+02;-1.0884981e-01;1.9250000e+02;-1.5201043e-01;1.9250000e+02;-5.8351196e-02;1.9250000e+02;-1.6599640e-02;1.9250000e+02;4.4183187e-02;1.9250000e+02;1.1972594e-01;1.9250000e+02;2.0148998e-01;1.9250000e+02;2.5547194e-01;1.9250000e+02;2.7859068e-01;1.9250000e+02;3.1531924e-01;1.9250000e+02;3.1241241e-01;1.9250000e+02;2.3830758e-01;1.9250000e+02;1.6687088e-01;1.9250000e+02;1.0900486e-01;1.9250000e+02;6.1380073e-02;1.9250000e+02;1.8140554e-02;1.9250000e+02;-2.4031721e-02;1.9250000e+02;-6.6997617e-02;1.9250000e+02;-1.0884981e-01;1.9250000e+02;-1.5201043e-01;1.9250000e+02;-5.8351196e-02;1.9250000e+02;-1.6599640e-02;1.9250000e+02;4.4183187e-02;1.9250000e+02;1.1972594e-01;1.9250000e+02;2.0148998e-01;1.9250000e+02;2.5547194e-01;1.9250000e+02;2.7859068e-01;1.9250000e+02;3.1531924e-01;1.9250000e+02;3.1241241e-01;1.9250000e+02;2.3830758e-01;1.9250000e+02;1.6687088e-01;1.9250000e+02;1.0900486e-01;1.9250000e+02;6.1380073e-02;1.9250000e+02;1.8140554e-02;1.9250000e+02;-2.4031721e-02;1.9250000e+02;-6.6997617e-02;1.9250000e+02;-1.0884981e-01;1.9250000e+02;-1.5201043e-01;1.9250000e+02;-5.8351196e-02;1.9250000e+02;-1.6599640e-02;1.9250000e+02;4.4183187e-02;1.9250000e+02;1.1972594e-01;1.9250000e+02;2.0148998e-01;1.9250000e+02;2.5547194e-01;1.9250000e+02;2.7859068e-01;1.9250000e+02;3.1531924e-01;1.9250000e+02;3.1241241e-01;1.9250000e+02;2.3830758e-01;1.9250000e+02;1.6687088e-01;1.9250000e+02;1.0900486e-01;1.9250000e+02;6.1380073e-02;1.9250000e+02;1.8140554e-02;1.9250000e+02;-2.4031721e-02;1.9250000e+02;-6.6997617e-02;1.9250000e+02;-1.0884981e-01;1.9250000e+02;-1.5201043e-01;1.9250000e+02;-5.8351196e-02;1.9250000e+02;-1.6599640e-02;1.9250000e+02;4.4183187e-02;1.9250000e+02;1.1972594e-01;1.9250000e+02;2.0148998e-01;1.9250000e+02;2.5547194e-01;1.9250000e+02;2.7859068e-01;1.9250000e+02;3.1531924e-01;1.9250000e+02;3.1241241e-01;1.9250000e+02;2.3830758e-01;1.9250000e+02;1.6687088e-01;1.9250000e+02;1.0900486e-01;1.9250000e+02;6.1380073e-02;1.9250000e+02;1.8140554e-02;1.9250000e+02;-2.4031721e-02;1.9250000e+02;-6.6997617e-02;1.9250000e+02;-1.0884981e-01;1.9250000e+02;-1.5201043e-01;1.9250000e+02;-5.8351196e-02;1.9250000e+02;-1.6599640e-02;1.9250000e+02;4.4183187e-02;1.9250000e+02;1.1972594e-01;1.9250000e+02;2.0148998e-01;1.9250000e+02;2.5547194e-01;1.9250000e+02;2.7859068e-01;1.9250000e+02;3.1531924e-01;1.9250000e+02;3.1241241e-01;1.9250000e+02;2.3830758e-01;1.9250000e+02;1.6687088e-01;1.9250000e+02;1.0900486e-01;1.9250000e+02;6.1380073e-02;1.9250000e+02;1.8140554e-02;1.9250000e+02;-2.4031721e-02;1.9250000e+02;-6.6997617e-02;1.9250000e+02;-1.0884981e-01;1.9250000e+02;-1.5201043e-01
1.9750000e+02;-6.4658932e-02;1.9750000e+02;-2.6944976e-02;1.9750000e+02;3.2239217e-02;1.9750000e+02;1.0224481e-01;1.9750000e+02;1.7849205e-01;1.9750000e+02;2.3569807e-01;1.9750000e+02;2.6933566e-01;1.9750000e+02;3.0322847e-01;1.9750000e+02;2.9830754e-01;1.9750000e+02;2.3384908e-01;1.9750000e+02;1.5811607e-01;1.9750000e+02;9.6990526e-02;1.9750000e+02;4.7122434e-02;1.9750000e+02;2.9313713e-03;1.9750000e+02;-3.9379813e-02;1.9750000e+02;-8.2226232e-02;1.9750000e+02;-1.2448609e-01;1.9750000e+02;-1.6506016e-01;1.9750000e+02;-6.4658932e-02;1.9750000e+02;-2.6944976e-02;1.9750000e+02;3.2239217e-02;1.9750000e+02;1.0224481e-01;1.9750000e+02;1.7849205e-01;1.9750000e+02;2.3569807e-01;1.9750000e+02;2.6933566e-01;1.9750000e+02;3.0322847e-01;1.9750000e+02;2.9830754e-01;1.9750000e+02;2.3384908e-01;1.9750000e+02;1.5811607e-01;1.9750000e+02;9.6990526e-02;1.9750000e+02;4.7122434e-02;1.9750000e+02;2.9313713e-03;1.9750000e+02;-3.9379813e-02;1.9750000e+02;-8.2226232e-02;1.9750000e+02;-1.2448609e-01;1.9750000e+02;-1.6506016e-01;1.9750000e+02;-6.4658932e-02;1.9750000e+02;-2.6944976e-02;1.9750000e+02;3.2239217e-02;1.9750000e+02;1.0224481e-01;1.9750000e+02;1.7849205e-01;1.9750000e+02;2.3569807e-01;1.9750000e+02;2.6933566e-01;1.9750000e+02;3.0322847e-01;1.9750000e+02;2.9830754e-01;1.9750000e+02;2.3384908e-01;1.9750000e+02;1.5811607e-01;1.9750000e+02;9.6990526e-02;1.9750000e+02;4.7122434e-02;1.9750000e+02;2.9313713e-03;1.9750000e+02;-3.9379813e-02;1.9750000e+02;-8.2226232e-02;1.9750000e+02;-1.2448609e-01;1.9750000e+02;-1.6506016e-01;1.9750000e+02;-6.4658932e-02;1.9750000e+02;-2.6944976e-02;1.9750000e+02;3.2239217e-02;1.9750000e+02;1.0224481e-01;1.9750000e+02;1.7849205e-01;1.9750000e+02;2.3569807e-01;1.9750000e+02;2.6933566e-01;1.9750000e+02;3.0322847e-01;1.9750000e+02;2.9830754e-01;1.9750000e+02;2.3384908e-01;1.9750000e+02;1.5811607e-01;1.9750000e+02;9.6990526e-02;1.9750000e+02;4.7122434e-02;1.9750000e+02;2.9313713e-03;1.9750000e+02;-3.9379813e-02;1.9750000e+02;-8.2226232e-02;1.9750000e+02;-1.2448609e-01;1.9750000e+02;-1.6506016e-01;1.9750000e+02;-6.4658932e-02;1.9750000e+02;-2.6944976e-02;1.9750000e+02;3.2239217e-02;1.9750000e+02;1.0224481e-01;1.9750000e+02;1.7849205e-01;1.9750000e+02;2.3569807e-01;1.9750000e+02;2.6933566e-01;1.9750000e+02;3.0322847e-01;1.9750000e+02;2.9830754e-01;1.9750000e+02;2.3384908e-01;1.9750000e+02;1.5811607e-01;1.9750000e+02;9.6990526e-02;1.9750000e+02;4.7122434e-02;1.9750000e+02;2.9313713e-03;1.9750000e+02;-3.9379813e-02;1.9750000e+02;-8.2226232e-02;1.9750000e+02;-1.2448609e-01;1.9750000e+02;-1.6506016e-01;1.9750000e+02;-6.4658932e-02;1.9750000e+02;-2.6944976e-02;1.9750000e+02;3.2239217e-02;1.9750000e+02;1.0224481e-01;1.9750000e+02;1.7849205e-01;1.9750000e+02;2.3569807e-01;1.9750000e+02;2.6933566e-01;1.9750000e+02;3.0322847e-01;1.9750000e+02;2.9830754e-01;1.9750000e+02;2.3384908e-01;1.9750000e+02;1.5811607e-01;1.9750000e+02;9.6990526e-02;1.9750000e+02;4.7122434e-02;1.9750000e+02;2.9313713e-03;1.9750000e+02;-3.9379813e-02;1.9750000e+02;-8.2226232e-02;1.9750000e+02;-1.2448609e-01;1.9750000e+02;-1.6506016e-01;1.9750000e+02;-6.4658932e-02;1.9750000e+02;-2.6944976e-02;1.9750000e+02;3.2239217e-02;1.9750000e+02;1.0224481e-01;1.9750000e+02;1.7849205e-01;1.9750000e+02;2.3569807e-01;1.9750000e+02;2.6933566e-01;1.9750000e+02;3.0322847e-01;1.9750000e+02;2.9830754e-01;1.9750000e+02;2.3384908e-01;1.9750000e+02;1.5811607e-01;1.9750000e+02;9.6990526e-02;1.9750000e+02;4.7122434e-02;1.9750000e+02;2.9313713e-03;1.9750000e+02;-3.9379813e-02;1.9750000e+02;-8.2226232e-02;1.9750000e+02;-1.2448609e-01;1.9750000e+02;-1.6506016e-01;1.9750000e+02;-6.4658932e-02;1.9750000e+02;-2.6944976e-02;1.9750000e+02;3.2239217e-02;1.9750000e+02;1.0224481e-01;1.9750000e+02;1.7849205e-01;1.9750000e+02;2.3569807e-01;1.9750000e+02;2.6933566e-01;1.9750000e+02;3.0322847e-01;1.9750000e+02;2.9830754e-01;1.9750000e+02;2.3384908e-01;1.9750000e+02;1.5811607e-01;1.9750000e+02;9.6990526e-02;1.9750000e+02;4.7122434e-02;1.9750000e+02;2.9313713e-03;1.9750000e+02;-3.9379813e-02;1.9750000e+02;-8.2226232e-02;1.9750000e+02;-1.2448609e-01;1.9750000e+02;-1.6506016e-01;1.9750000e+02;-6.4658932e-02;1.9750000e+02;-2.6944976e-02;1.9750000e+02;3.2239217e-02;1.9750000e+02;1.0224481e-01;1.9750000e+02;1.7849205e-01;1.9750000e+02;2.3569807e-01;1.9750000e+02;2.6933566e-01;1.9750000e+02;3.0322847e-01;1.9750000e+02;2.9830754e-01;1.9750000e+02;2.3384908e-01;1.9750000e+02;1.5811607e-01;1.9750000e+02;9.6990526e-02;1.9750000e+02;4.7122434e-02;1.9750000e+02;2.9313713e-03;1.9750000e+02;-3.9379813e-02;1.9750000e+02;-8.2226232e-02;1.9750000e+02;-1.2448609e-01;1.9750000e+02;-1.6506016e-01;1.9750000e+02;-6.4658932e-02;1.9750000e+02;-2.6944976e-02;1.9750000e+02;3.2239217e-02;1.9750000e+02;1.0224481e-01;1.9750000e+02;1.7849205e-01;1.9750000e+02;2.3569807e-01;1.9750000e+02;2.6933566e-01;1.9750000e+02;3.0322847e-01;1.9750000e+02;2.9830754e-01;1.9750000e+02;2.3384908e-01;1.9750000e+02;1.5811607e-01;1.9750000e+02;9.6990526e-02;1.9750000e+02;4.7122434e-02;1.9750000e+02;2.9313713e-03;1.9750000e+02;-3.9379813e-02;1.9750000e+02;-8.2226232e-02;1.9750000e+02;-1.2448609e-01;1.9750000e+02;-1.6506016e-01;1.9750000e+02;-6.4658932e-02;1.9750000e+02;-2.6944976e-02;1.9750000e+02;3.2239217e-02;1.9750000e+02;1.0224481e-01;1.9750000e+02;1.7849205e-01;1.9750000e+02;2.3569807e-01;1.9750000e+02;2.6933566e-01;1.9750000e+02;3.0322847e-01;1.9750000e+02;2.9830754e-01;1.9750000e+02;2.3384908e-01;1.9750000e+02;1.5811607e-01;1.9750000e+02;9.6990526e-02;1.9750000e+02;4.7122434e-02;1.9750000e+02;2.9313713e-03;1.9750000e+02;-3.9379813e-02;1.9750000e+02;-8.2226232e-02;1.9750000e+02;-1.2448609e-01;1.9750000e+02;-1.6506016e-01;1.9750000e+02;-6.4658932e-02;1.9750000e+02;-2.6944976e-02;1.9750000e+02;3.2239217e-02;1.9750000e+02;1.0224481e-01;1.9750000e+02;1.7849205e-01;1.9750000e+02;2.3569807e-01;1.9750000e+02;2.6933566e-01;1.9750000e+02;3.0322847e-01;1.9750000e+02;2.9830754e-01;1.9750000e+02;2.3384908e-01;1.9750000e+02;1.5811607e-01;1.9750000e+02;9.6990526e-02;1.9750000e+02;4.7122434e-02;1.9750000e+02;2.9313713e-03;1.9750000e+02;-3.9379813e-02;1.9750000e+02;-8.2226232e-02;1.9750000e+02;-1.2448609e-01;1.9750000e+02;-1.6506016e-01;1.9750000e+02;-6.4658932e-02;1.9750000e+02;-2.6944976e-02;1.9750000e+02;3.2239217e-02;1.9750000e+02;1.0224481e-01;1.9750000e+02;1.7849205e-01;1.9750000e+02;2.3569807e-01;1.9750000e+02;2.6933566e-01;1.9750000e+02;3.0322847e-01;1.9750000e+02;2.9830754e-01;1.9750000e+02;2.3384908e-01;1.9750000e+02;1.5811607e-01;1.9750000e+02;9.6990526e-02;1.9750000e+02;4.7122434e-02;1.9750000e+02;2.9313713e-03;1.9750000e+02;-3.9379813e-02;1.9750000e+02;-8.2226232e-02;1.9750000e+02;-1.2448609e-01;1.9750000e+02;-1.6506016e-01;1.9750000e+02;-6.4658932e-02;1.9750000e+02;-2.6944976e-02;1.9750000e+02;3.2239217e-02;1.9750000e+02;1.0224481e-01;1.9750000e+02;1.7849205e-01;1.9750000e+02;2.3569807e-01;1.9750000e+02;2.6933566e-01;1.9750000e+02;3.0322847e-01;1.9750000e+02;2.9830754e-01;1.9750000e+02;2.3384908e-01;1.9750000e+02;1.5811607e-01;1.9750000e+02;9.6990526e-02;1.9750000e+02;4.7122434e-02;1.9750000e+02;2.9313713e-03;1.9750000e+02;-3.9379813e-02;1.9750000e+02;-8.2226232e-02;1.9750000e+02;-1.2448609e-01;1.9750000e+02;-1.6506016e-01;1.9750000e+02;-6.4658932e-02;1.9750000e+02;-2.6944976e-02;1.9750000e+02;3.2239217e-02;1.9750000e+02;1.0224481e-01;1.9750000e+02;1.7849205e-01;1.9750000e+02;2.3569807e-01;1.9750000e+02;2.6933566e-01;1.9750000e+02;3.0322847e-01;1.9750000e+02;2.9830754e-01;1.9750000e+02;2.3384908e-01;1.9750000e+02;1.5811607e-01;1.9750000e+02;9.6990526e-02;1.9750000e+02;4.7122434e-02;1.9750000e+02;2.9313713e-03;1.9750000e+02;-3.9379813e-02;1.9750000e+02;-8.2226232e-02;1.9750000e+02;-1.2448609e-01;1.9750000e+02;-1.6506016e-01;1.9750000e+02;-6.4658932e-02;1.9750000e+02;-2.6944976e-02;1.9750000e+02;3.2239217e-02;1.9750000e+02;1.0224481e-01;1.9750000e+02;1.7849205e-01;1.9750000e+02;2.3569807e-01;1.9750000e+02;2.6933566e-01;1.9750000e+02;3.0322847e-01;1.9750000e+02;2.9830754e-01;1.9750000e+02;2.3384908e-01;1.9750000e+02;1.5811607e-01;1.9750000e+02;9.6990526e-02;1.9750000e+02;4.7122434e-02;1.9750000e+02;2.9313713e-03;1.9750000e+02;-3.9379813e-02;1.9750000e+02;-8.2226232e-02;1.9750000e+02;-1.2448609e-01;1.9750000e+02;-1.6506016e-01;1.9750000e+02;-6.4658932e-02;1.9750000e+02;-2.6944976e-02;1.9750000e+02;3.2239217e-02;1.9750000e+02;1.0224481e-01;1.9750000e+02;1.7849205e-01;1.9750000e+02;2.3569807e-01;1.9750000e+02;2.6933566e-01;1.9750000e+02;3.0322847e-01;1.9750000e+02;2.9830754e-01;1.9750000e+02;2.3384908e-01;1.9750000e+02;1.5811607e-01;1.9750000e+02;9.6990526e-02;1.9750000e+02;4.7122434e-02;1.9750000e+02;2.9313713e-03;1.9750000e+02;-3.9379813e-02;1.9750000e+02;-8.2226232e-02;1.9750000e+02;-1.2448609e-01;1.9750000e+02;-1.6506016e-01;1.9750000e+02;-6.4658932e-02;1.9750000e+02;-2.6944976e-02;1.9750000e+02;3.2239217e-02;1.9750000e+02;1.0224481e-01;1.9750000e+02;1.7849205e-01;1.9750000e+02;2.3569807e-01;1.9750000e+02;2.6933566e-01;1.9750000e+02;3.0322847e-01;1.9750000e+02;2.9830754e-01;1.9750000e+02;2.3384908e-01;1.9750000e+02;1.5811607e-01;1.9750000e+02;9.6990526e-02;1.9750000e+02;4.7122434e-02;1.9750000e+02;2.9313713e-03;1.9750000e+02;-3.9379813e-02;1.9750000e+02;-8.2226232e-02;1.9750000e+02;-1.2448609e-01;1.9750000e+02;-1.6506016e-01;1.9750000e+02;-6.4658932e-02;1.9750000e+02;-2.6944976e-02;1.9750000e+02;3.2239217e-02;1.9750000e+02;1.0224481e-01;1.9750000e+02;1.7849205e-01;1.9750000e+02;2.3569807e-01;1.9750000e+02;2.6933566e-01;1.9750000e+02;3.0322847e-01;1.9750000e+02;2.9830754e-01;1.9750000e+02;2.3384908e-01;1.9750000e+02;1.5811607e-01;1.9750000e+02;9.6990526e-02;1.9750000e+02;4.7122434e-02;1.9750000e+02;2.9313713e-03;1.9750000e+02;-3.9379813e-02;1.9750000e+02;-8.2226232e-02;1.9750000e+02;-1.2448609e-01;1.9750000e+02;-1.6506016e-01;1.9750000e+02;-6.4658932e-02;1.9750000e+02;-2.6944976e-02;1.9750000e+02;3.2239217e-02;1.9750000e+02;1.0224481e-01;1.9750000e+02;1.7849205e-01;1.9750000e+02;2.3569807e-01;1.9750000e+02;2.6933566e-01;1.9750000e+02;3.0322847e-01;1.9750000e+02;2.9830754e-01;1.9750000e+02;2.3384908e-01;1.9750000e+02;1.5811607e-01;1.9750000e+02;9.6990526e-02;1.9750000e+02;4.7122434e-02;1.9750000e+02;2.9313713e-03;1.9750000e+02;-3.9379813e-02;1.9750000e+02;-8.2226232e-02;1.9750000e+02;-1.2448609e-01;1.9750000e+02;-1.6506016e-01;1.9750000e+02;-6.4658932e-02;1.9750000e+02;-2.6944976e-02;1.9750000e+02;3.2239217e-02;1.9750000e+02;1.0224481e-01;1.9750000e+02;1.7849205e-01;1.9750000e+02;2.3569807e-01;1.9750000e+02;2.6933566e-01;1.9750000e+02;3.0322847e-01;1.9750000e+02;2.9830754e-01;1.9750000e+02;2.3384908e-01;1.9750000e+02;1.5811607e-01;1.9750000e+02;9.6990526e-02;1.9750000e+02;4.7122434e-02;1.9750000e+02;2.9313713e-03;1.9750000e+02;-3.9379813e-02;1.9750000e+02;-8.2226232e-02;1.9750000e+02;-1.2448609e-01;1.9750000e+02;-1.6506016e-01;1.9750000e+02;-6.4658932e-02;1.9750000e+02;-2.6944976e-02;1.9750000e+02;3.2239217e-02;1.9750000e+02;1.0224481e-01;1.9750000e+02;1.7849205e-01;1.9750000e+02;2.3569807e-01;1.9750000e+02;2.6933566e-01;1.9750000e+02;3.0322847e-01;1.9750000e+02;2.9830754e-01;1.9750000e+02;2.3384908e-01;1.9750000e+02;1.5811607e-01;1.9750000e+02;9.6990526e-02;1.9750000e+02;4.7122434e-02;1.9750000e+02;2.9313713e-03;1.9750000e+02;-3.9379813e-02;1.9750000e+02;-8.2226232e-02;1.9750000e+02;-1.2448609e-01;1.9750000e+02;-1.6506016e-01;1.9750000e+02;-6.4658932e-02;1.9750000e+02;-2.6944976e-02;1.9750000e+02;3.2239217e-02;1.9750000e+02;1.0224481e-01;1.9750000e+02;1.7849205e-01;1.9750000e+02;2.3569807e-01;1.9750000e+02;2.6933566e-01;1.9750000e+02;3.0322847e-01;1.9750000e+02;2.9830754e-01;1.9750000e+02;2.3384908e-01;1.9750000e+02;1.5811607e-01;1.9750000e+02;9.6990526e-02;1.9750000e+02;4.7122434e-02;1.9750000e+02;2.9313713e-03;1.9750000e+02;-3.9379813e-02;1.9750000e+02;-8.2226232e-02;1.9750000e+02;-1.2448609e-01;1.9750000e+02;-1.6506016e-01;1.9750000e+02;-6.4658932e-02;1.9750000e+02;-2.6944976e-02;1.9750000e+02;3.2239217e-02;1.9750000e+02;1.0224481e-01;1.9750000e+02;1.7849205e-01;1.9750000e+02;2.3569807e-01;1.9750000e+02;2.6933566e-01;1.9750000e+02;3.0322847e-01;1.9750000e+02;2.9830754e-01;1.9750000e+02;2.3384908e-01;1.9750000e+02;1.5811607e-01;1.9750000e+02;9.6990526e-02;1.9750000e+02;4.7122434e-02;1.9750000e+02;2.9313713e-03;1.9750000e+02;-3.9379813e-02;1.9750000e+02;-8.2226232e-02;1.9750000e+02;-1.2448609e-01;1.9750000e+02;-1.6506016e-01;1.9750000e+02;-6.4658932e-02;1.9750000e+02;-2.6944976e-02;1.9750000e+02;3.2239217e-02;1.9750000e+02;1.0224481e-01;1.9750000e+02;1.7849205e-01;1.9750000e+02;2.3569807e-01;1.9750000e+02;2.6933566e-01;1.9750000e+02;3.0322847e-01;1.9750000e+02;2.9830754e-01;1.9750000e+02;2.3384908e-01;1.9750000e+02;1.5811607e-01;1.9750000e+02;9.6990526e-02;1.9750000e+02;4.7122434e-02;1.9750000e+02;2.9313713e-03;1.9750000e+02;-3.9379813e-02;1.9750000e+02;-8.2226232e-02;1.9750000e+02;-1.2448609e-01;1.9750000e+02;-1.6506016e-01;1.9750000e+02;-6.4658932e-02;1.9750000e+02;-2.6944976e-02;1.9750000e+02;3.2239217e-02;1.9750000e+02;1.0224481e-01;1.9750000e+02;1.7849205e-01;1.9750000e+02;2.3569807e-01;1.9750000e+02;2.6933566e-01;1.9750000e+02;3.0322847e-01;1.9750000e+02;2.9830754e-01;1.9750000e+02;2.3384908e-01;1.9750000e+02;1.5811607e-01;1.9750000e+02;9.6990526e-02;1.9750000e+02;4.7122434e-02;1.9750000e+02;2.9313713e-03;1.9750000e+02;-3.9379813e-02;1.9750000e+02;-8.2226232e-02;1.9750000e+02;-1.2448609e-01;1.9750000e+02;-1.6506016e-01;1.9750000e+02;-6.4658932e-02;1.9750000e+02;-2.6944976e-02;1.9750000e+02;3.2239217e-02;1.9750000e+02;1.0224481e-01;1.9750000e+02;1.7849205e-01;1.9750000e+02;2.3569807e-01;1.9750000e+02;2.6933566e-01;1.9750000e+02;3.0322847e-01;1.9750000e+02;2.9830754e-01;1.9750000e+02;2.3384908e-01;1.9750000e+02;1.5811607e-01;1.9750000e+02;9.6990526e-02;1.9750000e+02;4.7122434e-02;1.9750000e+02;2.9313713e-03;1.9750000e+02;-3.9379813e-02;1.9750000e+02;-8.2226232e-02;1.9750000e+02;-1.2448609e-01;1.9750000e+02;-1.6506016e-01;1.9750000e+02;-6.4658932e-02;1.9750000e+02;-2.6944976e-02;1.9750000e+02;3.2239217e-02;1.9750000e+02;1.0224481e-01;1.9750000e+02;1.7849205e-01;1.9750000e+02;2.3569807e-01;1.9750000e+02;2.6933566e-01;1.9750000e+02;3.0322847e-01;1.9750000e+02;2.9830754e-01;1.9750000e+02;2.3384908e-01;1.9750000e+02;1.5811607e-01;1.9750000e+02;9.6990526e-02;1.9750000e+02;4.7122434e-02;1.9750000e+02;2.9313713e-03;1.9750000e+02;-3.9379813e-02;1.9750000e+02;-8.2226232e-02;1.9750000e+02;-1.2448609e-01;1.9750000e+02;-1.6506016e-01;1.9750000e+02;-6.4658932e-02;1.9750000e+02;-2.6944976e-02;1.9750000e+02;3.2239217e-02;1.9750000e+02;1.0224481e-01;1.9750000e+02;1.7849205e-01;1.9750000e+02;2.3569807e-01;1.9750000e+02;2.6933566e-01;1.9750000e+02;3.0322847e-01;1.9750000e+02;2.9830754e-01;1.9750000e+02;2.3384908e-01;1.9750000e+02;1.5811607e-01;1.9750000e+02;9.6990526e-02;1.9750000e+02;4.7122434e-02;1.9750000e+02;2.9313713e-03;1.9750000e+02;-3.9379813e-02;1.9750000e+02;-8.2226232e-02;1.9750000e+02;-1.2448609e-01;1.9750000e+02;-1.6506016e-01;1.9750000e+02;-6.4658932e-02;1.9750000e+02;-2.6944976e-02;1.9750000e+02;3.2239217e-02;1.9750000e+02;1.0224481e-01;1.9750000e+02;1.7849205e-01;1.9750000e+02;2.3569807e-01;1.9750000e+02;2.6933566e-01;1.9750000e+02;3.0322847e-01;1.9750000e+02;2.9830754e-01;1.9750000e+02;2.3384908e-01;1.9750000e+02;1.5811607e-01;1.9750000e+02;9.6990526e-02;1.9750000e+02;4.7122434e-02;1.9750000e+02;2.9313713e-03;1.9750000e+02;-3.9379813e-02;1.9750000e+02;-8.2226232e-02;1.9750000e+02;-1.2448609e-01;1.9750000e+02;-1.6506016e-01;1.9750000e+02;-6.4658932e-02;1.9750000e+02;-2.6944976e-02;1.9750000e+02;3.2239217e-02;1.9750000e+02;1.0224481e-01;1.9750000e+02;1.7849205e-01;1.9750000e+02;2.3569807e-01;1.9750000e+02;2.6933566e-01;1.9750000e+02;3.0322847e-01;1.9750000e+02;2.9830754e-01;1.9750000e+02;2.3384908e-01;1.9750000e+02;1.5811607e-01;1.9750000e+02;9.6990526e-02;1.9750000e+02;4.7122434e-02;1.9750000e+02;2.9313713e-03;1.9750000e+02;-3.9379813e-02;1.9750000e+02;-8.2226232e-02;1.9750000e+02;-1.2448609e-01;1.9750000e+02;-1.6506016e-01;1.9750000e+02;-6.4658932e-02;1.9750000e+02;-2.6944976e-02;1.9750000e+02;3.2239217e-02;1.9750000e+02;1.0224481e-01;1.9750000e+02;1.7849205e-01;1.9750000e+02;2.3569807e-01;1.9750000e+02;2.6933566e-01;1.9750000e+02;3.0322847e-01;1.9750000e+02;2.9830754e-01;1.9750000e+02;2.3384908e-01;1.9750000e+02;1.5811607e-01;1.9750000e+02;9.6990526e-02;1.9750000e+02;4.7122434e-02;1.9750000e+02;2.9313713e-03;1.9750000e+02;-3.9379813e-02;1.9750000e+02;-8.2226232e-02;1.9750000e+02;-1.2448609e-01;1.9750000e+02;-1.6506016e-01;1.9750000e+02;-6.4658932e-02;1.9750000e+02;-2.6944976e-02;1.9750000e+02;3.2239217e-02;1.9750000e+02;1.0224481e-01;1.9750000e+02;1.7849205e-01;1.9750000e+02;2.3569807e-01;1.9750000e+02;2.6933566e-01;1.9750000e+02;3.0322847e-01;1.9750000e+02;2.9830754e-01;1.9750000e+02;2.3384908e-01;1.9750000e+02;1.5811607e-01;1.9750000e+02;9.6990526e-02;1.9750000e+02;4.7122434e-02;1.9750000e+02;2.9313713e-03;1.9750000e+02;-3.9379813e-02;1.9750000e+02;-8.2226232e-02;1.9750000e+02;-1.2448609e-01;1.9750000e+02;-1.6506016e-01;1.9750000e+02;-6.4658932e-02;1.9750000e+02;-2.6944976e-02;1.9750000e+02;3.2239217e-02;1.9750000e+02;1.0224481e-01;1.9750000e+02;1.7849205e-01;1.9750000e+02;2.3569807e-01;1.9750000e+02;2.6933566e-01;1.9750000e+02;3.0322847e-01;1.9750000e+02;2.9830754e-01;1.9750000e+02;2.3384908e-01;1.9750000e+02;1.5811607e-01;1.9750000e+02;9.6990526e-02;1.9750000e+02;4.7122434e-02;1.9750000e+02;2.9313713e-03;1.9750000e+02;-3.9379813e-02;1.9750000e+02;-8.2226232e-02;1.9750000e+02;-1.2448609e-01;1.9750000e+02;-1.6506016e-01;1.9750000e+02;-6.4658932e-02;1.9750000e+02;-2.6944976e-02;1.9750000e+02;3.2239217e-02;1.9750000e+02;1.0224481e-01;1.9750000e+02;1.7849205e-01;1.9750000e+02;2.3569807e-01;1.9750000e+02;2.6933566e-01;1.9750000e+02;3.0322847e-01;1.9750000e+02;2.9830754e-01;1.9750000e+02;2.3384908e-01;1.9750000e+02;1.5811607e-01;1.9750000e+02;9.6990526e-02;1.9750000e+02;4.7122434e-02;1.9750000e+02;2.9313713e-03;1.9750000e+02;-3.9379813e-02;1.9750000e+02;-8.2226232e-02;1.9750000e+02;-1.2448609e-01;1.9750000e+02;-1.6506016e-01;1.9750000e+02;-6.4658932e-02;1.9750000e+02;-2.6944976e-02;1.9750000e+02;3.2239217e-02;1.9750000e+02;1.0224481e-01;1.9750000e+02;1.7849205e-01;1.9750000e+02;2.3569807e-01;1.9750000e+02;2.6933566e-01;1.9750000e+02;3.0322847e-01;1.9750000e+02;2.9830754e-01;1.9750000e+02;2.3384908e-01;1.9750000e+02;1.5811607e-01;1.9750000e+02;9.6990526e-02;1.9750000e+02;4.7122434e-02;1.9750000e+02;2.9313713e-03;1.9750000e+02;-3.9379813e-02;1.9750000e+02;-8.2226232e-02;1.9750000e+02;-1.2448609e-01;1.9750000e+02;-1.6506016e-01;1.9750000e+02;-6.4658932e-02;1.9750000e+02;-2.6944976e-02;1.9750000e+02;3.2239217e-02;1.9750000e+02;1.0224481e-01;1.9750000e+02;1.7849205e-01;1.9750000e+02;2.3569807e-01;1.9750000e+02;2.6933566e-01;1.9750000e+02;3.0322847e-01;1.9750000e+02;2.9830754e-01;1.9750000e+02;2.3384908e-01;1.9750000e+02;1.5811607e-01;1.9750000e+02;9.6990526e-02;1.9750000e+02;4.7122434e-02;1.9750000e+02;2.9313713e-03;1.9750000e+02;-3.9379813e-02;1.9750000e+02;-8.2226232e-02;1.9750000e+02;-1.2448609e-01;1.9750000e+02;-1.6506016e-01;1.9750000e+02;-6.4658932e-02;1.9750000e+02;-2.6944976e-02;1.9750000e+02;3.2239217e-02;1.9750000e+02;1.0224481e-01;1.9750000e+02;1.7849205e-01;1.9750000e+02;2.3569807e-01;1.9750000e+02;2.6933566e-01;1.9750000e+02;3.0322847e-01;1.9750000e+02;2.9830754e-01;1.9750000e+02;2.3384908e-01;1.9750000e+02;1.5811607e-01;1.9750000e+02;9.6990526e-02;1.9750000e+02;4.7122434e-02;1.9750000e+02;2.9313713e-03;1.9750000e+02;-3.9379813e-02;1.9750000e+02;-8.2226232e-02;1.9750000e+02;-1.2448609e-01;1.9750000e+02;-1.6506016e-01;1.9750000e+02;-6.4658932e-02;1.9750000e+02;-2.6944976e-02;1.9750000e+02;3.2239217e-02;1.9750000e+02;1.0224481e-01;1.9750000e+02;1.7849205e-01;1.9750000e+02;2.3569807e-01;1.9750000e+02;2.6933566e-01;1.9750000e+02;3.0322847e-01;1.9750000e+02;2.9830754e-01;1.9750000e+02;2.3384908e-01;1.9750000e+02;1.5811607e-01;1.9750000e+02;9.6990526e-02;1.9750000e+02;4.7122434e-02;1.9750000e+02;2.9313713e-03;1.9750000e+02;-3.9379813e-02;1.9750000e+02;-8.2226232e-02;1.9750000e+02;-1.2448609e-01;1.9750000e+02;-1.6506016e-01;1.9750000e+02;-6.4658932e-02;1.9750000e+02;-2.6944976e-02;1.9750000e+02;3.2239217e-02;1.9750000e+02;1.0224481e-01;1.9750000e+02;1.7849205e-01;1.9750000e+02;2.3569807e-01;1.9750000e+02;2.6933566e-01;1.9750000e+02;3.0322847e-01;1.9750000e+02;2.9830754e-01;1.9750000e+02;2.3384908e-01;1.9750000e+02;1.5811607e-01;1.9750000e+02;9.6990526e-02;1.9750000e+02;4.7122434e-02;1.9750000e+02;2.9313713e-03;1.9750000e+02;-3.9379813e-02;1.9750000e+02;-8.2226232e-02;1.9750000e+02;-1.2448609e-01;1.9750000e+02;-1.6506016e-01;1.9750000e+02;-6.4658932e-02;1.9750000e+02;-2.6944976e-02;1.9750000e+02;3.2239217e-02;1.9750000e+02;1.0224481e-01;1.9750000e+02;1.7849205e-01;1.9750000e+02;2.3569807e-01;1.9750000e+02;2.6933566e-01;1.9750000e+02;3.0322847e-01;1.9750000e+02;2.9830754e-01;1.9750000e+02;2.3384908e-01;1.9750000e+02;1.5811607e-01;1.9750000e+02;9.6990526e-02;1.9750000e+02;4.7122434e-02;1.9750000e+02;2.9313713e-03;1.9750000e+02;-3.9379813e-02;1.9750000e+02;-8.2226232e-02;1.9750000e+02;-1.2448609e-01;1.9750000e+02;-1.6506016e-01;1.9750000e+02;-6.4658932e-02;1.9750000e+02;-2.6944976e-02;1.9750000e+02;3.2239217e-02;1.9750000e+02;1.0224481e-01;1.9750000e+02;1.7849205e-01;1.9750000e+02;2.3569807e-01;1.9750000e+02;2.6933566e-01;1.9750000e+02;3.0322847e-01;1.9750000e+02;2.9830754e-01;1.9750000e+02;2.3384908e-01;1.9750000e+02;1.5811607e-01;1.9750000e+02;9.6990526e-02;1.9750000e+02;4.7122434e-02;1.9750000e+02;2.9313713e-03;1.9750000e+02;-3.9379813e-02;1.9750000e+02;-8.2226232e-02;1.9750000e+02;-1.2448609e-01;1.9750000e+02;-1.6506016e-01;1.9750000e+02;-6.4658932e-02;1.9750000e+02;-2.6944976e-02;1.9750000e+02;3.2239217e-02;1.9750000e+02;1.0224481e-01;1.9750000e+02;1.7849205e-01;1.9750000e+02;2.3569807e-01;1.9750000e+02;2.6933566e-01;1.9750000e+02;3.0322847e-01;1.9750000e+02;2.9830754e-01;1.9750000e+02;2.3384908e-01;1.9750000e+02;1.5811607e-01;1.9750000e+02;9.6990526e-02;1.9750000e+02;4.7122434e-02;1.9750000e+02;2.9313713e-03;1.9750000e+02;-3.9379813e-02;1.9750000e+02;-8.2226232e-02;1.9750000e+02;-1.2448609e-01;1.9750000e+02;-1.6506016e-01;1.9750000e+02;-6.4658932e-02;1.9750000e+02;-2.6944976e-02;1.9750000e+02;3.2239217e-02;1.9750000e+02;1.0224481e-01;1.9750000e+02;1.7849205e-01;1.9750000e+02;2.3569807e-01;1.9750000e+02;2.6933566e-01;1.9750000e+02;3.0322847e-01;1.9750000e+02;2.9830754e-01;1.9750000e+02;2.3384908e-01;1.9750000e+02;1.5811607e-01;1.9750000e+02;9.6990526e-02;1.9750000e+02;4.7122434e-02;1.9750000e+02;2.9313713e-03;1.9750000e+02;-3.9379813e-02;1.9750000e+02;-8.2226232e-02;1.9750000e+02;-1.2448609e-01;1.9750000e+02;-1.6506016e-01;1.9750000e+02;-6.4658932e-02;1.9750000e+02;-2.6944976e-02;1.9750000e+02;3.2239217e-02;1.9750000e+02;1.0224481e-01;1.9750000e+02;1.7849205e-01;1.9750000e+02;2.3569807e-01;1.9750000e+02;2.6933566e-01;1.9750000e+02;3.0322847e-01;1.9750000e+02;2.9830754e-01;1.9750000e+02;2.3384908e-01;1.9750000e+02;1.5811607e-01;1.9750000e+02;9.6990526e-02;1.9750000e+02;4.7122434e-02;1.9750000e+02;2.9313713e-03;1.9750000e+02;-3.9379813e-02;1.9750000e+02;-8.2226232e-02;1.9750000e+02;-1.2448609e-01;1.9750000e+02;-1.6506016e-01;1.9750000e+02;-6.4658932e-02;1.9750000e+02;-2.6944976e-02;1.9750000e+02;3.2239217e-02;1.9750000e+02;1.0224481e-01;1.9750000e+02;1.7849205e-01;1.9750000e+02;2.3569807e-01;1.9750000e+02;2.6933566e-01;1.9750000e+02;3.0322847e-01;1.9750000e+02;2.9830754e-01;1.9750000e+02;2.3384908e-01;1.9750000e+02;1.5811607e-01;1.9750000e+02;9.6990526e-02;1.9750000e+02;4.7122434e-02;1.9750000e+02;2.9313713e-03;1.9750000e+02;-3.9379813e-02;1.9750000e+02;-8.2226232e-02;1.9750000e+02;-1.2448609e-01;1.9750000e+02;-1.6506016e-01;1.9750000e+02;-6.4658932e-02;1.9750000e+02;-2.6944976e-02;1.9750000e+02;3.2239217e-02;1.9750000e+02;1.0224481e-01;1.9750000e+02;1.7849205e-01;1.9750000e+02;2.3569807e-01;1.9750000e+02;2.6933566e-01;1.9750000e+02;3.0322847e-01;1.9750000e+02;2.9830754e-01;1.9750000e+02;2.3384908e-01;1.9750000e+02;1.5811607e-01;1.9750000e+02;9.6990526e-02;1.9750000e+02;4.7122434e-02;1.9750000e+02;2.9313713e-03;1.9750000e+02;-3.9379813e-02;1.9750000e+02;-8.2226232e-02;1.9750000e+02;-1.2448609e-01;1.9750000e+02;-1.6506016e-01;1.9750000e+02;-6.4658932e-02;1.9750000e+02;-2.6944976e-02;1.9750000e+02;3.2239217e-02;1.9750000e+02;1.0224481e-01;1.9750000e+02;1.7849205e-01;1.9750000e+02;2.3569807e-01;1.9750000e+02;2.6933566e-01;1.9750000e+02;3.0322847e-01;1.9750000e+02;2.9830754e-01;1.9750000e+02;2.3384908e-01;1.9750000e+02;1.5811607e-01;1.9750000e+02;9.6990526e-02;1.9750000e+02;4.7122434e-02;1.9750000e+02;2.9313713e-03;1.9750000e+02;-3.9379813e-02;1.9750000e+02;-8.2226232e-02;1.9750000e+02;-1.2448609e-01;1.9750000e+02;-1.6506016e-01;1.9750000e+02;-6.4658932e-02;1.9750000e+02;-2.6944976e-02;1.9750000e+02;3.2239217e-02;1.9750000e+02;1.0224481e-01;1.9750000e+02;1.7849205e-01;1.9750000e+02;2.3569807e-01;1.9750000e+02;2.6933566e-01;1.9750000e+02;3.0322847e-01;1.9750000e+02;2.9830754e-01;1.9750000e+02;2.3384908e-01;1.9750000e+02;1.5811607e-01;1.9750000e+02;9.6990526e-02;1.9750000e+02;4.7122434e-02;1.9750000e+02;2.9313713e-03;1.9750000e+02;-3.9379813e-02;1.9750000e+02;-8.2226232e-02;1.9750000e+02;-1.2448609e-01;1.9750000e+02;-1.6506016e-01;1.9750000e+02;-6.4658932e-02;1.9750000e+02;-2.6944976e-02;1.9750000e+02;3.2239217e-02;1.9750000e+02;1.0224481e-01;1.9750000e+02;1.7849205e-01;1.9750000e+02;2.3569807e-01;1.9750000e+02;2.6933566e-01;1.9750000e+02;3.0322847e-01;1.9750000e+02;2.9830754e-01;1.9750000e+02;2.3384908e-01;1.9750000e+02;1.5811607e-01;1.9750000e+02;9.6990526e-02;1.9750000e+02;4.7122434e-02;1.9750000e+02;2.9313713e-03;1.9750000e+02;-3.9379813e-02;1.9750000e+02;-8.2226232e-02;1.9750000e+02;-1.2448609e-01;1.9750000e+02;-1.6506016e-01;1.9750000e+02;-6.4658932e-02;1.9750000e+02;-2.6944976e-02;1.9750000e+02;3.2239217e-02;1.9750000e+02;1.0224481e-01;1.9750000e+02;1.7849205e-01;1.9750000e+02;2.3569807e-01;1.9750000e+02;2.6933566e-01;1.9750000e+02;3.0322847e-01;1.9750000e+02;2.9830754e-01;1.9750000e+02;2.3384908e-01;1.9750000e+02;1.5811607e-01;1.9750000e+02;9.6990526e-02;1.9750000e+02;4.7122434e-02;1.9750000e+02;2.9313713e-03;1.9750000e+02;-3.9379813e-02;1.9750000e+02;-8.2226232e-02;1.9750000e+02;-1.2448609e-01;1.9750000e+02;-1.6506016e-01;1.9750000e+02;-6.4658932e-02;1.9750000e+02;-2.6944976e-02;1.9750000e+02;3.2239217e-02;1.9750000e+02;1.0224481e-01;1.9750000e+02;1.7849205e-01;1.9750000e+02;2.3569807e-01;1.9750000e+02;2.6933566e-01;1.9750000e+02;3.0322847e-01;1.9750000e+02;2.9830754e-01;1.9750000e+02;2.3384908e-01;1.9750000e+02;1.5811607e-01;1.9750000e+02;9.6990526e-02;1.9750000e+02;4.7122434e-02;1.9750000e+02;2.9313713e-03;1.9750000e+02;-3.9379813e-02;1.9750000e+02;-8.2226232e-02;1.9750000e+02;-1.2448609e-01;1.9750000e+02;-1.6506016e-01;1.9750000e+02;-6.4658932e-02;1.9750000e+02;-2.6944976e-02;1.9750000e+02;3.2239217e-02;1.9750000e+02;1.0224481e-01;1.9750000e+02;1.7849205e-01;1.9750000e+02;2.3569807e-01;1.9750000e+02;2.6933566e-01;1.9750000e+02;3.0322847e-01;1.9750000e+02;2.9830754e-01;1.9750000e+02;2.3384908e-01;1.9750000e+02;1.5811607e-01;1.9750000e+02;9.6990526e-02;1.9750000e+02;4.7122434e-02;1.9750000e+02;2.9313713e-03;1.9750000e+02;-3.9379813e-02;1.9750000e+02;-8.2226232e-02;1.9750000e+02;-1.2448609e-01;1.9750000e+02;-1.6506016e-01;1.9750000e+02;-6.4658932e-02;1.9750000e+02;-2.6944976e-02;1.9750000e+02;3.2239217e-02;1.9750000e+02;1.0224481e-01;1.9750000e+02;1.7849205e-01;1.9750000e+02;2.3569807e-01;1.9750000e+02;2.6933566e-01;1.9750000e+02;3.0322847e-01;1.9750000e+02;2.9830754e-01;1.9750000e+02;2.3384908e-01;1.9750000e+02;1.5811607e-01;1.9750000e+02;9.6990526e-02;1.9750000e+02;4.7122434e-02;1.9750000e+02;2.9313713e-03;1.9750000e+02;-3.9379813e-02;1.9750000e+02;-8.2226232e-02;1.9750000e+02;-1.2448609e-01;1.9750000e+02;-1.6506016e-01;1.9750000e+02;-6.4658932e-02;1.9750000e+02;-2.6944976e-02;1.9750000e+02;3.2239217e-02;1.9750000e+02;1.0224481e-01;1.9750000e+02;1.7849205e-01;1.9750000e+02;2.3569807e-01;1.9750000e+02;2.6933566e-01;1.9750000e+02;3.0322847e-01;1.9750000e+02;2.9830754e-01;1.9750000e+02;2.3384908e-01;1.9750000e+02;1.5811607e-01;1.9750000e+02;9.6990526e-02;1.9750000e+02;4.7122434e-02;1.9750000e+02;2.9313713e-03;1.9750000e+02;-3.9379813e-02;1.9750000e+02;-8.2226232e-02;1.9750000e+02;-1.2448609e-01;1.9750000e+02;-1.6506016e-01;1.9750000e+02;-6.4658932e-02;1.9750000e+02;-2.6944976e-02;1.9750000e+02;3.2239217e-02;1.9750000e+02;1.0224481e-01;1.9750000e+02;1.7849205e-01;1.9750000e+02;2.3569807e-01;1.9750000e+02;2.6933566e-01;1.9750000e+02;3.0322847e-01;1.9750000e+02;2.9830754e-01;1.9750000e+02;2.3384908e-01;1.9750000e+02;1.5811607e-01;1.9750000e+02;9.6990526e-02;1.9750000e+02;4.7122434e-02;1.9750000e+02;2.9313713e-03;1.9750000e+02;-3.9379813e-02;1.9750000e+02;-8.2226232e-02;1.9750000e+02;-1.2448609e-01;1.9750000e+02;-1.6506016e-01;1.9750000e+02;-6.4658932e-02;1.9750000e+02;-2.6944976e-02;1.9750000e+02;3.2239217e-02;1.9750000e+02;1.0224481e-01;1.9750000e+02;1.7849205e-01;1.9750000e+02;2.3569807e-01;1.9750000e+02;2.6933566e-01;1.9750000e+02;3.0322847e-01;1.9750000e+02;2.9830754e-01;1.9750000e+02;2.3384908e-01;1.9750000e+02;1.5811607e-01;1.9750000e+02;9.6990526e-02;1.9750000e+02;4.7122434e-02;1.9750000e+02;2.9313713e-03;1.9750000e+02;-3.9379813e-02;1.9750000e+02;-8.2226232e-02;1.9750000e+02;-1.2448609e-01;1.9750000e+02;-1.6506016e-01;1.9750000e+02;-6.4658932e-02;1.9750000e+02;-2.6944976e-02;1.9750000e+02;3.2239217e-02;1.9750000e+02;1.0224481e-01;1.9750000e+02;1.7849205e-01;1.9750000e+02;2.3569807e-01;1.9750000e+02;2.6933566e-01;1.9750000e+02;3.0322847e-01;1.9750000e+02;2.9830754e-01;1.9750000e+02;2.3384908e-01;1.9750000e+02;1.5811607e-01;1.9750000e+02;9.6990526e-02;1.9750000e+02;4.7122434e-02;1.9750000e+02;2.9313713e-03;1.9750000e+02;-3.9379813e-02;1.9750000e+02;-8.2226232e-02;1.9750000e+02;-1.2448609e-01;1.9750000e+02;-1.6506016e-01;1.9750000e+02;-6.4658932e-02;1.9750000e+02;-2.6944976e-02;1.9750000e+02;3.2239217e-02;1.9750000e+02;1.0224481e-01;1.9750000e+02;1.7849205e-01;1.9750000e+02;2.3569807e-01;1.9750000e+02;2.6933566e-01;1.9750000e+02;3.0322847e-01;1.9750000e+02;2.9830754e-01;1.9750000e+02;2.3384908e-01;1.9750000e+02;1.5811607e-01;1.9750000e+02;9.6990526e-02;1.9750000e+02;4.7122434e-02;1.9750000e+02;2.9313713e-03;1.9750000e+02;-3.9379813e-02;1.9750000e+02;-8.2226232e-02;1.9750000e+02;-1.2448609e-01;1.9750000e+02;-1.6506016e-01;1.9750000e+02;-6.4658932e-02;1.9750000e+02;-2.6944976e-02;1.9750000e+02;3.2239217e-02;1.9750000e+02;1.0224481e-01;1.9750000e+02;1.7849205e-01;1.9750000e+02;2.3569807e-01;1.9750000e+02;2.6933566e-01;1.9750000e+02;3.0322847e-01;1.9750000e+02;2.9830754e-01;1.9750000e+02;2.3384908e-01;1.9750000e+02;1.5811607e-01;1.9750000e+02;9.6990526e-02;1.9750000e+02;4.7122434e-02;1.9750000e+02;2.9313713e-03;1.9750000e+02;-3.9379813e-02;1.9750000e+02;-8.2226232e-02;1.9750000e+02;-1.2448609e-01;1.9750000e+02;-1.6506016e-01;1.9750000e+02;-6.4658932e-02;1.9750000e+02;-2.6944976e-02;1.9750000e+02;3.2239217e-02;1.9750000e+02;1.0224481e-01;1.9750000e+02;1.7849205e-01;1.9750000e+02;2.3569807e-01;1.9750000e+02;2.6933566e-01;1.9750000e+02;3.0322847e-01;1.9750000e+02;2.9830754e-01;1.9750000e+02;2.3384908e-01;1.9750000e+02;1.5811607e-01;1.9750000e+02;9.6990526e-02;1.9750000e+02;4.7122434e-02;1.9750000e+02;2.9313713e-03;1.9750000e+02;-3.9379813e-02;1.9750000e+02;-8.2226232e-02;1.9750000e+02;-1.2448609e-01;1.9750000e+02;-1.6506016e-01;1.9750000e+02;-6.4658932e-02;1.9750000e+02;-2.6944976e-02;1.9750000e+02;3.2239217e-02;1.9750000e+02;1.0224481e-01;1.9750000e+02;1.7849205e-01;1.9750000e+02;2.3569807e-01;1.9750000e+02;2.6933566e-01;1.9750000e+02;3.0322847e-01;1.9750000e+02;2.9830754e-01;1.9750000e+02;2.3384908e-01;1.9750000e+02;1.5811607e-01;1.9750000e+02;9.6990526e-02;1.9750000e+02;4.7122434e-02;1.9750000e+02;2.9313713e-03;1.9750000e+02;-3.9379813e-02;1.9750000e+02;-8.2226232e-02;1.9750000e+02;-1.2448609e-01;1.9750000e+02;-1.6506016e-01;1.9750000e+02;-6.4658932e-02;1.9750000e+02;-2.6944976e-02;1.9750000e+02;3.2239217e-02;1.9750000e+02;1.0224481e-01;1.9750000e+02;1.7849205e-01;1.9750000e+02;2.3569807e-01;1.9750000e+02;2.6933566e-01;1.9750000e+02;3.0322847e-01;1.9750000e+02;2.9830754e-01;1.9750000e+02;2.3384908e-01;1.9750000e+02;1.5811607e-01;1.9750000e+02;9.6990526e-02;1.9750000e+02;4.7122434e-02;1.9750000e+02;2.9313713e-03;1.9750000e+02;-3.9379813e-02;1.9750000e+02;-8.2226232e-02;1.9750000e+02;-1.2448609e-01;1.9750000e+02;-1.6506016e-01;1.9750000e+02;-6.4658932e-02;1.9750000e+02;-2.6944976e-02;1.9750000e+02;3.2239217e-02;1.9750000e+02;1.0224481e-01;1.9750000e+02;1.7849205e-01;1.9750000e+02;2.3569807e-01;1.9750000e+02;2.6933566e-01;1.9750000e+02;3.0322847e-01;1.9750000e+02;2.9830754e-01;1.9750000e+02;2.3384908e-01;1.9750000e+02;1.5811607e-01;1.9750000e+02;9.6990526e-02;1.9750000e+02;4.7122434e-02;1.9750000e+02;2.9313713e-03;1.9750000e+02;-3.9379813e-02;1.9750000e+02;-8.2226232e-02;1.9750000e+02;-1.2448609e-01;1.9750000e+02;-1.6506016e-01;1.9750000e+02;-6.4658932e-02;1.9750000e+02;-2.6944976e-02;1.9750000e+02;3.2239217e-02;1.9750000e+02;1.0224481e-01;1.9750000e+02;1.7849205e-01;1.9750000e+02;2.3569807e-01;1.9750000e+02;2.6933566e-01;1.9750000e+02;3.0322847e-01;1.9750000e+02;2.9830754e-01;1.9750000e+02;2.3384908e-01;1.9750000e+02;1.5811607e-01;1.9750000e+02;9.6990526e-02;1.9750000e+02;4.7122434e-02;1.9750000e+02;2.9313713e-03;1.9750000e+02;-3.9379813e-02;1.9750000e+02;-8.2226232e-02;1.9750000e+02;-1.2448609e-01;1.9750000e+02;-1.6506016e-01;1.9750000e+02;-6.4658932e-02;1.9750000e+02;-2.6944976e-02;1.9750000e+02;3.2239217e-02;1.9750000e+02;1.0224481e-01;1.9750000e+02;1.7849205e-01;1.9750000e+02;2.3569807e-01;1.9750000e+02;2.6933566e-01;1.9750000e+02;3.0322847e-01;1.9750000e+02;2.9830754e-01;1.9750000e+02;2.3384908e-01;1.9750000e+02;1.5811607e-01;1.9750000e+02;9.6990526e-02;1.9750000e+02;4.7122434e-02;1.9750000e+02;2.9313713e-03;1.9750000e+02;-3.9379813e-02;1.9750000e+02;-8.2226232e-02;1.9750000e+02;-1.2448609e-01;1.9750000e+02;-1.6506016e-01;1.9750000e+02;-6.4658932e-02;1.9750000e+02;-2.6944976e-02;1.9750000e+02;3.2239217e-02;1.9750000e+02;1.0224481e-01;1.9750000e+02;1.7849205e-01;1.9750000e+02;2.3569807e-01;1.9750000e+02;2.6933566e-01;1.9750000e+02;3.0322847e-01;1.9750000e+02;2.9830754e-01;1.9750000e+02;2.3384908e-01;1.9750000e+02;1.5811607e-01;1.9750000e+02;9.6990526e-02;1.9750000e+02;4.7122434e-02;1.9750000e+02;2.9313713e-03;1.9750000e+02;-3.9379813e-02;1.9750000e+02;-8.2226232e-02;1.9750000e+02;-1.2448609e-01;1.9750000e+02;-1.6506016e-01;1.9750000e+02;-6.4658932e-02;1.9750000e+02;-2.6944976e-02;1.9750000e+02;3.2239217e-02;1.9750000e+02;1.0224481e-01;1.9750000e+02;1.7849205e-01;1.9750000e+02;2.3569807e-01;1.9750000e+02;2.6933566e-01;1.9750000e+02;3.0322847e-01;1.9750000e+02;2.9830754e-01;1.9750000e+02;2.3384908e-01;1.9750000e+02;1.5811607e-01;1.9750000e+02;9.6990526e-02;1.9750000e+02;4.7122434e-02;1.9750000e+02;2.9313713e-03;1.9750000e+02;-3.9379813e-02;1.9750000e+02;-8.2226232e-02;1.9750000e+02;-1.2448609e-01;1.9750000e+02;-1.6506016e-01;1.9750000e+02;-6.4658932e-02;1.9750000e+02;-2.6944976e-02;1.9750000e+02;3.2239217e-02;1.9750000e+02;1.0224481e-01;1.9750000e+02;1.7849205e-01;1.9750000e+02;2.3569807e-01;1.9750000e+02;2.6933566e-01;1.9750000e+02;3.0322847e-01;1.9750000e+02;2.9830754e-01;1.9750000e+02;2.3384908e-01;1.9750000e+02;1.5811607e-01;1.9750000e+02;9.6990526e-02;1.9750000e+02;4.7122434e-02;1.9750000e+02;2.9313713e-03;1.9750000e+02;-3.9379813e-02;1.9750000e+02;-8.2226232e-02;1.9750000e+02;-1.2448609e-01;1.9750000e+02;-1.6506016e-01;1.9750000e+02;-6.4658932e-02;1.9750000e+02;-2.6944976e-02;1.9750000e+02;3.2239217e-02;1.9750000e+02;1.0224481e-01;1.9750000e+02;1.7849205e-01;1.9750000e+02;2.3569807e-01;1.9750000e+02;2.6933566e-01;1.9750000e+02;3.0322847e-01;1.9750000e+02;2.9830754e-01;1.9750000e+02;2.3384908e-01;1.9750000e+02;1.5811607e-01;1.9750000e+02;9.6990526e-02;1.9750000e+02;4.7122434e-02;1.9750000e+02;2.9313713e-03;1.9750000e+02;-3.9379813e-02;1.9750000e+02;-8.2226232e-02;1.9750000e+02;-1.2448609e-01;1.9750000e+02;-1.6506016e-01;1.9750000e+02;-6.4658932e-02;1.9750000e+02;-2.6944976e-02;1.9750000e+02;3.2239217e-02;1.9750000e+02;1.0224481e-01;1.9750000e+02;1.7849205e-01;1.9750000e+02;2.3569807e-01;1.9750000e+02;2.6933566e-01;1.9750000e+02;3.0322847e-01;1.9750000e+02;2.9830754e-01;1.9750000e+02;2.3384908e-01;1.9750000e+02;1.5811607e-01;1.9750000e+02;9.6990526e-02;1.9750000e+02;4.7122434e-02;1.9750000e+02;2.9313713e-03;1.9750000e+02;-3.9379813e-02;1.9750000e+02;-8.2226232e-02;1.9750000e+02;-1.2448609e-01;1.9750000e+02;-1.6506016e-01;1.9750000e+02;-6.4658932e-02;1.9750000e+02;-2.6944976e-02;1.9750000e+02;3.2239217e-02;1.9750000e+02;1.0224481e-01;1.9750000e+02;1.7849205e-01;1.9750000e+02;2.3569807e-01;1.9750000e+02;2.6933566e-01;1.9750000e+02;3.0322847e-01;1.9750000e+02;2.9830754e-01;1.9750000e+02;2.3384908e-01;1.9750000e+02;1.5811607e-01;1.9750000e+02;9.6990526e-02;1.9750000e+02;4.7122434e-02;1.9750000e+02;2.9313713e-03;1.9750000e+02;-3.9379813e-02;1.9750000e+02;-8.2226232e-02;1.9750000e+02;-1.2448609e-01;1.9750000e+02;-1.6506016e-01;1.9750000e+02;-6.4658932e-02;1.9750000e+02;-2.6944976e-02;1.9750000e+02;3.2239217e-02;1.9750000e+02;1.0224481e-01;1.9750000e+02;1.7849205e-01;1.9750000e+02;2.3569807e-01;1.9750000e+02;2.6933566e-01;1.9750000e+02;3.0322847e-01;1.9750000e+02;2.9830754e-01;1.9750000e+02;2.3384908e-01;1.9750000e+02;1.5811607e-01;1.9750000e+02;9.6990526e-02;1.9750000e+02;4.7122434e-02;1.9750000e+02;2.9313713e-03;1.9750000e+02;-3.9379813e-02;1.9750000e+02;-8.2226232e-02;1.9750000e+02;-1.2448609e-01;1.9750000e+02;-1.6506016e-01;1.9750000e+02;-6.4658932e-02;1.9750000e+02;-2.6944976e-02;1.9750000e+02;3.2239217e-02;1.9750000e+02;1.0224481e-01;1.9750000e+02;1.7849205e-01;1.9750000e+02;2.3569807e-01;1.9750000e+02;2.6933566e-01;1.9750000e+02;3.0322847e-01;1.9750000e+02;2.9830754e-01;1.9750000e+02;2.3384908e-01;1.9750000e+02;1.5811607e-01;1.9750000e+02;9.6990526e-02;1.9750000e+02;4.7122434e-02;1.9750000e+02;2.9313713e-03;1.9750000e+02;-3.9379813e-02;1.9750000e+02;-8.2226232e-02;1.9750000e+02;-1.2448609e-01;1.9750000e+02;-1.6506016e-01;1.9750000e+02;-6.4658932e-02;1.9750000e+02;-2.6944976e-02;1.9750000e+02;3.2239217e-02;1.9750000e+02;1.0224481e-01;1.9750000e+02;1.7849205e-01;1.9750000e+02;2.3569807e-01;1.9750000e+02;2.6933566e-01;1.9750000e+02;3.0322847e-01;1.9750000e+02;2.9830754e-01;1.9750000e+02;2.3384908e-01;1.9750000e+02;1.5811607e-01;1.9750000e+02;9.6990526e-02;1.9750000e+02;4.7122434e-02;1.9750000e+02;2.9313713e-03;1.9750000e+02;-3.9379813e-02;1.9750000e+02;-8.2226232e-02;1.9750000e+02;-1.2448609e-01;1.9750000e+02;-1.6506016e-01;1.9750000e+02;-6.4658932e-02;1.9750000e+02;-2.6944976e-02;1.9750000e+02;3.2239217e-02;1.9750000e+02;1.0224481e-01;1.9750000e+02;1.7849205e-01;1.9750000e+02;2.3569807e-01;1.9750000e+02;2.6933566e-01;1.9750000e+02;3.0322847e-01;1.9750000e+02;2.9830754e-01;1.9750000e+02;2.3384908e-01;1.9750000e+02;1.5811607e-01;1.9750000e+02;9.6990526e-02;1.9750000e+02;4.7122434e-02;1.9750000e+02;2.9313713e-03;1.9750000e+02;-3.9379813e-02;1.9750000e+02;-8.2226232e-02;1.9750000e+02;-1.2448609e-01;1.9750000e+02;-1.6506016e-01;1.9750000e+02;-6.4658932e-02;1.9750000e+02;-2.6944976e-02;1.9750000e+02;3.2239217e-02;1.9750000e+02;1.0224481e-01;1.9750000e+02;1.7849205e-01;1.9750000e+02;2.3569807e-01;1.9750000e+02;2.6933566e-01;1.9750000e+02;3.0322847e-01;1.9750000e+02;2.9830754e-01;1.9750000e+02;2.3384908e-01;1.9750000e+02;1.5811607e-01;1.9750000e+02;9.6990526e-02;1.9750000e+02;4.7122434e-02;1.9750000e+02;2.9313713e-03;1.9750000e+02;-3.9379813e-02;1.9750000e+02;-8.2226232e-02;1.9750000e+02;-1.2448609e-01;1.9750000e+02;-1.6506016e-01;1.9750000e+02;-6.4658932e-02;1.9750000e+02;-2.6944976e-02;1.9750000e+02;3.2239217e-02;1.9750000e+02;1.0224481e-01;1.9750000e+02;1.7849205e-01;1.9750000e+02;2.3569807e-01;1.9750000e+02;2.6933566e-01;1.9750000e+02;3.0322847e-01;1.9750000e+02;2.9830754e-01;1.9750000e+02;2.3384908e-01;1.9750000e+02;1.5811607e-01;1.9750000e+02;9.6990526e-02;1.9750000e+02;4.7122434e-02;1.9750000e+02;2.9313713e-03;1.9750000e+02;-3.9379813e-02;1.9750000e+02;-8.2226232e-02;1.9750000e+02;-1.2448609e-01;1.9750000e+02;-1.6506016e-01;1.9750000e+02;-6.4658932e-02;1.9750000e+02;-2.6944976e-02;1.9750000e+02;3.2239217e-02;1.9750000e+02;1.0224481e-01;1.9750000e+02;1.7849205e-01;1.9750000e+02;2.3569807e-01;1.9750000e+02;2.6933566e-01;1.9750000e+02;3.0322847e-01;1.9750000e+02;2.9830754e-01;1.9750000e+02;2.3384908e-01;1.9750000e+02;1.5811607e-01;1.9750000e+02;9.6990526e-02;1.9750000e+02;4.7122434e-02;1.9750000e+02;2.9313713e-03;1.9750000e+02;-3.9379813e-02;1.9750000e+02;-8.2226232e-02;1.9750000e+02;-1.2448609e-01;1.9750000e+02;-1.6506016e-01;1.9750000e+02;-6.4658932e-02;1.9750000e+02;-2.6944976e-02;1.9750000e+02;3.2239217e-02;1.9750000e+02;1.0224481e-01;1.9750000e+02;1.7849205e-01;1.9750000e+02;2.3569807e-01;1.9750000e+02;2.6933566e-01;1.9750000e+02;3.0322847e-01;1.9750000e+02;2.9830754e-01;1.9750000e+02;2.3384908e-01;1.9750000e+02;1.5811607e-01;1.9750000e+02;9.6990526e-02;1.9750000e+02;4.7122434e-02;1.9750000e+02;2.9313713e-03;1.9750000e+02;-3.9379813e-02;1.9750000e+02;-8.2226232e-02;1.9750000e+02;-1.2448609e-01;1.9750000e+02;-1.6506016e-01;1.9750000e+02;-6.4658932e-02;1.9750000e+02;-2.6944976e-02;1.9750000e+02;3.2239217e-02;1.9750000e+02;1.0224481e-01;1.9750000e+02;1.7849205e-01;1.9750000e+02;2.3569807e-01;1.9750000e+02;2.6933566e-01;1.9750000e+02;3.0322847e-01;1.9750000e+02;2.9830754e-01;1.9750000e+02;2.3384908e-01;1.9750000e+02;1.5811607e-01;1.9750000e+02;9.6990526e-02;1.9750000e+02;4.7122434e-02;1.9750000e+02;2.9313713e-03;1.9750000e+02;-3.9379813e-02;1.9750000e+02;-8.2226232e-02;1.9750000e+02;-1.2448609e-01;1.9750000e+02;-1.6506016e-01;1.9750000e+02;-6.4658932e-02;1.9750000e+02;-2.6944976e-02;1.9750000e+02;3.2239217e-02;1.9750000e+02;1.0224481e-01;1.9750000e+02;1.7849205e-01;1.9750000e+02;2.3569807e-01;1.9750000e+02;2.6933566e-01;1.9750000e+02;3.0322847e-01;1.9750000e+02;2.9830754e-01;1.9750000e+02;2.3384908e-01;1.9750000e+02;1.5811607e-01;1.9750000e+02;9.6990526e-02;1.9750000e+02;4.7122434e-02;1.9750000e+02;2.9313713e-03;1.9750000e+02;-3.9379813e-02;1.9750000e+02;-8.2226232e-02;1.9750000e+02;-1.2448609e-01;1.9750000e+02;-1.6506016e-01;1.9750000e+02;-6.4658932e-02;1.9750000e+02;-2.6944976e-02;1.9750000e+02;3.2239217e-02;1.9750000e+02;1.0224481e-01;1.9750000e+02;1.7849205e-01;1.9750000e+02;2.3569807e-01;1.9750000e+02;2.6933566e-01;1.9750000e+02;3.0322847e-01;1.9750000e+02;2.9830754e-01;1.9750000e+02;2.3384908e-01;1.9750000e+02;1.5811607e-01;1.9750000e+02;9.6990526e-02;1.9750000e+02;4.7122434e-02;1.9750000e+02;2.9313713e-03;1.9750000e+02;-3.9379813e-02;1.9750000e+02;-8.2226232e-02;1.9750000e+02;-1.2448609e-01;1.9750000e+02;-1.6506016e-01;1.9750000e+02;-6.4658932e-02;1.9750000e+02;-2.6944976e-02;1.9750000e+02;3.2239217e-02;1.9750000e+02;1.0224481e-01;1.9750000e+02;1.7849205e-01;1.9750000e+02;2.3569807e-01;1.9750000e+02;2.6933566e-01;1.9750000e+02;3.0322847e-01;1.9750000e+02;2.9830754e-01;1.9750000e+02;2.3384908e-01;1.9750000e+02;1.5811607e-01;1.9750000e+02;9.6990526e-02;1.9750000e+02;4.7122434e-02;1.9750000e+02;2.9313713e-03;1.9750000e+02;-3.9379813e-02;1.9750000e+02;-8.2226232e-02;1.9750000e+02;-1.2448609e-01;1.9750000e+02;-1.6506016e-01;1.9750000e+02;-6.4658932e-02;1.9750000e+02;-2.6944976e-02;1.9750000e+02;3.2239217e-02;1.9750000e+02;1.0224481e-01;1.9750000e+02;1.7849205e-01;1.9750000e+02;2.3569807e-01;1.9750000e+02;2.6933566e-01;1.9750000e+02;3.0322847e-01;1.9750000e+02;2.9830754e-01;1.9750000e+02;2.3384908e-01;1.9750000e+02;1.5811607e-01;1.9750000e+02;9.6990526e-02;1.9750000e+02;4.7122434e-02;1.9750000e+02;2.9313713e-03;1.9750000e+02;-3.9379813e-02;1.9750000e+02;-8.2226232e-02;1.9750000e+02;-1.2448609e-01;1.9750000e+02;-1.6506016e-01;1.9750000e+02;-6.4658932e-02;1.9750000e+02;-2.6944976e-02;1.9750000e+02;3.2239217e-02;1.9750000e+02;1.0224481e-01;1.9750000e+02;1.7849205e-01;1.9750000e+02;2.3569807e-01;1.9750000e+02;2.6933566e-01;1.9750000e+02;3.0322847e-01;1.9750000e+02;2.9830754e-01;1.9750000e+02;2.3384908e-01;1.9750000e+02;1.5811607e-01;1.9750000e+02;9.6990526e-02;1.9750000e+02;4.7122434e-02;1.9750000e+02;2.9313713e-03;1.9750000e+02;-3.9379813e-02;1.9750000e+02;-8.2226232e-02;1.9750000e+02;-1.2448609e-01;1.9750000e+02;-1.6506016e-01;1.9750000e+02;-6.4658932e-02;1.9750000e+02;-2.6944976e-02;1.9750000e+02;3.2239217e-02;1.9750000e+02;1.0224481e-01;1.9750000e+02;1.7849205e-01;1.9750000e+02;2.3569807e-01;1.9750000e+02;2.6933566e-01;1.9750000e+02;3.0322847e-01;1.9750000e+02;2.9830754e-01;1.9750000e+02;2.3384908e-01;1.9750000e+02;1.5811607e-01;1.9750000e+02;9.6990526e-02;1.9750000e+02;4.7122434e-02;1.9750000e+02;2.9313713e-03;1.9750000e+02;-3.9379813e-02;1.9750000e+02;-8.2226232e-02;1.9750000e+02;-1.2448609e-01;1.9750000e+02;-1.6506016e-01;1.9750000e+02;-6.4658932e-02;1.9750000e+02;-2.6944976e-02;1.9750000e+02;3.2239217e-02;1.9750000e+02;1.0224481e-01;1.9750000e+02;1.7849205e-01;1.9750000e+02;2.3569807e-01;1.9750000e+02;2.6933566e-01;1.9750000e+02;3.0322847e-01;1.9750000e+02;2.9830754e-01;1.9750000e+02;2.3384908e-01;1.9750000e+02;1.5811607e-01;1.9750000e+02;9.6990526e-02;1.9750000e+02;4.7122434e-02;1.9750000e+02;2.9313713e-03;1.9750000e+02;-3.9379813e-02;1.9750000e+02;-8.2226232e-02;1.9750000e+02;-1.2448609e-01;1.9750000e+02;-1.6506016e-01;1.9750000e+02;-6.4658932e-02;1.9750000e+02;-2.6944976e-02;1.9750000e+02;3.2239217e-02;1.9750000e+02;1.0224481e-01;1.9750000e+02;1.7849205e-01;1.9750000e+02;2.3569807e-01;1.9750000e+02;2.6933566e-01;1.9750000e+02;3.0322847e-01;1.9750000e+02;2.9830754e-01;1.9750000e+02;2.3384908e-01;1.9750000e+02;1.5811607e-01;1.9750000e+02;9.6990526e-02;1.9750000e+02;4.7122434e-02;1.9750000e+02;2.9313713e-03;1.9750000e+02;-3.9379813e-02;1.9750000e+02;-8.2226232e-02;1.9750000e+02;-1.2448609e-01;1.9750000e+02;-1.6506016e-01;1.9750000e+02;-6.4658932e-02;1.9750000e+02;-2.6944976e-02;1.9750000e+02;3.2239217e-02;1.9750000e+02;1.0224481e-01;1.9750000e+02;1.7849205e-01;1.9750000e+02;2.3569807e-01;1.9750000e+02;2.6933566e-01;1.9750000e+02;3.0322847e-01;1.9750000e+02;2.9830754e-01;1.9750000e+02;2.3384908e-01;1.9750000e+02;1.5811607e-01;1.9750000e+02;9.6990526e-02;1.9750000e+02;4.7122434e-02;1.9750000e+02;2.9313713e-03;1.9750000e+02;-3.9379813e-02;1.9750000e+02;-8.2226232e-02;1.9750000e+02;-1.2448609e-01;1.9750000e+02;-1.6506016e-01;1.9750000e+02;-6.4658932e-02;1.9750000e+02;-2.6944976e-02;1.9750000e+02;3.2239217e-02;1.9750000e+02;1.0224481e-01;1.9750000e+02;1.7849205e-01;1.9750000e+02;2.3569807e-01;1.9750000e+02;2.6933566e-01;1.9750000e+02;3.0322847e-01;1.9750000e+02;2.9830754e-01;1.9750000e+02;2.3384908e-01;1.9750000e+02;1.5811607e-01;1.9750000e+02;9.6990526e-02;1.9750000e+02;4.7122434e-02;1.9750000e+02;2.9313713e-03;1.9750000e+02;-3.9379813e-02;1.9750000e+02;-8.2226232e-02;1.9750000e+02;-1.2448609e-01;1.9750000e+02;-1.6506016e-01;1.9750000e+02;-6.4658932e-02;1.9750000e+02;-2.6944976e-02;1.9750000e+02;3.2239217e-02;1.9750000e+02;1.0224481e-01;1.9750000e+02;1.7849205e-01;1.9750000e+02;2.3569807e-01;1.9750000e+02;2.6933566e-01;1.9750000e+02;3.0322847e-01;1.9750000e+02;2.9830754e-01;1.9750000e+02;2.3384908e-01;1.9750000e+02;1.5811607e-01;1.9750000e+02;9.6990526e-02;1.9750000e+02;4.7122434e-02;1.9750000e+02;2.9313713e-03;1.9750000e+02;-3.9379813e-02;1.9750000e+02;-8.2226232e-02;1.9750000e+02;-1.2448609e-01;1.9750000e+02;-1.6506016e-01;1.9750000e+02;-6.4658932e-02;1.9750000e+02;-2.6944976e-02;1.9750000e+02;3.2239217e-02;1.9750000e+02;1.0224481e-01;1.9750000e+02;1.7849205e-01;1.9750000e+02;2.3569807e-01;1.9750000e+02;2.6933566e-01;1.9750000e+02;3.0322847e-01;1.9750000e+02;2.9830754e-01;1.9750000e+02;2.3384908e-01;1.9750000e+02;1.5811607e-01;1.9750000e+02;9.6990526e-02;1.9750000e+02;4.7122434e-02;1.9750000e+02;2.9313713e-03;1.9750000e+02;-3.9379813e-02;1.9750000e+02;-8.2226232e-02;1.9750000e+02;-1.2448609e-01;1.9750000e+02;-1.6506016e-01;1.9750000e+02;-6.4658932e-02;1.9750000e+02;-2.6944976e-02;1.9750000e+02;3.2239217e-02;1.9750000e+02;1.0224481e-01;1.9750000e+02;1.7849205e-01;1.9750000e+02;2.3569807e-01;1.9750000e+02;2.6933566e-01;1.9750000e+02;3.0322847e-01;1.9750000e+02;2.9830754e-01;1.9750000e+02;2.3384908e-01;1.9750000e+02;1.5811607e-01;1.9750000e+02;9.6990526e-02;1.9750000e+02;4.7122434e-02;1.9750000e+02;2.9313713e-03;1.9750000e+02;-3.9379813e-02;1.9750000e+02;-8.2226232e-02;1.9750000e+02;-1.2448609e-01;1.9750000e+02;-1.6506016e-01;1.9750000e+02;-6.4658932e-02;1.9750000e+02;-2.6944976e-02;1.9750000e+02;3.2239217e-02;1.9750000e+02;1.0224481e-01;1.9750000e+02;1.7849205e-01;1.9750000e+02;2.3569807e-01;1.9750000e+02;2.6933566e-01;1.9750000e+02;3.0322847e-01;1.9750000e+02;2.9830754e-01;1.9750000e+02;2.3384908e-01;1.9750000e+02;1.5811607e-01;1.9750000e+02;9.6990526e-02;1.9750000e+02;4.7122434e-02;1.9750000e+02;2.9313713e-03;1.9750000e+02;-3.9379813e-02;1.9750000e+02;-8.2226232e-02;1.9750000e+02;-1.2448609e-01;1.9750000e+02;-1.6506016e-01;1.9750000e+02;-6.4658932e-02;1.9750000e+02;-2.6944976e-02;1.9750000e+02;3.2239217e-02;1.9750000e+02;1.0224481e-01;1.9750000e+02;1.7849205e-01;1.9750000e+02;2.3569807e-01;1.9750000e+02;2.6933566e-01;1.9750000e+02;3.0322847e-01;1.9750000e+02;2.9830754e-01;1.9750000e+02;2.3384908e-01;1.9750000e+02;1.5811607e-01;1.9750000e+02;9.6990526e-02;1.9750000e+02;4.7122434e-02;1.9750000e+02;2.9313713e-03;1.9750000e+02;-3.9379813e-02;1.9750000e+02;-8.2226232e-02;1.9750000e+02;-1.2448609e-01;1.9750000e+02;-1.6506016e-01;1.9750000e+02;-6.4658932e-02;1.9750000e+02;-2.6944976e-02;1.9750000e+02;3.2239217e-02;1.9750000e+02;1.0224481e-01;1.9750000e+02;1.7849205e-01;1.9750000e+02;2.3569807e-01;1.9750000e+02;2.6933566e-01;1.9750000e+02;3.0322847e-01;1.9750000e+02;2.9830754e-01;1.9750000e+02;2.3384908e-01;1.9750000e+02;1.5811607e-01;1.9750000e+02;9.6990526e-02;1.9750000e+02;4.7122434e-02;1.9750000e+02;2.9313713e-03;1.9750000e+02;-3.9379813e-02;1.9750000e+02;-8.2226232e-02;1.9750000e+02;-1.2448609e-01;1.9750000e+02;-1.6506016e-01;1.9750000e+02;-6.4658932e-02;1.9750000e+02;-2.6944976e-02;1.9750000e+02;3.2239217e-02;1.9750000e+02;1.0224481e-01;1.9750000e+02;1.7849205e-01;1.9750000e+02;2.3569807e-01;1.9750000e+02;2.6933566e-01;1.9750000e+02;3.0322847e-01;1.9750000e+02;2.9830754e-01;1.9750000e+02;2.3384908e-01;1.9750000e+02;1.5811607e-01;1.9750000e+02;9.6990526e-02;1.9750000e+02;4.7122434e-02;1.9750000e+02;2.9313713e-03;1.9750000e+02;-3.9379813e-02;1.9750000e+02;-8.2226232e-02;1.9750000e+02;-1.2448609e-01;1.9750000e+02;-1.6506016e-01;1.9750000e+02;-6.4658932e-02;1.9750000e+02;-2.6944976e-02;1.9750000e+02;3.2239217e-02;1.9750000e+02;1.0224481e-01;1.9750000e+02;1.7849205e-01;1.9750000e+02;2.3569807e-01;1.9750000e+02;2.6933566e-01;1.9750000e+02;3.0322847e-01;1.9750000e+02;2.9830754e-01;1.9750000e+02;2.3384908e-01;1.9750000e+02;1.5811607e-01;1.9750000e+02;9.6990526e-02;1.9750000e+02;4.7122434e-02;1.9750000e+02;2.9313713e-03;1.9750000e+02;-3.9379813e-02;1.9750000e+02;-8.2226232e-02;1.9750000e+02;-1.2448609e-01;1.9750000e+02;-1.6506016e-01;1.9750000e+02;-6.4658932e-02;1.9750000e+02;-2.6944976e-02;1.9750000e+02;3.2239217e-02;1.9750000e+02;1.0224481e-01;1.9750000e+02;1.7849205e-01;1.9750000e+02;2.3569807e-01;1.9750000e+02;2.6933566e-01;1.9750000e+02;3.0322847e-01;1.9750000e+02;2.9830754e-01;1.9750000e+02;2.3384908e-01;1.9750000e+02;1.5811607e-01;1.9750000e+02;9.6990526e-02;1.9750000e+02;4.7122434e-02;1.9750000e+02;2.9313713e-03;1.9750000e+02;-3.9379813e-02;1.9750000e+02;-8.2226232e-02;1.9750000e+02;-1.2448609e-01;1.9750000e+02;-1.6506016e-01;1.9750000e+02;-6.4658932e-02;1.9750000e+02;-2.6944976e-02;1.9750000e+02;3.2239217e-02;1.9750000e+02;1.0224481e-01;1.9750000e+02;1.7849205e-01;1.9750000e+02;2.3569807e-01;1.9750000e+02;2.6933566e-01;1.9750000e+02;3.0322847e-01;1.9750000e+02;2.9830754e-01;1.9750000e+02;2.3384908e-01;1.9750000e+02;1.5811607e-01;1.9750000e+02;9.6990526e-02;1.9750000e+02;4.7122434e-02;1.9750000e+02;2.9313713e-03;1.9750000e+02;-3.9379813e-02;1.9750000e+02;-8.2226232e-02;1.9750000e+02;-1.2448609e-01;1.9750000e+02;-1.6506016e-01;1.9750000e+02;-6.4658932e-02;1.9750000e+02;-2.6944976e-02;1.9750000e+02;3.2239217e-02;1.9750000e+02;1.0224481e-01;1.9750000e+02;1.7849205e-01;1.9750000e+02;2.3569807e-01;1.9750000e+02;2.6933566e-01;1.9750000e+02;3.0322847e-01;1.9750000e+02;2.9830754e-01;1.9750000e+02;2.3384908e-01;1.9750000e+02;1.5811607e-01;1.9750000e+02;9.6990526e-02;1.9750000e+02;4.7122434e-02;1.9750000e+02;2.9313713e-03;1.9750000e+02;-3.9379813e-02;1.9750000e+02;-8.2226232e-02;1.9750000e+02;-1.2448609e-01;1.9750000e+02;-1.6506016e-01;1.9750000e+02;-6.4658932e-02;1.9750000e+02;-2.6944976e-02;1.9750000e+02;3.2239217e-02;1.9750000e+02;1.0224481e-01;1.9750000e+02;1.7849205e-01;1.9750000e+02;2.3569807e-01;1.9750000e+02;2.6933566e-01;1.9750000e+02;3.0322847e-01;1.9750000e+02;2.9830754e-01;1.9750000e+02;2.3384908e-01;1.9750000e+02;1.5811607e-01;1.9750000e+02;9.6990526e-02;1.9750000e+02;4.7122434e-02;1.9750000e+02;2.9313713e-03;1.9750000e+02;-3.9379813e-02;1.9750000e+02;-8.2226232e-02;1.9750000e+02;-1.2448609e-01;1.9750000e+02;-1.6506016e-01;1.9750000e+02;-6.4658932e-02;1.9750000e+02;-2.6944976e-02;1.9750000e+02;3.2239217e-02;1.9750000e+02;1.0224481e-01;1.9750000e+02;1.7849205e-01;1.9750000e+02;2.3569807e-01;1.9750000e+02;2.6933566e-01;1.9750000e+02;3.0322847e-01;1.9750000e+02;2.9830754e-01;1.9750000e+02;2.3384908e-01;1.9750000e+02;1.5811607e-01;1.9750000e+02;9.6990526e-02;1.9750000e+02;4.7122434e-02;1.9750000e+02;2.9313713e-03;1.9750000e+02;-3.9379813e-02;1.9750000e+02;-8.2226232e-02;1.9750000e+02;-1.2448609e-01;1.9750000e+02;-1.6506016e-01;1.9750000e+02;-6.4658932e-02;1.9750000e+02;-2.6944976e-02;1.9750000e+02;3.2239217e-02;1.9750000e+02;1.0224481e-01;1.9750000e+02;1.7849205e-01;1.9750000e+02;2.3569807e-01;1.9750000e+02;2.6933566e-01;1.9750000e+02;3.0322847e-01;1.9750000e+02;2.9830754e-01;1.9750000e+02;2.3384908e-01;1.9750000e+02;1.5811607e-01;1.9750000e+02;9.6990526e-02;1.9750000e+02;4.7122434e-02;1.9750000e+02;2.9313713e-03;1.9750000e+02;-3.9379813e-02;1.9750000e+02;-8.2226232e-02;1.9750000e+02;-1.2448609e-01;1.9750000e+02;-1.6506016e-01;1.9750000e+02;-6.4658932e-02;1.9750000e+02;-2.6944976e-02;1.9750000e+02;3.2239217e-02;1.9750000e+02;1.0224481e-01;1.9750000e+02;1.7849205e-01;1.9750000e+02;2.3569807e-01;1.9750000e+02;2.6933566e-01;1.9750000e+02;3.0322847e-01;1.9750000e+02;2.9830754e-01;1.9750000e+02;2.3384908e-01;1.9750000e+02;1.5811607e-01;1.9750000e+02;9.6990526e-02;1.9750000e+02;4.7122434e-02;1.9750000e+02;2.9313713e-03;1.9750000e+02;-3.9379813e-02;1.9750000e+02;-8.2226232e-02;1.9750000e+02;-1.2448609e-01;1.9750000e+02;-1.6506016e-01;1.9750000e+02;-6.4658932e-02;1.9750000e+02;-2.6944976e-02;1.9750000e+02;3.2239217e-02;1.9750000e+02;1.0224481e-01;1.9750000e+02;1.7849205e-01;1.9750000e+02;2.3569807e-01;1.9750000e+02;2.6933566e-01;1.9750000e+02;3.0322847e-01;1.9750000e+02;2.9830754e-01;1.9750000e+02;2.3384908e-01;1.9750000e+02;1.5811607e-01;1.9750000e+02;9.6990526e-02;1.9750000e+02;4.7122434e-02;1.9750000e+02;2.9313713e-03;1.9750000e+02;-3.9379813e-02;1.9750000e+02;-8.2226232e-02;1.9750000e+02;-1.2448609e-01;1.9750000e+02;-1.6506016e-01;1.9750000e+02;-6.4658932e-02;1.9750000e+02;-2.6944976e-02;1.9750000e+02;3.2239217e-02;1.9750000e+02;1.0224481e-01;1.9750000e+02;1.7849205e-01;1.9750000e+02;2.3569807e-01;1.9750000e+02;2.6933566e-01;1.9750000e+02;3.0322847e-01;1.9750000e+02;2.9830754e-01;1.9750000e+02;2.3384908e-01;1.9750000e+02;1.5811607e-01;1.9750000e+02;9.6990526e-02;1.9750000e+02;4.7122434e-02;1.9750000e+02;2.9313713e-03;1.9750000e+02;-3.9379813e-02;1.9750000e+02;-8.2226232e-02;1.9750000e+02;-1.2448609e-01;1.9750000e+02;-1.6506016e-01;1.9750000e+02;-6.4658932e-02;1.9750000e+02;-2.6944976e-02;1.9750000e+02;3.2239217e-02;1.9750000e+02;1.0224481e-01;1.9750000e+02;1.7849205e-01;1.9750000e+02;2.3569807e-01;1.9750000e+02;2.6933566e-01;1.9750000e+02;3.0322847e-01;1.9750000e+02;2.9830754e-01;1.9750000e+02;2.3384908e-01;1.9750000e+02;1.5811607e-01;1.9750000e+02;9.6990526e-02;1.9750000e+02;4.7122434e-02;1.9750000e+02;2.9313713e-03;1.9750000e+02;-3.9379813e-02;1.9750000e+02;-8.2226232e-02;1.9750000e+02;-1.2448609e-01;1.9750000e+02;-1.6506016e-01;1.9750000e+02;-6.4658932e-02;1.9750000e+02;-2.6944976e-02;1.9750000e+02;3.2239217e-02;1.9750000e+02;1.0224481e-01;1.9750000e+02;1.7849205e-01;1.9750000e+02;2.3569807e-01;1.9750000e+02;2.6933566e-01;1.9750000e+02;3.0322847e-01;1.9750000e+02;2.9830754e-01;1.9750000e+02;2.3384908e-01;1.9750000e+02;1.5811607e-01;1.9750000e+02;9.6990526e-02;1.9750000e+02;4.7122434e-02;1.9750000e+02;2.9313713e-03;1.9750000e+02;-3.9379813e-02;1.9750000e+02;-8.2226232e-02;1.9750000e+02;-1.2448609e-01;1.9750000e+02;-1.6506016e-01;1.9750000e+02;-6.4658932e-02;1.9750000e+02;-2.6944976e-02;1.9750000e+02;3.2239217e-02;1.9750000e+02;1.0224481e-01;1.9750000e+02;1.7849205e-01;1.9750000e+02;2.3569807e-01;1.9750000e+02;2.6933566e-01;1.9750000e+02;3.0322847e-01;1.9750000e+02;2.9830754e-01;1.9750000e+02;2.3384908e-01;1.9750000e+02;1.5811607e-01;1.9750000e+02;9.6990526e-02;1.9750000e+02;4.7122434e-02;1.9750000e+02;2.9313713e-03;1.9750000e+02;-3.9379813e-02;1.9750000e+02;-8.2226232e-02;1.9750000e+02;-1.2448609e-01;1.9750000e+02;-1.6506016e-01;1.9750000e+02;-6.4658932e-02;1.9750000e+02;-2.6944976e-02;1.9750000e+02;3.2239217e-02;1.9750000e+02;1.0224481e-01;1.9750000e+02;1.7849205e-01;1.9750000e+02;2.3569807e-01;1.9750000e+02;2.6933566e-01;1.9750000e+02;3.0322847e-01;1.9750000e+02;2.9830754e-01;1.9750000e+02;2.3384908e-01;1.9750000e+02;1.5811607e-01;1.9750000e+02;9.6990526e-02;1.9750000e+02;4.7122434e-02;1.9750000e+02;2.9313713e-03;1.9750000e+02;-3.9379813e-02;1.9750000e+02;-8.2226232e-02;1.9750000e+02;-1.2448609e-01;1.9750000e+02;-1.6506016e-01;1.9750000e+02;-6.4658932e-02;1.9750000e+02;-2.6944976e-02;1.9750000e+02;3.2239217e-02;1.9750000e+02;1.0224481e-01;1.9750000e+02;1.7849205e-01;1.9750000e+02;2.3569807e-01;1.9750000e+02;2.6933566e-01;1.9750000e+02;3.0322847e-01;1.9750000e+02;2.9830754e-01;1.9750000e+02;2.3384908e-01;1.9750000e+02;1.5811607e-01;1.9750000e+02;9.6990526e-02;1.9750000e+02;4.7122434e-02;1.9750000e+02;2.9313713e-03;1.9750000e+02;-3.9379813e-02;1.9750000e+02;-8.2226232e-02;1.9750000e+02;-1.2448609e-01;1.9750000e+02;-1.6506016e-01;1.9750000e+02;-6.4658932e-02;1.9750000e+02;-2.6944976e-02;1.9750000e+02;3.2239217e-02;1.9750000e+02;1.0224481e-01;1.9750000e+02;1.7849205e-01;1.9750000e+02;2.3569807e-01;1.9750000e+02;2.6933566e-01;1.9750000e+02;3.0322847e-01;1.9750000e+02;2.9830754e-01;1.9750000e+02;2.3384908e-01;1.9750000e+02;1.5811607e-01;1.9750000e+02;9.6990526e-02;1.9750000e+02;4.7122434e-02;1.9750000e+02;2.9313713e-03;1.9750000e+02;-3.9379813e-02;1.9750000e+02;-8.2226232e-02;1.9750000e+02;-1.2448609e-01;1.9750000e+02;-1.6506016e-01;1.9750000e+02;-6.4658932e-02;1.9750000e+02;-2.6944976e-02;1.9750000e+02;3.2239217e-02;1.9750000e+02;1.0224481e-01;1.9750000e+02;1.7849205e-01;1.9750000e+02;2.3569807e-01;1.9750000e+02;2.6933566e-01;1.9750000e+02;3.0322847e-01;1.9750000e+02;2.9830754e-01;1.9750000e+02;2.3384908e-01;1.9750000e+02;1.5811607e-01;1.9750000e+02;9.6990526e-02;1.9750000e+02;4.7122434e-02;1.9750000e+02;2.9313713e-03;1.9750000e+02;-3.9379813e-02;1.9750000e+02;-8.2226232e-02;1.9750000e+02;-1.2448609e-01;1.9750000e+02;-1.6506016e-01;1.9750000e+02;-6.4658932e-02;1.9750000e+02;-2.6944976e-02;1.9750000e+02;3.2239217e-02;1.9750000e+02;1.0224481e-01;1.9750000e+02;1.7849205e-01;1.9750000e+02;2.3569807e-01;1.9750000e+02;2.6933566e-01;1.9750000e+02;3.0322847e-01;1.9750000e+02;2.9830754e-01;1.9750000e+02;2.3384908e-01;1.9750000e+02;1.5811607e-01;1.9750000e+02;9.6990526e-02;1.9750000e+02;4.7122434e-02;1.9750000e+02;2.9313713e-03;1.9750000e+02;-3.9379813e-02;1.9750000e+02;-8.2226232e-02;1.9750000e+02;-1.2448609e-01;1.9750000e+02;-1.6506016e-01;1.9750000e+02;-6.4658932e-02;1.9750000e+02;-2.6944976e-02;1.9750000e+02;3.2239217e-02;1.9750000e+02;1.0224481e-01;1.9750000e+02;1.7849205e-01;1.9750000e+02;2.3569807e-01;1.9750000e+02;2.6933566e-01;1.9750000e+02;3.0322847e-01;1.9750000e+02;2.9830754e-01;1.9750000e+02;2.3384908e-01;1.9750000e+02;1.5811607e-01;1.9750000e+02;9.6990526e-02;1.9750000e+02;4.7122434e-02;1.9750000e+02;2.9313713e-03;1.9750000e+02;-3.9379813e-02;1.9750000e+02;-8.2226232e-02;1.9750000e+02;-1.2448609e-01;1.9750000e+02;-1.6506016e-01;1.9750000e+02;-6.4658932e-02;1.9750000e+02;-2.6944976e-02;1.9750000e+02;3.2239217e-02;1.9750000e+02;1.0224481e-01;1.9750000e+02;1.7849205e-01;1.9750000e+02;2.3569807e-01;1.9750000e+02;2.6933566e-01;1.9750000e+02;3.0322847e-01;1.9750000e+02;2.9830754e-01;1.9750000e+02;2.3384908e-01;1.9750000e+02;1.5811607e-01;1.9750000e+02;9.6990526e-02;1.9750000e+02;4.7122434e-02;1.9750000e+02;2.9313713e-03;1.9750000e+02;-3.9379813e-02;1.9750000e+02;-8.2226232e-02;1.9750000e+02;-1.2448609e-01;1.9750000e+02;-1.6506016e-01;1.9750000e+02;-6.4658932e-02;1.9750000e+02;-2.6944976e-02;1.9750000e+02;3.2239217e-02;1.9750000e+02;1.0224481e-01;1.9750000e+02;1.7849205e-01;1.9750000e+02;2.3569807e-01;1.9750000e+02;2.6933566e-01;1.9750000e+02;3.0322847e-01;1.9750000e+02;2.9830754e-01;1.9750000e+02;2.3384908e-01;1.9750000e+02;1.5811607e-01;1.9750000e+02;9.6990526e-02;1.9750000e+02;4.7122434e-02;1.9750000e+02;2.9313713e-03;1.9750000e+02;-3.9379813e-02;1.9750000e+02;-8.2226232e-02;1.9750000e+02;-1.2448609e-01;1.9750000e+02;-1.6506016e-01;1.9750000e+02;-6.4658932e-02;1.9750000e+02;-2.6944976e-02;1.9750000e+02;3.2239217e-02;1.9750000e+02;1.0224481e-01;1.9750000e+02;1.7849205e-01;1.9750000e+02;2.3569807e-01;1.9750000e+02;2.6933566e-01;1.9750000e+02;3.0322847e-01;1.9750000e+02;2.9830754e-01;1.9750000e+02;2.3384908e-01;1.9750000e+02;1.5811607e-01;1.9750000e+02;9.6990526e-02;1.9750000e+02;4.7122434e-02;1.9750000e+02;2.9313713e-03;1.9750000e+02;-3.9379813e-02;1.9750000e+02;-8.2226232e-02;1.9750000e+02;-1.2448609e-01;1.9750000e+02;-1.6506016e-01;1.9750000e+02;-6.4658932e-02;1.9750000e+02;-2.6944976e-02;1.9750000e+02;3.2239217e-02;1.9750000e+02;1.0224481e-01;1.9750000e+02;1.7849205e-01;1.9750000e+02;2.3569807e-01;1.9750000e+02;2.6933566e-01;1.9750000e+02;3.0322847e-01;1.9750000e+02;2.9830754e-01;1.9750000e+02;2.3384908e-01;1.9750000e+02;1.5811607e-01;1.9750000e+02;9.6990526e-02;1.9750000e+02;4.7122434e-02;1.9750000e+02;2.9313713e-03;1.9750000e+02;-3.9379813e-02;1.9750000e+02;-8.2226232e-02;1.9750000e+02;-1.2448609e-01;1.9750000e+02;-1.6506016e-01;1.9750000e+02;-6.4658932e-02;1.9750000e+02;-2.6944976e-02;1.9750000e+02;3.2239217e-02;1.9750000e+02;1.0224481e-01;1.9750000e+02;1.7849205e-01;1.9750000e+02;2.3569807e-01;1.9750000e+02;2.6933566e-01;1.9750000e+02;3.0322847e-01;1.9750000e+02;2.9830754e-01;1.9750000e+02;2.3384908e-01;1.9750000e+02;1.5811607e-01;1.9750000e+02;9.6990526e-02;1.9750000e+02;4.7122434e-02;1.9750000e+02;2.9313713e-03;1.9750000e+02;-3.9379813e-02;1.9750000e+02;-8.2226232e-02;1.9750000e+02;-1.2448609e-01;1.9750000e+02;-1.6506016e-01;1.9750000e+02;-6.4658932e-02;1.9750000e+02;-2.6944976e-02;1.9750000e+02;3.2239217e-02;1.9750000e+02;1.0224481e-01;1.9750000e+02;1.7849205e-01;1.9750000e+02;2.3569807e-01;1.9750000e+02;2.6933566e-01;1.9750000e+02;3.0322847e-01;1.9750000e+02;2.9830754e-01;1.9750000e+02;2.3384908e-01;1.9750000e+02;1.5811607e-01;1.9750000e+02;9.6990526e-02;1.9750000e+02;4.7122434e-02;1.9750000e+02;2.9313713e-03;1.9750000e+02;-3.9379813e-02;1.9750000e+02;-8.2226232e-02;1.9750000e+02;-1.2448609e-01;1.9750000e+02;-1.6506016e-01;1.9750000e+02;-6.4658932e-02;1.9750000e+02;-2.6944976e-02;1.9750000e+02;3.2239217e-02;1.9750000e+02;1.0224481e-01;1.9750000e+02;1.7849205e-01;1.9750000e+02;2.3569807e-01;1.9750000e+02;2.6933566e-01;1.9750000e+02;3.0322847e-01;1.9750000e+02;2.9830754e-01;1.9750000e+02;2.3384908e-01;1.9750000e+02;1.5811607e-01;1.9750000e+02;9.6990526e-02;1.9750000e+02;4.7122434e-02;1.9750000e+02;2.9313713e-03;1.9750000e+02;-3.9379813e-02;1.9750000e+02;-8.2226232e-02;1.9750000e+02;-1.2448609e-01;1.9750000e+02;-1.6506016e-01;1.9750000e+02;-6.4658932e-02;1.9750000e+02;-2.6944976e-02;1.9750000e+02;3.2239217e-02;1.9750000e+02;1.0224481e-01;1.9750000e+02;1.7849205e-01;1.9750000e+02;2.3569807e-01;1.9750000e+02;2.6933566e-01;1.9750000e+02;3.0322847e-01;1.9750000e+02;2.9830754e-01;1.9750000e+02;2.3384908e-01;1.9750000e+02;1.5811607e-01;1.9750000e+02;9.6990526e-02;1.9750000e+02;4.7122434e-02;1.9750000e+02;2.9313713e-03;1.9750000e+02;-3.9379813e-02;1.9750000e+02;-8.2226232e-02;1.9750000e+02;-1.2448609e-01;1.9750000e+02;-1.6506016e-01;1.9750000e+02;-6.4658932e-02;1.9750000e+02;-2.6944976e-02;1.9750000e+02;3.2239217e-02;1.9750000e+02;1.0224481e-01;1.9750000e+02;1.7849205e-01;1.9750000e+02;2.3569807e-01;1.9750000e+02;2.6933566e-01;1.9750000e+02;3.0322847e-01;1.9750000e+02;2.9830754e-01;1.9750000e+02;2.3384908e-01;1.9750000e+02;1.5811607e-01;1.9750000e+02;9.6990526e-02;1.9750000e+02;4.7122434e-02;1.9750000e+02;2.9313713e-03;1.9750000e+02;-3.9379813e-02;1.9750000e+02;-8.2226232e-02;1.9750000e+02;-1.2448609e-01;1.9750000e+02;-1.6506016e-01;1.9750000e+02;-6.4658932e-02;1.9750000e+02;-2.6944976e-02;1.9750000e+02;3.2239217e-02;1.9750000e+02;1.0224481e-01;1.9750000e+02;1.7849205e-01;1.9750000e+02;2.3569807e-01;1.9750000e+02;2.6933566e-01;1.9750000e+02;3.0322847e-01;1.9750000e+02;2.9830754e-01;1.9750000e+02;2.3384908e-01;1.9750000e+02;1.5811607e-01;1.9750000e+02;9.6990526e-02;1.9750000e+02;4.7122434e-02;1.9750000e+02;2.9313713e-03;1.9750000e+02;-3.9379813e-02;1.9750000e+02;-8.2226232e-02;1.9750000e+02;-1.2448609e-01;1.9750000e+02;-1.6506016e-01;1.9750000e+02;-6.4658932e-02;1.9750000e+02;-2.6944976e-02;1.9750000e+02;3.2239217e-02;1.9750000e+02;1.0224481e-01;1.9750000e+02;1.7849205e-01;1.9750000e+02;2.3569807e-01;1.9750000e+02;2.6933566e-01;1.9750000e+02;3.0322847e-01;1.9750000e+02;2.9830754e-01;1.9750000e+02;2.3384908e-01;1.9750000e+02;1.5811607e-01;1.9750000e+02;9.6990526e-02;1.9750000e+02;4.7122434e-02;1.9750000e+02;2.9313713e-03;1.9750000e+02;-3.9379813e-02;1.9750000e+02;-8.2226232e-02;1.9750000e+02;-1.2448609e-01;1.9750000e+02;-1.6506016e-01;1.9750000e+02;-6.4658932e-02;1.9750000e+02;-2.6944976e-02;1.9750000e+02;3.2239217e-02;1.9750000e+02;1.0224481e-01;1.9750000e+02;1.7849205e-01;1.9750000e+02;2.3569807e-01;1.9750000e+02;2.6933566e-01;1.9750000e+02;3.0322847e-01;1.9750000e+02;2.9830754e-01;1.9750000e+02;2.3384908e-01;1.9750000e+02;1.5811607e-01;1.9750000e+02;9.6990526e-02;1.9750000e+02;4.7122434e-02;1.9750000e+02;2.9313713e-03;1.9750000e+02;-3.9379813e-02;1.9750000e+02;-8.2226232e-02;1.9750000e+02;-1.2448609e-01;1.9750000e+02;-1.6506016e-01;1.9750000e+02;-6.4658932e-02;1.9750000e+02;-2.6944976e-02;1.9750000e+02;3.2239217e-02;1.9750000e+02;1.0224481e-01;1.9750000e+02;1.7849205e-01;1.9750000e+02;2.3569807e-01;1.9750000e+02;2.6933566e-01;1.9750000e+02;3.0322847e-01;1.9750000e+02;2.9830754e-01;1.9750000e+02;2.3384908e-01;1.9750000e+02;1.5811607e-01;1.9750000e+02;9.6990526e-02;1.9750000e+02;4.7122434e-02;1.9750000e+02;2.9313713e-03;1.9750000e+02;-3.9379813e-02;1.9750000e+02;-8.2226232e-02;1.9750000e+02;-1.2448609e-01;1.9750000e+02;-1.6506016e-01;1.9750000e+02;-6.4658932e-02;1.9750000e+02;-2.6944976e-02;1.9750000e+02;3.2239217e-02;1.9750000e+02;1.0224481e-01;1.9750000e+02;1.7849205e-01;1.9750000e+02;2.3569807e-01;1.9750000e+02;2.6933566e-01;1.9750000e+02;3.0322847e-01;1.9750000e+02;2.9830754e-01;1.9750000e+02;2.3384908e-01;1.9750000e+02;1.5811607e-01;1.9750000e+02;9.6990526e-02;1.9750000e+02;4.7122434e-02;1.9750000e+02;2.9313713e-03;1.9750000e+02;-3.9379813e-02;1.9750000e+02;-8.2226232e-02;1.9750000e+02;-1.2448609e-01;1.9750000e+02;-1.6506016e-01;1.9750000e+02;-6.4658932e-02;1.9750000e+02;-2.6944976e-02;1.9750000e+02;3.2239217e-02;1.9750000e+02;1.0224481e-01;1.9750000e+02;1.7849205e-01;1.9750000e+02;2.3569807e-01;1.9750000e+02;2.6933566e-01;1.9750000e+02;3.0322847e-01;1.9750000e+02;2.9830754e-01;1.9750000e+02;2.3384908e-01;1.9750000e+02;1.5811607e-01;1.9750000e+02;9.6990526e-02;1.9750000e+02;4.7122434e-02;1.9750000e+02;2.9313713e-03;1.9750000e+02;-3.9379813e-02;1.9750000e+02;-8.2226232e-02;1.9750000e+02;-1.2448609e-01;1.9750000e+02;-1.6506016e-01;1.9750000e+02;-6.4658932e-02;1.9750000e+02;-2.6944976e-02;1.9750000e+02;3.2239217e-02;1.9750000e+02;1.0224481e-01;1.9750000e+02;1.7849205e-01;1.9750000e+02;2.3569807e-01;1.9750000e+02;2.6933566e-01;1.9750000e+02;3.0322847e-01;1.9750000e+02;2.9830754e-01;1.9750000e+02;2.3384908e-01;1.9750000e+02;1.5811607e-01;1.9750000e+02;9.6990526e-02;1.9750000e+02;4.7122434e-02;1.9750000e+02;2.9313713e-03;1.9750000e+02;-3.9379813e-02;1.9750000e+02;-8.2226232e-02;1.9750000e+02;-1.2448609e-01;1.9750000e+02;-1.6506016e-01;1.9750000e+02;-6.4658932e-02;1.9750000e+02;-2.6944976e-02;1.9750000e+02;3.2239217e-02;1.9750000e+02;1.0224481e-01;1.9750000e+02;1.7849205e-01;1.9750000e+02;2.3569807e-01;1.9750000e+02;2.6933566e-01;1.9750000e+02;3.0322847e-01;1.9750000e+02;2.9830754e-01;1.9750000e+02;2.3384908e-01;1.9750000e+02;1.5811607e-01;1.9750000e+02;9.6990526e-02;1.9750000e+02;4.7122434e-02;1.9750000e+02;2.9313713e-03;1.9750000e+02;-3.9379813e-02;1.9750000e+02;-8.2226232e-02;1.9750000e+02;-1.2448609e-01;1.9750000e+02;-1.6506016e-01;1.9750000e+02;-6.4658932e-02;1.9750000e+02;-2.6944976e-02;1.9750000e+02;3.2239217e-02;1.9750000e+02;1.0224481e-01;1.9750000e+02;1.7849205e-01;1.9750000e+02;2.3569807e-01;1.9750000e+02;2.6933566e-01;1.9750000e+02;3.0322847e-01;1.9750000e+02;2.9830754e-01;1.9750000e+02;2.3384908e-01;1.9750000e+02;1.5811607e-01;1.9750000e+02;9.6990526e-02;1.9750000e+02;4.7122434e-02;1.9750000e+02;2.9313713e-03;1.9750000e+02;-3.9379813e-02;1.9750000e+02;-8.2226232e-02;1.9750000e+02;-1.2448609e-01;1.9750000e+02;-1.6506016e-01;1.9750000e+02;-6.4658932e-02;1.9750000e+02;-2.6944976e-02;1.9750000e+02;3.2239217e-02;1.9750000e+02;1.0224481e-01;1.9750000e+02;1.7849205e-01;1.9750000e+02;2.3569807e-01;1.9750000e+02;2.6933566e-01;1.9750000e+02;3.0322847e-01;1.9750000e+02;2.9830754e-01;1.9750000e+02;2.3384908e-01;1.9750000e+02;1.5811607e-01;1.9750000e+02;9.6990526e-02;1.9750000e+02;4.7122434e-02;1.9750000e+02;2.9313713e-03;1.9750000e+02;-3.9379813e-02;1.9750000e+02;-8.2226232e-02;1.9750000e+02;-1.2448609e-01;1.9750000e+02;-1.6506016e-01;1.9750000e+02;-6.4658932e-02;1.9750000e+02;-2.6944976e-02;1.9750000e+02;3.2239217e-02;1.9750000e+02;1.0224481e-01;1.9750000e+02;1.7849205e-01;1.9750000e+02;2.3569807e-01;1.9750000e+02;2.6933566e-01;1.9750000e+02;3.0322847e-01;1.9750000e+02;2.9830754e-01;1.9750000e+02;2.3384908e-01;1.9750000e+02;1.5811607e-01;1.9750000e+02;9.6990526e-02;1.9750000e+02;4.7122434e-02;1.9750000e+02;2.9313713e-03;1.9750000e+02;-3.9379813e-02;1.9750000e+02;-8.2226232e-02;1.9750000e+02;-1.2448609e-01;1.9750000e+02;-1.6506016e-01;1.9750000e+02;-6.4658932e-02;1.9750000e+02;-2.6944976e-02;1.9750000e+02;3.2239217e-02;1.9750000e+02;1.0224481e-01;1.9750000e+02;1.7849205e-01;1.9750000e+02;2.3569807e-01;1.9750000e+02;2.6933566e-01;1.9750000e+02;3.0322847e-01;1.9750000e+02;2.9830754e-01;1.9750000e+02;2.3384908e-01;1.9750000e+02;1.5811607e-01;1.9750000e+02;9.6990526e-02;1.9750000e+02;4.7122434e-02;1.9750000e+02;2.9313713e-03;1.9750000e+02;-3.9379813e-02;1.9750000e+02;-8.2226232e-02;1.9750000e+02;-1.2448609e-01;1.9750000e+02;-1.6506016e-01;1.9750000e+02;-6.4658932e-02;1.9750000e+02;-2.6944976e-02;1.9750000e+02;3.2239217e-02;1.9750000e+02;1.0224481e-01;1.9750000e+02;1.7849205e-01;1.9750000e+02;2.3569807e-01;1.9750000e+02;2.6933566e-01;1.9750000e+02;3.0322847e-01;1.9750000e+02;2.9830754e-01;1.9750000e+02;2.3384908e-01;1.9750000e+02;1.5811607e-01;1.9750000e+02;9.6990526e-02;1.9750000e+02;4.7122434e-02;1.9750000e+02;2.9313713e-03;1.9750000e+02;-3.9379813e-02;1.9750000e+02;-8.2226232e-02;1.9750000e+02;-1.2448609e-01;1.9750000e+02;-1.6506016e-01;1.9750000e+02;-6.4658932e-02;1.9750000e+02;-2.6944976e-02;1.9750000e+02;3.2239217e-02;1.9750000e+02;1.0224481e-01;1.9750000e+02;1.7849205e-01;1.9750000e+02;2.3569807e-01;1.9750000e+02;2.6933566e-01;1.9750000e+02;3.0322847e-01;1.9750000e+02;2.9830754e-01;1.9750000e+02;2.3384908e-01;1.9750000e+02;1.5811607e-01;1.9750000e+02;9.6990526e-02;1.9750000e+02;4.7122434e-02;1.9750000e+02;2.9313713e-03;1.9750000e+02;-3.9379813e-02;1.9750000e+02;-8.2226232e-02;1.9750000e+02;-1.2448609e-01;1.9750000e+02;-1.6506016e-01;1.9750000e+02;-6.4658932e-02;1.9750000e+02;-2.6944976e-02;1.9750000e+02;3.2239217e-02;1.9750000e+02;1.0224481e-01;1.9750000e+02;1.7849205e-01;1.9750000e+02;2.3569807e-01;1.9750000e+02;2.6933566e-01;1.9750000e+02;3.0322847e-01;1.9750000e+02;2.9830754e-01;1.9750000e+02;2.3384908e-01;1.9750000e+02;1.5811607e-01;1.9750000e+02;9.6990526e-02;1.9750000e+02;4.7122434e-02;1.9750000e+02;2.9313713e-03;1.9750000e+02;-3.9379813e-02;1.9750000e+02;-8.2226232e-02;1.9750000e+02;-1.2448609e-01;1.9750000e+02;-1.6506016e-01;1.9750000e+02;-6.4658932e-02;1.9750000e+02;-2.6944976e-02;1.9750000e+02;3.2239217e-02;1.9750000e+02;1.0224481e-01;1.9750000e+02;1.7849205e-01;1.9750000e+02;2.3569807e-01;1.9750000e+02;2.6933566e-01;1.9750000e+02;3.0322847e-01;1.9750000e+02;2.9830754e-01;1.9750000e+02;2.3384908e-01;1.9750000e+02;1.5811607e-01;1.9750000e+02;9.6990526e-02;1.9750000e+02;4.7122434e-02;1.9750000e+02;2.9313713e-03;1.9750000e+02;-3.9379813e-02;1.9750000e+02;-8.2226232e-02;1.9750000e+02;-1.2448609e-01;1.9750000e+02;-1.6506016e-01;1.9750000e+02;-6.4658932e-02;1.9750000e+02;-2.6944976e-02;1.9750000e+02;3.2239217e-02;1.9750000e+02;1.0224481e-01;1.9750000e+02;1.7849205e-01;1.9750000e+02;2.3569807e-01;1.9750000e+02;2.6933566e-01;1.9750000e+02;3.0322847e-01;1.9750000e+02;2.9830754e-01;1.9750000e+02;2.3384908e-01;1.9750000e+02;1.5811607e-01;1.9750000e+02;9.6990526e-02;1.9750000e+02;4.7122434e-02;1.9750000e+02;2.9313713e-03;1.9750000e+02;-3.9379813e-02;1.9750000e+02;-8.2226232e-02;1.9750000e+02;-1.2448609e-01;1.9750000e+02;-1.6506016e-01;1.9750000e+02;-6.4658932e-02;1.9750000e+02;-2.6944976e-02;1.9750000e+02;3.2239217e-02;1.9750000e+02;1.0224481e-01;1.9750000e+02;1.7849205e-01;1.9750000e+02;2.3569807e-01;1.9750000e+02;2.6933566e-01;1.9750000e+02;3.0322847e-01;1.9750000e+02;2.9830754e-01;1.9750000e+02;2.3384908e-01;1.9750000e+02;1.5811607e-01;1.9750000e+02;9.6990526e-02;1.9750000e+02;4.7122434e-02;1.9750000e+02;2.9313713e-03;1.9750000e+02;-3.9379813e-02;1.9750000e+02;-8.2226232e-02;1.9750000e+02;-1.2448609e-01;1.9750000e+02;-1.6506016e-01;1.9750000e+02;-6.4658932e-02;1.9750000e+02;-2.6944976e-02;1.9750000e+02;3.2239217e-02;1.9750000e+02;1.0224481e-01;1.9750000e+02;1.7849205e-01;1.9750000e+02;2.3569807e-01;1.9750000e+02;2.6933566e-01;1.9750000e+02;3.0322847e-01;1.9750000e+02;2.9830754e-01;1.9750000e+02;2.3384908e-01;1.9750000e+02;1.5811607e-01;1.9750000e+02;9.6990526e-02;1.9750000e+02;4.7122434e-02;1.9750000e+02;2.9313713e-03;1.9750000e+02;-3.9379813e-02;1.9750000e+02;-8.2226232e-02;1.9750000e+02;-1.2448609e-01;1.9750000e+02;-1.6506016e-01;1.9750000e+02;-6.4658932e-02;1.9750000e+02;-2.6944976e-02;1.9750000e+02;3.2239217e-02;1.9750000e+02;1.0224481e-01;1.9750000e+02;1.7849205e-01;1.9750000e+02;2.3569807e-01;1.9750000e+02;2.6933566e-01;1.9750000e+02;3.0322847e-01;1.9750000e+02;2.9830754e-01;1.9750000e+02;2.3384908e-01;1.9750000e+02;1.5811607e-01;1.9750000e+02;9.6990526e-02;1.9750000e+02;4.7122434e-02;1.9750000e+02;2.9313713e-03;1.9750000e+02;-3.9379813e-02;1.9750000e+02;-8.2226232e-02;1.9750000e+02;-1.2448609e-01;1.9750000e+02;-1.6506016e-01;1.9750000e+02;-6.4658932e-02;1.9750000e+02;-2.6944976e-02;1.9750000e+02;3.2239217e-02;1.9750000e+02;1.0224481e-01;1.9750000e+02;1.7849205e-01;1.9750000e+02;2.3569807e-01;1.9750000e+02;2.6933566e-01;1.9750000e+02;3.0322847e-01;1.9750000e+02;2.9830754e-01;1.9750000e+02;2.3384908e-01;1.9750000e+02;1.5811607e-01;1.9750000e+02;9.6990526e-02;1.9750000e+02;4.7122434e-02;1.9750000e+02;2.9313713e-03;1.9750000e+02;-3.9379813e-02;1.9750000e+02;-8.2226232e-02;1.9750000e+02;-1.2448609e-01;1.9750000e+02;-1.6506016e-01;1.9750000e+02;-6.4658932e-02;1.9750000e+02;-2.6944976e-02;1.9750000e+02;3.2239217e-02;1.9750000e+02;1.0224481e-01;1.9750000e+02;1.7849205e-01;1.9750000e+02;2.3569807e-01;1.9750000e+02;2.6933566e-01;1.9750000e+02;3.0322847e-01;1.9750000e+02;2.9830754e-01;1.9750000e+02;2.3384908e-01;1.9750000e+02;1.5811607e-01;1.9750000e+02;9.6990526e-02;1.9750000e+02;4.7122434e-02;1.9750000e+02;2.9313713e-03;1.9750000e+02;-3.9379813e-02;1.9750000e+02;-8.2226232e-02;1.9750000e+02;-1.2448609e-01;1.9750000e+02;-1.6506016e-01;1.9750000e+02;-6.4658932e-02;1.9750000e+02;-2.6944976e-02;1.9750000e+02;3.2239217e-02;1.9750000e+02;1.0224481e-01;1.9750000e+02;1.7849205e-01;1.9750000e+02;2.3569807e-01;1.9750000e+02;2.6933566e-01;1.9750000e+02;3.0322847e-01;1.9750000e+02;2.9830754e-01;1.9750000e+02;2.3384908e-01;1.9750000e+02;1.5811607e-01;1.9750000e+02;9.6990526e-02;1.9750000e+02;4.7122434e-02;1.9750000e+02;2.9313713e-03;1.9750000e+02;-3.9379813e-02;1.9750000e+02;-8.2226232e-02;1.9750000e+02;-1.2448609e-01;1.9750000e+02;-1.6506016e-01;1.9750000e+02;-6.4658932e-02;1.9750000e+02;-2.6944976e-02;1.9750000e+02;3.2239217e-02;1.9750000e+02;1.0224481e-01;1.9750000e+02;1.7849205e-01;1.9750000e+02;2.3569807e-01;1.9750000e+02;2.6933566e-01;1.9750000e+02;3.0322847e-01;1.9750000e+02;2.9830754e-01;1.9750000e+02;2.3384908e-01;1.9750000e+02;1.5811607e-01;1.9750000e+02;9.6990526e-02;1.9750000e+02;4.7122434e-02;1.9750000e+02;2.9313713e-03;1.9750000e+02;-3.9379813e-02;1.9750000e+02;-8.2226232e-02;1.9750000e+02;-1.2448609e-01;1.9750000e+02;-1.6506016e-01;1.9750000e+02;-6.4658932e-02;1.9750000e+02;-2.6944976e-02;1.9750000e+02;3.2239217e-02;1.9750000e+02;1.0224481e-01;1.9750000e+02;1.7849205e-01;1.9750000e+02;2.3569807e-01;1.9750000e+02;2.6933566e-01;1.9750000e+02;3.0322847e-01;1.9750000e+02;2.9830754e-01;1.9750000e+02;2.3384908e-01;1.9750000e+02;1.5811607e-01;1.9750000e+02;9.6990526e-02;1.9750000e+02;4.7122434e-02;1.9750000e+02;2.9313713e-03;1.9750000e+02;-3.9379813e-02;1.9750000e+02;-8.2226232e-02;1.9750000e+02;-1.2448609e-01;1.9750000e+02;-1.6506016e-01;1.9750000e+02;-6.4658932e-02;1.9750000e+02;-2.6944976e-02;1.9750000e+02;3.2239217e-02;1.9750000e+02;1.0224481e-01;1.9750000e+02;1.7849205e-01;1.9750000e+02;2.3569807e-01;1.9750000e+02;2.6933566e-01;1.9750000e+02;3.0322847e-01;1.9750000e+02;2.9830754e-01;1.9750000e+02;2.3384908e-01;1.9750000e+02;1.5811607e-01;1.9750000e+02;9.6990526e-02;1.9750000e+02;4.7122434e-02;1.9750000e+02;2.9313713e-03;1.9750000e+02;-3.9379813e-02;1.9750000e+02;-8.2226232e-02;1.9750000e+02;-1.2448609e-01;1.9750000e+02;-1.6506016e-01;1.9750000e+02;-6.4658932e-02;1.9750000e+02;-2.6944976e-02;1.9750000e+02;3.2239217e-02;1.9750000e+02;1.0224481e-01;1.9750000e+02;1.7849205e-01;1.9750000e+02;2.3569807e-01;1.9750000e+02;2.6933566e-01;1.9750000e+02;3.0322847e-01;1.9750000e+02;2.9830754e-01;1.9750000e+02;2.3384908e-01;1.9750000e+02;1.5811607e-01;1.9750000e+02;9.6990526e-02;1.9750000e+02;4.7122434e-02;1.9750000e+02;2.9313713e-03;1.9750000e+02;-3.9379813e-02;1.9750000e+02;-8.2226232e-02;1.9750000e+02;-1.2448609e-01;1.9750000e+02;-1.6506016e-01;1.9750000e+02;-6.4658932e-02;1.9750000e+02;-2.6944976e-02;1.9750000e+02;3.2239217e-02;1.9750000e+02;1.0224481e-01;1.9750000e+02;1.7849205e-01;1.9750000e+02;2.3569807e-01;1.9750000e+02;2.6933566e-01;1.9750000e+02;3.0322847e-01;1.9750000e+02;2.9830754e-01;1.9750000e+02;2.3384908e-01;1.9750000e+02;1.5811607e-01;1.9750000e+02;9.6990526e-02;1.9750000e+02;4.7122434e-02;1.9750000e+02;2.9313713e-03;1.9750000e+02;-3.9379813e-02;1.9750000e+02;-8.2226232e-02;1.9750000e+02;-1.2448609e-01;1.9750000e+02;-1.6506016e-01;1.9750000e+02;-6.4658932e-02;1.9750000e+02;-2.6944976e-02;1.9750000e+02;3.2239217e-02;1.9750000e+02;1.0224481e-01;1.9750000e+02;1.7849205e-01;1.9750000e+02;2.3569807e-01;1.9750000e+02;2.6933566e-01;1.9750000e+02;3.0322847e-01;1.9750000e+02;2.9830754e-01;1.9750000e+02;2.3384908e-01;1.9750000e+02;1.5811607e-01;1.9750000e+02;9.6990526e-02;1.9750000e+02;4.7122434e-02;1.9750000e+02;2.9313713e-03;1.9750000e+02;-3.9379813e-02;1.9750000e+02;-8.2226232e-02;1.9750000e+02;-1.2448609e-01;1.9750000e+02;-1.6506016e-01;1.9750000e+02;-6.4658932e-02;1.9750000e+02;-2.6944976e-02;1.9750000e+02;3.2239217e-02;1.9750000e+02;1.0224481e-01;1.9750000e+02;1.7849205e-01;1.9750000e+02;2.3569807e-01;1.9750000e+02;2.6933566e-01;1.9750000e+02;3.0322847e-01;1.9750000e+02;2.9830754e-01;1.9750000e+02;2.3384908e-01;1.9750000e+02;1.5811607e-01;1.9750000e+02;9.6990526e-02;1.9750000e+02;4.7122434e-02;1.9750000e+02;2.9313713e-03;1.9750000e+02;-3.9379813e-02;1.9750000e+02;-8.2226232e-02;1.9750000e+02;-1.2448609e-01;1.9750000e+02;-1.6506016e-01;1.9750000e+02;-6.4658932e-02;1.9750000e+02;-2.6944976e-02;1.9750000e+02;3.2239217e-02;1.9750000e+02;1.0224481e-01;1.9750000e+02;1.7849205e-01;1.9750000e+02;2.3569807e-01;1.9750000e+02;2.6933566e-01;1.9750000e+02;3.0322847e-01;1.9750000e+02;2.9830754e-01;1.9750000e+02;2.3384908e-01;1.9750000e+02;1.5811607e-01;1.9750000e+02;9.6990526e-02;1.9750000e+02;4.7122434e-02;1.9750000e+02;2.9313713e-03;1.9750000e+02;-3.9379813e-02;1.9750000e+02;-8.2226232e-02;1.9750000e+02;-1.2448609e-01;1.9750000e+02;-1.6506016e-01;1.9750000e+02;-6.4658932e-02;1.9750000e+02;-2.6944976e-02;1.9750000e+02;3.2239217e-02;1.9750000e+02;1.0224481e-01;1.9750000e+02;1.7849205e-01;1.9750000e+02;2.3569807e-01;1.9750000e+02;2.6933566e-01;1.9750000e+02;3.0322847e-01;1.9750000e+02;2.9830754e-01;1.9750000e+02;2.3384908e-01;1.9750000e+02;1.5811607e-01;1.9750000e+02;9.6990526e-02;1.9750000e+02;4.7122434e-02;1.9750000e+02;2.9313713e-03;1.9750000e+02;-3.9379813e-02;1.9750000e+02;-8.2226232e-02;1.9750000e+02;-1.2448609e-01;1.9750000e+02;-1.6506016e-01;1.9750000e+02;-6.4658932e-02;1.9750000e+02;-2.6944976e-02;1.9750000e+02;3.2239217e-02;1.9750000e+02;1.0224481e-01;1.9750000e+02;1.7849205e-01;1.9750000e+02;2.3569807e-01;1.9750000e+02;2.6933566e-01;1.9750000e+02;3.0322847e-01;1.9750000e+02;2.9830754e-01;1.9750000e+02;2.3384908e-01;1.9750000e+02;1.5811607e-01;1.9750000e+02;9.6990526e-02;1.9750000e+02;4.7122434e-02;1.9750000e+02;2.9313713e-03;1.9750000e+02;-3.9379813e-02;1.9750000e+02;-8.2226232e-02;1.9750000e+02;-1.2448609e-01;1.9750000e+02;-1.6506016e-01;1.9750000e+02;-6.4658932e-02;1.9750000e+02;-2.6944976e-02;1.9750000e+02;3.2239217e-02;1.9750000e+02;1.0224481e-01;1.9750000e+02;1.7849205e-01;1.9750000e+02;2.3569807e-01;1.9750000e+02;2.6933566e-01;1.9750000e+02;3.0322847e-01;1.9750000e+02;2.9830754e-01;1.9750000e+02;2.3384908e-01;1.9750000e+02;1.5811607e-01;1.9750000e+02;9.6990526e-02;1.9750000e+02;4.7122434e-02;1.9750000e+02;2.9313713e-03;1.9750000e+02;-3.9379813e-02;1.9750000e+02;-8.2226232e-02;1.9750000e+02;-1.2448609e-01;1.9750000e+02;-1.6506016e-01;1.9750000e+02;-6.4658932e-02;1.9750000e+02;-2.6944976e-02;1.9750000e+02;3.2239217e-02;1.9750000e+02;1.0224481e-01;1.9750000e+02;1.7849205e-01;1.9750000e+02;2.3569807e-01;1.9750000e+02;2.6933566e-01;1.9750000e+02;3.0322847e-01;1.9750000e+02;2.9830754e-01;1.9750000e+02;2.3384908e-01;1.9750000e+02;1.5811607e-01;1.9750000e+02;9.6990526e-02;1.9750000e+02;4.7122434e-02;1.9750000e+02;2.9313713e-03;1.9750000e+02;-3.9379813e-02;1.9750000e+02;-8.2226232e-02;1.9750000e+02;-1.2448609e-01;1.9750000e+02;-1.6506016e-01;1.9750000e+02;-6.4658932e-02;1.9750000e+02;-2.6944976e-02;1.9750000e+02;3.2239217e-02;1.9750000e+02;1.0224481e-01;1.9750000e+02;1.7849205e-01;1.9750000e+02;2.3569807e-01;1.9750000e+02;2.6933566e-01;1.9750000e+02;3.0322847e-01;1.9750000e+02;2.9830754e-01;1.9750000e+02;2.3384908e-01;1.9750000e+02;1.5811607e-01;1.9750000e+02;9.6990526e-02;1.9750000e+02;4.7122434e-02;1.9750000e+02;2.9313713e-03;1.9750000e+02;-3.9379813e-02;1.9750000e+02;-8.2226232e-02;1.9750000e+02;-1.2448609e-01;1.9750000e+02;-1.6506016e-01;1.9750000e+02;-6.4658932e-02;1.9750000e+02;-2.6944976e-02;1.9750000e+02;3.2239217e-02;1.9750000e+02;1.0224481e-01;1.9750000e+02;1.7849205e-01;1.9750000e+02;2.3569807e-01;1.9750000e+02;2.6933566e-01;1.9750000e+02;3.0322847e-01;1.9750000e+02;2.9830754e-01;1.9750000e+02;2.3384908e-01;1.9750000e+02;1.5811607e-01;1.9750000e+02;9.6990526e-02;1.9750000e+02;4.7122434e-02;1.9750000e+02;2.9313713e-03;1.9750000e+02;-3.9379813e-02;1.9750000e+02;-8.2226232e-02;1.9750000e+02;-1.2448609e-01;1.9750000e+02;-1.6506016e-01;1.9750000e+02;-6.4658932e-02;1.9750000e+02;-2.6944976e-02;1.9750000e+02;3.2239217e-02;1.9750000e+02;1.0224481e-01;1.9750000e+02;1.7849205e-01;1.9750000e+02;2.3569807e-01;1.9750000e+02;2.6933566e-01;1.9750000e+02;3.0322847e-01;1.9750000e+02;2.9830754e-01;1.9750000e+02;2.3384908e-01;1.9750000e+02;1.5811607e-01;1.9750000e+02;9.6990526e-02;1.9750000e+02;4.7122434e-02;1.9750000e+02;2.9313713e-03;1.9750000e+02;-3.9379813e-02;1.9750000e+02;-8.2226232e-02;1.9750000e+02;-1.2448609e-01;1.9750000e+02;-1.6506016e-01;1.9750000e+02;-6.4658932e-02;1.9750000e+02;-2.6944976e-02;1.9750000e+02;3.2239217e-02;1.9750000e+02;1.0224481e-01;1.9750000e+02;1.7849205e-01;1.9750000e+02;2.3569807e-01;1.9750000e+02;2.6933566e-01;1.9750000e+02;3.0322847e-01;1.9750000e+02;2.9830754e-01;1.9750000e+02;2.3384908e-01;1.9750000e+02;1.5811607e-01;1.9750000e+02;9.6990526e-02;1.9750000e+02;4.7122434e-02;1.9750000e+02;2.9313713e-03;1.9750000e+02;-3.9379813e-02;1.9750000e+02;-8.2226232e-02;1.9750000e+02;-1.2448609e-01;1.9750000e+02;-1.6506016e-01;1.9750000e+02;-6.4658932e-02;1.9750000e+02;-2.6944976e-02;1.9750000e+02;3.2239217e-02;1.9750000e+02;1.0224481e-01;1.9750000e+02;1.7849205e-01;1.9750000e+02;2.3569807e-01;1.9750000e+02;2.6933566e-01;1.9750000e+02;3.0322847e-01;1.9750000e+02;2.9830754e-01;1.9750000e+02;2.3384908e-01;1.9750000e+02;1.5811607e-01;1.9750000e+02;9.6990526e-02;1.9750000e+02;4.7122434e-02;1.9750000e+02;2.9313713e-03;1.9750000e+02;-3.9379813e-02;1.9750000e+02;-8.2226232e-02;1.9750000e+02;-1.2448609e-01;1.9750000e+02;-1.6506016e-01;1.9750000e+02;-6.4658932e-02;1.9750000e+02;-2.6944976e-02;1.9750000e+02;3.2239217e-02;1.9750000e+02;1.0224481e-01;1.9750000e+02;1.7849205e-01;1.9750000e+02;2.3569807e-01;1.9750000e+02;2.6933566e-01;1.9750000e+02;3.0322847e-01;1.9750000e+02;2.9830754e-01;1.9750000e+02;2.3384908e-01;1.9750000e+02;1.5811607e-01;1.9750000e+02;9.6990526e-02;1.9750000e+02;4.7122434e-02;1.9750000e+02;2.9313713e-03;1.9750000e+02;-3.9379813e-02;1.9750000e+02;-8.2226232e-02;1.9750000e+02;-1.2448609e-01;1.9750000e+02;-1.6506016e-01;1.9750000e+02;-6.4658932e-02;1.9750000e+02;-2.6944976e-02;1.9750000e+02;3.2239217e-02;1.9750000e+02;1.0224481e-01;1.9750000e+02;1.7849205e-01;1.9750000e+02;2.3569807e-01;1.9750000e+02;2.6933566e-01;1.9750000e+02;3.0322847e-01;1.9750000e+02;2.9830754e-01;1.9750000e+02;2.3384908e-01;1.9750000e+02;1.5811607e-01;1.9750000e+02;9.6990526e-02;1.9750000e+02;4.7122434e-02;1.9750000e+02;2.9313713e-03;1.9750000e+02;-3.9379813e-02;1.9750000e+02;-8.2226232e-02;1.9750000e+02;-1.2448609e-01;1.9750000e+02;-1.6506016e-01;1.9750000e+02;-6.4658932e-02;1.9750000e+02;-2.6944976e-02;1.9750000e+02;3.2239217e-02;1.9750000e+02;1.0224481e-01;1.9750000e+02;1.7849205e-01;1.9750000e+02;2.3569807e-01;1.9750000e+02;2.6933566e-01;1.9750000e+02;3.0322847e-01;1.9750000e+02;2.9830754e-01;1.9750000e+02;2.3384908e-01;1.9750000e+02;1.5811607e-01;1.9750000e+02;9.6990526e-02;1.9750000e+02;4.7122434e-02;1.9750000e+02;2.9313713e-03;1.9750000e+02;-3.9379813e-02;1.9750000e+02;-8.2226232e-02;1.9750000e+02;-1.2448609e-01;1.9750000e+02;-1.6506016e-01;1.9750000e+02;-6.4658932e-02;1.9750000e+02;-2.6944976e-02;1.9750000e+02;3.2239217e-02;1.9750000e+02;1.0224481e-01;1.9750000e+02;1.7849205e-01;1.9750000e+02;2.3569807e-01;1.9750000e+02;2.6933566e-01;1.9750000e+02;3.0322847e-01;1.9750000e+02;2.9830754e-01;1.9750000e+02;2.3384908e-01;1.9750000e+02;1.5811607e-01;1.9750000e+02;9.6990526e-02;1.9750000e+02;4.7122434e-02;1.9750000e+02;2.9313713e-03;1.9750000e+02;-3.9379813e-02;1.9750000e+02;-8.2226232e-02;1.9750000e+02;-1.2448609e-01;1.9750000e+02;-1.6506016e-01;1.9750000e+02;-6.4658932e-02;1.9750000e+02;-2.6944976e-02;1.9750000e+02;3.2239217e-02;1.9750000e+02;1.0224481e-01;1.9750000e+02;1.7849205e-01;1.9750000e+02;2.3569807e-01;1.9750000e+02;2.6933566e-01;1.9750000e+02;3.0322847e-01;1.9750000e+02;2.9830754e-01;1.9750000e+02;2.3384908e-01;1.9750000e+02;1.5811607e-01;1.9750000e+02;9.6990526e-02;1.9750000e+02;4.7122434e-02;1.9750000e+02;2.9313713e-03;1.9750000e+02;-3.9379813e-02;1.9750000e+02;-8.2226232e-02;1.9750000e+02;-1.2448609e-01;1.9750000e+02;-1.6506016e-01;1.9750000e+02;-6.4658932e-02;1.9750000e+02;-2.6944976e-02;1.9750000e+02;3.2239217e-02;1.9750000e+02;1.0224481e-01;1.9750000e+02;1.7849205e-01;1.9750000e+02;2.3569807e-01;1.9750000e+02;2.6933566e-01;1.9750000e+02;3.0322847e-01;1.9750000e+02;2.9830754e-01;1.9750000e+02;2.3384908e-01;1.9750000e+02;1.5811607e-01;1.9750000e+02;9.6990526e-02;1.9750000e+02;4.7122434e-02;1.9750000e+02;2.9313713e-03;1.9750000e+02;-3.9379813e-02;1.9750000e+02;-8.2226232e-02;1.9750000e+02;-1.2448609e-01;1.9750000e+02;-1.6506016e-01;1.9750000e+02;-6.4658932e-02;1.9750000e+02;-2.6944976e-02;1.9750000e+02;3.2239217e-02;1.9750000e+02;1.0224481e-01;1.9750000e+02;1.7849205e-01;1.9750000e+02;2.3569807e-01;1.9750000e+02;2.6933566e-01;1.9750000e+02;3.0322847e-01;1.9750000e+02;2.9830754e-01;1.9750000e+02;2.3384908e-01;1.9750000e+02;1.5811607e-01;1.9750000e+02;9.6990526e-02;1.9750000e+02;4.7122434e-02;1.9750000e+02;2.9313713e-03;1.9750000e+02;-3.9379813e-02;1.9750000e+02;-8.2226232e-02;1.9750000e+02;-1.2448609e-01;1.9750000e+02;-1.6506016e-01;1.9750000e+02;-6.4658932e-02;1.9750000e+02;-2.6944976e-02;1.9750000e+02;3.2239217e-02;1.9750000e+02;1.0224481e-01;1.9750000e+02;1.7849205e-01;1.9750000e+02;2.3569807e-01;1.9750000e+02;2.6933566e-01;1.9750000e+02;3.0322847e-01;1.9750000e+02;2.9830754e-01;1.9750000e+02;2.3384908e-01;1.9750000e+02;1.5811607e-01;1.9750000e+02;9.6990526e-02;1.9750000e+02;4.7122434e-02;1.9750000e+02;2.9313713e-03;1.9750000e+02;-3.9379813e-02;1.9750000e+02;-8.2226232e-02;1.9750000e+02;-1.2448609e-01;1.9750000e+02;-1.6506016e-01;1.9750000e+02;-6.4658932e-02;1.9750000e+02;-2.6944976e-02;1.9750000e+02;3.2239217e-02;1.9750000e+02;1.0224481e-01;1.9750000e+02;1.7849205e-01;1.9750000e+02;2.3569807e-01;1.9750000e+02;2.6933566e-01;1.9750000e+02;3.0322847e-01;1.9750000e+02;2.9830754e-01;1.9750000e+02;2.3384908e-01;1.9750000e+02;1.5811607e-01;1.9750000e+02;9.6990526e-02;1.9750000e+02;4.7122434e-02;1.9750000e+02;2.9313713e-03;1.9750000e+02;-3.9379813e-02;1.9750000e+02;-8.2226232e-02;1.9750000e+02;-1.2448609e-01;1.9750000e+02;-1.6506016e-01;1.9750000e+02;-6.4658932e-02;1.9750000e+02;-2.6944976e-02;1.9750000e+02;3.2239217e-02;1.9750000e+02;1.0224481e-01;1.9750000e+02;1.7849205e-01;1.9750000e+02;2.3569807e-01;1.9750000e+02;2.6933566e-01;1.9750000e+02;3.0322847e-01;1.9750000e+02;2.9830754e-01;1.9750000e+02;2.3384908e-01;1.9750000e+02;1.5811607e-01;1.9750000e+02;9.6990526e-02;1.9750000e+02;4.7122434e-02;1.9750000e+02;2.9313713e-03;1.9750000e+02;-3.9379813e-02;1.9750000e+02;-8.2226232e-02;1.9750000e+02;-1.2448609e-01;1.9750000e+02;-1.6506016e-01;1.9750000e+02;-6.4658932e-02;1.9750000e+02;-2.6944976e-02;1.9750000e+02;3.2239217e-02;1.9750000e+02;1.0224481e-01;1.9750000e+02;1.7849205e-01;1.9750000e+02;2.3569807e-01;1.9750000e+02;2.6933566e-01;1.9750000e+02;3.0322847e-01;1.9750000e+02;2.9830754e-01;1.9750000e+02;2.3384908e-01;1.9750000e+02;1.5811607e-01;1.9750000e+02;9.6990526e-02;1.9750000e+02;4.7122434e-02;1.9750000e+02;2.9313713e-03;1.9750000e+02;-3.9379813e-02;1.9750000e+02;-8.2226232e-02;1.9750000e+02;-1.2448609e-01;1.9750000e+02;-1.6506016e-01;1.9750000e+02;-6.4658932e-02;1.9750000e+02;-2.6944976e-02;1.9750000e+02;3.2239217e-02;1.9750000e+02;1.0224481e-01;1.9750000e+02;1.7849205e-01;1.9750000e+02;2.3569807e-01;1.9750000e+02;2.6933566e-01;1.9750000e+02;3.0322847e-01;1.9750000e+02;2.9830754e-01;1.9750000e+02;2.3384908e-01;1.9750000e+02;1.5811607e-01;1.9750000e+02;9.6990526e-02;1.9750000e+02;4.7122434e-02;1.9750000e+02;2.9313713e-03;1.9750000e+02;-3.9379813e-02;1.9750000e+02;-8.2226232e-02;1.9750000e+02;-1.2448609e-01;1.9750000e+02;-1.6506016e-01;1.9750000e+02;-6.4658932e-02;1.9750000e+02;-2.6944976e-02;1.9750000e+02;3.2239217e-02;1.9750000e+02;1.0224481e-01;1.9750000e+02;1.7849205e-01;1.9750000e+02;2.3569807e-01;1.9750000e+02;2.6933566e-01;1.9750000e+02;3.0322847e-01;1.9750000e+02;2.9830754e-01;1.9750000e+02;2.3384908e-01;1.9750000e+02;1.5811607e-01;1.9750000e+02;9.6990526e-02;1.9750000e+02;4.7122434e-02;1.9750000e+02;2.9313713e-03;1.9750000e+02;-3.9379813e-02;1.9750000e+02;-8.2226232e-02;1.9750000e+02;-1.2448609e-01;1.9750000e+02;-1.6506016e-01;1.9750000e+02;-6.4658932e-02;1.9750000e+02;-2.6944976e-02;1.9750000e+02;3.2239217e-02;1.9750000e+02;1.0224481e-01;1.9750000e+02;1.7849205e-01;1.9750000e+02;2.3569807e-01;1.9750000e+02;2.6933566e-01;1.9750000e+02;3.0322847e-01;1.9750000e+02;2.9830754e-01;1.9750000e+02;2.3384908e-01;1.9750000e+02;1.5811607e-01;1.9750000e+02;9.6990526e-02;1.9750000e+02;4.7122434e-02;1.9750000e+02;2.9313713e-03;1.9750000e+02;-3.9379813e-02;1.9750000e+02;-8.2226232e-02;1.9750000e+02;-1.2448609e-01;1.9750000e+02;-1.6506016e-01;1.9750000e+02;-6.4658932e-02;1.9750000e+02;-2.6944976e-02;1.9750000e+02;3.2239217e-02;1.9750000e+02;1.0224481e-01;1.9750000e+02;1.7849205e-01;1.9750000e+02;2.3569807e-01;1.9750000e+02;2.6933566e-01;1.9750000e+02;3.0322847e-01;1.9750000e+02;2.9830754e-01;1.9750000e+02;2.3384908e-01;1.9750000e+02;1.5811607e-01;1.9750000e+02;9.6990526e-02;1.9750000e+02;4.7122434e-02;1.9750000e+02;2.9313713e-03;1.9750000e+02;-3.9379813e-02;1.9750000e+02;-8.2226232e-02;1.9750000e+02;-1.2448609e-01;1.9750000e+02;-1.6506016e-01;1.9750000e+02;-6.4658932e-02;1.9750000e+02;-2.6944976e-02;1.9750000e+02;3.2239217e-02;1.9750000e+02;1.0224481e-01;1.9750000e+02;1.7849205e-01;1.9750000e+02;2.3569807e-01;1.9750000e+02;2.6933566e-01;1.9750000e+02;3.0322847e-01;1.9750000e+02;2.9830754e-01;1.9750000e+02;2.3384908e-01;1.9750000e+02;1.5811607e-01;1.9750000e+02;9.6990526e-02;1.9750000e+02;4.7122434e-02;1.9750000e+02;2.9313713e-03;1.9750000e+02;-3.9379813e-02;1.9750000e+02;-8.2226232e-02;1.9750000e+02;-1.2448609e-01;1.9750000e+02;-1.6506016e-01;1.9750000e+02;-6.4658932e-02;1.9750000e+02;-2.6944976e-02;1.9750000e+02;3.2239217e-02;1.9750000e+02;1.0224481e-01;1.9750000e+02;1.7849205e-01;1.9750000e+02;2.3569807e-01;1.9750000e+02;2.6933566e-01;1.9750000e+02;3.0322847e-01;1.9750000e+02;2.9830754e-01;1.9750000e+02;2.3384908e-01;1.9750000e+02;1.5811607e-01;1.9750000e+02;9.6990526e-02;1.9750000e+02;4.7122434e-02;1.9750000e+02;2.9313713e-03;1.9750000e+02;-3.9379813e-02;1.9750000e+02;-8.2226232e-02;1.9750000e+02;-1.2448609e-01;1.9750000e+02;-1.6506016e-01;1.9750000e+02;-6.4658932e-02;1.9750000e+02;-2.6944976e-02;1.9750000e+02;3.2239217e-02;1.9750000e+02;1.0224481e-01;1.9750000e+02;1.7849205e-01;1.9750000e+02;2.3569807e-01;1.9750000e+02;2.6933566e-01;1.9750000e+02;3.0322847e-01;1.9750000e+02;2.9830754e-01;1.9750000e+02;2.3384908e-01;1.9750000e+02;1.5811607e-01;1.9750000e+02;9.6990526e-02;1.9750000e+02;4.7122434e-02;1.9750000e+02;2.9313713e-03;1.9750000e+02;-3.9379813e-02;1.9750000e+02;-8.2226232e-02;1.9750000e+02;-1.2448609e-01;1.9750000e+02;-1.6506016e-01;1.9750000e+02;-6.4658932e-02;1.9750000e+02;-2.6944976e-02;1.9750000e+02;3.2239217e-02;1.9750000e+02;1.0224481e-01;1.9750000e+02;1.7849205e-01;1.9750000e+02;2.3569807e-01;1.9750000e+02;2.6933566e-01;1.9750000e+02;3.0322847e-01;1.9750000e+02;2.9830754e-01;1.9750000e+02;2.3384908e-01;1.9750000e+02;1.5811607e-01;1.9750000e+02;9.6990526e-02;1.9750000e+02;4.7122434e-02;1.9750000e+02;2.9313713e-03;1.9750000e+02;-3.9379813e-02;1.9750000e+02;-8.2226232e-02;1.9750000e+02;-1.2448609e-01;1.9750000e+02;-1.6506016e-01;1.9750000e+02;-6.4658932e-02;1.9750000e+02;-2.6944976e-02;1.9750000e+02;3.2239217e-02;1.9750000e+02;1.0224481e-01;1.9750000e+02;1.7849205e-01;1.9750000e+02;2.3569807e-01;1.9750000e+02;2.6933566e-01;1.9750000e+02;3.0322847e-01;1.9750000e+02;2.9830754e-01;1.9750000e+02;2.3384908e-01;1.9750000e+02;1.5811607e-01;1.9750000e+02;9.6990526e-02;1.9750000e+02;4.7122434e-02;1.9750000e+02;2.9313713e-03;1.9750000e+02;-3.9379813e-02;1.9750000e+02;-8.2226232e-02;1.9750000e+02;-1.2448609e-01;1.9750000e+02;-1.6506016e-01;1.9750000e+02;-6.4658932e-02;1.9750000e+02;-2.6944976e-02;1.9750000e+02;3.2239217e-02;1.9750000e+02;1.0224481e-01;1.9750000e+02;1.7849205e-01;1.9750000e+02;2.3569807e-01;1.9750000e+02;2.6933566e-01;1.9750000e+02;3.0322847e-01;1.9750000e+02;2.9830754e-01;1.9750000e+02;2.3384908e-01;1.9750000e+02;1.5811607e-01;1.9750000e+02;9.6990526e-02;1.9750000e+02;4.7122434e-02;1.9750000e+02;2.9313713e-03;1.9750000e+02;-3.9379813e-02;1.9750000e+02;-8.2226232e-02;1.9750000e+02;-1.2448609e-01;1.9750000e+02;-1.6506016e-01;1.9750000e+02;-6.4658932e-02;1.9750000e+02;-2.6944976e-02;1.9750000e+02;3.2239217e-02;1.9750000e+02;1.0224481e-01;1.9750000e+02;1.7849205e-01;1.9750000e+02;2.3569807e-01;1.9750000e+02;2.6933566e-01;1.9750000e+02;3.0322847e-01;1.9750000e+02;2.9830754e-01;1.9750000e+02;2.3384908e-01;1.9750000e+02;1.5811607e-01;1.9750000e+02;9.6990526e-02;1.9750000e+02;4.7122434e-02;1.9750000e+02;2.9313713e-03;1.9750000e+02;-3.9379813e-02;1.9750000e+02;-8.2226232e-02;1.9750000e+02;-1.2448609e-01;1.9750000e+02;-1.6506016e-01;1.9750000e+02;-6.4658932e-02;1.9750000e+02;-2.6944976e-02;1.9750000e+02;3.2239217e-02;1.9750000e+02;1.0224481e-01;1.9750000e+02;1.7849205e-01;1.9750000e+02;2.3569807e-01;1.9750000e+02;2.6933566e-01;1.9750000e+02;3.0322847e-01;1.9750000e+02;2.9830754e-01;1.9750000e+02;2.3384908e-01;1.9750000e+02;1.5811607e-01;1.9750000e+02;9.6990526e-02;1.9750000e+02;4.7122434e-02;1.9750000e+02;2.9313713e-03;1.9750000e+02;-3.9379813e-02;1.9750000e+02;-8.2226232e-02;1.9750000e+02;-1.2448609e-01;1.9750000e+02;-1.6506016e-01;1.9750000e+02;-6.4658932e-02;1.9750000e+02;-2.6944976e-02;1.9750000e+02;3.2239217e-02;1.9750000e+02;1.0224481e-01;1.9750000e+02;1.7849205e-01;1.9750000e+02;2.3569807e-01;1.9750000e+02;2.6933566e-01;1.9750000e+02;3.0322847e-01;1.9750000e+02;2.9830754e-01;1.9750000e+02;2.3384908e-01;1.9750000e+02;1.5811607e-01;1.9750000e+02;9.6990526e-02;1.9750000e+02;4.7122434e-02;1.9750000e+02;2.9313713e-03;1.9750000e+02;-3.9379813e-02;1.9750000e+02;-8.2226232e-02;1.9750000e+02;-1.2448609e-01;1.9750000e+02;-1.6506016e-01;1.9750000e+02;-6.4658932e-02;1.9750000e+02;-2.6944976e-02;1.9750000e+02;3.2239217e-02;1.9750000e+02;1.0224481e-01;1.9750000e+02;1.7849205e-01;1.9750000e+02;2.3569807e-01;1.9750000e+02;2.6933566e-01;1.9750000e+02;3.0322847e-01;1.9750000e+02;2.9830754e-01;1.9750000e+02;2.3384908e-01;1.9750000e+02;1.5811607e-01;1.9750000e+02;9.6990526e-02;1.9750000e+02;4.7122434e-02;1.9750000e+02;2.9313713e-03;1.9750000e+02;-3.9379813e-02;1.9750000e+02;-8.2226232e-02;1.9750000e+02;-1.2448609e-01;1.9750000e+02;-1.6506016e-01;1.9750000e+02;-6.4658932e-02;1.9750000e+02;-2.6944976e-02;1.9750000e+02;3.2239217e-02;1.9750000e+02;1.0224481e-01;1.9750000e+02;1.7849205e-01;1.9750000e+02;2.3569807e-01;1.9750000e+02;2.6933566e-01;1.9750000e+02;3.0322847e-01;1.9750000e+02;2.9830754e-01;1.9750000e+02;2.3384908e-01;1.9750000e+02;1.5811607e-01;1.9750000e+02;9.6990526e-02;1.9750000e+02;4.7122434e-02;1.9750000e+02;2.9313713e-03;1.9750000e+02;-3.9379813e-02;1.9750000e+02;-8.2226232e-02;1.9750000e+02;-1.2448609e-01;1.9750000e+02;-1.6506016e-01;1.9750000e+02;-6.4658932e-02;1.9750000e+02;-2.6944976e-02;1.9750000e+02;3.2239217e-02;1.9750000e+02;1.0224481e-01;1.9750000e+02;1.7849205e-01;1.9750000e+02;2.3569807e-01;1.9750000e+02;2.6933566e-01;1.9750000e+02;3.0322847e-01;1.9750000e+02;2.9830754e-01;1.9750000e+02;2.3384908e-01;1.9750000e+02;1.5811607e-01;1.9750000e+02;9.6990526e-02;1.9750000e+02;4.7122434e-02;1.9750000e+02;2.9313713e-03;1.9750000e+02;-3.9379813e-02;1.9750000e+02;-8.2226232e-02;1.9750000e+02;-1.2448609e-01;1.9750000e+02;-1.6506016e-01;1.9750000e+02;-6.4658932e-02;1.9750000e+02;-2.6944976e-02;1.9750000e+02;3.2239217e-02;1.9750000e+02;1.0224481e-01;1.9750000e+02;1.7849205e-01;1.9750000e+02;2.3569807e-01;1.9750000e+02;2.6933566e-01;1.9750000e+02;3.0322847e-01;1.9750000e+02;2.9830754e-01;1.9750000e+02;2.3384908e-01;1.9750000e+02;1.5811607e-01;1.9750000e+02;9.6990526e-02;1.9750000e+02;4.7122434e-02;1.9750000e+02;2.9313713e-03;1.9750000e+02;-3.9379813e-02;1.9750000e+02;-8.2226232e-02;1.9750000e+02;-1.2448609e-01;1.9750000e+02;-1.6506016e-01;1.9750000e+02;-6.4658932e-02;1.9750000e+02;-2.6944976e-02;1.9750000e+02;3.2239217e-02;1.9750000e+02;1.0224481e-01;1.9750000e+02;1.7849205e-01;1.9750000e+02;2.3569807e-01;1.9750000e+02;2.6933566e-01;1.9750000e+02;3.0322847e-01;1.9750000e+02;2.9830754e-01;1.9750000e+02;2.3384908e-01;1.9750000e+02;1.5811607e-01;1.9750000e+02;9.6990526e-02;1.9750000e+02;4.7122434e-02;1.9750000e+02;2.9313713e-03;1.9750000e+02;-3.9379813e-02;1.9750000e+02;-8.2226232e-02;1.9750000e+02;-1.2448609e-01;1.9750000e+02;-1.6506016e-01;1.9750000e+02;-6.4658932e-02;1.9750000e+02;-2.6944976e-02;1.9750000e+02;3.2239217e-02;1.9750000e+02;1.0224481e-01;1.9750000e+02;1.7849205e-01;1.9750000e+02;2.3569807e-01;1.9750000e+02;2.6933566e-01;1.9750000e+02;3.0322847e-01;1.9750000e+02;2.9830754e-01;1.9750000e+02;2.3384908e-01;1.9750000e+02;1.5811607e-01;1.9750000e+02;9.6990526e-02;1.9750000e+02;4.7122434e-02;1.9750000e+02;2.9313713e-03;1.9750000e+02;-3.9379813e-02;1.9750000e+02;-8.2226232e-02;1.9750000e+02;-1.2448609e-01;1.9750000e+02;-1.6506016e-01;1.9750000e+02;-6.4658932e-02;1.9750000e+02;-2.6944976e-02;1.9750000e+02;3.2239217e-02;1.9750000e+02;1.0224481e-01;1.9750000e+02;1.7849205e-01;1.9750000e+02;2.3569807e-01;1.9750000e+02;2.6933566e-01;1.9750000e+02;3.0322847e-01;1.9750000e+02;2.9830754e-01;1.9750000e+02;2.3384908e-01;1.9750000e+02;1.5811607e-01;1.9750000e+02;9.6990526e-02;1.9750000e+02;4.7122434e-02;1.9750000e+02;2.9313713e-03;1.9750000e+02;-3.9379813e-02;1.9750000e+02;-8.2226232e-02;1.9750000e+02;-1.2448609e-01;1.9750000e+02;-1.6506016e-01;1.9750000e+02;-6.4658932e-02;1.9750000e+02;-2.6944976e-02;1.9750000e+02;3.2239217e-02;1.9750000e+02;1.0224481e-01;1.9750000e+02;1.7849205e-01;1.9750000e+02;2.3569807e-01;1.9750000e+02;2.6933566e-01;1.9750000e+02;3.0322847e-01;1.9750000e+02;2.9830754e-01;1.9750000e+02;2.3384908e-01;1.9750000e+02;1.5811607e-01;1.9750000e+02;9.6990526e-02;1.9750000e+02;4.7122434e-02;1.9750000e+02;2.9313713e-03;1.9750000e+02;-3.9379813e-02;1.9750000e+02;-8.2226232e-02;1.9750000e+02;-1.2448609e-01;1.9750000e+02;-1.6506016e-01;1.9750000e+02;-6.4658932e-02;1.9750000e+02;-2.6944976e-02;1.9750000e+02;3.2239217e-02;1.9750000e+02;1.0224481e-01;1.9750000e+02;1.7849205e-01;1.9750000e+02;2.3569807e-01;1.9750000e+02;2.6933566e-01;1.9750000e+02;3.0322847e-01;1.9750000e+02;2.9830754e-01;1.9750000e+02;2.3384908e-01;1.9750000e+02;1.5811607e-01;1.9750000e+02;9.6990526e-02;1.9750000e+02;4.7122434e-02;1.9750000e+02;2.9313713e-03;1.9750000e+02;-3.9379813e-02;1.9750000e+02;-8.2226232e-02;1.9750000e+02;-1.2448609e-01;1.9750000e+02;-1.6506016e-01;1.9750000e+02;-6.4658932e-02;1.9750000e+02;-2.6944976e-02;1.9750000e+02;3.2239217e-02;1.9750000e+02;1.0224481e-01;1.9750000e+02;1.7849205e-01;1.9750000e+02;2.3569807e-01;1.9750000e+02;2.6933566e-01;1.9750000e+02;3.0322847e-01;1.9750000e+02;2.9830754e-01;1.9750000e+02;2.3384908e-01;1.9750000e+02;1.5811607e-01;1.9750000e+02;9.6990526e-02;1.9750000e+02;4.7122434e-02;1.9750000e+02;2.9313713e-03;1.9750000e+02;-3.9379813e-02;1.9750000e+02;-8.2226232e-02;1.9750000e+02;-1.2448609e-01;1.9750000e+02;-1.6506016e-01;1.9750000e+02;-6.4658932e-02;1.9750000e+02;-2.6944976e-02;1.9750000e+02;3.2239217e-02;1.9750000e+02;1.0224481e-01;1.9750000e+02;1.7849205e-01;1.9750000e+02;2.3569807e-01;1.9750000e+02;2.6933566e-01;1.9750000e+02;3.0322847e-01;1.9750000e+02;2.9830754e-01;1.9750000e+02;2.3384908e-01;1.9750000e+02;1.5811607e-01;1.9750000e+02;9.6990526e-02;1.9750000e+02;4.7122434e-02;1.9750000e+02;2.9313713e-03;1.9750000e+02;-3.9379813e-02;1.9750000e+02;-8.2226232e-02;1.9750000e+02;-1.2448609e-01;1.9750000e+02;-1.6506016e-01;1.9750000e+02;-6.4658932e-02;1.9750000e+02;-2.6944976e-02;1.9750000e+02;3.2239217e-02;1.9750000e+02;1.0224481e-01;1.9750000e+02;1.7849205e-01;1.9750000e+02;2.3569807e-01;1.9750000e+02;2.6933566e-01;1.9750000e+02;3.0322847e-01;1.9750000e+02;2.9830754e-01;1.9750000e+02;2.3384908e-01;1.9750000e+02;1.5811607e-01;1.9750000e+02;9.6990526e-02;1.9750000e+02;4.7122434e-02;1.9750000e+02;2.9313713e-03;1.9750000e+02;-3.9379813e-02;1.9750000e+02;-8.2226232e-02;1.9750000e+02;-1.2448609e-01;1.9750000e+02;-1.6506016e-01;1.9750000e+02;-6.4658932e-02;1.9750000e+02;-2.6944976e-02;1.9750000e+02;3.2239217e-02;1.9750000e+02;1.0224481e-01;1.9750000e+02;1.7849205e-01;1.9750000e+02;2.3569807e-01;1.9750000e+02;2.6933566e-01;1.9750000e+02;3.0322847e-01;1.9750000e+02;2.9830754e-01;1.9750000e+02;2.3384908e-01;1.9750000e+02;1.5811607e-01;1.9750000e+02;9.6990526e-02;1.9750000e+02;4.7122434e-02;1.9750000e+02;2.9313713e-03;1.9750000e+02;-3.9379813e-02;1.9750000e+02;-8.2226232e-02;1.9750000e+02;-1.2448609e-01;1.9750000e+02;-1.6506016e-01;1.9750000e+02;-6.4658932e-02;1.9750000e+02;-2.6944976e-02;1.9750000e+02;3.2239217e-02;1.9750000e+02;1.0224481e-01;1.9750000e+02;1.7849205e-01;1.9750000e+02;2.3569807e-01;1.9750000e+02;2.6933566e-01;1.9750000e+02;3.0322847e-01;1.9750000e+02;2.9830754e-01;1.9750000e+02;2.3384908e-01;1.9750000e+02;1.5811607e-01;1.9750000e+02;9.6990526e-02;1.9750000e+02;4.7122434e-02;1.9750000e+02;2.9313713e-03;1.9750000e+02;-3.9379813e-02;1.9750000e+02;-8.2226232e-02;1.9750000e+02;-1.2448609e-01;1.9750000e+02;-1.6506016e-01;1.9750000e+02;-6.4658932e-02;1.9750000e+02;-2.6944976e-02;1.9750000e+02;3.2239217e-02;1.9750000e+02;1.0224481e-01;1.9750000e+02;1.7849205e-01;1.9750000e+02;2.3569807e-01;1.9750000e+02;2.6933566e-01;1.9750000e+02;3.0322847e-01;1.9750000e+02;2.9830754e-01;1.9750000e+02;2.3384908e-01;1.9750000e+02;1.5811607e-01;1.9750000e+02;9.6990526e-02;1.9750000e+02;4.7122434e-02;1.9750000e+02;2.9313713e-03;1.9750000e+02;-3.9379813e-02;1.9750000e+02;-8.2226232e-02;1.9750000e+02;-1.2448609e-01;1.9750000e+02;-1.6506016e-01;1.9750000e+02;-6.4658932e-02;1.9750000e+02;-2.6944976e-02;1.9750000e+02;3.2239217e-02;1.9750000e+02;1.0224481e-01;1.9750000e+02;1.7849205e-01;1.9750000e+02;2.3569807e-01;1.9750000e+02;2.6933566e-01;1.9750000e+02;3.0322847e-01;1.9750000e+02;2.9830754e-01;1.9750000e+02;2.3384908e-01;1.9750000e+02;1.5811607e-01;1.9750000e+02;9.6990526e-02;1.9750000e+02;4.7122434e-02;1.9750000e+02;2.9313713e-03;1.9750000e+02;-3.9379813e-02;1.9750000e+02;-8.2226232e-02;1.9750000e+02;-1.2448609e-01;1.9750000e+02;-1.6506016e-01;1.9750000e+02;-6.4658932e-02;1.9750000e+02;-2.6944976e-02;1.9750000e+02;3.2239217e-02;1.9750000e+02;1.0224481e-01;1.9750000e+02;1.7849205e-01;1.9750000e+02;2.3569807e-01;1.9750000e+02;2.6933566e-01;1.9750000e+02;3.0322847e-01;1.9750000e+02;2.9830754e-01;1.9750000e+02;2.3384908e-01;1.9750000e+02;1.5811607e-01;1.9750000e+02;9.6990526e-02;1.9750000e+02;4.7122434e-02;1.9750000e+02;2.9313713e-03;1.9750000e+02;-3.9379813e-02;1.9750000e+02;-8.2226232e-02;1.9750000e+02;-1.2448609e-01;1.9750000e+02;-1.6506016e-01;1.9750000e+02;-6.4658932e-02;1.9750000e+02;-2.6944976e-02;1.9750000e+02;3.2239217e-02;1.9750000e+02;1.0224481e-01;1.9750000e+02;1.7849205e-01;1.9750000e+02;2.3569807e-01;1.9750000e+02;2.6933566e-01;1.9750000e+02;3.0322847e-01;1.9750000e+02;2.9830754e-01;1.9750000e+02;2.3384908e-01;1.9750000e+02;1.5811607e-01;1.9750000e+02;9.6990526e-02;1.9750000e+02;4.7122434e-02;1.9750000e+02;2.9313713e-03;1.9750000e+02;-3.9379813e-02;1.9750000e+02;-8.2226232e-02;1.9750000e+02;-1.2448609e-01;1.9750000e+02;-1.6506016e-01;1.9750000e+02;-6.4658932e-02;1.9750000e+02;-2.6944976e-02;1.9750000e+02;3.2239217e-02;1.9750000e+02;1.0224481e-01;1.9750000e+02;1.7849205e-01;1.9750000e+02;2.3569807e-01;1.9750000e+02;2.6933566e-01;1.9750000e+02;3.0322847e-01;1.9750000e+02;2.9830754e-01;1.9750000e+02;2.3384908e-01;1.9750000e+02;1.5811607e-01;1.9750000e+02;9.6990526e-02;1.9750000e+02;4.7122434e-02;1.9750000e+02;2.9313713e-03;1.9750000e+02;-3.9379813e-02;1.9750000e+02;-8.2226232e-02;1.9750000e+02;-1.2448609e-01;1.9750000e+02;-1.6506016e-01;1.9750000e+02;-6.4658932e-02;1.9750000e+02;-2.6944976e-02;1.9750000e+02;3.2239217e-02;1.9750000e+02;1.0224481e-01;1.9750000e+02;1.7849205e-01;1.9750000e+02;2.3569807e-01;1.9750000e+02;2.6933566e-01;1.9750000e+02;3.0322847e-01;1.9750000e+02;2.9830754e-01;1.9750000e+02;2.3384908e-01;1.9750000e+02;1.5811607e-01;1.9750000e+02;9.6990526e-02;1.9750000e+02;4.7122434e-02;1.9750000e+02;2.9313713e-03;1.9750000e+02;-3.9379813e-02;1.9750000e+02;-8.2226232e-02;1.9750000e+02;-1.2448609e-01;1.9750000e+02;-1.6506016e-01;1.9750000e+02;-6.4658932e-02;1.9750000e+02;-2.6944976e-02;1.9750000e+02;3.2239217e-02;1.9750000e+02;1.0224481e-01;1.9750000e+02;1.7849205e-01;1.9750000e+02;2.3569807e-01;1.9750000e+02;2.6933566e-01;1.9750000e+02;3.0322847e-01;1.9750000e+02;2.9830754e-01;1.9750000e+02;2.3384908e-01;1.9750000e+02;1.5811607e-01;1.9750000e+02;9.6990526e-02;1.9750000e+02;4.7122434e-02;1.9750000e+02;2.9313713e-03;1.9750000e+02;-3.9379813e-02;1.9750000e+02;-8.2226232e-02;1.9750000e+02;-1.2448609e-01;1.9750000e+02;-1.6506016e-01;1.9750000e+02;-6.4658932e-02;1.9750000e+02;-2.6944976e-02;1.9750000e+02;3.2239217e-02;1.9750000e+02;1.0224481e-01;1.9750000e+02;1.7849205e-01;1.9750000e+02;2.3569807e-01;1.9750000e+02;2.6933566e-01;1.9750000e+02;3.0322847e-01;1.9750000e+02;2.9830754e-01;1.9750000e+02;2.3384908e-01;1.9750000e+02;1.5811607e-01;1.9750000e+02;9.6990526e-02;1.9750000e+02;4.7122434e-02;1.9750000e+02;2.9313713e-03;1.9750000e+02;-3.9379813e-02;1.9750000e+02;-8.2226232e-02;1.9750000e+02;-1.2448609e-01;1.9750000e+02;-1.6506016e-01;1.9750000e+02;-6.4658932e-02;1.9750000e+02;-2.6944976e-02;1.9750000e+02;3.2239217e-02;1.9750000e+02;1.0224481e-01;1.9750000e+02;1.7849205e-01;1.9750000e+02;2.3569807e-01;1.9750000e+02;2.6933566e-01;1.9750000e+02;3.0322847e-01;1.9750000e+02;2.9830754e-01;1.9750000e+02;2.3384908e-01;1.9750000e+02;1.5811607e-01;1.9750000e+02;9.6990526e-02;1.9750000e+02;4.7122434e-02;1.9750000e+02;2.9313713e-03;1.9750000e+02;-3.9379813e-02;1.9750000e+02;-8.2226232e-02;1.9750000e+02;-1.2448609e-01;1.9750000e+02;-1.6506016e-01;1.9750000e+02;-6.4658932e-02;1.9750000e+02;-2.6944976e-02;1.9750000e+02;3.2239217e-02;1.9750000e+02;1.0224481e-01;1.9750000e+02;1.7849205e-01;1.9750000e+02;2.3569807e-01;1.9750000e+02;2.6933566e-01;1.9750000e+02;3.0322847e-01;1.9750000e+02;2.9830754e-01;1.9750000e+02;2.3384908e-01;1.9750000e+02;1.5811607e-01;1.9750000e+02;9.6990526e-02;1.9750000e+02;4.7122434e-02;1.9750000e+02;2.9313713e-03;1.9750000e+02;-3.9379813e-02;1.9750000e+02;-8.2226232e-02;1.9750000e+02;-1.2448609e-01;1.9750000e+02;-1.6506016e-01;1.9750000e+02;-6.4658932e-02;1.9750000e+02;-2.6944976e-02;1.9750000e+02;3.2239217e-02;1.9750000e+02;1.0224481e-01;1.9750000e+02;1.7849205e-01;1.9750000e+02;2.3569807e-01;1.9750000e+02;2.6933566e-01;1.9750000e+02;3.0322847e-01;1.9750000e+02;2.9830754e-01;1.9750000e+02;2.3384908e-01;1.9750000e+02;1.5811607e-01;1.9750000e+02;9.6990526e-02;1.9750000e+02;4.7122434e-02;1.9750000e+02;2.9313713e-03;1.9750000e+02;-3.9379813e-02;1.9750000e+02;-8.2226232e-02;1.9750000e+02;-1.2448609e-01;1.9750000e+02;-1.6506016e-01;1.9750000e+02;-6.4658932e-02;1.9750000e+02;-2.6944976e-02;1.9750000e+02;3.2239217e-02;1.9750000e+02;1.0224481e-01;1.9750000e+02;1.7849205e-01;1.9750000e+02;2.3569807e-01;1.9750000e+02;2.6933566e-01;1.9750000e+02;3.0322847e-01;1.9750000e+02;2.9830754e-01;1.9750000e+02;2.3384908e-01;1.9750000e+02;1.5811607e-01;1.9750000e+02;9.6990526e-02;1.9750000e+02;4.7122434e-02;1.9750000e+02;2.9313713e-03;1.9750000e+02;-3.9379813e-02;1.9750000e+02;-8.2226232e-02;1.9750000e+02;-1.2448609e-01;1.9750000e+02;-1.6506016e-01;1.9750000e+02;-6.4658932e-02;1.9750000e+02;-2.6944976e-02;1.9750000e+02;3.2239217e-02;1.9750000e+02;1.0224481e-01;1.9750000e+02;1.7849205e-01;1.9750000e+02;2.3569807e-01;1.9750000e+02;2.6933566e-01;1.9750000e+02;3.0322847e-01;1.9750000e+02;2.9830754e-01;1.9750000e+02;2.3384908e-01;1.9750000e+02;1.5811607e-01;1.9750000e+02;9.6990526e-02;1.9750000e+02;4.7122434e-02;1.9750000e+02;2.9313713e-03;1.9750000e+02;-3.9379813e-02;1.9750000e+02;-8.2226232e-02;1.9750000e+02;-1.2448609e-01;1.9750000e+02;-1.6506016e-01;1.9750000e+02;-6.4658932e-02;1.9750000e+02;-2.6944976e-02;1.9750000e+02;3.2239217e-02;1.9750000e+02;1.0224481e-01;1.9750000e+02;1.7849205e-01;1.9750000e+02;2.3569807e-01;1.9750000e+02;2.6933566e-01;1.9750000e+02;3.0322847e-01;1.9750000e+02;2.9830754e-01;1.9750000e+02;2.3384908e-01;1.9750000e+02;1.5811607e-01;1.9750000e+02;9.6990526e-02;1.9750000e+02;4.7122434e-02;1.9750000e+02;2.9313713e-03;1.9750000e+02;-3.9379813e-02;1.9750000e+02;-8.2226232e-02;1.9750000e+02;-1.2448609e-01;1.9750000e+02;-1.6506016e-01;1.9750000e+02;-6.4658932e-02;1.9750000e+02;-2.6944976e-02;1.9750000e+02;3.2239217e-02;1.9750000e+02;1.0224481e-01;1.9750000e+02;1.7849205e-01;1.9750000e+02;2.3569807e-01;1.9750000e+02;2.6933566e-01;1.9750000e+02;3.0322847e-01;1.9750000e+02;2.9830754e-01;1.9750000e+02;2.3384908e-01;1.9750000e+02;1.5811607e-01;1.9750000e+02;9.6990526e-02;1.9750000e+02;4.7122434e-02;1.9750000e+02;2.9313713e-03;1.9750000e+02;-3.9379813e-02;1.9750000e+02;-8.2226232e-02;1.9750000e+02;-1.2448609e-01;1.9750000e+02;-1.6506016e-01;1.9750000e+02;-6.4658932e-02;1.9750000e+02;-2.6944976e-02;1.9750000e+02;3.2239217e-02;1.9750000e+02;1.0224481e-01;1.9750000e+02;1.7849205e-01;1.9750000e+02;2.3569807e-01;1.9750000e+02;2.6933566e-01;1.9750000e+02;3.0322847e-01;1.9750000e+02;2.9830754e-01;1.9750000e+02;2.3384908e-01;1.9750000e+02;1.5811607e-01;1.9750000e+02;9.6990526e-02;1.9750000e+02;4.7122434e-02;1.9750000e+02;2.9313713e-03;1.9750000e+02;-3.9379813e-02;1.9750000e+02;-8.2226232e-02;1.9750000e+02;-1.2448609e-01;1.9750000e+02;-1.6506016e-01;1.9750000e+02;-6.4658932e-02;1.9750000e+02;-2.6944976e-02;1.9750000e+02;3.2239217e-02;1.9750000e+02;1.0224481e-01;1.9750000e+02;1.7849205e-01;1.9750000e+02;2.3569807e-01;1.9750000e+02;2.6933566e-01;1.9750000e+02;3.0322847e-01;1.9750000e+02;2.9830754e-01;1.9750000e+02;2.3384908e-01;1.9750000e+02;1.5811607e-01;1.9750000e+02;9.6990526e-02;1.9750000e+02;4.7122434e-02;1.9750000e+02;2.9313713e-03;1.9750000e+02;-3.9379813e-02;1.9750000e+02;-8.2226232e-02;1.9750000e+02;-1.2448609e-01;1.9750000e+02;-1.6506016e-01;1.9750000e+02;-6.4658932e-02;1.9750000e+02;-2.6944976e-02;1.9750000e+02;3.2239217e-02;1.9750000e+02;1.0224481e-01;1.9750000e+02;1.7849205e-01;1.9750000e+02;2.3569807e-01;1.9750000e+02;2.6933566e-01;1.9750000e+02;3.0322847e-01;1.9750000e+02;2.9830754e-01;1.9750000e+02;2.3384908e-01;1.9750000e+02;1.5811607e-01;1.9750000e+02;9.6990526e-02;1.9750000e+02;4.7122434e-02;1.9750000e+02;2.9313713e-03;1.9750000e+02;-3.9379813e-02;1.9750000e+02;-8.2226232e-02;1.9750000e+02;-1.2448609e-01;1.9750000e+02;-1.6506016e-01;1.9750000e+02;-6.4658932e-02;1.9750000e+02;-2.6944976e-02;1.9750000e+02;3.2239217e-02;1.9750000e+02;1.0224481e-01;1.9750000e+02;1.7849205e-01;1.9750000e+02;2.3569807e-01;1.9750000e+02;2.6933566e-01;1.9750000e+02;3.0322847e-01;1.9750000e+02;2.9830754e-01;1.9750000e+02;2.3384908e-01;1.9750000e+02;1.5811607e-01;1.9750000e+02;9.6990526e-02;1.9750000e+02;4.7122434e-02;1.9750000e+02;2.9313713e-03;1.9750000e+02;-3.9379813e-02;1.9750000e+02;-8.2226232e-02;1.9750000e+02;-1.2448609e-01;1.9750000e+02;-1.6506016e-01;1.9750000e+02;-6.4658932e-02;1.9750000e+02;-2.6944976e-02;1.9750000e+02;3.2239217e-02;1.9750000e+02;1.0224481e-01;1.9750000e+02;1.7849205e-01;1.9750000e+02;2.3569807e-01;1.9750000e+02;2.6933566e-01;1.9750000e+02;3.0322847e-01;1.9750000e+02;2.9830754e-01;1.9750000e+02;2.3384908e-01;1.9750000e+02;1.5811607e-01;1.9750000e+02;9.6990526e-02;1.9750000e+02;4.7122434e-02;1.9750000e+02;2.9313713e-03;1.9750000e+02;-3.9379813e-02;1.9750000e+02;-8.2226232e-02;1.9750000e+02;-1.2448609e-01;1.9750000e+02;-1.6506016e-01;1.9750000e+02;-6.4658932e-02;1.9750000e+02;-2.6944976e-02;1.9750000e+02;3.2239217e-02;1.9750000e+02;1.0224481e-01;1.9750000e+02;1.7849205e-01;1.9750000e+02;2.3569807e-01;1.9750000e+02;2.6933566e-01;1.9750000e+02;3.0322847e-01;1.9750000e+02;2.9830754e-01;1.9750000e+02;2.3384908e-01;1.9750000e+02;1.5811607e-01;1.9750000e+02;9.6990526e-02;1.9750000e+02;4.7122434e-02;1.9750000e+02;2.9313713e-03;1.9750000e+02;-3.9379813e-02;1.9750000e+02;-8.2226232e-02;1.9750000e+02;-1.2448609e-01;1.9750000e+02;-1.6506016e-01;1.9750000e+02;-6.4658932e-02;1.9750000e+02;-2.6944976e-02;1.9750000e+02;3.2239217e-02;1.9750000e+02;1.0224481e-01;1.9750000e+02;1.7849205e-01;1.9750000e+02;2.3569807e-01;1.9750000e+02;2.6933566e-01;1.9750000e+02;3.0322847e-01;1.9750000e+02;2.9830754e-01;1.9750000e+02;2.3384908e-01;1.9750000e+02;1.5811607e-01;1.9750000e+02;9.6990526e-02;1.9750000e+02;4.7122434e-02;1.9750000e+02;2.9313713e-03;1.9750000e+02;-3.9379813e-02;1.9750000e+02;-8.2226232e-02;1.9750000e+02;-1.2448609e-01;1.9750000e+02;-1.6506016e-01;1.9750000e+02;-6.4658932e-02;1.9750000e+02;-2.6944976e-02;1.9750000e+02;3.2239217e-02;1.9750000e+02;1.0224481e-01;1.9750000e+02;1.7849205e-01;1.9750000e+02;2.3569807e-01;1.9750000e+02;2.6933566e-01;1.9750000e+02;3.0322847e-01;1.9750000e+02;2.9830754e-01;1.9750000e+02;2.3384908e-01;1.9750000e+02;1.5811607e-01;1.9750000e+02;9.6990526e-02;1.9750000e+02;4.7122434e-02;1.9750000e+02;2.9313713e-03;1.9750000e+02;-3.9379813e-02;1.9750000e+02;-8.2226232e-02;1.9750000e+02;-1.2448609e-01;1.9750000e+02;-1.6506016e-01;1.9750000e+02;-6.4658932e-02;1.9750000e+02;-2.6944976e-02;1.9750000e+02;3.2239217e-02;1.9750000e+02;1.0224481e-01;1.9750000e+02;1.7849205e-01;1.9750000e+02;2.3569807e-01;1.9750000e+02;2.6933566e-01;1.9750000e+02;3.0322847e-01;1.9750000e+02;2.9830754e-01;1.9750000e+02;2.3384908e-01;1.9750000e+02;1.5811607e-01;1.9750000e+02;9.6990526e-02;1.9750000e+02;4.7122434e-02;1.9750000e+02;2.9313713e-03;1.9750000e+02;-3.9379813e-02;1.9750000e+02;-8.2226232e-02;1.9750000e+02;-1.2448609e-01;1.9750000e+02;-1.6506016e-01;1.9750000e+02;-6.4658932e-02;1.9750000e+02;-2.6944976e-02;1.9750000e+02;3.2239217e-02;1.9750000e+02;1.0224481e-01;1.9750000e+02;1.7849205e-01;1.9750000e+02;2.3569807e-01;1.9750000e+02;2.6933566e-01;1.9750000e+02;3.0322847e-01;1.9750000e+02;2.9830754e-01;1.9750000e+02;2.3384908e-01;1.9750000e+02;1.5811607e-01;1.9750000e+02;9.6990526e-02;1.9750000e+02;4.7122434e-02;1.9750000e+02;2.9313713e-03;1.9750000e+02;-3.9379813e-02;1.9750000e+02;-8.2226232e-02;1.9750000e+02;-1.2448609e-01;1.9750000e+02;-1.6506016e-01;1.9750000e+02;-6.4658932e-02;1.9750000e+02;-2.6944976e-02;1.9750000e+02;3.2239217e-02;1.9750000e+02;1.0224481e-01;1.9750000e+02;1.7849205e-01;1.9750000e+02;2.3569807e-01;1.9750000e+02;2.6933566e-01;1.9750000e+02;3.0322847e-01;1.9750000e+02;2.9830754e-01;1.9750000e+02;2.3384908e-01;1.9750000e+02;1.5811607e-01;1.9750000e+02;9.6990526e-02;1.9750000e+02;4.7122434e-02;1.9750000e+02;2.9313713e-03;1.9750000e+02;-3.9379813e-02;1.9750000e+02;-8.2226232e-02;1.9750000e+02;-1.2448609e-01;1.9750000e+02;-1.6506016e-01;1.9750000e+02;-6.4658932e-02;1.9750000e+02;-2.6944976e-02;1.9750000e+02;3.2239217e-02;1.9750000e+02;1.0224481e-01;1.9750000e+02;1.7849205e-01;1.9750000e+02;2.3569807e-01;1.9750000e+02;2.6933566e-01;1.9750000e+02;3.0322847e-01;1.9750000e+02;2.9830754e-01;1.9750000e+02;2.3384908e-01;1.9750000e+02;1.5811607e-01;1.9750000e+02;9.6990526e-02;1.9750000e+02;4.7122434e-02;1.9750000e+02;2.9313713e-03;1.9750000e+02;-3.9379813e-02;1.9750000e+02;-8.2226232e-02;1.9750000e+02;-1.2448609e-01;1.9750000e+02;-1.6506016e-01;1.9750000e+02;-6.4658932e-02;1.9750000e+02;-2.6944976e-02;1.9750000e+02;3.2239217e-02;1.9750000e+02;1.0224481e-01;1.9750000e+02;1.7849205e-01;1.9750000e+02;2.3569807e-01;1.9750000e+02;2.6933566e-01;1.9750000e+02;3.0322847e-01;1.9750000e+02;2.9830754e-01;1.9750000e+02;2.3384908e-01;1.9750000e+02;1.5811607e-01;1.9750000e+02;9.6990526e-02;1.9750000e+02;4.7122434e-02;1.9750000e+02;2.9313713e-03;1.9750000e+02;-3.9379813e-02;1.9750000e+02;-8.2226232e-02;1.9750000e+02;-1.2448609e-01;1.9750000e+02;-1.6506016e-01;1.9750000e+02;-6.4658932e-02;1.9750000e+02;-2.6944976e-02;1.9750000e+02;3.2239217e-02;1.9750000e+02;1.0224481e-01;1.9750000e+02;1.7849205e-01;1.9750000e+02;2.3569807e-01;1.9750000e+02;2.6933566e-01;1.9750000e+02;3.0322847e-01;1.9750000e+02;2.9830754e-01;1.9750000e+02;2.3384908e-01;1.9750000e+02;1.5811607e-01;1.9750000e+02;9.6990526e-02;1.9750000e+02;4.7122434e-02;1.9750000e+02;2.9313713e-03;1.9750000e+02;-3.9379813e-02;1.9750000e+02;-8.2226232e-02;1.9750000e+02;-1.2448609e-01;1.9750000e+02;-1.6506016e-01;1.9750000e+02;-6.4658932e-02;1.9750000e+02;-2.6944976e-02;1.9750000e+02;3.2239217e-02;1.9750000e+02;1.0224481e-01;1.9750000e+02;1.7849205e-01;1.9750000e+02;2.3569807e-01;1.9750000e+02;2.6933566e-01;1.9750000e+02;3.0322847e-01;1.9750000e+02;2.9830754e-01;1.9750000e+02;2.3384908e-01;1.9750000e+02;1.5811607e-01;1.9750000e+02;9.6990526e-02;1.9750000e+02;4.7122434e-02;1.9750000e+02;2.9313713e-03;1.9750000e+02;-3.9379813e-02;1.9750000e+02;-8.2226232e-02;1.9750000e+02;-1.2448609e-01;1.9750000e+02;-1.6506016e-01;1.9750000e+02;-6.4658932e-02;1.9750000e+02;-2.6944976e-02;1.9750000e+02;3.2239217e-02;1.9750000e+02;1.0224481e-01;1.9750000e+02;1.7849205e-01;1.9750000e+02;2.3569807e-01;1.9750000e+02;2.6933566e-01;1.9750000e+02;3.0322847e-01;1.9750000e+02;2.9830754e-01;1.9750000e+02;2.3384908e-01;1.9750000e+02;1.5811607e-01;1.9750000e+02;9.6990526e-02;1.9750000e+02;4.7122434e-02;1.9750000e+02;2.9313713e-03;1.9750000e+02;-3.9379813e-02;1.9750000e+02;-8.2226232e-02;1.9750000e+02;-1.2448609e-01;1.9750000e+02;-1.6506016e-01;1.9750000e+02;-6.4658932e-02;1.9750000e+02;-2.6944976e-02;1.9750000e+02;3.2239217e-02;1.9750000e+02;1.0224481e-01;1.9750000e+02;1.7849205e-01;1.9750000e+02;2.3569807e-01;1.9750000e+02;2.6933566e-01;1.9750000e+02;3.0322847e-01;1.9750000e+02;2.9830754e-01;1.9750000e+02;2.3384908e-01;1.9750000e+02;1.5811607e-01;1.9750000e+02;9.6990526e-02;1.9750000e+02;4.7122434e-02;1.9750000e+02;2.9313713e-03;1.9750000e+02;-3.9379813e-02;1.9750000e+02;-8.2226232e-02;1.9750000e+02;-1.2448609e-01;1.9750000e+02;-1.6506016e-01;1.9750000e+02;-6.4658932e-02;1.9750000e+02;-2.6944976e-02;1.9750000e+02;3.2239217e-02;1.9750000e+02;1.0224481e-01;1.9750000e+02;1.7849205e-01;1.9750000e+02;2.3569807e-01;1.9750000e+02;2.6933566e-01;1.9750000e+02;3.0322847e-01;1.9750000e+02;2.9830754e-01;1.9750000e+02;2.3384908e-01;1.9750000e+02;1.5811607e-01;1.9750000e+02;9.6990526e-02;1.9750000e+02;4.7122434e-02;1.9750000e+02;2.9313713e-03;1.9750000e+02;-3.9379813e-02;1.9750000e+02;-8.2226232e-02;1.9750000e+02;-1.2448609e-01;1.9750000e+02;-1.6506016e-01;1.9750000e+02;-6.4658932e-02;1.9750000e+02;-2.6944976e-02;1.9750000e+02;3.2239217e-02;1.9750000e+02;1.0224481e-01;1.9750000e+02;1.7849205e-01;1.9750000e+02;2.3569807e-01;1.9750000e+02;2.6933566e-01;1.9750000e+02;3.0322847e-01;1.9750000e+02;2.9830754e-01;1.9750000e+02;2.3384908e-01;1.9750000e+02;1.5811607e-01;1.9750000e+02;9.6990526e-02;1.9750000e+02;4.7122434e-02;1.9750000e+02;2.9313713e-03;1.9750000e+02;-3.9379813e-02;1.9750000e+02;-8.2226232e-02;1.9750000e+02;-1.2448609e-01;1.9750000e+02;-1.6506016e-01;1.9750000e+02;-6.4658932e-02;1.9750000e+02;-2.6944976e-02;1.9750000e+02;3.2239217e-02;1.9750000e+02;1.0224481e-01;1.9750000e+02;1.7849205e-01;1.9750000e+02;2.3569807e-01;1.9750000e+02;2.6933566e-01;1.9750000e+02;3.0322847e-01;1.9750000e+02;2.9830754e-01;1.9750000e+02;2.3384908e-01;1.9750000e+02;1.5811607e-01;1.9750000e+02;9.6990526e-02;1.9750000e+02;4.7122434e-02;1.9750000e+02;2.9313713e-03;1.9750000e+02;-3.9379813e-02;1.9750000e+02;-8.2226232e-02;1.9750000e+02;-1.2448609e-01;1.9750000e+02;-1.6506016e-01;1.9750000e+02;-6.4658932e-02;1.9750000e+02;-2.6944976e-02;1.9750000e+02;3.2239217e-02;1.9750000e+02;1.0224481e-01;1.9750000e+02;1.7849205e-01;1.9750000e+02;2.3569807e-01;1.9750000e+02;2.6933566e-01;1.9750000e+02;3.0322847e-01;1.9750000e+02;2.9830754e-01;1.9750000e+02;2.3384908e-01;1.9750000e+02;1.5811607e-01;1.9750000e+02;9.6990526e-02;1.9750000e+02;4.7122434e-02;1.9750000e+02;2.9313713e-03;1.9750000e+02;-3.9379813e-02;1.9750000e+02;-8.2226232e-02;1.9750000e+02;-1.2448609e-01;1.9750000e+02;-1.6506016e-01;1.9750000e+02;-6.4658932e-02;1.9750000e+02;-2.6944976e-02;1.9750000e+02;3.2239217e-02;1.9750000e+02;1.0224481e-01;1.9750000e+02;1.7849205e-01;1.9750000e+02;2.3569807e-01;1.9750000e+02;2.6933566e-01;1.9750000e+02;3.0322847e-01;1.9750000e+02;2.9830754e-01;1.9750000e+02;2.3384908e-01;1.9750000e+02;1.5811607e-01;1.9750000e+02;9.6990526e-02;1.9750000e+02;4.7122434e-02;1.9750000e+02;2.9313713e-03;1.9750000e+02;-3.9379813e-02;1.9750000e+02;-8.2226232e-02;1.9750000e+02;-1.2448609e-01;1.9750000e+02;-1.6506016e-01;1.9750000e+02;-6.4658932e-02;1.9750000e+02;-2.6944976e-02;1.9750000e+02;3.2239217e-02;1.9750000e+02;1.0224481e-01;1.9750000e+02;1.7849205e-01;1.9750000e+02;2.3569807e-01;1.9750000e+02;2.6933566e-01;1.9750000e+02;3.0322847e-01;1.9750000e+02;2.9830754e-01;1.9750000e+02;2.3384908e-01;1.9750000e+02;1.5811607e-01;1.9750000e+02;9.6990526e-02;1.9750000e+02;4.7122434e-02;1.9750000e+02;2.9313713e-03;1.9750000e+02;-3.9379813e-02;1.9750000e+02;-8.2226232e-02;1.9750000e+02;-1.2448609e-01;1.9750000e+02;-1.6506016e-01;1.9750000e+02;-6.4658932e-02;1.9750000e+02;-2.6944976e-02;1.9750000e+02;3.2239217e-02;1.9750000e+02;1.0224481e-01;1.9750000e+02;1.7849205e-01;1.9750000e+02;2.3569807e-01;1.9750000e+02;2.6933566e-01;1.9750000e+02;3.0322847e-01;1.9750000e+02;2.9830754e-01;1.9750000e+02;2.3384908e-01;1.9750000e+02;1.5811607e-01;1.9750000e+02;9.6990526e-02;1.9750000e+02;4.7122434e-02;1.9750000e+02;2.9313713e-03;1.9750000e+02;-3.9379813e-02;1.9750000e+02;-8.2226232e-02;1.9750000e+02;-1.2448609e-01;1.9750000e+02;-1.6506016e-01;1.9750000e+02;-6.4658932e-02;1.9750000e+02;-2.6944976e-02;1.9750000e+02;3.2239217e-02;1.9750000e+02;1.0224481e-01;1.9750000e+02;1.7849205e-01;1.9750000e+02;2.3569807e-01;1.9750000e+02;2.6933566e-01;1.9750000e+02;3.0322847e-01;1.9750000e+02;2.9830754e-01;1.9750000e+02;2.3384908e-01;1.9750000e+02;1.5811607e-01;1.9750000e+02;9.6990526e-02;1.9750000e+02;4.7122434e-02;1.9750000e+02;2.9313713e-03;1.9750000e+02;-3.9379813e-02;1.9750000e+02;-8.2226232e-02;1.9750000e+02;-1.2448609e-01;1.9750000e+02;-1.6506016e-01;1.9750000e+02;-6.4658932e-02;1.9750000e+02;-2.6944976e-02;1.9750000e+02;3.2239217e-02;1.9750000e+02;1.0224481e-01;1.9750000e+02;1.7849205e-01;1.9750000e+02;2.3569807e-01;1.9750000e+02;2.6933566e-01;1.9750000e+02;3.0322847e-01;1.9750000e+02;2.9830754e-01;1.9750000e+02;2.3384908e-01;1.9750000e+02;1.5811607e-01;1.9750000e+02;9.6990526e-02;1.9750000e+02;4.7122434e-02;1.9750000e+02;2.9313713e-03;1.9750000e+02;-3.9379813e-02;1.9750000e+02;-8.2226232e-02;1.9750000e+02;-1.2448609e-01;1.9750000e+02;-1.6506016e-01;1.9750000e+02;-6.4658932e-02;1.9750000e+02;-2.6944976e-02;1.9750000e+02;3.2239217e-02;1.9750000e+02;1.0224481e-01;1.9750000e+02;1.7849205e-01;1.9750000e+02;2.3569807e-01;1.9750000e+02;2.6933566e-01;1.9750000e+02;3.0322847e-01;1.9750000e+02;2.9830754e-01;1.9750000e+02;2.3384908e-01;1.9750000e+02;1.5811607e-01;1.9750000e+02;9.6990526e-02;1.9750000e+02;4.7122434e-02;1.9750000e+02;2.9313713e-03;1.9750000e+02;-3.9379813e-02;1.9750000e+02;-8.2226232e-02;1.9750000e+02;-1.2448609e-01;1.9750000e+02;-1.6506016e-01;1.9750000e+02;-6.4658932e-02;1.9750000e+02;-2.6944976e-02;1.9750000e+02;3.2239217e-02;1.9750000e+02;1.0224481e-01;1.9750000e+02;1.7849205e-01;1.9750000e+02;2.3569807e-01;1.9750000e+02;2.6933566e-01;1.9750000e+02;3.0322847e-01;1.9750000e+02;2.9830754e-01;1.9750000e+02;2.3384908e-01;1.9750000e+02;1.5811607e-01;1.9750000e+02;9.6990526e-02;1.9750000e+02;4.7122434e-02;1.9750000e+02;2.9313713e-03;1.9750000e+02;-3.9379813e-02;1.9750000e+02;-8.2226232e-02;1.9750000e+02;-1.2448609e-01;1.9750000e+02;-1.6506016e-01;1.9750000e+02;-6.4658932e-02;1.9750000e+02;-2.6944976e-02;1.9750000e+02;3.2239217e-02;1.9750000e+02;1.0224481e-01;1.9750000e+02;1.7849205e-01;1.9750000e+02;2.3569807e-01;1.9750000e+02;2.6933566e-01;1.9750000e+02;3.0322847e-01;1.9750000e+02;2.9830754e-01;1.9750000e+02;2.3384908e-01;1.9750000e+02;1.5811607e-01;1.9750000e+02;9.6990526e-02;1.9750000e+02;4.7122434e-02;1.9750000e+02;2.9313713e-03;1.9750000e+02;-3.9379813e-02;1.9750000e+02;-8.2226232e-02;1.9750000e+02;-1.2448609e-01;1.9750000e+02;-1.6506016e-01;1.9750000e+02;-6.4658932e-02;1.9750000e+02;-2.6944976e-02;1.9750000e+02;3.2239217e-02;1.9750000e+02;1.0224481e-01;1.9750000e+02;1.7849205e-01;1.9750000e+02;2.3569807e-01;1.9750000e+02;2.6933566e-01;1.9750000e+02;3.0322847e-01;1.9750000e+02;2.9830754e-01;1.9750000e+02;2.3384908e-01;1.9750000e+02;1.5811607e-01;1.9750000e+02;9.6990526e-02;1.9750000e+02;4.7122434e-02;1.9750000e+02;2.9313713e-03;1.9750000e+02;-3.9379813e-02;1.9750000e+02;-8.2226232e-02;1.9750000e+02;-1.2448609e-01;1.9750000e+02;-1.6506016e-01;1.9750000e+02;-6.4658932e-02;1.9750000e+02;-2.6944976e-02;1.9750000e+02;3.2239217e-02;1.9750000e+02;1.0224481e-01;1.9750000e+02;1.7849205e-01;1.9750000e+02;2.3569807e-01;1.9750000e+02;2.6933566e-01;1.9750000e+02;3.0322847e-01;1.9750000e+02;2.9830754e-01;1.9750000e+02;2.3384908e-01;1.9750000e+02;1.5811607e-01;1.9750000e+02;9.6990526e-02;1.9750000e+02;4.7122434e-02;1.9750000e+02;2.9313713e-03;1.9750000e+02;-3.9379813e-02;1.9750000e+02;-8.2226232e-02;1.9750000e+02;-1.2448609e-01;1.9750000e+02;-1.6506016e-01;1.9750000e+02;-6.4658932e-02;1.9750000e+02;-2.6944976e-02;1.9750000e+02;3.2239217e-02;1.9750000e+02;1.0224481e-01;1.9750000e+02;1.7849205e-01;1.9750000e+02;2.3569807e-01;1.9750000e+02;2.6933566e-01;1.9750000e+02;3.0322847e-01;1.9750000e+02;2.9830754e-01;1.9750000e+02;2.3384908e-01;1.9750000e+02;1.5811607e-01;1.9750000e+02;9.6990526e-02;1.9750000e+02;4.7122434e-02;1.9750000e+02;2.9313713e-03;1.9750000e+02;-3.9379813e-02;1.9750000e+02;-8.2226232e-02;1.9750000e+02;-1.2448609e-01;1.9750000e+02;-1.6506016e-01;1.9750000e+02;-6.4658932e-02;1.9750000e+02;-2.6944976e-02;1.9750000e+02;3.2239217e-02;1.9750000e+02;1.0224481e-01;1.9750000e+02;1.7849205e-01;1.9750000e+02;2.3569807e-01;1.9750000e+02;2.6933566e-01;1.9750000e+02;3.0322847e-01;1.9750000e+02;2.9830754e-01;1.9750000e+02;2.3384908e-01;1.9750000e+02;1.5811607e-01;1.9750000e+02;9.6990526e-02;1.9750000e+02;4.7122434e-02;1.9750000e+02;2.9313713e-03;1.9750000e+02;-3.9379813e-02;1.9750000e+02;-8.2226232e-02;1.9750000e+02;-1.2448609e-01;1.9750000e+02;-1.6506016e-01;1.9750000e+02;-6.4658932e-02;1.9750000e+02;-2.6944976e-02;1.9750000e+02;3.2239217e-02;1.9750000e+02;1.0224481e-01;1.9750000e+02;1.7849205e-01;1.9750000e+02;2.3569807e-01;1.9750000e+02;2.6933566e-01;1.9750000e+02;3.0322847e-01;1.9750000e+02;2.9830754e-01;1.9750000e+02;2.3384908e-01;1.9750000e+02;1.5811607e-01;1.9750000e+02;9.6990526e-02;1.9750000e+02;4.7122434e-02;1.9750000e+02;2.9313713e-03;1.9750000e+02;-3.9379813e-02;1.9750000e+02;-8.2226232e-02;1.9750000e+02;-1.2448609e-01;1.9750000e+02;-1.6506016e-01;1.9750000e+02;-6.4658932e-02;1.9750000e+02;-2.6944976e-02;1.9750000e+02;3.2239217e-02;1.9750000e+02;1.0224481e-01;1.9750000e+02;1.7849205e-01;1.9750000e+02;2.3569807e-01;1.9750000e+02;2.6933566e-01;1.9750000e+02;3.0322847e-01;1.9750000e+02;2.9830754e-01;1.9750000e+02;2.3384908e-01;1.9750000e+02;1.5811607e-01;1.9750000e+02;9.6990526e-02;1.9750000e+02;4.7122434e-02;1.9750000e+02;2.9313713e-03;1.9750000e+02;-3.9379813e-02;1.9750000e+02;-8.2226232e-02;1.9750000e+02;-1.2448609e-01;1.9750000e+02;-1.6506016e-01;1.9750000e+02;-6.4658932e-02;1.9750000e+02;-2.6944976e-02;1.9750000e+02;3.2239217e-02;1.9750000e+02;1.0224481e-01;1.9750000e+02;1.7849205e-01;1.9750000e+02;2.3569807e-01;1.9750000e+02;2.6933566e-01;1.9750000e+02;3.0322847e-01;1.9750000e+02;2.9830754e-01;1.9750000e+02;2.3384908e-01;1.9750000e+02;1.5811607e-01;1.9750000e+02;9.6990526e-02;1.9750000e+02;4.7122434e-02;1.9750000e+02;2.9313713e-03;1.9750000e+02;-3.9379813e-02;1.9750000e+02;-8.2226232e-02;1.9750000e+02;-1.2448609e-01;1.9750000e+02;-1.6506016e-01;1.9750000e+02;-6.4658932e-02;1.9750000e+02;-2.6944976e-02;1.9750000e+02;3.2239217e-02;1.9750000e+02;1.0224481e-01;1.9750000e+02;1.7849205e-01;1.9750000e+02;2.3569807e-01;1.9750000e+02;2.6933566e-01;1.9750000e+02;3.0322847e-01;1.9750000e+02;2.9830754e-01;1.9750000e+02;2.3384908e-01;1.9750000e+02;1.5811607e-01;1.9750000e+02;9.6990526e-02;1.9750000e+02;4.7122434e-02;1.9750000e+02;2.9313713e-03;1.9750000e+02;-3.9379813e-02;1.9750000e+02;-8.2226232e-02;1.9750000e+02;-1.2448609e-01;1.9750000e+02;-1.6506016e-01;1.9750000e+02;-6.4658932e-02;1.9750000e+02;-2.6944976e-02;1.9750000e+02;3.2239217e-02;1.9750000e+02;1.0224481e-01;1.9750000e+02;1.7849205e-01;1.9750000e+02;2.3569807e-01;1.9750000e+02;2.6933566e-01;1.9750000e+02;3.0322847e-01;1.9750000e+02;2.9830754e-01;1.9750000e+02;2.3384908e-01;1.9750000e+02;1.5811607e-01;1.9750000e+02;9.6990526e-02;1.9750000e+02;4.7122434e-02;1.9750000e+02;2.9313713e-03;1.9750000e+02;-3.9379813e-02;1.9750000e+02;-8.2226232e-02;1.9750000e+02;-1.2448609e-01;1.9750000e+02;-1.6506016e-01;1.9750000e+02;-6.4658932e-02;1.9750000e+02;-2.6944976e-02;1.9750000e+02;3.2239217e-02;1.9750000e+02;1.0224481e-01;1.9750000e+02;1.7849205e-01;1.9750000e+02;2.3569807e-01;1.9750000e+02;2.6933566e-01;1.9750000e+02;3.0322847e-01;1.9750000e+02;2.9830754e-01;1.9750000e+02;2.3384908e-01;1.9750000e+02;1.5811607e-01;1.9750000e+02;9.6990526e-02;1.9750000e+02;4.7122434e-02;1.9750000e+02;2.9313713e-03;1.9750000e+02;-3.9379813e-02;1.9750000e+02;-8.2226232e-02;1.9750000e+02;-1.2448609e-01;1.9750000e+02;-1.6506016e-01;1.9750000e+02;-6.4658932e-02;1.9750000e+02;-2.6944976e-02;1.9750000e+02;3.2239217e-02;1.9750000e+02;1.0224481e-01;1.9750000e+02;1.7849205e-01;1.9750000e+02;2.3569807e-01;1.9750000e+02;2.6933566e-01;1.9750000e+02;3.0322847e-01;1.9750000e+02;2.9830754e-01;1.9750000e+02;2.3384908e-01;1.9750000e+02;1.5811607e-01;1.9750000e+02;9.6990526e-02;1.9750000e+02;4.7122434e-02;1.9750000e+02;2.9313713e-03;1.9750000e+02;-3.9379813e-02;1.9750000e+02;-8.2226232e-02;1.9750000e+02;-1.2448609e-01;1.9750000e+02;-1.6506016e-01;1.9750000e+02;-6.4658932e-02;1.9750000e+02;-2.6944976e-02;1.9750000e+02;3.2239217e-02;1.9750000e+02;1.0224481e-01;1.9750000e+02;1.7849205e-01;1.9750000e+02;2.3569807e-01;1.9750000e+02;2.6933566e-01;1.9750000e+02;3.0322847e-01;1.9750000e+02;2.9830754e-01;1.9750000e+02;2.3384908e-01;1.9750000e+02;1.5811607e-01;1.9750000e+02;9.6990526e-02;1.9750000e+02;4.7122434e-02;1.9750000e+02;2.9313713e-03;1.9750000e+02;-3.9379813e-02;1.9750000e+02;-8.2226232e-02;1.9750000e+02;-1.2448609e-01;1.9750000e+02;-1.6506016e-01;1.9750000e+02;-6.4658932e-02;1.9750000e+02;-2.6944976e-02;1.9750000e+02;3.2239217e-02;1.9750000e+02;1.0224481e-01;1.9750000e+02;1.7849205e-01;1.9750000e+02;2.3569807e-01;1.9750000e+02;2.6933566e-01;1.9750000e+02;3.0322847e-01;1.9750000e+02;2.9830754e-01;1.9750000e+02;2.3384908e-01;1.9750000e+02;1.5811607e-01;1.9750000e+02;9.6990526e-02;1.9750000e+02;4.7122434e-02;1.9750000e+02;2.9313713e-03;1.9750000e+02;-3.9379813e-02;1.9750000e+02;-8.2226232e-02;1.9750000e+02;-1.2448609e-01;1.9750000e+02;-1.6506016e-01;1.9750000e+02;-6.4658932e-02;1.9750000e+02;-2.6944976e-02;1.9750000e+02;3.2239217e-02;1.9750000e+02;1.0224481e-01;1.9750000e+02;1.7849205e-01;1.9750000e+02;2.3569807e-01;1.9750000e+02;2.6933566e-01;1.9750000e+02;3.0322847e-01;1.9750000e+02;2.9830754e-01;1.9750000e+02;2.3384908e-01;1.9750000e+02;1.5811607e-01;1.9750000e+02;9.6990526e-02;1.9750000e+02;4.7122434e-02;1.9750000e+02;2.9313713e-03;1.9750000e+02;-3.9379813e-02;1.9750000e+02;-8.2226232e-02;1.9750000e+02;-1.2448609e-01;1.9750000e+02;-1.6506016e-01;1.9750000e+02;-6.4658932e-02;1.9750000e+02;-2.6944976e-02;1.9750000e+02;3.2239217e-02;1.9750000e+02;1.0224481e-01;1.9750000e+02;1.7849205e-01;1.9750000e+02;2.3569807e-01;1.9750000e+02;2.6933566e-01;1.9750000e+02;3.0322847e-01;1.9750000e+02;2.9830754e-01;1.9750000e+02;2.3384908e-01;1.9750000e+02;1.5811607e-01;1.9750000e+02;9.6990526e-02;1.9750000e+02;4.7122434e-02;1.9750000e+02;2.9313713e-03;1.9750000e+02;-3.9379813e-02;1.9750000e+02;-8.2226232e-02;1.9750000e+02;-1.2448609e-01;1.9750000e+02;-1.6506016e-01;1.9750000e+02;-6.4658932e-02;1.9750000e+02;-2.6944976e-02;1.9750000e+02;3.2239217e-02;1.9750000e+02;1.0224481e-01;1.9750000e+02;1.7849205e-01;1.9750000e+02;2.3569807e-01;1.9750000e+02;2.6933566e-01;1.9750000e+02;3.0322847e-01;1.9750000e+02;2.9830754e-01;1.9750000e+02;2.3384908e-01;1.9750000e+02;1.5811607e-01;1.9750000e+02;9.6990526e-02;1.9750000e+02;4.7122434e-02;1.9750000e+02;2.9313713e-03;1.9750000e+02;-3.9379813e-02;1.9750000e+02;-8.2226232e-02;1.9750000e+02;-1.2448609e-01;1.9750000e+02;-1.6506016e-01;1.9750000e+02;-6.4658932e-02;1.9750000e+02;-2.6944976e-02;1.9750000e+02;3.2239217e-02;1.9750000e+02;1.0224481e-01;1.9750000e+02;1.7849205e-01;1.9750000e+02;2.3569807e-01;1.9750000e+02;2.6933566e-01;1.9750000e+02;3.0322847e-01;1.9750000e+02;2.9830754e-01;1.9750000e+02;2.3384908e-01;1.9750000e+02;1.5811607e-01;1.9750000e+02;9.6990526e-02;1.9750000e+02;4.7122434e-02;1.9750000e+02;2.9313713e-03;1.9750000e+02;-3.9379813e-02;1.9750000e+02;-8.2226232e-02;1.9750000e+02;-1.2448609e-01;1.9750000e+02;-1.6506016e-01;1.9750000e+02;-6.4658932e-02;1.9750000e+02;-2.6944976e-02;1.9750000e+02;3.2239217e-02;1.9750000e+02;1.0224481e-01;1.9750000e+02;1.7849205e-01;1.9750000e+02;2.3569807e-01;1.9750000e+02;2.6933566e-01;1.9750000e+02;3.0322847e-01;1.9750000e+02;2.9830754e-01;1.9750000e+02;2.3384908e-01;1.9750000e+02;1.5811607e-01;1.9750000e+02;9.6990526e-02;1.9750000e+02;4.7122434e-02;1.9750000e+02;2.9313713e-03;1.9750000e+02;-3.9379813e-02;1.9750000e+02;-8.2226232e-02;1.9750000e+02;-1.2448609e-01;1.9750000e+02;-1.6506016e-01
2.0250000e+02;-7.2280861e-02;2.0250000e+02;-3.9912835e-02;2.0250000e+02;1.6733956e-02;2.0250000e+02;8.1687979e-02;2.0250000e+02;1.5556861e-01;2.0250000e+02;2.1363959e-01;2.0250000e+02;2.5568026e-01;2.0250000e+02;2.8610894e-01;2.0250000e+02;2.7614221e-01;2.0250000e+02;2.2770052e-01;2.0250000e+02;1.4977156e-01;2.0250000e+02;8.6230949e-02;2.0250000e+02;3.4735397e-02;2.0250000e+02;-1.0657266e-02;2.0250000e+02;-5.3682394e-02;2.0250000e+02;-9.6565515e-02;2.0250000e+02;-1.3893887e-01;2.0250000e+02;-1.8011746e-01;2.0250000e+02;-7.2280861e-02;2.0250000e+02;-3.9912835e-02;2.0250000e+02;1.6733956e-02;2.0250000e+02;8.1687979e-02;2.0250000e+02;1.5556861e-01;2.0250000e+02;2.1363959e-01;2.0250000e+02;2.5568026e-01;2.0250000e+02;2.8610894e-01;2.0250000e+02;2.7614221e-01;2.0250000e+02;2.2770052e-01;2.0250000e+02;1.4977156e-01;2.0250000e+02;8.6230949e-02;2.0250000e+02;3.4735397e-02;2.0250000e+02;-1.0657266e-02;2.0250000e+02;-5.3682394e-02;2.0250000e+02;-9.6565515e-02;2.0250000e+02;-1.3893887e-01;2.0250000e+02;-1.8011746e-01;2.0250000e+02;-7.2280861e-02;2.0250000e+02;-3.9912835e-02;2.0250000e+02;1.6733956e-02;2.0250000e+02;8.1687979e-02;2.0250000e+02;1.5556861e-01;2.0250000e+02;2.1363959e-01;2.0250000e+02;2.5568026e-01;2.0250000e+02;2.8610894e-01;2.0250000e+02;2.7614221e-01;2.0250000e+02;2.2770052e-01;2.0250000e+02;1.4977156e-01;2.0250000e+02;8.6230949e-02;2.0250000e+02;3.4735397e-02;2.0250000e+02;-1.0657266e-02;2.0250000e+02;-5.3682394e-02;2.0250000e+02;-9.6565515e-02;2.0250000e+02;-1.3893887e-01;2.0250000e+02;-1.8011746e-01;2.0250000e+02;-7.2280861e-02;2.0250000e+02;-3.9912835e-02;2.0250000e+02;1.6733956e-02;2.0250000e+02;8.1687979e-02;2.0250000e+02;1.5556861e-01;2.0250000e+02;2.1363959e-01;2.0250000e+02;2.5568026e-01;2.0250000e+02;2.8610894e-01;2.0250000e+02;2.7614221e-01;2.0250000e+02;2.2770052e-01;2.0250000e+02;1.4977156e-01;2.0250000e+02;8.6230949e-02;2.0250000e+02;3.4735397e-02;2.0250000e+02;-1.0657266e-02;2.0250000e+02;-5.3682394e-02;2.0250000e+02;-9.6565515e-02;2.0250000e+02;-1.3893887e-01;2.0250000e+02;-1.8011746e-01;2.0250000e+02;-7.2280861e-02;2.0250000e+02;-3.9912835e-02;2.0250000e+02;1.6733956e-02;2.0250000e+02;8.1687979e-02;2.0250000e+02;1.5556861e-01;2.0250000e+02;2.1363959e-01;2.0250000e+02;2.5568026e-01;2.0250000e+02;2.8610894e-01;2.0250000e+02;2.7614221e-01;2.0250000e+02;2.2770052e-01;2.0250000e+02;1.4977156e-01;2.0250000e+02;8.6230949e-02;2.0250000e+02;3.4735397e-02;2.0250000e+02;-1.0657266e-02;2.0250000e+02;-5.3682394e-02;2.0250000e+02;-9.6565515e-02;2.0250000e+02;-1.3893887e-01;2.0250000e+02;-1.8011746e-01;2.0250000e+02;-7.2280861e-02;2.0250000e+02;-3.9912835e-02;2.0250000e+02;1.6733956e-02;2.0250000e+02;8.1687979e-02;2.0250000e+02;1.5556861e-01;2.0250000e+02;2.1363959e-01;2.0250000e+02;2.5568026e-01;2.0250000e+02;2.8610894e-01;2.0250000e+02;2.7614221e-01;2.0250000e+02;2.2770052e-01;2.0250000e+02;1.4977156e-01;2.0250000e+02;8.6230949e-02;2.0250000e+02;3.4735397e-02;2.0250000e+02;-1.0657266e-02;2.0250000e+02;-5.3682394e-02;2.0250000e+02;-9.6565515e-02;2.0250000e+02;-1.3893887e-01;2.0250000e+02;-1.8011746e-01;2.0250000e+02;-7.2280861e-02;2.0250000e+02;-3.9912835e-02;2.0250000e+02;1.6733956e-02;2.0250000e+02;8.1687979e-02;2.0250000e+02;1.5556861e-01;2.0250000e+02;2.1363959e-01;2.0250000e+02;2.5568026e-01;2.0250000e+02;2.8610894e-01;2.0250000e+02;2.7614221e-01;2.0250000e+02;2.2770052e-01;2.0250000e+02;1.4977156e-01;2.0250000e+02;8.6230949e-02;2.0250000e+02;3.4735397e-02;2.0250000e+02;-1.0657266e-02;2.0250000e+02;-5.3682394e-02;2.0250000e+02;-9.6565515e-02;2.0250000e+02;-1.3893887e-01;2.0250000e+02;-1.8011746e-01;2.0250000e+02;-7.2280861e-02;2.0250000e+02;-3.9912835e-02;2.0250000e+02;1.6733956e-02;2.0250000e+02;8.1687979e-02;2.0250000e+02;1.5556861e-01;2.0250000e+02;2.1363959e-01;2.0250000e+02;2.5568026e-01;2.0250000e+02;2.8610894e-01;2.0250000e+02;2.7614221e-01;2.0250000e+02;2.2770052e-01;2.0250000e+02;1.4977156e-01;2.0250000e+02;8.6230949e-02;2.0250000e+02;3.4735397e-02;2.0250000e+02;-1.0657266e-02;2.0250000e+02;-5.3682394e-02;2.0250000e+02;-9.6565515e-02;2.0250000e+02;-1.3893887e-01;2.0250000e+02;-1.8011746e-01;2.0250000e+02;-7.2280861e-02;2.0250000e+02;-3.9912835e-02;2.0250000e+02;1.6733956e-02;2.0250000e+02;8.1687979e-02;2.0250000e+02;1.5556861e-01;2.0250000e+02;2.1363959e-01;2.0250000e+02;2.5568026e-01;2.0250000e+02;2.8610894e-01;2.0250000e+02;2.7614221e-01;2.0250000e+02;2.2770052e-01;2.0250000e+02;1.4977156e-01;2.0250000e+02;8.6230949e-02;2.0250000e+02;3.4735397e-02;2.0250000e+02;-1.0657266e-02;2.0250000e+02;-5.3682394e-02;2.0250000e+02;-9.6565515e-02;2.0250000e+02;-1.3893887e-01;2.0250000e+02;-1.8011746e-01;2.0250000e+02;-7.2280861e-02;2.0250000e+02;-3.9912835e-02;2.0250000e+02;1.6733956e-02;2.0250000e+02;8.1687979e-02;2.0250000e+02;1.5556861e-01;2.0250000e+02;2.1363959e-01;2.0250000e+02;2.5568026e-01;2.0250000e+02;2.8610894e-01;2.0250000e+02;2.7614221e-01;2.0250000e+02;2.2770052e-01;2.0250000e+02;1.4977156e-01;2.0250000e+02;8.6230949e-02;2.0250000e+02;3.4735397e-02;2.0250000e+02;-1.0657266e-02;2.0250000e+02;-5.3682394e-02;2.0250000e+02;-9.6565515e-02;2.0250000e+02;-1.3893887e-01;2.0250000e+02;-1.8011746e-01;2.0250000e+02;-7.2280861e-02;2.0250000e+02;-3.9912835e-02;2.0250000e+02;1.6733956e-02;2.0250000e+02;8.1687979e-02;2.0250000e+02;1.5556861e-01;2.0250000e+02;2.1363959e-01;2.0250000e+02;2.5568026e-01;2.0250000e+02;2.8610894e-01;2.0250000e+02;2.7614221e-01;2.0250000e+02;2.2770052e-01;2.0250000e+02;1.4977156e-01;2.0250000e+02;8.6230949e-02;2.0250000e+02;3.4735397e-02;2.0250000e+02;-1.0657266e-02;2.0250000e+02;-5.3682394e-02;2.0250000e+02;-9.6565515e-02;2.0250000e+02;-1.3893887e-01;2.0250000e+02;-1.8011746e-01;2.0250000e+02;-7.2280861e-02;2.0250000e+02;-3.9912835e-02;2.0250000e+02;1.6733956e-02;2.0250000e+02;8.1687979e-02;2.0250000e+02;1.5556861e-01;2.0250000e+02;2.1363959e-01;2.0250000e+02;2.5568026e-01;2.0250000e+02;2.8610894e-01;2.0250000e+02;2.7614221e-01;2.0250000e+02;2.2770052e-01;2.0250000e+02;1.4977156e-01;2.0250000e+02;8.6230949e-02;2.0250000e+02;3.4735397e-02;2.0250000e+02;-1.0657266e-02;2.0250000e+02;-5.3682394e-02;2.0250000e+02;-9.6565515e-02;2.0250000e+02;-1.3893887e-01;2.0250000e+02;-1.8011746e-01;2.0250000e+02;-7.2280861e-02;2.0250000e+02;-3.9912835e-02;2.0250000e+02;1.6733956e-02;2.0250000e+02;8.1687979e-02;2.0250000e+02;1.5556861e-01;2.0250000e+02;2.1363959e-01;2.0250000e+02;2.5568026e-01;2.0250000e+02;2.8610894e-01;2.0250000e+02;2.7614221e-01;2.0250000e+02;2.2770052e-01;2.0250000e+02;1.4977156e-01;2.0250000e+02;8.6230949e-02;2.0250000e+02;3.4735397e-02;2.0250000e+02;-1.0657266e-02;2.0250000e+02;-5.3682394e-02;2.0250000e+02;-9.6565515e-02;2.0250000e+02;-1.3893887e-01;2.0250000e+02;-1.8011746e-01;2.0250000e+02;-7.2280861e-02;2.0250000e+02;-3.9912835e-02;2.0250000e+02;1.6733956e-02;2.0250000e+02;8.1687979e-02;2.0250000e+02;1.5556861e-01;2.0250000e+02;2.1363959e-01;2.0250000e+02;2.5568026e-01;2.0250000e+02;2.8610894e-01;2.0250000e+02;2.7614221e-01;2.0250000e+02;2.2770052e-01;2.0250000e+02;1.4977156e-01;2.0250000e+02;8.6230949e-02;2.0250000e+02;3.4735397e-02;2.0250000e+02;-1.0657266e-02;2.0250000e+02;-5.3682394e-02;2.0250000e+02;-9.6565515e-02;2.0250000e+02;-1.3893887e-01;2.0250000e+02;-1.8011746e-01;2.0250000e+02;-7.2280861e-02;2.0250000e+02;-3.9912835e-02;2.0250000e+02;1.6733956e-02;2.0250000e+02;8.1687979e-02;2.0250000e+02;1.5556861e-01;2.0250000e+02;2.1363959e-01;2.0250000e+02;2.5568026e-01;2.0250000e+02;2.8610894e-01;2.0250000e+02;2.7614221e-01;2.0250000e+02;2.2770052e-01;2.0250000e+02;1.4977156e-01;2.0250000e+02;8.6230949e-02;2.0250000e+02;3.4735397e-02;2.0250000e+02;-1.0657266e-02;2.0250000e+02;-5.3682394e-02;2.0250000e+02;-9.6565515e-02;2.0250000e+02;-1.3893887e-01;2.0250000e+02;-1.8011746e-01;2.0250000e+02;-7.2280861e-02;2.0250000e+02;-3.9912835e-02;2.0250000e+02;1.6733956e-02;2.0250000e+02;8.1687979e-02;2.0250000e+02;1.5556861e-01;2.0250000e+02;2.1363959e-01;2.0250000e+02;2.5568026e-01;2.0250000e+02;2.8610894e-01;2.0250000e+02;2.7614221e-01;2.0250000e+02;2.2770052e-01;2.0250000e+02;1.4977156e-01;2.0250000e+02;8.6230949e-02;2.0250000e+02;3.4735397e-02;2.0250000e+02;-1.0657266e-02;2.0250000e+02;-5.3682394e-02;2.0250000e+02;-9.6565515e-02;2.0250000e+02;-1.3893887e-01;2.0250000e+02;-1.8011746e-01;2.0250000e+02;-7.2280861e-02;2.0250000e+02;-3.9912835e-02;2.0250000e+02;1.6733956e-02;2.0250000e+02;8.1687979e-02;2.0250000e+02;1.5556861e-01;2.0250000e+02;2.1363959e-01;2.0250000e+02;2.5568026e-01;2.0250000e+02;2.8610894e-01;2.0250000e+02;2.7614221e-01;2.0250000e+02;2.2770052e-01;2.0250000e+02;1.4977156e-01;2.0250000e+02;8.6230949e-02;2.0250000e+02;3.4735397e-02;2.0250000e+02;-1.0657266e-02;2.0250000e+02;-5.3682394e-02;2.0250000e+02;-9.6565515e-02;2.0250000e+02;-1.3893887e-01;2.0250000e+02;-1.8011746e-01;2.0250000e+02;-7.2280861e-02;2.0250000e+02;-3.9912835e-02;2.0250000e+02;1.6733956e-02;2.0250000e+02;8.1687979e-02;2.0250000e+02;1.5556861e-01;2.0250000e+02;2.1363959e-01;2.0250000e+02;2.5568026e-01;2.0250000e+02;2.8610894e-01;2.0250000e+02;2.7614221e-01;2.0250000e+02;2.2770052e-01;2.0250000e+02;1.4977156e-01;2.0250000e+02;8.6230949e-02;2.0250000e+02;3.4735397e-02;2.0250000e+02;-1.0657266e-02;2.0250000e+02;-5.3682394e-02;2.0250000e+02;-9.6565515e-02;2.0250000e+02;-1.3893887e-01;2.0250000e+02;-1.8011746e-01;2.0250000e+02;-7.2280861e-02;2.0250000e+02;-3.9912835e-02;2.0250000e+02;1.6733956e-02;2.0250000e+02;8.1687979e-02;2.0250000e+02;1.5556861e-01;2.0250000e+02;2.1363959e-01;2.0250000e+02;2.5568026e-01;2.0250000e+02;2.8610894e-01;2.0250000e+02;2.7614221e-01;2.0250000e+02;2.2770052e-01;2.0250000e+02;1.4977156e-01;2.0250000e+02;8.6230949e-02;2.0250000e+02;3.4735397e-02;2.0250000e+02;-1.0657266e-02;2.0250000e+02;-5.3682394e-02;2.0250000e+02;-9.6565515e-02;2.0250000e+02;-1.3893887e-01;2.0250000e+02;-1.8011746e-01;2.0250000e+02;-7.2280861e-02;2.0250000e+02;-3.9912835e-02;2.0250000e+02;1.6733956e-02;2.0250000e+02;8.1687979e-02;2.0250000e+02;1.5556861e-01;2.0250000e+02;2.1363959e-01;2.0250000e+02;2.5568026e-01;2.0250000e+02;2.8610894e-01;2.0250000e+02;2.7614221e-01;2.0250000e+02;2.2770052e-01;2.0250000e+02;1.4977156e-01;2.0250000e+02;8.6230949e-02;2.0250000e+02;3.4735397e-02;2.0250000e+02;-1.0657266e-02;2.0250000e+02;-5.3682394e-02;2.0250000e+02;-9.6565515e-02;2.0250000e+02;-1.3893887e-01;2.0250000e+02;-1.8011746e-01;2.0250000e+02;-7.2280861e-02;2.0250000e+02;-3.9912835e-02;2.0250000e+02;1.6733956e-02;2.0250000e+02;8.1687979e-02;2.0250000e+02;1.5556861e-01;2.0250000e+02;2.1363959e-01;2.0250000e+02;2.5568026e-01;2.0250000e+02;2.8610894e-01;2.0250000e+02;2.7614221e-01;2.0250000e+02;2.2770052e-01;2.0250000e+02;1.4977156e-01;2.0250000e+02;8.6230949e-02;2.0250000e+02;3.4735397e-02;2.0250000e+02;-1.0657266e-02;2.0250000e+02;-5.3682394e-02;2.0250000e+02;-9.6565515e-02;2.0250000e+02;-1.3893887e-01;2.0250000e+02;-1.8011746e-01;2.0250000e+02;-7.2280861e-02;2.0250000e+02;-3.9912835e-02;2.0250000e+02;1.6733956e-02;2.0250000e+02;8.1687979e-02;2.0250000e+02;1.5556861e-01;2.0250000e+02;2.1363959e-01;2.0250000e+02;2.5568026e-01;2.0250000e+02;2.8610894e-01;2.0250000e+02;2.7614221e-01;2.0250000e+02;2.2770052e-01;2.0250000e+02;1.4977156e-01;2.0250000e+02;8.6230949e-02;2.0250000e+02;3.4735397e-02;2.0250000e+02;-1.0657266e-02;2.0250000e+02;-5.3682394e-02;2.0250000e+02;-9.6565515e-02;2.0250000e+02;-1.3893887e-01;2.0250000e+02;-1.8011746e-01;2.0250000e+02;-7.2280861e-02;2.0250000e+02;-3.9912835e-02;2.0250000e+02;1.6733956e-02;2.0250000e+02;8.1687979e-02;2.0250000e+02;1.5556861e-01;2.0250000e+02;2.1363959e-01;2.0250000e+02;2.5568026e-01;2.0250000e+02;2.8610894e-01;2.0250000e+02;2.7614221e-01;2.0250000e+02;2.2770052e-01;2.0250000e+02;1.4977156e-01;2.0250000e+02;8.6230949e-02;2.0250000e+02;3.4735397e-02;2.0250000e+02;-1.0657266e-02;2.0250000e+02;-5.3682394e-02;2.0250000e+02;-9.6565515e-02;2.0250000e+02;-1.3893887e-01;2.0250000e+02;-1.8011746e-01;2.0250000e+02;-7.2280861e-02;2.0250000e+02;-3.9912835e-02;2.0250000e+02;1.6733956e-02;2.0250000e+02;8.1687979e-02;2.0250000e+02;1.5556861e-01;2.0250000e+02;2.1363959e-01;2.0250000e+02;2.5568026e-01;2.0250000e+02;2.8610894e-01;2.0250000e+02;2.7614221e-01;2.0250000e+02;2.2770052e-01;2.0250000e+02;1.4977156e-01;2.0250000e+02;8.6230949e-02;2.0250000e+02;3.4735397e-02;2.0250000e+02;-1.0657266e-02;2.0250000e+02;-5.3682394e-02;2.0250000e+02;-9.6565515e-02;2.0250000e+02;-1.3893887e-01;2.0250000e+02;-1.8011746e-01;2.0250000e+02;-7.2280861e-02;2.0250000e+02;-3.9912835e-02;2.0250000e+02;1.6733956e-02;2.0250000e+02;8.1687979e-02;2.0250000e+02;1.5556861e-01;2.0250000e+02;2.1363959e-01;2.0250000e+02;2.5568026e-01;2.0250000e+02;2.8610894e-01;2.0250000e+02;2.7614221e-01;2.0250000e+02;2.2770052e-01;2.0250000e+02;1.4977156e-01;2.0250000e+02;8.6230949e-02;2.0250000e+02;3.4735397e-02;2.0250000e+02;-1.0657266e-02;2.0250000e+02;-5.3682394e-02;2.0250000e+02;-9.6565515e-02;2.0250000e+02;-1.3893887e-01;2.0250000e+02;-1.8011746e-01;2.0250000e+02;-7.2280861e-02;2.0250000e+02;-3.9912835e-02;2.0250000e+02;1.6733956e-02;2.0250000e+02;8.1687979e-02;2.0250000e+02;1.5556861e-01;2.0250000e+02;2.1363959e-01;2.0250000e+02;2.5568026e-01;2.0250000e+02;2.8610894e-01;2.0250000e+02;2.7614221e-01;2.0250000e+02;2.2770052e-01;2.0250000e+02;1.4977156e-01;2.0250000e+02;8.6230949e-02;2.0250000e+02;3.4735397e-02;2.0250000e+02;-1.0657266e-02;2.0250000e+02;-5.3682394e-02;2.0250000e+02;-9.6565515e-02;2.0250000e+02;-1.3893887e-01;2.0250000e+02;-1.8011746e-01;2.0250000e+02;-7.2280861e-02;2.0250000e+02;-3.9912835e-02;2.0250000e+02;1.6733956e-02;2.0250000e+02;8.1687979e-02;2.0250000e+02;1.5556861e-01;2.0250000e+02;2.1363959e-01;2.0250000e+02;2.5568026e-01;2.0250000e+02;2.8610894e-01;2.0250000e+02;2.7614221e-01;2.0250000e+02;2.2770052e-01;2.0250000e+02;1.4977156e-01;2.0250000e+02;8.6230949e-02;2.0250000e+02;3.4735397e-02;2.0250000e+02;-1.0657266e-02;2.0250000e+02;-5.3682394e-02;2.0250000e+02;-9.6565515e-02;2.0250000e+02;-1.3893887e-01;2.0250000e+02;-1.8011746e-01;2.0250000e+02;-7.2280861e-02;2.0250000e+02;-3.9912835e-02;2.0250000e+02;1.6733956e-02;2.0250000e+02;8.1687979e-02;2.0250000e+02;1.5556861e-01;2.0250000e+02;2.1363959e-01;2.0250000e+02;2.5568026e-01;2.0250000e+02;2.8610894e-01;2.0250000e+02;2.7614221e-01;2.0250000e+02;2.2770052e-01;2.0250000e+02;1.4977156e-01;2.0250000e+02;8.6230949e-02;2.0250000e+02;3.4735397e-02;2.0250000e+02;-1.0657266e-02;2.0250000e+02;-5.3682394e-02;2.0250000e+02;-9.6565515e-02;2.0250000e+02;-1.3893887e-01;2.0250000e+02;-1.8011746e-01;2.0250000e+02;-7.2280861e-02;2.0250000e+02;-3.9912835e-02;2.0250000e+02;1.6733956e-02;2.0250000e+02;8.1687979e-02;2.0250000e+02;1.5556861e-01;2.0250000e+02;2.1363959e-01;2.0250000e+02;2.5568026e-01;2.0250000e+02;2.8610894e-01;2.0250000e+02;2.7614221e-01;2.0250000e+02;2.2770052e-01;2.0250000e+02;1.4977156e-01;2.0250000e+02;8.6230949e-02;2.0250000e+02;3.4735397e-02;2.0250000e+02;-1.0657266e-02;2.0250000e+02;-5.3682394e-02;2.0250000e+02;-9.6565515e-02;2.0250000e+02;-1.3893887e-01;2.0250000e+02;-1.8011746e-01;2.0250000e+02;-7.2280861e-02;2.0250000e+02;-3.9912835e-02;2.0250000e+02;1.6733956e-02;2.0250000e+02;8.1687979e-02;2.0250000e+02;1.5556861e-01;2.0250000e+02;2.1363959e-01;2.0250000e+02;2.5568026e-01;2.0250000e+02;2.8610894e-01;2.0250000e+02;2.7614221e-01;2.0250000e+02;2.2770052e-01;2.0250000e+02;1.4977156e-01;2.0250000e+02;8.6230949e-02;2.0250000e+02;3.4735397e-02;2.0250000e+02;-1.0657266e-02;2.0250000e+02;-5.3682394e-02;2.0250000e+02;-9.6565515e-02;2.0250000e+02;-1.3893887e-01;2.0250000e+02;-1.8011746e-01;2.0250000e+02;-7.2280861e-02;2.0250000e+02;-3.9912835e-02;2.0250000e+02;1.6733956e-02;2.0250000e+02;8.1687979e-02;2.0250000e+02;1.5556861e-01;2.0250000e+02;2.1363959e-01;2.0250000e+02;2.5568026e-01;2.0250000e+02;2.8610894e-01;2.0250000e+02;2.7614221e-01;2.0250000e+02;2.2770052e-01;2.0250000e+02;1.4977156e-01;2.0250000e+02;8.6230949e-02;2.0250000e+02;3.4735397e-02;2.0250000e+02;-1.0657266e-02;2.0250000e+02;-5.3682394e-02;2.0250000e+02;-9.6565515e-02;2.0250000e+02;-1.3893887e-01;2.0250000e+02;-1.8011746e-01;2.0250000e+02;-7.2280861e-02;2.0250000e+02;-3.9912835e-02;2.0250000e+02;1.6733956e-02;2.0250000e+02;8.1687979e-02;2.0250000e+02;1.5556861e-01;2.0250000e+02;2.1363959e-01;2.0250000e+02;2.5568026e-01;2.0250000e+02;2.8610894e-01;2.0250000e+02;2.7614221e-01;2.0250000e+02;2.2770052e-01;2.0250000e+02;1.4977156e-01;2.0250000e+02;8.6230949e-02;2.0250000e+02;3.4735397e-02;2.0250000e+02;-1.0657266e-02;2.0250000e+02;-5.3682394e-02;2.0250000e+02;-9.6565515e-02;2.0250000e+02;-1.3893887e-01;2.0250000e+02;-1.8011746e-01;2.0250000e+02;-7.2280861e-02;2.0250000e+02;-3.9912835e-02;2.0250000e+02;1.6733956e-02;2.0250000e+02;8.1687979e-02;2.0250000e+02;1.5556861e-01;2.0250000e+02;2.1363959e-01;2.0250000e+02;2.5568026e-01;2.0250000e+02;2.8610894e-01;2.0250000e+02;2.7614221e-01;2.0250000e+02;2.2770052e-01;2.0250000e+02;1.4977156e-01;2.0250000e+02;8.6230949e-02;2.0250000e+02;3.4735397e-02;2.0250000e+02;-1.0657266e-02;2.0250000e+02;-5.3682394e-02;2.0250000e+02;-9.6565515e-02;2.0250000e+02;-1.3893887e-01;2.0250000e+02;-1.8011746e-01;2.0250000e+02;-7.2280861e-02;2.0250000e+02;-3.9912835e-02;2.0250000e+02;1.6733956e-02;2.0250000e+02;8.1687979e-02;2.0250000e+02;1.5556861e-01;2.0250000e+02;2.1363959e-01;2.0250000e+02;2.5568026e-01;2.0250000e+02;2.8610894e-01;2.0250000e+02;2.7614221e-01;2.0250000e+02;2.2770052e-01;2.0250000e+02;1.4977156e-01;2.0250000e+02;8.6230949e-02;2.0250000e+02;3.4735397e-02;2.0250000e+02;-1.0657266e-02;2.0250000e+02;-5.3682394e-02;2.0250000e+02;-9.6565515e-02;2.0250000e+02;-1.3893887e-01;2.0250000e+02;-1.8011746e-01;2.0250000e+02;-7.2280861e-02;2.0250000e+02;-3.9912835e-02;2.0250000e+02;1.6733956e-02;2.0250000e+02;8.1687979e-02;2.0250000e+02;1.5556861e-01;2.0250000e+02;2.1363959e-01;2.0250000e+02;2.5568026e-01;2.0250000e+02;2.8610894e-01;2.0250000e+02;2.7614221e-01;2.0250000e+02;2.2770052e-01;2.0250000e+02;1.4977156e-01;2.0250000e+02;8.6230949e-02;2.0250000e+02;3.4735397e-02;2.0250000e+02;-1.0657266e-02;2.0250000e+02;-5.3682394e-02;2.0250000e+02;-9.6565515e-02;2.0250000e+02;-1.3893887e-01;2.0250000e+02;-1.8011746e-01;2.0250000e+02;-7.2280861e-02;2.0250000e+02;-3.9912835e-02;2.0250000e+02;1.6733956e-02;2.0250000e+02;8.1687979e-02;2.0250000e+02;1.5556861e-01;2.0250000e+02;2.1363959e-01;2.0250000e+02;2.5568026e-01;2.0250000e+02;2.8610894e-01;2.0250000e+02;2.7614221e-01;2.0250000e+02;2.2770052e-01;2.0250000e+02;1.4977156e-01;2.0250000e+02;8.6230949e-02;2.0250000e+02;3.4735397e-02;2.0250000e+02;-1.0657266e-02;2.0250000e+02;-5.3682394e-02;2.0250000e+02;-9.6565515e-02;2.0250000e+02;-1.3893887e-01;2.0250000e+02;-1.8011746e-01;2.0250000e+02;-7.2280861e-02;2.0250000e+02;-3.9912835e-02;2.0250000e+02;1.6733956e-02;2.0250000e+02;8.1687979e-02;2.0250000e+02;1.5556861e-01;2.0250000e+02;2.1363959e-01;2.0250000e+02;2.5568026e-01;2.0250000e+02;2.8610894e-01;2.0250000e+02;2.7614221e-01;2.0250000e+02;2.2770052e-01;2.0250000e+02;1.4977156e-01;2.0250000e+02;8.6230949e-02;2.0250000e+02;3.4735397e-02;2.0250000e+02;-1.0657266e-02;2.0250000e+02;-5.3682394e-02;2.0250000e+02;-9.6565515e-02;2.0250000e+02;-1.3893887e-01;2.0250000e+02;-1.8011746e-01;2.0250000e+02;-7.2280861e-02;2.0250000e+02;-3.9912835e-02;2.0250000e+02;1.6733956e-02;2.0250000e+02;8.1687979e-02;2.0250000e+02;1.5556861e-01;2.0250000e+02;2.1363959e-01;2.0250000e+02;2.5568026e-01;2.0250000e+02;2.8610894e-01;2.0250000e+02;2.7614221e-01;2.0250000e+02;2.2770052e-01;2.0250000e+02;1.4977156e-01;2.0250000e+02;8.6230949e-02;2.0250000e+02;3.4735397e-02;2.0250000e+02;-1.0657266e-02;2.0250000e+02;-5.3682394e-02;2.0250000e+02;-9.6565515e-02;2.0250000e+02;-1.3893887e-01;2.0250000e+02;-1.8011746e-01;2.0250000e+02;-7.2280861e-02;2.0250000e+02;-3.9912835e-02;2.0250000e+02;1.6733956e-02;2.0250000e+02;8.1687979e-02;2.0250000e+02;1.5556861e-01;2.0250000e+02;2.1363959e-01;2.0250000e+02;2.5568026e-01;2.0250000e+02;2.8610894e-01;2.0250000e+02;2.7614221e-01;2.0250000e+02;2.2770052e-01;2.0250000e+02;1.4977156e-01;2.0250000e+02;8.6230949e-02;2.0250000e+02;3.4735397e-02;2.0250000e+02;-1.0657266e-02;2.0250000e+02;-5.3682394e-02;2.0250000e+02;-9.6565515e-02;2.0250000e+02;-1.3893887e-01;2.0250000e+02;-1.8011746e-01;2.0250000e+02;-7.2280861e-02;2.0250000e+02;-3.9912835e-02;2.0250000e+02;1.6733956e-02;2.0250000e+02;8.1687979e-02;2.0250000e+02;1.5556861e-01;2.0250000e+02;2.1363959e-01;2.0250000e+02;2.5568026e-01;2.0250000e+02;2.8610894e-01;2.0250000e+02;2.7614221e-01;2.0250000e+02;2.2770052e-01;2.0250000e+02;1.4977156e-01;2.0250000e+02;8.6230949e-02;2.0250000e+02;3.4735397e-02;2.0250000e+02;-1.0657266e-02;2.0250000e+02;-5.3682394e-02;2.0250000e+02;-9.6565515e-02;2.0250000e+02;-1.3893887e-01;2.0250000e+02;-1.8011746e-01;2.0250000e+02;-7.2280861e-02;2.0250000e+02;-3.9912835e-02;2.0250000e+02;1.6733956e-02;2.0250000e+02;8.1687979e-02;2.0250000e+02;1.5556861e-01;2.0250000e+02;2.1363959e-01;2.0250000e+02;2.5568026e-01;2.0250000e+02;2.8610894e-01;2.0250000e+02;2.7614221e-01;2.0250000e+02;2.2770052e-01;2.0250000e+02;1.4977156e-01;2.0250000e+02;8.6230949e-02;2.0250000e+02;3.4735397e-02;2.0250000e+02;-1.0657266e-02;2.0250000e+02;-5.3682394e-02;2.0250000e+02;-9.6565515e-02;2.0250000e+02;-1.3893887e-01;2.0250000e+02;-1.8011746e-01;2.0250000e+02;-7.2280861e-02;2.0250000e+02;-3.9912835e-02;2.0250000e+02;1.6733956e-02;2.0250000e+02;8.1687979e-02;2.0250000e+02;1.5556861e-01;2.0250000e+02;2.1363959e-01;2.0250000e+02;2.5568026e-01;2.0250000e+02;2.8610894e-01;2.0250000e+02;2.7614221e-01;2.0250000e+02;2.2770052e-01;2.0250000e+02;1.4977156e-01;2.0250000e+02;8.6230949e-02;2.0250000e+02;3.4735397e-02;2.0250000e+02;-1.0657266e-02;2.0250000e+02;-5.3682394e-02;2.0250000e+02;-9.6565515e-02;2.0250000e+02;-1.3893887e-01;2.0250000e+02;-1.8011746e-01;2.0250000e+02;-7.2280861e-02;2.0250000e+02;-3.9912835e-02;2.0250000e+02;1.6733956e-02;2.0250000e+02;8.1687979e-02;2.0250000e+02;1.5556861e-01;2.0250000e+02;2.1363959e-01;2.0250000e+02;2.5568026e-01;2.0250000e+02;2.8610894e-01;2.0250000e+02;2.7614221e-01;2.0250000e+02;2.2770052e-01;2.0250000e+02;1.4977156e-01;2.0250000e+02;8.6230949e-02;2.0250000e+02;3.4735397e-02;2.0250000e+02;-1.0657266e-02;2.0250000e+02;-5.3682394e-02;2.0250000e+02;-9.6565515e-02;2.0250000e+02;-1.3893887e-01;2.0250000e+02;-1.8011746e-01;2.0250000e+02;-7.2280861e-02;2.0250000e+02;-3.9912835e-02;2.0250000e+02;1.6733956e-02;2.0250000e+02;8.1687979e-02;2.0250000e+02;1.5556861e-01;2.0250000e+02;2.1363959e-01;2.0250000e+02;2.5568026e-01;2.0250000e+02;2.8610894e-01;2.0250000e+02;2.7614221e-01;2.0250000e+02;2.2770052e-01;2.0250000e+02;1.4977156e-01;2.0250000e+02;8.6230949e-02;2.0250000e+02;3.4735397e-02;2.0250000e+02;-1.0657266e-02;2.0250000e+02;-5.3682394e-02;2.0250000e+02;-9.6565515e-02;2.0250000e+02;-1.3893887e-01;2.0250000e+02;-1.8011746e-01;2.0250000e+02;-7.2280861e-02;2.0250000e+02;-3.9912835e-02;2.0250000e+02;1.6733956e-02;2.0250000e+02;8.1687979e-02;2.0250000e+02;1.5556861e-01;2.0250000e+02;2.1363959e-01;2.0250000e+02;2.5568026e-01;2.0250000e+02;2.8610894e-01;2.0250000e+02;2.7614221e-01;2.0250000e+02;2.2770052e-01;2.0250000e+02;1.4977156e-01;2.0250000e+02;8.6230949e-02;2.0250000e+02;3.4735397e-02;2.0250000e+02;-1.0657266e-02;2.0250000e+02;-5.3682394e-02;2.0250000e+02;-9.6565515e-02;2.0250000e+02;-1.3893887e-01;2.0250000e+02;-1.8011746e-01;2.0250000e+02;-7.2280861e-02;2.0250000e+02;-3.9912835e-02;2.0250000e+02;1.6733956e-02;2.0250000e+02;8.1687979e-02;2.0250000e+02;1.5556861e-01;2.0250000e+02;2.1363959e-01;2.0250000e+02;2.5568026e-01;2.0250000e+02;2.8610894e-01;2.0250000e+02;2.7614221e-01;2.0250000e+02;2.2770052e-01;2.0250000e+02;1.4977156e-01;2.0250000e+02;8.6230949e-02;2.0250000e+02;3.4735397e-02;2.0250000e+02;-1.0657266e-02;2.0250000e+02;-5.3682394e-02;2.0250000e+02;-9.6565515e-02;2.0250000e+02;-1.3893887e-01;2.0250000e+02;-1.8011746e-01;2.0250000e+02;-7.2280861e-02;2.0250000e+02;-3.9912835e-02;2.0250000e+02;1.6733956e-02;2.0250000e+02;8.1687979e-02;2.0250000e+02;1.5556861e-01;2.0250000e+02;2.1363959e-01;2.0250000e+02;2.5568026e-01;2.0250000e+02;2.8610894e-01;2.0250000e+02;2.7614221e-01;2.0250000e+02;2.2770052e-01;2.0250000e+02;1.4977156e-01;2.0250000e+02;8.6230949e-02;2.0250000e+02;3.4735397e-02;2.0250000e+02;-1.0657266e-02;2.0250000e+02;-5.3682394e-02;2.0250000e+02;-9.6565515e-02;2.0250000e+02;-1.3893887e-01;2.0250000e+02;-1.8011746e-01;2.0250000e+02;-7.2280861e-02;2.0250000e+02;-3.9912835e-02;2.0250000e+02;1.6733956e-02;2.0250000e+02;8.1687979e-02;2.0250000e+02;1.5556861e-01;2.0250000e+02;2.1363959e-01;2.0250000e+02;2.5568026e-01;2.0250000e+02;2.8610894e-01;2.0250000e+02;2.7614221e-01;2.0250000e+02;2.2770052e-01;2.0250000e+02;1.4977156e-01;2.0250000e+02;8.6230949e-02;2.0250000e+02;3.4735397e-02;2.0250000e+02;-1.0657266e-02;2.0250000e+02;-5.3682394e-02;2.0250000e+02;-9.6565515e-02;2.0250000e+02;-1.3893887e-01;2.0250000e+02;-1.8011746e-01;2.0250000e+02;-7.2280861e-02;2.0250000e+02;-3.9912835e-02;2.0250000e+02;1.6733956e-02;2.0250000e+02;8.1687979e-02;2.0250000e+02;1.5556861e-01;2.0250000e+02;2.1363959e-01;2.0250000e+02;2.5568026e-01;2.0250000e+02;2.8610894e-01;2.0250000e+02;2.7614221e-01;2.0250000e+02;2.2770052e-01;2.0250000e+02;1.4977156e-01;2.0250000e+02;8.6230949e-02;2.0250000e+02;3.4735397e-02;2.0250000e+02;-1.0657266e-02;2.0250000e+02;-5.3682394e-02;2.0250000e+02;-9.6565515e-02;2.0250000e+02;-1.3893887e-01;2.0250000e+02;-1.8011746e-01;2.0250000e+02;-7.2280861e-02;2.0250000e+02;-3.9912835e-02;2.0250000e+02;1.6733956e-02;2.0250000e+02;8.1687979e-02;2.0250000e+02;1.5556861e-01;2.0250000e+02;2.1363959e-01;2.0250000e+02;2.5568026e-01;2.0250000e+02;2.8610894e-01;2.0250000e+02;2.7614221e-01;2.0250000e+02;2.2770052e-01;2.0250000e+02;1.4977156e-01;2.0250000e+02;8.6230949e-02;2.0250000e+02;3.4735397e-02;2.0250000e+02;-1.0657266e-02;2.0250000e+02;-5.3682394e-02;2.0250000e+02;-9.6565515e-02;2.0250000e+02;-1.3893887e-01;2.0250000e+02;-1.8011746e-01;2.0250000e+02;-7.2280861e-02;2.0250000e+02;-3.9912835e-02;2.0250000e+02;1.6733956e-02;2.0250000e+02;8.1687979e-02;2.0250000e+02;1.5556861e-01;2.0250000e+02;2.1363959e-01;2.0250000e+02;2.5568026e-01;2.0250000e+02;2.8610894e-01;2.0250000e+02;2.7614221e-01;2.0250000e+02;2.2770052e-01;2.0250000e+02;1.4977156e-01;2.0250000e+02;8.6230949e-02;2.0250000e+02;3.4735397e-02;2.0250000e+02;-1.0657266e-02;2.0250000e+02;-5.3682394e-02;2.0250000e+02;-9.6565515e-02;2.0250000e+02;-1.3893887e-01;2.0250000e+02;-1.8011746e-01;2.0250000e+02;-7.2280861e-02;2.0250000e+02;-3.9912835e-02;2.0250000e+02;1.6733956e-02;2.0250000e+02;8.1687979e-02;2.0250000e+02;1.5556861e-01;2.0250000e+02;2.1363959e-01;2.0250000e+02;2.5568026e-01;2.0250000e+02;2.8610894e-01;2.0250000e+02;2.7614221e-01;2.0250000e+02;2.2770052e-01;2.0250000e+02;1.4977156e-01;2.0250000e+02;8.6230949e-02;2.0250000e+02;3.4735397e-02;2.0250000e+02;-1.0657266e-02;2.0250000e+02;-5.3682394e-02;2.0250000e+02;-9.6565515e-02;2.0250000e+02;-1.3893887e-01;2.0250000e+02;-1.8011746e-01;2.0250000e+02;-7.2280861e-02;2.0250000e+02;-3.9912835e-02;2.0250000e+02;1.6733956e-02;2.0250000e+02;8.1687979e-02;2.0250000e+02;1.5556861e-01;2.0250000e+02;2.1363959e-01;2.0250000e+02;2.5568026e-01;2.0250000e+02;2.8610894e-01;2.0250000e+02;2.7614221e-01;2.0250000e+02;2.2770052e-01;2.0250000e+02;1.4977156e-01;2.0250000e+02;8.6230949e-02;2.0250000e+02;3.4735397e-02;2.0250000e+02;-1.0657266e-02;2.0250000e+02;-5.3682394e-02;2.0250000e+02;-9.6565515e-02;2.0250000e+02;-1.3893887e-01;2.0250000e+02;-1.8011746e-01;2.0250000e+02;-7.2280861e-02;2.0250000e+02;-3.9912835e-02;2.0250000e+02;1.6733956e-02;2.0250000e+02;8.1687979e-02;2.0250000e+02;1.5556861e-01;2.0250000e+02;2.1363959e-01;2.0250000e+02;2.5568026e-01;2.0250000e+02;2.8610894e-01;2.0250000e+02;2.7614221e-01;2.0250000e+02;2.2770052e-01;2.0250000e+02;1.4977156e-01;2.0250000e+02;8.6230949e-02;2.0250000e+02;3.4735397e-02;2.0250000e+02;-1.0657266e-02;2.0250000e+02;-5.3682394e-02;2.0250000e+02;-9.6565515e-02;2.0250000e+02;-1.3893887e-01;2.0250000e+02;-1.8011746e-01;2.0250000e+02;-7.2280861e-02;2.0250000e+02;-3.9912835e-02;2.0250000e+02;1.6733956e-02;2.0250000e+02;8.1687979e-02;2.0250000e+02;1.5556861e-01;2.0250000e+02;2.1363959e-01;2.0250000e+02;2.5568026e-01;2.0250000e+02;2.8610894e-01;2.0250000e+02;2.7614221e-01;2.0250000e+02;2.2770052e-01;2.0250000e+02;1.4977156e-01;2.0250000e+02;8.6230949e-02;2.0250000e+02;3.4735397e-02;2.0250000e+02;-1.0657266e-02;2.0250000e+02;-5.3682394e-02;2.0250000e+02;-9.6565515e-02;2.0250000e+02;-1.3893887e-01;2.0250000e+02;-1.8011746e-01;2.0250000e+02;-7.2280861e-02;2.0250000e+02;-3.9912835e-02;2.0250000e+02;1.6733956e-02;2.0250000e+02;8.1687979e-02;2.0250000e+02;1.5556861e-01;2.0250000e+02;2.1363959e-01;2.0250000e+02;2.5568026e-01;2.0250000e+02;2.8610894e-01;2.0250000e+02;2.7614221e-01;2.0250000e+02;2.2770052e-01;2.0250000e+02;1.4977156e-01;2.0250000e+02;8.6230949e-02;2.0250000e+02;3.4735397e-02;2.0250000e+02;-1.0657266e-02;2.0250000e+02;-5.3682394e-02;2.0250000e+02;-9.6565515e-02;2.0250000e+02;-1.3893887e-01;2.0250000e+02;-1.8011746e-01;2.0250000e+02;-7.2280861e-02;2.0250000e+02;-3.9912835e-02;2.0250000e+02;1.6733956e-02;2.0250000e+02;8.1687979e-02;2.0250000e+02;1.5556861e-01;2.0250000e+02;2.1363959e-01;2.0250000e+02;2.5568026e-01;2.0250000e+02;2.8610894e-01;2.0250000e+02;2.7614221e-01;2.0250000e+02;2.2770052e-01;2.0250000e+02;1.4977156e-01;2.0250000e+02;8.6230949e-02;2.0250000e+02;3.4735397e-02;2.0250000e+02;-1.0657266e-02;2.0250000e+02;-5.3682394e-02;2.0250000e+02;-9.6565515e-02;2.0250000e+02;-1.3893887e-01;2.0250000e+02;-1.8011746e-01;2.0250000e+02;-7.2280861e-02;2.0250000e+02;-3.9912835e-02;2.0250000e+02;1.6733956e-02;2.0250000e+02;8.1687979e-02;2.0250000e+02;1.5556861e-01;2.0250000e+02;2.1363959e-01;2.0250000e+02;2.5568026e-01;2.0250000e+02;2.8610894e-01;2.0250000e+02;2.7614221e-01;2.0250000e+02;2.2770052e-01;2.0250000e+02;1.4977156e-01;2.0250000e+02;8.6230949e-02;2.0250000e+02;3.4735397e-02;2.0250000e+02;-1.0657266e-02;2.0250000e+02;-5.3682394e-02;2.0250000e+02;-9.6565515e-02;2.0250000e+02;-1.3893887e-01;2.0250000e+02;-1.8011746e-01;2.0250000e+02;-7.2280861e-02;2.0250000e+02;-3.9912835e-02;2.0250000e+02;1.6733956e-02;2.0250000e+02;8.1687979e-02;2.0250000e+02;1.5556861e-01;2.0250000e+02;2.1363959e-01;2.0250000e+02;2.5568026e-01;2.0250000e+02;2.8610894e-01;2.0250000e+02;2.7614221e-01;2.0250000e+02;2.2770052e-01;2.0250000e+02;1.4977156e-01;2.0250000e+02;8.6230949e-02;2.0250000e+02;3.4735397e-02;2.0250000e+02;-1.0657266e-02;2.0250000e+02;-5.3682394e-02;2.0250000e+02;-9.6565515e-02;2.0250000e+02;-1.3893887e-01;2.0250000e+02;-1.8011746e-01;2.0250000e+02;-7.2280861e-02;2.0250000e+02;-3.9912835e-02;2.0250000e+02;1.6733956e-02;2.0250000e+02;8.1687979e-02;2.0250000e+02;1.5556861e-01;2.0250000e+02;2.1363959e-01;2.0250000e+02;2.5568026e-01;2.0250000e+02;2.8610894e-01;2.0250000e+02;2.7614221e-01;2.0250000e+02;2.2770052e-01;2.0250000e+02;1.4977156e-01;2.0250000e+02;8.6230949e-02;2.0250000e+02;3.4735397e-02;2.0250000e+02;-1.0657266e-02;2.0250000e+02;-5.3682394e-02;2.0250000e+02;-9.6565515e-02;2.0250000e+02;-1.3893887e-01;2.0250000e+02;-1.8011746e-01;2.0250000e+02;-7.2280861e-02;2.0250000e+02;-3.9912835e-02;2.0250000e+02;1.6733956e-02;2.0250000e+02;8.1687979e-02;2.0250000e+02;1.5556861e-01;2.0250000e+02;2.1363959e-01;2.0250000e+02;2.5568026e-01;2.0250000e+02;2.8610894e-01;2.0250000e+02;2.7614221e-01;2.0250000e+02;2.2770052e-01;2.0250000e+02;1.4977156e-01;2.0250000e+02;8.6230949e-02;2.0250000e+02;3.4735397e-02;2.0250000e+02;-1.0657266e-02;2.0250000e+02;-5.3682394e-02;2.0250000e+02;-9.6565515e-02;2.0250000e+02;-1.3893887e-01;2.0250000e+02;-1.8011746e-01;2.0250000e+02;-7.2280861e-02;2.0250000e+02;-3.9912835e-02;2.0250000e+02;1.6733956e-02;2.0250000e+02;8.1687979e-02;2.0250000e+02;1.5556861e-01;2.0250000e+02;2.1363959e-01;2.0250000e+02;2.5568026e-01;2.0250000e+02;2.8610894e-01;2.0250000e+02;2.7614221e-01;2.0250000e+02;2.2770052e-01;2.0250000e+02;1.4977156e-01;2.0250000e+02;8.6230949e-02;2.0250000e+02;3.4735397e-02;2.0250000e+02;-1.0657266e-02;2.0250000e+02;-5.3682394e-02;2.0250000e+02;-9.6565515e-02;2.0250000e+02;-1.3893887e-01;2.0250000e+02;-1.8011746e-01;2.0250000e+02;-7.2280861e-02;2.0250000e+02;-3.9912835e-02;2.0250000e+02;1.6733956e-02;2.0250000e+02;8.1687979e-02;2.0250000e+02;1.5556861e-01;2.0250000e+02;2.1363959e-01;2.0250000e+02;2.5568026e-01;2.0250000e+02;2.8610894e-01;2.0250000e+02;2.7614221e-01;2.0250000e+02;2.2770052e-01;2.0250000e+02;1.4977156e-01;2.0250000e+02;8.6230949e-02;2.0250000e+02;3.4735397e-02;2.0250000e+02;-1.0657266e-02;2.0250000e+02;-5.3682394e-02;2.0250000e+02;-9.6565515e-02;2.0250000e+02;-1.3893887e-01;2.0250000e+02;-1.8011746e-01;2.0250000e+02;-7.2280861e-02;2.0250000e+02;-3.9912835e-02;2.0250000e+02;1.6733956e-02;2.0250000e+02;8.1687979e-02;2.0250000e+02;1.5556861e-01;2.0250000e+02;2.1363959e-01;2.0250000e+02;2.5568026e-01;2.0250000e+02;2.8610894e-01;2.0250000e+02;2.7614221e-01;2.0250000e+02;2.2770052e-01;2.0250000e+02;1.4977156e-01;2.0250000e+02;8.6230949e-02;2.0250000e+02;3.4735397e-02;2.0250000e+02;-1.0657266e-02;2.0250000e+02;-5.3682394e-02;2.0250000e+02;-9.6565515e-02;2.0250000e+02;-1.3893887e-01;2.0250000e+02;-1.8011746e-01;2.0250000e+02;-7.2280861e-02;2.0250000e+02;-3.9912835e-02;2.0250000e+02;1.6733956e-02;2.0250000e+02;8.1687979e-02;2.0250000e+02;1.5556861e-01;2.0250000e+02;2.1363959e-01;2.0250000e+02;2.5568026e-01;2.0250000e+02;2.8610894e-01;2.0250000e+02;2.7614221e-01;2.0250000e+02;2.2770052e-01;2.0250000e+02;1.4977156e-01;2.0250000e+02;8.6230949e-02;2.0250000e+02;3.4735397e-02;2.0250000e+02;-1.0657266e-02;2.0250000e+02;-5.3682394e-02;2.0250000e+02;-9.6565515e-02;2.0250000e+02;-1.3893887e-01;2.0250000e+02;-1.8011746e-01;2.0250000e+02;-7.2280861e-02;2.0250000e+02;-3.9912835e-02;2.0250000e+02;1.6733956e-02;2.0250000e+02;8.1687979e-02;2.0250000e+02;1.5556861e-01;2.0250000e+02;2.1363959e-01;2.0250000e+02;2.5568026e-01;2.0250000e+02;2.8610894e-01;2.0250000e+02;2.7614221e-01;2.0250000e+02;2.2770052e-01;2.0250000e+02;1.4977156e-01;2.0250000e+02;8.6230949e-02;2.0250000e+02;3.4735397e-02;2.0250000e+02;-1.0657266e-02;2.0250000e+02;-5.3682394e-02;2.0250000e+02;-9.6565515e-02;2.0250000e+02;-1.3893887e-01;2.0250000e+02;-1.8011746e-01;2.0250000e+02;-7.2280861e-02;2.0250000e+02;-3.9912835e-02;2.0250000e+02;1.6733956e-02;2.0250000e+02;8.1687979e-02;2.0250000e+02;1.5556861e-01;2.0250000e+02;2.1363959e-01;2.0250000e+02;2.5568026e-01;2.0250000e+02;2.8610894e-01;2.0250000e+02;2.7614221e-01;2.0250000e+02;2.2770052e-01;2.0250000e+02;1.4977156e-01;2.0250000e+02;8.6230949e-02;2.0250000e+02;3.4735397e-02;2.0250000e+02;-1.0657266e-02;2.0250000e+02;-5.3682394e-02;2.0250000e+02;-9.6565515e-02;2.0250000e+02;-1.3893887e-01;2.0250000e+02;-1.8011746e-01;2.0250000e+02;-7.2280861e-02;2.0250000e+02;-3.9912835e-02;2.0250000e+02;1.6733956e-02;2.0250000e+02;8.1687979e-02;2.0250000e+02;1.5556861e-01;2.0250000e+02;2.1363959e-01;2.0250000e+02;2.5568026e-01;2.0250000e+02;2.8610894e-01;2.0250000e+02;2.7614221e-01;2.0250000e+02;2.2770052e-01;2.0250000e+02;1.4977156e-01;2.0250000e+02;8.6230949e-02;2.0250000e+02;3.4735397e-02;2.0250000e+02;-1.0657266e-02;2.0250000e+02;-5.3682394e-02;2.0250000e+02;-9.6565515e-02;2.0250000e+02;-1.3893887e-01;2.0250000e+02;-1.8011746e-01;2.0250000e+02;-7.2280861e-02;2.0250000e+02;-3.9912835e-02;2.0250000e+02;1.6733956e-02;2.0250000e+02;8.1687979e-02;2.0250000e+02;1.5556861e-01;2.0250000e+02;2.1363959e-01;2.0250000e+02;2.5568026e-01;2.0250000e+02;2.8610894e-01;2.0250000e+02;2.7614221e-01;2.0250000e+02;2.2770052e-01;2.0250000e+02;1.4977156e-01;2.0250000e+02;8.6230949e-02;2.0250000e+02;3.4735397e-02;2.0250000e+02;-1.0657266e-02;2.0250000e+02;-5.3682394e-02;2.0250000e+02;-9.6565515e-02;2.0250000e+02;-1.3893887e-01;2.0250000e+02;-1.8011746e-01;2.0250000e+02;-7.2280861e-02;2.0250000e+02;-3.9912835e-02;2.0250000e+02;1.6733956e-02;2.0250000e+02;8.1687979e-02;2.0250000e+02;1.5556861e-01;2.0250000e+02;2.1363959e-01;2.0250000e+02;2.5568026e-01;2.0250000e+02;2.8610894e-01;2.0250000e+02;2.7614221e-01;2.0250000e+02;2.2770052e-01;2.0250000e+02;1.4977156e-01;2.0250000e+02;8.6230949e-02;2.0250000e+02;3.4735397e-02;2.0250000e+02;-1.0657266e-02;2.0250000e+02;-5.3682394e-02;2.0250000e+02;-9.6565515e-02;2.0250000e+02;-1.3893887e-01;2.0250000e+02;-1.8011746e-01;2.0250000e+02;-7.2280861e-02;2.0250000e+02;-3.9912835e-02;2.0250000e+02;1.6733956e-02;2.0250000e+02;8.1687979e-02;2.0250000e+02;1.5556861e-01;2.0250000e+02;2.1363959e-01;2.0250000e+02;2.5568026e-01;2.0250000e+02;2.8610894e-01;2.0250000e+02;2.7614221e-01;2.0250000e+02;2.2770052e-01;2.0250000e+02;1.4977156e-01;2.0250000e+02;8.6230949e-02;2.0250000e+02;3.4735397e-02;2.0250000e+02;-1.0657266e-02;2.0250000e+02;-5.3682394e-02;2.0250000e+02;-9.6565515e-02;2.0250000e+02;-1.3893887e-01;2.0250000e+02;-1.8011746e-01;2.0250000e+02;-7.2280861e-02;2.0250000e+02;-3.9912835e-02;2.0250000e+02;1.6733956e-02;2.0250000e+02;8.1687979e-02;2.0250000e+02;1.5556861e-01;2.0250000e+02;2.1363959e-01;2.0250000e+02;2.5568026e-01;2.0250000e+02;2.8610894e-01;2.0250000e+02;2.7614221e-01;2.0250000e+02;2.2770052e-01;2.0250000e+02;1.4977156e-01;2.0250000e+02;8.6230949e-02;2.0250000e+02;3.4735397e-02;2.0250000e+02;-1.0657266e-02;2.0250000e+02;-5.3682394e-02;2.0250000e+02;-9.6565515e-02;2.0250000e+02;-1.3893887e-01;2.0250000e+02;-1.8011746e-01;2.0250000e+02;-7.2280861e-02;2.0250000e+02;-3.9912835e-02;2.0250000e+02;1.6733956e-02;2.0250000e+02;8.1687979e-02;2.0250000e+02;1.5556861e-01;2.0250000e+02;2.1363959e-01;2.0250000e+02;2.5568026e-01;2.0250000e+02;2.8610894e-01;2.0250000e+02;2.7614221e-01;2.0250000e+02;2.2770052e-01;2.0250000e+02;1.4977156e-01;2.0250000e+02;8.6230949e-02;2.0250000e+02;3.4735397e-02;2.0250000e+02;-1.0657266e-02;2.0250000e+02;-5.3682394e-02;2.0250000e+02;-9.6565515e-02;2.0250000e+02;-1.3893887e-01;2.0250000e+02;-1.8011746e-01;2.0250000e+02;-7.2280861e-02;2.0250000e+02;-3.9912835e-02;2.0250000e+02;1.6733956e-02;2.0250000e+02;8.1687979e-02;2.0250000e+02;1.5556861e-01;2.0250000e+02;2.1363959e-01;2.0250000e+02;2.5568026e-01;2.0250000e+02;2.8610894e-01;2.0250000e+02;2.7614221e-01;2.0250000e+02;2.2770052e-01;2.0250000e+02;1.4977156e-01;2.0250000e+02;8.6230949e-02;2.0250000e+02;3.4735397e-02;2.0250000e+02;-1.0657266e-02;2.0250000e+02;-5.3682394e-02;2.0250000e+02;-9.6565515e-02;2.0250000e+02;-1.3893887e-01;2.0250000e+02;-1.8011746e-01;2.0250000e+02;-7.2280861e-02;2.0250000e+02;-3.9912835e-02;2.0250000e+02;1.6733956e-02;2.0250000e+02;8.1687979e-02;2.0250000e+02;1.5556861e-01;2.0250000e+02;2.1363959e-01;2.0250000e+02;2.5568026e-01;2.0250000e+02;2.8610894e-01;2.0250000e+02;2.7614221e-01;2.0250000e+02;2.2770052e-01;2.0250000e+02;1.4977156e-01;2.0250000e+02;8.6230949e-02;2.0250000e+02;3.4735397e-02;2.0250000e+02;-1.0657266e-02;2.0250000e+02;-5.3682394e-02;2.0250000e+02;-9.6565515e-02;2.0250000e+02;-1.3893887e-01;2.0250000e+02;-1.8011746e-01;2.0250000e+02;-7.2280861e-02;2.0250000e+02;-3.9912835e-02;2.0250000e+02;1.6733956e-02;2.0250000e+02;8.1687979e-02;2.0250000e+02;1.5556861e-01;2.0250000e+02;2.1363959e-01;2.0250000e+02;2.5568026e-01;2.0250000e+02;2.8610894e-01;2.0250000e+02;2.7614221e-01;2.0250000e+02;2.2770052e-01;2.0250000e+02;1.4977156e-01;2.0250000e+02;8.6230949e-02;2.0250000e+02;3.4735397e-02;2.0250000e+02;-1.0657266e-02;2.0250000e+02;-5.3682394e-02;2.0250000e+02;-9.6565515e-02;2.0250000e+02;-1.3893887e-01;2.0250000e+02;-1.8011746e-01;2.0250000e+02;-7.2280861e-02;2.0250000e+02;-3.9912835e-02;2.0250000e+02;1.6733956e-02;2.0250000e+02;8.1687979e-02;2.0250000e+02;1.5556861e-01;2.0250000e+02;2.1363959e-01;2.0250000e+02;2.5568026e-01;2.0250000e+02;2.8610894e-01;2.0250000e+02;2.7614221e-01;2.0250000e+02;2.2770052e-01;2.0250000e+02;1.4977156e-01;2.0250000e+02;8.6230949e-02;2.0250000e+02;3.4735397e-02;2.0250000e+02;-1.0657266e-02;2.0250000e+02;-5.3682394e-02;2.0250000e+02;-9.6565515e-02;2.0250000e+02;-1.3893887e-01;2.0250000e+02;-1.8011746e-01;2.0250000e+02;-7.2280861e-02;2.0250000e+02;-3.9912835e-02;2.0250000e+02;1.6733956e-02;2.0250000e+02;8.1687979e-02;2.0250000e+02;1.5556861e-01;2.0250000e+02;2.1363959e-01;2.0250000e+02;2.5568026e-01;2.0250000e+02;2.8610894e-01;2.0250000e+02;2.7614221e-01;2.0250000e+02;2.2770052e-01;2.0250000e+02;1.4977156e-01;2.0250000e+02;8.6230949e-02;2.0250000e+02;3.4735397e-02;2.0250000e+02;-1.0657266e-02;2.0250000e+02;-5.3682394e-02;2.0250000e+02;-9.6565515e-02;2.0250000e+02;-1.3893887e-01;2.0250000e+02;-1.8011746e-01;2.0250000e+02;-7.2280861e-02;2.0250000e+02;-3.9912835e-02;2.0250000e+02;1.6733956e-02;2.0250000e+02;8.1687979e-02;2.0250000e+02;1.5556861e-01;2.0250000e+02;2.1363959e-01;2.0250000e+02;2.5568026e-01;2.0250000e+02;2.8610894e-01;2.0250000e+02;2.7614221e-01;2.0250000e+02;2.2770052e-01;2.0250000e+02;1.4977156e-01;2.0250000e+02;8.6230949e-02;2.0250000e+02;3.4735397e-02;2.0250000e+02;-1.0657266e-02;2.0250000e+02;-5.3682394e-02;2.0250000e+02;-9.6565515e-02;2.0250000e+02;-1.3893887e-01;2.0250000e+02;-1.8011746e-01;2.0250000e+02;-7.2280861e-02;2.0250000e+02;-3.9912835e-02;2.0250000e+02;1.6733956e-02;2.0250000e+02;8.1687979e-02;2.0250000e+02;1.5556861e-01;2.0250000e+02;2.1363959e-01;2.0250000e+02;2.5568026e-01;2.0250000e+02;2.8610894e-01;2.0250000e+02;2.7614221e-01;2.0250000e+02;2.2770052e-01;2.0250000e+02;1.4977156e-01;2.0250000e+02;8.6230949e-02;2.0250000e+02;3.4735397e-02;2.0250000e+02;-1.0657266e-02;2.0250000e+02;-5.3682394e-02;2.0250000e+02;-9.6565515e-02;2.0250000e+02;-1.3893887e-01;2.0250000e+02;-1.8011746e-01;2.0250000e+02;-7.2280861e-02;2.0250000e+02;-3.9912835e-02;2.0250000e+02;1.6733956e-02;2.0250000e+02;8.1687979e-02;2.0250000e+02;1.5556861e-01;2.0250000e+02;2.1363959e-01;2.0250000e+02;2.5568026e-01;2.0250000e+02;2.8610894e-01;2.0250000e+02;2.7614221e-01;2.0250000e+02;2.2770052e-01;2.0250000e+02;1.4977156e-01;2.0250000e+02;8.6230949e-02;2.0250000e+02;3.4735397e-02;2.0250000e+02;-1.0657266e-02;2.0250000e+02;-5.3682394e-02;2.0250000e+02;-9.6565515e-02;2.0250000e+02;-1.3893887e-01;2.0250000e+02;-1.8011746e-01;2.0250000e+02;-7.2280861e-02;2.0250000e+02;-3.9912835e-02;2.0250000e+02;1.6733956e-02;2.0250000e+02;8.1687979e-02;2.0250000e+02;1.5556861e-01;2.0250000e+02;2.1363959e-01;2.0250000e+02;2.5568026e-01;2.0250000e+02;2.8610894e-01;2.0250000e+02;2.7614221e-01;2.0250000e+02;2.2770052e-01;2.0250000e+02;1.4977156e-01;2.0250000e+02;8.6230949e-02;2.0250000e+02;3.4735397e-02;2.0250000e+02;-1.0657266e-02;2.0250000e+02;-5.3682394e-02;2.0250000e+02;-9.6565515e-02;2.0250000e+02;-1.3893887e-01;2.0250000e+02;-1.8011746e-01;2.0250000e+02;-7.2280861e-02;2.0250000e+02;-3.9912835e-02;2.0250000e+02;1.6733956e-02;2.0250000e+02;8.1687979e-02;2.0250000e+02;1.5556861e-01;2.0250000e+02;2.1363959e-01;2.0250000e+02;2.5568026e-01;2.0250000e+02;2.8610894e-01;2.0250000e+02;2.7614221e-01;2.0250000e+02;2.2770052e-01;2.0250000e+02;1.4977156e-01;2.0250000e+02;8.6230949e-02;2.0250000e+02;3.4735397e-02;2.0250000e+02;-1.0657266e-02;2.0250000e+02;-5.3682394e-02;2.0250000e+02;-9.6565515e-02;2.0250000e+02;-1.3893887e-01;2.0250000e+02;-1.8011746e-01;2.0250000e+02;-7.2280861e-02;2.0250000e+02;-3.9912835e-02;2.0250000e+02;1.6733956e-02;2.0250000e+02;8.1687979e-02;2.0250000e+02;1.5556861e-01;2.0250000e+02;2.1363959e-01;2.0250000e+02;2.5568026e-01;2.0250000e+02;2.8610894e-01;2.0250000e+02;2.7614221e-01;2.0250000e+02;2.2770052e-01;2.0250000e+02;1.4977156e-01;2.0250000e+02;8.6230949e-02;2.0250000e+02;3.4735397e-02;2.0250000e+02;-1.0657266e-02;2.0250000e+02;-5.3682394e-02;2.0250000e+02;-9.6565515e-02;2.0250000e+02;-1.3893887e-01;2.0250000e+02;-1.8011746e-01;2.0250000e+02;-7.2280861e-02;2.0250000e+02;-3.9912835e-02;2.0250000e+02;1.6733956e-02;2.0250000e+02;8.1687979e-02;2.0250000e+02;1.5556861e-01;2.0250000e+02;2.1363959e-01;2.0250000e+02;2.5568026e-01;2.0250000e+02;2.8610894e-01;2.0250000e+02;2.7614221e-01;2.0250000e+02;2.2770052e-01;2.0250000e+02;1.4977156e-01;2.0250000e+02;8.6230949e-02;2.0250000e+02;3.4735397e-02;2.0250000e+02;-1.0657266e-02;2.0250000e+02;-5.3682394e-02;2.0250000e+02;-9.6565515e-02;2.0250000e+02;-1.3893887e-01;2.0250000e+02;-1.8011746e-01;2.0250000e+02;-7.2280861e-02;2.0250000e+02;-3.9912835e-02;2.0250000e+02;1.6733956e-02;2.0250000e+02;8.1687979e-02;2.0250000e+02;1.5556861e-01;2.0250000e+02;2.1363959e-01;2.0250000e+02;2.5568026e-01;2.0250000e+02;2.8610894e-01;2.0250000e+02;2.7614221e-01;2.0250000e+02;2.2770052e-01;2.0250000e+02;1.4977156e-01;2.0250000e+02;8.6230949e-02;2.0250000e+02;3.4735397e-02;2.0250000e+02;-1.0657266e-02;2.0250000e+02;-5.3682394e-02;2.0250000e+02;-9.6565515e-02;2.0250000e+02;-1.3893887e-01;2.0250000e+02;-1.8011746e-01;2.0250000e+02;-7.2280861e-02;2.0250000e+02;-3.9912835e-02;2.0250000e+02;1.6733956e-02;2.0250000e+02;8.1687979e-02;2.0250000e+02;1.5556861e-01;2.0250000e+02;2.1363959e-01;2.0250000e+02;2.5568026e-01;2.0250000e+02;2.8610894e-01;2.0250000e+02;2.7614221e-01;2.0250000e+02;2.2770052e-01;2.0250000e+02;1.4977156e-01;2.0250000e+02;8.6230949e-02;2.0250000e+02;3.4735397e-02;2.0250000e+02;-1.0657266e-02;2.0250000e+02;-5.3682394e-02;2.0250000e+02;-9.6565515e-02;2.0250000e+02;-1.3893887e-01;2.0250000e+02;-1.8011746e-01;2.0250000e+02;-7.2280861e-02;2.0250000e+02;-3.9912835e-02;2.0250000e+02;1.6733956e-02;2.0250000e+02;8.1687979e-02;2.0250000e+02;1.5556861e-01;2.0250000e+02;2.1363959e-01;2.0250000e+02;2.5568026e-01;2.0250000e+02;2.8610894e-01;2.0250000e+02;2.7614221e-01;2.0250000e+02;2.2770052e-01;2.0250000e+02;1.4977156e-01;2.0250000e+02;8.6230949e-02;2.0250000e+02;3.4735397e-02;2.0250000e+02;-1.0657266e-02;2.0250000e+02;-5.3682394e-02;2.0250000e+02;-9.6565515e-02;2.0250000e+02;-1.3893887e-01;2.0250000e+02;-1.8011746e-01;2.0250000e+02;-7.2280861e-02;2.0250000e+02;-3.9912835e-02;2.0250000e+02;1.6733956e-02;2.0250000e+02;8.1687979e-02;2.0250000e+02;1.5556861e-01;2.0250000e+02;2.1363959e-01;2.0250000e+02;2.5568026e-01;2.0250000e+02;2.8610894e-01;2.0250000e+02;2.7614221e-01;2.0250000e+02;2.2770052e-01;2.0250000e+02;1.4977156e-01;2.0250000e+02;8.6230949e-02;2.0250000e+02;3.4735397e-02;2.0250000e+02;-1.0657266e-02;2.0250000e+02;-5.3682394e-02;2.0250000e+02;-9.6565515e-02;2.0250000e+02;-1.3893887e-01;2.0250000e+02;-1.8011746e-01;2.0250000e+02;-7.2280861e-02;2.0250000e+02;-3.9912835e-02;2.0250000e+02;1.6733956e-02;2.0250000e+02;8.1687979e-02;2.0250000e+02;1.5556861e-01;2.0250000e+02;2.1363959e-01;2.0250000e+02;2.5568026e-01;2.0250000e+02;2.8610894e-01;2.0250000e+02;2.7614221e-01;2.0250000e+02;2.2770052e-01;2.0250000e+02;1.4977156e-01;2.0250000e+02;8.6230949e-02;2.0250000e+02;3.4735397e-02;2.0250000e+02;-1.0657266e-02;2.0250000e+02;-5.3682394e-02;2.0250000e+02;-9.6565515e-02;2.0250000e+02;-1.3893887e-01;2.0250000e+02;-1.8011746e-01;2.0250000e+02;-7.2280861e-02;2.0250000e+02;-3.9912835e-02;2.0250000e+02;1.6733956e-02;2.0250000e+02;8.1687979e-02;2.0250000e+02;1.5556861e-01;2.0250000e+02;2.1363959e-01;2.0250000e+02;2.5568026e-01;2.0250000e+02;2.8610894e-01;2.0250000e+02;2.7614221e-01;2.0250000e+02;2.2770052e-01;2.0250000e+02;1.4977156e-01;2.0250000e+02;8.6230949e-02;2.0250000e+02;3.4735397e-02;2.0250000e+02;-1.0657266e-02;2.0250000e+02;-5.3682394e-02;2.0250000e+02;-9.6565515e-02;2.0250000e+02;-1.3893887e-01;2.0250000e+02;-1.8011746e-01;2.0250000e+02;-7.2280861e-02;2.0250000e+02;-3.9912835e-02;2.0250000e+02;1.6733956e-02;2.0250000e+02;8.1687979e-02;2.0250000e+02;1.5556861e-01;2.0250000e+02;2.1363959e-01;2.0250000e+02;2.5568026e-01;2.0250000e+02;2.8610894e-01;2.0250000e+02;2.7614221e-01;2.0250000e+02;2.2770052e-01;2.0250000e+02;1.4977156e-01;2.0250000e+02;8.6230949e-02;2.0250000e+02;3.4735397e-02;2.0250000e+02;-1.0657266e-02;2.0250000e+02;-5.3682394e-02;2.0250000e+02;-9.6565515e-02;2.0250000e+02;-1.3893887e-01;2.0250000e+02;-1.8011746e-01;2.0250000e+02;-7.2280861e-02;2.0250000e+02;-3.9912835e-02;2.0250000e+02;1.6733956e-02;2.0250000e+02;8.1687979e-02;2.0250000e+02;1.5556861e-01;2.0250000e+02;2.1363959e-01;2.0250000e+02;2.5568026e-01;2.0250000e+02;2.8610894e-01;2.0250000e+02;2.7614221e-01;2.0250000e+02;2.2770052e-01;2.0250000e+02;1.4977156e-01;2.0250000e+02;8.6230949e-02;2.0250000e+02;3.4735397e-02;2.0250000e+02;-1.0657266e-02;2.0250000e+02;-5.3682394e-02;2.0250000e+02;-9.6565515e-02;2.0250000e+02;-1.3893887e-01;2.0250000e+02;-1.8011746e-01;2.0250000e+02;-7.2280861e-02;2.0250000e+02;-3.9912835e-02;2.0250000e+02;1.6733956e-02;2.0250000e+02;8.1687979e-02;2.0250000e+02;1.5556861e-01;2.0250000e+02;2.1363959e-01;2.0250000e+02;2.5568026e-01;2.0250000e+02;2.8610894e-01;2.0250000e+02;2.7614221e-01;2.0250000e+02;2.2770052e-01;2.0250000e+02;1.4977156e-01;2.0250000e+02;8.6230949e-02;2.0250000e+02;3.4735397e-02;2.0250000e+02;-1.0657266e-02;2.0250000e+02;-5.3682394e-02;2.0250000e+02;-9.6565515e-02;2.0250000e+02;-1.3893887e-01;2.0250000e+02;-1.8011746e-01;2.0250000e+02;-7.2280861e-02;2.0250000e+02;-3.9912835e-02;2.0250000e+02;1.6733956e-02;2.0250000e+02;8.1687979e-02;2.0250000e+02;1.5556861e-01;2.0250000e+02;2.1363959e-01;2.0250000e+02;2.5568026e-01;2.0250000e+02;2.8610894e-01;2.0250000e+02;2.7614221e-01;2.0250000e+02;2.2770052e-01;2.0250000e+02;1.4977156e-01;2.0250000e+02;8.6230949e-02;2.0250000e+02;3.4735397e-02;2.0250000e+02;-1.0657266e-02;2.0250000e+02;-5.3682394e-02;2.0250000e+02;-9.6565515e-02;2.0250000e+02;-1.3893887e-01;2.0250000e+02;-1.8011746e-01;2.0250000e+02;-7.2280861e-02;2.0250000e+02;-3.9912835e-02;2.0250000e+02;1.6733956e-02;2.0250000e+02;8.1687979e-02;2.0250000e+02;1.5556861e-01;2.0250000e+02;2.1363959e-01;2.0250000e+02;2.5568026e-01;2.0250000e+02;2.8610894e-01;2.0250000e+02;2.7614221e-01;2.0250000e+02;2.2770052e-01;2.0250000e+02;1.4977156e-01;2.0250000e+02;8.6230949e-02;2.0250000e+02;3.4735397e-02;2.0250000e+02;-1.0657266e-02;2.0250000e+02;-5.3682394e-02;2.0250000e+02;-9.6565515e-02;2.0250000e+02;-1.3893887e-01;2.0250000e+02;-1.8011746e-01;2.0250000e+02;-7.2280861e-02;2.0250000e+02;-3.9912835e-02;2.0250000e+02;1.6733956e-02;2.0250000e+02;8.1687979e-02;2.0250000e+02;1.5556861e-01;2.0250000e+02;2.1363959e-01;2.0250000e+02;2.5568026e-01;2.0250000e+02;2.8610894e-01;2.0250000e+02;2.7614221e-01;2.0250000e+02;2.2770052e-01;2.0250000e+02;1.4977156e-01;2.0250000e+02;8.6230949e-02;2.0250000e+02;3.4735397e-02;2.0250000e+02;-1.0657266e-02;2.0250000e+02;-5.3682394e-02;2.0250000e+02;-9.6565515e-02;2.0250000e+02;-1.3893887e-01;2.0250000e+02;-1.8011746e-01;2.0250000e+02;-7.2280861e-02;2.0250000e+02;-3.9912835e-02;2.0250000e+02;1.6733956e-02;2.0250000e+02;8.1687979e-02;2.0250000e+02;1.5556861e-01;2.0250000e+02;2.1363959e-01;2.0250000e+02;2.5568026e-01;2.0250000e+02;2.8610894e-01;2.0250000e+02;2.7614221e-01;2.0250000e+02;2.2770052e-01;2.0250000e+02;1.4977156e-01;2.0250000e+02;8.6230949e-02;2.0250000e+02;3.4735397e-02;2.0250000e+02;-1.0657266e-02;2.0250000e+02;-5.3682394e-02;2.0250000e+02;-9.6565515e-02;2.0250000e+02;-1.3893887e-01;2.0250000e+02;-1.8011746e-01;2.0250000e+02;-7.2280861e-02;2.0250000e+02;-3.9912835e-02;2.0250000e+02;1.6733956e-02;2.0250000e+02;8.1687979e-02;2.0250000e+02;1.5556861e-01;2.0250000e+02;2.1363959e-01;2.0250000e+02;2.5568026e-01;2.0250000e+02;2.8610894e-01;2.0250000e+02;2.7614221e-01;2.0250000e+02;2.2770052e-01;2.0250000e+02;1.4977156e-01;2.0250000e+02;8.6230949e-02;2.0250000e+02;3.4735397e-02;2.0250000e+02;-1.0657266e-02;2.0250000e+02;-5.3682394e-02;2.0250000e+02;-9.6565515e-02;2.0250000e+02;-1.3893887e-01;2.0250000e+02;-1.8011746e-01;2.0250000e+02;-7.2280861e-02;2.0250000e+02;-3.9912835e-02;2.0250000e+02;1.6733956e-02;2.0250000e+02;8.1687979e-02;2.0250000e+02;1.5556861e-01;2.0250000e+02;2.1363959e-01;2.0250000e+02;2.5568026e-01;2.0250000e+02;2.8610894e-01;2.0250000e+02;2.7614221e-01;2.0250000e+02;2.2770052e-01;2.0250000e+02;1.4977156e-01;2.0250000e+02;8.6230949e-02;2.0250000e+02;3.4735397e-02;2.0250000e+02;-1.0657266e-02;2.0250000e+02;-5.3682394e-02;2.0250000e+02;-9.6565515e-02;2.0250000e+02;-1.3893887e-01;2.0250000e+02;-1.8011746e-01;2.0250000e+02;-7.2280861e-02;2.0250000e+02;-3.9912835e-02;2.0250000e+02;1.6733956e-02;2.0250000e+02;8.1687979e-02;2.0250000e+02;1.5556861e-01;2.0250000e+02;2.1363959e-01;2.0250000e+02;2.5568026e-01;2.0250000e+02;2.8610894e-01;2.0250000e+02;2.7614221e-01;2.0250000e+02;2.2770052e-01;2.0250000e+02;1.4977156e-01;2.0250000e+02;8.6230949e-02;2.0250000e+02;3.4735397e-02;2.0250000e+02;-1.0657266e-02;2.0250000e+02;-5.3682394e-02;2.0250000e+02;-9.6565515e-02;2.0250000e+02;-1.3893887e-01;2.0250000e+02;-1.8011746e-01;2.0250000e+02;-7.2280861e-02;2.0250000e+02;-3.9912835e-02;2.0250000e+02;1.6733956e-02;2.0250000e+02;8.1687979e-02;2.0250000e+02;1.5556861e-01;2.0250000e+02;2.1363959e-01;2.0250000e+02;2.5568026e-01;2.0250000e+02;2.8610894e-01;2.0250000e+02;2.7614221e-01;2.0250000e+02;2.2770052e-01;2.0250000e+02;1.4977156e-01;2.0250000e+02;8.6230949e-02;2.0250000e+02;3.4735397e-02;2.0250000e+02;-1.0657266e-02;2.0250000e+02;-5.3682394e-02;2.0250000e+02;-9.6565515e-02;2.0250000e+02;-1.3893887e-01;2.0250000e+02;-1.8011746e-01;2.0250000e+02;-7.2280861e-02;2.0250000e+02;-3.9912835e-02;2.0250000e+02;1.6733956e-02;2.0250000e+02;8.1687979e-02;2.0250000e+02;1.5556861e-01;2.0250000e+02;2.1363959e-01;2.0250000e+02;2.5568026e-01;2.0250000e+02;2.8610894e-01;2.0250000e+02;2.7614221e-01;2.0250000e+02;2.2770052e-01;2.0250000e+02;1.4977156e-01;2.0250000e+02;8.6230949e-02;2.0250000e+02;3.4735397e-02;2.0250000e+02;-1.0657266e-02;2.0250000e+02;-5.3682394e-02;2.0250000e+02;-9.6565515e-02;2.0250000e+02;-1.3893887e-01;2.0250000e+02;-1.8011746e-01;2.0250000e+02;-7.2280861e-02;2.0250000e+02;-3.9912835e-02;2.0250000e+02;1.6733956e-02;2.0250000e+02;8.1687979e-02;2.0250000e+02;1.5556861e-01;2.0250000e+02;2.1363959e-01;2.0250000e+02;2.5568026e-01;2.0250000e+02;2.8610894e-01;2.0250000e+02;2.7614221e-01;2.0250000e+02;2.2770052e-01;2.0250000e+02;1.4977156e-01;2.0250000e+02;8.6230949e-02;2.0250000e+02;3.4735397e-02;2.0250000e+02;-1.0657266e-02;2.0250000e+02;-5.3682394e-02;2.0250000e+02;-9.6565515e-02;2.0250000e+02;-1.3893887e-01;2.0250000e+02;-1.8011746e-01;2.0250000e+02;-7.2280861e-02;2.0250000e+02;-3.9912835e-02;2.0250000e+02;1.6733956e-02;2.0250000e+02;8.1687979e-02;2.0250000e+02;1.5556861e-01;2.0250000e+02;2.1363959e-01;2.0250000e+02;2.5568026e-01;2.0250000e+02;2.8610894e-01;2.0250000e+02;2.7614221e-01;2.0250000e+02;2.2770052e-01;2.0250000e+02;1.4977156e-01;2.0250000e+02;8.6230949e-02;2.0250000e+02;3.4735397e-02;2.0250000e+02;-1.0657266e-02;2.0250000e+02;-5.3682394e-02;2.0250000e+02;-9.6565515e-02;2.0250000e+02;-1.3893887e-01;2.0250000e+02;-1.8011746e-01;2.0250000e+02;-7.2280861e-02;2.0250000e+02;-3.9912835e-02;2.0250000e+02;1.6733956e-02;2.0250000e+02;8.1687979e-02;2.0250000e+02;1.5556861e-01;2.0250000e+02;2.1363959e-01;2.0250000e+02;2.5568026e-01;2.0250000e+02;2.8610894e-01;2.0250000e+02;2.7614221e-01;2.0250000e+02;2.2770052e-01;2.0250000e+02;1.4977156e-01;2.0250000e+02;8.6230949e-02;2.0250000e+02;3.4735397e-02;2.0250000e+02;-1.0657266e-02;2.0250000e+02;-5.3682394e-02;2.0250000e+02;-9.6565515e-02;2.0250000e+02;-1.3893887e-01;2.0250000e+02;-1.8011746e-01;2.0250000e+02;-7.2280861e-02;2.0250000e+02;-3.9912835e-02;2.0250000e+02;1.6733956e-02;2.0250000e+02;8.1687979e-02;2.0250000e+02;1.5556861e-01;2.0250000e+02;2.1363959e-01;2.0250000e+02;2.5568026e-01;2.0250000e+02;2.8610894e-01;2.0250000e+02;2.7614221e-01;2.0250000e+02;2.2770052e-01;2.0250000e+02;1.4977156e-01;2.0250000e+02;8.6230949e-02;2.0250000e+02;3.4735397e-02;2.0250000e+02;-1.0657266e-02;2.0250000e+02;-5.3682394e-02;2.0250000e+02;-9.6565515e-02;2.0250000e+02;-1.3893887e-01;2.0250000e+02;-1.8011746e-01;2.0250000e+02;-7.2280861e-02;2.0250000e+02;-3.9912835e-02;2.0250000e+02;1.6733956e-02;2.0250000e+02;8.1687979e-02;2.0250000e+02;1.5556861e-01;2.0250000e+02;2.1363959e-01;2.0250000e+02;2.5568026e-01;2.0250000e+02;2.8610894e-01;2.0250000e+02;2.7614221e-01;2.0250000e+02;2.2770052e-01;2.0250000e+02;1.4977156e-01;2.0250000e+02;8.6230949e-02;2.0250000e+02;3.4735397e-02;2.0250000e+02;-1.0657266e-02;2.0250000e+02;-5.3682394e-02;2.0250000e+02;-9.6565515e-02;2.0250000e+02;-1.3893887e-01;2.0250000e+02;-1.8011746e-01;2.0250000e+02;-7.2280861e-02;2.0250000e+02;-3.9912835e-02;2.0250000e+02;1.6733956e-02;2.0250000e+02;8.1687979e-02;2.0250000e+02;1.5556861e-01;2.0250000e+02;2.1363959e-01;2.0250000e+02;2.5568026e-01;2.0250000e+02;2.8610894e-01;2.0250000e+02;2.7614221e-01;2.0250000e+02;2.2770052e-01;2.0250000e+02;1.4977156e-01;2.0250000e+02;8.6230949e-02;2.0250000e+02;3.4735397e-02;2.0250000e+02;-1.0657266e-02;2.0250000e+02;-5.3682394e-02;2.0250000e+02;-9.6565515e-02;2.0250000e+02;-1.3893887e-01;2.0250000e+02;-1.8011746e-01;2.0250000e+02;-7.2280861e-02;2.0250000e+02;-3.9912835e-02;2.0250000e+02;1.6733956e-02;2.0250000e+02;8.1687979e-02;2.0250000e+02;1.5556861e-01;2.0250000e+02;2.1363959e-01;2.0250000e+02;2.5568026e-01;2.0250000e+02;2.8610894e-01;2.0250000e+02;2.7614221e-01;2.0250000e+02;2.2770052e-01;2.0250000e+02;1.4977156e-01;2.0250000e+02;8.6230949e-02;2.0250000e+02;3.4735397e-02;2.0250000e+02;-1.0657266e-02;2.0250000e+02;-5.3682394e-02;2.0250000e+02;-9.6565515e-02;2.0250000e+02;-1.3893887e-01;2.0250000e+02;-1.8011746e-01;2.0250000e+02;-7.2280861e-02;2.0250000e+02;-3.9912835e-02;2.0250000e+02;1.6733956e-02;2.0250000e+02;8.1687979e-02;2.0250000e+02;1.5556861e-01;2.0250000e+02;2.1363959e-01;2.0250000e+02;2.5568026e-01;2.0250000e+02;2.8610894e-01;2.0250000e+02;2.7614221e-01;2.0250000e+02;2.2770052e-01;2.0250000e+02;1.4977156e-01;2.0250000e+02;8.6230949e-02;2.0250000e+02;3.4735397e-02;2.0250000e+02;-1.0657266e-02;2.0250000e+02;-5.3682394e-02;2.0250000e+02;-9.6565515e-02;2.0250000e+02;-1.3893887e-01;2.0250000e+02;-1.8011746e-01;2.0250000e+02;-7.2280861e-02;2.0250000e+02;-3.9912835e-02;2.0250000e+02;1.6733956e-02;2.0250000e+02;8.1687979e-02;2.0250000e+02;1.5556861e-01;2.0250000e+02;2.1363959e-01;2.0250000e+02;2.5568026e-01;2.0250000e+02;2.8610894e-01;2.0250000e+02;2.7614221e-01;2.0250000e+02;2.2770052e-01;2.0250000e+02;1.4977156e-01;2.0250000e+02;8.6230949e-02;2.0250000e+02;3.4735397e-02;2.0250000e+02;-1.0657266e-02;2.0250000e+02;-5.3682394e-02;2.0250000e+02;-9.6565515e-02;2.0250000e+02;-1.3893887e-01;2.0250000e+02;-1.8011746e-01;2.0250000e+02;-7.2280861e-02;2.0250000e+02;-3.9912835e-02;2.0250000e+02;1.6733956e-02;2.0250000e+02;8.1687979e-02;2.0250000e+02;1.5556861e-01;2.0250000e+02;2.1363959e-01;2.0250000e+02;2.5568026e-01;2.0250000e+02;2.8610894e-01;2.0250000e+02;2.7614221e-01;2.0250000e+02;2.2770052e-01;2.0250000e+02;1.4977156e-01;2.0250000e+02;8.6230949e-02;2.0250000e+02;3.4735397e-02;2.0250000e+02;-1.0657266e-02;2.0250000e+02;-5.3682394e-02;2.0250000e+02;-9.6565515e-02;2.0250000e+02;-1.3893887e-01;2.0250000e+02;-1.8011746e-01;2.0250000e+02;-7.2280861e-02;2.0250000e+02;-3.9912835e-02;2.0250000e+02;1.6733956e-02;2.0250000e+02;8.1687979e-02;2.0250000e+02;1.5556861e-01;2.0250000e+02;2.1363959e-01;2.0250000e+02;2.5568026e-01;2.0250000e+02;2.8610894e-01;2.0250000e+02;2.7614221e-01;2.0250000e+02;2.2770052e-01;2.0250000e+02;1.4977156e-01;2.0250000e+02;8.6230949e-02;2.0250000e+02;3.4735397e-02;2.0250000e+02;-1.0657266e-02;2.0250000e+02;-5.3682394e-02;2.0250000e+02;-9.6565515e-02;2.0250000e+02;-1.3893887e-01;2.0250000e+02;-1.8011746e-01;2.0250000e+02;-7.2280861e-02;2.0250000e+02;-3.9912835e-02;2.0250000e+02;1.6733956e-02;2.0250000e+02;8.1687979e-02;2.0250000e+02;1.5556861e-01;2.0250000e+02;2.1363959e-01;2.0250000e+02;2.5568026e-01;2.0250000e+02;2.8610894e-01;2.0250000e+02;2.7614221e-01;2.0250000e+02;2.2770052e-01;2.0250000e+02;1.4977156e-01;2.0250000e+02;8.6230949e-02;2.0250000e+02;3.4735397e-02;2.0250000e+02;-1.0657266e-02;2.0250000e+02;-5.3682394e-02;2.0250000e+02;-9.6565515e-02;2.0250000e+02;-1.3893887e-01;2.0250000e+02;-1.8011746e-01;2.0250000e+02;-7.2280861e-02;2.0250000e+02;-3.9912835e-02;2.0250000e+02;1.6733956e-02;2.0250000e+02;8.1687979e-02;2.0250000e+02;1.5556861e-01;2.0250000e+02;2.1363959e-01;2.0250000e+02;2.5568026e-01;2.0250000e+02;2.8610894e-01;2.0250000e+02;2.7614221e-01;2.0250000e+02;2.2770052e-01;2.0250000e+02;1.4977156e-01;2.0250000e+02;8.6230949e-02;2.0250000e+02;3.4735397e-02;2.0250000e+02;-1.0657266e-02;2.0250000e+02;-5.3682394e-02;2.0250000e+02;-9.6565515e-02;2.0250000e+02;-1.3893887e-01;2.0250000e+02;-1.8011746e-01;2.0250000e+02;-7.2280861e-02;2.0250000e+02;-3.9912835e-02;2.0250000e+02;1.6733956e-02;2.0250000e+02;8.1687979e-02;2.0250000e+02;1.5556861e-01;2.0250000e+02;2.1363959e-01;2.0250000e+02;2.5568026e-01;2.0250000e+02;2.8610894e-01;2.0250000e+02;2.7614221e-01;2.0250000e+02;2.2770052e-01;2.0250000e+02;1.4977156e-01;2.0250000e+02;8.6230949e-02;2.0250000e+02;3.4735397e-02;2.0250000e+02;-1.0657266e-02;2.0250000e+02;-5.3682394e-02;2.0250000e+02;-9.6565515e-02;2.0250000e+02;-1.3893887e-01;2.0250000e+02;-1.8011746e-01;2.0250000e+02;-7.2280861e-02;2.0250000e+02;-3.9912835e-02;2.0250000e+02;1.6733956e-02;2.0250000e+02;8.1687979e-02;2.0250000e+02;1.5556861e-01;2.0250000e+02;2.1363959e-01;2.0250000e+02;2.5568026e-01;2.0250000e+02;2.8610894e-01;2.0250000e+02;2.7614221e-01;2.0250000e+02;2.2770052e-01;2.0250000e+02;1.4977156e-01;2.0250000e+02;8.6230949e-02;2.0250000e+02;3.4735397e-02;2.0250000e+02;-1.0657266e-02;2.0250000e+02;-5.3682394e-02;2.0250000e+02;-9.6565515e-02;2.0250000e+02;-1.3893887e-01;2.0250000e+02;-1.8011746e-01;2.0250000e+02;-7.2280861e-02;2.0250000e+02;-3.9912835e-02;2.0250000e+02;1.6733956e-02;2.0250000e+02;8.1687979e-02;2.0250000e+02;1.5556861e-01;2.0250000e+02;2.1363959e-01;2.0250000e+02;2.5568026e-01;2.0250000e+02;2.8610894e-01;2.0250000e+02;2.7614221e-01;2.0250000e+02;2.2770052e-01;2.0250000e+02;1.4977156e-01;2.0250000e+02;8.6230949e-02;2.0250000e+02;3.4735397e-02;2.0250000e+02;-1.0657266e-02;2.0250000e+02;-5.3682394e-02;2.0250000e+02;-9.6565515e-02;2.0250000e+02;-1.3893887e-01;2.0250000e+02;-1.8011746e-01;2.0250000e+02;-7.2280861e-02;2.0250000e+02;-3.9912835e-02;2.0250000e+02;1.6733956e-02;2.0250000e+02;8.1687979e-02;2.0250000e+02;1.5556861e-01;2.0250000e+02;2.1363959e-01;2.0250000e+02;2.5568026e-01;2.0250000e+02;2.8610894e-01;2.0250000e+02;2.7614221e-01;2.0250000e+02;2.2770052e-01;2.0250000e+02;1.4977156e-01;2.0250000e+02;8.6230949e-02;2.0250000e+02;3.4735397e-02;2.0250000e+02;-1.0657266e-02;2.0250000e+02;-5.3682394e-02;2.0250000e+02;-9.6565515e-02;2.0250000e+02;-1.3893887e-01;2.0250000e+02;-1.8011746e-01;2.0250000e+02;-7.2280861e-02;2.0250000e+02;-3.9912835e-02;2.0250000e+02;1.6733956e-02;2.0250000e+02;8.1687979e-02;2.0250000e+02;1.5556861e-01;2.0250000e+02;2.1363959e-01;2.0250000e+02;2.5568026e-01;2.0250000e+02;2.8610894e-01;2.0250000e+02;2.7614221e-01;2.0250000e+02;2.2770052e-01;2.0250000e+02;1.4977156e-01;2.0250000e+02;8.6230949e-02;2.0250000e+02;3.4735397e-02;2.0250000e+02;-1.0657266e-02;2.0250000e+02;-5.3682394e-02;2.0250000e+02;-9.6565515e-02;2.0250000e+02;-1.3893887e-01;2.0250000e+02;-1.8011746e-01;2.0250000e+02;-7.2280861e-02;2.0250000e+02;-3.9912835e-02;2.0250000e+02;1.6733956e-02;2.0250000e+02;8.1687979e-02;2.0250000e+02;1.5556861e-01;2.0250000e+02;2.1363959e-01;2.0250000e+02;2.5568026e-01;2.0250000e+02;2.8610894e-01;2.0250000e+02;2.7614221e-01;2.0250000e+02;2.2770052e-01;2.0250000e+02;1.4977156e-01;2.0250000e+02;8.6230949e-02;2.0250000e+02;3.4735397e-02;2.0250000e+02;-1.0657266e-02;2.0250000e+02;-5.3682394e-02;2.0250000e+02;-9.6565515e-02;2.0250000e+02;-1.3893887e-01;2.0250000e+02;-1.8011746e-01;2.0250000e+02;-7.2280861e-02;2.0250000e+02;-3.9912835e-02;2.0250000e+02;1.6733956e-02;2.0250000e+02;8.1687979e-02;2.0250000e+02;1.5556861e-01;2.0250000e+02;2.1363959e-01;2.0250000e+02;2.5568026e-01;2.0250000e+02;2.8610894e-01;2.0250000e+02;2.7614221e-01;2.0250000e+02;2.2770052e-01;2.0250000e+02;1.4977156e-01;2.0250000e+02;8.6230949e-02;2.0250000e+02;3.4735397e-02;2.0250000e+02;-1.0657266e-02;2.0250000e+02;-5.3682394e-02;2.0250000e+02;-9.6565515e-02;2.0250000e+02;-1.3893887e-01;2.0250000e+02;-1.8011746e-01;2.0250000e+02;-7.2280861e-02;2.0250000e+02;-3.9912835e-02;2.0250000e+02;1.6733956e-02;2.0250000e+02;8.1687979e-02;2.0250000e+02;1.5556861e-01;2.0250000e+02;2.1363959e-01;2.0250000e+02;2.5568026e-01;2.0250000e+02;2.8610894e-01;2.0250000e+02;2.7614221e-01;2.0250000e+02;2.2770052e-01;2.0250000e+02;1.4977156e-01;2.0250000e+02;8.6230949e-02;2.0250000e+02;3.4735397e-02;2.0250000e+02;-1.0657266e-02;2.0250000e+02;-5.3682394e-02;2.0250000e+02;-9.6565515e-02;2.0250000e+02;-1.3893887e-01;2.0250000e+02;-1.8011746e-01;2.0250000e+02;-7.2280861e-02;2.0250000e+02;-3.9912835e-02;2.0250000e+02;1.6733956e-02;2.0250000e+02;8.1687979e-02;2.0250000e+02;1.5556861e-01;2.0250000e+02;2.1363959e-01;2.0250000e+02;2.5568026e-01;2.0250000e+02;2.8610894e-01;2.0250000e+02;2.7614221e-01;2.0250000e+02;2.2770052e-01;2.0250000e+02;1.4977156e-01;2.0250000e+02;8.6230949e-02;2.0250000e+02;3.4735397e-02;2.0250000e+02;-1.0657266e-02;2.0250000e+02;-5.3682394e-02;2.0250000e+02;-9.6565515e-02;2.0250000e+02;-1.3893887e-01;2.0250000e+02;-1.8011746e-01;2.0250000e+02;-7.2280861e-02;2.0250000e+02;-3.9912835e-02;2.0250000e+02;1.6733956e-02;2.0250000e+02;8.1687979e-02;2.0250000e+02;1.5556861e-01;2.0250000e+02;2.1363959e-01;2.0250000e+02;2.5568026e-01;2.0250000e+02;2.8610894e-01;2.0250000e+02;2.7614221e-01;2.0250000e+02;2.2770052e-01;2.0250000e+02;1.4977156e-01;2.0250000e+02;8.6230949e-02;2.0250000e+02;3.4735397e-02;2.0250000e+02;-1.0657266e-02;2.0250000e+02;-5.3682394e-02;2.0250000e+02;-9.6565515e-02;2.0250000e+02;-1.3893887e-01;2.0250000e+02;-1.8011746e-01;2.0250000e+02;-7.2280861e-02;2.0250000e+02;-3.9912835e-02;2.0250000e+02;1.6733956e-02;2.0250000e+02;8.1687979e-02;2.0250000e+02;1.5556861e-01;2.0250000e+02;2.1363959e-01;2.0250000e+02;2.5568026e-01;2.0250000e+02;2.8610894e-01;2.0250000e+02;2.7614221e-01;2.0250000e+02;2.2770052e-01;2.0250000e+02;1.4977156e-01;2.0250000e+02;8.6230949e-02;2.0250000e+02;3.4735397e-02;2.0250000e+02;-1.0657266e-02;2.0250000e+02;-5.3682394e-02;2.0250000e+02;-9.6565515e-02;2.0250000e+02;-1.3893887e-01;2.0250000e+02;-1.8011746e-01;2.0250000e+02;-7.2280861e-02;2.0250000e+02;-3.9912835e-02;2.0250000e+02;1.6733956e-02;2.0250000e+02;8.1687979e-02;2.0250000e+02;1.5556861e-01;2.0250000e+02;2.1363959e-01;2.0250000e+02;2.5568026e-01;2.0250000e+02;2.8610894e-01;2.0250000e+02;2.7614221e-01;2.0250000e+02;2.2770052e-01;2.0250000e+02;1.4977156e-01;2.0250000e+02;8.6230949e-02;2.0250000e+02;3.4735397e-02;2.0250000e+02;-1.0657266e-02;2.0250000e+02;-5.3682394e-02;2.0250000e+02;-9.6565515e-02;2.0250000e+02;-1.3893887e-01;2.0250000e+02;-1.8011746e-01;2.0250000e+02;-7.2280861e-02;2.0250000e+02;-3.9912835e-02;2.0250000e+02;1.6733956e-02;2.0250000e+02;8.1687979e-02;2.0250000e+02;1.5556861e-01;2.0250000e+02;2.1363959e-01;2.0250000e+02;2.5568026e-01;2.0250000e+02;2.8610894e-01;2.0250000e+02;2.7614221e-01;2.0250000e+02;2.2770052e-01;2.0250000e+02;1.4977156e-01;2.0250000e+02;8.6230949e-02;2.0250000e+02;3.4735397e-02;2.0250000e+02;-1.0657266e-02;2.0250000e+02;-5.3682394e-02;2.0250000e+02;-9.6565515e-02;2.0250000e+02;-1.3893887e-01;2.0250000e+02;-1.8011746e-01;2.0250000e+02;-7.2280861e-02;2.0250000e+02;-3.9912835e-02;2.0250000e+02;1.6733956e-02;2.0250000e+02;8.1687979e-02;2.0250000e+02;1.5556861e-01;2.0250000e+02;2.1363959e-01;2.0250000e+02;2.5568026e-01;2.0250000e+02;2.8610894e-01;2.0250000e+02;2.7614221e-01;2.0250000e+02;2.2770052e-01;2.0250000e+02;1.4977156e-01;2.0250000e+02;8.6230949e-02;2.0250000e+02;3.4735397e-02;2.0250000e+02;-1.0657266e-02;2.0250000e+02;-5.3682394e-02;2.0250000e+02;-9.6565515e-02;2.0250000e+02;-1.3893887e-01;2.0250000e+02;-1.8011746e-01;2.0250000e+02;-7.2280861e-02;2.0250000e+02;-3.9912835e-02;2.0250000e+02;1.6733956e-02;2.0250000e+02;8.1687979e-02;2.0250000e+02;1.5556861e-01;2.0250000e+02;2.1363959e-01;2.0250000e+02;2.5568026e-01;2.0250000e+02;2.8610894e-01;2.0250000e+02;2.7614221e-01;2.0250000e+02;2.2770052e-01;2.0250000e+02;1.4977156e-01;2.0250000e+02;8.6230949e-02;2.0250000e+02;3.4735397e-02;2.0250000e+02;-1.0657266e-02;2.0250000e+02;-5.3682394e-02;2.0250000e+02;-9.6565515e-02;2.0250000e+02;-1.3893887e-01;2.0250000e+02;-1.8011746e-01;2.0250000e+02;-7.2280861e-02;2.0250000e+02;-3.9912835e-02;2.0250000e+02;1.6733956e-02;2.0250000e+02;8.1687979e-02;2.0250000e+02;1.5556861e-01;2.0250000e+02;2.1363959e-01;2.0250000e+02;2.5568026e-01;2.0250000e+02;2.8610894e-01;2.0250000e+02;2.7614221e-01;2.0250000e+02;2.2770052e-01;2.0250000e+02;1.4977156e-01;2.0250000e+02;8.6230949e-02;2.0250000e+02;3.4735397e-02;2.0250000e+02;-1.0657266e-02;2.0250000e+02;-5.3682394e-02;2.0250000e+02;-9.6565515e-02;2.0250000e+02;-1.3893887e-01;2.0250000e+02;-1.8011746e-01;2.0250000e+02;-7.2280861e-02;2.0250000e+02;-3.9912835e-02;2.0250000e+02;1.6733956e-02;2.0250000e+02;8.1687979e-02;2.0250000e+02;1.5556861e-01;2.0250000e+02;2.1363959e-01;2.0250000e+02;2.5568026e-01;2.0250000e+02;2.8610894e-01;2.0250000e+02;2.7614221e-01;2.0250000e+02;2.2770052e-01;2.0250000e+02;1.4977156e-01;2.0250000e+02;8.6230949e-02;2.0250000e+02;3.4735397e-02;2.0250000e+02;-1.0657266e-02;2.0250000e+02;-5.3682394e-02;2.0250000e+02;-9.6565515e-02;2.0250000e+02;-1.3893887e-01;2.0250000e+02;-1.8011746e-01;2.0250000e+02;-7.2280861e-02;2.0250000e+02;-3.9912835e-02;2.0250000e+02;1.6733956e-02;2.0250000e+02;8.1687979e-02;2.0250000e+02;1.5556861e-01;2.0250000e+02;2.1363959e-01;2.0250000e+02;2.5568026e-01;2.0250000e+02;2.8610894e-01;2.0250000e+02;2.7614221e-01;2.0250000e+02;2.2770052e-01;2.0250000e+02;1.4977156e-01;2.0250000e+02;8.6230949e-02;2.0250000e+02;3.4735397e-02;2.0250000e+02;-1.0657266e-02;2.0250000e+02;-5.3682394e-02;2.0250000e+02;-9.6565515e-02;2.0250000e+02;-1.3893887e-01;2.0250000e+02;-1.8011746e-01;2.0250000e+02;-7.2280861e-02;2.0250000e+02;-3.9912835e-02;2.0250000e+02;1.6733956e-02;2.0250000e+02;8.1687979e-02;2.0250000e+02;1.5556861e-01;2.0250000e+02;2.1363959e-01;2.0250000e+02;2.5568026e-01;2.0250000e+02;2.8610894e-01;2.0250000e+02;2.7614221e-01;2.0250000e+02;2.2770052e-01;2.0250000e+02;1.4977156e-01;2.0250000e+02;8.6230949e-02;2.0250000e+02;3.4735397e-02;2.0250000e+02;-1.0657266e-02;2.0250000e+02;-5.3682394e-02;2.0250000e+02;-9.6565515e-02;2.0250000e+02;-1.3893887e-01;2.0250000e+02;-1.8011746e-01;2.0250000e+02;-7.2280861e-02;2.0250000e+02;-3.9912835e-02;2.0250000e+02;1.6733956e-02;2.0250000e+02;8.1687979e-02;2.0250000e+02;1.5556861e-01;2.0250000e+02;2.1363959e-01;2.0250000e+02;2.5568026e-01;2.0250000e+02;2.8610894e-01;2.0250000e+02;2.7614221e-01;2.0250000e+02;2.2770052e-01;2.0250000e+02;1.4977156e-01;2.0250000e+02;8.6230949e-02;2.0250000e+02;3.4735397e-02;2.0250000e+02;-1.0657266e-02;2.0250000e+02;-5.3682394e-02;2.0250000e+02;-9.6565515e-02;2.0250000e+02;-1.3893887e-01;2.0250000e+02;-1.8011746e-01;2.0250000e+02;-7.2280861e-02;2.0250000e+02;-3.9912835e-02;2.0250000e+02;1.6733956e-02;2.0250000e+02;8.1687979e-02;2.0250000e+02;1.5556861e-01;2.0250000e+02;2.1363959e-01;2.0250000e+02;2.5568026e-01;2.0250000e+02;2.8610894e-01;2.0250000e+02;2.7614221e-01;2.0250000e+02;2.2770052e-01;2.0250000e+02;1.4977156e-01;2.0250000e+02;8.6230949e-02;2.0250000e+02;3.4735397e-02;2.0250000e+02;-1.0657266e-02;2.0250000e+02;-5.3682394e-02;2.0250000e+02;-9.6565515e-02;2.0250000e+02;-1.3893887e-01;2.0250000e+02;-1.8011746e-01;2.0250000e+02;-7.2280861e-02;2.0250000e+02;-3.9912835e-02;2.0250000e+02;1.6733956e-02;2.0250000e+02;8.1687979e-02;2.0250000e+02;1.5556861e-01;2.0250000e+02;2.1363959e-01;2.0250000e+02;2.5568026e-01;2.0250000e+02;2.8610894e-01;2.0250000e+02;2.7614221e-01;2.0250000e+02;2.2770052e-01;2.0250000e+02;1.4977156e-01;2.0250000e+02;8.6230949e-02;2.0250000e+02;3.4735397e-02;2.0250000e+02;-1.0657266e-02;2.0250000e+02;-5.3682394e-02;2.0250000e+02;-9.6565515e-02;2.0250000e+02;-1.3893887e-01;2.0250000e+02;-1.8011746e-01;2.0250000e+02;-7.2280861e-02;2.0250000e+02;-3.9912835e-02;2.0250000e+02;1.6733956e-02;2.0250000e+02;8.1687979e-02;2.0250000e+02;1.5556861e-01;2.0250000e+02;2.1363959e-01;2.0250000e+02;2.5568026e-01;2.0250000e+02;2.8610894e-01;2.0250000e+02;2.7614221e-01;2.0250000e+02;2.2770052e-01;2.0250000e+02;1.4977156e-01;2.0250000e+02;8.6230949e-02;2.0250000e+02;3.4735397e-02;2.0250000e+02;-1.0657266e-02;2.0250000e+02;-5.3682394e-02;2.0250000e+02;-9.6565515e-02;2.0250000e+02;-1.3893887e-01;2.0250000e+02;-1.8011746e-01;2.0250000e+02;-7.2280861e-02;2.0250000e+02;-3.9912835e-02;2.0250000e+02;1.6733956e-02;2.0250000e+02;8.1687979e-02;2.0250000e+02;1.5556861e-01;2.0250000e+02;2.1363959e-01;2.0250000e+02;2.5568026e-01;2.0250000e+02;2.8610894e-01;2.0250000e+02;2.7614221e-01;2.0250000e+02;2.2770052e-01;2.0250000e+02;1.4977156e-01;2.0250000e+02;8.6230949e-02;2.0250000e+02;3.4735397e-02;2.0250000e+02;-1.0657266e-02;2.0250000e+02;-5.3682394e-02;2.0250000e+02;-9.6565515e-02;2.0250000e+02;-1.3893887e-01;2.0250000e+02;-1.8011746e-01;2.0250000e+02;-7.2280861e-02;2.0250000e+02;-3.9912835e-02;2.0250000e+02;1.6733956e-02;2.0250000e+02;8.1687979e-02;2.0250000e+02;1.5556861e-01;2.0250000e+02;2.1363959e-01;2.0250000e+02;2.5568026e-01;2.0250000e+02;2.8610894e-01;2.0250000e+02;2.7614221e-01;2.0250000e+02;2.2770052e-01;2.0250000e+02;1.4977156e-01;2.0250000e+02;8.6230949e-02;2.0250000e+02;3.4735397e-02;2.0250000e+02;-1.0657266e-02;2.0250000e+02;-5.3682394e-02;2.0250000e+02;-9.6565515e-02;2.0250000e+02;-1.3893887e-01;2.0250000e+02;-1.8011746e-01;2.0250000e+02;-7.2280861e-02;2.0250000e+02;-3.9912835e-02;2.0250000e+02;1.6733956e-02;2.0250000e+02;8.1687979e-02;2.0250000e+02;1.5556861e-01;2.0250000e+02;2.1363959e-01;2.0250000e+02;2.5568026e-01;2.0250000e+02;2.8610894e-01;2.0250000e+02;2.7614221e-01;2.0250000e+02;2.2770052e-01;2.0250000e+02;1.4977156e-01;2.0250000e+02;8.6230949e-02;2.0250000e+02;3.4735397e-02;2.0250000e+02;-1.0657266e-02;2.0250000e+02;-5.3682394e-02;2.0250000e+02;-9.6565515e-02;2.0250000e+02;-1.3893887e-01;2.0250000e+02;-1.8011746e-01;2.0250000e+02;-7.2280861e-02;2.0250000e+02;-3.9912835e-02;2.0250000e+02;1.6733956e-02;2.0250000e+02;8.1687979e-02;2.0250000e+02;1.5556861e-01;2.0250000e+02;2.1363959e-01;2.0250000e+02;2.5568026e-01;2.0250000e+02;2.8610894e-01;2.0250000e+02;2.7614221e-01;2.0250000e+02;2.2770052e-01;2.0250000e+02;1.4977156e-01;2.0250000e+02;8.6230949e-02;2.0250000e+02;3.4735397e-02;2.0250000e+02;-1.0657266e-02;2.0250000e+02;-5.3682394e-02;2.0250000e+02;-9.6565515e-02;2.0250000e+02;-1.3893887e-01;2.0250000e+02;-1.8011746e-01;2.0250000e+02;-7.2280861e-02;2.0250000e+02;-3.9912835e-02;2.0250000e+02;1.6733956e-02;2.0250000e+02;8.1687979e-02;2.0250000e+02;1.5556861e-01;2.0250000e+02;2.1363959e-01;2.0250000e+02;2.5568026e-01;2.0250000e+02;2.8610894e-01;2.0250000e+02;2.7614221e-01;2.0250000e+02;2.2770052e-01;2.0250000e+02;1.4977156e-01;2.0250000e+02;8.6230949e-02;2.0250000e+02;3.4735397e-02;2.0250000e+02;-1.0657266e-02;2.0250000e+02;-5.3682394e-02;2.0250000e+02;-9.6565515e-02;2.0250000e+02;-1.3893887e-01;2.0250000e+02;-1.8011746e-01;2.0250000e+02;-7.2280861e-02;2.0250000e+02;-3.9912835e-02;2.0250000e+02;1.6733956e-02;2.0250000e+02;8.1687979e-02;2.0250000e+02;1.5556861e-01;2.0250000e+02;2.1363959e-01;2.0250000e+02;2.5568026e-01;2.0250000e+02;2.8610894e-01;2.0250000e+02;2.7614221e-01;2.0250000e+02;2.2770052e-01;2.0250000e+02;1.4977156e-01;2.0250000e+02;8.6230949e-02;2.0250000e+02;3.4735397e-02;2.0250000e+02;-1.0657266e-02;2.0250000e+02;-5.3682394e-02;2.0250000e+02;-9.6565515e-02;2.0250000e+02;-1.3893887e-01;2.0250000e+02;-1.8011746e-01;2.0250000e+02;-7.2280861e-02;2.0250000e+02;-3.9912835e-02;2.0250000e+02;1.6733956e-02;2.0250000e+02;8.1687979e-02;2.0250000e+02;1.5556861e-01;2.0250000e+02;2.1363959e-01;2.0250000e+02;2.5568026e-01;2.0250000e+02;2.8610894e-01;2.0250000e+02;2.7614221e-01;2.0250000e+02;2.2770052e-01;2.0250000e+02;1.4977156e-01;2.0250000e+02;8.6230949e-02;2.0250000e+02;3.4735397e-02;2.0250000e+02;-1.0657266e-02;2.0250000e+02;-5.3682394e-02;2.0250000e+02;-9.6565515e-02;2.0250000e+02;-1.3893887e-01;2.0250000e+02;-1.8011746e-01;2.0250000e+02;-7.2280861e-02;2.0250000e+02;-3.9912835e-02;2.0250000e+02;1.6733956e-02;2.0250000e+02;8.1687979e-02;2.0250000e+02;1.5556861e-01;2.0250000e+02;2.1363959e-01;2.0250000e+02;2.5568026e-01;2.0250000e+02;2.8610894e-01;2.0250000e+02;2.7614221e-01;2.0250000e+02;2.2770052e-01;2.0250000e+02;1.4977156e-01;2.0250000e+02;8.6230949e-02;2.0250000e+02;3.4735397e-02;2.0250000e+02;-1.0657266e-02;2.0250000e+02;-5.3682394e-02;2.0250000e+02;-9.6565515e-02;2.0250000e+02;-1.3893887e-01;2.0250000e+02;-1.8011746e-01;2.0250000e+02;-7.2280861e-02;2.0250000e+02;-3.9912835e-02;2.0250000e+02;1.6733956e-02;2.0250000e+02;8.1687979e-02;2.0250000e+02;1.5556861e-01;2.0250000e+02;2.1363959e-01;2.0250000e+02;2.5568026e-01;2.0250000e+02;2.8610894e-01;2.0250000e+02;2.7614221e-01;2.0250000e+02;2.2770052e-01;2.0250000e+02;1.4977156e-01;2.0250000e+02;8.6230949e-02;2.0250000e+02;3.4735397e-02;2.0250000e+02;-1.0657266e-02;2.0250000e+02;-5.3682394e-02;2.0250000e+02;-9.6565515e-02;2.0250000e+02;-1.3893887e-01;2.0250000e+02;-1.8011746e-01;2.0250000e+02;-7.2280861e-02;2.0250000e+02;-3.9912835e-02;2.0250000e+02;1.6733956e-02;2.0250000e+02;8.1687979e-02;2.0250000e+02;1.5556861e-01;2.0250000e+02;2.1363959e-01;2.0250000e+02;2.5568026e-01;2.0250000e+02;2.8610894e-01;2.0250000e+02;2.7614221e-01;2.0250000e+02;2.2770052e-01;2.0250000e+02;1.4977156e-01;2.0250000e+02;8.6230949e-02;2.0250000e+02;3.4735397e-02;2.0250000e+02;-1.0657266e-02;2.0250000e+02;-5.3682394e-02;2.0250000e+02;-9.6565515e-02;2.0250000e+02;-1.3893887e-01;2.0250000e+02;-1.8011746e-01;2.0250000e+02;-7.2280861e-02;2.0250000e+02;-3.9912835e-02;2.0250000e+02;1.6733956e-02;2.0250000e+02;8.1687979e-02;2.0250000e+02;1.5556861e-01;2.0250000e+02;2.1363959e-01;2.0250000e+02;2.5568026e-01;2.0250000e+02;2.8610894e-01;2.0250000e+02;2.7614221e-01;2.0250000e+02;2.2770052e-01;2.0250000e+02;1.4977156e-01;2.0250000e+02;8.6230949e-02;2.0250000e+02;3.4735397e-02;2.0250000e+02;-1.0657266e-02;2.0250000e+02;-5.3682394e-02;2.0250000e+02;-9.6565515e-02;2.0250000e+02;-1.3893887e-01;2.0250000e+02;-1.8011746e-01;2.0250000e+02;-7.2280861e-02;2.0250000e+02;-3.9912835e-02;2.0250000e+02;1.6733956e-02;2.0250000e+02;8.1687979e-02;2.0250000e+02;1.5556861e-01;2.0250000e+02;2.1363959e-01;2.0250000e+02;2.5568026e-01;2.0250000e+02;2.8610894e-01;2.0250000e+02;2.7614221e-01;2.0250000e+02;2.2770052e-01;2.0250000e+02;1.4977156e-01;2.0250000e+02;8.6230949e-02;2.0250000e+02;3.4735397e-02;2.0250000e+02;-1.0657266e-02;2.0250000e+02;-5.3682394e-02;2.0250000e+02;-9.6565515e-02;2.0250000e+02;-1.3893887e-01;2.0250000e+02;-1.8011746e-01;2.0250000e+02;-7.2280861e-02;2.0250000e+02;-3.9912835e-02;2.0250000e+02;1.6733956e-02;2.0250000e+02;8.1687979e-02;2.0250000e+02;1.5556861e-01;2.0250000e+02;2.1363959e-01;2.0250000e+02;2.5568026e-01;2.0250000e+02;2.8610894e-01;2.0250000e+02;2.7614221e-01;2.0250000e+02;2.2770052e-01;2.0250000e+02;1.4977156e-01;2.0250000e+02;8.6230949e-02;2.0250000e+02;3.4735397e-02;2.0250000e+02;-1.0657266e-02;2.0250000e+02;-5.3682394e-02;2.0250000e+02;-9.6565515e-02;2.0250000e+02;-1.3893887e-01;2.0250000e+02;-1.8011746e-01;2.0250000e+02;-7.2280861e-02;2.0250000e+02;-3.9912835e-02;2.0250000e+02;1.6733956e-02;2.0250000e+02;8.1687979e-02;2.0250000e+02;1.5556861e-01;2.0250000e+02;2.1363959e-01;2.0250000e+02;2.5568026e-01;2.0250000e+02;2.8610894e-01;2.0250000e+02;2.7614221e-01;2.0250000e+02;2.2770052e-01;2.0250000e+02;1.4977156e-01;2.0250000e+02;8.6230949e-02;2.0250000e+02;3.4735397e-02;2.0250000e+02;-1.0657266e-02;2.0250000e+02;-5.3682394e-02;2.0250000e+02;-9.6565515e-02;2.0250000e+02;-1.3893887e-01;2.0250000e+02;-1.8011746e-01;2.0250000e+02;-7.2280861e-02;2.0250000e+02;-3.9912835e-02;2.0250000e+02;1.6733956e-02;2.0250000e+02;8.1687979e-02;2.0250000e+02;1.5556861e-01;2.0250000e+02;2.1363959e-01;2.0250000e+02;2.5568026e-01;2.0250000e+02;2.8610894e-01;2.0250000e+02;2.7614221e-01;2.0250000e+02;2.2770052e-01;2.0250000e+02;1.4977156e-01;2.0250000e+02;8.6230949e-02;2.0250000e+02;3.4735397e-02;2.0250000e+02;-1.0657266e-02;2.0250000e+02;-5.3682394e-02;2.0250000e+02;-9.6565515e-02;2.0250000e+02;-1.3893887e-01;2.0250000e+02;-1.8011746e-01;2.0250000e+02;-7.2280861e-02;2.0250000e+02;-3.9912835e-02;2.0250000e+02;1.6733956e-02;2.0250000e+02;8.1687979e-02;2.0250000e+02;1.5556861e-01;2.0250000e+02;2.1363959e-01;2.0250000e+02;2.5568026e-01;2.0250000e+02;2.8610894e-01;2.0250000e+02;2.7614221e-01;2.0250000e+02;2.2770052e-01;2.0250000e+02;1.4977156e-01;2.0250000e+02;8.6230949e-02;2.0250000e+02;3.4735397e-02;2.0250000e+02;-1.0657266e-02;2.0250000e+02;-5.3682394e-02;2.0250000e+02;-9.6565515e-02;2.0250000e+02;-1.3893887e-01;2.0250000e+02;-1.8011746e-01;2.0250000e+02;-7.2280861e-02;2.0250000e+02;-3.9912835e-02;2.0250000e+02;1.6733956e-02;2.0250000e+02;8.1687979e-02;2.0250000e+02;1.5556861e-01;2.0250000e+02;2.1363959e-01;2.0250000e+02;2.5568026e-01;2.0250000e+02;2.8610894e-01;2.0250000e+02;2.7614221e-01;2.0250000e+02;2.2770052e-01;2.0250000e+02;1.4977156e-01;2.0250000e+02;8.6230949e-02;2.0250000e+02;3.4735397e-02;2.0250000e+02;-1.0657266e-02;2.0250000e+02;-5.3682394e-02;2.0250000e+02;-9.6565515e-02;2.0250000e+02;-1.3893887e-01;2.0250000e+02;-1.8011746e-01;2.0250000e+02;-7.2280861e-02;2.0250000e+02;-3.9912835e-02;2.0250000e+02;1.6733956e-02;2.0250000e+02;8.1687979e-02;2.0250000e+02;1.5556861e-01;2.0250000e+02;2.1363959e-01;2.0250000e+02;2.5568026e-01;2.0250000e+02;2.8610894e-01;2.0250000e+02;2.7614221e-01;2.0250000e+02;2.2770052e-01;2.0250000e+02;1.4977156e-01;2.0250000e+02;8.6230949e-02;2.0250000e+02;3.4735397e-02;2.0250000e+02;-1.0657266e-02;2.0250000e+02;-5.3682394e-02;2.0250000e+02;-9.6565515e-02;2.0250000e+02;-1.3893887e-01;2.0250000e+02;-1.8011746e-01;2.0250000e+02;-7.2280861e-02;2.0250000e+02;-3.9912835e-02;2.0250000e+02;1.6733956e-02;2.0250000e+02;8.1687979e-02;2.0250000e+02;1.5556861e-01;2.0250000e+02;2.1363959e-01;2.0250000e+02;2.5568026e-01;2.0250000e+02;2.8610894e-01;2.0250000e+02;2.7614221e-01;2.0250000e+02;2.2770052e-01;2.0250000e+02;1.4977156e-01;2.0250000e+02;8.6230949e-02;2.0250000e+02;3.4735397e-02;2.0250000e+02;-1.0657266e-02;2.0250000e+02;-5.3682394e-02;2.0250000e+02;-9.6565515e-02;2.0250000e+02;-1.3893887e-01;2.0250000e+02;-1.8011746e-01;2.0250000e+02;-7.2280861e-02;2.0250000e+02;-3.9912835e-02;2.0250000e+02;1.6733956e-02;2.0250000e+02;8.1687979e-02;2.0250000e+02;1.5556861e-01;2.0250000e+02;2.1363959e-01;2.0250000e+02;2.5568026e-01;2.0250000e+02;2.8610894e-01;2.0250000e+02;2.7614221e-01;2.0250000e+02;2.2770052e-01;2.0250000e+02;1.4977156e-01;2.0250000e+02;8.6230949e-02;2.0250000e+02;3.4735397e-02;2.0250000e+02;-1.0657266e-02;2.0250000e+02;-5.3682394e-02;2.0250000e+02;-9.6565515e-02;2.0250000e+02;-1.3893887e-01;2.0250000e+02;-1.8011746e-01;2.0250000e+02;-7.2280861e-02;2.0250000e+02;-3.9912835e-02;2.0250000e+02;1.6733956e-02;2.0250000e+02;8.1687979e-02;2.0250000e+02;1.5556861e-01;2.0250000e+02;2.1363959e-01;2.0250000e+02;2.5568026e-01;2.0250000e+02;2.8610894e-01;2.0250000e+02;2.7614221e-01;2.0250000e+02;2.2770052e-01;2.0250000e+02;1.4977156e-01;2.0250000e+02;8.6230949e-02;2.0250000e+02;3.4735397e-02;2.0250000e+02;-1.0657266e-02;2.0250000e+02;-5.3682394e-02;2.0250000e+02;-9.6565515e-02;2.0250000e+02;-1.3893887e-01;2.0250000e+02;-1.8011746e-01;2.0250000e+02;-7.2280861e-02;2.0250000e+02;-3.9912835e-02;2.0250000e+02;1.6733956e-02;2.0250000e+02;8.1687979e-02;2.0250000e+02;1.5556861e-01;2.0250000e+02;2.1363959e-01;2.0250000e+02;2.5568026e-01;2.0250000e+02;2.8610894e-01;2.0250000e+02;2.7614221e-01;2.0250000e+02;2.2770052e-01;2.0250000e+02;1.4977156e-01;2.0250000e+02;8.6230949e-02;2.0250000e+02;3.4735397e-02;2.0250000e+02;-1.0657266e-02;2.0250000e+02;-5.3682394e-02;2.0250000e+02;-9.6565515e-02;2.0250000e+02;-1.3893887e-01;2.0250000e+02;-1.8011746e-01;2.0250000e+02;-7.2280861e-02;2.0250000e+02;-3.9912835e-02;2.0250000e+02;1.6733956e-02;2.0250000e+02;8.1687979e-02;2.0250000e+02;1.5556861e-01;2.0250000e+02;2.1363959e-01;2.0250000e+02;2.5568026e-01;2.0250000e+02;2.8610894e-01;2.0250000e+02;2.7614221e-01;2.0250000e+02;2.2770052e-01;2.0250000e+02;1.4977156e-01;2.0250000e+02;8.6230949e-02;2.0250000e+02;3.4735397e-02;2.0250000e+02;-1.0657266e-02;2.0250000e+02;-5.3682394e-02;2.0250000e+02;-9.6565515e-02;2.0250000e+02;-1.3893887e-01;2.0250000e+02;-1.8011746e-01;2.0250000e+02;-7.2280861e-02;2.0250000e+02;-3.9912835e-02;2.0250000e+02;1.6733956e-02;2.0250000e+02;8.1687979e-02;2.0250000e+02;1.5556861e-01;2.0250000e+02;2.1363959e-01;2.0250000e+02;2.5568026e-01;2.0250000e+02;2.8610894e-01;2.0250000e+02;2.7614221e-01;2.0250000e+02;2.2770052e-01;2.0250000e+02;1.4977156e-01;2.0250000e+02;8.6230949e-02;2.0250000e+02;3.4735397e-02;2.0250000e+02;-1.0657266e-02;2.0250000e+02;-5.3682394e-02;2.0250000e+02;-9.6565515e-02;2.0250000e+02;-1.3893887e-01;2.0250000e+02;-1.8011746e-01;2.0250000e+02;-7.2280861e-02;2.0250000e+02;-3.9912835e-02;2.0250000e+02;1.6733956e-02;2.0250000e+02;8.1687979e-02;2.0250000e+02;1.5556861e-01;2.0250000e+02;2.1363959e-01;2.0250000e+02;2.5568026e-01;2.0250000e+02;2.8610894e-01;2.0250000e+02;2.7614221e-01;2.0250000e+02;2.2770052e-01;2.0250000e+02;1.4977156e-01;2.0250000e+02;8.6230949e-02;2.0250000e+02;3.4735397e-02;2.0250000e+02;-1.0657266e-02;2.0250000e+02;-5.3682394e-02;2.0250000e+02;-9.6565515e-02;2.0250000e+02;-1.3893887e-01;2.0250000e+02;-1.8011746e-01;2.0250000e+02;-7.2280861e-02;2.0250000e+02;-3.9912835e-02;2.0250000e+02;1.6733956e-02;2.0250000e+02;8.1687979e-02;2.0250000e+02;1.5556861e-01;2.0250000e+02;2.1363959e-01;2.0250000e+02;2.5568026e-01;2.0250000e+02;2.8610894e-01;2.0250000e+02;2.7614221e-01;2.0250000e+02;2.2770052e-01;2.0250000e+02;1.4977156e-01;2.0250000e+02;8.6230949e-02;2.0250000e+02;3.4735397e-02;2.0250000e+02;-1.0657266e-02;2.0250000e+02;-5.3682394e-02;2.0250000e+02;-9.6565515e-02;2.0250000e+02;-1.3893887e-01;2.0250000e+02;-1.8011746e-01;2.0250000e+02;-7.2280861e-02;2.0250000e+02;-3.9912835e-02;2.0250000e+02;1.6733956e-02;2.0250000e+02;8.1687979e-02;2.0250000e+02;1.5556861e-01;2.0250000e+02;2.1363959e-01;2.0250000e+02;2.5568026e-01;2.0250000e+02;2.8610894e-01;2.0250000e+02;2.7614221e-01;2.0250000e+02;2.2770052e-01;2.0250000e+02;1.4977156e-01;2.0250000e+02;8.6230949e-02;2.0250000e+02;3.4735397e-02;2.0250000e+02;-1.0657266e-02;2.0250000e+02;-5.3682394e-02;2.0250000e+02;-9.6565515e-02;2.0250000e+02;-1.3893887e-01;2.0250000e+02;-1.8011746e-01;2.0250000e+02;-7.2280861e-02;2.0250000e+02;-3.9912835e-02;2.0250000e+02;1.6733956e-02;2.0250000e+02;8.1687979e-02;2.0250000e+02;1.5556861e-01;2.0250000e+02;2.1363959e-01;2.0250000e+02;2.5568026e-01;2.0250000e+02;2.8610894e-01;2.0250000e+02;2.7614221e-01;2.0250000e+02;2.2770052e-01;2.0250000e+02;1.4977156e-01;2.0250000e+02;8.6230949e-02;2.0250000e+02;3.4735397e-02;2.0250000e+02;-1.0657266e-02;2.0250000e+02;-5.3682394e-02;2.0250000e+02;-9.6565515e-02;2.0250000e+02;-1.3893887e-01;2.0250000e+02;-1.8011746e-01;2.0250000e+02;-7.2280861e-02;2.0250000e+02;-3.9912835e-02;2.0250000e+02;1.6733956e-02;2.0250000e+02;8.1687979e-02;2.0250000e+02;1.5556861e-01;2.0250000e+02;2.1363959e-01;2.0250000e+02;2.5568026e-01;2.0250000e+02;2.8610894e-01;2.0250000e+02;2.7614221e-01;2.0250000e+02;2.2770052e-01;2.0250000e+02;1.4977156e-01;2.0250000e+02;8.6230949e-02;2.0250000e+02;3.4735397e-02;2.0250000e+02;-1.0657266e-02;2.0250000e+02;-5.3682394e-02;2.0250000e+02;-9.6565515e-02;2.0250000e+02;-1.3893887e-01;2.0250000e+02;-1.8011746e-01;2.0250000e+02;-7.2280861e-02;2.0250000e+02;-3.9912835e-02;2.0250000e+02;1.6733956e-02;2.0250000e+02;8.1687979e-02;2.0250000e+02;1.5556861e-01;2.0250000e+02;2.1363959e-01;2.0250000e+02;2.5568026e-01;2.0250000e+02;2.8610894e-01;2.0250000e+02;2.7614221e-01;2.0250000e+02;2.2770052e-01;2.0250000e+02;1.4977156e-01;2.0250000e+02;8.6230949e-02;2.0250000e+02;3.4735397e-02;2.0250000e+02;-1.0657266e-02;2.0250000e+02;-5.3682394e-02;2.0250000e+02;-9.6565515e-02;2.0250000e+02;-1.3893887e-01;2.0250000e+02;-1.8011746e-01;2.0250000e+02;-7.2280861e-02;2.0250000e+02;-3.9912835e-02;2.0250000e+02;1.6733956e-02;2.0250000e+02;8.1687979e-02;2.0250000e+02;1.5556861e-01;2.0250000e+02;2.1363959e-01;2.0250000e+02;2.5568026e-01;2.0250000e+02;2.8610894e-01;2.0250000e+02;2.7614221e-01;2.0250000e+02;2.2770052e-01;2.0250000e+02;1.4977156e-01;2.0250000e+02;8.6230949e-02;2.0250000e+02;3.4735397e-02;2.0250000e+02;-1.0657266e-02;2.0250000e+02;-5.3682394e-02;2.0250000e+02;-9.6565515e-02;2.0250000e+02;-1.3893887e-01;2.0250000e+02;-1.8011746e-01;2.0250000e+02;-7.2280861e-02;2.0250000e+02;-3.9912835e-02;2.0250000e+02;1.6733956e-02;2.0250000e+02;8.1687979e-02;2.0250000e+02;1.5556861e-01;2.0250000e+02;2.1363959e-01;2.0250000e+02;2.5568026e-01;2.0250000e+02;2.8610894e-01;2.0250000e+02;2.7614221e-01;2.0250000e+02;2.2770052e-01;2.0250000e+02;1.4977156e-01;2.0250000e+02;8.6230949e-02;2.0250000e+02;3.4735397e-02;2.0250000e+02;-1.0657266e-02;2.0250000e+02;-5.3682394e-02;2.0250000e+02;-9.6565515e-02;2.0250000e+02;-1.3893887e-01;2.0250000e+02;-1.8011746e-01;2.0250000e+02;-7.2280861e-02;2.0250000e+02;-3.9912835e-02;2.0250000e+02;1.6733956e-02;2.0250000e+02;8.1687979e-02;2.0250000e+02;1.5556861e-01;2.0250000e+02;2.1363959e-01;2.0250000e+02;2.5568026e-01;2.0250000e+02;2.8610894e-01;2.0250000e+02;2.7614221e-01;2.0250000e+02;2.2770052e-01;2.0250000e+02;1.4977156e-01;2.0250000e+02;8.6230949e-02;2.0250000e+02;3.4735397e-02;2.0250000e+02;-1.0657266e-02;2.0250000e+02;-5.3682394e-02;2.0250000e+02;-9.6565515e-02;2.0250000e+02;-1.3893887e-01;2.0250000e+02;-1.8011746e-01;2.0250000e+02;-7.2280861e-02;2.0250000e+02;-3.9912835e-02;2.0250000e+02;1.6733956e-02;2.0250000e+02;8.1687979e-02;2.0250000e+02;1.5556861e-01;2.0250000e+02;2.1363959e-01;2.0250000e+02;2.5568026e-01;2.0250000e+02;2.8610894e-01;2.0250000e+02;2.7614221e-01;2.0250000e+02;2.2770052e-01;2.0250000e+02;1.4977156e-01;2.0250000e+02;8.6230949e-02;2.0250000e+02;3.4735397e-02;2.0250000e+02;-1.0657266e-02;2.0250000e+02;-5.3682394e-02;2.0250000e+02;-9.6565515e-02;2.0250000e+02;-1.3893887e-01;2.0250000e+02;-1.8011746e-01;2.0250000e+02;-7.2280861e-02;2.0250000e+02;-3.9912835e-02;2.0250000e+02;1.6733956e-02;2.0250000e+02;8.1687979e-02;2.0250000e+02;1.5556861e-01;2.0250000e+02;2.1363959e-01;2.0250000e+02;2.5568026e-01;2.0250000e+02;2.8610894e-01;2.0250000e+02;2.7614221e-01;2.0250000e+02;2.2770052e-01;2.0250000e+02;1.4977156e-01;2.0250000e+02;8.6230949e-02;2.0250000e+02;3.4735397e-02;2.0250000e+02;-1.0657266e-02;2.0250000e+02;-5.3682394e-02;2.0250000e+02;-9.6565515e-02;2.0250000e+02;-1.3893887e-01;2.0250000e+02;-1.8011746e-01;2.0250000e+02;-7.2280861e-02;2.0250000e+02;-3.9912835e-02;2.0250000e+02;1.6733956e-02;2.0250000e+02;8.1687979e-02;2.0250000e+02;1.5556861e-01;2.0250000e+02;2.1363959e-01;2.0250000e+02;2.5568026e-01;2.0250000e+02;2.8610894e-01;2.0250000e+02;2.7614221e-01;2.0250000e+02;2.2770052e-01;2.0250000e+02;1.4977156e-01;2.0250000e+02;8.6230949e-02;2.0250000e+02;3.4735397e-02;2.0250000e+02;-1.0657266e-02;2.0250000e+02;-5.3682394e-02;2.0250000e+02;-9.6565515e-02;2.0250000e+02;-1.3893887e-01;2.0250000e+02;-1.8011746e-01;2.0250000e+02;-7.2280861e-02;2.0250000e+02;-3.9912835e-02;2.0250000e+02;1.6733956e-02;2.0250000e+02;8.1687979e-02;2.0250000e+02;1.5556861e-01;2.0250000e+02;2.1363959e-01;2.0250000e+02;2.5568026e-01;2.0250000e+02;2.8610894e-01;2.0250000e+02;2.7614221e-01;2.0250000e+02;2.2770052e-01;2.0250000e+02;1.4977156e-01;2.0250000e+02;8.6230949e-02;2.0250000e+02;3.4735397e-02;2.0250000e+02;-1.0657266e-02;2.0250000e+02;-5.3682394e-02;2.0250000e+02;-9.6565515e-02;2.0250000e+02;-1.3893887e-01;2.0250000e+02;-1.8011746e-01;2.0250000e+02;-7.2280861e-02;2.0250000e+02;-3.9912835e-02;2.0250000e+02;1.6733956e-02;2.0250000e+02;8.1687979e-02;2.0250000e+02;1.5556861e-01;2.0250000e+02;2.1363959e-01;2.0250000e+02;2.5568026e-01;2.0250000e+02;2.8610894e-01;2.0250000e+02;2.7614221e-01;2.0250000e+02;2.2770052e-01;2.0250000e+02;1.4977156e-01;2.0250000e+02;8.6230949e-02;2.0250000e+02;3.4735397e-02;2.0250000e+02;-1.0657266e-02;2.0250000e+02;-5.3682394e-02;2.0250000e+02;-9.6565515e-02;2.0250000e+02;-1.3893887e-01;2.0250000e+02;-1.8011746e-01;2.0250000e+02;-7.2280861e-02;2.0250000e+02;-3.9912835e-02;2.0250000e+02;1.6733956e-02;2.0250000e+02;8.1687979e-02;2.0250000e+02;1.5556861e-01;2.0250000e+02;2.1363959e-01;2.0250000e+02;2.5568026e-01;2.0250000e+02;2.8610894e-01;2.0250000e+02;2.7614221e-01;2.0250000e+02;2.2770052e-01;2.0250000e+02;1.4977156e-01;2.0250000e+02;8.6230949e-02;2.0250000e+02;3.4735397e-02;2.0250000e+02;-1.0657266e-02;2.0250000e+02;-5.3682394e-02;2.0250000e+02;-9.6565515e-02;2.0250000e+02;-1.3893887e-01;2.0250000e+02;-1.8011746e-01;2.0250000e+02;-7.2280861e-02;2.0250000e+02;-3.9912835e-02;2.0250000e+02;1.6733956e-02;2.0250000e+02;8.1687979e-02;2.0250000e+02;1.5556861e-01;2.0250000e+02;2.1363959e-01;2.0250000e+02;2.5568026e-01;2.0250000e+02;2.8610894e-01;2.0250000e+02;2.7614221e-01;2.0250000e+02;2.2770052e-01;2.0250000e+02;1.4977156e-01;2.0250000e+02;8.6230949e-02;2.0250000e+02;3.4735397e-02;2.0250000e+02;-1.0657266e-02;2.0250000e+02;-5.3682394e-02;2.0250000e+02;-9.6565515e-02;2.0250000e+02;-1.3893887e-01;2.0250000e+02;-1.8011746e-01;2.0250000e+02;-7.2280861e-02;2.0250000e+02;-3.9912835e-02;2.0250000e+02;1.6733956e-02;2.0250000e+02;8.1687979e-02;2.0250000e+02;1.5556861e-01;2.0250000e+02;2.1363959e-01;2.0250000e+02;2.5568026e-01;2.0250000e+02;2.8610894e-01;2.0250000e+02;2.7614221e-01;2.0250000e+02;2.2770052e-01;2.0250000e+02;1.4977156e-01;2.0250000e+02;8.6230949e-02;2.0250000e+02;3.4735397e-02;2.0250000e+02;-1.0657266e-02;2.0250000e+02;-5.3682394e-02;2.0250000e+02;-9.6565515e-02;2.0250000e+02;-1.3893887e-01;2.0250000e+02;-1.8011746e-01;2.0250000e+02;-7.2280861e-02;2.0250000e+02;-3.9912835e-02;2.0250000e+02;1.6733956e-02;2.0250000e+02;8.1687979e-02;2.0250000e+02;1.5556861e-01;2.0250000e+02;2.1363959e-01;2.0250000e+02;2.5568026e-01;2.0250000e+02;2.8610894e-01;2.0250000e+02;2.7614221e-01;2.0250000e+02;2.2770052e-01;2.0250000e+02;1.4977156e-01;2.0250000e+02;8.6230949e-02;2.0250000e+02;3.4735397e-02;2.0250000e+02;-1.0657266e-02;2.0250000e+02;-5.3682394e-02;2.0250000e+02;-9.6565515e-02;2.0250000e+02;-1.3893887e-01;2.0250000e+02;-1.8011746e-01;2.0250000e+02;-7.2280861e-02;2.0250000e+02;-3.9912835e-02;2.0250000e+02;1.6733956e-02;2.0250000e+02;8.1687979e-02;2.0250000e+02;1.5556861e-01;2.0250000e+02;2.1363959e-01;2.0250000e+02;2.5568026e-01;2.0250000e+02;2.8610894e-01;2.0250000e+02;2.7614221e-01;2.0250000e+02;2.2770052e-01;2.0250000e+02;1.4977156e-01;2.0250000e+02;8.6230949e-02;2.0250000e+02;3.4735397e-02;2.0250000e+02;-1.0657266e-02;2.0250000e+02;-5.3682394e-02;2.0250000e+02;-9.6565515e-02;2.0250000e+02;-1.3893887e-01;2.0250000e+02;-1.8011746e-01;2.0250000e+02;-7.2280861e-02;2.0250000e+02;-3.9912835e-02;2.0250000e+02;1.6733956e-02;2.0250000e+02;8.1687979e-02;2.0250000e+02;1.5556861e-01;2.0250000e+02;2.1363959e-01;2.0250000e+02;2.5568026e-01;2.0250000e+02;2.8610894e-01;2.0250000e+02;2.7614221e-01;2.0250000e+02;2.2770052e-01;2.0250000e+02;1.4977156e-01;2.0250000e+02;8.6230949e-02;2.0250000e+02;3.4735397e-02;2.0250000e+02;-1.0657266e-02;2.0250000e+02;-5.3682394e-02;2.0250000e+02;-9.6565515e-02;2.0250000e+02;-1.3893887e-01;2.0250000e+02;-1.8011746e-01;2.0250000e+02;-7.2280861e-02;2.0250000e+02;-3.9912835e-02;2.0250000e+02;1.6733956e-02;2.0250000e+02;8.1687979e-02;2.0250000e+02;1.5556861e-01;2.0250000e+02;2.1363959e-01;2.0250000e+02;2.5568026e-01;2.0250000e+02;2.8610894e-01;2.0250000e+02;2.7614221e-01;2.0250000e+02;2.2770052e-01;2.0250000e+02;1.4977156e-01;2.0250000e+02;8.6230949e-02;2.0250000e+02;3.4735397e-02;2.0250000e+02;-1.0657266e-02;2.0250000e+02;-5.3682394e-02;2.0250000e+02;-9.6565515e-02;2.0250000e+02;-1.3893887e-01;2.0250000e+02;-1.8011746e-01;2.0250000e+02;-7.2280861e-02;2.0250000e+02;-3.9912835e-02;2.0250000e+02;1.6733956e-02;2.0250000e+02;8.1687979e-02;2.0250000e+02;1.5556861e-01;2.0250000e+02;2.1363959e-01;2.0250000e+02;2.5568026e-01;2.0250000e+02;2.8610894e-01;2.0250000e+02;2.7614221e-01;2.0250000e+02;2.2770052e-01;2.0250000e+02;1.4977156e-01;2.0250000e+02;8.6230949e-02;2.0250000e+02;3.4735397e-02;2.0250000e+02;-1.0657266e-02;2.0250000e+02;-5.3682394e-02;2.0250000e+02;-9.6565515e-02;2.0250000e+02;-1.3893887e-01;2.0250000e+02;-1.8011746e-01;2.0250000e+02;-7.2280861e-02;2.0250000e+02;-3.9912835e-02;2.0250000e+02;1.6733956e-02;2.0250000e+02;8.1687979e-02;2.0250000e+02;1.5556861e-01;2.0250000e+02;2.1363959e-01;2.0250000e+02;2.5568026e-01;2.0250000e+02;2.8610894e-01;2.0250000e+02;2.7614221e-01;2.0250000e+02;2.2770052e-01;2.0250000e+02;1.4977156e-01;2.0250000e+02;8.6230949e-02;2.0250000e+02;3.4735397e-02;2.0250000e+02;-1.0657266e-02;2.0250000e+02;-5.3682394e-02;2.0250000e+02;-9.6565515e-02;2.0250000e+02;-1.3893887e-01;2.0250000e+02;-1.8011746e-01;2.0250000e+02;-7.2280861e-02;2.0250000e+02;-3.9912835e-02;2.0250000e+02;1.6733956e-02;2.0250000e+02;8.1687979e-02;2.0250000e+02;1.5556861e-01;2.0250000e+02;2.1363959e-01;2.0250000e+02;2.5568026e-01;2.0250000e+02;2.8610894e-01;2.0250000e+02;2.7614221e-01;2.0250000e+02;2.2770052e-01;2.0250000e+02;1.4977156e-01;2.0250000e+02;8.6230949e-02;2.0250000e+02;3.4735397e-02;2.0250000e+02;-1.0657266e-02;2.0250000e+02;-5.3682394e-02;2.0250000e+02;-9.6565515e-02;2.0250000e+02;-1.3893887e-01;2.0250000e+02;-1.8011746e-01;2.0250000e+02;-7.2280861e-02;2.0250000e+02;-3.9912835e-02;2.0250000e+02;1.6733956e-02;2.0250000e+02;8.1687979e-02;2.0250000e+02;1.5556861e-01;2.0250000e+02;2.1363959e-01;2.0250000e+02;2.5568026e-01;2.0250000e+02;2.8610894e-01;2.0250000e+02;2.7614221e-01;2.0250000e+02;2.2770052e-01;2.0250000e+02;1.4977156e-01;2.0250000e+02;8.6230949e-02;2.0250000e+02;3.4735397e-02;2.0250000e+02;-1.0657266e-02;2.0250000e+02;-5.3682394e-02;2.0250000e+02;-9.6565515e-02;2.0250000e+02;-1.3893887e-01;2.0250000e+02;-1.8011746e-01;2.0250000e+02;-7.2280861e-02;2.0250000e+02;-3.9912835e-02;2.0250000e+02;1.6733956e-02;2.0250000e+02;8.1687979e-02;2.0250000e+02;1.5556861e-01;2.0250000e+02;2.1363959e-01;2.0250000e+02;2.5568026e-01;2.0250000e+02;2.8610894e-01;2.0250000e+02;2.7614221e-01;2.0250000e+02;2.2770052e-01;2.0250000e+02;1.4977156e-01;2.0250000e+02;8.6230949e-02;2.0250000e+02;3.4735397e-02;2.0250000e+02;-1.0657266e-02;2.0250000e+02;-5.3682394e-02;2.0250000e+02;-9.6565515e-02;2.0250000e+02;-1.3893887e-01;2.0250000e+02;-1.8011746e-01;2.0250000e+02;-7.2280861e-02;2.0250000e+02;-3.9912835e-02;2.0250000e+02;1.6733956e-02;2.0250000e+02;8.1687979e-02;2.0250000e+02;1.5556861e-01;2.0250000e+02;2.1363959e-01;2.0250000e+02;2.5568026e-01;2.0250000e+02;2.8610894e-01;2.0250000e+02;2.7614221e-01;2.0250000e+02;2.2770052e-01;2.0250000e+02;1.4977156e-01;2.0250000e+02;8.6230949e-02;2.0250000e+02;3.4735397e-02;2.0250000e+02;-1.0657266e-02;2.0250000e+02;-5.3682394e-02;2.0250000e+02;-9.6565515e-02;2.0250000e+02;-1.3893887e-01;2.0250000e+02;-1.8011746e-01;2.0250000e+02;-7.2280861e-02;2.0250000e+02;-3.9912835e-02;2.0250000e+02;1.6733956e-02;2.0250000e+02;8.1687979e-02;2.0250000e+02;1.5556861e-01;2.0250000e+02;2.1363959e-01;2.0250000e+02;2.5568026e-01;2.0250000e+02;2.8610894e-01;2.0250000e+02;2.7614221e-01;2.0250000e+02;2.2770052e-01;2.0250000e+02;1.4977156e-01;2.0250000e+02;8.6230949e-02;2.0250000e+02;3.4735397e-02;2.0250000e+02;-1.0657266e-02;2.0250000e+02;-5.3682394e-02;2.0250000e+02;-9.6565515e-02;2.0250000e+02;-1.3893887e-01;2.0250000e+02;-1.8011746e-01;2.0250000e+02;-7.2280861e-02;2.0250000e+02;-3.9912835e-02;2.0250000e+02;1.6733956e-02;2.0250000e+02;8.1687979e-02;2.0250000e+02;1.5556861e-01;2.0250000e+02;2.1363959e-01;2.0250000e+02;2.5568026e-01;2.0250000e+02;2.8610894e-01;2.0250000e+02;2.7614221e-01;2.0250000e+02;2.2770052e-01;2.0250000e+02;1.4977156e-01;2.0250000e+02;8.6230949e-02;2.0250000e+02;3.4735397e-02;2.0250000e+02;-1.0657266e-02;2.0250000e+02;-5.3682394e-02;2.0250000e+02;-9.6565515e-02;2.0250000e+02;-1.3893887e-01;2.0250000e+02;-1.8011746e-01;2.0250000e+02;-7.2280861e-02;2.0250000e+02;-3.9912835e-02;2.0250000e+02;1.6733956e-02;2.0250000e+02;8.1687979e-02;2.0250000e+02;1.5556861e-01;2.0250000e+02;2.1363959e-01;2.0250000e+02;2.5568026e-01;2.0250000e+02;2.8610894e-01;2.0250000e+02;2.7614221e-01;2.0250000e+02;2.2770052e-01;2.0250000e+02;1.4977156e-01;2.0250000e+02;8.6230949e-02;2.0250000e+02;3.4735397e-02;2.0250000e+02;-1.0657266e-02;2.0250000e+02;-5.3682394e-02;2.0250000e+02;-9.6565515e-02;2.0250000e+02;-1.3893887e-01;2.0250000e+02;-1.8011746e-01;2.0250000e+02;-7.2280861e-02;2.0250000e+02;-3.9912835e-02;2.0250000e+02;1.6733956e-02;2.0250000e+02;8.1687979e-02;2.0250000e+02;1.5556861e-01;2.0250000e+02;2.1363959e-01;2.0250000e+02;2.5568026e-01;2.0250000e+02;2.8610894e-01;2.0250000e+02;2.7614221e-01;2.0250000e+02;2.2770052e-01;2.0250000e+02;1.4977156e-01;2.0250000e+02;8.6230949e-02;2.0250000e+02;3.4735397e-02;2.0250000e+02;-1.0657266e-02;2.0250000e+02;-5.3682394e-02;2.0250000e+02;-9.6565515e-02;2.0250000e+02;-1.3893887e-01;2.0250000e+02;-1.8011746e-01;2.0250000e+02;-7.2280861e-02;2.0250000e+02;-3.9912835e-02;2.0250000e+02;1.6733956e-02;2.0250000e+02;8.1687979e-02;2.0250000e+02;1.5556861e-01;2.0250000e+02;2.1363959e-01;2.0250000e+02;2.5568026e-01;2.0250000e+02;2.8610894e-01;2.0250000e+02;2.7614221e-01;2.0250000e+02;2.2770052e-01;2.0250000e+02;1.4977156e-01;2.0250000e+02;8.6230949e-02;2.0250000e+02;3.4735397e-02;2.0250000e+02;-1.0657266e-02;2.0250000e+02;-5.3682394e-02;2.0250000e+02;-9.6565515e-02;2.0250000e+02;-1.3893887e-01;2.0250000e+02;-1.8011746e-01;2.0250000e+02;-7.2280861e-02;2.0250000e+02;-3.9912835e-02;2.0250000e+02;1.6733956e-02;2.0250000e+02;8.1687979e-02;2.0250000e+02;1.5556861e-01;2.0250000e+02;2.1363959e-01;2.0250000e+02;2.5568026e-01;2.0250000e+02;2.8610894e-01;2.0250000e+02;2.7614221e-01;2.0250000e+02;2.2770052e-01;2.0250000e+02;1.4977156e-01;2.0250000e+02;8.6230949e-02;2.0250000e+02;3.4735397e-02;2.0250000e+02;-1.0657266e-02;2.0250000e+02;-5.3682394e-02;2.0250000e+02;-9.6565515e-02;2.0250000e+02;-1.3893887e-01;2.0250000e+02;-1.8011746e-01;2.0250000e+02;-7.2280861e-02;2.0250000e+02;-3.9912835e-02;2.0250000e+02;1.6733956e-02;2.0250000e+02;8.1687979e-02;2.0250000e+02;1.5556861e-01;2.0250000e+02;2.1363959e-01;2.0250000e+02;2.5568026e-01;2.0250000e+02;2.8610894e-01;2.0250000e+02;2.7614221e-01;2.0250000e+02;2.2770052e-01;2.0250000e+02;1.4977156e-01;2.0250000e+02;8.6230949e-02;2.0250000e+02;3.4735397e-02;2.0250000e+02;-1.0657266e-02;2.0250000e+02;-5.3682394e-02;2.0250000e+02;-9.6565515e-02;2.0250000e+02;-1.3893887e-01;2.0250000e+02;-1.8011746e-01;2.0250000e+02;-7.2280861e-02;2.0250000e+02;-3.9912835e-02;2.0250000e+02;1.6733956e-02;2.0250000e+02;8.1687979e-02;2.0250000e+02;1.5556861e-01;2.0250000e+02;2.1363959e-01;2.0250000e+02;2.5568026e-01;2.0250000e+02;2.8610894e-01;2.0250000e+02;2.7614221e-01;2.0250000e+02;2.2770052e-01;2.0250000e+02;1.4977156e-01;2.0250000e+02;8.6230949e-02;2.0250000e+02;3.4735397e-02;2.0250000e+02;-1.0657266e-02;2.0250000e+02;-5.3682394e-02;2.0250000e+02;-9.6565515e-02;2.0250000e+02;-1.3893887e-01;2.0250000e+02;-1.8011746e-01;2.0250000e+02;-7.2280861e-02;2.0250000e+02;-3.9912835e-02;2.0250000e+02;1.6733956e-02;2.0250000e+02;8.1687979e-02;2.0250000e+02;1.5556861e-01;2.0250000e+02;2.1363959e-01;2.0250000e+02;2.5568026e-01;2.0250000e+02;2.8610894e-01;2.0250000e+02;2.7614221e-01;2.0250000e+02;2.2770052e-01;2.0250000e+02;1.4977156e-01;2.0250000e+02;8.6230949e-02;2.0250000e+02;3.4735397e-02;2.0250000e+02;-1.0657266e-02;2.0250000e+02;-5.3682394e-02;2.0250000e+02;-9.6565515e-02;2.0250000e+02;-1.3893887e-01;2.0250000e+02;-1.8011746e-01;2.0250000e+02;-7.2280861e-02;2.0250000e+02;-3.9912835e-02;2.0250000e+02;1.6733956e-02;2.0250000e+02;8.1687979e-02;2.0250000e+02;1.5556861e-01;2.0250000e+02;2.1363959e-01;2.0250000e+02;2.5568026e-01;2.0250000e+02;2.8610894e-01;2.0250000e+02;2.7614221e-01;2.0250000e+02;2.2770052e-01;2.0250000e+02;1.4977156e-01;2.0250000e+02;8.6230949e-02;2.0250000e+02;3.4735397e-02;2.0250000e+02;-1.0657266e-02;2.0250000e+02;-5.3682394e-02;2.0250000e+02;-9.6565515e-02;2.0250000e+02;-1.3893887e-01;2.0250000e+02;-1.8011746e-01;2.0250000e+02;-7.2280861e-02;2.0250000e+02;-3.9912835e-02;2.0250000e+02;1.6733956e-02;2.0250000e+02;8.1687979e-02;2.0250000e+02;1.5556861e-01;2.0250000e+02;2.1363959e-01;2.0250000e+02;2.5568026e-01;2.0250000e+02;2.8610894e-01;2.0250000e+02;2.7614221e-01;2.0250000e+02;2.2770052e-01;2.0250000e+02;1.4977156e-01;2.0250000e+02;8.6230949e-02;2.0250000e+02;3.4735397e-02;2.0250000e+02;-1.0657266e-02;2.0250000e+02;-5.3682394e-02;2.0250000e+02;-9.6565515e-02;2.0250000e+02;-1.3893887e-01;2.0250000e+02;-1.8011746e-01;2.0250000e+02;-7.2280861e-02;2.0250000e+02;-3.9912835e-02;2.0250000e+02;1.6733956e-02;2.0250000e+02;8.1687979e-02;2.0250000e+02;1.5556861e-01;2.0250000e+02;2.1363959e-01;2.0250000e+02;2.5568026e-01;2.0250000e+02;2.8610894e-01;2.0250000e+02;2.7614221e-01;2.0250000e+02;2.2770052e-01;2.0250000e+02;1.4977156e-01;2.0250000e+02;8.6230949e-02;2.0250000e+02;3.4735397e-02;2.0250000e+02;-1.0657266e-02;2.0250000e+02;-5.3682394e-02;2.0250000e+02;-9.6565515e-02;2.0250000e+02;-1.3893887e-01;2.0250000e+02;-1.8011746e-01;2.0250000e+02;-7.2280861e-02;2.0250000e+02;-3.9912835e-02;2.0250000e+02;1.6733956e-02;2.0250000e+02;8.1687979e-02;2.0250000e+02;1.5556861e-01;2.0250000e+02;2.1363959e-01;2.0250000e+02;2.5568026e-01;2.0250000e+02;2.8610894e-01;2.0250000e+02;2.7614221e-01;2.0250000e+02;2.2770052e-01;2.0250000e+02;1.4977156e-01;2.0250000e+02;8.6230949e-02;2.0250000e+02;3.4735397e-02;2.0250000e+02;-1.0657266e-02;2.0250000e+02;-5.3682394e-02;2.0250000e+02;-9.6565515e-02;2.0250000e+02;-1.3893887e-01;2.0250000e+02;-1.8011746e-01;2.0250000e+02;-7.2280861e-02;2.0250000e+02;-3.9912835e-02;2.0250000e+02;1.6733956e-02;2.0250000e+02;8.1687979e-02;2.0250000e+02;1.5556861e-01;2.0250000e+02;2.1363959e-01;2.0250000e+02;2.5568026e-01;2.0250000e+02;2.8610894e-01;2.0250000e+02;2.7614221e-01;2.0250000e+02;2.2770052e-01;2.0250000e+02;1.4977156e-01;2.0250000e+02;8.6230949e-02;2.0250000e+02;3.4735397e-02;2.0250000e+02;-1.0657266e-02;2.0250000e+02;-5.3682394e-02;2.0250000e+02;-9.6565515e-02;2.0250000e+02;-1.3893887e-01;2.0250000e+02;-1.8011746e-01;2.0250000e+02;-7.2280861e-02;2.0250000e+02;-3.9912835e-02;2.0250000e+02;1.6733956e-02;2.0250000e+02;8.1687979e-02;2.0250000e+02;1.5556861e-01;2.0250000e+02;2.1363959e-01;2.0250000e+02;2.5568026e-01;2.0250000e+02;2.8610894e-01;2.0250000e+02;2.7614221e-01;2.0250000e+02;2.2770052e-01;2.0250000e+02;1.4977156e-01;2.0250000e+02;8.6230949e-02;2.0250000e+02;3.4735397e-02;2.0250000e+02;-1.0657266e-02;2.0250000e+02;-5.3682394e-02;2.0250000e+02;-9.6565515e-02;2.0250000e+02;-1.3893887e-01;2.0250000e+02;-1.8011746e-01;2.0250000e+02;-7.2280861e-02;2.0250000e+02;-3.9912835e-02;2.0250000e+02;1.6733956e-02;2.0250000e+02;8.1687979e-02;2.0250000e+02;1.5556861e-01;2.0250000e+02;2.1363959e-01;2.0250000e+02;2.5568026e-01;2.0250000e+02;2.8610894e-01;2.0250000e+02;2.7614221e-01;2.0250000e+02;2.2770052e-01;2.0250000e+02;1.4977156e-01;2.0250000e+02;8.6230949e-02;2.0250000e+02;3.4735397e-02;2.0250000e+02;-1.0657266e-02;2.0250000e+02;-5.3682394e-02;2.0250000e+02;-9.6565515e-02;2.0250000e+02;-1.3893887e-01;2.0250000e+02;-1.8011746e-01;2.0250000e+02;-7.2280861e-02;2.0250000e+02;-3.9912835e-02;2.0250000e+02;1.6733956e-02;2.0250000e+02;8.1687979e-02;2.0250000e+02;1.5556861e-01;2.0250000e+02;2.1363959e-01;2.0250000e+02;2.5568026e-01;2.0250000e+02;2.8610894e-01;2.0250000e+02;2.7614221e-01;2.0250000e+02;2.2770052e-01;2.0250000e+02;1.4977156e-01;2.0250000e+02;8.6230949e-02;2.0250000e+02;3.4735397e-02;2.0250000e+02;-1.0657266e-02;2.0250000e+02;-5.3682394e-02;2.0250000e+02;-9.6565515e-02;2.0250000e+02;-1.3893887e-01;2.0250000e+02;-1.8011746e-01;2.0250000e+02;-7.2280861e-02;2.0250000e+02;-3.9912835e-02;2.0250000e+02;1.6733956e-02;2.0250000e+02;8.1687979e-02;2.0250000e+02;1.5556861e-01;2.0250000e+02;2.1363959e-01;2.0250000e+02;2.5568026e-01;2.0250000e+02;2.8610894e-01;2.0250000e+02;2.7614221e-01;2.0250000e+02;2.2770052e-01;2.0250000e+02;1.4977156e-01;2.0250000e+02;8.6230949e-02;2.0250000e+02;3.4735397e-02;2.0250000e+02;-1.0657266e-02;2.0250000e+02;-5.3682394e-02;2.0250000e+02;-9.6565515e-02;2.0250000e+02;-1.3893887e-01;2.0250000e+02;-1.8011746e-01;2.0250000e+02;-7.2280861e-02;2.0250000e+02;-3.9912835e-02;2.0250000e+02;1.6733956e-02;2.0250000e+02;8.1687979e-02;2.0250000e+02;1.5556861e-01;2.0250000e+02;2.1363959e-01;2.0250000e+02;2.5568026e-01;2.0250000e+02;2.8610894e-01;2.0250000e+02;2.7614221e-01;2.0250000e+02;2.2770052e-01;2.0250000e+02;1.4977156e-01;2.0250000e+02;8.6230949e-02;2.0250000e+02;3.4735397e-02;2.0250000e+02;-1.0657266e-02;2.0250000e+02;-5.3682394e-02;2.0250000e+02;-9.6565515e-02;2.0250000e+02;-1.3893887e-01;2.0250000e+02;-1.8011746e-01;2.0250000e+02;-7.2280861e-02;2.0250000e+02;-3.9912835e-02;2.0250000e+02;1.6733956e-02;2.0250000e+02;8.1687979e-02;2.0250000e+02;1.5556861e-01;2.0250000e+02;2.1363959e-01;2.0250000e+02;2.5568026e-01;2.0250000e+02;2.8610894e-01;2.0250000e+02;2.7614221e-01;2.0250000e+02;2.2770052e-01;2.0250000e+02;1.4977156e-01;2.0250000e+02;8.6230949e-02;2.0250000e+02;3.4735397e-02;2.0250000e+02;-1.0657266e-02;2.0250000e+02;-5.3682394e-02;2.0250000e+02;-9.6565515e-02;2.0250000e+02;-1.3893887e-01;2.0250000e+02;-1.8011746e-01;2.0250000e+02;-7.2280861e-02;2.0250000e+02;-3.9912835e-02;2.0250000e+02;1.6733956e-02;2.0250000e+02;8.1687979e-02;2.0250000e+02;1.5556861e-01;2.0250000e+02;2.1363959e-01;2.0250000e+02;2.5568026e-01;2.0250000e+02;2.8610894e-01;2.0250000e+02;2.7614221e-01;2.0250000e+02;2.2770052e-01;2.0250000e+02;1.4977156e-01;2.0250000e+02;8.6230949e-02;2.0250000e+02;3.4735397e-02;2.0250000e+02;-1.0657266e-02;2.0250000e+02;-5.3682394e-02;2.0250000e+02;-9.6565515e-02;2.0250000e+02;-1.3893887e-01;2.0250000e+02;-1.8011746e-01;2.0250000e+02;-7.2280861e-02;2.0250000e+02;-3.9912835e-02;2.0250000e+02;1.6733956e-02;2.0250000e+02;8.1687979e-02;2.0250000e+02;1.5556861e-01;2.0250000e+02;2.1363959e-01;2.0250000e+02;2.5568026e-01;2.0250000e+02;2.8610894e-01;2.0250000e+02;2.7614221e-01;2.0250000e+02;2.2770052e-01;2.0250000e+02;1.4977156e-01;2.0250000e+02;8.6230949e-02;2.0250000e+02;3.4735397e-02;2.0250000e+02;-1.0657266e-02;2.0250000e+02;-5.3682394e-02;2.0250000e+02;-9.6565515e-02;2.0250000e+02;-1.3893887e-01;2.0250000e+02;-1.8011746e-01;2.0250000e+02;-7.2280861e-02;2.0250000e+02;-3.9912835e-02;2.0250000e+02;1.6733956e-02;2.0250000e+02;8.1687979e-02;2.0250000e+02;1.5556861e-01;2.0250000e+02;2.1363959e-01;2.0250000e+02;2.5568026e-01;2.0250000e+02;2.8610894e-01;2.0250000e+02;2.7614221e-01;2.0250000e+02;2.2770052e-01;2.0250000e+02;1.4977156e-01;2.0250000e+02;8.6230949e-02;2.0250000e+02;3.4735397e-02;2.0250000e+02;-1.0657266e-02;2.0250000e+02;-5.3682394e-02;2.0250000e+02;-9.6565515e-02;2.0250000e+02;-1.3893887e-01;2.0250000e+02;-1.8011746e-01;2.0250000e+02;-7.2280861e-02;2.0250000e+02;-3.9912835e-02;2.0250000e+02;1.6733956e-02;2.0250000e+02;8.1687979e-02;2.0250000e+02;1.5556861e-01;2.0250000e+02;2.1363959e-01;2.0250000e+02;2.5568026e-01;2.0250000e+02;2.8610894e-01;2.0250000e+02;2.7614221e-01;2.0250000e+02;2.2770052e-01;2.0250000e+02;1.4977156e-01;2.0250000e+02;8.6230949e-02;2.0250000e+02;3.4735397e-02;2.0250000e+02;-1.0657266e-02;2.0250000e+02;-5.3682394e-02;2.0250000e+02;-9.6565515e-02;2.0250000e+02;-1.3893887e-01;2.0250000e+02;-1.8011746e-01;2.0250000e+02;-7.2280861e-02;2.0250000e+02;-3.9912835e-02;2.0250000e+02;1.6733956e-02;2.0250000e+02;8.1687979e-02;2.0250000e+02;1.5556861e-01;2.0250000e+02;2.1363959e-01;2.0250000e+02;2.5568026e-01;2.0250000e+02;2.8610894e-01;2.0250000e+02;2.7614221e-01;2.0250000e+02;2.2770052e-01;2.0250000e+02;1.4977156e-01;2.0250000e+02;8.6230949e-02;2.0250000e+02;3.4735397e-02;2.0250000e+02;-1.0657266e-02;2.0250000e+02;-5.3682394e-02;2.0250000e+02;-9.6565515e-02;2.0250000e+02;-1.3893887e-01;2.0250000e+02;-1.8011746e-01;2.0250000e+02;-7.2280861e-02;2.0250000e+02;-3.9912835e-02;2.0250000e+02;1.6733956e-02;2.0250000e+02;8.1687979e-02;2.0250000e+02;1.5556861e-01;2.0250000e+02;2.1363959e-01;2.0250000e+02;2.5568026e-01;2.0250000e+02;2.8610894e-01;2.0250000e+02;2.7614221e-01;2.0250000e+02;2.2770052e-01;2.0250000e+02;1.4977156e-01;2.0250000e+02;8.6230949e-02;2.0250000e+02;3.4735397e-02;2.0250000e+02;-1.0657266e-02;2.0250000e+02;-5.3682394e-02;2.0250000e+02;-9.6565515e-02;2.0250000e+02;-1.3893887e-01;2.0250000e+02;-1.8011746e-01;2.0250000e+02;-7.2280861e-02;2.0250000e+02;-3.9912835e-02;2.0250000e+02;1.6733956e-02;2.0250000e+02;8.1687979e-02;2.0250000e+02;1.5556861e-01;2.0250000e+02;2.1363959e-01;2.0250000e+02;2.5568026e-01;2.0250000e+02;2.8610894e-01;2.0250000e+02;2.7614221e-01;2.0250000e+02;2.2770052e-01;2.0250000e+02;1.4977156e-01;2.0250000e+02;8.6230949e-02;2.0250000e+02;3.4735397e-02;2.0250000e+02;-1.0657266e-02;2.0250000e+02;-5.3682394e-02;2.0250000e+02;-9.6565515e-02;2.0250000e+02;-1.3893887e-01;2.0250000e+02;-1.8011746e-01;2.0250000e+02;-7.2280861e-02;2.0250000e+02;-3.9912835e-02;2.0250000e+02;1.6733956e-02;2.0250000e+02;8.1687979e-02;2.0250000e+02;1.5556861e-01;2.0250000e+02;2.1363959e-01;2.0250000e+02;2.5568026e-01;2.0250000e+02;2.8610894e-01;2.0250000e+02;2.7614221e-01;2.0250000e+02;2.2770052e-01;2.0250000e+02;1.4977156e-01;2.0250000e+02;8.6230949e-02;2.0250000e+02;3.4735397e-02;2.0250000e+02;-1.0657266e-02;2.0250000e+02;-5.3682394e-02;2.0250000e+02;-9.6565515e-02;2.0250000e+02;-1.3893887e-01;2.0250000e+02;-1.8011746e-01;2.0250000e+02;-7.2280861e-02;2.0250000e+02;-3.9912835e-02;2.0250000e+02;1.6733956e-02;2.0250000e+02;8.1687979e-02;2.0250000e+02;1.5556861e-01;2.0250000e+02;2.1363959e-01;2.0250000e+02;2.5568026e-01;2.0250000e+02;2.8610894e-01;2.0250000e+02;2.7614221e-01;2.0250000e+02;2.2770052e-01;2.0250000e+02;1.4977156e-01;2.0250000e+02;8.6230949e-02;2.0250000e+02;3.4735397e-02;2.0250000e+02;-1.0657266e-02;2.0250000e+02;-5.3682394e-02;2.0250000e+02;-9.6565515e-02;2.0250000e+02;-1.3893887e-01;2.0250000e+02;-1.8011746e-01;2.0250000e+02;-7.2280861e-02;2.0250000e+02;-3.9912835e-02;2.0250000e+02;1.6733956e-02;2.0250000e+02;8.1687979e-02;2.0250000e+02;1.5556861e-01;2.0250000e+02;2.1363959e-01;2.0250000e+02;2.5568026e-01;2.0250000e+02;2.8610894e-01;2.0250000e+02;2.7614221e-01;2.0250000e+02;2.2770052e-01;2.0250000e+02;1.4977156e-01;2.0250000e+02;8.6230949e-02;2.0250000e+02;3.4735397e-02;2.0250000e+02;-1.0657266e-02;2.0250000e+02;-5.3682394e-02;2.0250000e+02;-9.6565515e-02;2.0250000e+02;-1.3893887e-01;2.0250000e+02;-1.8011746e-01;2.0250000e+02;-7.2280861e-02;2.0250000e+02;-3.9912835e-02;2.0250000e+02;1.6733956e-02;2.0250000e+02;8.1687979e-02;2.0250000e+02;1.5556861e-01;2.0250000e+02;2.1363959e-01;2.0250000e+02;2.5568026e-01;2.0250000e+02;2.8610894e-01;2.0250000e+02;2.7614221e-01;2.0250000e+02;2.2770052e-01;2.0250000e+02;1.4977156e-01;2.0250000e+02;8.6230949e-02;2.0250000e+02;3.4735397e-02;2.0250000e+02;-1.0657266e-02;2.0250000e+02;-5.3682394e-02;2.0250000e+02;-9.6565515e-02;2.0250000e+02;-1.3893887e-01;2.0250000e+02;-1.8011746e-01;2.0250000e+02;-7.2280861e-02;2.0250000e+02;-3.9912835e-02;2.0250000e+02;1.6733956e-02;2.0250000e+02;8.1687979e-02;2.0250000e+02;1.5556861e-01;2.0250000e+02;2.1363959e-01;2.0250000e+02;2.5568026e-01;2.0250000e+02;2.8610894e-01;2.0250000e+02;2.7614221e-01;2.0250000e+02;2.2770052e-01;2.0250000e+02;1.4977156e-01;2.0250000e+02;8.6230949e-02;2.0250000e+02;3.4735397e-02;2.0250000e+02;-1.0657266e-02;2.0250000e+02;-5.3682394e-02;2.0250000e+02;-9.6565515e-02;2.0250000e+02;-1.3893887e-01;2.0250000e+02;-1.8011746e-01;2.0250000e+02;-7.2280861e-02;2.0250000e+02;-3.9912835e-02;2.0250000e+02;1.6733956e-02;2.0250000e+02;8.1687979e-02;2.0250000e+02;1.5556861e-01;2.0250000e+02;2.1363959e-01;2.0250000e+02;2.5568026e-01;2.0250000e+02;2.8610894e-01;2.0250000e+02;2.7614221e-01;2.0250000e+02;2.2770052e-01;2.0250000e+02;1.4977156e-01;2.0250000e+02;8.6230949e-02;2.0250000e+02;3.4735397e-02;2.0250000e+02;-1.0657266e-02;2.0250000e+02;-5.3682394e-02;2.0250000e+02;-9.6565515e-02;2.0250000e+02;-1.3893887e-01;2.0250000e+02;-1.8011746e-01;2.0250000e+02;-7.2280861e-02;2.0250000e+02;-3.9912835e-02;2.0250000e+02;1.6733956e-02;2.0250000e+02;8.1687979e-02;2.0250000e+02;1.5556861e-01;2.0250000e+02;2.1363959e-01;2.0250000e+02;2.5568026e-01;2.0250000e+02;2.8610894e-01;2.0250000e+02;2.7614221e-01;2.0250000e+02;2.2770052e-01;2.0250000e+02;1.4977156e-01;2.0250000e+02;8.6230949e-02;2.0250000e+02;3.4735397e-02;2.0250000e+02;-1.0657266e-02;2.0250000e+02;-5.3682394e-02;2.0250000e+02;-9.6565515e-02;2.0250000e+02;-1.3893887e-01;2.0250000e+02;-1.8011746e-01;2.0250000e+02;-7.2280861e-02;2.0250000e+02;-3.9912835e-02;2.0250000e+02;1.6733956e-02;2.0250000e+02;8.1687979e-02;2.0250000e+02;1.5556861e-01;2.0250000e+02;2.1363959e-01;2.0250000e+02;2.5568026e-01;2.0250000e+02;2.8610894e-01;2.0250000e+02;2.7614221e-01;2.0250000e+02;2.2770052e-01;2.0250000e+02;1.4977156e-01;2.0250000e+02;8.6230949e-02;2.0250000e+02;3.4735397e-02;2.0250000e+02;-1.0657266e-02;2.0250000e+02;-5.3682394e-02;2.0250000e+02;-9.6565515e-02;2.0250000e+02;-1.3893887e-01;2.0250000e+02;-1.8011746e-01;2.0250000e+02;-7.2280861e-02;2.0250000e+02;-3.9912835e-02;2.0250000e+02;1.6733956e-02;2.0250000e+02;8.1687979e-02;2.0250000e+02;1.5556861e-01;2.0250000e+02;2.1363959e-01;2.0250000e+02;2.5568026e-01;2.0250000e+02;2.8610894e-01;2.0250000e+02;2.7614221e-01;2.0250000e+02;2.2770052e-01;2.0250000e+02;1.4977156e-01;2.0250000e+02;8.6230949e-02;2.0250000e+02;3.4735397e-02;2.0250000e+02;-1.0657266e-02;2.0250000e+02;-5.3682394e-02;2.0250000e+02;-9.6565515e-02;2.0250000e+02;-1.3893887e-01;2.0250000e+02;-1.8011746e-01;2.0250000e+02;-7.2280861e-02;2.0250000e+02;-3.9912835e-02;2.0250000e+02;1.6733956e-02;2.0250000e+02;8.1687979e-02;2.0250000e+02;1.5556861e-01;2.0250000e+02;2.1363959e-01;2.0250000e+02;2.5568026e-01;2.0250000e+02;2.8610894e-01;2.0250000e+02;2.7614221e-01;2.0250000e+02;2.2770052e-01;2.0250000e+02;1.4977156e-01;2.0250000e+02;8.6230949e-02;2.0250000e+02;3.4735397e-02;2.0250000e+02;-1.0657266e-02;2.0250000e+02;-5.3682394e-02;2.0250000e+02;-9.6565515e-02;2.0250000e+02;-1.3893887e-01;2.0250000e+02;-1.8011746e-01;2.0250000e+02;-7.2280861e-02;2.0250000e+02;-3.9912835e-02;2.0250000e+02;1.6733956e-02;2.0250000e+02;8.1687979e-02;2.0250000e+02;1.5556861e-01;2.0250000e+02;2.1363959e-01;2.0250000e+02;2.5568026e-01;2.0250000e+02;2.8610894e-01;2.0250000e+02;2.7614221e-01;2.0250000e+02;2.2770052e-01;2.0250000e+02;1.4977156e-01;2.0250000e+02;8.6230949e-02;2.0250000e+02;3.4735397e-02;2.0250000e+02;-1.0657266e-02;2.0250000e+02;-5.3682394e-02;2.0250000e+02;-9.6565515e-02;2.0250000e+02;-1.3893887e-01;2.0250000e+02;-1.8011746e-01;2.0250000e+02;-7.2280861e-02;2.0250000e+02;-3.9912835e-02;2.0250000e+02;1.6733956e-02;2.0250000e+02;8.1687979e-02;2.0250000e+02;1.5556861e-01;2.0250000e+02;2.1363959e-01;2.0250000e+02;2.5568026e-01;2.0250000e+02;2.8610894e-01;2.0250000e+02;2.7614221e-01;2.0250000e+02;2.2770052e-01;2.0250000e+02;1.4977156e-01;2.0250000e+02;8.6230949e-02;2.0250000e+02;3.4735397e-02;2.0250000e+02;-1.0657266e-02;2.0250000e+02;-5.3682394e-02;2.0250000e+02;-9.6565515e-02;2.0250000e+02;-1.3893887e-01;2.0250000e+02;-1.8011746e-01;2.0250000e+02;-7.2280861e-02;2.0250000e+02;-3.9912835e-02;2.0250000e+02;1.6733956e-02;2.0250000e+02;8.1687979e-02;2.0250000e+02;1.5556861e-01;2.0250000e+02;2.1363959e-01;2.0250000e+02;2.5568026e-01;2.0250000e+02;2.8610894e-01;2.0250000e+02;2.7614221e-01;2.0250000e+02;2.2770052e-01;2.0250000e+02;1.4977156e-01;2.0250000e+02;8.6230949e-02;2.0250000e+02;3.4735397e-02;2.0250000e+02;-1.0657266e-02;2.0250000e+02;-5.3682394e-02;2.0250000e+02;-9.6565515e-02;2.0250000e+02;-1.3893887e-01;2.0250000e+02;-1.8011746e-01;2.0250000e+02;-7.2280861e-02;2.0250000e+02;-3.9912835e-02;2.0250000e+02;1.6733956e-02;2.0250000e+02;8.1687979e-02;2.0250000e+02;1.5556861e-01;2.0250000e+02;2.1363959e-01;2.0250000e+02;2.5568026e-01;2.0250000e+02;2.8610894e-01;2.0250000e+02;2.7614221e-01;2.0250000e+02;2.2770052e-01;2.0250000e+02;1.4977156e-01;2.0250000e+02;8.6230949e-02;2.0250000e+02;3.4735397e-02;2.0250000e+02;-1.0657266e-02;2.0250000e+02;-5.3682394e-02;2.0250000e+02;-9.6565515e-02;2.0250000e+02;-1.3893887e-01;2.0250000e+02;-1.8011746e-01;2.0250000e+02;-7.2280861e-02;2.0250000e+02;-3.9912835e-02;2.0250000e+02;1.6733956e-02;2.0250000e+02;8.1687979e-02;2.0250000e+02;1.5556861e-01;2.0250000e+02;2.1363959e-01;2.0250000e+02;2.5568026e-01;2.0250000e+02;2.8610894e-01;2.0250000e+02;2.7614221e-01;2.0250000e+02;2.2770052e-01;2.0250000e+02;1.4977156e-01;2.0250000e+02;8.6230949e-02;2.0250000e+02;3.4735397e-02;2.0250000e+02;-1.0657266e-02;2.0250000e+02;-5.3682394e-02;2.0250000e+02;-9.6565515e-02;2.0250000e+02;-1.3893887e-01;2.0250000e+02;-1.8011746e-01;2.0250000e+02;-7.2280861e-02;2.0250000e+02;-3.9912835e-02;2.0250000e+02;1.6733956e-02;2.0250000e+02;8.1687979e-02;2.0250000e+02;1.5556861e-01;2.0250000e+02;2.1363959e-01;2.0250000e+02;2.5568026e-01;2.0250000e+02;2.8610894e-01;2.0250000e+02;2.7614221e-01;2.0250000e+02;2.2770052e-01;2.0250000e+02;1.4977156e-01;2.0250000e+02;8.6230949e-02;2.0250000e+02;3.4735397e-02;2.0250000e+02;-1.0657266e-02;2.0250000e+02;-5.3682394e-02;2.0250000e+02;-9.6565515e-02;2.0250000e+02;-1.3893887e-01;2.0250000e+02;-1.8011746e-01;2.0250000e+02;-7.2280861e-02;2.0250000e+02;-3.9912835e-02;2.0250000e+02;1.6733956e-02;2.0250000e+02;8.1687979e-02;2.0250000e+02;1.5556861e-01;2.0250000e+02;2.1363959e-01;2.0250000e+02;2.5568026e-01;2.0250000e+02;2.8610894e-01;2.0250000e+02;2.7614221e-01;2.0250000e+02;2.2770052e-01;2.0250000e+02;1.4977156e-01;2.0250000e+02;8.6230949e-02;2.0250000e+02;3.4735397e-02;2.0250000e+02;-1.0657266e-02;2.0250000e+02;-5.3682394e-02;2.0250000e+02;-9.6565515e-02;2.0250000e+02;-1.3893887e-01;2.0250000e+02;-1.8011746e-01;2.0250000e+02;-7.2280861e-02;2.0250000e+02;-3.9912835e-02;2.0250000e+02;1.6733956e-02;2.0250000e+02;8.1687979e-02;2.0250000e+02;1.5556861e-01;2.0250000e+02;2.1363959e-01;2.0250000e+02;2.5568026e-01;2.0250000e+02;2.8610894e-01;2.0250000e+02;2.7614221e-01;2.0250000e+02;2.2770052e-01;2.0250000e+02;1.4977156e-01;2.0250000e+02;8.6230949e-02;2.0250000e+02;3.4735397e-02;2.0250000e+02;-1.0657266e-02;2.0250000e+02;-5.3682394e-02;2.0250000e+02;-9.6565515e-02;2.0250000e+02;-1.3893887e-01;2.0250000e+02;-1.8011746e-01;2.0250000e+02;-7.2280861e-02;2.0250000e+02;-3.9912835e-02;2.0250000e+02;1.6733956e-02;2.0250000e+02;8.1687979e-02;2.0250000e+02;1.5556861e-01;2.0250000e+02;2.1363959e-01;2.0250000e+02;2.5568026e-01;2.0250000e+02;2.8610894e-01;2.0250000e+02;2.7614221e-01;2.0250000e+02;2.2770052e-01;2.0250000e+02;1.4977156e-01;2.0250000e+02;8.6230949e-02;2.0250000e+02;3.4735397e-02;2.0250000e+02;-1.0657266e-02;2.0250000e+02;-5.3682394e-02;2.0250000e+02;-9.6565515e-02;2.0250000e+02;-1.3893887e-01;2.0250000e+02;-1.8011746e-01;2.0250000e+02;-7.2280861e-02;2.0250000e+02;-3.9912835e-02;2.0250000e+02;1.6733956e-02;2.0250000e+02;8.1687979e-02;2.0250000e+02;1.5556861e-01;2.0250000e+02;2.1363959e-01;2.0250000e+02;2.5568026e-01;2.0250000e+02;2.8610894e-01;2.0250000e+02;2.7614221e-01;2.0250000e+02;2.2770052e-01;2.0250000e+02;1.4977156e-01;2.0250000e+02;8.6230949e-02;2.0250000e+02;3.4735397e-02;2.0250000e+02;-1.0657266e-02;2.0250000e+02;-5.3682394e-02;2.0250000e+02;-9.6565515e-02;2.0250000e+02;-1.3893887e-01;2.0250000e+02;-1.8011746e-01;2.0250000e+02;-7.2280861e-02;2.0250000e+02;-3.9912835e-02;2.0250000e+02;1.6733956e-02;2.0250000e+02;8.1687979e-02;2.0250000e+02;1.5556861e-01;2.0250000e+02;2.1363959e-01;2.0250000e+02;2.5568026e-01;2.0250000e+02;2.8610894e-01;2.0250000e+02;2.7614221e-01;2.0250000e+02;2.2770052e-01;2.0250000e+02;1.4977156e-01;2.0250000e+02;8.6230949e-02;2.0250000e+02;3.4735397e-02;2.0250000e+02;-1.0657266e-02;2.0250000e+02;-5.3682394e-02;2.0250000e+02;-9.6565515e-02;2.0250000e+02;-1.3893887e-01;2.0250000e+02;-1.8011746e-01;2.0250000e+02;-7.2280861e-02;2.0250000e+02;-3.9912835e-02;2.0250000e+02;1.6733956e-02;2.0250000e+02;8.1687979e-02;2.0250000e+02;1.5556861e-01;2.0250000e+02;2.1363959e-01;2.0250000e+02;2.5568026e-01;2.0250000e+02;2.8610894e-01;2.0250000e+02;2.7614221e-01;2.0250000e+02;2.2770052e-01;2.0250000e+02;1.4977156e-01;2.0250000e+02;8.6230949e-02;2.0250000e+02;3.4735397e-02;2.0250000e+02;-1.0657266e-02;2.0250000e+02;-5.3682394e-02;2.0250000e+02;-9.6565515e-02;2.0250000e+02;-1.3893887e-01;2.0250000e+02;-1.8011746e-01;2.0250000e+02;-7.2280861e-02;2.0250000e+02;-3.9912835e-02;2.0250000e+02;1.6733956e-02;2.0250000e+02;8.1687979e-02;2.0250000e+02;1.5556861e-01;2.0250000e+02;2.1363959e-01;2.0250000e+02;2.5568026e-01;2.0250000e+02;2.8610894e-01;2.0250000e+02;2.7614221e-01;2.0250000e+02;2.2770052e-01;2.0250000e+02;1.4977156e-01;2.0250000e+02;8.6230949e-02;2.0250000e+02;3.4735397e-02;2.0250000e+02;-1.0657266e-02;2.0250000e+02;-5.3682394e-02;2.0250000e+02;-9.6565515e-02;2.0250000e+02;-1.3893887e-01;2.0250000e+02;-1.8011746e-01;2.0250000e+02;-7.2280861e-02;2.0250000e+02;-3.9912835e-02;2.0250000e+02;1.6733956e-02;2.0250000e+02;8.1687979e-02;2.0250000e+02;1.5556861e-01;2.0250000e+02;2.1363959e-01;2.0250000e+02;2.5568026e-01;2.0250000e+02;2.8610894e-01;2.0250000e+02;2.7614221e-01;2.0250000e+02;2.2770052e-01;2.0250000e+02;1.4977156e-01;2.0250000e+02;8.6230949e-02;2.0250000e+02;3.4735397e-02;2.0250000e+02;-1.0657266e-02;2.0250000e+02;-5.3682394e-02;2.0250000e+02;-9.6565515e-02;2.0250000e+02;-1.3893887e-01;2.0250000e+02;-1.8011746e-01;2.0250000e+02;-7.2280861e-02;2.0250000e+02;-3.9912835e-02;2.0250000e+02;1.6733956e-02;2.0250000e+02;8.1687979e-02;2.0250000e+02;1.5556861e-01;2.0250000e+02;2.1363959e-01;2.0250000e+02;2.5568026e-01;2.0250000e+02;2.8610894e-01;2.0250000e+02;2.7614221e-01;2.0250000e+02;2.2770052e-01;2.0250000e+02;1.4977156e-01;2.0250000e+02;8.6230949e-02;2.0250000e+02;3.4735397e-02;2.0250000e+02;-1.0657266e-02;2.0250000e+02;-5.3682394e-02;2.0250000e+02;-9.6565515e-02;2.0250000e+02;-1.3893887e-01;2.0250000e+02;-1.8011746e-01;2.0250000e+02;-7.2280861e-02;2.0250000e+02;-3.9912835e-02;2.0250000e+02;1.6733956e-02;2.0250000e+02;8.1687979e-02;2.0250000e+02;1.5556861e-01;2.0250000e+02;2.1363959e-01;2.0250000e+02;2.5568026e-01;2.0250000e+02;2.8610894e-01;2.0250000e+02;2.7614221e-01;2.0250000e+02;2.2770052e-01;2.0250000e+02;1.4977156e-01;2.0250000e+02;8.6230949e-02;2.0250000e+02;3.4735397e-02;2.0250000e+02;-1.0657266e-02;2.0250000e+02;-5.3682394e-02;2.0250000e+02;-9.6565515e-02;2.0250000e+02;-1.3893887e-01;2.0250000e+02;-1.8011746e-01;2.0250000e+02;-7.2280861e-02;2.0250000e+02;-3.9912835e-02;2.0250000e+02;1.6733956e-02;2.0250000e+02;8.1687979e-02;2.0250000e+02;1.5556861e-01;2.0250000e+02;2.1363959e-01;2.0250000e+02;2.5568026e-01;2.0250000e+02;2.8610894e-01;2.0250000e+02;2.7614221e-01;2.0250000e+02;2.2770052e-01;2.0250000e+02;1.4977156e-01;2.0250000e+02;8.6230949e-02;2.0250000e+02;3.4735397e-02;2.0250000e+02;-1.0657266e-02;2.0250000e+02;-5.3682394e-02;2.0250000e+02;-9.6565515e-02;2.0250000e+02;-1.3893887e-01;2.0250000e+02;-1.8011746e-01;2.0250000e+02;-7.2280861e-02;2.0250000e+02;-3.9912835e-02;2.0250000e+02;1.6733956e-02;2.0250000e+02;8.1687979e-02;2.0250000e+02;1.5556861e-01;2.0250000e+02;2.1363959e-01;2.0250000e+02;2.5568026e-01;2.0250000e+02;2.8610894e-01;2.0250000e+02;2.7614221e-01;2.0250000e+02;2.2770052e-01;2.0250000e+02;1.4977156e-01;2.0250000e+02;8.6230949e-02;2.0250000e+02;3.4735397e-02;2.0250000e+02;-1.0657266e-02;2.0250000e+02;-5.3682394e-02;2.0250000e+02;-9.6565515e-02;2.0250000e+02;-1.3893887e-01;2.0250000e+02;-1.8011746e-01;2.0250000e+02;-7.2280861e-02;2.0250000e+02;-3.9912835e-02;2.0250000e+02;1.6733956e-02;2.0250000e+02;8.1687979e-02;2.0250000e+02;1.5556861e-01;2.0250000e+02;2.1363959e-01;2.0250000e+02;2.5568026e-01;2.0250000e+02;2.8610894e-01;2.0250000e+02;2.7614221e-01;2.0250000e+02;2.2770052e-01;2.0250000e+02;1.4977156e-01;2.0250000e+02;8.6230949e-02;2.0250000e+02;3.4735397e-02;2.0250000e+02;-1.0657266e-02;2.0250000e+02;-5.3682394e-02;2.0250000e+02;-9.6565515e-02;2.0250000e+02;-1.3893887e-01;2.0250000e+02;-1.8011746e-01;2.0250000e+02;-7.2280861e-02;2.0250000e+02;-3.9912835e-02;2.0250000e+02;1.6733956e-02;2.0250000e+02;8.1687979e-02;2.0250000e+02;1.5556861e-01;2.0250000e+02;2.1363959e-01;2.0250000e+02;2.5568026e-01;2.0250000e+02;2.8610894e-01;2.0250000e+02;2.7614221e-01;2.0250000e+02;2.2770052e-01;2.0250000e+02;1.4977156e-01;2.0250000e+02;8.6230949e-02;2.0250000e+02;3.4735397e-02;2.0250000e+02;-1.0657266e-02;2.0250000e+02;-5.3682394e-02;2.0250000e+02;-9.6565515e-02;2.0250000e+02;-1.3893887e-01;2.0250000e+02;-1.8011746e-01;2.0250000e+02;-7.2280861e-02;2.0250000e+02;-3.9912835e-02;2.0250000e+02;1.6733956e-02;2.0250000e+02;8.1687979e-02;2.0250000e+02;1.5556861e-01;2.0250000e+02;2.1363959e-01;2.0250000e+02;2.5568026e-01;2.0250000e+02;2.8610894e-01;2.0250000e+02;2.7614221e-01;2.0250000e+02;2.2770052e-01;2.0250000e+02;1.4977156e-01;2.0250000e+02;8.6230949e-02;2.0250000e+02;3.4735397e-02;2.0250000e+02;-1.0657266e-02;2.0250000e+02;-5.3682394e-02;2.0250000e+02;-9.6565515e-02;2.0250000e+02;-1.3893887e-01;2.0250000e+02;-1.8011746e-01;2.0250000e+02;-7.2280861e-02;2.0250000e+02;-3.9912835e-02;2.0250000e+02;1.6733956e-02;2.0250000e+02;8.1687979e-02;2.0250000e+02;1.5556861e-01;2.0250000e+02;2.1363959e-01;2.0250000e+02;2.5568026e-01;2.0250000e+02;2.8610894e-01;2.0250000e+02;2.7614221e-01;2.0250000e+02;2.2770052e-01;2.0250000e+02;1.4977156e-01;2.0250000e+02;8.6230949e-02;2.0250000e+02;3.4735397e-02;2.0250000e+02;-1.0657266e-02;2.0250000e+02;-5.3682394e-02;2.0250000e+02;-9.6565515e-02;2.0250000e+02;-1.3893887e-01;2.0250000e+02;-1.8011746e-01;2.0250000e+02;-7.2280861e-02;2.0250000e+02;-3.9912835e-02;2.0250000e+02;1.6733956e-02;2.0250000e+02;8.1687979e-02;2.0250000e+02;1.5556861e-01;2.0250000e+02;2.1363959e-01;2.0250000e+02;2.5568026e-01;2.0250000e+02;2.8610894e-01;2.0250000e+02;2.7614221e-01;2.0250000e+02;2.2770052e-01;2.0250000e+02;1.4977156e-01;2.0250000e+02;8.6230949e-02;2.0250000e+02;3.4735397e-02;2.0250000e+02;-1.0657266e-02;2.0250000e+02;-5.3682394e-02;2.0250000e+02;-9.6565515e-02;2.0250000e+02;-1.3893887e-01;2.0250000e+02;-1.8011746e-01;2.0250000e+02;-7.2280861e-02;2.0250000e+02;-3.9912835e-02;2.0250000e+02;1.6733956e-02;2.0250000e+02;8.1687979e-02;2.0250000e+02;1.5556861e-01;2.0250000e+02;2.1363959e-01;2.0250000e+02;2.5568026e-01;2.0250000e+02;2.8610894e-01;2.0250000e+02;2.7614221e-01;2.0250000e+02;2.2770052e-01;2.0250000e+02;1.4977156e-01;2.0250000e+02;8.6230949e-02;2.0250000e+02;3.4735397e-02;2.0250000e+02;-1.0657266e-02;2.0250000e+02;-5.3682394e-02;2.0250000e+02;-9.6565515e-02;2.0250000e+02;-1.3893887e-01;2.0250000e+02;-1.8011746e-01;2.0250000e+02;-7.2280861e-02;2.0250000e+02;-3.9912835e-02;2.0250000e+02;1.6733956e-02;2.0250000e+02;8.1687979e-02;2.0250000e+02;1.5556861e-01;2.0250000e+02;2.1363959e-01;2.0250000e+02;2.5568026e-01;2.0250000e+02;2.8610894e-01;2.0250000e+02;2.7614221e-01;2.0250000e+02;2.2770052e-01;2.0250000e+02;1.4977156e-01;2.0250000e+02;8.6230949e-02;2.0250000e+02;3.4735397e-02;2.0250000e+02;-1.0657266e-02;2.0250000e+02;-5.3682394e-02;2.0250000e+02;-9.6565515e-02;2.0250000e+02;-1.3893887e-01;2.0250000e+02;-1.8011746e-01;2.0250000e+02;-7.2280861e-02;2.0250000e+02;-3.9912835e-02;2.0250000e+02;1.6733956e-02;2.0250000e+02;8.1687979e-02;2.0250000e+02;1.5556861e-01;2.0250000e+02;2.1363959e-01;2.0250000e+02;2.5568026e-01;2.0250000e+02;2.8610894e-01;2.0250000e+02;2.7614221e-01;2.0250000e+02;2.2770052e-01;2.0250000e+02;1.4977156e-01;2.0250000e+02;8.6230949e-02;2.0250000e+02;3.4735397e-02;2.0250000e+02;-1.0657266e-02;2.0250000e+02;-5.3682394e-02;2.0250000e+02;-9.6565515e-02;2.0250000e+02;-1.3893887e-01;2.0250000e+02;-1.8011746e-01;2.0250000e+02;-7.2280861e-02;2.0250000e+02;-3.9912835e-02;2.0250000e+02;1.6733956e-02;2.0250000e+02;8.1687979e-02;2.0250000e+02;1.5556861e-01;2.0250000e+02;2.1363959e-01;2.0250000e+02;2.5568026e-01;2.0250000e+02;2.8610894e-01;2.0250000e+02;2.7614221e-01;2.0250000e+02;2.2770052e-01;2.0250000e+02;1.4977156e-01;2.0250000e+02;8.6230949e-02;2.0250000e+02;3.4735397e-02;2.0250000e+02;-1.0657266e-02;2.0250000e+02;-5.3682394e-02;2.0250000e+02;-9.6565515e-02;2.0250000e+02;-1.3893887e-01;2.0250000e+02;-1.8011746e-01;2.0250000e+02;-7.2280861e-02;2.0250000e+02;-3.9912835e-02;2.0250000e+02;1.6733956e-02;2.0250000e+02;8.1687979e-02;2.0250000e+02;1.5556861e-01;2.0250000e+02;2.1363959e-01;2.0250000e+02;2.5568026e-01;2.0250000e+02;2.8610894e-01;2.0250000e+02;2.7614221e-01;2.0250000e+02;2.2770052e-01;2.0250000e+02;1.4977156e-01;2.0250000e+02;8.6230949e-02;2.0250000e+02;3.4735397e-02;2.0250000e+02;-1.0657266e-02;2.0250000e+02;-5.3682394e-02;2.0250000e+02;-9.6565515e-02;2.0250000e+02;-1.3893887e-01;2.0250000e+02;-1.8011746e-01;2.0250000e+02;-7.2280861e-02;2.0250000e+02;-3.9912835e-02;2.0250000e+02;1.6733956e-02;2.0250000e+02;8.1687979e-02;2.0250000e+02;1.5556861e-01;2.0250000e+02;2.1363959e-01;2.0250000e+02;2.5568026e-01;2.0250000e+02;2.8610894e-01;2.0250000e+02;2.7614221e-01;2.0250000e+02;2.2770052e-01;2.0250000e+02;1.4977156e-01;2.0250000e+02;8.6230949e-02;2.0250000e+02;3.4735397e-02;2.0250000e+02;-1.0657266e-02;2.0250000e+02;-5.3682394e-02;2.0250000e+02;-9.6565515e-02;2.0250000e+02;-1.3893887e-01;2.0250000e+02;-1.8011746e-01;2.0250000e+02;-7.2280861e-02;2.0250000e+02;-3.9912835e-02;2.0250000e+02;1.6733956e-02;2.0250000e+02;8.1687979e-02;2.0250000e+02;1.5556861e-01;2.0250000e+02;2.1363959e-01;2.0250000e+02;2.5568026e-01;2.0250000e+02;2.8610894e-01;2.0250000e+02;2.7614221e-01;2.0250000e+02;2.2770052e-01;2.0250000e+02;1.4977156e-01;2.0250000e+02;8.6230949e-02;2.0250000e+02;3.4735397e-02;2.0250000e+02;-1.0657266e-02;2.0250000e+02;-5.3682394e-02;2.0250000e+02;-9.6565515e-02;2.0250000e+02;-1.3893887e-01;2.0250000e+02;-1.8011746e-01;2.0250000e+02;-7.2280861e-02;2.0250000e+02;-3.9912835e-02;2.0250000e+02;1.6733956e-02;2.0250000e+02;8.1687979e-02;2.0250000e+02;1.5556861e-01;2.0250000e+02;2.1363959e-01;2.0250000e+02;2.5568026e-01;2.0250000e+02;2.8610894e-01;2.0250000e+02;2.7614221e-01;2.0250000e+02;2.2770052e-01;2.0250000e+02;1.4977156e-01;2.0250000e+02;8.6230949e-02;2.0250000e+02;3.4735397e-02;2.0250000e+02;-1.0657266e-02;2.0250000e+02;-5.3682394e-02;2.0250000e+02;-9.6565515e-02;2.0250000e+02;-1.3893887e-01;2.0250000e+02;-1.8011746e-01;2.0250000e+02;-7.2280861e-02;2.0250000e+02;-3.9912835e-02;2.0250000e+02;1.6733956e-02;2.0250000e+02;8.1687979e-02;2.0250000e+02;1.5556861e-01;2.0250000e+02;2.1363959e-01;2.0250000e+02;2.5568026e-01;2.0250000e+02;2.8610894e-01;2.0250000e+02;2.7614221e-01;2.0250000e+02;2.2770052e-01;2.0250000e+02;1.4977156e-01;2.0250000e+02;8.6230949e-02;2.0250000e+02;3.4735397e-02;2.0250000e+02;-1.0657266e-02;2.0250000e+02;-5.3682394e-02;2.0250000e+02;-9.6565515e-02;2.0250000e+02;-1.3893887e-01;2.0250000e+02;-1.8011746e-01;2.0250000e+02;-7.2280861e-02;2.0250000e+02;-3.9912835e-02;2.0250000e+02;1.6733956e-02;2.0250000e+02;8.1687979e-02;2.0250000e+02;1.5556861e-01;2.0250000e+02;2.1363959e-01;2.0250000e+02;2.5568026e-01;2.0250000e+02;2.8610894e-01;2.0250000e+02;2.7614221e-01;2.0250000e+02;2.2770052e-01;2.0250000e+02;1.4977156e-01;2.0250000e+02;8.6230949e-02;2.0250000e+02;3.4735397e-02;2.0250000e+02;-1.0657266e-02;2.0250000e+02;-5.3682394e-02;2.0250000e+02;-9.6565515e-02;2.0250000e+02;-1.3893887e-01;2.0250000e+02;-1.8011746e-01;2.0250000e+02;-7.2280861e-02;2.0250000e+02;-3.9912835e-02;2.0250000e+02;1.6733956e-02;2.0250000e+02;8.1687979e-02;2.0250000e+02;1.5556861e-01;2.0250000e+02;2.1363959e-01;2.0250000e+02;2.5568026e-01;2.0250000e+02;2.8610894e-01;2.0250000e+02;2.7614221e-01;2.0250000e+02;2.2770052e-01;2.0250000e+02;1.4977156e-01;2.0250000e+02;8.6230949e-02;2.0250000e+02;3.4735397e-02;2.0250000e+02;-1.0657266e-02;2.0250000e+02;-5.3682394e-02;2.0250000e+02;-9.6565515e-02;2.0250000e+02;-1.3893887e-01;2.0250000e+02;-1.8011746e-01;2.0250000e+02;-7.2280861e-02;2.0250000e+02;-3.9912835e-02;2.0250000e+02;1.6733956e-02;2.0250000e+02;8.1687979e-02;2.0250000e+02;1.5556861e-01;2.0250000e+02;2.1363959e-01;2.0250000e+02;2.5568026e-01;2.0250000e+02;2.8610894e-01;2.0250000e+02;2.7614221e-01;2.0250000e+02;2.2770052e-01;2.0250000e+02;1.4977156e-01;2.0250000e+02;8.6230949e-02;2.0250000e+02;3.4735397e-02;2.0250000e+02;-1.0657266e-02;2.0250000e+02;-5.3682394e-02;2.0250000e+02;-9.6565515e-02;2.0250000e+02;-1.3893887e-01;2.0250000e+02;-1.8011746e-01;2.0250000e+02;-7.2280861e-02;2.0250000e+02;-3.9912835e-02;2.0250000e+02;1.6733956e-02;2.0250000e+02;8.1687979e-02;2.0250000e+02;1.5556861e-01;2.0250000e+02;2.1363959e-01;2.0250000e+02;2.5568026e-01;2.0250000e+02;2.8610894e-01;2.0250000e+02;2.7614221e-01;2.0250000e+02;2.2770052e-01;2.0250000e+02;1.4977156e-01;2.0250000e+02;8.6230949e-02;2.0250000e+02;3.4735397e-02;2.0250000e+02;-1.0657266e-02;2.0250000e+02;-5.3682394e-02;2.0250000e+02;-9.6565515e-02;2.0250000e+02;-1.3893887e-01;2.0250000e+02;-1.8011746e-01;2.0250000e+02;-7.2280861e-02;2.0250000e+02;-3.9912835e-02;2.0250000e+02;1.6733956e-02;2.0250000e+02;8.1687979e-02;2.0250000e+02;1.5556861e-01;2.0250000e+02;2.1363959e-01;2.0250000e+02;2.5568026e-01;2.0250000e+02;2.8610894e-01;2.0250000e+02;2.7614221e-01;2.0250000e+02;2.2770052e-01;2.0250000e+02;1.4977156e-01;2.0250000e+02;8.6230949e-02;2.0250000e+02;3.4735397e-02;2.0250000e+02;-1.0657266e-02;2.0250000e+02;-5.3682394e-02;2.0250000e+02;-9.6565515e-02;2.0250000e+02;-1.3893887e-01;2.0250000e+02;-1.8011746e-01;2.0250000e+02;-7.2280861e-02;2.0250000e+02;-3.9912835e-02;2.0250000e+02;1.6733956e-02;2.0250000e+02;8.1687979e-02;2.0250000e+02;1.5556861e-01;2.0250000e+02;2.1363959e-01;2.0250000e+02;2.5568026e-01;2.0250000e+02;2.8610894e-01;2.0250000e+02;2.7614221e-01;2.0250000e+02;2.2770052e-01;2.0250000e+02;1.4977156e-01;2.0250000e+02;8.6230949e-02;2.0250000e+02;3.4735397e-02;2.0250000e+02;-1.0657266e-02;2.0250000e+02;-5.3682394e-02;2.0250000e+02;-9.6565515e-02;2.0250000e+02;-1.3893887e-01;2.0250000e+02;-1.8011746e-01;2.0250000e+02;-7.2280861e-02;2.0250000e+02;-3.9912835e-02;2.0250000e+02;1.6733956e-02;2.0250000e+02;8.1687979e-02;2.0250000e+02;1.5556861e-01;2.0250000e+02;2.1363959e-01;2.0250000e+02;2.5568026e-01;2.0250000e+02;2.8610894e-01;2.0250000e+02;2.7614221e-01;2.0250000e+02;2.2770052e-01;2.0250000e+02;1.4977156e-01;2.0250000e+02;8.6230949e-02;2.0250000e+02;3.4735397e-02;2.0250000e+02;-1.0657266e-02;2.0250000e+02;-5.3682394e-02;2.0250000e+02;-9.6565515e-02;2.0250000e+02;-1.3893887e-01;2.0250000e+02;-1.8011746e-01
2.0750000e+02;-8.0073029e-02;2.0750000e+02;-4.9870566e-02;2.0750000e+02;-1.4039762e-03;2.0750000e+02;6.0277663e-02;2.0750000e+02;1.3280797e-01;2.0750000e+02;1.8714647e-01;2.0750000e+02;2.4213435e-01;2.0750000e+02;2.6661107e-01;2.0750000e+02;2.5276572e-01;2.0750000e+02;2.2026581e-01;2.0750000e+02;1.4401658e-01;2.0750000e+02;7.9382986e-02;2.0750000e+02;2.6050925e-02;2.0750000e+02;-2.0531088e-02;2.0750000e+02;-6.3906476e-02;2.0750000e+02;-1.0705475e-01;2.0750000e+02;-1.4975546e-01;2.0750000e+02;-1.9177116e-01;2.0750000e+02;-8.0073029e-02;2.0750000e+02;-4.9870566e-02;2.0750000e+02;-1.4039762e-03;2.0750000e+02;6.0277663e-02;2.0750000e+02;1.3280797e-01;2.0750000e+02;1.8714647e-01;2.0750000e+02;2.4213435e-01;2.0750000e+02;2.6661107e-01;2.0750000e+02;2.5276572e-01;2.0750000e+02;2.2026581e-01;2.0750000e+02;1.4401658e-01;2.0750000e+02;7.9382986e-02;2.0750000e+02;2.6050925e-02;2.0750000e+02;-2.0531088e-02;2.0750000e+02;-6.3906476e-02;2.0750000e+02;-1.0705475e-01;2.0750000e+02;-1.4975546e-01;2.0750000e+02;-1.9177116e-01;2.0750000e+02;-8.0073029e-02;2.0750000e+02;-4.9870566e-02;2.0750000e+02;-1.4039762e-03;2.0750000e+02;6.0277663e-02;2.0750000e+02;1.3280797e-01;2.0750000e+02;1.8714647e-01;2.0750000e+02;2.4213435e-01;2.0750000e+02;2.6661107e-01;2.0750000e+02;2.5276572e-01;2.0750000e+02;2.2026581e-01;2.0750000e+02;1.4401658e-01;2.0750000e+02;7.9382986e-02;2.0750000e+02;2.6050925e-02;2.0750000e+02;-2.0531088e-02;2.0750000e+02;-6.3906476e-02;2.0750000e+02;-1.0705475e-01;2.0750000e+02;-1.4975546e-01;2.0750000e+02;-1.9177116e-01;2.0750000e+02;-8.0073029e-02;2.0750000e+02;-4.9870566e-02;2.0750000e+02;-1.4039762e-03;2.0750000e+02;6.0277663e-02;2.0750000e+02;1.3280797e-01;2.0750000e+02;1.8714647e-01;2.0750000e+02;2.4213435e-01;2.0750000e+02;2.6661107e-01;2.0750000e+02;2.5276572e-01;2.0750000e+02;2.2026581e-01;2.0750000e+02;1.4401658e-01;2.0750000e+02;7.9382986e-02;2.0750000e+02;2.6050925e-02;2.0750000e+02;-2.0531088e-02;2.0750000e+02;-6.3906476e-02;2.0750000e+02;-1.0705475e-01;2.0750000e+02;-1.4975546e-01;2.0750000e+02;-1.9177116e-01;2.0750000e+02;-8.0073029e-02;2.0750000e+02;-4.9870566e-02;2.0750000e+02;-1.4039762e-03;2.0750000e+02;6.0277663e-02;2.0750000e+02;1.3280797e-01;2.0750000e+02;1.8714647e-01;2.0750000e+02;2.4213435e-01;2.0750000e+02;2.6661107e-01;2.0750000e+02;2.5276572e-01;2.0750000e+02;2.2026581e-01;2.0750000e+02;1.4401658e-01;2.0750000e+02;7.9382986e-02;2.0750000e+02;2.6050925e-02;2.0750000e+02;-2.0531088e-02;2.0750000e+02;-6.3906476e-02;2.0750000e+02;-1.0705475e-01;2.0750000e+02;-1.4975546e-01;2.0750000e+02;-1.9177116e-01;2.0750000e+02;-8.0073029e-02;2.0750000e+02;-4.9870566e-02;2.0750000e+02;-1.4039762e-03;2.0750000e+02;6.0277663e-02;2.0750000e+02;1.3280797e-01;2.0750000e+02;1.8714647e-01;2.0750000e+02;2.4213435e-01;2.0750000e+02;2.6661107e-01;2.0750000e+02;2.5276572e-01;2.0750000e+02;2.2026581e-01;2.0750000e+02;1.4401658e-01;2.0750000e+02;7.9382986e-02;2.0750000e+02;2.6050925e-02;2.0750000e+02;-2.0531088e-02;2.0750000e+02;-6.3906476e-02;2.0750000e+02;-1.0705475e-01;2.0750000e+02;-1.4975546e-01;2.0750000e+02;-1.9177116e-01;2.0750000e+02;-8.0073029e-02;2.0750000e+02;-4.9870566e-02;2.0750000e+02;-1.4039762e-03;2.0750000e+02;6.0277663e-02;2.0750000e+02;1.3280797e-01;2.0750000e+02;1.8714647e-01;2.0750000e+02;2.4213435e-01;2.0750000e+02;2.6661107e-01;2.0750000e+02;2.5276572e-01;2.0750000e+02;2.2026581e-01;2.0750000e+02;1.4401658e-01;2.0750000e+02;7.9382986e-02;2.0750000e+02;2.6050925e-02;2.0750000e+02;-2.0531088e-02;2.0750000e+02;-6.3906476e-02;2.0750000e+02;-1.0705475e-01;2.0750000e+02;-1.4975546e-01;2.0750000e+02;-1.9177116e-01;2.0750000e+02;-8.0073029e-02;2.0750000e+02;-4.9870566e-02;2.0750000e+02;-1.4039762e-03;2.0750000e+02;6.0277663e-02;2.0750000e+02;1.3280797e-01;2.0750000e+02;1.8714647e-01;2.0750000e+02;2.4213435e-01;2.0750000e+02;2.6661107e-01;2.0750000e+02;2.5276572e-01;2.0750000e+02;2.2026581e-01;2.0750000e+02;1.4401658e-01;2.0750000e+02;7.9382986e-02;2.0750000e+02;2.6050925e-02;2.0750000e+02;-2.0531088e-02;2.0750000e+02;-6.3906476e-02;2.0750000e+02;-1.0705475e-01;2.0750000e+02;-1.4975546e-01;2.0750000e+02;-1.9177116e-01;2.0750000e+02;-8.0073029e-02;2.0750000e+02;-4.9870566e-02;2.0750000e+02;-1.4039762e-03;2.0750000e+02;6.0277663e-02;2.0750000e+02;1.3280797e-01;2.0750000e+02;1.8714647e-01;2.0750000e+02;2.4213435e-01;2.0750000e+02;2.6661107e-01;2.0750000e+02;2.5276572e-01;2.0750000e+02;2.2026581e-01;2.0750000e+02;1.4401658e-01;2.0750000e+02;7.9382986e-02;2.0750000e+02;2.6050925e-02;2.0750000e+02;-2.0531088e-02;2.0750000e+02;-6.3906476e-02;2.0750000e+02;-1.0705475e-01;2.0750000e+02;-1.4975546e-01;2.0750000e+02;-1.9177116e-01;2.0750000e+02;-8.0073029e-02;2.0750000e+02;-4.9870566e-02;2.0750000e+02;-1.4039762e-03;2.0750000e+02;6.0277663e-02;2.0750000e+02;1.3280797e-01;2.0750000e+02;1.8714647e-01;2.0750000e+02;2.4213435e-01;2.0750000e+02;2.6661107e-01;2.0750000e+02;2.5276572e-01;2.0750000e+02;2.2026581e-01;2.0750000e+02;1.4401658e-01;2.0750000e+02;7.9382986e-02;2.0750000e+02;2.6050925e-02;2.0750000e+02;-2.0531088e-02;2.0750000e+02;-6.3906476e-02;2.0750000e+02;-1.0705475e-01;2.0750000e+02;-1.4975546e-01;2.0750000e+02;-1.9177116e-01;2.0750000e+02;-8.0073029e-02;2.0750000e+02;-4.9870566e-02;2.0750000e+02;-1.4039762e-03;2.0750000e+02;6.0277663e-02;2.0750000e+02;1.3280797e-01;2.0750000e+02;1.8714647e-01;2.0750000e+02;2.4213435e-01;2.0750000e+02;2.6661107e-01;2.0750000e+02;2.5276572e-01;2.0750000e+02;2.2026581e-01;2.0750000e+02;1.4401658e-01;2.0750000e+02;7.9382986e-02;2.0750000e+02;2.6050925e-02;2.0750000e+02;-2.0531088e-02;2.0750000e+02;-6.3906476e-02;2.0750000e+02;-1.0705475e-01;2.0750000e+02;-1.4975546e-01;2.0750000e+02;-1.9177116e-01;2.0750000e+02;-8.0073029e-02;2.0750000e+02;-4.9870566e-02;2.0750000e+02;-1.4039762e-03;2.0750000e+02;6.0277663e-02;2.0750000e+02;1.3280797e-01;2.0750000e+02;1.8714647e-01;2.0750000e+02;2.4213435e-01;2.0750000e+02;2.6661107e-01;2.0750000e+02;2.5276572e-01;2.0750000e+02;2.2026581e-01;2.0750000e+02;1.4401658e-01;2.0750000e+02;7.9382986e-02;2.0750000e+02;2.6050925e-02;2.0750000e+02;-2.0531088e-02;2.0750000e+02;-6.3906476e-02;2.0750000e+02;-1.0705475e-01;2.0750000e+02;-1.4975546e-01;2.0750000e+02;-1.9177116e-01;2.0750000e+02;-8.0073029e-02;2.0750000e+02;-4.9870566e-02;2.0750000e+02;-1.4039762e-03;2.0750000e+02;6.0277663e-02;2.0750000e+02;1.3280797e-01;2.0750000e+02;1.8714647e-01;2.0750000e+02;2.4213435e-01;2.0750000e+02;2.6661107e-01;2.0750000e+02;2.5276572e-01;2.0750000e+02;2.2026581e-01;2.0750000e+02;1.4401658e-01;2.0750000e+02;7.9382986e-02;2.0750000e+02;2.6050925e-02;2.0750000e+02;-2.0531088e-02;2.0750000e+02;-6.3906476e-02;2.0750000e+02;-1.0705475e-01;2.0750000e+02;-1.4975546e-01;2.0750000e+02;-1.9177116e-01;2.0750000e+02;-8.0073029e-02;2.0750000e+02;-4.9870566e-02;2.0750000e+02;-1.4039762e-03;2.0750000e+02;6.0277663e-02;2.0750000e+02;1.3280797e-01;2.0750000e+02;1.8714647e-01;2.0750000e+02;2.4213435e-01;2.0750000e+02;2.6661107e-01;2.0750000e+02;2.5276572e-01;2.0750000e+02;2.2026581e-01;2.0750000e+02;1.4401658e-01;2.0750000e+02;7.9382986e-02;2.0750000e+02;2.6050925e-02;2.0750000e+02;-2.0531088e-02;2.0750000e+02;-6.3906476e-02;2.0750000e+02;-1.0705475e-01;2.0750000e+02;-1.4975546e-01;2.0750000e+02;-1.9177116e-01;2.0750000e+02;-8.0073029e-02;2.0750000e+02;-4.9870566e-02;2.0750000e+02;-1.4039762e-03;2.0750000e+02;6.0277663e-02;2.0750000e+02;1.3280797e-01;2.0750000e+02;1.8714647e-01;2.0750000e+02;2.4213435e-01;2.0750000e+02;2.6661107e-01;2.0750000e+02;2.5276572e-01;2.0750000e+02;2.2026581e-01;2.0750000e+02;1.4401658e-01;2.0750000e+02;7.9382986e-02;2.0750000e+02;2.6050925e-02;2.0750000e+02;-2.0531088e-02;2.0750000e+02;-6.3906476e-02;2.0750000e+02;-1.0705475e-01;2.0750000e+02;-1.4975546e-01;2.0750000e+02;-1.9177116e-01;2.0750000e+02;-8.0073029e-02;2.0750000e+02;-4.9870566e-02;2.0750000e+02;-1.4039762e-03;2.0750000e+02;6.0277663e-02;2.0750000e+02;1.3280797e-01;2.0750000e+02;1.8714647e-01;2.0750000e+02;2.4213435e-01;2.0750000e+02;2.6661107e-01;2.0750000e+02;2.5276572e-01;2.0750000e+02;2.2026581e-01;2.0750000e+02;1.4401658e-01;2.0750000e+02;7.9382986e-02;2.0750000e+02;2.6050925e-02;2.0750000e+02;-2.0531088e-02;2.0750000e+02;-6.3906476e-02;2.0750000e+02;-1.0705475e-01;2.0750000e+02;-1.4975546e-01;2.0750000e+02;-1.9177116e-01;2.0750000e+02;-8.0073029e-02;2.0750000e+02;-4.9870566e-02;2.0750000e+02;-1.4039762e-03;2.0750000e+02;6.0277663e-02;2.0750000e+02;1.3280797e-01;2.0750000e+02;1.8714647e-01;2.0750000e+02;2.4213435e-01;2.0750000e+02;2.6661107e-01;2.0750000e+02;2.5276572e-01;2.0750000e+02;2.2026581e-01;2.0750000e+02;1.4401658e-01;2.0750000e+02;7.9382986e-02;2.0750000e+02;2.6050925e-02;2.0750000e+02;-2.0531088e-02;2.0750000e+02;-6.3906476e-02;2.0750000e+02;-1.0705475e-01;2.0750000e+02;-1.4975546e-01;2.0750000e+02;-1.9177116e-01;2.0750000e+02;-8.0073029e-02;2.0750000e+02;-4.9870566e-02;2.0750000e+02;-1.4039762e-03;2.0750000e+02;6.0277663e-02;2.0750000e+02;1.3280797e-01;2.0750000e+02;1.8714647e-01;2.0750000e+02;2.4213435e-01;2.0750000e+02;2.6661107e-01;2.0750000e+02;2.5276572e-01;2.0750000e+02;2.2026581e-01;2.0750000e+02;1.4401658e-01;2.0750000e+02;7.9382986e-02;2.0750000e+02;2.6050925e-02;2.0750000e+02;-2.0531088e-02;2.0750000e+02;-6.3906476e-02;2.0750000e+02;-1.0705475e-01;2.0750000e+02;-1.4975546e-01;2.0750000e+02;-1.9177116e-01;2.0750000e+02;-8.0073029e-02;2.0750000e+02;-4.9870566e-02;2.0750000e+02;-1.4039762e-03;2.0750000e+02;6.0277663e-02;2.0750000e+02;1.3280797e-01;2.0750000e+02;1.8714647e-01;2.0750000e+02;2.4213435e-01;2.0750000e+02;2.6661107e-01;2.0750000e+02;2.5276572e-01;2.0750000e+02;2.2026581e-01;2.0750000e+02;1.4401658e-01;2.0750000e+02;7.9382986e-02;2.0750000e+02;2.6050925e-02;2.0750000e+02;-2.0531088e-02;2.0750000e+02;-6.3906476e-02;2.0750000e+02;-1.0705475e-01;2.0750000e+02;-1.4975546e-01;2.0750000e+02;-1.9177116e-01;2.0750000e+02;-8.0073029e-02;2.0750000e+02;-4.9870566e-02;2.0750000e+02;-1.4039762e-03;2.0750000e+02;6.0277663e-02;2.0750000e+02;1.3280797e-01;2.0750000e+02;1.8714647e-01;2.0750000e+02;2.4213435e-01;2.0750000e+02;2.6661107e-01;2.0750000e+02;2.5276572e-01;2.0750000e+02;2.2026581e-01;2.0750000e+02;1.4401658e-01;2.0750000e+02;7.9382986e-02;2.0750000e+02;2.6050925e-02;2.0750000e+02;-2.0531088e-02;2.0750000e+02;-6.3906476e-02;2.0750000e+02;-1.0705475e-01;2.0750000e+02;-1.4975546e-01;2.0750000e+02;-1.9177116e-01;2.0750000e+02;-8.0073029e-02;2.0750000e+02;-4.9870566e-02;2.0750000e+02;-1.4039762e-03;2.0750000e+02;6.0277663e-02;2.0750000e+02;1.3280797e-01;2.0750000e+02;1.8714647e-01;2.0750000e+02;2.4213435e-01;2.0750000e+02;2.6661107e-01;2.0750000e+02;2.5276572e-01;2.0750000e+02;2.2026581e-01;2.0750000e+02;1.4401658e-01;2.0750000e+02;7.9382986e-02;2.0750000e+02;2.6050925e-02;2.0750000e+02;-2.0531088e-02;2.0750000e+02;-6.3906476e-02;2.0750000e+02;-1.0705475e-01;2.0750000e+02;-1.4975546e-01;2.0750000e+02;-1.9177116e-01;2.0750000e+02;-8.0073029e-02;2.0750000e+02;-4.9870566e-02;2.0750000e+02;-1.4039762e-03;2.0750000e+02;6.0277663e-02;2.0750000e+02;1.3280797e-01;2.0750000e+02;1.8714647e-01;2.0750000e+02;2.4213435e-01;2.0750000e+02;2.6661107e-01;2.0750000e+02;2.5276572e-01;2.0750000e+02;2.2026581e-01;2.0750000e+02;1.4401658e-01;2.0750000e+02;7.9382986e-02;2.0750000e+02;2.6050925e-02;2.0750000e+02;-2.0531088e-02;2.0750000e+02;-6.3906476e-02;2.0750000e+02;-1.0705475e-01;2.0750000e+02;-1.4975546e-01;2.0750000e+02;-1.9177116e-01;2.0750000e+02;-8.0073029e-02;2.0750000e+02;-4.9870566e-02;2.0750000e+02;-1.4039762e-03;2.0750000e+02;6.0277663e-02;2.0750000e+02;1.3280797e-01;2.0750000e+02;1.8714647e-01;2.0750000e+02;2.4213435e-01;2.0750000e+02;2.6661107e-01;2.0750000e+02;2.5276572e-01;2.0750000e+02;2.2026581e-01;2.0750000e+02;1.4401658e-01;2.0750000e+02;7.9382986e-02;2.0750000e+02;2.6050925e-02;2.0750000e+02;-2.0531088e-02;2.0750000e+02;-6.3906476e-02;2.0750000e+02;-1.0705475e-01;2.0750000e+02;-1.4975546e-01;2.0750000e+02;-1.9177116e-01;2.0750000e+02;-8.0073029e-02;2.0750000e+02;-4.9870566e-02;2.0750000e+02;-1.4039762e-03;2.0750000e+02;6.0277663e-02;2.0750000e+02;1.3280797e-01;2.0750000e+02;1.8714647e-01;2.0750000e+02;2.4213435e-01;2.0750000e+02;2.6661107e-01;2.0750000e+02;2.5276572e-01;2.0750000e+02;2.2026581e-01;2.0750000e+02;1.4401658e-01;2.0750000e+02;7.9382986e-02;2.0750000e+02;2.6050925e-02;2.0750000e+02;-2.0531088e-02;2.0750000e+02;-6.3906476e-02;2.0750000e+02;-1.0705475e-01;2.0750000e+02;-1.4975546e-01;2.0750000e+02;-1.9177116e-01;2.0750000e+02;-8.0073029e-02;2.0750000e+02;-4.9870566e-02;2.0750000e+02;-1.4039762e-03;2.0750000e+02;6.0277663e-02;2.0750000e+02;1.3280797e-01;2.0750000e+02;1.8714647e-01;2.0750000e+02;2.4213435e-01;2.0750000e+02;2.6661107e-01;2.0750000e+02;2.5276572e-01;2.0750000e+02;2.2026581e-01;2.0750000e+02;1.4401658e-01;2.0750000e+02;7.9382986e-02;2.0750000e+02;2.6050925e-02;2.0750000e+02;-2.0531088e-02;2.0750000e+02;-6.3906476e-02;2.0750000e+02;-1.0705475e-01;2.0750000e+02;-1.4975546e-01;2.0750000e+02;-1.9177116e-01;2.0750000e+02;-8.0073029e-02;2.0750000e+02;-4.9870566e-02;2.0750000e+02;-1.4039762e-03;2.0750000e+02;6.0277663e-02;2.0750000e+02;1.3280797e-01;2.0750000e+02;1.8714647e-01;2.0750000e+02;2.4213435e-01;2.0750000e+02;2.6661107e-01;2.0750000e+02;2.5276572e-01;2.0750000e+02;2.2026581e-01;2.0750000e+02;1.4401658e-01;2.0750000e+02;7.9382986e-02;2.0750000e+02;2.6050925e-02;2.0750000e+02;-2.0531088e-02;2.0750000e+02;-6.3906476e-02;2.0750000e+02;-1.0705475e-01;2.0750000e+02;-1.4975546e-01;2.0750000e+02;-1.9177116e-01;2.0750000e+02;-8.0073029e-02;2.0750000e+02;-4.9870566e-02;2.0750000e+02;-1.4039762e-03;2.0750000e+02;6.0277663e-02;2.0750000e+02;1.3280797e-01;2.0750000e+02;1.8714647e-01;2.0750000e+02;2.4213435e-01;2.0750000e+02;2.6661107e-01;2.0750000e+02;2.5276572e-01;2.0750000e+02;2.2026581e-01;2.0750000e+02;1.4401658e-01;2.0750000e+02;7.9382986e-02;2.0750000e+02;2.6050925e-02;2.0750000e+02;-2.0531088e-02;2.0750000e+02;-6.3906476e-02;2.0750000e+02;-1.0705475e-01;2.0750000e+02;-1.4975546e-01;2.0750000e+02;-1.9177116e-01;2.0750000e+02;-8.0073029e-02;2.0750000e+02;-4.9870566e-02;2.0750000e+02;-1.4039762e-03;2.0750000e+02;6.0277663e-02;2.0750000e+02;1.3280797e-01;2.0750000e+02;1.8714647e-01;2.0750000e+02;2.4213435e-01;2.0750000e+02;2.6661107e-01;2.0750000e+02;2.5276572e-01;2.0750000e+02;2.2026581e-01;2.0750000e+02;1.4401658e-01;2.0750000e+02;7.9382986e-02;2.0750000e+02;2.6050925e-02;2.0750000e+02;-2.0531088e-02;2.0750000e+02;-6.3906476e-02;2.0750000e+02;-1.0705475e-01;2.0750000e+02;-1.4975546e-01;2.0750000e+02;-1.9177116e-01;2.0750000e+02;-8.0073029e-02;2.0750000e+02;-4.9870566e-02;2.0750000e+02;-1.4039762e-03;2.0750000e+02;6.0277663e-02;2.0750000e+02;1.3280797e-01;2.0750000e+02;1.8714647e-01;2.0750000e+02;2.4213435e-01;2.0750000e+02;2.6661107e-01;2.0750000e+02;2.5276572e-01;2.0750000e+02;2.2026581e-01;2.0750000e+02;1.4401658e-01;2.0750000e+02;7.9382986e-02;2.0750000e+02;2.6050925e-02;2.0750000e+02;-2.0531088e-02;2.0750000e+02;-6.3906476e-02;2.0750000e+02;-1.0705475e-01;2.0750000e+02;-1.4975546e-01;2.0750000e+02;-1.9177116e-01;2.0750000e+02;-8.0073029e-02;2.0750000e+02;-4.9870566e-02;2.0750000e+02;-1.4039762e-03;2.0750000e+02;6.0277663e-02;2.0750000e+02;1.3280797e-01;2.0750000e+02;1.8714647e-01;2.0750000e+02;2.4213435e-01;2.0750000e+02;2.6661107e-01;2.0750000e+02;2.5276572e-01;2.0750000e+02;2.2026581e-01;2.0750000e+02;1.4401658e-01;2.0750000e+02;7.9382986e-02;2.0750000e+02;2.6050925e-02;2.0750000e+02;-2.0531088e-02;2.0750000e+02;-6.3906476e-02;2.0750000e+02;-1.0705475e-01;2.0750000e+02;-1.4975546e-01;2.0750000e+02;-1.9177116e-01;2.0750000e+02;-8.0073029e-02;2.0750000e+02;-4.9870566e-02;2.0750000e+02;-1.4039762e-03;2.0750000e+02;6.0277663e-02;2.0750000e+02;1.3280797e-01;2.0750000e+02;1.8714647e-01;2.0750000e+02;2.4213435e-01;2.0750000e+02;2.6661107e-01;2.0750000e+02;2.5276572e-01;2.0750000e+02;2.2026581e-01;2.0750000e+02;1.4401658e-01;2.0750000e+02;7.9382986e-02;2.0750000e+02;2.6050925e-02;2.0750000e+02;-2.0531088e-02;2.0750000e+02;-6.3906476e-02;2.0750000e+02;-1.0705475e-01;2.0750000e+02;-1.4975546e-01;2.0750000e+02;-1.9177116e-01;2.0750000e+02;-8.0073029e-02;2.0750000e+02;-4.9870566e-02;2.0750000e+02;-1.4039762e-03;2.0750000e+02;6.0277663e-02;2.0750000e+02;1.3280797e-01;2.0750000e+02;1.8714647e-01;2.0750000e+02;2.4213435e-01;2.0750000e+02;2.6661107e-01;2.0750000e+02;2.5276572e-01;2.0750000e+02;2.2026581e-01;2.0750000e+02;1.4401658e-01;2.0750000e+02;7.9382986e-02;2.0750000e+02;2.6050925e-02;2.0750000e+02;-2.0531088e-02;2.0750000e+02;-6.3906476e-02;2.0750000e+02;-1.0705475e-01;2.0750000e+02;-1.4975546e-01;2.0750000e+02;-1.9177116e-01;2.0750000e+02;-8.0073029e-02;2.0750000e+02;-4.9870566e-02;2.0750000e+02;-1.4039762e-03;2.0750000e+02;6.0277663e-02;2.0750000e+02;1.3280797e-01;2.0750000e+02;1.8714647e-01;2.0750000e+02;2.4213435e-01;2.0750000e+02;2.6661107e-01;2.0750000e+02;2.5276572e-01;2.0750000e+02;2.2026581e-01;2.0750000e+02;1.4401658e-01;2.0750000e+02;7.9382986e-02;2.0750000e+02;2.6050925e-02;2.0750000e+02;-2.0531088e-02;2.0750000e+02;-6.3906476e-02;2.0750000e+02;-1.0705475e-01;2.0750000e+02;-1.4975546e-01;2.0750000e+02;-1.9177116e-01;2.0750000e+02;-8.0073029e-02;2.0750000e+02;-4.9870566e-02;2.0750000e+02;-1.4039762e-03;2.0750000e+02;6.0277663e-02;2.0750000e+02;1.3280797e-01;2.0750000e+02;1.8714647e-01;2.0750000e+02;2.4213435e-01;2.0750000e+02;2.6661107e-01;2.0750000e+02;2.5276572e-01;2.0750000e+02;2.2026581e-01;2.0750000e+02;1.4401658e-01;2.0750000e+02;7.9382986e-02;2.0750000e+02;2.6050925e-02;2.0750000e+02;-2.0531088e-02;2.0750000e+02;-6.3906476e-02;2.0750000e+02;-1.0705475e-01;2.0750000e+02;-1.4975546e-01;2.0750000e+02;-1.9177116e-01;2.0750000e+02;-8.0073029e-02;2.0750000e+02;-4.9870566e-02;2.0750000e+02;-1.4039762e-03;2.0750000e+02;6.0277663e-02;2.0750000e+02;1.3280797e-01;2.0750000e+02;1.8714647e-01;2.0750000e+02;2.4213435e-01;2.0750000e+02;2.6661107e-01;2.0750000e+02;2.5276572e-01;2.0750000e+02;2.2026581e-01;2.0750000e+02;1.4401658e-01;2.0750000e+02;7.9382986e-02;2.0750000e+02;2.6050925e-02;2.0750000e+02;-2.0531088e-02;2.0750000e+02;-6.3906476e-02;2.0750000e+02;-1.0705475e-01;2.0750000e+02;-1.4975546e-01;2.0750000e+02;-1.9177116e-01;2.0750000e+02;-8.0073029e-02;2.0750000e+02;-4.9870566e-02;2.0750000e+02;-1.4039762e-03;2.0750000e+02;6.0277663e-02;2.0750000e+02;1.3280797e-01;2.0750000e+02;1.8714647e-01;2.0750000e+02;2.4213435e-01;2.0750000e+02;2.6661107e-01;2.0750000e+02;2.5276572e-01;2.0750000e+02;2.2026581e-01;2.0750000e+02;1.4401658e-01;2.0750000e+02;7.9382986e-02;2.0750000e+02;2.6050925e-02;2.0750000e+02;-2.0531088e-02;2.0750000e+02;-6.3906476e-02;2.0750000e+02;-1.0705475e-01;2.0750000e+02;-1.4975546e-01;2.0750000e+02;-1.9177116e-01;2.0750000e+02;-8.0073029e-02;2.0750000e+02;-4.9870566e-02;2.0750000e+02;-1.4039762e-03;2.0750000e+02;6.0277663e-02;2.0750000e+02;1.3280797e-01;2.0750000e+02;1.8714647e-01;2.0750000e+02;2.4213435e-01;2.0750000e+02;2.6661107e-01;2.0750000e+02;2.5276572e-01;2.0750000e+02;2.2026581e-01;2.0750000e+02;1.4401658e-01;2.0750000e+02;7.9382986e-02;2.0750000e+02;2.6050925e-02;2.0750000e+02;-2.0531088e-02;2.0750000e+02;-6.3906476e-02;2.0750000e+02;-1.0705475e-01;2.0750000e+02;-1.4975546e-01;2.0750000e+02;-1.9177116e-01;2.0750000e+02;-8.0073029e-02;2.0750000e+02;-4.9870566e-02;2.0750000e+02;-1.4039762e-03;2.0750000e+02;6.0277663e-02;2.0750000e+02;1.3280797e-01;2.0750000e+02;1.8714647e-01;2.0750000e+02;2.4213435e-01;2.0750000e+02;2.6661107e-01;2.0750000e+02;2.5276572e-01;2.0750000e+02;2.2026581e-01;2.0750000e+02;1.4401658e-01;2.0750000e+02;7.9382986e-02;2.0750000e+02;2.6050925e-02;2.0750000e+02;-2.0531088e-02;2.0750000e+02;-6.3906476e-02;2.0750000e+02;-1.0705475e-01;2.0750000e+02;-1.4975546e-01;2.0750000e+02;-1.9177116e-01;2.0750000e+02;-8.0073029e-02;2.0750000e+02;-4.9870566e-02;2.0750000e+02;-1.4039762e-03;2.0750000e+02;6.0277663e-02;2.0750000e+02;1.3280797e-01;2.0750000e+02;1.8714647e-01;2.0750000e+02;2.4213435e-01;2.0750000e+02;2.6661107e-01;2.0750000e+02;2.5276572e-01;2.0750000e+02;2.2026581e-01;2.0750000e+02;1.4401658e-01;2.0750000e+02;7.9382986e-02;2.0750000e+02;2.6050925e-02;2.0750000e+02;-2.0531088e-02;2.0750000e+02;-6.3906476e-02;2.0750000e+02;-1.0705475e-01;2.0750000e+02;-1.4975546e-01;2.0750000e+02;-1.9177116e-01;2.0750000e+02;-8.0073029e-02;2.0750000e+02;-4.9870566e-02;2.0750000e+02;-1.4039762e-03;2.0750000e+02;6.0277663e-02;2.0750000e+02;1.3280797e-01;2.0750000e+02;1.8714647e-01;2.0750000e+02;2.4213435e-01;2.0750000e+02;2.6661107e-01;2.0750000e+02;2.5276572e-01;2.0750000e+02;2.2026581e-01;2.0750000e+02;1.4401658e-01;2.0750000e+02;7.9382986e-02;2.0750000e+02;2.6050925e-02;2.0750000e+02;-2.0531088e-02;2.0750000e+02;-6.3906476e-02;2.0750000e+02;-1.0705475e-01;2.0750000e+02;-1.4975546e-01;2.0750000e+02;-1.9177116e-01;2.0750000e+02;-8.0073029e-02;2.0750000e+02;-4.9870566e-02;2.0750000e+02;-1.4039762e-03;2.0750000e+02;6.0277663e-02;2.0750000e+02;1.3280797e-01;2.0750000e+02;1.8714647e-01;2.0750000e+02;2.4213435e-01;2.0750000e+02;2.6661107e-01;2.0750000e+02;2.5276572e-01;2.0750000e+02;2.2026581e-01;2.0750000e+02;1.4401658e-01;2.0750000e+02;7.9382986e-02;2.0750000e+02;2.6050925e-02;2.0750000e+02;-2.0531088e-02;2.0750000e+02;-6.3906476e-02;2.0750000e+02;-1.0705475e-01;2.0750000e+02;-1.4975546e-01;2.0750000e+02;-1.9177116e-01;2.0750000e+02;-8.0073029e-02;2.0750000e+02;-4.9870566e-02;2.0750000e+02;-1.4039762e-03;2.0750000e+02;6.0277663e-02;2.0750000e+02;1.3280797e-01;2.0750000e+02;1.8714647e-01;2.0750000e+02;2.4213435e-01;2.0750000e+02;2.6661107e-01;2.0750000e+02;2.5276572e-01;2.0750000e+02;2.2026581e-01;2.0750000e+02;1.4401658e-01;2.0750000e+02;7.9382986e-02;2.0750000e+02;2.6050925e-02;2.0750000e+02;-2.0531088e-02;2.0750000e+02;-6.3906476e-02;2.0750000e+02;-1.0705475e-01;2.0750000e+02;-1.4975546e-01;2.0750000e+02;-1.9177116e-01;2.0750000e+02;-8.0073029e-02;2.0750000e+02;-4.9870566e-02;2.0750000e+02;-1.4039762e-03;2.0750000e+02;6.0277663e-02;2.0750000e+02;1.3280797e-01;2.0750000e+02;1.8714647e-01;2.0750000e+02;2.4213435e-01;2.0750000e+02;2.6661107e-01;2.0750000e+02;2.5276572e-01;2.0750000e+02;2.2026581e-01;2.0750000e+02;1.4401658e-01;2.0750000e+02;7.9382986e-02;2.0750000e+02;2.6050925e-02;2.0750000e+02;-2.0531088e-02;2.0750000e+02;-6.3906476e-02;2.0750000e+02;-1.0705475e-01;2.0750000e+02;-1.4975546e-01;2.0750000e+02;-1.9177116e-01;2.0750000e+02;-8.0073029e-02;2.0750000e+02;-4.9870566e-02;2.0750000e+02;-1.4039762e-03;2.0750000e+02;6.0277663e-02;2.0750000e+02;1.3280797e-01;2.0750000e+02;1.8714647e-01;2.0750000e+02;2.4213435e-01;2.0750000e+02;2.6661107e-01;2.0750000e+02;2.5276572e-01;2.0750000e+02;2.2026581e-01;2.0750000e+02;1.4401658e-01;2.0750000e+02;7.9382986e-02;2.0750000e+02;2.6050925e-02;2.0750000e+02;-2.0531088e-02;2.0750000e+02;-6.3906476e-02;2.0750000e+02;-1.0705475e-01;2.0750000e+02;-1.4975546e-01;2.0750000e+02;-1.9177116e-01;2.0750000e+02;-8.0073029e-02;2.0750000e+02;-4.9870566e-02;2.0750000e+02;-1.4039762e-03;2.0750000e+02;6.0277663e-02;2.0750000e+02;1.3280797e-01;2.0750000e+02;1.8714647e-01;2.0750000e+02;2.4213435e-01;2.0750000e+02;2.6661107e-01;2.0750000e+02;2.5276572e-01;2.0750000e+02;2.2026581e-01;2.0750000e+02;1.4401658e-01;2.0750000e+02;7.9382986e-02;2.0750000e+02;2.6050925e-02;2.0750000e+02;-2.0531088e-02;2.0750000e+02;-6.3906476e-02;2.0750000e+02;-1.0705475e-01;2.0750000e+02;-1.4975546e-01;2.0750000e+02;-1.9177116e-01;2.0750000e+02;-8.0073029e-02;2.0750000e+02;-4.9870566e-02;2.0750000e+02;-1.4039762e-03;2.0750000e+02;6.0277663e-02;2.0750000e+02;1.3280797e-01;2.0750000e+02;1.8714647e-01;2.0750000e+02;2.4213435e-01;2.0750000e+02;2.6661107e-01;2.0750000e+02;2.5276572e-01;2.0750000e+02;2.2026581e-01;2.0750000e+02;1.4401658e-01;2.0750000e+02;7.9382986e-02;2.0750000e+02;2.6050925e-02;2.0750000e+02;-2.0531088e-02;2.0750000e+02;-6.3906476e-02;2.0750000e+02;-1.0705475e-01;2.0750000e+02;-1.4975546e-01;2.0750000e+02;-1.9177116e-01;2.0750000e+02;-8.0073029e-02;2.0750000e+02;-4.9870566e-02;2.0750000e+02;-1.4039762e-03;2.0750000e+02;6.0277663e-02;2.0750000e+02;1.3280797e-01;2.0750000e+02;1.8714647e-01;2.0750000e+02;2.4213435e-01;2.0750000e+02;2.6661107e-01;2.0750000e+02;2.5276572e-01;2.0750000e+02;2.2026581e-01;2.0750000e+02;1.4401658e-01;2.0750000e+02;7.9382986e-02;2.0750000e+02;2.6050925e-02;2.0750000e+02;-2.0531088e-02;2.0750000e+02;-6.3906476e-02;2.0750000e+02;-1.0705475e-01;2.0750000e+02;-1.4975546e-01;2.0750000e+02;-1.9177116e-01;2.0750000e+02;-8.0073029e-02;2.0750000e+02;-4.9870566e-02;2.0750000e+02;-1.4039762e-03;2.0750000e+02;6.0277663e-02;2.0750000e+02;1.3280797e-01;2.0750000e+02;1.8714647e-01;2.0750000e+02;2.4213435e-01;2.0750000e+02;2.6661107e-01;2.0750000e+02;2.5276572e-01;2.0750000e+02;2.2026581e-01;2.0750000e+02;1.4401658e-01;2.0750000e+02;7.9382986e-02;2.0750000e+02;2.6050925e-02;2.0750000e+02;-2.0531088e-02;2.0750000e+02;-6.3906476e-02;2.0750000e+02;-1.0705475e-01;2.0750000e+02;-1.4975546e-01;2.0750000e+02;-1.9177116e-01;2.0750000e+02;-8.0073029e-02;2.0750000e+02;-4.9870566e-02;2.0750000e+02;-1.4039762e-03;2.0750000e+02;6.0277663e-02;2.0750000e+02;1.3280797e-01;2.0750000e+02;1.8714647e-01;2.0750000e+02;2.4213435e-01;2.0750000e+02;2.6661107e-01;2.0750000e+02;2.5276572e-01;2.0750000e+02;2.2026581e-01;2.0750000e+02;1.4401658e-01;2.0750000e+02;7.9382986e-02;2.0750000e+02;2.6050925e-02;2.0750000e+02;-2.0531088e-02;2.0750000e+02;-6.3906476e-02;2.0750000e+02;-1.0705475e-01;2.0750000e+02;-1.4975546e-01;2.0750000e+02;-1.9177116e-01;2.0750000e+02;-8.0073029e-02;2.0750000e+02;-4.9870566e-02;2.0750000e+02;-1.4039762e-03;2.0750000e+02;6.0277663e-02;2.0750000e+02;1.3280797e-01;2.0750000e+02;1.8714647e-01;2.0750000e+02;2.4213435e-01;2.0750000e+02;2.6661107e-01;2.0750000e+02;2.5276572e-01;2.0750000e+02;2.2026581e-01;2.0750000e+02;1.4401658e-01;2.0750000e+02;7.9382986e-02;2.0750000e+02;2.6050925e-02;2.0750000e+02;-2.0531088e-02;2.0750000e+02;-6.3906476e-02;2.0750000e+02;-1.0705475e-01;2.0750000e+02;-1.4975546e-01;2.0750000e+02;-1.9177116e-01;2.0750000e+02;-8.0073029e-02;2.0750000e+02;-4.9870566e-02;2.0750000e+02;-1.4039762e-03;2.0750000e+02;6.0277663e-02;2.0750000e+02;1.3280797e-01;2.0750000e+02;1.8714647e-01;2.0750000e+02;2.4213435e-01;2.0750000e+02;2.6661107e-01;2.0750000e+02;2.5276572e-01;2.0750000e+02;2.2026581e-01;2.0750000e+02;1.4401658e-01;2.0750000e+02;7.9382986e-02;2.0750000e+02;2.6050925e-02;2.0750000e+02;-2.0531088e-02;2.0750000e+02;-6.3906476e-02;2.0750000e+02;-1.0705475e-01;2.0750000e+02;-1.4975546e-01;2.0750000e+02;-1.9177116e-01;2.0750000e+02;-8.0073029e-02;2.0750000e+02;-4.9870566e-02;2.0750000e+02;-1.4039762e-03;2.0750000e+02;6.0277663e-02;2.0750000e+02;1.3280797e-01;2.0750000e+02;1.8714647e-01;2.0750000e+02;2.4213435e-01;2.0750000e+02;2.6661107e-01;2.0750000e+02;2.5276572e-01;2.0750000e+02;2.2026581e-01;2.0750000e+02;1.4401658e-01;2.0750000e+02;7.9382986e-02;2.0750000e+02;2.6050925e-02;2.0750000e+02;-2.0531088e-02;2.0750000e+02;-6.3906476e-02;2.0750000e+02;-1.0705475e-01;2.0750000e+02;-1.4975546e-01;2.0750000e+02;-1.9177116e-01;2.0750000e+02;-8.0073029e-02;2.0750000e+02;-4.9870566e-02;2.0750000e+02;-1.4039762e-03;2.0750000e+02;6.0277663e-02;2.0750000e+02;1.3280797e-01;2.0750000e+02;1.8714647e-01;2.0750000e+02;2.4213435e-01;2.0750000e+02;2.6661107e-01;2.0750000e+02;2.5276572e-01;2.0750000e+02;2.2026581e-01;2.0750000e+02;1.4401658e-01;2.0750000e+02;7.9382986e-02;2.0750000e+02;2.6050925e-02;2.0750000e+02;-2.0531088e-02;2.0750000e+02;-6.3906476e-02;2.0750000e+02;-1.0705475e-01;2.0750000e+02;-1.4975546e-01;2.0750000e+02;-1.9177116e-01;2.0750000e+02;-8.0073029e-02;2.0750000e+02;-4.9870566e-02;2.0750000e+02;-1.4039762e-03;2.0750000e+02;6.0277663e-02;2.0750000e+02;1.3280797e-01;2.0750000e+02;1.8714647e-01;2.0750000e+02;2.4213435e-01;2.0750000e+02;2.6661107e-01;2.0750000e+02;2.5276572e-01;2.0750000e+02;2.2026581e-01;2.0750000e+02;1.4401658e-01;2.0750000e+02;7.9382986e-02;2.0750000e+02;2.6050925e-02;2.0750000e+02;-2.0531088e-02;2.0750000e+02;-6.3906476e-02;2.0750000e+02;-1.0705475e-01;2.0750000e+02;-1.4975546e-01;2.0750000e+02;-1.9177116e-01;2.0750000e+02;-8.0073029e-02;2.0750000e+02;-4.9870566e-02;2.0750000e+02;-1.4039762e-03;2.0750000e+02;6.0277663e-02;2.0750000e+02;1.3280797e-01;2.0750000e+02;1.8714647e-01;2.0750000e+02;2.4213435e-01;2.0750000e+02;2.6661107e-01;2.0750000e+02;2.5276572e-01;2.0750000e+02;2.2026581e-01;2.0750000e+02;1.4401658e-01;2.0750000e+02;7.9382986e-02;2.0750000e+02;2.6050925e-02;2.0750000e+02;-2.0531088e-02;2.0750000e+02;-6.3906476e-02;2.0750000e+02;-1.0705475e-01;2.0750000e+02;-1.4975546e-01;2.0750000e+02;-1.9177116e-01;2.0750000e+02;-8.0073029e-02;2.0750000e+02;-4.9870566e-02;2.0750000e+02;-1.4039762e-03;2.0750000e+02;6.0277663e-02;2.0750000e+02;1.3280797e-01;2.0750000e+02;1.8714647e-01;2.0750000e+02;2.4213435e-01;2.0750000e+02;2.6661107e-01;2.0750000e+02;2.5276572e-01;2.0750000e+02;2.2026581e-01;2.0750000e+02;1.4401658e-01;2.0750000e+02;7.9382986e-02;2.0750000e+02;2.6050925e-02;2.0750000e+02;-2.0531088e-02;2.0750000e+02;-6.3906476e-02;2.0750000e+02;-1.0705475e-01;2.0750000e+02;-1.4975546e-01;2.0750000e+02;-1.9177116e-01;2.0750000e+02;-8.0073029e-02;2.0750000e+02;-4.9870566e-02;2.0750000e+02;-1.4039762e-03;2.0750000e+02;6.0277663e-02;2.0750000e+02;1.3280797e-01;2.0750000e+02;1.8714647e-01;2.0750000e+02;2.4213435e-01;2.0750000e+02;2.6661107e-01;2.0750000e+02;2.5276572e-01;2.0750000e+02;2.2026581e-01;2.0750000e+02;1.4401658e-01;2.0750000e+02;7.9382986e-02;2.0750000e+02;2.6050925e-02;2.0750000e+02;-2.0531088e-02;2.0750000e+02;-6.3906476e-02;2.0750000e+02;-1.0705475e-01;2.0750000e+02;-1.4975546e-01;2.0750000e+02;-1.9177116e-01;2.0750000e+02;-8.0073029e-02;2.0750000e+02;-4.9870566e-02;2.0750000e+02;-1.4039762e-03;2.0750000e+02;6.0277663e-02;2.0750000e+02;1.3280797e-01;2.0750000e+02;1.8714647e-01;2.0750000e+02;2.4213435e-01;2.0750000e+02;2.6661107e-01;2.0750000e+02;2.5276572e-01;2.0750000e+02;2.2026581e-01;2.0750000e+02;1.4401658e-01;2.0750000e+02;7.9382986e-02;2.0750000e+02;2.6050925e-02;2.0750000e+02;-2.0531088e-02;2.0750000e+02;-6.3906476e-02;2.0750000e+02;-1.0705475e-01;2.0750000e+02;-1.4975546e-01;2.0750000e+02;-1.9177116e-01;2.0750000e+02;-8.0073029e-02;2.0750000e+02;-4.9870566e-02;2.0750000e+02;-1.4039762e-03;2.0750000e+02;6.0277663e-02;2.0750000e+02;1.3280797e-01;2.0750000e+02;1.8714647e-01;2.0750000e+02;2.4213435e-01;2.0750000e+02;2.6661107e-01;2.0750000e+02;2.5276572e-01;2.0750000e+02;2.2026581e-01;2.0750000e+02;1.4401658e-01;2.0750000e+02;7.9382986e-02;2.0750000e+02;2.6050925e-02;2.0750000e+02;-2.0531088e-02;2.0750000e+02;-6.3906476e-02;2.0750000e+02;-1.0705475e-01;2.0750000e+02;-1.4975546e-01;2.0750000e+02;-1.9177116e-01;2.0750000e+02;-8.0073029e-02;2.0750000e+02;-4.9870566e-02;2.0750000e+02;-1.4039762e-03;2.0750000e+02;6.0277663e-02;2.0750000e+02;1.3280797e-01;2.0750000e+02;1.8714647e-01;2.0750000e+02;2.4213435e-01;2.0750000e+02;2.6661107e-01;2.0750000e+02;2.5276572e-01;2.0750000e+02;2.2026581e-01;2.0750000e+02;1.4401658e-01;2.0750000e+02;7.9382986e-02;2.0750000e+02;2.6050925e-02;2.0750000e+02;-2.0531088e-02;2.0750000e+02;-6.3906476e-02;2.0750000e+02;-1.0705475e-01;2.0750000e+02;-1.4975546e-01;2.0750000e+02;-1.9177116e-01;2.0750000e+02;-8.0073029e-02;2.0750000e+02;-4.9870566e-02;2.0750000e+02;-1.4039762e-03;2.0750000e+02;6.0277663e-02;2.0750000e+02;1.3280797e-01;2.0750000e+02;1.8714647e-01;2.0750000e+02;2.4213435e-01;2.0750000e+02;2.6661107e-01;2.0750000e+02;2.5276572e-01;2.0750000e+02;2.2026581e-01;2.0750000e+02;1.4401658e-01;2.0750000e+02;7.9382986e-02;2.0750000e+02;2.6050925e-02;2.0750000e+02;-2.0531088e-02;2.0750000e+02;-6.3906476e-02;2.0750000e+02;-1.0705475e-01;2.0750000e+02;-1.4975546e-01;2.0750000e+02;-1.9177116e-01;2.0750000e+02;-8.0073029e-02;2.0750000e+02;-4.9870566e-02;2.0750000e+02;-1.4039762e-03;2.0750000e+02;6.0277663e-02;2.0750000e+02;1.3280797e-01;2.0750000e+02;1.8714647e-01;2.0750000e+02;2.4213435e-01;2.0750000e+02;2.6661107e-01;2.0750000e+02;2.5276572e-01;2.0750000e+02;2.2026581e-01;2.0750000e+02;1.4401658e-01;2.0750000e+02;7.9382986e-02;2.0750000e+02;2.6050925e-02;2.0750000e+02;-2.0531088e-02;2.0750000e+02;-6.3906476e-02;2.0750000e+02;-1.0705475e-01;2.0750000e+02;-1.4975546e-01;2.0750000e+02;-1.9177116e-01;2.0750000e+02;-8.0073029e-02;2.0750000e+02;-4.9870566e-02;2.0750000e+02;-1.4039762e-03;2.0750000e+02;6.0277663e-02;2.0750000e+02;1.3280797e-01;2.0750000e+02;1.8714647e-01;2.0750000e+02;2.4213435e-01;2.0750000e+02;2.6661107e-01;2.0750000e+02;2.5276572e-01;2.0750000e+02;2.2026581e-01;2.0750000e+02;1.4401658e-01;2.0750000e+02;7.9382986e-02;2.0750000e+02;2.6050925e-02;2.0750000e+02;-2.0531088e-02;2.0750000e+02;-6.3906476e-02;2.0750000e+02;-1.0705475e-01;2.0750000e+02;-1.4975546e-01;2.0750000e+02;-1.9177116e-01;2.0750000e+02;-8.0073029e-02;2.0750000e+02;-4.9870566e-02;2.0750000e+02;-1.4039762e-03;2.0750000e+02;6.0277663e-02;2.0750000e+02;1.3280797e-01;2.0750000e+02;1.8714647e-01;2.0750000e+02;2.4213435e-01;2.0750000e+02;2.6661107e-01;2.0750000e+02;2.5276572e-01;2.0750000e+02;2.2026581e-01;2.0750000e+02;1.4401658e-01;2.0750000e+02;7.9382986e-02;2.0750000e+02;2.6050925e-02;2.0750000e+02;-2.0531088e-02;2.0750000e+02;-6.3906476e-02;2.0750000e+02;-1.0705475e-01;2.0750000e+02;-1.4975546e-01;2.0750000e+02;-1.9177116e-01;2.0750000e+02;-8.0073029e-02;2.0750000e+02;-4.9870566e-02;2.0750000e+02;-1.4039762e-03;2.0750000e+02;6.0277663e-02;2.0750000e+02;1.3280797e-01;2.0750000e+02;1.8714647e-01;2.0750000e+02;2.4213435e-01;2.0750000e+02;2.6661107e-01;2.0750000e+02;2.5276572e-01;2.0750000e+02;2.2026581e-01;2.0750000e+02;1.4401658e-01;2.0750000e+02;7.9382986e-02;2.0750000e+02;2.6050925e-02;2.0750000e+02;-2.0531088e-02;2.0750000e+02;-6.3906476e-02;2.0750000e+02;-1.0705475e-01;2.0750000e+02;-1.4975546e-01;2.0750000e+02;-1.9177116e-01;2.0750000e+02;-8.0073029e-02;2.0750000e+02;-4.9870566e-02;2.0750000e+02;-1.4039762e-03;2.0750000e+02;6.0277663e-02;2.0750000e+02;1.3280797e-01;2.0750000e+02;1.8714647e-01;2.0750000e+02;2.4213435e-01;2.0750000e+02;2.6661107e-01;2.0750000e+02;2.5276572e-01;2.0750000e+02;2.2026581e-01;2.0750000e+02;1.4401658e-01;2.0750000e+02;7.9382986e-02;2.0750000e+02;2.6050925e-02;2.0750000e+02;-2.0531088e-02;2.0750000e+02;-6.3906476e-02;2.0750000e+02;-1.0705475e-01;2.0750000e+02;-1.4975546e-01;2.0750000e+02;-1.9177116e-01;2.0750000e+02;-8.0073029e-02;2.0750000e+02;-4.9870566e-02;2.0750000e+02;-1.4039762e-03;2.0750000e+02;6.0277663e-02;2.0750000e+02;1.3280797e-01;2.0750000e+02;1.8714647e-01;2.0750000e+02;2.4213435e-01;2.0750000e+02;2.6661107e-01;2.0750000e+02;2.5276572e-01;2.0750000e+02;2.2026581e-01;2.0750000e+02;1.4401658e-01;2.0750000e+02;7.9382986e-02;2.0750000e+02;2.6050925e-02;2.0750000e+02;-2.0531088e-02;2.0750000e+02;-6.3906476e-02;2.0750000e+02;-1.0705475e-01;2.0750000e+02;-1.4975546e-01;2.0750000e+02;-1.9177116e-01;2.0750000e+02;-8.0073029e-02;2.0750000e+02;-4.9870566e-02;2.0750000e+02;-1.4039762e-03;2.0750000e+02;6.0277663e-02;2.0750000e+02;1.3280797e-01;2.0750000e+02;1.8714647e-01;2.0750000e+02;2.4213435e-01;2.0750000e+02;2.6661107e-01;2.0750000e+02;2.5276572e-01;2.0750000e+02;2.2026581e-01;2.0750000e+02;1.4401658e-01;2.0750000e+02;7.9382986e-02;2.0750000e+02;2.6050925e-02;2.0750000e+02;-2.0531088e-02;2.0750000e+02;-6.3906476e-02;2.0750000e+02;-1.0705475e-01;2.0750000e+02;-1.4975546e-01;2.0750000e+02;-1.9177116e-01;2.0750000e+02;-8.0073029e-02;2.0750000e+02;-4.9870566e-02;2.0750000e+02;-1.4039762e-03;2.0750000e+02;6.0277663e-02;2.0750000e+02;1.3280797e-01;2.0750000e+02;1.8714647e-01;2.0750000e+02;2.4213435e-01;2.0750000e+02;2.6661107e-01;2.0750000e+02;2.5276572e-01;2.0750000e+02;2.2026581e-01;2.0750000e+02;1.4401658e-01;2.0750000e+02;7.9382986e-02;2.0750000e+02;2.6050925e-02;2.0750000e+02;-2.0531088e-02;2.0750000e+02;-6.3906476e-02;2.0750000e+02;-1.0705475e-01;2.0750000e+02;-1.4975546e-01;2.0750000e+02;-1.9177116e-01;2.0750000e+02;-8.0073029e-02;2.0750000e+02;-4.9870566e-02;2.0750000e+02;-1.4039762e-03;2.0750000e+02;6.0277663e-02;2.0750000e+02;1.3280797e-01;2.0750000e+02;1.8714647e-01;2.0750000e+02;2.4213435e-01;2.0750000e+02;2.6661107e-01;2.0750000e+02;2.5276572e-01;2.0750000e+02;2.2026581e-01;2.0750000e+02;1.4401658e-01;2.0750000e+02;7.9382986e-02;2.0750000e+02;2.6050925e-02;2.0750000e+02;-2.0531088e-02;2.0750000e+02;-6.3906476e-02;2.0750000e+02;-1.0705475e-01;2.0750000e+02;-1.4975546e-01;2.0750000e+02;-1.9177116e-01;2.0750000e+02;-8.0073029e-02;2.0750000e+02;-4.9870566e-02;2.0750000e+02;-1.4039762e-03;2.0750000e+02;6.0277663e-02;2.0750000e+02;1.3280797e-01;2.0750000e+02;1.8714647e-01;2.0750000e+02;2.4213435e-01;2.0750000e+02;2.6661107e-01;2.0750000e+02;2.5276572e-01;2.0750000e+02;2.2026581e-01;2.0750000e+02;1.4401658e-01;2.0750000e+02;7.9382986e-02;2.0750000e+02;2.6050925e-02;2.0750000e+02;-2.0531088e-02;2.0750000e+02;-6.3906476e-02;2.0750000e+02;-1.0705475e-01;2.0750000e+02;-1.4975546e-01;2.0750000e+02;-1.9177116e-01;2.0750000e+02;-8.0073029e-02;2.0750000e+02;-4.9870566e-02;2.0750000e+02;-1.4039762e-03;2.0750000e+02;6.0277663e-02;2.0750000e+02;1.3280797e-01;2.0750000e+02;1.8714647e-01;2.0750000e+02;2.4213435e-01;2.0750000e+02;2.6661107e-01;2.0750000e+02;2.5276572e-01;2.0750000e+02;2.2026581e-01;2.0750000e+02;1.4401658e-01;2.0750000e+02;7.9382986e-02;2.0750000e+02;2.6050925e-02;2.0750000e+02;-2.0531088e-02;2.0750000e+02;-6.3906476e-02;2.0750000e+02;-1.0705475e-01;2.0750000e+02;-1.4975546e-01;2.0750000e+02;-1.9177116e-01;2.0750000e+02;-8.0073029e-02;2.0750000e+02;-4.9870566e-02;2.0750000e+02;-1.4039762e-03;2.0750000e+02;6.0277663e-02;2.0750000e+02;1.3280797e-01;2.0750000e+02;1.8714647e-01;2.0750000e+02;2.4213435e-01;2.0750000e+02;2.6661107e-01;2.0750000e+02;2.5276572e-01;2.0750000e+02;2.2026581e-01;2.0750000e+02;1.4401658e-01;2.0750000e+02;7.9382986e-02;2.0750000e+02;2.6050925e-02;2.0750000e+02;-2.0531088e-02;2.0750000e+02;-6.3906476e-02;2.0750000e+02;-1.0705475e-01;2.0750000e+02;-1.4975546e-01;2.0750000e+02;-1.9177116e-01;2.0750000e+02;-8.0073029e-02;2.0750000e+02;-4.9870566e-02;2.0750000e+02;-1.4039762e-03;2.0750000e+02;6.0277663e-02;2.0750000e+02;1.3280797e-01;2.0750000e+02;1.8714647e-01;2.0750000e+02;2.4213435e-01;2.0750000e+02;2.6661107e-01;2.0750000e+02;2.5276572e-01;2.0750000e+02;2.2026581e-01;2.0750000e+02;1.4401658e-01;2.0750000e+02;7.9382986e-02;2.0750000e+02;2.6050925e-02;2.0750000e+02;-2.0531088e-02;2.0750000e+02;-6.3906476e-02;2.0750000e+02;-1.0705475e-01;2.0750000e+02;-1.4975546e-01;2.0750000e+02;-1.9177116e-01;2.0750000e+02;-8.0073029e-02;2.0750000e+02;-4.9870566e-02;2.0750000e+02;-1.4039762e-03;2.0750000e+02;6.0277663e-02;2.0750000e+02;1.3280797e-01;2.0750000e+02;1.8714647e-01;2.0750000e+02;2.4213435e-01;2.0750000e+02;2.6661107e-01;2.0750000e+02;2.5276572e-01;2.0750000e+02;2.2026581e-01;2.0750000e+02;1.4401658e-01;2.0750000e+02;7.9382986e-02;2.0750000e+02;2.6050925e-02;2.0750000e+02;-2.0531088e-02;2.0750000e+02;-6.3906476e-02;2.0750000e+02;-1.0705475e-01;2.0750000e+02;-1.4975546e-01;2.0750000e+02;-1.9177116e-01;2.0750000e+02;-8.0073029e-02;2.0750000e+02;-4.9870566e-02;2.0750000e+02;-1.4039762e-03;2.0750000e+02;6.0277663e-02;2.0750000e+02;1.3280797e-01;2.0750000e+02;1.8714647e-01;2.0750000e+02;2.4213435e-01;2.0750000e+02;2.6661107e-01;2.0750000e+02;2.5276572e-01;2.0750000e+02;2.2026581e-01;2.0750000e+02;1.4401658e-01;2.0750000e+02;7.9382986e-02;2.0750000e+02;2.6050925e-02;2.0750000e+02;-2.0531088e-02;2.0750000e+02;-6.3906476e-02;2.0750000e+02;-1.0705475e-01;2.0750000e+02;-1.4975546e-01;2.0750000e+02;-1.9177116e-01;2.0750000e+02;-8.0073029e-02;2.0750000e+02;-4.9870566e-02;2.0750000e+02;-1.4039762e-03;2.0750000e+02;6.0277663e-02;2.0750000e+02;1.3280797e-01;2.0750000e+02;1.8714647e-01;2.0750000e+02;2.4213435e-01;2.0750000e+02;2.6661107e-01;2.0750000e+02;2.5276572e-01;2.0750000e+02;2.2026581e-01;2.0750000e+02;1.4401658e-01;2.0750000e+02;7.9382986e-02;2.0750000e+02;2.6050925e-02;2.0750000e+02;-2.0531088e-02;2.0750000e+02;-6.3906476e-02;2.0750000e+02;-1.0705475e-01;2.0750000e+02;-1.4975546e-01;2.0750000e+02;-1.9177116e-01;2.0750000e+02;-8.0073029e-02;2.0750000e+02;-4.9870566e-02;2.0750000e+02;-1.4039762e-03;2.0750000e+02;6.0277663e-02;2.0750000e+02;1.3280797e-01;2.0750000e+02;1.8714647e-01;2.0750000e+02;2.4213435e-01;2.0750000e+02;2.6661107e-01;2.0750000e+02;2.5276572e-01;2.0750000e+02;2.2026581e-01;2.0750000e+02;1.4401658e-01;2.0750000e+02;7.9382986e-02;2.0750000e+02;2.6050925e-02;2.0750000e+02;-2.0531088e-02;2.0750000e+02;-6.3906476e-02;2.0750000e+02;-1.0705475e-01;2.0750000e+02;-1.4975546e-01;2.0750000e+02;-1.9177116e-01;2.0750000e+02;-8.0073029e-02;2.0750000e+02;-4.9870566e-02;2.0750000e+02;-1.4039762e-03;2.0750000e+02;6.0277663e-02;2.0750000e+02;1.3280797e-01;2.0750000e+02;1.8714647e-01;2.0750000e+02;2.4213435e-01;2.0750000e+02;2.6661107e-01;2.0750000e+02;2.5276572e-01;2.0750000e+02;2.2026581e-01;2.0750000e+02;1.4401658e-01;2.0750000e+02;7.9382986e-02;2.0750000e+02;2.6050925e-02;2.0750000e+02;-2.0531088e-02;2.0750000e+02;-6.3906476e-02;2.0750000e+02;-1.0705475e-01;2.0750000e+02;-1.4975546e-01;2.0750000e+02;-1.9177116e-01;2.0750000e+02;-8.0073029e-02;2.0750000e+02;-4.9870566e-02;2.0750000e+02;-1.4039762e-03;2.0750000e+02;6.0277663e-02;2.0750000e+02;1.3280797e-01;2.0750000e+02;1.8714647e-01;2.0750000e+02;2.4213435e-01;2.0750000e+02;2.6661107e-01;2.0750000e+02;2.5276572e-01;2.0750000e+02;2.2026581e-01;2.0750000e+02;1.4401658e-01;2.0750000e+02;7.9382986e-02;2.0750000e+02;2.6050925e-02;2.0750000e+02;-2.0531088e-02;2.0750000e+02;-6.3906476e-02;2.0750000e+02;-1.0705475e-01;2.0750000e+02;-1.4975546e-01;2.0750000e+02;-1.9177116e-01;2.0750000e+02;-8.0073029e-02;2.0750000e+02;-4.9870566e-02;2.0750000e+02;-1.4039762e-03;2.0750000e+02;6.0277663e-02;2.0750000e+02;1.3280797e-01;2.0750000e+02;1.8714647e-01;2.0750000e+02;2.4213435e-01;2.0750000e+02;2.6661107e-01;2.0750000e+02;2.5276572e-01;2.0750000e+02;2.2026581e-01;2.0750000e+02;1.4401658e-01;2.0750000e+02;7.9382986e-02;2.0750000e+02;2.6050925e-02;2.0750000e+02;-2.0531088e-02;2.0750000e+02;-6.3906476e-02;2.0750000e+02;-1.0705475e-01;2.0750000e+02;-1.4975546e-01;2.0750000e+02;-1.9177116e-01;2.0750000e+02;-8.0073029e-02;2.0750000e+02;-4.9870566e-02;2.0750000e+02;-1.4039762e-03;2.0750000e+02;6.0277663e-02;2.0750000e+02;1.3280797e-01;2.0750000e+02;1.8714647e-01;2.0750000e+02;2.4213435e-01;2.0750000e+02;2.6661107e-01;2.0750000e+02;2.5276572e-01;2.0750000e+02;2.2026581e-01;2.0750000e+02;1.4401658e-01;2.0750000e+02;7.9382986e-02;2.0750000e+02;2.6050925e-02;2.0750000e+02;-2.0531088e-02;2.0750000e+02;-6.3906476e-02;2.0750000e+02;-1.0705475e-01;2.0750000e+02;-1.4975546e-01;2.0750000e+02;-1.9177116e-01;2.0750000e+02;-8.0073029e-02;2.0750000e+02;-4.9870566e-02;2.0750000e+02;-1.4039762e-03;2.0750000e+02;6.0277663e-02;2.0750000e+02;1.3280797e-01;2.0750000e+02;1.8714647e-01;2.0750000e+02;2.4213435e-01;2.0750000e+02;2.6661107e-01;2.0750000e+02;2.5276572e-01;2.0750000e+02;2.2026581e-01;2.0750000e+02;1.4401658e-01;2.0750000e+02;7.9382986e-02;2.0750000e+02;2.6050925e-02;2.0750000e+02;-2.0531088e-02;2.0750000e+02;-6.3906476e-02;2.0750000e+02;-1.0705475e-01;2.0750000e+02;-1.4975546e-01;2.0750000e+02;-1.9177116e-01;2.0750000e+02;-8.0073029e-02;2.0750000e+02;-4.9870566e-02;2.0750000e+02;-1.4039762e-03;2.0750000e+02;6.0277663e-02;2.0750000e+02;1.3280797e-01;2.0750000e+02;1.8714647e-01;2.0750000e+02;2.4213435e-01;2.0750000e+02;2.6661107e-01;2.0750000e+02;2.5276572e-01;2.0750000e+02;2.2026581e-01;2.0750000e+02;1.4401658e-01;2.0750000e+02;7.9382986e-02;2.0750000e+02;2.6050925e-02;2.0750000e+02;-2.0531088e-02;2.0750000e+02;-6.3906476e-02;2.0750000e+02;-1.0705475e-01;2.0750000e+02;-1.4975546e-01;2.0750000e+02;-1.9177116e-01;2.0750000e+02;-8.0073029e-02;2.0750000e+02;-4.9870566e-02;2.0750000e+02;-1.4039762e-03;2.0750000e+02;6.0277663e-02;2.0750000e+02;1.3280797e-01;2.0750000e+02;1.8714647e-01;2.0750000e+02;2.4213435e-01;2.0750000e+02;2.6661107e-01;2.0750000e+02;2.5276572e-01;2.0750000e+02;2.2026581e-01;2.0750000e+02;1.4401658e-01;2.0750000e+02;7.9382986e-02;2.0750000e+02;2.6050925e-02;2.0750000e+02;-2.0531088e-02;2.0750000e+02;-6.3906476e-02;2.0750000e+02;-1.0705475e-01;2.0750000e+02;-1.4975546e-01;2.0750000e+02;-1.9177116e-01;2.0750000e+02;-8.0073029e-02;2.0750000e+02;-4.9870566e-02;2.0750000e+02;-1.4039762e-03;2.0750000e+02;6.0277663e-02;2.0750000e+02;1.3280797e-01;2.0750000e+02;1.8714647e-01;2.0750000e+02;2.4213435e-01;2.0750000e+02;2.6661107e-01;2.0750000e+02;2.5276572e-01;2.0750000e+02;2.2026581e-01;2.0750000e+02;1.4401658e-01;2.0750000e+02;7.9382986e-02;2.0750000e+02;2.6050925e-02;2.0750000e+02;-2.0531088e-02;2.0750000e+02;-6.3906476e-02;2.0750000e+02;-1.0705475e-01;2.0750000e+02;-1.4975546e-01;2.0750000e+02;-1.9177116e-01;2.0750000e+02;-8.0073029e-02;2.0750000e+02;-4.9870566e-02;2.0750000e+02;-1.4039762e-03;2.0750000e+02;6.0277663e-02;2.0750000e+02;1.3280797e-01;2.0750000e+02;1.8714647e-01;2.0750000e+02;2.4213435e-01;2.0750000e+02;2.6661107e-01;2.0750000e+02;2.5276572e-01;2.0750000e+02;2.2026581e-01;2.0750000e+02;1.4401658e-01;2.0750000e+02;7.9382986e-02;2.0750000e+02;2.6050925e-02;2.0750000e+02;-2.0531088e-02;2.0750000e+02;-6.3906476e-02;2.0750000e+02;-1.0705475e-01;2.0750000e+02;-1.4975546e-01;2.0750000e+02;-1.9177116e-01;2.0750000e+02;-8.0073029e-02;2.0750000e+02;-4.9870566e-02;2.0750000e+02;-1.4039762e-03;2.0750000e+02;6.0277663e-02;2.0750000e+02;1.3280797e-01;2.0750000e+02;1.8714647e-01;2.0750000e+02;2.4213435e-01;2.0750000e+02;2.6661107e-01;2.0750000e+02;2.5276572e-01;2.0750000e+02;2.2026581e-01;2.0750000e+02;1.4401658e-01;2.0750000e+02;7.9382986e-02;2.0750000e+02;2.6050925e-02;2.0750000e+02;-2.0531088e-02;2.0750000e+02;-6.3906476e-02;2.0750000e+02;-1.0705475e-01;2.0750000e+02;-1.4975546e-01;2.0750000e+02;-1.9177116e-01;2.0750000e+02;-8.0073029e-02;2.0750000e+02;-4.9870566e-02;2.0750000e+02;-1.4039762e-03;2.0750000e+02;6.0277663e-02;2.0750000e+02;1.3280797e-01;2.0750000e+02;1.8714647e-01;2.0750000e+02;2.4213435e-01;2.0750000e+02;2.6661107e-01;2.0750000e+02;2.5276572e-01;2.0750000e+02;2.2026581e-01;2.0750000e+02;1.4401658e-01;2.0750000e+02;7.9382986e-02;2.0750000e+02;2.6050925e-02;2.0750000e+02;-2.0531088e-02;2.0750000e+02;-6.3906476e-02;2.0750000e+02;-1.0705475e-01;2.0750000e+02;-1.4975546e-01;2.0750000e+02;-1.9177116e-01;2.0750000e+02;-8.0073029e-02;2.0750000e+02;-4.9870566e-02;2.0750000e+02;-1.4039762e-03;2.0750000e+02;6.0277663e-02;2.0750000e+02;1.3280797e-01;2.0750000e+02;1.8714647e-01;2.0750000e+02;2.4213435e-01;2.0750000e+02;2.6661107e-01;2.0750000e+02;2.5276572e-01;2.0750000e+02;2.2026581e-01;2.0750000e+02;1.4401658e-01;2.0750000e+02;7.9382986e-02;2.0750000e+02;2.6050925e-02;2.0750000e+02;-2.0531088e-02;2.0750000e+02;-6.3906476e-02;2.0750000e+02;-1.0705475e-01;2.0750000e+02;-1.4975546e-01;2.0750000e+02;-1.9177116e-01;2.0750000e+02;-8.0073029e-02;2.0750000e+02;-4.9870566e-02;2.0750000e+02;-1.4039762e-03;2.0750000e+02;6.0277663e-02;2.0750000e+02;1.3280797e-01;2.0750000e+02;1.8714647e-01;2.0750000e+02;2.4213435e-01;2.0750000e+02;2.6661107e-01;2.0750000e+02;2.5276572e-01;2.0750000e+02;2.2026581e-01;2.0750000e+02;1.4401658e-01;2.0750000e+02;7.9382986e-02;2.0750000e+02;2.6050925e-02;2.0750000e+02;-2.0531088e-02;2.0750000e+02;-6.3906476e-02;2.0750000e+02;-1.0705475e-01;2.0750000e+02;-1.4975546e-01;2.0750000e+02;-1.9177116e-01;2.0750000e+02;-8.0073029e-02;2.0750000e+02;-4.9870566e-02;2.0750000e+02;-1.4039762e-03;2.0750000e+02;6.0277663e-02;2.0750000e+02;1.3280797e-01;2.0750000e+02;1.8714647e-01;2.0750000e+02;2.4213435e-01;2.0750000e+02;2.6661107e-01;2.0750000e+02;2.5276572e-01;2.0750000e+02;2.2026581e-01;2.0750000e+02;1.4401658e-01;2.0750000e+02;7.9382986e-02;2.0750000e+02;2.6050925e-02;2.0750000e+02;-2.0531088e-02;2.0750000e+02;-6.3906476e-02;2.0750000e+02;-1.0705475e-01;2.0750000e+02;-1.4975546e-01;2.0750000e+02;-1.9177116e-01;2.0750000e+02;-8.0073029e-02;2.0750000e+02;-4.9870566e-02;2.0750000e+02;-1.4039762e-03;2.0750000e+02;6.0277663e-02;2.0750000e+02;1.3280797e-01;2.0750000e+02;1.8714647e-01;2.0750000e+02;2.4213435e-01;2.0750000e+02;2.6661107e-01;2.0750000e+02;2.5276572e-01;2.0750000e+02;2.2026581e-01;2.0750000e+02;1.4401658e-01;2.0750000e+02;7.9382986e-02;2.0750000e+02;2.6050925e-02;2.0750000e+02;-2.0531088e-02;2.0750000e+02;-6.3906476e-02;2.0750000e+02;-1.0705475e-01;2.0750000e+02;-1.4975546e-01;2.0750000e+02;-1.9177116e-01;2.0750000e+02;-8.0073029e-02;2.0750000e+02;-4.9870566e-02;2.0750000e+02;-1.4039762e-03;2.0750000e+02;6.0277663e-02;2.0750000e+02;1.3280797e-01;2.0750000e+02;1.8714647e-01;2.0750000e+02;2.4213435e-01;2.0750000e+02;2.6661107e-01;2.0750000e+02;2.5276572e-01;2.0750000e+02;2.2026581e-01;2.0750000e+02;1.4401658e-01;2.0750000e+02;7.9382986e-02;2.0750000e+02;2.6050925e-02;2.0750000e+02;-2.0531088e-02;2.0750000e+02;-6.3906476e-02;2.0750000e+02;-1.0705475e-01;2.0750000e+02;-1.4975546e-01;2.0750000e+02;-1.9177116e-01;2.0750000e+02;-8.0073029e-02;2.0750000e+02;-4.9870566e-02;2.0750000e+02;-1.4039762e-03;2.0750000e+02;6.0277663e-02;2.0750000e+02;1.3280797e-01;2.0750000e+02;1.8714647e-01;2.0750000e+02;2.4213435e-01;2.0750000e+02;2.6661107e-01;2.0750000e+02;2.5276572e-01;2.0750000e+02;2.2026581e-01;2.0750000e+02;1.4401658e-01;2.0750000e+02;7.9382986e-02;2.0750000e+02;2.6050925e-02;2.0750000e+02;-2.0531088e-02;2.0750000e+02;-6.3906476e-02;2.0750000e+02;-1.0705475e-01;2.0750000e+02;-1.4975546e-01;2.0750000e+02;-1.9177116e-01;2.0750000e+02;-8.0073029e-02;2.0750000e+02;-4.9870566e-02;2.0750000e+02;-1.4039762e-03;2.0750000e+02;6.0277663e-02;2.0750000e+02;1.3280797e-01;2.0750000e+02;1.8714647e-01;2.0750000e+02;2.4213435e-01;2.0750000e+02;2.6661107e-01;2.0750000e+02;2.5276572e-01;2.0750000e+02;2.2026581e-01;2.0750000e+02;1.4401658e-01;2.0750000e+02;7.9382986e-02;2.0750000e+02;2.6050925e-02;2.0750000e+02;-2.0531088e-02;2.0750000e+02;-6.3906476e-02;2.0750000e+02;-1.0705475e-01;2.0750000e+02;-1.4975546e-01;2.0750000e+02;-1.9177116e-01;2.0750000e+02;-8.0073029e-02;2.0750000e+02;-4.9870566e-02;2.0750000e+02;-1.4039762e-03;2.0750000e+02;6.0277663e-02;2.0750000e+02;1.3280797e-01;2.0750000e+02;1.8714647e-01;2.0750000e+02;2.4213435e-01;2.0750000e+02;2.6661107e-01;2.0750000e+02;2.5276572e-01;2.0750000e+02;2.2026581e-01;2.0750000e+02;1.4401658e-01;2.0750000e+02;7.9382986e-02;2.0750000e+02;2.6050925e-02;2.0750000e+02;-2.0531088e-02;2.0750000e+02;-6.3906476e-02;2.0750000e+02;-1.0705475e-01;2.0750000e+02;-1.4975546e-01;2.0750000e+02;-1.9177116e-01;2.0750000e+02;-8.0073029e-02;2.0750000e+02;-4.9870566e-02;2.0750000e+02;-1.4039762e-03;2.0750000e+02;6.0277663e-02;2.0750000e+02;1.3280797e-01;2.0750000e+02;1.8714647e-01;2.0750000e+02;2.4213435e-01;2.0750000e+02;2.6661107e-01;2.0750000e+02;2.5276572e-01;2.0750000e+02;2.2026581e-01;2.0750000e+02;1.4401658e-01;2.0750000e+02;7.9382986e-02;2.0750000e+02;2.6050925e-02;2.0750000e+02;-2.0531088e-02;2.0750000e+02;-6.3906476e-02;2.0750000e+02;-1.0705475e-01;2.0750000e+02;-1.4975546e-01;2.0750000e+02;-1.9177116e-01;2.0750000e+02;-8.0073029e-02;2.0750000e+02;-4.9870566e-02;2.0750000e+02;-1.4039762e-03;2.0750000e+02;6.0277663e-02;2.0750000e+02;1.3280797e-01;2.0750000e+02;1.8714647e-01;2.0750000e+02;2.4213435e-01;2.0750000e+02;2.6661107e-01;2.0750000e+02;2.5276572e-01;2.0750000e+02;2.2026581e-01;2.0750000e+02;1.4401658e-01;2.0750000e+02;7.9382986e-02;2.0750000e+02;2.6050925e-02;2.0750000e+02;-2.0531088e-02;2.0750000e+02;-6.3906476e-02;2.0750000e+02;-1.0705475e-01;2.0750000e+02;-1.4975546e-01;2.0750000e+02;-1.9177116e-01;2.0750000e+02;-8.0073029e-02;2.0750000e+02;-4.9870566e-02;2.0750000e+02;-1.4039762e-03;2.0750000e+02;6.0277663e-02;2.0750000e+02;1.3280797e-01;2.0750000e+02;1.8714647e-01;2.0750000e+02;2.4213435e-01;2.0750000e+02;2.6661107e-01;2.0750000e+02;2.5276572e-01;2.0750000e+02;2.2026581e-01;2.0750000e+02;1.4401658e-01;2.0750000e+02;7.9382986e-02;2.0750000e+02;2.6050925e-02;2.0750000e+02;-2.0531088e-02;2.0750000e+02;-6.3906476e-02;2.0750000e+02;-1.0705475e-01;2.0750000e+02;-1.4975546e-01;2.0750000e+02;-1.9177116e-01;2.0750000e+02;-8.0073029e-02;2.0750000e+02;-4.9870566e-02;2.0750000e+02;-1.4039762e-03;2.0750000e+02;6.0277663e-02;2.0750000e+02;1.3280797e-01;2.0750000e+02;1.8714647e-01;2.0750000e+02;2.4213435e-01;2.0750000e+02;2.6661107e-01;2.0750000e+02;2.5276572e-01;2.0750000e+02;2.2026581e-01;2.0750000e+02;1.4401658e-01;2.0750000e+02;7.9382986e-02;2.0750000e+02;2.6050925e-02;2.0750000e+02;-2.0531088e-02;2.0750000e+02;-6.3906476e-02;2.0750000e+02;-1.0705475e-01;2.0750000e+02;-1.4975546e-01;2.0750000e+02;-1.9177116e-01;2.0750000e+02;-8.0073029e-02;2.0750000e+02;-4.9870566e-02;2.0750000e+02;-1.4039762e-03;2.0750000e+02;6.0277663e-02;2.0750000e+02;1.3280797e-01;2.0750000e+02;1.8714647e-01;2.0750000e+02;2.4213435e-01;2.0750000e+02;2.6661107e-01;2.0750000e+02;2.5276572e-01;2.0750000e+02;2.2026581e-01;2.0750000e+02;1.4401658e-01;2.0750000e+02;7.9382986e-02;2.0750000e+02;2.6050925e-02;2.0750000e+02;-2.0531088e-02;2.0750000e+02;-6.3906476e-02;2.0750000e+02;-1.0705475e-01;2.0750000e+02;-1.4975546e-01;2.0750000e+02;-1.9177116e-01;2.0750000e+02;-8.0073029e-02;2.0750000e+02;-4.9870566e-02;2.0750000e+02;-1.4039762e-03;2.0750000e+02;6.0277663e-02;2.0750000e+02;1.3280797e-01;2.0750000e+02;1.8714647e-01;2.0750000e+02;2.4213435e-01;2.0750000e+02;2.6661107e-01;2.0750000e+02;2.5276572e-01;2.0750000e+02;2.2026581e-01;2.0750000e+02;1.4401658e-01;2.0750000e+02;7.9382986e-02;2.0750000e+02;2.6050925e-02;2.0750000e+02;-2.0531088e-02;2.0750000e+02;-6.3906476e-02;2.0750000e+02;-1.0705475e-01;2.0750000e+02;-1.4975546e-01;2.0750000e+02;-1.9177116e-01;2.0750000e+02;-8.0073029e-02;2.0750000e+02;-4.9870566e-02;2.0750000e+02;-1.4039762e-03;2.0750000e+02;6.0277663e-02;2.0750000e+02;1.3280797e-01;2.0750000e+02;1.8714647e-01;2.0750000e+02;2.4213435e-01;2.0750000e+02;2.6661107e-01;2.0750000e+02;2.5276572e-01;2.0750000e+02;2.2026581e-01;2.0750000e+02;1.4401658e-01;2.0750000e+02;7.9382986e-02;2.0750000e+02;2.6050925e-02;2.0750000e+02;-2.0531088e-02;2.0750000e+02;-6.3906476e-02;2.0750000e+02;-1.0705475e-01;2.0750000e+02;-1.4975546e-01;2.0750000e+02;-1.9177116e-01;2.0750000e+02;-8.0073029e-02;2.0750000e+02;-4.9870566e-02;2.0750000e+02;-1.4039762e-03;2.0750000e+02;6.0277663e-02;2.0750000e+02;1.3280797e-01;2.0750000e+02;1.8714647e-01;2.0750000e+02;2.4213435e-01;2.0750000e+02;2.6661107e-01;2.0750000e+02;2.5276572e-01;2.0750000e+02;2.2026581e-01;2.0750000e+02;1.4401658e-01;2.0750000e+02;7.9382986e-02;2.0750000e+02;2.6050925e-02;2.0750000e+02;-2.0531088e-02;2.0750000e+02;-6.3906476e-02;2.0750000e+02;-1.0705475e-01;2.0750000e+02;-1.4975546e-01;2.0750000e+02;-1.9177116e-01;2.0750000e+02;-8.0073029e-02;2.0750000e+02;-4.9870566e-02;2.0750000e+02;-1.4039762e-03;2.0750000e+02;6.0277663e-02;2.0750000e+02;1.3280797e-01;2.0750000e+02;1.8714647e-01;2.0750000e+02;2.4213435e-01;2.0750000e+02;2.6661107e-01;2.0750000e+02;2.5276572e-01;2.0750000e+02;2.2026581e-01;2.0750000e+02;1.4401658e-01;2.0750000e+02;7.9382986e-02;2.0750000e+02;2.6050925e-02;2.0750000e+02;-2.0531088e-02;2.0750000e+02;-6.3906476e-02;2.0750000e+02;-1.0705475e-01;2.0750000e+02;-1.4975546e-01;2.0750000e+02;-1.9177116e-01;2.0750000e+02;-8.0073029e-02;2.0750000e+02;-4.9870566e-02;2.0750000e+02;-1.4039762e-03;2.0750000e+02;6.0277663e-02;2.0750000e+02;1.3280797e-01;2.0750000e+02;1.8714647e-01;2.0750000e+02;2.4213435e-01;2.0750000e+02;2.6661107e-01;2.0750000e+02;2.5276572e-01;2.0750000e+02;2.2026581e-01;2.0750000e+02;1.4401658e-01;2.0750000e+02;7.9382986e-02;2.0750000e+02;2.6050925e-02;2.0750000e+02;-2.0531088e-02;2.0750000e+02;-6.3906476e-02;2.0750000e+02;-1.0705475e-01;2.0750000e+02;-1.4975546e-01;2.0750000e+02;-1.9177116e-01;2.0750000e+02;-8.0073029e-02;2.0750000e+02;-4.9870566e-02;2.0750000e+02;-1.4039762e-03;2.0750000e+02;6.0277663e-02;2.0750000e+02;1.3280797e-01;2.0750000e+02;1.8714647e-01;2.0750000e+02;2.4213435e-01;2.0750000e+02;2.6661107e-01;2.0750000e+02;2.5276572e-01;2.0750000e+02;2.2026581e-01;2.0750000e+02;1.4401658e-01;2.0750000e+02;7.9382986e-02;2.0750000e+02;2.6050925e-02;2.0750000e+02;-2.0531088e-02;2.0750000e+02;-6.3906476e-02;2.0750000e+02;-1.0705475e-01;2.0750000e+02;-1.4975546e-01;2.0750000e+02;-1.9177116e-01;2.0750000e+02;-8.0073029e-02;2.0750000e+02;-4.9870566e-02;2.0750000e+02;-1.4039762e-03;2.0750000e+02;6.0277663e-02;2.0750000e+02;1.3280797e-01;2.0750000e+02;1.8714647e-01;2.0750000e+02;2.4213435e-01;2.0750000e+02;2.6661107e-01;2.0750000e+02;2.5276572e-01;2.0750000e+02;2.2026581e-01;2.0750000e+02;1.4401658e-01;2.0750000e+02;7.9382986e-02;2.0750000e+02;2.6050925e-02;2.0750000e+02;-2.0531088e-02;2.0750000e+02;-6.3906476e-02;2.0750000e+02;-1.0705475e-01;2.0750000e+02;-1.4975546e-01;2.0750000e+02;-1.9177116e-01;2.0750000e+02;-8.0073029e-02;2.0750000e+02;-4.9870566e-02;2.0750000e+02;-1.4039762e-03;2.0750000e+02;6.0277663e-02;2.0750000e+02;1.3280797e-01;2.0750000e+02;1.8714647e-01;2.0750000e+02;2.4213435e-01;2.0750000e+02;2.6661107e-01;2.0750000e+02;2.5276572e-01;2.0750000e+02;2.2026581e-01;2.0750000e+02;1.4401658e-01;2.0750000e+02;7.9382986e-02;2.0750000e+02;2.6050925e-02;2.0750000e+02;-2.0531088e-02;2.0750000e+02;-6.3906476e-02;2.0750000e+02;-1.0705475e-01;2.0750000e+02;-1.4975546e-01;2.0750000e+02;-1.9177116e-01;2.0750000e+02;-8.0073029e-02;2.0750000e+02;-4.9870566e-02;2.0750000e+02;-1.4039762e-03;2.0750000e+02;6.0277663e-02;2.0750000e+02;1.3280797e-01;2.0750000e+02;1.8714647e-01;2.0750000e+02;2.4213435e-01;2.0750000e+02;2.6661107e-01;2.0750000e+02;2.5276572e-01;2.0750000e+02;2.2026581e-01;2.0750000e+02;1.4401658e-01;2.0750000e+02;7.9382986e-02;2.0750000e+02;2.6050925e-02;2.0750000e+02;-2.0531088e-02;2.0750000e+02;-6.3906476e-02;2.0750000e+02;-1.0705475e-01;2.0750000e+02;-1.4975546e-01;2.0750000e+02;-1.9177116e-01;2.0750000e+02;-8.0073029e-02;2.0750000e+02;-4.9870566e-02;2.0750000e+02;-1.4039762e-03;2.0750000e+02;6.0277663e-02;2.0750000e+02;1.3280797e-01;2.0750000e+02;1.8714647e-01;2.0750000e+02;2.4213435e-01;2.0750000e+02;2.6661107e-01;2.0750000e+02;2.5276572e-01;2.0750000e+02;2.2026581e-01;2.0750000e+02;1.4401658e-01;2.0750000e+02;7.9382986e-02;2.0750000e+02;2.6050925e-02;2.0750000e+02;-2.0531088e-02;2.0750000e+02;-6.3906476e-02;2.0750000e+02;-1.0705475e-01;2.0750000e+02;-1.4975546e-01;2.0750000e+02;-1.9177116e-01;2.0750000e+02;-8.0073029e-02;2.0750000e+02;-4.9870566e-02;2.0750000e+02;-1.4039762e-03;2.0750000e+02;6.0277663e-02;2.0750000e+02;1.3280797e-01;2.0750000e+02;1.8714647e-01;2.0750000e+02;2.4213435e-01;2.0750000e+02;2.6661107e-01;2.0750000e+02;2.5276572e-01;2.0750000e+02;2.2026581e-01;2.0750000e+02;1.4401658e-01;2.0750000e+02;7.9382986e-02;2.0750000e+02;2.6050925e-02;2.0750000e+02;-2.0531088e-02;2.0750000e+02;-6.3906476e-02;2.0750000e+02;-1.0705475e-01;2.0750000e+02;-1.4975546e-01;2.0750000e+02;-1.9177116e-01;2.0750000e+02;-8.0073029e-02;2.0750000e+02;-4.9870566e-02;2.0750000e+02;-1.4039762e-03;2.0750000e+02;6.0277663e-02;2.0750000e+02;1.3280797e-01;2.0750000e+02;1.8714647e-01;2.0750000e+02;2.4213435e-01;2.0750000e+02;2.6661107e-01;2.0750000e+02;2.5276572e-01;2.0750000e+02;2.2026581e-01;2.0750000e+02;1.4401658e-01;2.0750000e+02;7.9382986e-02;2.0750000e+02;2.6050925e-02;2.0750000e+02;-2.0531088e-02;2.0750000e+02;-6.3906476e-02;2.0750000e+02;-1.0705475e-01;2.0750000e+02;-1.4975546e-01;2.0750000e+02;-1.9177116e-01;2.0750000e+02;-8.0073029e-02;2.0750000e+02;-4.9870566e-02;2.0750000e+02;-1.4039762e-03;2.0750000e+02;6.0277663e-02;2.0750000e+02;1.3280797e-01;2.0750000e+02;1.8714647e-01;2.0750000e+02;2.4213435e-01;2.0750000e+02;2.6661107e-01;2.0750000e+02;2.5276572e-01;2.0750000e+02;2.2026581e-01;2.0750000e+02;1.4401658e-01;2.0750000e+02;7.9382986e-02;2.0750000e+02;2.6050925e-02;2.0750000e+02;-2.0531088e-02;2.0750000e+02;-6.3906476e-02;2.0750000e+02;-1.0705475e-01;2.0750000e+02;-1.4975546e-01;2.0750000e+02;-1.9177116e-01;2.0750000e+02;-8.0073029e-02;2.0750000e+02;-4.9870566e-02;2.0750000e+02;-1.4039762e-03;2.0750000e+02;6.0277663e-02;2.0750000e+02;1.3280797e-01;2.0750000e+02;1.8714647e-01;2.0750000e+02;2.4213435e-01;2.0750000e+02;2.6661107e-01;2.0750000e+02;2.5276572e-01;2.0750000e+02;2.2026581e-01;2.0750000e+02;1.4401658e-01;2.0750000e+02;7.9382986e-02;2.0750000e+02;2.6050925e-02;2.0750000e+02;-2.0531088e-02;2.0750000e+02;-6.3906476e-02;2.0750000e+02;-1.0705475e-01;2.0750000e+02;-1.4975546e-01;2.0750000e+02;-1.9177116e-01;2.0750000e+02;-8.0073029e-02;2.0750000e+02;-4.9870566e-02;2.0750000e+02;-1.4039762e-03;2.0750000e+02;6.0277663e-02;2.0750000e+02;1.3280797e-01;2.0750000e+02;1.8714647e-01;2.0750000e+02;2.4213435e-01;2.0750000e+02;2.6661107e-01;2.0750000e+02;2.5276572e-01;2.0750000e+02;2.2026581e-01;2.0750000e+02;1.4401658e-01;2.0750000e+02;7.9382986e-02;2.0750000e+02;2.6050925e-02;2.0750000e+02;-2.0531088e-02;2.0750000e+02;-6.3906476e-02;2.0750000e+02;-1.0705475e-01;2.0750000e+02;-1.4975546e-01;2.0750000e+02;-1.9177116e-01;2.0750000e+02;-8.0073029e-02;2.0750000e+02;-4.9870566e-02;2.0750000e+02;-1.4039762e-03;2.0750000e+02;6.0277663e-02;2.0750000e+02;1.3280797e-01;2.0750000e+02;1.8714647e-01;2.0750000e+02;2.4213435e-01;2.0750000e+02;2.6661107e-01;2.0750000e+02;2.5276572e-01;2.0750000e+02;2.2026581e-01;2.0750000e+02;1.4401658e-01;2.0750000e+02;7.9382986e-02;2.0750000e+02;2.6050925e-02;2.0750000e+02;-2.0531088e-02;2.0750000e+02;-6.3906476e-02;2.0750000e+02;-1.0705475e-01;2.0750000e+02;-1.4975546e-01;2.0750000e+02;-1.9177116e-01;2.0750000e+02;-8.0073029e-02;2.0750000e+02;-4.9870566e-02;2.0750000e+02;-1.4039762e-03;2.0750000e+02;6.0277663e-02;2.0750000e+02;1.3280797e-01;2.0750000e+02;1.8714647e-01;2.0750000e+02;2.4213435e-01;2.0750000e+02;2.6661107e-01;2.0750000e+02;2.5276572e-01;2.0750000e+02;2.2026581e-01;2.0750000e+02;1.4401658e-01;2.0750000e+02;7.9382986e-02;2.0750000e+02;2.6050925e-02;2.0750000e+02;-2.0531088e-02;2.0750000e+02;-6.3906476e-02;2.0750000e+02;-1.0705475e-01;2.0750000e+02;-1.4975546e-01;2.0750000e+02;-1.9177116e-01;2.0750000e+02;-8.0073029e-02;2.0750000e+02;-4.9870566e-02;2.0750000e+02;-1.4039762e-03;2.0750000e+02;6.0277663e-02;2.0750000e+02;1.3280797e-01;2.0750000e+02;1.8714647e-01;2.0750000e+02;2.4213435e-01;2.0750000e+02;2.6661107e-01;2.0750000e+02;2.5276572e-01;2.0750000e+02;2.2026581e-01;2.0750000e+02;1.4401658e-01;2.0750000e+02;7.9382986e-02;2.0750000e+02;2.6050925e-02;2.0750000e+02;-2.0531088e-02;2.0750000e+02;-6.3906476e-02;2.0750000e+02;-1.0705475e-01;2.0750000e+02;-1.4975546e-01;2.0750000e+02;-1.9177116e-01;2.0750000e+02;-8.0073029e-02;2.0750000e+02;-4.9870566e-02;2.0750000e+02;-1.4039762e-03;2.0750000e+02;6.0277663e-02;2.0750000e+02;1.3280797e-01;2.0750000e+02;1.8714647e-01;2.0750000e+02;2.4213435e-01;2.0750000e+02;2.6661107e-01;2.0750000e+02;2.5276572e-01;2.0750000e+02;2.2026581e-01;2.0750000e+02;1.4401658e-01;2.0750000e+02;7.9382986e-02;2.0750000e+02;2.6050925e-02;2.0750000e+02;-2.0531088e-02;2.0750000e+02;-6.3906476e-02;2.0750000e+02;-1.0705475e-01;2.0750000e+02;-1.4975546e-01;2.0750000e+02;-1.9177116e-01;2.0750000e+02;-8.0073029e-02;2.0750000e+02;-4.9870566e-02;2.0750000e+02;-1.4039762e-03;2.0750000e+02;6.0277663e-02;2.0750000e+02;1.3280797e-01;2.0750000e+02;1.8714647e-01;2.0750000e+02;2.4213435e-01;2.0750000e+02;2.6661107e-01;2.0750000e+02;2.5276572e-01;2.0750000e+02;2.2026581e-01;2.0750000e+02;1.4401658e-01;2.0750000e+02;7.9382986e-02;2.0750000e+02;2.6050925e-02;2.0750000e+02;-2.0531088e-02;2.0750000e+02;-6.3906476e-02;2.0750000e+02;-1.0705475e-01;2.0750000e+02;-1.4975546e-01;2.0750000e+02;-1.9177116e-01;2.0750000e+02;-8.0073029e-02;2.0750000e+02;-4.9870566e-02;2.0750000e+02;-1.4039762e-03;2.0750000e+02;6.0277663e-02;2.0750000e+02;1.3280797e-01;2.0750000e+02;1.8714647e-01;2.0750000e+02;2.4213435e-01;2.0750000e+02;2.6661107e-01;2.0750000e+02;2.5276572e-01;2.0750000e+02;2.2026581e-01;2.0750000e+02;1.4401658e-01;2.0750000e+02;7.9382986e-02;2.0750000e+02;2.6050925e-02;2.0750000e+02;-2.0531088e-02;2.0750000e+02;-6.3906476e-02;2.0750000e+02;-1.0705475e-01;2.0750000e+02;-1.4975546e-01;2.0750000e+02;-1.9177116e-01;2.0750000e+02;-8.0073029e-02;2.0750000e+02;-4.9870566e-02;2.0750000e+02;-1.4039762e-03;2.0750000e+02;6.0277663e-02;2.0750000e+02;1.3280797e-01;2.0750000e+02;1.8714647e-01;2.0750000e+02;2.4213435e-01;2.0750000e+02;2.6661107e-01;2.0750000e+02;2.5276572e-01;2.0750000e+02;2.2026581e-01;2.0750000e+02;1.4401658e-01;2.0750000e+02;7.9382986e-02;2.0750000e+02;2.6050925e-02;2.0750000e+02;-2.0531088e-02;2.0750000e+02;-6.3906476e-02;2.0750000e+02;-1.0705475e-01;2.0750000e+02;-1.4975546e-01;2.0750000e+02;-1.9177116e-01;2.0750000e+02;-8.0073029e-02;2.0750000e+02;-4.9870566e-02;2.0750000e+02;-1.4039762e-03;2.0750000e+02;6.0277663e-02;2.0750000e+02;1.3280797e-01;2.0750000e+02;1.8714647e-01;2.0750000e+02;2.4213435e-01;2.0750000e+02;2.6661107e-01;2.0750000e+02;2.5276572e-01;2.0750000e+02;2.2026581e-01;2.0750000e+02;1.4401658e-01;2.0750000e+02;7.9382986e-02;2.0750000e+02;2.6050925e-02;2.0750000e+02;-2.0531088e-02;2.0750000e+02;-6.3906476e-02;2.0750000e+02;-1.0705475e-01;2.0750000e+02;-1.4975546e-01;2.0750000e+02;-1.9177116e-01;2.0750000e+02;-8.0073029e-02;2.0750000e+02;-4.9870566e-02;2.0750000e+02;-1.4039762e-03;2.0750000e+02;6.0277663e-02;2.0750000e+02;1.3280797e-01;2.0750000e+02;1.8714647e-01;2.0750000e+02;2.4213435e-01;2.0750000e+02;2.6661107e-01;2.0750000e+02;2.5276572e-01;2.0750000e+02;2.2026581e-01;2.0750000e+02;1.4401658e-01;2.0750000e+02;7.9382986e-02;2.0750000e+02;2.6050925e-02;2.0750000e+02;-2.0531088e-02;2.0750000e+02;-6.3906476e-02;2.0750000e+02;-1.0705475e-01;2.0750000e+02;-1.4975546e-01;2.0750000e+02;-1.9177116e-01;2.0750000e+02;-8.0073029e-02;2.0750000e+02;-4.9870566e-02;2.0750000e+02;-1.4039762e-03;2.0750000e+02;6.0277663e-02;2.0750000e+02;1.3280797e-01;2.0750000e+02;1.8714647e-01;2.0750000e+02;2.4213435e-01;2.0750000e+02;2.6661107e-01;2.0750000e+02;2.5276572e-01;2.0750000e+02;2.2026581e-01;2.0750000e+02;1.4401658e-01;2.0750000e+02;7.9382986e-02;2.0750000e+02;2.6050925e-02;2.0750000e+02;-2.0531088e-02;2.0750000e+02;-6.3906476e-02;2.0750000e+02;-1.0705475e-01;2.0750000e+02;-1.4975546e-01;2.0750000e+02;-1.9177116e-01;2.0750000e+02;-8.0073029e-02;2.0750000e+02;-4.9870566e-02;2.0750000e+02;-1.4039762e-03;2.0750000e+02;6.0277663e-02;2.0750000e+02;1.3280797e-01;2.0750000e+02;1.8714647e-01;2.0750000e+02;2.4213435e-01;2.0750000e+02;2.6661107e-01;2.0750000e+02;2.5276572e-01;2.0750000e+02;2.2026581e-01;2.0750000e+02;1.4401658e-01;2.0750000e+02;7.9382986e-02;2.0750000e+02;2.6050925e-02;2.0750000e+02;-2.0531088e-02;2.0750000e+02;-6.3906476e-02;2.0750000e+02;-1.0705475e-01;2.0750000e+02;-1.4975546e-01;2.0750000e+02;-1.9177116e-01;2.0750000e+02;-8.0073029e-02;2.0750000e+02;-4.9870566e-02;2.0750000e+02;-1.4039762e-03;2.0750000e+02;6.0277663e-02;2.0750000e+02;1.3280797e-01;2.0750000e+02;1.8714647e-01;2.0750000e+02;2.4213435e-01;2.0750000e+02;2.6661107e-01;2.0750000e+02;2.5276572e-01;2.0750000e+02;2.2026581e-01;2.0750000e+02;1.4401658e-01;2.0750000e+02;7.9382986e-02;2.0750000e+02;2.6050925e-02;2.0750000e+02;-2.0531088e-02;2.0750000e+02;-6.3906476e-02;2.0750000e+02;-1.0705475e-01;2.0750000e+02;-1.4975546e-01;2.0750000e+02;-1.9177116e-01;2.0750000e+02;-8.0073029e-02;2.0750000e+02;-4.9870566e-02;2.0750000e+02;-1.4039762e-03;2.0750000e+02;6.0277663e-02;2.0750000e+02;1.3280797e-01;2.0750000e+02;1.8714647e-01;2.0750000e+02;2.4213435e-01;2.0750000e+02;2.6661107e-01;2.0750000e+02;2.5276572e-01;2.0750000e+02;2.2026581e-01;2.0750000e+02;1.4401658e-01;2.0750000e+02;7.9382986e-02;2.0750000e+02;2.6050925e-02;2.0750000e+02;-2.0531088e-02;2.0750000e+02;-6.3906476e-02;2.0750000e+02;-1.0705475e-01;2.0750000e+02;-1.4975546e-01;2.0750000e+02;-1.9177116e-01;2.0750000e+02;-8.0073029e-02;2.0750000e+02;-4.9870566e-02;2.0750000e+02;-1.4039762e-03;2.0750000e+02;6.0277663e-02;2.0750000e+02;1.3280797e-01;2.0750000e+02;1.8714647e-01;2.0750000e+02;2.4213435e-01;2.0750000e+02;2.6661107e-01;2.0750000e+02;2.5276572e-01;2.0750000e+02;2.2026581e-01;2.0750000e+02;1.4401658e-01;2.0750000e+02;7.9382986e-02;2.0750000e+02;2.6050925e-02;2.0750000e+02;-2.0531088e-02;2.0750000e+02;-6.3906476e-02;2.0750000e+02;-1.0705475e-01;2.0750000e+02;-1.4975546e-01;2.0750000e+02;-1.9177116e-01;2.0750000e+02;-8.0073029e-02;2.0750000e+02;-4.9870566e-02;2.0750000e+02;-1.4039762e-03;2.0750000e+02;6.0277663e-02;2.0750000e+02;1.3280797e-01;2.0750000e+02;1.8714647e-01;2.0750000e+02;2.4213435e-01;2.0750000e+02;2.6661107e-01;2.0750000e+02;2.5276572e-01;2.0750000e+02;2.2026581e-01;2.0750000e+02;1.4401658e-01;2.0750000e+02;7.9382986e-02;2.0750000e+02;2.6050925e-02;2.0750000e+02;-2.0531088e-02;2.0750000e+02;-6.3906476e-02;2.0750000e+02;-1.0705475e-01;2.0750000e+02;-1.4975546e-01;2.0750000e+02;-1.9177116e-01;2.0750000e+02;-8.0073029e-02;2.0750000e+02;-4.9870566e-02;2.0750000e+02;-1.4039762e-03;2.0750000e+02;6.0277663e-02;2.0750000e+02;1.3280797e-01;2.0750000e+02;1.8714647e-01;2.0750000e+02;2.4213435e-01;2.0750000e+02;2.6661107e-01;2.0750000e+02;2.5276572e-01;2.0750000e+02;2.2026581e-01;2.0750000e+02;1.4401658e-01;2.0750000e+02;7.9382986e-02;2.0750000e+02;2.6050925e-02;2.0750000e+02;-2.0531088e-02;2.0750000e+02;-6.3906476e-02;2.0750000e+02;-1.0705475e-01;2.0750000e+02;-1.4975546e-01;2.0750000e+02;-1.9177116e-01;2.0750000e+02;-8.0073029e-02;2.0750000e+02;-4.9870566e-02;2.0750000e+02;-1.4039762e-03;2.0750000e+02;6.0277663e-02;2.0750000e+02;1.3280797e-01;2.0750000e+02;1.8714647e-01;2.0750000e+02;2.4213435e-01;2.0750000e+02;2.6661107e-01;2.0750000e+02;2.5276572e-01;2.0750000e+02;2.2026581e-01;2.0750000e+02;1.4401658e-01;2.0750000e+02;7.9382986e-02;2.0750000e+02;2.6050925e-02;2.0750000e+02;-2.0531088e-02;2.0750000e+02;-6.3906476e-02;2.0750000e+02;-1.0705475e-01;2.0750000e+02;-1.4975546e-01;2.0750000e+02;-1.9177116e-01;2.0750000e+02;-8.0073029e-02;2.0750000e+02;-4.9870566e-02;2.0750000e+02;-1.4039762e-03;2.0750000e+02;6.0277663e-02;2.0750000e+02;1.3280797e-01;2.0750000e+02;1.8714647e-01;2.0750000e+02;2.4213435e-01;2.0750000e+02;2.6661107e-01;2.0750000e+02;2.5276572e-01;2.0750000e+02;2.2026581e-01;2.0750000e+02;1.4401658e-01;2.0750000e+02;7.9382986e-02;2.0750000e+02;2.6050925e-02;2.0750000e+02;-2.0531088e-02;2.0750000e+02;-6.3906476e-02;2.0750000e+02;-1.0705475e-01;2.0750000e+02;-1.4975546e-01;2.0750000e+02;-1.9177116e-01;2.0750000e+02;-8.0073029e-02;2.0750000e+02;-4.9870566e-02;2.0750000e+02;-1.4039762e-03;2.0750000e+02;6.0277663e-02;2.0750000e+02;1.3280797e-01;2.0750000e+02;1.8714647e-01;2.0750000e+02;2.4213435e-01;2.0750000e+02;2.6661107e-01;2.0750000e+02;2.5276572e-01;2.0750000e+02;2.2026581e-01;2.0750000e+02;1.4401658e-01;2.0750000e+02;7.9382986e-02;2.0750000e+02;2.6050925e-02;2.0750000e+02;-2.0531088e-02;2.0750000e+02;-6.3906476e-02;2.0750000e+02;-1.0705475e-01;2.0750000e+02;-1.4975546e-01;2.0750000e+02;-1.9177116e-01;2.0750000e+02;-8.0073029e-02;2.0750000e+02;-4.9870566e-02;2.0750000e+02;-1.4039762e-03;2.0750000e+02;6.0277663e-02;2.0750000e+02;1.3280797e-01;2.0750000e+02;1.8714647e-01;2.0750000e+02;2.4213435e-01;2.0750000e+02;2.6661107e-01;2.0750000e+02;2.5276572e-01;2.0750000e+02;2.2026581e-01;2.0750000e+02;1.4401658e-01;2.0750000e+02;7.9382986e-02;2.0750000e+02;2.6050925e-02;2.0750000e+02;-2.0531088e-02;2.0750000e+02;-6.3906476e-02;2.0750000e+02;-1.0705475e-01;2.0750000e+02;-1.4975546e-01;2.0750000e+02;-1.9177116e-01;2.0750000e+02;-8.0073029e-02;2.0750000e+02;-4.9870566e-02;2.0750000e+02;-1.4039762e-03;2.0750000e+02;6.0277663e-02;2.0750000e+02;1.3280797e-01;2.0750000e+02;1.8714647e-01;2.0750000e+02;2.4213435e-01;2.0750000e+02;2.6661107e-01;2.0750000e+02;2.5276572e-01;2.0750000e+02;2.2026581e-01;2.0750000e+02;1.4401658e-01;2.0750000e+02;7.9382986e-02;2.0750000e+02;2.6050925e-02;2.0750000e+02;-2.0531088e-02;2.0750000e+02;-6.3906476e-02;2.0750000e+02;-1.0705475e-01;2.0750000e+02;-1.4975546e-01;2.0750000e+02;-1.9177116e-01;2.0750000e+02;-8.0073029e-02;2.0750000e+02;-4.9870566e-02;2.0750000e+02;-1.4039762e-03;2.0750000e+02;6.0277663e-02;2.0750000e+02;1.3280797e-01;2.0750000e+02;1.8714647e-01;2.0750000e+02;2.4213435e-01;2.0750000e+02;2.6661107e-01;2.0750000e+02;2.5276572e-01;2.0750000e+02;2.2026581e-01;2.0750000e+02;1.4401658e-01;2.0750000e+02;7.9382986e-02;2.0750000e+02;2.6050925e-02;2.0750000e+02;-2.0531088e-02;2.0750000e+02;-6.3906476e-02;2.0750000e+02;-1.0705475e-01;2.0750000e+02;-1.4975546e-01;2.0750000e+02;-1.9177116e-01;2.0750000e+02;-8.0073029e-02;2.0750000e+02;-4.9870566e-02;2.0750000e+02;-1.4039762e-03;2.0750000e+02;6.0277663e-02;2.0750000e+02;1.3280797e-01;2.0750000e+02;1.8714647e-01;2.0750000e+02;2.4213435e-01;2.0750000e+02;2.6661107e-01;2.0750000e+02;2.5276572e-01;2.0750000e+02;2.2026581e-01;2.0750000e+02;1.4401658e-01;2.0750000e+02;7.9382986e-02;2.0750000e+02;2.6050925e-02;2.0750000e+02;-2.0531088e-02;2.0750000e+02;-6.3906476e-02;2.0750000e+02;-1.0705475e-01;2.0750000e+02;-1.4975546e-01;2.0750000e+02;-1.9177116e-01;2.0750000e+02;-8.0073029e-02;2.0750000e+02;-4.9870566e-02;2.0750000e+02;-1.4039762e-03;2.0750000e+02;6.0277663e-02;2.0750000e+02;1.3280797e-01;2.0750000e+02;1.8714647e-01;2.0750000e+02;2.4213435e-01;2.0750000e+02;2.6661107e-01;2.0750000e+02;2.5276572e-01;2.0750000e+02;2.2026581e-01;2.0750000e+02;1.4401658e-01;2.0750000e+02;7.9382986e-02;2.0750000e+02;2.6050925e-02;2.0750000e+02;-2.0531088e-02;2.0750000e+02;-6.3906476e-02;2.0750000e+02;-1.0705475e-01;2.0750000e+02;-1.4975546e-01;2.0750000e+02;-1.9177116e-01;2.0750000e+02;-8.0073029e-02;2.0750000e+02;-4.9870566e-02;2.0750000e+02;-1.4039762e-03;2.0750000e+02;6.0277663e-02;2.0750000e+02;1.3280797e-01;2.0750000e+02;1.8714647e-01;2.0750000e+02;2.4213435e-01;2.0750000e+02;2.6661107e-01;2.0750000e+02;2.5276572e-01;2.0750000e+02;2.2026581e-01;2.0750000e+02;1.4401658e-01;2.0750000e+02;7.9382986e-02;2.0750000e+02;2.6050925e-02;2.0750000e+02;-2.0531088e-02;2.0750000e+02;-6.3906476e-02;2.0750000e+02;-1.0705475e-01;2.0750000e+02;-1.4975546e-01;2.0750000e+02;-1.9177116e-01;2.0750000e+02;-8.0073029e-02;2.0750000e+02;-4.9870566e-02;2.0750000e+02;-1.4039762e-03;2.0750000e+02;6.0277663e-02;2.0750000e+02;1.3280797e-01;2.0750000e+02;1.8714647e-01;2.0750000e+02;2.4213435e-01;2.0750000e+02;2.6661107e-01;2.0750000e+02;2.5276572e-01;2.0750000e+02;2.2026581e-01;2.0750000e+02;1.4401658e-01;2.0750000e+02;7.9382986e-02;2.0750000e+02;2.6050925e-02;2.0750000e+02;-2.0531088e-02;2.0750000e+02;-6.3906476e-02;2.0750000e+02;-1.0705475e-01;2.0750000e+02;-1.4975546e-01;2.0750000e+02;-1.9177116e-01;2.0750000e+02;-8.0073029e-02;2.0750000e+02;-4.9870566e-02;2.0750000e+02;-1.4039762e-03;2.0750000e+02;6.0277663e-02;2.0750000e+02;1.3280797e-01;2.0750000e+02;1.8714647e-01;2.0750000e+02;2.4213435e-01;2.0750000e+02;2.6661107e-01;2.0750000e+02;2.5276572e-01;2.0750000e+02;2.2026581e-01;2.0750000e+02;1.4401658e-01;2.0750000e+02;7.9382986e-02;2.0750000e+02;2.6050925e-02;2.0750000e+02;-2.0531088e-02;2.0750000e+02;-6.3906476e-02;2.0750000e+02;-1.0705475e-01;2.0750000e+02;-1.4975546e-01;2.0750000e+02;-1.9177116e-01;2.0750000e+02;-8.0073029e-02;2.0750000e+02;-4.9870566e-02;2.0750000e+02;-1.4039762e-03;2.0750000e+02;6.0277663e-02;2.0750000e+02;1.3280797e-01;2.0750000e+02;1.8714647e-01;2.0750000e+02;2.4213435e-01;2.0750000e+02;2.6661107e-01;2.0750000e+02;2.5276572e-01;2.0750000e+02;2.2026581e-01;2.0750000e+02;1.4401658e-01;2.0750000e+02;7.9382986e-02;2.0750000e+02;2.6050925e-02;2.0750000e+02;-2.0531088e-02;2.0750000e+02;-6.3906476e-02;2.0750000e+02;-1.0705475e-01;2.0750000e+02;-1.4975546e-01;2.0750000e+02;-1.9177116e-01;2.0750000e+02;-8.0073029e-02;2.0750000e+02;-4.9870566e-02;2.0750000e+02;-1.4039762e-03;2.0750000e+02;6.0277663e-02;2.0750000e+02;1.3280797e-01;2.0750000e+02;1.8714647e-01;2.0750000e+02;2.4213435e-01;2.0750000e+02;2.6661107e-01;2.0750000e+02;2.5276572e-01;2.0750000e+02;2.2026581e-01;2.0750000e+02;1.4401658e-01;2.0750000e+02;7.9382986e-02;2.0750000e+02;2.6050925e-02;2.0750000e+02;-2.0531088e-02;2.0750000e+02;-6.3906476e-02;2.0750000e+02;-1.0705475e-01;2.0750000e+02;-1.4975546e-01;2.0750000e+02;-1.9177116e-01;2.0750000e+02;-8.0073029e-02;2.0750000e+02;-4.9870566e-02;2.0750000e+02;-1.4039762e-03;2.0750000e+02;6.0277663e-02;2.0750000e+02;1.3280797e-01;2.0750000e+02;1.8714647e-01;2.0750000e+02;2.4213435e-01;2.0750000e+02;2.6661107e-01;2.0750000e+02;2.5276572e-01;2.0750000e+02;2.2026581e-01;2.0750000e+02;1.4401658e-01;2.0750000e+02;7.9382986e-02;2.0750000e+02;2.6050925e-02;2.0750000e+02;-2.0531088e-02;2.0750000e+02;-6.3906476e-02;2.0750000e+02;-1.0705475e-01;2.0750000e+02;-1.4975546e-01;2.0750000e+02;-1.9177116e-01;2.0750000e+02;-8.0073029e-02;2.0750000e+02;-4.9870566e-02;2.0750000e+02;-1.4039762e-03;2.0750000e+02;6.0277663e-02;2.0750000e+02;1.3280797e-01;2.0750000e+02;1.8714647e-01;2.0750000e+02;2.4213435e-01;2.0750000e+02;2.6661107e-01;2.0750000e+02;2.5276572e-01;2.0750000e+02;2.2026581e-01;2.0750000e+02;1.4401658e-01;2.0750000e+02;7.9382986e-02;2.0750000e+02;2.6050925e-02;2.0750000e+02;-2.0531088e-02;2.0750000e+02;-6.3906476e-02;2.0750000e+02;-1.0705475e-01;2.0750000e+02;-1.4975546e-01;2.0750000e+02;-1.9177116e-01;2.0750000e+02;-8.0073029e-02;2.0750000e+02;-4.9870566e-02;2.0750000e+02;-1.4039762e-03;2.0750000e+02;6.0277663e-02;2.0750000e+02;1.3280797e-01;2.0750000e+02;1.8714647e-01;2.0750000e+02;2.4213435e-01;2.0750000e+02;2.6661107e-01;2.0750000e+02;2.5276572e-01;2.0750000e+02;2.2026581e-01;2.0750000e+02;1.4401658e-01;2.0750000e+02;7.9382986e-02;2.0750000e+02;2.6050925e-02;2.0750000e+02;-2.0531088e-02;2.0750000e+02;-6.3906476e-02;2.0750000e+02;-1.0705475e-01;2.0750000e+02;-1.4975546e-01;2.0750000e+02;-1.9177116e-01;2.0750000e+02;-8.0073029e-02;2.0750000e+02;-4.9870566e-02;2.0750000e+02;-1.4039762e-03;2.0750000e+02;6.0277663e-02;2.0750000e+02;1.3280797e-01;2.0750000e+02;1.8714647e-01;2.0750000e+02;2.4213435e-01;2.0750000e+02;2.6661107e-01;2.0750000e+02;2.5276572e-01;2.0750000e+02;2.2026581e-01;2.0750000e+02;1.4401658e-01;2.0750000e+02;7.9382986e-02;2.0750000e+02;2.6050925e-02;2.0750000e+02;-2.0531088e-02;2.0750000e+02;-6.3906476e-02;2.0750000e+02;-1.0705475e-01;2.0750000e+02;-1.4975546e-01;2.0750000e+02;-1.9177116e-01;2.0750000e+02;-8.0073029e-02;2.0750000e+02;-4.9870566e-02;2.0750000e+02;-1.4039762e-03;2.0750000e+02;6.0277663e-02;2.0750000e+02;1.3280797e-01;2.0750000e+02;1.8714647e-01;2.0750000e+02;2.4213435e-01;2.0750000e+02;2.6661107e-01;2.0750000e+02;2.5276572e-01;2.0750000e+02;2.2026581e-01;2.0750000e+02;1.4401658e-01;2.0750000e+02;7.9382986e-02;2.0750000e+02;2.6050925e-02;2.0750000e+02;-2.0531088e-02;2.0750000e+02;-6.3906476e-02;2.0750000e+02;-1.0705475e-01;2.0750000e+02;-1.4975546e-01;2.0750000e+02;-1.9177116e-01;2.0750000e+02;-8.0073029e-02;2.0750000e+02;-4.9870566e-02;2.0750000e+02;-1.4039762e-03;2.0750000e+02;6.0277663e-02;2.0750000e+02;1.3280797e-01;2.0750000e+02;1.8714647e-01;2.0750000e+02;2.4213435e-01;2.0750000e+02;2.6661107e-01;2.0750000e+02;2.5276572e-01;2.0750000e+02;2.2026581e-01;2.0750000e+02;1.4401658e-01;2.0750000e+02;7.9382986e-02;2.0750000e+02;2.6050925e-02;2.0750000e+02;-2.0531088e-02;2.0750000e+02;-6.3906476e-02;2.0750000e+02;-1.0705475e-01;2.0750000e+02;-1.4975546e-01;2.0750000e+02;-1.9177116e-01;2.0750000e+02;-8.0073029e-02;2.0750000e+02;-4.9870566e-02;2.0750000e+02;-1.4039762e-03;2.0750000e+02;6.0277663e-02;2.0750000e+02;1.3280797e-01;2.0750000e+02;1.8714647e-01;2.0750000e+02;2.4213435e-01;2.0750000e+02;2.6661107e-01;2.0750000e+02;2.5276572e-01;2.0750000e+02;2.2026581e-01;2.0750000e+02;1.4401658e-01;2.0750000e+02;7.9382986e-02;2.0750000e+02;2.6050925e-02;2.0750000e+02;-2.0531088e-02;2.0750000e+02;-6.3906476e-02;2.0750000e+02;-1.0705475e-01;2.0750000e+02;-1.4975546e-01;2.0750000e+02;-1.9177116e-01;2.0750000e+02;-8.0073029e-02;2.0750000e+02;-4.9870566e-02;2.0750000e+02;-1.4039762e-03;2.0750000e+02;6.0277663e-02;2.0750000e+02;1.3280797e-01;2.0750000e+02;1.8714647e-01;2.0750000e+02;2.4213435e-01;2.0750000e+02;2.6661107e-01;2.0750000e+02;2.5276572e-01;2.0750000e+02;2.2026581e-01;2.0750000e+02;1.4401658e-01;2.0750000e+02;7.9382986e-02;2.0750000e+02;2.6050925e-02;2.0750000e+02;-2.0531088e-02;2.0750000e+02;-6.3906476e-02;2.0750000e+02;-1.0705475e-01;2.0750000e+02;-1.4975546e-01;2.0750000e+02;-1.9177116e-01;2.0750000e+02;-8.0073029e-02;2.0750000e+02;-4.9870566e-02;2.0750000e+02;-1.4039762e-03;2.0750000e+02;6.0277663e-02;2.0750000e+02;1.3280797e-01;2.0750000e+02;1.8714647e-01;2.0750000e+02;2.4213435e-01;2.0750000e+02;2.6661107e-01;2.0750000e+02;2.5276572e-01;2.0750000e+02;2.2026581e-01;2.0750000e+02;1.4401658e-01;2.0750000e+02;7.9382986e-02;2.0750000e+02;2.6050925e-02;2.0750000e+02;-2.0531088e-02;2.0750000e+02;-6.3906476e-02;2.0750000e+02;-1.0705475e-01;2.0750000e+02;-1.4975546e-01;2.0750000e+02;-1.9177116e-01;2.0750000e+02;-8.0073029e-02;2.0750000e+02;-4.9870566e-02;2.0750000e+02;-1.4039762e-03;2.0750000e+02;6.0277663e-02;2.0750000e+02;1.3280797e-01;2.0750000e+02;1.8714647e-01;2.0750000e+02;2.4213435e-01;2.0750000e+02;2.6661107e-01;2.0750000e+02;2.5276572e-01;2.0750000e+02;2.2026581e-01;2.0750000e+02;1.4401658e-01;2.0750000e+02;7.9382986e-02;2.0750000e+02;2.6050925e-02;2.0750000e+02;-2.0531088e-02;2.0750000e+02;-6.3906476e-02;2.0750000e+02;-1.0705475e-01;2.0750000e+02;-1.4975546e-01;2.0750000e+02;-1.9177116e-01;2.0750000e+02;-8.0073029e-02;2.0750000e+02;-4.9870566e-02;2.0750000e+02;-1.4039762e-03;2.0750000e+02;6.0277663e-02;2.0750000e+02;1.3280797e-01;2.0750000e+02;1.8714647e-01;2.0750000e+02;2.4213435e-01;2.0750000e+02;2.6661107e-01;2.0750000e+02;2.5276572e-01;2.0750000e+02;2.2026581e-01;2.0750000e+02;1.4401658e-01;2.0750000e+02;7.9382986e-02;2.0750000e+02;2.6050925e-02;2.0750000e+02;-2.0531088e-02;2.0750000e+02;-6.3906476e-02;2.0750000e+02;-1.0705475e-01;2.0750000e+02;-1.4975546e-01;2.0750000e+02;-1.9177116e-01;2.0750000e+02;-8.0073029e-02;2.0750000e+02;-4.9870566e-02;2.0750000e+02;-1.4039762e-03;2.0750000e+02;6.0277663e-02;2.0750000e+02;1.3280797e-01;2.0750000e+02;1.8714647e-01;2.0750000e+02;2.4213435e-01;2.0750000e+02;2.6661107e-01;2.0750000e+02;2.5276572e-01;2.0750000e+02;2.2026581e-01;2.0750000e+02;1.4401658e-01;2.0750000e+02;7.9382986e-02;2.0750000e+02;2.6050925e-02;2.0750000e+02;-2.0531088e-02;2.0750000e+02;-6.3906476e-02;2.0750000e+02;-1.0705475e-01;2.0750000e+02;-1.4975546e-01;2.0750000e+02;-1.9177116e-01;2.0750000e+02;-8.0073029e-02;2.0750000e+02;-4.9870566e-02;2.0750000e+02;-1.4039762e-03;2.0750000e+02;6.0277663e-02;2.0750000e+02;1.3280797e-01;2.0750000e+02;1.8714647e-01;2.0750000e+02;2.4213435e-01;2.0750000e+02;2.6661107e-01;2.0750000e+02;2.5276572e-01;2.0750000e+02;2.2026581e-01;2.0750000e+02;1.4401658e-01;2.0750000e+02;7.9382986e-02;2.0750000e+02;2.6050925e-02;2.0750000e+02;-2.0531088e-02;2.0750000e+02;-6.3906476e-02;2.0750000e+02;-1.0705475e-01;2.0750000e+02;-1.4975546e-01;2.0750000e+02;-1.9177116e-01;2.0750000e+02;-8.0073029e-02;2.0750000e+02;-4.9870566e-02;2.0750000e+02;-1.4039762e-03;2.0750000e+02;6.0277663e-02;2.0750000e+02;1.3280797e-01;2.0750000e+02;1.8714647e-01;2.0750000e+02;2.4213435e-01;2.0750000e+02;2.6661107e-01;2.0750000e+02;2.5276572e-01;2.0750000e+02;2.2026581e-01;2.0750000e+02;1.4401658e-01;2.0750000e+02;7.9382986e-02;2.0750000e+02;2.6050925e-02;2.0750000e+02;-2.0531088e-02;2.0750000e+02;-6.3906476e-02;2.0750000e+02;-1.0705475e-01;2.0750000e+02;-1.4975546e-01;2.0750000e+02;-1.9177116e-01;2.0750000e+02;-8.0073029e-02;2.0750000e+02;-4.9870566e-02;2.0750000e+02;-1.4039762e-03;2.0750000e+02;6.0277663e-02;2.0750000e+02;1.3280797e-01;2.0750000e+02;1.8714647e-01;2.0750000e+02;2.4213435e-01;2.0750000e+02;2.6661107e-01;2.0750000e+02;2.5276572e-01;2.0750000e+02;2.2026581e-01;2.0750000e+02;1.4401658e-01;2.0750000e+02;7.9382986e-02;2.0750000e+02;2.6050925e-02;2.0750000e+02;-2.0531088e-02;2.0750000e+02;-6.3906476e-02;2.0750000e+02;-1.0705475e-01;2.0750000e+02;-1.4975546e-01;2.0750000e+02;-1.9177116e-01;2.0750000e+02;-8.0073029e-02;2.0750000e+02;-4.9870566e-02;2.0750000e+02;-1.4039762e-03;2.0750000e+02;6.0277663e-02;2.0750000e+02;1.3280797e-01;2.0750000e+02;1.8714647e-01;2.0750000e+02;2.4213435e-01;2.0750000e+02;2.6661107e-01;2.0750000e+02;2.5276572e-01;2.0750000e+02;2.2026581e-01;2.0750000e+02;1.4401658e-01;2.0750000e+02;7.9382986e-02;2.0750000e+02;2.6050925e-02;2.0750000e+02;-2.0531088e-02;2.0750000e+02;-6.3906476e-02;2.0750000e+02;-1.0705475e-01;2.0750000e+02;-1.4975546e-01;2.0750000e+02;-1.9177116e-01;2.0750000e+02;-8.0073029e-02;2.0750000e+02;-4.9870566e-02;2.0750000e+02;-1.4039762e-03;2.0750000e+02;6.0277663e-02;2.0750000e+02;1.3280797e-01;2.0750000e+02;1.8714647e-01;2.0750000e+02;2.4213435e-01;2.0750000e+02;2.6661107e-01;2.0750000e+02;2.5276572e-01;2.0750000e+02;2.2026581e-01;2.0750000e+02;1.4401658e-01;2.0750000e+02;7.9382986e-02;2.0750000e+02;2.6050925e-02;2.0750000e+02;-2.0531088e-02;2.0750000e+02;-6.3906476e-02;2.0750000e+02;-1.0705475e-01;2.0750000e+02;-1.4975546e-01;2.0750000e+02;-1.9177116e-01;2.0750000e+02;-8.0073029e-02;2.0750000e+02;-4.9870566e-02;2.0750000e+02;-1.4039762e-03;2.0750000e+02;6.0277663e-02;2.0750000e+02;1.3280797e-01;2.0750000e+02;1.8714647e-01;2.0750000e+02;2.4213435e-01;2.0750000e+02;2.6661107e-01;2.0750000e+02;2.5276572e-01;2.0750000e+02;2.2026581e-01;2.0750000e+02;1.4401658e-01;2.0750000e+02;7.9382986e-02;2.0750000e+02;2.6050925e-02;2.0750000e+02;-2.0531088e-02;2.0750000e+02;-6.3906476e-02;2.0750000e+02;-1.0705475e-01;2.0750000e+02;-1.4975546e-01;2.0750000e+02;-1.9177116e-01;2.0750000e+02;-8.0073029e-02;2.0750000e+02;-4.9870566e-02;2.0750000e+02;-1.4039762e-03;2.0750000e+02;6.0277663e-02;2.0750000e+02;1.3280797e-01;2.0750000e+02;1.8714647e-01;2.0750000e+02;2.4213435e-01;2.0750000e+02;2.6661107e-01;2.0750000e+02;2.5276572e-01;2.0750000e+02;2.2026581e-01;2.0750000e+02;1.4401658e-01;2.0750000e+02;7.9382986e-02;2.0750000e+02;2.6050925e-02;2.0750000e+02;-2.0531088e-02;2.0750000e+02;-6.3906476e-02;2.0750000e+02;-1.0705475e-01;2.0750000e+02;-1.4975546e-01;2.0750000e+02;-1.9177116e-01;2.0750000e+02;-8.0073029e-02;2.0750000e+02;-4.9870566e-02;2.0750000e+02;-1.4039762e-03;2.0750000e+02;6.0277663e-02;2.0750000e+02;1.3280797e-01;2.0750000e+02;1.8714647e-01;2.0750000e+02;2.4213435e-01;2.0750000e+02;2.6661107e-01;2.0750000e+02;2.5276572e-01;2.0750000e+02;2.2026581e-01;2.0750000e+02;1.4401658e-01;2.0750000e+02;7.9382986e-02;2.0750000e+02;2.6050925e-02;2.0750000e+02;-2.0531088e-02;2.0750000e+02;-6.3906476e-02;2.0750000e+02;-1.0705475e-01;2.0750000e+02;-1.4975546e-01;2.0750000e+02;-1.9177116e-01;2.0750000e+02;-8.0073029e-02;2.0750000e+02;-4.9870566e-02;2.0750000e+02;-1.4039762e-03;2.0750000e+02;6.0277663e-02;2.0750000e+02;1.3280797e-01;2.0750000e+02;1.8714647e-01;2.0750000e+02;2.4213435e-01;2.0750000e+02;2.6661107e-01;2.0750000e+02;2.5276572e-01;2.0750000e+02;2.2026581e-01;2.0750000e+02;1.4401658e-01;2.0750000e+02;7.9382986e-02;2.0750000e+02;2.6050925e-02;2.0750000e+02;-2.0531088e-02;2.0750000e+02;-6.3906476e-02;2.0750000e+02;-1.0705475e-01;2.0750000e+02;-1.4975546e-01;2.0750000e+02;-1.9177116e-01;2.0750000e+02;-8.0073029e-02;2.0750000e+02;-4.9870566e-02;2.0750000e+02;-1.4039762e-03;2.0750000e+02;6.0277663e-02;2.0750000e+02;1.3280797e-01;2.0750000e+02;1.8714647e-01;2.0750000e+02;2.4213435e-01;2.0750000e+02;2.6661107e-01;2.0750000e+02;2.5276572e-01;2.0750000e+02;2.2026581e-01;2.0750000e+02;1.4401658e-01;2.0750000e+02;7.9382986e-02;2.0750000e+02;2.6050925e-02;2.0750000e+02;-2.0531088e-02;2.0750000e+02;-6.3906476e-02;2.0750000e+02;-1.0705475e-01;2.0750000e+02;-1.4975546e-01;2.0750000e+02;-1.9177116e-01;2.0750000e+02;-8.0073029e-02;2.0750000e+02;-4.9870566e-02;2.0750000e+02;-1.4039762e-03;2.0750000e+02;6.0277663e-02;2.0750000e+02;1.3280797e-01;2.0750000e+02;1.8714647e-01;2.0750000e+02;2.4213435e-01;2.0750000e+02;2.6661107e-01;2.0750000e+02;2.5276572e-01;2.0750000e+02;2.2026581e-01;2.0750000e+02;1.4401658e-01;2.0750000e+02;7.9382986e-02;2.0750000e+02;2.6050925e-02;2.0750000e+02;-2.0531088e-02;2.0750000e+02;-6.3906476e-02;2.0750000e+02;-1.0705475e-01;2.0750000e+02;-1.4975546e-01;2.0750000e+02;-1.9177116e-01;2.0750000e+02;-8.0073029e-02;2.0750000e+02;-4.9870566e-02;2.0750000e+02;-1.4039762e-03;2.0750000e+02;6.0277663e-02;2.0750000e+02;1.3280797e-01;2.0750000e+02;1.8714647e-01;2.0750000e+02;2.4213435e-01;2.0750000e+02;2.6661107e-01;2.0750000e+02;2.5276572e-01;2.0750000e+02;2.2026581e-01;2.0750000e+02;1.4401658e-01;2.0750000e+02;7.9382986e-02;2.0750000e+02;2.6050925e-02;2.0750000e+02;-2.0531088e-02;2.0750000e+02;-6.3906476e-02;2.0750000e+02;-1.0705475e-01;2.0750000e+02;-1.4975546e-01;2.0750000e+02;-1.9177116e-01;2.0750000e+02;-8.0073029e-02;2.0750000e+02;-4.9870566e-02;2.0750000e+02;-1.4039762e-03;2.0750000e+02;6.0277663e-02;2.0750000e+02;1.3280797e-01;2.0750000e+02;1.8714647e-01;2.0750000e+02;2.4213435e-01;2.0750000e+02;2.6661107e-01;2.0750000e+02;2.5276572e-01;2.0750000e+02;2.2026581e-01;2.0750000e+02;1.4401658e-01;2.0750000e+02;7.9382986e-02;2.0750000e+02;2.6050925e-02;2.0750000e+02;-2.0531088e-02;2.0750000e+02;-6.3906476e-02;2.0750000e+02;-1.0705475e-01;2.0750000e+02;-1.4975546e-01;2.0750000e+02;-1.9177116e-01;2.0750000e+02;-8.0073029e-02;2.0750000e+02;-4.9870566e-02;2.0750000e+02;-1.4039762e-03;2.0750000e+02;6.0277663e-02;2.0750000e+02;1.3280797e-01;2.0750000e+02;1.8714647e-01;2.0750000e+02;2.4213435e-01;2.0750000e+02;2.6661107e-01;2.0750000e+02;2.5276572e-01;2.0750000e+02;2.2026581e-01;2.0750000e+02;1.4401658e-01;2.0750000e+02;7.9382986e-02;2.0750000e+02;2.6050925e-02;2.0750000e+02;-2.0531088e-02;2.0750000e+02;-6.3906476e-02;2.0750000e+02;-1.0705475e-01;2.0750000e+02;-1.4975546e-01;2.0750000e+02;-1.9177116e-01;2.0750000e+02;-8.0073029e-02;2.0750000e+02;-4.9870566e-02;2.0750000e+02;-1.4039762e-03;2.0750000e+02;6.0277663e-02;2.0750000e+02;1.3280797e-01;2.0750000e+02;1.8714647e-01;2.0750000e+02;2.4213435e-01;2.0750000e+02;2.6661107e-01;2.0750000e+02;2.5276572e-01;2.0750000e+02;2.2026581e-01;2.0750000e+02;1.4401658e-01;2.0750000e+02;7.9382986e-02;2.0750000e+02;2.6050925e-02;2.0750000e+02;-2.0531088e-02;2.0750000e+02;-6.3906476e-02;2.0750000e+02;-1.0705475e-01;2.0750000e+02;-1.4975546e-01;2.0750000e+02;-1.9177116e-01;2.0750000e+02;-8.0073029e-02;2.0750000e+02;-4.9870566e-02;2.0750000e+02;-1.4039762e-03;2.0750000e+02;6.0277663e-02;2.0750000e+02;1.3280797e-01;2.0750000e+02;1.8714647e-01;2.0750000e+02;2.4213435e-01;2.0750000e+02;2.6661107e-01;2.0750000e+02;2.5276572e-01;2.0750000e+02;2.2026581e-01;2.0750000e+02;1.4401658e-01;2.0750000e+02;7.9382986e-02;2.0750000e+02;2.6050925e-02;2.0750000e+02;-2.0531088e-02;2.0750000e+02;-6.3906476e-02;2.0750000e+02;-1.0705475e-01;2.0750000e+02;-1.4975546e-01;2.0750000e+02;-1.9177116e-01;2.0750000e+02;-8.0073029e-02;2.0750000e+02;-4.9870566e-02;2.0750000e+02;-1.4039762e-03;2.0750000e+02;6.0277663e-02;2.0750000e+02;1.3280797e-01;2.0750000e+02;1.8714647e-01;2.0750000e+02;2.4213435e-01;2.0750000e+02;2.6661107e-01;2.0750000e+02;2.5276572e-01;2.0750000e+02;2.2026581e-01;2.0750000e+02;1.4401658e-01;2.0750000e+02;7.9382986e-02;2.0750000e+02;2.6050925e-02;2.0750000e+02;-2.0531088e-02;2.0750000e+02;-6.3906476e-02;2.0750000e+02;-1.0705475e-01;2.0750000e+02;-1.4975546e-01;2.0750000e+02;-1.9177116e-01;2.0750000e+02;-8.0073029e-02;2.0750000e+02;-4.9870566e-02;2.0750000e+02;-1.4039762e-03;2.0750000e+02;6.0277663e-02;2.0750000e+02;1.3280797e-01;2.0750000e+02;1.8714647e-01;2.0750000e+02;2.4213435e-01;2.0750000e+02;2.6661107e-01;2.0750000e+02;2.5276572e-01;2.0750000e+02;2.2026581e-01;2.0750000e+02;1.4401658e-01;2.0750000e+02;7.9382986e-02;2.0750000e+02;2.6050925e-02;2.0750000e+02;-2.0531088e-02;2.0750000e+02;-6.3906476e-02;2.0750000e+02;-1.0705475e-01;2.0750000e+02;-1.4975546e-01;2.0750000e+02;-1.9177116e-01;2.0750000e+02;-8.0073029e-02;2.0750000e+02;-4.9870566e-02;2.0750000e+02;-1.4039762e-03;2.0750000e+02;6.0277663e-02;2.0750000e+02;1.3280797e-01;2.0750000e+02;1.8714647e-01;2.0750000e+02;2.4213435e-01;2.0750000e+02;2.6661107e-01;2.0750000e+02;2.5276572e-01;2.0750000e+02;2.2026581e-01;2.0750000e+02;1.4401658e-01;2.0750000e+02;7.9382986e-02;2.0750000e+02;2.6050925e-02;2.0750000e+02;-2.0531088e-02;2.0750000e+02;-6.3906476e-02;2.0750000e+02;-1.0705475e-01;2.0750000e+02;-1.4975546e-01;2.0750000e+02;-1.9177116e-01;2.0750000e+02;-8.0073029e-02;2.0750000e+02;-4.9870566e-02;2.0750000e+02;-1.4039762e-03;2.0750000e+02;6.0277663e-02;2.0750000e+02;1.3280797e-01;2.0750000e+02;1.8714647e-01;2.0750000e+02;2.4213435e-01;2.0750000e+02;2.6661107e-01;2.0750000e+02;2.5276572e-01;2.0750000e+02;2.2026581e-01;2.0750000e+02;1.4401658e-01;2.0750000e+02;7.9382986e-02;2.0750000e+02;2.6050925e-02;2.0750000e+02;-2.0531088e-02;2.0750000e+02;-6.3906476e-02;2.0750000e+02;-1.0705475e-01;2.0750000e+02;-1.4975546e-01;2.0750000e+02;-1.9177116e-01;2.0750000e+02;-8.0073029e-02;2.0750000e+02;-4.9870566e-02;2.0750000e+02;-1.4039762e-03;2.0750000e+02;6.0277663e-02;2.0750000e+02;1.3280797e-01;2.0750000e+02;1.8714647e-01;2.0750000e+02;2.4213435e-01;2.0750000e+02;2.6661107e-01;2.0750000e+02;2.5276572e-01;2.0750000e+02;2.2026581e-01;2.0750000e+02;1.4401658e-01;2.0750000e+02;7.9382986e-02;2.0750000e+02;2.6050925e-02;2.0750000e+02;-2.0531088e-02;2.0750000e+02;-6.3906476e-02;2.0750000e+02;-1.0705475e-01;2.0750000e+02;-1.4975546e-01;2.0750000e+02;-1.9177116e-01;2.0750000e+02;-8.0073029e-02;2.0750000e+02;-4.9870566e-02;2.0750000e+02;-1.4039762e-03;2.0750000e+02;6.0277663e-02;2.0750000e+02;1.3280797e-01;2.0750000e+02;1.8714647e-01;2.0750000e+02;2.4213435e-01;2.0750000e+02;2.6661107e-01;2.0750000e+02;2.5276572e-01;2.0750000e+02;2.2026581e-01;2.0750000e+02;1.4401658e-01;2.0750000e+02;7.9382986e-02;2.0750000e+02;2.6050925e-02;2.0750000e+02;-2.0531088e-02;2.0750000e+02;-6.3906476e-02;2.0750000e+02;-1.0705475e-01;2.0750000e+02;-1.4975546e-01;2.0750000e+02;-1.9177116e-01;2.0750000e+02;-8.0073029e-02;2.0750000e+02;-4.9870566e-02;2.0750000e+02;-1.4039762e-03;2.0750000e+02;6.0277663e-02;2.0750000e+02;1.3280797e-01;2.0750000e+02;1.8714647e-01;2.0750000e+02;2.4213435e-01;2.0750000e+02;2.6661107e-01;2.0750000e+02;2.5276572e-01;2.0750000e+02;2.2026581e-01;2.0750000e+02;1.4401658e-01;2.0750000e+02;7.9382986e-02;2.0750000e+02;2.6050925e-02;2.0750000e+02;-2.0531088e-02;2.0750000e+02;-6.3906476e-02;2.0750000e+02;-1.0705475e-01;2.0750000e+02;-1.4975546e-01;2.0750000e+02;-1.9177116e-01;2.0750000e+02;-8.0073029e-02;2.0750000e+02;-4.9870566e-02;2.0750000e+02;-1.4039762e-03;2.0750000e+02;6.0277663e-02;2.0750000e+02;1.3280797e-01;2.0750000e+02;1.8714647e-01;2.0750000e+02;2.4213435e-01;2.0750000e+02;2.6661107e-01;2.0750000e+02;2.5276572e-01;2.0750000e+02;2.2026581e-01;2.0750000e+02;1.4401658e-01;2.0750000e+02;7.9382986e-02;2.0750000e+02;2.6050925e-02;2.0750000e+02;-2.0531088e-02;2.0750000e+02;-6.3906476e-02;2.0750000e+02;-1.0705475e-01;2.0750000e+02;-1.4975546e-01;2.0750000e+02;-1.9177116e-01;2.0750000e+02;-8.0073029e-02;2.0750000e+02;-4.9870566e-02;2.0750000e+02;-1.4039762e-03;2.0750000e+02;6.0277663e-02;2.0750000e+02;1.3280797e-01;2.0750000e+02;1.8714647e-01;2.0750000e+02;2.4213435e-01;2.0750000e+02;2.6661107e-01;2.0750000e+02;2.5276572e-01;2.0750000e+02;2.2026581e-01;2.0750000e+02;1.4401658e-01;2.0750000e+02;7.9382986e-02;2.0750000e+02;2.6050925e-02;2.0750000e+02;-2.0531088e-02;2.0750000e+02;-6.3906476e-02;2.0750000e+02;-1.0705475e-01;2.0750000e+02;-1.4975546e-01;2.0750000e+02;-1.9177116e-01;2.0750000e+02;-8.0073029e-02;2.0750000e+02;-4.9870566e-02;2.0750000e+02;-1.4039762e-03;2.0750000e+02;6.0277663e-02;2.0750000e+02;1.3280797e-01;2.0750000e+02;1.8714647e-01;2.0750000e+02;2.4213435e-01;2.0750000e+02;2.6661107e-01;2.0750000e+02;2.5276572e-01;2.0750000e+02;2.2026581e-01;2.0750000e+02;1.4401658e-01;2.0750000e+02;7.9382986e-02;2.0750000e+02;2.6050925e-02;2.0750000e+02;-2.0531088e-02;2.0750000e+02;-6.3906476e-02;2.0750000e+02;-1.0705475e-01;2.0750000e+02;-1.4975546e-01;2.0750000e+02;-1.9177116e-01;2.0750000e+02;-8.0073029e-02;2.0750000e+02;-4.9870566e-02;2.0750000e+02;-1.4039762e-03;2.0750000e+02;6.0277663e-02;2.0750000e+02;1.3280797e-01;2.0750000e+02;1.8714647e-01;2.0750000e+02;2.4213435e-01;2.0750000e+02;2.6661107e-01;2.0750000e+02;2.5276572e-01;2.0750000e+02;2.2026581e-01;2.0750000e+02;1.4401658e-01;2.0750000e+02;7.9382986e-02;2.0750000e+02;2.6050925e-02;2.0750000e+02;-2.0531088e-02;2.0750000e+02;-6.3906476e-02;2.0750000e+02;-1.0705475e-01;2.0750000e+02;-1.4975546e-01;2.0750000e+02;-1.9177116e-01;2.0750000e+02;-8.0073029e-02;2.0750000e+02;-4.9870566e-02;2.0750000e+02;-1.4039762e-03;2.0750000e+02;6.0277663e-02;2.0750000e+02;1.3280797e-01;2.0750000e+02;1.8714647e-01;2.0750000e+02;2.4213435e-01;2.0750000e+02;2.6661107e-01;2.0750000e+02;2.5276572e-01;2.0750000e+02;2.2026581e-01;2.0750000e+02;1.4401658e-01;2.0750000e+02;7.9382986e-02;2.0750000e+02;2.6050925e-02;2.0750000e+02;-2.0531088e-02;2.0750000e+02;-6.3906476e-02;2.0750000e+02;-1.0705475e-01;2.0750000e+02;-1.4975546e-01;2.0750000e+02;-1.9177116e-01;2.0750000e+02;-8.0073029e-02;2.0750000e+02;-4.9870566e-02;2.0750000e+02;-1.4039762e-03;2.0750000e+02;6.0277663e-02;2.0750000e+02;1.3280797e-01;2.0750000e+02;1.8714647e-01;2.0750000e+02;2.4213435e-01;2.0750000e+02;2.6661107e-01;2.0750000e+02;2.5276572e-01;2.0750000e+02;2.2026581e-01;2.0750000e+02;1.4401658e-01;2.0750000e+02;7.9382986e-02;2.0750000e+02;2.6050925e-02;2.0750000e+02;-2.0531088e-02;2.0750000e+02;-6.3906476e-02;2.0750000e+02;-1.0705475e-01;2.0750000e+02;-1.4975546e-01;2.0750000e+02;-1.9177116e-01;2.0750000e+02;-8.0073029e-02;2.0750000e+02;-4.9870566e-02;2.0750000e+02;-1.4039762e-03;2.0750000e+02;6.0277663e-02;2.0750000e+02;1.3280797e-01;2.0750000e+02;1.8714647e-01;2.0750000e+02;2.4213435e-01;2.0750000e+02;2.6661107e-01;2.0750000e+02;2.5276572e-01;2.0750000e+02;2.2026581e-01;2.0750000e+02;1.4401658e-01;2.0750000e+02;7.9382986e-02;2.0750000e+02;2.6050925e-02;2.0750000e+02;-2.0531088e-02;2.0750000e+02;-6.3906476e-02;2.0750000e+02;-1.0705475e-01;2.0750000e+02;-1.4975546e-01;2.0750000e+02;-1.9177116e-01;2.0750000e+02;-8.0073029e-02;2.0750000e+02;-4.9870566e-02;2.0750000e+02;-1.4039762e-03;2.0750000e+02;6.0277663e-02;2.0750000e+02;1.3280797e-01;2.0750000e+02;1.8714647e-01;2.0750000e+02;2.4213435e-01;2.0750000e+02;2.6661107e-01;2.0750000e+02;2.5276572e-01;2.0750000e+02;2.2026581e-01;2.0750000e+02;1.4401658e-01;2.0750000e+02;7.9382986e-02;2.0750000e+02;2.6050925e-02;2.0750000e+02;-2.0531088e-02;2.0750000e+02;-6.3906476e-02;2.0750000e+02;-1.0705475e-01;2.0750000e+02;-1.4975546e-01;2.0750000e+02;-1.9177116e-01;2.0750000e+02;-8.0073029e-02;2.0750000e+02;-4.9870566e-02;2.0750000e+02;-1.4039762e-03;2.0750000e+02;6.0277663e-02;2.0750000e+02;1.3280797e-01;2.0750000e+02;1.8714647e-01;2.0750000e+02;2.4213435e-01;2.0750000e+02;2.6661107e-01;2.0750000e+02;2.5276572e-01;2.0750000e+02;2.2026581e-01;2.0750000e+02;1.4401658e-01;2.0750000e+02;7.9382986e-02;2.0750000e+02;2.6050925e-02;2.0750000e+02;-2.0531088e-02;2.0750000e+02;-6.3906476e-02;2.0750000e+02;-1.0705475e-01;2.0750000e+02;-1.4975546e-01;2.0750000e+02;-1.9177116e-01;2.0750000e+02;-8.0073029e-02;2.0750000e+02;-4.9870566e-02;2.0750000e+02;-1.4039762e-03;2.0750000e+02;6.0277663e-02;2.0750000e+02;1.3280797e-01;2.0750000e+02;1.8714647e-01;2.0750000e+02;2.4213435e-01;2.0750000e+02;2.6661107e-01;2.0750000e+02;2.5276572e-01;2.0750000e+02;2.2026581e-01;2.0750000e+02;1.4401658e-01;2.0750000e+02;7.9382986e-02;2.0750000e+02;2.6050925e-02;2.0750000e+02;-2.0531088e-02;2.0750000e+02;-6.3906476e-02;2.0750000e+02;-1.0705475e-01;2.0750000e+02;-1.4975546e-01;2.0750000e+02;-1.9177116e-01;2.0750000e+02;-8.0073029e-02;2.0750000e+02;-4.9870566e-02;2.0750000e+02;-1.4039762e-03;2.0750000e+02;6.0277663e-02;2.0750000e+02;1.3280797e-01;2.0750000e+02;1.8714647e-01;2.0750000e+02;2.4213435e-01;2.0750000e+02;2.6661107e-01;2.0750000e+02;2.5276572e-01;2.0750000e+02;2.2026581e-01;2.0750000e+02;1.4401658e-01;2.0750000e+02;7.9382986e-02;2.0750000e+02;2.6050925e-02;2.0750000e+02;-2.0531088e-02;2.0750000e+02;-6.3906476e-02;2.0750000e+02;-1.0705475e-01;2.0750000e+02;-1.4975546e-01;2.0750000e+02;-1.9177116e-01;2.0750000e+02;-8.0073029e-02;2.0750000e+02;-4.9870566e-02;2.0750000e+02;-1.4039762e-03;2.0750000e+02;6.0277663e-02;2.0750000e+02;1.3280797e-01;2.0750000e+02;1.8714647e-01;2.0750000e+02;2.4213435e-01;2.0750000e+02;2.6661107e-01;2.0750000e+02;2.5276572e-01;2.0750000e+02;2.2026581e-01;2.0750000e+02;1.4401658e-01;2.0750000e+02;7.9382986e-02;2.0750000e+02;2.6050925e-02;2.0750000e+02;-2.0531088e-02;2.0750000e+02;-6.3906476e-02;2.0750000e+02;-1.0705475e-01;2.0750000e+02;-1.4975546e-01;2.0750000e+02;-1.9177116e-01;2.0750000e+02;-8.0073029e-02;2.0750000e+02;-4.9870566e-02;2.0750000e+02;-1.4039762e-03;2.0750000e+02;6.0277663e-02;2.0750000e+02;1.3280797e-01;2.0750000e+02;1.8714647e-01;2.0750000e+02;2.4213435e-01;2.0750000e+02;2.6661107e-01;2.0750000e+02;2.5276572e-01;2.0750000e+02;2.2026581e-01;2.0750000e+02;1.4401658e-01;2.0750000e+02;7.9382986e-02;2.0750000e+02;2.6050925e-02;2.0750000e+02;-2.0531088e-02;2.0750000e+02;-6.3906476e-02;2.0750000e+02;-1.0705475e-01;2.0750000e+02;-1.4975546e-01;2.0750000e+02;-1.9177116e-01;2.0750000e+02;-8.0073029e-02;2.0750000e+02;-4.9870566e-02;2.0750000e+02;-1.4039762e-03;2.0750000e+02;6.0277663e-02;2.0750000e+02;1.3280797e-01;2.0750000e+02;1.8714647e-01;2.0750000e+02;2.4213435e-01;2.0750000e+02;2.6661107e-01;2.0750000e+02;2.5276572e-01;2.0750000e+02;2.2026581e-01;2.0750000e+02;1.4401658e-01;2.0750000e+02;7.9382986e-02;2.0750000e+02;2.6050925e-02;2.0750000e+02;-2.0531088e-02;2.0750000e+02;-6.3906476e-02;2.0750000e+02;-1.0705475e-01;2.0750000e+02;-1.4975546e-01;2.0750000e+02;-1.9177116e-01;2.0750000e+02;-8.0073029e-02;2.0750000e+02;-4.9870566e-02;2.0750000e+02;-1.4039762e-03;2.0750000e+02;6.0277663e-02;2.0750000e+02;1.3280797e-01;2.0750000e+02;1.8714647e-01;2.0750000e+02;2.4213435e-01;2.0750000e+02;2.6661107e-01;2.0750000e+02;2.5276572e-01;2.0750000e+02;2.2026581e-01;2.0750000e+02;1.4401658e-01;2.0750000e+02;7.9382986e-02;2.0750000e+02;2.6050925e-02;2.0750000e+02;-2.0531088e-02;2.0750000e+02;-6.3906476e-02;2.0750000e+02;-1.0705475e-01;2.0750000e+02;-1.4975546e-01;2.0750000e+02;-1.9177116e-01;2.0750000e+02;-8.0073029e-02;2.0750000e+02;-4.9870566e-02;2.0750000e+02;-1.4039762e-03;2.0750000e+02;6.0277663e-02;2.0750000e+02;1.3280797e-01;2.0750000e+02;1.8714647e-01;2.0750000e+02;2.4213435e-01;2.0750000e+02;2.6661107e-01;2.0750000e+02;2.5276572e-01;2.0750000e+02;2.2026581e-01;2.0750000e+02;1.4401658e-01;2.0750000e+02;7.9382986e-02;2.0750000e+02;2.6050925e-02;2.0750000e+02;-2.0531088e-02;2.0750000e+02;-6.3906476e-02;2.0750000e+02;-1.0705475e-01;2.0750000e+02;-1.4975546e-01;2.0750000e+02;-1.9177116e-01;2.0750000e+02;-8.0073029e-02;2.0750000e+02;-4.9870566e-02;2.0750000e+02;-1.4039762e-03;2.0750000e+02;6.0277663e-02;2.0750000e+02;1.3280797e-01;2.0750000e+02;1.8714647e-01;2.0750000e+02;2.4213435e-01;2.0750000e+02;2.6661107e-01;2.0750000e+02;2.5276572e-01;2.0750000e+02;2.2026581e-01;2.0750000e+02;1.4401658e-01;2.0750000e+02;7.9382986e-02;2.0750000e+02;2.6050925e-02;2.0750000e+02;-2.0531088e-02;2.0750000e+02;-6.3906476e-02;2.0750000e+02;-1.0705475e-01;2.0750000e+02;-1.4975546e-01;2.0750000e+02;-1.9177116e-01;2.0750000e+02;-8.0073029e-02;2.0750000e+02;-4.9870566e-02;2.0750000e+02;-1.4039762e-03;2.0750000e+02;6.0277663e-02;2.0750000e+02;1.3280797e-01;2.0750000e+02;1.8714647e-01;2.0750000e+02;2.4213435e-01;2.0750000e+02;2.6661107e-01;2.0750000e+02;2.5276572e-01;2.0750000e+02;2.2026581e-01;2.0750000e+02;1.4401658e-01;2.0750000e+02;7.9382986e-02;2.0750000e+02;2.6050925e-02;2.0750000e+02;-2.0531088e-02;2.0750000e+02;-6.3906476e-02;2.0750000e+02;-1.0705475e-01;2.0750000e+02;-1.4975546e-01;2.0750000e+02;-1.9177116e-01;2.0750000e+02;-8.0073029e-02;2.0750000e+02;-4.9870566e-02;2.0750000e+02;-1.4039762e-03;2.0750000e+02;6.0277663e-02;2.0750000e+02;1.3280797e-01;2.0750000e+02;1.8714647e-01;2.0750000e+02;2.4213435e-01;2.0750000e+02;2.6661107e-01;2.0750000e+02;2.5276572e-01;2.0750000e+02;2.2026581e-01;2.0750000e+02;1.4401658e-01;2.0750000e+02;7.9382986e-02;2.0750000e+02;2.6050925e-02;2.0750000e+02;-2.0531088e-02;2.0750000e+02;-6.3906476e-02;2.0750000e+02;-1.0705475e-01;2.0750000e+02;-1.4975546e-01;2.0750000e+02;-1.9177116e-01;2.0750000e+02;-8.0073029e-02;2.0750000e+02;-4.9870566e-02;2.0750000e+02;-1.4039762e-03;2.0750000e+02;6.0277663e-02;2.0750000e+02;1.3280797e-01;2.0750000e+02;1.8714647e-01;2.0750000e+02;2.4213435e-01;2.0750000e+02;2.6661107e-01;2.0750000e+02;2.5276572e-01;2.0750000e+02;2.2026581e-01;2.0750000e+02;1.4401658e-01;2.0750000e+02;7.9382986e-02;2.0750000e+02;2.6050925e-02;2.0750000e+02;-2.0531088e-02;2.0750000e+02;-6.3906476e-02;2.0750000e+02;-1.0705475e-01;2.0750000e+02;-1.4975546e-01;2.0750000e+02;-1.9177116e-01;2.0750000e+02;-8.0073029e-02;2.0750000e+02;-4.9870566e-02;2.0750000e+02;-1.4039762e-03;2.0750000e+02;6.0277663e-02;2.0750000e+02;1.3280797e-01;2.0750000e+02;1.8714647e-01;2.0750000e+02;2.4213435e-01;2.0750000e+02;2.6661107e-01;2.0750000e+02;2.5276572e-01;2.0750000e+02;2.2026581e-01;2.0750000e+02;1.4401658e-01;2.0750000e+02;7.9382986e-02;2.0750000e+02;2.6050925e-02;2.0750000e+02;-2.0531088e-02;2.0750000e+02;-6.3906476e-02;2.0750000e+02;-1.0705475e-01;2.0750000e+02;-1.4975546e-01;2.0750000e+02;-1.9177116e-01;2.0750000e+02;-8.0073029e-02;2.0750000e+02;-4.9870566e-02;2.0750000e+02;-1.4039762e-03;2.0750000e+02;6.0277663e-02;2.0750000e+02;1.3280797e-01;2.0750000e+02;1.8714647e-01;2.0750000e+02;2.4213435e-01;2.0750000e+02;2.6661107e-01;2.0750000e+02;2.5276572e-01;2.0750000e+02;2.2026581e-01;2.0750000e+02;1.4401658e-01;2.0750000e+02;7.9382986e-02;2.0750000e+02;2.6050925e-02;2.0750000e+02;-2.0531088e-02;2.0750000e+02;-6.3906476e-02;2.0750000e+02;-1.0705475e-01;2.0750000e+02;-1.4975546e-01;2.0750000e+02;-1.9177116e-01;2.0750000e+02;-8.0073029e-02;2.0750000e+02;-4.9870566e-02;2.0750000e+02;-1.4039762e-03;2.0750000e+02;6.0277663e-02;2.0750000e+02;1.3280797e-01;2.0750000e+02;1.8714647e-01;2.0750000e+02;2.4213435e-01;2.0750000e+02;2.6661107e-01;2.0750000e+02;2.5276572e-01;2.0750000e+02;2.2026581e-01;2.0750000e+02;1.4401658e-01;2.0750000e+02;7.9382986e-02;2.0750000e+02;2.6050925e-02;2.0750000e+02;-2.0531088e-02;2.0750000e+02;-6.3906476e-02;2.0750000e+02;-1.0705475e-01;2.0750000e+02;-1.4975546e-01;2.0750000e+02;-1.9177116e-01;2.0750000e+02;-8.0073029e-02;2.0750000e+02;-4.9870566e-02;2.0750000e+02;-1.4039762e-03;2.0750000e+02;6.0277663e-02;2.0750000e+02;1.3280797e-01;2.0750000e+02;1.8714647e-01;2.0750000e+02;2.4213435e-01;2.0750000e+02;2.6661107e-01;2.0750000e+02;2.5276572e-01;2.0750000e+02;2.2026581e-01;2.0750000e+02;1.4401658e-01;2.0750000e+02;7.9382986e-02;2.0750000e+02;2.6050925e-02;2.0750000e+02;-2.0531088e-02;2.0750000e+02;-6.3906476e-02;2.0750000e+02;-1.0705475e-01;2.0750000e+02;-1.4975546e-01;2.0750000e+02;-1.9177116e-01;2.0750000e+02;-8.0073029e-02;2.0750000e+02;-4.9870566e-02;2.0750000e+02;-1.4039762e-03;2.0750000e+02;6.0277663e-02;2.0750000e+02;1.3280797e-01;2.0750000e+02;1.8714647e-01;2.0750000e+02;2.4213435e-01;2.0750000e+02;2.6661107e-01;2.0750000e+02;2.5276572e-01;2.0750000e+02;2.2026581e-01;2.0750000e+02;1.4401658e-01;2.0750000e+02;7.9382986e-02;2.0750000e+02;2.6050925e-02;2.0750000e+02;-2.0531088e-02;2.0750000e+02;-6.3906476e-02;2.0750000e+02;-1.0705475e-01;2.0750000e+02;-1.4975546e-01;2.0750000e+02;-1.9177116e-01;2.0750000e+02;-8.0073029e-02;2.0750000e+02;-4.9870566e-02;2.0750000e+02;-1.4039762e-03;2.0750000e+02;6.0277663e-02;2.0750000e+02;1.3280797e-01;2.0750000e+02;1.8714647e-01;2.0750000e+02;2.4213435e-01;2.0750000e+02;2.6661107e-01;2.0750000e+02;2.5276572e-01;2.0750000e+02;2.2026581e-01;2.0750000e+02;1.4401658e-01;2.0750000e+02;7.9382986e-02;2.0750000e+02;2.6050925e-02;2.0750000e+02;-2.0531088e-02;2.0750000e+02;-6.3906476e-02;2.0750000e+02;-1.0705475e-01;2.0750000e+02;-1.4975546e-01;2.0750000e+02;-1.9177116e-01;2.0750000e+02;-8.0073029e-02;2.0750000e+02;-4.9870566e-02;2.0750000e+02;-1.4039762e-03;2.0750000e+02;6.0277663e-02;2.0750000e+02;1.3280797e-01;2.0750000e+02;1.8714647e-01;2.0750000e+02;2.4213435e-01;2.0750000e+02;2.6661107e-01;2.0750000e+02;2.5276572e-01;2.0750000e+02;2.2026581e-01;2.0750000e+02;1.4401658e-01;2.0750000e+02;7.9382986e-02;2.0750000e+02;2.6050925e-02;2.0750000e+02;-2.0531088e-02;2.0750000e+02;-6.3906476e-02;2.0750000e+02;-1.0705475e-01;2.0750000e+02;-1.4975546e-01;2.0750000e+02;-1.9177116e-01;2.0750000e+02;-8.0073029e-02;2.0750000e+02;-4.9870566e-02;2.0750000e+02;-1.4039762e-03;2.0750000e+02;6.0277663e-02;2.0750000e+02;1.3280797e-01;2.0750000e+02;1.8714647e-01;2.0750000e+02;2.4213435e-01;2.0750000e+02;2.6661107e-01;2.0750000e+02;2.5276572e-01;2.0750000e+02;2.2026581e-01;2.0750000e+02;1.4401658e-01;2.0750000e+02;7.9382986e-02;2.0750000e+02;2.6050925e-02;2.0750000e+02;-2.0531088e-02;2.0750000e+02;-6.3906476e-02;2.0750000e+02;-1.0705475e-01;2.0750000e+02;-1.4975546e-01;2.0750000e+02;-1.9177116e-01;2.0750000e+02;-8.0073029e-02;2.0750000e+02;-4.9870566e-02;2.0750000e+02;-1.4039762e-03;2.0750000e+02;6.0277663e-02;2.0750000e+02;1.3280797e-01;2.0750000e+02;1.8714647e-01;2.0750000e+02;2.4213435e-01;2.0750000e+02;2.6661107e-01;2.0750000e+02;2.5276572e-01;2.0750000e+02;2.2026581e-01;2.0750000e+02;1.4401658e-01;2.0750000e+02;7.9382986e-02;2.0750000e+02;2.6050925e-02;2.0750000e+02;-2.0531088e-02;2.0750000e+02;-6.3906476e-02;2.0750000e+02;-1.0705475e-01;2.0750000e+02;-1.4975546e-01;2.0750000e+02;-1.9177116e-01;2.0750000e+02;-8.0073029e-02;2.0750000e+02;-4.9870566e-02;2.0750000e+02;-1.4039762e-03;2.0750000e+02;6.0277663e-02;2.0750000e+02;1.3280797e-01;2.0750000e+02;1.8714647e-01;2.0750000e+02;2.4213435e-01;2.0750000e+02;2.6661107e-01;2.0750000e+02;2.5276572e-01;2.0750000e+02;2.2026581e-01;2.0750000e+02;1.4401658e-01;2.0750000e+02;7.9382986e-02;2.0750000e+02;2.6050925e-02;2.0750000e+02;-2.0531088e-02;2.0750000e+02;-6.3906476e-02;2.0750000e+02;-1.0705475e-01;2.0750000e+02;-1.4975546e-01;2.0750000e+02;-1.9177116e-01;2.0750000e+02;-8.0073029e-02;2.0750000e+02;-4.9870566e-02;2.0750000e+02;-1.4039762e-03;2.0750000e+02;6.0277663e-02;2.0750000e+02;1.3280797e-01;2.0750000e+02;1.8714647e-01;2.0750000e+02;2.4213435e-01;2.0750000e+02;2.6661107e-01;2.0750000e+02;2.5276572e-01;2.0750000e+02;2.2026581e-01;2.0750000e+02;1.4401658e-01;2.0750000e+02;7.9382986e-02;2.0750000e+02;2.6050925e-02;2.0750000e+02;-2.0531088e-02;2.0750000e+02;-6.3906476e-02;2.0750000e+02;-1.0705475e-01;2.0750000e+02;-1.4975546e-01;2.0750000e+02;-1.9177116e-01;2.0750000e+02;-8.0073029e-02;2.0750000e+02;-4.9870566e-02;2.0750000e+02;-1.4039762e-03;2.0750000e+02;6.0277663e-02;2.0750000e+02;1.3280797e-01;2.0750000e+02;1.8714647e-01;2.0750000e+02;2.4213435e-01;2.0750000e+02;2.6661107e-01;2.0750000e+02;2.5276572e-01;2.0750000e+02;2.2026581e-01;2.0750000e+02;1.4401658e-01;2.0750000e+02;7.9382986e-02;2.0750000e+02;2.6050925e-02;2.0750000e+02;-2.0531088e-02;2.0750000e+02;-6.3906476e-02;2.0750000e+02;-1.0705475e-01;2.0750000e+02;-1.4975546e-01;2.0750000e+02;-1.9177116e-01;2.0750000e+02;-8.0073029e-02;2.0750000e+02;-4.9870566e-02;2.0750000e+02;-1.4039762e-03;2.0750000e+02;6.0277663e-02;2.0750000e+02;1.3280797e-01;2.0750000e+02;1.8714647e-01;2.0750000e+02;2.4213435e-01;2.0750000e+02;2.6661107e-01;2.0750000e+02;2.5276572e-01;2.0750000e+02;2.2026581e-01;2.0750000e+02;1.4401658e-01;2.0750000e+02;7.9382986e-02;2.0750000e+02;2.6050925e-02;2.0750000e+02;-2.0531088e-02;2.0750000e+02;-6.3906476e-02;2.0750000e+02;-1.0705475e-01;2.0750000e+02;-1.4975546e-01;2.0750000e+02;-1.9177116e-01;2.0750000e+02;-8.0073029e-02;2.0750000e+02;-4.9870566e-02;2.0750000e+02;-1.4039762e-03;2.0750000e+02;6.0277663e-02;2.0750000e+02;1.3280797e-01;2.0750000e+02;1.8714647e-01;2.0750000e+02;2.4213435e-01;2.0750000e+02;2.6661107e-01;2.0750000e+02;2.5276572e-01;2.0750000e+02;2.2026581e-01;2.0750000e+02;1.4401658e-01;2.0750000e+02;7.9382986e-02;2.0750000e+02;2.6050925e-02;2.0750000e+02;-2.0531088e-02;2.0750000e+02;-6.3906476e-02;2.0750000e+02;-1.0705475e-01;2.0750000e+02;-1.4975546e-01;2.0750000e+02;-1.9177116e-01;2.0750000e+02;-8.0073029e-02;2.0750000e+02;-4.9870566e-02;2.0750000e+02;-1.4039762e-03;2.0750000e+02;6.0277663e-02;2.0750000e+02;1.3280797e-01;2.0750000e+02;1.8714647e-01;2.0750000e+02;2.4213435e-01;2.0750000e+02;2.6661107e-01;2.0750000e+02;2.5276572e-01;2.0750000e+02;2.2026581e-01;2.0750000e+02;1.4401658e-01;2.0750000e+02;7.9382986e-02;2.0750000e+02;2.6050925e-02;2.0750000e+02;-2.0531088e-02;2.0750000e+02;-6.3906476e-02;2.0750000e+02;-1.0705475e-01;2.0750000e+02;-1.4975546e-01;2.0750000e+02;-1.9177116e-01;2.0750000e+02;-8.0073029e-02;2.0750000e+02;-4.9870566e-02;2.0750000e+02;-1.4039762e-03;2.0750000e+02;6.0277663e-02;2.0750000e+02;1.3280797e-01;2.0750000e+02;1.8714647e-01;2.0750000e+02;2.4213435e-01;2.0750000e+02;2.6661107e-01;2.0750000e+02;2.5276572e-01;2.0750000e+02;2.2026581e-01;2.0750000e+02;1.4401658e-01;2.0750000e+02;7.9382986e-02;2.0750000e+02;2.6050925e-02;2.0750000e+02;-2.0531088e-02;2.0750000e+02;-6.3906476e-02;2.0750000e+02;-1.0705475e-01;2.0750000e+02;-1.4975546e-01;2.0750000e+02;-1.9177116e-01;2.0750000e+02;-8.0073029e-02;2.0750000e+02;-4.9870566e-02;2.0750000e+02;-1.4039762e-03;2.0750000e+02;6.0277663e-02;2.0750000e+02;1.3280797e-01;2.0750000e+02;1.8714647e-01;2.0750000e+02;2.4213435e-01;2.0750000e+02;2.6661107e-01;2.0750000e+02;2.5276572e-01;2.0750000e+02;2.2026581e-01;2.0750000e+02;1.4401658e-01;2.0750000e+02;7.9382986e-02;2.0750000e+02;2.6050925e-02;2.0750000e+02;-2.0531088e-02;2.0750000e+02;-6.3906476e-02;2.0750000e+02;-1.0705475e-01;2.0750000e+02;-1.4975546e-01;2.0750000e+02;-1.9177116e-01;2.0750000e+02;-8.0073029e-02;2.0750000e+02;-4.9870566e-02;2.0750000e+02;-1.4039762e-03;2.0750000e+02;6.0277663e-02;2.0750000e+02;1.3280797e-01;2.0750000e+02;1.8714647e-01;2.0750000e+02;2.4213435e-01;2.0750000e+02;2.6661107e-01;2.0750000e+02;2.5276572e-01;2.0750000e+02;2.2026581e-01;2.0750000e+02;1.4401658e-01;2.0750000e+02;7.9382986e-02;2.0750000e+02;2.6050925e-02;2.0750000e+02;-2.0531088e-02;2.0750000e+02;-6.3906476e-02;2.0750000e+02;-1.0705475e-01;2.0750000e+02;-1.4975546e-01;2.0750000e+02;-1.9177116e-01;2.0750000e+02;-8.0073029e-02;2.0750000e+02;-4.9870566e-02;2.0750000e+02;-1.4039762e-03;2.0750000e+02;6.0277663e-02;2.0750000e+02;1.3280797e-01;2.0750000e+02;1.8714647e-01;2.0750000e+02;2.4213435e-01;2.0750000e+02;2.6661107e-01;2.0750000e+02;2.5276572e-01;2.0750000e+02;2.2026581e-01;2.0750000e+02;1.4401658e-01;2.0750000e+02;7.9382986e-02;2.0750000e+02;2.6050925e-02;2.0750000e+02;-2.0531088e-02;2.0750000e+02;-6.3906476e-02;2.0750000e+02;-1.0705475e-01;2.0750000e+02;-1.4975546e-01;2.0750000e+02;-1.9177116e-01;2.0750000e+02;-8.0073029e-02;2.0750000e+02;-4.9870566e-02;2.0750000e+02;-1.4039762e-03;2.0750000e+02;6.0277663e-02;2.0750000e+02;1.3280797e-01;2.0750000e+02;1.8714647e-01;2.0750000e+02;2.4213435e-01;2.0750000e+02;2.6661107e-01;2.0750000e+02;2.5276572e-01;2.0750000e+02;2.2026581e-01;2.0750000e+02;1.4401658e-01;2.0750000e+02;7.9382986e-02;2.0750000e+02;2.6050925e-02;2.0750000e+02;-2.0531088e-02;2.0750000e+02;-6.3906476e-02;2.0750000e+02;-1.0705475e-01;2.0750000e+02;-1.4975546e-01;2.0750000e+02;-1.9177116e-01;2.0750000e+02;-8.0073029e-02;2.0750000e+02;-4.9870566e-02;2.0750000e+02;-1.4039762e-03;2.0750000e+02;6.0277663e-02;2.0750000e+02;1.3280797e-01;2.0750000e+02;1.8714647e-01;2.0750000e+02;2.4213435e-01;2.0750000e+02;2.6661107e-01;2.0750000e+02;2.5276572e-01;2.0750000e+02;2.2026581e-01;2.0750000e+02;1.4401658e-01;2.0750000e+02;7.9382986e-02;2.0750000e+02;2.6050925e-02;2.0750000e+02;-2.0531088e-02;2.0750000e+02;-6.3906476e-02;2.0750000e+02;-1.0705475e-01;2.0750000e+02;-1.4975546e-01;2.0750000e+02;-1.9177116e-01;2.0750000e+02;-8.0073029e-02;2.0750000e+02;-4.9870566e-02;2.0750000e+02;-1.4039762e-03;2.0750000e+02;6.0277663e-02;2.0750000e+02;1.3280797e-01;2.0750000e+02;1.8714647e-01;2.0750000e+02;2.4213435e-01;2.0750000e+02;2.6661107e-01;2.0750000e+02;2.5276572e-01;2.0750000e+02;2.2026581e-01;2.0750000e+02;1.4401658e-01;2.0750000e+02;7.9382986e-02;2.0750000e+02;2.6050925e-02;2.0750000e+02;-2.0531088e-02;2.0750000e+02;-6.3906476e-02;2.0750000e+02;-1.0705475e-01;2.0750000e+02;-1.4975546e-01;2.0750000e+02;-1.9177116e-01;2.0750000e+02;-8.0073029e-02;2.0750000e+02;-4.9870566e-02;2.0750000e+02;-1.4039762e-03;2.0750000e+02;6.0277663e-02;2.0750000e+02;1.3280797e-01;2.0750000e+02;1.8714647e-01;2.0750000e+02;2.4213435e-01;2.0750000e+02;2.6661107e-01;2.0750000e+02;2.5276572e-01;2.0750000e+02;2.2026581e-01;2.0750000e+02;1.4401658e-01;2.0750000e+02;7.9382986e-02;2.0750000e+02;2.6050925e-02;2.0750000e+02;-2.0531088e-02;2.0750000e+02;-6.3906476e-02;2.0750000e+02;-1.0705475e-01;2.0750000e+02;-1.4975546e-01;2.0750000e+02;-1.9177116e-01;2.0750000e+02;-8.0073029e-02;2.0750000e+02;-4.9870566e-02;2.0750000e+02;-1.4039762e-03;2.0750000e+02;6.0277663e-02;2.0750000e+02;1.3280797e-01;2.0750000e+02;1.8714647e-01;2.0750000e+02;2.4213435e-01;2.0750000e+02;2.6661107e-01;2.0750000e+02;2.5276572e-01;2.0750000e+02;2.2026581e-01;2.0750000e+02;1.4401658e-01;2.0750000e+02;7.9382986e-02;2.0750000e+02;2.6050925e-02;2.0750000e+02;-2.0531088e-02;2.0750000e+02;-6.3906476e-02;2.0750000e+02;-1.0705475e-01;2.0750000e+02;-1.4975546e-01;2.0750000e+02;-1.9177116e-01;2.0750000e+02;-8.0073029e-02;2.0750000e+02;-4.9870566e-02;2.0750000e+02;-1.4039762e-03;2.0750000e+02;6.0277663e-02;2.0750000e+02;1.3280797e-01;2.0750000e+02;1.8714647e-01;2.0750000e+02;2.4213435e-01;2.0750000e+02;2.6661107e-01;2.0750000e+02;2.5276572e-01;2.0750000e+02;2.2026581e-01;2.0750000e+02;1.4401658e-01;2.0750000e+02;7.9382986e-02;2.0750000e+02;2.6050925e-02;2.0750000e+02;-2.0531088e-02;2.0750000e+02;-6.3906476e-02;2.0750000e+02;-1.0705475e-01;2.0750000e+02;-1.4975546e-01;2.0750000e+02;-1.9177116e-01;2.0750000e+02;-8.0073029e-02;2.0750000e+02;-4.9870566e-02;2.0750000e+02;-1.4039762e-03;2.0750000e+02;6.0277663e-02;2.0750000e+02;1.3280797e-01;2.0750000e+02;1.8714647e-01;2.0750000e+02;2.4213435e-01;2.0750000e+02;2.6661107e-01;2.0750000e+02;2.5276572e-01;2.0750000e+02;2.2026581e-01;2.0750000e+02;1.4401658e-01;2.0750000e+02;7.9382986e-02;2.0750000e+02;2.6050925e-02;2.0750000e+02;-2.0531088e-02;2.0750000e+02;-6.3906476e-02;2.0750000e+02;-1.0705475e-01;2.0750000e+02;-1.4975546e-01;2.0750000e+02;-1.9177116e-01;2.0750000e+02;-8.0073029e-02;2.0750000e+02;-4.9870566e-02;2.0750000e+02;-1.4039762e-03;2.0750000e+02;6.0277663e-02;2.0750000e+02;1.3280797e-01;2.0750000e+02;1.8714647e-01;2.0750000e+02;2.4213435e-01;2.0750000e+02;2.6661107e-01;2.0750000e+02;2.5276572e-01;2.0750000e+02;2.2026581e-01;2.0750000e+02;1.4401658e-01;2.0750000e+02;7.9382986e-02;2.0750000e+02;2.6050925e-02;2.0750000e+02;-2.0531088e-02;2.0750000e+02;-6.3906476e-02;2.0750000e+02;-1.0705475e-01;2.0750000e+02;-1.4975546e-01;2.0750000e+02;-1.9177116e-01;2.0750000e+02;-8.0073029e-02;2.0750000e+02;-4.9870566e-02;2.0750000e+02;-1.4039762e-03;2.0750000e+02;6.0277663e-02;2.0750000e+02;1.3280797e-01;2.0750000e+02;1.8714647e-01;2.0750000e+02;2.4213435e-01;2.0750000e+02;2.6661107e-01;2.0750000e+02;2.5276572e-01;2.0750000e+02;2.2026581e-01;2.0750000e+02;1.4401658e-01;2.0750000e+02;7.9382986e-02;2.0750000e+02;2.6050925e-02;2.0750000e+02;-2.0531088e-02;2.0750000e+02;-6.3906476e-02;2.0750000e+02;-1.0705475e-01;2.0750000e+02;-1.4975546e-01;2.0750000e+02;-1.9177116e-01;2.0750000e+02;-8.0073029e-02;2.0750000e+02;-4.9870566e-02;2.0750000e+02;-1.4039762e-03;2.0750000e+02;6.0277663e-02;2.0750000e+02;1.3280797e-01;2.0750000e+02;1.8714647e-01;2.0750000e+02;2.4213435e-01;2.0750000e+02;2.6661107e-01;2.0750000e+02;2.5276572e-01;2.0750000e+02;2.2026581e-01;2.0750000e+02;1.4401658e-01;2.0750000e+02;7.9382986e-02;2.0750000e+02;2.6050925e-02;2.0750000e+02;-2.0531088e-02;2.0750000e+02;-6.3906476e-02;2.0750000e+02;-1.0705475e-01;2.0750000e+02;-1.4975546e-01;2.0750000e+02;-1.9177116e-01;2.0750000e+02;-8.0073029e-02;2.0750000e+02;-4.9870566e-02;2.0750000e+02;-1.4039762e-03;2.0750000e+02;6.0277663e-02;2.0750000e+02;1.3280797e-01;2.0750000e+02;1.8714647e-01;2.0750000e+02;2.4213435e-01;2.0750000e+02;2.6661107e-01;2.0750000e+02;2.5276572e-01;2.0750000e+02;2.2026581e-01;2.0750000e+02;1.4401658e-01;2.0750000e+02;7.9382986e-02;2.0750000e+02;2.6050925e-02;2.0750000e+02;-2.0531088e-02;2.0750000e+02;-6.3906476e-02;2.0750000e+02;-1.0705475e-01;2.0750000e+02;-1.4975546e-01;2.0750000e+02;-1.9177116e-01;2.0750000e+02;-8.0073029e-02;2.0750000e+02;-4.9870566e-02;2.0750000e+02;-1.4039762e-03;2.0750000e+02;6.0277663e-02;2.0750000e+02;1.3280797e-01;2.0750000e+02;1.8714647e-01;2.0750000e+02;2.4213435e-01;2.0750000e+02;2.6661107e-01;2.0750000e+02;2.5276572e-01;2.0750000e+02;2.2026581e-01;2.0750000e+02;1.4401658e-01;2.0750000e+02;7.9382986e-02;2.0750000e+02;2.6050925e-02;2.0750000e+02;-2.0531088e-02;2.0750000e+02;-6.3906476e-02;2.0750000e+02;-1.0705475e-01;2.0750000e+02;-1.4975546e-01;2.0750000e+02;-1.9177116e-01;2.0750000e+02;-8.0073029e-02;2.0750000e+02;-4.9870566e-02;2.0750000e+02;-1.4039762e-03;2.0750000e+02;6.0277663e-02;2.0750000e+02;1.3280797e-01;2.0750000e+02;1.8714647e-01;2.0750000e+02;2.4213435e-01;2.0750000e+02;2.6661107e-01;2.0750000e+02;2.5276572e-01;2.0750000e+02;2.2026581e-01;2.0750000e+02;1.4401658e-01;2.0750000e+02;7.9382986e-02;2.0750000e+02;2.6050925e-02;2.0750000e+02;-2.0531088e-02;2.0750000e+02;-6.3906476e-02;2.0750000e+02;-1.0705475e-01;2.0750000e+02;-1.4975546e-01;2.0750000e+02;-1.9177116e-01;2.0750000e+02;-8.0073029e-02;2.0750000e+02;-4.9870566e-02;2.0750000e+02;-1.4039762e-03;2.0750000e+02;6.0277663e-02;2.0750000e+02;1.3280797e-01;2.0750000e+02;1.8714647e-01;2.0750000e+02;2.4213435e-01;2.0750000e+02;2.6661107e-01;2.0750000e+02;2.5276572e-01;2.0750000e+02;2.2026581e-01;2.0750000e+02;1.4401658e-01;2.0750000e+02;7.9382986e-02;2.0750000e+02;2.6050925e-02;2.0750000e+02;-2.0531088e-02;2.0750000e+02;-6.3906476e-02;2.0750000e+02;-1.0705475e-01;2.0750000e+02;-1.4975546e-01;2.0750000e+02;-1.9177116e-01;2.0750000e+02;-8.0073029e-02;2.0750000e+02;-4.9870566e-02;2.0750000e+02;-1.4039762e-03;2.0750000e+02;6.0277663e-02;2.0750000e+02;1.3280797e-01;2.0750000e+02;1.8714647e-01;2.0750000e+02;2.4213435e-01;2.0750000e+02;2.6661107e-01;2.0750000e+02;2.5276572e-01;2.0750000e+02;2.2026581e-01;2.0750000e+02;1.4401658e-01;2.0750000e+02;7.9382986e-02;2.0750000e+02;2.6050925e-02;2.0750000e+02;-2.0531088e-02;2.0750000e+02;-6.3906476e-02;2.0750000e+02;-1.0705475e-01;2.0750000e+02;-1.4975546e-01;2.0750000e+02;-1.9177116e-01;2.0750000e+02;-8.0073029e-02;2.0750000e+02;-4.9870566e-02;2.0750000e+02;-1.4039762e-03;2.0750000e+02;6.0277663e-02;2.0750000e+02;1.3280797e-01;2.0750000e+02;1.8714647e-01;2.0750000e+02;2.4213435e-01;2.0750000e+02;2.6661107e-01;2.0750000e+02;2.5276572e-01;2.0750000e+02;2.2026581e-01;2.0750000e+02;1.4401658e-01;2.0750000e+02;7.9382986e-02;2.0750000e+02;2.6050925e-02;2.0750000e+02;-2.0531088e-02;2.0750000e+02;-6.3906476e-02;2.0750000e+02;-1.0705475e-01;2.0750000e+02;-1.4975546e-01;2.0750000e+02;-1.9177116e-01;2.0750000e+02;-8.0073029e-02;2.0750000e+02;-4.9870566e-02;2.0750000e+02;-1.4039762e-03;2.0750000e+02;6.0277663e-02;2.0750000e+02;1.3280797e-01;2.0750000e+02;1.8714647e-01;2.0750000e+02;2.4213435e-01;2.0750000e+02;2.6661107e-01;2.0750000e+02;2.5276572e-01;2.0750000e+02;2.2026581e-01;2.0750000e+02;1.4401658e-01;2.0750000e+02;7.9382986e-02;2.0750000e+02;2.6050925e-02;2.0750000e+02;-2.0531088e-02;2.0750000e+02;-6.3906476e-02;2.0750000e+02;-1.0705475e-01;2.0750000e+02;-1.4975546e-01;2.0750000e+02;-1.9177116e-01;2.0750000e+02;-8.0073029e-02;2.0750000e+02;-4.9870566e-02;2.0750000e+02;-1.4039762e-03;2.0750000e+02;6.0277663e-02;2.0750000e+02;1.3280797e-01;2.0750000e+02;1.8714647e-01;2.0750000e+02;2.4213435e-01;2.0750000e+02;2.6661107e-01;2.0750000e+02;2.5276572e-01;2.0750000e+02;2.2026581e-01;2.0750000e+02;1.4401658e-01;2.0750000e+02;7.9382986e-02;2.0750000e+02;2.6050925e-02;2.0750000e+02;-2.0531088e-02;2.0750000e+02;-6.3906476e-02;2.0750000e+02;-1.0705475e-01;2.0750000e+02;-1.4975546e-01;2.0750000e+02;-1.9177116e-01;2.0750000e+02;-8.0073029e-02;2.0750000e+02;-4.9870566e-02;2.0750000e+02;-1.4039762e-03;2.0750000e+02;6.0277663e-02;2.0750000e+02;1.3280797e-01;2.0750000e+02;1.8714647e-01;2.0750000e+02;2.4213435e-01;2.0750000e+02;2.6661107e-01;2.0750000e+02;2.5276572e-01;2.0750000e+02;2.2026581e-01;2.0750000e+02;1.4401658e-01;2.0750000e+02;7.9382986e-02;2.0750000e+02;2.6050925e-02;2.0750000e+02;-2.0531088e-02;2.0750000e+02;-6.3906476e-02;2.0750000e+02;-1.0705475e-01;2.0750000e+02;-1.4975546e-01;2.0750000e+02;-1.9177116e-01;2.0750000e+02;-8.0073029e-02;2.0750000e+02;-4.9870566e-02;2.0750000e+02;-1.4039762e-03;2.0750000e+02;6.0277663e-02;2.0750000e+02;1.3280797e-01;2.0750000e+02;1.8714647e-01;2.0750000e+02;2.4213435e-01;2.0750000e+02;2.6661107e-01;2.0750000e+02;2.5276572e-01;2.0750000e+02;2.2026581e-01;2.0750000e+02;1.4401658e-01;2.0750000e+02;7.9382986e-02;2.0750000e+02;2.6050925e-02;2.0750000e+02;-2.0531088e-02;2.0750000e+02;-6.3906476e-02;2.0750000e+02;-1.0705475e-01;2.0750000e+02;-1.4975546e-01;2.0750000e+02;-1.9177116e-01;2.0750000e+02;-8.0073029e-02;2.0750000e+02;-4.9870566e-02;2.0750000e+02;-1.4039762e-03;2.0750000e+02;6.0277663e-02;2.0750000e+02;1.3280797e-01;2.0750000e+02;1.8714647e-01;2.0750000e+02;2.4213435e-01;2.0750000e+02;2.6661107e-01;2.0750000e+02;2.5276572e-01;2.0750000e+02;2.2026581e-01;2.0750000e+02;1.4401658e-01;2.0750000e+02;7.9382986e-02;2.0750000e+02;2.6050925e-02;2.0750000e+02;-2.0531088e-02;2.0750000e+02;-6.3906476e-02;2.0750000e+02;-1.0705475e-01;2.0750000e+02;-1.4975546e-01;2.0750000e+02;-1.9177116e-01;2.0750000e+02;-8.0073029e-02;2.0750000e+02;-4.9870566e-02;2.0750000e+02;-1.4039762e-03;2.0750000e+02;6.0277663e-02;2.0750000e+02;1.3280797e-01;2.0750000e+02;1.8714647e-01;2.0750000e+02;2.4213435e-01;2.0750000e+02;2.6661107e-01;2.0750000e+02;2.5276572e-01;2.0750000e+02;2.2026581e-01;2.0750000e+02;1.4401658e-01;2.0750000e+02;7.9382986e-02;2.0750000e+02;2.6050925e-02;2.0750000e+02;-2.0531088e-02;2.0750000e+02;-6.3906476e-02;2.0750000e+02;-1.0705475e-01;2.0750000e+02;-1.4975546e-01;2.0750000e+02;-1.9177116e-01;2.0750000e+02;-8.0073029e-02;2.0750000e+02;-4.9870566e-02;2.0750000e+02;-1.4039762e-03;2.0750000e+02;6.0277663e-02;2.0750000e+02;1.3280797e-01;2.0750000e+02;1.8714647e-01;2.0750000e+02;2.4213435e-01;2.0750000e+02;2.6661107e-01;2.0750000e+02;2.5276572e-01;2.0750000e+02;2.2026581e-01;2.0750000e+02;1.4401658e-01;2.0750000e+02;7.9382986e-02;2.0750000e+02;2.6050925e-02;2.0750000e+02;-2.0531088e-02;2.0750000e+02;-6.3906476e-02;2.0750000e+02;-1.0705475e-01;2.0750000e+02;-1.4975546e-01;2.0750000e+02;-1.9177116e-01;2.0750000e+02;-8.0073029e-02;2.0750000e+02;-4.9870566e-02;2.0750000e+02;-1.4039762e-03;2.0750000e+02;6.0277663e-02;2.0750000e+02;1.3280797e-01;2.0750000e+02;1.8714647e-01;2.0750000e+02;2.4213435e-01;2.0750000e+02;2.6661107e-01;2.0750000e+02;2.5276572e-01;2.0750000e+02;2.2026581e-01;2.0750000e+02;1.4401658e-01;2.0750000e+02;7.9382986e-02;2.0750000e+02;2.6050925e-02;2.0750000e+02;-2.0531088e-02;2.0750000e+02;-6.3906476e-02;2.0750000e+02;-1.0705475e-01;2.0750000e+02;-1.4975546e-01;2.0750000e+02;-1.9177116e-01;2.0750000e+02;-8.0073029e-02;2.0750000e+02;-4.9870566e-02;2.0750000e+02;-1.4039762e-03;2.0750000e+02;6.0277663e-02;2.0750000e+02;1.3280797e-01;2.0750000e+02;1.8714647e-01;2.0750000e+02;2.4213435e-01;2.0750000e+02;2.6661107e-01;2.0750000e+02;2.5276572e-01;2.0750000e+02;2.2026581e-01;2.0750000e+02;1.4401658e-01;2.0750000e+02;7.9382986e-02;2.0750000e+02;2.6050925e-02;2.0750000e+02;-2.0531088e-02;2.0750000e+02;-6.3906476e-02;2.0750000e+02;-1.0705475e-01;2.0750000e+02;-1.4975546e-01;2.0750000e+02;-1.9177116e-01;2.0750000e+02;-8.0073029e-02;2.0750000e+02;-4.9870566e-02;2.0750000e+02;-1.4039762e-03;2.0750000e+02;6.0277663e-02;2.0750000e+02;1.3280797e-01;2.0750000e+02;1.8714647e-01;2.0750000e+02;2.4213435e-01;2.0750000e+02;2.6661107e-01;2.0750000e+02;2.5276572e-01;2.0750000e+02;2.2026581e-01;2.0750000e+02;1.4401658e-01;2.0750000e+02;7.9382986e-02;2.0750000e+02;2.6050925e-02;2.0750000e+02;-2.0531088e-02;2.0750000e+02;-6.3906476e-02;2.0750000e+02;-1.0705475e-01;2.0750000e+02;-1.4975546e-01;2.0750000e+02;-1.9177116e-01;2.0750000e+02;-8.0073029e-02;2.0750000e+02;-4.9870566e-02;2.0750000e+02;-1.4039762e-03;2.0750000e+02;6.0277663e-02;2.0750000e+02;1.3280797e-01;2.0750000e+02;1.8714647e-01;2.0750000e+02;2.4213435e-01;2.0750000e+02;2.6661107e-01;2.0750000e+02;2.5276572e-01;2.0750000e+02;2.2026581e-01;2.0750000e+02;1.4401658e-01;2.0750000e+02;7.9382986e-02;2.0750000e+02;2.6050925e-02;2.0750000e+02;-2.0531088e-02;2.0750000e+02;-6.3906476e-02;2.0750000e+02;-1.0705475e-01;2.0750000e+02;-1.4975546e-01;2.0750000e+02;-1.9177116e-01;2.0750000e+02;-8.0073029e-02;2.0750000e+02;-4.9870566e-02;2.0750000e+02;-1.4039762e-03;2.0750000e+02;6.0277663e-02;2.0750000e+02;1.3280797e-01;2.0750000e+02;1.8714647e-01;2.0750000e+02;2.4213435e-01;2.0750000e+02;2.6661107e-01;2.0750000e+02;2.5276572e-01;2.0750000e+02;2.2026581e-01;2.0750000e+02;1.4401658e-01;2.0750000e+02;7.9382986e-02;2.0750000e+02;2.6050925e-02;2.0750000e+02;-2.0531088e-02;2.0750000e+02;-6.3906476e-02;2.0750000e+02;-1.0705475e-01;2.0750000e+02;-1.4975546e-01;2.0750000e+02;-1.9177116e-01;2.0750000e+02;-8.0073029e-02;2.0750000e+02;-4.9870566e-02;2.0750000e+02;-1.4039762e-03;2.0750000e+02;6.0277663e-02;2.0750000e+02;1.3280797e-01;2.0750000e+02;1.8714647e-01;2.0750000e+02;2.4213435e-01;2.0750000e+02;2.6661107e-01;2.0750000e+02;2.5276572e-01;2.0750000e+02;2.2026581e-01;2.0750000e+02;1.4401658e-01;2.0750000e+02;7.9382986e-02;2.0750000e+02;2.6050925e-02;2.0750000e+02;-2.0531088e-02;2.0750000e+02;-6.3906476e-02;2.0750000e+02;-1.0705475e-01;2.0750000e+02;-1.4975546e-01;2.0750000e+02;-1.9177116e-01;2.0750000e+02;-8.0073029e-02;2.0750000e+02;-4.9870566e-02;2.0750000e+02;-1.4039762e-03;2.0750000e+02;6.0277663e-02;2.0750000e+02;1.3280797e-01;2.0750000e+02;1.8714647e-01;2.0750000e+02;2.4213435e-01;2.0750000e+02;2.6661107e-01;2.0750000e+02;2.5276572e-01;2.0750000e+02;2.2026581e-01;2.0750000e+02;1.4401658e-01;2.0750000e+02;7.9382986e-02;2.0750000e+02;2.6050925e-02;2.0750000e+02;-2.0531088e-02;2.0750000e+02;-6.3906476e-02;2.0750000e+02;-1.0705475e-01;2.0750000e+02;-1.4975546e-01;2.0750000e+02;-1.9177116e-01;2.0750000e+02;-8.0073029e-02;2.0750000e+02;-4.9870566e-02;2.0750000e+02;-1.4039762e-03;2.0750000e+02;6.0277663e-02;2.0750000e+02;1.3280797e-01;2.0750000e+02;1.8714647e-01;2.0750000e+02;2.4213435e-01;2.0750000e+02;2.6661107e-01;2.0750000e+02;2.5276572e-01;2.0750000e+02;2.2026581e-01;2.0750000e+02;1.4401658e-01;2.0750000e+02;7.9382986e-02;2.0750000e+02;2.6050925e-02;2.0750000e+02;-2.0531088e-02;2.0750000e+02;-6.3906476e-02;2.0750000e+02;-1.0705475e-01;2.0750000e+02;-1.4975546e-01;2.0750000e+02;-1.9177116e-01;2.0750000e+02;-8.0073029e-02;2.0750000e+02;-4.9870566e-02;2.0750000e+02;-1.4039762e-03;2.0750000e+02;6.0277663e-02;2.0750000e+02;1.3280797e-01;2.0750000e+02;1.8714647e-01;2.0750000e+02;2.4213435e-01;2.0750000e+02;2.6661107e-01;2.0750000e+02;2.5276572e-01;2.0750000e+02;2.2026581e-01;2.0750000e+02;1.4401658e-01;2.0750000e+02;7.9382986e-02;2.0750000e+02;2.6050925e-02;2.0750000e+02;-2.0531088e-02;2.0750000e+02;-6.3906476e-02;2.0750000e+02;-1.0705475e-01;2.0750000e+02;-1.4975546e-01;2.0750000e+02;-1.9177116e-01;2.0750000e+02;-8.0073029e-02;2.0750000e+02;-4.9870566e-02;2.0750000e+02;-1.4039762e-03;2.0750000e+02;6.0277663e-02;2.0750000e+02;1.3280797e-01;2.0750000e+02;1.8714647e-01;2.0750000e+02;2.4213435e-01;2.0750000e+02;2.6661107e-01;2.0750000e+02;2.5276572e-01;2.0750000e+02;2.2026581e-01;2.0750000e+02;1.4401658e-01;2.0750000e+02;7.9382986e-02;2.0750000e+02;2.6050925e-02;2.0750000e+02;-2.0531088e-02;2.0750000e+02;-6.3906476e-02;2.0750000e+02;-1.0705475e-01;2.0750000e+02;-1.4975546e-01;2.0750000e+02;-1.9177116e-01;2.0750000e+02;-8.0073029e-02;2.0750000e+02;-4.9870566e-02;2.0750000e+02;-1.4039762e-03;2.0750000e+02;6.0277663e-02;2.0750000e+02;1.3280797e-01;2.0750000e+02;1.8714647e-01;2.0750000e+02;2.4213435e-01;2.0750000e+02;2.6661107e-01;2.0750000e+02;2.5276572e-01;2.0750000e+02;2.2026581e-01;2.0750000e+02;1.4401658e-01;2.0750000e+02;7.9382986e-02;2.0750000e+02;2.6050925e-02;2.0750000e+02;-2.0531088e-02;2.0750000e+02;-6.3906476e-02;2.0750000e+02;-1.0705475e-01;2.0750000e+02;-1.4975546e-01;2.0750000e+02;-1.9177116e-01;2.0750000e+02;-8.0073029e-02;2.0750000e+02;-4.9870566e-02;2.0750000e+02;-1.4039762e-03;2.0750000e+02;6.0277663e-02;2.0750000e+02;1.3280797e-01;2.0750000e+02;1.8714647e-01;2.0750000e+02;2.4213435e-01;2.0750000e+02;2.6661107e-01;2.0750000e+02;2.5276572e-01;2.0750000e+02;2.2026581e-01;2.0750000e+02;1.4401658e-01;2.0750000e+02;7.9382986e-02;2.0750000e+02;2.6050925e-02;2.0750000e+02;-2.0531088e-02;2.0750000e+02;-6.3906476e-02;2.0750000e+02;-1.0705475e-01;2.0750000e+02;-1.4975546e-01;2.0750000e+02;-1.9177116e-01;2.0750000e+02;-8.0073029e-02;2.0750000e+02;-4.9870566e-02;2.0750000e+02;-1.4039762e-03;2.0750000e+02;6.0277663e-02;2.0750000e+02;1.3280797e-01;2.0750000e+02;1.8714647e-01;2.0750000e+02;2.4213435e-01;2.0750000e+02;2.6661107e-01;2.0750000e+02;2.5276572e-01;2.0750000e+02;2.2026581e-01;2.0750000e+02;1.4401658e-01;2.0750000e+02;7.9382986e-02;2.0750000e+02;2.6050925e-02;2.0750000e+02;-2.0531088e-02;2.0750000e+02;-6.3906476e-02;2.0750000e+02;-1.0705475e-01;2.0750000e+02;-1.4975546e-01;2.0750000e+02;-1.9177116e-01;2.0750000e+02;-8.0073029e-02;2.0750000e+02;-4.9870566e-02;2.0750000e+02;-1.4039762e-03;2.0750000e+02;6.0277663e-02;2.0750000e+02;1.3280797e-01;2.0750000e+02;1.8714647e-01;2.0750000e+02;2.4213435e-01;2.0750000e+02;2.6661107e-01;2.0750000e+02;2.5276572e-01;2.0750000e+02;2.2026581e-01;2.0750000e+02;1.4401658e-01;2.0750000e+02;7.9382986e-02;2.0750000e+02;2.6050925e-02;2.0750000e+02;-2.0531088e-02;2.0750000e+02;-6.3906476e-02;2.0750000e+02;-1.0705475e-01;2.0750000e+02;-1.4975546e-01;2.0750000e+02;-1.9177116e-01;2.0750000e+02;-8.0073029e-02;2.0750000e+02;-4.9870566e-02;2.0750000e+02;-1.4039762e-03;2.0750000e+02;6.0277663e-02;2.0750000e+02;1.3280797e-01;2.0750000e+02;1.8714647e-01;2.0750000e+02;2.4213435e-01;2.0750000e+02;2.6661107e-01;2.0750000e+02;2.5276572e-01;2.0750000e+02;2.2026581e-01;2.0750000e+02;1.4401658e-01;2.0750000e+02;7.9382986e-02;2.0750000e+02;2.6050925e-02;2.0750000e+02;-2.0531088e-02;2.0750000e+02;-6.3906476e-02;2.0750000e+02;-1.0705475e-01;2.0750000e+02;-1.4975546e-01;2.0750000e+02;-1.9177116e-01;2.0750000e+02;-8.0073029e-02;2.0750000e+02;-4.9870566e-02;2.0750000e+02;-1.4039762e-03;2.0750000e+02;6.0277663e-02;2.0750000e+02;1.3280797e-01;2.0750000e+02;1.8714647e-01;2.0750000e+02;2.4213435e-01;2.0750000e+02;2.6661107e-01;2.0750000e+02;2.5276572e-01;2.0750000e+02;2.2026581e-01;2.0750000e+02;1.4401658e-01;2.0750000e+02;7.9382986e-02;2.0750000e+02;2.6050925e-02;2.0750000e+02;-2.0531088e-02;2.0750000e+02;-6.3906476e-02;2.0750000e+02;-1.0705475e-01;2.0750000e+02;-1.4975546e-01;2.0750000e+02;-1.9177116e-01;2.0750000e+02;-8.0073029e-02;2.0750000e+02;-4.9870566e-02;2.0750000e+02;-1.4039762e-03;2.0750000e+02;6.0277663e-02;2.0750000e+02;1.3280797e-01;2.0750000e+02;1.8714647e-01;2.0750000e+02;2.4213435e-01;2.0750000e+02;2.6661107e-01;2.0750000e+02;2.5276572e-01;2.0750000e+02;2.2026581e-01;2.0750000e+02;1.4401658e-01;2.0750000e+02;7.9382986e-02;2.0750000e+02;2.6050925e-02;2.0750000e+02;-2.0531088e-02;2.0750000e+02;-6.3906476e-02;2.0750000e+02;-1.0705475e-01;2.0750000e+02;-1.4975546e-01;2.0750000e+02;-1.9177116e-01;2.0750000e+02;-8.0073029e-02;2.0750000e+02;-4.9870566e-02;2.0750000e+02;-1.4039762e-03;2.0750000e+02;6.0277663e-02;2.0750000e+02;1.3280797e-01;2.0750000e+02;1.8714647e-01;2.0750000e+02;2.4213435e-01;2.0750000e+02;2.6661107e-01;2.0750000e+02;2.5276572e-01;2.0750000e+02;2.2026581e-01;2.0750000e+02;1.4401658e-01;2.0750000e+02;7.9382986e-02;2.0750000e+02;2.6050925e-02;2.0750000e+02;-2.0531088e-02;2.0750000e+02;-6.3906476e-02;2.0750000e+02;-1.0705475e-01;2.0750000e+02;-1.4975546e-01;2.0750000e+02;-1.9177116e-01;2.0750000e+02;-8.0073029e-02;2.0750000e+02;-4.9870566e-02;2.0750000e+02;-1.4039762e-03;2.0750000e+02;6.0277663e-02;2.0750000e+02;1.3280797e-01;2.0750000e+02;1.8714647e-01;2.0750000e+02;2.4213435e-01;2.0750000e+02;2.6661107e-01;2.0750000e+02;2.5276572e-01;2.0750000e+02;2.2026581e-01;2.0750000e+02;1.4401658e-01;2.0750000e+02;7.9382986e-02;2.0750000e+02;2.6050925e-02;2.0750000e+02;-2.0531088e-02;2.0750000e+02;-6.3906476e-02;2.0750000e+02;-1.0705475e-01;2.0750000e+02;-1.4975546e-01;2.0750000e+02;-1.9177116e-01;2.0750000e+02;-8.0073029e-02;2.0750000e+02;-4.9870566e-02;2.0750000e+02;-1.4039762e-03;2.0750000e+02;6.0277663e-02;2.0750000e+02;1.3280797e-01;2.0750000e+02;1.8714647e-01;2.0750000e+02;2.4213435e-01;2.0750000e+02;2.6661107e-01;2.0750000e+02;2.5276572e-01;2.0750000e+02;2.2026581e-01;2.0750000e+02;1.4401658e-01;2.0750000e+02;7.9382986e-02;2.0750000e+02;2.6050925e-02;2.0750000e+02;-2.0531088e-02;2.0750000e+02;-6.3906476e-02;2.0750000e+02;-1.0705475e-01;2.0750000e+02;-1.4975546e-01;2.0750000e+02;-1.9177116e-01;2.0750000e+02;-8.0073029e-02;2.0750000e+02;-4.9870566e-02;2.0750000e+02;-1.4039762e-03;2.0750000e+02;6.0277663e-02;2.0750000e+02;1.3280797e-01;2.0750000e+02;1.8714647e-01;2.0750000e+02;2.4213435e-01;2.0750000e+02;2.6661107e-01;2.0750000e+02;2.5276572e-01;2.0750000e+02;2.2026581e-01;2.0750000e+02;1.4401658e-01;2.0750000e+02;7.9382986e-02;2.0750000e+02;2.6050925e-02;2.0750000e+02;-2.0531088e-02;2.0750000e+02;-6.3906476e-02;2.0750000e+02;-1.0705475e-01;2.0750000e+02;-1.4975546e-01;2.0750000e+02;-1.9177116e-01;2.0750000e+02;-8.0073029e-02;2.0750000e+02;-4.9870566e-02;2.0750000e+02;-1.4039762e-03;2.0750000e+02;6.0277663e-02;2.0750000e+02;1.3280797e-01;2.0750000e+02;1.8714647e-01;2.0750000e+02;2.4213435e-01;2.0750000e+02;2.6661107e-01;2.0750000e+02;2.5276572e-01;2.0750000e+02;2.2026581e-01;2.0750000e+02;1.4401658e-01;2.0750000e+02;7.9382986e-02;2.0750000e+02;2.6050925e-02;2.0750000e+02;-2.0531088e-02;2.0750000e+02;-6.3906476e-02;2.0750000e+02;-1.0705475e-01;2.0750000e+02;-1.4975546e-01;2.0750000e+02;-1.9177116e-01;2.0750000e+02;-8.0073029e-02;2.0750000e+02;-4.9870566e-02;2.0750000e+02;-1.4039762e-03;2.0750000e+02;6.0277663e-02;2.0750000e+02;1.3280797e-01;2.0750000e+02;1.8714647e-01;2.0750000e+02;2.4213435e-01;2.0750000e+02;2.6661107e-01;2.0750000e+02;2.5276572e-01;2.0750000e+02;2.2026581e-01;2.0750000e+02;1.4401658e-01;2.0750000e+02;7.9382986e-02;2.0750000e+02;2.6050925e-02;2.0750000e+02;-2.0531088e-02;2.0750000e+02;-6.3906476e-02;2.0750000e+02;-1.0705475e-01;2.0750000e+02;-1.4975546e-01;2.0750000e+02;-1.9177116e-01
2.1250000e+02;-8.4266156e-02;2.1250000e+02;-6.0931932e-02;2.1250000e+02;-1.8315576e-02;2.1250000e+02;3.9630421e-02;2.1250000e+02;1.0849494e-01;2.1250000e+02;1.6033319e-01;2.1250000e+02;2.2221372e-01;2.1250000e+02;2.4476701e-01;2.1250000e+02;2.3298711e-01;2.1250000e+02;2.1310559e-01;2.1250000e+02;1.4144462e-01;2.1250000e+02;7.6500118e-02;2.1250000e+02;2.1895632e-02;2.1250000e+02;-2.5173038e-02;2.1250000e+02;-6.8848178e-02;2.1250000e+02;-1.1226431e-01;2.1250000e+02;-1.5527368e-01;2.1250000e+02;-1.9775015e-01;2.1250000e+02;-8.4266156e-02;2.1250000e+02;-6.0931932e-02;2.1250000e+02;-1.8315576e-02;2.1250000e+02;3.9630421e-02;2.1250000e+02;1.0849494e-01;2.1250000e+02;1.6033319e-01;2.1250000e+02;2.2221372e-01;2.1250000e+02;2.4476701e-01;2.1250000e+02;2.3298711e-01;2.1250000e+02;2.1310559e-01;2.1250000e+02;1.4144462e-01;2.1250000e+02;7.6500118e-02;2.1250000e+02;2.1895632e-02;2.1250000e+02;-2.5173038e-02;2.1250000e+02;-6.8848178e-02;2.1250000e+02;-1.1226431e-01;2.1250000e+02;-1.5527368e-01;2.1250000e+02;-1.9775015e-01;2.1250000e+02;-8.4266156e-02;2.1250000e+02;-6.0931932e-02;2.1250000e+02;-1.8315576e-02;2.1250000e+02;3.9630421e-02;2.1250000e+02;1.0849494e-01;2.1250000e+02;1.6033319e-01;2.1250000e+02;2.2221372e-01;2.1250000e+02;2.4476701e-01;2.1250000e+02;2.3298711e-01;2.1250000e+02;2.1310559e-01;2.1250000e+02;1.4144462e-01;2.1250000e+02;7.6500118e-02;2.1250000e+02;2.1895632e-02;2.1250000e+02;-2.5173038e-02;2.1250000e+02;-6.8848178e-02;2.1250000e+02;-1.1226431e-01;2.1250000e+02;-1.5527368e-01;2.1250000e+02;-1.9775015e-01;2.1250000e+02;-8.4266156e-02;2.1250000e+02;-6.0931932e-02;2.1250000e+02;-1.8315576e-02;2.1250000e+02;3.9630421e-02;2.1250000e+02;1.0849494e-01;2.1250000e+02;1.6033319e-01;2.1250000e+02;2.2221372e-01;2.1250000e+02;2.4476701e-01;2.1250000e+02;2.3298711e-01;2.1250000e+02;2.1310559e-01;2.1250000e+02;1.4144462e-01;2.1250000e+02;7.6500118e-02;2.1250000e+02;2.1895632e-02;2.1250000e+02;-2.5173038e-02;2.1250000e+02;-6.8848178e-02;2.1250000e+02;-1.1226431e-01;2.1250000e+02;-1.5527368e-01;2.1250000e+02;-1.9775015e-01;2.1250000e+02;-8.4266156e-02;2.1250000e+02;-6.0931932e-02;2.1250000e+02;-1.8315576e-02;2.1250000e+02;3.9630421e-02;2.1250000e+02;1.0849494e-01;2.1250000e+02;1.6033319e-01;2.1250000e+02;2.2221372e-01;2.1250000e+02;2.4476701e-01;2.1250000e+02;2.3298711e-01;2.1250000e+02;2.1310559e-01;2.1250000e+02;1.4144462e-01;2.1250000e+02;7.6500118e-02;2.1250000e+02;2.1895632e-02;2.1250000e+02;-2.5173038e-02;2.1250000e+02;-6.8848178e-02;2.1250000e+02;-1.1226431e-01;2.1250000e+02;-1.5527368e-01;2.1250000e+02;-1.9775015e-01;2.1250000e+02;-8.4266156e-02;2.1250000e+02;-6.0931932e-02;2.1250000e+02;-1.8315576e-02;2.1250000e+02;3.9630421e-02;2.1250000e+02;1.0849494e-01;2.1250000e+02;1.6033319e-01;2.1250000e+02;2.2221372e-01;2.1250000e+02;2.4476701e-01;2.1250000e+02;2.3298711e-01;2.1250000e+02;2.1310559e-01;2.1250000e+02;1.4144462e-01;2.1250000e+02;7.6500118e-02;2.1250000e+02;2.1895632e-02;2.1250000e+02;-2.5173038e-02;2.1250000e+02;-6.8848178e-02;2.1250000e+02;-1.1226431e-01;2.1250000e+02;-1.5527368e-01;2.1250000e+02;-1.9775015e-01;2.1250000e+02;-8.4266156e-02;2.1250000e+02;-6.0931932e-02;2.1250000e+02;-1.8315576e-02;2.1250000e+02;3.9630421e-02;2.1250000e+02;1.0849494e-01;2.1250000e+02;1.6033319e-01;2.1250000e+02;2.2221372e-01;2.1250000e+02;2.4476701e-01;2.1250000e+02;2.3298711e-01;2.1250000e+02;2.1310559e-01;2.1250000e+02;1.4144462e-01;2.1250000e+02;7.6500118e-02;2.1250000e+02;2.1895632e-02;2.1250000e+02;-2.5173038e-02;2.1250000e+02;-6.8848178e-02;2.1250000e+02;-1.1226431e-01;2.1250000e+02;-1.5527368e-01;2.1250000e+02;-1.9775015e-01;2.1250000e+02;-8.4266156e-02;2.1250000e+02;-6.0931932e-02;2.1250000e+02;-1.8315576e-02;2.1250000e+02;3.9630421e-02;2.1250000e+02;1.0849494e-01;2.1250000e+02;1.6033319e-01;2.1250000e+02;2.2221372e-01;2.1250000e+02;2.4476701e-01;2.1250000e+02;2.3298711e-01;2.1250000e+02;2.1310559e-01;2.1250000e+02;1.4144462e-01;2.1250000e+02;7.6500118e-02;2.1250000e+02;2.1895632e-02;2.1250000e+02;-2.5173038e-02;2.1250000e+02;-6.8848178e-02;2.1250000e+02;-1.1226431e-01;2.1250000e+02;-1.5527368e-01;2.1250000e+02;-1.9775015e-01;2.1250000e+02;-8.4266156e-02;2.1250000e+02;-6.0931932e-02;2.1250000e+02;-1.8315576e-02;2.1250000e+02;3.9630421e-02;2.1250000e+02;1.0849494e-01;2.1250000e+02;1.6033319e-01;2.1250000e+02;2.2221372e-01;2.1250000e+02;2.4476701e-01;2.1250000e+02;2.3298711e-01;2.1250000e+02;2.1310559e-01;2.1250000e+02;1.4144462e-01;2.1250000e+02;7.6500118e-02;2.1250000e+02;2.1895632e-02;2.1250000e+02;-2.5173038e-02;2.1250000e+02;-6.8848178e-02;2.1250000e+02;-1.1226431e-01;2.1250000e+02;-1.5527368e-01;2.1250000e+02;-1.9775015e-01;2.1250000e+02;-8.4266156e-02;2.1250000e+02;-6.0931932e-02;2.1250000e+02;-1.8315576e-02;2.1250000e+02;3.9630421e-02;2.1250000e+02;1.0849494e-01;2.1250000e+02;1.6033319e-01;2.1250000e+02;2.2221372e-01;2.1250000e+02;2.4476701e-01;2.1250000e+02;2.3298711e-01;2.1250000e+02;2.1310559e-01;2.1250000e+02;1.4144462e-01;2.1250000e+02;7.6500118e-02;2.1250000e+02;2.1895632e-02;2.1250000e+02;-2.5173038e-02;2.1250000e+02;-6.8848178e-02;2.1250000e+02;-1.1226431e-01;2.1250000e+02;-1.5527368e-01;2.1250000e+02;-1.9775015e-01;2.1250000e+02;-8.4266156e-02;2.1250000e+02;-6.0931932e-02;2.1250000e+02;-1.8315576e-02;2.1250000e+02;3.9630421e-02;2.1250000e+02;1.0849494e-01;2.1250000e+02;1.6033319e-01;2.1250000e+02;2.2221372e-01;2.1250000e+02;2.4476701e-01;2.1250000e+02;2.3298711e-01;2.1250000e+02;2.1310559e-01;2.1250000e+02;1.4144462e-01;2.1250000e+02;7.6500118e-02;2.1250000e+02;2.1895632e-02;2.1250000e+02;-2.5173038e-02;2.1250000e+02;-6.8848178e-02;2.1250000e+02;-1.1226431e-01;2.1250000e+02;-1.5527368e-01;2.1250000e+02;-1.9775015e-01;2.1250000e+02;-8.4266156e-02;2.1250000e+02;-6.0931932e-02;2.1250000e+02;-1.8315576e-02;2.1250000e+02;3.9630421e-02;2.1250000e+02;1.0849494e-01;2.1250000e+02;1.6033319e-01;2.1250000e+02;2.2221372e-01;2.1250000e+02;2.4476701e-01;2.1250000e+02;2.3298711e-01;2.1250000e+02;2.1310559e-01;2.1250000e+02;1.4144462e-01;2.1250000e+02;7.6500118e-02;2.1250000e+02;2.1895632e-02;2.1250000e+02;-2.5173038e-02;2.1250000e+02;-6.8848178e-02;2.1250000e+02;-1.1226431e-01;2.1250000e+02;-1.5527368e-01;2.1250000e+02;-1.9775015e-01;2.1250000e+02;-8.4266156e-02;2.1250000e+02;-6.0931932e-02;2.1250000e+02;-1.8315576e-02;2.1250000e+02;3.9630421e-02;2.1250000e+02;1.0849494e-01;2.1250000e+02;1.6033319e-01;2.1250000e+02;2.2221372e-01;2.1250000e+02;2.4476701e-01;2.1250000e+02;2.3298711e-01;2.1250000e+02;2.1310559e-01;2.1250000e+02;1.4144462e-01;2.1250000e+02;7.6500118e-02;2.1250000e+02;2.1895632e-02;2.1250000e+02;-2.5173038e-02;2.1250000e+02;-6.8848178e-02;2.1250000e+02;-1.1226431e-01;2.1250000e+02;-1.5527368e-01;2.1250000e+02;-1.9775015e-01;2.1250000e+02;-8.4266156e-02;2.1250000e+02;-6.0931932e-02;2.1250000e+02;-1.8315576e-02;2.1250000e+02;3.9630421e-02;2.1250000e+02;1.0849494e-01;2.1250000e+02;1.6033319e-01;2.1250000e+02;2.2221372e-01;2.1250000e+02;2.4476701e-01;2.1250000e+02;2.3298711e-01;2.1250000e+02;2.1310559e-01;2.1250000e+02;1.4144462e-01;2.1250000e+02;7.6500118e-02;2.1250000e+02;2.1895632e-02;2.1250000e+02;-2.5173038e-02;2.1250000e+02;-6.8848178e-02;2.1250000e+02;-1.1226431e-01;2.1250000e+02;-1.5527368e-01;2.1250000e+02;-1.9775015e-01;2.1250000e+02;-8.4266156e-02;2.1250000e+02;-6.0931932e-02;2.1250000e+02;-1.8315576e-02;2.1250000e+02;3.9630421e-02;2.1250000e+02;1.0849494e-01;2.1250000e+02;1.6033319e-01;2.1250000e+02;2.2221372e-01;2.1250000e+02;2.4476701e-01;2.1250000e+02;2.3298711e-01;2.1250000e+02;2.1310559e-01;2.1250000e+02;1.4144462e-01;2.1250000e+02;7.6500118e-02;2.1250000e+02;2.1895632e-02;2.1250000e+02;-2.5173038e-02;2.1250000e+02;-6.8848178e-02;2.1250000e+02;-1.1226431e-01;2.1250000e+02;-1.5527368e-01;2.1250000e+02;-1.9775015e-01;2.1250000e+02;-8.4266156e-02;2.1250000e+02;-6.0931932e-02;2.1250000e+02;-1.8315576e-02;2.1250000e+02;3.9630421e-02;2.1250000e+02;1.0849494e-01;2.1250000e+02;1.6033319e-01;2.1250000e+02;2.2221372e-01;2.1250000e+02;2.4476701e-01;2.1250000e+02;2.3298711e-01;2.1250000e+02;2.1310559e-01;2.1250000e+02;1.4144462e-01;2.1250000e+02;7.6500118e-02;2.1250000e+02;2.1895632e-02;2.1250000e+02;-2.5173038e-02;2.1250000e+02;-6.8848178e-02;2.1250000e+02;-1.1226431e-01;2.1250000e+02;-1.5527368e-01;2.1250000e+02;-1.9775015e-01;2.1250000e+02;-8.4266156e-02;2.1250000e+02;-6.0931932e-02;2.1250000e+02;-1.8315576e-02;2.1250000e+02;3.9630421e-02;2.1250000e+02;1.0849494e-01;2.1250000e+02;1.6033319e-01;2.1250000e+02;2.2221372e-01;2.1250000e+02;2.4476701e-01;2.1250000e+02;2.3298711e-01;2.1250000e+02;2.1310559e-01;2.1250000e+02;1.4144462e-01;2.1250000e+02;7.6500118e-02;2.1250000e+02;2.1895632e-02;2.1250000e+02;-2.5173038e-02;2.1250000e+02;-6.8848178e-02;2.1250000e+02;-1.1226431e-01;2.1250000e+02;-1.5527368e-01;2.1250000e+02;-1.9775015e-01;2.1250000e+02;-8.4266156e-02;2.1250000e+02;-6.0931932e-02;2.1250000e+02;-1.8315576e-02;2.1250000e+02;3.9630421e-02;2.1250000e+02;1.0849494e-01;2.1250000e+02;1.6033319e-01;2.1250000e+02;2.2221372e-01;2.1250000e+02;2.4476701e-01;2.1250000e+02;2.3298711e-01;2.1250000e+02;2.1310559e-01;2.1250000e+02;1.4144462e-01;2.1250000e+02;7.6500118e-02;2.1250000e+02;2.1895632e-02;2.1250000e+02;-2.5173038e-02;2.1250000e+02;-6.8848178e-02;2.1250000e+02;-1.1226431e-01;2.1250000e+02;-1.5527368e-01;2.1250000e+02;-1.9775015e-01;2.1250000e+02;-8.4266156e-02;2.1250000e+02;-6.0931932e-02;2.1250000e+02;-1.8315576e-02;2.1250000e+02;3.9630421e-02;2.1250000e+02;1.0849494e-01;2.1250000e+02;1.6033319e-01;2.1250000e+02;2.2221372e-01;2.1250000e+02;2.4476701e-01;2.1250000e+02;2.3298711e-01;2.1250000e+02;2.1310559e-01;2.1250000e+02;1.4144462e-01;2.1250000e+02;7.6500118e-02;2.1250000e+02;2.1895632e-02;2.1250000e+02;-2.5173038e-02;2.1250000e+02;-6.8848178e-02;2.1250000e+02;-1.1226431e-01;2.1250000e+02;-1.5527368e-01;2.1250000e+02;-1.9775015e-01;2.1250000e+02;-8.4266156e-02;2.1250000e+02;-6.0931932e-02;2.1250000e+02;-1.8315576e-02;2.1250000e+02;3.9630421e-02;2.1250000e+02;1.0849494e-01;2.1250000e+02;1.6033319e-01;2.1250000e+02;2.2221372e-01;2.1250000e+02;2.4476701e-01;2.1250000e+02;2.3298711e-01;2.1250000e+02;2.1310559e-01;2.1250000e+02;1.4144462e-01;2.1250000e+02;7.6500118e-02;2.1250000e+02;2.1895632e-02;2.1250000e+02;-2.5173038e-02;2.1250000e+02;-6.8848178e-02;2.1250000e+02;-1.1226431e-01;2.1250000e+02;-1.5527368e-01;2.1250000e+02;-1.9775015e-01;2.1250000e+02;-8.4266156e-02;2.1250000e+02;-6.0931932e-02;2.1250000e+02;-1.8315576e-02;2.1250000e+02;3.9630421e-02;2.1250000e+02;1.0849494e-01;2.1250000e+02;1.6033319e-01;2.1250000e+02;2.2221372e-01;2.1250000e+02;2.4476701e-01;2.1250000e+02;2.3298711e-01;2.1250000e+02;2.1310559e-01;2.1250000e+02;1.4144462e-01;2.1250000e+02;7.6500118e-02;2.1250000e+02;2.1895632e-02;2.1250000e+02;-2.5173038e-02;2.1250000e+02;-6.8848178e-02;2.1250000e+02;-1.1226431e-01;2.1250000e+02;-1.5527368e-01;2.1250000e+02;-1.9775015e-01;2.1250000e+02;-8.4266156e-02;2.1250000e+02;-6.0931932e-02;2.1250000e+02;-1.8315576e-02;2.1250000e+02;3.9630421e-02;2.1250000e+02;1.0849494e-01;2.1250000e+02;1.6033319e-01;2.1250000e+02;2.2221372e-01;2.1250000e+02;2.4476701e-01;2.1250000e+02;2.3298711e-01;2.1250000e+02;2.1310559e-01;2.1250000e+02;1.4144462e-01;2.1250000e+02;7.6500118e-02;2.1250000e+02;2.1895632e-02;2.1250000e+02;-2.5173038e-02;2.1250000e+02;-6.8848178e-02;2.1250000e+02;-1.1226431e-01;2.1250000e+02;-1.5527368e-01;2.1250000e+02;-1.9775015e-01;2.1250000e+02;-8.4266156e-02;2.1250000e+02;-6.0931932e-02;2.1250000e+02;-1.8315576e-02;2.1250000e+02;3.9630421e-02;2.1250000e+02;1.0849494e-01;2.1250000e+02;1.6033319e-01;2.1250000e+02;2.2221372e-01;2.1250000e+02;2.4476701e-01;2.1250000e+02;2.3298711e-01;2.1250000e+02;2.1310559e-01;2.1250000e+02;1.4144462e-01;2.1250000e+02;7.6500118e-02;2.1250000e+02;2.1895632e-02;2.1250000e+02;-2.5173038e-02;2.1250000e+02;-6.8848178e-02;2.1250000e+02;-1.1226431e-01;2.1250000e+02;-1.5527368e-01;2.1250000e+02;-1.9775015e-01;2.1250000e+02;-8.4266156e-02;2.1250000e+02;-6.0931932e-02;2.1250000e+02;-1.8315576e-02;2.1250000e+02;3.9630421e-02;2.1250000e+02;1.0849494e-01;2.1250000e+02;1.6033319e-01;2.1250000e+02;2.2221372e-01;2.1250000e+02;2.4476701e-01;2.1250000e+02;2.3298711e-01;2.1250000e+02;2.1310559e-01;2.1250000e+02;1.4144462e-01;2.1250000e+02;7.6500118e-02;2.1250000e+02;2.1895632e-02;2.1250000e+02;-2.5173038e-02;2.1250000e+02;-6.8848178e-02;2.1250000e+02;-1.1226431e-01;2.1250000e+02;-1.5527368e-01;2.1250000e+02;-1.9775015e-01;2.1250000e+02;-8.4266156e-02;2.1250000e+02;-6.0931932e-02;2.1250000e+02;-1.8315576e-02;2.1250000e+02;3.9630421e-02;2.1250000e+02;1.0849494e-01;2.1250000e+02;1.6033319e-01;2.1250000e+02;2.2221372e-01;2.1250000e+02;2.4476701e-01;2.1250000e+02;2.3298711e-01;2.1250000e+02;2.1310559e-01;2.1250000e+02;1.4144462e-01;2.1250000e+02;7.6500118e-02;2.1250000e+02;2.1895632e-02;2.1250000e+02;-2.5173038e-02;2.1250000e+02;-6.8848178e-02;2.1250000e+02;-1.1226431e-01;2.1250000e+02;-1.5527368e-01;2.1250000e+02;-1.9775015e-01;2.1250000e+02;-8.4266156e-02;2.1250000e+02;-6.0931932e-02;2.1250000e+02;-1.8315576e-02;2.1250000e+02;3.9630421e-02;2.1250000e+02;1.0849494e-01;2.1250000e+02;1.6033319e-01;2.1250000e+02;2.2221372e-01;2.1250000e+02;2.4476701e-01;2.1250000e+02;2.3298711e-01;2.1250000e+02;2.1310559e-01;2.1250000e+02;1.4144462e-01;2.1250000e+02;7.6500118e-02;2.1250000e+02;2.1895632e-02;2.1250000e+02;-2.5173038e-02;2.1250000e+02;-6.8848178e-02;2.1250000e+02;-1.1226431e-01;2.1250000e+02;-1.5527368e-01;2.1250000e+02;-1.9775015e-01;2.1250000e+02;-8.4266156e-02;2.1250000e+02;-6.0931932e-02;2.1250000e+02;-1.8315576e-02;2.1250000e+02;3.9630421e-02;2.1250000e+02;1.0849494e-01;2.1250000e+02;1.6033319e-01;2.1250000e+02;2.2221372e-01;2.1250000e+02;2.4476701e-01;2.1250000e+02;2.3298711e-01;2.1250000e+02;2.1310559e-01;2.1250000e+02;1.4144462e-01;2.1250000e+02;7.6500118e-02;2.1250000e+02;2.1895632e-02;2.1250000e+02;-2.5173038e-02;2.1250000e+02;-6.8848178e-02;2.1250000e+02;-1.1226431e-01;2.1250000e+02;-1.5527368e-01;2.1250000e+02;-1.9775015e-01;2.1250000e+02;-8.4266156e-02;2.1250000e+02;-6.0931932e-02;2.1250000e+02;-1.8315576e-02;2.1250000e+02;3.9630421e-02;2.1250000e+02;1.0849494e-01;2.1250000e+02;1.6033319e-01;2.1250000e+02;2.2221372e-01;2.1250000e+02;2.4476701e-01;2.1250000e+02;2.3298711e-01;2.1250000e+02;2.1310559e-01;2.1250000e+02;1.4144462e-01;2.1250000e+02;7.6500118e-02;2.1250000e+02;2.1895632e-02;2.1250000e+02;-2.5173038e-02;2.1250000e+02;-6.8848178e-02;2.1250000e+02;-1.1226431e-01;2.1250000e+02;-1.5527368e-01;2.1250000e+02;-1.9775015e-01;2.1250000e+02;-8.4266156e-02;2.1250000e+02;-6.0931932e-02;2.1250000e+02;-1.8315576e-02;2.1250000e+02;3.9630421e-02;2.1250000e+02;1.0849494e-01;2.1250000e+02;1.6033319e-01;2.1250000e+02;2.2221372e-01;2.1250000e+02;2.4476701e-01;2.1250000e+02;2.3298711e-01;2.1250000e+02;2.1310559e-01;2.1250000e+02;1.4144462e-01;2.1250000e+02;7.6500118e-02;2.1250000e+02;2.1895632e-02;2.1250000e+02;-2.5173038e-02;2.1250000e+02;-6.8848178e-02;2.1250000e+02;-1.1226431e-01;2.1250000e+02;-1.5527368e-01;2.1250000e+02;-1.9775015e-01;2.1250000e+02;-8.4266156e-02;2.1250000e+02;-6.0931932e-02;2.1250000e+02;-1.8315576e-02;2.1250000e+02;3.9630421e-02;2.1250000e+02;1.0849494e-01;2.1250000e+02;1.6033319e-01;2.1250000e+02;2.2221372e-01;2.1250000e+02;2.4476701e-01;2.1250000e+02;2.3298711e-01;2.1250000e+02;2.1310559e-01;2.1250000e+02;1.4144462e-01;2.1250000e+02;7.6500118e-02;2.1250000e+02;2.1895632e-02;2.1250000e+02;-2.5173038e-02;2.1250000e+02;-6.8848178e-02;2.1250000e+02;-1.1226431e-01;2.1250000e+02;-1.5527368e-01;2.1250000e+02;-1.9775015e-01;2.1250000e+02;-8.4266156e-02;2.1250000e+02;-6.0931932e-02;2.1250000e+02;-1.8315576e-02;2.1250000e+02;3.9630421e-02;2.1250000e+02;1.0849494e-01;2.1250000e+02;1.6033319e-01;2.1250000e+02;2.2221372e-01;2.1250000e+02;2.4476701e-01;2.1250000e+02;2.3298711e-01;2.1250000e+02;2.1310559e-01;2.1250000e+02;1.4144462e-01;2.1250000e+02;7.6500118e-02;2.1250000e+02;2.1895632e-02;2.1250000e+02;-2.5173038e-02;2.1250000e+02;-6.8848178e-02;2.1250000e+02;-1.1226431e-01;2.1250000e+02;-1.5527368e-01;2.1250000e+02;-1.9775015e-01;2.1250000e+02;-8.4266156e-02;2.1250000e+02;-6.0931932e-02;2.1250000e+02;-1.8315576e-02;2.1250000e+02;3.9630421e-02;2.1250000e+02;1.0849494e-01;2.1250000e+02;1.6033319e-01;2.1250000e+02;2.2221372e-01;2.1250000e+02;2.4476701e-01;2.1250000e+02;2.3298711e-01;2.1250000e+02;2.1310559e-01;2.1250000e+02;1.4144462e-01;2.1250000e+02;7.6500118e-02;2.1250000e+02;2.1895632e-02;2.1250000e+02;-2.5173038e-02;2.1250000e+02;-6.8848178e-02;2.1250000e+02;-1.1226431e-01;2.1250000e+02;-1.5527368e-01;2.1250000e+02;-1.9775015e-01;2.1250000e+02;-8.4266156e-02;2.1250000e+02;-6.0931932e-02;2.1250000e+02;-1.8315576e-02;2.1250000e+02;3.9630421e-02;2.1250000e+02;1.0849494e-01;2.1250000e+02;1.6033319e-01;2.1250000e+02;2.2221372e-01;2.1250000e+02;2.4476701e-01;2.1250000e+02;2.3298711e-01;2.1250000e+02;2.1310559e-01;2.1250000e+02;1.4144462e-01;2.1250000e+02;7.6500118e-02;2.1250000e+02;2.1895632e-02;2.1250000e+02;-2.5173038e-02;2.1250000e+02;-6.8848178e-02;2.1250000e+02;-1.1226431e-01;2.1250000e+02;-1.5527368e-01;2.1250000e+02;-1.9775015e-01;2.1250000e+02;-8.4266156e-02;2.1250000e+02;-6.0931932e-02;2.1250000e+02;-1.8315576e-02;2.1250000e+02;3.9630421e-02;2.1250000e+02;1.0849494e-01;2.1250000e+02;1.6033319e-01;2.1250000e+02;2.2221372e-01;2.1250000e+02;2.4476701e-01;2.1250000e+02;2.3298711e-01;2.1250000e+02;2.1310559e-01;2.1250000e+02;1.4144462e-01;2.1250000e+02;7.6500118e-02;2.1250000e+02;2.1895632e-02;2.1250000e+02;-2.5173038e-02;2.1250000e+02;-6.8848178e-02;2.1250000e+02;-1.1226431e-01;2.1250000e+02;-1.5527368e-01;2.1250000e+02;-1.9775015e-01;2.1250000e+02;-8.4266156e-02;2.1250000e+02;-6.0931932e-02;2.1250000e+02;-1.8315576e-02;2.1250000e+02;3.9630421e-02;2.1250000e+02;1.0849494e-01;2.1250000e+02;1.6033319e-01;2.1250000e+02;2.2221372e-01;2.1250000e+02;2.4476701e-01;2.1250000e+02;2.3298711e-01;2.1250000e+02;2.1310559e-01;2.1250000e+02;1.4144462e-01;2.1250000e+02;7.6500118e-02;2.1250000e+02;2.1895632e-02;2.1250000e+02;-2.5173038e-02;2.1250000e+02;-6.8848178e-02;2.1250000e+02;-1.1226431e-01;2.1250000e+02;-1.5527368e-01;2.1250000e+02;-1.9775015e-01;2.1250000e+02;-8.4266156e-02;2.1250000e+02;-6.0931932e-02;2.1250000e+02;-1.8315576e-02;2.1250000e+02;3.9630421e-02;2.1250000e+02;1.0849494e-01;2.1250000e+02;1.6033319e-01;2.1250000e+02;2.2221372e-01;2.1250000e+02;2.4476701e-01;2.1250000e+02;2.3298711e-01;2.1250000e+02;2.1310559e-01;2.1250000e+02;1.4144462e-01;2.1250000e+02;7.6500118e-02;2.1250000e+02;2.1895632e-02;2.1250000e+02;-2.5173038e-02;2.1250000e+02;-6.8848178e-02;2.1250000e+02;-1.1226431e-01;2.1250000e+02;-1.5527368e-01;2.1250000e+02;-1.9775015e-01;2.1250000e+02;-8.4266156e-02;2.1250000e+02;-6.0931932e-02;2.1250000e+02;-1.8315576e-02;2.1250000e+02;3.9630421e-02;2.1250000e+02;1.0849494e-01;2.1250000e+02;1.6033319e-01;2.1250000e+02;2.2221372e-01;2.1250000e+02;2.4476701e-01;2.1250000e+02;2.3298711e-01;2.1250000e+02;2.1310559e-01;2.1250000e+02;1.4144462e-01;2.1250000e+02;7.6500118e-02;2.1250000e+02;2.1895632e-02;2.1250000e+02;-2.5173038e-02;2.1250000e+02;-6.8848178e-02;2.1250000e+02;-1.1226431e-01;2.1250000e+02;-1.5527368e-01;2.1250000e+02;-1.9775015e-01;2.1250000e+02;-8.4266156e-02;2.1250000e+02;-6.0931932e-02;2.1250000e+02;-1.8315576e-02;2.1250000e+02;3.9630421e-02;2.1250000e+02;1.0849494e-01;2.1250000e+02;1.6033319e-01;2.1250000e+02;2.2221372e-01;2.1250000e+02;2.4476701e-01;2.1250000e+02;2.3298711e-01;2.1250000e+02;2.1310559e-01;2.1250000e+02;1.4144462e-01;2.1250000e+02;7.6500118e-02;2.1250000e+02;2.1895632e-02;2.1250000e+02;-2.5173038e-02;2.1250000e+02;-6.8848178e-02;2.1250000e+02;-1.1226431e-01;2.1250000e+02;-1.5527368e-01;2.1250000e+02;-1.9775015e-01;2.1250000e+02;-8.4266156e-02;2.1250000e+02;-6.0931932e-02;2.1250000e+02;-1.8315576e-02;2.1250000e+02;3.9630421e-02;2.1250000e+02;1.0849494e-01;2.1250000e+02;1.6033319e-01;2.1250000e+02;2.2221372e-01;2.1250000e+02;2.4476701e-01;2.1250000e+02;2.3298711e-01;2.1250000e+02;2.1310559e-01;2.1250000e+02;1.4144462e-01;2.1250000e+02;7.6500118e-02;2.1250000e+02;2.1895632e-02;2.1250000e+02;-2.5173038e-02;2.1250000e+02;-6.8848178e-02;2.1250000e+02;-1.1226431e-01;2.1250000e+02;-1.5527368e-01;2.1250000e+02;-1.9775015e-01;2.1250000e+02;-8.4266156e-02;2.1250000e+02;-6.0931932e-02;2.1250000e+02;-1.8315576e-02;2.1250000e+02;3.9630421e-02;2.1250000e+02;1.0849494e-01;2.1250000e+02;1.6033319e-01;2.1250000e+02;2.2221372e-01;2.1250000e+02;2.4476701e-01;2.1250000e+02;2.3298711e-01;2.1250000e+02;2.1310559e-01;2.1250000e+02;1.4144462e-01;2.1250000e+02;7.6500118e-02;2.1250000e+02;2.1895632e-02;2.1250000e+02;-2.5173038e-02;2.1250000e+02;-6.8848178e-02;2.1250000e+02;-1.1226431e-01;2.1250000e+02;-1.5527368e-01;2.1250000e+02;-1.9775015e-01;2.1250000e+02;-8.4266156e-02;2.1250000e+02;-6.0931932e-02;2.1250000e+02;-1.8315576e-02;2.1250000e+02;3.9630421e-02;2.1250000e+02;1.0849494e-01;2.1250000e+02;1.6033319e-01;2.1250000e+02;2.2221372e-01;2.1250000e+02;2.4476701e-01;2.1250000e+02;2.3298711e-01;2.1250000e+02;2.1310559e-01;2.1250000e+02;1.4144462e-01;2.1250000e+02;7.6500118e-02;2.1250000e+02;2.1895632e-02;2.1250000e+02;-2.5173038e-02;2.1250000e+02;-6.8848178e-02;2.1250000e+02;-1.1226431e-01;2.1250000e+02;-1.5527368e-01;2.1250000e+02;-1.9775015e-01;2.1250000e+02;-8.4266156e-02;2.1250000e+02;-6.0931932e-02;2.1250000e+02;-1.8315576e-02;2.1250000e+02;3.9630421e-02;2.1250000e+02;1.0849494e-01;2.1250000e+02;1.6033319e-01;2.1250000e+02;2.2221372e-01;2.1250000e+02;2.4476701e-01;2.1250000e+02;2.3298711e-01;2.1250000e+02;2.1310559e-01;2.1250000e+02;1.4144462e-01;2.1250000e+02;7.6500118e-02;2.1250000e+02;2.1895632e-02;2.1250000e+02;-2.5173038e-02;2.1250000e+02;-6.8848178e-02;2.1250000e+02;-1.1226431e-01;2.1250000e+02;-1.5527368e-01;2.1250000e+02;-1.9775015e-01;2.1250000e+02;-8.4266156e-02;2.1250000e+02;-6.0931932e-02;2.1250000e+02;-1.8315576e-02;2.1250000e+02;3.9630421e-02;2.1250000e+02;1.0849494e-01;2.1250000e+02;1.6033319e-01;2.1250000e+02;2.2221372e-01;2.1250000e+02;2.4476701e-01;2.1250000e+02;2.3298711e-01;2.1250000e+02;2.1310559e-01;2.1250000e+02;1.4144462e-01;2.1250000e+02;7.6500118e-02;2.1250000e+02;2.1895632e-02;2.1250000e+02;-2.5173038e-02;2.1250000e+02;-6.8848178e-02;2.1250000e+02;-1.1226431e-01;2.1250000e+02;-1.5527368e-01;2.1250000e+02;-1.9775015e-01;2.1250000e+02;-8.4266156e-02;2.1250000e+02;-6.0931932e-02;2.1250000e+02;-1.8315576e-02;2.1250000e+02;3.9630421e-02;2.1250000e+02;1.0849494e-01;2.1250000e+02;1.6033319e-01;2.1250000e+02;2.2221372e-01;2.1250000e+02;2.4476701e-01;2.1250000e+02;2.3298711e-01;2.1250000e+02;2.1310559e-01;2.1250000e+02;1.4144462e-01;2.1250000e+02;7.6500118e-02;2.1250000e+02;2.1895632e-02;2.1250000e+02;-2.5173038e-02;2.1250000e+02;-6.8848178e-02;2.1250000e+02;-1.1226431e-01;2.1250000e+02;-1.5527368e-01;2.1250000e+02;-1.9775015e-01;2.1250000e+02;-8.4266156e-02;2.1250000e+02;-6.0931932e-02;2.1250000e+02;-1.8315576e-02;2.1250000e+02;3.9630421e-02;2.1250000e+02;1.0849494e-01;2.1250000e+02;1.6033319e-01;2.1250000e+02;2.2221372e-01;2.1250000e+02;2.4476701e-01;2.1250000e+02;2.3298711e-01;2.1250000e+02;2.1310559e-01;2.1250000e+02;1.4144462e-01;2.1250000e+02;7.6500118e-02;2.1250000e+02;2.1895632e-02;2.1250000e+02;-2.5173038e-02;2.1250000e+02;-6.8848178e-02;2.1250000e+02;-1.1226431e-01;2.1250000e+02;-1.5527368e-01;2.1250000e+02;-1.9775015e-01;2.1250000e+02;-8.4266156e-02;2.1250000e+02;-6.0931932e-02;2.1250000e+02;-1.8315576e-02;2.1250000e+02;3.9630421e-02;2.1250000e+02;1.0849494e-01;2.1250000e+02;1.6033319e-01;2.1250000e+02;2.2221372e-01;2.1250000e+02;2.4476701e-01;2.1250000e+02;2.3298711e-01;2.1250000e+02;2.1310559e-01;2.1250000e+02;1.4144462e-01;2.1250000e+02;7.6500118e-02;2.1250000e+02;2.1895632e-02;2.1250000e+02;-2.5173038e-02;2.1250000e+02;-6.8848178e-02;2.1250000e+02;-1.1226431e-01;2.1250000e+02;-1.5527368e-01;2.1250000e+02;-1.9775015e-01;2.1250000e+02;-8.4266156e-02;2.1250000e+02;-6.0931932e-02;2.1250000e+02;-1.8315576e-02;2.1250000e+02;3.9630421e-02;2.1250000e+02;1.0849494e-01;2.1250000e+02;1.6033319e-01;2.1250000e+02;2.2221372e-01;2.1250000e+02;2.4476701e-01;2.1250000e+02;2.3298711e-01;2.1250000e+02;2.1310559e-01;2.1250000e+02;1.4144462e-01;2.1250000e+02;7.6500118e-02;2.1250000e+02;2.1895632e-02;2.1250000e+02;-2.5173038e-02;2.1250000e+02;-6.8848178e-02;2.1250000e+02;-1.1226431e-01;2.1250000e+02;-1.5527368e-01;2.1250000e+02;-1.9775015e-01;2.1250000e+02;-8.4266156e-02;2.1250000e+02;-6.0931932e-02;2.1250000e+02;-1.8315576e-02;2.1250000e+02;3.9630421e-02;2.1250000e+02;1.0849494e-01;2.1250000e+02;1.6033319e-01;2.1250000e+02;2.2221372e-01;2.1250000e+02;2.4476701e-01;2.1250000e+02;2.3298711e-01;2.1250000e+02;2.1310559e-01;2.1250000e+02;1.4144462e-01;2.1250000e+02;7.6500118e-02;2.1250000e+02;2.1895632e-02;2.1250000e+02;-2.5173038e-02;2.1250000e+02;-6.8848178e-02;2.1250000e+02;-1.1226431e-01;2.1250000e+02;-1.5527368e-01;2.1250000e+02;-1.9775015e-01;2.1250000e+02;-8.4266156e-02;2.1250000e+02;-6.0931932e-02;2.1250000e+02;-1.8315576e-02;2.1250000e+02;3.9630421e-02;2.1250000e+02;1.0849494e-01;2.1250000e+02;1.6033319e-01;2.1250000e+02;2.2221372e-01;2.1250000e+02;2.4476701e-01;2.1250000e+02;2.3298711e-01;2.1250000e+02;2.1310559e-01;2.1250000e+02;1.4144462e-01;2.1250000e+02;7.6500118e-02;2.1250000e+02;2.1895632e-02;2.1250000e+02;-2.5173038e-02;2.1250000e+02;-6.8848178e-02;2.1250000e+02;-1.1226431e-01;2.1250000e+02;-1.5527368e-01;2.1250000e+02;-1.9775015e-01;2.1250000e+02;-8.4266156e-02;2.1250000e+02;-6.0931932e-02;2.1250000e+02;-1.8315576e-02;2.1250000e+02;3.9630421e-02;2.1250000e+02;1.0849494e-01;2.1250000e+02;1.6033319e-01;2.1250000e+02;2.2221372e-01;2.1250000e+02;2.4476701e-01;2.1250000e+02;2.3298711e-01;2.1250000e+02;2.1310559e-01;2.1250000e+02;1.4144462e-01;2.1250000e+02;7.6500118e-02;2.1250000e+02;2.1895632e-02;2.1250000e+02;-2.5173038e-02;2.1250000e+02;-6.8848178e-02;2.1250000e+02;-1.1226431e-01;2.1250000e+02;-1.5527368e-01;2.1250000e+02;-1.9775015e-01;2.1250000e+02;-8.4266156e-02;2.1250000e+02;-6.0931932e-02;2.1250000e+02;-1.8315576e-02;2.1250000e+02;3.9630421e-02;2.1250000e+02;1.0849494e-01;2.1250000e+02;1.6033319e-01;2.1250000e+02;2.2221372e-01;2.1250000e+02;2.4476701e-01;2.1250000e+02;2.3298711e-01;2.1250000e+02;2.1310559e-01;2.1250000e+02;1.4144462e-01;2.1250000e+02;7.6500118e-02;2.1250000e+02;2.1895632e-02;2.1250000e+02;-2.5173038e-02;2.1250000e+02;-6.8848178e-02;2.1250000e+02;-1.1226431e-01;2.1250000e+02;-1.5527368e-01;2.1250000e+02;-1.9775015e-01;2.1250000e+02;-8.4266156e-02;2.1250000e+02;-6.0931932e-02;2.1250000e+02;-1.8315576e-02;2.1250000e+02;3.9630421e-02;2.1250000e+02;1.0849494e-01;2.1250000e+02;1.6033319e-01;2.1250000e+02;2.2221372e-01;2.1250000e+02;2.4476701e-01;2.1250000e+02;2.3298711e-01;2.1250000e+02;2.1310559e-01;2.1250000e+02;1.4144462e-01;2.1250000e+02;7.6500118e-02;2.1250000e+02;2.1895632e-02;2.1250000e+02;-2.5173038e-02;2.1250000e+02;-6.8848178e-02;2.1250000e+02;-1.1226431e-01;2.1250000e+02;-1.5527368e-01;2.1250000e+02;-1.9775015e-01;2.1250000e+02;-8.4266156e-02;2.1250000e+02;-6.0931932e-02;2.1250000e+02;-1.8315576e-02;2.1250000e+02;3.9630421e-02;2.1250000e+02;1.0849494e-01;2.1250000e+02;1.6033319e-01;2.1250000e+02;2.2221372e-01;2.1250000e+02;2.4476701e-01;2.1250000e+02;2.3298711e-01;2.1250000e+02;2.1310559e-01;2.1250000e+02;1.4144462e-01;2.1250000e+02;7.6500118e-02;2.1250000e+02;2.1895632e-02;2.1250000e+02;-2.5173038e-02;2.1250000e+02;-6.8848178e-02;2.1250000e+02;-1.1226431e-01;2.1250000e+02;-1.5527368e-01;2.1250000e+02;-1.9775015e-01;2.1250000e+02;-8.4266156e-02;2.1250000e+02;-6.0931932e-02;2.1250000e+02;-1.8315576e-02;2.1250000e+02;3.9630421e-02;2.1250000e+02;1.0849494e-01;2.1250000e+02;1.6033319e-01;2.1250000e+02;2.2221372e-01;2.1250000e+02;2.4476701e-01;2.1250000e+02;2.3298711e-01;2.1250000e+02;2.1310559e-01;2.1250000e+02;1.4144462e-01;2.1250000e+02;7.6500118e-02;2.1250000e+02;2.1895632e-02;2.1250000e+02;-2.5173038e-02;2.1250000e+02;-6.8848178e-02;2.1250000e+02;-1.1226431e-01;2.1250000e+02;-1.5527368e-01;2.1250000e+02;-1.9775015e-01;2.1250000e+02;-8.4266156e-02;2.1250000e+02;-6.0931932e-02;2.1250000e+02;-1.8315576e-02;2.1250000e+02;3.9630421e-02;2.1250000e+02;1.0849494e-01;2.1250000e+02;1.6033319e-01;2.1250000e+02;2.2221372e-01;2.1250000e+02;2.4476701e-01;2.1250000e+02;2.3298711e-01;2.1250000e+02;2.1310559e-01;2.1250000e+02;1.4144462e-01;2.1250000e+02;7.6500118e-02;2.1250000e+02;2.1895632e-02;2.1250000e+02;-2.5173038e-02;2.1250000e+02;-6.8848178e-02;2.1250000e+02;-1.1226431e-01;2.1250000e+02;-1.5527368e-01;2.1250000e+02;-1.9775015e-01;2.1250000e+02;-8.4266156e-02;2.1250000e+02;-6.0931932e-02;2.1250000e+02;-1.8315576e-02;2.1250000e+02;3.9630421e-02;2.1250000e+02;1.0849494e-01;2.1250000e+02;1.6033319e-01;2.1250000e+02;2.2221372e-01;2.1250000e+02;2.4476701e-01;2.1250000e+02;2.3298711e-01;2.1250000e+02;2.1310559e-01;2.1250000e+02;1.4144462e-01;2.1250000e+02;7.6500118e-02;2.1250000e+02;2.1895632e-02;2.1250000e+02;-2.5173038e-02;2.1250000e+02;-6.8848178e-02;2.1250000e+02;-1.1226431e-01;2.1250000e+02;-1.5527368e-01;2.1250000e+02;-1.9775015e-01;2.1250000e+02;-8.4266156e-02;2.1250000e+02;-6.0931932e-02;2.1250000e+02;-1.8315576e-02;2.1250000e+02;3.9630421e-02;2.1250000e+02;1.0849494e-01;2.1250000e+02;1.6033319e-01;2.1250000e+02;2.2221372e-01;2.1250000e+02;2.4476701e-01;2.1250000e+02;2.3298711e-01;2.1250000e+02;2.1310559e-01;2.1250000e+02;1.4144462e-01;2.1250000e+02;7.6500118e-02;2.1250000e+02;2.1895632e-02;2.1250000e+02;-2.5173038e-02;2.1250000e+02;-6.8848178e-02;2.1250000e+02;-1.1226431e-01;2.1250000e+02;-1.5527368e-01;2.1250000e+02;-1.9775015e-01;2.1250000e+02;-8.4266156e-02;2.1250000e+02;-6.0931932e-02;2.1250000e+02;-1.8315576e-02;2.1250000e+02;3.9630421e-02;2.1250000e+02;1.0849494e-01;2.1250000e+02;1.6033319e-01;2.1250000e+02;2.2221372e-01;2.1250000e+02;2.4476701e-01;2.1250000e+02;2.3298711e-01;2.1250000e+02;2.1310559e-01;2.1250000e+02;1.4144462e-01;2.1250000e+02;7.6500118e-02;2.1250000e+02;2.1895632e-02;2.1250000e+02;-2.5173038e-02;2.1250000e+02;-6.8848178e-02;2.1250000e+02;-1.1226431e-01;2.1250000e+02;-1.5527368e-01;2.1250000e+02;-1.9775015e-01;2.1250000e+02;-8.4266156e-02;2.1250000e+02;-6.0931932e-02;2.1250000e+02;-1.8315576e-02;2.1250000e+02;3.9630421e-02;2.1250000e+02;1.0849494e-01;2.1250000e+02;1.6033319e-01;2.1250000e+02;2.2221372e-01;2.1250000e+02;2.4476701e-01;2.1250000e+02;2.3298711e-01;2.1250000e+02;2.1310559e-01;2.1250000e+02;1.4144462e-01;2.1250000e+02;7.6500118e-02;2.1250000e+02;2.1895632e-02;2.1250000e+02;-2.5173038e-02;2.1250000e+02;-6.8848178e-02;2.1250000e+02;-1.1226431e-01;2.1250000e+02;-1.5527368e-01;2.1250000e+02;-1.9775015e-01;2.1250000e+02;-8.4266156e-02;2.1250000e+02;-6.0931932e-02;2.1250000e+02;-1.8315576e-02;2.1250000e+02;3.9630421e-02;2.1250000e+02;1.0849494e-01;2.1250000e+02;1.6033319e-01;2.1250000e+02;2.2221372e-01;2.1250000e+02;2.4476701e-01;2.1250000e+02;2.3298711e-01;2.1250000e+02;2.1310559e-01;2.1250000e+02;1.4144462e-01;2.1250000e+02;7.6500118e-02;2.1250000e+02;2.1895632e-02;2.1250000e+02;-2.5173038e-02;2.1250000e+02;-6.8848178e-02;2.1250000e+02;-1.1226431e-01;2.1250000e+02;-1.5527368e-01;2.1250000e+02;-1.9775015e-01;2.1250000e+02;-8.4266156e-02;2.1250000e+02;-6.0931932e-02;2.1250000e+02;-1.8315576e-02;2.1250000e+02;3.9630421e-02;2.1250000e+02;1.0849494e-01;2.1250000e+02;1.6033319e-01;2.1250000e+02;2.2221372e-01;2.1250000e+02;2.4476701e-01;2.1250000e+02;2.3298711e-01;2.1250000e+02;2.1310559e-01;2.1250000e+02;1.4144462e-01;2.1250000e+02;7.6500118e-02;2.1250000e+02;2.1895632e-02;2.1250000e+02;-2.5173038e-02;2.1250000e+02;-6.8848178e-02;2.1250000e+02;-1.1226431e-01;2.1250000e+02;-1.5527368e-01;2.1250000e+02;-1.9775015e-01;2.1250000e+02;-8.4266156e-02;2.1250000e+02;-6.0931932e-02;2.1250000e+02;-1.8315576e-02;2.1250000e+02;3.9630421e-02;2.1250000e+02;1.0849494e-01;2.1250000e+02;1.6033319e-01;2.1250000e+02;2.2221372e-01;2.1250000e+02;2.4476701e-01;2.1250000e+02;2.3298711e-01;2.1250000e+02;2.1310559e-01;2.1250000e+02;1.4144462e-01;2.1250000e+02;7.6500118e-02;2.1250000e+02;2.1895632e-02;2.1250000e+02;-2.5173038e-02;2.1250000e+02;-6.8848178e-02;2.1250000e+02;-1.1226431e-01;2.1250000e+02;-1.5527368e-01;2.1250000e+02;-1.9775015e-01;2.1250000e+02;-8.4266156e-02;2.1250000e+02;-6.0931932e-02;2.1250000e+02;-1.8315576e-02;2.1250000e+02;3.9630421e-02;2.1250000e+02;1.0849494e-01;2.1250000e+02;1.6033319e-01;2.1250000e+02;2.2221372e-01;2.1250000e+02;2.4476701e-01;2.1250000e+02;2.3298711e-01;2.1250000e+02;2.1310559e-01;2.1250000e+02;1.4144462e-01;2.1250000e+02;7.6500118e-02;2.1250000e+02;2.1895632e-02;2.1250000e+02;-2.5173038e-02;2.1250000e+02;-6.8848178e-02;2.1250000e+02;-1.1226431e-01;2.1250000e+02;-1.5527368e-01;2.1250000e+02;-1.9775015e-01;2.1250000e+02;-8.4266156e-02;2.1250000e+02;-6.0931932e-02;2.1250000e+02;-1.8315576e-02;2.1250000e+02;3.9630421e-02;2.1250000e+02;1.0849494e-01;2.1250000e+02;1.6033319e-01;2.1250000e+02;2.2221372e-01;2.1250000e+02;2.4476701e-01;2.1250000e+02;2.3298711e-01;2.1250000e+02;2.1310559e-01;2.1250000e+02;1.4144462e-01;2.1250000e+02;7.6500118e-02;2.1250000e+02;2.1895632e-02;2.1250000e+02;-2.5173038e-02;2.1250000e+02;-6.8848178e-02;2.1250000e+02;-1.1226431e-01;2.1250000e+02;-1.5527368e-01;2.1250000e+02;-1.9775015e-01;2.1250000e+02;-8.4266156e-02;2.1250000e+02;-6.0931932e-02;2.1250000e+02;-1.8315576e-02;2.1250000e+02;3.9630421e-02;2.1250000e+02;1.0849494e-01;2.1250000e+02;1.6033319e-01;2.1250000e+02;2.2221372e-01;2.1250000e+02;2.4476701e-01;2.1250000e+02;2.3298711e-01;2.1250000e+02;2.1310559e-01;2.1250000e+02;1.4144462e-01;2.1250000e+02;7.6500118e-02;2.1250000e+02;2.1895632e-02;2.1250000e+02;-2.5173038e-02;2.1250000e+02;-6.8848178e-02;2.1250000e+02;-1.1226431e-01;2.1250000e+02;-1.5527368e-01;2.1250000e+02;-1.9775015e-01;2.1250000e+02;-8.4266156e-02;2.1250000e+02;-6.0931932e-02;2.1250000e+02;-1.8315576e-02;2.1250000e+02;3.9630421e-02;2.1250000e+02;1.0849494e-01;2.1250000e+02;1.6033319e-01;2.1250000e+02;2.2221372e-01;2.1250000e+02;2.4476701e-01;2.1250000e+02;2.3298711e-01;2.1250000e+02;2.1310559e-01;2.1250000e+02;1.4144462e-01;2.1250000e+02;7.6500118e-02;2.1250000e+02;2.1895632e-02;2.1250000e+02;-2.5173038e-02;2.1250000e+02;-6.8848178e-02;2.1250000e+02;-1.1226431e-01;2.1250000e+02;-1.5527368e-01;2.1250000e+02;-1.9775015e-01;2.1250000e+02;-8.4266156e-02;2.1250000e+02;-6.0931932e-02;2.1250000e+02;-1.8315576e-02;2.1250000e+02;3.9630421e-02;2.1250000e+02;1.0849494e-01;2.1250000e+02;1.6033319e-01;2.1250000e+02;2.2221372e-01;2.1250000e+02;2.4476701e-01;2.1250000e+02;2.3298711e-01;2.1250000e+02;2.1310559e-01;2.1250000e+02;1.4144462e-01;2.1250000e+02;7.6500118e-02;2.1250000e+02;2.1895632e-02;2.1250000e+02;-2.5173038e-02;2.1250000e+02;-6.8848178e-02;2.1250000e+02;-1.1226431e-01;2.1250000e+02;-1.5527368e-01;2.1250000e+02;-1.9775015e-01;2.1250000e+02;-8.4266156e-02;2.1250000e+02;-6.0931932e-02;2.1250000e+02;-1.8315576e-02;2.1250000e+02;3.9630421e-02;2.1250000e+02;1.0849494e-01;2.1250000e+02;1.6033319e-01;2.1250000e+02;2.2221372e-01;2.1250000e+02;2.4476701e-01;2.1250000e+02;2.3298711e-01;2.1250000e+02;2.1310559e-01;2.1250000e+02;1.4144462e-01;2.1250000e+02;7.6500118e-02;2.1250000e+02;2.1895632e-02;2.1250000e+02;-2.5173038e-02;2.1250000e+02;-6.8848178e-02;2.1250000e+02;-1.1226431e-01;2.1250000e+02;-1.5527368e-01;2.1250000e+02;-1.9775015e-01;2.1250000e+02;-8.4266156e-02;2.1250000e+02;-6.0931932e-02;2.1250000e+02;-1.8315576e-02;2.1250000e+02;3.9630421e-02;2.1250000e+02;1.0849494e-01;2.1250000e+02;1.6033319e-01;2.1250000e+02;2.2221372e-01;2.1250000e+02;2.4476701e-01;2.1250000e+02;2.3298711e-01;2.1250000e+02;2.1310559e-01;2.1250000e+02;1.4144462e-01;2.1250000e+02;7.6500118e-02;2.1250000e+02;2.1895632e-02;2.1250000e+02;-2.5173038e-02;2.1250000e+02;-6.8848178e-02;2.1250000e+02;-1.1226431e-01;2.1250000e+02;-1.5527368e-01;2.1250000e+02;-1.9775015e-01;2.1250000e+02;-8.4266156e-02;2.1250000e+02;-6.0931932e-02;2.1250000e+02;-1.8315576e-02;2.1250000e+02;3.9630421e-02;2.1250000e+02;1.0849494e-01;2.1250000e+02;1.6033319e-01;2.1250000e+02;2.2221372e-01;2.1250000e+02;2.4476701e-01;2.1250000e+02;2.3298711e-01;2.1250000e+02;2.1310559e-01;2.1250000e+02;1.4144462e-01;2.1250000e+02;7.6500118e-02;2.1250000e+02;2.1895632e-02;2.1250000e+02;-2.5173038e-02;2.1250000e+02;-6.8848178e-02;2.1250000e+02;-1.1226431e-01;2.1250000e+02;-1.5527368e-01;2.1250000e+02;-1.9775015e-01;2.1250000e+02;-8.4266156e-02;2.1250000e+02;-6.0931932e-02;2.1250000e+02;-1.8315576e-02;2.1250000e+02;3.9630421e-02;2.1250000e+02;1.0849494e-01;2.1250000e+02;1.6033319e-01;2.1250000e+02;2.2221372e-01;2.1250000e+02;2.4476701e-01;2.1250000e+02;2.3298711e-01;2.1250000e+02;2.1310559e-01;2.1250000e+02;1.4144462e-01;2.1250000e+02;7.6500118e-02;2.1250000e+02;2.1895632e-02;2.1250000e+02;-2.5173038e-02;2.1250000e+02;-6.8848178e-02;2.1250000e+02;-1.1226431e-01;2.1250000e+02;-1.5527368e-01;2.1250000e+02;-1.9775015e-01;2.1250000e+02;-8.4266156e-02;2.1250000e+02;-6.0931932e-02;2.1250000e+02;-1.8315576e-02;2.1250000e+02;3.9630421e-02;2.1250000e+02;1.0849494e-01;2.1250000e+02;1.6033319e-01;2.1250000e+02;2.2221372e-01;2.1250000e+02;2.4476701e-01;2.1250000e+02;2.3298711e-01;2.1250000e+02;2.1310559e-01;2.1250000e+02;1.4144462e-01;2.1250000e+02;7.6500118e-02;2.1250000e+02;2.1895632e-02;2.1250000e+02;-2.5173038e-02;2.1250000e+02;-6.8848178e-02;2.1250000e+02;-1.1226431e-01;2.1250000e+02;-1.5527368e-01;2.1250000e+02;-1.9775015e-01;2.1250000e+02;-8.4266156e-02;2.1250000e+02;-6.0931932e-02;2.1250000e+02;-1.8315576e-02;2.1250000e+02;3.9630421e-02;2.1250000e+02;1.0849494e-01;2.1250000e+02;1.6033319e-01;2.1250000e+02;2.2221372e-01;2.1250000e+02;2.4476701e-01;2.1250000e+02;2.3298711e-01;2.1250000e+02;2.1310559e-01;2.1250000e+02;1.4144462e-01;2.1250000e+02;7.6500118e-02;2.1250000e+02;2.1895632e-02;2.1250000e+02;-2.5173038e-02;2.1250000e+02;-6.8848178e-02;2.1250000e+02;-1.1226431e-01;2.1250000e+02;-1.5527368e-01;2.1250000e+02;-1.9775015e-01;2.1250000e+02;-8.4266156e-02;2.1250000e+02;-6.0931932e-02;2.1250000e+02;-1.8315576e-02;2.1250000e+02;3.9630421e-02;2.1250000e+02;1.0849494e-01;2.1250000e+02;1.6033319e-01;2.1250000e+02;2.2221372e-01;2.1250000e+02;2.4476701e-01;2.1250000e+02;2.3298711e-01;2.1250000e+02;2.1310559e-01;2.1250000e+02;1.4144462e-01;2.1250000e+02;7.6500118e-02;2.1250000e+02;2.1895632e-02;2.1250000e+02;-2.5173038e-02;2.1250000e+02;-6.8848178e-02;2.1250000e+02;-1.1226431e-01;2.1250000e+02;-1.5527368e-01;2.1250000e+02;-1.9775015e-01;2.1250000e+02;-8.4266156e-02;2.1250000e+02;-6.0931932e-02;2.1250000e+02;-1.8315576e-02;2.1250000e+02;3.9630421e-02;2.1250000e+02;1.0849494e-01;2.1250000e+02;1.6033319e-01;2.1250000e+02;2.2221372e-01;2.1250000e+02;2.4476701e-01;2.1250000e+02;2.3298711e-01;2.1250000e+02;2.1310559e-01;2.1250000e+02;1.4144462e-01;2.1250000e+02;7.6500118e-02;2.1250000e+02;2.1895632e-02;2.1250000e+02;-2.5173038e-02;2.1250000e+02;-6.8848178e-02;2.1250000e+02;-1.1226431e-01;2.1250000e+02;-1.5527368e-01;2.1250000e+02;-1.9775015e-01;2.1250000e+02;-8.4266156e-02;2.1250000e+02;-6.0931932e-02;2.1250000e+02;-1.8315576e-02;2.1250000e+02;3.9630421e-02;2.1250000e+02;1.0849494e-01;2.1250000e+02;1.6033319e-01;2.1250000e+02;2.2221372e-01;2.1250000e+02;2.4476701e-01;2.1250000e+02;2.3298711e-01;2.1250000e+02;2.1310559e-01;2.1250000e+02;1.4144462e-01;2.1250000e+02;7.6500118e-02;2.1250000e+02;2.1895632e-02;2.1250000e+02;-2.5173038e-02;2.1250000e+02;-6.8848178e-02;2.1250000e+02;-1.1226431e-01;2.1250000e+02;-1.5527368e-01;2.1250000e+02;-1.9775015e-01;2.1250000e+02;-8.4266156e-02;2.1250000e+02;-6.0931932e-02;2.1250000e+02;-1.8315576e-02;2.1250000e+02;3.9630421e-02;2.1250000e+02;1.0849494e-01;2.1250000e+02;1.6033319e-01;2.1250000e+02;2.2221372e-01;2.1250000e+02;2.4476701e-01;2.1250000e+02;2.3298711e-01;2.1250000e+02;2.1310559e-01;2.1250000e+02;1.4144462e-01;2.1250000e+02;7.6500118e-02;2.1250000e+02;2.1895632e-02;2.1250000e+02;-2.5173038e-02;2.1250000e+02;-6.8848178e-02;2.1250000e+02;-1.1226431e-01;2.1250000e+02;-1.5527368e-01;2.1250000e+02;-1.9775015e-01;2.1250000e+02;-8.4266156e-02;2.1250000e+02;-6.0931932e-02;2.1250000e+02;-1.8315576e-02;2.1250000e+02;3.9630421e-02;2.1250000e+02;1.0849494e-01;2.1250000e+02;1.6033319e-01;2.1250000e+02;2.2221372e-01;2.1250000e+02;2.4476701e-01;2.1250000e+02;2.3298711e-01;2.1250000e+02;2.1310559e-01;2.1250000e+02;1.4144462e-01;2.1250000e+02;7.6500118e-02;2.1250000e+02;2.1895632e-02;2.1250000e+02;-2.5173038e-02;2.1250000e+02;-6.8848178e-02;2.1250000e+02;-1.1226431e-01;2.1250000e+02;-1.5527368e-01;2.1250000e+02;-1.9775015e-01;2.1250000e+02;-8.4266156e-02;2.1250000e+02;-6.0931932e-02;2.1250000e+02;-1.8315576e-02;2.1250000e+02;3.9630421e-02;2.1250000e+02;1.0849494e-01;2.1250000e+02;1.6033319e-01;2.1250000e+02;2.2221372e-01;2.1250000e+02;2.4476701e-01;2.1250000e+02;2.3298711e-01;2.1250000e+02;2.1310559e-01;2.1250000e+02;1.4144462e-01;2.1250000e+02;7.6500118e-02;2.1250000e+02;2.1895632e-02;2.1250000e+02;-2.5173038e-02;2.1250000e+02;-6.8848178e-02;2.1250000e+02;-1.1226431e-01;2.1250000e+02;-1.5527368e-01;2.1250000e+02;-1.9775015e-01;2.1250000e+02;-8.4266156e-02;2.1250000e+02;-6.0931932e-02;2.1250000e+02;-1.8315576e-02;2.1250000e+02;3.9630421e-02;2.1250000e+02;1.0849494e-01;2.1250000e+02;1.6033319e-01;2.1250000e+02;2.2221372e-01;2.1250000e+02;2.4476701e-01;2.1250000e+02;2.3298711e-01;2.1250000e+02;2.1310559e-01;2.1250000e+02;1.4144462e-01;2.1250000e+02;7.6500118e-02;2.1250000e+02;2.1895632e-02;2.1250000e+02;-2.5173038e-02;2.1250000e+02;-6.8848178e-02;2.1250000e+02;-1.1226431e-01;2.1250000e+02;-1.5527368e-01;2.1250000e+02;-1.9775015e-01;2.1250000e+02;-8.4266156e-02;2.1250000e+02;-6.0931932e-02;2.1250000e+02;-1.8315576e-02;2.1250000e+02;3.9630421e-02;2.1250000e+02;1.0849494e-01;2.1250000e+02;1.6033319e-01;2.1250000e+02;2.2221372e-01;2.1250000e+02;2.4476701e-01;2.1250000e+02;2.3298711e-01;2.1250000e+02;2.1310559e-01;2.1250000e+02;1.4144462e-01;2.1250000e+02;7.6500118e-02;2.1250000e+02;2.1895632e-02;2.1250000e+02;-2.5173038e-02;2.1250000e+02;-6.8848178e-02;2.1250000e+02;-1.1226431e-01;2.1250000e+02;-1.5527368e-01;2.1250000e+02;-1.9775015e-01;2.1250000e+02;-8.4266156e-02;2.1250000e+02;-6.0931932e-02;2.1250000e+02;-1.8315576e-02;2.1250000e+02;3.9630421e-02;2.1250000e+02;1.0849494e-01;2.1250000e+02;1.6033319e-01;2.1250000e+02;2.2221372e-01;2.1250000e+02;2.4476701e-01;2.1250000e+02;2.3298711e-01;2.1250000e+02;2.1310559e-01;2.1250000e+02;1.4144462e-01;2.1250000e+02;7.6500118e-02;2.1250000e+02;2.1895632e-02;2.1250000e+02;-2.5173038e-02;2.1250000e+02;-6.8848178e-02;2.1250000e+02;-1.1226431e-01;2.1250000e+02;-1.5527368e-01;2.1250000e+02;-1.9775015e-01;2.1250000e+02;-8.4266156e-02;2.1250000e+02;-6.0931932e-02;2.1250000e+02;-1.8315576e-02;2.1250000e+02;3.9630421e-02;2.1250000e+02;1.0849494e-01;2.1250000e+02;1.6033319e-01;2.1250000e+02;2.2221372e-01;2.1250000e+02;2.4476701e-01;2.1250000e+02;2.3298711e-01;2.1250000e+02;2.1310559e-01;2.1250000e+02;1.4144462e-01;2.1250000e+02;7.6500118e-02;2.1250000e+02;2.1895632e-02;2.1250000e+02;-2.5173038e-02;2.1250000e+02;-6.8848178e-02;2.1250000e+02;-1.1226431e-01;2.1250000e+02;-1.5527368e-01;2.1250000e+02;-1.9775015e-01;2.1250000e+02;-8.4266156e-02;2.1250000e+02;-6.0931932e-02;2.1250000e+02;-1.8315576e-02;2.1250000e+02;3.9630421e-02;2.1250000e+02;1.0849494e-01;2.1250000e+02;1.6033319e-01;2.1250000e+02;2.2221372e-01;2.1250000e+02;2.4476701e-01;2.1250000e+02;2.3298711e-01;2.1250000e+02;2.1310559e-01;2.1250000e+02;1.4144462e-01;2.1250000e+02;7.6500118e-02;2.1250000e+02;2.1895632e-02;2.1250000e+02;-2.5173038e-02;2.1250000e+02;-6.8848178e-02;2.1250000e+02;-1.1226431e-01;2.1250000e+02;-1.5527368e-01;2.1250000e+02;-1.9775015e-01;2.1250000e+02;-8.4266156e-02;2.1250000e+02;-6.0931932e-02;2.1250000e+02;-1.8315576e-02;2.1250000e+02;3.9630421e-02;2.1250000e+02;1.0849494e-01;2.1250000e+02;1.6033319e-01;2.1250000e+02;2.2221372e-01;2.1250000e+02;2.4476701e-01;2.1250000e+02;2.3298711e-01;2.1250000e+02;2.1310559e-01;2.1250000e+02;1.4144462e-01;2.1250000e+02;7.6500118e-02;2.1250000e+02;2.1895632e-02;2.1250000e+02;-2.5173038e-02;2.1250000e+02;-6.8848178e-02;2.1250000e+02;-1.1226431e-01;2.1250000e+02;-1.5527368e-01;2.1250000e+02;-1.9775015e-01;2.1250000e+02;-8.4266156e-02;2.1250000e+02;-6.0931932e-02;2.1250000e+02;-1.8315576e-02;2.1250000e+02;3.9630421e-02;2.1250000e+02;1.0849494e-01;2.1250000e+02;1.6033319e-01;2.1250000e+02;2.2221372e-01;2.1250000e+02;2.4476701e-01;2.1250000e+02;2.3298711e-01;2.1250000e+02;2.1310559e-01;2.1250000e+02;1.4144462e-01;2.1250000e+02;7.6500118e-02;2.1250000e+02;2.1895632e-02;2.1250000e+02;-2.5173038e-02;2.1250000e+02;-6.8848178e-02;2.1250000e+02;-1.1226431e-01;2.1250000e+02;-1.5527368e-01;2.1250000e+02;-1.9775015e-01;2.1250000e+02;-8.4266156e-02;2.1250000e+02;-6.0931932e-02;2.1250000e+02;-1.8315576e-02;2.1250000e+02;3.9630421e-02;2.1250000e+02;1.0849494e-01;2.1250000e+02;1.6033319e-01;2.1250000e+02;2.2221372e-01;2.1250000e+02;2.4476701e-01;2.1250000e+02;2.3298711e-01;2.1250000e+02;2.1310559e-01;2.1250000e+02;1.4144462e-01;2.1250000e+02;7.6500118e-02;2.1250000e+02;2.1895632e-02;2.1250000e+02;-2.5173038e-02;2.1250000e+02;-6.8848178e-02;2.1250000e+02;-1.1226431e-01;2.1250000e+02;-1.5527368e-01;2.1250000e+02;-1.9775015e-01;2.1250000e+02;-8.4266156e-02;2.1250000e+02;-6.0931932e-02;2.1250000e+02;-1.8315576e-02;2.1250000e+02;3.9630421e-02;2.1250000e+02;1.0849494e-01;2.1250000e+02;1.6033319e-01;2.1250000e+02;2.2221372e-01;2.1250000e+02;2.4476701e-01;2.1250000e+02;2.3298711e-01;2.1250000e+02;2.1310559e-01;2.1250000e+02;1.4144462e-01;2.1250000e+02;7.6500118e-02;2.1250000e+02;2.1895632e-02;2.1250000e+02;-2.5173038e-02;2.1250000e+02;-6.8848178e-02;2.1250000e+02;-1.1226431e-01;2.1250000e+02;-1.5527368e-01;2.1250000e+02;-1.9775015e-01;2.1250000e+02;-8.4266156e-02;2.1250000e+02;-6.0931932e-02;2.1250000e+02;-1.8315576e-02;2.1250000e+02;3.9630421e-02;2.1250000e+02;1.0849494e-01;2.1250000e+02;1.6033319e-01;2.1250000e+02;2.2221372e-01;2.1250000e+02;2.4476701e-01;2.1250000e+02;2.3298711e-01;2.1250000e+02;2.1310559e-01;2.1250000e+02;1.4144462e-01;2.1250000e+02;7.6500118e-02;2.1250000e+02;2.1895632e-02;2.1250000e+02;-2.5173038e-02;2.1250000e+02;-6.8848178e-02;2.1250000e+02;-1.1226431e-01;2.1250000e+02;-1.5527368e-01;2.1250000e+02;-1.9775015e-01;2.1250000e+02;-8.4266156e-02;2.1250000e+02;-6.0931932e-02;2.1250000e+02;-1.8315576e-02;2.1250000e+02;3.9630421e-02;2.1250000e+02;1.0849494e-01;2.1250000e+02;1.6033319e-01;2.1250000e+02;2.2221372e-01;2.1250000e+02;2.4476701e-01;2.1250000e+02;2.3298711e-01;2.1250000e+02;2.1310559e-01;2.1250000e+02;1.4144462e-01;2.1250000e+02;7.6500118e-02;2.1250000e+02;2.1895632e-02;2.1250000e+02;-2.5173038e-02;2.1250000e+02;-6.8848178e-02;2.1250000e+02;-1.1226431e-01;2.1250000e+02;-1.5527368e-01;2.1250000e+02;-1.9775015e-01;2.1250000e+02;-8.4266156e-02;2.1250000e+02;-6.0931932e-02;2.1250000e+02;-1.8315576e-02;2.1250000e+02;3.9630421e-02;2.1250000e+02;1.0849494e-01;2.1250000e+02;1.6033319e-01;2.1250000e+02;2.2221372e-01;2.1250000e+02;2.4476701e-01;2.1250000e+02;2.3298711e-01;2.1250000e+02;2.1310559e-01;2.1250000e+02;1.4144462e-01;2.1250000e+02;7.6500118e-02;2.1250000e+02;2.1895632e-02;2.1250000e+02;-2.5173038e-02;2.1250000e+02;-6.8848178e-02;2.1250000e+02;-1.1226431e-01;2.1250000e+02;-1.5527368e-01;2.1250000e+02;-1.9775015e-01;2.1250000e+02;-8.4266156e-02;2.1250000e+02;-6.0931932e-02;2.1250000e+02;-1.8315576e-02;2.1250000e+02;3.9630421e-02;2.1250000e+02;1.0849494e-01;2.1250000e+02;1.6033319e-01;2.1250000e+02;2.2221372e-01;2.1250000e+02;2.4476701e-01;2.1250000e+02;2.3298711e-01;2.1250000e+02;2.1310559e-01;2.1250000e+02;1.4144462e-01;2.1250000e+02;7.6500118e-02;2.1250000e+02;2.1895632e-02;2.1250000e+02;-2.5173038e-02;2.1250000e+02;-6.8848178e-02;2.1250000e+02;-1.1226431e-01;2.1250000e+02;-1.5527368e-01;2.1250000e+02;-1.9775015e-01;2.1250000e+02;-8.4266156e-02;2.1250000e+02;-6.0931932e-02;2.1250000e+02;-1.8315576e-02;2.1250000e+02;3.9630421e-02;2.1250000e+02;1.0849494e-01;2.1250000e+02;1.6033319e-01;2.1250000e+02;2.2221372e-01;2.1250000e+02;2.4476701e-01;2.1250000e+02;2.3298711e-01;2.1250000e+02;2.1310559e-01;2.1250000e+02;1.4144462e-01;2.1250000e+02;7.6500118e-02;2.1250000e+02;2.1895632e-02;2.1250000e+02;-2.5173038e-02;2.1250000e+02;-6.8848178e-02;2.1250000e+02;-1.1226431e-01;2.1250000e+02;-1.5527368e-01;2.1250000e+02;-1.9775015e-01;2.1250000e+02;-8.4266156e-02;2.1250000e+02;-6.0931932e-02;2.1250000e+02;-1.8315576e-02;2.1250000e+02;3.9630421e-02;2.1250000e+02;1.0849494e-01;2.1250000e+02;1.6033319e-01;2.1250000e+02;2.2221372e-01;2.1250000e+02;2.4476701e-01;2.1250000e+02;2.3298711e-01;2.1250000e+02;2.1310559e-01;2.1250000e+02;1.4144462e-01;2.1250000e+02;7.6500118e-02;2.1250000e+02;2.1895632e-02;2.1250000e+02;-2.5173038e-02;2.1250000e+02;-6.8848178e-02;2.1250000e+02;-1.1226431e-01;2.1250000e+02;-1.5527368e-01;2.1250000e+02;-1.9775015e-01;2.1250000e+02;-8.4266156e-02;2.1250000e+02;-6.0931932e-02;2.1250000e+02;-1.8315576e-02;2.1250000e+02;3.9630421e-02;2.1250000e+02;1.0849494e-01;2.1250000e+02;1.6033319e-01;2.1250000e+02;2.2221372e-01;2.1250000e+02;2.4476701e-01;2.1250000e+02;2.3298711e-01;2.1250000e+02;2.1310559e-01;2.1250000e+02;1.4144462e-01;2.1250000e+02;7.6500118e-02;2.1250000e+02;2.1895632e-02;2.1250000e+02;-2.5173038e-02;2.1250000e+02;-6.8848178e-02;2.1250000e+02;-1.1226431e-01;2.1250000e+02;-1.5527368e-01;2.1250000e+02;-1.9775015e-01;2.1250000e+02;-8.4266156e-02;2.1250000e+02;-6.0931932e-02;2.1250000e+02;-1.8315576e-02;2.1250000e+02;3.9630421e-02;2.1250000e+02;1.0849494e-01;2.1250000e+02;1.6033319e-01;2.1250000e+02;2.2221372e-01;2.1250000e+02;2.4476701e-01;2.1250000e+02;2.3298711e-01;2.1250000e+02;2.1310559e-01;2.1250000e+02;1.4144462e-01;2.1250000e+02;7.6500118e-02;2.1250000e+02;2.1895632e-02;2.1250000e+02;-2.5173038e-02;2.1250000e+02;-6.8848178e-02;2.1250000e+02;-1.1226431e-01;2.1250000e+02;-1.5527368e-01;2.1250000e+02;-1.9775015e-01;2.1250000e+02;-8.4266156e-02;2.1250000e+02;-6.0931932e-02;2.1250000e+02;-1.8315576e-02;2.1250000e+02;3.9630421e-02;2.1250000e+02;1.0849494e-01;2.1250000e+02;1.6033319e-01;2.1250000e+02;2.2221372e-01;2.1250000e+02;2.4476701e-01;2.1250000e+02;2.3298711e-01;2.1250000e+02;2.1310559e-01;2.1250000e+02;1.4144462e-01;2.1250000e+02;7.6500118e-02;2.1250000e+02;2.1895632e-02;2.1250000e+02;-2.5173038e-02;2.1250000e+02;-6.8848178e-02;2.1250000e+02;-1.1226431e-01;2.1250000e+02;-1.5527368e-01;2.1250000e+02;-1.9775015e-01;2.1250000e+02;-8.4266156e-02;2.1250000e+02;-6.0931932e-02;2.1250000e+02;-1.8315576e-02;2.1250000e+02;3.9630421e-02;2.1250000e+02;1.0849494e-01;2.1250000e+02;1.6033319e-01;2.1250000e+02;2.2221372e-01;2.1250000e+02;2.4476701e-01;2.1250000e+02;2.3298711e-01;2.1250000e+02;2.1310559e-01;2.1250000e+02;1.4144462e-01;2.1250000e+02;7.6500118e-02;2.1250000e+02;2.1895632e-02;2.1250000e+02;-2.5173038e-02;2.1250000e+02;-6.8848178e-02;2.1250000e+02;-1.1226431e-01;2.1250000e+02;-1.5527368e-01;2.1250000e+02;-1.9775015e-01;2.1250000e+02;-8.4266156e-02;2.1250000e+02;-6.0931932e-02;2.1250000e+02;-1.8315576e-02;2.1250000e+02;3.9630421e-02;2.1250000e+02;1.0849494e-01;2.1250000e+02;1.6033319e-01;2.1250000e+02;2.2221372e-01;2.1250000e+02;2.4476701e-01;2.1250000e+02;2.3298711e-01;2.1250000e+02;2.1310559e-01;2.1250000e+02;1.4144462e-01;2.1250000e+02;7.6500118e-02;2.1250000e+02;2.1895632e-02;2.1250000e+02;-2.5173038e-02;2.1250000e+02;-6.8848178e-02;2.1250000e+02;-1.1226431e-01;2.1250000e+02;-1.5527368e-01;2.1250000e+02;-1.9775015e-01;2.1250000e+02;-8.4266156e-02;2.1250000e+02;-6.0931932e-02;2.1250000e+02;-1.8315576e-02;2.1250000e+02;3.9630421e-02;2.1250000e+02;1.0849494e-01;2.1250000e+02;1.6033319e-01;2.1250000e+02;2.2221372e-01;2.1250000e+02;2.4476701e-01;2.1250000e+02;2.3298711e-01;2.1250000e+02;2.1310559e-01;2.1250000e+02;1.4144462e-01;2.1250000e+02;7.6500118e-02;2.1250000e+02;2.1895632e-02;2.1250000e+02;-2.5173038e-02;2.1250000e+02;-6.8848178e-02;2.1250000e+02;-1.1226431e-01;2.1250000e+02;-1.5527368e-01;2.1250000e+02;-1.9775015e-01;2.1250000e+02;-8.4266156e-02;2.1250000e+02;-6.0931932e-02;2.1250000e+02;-1.8315576e-02;2.1250000e+02;3.9630421e-02;2.1250000e+02;1.0849494e-01;2.1250000e+02;1.6033319e-01;2.1250000e+02;2.2221372e-01;2.1250000e+02;2.4476701e-01;2.1250000e+02;2.3298711e-01;2.1250000e+02;2.1310559e-01;2.1250000e+02;1.4144462e-01;2.1250000e+02;7.6500118e-02;2.1250000e+02;2.1895632e-02;2.1250000e+02;-2.5173038e-02;2.1250000e+02;-6.8848178e-02;2.1250000e+02;-1.1226431e-01;2.1250000e+02;-1.5527368e-01;2.1250000e+02;-1.9775015e-01;2.1250000e+02;-8.4266156e-02;2.1250000e+02;-6.0931932e-02;2.1250000e+02;-1.8315576e-02;2.1250000e+02;3.9630421e-02;2.1250000e+02;1.0849494e-01;2.1250000e+02;1.6033319e-01;2.1250000e+02;2.2221372e-01;2.1250000e+02;2.4476701e-01;2.1250000e+02;2.3298711e-01;2.1250000e+02;2.1310559e-01;2.1250000e+02;1.4144462e-01;2.1250000e+02;7.6500118e-02;2.1250000e+02;2.1895632e-02;2.1250000e+02;-2.5173038e-02;2.1250000e+02;-6.8848178e-02;2.1250000e+02;-1.1226431e-01;2.1250000e+02;-1.5527368e-01;2.1250000e+02;-1.9775015e-01;2.1250000e+02;-8.4266156e-02;2.1250000e+02;-6.0931932e-02;2.1250000e+02;-1.8315576e-02;2.1250000e+02;3.9630421e-02;2.1250000e+02;1.0849494e-01;2.1250000e+02;1.6033319e-01;2.1250000e+02;2.2221372e-01;2.1250000e+02;2.4476701e-01;2.1250000e+02;2.3298711e-01;2.1250000e+02;2.1310559e-01;2.1250000e+02;1.4144462e-01;2.1250000e+02;7.6500118e-02;2.1250000e+02;2.1895632e-02;2.1250000e+02;-2.5173038e-02;2.1250000e+02;-6.8848178e-02;2.1250000e+02;-1.1226431e-01;2.1250000e+02;-1.5527368e-01;2.1250000e+02;-1.9775015e-01;2.1250000e+02;-8.4266156e-02;2.1250000e+02;-6.0931932e-02;2.1250000e+02;-1.8315576e-02;2.1250000e+02;3.9630421e-02;2.1250000e+02;1.0849494e-01;2.1250000e+02;1.6033319e-01;2.1250000e+02;2.2221372e-01;2.1250000e+02;2.4476701e-01;2.1250000e+02;2.3298711e-01;2.1250000e+02;2.1310559e-01;2.1250000e+02;1.4144462e-01;2.1250000e+02;7.6500118e-02;2.1250000e+02;2.1895632e-02;2.1250000e+02;-2.5173038e-02;2.1250000e+02;-6.8848178e-02;2.1250000e+02;-1.1226431e-01;2.1250000e+02;-1.5527368e-01;2.1250000e+02;-1.9775015e-01;2.1250000e+02;-8.4266156e-02;2.1250000e+02;-6.0931932e-02;2.1250000e+02;-1.8315576e-02;2.1250000e+02;3.9630421e-02;2.1250000e+02;1.0849494e-01;2.1250000e+02;1.6033319e-01;2.1250000e+02;2.2221372e-01;2.1250000e+02;2.4476701e-01;2.1250000e+02;2.3298711e-01;2.1250000e+02;2.1310559e-01;2.1250000e+02;1.4144462e-01;2.1250000e+02;7.6500118e-02;2.1250000e+02;2.1895632e-02;2.1250000e+02;-2.5173038e-02;2.1250000e+02;-6.8848178e-02;2.1250000e+02;-1.1226431e-01;2.1250000e+02;-1.5527368e-01;2.1250000e+02;-1.9775015e-01;2.1250000e+02;-8.4266156e-02;2.1250000e+02;-6.0931932e-02;2.1250000e+02;-1.8315576e-02;2.1250000e+02;3.9630421e-02;2.1250000e+02;1.0849494e-01;2.1250000e+02;1.6033319e-01;2.1250000e+02;2.2221372e-01;2.1250000e+02;2.4476701e-01;2.1250000e+02;2.3298711e-01;2.1250000e+02;2.1310559e-01;2.1250000e+02;1.4144462e-01;2.1250000e+02;7.6500118e-02;2.1250000e+02;2.1895632e-02;2.1250000e+02;-2.5173038e-02;2.1250000e+02;-6.8848178e-02;2.1250000e+02;-1.1226431e-01;2.1250000e+02;-1.5527368e-01;2.1250000e+02;-1.9775015e-01;2.1250000e+02;-8.4266156e-02;2.1250000e+02;-6.0931932e-02;2.1250000e+02;-1.8315576e-02;2.1250000e+02;3.9630421e-02;2.1250000e+02;1.0849494e-01;2.1250000e+02;1.6033319e-01;2.1250000e+02;2.2221372e-01;2.1250000e+02;2.4476701e-01;2.1250000e+02;2.3298711e-01;2.1250000e+02;2.1310559e-01;2.1250000e+02;1.4144462e-01;2.1250000e+02;7.6500118e-02;2.1250000e+02;2.1895632e-02;2.1250000e+02;-2.5173038e-02;2.1250000e+02;-6.8848178e-02;2.1250000e+02;-1.1226431e-01;2.1250000e+02;-1.5527368e-01;2.1250000e+02;-1.9775015e-01;2.1250000e+02;-8.4266156e-02;2.1250000e+02;-6.0931932e-02;2.1250000e+02;-1.8315576e-02;2.1250000e+02;3.9630421e-02;2.1250000e+02;1.0849494e-01;2.1250000e+02;1.6033319e-01;2.1250000e+02;2.2221372e-01;2.1250000e+02;2.4476701e-01;2.1250000e+02;2.3298711e-01;2.1250000e+02;2.1310559e-01;2.1250000e+02;1.4144462e-01;2.1250000e+02;7.6500118e-02;2.1250000e+02;2.1895632e-02;2.1250000e+02;-2.5173038e-02;2.1250000e+02;-6.8848178e-02;2.1250000e+02;-1.1226431e-01;2.1250000e+02;-1.5527368e-01;2.1250000e+02;-1.9775015e-01;2.1250000e+02;-8.4266156e-02;2.1250000e+02;-6.0931932e-02;2.1250000e+02;-1.8315576e-02;2.1250000e+02;3.9630421e-02;2.1250000e+02;1.0849494e-01;2.1250000e+02;1.6033319e-01;2.1250000e+02;2.2221372e-01;2.1250000e+02;2.4476701e-01;2.1250000e+02;2.3298711e-01;2.1250000e+02;2.1310559e-01;2.1250000e+02;1.4144462e-01;2.1250000e+02;7.6500118e-02;2.1250000e+02;2.1895632e-02;2.1250000e+02;-2.5173038e-02;2.1250000e+02;-6.8848178e-02;2.1250000e+02;-1.1226431e-01;2.1250000e+02;-1.5527368e-01;2.1250000e+02;-1.9775015e-01;2.1250000e+02;-8.4266156e-02;2.1250000e+02;-6.0931932e-02;2.1250000e+02;-1.8315576e-02;2.1250000e+02;3.9630421e-02;2.1250000e+02;1.0849494e-01;2.1250000e+02;1.6033319e-01;2.1250000e+02;2.2221372e-01;2.1250000e+02;2.4476701e-01;2.1250000e+02;2.3298711e-01;2.1250000e+02;2.1310559e-01;2.1250000e+02;1.4144462e-01;2.1250000e+02;7.6500118e-02;2.1250000e+02;2.1895632e-02;2.1250000e+02;-2.5173038e-02;2.1250000e+02;-6.8848178e-02;2.1250000e+02;-1.1226431e-01;2.1250000e+02;-1.5527368e-01;2.1250000e+02;-1.9775015e-01;2.1250000e+02;-8.4266156e-02;2.1250000e+02;-6.0931932e-02;2.1250000e+02;-1.8315576e-02;2.1250000e+02;3.9630421e-02;2.1250000e+02;1.0849494e-01;2.1250000e+02;1.6033319e-01;2.1250000e+02;2.2221372e-01;2.1250000e+02;2.4476701e-01;2.1250000e+02;2.3298711e-01;2.1250000e+02;2.1310559e-01;2.1250000e+02;1.4144462e-01;2.1250000e+02;7.6500118e-02;2.1250000e+02;2.1895632e-02;2.1250000e+02;-2.5173038e-02;2.1250000e+02;-6.8848178e-02;2.1250000e+02;-1.1226431e-01;2.1250000e+02;-1.5527368e-01;2.1250000e+02;-1.9775015e-01;2.1250000e+02;-8.4266156e-02;2.1250000e+02;-6.0931932e-02;2.1250000e+02;-1.8315576e-02;2.1250000e+02;3.9630421e-02;2.1250000e+02;1.0849494e-01;2.1250000e+02;1.6033319e-01;2.1250000e+02;2.2221372e-01;2.1250000e+02;2.4476701e-01;2.1250000e+02;2.3298711e-01;2.1250000e+02;2.1310559e-01;2.1250000e+02;1.4144462e-01;2.1250000e+02;7.6500118e-02;2.1250000e+02;2.1895632e-02;2.1250000e+02;-2.5173038e-02;2.1250000e+02;-6.8848178e-02;2.1250000e+02;-1.1226431e-01;2.1250000e+02;-1.5527368e-01;2.1250000e+02;-1.9775015e-01;2.1250000e+02;-8.4266156e-02;2.1250000e+02;-6.0931932e-02;2.1250000e+02;-1.8315576e-02;2.1250000e+02;3.9630421e-02;2.1250000e+02;1.0849494e-01;2.1250000e+02;1.6033319e-01;2.1250000e+02;2.2221372e-01;2.1250000e+02;2.4476701e-01;2.1250000e+02;2.3298711e-01;2.1250000e+02;2.1310559e-01;2.1250000e+02;1.4144462e-01;2.1250000e+02;7.6500118e-02;2.1250000e+02;2.1895632e-02;2.1250000e+02;-2.5173038e-02;2.1250000e+02;-6.8848178e-02;2.1250000e+02;-1.1226431e-01;2.1250000e+02;-1.5527368e-01;2.1250000e+02;-1.9775015e-01;2.1250000e+02;-8.4266156e-02;2.1250000e+02;-6.0931932e-02;2.1250000e+02;-1.8315576e-02;2.1250000e+02;3.9630421e-02;2.1250000e+02;1.0849494e-01;2.1250000e+02;1.6033319e-01;2.1250000e+02;2.2221372e-01;2.1250000e+02;2.4476701e-01;2.1250000e+02;2.3298711e-01;2.1250000e+02;2.1310559e-01;2.1250000e+02;1.4144462e-01;2.1250000e+02;7.6500118e-02;2.1250000e+02;2.1895632e-02;2.1250000e+02;-2.5173038e-02;2.1250000e+02;-6.8848178e-02;2.1250000e+02;-1.1226431e-01;2.1250000e+02;-1.5527368e-01;2.1250000e+02;-1.9775015e-01;2.1250000e+02;-8.4266156e-02;2.1250000e+02;-6.0931932e-02;2.1250000e+02;-1.8315576e-02;2.1250000e+02;3.9630421e-02;2.1250000e+02;1.0849494e-01;2.1250000e+02;1.6033319e-01;2.1250000e+02;2.2221372e-01;2.1250000e+02;2.4476701e-01;2.1250000e+02;2.3298711e-01;2.1250000e+02;2.1310559e-01;2.1250000e+02;1.4144462e-01;2.1250000e+02;7.6500118e-02;2.1250000e+02;2.1895632e-02;2.1250000e+02;-2.5173038e-02;2.1250000e+02;-6.8848178e-02;2.1250000e+02;-1.1226431e-01;2.1250000e+02;-1.5527368e-01;2.1250000e+02;-1.9775015e-01;2.1250000e+02;-8.4266156e-02;2.1250000e+02;-6.0931932e-02;2.1250000e+02;-1.8315576e-02;2.1250000e+02;3.9630421e-02;2.1250000e+02;1.0849494e-01;2.1250000e+02;1.6033319e-01;2.1250000e+02;2.2221372e-01;2.1250000e+02;2.4476701e-01;2.1250000e+02;2.3298711e-01;2.1250000e+02;2.1310559e-01;2.1250000e+02;1.4144462e-01;2.1250000e+02;7.6500118e-02;2.1250000e+02;2.1895632e-02;2.1250000e+02;-2.5173038e-02;2.1250000e+02;-6.8848178e-02;2.1250000e+02;-1.1226431e-01;2.1250000e+02;-1.5527368e-01;2.1250000e+02;-1.9775015e-01;2.1250000e+02;-8.4266156e-02;2.1250000e+02;-6.0931932e-02;2.1250000e+02;-1.8315576e-02;2.1250000e+02;3.9630421e-02;2.1250000e+02;1.0849494e-01;2.1250000e+02;1.6033319e-01;2.1250000e+02;2.2221372e-01;2.1250000e+02;2.4476701e-01;2.1250000e+02;2.3298711e-01;2.1250000e+02;2.1310559e-01;2.1250000e+02;1.4144462e-01;2.1250000e+02;7.6500118e-02;2.1250000e+02;2.1895632e-02;2.1250000e+02;-2.5173038e-02;2.1250000e+02;-6.8848178e-02;2.1250000e+02;-1.1226431e-01;2.1250000e+02;-1.5527368e-01;2.1250000e+02;-1.9775015e-01;2.1250000e+02;-8.4266156e-02;2.1250000e+02;-6.0931932e-02;2.1250000e+02;-1.8315576e-02;2.1250000e+02;3.9630421e-02;2.1250000e+02;1.0849494e-01;2.1250000e+02;1.6033319e-01;2.1250000e+02;2.2221372e-01;2.1250000e+02;2.4476701e-01;2.1250000e+02;2.3298711e-01;2.1250000e+02;2.1310559e-01;2.1250000e+02;1.4144462e-01;2.1250000e+02;7.6500118e-02;2.1250000e+02;2.1895632e-02;2.1250000e+02;-2.5173038e-02;2.1250000e+02;-6.8848178e-02;2.1250000e+02;-1.1226431e-01;2.1250000e+02;-1.5527368e-01;2.1250000e+02;-1.9775015e-01;2.1250000e+02;-8.4266156e-02;2.1250000e+02;-6.0931932e-02;2.1250000e+02;-1.8315576e-02;2.1250000e+02;3.9630421e-02;2.1250000e+02;1.0849494e-01;2.1250000e+02;1.6033319e-01;2.1250000e+02;2.2221372e-01;2.1250000e+02;2.4476701e-01;2.1250000e+02;2.3298711e-01;2.1250000e+02;2.1310559e-01;2.1250000e+02;1.4144462e-01;2.1250000e+02;7.6500118e-02;2.1250000e+02;2.1895632e-02;2.1250000e+02;-2.5173038e-02;2.1250000e+02;-6.8848178e-02;2.1250000e+02;-1.1226431e-01;2.1250000e+02;-1.5527368e-01;2.1250000e+02;-1.9775015e-01;2.1250000e+02;-8.4266156e-02;2.1250000e+02;-6.0931932e-02;2.1250000e+02;-1.8315576e-02;2.1250000e+02;3.9630421e-02;2.1250000e+02;1.0849494e-01;2.1250000e+02;1.6033319e-01;2.1250000e+02;2.2221372e-01;2.1250000e+02;2.4476701e-01;2.1250000e+02;2.3298711e-01;2.1250000e+02;2.1310559e-01;2.1250000e+02;1.4144462e-01;2.1250000e+02;7.6500118e-02;2.1250000e+02;2.1895632e-02;2.1250000e+02;-2.5173038e-02;2.1250000e+02;-6.8848178e-02;2.1250000e+02;-1.1226431e-01;2.1250000e+02;-1.5527368e-01;2.1250000e+02;-1.9775015e-01;2.1250000e+02;-8.4266156e-02;2.1250000e+02;-6.0931932e-02;2.1250000e+02;-1.8315576e-02;2.1250000e+02;3.9630421e-02;2.1250000e+02;1.0849494e-01;2.1250000e+02;1.6033319e-01;2.1250000e+02;2.2221372e-01;2.1250000e+02;2.4476701e-01;2.1250000e+02;2.3298711e-01;2.1250000e+02;2.1310559e-01;2.1250000e+02;1.4144462e-01;2.1250000e+02;7.6500118e-02;2.1250000e+02;2.1895632e-02;2.1250000e+02;-2.5173038e-02;2.1250000e+02;-6.8848178e-02;2.1250000e+02;-1.1226431e-01;2.1250000e+02;-1.5527368e-01;2.1250000e+02;-1.9775015e-01;2.1250000e+02;-8.4266156e-02;2.1250000e+02;-6.0931932e-02;2.1250000e+02;-1.8315576e-02;2.1250000e+02;3.9630421e-02;2.1250000e+02;1.0849494e-01;2.1250000e+02;1.6033319e-01;2.1250000e+02;2.2221372e-01;2.1250000e+02;2.4476701e-01;2.1250000e+02;2.3298711e-01;2.1250000e+02;2.1310559e-01;2.1250000e+02;1.4144462e-01;2.1250000e+02;7.6500118e-02;2.1250000e+02;2.1895632e-02;2.1250000e+02;-2.5173038e-02;2.1250000e+02;-6.8848178e-02;2.1250000e+02;-1.1226431e-01;2.1250000e+02;-1.5527368e-01;2.1250000e+02;-1.9775015e-01;2.1250000e+02;-8.4266156e-02;2.1250000e+02;-6.0931932e-02;2.1250000e+02;-1.8315576e-02;2.1250000e+02;3.9630421e-02;2.1250000e+02;1.0849494e-01;2.1250000e+02;1.6033319e-01;2.1250000e+02;2.2221372e-01;2.1250000e+02;2.4476701e-01;2.1250000e+02;2.3298711e-01;2.1250000e+02;2.1310559e-01;2.1250000e+02;1.4144462e-01;2.1250000e+02;7.6500118e-02;2.1250000e+02;2.1895632e-02;2.1250000e+02;-2.5173038e-02;2.1250000e+02;-6.8848178e-02;2.1250000e+02;-1.1226431e-01;2.1250000e+02;-1.5527368e-01;2.1250000e+02;-1.9775015e-01;2.1250000e+02;-8.4266156e-02;2.1250000e+02;-6.0931932e-02;2.1250000e+02;-1.8315576e-02;2.1250000e+02;3.9630421e-02;2.1250000e+02;1.0849494e-01;2.1250000e+02;1.6033319e-01;2.1250000e+02;2.2221372e-01;2.1250000e+02;2.4476701e-01;2.1250000e+02;2.3298711e-01;2.1250000e+02;2.1310559e-01;2.1250000e+02;1.4144462e-01;2.1250000e+02;7.6500118e-02;2.1250000e+02;2.1895632e-02;2.1250000e+02;-2.5173038e-02;2.1250000e+02;-6.8848178e-02;2.1250000e+02;-1.1226431e-01;2.1250000e+02;-1.5527368e-01;2.1250000e+02;-1.9775015e-01;2.1250000e+02;-8.4266156e-02;2.1250000e+02;-6.0931932e-02;2.1250000e+02;-1.8315576e-02;2.1250000e+02;3.9630421e-02;2.1250000e+02;1.0849494e-01;2.1250000e+02;1.6033319e-01;2.1250000e+02;2.2221372e-01;2.1250000e+02;2.4476701e-01;2.1250000e+02;2.3298711e-01;2.1250000e+02;2.1310559e-01;2.1250000e+02;1.4144462e-01;2.1250000e+02;7.6500118e-02;2.1250000e+02;2.1895632e-02;2.1250000e+02;-2.5173038e-02;2.1250000e+02;-6.8848178e-02;2.1250000e+02;-1.1226431e-01;2.1250000e+02;-1.5527368e-01;2.1250000e+02;-1.9775015e-01;2.1250000e+02;-8.4266156e-02;2.1250000e+02;-6.0931932e-02;2.1250000e+02;-1.8315576e-02;2.1250000e+02;3.9630421e-02;2.1250000e+02;1.0849494e-01;2.1250000e+02;1.6033319e-01;2.1250000e+02;2.2221372e-01;2.1250000e+02;2.4476701e-01;2.1250000e+02;2.3298711e-01;2.1250000e+02;2.1310559e-01;2.1250000e+02;1.4144462e-01;2.1250000e+02;7.6500118e-02;2.1250000e+02;2.1895632e-02;2.1250000e+02;-2.5173038e-02;2.1250000e+02;-6.8848178e-02;2.1250000e+02;-1.1226431e-01;2.1250000e+02;-1.5527368e-01;2.1250000e+02;-1.9775015e-01;2.1250000e+02;-8.4266156e-02;2.1250000e+02;-6.0931932e-02;2.1250000e+02;-1.8315576e-02;2.1250000e+02;3.9630421e-02;2.1250000e+02;1.0849494e-01;2.1250000e+02;1.6033319e-01;2.1250000e+02;2.2221372e-01;2.1250000e+02;2.4476701e-01;2.1250000e+02;2.3298711e-01;2.1250000e+02;2.1310559e-01;2.1250000e+02;1.4144462e-01;2.1250000e+02;7.6500118e-02;2.1250000e+02;2.1895632e-02;2.1250000e+02;-2.5173038e-02;2.1250000e+02;-6.8848178e-02;2.1250000e+02;-1.1226431e-01;2.1250000e+02;-1.5527368e-01;2.1250000e+02;-1.9775015e-01;2.1250000e+02;-8.4266156e-02;2.1250000e+02;-6.0931932e-02;2.1250000e+02;-1.8315576e-02;2.1250000e+02;3.9630421e-02;2.1250000e+02;1.0849494e-01;2.1250000e+02;1.6033319e-01;2.1250000e+02;2.2221372e-01;2.1250000e+02;2.4476701e-01;2.1250000e+02;2.3298711e-01;2.1250000e+02;2.1310559e-01;2.1250000e+02;1.4144462e-01;2.1250000e+02;7.6500118e-02;2.1250000e+02;2.1895632e-02;2.1250000e+02;-2.5173038e-02;2.1250000e+02;-6.8848178e-02;2.1250000e+02;-1.1226431e-01;2.1250000e+02;-1.5527368e-01;2.1250000e+02;-1.9775015e-01;2.1250000e+02;-8.4266156e-02;2.1250000e+02;-6.0931932e-02;2.1250000e+02;-1.8315576e-02;2.1250000e+02;3.9630421e-02;2.1250000e+02;1.0849494e-01;2.1250000e+02;1.6033319e-01;2.1250000e+02;2.2221372e-01;2.1250000e+02;2.4476701e-01;2.1250000e+02;2.3298711e-01;2.1250000e+02;2.1310559e-01;2.1250000e+02;1.4144462e-01;2.1250000e+02;7.6500118e-02;2.1250000e+02;2.1895632e-02;2.1250000e+02;-2.5173038e-02;2.1250000e+02;-6.8848178e-02;2.1250000e+02;-1.1226431e-01;2.1250000e+02;-1.5527368e-01;2.1250000e+02;-1.9775015e-01;2.1250000e+02;-8.4266156e-02;2.1250000e+02;-6.0931932e-02;2.1250000e+02;-1.8315576e-02;2.1250000e+02;3.9630421e-02;2.1250000e+02;1.0849494e-01;2.1250000e+02;1.6033319e-01;2.1250000e+02;2.2221372e-01;2.1250000e+02;2.4476701e-01;2.1250000e+02;2.3298711e-01;2.1250000e+02;2.1310559e-01;2.1250000e+02;1.4144462e-01;2.1250000e+02;7.6500118e-02;2.1250000e+02;2.1895632e-02;2.1250000e+02;-2.5173038e-02;2.1250000e+02;-6.8848178e-02;2.1250000e+02;-1.1226431e-01;2.1250000e+02;-1.5527368e-01;2.1250000e+02;-1.9775015e-01;2.1250000e+02;-8.4266156e-02;2.1250000e+02;-6.0931932e-02;2.1250000e+02;-1.8315576e-02;2.1250000e+02;3.9630421e-02;2.1250000e+02;1.0849494e-01;2.1250000e+02;1.6033319e-01;2.1250000e+02;2.2221372e-01;2.1250000e+02;2.4476701e-01;2.1250000e+02;2.3298711e-01;2.1250000e+02;2.1310559e-01;2.1250000e+02;1.4144462e-01;2.1250000e+02;7.6500118e-02;2.1250000e+02;2.1895632e-02;2.1250000e+02;-2.5173038e-02;2.1250000e+02;-6.8848178e-02;2.1250000e+02;-1.1226431e-01;2.1250000e+02;-1.5527368e-01;2.1250000e+02;-1.9775015e-01;2.1250000e+02;-8.4266156e-02;2.1250000e+02;-6.0931932e-02;2.1250000e+02;-1.8315576e-02;2.1250000e+02;3.9630421e-02;2.1250000e+02;1.0849494e-01;2.1250000e+02;1.6033319e-01;2.1250000e+02;2.2221372e-01;2.1250000e+02;2.4476701e-01;2.1250000e+02;2.3298711e-01;2.1250000e+02;2.1310559e-01;2.1250000e+02;1.4144462e-01;2.1250000e+02;7.6500118e-02;2.1250000e+02;2.1895632e-02;2.1250000e+02;-2.5173038e-02;2.1250000e+02;-6.8848178e-02;2.1250000e+02;-1.1226431e-01;2.1250000e+02;-1.5527368e-01;2.1250000e+02;-1.9775015e-01;2.1250000e+02;-8.4266156e-02;2.1250000e+02;-6.0931932e-02;2.1250000e+02;-1.8315576e-02;2.1250000e+02;3.9630421e-02;2.1250000e+02;1.0849494e-01;2.1250000e+02;1.6033319e-01;2.1250000e+02;2.2221372e-01;2.1250000e+02;2.4476701e-01;2.1250000e+02;2.3298711e-01;2.1250000e+02;2.1310559e-01;2.1250000e+02;1.4144462e-01;2.1250000e+02;7.6500118e-02;2.1250000e+02;2.1895632e-02;2.1250000e+02;-2.5173038e-02;2.1250000e+02;-6.8848178e-02;2.1250000e+02;-1.1226431e-01;2.1250000e+02;-1.5527368e-01;2.1250000e+02;-1.9775015e-01;2.1250000e+02;-8.4266156e-02;2.1250000e+02;-6.0931932e-02;2.1250000e+02;-1.8315576e-02;2.1250000e+02;3.9630421e-02;2.1250000e+02;1.0849494e-01;2.1250000e+02;1.6033319e-01;2.1250000e+02;2.2221372e-01;2.1250000e+02;2.4476701e-01;2.1250000e+02;2.3298711e-01;2.1250000e+02;2.1310559e-01;2.1250000e+02;1.4144462e-01;2.1250000e+02;7.6500118e-02;2.1250000e+02;2.1895632e-02;2.1250000e+02;-2.5173038e-02;2.1250000e+02;-6.8848178e-02;2.1250000e+02;-1.1226431e-01;2.1250000e+02;-1.5527368e-01;2.1250000e+02;-1.9775015e-01;2.1250000e+02;-8.4266156e-02;2.1250000e+02;-6.0931932e-02;2.1250000e+02;-1.8315576e-02;2.1250000e+02;3.9630421e-02;2.1250000e+02;1.0849494e-01;2.1250000e+02;1.6033319e-01;2.1250000e+02;2.2221372e-01;2.1250000e+02;2.4476701e-01;2.1250000e+02;2.3298711e-01;2.1250000e+02;2.1310559e-01;2.1250000e+02;1.4144462e-01;2.1250000e+02;7.6500118e-02;2.1250000e+02;2.1895632e-02;2.1250000e+02;-2.5173038e-02;2.1250000e+02;-6.8848178e-02;2.1250000e+02;-1.1226431e-01;2.1250000e+02;-1.5527368e-01;2.1250000e+02;-1.9775015e-01;2.1250000e+02;-8.4266156e-02;2.1250000e+02;-6.0931932e-02;2.1250000e+02;-1.8315576e-02;2.1250000e+02;3.9630421e-02;2.1250000e+02;1.0849494e-01;2.1250000e+02;1.6033319e-01;2.1250000e+02;2.2221372e-01;2.1250000e+02;2.4476701e-01;2.1250000e+02;2.3298711e-01;2.1250000e+02;2.1310559e-01;2.1250000e+02;1.4144462e-01;2.1250000e+02;7.6500118e-02;2.1250000e+02;2.1895632e-02;2.1250000e+02;-2.5173038e-02;2.1250000e+02;-6.8848178e-02;2.1250000e+02;-1.1226431e-01;2.1250000e+02;-1.5527368e-01;2.1250000e+02;-1.9775015e-01;2.1250000e+02;-8.4266156e-02;2.1250000e+02;-6.0931932e-02;2.1250000e+02;-1.8315576e-02;2.1250000e+02;3.9630421e-02;2.1250000e+02;1.0849494e-01;2.1250000e+02;1.6033319e-01;2.1250000e+02;2.2221372e-01;2.1250000e+02;2.4476701e-01;2.1250000e+02;2.3298711e-01;2.1250000e+02;2.1310559e-01;2.1250000e+02;1.4144462e-01;2.1250000e+02;7.6500118e-02;2.1250000e+02;2.1895632e-02;2.1250000e+02;-2.5173038e-02;2.1250000e+02;-6.8848178e-02;2.1250000e+02;-1.1226431e-01;2.1250000e+02;-1.5527368e-01;2.1250000e+02;-1.9775015e-01;2.1250000e+02;-8.4266156e-02;2.1250000e+02;-6.0931932e-02;2.1250000e+02;-1.8315576e-02;2.1250000e+02;3.9630421e-02;2.1250000e+02;1.0849494e-01;2.1250000e+02;1.6033319e-01;2.1250000e+02;2.2221372e-01;2.1250000e+02;2.4476701e-01;2.1250000e+02;2.3298711e-01;2.1250000e+02;2.1310559e-01;2.1250000e+02;1.4144462e-01;2.1250000e+02;7.6500118e-02;2.1250000e+02;2.1895632e-02;2.1250000e+02;-2.5173038e-02;2.1250000e+02;-6.8848178e-02;2.1250000e+02;-1.1226431e-01;2.1250000e+02;-1.5527368e-01;2.1250000e+02;-1.9775015e-01;2.1250000e+02;-8.4266156e-02;2.1250000e+02;-6.0931932e-02;2.1250000e+02;-1.8315576e-02;2.1250000e+02;3.9630421e-02;2.1250000e+02;1.0849494e-01;2.1250000e+02;1.6033319e-01;2.1250000e+02;2.2221372e-01;2.1250000e+02;2.4476701e-01;2.1250000e+02;2.3298711e-01;2.1250000e+02;2.1310559e-01;2.1250000e+02;1.4144462e-01;2.1250000e+02;7.6500118e-02;2.1250000e+02;2.1895632e-02;2.1250000e+02;-2.5173038e-02;2.1250000e+02;-6.8848178e-02;2.1250000e+02;-1.1226431e-01;2.1250000e+02;-1.5527368e-01;2.1250000e+02;-1.9775015e-01;2.1250000e+02;-8.4266156e-02;2.1250000e+02;-6.0931932e-02;2.1250000e+02;-1.8315576e-02;2.1250000e+02;3.9630421e-02;2.1250000e+02;1.0849494e-01;2.1250000e+02;1.6033319e-01;2.1250000e+02;2.2221372e-01;2.1250000e+02;2.4476701e-01;2.1250000e+02;2.3298711e-01;2.1250000e+02;2.1310559e-01;2.1250000e+02;1.4144462e-01;2.1250000e+02;7.6500118e-02;2.1250000e+02;2.1895632e-02;2.1250000e+02;-2.5173038e-02;2.1250000e+02;-6.8848178e-02;2.1250000e+02;-1.1226431e-01;2.1250000e+02;-1.5527368e-01;2.1250000e+02;-1.9775015e-01;2.1250000e+02;-8.4266156e-02;2.1250000e+02;-6.0931932e-02;2.1250000e+02;-1.8315576e-02;2.1250000e+02;3.9630421e-02;2.1250000e+02;1.0849494e-01;2.1250000e+02;1.6033319e-01;2.1250000e+02;2.2221372e-01;2.1250000e+02;2.4476701e-01;2.1250000e+02;2.3298711e-01;2.1250000e+02;2.1310559e-01;2.1250000e+02;1.4144462e-01;2.1250000e+02;7.6500118e-02;2.1250000e+02;2.1895632e-02;2.1250000e+02;-2.5173038e-02;2.1250000e+02;-6.8848178e-02;2.1250000e+02;-1.1226431e-01;2.1250000e+02;-1.5527368e-01;2.1250000e+02;-1.9775015e-01;2.1250000e+02;-8.4266156e-02;2.1250000e+02;-6.0931932e-02;2.1250000e+02;-1.8315576e-02;2.1250000e+02;3.9630421e-02;2.1250000e+02;1.0849494e-01;2.1250000e+02;1.6033319e-01;2.1250000e+02;2.2221372e-01;2.1250000e+02;2.4476701e-01;2.1250000e+02;2.3298711e-01;2.1250000e+02;2.1310559e-01;2.1250000e+02;1.4144462e-01;2.1250000e+02;7.6500118e-02;2.1250000e+02;2.1895632e-02;2.1250000e+02;-2.5173038e-02;2.1250000e+02;-6.8848178e-02;2.1250000e+02;-1.1226431e-01;2.1250000e+02;-1.5527368e-01;2.1250000e+02;-1.9775015e-01;2.1250000e+02;-8.4266156e-02;2.1250000e+02;-6.0931932e-02;2.1250000e+02;-1.8315576e-02;2.1250000e+02;3.9630421e-02;2.1250000e+02;1.0849494e-01;2.1250000e+02;1.6033319e-01;2.1250000e+02;2.2221372e-01;2.1250000e+02;2.4476701e-01;2.1250000e+02;2.3298711e-01;2.1250000e+02;2.1310559e-01;2.1250000e+02;1.4144462e-01;2.1250000e+02;7.6500118e-02;2.1250000e+02;2.1895632e-02;2.1250000e+02;-2.5173038e-02;2.1250000e+02;-6.8848178e-02;2.1250000e+02;-1.1226431e-01;2.1250000e+02;-1.5527368e-01;2.1250000e+02;-1.9775015e-01;2.1250000e+02;-8.4266156e-02;2.1250000e+02;-6.0931932e-02;2.1250000e+02;-1.8315576e-02;2.1250000e+02;3.9630421e-02;2.1250000e+02;1.0849494e-01;2.1250000e+02;1.6033319e-01;2.1250000e+02;2.2221372e-01;2.1250000e+02;2.4476701e-01;2.1250000e+02;2.3298711e-01;2.1250000e+02;2.1310559e-01;2.1250000e+02;1.4144462e-01;2.1250000e+02;7.6500118e-02;2.1250000e+02;2.1895632e-02;2.1250000e+02;-2.5173038e-02;2.1250000e+02;-6.8848178e-02;2.1250000e+02;-1.1226431e-01;2.1250000e+02;-1.5527368e-01;2.1250000e+02;-1.9775015e-01;2.1250000e+02;-8.4266156e-02;2.1250000e+02;-6.0931932e-02;2.1250000e+02;-1.8315576e-02;2.1250000e+02;3.9630421e-02;2.1250000e+02;1.0849494e-01;2.1250000e+02;1.6033319e-01;2.1250000e+02;2.2221372e-01;2.1250000e+02;2.4476701e-01;2.1250000e+02;2.3298711e-01;2.1250000e+02;2.1310559e-01;2.1250000e+02;1.4144462e-01;2.1250000e+02;7.6500118e-02;2.1250000e+02;2.1895632e-02;2.1250000e+02;-2.5173038e-02;2.1250000e+02;-6.8848178e-02;2.1250000e+02;-1.1226431e-01;2.1250000e+02;-1.5527368e-01;2.1250000e+02;-1.9775015e-01;2.1250000e+02;-8.4266156e-02;2.1250000e+02;-6.0931932e-02;2.1250000e+02;-1.8315576e-02;2.1250000e+02;3.9630421e-02;2.1250000e+02;1.0849494e-01;2.1250000e+02;1.6033319e-01;2.1250000e+02;2.2221372e-01;2.1250000e+02;2.4476701e-01;2.1250000e+02;2.3298711e-01;2.1250000e+02;2.1310559e-01;2.1250000e+02;1.4144462e-01;2.1250000e+02;7.6500118e-02;2.1250000e+02;2.1895632e-02;2.1250000e+02;-2.5173038e-02;2.1250000e+02;-6.8848178e-02;2.1250000e+02;-1.1226431e-01;2.1250000e+02;-1.5527368e-01;2.1250000e+02;-1.9775015e-01;2.1250000e+02;-8.4266156e-02;2.1250000e+02;-6.0931932e-02;2.1250000e+02;-1.8315576e-02;2.1250000e+02;3.9630421e-02;2.1250000e+02;1.0849494e-01;2.1250000e+02;1.6033319e-01;2.1250000e+02;2.2221372e-01;2.1250000e+02;2.4476701e-01;2.1250000e+02;2.3298711e-01;2.1250000e+02;2.1310559e-01;2.1250000e+02;1.4144462e-01;2.1250000e+02;7.6500118e-02;2.1250000e+02;2.1895632e-02;2.1250000e+02;-2.5173038e-02;2.1250000e+02;-6.8848178e-02;2.1250000e+02;-1.1226431e-01;2.1250000e+02;-1.5527368e-01;2.1250000e+02;-1.9775015e-01;2.1250000e+02;-8.4266156e-02;2.1250000e+02;-6.0931932e-02;2.1250000e+02;-1.8315576e-02;2.1250000e+02;3.9630421e-02;2.1250000e+02;1.0849494e-01;2.1250000e+02;1.6033319e-01;2.1250000e+02;2.2221372e-01;2.1250000e+02;2.4476701e-01;2.1250000e+02;2.3298711e-01;2.1250000e+02;2.1310559e-01;2.1250000e+02;1.4144462e-01;2.1250000e+02;7.6500118e-02;2.1250000e+02;2.1895632e-02;2.1250000e+02;-2.5173038e-02;2.1250000e+02;-6.8848178e-02;2.1250000e+02;-1.1226431e-01;2.1250000e+02;-1.5527368e-01;2.1250000e+02;-1.9775015e-01;2.1250000e+02;-8.4266156e-02;2.1250000e+02;-6.0931932e-02;2.1250000e+02;-1.8315576e-02;2.1250000e+02;3.9630421e-02;2.1250000e+02;1.0849494e-01;2.1250000e+02;1.6033319e-01;2.1250000e+02;2.2221372e-01;2.1250000e+02;2.4476701e-01;2.1250000e+02;2.3298711e-01;2.1250000e+02;2.1310559e-01;2.1250000e+02;1.4144462e-01;2.1250000e+02;7.6500118e-02;2.1250000e+02;2.1895632e-02;2.1250000e+02;-2.5173038e-02;2.1250000e+02;-6.8848178e-02;2.1250000e+02;-1.1226431e-01;2.1250000e+02;-1.5527368e-01;2.1250000e+02;-1.9775015e-01;2.1250000e+02;-8.4266156e-02;2.1250000e+02;-6.0931932e-02;2.1250000e+02;-1.8315576e-02;2.1250000e+02;3.9630421e-02;2.1250000e+02;1.0849494e-01;2.1250000e+02;1.6033319e-01;2.1250000e+02;2.2221372e-01;2.1250000e+02;2.4476701e-01;2.1250000e+02;2.3298711e-01;2.1250000e+02;2.1310559e-01;2.1250000e+02;1.4144462e-01;2.1250000e+02;7.6500118e-02;2.1250000e+02;2.1895632e-02;2.1250000e+02;-2.5173038e-02;2.1250000e+02;-6.8848178e-02;2.1250000e+02;-1.1226431e-01;2.1250000e+02;-1.5527368e-01;2.1250000e+02;-1.9775015e-01;2.1250000e+02;-8.4266156e-02;2.1250000e+02;-6.0931932e-02;2.1250000e+02;-1.8315576e-02;2.1250000e+02;3.9630421e-02;2.1250000e+02;1.0849494e-01;2.1250000e+02;1.6033319e-01;2.1250000e+02;2.2221372e-01;2.1250000e+02;2.4476701e-01;2.1250000e+02;2.3298711e-01;2.1250000e+02;2.1310559e-01;2.1250000e+02;1.4144462e-01;2.1250000e+02;7.6500118e-02;2.1250000e+02;2.1895632e-02;2.1250000e+02;-2.5173038e-02;2.1250000e+02;-6.8848178e-02;2.1250000e+02;-1.1226431e-01;2.1250000e+02;-1.5527368e-01;2.1250000e+02;-1.9775015e-01;2.1250000e+02;-8.4266156e-02;2.1250000e+02;-6.0931932e-02;2.1250000e+02;-1.8315576e-02;2.1250000e+02;3.9630421e-02;2.1250000e+02;1.0849494e-01;2.1250000e+02;1.6033319e-01;2.1250000e+02;2.2221372e-01;2.1250000e+02;2.4476701e-01;2.1250000e+02;2.3298711e-01;2.1250000e+02;2.1310559e-01;2.1250000e+02;1.4144462e-01;2.1250000e+02;7.6500118e-02;2.1250000e+02;2.1895632e-02;2.1250000e+02;-2.5173038e-02;2.1250000e+02;-6.8848178e-02;2.1250000e+02;-1.1226431e-01;2.1250000e+02;-1.5527368e-01;2.1250000e+02;-1.9775015e-01;2.1250000e+02;-8.4266156e-02;2.1250000e+02;-6.0931932e-02;2.1250000e+02;-1.8315576e-02;2.1250000e+02;3.9630421e-02;2.1250000e+02;1.0849494e-01;2.1250000e+02;1.6033319e-01;2.1250000e+02;2.2221372e-01;2.1250000e+02;2.4476701e-01;2.1250000e+02;2.3298711e-01;2.1250000e+02;2.1310559e-01;2.1250000e+02;1.4144462e-01;2.1250000e+02;7.6500118e-02;2.1250000e+02;2.1895632e-02;2.1250000e+02;-2.5173038e-02;2.1250000e+02;-6.8848178e-02;2.1250000e+02;-1.1226431e-01;2.1250000e+02;-1.5527368e-01;2.1250000e+02;-1.9775015e-01;2.1250000e+02;-8.4266156e-02;2.1250000e+02;-6.0931932e-02;2.1250000e+02;-1.8315576e-02;2.1250000e+02;3.9630421e-02;2.1250000e+02;1.0849494e-01;2.1250000e+02;1.6033319e-01;2.1250000e+02;2.2221372e-01;2.1250000e+02;2.4476701e-01;2.1250000e+02;2.3298711e-01;2.1250000e+02;2.1310559e-01;2.1250000e+02;1.4144462e-01;2.1250000e+02;7.6500118e-02;2.1250000e+02;2.1895632e-02;2.1250000e+02;-2.5173038e-02;2.1250000e+02;-6.8848178e-02;2.1250000e+02;-1.1226431e-01;2.1250000e+02;-1.5527368e-01;2.1250000e+02;-1.9775015e-01;2.1250000e+02;-8.4266156e-02;2.1250000e+02;-6.0931932e-02;2.1250000e+02;-1.8315576e-02;2.1250000e+02;3.9630421e-02;2.1250000e+02;1.0849494e-01;2.1250000e+02;1.6033319e-01;2.1250000e+02;2.2221372e-01;2.1250000e+02;2.4476701e-01;2.1250000e+02;2.3298711e-01;2.1250000e+02;2.1310559e-01;2.1250000e+02;1.4144462e-01;2.1250000e+02;7.6500118e-02;2.1250000e+02;2.1895632e-02;2.1250000e+02;-2.5173038e-02;2.1250000e+02;-6.8848178e-02;2.1250000e+02;-1.1226431e-01;2.1250000e+02;-1.5527368e-01;2.1250000e+02;-1.9775015e-01;2.1250000e+02;-8.4266156e-02;2.1250000e+02;-6.0931932e-02;2.1250000e+02;-1.8315576e-02;2.1250000e+02;3.9630421e-02;2.1250000e+02;1.0849494e-01;2.1250000e+02;1.6033319e-01;2.1250000e+02;2.2221372e-01;2.1250000e+02;2.4476701e-01;2.1250000e+02;2.3298711e-01;2.1250000e+02;2.1310559e-01;2.1250000e+02;1.4144462e-01;2.1250000e+02;7.6500118e-02;2.1250000e+02;2.1895632e-02;2.1250000e+02;-2.5173038e-02;2.1250000e+02;-6.8848178e-02;2.1250000e+02;-1.1226431e-01;2.1250000e+02;-1.5527368e-01;2.1250000e+02;-1.9775015e-01;2.1250000e+02;-8.4266156e-02;2.1250000e+02;-6.0931932e-02;2.1250000e+02;-1.8315576e-02;2.1250000e+02;3.9630421e-02;2.1250000e+02;1.0849494e-01;2.1250000e+02;1.6033319e-01;2.1250000e+02;2.2221372e-01;2.1250000e+02;2.4476701e-01;2.1250000e+02;2.3298711e-01;2.1250000e+02;2.1310559e-01;2.1250000e+02;1.4144462e-01;2.1250000e+02;7.6500118e-02;2.1250000e+02;2.1895632e-02;2.1250000e+02;-2.5173038e-02;2.1250000e+02;-6.8848178e-02;2.1250000e+02;-1.1226431e-01;2.1250000e+02;-1.5527368e-01;2.1250000e+02;-1.9775015e-01;2.1250000e+02;-8.4266156e-02;2.1250000e+02;-6.0931932e-02;2.1250000e+02;-1.8315576e-02;2.1250000e+02;3.9630421e-02;2.1250000e+02;1.0849494e-01;2.1250000e+02;1.6033319e-01;2.1250000e+02;2.2221372e-01;2.1250000e+02;2.4476701e-01;2.1250000e+02;2.3298711e-01;2.1250000e+02;2.1310559e-01;2.1250000e+02;1.4144462e-01;2.1250000e+02;7.6500118e-02;2.1250000e+02;2.1895632e-02;2.1250000e+02;-2.5173038e-02;2.1250000e+02;-6.8848178e-02;2.1250000e+02;-1.1226431e-01;2.1250000e+02;-1.5527368e-01;2.1250000e+02;-1.9775015e-01;2.1250000e+02;-8.4266156e-02;2.1250000e+02;-6.0931932e-02;2.1250000e+02;-1.8315576e-02;2.1250000e+02;3.9630421e-02;2.1250000e+02;1.0849494e-01;2.1250000e+02;1.6033319e-01;2.1250000e+02;2.2221372e-01;2.1250000e+02;2.4476701e-01;2.1250000e+02;2.3298711e-01;2.1250000e+02;2.1310559e-01;2.1250000e+02;1.4144462e-01;2.1250000e+02;7.6500118e-02;2.1250000e+02;2.1895632e-02;2.1250000e+02;-2.5173038e-02;2.1250000e+02;-6.8848178e-02;2.1250000e+02;-1.1226431e-01;2.1250000e+02;-1.5527368e-01;2.1250000e+02;-1.9775015e-01;2.1250000e+02;-8.4266156e-02;2.1250000e+02;-6.0931932e-02;2.1250000e+02;-1.8315576e-02;2.1250000e+02;3.9630421e-02;2.1250000e+02;1.0849494e-01;2.1250000e+02;1.6033319e-01;2.1250000e+02;2.2221372e-01;2.1250000e+02;2.4476701e-01;2.1250000e+02;2.3298711e-01;2.1250000e+02;2.1310559e-01;2.1250000e+02;1.4144462e-01;2.1250000e+02;7.6500118e-02;2.1250000e+02;2.1895632e-02;2.1250000e+02;-2.5173038e-02;2.1250000e+02;-6.8848178e-02;2.1250000e+02;-1.1226431e-01;2.1250000e+02;-1.5527368e-01;2.1250000e+02;-1.9775015e-01;2.1250000e+02;-8.4266156e-02;2.1250000e+02;-6.0931932e-02;2.1250000e+02;-1.8315576e-02;2.1250000e+02;3.9630421e-02;2.1250000e+02;1.0849494e-01;2.1250000e+02;1.6033319e-01;2.1250000e+02;2.2221372e-01;2.1250000e+02;2.4476701e-01;2.1250000e+02;2.3298711e-01;2.1250000e+02;2.1310559e-01;2.1250000e+02;1.4144462e-01;2.1250000e+02;7.6500118e-02;2.1250000e+02;2.1895632e-02;2.1250000e+02;-2.5173038e-02;2.1250000e+02;-6.8848178e-02;2.1250000e+02;-1.1226431e-01;2.1250000e+02;-1.5527368e-01;2.1250000e+02;-1.9775015e-01;2.1250000e+02;-8.4266156e-02;2.1250000e+02;-6.0931932e-02;2.1250000e+02;-1.8315576e-02;2.1250000e+02;3.9630421e-02;2.1250000e+02;1.0849494e-01;2.1250000e+02;1.6033319e-01;2.1250000e+02;2.2221372e-01;2.1250000e+02;2.4476701e-01;2.1250000e+02;2.3298711e-01;2.1250000e+02;2.1310559e-01;2.1250000e+02;1.4144462e-01;2.1250000e+02;7.6500118e-02;2.1250000e+02;2.1895632e-02;2.1250000e+02;-2.5173038e-02;2.1250000e+02;-6.8848178e-02;2.1250000e+02;-1.1226431e-01;2.1250000e+02;-1.5527368e-01;2.1250000e+02;-1.9775015e-01;2.1250000e+02;-8.4266156e-02;2.1250000e+02;-6.0931932e-02;2.1250000e+02;-1.8315576e-02;2.1250000e+02;3.9630421e-02;2.1250000e+02;1.0849494e-01;2.1250000e+02;1.6033319e-01;2.1250000e+02;2.2221372e-01;2.1250000e+02;2.4476701e-01;2.1250000e+02;2.3298711e-01;2.1250000e+02;2.1310559e-01;2.1250000e+02;1.4144462e-01;2.1250000e+02;7.6500118e-02;2.1250000e+02;2.1895632e-02;2.1250000e+02;-2.5173038e-02;2.1250000e+02;-6.8848178e-02;2.1250000e+02;-1.1226431e-01;2.1250000e+02;-1.5527368e-01;2.1250000e+02;-1.9775015e-01;2.1250000e+02;-8.4266156e-02;2.1250000e+02;-6.0931932e-02;2.1250000e+02;-1.8315576e-02;2.1250000e+02;3.9630421e-02;2.1250000e+02;1.0849494e-01;2.1250000e+02;1.6033319e-01;2.1250000e+02;2.2221372e-01;2.1250000e+02;2.4476701e-01;2.1250000e+02;2.3298711e-01;2.1250000e+02;2.1310559e-01;2.1250000e+02;1.4144462e-01;2.1250000e+02;7.6500118e-02;2.1250000e+02;2.1895632e-02;2.1250000e+02;-2.5173038e-02;2.1250000e+02;-6.8848178e-02;2.1250000e+02;-1.1226431e-01;2.1250000e+02;-1.5527368e-01;2.1250000e+02;-1.9775015e-01;2.1250000e+02;-8.4266156e-02;2.1250000e+02;-6.0931932e-02;2.1250000e+02;-1.8315576e-02;2.1250000e+02;3.9630421e-02;2.1250000e+02;1.0849494e-01;2.1250000e+02;1.6033319e-01;2.1250000e+02;2.2221372e-01;2.1250000e+02;2.4476701e-01;2.1250000e+02;2.3298711e-01;2.1250000e+02;2.1310559e-01;2.1250000e+02;1.4144462e-01;2.1250000e+02;7.6500118e-02;2.1250000e+02;2.1895632e-02;2.1250000e+02;-2.5173038e-02;2.1250000e+02;-6.8848178e-02;2.1250000e+02;-1.1226431e-01;2.1250000e+02;-1.5527368e-01;2.1250000e+02;-1.9775015e-01;2.1250000e+02;-8.4266156e-02;2.1250000e+02;-6.0931932e-02;2.1250000e+02;-1.8315576e-02;2.1250000e+02;3.9630421e-02;2.1250000e+02;1.0849494e-01;2.1250000e+02;1.6033319e-01;2.1250000e+02;2.2221372e-01;2.1250000e+02;2.4476701e-01;2.1250000e+02;2.3298711e-01;2.1250000e+02;2.1310559e-01;2.1250000e+02;1.4144462e-01;2.1250000e+02;7.6500118e-02;2.1250000e+02;2.1895632e-02;2.1250000e+02;-2.5173038e-02;2.1250000e+02;-6.8848178e-02;2.1250000e+02;-1.1226431e-01;2.1250000e+02;-1.5527368e-01;2.1250000e+02;-1.9775015e-01;2.1250000e+02;-8.4266156e-02;2.1250000e+02;-6.0931932e-02;2.1250000e+02;-1.8315576e-02;2.1250000e+02;3.9630421e-02;2.1250000e+02;1.0849494e-01;2.1250000e+02;1.6033319e-01;2.1250000e+02;2.2221372e-01;2.1250000e+02;2.4476701e-01;2.1250000e+02;2.3298711e-01;2.1250000e+02;2.1310559e-01;2.1250000e+02;1.4144462e-01;2.1250000e+02;7.6500118e-02;2.1250000e+02;2.1895632e-02;2.1250000e+02;-2.5173038e-02;2.1250000e+02;-6.8848178e-02;2.1250000e+02;-1.1226431e-01;2.1250000e+02;-1.5527368e-01;2.1250000e+02;-1.9775015e-01;2.1250000e+02;-8.4266156e-02;2.1250000e+02;-6.0931932e-02;2.1250000e+02;-1.8315576e-02;2.1250000e+02;3.9630421e-02;2.1250000e+02;1.0849494e-01;2.1250000e+02;1.6033319e-01;2.1250000e+02;2.2221372e-01;2.1250000e+02;2.4476701e-01;2.1250000e+02;2.3298711e-01;2.1250000e+02;2.1310559e-01;2.1250000e+02;1.4144462e-01;2.1250000e+02;7.6500118e-02;2.1250000e+02;2.1895632e-02;2.1250000e+02;-2.5173038e-02;2.1250000e+02;-6.8848178e-02;2.1250000e+02;-1.1226431e-01;2.1250000e+02;-1.5527368e-01;2.1250000e+02;-1.9775015e-01;2.1250000e+02;-8.4266156e-02;2.1250000e+02;-6.0931932e-02;2.1250000e+02;-1.8315576e-02;2.1250000e+02;3.9630421e-02;2.1250000e+02;1.0849494e-01;2.1250000e+02;1.6033319e-01;2.1250000e+02;2.2221372e-01;2.1250000e+02;2.4476701e-01;2.1250000e+02;2.3298711e-01;2.1250000e+02;2.1310559e-01;2.1250000e+02;1.4144462e-01;2.1250000e+02;7.6500118e-02;2.1250000e+02;2.1895632e-02;2.1250000e+02;-2.5173038e-02;2.1250000e+02;-6.8848178e-02;2.1250000e+02;-1.1226431e-01;2.1250000e+02;-1.5527368e-01;2.1250000e+02;-1.9775015e-01;2.1250000e+02;-8.4266156e-02;2.1250000e+02;-6.0931932e-02;2.1250000e+02;-1.8315576e-02;2.1250000e+02;3.9630421e-02;2.1250000e+02;1.0849494e-01;2.1250000e+02;1.6033319e-01;2.1250000e+02;2.2221372e-01;2.1250000e+02;2.4476701e-01;2.1250000e+02;2.3298711e-01;2.1250000e+02;2.1310559e-01;2.1250000e+02;1.4144462e-01;2.1250000e+02;7.6500118e-02;2.1250000e+02;2.1895632e-02;2.1250000e+02;-2.5173038e-02;2.1250000e+02;-6.8848178e-02;2.1250000e+02;-1.1226431e-01;2.1250000e+02;-1.5527368e-01;2.1250000e+02;-1.9775015e-01;2.1250000e+02;-8.4266156e-02;2.1250000e+02;-6.0931932e-02;2.1250000e+02;-1.8315576e-02;2.1250000e+02;3.9630421e-02;2.1250000e+02;1.0849494e-01;2.1250000e+02;1.6033319e-01;2.1250000e+02;2.2221372e-01;2.1250000e+02;2.4476701e-01;2.1250000e+02;2.3298711e-01;2.1250000e+02;2.1310559e-01;2.1250000e+02;1.4144462e-01;2.1250000e+02;7.6500118e-02;2.1250000e+02;2.1895632e-02;2.1250000e+02;-2.5173038e-02;2.1250000e+02;-6.8848178e-02;2.1250000e+02;-1.1226431e-01;2.1250000e+02;-1.5527368e-01;2.1250000e+02;-1.9775015e-01;2.1250000e+02;-8.4266156e-02;2.1250000e+02;-6.0931932e-02;2.1250000e+02;-1.8315576e-02;2.1250000e+02;3.9630421e-02;2.1250000e+02;1.0849494e-01;2.1250000e+02;1.6033319e-01;2.1250000e+02;2.2221372e-01;2.1250000e+02;2.4476701e-01;2.1250000e+02;2.3298711e-01;2.1250000e+02;2.1310559e-01;2.1250000e+02;1.4144462e-01;2.1250000e+02;7.6500118e-02;2.1250000e+02;2.1895632e-02;2.1250000e+02;-2.5173038e-02;2.1250000e+02;-6.8848178e-02;2.1250000e+02;-1.1226431e-01;2.1250000e+02;-1.5527368e-01;2.1250000e+02;-1.9775015e-01;2.1250000e+02;-8.4266156e-02;2.1250000e+02;-6.0931932e-02;2.1250000e+02;-1.8315576e-02;2.1250000e+02;3.9630421e-02;2.1250000e+02;1.0849494e-01;2.1250000e+02;1.6033319e-01;2.1250000e+02;2.2221372e-01;2.1250000e+02;2.4476701e-01;2.1250000e+02;2.3298711e-01;2.1250000e+02;2.1310559e-01;2.1250000e+02;1.4144462e-01;2.1250000e+02;7.6500118e-02;2.1250000e+02;2.1895632e-02;2.1250000e+02;-2.5173038e-02;2.1250000e+02;-6.8848178e-02;2.1250000e+02;-1.1226431e-01;2.1250000e+02;-1.5527368e-01;2.1250000e+02;-1.9775015e-01;2.1250000e+02;-8.4266156e-02;2.1250000e+02;-6.0931932e-02;2.1250000e+02;-1.8315576e-02;2.1250000e+02;3.9630421e-02;2.1250000e+02;1.0849494e-01;2.1250000e+02;1.6033319e-01;2.1250000e+02;2.2221372e-01;2.1250000e+02;2.4476701e-01;2.1250000e+02;2.3298711e-01;2.1250000e+02;2.1310559e-01;2.1250000e+02;1.4144462e-01;2.1250000e+02;7.6500118e-02;2.1250000e+02;2.1895632e-02;2.1250000e+02;-2.5173038e-02;2.1250000e+02;-6.8848178e-02;2.1250000e+02;-1.1226431e-01;2.1250000e+02;-1.5527368e-01;2.1250000e+02;-1.9775015e-01;2.1250000e+02;-8.4266156e-02;2.1250000e+02;-6.0931932e-02;2.1250000e+02;-1.8315576e-02;2.1250000e+02;3.9630421e-02;2.1250000e+02;1.0849494e-01;2.1250000e+02;1.6033319e-01;2.1250000e+02;2.2221372e-01;2.1250000e+02;2.4476701e-01;2.1250000e+02;2.3298711e-01;2.1250000e+02;2.1310559e-01;2.1250000e+02;1.4144462e-01;2.1250000e+02;7.6500118e-02;2.1250000e+02;2.1895632e-02;2.1250000e+02;-2.5173038e-02;2.1250000e+02;-6.8848178e-02;2.1250000e+02;-1.1226431e-01;2.1250000e+02;-1.5527368e-01;2.1250000e+02;-1.9775015e-01;2.1250000e+02;-8.4266156e-02;2.1250000e+02;-6.0931932e-02;2.1250000e+02;-1.8315576e-02;2.1250000e+02;3.9630421e-02;2.1250000e+02;1.0849494e-01;2.1250000e+02;1.6033319e-01;2.1250000e+02;2.2221372e-01;2.1250000e+02;2.4476701e-01;2.1250000e+02;2.3298711e-01;2.1250000e+02;2.1310559e-01;2.1250000e+02;1.4144462e-01;2.1250000e+02;7.6500118e-02;2.1250000e+02;2.1895632e-02;2.1250000e+02;-2.5173038e-02;2.1250000e+02;-6.8848178e-02;2.1250000e+02;-1.1226431e-01;2.1250000e+02;-1.5527368e-01;2.1250000e+02;-1.9775015e-01;2.1250000e+02;-8.4266156e-02;2.1250000e+02;-6.0931932e-02;2.1250000e+02;-1.8315576e-02;2.1250000e+02;3.9630421e-02;2.1250000e+02;1.0849494e-01;2.1250000e+02;1.6033319e-01;2.1250000e+02;2.2221372e-01;2.1250000e+02;2.4476701e-01;2.1250000e+02;2.3298711e-01;2.1250000e+02;2.1310559e-01;2.1250000e+02;1.4144462e-01;2.1250000e+02;7.6500118e-02;2.1250000e+02;2.1895632e-02;2.1250000e+02;-2.5173038e-02;2.1250000e+02;-6.8848178e-02;2.1250000e+02;-1.1226431e-01;2.1250000e+02;-1.5527368e-01;2.1250000e+02;-1.9775015e-01;2.1250000e+02;-8.4266156e-02;2.1250000e+02;-6.0931932e-02;2.1250000e+02;-1.8315576e-02;2.1250000e+02;3.9630421e-02;2.1250000e+02;1.0849494e-01;2.1250000e+02;1.6033319e-01;2.1250000e+02;2.2221372e-01;2.1250000e+02;2.4476701e-01;2.1250000e+02;2.3298711e-01;2.1250000e+02;2.1310559e-01;2.1250000e+02;1.4144462e-01;2.1250000e+02;7.6500118e-02;2.1250000e+02;2.1895632e-02;2.1250000e+02;-2.5173038e-02;2.1250000e+02;-6.8848178e-02;2.1250000e+02;-1.1226431e-01;2.1250000e+02;-1.5527368e-01;2.1250000e+02;-1.9775015e-01;2.1250000e+02;-8.4266156e-02;2.1250000e+02;-6.0931932e-02;2.1250000e+02;-1.8315576e-02;2.1250000e+02;3.9630421e-02;2.1250000e+02;1.0849494e-01;2.1250000e+02;1.6033319e-01;2.1250000e+02;2.2221372e-01;2.1250000e+02;2.4476701e-01;2.1250000e+02;2.3298711e-01;2.1250000e+02;2.1310559e-01;2.1250000e+02;1.4144462e-01;2.1250000e+02;7.6500118e-02;2.1250000e+02;2.1895632e-02;2.1250000e+02;-2.5173038e-02;2.1250000e+02;-6.8848178e-02;2.1250000e+02;-1.1226431e-01;2.1250000e+02;-1.5527368e-01;2.1250000e+02;-1.9775015e-01;2.1250000e+02;-8.4266156e-02;2.1250000e+02;-6.0931932e-02;2.1250000e+02;-1.8315576e-02;2.1250000e+02;3.9630421e-02;2.1250000e+02;1.0849494e-01;2.1250000e+02;1.6033319e-01;2.1250000e+02;2.2221372e-01;2.1250000e+02;2.4476701e-01;2.1250000e+02;2.3298711e-01;2.1250000e+02;2.1310559e-01;2.1250000e+02;1.4144462e-01;2.1250000e+02;7.6500118e-02;2.1250000e+02;2.1895632e-02;2.1250000e+02;-2.5173038e-02;2.1250000e+02;-6.8848178e-02;2.1250000e+02;-1.1226431e-01;2.1250000e+02;-1.5527368e-01;2.1250000e+02;-1.9775015e-01;2.1250000e+02;-8.4266156e-02;2.1250000e+02;-6.0931932e-02;2.1250000e+02;-1.8315576e-02;2.1250000e+02;3.9630421e-02;2.1250000e+02;1.0849494e-01;2.1250000e+02;1.6033319e-01;2.1250000e+02;2.2221372e-01;2.1250000e+02;2.4476701e-01;2.1250000e+02;2.3298711e-01;2.1250000e+02;2.1310559e-01;2.1250000e+02;1.4144462e-01;2.1250000e+02;7.6500118e-02;2.1250000e+02;2.1895632e-02;2.1250000e+02;-2.5173038e-02;2.1250000e+02;-6.8848178e-02;2.1250000e+02;-1.1226431e-01;2.1250000e+02;-1.5527368e-01;2.1250000e+02;-1.9775015e-01;2.1250000e+02;-8.4266156e-02;2.1250000e+02;-6.0931932e-02;2.1250000e+02;-1.8315576e-02;2.1250000e+02;3.9630421e-02;2.1250000e+02;1.0849494e-01;2.1250000e+02;1.6033319e-01;2.1250000e+02;2.2221372e-01;2.1250000e+02;2.4476701e-01;2.1250000e+02;2.3298711e-01;2.1250000e+02;2.1310559e-01;2.1250000e+02;1.4144462e-01;2.1250000e+02;7.6500118e-02;2.1250000e+02;2.1895632e-02;2.1250000e+02;-2.5173038e-02;2.1250000e+02;-6.8848178e-02;2.1250000e+02;-1.1226431e-01;2.1250000e+02;-1.5527368e-01;2.1250000e+02;-1.9775015e-01;2.1250000e+02;-8.4266156e-02;2.1250000e+02;-6.0931932e-02;2.1250000e+02;-1.8315576e-02;2.1250000e+02;3.9630421e-02;2.1250000e+02;1.0849494e-01;2.1250000e+02;1.6033319e-01;2.1250000e+02;2.2221372e-01;2.1250000e+02;2.4476701e-01;2.1250000e+02;2.3298711e-01;2.1250000e+02;2.1310559e-01;2.1250000e+02;1.4144462e-01;2.1250000e+02;7.6500118e-02;2.1250000e+02;2.1895632e-02;2.1250000e+02;-2.5173038e-02;2.1250000e+02;-6.8848178e-02;2.1250000e+02;-1.1226431e-01;2.1250000e+02;-1.5527368e-01;2.1250000e+02;-1.9775015e-01;2.1250000e+02;-8.4266156e-02;2.1250000e+02;-6.0931932e-02;2.1250000e+02;-1.8315576e-02;2.1250000e+02;3.9630421e-02;2.1250000e+02;1.0849494e-01;2.1250000e+02;1.6033319e-01;2.1250000e+02;2.2221372e-01;2.1250000e+02;2.4476701e-01;2.1250000e+02;2.3298711e-01;2.1250000e+02;2.1310559e-01;2.1250000e+02;1.4144462e-01;2.1250000e+02;7.6500118e-02;2.1250000e+02;2.1895632e-02;2.1250000e+02;-2.5173038e-02;2.1250000e+02;-6.8848178e-02;2.1250000e+02;-1.1226431e-01;2.1250000e+02;-1.5527368e-01;2.1250000e+02;-1.9775015e-01;2.1250000e+02;-8.4266156e-02;2.1250000e+02;-6.0931932e-02;2.1250000e+02;-1.8315576e-02;2.1250000e+02;3.9630421e-02;2.1250000e+02;1.0849494e-01;2.1250000e+02;1.6033319e-01;2.1250000e+02;2.2221372e-01;2.1250000e+02;2.4476701e-01;2.1250000e+02;2.3298711e-01;2.1250000e+02;2.1310559e-01;2.1250000e+02;1.4144462e-01;2.1250000e+02;7.6500118e-02;2.1250000e+02;2.1895632e-02;2.1250000e+02;-2.5173038e-02;2.1250000e+02;-6.8848178e-02;2.1250000e+02;-1.1226431e-01;2.1250000e+02;-1.5527368e-01;2.1250000e+02;-1.9775015e-01;2.1250000e+02;-8.4266156e-02;2.1250000e+02;-6.0931932e-02;2.1250000e+02;-1.8315576e-02;2.1250000e+02;3.9630421e-02;2.1250000e+02;1.0849494e-01;2.1250000e+02;1.6033319e-01;2.1250000e+02;2.2221372e-01;2.1250000e+02;2.4476701e-01;2.1250000e+02;2.3298711e-01;2.1250000e+02;2.1310559e-01;2.1250000e+02;1.4144462e-01;2.1250000e+02;7.6500118e-02;2.1250000e+02;2.1895632e-02;2.1250000e+02;-2.5173038e-02;2.1250000e+02;-6.8848178e-02;2.1250000e+02;-1.1226431e-01;2.1250000e+02;-1.5527368e-01;2.1250000e+02;-1.9775015e-01;2.1250000e+02;-8.4266156e-02;2.1250000e+02;-6.0931932e-02;2.1250000e+02;-1.8315576e-02;2.1250000e+02;3.9630421e-02;2.1250000e+02;1.0849494e-01;2.1250000e+02;1.6033319e-01;2.1250000e+02;2.2221372e-01;2.1250000e+02;2.4476701e-01;2.1250000e+02;2.3298711e-01;2.1250000e+02;2.1310559e-01;2.1250000e+02;1.4144462e-01;2.1250000e+02;7.6500118e-02;2.1250000e+02;2.1895632e-02;2.1250000e+02;-2.5173038e-02;2.1250000e+02;-6.8848178e-02;2.1250000e+02;-1.1226431e-01;2.1250000e+02;-1.5527368e-01;2.1250000e+02;-1.9775015e-01;2.1250000e+02;-8.4266156e-02;2.1250000e+02;-6.0931932e-02;2.1250000e+02;-1.8315576e-02;2.1250000e+02;3.9630421e-02;2.1250000e+02;1.0849494e-01;2.1250000e+02;1.6033319e-01;2.1250000e+02;2.2221372e-01;2.1250000e+02;2.4476701e-01;2.1250000e+02;2.3298711e-01;2.1250000e+02;2.1310559e-01;2.1250000e+02;1.4144462e-01;2.1250000e+02;7.6500118e-02;2.1250000e+02;2.1895632e-02;2.1250000e+02;-2.5173038e-02;2.1250000e+02;-6.8848178e-02;2.1250000e+02;-1.1226431e-01;2.1250000e+02;-1.5527368e-01;2.1250000e+02;-1.9775015e-01;2.1250000e+02;-8.4266156e-02;2.1250000e+02;-6.0931932e-02;2.1250000e+02;-1.8315576e-02;2.1250000e+02;3.9630421e-02;2.1250000e+02;1.0849494e-01;2.1250000e+02;1.6033319e-01;2.1250000e+02;2.2221372e-01;2.1250000e+02;2.4476701e-01;2.1250000e+02;2.3298711e-01;2.1250000e+02;2.1310559e-01;2.1250000e+02;1.4144462e-01;2.1250000e+02;7.6500118e-02;2.1250000e+02;2.1895632e-02;2.1250000e+02;-2.5173038e-02;2.1250000e+02;-6.8848178e-02;2.1250000e+02;-1.1226431e-01;2.1250000e+02;-1.5527368e-01;2.1250000e+02;-1.9775015e-01;2.1250000e+02;-8.4266156e-02;2.1250000e+02;-6.0931932e-02;2.1250000e+02;-1.8315576e-02;2.1250000e+02;3.9630421e-02;2.1250000e+02;1.0849494e-01;2.1250000e+02;1.6033319e-01;2.1250000e+02;2.2221372e-01;2.1250000e+02;2.4476701e-01;2.1250000e+02;2.3298711e-01;2.1250000e+02;2.1310559e-01;2.1250000e+02;1.4144462e-01;2.1250000e+02;7.6500118e-02;2.1250000e+02;2.1895632e-02;2.1250000e+02;-2.5173038e-02;2.1250000e+02;-6.8848178e-02;2.1250000e+02;-1.1226431e-01;2.1250000e+02;-1.5527368e-01;2.1250000e+02;-1.9775015e-01;2.1250000e+02;-8.4266156e-02;2.1250000e+02;-6.0931932e-02;2.1250000e+02;-1.8315576e-02;2.1250000e+02;3.9630421e-02;2.1250000e+02;1.0849494e-01;2.1250000e+02;1.6033319e-01;2.1250000e+02;2.2221372e-01;2.1250000e+02;2.4476701e-01;2.1250000e+02;2.3298711e-01;2.1250000e+02;2.1310559e-01;2.1250000e+02;1.4144462e-01;2.1250000e+02;7.6500118e-02;2.1250000e+02;2.1895632e-02;2.1250000e+02;-2.5173038e-02;2.1250000e+02;-6.8848178e-02;2.1250000e+02;-1.1226431e-01;2.1250000e+02;-1.5527368e-01;2.1250000e+02;-1.9775015e-01;2.1250000e+02;-8.4266156e-02;2.1250000e+02;-6.0931932e-02;2.1250000e+02;-1.8315576e-02;2.1250000e+02;3.9630421e-02;2.1250000e+02;1.0849494e-01;2.1250000e+02;1.6033319e-01;2.1250000e+02;2.2221372e-01;2.1250000e+02;2.4476701e-01;2.1250000e+02;2.3298711e-01;2.1250000e+02;2.1310559e-01;2.1250000e+02;1.4144462e-01;2.1250000e+02;7.6500118e-02;2.1250000e+02;2.1895632e-02;2.1250000e+02;-2.5173038e-02;2.1250000e+02;-6.8848178e-02;2.1250000e+02;-1.1226431e-01;2.1250000e+02;-1.5527368e-01;2.1250000e+02;-1.9775015e-01;2.1250000e+02;-8.4266156e-02;2.1250000e+02;-6.0931932e-02;2.1250000e+02;-1.8315576e-02;2.1250000e+02;3.9630421e-02;2.1250000e+02;1.0849494e-01;2.1250000e+02;1.6033319e-01;2.1250000e+02;2.2221372e-01;2.1250000e+02;2.4476701e-01;2.1250000e+02;2.3298711e-01;2.1250000e+02;2.1310559e-01;2.1250000e+02;1.4144462e-01;2.1250000e+02;7.6500118e-02;2.1250000e+02;2.1895632e-02;2.1250000e+02;-2.5173038e-02;2.1250000e+02;-6.8848178e-02;2.1250000e+02;-1.1226431e-01;2.1250000e+02;-1.5527368e-01;2.1250000e+02;-1.9775015e-01;2.1250000e+02;-8.4266156e-02;2.1250000e+02;-6.0931932e-02;2.1250000e+02;-1.8315576e-02;2.1250000e+02;3.9630421e-02;2.1250000e+02;1.0849494e-01;2.1250000e+02;1.6033319e-01;2.1250000e+02;2.2221372e-01;2.1250000e+02;2.4476701e-01;2.1250000e+02;2.3298711e-01;2.1250000e+02;2.1310559e-01;2.1250000e+02;1.4144462e-01;2.1250000e+02;7.6500118e-02;2.1250000e+02;2.1895632e-02;2.1250000e+02;-2.5173038e-02;2.1250000e+02;-6.8848178e-02;2.1250000e+02;-1.1226431e-01;2.1250000e+02;-1.5527368e-01;2.1250000e+02;-1.9775015e-01;2.1250000e+02;-8.4266156e-02;2.1250000e+02;-6.0931932e-02;2.1250000e+02;-1.8315576e-02;2.1250000e+02;3.9630421e-02;2.1250000e+02;1.0849494e-01;2.1250000e+02;1.6033319e-01;2.1250000e+02;2.2221372e-01;2.1250000e+02;2.4476701e-01;2.1250000e+02;2.3298711e-01;2.1250000e+02;2.1310559e-01;2.1250000e+02;1.4144462e-01;2.1250000e+02;7.6500118e-02;2.1250000e+02;2.1895632e-02;2.1250000e+02;-2.5173038e-02;2.1250000e+02;-6.8848178e-02;2.1250000e+02;-1.1226431e-01;2.1250000e+02;-1.5527368e-01;2.1250000e+02;-1.9775015e-01;2.1250000e+02;-8.4266156e-02;2.1250000e+02;-6.0931932e-02;2.1250000e+02;-1.8315576e-02;2.1250000e+02;3.9630421e-02;2.1250000e+02;1.0849494e-01;2.1250000e+02;1.6033319e-01;2.1250000e+02;2.2221372e-01;2.1250000e+02;2.4476701e-01;2.1250000e+02;2.3298711e-01;2.1250000e+02;2.1310559e-01;2.1250000e+02;1.4144462e-01;2.1250000e+02;7.6500118e-02;2.1250000e+02;2.1895632e-02;2.1250000e+02;-2.5173038e-02;2.1250000e+02;-6.8848178e-02;2.1250000e+02;-1.1226431e-01;2.1250000e+02;-1.5527368e-01;2.1250000e+02;-1.9775015e-01;2.1250000e+02;-8.4266156e-02;2.1250000e+02;-6.0931932e-02;2.1250000e+02;-1.8315576e-02;2.1250000e+02;3.9630421e-02;2.1250000e+02;1.0849494e-01;2.1250000e+02;1.6033319e-01;2.1250000e+02;2.2221372e-01;2.1250000e+02;2.4476701e-01;2.1250000e+02;2.3298711e-01;2.1250000e+02;2.1310559e-01;2.1250000e+02;1.4144462e-01;2.1250000e+02;7.6500118e-02;2.1250000e+02;2.1895632e-02;2.1250000e+02;-2.5173038e-02;2.1250000e+02;-6.8848178e-02;2.1250000e+02;-1.1226431e-01;2.1250000e+02;-1.5527368e-01;2.1250000e+02;-1.9775015e-01;2.1250000e+02;-8.4266156e-02;2.1250000e+02;-6.0931932e-02;2.1250000e+02;-1.8315576e-02;2.1250000e+02;3.9630421e-02;2.1250000e+02;1.0849494e-01;2.1250000e+02;1.6033319e-01;2.1250000e+02;2.2221372e-01;2.1250000e+02;2.4476701e-01;2.1250000e+02;2.3298711e-01;2.1250000e+02;2.1310559e-01;2.1250000e+02;1.4144462e-01;2.1250000e+02;7.6500118e-02;2.1250000e+02;2.1895632e-02;2.1250000e+02;-2.5173038e-02;2.1250000e+02;-6.8848178e-02;2.1250000e+02;-1.1226431e-01;2.1250000e+02;-1.5527368e-01;2.1250000e+02;-1.9775015e-01;2.1250000e+02;-8.4266156e-02;2.1250000e+02;-6.0931932e-02;2.1250000e+02;-1.8315576e-02;2.1250000e+02;3.9630421e-02;2.1250000e+02;1.0849494e-01;2.1250000e+02;1.6033319e-01;2.1250000e+02;2.2221372e-01;2.1250000e+02;2.4476701e-01;2.1250000e+02;2.3298711e-01;2.1250000e+02;2.1310559e-01;2.1250000e+02;1.4144462e-01;2.1250000e+02;7.6500118e-02;2.1250000e+02;2.1895632e-02;2.1250000e+02;-2.5173038e-02;2.1250000e+02;-6.8848178e-02;2.1250000e+02;-1.1226431e-01;2.1250000e+02;-1.5527368e-01;2.1250000e+02;-1.9775015e-01;2.1250000e+02;-8.4266156e-02;2.1250000e+02;-6.0931932e-02;2.1250000e+02;-1.8315576e-02;2.1250000e+02;3.9630421e-02;2.1250000e+02;1.0849494e-01;2.1250000e+02;1.6033319e-01;2.1250000e+02;2.2221372e-01;2.1250000e+02;2.4476701e-01;2.1250000e+02;2.3298711e-01;2.1250000e+02;2.1310559e-01;2.1250000e+02;1.4144462e-01;2.1250000e+02;7.6500118e-02;2.1250000e+02;2.1895632e-02;2.1250000e+02;-2.5173038e-02;2.1250000e+02;-6.8848178e-02;2.1250000e+02;-1.1226431e-01;2.1250000e+02;-1.5527368e-01;2.1250000e+02;-1.9775015e-01;2.1250000e+02;-8.4266156e-02;2.1250000e+02;-6.0931932e-02;2.1250000e+02;-1.8315576e-02;2.1250000e+02;3.9630421e-02;2.1250000e+02;1.0849494e-01;2.1250000e+02;1.6033319e-01;2.1250000e+02;2.2221372e-01;2.1250000e+02;2.4476701e-01;2.1250000e+02;2.3298711e-01;2.1250000e+02;2.1310559e-01;2.1250000e+02;1.4144462e-01;2.1250000e+02;7.6500118e-02;2.1250000e+02;2.1895632e-02;2.1250000e+02;-2.5173038e-02;2.1250000e+02;-6.8848178e-02;2.1250000e+02;-1.1226431e-01;2.1250000e+02;-1.5527368e-01;2.1250000e+02;-1.9775015e-01;2.1250000e+02;-8.4266156e-02;2.1250000e+02;-6.0931932e-02;2.1250000e+02;-1.8315576e-02;2.1250000e+02;3.9630421e-02;2.1250000e+02;1.0849494e-01;2.1250000e+02;1.6033319e-01;2.1250000e+02;2.2221372e-01;2.1250000e+02;2.4476701e-01;2.1250000e+02;2.3298711e-01;2.1250000e+02;2.1310559e-01;2.1250000e+02;1.4144462e-01;2.1250000e+02;7.6500118e-02;2.1250000e+02;2.1895632e-02;2.1250000e+02;-2.5173038e-02;2.1250000e+02;-6.8848178e-02;2.1250000e+02;-1.1226431e-01;2.1250000e+02;-1.5527368e-01;2.1250000e+02;-1.9775015e-01;2.1250000e+02;-8.4266156e-02;2.1250000e+02;-6.0931932e-02;2.1250000e+02;-1.8315576e-02;2.1250000e+02;3.9630421e-02;2.1250000e+02;1.0849494e-01;2.1250000e+02;1.6033319e-01;2.1250000e+02;2.2221372e-01;2.1250000e+02;2.4476701e-01;2.1250000e+02;2.3298711e-01;2.1250000e+02;2.1310559e-01;2.1250000e+02;1.4144462e-01;2.1250000e+02;7.6500118e-02;2.1250000e+02;2.1895632e-02;2.1250000e+02;-2.5173038e-02;2.1250000e+02;-6.8848178e-02;2.1250000e+02;-1.1226431e-01;2.1250000e+02;-1.5527368e-01;2.1250000e+02;-1.9775015e-01;2.1250000e+02;-8.4266156e-02;2.1250000e+02;-6.0931932e-02;2.1250000e+02;-1.8315576e-02;2.1250000e+02;3.9630421e-02;2.1250000e+02;1.0849494e-01;2.1250000e+02;1.6033319e-01;2.1250000e+02;2.2221372e-01;2.1250000e+02;2.4476701e-01;2.1250000e+02;2.3298711e-01;2.1250000e+02;2.1310559e-01;2.1250000e+02;1.4144462e-01;2.1250000e+02;7.6500118e-02;2.1250000e+02;2.1895632e-02;2.1250000e+02;-2.5173038e-02;2.1250000e+02;-6.8848178e-02;2.1250000e+02;-1.1226431e-01;2.1250000e+02;-1.5527368e-01;2.1250000e+02;-1.9775015e-01;2.1250000e+02;-8.4266156e-02;2.1250000e+02;-6.0931932e-02;2.1250000e+02;-1.8315576e-02;2.1250000e+02;3.9630421e-02;2.1250000e+02;1.0849494e-01;2.1250000e+02;1.6033319e-01;2.1250000e+02;2.2221372e-01;2.1250000e+02;2.4476701e-01;2.1250000e+02;2.3298711e-01;2.1250000e+02;2.1310559e-01;2.1250000e+02;1.4144462e-01;2.1250000e+02;7.6500118e-02;2.1250000e+02;2.1895632e-02;2.1250000e+02;-2.5173038e-02;2.1250000e+02;-6.8848178e-02;2.1250000e+02;-1.1226431e-01;2.1250000e+02;-1.5527368e-01;2.1250000e+02;-1.9775015e-01;2.1250000e+02;-8.4266156e-02;2.1250000e+02;-6.0931932e-02;2.1250000e+02;-1.8315576e-02;2.1250000e+02;3.9630421e-02;2.1250000e+02;1.0849494e-01;2.1250000e+02;1.6033319e-01;2.1250000e+02;2.2221372e-01;2.1250000e+02;2.4476701e-01;2.1250000e+02;2.3298711e-01;2.1250000e+02;2.1310559e-01;2.1250000e+02;1.4144462e-01;2.1250000e+02;7.6500118e-02;2.1250000e+02;2.1895632e-02;2.1250000e+02;-2.5173038e-02;2.1250000e+02;-6.8848178e-02;2.1250000e+02;-1.1226431e-01;2.1250000e+02;-1.5527368e-01;2.1250000e+02;-1.9775015e-01;2.1250000e+02;-8.4266156e-02;2.1250000e+02;-6.0931932e-02;2.1250000e+02;-1.8315576e-02;2.1250000e+02;3.9630421e-02;2.1250000e+02;1.0849494e-01;2.1250000e+02;1.6033319e-01;2.1250000e+02;2.2221372e-01;2.1250000e+02;2.4476701e-01;2.1250000e+02;2.3298711e-01;2.1250000e+02;2.1310559e-01;2.1250000e+02;1.4144462e-01;2.1250000e+02;7.6500118e-02;2.1250000e+02;2.1895632e-02;2.1250000e+02;-2.5173038e-02;2.1250000e+02;-6.8848178e-02;2.1250000e+02;-1.1226431e-01;2.1250000e+02;-1.5527368e-01;2.1250000e+02;-1.9775015e-01;2.1250000e+02;-8.4266156e-02;2.1250000e+02;-6.0931932e-02;2.1250000e+02;-1.8315576e-02;2.1250000e+02;3.9630421e-02;2.1250000e+02;1.0849494e-01;2.1250000e+02;1.6033319e-01;2.1250000e+02;2.2221372e-01;2.1250000e+02;2.4476701e-01;2.1250000e+02;2.3298711e-01;2.1250000e+02;2.1310559e-01;2.1250000e+02;1.4144462e-01;2.1250000e+02;7.6500118e-02;2.1250000e+02;2.1895632e-02;2.1250000e+02;-2.5173038e-02;2.1250000e+02;-6.8848178e-02;2.1250000e+02;-1.1226431e-01;2.1250000e+02;-1.5527368e-01;2.1250000e+02;-1.9775015e-01;2.1250000e+02;-8.4266156e-02;2.1250000e+02;-6.0931932e-02;2.1250000e+02;-1.8315576e-02;2.1250000e+02;3.9630421e-02;2.1250000e+02;1.0849494e-01;2.1250000e+02;1.6033319e-01;2.1250000e+02;2.2221372e-01;2.1250000e+02;2.4476701e-01;2.1250000e+02;2.3298711e-01;2.1250000e+02;2.1310559e-01;2.1250000e+02;1.4144462e-01;2.1250000e+02;7.6500118e-02;2.1250000e+02;2.1895632e-02;2.1250000e+02;-2.5173038e-02;2.1250000e+02;-6.8848178e-02;2.1250000e+02;-1.1226431e-01;2.1250000e+02;-1.5527368e-01;2.1250000e+02;-1.9775015e-01;2.1250000e+02;-8.4266156e-02;2.1250000e+02;-6.0931932e-02;2.1250000e+02;-1.8315576e-02;2.1250000e+02;3.9630421e-02;2.1250000e+02;1.0849494e-01;2.1250000e+02;1.6033319e-01;2.1250000e+02;2.2221372e-01;2.1250000e+02;2.4476701e-01;2.1250000e+02;2.3298711e-01;2.1250000e+02;2.1310559e-01;2.1250000e+02;1.4144462e-01;2.1250000e+02;7.6500118e-02;2.1250000e+02;2.1895632e-02;2.1250000e+02;-2.5173038e-02;2.1250000e+02;-6.8848178e-02;2.1250000e+02;-1.1226431e-01;2.1250000e+02;-1.5527368e-01;2.1250000e+02;-1.9775015e-01;2.1250000e+02;-8.4266156e-02;2.1250000e+02;-6.0931932e-02;2.1250000e+02;-1.8315576e-02;2.1250000e+02;3.9630421e-02;2.1250000e+02;1.0849494e-01;2.1250000e+02;1.6033319e-01;2.1250000e+02;2.2221372e-01;2.1250000e+02;2.4476701e-01;2.1250000e+02;2.3298711e-01;2.1250000e+02;2.1310559e-01;2.1250000e+02;1.4144462e-01;2.1250000e+02;7.6500118e-02;2.1250000e+02;2.1895632e-02;2.1250000e+02;-2.5173038e-02;2.1250000e+02;-6.8848178e-02;2.1250000e+02;-1.1226431e-01;2.1250000e+02;-1.5527368e-01;2.1250000e+02;-1.9775015e-01;2.1250000e+02;-8.4266156e-02;2.1250000e+02;-6.0931932e-02;2.1250000e+02;-1.8315576e-02;2.1250000e+02;3.9630421e-02;2.1250000e+02;1.0849494e-01;2.1250000e+02;1.6033319e-01;2.1250000e+02;2.2221372e-01;2.1250000e+02;2.4476701e-01;2.1250000e+02;2.3298711e-01;2.1250000e+02;2.1310559e-01;2.1250000e+02;1.4144462e-01;2.1250000e+02;7.6500118e-02;2.1250000e+02;2.1895632e-02;2.1250000e+02;-2.5173038e-02;2.1250000e+02;-6.8848178e-02;2.1250000e+02;-1.1226431e-01;2.1250000e+02;-1.5527368e-01;2.1250000e+02;-1.9775015e-01;2.1250000e+02;-8.4266156e-02;2.1250000e+02;-6.0931932e-02;2.1250000e+02;-1.8315576e-02;2.1250000e+02;3.9630421e-02;2.1250000e+02;1.0849494e-01;2.1250000e+02;1.6033319e-01;2.1250000e+02;2.2221372e-01;2.1250000e+02;2.4476701e-01;2.1250000e+02;2.3298711e-01;2.1250000e+02;2.1310559e-01;2.1250000e+02;1.4144462e-01;2.1250000e+02;7.6500118e-02;2.1250000e+02;2.1895632e-02;2.1250000e+02;-2.5173038e-02;2.1250000e+02;-6.8848178e-02;2.1250000e+02;-1.1226431e-01;2.1250000e+02;-1.5527368e-01;2.1250000e+02;-1.9775015e-01;2.1250000e+02;-8.4266156e-02;2.1250000e+02;-6.0931932e-02;2.1250000e+02;-1.8315576e-02;2.1250000e+02;3.9630421e-02;2.1250000e+02;1.0849494e-01;2.1250000e+02;1.6033319e-01;2.1250000e+02;2.2221372e-01;2.1250000e+02;2.4476701e-01;2.1250000e+02;2.3298711e-01;2.1250000e+02;2.1310559e-01;2.1250000e+02;1.4144462e-01;2.1250000e+02;7.6500118e-02;2.1250000e+02;2.1895632e-02;2.1250000e+02;-2.5173038e-02;2.1250000e+02;-6.8848178e-02;2.1250000e+02;-1.1226431e-01;2.1250000e+02;-1.5527368e-01;2.1250000e+02;-1.9775015e-01;2.1250000e+02;-8.4266156e-02;2.1250000e+02;-6.0931932e-02;2.1250000e+02;-1.8315576e-02;2.1250000e+02;3.9630421e-02;2.1250000e+02;1.0849494e-01;2.1250000e+02;1.6033319e-01;2.1250000e+02;2.2221372e-01;2.1250000e+02;2.4476701e-01;2.1250000e+02;2.3298711e-01;2.1250000e+02;2.1310559e-01;2.1250000e+02;1.4144462e-01;2.1250000e+02;7.6500118e-02;2.1250000e+02;2.1895632e-02;2.1250000e+02;-2.5173038e-02;2.1250000e+02;-6.8848178e-02;2.1250000e+02;-1.1226431e-01;2.1250000e+02;-1.5527368e-01;2.1250000e+02;-1.9775015e-01;2.1250000e+02;-8.4266156e-02;2.1250000e+02;-6.0931932e-02;2.1250000e+02;-1.8315576e-02;2.1250000e+02;3.9630421e-02;2.1250000e+02;1.0849494e-01;2.1250000e+02;1.6033319e-01;2.1250000e+02;2.2221372e-01;2.1250000e+02;2.4476701e-01;2.1250000e+02;2.3298711e-01;2.1250000e+02;2.1310559e-01;2.1250000e+02;1.4144462e-01;2.1250000e+02;7.6500118e-02;2.1250000e+02;2.1895632e-02;2.1250000e+02;-2.5173038e-02;2.1250000e+02;-6.8848178e-02;2.1250000e+02;-1.1226431e-01;2.1250000e+02;-1.5527368e-01;2.1250000e+02;-1.9775015e-01;2.1250000e+02;-8.4266156e-02;2.1250000e+02;-6.0931932e-02;2.1250000e+02;-1.8315576e-02;2.1250000e+02;3.9630421e-02;2.1250000e+02;1.0849494e-01;2.1250000e+02;1.6033319e-01;2.1250000e+02;2.2221372e-01;2.1250000e+02;2.4476701e-01;2.1250000e+02;2.3298711e-01;2.1250000e+02;2.1310559e-01;2.1250000e+02;1.4144462e-01;2.1250000e+02;7.6500118e-02;2.1250000e+02;2.1895632e-02;2.1250000e+02;-2.5173038e-02;2.1250000e+02;-6.8848178e-02;2.1250000e+02;-1.1226431e-01;2.1250000e+02;-1.5527368e-01;2.1250000e+02;-1.9775015e-01;2.1250000e+02;-8.4266156e-02;2.1250000e+02;-6.0931932e-02;2.1250000e+02;-1.8315576e-02;2.1250000e+02;3.9630421e-02;2.1250000e+02;1.0849494e-01;2.1250000e+02;1.6033319e-01;2.1250000e+02;2.2221372e-01;2.1250000e+02;2.4476701e-01;2.1250000e+02;2.3298711e-01;2.1250000e+02;2.1310559e-01;2.1250000e+02;1.4144462e-01;2.1250000e+02;7.6500118e-02;2.1250000e+02;2.1895632e-02;2.1250000e+02;-2.5173038e-02;2.1250000e+02;-6.8848178e-02;2.1250000e+02;-1.1226431e-01;2.1250000e+02;-1.5527368e-01;2.1250000e+02;-1.9775015e-01;2.1250000e+02;-8.4266156e-02;2.1250000e+02;-6.0931932e-02;2.1250000e+02;-1.8315576e-02;2.1250000e+02;3.9630421e-02;2.1250000e+02;1.0849494e-01;2.1250000e+02;1.6033319e-01;2.1250000e+02;2.2221372e-01;2.1250000e+02;2.4476701e-01;2.1250000e+02;2.3298711e-01;2.1250000e+02;2.1310559e-01;2.1250000e+02;1.4144462e-01;2.1250000e+02;7.6500118e-02;2.1250000e+02;2.1895632e-02;2.1250000e+02;-2.5173038e-02;2.1250000e+02;-6.8848178e-02;2.1250000e+02;-1.1226431e-01;2.1250000e+02;-1.5527368e-01;2.1250000e+02;-1.9775015e-01;2.1250000e+02;-8.4266156e-02;2.1250000e+02;-6.0931932e-02;2.1250000e+02;-1.8315576e-02;2.1250000e+02;3.9630421e-02;2.1250000e+02;1.0849494e-01;2.1250000e+02;1.6033319e-01;2.1250000e+02;2.2221372e-01;2.1250000e+02;2.4476701e-01;2.1250000e+02;2.3298711e-01;2.1250000e+02;2.1310559e-01;2.1250000e+02;1.4144462e-01;2.1250000e+02;7.6500118e-02;2.1250000e+02;2.1895632e-02;2.1250000e+02;-2.5173038e-02;2.1250000e+02;-6.8848178e-02;2.1250000e+02;-1.1226431e-01;2.1250000e+02;-1.5527368e-01;2.1250000e+02;-1.9775015e-01;2.1250000e+02;-8.4266156e-02;2.1250000e+02;-6.0931932e-02;2.1250000e+02;-1.8315576e-02;2.1250000e+02;3.9630421e-02;2.1250000e+02;1.0849494e-01;2.1250000e+02;1.6033319e-01;2.1250000e+02;2.2221372e-01;2.1250000e+02;2.4476701e-01;2.1250000e+02;2.3298711e-01;2.1250000e+02;2.1310559e-01;2.1250000e+02;1.4144462e-01;2.1250000e+02;7.6500118e-02;2.1250000e+02;2.1895632e-02;2.1250000e+02;-2.5173038e-02;2.1250000e+02;-6.8848178e-02;2.1250000e+02;-1.1226431e-01;2.1250000e+02;-1.5527368e-01;2.1250000e+02;-1.9775015e-01;2.1250000e+02;-8.4266156e-02;2.1250000e+02;-6.0931932e-02;2.1250000e+02;-1.8315576e-02;2.1250000e+02;3.9630421e-02;2.1250000e+02;1.0849494e-01;2.1250000e+02;1.6033319e-01;2.1250000e+02;2.2221372e-01;2.1250000e+02;2.4476701e-01;2.1250000e+02;2.3298711e-01;2.1250000e+02;2.1310559e-01;2.1250000e+02;1.4144462e-01;2.1250000e+02;7.6500118e-02;2.1250000e+02;2.1895632e-02;2.1250000e+02;-2.5173038e-02;2.1250000e+02;-6.8848178e-02;2.1250000e+02;-1.1226431e-01;2.1250000e+02;-1.5527368e-01;2.1250000e+02;-1.9775015e-01;2.1250000e+02;-8.4266156e-02;2.1250000e+02;-6.0931932e-02;2.1250000e+02;-1.8315576e-02;2.1250000e+02;3.9630421e-02;2.1250000e+02;1.0849494e-01;2.1250000e+02;1.6033319e-01;2.1250000e+02;2.2221372e-01;2.1250000e+02;2.4476701e-01;2.1250000e+02;2.3298711e-01;2.1250000e+02;2.1310559e-01;2.1250000e+02;1.4144462e-01;2.1250000e+02;7.6500118e-02;2.1250000e+02;2.1895632e-02;2.1250000e+02;-2.5173038e-02;2.1250000e+02;-6.8848178e-02;2.1250000e+02;-1.1226431e-01;2.1250000e+02;-1.5527368e-01;2.1250000e+02;-1.9775015e-01;2.1250000e+02;-8.4266156e-02;2.1250000e+02;-6.0931932e-02;2.1250000e+02;-1.8315576e-02;2.1250000e+02;3.9630421e-02;2.1250000e+02;1.0849494e-01;2.1250000e+02;1.6033319e-01;2.1250000e+02;2.2221372e-01;2.1250000e+02;2.4476701e-01;2.1250000e+02;2.3298711e-01;2.1250000e+02;2.1310559e-01;2.1250000e+02;1.4144462e-01;2.1250000e+02;7.6500118e-02;2.1250000e+02;2.1895632e-02;2.1250000e+02;-2.5173038e-02;2.1250000e+02;-6.8848178e-02;2.1250000e+02;-1.1226431e-01;2.1250000e+02;-1.5527368e-01;2.1250000e+02;-1.9775015e-01;2.1250000e+02;-8.4266156e-02;2.1250000e+02;-6.0931932e-02;2.1250000e+02;-1.8315576e-02;2.1250000e+02;3.9630421e-02;2.1250000e+02;1.0849494e-01;2.1250000e+02;1.6033319e-01;2.1250000e+02;2.2221372e-01;2.1250000e+02;2.4476701e-01;2.1250000e+02;2.3298711e-01;2.1250000e+02;2.1310559e-01;2.1250000e+02;1.4144462e-01;2.1250000e+02;7.6500118e-02;2.1250000e+02;2.1895632e-02;2.1250000e+02;-2.5173038e-02;2.1250000e+02;-6.8848178e-02;2.1250000e+02;-1.1226431e-01;2.1250000e+02;-1.5527368e-01;2.1250000e+02;-1.9775015e-01;2.1250000e+02;-8.4266156e-02;2.1250000e+02;-6.0931932e-02;2.1250000e+02;-1.8315576e-02;2.1250000e+02;3.9630421e-02;2.1250000e+02;1.0849494e-01;2.1250000e+02;1.6033319e-01;2.1250000e+02;2.2221372e-01;2.1250000e+02;2.4476701e-01;2.1250000e+02;2.3298711e-01;2.1250000e+02;2.1310559e-01;2.1250000e+02;1.4144462e-01;2.1250000e+02;7.6500118e-02;2.1250000e+02;2.1895632e-02;2.1250000e+02;-2.5173038e-02;2.1250000e+02;-6.8848178e-02;2.1250000e+02;-1.1226431e-01;2.1250000e+02;-1.5527368e-01;2.1250000e+02;-1.9775015e-01;2.1250000e+02;-8.4266156e-02;2.1250000e+02;-6.0931932e-02;2.1250000e+02;-1.8315576e-02;2.1250000e+02;3.9630421e-02;2.1250000e+02;1.0849494e-01;2.1250000e+02;1.6033319e-01;2.1250000e+02;2.2221372e-01;2.1250000e+02;2.4476701e-01;2.1250000e+02;2.3298711e-01;2.1250000e+02;2.1310559e-01;2.1250000e+02;1.4144462e-01;2.1250000e+02;7.6500118e-02;2.1250000e+02;2.1895632e-02;2.1250000e+02;-2.5173038e-02;2.1250000e+02;-6.8848178e-02;2.1250000e+02;-1.1226431e-01;2.1250000e+02;-1.5527368e-01;2.1250000e+02;-1.9775015e-01;2.1250000e+02;-8.4266156e-02;2.1250000e+02;-6.0931932e-02;2.1250000e+02;-1.8315576e-02;2.1250000e+02;3.9630421e-02;2.1250000e+02;1.0849494e-01;2.1250000e+02;1.6033319e-01;2.1250000e+02;2.2221372e-01;2.1250000e+02;2.4476701e-01;2.1250000e+02;2.3298711e-01;2.1250000e+02;2.1310559e-01;2.1250000e+02;1.4144462e-01;2.1250000e+02;7.6500118e-02;2.1250000e+02;2.1895632e-02;2.1250000e+02;-2.5173038e-02;2.1250000e+02;-6.8848178e-02;2.1250000e+02;-1.1226431e-01;2.1250000e+02;-1.5527368e-01;2.1250000e+02;-1.9775015e-01;2.1250000e+02;-8.4266156e-02;2.1250000e+02;-6.0931932e-02;2.1250000e+02;-1.8315576e-02;2.1250000e+02;3.9630421e-02;2.1250000e+02;1.0849494e-01;2.1250000e+02;1.6033319e-01;2.1250000e+02;2.2221372e-01;2.1250000e+02;2.4476701e-01;2.1250000e+02;2.3298711e-01;2.1250000e+02;2.1310559e-01;2.1250000e+02;1.4144462e-01;2.1250000e+02;7.6500118e-02;2.1250000e+02;2.1895632e-02;2.1250000e+02;-2.5173038e-02;2.1250000e+02;-6.8848178e-02;2.1250000e+02;-1.1226431e-01;2.1250000e+02;-1.5527368e-01;2.1250000e+02;-1.9775015e-01;2.1250000e+02;-8.4266156e-02;2.1250000e+02;-6.0931932e-02;2.1250000e+02;-1.8315576e-02;2.1250000e+02;3.9630421e-02;2.1250000e+02;1.0849494e-01;2.1250000e+02;1.6033319e-01;2.1250000e+02;2.2221372e-01;2.1250000e+02;2.4476701e-01;2.1250000e+02;2.3298711e-01;2.1250000e+02;2.1310559e-01;2.1250000e+02;1.4144462e-01;2.1250000e+02;7.6500118e-02;2.1250000e+02;2.1895632e-02;2.1250000e+02;-2.5173038e-02;2.1250000e+02;-6.8848178e-02;2.1250000e+02;-1.1226431e-01;2.1250000e+02;-1.5527368e-01;2.1250000e+02;-1.9775015e-01;2.1250000e+02;-8.4266156e-02;2.1250000e+02;-6.0931932e-02;2.1250000e+02;-1.8315576e-02;2.1250000e+02;3.9630421e-02;2.1250000e+02;1.0849494e-01;2.1250000e+02;1.6033319e-01;2.1250000e+02;2.2221372e-01;2.1250000e+02;2.4476701e-01;2.1250000e+02;2.3298711e-01;2.1250000e+02;2.1310559e-01;2.1250000e+02;1.4144462e-01;2.1250000e+02;7.6500118e-02;2.1250000e+02;2.1895632e-02;2.1250000e+02;-2.5173038e-02;2.1250000e+02;-6.8848178e-02;2.1250000e+02;-1.1226431e-01;2.1250000e+02;-1.5527368e-01;2.1250000e+02;-1.9775015e-01;2.1250000e+02;-8.4266156e-02;2.1250000e+02;-6.0931932e-02;2.1250000e+02;-1.8315576e-02;2.1250000e+02;3.9630421e-02;2.1250000e+02;1.0849494e-01;2.1250000e+02;1.6033319e-01;2.1250000e+02;2.2221372e-01;2.1250000e+02;2.4476701e-01;2.1250000e+02;2.3298711e-01;2.1250000e+02;2.1310559e-01;2.1250000e+02;1.4144462e-01;2.1250000e+02;7.6500118e-02;2.1250000e+02;2.1895632e-02;2.1250000e+02;-2.5173038e-02;2.1250000e+02;-6.8848178e-02;2.1250000e+02;-1.1226431e-01;2.1250000e+02;-1.5527368e-01;2.1250000e+02;-1.9775015e-01;2.1250000e+02;-8.4266156e-02;2.1250000e+02;-6.0931932e-02;2.1250000e+02;-1.8315576e-02;2.1250000e+02;3.9630421e-02;2.1250000e+02;1.0849494e-01;2.1250000e+02;1.6033319e-01;2.1250000e+02;2.2221372e-01;2.1250000e+02;2.4476701e-01;2.1250000e+02;2.3298711e-01;2.1250000e+02;2.1310559e-01;2.1250000e+02;1.4144462e-01;2.1250000e+02;7.6500118e-02;2.1250000e+02;2.1895632e-02;2.1250000e+02;-2.5173038e-02;2.1250000e+02;-6.8848178e-02;2.1250000e+02;-1.1226431e-01;2.1250000e+02;-1.5527368e-01;2.1250000e+02;-1.9775015e-01;2.1250000e+02;-8.4266156e-02;2.1250000e+02;-6.0931932e-02;2.1250000e+02;-1.8315576e-02;2.1250000e+02;3.9630421e-02;2.1250000e+02;1.0849494e-01;2.1250000e+02;1.6033319e-01;2.1250000e+02;2.2221372e-01;2.1250000e+02;2.4476701e-01;2.1250000e+02;2.3298711e-01;2.1250000e+02;2.1310559e-01;2.1250000e+02;1.4144462e-01;2.1250000e+02;7.6500118e-02;2.1250000e+02;2.1895632e-02;2.1250000e+02;-2.5173038e-02;2.1250000e+02;-6.8848178e-02;2.1250000e+02;-1.1226431e-01;2.1250000e+02;-1.5527368e-01;2.1250000e+02;-1.9775015e-01;2.1250000e+02;-8.4266156e-02;2.1250000e+02;-6.0931932e-02;2.1250000e+02;-1.8315576e-02;2.1250000e+02;3.9630421e-02;2.1250000e+02;1.0849494e-01;2.1250000e+02;1.6033319e-01;2.1250000e+02;2.2221372e-01;2.1250000e+02;2.4476701e-01;2.1250000e+02;2.3298711e-01;2.1250000e+02;2.1310559e-01;2.1250000e+02;1.4144462e-01;2.1250000e+02;7.6500118e-02;2.1250000e+02;2.1895632e-02;2.1250000e+02;-2.5173038e-02;2.1250000e+02;-6.8848178e-02;2.1250000e+02;-1.1226431e-01;2.1250000e+02;-1.5527368e-01;2.1250000e+02;-1.9775015e-01;2.1250000e+02;-8.4266156e-02;2.1250000e+02;-6.0931932e-02;2.1250000e+02;-1.8315576e-02;2.1250000e+02;3.9630421e-02;2.1250000e+02;1.0849494e-01;2.1250000e+02;1.6033319e-01;2.1250000e+02;2.2221372e-01;2.1250000e+02;2.4476701e-01;2.1250000e+02;2.3298711e-01;2.1250000e+02;2.1310559e-01;2.1250000e+02;1.4144462e-01;2.1250000e+02;7.6500118e-02;2.1250000e+02;2.1895632e-02;2.1250000e+02;-2.5173038e-02;2.1250000e+02;-6.8848178e-02;2.1250000e+02;-1.1226431e-01;2.1250000e+02;-1.5527368e-01;2.1250000e+02;-1.9775015e-01;2.1250000e+02;-8.4266156e-02;2.1250000e+02;-6.0931932e-02;2.1250000e+02;-1.8315576e-02;2.1250000e+02;3.9630421e-02;2.1250000e+02;1.0849494e-01;2.1250000e+02;1.6033319e-01;2.1250000e+02;2.2221372e-01;2.1250000e+02;2.4476701e-01;2.1250000e+02;2.3298711e-01;2.1250000e+02;2.1310559e-01;2.1250000e+02;1.4144462e-01;2.1250000e+02;7.6500118e-02;2.1250000e+02;2.1895632e-02;2.1250000e+02;-2.5173038e-02;2.1250000e+02;-6.8848178e-02;2.1250000e+02;-1.1226431e-01;2.1250000e+02;-1.5527368e-01;2.1250000e+02;-1.9775015e-01;2.1250000e+02;-8.4266156e-02;2.1250000e+02;-6.0931932e-02;2.1250000e+02;-1.8315576e-02;2.1250000e+02;3.9630421e-02;2.1250000e+02;1.0849494e-01;2.1250000e+02;1.6033319e-01;2.1250000e+02;2.2221372e-01;2.1250000e+02;2.4476701e-01;2.1250000e+02;2.3298711e-01;2.1250000e+02;2.1310559e-01;2.1250000e+02;1.4144462e-01;2.1250000e+02;7.6500118e-02;2.1250000e+02;2.1895632e-02;2.1250000e+02;-2.5173038e-02;2.1250000e+02;-6.8848178e-02;2.1250000e+02;-1.1226431e-01;2.1250000e+02;-1.5527368e-01;2.1250000e+02;-1.9775015e-01;2.1250000e+02;-8.4266156e-02;2.1250000e+02;-6.0931932e-02;2.1250000e+02;-1.8315576e-02;2.1250000e+02;3.9630421e-02;2.1250000e+02;1.0849494e-01;2.1250000e+02;1.6033319e-01;2.1250000e+02;2.2221372e-01;2.1250000e+02;2.4476701e-01;2.1250000e+02;2.3298711e-01;2.1250000e+02;2.1310559e-01;2.1250000e+02;1.4144462e-01;2.1250000e+02;7.6500118e-02;2.1250000e+02;2.1895632e-02;2.1250000e+02;-2.5173038e-02;2.1250000e+02;-6.8848178e-02;2.1250000e+02;-1.1226431e-01;2.1250000e+02;-1.5527368e-01;2.1250000e+02;-1.9775015e-01;2.1250000e+02;-8.4266156e-02;2.1250000e+02;-6.0931932e-02;2.1250000e+02;-1.8315576e-02;2.1250000e+02;3.9630421e-02;2.1250000e+02;1.0849494e-01;2.1250000e+02;1.6033319e-01;2.1250000e+02;2.2221372e-01;2.1250000e+02;2.4476701e-01;2.1250000e+02;2.3298711e-01;2.1250000e+02;2.1310559e-01;2.1250000e+02;1.4144462e-01;2.1250000e+02;7.6500118e-02;2.1250000e+02;2.1895632e-02;2.1250000e+02;-2.5173038e-02;2.1250000e+02;-6.8848178e-02;2.1250000e+02;-1.1226431e-01;2.1250000e+02;-1.5527368e-01;2.1250000e+02;-1.9775015e-01;2.1250000e+02;-8.4266156e-02;2.1250000e+02;-6.0931932e-02;2.1250000e+02;-1.8315576e-02;2.1250000e+02;3.9630421e-02;2.1250000e+02;1.0849494e-01;2.1250000e+02;1.6033319e-01;2.1250000e+02;2.2221372e-01;2.1250000e+02;2.4476701e-01;2.1250000e+02;2.3298711e-01;2.1250000e+02;2.1310559e-01;2.1250000e+02;1.4144462e-01;2.1250000e+02;7.6500118e-02;2.1250000e+02;2.1895632e-02;2.1250000e+02;-2.5173038e-02;2.1250000e+02;-6.8848178e-02;2.1250000e+02;-1.1226431e-01;2.1250000e+02;-1.5527368e-01;2.1250000e+02;-1.9775015e-01;2.1250000e+02;-8.4266156e-02;2.1250000e+02;-6.0931932e-02;2.1250000e+02;-1.8315576e-02;2.1250000e+02;3.9630421e-02;2.1250000e+02;1.0849494e-01;2.1250000e+02;1.6033319e-01;2.1250000e+02;2.2221372e-01;2.1250000e+02;2.4476701e-01;2.1250000e+02;2.3298711e-01;2.1250000e+02;2.1310559e-01;2.1250000e+02;1.4144462e-01;2.1250000e+02;7.6500118e-02;2.1250000e+02;2.1895632e-02;2.1250000e+02;-2.5173038e-02;2.1250000e+02;-6.8848178e-02;2.1250000e+02;-1.1226431e-01;2.1250000e+02;-1.5527368e-01;2.1250000e+02;-1.9775015e-01;2.1250000e+02;-8.4266156e-02;2.1250000e+02;-6.0931932e-02;2.1250000e+02;-1.8315576e-02;2.1250000e+02;3.9630421e-02;2.1250000e+02;1.0849494e-01;2.1250000e+02;1.6033319e-01;2.1250000e+02;2.2221372e-01;2.1250000e+02;2.4476701e-01;2.1250000e+02;2.3298711e-01;2.1250000e+02;2.1310559e-01;2.1250000e+02;1.4144462e-01;2.1250000e+02;7.6500118e-02;2.1250000e+02;2.1895632e-02;2.1250000e+02;-2.5173038e-02;2.1250000e+02;-6.8848178e-02;2.1250000e+02;-1.1226431e-01;2.1250000e+02;-1.5527368e-01;2.1250000e+02;-1.9775015e-01;2.1250000e+02;-8.4266156e-02;2.1250000e+02;-6.0931932e-02;2.1250000e+02;-1.8315576e-02;2.1250000e+02;3.9630421e-02;2.1250000e+02;1.0849494e-01;2.1250000e+02;1.6033319e-01;2.1250000e+02;2.2221372e-01;2.1250000e+02;2.4476701e-01;2.1250000e+02;2.3298711e-01;2.1250000e+02;2.1310559e-01;2.1250000e+02;1.4144462e-01;2.1250000e+02;7.6500118e-02;2.1250000e+02;2.1895632e-02;2.1250000e+02;-2.5173038e-02;2.1250000e+02;-6.8848178e-02;2.1250000e+02;-1.1226431e-01;2.1250000e+02;-1.5527368e-01;2.1250000e+02;-1.9775015e-01;2.1250000e+02;-8.4266156e-02;2.1250000e+02;-6.0931932e-02;2.1250000e+02;-1.8315576e-02;2.1250000e+02;3.9630421e-02;2.1250000e+02;1.0849494e-01;2.1250000e+02;1.6033319e-01;2.1250000e+02;2.2221372e-01;2.1250000e+02;2.4476701e-01;2.1250000e+02;2.3298711e-01;2.1250000e+02;2.1310559e-01;2.1250000e+02;1.4144462e-01;2.1250000e+02;7.6500118e-02;2.1250000e+02;2.1895632e-02;2.1250000e+02;-2.5173038e-02;2.1250000e+02;-6.8848178e-02;2.1250000e+02;-1.1226431e-01;2.1250000e+02;-1.5527368e-01;2.1250000e+02;-1.9775015e-01;2.1250000e+02;-8.4266156e-02;2.1250000e+02;-6.0931932e-02;2.1250000e+02;-1.8315576e-02;2.1250000e+02;3.9630421e-02;2.1250000e+02;1.0849494e-01;2.1250000e+02;1.6033319e-01;2.1250000e+02;2.2221372e-01;2.1250000e+02;2.4476701e-01;2.1250000e+02;2.3298711e-01;2.1250000e+02;2.1310559e-01;2.1250000e+02;1.4144462e-01;2.1250000e+02;7.6500118e-02;2.1250000e+02;2.1895632e-02;2.1250000e+02;-2.5173038e-02;2.1250000e+02;-6.8848178e-02;2.1250000e+02;-1.1226431e-01;2.1250000e+02;-1.5527368e-01;2.1250000e+02;-1.9775015e-01;2.1250000e+02;-8.4266156e-02;2.1250000e+02;-6.0931932e-02;2.1250000e+02;-1.8315576e-02;2.1250000e+02;3.9630421e-02;2.1250000e+02;1.0849494e-01;2.1250000e+02;1.6033319e-01;2.1250000e+02;2.2221372e-01;2.1250000e+02;2.4476701e-01;2.1250000e+02;2.3298711e-01;2.1250000e+02;2.1310559e-01;2.1250000e+02;1.4144462e-01;2.1250000e+02;7.6500118e-02;2.1250000e+02;2.1895632e-02;2.1250000e+02;-2.5173038e-02;2.1250000e+02;-6.8848178e-02;2.1250000e+02;-1.1226431e-01;2.1250000e+02;-1.5527368e-01;2.1250000e+02;-1.9775015e-01;2.1250000e+02;-8.4266156e-02;2.1250000e+02;-6.0931932e-02;2.1250000e+02;-1.8315576e-02;2.1250000e+02;3.9630421e-02;2.1250000e+02;1.0849494e-01;2.1250000e+02;1.6033319e-01;2.1250000e+02;2.2221372e-01;2.1250000e+02;2.4476701e-01;2.1250000e+02;2.3298711e-01;2.1250000e+02;2.1310559e-01;2.1250000e+02;1.4144462e-01;2.1250000e+02;7.6500118e-02;2.1250000e+02;2.1895632e-02;2.1250000e+02;-2.5173038e-02;2.1250000e+02;-6.8848178e-02;2.1250000e+02;-1.1226431e-01;2.1250000e+02;-1.5527368e-01;2.1250000e+02;-1.9775015e-01;2.1250000e+02;-8.4266156e-02;2.1250000e+02;-6.0931932e-02;2.1250000e+02;-1.8315576e-02;2.1250000e+02;3.9630421e-02;2.1250000e+02;1.0849494e-01;2.1250000e+02;1.6033319e-01;2.1250000e+02;2.2221372e-01;2.1250000e+02;2.4476701e-01;2.1250000e+02;2.3298711e-01;2.1250000e+02;2.1310559e-01;2.1250000e+02;1.4144462e-01;2.1250000e+02;7.6500118e-02;2.1250000e+02;2.1895632e-02;2.1250000e+02;-2.5173038e-02;2.1250000e+02;-6.8848178e-02;2.1250000e+02;-1.1226431e-01;2.1250000e+02;-1.5527368e-01;2.1250000e+02;-1.9775015e-01;2.1250000e+02;-8.4266156e-02;2.1250000e+02;-6.0931932e-02;2.1250000e+02;-1.8315576e-02;2.1250000e+02;3.9630421e-02;2.1250000e+02;1.0849494e-01;2.1250000e+02;1.6033319e-01;2.1250000e+02;2.2221372e-01;2.1250000e+02;2.4476701e-01;2.1250000e+02;2.3298711e-01;2.1250000e+02;2.1310559e-01;2.1250000e+02;1.4144462e-01;2.1250000e+02;7.6500118e-02;2.1250000e+02;2.1895632e-02;2.1250000e+02;-2.5173038e-02;2.1250000e+02;-6.8848178e-02;2.1250000e+02;-1.1226431e-01;2.1250000e+02;-1.5527368e-01;2.1250000e+02;-1.9775015e-01;2.1250000e+02;-8.4266156e-02;2.1250000e+02;-6.0931932e-02;2.1250000e+02;-1.8315576e-02;2.1250000e+02;3.9630421e-02;2.1250000e+02;1.0849494e-01;2.1250000e+02;1.6033319e-01;2.1250000e+02;2.2221372e-01;2.1250000e+02;2.4476701e-01;2.1250000e+02;2.3298711e-01;2.1250000e+02;2.1310559e-01;2.1250000e+02;1.4144462e-01;2.1250000e+02;7.6500118e-02;2.1250000e+02;2.1895632e-02;2.1250000e+02;-2.5173038e-02;2.1250000e+02;-6.8848178e-02;2.1250000e+02;-1.1226431e-01;2.1250000e+02;-1.5527368e-01;2.1250000e+02;-1.9775015e-01;2.1250000e+02;-8.4266156e-02;2.1250000e+02;-6.0931932e-02;2.1250000e+02;-1.8315576e-02;2.1250000e+02;3.9630421e-02;2.1250000e+02;1.0849494e-01;2.1250000e+02;1.6033319e-01;2.1250000e+02;2.2221372e-01;2.1250000e+02;2.4476701e-01;2.1250000e+02;2.3298711e-01;2.1250000e+02;2.1310559e-01;2.1250000e+02;1.4144462e-01;2.1250000e+02;7.6500118e-02;2.1250000e+02;2.1895632e-02;2.1250000e+02;-2.5173038e-02;2.1250000e+02;-6.8848178e-02;2.1250000e+02;-1.1226431e-01;2.1250000e+02;-1.5527368e-01;2.1250000e+02;-1.9775015e-01;2.1250000e+02;-8.4266156e-02;2.1250000e+02;-6.0931932e-02;2.1250000e+02;-1.8315576e-02;2.1250000e+02;3.9630421e-02;2.1250000e+02;1.0849494e-01;2.1250000e+02;1.6033319e-01;2.1250000e+02;2.2221372e-01;2.1250000e+02;2.4476701e-01;2.1250000e+02;2.3298711e-01;2.1250000e+02;2.1310559e-01;2.1250000e+02;1.4144462e-01;2.1250000e+02;7.6500118e-02;2.1250000e+02;2.1895632e-02;2.1250000e+02;-2.5173038e-02;2.1250000e+02;-6.8848178e-02;2.1250000e+02;-1.1226431e-01;2.1250000e+02;-1.5527368e-01;2.1250000e+02;-1.9775015e-01;2.1250000e+02;-8.4266156e-02;2.1250000e+02;-6.0931932e-02;2.1250000e+02;-1.8315576e-02;2.1250000e+02;3.9630421e-02;2.1250000e+02;1.0849494e-01;2.1250000e+02;1.6033319e-01;2.1250000e+02;2.2221372e-01;2.1250000e+02;2.4476701e-01;2.1250000e+02;2.3298711e-01;2.1250000e+02;2.1310559e-01;2.1250000e+02;1.4144462e-01;2.1250000e+02;7.6500118e-02;2.1250000e+02;2.1895632e-02;2.1250000e+02;-2.5173038e-02;2.1250000e+02;-6.8848178e-02;2.1250000e+02;-1.1226431e-01;2.1250000e+02;-1.5527368e-01;2.1250000e+02;-1.9775015e-01;2.1250000e+02;-8.4266156e-02;2.1250000e+02;-6.0931932e-02;2.1250000e+02;-1.8315576e-02;2.1250000e+02;3.9630421e-02;2.1250000e+02;1.0849494e-01;2.1250000e+02;1.6033319e-01;2.1250000e+02;2.2221372e-01;2.1250000e+02;2.4476701e-01;2.1250000e+02;2.3298711e-01;2.1250000e+02;2.1310559e-01;2.1250000e+02;1.4144462e-01;2.1250000e+02;7.6500118e-02;2.1250000e+02;2.1895632e-02;2.1250000e+02;-2.5173038e-02;2.1250000e+02;-6.8848178e-02;2.1250000e+02;-1.1226431e-01;2.1250000e+02;-1.5527368e-01;2.1250000e+02;-1.9775015e-01;2.1250000e+02;-8.4266156e-02;2.1250000e+02;-6.0931932e-02;2.1250000e+02;-1.8315576e-02;2.1250000e+02;3.9630421e-02;2.1250000e+02;1.0849494e-01;2.1250000e+02;1.6033319e-01;2.1250000e+02;2.2221372e-01;2.1250000e+02;2.4476701e-01;2.1250000e+02;2.3298711e-01;2.1250000e+02;2.1310559e-01;2.1250000e+02;1.4144462e-01;2.1250000e+02;7.6500118e-02;2.1250000e+02;2.1895632e-02;2.1250000e+02;-2.5173038e-02;2.1250000e+02;-6.8848178e-02;2.1250000e+02;-1.1226431e-01;2.1250000e+02;-1.5527368e-01;2.1250000e+02;-1.9775015e-01;2.1250000e+02;-8.4266156e-02;2.1250000e+02;-6.0931932e-02;2.1250000e+02;-1.8315576e-02;2.1250000e+02;3.9630421e-02;2.1250000e+02;1.0849494e-01;2.1250000e+02;1.6033319e-01;2.1250000e+02;2.2221372e-01;2.1250000e+02;2.4476701e-01;2.1250000e+02;2.3298711e-01;2.1250000e+02;2.1310559e-01;2.1250000e+02;1.4144462e-01;2.1250000e+02;7.6500118e-02;2.1250000e+02;2.1895632e-02;2.1250000e+02;-2.5173038e-02;2.1250000e+02;-6.8848178e-02;2.1250000e+02;-1.1226431e-01;2.1250000e+02;-1.5527368e-01;2.1250000e+02;-1.9775015e-01;2.1250000e+02;-8.4266156e-02;2.1250000e+02;-6.0931932e-02;2.1250000e+02;-1.8315576e-02;2.1250000e+02;3.9630421e-02;2.1250000e+02;1.0849494e-01;2.1250000e+02;1.6033319e-01;2.1250000e+02;2.2221372e-01;2.1250000e+02;2.4476701e-01;2.1250000e+02;2.3298711e-01;2.1250000e+02;2.1310559e-01;2.1250000e+02;1.4144462e-01;2.1250000e+02;7.6500118e-02;2.1250000e+02;2.1895632e-02;2.1250000e+02;-2.5173038e-02;2.1250000e+02;-6.8848178e-02;2.1250000e+02;-1.1226431e-01;2.1250000e+02;-1.5527368e-01;2.1250000e+02;-1.9775015e-01;2.1250000e+02;-8.4266156e-02;2.1250000e+02;-6.0931932e-02;2.1250000e+02;-1.8315576e-02;2.1250000e+02;3.9630421e-02;2.1250000e+02;1.0849494e-01;2.1250000e+02;1.6033319e-01;2.1250000e+02;2.2221372e-01;2.1250000e+02;2.4476701e-01;2.1250000e+02;2.3298711e-01;2.1250000e+02;2.1310559e-01;2.1250000e+02;1.4144462e-01;2.1250000e+02;7.6500118e-02;2.1250000e+02;2.1895632e-02;2.1250000e+02;-2.5173038e-02;2.1250000e+02;-6.8848178e-02;2.1250000e+02;-1.1226431e-01;2.1250000e+02;-1.5527368e-01;2.1250000e+02;-1.9775015e-01;2.1250000e+02;-8.4266156e-02;2.1250000e+02;-6.0931932e-02;2.1250000e+02;-1.8315576e-02;2.1250000e+02;3.9630421e-02;2.1250000e+02;1.0849494e-01;2.1250000e+02;1.6033319e-01;2.1250000e+02;2.2221372e-01;2.1250000e+02;2.4476701e-01;2.1250000e+02;2.3298711e-01;2.1250000e+02;2.1310559e-01;2.1250000e+02;1.4144462e-01;2.1250000e+02;7.6500118e-02;2.1250000e+02;2.1895632e-02;2.1250000e+02;-2.5173038e-02;2.1250000e+02;-6.8848178e-02;2.1250000e+02;-1.1226431e-01;2.1250000e+02;-1.5527368e-01;2.1250000e+02;-1.9775015e-01;2.1250000e+02;-8.4266156e-02;2.1250000e+02;-6.0931932e-02;2.1250000e+02;-1.8315576e-02;2.1250000e+02;3.9630421e-02;2.1250000e+02;1.0849494e-01;2.1250000e+02;1.6033319e-01;2.1250000e+02;2.2221372e-01;2.1250000e+02;2.4476701e-01;2.1250000e+02;2.3298711e-01;2.1250000e+02;2.1310559e-01;2.1250000e+02;1.4144462e-01;2.1250000e+02;7.6500118e-02;2.1250000e+02;2.1895632e-02;2.1250000e+02;-2.5173038e-02;2.1250000e+02;-6.8848178e-02;2.1250000e+02;-1.1226431e-01;2.1250000e+02;-1.5527368e-01;2.1250000e+02;-1.9775015e-01;2.1250000e+02;-8.4266156e-02;2.1250000e+02;-6.0931932e-02;2.1250000e+02;-1.8315576e-02;2.1250000e+02;3.9630421e-02;2.1250000e+02;1.0849494e-01;2.1250000e+02;1.6033319e-01;2.1250000e+02;2.2221372e-01;2.1250000e+02;2.4476701e-01;2.1250000e+02;2.3298711e-01;2.1250000e+02;2.1310559e-01;2.1250000e+02;1.4144462e-01;2.1250000e+02;7.6500118e-02;2.1250000e+02;2.1895632e-02;2.1250000e+02;-2.5173038e-02;2.1250000e+02;-6.8848178e-02;2.1250000e+02;-1.1226431e-01;2.1250000e+02;-1.5527368e-01;2.1250000e+02;-1.9775015e-01;2.1250000e+02;-8.4266156e-02;2.1250000e+02;-6.0931932e-02;2.1250000e+02;-1.8315576e-02;2.1250000e+02;3.9630421e-02;2.1250000e+02;1.0849494e-01;2.1250000e+02;1.6033319e-01;2.1250000e+02;2.2221372e-01;2.1250000e+02;2.4476701e-01;2.1250000e+02;2.3298711e-01;2.1250000e+02;2.1310559e-01;2.1250000e+02;1.4144462e-01;2.1250000e+02;7.6500118e-02;2.1250000e+02;2.1895632e-02;2.1250000e+02;-2.5173038e-02;2.1250000e+02;-6.8848178e-02;2.1250000e+02;-1.1226431e-01;2.1250000e+02;-1.5527368e-01;2.1250000e+02;-1.9775015e-01;2.1250000e+02;-8.4266156e-02;2.1250000e+02;-6.0931932e-02;2.1250000e+02;-1.8315576e-02;2.1250000e+02;3.9630421e-02;2.1250000e+02;1.0849494e-01;2.1250000e+02;1.6033319e-01;2.1250000e+02;2.2221372e-01;2.1250000e+02;2.4476701e-01;2.1250000e+02;2.3298711e-01;2.1250000e+02;2.1310559e-01;2.1250000e+02;1.4144462e-01;2.1250000e+02;7.6500118e-02;2.1250000e+02;2.1895632e-02;2.1250000e+02;-2.5173038e-02;2.1250000e+02;-6.8848178e-02;2.1250000e+02;-1.1226431e-01;2.1250000e+02;-1.5527368e-01;2.1250000e+02;-1.9775015e-01;2.1250000e+02;-8.4266156e-02;2.1250000e+02;-6.0931932e-02;2.1250000e+02;-1.8315576e-02;2.1250000e+02;3.9630421e-02;2.1250000e+02;1.0849494e-01;2.1250000e+02;1.6033319e-01;2.1250000e+02;2.2221372e-01;2.1250000e+02;2.4476701e-01;2.1250000e+02;2.3298711e-01;2.1250000e+02;2.1310559e-01;2.1250000e+02;1.4144462e-01;2.1250000e+02;7.6500118e-02;2.1250000e+02;2.1895632e-02;2.1250000e+02;-2.5173038e-02;2.1250000e+02;-6.8848178e-02;2.1250000e+02;-1.1226431e-01;2.1250000e+02;-1.5527368e-01;2.1250000e+02;-1.9775015e-01;2.1250000e+02;-8.4266156e-02;2.1250000e+02;-6.0931932e-02;2.1250000e+02;-1.8315576e-02;2.1250000e+02;3.9630421e-02;2.1250000e+02;1.0849494e-01;2.1250000e+02;1.6033319e-01;2.1250000e+02;2.2221372e-01;2.1250000e+02;2.4476701e-01;2.1250000e+02;2.3298711e-01;2.1250000e+02;2.1310559e-01;2.1250000e+02;1.4144462e-01;2.1250000e+02;7.6500118e-02;2.1250000e+02;2.1895632e-02;2.1250000e+02;-2.5173038e-02;2.1250000e+02;-6.8848178e-02;2.1250000e+02;-1.1226431e-01;2.1250000e+02;-1.5527368e-01;2.1250000e+02;-1.9775015e-01
2.1750000e+02;-8.6919911e-02;2.1750000e+02;-7.0158780e-02;2.1750000e+02;-3.1773318e-02;2.1750000e+02;2.3264367e-02;2.1750000e+02;8.5712902e-02;2.1750000e+02;1.3982217e-01;2.1750000e+02;2.0467149e-01;2.1750000e+02;2.3290092e-01;2.1750000e+02;2.1873601e-01;2.1750000e+02;2.0818496e-01;2.1750000e+02;1.4286081e-01;2.1750000e+02;7.8586251e-02;2.1750000e+02;2.3808405e-02;2.1750000e+02;-2.3919851e-02;2.1750000e+02;-6.8140566e-02;2.1750000e+02;-1.1166080e-01;2.1750000e+02;-1.5463006e-01;2.1750000e+02;-1.9720453e-01;2.1750000e+02;-8.6919911e-02;2.1750000e+02;-7.0158780e-02;2.1750000e+02;-3.1773318e-02;2.1750000e+02;2.3264367e-02;2.1750000e+02;8.5712902e-02;2.1750000e+02;1.3982217e-01;2.1750000e+02;2.0467149e-01;2.1750000e+02;2.3290092e-01;2.1750000e+02;2.1873601e-01;2.1750000e+02;2.0818496e-01;2.1750000e+02;1.4286081e-01;2.1750000e+02;7.8586251e-02;2.1750000e+02;2.3808405e-02;2.1750000e+02;-2.3919851e-02;2.1750000e+02;-6.8140566e-02;2.1750000e+02;-1.1166080e-01;2.1750000e+02;-1.5463006e-01;2.1750000e+02;-1.9720453e-01;2.1750000e+02;-8.6919911e-02;2.1750000e+02;-7.0158780e-02;2.1750000e+02;-3.1773318e-02;2.1750000e+02;2.3264367e-02;2.1750000e+02;8.5712902e-02;2.1750000e+02;1.3982217e-01;2.1750000e+02;2.0467149e-01;2.1750000e+02;2.3290092e-01;2.1750000e+02;2.1873601e-01;2.1750000e+02;2.0818496e-01;2.1750000e+02;1.4286081e-01;2.1750000e+02;7.8586251e-02;2.1750000e+02;2.3808405e-02;2.1750000e+02;-2.3919851e-02;2.1750000e+02;-6.8140566e-02;2.1750000e+02;-1.1166080e-01;2.1750000e+02;-1.5463006e-01;2.1750000e+02;-1.9720453e-01;2.1750000e+02;-8.6919911e-02;2.1750000e+02;-7.0158780e-02;2.1750000e+02;-3.1773318e-02;2.1750000e+02;2.3264367e-02;2.1750000e+02;8.5712902e-02;2.1750000e+02;1.3982217e-01;2.1750000e+02;2.0467149e-01;2.1750000e+02;2.3290092e-01;2.1750000e+02;2.1873601e-01;2.1750000e+02;2.0818496e-01;2.1750000e+02;1.4286081e-01;2.1750000e+02;7.8586251e-02;2.1750000e+02;2.3808405e-02;2.1750000e+02;-2.3919851e-02;2.1750000e+02;-6.8140566e-02;2.1750000e+02;-1.1166080e-01;2.1750000e+02;-1.5463006e-01;2.1750000e+02;-1.9720453e-01;2.1750000e+02;-8.6919911e-02;2.1750000e+02;-7.0158780e-02;2.1750000e+02;-3.1773318e-02;2.1750000e+02;2.3264367e-02;2.1750000e+02;8.5712902e-02;2.1750000e+02;1.3982217e-01;2.1750000e+02;2.0467149e-01;2.1750000e+02;2.3290092e-01;2.1750000e+02;2.1873601e-01;2.1750000e+02;2.0818496e-01;2.1750000e+02;1.4286081e-01;2.1750000e+02;7.8586251e-02;2.1750000e+02;2.3808405e-02;2.1750000e+02;-2.3919851e-02;2.1750000e+02;-6.8140566e-02;2.1750000e+02;-1.1166080e-01;2.1750000e+02;-1.5463006e-01;2.1750000e+02;-1.9720453e-01;2.1750000e+02;-8.6919911e-02;2.1750000e+02;-7.0158780e-02;2.1750000e+02;-3.1773318e-02;2.1750000e+02;2.3264367e-02;2.1750000e+02;8.5712902e-02;2.1750000e+02;1.3982217e-01;2.1750000e+02;2.0467149e-01;2.1750000e+02;2.3290092e-01;2.1750000e+02;2.1873601e-01;2.1750000e+02;2.0818496e-01;2.1750000e+02;1.4286081e-01;2.1750000e+02;7.8586251e-02;2.1750000e+02;2.3808405e-02;2.1750000e+02;-2.3919851e-02;2.1750000e+02;-6.8140566e-02;2.1750000e+02;-1.1166080e-01;2.1750000e+02;-1.5463006e-01;2.1750000e+02;-1.9720453e-01;2.1750000e+02;-8.6919911e-02;2.1750000e+02;-7.0158780e-02;2.1750000e+02;-3.1773318e-02;2.1750000e+02;2.3264367e-02;2.1750000e+02;8.5712902e-02;2.1750000e+02;1.3982217e-01;2.1750000e+02;2.0467149e-01;2.1750000e+02;2.3290092e-01;2.1750000e+02;2.1873601e-01;2.1750000e+02;2.0818496e-01;2.1750000e+02;1.4286081e-01;2.1750000e+02;7.8586251e-02;2.1750000e+02;2.3808405e-02;2.1750000e+02;-2.3919851e-02;2.1750000e+02;-6.8140566e-02;2.1750000e+02;-1.1166080e-01;2.1750000e+02;-1.5463006e-01;2.1750000e+02;-1.9720453e-01;2.1750000e+02;-8.6919911e-02;2.1750000e+02;-7.0158780e-02;2.1750000e+02;-3.1773318e-02;2.1750000e+02;2.3264367e-02;2.1750000e+02;8.5712902e-02;2.1750000e+02;1.3982217e-01;2.1750000e+02;2.0467149e-01;2.1750000e+02;2.3290092e-01;2.1750000e+02;2.1873601e-01;2.1750000e+02;2.0818496e-01;2.1750000e+02;1.4286081e-01;2.1750000e+02;7.8586251e-02;2.1750000e+02;2.3808405e-02;2.1750000e+02;-2.3919851e-02;2.1750000e+02;-6.8140566e-02;2.1750000e+02;-1.1166080e-01;2.1750000e+02;-1.5463006e-01;2.1750000e+02;-1.9720453e-01;2.1750000e+02;-8.6919911e-02;2.1750000e+02;-7.0158780e-02;2.1750000e+02;-3.1773318e-02;2.1750000e+02;2.3264367e-02;2.1750000e+02;8.5712902e-02;2.1750000e+02;1.3982217e-01;2.1750000e+02;2.0467149e-01;2.1750000e+02;2.3290092e-01;2.1750000e+02;2.1873601e-01;2.1750000e+02;2.0818496e-01;2.1750000e+02;1.4286081e-01;2.1750000e+02;7.8586251e-02;2.1750000e+02;2.3808405e-02;2.1750000e+02;-2.3919851e-02;2.1750000e+02;-6.8140566e-02;2.1750000e+02;-1.1166080e-01;2.1750000e+02;-1.5463006e-01;2.1750000e+02;-1.9720453e-01;2.1750000e+02;-8.6919911e-02;2.1750000e+02;-7.0158780e-02;2.1750000e+02;-3.1773318e-02;2.1750000e+02;2.3264367e-02;2.1750000e+02;8.5712902e-02;2.1750000e+02;1.3982217e-01;2.1750000e+02;2.0467149e-01;2.1750000e+02;2.3290092e-01;2.1750000e+02;2.1873601e-01;2.1750000e+02;2.0818496e-01;2.1750000e+02;1.4286081e-01;2.1750000e+02;7.8586251e-02;2.1750000e+02;2.3808405e-02;2.1750000e+02;-2.3919851e-02;2.1750000e+02;-6.8140566e-02;2.1750000e+02;-1.1166080e-01;2.1750000e+02;-1.5463006e-01;2.1750000e+02;-1.9720453e-01;2.1750000e+02;-8.6919911e-02;2.1750000e+02;-7.0158780e-02;2.1750000e+02;-3.1773318e-02;2.1750000e+02;2.3264367e-02;2.1750000e+02;8.5712902e-02;2.1750000e+02;1.3982217e-01;2.1750000e+02;2.0467149e-01;2.1750000e+02;2.3290092e-01;2.1750000e+02;2.1873601e-01;2.1750000e+02;2.0818496e-01;2.1750000e+02;1.4286081e-01;2.1750000e+02;7.8586251e-02;2.1750000e+02;2.3808405e-02;2.1750000e+02;-2.3919851e-02;2.1750000e+02;-6.8140566e-02;2.1750000e+02;-1.1166080e-01;2.1750000e+02;-1.5463006e-01;2.1750000e+02;-1.9720453e-01;2.1750000e+02;-8.6919911e-02;2.1750000e+02;-7.0158780e-02;2.1750000e+02;-3.1773318e-02;2.1750000e+02;2.3264367e-02;2.1750000e+02;8.5712902e-02;2.1750000e+02;1.3982217e-01;2.1750000e+02;2.0467149e-01;2.1750000e+02;2.3290092e-01;2.1750000e+02;2.1873601e-01;2.1750000e+02;2.0818496e-01;2.1750000e+02;1.4286081e-01;2.1750000e+02;7.8586251e-02;2.1750000e+02;2.3808405e-02;2.1750000e+02;-2.3919851e-02;2.1750000e+02;-6.8140566e-02;2.1750000e+02;-1.1166080e-01;2.1750000e+02;-1.5463006e-01;2.1750000e+02;-1.9720453e-01;2.1750000e+02;-8.6919911e-02;2.1750000e+02;-7.0158780e-02;2.1750000e+02;-3.1773318e-02;2.1750000e+02;2.3264367e-02;2.1750000e+02;8.5712902e-02;2.1750000e+02;1.3982217e-01;2.1750000e+02;2.0467149e-01;2.1750000e+02;2.3290092e-01;2.1750000e+02;2.1873601e-01;2.1750000e+02;2.0818496e-01;2.1750000e+02;1.4286081e-01;2.1750000e+02;7.8586251e-02;2.1750000e+02;2.3808405e-02;2.1750000e+02;-2.3919851e-02;2.1750000e+02;-6.8140566e-02;2.1750000e+02;-1.1166080e-01;2.1750000e+02;-1.5463006e-01;2.1750000e+02;-1.9720453e-01;2.1750000e+02;-8.6919911e-02;2.1750000e+02;-7.0158780e-02;2.1750000e+02;-3.1773318e-02;2.1750000e+02;2.3264367e-02;2.1750000e+02;8.5712902e-02;2.1750000e+02;1.3982217e-01;2.1750000e+02;2.0467149e-01;2.1750000e+02;2.3290092e-01;2.1750000e+02;2.1873601e-01;2.1750000e+02;2.0818496e-01;2.1750000e+02;1.4286081e-01;2.1750000e+02;7.8586251e-02;2.1750000e+02;2.3808405e-02;2.1750000e+02;-2.3919851e-02;2.1750000e+02;-6.8140566e-02;2.1750000e+02;-1.1166080e-01;2.1750000e+02;-1.5463006e-01;2.1750000e+02;-1.9720453e-01;2.1750000e+02;-8.6919911e-02;2.1750000e+02;-7.0158780e-02;2.1750000e+02;-3.1773318e-02;2.1750000e+02;2.3264367e-02;2.1750000e+02;8.5712902e-02;2.1750000e+02;1.3982217e-01;2.1750000e+02;2.0467149e-01;2.1750000e+02;2.3290092e-01;2.1750000e+02;2.1873601e-01;2.1750000e+02;2.0818496e-01;2.1750000e+02;1.4286081e-01;2.1750000e+02;7.8586251e-02;2.1750000e+02;2.3808405e-02;2.1750000e+02;-2.3919851e-02;2.1750000e+02;-6.8140566e-02;2.1750000e+02;-1.1166080e-01;2.1750000e+02;-1.5463006e-01;2.1750000e+02;-1.9720453e-01;2.1750000e+02;-8.6919911e-02;2.1750000e+02;-7.0158780e-02;2.1750000e+02;-3.1773318e-02;2.1750000e+02;2.3264367e-02;2.1750000e+02;8.5712902e-02;2.1750000e+02;1.3982217e-01;2.1750000e+02;2.0467149e-01;2.1750000e+02;2.3290092e-01;2.1750000e+02;2.1873601e-01;2.1750000e+02;2.0818496e-01;2.1750000e+02;1.4286081e-01;2.1750000e+02;7.8586251e-02;2.1750000e+02;2.3808405e-02;2.1750000e+02;-2.3919851e-02;2.1750000e+02;-6.8140566e-02;2.1750000e+02;-1.1166080e-01;2.1750000e+02;-1.5463006e-01;2.1750000e+02;-1.9720453e-01;2.1750000e+02;-8.6919911e-02;2.1750000e+02;-7.0158780e-02;2.1750000e+02;-3.1773318e-02;2.1750000e+02;2.3264367e-02;2.1750000e+02;8.5712902e-02;2.1750000e+02;1.3982217e-01;2.1750000e+02;2.0467149e-01;2.1750000e+02;2.3290092e-01;2.1750000e+02;2.1873601e-01;2.1750000e+02;2.0818496e-01;2.1750000e+02;1.4286081e-01;2.1750000e+02;7.8586251e-02;2.1750000e+02;2.3808405e-02;2.1750000e+02;-2.3919851e-02;2.1750000e+02;-6.8140566e-02;2.1750000e+02;-1.1166080e-01;2.1750000e+02;-1.5463006e-01;2.1750000e+02;-1.9720453e-01;2.1750000e+02;-8.6919911e-02;2.1750000e+02;-7.0158780e-02;2.1750000e+02;-3.1773318e-02;2.1750000e+02;2.3264367e-02;2.1750000e+02;8.5712902e-02;2.1750000e+02;1.3982217e-01;2.1750000e+02;2.0467149e-01;2.1750000e+02;2.3290092e-01;2.1750000e+02;2.1873601e-01;2.1750000e+02;2.0818496e-01;2.1750000e+02;1.4286081e-01;2.1750000e+02;7.8586251e-02;2.1750000e+02;2.3808405e-02;2.1750000e+02;-2.3919851e-02;2.1750000e+02;-6.8140566e-02;2.1750000e+02;-1.1166080e-01;2.1750000e+02;-1.5463006e-01;2.1750000e+02;-1.9720453e-01;2.1750000e+02;-8.6919911e-02;2.1750000e+02;-7.0158780e-02;2.1750000e+02;-3.1773318e-02;2.1750000e+02;2.3264367e-02;2.1750000e+02;8.5712902e-02;2.1750000e+02;1.3982217e-01;2.1750000e+02;2.0467149e-01;2.1750000e+02;2.3290092e-01;2.1750000e+02;2.1873601e-01;2.1750000e+02;2.0818496e-01;2.1750000e+02;1.4286081e-01;2.1750000e+02;7.8586251e-02;2.1750000e+02;2.3808405e-02;2.1750000e+02;-2.3919851e-02;2.1750000e+02;-6.8140566e-02;2.1750000e+02;-1.1166080e-01;2.1750000e+02;-1.5463006e-01;2.1750000e+02;-1.9720453e-01;2.1750000e+02;-8.6919911e-02;2.1750000e+02;-7.0158780e-02;2.1750000e+02;-3.1773318e-02;2.1750000e+02;2.3264367e-02;2.1750000e+02;8.5712902e-02;2.1750000e+02;1.3982217e-01;2.1750000e+02;2.0467149e-01;2.1750000e+02;2.3290092e-01;2.1750000e+02;2.1873601e-01;2.1750000e+02;2.0818496e-01;2.1750000e+02;1.4286081e-01;2.1750000e+02;7.8586251e-02;2.1750000e+02;2.3808405e-02;2.1750000e+02;-2.3919851e-02;2.1750000e+02;-6.8140566e-02;2.1750000e+02;-1.1166080e-01;2.1750000e+02;-1.5463006e-01;2.1750000e+02;-1.9720453e-01;2.1750000e+02;-8.6919911e-02;2.1750000e+02;-7.0158780e-02;2.1750000e+02;-3.1773318e-02;2.1750000e+02;2.3264367e-02;2.1750000e+02;8.5712902e-02;2.1750000e+02;1.3982217e-01;2.1750000e+02;2.0467149e-01;2.1750000e+02;2.3290092e-01;2.1750000e+02;2.1873601e-01;2.1750000e+02;2.0818496e-01;2.1750000e+02;1.4286081e-01;2.1750000e+02;7.8586251e-02;2.1750000e+02;2.3808405e-02;2.1750000e+02;-2.3919851e-02;2.1750000e+02;-6.8140566e-02;2.1750000e+02;-1.1166080e-01;2.1750000e+02;-1.5463006e-01;2.1750000e+02;-1.9720453e-01;2.1750000e+02;-8.6919911e-02;2.1750000e+02;-7.0158780e-02;2.1750000e+02;-3.1773318e-02;2.1750000e+02;2.3264367e-02;2.1750000e+02;8.5712902e-02;2.1750000e+02;1.3982217e-01;2.1750000e+02;2.0467149e-01;2.1750000e+02;2.3290092e-01;2.1750000e+02;2.1873601e-01;2.1750000e+02;2.0818496e-01;2.1750000e+02;1.4286081e-01;2.1750000e+02;7.8586251e-02;2.1750000e+02;2.3808405e-02;2.1750000e+02;-2.3919851e-02;2.1750000e+02;-6.8140566e-02;2.1750000e+02;-1.1166080e-01;2.1750000e+02;-1.5463006e-01;2.1750000e+02;-1.9720453e-01;2.1750000e+02;-8.6919911e-02;2.1750000e+02;-7.0158780e-02;2.1750000e+02;-3.1773318e-02;2.1750000e+02;2.3264367e-02;2.1750000e+02;8.5712902e-02;2.1750000e+02;1.3982217e-01;2.1750000e+02;2.0467149e-01;2.1750000e+02;2.3290092e-01;2.1750000e+02;2.1873601e-01;2.1750000e+02;2.0818496e-01;2.1750000e+02;1.4286081e-01;2.1750000e+02;7.8586251e-02;2.1750000e+02;2.3808405e-02;2.1750000e+02;-2.3919851e-02;2.1750000e+02;-6.8140566e-02;2.1750000e+02;-1.1166080e-01;2.1750000e+02;-1.5463006e-01;2.1750000e+02;-1.9720453e-01;2.1750000e+02;-8.6919911e-02;2.1750000e+02;-7.0158780e-02;2.1750000e+02;-3.1773318e-02;2.1750000e+02;2.3264367e-02;2.1750000e+02;8.5712902e-02;2.1750000e+02;1.3982217e-01;2.1750000e+02;2.0467149e-01;2.1750000e+02;2.3290092e-01;2.1750000e+02;2.1873601e-01;2.1750000e+02;2.0818496e-01;2.1750000e+02;1.4286081e-01;2.1750000e+02;7.8586251e-02;2.1750000e+02;2.3808405e-02;2.1750000e+02;-2.3919851e-02;2.1750000e+02;-6.8140566e-02;2.1750000e+02;-1.1166080e-01;2.1750000e+02;-1.5463006e-01;2.1750000e+02;-1.9720453e-01;2.1750000e+02;-8.6919911e-02;2.1750000e+02;-7.0158780e-02;2.1750000e+02;-3.1773318e-02;2.1750000e+02;2.3264367e-02;2.1750000e+02;8.5712902e-02;2.1750000e+02;1.3982217e-01;2.1750000e+02;2.0467149e-01;2.1750000e+02;2.3290092e-01;2.1750000e+02;2.1873601e-01;2.1750000e+02;2.0818496e-01;2.1750000e+02;1.4286081e-01;2.1750000e+02;7.8586251e-02;2.1750000e+02;2.3808405e-02;2.1750000e+02;-2.3919851e-02;2.1750000e+02;-6.8140566e-02;2.1750000e+02;-1.1166080e-01;2.1750000e+02;-1.5463006e-01;2.1750000e+02;-1.9720453e-01;2.1750000e+02;-8.6919911e-02;2.1750000e+02;-7.0158780e-02;2.1750000e+02;-3.1773318e-02;2.1750000e+02;2.3264367e-02;2.1750000e+02;8.5712902e-02;2.1750000e+02;1.3982217e-01;2.1750000e+02;2.0467149e-01;2.1750000e+02;2.3290092e-01;2.1750000e+02;2.1873601e-01;2.1750000e+02;2.0818496e-01;2.1750000e+02;1.4286081e-01;2.1750000e+02;7.8586251e-02;2.1750000e+02;2.3808405e-02;2.1750000e+02;-2.3919851e-02;2.1750000e+02;-6.8140566e-02;2.1750000e+02;-1.1166080e-01;2.1750000e+02;-1.5463006e-01;2.1750000e+02;-1.9720453e-01;2.1750000e+02;-8.6919911e-02;2.1750000e+02;-7.0158780e-02;2.1750000e+02;-3.1773318e-02;2.1750000e+02;2.3264367e-02;2.1750000e+02;8.5712902e-02;2.1750000e+02;1.3982217e-01;2.1750000e+02;2.0467149e-01;2.1750000e+02;2.3290092e-01;2.1750000e+02;2.1873601e-01;2.1750000e+02;2.0818496e-01;2.1750000e+02;1.4286081e-01;2.1750000e+02;7.8586251e-02;2.1750000e+02;2.3808405e-02;2.1750000e+02;-2.3919851e-02;2.1750000e+02;-6.8140566e-02;2.1750000e+02;-1.1166080e-01;2.1750000e+02;-1.5463006e-01;2.1750000e+02;-1.9720453e-01;2.1750000e+02;-8.6919911e-02;2.1750000e+02;-7.0158780e-02;2.1750000e+02;-3.1773318e-02;2.1750000e+02;2.3264367e-02;2.1750000e+02;8.5712902e-02;2.1750000e+02;1.3982217e-01;2.1750000e+02;2.0467149e-01;2.1750000e+02;2.3290092e-01;2.1750000e+02;2.1873601e-01;2.1750000e+02;2.0818496e-01;2.1750000e+02;1.4286081e-01;2.1750000e+02;7.8586251e-02;2.1750000e+02;2.3808405e-02;2.1750000e+02;-2.3919851e-02;2.1750000e+02;-6.8140566e-02;2.1750000e+02;-1.1166080e-01;2.1750000e+02;-1.5463006e-01;2.1750000e+02;-1.9720453e-01;2.1750000e+02;-8.6919911e-02;2.1750000e+02;-7.0158780e-02;2.1750000e+02;-3.1773318e-02;2.1750000e+02;2.3264367e-02;2.1750000e+02;8.5712902e-02;2.1750000e+02;1.3982217e-01;2.1750000e+02;2.0467149e-01;2.1750000e+02;2.3290092e-01;2.1750000e+02;2.1873601e-01;2.1750000e+02;2.0818496e-01;2.1750000e+02;1.4286081e-01;2.1750000e+02;7.8586251e-02;2.1750000e+02;2.3808405e-02;2.1750000e+02;-2.3919851e-02;2.1750000e+02;-6.8140566e-02;2.1750000e+02;-1.1166080e-01;2.1750000e+02;-1.5463006e-01;2.1750000e+02;-1.9720453e-01;2.1750000e+02;-8.6919911e-02;2.1750000e+02;-7.0158780e-02;2.1750000e+02;-3.1773318e-02;2.1750000e+02;2.3264367e-02;2.1750000e+02;8.5712902e-02;2.1750000e+02;1.3982217e-01;2.1750000e+02;2.0467149e-01;2.1750000e+02;2.3290092e-01;2.1750000e+02;2.1873601e-01;2.1750000e+02;2.0818496e-01;2.1750000e+02;1.4286081e-01;2.1750000e+02;7.8586251e-02;2.1750000e+02;2.3808405e-02;2.1750000e+02;-2.3919851e-02;2.1750000e+02;-6.8140566e-02;2.1750000e+02;-1.1166080e-01;2.1750000e+02;-1.5463006e-01;2.1750000e+02;-1.9720453e-01;2.1750000e+02;-8.6919911e-02;2.1750000e+02;-7.0158780e-02;2.1750000e+02;-3.1773318e-02;2.1750000e+02;2.3264367e-02;2.1750000e+02;8.5712902e-02;2.1750000e+02;1.3982217e-01;2.1750000e+02;2.0467149e-01;2.1750000e+02;2.3290092e-01;2.1750000e+02;2.1873601e-01;2.1750000e+02;2.0818496e-01;2.1750000e+02;1.4286081e-01;2.1750000e+02;7.8586251e-02;2.1750000e+02;2.3808405e-02;2.1750000e+02;-2.3919851e-02;2.1750000e+02;-6.8140566e-02;2.1750000e+02;-1.1166080e-01;2.1750000e+02;-1.5463006e-01;2.1750000e+02;-1.9720453e-01;2.1750000e+02;-8.6919911e-02;2.1750000e+02;-7.0158780e-02;2.1750000e+02;-3.1773318e-02;2.1750000e+02;2.3264367e-02;2.1750000e+02;8.5712902e-02;2.1750000e+02;1.3982217e-01;2.1750000e+02;2.0467149e-01;2.1750000e+02;2.3290092e-01;2.1750000e+02;2.1873601e-01;2.1750000e+02;2.0818496e-01;2.1750000e+02;1.4286081e-01;2.1750000e+02;7.8586251e-02;2.1750000e+02;2.3808405e-02;2.1750000e+02;-2.3919851e-02;2.1750000e+02;-6.8140566e-02;2.1750000e+02;-1.1166080e-01;2.1750000e+02;-1.5463006e-01;2.1750000e+02;-1.9720453e-01;2.1750000e+02;-8.6919911e-02;2.1750000e+02;-7.0158780e-02;2.1750000e+02;-3.1773318e-02;2.1750000e+02;2.3264367e-02;2.1750000e+02;8.5712902e-02;2.1750000e+02;1.3982217e-01;2.1750000e+02;2.0467149e-01;2.1750000e+02;2.3290092e-01;2.1750000e+02;2.1873601e-01;2.1750000e+02;2.0818496e-01;2.1750000e+02;1.4286081e-01;2.1750000e+02;7.8586251e-02;2.1750000e+02;2.3808405e-02;2.1750000e+02;-2.3919851e-02;2.1750000e+02;-6.8140566e-02;2.1750000e+02;-1.1166080e-01;2.1750000e+02;-1.5463006e-01;2.1750000e+02;-1.9720453e-01;2.1750000e+02;-8.6919911e-02;2.1750000e+02;-7.0158780e-02;2.1750000e+02;-3.1773318e-02;2.1750000e+02;2.3264367e-02;2.1750000e+02;8.5712902e-02;2.1750000e+02;1.3982217e-01;2.1750000e+02;2.0467149e-01;2.1750000e+02;2.3290092e-01;2.1750000e+02;2.1873601e-01;2.1750000e+02;2.0818496e-01;2.1750000e+02;1.4286081e-01;2.1750000e+02;7.8586251e-02;2.1750000e+02;2.3808405e-02;2.1750000e+02;-2.3919851e-02;2.1750000e+02;-6.8140566e-02;2.1750000e+02;-1.1166080e-01;2.1750000e+02;-1.5463006e-01;2.1750000e+02;-1.9720453e-01;2.1750000e+02;-8.6919911e-02;2.1750000e+02;-7.0158780e-02;2.1750000e+02;-3.1773318e-02;2.1750000e+02;2.3264367e-02;2.1750000e+02;8.5712902e-02;2.1750000e+02;1.3982217e-01;2.1750000e+02;2.0467149e-01;2.1750000e+02;2.3290092e-01;2.1750000e+02;2.1873601e-01;2.1750000e+02;2.0818496e-01;2.1750000e+02;1.4286081e-01;2.1750000e+02;7.8586251e-02;2.1750000e+02;2.3808405e-02;2.1750000e+02;-2.3919851e-02;2.1750000e+02;-6.8140566e-02;2.1750000e+02;-1.1166080e-01;2.1750000e+02;-1.5463006e-01;2.1750000e+02;-1.9720453e-01;2.1750000e+02;-8.6919911e-02;2.1750000e+02;-7.0158780e-02;2.1750000e+02;-3.1773318e-02;2.1750000e+02;2.3264367e-02;2.1750000e+02;8.5712902e-02;2.1750000e+02;1.3982217e-01;2.1750000e+02;2.0467149e-01;2.1750000e+02;2.3290092e-01;2.1750000e+02;2.1873601e-01;2.1750000e+02;2.0818496e-01;2.1750000e+02;1.4286081e-01;2.1750000e+02;7.8586251e-02;2.1750000e+02;2.3808405e-02;2.1750000e+02;-2.3919851e-02;2.1750000e+02;-6.8140566e-02;2.1750000e+02;-1.1166080e-01;2.1750000e+02;-1.5463006e-01;2.1750000e+02;-1.9720453e-01;2.1750000e+02;-8.6919911e-02;2.1750000e+02;-7.0158780e-02;2.1750000e+02;-3.1773318e-02;2.1750000e+02;2.3264367e-02;2.1750000e+02;8.5712902e-02;2.1750000e+02;1.3982217e-01;2.1750000e+02;2.0467149e-01;2.1750000e+02;2.3290092e-01;2.1750000e+02;2.1873601e-01;2.1750000e+02;2.0818496e-01;2.1750000e+02;1.4286081e-01;2.1750000e+02;7.8586251e-02;2.1750000e+02;2.3808405e-02;2.1750000e+02;-2.3919851e-02;2.1750000e+02;-6.8140566e-02;2.1750000e+02;-1.1166080e-01;2.1750000e+02;-1.5463006e-01;2.1750000e+02;-1.9720453e-01;2.1750000e+02;-8.6919911e-02;2.1750000e+02;-7.0158780e-02;2.1750000e+02;-3.1773318e-02;2.1750000e+02;2.3264367e-02;2.1750000e+02;8.5712902e-02;2.1750000e+02;1.3982217e-01;2.1750000e+02;2.0467149e-01;2.1750000e+02;2.3290092e-01;2.1750000e+02;2.1873601e-01;2.1750000e+02;2.0818496e-01;2.1750000e+02;1.4286081e-01;2.1750000e+02;7.8586251e-02;2.1750000e+02;2.3808405e-02;2.1750000e+02;-2.3919851e-02;2.1750000e+02;-6.8140566e-02;2.1750000e+02;-1.1166080e-01;2.1750000e+02;-1.5463006e-01;2.1750000e+02;-1.9720453e-01;2.1750000e+02;-8.6919911e-02;2.1750000e+02;-7.0158780e-02;2.1750000e+02;-3.1773318e-02;2.1750000e+02;2.3264367e-02;2.1750000e+02;8.5712902e-02;2.1750000e+02;1.3982217e-01;2.1750000e+02;2.0467149e-01;2.1750000e+02;2.3290092e-01;2.1750000e+02;2.1873601e-01;2.1750000e+02;2.0818496e-01;2.1750000e+02;1.4286081e-01;2.1750000e+02;7.8586251e-02;2.1750000e+02;2.3808405e-02;2.1750000e+02;-2.3919851e-02;2.1750000e+02;-6.8140566e-02;2.1750000e+02;-1.1166080e-01;2.1750000e+02;-1.5463006e-01;2.1750000e+02;-1.9720453e-01;2.1750000e+02;-8.6919911e-02;2.1750000e+02;-7.0158780e-02;2.1750000e+02;-3.1773318e-02;2.1750000e+02;2.3264367e-02;2.1750000e+02;8.5712902e-02;2.1750000e+02;1.3982217e-01;2.1750000e+02;2.0467149e-01;2.1750000e+02;2.3290092e-01;2.1750000e+02;2.1873601e-01;2.1750000e+02;2.0818496e-01;2.1750000e+02;1.4286081e-01;2.1750000e+02;7.8586251e-02;2.1750000e+02;2.3808405e-02;2.1750000e+02;-2.3919851e-02;2.1750000e+02;-6.8140566e-02;2.1750000e+02;-1.1166080e-01;2.1750000e+02;-1.5463006e-01;2.1750000e+02;-1.9720453e-01;2.1750000e+02;-8.6919911e-02;2.1750000e+02;-7.0158780e-02;2.1750000e+02;-3.1773318e-02;2.1750000e+02;2.3264367e-02;2.1750000e+02;8.5712902e-02;2.1750000e+02;1.3982217e-01;2.1750000e+02;2.0467149e-01;2.1750000e+02;2.3290092e-01;2.1750000e+02;2.1873601e-01;2.1750000e+02;2.0818496e-01;2.1750000e+02;1.4286081e-01;2.1750000e+02;7.8586251e-02;2.1750000e+02;2.3808405e-02;2.1750000e+02;-2.3919851e-02;2.1750000e+02;-6.8140566e-02;2.1750000e+02;-1.1166080e-01;2.1750000e+02;-1.5463006e-01;2.1750000e+02;-1.9720453e-01;2.1750000e+02;-8.6919911e-02;2.1750000e+02;-7.0158780e-02;2.1750000e+02;-3.1773318e-02;2.1750000e+02;2.3264367e-02;2.1750000e+02;8.5712902e-02;2.1750000e+02;1.3982217e-01;2.1750000e+02;2.0467149e-01;2.1750000e+02;2.3290092e-01;2.1750000e+02;2.1873601e-01;2.1750000e+02;2.0818496e-01;2.1750000e+02;1.4286081e-01;2.1750000e+02;7.8586251e-02;2.1750000e+02;2.3808405e-02;2.1750000e+02;-2.3919851e-02;2.1750000e+02;-6.8140566e-02;2.1750000e+02;-1.1166080e-01;2.1750000e+02;-1.5463006e-01;2.1750000e+02;-1.9720453e-01;2.1750000e+02;-8.6919911e-02;2.1750000e+02;-7.0158780e-02;2.1750000e+02;-3.1773318e-02;2.1750000e+02;2.3264367e-02;2.1750000e+02;8.5712902e-02;2.1750000e+02;1.3982217e-01;2.1750000e+02;2.0467149e-01;2.1750000e+02;2.3290092e-01;2.1750000e+02;2.1873601e-01;2.1750000e+02;2.0818496e-01;2.1750000e+02;1.4286081e-01;2.1750000e+02;7.8586251e-02;2.1750000e+02;2.3808405e-02;2.1750000e+02;-2.3919851e-02;2.1750000e+02;-6.8140566e-02;2.1750000e+02;-1.1166080e-01;2.1750000e+02;-1.5463006e-01;2.1750000e+02;-1.9720453e-01;2.1750000e+02;-8.6919911e-02;2.1750000e+02;-7.0158780e-02;2.1750000e+02;-3.1773318e-02;2.1750000e+02;2.3264367e-02;2.1750000e+02;8.5712902e-02;2.1750000e+02;1.3982217e-01;2.1750000e+02;2.0467149e-01;2.1750000e+02;2.3290092e-01;2.1750000e+02;2.1873601e-01;2.1750000e+02;2.0818496e-01;2.1750000e+02;1.4286081e-01;2.1750000e+02;7.8586251e-02;2.1750000e+02;2.3808405e-02;2.1750000e+02;-2.3919851e-02;2.1750000e+02;-6.8140566e-02;2.1750000e+02;-1.1166080e-01;2.1750000e+02;-1.5463006e-01;2.1750000e+02;-1.9720453e-01;2.1750000e+02;-8.6919911e-02;2.1750000e+02;-7.0158780e-02;2.1750000e+02;-3.1773318e-02;2.1750000e+02;2.3264367e-02;2.1750000e+02;8.5712902e-02;2.1750000e+02;1.3982217e-01;2.1750000e+02;2.0467149e-01;2.1750000e+02;2.3290092e-01;2.1750000e+02;2.1873601e-01;2.1750000e+02;2.0818496e-01;2.1750000e+02;1.4286081e-01;2.1750000e+02;7.8586251e-02;2.1750000e+02;2.3808405e-02;2.1750000e+02;-2.3919851e-02;2.1750000e+02;-6.8140566e-02;2.1750000e+02;-1.1166080e-01;2.1750000e+02;-1.5463006e-01;2.1750000e+02;-1.9720453e-01;2.1750000e+02;-8.6919911e-02;2.1750000e+02;-7.0158780e-02;2.1750000e+02;-3.1773318e-02;2.1750000e+02;2.3264367e-02;2.1750000e+02;8.5712902e-02;2.1750000e+02;1.3982217e-01;2.1750000e+02;2.0467149e-01;2.1750000e+02;2.3290092e-01;2.1750000e+02;2.1873601e-01;2.1750000e+02;2.0818496e-01;2.1750000e+02;1.4286081e-01;2.1750000e+02;7.8586251e-02;2.1750000e+02;2.3808405e-02;2.1750000e+02;-2.3919851e-02;2.1750000e+02;-6.8140566e-02;2.1750000e+02;-1.1166080e-01;2.1750000e+02;-1.5463006e-01;2.1750000e+02;-1.9720453e-01;2.1750000e+02;-8.6919911e-02;2.1750000e+02;-7.0158780e-02;2.1750000e+02;-3.1773318e-02;2.1750000e+02;2.3264367e-02;2.1750000e+02;8.5712902e-02;2.1750000e+02;1.3982217e-01;2.1750000e+02;2.0467149e-01;2.1750000e+02;2.3290092e-01;2.1750000e+02;2.1873601e-01;2.1750000e+02;2.0818496e-01;2.1750000e+02;1.4286081e-01;2.1750000e+02;7.8586251e-02;2.1750000e+02;2.3808405e-02;2.1750000e+02;-2.3919851e-02;2.1750000e+02;-6.8140566e-02;2.1750000e+02;-1.1166080e-01;2.1750000e+02;-1.5463006e-01;2.1750000e+02;-1.9720453e-01;2.1750000e+02;-8.6919911e-02;2.1750000e+02;-7.0158780e-02;2.1750000e+02;-3.1773318e-02;2.1750000e+02;2.3264367e-02;2.1750000e+02;8.5712902e-02;2.1750000e+02;1.3982217e-01;2.1750000e+02;2.0467149e-01;2.1750000e+02;2.3290092e-01;2.1750000e+02;2.1873601e-01;2.1750000e+02;2.0818496e-01;2.1750000e+02;1.4286081e-01;2.1750000e+02;7.8586251e-02;2.1750000e+02;2.3808405e-02;2.1750000e+02;-2.3919851e-02;2.1750000e+02;-6.8140566e-02;2.1750000e+02;-1.1166080e-01;2.1750000e+02;-1.5463006e-01;2.1750000e+02;-1.9720453e-01;2.1750000e+02;-8.6919911e-02;2.1750000e+02;-7.0158780e-02;2.1750000e+02;-3.1773318e-02;2.1750000e+02;2.3264367e-02;2.1750000e+02;8.5712902e-02;2.1750000e+02;1.3982217e-01;2.1750000e+02;2.0467149e-01;2.1750000e+02;2.3290092e-01;2.1750000e+02;2.1873601e-01;2.1750000e+02;2.0818496e-01;2.1750000e+02;1.4286081e-01;2.1750000e+02;7.8586251e-02;2.1750000e+02;2.3808405e-02;2.1750000e+02;-2.3919851e-02;2.1750000e+02;-6.8140566e-02;2.1750000e+02;-1.1166080e-01;2.1750000e+02;-1.5463006e-01;2.1750000e+02;-1.9720453e-01;2.1750000e+02;-8.6919911e-02;2.1750000e+02;-7.0158780e-02;2.1750000e+02;-3.1773318e-02;2.1750000e+02;2.3264367e-02;2.1750000e+02;8.5712902e-02;2.1750000e+02;1.3982217e-01;2.1750000e+02;2.0467149e-01;2.1750000e+02;2.3290092e-01;2.1750000e+02;2.1873601e-01;2.1750000e+02;2.0818496e-01;2.1750000e+02;1.4286081e-01;2.1750000e+02;7.8586251e-02;2.1750000e+02;2.3808405e-02;2.1750000e+02;-2.3919851e-02;2.1750000e+02;-6.8140566e-02;2.1750000e+02;-1.1166080e-01;2.1750000e+02;-1.5463006e-01;2.1750000e+02;-1.9720453e-01;2.1750000e+02;-8.6919911e-02;2.1750000e+02;-7.0158780e-02;2.1750000e+02;-3.1773318e-02;2.1750000e+02;2.3264367e-02;2.1750000e+02;8.5712902e-02;2.1750000e+02;1.3982217e-01;2.1750000e+02;2.0467149e-01;2.1750000e+02;2.3290092e-01;2.1750000e+02;2.1873601e-01;2.1750000e+02;2.0818496e-01;2.1750000e+02;1.4286081e-01;2.1750000e+02;7.8586251e-02;2.1750000e+02;2.3808405e-02;2.1750000e+02;-2.3919851e-02;2.1750000e+02;-6.8140566e-02;2.1750000e+02;-1.1166080e-01;2.1750000e+02;-1.5463006e-01;2.1750000e+02;-1.9720453e-01;2.1750000e+02;-8.6919911e-02;2.1750000e+02;-7.0158780e-02;2.1750000e+02;-3.1773318e-02;2.1750000e+02;2.3264367e-02;2.1750000e+02;8.5712902e-02;2.1750000e+02;1.3982217e-01;2.1750000e+02;2.0467149e-01;2.1750000e+02;2.3290092e-01;2.1750000e+02;2.1873601e-01;2.1750000e+02;2.0818496e-01;2.1750000e+02;1.4286081e-01;2.1750000e+02;7.8586251e-02;2.1750000e+02;2.3808405e-02;2.1750000e+02;-2.3919851e-02;2.1750000e+02;-6.8140566e-02;2.1750000e+02;-1.1166080e-01;2.1750000e+02;-1.5463006e-01;2.1750000e+02;-1.9720453e-01;2.1750000e+02;-8.6919911e-02;2.1750000e+02;-7.0158780e-02;2.1750000e+02;-3.1773318e-02;2.1750000e+02;2.3264367e-02;2.1750000e+02;8.5712902e-02;2.1750000e+02;1.3982217e-01;2.1750000e+02;2.0467149e-01;2.1750000e+02;2.3290092e-01;2.1750000e+02;2.1873601e-01;2.1750000e+02;2.0818496e-01;2.1750000e+02;1.4286081e-01;2.1750000e+02;7.8586251e-02;2.1750000e+02;2.3808405e-02;2.1750000e+02;-2.3919851e-02;2.1750000e+02;-6.8140566e-02;2.1750000e+02;-1.1166080e-01;2.1750000e+02;-1.5463006e-01;2.1750000e+02;-1.9720453e-01;2.1750000e+02;-8.6919911e-02;2.1750000e+02;-7.0158780e-02;2.1750000e+02;-3.1773318e-02;2.1750000e+02;2.3264367e-02;2.1750000e+02;8.5712902e-02;2.1750000e+02;1.3982217e-01;2.1750000e+02;2.0467149e-01;2.1750000e+02;2.3290092e-01;2.1750000e+02;2.1873601e-01;2.1750000e+02;2.0818496e-01;2.1750000e+02;1.4286081e-01;2.1750000e+02;7.8586251e-02;2.1750000e+02;2.3808405e-02;2.1750000e+02;-2.3919851e-02;2.1750000e+02;-6.8140566e-02;2.1750000e+02;-1.1166080e-01;2.1750000e+02;-1.5463006e-01;2.1750000e+02;-1.9720453e-01;2.1750000e+02;-8.6919911e-02;2.1750000e+02;-7.0158780e-02;2.1750000e+02;-3.1773318e-02;2.1750000e+02;2.3264367e-02;2.1750000e+02;8.5712902e-02;2.1750000e+02;1.3982217e-01;2.1750000e+02;2.0467149e-01;2.1750000e+02;2.3290092e-01;2.1750000e+02;2.1873601e-01;2.1750000e+02;2.0818496e-01;2.1750000e+02;1.4286081e-01;2.1750000e+02;7.8586251e-02;2.1750000e+02;2.3808405e-02;2.1750000e+02;-2.3919851e-02;2.1750000e+02;-6.8140566e-02;2.1750000e+02;-1.1166080e-01;2.1750000e+02;-1.5463006e-01;2.1750000e+02;-1.9720453e-01;2.1750000e+02;-8.6919911e-02;2.1750000e+02;-7.0158780e-02;2.1750000e+02;-3.1773318e-02;2.1750000e+02;2.3264367e-02;2.1750000e+02;8.5712902e-02;2.1750000e+02;1.3982217e-01;2.1750000e+02;2.0467149e-01;2.1750000e+02;2.3290092e-01;2.1750000e+02;2.1873601e-01;2.1750000e+02;2.0818496e-01;2.1750000e+02;1.4286081e-01;2.1750000e+02;7.8586251e-02;2.1750000e+02;2.3808405e-02;2.1750000e+02;-2.3919851e-02;2.1750000e+02;-6.8140566e-02;2.1750000e+02;-1.1166080e-01;2.1750000e+02;-1.5463006e-01;2.1750000e+02;-1.9720453e-01;2.1750000e+02;-8.6919911e-02;2.1750000e+02;-7.0158780e-02;2.1750000e+02;-3.1773318e-02;2.1750000e+02;2.3264367e-02;2.1750000e+02;8.5712902e-02;2.1750000e+02;1.3982217e-01;2.1750000e+02;2.0467149e-01;2.1750000e+02;2.3290092e-01;2.1750000e+02;2.1873601e-01;2.1750000e+02;2.0818496e-01;2.1750000e+02;1.4286081e-01;2.1750000e+02;7.8586251e-02;2.1750000e+02;2.3808405e-02;2.1750000e+02;-2.3919851e-02;2.1750000e+02;-6.8140566e-02;2.1750000e+02;-1.1166080e-01;2.1750000e+02;-1.5463006e-01;2.1750000e+02;-1.9720453e-01;2.1750000e+02;-8.6919911e-02;2.1750000e+02;-7.0158780e-02;2.1750000e+02;-3.1773318e-02;2.1750000e+02;2.3264367e-02;2.1750000e+02;8.5712902e-02;2.1750000e+02;1.3982217e-01;2.1750000e+02;2.0467149e-01;2.1750000e+02;2.3290092e-01;2.1750000e+02;2.1873601e-01;2.1750000e+02;2.0818496e-01;2.1750000e+02;1.4286081e-01;2.1750000e+02;7.8586251e-02;2.1750000e+02;2.3808405e-02;2.1750000e+02;-2.3919851e-02;2.1750000e+02;-6.8140566e-02;2.1750000e+02;-1.1166080e-01;2.1750000e+02;-1.5463006e-01;2.1750000e+02;-1.9720453e-01;2.1750000e+02;-8.6919911e-02;2.1750000e+02;-7.0158780e-02;2.1750000e+02;-3.1773318e-02;2.1750000e+02;2.3264367e-02;2.1750000e+02;8.5712902e-02;2.1750000e+02;1.3982217e-01;2.1750000e+02;2.0467149e-01;2.1750000e+02;2.3290092e-01;2.1750000e+02;2.1873601e-01;2.1750000e+02;2.0818496e-01;2.1750000e+02;1.4286081e-01;2.1750000e+02;7.8586251e-02;2.1750000e+02;2.3808405e-02;2.1750000e+02;-2.3919851e-02;2.1750000e+02;-6.8140566e-02;2.1750000e+02;-1.1166080e-01;2.1750000e+02;-1.5463006e-01;2.1750000e+02;-1.9720453e-01;2.1750000e+02;-8.6919911e-02;2.1750000e+02;-7.0158780e-02;2.1750000e+02;-3.1773318e-02;2.1750000e+02;2.3264367e-02;2.1750000e+02;8.5712902e-02;2.1750000e+02;1.3982217e-01;2.1750000e+02;2.0467149e-01;2.1750000e+02;2.3290092e-01;2.1750000e+02;2.1873601e-01;2.1750000e+02;2.0818496e-01;2.1750000e+02;1.4286081e-01;2.1750000e+02;7.8586251e-02;2.1750000e+02;2.3808405e-02;2.1750000e+02;-2.3919851e-02;2.1750000e+02;-6.8140566e-02;2.1750000e+02;-1.1166080e-01;2.1750000e+02;-1.5463006e-01;2.1750000e+02;-1.9720453e-01;2.1750000e+02;-8.6919911e-02;2.1750000e+02;-7.0158780e-02;2.1750000e+02;-3.1773318e-02;2.1750000e+02;2.3264367e-02;2.1750000e+02;8.5712902e-02;2.1750000e+02;1.3982217e-01;2.1750000e+02;2.0467149e-01;2.1750000e+02;2.3290092e-01;2.1750000e+02;2.1873601e-01;2.1750000e+02;2.0818496e-01;2.1750000e+02;1.4286081e-01;2.1750000e+02;7.8586251e-02;2.1750000e+02;2.3808405e-02;2.1750000e+02;-2.3919851e-02;2.1750000e+02;-6.8140566e-02;2.1750000e+02;-1.1166080e-01;2.1750000e+02;-1.5463006e-01;2.1750000e+02;-1.9720453e-01;2.1750000e+02;-8.6919911e-02;2.1750000e+02;-7.0158780e-02;2.1750000e+02;-3.1773318e-02;2.1750000e+02;2.3264367e-02;2.1750000e+02;8.5712902e-02;2.1750000e+02;1.3982217e-01;2.1750000e+02;2.0467149e-01;2.1750000e+02;2.3290092e-01;2.1750000e+02;2.1873601e-01;2.1750000e+02;2.0818496e-01;2.1750000e+02;1.4286081e-01;2.1750000e+02;7.8586251e-02;2.1750000e+02;2.3808405e-02;2.1750000e+02;-2.3919851e-02;2.1750000e+02;-6.8140566e-02;2.1750000e+02;-1.1166080e-01;2.1750000e+02;-1.5463006e-01;2.1750000e+02;-1.9720453e-01;2.1750000e+02;-8.6919911e-02;2.1750000e+02;-7.0158780e-02;2.1750000e+02;-3.1773318e-02;2.1750000e+02;2.3264367e-02;2.1750000e+02;8.5712902e-02;2.1750000e+02;1.3982217e-01;2.1750000e+02;2.0467149e-01;2.1750000e+02;2.3290092e-01;2.1750000e+02;2.1873601e-01;2.1750000e+02;2.0818496e-01;2.1750000e+02;1.4286081e-01;2.1750000e+02;7.8586251e-02;2.1750000e+02;2.3808405e-02;2.1750000e+02;-2.3919851e-02;2.1750000e+02;-6.8140566e-02;2.1750000e+02;-1.1166080e-01;2.1750000e+02;-1.5463006e-01;2.1750000e+02;-1.9720453e-01;2.1750000e+02;-8.6919911e-02;2.1750000e+02;-7.0158780e-02;2.1750000e+02;-3.1773318e-02;2.1750000e+02;2.3264367e-02;2.1750000e+02;8.5712902e-02;2.1750000e+02;1.3982217e-01;2.1750000e+02;2.0467149e-01;2.1750000e+02;2.3290092e-01;2.1750000e+02;2.1873601e-01;2.1750000e+02;2.0818496e-01;2.1750000e+02;1.4286081e-01;2.1750000e+02;7.8586251e-02;2.1750000e+02;2.3808405e-02;2.1750000e+02;-2.3919851e-02;2.1750000e+02;-6.8140566e-02;2.1750000e+02;-1.1166080e-01;2.1750000e+02;-1.5463006e-01;2.1750000e+02;-1.9720453e-01;2.1750000e+02;-8.6919911e-02;2.1750000e+02;-7.0158780e-02;2.1750000e+02;-3.1773318e-02;2.1750000e+02;2.3264367e-02;2.1750000e+02;8.5712902e-02;2.1750000e+02;1.3982217e-01;2.1750000e+02;2.0467149e-01;2.1750000e+02;2.3290092e-01;2.1750000e+02;2.1873601e-01;2.1750000e+02;2.0818496e-01;2.1750000e+02;1.4286081e-01;2.1750000e+02;7.8586251e-02;2.1750000e+02;2.3808405e-02;2.1750000e+02;-2.3919851e-02;2.1750000e+02;-6.8140566e-02;2.1750000e+02;-1.1166080e-01;2.1750000e+02;-1.5463006e-01;2.1750000e+02;-1.9720453e-01;2.1750000e+02;-8.6919911e-02;2.1750000e+02;-7.0158780e-02;2.1750000e+02;-3.1773318e-02;2.1750000e+02;2.3264367e-02;2.1750000e+02;8.5712902e-02;2.1750000e+02;1.3982217e-01;2.1750000e+02;2.0467149e-01;2.1750000e+02;2.3290092e-01;2.1750000e+02;2.1873601e-01;2.1750000e+02;2.0818496e-01;2.1750000e+02;1.4286081e-01;2.1750000e+02;7.8586251e-02;2.1750000e+02;2.3808405e-02;2.1750000e+02;-2.3919851e-02;2.1750000e+02;-6.8140566e-02;2.1750000e+02;-1.1166080e-01;2.1750000e+02;-1.5463006e-01;2.1750000e+02;-1.9720453e-01;2.1750000e+02;-8.6919911e-02;2.1750000e+02;-7.0158780e-02;2.1750000e+02;-3.1773318e-02;2.1750000e+02;2.3264367e-02;2.1750000e+02;8.5712902e-02;2.1750000e+02;1.3982217e-01;2.1750000e+02;2.0467149e-01;2.1750000e+02;2.3290092e-01;2.1750000e+02;2.1873601e-01;2.1750000e+02;2.0818496e-01;2.1750000e+02;1.4286081e-01;2.1750000e+02;7.8586251e-02;2.1750000e+02;2.3808405e-02;2.1750000e+02;-2.3919851e-02;2.1750000e+02;-6.8140566e-02;2.1750000e+02;-1.1166080e-01;2.1750000e+02;-1.5463006e-01;2.1750000e+02;-1.9720453e-01;2.1750000e+02;-8.6919911e-02;2.1750000e+02;-7.0158780e-02;2.1750000e+02;-3.1773318e-02;2.1750000e+02;2.3264367e-02;2.1750000e+02;8.5712902e-02;2.1750000e+02;1.3982217e-01;2.1750000e+02;2.0467149e-01;2.1750000e+02;2.3290092e-01;2.1750000e+02;2.1873601e-01;2.1750000e+02;2.0818496e-01;2.1750000e+02;1.4286081e-01;2.1750000e+02;7.8586251e-02;2.1750000e+02;2.3808405e-02;2.1750000e+02;-2.3919851e-02;2.1750000e+02;-6.8140566e-02;2.1750000e+02;-1.1166080e-01;2.1750000e+02;-1.5463006e-01;2.1750000e+02;-1.9720453e-01;2.1750000e+02;-8.6919911e-02;2.1750000e+02;-7.0158780e-02;2.1750000e+02;-3.1773318e-02;2.1750000e+02;2.3264367e-02;2.1750000e+02;8.5712902e-02;2.1750000e+02;1.3982217e-01;2.1750000e+02;2.0467149e-01;2.1750000e+02;2.3290092e-01;2.1750000e+02;2.1873601e-01;2.1750000e+02;2.0818496e-01;2.1750000e+02;1.4286081e-01;2.1750000e+02;7.8586251e-02;2.1750000e+02;2.3808405e-02;2.1750000e+02;-2.3919851e-02;2.1750000e+02;-6.8140566e-02;2.1750000e+02;-1.1166080e-01;2.1750000e+02;-1.5463006e-01;2.1750000e+02;-1.9720453e-01;2.1750000e+02;-8.6919911e-02;2.1750000e+02;-7.0158780e-02;2.1750000e+02;-3.1773318e-02;2.1750000e+02;2.3264367e-02;2.1750000e+02;8.5712902e-02;2.1750000e+02;1.3982217e-01;2.1750000e+02;2.0467149e-01;2.1750000e+02;2.3290092e-01;2.1750000e+02;2.1873601e-01;2.1750000e+02;2.0818496e-01;2.1750000e+02;1.4286081e-01;2.1750000e+02;7.8586251e-02;2.1750000e+02;2.3808405e-02;2.1750000e+02;-2.3919851e-02;2.1750000e+02;-6.8140566e-02;2.1750000e+02;-1.1166080e-01;2.1750000e+02;-1.5463006e-01;2.1750000e+02;-1.9720453e-01;2.1750000e+02;-8.6919911e-02;2.1750000e+02;-7.0158780e-02;2.1750000e+02;-3.1773318e-02;2.1750000e+02;2.3264367e-02;2.1750000e+02;8.5712902e-02;2.1750000e+02;1.3982217e-01;2.1750000e+02;2.0467149e-01;2.1750000e+02;2.3290092e-01;2.1750000e+02;2.1873601e-01;2.1750000e+02;2.0818496e-01;2.1750000e+02;1.4286081e-01;2.1750000e+02;7.8586251e-02;2.1750000e+02;2.3808405e-02;2.1750000e+02;-2.3919851e-02;2.1750000e+02;-6.8140566e-02;2.1750000e+02;-1.1166080e-01;2.1750000e+02;-1.5463006e-01;2.1750000e+02;-1.9720453e-01;2.1750000e+02;-8.6919911e-02;2.1750000e+02;-7.0158780e-02;2.1750000e+02;-3.1773318e-02;2.1750000e+02;2.3264367e-02;2.1750000e+02;8.5712902e-02;2.1750000e+02;1.3982217e-01;2.1750000e+02;2.0467149e-01;2.1750000e+02;2.3290092e-01;2.1750000e+02;2.1873601e-01;2.1750000e+02;2.0818496e-01;2.1750000e+02;1.4286081e-01;2.1750000e+02;7.8586251e-02;2.1750000e+02;2.3808405e-02;2.1750000e+02;-2.3919851e-02;2.1750000e+02;-6.8140566e-02;2.1750000e+02;-1.1166080e-01;2.1750000e+02;-1.5463006e-01;2.1750000e+02;-1.9720453e-01;2.1750000e+02;-8.6919911e-02;2.1750000e+02;-7.0158780e-02;2.1750000e+02;-3.1773318e-02;2.1750000e+02;2.3264367e-02;2.1750000e+02;8.5712902e-02;2.1750000e+02;1.3982217e-01;2.1750000e+02;2.0467149e-01;2.1750000e+02;2.3290092e-01;2.1750000e+02;2.1873601e-01;2.1750000e+02;2.0818496e-01;2.1750000e+02;1.4286081e-01;2.1750000e+02;7.8586251e-02;2.1750000e+02;2.3808405e-02;2.1750000e+02;-2.3919851e-02;2.1750000e+02;-6.8140566e-02;2.1750000e+02;-1.1166080e-01;2.1750000e+02;-1.5463006e-01;2.1750000e+02;-1.9720453e-01;2.1750000e+02;-8.6919911e-02;2.1750000e+02;-7.0158780e-02;2.1750000e+02;-3.1773318e-02;2.1750000e+02;2.3264367e-02;2.1750000e+02;8.5712902e-02;2.1750000e+02;1.3982217e-01;2.1750000e+02;2.0467149e-01;2.1750000e+02;2.3290092e-01;2.1750000e+02;2.1873601e-01;2.1750000e+02;2.0818496e-01;2.1750000e+02;1.4286081e-01;2.1750000e+02;7.8586251e-02;2.1750000e+02;2.3808405e-02;2.1750000e+02;-2.3919851e-02;2.1750000e+02;-6.8140566e-02;2.1750000e+02;-1.1166080e-01;2.1750000e+02;-1.5463006e-01;2.1750000e+02;-1.9720453e-01;2.1750000e+02;-8.6919911e-02;2.1750000e+02;-7.0158780e-02;2.1750000e+02;-3.1773318e-02;2.1750000e+02;2.3264367e-02;2.1750000e+02;8.5712902e-02;2.1750000e+02;1.3982217e-01;2.1750000e+02;2.0467149e-01;2.1750000e+02;2.3290092e-01;2.1750000e+02;2.1873601e-01;2.1750000e+02;2.0818496e-01;2.1750000e+02;1.4286081e-01;2.1750000e+02;7.8586251e-02;2.1750000e+02;2.3808405e-02;2.1750000e+02;-2.3919851e-02;2.1750000e+02;-6.8140566e-02;2.1750000e+02;-1.1166080e-01;2.1750000e+02;-1.5463006e-01;2.1750000e+02;-1.9720453e-01;2.1750000e+02;-8.6919911e-02;2.1750000e+02;-7.0158780e-02;2.1750000e+02;-3.1773318e-02;2.1750000e+02;2.3264367e-02;2.1750000e+02;8.5712902e-02;2.1750000e+02;1.3982217e-01;2.1750000e+02;2.0467149e-01;2.1750000e+02;2.3290092e-01;2.1750000e+02;2.1873601e-01;2.1750000e+02;2.0818496e-01;2.1750000e+02;1.4286081e-01;2.1750000e+02;7.8586251e-02;2.1750000e+02;2.3808405e-02;2.1750000e+02;-2.3919851e-02;2.1750000e+02;-6.8140566e-02;2.1750000e+02;-1.1166080e-01;2.1750000e+02;-1.5463006e-01;2.1750000e+02;-1.9720453e-01;2.1750000e+02;-8.6919911e-02;2.1750000e+02;-7.0158780e-02;2.1750000e+02;-3.1773318e-02;2.1750000e+02;2.3264367e-02;2.1750000e+02;8.5712902e-02;2.1750000e+02;1.3982217e-01;2.1750000e+02;2.0467149e-01;2.1750000e+02;2.3290092e-01;2.1750000e+02;2.1873601e-01;2.1750000e+02;2.0818496e-01;2.1750000e+02;1.4286081e-01;2.1750000e+02;7.8586251e-02;2.1750000e+02;2.3808405e-02;2.1750000e+02;-2.3919851e-02;2.1750000e+02;-6.8140566e-02;2.1750000e+02;-1.1166080e-01;2.1750000e+02;-1.5463006e-01;2.1750000e+02;-1.9720453e-01;2.1750000e+02;-8.6919911e-02;2.1750000e+02;-7.0158780e-02;2.1750000e+02;-3.1773318e-02;2.1750000e+02;2.3264367e-02;2.1750000e+02;8.5712902e-02;2.1750000e+02;1.3982217e-01;2.1750000e+02;2.0467149e-01;2.1750000e+02;2.3290092e-01;2.1750000e+02;2.1873601e-01;2.1750000e+02;2.0818496e-01;2.1750000e+02;1.4286081e-01;2.1750000e+02;7.8586251e-02;2.1750000e+02;2.3808405e-02;2.1750000e+02;-2.3919851e-02;2.1750000e+02;-6.8140566e-02;2.1750000e+02;-1.1166080e-01;2.1750000e+02;-1.5463006e-01;2.1750000e+02;-1.9720453e-01;2.1750000e+02;-8.6919911e-02;2.1750000e+02;-7.0158780e-02;2.1750000e+02;-3.1773318e-02;2.1750000e+02;2.3264367e-02;2.1750000e+02;8.5712902e-02;2.1750000e+02;1.3982217e-01;2.1750000e+02;2.0467149e-01;2.1750000e+02;2.3290092e-01;2.1750000e+02;2.1873601e-01;2.1750000e+02;2.0818496e-01;2.1750000e+02;1.4286081e-01;2.1750000e+02;7.8586251e-02;2.1750000e+02;2.3808405e-02;2.1750000e+02;-2.3919851e-02;2.1750000e+02;-6.8140566e-02;2.1750000e+02;-1.1166080e-01;2.1750000e+02;-1.5463006e-01;2.1750000e+02;-1.9720453e-01;2.1750000e+02;-8.6919911e-02;2.1750000e+02;-7.0158780e-02;2.1750000e+02;-3.1773318e-02;2.1750000e+02;2.3264367e-02;2.1750000e+02;8.5712902e-02;2.1750000e+02;1.3982217e-01;2.1750000e+02;2.0467149e-01;2.1750000e+02;2.3290092e-01;2.1750000e+02;2.1873601e-01;2.1750000e+02;2.0818496e-01;2.1750000e+02;1.4286081e-01;2.1750000e+02;7.8586251e-02;2.1750000e+02;2.3808405e-02;2.1750000e+02;-2.3919851e-02;2.1750000e+02;-6.8140566e-02;2.1750000e+02;-1.1166080e-01;2.1750000e+02;-1.5463006e-01;2.1750000e+02;-1.9720453e-01;2.1750000e+02;-8.6919911e-02;2.1750000e+02;-7.0158780e-02;2.1750000e+02;-3.1773318e-02;2.1750000e+02;2.3264367e-02;2.1750000e+02;8.5712902e-02;2.1750000e+02;1.3982217e-01;2.1750000e+02;2.0467149e-01;2.1750000e+02;2.3290092e-01;2.1750000e+02;2.1873601e-01;2.1750000e+02;2.0818496e-01;2.1750000e+02;1.4286081e-01;2.1750000e+02;7.8586251e-02;2.1750000e+02;2.3808405e-02;2.1750000e+02;-2.3919851e-02;2.1750000e+02;-6.8140566e-02;2.1750000e+02;-1.1166080e-01;2.1750000e+02;-1.5463006e-01;2.1750000e+02;-1.9720453e-01;2.1750000e+02;-8.6919911e-02;2.1750000e+02;-7.0158780e-02;2.1750000e+02;-3.1773318e-02;2.1750000e+02;2.3264367e-02;2.1750000e+02;8.5712902e-02;2.1750000e+02;1.3982217e-01;2.1750000e+02;2.0467149e-01;2.1750000e+02;2.3290092e-01;2.1750000e+02;2.1873601e-01;2.1750000e+02;2.0818496e-01;2.1750000e+02;1.4286081e-01;2.1750000e+02;7.8586251e-02;2.1750000e+02;2.3808405e-02;2.1750000e+02;-2.3919851e-02;2.1750000e+02;-6.8140566e-02;2.1750000e+02;-1.1166080e-01;2.1750000e+02;-1.5463006e-01;2.1750000e+02;-1.9720453e-01;2.1750000e+02;-8.6919911e-02;2.1750000e+02;-7.0158780e-02;2.1750000e+02;-3.1773318e-02;2.1750000e+02;2.3264367e-02;2.1750000e+02;8.5712902e-02;2.1750000e+02;1.3982217e-01;2.1750000e+02;2.0467149e-01;2.1750000e+02;2.3290092e-01;2.1750000e+02;2.1873601e-01;2.1750000e+02;2.0818496e-01;2.1750000e+02;1.4286081e-01;2.1750000e+02;7.8586251e-02;2.1750000e+02;2.3808405e-02;2.1750000e+02;-2.3919851e-02;2.1750000e+02;-6.8140566e-02;2.1750000e+02;-1.1166080e-01;2.1750000e+02;-1.5463006e-01;2.1750000e+02;-1.9720453e-01;2.1750000e+02;-8.6919911e-02;2.1750000e+02;-7.0158780e-02;2.1750000e+02;-3.1773318e-02;2.1750000e+02;2.3264367e-02;2.1750000e+02;8.5712902e-02;2.1750000e+02;1.3982217e-01;2.1750000e+02;2.0467149e-01;2.1750000e+02;2.3290092e-01;2.1750000e+02;2.1873601e-01;2.1750000e+02;2.0818496e-01;2.1750000e+02;1.4286081e-01;2.1750000e+02;7.8586251e-02;2.1750000e+02;2.3808405e-02;2.1750000e+02;-2.3919851e-02;2.1750000e+02;-6.8140566e-02;2.1750000e+02;-1.1166080e-01;2.1750000e+02;-1.5463006e-01;2.1750000e+02;-1.9720453e-01;2.1750000e+02;-8.6919911e-02;2.1750000e+02;-7.0158780e-02;2.1750000e+02;-3.1773318e-02;2.1750000e+02;2.3264367e-02;2.1750000e+02;8.5712902e-02;2.1750000e+02;1.3982217e-01;2.1750000e+02;2.0467149e-01;2.1750000e+02;2.3290092e-01;2.1750000e+02;2.1873601e-01;2.1750000e+02;2.0818496e-01;2.1750000e+02;1.4286081e-01;2.1750000e+02;7.8586251e-02;2.1750000e+02;2.3808405e-02;2.1750000e+02;-2.3919851e-02;2.1750000e+02;-6.8140566e-02;2.1750000e+02;-1.1166080e-01;2.1750000e+02;-1.5463006e-01;2.1750000e+02;-1.9720453e-01;2.1750000e+02;-8.6919911e-02;2.1750000e+02;-7.0158780e-02;2.1750000e+02;-3.1773318e-02;2.1750000e+02;2.3264367e-02;2.1750000e+02;8.5712902e-02;2.1750000e+02;1.3982217e-01;2.1750000e+02;2.0467149e-01;2.1750000e+02;2.3290092e-01;2.1750000e+02;2.1873601e-01;2.1750000e+02;2.0818496e-01;2.1750000e+02;1.4286081e-01;2.1750000e+02;7.8586251e-02;2.1750000e+02;2.3808405e-02;2.1750000e+02;-2.3919851e-02;2.1750000e+02;-6.8140566e-02;2.1750000e+02;-1.1166080e-01;2.1750000e+02;-1.5463006e-01;2.1750000e+02;-1.9720453e-01;2.1750000e+02;-8.6919911e-02;2.1750000e+02;-7.0158780e-02;2.1750000e+02;-3.1773318e-02;2.1750000e+02;2.3264367e-02;2.1750000e+02;8.5712902e-02;2.1750000e+02;1.3982217e-01;2.1750000e+02;2.0467149e-01;2.1750000e+02;2.3290092e-01;2.1750000e+02;2.1873601e-01;2.1750000e+02;2.0818496e-01;2.1750000e+02;1.4286081e-01;2.1750000e+02;7.8586251e-02;2.1750000e+02;2.3808405e-02;2.1750000e+02;-2.3919851e-02;2.1750000e+02;-6.8140566e-02;2.1750000e+02;-1.1166080e-01;2.1750000e+02;-1.5463006e-01;2.1750000e+02;-1.9720453e-01;2.1750000e+02;-8.6919911e-02;2.1750000e+02;-7.0158780e-02;2.1750000e+02;-3.1773318e-02;2.1750000e+02;2.3264367e-02;2.1750000e+02;8.5712902e-02;2.1750000e+02;1.3982217e-01;2.1750000e+02;2.0467149e-01;2.1750000e+02;2.3290092e-01;2.1750000e+02;2.1873601e-01;2.1750000e+02;2.0818496e-01;2.1750000e+02;1.4286081e-01;2.1750000e+02;7.8586251e-02;2.1750000e+02;2.3808405e-02;2.1750000e+02;-2.3919851e-02;2.1750000e+02;-6.8140566e-02;2.1750000e+02;-1.1166080e-01;2.1750000e+02;-1.5463006e-01;2.1750000e+02;-1.9720453e-01;2.1750000e+02;-8.6919911e-02;2.1750000e+02;-7.0158780e-02;2.1750000e+02;-3.1773318e-02;2.1750000e+02;2.3264367e-02;2.1750000e+02;8.5712902e-02;2.1750000e+02;1.3982217e-01;2.1750000e+02;2.0467149e-01;2.1750000e+02;2.3290092e-01;2.1750000e+02;2.1873601e-01;2.1750000e+02;2.0818496e-01;2.1750000e+02;1.4286081e-01;2.1750000e+02;7.8586251e-02;2.1750000e+02;2.3808405e-02;2.1750000e+02;-2.3919851e-02;2.1750000e+02;-6.8140566e-02;2.1750000e+02;-1.1166080e-01;2.1750000e+02;-1.5463006e-01;2.1750000e+02;-1.9720453e-01;2.1750000e+02;-8.6919911e-02;2.1750000e+02;-7.0158780e-02;2.1750000e+02;-3.1773318e-02;2.1750000e+02;2.3264367e-02;2.1750000e+02;8.5712902e-02;2.1750000e+02;1.3982217e-01;2.1750000e+02;2.0467149e-01;2.1750000e+02;2.3290092e-01;2.1750000e+02;2.1873601e-01;2.1750000e+02;2.0818496e-01;2.1750000e+02;1.4286081e-01;2.1750000e+02;7.8586251e-02;2.1750000e+02;2.3808405e-02;2.1750000e+02;-2.3919851e-02;2.1750000e+02;-6.8140566e-02;2.1750000e+02;-1.1166080e-01;2.1750000e+02;-1.5463006e-01;2.1750000e+02;-1.9720453e-01;2.1750000e+02;-8.6919911e-02;2.1750000e+02;-7.0158780e-02;2.1750000e+02;-3.1773318e-02;2.1750000e+02;2.3264367e-02;2.1750000e+02;8.5712902e-02;2.1750000e+02;1.3982217e-01;2.1750000e+02;2.0467149e-01;2.1750000e+02;2.3290092e-01;2.1750000e+02;2.1873601e-01;2.1750000e+02;2.0818496e-01;2.1750000e+02;1.4286081e-01;2.1750000e+02;7.8586251e-02;2.1750000e+02;2.3808405e-02;2.1750000e+02;-2.3919851e-02;2.1750000e+02;-6.8140566e-02;2.1750000e+02;-1.1166080e-01;2.1750000e+02;-1.5463006e-01;2.1750000e+02;-1.9720453e-01;2.1750000e+02;-8.6919911e-02;2.1750000e+02;-7.0158780e-02;2.1750000e+02;-3.1773318e-02;2.1750000e+02;2.3264367e-02;2.1750000e+02;8.5712902e-02;2.1750000e+02;1.3982217e-01;2.1750000e+02;2.0467149e-01;2.1750000e+02;2.3290092e-01;2.1750000e+02;2.1873601e-01;2.1750000e+02;2.0818496e-01;2.1750000e+02;1.4286081e-01;2.1750000e+02;7.8586251e-02;2.1750000e+02;2.3808405e-02;2.1750000e+02;-2.3919851e-02;2.1750000e+02;-6.8140566e-02;2.1750000e+02;-1.1166080e-01;2.1750000e+02;-1.5463006e-01;2.1750000e+02;-1.9720453e-01;2.1750000e+02;-8.6919911e-02;2.1750000e+02;-7.0158780e-02;2.1750000e+02;-3.1773318e-02;2.1750000e+02;2.3264367e-02;2.1750000e+02;8.5712902e-02;2.1750000e+02;1.3982217e-01;2.1750000e+02;2.0467149e-01;2.1750000e+02;2.3290092e-01;2.1750000e+02;2.1873601e-01;2.1750000e+02;2.0818496e-01;2.1750000e+02;1.4286081e-01;2.1750000e+02;7.8586251e-02;2.1750000e+02;2.3808405e-02;2.1750000e+02;-2.3919851e-02;2.1750000e+02;-6.8140566e-02;2.1750000e+02;-1.1166080e-01;2.1750000e+02;-1.5463006e-01;2.1750000e+02;-1.9720453e-01;2.1750000e+02;-8.6919911e-02;2.1750000e+02;-7.0158780e-02;2.1750000e+02;-3.1773318e-02;2.1750000e+02;2.3264367e-02;2.1750000e+02;8.5712902e-02;2.1750000e+02;1.3982217e-01;2.1750000e+02;2.0467149e-01;2.1750000e+02;2.3290092e-01;2.1750000e+02;2.1873601e-01;2.1750000e+02;2.0818496e-01;2.1750000e+02;1.4286081e-01;2.1750000e+02;7.8586251e-02;2.1750000e+02;2.3808405e-02;2.1750000e+02;-2.3919851e-02;2.1750000e+02;-6.8140566e-02;2.1750000e+02;-1.1166080e-01;2.1750000e+02;-1.5463006e-01;2.1750000e+02;-1.9720453e-01;2.1750000e+02;-8.6919911e-02;2.1750000e+02;-7.0158780e-02;2.1750000e+02;-3.1773318e-02;2.1750000e+02;2.3264367e-02;2.1750000e+02;8.5712902e-02;2.1750000e+02;1.3982217e-01;2.1750000e+02;2.0467149e-01;2.1750000e+02;2.3290092e-01;2.1750000e+02;2.1873601e-01;2.1750000e+02;2.0818496e-01;2.1750000e+02;1.4286081e-01;2.1750000e+02;7.8586251e-02;2.1750000e+02;2.3808405e-02;2.1750000e+02;-2.3919851e-02;2.1750000e+02;-6.8140566e-02;2.1750000e+02;-1.1166080e-01;2.1750000e+02;-1.5463006e-01;2.1750000e+02;-1.9720453e-01;2.1750000e+02;-8.6919911e-02;2.1750000e+02;-7.0158780e-02;2.1750000e+02;-3.1773318e-02;2.1750000e+02;2.3264367e-02;2.1750000e+02;8.5712902e-02;2.1750000e+02;1.3982217e-01;2.1750000e+02;2.0467149e-01;2.1750000e+02;2.3290092e-01;2.1750000e+02;2.1873601e-01;2.1750000e+02;2.0818496e-01;2.1750000e+02;1.4286081e-01;2.1750000e+02;7.8586251e-02;2.1750000e+02;2.3808405e-02;2.1750000e+02;-2.3919851e-02;2.1750000e+02;-6.8140566e-02;2.1750000e+02;-1.1166080e-01;2.1750000e+02;-1.5463006e-01;2.1750000e+02;-1.9720453e-01;2.1750000e+02;-8.6919911e-02;2.1750000e+02;-7.0158780e-02;2.1750000e+02;-3.1773318e-02;2.1750000e+02;2.3264367e-02;2.1750000e+02;8.5712902e-02;2.1750000e+02;1.3982217e-01;2.1750000e+02;2.0467149e-01;2.1750000e+02;2.3290092e-01;2.1750000e+02;2.1873601e-01;2.1750000e+02;2.0818496e-01;2.1750000e+02;1.4286081e-01;2.1750000e+02;7.8586251e-02;2.1750000e+02;2.3808405e-02;2.1750000e+02;-2.3919851e-02;2.1750000e+02;-6.8140566e-02;2.1750000e+02;-1.1166080e-01;2.1750000e+02;-1.5463006e-01;2.1750000e+02;-1.9720453e-01;2.1750000e+02;-8.6919911e-02;2.1750000e+02;-7.0158780e-02;2.1750000e+02;-3.1773318e-02;2.1750000e+02;2.3264367e-02;2.1750000e+02;8.5712902e-02;2.1750000e+02;1.3982217e-01;2.1750000e+02;2.0467149e-01;2.1750000e+02;2.3290092e-01;2.1750000e+02;2.1873601e-01;2.1750000e+02;2.0818496e-01;2.1750000e+02;1.4286081e-01;2.1750000e+02;7.8586251e-02;2.1750000e+02;2.3808405e-02;2.1750000e+02;-2.3919851e-02;2.1750000e+02;-6.8140566e-02;2.1750000e+02;-1.1166080e-01;2.1750000e+02;-1.5463006e-01;2.1750000e+02;-1.9720453e-01;2.1750000e+02;-8.6919911e-02;2.1750000e+02;-7.0158780e-02;2.1750000e+02;-3.1773318e-02;2.1750000e+02;2.3264367e-02;2.1750000e+02;8.5712902e-02;2.1750000e+02;1.3982217e-01;2.1750000e+02;2.0467149e-01;2.1750000e+02;2.3290092e-01;2.1750000e+02;2.1873601e-01;2.1750000e+02;2.0818496e-01;2.1750000e+02;1.4286081e-01;2.1750000e+02;7.8586251e-02;2.1750000e+02;2.3808405e-02;2.1750000e+02;-2.3919851e-02;2.1750000e+02;-6.8140566e-02;2.1750000e+02;-1.1166080e-01;2.1750000e+02;-1.5463006e-01;2.1750000e+02;-1.9720453e-01;2.1750000e+02;-8.6919911e-02;2.1750000e+02;-7.0158780e-02;2.1750000e+02;-3.1773318e-02;2.1750000e+02;2.3264367e-02;2.1750000e+02;8.5712902e-02;2.1750000e+02;1.3982217e-01;2.1750000e+02;2.0467149e-01;2.1750000e+02;2.3290092e-01;2.1750000e+02;2.1873601e-01;2.1750000e+02;2.0818496e-01;2.1750000e+02;1.4286081e-01;2.1750000e+02;7.8586251e-02;2.1750000e+02;2.3808405e-02;2.1750000e+02;-2.3919851e-02;2.1750000e+02;-6.8140566e-02;2.1750000e+02;-1.1166080e-01;2.1750000e+02;-1.5463006e-01;2.1750000e+02;-1.9720453e-01;2.1750000e+02;-8.6919911e-02;2.1750000e+02;-7.0158780e-02;2.1750000e+02;-3.1773318e-02;2.1750000e+02;2.3264367e-02;2.1750000e+02;8.5712902e-02;2.1750000e+02;1.3982217e-01;2.1750000e+02;2.0467149e-01;2.1750000e+02;2.3290092e-01;2.1750000e+02;2.1873601e-01;2.1750000e+02;2.0818496e-01;2.1750000e+02;1.4286081e-01;2.1750000e+02;7.8586251e-02;2.1750000e+02;2.3808405e-02;2.1750000e+02;-2.3919851e-02;2.1750000e+02;-6.8140566e-02;2.1750000e+02;-1.1166080e-01;2.1750000e+02;-1.5463006e-01;2.1750000e+02;-1.9720453e-01;2.1750000e+02;-8.6919911e-02;2.1750000e+02;-7.0158780e-02;2.1750000e+02;-3.1773318e-02;2.1750000e+02;2.3264367e-02;2.1750000e+02;8.5712902e-02;2.1750000e+02;1.3982217e-01;2.1750000e+02;2.0467149e-01;2.1750000e+02;2.3290092e-01;2.1750000e+02;2.1873601e-01;2.1750000e+02;2.0818496e-01;2.1750000e+02;1.4286081e-01;2.1750000e+02;7.8586251e-02;2.1750000e+02;2.3808405e-02;2.1750000e+02;-2.3919851e-02;2.1750000e+02;-6.8140566e-02;2.1750000e+02;-1.1166080e-01;2.1750000e+02;-1.5463006e-01;2.1750000e+02;-1.9720453e-01;2.1750000e+02;-8.6919911e-02;2.1750000e+02;-7.0158780e-02;2.1750000e+02;-3.1773318e-02;2.1750000e+02;2.3264367e-02;2.1750000e+02;8.5712902e-02;2.1750000e+02;1.3982217e-01;2.1750000e+02;2.0467149e-01;2.1750000e+02;2.3290092e-01;2.1750000e+02;2.1873601e-01;2.1750000e+02;2.0818496e-01;2.1750000e+02;1.4286081e-01;2.1750000e+02;7.8586251e-02;2.1750000e+02;2.3808405e-02;2.1750000e+02;-2.3919851e-02;2.1750000e+02;-6.8140566e-02;2.1750000e+02;-1.1166080e-01;2.1750000e+02;-1.5463006e-01;2.1750000e+02;-1.9720453e-01;2.1750000e+02;-8.6919911e-02;2.1750000e+02;-7.0158780e-02;2.1750000e+02;-3.1773318e-02;2.1750000e+02;2.3264367e-02;2.1750000e+02;8.5712902e-02;2.1750000e+02;1.3982217e-01;2.1750000e+02;2.0467149e-01;2.1750000e+02;2.3290092e-01;2.1750000e+02;2.1873601e-01;2.1750000e+02;2.0818496e-01;2.1750000e+02;1.4286081e-01;2.1750000e+02;7.8586251e-02;2.1750000e+02;2.3808405e-02;2.1750000e+02;-2.3919851e-02;2.1750000e+02;-6.8140566e-02;2.1750000e+02;-1.1166080e-01;2.1750000e+02;-1.5463006e-01;2.1750000e+02;-1.9720453e-01;2.1750000e+02;-8.6919911e-02;2.1750000e+02;-7.0158780e-02;2.1750000e+02;-3.1773318e-02;2.1750000e+02;2.3264367e-02;2.1750000e+02;8.5712902e-02;2.1750000e+02;1.3982217e-01;2.1750000e+02;2.0467149e-01;2.1750000e+02;2.3290092e-01;2.1750000e+02;2.1873601e-01;2.1750000e+02;2.0818496e-01;2.1750000e+02;1.4286081e-01;2.1750000e+02;7.8586251e-02;2.1750000e+02;2.3808405e-02;2.1750000e+02;-2.3919851e-02;2.1750000e+02;-6.8140566e-02;2.1750000e+02;-1.1166080e-01;2.1750000e+02;-1.5463006e-01;2.1750000e+02;-1.9720453e-01;2.1750000e+02;-8.6919911e-02;2.1750000e+02;-7.0158780e-02;2.1750000e+02;-3.1773318e-02;2.1750000e+02;2.3264367e-02;2.1750000e+02;8.5712902e-02;2.1750000e+02;1.3982217e-01;2.1750000e+02;2.0467149e-01;2.1750000e+02;2.3290092e-01;2.1750000e+02;2.1873601e-01;2.1750000e+02;2.0818496e-01;2.1750000e+02;1.4286081e-01;2.1750000e+02;7.8586251e-02;2.1750000e+02;2.3808405e-02;2.1750000e+02;-2.3919851e-02;2.1750000e+02;-6.8140566e-02;2.1750000e+02;-1.1166080e-01;2.1750000e+02;-1.5463006e-01;2.1750000e+02;-1.9720453e-01;2.1750000e+02;-8.6919911e-02;2.1750000e+02;-7.0158780e-02;2.1750000e+02;-3.1773318e-02;2.1750000e+02;2.3264367e-02;2.1750000e+02;8.5712902e-02;2.1750000e+02;1.3982217e-01;2.1750000e+02;2.0467149e-01;2.1750000e+02;2.3290092e-01;2.1750000e+02;2.1873601e-01;2.1750000e+02;2.0818496e-01;2.1750000e+02;1.4286081e-01;2.1750000e+02;7.8586251e-02;2.1750000e+02;2.3808405e-02;2.1750000e+02;-2.3919851e-02;2.1750000e+02;-6.8140566e-02;2.1750000e+02;-1.1166080e-01;2.1750000e+02;-1.5463006e-01;2.1750000e+02;-1.9720453e-01;2.1750000e+02;-8.6919911e-02;2.1750000e+02;-7.0158780e-02;2.1750000e+02;-3.1773318e-02;2.1750000e+02;2.3264367e-02;2.1750000e+02;8.5712902e-02;2.1750000e+02;1.3982217e-01;2.1750000e+02;2.0467149e-01;2.1750000e+02;2.3290092e-01;2.1750000e+02;2.1873601e-01;2.1750000e+02;2.0818496e-01;2.1750000e+02;1.4286081e-01;2.1750000e+02;7.8586251e-02;2.1750000e+02;2.3808405e-02;2.1750000e+02;-2.3919851e-02;2.1750000e+02;-6.8140566e-02;2.1750000e+02;-1.1166080e-01;2.1750000e+02;-1.5463006e-01;2.1750000e+02;-1.9720453e-01;2.1750000e+02;-8.6919911e-02;2.1750000e+02;-7.0158780e-02;2.1750000e+02;-3.1773318e-02;2.1750000e+02;2.3264367e-02;2.1750000e+02;8.5712902e-02;2.1750000e+02;1.3982217e-01;2.1750000e+02;2.0467149e-01;2.1750000e+02;2.3290092e-01;2.1750000e+02;2.1873601e-01;2.1750000e+02;2.0818496e-01;2.1750000e+02;1.4286081e-01;2.1750000e+02;7.8586251e-02;2.1750000e+02;2.3808405e-02;2.1750000e+02;-2.3919851e-02;2.1750000e+02;-6.8140566e-02;2.1750000e+02;-1.1166080e-01;2.1750000e+02;-1.5463006e-01;2.1750000e+02;-1.9720453e-01;2.1750000e+02;-8.6919911e-02;2.1750000e+02;-7.0158780e-02;2.1750000e+02;-3.1773318e-02;2.1750000e+02;2.3264367e-02;2.1750000e+02;8.5712902e-02;2.1750000e+02;1.3982217e-01;2.1750000e+02;2.0467149e-01;2.1750000e+02;2.3290092e-01;2.1750000e+02;2.1873601e-01;2.1750000e+02;2.0818496e-01;2.1750000e+02;1.4286081e-01;2.1750000e+02;7.8586251e-02;2.1750000e+02;2.3808405e-02;2.1750000e+02;-2.3919851e-02;2.1750000e+02;-6.8140566e-02;2.1750000e+02;-1.1166080e-01;2.1750000e+02;-1.5463006e-01;2.1750000e+02;-1.9720453e-01;2.1750000e+02;-8.6919911e-02;2.1750000e+02;-7.0158780e-02;2.1750000e+02;-3.1773318e-02;2.1750000e+02;2.3264367e-02;2.1750000e+02;8.5712902e-02;2.1750000e+02;1.3982217e-01;2.1750000e+02;2.0467149e-01;2.1750000e+02;2.3290092e-01;2.1750000e+02;2.1873601e-01;2.1750000e+02;2.0818496e-01;2.1750000e+02;1.4286081e-01;2.1750000e+02;7.8586251e-02;2.1750000e+02;2.3808405e-02;2.1750000e+02;-2.3919851e-02;2.1750000e+02;-6.8140566e-02;2.1750000e+02;-1.1166080e-01;2.1750000e+02;-1.5463006e-01;2.1750000e+02;-1.9720453e-01;2.1750000e+02;-8.6919911e-02;2.1750000e+02;-7.0158780e-02;2.1750000e+02;-3.1773318e-02;2.1750000e+02;2.3264367e-02;2.1750000e+02;8.5712902e-02;2.1750000e+02;1.3982217e-01;2.1750000e+02;2.0467149e-01;2.1750000e+02;2.3290092e-01;2.1750000e+02;2.1873601e-01;2.1750000e+02;2.0818496e-01;2.1750000e+02;1.4286081e-01;2.1750000e+02;7.8586251e-02;2.1750000e+02;2.3808405e-02;2.1750000e+02;-2.3919851e-02;2.1750000e+02;-6.8140566e-02;2.1750000e+02;-1.1166080e-01;2.1750000e+02;-1.5463006e-01;2.1750000e+02;-1.9720453e-01;2.1750000e+02;-8.6919911e-02;2.1750000e+02;-7.0158780e-02;2.1750000e+02;-3.1773318e-02;2.1750000e+02;2.3264367e-02;2.1750000e+02;8.5712902e-02;2.1750000e+02;1.3982217e-01;2.1750000e+02;2.0467149e-01;2.1750000e+02;2.3290092e-01;2.1750000e+02;2.1873601e-01;2.1750000e+02;2.0818496e-01;2.1750000e+02;1.4286081e-01;2.1750000e+02;7.8586251e-02;2.1750000e+02;2.3808405e-02;2.1750000e+02;-2.3919851e-02;2.1750000e+02;-6.8140566e-02;2.1750000e+02;-1.1166080e-01;2.1750000e+02;-1.5463006e-01;2.1750000e+02;-1.9720453e-01;2.1750000e+02;-8.6919911e-02;2.1750000e+02;-7.0158780e-02;2.1750000e+02;-3.1773318e-02;2.1750000e+02;2.3264367e-02;2.1750000e+02;8.5712902e-02;2.1750000e+02;1.3982217e-01;2.1750000e+02;2.0467149e-01;2.1750000e+02;2.3290092e-01;2.1750000e+02;2.1873601e-01;2.1750000e+02;2.0818496e-01;2.1750000e+02;1.4286081e-01;2.1750000e+02;7.8586251e-02;2.1750000e+02;2.3808405e-02;2.1750000e+02;-2.3919851e-02;2.1750000e+02;-6.8140566e-02;2.1750000e+02;-1.1166080e-01;2.1750000e+02;-1.5463006e-01;2.1750000e+02;-1.9720453e-01;2.1750000e+02;-8.6919911e-02;2.1750000e+02;-7.0158780e-02;2.1750000e+02;-3.1773318e-02;2.1750000e+02;2.3264367e-02;2.1750000e+02;8.5712902e-02;2.1750000e+02;1.3982217e-01;2.1750000e+02;2.0467149e-01;2.1750000e+02;2.3290092e-01;2.1750000e+02;2.1873601e-01;2.1750000e+02;2.0818496e-01;2.1750000e+02;1.4286081e-01;2.1750000e+02;7.8586251e-02;2.1750000e+02;2.3808405e-02;2.1750000e+02;-2.3919851e-02;2.1750000e+02;-6.8140566e-02;2.1750000e+02;-1.1166080e-01;2.1750000e+02;-1.5463006e-01;2.1750000e+02;-1.9720453e-01;2.1750000e+02;-8.6919911e-02;2.1750000e+02;-7.0158780e-02;2.1750000e+02;-3.1773318e-02;2.1750000e+02;2.3264367e-02;2.1750000e+02;8.5712902e-02;2.1750000e+02;1.3982217e-01;2.1750000e+02;2.0467149e-01;2.1750000e+02;2.3290092e-01;2.1750000e+02;2.1873601e-01;2.1750000e+02;2.0818496e-01;2.1750000e+02;1.4286081e-01;2.1750000e+02;7.8586251e-02;2.1750000e+02;2.3808405e-02;2.1750000e+02;-2.3919851e-02;2.1750000e+02;-6.8140566e-02;2.1750000e+02;-1.1166080e-01;2.1750000e+02;-1.5463006e-01;2.1750000e+02;-1.9720453e-01;2.1750000e+02;-8.6919911e-02;2.1750000e+02;-7.0158780e-02;2.1750000e+02;-3.1773318e-02;2.1750000e+02;2.3264367e-02;2.1750000e+02;8.5712902e-02;2.1750000e+02;1.3982217e-01;2.1750000e+02;2.0467149e-01;2.1750000e+02;2.3290092e-01;2.1750000e+02;2.1873601e-01;2.1750000e+02;2.0818496e-01;2.1750000e+02;1.4286081e-01;2.1750000e+02;7.8586251e-02;2.1750000e+02;2.3808405e-02;2.1750000e+02;-2.3919851e-02;2.1750000e+02;-6.8140566e-02;2.1750000e+02;-1.1166080e-01;2.1750000e+02;-1.5463006e-01;2.1750000e+02;-1.9720453e-01;2.1750000e+02;-8.6919911e-02;2.1750000e+02;-7.0158780e-02;2.1750000e+02;-3.1773318e-02;2.1750000e+02;2.3264367e-02;2.1750000e+02;8.5712902e-02;2.1750000e+02;1.3982217e-01;2.1750000e+02;2.0467149e-01;2.1750000e+02;2.3290092e-01;2.1750000e+02;2.1873601e-01;2.1750000e+02;2.0818496e-01;2.1750000e+02;1.4286081e-01;2.1750000e+02;7.8586251e-02;2.1750000e+02;2.3808405e-02;2.1750000e+02;-2.3919851e-02;2.1750000e+02;-6.8140566e-02;2.1750000e+02;-1.1166080e-01;2.1750000e+02;-1.5463006e-01;2.1750000e+02;-1.9720453e-01;2.1750000e+02;-8.6919911e-02;2.1750000e+02;-7.0158780e-02;2.1750000e+02;-3.1773318e-02;2.1750000e+02;2.3264367e-02;2.1750000e+02;8.5712902e-02;2.1750000e+02;1.3982217e-01;2.1750000e+02;2.0467149e-01;2.1750000e+02;2.3290092e-01;2.1750000e+02;2.1873601e-01;2.1750000e+02;2.0818496e-01;2.1750000e+02;1.4286081e-01;2.1750000e+02;7.8586251e-02;2.1750000e+02;2.3808405e-02;2.1750000e+02;-2.3919851e-02;2.1750000e+02;-6.8140566e-02;2.1750000e+02;-1.1166080e-01;2.1750000e+02;-1.5463006e-01;2.1750000e+02;-1.9720453e-01;2.1750000e+02;-8.6919911e-02;2.1750000e+02;-7.0158780e-02;2.1750000e+02;-3.1773318e-02;2.1750000e+02;2.3264367e-02;2.1750000e+02;8.5712902e-02;2.1750000e+02;1.3982217e-01;2.1750000e+02;2.0467149e-01;2.1750000e+02;2.3290092e-01;2.1750000e+02;2.1873601e-01;2.1750000e+02;2.0818496e-01;2.1750000e+02;1.4286081e-01;2.1750000e+02;7.8586251e-02;2.1750000e+02;2.3808405e-02;2.1750000e+02;-2.3919851e-02;2.1750000e+02;-6.8140566e-02;2.1750000e+02;-1.1166080e-01;2.1750000e+02;-1.5463006e-01;2.1750000e+02;-1.9720453e-01;2.1750000e+02;-8.6919911e-02;2.1750000e+02;-7.0158780e-02;2.1750000e+02;-3.1773318e-02;2.1750000e+02;2.3264367e-02;2.1750000e+02;8.5712902e-02;2.1750000e+02;1.3982217e-01;2.1750000e+02;2.0467149e-01;2.1750000e+02;2.3290092e-01;2.1750000e+02;2.1873601e-01;2.1750000e+02;2.0818496e-01;2.1750000e+02;1.4286081e-01;2.1750000e+02;7.8586251e-02;2.1750000e+02;2.3808405e-02;2.1750000e+02;-2.3919851e-02;2.1750000e+02;-6.8140566e-02;2.1750000e+02;-1.1166080e-01;2.1750000e+02;-1.5463006e-01;2.1750000e+02;-1.9720453e-01;2.1750000e+02;-8.6919911e-02;2.1750000e+02;-7.0158780e-02;2.1750000e+02;-3.1773318e-02;2.1750000e+02;2.3264367e-02;2.1750000e+02;8.5712902e-02;2.1750000e+02;1.3982217e-01;2.1750000e+02;2.0467149e-01;2.1750000e+02;2.3290092e-01;2.1750000e+02;2.1873601e-01;2.1750000e+02;2.0818496e-01;2.1750000e+02;1.4286081e-01;2.1750000e+02;7.8586251e-02;2.1750000e+02;2.3808405e-02;2.1750000e+02;-2.3919851e-02;2.1750000e+02;-6.8140566e-02;2.1750000e+02;-1.1166080e-01;2.1750000e+02;-1.5463006e-01;2.1750000e+02;-1.9720453e-01;2.1750000e+02;-8.6919911e-02;2.1750000e+02;-7.0158780e-02;2.1750000e+02;-3.1773318e-02;2.1750000e+02;2.3264367e-02;2.1750000e+02;8.5712902e-02;2.1750000e+02;1.3982217e-01;2.1750000e+02;2.0467149e-01;2.1750000e+02;2.3290092e-01;2.1750000e+02;2.1873601e-01;2.1750000e+02;2.0818496e-01;2.1750000e+02;1.4286081e-01;2.1750000e+02;7.8586251e-02;2.1750000e+02;2.3808405e-02;2.1750000e+02;-2.3919851e-02;2.1750000e+02;-6.8140566e-02;2.1750000e+02;-1.1166080e-01;2.1750000e+02;-1.5463006e-01;2.1750000e+02;-1.9720453e-01;2.1750000e+02;-8.6919911e-02;2.1750000e+02;-7.0158780e-02;2.1750000e+02;-3.1773318e-02;2.1750000e+02;2.3264367e-02;2.1750000e+02;8.5712902e-02;2.1750000e+02;1.3982217e-01;2.1750000e+02;2.0467149e-01;2.1750000e+02;2.3290092e-01;2.1750000e+02;2.1873601e-01;2.1750000e+02;2.0818496e-01;2.1750000e+02;1.4286081e-01;2.1750000e+02;7.8586251e-02;2.1750000e+02;2.3808405e-02;2.1750000e+02;-2.3919851e-02;2.1750000e+02;-6.8140566e-02;2.1750000e+02;-1.1166080e-01;2.1750000e+02;-1.5463006e-01;2.1750000e+02;-1.9720453e-01;2.1750000e+02;-8.6919911e-02;2.1750000e+02;-7.0158780e-02;2.1750000e+02;-3.1773318e-02;2.1750000e+02;2.3264367e-02;2.1750000e+02;8.5712902e-02;2.1750000e+02;1.3982217e-01;2.1750000e+02;2.0467149e-01;2.1750000e+02;2.3290092e-01;2.1750000e+02;2.1873601e-01;2.1750000e+02;2.0818496e-01;2.1750000e+02;1.4286081e-01;2.1750000e+02;7.8586251e-02;2.1750000e+02;2.3808405e-02;2.1750000e+02;-2.3919851e-02;2.1750000e+02;-6.8140566e-02;2.1750000e+02;-1.1166080e-01;2.1750000e+02;-1.5463006e-01;2.1750000e+02;-1.9720453e-01;2.1750000e+02;-8.6919911e-02;2.1750000e+02;-7.0158780e-02;2.1750000e+02;-3.1773318e-02;2.1750000e+02;2.3264367e-02;2.1750000e+02;8.5712902e-02;2.1750000e+02;1.3982217e-01;2.1750000e+02;2.0467149e-01;2.1750000e+02;2.3290092e-01;2.1750000e+02;2.1873601e-01;2.1750000e+02;2.0818496e-01;2.1750000e+02;1.4286081e-01;2.1750000e+02;7.8586251e-02;2.1750000e+02;2.3808405e-02;2.1750000e+02;-2.3919851e-02;2.1750000e+02;-6.8140566e-02;2.1750000e+02;-1.1166080e-01;2.1750000e+02;-1.5463006e-01;2.1750000e+02;-1.9720453e-01;2.1750000e+02;-8.6919911e-02;2.1750000e+02;-7.0158780e-02;2.1750000e+02;-3.1773318e-02;2.1750000e+02;2.3264367e-02;2.1750000e+02;8.5712902e-02;2.1750000e+02;1.3982217e-01;2.1750000e+02;2.0467149e-01;2.1750000e+02;2.3290092e-01;2.1750000e+02;2.1873601e-01;2.1750000e+02;2.0818496e-01;2.1750000e+02;1.4286081e-01;2.1750000e+02;7.8586251e-02;2.1750000e+02;2.3808405e-02;2.1750000e+02;-2.3919851e-02;2.1750000e+02;-6.8140566e-02;2.1750000e+02;-1.1166080e-01;2.1750000e+02;-1.5463006e-01;2.1750000e+02;-1.9720453e-01;2.1750000e+02;-8.6919911e-02;2.1750000e+02;-7.0158780e-02;2.1750000e+02;-3.1773318e-02;2.1750000e+02;2.3264367e-02;2.1750000e+02;8.5712902e-02;2.1750000e+02;1.3982217e-01;2.1750000e+02;2.0467149e-01;2.1750000e+02;2.3290092e-01;2.1750000e+02;2.1873601e-01;2.1750000e+02;2.0818496e-01;2.1750000e+02;1.4286081e-01;2.1750000e+02;7.8586251e-02;2.1750000e+02;2.3808405e-02;2.1750000e+02;-2.3919851e-02;2.1750000e+02;-6.8140566e-02;2.1750000e+02;-1.1166080e-01;2.1750000e+02;-1.5463006e-01;2.1750000e+02;-1.9720453e-01;2.1750000e+02;-8.6919911e-02;2.1750000e+02;-7.0158780e-02;2.1750000e+02;-3.1773318e-02;2.1750000e+02;2.3264367e-02;2.1750000e+02;8.5712902e-02;2.1750000e+02;1.3982217e-01;2.1750000e+02;2.0467149e-01;2.1750000e+02;2.3290092e-01;2.1750000e+02;2.1873601e-01;2.1750000e+02;2.0818496e-01;2.1750000e+02;1.4286081e-01;2.1750000e+02;7.8586251e-02;2.1750000e+02;2.3808405e-02;2.1750000e+02;-2.3919851e-02;2.1750000e+02;-6.8140566e-02;2.1750000e+02;-1.1166080e-01;2.1750000e+02;-1.5463006e-01;2.1750000e+02;-1.9720453e-01;2.1750000e+02;-8.6919911e-02;2.1750000e+02;-7.0158780e-02;2.1750000e+02;-3.1773318e-02;2.1750000e+02;2.3264367e-02;2.1750000e+02;8.5712902e-02;2.1750000e+02;1.3982217e-01;2.1750000e+02;2.0467149e-01;2.1750000e+02;2.3290092e-01;2.1750000e+02;2.1873601e-01;2.1750000e+02;2.0818496e-01;2.1750000e+02;1.4286081e-01;2.1750000e+02;7.8586251e-02;2.1750000e+02;2.3808405e-02;2.1750000e+02;-2.3919851e-02;2.1750000e+02;-6.8140566e-02;2.1750000e+02;-1.1166080e-01;2.1750000e+02;-1.5463006e-01;2.1750000e+02;-1.9720453e-01;2.1750000e+02;-8.6919911e-02;2.1750000e+02;-7.0158780e-02;2.1750000e+02;-3.1773318e-02;2.1750000e+02;2.3264367e-02;2.1750000e+02;8.5712902e-02;2.1750000e+02;1.3982217e-01;2.1750000e+02;2.0467149e-01;2.1750000e+02;2.3290092e-01;2.1750000e+02;2.1873601e-01;2.1750000e+02;2.0818496e-01;2.1750000e+02;1.4286081e-01;2.1750000e+02;7.8586251e-02;2.1750000e+02;2.3808405e-02;2.1750000e+02;-2.3919851e-02;2.1750000e+02;-6.8140566e-02;2.1750000e+02;-1.1166080e-01;2.1750000e+02;-1.5463006e-01;2.1750000e+02;-1.9720453e-01;2.1750000e+02;-8.6919911e-02;2.1750000e+02;-7.0158780e-02;2.1750000e+02;-3.1773318e-02;2.1750000e+02;2.3264367e-02;2.1750000e+02;8.5712902e-02;2.1750000e+02;1.3982217e-01;2.1750000e+02;2.0467149e-01;2.1750000e+02;2.3290092e-01;2.1750000e+02;2.1873601e-01;2.1750000e+02;2.0818496e-01;2.1750000e+02;1.4286081e-01;2.1750000e+02;7.8586251e-02;2.1750000e+02;2.3808405e-02;2.1750000e+02;-2.3919851e-02;2.1750000e+02;-6.8140566e-02;2.1750000e+02;-1.1166080e-01;2.1750000e+02;-1.5463006e-01;2.1750000e+02;-1.9720453e-01;2.1750000e+02;-8.6919911e-02;2.1750000e+02;-7.0158780e-02;2.1750000e+02;-3.1773318e-02;2.1750000e+02;2.3264367e-02;2.1750000e+02;8.5712902e-02;2.1750000e+02;1.3982217e-01;2.1750000e+02;2.0467149e-01;2.1750000e+02;2.3290092e-01;2.1750000e+02;2.1873601e-01;2.1750000e+02;2.0818496e-01;2.1750000e+02;1.4286081e-01;2.1750000e+02;7.8586251e-02;2.1750000e+02;2.3808405e-02;2.1750000e+02;-2.3919851e-02;2.1750000e+02;-6.8140566e-02;2.1750000e+02;-1.1166080e-01;2.1750000e+02;-1.5463006e-01;2.1750000e+02;-1.9720453e-01;2.1750000e+02;-8.6919911e-02;2.1750000e+02;-7.0158780e-02;2.1750000e+02;-3.1773318e-02;2.1750000e+02;2.3264367e-02;2.1750000e+02;8.5712902e-02;2.1750000e+02;1.3982217e-01;2.1750000e+02;2.0467149e-01;2.1750000e+02;2.3290092e-01;2.1750000e+02;2.1873601e-01;2.1750000e+02;2.0818496e-01;2.1750000e+02;1.4286081e-01;2.1750000e+02;7.8586251e-02;2.1750000e+02;2.3808405e-02;2.1750000e+02;-2.3919851e-02;2.1750000e+02;-6.8140566e-02;2.1750000e+02;-1.1166080e-01;2.1750000e+02;-1.5463006e-01;2.1750000e+02;-1.9720453e-01;2.1750000e+02;-8.6919911e-02;2.1750000e+02;-7.0158780e-02;2.1750000e+02;-3.1773318e-02;2.1750000e+02;2.3264367e-02;2.1750000e+02;8.5712902e-02;2.1750000e+02;1.3982217e-01;2.1750000e+02;2.0467149e-01;2.1750000e+02;2.3290092e-01;2.1750000e+02;2.1873601e-01;2.1750000e+02;2.0818496e-01;2.1750000e+02;1.4286081e-01;2.1750000e+02;7.8586251e-02;2.1750000e+02;2.3808405e-02;2.1750000e+02;-2.3919851e-02;2.1750000e+02;-6.8140566e-02;2.1750000e+02;-1.1166080e-01;2.1750000e+02;-1.5463006e-01;2.1750000e+02;-1.9720453e-01;2.1750000e+02;-8.6919911e-02;2.1750000e+02;-7.0158780e-02;2.1750000e+02;-3.1773318e-02;2.1750000e+02;2.3264367e-02;2.1750000e+02;8.5712902e-02;2.1750000e+02;1.3982217e-01;2.1750000e+02;2.0467149e-01;2.1750000e+02;2.3290092e-01;2.1750000e+02;2.1873601e-01;2.1750000e+02;2.0818496e-01;2.1750000e+02;1.4286081e-01;2.1750000e+02;7.8586251e-02;2.1750000e+02;2.3808405e-02;2.1750000e+02;-2.3919851e-02;2.1750000e+02;-6.8140566e-02;2.1750000e+02;-1.1166080e-01;2.1750000e+02;-1.5463006e-01;2.1750000e+02;-1.9720453e-01;2.1750000e+02;-8.6919911e-02;2.1750000e+02;-7.0158780e-02;2.1750000e+02;-3.1773318e-02;2.1750000e+02;2.3264367e-02;2.1750000e+02;8.5712902e-02;2.1750000e+02;1.3982217e-01;2.1750000e+02;2.0467149e-01;2.1750000e+02;2.3290092e-01;2.1750000e+02;2.1873601e-01;2.1750000e+02;2.0818496e-01;2.1750000e+02;1.4286081e-01;2.1750000e+02;7.8586251e-02;2.1750000e+02;2.3808405e-02;2.1750000e+02;-2.3919851e-02;2.1750000e+02;-6.8140566e-02;2.1750000e+02;-1.1166080e-01;2.1750000e+02;-1.5463006e-01;2.1750000e+02;-1.9720453e-01;2.1750000e+02;-8.6919911e-02;2.1750000e+02;-7.0158780e-02;2.1750000e+02;-3.1773318e-02;2.1750000e+02;2.3264367e-02;2.1750000e+02;8.5712902e-02;2.1750000e+02;1.3982217e-01;2.1750000e+02;2.0467149e-01;2.1750000e+02;2.3290092e-01;2.1750000e+02;2.1873601e-01;2.1750000e+02;2.0818496e-01;2.1750000e+02;1.4286081e-01;2.1750000e+02;7.8586251e-02;2.1750000e+02;2.3808405e-02;2.1750000e+02;-2.3919851e-02;2.1750000e+02;-6.8140566e-02;2.1750000e+02;-1.1166080e-01;2.1750000e+02;-1.5463006e-01;2.1750000e+02;-1.9720453e-01;2.1750000e+02;-8.6919911e-02;2.1750000e+02;-7.0158780e-02;2.1750000e+02;-3.1773318e-02;2.1750000e+02;2.3264367e-02;2.1750000e+02;8.5712902e-02;2.1750000e+02;1.3982217e-01;2.1750000e+02;2.0467149e-01;2.1750000e+02;2.3290092e-01;2.1750000e+02;2.1873601e-01;2.1750000e+02;2.0818496e-01;2.1750000e+02;1.4286081e-01;2.1750000e+02;7.8586251e-02;2.1750000e+02;2.3808405e-02;2.1750000e+02;-2.3919851e-02;2.1750000e+02;-6.8140566e-02;2.1750000e+02;-1.1166080e-01;2.1750000e+02;-1.5463006e-01;2.1750000e+02;-1.9720453e-01;2.1750000e+02;-8.6919911e-02;2.1750000e+02;-7.0158780e-02;2.1750000e+02;-3.1773318e-02;2.1750000e+02;2.3264367e-02;2.1750000e+02;8.5712902e-02;2.1750000e+02;1.3982217e-01;2.1750000e+02;2.0467149e-01;2.1750000e+02;2.3290092e-01;2.1750000e+02;2.1873601e-01;2.1750000e+02;2.0818496e-01;2.1750000e+02;1.4286081e-01;2.1750000e+02;7.8586251e-02;2.1750000e+02;2.3808405e-02;2.1750000e+02;-2.3919851e-02;2.1750000e+02;-6.8140566e-02;2.1750000e+02;-1.1166080e-01;2.1750000e+02;-1.5463006e-01;2.1750000e+02;-1.9720453e-01;2.1750000e+02;-8.6919911e-02;2.1750000e+02;-7.0158780e-02;2.1750000e+02;-3.1773318e-02;2.1750000e+02;2.3264367e-02;2.1750000e+02;8.5712902e-02;2.1750000e+02;1.3982217e-01;2.1750000e+02;2.0467149e-01;2.1750000e+02;2.3290092e-01;2.1750000e+02;2.1873601e-01;2.1750000e+02;2.0818496e-01;2.1750000e+02;1.4286081e-01;2.1750000e+02;7.8586251e-02;2.1750000e+02;2.3808405e-02;2.1750000e+02;-2.3919851e-02;2.1750000e+02;-6.8140566e-02;2.1750000e+02;-1.1166080e-01;2.1750000e+02;-1.5463006e-01;2.1750000e+02;-1.9720453e-01;2.1750000e+02;-8.6919911e-02;2.1750000e+02;-7.0158780e-02;2.1750000e+02;-3.1773318e-02;2.1750000e+02;2.3264367e-02;2.1750000e+02;8.5712902e-02;2.1750000e+02;1.3982217e-01;2.1750000e+02;2.0467149e-01;2.1750000e+02;2.3290092e-01;2.1750000e+02;2.1873601e-01;2.1750000e+02;2.0818496e-01;2.1750000e+02;1.4286081e-01;2.1750000e+02;7.8586251e-02;2.1750000e+02;2.3808405e-02;2.1750000e+02;-2.3919851e-02;2.1750000e+02;-6.8140566e-02;2.1750000e+02;-1.1166080e-01;2.1750000e+02;-1.5463006e-01;2.1750000e+02;-1.9720453e-01;2.1750000e+02;-8.6919911e-02;2.1750000e+02;-7.0158780e-02;2.1750000e+02;-3.1773318e-02;2.1750000e+02;2.3264367e-02;2.1750000e+02;8.5712902e-02;2.1750000e+02;1.3982217e-01;2.1750000e+02;2.0467149e-01;2.1750000e+02;2.3290092e-01;2.1750000e+02;2.1873601e-01;2.1750000e+02;2.0818496e-01;2.1750000e+02;1.4286081e-01;2.1750000e+02;7.8586251e-02;2.1750000e+02;2.3808405e-02;2.1750000e+02;-2.3919851e-02;2.1750000e+02;-6.8140566e-02;2.1750000e+02;-1.1166080e-01;2.1750000e+02;-1.5463006e-01;2.1750000e+02;-1.9720453e-01;2.1750000e+02;-8.6919911e-02;2.1750000e+02;-7.0158780e-02;2.1750000e+02;-3.1773318e-02;2.1750000e+02;2.3264367e-02;2.1750000e+02;8.5712902e-02;2.1750000e+02;1.3982217e-01;2.1750000e+02;2.0467149e-01;2.1750000e+02;2.3290092e-01;2.1750000e+02;2.1873601e-01;2.1750000e+02;2.0818496e-01;2.1750000e+02;1.4286081e-01;2.1750000e+02;7.8586251e-02;2.1750000e+02;2.3808405e-02;2.1750000e+02;-2.3919851e-02;2.1750000e+02;-6.8140566e-02;2.1750000e+02;-1.1166080e-01;2.1750000e+02;-1.5463006e-01;2.1750000e+02;-1.9720453e-01;2.1750000e+02;-8.6919911e-02;2.1750000e+02;-7.0158780e-02;2.1750000e+02;-3.1773318e-02;2.1750000e+02;2.3264367e-02;2.1750000e+02;8.5712902e-02;2.1750000e+02;1.3982217e-01;2.1750000e+02;2.0467149e-01;2.1750000e+02;2.3290092e-01;2.1750000e+02;2.1873601e-01;2.1750000e+02;2.0818496e-01;2.1750000e+02;1.4286081e-01;2.1750000e+02;7.8586251e-02;2.1750000e+02;2.3808405e-02;2.1750000e+02;-2.3919851e-02;2.1750000e+02;-6.8140566e-02;2.1750000e+02;-1.1166080e-01;2.1750000e+02;-1.5463006e-01;2.1750000e+02;-1.9720453e-01;2.1750000e+02;-8.6919911e-02;2.1750000e+02;-7.0158780e-02;2.1750000e+02;-3.1773318e-02;2.1750000e+02;2.3264367e-02;2.1750000e+02;8.5712902e-02;2.1750000e+02;1.3982217e-01;2.1750000e+02;2.0467149e-01;2.1750000e+02;2.3290092e-01;2.1750000e+02;2.1873601e-01;2.1750000e+02;2.0818496e-01;2.1750000e+02;1.4286081e-01;2.1750000e+02;7.8586251e-02;2.1750000e+02;2.3808405e-02;2.1750000e+02;-2.3919851e-02;2.1750000e+02;-6.8140566e-02;2.1750000e+02;-1.1166080e-01;2.1750000e+02;-1.5463006e-01;2.1750000e+02;-1.9720453e-01;2.1750000e+02;-8.6919911e-02;2.1750000e+02;-7.0158780e-02;2.1750000e+02;-3.1773318e-02;2.1750000e+02;2.3264367e-02;2.1750000e+02;8.5712902e-02;2.1750000e+02;1.3982217e-01;2.1750000e+02;2.0467149e-01;2.1750000e+02;2.3290092e-01;2.1750000e+02;2.1873601e-01;2.1750000e+02;2.0818496e-01;2.1750000e+02;1.4286081e-01;2.1750000e+02;7.8586251e-02;2.1750000e+02;2.3808405e-02;2.1750000e+02;-2.3919851e-02;2.1750000e+02;-6.8140566e-02;2.1750000e+02;-1.1166080e-01;2.1750000e+02;-1.5463006e-01;2.1750000e+02;-1.9720453e-01;2.1750000e+02;-8.6919911e-02;2.1750000e+02;-7.0158780e-02;2.1750000e+02;-3.1773318e-02;2.1750000e+02;2.3264367e-02;2.1750000e+02;8.5712902e-02;2.1750000e+02;1.3982217e-01;2.1750000e+02;2.0467149e-01;2.1750000e+02;2.3290092e-01;2.1750000e+02;2.1873601e-01;2.1750000e+02;2.0818496e-01;2.1750000e+02;1.4286081e-01;2.1750000e+02;7.8586251e-02;2.1750000e+02;2.3808405e-02;2.1750000e+02;-2.3919851e-02;2.1750000e+02;-6.8140566e-02;2.1750000e+02;-1.1166080e-01;2.1750000e+02;-1.5463006e-01;2.1750000e+02;-1.9720453e-01;2.1750000e+02;-8.6919911e-02;2.1750000e+02;-7.0158780e-02;2.1750000e+02;-3.1773318e-02;2.1750000e+02;2.3264367e-02;2.1750000e+02;8.5712902e-02;2.1750000e+02;1.3982217e-01;2.1750000e+02;2.0467149e-01;2.1750000e+02;2.3290092e-01;2.1750000e+02;2.1873601e-01;2.1750000e+02;2.0818496e-01;2.1750000e+02;1.4286081e-01;2.1750000e+02;7.8586251e-02;2.1750000e+02;2.3808405e-02;2.1750000e+02;-2.3919851e-02;2.1750000e+02;-6.8140566e-02;2.1750000e+02;-1.1166080e-01;2.1750000e+02;-1.5463006e-01;2.1750000e+02;-1.9720453e-01;2.1750000e+02;-8.6919911e-02;2.1750000e+02;-7.0158780e-02;2.1750000e+02;-3.1773318e-02;2.1750000e+02;2.3264367e-02;2.1750000e+02;8.5712902e-02;2.1750000e+02;1.3982217e-01;2.1750000e+02;2.0467149e-01;2.1750000e+02;2.3290092e-01;2.1750000e+02;2.1873601e-01;2.1750000e+02;2.0818496e-01;2.1750000e+02;1.4286081e-01;2.1750000e+02;7.8586251e-02;2.1750000e+02;2.3808405e-02;2.1750000e+02;-2.3919851e-02;2.1750000e+02;-6.8140566e-02;2.1750000e+02;-1.1166080e-01;2.1750000e+02;-1.5463006e-01;2.1750000e+02;-1.9720453e-01;2.1750000e+02;-8.6919911e-02;2.1750000e+02;-7.0158780e-02;2.1750000e+02;-3.1773318e-02;2.1750000e+02;2.3264367e-02;2.1750000e+02;8.5712902e-02;2.1750000e+02;1.3982217e-01;2.1750000e+02;2.0467149e-01;2.1750000e+02;2.3290092e-01;2.1750000e+02;2.1873601e-01;2.1750000e+02;2.0818496e-01;2.1750000e+02;1.4286081e-01;2.1750000e+02;7.8586251e-02;2.1750000e+02;2.3808405e-02;2.1750000e+02;-2.3919851e-02;2.1750000e+02;-6.8140566e-02;2.1750000e+02;-1.1166080e-01;2.1750000e+02;-1.5463006e-01;2.1750000e+02;-1.9720453e-01;2.1750000e+02;-8.6919911e-02;2.1750000e+02;-7.0158780e-02;2.1750000e+02;-3.1773318e-02;2.1750000e+02;2.3264367e-02;2.1750000e+02;8.5712902e-02;2.1750000e+02;1.3982217e-01;2.1750000e+02;2.0467149e-01;2.1750000e+02;2.3290092e-01;2.1750000e+02;2.1873601e-01;2.1750000e+02;2.0818496e-01;2.1750000e+02;1.4286081e-01;2.1750000e+02;7.8586251e-02;2.1750000e+02;2.3808405e-02;2.1750000e+02;-2.3919851e-02;2.1750000e+02;-6.8140566e-02;2.1750000e+02;-1.1166080e-01;2.1750000e+02;-1.5463006e-01;2.1750000e+02;-1.9720453e-01;2.1750000e+02;-8.6919911e-02;2.1750000e+02;-7.0158780e-02;2.1750000e+02;-3.1773318e-02;2.1750000e+02;2.3264367e-02;2.1750000e+02;8.5712902e-02;2.1750000e+02;1.3982217e-01;2.1750000e+02;2.0467149e-01;2.1750000e+02;2.3290092e-01;2.1750000e+02;2.1873601e-01;2.1750000e+02;2.0818496e-01;2.1750000e+02;1.4286081e-01;2.1750000e+02;7.8586251e-02;2.1750000e+02;2.3808405e-02;2.1750000e+02;-2.3919851e-02;2.1750000e+02;-6.8140566e-02;2.1750000e+02;-1.1166080e-01;2.1750000e+02;-1.5463006e-01;2.1750000e+02;-1.9720453e-01;2.1750000e+02;-8.6919911e-02;2.1750000e+02;-7.0158780e-02;2.1750000e+02;-3.1773318e-02;2.1750000e+02;2.3264367e-02;2.1750000e+02;8.5712902e-02;2.1750000e+02;1.3982217e-01;2.1750000e+02;2.0467149e-01;2.1750000e+02;2.3290092e-01;2.1750000e+02;2.1873601e-01;2.1750000e+02;2.0818496e-01;2.1750000e+02;1.4286081e-01;2.1750000e+02;7.8586251e-02;2.1750000e+02;2.3808405e-02;2.1750000e+02;-2.3919851e-02;2.1750000e+02;-6.8140566e-02;2.1750000e+02;-1.1166080e-01;2.1750000e+02;-1.5463006e-01;2.1750000e+02;-1.9720453e-01;2.1750000e+02;-8.6919911e-02;2.1750000e+02;-7.0158780e-02;2.1750000e+02;-3.1773318e-02;2.1750000e+02;2.3264367e-02;2.1750000e+02;8.5712902e-02;2.1750000e+02;1.3982217e-01;2.1750000e+02;2.0467149e-01;2.1750000e+02;2.3290092e-01;2.1750000e+02;2.1873601e-01;2.1750000e+02;2.0818496e-01;2.1750000e+02;1.4286081e-01;2.1750000e+02;7.8586251e-02;2.1750000e+02;2.3808405e-02;2.1750000e+02;-2.3919851e-02;2.1750000e+02;-6.8140566e-02;2.1750000e+02;-1.1166080e-01;2.1750000e+02;-1.5463006e-01;2.1750000e+02;-1.9720453e-01;2.1750000e+02;-8.6919911e-02;2.1750000e+02;-7.0158780e-02;2.1750000e+02;-3.1773318e-02;2.1750000e+02;2.3264367e-02;2.1750000e+02;8.5712902e-02;2.1750000e+02;1.3982217e-01;2.1750000e+02;2.0467149e-01;2.1750000e+02;2.3290092e-01;2.1750000e+02;2.1873601e-01;2.1750000e+02;2.0818496e-01;2.1750000e+02;1.4286081e-01;2.1750000e+02;7.8586251e-02;2.1750000e+02;2.3808405e-02;2.1750000e+02;-2.3919851e-02;2.1750000e+02;-6.8140566e-02;2.1750000e+02;-1.1166080e-01;2.1750000e+02;-1.5463006e-01;2.1750000e+02;-1.9720453e-01;2.1750000e+02;-8.6919911e-02;2.1750000e+02;-7.0158780e-02;2.1750000e+02;-3.1773318e-02;2.1750000e+02;2.3264367e-02;2.1750000e+02;8.5712902e-02;2.1750000e+02;1.3982217e-01;2.1750000e+02;2.0467149e-01;2.1750000e+02;2.3290092e-01;2.1750000e+02;2.1873601e-01;2.1750000e+02;2.0818496e-01;2.1750000e+02;1.4286081e-01;2.1750000e+02;7.8586251e-02;2.1750000e+02;2.3808405e-02;2.1750000e+02;-2.3919851e-02;2.1750000e+02;-6.8140566e-02;2.1750000e+02;-1.1166080e-01;2.1750000e+02;-1.5463006e-01;2.1750000e+02;-1.9720453e-01;2.1750000e+02;-8.6919911e-02;2.1750000e+02;-7.0158780e-02;2.1750000e+02;-3.1773318e-02;2.1750000e+02;2.3264367e-02;2.1750000e+02;8.5712902e-02;2.1750000e+02;1.3982217e-01;2.1750000e+02;2.0467149e-01;2.1750000e+02;2.3290092e-01;2.1750000e+02;2.1873601e-01;2.1750000e+02;2.0818496e-01;2.1750000e+02;1.4286081e-01;2.1750000e+02;7.8586251e-02;2.1750000e+02;2.3808405e-02;2.1750000e+02;-2.3919851e-02;2.1750000e+02;-6.8140566e-02;2.1750000e+02;-1.1166080e-01;2.1750000e+02;-1.5463006e-01;2.1750000e+02;-1.9720453e-01;2.1750000e+02;-8.6919911e-02;2.1750000e+02;-7.0158780e-02;2.1750000e+02;-3.1773318e-02;2.1750000e+02;2.3264367e-02;2.1750000e+02;8.5712902e-02;2.1750000e+02;1.3982217e-01;2.1750000e+02;2.0467149e-01;2.1750000e+02;2.3290092e-01;2.1750000e+02;2.1873601e-01;2.1750000e+02;2.0818496e-01;2.1750000e+02;1.4286081e-01;2.1750000e+02;7.8586251e-02;2.1750000e+02;2.3808405e-02;2.1750000e+02;-2.3919851e-02;2.1750000e+02;-6.8140566e-02;2.1750000e+02;-1.1166080e-01;2.1750000e+02;-1.5463006e-01;2.1750000e+02;-1.9720453e-01;2.1750000e+02;-8.6919911e-02;2.1750000e+02;-7.0158780e-02;2.1750000e+02;-3.1773318e-02;2.1750000e+02;2.3264367e-02;2.1750000e+02;8.5712902e-02;2.1750000e+02;1.3982217e-01;2.1750000e+02;2.0467149e-01;2.1750000e+02;2.3290092e-01;2.1750000e+02;2.1873601e-01;2.1750000e+02;2.0818496e-01;2.1750000e+02;1.4286081e-01;2.1750000e+02;7.8586251e-02;2.1750000e+02;2.3808405e-02;2.1750000e+02;-2.3919851e-02;2.1750000e+02;-6.8140566e-02;2.1750000e+02;-1.1166080e-01;2.1750000e+02;-1.5463006e-01;2.1750000e+02;-1.9720453e-01;2.1750000e+02;-8.6919911e-02;2.1750000e+02;-7.0158780e-02;2.1750000e+02;-3.1773318e-02;2.1750000e+02;2.3264367e-02;2.1750000e+02;8.5712902e-02;2.1750000e+02;1.3982217e-01;2.1750000e+02;2.0467149e-01;2.1750000e+02;2.3290092e-01;2.1750000e+02;2.1873601e-01;2.1750000e+02;2.0818496e-01;2.1750000e+02;1.4286081e-01;2.1750000e+02;7.8586251e-02;2.1750000e+02;2.3808405e-02;2.1750000e+02;-2.3919851e-02;2.1750000e+02;-6.8140566e-02;2.1750000e+02;-1.1166080e-01;2.1750000e+02;-1.5463006e-01;2.1750000e+02;-1.9720453e-01;2.1750000e+02;-8.6919911e-02;2.1750000e+02;-7.0158780e-02;2.1750000e+02;-3.1773318e-02;2.1750000e+02;2.3264367e-02;2.1750000e+02;8.5712902e-02;2.1750000e+02;1.3982217e-01;2.1750000e+02;2.0467149e-01;2.1750000e+02;2.3290092e-01;2.1750000e+02;2.1873601e-01;2.1750000e+02;2.0818496e-01;2.1750000e+02;1.4286081e-01;2.1750000e+02;7.8586251e-02;2.1750000e+02;2.3808405e-02;2.1750000e+02;-2.3919851e-02;2.1750000e+02;-6.8140566e-02;2.1750000e+02;-1.1166080e-01;2.1750000e+02;-1.5463006e-01;2.1750000e+02;-1.9720453e-01;2.1750000e+02;-8.6919911e-02;2.1750000e+02;-7.0158780e-02;2.1750000e+02;-3.1773318e-02;2.1750000e+02;2.3264367e-02;2.1750000e+02;8.5712902e-02;2.1750000e+02;1.3982217e-01;2.1750000e+02;2.0467149e-01;2.1750000e+02;2.3290092e-01;2.1750000e+02;2.1873601e-01;2.1750000e+02;2.0818496e-01;2.1750000e+02;1.4286081e-01;2.1750000e+02;7.8586251e-02;2.1750000e+02;2.3808405e-02;2.1750000e+02;-2.3919851e-02;2.1750000e+02;-6.8140566e-02;2.1750000e+02;-1.1166080e-01;2.1750000e+02;-1.5463006e-01;2.1750000e+02;-1.9720453e-01;2.1750000e+02;-8.6919911e-02;2.1750000e+02;-7.0158780e-02;2.1750000e+02;-3.1773318e-02;2.1750000e+02;2.3264367e-02;2.1750000e+02;8.5712902e-02;2.1750000e+02;1.3982217e-01;2.1750000e+02;2.0467149e-01;2.1750000e+02;2.3290092e-01;2.1750000e+02;2.1873601e-01;2.1750000e+02;2.0818496e-01;2.1750000e+02;1.4286081e-01;2.1750000e+02;7.8586251e-02;2.1750000e+02;2.3808405e-02;2.1750000e+02;-2.3919851e-02;2.1750000e+02;-6.8140566e-02;2.1750000e+02;-1.1166080e-01;2.1750000e+02;-1.5463006e-01;2.1750000e+02;-1.9720453e-01;2.1750000e+02;-8.6919911e-02;2.1750000e+02;-7.0158780e-02;2.1750000e+02;-3.1773318e-02;2.1750000e+02;2.3264367e-02;2.1750000e+02;8.5712902e-02;2.1750000e+02;1.3982217e-01;2.1750000e+02;2.0467149e-01;2.1750000e+02;2.3290092e-01;2.1750000e+02;2.1873601e-01;2.1750000e+02;2.0818496e-01;2.1750000e+02;1.4286081e-01;2.1750000e+02;7.8586251e-02;2.1750000e+02;2.3808405e-02;2.1750000e+02;-2.3919851e-02;2.1750000e+02;-6.8140566e-02;2.1750000e+02;-1.1166080e-01;2.1750000e+02;-1.5463006e-01;2.1750000e+02;-1.9720453e-01;2.1750000e+02;-8.6919911e-02;2.1750000e+02;-7.0158780e-02;2.1750000e+02;-3.1773318e-02;2.1750000e+02;2.3264367e-02;2.1750000e+02;8.5712902e-02;2.1750000e+02;1.3982217e-01;2.1750000e+02;2.0467149e-01;2.1750000e+02;2.3290092e-01;2.1750000e+02;2.1873601e-01;2.1750000e+02;2.0818496e-01;2.1750000e+02;1.4286081e-01;2.1750000e+02;7.8586251e-02;2.1750000e+02;2.3808405e-02;2.1750000e+02;-2.3919851e-02;2.1750000e+02;-6.8140566e-02;2.1750000e+02;-1.1166080e-01;2.1750000e+02;-1.5463006e-01;2.1750000e+02;-1.9720453e-01;2.1750000e+02;-8.6919911e-02;2.1750000e+02;-7.0158780e-02;2.1750000e+02;-3.1773318e-02;2.1750000e+02;2.3264367e-02;2.1750000e+02;8.5712902e-02;2.1750000e+02;1.3982217e-01;2.1750000e+02;2.0467149e-01;2.1750000e+02;2.3290092e-01;2.1750000e+02;2.1873601e-01;2.1750000e+02;2.0818496e-01;2.1750000e+02;1.4286081e-01;2.1750000e+02;7.8586251e-02;2.1750000e+02;2.3808405e-02;2.1750000e+02;-2.3919851e-02;2.1750000e+02;-6.8140566e-02;2.1750000e+02;-1.1166080e-01;2.1750000e+02;-1.5463006e-01;2.1750000e+02;-1.9720453e-01;2.1750000e+02;-8.6919911e-02;2.1750000e+02;-7.0158780e-02;2.1750000e+02;-3.1773318e-02;2.1750000e+02;2.3264367e-02;2.1750000e+02;8.5712902e-02;2.1750000e+02;1.3982217e-01;2.1750000e+02;2.0467149e-01;2.1750000e+02;2.3290092e-01;2.1750000e+02;2.1873601e-01;2.1750000e+02;2.0818496e-01;2.1750000e+02;1.4286081e-01;2.1750000e+02;7.8586251e-02;2.1750000e+02;2.3808405e-02;2.1750000e+02;-2.3919851e-02;2.1750000e+02;-6.8140566e-02;2.1750000e+02;-1.1166080e-01;2.1750000e+02;-1.5463006e-01;2.1750000e+02;-1.9720453e-01;2.1750000e+02;-8.6919911e-02;2.1750000e+02;-7.0158780e-02;2.1750000e+02;-3.1773318e-02;2.1750000e+02;2.3264367e-02;2.1750000e+02;8.5712902e-02;2.1750000e+02;1.3982217e-01;2.1750000e+02;2.0467149e-01;2.1750000e+02;2.3290092e-01;2.1750000e+02;2.1873601e-01;2.1750000e+02;2.0818496e-01;2.1750000e+02;1.4286081e-01;2.1750000e+02;7.8586251e-02;2.1750000e+02;2.3808405e-02;2.1750000e+02;-2.3919851e-02;2.1750000e+02;-6.8140566e-02;2.1750000e+02;-1.1166080e-01;2.1750000e+02;-1.5463006e-01;2.1750000e+02;-1.9720453e-01;2.1750000e+02;-8.6919911e-02;2.1750000e+02;-7.0158780e-02;2.1750000e+02;-3.1773318e-02;2.1750000e+02;2.3264367e-02;2.1750000e+02;8.5712902e-02;2.1750000e+02;1.3982217e-01;2.1750000e+02;2.0467149e-01;2.1750000e+02;2.3290092e-01;2.1750000e+02;2.1873601e-01;2.1750000e+02;2.0818496e-01;2.1750000e+02;1.4286081e-01;2.1750000e+02;7.8586251e-02;2.1750000e+02;2.3808405e-02;2.1750000e+02;-2.3919851e-02;2.1750000e+02;-6.8140566e-02;2.1750000e+02;-1.1166080e-01;2.1750000e+02;-1.5463006e-01;2.1750000e+02;-1.9720453e-01;2.1750000e+02;-8.6919911e-02;2.1750000e+02;-7.0158780e-02;2.1750000e+02;-3.1773318e-02;2.1750000e+02;2.3264367e-02;2.1750000e+02;8.5712902e-02;2.1750000e+02;1.3982217e-01;2.1750000e+02;2.0467149e-01;2.1750000e+02;2.3290092e-01;2.1750000e+02;2.1873601e-01;2.1750000e+02;2.0818496e-01;2.1750000e+02;1.4286081e-01;2.1750000e+02;7.8586251e-02;2.1750000e+02;2.3808405e-02;2.1750000e+02;-2.3919851e-02;2.1750000e+02;-6.8140566e-02;2.1750000e+02;-1.1166080e-01;2.1750000e+02;-1.5463006e-01;2.1750000e+02;-1.9720453e-01;2.1750000e+02;-8.6919911e-02;2.1750000e+02;-7.0158780e-02;2.1750000e+02;-3.1773318e-02;2.1750000e+02;2.3264367e-02;2.1750000e+02;8.5712902e-02;2.1750000e+02;1.3982217e-01;2.1750000e+02;2.0467149e-01;2.1750000e+02;2.3290092e-01;2.1750000e+02;2.1873601e-01;2.1750000e+02;2.0818496e-01;2.1750000e+02;1.4286081e-01;2.1750000e+02;7.8586251e-02;2.1750000e+02;2.3808405e-02;2.1750000e+02;-2.3919851e-02;2.1750000e+02;-6.8140566e-02;2.1750000e+02;-1.1166080e-01;2.1750000e+02;-1.5463006e-01;2.1750000e+02;-1.9720453e-01;2.1750000e+02;-8.6919911e-02;2.1750000e+02;-7.0158780e-02;2.1750000e+02;-3.1773318e-02;2.1750000e+02;2.3264367e-02;2.1750000e+02;8.5712902e-02;2.1750000e+02;1.3982217e-01;2.1750000e+02;2.0467149e-01;2.1750000e+02;2.3290092e-01;2.1750000e+02;2.1873601e-01;2.1750000e+02;2.0818496e-01;2.1750000e+02;1.4286081e-01;2.1750000e+02;7.8586251e-02;2.1750000e+02;2.3808405e-02;2.1750000e+02;-2.3919851e-02;2.1750000e+02;-6.8140566e-02;2.1750000e+02;-1.1166080e-01;2.1750000e+02;-1.5463006e-01;2.1750000e+02;-1.9720453e-01;2.1750000e+02;-8.6919911e-02;2.1750000e+02;-7.0158780e-02;2.1750000e+02;-3.1773318e-02;2.1750000e+02;2.3264367e-02;2.1750000e+02;8.5712902e-02;2.1750000e+02;1.3982217e-01;2.1750000e+02;2.0467149e-01;2.1750000e+02;2.3290092e-01;2.1750000e+02;2.1873601e-01;2.1750000e+02;2.0818496e-01;2.1750000e+02;1.4286081e-01;2.1750000e+02;7.8586251e-02;2.1750000e+02;2.3808405e-02;2.1750000e+02;-2.3919851e-02;2.1750000e+02;-6.8140566e-02;2.1750000e+02;-1.1166080e-01;2.1750000e+02;-1.5463006e-01;2.1750000e+02;-1.9720453e-01;2.1750000e+02;-8.6919911e-02;2.1750000e+02;-7.0158780e-02;2.1750000e+02;-3.1773318e-02;2.1750000e+02;2.3264367e-02;2.1750000e+02;8.5712902e-02;2.1750000e+02;1.3982217e-01;2.1750000e+02;2.0467149e-01;2.1750000e+02;2.3290092e-01;2.1750000e+02;2.1873601e-01;2.1750000e+02;2.0818496e-01;2.1750000e+02;1.4286081e-01;2.1750000e+02;7.8586251e-02;2.1750000e+02;2.3808405e-02;2.1750000e+02;-2.3919851e-02;2.1750000e+02;-6.8140566e-02;2.1750000e+02;-1.1166080e-01;2.1750000e+02;-1.5463006e-01;2.1750000e+02;-1.9720453e-01;2.1750000e+02;-8.6919911e-02;2.1750000e+02;-7.0158780e-02;2.1750000e+02;-3.1773318e-02;2.1750000e+02;2.3264367e-02;2.1750000e+02;8.5712902e-02;2.1750000e+02;1.3982217e-01;2.1750000e+02;2.0467149e-01;2.1750000e+02;2.3290092e-01;2.1750000e+02;2.1873601e-01;2.1750000e+02;2.0818496e-01;2.1750000e+02;1.4286081e-01;2.1750000e+02;7.8586251e-02;2.1750000e+02;2.3808405e-02;2.1750000e+02;-2.3919851e-02;2.1750000e+02;-6.8140566e-02;2.1750000e+02;-1.1166080e-01;2.1750000e+02;-1.5463006e-01;2.1750000e+02;-1.9720453e-01;2.1750000e+02;-8.6919911e-02;2.1750000e+02;-7.0158780e-02;2.1750000e+02;-3.1773318e-02;2.1750000e+02;2.3264367e-02;2.1750000e+02;8.5712902e-02;2.1750000e+02;1.3982217e-01;2.1750000e+02;2.0467149e-01;2.1750000e+02;2.3290092e-01;2.1750000e+02;2.1873601e-01;2.1750000e+02;2.0818496e-01;2.1750000e+02;1.4286081e-01;2.1750000e+02;7.8586251e-02;2.1750000e+02;2.3808405e-02;2.1750000e+02;-2.3919851e-02;2.1750000e+02;-6.8140566e-02;2.1750000e+02;-1.1166080e-01;2.1750000e+02;-1.5463006e-01;2.1750000e+02;-1.9720453e-01;2.1750000e+02;-8.6919911e-02;2.1750000e+02;-7.0158780e-02;2.1750000e+02;-3.1773318e-02;2.1750000e+02;2.3264367e-02;2.1750000e+02;8.5712902e-02;2.1750000e+02;1.3982217e-01;2.1750000e+02;2.0467149e-01;2.1750000e+02;2.3290092e-01;2.1750000e+02;2.1873601e-01;2.1750000e+02;2.0818496e-01;2.1750000e+02;1.4286081e-01;2.1750000e+02;7.8586251e-02;2.1750000e+02;2.3808405e-02;2.1750000e+02;-2.3919851e-02;2.1750000e+02;-6.8140566e-02;2.1750000e+02;-1.1166080e-01;2.1750000e+02;-1.5463006e-01;2.1750000e+02;-1.9720453e-01;2.1750000e+02;-8.6919911e-02;2.1750000e+02;-7.0158780e-02;2.1750000e+02;-3.1773318e-02;2.1750000e+02;2.3264367e-02;2.1750000e+02;8.5712902e-02;2.1750000e+02;1.3982217e-01;2.1750000e+02;2.0467149e-01;2.1750000e+02;2.3290092e-01;2.1750000e+02;2.1873601e-01;2.1750000e+02;2.0818496e-01;2.1750000e+02;1.4286081e-01;2.1750000e+02;7.8586251e-02;2.1750000e+02;2.3808405e-02;2.1750000e+02;-2.3919851e-02;2.1750000e+02;-6.8140566e-02;2.1750000e+02;-1.1166080e-01;2.1750000e+02;-1.5463006e-01;2.1750000e+02;-1.9720453e-01;2.1750000e+02;-8.6919911e-02;2.1750000e+02;-7.0158780e-02;2.1750000e+02;-3.1773318e-02;2.1750000e+02;2.3264367e-02;2.1750000e+02;8.5712902e-02;2.1750000e+02;1.3982217e-01;2.1750000e+02;2.0467149e-01;2.1750000e+02;2.3290092e-01;2.1750000e+02;2.1873601e-01;2.1750000e+02;2.0818496e-01;2.1750000e+02;1.4286081e-01;2.1750000e+02;7.8586251e-02;2.1750000e+02;2.3808405e-02;2.1750000e+02;-2.3919851e-02;2.1750000e+02;-6.8140566e-02;2.1750000e+02;-1.1166080e-01;2.1750000e+02;-1.5463006e-01;2.1750000e+02;-1.9720453e-01;2.1750000e+02;-8.6919911e-02;2.1750000e+02;-7.0158780e-02;2.1750000e+02;-3.1773318e-02;2.1750000e+02;2.3264367e-02;2.1750000e+02;8.5712902e-02;2.1750000e+02;1.3982217e-01;2.1750000e+02;2.0467149e-01;2.1750000e+02;2.3290092e-01;2.1750000e+02;2.1873601e-01;2.1750000e+02;2.0818496e-01;2.1750000e+02;1.4286081e-01;2.1750000e+02;7.8586251e-02;2.1750000e+02;2.3808405e-02;2.1750000e+02;-2.3919851e-02;2.1750000e+02;-6.8140566e-02;2.1750000e+02;-1.1166080e-01;2.1750000e+02;-1.5463006e-01;2.1750000e+02;-1.9720453e-01;2.1750000e+02;-8.6919911e-02;2.1750000e+02;-7.0158780e-02;2.1750000e+02;-3.1773318e-02;2.1750000e+02;2.3264367e-02;2.1750000e+02;8.5712902e-02;2.1750000e+02;1.3982217e-01;2.1750000e+02;2.0467149e-01;2.1750000e+02;2.3290092e-01;2.1750000e+02;2.1873601e-01;2.1750000e+02;2.0818496e-01;2.1750000e+02;1.4286081e-01;2.1750000e+02;7.8586251e-02;2.1750000e+02;2.3808405e-02;2.1750000e+02;-2.3919851e-02;2.1750000e+02;-6.8140566e-02;2.1750000e+02;-1.1166080e-01;2.1750000e+02;-1.5463006e-01;2.1750000e+02;-1.9720453e-01;2.1750000e+02;-8.6919911e-02;2.1750000e+02;-7.0158780e-02;2.1750000e+02;-3.1773318e-02;2.1750000e+02;2.3264367e-02;2.1750000e+02;8.5712902e-02;2.1750000e+02;1.3982217e-01;2.1750000e+02;2.0467149e-01;2.1750000e+02;2.3290092e-01;2.1750000e+02;2.1873601e-01;2.1750000e+02;2.0818496e-01;2.1750000e+02;1.4286081e-01;2.1750000e+02;7.8586251e-02;2.1750000e+02;2.3808405e-02;2.1750000e+02;-2.3919851e-02;2.1750000e+02;-6.8140566e-02;2.1750000e+02;-1.1166080e-01;2.1750000e+02;-1.5463006e-01;2.1750000e+02;-1.9720453e-01;2.1750000e+02;-8.6919911e-02;2.1750000e+02;-7.0158780e-02;2.1750000e+02;-3.1773318e-02;2.1750000e+02;2.3264367e-02;2.1750000e+02;8.5712902e-02;2.1750000e+02;1.3982217e-01;2.1750000e+02;2.0467149e-01;2.1750000e+02;2.3290092e-01;2.1750000e+02;2.1873601e-01;2.1750000e+02;2.0818496e-01;2.1750000e+02;1.4286081e-01;2.1750000e+02;7.8586251e-02;2.1750000e+02;2.3808405e-02;2.1750000e+02;-2.3919851e-02;2.1750000e+02;-6.8140566e-02;2.1750000e+02;-1.1166080e-01;2.1750000e+02;-1.5463006e-01;2.1750000e+02;-1.9720453e-01;2.1750000e+02;-8.6919911e-02;2.1750000e+02;-7.0158780e-02;2.1750000e+02;-3.1773318e-02;2.1750000e+02;2.3264367e-02;2.1750000e+02;8.5712902e-02;2.1750000e+02;1.3982217e-01;2.1750000e+02;2.0467149e-01;2.1750000e+02;2.3290092e-01;2.1750000e+02;2.1873601e-01;2.1750000e+02;2.0818496e-01;2.1750000e+02;1.4286081e-01;2.1750000e+02;7.8586251e-02;2.1750000e+02;2.3808405e-02;2.1750000e+02;-2.3919851e-02;2.1750000e+02;-6.8140566e-02;2.1750000e+02;-1.1166080e-01;2.1750000e+02;-1.5463006e-01;2.1750000e+02;-1.9720453e-01;2.1750000e+02;-8.6919911e-02;2.1750000e+02;-7.0158780e-02;2.1750000e+02;-3.1773318e-02;2.1750000e+02;2.3264367e-02;2.1750000e+02;8.5712902e-02;2.1750000e+02;1.3982217e-01;2.1750000e+02;2.0467149e-01;2.1750000e+02;2.3290092e-01;2.1750000e+02;2.1873601e-01;2.1750000e+02;2.0818496e-01;2.1750000e+02;1.4286081e-01;2.1750000e+02;7.8586251e-02;2.1750000e+02;2.3808405e-02;2.1750000e+02;-2.3919851e-02;2.1750000e+02;-6.8140566e-02;2.1750000e+02;-1.1166080e-01;2.1750000e+02;-1.5463006e-01;2.1750000e+02;-1.9720453e-01;2.1750000e+02;-8.6919911e-02;2.1750000e+02;-7.0158780e-02;2.1750000e+02;-3.1773318e-02;2.1750000e+02;2.3264367e-02;2.1750000e+02;8.5712902e-02;2.1750000e+02;1.3982217e-01;2.1750000e+02;2.0467149e-01;2.1750000e+02;2.3290092e-01;2.1750000e+02;2.1873601e-01;2.1750000e+02;2.0818496e-01;2.1750000e+02;1.4286081e-01;2.1750000e+02;7.8586251e-02;2.1750000e+02;2.3808405e-02;2.1750000e+02;-2.3919851e-02;2.1750000e+02;-6.8140566e-02;2.1750000e+02;-1.1166080e-01;2.1750000e+02;-1.5463006e-01;2.1750000e+02;-1.9720453e-01;2.1750000e+02;-8.6919911e-02;2.1750000e+02;-7.0158780e-02;2.1750000e+02;-3.1773318e-02;2.1750000e+02;2.3264367e-02;2.1750000e+02;8.5712902e-02;2.1750000e+02;1.3982217e-01;2.1750000e+02;2.0467149e-01;2.1750000e+02;2.3290092e-01;2.1750000e+02;2.1873601e-01;2.1750000e+02;2.0818496e-01;2.1750000e+02;1.4286081e-01;2.1750000e+02;7.8586251e-02;2.1750000e+02;2.3808405e-02;2.1750000e+02;-2.3919851e-02;2.1750000e+02;-6.8140566e-02;2.1750000e+02;-1.1166080e-01;2.1750000e+02;-1.5463006e-01;2.1750000e+02;-1.9720453e-01;2.1750000e+02;-8.6919911e-02;2.1750000e+02;-7.0158780e-02;2.1750000e+02;-3.1773318e-02;2.1750000e+02;2.3264367e-02;2.1750000e+02;8.5712902e-02;2.1750000e+02;1.3982217e-01;2.1750000e+02;2.0467149e-01;2.1750000e+02;2.3290092e-01;2.1750000e+02;2.1873601e-01;2.1750000e+02;2.0818496e-01;2.1750000e+02;1.4286081e-01;2.1750000e+02;7.8586251e-02;2.1750000e+02;2.3808405e-02;2.1750000e+02;-2.3919851e-02;2.1750000e+02;-6.8140566e-02;2.1750000e+02;-1.1166080e-01;2.1750000e+02;-1.5463006e-01;2.1750000e+02;-1.9720453e-01;2.1750000e+02;-8.6919911e-02;2.1750000e+02;-7.0158780e-02;2.1750000e+02;-3.1773318e-02;2.1750000e+02;2.3264367e-02;2.1750000e+02;8.5712902e-02;2.1750000e+02;1.3982217e-01;2.1750000e+02;2.0467149e-01;2.1750000e+02;2.3290092e-01;2.1750000e+02;2.1873601e-01;2.1750000e+02;2.0818496e-01;2.1750000e+02;1.4286081e-01;2.1750000e+02;7.8586251e-02;2.1750000e+02;2.3808405e-02;2.1750000e+02;-2.3919851e-02;2.1750000e+02;-6.8140566e-02;2.1750000e+02;-1.1166080e-01;2.1750000e+02;-1.5463006e-01;2.1750000e+02;-1.9720453e-01;2.1750000e+02;-8.6919911e-02;2.1750000e+02;-7.0158780e-02;2.1750000e+02;-3.1773318e-02;2.1750000e+02;2.3264367e-02;2.1750000e+02;8.5712902e-02;2.1750000e+02;1.3982217e-01;2.1750000e+02;2.0467149e-01;2.1750000e+02;2.3290092e-01;2.1750000e+02;2.1873601e-01;2.1750000e+02;2.0818496e-01;2.1750000e+02;1.4286081e-01;2.1750000e+02;7.8586251e-02;2.1750000e+02;2.3808405e-02;2.1750000e+02;-2.3919851e-02;2.1750000e+02;-6.8140566e-02;2.1750000e+02;-1.1166080e-01;2.1750000e+02;-1.5463006e-01;2.1750000e+02;-1.9720453e-01;2.1750000e+02;-8.6919911e-02;2.1750000e+02;-7.0158780e-02;2.1750000e+02;-3.1773318e-02;2.1750000e+02;2.3264367e-02;2.1750000e+02;8.5712902e-02;2.1750000e+02;1.3982217e-01;2.1750000e+02;2.0467149e-01;2.1750000e+02;2.3290092e-01;2.1750000e+02;2.1873601e-01;2.1750000e+02;2.0818496e-01;2.1750000e+02;1.4286081e-01;2.1750000e+02;7.8586251e-02;2.1750000e+02;2.3808405e-02;2.1750000e+02;-2.3919851e-02;2.1750000e+02;-6.8140566e-02;2.1750000e+02;-1.1166080e-01;2.1750000e+02;-1.5463006e-01;2.1750000e+02;-1.9720453e-01;2.1750000e+02;-8.6919911e-02;2.1750000e+02;-7.0158780e-02;2.1750000e+02;-3.1773318e-02;2.1750000e+02;2.3264367e-02;2.1750000e+02;8.5712902e-02;2.1750000e+02;1.3982217e-01;2.1750000e+02;2.0467149e-01;2.1750000e+02;2.3290092e-01;2.1750000e+02;2.1873601e-01;2.1750000e+02;2.0818496e-01;2.1750000e+02;1.4286081e-01;2.1750000e+02;7.8586251e-02;2.1750000e+02;2.3808405e-02;2.1750000e+02;-2.3919851e-02;2.1750000e+02;-6.8140566e-02;2.1750000e+02;-1.1166080e-01;2.1750000e+02;-1.5463006e-01;2.1750000e+02;-1.9720453e-01;2.1750000e+02;-8.6919911e-02;2.1750000e+02;-7.0158780e-02;2.1750000e+02;-3.1773318e-02;2.1750000e+02;2.3264367e-02;2.1750000e+02;8.5712902e-02;2.1750000e+02;1.3982217e-01;2.1750000e+02;2.0467149e-01;2.1750000e+02;2.3290092e-01;2.1750000e+02;2.1873601e-01;2.1750000e+02;2.0818496e-01;2.1750000e+02;1.4286081e-01;2.1750000e+02;7.8586251e-02;2.1750000e+02;2.3808405e-02;2.1750000e+02;-2.3919851e-02;2.1750000e+02;-6.8140566e-02;2.1750000e+02;-1.1166080e-01;2.1750000e+02;-1.5463006e-01;2.1750000e+02;-1.9720453e-01;2.1750000e+02;-8.6919911e-02;2.1750000e+02;-7.0158780e-02;2.1750000e+02;-3.1773318e-02;2.1750000e+02;2.3264367e-02;2.1750000e+02;8.5712902e-02;2.1750000e+02;1.3982217e-01;2.1750000e+02;2.0467149e-01;2.1750000e+02;2.3290092e-01;2.1750000e+02;2.1873601e-01;2.1750000e+02;2.0818496e-01;2.1750000e+02;1.4286081e-01;2.1750000e+02;7.8586251e-02;2.1750000e+02;2.3808405e-02;2.1750000e+02;-2.3919851e-02;2.1750000e+02;-6.8140566e-02;2.1750000e+02;-1.1166080e-01;2.1750000e+02;-1.5463006e-01;2.1750000e+02;-1.9720453e-01;2.1750000e+02;-8.6919911e-02;2.1750000e+02;-7.0158780e-02;2.1750000e+02;-3.1773318e-02;2.1750000e+02;2.3264367e-02;2.1750000e+02;8.5712902e-02;2.1750000e+02;1.3982217e-01;2.1750000e+02;2.0467149e-01;2.1750000e+02;2.3290092e-01;2.1750000e+02;2.1873601e-01;2.1750000e+02;2.0818496e-01;2.1750000e+02;1.4286081e-01;2.1750000e+02;7.8586251e-02;2.1750000e+02;2.3808405e-02;2.1750000e+02;-2.3919851e-02;2.1750000e+02;-6.8140566e-02;2.1750000e+02;-1.1166080e-01;2.1750000e+02;-1.5463006e-01;2.1750000e+02;-1.9720453e-01;2.1750000e+02;-8.6919911e-02;2.1750000e+02;-7.0158780e-02;2.1750000e+02;-3.1773318e-02;2.1750000e+02;2.3264367e-02;2.1750000e+02;8.5712902e-02;2.1750000e+02;1.3982217e-01;2.1750000e+02;2.0467149e-01;2.1750000e+02;2.3290092e-01;2.1750000e+02;2.1873601e-01;2.1750000e+02;2.0818496e-01;2.1750000e+02;1.4286081e-01;2.1750000e+02;7.8586251e-02;2.1750000e+02;2.3808405e-02;2.1750000e+02;-2.3919851e-02;2.1750000e+02;-6.8140566e-02;2.1750000e+02;-1.1166080e-01;2.1750000e+02;-1.5463006e-01;2.1750000e+02;-1.9720453e-01;2.1750000e+02;-8.6919911e-02;2.1750000e+02;-7.0158780e-02;2.1750000e+02;-3.1773318e-02;2.1750000e+02;2.3264367e-02;2.1750000e+02;8.5712902e-02;2.1750000e+02;1.3982217e-01;2.1750000e+02;2.0467149e-01;2.1750000e+02;2.3290092e-01;2.1750000e+02;2.1873601e-01;2.1750000e+02;2.0818496e-01;2.1750000e+02;1.4286081e-01;2.1750000e+02;7.8586251e-02;2.1750000e+02;2.3808405e-02;2.1750000e+02;-2.3919851e-02;2.1750000e+02;-6.8140566e-02;2.1750000e+02;-1.1166080e-01;2.1750000e+02;-1.5463006e-01;2.1750000e+02;-1.9720453e-01;2.1750000e+02;-8.6919911e-02;2.1750000e+02;-7.0158780e-02;2.1750000e+02;-3.1773318e-02;2.1750000e+02;2.3264367e-02;2.1750000e+02;8.5712902e-02;2.1750000e+02;1.3982217e-01;2.1750000e+02;2.0467149e-01;2.1750000e+02;2.3290092e-01;2.1750000e+02;2.1873601e-01;2.1750000e+02;2.0818496e-01;2.1750000e+02;1.4286081e-01;2.1750000e+02;7.8586251e-02;2.1750000e+02;2.3808405e-02;2.1750000e+02;-2.3919851e-02;2.1750000e+02;-6.8140566e-02;2.1750000e+02;-1.1166080e-01;2.1750000e+02;-1.5463006e-01;2.1750000e+02;-1.9720453e-01;2.1750000e+02;-8.6919911e-02;2.1750000e+02;-7.0158780e-02;2.1750000e+02;-3.1773318e-02;2.1750000e+02;2.3264367e-02;2.1750000e+02;8.5712902e-02;2.1750000e+02;1.3982217e-01;2.1750000e+02;2.0467149e-01;2.1750000e+02;2.3290092e-01;2.1750000e+02;2.1873601e-01;2.1750000e+02;2.0818496e-01;2.1750000e+02;1.4286081e-01;2.1750000e+02;7.8586251e-02;2.1750000e+02;2.3808405e-02;2.1750000e+02;-2.3919851e-02;2.1750000e+02;-6.8140566e-02;2.1750000e+02;-1.1166080e-01;2.1750000e+02;-1.5463006e-01;2.1750000e+02;-1.9720453e-01;2.1750000e+02;-8.6919911e-02;2.1750000e+02;-7.0158780e-02;2.1750000e+02;-3.1773318e-02;2.1750000e+02;2.3264367e-02;2.1750000e+02;8.5712902e-02;2.1750000e+02;1.3982217e-01;2.1750000e+02;2.0467149e-01;2.1750000e+02;2.3290092e-01;2.1750000e+02;2.1873601e-01;2.1750000e+02;2.0818496e-01;2.1750000e+02;1.4286081e-01;2.1750000e+02;7.8586251e-02;2.1750000e+02;2.3808405e-02;2.1750000e+02;-2.3919851e-02;2.1750000e+02;-6.8140566e-02;2.1750000e+02;-1.1166080e-01;2.1750000e+02;-1.5463006e-01;2.1750000e+02;-1.9720453e-01;2.1750000e+02;-8.6919911e-02;2.1750000e+02;-7.0158780e-02;2.1750000e+02;-3.1773318e-02;2.1750000e+02;2.3264367e-02;2.1750000e+02;8.5712902e-02;2.1750000e+02;1.3982217e-01;2.1750000e+02;2.0467149e-01;2.1750000e+02;2.3290092e-01;2.1750000e+02;2.1873601e-01;2.1750000e+02;2.0818496e-01;2.1750000e+02;1.4286081e-01;2.1750000e+02;7.8586251e-02;2.1750000e+02;2.3808405e-02;2.1750000e+02;-2.3919851e-02;2.1750000e+02;-6.8140566e-02;2.1750000e+02;-1.1166080e-01;2.1750000e+02;-1.5463006e-01;2.1750000e+02;-1.9720453e-01;2.1750000e+02;-8.6919911e-02;2.1750000e+02;-7.0158780e-02;2.1750000e+02;-3.1773318e-02;2.1750000e+02;2.3264367e-02;2.1750000e+02;8.5712902e-02;2.1750000e+02;1.3982217e-01;2.1750000e+02;2.0467149e-01;2.1750000e+02;2.3290092e-01;2.1750000e+02;2.1873601e-01;2.1750000e+02;2.0818496e-01;2.1750000e+02;1.4286081e-01;2.1750000e+02;7.8586251e-02;2.1750000e+02;2.3808405e-02;2.1750000e+02;-2.3919851e-02;2.1750000e+02;-6.8140566e-02;2.1750000e+02;-1.1166080e-01;2.1750000e+02;-1.5463006e-01;2.1750000e+02;-1.9720453e-01;2.1750000e+02;-8.6919911e-02;2.1750000e+02;-7.0158780e-02;2.1750000e+02;-3.1773318e-02;2.1750000e+02;2.3264367e-02;2.1750000e+02;8.5712902e-02;2.1750000e+02;1.3982217e-01;2.1750000e+02;2.0467149e-01;2.1750000e+02;2.3290092e-01;2.1750000e+02;2.1873601e-01;2.1750000e+02;2.0818496e-01;2.1750000e+02;1.4286081e-01;2.1750000e+02;7.8586251e-02;2.1750000e+02;2.3808405e-02;2.1750000e+02;-2.3919851e-02;2.1750000e+02;-6.8140566e-02;2.1750000e+02;-1.1166080e-01;2.1750000e+02;-1.5463006e-01;2.1750000e+02;-1.9720453e-01;2.1750000e+02;-8.6919911e-02;2.1750000e+02;-7.0158780e-02;2.1750000e+02;-3.1773318e-02;2.1750000e+02;2.3264367e-02;2.1750000e+02;8.5712902e-02;2.1750000e+02;1.3982217e-01;2.1750000e+02;2.0467149e-01;2.1750000e+02;2.3290092e-01;2.1750000e+02;2.1873601e-01;2.1750000e+02;2.0818496e-01;2.1750000e+02;1.4286081e-01;2.1750000e+02;7.8586251e-02;2.1750000e+02;2.3808405e-02;2.1750000e+02;-2.3919851e-02;2.1750000e+02;-6.8140566e-02;2.1750000e+02;-1.1166080e-01;2.1750000e+02;-1.5463006e-01;2.1750000e+02;-1.9720453e-01;2.1750000e+02;-8.6919911e-02;2.1750000e+02;-7.0158780e-02;2.1750000e+02;-3.1773318e-02;2.1750000e+02;2.3264367e-02;2.1750000e+02;8.5712902e-02;2.1750000e+02;1.3982217e-01;2.1750000e+02;2.0467149e-01;2.1750000e+02;2.3290092e-01;2.1750000e+02;2.1873601e-01;2.1750000e+02;2.0818496e-01;2.1750000e+02;1.4286081e-01;2.1750000e+02;7.8586251e-02;2.1750000e+02;2.3808405e-02;2.1750000e+02;-2.3919851e-02;2.1750000e+02;-6.8140566e-02;2.1750000e+02;-1.1166080e-01;2.1750000e+02;-1.5463006e-01;2.1750000e+02;-1.9720453e-01;2.1750000e+02;-8.6919911e-02;2.1750000e+02;-7.0158780e-02;2.1750000e+02;-3.1773318e-02;2.1750000e+02;2.3264367e-02;2.1750000e+02;8.5712902e-02;2.1750000e+02;1.3982217e-01;2.1750000e+02;2.0467149e-01;2.1750000e+02;2.3290092e-01;2.1750000e+02;2.1873601e-01;2.1750000e+02;2.0818496e-01;2.1750000e+02;1.4286081e-01;2.1750000e+02;7.8586251e-02;2.1750000e+02;2.3808405e-02;2.1750000e+02;-2.3919851e-02;2.1750000e+02;-6.8140566e-02;2.1750000e+02;-1.1166080e-01;2.1750000e+02;-1.5463006e-01;2.1750000e+02;-1.9720453e-01;2.1750000e+02;-8.6919911e-02;2.1750000e+02;-7.0158780e-02;2.1750000e+02;-3.1773318e-02;2.1750000e+02;2.3264367e-02;2.1750000e+02;8.5712902e-02;2.1750000e+02;1.3982217e-01;2.1750000e+02;2.0467149e-01;2.1750000e+02;2.3290092e-01;2.1750000e+02;2.1873601e-01;2.1750000e+02;2.0818496e-01;2.1750000e+02;1.4286081e-01;2.1750000e+02;7.8586251e-02;2.1750000e+02;2.3808405e-02;2.1750000e+02;-2.3919851e-02;2.1750000e+02;-6.8140566e-02;2.1750000e+02;-1.1166080e-01;2.1750000e+02;-1.5463006e-01;2.1750000e+02;-1.9720453e-01;2.1750000e+02;-8.6919911e-02;2.1750000e+02;-7.0158780e-02;2.1750000e+02;-3.1773318e-02;2.1750000e+02;2.3264367e-02;2.1750000e+02;8.5712902e-02;2.1750000e+02;1.3982217e-01;2.1750000e+02;2.0467149e-01;2.1750000e+02;2.3290092e-01;2.1750000e+02;2.1873601e-01;2.1750000e+02;2.0818496e-01;2.1750000e+02;1.4286081e-01;2.1750000e+02;7.8586251e-02;2.1750000e+02;2.3808405e-02;2.1750000e+02;-2.3919851e-02;2.1750000e+02;-6.8140566e-02;2.1750000e+02;-1.1166080e-01;2.1750000e+02;-1.5463006e-01;2.1750000e+02;-1.9720453e-01;2.1750000e+02;-8.6919911e-02;2.1750000e+02;-7.0158780e-02;2.1750000e+02;-3.1773318e-02;2.1750000e+02;2.3264367e-02;2.1750000e+02;8.5712902e-02;2.1750000e+02;1.3982217e-01;2.1750000e+02;2.0467149e-01;2.1750000e+02;2.3290092e-01;2.1750000e+02;2.1873601e-01;2.1750000e+02;2.0818496e-01;2.1750000e+02;1.4286081e-01;2.1750000e+02;7.8586251e-02;2.1750000e+02;2.3808405e-02;2.1750000e+02;-2.3919851e-02;2.1750000e+02;-6.8140566e-02;2.1750000e+02;-1.1166080e-01;2.1750000e+02;-1.5463006e-01;2.1750000e+02;-1.9720453e-01;2.1750000e+02;-8.6919911e-02;2.1750000e+02;-7.0158780e-02;2.1750000e+02;-3.1773318e-02;2.1750000e+02;2.3264367e-02;2.1750000e+02;8.5712902e-02;2.1750000e+02;1.3982217e-01;2.1750000e+02;2.0467149e-01;2.1750000e+02;2.3290092e-01;2.1750000e+02;2.1873601e-01;2.1750000e+02;2.0818496e-01;2.1750000e+02;1.4286081e-01;2.1750000e+02;7.8586251e-02;2.1750000e+02;2.3808405e-02;2.1750000e+02;-2.3919851e-02;2.1750000e+02;-6.8140566e-02;2.1750000e+02;-1.1166080e-01;2.1750000e+02;-1.5463006e-01;2.1750000e+02;-1.9720453e-01;2.1750000e+02;-8.6919911e-02;2.1750000e+02;-7.0158780e-02;2.1750000e+02;-3.1773318e-02;2.1750000e+02;2.3264367e-02;2.1750000e+02;8.5712902e-02;2.1750000e+02;1.3982217e-01;2.1750000e+02;2.0467149e-01;2.1750000e+02;2.3290092e-01;2.1750000e+02;2.1873601e-01;2.1750000e+02;2.0818496e-01;2.1750000e+02;1.4286081e-01;2.1750000e+02;7.8586251e-02;2.1750000e+02;2.3808405e-02;2.1750000e+02;-2.3919851e-02;2.1750000e+02;-6.8140566e-02;2.1750000e+02;-1.1166080e-01;2.1750000e+02;-1.5463006e-01;2.1750000e+02;-1.9720453e-01;2.1750000e+02;-8.6919911e-02;2.1750000e+02;-7.0158780e-02;2.1750000e+02;-3.1773318e-02;2.1750000e+02;2.3264367e-02;2.1750000e+02;8.5712902e-02;2.1750000e+02;1.3982217e-01;2.1750000e+02;2.0467149e-01;2.1750000e+02;2.3290092e-01;2.1750000e+02;2.1873601e-01;2.1750000e+02;2.0818496e-01;2.1750000e+02;1.4286081e-01;2.1750000e+02;7.8586251e-02;2.1750000e+02;2.3808405e-02;2.1750000e+02;-2.3919851e-02;2.1750000e+02;-6.8140566e-02;2.1750000e+02;-1.1166080e-01;2.1750000e+02;-1.5463006e-01;2.1750000e+02;-1.9720453e-01;2.1750000e+02;-8.6919911e-02;2.1750000e+02;-7.0158780e-02;2.1750000e+02;-3.1773318e-02;2.1750000e+02;2.3264367e-02;2.1750000e+02;8.5712902e-02;2.1750000e+02;1.3982217e-01;2.1750000e+02;2.0467149e-01;2.1750000e+02;2.3290092e-01;2.1750000e+02;2.1873601e-01;2.1750000e+02;2.0818496e-01;2.1750000e+02;1.4286081e-01;2.1750000e+02;7.8586251e-02;2.1750000e+02;2.3808405e-02;2.1750000e+02;-2.3919851e-02;2.1750000e+02;-6.8140566e-02;2.1750000e+02;-1.1166080e-01;2.1750000e+02;-1.5463006e-01;2.1750000e+02;-1.9720453e-01;2.1750000e+02;-8.6919911e-02;2.1750000e+02;-7.0158780e-02;2.1750000e+02;-3.1773318e-02;2.1750000e+02;2.3264367e-02;2.1750000e+02;8.5712902e-02;2.1750000e+02;1.3982217e-01;2.1750000e+02;2.0467149e-01;2.1750000e+02;2.3290092e-01;2.1750000e+02;2.1873601e-01;2.1750000e+02;2.0818496e-01;2.1750000e+02;1.4286081e-01;2.1750000e+02;7.8586251e-02;2.1750000e+02;2.3808405e-02;2.1750000e+02;-2.3919851e-02;2.1750000e+02;-6.8140566e-02;2.1750000e+02;-1.1166080e-01;2.1750000e+02;-1.5463006e-01;2.1750000e+02;-1.9720453e-01;2.1750000e+02;-8.6919911e-02;2.1750000e+02;-7.0158780e-02;2.1750000e+02;-3.1773318e-02;2.1750000e+02;2.3264367e-02;2.1750000e+02;8.5712902e-02;2.1750000e+02;1.3982217e-01;2.1750000e+02;2.0467149e-01;2.1750000e+02;2.3290092e-01;2.1750000e+02;2.1873601e-01;2.1750000e+02;2.0818496e-01;2.1750000e+02;1.4286081e-01;2.1750000e+02;7.8586251e-02;2.1750000e+02;2.3808405e-02;2.1750000e+02;-2.3919851e-02;2.1750000e+02;-6.8140566e-02;2.1750000e+02;-1.1166080e-01;2.1750000e+02;-1.5463006e-01;2.1750000e+02;-1.9720453e-01;2.1750000e+02;-8.6919911e-02;2.1750000e+02;-7.0158780e-02;2.1750000e+02;-3.1773318e-02;2.1750000e+02;2.3264367e-02;2.1750000e+02;8.5712902e-02;2.1750000e+02;1.3982217e-01;2.1750000e+02;2.0467149e-01;2.1750000e+02;2.3290092e-01;2.1750000e+02;2.1873601e-01;2.1750000e+02;2.0818496e-01;2.1750000e+02;1.4286081e-01;2.1750000e+02;7.8586251e-02;2.1750000e+02;2.3808405e-02;2.1750000e+02;-2.3919851e-02;2.1750000e+02;-6.8140566e-02;2.1750000e+02;-1.1166080e-01;2.1750000e+02;-1.5463006e-01;2.1750000e+02;-1.9720453e-01;2.1750000e+02;-8.6919911e-02;2.1750000e+02;-7.0158780e-02;2.1750000e+02;-3.1773318e-02;2.1750000e+02;2.3264367e-02;2.1750000e+02;8.5712902e-02;2.1750000e+02;1.3982217e-01;2.1750000e+02;2.0467149e-01;2.1750000e+02;2.3290092e-01;2.1750000e+02;2.1873601e-01;2.1750000e+02;2.0818496e-01;2.1750000e+02;1.4286081e-01;2.1750000e+02;7.8586251e-02;2.1750000e+02;2.3808405e-02;2.1750000e+02;-2.3919851e-02;2.1750000e+02;-6.8140566e-02;2.1750000e+02;-1.1166080e-01;2.1750000e+02;-1.5463006e-01;2.1750000e+02;-1.9720453e-01;2.1750000e+02;-8.6919911e-02;2.1750000e+02;-7.0158780e-02;2.1750000e+02;-3.1773318e-02;2.1750000e+02;2.3264367e-02;2.1750000e+02;8.5712902e-02;2.1750000e+02;1.3982217e-01;2.1750000e+02;2.0467149e-01;2.1750000e+02;2.3290092e-01;2.1750000e+02;2.1873601e-01;2.1750000e+02;2.0818496e-01;2.1750000e+02;1.4286081e-01;2.1750000e+02;7.8586251e-02;2.1750000e+02;2.3808405e-02;2.1750000e+02;-2.3919851e-02;2.1750000e+02;-6.8140566e-02;2.1750000e+02;-1.1166080e-01;2.1750000e+02;-1.5463006e-01;2.1750000e+02;-1.9720453e-01;2.1750000e+02;-8.6919911e-02;2.1750000e+02;-7.0158780e-02;2.1750000e+02;-3.1773318e-02;2.1750000e+02;2.3264367e-02;2.1750000e+02;8.5712902e-02;2.1750000e+02;1.3982217e-01;2.1750000e+02;2.0467149e-01;2.1750000e+02;2.3290092e-01;2.1750000e+02;2.1873601e-01;2.1750000e+02;2.0818496e-01;2.1750000e+02;1.4286081e-01;2.1750000e+02;7.8586251e-02;2.1750000e+02;2.3808405e-02;2.1750000e+02;-2.3919851e-02;2.1750000e+02;-6.8140566e-02;2.1750000e+02;-1.1166080e-01;2.1750000e+02;-1.5463006e-01;2.1750000e+02;-1.9720453e-01;2.1750000e+02;-8.6919911e-02;2.1750000e+02;-7.0158780e-02;2.1750000e+02;-3.1773318e-02;2.1750000e+02;2.3264367e-02;2.1750000e+02;8.5712902e-02;2.1750000e+02;1.3982217e-01;2.1750000e+02;2.0467149e-01;2.1750000e+02;2.3290092e-01;2.1750000e+02;2.1873601e-01;2.1750000e+02;2.0818496e-01;2.1750000e+02;1.4286081e-01;2.1750000e+02;7.8586251e-02;2.1750000e+02;2.3808405e-02;2.1750000e+02;-2.3919851e-02;2.1750000e+02;-6.8140566e-02;2.1750000e+02;-1.1166080e-01;2.1750000e+02;-1.5463006e-01;2.1750000e+02;-1.9720453e-01;2.1750000e+02;-8.6919911e-02;2.1750000e+02;-7.0158780e-02;2.1750000e+02;-3.1773318e-02;2.1750000e+02;2.3264367e-02;2.1750000e+02;8.5712902e-02;2.1750000e+02;1.3982217e-01;2.1750000e+02;2.0467149e-01;2.1750000e+02;2.3290092e-01;2.1750000e+02;2.1873601e-01;2.1750000e+02;2.0818496e-01;2.1750000e+02;1.4286081e-01;2.1750000e+02;7.8586251e-02;2.1750000e+02;2.3808405e-02;2.1750000e+02;-2.3919851e-02;2.1750000e+02;-6.8140566e-02;2.1750000e+02;-1.1166080e-01;2.1750000e+02;-1.5463006e-01;2.1750000e+02;-1.9720453e-01;2.1750000e+02;-8.6919911e-02;2.1750000e+02;-7.0158780e-02;2.1750000e+02;-3.1773318e-02;2.1750000e+02;2.3264367e-02;2.1750000e+02;8.5712902e-02;2.1750000e+02;1.3982217e-01;2.1750000e+02;2.0467149e-01;2.1750000e+02;2.3290092e-01;2.1750000e+02;2.1873601e-01;2.1750000e+02;2.0818496e-01;2.1750000e+02;1.4286081e-01;2.1750000e+02;7.8586251e-02;2.1750000e+02;2.3808405e-02;2.1750000e+02;-2.3919851e-02;2.1750000e+02;-6.8140566e-02;2.1750000e+02;-1.1166080e-01;2.1750000e+02;-1.5463006e-01;2.1750000e+02;-1.9720453e-01;2.1750000e+02;-8.6919911e-02;2.1750000e+02;-7.0158780e-02;2.1750000e+02;-3.1773318e-02;2.1750000e+02;2.3264367e-02;2.1750000e+02;8.5712902e-02;2.1750000e+02;1.3982217e-01;2.1750000e+02;2.0467149e-01;2.1750000e+02;2.3290092e-01;2.1750000e+02;2.1873601e-01;2.1750000e+02;2.0818496e-01;2.1750000e+02;1.4286081e-01;2.1750000e+02;7.8586251e-02;2.1750000e+02;2.3808405e-02;2.1750000e+02;-2.3919851e-02;2.1750000e+02;-6.8140566e-02;2.1750000e+02;-1.1166080e-01;2.1750000e+02;-1.5463006e-01;2.1750000e+02;-1.9720453e-01;2.1750000e+02;-8.6919911e-02;2.1750000e+02;-7.0158780e-02;2.1750000e+02;-3.1773318e-02;2.1750000e+02;2.3264367e-02;2.1750000e+02;8.5712902e-02;2.1750000e+02;1.3982217e-01;2.1750000e+02;2.0467149e-01;2.1750000e+02;2.3290092e-01;2.1750000e+02;2.1873601e-01;2.1750000e+02;2.0818496e-01;2.1750000e+02;1.4286081e-01;2.1750000e+02;7.8586251e-02;2.1750000e+02;2.3808405e-02;2.1750000e+02;-2.3919851e-02;2.1750000e+02;-6.8140566e-02;2.1750000e+02;-1.1166080e-01;2.1750000e+02;-1.5463006e-01;2.1750000e+02;-1.9720453e-01;2.1750000e+02;-8.6919911e-02;2.1750000e+02;-7.0158780e-02;2.1750000e+02;-3.1773318e-02;2.1750000e+02;2.3264367e-02;2.1750000e+02;8.5712902e-02;2.1750000e+02;1.3982217e-01;2.1750000e+02;2.0467149e-01;2.1750000e+02;2.3290092e-01;2.1750000e+02;2.1873601e-01;2.1750000e+02;2.0818496e-01;2.1750000e+02;1.4286081e-01;2.1750000e+02;7.8586251e-02;2.1750000e+02;2.3808405e-02;2.1750000e+02;-2.3919851e-02;2.1750000e+02;-6.8140566e-02;2.1750000e+02;-1.1166080e-01;2.1750000e+02;-1.5463006e-01;2.1750000e+02;-1.9720453e-01;2.1750000e+02;-8.6919911e-02;2.1750000e+02;-7.0158780e-02;2.1750000e+02;-3.1773318e-02;2.1750000e+02;2.3264367e-02;2.1750000e+02;8.5712902e-02;2.1750000e+02;1.3982217e-01;2.1750000e+02;2.0467149e-01;2.1750000e+02;2.3290092e-01;2.1750000e+02;2.1873601e-01;2.1750000e+02;2.0818496e-01;2.1750000e+02;1.4286081e-01;2.1750000e+02;7.8586251e-02;2.1750000e+02;2.3808405e-02;2.1750000e+02;-2.3919851e-02;2.1750000e+02;-6.8140566e-02;2.1750000e+02;-1.1166080e-01;2.1750000e+02;-1.5463006e-01;2.1750000e+02;-1.9720453e-01;2.1750000e+02;-8.6919911e-02;2.1750000e+02;-7.0158780e-02;2.1750000e+02;-3.1773318e-02;2.1750000e+02;2.3264367e-02;2.1750000e+02;8.5712902e-02;2.1750000e+02;1.3982217e-01;2.1750000e+02;2.0467149e-01;2.1750000e+02;2.3290092e-01;2.1750000e+02;2.1873601e-01;2.1750000e+02;2.0818496e-01;2.1750000e+02;1.4286081e-01;2.1750000e+02;7.8586251e-02;2.1750000e+02;2.3808405e-02;2.1750000e+02;-2.3919851e-02;2.1750000e+02;-6.8140566e-02;2.1750000e+02;-1.1166080e-01;2.1750000e+02;-1.5463006e-01;2.1750000e+02;-1.9720453e-01;2.1750000e+02;-8.6919911e-02;2.1750000e+02;-7.0158780e-02;2.1750000e+02;-3.1773318e-02;2.1750000e+02;2.3264367e-02;2.1750000e+02;8.5712902e-02;2.1750000e+02;1.3982217e-01;2.1750000e+02;2.0467149e-01;2.1750000e+02;2.3290092e-01;2.1750000e+02;2.1873601e-01;2.1750000e+02;2.0818496e-01;2.1750000e+02;1.4286081e-01;2.1750000e+02;7.8586251e-02;2.1750000e+02;2.3808405e-02;2.1750000e+02;-2.3919851e-02;2.1750000e+02;-6.8140566e-02;2.1750000e+02;-1.1166080e-01;2.1750000e+02;-1.5463006e-01;2.1750000e+02;-1.9720453e-01;2.1750000e+02;-8.6919911e-02;2.1750000e+02;-7.0158780e-02;2.1750000e+02;-3.1773318e-02;2.1750000e+02;2.3264367e-02;2.1750000e+02;8.5712902e-02;2.1750000e+02;1.3982217e-01;2.1750000e+02;2.0467149e-01;2.1750000e+02;2.3290092e-01;2.1750000e+02;2.1873601e-01;2.1750000e+02;2.0818496e-01;2.1750000e+02;1.4286081e-01;2.1750000e+02;7.8586251e-02;2.1750000e+02;2.3808405e-02;2.1750000e+02;-2.3919851e-02;2.1750000e+02;-6.8140566e-02;2.1750000e+02;-1.1166080e-01;2.1750000e+02;-1.5463006e-01;2.1750000e+02;-1.9720453e-01;2.1750000e+02;-8.6919911e-02;2.1750000e+02;-7.0158780e-02;2.1750000e+02;-3.1773318e-02;2.1750000e+02;2.3264367e-02;2.1750000e+02;8.5712902e-02;2.1750000e+02;1.3982217e-01;2.1750000e+02;2.0467149e-01;2.1750000e+02;2.3290092e-01;2.1750000e+02;2.1873601e-01;2.1750000e+02;2.0818496e-01;2.1750000e+02;1.4286081e-01;2.1750000e+02;7.8586251e-02;2.1750000e+02;2.3808405e-02;2.1750000e+02;-2.3919851e-02;2.1750000e+02;-6.8140566e-02;2.1750000e+02;-1.1166080e-01;2.1750000e+02;-1.5463006e-01;2.1750000e+02;-1.9720453e-01;2.1750000e+02;-8.6919911e-02;2.1750000e+02;-7.0158780e-02;2.1750000e+02;-3.1773318e-02;2.1750000e+02;2.3264367e-02;2.1750000e+02;8.5712902e-02;2.1750000e+02;1.3982217e-01;2.1750000e+02;2.0467149e-01;2.1750000e+02;2.3290092e-01;2.1750000e+02;2.1873601e-01;2.1750000e+02;2.0818496e-01;2.1750000e+02;1.4286081e-01;2.1750000e+02;7.8586251e-02;2.1750000e+02;2.3808405e-02;2.1750000e+02;-2.3919851e-02;2.1750000e+02;-6.8140566e-02;2.1750000e+02;-1.1166080e-01;2.1750000e+02;-1.5463006e-01;2.1750000e+02;-1.9720453e-01;2.1750000e+02;-8.6919911e-02;2.1750000e+02;-7.0158780e-02;2.1750000e+02;-3.1773318e-02;2.1750000e+02;2.3264367e-02;2.1750000e+02;8.5712902e-02;2.1750000e+02;1.3982217e-01;2.1750000e+02;2.0467149e-01;2.1750000e+02;2.3290092e-01;2.1750000e+02;2.1873601e-01;2.1750000e+02;2.0818496e-01;2.1750000e+02;1.4286081e-01;2.1750000e+02;7.8586251e-02;2.1750000e+02;2.3808405e-02;2.1750000e+02;-2.3919851e-02;2.1750000e+02;-6.8140566e-02;2.1750000e+02;-1.1166080e-01;2.1750000e+02;-1.5463006e-01;2.1750000e+02;-1.9720453e-01;2.1750000e+02;-8.6919911e-02;2.1750000e+02;-7.0158780e-02;2.1750000e+02;-3.1773318e-02;2.1750000e+02;2.3264367e-02;2.1750000e+02;8.5712902e-02;2.1750000e+02;1.3982217e-01;2.1750000e+02;2.0467149e-01;2.1750000e+02;2.3290092e-01;2.1750000e+02;2.1873601e-01;2.1750000e+02;2.0818496e-01;2.1750000e+02;1.4286081e-01;2.1750000e+02;7.8586251e-02;2.1750000e+02;2.3808405e-02;2.1750000e+02;-2.3919851e-02;2.1750000e+02;-6.8140566e-02;2.1750000e+02;-1.1166080e-01;2.1750000e+02;-1.5463006e-01;2.1750000e+02;-1.9720453e-01;2.1750000e+02;-8.6919911e-02;2.1750000e+02;-7.0158780e-02;2.1750000e+02;-3.1773318e-02;2.1750000e+02;2.3264367e-02;2.1750000e+02;8.5712902e-02;2.1750000e+02;1.3982217e-01;2.1750000e+02;2.0467149e-01;2.1750000e+02;2.3290092e-01;2.1750000e+02;2.1873601e-01;2.1750000e+02;2.0818496e-01;2.1750000e+02;1.4286081e-01;2.1750000e+02;7.8586251e-02;2.1750000e+02;2.3808405e-02;2.1750000e+02;-2.3919851e-02;2.1750000e+02;-6.8140566e-02;2.1750000e+02;-1.1166080e-01;2.1750000e+02;-1.5463006e-01;2.1750000e+02;-1.9720453e-01;2.1750000e+02;-8.6919911e-02;2.1750000e+02;-7.0158780e-02;2.1750000e+02;-3.1773318e-02;2.1750000e+02;2.3264367e-02;2.1750000e+02;8.5712902e-02;2.1750000e+02;1.3982217e-01;2.1750000e+02;2.0467149e-01;2.1750000e+02;2.3290092e-01;2.1750000e+02;2.1873601e-01;2.1750000e+02;2.0818496e-01;2.1750000e+02;1.4286081e-01;2.1750000e+02;7.8586251e-02;2.1750000e+02;2.3808405e-02;2.1750000e+02;-2.3919851e-02;2.1750000e+02;-6.8140566e-02;2.1750000e+02;-1.1166080e-01;2.1750000e+02;-1.5463006e-01;2.1750000e+02;-1.9720453e-01;2.1750000e+02;-8.6919911e-02;2.1750000e+02;-7.0158780e-02;2.1750000e+02;-3.1773318e-02;2.1750000e+02;2.3264367e-02;2.1750000e+02;8.5712902e-02;2.1750000e+02;1.3982217e-01;2.1750000e+02;2.0467149e-01;2.1750000e+02;2.3290092e-01;2.1750000e+02;2.1873601e-01;2.1750000e+02;2.0818496e-01;2.1750000e+02;1.4286081e-01;2.1750000e+02;7.8586251e-02;2.1750000e+02;2.3808405e-02;2.1750000e+02;-2.3919851e-02;2.1750000e+02;-6.8140566e-02;2.1750000e+02;-1.1166080e-01;2.1750000e+02;-1.5463006e-01;2.1750000e+02;-1.9720453e-01;2.1750000e+02;-8.6919911e-02;2.1750000e+02;-7.0158780e-02;2.1750000e+02;-3.1773318e-02;2.1750000e+02;2.3264367e-02;2.1750000e+02;8.5712902e-02;2.1750000e+02;1.3982217e-01;2.1750000e+02;2.0467149e-01;2.1750000e+02;2.3290092e-01;2.1750000e+02;2.1873601e-01;2.1750000e+02;2.0818496e-01;2.1750000e+02;1.4286081e-01;2.1750000e+02;7.8586251e-02;2.1750000e+02;2.3808405e-02;2.1750000e+02;-2.3919851e-02;2.1750000e+02;-6.8140566e-02;2.1750000e+02;-1.1166080e-01;2.1750000e+02;-1.5463006e-01;2.1750000e+02;-1.9720453e-01;2.1750000e+02;-8.6919911e-02;2.1750000e+02;-7.0158780e-02;2.1750000e+02;-3.1773318e-02;2.1750000e+02;2.3264367e-02;2.1750000e+02;8.5712902e-02;2.1750000e+02;1.3982217e-01;2.1750000e+02;2.0467149e-01;2.1750000e+02;2.3290092e-01;2.1750000e+02;2.1873601e-01;2.1750000e+02;2.0818496e-01;2.1750000e+02;1.4286081e-01;2.1750000e+02;7.8586251e-02;2.1750000e+02;2.3808405e-02;2.1750000e+02;-2.3919851e-02;2.1750000e+02;-6.8140566e-02;2.1750000e+02;-1.1166080e-01;2.1750000e+02;-1.5463006e-01;2.1750000e+02;-1.9720453e-01;2.1750000e+02;-8.6919911e-02;2.1750000e+02;-7.0158780e-02;2.1750000e+02;-3.1773318e-02;2.1750000e+02;2.3264367e-02;2.1750000e+02;8.5712902e-02;2.1750000e+02;1.3982217e-01;2.1750000e+02;2.0467149e-01;2.1750000e+02;2.3290092e-01;2.1750000e+02;2.1873601e-01;2.1750000e+02;2.0818496e-01;2.1750000e+02;1.4286081e-01;2.1750000e+02;7.8586251e-02;2.1750000e+02;2.3808405e-02;2.1750000e+02;-2.3919851e-02;2.1750000e+02;-6.8140566e-02;2.1750000e+02;-1.1166080e-01;2.1750000e+02;-1.5463006e-01;2.1750000e+02;-1.9720453e-01;2.1750000e+02;-8.6919911e-02;2.1750000e+02;-7.0158780e-02;2.1750000e+02;-3.1773318e-02;2.1750000e+02;2.3264367e-02;2.1750000e+02;8.5712902e-02;2.1750000e+02;1.3982217e-01;2.1750000e+02;2.0467149e-01;2.1750000e+02;2.3290092e-01;2.1750000e+02;2.1873601e-01;2.1750000e+02;2.0818496e-01;2.1750000e+02;1.4286081e-01;2.1750000e+02;7.8586251e-02;2.1750000e+02;2.3808405e-02;2.1750000e+02;-2.3919851e-02;2.1750000e+02;-6.8140566e-02;2.1750000e+02;-1.1166080e-01;2.1750000e+02;-1.5463006e-01;2.1750000e+02;-1.9720453e-01;2.1750000e+02;-8.6919911e-02;2.1750000e+02;-7.0158780e-02;2.1750000e+02;-3.1773318e-02;2.1750000e+02;2.3264367e-02;2.1750000e+02;8.5712902e-02;2.1750000e+02;1.3982217e-01;2.1750000e+02;2.0467149e-01;2.1750000e+02;2.3290092e-01;2.1750000e+02;2.1873601e-01;2.1750000e+02;2.0818496e-01;2.1750000e+02;1.4286081e-01;2.1750000e+02;7.8586251e-02;2.1750000e+02;2.3808405e-02;2.1750000e+02;-2.3919851e-02;2.1750000e+02;-6.8140566e-02;2.1750000e+02;-1.1166080e-01;2.1750000e+02;-1.5463006e-01;2.1750000e+02;-1.9720453e-01;2.1750000e+02;-8.6919911e-02;2.1750000e+02;-7.0158780e-02;2.1750000e+02;-3.1773318e-02;2.1750000e+02;2.3264367e-02;2.1750000e+02;8.5712902e-02;2.1750000e+02;1.3982217e-01;2.1750000e+02;2.0467149e-01;2.1750000e+02;2.3290092e-01;2.1750000e+02;2.1873601e-01;2.1750000e+02;2.0818496e-01;2.1750000e+02;1.4286081e-01;2.1750000e+02;7.8586251e-02;2.1750000e+02;2.3808405e-02;2.1750000e+02;-2.3919851e-02;2.1750000e+02;-6.8140566e-02;2.1750000e+02;-1.1166080e-01;2.1750000e+02;-1.5463006e-01;2.1750000e+02;-1.9720453e-01;2.1750000e+02;-8.6919911e-02;2.1750000e+02;-7.0158780e-02;2.1750000e+02;-3.1773318e-02;2.1750000e+02;2.3264367e-02;2.1750000e+02;8.5712902e-02;2.1750000e+02;1.3982217e-01;2.1750000e+02;2.0467149e-01;2.1750000e+02;2.3290092e-01;2.1750000e+02;2.1873601e-01;2.1750000e+02;2.0818496e-01;2.1750000e+02;1.4286081e-01;2.1750000e+02;7.8586251e-02;2.1750000e+02;2.3808405e-02;2.1750000e+02;-2.3919851e-02;2.1750000e+02;-6.8140566e-02;2.1750000e+02;-1.1166080e-01;2.1750000e+02;-1.5463006e-01;2.1750000e+02;-1.9720453e-01;2.1750000e+02;-8.6919911e-02;2.1750000e+02;-7.0158780e-02;2.1750000e+02;-3.1773318e-02;2.1750000e+02;2.3264367e-02;2.1750000e+02;8.5712902e-02;2.1750000e+02;1.3982217e-01;2.1750000e+02;2.0467149e-01;2.1750000e+02;2.3290092e-01;2.1750000e+02;2.1873601e-01;2.1750000e+02;2.0818496e-01;2.1750000e+02;1.4286081e-01;2.1750000e+02;7.8586251e-02;2.1750000e+02;2.3808405e-02;2.1750000e+02;-2.3919851e-02;2.1750000e+02;-6.8140566e-02;2.1750000e+02;-1.1166080e-01;2.1750000e+02;-1.5463006e-01;2.1750000e+02;-1.9720453e-01;2.1750000e+02;-8.6919911e-02;2.1750000e+02;-7.0158780e-02;2.1750000e+02;-3.1773318e-02;2.1750000e+02;2.3264367e-02;2.1750000e+02;8.5712902e-02;2.1750000e+02;1.3982217e-01;2.1750000e+02;2.0467149e-01;2.1750000e+02;2.3290092e-01;2.1750000e+02;2.1873601e-01;2.1750000e+02;2.0818496e-01;2.1750000e+02;1.4286081e-01;2.1750000e+02;7.8586251e-02;2.1750000e+02;2.3808405e-02;2.1750000e+02;-2.3919851e-02;2.1750000e+02;-6.8140566e-02;2.1750000e+02;-1.1166080e-01;2.1750000e+02;-1.5463006e-01;2.1750000e+02;-1.9720453e-01;2.1750000e+02;-8.6919911e-02;2.1750000e+02;-7.0158780e-02;2.1750000e+02;-3.1773318e-02;2.1750000e+02;2.3264367e-02;2.1750000e+02;8.5712902e-02;2.1750000e+02;1.3982217e-01;2.1750000e+02;2.0467149e-01;2.1750000e+02;2.3290092e-01;2.1750000e+02;2.1873601e-01;2.1750000e+02;2.0818496e-01;2.1750000e+02;1.4286081e-01;2.1750000e+02;7.8586251e-02;2.1750000e+02;2.3808405e-02;2.1750000e+02;-2.3919851e-02;2.1750000e+02;-6.8140566e-02;2.1750000e+02;-1.1166080e-01;2.1750000e+02;-1.5463006e-01;2.1750000e+02;-1.9720453e-01;2.1750000e+02;-8.6919911e-02;2.1750000e+02;-7.0158780e-02;2.1750000e+02;-3.1773318e-02;2.1750000e+02;2.3264367e-02;2.1750000e+02;8.5712902e-02;2.1750000e+02;1.3982217e-01;2.1750000e+02;2.0467149e-01;2.1750000e+02;2.3290092e-01;2.1750000e+02;2.1873601e-01;2.1750000e+02;2.0818496e-01;2.1750000e+02;1.4286081e-01;2.1750000e+02;7.8586251e-02;2.1750000e+02;2.3808405e-02;2.1750000e+02;-2.3919851e-02;2.1750000e+02;-6.8140566e-02;2.1750000e+02;-1.1166080e-01;2.1750000e+02;-1.5463006e-01;2.1750000e+02;-1.9720453e-01;2.1750000e+02;-8.6919911e-02;2.1750000e+02;-7.0158780e-02;2.1750000e+02;-3.1773318e-02;2.1750000e+02;2.3264367e-02;2.1750000e+02;8.5712902e-02;2.1750000e+02;1.3982217e-01;2.1750000e+02;2.0467149e-01;2.1750000e+02;2.3290092e-01;2.1750000e+02;2.1873601e-01;2.1750000e+02;2.0818496e-01;2.1750000e+02;1.4286081e-01;2.1750000e+02;7.8586251e-02;2.1750000e+02;2.3808405e-02;2.1750000e+02;-2.3919851e-02;2.1750000e+02;-6.8140566e-02;2.1750000e+02;-1.1166080e-01;2.1750000e+02;-1.5463006e-01;2.1750000e+02;-1.9720453e-01;2.1750000e+02;-8.6919911e-02;2.1750000e+02;-7.0158780e-02;2.1750000e+02;-3.1773318e-02;2.1750000e+02;2.3264367e-02;2.1750000e+02;8.5712902e-02;2.1750000e+02;1.3982217e-01;2.1750000e+02;2.0467149e-01;2.1750000e+02;2.3290092e-01;2.1750000e+02;2.1873601e-01;2.1750000e+02;2.0818496e-01;2.1750000e+02;1.4286081e-01;2.1750000e+02;7.8586251e-02;2.1750000e+02;2.3808405e-02;2.1750000e+02;-2.3919851e-02;2.1750000e+02;-6.8140566e-02;2.1750000e+02;-1.1166080e-01;2.1750000e+02;-1.5463006e-01;2.1750000e+02;-1.9720453e-01;2.1750000e+02;-8.6919911e-02;2.1750000e+02;-7.0158780e-02;2.1750000e+02;-3.1773318e-02;2.1750000e+02;2.3264367e-02;2.1750000e+02;8.5712902e-02;2.1750000e+02;1.3982217e-01;2.1750000e+02;2.0467149e-01;2.1750000e+02;2.3290092e-01;2.1750000e+02;2.1873601e-01;2.1750000e+02;2.0818496e-01;2.1750000e+02;1.4286081e-01;2.1750000e+02;7.8586251e-02;2.1750000e+02;2.3808405e-02;2.1750000e+02;-2.3919851e-02;2.1750000e+02;-6.8140566e-02;2.1750000e+02;-1.1166080e-01;2.1750000e+02;-1.5463006e-01;2.1750000e+02;-1.9720453e-01;2.1750000e+02;-8.6919911e-02;2.1750000e+02;-7.0158780e-02;2.1750000e+02;-3.1773318e-02;2.1750000e+02;2.3264367e-02;2.1750000e+02;8.5712902e-02;2.1750000e+02;1.3982217e-01;2.1750000e+02;2.0467149e-01;2.1750000e+02;2.3290092e-01;2.1750000e+02;2.1873601e-01;2.1750000e+02;2.0818496e-01;2.1750000e+02;1.4286081e-01;2.1750000e+02;7.8586251e-02;2.1750000e+02;2.3808405e-02;2.1750000e+02;-2.3919851e-02;2.1750000e+02;-6.8140566e-02;2.1750000e+02;-1.1166080e-01;2.1750000e+02;-1.5463006e-01;2.1750000e+02;-1.9720453e-01;2.1750000e+02;-8.6919911e-02;2.1750000e+02;-7.0158780e-02;2.1750000e+02;-3.1773318e-02;2.1750000e+02;2.3264367e-02;2.1750000e+02;8.5712902e-02;2.1750000e+02;1.3982217e-01;2.1750000e+02;2.0467149e-01;2.1750000e+02;2.3290092e-01;2.1750000e+02;2.1873601e-01;2.1750000e+02;2.0818496e-01;2.1750000e+02;1.4286081e-01;2.1750000e+02;7.8586251e-02;2.1750000e+02;2.3808405e-02;2.1750000e+02;-2.3919851e-02;2.1750000e+02;-6.8140566e-02;2.1750000e+02;-1.1166080e-01;2.1750000e+02;-1.5463006e-01;2.1750000e+02;-1.9720453e-01;2.1750000e+02;-8.6919911e-02;2.1750000e+02;-7.0158780e-02;2.1750000e+02;-3.1773318e-02;2.1750000e+02;2.3264367e-02;2.1750000e+02;8.5712902e-02;2.1750000e+02;1.3982217e-01;2.1750000e+02;2.0467149e-01;2.1750000e+02;2.3290092e-01;2.1750000e+02;2.1873601e-01;2.1750000e+02;2.0818496e-01;2.1750000e+02;1.4286081e-01;2.1750000e+02;7.8586251e-02;2.1750000e+02;2.3808405e-02;2.1750000e+02;-2.3919851e-02;2.1750000e+02;-6.8140566e-02;2.1750000e+02;-1.1166080e-01;2.1750000e+02;-1.5463006e-01;2.1750000e+02;-1.9720453e-01;2.1750000e+02;-8.6919911e-02;2.1750000e+02;-7.0158780e-02;2.1750000e+02;-3.1773318e-02;2.1750000e+02;2.3264367e-02;2.1750000e+02;8.5712902e-02;2.1750000e+02;1.3982217e-01;2.1750000e+02;2.0467149e-01;2.1750000e+02;2.3290092e-01;2.1750000e+02;2.1873601e-01;2.1750000e+02;2.0818496e-01;2.1750000e+02;1.4286081e-01;2.1750000e+02;7.8586251e-02;2.1750000e+02;2.3808405e-02;2.1750000e+02;-2.3919851e-02;2.1750000e+02;-6.8140566e-02;2.1750000e+02;-1.1166080e-01;2.1750000e+02;-1.5463006e-01;2.1750000e+02;-1.9720453e-01;2.1750000e+02;-8.6919911e-02;2.1750000e+02;-7.0158780e-02;2.1750000e+02;-3.1773318e-02;2.1750000e+02;2.3264367e-02;2.1750000e+02;8.5712902e-02;2.1750000e+02;1.3982217e-01;2.1750000e+02;2.0467149e-01;2.1750000e+02;2.3290092e-01;2.1750000e+02;2.1873601e-01;2.1750000e+02;2.0818496e-01;2.1750000e+02;1.4286081e-01;2.1750000e+02;7.8586251e-02;2.1750000e+02;2.3808405e-02;2.1750000e+02;-2.3919851e-02;2.1750000e+02;-6.8140566e-02;2.1750000e+02;-1.1166080e-01;2.1750000e+02;-1.5463006e-01;2.1750000e+02;-1.9720453e-01;2.1750000e+02;-8.6919911e-02;2.1750000e+02;-7.0158780e-02;2.1750000e+02;-3.1773318e-02;2.1750000e+02;2.3264367e-02;2.1750000e+02;8.5712902e-02;2.1750000e+02;1.3982217e-01;2.1750000e+02;2.0467149e-01;2.1750000e+02;2.3290092e-01;2.1750000e+02;2.1873601e-01;2.1750000e+02;2.0818496e-01;2.1750000e+02;1.4286081e-01;2.1750000e+02;7.8586251e-02;2.1750000e+02;2.3808405e-02;2.1750000e+02;-2.3919851e-02;2.1750000e+02;-6.8140566e-02;2.1750000e+02;-1.1166080e-01;2.1750000e+02;-1.5463006e-01;2.1750000e+02;-1.9720453e-01;2.1750000e+02;-8.6919911e-02;2.1750000e+02;-7.0158780e-02;2.1750000e+02;-3.1773318e-02;2.1750000e+02;2.3264367e-02;2.1750000e+02;8.5712902e-02;2.1750000e+02;1.3982217e-01;2.1750000e+02;2.0467149e-01;2.1750000e+02;2.3290092e-01;2.1750000e+02;2.1873601e-01;2.1750000e+02;2.0818496e-01;2.1750000e+02;1.4286081e-01;2.1750000e+02;7.8586251e-02;2.1750000e+02;2.3808405e-02;2.1750000e+02;-2.3919851e-02;2.1750000e+02;-6.8140566e-02;2.1750000e+02;-1.1166080e-01;2.1750000e+02;-1.5463006e-01;2.1750000e+02;-1.9720453e-01;2.1750000e+02;-8.6919911e-02;2.1750000e+02;-7.0158780e-02;2.1750000e+02;-3.1773318e-02;2.1750000e+02;2.3264367e-02;2.1750000e+02;8.5712902e-02;2.1750000e+02;1.3982217e-01;2.1750000e+02;2.0467149e-01;2.1750000e+02;2.3290092e-01;2.1750000e+02;2.1873601e-01;2.1750000e+02;2.0818496e-01;2.1750000e+02;1.4286081e-01;2.1750000e+02;7.8586251e-02;2.1750000e+02;2.3808405e-02;2.1750000e+02;-2.3919851e-02;2.1750000e+02;-6.8140566e-02;2.1750000e+02;-1.1166080e-01;2.1750000e+02;-1.5463006e-01;2.1750000e+02;-1.9720453e-01;2.1750000e+02;-8.6919911e-02;2.1750000e+02;-7.0158780e-02;2.1750000e+02;-3.1773318e-02;2.1750000e+02;2.3264367e-02;2.1750000e+02;8.5712902e-02;2.1750000e+02;1.3982217e-01;2.1750000e+02;2.0467149e-01;2.1750000e+02;2.3290092e-01;2.1750000e+02;2.1873601e-01;2.1750000e+02;2.0818496e-01;2.1750000e+02;1.4286081e-01;2.1750000e+02;7.8586251e-02;2.1750000e+02;2.3808405e-02;2.1750000e+02;-2.3919851e-02;2.1750000e+02;-6.8140566e-02;2.1750000e+02;-1.1166080e-01;2.1750000e+02;-1.5463006e-01;2.1750000e+02;-1.9720453e-01;2.1750000e+02;-8.6919911e-02;2.1750000e+02;-7.0158780e-02;2.1750000e+02;-3.1773318e-02;2.1750000e+02;2.3264367e-02;2.1750000e+02;8.5712902e-02;2.1750000e+02;1.3982217e-01;2.1750000e+02;2.0467149e-01;2.1750000e+02;2.3290092e-01;2.1750000e+02;2.1873601e-01;2.1750000e+02;2.0818496e-01;2.1750000e+02;1.4286081e-01;2.1750000e+02;7.8586251e-02;2.1750000e+02;2.3808405e-02;2.1750000e+02;-2.3919851e-02;2.1750000e+02;-6.8140566e-02;2.1750000e+02;-1.1166080e-01;2.1750000e+02;-1.5463006e-01;2.1750000e+02;-1.9720453e-01;2.1750000e+02;-8.6919911e-02;2.1750000e+02;-7.0158780e-02;2.1750000e+02;-3.1773318e-02;2.1750000e+02;2.3264367e-02;2.1750000e+02;8.5712902e-02;2.1750000e+02;1.3982217e-01;2.1750000e+02;2.0467149e-01;2.1750000e+02;2.3290092e-01;2.1750000e+02;2.1873601e-01;2.1750000e+02;2.0818496e-01;2.1750000e+02;1.4286081e-01;2.1750000e+02;7.8586251e-02;2.1750000e+02;2.3808405e-02;2.1750000e+02;-2.3919851e-02;2.1750000e+02;-6.8140566e-02;2.1750000e+02;-1.1166080e-01;2.1750000e+02;-1.5463006e-01;2.1750000e+02;-1.9720453e-01;2.1750000e+02;-8.6919911e-02;2.1750000e+02;-7.0158780e-02;2.1750000e+02;-3.1773318e-02;2.1750000e+02;2.3264367e-02;2.1750000e+02;8.5712902e-02;2.1750000e+02;1.3982217e-01;2.1750000e+02;2.0467149e-01;2.1750000e+02;2.3290092e-01;2.1750000e+02;2.1873601e-01;2.1750000e+02;2.0818496e-01;2.1750000e+02;1.4286081e-01;2.1750000e+02;7.8586251e-02;2.1750000e+02;2.3808405e-02;2.1750000e+02;-2.3919851e-02;2.1750000e+02;-6.8140566e-02;2.1750000e+02;-1.1166080e-01;2.1750000e+02;-1.5463006e-01;2.1750000e+02;-1.9720453e-01;2.1750000e+02;-8.6919911e-02;2.1750000e+02;-7.0158780e-02;2.1750000e+02;-3.1773318e-02;2.1750000e+02;2.3264367e-02;2.1750000e+02;8.5712902e-02;2.1750000e+02;1.3982217e-01;2.1750000e+02;2.0467149e-01;2.1750000e+02;2.3290092e-01;2.1750000e+02;2.1873601e-01;2.1750000e+02;2.0818496e-01;2.1750000e+02;1.4286081e-01;2.1750000e+02;7.8586251e-02;2.1750000e+02;2.3808405e-02;2.1750000e+02;-2.3919851e-02;2.1750000e+02;-6.8140566e-02;2.1750000e+02;-1.1166080e-01;2.1750000e+02;-1.5463006e-01;2.1750000e+02;-1.9720453e-01;2.1750000e+02;-8.6919911e-02;2.1750000e+02;-7.0158780e-02;2.1750000e+02;-3.1773318e-02;2.1750000e+02;2.3264367e-02;2.1750000e+02;8.5712902e-02;2.1750000e+02;1.3982217e-01;2.1750000e+02;2.0467149e-01;2.1750000e+02;2.3290092e-01;2.1750000e+02;2.1873601e-01;2.1750000e+02;2.0818496e-01;2.1750000e+02;1.4286081e-01;2.1750000e+02;7.8586251e-02;2.1750000e+02;2.3808405e-02;2.1750000e+02;-2.3919851e-02;2.1750000e+02;-6.8140566e-02;2.1750000e+02;-1.1166080e-01;2.1750000e+02;-1.5463006e-01;2.1750000e+02;-1.9720453e-01;2.1750000e+02;-8.6919911e-02;2.1750000e+02;-7.0158780e-02;2.1750000e+02;-3.1773318e-02;2.1750000e+02;2.3264367e-02;2.1750000e+02;8.5712902e-02;2.1750000e+02;1.3982217e-01;2.1750000e+02;2.0467149e-01;2.1750000e+02;2.3290092e-01;2.1750000e+02;2.1873601e-01;2.1750000e+02;2.0818496e-01;2.1750000e+02;1.4286081e-01;2.1750000e+02;7.8586251e-02;2.1750000e+02;2.3808405e-02;2.1750000e+02;-2.3919851e-02;2.1750000e+02;-6.8140566e-02;2.1750000e+02;-1.1166080e-01;2.1750000e+02;-1.5463006e-01;2.1750000e+02;-1.9720453e-01
2.2250000e+02;-8.8272884e-02;2.2250000e+02;-7.5009748e-02;2.2250000e+02;-4.1414294e-02;2.2250000e+02;1.3350848e-02;2.2250000e+02;6.9905907e-02;2.2250000e+02;1.2904471e-01;2.2250000e+02;1.9270869e-01;2.2250000e+02;2.2419961e-01;2.2250000e+02;2.0968620e-01;2.2250000e+02;2.0649363e-01;2.2250000e+02;1.4874402e-01;2.2250000e+02;8.5473955e-02;2.2250000e+02;3.0680403e-02;2.2250000e+02;-1.7026916e-02;2.2250000e+02;-6.1340272e-02;2.2250000e+02;-1.0487904e-01;2.2250000e+02;-1.4662945e-01;2.2250000e+02;-1.8941939e-01;2.2250000e+02;-8.8272884e-02;2.2250000e+02;-7.5009748e-02;2.2250000e+02;-4.1414294e-02;2.2250000e+02;1.3350848e-02;2.2250000e+02;6.9905907e-02;2.2250000e+02;1.2904471e-01;2.2250000e+02;1.9270869e-01;2.2250000e+02;2.2419961e-01;2.2250000e+02;2.0968620e-01;2.2250000e+02;2.0649363e-01;2.2250000e+02;1.4874402e-01;2.2250000e+02;8.5473955e-02;2.2250000e+02;3.0680403e-02;2.2250000e+02;-1.7026916e-02;2.2250000e+02;-6.1340272e-02;2.2250000e+02;-1.0487904e-01;2.2250000e+02;-1.4662945e-01;2.2250000e+02;-1.8941939e-01;2.2250000e+02;-8.8272884e-02;2.2250000e+02;-7.5009748e-02;2.2250000e+02;-4.1414294e-02;2.2250000e+02;1.3350848e-02;2.2250000e+02;6.9905907e-02;2.2250000e+02;1.2904471e-01;2.2250000e+02;1.9270869e-01;2.2250000e+02;2.2419961e-01;2.2250000e+02;2.0968620e-01;2.2250000e+02;2.0649363e-01;2.2250000e+02;1.4874402e-01;2.2250000e+02;8.5473955e-02;2.2250000e+02;3.0680403e-02;2.2250000e+02;-1.7026916e-02;2.2250000e+02;-6.1340272e-02;2.2250000e+02;-1.0487904e-01;2.2250000e+02;-1.4662945e-01;2.2250000e+02;-1.8941939e-01;2.2250000e+02;-8.8272884e-02;2.2250000e+02;-7.5009748e-02;2.2250000e+02;-4.1414294e-02;2.2250000e+02;1.3350848e-02;2.2250000e+02;6.9905907e-02;2.2250000e+02;1.2904471e-01;2.2250000e+02;1.9270869e-01;2.2250000e+02;2.2419961e-01;2.2250000e+02;2.0968620e-01;2.2250000e+02;2.0649363e-01;2.2250000e+02;1.4874402e-01;2.2250000e+02;8.5473955e-02;2.2250000e+02;3.0680403e-02;2.2250000e+02;-1.7026916e-02;2.2250000e+02;-6.1340272e-02;2.2250000e+02;-1.0487904e-01;2.2250000e+02;-1.4662945e-01;2.2250000e+02;-1.8941939e-01;2.2250000e+02;-8.8272884e-02;2.2250000e+02;-7.5009748e-02;2.2250000e+02;-4.1414294e-02;2.2250000e+02;1.3350848e-02;2.2250000e+02;6.9905907e-02;2.2250000e+02;1.2904471e-01;2.2250000e+02;1.9270869e-01;2.2250000e+02;2.2419961e-01;2.2250000e+02;2.0968620e-01;2.2250000e+02;2.0649363e-01;2.2250000e+02;1.4874402e-01;2.2250000e+02;8.5473955e-02;2.2250000e+02;3.0680403e-02;2.2250000e+02;-1.7026916e-02;2.2250000e+02;-6.1340272e-02;2.2250000e+02;-1.0487904e-01;2.2250000e+02;-1.4662945e-01;2.2250000e+02;-1.8941939e-01;2.2250000e+02;-8.8272884e-02;2.2250000e+02;-7.5009748e-02;2.2250000e+02;-4.1414294e-02;2.2250000e+02;1.3350848e-02;2.2250000e+02;6.9905907e-02;2.2250000e+02;1.2904471e-01;2.2250000e+02;1.9270869e-01;2.2250000e+02;2.2419961e-01;2.2250000e+02;2.0968620e-01;2.2250000e+02;2.0649363e-01;2.2250000e+02;1.4874402e-01;2.2250000e+02;8.5473955e-02;2.2250000e+02;3.0680403e-02;2.2250000e+02;-1.7026916e-02;2.2250000e+02;-6.1340272e-02;2.2250000e+02;-1.0487904e-01;2.2250000e+02;-1.4662945e-01;2.2250000e+02;-1.8941939e-01;2.2250000e+02;-8.8272884e-02;2.2250000e+02;-7.5009748e-02;2.2250000e+02;-4.1414294e-02;2.2250000e+02;1.3350848e-02;2.2250000e+02;6.9905907e-02;2.2250000e+02;1.2904471e-01;2.2250000e+02;1.9270869e-01;2.2250000e+02;2.2419961e-01;2.2250000e+02;2.0968620e-01;2.2250000e+02;2.0649363e-01;2.2250000e+02;1.4874402e-01;2.2250000e+02;8.5473955e-02;2.2250000e+02;3.0680403e-02;2.2250000e+02;-1.7026916e-02;2.2250000e+02;-6.1340272e-02;2.2250000e+02;-1.0487904e-01;2.2250000e+02;-1.4662945e-01;2.2250000e+02;-1.8941939e-01;2.2250000e+02;-8.8272884e-02;2.2250000e+02;-7.5009748e-02;2.2250000e+02;-4.1414294e-02;2.2250000e+02;1.3350848e-02;2.2250000e+02;6.9905907e-02;2.2250000e+02;1.2904471e-01;2.2250000e+02;1.9270869e-01;2.2250000e+02;2.2419961e-01;2.2250000e+02;2.0968620e-01;2.2250000e+02;2.0649363e-01;2.2250000e+02;1.4874402e-01;2.2250000e+02;8.5473955e-02;2.2250000e+02;3.0680403e-02;2.2250000e+02;-1.7026916e-02;2.2250000e+02;-6.1340272e-02;2.2250000e+02;-1.0487904e-01;2.2250000e+02;-1.4662945e-01;2.2250000e+02;-1.8941939e-01;2.2250000e+02;-8.8272884e-02;2.2250000e+02;-7.5009748e-02;2.2250000e+02;-4.1414294e-02;2.2250000e+02;1.3350848e-02;2.2250000e+02;6.9905907e-02;2.2250000e+02;1.2904471e-01;2.2250000e+02;1.9270869e-01;2.2250000e+02;2.2419961e-01;2.2250000e+02;2.0968620e-01;2.2250000e+02;2.0649363e-01;2.2250000e+02;1.4874402e-01;2.2250000e+02;8.5473955e-02;2.2250000e+02;3.0680403e-02;2.2250000e+02;-1.7026916e-02;2.2250000e+02;-6.1340272e-02;2.2250000e+02;-1.0487904e-01;2.2250000e+02;-1.4662945e-01;2.2250000e+02;-1.8941939e-01;2.2250000e+02;-8.8272884e-02;2.2250000e+02;-7.5009748e-02;2.2250000e+02;-4.1414294e-02;2.2250000e+02;1.3350848e-02;2.2250000e+02;6.9905907e-02;2.2250000e+02;1.2904471e-01;2.2250000e+02;1.9270869e-01;2.2250000e+02;2.2419961e-01;2.2250000e+02;2.0968620e-01;2.2250000e+02;2.0649363e-01;2.2250000e+02;1.4874402e-01;2.2250000e+02;8.5473955e-02;2.2250000e+02;3.0680403e-02;2.2250000e+02;-1.7026916e-02;2.2250000e+02;-6.1340272e-02;2.2250000e+02;-1.0487904e-01;2.2250000e+02;-1.4662945e-01;2.2250000e+02;-1.8941939e-01;2.2250000e+02;-8.8272884e-02;2.2250000e+02;-7.5009748e-02;2.2250000e+02;-4.1414294e-02;2.2250000e+02;1.3350848e-02;2.2250000e+02;6.9905907e-02;2.2250000e+02;1.2904471e-01;2.2250000e+02;1.9270869e-01;2.2250000e+02;2.2419961e-01;2.2250000e+02;2.0968620e-01;2.2250000e+02;2.0649363e-01;2.2250000e+02;1.4874402e-01;2.2250000e+02;8.5473955e-02;2.2250000e+02;3.0680403e-02;2.2250000e+02;-1.7026916e-02;2.2250000e+02;-6.1340272e-02;2.2250000e+02;-1.0487904e-01;2.2250000e+02;-1.4662945e-01;2.2250000e+02;-1.8941939e-01;2.2250000e+02;-8.8272884e-02;2.2250000e+02;-7.5009748e-02;2.2250000e+02;-4.1414294e-02;2.2250000e+02;1.3350848e-02;2.2250000e+02;6.9905907e-02;2.2250000e+02;1.2904471e-01;2.2250000e+02;1.9270869e-01;2.2250000e+02;2.2419961e-01;2.2250000e+02;2.0968620e-01;2.2250000e+02;2.0649363e-01;2.2250000e+02;1.4874402e-01;2.2250000e+02;8.5473955e-02;2.2250000e+02;3.0680403e-02;2.2250000e+02;-1.7026916e-02;2.2250000e+02;-6.1340272e-02;2.2250000e+02;-1.0487904e-01;2.2250000e+02;-1.4662945e-01;2.2250000e+02;-1.8941939e-01;2.2250000e+02;-8.8272884e-02;2.2250000e+02;-7.5009748e-02;2.2250000e+02;-4.1414294e-02;2.2250000e+02;1.3350848e-02;2.2250000e+02;6.9905907e-02;2.2250000e+02;1.2904471e-01;2.2250000e+02;1.9270869e-01;2.2250000e+02;2.2419961e-01;2.2250000e+02;2.0968620e-01;2.2250000e+02;2.0649363e-01;2.2250000e+02;1.4874402e-01;2.2250000e+02;8.5473955e-02;2.2250000e+02;3.0680403e-02;2.2250000e+02;-1.7026916e-02;2.2250000e+02;-6.1340272e-02;2.2250000e+02;-1.0487904e-01;2.2250000e+02;-1.4662945e-01;2.2250000e+02;-1.8941939e-01;2.2250000e+02;-8.8272884e-02;2.2250000e+02;-7.5009748e-02;2.2250000e+02;-4.1414294e-02;2.2250000e+02;1.3350848e-02;2.2250000e+02;6.9905907e-02;2.2250000e+02;1.2904471e-01;2.2250000e+02;1.9270869e-01;2.2250000e+02;2.2419961e-01;2.2250000e+02;2.0968620e-01;2.2250000e+02;2.0649363e-01;2.2250000e+02;1.4874402e-01;2.2250000e+02;8.5473955e-02;2.2250000e+02;3.0680403e-02;2.2250000e+02;-1.7026916e-02;2.2250000e+02;-6.1340272e-02;2.2250000e+02;-1.0487904e-01;2.2250000e+02;-1.4662945e-01;2.2250000e+02;-1.8941939e-01;2.2250000e+02;-8.8272884e-02;2.2250000e+02;-7.5009748e-02;2.2250000e+02;-4.1414294e-02;2.2250000e+02;1.3350848e-02;2.2250000e+02;6.9905907e-02;2.2250000e+02;1.2904471e-01;2.2250000e+02;1.9270869e-01;2.2250000e+02;2.2419961e-01;2.2250000e+02;2.0968620e-01;2.2250000e+02;2.0649363e-01;2.2250000e+02;1.4874402e-01;2.2250000e+02;8.5473955e-02;2.2250000e+02;3.0680403e-02;2.2250000e+02;-1.7026916e-02;2.2250000e+02;-6.1340272e-02;2.2250000e+02;-1.0487904e-01;2.2250000e+02;-1.4662945e-01;2.2250000e+02;-1.8941939e-01;2.2250000e+02;-8.8272884e-02;2.2250000e+02;-7.5009748e-02;2.2250000e+02;-4.1414294e-02;2.2250000e+02;1.3350848e-02;2.2250000e+02;6.9905907e-02;2.2250000e+02;1.2904471e-01;2.2250000e+02;1.9270869e-01;2.2250000e+02;2.2419961e-01;2.2250000e+02;2.0968620e-01;2.2250000e+02;2.0649363e-01;2.2250000e+02;1.4874402e-01;2.2250000e+02;8.5473955e-02;2.2250000e+02;3.0680403e-02;2.2250000e+02;-1.7026916e-02;2.2250000e+02;-6.1340272e-02;2.2250000e+02;-1.0487904e-01;2.2250000e+02;-1.4662945e-01;2.2250000e+02;-1.8941939e-01;2.2250000e+02;-8.8272884e-02;2.2250000e+02;-7.5009748e-02;2.2250000e+02;-4.1414294e-02;2.2250000e+02;1.3350848e-02;2.2250000e+02;6.9905907e-02;2.2250000e+02;1.2904471e-01;2.2250000e+02;1.9270869e-01;2.2250000e+02;2.2419961e-01;2.2250000e+02;2.0968620e-01;2.2250000e+02;2.0649363e-01;2.2250000e+02;1.4874402e-01;2.2250000e+02;8.5473955e-02;2.2250000e+02;3.0680403e-02;2.2250000e+02;-1.7026916e-02;2.2250000e+02;-6.1340272e-02;2.2250000e+02;-1.0487904e-01;2.2250000e+02;-1.4662945e-01;2.2250000e+02;-1.8941939e-01;2.2250000e+02;-8.8272884e-02;2.2250000e+02;-7.5009748e-02;2.2250000e+02;-4.1414294e-02;2.2250000e+02;1.3350848e-02;2.2250000e+02;6.9905907e-02;2.2250000e+02;1.2904471e-01;2.2250000e+02;1.9270869e-01;2.2250000e+02;2.2419961e-01;2.2250000e+02;2.0968620e-01;2.2250000e+02;2.0649363e-01;2.2250000e+02;1.4874402e-01;2.2250000e+02;8.5473955e-02;2.2250000e+02;3.0680403e-02;2.2250000e+02;-1.7026916e-02;2.2250000e+02;-6.1340272e-02;2.2250000e+02;-1.0487904e-01;2.2250000e+02;-1.4662945e-01;2.2250000e+02;-1.8941939e-01;2.2250000e+02;-8.8272884e-02;2.2250000e+02;-7.5009748e-02;2.2250000e+02;-4.1414294e-02;2.2250000e+02;1.3350848e-02;2.2250000e+02;6.9905907e-02;2.2250000e+02;1.2904471e-01;2.2250000e+02;1.9270869e-01;2.2250000e+02;2.2419961e-01;2.2250000e+02;2.0968620e-01;2.2250000e+02;2.0649363e-01;2.2250000e+02;1.4874402e-01;2.2250000e+02;8.5473955e-02;2.2250000e+02;3.0680403e-02;2.2250000e+02;-1.7026916e-02;2.2250000e+02;-6.1340272e-02;2.2250000e+02;-1.0487904e-01;2.2250000e+02;-1.4662945e-01;2.2250000e+02;-1.8941939e-01;2.2250000e+02;-8.8272884e-02;2.2250000e+02;-7.5009748e-02;2.2250000e+02;-4.1414294e-02;2.2250000e+02;1.3350848e-02;2.2250000e+02;6.9905907e-02;2.2250000e+02;1.2904471e-01;2.2250000e+02;1.9270869e-01;2.2250000e+02;2.2419961e-01;2.2250000e+02;2.0968620e-01;2.2250000e+02;2.0649363e-01;2.2250000e+02;1.4874402e-01;2.2250000e+02;8.5473955e-02;2.2250000e+02;3.0680403e-02;2.2250000e+02;-1.7026916e-02;2.2250000e+02;-6.1340272e-02;2.2250000e+02;-1.0487904e-01;2.2250000e+02;-1.4662945e-01;2.2250000e+02;-1.8941939e-01;2.2250000e+02;-8.8272884e-02;2.2250000e+02;-7.5009748e-02;2.2250000e+02;-4.1414294e-02;2.2250000e+02;1.3350848e-02;2.2250000e+02;6.9905907e-02;2.2250000e+02;1.2904471e-01;2.2250000e+02;1.9270869e-01;2.2250000e+02;2.2419961e-01;2.2250000e+02;2.0968620e-01;2.2250000e+02;2.0649363e-01;2.2250000e+02;1.4874402e-01;2.2250000e+02;8.5473955e-02;2.2250000e+02;3.0680403e-02;2.2250000e+02;-1.7026916e-02;2.2250000e+02;-6.1340272e-02;2.2250000e+02;-1.0487904e-01;2.2250000e+02;-1.4662945e-01;2.2250000e+02;-1.8941939e-01;2.2250000e+02;-8.8272884e-02;2.2250000e+02;-7.5009748e-02;2.2250000e+02;-4.1414294e-02;2.2250000e+02;1.3350848e-02;2.2250000e+02;6.9905907e-02;2.2250000e+02;1.2904471e-01;2.2250000e+02;1.9270869e-01;2.2250000e+02;2.2419961e-01;2.2250000e+02;2.0968620e-01;2.2250000e+02;2.0649363e-01;2.2250000e+02;1.4874402e-01;2.2250000e+02;8.5473955e-02;2.2250000e+02;3.0680403e-02;2.2250000e+02;-1.7026916e-02;2.2250000e+02;-6.1340272e-02;2.2250000e+02;-1.0487904e-01;2.2250000e+02;-1.4662945e-01;2.2250000e+02;-1.8941939e-01;2.2250000e+02;-8.8272884e-02;2.2250000e+02;-7.5009748e-02;2.2250000e+02;-4.1414294e-02;2.2250000e+02;1.3350848e-02;2.2250000e+02;6.9905907e-02;2.2250000e+02;1.2904471e-01;2.2250000e+02;1.9270869e-01;2.2250000e+02;2.2419961e-01;2.2250000e+02;2.0968620e-01;2.2250000e+02;2.0649363e-01;2.2250000e+02;1.4874402e-01;2.2250000e+02;8.5473955e-02;2.2250000e+02;3.0680403e-02;2.2250000e+02;-1.7026916e-02;2.2250000e+02;-6.1340272e-02;2.2250000e+02;-1.0487904e-01;2.2250000e+02;-1.4662945e-01;2.2250000e+02;-1.8941939e-01;2.2250000e+02;-8.8272884e-02;2.2250000e+02;-7.5009748e-02;2.2250000e+02;-4.1414294e-02;2.2250000e+02;1.3350848e-02;2.2250000e+02;6.9905907e-02;2.2250000e+02;1.2904471e-01;2.2250000e+02;1.9270869e-01;2.2250000e+02;2.2419961e-01;2.2250000e+02;2.0968620e-01;2.2250000e+02;2.0649363e-01;2.2250000e+02;1.4874402e-01;2.2250000e+02;8.5473955e-02;2.2250000e+02;3.0680403e-02;2.2250000e+02;-1.7026916e-02;2.2250000e+02;-6.1340272e-02;2.2250000e+02;-1.0487904e-01;2.2250000e+02;-1.4662945e-01;2.2250000e+02;-1.8941939e-01;2.2250000e+02;-8.8272884e-02;2.2250000e+02;-7.5009748e-02;2.2250000e+02;-4.1414294e-02;2.2250000e+02;1.3350848e-02;2.2250000e+02;6.9905907e-02;2.2250000e+02;1.2904471e-01;2.2250000e+02;1.9270869e-01;2.2250000e+02;2.2419961e-01;2.2250000e+02;2.0968620e-01;2.2250000e+02;2.0649363e-01;2.2250000e+02;1.4874402e-01;2.2250000e+02;8.5473955e-02;2.2250000e+02;3.0680403e-02;2.2250000e+02;-1.7026916e-02;2.2250000e+02;-6.1340272e-02;2.2250000e+02;-1.0487904e-01;2.2250000e+02;-1.4662945e-01;2.2250000e+02;-1.8941939e-01;2.2250000e+02;-8.8272884e-02;2.2250000e+02;-7.5009748e-02;2.2250000e+02;-4.1414294e-02;2.2250000e+02;1.3350848e-02;2.2250000e+02;6.9905907e-02;2.2250000e+02;1.2904471e-01;2.2250000e+02;1.9270869e-01;2.2250000e+02;2.2419961e-01;2.2250000e+02;2.0968620e-01;2.2250000e+02;2.0649363e-01;2.2250000e+02;1.4874402e-01;2.2250000e+02;8.5473955e-02;2.2250000e+02;3.0680403e-02;2.2250000e+02;-1.7026916e-02;2.2250000e+02;-6.1340272e-02;2.2250000e+02;-1.0487904e-01;2.2250000e+02;-1.4662945e-01;2.2250000e+02;-1.8941939e-01;2.2250000e+02;-8.8272884e-02;2.2250000e+02;-7.5009748e-02;2.2250000e+02;-4.1414294e-02;2.2250000e+02;1.3350848e-02;2.2250000e+02;6.9905907e-02;2.2250000e+02;1.2904471e-01;2.2250000e+02;1.9270869e-01;2.2250000e+02;2.2419961e-01;2.2250000e+02;2.0968620e-01;2.2250000e+02;2.0649363e-01;2.2250000e+02;1.4874402e-01;2.2250000e+02;8.5473955e-02;2.2250000e+02;3.0680403e-02;2.2250000e+02;-1.7026916e-02;2.2250000e+02;-6.1340272e-02;2.2250000e+02;-1.0487904e-01;2.2250000e+02;-1.4662945e-01;2.2250000e+02;-1.8941939e-01;2.2250000e+02;-8.8272884e-02;2.2250000e+02;-7.5009748e-02;2.2250000e+02;-4.1414294e-02;2.2250000e+02;1.3350848e-02;2.2250000e+02;6.9905907e-02;2.2250000e+02;1.2904471e-01;2.2250000e+02;1.9270869e-01;2.2250000e+02;2.2419961e-01;2.2250000e+02;2.0968620e-01;2.2250000e+02;2.0649363e-01;2.2250000e+02;1.4874402e-01;2.2250000e+02;8.5473955e-02;2.2250000e+02;3.0680403e-02;2.2250000e+02;-1.7026916e-02;2.2250000e+02;-6.1340272e-02;2.2250000e+02;-1.0487904e-01;2.2250000e+02;-1.4662945e-01;2.2250000e+02;-1.8941939e-01;2.2250000e+02;-8.8272884e-02;2.2250000e+02;-7.5009748e-02;2.2250000e+02;-4.1414294e-02;2.2250000e+02;1.3350848e-02;2.2250000e+02;6.9905907e-02;2.2250000e+02;1.2904471e-01;2.2250000e+02;1.9270869e-01;2.2250000e+02;2.2419961e-01;2.2250000e+02;2.0968620e-01;2.2250000e+02;2.0649363e-01;2.2250000e+02;1.4874402e-01;2.2250000e+02;8.5473955e-02;2.2250000e+02;3.0680403e-02;2.2250000e+02;-1.7026916e-02;2.2250000e+02;-6.1340272e-02;2.2250000e+02;-1.0487904e-01;2.2250000e+02;-1.4662945e-01;2.2250000e+02;-1.8941939e-01;2.2250000e+02;-8.8272884e-02;2.2250000e+02;-7.5009748e-02;2.2250000e+02;-4.1414294e-02;2.2250000e+02;1.3350848e-02;2.2250000e+02;6.9905907e-02;2.2250000e+02;1.2904471e-01;2.2250000e+02;1.9270869e-01;2.2250000e+02;2.2419961e-01;2.2250000e+02;2.0968620e-01;2.2250000e+02;2.0649363e-01;2.2250000e+02;1.4874402e-01;2.2250000e+02;8.5473955e-02;2.2250000e+02;3.0680403e-02;2.2250000e+02;-1.7026916e-02;2.2250000e+02;-6.1340272e-02;2.2250000e+02;-1.0487904e-01;2.2250000e+02;-1.4662945e-01;2.2250000e+02;-1.8941939e-01;2.2250000e+02;-8.8272884e-02;2.2250000e+02;-7.5009748e-02;2.2250000e+02;-4.1414294e-02;2.2250000e+02;1.3350848e-02;2.2250000e+02;6.9905907e-02;2.2250000e+02;1.2904471e-01;2.2250000e+02;1.9270869e-01;2.2250000e+02;2.2419961e-01;2.2250000e+02;2.0968620e-01;2.2250000e+02;2.0649363e-01;2.2250000e+02;1.4874402e-01;2.2250000e+02;8.5473955e-02;2.2250000e+02;3.0680403e-02;2.2250000e+02;-1.7026916e-02;2.2250000e+02;-6.1340272e-02;2.2250000e+02;-1.0487904e-01;2.2250000e+02;-1.4662945e-01;2.2250000e+02;-1.8941939e-01;2.2250000e+02;-8.8272884e-02;2.2250000e+02;-7.5009748e-02;2.2250000e+02;-4.1414294e-02;2.2250000e+02;1.3350848e-02;2.2250000e+02;6.9905907e-02;2.2250000e+02;1.2904471e-01;2.2250000e+02;1.9270869e-01;2.2250000e+02;2.2419961e-01;2.2250000e+02;2.0968620e-01;2.2250000e+02;2.0649363e-01;2.2250000e+02;1.4874402e-01;2.2250000e+02;8.5473955e-02;2.2250000e+02;3.0680403e-02;2.2250000e+02;-1.7026916e-02;2.2250000e+02;-6.1340272e-02;2.2250000e+02;-1.0487904e-01;2.2250000e+02;-1.4662945e-01;2.2250000e+02;-1.8941939e-01;2.2250000e+02;-8.8272884e-02;2.2250000e+02;-7.5009748e-02;2.2250000e+02;-4.1414294e-02;2.2250000e+02;1.3350848e-02;2.2250000e+02;6.9905907e-02;2.2250000e+02;1.2904471e-01;2.2250000e+02;1.9270869e-01;2.2250000e+02;2.2419961e-01;2.2250000e+02;2.0968620e-01;2.2250000e+02;2.0649363e-01;2.2250000e+02;1.4874402e-01;2.2250000e+02;8.5473955e-02;2.2250000e+02;3.0680403e-02;2.2250000e+02;-1.7026916e-02;2.2250000e+02;-6.1340272e-02;2.2250000e+02;-1.0487904e-01;2.2250000e+02;-1.4662945e-01;2.2250000e+02;-1.8941939e-01;2.2250000e+02;-8.8272884e-02;2.2250000e+02;-7.5009748e-02;2.2250000e+02;-4.1414294e-02;2.2250000e+02;1.3350848e-02;2.2250000e+02;6.9905907e-02;2.2250000e+02;1.2904471e-01;2.2250000e+02;1.9270869e-01;2.2250000e+02;2.2419961e-01;2.2250000e+02;2.0968620e-01;2.2250000e+02;2.0649363e-01;2.2250000e+02;1.4874402e-01;2.2250000e+02;8.5473955e-02;2.2250000e+02;3.0680403e-02;2.2250000e+02;-1.7026916e-02;2.2250000e+02;-6.1340272e-02;2.2250000e+02;-1.0487904e-01;2.2250000e+02;-1.4662945e-01;2.2250000e+02;-1.8941939e-01;2.2250000e+02;-8.8272884e-02;2.2250000e+02;-7.5009748e-02;2.2250000e+02;-4.1414294e-02;2.2250000e+02;1.3350848e-02;2.2250000e+02;6.9905907e-02;2.2250000e+02;1.2904471e-01;2.2250000e+02;1.9270869e-01;2.2250000e+02;2.2419961e-01;2.2250000e+02;2.0968620e-01;2.2250000e+02;2.0649363e-01;2.2250000e+02;1.4874402e-01;2.2250000e+02;8.5473955e-02;2.2250000e+02;3.0680403e-02;2.2250000e+02;-1.7026916e-02;2.2250000e+02;-6.1340272e-02;2.2250000e+02;-1.0487904e-01;2.2250000e+02;-1.4662945e-01;2.2250000e+02;-1.8941939e-01;2.2250000e+02;-8.8272884e-02;2.2250000e+02;-7.5009748e-02;2.2250000e+02;-4.1414294e-02;2.2250000e+02;1.3350848e-02;2.2250000e+02;6.9905907e-02;2.2250000e+02;1.2904471e-01;2.2250000e+02;1.9270869e-01;2.2250000e+02;2.2419961e-01;2.2250000e+02;2.0968620e-01;2.2250000e+02;2.0649363e-01;2.2250000e+02;1.4874402e-01;2.2250000e+02;8.5473955e-02;2.2250000e+02;3.0680403e-02;2.2250000e+02;-1.7026916e-02;2.2250000e+02;-6.1340272e-02;2.2250000e+02;-1.0487904e-01;2.2250000e+02;-1.4662945e-01;2.2250000e+02;-1.8941939e-01;2.2250000e+02;-8.8272884e-02;2.2250000e+02;-7.5009748e-02;2.2250000e+02;-4.1414294e-02;2.2250000e+02;1.3350848e-02;2.2250000e+02;6.9905907e-02;2.2250000e+02;1.2904471e-01;2.2250000e+02;1.9270869e-01;2.2250000e+02;2.2419961e-01;2.2250000e+02;2.0968620e-01;2.2250000e+02;2.0649363e-01;2.2250000e+02;1.4874402e-01;2.2250000e+02;8.5473955e-02;2.2250000e+02;3.0680403e-02;2.2250000e+02;-1.7026916e-02;2.2250000e+02;-6.1340272e-02;2.2250000e+02;-1.0487904e-01;2.2250000e+02;-1.4662945e-01;2.2250000e+02;-1.8941939e-01;2.2250000e+02;-8.8272884e-02;2.2250000e+02;-7.5009748e-02;2.2250000e+02;-4.1414294e-02;2.2250000e+02;1.3350848e-02;2.2250000e+02;6.9905907e-02;2.2250000e+02;1.2904471e-01;2.2250000e+02;1.9270869e-01;2.2250000e+02;2.2419961e-01;2.2250000e+02;2.0968620e-01;2.2250000e+02;2.0649363e-01;2.2250000e+02;1.4874402e-01;2.2250000e+02;8.5473955e-02;2.2250000e+02;3.0680403e-02;2.2250000e+02;-1.7026916e-02;2.2250000e+02;-6.1340272e-02;2.2250000e+02;-1.0487904e-01;2.2250000e+02;-1.4662945e-01;2.2250000e+02;-1.8941939e-01;2.2250000e+02;-8.8272884e-02;2.2250000e+02;-7.5009748e-02;2.2250000e+02;-4.1414294e-02;2.2250000e+02;1.3350848e-02;2.2250000e+02;6.9905907e-02;2.2250000e+02;1.2904471e-01;2.2250000e+02;1.9270869e-01;2.2250000e+02;2.2419961e-01;2.2250000e+02;2.0968620e-01;2.2250000e+02;2.0649363e-01;2.2250000e+02;1.4874402e-01;2.2250000e+02;8.5473955e-02;2.2250000e+02;3.0680403e-02;2.2250000e+02;-1.7026916e-02;2.2250000e+02;-6.1340272e-02;2.2250000e+02;-1.0487904e-01;2.2250000e+02;-1.4662945e-01;2.2250000e+02;-1.8941939e-01;2.2250000e+02;-8.8272884e-02;2.2250000e+02;-7.5009748e-02;2.2250000e+02;-4.1414294e-02;2.2250000e+02;1.3350848e-02;2.2250000e+02;6.9905907e-02;2.2250000e+02;1.2904471e-01;2.2250000e+02;1.9270869e-01;2.2250000e+02;2.2419961e-01;2.2250000e+02;2.0968620e-01;2.2250000e+02;2.0649363e-01;2.2250000e+02;1.4874402e-01;2.2250000e+02;8.5473955e-02;2.2250000e+02;3.0680403e-02;2.2250000e+02;-1.7026916e-02;2.2250000e+02;-6.1340272e-02;2.2250000e+02;-1.0487904e-01;2.2250000e+02;-1.4662945e-01;2.2250000e+02;-1.8941939e-01;2.2250000e+02;-8.8272884e-02;2.2250000e+02;-7.5009748e-02;2.2250000e+02;-4.1414294e-02;2.2250000e+02;1.3350848e-02;2.2250000e+02;6.9905907e-02;2.2250000e+02;1.2904471e-01;2.2250000e+02;1.9270869e-01;2.2250000e+02;2.2419961e-01;2.2250000e+02;2.0968620e-01;2.2250000e+02;2.0649363e-01;2.2250000e+02;1.4874402e-01;2.2250000e+02;8.5473955e-02;2.2250000e+02;3.0680403e-02;2.2250000e+02;-1.7026916e-02;2.2250000e+02;-6.1340272e-02;2.2250000e+02;-1.0487904e-01;2.2250000e+02;-1.4662945e-01;2.2250000e+02;-1.8941939e-01;2.2250000e+02;-8.8272884e-02;2.2250000e+02;-7.5009748e-02;2.2250000e+02;-4.1414294e-02;2.2250000e+02;1.3350848e-02;2.2250000e+02;6.9905907e-02;2.2250000e+02;1.2904471e-01;2.2250000e+02;1.9270869e-01;2.2250000e+02;2.2419961e-01;2.2250000e+02;2.0968620e-01;2.2250000e+02;2.0649363e-01;2.2250000e+02;1.4874402e-01;2.2250000e+02;8.5473955e-02;2.2250000e+02;3.0680403e-02;2.2250000e+02;-1.7026916e-02;2.2250000e+02;-6.1340272e-02;2.2250000e+02;-1.0487904e-01;2.2250000e+02;-1.4662945e-01;2.2250000e+02;-1.8941939e-01;2.2250000e+02;-8.8272884e-02;2.2250000e+02;-7.5009748e-02;2.2250000e+02;-4.1414294e-02;2.2250000e+02;1.3350848e-02;2.2250000e+02;6.9905907e-02;2.2250000e+02;1.2904471e-01;2.2250000e+02;1.9270869e-01;2.2250000e+02;2.2419961e-01;2.2250000e+02;2.0968620e-01;2.2250000e+02;2.0649363e-01;2.2250000e+02;1.4874402e-01;2.2250000e+02;8.5473955e-02;2.2250000e+02;3.0680403e-02;2.2250000e+02;-1.7026916e-02;2.2250000e+02;-6.1340272e-02;2.2250000e+02;-1.0487904e-01;2.2250000e+02;-1.4662945e-01;2.2250000e+02;-1.8941939e-01;2.2250000e+02;-8.8272884e-02;2.2250000e+02;-7.5009748e-02;2.2250000e+02;-4.1414294e-02;2.2250000e+02;1.3350848e-02;2.2250000e+02;6.9905907e-02;2.2250000e+02;1.2904471e-01;2.2250000e+02;1.9270869e-01;2.2250000e+02;2.2419961e-01;2.2250000e+02;2.0968620e-01;2.2250000e+02;2.0649363e-01;2.2250000e+02;1.4874402e-01;2.2250000e+02;8.5473955e-02;2.2250000e+02;3.0680403e-02;2.2250000e+02;-1.7026916e-02;2.2250000e+02;-6.1340272e-02;2.2250000e+02;-1.0487904e-01;2.2250000e+02;-1.4662945e-01;2.2250000e+02;-1.8941939e-01;2.2250000e+02;-8.8272884e-02;2.2250000e+02;-7.5009748e-02;2.2250000e+02;-4.1414294e-02;2.2250000e+02;1.3350848e-02;2.2250000e+02;6.9905907e-02;2.2250000e+02;1.2904471e-01;2.2250000e+02;1.9270869e-01;2.2250000e+02;2.2419961e-01;2.2250000e+02;2.0968620e-01;2.2250000e+02;2.0649363e-01;2.2250000e+02;1.4874402e-01;2.2250000e+02;8.5473955e-02;2.2250000e+02;3.0680403e-02;2.2250000e+02;-1.7026916e-02;2.2250000e+02;-6.1340272e-02;2.2250000e+02;-1.0487904e-01;2.2250000e+02;-1.4662945e-01;2.2250000e+02;-1.8941939e-01;2.2250000e+02;-8.8272884e-02;2.2250000e+02;-7.5009748e-02;2.2250000e+02;-4.1414294e-02;2.2250000e+02;1.3350848e-02;2.2250000e+02;6.9905907e-02;2.2250000e+02;1.2904471e-01;2.2250000e+02;1.9270869e-01;2.2250000e+02;2.2419961e-01;2.2250000e+02;2.0968620e-01;2.2250000e+02;2.0649363e-01;2.2250000e+02;1.4874402e-01;2.2250000e+02;8.5473955e-02;2.2250000e+02;3.0680403e-02;2.2250000e+02;-1.7026916e-02;2.2250000e+02;-6.1340272e-02;2.2250000e+02;-1.0487904e-01;2.2250000e+02;-1.4662945e-01;2.2250000e+02;-1.8941939e-01;2.2250000e+02;-8.8272884e-02;2.2250000e+02;-7.5009748e-02;2.2250000e+02;-4.1414294e-02;2.2250000e+02;1.3350848e-02;2.2250000e+02;6.9905907e-02;2.2250000e+02;1.2904471e-01;2.2250000e+02;1.9270869e-01;2.2250000e+02;2.2419961e-01;2.2250000e+02;2.0968620e-01;2.2250000e+02;2.0649363e-01;2.2250000e+02;1.4874402e-01;2.2250000e+02;8.5473955e-02;2.2250000e+02;3.0680403e-02;2.2250000e+02;-1.7026916e-02;2.2250000e+02;-6.1340272e-02;2.2250000e+02;-1.0487904e-01;2.2250000e+02;-1.4662945e-01;2.2250000e+02;-1.8941939e-01;2.2250000e+02;-8.8272884e-02;2.2250000e+02;-7.5009748e-02;2.2250000e+02;-4.1414294e-02;2.2250000e+02;1.3350848e-02;2.2250000e+02;6.9905907e-02;2.2250000e+02;1.2904471e-01;2.2250000e+02;1.9270869e-01;2.2250000e+02;2.2419961e-01;2.2250000e+02;2.0968620e-01;2.2250000e+02;2.0649363e-01;2.2250000e+02;1.4874402e-01;2.2250000e+02;8.5473955e-02;2.2250000e+02;3.0680403e-02;2.2250000e+02;-1.7026916e-02;2.2250000e+02;-6.1340272e-02;2.2250000e+02;-1.0487904e-01;2.2250000e+02;-1.4662945e-01;2.2250000e+02;-1.8941939e-01;2.2250000e+02;-8.8272884e-02;2.2250000e+02;-7.5009748e-02;2.2250000e+02;-4.1414294e-02;2.2250000e+02;1.3350848e-02;2.2250000e+02;6.9905907e-02;2.2250000e+02;1.2904471e-01;2.2250000e+02;1.9270869e-01;2.2250000e+02;2.2419961e-01;2.2250000e+02;2.0968620e-01;2.2250000e+02;2.0649363e-01;2.2250000e+02;1.4874402e-01;2.2250000e+02;8.5473955e-02;2.2250000e+02;3.0680403e-02;2.2250000e+02;-1.7026916e-02;2.2250000e+02;-6.1340272e-02;2.2250000e+02;-1.0487904e-01;2.2250000e+02;-1.4662945e-01;2.2250000e+02;-1.8941939e-01;2.2250000e+02;-8.8272884e-02;2.2250000e+02;-7.5009748e-02;2.2250000e+02;-4.1414294e-02;2.2250000e+02;1.3350848e-02;2.2250000e+02;6.9905907e-02;2.2250000e+02;1.2904471e-01;2.2250000e+02;1.9270869e-01;2.2250000e+02;2.2419961e-01;2.2250000e+02;2.0968620e-01;2.2250000e+02;2.0649363e-01;2.2250000e+02;1.4874402e-01;2.2250000e+02;8.5473955e-02;2.2250000e+02;3.0680403e-02;2.2250000e+02;-1.7026916e-02;2.2250000e+02;-6.1340272e-02;2.2250000e+02;-1.0487904e-01;2.2250000e+02;-1.4662945e-01;2.2250000e+02;-1.8941939e-01;2.2250000e+02;-8.8272884e-02;2.2250000e+02;-7.5009748e-02;2.2250000e+02;-4.1414294e-02;2.2250000e+02;1.3350848e-02;2.2250000e+02;6.9905907e-02;2.2250000e+02;1.2904471e-01;2.2250000e+02;1.9270869e-01;2.2250000e+02;2.2419961e-01;2.2250000e+02;2.0968620e-01;2.2250000e+02;2.0649363e-01;2.2250000e+02;1.4874402e-01;2.2250000e+02;8.5473955e-02;2.2250000e+02;3.0680403e-02;2.2250000e+02;-1.7026916e-02;2.2250000e+02;-6.1340272e-02;2.2250000e+02;-1.0487904e-01;2.2250000e+02;-1.4662945e-01;2.2250000e+02;-1.8941939e-01;2.2250000e+02;-8.8272884e-02;2.2250000e+02;-7.5009748e-02;2.2250000e+02;-4.1414294e-02;2.2250000e+02;1.3350848e-02;2.2250000e+02;6.9905907e-02;2.2250000e+02;1.2904471e-01;2.2250000e+02;1.9270869e-01;2.2250000e+02;2.2419961e-01;2.2250000e+02;2.0968620e-01;2.2250000e+02;2.0649363e-01;2.2250000e+02;1.4874402e-01;2.2250000e+02;8.5473955e-02;2.2250000e+02;3.0680403e-02;2.2250000e+02;-1.7026916e-02;2.2250000e+02;-6.1340272e-02;2.2250000e+02;-1.0487904e-01;2.2250000e+02;-1.4662945e-01;2.2250000e+02;-1.8941939e-01;2.2250000e+02;-8.8272884e-02;2.2250000e+02;-7.5009748e-02;2.2250000e+02;-4.1414294e-02;2.2250000e+02;1.3350848e-02;2.2250000e+02;6.9905907e-02;2.2250000e+02;1.2904471e-01;2.2250000e+02;1.9270869e-01;2.2250000e+02;2.2419961e-01;2.2250000e+02;2.0968620e-01;2.2250000e+02;2.0649363e-01;2.2250000e+02;1.4874402e-01;2.2250000e+02;8.5473955e-02;2.2250000e+02;3.0680403e-02;2.2250000e+02;-1.7026916e-02;2.2250000e+02;-6.1340272e-02;2.2250000e+02;-1.0487904e-01;2.2250000e+02;-1.4662945e-01;2.2250000e+02;-1.8941939e-01;2.2250000e+02;-8.8272884e-02;2.2250000e+02;-7.5009748e-02;2.2250000e+02;-4.1414294e-02;2.2250000e+02;1.3350848e-02;2.2250000e+02;6.9905907e-02;2.2250000e+02;1.2904471e-01;2.2250000e+02;1.9270869e-01;2.2250000e+02;2.2419961e-01;2.2250000e+02;2.0968620e-01;2.2250000e+02;2.0649363e-01;2.2250000e+02;1.4874402e-01;2.2250000e+02;8.5473955e-02;2.2250000e+02;3.0680403e-02;2.2250000e+02;-1.7026916e-02;2.2250000e+02;-6.1340272e-02;2.2250000e+02;-1.0487904e-01;2.2250000e+02;-1.4662945e-01;2.2250000e+02;-1.8941939e-01;2.2250000e+02;-8.8272884e-02;2.2250000e+02;-7.5009748e-02;2.2250000e+02;-4.1414294e-02;2.2250000e+02;1.3350848e-02;2.2250000e+02;6.9905907e-02;2.2250000e+02;1.2904471e-01;2.2250000e+02;1.9270869e-01;2.2250000e+02;2.2419961e-01;2.2250000e+02;2.0968620e-01;2.2250000e+02;2.0649363e-01;2.2250000e+02;1.4874402e-01;2.2250000e+02;8.5473955e-02;2.2250000e+02;3.0680403e-02;2.2250000e+02;-1.7026916e-02;2.2250000e+02;-6.1340272e-02;2.2250000e+02;-1.0487904e-01;2.2250000e+02;-1.4662945e-01;2.2250000e+02;-1.8941939e-01;2.2250000e+02;-8.8272884e-02;2.2250000e+02;-7.5009748e-02;2.2250000e+02;-4.1414294e-02;2.2250000e+02;1.3350848e-02;2.2250000e+02;6.9905907e-02;2.2250000e+02;1.2904471e-01;2.2250000e+02;1.9270869e-01;2.2250000e+02;2.2419961e-01;2.2250000e+02;2.0968620e-01;2.2250000e+02;2.0649363e-01;2.2250000e+02;1.4874402e-01;2.2250000e+02;8.5473955e-02;2.2250000e+02;3.0680403e-02;2.2250000e+02;-1.7026916e-02;2.2250000e+02;-6.1340272e-02;2.2250000e+02;-1.0487904e-01;2.2250000e+02;-1.4662945e-01;2.2250000e+02;-1.8941939e-01;2.2250000e+02;-8.8272884e-02;2.2250000e+02;-7.5009748e-02;2.2250000e+02;-4.1414294e-02;2.2250000e+02;1.3350848e-02;2.2250000e+02;6.9905907e-02;2.2250000e+02;1.2904471e-01;2.2250000e+02;1.9270869e-01;2.2250000e+02;2.2419961e-01;2.2250000e+02;2.0968620e-01;2.2250000e+02;2.0649363e-01;2.2250000e+02;1.4874402e-01;2.2250000e+02;8.5473955e-02;2.2250000e+02;3.0680403e-02;2.2250000e+02;-1.7026916e-02;2.2250000e+02;-6.1340272e-02;2.2250000e+02;-1.0487904e-01;2.2250000e+02;-1.4662945e-01;2.2250000e+02;-1.8941939e-01;2.2250000e+02;-8.8272884e-02;2.2250000e+02;-7.5009748e-02;2.2250000e+02;-4.1414294e-02;2.2250000e+02;1.3350848e-02;2.2250000e+02;6.9905907e-02;2.2250000e+02;1.2904471e-01;2.2250000e+02;1.9270869e-01;2.2250000e+02;2.2419961e-01;2.2250000e+02;2.0968620e-01;2.2250000e+02;2.0649363e-01;2.2250000e+02;1.4874402e-01;2.2250000e+02;8.5473955e-02;2.2250000e+02;3.0680403e-02;2.2250000e+02;-1.7026916e-02;2.2250000e+02;-6.1340272e-02;2.2250000e+02;-1.0487904e-01;2.2250000e+02;-1.4662945e-01;2.2250000e+02;-1.8941939e-01;2.2250000e+02;-8.8272884e-02;2.2250000e+02;-7.5009748e-02;2.2250000e+02;-4.1414294e-02;2.2250000e+02;1.3350848e-02;2.2250000e+02;6.9905907e-02;2.2250000e+02;1.2904471e-01;2.2250000e+02;1.9270869e-01;2.2250000e+02;2.2419961e-01;2.2250000e+02;2.0968620e-01;2.2250000e+02;2.0649363e-01;2.2250000e+02;1.4874402e-01;2.2250000e+02;8.5473955e-02;2.2250000e+02;3.0680403e-02;2.2250000e+02;-1.7026916e-02;2.2250000e+02;-6.1340272e-02;2.2250000e+02;-1.0487904e-01;2.2250000e+02;-1.4662945e-01;2.2250000e+02;-1.8941939e-01;2.2250000e+02;-8.8272884e-02;2.2250000e+02;-7.5009748e-02;2.2250000e+02;-4.1414294e-02;2.2250000e+02;1.3350848e-02;2.2250000e+02;6.9905907e-02;2.2250000e+02;1.2904471e-01;2.2250000e+02;1.9270869e-01;2.2250000e+02;2.2419961e-01;2.2250000e+02;2.0968620e-01;2.2250000e+02;2.0649363e-01;2.2250000e+02;1.4874402e-01;2.2250000e+02;8.5473955e-02;2.2250000e+02;3.0680403e-02;2.2250000e+02;-1.7026916e-02;2.2250000e+02;-6.1340272e-02;2.2250000e+02;-1.0487904e-01;2.2250000e+02;-1.4662945e-01;2.2250000e+02;-1.8941939e-01;2.2250000e+02;-8.8272884e-02;2.2250000e+02;-7.5009748e-02;2.2250000e+02;-4.1414294e-02;2.2250000e+02;1.3350848e-02;2.2250000e+02;6.9905907e-02;2.2250000e+02;1.2904471e-01;2.2250000e+02;1.9270869e-01;2.2250000e+02;2.2419961e-01;2.2250000e+02;2.0968620e-01;2.2250000e+02;2.0649363e-01;2.2250000e+02;1.4874402e-01;2.2250000e+02;8.5473955e-02;2.2250000e+02;3.0680403e-02;2.2250000e+02;-1.7026916e-02;2.2250000e+02;-6.1340272e-02;2.2250000e+02;-1.0487904e-01;2.2250000e+02;-1.4662945e-01;2.2250000e+02;-1.8941939e-01;2.2250000e+02;-8.8272884e-02;2.2250000e+02;-7.5009748e-02;2.2250000e+02;-4.1414294e-02;2.2250000e+02;1.3350848e-02;2.2250000e+02;6.9905907e-02;2.2250000e+02;1.2904471e-01;2.2250000e+02;1.9270869e-01;2.2250000e+02;2.2419961e-01;2.2250000e+02;2.0968620e-01;2.2250000e+02;2.0649363e-01;2.2250000e+02;1.4874402e-01;2.2250000e+02;8.5473955e-02;2.2250000e+02;3.0680403e-02;2.2250000e+02;-1.7026916e-02;2.2250000e+02;-6.1340272e-02;2.2250000e+02;-1.0487904e-01;2.2250000e+02;-1.4662945e-01;2.2250000e+02;-1.8941939e-01;2.2250000e+02;-8.8272884e-02;2.2250000e+02;-7.5009748e-02;2.2250000e+02;-4.1414294e-02;2.2250000e+02;1.3350848e-02;2.2250000e+02;6.9905907e-02;2.2250000e+02;1.2904471e-01;2.2250000e+02;1.9270869e-01;2.2250000e+02;2.2419961e-01;2.2250000e+02;2.0968620e-01;2.2250000e+02;2.0649363e-01;2.2250000e+02;1.4874402e-01;2.2250000e+02;8.5473955e-02;2.2250000e+02;3.0680403e-02;2.2250000e+02;-1.7026916e-02;2.2250000e+02;-6.1340272e-02;2.2250000e+02;-1.0487904e-01;2.2250000e+02;-1.4662945e-01;2.2250000e+02;-1.8941939e-01;2.2250000e+02;-8.8272884e-02;2.2250000e+02;-7.5009748e-02;2.2250000e+02;-4.1414294e-02;2.2250000e+02;1.3350848e-02;2.2250000e+02;6.9905907e-02;2.2250000e+02;1.2904471e-01;2.2250000e+02;1.9270869e-01;2.2250000e+02;2.2419961e-01;2.2250000e+02;2.0968620e-01;2.2250000e+02;2.0649363e-01;2.2250000e+02;1.4874402e-01;2.2250000e+02;8.5473955e-02;2.2250000e+02;3.0680403e-02;2.2250000e+02;-1.7026916e-02;2.2250000e+02;-6.1340272e-02;2.2250000e+02;-1.0487904e-01;2.2250000e+02;-1.4662945e-01;2.2250000e+02;-1.8941939e-01;2.2250000e+02;-8.8272884e-02;2.2250000e+02;-7.5009748e-02;2.2250000e+02;-4.1414294e-02;2.2250000e+02;1.3350848e-02;2.2250000e+02;6.9905907e-02;2.2250000e+02;1.2904471e-01;2.2250000e+02;1.9270869e-01;2.2250000e+02;2.2419961e-01;2.2250000e+02;2.0968620e-01;2.2250000e+02;2.0649363e-01;2.2250000e+02;1.4874402e-01;2.2250000e+02;8.5473955e-02;2.2250000e+02;3.0680403e-02;2.2250000e+02;-1.7026916e-02;2.2250000e+02;-6.1340272e-02;2.2250000e+02;-1.0487904e-01;2.2250000e+02;-1.4662945e-01;2.2250000e+02;-1.8941939e-01;2.2250000e+02;-8.8272884e-02;2.2250000e+02;-7.5009748e-02;2.2250000e+02;-4.1414294e-02;2.2250000e+02;1.3350848e-02;2.2250000e+02;6.9905907e-02;2.2250000e+02;1.2904471e-01;2.2250000e+02;1.9270869e-01;2.2250000e+02;2.2419961e-01;2.2250000e+02;2.0968620e-01;2.2250000e+02;2.0649363e-01;2.2250000e+02;1.4874402e-01;2.2250000e+02;8.5473955e-02;2.2250000e+02;3.0680403e-02;2.2250000e+02;-1.7026916e-02;2.2250000e+02;-6.1340272e-02;2.2250000e+02;-1.0487904e-01;2.2250000e+02;-1.4662945e-01;2.2250000e+02;-1.8941939e-01;2.2250000e+02;-8.8272884e-02;2.2250000e+02;-7.5009748e-02;2.2250000e+02;-4.1414294e-02;2.2250000e+02;1.3350848e-02;2.2250000e+02;6.9905907e-02;2.2250000e+02;1.2904471e-01;2.2250000e+02;1.9270869e-01;2.2250000e+02;2.2419961e-01;2.2250000e+02;2.0968620e-01;2.2250000e+02;2.0649363e-01;2.2250000e+02;1.4874402e-01;2.2250000e+02;8.5473955e-02;2.2250000e+02;3.0680403e-02;2.2250000e+02;-1.7026916e-02;2.2250000e+02;-6.1340272e-02;2.2250000e+02;-1.0487904e-01;2.2250000e+02;-1.4662945e-01;2.2250000e+02;-1.8941939e-01;2.2250000e+02;-8.8272884e-02;2.2250000e+02;-7.5009748e-02;2.2250000e+02;-4.1414294e-02;2.2250000e+02;1.3350848e-02;2.2250000e+02;6.9905907e-02;2.2250000e+02;1.2904471e-01;2.2250000e+02;1.9270869e-01;2.2250000e+02;2.2419961e-01;2.2250000e+02;2.0968620e-01;2.2250000e+02;2.0649363e-01;2.2250000e+02;1.4874402e-01;2.2250000e+02;8.5473955e-02;2.2250000e+02;3.0680403e-02;2.2250000e+02;-1.7026916e-02;2.2250000e+02;-6.1340272e-02;2.2250000e+02;-1.0487904e-01;2.2250000e+02;-1.4662945e-01;2.2250000e+02;-1.8941939e-01;2.2250000e+02;-8.8272884e-02;2.2250000e+02;-7.5009748e-02;2.2250000e+02;-4.1414294e-02;2.2250000e+02;1.3350848e-02;2.2250000e+02;6.9905907e-02;2.2250000e+02;1.2904471e-01;2.2250000e+02;1.9270869e-01;2.2250000e+02;2.2419961e-01;2.2250000e+02;2.0968620e-01;2.2250000e+02;2.0649363e-01;2.2250000e+02;1.4874402e-01;2.2250000e+02;8.5473955e-02;2.2250000e+02;3.0680403e-02;2.2250000e+02;-1.7026916e-02;2.2250000e+02;-6.1340272e-02;2.2250000e+02;-1.0487904e-01;2.2250000e+02;-1.4662945e-01;2.2250000e+02;-1.8941939e-01;2.2250000e+02;-8.8272884e-02;2.2250000e+02;-7.5009748e-02;2.2250000e+02;-4.1414294e-02;2.2250000e+02;1.3350848e-02;2.2250000e+02;6.9905907e-02;2.2250000e+02;1.2904471e-01;2.2250000e+02;1.9270869e-01;2.2250000e+02;2.2419961e-01;2.2250000e+02;2.0968620e-01;2.2250000e+02;2.0649363e-01;2.2250000e+02;1.4874402e-01;2.2250000e+02;8.5473955e-02;2.2250000e+02;3.0680403e-02;2.2250000e+02;-1.7026916e-02;2.2250000e+02;-6.1340272e-02;2.2250000e+02;-1.0487904e-01;2.2250000e+02;-1.4662945e-01;2.2250000e+02;-1.8941939e-01;2.2250000e+02;-8.8272884e-02;2.2250000e+02;-7.5009748e-02;2.2250000e+02;-4.1414294e-02;2.2250000e+02;1.3350848e-02;2.2250000e+02;6.9905907e-02;2.2250000e+02;1.2904471e-01;2.2250000e+02;1.9270869e-01;2.2250000e+02;2.2419961e-01;2.2250000e+02;2.0968620e-01;2.2250000e+02;2.0649363e-01;2.2250000e+02;1.4874402e-01;2.2250000e+02;8.5473955e-02;2.2250000e+02;3.0680403e-02;2.2250000e+02;-1.7026916e-02;2.2250000e+02;-6.1340272e-02;2.2250000e+02;-1.0487904e-01;2.2250000e+02;-1.4662945e-01;2.2250000e+02;-1.8941939e-01;2.2250000e+02;-8.8272884e-02;2.2250000e+02;-7.5009748e-02;2.2250000e+02;-4.1414294e-02;2.2250000e+02;1.3350848e-02;2.2250000e+02;6.9905907e-02;2.2250000e+02;1.2904471e-01;2.2250000e+02;1.9270869e-01;2.2250000e+02;2.2419961e-01;2.2250000e+02;2.0968620e-01;2.2250000e+02;2.0649363e-01;2.2250000e+02;1.4874402e-01;2.2250000e+02;8.5473955e-02;2.2250000e+02;3.0680403e-02;2.2250000e+02;-1.7026916e-02;2.2250000e+02;-6.1340272e-02;2.2250000e+02;-1.0487904e-01;2.2250000e+02;-1.4662945e-01;2.2250000e+02;-1.8941939e-01;2.2250000e+02;-8.8272884e-02;2.2250000e+02;-7.5009748e-02;2.2250000e+02;-4.1414294e-02;2.2250000e+02;1.3350848e-02;2.2250000e+02;6.9905907e-02;2.2250000e+02;1.2904471e-01;2.2250000e+02;1.9270869e-01;2.2250000e+02;2.2419961e-01;2.2250000e+02;2.0968620e-01;2.2250000e+02;2.0649363e-01;2.2250000e+02;1.4874402e-01;2.2250000e+02;8.5473955e-02;2.2250000e+02;3.0680403e-02;2.2250000e+02;-1.7026916e-02;2.2250000e+02;-6.1340272e-02;2.2250000e+02;-1.0487904e-01;2.2250000e+02;-1.4662945e-01;2.2250000e+02;-1.8941939e-01;2.2250000e+02;-8.8272884e-02;2.2250000e+02;-7.5009748e-02;2.2250000e+02;-4.1414294e-02;2.2250000e+02;1.3350848e-02;2.2250000e+02;6.9905907e-02;2.2250000e+02;1.2904471e-01;2.2250000e+02;1.9270869e-01;2.2250000e+02;2.2419961e-01;2.2250000e+02;2.0968620e-01;2.2250000e+02;2.0649363e-01;2.2250000e+02;1.4874402e-01;2.2250000e+02;8.5473955e-02;2.2250000e+02;3.0680403e-02;2.2250000e+02;-1.7026916e-02;2.2250000e+02;-6.1340272e-02;2.2250000e+02;-1.0487904e-01;2.2250000e+02;-1.4662945e-01;2.2250000e+02;-1.8941939e-01;2.2250000e+02;-8.8272884e-02;2.2250000e+02;-7.5009748e-02;2.2250000e+02;-4.1414294e-02;2.2250000e+02;1.3350848e-02;2.2250000e+02;6.9905907e-02;2.2250000e+02;1.2904471e-01;2.2250000e+02;1.9270869e-01;2.2250000e+02;2.2419961e-01;2.2250000e+02;2.0968620e-01;2.2250000e+02;2.0649363e-01;2.2250000e+02;1.4874402e-01;2.2250000e+02;8.5473955e-02;2.2250000e+02;3.0680403e-02;2.2250000e+02;-1.7026916e-02;2.2250000e+02;-6.1340272e-02;2.2250000e+02;-1.0487904e-01;2.2250000e+02;-1.4662945e-01;2.2250000e+02;-1.8941939e-01;2.2250000e+02;-8.8272884e-02;2.2250000e+02;-7.5009748e-02;2.2250000e+02;-4.1414294e-02;2.2250000e+02;1.3350848e-02;2.2250000e+02;6.9905907e-02;2.2250000e+02;1.2904471e-01;2.2250000e+02;1.9270869e-01;2.2250000e+02;2.2419961e-01;2.2250000e+02;2.0968620e-01;2.2250000e+02;2.0649363e-01;2.2250000e+02;1.4874402e-01;2.2250000e+02;8.5473955e-02;2.2250000e+02;3.0680403e-02;2.2250000e+02;-1.7026916e-02;2.2250000e+02;-6.1340272e-02;2.2250000e+02;-1.0487904e-01;2.2250000e+02;-1.4662945e-01;2.2250000e+02;-1.8941939e-01;2.2250000e+02;-8.8272884e-02;2.2250000e+02;-7.5009748e-02;2.2250000e+02;-4.1414294e-02;2.2250000e+02;1.3350848e-02;2.2250000e+02;6.9905907e-02;2.2250000e+02;1.2904471e-01;2.2250000e+02;1.9270869e-01;2.2250000e+02;2.2419961e-01;2.2250000e+02;2.0968620e-01;2.2250000e+02;2.0649363e-01;2.2250000e+02;1.4874402e-01;2.2250000e+02;8.5473955e-02;2.2250000e+02;3.0680403e-02;2.2250000e+02;-1.7026916e-02;2.2250000e+02;-6.1340272e-02;2.2250000e+02;-1.0487904e-01;2.2250000e+02;-1.4662945e-01;2.2250000e+02;-1.8941939e-01;2.2250000e+02;-8.8272884e-02;2.2250000e+02;-7.5009748e-02;2.2250000e+02;-4.1414294e-02;2.2250000e+02;1.3350848e-02;2.2250000e+02;6.9905907e-02;2.2250000e+02;1.2904471e-01;2.2250000e+02;1.9270869e-01;2.2250000e+02;2.2419961e-01;2.2250000e+02;2.0968620e-01;2.2250000e+02;2.0649363e-01;2.2250000e+02;1.4874402e-01;2.2250000e+02;8.5473955e-02;2.2250000e+02;3.0680403e-02;2.2250000e+02;-1.7026916e-02;2.2250000e+02;-6.1340272e-02;2.2250000e+02;-1.0487904e-01;2.2250000e+02;-1.4662945e-01;2.2250000e+02;-1.8941939e-01;2.2250000e+02;-8.8272884e-02;2.2250000e+02;-7.5009748e-02;2.2250000e+02;-4.1414294e-02;2.2250000e+02;1.3350848e-02;2.2250000e+02;6.9905907e-02;2.2250000e+02;1.2904471e-01;2.2250000e+02;1.9270869e-01;2.2250000e+02;2.2419961e-01;2.2250000e+02;2.0968620e-01;2.2250000e+02;2.0649363e-01;2.2250000e+02;1.4874402e-01;2.2250000e+02;8.5473955e-02;2.2250000e+02;3.0680403e-02;2.2250000e+02;-1.7026916e-02;2.2250000e+02;-6.1340272e-02;2.2250000e+02;-1.0487904e-01;2.2250000e+02;-1.4662945e-01;2.2250000e+02;-1.8941939e-01;2.2250000e+02;-8.8272884e-02;2.2250000e+02;-7.5009748e-02;2.2250000e+02;-4.1414294e-02;2.2250000e+02;1.3350848e-02;2.2250000e+02;6.9905907e-02;2.2250000e+02;1.2904471e-01;2.2250000e+02;1.9270869e-01;2.2250000e+02;2.2419961e-01;2.2250000e+02;2.0968620e-01;2.2250000e+02;2.0649363e-01;2.2250000e+02;1.4874402e-01;2.2250000e+02;8.5473955e-02;2.2250000e+02;3.0680403e-02;2.2250000e+02;-1.7026916e-02;2.2250000e+02;-6.1340272e-02;2.2250000e+02;-1.0487904e-01;2.2250000e+02;-1.4662945e-01;2.2250000e+02;-1.8941939e-01;2.2250000e+02;-8.8272884e-02;2.2250000e+02;-7.5009748e-02;2.2250000e+02;-4.1414294e-02;2.2250000e+02;1.3350848e-02;2.2250000e+02;6.9905907e-02;2.2250000e+02;1.2904471e-01;2.2250000e+02;1.9270869e-01;2.2250000e+02;2.2419961e-01;2.2250000e+02;2.0968620e-01;2.2250000e+02;2.0649363e-01;2.2250000e+02;1.4874402e-01;2.2250000e+02;8.5473955e-02;2.2250000e+02;3.0680403e-02;2.2250000e+02;-1.7026916e-02;2.2250000e+02;-6.1340272e-02;2.2250000e+02;-1.0487904e-01;2.2250000e+02;-1.4662945e-01;2.2250000e+02;-1.8941939e-01;2.2250000e+02;-8.8272884e-02;2.2250000e+02;-7.5009748e-02;2.2250000e+02;-4.1414294e-02;2.2250000e+02;1.3350848e-02;2.2250000e+02;6.9905907e-02;2.2250000e+02;1.2904471e-01;2.2250000e+02;1.9270869e-01;2.2250000e+02;2.2419961e-01;2.2250000e+02;2.0968620e-01;2.2250000e+02;2.0649363e-01;2.2250000e+02;1.4874402e-01;2.2250000e+02;8.5473955e-02;2.2250000e+02;3.0680403e-02;2.2250000e+02;-1.7026916e-02;2.2250000e+02;-6.1340272e-02;2.2250000e+02;-1.0487904e-01;2.2250000e+02;-1.4662945e-01;2.2250000e+02;-1.8941939e-01;2.2250000e+02;-8.8272884e-02;2.2250000e+02;-7.5009748e-02;2.2250000e+02;-4.1414294e-02;2.2250000e+02;1.3350848e-02;2.2250000e+02;6.9905907e-02;2.2250000e+02;1.2904471e-01;2.2250000e+02;1.9270869e-01;2.2250000e+02;2.2419961e-01;2.2250000e+02;2.0968620e-01;2.2250000e+02;2.0649363e-01;2.2250000e+02;1.4874402e-01;2.2250000e+02;8.5473955e-02;2.2250000e+02;3.0680403e-02;2.2250000e+02;-1.7026916e-02;2.2250000e+02;-6.1340272e-02;2.2250000e+02;-1.0487904e-01;2.2250000e+02;-1.4662945e-01;2.2250000e+02;-1.8941939e-01;2.2250000e+02;-8.8272884e-02;2.2250000e+02;-7.5009748e-02;2.2250000e+02;-4.1414294e-02;2.2250000e+02;1.3350848e-02;2.2250000e+02;6.9905907e-02;2.2250000e+02;1.2904471e-01;2.2250000e+02;1.9270869e-01;2.2250000e+02;2.2419961e-01;2.2250000e+02;2.0968620e-01;2.2250000e+02;2.0649363e-01;2.2250000e+02;1.4874402e-01;2.2250000e+02;8.5473955e-02;2.2250000e+02;3.0680403e-02;2.2250000e+02;-1.7026916e-02;2.2250000e+02;-6.1340272e-02;2.2250000e+02;-1.0487904e-01;2.2250000e+02;-1.4662945e-01;2.2250000e+02;-1.8941939e-01;2.2250000e+02;-8.8272884e-02;2.2250000e+02;-7.5009748e-02;2.2250000e+02;-4.1414294e-02;2.2250000e+02;1.3350848e-02;2.2250000e+02;6.9905907e-02;2.2250000e+02;1.2904471e-01;2.2250000e+02;1.9270869e-01;2.2250000e+02;2.2419961e-01;2.2250000e+02;2.0968620e-01;2.2250000e+02;2.0649363e-01;2.2250000e+02;1.4874402e-01;2.2250000e+02;8.5473955e-02;2.2250000e+02;3.0680403e-02;2.2250000e+02;-1.7026916e-02;2.2250000e+02;-6.1340272e-02;2.2250000e+02;-1.0487904e-01;2.2250000e+02;-1.4662945e-01;2.2250000e+02;-1.8941939e-01;2.2250000e+02;-8.8272884e-02;2.2250000e+02;-7.5009748e-02;2.2250000e+02;-4.1414294e-02;2.2250000e+02;1.3350848e-02;2.2250000e+02;6.9905907e-02;2.2250000e+02;1.2904471e-01;2.2250000e+02;1.9270869e-01;2.2250000e+02;2.2419961e-01;2.2250000e+02;2.0968620e-01;2.2250000e+02;2.0649363e-01;2.2250000e+02;1.4874402e-01;2.2250000e+02;8.5473955e-02;2.2250000e+02;3.0680403e-02;2.2250000e+02;-1.7026916e-02;2.2250000e+02;-6.1340272e-02;2.2250000e+02;-1.0487904e-01;2.2250000e+02;-1.4662945e-01;2.2250000e+02;-1.8941939e-01;2.2250000e+02;-8.8272884e-02;2.2250000e+02;-7.5009748e-02;2.2250000e+02;-4.1414294e-02;2.2250000e+02;1.3350848e-02;2.2250000e+02;6.9905907e-02;2.2250000e+02;1.2904471e-01;2.2250000e+02;1.9270869e-01;2.2250000e+02;2.2419961e-01;2.2250000e+02;2.0968620e-01;2.2250000e+02;2.0649363e-01;2.2250000e+02;1.4874402e-01;2.2250000e+02;8.5473955e-02;2.2250000e+02;3.0680403e-02;2.2250000e+02;-1.7026916e-02;2.2250000e+02;-6.1340272e-02;2.2250000e+02;-1.0487904e-01;2.2250000e+02;-1.4662945e-01;2.2250000e+02;-1.8941939e-01;2.2250000e+02;-8.8272884e-02;2.2250000e+02;-7.5009748e-02;2.2250000e+02;-4.1414294e-02;2.2250000e+02;1.3350848e-02;2.2250000e+02;6.9905907e-02;2.2250000e+02;1.2904471e-01;2.2250000e+02;1.9270869e-01;2.2250000e+02;2.2419961e-01;2.2250000e+02;2.0968620e-01;2.2250000e+02;2.0649363e-01;2.2250000e+02;1.4874402e-01;2.2250000e+02;8.5473955e-02;2.2250000e+02;3.0680403e-02;2.2250000e+02;-1.7026916e-02;2.2250000e+02;-6.1340272e-02;2.2250000e+02;-1.0487904e-01;2.2250000e+02;-1.4662945e-01;2.2250000e+02;-1.8941939e-01;2.2250000e+02;-8.8272884e-02;2.2250000e+02;-7.5009748e-02;2.2250000e+02;-4.1414294e-02;2.2250000e+02;1.3350848e-02;2.2250000e+02;6.9905907e-02;2.2250000e+02;1.2904471e-01;2.2250000e+02;1.9270869e-01;2.2250000e+02;2.2419961e-01;2.2250000e+02;2.0968620e-01;2.2250000e+02;2.0649363e-01;2.2250000e+02;1.4874402e-01;2.2250000e+02;8.5473955e-02;2.2250000e+02;3.0680403e-02;2.2250000e+02;-1.7026916e-02;2.2250000e+02;-6.1340272e-02;2.2250000e+02;-1.0487904e-01;2.2250000e+02;-1.4662945e-01;2.2250000e+02;-1.8941939e-01;2.2250000e+02;-8.8272884e-02;2.2250000e+02;-7.5009748e-02;2.2250000e+02;-4.1414294e-02;2.2250000e+02;1.3350848e-02;2.2250000e+02;6.9905907e-02;2.2250000e+02;1.2904471e-01;2.2250000e+02;1.9270869e-01;2.2250000e+02;2.2419961e-01;2.2250000e+02;2.0968620e-01;2.2250000e+02;2.0649363e-01;2.2250000e+02;1.4874402e-01;2.2250000e+02;8.5473955e-02;2.2250000e+02;3.0680403e-02;2.2250000e+02;-1.7026916e-02;2.2250000e+02;-6.1340272e-02;2.2250000e+02;-1.0487904e-01;2.2250000e+02;-1.4662945e-01;2.2250000e+02;-1.8941939e-01;2.2250000e+02;-8.8272884e-02;2.2250000e+02;-7.5009748e-02;2.2250000e+02;-4.1414294e-02;2.2250000e+02;1.3350848e-02;2.2250000e+02;6.9905907e-02;2.2250000e+02;1.2904471e-01;2.2250000e+02;1.9270869e-01;2.2250000e+02;2.2419961e-01;2.2250000e+02;2.0968620e-01;2.2250000e+02;2.0649363e-01;2.2250000e+02;1.4874402e-01;2.2250000e+02;8.5473955e-02;2.2250000e+02;3.0680403e-02;2.2250000e+02;-1.7026916e-02;2.2250000e+02;-6.1340272e-02;2.2250000e+02;-1.0487904e-01;2.2250000e+02;-1.4662945e-01;2.2250000e+02;-1.8941939e-01;2.2250000e+02;-8.8272884e-02;2.2250000e+02;-7.5009748e-02;2.2250000e+02;-4.1414294e-02;2.2250000e+02;1.3350848e-02;2.2250000e+02;6.9905907e-02;2.2250000e+02;1.2904471e-01;2.2250000e+02;1.9270869e-01;2.2250000e+02;2.2419961e-01;2.2250000e+02;2.0968620e-01;2.2250000e+02;2.0649363e-01;2.2250000e+02;1.4874402e-01;2.2250000e+02;8.5473955e-02;2.2250000e+02;3.0680403e-02;2.2250000e+02;-1.7026916e-02;2.2250000e+02;-6.1340272e-02;2.2250000e+02;-1.0487904e-01;2.2250000e+02;-1.4662945e-01;2.2250000e+02;-1.8941939e-01;2.2250000e+02;-8.8272884e-02;2.2250000e+02;-7.5009748e-02;2.2250000e+02;-4.1414294e-02;2.2250000e+02;1.3350848e-02;2.2250000e+02;6.9905907e-02;2.2250000e+02;1.2904471e-01;2.2250000e+02;1.9270869e-01;2.2250000e+02;2.2419961e-01;2.2250000e+02;2.0968620e-01;2.2250000e+02;2.0649363e-01;2.2250000e+02;1.4874402e-01;2.2250000e+02;8.5473955e-02;2.2250000e+02;3.0680403e-02;2.2250000e+02;-1.7026916e-02;2.2250000e+02;-6.1340272e-02;2.2250000e+02;-1.0487904e-01;2.2250000e+02;-1.4662945e-01;2.2250000e+02;-1.8941939e-01;2.2250000e+02;-8.8272884e-02;2.2250000e+02;-7.5009748e-02;2.2250000e+02;-4.1414294e-02;2.2250000e+02;1.3350848e-02;2.2250000e+02;6.9905907e-02;2.2250000e+02;1.2904471e-01;2.2250000e+02;1.9270869e-01;2.2250000e+02;2.2419961e-01;2.2250000e+02;2.0968620e-01;2.2250000e+02;2.0649363e-01;2.2250000e+02;1.4874402e-01;2.2250000e+02;8.5473955e-02;2.2250000e+02;3.0680403e-02;2.2250000e+02;-1.7026916e-02;2.2250000e+02;-6.1340272e-02;2.2250000e+02;-1.0487904e-01;2.2250000e+02;-1.4662945e-01;2.2250000e+02;-1.8941939e-01;2.2250000e+02;-8.8272884e-02;2.2250000e+02;-7.5009748e-02;2.2250000e+02;-4.1414294e-02;2.2250000e+02;1.3350848e-02;2.2250000e+02;6.9905907e-02;2.2250000e+02;1.2904471e-01;2.2250000e+02;1.9270869e-01;2.2250000e+02;2.2419961e-01;2.2250000e+02;2.0968620e-01;2.2250000e+02;2.0649363e-01;2.2250000e+02;1.4874402e-01;2.2250000e+02;8.5473955e-02;2.2250000e+02;3.0680403e-02;2.2250000e+02;-1.7026916e-02;2.2250000e+02;-6.1340272e-02;2.2250000e+02;-1.0487904e-01;2.2250000e+02;-1.4662945e-01;2.2250000e+02;-1.8941939e-01;2.2250000e+02;-8.8272884e-02;2.2250000e+02;-7.5009748e-02;2.2250000e+02;-4.1414294e-02;2.2250000e+02;1.3350848e-02;2.2250000e+02;6.9905907e-02;2.2250000e+02;1.2904471e-01;2.2250000e+02;1.9270869e-01;2.2250000e+02;2.2419961e-01;2.2250000e+02;2.0968620e-01;2.2250000e+02;2.0649363e-01;2.2250000e+02;1.4874402e-01;2.2250000e+02;8.5473955e-02;2.2250000e+02;3.0680403e-02;2.2250000e+02;-1.7026916e-02;2.2250000e+02;-6.1340272e-02;2.2250000e+02;-1.0487904e-01;2.2250000e+02;-1.4662945e-01;2.2250000e+02;-1.8941939e-01;2.2250000e+02;-8.8272884e-02;2.2250000e+02;-7.5009748e-02;2.2250000e+02;-4.1414294e-02;2.2250000e+02;1.3350848e-02;2.2250000e+02;6.9905907e-02;2.2250000e+02;1.2904471e-01;2.2250000e+02;1.9270869e-01;2.2250000e+02;2.2419961e-01;2.2250000e+02;2.0968620e-01;2.2250000e+02;2.0649363e-01;2.2250000e+02;1.4874402e-01;2.2250000e+02;8.5473955e-02;2.2250000e+02;3.0680403e-02;2.2250000e+02;-1.7026916e-02;2.2250000e+02;-6.1340272e-02;2.2250000e+02;-1.0487904e-01;2.2250000e+02;-1.4662945e-01;2.2250000e+02;-1.8941939e-01;2.2250000e+02;-8.8272884e-02;2.2250000e+02;-7.5009748e-02;2.2250000e+02;-4.1414294e-02;2.2250000e+02;1.3350848e-02;2.2250000e+02;6.9905907e-02;2.2250000e+02;1.2904471e-01;2.2250000e+02;1.9270869e-01;2.2250000e+02;2.2419961e-01;2.2250000e+02;2.0968620e-01;2.2250000e+02;2.0649363e-01;2.2250000e+02;1.4874402e-01;2.2250000e+02;8.5473955e-02;2.2250000e+02;3.0680403e-02;2.2250000e+02;-1.7026916e-02;2.2250000e+02;-6.1340272e-02;2.2250000e+02;-1.0487904e-01;2.2250000e+02;-1.4662945e-01;2.2250000e+02;-1.8941939e-01;2.2250000e+02;-8.8272884e-02;2.2250000e+02;-7.5009748e-02;2.2250000e+02;-4.1414294e-02;2.2250000e+02;1.3350848e-02;2.2250000e+02;6.9905907e-02;2.2250000e+02;1.2904471e-01;2.2250000e+02;1.9270869e-01;2.2250000e+02;2.2419961e-01;2.2250000e+02;2.0968620e-01;2.2250000e+02;2.0649363e-01;2.2250000e+02;1.4874402e-01;2.2250000e+02;8.5473955e-02;2.2250000e+02;3.0680403e-02;2.2250000e+02;-1.7026916e-02;2.2250000e+02;-6.1340272e-02;2.2250000e+02;-1.0487904e-01;2.2250000e+02;-1.4662945e-01;2.2250000e+02;-1.8941939e-01;2.2250000e+02;-8.8272884e-02;2.2250000e+02;-7.5009748e-02;2.2250000e+02;-4.1414294e-02;2.2250000e+02;1.3350848e-02;2.2250000e+02;6.9905907e-02;2.2250000e+02;1.2904471e-01;2.2250000e+02;1.9270869e-01;2.2250000e+02;2.2419961e-01;2.2250000e+02;2.0968620e-01;2.2250000e+02;2.0649363e-01;2.2250000e+02;1.4874402e-01;2.2250000e+02;8.5473955e-02;2.2250000e+02;3.0680403e-02;2.2250000e+02;-1.7026916e-02;2.2250000e+02;-6.1340272e-02;2.2250000e+02;-1.0487904e-01;2.2250000e+02;-1.4662945e-01;2.2250000e+02;-1.8941939e-01;2.2250000e+02;-8.8272884e-02;2.2250000e+02;-7.5009748e-02;2.2250000e+02;-4.1414294e-02;2.2250000e+02;1.3350848e-02;2.2250000e+02;6.9905907e-02;2.2250000e+02;1.2904471e-01;2.2250000e+02;1.9270869e-01;2.2250000e+02;2.2419961e-01;2.2250000e+02;2.0968620e-01;2.2250000e+02;2.0649363e-01;2.2250000e+02;1.4874402e-01;2.2250000e+02;8.5473955e-02;2.2250000e+02;3.0680403e-02;2.2250000e+02;-1.7026916e-02;2.2250000e+02;-6.1340272e-02;2.2250000e+02;-1.0487904e-01;2.2250000e+02;-1.4662945e-01;2.2250000e+02;-1.8941939e-01;2.2250000e+02;-8.8272884e-02;2.2250000e+02;-7.5009748e-02;2.2250000e+02;-4.1414294e-02;2.2250000e+02;1.3350848e-02;2.2250000e+02;6.9905907e-02;2.2250000e+02;1.2904471e-01;2.2250000e+02;1.9270869e-01;2.2250000e+02;2.2419961e-01;2.2250000e+02;2.0968620e-01;2.2250000e+02;2.0649363e-01;2.2250000e+02;1.4874402e-01;2.2250000e+02;8.5473955e-02;2.2250000e+02;3.0680403e-02;2.2250000e+02;-1.7026916e-02;2.2250000e+02;-6.1340272e-02;2.2250000e+02;-1.0487904e-01;2.2250000e+02;-1.4662945e-01;2.2250000e+02;-1.8941939e-01;2.2250000e+02;-8.8272884e-02;2.2250000e+02;-7.5009748e-02;2.2250000e+02;-4.1414294e-02;2.2250000e+02;1.3350848e-02;2.2250000e+02;6.9905907e-02;2.2250000e+02;1.2904471e-01;2.2250000e+02;1.9270869e-01;2.2250000e+02;2.2419961e-01;2.2250000e+02;2.0968620e-01;2.2250000e+02;2.0649363e-01;2.2250000e+02;1.4874402e-01;2.2250000e+02;8.5473955e-02;2.2250000e+02;3.0680403e-02;2.2250000e+02;-1.7026916e-02;2.2250000e+02;-6.1340272e-02;2.2250000e+02;-1.0487904e-01;2.2250000e+02;-1.4662945e-01;2.2250000e+02;-1.8941939e-01;2.2250000e+02;-8.8272884e-02;2.2250000e+02;-7.5009748e-02;2.2250000e+02;-4.1414294e-02;2.2250000e+02;1.3350848e-02;2.2250000e+02;6.9905907e-02;2.2250000e+02;1.2904471e-01;2.2250000e+02;1.9270869e-01;2.2250000e+02;2.2419961e-01;2.2250000e+02;2.0968620e-01;2.2250000e+02;2.0649363e-01;2.2250000e+02;1.4874402e-01;2.2250000e+02;8.5473955e-02;2.2250000e+02;3.0680403e-02;2.2250000e+02;-1.7026916e-02;2.2250000e+02;-6.1340272e-02;2.2250000e+02;-1.0487904e-01;2.2250000e+02;-1.4662945e-01;2.2250000e+02;-1.8941939e-01;2.2250000e+02;-8.8272884e-02;2.2250000e+02;-7.5009748e-02;2.2250000e+02;-4.1414294e-02;2.2250000e+02;1.3350848e-02;2.2250000e+02;6.9905907e-02;2.2250000e+02;1.2904471e-01;2.2250000e+02;1.9270869e-01;2.2250000e+02;2.2419961e-01;2.2250000e+02;2.0968620e-01;2.2250000e+02;2.0649363e-01;2.2250000e+02;1.4874402e-01;2.2250000e+02;8.5473955e-02;2.2250000e+02;3.0680403e-02;2.2250000e+02;-1.7026916e-02;2.2250000e+02;-6.1340272e-02;2.2250000e+02;-1.0487904e-01;2.2250000e+02;-1.4662945e-01;2.2250000e+02;-1.8941939e-01;2.2250000e+02;-8.8272884e-02;2.2250000e+02;-7.5009748e-02;2.2250000e+02;-4.1414294e-02;2.2250000e+02;1.3350848e-02;2.2250000e+02;6.9905907e-02;2.2250000e+02;1.2904471e-01;2.2250000e+02;1.9270869e-01;2.2250000e+02;2.2419961e-01;2.2250000e+02;2.0968620e-01;2.2250000e+02;2.0649363e-01;2.2250000e+02;1.4874402e-01;2.2250000e+02;8.5473955e-02;2.2250000e+02;3.0680403e-02;2.2250000e+02;-1.7026916e-02;2.2250000e+02;-6.1340272e-02;2.2250000e+02;-1.0487904e-01;2.2250000e+02;-1.4662945e-01;2.2250000e+02;-1.8941939e-01;2.2250000e+02;-8.8272884e-02;2.2250000e+02;-7.5009748e-02;2.2250000e+02;-4.1414294e-02;2.2250000e+02;1.3350848e-02;2.2250000e+02;6.9905907e-02;2.2250000e+02;1.2904471e-01;2.2250000e+02;1.9270869e-01;2.2250000e+02;2.2419961e-01;2.2250000e+02;2.0968620e-01;2.2250000e+02;2.0649363e-01;2.2250000e+02;1.4874402e-01;2.2250000e+02;8.5473955e-02;2.2250000e+02;3.0680403e-02;2.2250000e+02;-1.7026916e-02;2.2250000e+02;-6.1340272e-02;2.2250000e+02;-1.0487904e-01;2.2250000e+02;-1.4662945e-01;2.2250000e+02;-1.8941939e-01;2.2250000e+02;-8.8272884e-02;2.2250000e+02;-7.5009748e-02;2.2250000e+02;-4.1414294e-02;2.2250000e+02;1.3350848e-02;2.2250000e+02;6.9905907e-02;2.2250000e+02;1.2904471e-01;2.2250000e+02;1.9270869e-01;2.2250000e+02;2.2419961e-01;2.2250000e+02;2.0968620e-01;2.2250000e+02;2.0649363e-01;2.2250000e+02;1.4874402e-01;2.2250000e+02;8.5473955e-02;2.2250000e+02;3.0680403e-02;2.2250000e+02;-1.7026916e-02;2.2250000e+02;-6.1340272e-02;2.2250000e+02;-1.0487904e-01;2.2250000e+02;-1.4662945e-01;2.2250000e+02;-1.8941939e-01;2.2250000e+02;-8.8272884e-02;2.2250000e+02;-7.5009748e-02;2.2250000e+02;-4.1414294e-02;2.2250000e+02;1.3350848e-02;2.2250000e+02;6.9905907e-02;2.2250000e+02;1.2904471e-01;2.2250000e+02;1.9270869e-01;2.2250000e+02;2.2419961e-01;2.2250000e+02;2.0968620e-01;2.2250000e+02;2.0649363e-01;2.2250000e+02;1.4874402e-01;2.2250000e+02;8.5473955e-02;2.2250000e+02;3.0680403e-02;2.2250000e+02;-1.7026916e-02;2.2250000e+02;-6.1340272e-02;2.2250000e+02;-1.0487904e-01;2.2250000e+02;-1.4662945e-01;2.2250000e+02;-1.8941939e-01;2.2250000e+02;-8.8272884e-02;2.2250000e+02;-7.5009748e-02;2.2250000e+02;-4.1414294e-02;2.2250000e+02;1.3350848e-02;2.2250000e+02;6.9905907e-02;2.2250000e+02;1.2904471e-01;2.2250000e+02;1.9270869e-01;2.2250000e+02;2.2419961e-01;2.2250000e+02;2.0968620e-01;2.2250000e+02;2.0649363e-01;2.2250000e+02;1.4874402e-01;2.2250000e+02;8.5473955e-02;2.2250000e+02;3.0680403e-02;2.2250000e+02;-1.7026916e-02;2.2250000e+02;-6.1340272e-02;2.2250000e+02;-1.0487904e-01;2.2250000e+02;-1.4662945e-01;2.2250000e+02;-1.8941939e-01;2.2250000e+02;-8.8272884e-02;2.2250000e+02;-7.5009748e-02;2.2250000e+02;-4.1414294e-02;2.2250000e+02;1.3350848e-02;2.2250000e+02;6.9905907e-02;2.2250000e+02;1.2904471e-01;2.2250000e+02;1.9270869e-01;2.2250000e+02;2.2419961e-01;2.2250000e+02;2.0968620e-01;2.2250000e+02;2.0649363e-01;2.2250000e+02;1.4874402e-01;2.2250000e+02;8.5473955e-02;2.2250000e+02;3.0680403e-02;2.2250000e+02;-1.7026916e-02;2.2250000e+02;-6.1340272e-02;2.2250000e+02;-1.0487904e-01;2.2250000e+02;-1.4662945e-01;2.2250000e+02;-1.8941939e-01;2.2250000e+02;-8.8272884e-02;2.2250000e+02;-7.5009748e-02;2.2250000e+02;-4.1414294e-02;2.2250000e+02;1.3350848e-02;2.2250000e+02;6.9905907e-02;2.2250000e+02;1.2904471e-01;2.2250000e+02;1.9270869e-01;2.2250000e+02;2.2419961e-01;2.2250000e+02;2.0968620e-01;2.2250000e+02;2.0649363e-01;2.2250000e+02;1.4874402e-01;2.2250000e+02;8.5473955e-02;2.2250000e+02;3.0680403e-02;2.2250000e+02;-1.7026916e-02;2.2250000e+02;-6.1340272e-02;2.2250000e+02;-1.0487904e-01;2.2250000e+02;-1.4662945e-01;2.2250000e+02;-1.8941939e-01;2.2250000e+02;-8.8272884e-02;2.2250000e+02;-7.5009748e-02;2.2250000e+02;-4.1414294e-02;2.2250000e+02;1.3350848e-02;2.2250000e+02;6.9905907e-02;2.2250000e+02;1.2904471e-01;2.2250000e+02;1.9270869e-01;2.2250000e+02;2.2419961e-01;2.2250000e+02;2.0968620e-01;2.2250000e+02;2.0649363e-01;2.2250000e+02;1.4874402e-01;2.2250000e+02;8.5473955e-02;2.2250000e+02;3.0680403e-02;2.2250000e+02;-1.7026916e-02;2.2250000e+02;-6.1340272e-02;2.2250000e+02;-1.0487904e-01;2.2250000e+02;-1.4662945e-01;2.2250000e+02;-1.8941939e-01;2.2250000e+02;-8.8272884e-02;2.2250000e+02;-7.5009748e-02;2.2250000e+02;-4.1414294e-02;2.2250000e+02;1.3350848e-02;2.2250000e+02;6.9905907e-02;2.2250000e+02;1.2904471e-01;2.2250000e+02;1.9270869e-01;2.2250000e+02;2.2419961e-01;2.2250000e+02;2.0968620e-01;2.2250000e+02;2.0649363e-01;2.2250000e+02;1.4874402e-01;2.2250000e+02;8.5473955e-02;2.2250000e+02;3.0680403e-02;2.2250000e+02;-1.7026916e-02;2.2250000e+02;-6.1340272e-02;2.2250000e+02;-1.0487904e-01;2.2250000e+02;-1.4662945e-01;2.2250000e+02;-1.8941939e-01;2.2250000e+02;-8.8272884e-02;2.2250000e+02;-7.5009748e-02;2.2250000e+02;-4.1414294e-02;2.2250000e+02;1.3350848e-02;2.2250000e+02;6.9905907e-02;2.2250000e+02;1.2904471e-01;2.2250000e+02;1.9270869e-01;2.2250000e+02;2.2419961e-01;2.2250000e+02;2.0968620e-01;2.2250000e+02;2.0649363e-01;2.2250000e+02;1.4874402e-01;2.2250000e+02;8.5473955e-02;2.2250000e+02;3.0680403e-02;2.2250000e+02;-1.7026916e-02;2.2250000e+02;-6.1340272e-02;2.2250000e+02;-1.0487904e-01;2.2250000e+02;-1.4662945e-01;2.2250000e+02;-1.8941939e-01;2.2250000e+02;-8.8272884e-02;2.2250000e+02;-7.5009748e-02;2.2250000e+02;-4.1414294e-02;2.2250000e+02;1.3350848e-02;2.2250000e+02;6.9905907e-02;2.2250000e+02;1.2904471e-01;2.2250000e+02;1.9270869e-01;2.2250000e+02;2.2419961e-01;2.2250000e+02;2.0968620e-01;2.2250000e+02;2.0649363e-01;2.2250000e+02;1.4874402e-01;2.2250000e+02;8.5473955e-02;2.2250000e+02;3.0680403e-02;2.2250000e+02;-1.7026916e-02;2.2250000e+02;-6.1340272e-02;2.2250000e+02;-1.0487904e-01;2.2250000e+02;-1.4662945e-01;2.2250000e+02;-1.8941939e-01;2.2250000e+02;-8.8272884e-02;2.2250000e+02;-7.5009748e-02;2.2250000e+02;-4.1414294e-02;2.2250000e+02;1.3350848e-02;2.2250000e+02;6.9905907e-02;2.2250000e+02;1.2904471e-01;2.2250000e+02;1.9270869e-01;2.2250000e+02;2.2419961e-01;2.2250000e+02;2.0968620e-01;2.2250000e+02;2.0649363e-01;2.2250000e+02;1.4874402e-01;2.2250000e+02;8.5473955e-02;2.2250000e+02;3.0680403e-02;2.2250000e+02;-1.7026916e-02;2.2250000e+02;-6.1340272e-02;2.2250000e+02;-1.0487904e-01;2.2250000e+02;-1.4662945e-01;2.2250000e+02;-1.8941939e-01;2.2250000e+02;-8.8272884e-02;2.2250000e+02;-7.5009748e-02;2.2250000e+02;-4.1414294e-02;2.2250000e+02;1.3350848e-02;2.2250000e+02;6.9905907e-02;2.2250000e+02;1.2904471e-01;2.2250000e+02;1.9270869e-01;2.2250000e+02;2.2419961e-01;2.2250000e+02;2.0968620e-01;2.2250000e+02;2.0649363e-01;2.2250000e+02;1.4874402e-01;2.2250000e+02;8.5473955e-02;2.2250000e+02;3.0680403e-02;2.2250000e+02;-1.7026916e-02;2.2250000e+02;-6.1340272e-02;2.2250000e+02;-1.0487904e-01;2.2250000e+02;-1.4662945e-01;2.2250000e+02;-1.8941939e-01;2.2250000e+02;-8.8272884e-02;2.2250000e+02;-7.5009748e-02;2.2250000e+02;-4.1414294e-02;2.2250000e+02;1.3350848e-02;2.2250000e+02;6.9905907e-02;2.2250000e+02;1.2904471e-01;2.2250000e+02;1.9270869e-01;2.2250000e+02;2.2419961e-01;2.2250000e+02;2.0968620e-01;2.2250000e+02;2.0649363e-01;2.2250000e+02;1.4874402e-01;2.2250000e+02;8.5473955e-02;2.2250000e+02;3.0680403e-02;2.2250000e+02;-1.7026916e-02;2.2250000e+02;-6.1340272e-02;2.2250000e+02;-1.0487904e-01;2.2250000e+02;-1.4662945e-01;2.2250000e+02;-1.8941939e-01;2.2250000e+02;-8.8272884e-02;2.2250000e+02;-7.5009748e-02;2.2250000e+02;-4.1414294e-02;2.2250000e+02;1.3350848e-02;2.2250000e+02;6.9905907e-02;2.2250000e+02;1.2904471e-01;2.2250000e+02;1.9270869e-01;2.2250000e+02;2.2419961e-01;2.2250000e+02;2.0968620e-01;2.2250000e+02;2.0649363e-01;2.2250000e+02;1.4874402e-01;2.2250000e+02;8.5473955e-02;2.2250000e+02;3.0680403e-02;2.2250000e+02;-1.7026916e-02;2.2250000e+02;-6.1340272e-02;2.2250000e+02;-1.0487904e-01;2.2250000e+02;-1.4662945e-01;2.2250000e+02;-1.8941939e-01;2.2250000e+02;-8.8272884e-02;2.2250000e+02;-7.5009748e-02;2.2250000e+02;-4.1414294e-02;2.2250000e+02;1.3350848e-02;2.2250000e+02;6.9905907e-02;2.2250000e+02;1.2904471e-01;2.2250000e+02;1.9270869e-01;2.2250000e+02;2.2419961e-01;2.2250000e+02;2.0968620e-01;2.2250000e+02;2.0649363e-01;2.2250000e+02;1.4874402e-01;2.2250000e+02;8.5473955e-02;2.2250000e+02;3.0680403e-02;2.2250000e+02;-1.7026916e-02;2.2250000e+02;-6.1340272e-02;2.2250000e+02;-1.0487904e-01;2.2250000e+02;-1.4662945e-01;2.2250000e+02;-1.8941939e-01;2.2250000e+02;-8.8272884e-02;2.2250000e+02;-7.5009748e-02;2.2250000e+02;-4.1414294e-02;2.2250000e+02;1.3350848e-02;2.2250000e+02;6.9905907e-02;2.2250000e+02;1.2904471e-01;2.2250000e+02;1.9270869e-01;2.2250000e+02;2.2419961e-01;2.2250000e+02;2.0968620e-01;2.2250000e+02;2.0649363e-01;2.2250000e+02;1.4874402e-01;2.2250000e+02;8.5473955e-02;2.2250000e+02;3.0680403e-02;2.2250000e+02;-1.7026916e-02;2.2250000e+02;-6.1340272e-02;2.2250000e+02;-1.0487904e-01;2.2250000e+02;-1.4662945e-01;2.2250000e+02;-1.8941939e-01;2.2250000e+02;-8.8272884e-02;2.2250000e+02;-7.5009748e-02;2.2250000e+02;-4.1414294e-02;2.2250000e+02;1.3350848e-02;2.2250000e+02;6.9905907e-02;2.2250000e+02;1.2904471e-01;2.2250000e+02;1.9270869e-01;2.2250000e+02;2.2419961e-01;2.2250000e+02;2.0968620e-01;2.2250000e+02;2.0649363e-01;2.2250000e+02;1.4874402e-01;2.2250000e+02;8.5473955e-02;2.2250000e+02;3.0680403e-02;2.2250000e+02;-1.7026916e-02;2.2250000e+02;-6.1340272e-02;2.2250000e+02;-1.0487904e-01;2.2250000e+02;-1.4662945e-01;2.2250000e+02;-1.8941939e-01;2.2250000e+02;-8.8272884e-02;2.2250000e+02;-7.5009748e-02;2.2250000e+02;-4.1414294e-02;2.2250000e+02;1.3350848e-02;2.2250000e+02;6.9905907e-02;2.2250000e+02;1.2904471e-01;2.2250000e+02;1.9270869e-01;2.2250000e+02;2.2419961e-01;2.2250000e+02;2.0968620e-01;2.2250000e+02;2.0649363e-01;2.2250000e+02;1.4874402e-01;2.2250000e+02;8.5473955e-02;2.2250000e+02;3.0680403e-02;2.2250000e+02;-1.7026916e-02;2.2250000e+02;-6.1340272e-02;2.2250000e+02;-1.0487904e-01;2.2250000e+02;-1.4662945e-01;2.2250000e+02;-1.8941939e-01;2.2250000e+02;-8.8272884e-02;2.2250000e+02;-7.5009748e-02;2.2250000e+02;-4.1414294e-02;2.2250000e+02;1.3350848e-02;2.2250000e+02;6.9905907e-02;2.2250000e+02;1.2904471e-01;2.2250000e+02;1.9270869e-01;2.2250000e+02;2.2419961e-01;2.2250000e+02;2.0968620e-01;2.2250000e+02;2.0649363e-01;2.2250000e+02;1.4874402e-01;2.2250000e+02;8.5473955e-02;2.2250000e+02;3.0680403e-02;2.2250000e+02;-1.7026916e-02;2.2250000e+02;-6.1340272e-02;2.2250000e+02;-1.0487904e-01;2.2250000e+02;-1.4662945e-01;2.2250000e+02;-1.8941939e-01;2.2250000e+02;-8.8272884e-02;2.2250000e+02;-7.5009748e-02;2.2250000e+02;-4.1414294e-02;2.2250000e+02;1.3350848e-02;2.2250000e+02;6.9905907e-02;2.2250000e+02;1.2904471e-01;2.2250000e+02;1.9270869e-01;2.2250000e+02;2.2419961e-01;2.2250000e+02;2.0968620e-01;2.2250000e+02;2.0649363e-01;2.2250000e+02;1.4874402e-01;2.2250000e+02;8.5473955e-02;2.2250000e+02;3.0680403e-02;2.2250000e+02;-1.7026916e-02;2.2250000e+02;-6.1340272e-02;2.2250000e+02;-1.0487904e-01;2.2250000e+02;-1.4662945e-01;2.2250000e+02;-1.8941939e-01;2.2250000e+02;-8.8272884e-02;2.2250000e+02;-7.5009748e-02;2.2250000e+02;-4.1414294e-02;2.2250000e+02;1.3350848e-02;2.2250000e+02;6.9905907e-02;2.2250000e+02;1.2904471e-01;2.2250000e+02;1.9270869e-01;2.2250000e+02;2.2419961e-01;2.2250000e+02;2.0968620e-01;2.2250000e+02;2.0649363e-01;2.2250000e+02;1.4874402e-01;2.2250000e+02;8.5473955e-02;2.2250000e+02;3.0680403e-02;2.2250000e+02;-1.7026916e-02;2.2250000e+02;-6.1340272e-02;2.2250000e+02;-1.0487904e-01;2.2250000e+02;-1.4662945e-01;2.2250000e+02;-1.8941939e-01;2.2250000e+02;-8.8272884e-02;2.2250000e+02;-7.5009748e-02;2.2250000e+02;-4.1414294e-02;2.2250000e+02;1.3350848e-02;2.2250000e+02;6.9905907e-02;2.2250000e+02;1.2904471e-01;2.2250000e+02;1.9270869e-01;2.2250000e+02;2.2419961e-01;2.2250000e+02;2.0968620e-01;2.2250000e+02;2.0649363e-01;2.2250000e+02;1.4874402e-01;2.2250000e+02;8.5473955e-02;2.2250000e+02;3.0680403e-02;2.2250000e+02;-1.7026916e-02;2.2250000e+02;-6.1340272e-02;2.2250000e+02;-1.0487904e-01;2.2250000e+02;-1.4662945e-01;2.2250000e+02;-1.8941939e-01;2.2250000e+02;-8.8272884e-02;2.2250000e+02;-7.5009748e-02;2.2250000e+02;-4.1414294e-02;2.2250000e+02;1.3350848e-02;2.2250000e+02;6.9905907e-02;2.2250000e+02;1.2904471e-01;2.2250000e+02;1.9270869e-01;2.2250000e+02;2.2419961e-01;2.2250000e+02;2.0968620e-01;2.2250000e+02;2.0649363e-01;2.2250000e+02;1.4874402e-01;2.2250000e+02;8.5473955e-02;2.2250000e+02;3.0680403e-02;2.2250000e+02;-1.7026916e-02;2.2250000e+02;-6.1340272e-02;2.2250000e+02;-1.0487904e-01;2.2250000e+02;-1.4662945e-01;2.2250000e+02;-1.8941939e-01;2.2250000e+02;-8.8272884e-02;2.2250000e+02;-7.5009748e-02;2.2250000e+02;-4.1414294e-02;2.2250000e+02;1.3350848e-02;2.2250000e+02;6.9905907e-02;2.2250000e+02;1.2904471e-01;2.2250000e+02;1.9270869e-01;2.2250000e+02;2.2419961e-01;2.2250000e+02;2.0968620e-01;2.2250000e+02;2.0649363e-01;2.2250000e+02;1.4874402e-01;2.2250000e+02;8.5473955e-02;2.2250000e+02;3.0680403e-02;2.2250000e+02;-1.7026916e-02;2.2250000e+02;-6.1340272e-02;2.2250000e+02;-1.0487904e-01;2.2250000e+02;-1.4662945e-01;2.2250000e+02;-1.8941939e-01;2.2250000e+02;-8.8272884e-02;2.2250000e+02;-7.5009748e-02;2.2250000e+02;-4.1414294e-02;2.2250000e+02;1.3350848e-02;2.2250000e+02;6.9905907e-02;2.2250000e+02;1.2904471e-01;2.2250000e+02;1.9270869e-01;2.2250000e+02;2.2419961e-01;2.2250000e+02;2.0968620e-01;2.2250000e+02;2.0649363e-01;2.2250000e+02;1.4874402e-01;2.2250000e+02;8.5473955e-02;2.2250000e+02;3.0680403e-02;2.2250000e+02;-1.7026916e-02;2.2250000e+02;-6.1340272e-02;2.2250000e+02;-1.0487904e-01;2.2250000e+02;-1.4662945e-01;2.2250000e+02;-1.8941939e-01;2.2250000e+02;-8.8272884e-02;2.2250000e+02;-7.5009748e-02;2.2250000e+02;-4.1414294e-02;2.2250000e+02;1.3350848e-02;2.2250000e+02;6.9905907e-02;2.2250000e+02;1.2904471e-01;2.2250000e+02;1.9270869e-01;2.2250000e+02;2.2419961e-01;2.2250000e+02;2.0968620e-01;2.2250000e+02;2.0649363e-01;2.2250000e+02;1.4874402e-01;2.2250000e+02;8.5473955e-02;2.2250000e+02;3.0680403e-02;2.2250000e+02;-1.7026916e-02;2.2250000e+02;-6.1340272e-02;2.2250000e+02;-1.0487904e-01;2.2250000e+02;-1.4662945e-01;2.2250000e+02;-1.8941939e-01;2.2250000e+02;-8.8272884e-02;2.2250000e+02;-7.5009748e-02;2.2250000e+02;-4.1414294e-02;2.2250000e+02;1.3350848e-02;2.2250000e+02;6.9905907e-02;2.2250000e+02;1.2904471e-01;2.2250000e+02;1.9270869e-01;2.2250000e+02;2.2419961e-01;2.2250000e+02;2.0968620e-01;2.2250000e+02;2.0649363e-01;2.2250000e+02;1.4874402e-01;2.2250000e+02;8.5473955e-02;2.2250000e+02;3.0680403e-02;2.2250000e+02;-1.7026916e-02;2.2250000e+02;-6.1340272e-02;2.2250000e+02;-1.0487904e-01;2.2250000e+02;-1.4662945e-01;2.2250000e+02;-1.8941939e-01;2.2250000e+02;-8.8272884e-02;2.2250000e+02;-7.5009748e-02;2.2250000e+02;-4.1414294e-02;2.2250000e+02;1.3350848e-02;2.2250000e+02;6.9905907e-02;2.2250000e+02;1.2904471e-01;2.2250000e+02;1.9270869e-01;2.2250000e+02;2.2419961e-01;2.2250000e+02;2.0968620e-01;2.2250000e+02;2.0649363e-01;2.2250000e+02;1.4874402e-01;2.2250000e+02;8.5473955e-02;2.2250000e+02;3.0680403e-02;2.2250000e+02;-1.7026916e-02;2.2250000e+02;-6.1340272e-02;2.2250000e+02;-1.0487904e-01;2.2250000e+02;-1.4662945e-01;2.2250000e+02;-1.8941939e-01;2.2250000e+02;-8.8272884e-02;2.2250000e+02;-7.5009748e-02;2.2250000e+02;-4.1414294e-02;2.2250000e+02;1.3350848e-02;2.2250000e+02;6.9905907e-02;2.2250000e+02;1.2904471e-01;2.2250000e+02;1.9270869e-01;2.2250000e+02;2.2419961e-01;2.2250000e+02;2.0968620e-01;2.2250000e+02;2.0649363e-01;2.2250000e+02;1.4874402e-01;2.2250000e+02;8.5473955e-02;2.2250000e+02;3.0680403e-02;2.2250000e+02;-1.7026916e-02;2.2250000e+02;-6.1340272e-02;2.2250000e+02;-1.0487904e-01;2.2250000e+02;-1.4662945e-01;2.2250000e+02;-1.8941939e-01;2.2250000e+02;-8.8272884e-02;2.2250000e+02;-7.5009748e-02;2.2250000e+02;-4.1414294e-02;2.2250000e+02;1.3350848e-02;2.2250000e+02;6.9905907e-02;2.2250000e+02;1.2904471e-01;2.2250000e+02;1.9270869e-01;2.2250000e+02;2.2419961e-01;2.2250000e+02;2.0968620e-01;2.2250000e+02;2.0649363e-01;2.2250000e+02;1.4874402e-01;2.2250000e+02;8.5473955e-02;2.2250000e+02;3.0680403e-02;2.2250000e+02;-1.7026916e-02;2.2250000e+02;-6.1340272e-02;2.2250000e+02;-1.0487904e-01;2.2250000e+02;-1.4662945e-01;2.2250000e+02;-1.8941939e-01;2.2250000e+02;-8.8272884e-02;2.2250000e+02;-7.5009748e-02;2.2250000e+02;-4.1414294e-02;2.2250000e+02;1.3350848e-02;2.2250000e+02;6.9905907e-02;2.2250000e+02;1.2904471e-01;2.2250000e+02;1.9270869e-01;2.2250000e+02;2.2419961e-01;2.2250000e+02;2.0968620e-01;2.2250000e+02;2.0649363e-01;2.2250000e+02;1.4874402e-01;2.2250000e+02;8.5473955e-02;2.2250000e+02;3.0680403e-02;2.2250000e+02;-1.7026916e-02;2.2250000e+02;-6.1340272e-02;2.2250000e+02;-1.0487904e-01;2.2250000e+02;-1.4662945e-01;2.2250000e+02;-1.8941939e-01;2.2250000e+02;-8.8272884e-02;2.2250000e+02;-7.5009748e-02;2.2250000e+02;-4.1414294e-02;2.2250000e+02;1.3350848e-02;2.2250000e+02;6.9905907e-02;2.2250000e+02;1.2904471e-01;2.2250000e+02;1.9270869e-01;2.2250000e+02;2.2419961e-01;2.2250000e+02;2.0968620e-01;2.2250000e+02;2.0649363e-01;2.2250000e+02;1.4874402e-01;2.2250000e+02;8.5473955e-02;2.2250000e+02;3.0680403e-02;2.2250000e+02;-1.7026916e-02;2.2250000e+02;-6.1340272e-02;2.2250000e+02;-1.0487904e-01;2.2250000e+02;-1.4662945e-01;2.2250000e+02;-1.8941939e-01;2.2250000e+02;-8.8272884e-02;2.2250000e+02;-7.5009748e-02;2.2250000e+02;-4.1414294e-02;2.2250000e+02;1.3350848e-02;2.2250000e+02;6.9905907e-02;2.2250000e+02;1.2904471e-01;2.2250000e+02;1.9270869e-01;2.2250000e+02;2.2419961e-01;2.2250000e+02;2.0968620e-01;2.2250000e+02;2.0649363e-01;2.2250000e+02;1.4874402e-01;2.2250000e+02;8.5473955e-02;2.2250000e+02;3.0680403e-02;2.2250000e+02;-1.7026916e-02;2.2250000e+02;-6.1340272e-02;2.2250000e+02;-1.0487904e-01;2.2250000e+02;-1.4662945e-01;2.2250000e+02;-1.8941939e-01;2.2250000e+02;-8.8272884e-02;2.2250000e+02;-7.5009748e-02;2.2250000e+02;-4.1414294e-02;2.2250000e+02;1.3350848e-02;2.2250000e+02;6.9905907e-02;2.2250000e+02;1.2904471e-01;2.2250000e+02;1.9270869e-01;2.2250000e+02;2.2419961e-01;2.2250000e+02;2.0968620e-01;2.2250000e+02;2.0649363e-01;2.2250000e+02;1.4874402e-01;2.2250000e+02;8.5473955e-02;2.2250000e+02;3.0680403e-02;2.2250000e+02;-1.7026916e-02;2.2250000e+02;-6.1340272e-02;2.2250000e+02;-1.0487904e-01;2.2250000e+02;-1.4662945e-01;2.2250000e+02;-1.8941939e-01;2.2250000e+02;-8.8272884e-02;2.2250000e+02;-7.5009748e-02;2.2250000e+02;-4.1414294e-02;2.2250000e+02;1.3350848e-02;2.2250000e+02;6.9905907e-02;2.2250000e+02;1.2904471e-01;2.2250000e+02;1.9270869e-01;2.2250000e+02;2.2419961e-01;2.2250000e+02;2.0968620e-01;2.2250000e+02;2.0649363e-01;2.2250000e+02;1.4874402e-01;2.2250000e+02;8.5473955e-02;2.2250000e+02;3.0680403e-02;2.2250000e+02;-1.7026916e-02;2.2250000e+02;-6.1340272e-02;2.2250000e+02;-1.0487904e-01;2.2250000e+02;-1.4662945e-01;2.2250000e+02;-1.8941939e-01;2.2250000e+02;-8.8272884e-02;2.2250000e+02;-7.5009748e-02;2.2250000e+02;-4.1414294e-02;2.2250000e+02;1.3350848e-02;2.2250000e+02;6.9905907e-02;2.2250000e+02;1.2904471e-01;2.2250000e+02;1.9270869e-01;2.2250000e+02;2.2419961e-01;2.2250000e+02;2.0968620e-01;2.2250000e+02;2.0649363e-01;2.2250000e+02;1.4874402e-01;2.2250000e+02;8.5473955e-02;2.2250000e+02;3.0680403e-02;2.2250000e+02;-1.7026916e-02;2.2250000e+02;-6.1340272e-02;2.2250000e+02;-1.0487904e-01;2.2250000e+02;-1.4662945e-01;2.2250000e+02;-1.8941939e-01;2.2250000e+02;-8.8272884e-02;2.2250000e+02;-7.5009748e-02;2.2250000e+02;-4.1414294e-02;2.2250000e+02;1.3350848e-02;2.2250000e+02;6.9905907e-02;2.2250000e+02;1.2904471e-01;2.2250000e+02;1.9270869e-01;2.2250000e+02;2.2419961e-01;2.2250000e+02;2.0968620e-01;2.2250000e+02;2.0649363e-01;2.2250000e+02;1.4874402e-01;2.2250000e+02;8.5473955e-02;2.2250000e+02;3.0680403e-02;2.2250000e+02;-1.7026916e-02;2.2250000e+02;-6.1340272e-02;2.2250000e+02;-1.0487904e-01;2.2250000e+02;-1.4662945e-01;2.2250000e+02;-1.8941939e-01;2.2250000e+02;-8.8272884e-02;2.2250000e+02;-7.5009748e-02;2.2250000e+02;-4.1414294e-02;2.2250000e+02;1.3350848e-02;2.2250000e+02;6.9905907e-02;2.2250000e+02;1.2904471e-01;2.2250000e+02;1.9270869e-01;2.2250000e+02;2.2419961e-01;2.2250000e+02;2.0968620e-01;2.2250000e+02;2.0649363e-01;2.2250000e+02;1.4874402e-01;2.2250000e+02;8.5473955e-02;2.2250000e+02;3.0680403e-02;2.2250000e+02;-1.7026916e-02;2.2250000e+02;-6.1340272e-02;2.2250000e+02;-1.0487904e-01;2.2250000e+02;-1.4662945e-01;2.2250000e+02;-1.8941939e-01;2.2250000e+02;-8.8272884e-02;2.2250000e+02;-7.5009748e-02;2.2250000e+02;-4.1414294e-02;2.2250000e+02;1.3350848e-02;2.2250000e+02;6.9905907e-02;2.2250000e+02;1.2904471e-01;2.2250000e+02;1.9270869e-01;2.2250000e+02;2.2419961e-01;2.2250000e+02;2.0968620e-01;2.2250000e+02;2.0649363e-01;2.2250000e+02;1.4874402e-01;2.2250000e+02;8.5473955e-02;2.2250000e+02;3.0680403e-02;2.2250000e+02;-1.7026916e-02;2.2250000e+02;-6.1340272e-02;2.2250000e+02;-1.0487904e-01;2.2250000e+02;-1.4662945e-01;2.2250000e+02;-1.8941939e-01;2.2250000e+02;-8.8272884e-02;2.2250000e+02;-7.5009748e-02;2.2250000e+02;-4.1414294e-02;2.2250000e+02;1.3350848e-02;2.2250000e+02;6.9905907e-02;2.2250000e+02;1.2904471e-01;2.2250000e+02;1.9270869e-01;2.2250000e+02;2.2419961e-01;2.2250000e+02;2.0968620e-01;2.2250000e+02;2.0649363e-01;2.2250000e+02;1.4874402e-01;2.2250000e+02;8.5473955e-02;2.2250000e+02;3.0680403e-02;2.2250000e+02;-1.7026916e-02;2.2250000e+02;-6.1340272e-02;2.2250000e+02;-1.0487904e-01;2.2250000e+02;-1.4662945e-01;2.2250000e+02;-1.8941939e-01;2.2250000e+02;-8.8272884e-02;2.2250000e+02;-7.5009748e-02;2.2250000e+02;-4.1414294e-02;2.2250000e+02;1.3350848e-02;2.2250000e+02;6.9905907e-02;2.2250000e+02;1.2904471e-01;2.2250000e+02;1.9270869e-01;2.2250000e+02;2.2419961e-01;2.2250000e+02;2.0968620e-01;2.2250000e+02;2.0649363e-01;2.2250000e+02;1.4874402e-01;2.2250000e+02;8.5473955e-02;2.2250000e+02;3.0680403e-02;2.2250000e+02;-1.7026916e-02;2.2250000e+02;-6.1340272e-02;2.2250000e+02;-1.0487904e-01;2.2250000e+02;-1.4662945e-01;2.2250000e+02;-1.8941939e-01;2.2250000e+02;-8.8272884e-02;2.2250000e+02;-7.5009748e-02;2.2250000e+02;-4.1414294e-02;2.2250000e+02;1.3350848e-02;2.2250000e+02;6.9905907e-02;2.2250000e+02;1.2904471e-01;2.2250000e+02;1.9270869e-01;2.2250000e+02;2.2419961e-01;2.2250000e+02;2.0968620e-01;2.2250000e+02;2.0649363e-01;2.2250000e+02;1.4874402e-01;2.2250000e+02;8.5473955e-02;2.2250000e+02;3.0680403e-02;2.2250000e+02;-1.7026916e-02;2.2250000e+02;-6.1340272e-02;2.2250000e+02;-1.0487904e-01;2.2250000e+02;-1.4662945e-01;2.2250000e+02;-1.8941939e-01;2.2250000e+02;-8.8272884e-02;2.2250000e+02;-7.5009748e-02;2.2250000e+02;-4.1414294e-02;2.2250000e+02;1.3350848e-02;2.2250000e+02;6.9905907e-02;2.2250000e+02;1.2904471e-01;2.2250000e+02;1.9270869e-01;2.2250000e+02;2.2419961e-01;2.2250000e+02;2.0968620e-01;2.2250000e+02;2.0649363e-01;2.2250000e+02;1.4874402e-01;2.2250000e+02;8.5473955e-02;2.2250000e+02;3.0680403e-02;2.2250000e+02;-1.7026916e-02;2.2250000e+02;-6.1340272e-02;2.2250000e+02;-1.0487904e-01;2.2250000e+02;-1.4662945e-01;2.2250000e+02;-1.8941939e-01;2.2250000e+02;-8.8272884e-02;2.2250000e+02;-7.5009748e-02;2.2250000e+02;-4.1414294e-02;2.2250000e+02;1.3350848e-02;2.2250000e+02;6.9905907e-02;2.2250000e+02;1.2904471e-01;2.2250000e+02;1.9270869e-01;2.2250000e+02;2.2419961e-01;2.2250000e+02;2.0968620e-01;2.2250000e+02;2.0649363e-01;2.2250000e+02;1.4874402e-01;2.2250000e+02;8.5473955e-02;2.2250000e+02;3.0680403e-02;2.2250000e+02;-1.7026916e-02;2.2250000e+02;-6.1340272e-02;2.2250000e+02;-1.0487904e-01;2.2250000e+02;-1.4662945e-01;2.2250000e+02;-1.8941939e-01;2.2250000e+02;-8.8272884e-02;2.2250000e+02;-7.5009748e-02;2.2250000e+02;-4.1414294e-02;2.2250000e+02;1.3350848e-02;2.2250000e+02;6.9905907e-02;2.2250000e+02;1.2904471e-01;2.2250000e+02;1.9270869e-01;2.2250000e+02;2.2419961e-01;2.2250000e+02;2.0968620e-01;2.2250000e+02;2.0649363e-01;2.2250000e+02;1.4874402e-01;2.2250000e+02;8.5473955e-02;2.2250000e+02;3.0680403e-02;2.2250000e+02;-1.7026916e-02;2.2250000e+02;-6.1340272e-02;2.2250000e+02;-1.0487904e-01;2.2250000e+02;-1.4662945e-01;2.2250000e+02;-1.8941939e-01;2.2250000e+02;-8.8272884e-02;2.2250000e+02;-7.5009748e-02;2.2250000e+02;-4.1414294e-02;2.2250000e+02;1.3350848e-02;2.2250000e+02;6.9905907e-02;2.2250000e+02;1.2904471e-01;2.2250000e+02;1.9270869e-01;2.2250000e+02;2.2419961e-01;2.2250000e+02;2.0968620e-01;2.2250000e+02;2.0649363e-01;2.2250000e+02;1.4874402e-01;2.2250000e+02;8.5473955e-02;2.2250000e+02;3.0680403e-02;2.2250000e+02;-1.7026916e-02;2.2250000e+02;-6.1340272e-02;2.2250000e+02;-1.0487904e-01;2.2250000e+02;-1.4662945e-01;2.2250000e+02;-1.8941939e-01;2.2250000e+02;-8.8272884e-02;2.2250000e+02;-7.5009748e-02;2.2250000e+02;-4.1414294e-02;2.2250000e+02;1.3350848e-02;2.2250000e+02;6.9905907e-02;2.2250000e+02;1.2904471e-01;2.2250000e+02;1.9270869e-01;2.2250000e+02;2.2419961e-01;2.2250000e+02;2.0968620e-01;2.2250000e+02;2.0649363e-01;2.2250000e+02;1.4874402e-01;2.2250000e+02;8.5473955e-02;2.2250000e+02;3.0680403e-02;2.2250000e+02;-1.7026916e-02;2.2250000e+02;-6.1340272e-02;2.2250000e+02;-1.0487904e-01;2.2250000e+02;-1.4662945e-01;2.2250000e+02;-1.8941939e-01;2.2250000e+02;-8.8272884e-02;2.2250000e+02;-7.5009748e-02;2.2250000e+02;-4.1414294e-02;2.2250000e+02;1.3350848e-02;2.2250000e+02;6.9905907e-02;2.2250000e+02;1.2904471e-01;2.2250000e+02;1.9270869e-01;2.2250000e+02;2.2419961e-01;2.2250000e+02;2.0968620e-01;2.2250000e+02;2.0649363e-01;2.2250000e+02;1.4874402e-01;2.2250000e+02;8.5473955e-02;2.2250000e+02;3.0680403e-02;2.2250000e+02;-1.7026916e-02;2.2250000e+02;-6.1340272e-02;2.2250000e+02;-1.0487904e-01;2.2250000e+02;-1.4662945e-01;2.2250000e+02;-1.8941939e-01;2.2250000e+02;-8.8272884e-02;2.2250000e+02;-7.5009748e-02;2.2250000e+02;-4.1414294e-02;2.2250000e+02;1.3350848e-02;2.2250000e+02;6.9905907e-02;2.2250000e+02;1.2904471e-01;2.2250000e+02;1.9270869e-01;2.2250000e+02;2.2419961e-01;2.2250000e+02;2.0968620e-01;2.2250000e+02;2.0649363e-01;2.2250000e+02;1.4874402e-01;2.2250000e+02;8.5473955e-02;2.2250000e+02;3.0680403e-02;2.2250000e+02;-1.7026916e-02;2.2250000e+02;-6.1340272e-02;2.2250000e+02;-1.0487904e-01;2.2250000e+02;-1.4662945e-01;2.2250000e+02;-1.8941939e-01;2.2250000e+02;-8.8272884e-02;2.2250000e+02;-7.5009748e-02;2.2250000e+02;-4.1414294e-02;2.2250000e+02;1.3350848e-02;2.2250000e+02;6.9905907e-02;2.2250000e+02;1.2904471e-01;2.2250000e+02;1.9270869e-01;2.2250000e+02;2.2419961e-01;2.2250000e+02;2.0968620e-01;2.2250000e+02;2.0649363e-01;2.2250000e+02;1.4874402e-01;2.2250000e+02;8.5473955e-02;2.2250000e+02;3.0680403e-02;2.2250000e+02;-1.7026916e-02;2.2250000e+02;-6.1340272e-02;2.2250000e+02;-1.0487904e-01;2.2250000e+02;-1.4662945e-01;2.2250000e+02;-1.8941939e-01;2.2250000e+02;-8.8272884e-02;2.2250000e+02;-7.5009748e-02;2.2250000e+02;-4.1414294e-02;2.2250000e+02;1.3350848e-02;2.2250000e+02;6.9905907e-02;2.2250000e+02;1.2904471e-01;2.2250000e+02;1.9270869e-01;2.2250000e+02;2.2419961e-01;2.2250000e+02;2.0968620e-01;2.2250000e+02;2.0649363e-01;2.2250000e+02;1.4874402e-01;2.2250000e+02;8.5473955e-02;2.2250000e+02;3.0680403e-02;2.2250000e+02;-1.7026916e-02;2.2250000e+02;-6.1340272e-02;2.2250000e+02;-1.0487904e-01;2.2250000e+02;-1.4662945e-01;2.2250000e+02;-1.8941939e-01;2.2250000e+02;-8.8272884e-02;2.2250000e+02;-7.5009748e-02;2.2250000e+02;-4.1414294e-02;2.2250000e+02;1.3350848e-02;2.2250000e+02;6.9905907e-02;2.2250000e+02;1.2904471e-01;2.2250000e+02;1.9270869e-01;2.2250000e+02;2.2419961e-01;2.2250000e+02;2.0968620e-01;2.2250000e+02;2.0649363e-01;2.2250000e+02;1.4874402e-01;2.2250000e+02;8.5473955e-02;2.2250000e+02;3.0680403e-02;2.2250000e+02;-1.7026916e-02;2.2250000e+02;-6.1340272e-02;2.2250000e+02;-1.0487904e-01;2.2250000e+02;-1.4662945e-01;2.2250000e+02;-1.8941939e-01;2.2250000e+02;-8.8272884e-02;2.2250000e+02;-7.5009748e-02;2.2250000e+02;-4.1414294e-02;2.2250000e+02;1.3350848e-02;2.2250000e+02;6.9905907e-02;2.2250000e+02;1.2904471e-01;2.2250000e+02;1.9270869e-01;2.2250000e+02;2.2419961e-01;2.2250000e+02;2.0968620e-01;2.2250000e+02;2.0649363e-01;2.2250000e+02;1.4874402e-01;2.2250000e+02;8.5473955e-02;2.2250000e+02;3.0680403e-02;2.2250000e+02;-1.7026916e-02;2.2250000e+02;-6.1340272e-02;2.2250000e+02;-1.0487904e-01;2.2250000e+02;-1.4662945e-01;2.2250000e+02;-1.8941939e-01;2.2250000e+02;-8.8272884e-02;2.2250000e+02;-7.5009748e-02;2.2250000e+02;-4.1414294e-02;2.2250000e+02;1.3350848e-02;2.2250000e+02;6.9905907e-02;2.2250000e+02;1.2904471e-01;2.2250000e+02;1.9270869e-01;2.2250000e+02;2.2419961e-01;2.2250000e+02;2.0968620e-01;2.2250000e+02;2.0649363e-01;2.2250000e+02;1.4874402e-01;2.2250000e+02;8.5473955e-02;2.2250000e+02;3.0680403e-02;2.2250000e+02;-1.7026916e-02;2.2250000e+02;-6.1340272e-02;2.2250000e+02;-1.0487904e-01;2.2250000e+02;-1.4662945e-01;2.2250000e+02;-1.8941939e-01;2.2250000e+02;-8.8272884e-02;2.2250000e+02;-7.5009748e-02;2.2250000e+02;-4.1414294e-02;2.2250000e+02;1.3350848e-02;2.2250000e+02;6.9905907e-02;2.2250000e+02;1.2904471e-01;2.2250000e+02;1.9270869e-01;2.2250000e+02;2.2419961e-01;2.2250000e+02;2.0968620e-01;2.2250000e+02;2.0649363e-01;2.2250000e+02;1.4874402e-01;2.2250000e+02;8.5473955e-02;2.2250000e+02;3.0680403e-02;2.2250000e+02;-1.7026916e-02;2.2250000e+02;-6.1340272e-02;2.2250000e+02;-1.0487904e-01;2.2250000e+02;-1.4662945e-01;2.2250000e+02;-1.8941939e-01;2.2250000e+02;-8.8272884e-02;2.2250000e+02;-7.5009748e-02;2.2250000e+02;-4.1414294e-02;2.2250000e+02;1.3350848e-02;2.2250000e+02;6.9905907e-02;2.2250000e+02;1.2904471e-01;2.2250000e+02;1.9270869e-01;2.2250000e+02;2.2419961e-01;2.2250000e+02;2.0968620e-01;2.2250000e+02;2.0649363e-01;2.2250000e+02;1.4874402e-01;2.2250000e+02;8.5473955e-02;2.2250000e+02;3.0680403e-02;2.2250000e+02;-1.7026916e-02;2.2250000e+02;-6.1340272e-02;2.2250000e+02;-1.0487904e-01;2.2250000e+02;-1.4662945e-01;2.2250000e+02;-1.8941939e-01;2.2250000e+02;-8.8272884e-02;2.2250000e+02;-7.5009748e-02;2.2250000e+02;-4.1414294e-02;2.2250000e+02;1.3350848e-02;2.2250000e+02;6.9905907e-02;2.2250000e+02;1.2904471e-01;2.2250000e+02;1.9270869e-01;2.2250000e+02;2.2419961e-01;2.2250000e+02;2.0968620e-01;2.2250000e+02;2.0649363e-01;2.2250000e+02;1.4874402e-01;2.2250000e+02;8.5473955e-02;2.2250000e+02;3.0680403e-02;2.2250000e+02;-1.7026916e-02;2.2250000e+02;-6.1340272e-02;2.2250000e+02;-1.0487904e-01;2.2250000e+02;-1.4662945e-01;2.2250000e+02;-1.8941939e-01;2.2250000e+02;-8.8272884e-02;2.2250000e+02;-7.5009748e-02;2.2250000e+02;-4.1414294e-02;2.2250000e+02;1.3350848e-02;2.2250000e+02;6.9905907e-02;2.2250000e+02;1.2904471e-01;2.2250000e+02;1.9270869e-01;2.2250000e+02;2.2419961e-01;2.2250000e+02;2.0968620e-01;2.2250000e+02;2.0649363e-01;2.2250000e+02;1.4874402e-01;2.2250000e+02;8.5473955e-02;2.2250000e+02;3.0680403e-02;2.2250000e+02;-1.7026916e-02;2.2250000e+02;-6.1340272e-02;2.2250000e+02;-1.0487904e-01;2.2250000e+02;-1.4662945e-01;2.2250000e+02;-1.8941939e-01;2.2250000e+02;-8.8272884e-02;2.2250000e+02;-7.5009748e-02;2.2250000e+02;-4.1414294e-02;2.2250000e+02;1.3350848e-02;2.2250000e+02;6.9905907e-02;2.2250000e+02;1.2904471e-01;2.2250000e+02;1.9270869e-01;2.2250000e+02;2.2419961e-01;2.2250000e+02;2.0968620e-01;2.2250000e+02;2.0649363e-01;2.2250000e+02;1.4874402e-01;2.2250000e+02;8.5473955e-02;2.2250000e+02;3.0680403e-02;2.2250000e+02;-1.7026916e-02;2.2250000e+02;-6.1340272e-02;2.2250000e+02;-1.0487904e-01;2.2250000e+02;-1.4662945e-01;2.2250000e+02;-1.8941939e-01;2.2250000e+02;-8.8272884e-02;2.2250000e+02;-7.5009748e-02;2.2250000e+02;-4.1414294e-02;2.2250000e+02;1.3350848e-02;2.2250000e+02;6.9905907e-02;2.2250000e+02;1.2904471e-01;2.2250000e+02;1.9270869e-01;2.2250000e+02;2.2419961e-01;2.2250000e+02;2.0968620e-01;2.2250000e+02;2.0649363e-01;2.2250000e+02;1.4874402e-01;2.2250000e+02;8.5473955e-02;2.2250000e+02;3.0680403e-02;2.2250000e+02;-1.7026916e-02;2.2250000e+02;-6.1340272e-02;2.2250000e+02;-1.0487904e-01;2.2250000e+02;-1.4662945e-01;2.2250000e+02;-1.8941939e-01;2.2250000e+02;-8.8272884e-02;2.2250000e+02;-7.5009748e-02;2.2250000e+02;-4.1414294e-02;2.2250000e+02;1.3350848e-02;2.2250000e+02;6.9905907e-02;2.2250000e+02;1.2904471e-01;2.2250000e+02;1.9270869e-01;2.2250000e+02;2.2419961e-01;2.2250000e+02;2.0968620e-01;2.2250000e+02;2.0649363e-01;2.2250000e+02;1.4874402e-01;2.2250000e+02;8.5473955e-02;2.2250000e+02;3.0680403e-02;2.2250000e+02;-1.7026916e-02;2.2250000e+02;-6.1340272e-02;2.2250000e+02;-1.0487904e-01;2.2250000e+02;-1.4662945e-01;2.2250000e+02;-1.8941939e-01;2.2250000e+02;-8.8272884e-02;2.2250000e+02;-7.5009748e-02;2.2250000e+02;-4.1414294e-02;2.2250000e+02;1.3350848e-02;2.2250000e+02;6.9905907e-02;2.2250000e+02;1.2904471e-01;2.2250000e+02;1.9270869e-01;2.2250000e+02;2.2419961e-01;2.2250000e+02;2.0968620e-01;2.2250000e+02;2.0649363e-01;2.2250000e+02;1.4874402e-01;2.2250000e+02;8.5473955e-02;2.2250000e+02;3.0680403e-02;2.2250000e+02;-1.7026916e-02;2.2250000e+02;-6.1340272e-02;2.2250000e+02;-1.0487904e-01;2.2250000e+02;-1.4662945e-01;2.2250000e+02;-1.8941939e-01;2.2250000e+02;-8.8272884e-02;2.2250000e+02;-7.5009748e-02;2.2250000e+02;-4.1414294e-02;2.2250000e+02;1.3350848e-02;2.2250000e+02;6.9905907e-02;2.2250000e+02;1.2904471e-01;2.2250000e+02;1.9270869e-01;2.2250000e+02;2.2419961e-01;2.2250000e+02;2.0968620e-01;2.2250000e+02;2.0649363e-01;2.2250000e+02;1.4874402e-01;2.2250000e+02;8.5473955e-02;2.2250000e+02;3.0680403e-02;2.2250000e+02;-1.7026916e-02;2.2250000e+02;-6.1340272e-02;2.2250000e+02;-1.0487904e-01;2.2250000e+02;-1.4662945e-01;2.2250000e+02;-1.8941939e-01;2.2250000e+02;-8.8272884e-02;2.2250000e+02;-7.5009748e-02;2.2250000e+02;-4.1414294e-02;2.2250000e+02;1.3350848e-02;2.2250000e+02;6.9905907e-02;2.2250000e+02;1.2904471e-01;2.2250000e+02;1.9270869e-01;2.2250000e+02;2.2419961e-01;2.2250000e+02;2.0968620e-01;2.2250000e+02;2.0649363e-01;2.2250000e+02;1.4874402e-01;2.2250000e+02;8.5473955e-02;2.2250000e+02;3.0680403e-02;2.2250000e+02;-1.7026916e-02;2.2250000e+02;-6.1340272e-02;2.2250000e+02;-1.0487904e-01;2.2250000e+02;-1.4662945e-01;2.2250000e+02;-1.8941939e-01;2.2250000e+02;-8.8272884e-02;2.2250000e+02;-7.5009748e-02;2.2250000e+02;-4.1414294e-02;2.2250000e+02;1.3350848e-02;2.2250000e+02;6.9905907e-02;2.2250000e+02;1.2904471e-01;2.2250000e+02;1.9270869e-01;2.2250000e+02;2.2419961e-01;2.2250000e+02;2.0968620e-01;2.2250000e+02;2.0649363e-01;2.2250000e+02;1.4874402e-01;2.2250000e+02;8.5473955e-02;2.2250000e+02;3.0680403e-02;2.2250000e+02;-1.7026916e-02;2.2250000e+02;-6.1340272e-02;2.2250000e+02;-1.0487904e-01;2.2250000e+02;-1.4662945e-01;2.2250000e+02;-1.8941939e-01;2.2250000e+02;-8.8272884e-02;2.2250000e+02;-7.5009748e-02;2.2250000e+02;-4.1414294e-02;2.2250000e+02;1.3350848e-02;2.2250000e+02;6.9905907e-02;2.2250000e+02;1.2904471e-01;2.2250000e+02;1.9270869e-01;2.2250000e+02;2.2419961e-01;2.2250000e+02;2.0968620e-01;2.2250000e+02;2.0649363e-01;2.2250000e+02;1.4874402e-01;2.2250000e+02;8.5473955e-02;2.2250000e+02;3.0680403e-02;2.2250000e+02;-1.7026916e-02;2.2250000e+02;-6.1340272e-02;2.2250000e+02;-1.0487904e-01;2.2250000e+02;-1.4662945e-01;2.2250000e+02;-1.8941939e-01;2.2250000e+02;-8.8272884e-02;2.2250000e+02;-7.5009748e-02;2.2250000e+02;-4.1414294e-02;2.2250000e+02;1.3350848e-02;2.2250000e+02;6.9905907e-02;2.2250000e+02;1.2904471e-01;2.2250000e+02;1.9270869e-01;2.2250000e+02;2.2419961e-01;2.2250000e+02;2.0968620e-01;2.2250000e+02;2.0649363e-01;2.2250000e+02;1.4874402e-01;2.2250000e+02;8.5473955e-02;2.2250000e+02;3.0680403e-02;2.2250000e+02;-1.7026916e-02;2.2250000e+02;-6.1340272e-02;2.2250000e+02;-1.0487904e-01;2.2250000e+02;-1.4662945e-01;2.2250000e+02;-1.8941939e-01;2.2250000e+02;-8.8272884e-02;2.2250000e+02;-7.5009748e-02;2.2250000e+02;-4.1414294e-02;2.2250000e+02;1.3350848e-02;2.2250000e+02;6.9905907e-02;2.2250000e+02;1.2904471e-01;2.2250000e+02;1.9270869e-01;2.2250000e+02;2.2419961e-01;2.2250000e+02;2.0968620e-01;2.2250000e+02;2.0649363e-01;2.2250000e+02;1.4874402e-01;2.2250000e+02;8.5473955e-02;2.2250000e+02;3.0680403e-02;2.2250000e+02;-1.7026916e-02;2.2250000e+02;-6.1340272e-02;2.2250000e+02;-1.0487904e-01;2.2250000e+02;-1.4662945e-01;2.2250000e+02;-1.8941939e-01;2.2250000e+02;-8.8272884e-02;2.2250000e+02;-7.5009748e-02;2.2250000e+02;-4.1414294e-02;2.2250000e+02;1.3350848e-02;2.2250000e+02;6.9905907e-02;2.2250000e+02;1.2904471e-01;2.2250000e+02;1.9270869e-01;2.2250000e+02;2.2419961e-01;2.2250000e+02;2.0968620e-01;2.2250000e+02;2.0649363e-01;2.2250000e+02;1.4874402e-01;2.2250000e+02;8.5473955e-02;2.2250000e+02;3.0680403e-02;2.2250000e+02;-1.7026916e-02;2.2250000e+02;-6.1340272e-02;2.2250000e+02;-1.0487904e-01;2.2250000e+02;-1.4662945e-01;2.2250000e+02;-1.8941939e-01;2.2250000e+02;-8.8272884e-02;2.2250000e+02;-7.5009748e-02;2.2250000e+02;-4.1414294e-02;2.2250000e+02;1.3350848e-02;2.2250000e+02;6.9905907e-02;2.2250000e+02;1.2904471e-01;2.2250000e+02;1.9270869e-01;2.2250000e+02;2.2419961e-01;2.2250000e+02;2.0968620e-01;2.2250000e+02;2.0649363e-01;2.2250000e+02;1.4874402e-01;2.2250000e+02;8.5473955e-02;2.2250000e+02;3.0680403e-02;2.2250000e+02;-1.7026916e-02;2.2250000e+02;-6.1340272e-02;2.2250000e+02;-1.0487904e-01;2.2250000e+02;-1.4662945e-01;2.2250000e+02;-1.8941939e-01;2.2250000e+02;-8.8272884e-02;2.2250000e+02;-7.5009748e-02;2.2250000e+02;-4.1414294e-02;2.2250000e+02;1.3350848e-02;2.2250000e+02;6.9905907e-02;2.2250000e+02;1.2904471e-01;2.2250000e+02;1.9270869e-01;2.2250000e+02;2.2419961e-01;2.2250000e+02;2.0968620e-01;2.2250000e+02;2.0649363e-01;2.2250000e+02;1.4874402e-01;2.2250000e+02;8.5473955e-02;2.2250000e+02;3.0680403e-02;2.2250000e+02;-1.7026916e-02;2.2250000e+02;-6.1340272e-02;2.2250000e+02;-1.0487904e-01;2.2250000e+02;-1.4662945e-01;2.2250000e+02;-1.8941939e-01;2.2250000e+02;-8.8272884e-02;2.2250000e+02;-7.5009748e-02;2.2250000e+02;-4.1414294e-02;2.2250000e+02;1.3350848e-02;2.2250000e+02;6.9905907e-02;2.2250000e+02;1.2904471e-01;2.2250000e+02;1.9270869e-01;2.2250000e+02;2.2419961e-01;2.2250000e+02;2.0968620e-01;2.2250000e+02;2.0649363e-01;2.2250000e+02;1.4874402e-01;2.2250000e+02;8.5473955e-02;2.2250000e+02;3.0680403e-02;2.2250000e+02;-1.7026916e-02;2.2250000e+02;-6.1340272e-02;2.2250000e+02;-1.0487904e-01;2.2250000e+02;-1.4662945e-01;2.2250000e+02;-1.8941939e-01;2.2250000e+02;-8.8272884e-02;2.2250000e+02;-7.5009748e-02;2.2250000e+02;-4.1414294e-02;2.2250000e+02;1.3350848e-02;2.2250000e+02;6.9905907e-02;2.2250000e+02;1.2904471e-01;2.2250000e+02;1.9270869e-01;2.2250000e+02;2.2419961e-01;2.2250000e+02;2.0968620e-01;2.2250000e+02;2.0649363e-01;2.2250000e+02;1.4874402e-01;2.2250000e+02;8.5473955e-02;2.2250000e+02;3.0680403e-02;2.2250000e+02;-1.7026916e-02;2.2250000e+02;-6.1340272e-02;2.2250000e+02;-1.0487904e-01;2.2250000e+02;-1.4662945e-01;2.2250000e+02;-1.8941939e-01;2.2250000e+02;-8.8272884e-02;2.2250000e+02;-7.5009748e-02;2.2250000e+02;-4.1414294e-02;2.2250000e+02;1.3350848e-02;2.2250000e+02;6.9905907e-02;2.2250000e+02;1.2904471e-01;2.2250000e+02;1.9270869e-01;2.2250000e+02;2.2419961e-01;2.2250000e+02;2.0968620e-01;2.2250000e+02;2.0649363e-01;2.2250000e+02;1.4874402e-01;2.2250000e+02;8.5473955e-02;2.2250000e+02;3.0680403e-02;2.2250000e+02;-1.7026916e-02;2.2250000e+02;-6.1340272e-02;2.2250000e+02;-1.0487904e-01;2.2250000e+02;-1.4662945e-01;2.2250000e+02;-1.8941939e-01;2.2250000e+02;-8.8272884e-02;2.2250000e+02;-7.5009748e-02;2.2250000e+02;-4.1414294e-02;2.2250000e+02;1.3350848e-02;2.2250000e+02;6.9905907e-02;2.2250000e+02;1.2904471e-01;2.2250000e+02;1.9270869e-01;2.2250000e+02;2.2419961e-01;2.2250000e+02;2.0968620e-01;2.2250000e+02;2.0649363e-01;2.2250000e+02;1.4874402e-01;2.2250000e+02;8.5473955e-02;2.2250000e+02;3.0680403e-02;2.2250000e+02;-1.7026916e-02;2.2250000e+02;-6.1340272e-02;2.2250000e+02;-1.0487904e-01;2.2250000e+02;-1.4662945e-01;2.2250000e+02;-1.8941939e-01;2.2250000e+02;-8.8272884e-02;2.2250000e+02;-7.5009748e-02;2.2250000e+02;-4.1414294e-02;2.2250000e+02;1.3350848e-02;2.2250000e+02;6.9905907e-02;2.2250000e+02;1.2904471e-01;2.2250000e+02;1.9270869e-01;2.2250000e+02;2.2419961e-01;2.2250000e+02;2.0968620e-01;2.2250000e+02;2.0649363e-01;2.2250000e+02;1.4874402e-01;2.2250000e+02;8.5473955e-02;2.2250000e+02;3.0680403e-02;2.2250000e+02;-1.7026916e-02;2.2250000e+02;-6.1340272e-02;2.2250000e+02;-1.0487904e-01;2.2250000e+02;-1.4662945e-01;2.2250000e+02;-1.8941939e-01;2.2250000e+02;-8.8272884e-02;2.2250000e+02;-7.5009748e-02;2.2250000e+02;-4.1414294e-02;2.2250000e+02;1.3350848e-02;2.2250000e+02;6.9905907e-02;2.2250000e+02;1.2904471e-01;2.2250000e+02;1.9270869e-01;2.2250000e+02;2.2419961e-01;2.2250000e+02;2.0968620e-01;2.2250000e+02;2.0649363e-01;2.2250000e+02;1.4874402e-01;2.2250000e+02;8.5473955e-02;2.2250000e+02;3.0680403e-02;2.2250000e+02;-1.7026916e-02;2.2250000e+02;-6.1340272e-02;2.2250000e+02;-1.0487904e-01;2.2250000e+02;-1.4662945e-01;2.2250000e+02;-1.8941939e-01;2.2250000e+02;-8.8272884e-02;2.2250000e+02;-7.5009748e-02;2.2250000e+02;-4.1414294e-02;2.2250000e+02;1.3350848e-02;2.2250000e+02;6.9905907e-02;2.2250000e+02;1.2904471e-01;2.2250000e+02;1.9270869e-01;2.2250000e+02;2.2419961e-01;2.2250000e+02;2.0968620e-01;2.2250000e+02;2.0649363e-01;2.2250000e+02;1.4874402e-01;2.2250000e+02;8.5473955e-02;2.2250000e+02;3.0680403e-02;2.2250000e+02;-1.7026916e-02;2.2250000e+02;-6.1340272e-02;2.2250000e+02;-1.0487904e-01;2.2250000e+02;-1.4662945e-01;2.2250000e+02;-1.8941939e-01;2.2250000e+02;-8.8272884e-02;2.2250000e+02;-7.5009748e-02;2.2250000e+02;-4.1414294e-02;2.2250000e+02;1.3350848e-02;2.2250000e+02;6.9905907e-02;2.2250000e+02;1.2904471e-01;2.2250000e+02;1.9270869e-01;2.2250000e+02;2.2419961e-01;2.2250000e+02;2.0968620e-01;2.2250000e+02;2.0649363e-01;2.2250000e+02;1.4874402e-01;2.2250000e+02;8.5473955e-02;2.2250000e+02;3.0680403e-02;2.2250000e+02;-1.7026916e-02;2.2250000e+02;-6.1340272e-02;2.2250000e+02;-1.0487904e-01;2.2250000e+02;-1.4662945e-01;2.2250000e+02;-1.8941939e-01;2.2250000e+02;-8.8272884e-02;2.2250000e+02;-7.5009748e-02;2.2250000e+02;-4.1414294e-02;2.2250000e+02;1.3350848e-02;2.2250000e+02;6.9905907e-02;2.2250000e+02;1.2904471e-01;2.2250000e+02;1.9270869e-01;2.2250000e+02;2.2419961e-01;2.2250000e+02;2.0968620e-01;2.2250000e+02;2.0649363e-01;2.2250000e+02;1.4874402e-01;2.2250000e+02;8.5473955e-02;2.2250000e+02;3.0680403e-02;2.2250000e+02;-1.7026916e-02;2.2250000e+02;-6.1340272e-02;2.2250000e+02;-1.0487904e-01;2.2250000e+02;-1.4662945e-01;2.2250000e+02;-1.8941939e-01;2.2250000e+02;-8.8272884e-02;2.2250000e+02;-7.5009748e-02;2.2250000e+02;-4.1414294e-02;2.2250000e+02;1.3350848e-02;2.2250000e+02;6.9905907e-02;2.2250000e+02;1.2904471e-01;2.2250000e+02;1.9270869e-01;2.2250000e+02;2.2419961e-01;2.2250000e+02;2.0968620e-01;2.2250000e+02;2.0649363e-01;2.2250000e+02;1.4874402e-01;2.2250000e+02;8.5473955e-02;2.2250000e+02;3.0680403e-02;2.2250000e+02;-1.7026916e-02;2.2250000e+02;-6.1340272e-02;2.2250000e+02;-1.0487904e-01;2.2250000e+02;-1.4662945e-01;2.2250000e+02;-1.8941939e-01;2.2250000e+02;-8.8272884e-02;2.2250000e+02;-7.5009748e-02;2.2250000e+02;-4.1414294e-02;2.2250000e+02;1.3350848e-02;2.2250000e+02;6.9905907e-02;2.2250000e+02;1.2904471e-01;2.2250000e+02;1.9270869e-01;2.2250000e+02;2.2419961e-01;2.2250000e+02;2.0968620e-01;2.2250000e+02;2.0649363e-01;2.2250000e+02;1.4874402e-01;2.2250000e+02;8.5473955e-02;2.2250000e+02;3.0680403e-02;2.2250000e+02;-1.7026916e-02;2.2250000e+02;-6.1340272e-02;2.2250000e+02;-1.0487904e-01;2.2250000e+02;-1.4662945e-01;2.2250000e+02;-1.8941939e-01;2.2250000e+02;-8.8272884e-02;2.2250000e+02;-7.5009748e-02;2.2250000e+02;-4.1414294e-02;2.2250000e+02;1.3350848e-02;2.2250000e+02;6.9905907e-02;2.2250000e+02;1.2904471e-01;2.2250000e+02;1.9270869e-01;2.2250000e+02;2.2419961e-01;2.2250000e+02;2.0968620e-01;2.2250000e+02;2.0649363e-01;2.2250000e+02;1.4874402e-01;2.2250000e+02;8.5473955e-02;2.2250000e+02;3.0680403e-02;2.2250000e+02;-1.7026916e-02;2.2250000e+02;-6.1340272e-02;2.2250000e+02;-1.0487904e-01;2.2250000e+02;-1.4662945e-01;2.2250000e+02;-1.8941939e-01;2.2250000e+02;-8.8272884e-02;2.2250000e+02;-7.5009748e-02;2.2250000e+02;-4.1414294e-02;2.2250000e+02;1.3350848e-02;2.2250000e+02;6.9905907e-02;2.2250000e+02;1.2904471e-01;2.2250000e+02;1.9270869e-01;2.2250000e+02;2.2419961e-01;2.2250000e+02;2.0968620e-01;2.2250000e+02;2.0649363e-01;2.2250000e+02;1.4874402e-01;2.2250000e+02;8.5473955e-02;2.2250000e+02;3.0680403e-02;2.2250000e+02;-1.7026916e-02;2.2250000e+02;-6.1340272e-02;2.2250000e+02;-1.0487904e-01;2.2250000e+02;-1.4662945e-01;2.2250000e+02;-1.8941939e-01;2.2250000e+02;-8.8272884e-02;2.2250000e+02;-7.5009748e-02;2.2250000e+02;-4.1414294e-02;2.2250000e+02;1.3350848e-02;2.2250000e+02;6.9905907e-02;2.2250000e+02;1.2904471e-01;2.2250000e+02;1.9270869e-01;2.2250000e+02;2.2419961e-01;2.2250000e+02;2.0968620e-01;2.2250000e+02;2.0649363e-01;2.2250000e+02;1.4874402e-01;2.2250000e+02;8.5473955e-02;2.2250000e+02;3.0680403e-02;2.2250000e+02;-1.7026916e-02;2.2250000e+02;-6.1340272e-02;2.2250000e+02;-1.0487904e-01;2.2250000e+02;-1.4662945e-01;2.2250000e+02;-1.8941939e-01;2.2250000e+02;-8.8272884e-02;2.2250000e+02;-7.5009748e-02;2.2250000e+02;-4.1414294e-02;2.2250000e+02;1.3350848e-02;2.2250000e+02;6.9905907e-02;2.2250000e+02;1.2904471e-01;2.2250000e+02;1.9270869e-01;2.2250000e+02;2.2419961e-01;2.2250000e+02;2.0968620e-01;2.2250000e+02;2.0649363e-01;2.2250000e+02;1.4874402e-01;2.2250000e+02;8.5473955e-02;2.2250000e+02;3.0680403e-02;2.2250000e+02;-1.7026916e-02;2.2250000e+02;-6.1340272e-02;2.2250000e+02;-1.0487904e-01;2.2250000e+02;-1.4662945e-01;2.2250000e+02;-1.8941939e-01;2.2250000e+02;-8.8272884e-02;2.2250000e+02;-7.5009748e-02;2.2250000e+02;-4.1414294e-02;2.2250000e+02;1.3350848e-02;2.2250000e+02;6.9905907e-02;2.2250000e+02;1.2904471e-01;2.2250000e+02;1.9270869e-01;2.2250000e+02;2.2419961e-01;2.2250000e+02;2.0968620e-01;2.2250000e+02;2.0649363e-01;2.2250000e+02;1.4874402e-01;2.2250000e+02;8.5473955e-02;2.2250000e+02;3.0680403e-02;2.2250000e+02;-1.7026916e-02;2.2250000e+02;-6.1340272e-02;2.2250000e+02;-1.0487904e-01;2.2250000e+02;-1.4662945e-01;2.2250000e+02;-1.8941939e-01;2.2250000e+02;-8.8272884e-02;2.2250000e+02;-7.5009748e-02;2.2250000e+02;-4.1414294e-02;2.2250000e+02;1.3350848e-02;2.2250000e+02;6.9905907e-02;2.2250000e+02;1.2904471e-01;2.2250000e+02;1.9270869e-01;2.2250000e+02;2.2419961e-01;2.2250000e+02;2.0968620e-01;2.2250000e+02;2.0649363e-01;2.2250000e+02;1.4874402e-01;2.2250000e+02;8.5473955e-02;2.2250000e+02;3.0680403e-02;2.2250000e+02;-1.7026916e-02;2.2250000e+02;-6.1340272e-02;2.2250000e+02;-1.0487904e-01;2.2250000e+02;-1.4662945e-01;2.2250000e+02;-1.8941939e-01;2.2250000e+02;-8.8272884e-02;2.2250000e+02;-7.5009748e-02;2.2250000e+02;-4.1414294e-02;2.2250000e+02;1.3350848e-02;2.2250000e+02;6.9905907e-02;2.2250000e+02;1.2904471e-01;2.2250000e+02;1.9270869e-01;2.2250000e+02;2.2419961e-01;2.2250000e+02;2.0968620e-01;2.2250000e+02;2.0649363e-01;2.2250000e+02;1.4874402e-01;2.2250000e+02;8.5473955e-02;2.2250000e+02;3.0680403e-02;2.2250000e+02;-1.7026916e-02;2.2250000e+02;-6.1340272e-02;2.2250000e+02;-1.0487904e-01;2.2250000e+02;-1.4662945e-01;2.2250000e+02;-1.8941939e-01;2.2250000e+02;-8.8272884e-02;2.2250000e+02;-7.5009748e-02;2.2250000e+02;-4.1414294e-02;2.2250000e+02;1.3350848e-02;2.2250000e+02;6.9905907e-02;2.2250000e+02;1.2904471e-01;2.2250000e+02;1.9270869e-01;2.2250000e+02;2.2419961e-01;2.2250000e+02;2.0968620e-01;2.2250000e+02;2.0649363e-01;2.2250000e+02;1.4874402e-01;2.2250000e+02;8.5473955e-02;2.2250000e+02;3.0680403e-02;2.2250000e+02;-1.7026916e-02;2.2250000e+02;-6.1340272e-02;2.2250000e+02;-1.0487904e-01;2.2250000e+02;-1.4662945e-01;2.2250000e+02;-1.8941939e-01;2.2250000e+02;-8.8272884e-02;2.2250000e+02;-7.5009748e-02;2.2250000e+02;-4.1414294e-02;2.2250000e+02;1.3350848e-02;2.2250000e+02;6.9905907e-02;2.2250000e+02;1.2904471e-01;2.2250000e+02;1.9270869e-01;2.2250000e+02;2.2419961e-01;2.2250000e+02;2.0968620e-01;2.2250000e+02;2.0649363e-01;2.2250000e+02;1.4874402e-01;2.2250000e+02;8.5473955e-02;2.2250000e+02;3.0680403e-02;2.2250000e+02;-1.7026916e-02;2.2250000e+02;-6.1340272e-02;2.2250000e+02;-1.0487904e-01;2.2250000e+02;-1.4662945e-01;2.2250000e+02;-1.8941939e-01;2.2250000e+02;-8.8272884e-02;2.2250000e+02;-7.5009748e-02;2.2250000e+02;-4.1414294e-02;2.2250000e+02;1.3350848e-02;2.2250000e+02;6.9905907e-02;2.2250000e+02;1.2904471e-01;2.2250000e+02;1.9270869e-01;2.2250000e+02;2.2419961e-01;2.2250000e+02;2.0968620e-01;2.2250000e+02;2.0649363e-01;2.2250000e+02;1.4874402e-01;2.2250000e+02;8.5473955e-02;2.2250000e+02;3.0680403e-02;2.2250000e+02;-1.7026916e-02;2.2250000e+02;-6.1340272e-02;2.2250000e+02;-1.0487904e-01;2.2250000e+02;-1.4662945e-01;2.2250000e+02;-1.8941939e-01;2.2250000e+02;-8.8272884e-02;2.2250000e+02;-7.5009748e-02;2.2250000e+02;-4.1414294e-02;2.2250000e+02;1.3350848e-02;2.2250000e+02;6.9905907e-02;2.2250000e+02;1.2904471e-01;2.2250000e+02;1.9270869e-01;2.2250000e+02;2.2419961e-01;2.2250000e+02;2.0968620e-01;2.2250000e+02;2.0649363e-01;2.2250000e+02;1.4874402e-01;2.2250000e+02;8.5473955e-02;2.2250000e+02;3.0680403e-02;2.2250000e+02;-1.7026916e-02;2.2250000e+02;-6.1340272e-02;2.2250000e+02;-1.0487904e-01;2.2250000e+02;-1.4662945e-01;2.2250000e+02;-1.8941939e-01;2.2250000e+02;-8.8272884e-02;2.2250000e+02;-7.5009748e-02;2.2250000e+02;-4.1414294e-02;2.2250000e+02;1.3350848e-02;2.2250000e+02;6.9905907e-02;2.2250000e+02;1.2904471e-01;2.2250000e+02;1.9270869e-01;2.2250000e+02;2.2419961e-01;2.2250000e+02;2.0968620e-01;2.2250000e+02;2.0649363e-01;2.2250000e+02;1.4874402e-01;2.2250000e+02;8.5473955e-02;2.2250000e+02;3.0680403e-02;2.2250000e+02;-1.7026916e-02;2.2250000e+02;-6.1340272e-02;2.2250000e+02;-1.0487904e-01;2.2250000e+02;-1.4662945e-01;2.2250000e+02;-1.8941939e-01;2.2250000e+02;-8.8272884e-02;2.2250000e+02;-7.5009748e-02;2.2250000e+02;-4.1414294e-02;2.2250000e+02;1.3350848e-02;2.2250000e+02;6.9905907e-02;2.2250000e+02;1.2904471e-01;2.2250000e+02;1.9270869e-01;2.2250000e+02;2.2419961e-01;2.2250000e+02;2.0968620e-01;2.2250000e+02;2.0649363e-01;2.2250000e+02;1.4874402e-01;2.2250000e+02;8.5473955e-02;2.2250000e+02;3.0680403e-02;2.2250000e+02;-1.7026916e-02;2.2250000e+02;-6.1340272e-02;2.2250000e+02;-1.0487904e-01;2.2250000e+02;-1.4662945e-01;2.2250000e+02;-1.8941939e-01;2.2250000e+02;-8.8272884e-02;2.2250000e+02;-7.5009748e-02;2.2250000e+02;-4.1414294e-02;2.2250000e+02;1.3350848e-02;2.2250000e+02;6.9905907e-02;2.2250000e+02;1.2904471e-01;2.2250000e+02;1.9270869e-01;2.2250000e+02;2.2419961e-01;2.2250000e+02;2.0968620e-01;2.2250000e+02;2.0649363e-01;2.2250000e+02;1.4874402e-01;2.2250000e+02;8.5473955e-02;2.2250000e+02;3.0680403e-02;2.2250000e+02;-1.7026916e-02;2.2250000e+02;-6.1340272e-02;2.2250000e+02;-1.0487904e-01;2.2250000e+02;-1.4662945e-01;2.2250000e+02;-1.8941939e-01;2.2250000e+02;-8.8272884e-02;2.2250000e+02;-7.5009748e-02;2.2250000e+02;-4.1414294e-02;2.2250000e+02;1.3350848e-02;2.2250000e+02;6.9905907e-02;2.2250000e+02;1.2904471e-01;2.2250000e+02;1.9270869e-01;2.2250000e+02;2.2419961e-01;2.2250000e+02;2.0968620e-01;2.2250000e+02;2.0649363e-01;2.2250000e+02;1.4874402e-01;2.2250000e+02;8.5473955e-02;2.2250000e+02;3.0680403e-02;2.2250000e+02;-1.7026916e-02;2.2250000e+02;-6.1340272e-02;2.2250000e+02;-1.0487904e-01;2.2250000e+02;-1.4662945e-01;2.2250000e+02;-1.8941939e-01;2.2250000e+02;-8.8272884e-02;2.2250000e+02;-7.5009748e-02;2.2250000e+02;-4.1414294e-02;2.2250000e+02;1.3350848e-02;2.2250000e+02;6.9905907e-02;2.2250000e+02;1.2904471e-01;2.2250000e+02;1.9270869e-01;2.2250000e+02;2.2419961e-01;2.2250000e+02;2.0968620e-01;2.2250000e+02;2.0649363e-01;2.2250000e+02;1.4874402e-01;2.2250000e+02;8.5473955e-02;2.2250000e+02;3.0680403e-02;2.2250000e+02;-1.7026916e-02;2.2250000e+02;-6.1340272e-02;2.2250000e+02;-1.0487904e-01;2.2250000e+02;-1.4662945e-01;2.2250000e+02;-1.8941939e-01;2.2250000e+02;-8.8272884e-02;2.2250000e+02;-7.5009748e-02;2.2250000e+02;-4.1414294e-02;2.2250000e+02;1.3350848e-02;2.2250000e+02;6.9905907e-02;2.2250000e+02;1.2904471e-01;2.2250000e+02;1.9270869e-01;2.2250000e+02;2.2419961e-01;2.2250000e+02;2.0968620e-01;2.2250000e+02;2.0649363e-01;2.2250000e+02;1.4874402e-01;2.2250000e+02;8.5473955e-02;2.2250000e+02;3.0680403e-02;2.2250000e+02;-1.7026916e-02;2.2250000e+02;-6.1340272e-02;2.2250000e+02;-1.0487904e-01;2.2250000e+02;-1.4662945e-01;2.2250000e+02;-1.8941939e-01;2.2250000e+02;-8.8272884e-02;2.2250000e+02;-7.5009748e-02;2.2250000e+02;-4.1414294e-02;2.2250000e+02;1.3350848e-02;2.2250000e+02;6.9905907e-02;2.2250000e+02;1.2904471e-01;2.2250000e+02;1.9270869e-01;2.2250000e+02;2.2419961e-01;2.2250000e+02;2.0968620e-01;2.2250000e+02;2.0649363e-01;2.2250000e+02;1.4874402e-01;2.2250000e+02;8.5473955e-02;2.2250000e+02;3.0680403e-02;2.2250000e+02;-1.7026916e-02;2.2250000e+02;-6.1340272e-02;2.2250000e+02;-1.0487904e-01;2.2250000e+02;-1.4662945e-01;2.2250000e+02;-1.8941939e-01;2.2250000e+02;-8.8272884e-02;2.2250000e+02;-7.5009748e-02;2.2250000e+02;-4.1414294e-02;2.2250000e+02;1.3350848e-02;2.2250000e+02;6.9905907e-02;2.2250000e+02;1.2904471e-01;2.2250000e+02;1.9270869e-01;2.2250000e+02;2.2419961e-01;2.2250000e+02;2.0968620e-01;2.2250000e+02;2.0649363e-01;2.2250000e+02;1.4874402e-01;2.2250000e+02;8.5473955e-02;2.2250000e+02;3.0680403e-02;2.2250000e+02;-1.7026916e-02;2.2250000e+02;-6.1340272e-02;2.2250000e+02;-1.0487904e-01;2.2250000e+02;-1.4662945e-01;2.2250000e+02;-1.8941939e-01;2.2250000e+02;-8.8272884e-02;2.2250000e+02;-7.5009748e-02;2.2250000e+02;-4.1414294e-02;2.2250000e+02;1.3350848e-02;2.2250000e+02;6.9905907e-02;2.2250000e+02;1.2904471e-01;2.2250000e+02;1.9270869e-01;2.2250000e+02;2.2419961e-01;2.2250000e+02;2.0968620e-01;2.2250000e+02;2.0649363e-01;2.2250000e+02;1.4874402e-01;2.2250000e+02;8.5473955e-02;2.2250000e+02;3.0680403e-02;2.2250000e+02;-1.7026916e-02;2.2250000e+02;-6.1340272e-02;2.2250000e+02;-1.0487904e-01;2.2250000e+02;-1.4662945e-01;2.2250000e+02;-1.8941939e-01;2.2250000e+02;-8.8272884e-02;2.2250000e+02;-7.5009748e-02;2.2250000e+02;-4.1414294e-02;2.2250000e+02;1.3350848e-02;2.2250000e+02;6.9905907e-02;2.2250000e+02;1.2904471e-01;2.2250000e+02;1.9270869e-01;2.2250000e+02;2.2419961e-01;2.2250000e+02;2.0968620e-01;2.2250000e+02;2.0649363e-01;2.2250000e+02;1.4874402e-01;2.2250000e+02;8.5473955e-02;2.2250000e+02;3.0680403e-02;2.2250000e+02;-1.7026916e-02;2.2250000e+02;-6.1340272e-02;2.2250000e+02;-1.0487904e-01;2.2250000e+02;-1.4662945e-01;2.2250000e+02;-1.8941939e-01;2.2250000e+02;-8.8272884e-02;2.2250000e+02;-7.5009748e-02;2.2250000e+02;-4.1414294e-02;2.2250000e+02;1.3350848e-02;2.2250000e+02;6.9905907e-02;2.2250000e+02;1.2904471e-01;2.2250000e+02;1.9270869e-01;2.2250000e+02;2.2419961e-01;2.2250000e+02;2.0968620e-01;2.2250000e+02;2.0649363e-01;2.2250000e+02;1.4874402e-01;2.2250000e+02;8.5473955e-02;2.2250000e+02;3.0680403e-02;2.2250000e+02;-1.7026916e-02;2.2250000e+02;-6.1340272e-02;2.2250000e+02;-1.0487904e-01;2.2250000e+02;-1.4662945e-01;2.2250000e+02;-1.8941939e-01;2.2250000e+02;-8.8272884e-02;2.2250000e+02;-7.5009748e-02;2.2250000e+02;-4.1414294e-02;2.2250000e+02;1.3350848e-02;2.2250000e+02;6.9905907e-02;2.2250000e+02;1.2904471e-01;2.2250000e+02;1.9270869e-01;2.2250000e+02;2.2419961e-01;2.2250000e+02;2.0968620e-01;2.2250000e+02;2.0649363e-01;2.2250000e+02;1.4874402e-01;2.2250000e+02;8.5473955e-02;2.2250000e+02;3.0680403e-02;2.2250000e+02;-1.7026916e-02;2.2250000e+02;-6.1340272e-02;2.2250000e+02;-1.0487904e-01;2.2250000e+02;-1.4662945e-01;2.2250000e+02;-1.8941939e-01;2.2250000e+02;-8.8272884e-02;2.2250000e+02;-7.5009748e-02;2.2250000e+02;-4.1414294e-02;2.2250000e+02;1.3350848e-02;2.2250000e+02;6.9905907e-02;2.2250000e+02;1.2904471e-01;2.2250000e+02;1.9270869e-01;2.2250000e+02;2.2419961e-01;2.2250000e+02;2.0968620e-01;2.2250000e+02;2.0649363e-01;2.2250000e+02;1.4874402e-01;2.2250000e+02;8.5473955e-02;2.2250000e+02;3.0680403e-02;2.2250000e+02;-1.7026916e-02;2.2250000e+02;-6.1340272e-02;2.2250000e+02;-1.0487904e-01;2.2250000e+02;-1.4662945e-01;2.2250000e+02;-1.8941939e-01;2.2250000e+02;-8.8272884e-02;2.2250000e+02;-7.5009748e-02;2.2250000e+02;-4.1414294e-02;2.2250000e+02;1.3350848e-02;2.2250000e+02;6.9905907e-02;2.2250000e+02;1.2904471e-01;2.2250000e+02;1.9270869e-01;2.2250000e+02;2.2419961e-01;2.2250000e+02;2.0968620e-01;2.2250000e+02;2.0649363e-01;2.2250000e+02;1.4874402e-01;2.2250000e+02;8.5473955e-02;2.2250000e+02;3.0680403e-02;2.2250000e+02;-1.7026916e-02;2.2250000e+02;-6.1340272e-02;2.2250000e+02;-1.0487904e-01;2.2250000e+02;-1.4662945e-01;2.2250000e+02;-1.8941939e-01;2.2250000e+02;-8.8272884e-02;2.2250000e+02;-7.5009748e-02;2.2250000e+02;-4.1414294e-02;2.2250000e+02;1.3350848e-02;2.2250000e+02;6.9905907e-02;2.2250000e+02;1.2904471e-01;2.2250000e+02;1.9270869e-01;2.2250000e+02;2.2419961e-01;2.2250000e+02;2.0968620e-01;2.2250000e+02;2.0649363e-01;2.2250000e+02;1.4874402e-01;2.2250000e+02;8.5473955e-02;2.2250000e+02;3.0680403e-02;2.2250000e+02;-1.7026916e-02;2.2250000e+02;-6.1340272e-02;2.2250000e+02;-1.0487904e-01;2.2250000e+02;-1.4662945e-01;2.2250000e+02;-1.8941939e-01;2.2250000e+02;-8.8272884e-02;2.2250000e+02;-7.5009748e-02;2.2250000e+02;-4.1414294e-02;2.2250000e+02;1.3350848e-02;2.2250000e+02;6.9905907e-02;2.2250000e+02;1.2904471e-01;2.2250000e+02;1.9270869e-01;2.2250000e+02;2.2419961e-01;2.2250000e+02;2.0968620e-01;2.2250000e+02;2.0649363e-01;2.2250000e+02;1.4874402e-01;2.2250000e+02;8.5473955e-02;2.2250000e+02;3.0680403e-02;2.2250000e+02;-1.7026916e-02;2.2250000e+02;-6.1340272e-02;2.2250000e+02;-1.0487904e-01;2.2250000e+02;-1.4662945e-01;2.2250000e+02;-1.8941939e-01;2.2250000e+02;-8.8272884e-02;2.2250000e+02;-7.5009748e-02;2.2250000e+02;-4.1414294e-02;2.2250000e+02;1.3350848e-02;2.2250000e+02;6.9905907e-02;2.2250000e+02;1.2904471e-01;2.2250000e+02;1.9270869e-01;2.2250000e+02;2.2419961e-01;2.2250000e+02;2.0968620e-01;2.2250000e+02;2.0649363e-01;2.2250000e+02;1.4874402e-01;2.2250000e+02;8.5473955e-02;2.2250000e+02;3.0680403e-02;2.2250000e+02;-1.7026916e-02;2.2250000e+02;-6.1340272e-02;2.2250000e+02;-1.0487904e-01;2.2250000e+02;-1.4662945e-01;2.2250000e+02;-1.8941939e-01;2.2250000e+02;-8.8272884e-02;2.2250000e+02;-7.5009748e-02;2.2250000e+02;-4.1414294e-02;2.2250000e+02;1.3350848e-02;2.2250000e+02;6.9905907e-02;2.2250000e+02;1.2904471e-01;2.2250000e+02;1.9270869e-01;2.2250000e+02;2.2419961e-01;2.2250000e+02;2.0968620e-01;2.2250000e+02;2.0649363e-01;2.2250000e+02;1.4874402e-01;2.2250000e+02;8.5473955e-02;2.2250000e+02;3.0680403e-02;2.2250000e+02;-1.7026916e-02;2.2250000e+02;-6.1340272e-02;2.2250000e+02;-1.0487904e-01;2.2250000e+02;-1.4662945e-01;2.2250000e+02;-1.8941939e-01;2.2250000e+02;-8.8272884e-02;2.2250000e+02;-7.5009748e-02;2.2250000e+02;-4.1414294e-02;2.2250000e+02;1.3350848e-02;2.2250000e+02;6.9905907e-02;2.2250000e+02;1.2904471e-01;2.2250000e+02;1.9270869e-01;2.2250000e+02;2.2419961e-01;2.2250000e+02;2.0968620e-01;2.2250000e+02;2.0649363e-01;2.2250000e+02;1.4874402e-01;2.2250000e+02;8.5473955e-02;2.2250000e+02;3.0680403e-02;2.2250000e+02;-1.7026916e-02;2.2250000e+02;-6.1340272e-02;2.2250000e+02;-1.0487904e-01;2.2250000e+02;-1.4662945e-01;2.2250000e+02;-1.8941939e-01;2.2250000e+02;-8.8272884e-02;2.2250000e+02;-7.5009748e-02;2.2250000e+02;-4.1414294e-02;2.2250000e+02;1.3350848e-02;2.2250000e+02;6.9905907e-02;2.2250000e+02;1.2904471e-01;2.2250000e+02;1.9270869e-01;2.2250000e+02;2.2419961e-01;2.2250000e+02;2.0968620e-01;2.2250000e+02;2.0649363e-01;2.2250000e+02;1.4874402e-01;2.2250000e+02;8.5473955e-02;2.2250000e+02;3.0680403e-02;2.2250000e+02;-1.7026916e-02;2.2250000e+02;-6.1340272e-02;2.2250000e+02;-1.0487904e-01;2.2250000e+02;-1.4662945e-01;2.2250000e+02;-1.8941939e-01;2.2250000e+02;-8.8272884e-02;2.2250000e+02;-7.5009748e-02;2.2250000e+02;-4.1414294e-02;2.2250000e+02;1.3350848e-02;2.2250000e+02;6.9905907e-02;2.2250000e+02;1.2904471e-01;2.2250000e+02;1.9270869e-01;2.2250000e+02;2.2419961e-01;2.2250000e+02;2.0968620e-01;2.2250000e+02;2.0649363e-01;2.2250000e+02;1.4874402e-01;2.2250000e+02;8.5473955e-02;2.2250000e+02;3.0680403e-02;2.2250000e+02;-1.7026916e-02;2.2250000e+02;-6.1340272e-02;2.2250000e+02;-1.0487904e-01;2.2250000e+02;-1.4662945e-01;2.2250000e+02;-1.8941939e-01;2.2250000e+02;-8.8272884e-02;2.2250000e+02;-7.5009748e-02;2.2250000e+02;-4.1414294e-02;2.2250000e+02;1.3350848e-02;2.2250000e+02;6.9905907e-02;2.2250000e+02;1.2904471e-01;2.2250000e+02;1.9270869e-01;2.2250000e+02;2.2419961e-01;2.2250000e+02;2.0968620e-01;2.2250000e+02;2.0649363e-01;2.2250000e+02;1.4874402e-01;2.2250000e+02;8.5473955e-02;2.2250000e+02;3.0680403e-02;2.2250000e+02;-1.7026916e-02;2.2250000e+02;-6.1340272e-02;2.2250000e+02;-1.0487904e-01;2.2250000e+02;-1.4662945e-01;2.2250000e+02;-1.8941939e-01;2.2250000e+02;-8.8272884e-02;2.2250000e+02;-7.5009748e-02;2.2250000e+02;-4.1414294e-02;2.2250000e+02;1.3350848e-02;2.2250000e+02;6.9905907e-02;2.2250000e+02;1.2904471e-01;2.2250000e+02;1.9270869e-01;2.2250000e+02;2.2419961e-01;2.2250000e+02;2.0968620e-01;2.2250000e+02;2.0649363e-01;2.2250000e+02;1.4874402e-01;2.2250000e+02;8.5473955e-02;2.2250000e+02;3.0680403e-02;2.2250000e+02;-1.7026916e-02;2.2250000e+02;-6.1340272e-02;2.2250000e+02;-1.0487904e-01;2.2250000e+02;-1.4662945e-01;2.2250000e+02;-1.8941939e-01;2.2250000e+02;-8.8272884e-02;2.2250000e+02;-7.5009748e-02;2.2250000e+02;-4.1414294e-02;2.2250000e+02;1.3350848e-02;2.2250000e+02;6.9905907e-02;2.2250000e+02;1.2904471e-01;2.2250000e+02;1.9270869e-01;2.2250000e+02;2.2419961e-01;2.2250000e+02;2.0968620e-01;2.2250000e+02;2.0649363e-01;2.2250000e+02;1.4874402e-01;2.2250000e+02;8.5473955e-02;2.2250000e+02;3.0680403e-02;2.2250000e+02;-1.7026916e-02;2.2250000e+02;-6.1340272e-02;2.2250000e+02;-1.0487904e-01;2.2250000e+02;-1.4662945e-01;2.2250000e+02;-1.8941939e-01;2.2250000e+02;-8.8272884e-02;2.2250000e+02;-7.5009748e-02;2.2250000e+02;-4.1414294e-02;2.2250000e+02;1.3350848e-02;2.2250000e+02;6.9905907e-02;2.2250000e+02;1.2904471e-01;2.2250000e+02;1.9270869e-01;2.2250000e+02;2.2419961e-01;2.2250000e+02;2.0968620e-01;2.2250000e+02;2.0649363e-01;2.2250000e+02;1.4874402e-01;2.2250000e+02;8.5473955e-02;2.2250000e+02;3.0680403e-02;2.2250000e+02;-1.7026916e-02;2.2250000e+02;-6.1340272e-02;2.2250000e+02;-1.0487904e-01;2.2250000e+02;-1.4662945e-01;2.2250000e+02;-1.8941939e-01;2.2250000e+02;-8.8272884e-02;2.2250000e+02;-7.5009748e-02;2.2250000e+02;-4.1414294e-02;2.2250000e+02;1.3350848e-02;2.2250000e+02;6.9905907e-02;2.2250000e+02;1.2904471e-01;2.2250000e+02;1.9270869e-01;2.2250000e+02;2.2419961e-01;2.2250000e+02;2.0968620e-01;2.2250000e+02;2.0649363e-01;2.2250000e+02;1.4874402e-01;2.2250000e+02;8.5473955e-02;2.2250000e+02;3.0680403e-02;2.2250000e+02;-1.7026916e-02;2.2250000e+02;-6.1340272e-02;2.2250000e+02;-1.0487904e-01;2.2250000e+02;-1.4662945e-01;2.2250000e+02;-1.8941939e-01;2.2250000e+02;-8.8272884e-02;2.2250000e+02;-7.5009748e-02;2.2250000e+02;-4.1414294e-02;2.2250000e+02;1.3350848e-02;2.2250000e+02;6.9905907e-02;2.2250000e+02;1.2904471e-01;2.2250000e+02;1.9270869e-01;2.2250000e+02;2.2419961e-01;2.2250000e+02;2.0968620e-01;2.2250000e+02;2.0649363e-01;2.2250000e+02;1.4874402e-01;2.2250000e+02;8.5473955e-02;2.2250000e+02;3.0680403e-02;2.2250000e+02;-1.7026916e-02;2.2250000e+02;-6.1340272e-02;2.2250000e+02;-1.0487904e-01;2.2250000e+02;-1.4662945e-01;2.2250000e+02;-1.8941939e-01;2.2250000e+02;-8.8272884e-02;2.2250000e+02;-7.5009748e-02;2.2250000e+02;-4.1414294e-02;2.2250000e+02;1.3350848e-02;2.2250000e+02;6.9905907e-02;2.2250000e+02;1.2904471e-01;2.2250000e+02;1.9270869e-01;2.2250000e+02;2.2419961e-01;2.2250000e+02;2.0968620e-01;2.2250000e+02;2.0649363e-01;2.2250000e+02;1.4874402e-01;2.2250000e+02;8.5473955e-02;2.2250000e+02;3.0680403e-02;2.2250000e+02;-1.7026916e-02;2.2250000e+02;-6.1340272e-02;2.2250000e+02;-1.0487904e-01;2.2250000e+02;-1.4662945e-01;2.2250000e+02;-1.8941939e-01;2.2250000e+02;-8.8272884e-02;2.2250000e+02;-7.5009748e-02;2.2250000e+02;-4.1414294e-02;2.2250000e+02;1.3350848e-02;2.2250000e+02;6.9905907e-02;2.2250000e+02;1.2904471e-01;2.2250000e+02;1.9270869e-01;2.2250000e+02;2.2419961e-01;2.2250000e+02;2.0968620e-01;2.2250000e+02;2.0649363e-01;2.2250000e+02;1.4874402e-01;2.2250000e+02;8.5473955e-02;2.2250000e+02;3.0680403e-02;2.2250000e+02;-1.7026916e-02;2.2250000e+02;-6.1340272e-02;2.2250000e+02;-1.0487904e-01;2.2250000e+02;-1.4662945e-01;2.2250000e+02;-1.8941939e-01;2.2250000e+02;-8.8272884e-02;2.2250000e+02;-7.5009748e-02;2.2250000e+02;-4.1414294e-02;2.2250000e+02;1.3350848e-02;2.2250000e+02;6.9905907e-02;2.2250000e+02;1.2904471e-01;2.2250000e+02;1.9270869e-01;2.2250000e+02;2.2419961e-01;2.2250000e+02;2.0968620e-01;2.2250000e+02;2.0649363e-01;2.2250000e+02;1.4874402e-01;2.2250000e+02;8.5473955e-02;2.2250000e+02;3.0680403e-02;2.2250000e+02;-1.7026916e-02;2.2250000e+02;-6.1340272e-02;2.2250000e+02;-1.0487904e-01;2.2250000e+02;-1.4662945e-01;2.2250000e+02;-1.8941939e-01;2.2250000e+02;-8.8272884e-02;2.2250000e+02;-7.5009748e-02;2.2250000e+02;-4.1414294e-02;2.2250000e+02;1.3350848e-02;2.2250000e+02;6.9905907e-02;2.2250000e+02;1.2904471e-01;2.2250000e+02;1.9270869e-01;2.2250000e+02;2.2419961e-01;2.2250000e+02;2.0968620e-01;2.2250000e+02;2.0649363e-01;2.2250000e+02;1.4874402e-01;2.2250000e+02;8.5473955e-02;2.2250000e+02;3.0680403e-02;2.2250000e+02;-1.7026916e-02;2.2250000e+02;-6.1340272e-02;2.2250000e+02;-1.0487904e-01;2.2250000e+02;-1.4662945e-01;2.2250000e+02;-1.8941939e-01;2.2250000e+02;-8.8272884e-02;2.2250000e+02;-7.5009748e-02;2.2250000e+02;-4.1414294e-02;2.2250000e+02;1.3350848e-02;2.2250000e+02;6.9905907e-02;2.2250000e+02;1.2904471e-01;2.2250000e+02;1.9270869e-01;2.2250000e+02;2.2419961e-01;2.2250000e+02;2.0968620e-01;2.2250000e+02;2.0649363e-01;2.2250000e+02;1.4874402e-01;2.2250000e+02;8.5473955e-02;2.2250000e+02;3.0680403e-02;2.2250000e+02;-1.7026916e-02;2.2250000e+02;-6.1340272e-02;2.2250000e+02;-1.0487904e-01;2.2250000e+02;-1.4662945e-01;2.2250000e+02;-1.8941939e-01;2.2250000e+02;-8.8272884e-02;2.2250000e+02;-7.5009748e-02;2.2250000e+02;-4.1414294e-02;2.2250000e+02;1.3350848e-02;2.2250000e+02;6.9905907e-02;2.2250000e+02;1.2904471e-01;2.2250000e+02;1.9270869e-01;2.2250000e+02;2.2419961e-01;2.2250000e+02;2.0968620e-01;2.2250000e+02;2.0649363e-01;2.2250000e+02;1.4874402e-01;2.2250000e+02;8.5473955e-02;2.2250000e+02;3.0680403e-02;2.2250000e+02;-1.7026916e-02;2.2250000e+02;-6.1340272e-02;2.2250000e+02;-1.0487904e-01;2.2250000e+02;-1.4662945e-01;2.2250000e+02;-1.8941939e-01;2.2250000e+02;-8.8272884e-02;2.2250000e+02;-7.5009748e-02;2.2250000e+02;-4.1414294e-02;2.2250000e+02;1.3350848e-02;2.2250000e+02;6.9905907e-02;2.2250000e+02;1.2904471e-01;2.2250000e+02;1.9270869e-01;2.2250000e+02;2.2419961e-01;2.2250000e+02;2.0968620e-01;2.2250000e+02;2.0649363e-01;2.2250000e+02;1.4874402e-01;2.2250000e+02;8.5473955e-02;2.2250000e+02;3.0680403e-02;2.2250000e+02;-1.7026916e-02;2.2250000e+02;-6.1340272e-02;2.2250000e+02;-1.0487904e-01;2.2250000e+02;-1.4662945e-01;2.2250000e+02;-1.8941939e-01;2.2250000e+02;-8.8272884e-02;2.2250000e+02;-7.5009748e-02;2.2250000e+02;-4.1414294e-02;2.2250000e+02;1.3350848e-02;2.2250000e+02;6.9905907e-02;2.2250000e+02;1.2904471e-01;2.2250000e+02;1.9270869e-01;2.2250000e+02;2.2419961e-01;2.2250000e+02;2.0968620e-01;2.2250000e+02;2.0649363e-01;2.2250000e+02;1.4874402e-01;2.2250000e+02;8.5473955e-02;2.2250000e+02;3.0680403e-02;2.2250000e+02;-1.7026916e-02;2.2250000e+02;-6.1340272e-02;2.2250000e+02;-1.0487904e-01;2.2250000e+02;-1.4662945e-01;2.2250000e+02;-1.8941939e-01;2.2250000e+02;-8.8272884e-02;2.2250000e+02;-7.5009748e-02;2.2250000e+02;-4.1414294e-02;2.2250000e+02;1.3350848e-02;2.2250000e+02;6.9905907e-02;2.2250000e+02;1.2904471e-01;2.2250000e+02;1.9270869e-01;2.2250000e+02;2.2419961e-01;2.2250000e+02;2.0968620e-01;2.2250000e+02;2.0649363e-01;2.2250000e+02;1.4874402e-01;2.2250000e+02;8.5473955e-02;2.2250000e+02;3.0680403e-02;2.2250000e+02;-1.7026916e-02;2.2250000e+02;-6.1340272e-02;2.2250000e+02;-1.0487904e-01;2.2250000e+02;-1.4662945e-01;2.2250000e+02;-1.8941939e-01;2.2250000e+02;-8.8272884e-02;2.2250000e+02;-7.5009748e-02;2.2250000e+02;-4.1414294e-02;2.2250000e+02;1.3350848e-02;2.2250000e+02;6.9905907e-02;2.2250000e+02;1.2904471e-01;2.2250000e+02;1.9270869e-01;2.2250000e+02;2.2419961e-01;2.2250000e+02;2.0968620e-01;2.2250000e+02;2.0649363e-01;2.2250000e+02;1.4874402e-01;2.2250000e+02;8.5473955e-02;2.2250000e+02;3.0680403e-02;2.2250000e+02;-1.7026916e-02;2.2250000e+02;-6.1340272e-02;2.2250000e+02;-1.0487904e-01;2.2250000e+02;-1.4662945e-01;2.2250000e+02;-1.8941939e-01;2.2250000e+02;-8.8272884e-02;2.2250000e+02;-7.5009748e-02;2.2250000e+02;-4.1414294e-02;2.2250000e+02;1.3350848e-02;2.2250000e+02;6.9905907e-02;2.2250000e+02;1.2904471e-01;2.2250000e+02;1.9270869e-01;2.2250000e+02;2.2419961e-01;2.2250000e+02;2.0968620e-01;2.2250000e+02;2.0649363e-01;2.2250000e+02;1.4874402e-01;2.2250000e+02;8.5473955e-02;2.2250000e+02;3.0680403e-02;2.2250000e+02;-1.7026916e-02;2.2250000e+02;-6.1340272e-02;2.2250000e+02;-1.0487904e-01;2.2250000e+02;-1.4662945e-01;2.2250000e+02;-1.8941939e-01;2.2250000e+02;-8.8272884e-02;2.2250000e+02;-7.5009748e-02;2.2250000e+02;-4.1414294e-02;2.2250000e+02;1.3350848e-02;2.2250000e+02;6.9905907e-02;2.2250000e+02;1.2904471e-01;2.2250000e+02;1.9270869e-01;2.2250000e+02;2.2419961e-01;2.2250000e+02;2.0968620e-01;2.2250000e+02;2.0649363e-01;2.2250000e+02;1.4874402e-01;2.2250000e+02;8.5473955e-02;2.2250000e+02;3.0680403e-02;2.2250000e+02;-1.7026916e-02;2.2250000e+02;-6.1340272e-02;2.2250000e+02;-1.0487904e-01;2.2250000e+02;-1.4662945e-01;2.2250000e+02;-1.8941939e-01;2.2250000e+02;-8.8272884e-02;2.2250000e+02;-7.5009748e-02;2.2250000e+02;-4.1414294e-02;2.2250000e+02;1.3350848e-02;2.2250000e+02;6.9905907e-02;2.2250000e+02;1.2904471e-01;2.2250000e+02;1.9270869e-01;2.2250000e+02;2.2419961e-01;2.2250000e+02;2.0968620e-01;2.2250000e+02;2.0649363e-01;2.2250000e+02;1.4874402e-01;2.2250000e+02;8.5473955e-02;2.2250000e+02;3.0680403e-02;2.2250000e+02;-1.7026916e-02;2.2250000e+02;-6.1340272e-02;2.2250000e+02;-1.0487904e-01;2.2250000e+02;-1.4662945e-01;2.2250000e+02;-1.8941939e-01;2.2250000e+02;-8.8272884e-02;2.2250000e+02;-7.5009748e-02;2.2250000e+02;-4.1414294e-02;2.2250000e+02;1.3350848e-02;2.2250000e+02;6.9905907e-02;2.2250000e+02;1.2904471e-01;2.2250000e+02;1.9270869e-01;2.2250000e+02;2.2419961e-01;2.2250000e+02;2.0968620e-01;2.2250000e+02;2.0649363e-01;2.2250000e+02;1.4874402e-01;2.2250000e+02;8.5473955e-02;2.2250000e+02;3.0680403e-02;2.2250000e+02;-1.7026916e-02;2.2250000e+02;-6.1340272e-02;2.2250000e+02;-1.0487904e-01;2.2250000e+02;-1.4662945e-01;2.2250000e+02;-1.8941939e-01;2.2250000e+02;-8.8272884e-02;2.2250000e+02;-7.5009748e-02;2.2250000e+02;-4.1414294e-02;2.2250000e+02;1.3350848e-02;2.2250000e+02;6.9905907e-02;2.2250000e+02;1.2904471e-01;2.2250000e+02;1.9270869e-01;2.2250000e+02;2.2419961e-01;2.2250000e+02;2.0968620e-01;2.2250000e+02;2.0649363e-01;2.2250000e+02;1.4874402e-01;2.2250000e+02;8.5473955e-02;2.2250000e+02;3.0680403e-02;2.2250000e+02;-1.7026916e-02;2.2250000e+02;-6.1340272e-02;2.2250000e+02;-1.0487904e-01;2.2250000e+02;-1.4662945e-01;2.2250000e+02;-1.8941939e-01;2.2250000e+02;-8.8272884e-02;2.2250000e+02;-7.5009748e-02;2.2250000e+02;-4.1414294e-02;2.2250000e+02;1.3350848e-02;2.2250000e+02;6.9905907e-02;2.2250000e+02;1.2904471e-01;2.2250000e+02;1.9270869e-01;2.2250000e+02;2.2419961e-01;2.2250000e+02;2.0968620e-01;2.2250000e+02;2.0649363e-01;2.2250000e+02;1.4874402e-01;2.2250000e+02;8.5473955e-02;2.2250000e+02;3.0680403e-02;2.2250000e+02;-1.7026916e-02;2.2250000e+02;-6.1340272e-02;2.2250000e+02;-1.0487904e-01;2.2250000e+02;-1.4662945e-01;2.2250000e+02;-1.8941939e-01;2.2250000e+02;-8.8272884e-02;2.2250000e+02;-7.5009748e-02;2.2250000e+02;-4.1414294e-02;2.2250000e+02;1.3350848e-02;2.2250000e+02;6.9905907e-02;2.2250000e+02;1.2904471e-01;2.2250000e+02;1.9270869e-01;2.2250000e+02;2.2419961e-01;2.2250000e+02;2.0968620e-01;2.2250000e+02;2.0649363e-01;2.2250000e+02;1.4874402e-01;2.2250000e+02;8.5473955e-02;2.2250000e+02;3.0680403e-02;2.2250000e+02;-1.7026916e-02;2.2250000e+02;-6.1340272e-02;2.2250000e+02;-1.0487904e-01;2.2250000e+02;-1.4662945e-01;2.2250000e+02;-1.8941939e-01;2.2250000e+02;-8.8272884e-02;2.2250000e+02;-7.5009748e-02;2.2250000e+02;-4.1414294e-02;2.2250000e+02;1.3350848e-02;2.2250000e+02;6.9905907e-02;2.2250000e+02;1.2904471e-01;2.2250000e+02;1.9270869e-01;2.2250000e+02;2.2419961e-01;2.2250000e+02;2.0968620e-01;2.2250000e+02;2.0649363e-01;2.2250000e+02;1.4874402e-01;2.2250000e+02;8.5473955e-02;2.2250000e+02;3.0680403e-02;2.2250000e+02;-1.7026916e-02;2.2250000e+02;-6.1340272e-02;2.2250000e+02;-1.0487904e-01;2.2250000e+02;-1.4662945e-01;2.2250000e+02;-1.8941939e-01;2.2250000e+02;-8.8272884e-02;2.2250000e+02;-7.5009748e-02;2.2250000e+02;-4.1414294e-02;2.2250000e+02;1.3350848e-02;2.2250000e+02;6.9905907e-02;2.2250000e+02;1.2904471e-01;2.2250000e+02;1.9270869e-01;2.2250000e+02;2.2419961e-01;2.2250000e+02;2.0968620e-01;2.2250000e+02;2.0649363e-01;2.2250000e+02;1.4874402e-01;2.2250000e+02;8.5473955e-02;2.2250000e+02;3.0680403e-02;2.2250000e+02;-1.7026916e-02;2.2250000e+02;-6.1340272e-02;2.2250000e+02;-1.0487904e-01;2.2250000e+02;-1.4662945e-01;2.2250000e+02;-1.8941939e-01;2.2250000e+02;-8.8272884e-02;2.2250000e+02;-7.5009748e-02;2.2250000e+02;-4.1414294e-02;2.2250000e+02;1.3350848e-02;2.2250000e+02;6.9905907e-02;2.2250000e+02;1.2904471e-01;2.2250000e+02;1.9270869e-01;2.2250000e+02;2.2419961e-01;2.2250000e+02;2.0968620e-01;2.2250000e+02;2.0649363e-01;2.2250000e+02;1.4874402e-01;2.2250000e+02;8.5473955e-02;2.2250000e+02;3.0680403e-02;2.2250000e+02;-1.7026916e-02;2.2250000e+02;-6.1340272e-02;2.2250000e+02;-1.0487904e-01;2.2250000e+02;-1.4662945e-01;2.2250000e+02;-1.8941939e-01;2.2250000e+02;-8.8272884e-02;2.2250000e+02;-7.5009748e-02;2.2250000e+02;-4.1414294e-02;2.2250000e+02;1.3350848e-02;2.2250000e+02;6.9905907e-02;2.2250000e+02;1.2904471e-01;2.2250000e+02;1.9270869e-01;2.2250000e+02;2.2419961e-01;2.2250000e+02;2.0968620e-01;2.2250000e+02;2.0649363e-01;2.2250000e+02;1.4874402e-01;2.2250000e+02;8.5473955e-02;2.2250000e+02;3.0680403e-02;2.2250000e+02;-1.7026916e-02;2.2250000e+02;-6.1340272e-02;2.2250000e+02;-1.0487904e-01;2.2250000e+02;-1.4662945e-01;2.2250000e+02;-1.8941939e-01;2.2250000e+02;-8.8272884e-02;2.2250000e+02;-7.5009748e-02;2.2250000e+02;-4.1414294e-02;2.2250000e+02;1.3350848e-02;2.2250000e+02;6.9905907e-02;2.2250000e+02;1.2904471e-01;2.2250000e+02;1.9270869e-01;2.2250000e+02;2.2419961e-01;2.2250000e+02;2.0968620e-01;2.2250000e+02;2.0649363e-01;2.2250000e+02;1.4874402e-01;2.2250000e+02;8.5473955e-02;2.2250000e+02;3.0680403e-02;2.2250000e+02;-1.7026916e-02;2.2250000e+02;-6.1340272e-02;2.2250000e+02;-1.0487904e-01;2.2250000e+02;-1.4662945e-01;2.2250000e+02;-1.8941939e-01;2.2250000e+02;-8.8272884e-02;2.2250000e+02;-7.5009748e-02;2.2250000e+02;-4.1414294e-02;2.2250000e+02;1.3350848e-02;2.2250000e+02;6.9905907e-02;2.2250000e+02;1.2904471e-01;2.2250000e+02;1.9270869e-01;2.2250000e+02;2.2419961e-01;2.2250000e+02;2.0968620e-01;2.2250000e+02;2.0649363e-01;2.2250000e+02;1.4874402e-01;2.2250000e+02;8.5473955e-02;2.2250000e+02;3.0680403e-02;2.2250000e+02;-1.7026916e-02;2.2250000e+02;-6.1340272e-02;2.2250000e+02;-1.0487904e-01;2.2250000e+02;-1.4662945e-01;2.2250000e+02;-1.8941939e-01;2.2250000e+02;-8.8272884e-02;2.2250000e+02;-7.5009748e-02;2.2250000e+02;-4.1414294e-02;2.2250000e+02;1.3350848e-02;2.2250000e+02;6.9905907e-02;2.2250000e+02;1.2904471e-01;2.2250000e+02;1.9270869e-01;2.2250000e+02;2.2419961e-01;2.2250000e+02;2.0968620e-01;2.2250000e+02;2.0649363e-01;2.2250000e+02;1.4874402e-01;2.2250000e+02;8.5473955e-02;2.2250000e+02;3.0680403e-02;2.2250000e+02;-1.7026916e-02;2.2250000e+02;-6.1340272e-02;2.2250000e+02;-1.0487904e-01;2.2250000e+02;-1.4662945e-01;2.2250000e+02;-1.8941939e-01;2.2250000e+02;-8.8272884e-02;2.2250000e+02;-7.5009748e-02;2.2250000e+02;-4.1414294e-02;2.2250000e+02;1.3350848e-02;2.2250000e+02;6.9905907e-02;2.2250000e+02;1.2904471e-01;2.2250000e+02;1.9270869e-01;2.2250000e+02;2.2419961e-01;2.2250000e+02;2.0968620e-01;2.2250000e+02;2.0649363e-01;2.2250000e+02;1.4874402e-01;2.2250000e+02;8.5473955e-02;2.2250000e+02;3.0680403e-02;2.2250000e+02;-1.7026916e-02;2.2250000e+02;-6.1340272e-02;2.2250000e+02;-1.0487904e-01;2.2250000e+02;-1.4662945e-01;2.2250000e+02;-1.8941939e-01;2.2250000e+02;-8.8272884e-02;2.2250000e+02;-7.5009748e-02;2.2250000e+02;-4.1414294e-02;2.2250000e+02;1.3350848e-02;2.2250000e+02;6.9905907e-02;2.2250000e+02;1.2904471e-01;2.2250000e+02;1.9270869e-01;2.2250000e+02;2.2419961e-01;2.2250000e+02;2.0968620e-01;2.2250000e+02;2.0649363e-01;2.2250000e+02;1.4874402e-01;2.2250000e+02;8.5473955e-02;2.2250000e+02;3.0680403e-02;2.2250000e+02;-1.7026916e-02;2.2250000e+02;-6.1340272e-02;2.2250000e+02;-1.0487904e-01;2.2250000e+02;-1.4662945e-01;2.2250000e+02;-1.8941939e-01;2.2250000e+02;-8.8272884e-02;2.2250000e+02;-7.5009748e-02;2.2250000e+02;-4.1414294e-02;2.2250000e+02;1.3350848e-02;2.2250000e+02;6.9905907e-02;2.2250000e+02;1.2904471e-01;2.2250000e+02;1.9270869e-01;2.2250000e+02;2.2419961e-01;2.2250000e+02;2.0968620e-01;2.2250000e+02;2.0649363e-01;2.2250000e+02;1.4874402e-01;2.2250000e+02;8.5473955e-02;2.2250000e+02;3.0680403e-02;2.2250000e+02;-1.7026916e-02;2.2250000e+02;-6.1340272e-02;2.2250000e+02;-1.0487904e-01;2.2250000e+02;-1.4662945e-01;2.2250000e+02;-1.8941939e-01;2.2250000e+02;-8.8272884e-02;2.2250000e+02;-7.5009748e-02;2.2250000e+02;-4.1414294e-02;2.2250000e+02;1.3350848e-02;2.2250000e+02;6.9905907e-02;2.2250000e+02;1.2904471e-01;2.2250000e+02;1.9270869e-01;2.2250000e+02;2.2419961e-01;2.2250000e+02;2.0968620e-01;2.2250000e+02;2.0649363e-01;2.2250000e+02;1.4874402e-01;2.2250000e+02;8.5473955e-02;2.2250000e+02;3.0680403e-02;2.2250000e+02;-1.7026916e-02;2.2250000e+02;-6.1340272e-02;2.2250000e+02;-1.0487904e-01;2.2250000e+02;-1.4662945e-01;2.2250000e+02;-1.8941939e-01;2.2250000e+02;-8.8272884e-02;2.2250000e+02;-7.5009748e-02;2.2250000e+02;-4.1414294e-02;2.2250000e+02;1.3350848e-02;2.2250000e+02;6.9905907e-02;2.2250000e+02;1.2904471e-01;2.2250000e+02;1.9270869e-01;2.2250000e+02;2.2419961e-01;2.2250000e+02;2.0968620e-01;2.2250000e+02;2.0649363e-01;2.2250000e+02;1.4874402e-01;2.2250000e+02;8.5473955e-02;2.2250000e+02;3.0680403e-02;2.2250000e+02;-1.7026916e-02;2.2250000e+02;-6.1340272e-02;2.2250000e+02;-1.0487904e-01;2.2250000e+02;-1.4662945e-01;2.2250000e+02;-1.8941939e-01;2.2250000e+02;-8.8272884e-02;2.2250000e+02;-7.5009748e-02;2.2250000e+02;-4.1414294e-02;2.2250000e+02;1.3350848e-02;2.2250000e+02;6.9905907e-02;2.2250000e+02;1.2904471e-01;2.2250000e+02;1.9270869e-01;2.2250000e+02;2.2419961e-01;2.2250000e+02;2.0968620e-01;2.2250000e+02;2.0649363e-01;2.2250000e+02;1.4874402e-01;2.2250000e+02;8.5473955e-02;2.2250000e+02;3.0680403e-02;2.2250000e+02;-1.7026916e-02;2.2250000e+02;-6.1340272e-02;2.2250000e+02;-1.0487904e-01;2.2250000e+02;-1.4662945e-01;2.2250000e+02;-1.8941939e-01;2.2250000e+02;-8.8272884e-02;2.2250000e+02;-7.5009748e-02;2.2250000e+02;-4.1414294e-02;2.2250000e+02;1.3350848e-02;2.2250000e+02;6.9905907e-02;2.2250000e+02;1.2904471e-01;2.2250000e+02;1.9270869e-01;2.2250000e+02;2.2419961e-01;2.2250000e+02;2.0968620e-01;2.2250000e+02;2.0649363e-01;2.2250000e+02;1.4874402e-01;2.2250000e+02;8.5473955e-02;2.2250000e+02;3.0680403e-02;2.2250000e+02;-1.7026916e-02;2.2250000e+02;-6.1340272e-02;2.2250000e+02;-1.0487904e-01;2.2250000e+02;-1.4662945e-01;2.2250000e+02;-1.8941939e-01;2.2250000e+02;-8.8272884e-02;2.2250000e+02;-7.5009748e-02;2.2250000e+02;-4.1414294e-02;2.2250000e+02;1.3350848e-02;2.2250000e+02;6.9905907e-02;2.2250000e+02;1.2904471e-01;2.2250000e+02;1.9270869e-01;2.2250000e+02;2.2419961e-01;2.2250000e+02;2.0968620e-01;2.2250000e+02;2.0649363e-01;2.2250000e+02;1.4874402e-01;2.2250000e+02;8.5473955e-02;2.2250000e+02;3.0680403e-02;2.2250000e+02;-1.7026916e-02;2.2250000e+02;-6.1340272e-02;2.2250000e+02;-1.0487904e-01;2.2250000e+02;-1.4662945e-01;2.2250000e+02;-1.8941939e-01;2.2250000e+02;-8.8272884e-02;2.2250000e+02;-7.5009748e-02;2.2250000e+02;-4.1414294e-02;2.2250000e+02;1.3350848e-02;2.2250000e+02;6.9905907e-02;2.2250000e+02;1.2904471e-01;2.2250000e+02;1.9270869e-01;2.2250000e+02;2.2419961e-01;2.2250000e+02;2.0968620e-01;2.2250000e+02;2.0649363e-01;2.2250000e+02;1.4874402e-01;2.2250000e+02;8.5473955e-02;2.2250000e+02;3.0680403e-02;2.2250000e+02;-1.7026916e-02;2.2250000e+02;-6.1340272e-02;2.2250000e+02;-1.0487904e-01;2.2250000e+02;-1.4662945e-01;2.2250000e+02;-1.8941939e-01;2.2250000e+02;-8.8272884e-02;2.2250000e+02;-7.5009748e-02;2.2250000e+02;-4.1414294e-02;2.2250000e+02;1.3350848e-02;2.2250000e+02;6.9905907e-02;2.2250000e+02;1.2904471e-01;2.2250000e+02;1.9270869e-01;2.2250000e+02;2.2419961e-01;2.2250000e+02;2.0968620e-01;2.2250000e+02;2.0649363e-01;2.2250000e+02;1.4874402e-01;2.2250000e+02;8.5473955e-02;2.2250000e+02;3.0680403e-02;2.2250000e+02;-1.7026916e-02;2.2250000e+02;-6.1340272e-02;2.2250000e+02;-1.0487904e-01;2.2250000e+02;-1.4662945e-01;2.2250000e+02;-1.8941939e-01;2.2250000e+02;-8.8272884e-02;2.2250000e+02;-7.5009748e-02;2.2250000e+02;-4.1414294e-02;2.2250000e+02;1.3350848e-02;2.2250000e+02;6.9905907e-02;2.2250000e+02;1.2904471e-01;2.2250000e+02;1.9270869e-01;2.2250000e+02;2.2419961e-01;2.2250000e+02;2.0968620e-01;2.2250000e+02;2.0649363e-01;2.2250000e+02;1.4874402e-01;2.2250000e+02;8.5473955e-02;2.2250000e+02;3.0680403e-02;2.2250000e+02;-1.7026916e-02;2.2250000e+02;-6.1340272e-02;2.2250000e+02;-1.0487904e-01;2.2250000e+02;-1.4662945e-01;2.2250000e+02;-1.8941939e-01;2.2250000e+02;-8.8272884e-02;2.2250000e+02;-7.5009748e-02;2.2250000e+02;-4.1414294e-02;2.2250000e+02;1.3350848e-02;2.2250000e+02;6.9905907e-02;2.2250000e+02;1.2904471e-01;2.2250000e+02;1.9270869e-01;2.2250000e+02;2.2419961e-01;2.2250000e+02;2.0968620e-01;2.2250000e+02;2.0649363e-01;2.2250000e+02;1.4874402e-01;2.2250000e+02;8.5473955e-02;2.2250000e+02;3.0680403e-02;2.2250000e+02;-1.7026916e-02;2.2250000e+02;-6.1340272e-02;2.2250000e+02;-1.0487904e-01;2.2250000e+02;-1.4662945e-01;2.2250000e+02;-1.8941939e-01;2.2250000e+02;-8.8272884e-02;2.2250000e+02;-7.5009748e-02;2.2250000e+02;-4.1414294e-02;2.2250000e+02;1.3350848e-02;2.2250000e+02;6.9905907e-02;2.2250000e+02;1.2904471e-01;2.2250000e+02;1.9270869e-01;2.2250000e+02;2.2419961e-01;2.2250000e+02;2.0968620e-01;2.2250000e+02;2.0649363e-01;2.2250000e+02;1.4874402e-01;2.2250000e+02;8.5473955e-02;2.2250000e+02;3.0680403e-02;2.2250000e+02;-1.7026916e-02;2.2250000e+02;-6.1340272e-02;2.2250000e+02;-1.0487904e-01;2.2250000e+02;-1.4662945e-01;2.2250000e+02;-1.8941939e-01;2.2250000e+02;-8.8272884e-02;2.2250000e+02;-7.5009748e-02;2.2250000e+02;-4.1414294e-02;2.2250000e+02;1.3350848e-02;2.2250000e+02;6.9905907e-02;2.2250000e+02;1.2904471e-01;2.2250000e+02;1.9270869e-01;2.2250000e+02;2.2419961e-01;2.2250000e+02;2.0968620e-01;2.2250000e+02;2.0649363e-01;2.2250000e+02;1.4874402e-01;2.2250000e+02;8.5473955e-02;2.2250000e+02;3.0680403e-02;2.2250000e+02;-1.7026916e-02;2.2250000e+02;-6.1340272e-02;2.2250000e+02;-1.0487904e-01;2.2250000e+02;-1.4662945e-01;2.2250000e+02;-1.8941939e-01;2.2250000e+02;-8.8272884e-02;2.2250000e+02;-7.5009748e-02;2.2250000e+02;-4.1414294e-02;2.2250000e+02;1.3350848e-02;2.2250000e+02;6.9905907e-02;2.2250000e+02;1.2904471e-01;2.2250000e+02;1.9270869e-01;2.2250000e+02;2.2419961e-01;2.2250000e+02;2.0968620e-01;2.2250000e+02;2.0649363e-01;2.2250000e+02;1.4874402e-01;2.2250000e+02;8.5473955e-02;2.2250000e+02;3.0680403e-02;2.2250000e+02;-1.7026916e-02;2.2250000e+02;-6.1340272e-02;2.2250000e+02;-1.0487904e-01;2.2250000e+02;-1.4662945e-01;2.2250000e+02;-1.8941939e-01;2.2250000e+02;-8.8272884e-02;2.2250000e+02;-7.5009748e-02;2.2250000e+02;-4.1414294e-02;2.2250000e+02;1.3350848e-02;2.2250000e+02;6.9905907e-02;2.2250000e+02;1.2904471e-01;2.2250000e+02;1.9270869e-01;2.2250000e+02;2.2419961e-01;2.2250000e+02;2.0968620e-01;2.2250000e+02;2.0649363e-01;2.2250000e+02;1.4874402e-01;2.2250000e+02;8.5473955e-02;2.2250000e+02;3.0680403e-02;2.2250000e+02;-1.7026916e-02;2.2250000e+02;-6.1340272e-02;2.2250000e+02;-1.0487904e-01;2.2250000e+02;-1.4662945e-01;2.2250000e+02;-1.8941939e-01
2.2750000e+02;-8.4671922e-02;2.2750000e+02;-7.6973870e-02;2.2750000e+02;-4.5606133e-02;2.2750000e+02;5.1048510e-03;2.2750000e+02;6.1321210e-02;2.2750000e+02;1.2712774e-01;2.2750000e+02;1.8568952e-01;2.2750000e+02;2.1455410e-01;2.2750000e+02;2.0225102e-01;2.2750000e+02;2.0866074e-01;2.2750000e+02;1.5718018e-01;2.2750000e+02;9.6042514e-02;2.2750000e+02;4.2059526e-02;2.2750000e+02;-5.8471113e-03;2.2750000e+02;-4.9980059e-02;2.2750000e+02;-9.3429253e-02;2.2750000e+02;-1.3666581e-01;2.2750000e+02;-1.7817137e-01;2.2750000e+02;-8.4671922e-02;2.2750000e+02;-7.6973870e-02;2.2750000e+02;-4.5606133e-02;2.2750000e+02;5.1048510e-03;2.2750000e+02;6.1321210e-02;2.2750000e+02;1.2712774e-01;2.2750000e+02;1.8568952e-01;2.2750000e+02;2.1455410e-01;2.2750000e+02;2.0225102e-01;2.2750000e+02;2.0866074e-01;2.2750000e+02;1.5718018e-01;2.2750000e+02;9.6042514e-02;2.2750000e+02;4.2059526e-02;2.2750000e+02;-5.8471113e-03;2.2750000e+02;-4.9980059e-02;2.2750000e+02;-9.3429253e-02;2.2750000e+02;-1.3666581e-01;2.2750000e+02;-1.7817137e-01;2.2750000e+02;-8.4671922e-02;2.2750000e+02;-7.6973870e-02;2.2750000e+02;-4.5606133e-02;2.2750000e+02;5.1048510e-03;2.2750000e+02;6.1321210e-02;2.2750000e+02;1.2712774e-01;2.2750000e+02;1.8568952e-01;2.2750000e+02;2.1455410e-01;2.2750000e+02;2.0225102e-01;2.2750000e+02;2.0866074e-01;2.2750000e+02;1.5718018e-01;2.2750000e+02;9.6042514e-02;2.2750000e+02;4.2059526e-02;2.2750000e+02;-5.8471113e-03;2.2750000e+02;-4.9980059e-02;2.2750000e+02;-9.3429253e-02;2.2750000e+02;-1.3666581e-01;2.2750000e+02;-1.7817137e-01;2.2750000e+02;-8.4671922e-02;2.2750000e+02;-7.6973870e-02;2.2750000e+02;-4.5606133e-02;2.2750000e+02;5.1048510e-03;2.2750000e+02;6.1321210e-02;2.2750000e+02;1.2712774e-01;2.2750000e+02;1.8568952e-01;2.2750000e+02;2.1455410e-01;2.2750000e+02;2.0225102e-01;2.2750000e+02;2.0866074e-01;2.2750000e+02;1.5718018e-01;2.2750000e+02;9.6042514e-02;2.2750000e+02;4.2059526e-02;2.2750000e+02;-5.8471113e-03;2.2750000e+02;-4.9980059e-02;2.2750000e+02;-9.3429253e-02;2.2750000e+02;-1.3666581e-01;2.2750000e+02;-1.7817137e-01;2.2750000e+02;-8.4671922e-02;2.2750000e+02;-7.6973870e-02;2.2750000e+02;-4.5606133e-02;2.2750000e+02;5.1048510e-03;2.2750000e+02;6.1321210e-02;2.2750000e+02;1.2712774e-01;2.2750000e+02;1.8568952e-01;2.2750000e+02;2.1455410e-01;2.2750000e+02;2.0225102e-01;2.2750000e+02;2.0866074e-01;2.2750000e+02;1.5718018e-01;2.2750000e+02;9.6042514e-02;2.2750000e+02;4.2059526e-02;2.2750000e+02;-5.8471113e-03;2.2750000e+02;-4.9980059e-02;2.2750000e+02;-9.3429253e-02;2.2750000e+02;-1.3666581e-01;2.2750000e+02;-1.7817137e-01;2.2750000e+02;-8.4671922e-02;2.2750000e+02;-7.6973870e-02;2.2750000e+02;-4.5606133e-02;2.2750000e+02;5.1048510e-03;2.2750000e+02;6.1321210e-02;2.2750000e+02;1.2712774e-01;2.2750000e+02;1.8568952e-01;2.2750000e+02;2.1455410e-01;2.2750000e+02;2.0225102e-01;2.2750000e+02;2.0866074e-01;2.2750000e+02;1.5718018e-01;2.2750000e+02;9.6042514e-02;2.2750000e+02;4.2059526e-02;2.2750000e+02;-5.8471113e-03;2.2750000e+02;-4.9980059e-02;2.2750000e+02;-9.3429253e-02;2.2750000e+02;-1.3666581e-01;2.2750000e+02;-1.7817137e-01;2.2750000e+02;-8.4671922e-02;2.2750000e+02;-7.6973870e-02;2.2750000e+02;-4.5606133e-02;2.2750000e+02;5.1048510e-03;2.2750000e+02;6.1321210e-02;2.2750000e+02;1.2712774e-01;2.2750000e+02;1.8568952e-01;2.2750000e+02;2.1455410e-01;2.2750000e+02;2.0225102e-01;2.2750000e+02;2.0866074e-01;2.2750000e+02;1.5718018e-01;2.2750000e+02;9.6042514e-02;2.2750000e+02;4.2059526e-02;2.2750000e+02;-5.8471113e-03;2.2750000e+02;-4.9980059e-02;2.2750000e+02;-9.3429253e-02;2.2750000e+02;-1.3666581e-01;2.2750000e+02;-1.7817137e-01;2.2750000e+02;-8.4671922e-02;2.2750000e+02;-7.6973870e-02;2.2750000e+02;-4.5606133e-02;2.2750000e+02;5.1048510e-03;2.2750000e+02;6.1321210e-02;2.2750000e+02;1.2712774e-01;2.2750000e+02;1.8568952e-01;2.2750000e+02;2.1455410e-01;2.2750000e+02;2.0225102e-01;2.2750000e+02;2.0866074e-01;2.2750000e+02;1.5718018e-01;2.2750000e+02;9.6042514e-02;2.2750000e+02;4.2059526e-02;2.2750000e+02;-5.8471113e-03;2.2750000e+02;-4.9980059e-02;2.2750000e+02;-9.3429253e-02;2.2750000e+02;-1.3666581e-01;2.2750000e+02;-1.7817137e-01;2.2750000e+02;-8.4671922e-02;2.2750000e+02;-7.6973870e-02;2.2750000e+02;-4.5606133e-02;2.2750000e+02;5.1048510e-03;2.2750000e+02;6.1321210e-02;2.2750000e+02;1.2712774e-01;2.2750000e+02;1.8568952e-01;2.2750000e+02;2.1455410e-01;2.2750000e+02;2.0225102e-01;2.2750000e+02;2.0866074e-01;2.2750000e+02;1.5718018e-01;2.2750000e+02;9.6042514e-02;2.2750000e+02;4.2059526e-02;2.2750000e+02;-5.8471113e-03;2.2750000e+02;-4.9980059e-02;2.2750000e+02;-9.3429253e-02;2.2750000e+02;-1.3666581e-01;2.2750000e+02;-1.7817137e-01;2.2750000e+02;-8.4671922e-02;2.2750000e+02;-7.6973870e-02;2.2750000e+02;-4.5606133e-02;2.2750000e+02;5.1048510e-03;2.2750000e+02;6.1321210e-02;2.2750000e+02;1.2712774e-01;2.2750000e+02;1.8568952e-01;2.2750000e+02;2.1455410e-01;2.2750000e+02;2.0225102e-01;2.2750000e+02;2.0866074e-01;2.2750000e+02;1.5718018e-01;2.2750000e+02;9.6042514e-02;2.2750000e+02;4.2059526e-02;2.2750000e+02;-5.8471113e-03;2.2750000e+02;-4.9980059e-02;2.2750000e+02;-9.3429253e-02;2.2750000e+02;-1.3666581e-01;2.2750000e+02;-1.7817137e-01;2.2750000e+02;-8.4671922e-02;2.2750000e+02;-7.6973870e-02;2.2750000e+02;-4.5606133e-02;2.2750000e+02;5.1048510e-03;2.2750000e+02;6.1321210e-02;2.2750000e+02;1.2712774e-01;2.2750000e+02;1.8568952e-01;2.2750000e+02;2.1455410e-01;2.2750000e+02;2.0225102e-01;2.2750000e+02;2.0866074e-01;2.2750000e+02;1.5718018e-01;2.2750000e+02;9.6042514e-02;2.2750000e+02;4.2059526e-02;2.2750000e+02;-5.8471113e-03;2.2750000e+02;-4.9980059e-02;2.2750000e+02;-9.3429253e-02;2.2750000e+02;-1.3666581e-01;2.2750000e+02;-1.7817137e-01;2.2750000e+02;-8.4671922e-02;2.2750000e+02;-7.6973870e-02;2.2750000e+02;-4.5606133e-02;2.2750000e+02;5.1048510e-03;2.2750000e+02;6.1321210e-02;2.2750000e+02;1.2712774e-01;2.2750000e+02;1.8568952e-01;2.2750000e+02;2.1455410e-01;2.2750000e+02;2.0225102e-01;2.2750000e+02;2.0866074e-01;2.2750000e+02;1.5718018e-01;2.2750000e+02;9.6042514e-02;2.2750000e+02;4.2059526e-02;2.2750000e+02;-5.8471113e-03;2.2750000e+02;-4.9980059e-02;2.2750000e+02;-9.3429253e-02;2.2750000e+02;-1.3666581e-01;2.2750000e+02;-1.7817137e-01;2.2750000e+02;-8.4671922e-02;2.2750000e+02;-7.6973870e-02;2.2750000e+02;-4.5606133e-02;2.2750000e+02;5.1048510e-03;2.2750000e+02;6.1321210e-02;2.2750000e+02;1.2712774e-01;2.2750000e+02;1.8568952e-01;2.2750000e+02;2.1455410e-01;2.2750000e+02;2.0225102e-01;2.2750000e+02;2.0866074e-01;2.2750000e+02;1.5718018e-01;2.2750000e+02;9.6042514e-02;2.2750000e+02;4.2059526e-02;2.2750000e+02;-5.8471113e-03;2.2750000e+02;-4.9980059e-02;2.2750000e+02;-9.3429253e-02;2.2750000e+02;-1.3666581e-01;2.2750000e+02;-1.7817137e-01;2.2750000e+02;-8.4671922e-02;2.2750000e+02;-7.6973870e-02;2.2750000e+02;-4.5606133e-02;2.2750000e+02;5.1048510e-03;2.2750000e+02;6.1321210e-02;2.2750000e+02;1.2712774e-01;2.2750000e+02;1.8568952e-01;2.2750000e+02;2.1455410e-01;2.2750000e+02;2.0225102e-01;2.2750000e+02;2.0866074e-01;2.2750000e+02;1.5718018e-01;2.2750000e+02;9.6042514e-02;2.2750000e+02;4.2059526e-02;2.2750000e+02;-5.8471113e-03;2.2750000e+02;-4.9980059e-02;2.2750000e+02;-9.3429253e-02;2.2750000e+02;-1.3666581e-01;2.2750000e+02;-1.7817137e-01;2.2750000e+02;-8.4671922e-02;2.2750000e+02;-7.6973870e-02;2.2750000e+02;-4.5606133e-02;2.2750000e+02;5.1048510e-03;2.2750000e+02;6.1321210e-02;2.2750000e+02;1.2712774e-01;2.2750000e+02;1.8568952e-01;2.2750000e+02;2.1455410e-01;2.2750000e+02;2.0225102e-01;2.2750000e+02;2.0866074e-01;2.2750000e+02;1.5718018e-01;2.2750000e+02;9.6042514e-02;2.2750000e+02;4.2059526e-02;2.2750000e+02;-5.8471113e-03;2.2750000e+02;-4.9980059e-02;2.2750000e+02;-9.3429253e-02;2.2750000e+02;-1.3666581e-01;2.2750000e+02;-1.7817137e-01;2.2750000e+02;-8.4671922e-02;2.2750000e+02;-7.6973870e-02;2.2750000e+02;-4.5606133e-02;2.2750000e+02;5.1048510e-03;2.2750000e+02;6.1321210e-02;2.2750000e+02;1.2712774e-01;2.2750000e+02;1.8568952e-01;2.2750000e+02;2.1455410e-01;2.2750000e+02;2.0225102e-01;2.2750000e+02;2.0866074e-01;2.2750000e+02;1.5718018e-01;2.2750000e+02;9.6042514e-02;2.2750000e+02;4.2059526e-02;2.2750000e+02;-5.8471113e-03;2.2750000e+02;-4.9980059e-02;2.2750000e+02;-9.3429253e-02;2.2750000e+02;-1.3666581e-01;2.2750000e+02;-1.7817137e-01;2.2750000e+02;-8.4671922e-02;2.2750000e+02;-7.6973870e-02;2.2750000e+02;-4.5606133e-02;2.2750000e+02;5.1048510e-03;2.2750000e+02;6.1321210e-02;2.2750000e+02;1.2712774e-01;2.2750000e+02;1.8568952e-01;2.2750000e+02;2.1455410e-01;2.2750000e+02;2.0225102e-01;2.2750000e+02;2.0866074e-01;2.2750000e+02;1.5718018e-01;2.2750000e+02;9.6042514e-02;2.2750000e+02;4.2059526e-02;2.2750000e+02;-5.8471113e-03;2.2750000e+02;-4.9980059e-02;2.2750000e+02;-9.3429253e-02;2.2750000e+02;-1.3666581e-01;2.2750000e+02;-1.7817137e-01;2.2750000e+02;-8.4671922e-02;2.2750000e+02;-7.6973870e-02;2.2750000e+02;-4.5606133e-02;2.2750000e+02;5.1048510e-03;2.2750000e+02;6.1321210e-02;2.2750000e+02;1.2712774e-01;2.2750000e+02;1.8568952e-01;2.2750000e+02;2.1455410e-01;2.2750000e+02;2.0225102e-01;2.2750000e+02;2.0866074e-01;2.2750000e+02;1.5718018e-01;2.2750000e+02;9.6042514e-02;2.2750000e+02;4.2059526e-02;2.2750000e+02;-5.8471113e-03;2.2750000e+02;-4.9980059e-02;2.2750000e+02;-9.3429253e-02;2.2750000e+02;-1.3666581e-01;2.2750000e+02;-1.7817137e-01;2.2750000e+02;-8.4671922e-02;2.2750000e+02;-7.6973870e-02;2.2750000e+02;-4.5606133e-02;2.2750000e+02;5.1048510e-03;2.2750000e+02;6.1321210e-02;2.2750000e+02;1.2712774e-01;2.2750000e+02;1.8568952e-01;2.2750000e+02;2.1455410e-01;2.2750000e+02;2.0225102e-01;2.2750000e+02;2.0866074e-01;2.2750000e+02;1.5718018e-01;2.2750000e+02;9.6042514e-02;2.2750000e+02;4.2059526e-02;2.2750000e+02;-5.8471113e-03;2.2750000e+02;-4.9980059e-02;2.2750000e+02;-9.3429253e-02;2.2750000e+02;-1.3666581e-01;2.2750000e+02;-1.7817137e-01;2.2750000e+02;-8.4671922e-02;2.2750000e+02;-7.6973870e-02;2.2750000e+02;-4.5606133e-02;2.2750000e+02;5.1048510e-03;2.2750000e+02;6.1321210e-02;2.2750000e+02;1.2712774e-01;2.2750000e+02;1.8568952e-01;2.2750000e+02;2.1455410e-01;2.2750000e+02;2.0225102e-01;2.2750000e+02;2.0866074e-01;2.2750000e+02;1.5718018e-01;2.2750000e+02;9.6042514e-02;2.2750000e+02;4.2059526e-02;2.2750000e+02;-5.8471113e-03;2.2750000e+02;-4.9980059e-02;2.2750000e+02;-9.3429253e-02;2.2750000e+02;-1.3666581e-01;2.2750000e+02;-1.7817137e-01;2.2750000e+02;-8.4671922e-02;2.2750000e+02;-7.6973870e-02;2.2750000e+02;-4.5606133e-02;2.2750000e+02;5.1048510e-03;2.2750000e+02;6.1321210e-02;2.2750000e+02;1.2712774e-01;2.2750000e+02;1.8568952e-01;2.2750000e+02;2.1455410e-01;2.2750000e+02;2.0225102e-01;2.2750000e+02;2.0866074e-01;2.2750000e+02;1.5718018e-01;2.2750000e+02;9.6042514e-02;2.2750000e+02;4.2059526e-02;2.2750000e+02;-5.8471113e-03;2.2750000e+02;-4.9980059e-02;2.2750000e+02;-9.3429253e-02;2.2750000e+02;-1.3666581e-01;2.2750000e+02;-1.7817137e-01;2.2750000e+02;-8.4671922e-02;2.2750000e+02;-7.6973870e-02;2.2750000e+02;-4.5606133e-02;2.2750000e+02;5.1048510e-03;2.2750000e+02;6.1321210e-02;2.2750000e+02;1.2712774e-01;2.2750000e+02;1.8568952e-01;2.2750000e+02;2.1455410e-01;2.2750000e+02;2.0225102e-01;2.2750000e+02;2.0866074e-01;2.2750000e+02;1.5718018e-01;2.2750000e+02;9.6042514e-02;2.2750000e+02;4.2059526e-02;2.2750000e+02;-5.8471113e-03;2.2750000e+02;-4.9980059e-02;2.2750000e+02;-9.3429253e-02;2.2750000e+02;-1.3666581e-01;2.2750000e+02;-1.7817137e-01;2.2750000e+02;-8.4671922e-02;2.2750000e+02;-7.6973870e-02;2.2750000e+02;-4.5606133e-02;2.2750000e+02;5.1048510e-03;2.2750000e+02;6.1321210e-02;2.2750000e+02;1.2712774e-01;2.2750000e+02;1.8568952e-01;2.2750000e+02;2.1455410e-01;2.2750000e+02;2.0225102e-01;2.2750000e+02;2.0866074e-01;2.2750000e+02;1.5718018e-01;2.2750000e+02;9.6042514e-02;2.2750000e+02;4.2059526e-02;2.2750000e+02;-5.8471113e-03;2.2750000e+02;-4.9980059e-02;2.2750000e+02;-9.3429253e-02;2.2750000e+02;-1.3666581e-01;2.2750000e+02;-1.7817137e-01;2.2750000e+02;-8.4671922e-02;2.2750000e+02;-7.6973870e-02;2.2750000e+02;-4.5606133e-02;2.2750000e+02;5.1048510e-03;2.2750000e+02;6.1321210e-02;2.2750000e+02;1.2712774e-01;2.2750000e+02;1.8568952e-01;2.2750000e+02;2.1455410e-01;2.2750000e+02;2.0225102e-01;2.2750000e+02;2.0866074e-01;2.2750000e+02;1.5718018e-01;2.2750000e+02;9.6042514e-02;2.2750000e+02;4.2059526e-02;2.2750000e+02;-5.8471113e-03;2.2750000e+02;-4.9980059e-02;2.2750000e+02;-9.3429253e-02;2.2750000e+02;-1.3666581e-01;2.2750000e+02;-1.7817137e-01;2.2750000e+02;-8.4671922e-02;2.2750000e+02;-7.6973870e-02;2.2750000e+02;-4.5606133e-02;2.2750000e+02;5.1048510e-03;2.2750000e+02;6.1321210e-02;2.2750000e+02;1.2712774e-01;2.2750000e+02;1.8568952e-01;2.2750000e+02;2.1455410e-01;2.2750000e+02;2.0225102e-01;2.2750000e+02;2.0866074e-01;2.2750000e+02;1.5718018e-01;2.2750000e+02;9.6042514e-02;2.2750000e+02;4.2059526e-02;2.2750000e+02;-5.8471113e-03;2.2750000e+02;-4.9980059e-02;2.2750000e+02;-9.3429253e-02;2.2750000e+02;-1.3666581e-01;2.2750000e+02;-1.7817137e-01;2.2750000e+02;-8.4671922e-02;2.2750000e+02;-7.6973870e-02;2.2750000e+02;-4.5606133e-02;2.2750000e+02;5.1048510e-03;2.2750000e+02;6.1321210e-02;2.2750000e+02;1.2712774e-01;2.2750000e+02;1.8568952e-01;2.2750000e+02;2.1455410e-01;2.2750000e+02;2.0225102e-01;2.2750000e+02;2.0866074e-01;2.2750000e+02;1.5718018e-01;2.2750000e+02;9.6042514e-02;2.2750000e+02;4.2059526e-02;2.2750000e+02;-5.8471113e-03;2.2750000e+02;-4.9980059e-02;2.2750000e+02;-9.3429253e-02;2.2750000e+02;-1.3666581e-01;2.2750000e+02;-1.7817137e-01;2.2750000e+02;-8.4671922e-02;2.2750000e+02;-7.6973870e-02;2.2750000e+02;-4.5606133e-02;2.2750000e+02;5.1048510e-03;2.2750000e+02;6.1321210e-02;2.2750000e+02;1.2712774e-01;2.2750000e+02;1.8568952e-01;2.2750000e+02;2.1455410e-01;2.2750000e+02;2.0225102e-01;2.2750000e+02;2.0866074e-01;2.2750000e+02;1.5718018e-01;2.2750000e+02;9.6042514e-02;2.2750000e+02;4.2059526e-02;2.2750000e+02;-5.8471113e-03;2.2750000e+02;-4.9980059e-02;2.2750000e+02;-9.3429253e-02;2.2750000e+02;-1.3666581e-01;2.2750000e+02;-1.7817137e-01;2.2750000e+02;-8.4671922e-02;2.2750000e+02;-7.6973870e-02;2.2750000e+02;-4.5606133e-02;2.2750000e+02;5.1048510e-03;2.2750000e+02;6.1321210e-02;2.2750000e+02;1.2712774e-01;2.2750000e+02;1.8568952e-01;2.2750000e+02;2.1455410e-01;2.2750000e+02;2.0225102e-01;2.2750000e+02;2.0866074e-01;2.2750000e+02;1.5718018e-01;2.2750000e+02;9.6042514e-02;2.2750000e+02;4.2059526e-02;2.2750000e+02;-5.8471113e-03;2.2750000e+02;-4.9980059e-02;2.2750000e+02;-9.3429253e-02;2.2750000e+02;-1.3666581e-01;2.2750000e+02;-1.7817137e-01;2.2750000e+02;-8.4671922e-02;2.2750000e+02;-7.6973870e-02;2.2750000e+02;-4.5606133e-02;2.2750000e+02;5.1048510e-03;2.2750000e+02;6.1321210e-02;2.2750000e+02;1.2712774e-01;2.2750000e+02;1.8568952e-01;2.2750000e+02;2.1455410e-01;2.2750000e+02;2.0225102e-01;2.2750000e+02;2.0866074e-01;2.2750000e+02;1.5718018e-01;2.2750000e+02;9.6042514e-02;2.2750000e+02;4.2059526e-02;2.2750000e+02;-5.8471113e-03;2.2750000e+02;-4.9980059e-02;2.2750000e+02;-9.3429253e-02;2.2750000e+02;-1.3666581e-01;2.2750000e+02;-1.7817137e-01;2.2750000e+02;-8.4671922e-02;2.2750000e+02;-7.6973870e-02;2.2750000e+02;-4.5606133e-02;2.2750000e+02;5.1048510e-03;2.2750000e+02;6.1321210e-02;2.2750000e+02;1.2712774e-01;2.2750000e+02;1.8568952e-01;2.2750000e+02;2.1455410e-01;2.2750000e+02;2.0225102e-01;2.2750000e+02;2.0866074e-01;2.2750000e+02;1.5718018e-01;2.2750000e+02;9.6042514e-02;2.2750000e+02;4.2059526e-02;2.2750000e+02;-5.8471113e-03;2.2750000e+02;-4.9980059e-02;2.2750000e+02;-9.3429253e-02;2.2750000e+02;-1.3666581e-01;2.2750000e+02;-1.7817137e-01;2.2750000e+02;-8.4671922e-02;2.2750000e+02;-7.6973870e-02;2.2750000e+02;-4.5606133e-02;2.2750000e+02;5.1048510e-03;2.2750000e+02;6.1321210e-02;2.2750000e+02;1.2712774e-01;2.2750000e+02;1.8568952e-01;2.2750000e+02;2.1455410e-01;2.2750000e+02;2.0225102e-01;2.2750000e+02;2.0866074e-01;2.2750000e+02;1.5718018e-01;2.2750000e+02;9.6042514e-02;2.2750000e+02;4.2059526e-02;2.2750000e+02;-5.8471113e-03;2.2750000e+02;-4.9980059e-02;2.2750000e+02;-9.3429253e-02;2.2750000e+02;-1.3666581e-01;2.2750000e+02;-1.7817137e-01;2.2750000e+02;-8.4671922e-02;2.2750000e+02;-7.6973870e-02;2.2750000e+02;-4.5606133e-02;2.2750000e+02;5.1048510e-03;2.2750000e+02;6.1321210e-02;2.2750000e+02;1.2712774e-01;2.2750000e+02;1.8568952e-01;2.2750000e+02;2.1455410e-01;2.2750000e+02;2.0225102e-01;2.2750000e+02;2.0866074e-01;2.2750000e+02;1.5718018e-01;2.2750000e+02;9.6042514e-02;2.2750000e+02;4.2059526e-02;2.2750000e+02;-5.8471113e-03;2.2750000e+02;-4.9980059e-02;2.2750000e+02;-9.3429253e-02;2.2750000e+02;-1.3666581e-01;2.2750000e+02;-1.7817137e-01;2.2750000e+02;-8.4671922e-02;2.2750000e+02;-7.6973870e-02;2.2750000e+02;-4.5606133e-02;2.2750000e+02;5.1048510e-03;2.2750000e+02;6.1321210e-02;2.2750000e+02;1.2712774e-01;2.2750000e+02;1.8568952e-01;2.2750000e+02;2.1455410e-01;2.2750000e+02;2.0225102e-01;2.2750000e+02;2.0866074e-01;2.2750000e+02;1.5718018e-01;2.2750000e+02;9.6042514e-02;2.2750000e+02;4.2059526e-02;2.2750000e+02;-5.8471113e-03;2.2750000e+02;-4.9980059e-02;2.2750000e+02;-9.3429253e-02;2.2750000e+02;-1.3666581e-01;2.2750000e+02;-1.7817137e-01;2.2750000e+02;-8.4671922e-02;2.2750000e+02;-7.6973870e-02;2.2750000e+02;-4.5606133e-02;2.2750000e+02;5.1048510e-03;2.2750000e+02;6.1321210e-02;2.2750000e+02;1.2712774e-01;2.2750000e+02;1.8568952e-01;2.2750000e+02;2.1455410e-01;2.2750000e+02;2.0225102e-01;2.2750000e+02;2.0866074e-01;2.2750000e+02;1.5718018e-01;2.2750000e+02;9.6042514e-02;2.2750000e+02;4.2059526e-02;2.2750000e+02;-5.8471113e-03;2.2750000e+02;-4.9980059e-02;2.2750000e+02;-9.3429253e-02;2.2750000e+02;-1.3666581e-01;2.2750000e+02;-1.7817137e-01;2.2750000e+02;-8.4671922e-02;2.2750000e+02;-7.6973870e-02;2.2750000e+02;-4.5606133e-02;2.2750000e+02;5.1048510e-03;2.2750000e+02;6.1321210e-02;2.2750000e+02;1.2712774e-01;2.2750000e+02;1.8568952e-01;2.2750000e+02;2.1455410e-01;2.2750000e+02;2.0225102e-01;2.2750000e+02;2.0866074e-01;2.2750000e+02;1.5718018e-01;2.2750000e+02;9.6042514e-02;2.2750000e+02;4.2059526e-02;2.2750000e+02;-5.8471113e-03;2.2750000e+02;-4.9980059e-02;2.2750000e+02;-9.3429253e-02;2.2750000e+02;-1.3666581e-01;2.2750000e+02;-1.7817137e-01;2.2750000e+02;-8.4671922e-02;2.2750000e+02;-7.6973870e-02;2.2750000e+02;-4.5606133e-02;2.2750000e+02;5.1048510e-03;2.2750000e+02;6.1321210e-02;2.2750000e+02;1.2712774e-01;2.2750000e+02;1.8568952e-01;2.2750000e+02;2.1455410e-01;2.2750000e+02;2.0225102e-01;2.2750000e+02;2.0866074e-01;2.2750000e+02;1.5718018e-01;2.2750000e+02;9.6042514e-02;2.2750000e+02;4.2059526e-02;2.2750000e+02;-5.8471113e-03;2.2750000e+02;-4.9980059e-02;2.2750000e+02;-9.3429253e-02;2.2750000e+02;-1.3666581e-01;2.2750000e+02;-1.7817137e-01;2.2750000e+02;-8.4671922e-02;2.2750000e+02;-7.6973870e-02;2.2750000e+02;-4.5606133e-02;2.2750000e+02;5.1048510e-03;2.2750000e+02;6.1321210e-02;2.2750000e+02;1.2712774e-01;2.2750000e+02;1.8568952e-01;2.2750000e+02;2.1455410e-01;2.2750000e+02;2.0225102e-01;2.2750000e+02;2.0866074e-01;2.2750000e+02;1.5718018e-01;2.2750000e+02;9.6042514e-02;2.2750000e+02;4.2059526e-02;2.2750000e+02;-5.8471113e-03;2.2750000e+02;-4.9980059e-02;2.2750000e+02;-9.3429253e-02;2.2750000e+02;-1.3666581e-01;2.2750000e+02;-1.7817137e-01;2.2750000e+02;-8.4671922e-02;2.2750000e+02;-7.6973870e-02;2.2750000e+02;-4.5606133e-02;2.2750000e+02;5.1048510e-03;2.2750000e+02;6.1321210e-02;2.2750000e+02;1.2712774e-01;2.2750000e+02;1.8568952e-01;2.2750000e+02;2.1455410e-01;2.2750000e+02;2.0225102e-01;2.2750000e+02;2.0866074e-01;2.2750000e+02;1.5718018e-01;2.2750000e+02;9.6042514e-02;2.2750000e+02;4.2059526e-02;2.2750000e+02;-5.8471113e-03;2.2750000e+02;-4.9980059e-02;2.2750000e+02;-9.3429253e-02;2.2750000e+02;-1.3666581e-01;2.2750000e+02;-1.7817137e-01;2.2750000e+02;-8.4671922e-02;2.2750000e+02;-7.6973870e-02;2.2750000e+02;-4.5606133e-02;2.2750000e+02;5.1048510e-03;2.2750000e+02;6.1321210e-02;2.2750000e+02;1.2712774e-01;2.2750000e+02;1.8568952e-01;2.2750000e+02;2.1455410e-01;2.2750000e+02;2.0225102e-01;2.2750000e+02;2.0866074e-01;2.2750000e+02;1.5718018e-01;2.2750000e+02;9.6042514e-02;2.2750000e+02;4.2059526e-02;2.2750000e+02;-5.8471113e-03;2.2750000e+02;-4.9980059e-02;2.2750000e+02;-9.3429253e-02;2.2750000e+02;-1.3666581e-01;2.2750000e+02;-1.7817137e-01;2.2750000e+02;-8.4671922e-02;2.2750000e+02;-7.6973870e-02;2.2750000e+02;-4.5606133e-02;2.2750000e+02;5.1048510e-03;2.2750000e+02;6.1321210e-02;2.2750000e+02;1.2712774e-01;2.2750000e+02;1.8568952e-01;2.2750000e+02;2.1455410e-01;2.2750000e+02;2.0225102e-01;2.2750000e+02;2.0866074e-01;2.2750000e+02;1.5718018e-01;2.2750000e+02;9.6042514e-02;2.2750000e+02;4.2059526e-02;2.2750000e+02;-5.8471113e-03;2.2750000e+02;-4.9980059e-02;2.2750000e+02;-9.3429253e-02;2.2750000e+02;-1.3666581e-01;2.2750000e+02;-1.7817137e-01;2.2750000e+02;-8.4671922e-02;2.2750000e+02;-7.6973870e-02;2.2750000e+02;-4.5606133e-02;2.2750000e+02;5.1048510e-03;2.2750000e+02;6.1321210e-02;2.2750000e+02;1.2712774e-01;2.2750000e+02;1.8568952e-01;2.2750000e+02;2.1455410e-01;2.2750000e+02;2.0225102e-01;2.2750000e+02;2.0866074e-01;2.2750000e+02;1.5718018e-01;2.2750000e+02;9.6042514e-02;2.2750000e+02;4.2059526e-02;2.2750000e+02;-5.8471113e-03;2.2750000e+02;-4.9980059e-02;2.2750000e+02;-9.3429253e-02;2.2750000e+02;-1.3666581e-01;2.2750000e+02;-1.7817137e-01;2.2750000e+02;-8.4671922e-02;2.2750000e+02;-7.6973870e-02;2.2750000e+02;-4.5606133e-02;2.2750000e+02;5.1048510e-03;2.2750000e+02;6.1321210e-02;2.2750000e+02;1.2712774e-01;2.2750000e+02;1.8568952e-01;2.2750000e+02;2.1455410e-01;2.2750000e+02;2.0225102e-01;2.2750000e+02;2.0866074e-01;2.2750000e+02;1.5718018e-01;2.2750000e+02;9.6042514e-02;2.2750000e+02;4.2059526e-02;2.2750000e+02;-5.8471113e-03;2.2750000e+02;-4.9980059e-02;2.2750000e+02;-9.3429253e-02;2.2750000e+02;-1.3666581e-01;2.2750000e+02;-1.7817137e-01;2.2750000e+02;-8.4671922e-02;2.2750000e+02;-7.6973870e-02;2.2750000e+02;-4.5606133e-02;2.2750000e+02;5.1048510e-03;2.2750000e+02;6.1321210e-02;2.2750000e+02;1.2712774e-01;2.2750000e+02;1.8568952e-01;2.2750000e+02;2.1455410e-01;2.2750000e+02;2.0225102e-01;2.2750000e+02;2.0866074e-01;2.2750000e+02;1.5718018e-01;2.2750000e+02;9.6042514e-02;2.2750000e+02;4.2059526e-02;2.2750000e+02;-5.8471113e-03;2.2750000e+02;-4.9980059e-02;2.2750000e+02;-9.3429253e-02;2.2750000e+02;-1.3666581e-01;2.2750000e+02;-1.7817137e-01;2.2750000e+02;-8.4671922e-02;2.2750000e+02;-7.6973870e-02;2.2750000e+02;-4.5606133e-02;2.2750000e+02;5.1048510e-03;2.2750000e+02;6.1321210e-02;2.2750000e+02;1.2712774e-01;2.2750000e+02;1.8568952e-01;2.2750000e+02;2.1455410e-01;2.2750000e+02;2.0225102e-01;2.2750000e+02;2.0866074e-01;2.2750000e+02;1.5718018e-01;2.2750000e+02;9.6042514e-02;2.2750000e+02;4.2059526e-02;2.2750000e+02;-5.8471113e-03;2.2750000e+02;-4.9980059e-02;2.2750000e+02;-9.3429253e-02;2.2750000e+02;-1.3666581e-01;2.2750000e+02;-1.7817137e-01;2.2750000e+02;-8.4671922e-02;2.2750000e+02;-7.6973870e-02;2.2750000e+02;-4.5606133e-02;2.2750000e+02;5.1048510e-03;2.2750000e+02;6.1321210e-02;2.2750000e+02;1.2712774e-01;2.2750000e+02;1.8568952e-01;2.2750000e+02;2.1455410e-01;2.2750000e+02;2.0225102e-01;2.2750000e+02;2.0866074e-01;2.2750000e+02;1.5718018e-01;2.2750000e+02;9.6042514e-02;2.2750000e+02;4.2059526e-02;2.2750000e+02;-5.8471113e-03;2.2750000e+02;-4.9980059e-02;2.2750000e+02;-9.3429253e-02;2.2750000e+02;-1.3666581e-01;2.2750000e+02;-1.7817137e-01;2.2750000e+02;-8.4671922e-02;2.2750000e+02;-7.6973870e-02;2.2750000e+02;-4.5606133e-02;2.2750000e+02;5.1048510e-03;2.2750000e+02;6.1321210e-02;2.2750000e+02;1.2712774e-01;2.2750000e+02;1.8568952e-01;2.2750000e+02;2.1455410e-01;2.2750000e+02;2.0225102e-01;2.2750000e+02;2.0866074e-01;2.2750000e+02;1.5718018e-01;2.2750000e+02;9.6042514e-02;2.2750000e+02;4.2059526e-02;2.2750000e+02;-5.8471113e-03;2.2750000e+02;-4.9980059e-02;2.2750000e+02;-9.3429253e-02;2.2750000e+02;-1.3666581e-01;2.2750000e+02;-1.7817137e-01;2.2750000e+02;-8.4671922e-02;2.2750000e+02;-7.6973870e-02;2.2750000e+02;-4.5606133e-02;2.2750000e+02;5.1048510e-03;2.2750000e+02;6.1321210e-02;2.2750000e+02;1.2712774e-01;2.2750000e+02;1.8568952e-01;2.2750000e+02;2.1455410e-01;2.2750000e+02;2.0225102e-01;2.2750000e+02;2.0866074e-01;2.2750000e+02;1.5718018e-01;2.2750000e+02;9.6042514e-02;2.2750000e+02;4.2059526e-02;2.2750000e+02;-5.8471113e-03;2.2750000e+02;-4.9980059e-02;2.2750000e+02;-9.3429253e-02;2.2750000e+02;-1.3666581e-01;2.2750000e+02;-1.7817137e-01;2.2750000e+02;-8.4671922e-02;2.2750000e+02;-7.6973870e-02;2.2750000e+02;-4.5606133e-02;2.2750000e+02;5.1048510e-03;2.2750000e+02;6.1321210e-02;2.2750000e+02;1.2712774e-01;2.2750000e+02;1.8568952e-01;2.2750000e+02;2.1455410e-01;2.2750000e+02;2.0225102e-01;2.2750000e+02;2.0866074e-01;2.2750000e+02;1.5718018e-01;2.2750000e+02;9.6042514e-02;2.2750000e+02;4.2059526e-02;2.2750000e+02;-5.8471113e-03;2.2750000e+02;-4.9980059e-02;2.2750000e+02;-9.3429253e-02;2.2750000e+02;-1.3666581e-01;2.2750000e+02;-1.7817137e-01;2.2750000e+02;-8.4671922e-02;2.2750000e+02;-7.6973870e-02;2.2750000e+02;-4.5606133e-02;2.2750000e+02;5.1048510e-03;2.2750000e+02;6.1321210e-02;2.2750000e+02;1.2712774e-01;2.2750000e+02;1.8568952e-01;2.2750000e+02;2.1455410e-01;2.2750000e+02;2.0225102e-01;2.2750000e+02;2.0866074e-01;2.2750000e+02;1.5718018e-01;2.2750000e+02;9.6042514e-02;2.2750000e+02;4.2059526e-02;2.2750000e+02;-5.8471113e-03;2.2750000e+02;-4.9980059e-02;2.2750000e+02;-9.3429253e-02;2.2750000e+02;-1.3666581e-01;2.2750000e+02;-1.7817137e-01;2.2750000e+02;-8.4671922e-02;2.2750000e+02;-7.6973870e-02;2.2750000e+02;-4.5606133e-02;2.2750000e+02;5.1048510e-03;2.2750000e+02;6.1321210e-02;2.2750000e+02;1.2712774e-01;2.2750000e+02;1.8568952e-01;2.2750000e+02;2.1455410e-01;2.2750000e+02;2.0225102e-01;2.2750000e+02;2.0866074e-01;2.2750000e+02;1.5718018e-01;2.2750000e+02;9.6042514e-02;2.2750000e+02;4.2059526e-02;2.2750000e+02;-5.8471113e-03;2.2750000e+02;-4.9980059e-02;2.2750000e+02;-9.3429253e-02;2.2750000e+02;-1.3666581e-01;2.2750000e+02;-1.7817137e-01;2.2750000e+02;-8.4671922e-02;2.2750000e+02;-7.6973870e-02;2.2750000e+02;-4.5606133e-02;2.2750000e+02;5.1048510e-03;2.2750000e+02;6.1321210e-02;2.2750000e+02;1.2712774e-01;2.2750000e+02;1.8568952e-01;2.2750000e+02;2.1455410e-01;2.2750000e+02;2.0225102e-01;2.2750000e+02;2.0866074e-01;2.2750000e+02;1.5718018e-01;2.2750000e+02;9.6042514e-02;2.2750000e+02;4.2059526e-02;2.2750000e+02;-5.8471113e-03;2.2750000e+02;-4.9980059e-02;2.2750000e+02;-9.3429253e-02;2.2750000e+02;-1.3666581e-01;2.2750000e+02;-1.7817137e-01;2.2750000e+02;-8.4671922e-02;2.2750000e+02;-7.6973870e-02;2.2750000e+02;-4.5606133e-02;2.2750000e+02;5.1048510e-03;2.2750000e+02;6.1321210e-02;2.2750000e+02;1.2712774e-01;2.2750000e+02;1.8568952e-01;2.2750000e+02;2.1455410e-01;2.2750000e+02;2.0225102e-01;2.2750000e+02;2.0866074e-01;2.2750000e+02;1.5718018e-01;2.2750000e+02;9.6042514e-02;2.2750000e+02;4.2059526e-02;2.2750000e+02;-5.8471113e-03;2.2750000e+02;-4.9980059e-02;2.2750000e+02;-9.3429253e-02;2.2750000e+02;-1.3666581e-01;2.2750000e+02;-1.7817137e-01;2.2750000e+02;-8.4671922e-02;2.2750000e+02;-7.6973870e-02;2.2750000e+02;-4.5606133e-02;2.2750000e+02;5.1048510e-03;2.2750000e+02;6.1321210e-02;2.2750000e+02;1.2712774e-01;2.2750000e+02;1.8568952e-01;2.2750000e+02;2.1455410e-01;2.2750000e+02;2.0225102e-01;2.2750000e+02;2.0866074e-01;2.2750000e+02;1.5718018e-01;2.2750000e+02;9.6042514e-02;2.2750000e+02;4.2059526e-02;2.2750000e+02;-5.8471113e-03;2.2750000e+02;-4.9980059e-02;2.2750000e+02;-9.3429253e-02;2.2750000e+02;-1.3666581e-01;2.2750000e+02;-1.7817137e-01;2.2750000e+02;-8.4671922e-02;2.2750000e+02;-7.6973870e-02;2.2750000e+02;-4.5606133e-02;2.2750000e+02;5.1048510e-03;2.2750000e+02;6.1321210e-02;2.2750000e+02;1.2712774e-01;2.2750000e+02;1.8568952e-01;2.2750000e+02;2.1455410e-01;2.2750000e+02;2.0225102e-01;2.2750000e+02;2.0866074e-01;2.2750000e+02;1.5718018e-01;2.2750000e+02;9.6042514e-02;2.2750000e+02;4.2059526e-02;2.2750000e+02;-5.8471113e-03;2.2750000e+02;-4.9980059e-02;2.2750000e+02;-9.3429253e-02;2.2750000e+02;-1.3666581e-01;2.2750000e+02;-1.7817137e-01;2.2750000e+02;-8.4671922e-02;2.2750000e+02;-7.6973870e-02;2.2750000e+02;-4.5606133e-02;2.2750000e+02;5.1048510e-03;2.2750000e+02;6.1321210e-02;2.2750000e+02;1.2712774e-01;2.2750000e+02;1.8568952e-01;2.2750000e+02;2.1455410e-01;2.2750000e+02;2.0225102e-01;2.2750000e+02;2.0866074e-01;2.2750000e+02;1.5718018e-01;2.2750000e+02;9.6042514e-02;2.2750000e+02;4.2059526e-02;2.2750000e+02;-5.8471113e-03;2.2750000e+02;-4.9980059e-02;2.2750000e+02;-9.3429253e-02;2.2750000e+02;-1.3666581e-01;2.2750000e+02;-1.7817137e-01;2.2750000e+02;-8.4671922e-02;2.2750000e+02;-7.6973870e-02;2.2750000e+02;-4.5606133e-02;2.2750000e+02;5.1048510e-03;2.2750000e+02;6.1321210e-02;2.2750000e+02;1.2712774e-01;2.2750000e+02;1.8568952e-01;2.2750000e+02;2.1455410e-01;2.2750000e+02;2.0225102e-01;2.2750000e+02;2.0866074e-01;2.2750000e+02;1.5718018e-01;2.2750000e+02;9.6042514e-02;2.2750000e+02;4.2059526e-02;2.2750000e+02;-5.8471113e-03;2.2750000e+02;-4.9980059e-02;2.2750000e+02;-9.3429253e-02;2.2750000e+02;-1.3666581e-01;2.2750000e+02;-1.7817137e-01;2.2750000e+02;-8.4671922e-02;2.2750000e+02;-7.6973870e-02;2.2750000e+02;-4.5606133e-02;2.2750000e+02;5.1048510e-03;2.2750000e+02;6.1321210e-02;2.2750000e+02;1.2712774e-01;2.2750000e+02;1.8568952e-01;2.2750000e+02;2.1455410e-01;2.2750000e+02;2.0225102e-01;2.2750000e+02;2.0866074e-01;2.2750000e+02;1.5718018e-01;2.2750000e+02;9.6042514e-02;2.2750000e+02;4.2059526e-02;2.2750000e+02;-5.8471113e-03;2.2750000e+02;-4.9980059e-02;2.2750000e+02;-9.3429253e-02;2.2750000e+02;-1.3666581e-01;2.2750000e+02;-1.7817137e-01;2.2750000e+02;-8.4671922e-02;2.2750000e+02;-7.6973870e-02;2.2750000e+02;-4.5606133e-02;2.2750000e+02;5.1048510e-03;2.2750000e+02;6.1321210e-02;2.2750000e+02;1.2712774e-01;2.2750000e+02;1.8568952e-01;2.2750000e+02;2.1455410e-01;2.2750000e+02;2.0225102e-01;2.2750000e+02;2.0866074e-01;2.2750000e+02;1.5718018e-01;2.2750000e+02;9.6042514e-02;2.2750000e+02;4.2059526e-02;2.2750000e+02;-5.8471113e-03;2.2750000e+02;-4.9980059e-02;2.2750000e+02;-9.3429253e-02;2.2750000e+02;-1.3666581e-01;2.2750000e+02;-1.7817137e-01;2.2750000e+02;-8.4671922e-02;2.2750000e+02;-7.6973870e-02;2.2750000e+02;-4.5606133e-02;2.2750000e+02;5.1048510e-03;2.2750000e+02;6.1321210e-02;2.2750000e+02;1.2712774e-01;2.2750000e+02;1.8568952e-01;2.2750000e+02;2.1455410e-01;2.2750000e+02;2.0225102e-01;2.2750000e+02;2.0866074e-01;2.2750000e+02;1.5718018e-01;2.2750000e+02;9.6042514e-02;2.2750000e+02;4.2059526e-02;2.2750000e+02;-5.8471113e-03;2.2750000e+02;-4.9980059e-02;2.2750000e+02;-9.3429253e-02;2.2750000e+02;-1.3666581e-01;2.2750000e+02;-1.7817137e-01;2.2750000e+02;-8.4671922e-02;2.2750000e+02;-7.6973870e-02;2.2750000e+02;-4.5606133e-02;2.2750000e+02;5.1048510e-03;2.2750000e+02;6.1321210e-02;2.2750000e+02;1.2712774e-01;2.2750000e+02;1.8568952e-01;2.2750000e+02;2.1455410e-01;2.2750000e+02;2.0225102e-01;2.2750000e+02;2.0866074e-01;2.2750000e+02;1.5718018e-01;2.2750000e+02;9.6042514e-02;2.2750000e+02;4.2059526e-02;2.2750000e+02;-5.8471113e-03;2.2750000e+02;-4.9980059e-02;2.2750000e+02;-9.3429253e-02;2.2750000e+02;-1.3666581e-01;2.2750000e+02;-1.7817137e-01;2.2750000e+02;-8.4671922e-02;2.2750000e+02;-7.6973870e-02;2.2750000e+02;-4.5606133e-02;2.2750000e+02;5.1048510e-03;2.2750000e+02;6.1321210e-02;2.2750000e+02;1.2712774e-01;2.2750000e+02;1.8568952e-01;2.2750000e+02;2.1455410e-01;2.2750000e+02;2.0225102e-01;2.2750000e+02;2.0866074e-01;2.2750000e+02;1.5718018e-01;2.2750000e+02;9.6042514e-02;2.2750000e+02;4.2059526e-02;2.2750000e+02;-5.8471113e-03;2.2750000e+02;-4.9980059e-02;2.2750000e+02;-9.3429253e-02;2.2750000e+02;-1.3666581e-01;2.2750000e+02;-1.7817137e-01;2.2750000e+02;-8.4671922e-02;2.2750000e+02;-7.6973870e-02;2.2750000e+02;-4.5606133e-02;2.2750000e+02;5.1048510e-03;2.2750000e+02;6.1321210e-02;2.2750000e+02;1.2712774e-01;2.2750000e+02;1.8568952e-01;2.2750000e+02;2.1455410e-01;2.2750000e+02;2.0225102e-01;2.2750000e+02;2.0866074e-01;2.2750000e+02;1.5718018e-01;2.2750000e+02;9.6042514e-02;2.2750000e+02;4.2059526e-02;2.2750000e+02;-5.8471113e-03;2.2750000e+02;-4.9980059e-02;2.2750000e+02;-9.3429253e-02;2.2750000e+02;-1.3666581e-01;2.2750000e+02;-1.7817137e-01;2.2750000e+02;-8.4671922e-02;2.2750000e+02;-7.6973870e-02;2.2750000e+02;-4.5606133e-02;2.2750000e+02;5.1048510e-03;2.2750000e+02;6.1321210e-02;2.2750000e+02;1.2712774e-01;2.2750000e+02;1.8568952e-01;2.2750000e+02;2.1455410e-01;2.2750000e+02;2.0225102e-01;2.2750000e+02;2.0866074e-01;2.2750000e+02;1.5718018e-01;2.2750000e+02;9.6042514e-02;2.2750000e+02;4.2059526e-02;2.2750000e+02;-5.8471113e-03;2.2750000e+02;-4.9980059e-02;2.2750000e+02;-9.3429253e-02;2.2750000e+02;-1.3666581e-01;2.2750000e+02;-1.7817137e-01;2.2750000e+02;-8.4671922e-02;2.2750000e+02;-7.6973870e-02;2.2750000e+02;-4.5606133e-02;2.2750000e+02;5.1048510e-03;2.2750000e+02;6.1321210e-02;2.2750000e+02;1.2712774e-01;2.2750000e+02;1.8568952e-01;2.2750000e+02;2.1455410e-01;2.2750000e+02;2.0225102e-01;2.2750000e+02;2.0866074e-01;2.2750000e+02;1.5718018e-01;2.2750000e+02;9.6042514e-02;2.2750000e+02;4.2059526e-02;2.2750000e+02;-5.8471113e-03;2.2750000e+02;-4.9980059e-02;2.2750000e+02;-9.3429253e-02;2.2750000e+02;-1.3666581e-01;2.2750000e+02;-1.7817137e-01;2.2750000e+02;-8.4671922e-02;2.2750000e+02;-7.6973870e-02;2.2750000e+02;-4.5606133e-02;2.2750000e+02;5.1048510e-03;2.2750000e+02;6.1321210e-02;2.2750000e+02;1.2712774e-01;2.2750000e+02;1.8568952e-01;2.2750000e+02;2.1455410e-01;2.2750000e+02;2.0225102e-01;2.2750000e+02;2.0866074e-01;2.2750000e+02;1.5718018e-01;2.2750000e+02;9.6042514e-02;2.2750000e+02;4.2059526e-02;2.2750000e+02;-5.8471113e-03;2.2750000e+02;-4.9980059e-02;2.2750000e+02;-9.3429253e-02;2.2750000e+02;-1.3666581e-01;2.2750000e+02;-1.7817137e-01;2.2750000e+02;-8.4671922e-02;2.2750000e+02;-7.6973870e-02;2.2750000e+02;-4.5606133e-02;2.2750000e+02;5.1048510e-03;2.2750000e+02;6.1321210e-02;2.2750000e+02;1.2712774e-01;2.2750000e+02;1.8568952e-01;2.2750000e+02;2.1455410e-01;2.2750000e+02;2.0225102e-01;2.2750000e+02;2.0866074e-01;2.2750000e+02;1.5718018e-01;2.2750000e+02;9.6042514e-02;2.2750000e+02;4.2059526e-02;2.2750000e+02;-5.8471113e-03;2.2750000e+02;-4.9980059e-02;2.2750000e+02;-9.3429253e-02;2.2750000e+02;-1.3666581e-01;2.2750000e+02;-1.7817137e-01;2.2750000e+02;-8.4671922e-02;2.2750000e+02;-7.6973870e-02;2.2750000e+02;-4.5606133e-02;2.2750000e+02;5.1048510e-03;2.2750000e+02;6.1321210e-02;2.2750000e+02;1.2712774e-01;2.2750000e+02;1.8568952e-01;2.2750000e+02;2.1455410e-01;2.2750000e+02;2.0225102e-01;2.2750000e+02;2.0866074e-01;2.2750000e+02;1.5718018e-01;2.2750000e+02;9.6042514e-02;2.2750000e+02;4.2059526e-02;2.2750000e+02;-5.8471113e-03;2.2750000e+02;-4.9980059e-02;2.2750000e+02;-9.3429253e-02;2.2750000e+02;-1.3666581e-01;2.2750000e+02;-1.7817137e-01;2.2750000e+02;-8.4671922e-02;2.2750000e+02;-7.6973870e-02;2.2750000e+02;-4.5606133e-02;2.2750000e+02;5.1048510e-03;2.2750000e+02;6.1321210e-02;2.2750000e+02;1.2712774e-01;2.2750000e+02;1.8568952e-01;2.2750000e+02;2.1455410e-01;2.2750000e+02;2.0225102e-01;2.2750000e+02;2.0866074e-01;2.2750000e+02;1.5718018e-01;2.2750000e+02;9.6042514e-02;2.2750000e+02;4.2059526e-02;2.2750000e+02;-5.8471113e-03;2.2750000e+02;-4.9980059e-02;2.2750000e+02;-9.3429253e-02;2.2750000e+02;-1.3666581e-01;2.2750000e+02;-1.7817137e-01;2.2750000e+02;-8.4671922e-02;2.2750000e+02;-7.6973870e-02;2.2750000e+02;-4.5606133e-02;2.2750000e+02;5.1048510e-03;2.2750000e+02;6.1321210e-02;2.2750000e+02;1.2712774e-01;2.2750000e+02;1.8568952e-01;2.2750000e+02;2.1455410e-01;2.2750000e+02;2.0225102e-01;2.2750000e+02;2.0866074e-01;2.2750000e+02;1.5718018e-01;2.2750000e+02;9.6042514e-02;2.2750000e+02;4.2059526e-02;2.2750000e+02;-5.8471113e-03;2.2750000e+02;-4.9980059e-02;2.2750000e+02;-9.3429253e-02;2.2750000e+02;-1.3666581e-01;2.2750000e+02;-1.7817137e-01;2.2750000e+02;-8.4671922e-02;2.2750000e+02;-7.6973870e-02;2.2750000e+02;-4.5606133e-02;2.2750000e+02;5.1048510e-03;2.2750000e+02;6.1321210e-02;2.2750000e+02;1.2712774e-01;2.2750000e+02;1.8568952e-01;2.2750000e+02;2.1455410e-01;2.2750000e+02;2.0225102e-01;2.2750000e+02;2.0866074e-01;2.2750000e+02;1.5718018e-01;2.2750000e+02;9.6042514e-02;2.2750000e+02;4.2059526e-02;2.2750000e+02;-5.8471113e-03;2.2750000e+02;-4.9980059e-02;2.2750000e+02;-9.3429253e-02;2.2750000e+02;-1.3666581e-01;2.2750000e+02;-1.7817137e-01;2.2750000e+02;-8.4671922e-02;2.2750000e+02;-7.6973870e-02;2.2750000e+02;-4.5606133e-02;2.2750000e+02;5.1048510e-03;2.2750000e+02;6.1321210e-02;2.2750000e+02;1.2712774e-01;2.2750000e+02;1.8568952e-01;2.2750000e+02;2.1455410e-01;2.2750000e+02;2.0225102e-01;2.2750000e+02;2.0866074e-01;2.2750000e+02;1.5718018e-01;2.2750000e+02;9.6042514e-02;2.2750000e+02;4.2059526e-02;2.2750000e+02;-5.8471113e-03;2.2750000e+02;-4.9980059e-02;2.2750000e+02;-9.3429253e-02;2.2750000e+02;-1.3666581e-01;2.2750000e+02;-1.7817137e-01;2.2750000e+02;-8.4671922e-02;2.2750000e+02;-7.6973870e-02;2.2750000e+02;-4.5606133e-02;2.2750000e+02;5.1048510e-03;2.2750000e+02;6.1321210e-02;2.2750000e+02;1.2712774e-01;2.2750000e+02;1.8568952e-01;2.2750000e+02;2.1455410e-01;2.2750000e+02;2.0225102e-01;2.2750000e+02;2.0866074e-01;2.2750000e+02;1.5718018e-01;2.2750000e+02;9.6042514e-02;2.2750000e+02;4.2059526e-02;2.2750000e+02;-5.8471113e-03;2.2750000e+02;-4.9980059e-02;2.2750000e+02;-9.3429253e-02;2.2750000e+02;-1.3666581e-01;2.2750000e+02;-1.7817137e-01;2.2750000e+02;-8.4671922e-02;2.2750000e+02;-7.6973870e-02;2.2750000e+02;-4.5606133e-02;2.2750000e+02;5.1048510e-03;2.2750000e+02;6.1321210e-02;2.2750000e+02;1.2712774e-01;2.2750000e+02;1.8568952e-01;2.2750000e+02;2.1455410e-01;2.2750000e+02;2.0225102e-01;2.2750000e+02;2.0866074e-01;2.2750000e+02;1.5718018e-01;2.2750000e+02;9.6042514e-02;2.2750000e+02;4.2059526e-02;2.2750000e+02;-5.8471113e-03;2.2750000e+02;-4.9980059e-02;2.2750000e+02;-9.3429253e-02;2.2750000e+02;-1.3666581e-01;2.2750000e+02;-1.7817137e-01;2.2750000e+02;-8.4671922e-02;2.2750000e+02;-7.6973870e-02;2.2750000e+02;-4.5606133e-02;2.2750000e+02;5.1048510e-03;2.2750000e+02;6.1321210e-02;2.2750000e+02;1.2712774e-01;2.2750000e+02;1.8568952e-01;2.2750000e+02;2.1455410e-01;2.2750000e+02;2.0225102e-01;2.2750000e+02;2.0866074e-01;2.2750000e+02;1.5718018e-01;2.2750000e+02;9.6042514e-02;2.2750000e+02;4.2059526e-02;2.2750000e+02;-5.8471113e-03;2.2750000e+02;-4.9980059e-02;2.2750000e+02;-9.3429253e-02;2.2750000e+02;-1.3666581e-01;2.2750000e+02;-1.7817137e-01;2.2750000e+02;-8.4671922e-02;2.2750000e+02;-7.6973870e-02;2.2750000e+02;-4.5606133e-02;2.2750000e+02;5.1048510e-03;2.2750000e+02;6.1321210e-02;2.2750000e+02;1.2712774e-01;2.2750000e+02;1.8568952e-01;2.2750000e+02;2.1455410e-01;2.2750000e+02;2.0225102e-01;2.2750000e+02;2.0866074e-01;2.2750000e+02;1.5718018e-01;2.2750000e+02;9.6042514e-02;2.2750000e+02;4.2059526e-02;2.2750000e+02;-5.8471113e-03;2.2750000e+02;-4.9980059e-02;2.2750000e+02;-9.3429253e-02;2.2750000e+02;-1.3666581e-01;2.2750000e+02;-1.7817137e-01;2.2750000e+02;-8.4671922e-02;2.2750000e+02;-7.6973870e-02;2.2750000e+02;-4.5606133e-02;2.2750000e+02;5.1048510e-03;2.2750000e+02;6.1321210e-02;2.2750000e+02;1.2712774e-01;2.2750000e+02;1.8568952e-01;2.2750000e+02;2.1455410e-01;2.2750000e+02;2.0225102e-01;2.2750000e+02;2.0866074e-01;2.2750000e+02;1.5718018e-01;2.2750000e+02;9.6042514e-02;2.2750000e+02;4.2059526e-02;2.2750000e+02;-5.8471113e-03;2.2750000e+02;-4.9980059e-02;2.2750000e+02;-9.3429253e-02;2.2750000e+02;-1.3666581e-01;2.2750000e+02;-1.7817137e-01;2.2750000e+02;-8.4671922e-02;2.2750000e+02;-7.6973870e-02;2.2750000e+02;-4.5606133e-02;2.2750000e+02;5.1048510e-03;2.2750000e+02;6.1321210e-02;2.2750000e+02;1.2712774e-01;2.2750000e+02;1.8568952e-01;2.2750000e+02;2.1455410e-01;2.2750000e+02;2.0225102e-01;2.2750000e+02;2.0866074e-01;2.2750000e+02;1.5718018e-01;2.2750000e+02;9.6042514e-02;2.2750000e+02;4.2059526e-02;2.2750000e+02;-5.8471113e-03;2.2750000e+02;-4.9980059e-02;2.2750000e+02;-9.3429253e-02;2.2750000e+02;-1.3666581e-01;2.2750000e+02;-1.7817137e-01;2.2750000e+02;-8.4671922e-02;2.2750000e+02;-7.6973870e-02;2.2750000e+02;-4.5606133e-02;2.2750000e+02;5.1048510e-03;2.2750000e+02;6.1321210e-02;2.2750000e+02;1.2712774e-01;2.2750000e+02;1.8568952e-01;2.2750000e+02;2.1455410e-01;2.2750000e+02;2.0225102e-01;2.2750000e+02;2.0866074e-01;2.2750000e+02;1.5718018e-01;2.2750000e+02;9.6042514e-02;2.2750000e+02;4.2059526e-02;2.2750000e+02;-5.8471113e-03;2.2750000e+02;-4.9980059e-02;2.2750000e+02;-9.3429253e-02;2.2750000e+02;-1.3666581e-01;2.2750000e+02;-1.7817137e-01;2.2750000e+02;-8.4671922e-02;2.2750000e+02;-7.6973870e-02;2.2750000e+02;-4.5606133e-02;2.2750000e+02;5.1048510e-03;2.2750000e+02;6.1321210e-02;2.2750000e+02;1.2712774e-01;2.2750000e+02;1.8568952e-01;2.2750000e+02;2.1455410e-01;2.2750000e+02;2.0225102e-01;2.2750000e+02;2.0866074e-01;2.2750000e+02;1.5718018e-01;2.2750000e+02;9.6042514e-02;2.2750000e+02;4.2059526e-02;2.2750000e+02;-5.8471113e-03;2.2750000e+02;-4.9980059e-02;2.2750000e+02;-9.3429253e-02;2.2750000e+02;-1.3666581e-01;2.2750000e+02;-1.7817137e-01;2.2750000e+02;-8.4671922e-02;2.2750000e+02;-7.6973870e-02;2.2750000e+02;-4.5606133e-02;2.2750000e+02;5.1048510e-03;2.2750000e+02;6.1321210e-02;2.2750000e+02;1.2712774e-01;2.2750000e+02;1.8568952e-01;2.2750000e+02;2.1455410e-01;2.2750000e+02;2.0225102e-01;2.2750000e+02;2.0866074e-01;2.2750000e+02;1.5718018e-01;2.2750000e+02;9.6042514e-02;2.2750000e+02;4.2059526e-02;2.2750000e+02;-5.8471113e-03;2.2750000e+02;-4.9980059e-02;2.2750000e+02;-9.3429253e-02;2.2750000e+02;-1.3666581e-01;2.2750000e+02;-1.7817137e-01;2.2750000e+02;-8.4671922e-02;2.2750000e+02;-7.6973870e-02;2.2750000e+02;-4.5606133e-02;2.2750000e+02;5.1048510e-03;2.2750000e+02;6.1321210e-02;2.2750000e+02;1.2712774e-01;2.2750000e+02;1.8568952e-01;2.2750000e+02;2.1455410e-01;2.2750000e+02;2.0225102e-01;2.2750000e+02;2.0866074e-01;2.2750000e+02;1.5718018e-01;2.2750000e+02;9.6042514e-02;2.2750000e+02;4.2059526e-02;2.2750000e+02;-5.8471113e-03;2.2750000e+02;-4.9980059e-02;2.2750000e+02;-9.3429253e-02;2.2750000e+02;-1.3666581e-01;2.2750000e+02;-1.7817137e-01;2.2750000e+02;-8.4671922e-02;2.2750000e+02;-7.6973870e-02;2.2750000e+02;-4.5606133e-02;2.2750000e+02;5.1048510e-03;2.2750000e+02;6.1321210e-02;2.2750000e+02;1.2712774e-01;2.2750000e+02;1.8568952e-01;2.2750000e+02;2.1455410e-01;2.2750000e+02;2.0225102e-01;2.2750000e+02;2.0866074e-01;2.2750000e+02;1.5718018e-01;2.2750000e+02;9.6042514e-02;2.2750000e+02;4.2059526e-02;2.2750000e+02;-5.8471113e-03;2.2750000e+02;-4.9980059e-02;2.2750000e+02;-9.3429253e-02;2.2750000e+02;-1.3666581e-01;2.2750000e+02;-1.7817137e-01;2.2750000e+02;-8.4671922e-02;2.2750000e+02;-7.6973870e-02;2.2750000e+02;-4.5606133e-02;2.2750000e+02;5.1048510e-03;2.2750000e+02;6.1321210e-02;2.2750000e+02;1.2712774e-01;2.2750000e+02;1.8568952e-01;2.2750000e+02;2.1455410e-01;2.2750000e+02;2.0225102e-01;2.2750000e+02;2.0866074e-01;2.2750000e+02;1.5718018e-01;2.2750000e+02;9.6042514e-02;2.2750000e+02;4.2059526e-02;2.2750000e+02;-5.8471113e-03;2.2750000e+02;-4.9980059e-02;2.2750000e+02;-9.3429253e-02;2.2750000e+02;-1.3666581e-01;2.2750000e+02;-1.7817137e-01;2.2750000e+02;-8.4671922e-02;2.2750000e+02;-7.6973870e-02;2.2750000e+02;-4.5606133e-02;2.2750000e+02;5.1048510e-03;2.2750000e+02;6.1321210e-02;2.2750000e+02;1.2712774e-01;2.2750000e+02;1.8568952e-01;2.2750000e+02;2.1455410e-01;2.2750000e+02;2.0225102e-01;2.2750000e+02;2.0866074e-01;2.2750000e+02;1.5718018e-01;2.2750000e+02;9.6042514e-02;2.2750000e+02;4.2059526e-02;2.2750000e+02;-5.8471113e-03;2.2750000e+02;-4.9980059e-02;2.2750000e+02;-9.3429253e-02;2.2750000e+02;-1.3666581e-01;2.2750000e+02;-1.7817137e-01;2.2750000e+02;-8.4671922e-02;2.2750000e+02;-7.6973870e-02;2.2750000e+02;-4.5606133e-02;2.2750000e+02;5.1048510e-03;2.2750000e+02;6.1321210e-02;2.2750000e+02;1.2712774e-01;2.2750000e+02;1.8568952e-01;2.2750000e+02;2.1455410e-01;2.2750000e+02;2.0225102e-01;2.2750000e+02;2.0866074e-01;2.2750000e+02;1.5718018e-01;2.2750000e+02;9.6042514e-02;2.2750000e+02;4.2059526e-02;2.2750000e+02;-5.8471113e-03;2.2750000e+02;-4.9980059e-02;2.2750000e+02;-9.3429253e-02;2.2750000e+02;-1.3666581e-01;2.2750000e+02;-1.7817137e-01;2.2750000e+02;-8.4671922e-02;2.2750000e+02;-7.6973870e-02;2.2750000e+02;-4.5606133e-02;2.2750000e+02;5.1048510e-03;2.2750000e+02;6.1321210e-02;2.2750000e+02;1.2712774e-01;2.2750000e+02;1.8568952e-01;2.2750000e+02;2.1455410e-01;2.2750000e+02;2.0225102e-01;2.2750000e+02;2.0866074e-01;2.2750000e+02;1.5718018e-01;2.2750000e+02;9.6042514e-02;2.2750000e+02;4.2059526e-02;2.2750000e+02;-5.8471113e-03;2.2750000e+02;-4.9980059e-02;2.2750000e+02;-9.3429253e-02;2.2750000e+02;-1.3666581e-01;2.2750000e+02;-1.7817137e-01;2.2750000e+02;-8.4671922e-02;2.2750000e+02;-7.6973870e-02;2.2750000e+02;-4.5606133e-02;2.2750000e+02;5.1048510e-03;2.2750000e+02;6.1321210e-02;2.2750000e+02;1.2712774e-01;2.2750000e+02;1.8568952e-01;2.2750000e+02;2.1455410e-01;2.2750000e+02;2.0225102e-01;2.2750000e+02;2.0866074e-01;2.2750000e+02;1.5718018e-01;2.2750000e+02;9.6042514e-02;2.2750000e+02;4.2059526e-02;2.2750000e+02;-5.8471113e-03;2.2750000e+02;-4.9980059e-02;2.2750000e+02;-9.3429253e-02;2.2750000e+02;-1.3666581e-01;2.2750000e+02;-1.7817137e-01;2.2750000e+02;-8.4671922e-02;2.2750000e+02;-7.6973870e-02;2.2750000e+02;-4.5606133e-02;2.2750000e+02;5.1048510e-03;2.2750000e+02;6.1321210e-02;2.2750000e+02;1.2712774e-01;2.2750000e+02;1.8568952e-01;2.2750000e+02;2.1455410e-01;2.2750000e+02;2.0225102e-01;2.2750000e+02;2.0866074e-01;2.2750000e+02;1.5718018e-01;2.2750000e+02;9.6042514e-02;2.2750000e+02;4.2059526e-02;2.2750000e+02;-5.8471113e-03;2.2750000e+02;-4.9980059e-02;2.2750000e+02;-9.3429253e-02;2.2750000e+02;-1.3666581e-01;2.2750000e+02;-1.7817137e-01;2.2750000e+02;-8.4671922e-02;2.2750000e+02;-7.6973870e-02;2.2750000e+02;-4.5606133e-02;2.2750000e+02;5.1048510e-03;2.2750000e+02;6.1321210e-02;2.2750000e+02;1.2712774e-01;2.2750000e+02;1.8568952e-01;2.2750000e+02;2.1455410e-01;2.2750000e+02;2.0225102e-01;2.2750000e+02;2.0866074e-01;2.2750000e+02;1.5718018e-01;2.2750000e+02;9.6042514e-02;2.2750000e+02;4.2059526e-02;2.2750000e+02;-5.8471113e-03;2.2750000e+02;-4.9980059e-02;2.2750000e+02;-9.3429253e-02;2.2750000e+02;-1.3666581e-01;2.2750000e+02;-1.7817137e-01;2.2750000e+02;-8.4671922e-02;2.2750000e+02;-7.6973870e-02;2.2750000e+02;-4.5606133e-02;2.2750000e+02;5.1048510e-03;2.2750000e+02;6.1321210e-02;2.2750000e+02;1.2712774e-01;2.2750000e+02;1.8568952e-01;2.2750000e+02;2.1455410e-01;2.2750000e+02;2.0225102e-01;2.2750000e+02;2.0866074e-01;2.2750000e+02;1.5718018e-01;2.2750000e+02;9.6042514e-02;2.2750000e+02;4.2059526e-02;2.2750000e+02;-5.8471113e-03;2.2750000e+02;-4.9980059e-02;2.2750000e+02;-9.3429253e-02;2.2750000e+02;-1.3666581e-01;2.2750000e+02;-1.7817137e-01;2.2750000e+02;-8.4671922e-02;2.2750000e+02;-7.6973870e-02;2.2750000e+02;-4.5606133e-02;2.2750000e+02;5.1048510e-03;2.2750000e+02;6.1321210e-02;2.2750000e+02;1.2712774e-01;2.2750000e+02;1.8568952e-01;2.2750000e+02;2.1455410e-01;2.2750000e+02;2.0225102e-01;2.2750000e+02;2.0866074e-01;2.2750000e+02;1.5718018e-01;2.2750000e+02;9.6042514e-02;2.2750000e+02;4.2059526e-02;2.2750000e+02;-5.8471113e-03;2.2750000e+02;-4.9980059e-02;2.2750000e+02;-9.3429253e-02;2.2750000e+02;-1.3666581e-01;2.2750000e+02;-1.7817137e-01;2.2750000e+02;-8.4671922e-02;2.2750000e+02;-7.6973870e-02;2.2750000e+02;-4.5606133e-02;2.2750000e+02;5.1048510e-03;2.2750000e+02;6.1321210e-02;2.2750000e+02;1.2712774e-01;2.2750000e+02;1.8568952e-01;2.2750000e+02;2.1455410e-01;2.2750000e+02;2.0225102e-01;2.2750000e+02;2.0866074e-01;2.2750000e+02;1.5718018e-01;2.2750000e+02;9.6042514e-02;2.2750000e+02;4.2059526e-02;2.2750000e+02;-5.8471113e-03;2.2750000e+02;-4.9980059e-02;2.2750000e+02;-9.3429253e-02;2.2750000e+02;-1.3666581e-01;2.2750000e+02;-1.7817137e-01;2.2750000e+02;-8.4671922e-02;2.2750000e+02;-7.6973870e-02;2.2750000e+02;-4.5606133e-02;2.2750000e+02;5.1048510e-03;2.2750000e+02;6.1321210e-02;2.2750000e+02;1.2712774e-01;2.2750000e+02;1.8568952e-01;2.2750000e+02;2.1455410e-01;2.2750000e+02;2.0225102e-01;2.2750000e+02;2.0866074e-01;2.2750000e+02;1.5718018e-01;2.2750000e+02;9.6042514e-02;2.2750000e+02;4.2059526e-02;2.2750000e+02;-5.8471113e-03;2.2750000e+02;-4.9980059e-02;2.2750000e+02;-9.3429253e-02;2.2750000e+02;-1.3666581e-01;2.2750000e+02;-1.7817137e-01;2.2750000e+02;-8.4671922e-02;2.2750000e+02;-7.6973870e-02;2.2750000e+02;-4.5606133e-02;2.2750000e+02;5.1048510e-03;2.2750000e+02;6.1321210e-02;2.2750000e+02;1.2712774e-01;2.2750000e+02;1.8568952e-01;2.2750000e+02;2.1455410e-01;2.2750000e+02;2.0225102e-01;2.2750000e+02;2.0866074e-01;2.2750000e+02;1.5718018e-01;2.2750000e+02;9.6042514e-02;2.2750000e+02;4.2059526e-02;2.2750000e+02;-5.8471113e-03;2.2750000e+02;-4.9980059e-02;2.2750000e+02;-9.3429253e-02;2.2750000e+02;-1.3666581e-01;2.2750000e+02;-1.7817137e-01;2.2750000e+02;-8.4671922e-02;2.2750000e+02;-7.6973870e-02;2.2750000e+02;-4.5606133e-02;2.2750000e+02;5.1048510e-03;2.2750000e+02;6.1321210e-02;2.2750000e+02;1.2712774e-01;2.2750000e+02;1.8568952e-01;2.2750000e+02;2.1455410e-01;2.2750000e+02;2.0225102e-01;2.2750000e+02;2.0866074e-01;2.2750000e+02;1.5718018e-01;2.2750000e+02;9.6042514e-02;2.2750000e+02;4.2059526e-02;2.2750000e+02;-5.8471113e-03;2.2750000e+02;-4.9980059e-02;2.2750000e+02;-9.3429253e-02;2.2750000e+02;-1.3666581e-01;2.2750000e+02;-1.7817137e-01;2.2750000e+02;-8.4671922e-02;2.2750000e+02;-7.6973870e-02;2.2750000e+02;-4.5606133e-02;2.2750000e+02;5.1048510e-03;2.2750000e+02;6.1321210e-02;2.2750000e+02;1.2712774e-01;2.2750000e+02;1.8568952e-01;2.2750000e+02;2.1455410e-01;2.2750000e+02;2.0225102e-01;2.2750000e+02;2.0866074e-01;2.2750000e+02;1.5718018e-01;2.2750000e+02;9.6042514e-02;2.2750000e+02;4.2059526e-02;2.2750000e+02;-5.8471113e-03;2.2750000e+02;-4.9980059e-02;2.2750000e+02;-9.3429253e-02;2.2750000e+02;-1.3666581e-01;2.2750000e+02;-1.7817137e-01;2.2750000e+02;-8.4671922e-02;2.2750000e+02;-7.6973870e-02;2.2750000e+02;-4.5606133e-02;2.2750000e+02;5.1048510e-03;2.2750000e+02;6.1321210e-02;2.2750000e+02;1.2712774e-01;2.2750000e+02;1.8568952e-01;2.2750000e+02;2.1455410e-01;2.2750000e+02;2.0225102e-01;2.2750000e+02;2.0866074e-01;2.2750000e+02;1.5718018e-01;2.2750000e+02;9.6042514e-02;2.2750000e+02;4.2059526e-02;2.2750000e+02;-5.8471113e-03;2.2750000e+02;-4.9980059e-02;2.2750000e+02;-9.3429253e-02;2.2750000e+02;-1.3666581e-01;2.2750000e+02;-1.7817137e-01;2.2750000e+02;-8.4671922e-02;2.2750000e+02;-7.6973870e-02;2.2750000e+02;-4.5606133e-02;2.2750000e+02;5.1048510e-03;2.2750000e+02;6.1321210e-02;2.2750000e+02;1.2712774e-01;2.2750000e+02;1.8568952e-01;2.2750000e+02;2.1455410e-01;2.2750000e+02;2.0225102e-01;2.2750000e+02;2.0866074e-01;2.2750000e+02;1.5718018e-01;2.2750000e+02;9.6042514e-02;2.2750000e+02;4.2059526e-02;2.2750000e+02;-5.8471113e-03;2.2750000e+02;-4.9980059e-02;2.2750000e+02;-9.3429253e-02;2.2750000e+02;-1.3666581e-01;2.2750000e+02;-1.7817137e-01;2.2750000e+02;-8.4671922e-02;2.2750000e+02;-7.6973870e-02;2.2750000e+02;-4.5606133e-02;2.2750000e+02;5.1048510e-03;2.2750000e+02;6.1321210e-02;2.2750000e+02;1.2712774e-01;2.2750000e+02;1.8568952e-01;2.2750000e+02;2.1455410e-01;2.2750000e+02;2.0225102e-01;2.2750000e+02;2.0866074e-01;2.2750000e+02;1.5718018e-01;2.2750000e+02;9.6042514e-02;2.2750000e+02;4.2059526e-02;2.2750000e+02;-5.8471113e-03;2.2750000e+02;-4.9980059e-02;2.2750000e+02;-9.3429253e-02;2.2750000e+02;-1.3666581e-01;2.2750000e+02;-1.7817137e-01;2.2750000e+02;-8.4671922e-02;2.2750000e+02;-7.6973870e-02;2.2750000e+02;-4.5606133e-02;2.2750000e+02;5.1048510e-03;2.2750000e+02;6.1321210e-02;2.2750000e+02;1.2712774e-01;2.2750000e+02;1.8568952e-01;2.2750000e+02;2.1455410e-01;2.2750000e+02;2.0225102e-01;2.2750000e+02;2.0866074e-01;2.2750000e+02;1.5718018e-01;2.2750000e+02;9.6042514e-02;2.2750000e+02;4.2059526e-02;2.2750000e+02;-5.8471113e-03;2.2750000e+02;-4.9980059e-02;2.2750000e+02;-9.3429253e-02;2.2750000e+02;-1.3666581e-01;2.2750000e+02;-1.7817137e-01;2.2750000e+02;-8.4671922e-02;2.2750000e+02;-7.6973870e-02;2.2750000e+02;-4.5606133e-02;2.2750000e+02;5.1048510e-03;2.2750000e+02;6.1321210e-02;2.2750000e+02;1.2712774e-01;2.2750000e+02;1.8568952e-01;2.2750000e+02;2.1455410e-01;2.2750000e+02;2.0225102e-01;2.2750000e+02;2.0866074e-01;2.2750000e+02;1.5718018e-01;2.2750000e+02;9.6042514e-02;2.2750000e+02;4.2059526e-02;2.2750000e+02;-5.8471113e-03;2.2750000e+02;-4.9980059e-02;2.2750000e+02;-9.3429253e-02;2.2750000e+02;-1.3666581e-01;2.2750000e+02;-1.7817137e-01;2.2750000e+02;-8.4671922e-02;2.2750000e+02;-7.6973870e-02;2.2750000e+02;-4.5606133e-02;2.2750000e+02;5.1048510e-03;2.2750000e+02;6.1321210e-02;2.2750000e+02;1.2712774e-01;2.2750000e+02;1.8568952e-01;2.2750000e+02;2.1455410e-01;2.2750000e+02;2.0225102e-01;2.2750000e+02;2.0866074e-01;2.2750000e+02;1.5718018e-01;2.2750000e+02;9.6042514e-02;2.2750000e+02;4.2059526e-02;2.2750000e+02;-5.8471113e-03;2.2750000e+02;-4.9980059e-02;2.2750000e+02;-9.3429253e-02;2.2750000e+02;-1.3666581e-01;2.2750000e+02;-1.7817137e-01;2.2750000e+02;-8.4671922e-02;2.2750000e+02;-7.6973870e-02;2.2750000e+02;-4.5606133e-02;2.2750000e+02;5.1048510e-03;2.2750000e+02;6.1321210e-02;2.2750000e+02;1.2712774e-01;2.2750000e+02;1.8568952e-01;2.2750000e+02;2.1455410e-01;2.2750000e+02;2.0225102e-01;2.2750000e+02;2.0866074e-01;2.2750000e+02;1.5718018e-01;2.2750000e+02;9.6042514e-02;2.2750000e+02;4.2059526e-02;2.2750000e+02;-5.8471113e-03;2.2750000e+02;-4.9980059e-02;2.2750000e+02;-9.3429253e-02;2.2750000e+02;-1.3666581e-01;2.2750000e+02;-1.7817137e-01;2.2750000e+02;-8.4671922e-02;2.2750000e+02;-7.6973870e-02;2.2750000e+02;-4.5606133e-02;2.2750000e+02;5.1048510e-03;2.2750000e+02;6.1321210e-02;2.2750000e+02;1.2712774e-01;2.2750000e+02;1.8568952e-01;2.2750000e+02;2.1455410e-01;2.2750000e+02;2.0225102e-01;2.2750000e+02;2.0866074e-01;2.2750000e+02;1.5718018e-01;2.2750000e+02;9.6042514e-02;2.2750000e+02;4.2059526e-02;2.2750000e+02;-5.8471113e-03;2.2750000e+02;-4.9980059e-02;2.2750000e+02;-9.3429253e-02;2.2750000e+02;-1.3666581e-01;2.2750000e+02;-1.7817137e-01;2.2750000e+02;-8.4671922e-02;2.2750000e+02;-7.6973870e-02;2.2750000e+02;-4.5606133e-02;2.2750000e+02;5.1048510e-03;2.2750000e+02;6.1321210e-02;2.2750000e+02;1.2712774e-01;2.2750000e+02;1.8568952e-01;2.2750000e+02;2.1455410e-01;2.2750000e+02;2.0225102e-01;2.2750000e+02;2.0866074e-01;2.2750000e+02;1.5718018e-01;2.2750000e+02;9.6042514e-02;2.2750000e+02;4.2059526e-02;2.2750000e+02;-5.8471113e-03;2.2750000e+02;-4.9980059e-02;2.2750000e+02;-9.3429253e-02;2.2750000e+02;-1.3666581e-01;2.2750000e+02;-1.7817137e-01;2.2750000e+02;-8.4671922e-02;2.2750000e+02;-7.6973870e-02;2.2750000e+02;-4.5606133e-02;2.2750000e+02;5.1048510e-03;2.2750000e+02;6.1321210e-02;2.2750000e+02;1.2712774e-01;2.2750000e+02;1.8568952e-01;2.2750000e+02;2.1455410e-01;2.2750000e+02;2.0225102e-01;2.2750000e+02;2.0866074e-01;2.2750000e+02;1.5718018e-01;2.2750000e+02;9.6042514e-02;2.2750000e+02;4.2059526e-02;2.2750000e+02;-5.8471113e-03;2.2750000e+02;-4.9980059e-02;2.2750000e+02;-9.3429253e-02;2.2750000e+02;-1.3666581e-01;2.2750000e+02;-1.7817137e-01;2.2750000e+02;-8.4671922e-02;2.2750000e+02;-7.6973870e-02;2.2750000e+02;-4.5606133e-02;2.2750000e+02;5.1048510e-03;2.2750000e+02;6.1321210e-02;2.2750000e+02;1.2712774e-01;2.2750000e+02;1.8568952e-01;2.2750000e+02;2.1455410e-01;2.2750000e+02;2.0225102e-01;2.2750000e+02;2.0866074e-01;2.2750000e+02;1.5718018e-01;2.2750000e+02;9.6042514e-02;2.2750000e+02;4.2059526e-02;2.2750000e+02;-5.8471113e-03;2.2750000e+02;-4.9980059e-02;2.2750000e+02;-9.3429253e-02;2.2750000e+02;-1.3666581e-01;2.2750000e+02;-1.7817137e-01;2.2750000e+02;-8.4671922e-02;2.2750000e+02;-7.6973870e-02;2.2750000e+02;-4.5606133e-02;2.2750000e+02;5.1048510e-03;2.2750000e+02;6.1321210e-02;2.2750000e+02;1.2712774e-01;2.2750000e+02;1.8568952e-01;2.2750000e+02;2.1455410e-01;2.2750000e+02;2.0225102e-01;2.2750000e+02;2.0866074e-01;2.2750000e+02;1.5718018e-01;2.2750000e+02;9.6042514e-02;2.2750000e+02;4.2059526e-02;2.2750000e+02;-5.8471113e-03;2.2750000e+02;-4.9980059e-02;2.2750000e+02;-9.3429253e-02;2.2750000e+02;-1.3666581e-01;2.2750000e+02;-1.7817137e-01;2.2750000e+02;-8.4671922e-02;2.2750000e+02;-7.6973870e-02;2.2750000e+02;-4.5606133e-02;2.2750000e+02;5.1048510e-03;2.2750000e+02;6.1321210e-02;2.2750000e+02;1.2712774e-01;2.2750000e+02;1.8568952e-01;2.2750000e+02;2.1455410e-01;2.2750000e+02;2.0225102e-01;2.2750000e+02;2.0866074e-01;2.2750000e+02;1.5718018e-01;2.2750000e+02;9.6042514e-02;2.2750000e+02;4.2059526e-02;2.2750000e+02;-5.8471113e-03;2.2750000e+02;-4.9980059e-02;2.2750000e+02;-9.3429253e-02;2.2750000e+02;-1.3666581e-01;2.2750000e+02;-1.7817137e-01;2.2750000e+02;-8.4671922e-02;2.2750000e+02;-7.6973870e-02;2.2750000e+02;-4.5606133e-02;2.2750000e+02;5.1048510e-03;2.2750000e+02;6.1321210e-02;2.2750000e+02;1.2712774e-01;2.2750000e+02;1.8568952e-01;2.2750000e+02;2.1455410e-01;2.2750000e+02;2.0225102e-01;2.2750000e+02;2.0866074e-01;2.2750000e+02;1.5718018e-01;2.2750000e+02;9.6042514e-02;2.2750000e+02;4.2059526e-02;2.2750000e+02;-5.8471113e-03;2.2750000e+02;-4.9980059e-02;2.2750000e+02;-9.3429253e-02;2.2750000e+02;-1.3666581e-01;2.2750000e+02;-1.7817137e-01;2.2750000e+02;-8.4671922e-02;2.2750000e+02;-7.6973870e-02;2.2750000e+02;-4.5606133e-02;2.2750000e+02;5.1048510e-03;2.2750000e+02;6.1321210e-02;2.2750000e+02;1.2712774e-01;2.2750000e+02;1.8568952e-01;2.2750000e+02;2.1455410e-01;2.2750000e+02;2.0225102e-01;2.2750000e+02;2.0866074e-01;2.2750000e+02;1.5718018e-01;2.2750000e+02;9.6042514e-02;2.2750000e+02;4.2059526e-02;2.2750000e+02;-5.8471113e-03;2.2750000e+02;-4.9980059e-02;2.2750000e+02;-9.3429253e-02;2.2750000e+02;-1.3666581e-01;2.2750000e+02;-1.7817137e-01;2.2750000e+02;-8.4671922e-02;2.2750000e+02;-7.6973870e-02;2.2750000e+02;-4.5606133e-02;2.2750000e+02;5.1048510e-03;2.2750000e+02;6.1321210e-02;2.2750000e+02;1.2712774e-01;2.2750000e+02;1.8568952e-01;2.2750000e+02;2.1455410e-01;2.2750000e+02;2.0225102e-01;2.2750000e+02;2.0866074e-01;2.2750000e+02;1.5718018e-01;2.2750000e+02;9.6042514e-02;2.2750000e+02;4.2059526e-02;2.2750000e+02;-5.8471113e-03;2.2750000e+02;-4.9980059e-02;2.2750000e+02;-9.3429253e-02;2.2750000e+02;-1.3666581e-01;2.2750000e+02;-1.7817137e-01;2.2750000e+02;-8.4671922e-02;2.2750000e+02;-7.6973870e-02;2.2750000e+02;-4.5606133e-02;2.2750000e+02;5.1048510e-03;2.2750000e+02;6.1321210e-02;2.2750000e+02;1.2712774e-01;2.2750000e+02;1.8568952e-01;2.2750000e+02;2.1455410e-01;2.2750000e+02;2.0225102e-01;2.2750000e+02;2.0866074e-01;2.2750000e+02;1.5718018e-01;2.2750000e+02;9.6042514e-02;2.2750000e+02;4.2059526e-02;2.2750000e+02;-5.8471113e-03;2.2750000e+02;-4.9980059e-02;2.2750000e+02;-9.3429253e-02;2.2750000e+02;-1.3666581e-01;2.2750000e+02;-1.7817137e-01;2.2750000e+02;-8.4671922e-02;2.2750000e+02;-7.6973870e-02;2.2750000e+02;-4.5606133e-02;2.2750000e+02;5.1048510e-03;2.2750000e+02;6.1321210e-02;2.2750000e+02;1.2712774e-01;2.2750000e+02;1.8568952e-01;2.2750000e+02;2.1455410e-01;2.2750000e+02;2.0225102e-01;2.2750000e+02;2.0866074e-01;2.2750000e+02;1.5718018e-01;2.2750000e+02;9.6042514e-02;2.2750000e+02;4.2059526e-02;2.2750000e+02;-5.8471113e-03;2.2750000e+02;-4.9980059e-02;2.2750000e+02;-9.3429253e-02;2.2750000e+02;-1.3666581e-01;2.2750000e+02;-1.7817137e-01;2.2750000e+02;-8.4671922e-02;2.2750000e+02;-7.6973870e-02;2.2750000e+02;-4.5606133e-02;2.2750000e+02;5.1048510e-03;2.2750000e+02;6.1321210e-02;2.2750000e+02;1.2712774e-01;2.2750000e+02;1.8568952e-01;2.2750000e+02;2.1455410e-01;2.2750000e+02;2.0225102e-01;2.2750000e+02;2.0866074e-01;2.2750000e+02;1.5718018e-01;2.2750000e+02;9.6042514e-02;2.2750000e+02;4.2059526e-02;2.2750000e+02;-5.8471113e-03;2.2750000e+02;-4.9980059e-02;2.2750000e+02;-9.3429253e-02;2.2750000e+02;-1.3666581e-01;2.2750000e+02;-1.7817137e-01;2.2750000e+02;-8.4671922e-02;2.2750000e+02;-7.6973870e-02;2.2750000e+02;-4.5606133e-02;2.2750000e+02;5.1048510e-03;2.2750000e+02;6.1321210e-02;2.2750000e+02;1.2712774e-01;2.2750000e+02;1.8568952e-01;2.2750000e+02;2.1455410e-01;2.2750000e+02;2.0225102e-01;2.2750000e+02;2.0866074e-01;2.2750000e+02;1.5718018e-01;2.2750000e+02;9.6042514e-02;2.2750000e+02;4.2059526e-02;2.2750000e+02;-5.8471113e-03;2.2750000e+02;-4.9980059e-02;2.2750000e+02;-9.3429253e-02;2.2750000e+02;-1.3666581e-01;2.2750000e+02;-1.7817137e-01;2.2750000e+02;-8.4671922e-02;2.2750000e+02;-7.6973870e-02;2.2750000e+02;-4.5606133e-02;2.2750000e+02;5.1048510e-03;2.2750000e+02;6.1321210e-02;2.2750000e+02;1.2712774e-01;2.2750000e+02;1.8568952e-01;2.2750000e+02;2.1455410e-01;2.2750000e+02;2.0225102e-01;2.2750000e+02;2.0866074e-01;2.2750000e+02;1.5718018e-01;2.2750000e+02;9.6042514e-02;2.2750000e+02;4.2059526e-02;2.2750000e+02;-5.8471113e-03;2.2750000e+02;-4.9980059e-02;2.2750000e+02;-9.3429253e-02;2.2750000e+02;-1.3666581e-01;2.2750000e+02;-1.7817137e-01;2.2750000e+02;-8.4671922e-02;2.2750000e+02;-7.6973870e-02;2.2750000e+02;-4.5606133e-02;2.2750000e+02;5.1048510e-03;2.2750000e+02;6.1321210e-02;2.2750000e+02;1.2712774e-01;2.2750000e+02;1.8568952e-01;2.2750000e+02;2.1455410e-01;2.2750000e+02;2.0225102e-01;2.2750000e+02;2.0866074e-01;2.2750000e+02;1.5718018e-01;2.2750000e+02;9.6042514e-02;2.2750000e+02;4.2059526e-02;2.2750000e+02;-5.8471113e-03;2.2750000e+02;-4.9980059e-02;2.2750000e+02;-9.3429253e-02;2.2750000e+02;-1.3666581e-01;2.2750000e+02;-1.7817137e-01;2.2750000e+02;-8.4671922e-02;2.2750000e+02;-7.6973870e-02;2.2750000e+02;-4.5606133e-02;2.2750000e+02;5.1048510e-03;2.2750000e+02;6.1321210e-02;2.2750000e+02;1.2712774e-01;2.2750000e+02;1.8568952e-01;2.2750000e+02;2.1455410e-01;2.2750000e+02;2.0225102e-01;2.2750000e+02;2.0866074e-01;2.2750000e+02;1.5718018e-01;2.2750000e+02;9.6042514e-02;2.2750000e+02;4.2059526e-02;2.2750000e+02;-5.8471113e-03;2.2750000e+02;-4.9980059e-02;2.2750000e+02;-9.3429253e-02;2.2750000e+02;-1.3666581e-01;2.2750000e+02;-1.7817137e-01;2.2750000e+02;-8.4671922e-02;2.2750000e+02;-7.6973870e-02;2.2750000e+02;-4.5606133e-02;2.2750000e+02;5.1048510e-03;2.2750000e+02;6.1321210e-02;2.2750000e+02;1.2712774e-01;2.2750000e+02;1.8568952e-01;2.2750000e+02;2.1455410e-01;2.2750000e+02;2.0225102e-01;2.2750000e+02;2.0866074e-01;2.2750000e+02;1.5718018e-01;2.2750000e+02;9.6042514e-02;2.2750000e+02;4.2059526e-02;2.2750000e+02;-5.8471113e-03;2.2750000e+02;-4.9980059e-02;2.2750000e+02;-9.3429253e-02;2.2750000e+02;-1.3666581e-01;2.2750000e+02;-1.7817137e-01;2.2750000e+02;-8.4671922e-02;2.2750000e+02;-7.6973870e-02;2.2750000e+02;-4.5606133e-02;2.2750000e+02;5.1048510e-03;2.2750000e+02;6.1321210e-02;2.2750000e+02;1.2712774e-01;2.2750000e+02;1.8568952e-01;2.2750000e+02;2.1455410e-01;2.2750000e+02;2.0225102e-01;2.2750000e+02;2.0866074e-01;2.2750000e+02;1.5718018e-01;2.2750000e+02;9.6042514e-02;2.2750000e+02;4.2059526e-02;2.2750000e+02;-5.8471113e-03;2.2750000e+02;-4.9980059e-02;2.2750000e+02;-9.3429253e-02;2.2750000e+02;-1.3666581e-01;2.2750000e+02;-1.7817137e-01;2.2750000e+02;-8.4671922e-02;2.2750000e+02;-7.6973870e-02;2.2750000e+02;-4.5606133e-02;2.2750000e+02;5.1048510e-03;2.2750000e+02;6.1321210e-02;2.2750000e+02;1.2712774e-01;2.2750000e+02;1.8568952e-01;2.2750000e+02;2.1455410e-01;2.2750000e+02;2.0225102e-01;2.2750000e+02;2.0866074e-01;2.2750000e+02;1.5718018e-01;2.2750000e+02;9.6042514e-02;2.2750000e+02;4.2059526e-02;2.2750000e+02;-5.8471113e-03;2.2750000e+02;-4.9980059e-02;2.2750000e+02;-9.3429253e-02;2.2750000e+02;-1.3666581e-01;2.2750000e+02;-1.7817137e-01;2.2750000e+02;-8.4671922e-02;2.2750000e+02;-7.6973870e-02;2.2750000e+02;-4.5606133e-02;2.2750000e+02;5.1048510e-03;2.2750000e+02;6.1321210e-02;2.2750000e+02;1.2712774e-01;2.2750000e+02;1.8568952e-01;2.2750000e+02;2.1455410e-01;2.2750000e+02;2.0225102e-01;2.2750000e+02;2.0866074e-01;2.2750000e+02;1.5718018e-01;2.2750000e+02;9.6042514e-02;2.2750000e+02;4.2059526e-02;2.2750000e+02;-5.8471113e-03;2.2750000e+02;-4.9980059e-02;2.2750000e+02;-9.3429253e-02;2.2750000e+02;-1.3666581e-01;2.2750000e+02;-1.7817137e-01;2.2750000e+02;-8.4671922e-02;2.2750000e+02;-7.6973870e-02;2.2750000e+02;-4.5606133e-02;2.2750000e+02;5.1048510e-03;2.2750000e+02;6.1321210e-02;2.2750000e+02;1.2712774e-01;2.2750000e+02;1.8568952e-01;2.2750000e+02;2.1455410e-01;2.2750000e+02;2.0225102e-01;2.2750000e+02;2.0866074e-01;2.2750000e+02;1.5718018e-01;2.2750000e+02;9.6042514e-02;2.2750000e+02;4.2059526e-02;2.2750000e+02;-5.8471113e-03;2.2750000e+02;-4.9980059e-02;2.2750000e+02;-9.3429253e-02;2.2750000e+02;-1.3666581e-01;2.2750000e+02;-1.7817137e-01;2.2750000e+02;-8.4671922e-02;2.2750000e+02;-7.6973870e-02;2.2750000e+02;-4.5606133e-02;2.2750000e+02;5.1048510e-03;2.2750000e+02;6.1321210e-02;2.2750000e+02;1.2712774e-01;2.2750000e+02;1.8568952e-01;2.2750000e+02;2.1455410e-01;2.2750000e+02;2.0225102e-01;2.2750000e+02;2.0866074e-01;2.2750000e+02;1.5718018e-01;2.2750000e+02;9.6042514e-02;2.2750000e+02;4.2059526e-02;2.2750000e+02;-5.8471113e-03;2.2750000e+02;-4.9980059e-02;2.2750000e+02;-9.3429253e-02;2.2750000e+02;-1.3666581e-01;2.2750000e+02;-1.7817137e-01;2.2750000e+02;-8.4671922e-02;2.2750000e+02;-7.6973870e-02;2.2750000e+02;-4.5606133e-02;2.2750000e+02;5.1048510e-03;2.2750000e+02;6.1321210e-02;2.2750000e+02;1.2712774e-01;2.2750000e+02;1.8568952e-01;2.2750000e+02;2.1455410e-01;2.2750000e+02;2.0225102e-01;2.2750000e+02;2.0866074e-01;2.2750000e+02;1.5718018e-01;2.2750000e+02;9.6042514e-02;2.2750000e+02;4.2059526e-02;2.2750000e+02;-5.8471113e-03;2.2750000e+02;-4.9980059e-02;2.2750000e+02;-9.3429253e-02;2.2750000e+02;-1.3666581e-01;2.2750000e+02;-1.7817137e-01;2.2750000e+02;-8.4671922e-02;2.2750000e+02;-7.6973870e-02;2.2750000e+02;-4.5606133e-02;2.2750000e+02;5.1048510e-03;2.2750000e+02;6.1321210e-02;2.2750000e+02;1.2712774e-01;2.2750000e+02;1.8568952e-01;2.2750000e+02;2.1455410e-01;2.2750000e+02;2.0225102e-01;2.2750000e+02;2.0866074e-01;2.2750000e+02;1.5718018e-01;2.2750000e+02;9.6042514e-02;2.2750000e+02;4.2059526e-02;2.2750000e+02;-5.8471113e-03;2.2750000e+02;-4.9980059e-02;2.2750000e+02;-9.3429253e-02;2.2750000e+02;-1.3666581e-01;2.2750000e+02;-1.7817137e-01;2.2750000e+02;-8.4671922e-02;2.2750000e+02;-7.6973870e-02;2.2750000e+02;-4.5606133e-02;2.2750000e+02;5.1048510e-03;2.2750000e+02;6.1321210e-02;2.2750000e+02;1.2712774e-01;2.2750000e+02;1.8568952e-01;2.2750000e+02;2.1455410e-01;2.2750000e+02;2.0225102e-01;2.2750000e+02;2.0866074e-01;2.2750000e+02;1.5718018e-01;2.2750000e+02;9.6042514e-02;2.2750000e+02;4.2059526e-02;2.2750000e+02;-5.8471113e-03;2.2750000e+02;-4.9980059e-02;2.2750000e+02;-9.3429253e-02;2.2750000e+02;-1.3666581e-01;2.2750000e+02;-1.7817137e-01;2.2750000e+02;-8.4671922e-02;2.2750000e+02;-7.6973870e-02;2.2750000e+02;-4.5606133e-02;2.2750000e+02;5.1048510e-03;2.2750000e+02;6.1321210e-02;2.2750000e+02;1.2712774e-01;2.2750000e+02;1.8568952e-01;2.2750000e+02;2.1455410e-01;2.2750000e+02;2.0225102e-01;2.2750000e+02;2.0866074e-01;2.2750000e+02;1.5718018e-01;2.2750000e+02;9.6042514e-02;2.2750000e+02;4.2059526e-02;2.2750000e+02;-5.8471113e-03;2.2750000e+02;-4.9980059e-02;2.2750000e+02;-9.3429253e-02;2.2750000e+02;-1.3666581e-01;2.2750000e+02;-1.7817137e-01;2.2750000e+02;-8.4671922e-02;2.2750000e+02;-7.6973870e-02;2.2750000e+02;-4.5606133e-02;2.2750000e+02;5.1048510e-03;2.2750000e+02;6.1321210e-02;2.2750000e+02;1.2712774e-01;2.2750000e+02;1.8568952e-01;2.2750000e+02;2.1455410e-01;2.2750000e+02;2.0225102e-01;2.2750000e+02;2.0866074e-01;2.2750000e+02;1.5718018e-01;2.2750000e+02;9.6042514e-02;2.2750000e+02;4.2059526e-02;2.2750000e+02;-5.8471113e-03;2.2750000e+02;-4.9980059e-02;2.2750000e+02;-9.3429253e-02;2.2750000e+02;-1.3666581e-01;2.2750000e+02;-1.7817137e-01;2.2750000e+02;-8.4671922e-02;2.2750000e+02;-7.6973870e-02;2.2750000e+02;-4.5606133e-02;2.2750000e+02;5.1048510e-03;2.2750000e+02;6.1321210e-02;2.2750000e+02;1.2712774e-01;2.2750000e+02;1.8568952e-01;2.2750000e+02;2.1455410e-01;2.2750000e+02;2.0225102e-01;2.2750000e+02;2.0866074e-01;2.2750000e+02;1.5718018e-01;2.2750000e+02;9.6042514e-02;2.2750000e+02;4.2059526e-02;2.2750000e+02;-5.8471113e-03;2.2750000e+02;-4.9980059e-02;2.2750000e+02;-9.3429253e-02;2.2750000e+02;-1.3666581e-01;2.2750000e+02;-1.7817137e-01;2.2750000e+02;-8.4671922e-02;2.2750000e+02;-7.6973870e-02;2.2750000e+02;-4.5606133e-02;2.2750000e+02;5.1048510e-03;2.2750000e+02;6.1321210e-02;2.2750000e+02;1.2712774e-01;2.2750000e+02;1.8568952e-01;2.2750000e+02;2.1455410e-01;2.2750000e+02;2.0225102e-01;2.2750000e+02;2.0866074e-01;2.2750000e+02;1.5718018e-01;2.2750000e+02;9.6042514e-02;2.2750000e+02;4.2059526e-02;2.2750000e+02;-5.8471113e-03;2.2750000e+02;-4.9980059e-02;2.2750000e+02;-9.3429253e-02;2.2750000e+02;-1.3666581e-01;2.2750000e+02;-1.7817137e-01;2.2750000e+02;-8.4671922e-02;2.2750000e+02;-7.6973870e-02;2.2750000e+02;-4.5606133e-02;2.2750000e+02;5.1048510e-03;2.2750000e+02;6.1321210e-02;2.2750000e+02;1.2712774e-01;2.2750000e+02;1.8568952e-01;2.2750000e+02;2.1455410e-01;2.2750000e+02;2.0225102e-01;2.2750000e+02;2.0866074e-01;2.2750000e+02;1.5718018e-01;2.2750000e+02;9.6042514e-02;2.2750000e+02;4.2059526e-02;2.2750000e+02;-5.8471113e-03;2.2750000e+02;-4.9980059e-02;2.2750000e+02;-9.3429253e-02;2.2750000e+02;-1.3666581e-01;2.2750000e+02;-1.7817137e-01;2.2750000e+02;-8.4671922e-02;2.2750000e+02;-7.6973870e-02;2.2750000e+02;-4.5606133e-02;2.2750000e+02;5.1048510e-03;2.2750000e+02;6.1321210e-02;2.2750000e+02;1.2712774e-01;2.2750000e+02;1.8568952e-01;2.2750000e+02;2.1455410e-01;2.2750000e+02;2.0225102e-01;2.2750000e+02;2.0866074e-01;2.2750000e+02;1.5718018e-01;2.2750000e+02;9.6042514e-02;2.2750000e+02;4.2059526e-02;2.2750000e+02;-5.8471113e-03;2.2750000e+02;-4.9980059e-02;2.2750000e+02;-9.3429253e-02;2.2750000e+02;-1.3666581e-01;2.2750000e+02;-1.7817137e-01;2.2750000e+02;-8.4671922e-02;2.2750000e+02;-7.6973870e-02;2.2750000e+02;-4.5606133e-02;2.2750000e+02;5.1048510e-03;2.2750000e+02;6.1321210e-02;2.2750000e+02;1.2712774e-01;2.2750000e+02;1.8568952e-01;2.2750000e+02;2.1455410e-01;2.2750000e+02;2.0225102e-01;2.2750000e+02;2.0866074e-01;2.2750000e+02;1.5718018e-01;2.2750000e+02;9.6042514e-02;2.2750000e+02;4.2059526e-02;2.2750000e+02;-5.8471113e-03;2.2750000e+02;-4.9980059e-02;2.2750000e+02;-9.3429253e-02;2.2750000e+02;-1.3666581e-01;2.2750000e+02;-1.7817137e-01;2.2750000e+02;-8.4671922e-02;2.2750000e+02;-7.6973870e-02;2.2750000e+02;-4.5606133e-02;2.2750000e+02;5.1048510e-03;2.2750000e+02;6.1321210e-02;2.2750000e+02;1.2712774e-01;2.2750000e+02;1.8568952e-01;2.2750000e+02;2.1455410e-01;2.2750000e+02;2.0225102e-01;2.2750000e+02;2.0866074e-01;2.2750000e+02;1.5718018e-01;2.2750000e+02;9.6042514e-02;2.2750000e+02;4.2059526e-02;2.2750000e+02;-5.8471113e-03;2.2750000e+02;-4.9980059e-02;2.2750000e+02;-9.3429253e-02;2.2750000e+02;-1.3666581e-01;2.2750000e+02;-1.7817137e-01;2.2750000e+02;-8.4671922e-02;2.2750000e+02;-7.6973870e-02;2.2750000e+02;-4.5606133e-02;2.2750000e+02;5.1048510e-03;2.2750000e+02;6.1321210e-02;2.2750000e+02;1.2712774e-01;2.2750000e+02;1.8568952e-01;2.2750000e+02;2.1455410e-01;2.2750000e+02;2.0225102e-01;2.2750000e+02;2.0866074e-01;2.2750000e+02;1.5718018e-01;2.2750000e+02;9.6042514e-02;2.2750000e+02;4.2059526e-02;2.2750000e+02;-5.8471113e-03;2.2750000e+02;-4.9980059e-02;2.2750000e+02;-9.3429253e-02;2.2750000e+02;-1.3666581e-01;2.2750000e+02;-1.7817137e-01;2.2750000e+02;-8.4671922e-02;2.2750000e+02;-7.6973870e-02;2.2750000e+02;-4.5606133e-02;2.2750000e+02;5.1048510e-03;2.2750000e+02;6.1321210e-02;2.2750000e+02;1.2712774e-01;2.2750000e+02;1.8568952e-01;2.2750000e+02;2.1455410e-01;2.2750000e+02;2.0225102e-01;2.2750000e+02;2.0866074e-01;2.2750000e+02;1.5718018e-01;2.2750000e+02;9.6042514e-02;2.2750000e+02;4.2059526e-02;2.2750000e+02;-5.8471113e-03;2.2750000e+02;-4.9980059e-02;2.2750000e+02;-9.3429253e-02;2.2750000e+02;-1.3666581e-01;2.2750000e+02;-1.7817137e-01;2.2750000e+02;-8.4671922e-02;2.2750000e+02;-7.6973870e-02;2.2750000e+02;-4.5606133e-02;2.2750000e+02;5.1048510e-03;2.2750000e+02;6.1321210e-02;2.2750000e+02;1.2712774e-01;2.2750000e+02;1.8568952e-01;2.2750000e+02;2.1455410e-01;2.2750000e+02;2.0225102e-01;2.2750000e+02;2.0866074e-01;2.2750000e+02;1.5718018e-01;2.2750000e+02;9.6042514e-02;2.2750000e+02;4.2059526e-02;2.2750000e+02;-5.8471113e-03;2.2750000e+02;-4.9980059e-02;2.2750000e+02;-9.3429253e-02;2.2750000e+02;-1.3666581e-01;2.2750000e+02;-1.7817137e-01;2.2750000e+02;-8.4671922e-02;2.2750000e+02;-7.6973870e-02;2.2750000e+02;-4.5606133e-02;2.2750000e+02;5.1048510e-03;2.2750000e+02;6.1321210e-02;2.2750000e+02;1.2712774e-01;2.2750000e+02;1.8568952e-01;2.2750000e+02;2.1455410e-01;2.2750000e+02;2.0225102e-01;2.2750000e+02;2.0866074e-01;2.2750000e+02;1.5718018e-01;2.2750000e+02;9.6042514e-02;2.2750000e+02;4.2059526e-02;2.2750000e+02;-5.8471113e-03;2.2750000e+02;-4.9980059e-02;2.2750000e+02;-9.3429253e-02;2.2750000e+02;-1.3666581e-01;2.2750000e+02;-1.7817137e-01;2.2750000e+02;-8.4671922e-02;2.2750000e+02;-7.6973870e-02;2.2750000e+02;-4.5606133e-02;2.2750000e+02;5.1048510e-03;2.2750000e+02;6.1321210e-02;2.2750000e+02;1.2712774e-01;2.2750000e+02;1.8568952e-01;2.2750000e+02;2.1455410e-01;2.2750000e+02;2.0225102e-01;2.2750000e+02;2.0866074e-01;2.2750000e+02;1.5718018e-01;2.2750000e+02;9.6042514e-02;2.2750000e+02;4.2059526e-02;2.2750000e+02;-5.8471113e-03;2.2750000e+02;-4.9980059e-02;2.2750000e+02;-9.3429253e-02;2.2750000e+02;-1.3666581e-01;2.2750000e+02;-1.7817137e-01;2.2750000e+02;-8.4671922e-02;2.2750000e+02;-7.6973870e-02;2.2750000e+02;-4.5606133e-02;2.2750000e+02;5.1048510e-03;2.2750000e+02;6.1321210e-02;2.2750000e+02;1.2712774e-01;2.2750000e+02;1.8568952e-01;2.2750000e+02;2.1455410e-01;2.2750000e+02;2.0225102e-01;2.2750000e+02;2.0866074e-01;2.2750000e+02;1.5718018e-01;2.2750000e+02;9.6042514e-02;2.2750000e+02;4.2059526e-02;2.2750000e+02;-5.8471113e-03;2.2750000e+02;-4.9980059e-02;2.2750000e+02;-9.3429253e-02;2.2750000e+02;-1.3666581e-01;2.2750000e+02;-1.7817137e-01;2.2750000e+02;-8.4671922e-02;2.2750000e+02;-7.6973870e-02;2.2750000e+02;-4.5606133e-02;2.2750000e+02;5.1048510e-03;2.2750000e+02;6.1321210e-02;2.2750000e+02;1.2712774e-01;2.2750000e+02;1.8568952e-01;2.2750000e+02;2.1455410e-01;2.2750000e+02;2.0225102e-01;2.2750000e+02;2.0866074e-01;2.2750000e+02;1.5718018e-01;2.2750000e+02;9.6042514e-02;2.2750000e+02;4.2059526e-02;2.2750000e+02;-5.8471113e-03;2.2750000e+02;-4.9980059e-02;2.2750000e+02;-9.3429253e-02;2.2750000e+02;-1.3666581e-01;2.2750000e+02;-1.7817137e-01;2.2750000e+02;-8.4671922e-02;2.2750000e+02;-7.6973870e-02;2.2750000e+02;-4.5606133e-02;2.2750000e+02;5.1048510e-03;2.2750000e+02;6.1321210e-02;2.2750000e+02;1.2712774e-01;2.2750000e+02;1.8568952e-01;2.2750000e+02;2.1455410e-01;2.2750000e+02;2.0225102e-01;2.2750000e+02;2.0866074e-01;2.2750000e+02;1.5718018e-01;2.2750000e+02;9.6042514e-02;2.2750000e+02;4.2059526e-02;2.2750000e+02;-5.8471113e-03;2.2750000e+02;-4.9980059e-02;2.2750000e+02;-9.3429253e-02;2.2750000e+02;-1.3666581e-01;2.2750000e+02;-1.7817137e-01;2.2750000e+02;-8.4671922e-02;2.2750000e+02;-7.6973870e-02;2.2750000e+02;-4.5606133e-02;2.2750000e+02;5.1048510e-03;2.2750000e+02;6.1321210e-02;2.2750000e+02;1.2712774e-01;2.2750000e+02;1.8568952e-01;2.2750000e+02;2.1455410e-01;2.2750000e+02;2.0225102e-01;2.2750000e+02;2.0866074e-01;2.2750000e+02;1.5718018e-01;2.2750000e+02;9.6042514e-02;2.2750000e+02;4.2059526e-02;2.2750000e+02;-5.8471113e-03;2.2750000e+02;-4.9980059e-02;2.2750000e+02;-9.3429253e-02;2.2750000e+02;-1.3666581e-01;2.2750000e+02;-1.7817137e-01;2.2750000e+02;-8.4671922e-02;2.2750000e+02;-7.6973870e-02;2.2750000e+02;-4.5606133e-02;2.2750000e+02;5.1048510e-03;2.2750000e+02;6.1321210e-02;2.2750000e+02;1.2712774e-01;2.2750000e+02;1.8568952e-01;2.2750000e+02;2.1455410e-01;2.2750000e+02;2.0225102e-01;2.2750000e+02;2.0866074e-01;2.2750000e+02;1.5718018e-01;2.2750000e+02;9.6042514e-02;2.2750000e+02;4.2059526e-02;2.2750000e+02;-5.8471113e-03;2.2750000e+02;-4.9980059e-02;2.2750000e+02;-9.3429253e-02;2.2750000e+02;-1.3666581e-01;2.2750000e+02;-1.7817137e-01;2.2750000e+02;-8.4671922e-02;2.2750000e+02;-7.6973870e-02;2.2750000e+02;-4.5606133e-02;2.2750000e+02;5.1048510e-03;2.2750000e+02;6.1321210e-02;2.2750000e+02;1.2712774e-01;2.2750000e+02;1.8568952e-01;2.2750000e+02;2.1455410e-01;2.2750000e+02;2.0225102e-01;2.2750000e+02;2.0866074e-01;2.2750000e+02;1.5718018e-01;2.2750000e+02;9.6042514e-02;2.2750000e+02;4.2059526e-02;2.2750000e+02;-5.8471113e-03;2.2750000e+02;-4.9980059e-02;2.2750000e+02;-9.3429253e-02;2.2750000e+02;-1.3666581e-01;2.2750000e+02;-1.7817137e-01;2.2750000e+02;-8.4671922e-02;2.2750000e+02;-7.6973870e-02;2.2750000e+02;-4.5606133e-02;2.2750000e+02;5.1048510e-03;2.2750000e+02;6.1321210e-02;2.2750000e+02;1.2712774e-01;2.2750000e+02;1.8568952e-01;2.2750000e+02;2.1455410e-01;2.2750000e+02;2.0225102e-01;2.2750000e+02;2.0866074e-01;2.2750000e+02;1.5718018e-01;2.2750000e+02;9.6042514e-02;2.2750000e+02;4.2059526e-02;2.2750000e+02;-5.8471113e-03;2.2750000e+02;-4.9980059e-02;2.2750000e+02;-9.3429253e-02;2.2750000e+02;-1.3666581e-01;2.2750000e+02;-1.7817137e-01;2.2750000e+02;-8.4671922e-02;2.2750000e+02;-7.6973870e-02;2.2750000e+02;-4.5606133e-02;2.2750000e+02;5.1048510e-03;2.2750000e+02;6.1321210e-02;2.2750000e+02;1.2712774e-01;2.2750000e+02;1.8568952e-01;2.2750000e+02;2.1455410e-01;2.2750000e+02;2.0225102e-01;2.2750000e+02;2.0866074e-01;2.2750000e+02;1.5718018e-01;2.2750000e+02;9.6042514e-02;2.2750000e+02;4.2059526e-02;2.2750000e+02;-5.8471113e-03;2.2750000e+02;-4.9980059e-02;2.2750000e+02;-9.3429253e-02;2.2750000e+02;-1.3666581e-01;2.2750000e+02;-1.7817137e-01;2.2750000e+02;-8.4671922e-02;2.2750000e+02;-7.6973870e-02;2.2750000e+02;-4.5606133e-02;2.2750000e+02;5.1048510e-03;2.2750000e+02;6.1321210e-02;2.2750000e+02;1.2712774e-01;2.2750000e+02;1.8568952e-01;2.2750000e+02;2.1455410e-01;2.2750000e+02;2.0225102e-01;2.2750000e+02;2.0866074e-01;2.2750000e+02;1.5718018e-01;2.2750000e+02;9.6042514e-02;2.2750000e+02;4.2059526e-02;2.2750000e+02;-5.8471113e-03;2.2750000e+02;-4.9980059e-02;2.2750000e+02;-9.3429253e-02;2.2750000e+02;-1.3666581e-01;2.2750000e+02;-1.7817137e-01;2.2750000e+02;-8.4671922e-02;2.2750000e+02;-7.6973870e-02;2.2750000e+02;-4.5606133e-02;2.2750000e+02;5.1048510e-03;2.2750000e+02;6.1321210e-02;2.2750000e+02;1.2712774e-01;2.2750000e+02;1.8568952e-01;2.2750000e+02;2.1455410e-01;2.2750000e+02;2.0225102e-01;2.2750000e+02;2.0866074e-01;2.2750000e+02;1.5718018e-01;2.2750000e+02;9.6042514e-02;2.2750000e+02;4.2059526e-02;2.2750000e+02;-5.8471113e-03;2.2750000e+02;-4.9980059e-02;2.2750000e+02;-9.3429253e-02;2.2750000e+02;-1.3666581e-01;2.2750000e+02;-1.7817137e-01;2.2750000e+02;-8.4671922e-02;2.2750000e+02;-7.6973870e-02;2.2750000e+02;-4.5606133e-02;2.2750000e+02;5.1048510e-03;2.2750000e+02;6.1321210e-02;2.2750000e+02;1.2712774e-01;2.2750000e+02;1.8568952e-01;2.2750000e+02;2.1455410e-01;2.2750000e+02;2.0225102e-01;2.2750000e+02;2.0866074e-01;2.2750000e+02;1.5718018e-01;2.2750000e+02;9.6042514e-02;2.2750000e+02;4.2059526e-02;2.2750000e+02;-5.8471113e-03;2.2750000e+02;-4.9980059e-02;2.2750000e+02;-9.3429253e-02;2.2750000e+02;-1.3666581e-01;2.2750000e+02;-1.7817137e-01;2.2750000e+02;-8.4671922e-02;2.2750000e+02;-7.6973870e-02;2.2750000e+02;-4.5606133e-02;2.2750000e+02;5.1048510e-03;2.2750000e+02;6.1321210e-02;2.2750000e+02;1.2712774e-01;2.2750000e+02;1.8568952e-01;2.2750000e+02;2.1455410e-01;2.2750000e+02;2.0225102e-01;2.2750000e+02;2.0866074e-01;2.2750000e+02;1.5718018e-01;2.2750000e+02;9.6042514e-02;2.2750000e+02;4.2059526e-02;2.2750000e+02;-5.8471113e-03;2.2750000e+02;-4.9980059e-02;2.2750000e+02;-9.3429253e-02;2.2750000e+02;-1.3666581e-01;2.2750000e+02;-1.7817137e-01;2.2750000e+02;-8.4671922e-02;2.2750000e+02;-7.6973870e-02;2.2750000e+02;-4.5606133e-02;2.2750000e+02;5.1048510e-03;2.2750000e+02;6.1321210e-02;2.2750000e+02;1.2712774e-01;2.2750000e+02;1.8568952e-01;2.2750000e+02;2.1455410e-01;2.2750000e+02;2.0225102e-01;2.2750000e+02;2.0866074e-01;2.2750000e+02;1.5718018e-01;2.2750000e+02;9.6042514e-02;2.2750000e+02;4.2059526e-02;2.2750000e+02;-5.8471113e-03;2.2750000e+02;-4.9980059e-02;2.2750000e+02;-9.3429253e-02;2.2750000e+02;-1.3666581e-01;2.2750000e+02;-1.7817137e-01;2.2750000e+02;-8.4671922e-02;2.2750000e+02;-7.6973870e-02;2.2750000e+02;-4.5606133e-02;2.2750000e+02;5.1048510e-03;2.2750000e+02;6.1321210e-02;2.2750000e+02;1.2712774e-01;2.2750000e+02;1.8568952e-01;2.2750000e+02;2.1455410e-01;2.2750000e+02;2.0225102e-01;2.2750000e+02;2.0866074e-01;2.2750000e+02;1.5718018e-01;2.2750000e+02;9.6042514e-02;2.2750000e+02;4.2059526e-02;2.2750000e+02;-5.8471113e-03;2.2750000e+02;-4.9980059e-02;2.2750000e+02;-9.3429253e-02;2.2750000e+02;-1.3666581e-01;2.2750000e+02;-1.7817137e-01;2.2750000e+02;-8.4671922e-02;2.2750000e+02;-7.6973870e-02;2.2750000e+02;-4.5606133e-02;2.2750000e+02;5.1048510e-03;2.2750000e+02;6.1321210e-02;2.2750000e+02;1.2712774e-01;2.2750000e+02;1.8568952e-01;2.2750000e+02;2.1455410e-01;2.2750000e+02;2.0225102e-01;2.2750000e+02;2.0866074e-01;2.2750000e+02;1.5718018e-01;2.2750000e+02;9.6042514e-02;2.2750000e+02;4.2059526e-02;2.2750000e+02;-5.8471113e-03;2.2750000e+02;-4.9980059e-02;2.2750000e+02;-9.3429253e-02;2.2750000e+02;-1.3666581e-01;2.2750000e+02;-1.7817137e-01;2.2750000e+02;-8.4671922e-02;2.2750000e+02;-7.6973870e-02;2.2750000e+02;-4.5606133e-02;2.2750000e+02;5.1048510e-03;2.2750000e+02;6.1321210e-02;2.2750000e+02;1.2712774e-01;2.2750000e+02;1.8568952e-01;2.2750000e+02;2.1455410e-01;2.2750000e+02;2.0225102e-01;2.2750000e+02;2.0866074e-01;2.2750000e+02;1.5718018e-01;2.2750000e+02;9.6042514e-02;2.2750000e+02;4.2059526e-02;2.2750000e+02;-5.8471113e-03;2.2750000e+02;-4.9980059e-02;2.2750000e+02;-9.3429253e-02;2.2750000e+02;-1.3666581e-01;2.2750000e+02;-1.7817137e-01;2.2750000e+02;-8.4671922e-02;2.2750000e+02;-7.6973870e-02;2.2750000e+02;-4.5606133e-02;2.2750000e+02;5.1048510e-03;2.2750000e+02;6.1321210e-02;2.2750000e+02;1.2712774e-01;2.2750000e+02;1.8568952e-01;2.2750000e+02;2.1455410e-01;2.2750000e+02;2.0225102e-01;2.2750000e+02;2.0866074e-01;2.2750000e+02;1.5718018e-01;2.2750000e+02;9.6042514e-02;2.2750000e+02;4.2059526e-02;2.2750000e+02;-5.8471113e-03;2.2750000e+02;-4.9980059e-02;2.2750000e+02;-9.3429253e-02;2.2750000e+02;-1.3666581e-01;2.2750000e+02;-1.7817137e-01;2.2750000e+02;-8.4671922e-02;2.2750000e+02;-7.6973870e-02;2.2750000e+02;-4.5606133e-02;2.2750000e+02;5.1048510e-03;2.2750000e+02;6.1321210e-02;2.2750000e+02;1.2712774e-01;2.2750000e+02;1.8568952e-01;2.2750000e+02;2.1455410e-01;2.2750000e+02;2.0225102e-01;2.2750000e+02;2.0866074e-01;2.2750000e+02;1.5718018e-01;2.2750000e+02;9.6042514e-02;2.2750000e+02;4.2059526e-02;2.2750000e+02;-5.8471113e-03;2.2750000e+02;-4.9980059e-02;2.2750000e+02;-9.3429253e-02;2.2750000e+02;-1.3666581e-01;2.2750000e+02;-1.7817137e-01;2.2750000e+02;-8.4671922e-02;2.2750000e+02;-7.6973870e-02;2.2750000e+02;-4.5606133e-02;2.2750000e+02;5.1048510e-03;2.2750000e+02;6.1321210e-02;2.2750000e+02;1.2712774e-01;2.2750000e+02;1.8568952e-01;2.2750000e+02;2.1455410e-01;2.2750000e+02;2.0225102e-01;2.2750000e+02;2.0866074e-01;2.2750000e+02;1.5718018e-01;2.2750000e+02;9.6042514e-02;2.2750000e+02;4.2059526e-02;2.2750000e+02;-5.8471113e-03;2.2750000e+02;-4.9980059e-02;2.2750000e+02;-9.3429253e-02;2.2750000e+02;-1.3666581e-01;2.2750000e+02;-1.7817137e-01;2.2750000e+02;-8.4671922e-02;2.2750000e+02;-7.6973870e-02;2.2750000e+02;-4.5606133e-02;2.2750000e+02;5.1048510e-03;2.2750000e+02;6.1321210e-02;2.2750000e+02;1.2712774e-01;2.2750000e+02;1.8568952e-01;2.2750000e+02;2.1455410e-01;2.2750000e+02;2.0225102e-01;2.2750000e+02;2.0866074e-01;2.2750000e+02;1.5718018e-01;2.2750000e+02;9.6042514e-02;2.2750000e+02;4.2059526e-02;2.2750000e+02;-5.8471113e-03;2.2750000e+02;-4.9980059e-02;2.2750000e+02;-9.3429253e-02;2.2750000e+02;-1.3666581e-01;2.2750000e+02;-1.7817137e-01;2.2750000e+02;-8.4671922e-02;2.2750000e+02;-7.6973870e-02;2.2750000e+02;-4.5606133e-02;2.2750000e+02;5.1048510e-03;2.2750000e+02;6.1321210e-02;2.2750000e+02;1.2712774e-01;2.2750000e+02;1.8568952e-01;2.2750000e+02;2.1455410e-01;2.2750000e+02;2.0225102e-01;2.2750000e+02;2.0866074e-01;2.2750000e+02;1.5718018e-01;2.2750000e+02;9.6042514e-02;2.2750000e+02;4.2059526e-02;2.2750000e+02;-5.8471113e-03;2.2750000e+02;-4.9980059e-02;2.2750000e+02;-9.3429253e-02;2.2750000e+02;-1.3666581e-01;2.2750000e+02;-1.7817137e-01;2.2750000e+02;-8.4671922e-02;2.2750000e+02;-7.6973870e-02;2.2750000e+02;-4.5606133e-02;2.2750000e+02;5.1048510e-03;2.2750000e+02;6.1321210e-02;2.2750000e+02;1.2712774e-01;2.2750000e+02;1.8568952e-01;2.2750000e+02;2.1455410e-01;2.2750000e+02;2.0225102e-01;2.2750000e+02;2.0866074e-01;2.2750000e+02;1.5718018e-01;2.2750000e+02;9.6042514e-02;2.2750000e+02;4.2059526e-02;2.2750000e+02;-5.8471113e-03;2.2750000e+02;-4.9980059e-02;2.2750000e+02;-9.3429253e-02;2.2750000e+02;-1.3666581e-01;2.2750000e+02;-1.7817137e-01;2.2750000e+02;-8.4671922e-02;2.2750000e+02;-7.6973870e-02;2.2750000e+02;-4.5606133e-02;2.2750000e+02;5.1048510e-03;2.2750000e+02;6.1321210e-02;2.2750000e+02;1.2712774e-01;2.2750000e+02;1.8568952e-01;2.2750000e+02;2.1455410e-01;2.2750000e+02;2.0225102e-01;2.2750000e+02;2.0866074e-01;2.2750000e+02;1.5718018e-01;2.2750000e+02;9.6042514e-02;2.2750000e+02;4.2059526e-02;2.2750000e+02;-5.8471113e-03;2.2750000e+02;-4.9980059e-02;2.2750000e+02;-9.3429253e-02;2.2750000e+02;-1.3666581e-01;2.2750000e+02;-1.7817137e-01;2.2750000e+02;-8.4671922e-02;2.2750000e+02;-7.6973870e-02;2.2750000e+02;-4.5606133e-02;2.2750000e+02;5.1048510e-03;2.2750000e+02;6.1321210e-02;2.2750000e+02;1.2712774e-01;2.2750000e+02;1.8568952e-01;2.2750000e+02;2.1455410e-01;2.2750000e+02;2.0225102e-01;2.2750000e+02;2.0866074e-01;2.2750000e+02;1.5718018e-01;2.2750000e+02;9.6042514e-02;2.2750000e+02;4.2059526e-02;2.2750000e+02;-5.8471113e-03;2.2750000e+02;-4.9980059e-02;2.2750000e+02;-9.3429253e-02;2.2750000e+02;-1.3666581e-01;2.2750000e+02;-1.7817137e-01;2.2750000e+02;-8.4671922e-02;2.2750000e+02;-7.6973870e-02;2.2750000e+02;-4.5606133e-02;2.2750000e+02;5.1048510e-03;2.2750000e+02;6.1321210e-02;2.2750000e+02;1.2712774e-01;2.2750000e+02;1.8568952e-01;2.2750000e+02;2.1455410e-01;2.2750000e+02;2.0225102e-01;2.2750000e+02;2.0866074e-01;2.2750000e+02;1.5718018e-01;2.2750000e+02;9.6042514e-02;2.2750000e+02;4.2059526e-02;2.2750000e+02;-5.8471113e-03;2.2750000e+02;-4.9980059e-02;2.2750000e+02;-9.3429253e-02;2.2750000e+02;-1.3666581e-01;2.2750000e+02;-1.7817137e-01;2.2750000e+02;-8.4671922e-02;2.2750000e+02;-7.6973870e-02;2.2750000e+02;-4.5606133e-02;2.2750000e+02;5.1048510e-03;2.2750000e+02;6.1321210e-02;2.2750000e+02;1.2712774e-01;2.2750000e+02;1.8568952e-01;2.2750000e+02;2.1455410e-01;2.2750000e+02;2.0225102e-01;2.2750000e+02;2.0866074e-01;2.2750000e+02;1.5718018e-01;2.2750000e+02;9.6042514e-02;2.2750000e+02;4.2059526e-02;2.2750000e+02;-5.8471113e-03;2.2750000e+02;-4.9980059e-02;2.2750000e+02;-9.3429253e-02;2.2750000e+02;-1.3666581e-01;2.2750000e+02;-1.7817137e-01;2.2750000e+02;-8.4671922e-02;2.2750000e+02;-7.6973870e-02;2.2750000e+02;-4.5606133e-02;2.2750000e+02;5.1048510e-03;2.2750000e+02;6.1321210e-02;2.2750000e+02;1.2712774e-01;2.2750000e+02;1.8568952e-01;2.2750000e+02;2.1455410e-01;2.2750000e+02;2.0225102e-01;2.2750000e+02;2.0866074e-01;2.2750000e+02;1.5718018e-01;2.2750000e+02;9.6042514e-02;2.2750000e+02;4.2059526e-02;2.2750000e+02;-5.8471113e-03;2.2750000e+02;-4.9980059e-02;2.2750000e+02;-9.3429253e-02;2.2750000e+02;-1.3666581e-01;2.2750000e+02;-1.7817137e-01;2.2750000e+02;-8.4671922e-02;2.2750000e+02;-7.6973870e-02;2.2750000e+02;-4.5606133e-02;2.2750000e+02;5.1048510e-03;2.2750000e+02;6.1321210e-02;2.2750000e+02;1.2712774e-01;2.2750000e+02;1.8568952e-01;2.2750000e+02;2.1455410e-01;2.2750000e+02;2.0225102e-01;2.2750000e+02;2.0866074e-01;2.2750000e+02;1.5718018e-01;2.2750000e+02;9.6042514e-02;2.2750000e+02;4.2059526e-02;2.2750000e+02;-5.8471113e-03;2.2750000e+02;-4.9980059e-02;2.2750000e+02;-9.3429253e-02;2.2750000e+02;-1.3666581e-01;2.2750000e+02;-1.7817137e-01;2.2750000e+02;-8.4671922e-02;2.2750000e+02;-7.6973870e-02;2.2750000e+02;-4.5606133e-02;2.2750000e+02;5.1048510e-03;2.2750000e+02;6.1321210e-02;2.2750000e+02;1.2712774e-01;2.2750000e+02;1.8568952e-01;2.2750000e+02;2.1455410e-01;2.2750000e+02;2.0225102e-01;2.2750000e+02;2.0866074e-01;2.2750000e+02;1.5718018e-01;2.2750000e+02;9.6042514e-02;2.2750000e+02;4.2059526e-02;2.2750000e+02;-5.8471113e-03;2.2750000e+02;-4.9980059e-02;2.2750000e+02;-9.3429253e-02;2.2750000e+02;-1.3666581e-01;2.2750000e+02;-1.7817137e-01;2.2750000e+02;-8.4671922e-02;2.2750000e+02;-7.6973870e-02;2.2750000e+02;-4.5606133e-02;2.2750000e+02;5.1048510e-03;2.2750000e+02;6.1321210e-02;2.2750000e+02;1.2712774e-01;2.2750000e+02;1.8568952e-01;2.2750000e+02;2.1455410e-01;2.2750000e+02;2.0225102e-01;2.2750000e+02;2.0866074e-01;2.2750000e+02;1.5718018e-01;2.2750000e+02;9.6042514e-02;2.2750000e+02;4.2059526e-02;2.2750000e+02;-5.8471113e-03;2.2750000e+02;-4.9980059e-02;2.2750000e+02;-9.3429253e-02;2.2750000e+02;-1.3666581e-01;2.2750000e+02;-1.7817137e-01;2.2750000e+02;-8.4671922e-02;2.2750000e+02;-7.6973870e-02;2.2750000e+02;-4.5606133e-02;2.2750000e+02;5.1048510e-03;2.2750000e+02;6.1321210e-02;2.2750000e+02;1.2712774e-01;2.2750000e+02;1.8568952e-01;2.2750000e+02;2.1455410e-01;2.2750000e+02;2.0225102e-01;2.2750000e+02;2.0866074e-01;2.2750000e+02;1.5718018e-01;2.2750000e+02;9.6042514e-02;2.2750000e+02;4.2059526e-02;2.2750000e+02;-5.8471113e-03;2.2750000e+02;-4.9980059e-02;2.2750000e+02;-9.3429253e-02;2.2750000e+02;-1.3666581e-01;2.2750000e+02;-1.7817137e-01;2.2750000e+02;-8.4671922e-02;2.2750000e+02;-7.6973870e-02;2.2750000e+02;-4.5606133e-02;2.2750000e+02;5.1048510e-03;2.2750000e+02;6.1321210e-02;2.2750000e+02;1.2712774e-01;2.2750000e+02;1.8568952e-01;2.2750000e+02;2.1455410e-01;2.2750000e+02;2.0225102e-01;2.2750000e+02;2.0866074e-01;2.2750000e+02;1.5718018e-01;2.2750000e+02;9.6042514e-02;2.2750000e+02;4.2059526e-02;2.2750000e+02;-5.8471113e-03;2.2750000e+02;-4.9980059e-02;2.2750000e+02;-9.3429253e-02;2.2750000e+02;-1.3666581e-01;2.2750000e+02;-1.7817137e-01;2.2750000e+02;-8.4671922e-02;2.2750000e+02;-7.6973870e-02;2.2750000e+02;-4.5606133e-02;2.2750000e+02;5.1048510e-03;2.2750000e+02;6.1321210e-02;2.2750000e+02;1.2712774e-01;2.2750000e+02;1.8568952e-01;2.2750000e+02;2.1455410e-01;2.2750000e+02;2.0225102e-01;2.2750000e+02;2.0866074e-01;2.2750000e+02;1.5718018e-01;2.2750000e+02;9.6042514e-02;2.2750000e+02;4.2059526e-02;2.2750000e+02;-5.8471113e-03;2.2750000e+02;-4.9980059e-02;2.2750000e+02;-9.3429253e-02;2.2750000e+02;-1.3666581e-01;2.2750000e+02;-1.7817137e-01;2.2750000e+02;-8.4671922e-02;2.2750000e+02;-7.6973870e-02;2.2750000e+02;-4.5606133e-02;2.2750000e+02;5.1048510e-03;2.2750000e+02;6.1321210e-02;2.2750000e+02;1.2712774e-01;2.2750000e+02;1.8568952e-01;2.2750000e+02;2.1455410e-01;2.2750000e+02;2.0225102e-01;2.2750000e+02;2.0866074e-01;2.2750000e+02;1.5718018e-01;2.2750000e+02;9.6042514e-02;2.2750000e+02;4.2059526e-02;2.2750000e+02;-5.8471113e-03;2.2750000e+02;-4.9980059e-02;2.2750000e+02;-9.3429253e-02;2.2750000e+02;-1.3666581e-01;2.2750000e+02;-1.7817137e-01;2.2750000e+02;-8.4671922e-02;2.2750000e+02;-7.6973870e-02;2.2750000e+02;-4.5606133e-02;2.2750000e+02;5.1048510e-03;2.2750000e+02;6.1321210e-02;2.2750000e+02;1.2712774e-01;2.2750000e+02;1.8568952e-01;2.2750000e+02;2.1455410e-01;2.2750000e+02;2.0225102e-01;2.2750000e+02;2.0866074e-01;2.2750000e+02;1.5718018e-01;2.2750000e+02;9.6042514e-02;2.2750000e+02;4.2059526e-02;2.2750000e+02;-5.8471113e-03;2.2750000e+02;-4.9980059e-02;2.2750000e+02;-9.3429253e-02;2.2750000e+02;-1.3666581e-01;2.2750000e+02;-1.7817137e-01;2.2750000e+02;-8.4671922e-02;2.2750000e+02;-7.6973870e-02;2.2750000e+02;-4.5606133e-02;2.2750000e+02;5.1048510e-03;2.2750000e+02;6.1321210e-02;2.2750000e+02;1.2712774e-01;2.2750000e+02;1.8568952e-01;2.2750000e+02;2.1455410e-01;2.2750000e+02;2.0225102e-01;2.2750000e+02;2.0866074e-01;2.2750000e+02;1.5718018e-01;2.2750000e+02;9.6042514e-02;2.2750000e+02;4.2059526e-02;2.2750000e+02;-5.8471113e-03;2.2750000e+02;-4.9980059e-02;2.2750000e+02;-9.3429253e-02;2.2750000e+02;-1.3666581e-01;2.2750000e+02;-1.7817137e-01;2.2750000e+02;-8.4671922e-02;2.2750000e+02;-7.6973870e-02;2.2750000e+02;-4.5606133e-02;2.2750000e+02;5.1048510e-03;2.2750000e+02;6.1321210e-02;2.2750000e+02;1.2712774e-01;2.2750000e+02;1.8568952e-01;2.2750000e+02;2.1455410e-01;2.2750000e+02;2.0225102e-01;2.2750000e+02;2.0866074e-01;2.2750000e+02;1.5718018e-01;2.2750000e+02;9.6042514e-02;2.2750000e+02;4.2059526e-02;2.2750000e+02;-5.8471113e-03;2.2750000e+02;-4.9980059e-02;2.2750000e+02;-9.3429253e-02;2.2750000e+02;-1.3666581e-01;2.2750000e+02;-1.7817137e-01;2.2750000e+02;-8.4671922e-02;2.2750000e+02;-7.6973870e-02;2.2750000e+02;-4.5606133e-02;2.2750000e+02;5.1048510e-03;2.2750000e+02;6.1321210e-02;2.2750000e+02;1.2712774e-01;2.2750000e+02;1.8568952e-01;2.2750000e+02;2.1455410e-01;2.2750000e+02;2.0225102e-01;2.2750000e+02;2.0866074e-01;2.2750000e+02;1.5718018e-01;2.2750000e+02;9.6042514e-02;2.2750000e+02;4.2059526e-02;2.2750000e+02;-5.8471113e-03;2.2750000e+02;-4.9980059e-02;2.2750000e+02;-9.3429253e-02;2.2750000e+02;-1.3666581e-01;2.2750000e+02;-1.7817137e-01;2.2750000e+02;-8.4671922e-02;2.2750000e+02;-7.6973870e-02;2.2750000e+02;-4.5606133e-02;2.2750000e+02;5.1048510e-03;2.2750000e+02;6.1321210e-02;2.2750000e+02;1.2712774e-01;2.2750000e+02;1.8568952e-01;2.2750000e+02;2.1455410e-01;2.2750000e+02;2.0225102e-01;2.2750000e+02;2.0866074e-01;2.2750000e+02;1.5718018e-01;2.2750000e+02;9.6042514e-02;2.2750000e+02;4.2059526e-02;2.2750000e+02;-5.8471113e-03;2.2750000e+02;-4.9980059e-02;2.2750000e+02;-9.3429253e-02;2.2750000e+02;-1.3666581e-01;2.2750000e+02;-1.7817137e-01;2.2750000e+02;-8.4671922e-02;2.2750000e+02;-7.6973870e-02;2.2750000e+02;-4.5606133e-02;2.2750000e+02;5.1048510e-03;2.2750000e+02;6.1321210e-02;2.2750000e+02;1.2712774e-01;2.2750000e+02;1.8568952e-01;2.2750000e+02;2.1455410e-01;2.2750000e+02;2.0225102e-01;2.2750000e+02;2.0866074e-01;2.2750000e+02;1.5718018e-01;2.2750000e+02;9.6042514e-02;2.2750000e+02;4.2059526e-02;2.2750000e+02;-5.8471113e-03;2.2750000e+02;-4.9980059e-02;2.2750000e+02;-9.3429253e-02;2.2750000e+02;-1.3666581e-01;2.2750000e+02;-1.7817137e-01;2.2750000e+02;-8.4671922e-02;2.2750000e+02;-7.6973870e-02;2.2750000e+02;-4.5606133e-02;2.2750000e+02;5.1048510e-03;2.2750000e+02;6.1321210e-02;2.2750000e+02;1.2712774e-01;2.2750000e+02;1.8568952e-01;2.2750000e+02;2.1455410e-01;2.2750000e+02;2.0225102e-01;2.2750000e+02;2.0866074e-01;2.2750000e+02;1.5718018e-01;2.2750000e+02;9.6042514e-02;2.2750000e+02;4.2059526e-02;2.2750000e+02;-5.8471113e-03;2.2750000e+02;-4.9980059e-02;2.2750000e+02;-9.3429253e-02;2.2750000e+02;-1.3666581e-01;2.2750000e+02;-1.7817137e-01;2.2750000e+02;-8.4671922e-02;2.2750000e+02;-7.6973870e-02;2.2750000e+02;-4.5606133e-02;2.2750000e+02;5.1048510e-03;2.2750000e+02;6.1321210e-02;2.2750000e+02;1.2712774e-01;2.2750000e+02;1.8568952e-01;2.2750000e+02;2.1455410e-01;2.2750000e+02;2.0225102e-01;2.2750000e+02;2.0866074e-01;2.2750000e+02;1.5718018e-01;2.2750000e+02;9.6042514e-02;2.2750000e+02;4.2059526e-02;2.2750000e+02;-5.8471113e-03;2.2750000e+02;-4.9980059e-02;2.2750000e+02;-9.3429253e-02;2.2750000e+02;-1.3666581e-01;2.2750000e+02;-1.7817137e-01;2.2750000e+02;-8.4671922e-02;2.2750000e+02;-7.6973870e-02;2.2750000e+02;-4.5606133e-02;2.2750000e+02;5.1048510e-03;2.2750000e+02;6.1321210e-02;2.2750000e+02;1.2712774e-01;2.2750000e+02;1.8568952e-01;2.2750000e+02;2.1455410e-01;2.2750000e+02;2.0225102e-01;2.2750000e+02;2.0866074e-01;2.2750000e+02;1.5718018e-01;2.2750000e+02;9.6042514e-02;2.2750000e+02;4.2059526e-02;2.2750000e+02;-5.8471113e-03;2.2750000e+02;-4.9980059e-02;2.2750000e+02;-9.3429253e-02;2.2750000e+02;-1.3666581e-01;2.2750000e+02;-1.7817137e-01;2.2750000e+02;-8.4671922e-02;2.2750000e+02;-7.6973870e-02;2.2750000e+02;-4.5606133e-02;2.2750000e+02;5.1048510e-03;2.2750000e+02;6.1321210e-02;2.2750000e+02;1.2712774e-01;2.2750000e+02;1.8568952e-01;2.2750000e+02;2.1455410e-01;2.2750000e+02;2.0225102e-01;2.2750000e+02;2.0866074e-01;2.2750000e+02;1.5718018e-01;2.2750000e+02;9.6042514e-02;2.2750000e+02;4.2059526e-02;2.2750000e+02;-5.8471113e-03;2.2750000e+02;-4.9980059e-02;2.2750000e+02;-9.3429253e-02;2.2750000e+02;-1.3666581e-01;2.2750000e+02;-1.7817137e-01;2.2750000e+02;-8.4671922e-02;2.2750000e+02;-7.6973870e-02;2.2750000e+02;-4.5606133e-02;2.2750000e+02;5.1048510e-03;2.2750000e+02;6.1321210e-02;2.2750000e+02;1.2712774e-01;2.2750000e+02;1.8568952e-01;2.2750000e+02;2.1455410e-01;2.2750000e+02;2.0225102e-01;2.2750000e+02;2.0866074e-01;2.2750000e+02;1.5718018e-01;2.2750000e+02;9.6042514e-02;2.2750000e+02;4.2059526e-02;2.2750000e+02;-5.8471113e-03;2.2750000e+02;-4.9980059e-02;2.2750000e+02;-9.3429253e-02;2.2750000e+02;-1.3666581e-01;2.2750000e+02;-1.7817137e-01;2.2750000e+02;-8.4671922e-02;2.2750000e+02;-7.6973870e-02;2.2750000e+02;-4.5606133e-02;2.2750000e+02;5.1048510e-03;2.2750000e+02;6.1321210e-02;2.2750000e+02;1.2712774e-01;2.2750000e+02;1.8568952e-01;2.2750000e+02;2.1455410e-01;2.2750000e+02;2.0225102e-01;2.2750000e+02;2.0866074e-01;2.2750000e+02;1.5718018e-01;2.2750000e+02;9.6042514e-02;2.2750000e+02;4.2059526e-02;2.2750000e+02;-5.8471113e-03;2.2750000e+02;-4.9980059e-02;2.2750000e+02;-9.3429253e-02;2.2750000e+02;-1.3666581e-01;2.2750000e+02;-1.7817137e-01;2.2750000e+02;-8.4671922e-02;2.2750000e+02;-7.6973870e-02;2.2750000e+02;-4.5606133e-02;2.2750000e+02;5.1048510e-03;2.2750000e+02;6.1321210e-02;2.2750000e+02;1.2712774e-01;2.2750000e+02;1.8568952e-01;2.2750000e+02;2.1455410e-01;2.2750000e+02;2.0225102e-01;2.2750000e+02;2.0866074e-01;2.2750000e+02;1.5718018e-01;2.2750000e+02;9.6042514e-02;2.2750000e+02;4.2059526e-02;2.2750000e+02;-5.8471113e-03;2.2750000e+02;-4.9980059e-02;2.2750000e+02;-9.3429253e-02;2.2750000e+02;-1.3666581e-01;2.2750000e+02;-1.7817137e-01;2.2750000e+02;-8.4671922e-02;2.2750000e+02;-7.6973870e-02;2.2750000e+02;-4.5606133e-02;2.2750000e+02;5.1048510e-03;2.2750000e+02;6.1321210e-02;2.2750000e+02;1.2712774e-01;2.2750000e+02;1.8568952e-01;2.2750000e+02;2.1455410e-01;2.2750000e+02;2.0225102e-01;2.2750000e+02;2.0866074e-01;2.2750000e+02;1.5718018e-01;2.2750000e+02;9.6042514e-02;2.2750000e+02;4.2059526e-02;2.2750000e+02;-5.8471113e-03;2.2750000e+02;-4.9980059e-02;2.2750000e+02;-9.3429253e-02;2.2750000e+02;-1.3666581e-01;2.2750000e+02;-1.7817137e-01;2.2750000e+02;-8.4671922e-02;2.2750000e+02;-7.6973870e-02;2.2750000e+02;-4.5606133e-02;2.2750000e+02;5.1048510e-03;2.2750000e+02;6.1321210e-02;2.2750000e+02;1.2712774e-01;2.2750000e+02;1.8568952e-01;2.2750000e+02;2.1455410e-01;2.2750000e+02;2.0225102e-01;2.2750000e+02;2.0866074e-01;2.2750000e+02;1.5718018e-01;2.2750000e+02;9.6042514e-02;2.2750000e+02;4.2059526e-02;2.2750000e+02;-5.8471113e-03;2.2750000e+02;-4.9980059e-02;2.2750000e+02;-9.3429253e-02;2.2750000e+02;-1.3666581e-01;2.2750000e+02;-1.7817137e-01;2.2750000e+02;-8.4671922e-02;2.2750000e+02;-7.6973870e-02;2.2750000e+02;-4.5606133e-02;2.2750000e+02;5.1048510e-03;2.2750000e+02;6.1321210e-02;2.2750000e+02;1.2712774e-01;2.2750000e+02;1.8568952e-01;2.2750000e+02;2.1455410e-01;2.2750000e+02;2.0225102e-01;2.2750000e+02;2.0866074e-01;2.2750000e+02;1.5718018e-01;2.2750000e+02;9.6042514e-02;2.2750000e+02;4.2059526e-02;2.2750000e+02;-5.8471113e-03;2.2750000e+02;-4.9980059e-02;2.2750000e+02;-9.3429253e-02;2.2750000e+02;-1.3666581e-01;2.2750000e+02;-1.7817137e-01;2.2750000e+02;-8.4671922e-02;2.2750000e+02;-7.6973870e-02;2.2750000e+02;-4.5606133e-02;2.2750000e+02;5.1048510e-03;2.2750000e+02;6.1321210e-02;2.2750000e+02;1.2712774e-01;2.2750000e+02;1.8568952e-01;2.2750000e+02;2.1455410e-01;2.2750000e+02;2.0225102e-01;2.2750000e+02;2.0866074e-01;2.2750000e+02;1.5718018e-01;2.2750000e+02;9.6042514e-02;2.2750000e+02;4.2059526e-02;2.2750000e+02;-5.8471113e-03;2.2750000e+02;-4.9980059e-02;2.2750000e+02;-9.3429253e-02;2.2750000e+02;-1.3666581e-01;2.2750000e+02;-1.7817137e-01;2.2750000e+02;-8.4671922e-02;2.2750000e+02;-7.6973870e-02;2.2750000e+02;-4.5606133e-02;2.2750000e+02;5.1048510e-03;2.2750000e+02;6.1321210e-02;2.2750000e+02;1.2712774e-01;2.2750000e+02;1.8568952e-01;2.2750000e+02;2.1455410e-01;2.2750000e+02;2.0225102e-01;2.2750000e+02;2.0866074e-01;2.2750000e+02;1.5718018e-01;2.2750000e+02;9.6042514e-02;2.2750000e+02;4.2059526e-02;2.2750000e+02;-5.8471113e-03;2.2750000e+02;-4.9980059e-02;2.2750000e+02;-9.3429253e-02;2.2750000e+02;-1.3666581e-01;2.2750000e+02;-1.7817137e-01;2.2750000e+02;-8.4671922e-02;2.2750000e+02;-7.6973870e-02;2.2750000e+02;-4.5606133e-02;2.2750000e+02;5.1048510e-03;2.2750000e+02;6.1321210e-02;2.2750000e+02;1.2712774e-01;2.2750000e+02;1.8568952e-01;2.2750000e+02;2.1455410e-01;2.2750000e+02;2.0225102e-01;2.2750000e+02;2.0866074e-01;2.2750000e+02;1.5718018e-01;2.2750000e+02;9.6042514e-02;2.2750000e+02;4.2059526e-02;2.2750000e+02;-5.8471113e-03;2.2750000e+02;-4.9980059e-02;2.2750000e+02;-9.3429253e-02;2.2750000e+02;-1.3666581e-01;2.2750000e+02;-1.7817137e-01;2.2750000e+02;-8.4671922e-02;2.2750000e+02;-7.6973870e-02;2.2750000e+02;-4.5606133e-02;2.2750000e+02;5.1048510e-03;2.2750000e+02;6.1321210e-02;2.2750000e+02;1.2712774e-01;2.2750000e+02;1.8568952e-01;2.2750000e+02;2.1455410e-01;2.2750000e+02;2.0225102e-01;2.2750000e+02;2.0866074e-01;2.2750000e+02;1.5718018e-01;2.2750000e+02;9.6042514e-02;2.2750000e+02;4.2059526e-02;2.2750000e+02;-5.8471113e-03;2.2750000e+02;-4.9980059e-02;2.2750000e+02;-9.3429253e-02;2.2750000e+02;-1.3666581e-01;2.2750000e+02;-1.7817137e-01;2.2750000e+02;-8.4671922e-02;2.2750000e+02;-7.6973870e-02;2.2750000e+02;-4.5606133e-02;2.2750000e+02;5.1048510e-03;2.2750000e+02;6.1321210e-02;2.2750000e+02;1.2712774e-01;2.2750000e+02;1.8568952e-01;2.2750000e+02;2.1455410e-01;2.2750000e+02;2.0225102e-01;2.2750000e+02;2.0866074e-01;2.2750000e+02;1.5718018e-01;2.2750000e+02;9.6042514e-02;2.2750000e+02;4.2059526e-02;2.2750000e+02;-5.8471113e-03;2.2750000e+02;-4.9980059e-02;2.2750000e+02;-9.3429253e-02;2.2750000e+02;-1.3666581e-01;2.2750000e+02;-1.7817137e-01;2.2750000e+02;-8.4671922e-02;2.2750000e+02;-7.6973870e-02;2.2750000e+02;-4.5606133e-02;2.2750000e+02;5.1048510e-03;2.2750000e+02;6.1321210e-02;2.2750000e+02;1.2712774e-01;2.2750000e+02;1.8568952e-01;2.2750000e+02;2.1455410e-01;2.2750000e+02;2.0225102e-01;2.2750000e+02;2.0866074e-01;2.2750000e+02;1.5718018e-01;2.2750000e+02;9.6042514e-02;2.2750000e+02;4.2059526e-02;2.2750000e+02;-5.8471113e-03;2.2750000e+02;-4.9980059e-02;2.2750000e+02;-9.3429253e-02;2.2750000e+02;-1.3666581e-01;2.2750000e+02;-1.7817137e-01;2.2750000e+02;-8.4671922e-02;2.2750000e+02;-7.6973870e-02;2.2750000e+02;-4.5606133e-02;2.2750000e+02;5.1048510e-03;2.2750000e+02;6.1321210e-02;2.2750000e+02;1.2712774e-01;2.2750000e+02;1.8568952e-01;2.2750000e+02;2.1455410e-01;2.2750000e+02;2.0225102e-01;2.2750000e+02;2.0866074e-01;2.2750000e+02;1.5718018e-01;2.2750000e+02;9.6042514e-02;2.2750000e+02;4.2059526e-02;2.2750000e+02;-5.8471113e-03;2.2750000e+02;-4.9980059e-02;2.2750000e+02;-9.3429253e-02;2.2750000e+02;-1.3666581e-01;2.2750000e+02;-1.7817137e-01;2.2750000e+02;-8.4671922e-02;2.2750000e+02;-7.6973870e-02;2.2750000e+02;-4.5606133e-02;2.2750000e+02;5.1048510e-03;2.2750000e+02;6.1321210e-02;2.2750000e+02;1.2712774e-01;2.2750000e+02;1.8568952e-01;2.2750000e+02;2.1455410e-01;2.2750000e+02;2.0225102e-01;2.2750000e+02;2.0866074e-01;2.2750000e+02;1.5718018e-01;2.2750000e+02;9.6042514e-02;2.2750000e+02;4.2059526e-02;2.2750000e+02;-5.8471113e-03;2.2750000e+02;-4.9980059e-02;2.2750000e+02;-9.3429253e-02;2.2750000e+02;-1.3666581e-01;2.2750000e+02;-1.7817137e-01;2.2750000e+02;-8.4671922e-02;2.2750000e+02;-7.6973870e-02;2.2750000e+02;-4.5606133e-02;2.2750000e+02;5.1048510e-03;2.2750000e+02;6.1321210e-02;2.2750000e+02;1.2712774e-01;2.2750000e+02;1.8568952e-01;2.2750000e+02;2.1455410e-01;2.2750000e+02;2.0225102e-01;2.2750000e+02;2.0866074e-01;2.2750000e+02;1.5718018e-01;2.2750000e+02;9.6042514e-02;2.2750000e+02;4.2059526e-02;2.2750000e+02;-5.8471113e-03;2.2750000e+02;-4.9980059e-02;2.2750000e+02;-9.3429253e-02;2.2750000e+02;-1.3666581e-01;2.2750000e+02;-1.7817137e-01;2.2750000e+02;-8.4671922e-02;2.2750000e+02;-7.6973870e-02;2.2750000e+02;-4.5606133e-02;2.2750000e+02;5.1048510e-03;2.2750000e+02;6.1321210e-02;2.2750000e+02;1.2712774e-01;2.2750000e+02;1.8568952e-01;2.2750000e+02;2.1455410e-01;2.2750000e+02;2.0225102e-01;2.2750000e+02;2.0866074e-01;2.2750000e+02;1.5718018e-01;2.2750000e+02;9.6042514e-02;2.2750000e+02;4.2059526e-02;2.2750000e+02;-5.8471113e-03;2.2750000e+02;-4.9980059e-02;2.2750000e+02;-9.3429253e-02;2.2750000e+02;-1.3666581e-01;2.2750000e+02;-1.7817137e-01;2.2750000e+02;-8.4671922e-02;2.2750000e+02;-7.6973870e-02;2.2750000e+02;-4.5606133e-02;2.2750000e+02;5.1048510e-03;2.2750000e+02;6.1321210e-02;2.2750000e+02;1.2712774e-01;2.2750000e+02;1.8568952e-01;2.2750000e+02;2.1455410e-01;2.2750000e+02;2.0225102e-01;2.2750000e+02;2.0866074e-01;2.2750000e+02;1.5718018e-01;2.2750000e+02;9.6042514e-02;2.2750000e+02;4.2059526e-02;2.2750000e+02;-5.8471113e-03;2.2750000e+02;-4.9980059e-02;2.2750000e+02;-9.3429253e-02;2.2750000e+02;-1.3666581e-01;2.2750000e+02;-1.7817137e-01;2.2750000e+02;-8.4671922e-02;2.2750000e+02;-7.6973870e-02;2.2750000e+02;-4.5606133e-02;2.2750000e+02;5.1048510e-03;2.2750000e+02;6.1321210e-02;2.2750000e+02;1.2712774e-01;2.2750000e+02;1.8568952e-01;2.2750000e+02;2.1455410e-01;2.2750000e+02;2.0225102e-01;2.2750000e+02;2.0866074e-01;2.2750000e+02;1.5718018e-01;2.2750000e+02;9.6042514e-02;2.2750000e+02;4.2059526e-02;2.2750000e+02;-5.8471113e-03;2.2750000e+02;-4.9980059e-02;2.2750000e+02;-9.3429253e-02;2.2750000e+02;-1.3666581e-01;2.2750000e+02;-1.7817137e-01;2.2750000e+02;-8.4671922e-02;2.2750000e+02;-7.6973870e-02;2.2750000e+02;-4.5606133e-02;2.2750000e+02;5.1048510e-03;2.2750000e+02;6.1321210e-02;2.2750000e+02;1.2712774e-01;2.2750000e+02;1.8568952e-01;2.2750000e+02;2.1455410e-01;2.2750000e+02;2.0225102e-01;2.2750000e+02;2.0866074e-01;2.2750000e+02;1.5718018e-01;2.2750000e+02;9.6042514e-02;2.2750000e+02;4.2059526e-02;2.2750000e+02;-5.8471113e-03;2.2750000e+02;-4.9980059e-02;2.2750000e+02;-9.3429253e-02;2.2750000e+02;-1.3666581e-01;2.2750000e+02;-1.7817137e-01;2.2750000e+02;-8.4671922e-02;2.2750000e+02;-7.6973870e-02;2.2750000e+02;-4.5606133e-02;2.2750000e+02;5.1048510e-03;2.2750000e+02;6.1321210e-02;2.2750000e+02;1.2712774e-01;2.2750000e+02;1.8568952e-01;2.2750000e+02;2.1455410e-01;2.2750000e+02;2.0225102e-01;2.2750000e+02;2.0866074e-01;2.2750000e+02;1.5718018e-01;2.2750000e+02;9.6042514e-02;2.2750000e+02;4.2059526e-02;2.2750000e+02;-5.8471113e-03;2.2750000e+02;-4.9980059e-02;2.2750000e+02;-9.3429253e-02;2.2750000e+02;-1.3666581e-01;2.2750000e+02;-1.7817137e-01;2.2750000e+02;-8.4671922e-02;2.2750000e+02;-7.6973870e-02;2.2750000e+02;-4.5606133e-02;2.2750000e+02;5.1048510e-03;2.2750000e+02;6.1321210e-02;2.2750000e+02;1.2712774e-01;2.2750000e+02;1.8568952e-01;2.2750000e+02;2.1455410e-01;2.2750000e+02;2.0225102e-01;2.2750000e+02;2.0866074e-01;2.2750000e+02;1.5718018e-01;2.2750000e+02;9.6042514e-02;2.2750000e+02;4.2059526e-02;2.2750000e+02;-5.8471113e-03;2.2750000e+02;-4.9980059e-02;2.2750000e+02;-9.3429253e-02;2.2750000e+02;-1.3666581e-01;2.2750000e+02;-1.7817137e-01;2.2750000e+02;-8.4671922e-02;2.2750000e+02;-7.6973870e-02;2.2750000e+02;-4.5606133e-02;2.2750000e+02;5.1048510e-03;2.2750000e+02;6.1321210e-02;2.2750000e+02;1.2712774e-01;2.2750000e+02;1.8568952e-01;2.2750000e+02;2.1455410e-01;2.2750000e+02;2.0225102e-01;2.2750000e+02;2.0866074e-01;2.2750000e+02;1.5718018e-01;2.2750000e+02;9.6042514e-02;2.2750000e+02;4.2059526e-02;2.2750000e+02;-5.8471113e-03;2.2750000e+02;-4.9980059e-02;2.2750000e+02;-9.3429253e-02;2.2750000e+02;-1.3666581e-01;2.2750000e+02;-1.7817137e-01;2.2750000e+02;-8.4671922e-02;2.2750000e+02;-7.6973870e-02;2.2750000e+02;-4.5606133e-02;2.2750000e+02;5.1048510e-03;2.2750000e+02;6.1321210e-02;2.2750000e+02;1.2712774e-01;2.2750000e+02;1.8568952e-01;2.2750000e+02;2.1455410e-01;2.2750000e+02;2.0225102e-01;2.2750000e+02;2.0866074e-01;2.2750000e+02;1.5718018e-01;2.2750000e+02;9.6042514e-02;2.2750000e+02;4.2059526e-02;2.2750000e+02;-5.8471113e-03;2.2750000e+02;-4.9980059e-02;2.2750000e+02;-9.3429253e-02;2.2750000e+02;-1.3666581e-01;2.2750000e+02;-1.7817137e-01;2.2750000e+02;-8.4671922e-02;2.2750000e+02;-7.6973870e-02;2.2750000e+02;-4.5606133e-02;2.2750000e+02;5.1048510e-03;2.2750000e+02;6.1321210e-02;2.2750000e+02;1.2712774e-01;2.2750000e+02;1.8568952e-01;2.2750000e+02;2.1455410e-01;2.2750000e+02;2.0225102e-01;2.2750000e+02;2.0866074e-01;2.2750000e+02;1.5718018e-01;2.2750000e+02;9.6042514e-02;2.2750000e+02;4.2059526e-02;2.2750000e+02;-5.8471113e-03;2.2750000e+02;-4.9980059e-02;2.2750000e+02;-9.3429253e-02;2.2750000e+02;-1.3666581e-01;2.2750000e+02;-1.7817137e-01;2.2750000e+02;-8.4671922e-02;2.2750000e+02;-7.6973870e-02;2.2750000e+02;-4.5606133e-02;2.2750000e+02;5.1048510e-03;2.2750000e+02;6.1321210e-02;2.2750000e+02;1.2712774e-01;2.2750000e+02;1.8568952e-01;2.2750000e+02;2.1455410e-01;2.2750000e+02;2.0225102e-01;2.2750000e+02;2.0866074e-01;2.2750000e+02;1.5718018e-01;2.2750000e+02;9.6042514e-02;2.2750000e+02;4.2059526e-02;2.2750000e+02;-5.8471113e-03;2.2750000e+02;-4.9980059e-02;2.2750000e+02;-9.3429253e-02;2.2750000e+02;-1.3666581e-01;2.2750000e+02;-1.7817137e-01;2.2750000e+02;-8.4671922e-02;2.2750000e+02;-7.6973870e-02;2.2750000e+02;-4.5606133e-02;2.2750000e+02;5.1048510e-03;2.2750000e+02;6.1321210e-02;2.2750000e+02;1.2712774e-01;2.2750000e+02;1.8568952e-01;2.2750000e+02;2.1455410e-01;2.2750000e+02;2.0225102e-01;2.2750000e+02;2.0866074e-01;2.2750000e+02;1.5718018e-01;2.2750000e+02;9.6042514e-02;2.2750000e+02;4.2059526e-02;2.2750000e+02;-5.8471113e-03;2.2750000e+02;-4.9980059e-02;2.2750000e+02;-9.3429253e-02;2.2750000e+02;-1.3666581e-01;2.2750000e+02;-1.7817137e-01;2.2750000e+02;-8.4671922e-02;2.2750000e+02;-7.6973870e-02;2.2750000e+02;-4.5606133e-02;2.2750000e+02;5.1048510e-03;2.2750000e+02;6.1321210e-02;2.2750000e+02;1.2712774e-01;2.2750000e+02;1.8568952e-01;2.2750000e+02;2.1455410e-01;2.2750000e+02;2.0225102e-01;2.2750000e+02;2.0866074e-01;2.2750000e+02;1.5718018e-01;2.2750000e+02;9.6042514e-02;2.2750000e+02;4.2059526e-02;2.2750000e+02;-5.8471113e-03;2.2750000e+02;-4.9980059e-02;2.2750000e+02;-9.3429253e-02;2.2750000e+02;-1.3666581e-01;2.2750000e+02;-1.7817137e-01;2.2750000e+02;-8.4671922e-02;2.2750000e+02;-7.6973870e-02;2.2750000e+02;-4.5606133e-02;2.2750000e+02;5.1048510e-03;2.2750000e+02;6.1321210e-02;2.2750000e+02;1.2712774e-01;2.2750000e+02;1.8568952e-01;2.2750000e+02;2.1455410e-01;2.2750000e+02;2.0225102e-01;2.2750000e+02;2.0866074e-01;2.2750000e+02;1.5718018e-01;2.2750000e+02;9.6042514e-02;2.2750000e+02;4.2059526e-02;2.2750000e+02;-5.8471113e-03;2.2750000e+02;-4.9980059e-02;2.2750000e+02;-9.3429253e-02;2.2750000e+02;-1.3666581e-01;2.2750000e+02;-1.7817137e-01;2.2750000e+02;-8.4671922e-02;2.2750000e+02;-7.6973870e-02;2.2750000e+02;-4.5606133e-02;2.2750000e+02;5.1048510e-03;2.2750000e+02;6.1321210e-02;2.2750000e+02;1.2712774e-01;2.2750000e+02;1.8568952e-01;2.2750000e+02;2.1455410e-01;2.2750000e+02;2.0225102e-01;2.2750000e+02;2.0866074e-01;2.2750000e+02;1.5718018e-01;2.2750000e+02;9.6042514e-02;2.2750000e+02;4.2059526e-02;2.2750000e+02;-5.8471113e-03;2.2750000e+02;-4.9980059e-02;2.2750000e+02;-9.3429253e-02;2.2750000e+02;-1.3666581e-01;2.2750000e+02;-1.7817137e-01;2.2750000e+02;-8.4671922e-02;2.2750000e+02;-7.6973870e-02;2.2750000e+02;-4.5606133e-02;2.2750000e+02;5.1048510e-03;2.2750000e+02;6.1321210e-02;2.2750000e+02;1.2712774e-01;2.2750000e+02;1.8568952e-01;2.2750000e+02;2.1455410e-01;2.2750000e+02;2.0225102e-01;2.2750000e+02;2.0866074e-01;2.2750000e+02;1.5718018e-01;2.2750000e+02;9.6042514e-02;2.2750000e+02;4.2059526e-02;2.2750000e+02;-5.8471113e-03;2.2750000e+02;-4.9980059e-02;2.2750000e+02;-9.3429253e-02;2.2750000e+02;-1.3666581e-01;2.2750000e+02;-1.7817137e-01;2.2750000e+02;-8.4671922e-02;2.2750000e+02;-7.6973870e-02;2.2750000e+02;-4.5606133e-02;2.2750000e+02;5.1048510e-03;2.2750000e+02;6.1321210e-02;2.2750000e+02;1.2712774e-01;2.2750000e+02;1.8568952e-01;2.2750000e+02;2.1455410e-01;2.2750000e+02;2.0225102e-01;2.2750000e+02;2.0866074e-01;2.2750000e+02;1.5718018e-01;2.2750000e+02;9.6042514e-02;2.2750000e+02;4.2059526e-02;2.2750000e+02;-5.8471113e-03;2.2750000e+02;-4.9980059e-02;2.2750000e+02;-9.3429253e-02;2.2750000e+02;-1.3666581e-01;2.2750000e+02;-1.7817137e-01;2.2750000e+02;-8.4671922e-02;2.2750000e+02;-7.6973870e-02;2.2750000e+02;-4.5606133e-02;2.2750000e+02;5.1048510e-03;2.2750000e+02;6.1321210e-02;2.2750000e+02;1.2712774e-01;2.2750000e+02;1.8568952e-01;2.2750000e+02;2.1455410e-01;2.2750000e+02;2.0225102e-01;2.2750000e+02;2.0866074e-01;2.2750000e+02;1.5718018e-01;2.2750000e+02;9.6042514e-02;2.2750000e+02;4.2059526e-02;2.2750000e+02;-5.8471113e-03;2.2750000e+02;-4.9980059e-02;2.2750000e+02;-9.3429253e-02;2.2750000e+02;-1.3666581e-01;2.2750000e+02;-1.7817137e-01;2.2750000e+02;-8.4671922e-02;2.2750000e+02;-7.6973870e-02;2.2750000e+02;-4.5606133e-02;2.2750000e+02;5.1048510e-03;2.2750000e+02;6.1321210e-02;2.2750000e+02;1.2712774e-01;2.2750000e+02;1.8568952e-01;2.2750000e+02;2.1455410e-01;2.2750000e+02;2.0225102e-01;2.2750000e+02;2.0866074e-01;2.2750000e+02;1.5718018e-01;2.2750000e+02;9.6042514e-02;2.2750000e+02;4.2059526e-02;2.2750000e+02;-5.8471113e-03;2.2750000e+02;-4.9980059e-02;2.2750000e+02;-9.3429253e-02;2.2750000e+02;-1.3666581e-01;2.2750000e+02;-1.7817137e-01;2.2750000e+02;-8.4671922e-02;2.2750000e+02;-7.6973870e-02;2.2750000e+02;-4.5606133e-02;2.2750000e+02;5.1048510e-03;2.2750000e+02;6.1321210e-02;2.2750000e+02;1.2712774e-01;2.2750000e+02;1.8568952e-01;2.2750000e+02;2.1455410e-01;2.2750000e+02;2.0225102e-01;2.2750000e+02;2.0866074e-01;2.2750000e+02;1.5718018e-01;2.2750000e+02;9.6042514e-02;2.2750000e+02;4.2059526e-02;2.2750000e+02;-5.8471113e-03;2.2750000e+02;-4.9980059e-02;2.2750000e+02;-9.3429253e-02;2.2750000e+02;-1.3666581e-01;2.2750000e+02;-1.7817137e-01;2.2750000e+02;-8.4671922e-02;2.2750000e+02;-7.6973870e-02;2.2750000e+02;-4.5606133e-02;2.2750000e+02;5.1048510e-03;2.2750000e+02;6.1321210e-02;2.2750000e+02;1.2712774e-01;2.2750000e+02;1.8568952e-01;2.2750000e+02;2.1455410e-01;2.2750000e+02;2.0225102e-01;2.2750000e+02;2.0866074e-01;2.2750000e+02;1.5718018e-01;2.2750000e+02;9.6042514e-02;2.2750000e+02;4.2059526e-02;2.2750000e+02;-5.8471113e-03;2.2750000e+02;-4.9980059e-02;2.2750000e+02;-9.3429253e-02;2.2750000e+02;-1.3666581e-01;2.2750000e+02;-1.7817137e-01;2.2750000e+02;-8.4671922e-02;2.2750000e+02;-7.6973870e-02;2.2750000e+02;-4.5606133e-02;2.2750000e+02;5.1048510e-03;2.2750000e+02;6.1321210e-02;2.2750000e+02;1.2712774e-01;2.2750000e+02;1.8568952e-01;2.2750000e+02;2.1455410e-01;2.2750000e+02;2.0225102e-01;2.2750000e+02;2.0866074e-01;2.2750000e+02;1.5718018e-01;2.2750000e+02;9.6042514e-02;2.2750000e+02;4.2059526e-02;2.2750000e+02;-5.8471113e-03;2.2750000e+02;-4.9980059e-02;2.2750000e+02;-9.3429253e-02;2.2750000e+02;-1.3666581e-01;2.2750000e+02;-1.7817137e-01;2.2750000e+02;-8.4671922e-02;2.2750000e+02;-7.6973870e-02;2.2750000e+02;-4.5606133e-02;2.2750000e+02;5.1048510e-03;2.2750000e+02;6.1321210e-02;2.2750000e+02;1.2712774e-01;2.2750000e+02;1.8568952e-01;2.2750000e+02;2.1455410e-01;2.2750000e+02;2.0225102e-01;2.2750000e+02;2.0866074e-01;2.2750000e+02;1.5718018e-01;2.2750000e+02;9.6042514e-02;2.2750000e+02;4.2059526e-02;2.2750000e+02;-5.8471113e-03;2.2750000e+02;-4.9980059e-02;2.2750000e+02;-9.3429253e-02;2.2750000e+02;-1.3666581e-01;2.2750000e+02;-1.7817137e-01;2.2750000e+02;-8.4671922e-02;2.2750000e+02;-7.6973870e-02;2.2750000e+02;-4.5606133e-02;2.2750000e+02;5.1048510e-03;2.2750000e+02;6.1321210e-02;2.2750000e+02;1.2712774e-01;2.2750000e+02;1.8568952e-01;2.2750000e+02;2.1455410e-01;2.2750000e+02;2.0225102e-01;2.2750000e+02;2.0866074e-01;2.2750000e+02;1.5718018e-01;2.2750000e+02;9.6042514e-02;2.2750000e+02;4.2059526e-02;2.2750000e+02;-5.8471113e-03;2.2750000e+02;-4.9980059e-02;2.2750000e+02;-9.3429253e-02;2.2750000e+02;-1.3666581e-01;2.2750000e+02;-1.7817137e-01;2.2750000e+02;-8.4671922e-02;2.2750000e+02;-7.6973870e-02;2.2750000e+02;-4.5606133e-02;2.2750000e+02;5.1048510e-03;2.2750000e+02;6.1321210e-02;2.2750000e+02;1.2712774e-01;2.2750000e+02;1.8568952e-01;2.2750000e+02;2.1455410e-01;2.2750000e+02;2.0225102e-01;2.2750000e+02;2.0866074e-01;2.2750000e+02;1.5718018e-01;2.2750000e+02;9.6042514e-02;2.2750000e+02;4.2059526e-02;2.2750000e+02;-5.8471113e-03;2.2750000e+02;-4.9980059e-02;2.2750000e+02;-9.3429253e-02;2.2750000e+02;-1.3666581e-01;2.2750000e+02;-1.7817137e-01;2.2750000e+02;-8.4671922e-02;2.2750000e+02;-7.6973870e-02;2.2750000e+02;-4.5606133e-02;2.2750000e+02;5.1048510e-03;2.2750000e+02;6.1321210e-02;2.2750000e+02;1.2712774e-01;2.2750000e+02;1.8568952e-01;2.2750000e+02;2.1455410e-01;2.2750000e+02;2.0225102e-01;2.2750000e+02;2.0866074e-01;2.2750000e+02;1.5718018e-01;2.2750000e+02;9.6042514e-02;2.2750000e+02;4.2059526e-02;2.2750000e+02;-5.8471113e-03;2.2750000e+02;-4.9980059e-02;2.2750000e+02;-9.3429253e-02;2.2750000e+02;-1.3666581e-01;2.2750000e+02;-1.7817137e-01;2.2750000e+02;-8.4671922e-02;2.2750000e+02;-7.6973870e-02;2.2750000e+02;-4.5606133e-02;2.2750000e+02;5.1048510e-03;2.2750000e+02;6.1321210e-02;2.2750000e+02;1.2712774e-01;2.2750000e+02;1.8568952e-01;2.2750000e+02;2.1455410e-01;2.2750000e+02;2.0225102e-01;2.2750000e+02;2.0866074e-01;2.2750000e+02;1.5718018e-01;2.2750000e+02;9.6042514e-02;2.2750000e+02;4.2059526e-02;2.2750000e+02;-5.8471113e-03;2.2750000e+02;-4.9980059e-02;2.2750000e+02;-9.3429253e-02;2.2750000e+02;-1.3666581e-01;2.2750000e+02;-1.7817137e-01;2.2750000e+02;-8.4671922e-02;2.2750000e+02;-7.6973870e-02;2.2750000e+02;-4.5606133e-02;2.2750000e+02;5.1048510e-03;2.2750000e+02;6.1321210e-02;2.2750000e+02;1.2712774e-01;2.2750000e+02;1.8568952e-01;2.2750000e+02;2.1455410e-01;2.2750000e+02;2.0225102e-01;2.2750000e+02;2.0866074e-01;2.2750000e+02;1.5718018e-01;2.2750000e+02;9.6042514e-02;2.2750000e+02;4.2059526e-02;2.2750000e+02;-5.8471113e-03;2.2750000e+02;-4.9980059e-02;2.2750000e+02;-9.3429253e-02;2.2750000e+02;-1.3666581e-01;2.2750000e+02;-1.7817137e-01;2.2750000e+02;-8.4671922e-02;2.2750000e+02;-7.6973870e-02;2.2750000e+02;-4.5606133e-02;2.2750000e+02;5.1048510e-03;2.2750000e+02;6.1321210e-02;2.2750000e+02;1.2712774e-01;2.2750000e+02;1.8568952e-01;2.2750000e+02;2.1455410e-01;2.2750000e+02;2.0225102e-01;2.2750000e+02;2.0866074e-01;2.2750000e+02;1.5718018e-01;2.2750000e+02;9.6042514e-02;2.2750000e+02;4.2059526e-02;2.2750000e+02;-5.8471113e-03;2.2750000e+02;-4.9980059e-02;2.2750000e+02;-9.3429253e-02;2.2750000e+02;-1.3666581e-01;2.2750000e+02;-1.7817137e-01;2.2750000e+02;-8.4671922e-02;2.2750000e+02;-7.6973870e-02;2.2750000e+02;-4.5606133e-02;2.2750000e+02;5.1048510e-03;2.2750000e+02;6.1321210e-02;2.2750000e+02;1.2712774e-01;2.2750000e+02;1.8568952e-01;2.2750000e+02;2.1455410e-01;2.2750000e+02;2.0225102e-01;2.2750000e+02;2.0866074e-01;2.2750000e+02;1.5718018e-01;2.2750000e+02;9.6042514e-02;2.2750000e+02;4.2059526e-02;2.2750000e+02;-5.8471113e-03;2.2750000e+02;-4.9980059e-02;2.2750000e+02;-9.3429253e-02;2.2750000e+02;-1.3666581e-01;2.2750000e+02;-1.7817137e-01;2.2750000e+02;-8.4671922e-02;2.2750000e+02;-7.6973870e-02;2.2750000e+02;-4.5606133e-02;2.2750000e+02;5.1048510e-03;2.2750000e+02;6.1321210e-02;2.2750000e+02;1.2712774e-01;2.2750000e+02;1.8568952e-01;2.2750000e+02;2.1455410e-01;2.2750000e+02;2.0225102e-01;2.2750000e+02;2.0866074e-01;2.2750000e+02;1.5718018e-01;2.2750000e+02;9.6042514e-02;2.2750000e+02;4.2059526e-02;2.2750000e+02;-5.8471113e-03;2.2750000e+02;-4.9980059e-02;2.2750000e+02;-9.3429253e-02;2.2750000e+02;-1.3666581e-01;2.2750000e+02;-1.7817137e-01;2.2750000e+02;-8.4671922e-02;2.2750000e+02;-7.6973870e-02;2.2750000e+02;-4.5606133e-02;2.2750000e+02;5.1048510e-03;2.2750000e+02;6.1321210e-02;2.2750000e+02;1.2712774e-01;2.2750000e+02;1.8568952e-01;2.2750000e+02;2.1455410e-01;2.2750000e+02;2.0225102e-01;2.2750000e+02;2.0866074e-01;2.2750000e+02;1.5718018e-01;2.2750000e+02;9.6042514e-02;2.2750000e+02;4.2059526e-02;2.2750000e+02;-5.8471113e-03;2.2750000e+02;-4.9980059e-02;2.2750000e+02;-9.3429253e-02;2.2750000e+02;-1.3666581e-01;2.2750000e+02;-1.7817137e-01;2.2750000e+02;-8.4671922e-02;2.2750000e+02;-7.6973870e-02;2.2750000e+02;-4.5606133e-02;2.2750000e+02;5.1048510e-03;2.2750000e+02;6.1321210e-02;2.2750000e+02;1.2712774e-01;2.2750000e+02;1.8568952e-01;2.2750000e+02;2.1455410e-01;2.2750000e+02;2.0225102e-01;2.2750000e+02;2.0866074e-01;2.2750000e+02;1.5718018e-01;2.2750000e+02;9.6042514e-02;2.2750000e+02;4.2059526e-02;2.2750000e+02;-5.8471113e-03;2.2750000e+02;-4.9980059e-02;2.2750000e+02;-9.3429253e-02;2.2750000e+02;-1.3666581e-01;2.2750000e+02;-1.7817137e-01;2.2750000e+02;-8.4671922e-02;2.2750000e+02;-7.6973870e-02;2.2750000e+02;-4.5606133e-02;2.2750000e+02;5.1048510e-03;2.2750000e+02;6.1321210e-02;2.2750000e+02;1.2712774e-01;2.2750000e+02;1.8568952e-01;2.2750000e+02;2.1455410e-01;2.2750000e+02;2.0225102e-01;2.2750000e+02;2.0866074e-01;2.2750000e+02;1.5718018e-01;2.2750000e+02;9.6042514e-02;2.2750000e+02;4.2059526e-02;2.2750000e+02;-5.8471113e-03;2.2750000e+02;-4.9980059e-02;2.2750000e+02;-9.3429253e-02;2.2750000e+02;-1.3666581e-01;2.2750000e+02;-1.7817137e-01;2.2750000e+02;-8.4671922e-02;2.2750000e+02;-7.6973870e-02;2.2750000e+02;-4.5606133e-02;2.2750000e+02;5.1048510e-03;2.2750000e+02;6.1321210e-02;2.2750000e+02;1.2712774e-01;2.2750000e+02;1.8568952e-01;2.2750000e+02;2.1455410e-01;2.2750000e+02;2.0225102e-01;2.2750000e+02;2.0866074e-01;2.2750000e+02;1.5718018e-01;2.2750000e+02;9.6042514e-02;2.2750000e+02;4.2059526e-02;2.2750000e+02;-5.8471113e-03;2.2750000e+02;-4.9980059e-02;2.2750000e+02;-9.3429253e-02;2.2750000e+02;-1.3666581e-01;2.2750000e+02;-1.7817137e-01;2.2750000e+02;-8.4671922e-02;2.2750000e+02;-7.6973870e-02;2.2750000e+02;-4.5606133e-02;2.2750000e+02;5.1048510e-03;2.2750000e+02;6.1321210e-02;2.2750000e+02;1.2712774e-01;2.2750000e+02;1.8568952e-01;2.2750000e+02;2.1455410e-01;2.2750000e+02;2.0225102e-01;2.2750000e+02;2.0866074e-01;2.2750000e+02;1.5718018e-01;2.2750000e+02;9.6042514e-02;2.2750000e+02;4.2059526e-02;2.2750000e+02;-5.8471113e-03;2.2750000e+02;-4.9980059e-02;2.2750000e+02;-9.3429253e-02;2.2750000e+02;-1.3666581e-01;2.2750000e+02;-1.7817137e-01;2.2750000e+02;-8.4671922e-02;2.2750000e+02;-7.6973870e-02;2.2750000e+02;-4.5606133e-02;2.2750000e+02;5.1048510e-03;2.2750000e+02;6.1321210e-02;2.2750000e+02;1.2712774e-01;2.2750000e+02;1.8568952e-01;2.2750000e+02;2.1455410e-01;2.2750000e+02;2.0225102e-01;2.2750000e+02;2.0866074e-01;2.2750000e+02;1.5718018e-01;2.2750000e+02;9.6042514e-02;2.2750000e+02;4.2059526e-02;2.2750000e+02;-5.8471113e-03;2.2750000e+02;-4.9980059e-02;2.2750000e+02;-9.3429253e-02;2.2750000e+02;-1.3666581e-01;2.2750000e+02;-1.7817137e-01;2.2750000e+02;-8.4671922e-02;2.2750000e+02;-7.6973870e-02;2.2750000e+02;-4.5606133e-02;2.2750000e+02;5.1048510e-03;2.2750000e+02;6.1321210e-02;2.2750000e+02;1.2712774e-01;2.2750000e+02;1.8568952e-01;2.2750000e+02;2.1455410e-01;2.2750000e+02;2.0225102e-01;2.2750000e+02;2.0866074e-01;2.2750000e+02;1.5718018e-01;2.2750000e+02;9.6042514e-02;2.2750000e+02;4.2059526e-02;2.2750000e+02;-5.8471113e-03;2.2750000e+02;-4.9980059e-02;2.2750000e+02;-9.3429253e-02;2.2750000e+02;-1.3666581e-01;2.2750000e+02;-1.7817137e-01;2.2750000e+02;-8.4671922e-02;2.2750000e+02;-7.6973870e-02;2.2750000e+02;-4.5606133e-02;2.2750000e+02;5.1048510e-03;2.2750000e+02;6.1321210e-02;2.2750000e+02;1.2712774e-01;2.2750000e+02;1.8568952e-01;2.2750000e+02;2.1455410e-01;2.2750000e+02;2.0225102e-01;2.2750000e+02;2.0866074e-01;2.2750000e+02;1.5718018e-01;2.2750000e+02;9.6042514e-02;2.2750000e+02;4.2059526e-02;2.2750000e+02;-5.8471113e-03;2.2750000e+02;-4.9980059e-02;2.2750000e+02;-9.3429253e-02;2.2750000e+02;-1.3666581e-01;2.2750000e+02;-1.7817137e-01;2.2750000e+02;-8.4671922e-02;2.2750000e+02;-7.6973870e-02;2.2750000e+02;-4.5606133e-02;2.2750000e+02;5.1048510e-03;2.2750000e+02;6.1321210e-02;2.2750000e+02;1.2712774e-01;2.2750000e+02;1.8568952e-01;2.2750000e+02;2.1455410e-01;2.2750000e+02;2.0225102e-01;2.2750000e+02;2.0866074e-01;2.2750000e+02;1.5718018e-01;2.2750000e+02;9.6042514e-02;2.2750000e+02;4.2059526e-02;2.2750000e+02;-5.8471113e-03;2.2750000e+02;-4.9980059e-02;2.2750000e+02;-9.3429253e-02;2.2750000e+02;-1.3666581e-01;2.2750000e+02;-1.7817137e-01;2.2750000e+02;-8.4671922e-02;2.2750000e+02;-7.6973870e-02;2.2750000e+02;-4.5606133e-02;2.2750000e+02;5.1048510e-03;2.2750000e+02;6.1321210e-02;2.2750000e+02;1.2712774e-01;2.2750000e+02;1.8568952e-01;2.2750000e+02;2.1455410e-01;2.2750000e+02;2.0225102e-01;2.2750000e+02;2.0866074e-01;2.2750000e+02;1.5718018e-01;2.2750000e+02;9.6042514e-02;2.2750000e+02;4.2059526e-02;2.2750000e+02;-5.8471113e-03;2.2750000e+02;-4.9980059e-02;2.2750000e+02;-9.3429253e-02;2.2750000e+02;-1.3666581e-01;2.2750000e+02;-1.7817137e-01;2.2750000e+02;-8.4671922e-02;2.2750000e+02;-7.6973870e-02;2.2750000e+02;-4.5606133e-02;2.2750000e+02;5.1048510e-03;2.2750000e+02;6.1321210e-02;2.2750000e+02;1.2712774e-01;2.2750000e+02;1.8568952e-01;2.2750000e+02;2.1455410e-01;2.2750000e+02;2.0225102e-01;2.2750000e+02;2.0866074e-01;2.2750000e+02;1.5718018e-01;2.2750000e+02;9.6042514e-02;2.2750000e+02;4.2059526e-02;2.2750000e+02;-5.8471113e-03;2.2750000e+02;-4.9980059e-02;2.2750000e+02;-9.3429253e-02;2.2750000e+02;-1.3666581e-01;2.2750000e+02;-1.7817137e-01;2.2750000e+02;-8.4671922e-02;2.2750000e+02;-7.6973870e-02;2.2750000e+02;-4.5606133e-02;2.2750000e+02;5.1048510e-03;2.2750000e+02;6.1321210e-02;2.2750000e+02;1.2712774e-01;2.2750000e+02;1.8568952e-01;2.2750000e+02;2.1455410e-01;2.2750000e+02;2.0225102e-01;2.2750000e+02;2.0866074e-01;2.2750000e+02;1.5718018e-01;2.2750000e+02;9.6042514e-02;2.2750000e+02;4.2059526e-02;2.2750000e+02;-5.8471113e-03;2.2750000e+02;-4.9980059e-02;2.2750000e+02;-9.3429253e-02;2.2750000e+02;-1.3666581e-01;2.2750000e+02;-1.7817137e-01;2.2750000e+02;-8.4671922e-02;2.2750000e+02;-7.6973870e-02;2.2750000e+02;-4.5606133e-02;2.2750000e+02;5.1048510e-03;2.2750000e+02;6.1321210e-02;2.2750000e+02;1.2712774e-01;2.2750000e+02;1.8568952e-01;2.2750000e+02;2.1455410e-01;2.2750000e+02;2.0225102e-01;2.2750000e+02;2.0866074e-01;2.2750000e+02;1.5718018e-01;2.2750000e+02;9.6042514e-02;2.2750000e+02;4.2059526e-02;2.2750000e+02;-5.8471113e-03;2.2750000e+02;-4.9980059e-02;2.2750000e+02;-9.3429253e-02;2.2750000e+02;-1.3666581e-01;2.2750000e+02;-1.7817137e-01;2.2750000e+02;-8.4671922e-02;2.2750000e+02;-7.6973870e-02;2.2750000e+02;-4.5606133e-02;2.2750000e+02;5.1048510e-03;2.2750000e+02;6.1321210e-02;2.2750000e+02;1.2712774e-01;2.2750000e+02;1.8568952e-01;2.2750000e+02;2.1455410e-01;2.2750000e+02;2.0225102e-01;2.2750000e+02;2.0866074e-01;2.2750000e+02;1.5718018e-01;2.2750000e+02;9.6042514e-02;2.2750000e+02;4.2059526e-02;2.2750000e+02;-5.8471113e-03;2.2750000e+02;-4.9980059e-02;2.2750000e+02;-9.3429253e-02;2.2750000e+02;-1.3666581e-01;2.2750000e+02;-1.7817137e-01;2.2750000e+02;-8.4671922e-02;2.2750000e+02;-7.6973870e-02;2.2750000e+02;-4.5606133e-02;2.2750000e+02;5.1048510e-03;2.2750000e+02;6.1321210e-02;2.2750000e+02;1.2712774e-01;2.2750000e+02;1.8568952e-01;2.2750000e+02;2.1455410e-01;2.2750000e+02;2.0225102e-01;2.2750000e+02;2.0866074e-01;2.2750000e+02;1.5718018e-01;2.2750000e+02;9.6042514e-02;2.2750000e+02;4.2059526e-02;2.2750000e+02;-5.8471113e-03;2.2750000e+02;-4.9980059e-02;2.2750000e+02;-9.3429253e-02;2.2750000e+02;-1.3666581e-01;2.2750000e+02;-1.7817137e-01;2.2750000e+02;-8.4671922e-02;2.2750000e+02;-7.6973870e-02;2.2750000e+02;-4.5606133e-02;2.2750000e+02;5.1048510e-03;2.2750000e+02;6.1321210e-02;2.2750000e+02;1.2712774e-01;2.2750000e+02;1.8568952e-01;2.2750000e+02;2.1455410e-01;2.2750000e+02;2.0225102e-01;2.2750000e+02;2.0866074e-01;2.2750000e+02;1.5718018e-01;2.2750000e+02;9.6042514e-02;2.2750000e+02;4.2059526e-02;2.2750000e+02;-5.8471113e-03;2.2750000e+02;-4.9980059e-02;2.2750000e+02;-9.3429253e-02;2.2750000e+02;-1.3666581e-01;2.2750000e+02;-1.7817137e-01;2.2750000e+02;-8.4671922e-02;2.2750000e+02;-7.6973870e-02;2.2750000e+02;-4.5606133e-02;2.2750000e+02;5.1048510e-03;2.2750000e+02;6.1321210e-02;2.2750000e+02;1.2712774e-01;2.2750000e+02;1.8568952e-01;2.2750000e+02;2.1455410e-01;2.2750000e+02;2.0225102e-01;2.2750000e+02;2.0866074e-01;2.2750000e+02;1.5718018e-01;2.2750000e+02;9.6042514e-02;2.2750000e+02;4.2059526e-02;2.2750000e+02;-5.8471113e-03;2.2750000e+02;-4.9980059e-02;2.2750000e+02;-9.3429253e-02;2.2750000e+02;-1.3666581e-01;2.2750000e+02;-1.7817137e-01;2.2750000e+02;-8.4671922e-02;2.2750000e+02;-7.6973870e-02;2.2750000e+02;-4.5606133e-02;2.2750000e+02;5.1048510e-03;2.2750000e+02;6.1321210e-02;2.2750000e+02;1.2712774e-01;2.2750000e+02;1.8568952e-01;2.2750000e+02;2.1455410e-01;2.2750000e+02;2.0225102e-01;2.2750000e+02;2.0866074e-01;2.2750000e+02;1.5718018e-01;2.2750000e+02;9.6042514e-02;2.2750000e+02;4.2059526e-02;2.2750000e+02;-5.8471113e-03;2.2750000e+02;-4.9980059e-02;2.2750000e+02;-9.3429253e-02;2.2750000e+02;-1.3666581e-01;2.2750000e+02;-1.7817137e-01;2.2750000e+02;-8.4671922e-02;2.2750000e+02;-7.6973870e-02;2.2750000e+02;-4.5606133e-02;2.2750000e+02;5.1048510e-03;2.2750000e+02;6.1321210e-02;2.2750000e+02;1.2712774e-01;2.2750000e+02;1.8568952e-01;2.2750000e+02;2.1455410e-01;2.2750000e+02;2.0225102e-01;2.2750000e+02;2.0866074e-01;2.2750000e+02;1.5718018e-01;2.2750000e+02;9.6042514e-02;2.2750000e+02;4.2059526e-02;2.2750000e+02;-5.8471113e-03;2.2750000e+02;-4.9980059e-02;2.2750000e+02;-9.3429253e-02;2.2750000e+02;-1.3666581e-01;2.2750000e+02;-1.7817137e-01;2.2750000e+02;-8.4671922e-02;2.2750000e+02;-7.6973870e-02;2.2750000e+02;-4.5606133e-02;2.2750000e+02;5.1048510e-03;2.2750000e+02;6.1321210e-02;2.2750000e+02;1.2712774e-01;2.2750000e+02;1.8568952e-01;2.2750000e+02;2.1455410e-01;2.2750000e+02;2.0225102e-01;2.2750000e+02;2.0866074e-01;2.2750000e+02;1.5718018e-01;2.2750000e+02;9.6042514e-02;2.2750000e+02;4.2059526e-02;2.2750000e+02;-5.8471113e-03;2.2750000e+02;-4.9980059e-02;2.2750000e+02;-9.3429253e-02;2.2750000e+02;-1.3666581e-01;2.2750000e+02;-1.7817137e-01;2.2750000e+02;-8.4671922e-02;2.2750000e+02;-7.6973870e-02;2.2750000e+02;-4.5606133e-02;2.2750000e+02;5.1048510e-03;2.2750000e+02;6.1321210e-02;2.2750000e+02;1.2712774e-01;2.2750000e+02;1.8568952e-01;2.2750000e+02;2.1455410e-01;2.2750000e+02;2.0225102e-01;2.2750000e+02;2.0866074e-01;2.2750000e+02;1.5718018e-01;2.2750000e+02;9.6042514e-02;2.2750000e+02;4.2059526e-02;2.2750000e+02;-5.8471113e-03;2.2750000e+02;-4.9980059e-02;2.2750000e+02;-9.3429253e-02;2.2750000e+02;-1.3666581e-01;2.2750000e+02;-1.7817137e-01;2.2750000e+02;-8.4671922e-02;2.2750000e+02;-7.6973870e-02;2.2750000e+02;-4.5606133e-02;2.2750000e+02;5.1048510e-03;2.2750000e+02;6.1321210e-02;2.2750000e+02;1.2712774e-01;2.2750000e+02;1.8568952e-01;2.2750000e+02;2.1455410e-01;2.2750000e+02;2.0225102e-01;2.2750000e+02;2.0866074e-01;2.2750000e+02;1.5718018e-01;2.2750000e+02;9.6042514e-02;2.2750000e+02;4.2059526e-02;2.2750000e+02;-5.8471113e-03;2.2750000e+02;-4.9980059e-02;2.2750000e+02;-9.3429253e-02;2.2750000e+02;-1.3666581e-01;2.2750000e+02;-1.7817137e-01;2.2750000e+02;-8.4671922e-02;2.2750000e+02;-7.6973870e-02;2.2750000e+02;-4.5606133e-02;2.2750000e+02;5.1048510e-03;2.2750000e+02;6.1321210e-02;2.2750000e+02;1.2712774e-01;2.2750000e+02;1.8568952e-01;2.2750000e+02;2.1455410e-01;2.2750000e+02;2.0225102e-01;2.2750000e+02;2.0866074e-01;2.2750000e+02;1.5718018e-01;2.2750000e+02;9.6042514e-02;2.2750000e+02;4.2059526e-02;2.2750000e+02;-5.8471113e-03;2.2750000e+02;-4.9980059e-02;2.2750000e+02;-9.3429253e-02;2.2750000e+02;-1.3666581e-01;2.2750000e+02;-1.7817137e-01;2.2750000e+02;-8.4671922e-02;2.2750000e+02;-7.6973870e-02;2.2750000e+02;-4.5606133e-02;2.2750000e+02;5.1048510e-03;2.2750000e+02;6.1321210e-02;2.2750000e+02;1.2712774e-01;2.2750000e+02;1.8568952e-01;2.2750000e+02;2.1455410e-01;2.2750000e+02;2.0225102e-01;2.2750000e+02;2.0866074e-01;2.2750000e+02;1.5718018e-01;2.2750000e+02;9.6042514e-02;2.2750000e+02;4.2059526e-02;2.2750000e+02;-5.8471113e-03;2.2750000e+02;-4.9980059e-02;2.2750000e+02;-9.3429253e-02;2.2750000e+02;-1.3666581e-01;2.2750000e+02;-1.7817137e-01;2.2750000e+02;-8.4671922e-02;2.2750000e+02;-7.6973870e-02;2.2750000e+02;-4.5606133e-02;2.2750000e+02;5.1048510e-03;2.2750000e+02;6.1321210e-02;2.2750000e+02;1.2712774e-01;2.2750000e+02;1.8568952e-01;2.2750000e+02;2.1455410e-01;2.2750000e+02;2.0225102e-01;2.2750000e+02;2.0866074e-01;2.2750000e+02;1.5718018e-01;2.2750000e+02;9.6042514e-02;2.2750000e+02;4.2059526e-02;2.2750000e+02;-5.8471113e-03;2.2750000e+02;-4.9980059e-02;2.2750000e+02;-9.3429253e-02;2.2750000e+02;-1.3666581e-01;2.2750000e+02;-1.7817137e-01;2.2750000e+02;-8.4671922e-02;2.2750000e+02;-7.6973870e-02;2.2750000e+02;-4.5606133e-02;2.2750000e+02;5.1048510e-03;2.2750000e+02;6.1321210e-02;2.2750000e+02;1.2712774e-01;2.2750000e+02;1.8568952e-01;2.2750000e+02;2.1455410e-01;2.2750000e+02;2.0225102e-01;2.2750000e+02;2.0866074e-01;2.2750000e+02;1.5718018e-01;2.2750000e+02;9.6042514e-02;2.2750000e+02;4.2059526e-02;2.2750000e+02;-5.8471113e-03;2.2750000e+02;-4.9980059e-02;2.2750000e+02;-9.3429253e-02;2.2750000e+02;-1.3666581e-01;2.2750000e+02;-1.7817137e-01;2.2750000e+02;-8.4671922e-02;2.2750000e+02;-7.6973870e-02;2.2750000e+02;-4.5606133e-02;2.2750000e+02;5.1048510e-03;2.2750000e+02;6.1321210e-02;2.2750000e+02;1.2712774e-01;2.2750000e+02;1.8568952e-01;2.2750000e+02;2.1455410e-01;2.2750000e+02;2.0225102e-01;2.2750000e+02;2.0866074e-01;2.2750000e+02;1.5718018e-01;2.2750000e+02;9.6042514e-02;2.2750000e+02;4.2059526e-02;2.2750000e+02;-5.8471113e-03;2.2750000e+02;-4.9980059e-02;2.2750000e+02;-9.3429253e-02;2.2750000e+02;-1.3666581e-01;2.2750000e+02;-1.7817137e-01;2.2750000e+02;-8.4671922e-02;2.2750000e+02;-7.6973870e-02;2.2750000e+02;-4.5606133e-02;2.2750000e+02;5.1048510e-03;2.2750000e+02;6.1321210e-02;2.2750000e+02;1.2712774e-01;2.2750000e+02;1.8568952e-01;2.2750000e+02;2.1455410e-01;2.2750000e+02;2.0225102e-01;2.2750000e+02;2.0866074e-01;2.2750000e+02;1.5718018e-01;2.2750000e+02;9.6042514e-02;2.2750000e+02;4.2059526e-02;2.2750000e+02;-5.8471113e-03;2.2750000e+02;-4.9980059e-02;2.2750000e+02;-9.3429253e-02;2.2750000e+02;-1.3666581e-01;2.2750000e+02;-1.7817137e-01;2.2750000e+02;-8.4671922e-02;2.2750000e+02;-7.6973870e-02;2.2750000e+02;-4.5606133e-02;2.2750000e+02;5.1048510e-03;2.2750000e+02;6.1321210e-02;2.2750000e+02;1.2712774e-01;2.2750000e+02;1.8568952e-01;2.2750000e+02;2.1455410e-01;2.2750000e+02;2.0225102e-01;2.2750000e+02;2.0866074e-01;2.2750000e+02;1.5718018e-01;2.2750000e+02;9.6042514e-02;2.2750000e+02;4.2059526e-02;2.2750000e+02;-5.8471113e-03;2.2750000e+02;-4.9980059e-02;2.2750000e+02;-9.3429253e-02;2.2750000e+02;-1.3666581e-01;2.2750000e+02;-1.7817137e-01;2.2750000e+02;-8.4671922e-02;2.2750000e+02;-7.6973870e-02;2.2750000e+02;-4.5606133e-02;2.2750000e+02;5.1048510e-03;2.2750000e+02;6.1321210e-02;2.2750000e+02;1.2712774e-01;2.2750000e+02;1.8568952e-01;2.2750000e+02;2.1455410e-01;2.2750000e+02;2.0225102e-01;2.2750000e+02;2.0866074e-01;2.2750000e+02;1.5718018e-01;2.2750000e+02;9.6042514e-02;2.2750000e+02;4.2059526e-02;2.2750000e+02;-5.8471113e-03;2.2750000e+02;-4.9980059e-02;2.2750000e+02;-9.3429253e-02;2.2750000e+02;-1.3666581e-01;2.2750000e+02;-1.7817137e-01;2.2750000e+02;-8.4671922e-02;2.2750000e+02;-7.6973870e-02;2.2750000e+02;-4.5606133e-02;2.2750000e+02;5.1048510e-03;2.2750000e+02;6.1321210e-02;2.2750000e+02;1.2712774e-01;2.2750000e+02;1.8568952e-01;2.2750000e+02;2.1455410e-01;2.2750000e+02;2.0225102e-01;2.2750000e+02;2.0866074e-01;2.2750000e+02;1.5718018e-01;2.2750000e+02;9.6042514e-02;2.2750000e+02;4.2059526e-02;2.2750000e+02;-5.8471113e-03;2.2750000e+02;-4.9980059e-02;2.2750000e+02;-9.3429253e-02;2.2750000e+02;-1.3666581e-01;2.2750000e+02;-1.7817137e-01;2.2750000e+02;-8.4671922e-02;2.2750000e+02;-7.6973870e-02;2.2750000e+02;-4.5606133e-02;2.2750000e+02;5.1048510e-03;2.2750000e+02;6.1321210e-02;2.2750000e+02;1.2712774e-01;2.2750000e+02;1.8568952e-01;2.2750000e+02;2.1455410e-01;2.2750000e+02;2.0225102e-01;2.2750000e+02;2.0866074e-01;2.2750000e+02;1.5718018e-01;2.2750000e+02;9.6042514e-02;2.2750000e+02;4.2059526e-02;2.2750000e+02;-5.8471113e-03;2.2750000e+02;-4.9980059e-02;2.2750000e+02;-9.3429253e-02;2.2750000e+02;-1.3666581e-01;2.2750000e+02;-1.7817137e-01;2.2750000e+02;-8.4671922e-02;2.2750000e+02;-7.6973870e-02;2.2750000e+02;-4.5606133e-02;2.2750000e+02;5.1048510e-03;2.2750000e+02;6.1321210e-02;2.2750000e+02;1.2712774e-01;2.2750000e+02;1.8568952e-01;2.2750000e+02;2.1455410e-01;2.2750000e+02;2.0225102e-01;2.2750000e+02;2.0866074e-01;2.2750000e+02;1.5718018e-01;2.2750000e+02;9.6042514e-02;2.2750000e+02;4.2059526e-02;2.2750000e+02;-5.8471113e-03;2.2750000e+02;-4.9980059e-02;2.2750000e+02;-9.3429253e-02;2.2750000e+02;-1.3666581e-01;2.2750000e+02;-1.7817137e-01;2.2750000e+02;-8.4671922e-02;2.2750000e+02;-7.6973870e-02;2.2750000e+02;-4.5606133e-02;2.2750000e+02;5.1048510e-03;2.2750000e+02;6.1321210e-02;2.2750000e+02;1.2712774e-01;2.2750000e+02;1.8568952e-01;2.2750000e+02;2.1455410e-01;2.2750000e+02;2.0225102e-01;2.2750000e+02;2.0866074e-01;2.2750000e+02;1.5718018e-01;2.2750000e+02;9.6042514e-02;2.2750000e+02;4.2059526e-02;2.2750000e+02;-5.8471113e-03;2.2750000e+02;-4.9980059e-02;2.2750000e+02;-9.3429253e-02;2.2750000e+02;-1.3666581e-01;2.2750000e+02;-1.7817137e-01;2.2750000e+02;-8.4671922e-02;2.2750000e+02;-7.6973870e-02;2.2750000e+02;-4.5606133e-02;2.2750000e+02;5.1048510e-03;2.2750000e+02;6.1321210e-02;2.2750000e+02;1.2712774e-01;2.2750000e+02;1.8568952e-01;2.2750000e+02;2.1455410e-01;2.2750000e+02;2.0225102e-01;2.2750000e+02;2.0866074e-01;2.2750000e+02;1.5718018e-01;2.2750000e+02;9.6042514e-02;2.2750000e+02;4.2059526e-02;2.2750000e+02;-5.8471113e-03;2.2750000e+02;-4.9980059e-02;2.2750000e+02;-9.3429253e-02;2.2750000e+02;-1.3666581e-01;2.2750000e+02;-1.7817137e-01;2.2750000e+02;-8.4671922e-02;2.2750000e+02;-7.6973870e-02;2.2750000e+02;-4.5606133e-02;2.2750000e+02;5.1048510e-03;2.2750000e+02;6.1321210e-02;2.2750000e+02;1.2712774e-01;2.2750000e+02;1.8568952e-01;2.2750000e+02;2.1455410e-01;2.2750000e+02;2.0225102e-01;2.2750000e+02;2.0866074e-01;2.2750000e+02;1.5718018e-01;2.2750000e+02;9.6042514e-02;2.2750000e+02;4.2059526e-02;2.2750000e+02;-5.8471113e-03;2.2750000e+02;-4.9980059e-02;2.2750000e+02;-9.3429253e-02;2.2750000e+02;-1.3666581e-01;2.2750000e+02;-1.7817137e-01
2.3250000e+02;-7.9203933e-02;2.3250000e+02;-7.4327365e-02;2.3250000e+02;-4.3166976e-02;2.3250000e+02;1.4504753e-03;2.3250000e+02;6.0297452e-02;2.3250000e+02;1.3262030e-01;2.3250000e+02;1.8350184e-01;2.3250000e+02;2.0934868e-01;2.3250000e+02;1.9869186e-01;2.3250000e+02;2.1437706e-01;2.3250000e+02;1.6776834e-01;2.3250000e+02;1.0922989e-01;2.3250000e+02;5.5686846e-02;2.3250000e+02;8.4208995e-03;2.3250000e+02;-3.5976842e-02;2.3250000e+02;-7.9727851e-02;2.3250000e+02;-1.2060726e-01;2.3250000e+02;-1.6527086e-01;2.3250000e+02;-7.9203933e-02;2.3250000e+02;-7.4327365e-02;2.3250000e+02;-4.3166976e-02;2.3250000e+02;1.4504753e-03;2.3250000e+02;6.0297452e-02;2.3250000e+02;1.3262030e-01;2.3250000e+02;1.8350184e-01;2.3250000e+02;2.0934868e-01;2.3250000e+02;1.9869186e-01;2.3250000e+02;2.1437706e-01;2.3250000e+02;1.6776834e-01;2.3250000e+02;1.0922989e-01;2.3250000e+02;5.5686846e-02;2.3250000e+02;8.4208995e-03;2.3250000e+02;-3.5976842e-02;2.3250000e+02;-7.9727851e-02;2.3250000e+02;-1.2060726e-01;2.3250000e+02;-1.6527086e-01;2.3250000e+02;-7.9203933e-02;2.3250000e+02;-7.4327365e-02;2.3250000e+02;-4.3166976e-02;2.3250000e+02;1.4504753e-03;2.3250000e+02;6.0297452e-02;2.3250000e+02;1.3262030e-01;2.3250000e+02;1.8350184e-01;2.3250000e+02;2.0934868e-01;2.3250000e+02;1.9869186e-01;2.3250000e+02;2.1437706e-01;2.3250000e+02;1.6776834e-01;2.3250000e+02;1.0922989e-01;2.3250000e+02;5.5686846e-02;2.3250000e+02;8.4208995e-03;2.3250000e+02;-3.5976842e-02;2.3250000e+02;-7.9727851e-02;2.3250000e+02;-1.2060726e-01;2.3250000e+02;-1.6527086e-01;2.3250000e+02;-7.9203933e-02;2.3250000e+02;-7.4327365e-02;2.3250000e+02;-4.3166976e-02;2.3250000e+02;1.4504753e-03;2.3250000e+02;6.0297452e-02;2.3250000e+02;1.3262030e-01;2.3250000e+02;1.8350184e-01;2.3250000e+02;2.0934868e-01;2.3250000e+02;1.9869186e-01;2.3250000e+02;2.1437706e-01;2.3250000e+02;1.6776834e-01;2.3250000e+02;1.0922989e-01;2.3250000e+02;5.5686846e-02;2.3250000e+02;8.4208995e-03;2.3250000e+02;-3.5976842e-02;2.3250000e+02;-7.9727851e-02;2.3250000e+02;-1.2060726e-01;2.3250000e+02;-1.6527086e-01;2.3250000e+02;-7.9203933e-02;2.3250000e+02;-7.4327365e-02;2.3250000e+02;-4.3166976e-02;2.3250000e+02;1.4504753e-03;2.3250000e+02;6.0297452e-02;2.3250000e+02;1.3262030e-01;2.3250000e+02;1.8350184e-01;2.3250000e+02;2.0934868e-01;2.3250000e+02;1.9869186e-01;2.3250000e+02;2.1437706e-01;2.3250000e+02;1.6776834e-01;2.3250000e+02;1.0922989e-01;2.3250000e+02;5.5686846e-02;2.3250000e+02;8.4208995e-03;2.3250000e+02;-3.5976842e-02;2.3250000e+02;-7.9727851e-02;2.3250000e+02;-1.2060726e-01;2.3250000e+02;-1.6527086e-01;2.3250000e+02;-7.9203933e-02;2.3250000e+02;-7.4327365e-02;2.3250000e+02;-4.3166976e-02;2.3250000e+02;1.4504753e-03;2.3250000e+02;6.0297452e-02;2.3250000e+02;1.3262030e-01;2.3250000e+02;1.8350184e-01;2.3250000e+02;2.0934868e-01;2.3250000e+02;1.9869186e-01;2.3250000e+02;2.1437706e-01;2.3250000e+02;1.6776834e-01;2.3250000e+02;1.0922989e-01;2.3250000e+02;5.5686846e-02;2.3250000e+02;8.4208995e-03;2.3250000e+02;-3.5976842e-02;2.3250000e+02;-7.9727851e-02;2.3250000e+02;-1.2060726e-01;2.3250000e+02;-1.6527086e-01;2.3250000e+02;-7.9203933e-02;2.3250000e+02;-7.4327365e-02;2.3250000e+02;-4.3166976e-02;2.3250000e+02;1.4504753e-03;2.3250000e+02;6.0297452e-02;2.3250000e+02;1.3262030e-01;2.3250000e+02;1.8350184e-01;2.3250000e+02;2.0934868e-01;2.3250000e+02;1.9869186e-01;2.3250000e+02;2.1437706e-01;2.3250000e+02;1.6776834e-01;2.3250000e+02;1.0922989e-01;2.3250000e+02;5.5686846e-02;2.3250000e+02;8.4208995e-03;2.3250000e+02;-3.5976842e-02;2.3250000e+02;-7.9727851e-02;2.3250000e+02;-1.2060726e-01;2.3250000e+02;-1.6527086e-01;2.3250000e+02;-7.9203933e-02;2.3250000e+02;-7.4327365e-02;2.3250000e+02;-4.3166976e-02;2.3250000e+02;1.4504753e-03;2.3250000e+02;6.0297452e-02;2.3250000e+02;1.3262030e-01;2.3250000e+02;1.8350184e-01;2.3250000e+02;2.0934868e-01;2.3250000e+02;1.9869186e-01;2.3250000e+02;2.1437706e-01;2.3250000e+02;1.6776834e-01;2.3250000e+02;1.0922989e-01;2.3250000e+02;5.5686846e-02;2.3250000e+02;8.4208995e-03;2.3250000e+02;-3.5976842e-02;2.3250000e+02;-7.9727851e-02;2.3250000e+02;-1.2060726e-01;2.3250000e+02;-1.6527086e-01;2.3250000e+02;-7.9203933e-02;2.3250000e+02;-7.4327365e-02;2.3250000e+02;-4.3166976e-02;2.3250000e+02;1.4504753e-03;2.3250000e+02;6.0297452e-02;2.3250000e+02;1.3262030e-01;2.3250000e+02;1.8350184e-01;2.3250000e+02;2.0934868e-01;2.3250000e+02;1.9869186e-01;2.3250000e+02;2.1437706e-01;2.3250000e+02;1.6776834e-01;2.3250000e+02;1.0922989e-01;2.3250000e+02;5.5686846e-02;2.3250000e+02;8.4208995e-03;2.3250000e+02;-3.5976842e-02;2.3250000e+02;-7.9727851e-02;2.3250000e+02;-1.2060726e-01;2.3250000e+02;-1.6527086e-01;2.3250000e+02;-7.9203933e-02;2.3250000e+02;-7.4327365e-02;2.3250000e+02;-4.3166976e-02;2.3250000e+02;1.4504753e-03;2.3250000e+02;6.0297452e-02;2.3250000e+02;1.3262030e-01;2.3250000e+02;1.8350184e-01;2.3250000e+02;2.0934868e-01;2.3250000e+02;1.9869186e-01;2.3250000e+02;2.1437706e-01;2.3250000e+02;1.6776834e-01;2.3250000e+02;1.0922989e-01;2.3250000e+02;5.5686846e-02;2.3250000e+02;8.4208995e-03;2.3250000e+02;-3.5976842e-02;2.3250000e+02;-7.9727851e-02;2.3250000e+02;-1.2060726e-01;2.3250000e+02;-1.6527086e-01;2.3250000e+02;-7.9203933e-02;2.3250000e+02;-7.4327365e-02;2.3250000e+02;-4.3166976e-02;2.3250000e+02;1.4504753e-03;2.3250000e+02;6.0297452e-02;2.3250000e+02;1.3262030e-01;2.3250000e+02;1.8350184e-01;2.3250000e+02;2.0934868e-01;2.3250000e+02;1.9869186e-01;2.3250000e+02;2.1437706e-01;2.3250000e+02;1.6776834e-01;2.3250000e+02;1.0922989e-01;2.3250000e+02;5.5686846e-02;2.3250000e+02;8.4208995e-03;2.3250000e+02;-3.5976842e-02;2.3250000e+02;-7.9727851e-02;2.3250000e+02;-1.2060726e-01;2.3250000e+02;-1.6527086e-01;2.3250000e+02;-7.9203933e-02;2.3250000e+02;-7.4327365e-02;2.3250000e+02;-4.3166976e-02;2.3250000e+02;1.4504753e-03;2.3250000e+02;6.0297452e-02;2.3250000e+02;1.3262030e-01;2.3250000e+02;1.8350184e-01;2.3250000e+02;2.0934868e-01;2.3250000e+02;1.9869186e-01;2.3250000e+02;2.1437706e-01;2.3250000e+02;1.6776834e-01;2.3250000e+02;1.0922989e-01;2.3250000e+02;5.5686846e-02;2.3250000e+02;8.4208995e-03;2.3250000e+02;-3.5976842e-02;2.3250000e+02;-7.9727851e-02;2.3250000e+02;-1.2060726e-01;2.3250000e+02;-1.6527086e-01;2.3250000e+02;-7.9203933e-02;2.3250000e+02;-7.4327365e-02;2.3250000e+02;-4.3166976e-02;2.3250000e+02;1.4504753e-03;2.3250000e+02;6.0297452e-02;2.3250000e+02;1.3262030e-01;2.3250000e+02;1.8350184e-01;2.3250000e+02;2.0934868e-01;2.3250000e+02;1.9869186e-01;2.3250000e+02;2.1437706e-01;2.3250000e+02;1.6776834e-01;2.3250000e+02;1.0922989e-01;2.3250000e+02;5.5686846e-02;2.3250000e+02;8.4208995e-03;2.3250000e+02;-3.5976842e-02;2.3250000e+02;-7.9727851e-02;2.3250000e+02;-1.2060726e-01;2.3250000e+02;-1.6527086e-01;2.3250000e+02;-7.9203933e-02;2.3250000e+02;-7.4327365e-02;2.3250000e+02;-4.3166976e-02;2.3250000e+02;1.4504753e-03;2.3250000e+02;6.0297452e-02;2.3250000e+02;1.3262030e-01;2.3250000e+02;1.8350184e-01;2.3250000e+02;2.0934868e-01;2.3250000e+02;1.9869186e-01;2.3250000e+02;2.1437706e-01;2.3250000e+02;1.6776834e-01;2.3250000e+02;1.0922989e-01;2.3250000e+02;5.5686846e-02;2.3250000e+02;8.4208995e-03;2.3250000e+02;-3.5976842e-02;2.3250000e+02;-7.9727851e-02;2.3250000e+02;-1.2060726e-01;2.3250000e+02;-1.6527086e-01;2.3250000e+02;-7.9203933e-02;2.3250000e+02;-7.4327365e-02;2.3250000e+02;-4.3166976e-02;2.3250000e+02;1.4504753e-03;2.3250000e+02;6.0297452e-02;2.3250000e+02;1.3262030e-01;2.3250000e+02;1.8350184e-01;2.3250000e+02;2.0934868e-01;2.3250000e+02;1.9869186e-01;2.3250000e+02;2.1437706e-01;2.3250000e+02;1.6776834e-01;2.3250000e+02;1.0922989e-01;2.3250000e+02;5.5686846e-02;2.3250000e+02;8.4208995e-03;2.3250000e+02;-3.5976842e-02;2.3250000e+02;-7.9727851e-02;2.3250000e+02;-1.2060726e-01;2.3250000e+02;-1.6527086e-01;2.3250000e+02;-7.9203933e-02;2.3250000e+02;-7.4327365e-02;2.3250000e+02;-4.3166976e-02;2.3250000e+02;1.4504753e-03;2.3250000e+02;6.0297452e-02;2.3250000e+02;1.3262030e-01;2.3250000e+02;1.8350184e-01;2.3250000e+02;2.0934868e-01;2.3250000e+02;1.9869186e-01;2.3250000e+02;2.1437706e-01;2.3250000e+02;1.6776834e-01;2.3250000e+02;1.0922989e-01;2.3250000e+02;5.5686846e-02;2.3250000e+02;8.4208995e-03;2.3250000e+02;-3.5976842e-02;2.3250000e+02;-7.9727851e-02;2.3250000e+02;-1.2060726e-01;2.3250000e+02;-1.6527086e-01;2.3250000e+02;-7.9203933e-02;2.3250000e+02;-7.4327365e-02;2.3250000e+02;-4.3166976e-02;2.3250000e+02;1.4504753e-03;2.3250000e+02;6.0297452e-02;2.3250000e+02;1.3262030e-01;2.3250000e+02;1.8350184e-01;2.3250000e+02;2.0934868e-01;2.3250000e+02;1.9869186e-01;2.3250000e+02;2.1437706e-01;2.3250000e+02;1.6776834e-01;2.3250000e+02;1.0922989e-01;2.3250000e+02;5.5686846e-02;2.3250000e+02;8.4208995e-03;2.3250000e+02;-3.5976842e-02;2.3250000e+02;-7.9727851e-02;2.3250000e+02;-1.2060726e-01;2.3250000e+02;-1.6527086e-01;2.3250000e+02;-7.9203933e-02;2.3250000e+02;-7.4327365e-02;2.3250000e+02;-4.3166976e-02;2.3250000e+02;1.4504753e-03;2.3250000e+02;6.0297452e-02;2.3250000e+02;1.3262030e-01;2.3250000e+02;1.8350184e-01;2.3250000e+02;2.0934868e-01;2.3250000e+02;1.9869186e-01;2.3250000e+02;2.1437706e-01;2.3250000e+02;1.6776834e-01;2.3250000e+02;1.0922989e-01;2.3250000e+02;5.5686846e-02;2.3250000e+02;8.4208995e-03;2.3250000e+02;-3.5976842e-02;2.3250000e+02;-7.9727851e-02;2.3250000e+02;-1.2060726e-01;2.3250000e+02;-1.6527086e-01;2.3250000e+02;-7.9203933e-02;2.3250000e+02;-7.4327365e-02;2.3250000e+02;-4.3166976e-02;2.3250000e+02;1.4504753e-03;2.3250000e+02;6.0297452e-02;2.3250000e+02;1.3262030e-01;2.3250000e+02;1.8350184e-01;2.3250000e+02;2.0934868e-01;2.3250000e+02;1.9869186e-01;2.3250000e+02;2.1437706e-01;2.3250000e+02;1.6776834e-01;2.3250000e+02;1.0922989e-01;2.3250000e+02;5.5686846e-02;2.3250000e+02;8.4208995e-03;2.3250000e+02;-3.5976842e-02;2.3250000e+02;-7.9727851e-02;2.3250000e+02;-1.2060726e-01;2.3250000e+02;-1.6527086e-01;2.3250000e+02;-7.9203933e-02;2.3250000e+02;-7.4327365e-02;2.3250000e+02;-4.3166976e-02;2.3250000e+02;1.4504753e-03;2.3250000e+02;6.0297452e-02;2.3250000e+02;1.3262030e-01;2.3250000e+02;1.8350184e-01;2.3250000e+02;2.0934868e-01;2.3250000e+02;1.9869186e-01;2.3250000e+02;2.1437706e-01;2.3250000e+02;1.6776834e-01;2.3250000e+02;1.0922989e-01;2.3250000e+02;5.5686846e-02;2.3250000e+02;8.4208995e-03;2.3250000e+02;-3.5976842e-02;2.3250000e+02;-7.9727851e-02;2.3250000e+02;-1.2060726e-01;2.3250000e+02;-1.6527086e-01;2.3250000e+02;-7.9203933e-02;2.3250000e+02;-7.4327365e-02;2.3250000e+02;-4.3166976e-02;2.3250000e+02;1.4504753e-03;2.3250000e+02;6.0297452e-02;2.3250000e+02;1.3262030e-01;2.3250000e+02;1.8350184e-01;2.3250000e+02;2.0934868e-01;2.3250000e+02;1.9869186e-01;2.3250000e+02;2.1437706e-01;2.3250000e+02;1.6776834e-01;2.3250000e+02;1.0922989e-01;2.3250000e+02;5.5686846e-02;2.3250000e+02;8.4208995e-03;2.3250000e+02;-3.5976842e-02;2.3250000e+02;-7.9727851e-02;2.3250000e+02;-1.2060726e-01;2.3250000e+02;-1.6527086e-01;2.3250000e+02;-7.9203933e-02;2.3250000e+02;-7.4327365e-02;2.3250000e+02;-4.3166976e-02;2.3250000e+02;1.4504753e-03;2.3250000e+02;6.0297452e-02;2.3250000e+02;1.3262030e-01;2.3250000e+02;1.8350184e-01;2.3250000e+02;2.0934868e-01;2.3250000e+02;1.9869186e-01;2.3250000e+02;2.1437706e-01;2.3250000e+02;1.6776834e-01;2.3250000e+02;1.0922989e-01;2.3250000e+02;5.5686846e-02;2.3250000e+02;8.4208995e-03;2.3250000e+02;-3.5976842e-02;2.3250000e+02;-7.9727851e-02;2.3250000e+02;-1.2060726e-01;2.3250000e+02;-1.6527086e-01;2.3250000e+02;-7.9203933e-02;2.3250000e+02;-7.4327365e-02;2.3250000e+02;-4.3166976e-02;2.3250000e+02;1.4504753e-03;2.3250000e+02;6.0297452e-02;2.3250000e+02;1.3262030e-01;2.3250000e+02;1.8350184e-01;2.3250000e+02;2.0934868e-01;2.3250000e+02;1.9869186e-01;2.3250000e+02;2.1437706e-01;2.3250000e+02;1.6776834e-01;2.3250000e+02;1.0922989e-01;2.3250000e+02;5.5686846e-02;2.3250000e+02;8.4208995e-03;2.3250000e+02;-3.5976842e-02;2.3250000e+02;-7.9727851e-02;2.3250000e+02;-1.2060726e-01;2.3250000e+02;-1.6527086e-01;2.3250000e+02;-7.9203933e-02;2.3250000e+02;-7.4327365e-02;2.3250000e+02;-4.3166976e-02;2.3250000e+02;1.4504753e-03;2.3250000e+02;6.0297452e-02;2.3250000e+02;1.3262030e-01;2.3250000e+02;1.8350184e-01;2.3250000e+02;2.0934868e-01;2.3250000e+02;1.9869186e-01;2.3250000e+02;2.1437706e-01;2.3250000e+02;1.6776834e-01;2.3250000e+02;1.0922989e-01;2.3250000e+02;5.5686846e-02;2.3250000e+02;8.4208995e-03;2.3250000e+02;-3.5976842e-02;2.3250000e+02;-7.9727851e-02;2.3250000e+02;-1.2060726e-01;2.3250000e+02;-1.6527086e-01;2.3250000e+02;-7.9203933e-02;2.3250000e+02;-7.4327365e-02;2.3250000e+02;-4.3166976e-02;2.3250000e+02;1.4504753e-03;2.3250000e+02;6.0297452e-02;2.3250000e+02;1.3262030e-01;2.3250000e+02;1.8350184e-01;2.3250000e+02;2.0934868e-01;2.3250000e+02;1.9869186e-01;2.3250000e+02;2.1437706e-01;2.3250000e+02;1.6776834e-01;2.3250000e+02;1.0922989e-01;2.3250000e+02;5.5686846e-02;2.3250000e+02;8.4208995e-03;2.3250000e+02;-3.5976842e-02;2.3250000e+02;-7.9727851e-02;2.3250000e+02;-1.2060726e-01;2.3250000e+02;-1.6527086e-01;2.3250000e+02;-7.9203933e-02;2.3250000e+02;-7.4327365e-02;2.3250000e+02;-4.3166976e-02;2.3250000e+02;1.4504753e-03;2.3250000e+02;6.0297452e-02;2.3250000e+02;1.3262030e-01;2.3250000e+02;1.8350184e-01;2.3250000e+02;2.0934868e-01;2.3250000e+02;1.9869186e-01;2.3250000e+02;2.1437706e-01;2.3250000e+02;1.6776834e-01;2.3250000e+02;1.0922989e-01;2.3250000e+02;5.5686846e-02;2.3250000e+02;8.4208995e-03;2.3250000e+02;-3.5976842e-02;2.3250000e+02;-7.9727851e-02;2.3250000e+02;-1.2060726e-01;2.3250000e+02;-1.6527086e-01;2.3250000e+02;-7.9203933e-02;2.3250000e+02;-7.4327365e-02;2.3250000e+02;-4.3166976e-02;2.3250000e+02;1.4504753e-03;2.3250000e+02;6.0297452e-02;2.3250000e+02;1.3262030e-01;2.3250000e+02;1.8350184e-01;2.3250000e+02;2.0934868e-01;2.3250000e+02;1.9869186e-01;2.3250000e+02;2.1437706e-01;2.3250000e+02;1.6776834e-01;2.3250000e+02;1.0922989e-01;2.3250000e+02;5.5686846e-02;2.3250000e+02;8.4208995e-03;2.3250000e+02;-3.5976842e-02;2.3250000e+02;-7.9727851e-02;2.3250000e+02;-1.2060726e-01;2.3250000e+02;-1.6527086e-01;2.3250000e+02;-7.9203933e-02;2.3250000e+02;-7.4327365e-02;2.3250000e+02;-4.3166976e-02;2.3250000e+02;1.4504753e-03;2.3250000e+02;6.0297452e-02;2.3250000e+02;1.3262030e-01;2.3250000e+02;1.8350184e-01;2.3250000e+02;2.0934868e-01;2.3250000e+02;1.9869186e-01;2.3250000e+02;2.1437706e-01;2.3250000e+02;1.6776834e-01;2.3250000e+02;1.0922989e-01;2.3250000e+02;5.5686846e-02;2.3250000e+02;8.4208995e-03;2.3250000e+02;-3.5976842e-02;2.3250000e+02;-7.9727851e-02;2.3250000e+02;-1.2060726e-01;2.3250000e+02;-1.6527086e-01;2.3250000e+02;-7.9203933e-02;2.3250000e+02;-7.4327365e-02;2.3250000e+02;-4.3166976e-02;2.3250000e+02;1.4504753e-03;2.3250000e+02;6.0297452e-02;2.3250000e+02;1.3262030e-01;2.3250000e+02;1.8350184e-01;2.3250000e+02;2.0934868e-01;2.3250000e+02;1.9869186e-01;2.3250000e+02;2.1437706e-01;2.3250000e+02;1.6776834e-01;2.3250000e+02;1.0922989e-01;2.3250000e+02;5.5686846e-02;2.3250000e+02;8.4208995e-03;2.3250000e+02;-3.5976842e-02;2.3250000e+02;-7.9727851e-02;2.3250000e+02;-1.2060726e-01;2.3250000e+02;-1.6527086e-01;2.3250000e+02;-7.9203933e-02;2.3250000e+02;-7.4327365e-02;2.3250000e+02;-4.3166976e-02;2.3250000e+02;1.4504753e-03;2.3250000e+02;6.0297452e-02;2.3250000e+02;1.3262030e-01;2.3250000e+02;1.8350184e-01;2.3250000e+02;2.0934868e-01;2.3250000e+02;1.9869186e-01;2.3250000e+02;2.1437706e-01;2.3250000e+02;1.6776834e-01;2.3250000e+02;1.0922989e-01;2.3250000e+02;5.5686846e-02;2.3250000e+02;8.4208995e-03;2.3250000e+02;-3.5976842e-02;2.3250000e+02;-7.9727851e-02;2.3250000e+02;-1.2060726e-01;2.3250000e+02;-1.6527086e-01;2.3250000e+02;-7.9203933e-02;2.3250000e+02;-7.4327365e-02;2.3250000e+02;-4.3166976e-02;2.3250000e+02;1.4504753e-03;2.3250000e+02;6.0297452e-02;2.3250000e+02;1.3262030e-01;2.3250000e+02;1.8350184e-01;2.3250000e+02;2.0934868e-01;2.3250000e+02;1.9869186e-01;2.3250000e+02;2.1437706e-01;2.3250000e+02;1.6776834e-01;2.3250000e+02;1.0922989e-01;2.3250000e+02;5.5686846e-02;2.3250000e+02;8.4208995e-03;2.3250000e+02;-3.5976842e-02;2.3250000e+02;-7.9727851e-02;2.3250000e+02;-1.2060726e-01;2.3250000e+02;-1.6527086e-01;2.3250000e+02;-7.9203933e-02;2.3250000e+02;-7.4327365e-02;2.3250000e+02;-4.3166976e-02;2.3250000e+02;1.4504753e-03;2.3250000e+02;6.0297452e-02;2.3250000e+02;1.3262030e-01;2.3250000e+02;1.8350184e-01;2.3250000e+02;2.0934868e-01;2.3250000e+02;1.9869186e-01;2.3250000e+02;2.1437706e-01;2.3250000e+02;1.6776834e-01;2.3250000e+02;1.0922989e-01;2.3250000e+02;5.5686846e-02;2.3250000e+02;8.4208995e-03;2.3250000e+02;-3.5976842e-02;2.3250000e+02;-7.9727851e-02;2.3250000e+02;-1.2060726e-01;2.3250000e+02;-1.6527086e-01;2.3250000e+02;-7.9203933e-02;2.3250000e+02;-7.4327365e-02;2.3250000e+02;-4.3166976e-02;2.3250000e+02;1.4504753e-03;2.3250000e+02;6.0297452e-02;2.3250000e+02;1.3262030e-01;2.3250000e+02;1.8350184e-01;2.3250000e+02;2.0934868e-01;2.3250000e+02;1.9869186e-01;2.3250000e+02;2.1437706e-01;2.3250000e+02;1.6776834e-01;2.3250000e+02;1.0922989e-01;2.3250000e+02;5.5686846e-02;2.3250000e+02;8.4208995e-03;2.3250000e+02;-3.5976842e-02;2.3250000e+02;-7.9727851e-02;2.3250000e+02;-1.2060726e-01;2.3250000e+02;-1.6527086e-01;2.3250000e+02;-7.9203933e-02;2.3250000e+02;-7.4327365e-02;2.3250000e+02;-4.3166976e-02;2.3250000e+02;1.4504753e-03;2.3250000e+02;6.0297452e-02;2.3250000e+02;1.3262030e-01;2.3250000e+02;1.8350184e-01;2.3250000e+02;2.0934868e-01;2.3250000e+02;1.9869186e-01;2.3250000e+02;2.1437706e-01;2.3250000e+02;1.6776834e-01;2.3250000e+02;1.0922989e-01;2.3250000e+02;5.5686846e-02;2.3250000e+02;8.4208995e-03;2.3250000e+02;-3.5976842e-02;2.3250000e+02;-7.9727851e-02;2.3250000e+02;-1.2060726e-01;2.3250000e+02;-1.6527086e-01;2.3250000e+02;-7.9203933e-02;2.3250000e+02;-7.4327365e-02;2.3250000e+02;-4.3166976e-02;2.3250000e+02;1.4504753e-03;2.3250000e+02;6.0297452e-02;2.3250000e+02;1.3262030e-01;2.3250000e+02;1.8350184e-01;2.3250000e+02;2.0934868e-01;2.3250000e+02;1.9869186e-01;2.3250000e+02;2.1437706e-01;2.3250000e+02;1.6776834e-01;2.3250000e+02;1.0922989e-01;2.3250000e+02;5.5686846e-02;2.3250000e+02;8.4208995e-03;2.3250000e+02;-3.5976842e-02;2.3250000e+02;-7.9727851e-02;2.3250000e+02;-1.2060726e-01;2.3250000e+02;-1.6527086e-01;2.3250000e+02;-7.9203933e-02;2.3250000e+02;-7.4327365e-02;2.3250000e+02;-4.3166976e-02;2.3250000e+02;1.4504753e-03;2.3250000e+02;6.0297452e-02;2.3250000e+02;1.3262030e-01;2.3250000e+02;1.8350184e-01;2.3250000e+02;2.0934868e-01;2.3250000e+02;1.9869186e-01;2.3250000e+02;2.1437706e-01;2.3250000e+02;1.6776834e-01;2.3250000e+02;1.0922989e-01;2.3250000e+02;5.5686846e-02;2.3250000e+02;8.4208995e-03;2.3250000e+02;-3.5976842e-02;2.3250000e+02;-7.9727851e-02;2.3250000e+02;-1.2060726e-01;2.3250000e+02;-1.6527086e-01;2.3250000e+02;-7.9203933e-02;2.3250000e+02;-7.4327365e-02;2.3250000e+02;-4.3166976e-02;2.3250000e+02;1.4504753e-03;2.3250000e+02;6.0297452e-02;2.3250000e+02;1.3262030e-01;2.3250000e+02;1.8350184e-01;2.3250000e+02;2.0934868e-01;2.3250000e+02;1.9869186e-01;2.3250000e+02;2.1437706e-01;2.3250000e+02;1.6776834e-01;2.3250000e+02;1.0922989e-01;2.3250000e+02;5.5686846e-02;2.3250000e+02;8.4208995e-03;2.3250000e+02;-3.5976842e-02;2.3250000e+02;-7.9727851e-02;2.3250000e+02;-1.2060726e-01;2.3250000e+02;-1.6527086e-01;2.3250000e+02;-7.9203933e-02;2.3250000e+02;-7.4327365e-02;2.3250000e+02;-4.3166976e-02;2.3250000e+02;1.4504753e-03;2.3250000e+02;6.0297452e-02;2.3250000e+02;1.3262030e-01;2.3250000e+02;1.8350184e-01;2.3250000e+02;2.0934868e-01;2.3250000e+02;1.9869186e-01;2.3250000e+02;2.1437706e-01;2.3250000e+02;1.6776834e-01;2.3250000e+02;1.0922989e-01;2.3250000e+02;5.5686846e-02;2.3250000e+02;8.4208995e-03;2.3250000e+02;-3.5976842e-02;2.3250000e+02;-7.9727851e-02;2.3250000e+02;-1.2060726e-01;2.3250000e+02;-1.6527086e-01;2.3250000e+02;-7.9203933e-02;2.3250000e+02;-7.4327365e-02;2.3250000e+02;-4.3166976e-02;2.3250000e+02;1.4504753e-03;2.3250000e+02;6.0297452e-02;2.3250000e+02;1.3262030e-01;2.3250000e+02;1.8350184e-01;2.3250000e+02;2.0934868e-01;2.3250000e+02;1.9869186e-01;2.3250000e+02;2.1437706e-01;2.3250000e+02;1.6776834e-01;2.3250000e+02;1.0922989e-01;2.3250000e+02;5.5686846e-02;2.3250000e+02;8.4208995e-03;2.3250000e+02;-3.5976842e-02;2.3250000e+02;-7.9727851e-02;2.3250000e+02;-1.2060726e-01;2.3250000e+02;-1.6527086e-01;2.3250000e+02;-7.9203933e-02;2.3250000e+02;-7.4327365e-02;2.3250000e+02;-4.3166976e-02;2.3250000e+02;1.4504753e-03;2.3250000e+02;6.0297452e-02;2.3250000e+02;1.3262030e-01;2.3250000e+02;1.8350184e-01;2.3250000e+02;2.0934868e-01;2.3250000e+02;1.9869186e-01;2.3250000e+02;2.1437706e-01;2.3250000e+02;1.6776834e-01;2.3250000e+02;1.0922989e-01;2.3250000e+02;5.5686846e-02;2.3250000e+02;8.4208995e-03;2.3250000e+02;-3.5976842e-02;2.3250000e+02;-7.9727851e-02;2.3250000e+02;-1.2060726e-01;2.3250000e+02;-1.6527086e-01;2.3250000e+02;-7.9203933e-02;2.3250000e+02;-7.4327365e-02;2.3250000e+02;-4.3166976e-02;2.3250000e+02;1.4504753e-03;2.3250000e+02;6.0297452e-02;2.3250000e+02;1.3262030e-01;2.3250000e+02;1.8350184e-01;2.3250000e+02;2.0934868e-01;2.3250000e+02;1.9869186e-01;2.3250000e+02;2.1437706e-01;2.3250000e+02;1.6776834e-01;2.3250000e+02;1.0922989e-01;2.3250000e+02;5.5686846e-02;2.3250000e+02;8.4208995e-03;2.3250000e+02;-3.5976842e-02;2.3250000e+02;-7.9727851e-02;2.3250000e+02;-1.2060726e-01;2.3250000e+02;-1.6527086e-01;2.3250000e+02;-7.9203933e-02;2.3250000e+02;-7.4327365e-02;2.3250000e+02;-4.3166976e-02;2.3250000e+02;1.4504753e-03;2.3250000e+02;6.0297452e-02;2.3250000e+02;1.3262030e-01;2.3250000e+02;1.8350184e-01;2.3250000e+02;2.0934868e-01;2.3250000e+02;1.9869186e-01;2.3250000e+02;2.1437706e-01;2.3250000e+02;1.6776834e-01;2.3250000e+02;1.0922989e-01;2.3250000e+02;5.5686846e-02;2.3250000e+02;8.4208995e-03;2.3250000e+02;-3.5976842e-02;2.3250000e+02;-7.9727851e-02;2.3250000e+02;-1.2060726e-01;2.3250000e+02;-1.6527086e-01;2.3250000e+02;-7.9203933e-02;2.3250000e+02;-7.4327365e-02;2.3250000e+02;-4.3166976e-02;2.3250000e+02;1.4504753e-03;2.3250000e+02;6.0297452e-02;2.3250000e+02;1.3262030e-01;2.3250000e+02;1.8350184e-01;2.3250000e+02;2.0934868e-01;2.3250000e+02;1.9869186e-01;2.3250000e+02;2.1437706e-01;2.3250000e+02;1.6776834e-01;2.3250000e+02;1.0922989e-01;2.3250000e+02;5.5686846e-02;2.3250000e+02;8.4208995e-03;2.3250000e+02;-3.5976842e-02;2.3250000e+02;-7.9727851e-02;2.3250000e+02;-1.2060726e-01;2.3250000e+02;-1.6527086e-01;2.3250000e+02;-7.9203933e-02;2.3250000e+02;-7.4327365e-02;2.3250000e+02;-4.3166976e-02;2.3250000e+02;1.4504753e-03;2.3250000e+02;6.0297452e-02;2.3250000e+02;1.3262030e-01;2.3250000e+02;1.8350184e-01;2.3250000e+02;2.0934868e-01;2.3250000e+02;1.9869186e-01;2.3250000e+02;2.1437706e-01;2.3250000e+02;1.6776834e-01;2.3250000e+02;1.0922989e-01;2.3250000e+02;5.5686846e-02;2.3250000e+02;8.4208995e-03;2.3250000e+02;-3.5976842e-02;2.3250000e+02;-7.9727851e-02;2.3250000e+02;-1.2060726e-01;2.3250000e+02;-1.6527086e-01;2.3250000e+02;-7.9203933e-02;2.3250000e+02;-7.4327365e-02;2.3250000e+02;-4.3166976e-02;2.3250000e+02;1.4504753e-03;2.3250000e+02;6.0297452e-02;2.3250000e+02;1.3262030e-01;2.3250000e+02;1.8350184e-01;2.3250000e+02;2.0934868e-01;2.3250000e+02;1.9869186e-01;2.3250000e+02;2.1437706e-01;2.3250000e+02;1.6776834e-01;2.3250000e+02;1.0922989e-01;2.3250000e+02;5.5686846e-02;2.3250000e+02;8.4208995e-03;2.3250000e+02;-3.5976842e-02;2.3250000e+02;-7.9727851e-02;2.3250000e+02;-1.2060726e-01;2.3250000e+02;-1.6527086e-01;2.3250000e+02;-7.9203933e-02;2.3250000e+02;-7.4327365e-02;2.3250000e+02;-4.3166976e-02;2.3250000e+02;1.4504753e-03;2.3250000e+02;6.0297452e-02;2.3250000e+02;1.3262030e-01;2.3250000e+02;1.8350184e-01;2.3250000e+02;2.0934868e-01;2.3250000e+02;1.9869186e-01;2.3250000e+02;2.1437706e-01;2.3250000e+02;1.6776834e-01;2.3250000e+02;1.0922989e-01;2.3250000e+02;5.5686846e-02;2.3250000e+02;8.4208995e-03;2.3250000e+02;-3.5976842e-02;2.3250000e+02;-7.9727851e-02;2.3250000e+02;-1.2060726e-01;2.3250000e+02;-1.6527086e-01;2.3250000e+02;-7.9203933e-02;2.3250000e+02;-7.4327365e-02;2.3250000e+02;-4.3166976e-02;2.3250000e+02;1.4504753e-03;2.3250000e+02;6.0297452e-02;2.3250000e+02;1.3262030e-01;2.3250000e+02;1.8350184e-01;2.3250000e+02;2.0934868e-01;2.3250000e+02;1.9869186e-01;2.3250000e+02;2.1437706e-01;2.3250000e+02;1.6776834e-01;2.3250000e+02;1.0922989e-01;2.3250000e+02;5.5686846e-02;2.3250000e+02;8.4208995e-03;2.3250000e+02;-3.5976842e-02;2.3250000e+02;-7.9727851e-02;2.3250000e+02;-1.2060726e-01;2.3250000e+02;-1.6527086e-01;2.3250000e+02;-7.9203933e-02;2.3250000e+02;-7.4327365e-02;2.3250000e+02;-4.3166976e-02;2.3250000e+02;1.4504753e-03;2.3250000e+02;6.0297452e-02;2.3250000e+02;1.3262030e-01;2.3250000e+02;1.8350184e-01;2.3250000e+02;2.0934868e-01;2.3250000e+02;1.9869186e-01;2.3250000e+02;2.1437706e-01;2.3250000e+02;1.6776834e-01;2.3250000e+02;1.0922989e-01;2.3250000e+02;5.5686846e-02;2.3250000e+02;8.4208995e-03;2.3250000e+02;-3.5976842e-02;2.3250000e+02;-7.9727851e-02;2.3250000e+02;-1.2060726e-01;2.3250000e+02;-1.6527086e-01;2.3250000e+02;-7.9203933e-02;2.3250000e+02;-7.4327365e-02;2.3250000e+02;-4.3166976e-02;2.3250000e+02;1.4504753e-03;2.3250000e+02;6.0297452e-02;2.3250000e+02;1.3262030e-01;2.3250000e+02;1.8350184e-01;2.3250000e+02;2.0934868e-01;2.3250000e+02;1.9869186e-01;2.3250000e+02;2.1437706e-01;2.3250000e+02;1.6776834e-01;2.3250000e+02;1.0922989e-01;2.3250000e+02;5.5686846e-02;2.3250000e+02;8.4208995e-03;2.3250000e+02;-3.5976842e-02;2.3250000e+02;-7.9727851e-02;2.3250000e+02;-1.2060726e-01;2.3250000e+02;-1.6527086e-01;2.3250000e+02;-7.9203933e-02;2.3250000e+02;-7.4327365e-02;2.3250000e+02;-4.3166976e-02;2.3250000e+02;1.4504753e-03;2.3250000e+02;6.0297452e-02;2.3250000e+02;1.3262030e-01;2.3250000e+02;1.8350184e-01;2.3250000e+02;2.0934868e-01;2.3250000e+02;1.9869186e-01;2.3250000e+02;2.1437706e-01;2.3250000e+02;1.6776834e-01;2.3250000e+02;1.0922989e-01;2.3250000e+02;5.5686846e-02;2.3250000e+02;8.4208995e-03;2.3250000e+02;-3.5976842e-02;2.3250000e+02;-7.9727851e-02;2.3250000e+02;-1.2060726e-01;2.3250000e+02;-1.6527086e-01;2.3250000e+02;-7.9203933e-02;2.3250000e+02;-7.4327365e-02;2.3250000e+02;-4.3166976e-02;2.3250000e+02;1.4504753e-03;2.3250000e+02;6.0297452e-02;2.3250000e+02;1.3262030e-01;2.3250000e+02;1.8350184e-01;2.3250000e+02;2.0934868e-01;2.3250000e+02;1.9869186e-01;2.3250000e+02;2.1437706e-01;2.3250000e+02;1.6776834e-01;2.3250000e+02;1.0922989e-01;2.3250000e+02;5.5686846e-02;2.3250000e+02;8.4208995e-03;2.3250000e+02;-3.5976842e-02;2.3250000e+02;-7.9727851e-02;2.3250000e+02;-1.2060726e-01;2.3250000e+02;-1.6527086e-01;2.3250000e+02;-7.9203933e-02;2.3250000e+02;-7.4327365e-02;2.3250000e+02;-4.3166976e-02;2.3250000e+02;1.4504753e-03;2.3250000e+02;6.0297452e-02;2.3250000e+02;1.3262030e-01;2.3250000e+02;1.8350184e-01;2.3250000e+02;2.0934868e-01;2.3250000e+02;1.9869186e-01;2.3250000e+02;2.1437706e-01;2.3250000e+02;1.6776834e-01;2.3250000e+02;1.0922989e-01;2.3250000e+02;5.5686846e-02;2.3250000e+02;8.4208995e-03;2.3250000e+02;-3.5976842e-02;2.3250000e+02;-7.9727851e-02;2.3250000e+02;-1.2060726e-01;2.3250000e+02;-1.6527086e-01;2.3250000e+02;-7.9203933e-02;2.3250000e+02;-7.4327365e-02;2.3250000e+02;-4.3166976e-02;2.3250000e+02;1.4504753e-03;2.3250000e+02;6.0297452e-02;2.3250000e+02;1.3262030e-01;2.3250000e+02;1.8350184e-01;2.3250000e+02;2.0934868e-01;2.3250000e+02;1.9869186e-01;2.3250000e+02;2.1437706e-01;2.3250000e+02;1.6776834e-01;2.3250000e+02;1.0922989e-01;2.3250000e+02;5.5686846e-02;2.3250000e+02;8.4208995e-03;2.3250000e+02;-3.5976842e-02;2.3250000e+02;-7.9727851e-02;2.3250000e+02;-1.2060726e-01;2.3250000e+02;-1.6527086e-01;2.3250000e+02;-7.9203933e-02;2.3250000e+02;-7.4327365e-02;2.3250000e+02;-4.3166976e-02;2.3250000e+02;1.4504753e-03;2.3250000e+02;6.0297452e-02;2.3250000e+02;1.3262030e-01;2.3250000e+02;1.8350184e-01;2.3250000e+02;2.0934868e-01;2.3250000e+02;1.9869186e-01;2.3250000e+02;2.1437706e-01;2.3250000e+02;1.6776834e-01;2.3250000e+02;1.0922989e-01;2.3250000e+02;5.5686846e-02;2.3250000e+02;8.4208995e-03;2.3250000e+02;-3.5976842e-02;2.3250000e+02;-7.9727851e-02;2.3250000e+02;-1.2060726e-01;2.3250000e+02;-1.6527086e-01;2.3250000e+02;-7.9203933e-02;2.3250000e+02;-7.4327365e-02;2.3250000e+02;-4.3166976e-02;2.3250000e+02;1.4504753e-03;2.3250000e+02;6.0297452e-02;2.3250000e+02;1.3262030e-01;2.3250000e+02;1.8350184e-01;2.3250000e+02;2.0934868e-01;2.3250000e+02;1.9869186e-01;2.3250000e+02;2.1437706e-01;2.3250000e+02;1.6776834e-01;2.3250000e+02;1.0922989e-01;2.3250000e+02;5.5686846e-02;2.3250000e+02;8.4208995e-03;2.3250000e+02;-3.5976842e-02;2.3250000e+02;-7.9727851e-02;2.3250000e+02;-1.2060726e-01;2.3250000e+02;-1.6527086e-01;2.3250000e+02;-7.9203933e-02;2.3250000e+02;-7.4327365e-02;2.3250000e+02;-4.3166976e-02;2.3250000e+02;1.4504753e-03;2.3250000e+02;6.0297452e-02;2.3250000e+02;1.3262030e-01;2.3250000e+02;1.8350184e-01;2.3250000e+02;2.0934868e-01;2.3250000e+02;1.9869186e-01;2.3250000e+02;2.1437706e-01;2.3250000e+02;1.6776834e-01;2.3250000e+02;1.0922989e-01;2.3250000e+02;5.5686846e-02;2.3250000e+02;8.4208995e-03;2.3250000e+02;-3.5976842e-02;2.3250000e+02;-7.9727851e-02;2.3250000e+02;-1.2060726e-01;2.3250000e+02;-1.6527086e-01;2.3250000e+02;-7.9203933e-02;2.3250000e+02;-7.4327365e-02;2.3250000e+02;-4.3166976e-02;2.3250000e+02;1.4504753e-03;2.3250000e+02;6.0297452e-02;2.3250000e+02;1.3262030e-01;2.3250000e+02;1.8350184e-01;2.3250000e+02;2.0934868e-01;2.3250000e+02;1.9869186e-01;2.3250000e+02;2.1437706e-01;2.3250000e+02;1.6776834e-01;2.3250000e+02;1.0922989e-01;2.3250000e+02;5.5686846e-02;2.3250000e+02;8.4208995e-03;2.3250000e+02;-3.5976842e-02;2.3250000e+02;-7.9727851e-02;2.3250000e+02;-1.2060726e-01;2.3250000e+02;-1.6527086e-01;2.3250000e+02;-7.9203933e-02;2.3250000e+02;-7.4327365e-02;2.3250000e+02;-4.3166976e-02;2.3250000e+02;1.4504753e-03;2.3250000e+02;6.0297452e-02;2.3250000e+02;1.3262030e-01;2.3250000e+02;1.8350184e-01;2.3250000e+02;2.0934868e-01;2.3250000e+02;1.9869186e-01;2.3250000e+02;2.1437706e-01;2.3250000e+02;1.6776834e-01;2.3250000e+02;1.0922989e-01;2.3250000e+02;5.5686846e-02;2.3250000e+02;8.4208995e-03;2.3250000e+02;-3.5976842e-02;2.3250000e+02;-7.9727851e-02;2.3250000e+02;-1.2060726e-01;2.3250000e+02;-1.6527086e-01;2.3250000e+02;-7.9203933e-02;2.3250000e+02;-7.4327365e-02;2.3250000e+02;-4.3166976e-02;2.3250000e+02;1.4504753e-03;2.3250000e+02;6.0297452e-02;2.3250000e+02;1.3262030e-01;2.3250000e+02;1.8350184e-01;2.3250000e+02;2.0934868e-01;2.3250000e+02;1.9869186e-01;2.3250000e+02;2.1437706e-01;2.3250000e+02;1.6776834e-01;2.3250000e+02;1.0922989e-01;2.3250000e+02;5.5686846e-02;2.3250000e+02;8.4208995e-03;2.3250000e+02;-3.5976842e-02;2.3250000e+02;-7.9727851e-02;2.3250000e+02;-1.2060726e-01;2.3250000e+02;-1.6527086e-01;2.3250000e+02;-7.9203933e-02;2.3250000e+02;-7.4327365e-02;2.3250000e+02;-4.3166976e-02;2.3250000e+02;1.4504753e-03;2.3250000e+02;6.0297452e-02;2.3250000e+02;1.3262030e-01;2.3250000e+02;1.8350184e-01;2.3250000e+02;2.0934868e-01;2.3250000e+02;1.9869186e-01;2.3250000e+02;2.1437706e-01;2.3250000e+02;1.6776834e-01;2.3250000e+02;1.0922989e-01;2.3250000e+02;5.5686846e-02;2.3250000e+02;8.4208995e-03;2.3250000e+02;-3.5976842e-02;2.3250000e+02;-7.9727851e-02;2.3250000e+02;-1.2060726e-01;2.3250000e+02;-1.6527086e-01;2.3250000e+02;-7.9203933e-02;2.3250000e+02;-7.4327365e-02;2.3250000e+02;-4.3166976e-02;2.3250000e+02;1.4504753e-03;2.3250000e+02;6.0297452e-02;2.3250000e+02;1.3262030e-01;2.3250000e+02;1.8350184e-01;2.3250000e+02;2.0934868e-01;2.3250000e+02;1.9869186e-01;2.3250000e+02;2.1437706e-01;2.3250000e+02;1.6776834e-01;2.3250000e+02;1.0922989e-01;2.3250000e+02;5.5686846e-02;2.3250000e+02;8.4208995e-03;2.3250000e+02;-3.5976842e-02;2.3250000e+02;-7.9727851e-02;2.3250000e+02;-1.2060726e-01;2.3250000e+02;-1.6527086e-01;2.3250000e+02;-7.9203933e-02;2.3250000e+02;-7.4327365e-02;2.3250000e+02;-4.3166976e-02;2.3250000e+02;1.4504753e-03;2.3250000e+02;6.0297452e-02;2.3250000e+02;1.3262030e-01;2.3250000e+02;1.8350184e-01;2.3250000e+02;2.0934868e-01;2.3250000e+02;1.9869186e-01;2.3250000e+02;2.1437706e-01;2.3250000e+02;1.6776834e-01;2.3250000e+02;1.0922989e-01;2.3250000e+02;5.5686846e-02;2.3250000e+02;8.4208995e-03;2.3250000e+02;-3.5976842e-02;2.3250000e+02;-7.9727851e-02;2.3250000e+02;-1.2060726e-01;2.3250000e+02;-1.6527086e-01;2.3250000e+02;-7.9203933e-02;2.3250000e+02;-7.4327365e-02;2.3250000e+02;-4.3166976e-02;2.3250000e+02;1.4504753e-03;2.3250000e+02;6.0297452e-02;2.3250000e+02;1.3262030e-01;2.3250000e+02;1.8350184e-01;2.3250000e+02;2.0934868e-01;2.3250000e+02;1.9869186e-01;2.3250000e+02;2.1437706e-01;2.3250000e+02;1.6776834e-01;2.3250000e+02;1.0922989e-01;2.3250000e+02;5.5686846e-02;2.3250000e+02;8.4208995e-03;2.3250000e+02;-3.5976842e-02;2.3250000e+02;-7.9727851e-02;2.3250000e+02;-1.2060726e-01;2.3250000e+02;-1.6527086e-01;2.3250000e+02;-7.9203933e-02;2.3250000e+02;-7.4327365e-02;2.3250000e+02;-4.3166976e-02;2.3250000e+02;1.4504753e-03;2.3250000e+02;6.0297452e-02;2.3250000e+02;1.3262030e-01;2.3250000e+02;1.8350184e-01;2.3250000e+02;2.0934868e-01;2.3250000e+02;1.9869186e-01;2.3250000e+02;2.1437706e-01;2.3250000e+02;1.6776834e-01;2.3250000e+02;1.0922989e-01;2.3250000e+02;5.5686846e-02;2.3250000e+02;8.4208995e-03;2.3250000e+02;-3.5976842e-02;2.3250000e+02;-7.9727851e-02;2.3250000e+02;-1.2060726e-01;2.3250000e+02;-1.6527086e-01;2.3250000e+02;-7.9203933e-02;2.3250000e+02;-7.4327365e-02;2.3250000e+02;-4.3166976e-02;2.3250000e+02;1.4504753e-03;2.3250000e+02;6.0297452e-02;2.3250000e+02;1.3262030e-01;2.3250000e+02;1.8350184e-01;2.3250000e+02;2.0934868e-01;2.3250000e+02;1.9869186e-01;2.3250000e+02;2.1437706e-01;2.3250000e+02;1.6776834e-01;2.3250000e+02;1.0922989e-01;2.3250000e+02;5.5686846e-02;2.3250000e+02;8.4208995e-03;2.3250000e+02;-3.5976842e-02;2.3250000e+02;-7.9727851e-02;2.3250000e+02;-1.2060726e-01;2.3250000e+02;-1.6527086e-01;2.3250000e+02;-7.9203933e-02;2.3250000e+02;-7.4327365e-02;2.3250000e+02;-4.3166976e-02;2.3250000e+02;1.4504753e-03;2.3250000e+02;6.0297452e-02;2.3250000e+02;1.3262030e-01;2.3250000e+02;1.8350184e-01;2.3250000e+02;2.0934868e-01;2.3250000e+02;1.9869186e-01;2.3250000e+02;2.1437706e-01;2.3250000e+02;1.6776834e-01;2.3250000e+02;1.0922989e-01;2.3250000e+02;5.5686846e-02;2.3250000e+02;8.4208995e-03;2.3250000e+02;-3.5976842e-02;2.3250000e+02;-7.9727851e-02;2.3250000e+02;-1.2060726e-01;2.3250000e+02;-1.6527086e-01;2.3250000e+02;-7.9203933e-02;2.3250000e+02;-7.4327365e-02;2.3250000e+02;-4.3166976e-02;2.3250000e+02;1.4504753e-03;2.3250000e+02;6.0297452e-02;2.3250000e+02;1.3262030e-01;2.3250000e+02;1.8350184e-01;2.3250000e+02;2.0934868e-01;2.3250000e+02;1.9869186e-01;2.3250000e+02;2.1437706e-01;2.3250000e+02;1.6776834e-01;2.3250000e+02;1.0922989e-01;2.3250000e+02;5.5686846e-02;2.3250000e+02;8.4208995e-03;2.3250000e+02;-3.5976842e-02;2.3250000e+02;-7.9727851e-02;2.3250000e+02;-1.2060726e-01;2.3250000e+02;-1.6527086e-01;2.3250000e+02;-7.9203933e-02;2.3250000e+02;-7.4327365e-02;2.3250000e+02;-4.3166976e-02;2.3250000e+02;1.4504753e-03;2.3250000e+02;6.0297452e-02;2.3250000e+02;1.3262030e-01;2.3250000e+02;1.8350184e-01;2.3250000e+02;2.0934868e-01;2.3250000e+02;1.9869186e-01;2.3250000e+02;2.1437706e-01;2.3250000e+02;1.6776834e-01;2.3250000e+02;1.0922989e-01;2.3250000e+02;5.5686846e-02;2.3250000e+02;8.4208995e-03;2.3250000e+02;-3.5976842e-02;2.3250000e+02;-7.9727851e-02;2.3250000e+02;-1.2060726e-01;2.3250000e+02;-1.6527086e-01;2.3250000e+02;-7.9203933e-02;2.3250000e+02;-7.4327365e-02;2.3250000e+02;-4.3166976e-02;2.3250000e+02;1.4504753e-03;2.3250000e+02;6.0297452e-02;2.3250000e+02;1.3262030e-01;2.3250000e+02;1.8350184e-01;2.3250000e+02;2.0934868e-01;2.3250000e+02;1.9869186e-01;2.3250000e+02;2.1437706e-01;2.3250000e+02;1.6776834e-01;2.3250000e+02;1.0922989e-01;2.3250000e+02;5.5686846e-02;2.3250000e+02;8.4208995e-03;2.3250000e+02;-3.5976842e-02;2.3250000e+02;-7.9727851e-02;2.3250000e+02;-1.2060726e-01;2.3250000e+02;-1.6527086e-01;2.3250000e+02;-7.9203933e-02;2.3250000e+02;-7.4327365e-02;2.3250000e+02;-4.3166976e-02;2.3250000e+02;1.4504753e-03;2.3250000e+02;6.0297452e-02;2.3250000e+02;1.3262030e-01;2.3250000e+02;1.8350184e-01;2.3250000e+02;2.0934868e-01;2.3250000e+02;1.9869186e-01;2.3250000e+02;2.1437706e-01;2.3250000e+02;1.6776834e-01;2.3250000e+02;1.0922989e-01;2.3250000e+02;5.5686846e-02;2.3250000e+02;8.4208995e-03;2.3250000e+02;-3.5976842e-02;2.3250000e+02;-7.9727851e-02;2.3250000e+02;-1.2060726e-01;2.3250000e+02;-1.6527086e-01;2.3250000e+02;-7.9203933e-02;2.3250000e+02;-7.4327365e-02;2.3250000e+02;-4.3166976e-02;2.3250000e+02;1.4504753e-03;2.3250000e+02;6.0297452e-02;2.3250000e+02;1.3262030e-01;2.3250000e+02;1.8350184e-01;2.3250000e+02;2.0934868e-01;2.3250000e+02;1.9869186e-01;2.3250000e+02;2.1437706e-01;2.3250000e+02;1.6776834e-01;2.3250000e+02;1.0922989e-01;2.3250000e+02;5.5686846e-02;2.3250000e+02;8.4208995e-03;2.3250000e+02;-3.5976842e-02;2.3250000e+02;-7.9727851e-02;2.3250000e+02;-1.2060726e-01;2.3250000e+02;-1.6527086e-01;2.3250000e+02;-7.9203933e-02;2.3250000e+02;-7.4327365e-02;2.3250000e+02;-4.3166976e-02;2.3250000e+02;1.4504753e-03;2.3250000e+02;6.0297452e-02;2.3250000e+02;1.3262030e-01;2.3250000e+02;1.8350184e-01;2.3250000e+02;2.0934868e-01;2.3250000e+02;1.9869186e-01;2.3250000e+02;2.1437706e-01;2.3250000e+02;1.6776834e-01;2.3250000e+02;1.0922989e-01;2.3250000e+02;5.5686846e-02;2.3250000e+02;8.4208995e-03;2.3250000e+02;-3.5976842e-02;2.3250000e+02;-7.9727851e-02;2.3250000e+02;-1.2060726e-01;2.3250000e+02;-1.6527086e-01;2.3250000e+02;-7.9203933e-02;2.3250000e+02;-7.4327365e-02;2.3250000e+02;-4.3166976e-02;2.3250000e+02;1.4504753e-03;2.3250000e+02;6.0297452e-02;2.3250000e+02;1.3262030e-01;2.3250000e+02;1.8350184e-01;2.3250000e+02;2.0934868e-01;2.3250000e+02;1.9869186e-01;2.3250000e+02;2.1437706e-01;2.3250000e+02;1.6776834e-01;2.3250000e+02;1.0922989e-01;2.3250000e+02;5.5686846e-02;2.3250000e+02;8.4208995e-03;2.3250000e+02;-3.5976842e-02;2.3250000e+02;-7.9727851e-02;2.3250000e+02;-1.2060726e-01;2.3250000e+02;-1.6527086e-01;2.3250000e+02;-7.9203933e-02;2.3250000e+02;-7.4327365e-02;2.3250000e+02;-4.3166976e-02;2.3250000e+02;1.4504753e-03;2.3250000e+02;6.0297452e-02;2.3250000e+02;1.3262030e-01;2.3250000e+02;1.8350184e-01;2.3250000e+02;2.0934868e-01;2.3250000e+02;1.9869186e-01;2.3250000e+02;2.1437706e-01;2.3250000e+02;1.6776834e-01;2.3250000e+02;1.0922989e-01;2.3250000e+02;5.5686846e-02;2.3250000e+02;8.4208995e-03;2.3250000e+02;-3.5976842e-02;2.3250000e+02;-7.9727851e-02;2.3250000e+02;-1.2060726e-01;2.3250000e+02;-1.6527086e-01;2.3250000e+02;-7.9203933e-02;2.3250000e+02;-7.4327365e-02;2.3250000e+02;-4.3166976e-02;2.3250000e+02;1.4504753e-03;2.3250000e+02;6.0297452e-02;2.3250000e+02;1.3262030e-01;2.3250000e+02;1.8350184e-01;2.3250000e+02;2.0934868e-01;2.3250000e+02;1.9869186e-01;2.3250000e+02;2.1437706e-01;2.3250000e+02;1.6776834e-01;2.3250000e+02;1.0922989e-01;2.3250000e+02;5.5686846e-02;2.3250000e+02;8.4208995e-03;2.3250000e+02;-3.5976842e-02;2.3250000e+02;-7.9727851e-02;2.3250000e+02;-1.2060726e-01;2.3250000e+02;-1.6527086e-01;2.3250000e+02;-7.9203933e-02;2.3250000e+02;-7.4327365e-02;2.3250000e+02;-4.3166976e-02;2.3250000e+02;1.4504753e-03;2.3250000e+02;6.0297452e-02;2.3250000e+02;1.3262030e-01;2.3250000e+02;1.8350184e-01;2.3250000e+02;2.0934868e-01;2.3250000e+02;1.9869186e-01;2.3250000e+02;2.1437706e-01;2.3250000e+02;1.6776834e-01;2.3250000e+02;1.0922989e-01;2.3250000e+02;5.5686846e-02;2.3250000e+02;8.4208995e-03;2.3250000e+02;-3.5976842e-02;2.3250000e+02;-7.9727851e-02;2.3250000e+02;-1.2060726e-01;2.3250000e+02;-1.6527086e-01;2.3250000e+02;-7.9203933e-02;2.3250000e+02;-7.4327365e-02;2.3250000e+02;-4.3166976e-02;2.3250000e+02;1.4504753e-03;2.3250000e+02;6.0297452e-02;2.3250000e+02;1.3262030e-01;2.3250000e+02;1.8350184e-01;2.3250000e+02;2.0934868e-01;2.3250000e+02;1.9869186e-01;2.3250000e+02;2.1437706e-01;2.3250000e+02;1.6776834e-01;2.3250000e+02;1.0922989e-01;2.3250000e+02;5.5686846e-02;2.3250000e+02;8.4208995e-03;2.3250000e+02;-3.5976842e-02;2.3250000e+02;-7.9727851e-02;2.3250000e+02;-1.2060726e-01;2.3250000e+02;-1.6527086e-01;2.3250000e+02;-7.9203933e-02;2.3250000e+02;-7.4327365e-02;2.3250000e+02;-4.3166976e-02;2.3250000e+02;1.4504753e-03;2.3250000e+02;6.0297452e-02;2.3250000e+02;1.3262030e-01;2.3250000e+02;1.8350184e-01;2.3250000e+02;2.0934868e-01;2.3250000e+02;1.9869186e-01;2.3250000e+02;2.1437706e-01;2.3250000e+02;1.6776834e-01;2.3250000e+02;1.0922989e-01;2.3250000e+02;5.5686846e-02;2.3250000e+02;8.4208995e-03;2.3250000e+02;-3.5976842e-02;2.3250000e+02;-7.9727851e-02;2.3250000e+02;-1.2060726e-01;2.3250000e+02;-1.6527086e-01;2.3250000e+02;-7.9203933e-02;2.3250000e+02;-7.4327365e-02;2.3250000e+02;-4.3166976e-02;2.3250000e+02;1.4504753e-03;2.3250000e+02;6.0297452e-02;2.3250000e+02;1.3262030e-01;2.3250000e+02;1.8350184e-01;2.3250000e+02;2.0934868e-01;2.3250000e+02;1.9869186e-01;2.3250000e+02;2.1437706e-01;2.3250000e+02;1.6776834e-01;2.3250000e+02;1.0922989e-01;2.3250000e+02;5.5686846e-02;2.3250000e+02;8.4208995e-03;2.3250000e+02;-3.5976842e-02;2.3250000e+02;-7.9727851e-02;2.3250000e+02;-1.2060726e-01;2.3250000e+02;-1.6527086e-01;2.3250000e+02;-7.9203933e-02;2.3250000e+02;-7.4327365e-02;2.3250000e+02;-4.3166976e-02;2.3250000e+02;1.4504753e-03;2.3250000e+02;6.0297452e-02;2.3250000e+02;1.3262030e-01;2.3250000e+02;1.8350184e-01;2.3250000e+02;2.0934868e-01;2.3250000e+02;1.9869186e-01;2.3250000e+02;2.1437706e-01;2.3250000e+02;1.6776834e-01;2.3250000e+02;1.0922989e-01;2.3250000e+02;5.5686846e-02;2.3250000e+02;8.4208995e-03;2.3250000e+02;-3.5976842e-02;2.3250000e+02;-7.9727851e-02;2.3250000e+02;-1.2060726e-01;2.3250000e+02;-1.6527086e-01;2.3250000e+02;-7.9203933e-02;2.3250000e+02;-7.4327365e-02;2.3250000e+02;-4.3166976e-02;2.3250000e+02;1.4504753e-03;2.3250000e+02;6.0297452e-02;2.3250000e+02;1.3262030e-01;2.3250000e+02;1.8350184e-01;2.3250000e+02;2.0934868e-01;2.3250000e+02;1.9869186e-01;2.3250000e+02;2.1437706e-01;2.3250000e+02;1.6776834e-01;2.3250000e+02;1.0922989e-01;2.3250000e+02;5.5686846e-02;2.3250000e+02;8.4208995e-03;2.3250000e+02;-3.5976842e-02;2.3250000e+02;-7.9727851e-02;2.3250000e+02;-1.2060726e-01;2.3250000e+02;-1.6527086e-01;2.3250000e+02;-7.9203933e-02;2.3250000e+02;-7.4327365e-02;2.3250000e+02;-4.3166976e-02;2.3250000e+02;1.4504753e-03;2.3250000e+02;6.0297452e-02;2.3250000e+02;1.3262030e-01;2.3250000e+02;1.8350184e-01;2.3250000e+02;2.0934868e-01;2.3250000e+02;1.9869186e-01;2.3250000e+02;2.1437706e-01;2.3250000e+02;1.6776834e-01;2.3250000e+02;1.0922989e-01;2.3250000e+02;5.5686846e-02;2.3250000e+02;8.4208995e-03;2.3250000e+02;-3.5976842e-02;2.3250000e+02;-7.9727851e-02;2.3250000e+02;-1.2060726e-01;2.3250000e+02;-1.6527086e-01;2.3250000e+02;-7.9203933e-02;2.3250000e+02;-7.4327365e-02;2.3250000e+02;-4.3166976e-02;2.3250000e+02;1.4504753e-03;2.3250000e+02;6.0297452e-02;2.3250000e+02;1.3262030e-01;2.3250000e+02;1.8350184e-01;2.3250000e+02;2.0934868e-01;2.3250000e+02;1.9869186e-01;2.3250000e+02;2.1437706e-01;2.3250000e+02;1.6776834e-01;2.3250000e+02;1.0922989e-01;2.3250000e+02;5.5686846e-02;2.3250000e+02;8.4208995e-03;2.3250000e+02;-3.5976842e-02;2.3250000e+02;-7.9727851e-02;2.3250000e+02;-1.2060726e-01;2.3250000e+02;-1.6527086e-01;2.3250000e+02;-7.9203933e-02;2.3250000e+02;-7.4327365e-02;2.3250000e+02;-4.3166976e-02;2.3250000e+02;1.4504753e-03;2.3250000e+02;6.0297452e-02;2.3250000e+02;1.3262030e-01;2.3250000e+02;1.8350184e-01;2.3250000e+02;2.0934868e-01;2.3250000e+02;1.9869186e-01;2.3250000e+02;2.1437706e-01;2.3250000e+02;1.6776834e-01;2.3250000e+02;1.0922989e-01;2.3250000e+02;5.5686846e-02;2.3250000e+02;8.4208995e-03;2.3250000e+02;-3.5976842e-02;2.3250000e+02;-7.9727851e-02;2.3250000e+02;-1.2060726e-01;2.3250000e+02;-1.6527086e-01;2.3250000e+02;-7.9203933e-02;2.3250000e+02;-7.4327365e-02;2.3250000e+02;-4.3166976e-02;2.3250000e+02;1.4504753e-03;2.3250000e+02;6.0297452e-02;2.3250000e+02;1.3262030e-01;2.3250000e+02;1.8350184e-01;2.3250000e+02;2.0934868e-01;2.3250000e+02;1.9869186e-01;2.3250000e+02;2.1437706e-01;2.3250000e+02;1.6776834e-01;2.3250000e+02;1.0922989e-01;2.3250000e+02;5.5686846e-02;2.3250000e+02;8.4208995e-03;2.3250000e+02;-3.5976842e-02;2.3250000e+02;-7.9727851e-02;2.3250000e+02;-1.2060726e-01;2.3250000e+02;-1.6527086e-01;2.3250000e+02;-7.9203933e-02;2.3250000e+02;-7.4327365e-02;2.3250000e+02;-4.3166976e-02;2.3250000e+02;1.4504753e-03;2.3250000e+02;6.0297452e-02;2.3250000e+02;1.3262030e-01;2.3250000e+02;1.8350184e-01;2.3250000e+02;2.0934868e-01;2.3250000e+02;1.9869186e-01;2.3250000e+02;2.1437706e-01;2.3250000e+02;1.6776834e-01;2.3250000e+02;1.0922989e-01;2.3250000e+02;5.5686846e-02;2.3250000e+02;8.4208995e-03;2.3250000e+02;-3.5976842e-02;2.3250000e+02;-7.9727851e-02;2.3250000e+02;-1.2060726e-01;2.3250000e+02;-1.6527086e-01;2.3250000e+02;-7.9203933e-02;2.3250000e+02;-7.4327365e-02;2.3250000e+02;-4.3166976e-02;2.3250000e+02;1.4504753e-03;2.3250000e+02;6.0297452e-02;2.3250000e+02;1.3262030e-01;2.3250000e+02;1.8350184e-01;2.3250000e+02;2.0934868e-01;2.3250000e+02;1.9869186e-01;2.3250000e+02;2.1437706e-01;2.3250000e+02;1.6776834e-01;2.3250000e+02;1.0922989e-01;2.3250000e+02;5.5686846e-02;2.3250000e+02;8.4208995e-03;2.3250000e+02;-3.5976842e-02;2.3250000e+02;-7.9727851e-02;2.3250000e+02;-1.2060726e-01;2.3250000e+02;-1.6527086e-01;2.3250000e+02;-7.9203933e-02;2.3250000e+02;-7.4327365e-02;2.3250000e+02;-4.3166976e-02;2.3250000e+02;1.4504753e-03;2.3250000e+02;6.0297452e-02;2.3250000e+02;1.3262030e-01;2.3250000e+02;1.8350184e-01;2.3250000e+02;2.0934868e-01;2.3250000e+02;1.9869186e-01;2.3250000e+02;2.1437706e-01;2.3250000e+02;1.6776834e-01;2.3250000e+02;1.0922989e-01;2.3250000e+02;5.5686846e-02;2.3250000e+02;8.4208995e-03;2.3250000e+02;-3.5976842e-02;2.3250000e+02;-7.9727851e-02;2.3250000e+02;-1.2060726e-01;2.3250000e+02;-1.6527086e-01;2.3250000e+02;-7.9203933e-02;2.3250000e+02;-7.4327365e-02;2.3250000e+02;-4.3166976e-02;2.3250000e+02;1.4504753e-03;2.3250000e+02;6.0297452e-02;2.3250000e+02;1.3262030e-01;2.3250000e+02;1.8350184e-01;2.3250000e+02;2.0934868e-01;2.3250000e+02;1.9869186e-01;2.3250000e+02;2.1437706e-01;2.3250000e+02;1.6776834e-01;2.3250000e+02;1.0922989e-01;2.3250000e+02;5.5686846e-02;2.3250000e+02;8.4208995e-03;2.3250000e+02;-3.5976842e-02;2.3250000e+02;-7.9727851e-02;2.3250000e+02;-1.2060726e-01;2.3250000e+02;-1.6527086e-01;2.3250000e+02;-7.9203933e-02;2.3250000e+02;-7.4327365e-02;2.3250000e+02;-4.3166976e-02;2.3250000e+02;1.4504753e-03;2.3250000e+02;6.0297452e-02;2.3250000e+02;1.3262030e-01;2.3250000e+02;1.8350184e-01;2.3250000e+02;2.0934868e-01;2.3250000e+02;1.9869186e-01;2.3250000e+02;2.1437706e-01;2.3250000e+02;1.6776834e-01;2.3250000e+02;1.0922989e-01;2.3250000e+02;5.5686846e-02;2.3250000e+02;8.4208995e-03;2.3250000e+02;-3.5976842e-02;2.3250000e+02;-7.9727851e-02;2.3250000e+02;-1.2060726e-01;2.3250000e+02;-1.6527086e-01;2.3250000e+02;-7.9203933e-02;2.3250000e+02;-7.4327365e-02;2.3250000e+02;-4.3166976e-02;2.3250000e+02;1.4504753e-03;2.3250000e+02;6.0297452e-02;2.3250000e+02;1.3262030e-01;2.3250000e+02;1.8350184e-01;2.3250000e+02;2.0934868e-01;2.3250000e+02;1.9869186e-01;2.3250000e+02;2.1437706e-01;2.3250000e+02;1.6776834e-01;2.3250000e+02;1.0922989e-01;2.3250000e+02;5.5686846e-02;2.3250000e+02;8.4208995e-03;2.3250000e+02;-3.5976842e-02;2.3250000e+02;-7.9727851e-02;2.3250000e+02;-1.2060726e-01;2.3250000e+02;-1.6527086e-01;2.3250000e+02;-7.9203933e-02;2.3250000e+02;-7.4327365e-02;2.3250000e+02;-4.3166976e-02;2.3250000e+02;1.4504753e-03;2.3250000e+02;6.0297452e-02;2.3250000e+02;1.3262030e-01;2.3250000e+02;1.8350184e-01;2.3250000e+02;2.0934868e-01;2.3250000e+02;1.9869186e-01;2.3250000e+02;2.1437706e-01;2.3250000e+02;1.6776834e-01;2.3250000e+02;1.0922989e-01;2.3250000e+02;5.5686846e-02;2.3250000e+02;8.4208995e-03;2.3250000e+02;-3.5976842e-02;2.3250000e+02;-7.9727851e-02;2.3250000e+02;-1.2060726e-01;2.3250000e+02;-1.6527086e-01;2.3250000e+02;-7.9203933e-02;2.3250000e+02;-7.4327365e-02;2.3250000e+02;-4.3166976e-02;2.3250000e+02;1.4504753e-03;2.3250000e+02;6.0297452e-02;2.3250000e+02;1.3262030e-01;2.3250000e+02;1.8350184e-01;2.3250000e+02;2.0934868e-01;2.3250000e+02;1.9869186e-01;2.3250000e+02;2.1437706e-01;2.3250000e+02;1.6776834e-01;2.3250000e+02;1.0922989e-01;2.3250000e+02;5.5686846e-02;2.3250000e+02;8.4208995e-03;2.3250000e+02;-3.5976842e-02;2.3250000e+02;-7.9727851e-02;2.3250000e+02;-1.2060726e-01;2.3250000e+02;-1.6527086e-01;2.3250000e+02;-7.9203933e-02;2.3250000e+02;-7.4327365e-02;2.3250000e+02;-4.3166976e-02;2.3250000e+02;1.4504753e-03;2.3250000e+02;6.0297452e-02;2.3250000e+02;1.3262030e-01;2.3250000e+02;1.8350184e-01;2.3250000e+02;2.0934868e-01;2.3250000e+02;1.9869186e-01;2.3250000e+02;2.1437706e-01;2.3250000e+02;1.6776834e-01;2.3250000e+02;1.0922989e-01;2.3250000e+02;5.5686846e-02;2.3250000e+02;8.4208995e-03;2.3250000e+02;-3.5976842e-02;2.3250000e+02;-7.9727851e-02;2.3250000e+02;-1.2060726e-01;2.3250000e+02;-1.6527086e-01;2.3250000e+02;-7.9203933e-02;2.3250000e+02;-7.4327365e-02;2.3250000e+02;-4.3166976e-02;2.3250000e+02;1.4504753e-03;2.3250000e+02;6.0297452e-02;2.3250000e+02;1.3262030e-01;2.3250000e+02;1.8350184e-01;2.3250000e+02;2.0934868e-01;2.3250000e+02;1.9869186e-01;2.3250000e+02;2.1437706e-01;2.3250000e+02;1.6776834e-01;2.3250000e+02;1.0922989e-01;2.3250000e+02;5.5686846e-02;2.3250000e+02;8.4208995e-03;2.3250000e+02;-3.5976842e-02;2.3250000e+02;-7.9727851e-02;2.3250000e+02;-1.2060726e-01;2.3250000e+02;-1.6527086e-01;2.3250000e+02;-7.9203933e-02;2.3250000e+02;-7.4327365e-02;2.3250000e+02;-4.3166976e-02;2.3250000e+02;1.4504753e-03;2.3250000e+02;6.0297452e-02;2.3250000e+02;1.3262030e-01;2.3250000e+02;1.8350184e-01;2.3250000e+02;2.0934868e-01;2.3250000e+02;1.9869186e-01;2.3250000e+02;2.1437706e-01;2.3250000e+02;1.6776834e-01;2.3250000e+02;1.0922989e-01;2.3250000e+02;5.5686846e-02;2.3250000e+02;8.4208995e-03;2.3250000e+02;-3.5976842e-02;2.3250000e+02;-7.9727851e-02;2.3250000e+02;-1.2060726e-01;2.3250000e+02;-1.6527086e-01;2.3250000e+02;-7.9203933e-02;2.3250000e+02;-7.4327365e-02;2.3250000e+02;-4.3166976e-02;2.3250000e+02;1.4504753e-03;2.3250000e+02;6.0297452e-02;2.3250000e+02;1.3262030e-01;2.3250000e+02;1.8350184e-01;2.3250000e+02;2.0934868e-01;2.3250000e+02;1.9869186e-01;2.3250000e+02;2.1437706e-01;2.3250000e+02;1.6776834e-01;2.3250000e+02;1.0922989e-01;2.3250000e+02;5.5686846e-02;2.3250000e+02;8.4208995e-03;2.3250000e+02;-3.5976842e-02;2.3250000e+02;-7.9727851e-02;2.3250000e+02;-1.2060726e-01;2.3250000e+02;-1.6527086e-01;2.3250000e+02;-7.9203933e-02;2.3250000e+02;-7.4327365e-02;2.3250000e+02;-4.3166976e-02;2.3250000e+02;1.4504753e-03;2.3250000e+02;6.0297452e-02;2.3250000e+02;1.3262030e-01;2.3250000e+02;1.8350184e-01;2.3250000e+02;2.0934868e-01;2.3250000e+02;1.9869186e-01;2.3250000e+02;2.1437706e-01;2.3250000e+02;1.6776834e-01;2.3250000e+02;1.0922989e-01;2.3250000e+02;5.5686846e-02;2.3250000e+02;8.4208995e-03;2.3250000e+02;-3.5976842e-02;2.3250000e+02;-7.9727851e-02;2.3250000e+02;-1.2060726e-01;2.3250000e+02;-1.6527086e-01;2.3250000e+02;-7.9203933e-02;2.3250000e+02;-7.4327365e-02;2.3250000e+02;-4.3166976e-02;2.3250000e+02;1.4504753e-03;2.3250000e+02;6.0297452e-02;2.3250000e+02;1.3262030e-01;2.3250000e+02;1.8350184e-01;2.3250000e+02;2.0934868e-01;2.3250000e+02;1.9869186e-01;2.3250000e+02;2.1437706e-01;2.3250000e+02;1.6776834e-01;2.3250000e+02;1.0922989e-01;2.3250000e+02;5.5686846e-02;2.3250000e+02;8.4208995e-03;2.3250000e+02;-3.5976842e-02;2.3250000e+02;-7.9727851e-02;2.3250000e+02;-1.2060726e-01;2.3250000e+02;-1.6527086e-01;2.3250000e+02;-7.9203933e-02;2.3250000e+02;-7.4327365e-02;2.3250000e+02;-4.3166976e-02;2.3250000e+02;1.4504753e-03;2.3250000e+02;6.0297452e-02;2.3250000e+02;1.3262030e-01;2.3250000e+02;1.8350184e-01;2.3250000e+02;2.0934868e-01;2.3250000e+02;1.9869186e-01;2.3250000e+02;2.1437706e-01;2.3250000e+02;1.6776834e-01;2.3250000e+02;1.0922989e-01;2.3250000e+02;5.5686846e-02;2.3250000e+02;8.4208995e-03;2.3250000e+02;-3.5976842e-02;2.3250000e+02;-7.9727851e-02;2.3250000e+02;-1.2060726e-01;2.3250000e+02;-1.6527086e-01;2.3250000e+02;-7.9203933e-02;2.3250000e+02;-7.4327365e-02;2.3250000e+02;-4.3166976e-02;2.3250000e+02;1.4504753e-03;2.3250000e+02;6.0297452e-02;2.3250000e+02;1.3262030e-01;2.3250000e+02;1.8350184e-01;2.3250000e+02;2.0934868e-01;2.3250000e+02;1.9869186e-01;2.3250000e+02;2.1437706e-01;2.3250000e+02;1.6776834e-01;2.3250000e+02;1.0922989e-01;2.3250000e+02;5.5686846e-02;2.3250000e+02;8.4208995e-03;2.3250000e+02;-3.5976842e-02;2.3250000e+02;-7.9727851e-02;2.3250000e+02;-1.2060726e-01;2.3250000e+02;-1.6527086e-01;2.3250000e+02;-7.9203933e-02;2.3250000e+02;-7.4327365e-02;2.3250000e+02;-4.3166976e-02;2.3250000e+02;1.4504753e-03;2.3250000e+02;6.0297452e-02;2.3250000e+02;1.3262030e-01;2.3250000e+02;1.8350184e-01;2.3250000e+02;2.0934868e-01;2.3250000e+02;1.9869186e-01;2.3250000e+02;2.1437706e-01;2.3250000e+02;1.6776834e-01;2.3250000e+02;1.0922989e-01;2.3250000e+02;5.5686846e-02;2.3250000e+02;8.4208995e-03;2.3250000e+02;-3.5976842e-02;2.3250000e+02;-7.9727851e-02;2.3250000e+02;-1.2060726e-01;2.3250000e+02;-1.6527086e-01;2.3250000e+02;-7.9203933e-02;2.3250000e+02;-7.4327365e-02;2.3250000e+02;-4.3166976e-02;2.3250000e+02;1.4504753e-03;2.3250000e+02;6.0297452e-02;2.3250000e+02;1.3262030e-01;2.3250000e+02;1.8350184e-01;2.3250000e+02;2.0934868e-01;2.3250000e+02;1.9869186e-01;2.3250000e+02;2.1437706e-01;2.3250000e+02;1.6776834e-01;2.3250000e+02;1.0922989e-01;2.3250000e+02;5.5686846e-02;2.3250000e+02;8.4208995e-03;2.3250000e+02;-3.5976842e-02;2.3250000e+02;-7.9727851e-02;2.3250000e+02;-1.2060726e-01;2.3250000e+02;-1.6527086e-01;2.3250000e+02;-7.9203933e-02;2.3250000e+02;-7.4327365e-02;2.3250000e+02;-4.3166976e-02;2.3250000e+02;1.4504753e-03;2.3250000e+02;6.0297452e-02;2.3250000e+02;1.3262030e-01;2.3250000e+02;1.8350184e-01;2.3250000e+02;2.0934868e-01;2.3250000e+02;1.9869186e-01;2.3250000e+02;2.1437706e-01;2.3250000e+02;1.6776834e-01;2.3250000e+02;1.0922989e-01;2.3250000e+02;5.5686846e-02;2.3250000e+02;8.4208995e-03;2.3250000e+02;-3.5976842e-02;2.3250000e+02;-7.9727851e-02;2.3250000e+02;-1.2060726e-01;2.3250000e+02;-1.6527086e-01;2.3250000e+02;-7.9203933e-02;2.3250000e+02;-7.4327365e-02;2.3250000e+02;-4.3166976e-02;2.3250000e+02;1.4504753e-03;2.3250000e+02;6.0297452e-02;2.3250000e+02;1.3262030e-01;2.3250000e+02;1.8350184e-01;2.3250000e+02;2.0934868e-01;2.3250000e+02;1.9869186e-01;2.3250000e+02;2.1437706e-01;2.3250000e+02;1.6776834e-01;2.3250000e+02;1.0922989e-01;2.3250000e+02;5.5686846e-02;2.3250000e+02;8.4208995e-03;2.3250000e+02;-3.5976842e-02;2.3250000e+02;-7.9727851e-02;2.3250000e+02;-1.2060726e-01;2.3250000e+02;-1.6527086e-01;2.3250000e+02;-7.9203933e-02;2.3250000e+02;-7.4327365e-02;2.3250000e+02;-4.3166976e-02;2.3250000e+02;1.4504753e-03;2.3250000e+02;6.0297452e-02;2.3250000e+02;1.3262030e-01;2.3250000e+02;1.8350184e-01;2.3250000e+02;2.0934868e-01;2.3250000e+02;1.9869186e-01;2.3250000e+02;2.1437706e-01;2.3250000e+02;1.6776834e-01;2.3250000e+02;1.0922989e-01;2.3250000e+02;5.5686846e-02;2.3250000e+02;8.4208995e-03;2.3250000e+02;-3.5976842e-02;2.3250000e+02;-7.9727851e-02;2.3250000e+02;-1.2060726e-01;2.3250000e+02;-1.6527086e-01;2.3250000e+02;-7.9203933e-02;2.3250000e+02;-7.4327365e-02;2.3250000e+02;-4.3166976e-02;2.3250000e+02;1.4504753e-03;2.3250000e+02;6.0297452e-02;2.3250000e+02;1.3262030e-01;2.3250000e+02;1.8350184e-01;2.3250000e+02;2.0934868e-01;2.3250000e+02;1.9869186e-01;2.3250000e+02;2.1437706e-01;2.3250000e+02;1.6776834e-01;2.3250000e+02;1.0922989e-01;2.3250000e+02;5.5686846e-02;2.3250000e+02;8.4208995e-03;2.3250000e+02;-3.5976842e-02;2.3250000e+02;-7.9727851e-02;2.3250000e+02;-1.2060726e-01;2.3250000e+02;-1.6527086e-01;2.3250000e+02;-7.9203933e-02;2.3250000e+02;-7.4327365e-02;2.3250000e+02;-4.3166976e-02;2.3250000e+02;1.4504753e-03;2.3250000e+02;6.0297452e-02;2.3250000e+02;1.3262030e-01;2.3250000e+02;1.8350184e-01;2.3250000e+02;2.0934868e-01;2.3250000e+02;1.9869186e-01;2.3250000e+02;2.1437706e-01;2.3250000e+02;1.6776834e-01;2.3250000e+02;1.0922989e-01;2.3250000e+02;5.5686846e-02;2.3250000e+02;8.4208995e-03;2.3250000e+02;-3.5976842e-02;2.3250000e+02;-7.9727851e-02;2.3250000e+02;-1.2060726e-01;2.3250000e+02;-1.6527086e-01;2.3250000e+02;-7.9203933e-02;2.3250000e+02;-7.4327365e-02;2.3250000e+02;-4.3166976e-02;2.3250000e+02;1.4504753e-03;2.3250000e+02;6.0297452e-02;2.3250000e+02;1.3262030e-01;2.3250000e+02;1.8350184e-01;2.3250000e+02;2.0934868e-01;2.3250000e+02;1.9869186e-01;2.3250000e+02;2.1437706e-01;2.3250000e+02;1.6776834e-01;2.3250000e+02;1.0922989e-01;2.3250000e+02;5.5686846e-02;2.3250000e+02;8.4208995e-03;2.3250000e+02;-3.5976842e-02;2.3250000e+02;-7.9727851e-02;2.3250000e+02;-1.2060726e-01;2.3250000e+02;-1.6527086e-01;2.3250000e+02;-7.9203933e-02;2.3250000e+02;-7.4327365e-02;2.3250000e+02;-4.3166976e-02;2.3250000e+02;1.4504753e-03;2.3250000e+02;6.0297452e-02;2.3250000e+02;1.3262030e-01;2.3250000e+02;1.8350184e-01;2.3250000e+02;2.0934868e-01;2.3250000e+02;1.9869186e-01;2.3250000e+02;2.1437706e-01;2.3250000e+02;1.6776834e-01;2.3250000e+02;1.0922989e-01;2.3250000e+02;5.5686846e-02;2.3250000e+02;8.4208995e-03;2.3250000e+02;-3.5976842e-02;2.3250000e+02;-7.9727851e-02;2.3250000e+02;-1.2060726e-01;2.3250000e+02;-1.6527086e-01;2.3250000e+02;-7.9203933e-02;2.3250000e+02;-7.4327365e-02;2.3250000e+02;-4.3166976e-02;2.3250000e+02;1.4504753e-03;2.3250000e+02;6.0297452e-02;2.3250000e+02;1.3262030e-01;2.3250000e+02;1.8350184e-01;2.3250000e+02;2.0934868e-01;2.3250000e+02;1.9869186e-01;2.3250000e+02;2.1437706e-01;2.3250000e+02;1.6776834e-01;2.3250000e+02;1.0922989e-01;2.3250000e+02;5.5686846e-02;2.3250000e+02;8.4208995e-03;2.3250000e+02;-3.5976842e-02;2.3250000e+02;-7.9727851e-02;2.3250000e+02;-1.2060726e-01;2.3250000e+02;-1.6527086e-01;2.3250000e+02;-7.9203933e-02;2.3250000e+02;-7.4327365e-02;2.3250000e+02;-4.3166976e-02;2.3250000e+02;1.4504753e-03;2.3250000e+02;6.0297452e-02;2.3250000e+02;1.3262030e-01;2.3250000e+02;1.8350184e-01;2.3250000e+02;2.0934868e-01;2.3250000e+02;1.9869186e-01;2.3250000e+02;2.1437706e-01;2.3250000e+02;1.6776834e-01;2.3250000e+02;1.0922989e-01;2.3250000e+02;5.5686846e-02;2.3250000e+02;8.4208995e-03;2.3250000e+02;-3.5976842e-02;2.3250000e+02;-7.9727851e-02;2.3250000e+02;-1.2060726e-01;2.3250000e+02;-1.6527086e-01;2.3250000e+02;-7.9203933e-02;2.3250000e+02;-7.4327365e-02;2.3250000e+02;-4.3166976e-02;2.3250000e+02;1.4504753e-03;2.3250000e+02;6.0297452e-02;2.3250000e+02;1.3262030e-01;2.3250000e+02;1.8350184e-01;2.3250000e+02;2.0934868e-01;2.3250000e+02;1.9869186e-01;2.3250000e+02;2.1437706e-01;2.3250000e+02;1.6776834e-01;2.3250000e+02;1.0922989e-01;2.3250000e+02;5.5686846e-02;2.3250000e+02;8.4208995e-03;2.3250000e+02;-3.5976842e-02;2.3250000e+02;-7.9727851e-02;2.3250000e+02;-1.2060726e-01;2.3250000e+02;-1.6527086e-01;2.3250000e+02;-7.9203933e-02;2.3250000e+02;-7.4327365e-02;2.3250000e+02;-4.3166976e-02;2.3250000e+02;1.4504753e-03;2.3250000e+02;6.0297452e-02;2.3250000e+02;1.3262030e-01;2.3250000e+02;1.8350184e-01;2.3250000e+02;2.0934868e-01;2.3250000e+02;1.9869186e-01;2.3250000e+02;2.1437706e-01;2.3250000e+02;1.6776834e-01;2.3250000e+02;1.0922989e-01;2.3250000e+02;5.5686846e-02;2.3250000e+02;8.4208995e-03;2.3250000e+02;-3.5976842e-02;2.3250000e+02;-7.9727851e-02;2.3250000e+02;-1.2060726e-01;2.3250000e+02;-1.6527086e-01;2.3250000e+02;-7.9203933e-02;2.3250000e+02;-7.4327365e-02;2.3250000e+02;-4.3166976e-02;2.3250000e+02;1.4504753e-03;2.3250000e+02;6.0297452e-02;2.3250000e+02;1.3262030e-01;2.3250000e+02;1.8350184e-01;2.3250000e+02;2.0934868e-01;2.3250000e+02;1.9869186e-01;2.3250000e+02;2.1437706e-01;2.3250000e+02;1.6776834e-01;2.3250000e+02;1.0922989e-01;2.3250000e+02;5.5686846e-02;2.3250000e+02;8.4208995e-03;2.3250000e+02;-3.5976842e-02;2.3250000e+02;-7.9727851e-02;2.3250000e+02;-1.2060726e-01;2.3250000e+02;-1.6527086e-01;2.3250000e+02;-7.9203933e-02;2.3250000e+02;-7.4327365e-02;2.3250000e+02;-4.3166976e-02;2.3250000e+02;1.4504753e-03;2.3250000e+02;6.0297452e-02;2.3250000e+02;1.3262030e-01;2.3250000e+02;1.8350184e-01;2.3250000e+02;2.0934868e-01;2.3250000e+02;1.9869186e-01;2.3250000e+02;2.1437706e-01;2.3250000e+02;1.6776834e-01;2.3250000e+02;1.0922989e-01;2.3250000e+02;5.5686846e-02;2.3250000e+02;8.4208995e-03;2.3250000e+02;-3.5976842e-02;2.3250000e+02;-7.9727851e-02;2.3250000e+02;-1.2060726e-01;2.3250000e+02;-1.6527086e-01;2.3250000e+02;-7.9203933e-02;2.3250000e+02;-7.4327365e-02;2.3250000e+02;-4.3166976e-02;2.3250000e+02;1.4504753e-03;2.3250000e+02;6.0297452e-02;2.3250000e+02;1.3262030e-01;2.3250000e+02;1.8350184e-01;2.3250000e+02;2.0934868e-01;2.3250000e+02;1.9869186e-01;2.3250000e+02;2.1437706e-01;2.3250000e+02;1.6776834e-01;2.3250000e+02;1.0922989e-01;2.3250000e+02;5.5686846e-02;2.3250000e+02;8.4208995e-03;2.3250000e+02;-3.5976842e-02;2.3250000e+02;-7.9727851e-02;2.3250000e+02;-1.2060726e-01;2.3250000e+02;-1.6527086e-01;2.3250000e+02;-7.9203933e-02;2.3250000e+02;-7.4327365e-02;2.3250000e+02;-4.3166976e-02;2.3250000e+02;1.4504753e-03;2.3250000e+02;6.0297452e-02;2.3250000e+02;1.3262030e-01;2.3250000e+02;1.8350184e-01;2.3250000e+02;2.0934868e-01;2.3250000e+02;1.9869186e-01;2.3250000e+02;2.1437706e-01;2.3250000e+02;1.6776834e-01;2.3250000e+02;1.0922989e-01;2.3250000e+02;5.5686846e-02;2.3250000e+02;8.4208995e-03;2.3250000e+02;-3.5976842e-02;2.3250000e+02;-7.9727851e-02;2.3250000e+02;-1.2060726e-01;2.3250000e+02;-1.6527086e-01;2.3250000e+02;-7.9203933e-02;2.3250000e+02;-7.4327365e-02;2.3250000e+02;-4.3166976e-02;2.3250000e+02;1.4504753e-03;2.3250000e+02;6.0297452e-02;2.3250000e+02;1.3262030e-01;2.3250000e+02;1.8350184e-01;2.3250000e+02;2.0934868e-01;2.3250000e+02;1.9869186e-01;2.3250000e+02;2.1437706e-01;2.3250000e+02;1.6776834e-01;2.3250000e+02;1.0922989e-01;2.3250000e+02;5.5686846e-02;2.3250000e+02;8.4208995e-03;2.3250000e+02;-3.5976842e-02;2.3250000e+02;-7.9727851e-02;2.3250000e+02;-1.2060726e-01;2.3250000e+02;-1.6527086e-01;2.3250000e+02;-7.9203933e-02;2.3250000e+02;-7.4327365e-02;2.3250000e+02;-4.3166976e-02;2.3250000e+02;1.4504753e-03;2.3250000e+02;6.0297452e-02;2.3250000e+02;1.3262030e-01;2.3250000e+02;1.8350184e-01;2.3250000e+02;2.0934868e-01;2.3250000e+02;1.9869186e-01;2.3250000e+02;2.1437706e-01;2.3250000e+02;1.6776834e-01;2.3250000e+02;1.0922989e-01;2.3250000e+02;5.5686846e-02;2.3250000e+02;8.4208995e-03;2.3250000e+02;-3.5976842e-02;2.3250000e+02;-7.9727851e-02;2.3250000e+02;-1.2060726e-01;2.3250000e+02;-1.6527086e-01;2.3250000e+02;-7.9203933e-02;2.3250000e+02;-7.4327365e-02;2.3250000e+02;-4.3166976e-02;2.3250000e+02;1.4504753e-03;2.3250000e+02;6.0297452e-02;2.3250000e+02;1.3262030e-01;2.3250000e+02;1.8350184e-01;2.3250000e+02;2.0934868e-01;2.3250000e+02;1.9869186e-01;2.3250000e+02;2.1437706e-01;2.3250000e+02;1.6776834e-01;2.3250000e+02;1.0922989e-01;2.3250000e+02;5.5686846e-02;2.3250000e+02;8.4208995e-03;2.3250000e+02;-3.5976842e-02;2.3250000e+02;-7.9727851e-02;2.3250000e+02;-1.2060726e-01;2.3250000e+02;-1.6527086e-01;2.3250000e+02;-7.9203933e-02;2.3250000e+02;-7.4327365e-02;2.3250000e+02;-4.3166976e-02;2.3250000e+02;1.4504753e-03;2.3250000e+02;6.0297452e-02;2.3250000e+02;1.3262030e-01;2.3250000e+02;1.8350184e-01;2.3250000e+02;2.0934868e-01;2.3250000e+02;1.9869186e-01;2.3250000e+02;2.1437706e-01;2.3250000e+02;1.6776834e-01;2.3250000e+02;1.0922989e-01;2.3250000e+02;5.5686846e-02;2.3250000e+02;8.4208995e-03;2.3250000e+02;-3.5976842e-02;2.3250000e+02;-7.9727851e-02;2.3250000e+02;-1.2060726e-01;2.3250000e+02;-1.6527086e-01;2.3250000e+02;-7.9203933e-02;2.3250000e+02;-7.4327365e-02;2.3250000e+02;-4.3166976e-02;2.3250000e+02;1.4504753e-03;2.3250000e+02;6.0297452e-02;2.3250000e+02;1.3262030e-01;2.3250000e+02;1.8350184e-01;2.3250000e+02;2.0934868e-01;2.3250000e+02;1.9869186e-01;2.3250000e+02;2.1437706e-01;2.3250000e+02;1.6776834e-01;2.3250000e+02;1.0922989e-01;2.3250000e+02;5.5686846e-02;2.3250000e+02;8.4208995e-03;2.3250000e+02;-3.5976842e-02;2.3250000e+02;-7.9727851e-02;2.3250000e+02;-1.2060726e-01;2.3250000e+02;-1.6527086e-01;2.3250000e+02;-7.9203933e-02;2.3250000e+02;-7.4327365e-02;2.3250000e+02;-4.3166976e-02;2.3250000e+02;1.4504753e-03;2.3250000e+02;6.0297452e-02;2.3250000e+02;1.3262030e-01;2.3250000e+02;1.8350184e-01;2.3250000e+02;2.0934868e-01;2.3250000e+02;1.9869186e-01;2.3250000e+02;2.1437706e-01;2.3250000e+02;1.6776834e-01;2.3250000e+02;1.0922989e-01;2.3250000e+02;5.5686846e-02;2.3250000e+02;8.4208995e-03;2.3250000e+02;-3.5976842e-02;2.3250000e+02;-7.9727851e-02;2.3250000e+02;-1.2060726e-01;2.3250000e+02;-1.6527086e-01;2.3250000e+02;-7.9203933e-02;2.3250000e+02;-7.4327365e-02;2.3250000e+02;-4.3166976e-02;2.3250000e+02;1.4504753e-03;2.3250000e+02;6.0297452e-02;2.3250000e+02;1.3262030e-01;2.3250000e+02;1.8350184e-01;2.3250000e+02;2.0934868e-01;2.3250000e+02;1.9869186e-01;2.3250000e+02;2.1437706e-01;2.3250000e+02;1.6776834e-01;2.3250000e+02;1.0922989e-01;2.3250000e+02;5.5686846e-02;2.3250000e+02;8.4208995e-03;2.3250000e+02;-3.5976842e-02;2.3250000e+02;-7.9727851e-02;2.3250000e+02;-1.2060726e-01;2.3250000e+02;-1.6527086e-01;2.3250000e+02;-7.9203933e-02;2.3250000e+02;-7.4327365e-02;2.3250000e+02;-4.3166976e-02;2.3250000e+02;1.4504753e-03;2.3250000e+02;6.0297452e-02;2.3250000e+02;1.3262030e-01;2.3250000e+02;1.8350184e-01;2.3250000e+02;2.0934868e-01;2.3250000e+02;1.9869186e-01;2.3250000e+02;2.1437706e-01;2.3250000e+02;1.6776834e-01;2.3250000e+02;1.0922989e-01;2.3250000e+02;5.5686846e-02;2.3250000e+02;8.4208995e-03;2.3250000e+02;-3.5976842e-02;2.3250000e+02;-7.9727851e-02;2.3250000e+02;-1.2060726e-01;2.3250000e+02;-1.6527086e-01;2.3250000e+02;-7.9203933e-02;2.3250000e+02;-7.4327365e-02;2.3250000e+02;-4.3166976e-02;2.3250000e+02;1.4504753e-03;2.3250000e+02;6.0297452e-02;2.3250000e+02;1.3262030e-01;2.3250000e+02;1.8350184e-01;2.3250000e+02;2.0934868e-01;2.3250000e+02;1.9869186e-01;2.3250000e+02;2.1437706e-01;2.3250000e+02;1.6776834e-01;2.3250000e+02;1.0922989e-01;2.3250000e+02;5.5686846e-02;2.3250000e+02;8.4208995e-03;2.3250000e+02;-3.5976842e-02;2.3250000e+02;-7.9727851e-02;2.3250000e+02;-1.2060726e-01;2.3250000e+02;-1.6527086e-01;2.3250000e+02;-7.9203933e-02;2.3250000e+02;-7.4327365e-02;2.3250000e+02;-4.3166976e-02;2.3250000e+02;1.4504753e-03;2.3250000e+02;6.0297452e-02;2.3250000e+02;1.3262030e-01;2.3250000e+02;1.8350184e-01;2.3250000e+02;2.0934868e-01;2.3250000e+02;1.9869186e-01;2.3250000e+02;2.1437706e-01;2.3250000e+02;1.6776834e-01;2.3250000e+02;1.0922989e-01;2.3250000e+02;5.5686846e-02;2.3250000e+02;8.4208995e-03;2.3250000e+02;-3.5976842e-02;2.3250000e+02;-7.9727851e-02;2.3250000e+02;-1.2060726e-01;2.3250000e+02;-1.6527086e-01;2.3250000e+02;-7.9203933e-02;2.3250000e+02;-7.4327365e-02;2.3250000e+02;-4.3166976e-02;2.3250000e+02;1.4504753e-03;2.3250000e+02;6.0297452e-02;2.3250000e+02;1.3262030e-01;2.3250000e+02;1.8350184e-01;2.3250000e+02;2.0934868e-01;2.3250000e+02;1.9869186e-01;2.3250000e+02;2.1437706e-01;2.3250000e+02;1.6776834e-01;2.3250000e+02;1.0922989e-01;2.3250000e+02;5.5686846e-02;2.3250000e+02;8.4208995e-03;2.3250000e+02;-3.5976842e-02;2.3250000e+02;-7.9727851e-02;2.3250000e+02;-1.2060726e-01;2.3250000e+02;-1.6527086e-01;2.3250000e+02;-7.9203933e-02;2.3250000e+02;-7.4327365e-02;2.3250000e+02;-4.3166976e-02;2.3250000e+02;1.4504753e-03;2.3250000e+02;6.0297452e-02;2.3250000e+02;1.3262030e-01;2.3250000e+02;1.8350184e-01;2.3250000e+02;2.0934868e-01;2.3250000e+02;1.9869186e-01;2.3250000e+02;2.1437706e-01;2.3250000e+02;1.6776834e-01;2.3250000e+02;1.0922989e-01;2.3250000e+02;5.5686846e-02;2.3250000e+02;8.4208995e-03;2.3250000e+02;-3.5976842e-02;2.3250000e+02;-7.9727851e-02;2.3250000e+02;-1.2060726e-01;2.3250000e+02;-1.6527086e-01;2.3250000e+02;-7.9203933e-02;2.3250000e+02;-7.4327365e-02;2.3250000e+02;-4.3166976e-02;2.3250000e+02;1.4504753e-03;2.3250000e+02;6.0297452e-02;2.3250000e+02;1.3262030e-01;2.3250000e+02;1.8350184e-01;2.3250000e+02;2.0934868e-01;2.3250000e+02;1.9869186e-01;2.3250000e+02;2.1437706e-01;2.3250000e+02;1.6776834e-01;2.3250000e+02;1.0922989e-01;2.3250000e+02;5.5686846e-02;2.3250000e+02;8.4208995e-03;2.3250000e+02;-3.5976842e-02;2.3250000e+02;-7.9727851e-02;2.3250000e+02;-1.2060726e-01;2.3250000e+02;-1.6527086e-01;2.3250000e+02;-7.9203933e-02;2.3250000e+02;-7.4327365e-02;2.3250000e+02;-4.3166976e-02;2.3250000e+02;1.4504753e-03;2.3250000e+02;6.0297452e-02;2.3250000e+02;1.3262030e-01;2.3250000e+02;1.8350184e-01;2.3250000e+02;2.0934868e-01;2.3250000e+02;1.9869186e-01;2.3250000e+02;2.1437706e-01;2.3250000e+02;1.6776834e-01;2.3250000e+02;1.0922989e-01;2.3250000e+02;5.5686846e-02;2.3250000e+02;8.4208995e-03;2.3250000e+02;-3.5976842e-02;2.3250000e+02;-7.9727851e-02;2.3250000e+02;-1.2060726e-01;2.3250000e+02;-1.6527086e-01;2.3250000e+02;-7.9203933e-02;2.3250000e+02;-7.4327365e-02;2.3250000e+02;-4.3166976e-02;2.3250000e+02;1.4504753e-03;2.3250000e+02;6.0297452e-02;2.3250000e+02;1.3262030e-01;2.3250000e+02;1.8350184e-01;2.3250000e+02;2.0934868e-01;2.3250000e+02;1.9869186e-01;2.3250000e+02;2.1437706e-01;2.3250000e+02;1.6776834e-01;2.3250000e+02;1.0922989e-01;2.3250000e+02;5.5686846e-02;2.3250000e+02;8.4208995e-03;2.3250000e+02;-3.5976842e-02;2.3250000e+02;-7.9727851e-02;2.3250000e+02;-1.2060726e-01;2.3250000e+02;-1.6527086e-01;2.3250000e+02;-7.9203933e-02;2.3250000e+02;-7.4327365e-02;2.3250000e+02;-4.3166976e-02;2.3250000e+02;1.4504753e-03;2.3250000e+02;6.0297452e-02;2.3250000e+02;1.3262030e-01;2.3250000e+02;1.8350184e-01;2.3250000e+02;2.0934868e-01;2.3250000e+02;1.9869186e-01;2.3250000e+02;2.1437706e-01;2.3250000e+02;1.6776834e-01;2.3250000e+02;1.0922989e-01;2.3250000e+02;5.5686846e-02;2.3250000e+02;8.4208995e-03;2.3250000e+02;-3.5976842e-02;2.3250000e+02;-7.9727851e-02;2.3250000e+02;-1.2060726e-01;2.3250000e+02;-1.6527086e-01;2.3250000e+02;-7.9203933e-02;2.3250000e+02;-7.4327365e-02;2.3250000e+02;-4.3166976e-02;2.3250000e+02;1.4504753e-03;2.3250000e+02;6.0297452e-02;2.3250000e+02;1.3262030e-01;2.3250000e+02;1.8350184e-01;2.3250000e+02;2.0934868e-01;2.3250000e+02;1.9869186e-01;2.3250000e+02;2.1437706e-01;2.3250000e+02;1.6776834e-01;2.3250000e+02;1.0922989e-01;2.3250000e+02;5.5686846e-02;2.3250000e+02;8.4208995e-03;2.3250000e+02;-3.5976842e-02;2.3250000e+02;-7.9727851e-02;2.3250000e+02;-1.2060726e-01;2.3250000e+02;-1.6527086e-01;2.3250000e+02;-7.9203933e-02;2.3250000e+02;-7.4327365e-02;2.3250000e+02;-4.3166976e-02;2.3250000e+02;1.4504753e-03;2.3250000e+02;6.0297452e-02;2.3250000e+02;1.3262030e-01;2.3250000e+02;1.8350184e-01;2.3250000e+02;2.0934868e-01;2.3250000e+02;1.9869186e-01;2.3250000e+02;2.1437706e-01;2.3250000e+02;1.6776834e-01;2.3250000e+02;1.0922989e-01;2.3250000e+02;5.5686846e-02;2.3250000e+02;8.4208995e-03;2.3250000e+02;-3.5976842e-02;2.3250000e+02;-7.9727851e-02;2.3250000e+02;-1.2060726e-01;2.3250000e+02;-1.6527086e-01;2.3250000e+02;-7.9203933e-02;2.3250000e+02;-7.4327365e-02;2.3250000e+02;-4.3166976e-02;2.3250000e+02;1.4504753e-03;2.3250000e+02;6.0297452e-02;2.3250000e+02;1.3262030e-01;2.3250000e+02;1.8350184e-01;2.3250000e+02;2.0934868e-01;2.3250000e+02;1.9869186e-01;2.3250000e+02;2.1437706e-01;2.3250000e+02;1.6776834e-01;2.3250000e+02;1.0922989e-01;2.3250000e+02;5.5686846e-02;2.3250000e+02;8.4208995e-03;2.3250000e+02;-3.5976842e-02;2.3250000e+02;-7.9727851e-02;2.3250000e+02;-1.2060726e-01;2.3250000e+02;-1.6527086e-01;2.3250000e+02;-7.9203933e-02;2.3250000e+02;-7.4327365e-02;2.3250000e+02;-4.3166976e-02;2.3250000e+02;1.4504753e-03;2.3250000e+02;6.0297452e-02;2.3250000e+02;1.3262030e-01;2.3250000e+02;1.8350184e-01;2.3250000e+02;2.0934868e-01;2.3250000e+02;1.9869186e-01;2.3250000e+02;2.1437706e-01;2.3250000e+02;1.6776834e-01;2.3250000e+02;1.0922989e-01;2.3250000e+02;5.5686846e-02;2.3250000e+02;8.4208995e-03;2.3250000e+02;-3.5976842e-02;2.3250000e+02;-7.9727851e-02;2.3250000e+02;-1.2060726e-01;2.3250000e+02;-1.6527086e-01;2.3250000e+02;-7.9203933e-02;2.3250000e+02;-7.4327365e-02;2.3250000e+02;-4.3166976e-02;2.3250000e+02;1.4504753e-03;2.3250000e+02;6.0297452e-02;2.3250000e+02;1.3262030e-01;2.3250000e+02;1.8350184e-01;2.3250000e+02;2.0934868e-01;2.3250000e+02;1.9869186e-01;2.3250000e+02;2.1437706e-01;2.3250000e+02;1.6776834e-01;2.3250000e+02;1.0922989e-01;2.3250000e+02;5.5686846e-02;2.3250000e+02;8.4208995e-03;2.3250000e+02;-3.5976842e-02;2.3250000e+02;-7.9727851e-02;2.3250000e+02;-1.2060726e-01;2.3250000e+02;-1.6527086e-01;2.3250000e+02;-7.9203933e-02;2.3250000e+02;-7.4327365e-02;2.3250000e+02;-4.3166976e-02;2.3250000e+02;1.4504753e-03;2.3250000e+02;6.0297452e-02;2.3250000e+02;1.3262030e-01;2.3250000e+02;1.8350184e-01;2.3250000e+02;2.0934868e-01;2.3250000e+02;1.9869186e-01;2.3250000e+02;2.1437706e-01;2.3250000e+02;1.6776834e-01;2.3250000e+02;1.0922989e-01;2.3250000e+02;5.5686846e-02;2.3250000e+02;8.4208995e-03;2.3250000e+02;-3.5976842e-02;2.3250000e+02;-7.9727851e-02;2.3250000e+02;-1.2060726e-01;2.3250000e+02;-1.6527086e-01;2.3250000e+02;-7.9203933e-02;2.3250000e+02;-7.4327365e-02;2.3250000e+02;-4.3166976e-02;2.3250000e+02;1.4504753e-03;2.3250000e+02;6.0297452e-02;2.3250000e+02;1.3262030e-01;2.3250000e+02;1.8350184e-01;2.3250000e+02;2.0934868e-01;2.3250000e+02;1.9869186e-01;2.3250000e+02;2.1437706e-01;2.3250000e+02;1.6776834e-01;2.3250000e+02;1.0922989e-01;2.3250000e+02;5.5686846e-02;2.3250000e+02;8.4208995e-03;2.3250000e+02;-3.5976842e-02;2.3250000e+02;-7.9727851e-02;2.3250000e+02;-1.2060726e-01;2.3250000e+02;-1.6527086e-01;2.3250000e+02;-7.9203933e-02;2.3250000e+02;-7.4327365e-02;2.3250000e+02;-4.3166976e-02;2.3250000e+02;1.4504753e-03;2.3250000e+02;6.0297452e-02;2.3250000e+02;1.3262030e-01;2.3250000e+02;1.8350184e-01;2.3250000e+02;2.0934868e-01;2.3250000e+02;1.9869186e-01;2.3250000e+02;2.1437706e-01;2.3250000e+02;1.6776834e-01;2.3250000e+02;1.0922989e-01;2.3250000e+02;5.5686846e-02;2.3250000e+02;8.4208995e-03;2.3250000e+02;-3.5976842e-02;2.3250000e+02;-7.9727851e-02;2.3250000e+02;-1.2060726e-01;2.3250000e+02;-1.6527086e-01;2.3250000e+02;-7.9203933e-02;2.3250000e+02;-7.4327365e-02;2.3250000e+02;-4.3166976e-02;2.3250000e+02;1.4504753e-03;2.3250000e+02;6.0297452e-02;2.3250000e+02;1.3262030e-01;2.3250000e+02;1.8350184e-01;2.3250000e+02;2.0934868e-01;2.3250000e+02;1.9869186e-01;2.3250000e+02;2.1437706e-01;2.3250000e+02;1.6776834e-01;2.3250000e+02;1.0922989e-01;2.3250000e+02;5.5686846e-02;2.3250000e+02;8.4208995e-03;2.3250000e+02;-3.5976842e-02;2.3250000e+02;-7.9727851e-02;2.3250000e+02;-1.2060726e-01;2.3250000e+02;-1.6527086e-01;2.3250000e+02;-7.9203933e-02;2.3250000e+02;-7.4327365e-02;2.3250000e+02;-4.3166976e-02;2.3250000e+02;1.4504753e-03;2.3250000e+02;6.0297452e-02;2.3250000e+02;1.3262030e-01;2.3250000e+02;1.8350184e-01;2.3250000e+02;2.0934868e-01;2.3250000e+02;1.9869186e-01;2.3250000e+02;2.1437706e-01;2.3250000e+02;1.6776834e-01;2.3250000e+02;1.0922989e-01;2.3250000e+02;5.5686846e-02;2.3250000e+02;8.4208995e-03;2.3250000e+02;-3.5976842e-02;2.3250000e+02;-7.9727851e-02;2.3250000e+02;-1.2060726e-01;2.3250000e+02;-1.6527086e-01;2.3250000e+02;-7.9203933e-02;2.3250000e+02;-7.4327365e-02;2.3250000e+02;-4.3166976e-02;2.3250000e+02;1.4504753e-03;2.3250000e+02;6.0297452e-02;2.3250000e+02;1.3262030e-01;2.3250000e+02;1.8350184e-01;2.3250000e+02;2.0934868e-01;2.3250000e+02;1.9869186e-01;2.3250000e+02;2.1437706e-01;2.3250000e+02;1.6776834e-01;2.3250000e+02;1.0922989e-01;2.3250000e+02;5.5686846e-02;2.3250000e+02;8.4208995e-03;2.3250000e+02;-3.5976842e-02;2.3250000e+02;-7.9727851e-02;2.3250000e+02;-1.2060726e-01;2.3250000e+02;-1.6527086e-01;2.3250000e+02;-7.9203933e-02;2.3250000e+02;-7.4327365e-02;2.3250000e+02;-4.3166976e-02;2.3250000e+02;1.4504753e-03;2.3250000e+02;6.0297452e-02;2.3250000e+02;1.3262030e-01;2.3250000e+02;1.8350184e-01;2.3250000e+02;2.0934868e-01;2.3250000e+02;1.9869186e-01;2.3250000e+02;2.1437706e-01;2.3250000e+02;1.6776834e-01;2.3250000e+02;1.0922989e-01;2.3250000e+02;5.5686846e-02;2.3250000e+02;8.4208995e-03;2.3250000e+02;-3.5976842e-02;2.3250000e+02;-7.9727851e-02;2.3250000e+02;-1.2060726e-01;2.3250000e+02;-1.6527086e-01;2.3250000e+02;-7.9203933e-02;2.3250000e+02;-7.4327365e-02;2.3250000e+02;-4.3166976e-02;2.3250000e+02;1.4504753e-03;2.3250000e+02;6.0297452e-02;2.3250000e+02;1.3262030e-01;2.3250000e+02;1.8350184e-01;2.3250000e+02;2.0934868e-01;2.3250000e+02;1.9869186e-01;2.3250000e+02;2.1437706e-01;2.3250000e+02;1.6776834e-01;2.3250000e+02;1.0922989e-01;2.3250000e+02;5.5686846e-02;2.3250000e+02;8.4208995e-03;2.3250000e+02;-3.5976842e-02;2.3250000e+02;-7.9727851e-02;2.3250000e+02;-1.2060726e-01;2.3250000e+02;-1.6527086e-01;2.3250000e+02;-7.9203933e-02;2.3250000e+02;-7.4327365e-02;2.3250000e+02;-4.3166976e-02;2.3250000e+02;1.4504753e-03;2.3250000e+02;6.0297452e-02;2.3250000e+02;1.3262030e-01;2.3250000e+02;1.8350184e-01;2.3250000e+02;2.0934868e-01;2.3250000e+02;1.9869186e-01;2.3250000e+02;2.1437706e-01;2.3250000e+02;1.6776834e-01;2.3250000e+02;1.0922989e-01;2.3250000e+02;5.5686846e-02;2.3250000e+02;8.4208995e-03;2.3250000e+02;-3.5976842e-02;2.3250000e+02;-7.9727851e-02;2.3250000e+02;-1.2060726e-01;2.3250000e+02;-1.6527086e-01;2.3250000e+02;-7.9203933e-02;2.3250000e+02;-7.4327365e-02;2.3250000e+02;-4.3166976e-02;2.3250000e+02;1.4504753e-03;2.3250000e+02;6.0297452e-02;2.3250000e+02;1.3262030e-01;2.3250000e+02;1.8350184e-01;2.3250000e+02;2.0934868e-01;2.3250000e+02;1.9869186e-01;2.3250000e+02;2.1437706e-01;2.3250000e+02;1.6776834e-01;2.3250000e+02;1.0922989e-01;2.3250000e+02;5.5686846e-02;2.3250000e+02;8.4208995e-03;2.3250000e+02;-3.5976842e-02;2.3250000e+02;-7.9727851e-02;2.3250000e+02;-1.2060726e-01;2.3250000e+02;-1.6527086e-01;2.3250000e+02;-7.9203933e-02;2.3250000e+02;-7.4327365e-02;2.3250000e+02;-4.3166976e-02;2.3250000e+02;1.4504753e-03;2.3250000e+02;6.0297452e-02;2.3250000e+02;1.3262030e-01;2.3250000e+02;1.8350184e-01;2.3250000e+02;2.0934868e-01;2.3250000e+02;1.9869186e-01;2.3250000e+02;2.1437706e-01;2.3250000e+02;1.6776834e-01;2.3250000e+02;1.0922989e-01;2.3250000e+02;5.5686846e-02;2.3250000e+02;8.4208995e-03;2.3250000e+02;-3.5976842e-02;2.3250000e+02;-7.9727851e-02;2.3250000e+02;-1.2060726e-01;2.3250000e+02;-1.6527086e-01;2.3250000e+02;-7.9203933e-02;2.3250000e+02;-7.4327365e-02;2.3250000e+02;-4.3166976e-02;2.3250000e+02;1.4504753e-03;2.3250000e+02;6.0297452e-02;2.3250000e+02;1.3262030e-01;2.3250000e+02;1.8350184e-01;2.3250000e+02;2.0934868e-01;2.3250000e+02;1.9869186e-01;2.3250000e+02;2.1437706e-01;2.3250000e+02;1.6776834e-01;2.3250000e+02;1.0922989e-01;2.3250000e+02;5.5686846e-02;2.3250000e+02;8.4208995e-03;2.3250000e+02;-3.5976842e-02;2.3250000e+02;-7.9727851e-02;2.3250000e+02;-1.2060726e-01;2.3250000e+02;-1.6527086e-01;2.3250000e+02;-7.9203933e-02;2.3250000e+02;-7.4327365e-02;2.3250000e+02;-4.3166976e-02;2.3250000e+02;1.4504753e-03;2.3250000e+02;6.0297452e-02;2.3250000e+02;1.3262030e-01;2.3250000e+02;1.8350184e-01;2.3250000e+02;2.0934868e-01;2.3250000e+02;1.9869186e-01;2.3250000e+02;2.1437706e-01;2.3250000e+02;1.6776834e-01;2.3250000e+02;1.0922989e-01;2.3250000e+02;5.5686846e-02;2.3250000e+02;8.4208995e-03;2.3250000e+02;-3.5976842e-02;2.3250000e+02;-7.9727851e-02;2.3250000e+02;-1.2060726e-01;2.3250000e+02;-1.6527086e-01;2.3250000e+02;-7.9203933e-02;2.3250000e+02;-7.4327365e-02;2.3250000e+02;-4.3166976e-02;2.3250000e+02;1.4504753e-03;2.3250000e+02;6.0297452e-02;2.3250000e+02;1.3262030e-01;2.3250000e+02;1.8350184e-01;2.3250000e+02;2.0934868e-01;2.3250000e+02;1.9869186e-01;2.3250000e+02;2.1437706e-01;2.3250000e+02;1.6776834e-01;2.3250000e+02;1.0922989e-01;2.3250000e+02;5.5686846e-02;2.3250000e+02;8.4208995e-03;2.3250000e+02;-3.5976842e-02;2.3250000e+02;-7.9727851e-02;2.3250000e+02;-1.2060726e-01;2.3250000e+02;-1.6527086e-01;2.3250000e+02;-7.9203933e-02;2.3250000e+02;-7.4327365e-02;2.3250000e+02;-4.3166976e-02;2.3250000e+02;1.4504753e-03;2.3250000e+02;6.0297452e-02;2.3250000e+02;1.3262030e-01;2.3250000e+02;1.8350184e-01;2.3250000e+02;2.0934868e-01;2.3250000e+02;1.9869186e-01;2.3250000e+02;2.1437706e-01;2.3250000e+02;1.6776834e-01;2.3250000e+02;1.0922989e-01;2.3250000e+02;5.5686846e-02;2.3250000e+02;8.4208995e-03;2.3250000e+02;-3.5976842e-02;2.3250000e+02;-7.9727851e-02;2.3250000e+02;-1.2060726e-01;2.3250000e+02;-1.6527086e-01;2.3250000e+02;-7.9203933e-02;2.3250000e+02;-7.4327365e-02;2.3250000e+02;-4.3166976e-02;2.3250000e+02;1.4504753e-03;2.3250000e+02;6.0297452e-02;2.3250000e+02;1.3262030e-01;2.3250000e+02;1.8350184e-01;2.3250000e+02;2.0934868e-01;2.3250000e+02;1.9869186e-01;2.3250000e+02;2.1437706e-01;2.3250000e+02;1.6776834e-01;2.3250000e+02;1.0922989e-01;2.3250000e+02;5.5686846e-02;2.3250000e+02;8.4208995e-03;2.3250000e+02;-3.5976842e-02;2.3250000e+02;-7.9727851e-02;2.3250000e+02;-1.2060726e-01;2.3250000e+02;-1.6527086e-01;2.3250000e+02;-7.9203933e-02;2.3250000e+02;-7.4327365e-02;2.3250000e+02;-4.3166976e-02;2.3250000e+02;1.4504753e-03;2.3250000e+02;6.0297452e-02;2.3250000e+02;1.3262030e-01;2.3250000e+02;1.8350184e-01;2.3250000e+02;2.0934868e-01;2.3250000e+02;1.9869186e-01;2.3250000e+02;2.1437706e-01;2.3250000e+02;1.6776834e-01;2.3250000e+02;1.0922989e-01;2.3250000e+02;5.5686846e-02;2.3250000e+02;8.4208995e-03;2.3250000e+02;-3.5976842e-02;2.3250000e+02;-7.9727851e-02;2.3250000e+02;-1.2060726e-01;2.3250000e+02;-1.6527086e-01;2.3250000e+02;-7.9203933e-02;2.3250000e+02;-7.4327365e-02;2.3250000e+02;-4.3166976e-02;2.3250000e+02;1.4504753e-03;2.3250000e+02;6.0297452e-02;2.3250000e+02;1.3262030e-01;2.3250000e+02;1.8350184e-01;2.3250000e+02;2.0934868e-01;2.3250000e+02;1.9869186e-01;2.3250000e+02;2.1437706e-01;2.3250000e+02;1.6776834e-01;2.3250000e+02;1.0922989e-01;2.3250000e+02;5.5686846e-02;2.3250000e+02;8.4208995e-03;2.3250000e+02;-3.5976842e-02;2.3250000e+02;-7.9727851e-02;2.3250000e+02;-1.2060726e-01;2.3250000e+02;-1.6527086e-01;2.3250000e+02;-7.9203933e-02;2.3250000e+02;-7.4327365e-02;2.3250000e+02;-4.3166976e-02;2.3250000e+02;1.4504753e-03;2.3250000e+02;6.0297452e-02;2.3250000e+02;1.3262030e-01;2.3250000e+02;1.8350184e-01;2.3250000e+02;2.0934868e-01;2.3250000e+02;1.9869186e-01;2.3250000e+02;2.1437706e-01;2.3250000e+02;1.6776834e-01;2.3250000e+02;1.0922989e-01;2.3250000e+02;5.5686846e-02;2.3250000e+02;8.4208995e-03;2.3250000e+02;-3.5976842e-02;2.3250000e+02;-7.9727851e-02;2.3250000e+02;-1.2060726e-01;2.3250000e+02;-1.6527086e-01;2.3250000e+02;-7.9203933e-02;2.3250000e+02;-7.4327365e-02;2.3250000e+02;-4.3166976e-02;2.3250000e+02;1.4504753e-03;2.3250000e+02;6.0297452e-02;2.3250000e+02;1.3262030e-01;2.3250000e+02;1.8350184e-01;2.3250000e+02;2.0934868e-01;2.3250000e+02;1.9869186e-01;2.3250000e+02;2.1437706e-01;2.3250000e+02;1.6776834e-01;2.3250000e+02;1.0922989e-01;2.3250000e+02;5.5686846e-02;2.3250000e+02;8.4208995e-03;2.3250000e+02;-3.5976842e-02;2.3250000e+02;-7.9727851e-02;2.3250000e+02;-1.2060726e-01;2.3250000e+02;-1.6527086e-01;2.3250000e+02;-7.9203933e-02;2.3250000e+02;-7.4327365e-02;2.3250000e+02;-4.3166976e-02;2.3250000e+02;1.4504753e-03;2.3250000e+02;6.0297452e-02;2.3250000e+02;1.3262030e-01;2.3250000e+02;1.8350184e-01;2.3250000e+02;2.0934868e-01;2.3250000e+02;1.9869186e-01;2.3250000e+02;2.1437706e-01;2.3250000e+02;1.6776834e-01;2.3250000e+02;1.0922989e-01;2.3250000e+02;5.5686846e-02;2.3250000e+02;8.4208995e-03;2.3250000e+02;-3.5976842e-02;2.3250000e+02;-7.9727851e-02;2.3250000e+02;-1.2060726e-01;2.3250000e+02;-1.6527086e-01;2.3250000e+02;-7.9203933e-02;2.3250000e+02;-7.4327365e-02;2.3250000e+02;-4.3166976e-02;2.3250000e+02;1.4504753e-03;2.3250000e+02;6.0297452e-02;2.3250000e+02;1.3262030e-01;2.3250000e+02;1.8350184e-01;2.3250000e+02;2.0934868e-01;2.3250000e+02;1.9869186e-01;2.3250000e+02;2.1437706e-01;2.3250000e+02;1.6776834e-01;2.3250000e+02;1.0922989e-01;2.3250000e+02;5.5686846e-02;2.3250000e+02;8.4208995e-03;2.3250000e+02;-3.5976842e-02;2.3250000e+02;-7.9727851e-02;2.3250000e+02;-1.2060726e-01;2.3250000e+02;-1.6527086e-01;2.3250000e+02;-7.9203933e-02;2.3250000e+02;-7.4327365e-02;2.3250000e+02;-4.3166976e-02;2.3250000e+02;1.4504753e-03;2.3250000e+02;6.0297452e-02;2.3250000e+02;1.3262030e-01;2.3250000e+02;1.8350184e-01;2.3250000e+02;2.0934868e-01;2.3250000e+02;1.9869186e-01;2.3250000e+02;2.1437706e-01;2.3250000e+02;1.6776834e-01;2.3250000e+02;1.0922989e-01;2.3250000e+02;5.5686846e-02;2.3250000e+02;8.4208995e-03;2.3250000e+02;-3.5976842e-02;2.3250000e+02;-7.9727851e-02;2.3250000e+02;-1.2060726e-01;2.3250000e+02;-1.6527086e-01;2.3250000e+02;-7.9203933e-02;2.3250000e+02;-7.4327365e-02;2.3250000e+02;-4.3166976e-02;2.3250000e+02;1.4504753e-03;2.3250000e+02;6.0297452e-02;2.3250000e+02;1.3262030e-01;2.3250000e+02;1.8350184e-01;2.3250000e+02;2.0934868e-01;2.3250000e+02;1.9869186e-01;2.3250000e+02;2.1437706e-01;2.3250000e+02;1.6776834e-01;2.3250000e+02;1.0922989e-01;2.3250000e+02;5.5686846e-02;2.3250000e+02;8.4208995e-03;2.3250000e+02;-3.5976842e-02;2.3250000e+02;-7.9727851e-02;2.3250000e+02;-1.2060726e-01;2.3250000e+02;-1.6527086e-01;2.3250000e+02;-7.9203933e-02;2.3250000e+02;-7.4327365e-02;2.3250000e+02;-4.3166976e-02;2.3250000e+02;1.4504753e-03;2.3250000e+02;6.0297452e-02;2.3250000e+02;1.3262030e-01;2.3250000e+02;1.8350184e-01;2.3250000e+02;2.0934868e-01;2.3250000e+02;1.9869186e-01;2.3250000e+02;2.1437706e-01;2.3250000e+02;1.6776834e-01;2.3250000e+02;1.0922989e-01;2.3250000e+02;5.5686846e-02;2.3250000e+02;8.4208995e-03;2.3250000e+02;-3.5976842e-02;2.3250000e+02;-7.9727851e-02;2.3250000e+02;-1.2060726e-01;2.3250000e+02;-1.6527086e-01;2.3250000e+02;-7.9203933e-02;2.3250000e+02;-7.4327365e-02;2.3250000e+02;-4.3166976e-02;2.3250000e+02;1.4504753e-03;2.3250000e+02;6.0297452e-02;2.3250000e+02;1.3262030e-01;2.3250000e+02;1.8350184e-01;2.3250000e+02;2.0934868e-01;2.3250000e+02;1.9869186e-01;2.3250000e+02;2.1437706e-01;2.3250000e+02;1.6776834e-01;2.3250000e+02;1.0922989e-01;2.3250000e+02;5.5686846e-02;2.3250000e+02;8.4208995e-03;2.3250000e+02;-3.5976842e-02;2.3250000e+02;-7.9727851e-02;2.3250000e+02;-1.2060726e-01;2.3250000e+02;-1.6527086e-01;2.3250000e+02;-7.9203933e-02;2.3250000e+02;-7.4327365e-02;2.3250000e+02;-4.3166976e-02;2.3250000e+02;1.4504753e-03;2.3250000e+02;6.0297452e-02;2.3250000e+02;1.3262030e-01;2.3250000e+02;1.8350184e-01;2.3250000e+02;2.0934868e-01;2.3250000e+02;1.9869186e-01;2.3250000e+02;2.1437706e-01;2.3250000e+02;1.6776834e-01;2.3250000e+02;1.0922989e-01;2.3250000e+02;5.5686846e-02;2.3250000e+02;8.4208995e-03;2.3250000e+02;-3.5976842e-02;2.3250000e+02;-7.9727851e-02;2.3250000e+02;-1.2060726e-01;2.3250000e+02;-1.6527086e-01;2.3250000e+02;-7.9203933e-02;2.3250000e+02;-7.4327365e-02;2.3250000e+02;-4.3166976e-02;2.3250000e+02;1.4504753e-03;2.3250000e+02;6.0297452e-02;2.3250000e+02;1.3262030e-01;2.3250000e+02;1.8350184e-01;2.3250000e+02;2.0934868e-01;2.3250000e+02;1.9869186e-01;2.3250000e+02;2.1437706e-01;2.3250000e+02;1.6776834e-01;2.3250000e+02;1.0922989e-01;2.3250000e+02;5.5686846e-02;2.3250000e+02;8.4208995e-03;2.3250000e+02;-3.5976842e-02;2.3250000e+02;-7.9727851e-02;2.3250000e+02;-1.2060726e-01;2.3250000e+02;-1.6527086e-01;2.3250000e+02;-7.9203933e-02;2.3250000e+02;-7.4327365e-02;2.3250000e+02;-4.3166976e-02;2.3250000e+02;1.4504753e-03;2.3250000e+02;6.0297452e-02;2.3250000e+02;1.3262030e-01;2.3250000e+02;1.8350184e-01;2.3250000e+02;2.0934868e-01;2.3250000e+02;1.9869186e-01;2.3250000e+02;2.1437706e-01;2.3250000e+02;1.6776834e-01;2.3250000e+02;1.0922989e-01;2.3250000e+02;5.5686846e-02;2.3250000e+02;8.4208995e-03;2.3250000e+02;-3.5976842e-02;2.3250000e+02;-7.9727851e-02;2.3250000e+02;-1.2060726e-01;2.3250000e+02;-1.6527086e-01;2.3250000e+02;-7.9203933e-02;2.3250000e+02;-7.4327365e-02;2.3250000e+02;-4.3166976e-02;2.3250000e+02;1.4504753e-03;2.3250000e+02;6.0297452e-02;2.3250000e+02;1.3262030e-01;2.3250000e+02;1.8350184e-01;2.3250000e+02;2.0934868e-01;2.3250000e+02;1.9869186e-01;2.3250000e+02;2.1437706e-01;2.3250000e+02;1.6776834e-01;2.3250000e+02;1.0922989e-01;2.3250000e+02;5.5686846e-02;2.3250000e+02;8.4208995e-03;2.3250000e+02;-3.5976842e-02;2.3250000e+02;-7.9727851e-02;2.3250000e+02;-1.2060726e-01;2.3250000e+02;-1.6527086e-01;2.3250000e+02;-7.9203933e-02;2.3250000e+02;-7.4327365e-02;2.3250000e+02;-4.3166976e-02;2.3250000e+02;1.4504753e-03;2.3250000e+02;6.0297452e-02;2.3250000e+02;1.3262030e-01;2.3250000e+02;1.8350184e-01;2.3250000e+02;2.0934868e-01;2.3250000e+02;1.9869186e-01;2.3250000e+02;2.1437706e-01;2.3250000e+02;1.6776834e-01;2.3250000e+02;1.0922989e-01;2.3250000e+02;5.5686846e-02;2.3250000e+02;8.4208995e-03;2.3250000e+02;-3.5976842e-02;2.3250000e+02;-7.9727851e-02;2.3250000e+02;-1.2060726e-01;2.3250000e+02;-1.6527086e-01;2.3250000e+02;-7.9203933e-02;2.3250000e+02;-7.4327365e-02;2.3250000e+02;-4.3166976e-02;2.3250000e+02;1.4504753e-03;2.3250000e+02;6.0297452e-02;2.3250000e+02;1.3262030e-01;2.3250000e+02;1.8350184e-01;2.3250000e+02;2.0934868e-01;2.3250000e+02;1.9869186e-01;2.3250000e+02;2.1437706e-01;2.3250000e+02;1.6776834e-01;2.3250000e+02;1.0922989e-01;2.3250000e+02;5.5686846e-02;2.3250000e+02;8.4208995e-03;2.3250000e+02;-3.5976842e-02;2.3250000e+02;-7.9727851e-02;2.3250000e+02;-1.2060726e-01;2.3250000e+02;-1.6527086e-01;2.3250000e+02;-7.9203933e-02;2.3250000e+02;-7.4327365e-02;2.3250000e+02;-4.3166976e-02;2.3250000e+02;1.4504753e-03;2.3250000e+02;6.0297452e-02;2.3250000e+02;1.3262030e-01;2.3250000e+02;1.8350184e-01;2.3250000e+02;2.0934868e-01;2.3250000e+02;1.9869186e-01;2.3250000e+02;2.1437706e-01;2.3250000e+02;1.6776834e-01;2.3250000e+02;1.0922989e-01;2.3250000e+02;5.5686846e-02;2.3250000e+02;8.4208995e-03;2.3250000e+02;-3.5976842e-02;2.3250000e+02;-7.9727851e-02;2.3250000e+02;-1.2060726e-01;2.3250000e+02;-1.6527086e-01;2.3250000e+02;-7.9203933e-02;2.3250000e+02;-7.4327365e-02;2.3250000e+02;-4.3166976e-02;2.3250000e+02;1.4504753e-03;2.3250000e+02;6.0297452e-02;2.3250000e+02;1.3262030e-01;2.3250000e+02;1.8350184e-01;2.3250000e+02;2.0934868e-01;2.3250000e+02;1.9869186e-01;2.3250000e+02;2.1437706e-01;2.3250000e+02;1.6776834e-01;2.3250000e+02;1.0922989e-01;2.3250000e+02;5.5686846e-02;2.3250000e+02;8.4208995e-03;2.3250000e+02;-3.5976842e-02;2.3250000e+02;-7.9727851e-02;2.3250000e+02;-1.2060726e-01;2.3250000e+02;-1.6527086e-01;2.3250000e+02;-7.9203933e-02;2.3250000e+02;-7.4327365e-02;2.3250000e+02;-4.3166976e-02;2.3250000e+02;1.4504753e-03;2.3250000e+02;6.0297452e-02;2.3250000e+02;1.3262030e-01;2.3250000e+02;1.8350184e-01;2.3250000e+02;2.0934868e-01;2.3250000e+02;1.9869186e-01;2.3250000e+02;2.1437706e-01;2.3250000e+02;1.6776834e-01;2.3250000e+02;1.0922989e-01;2.3250000e+02;5.5686846e-02;2.3250000e+02;8.4208995e-03;2.3250000e+02;-3.5976842e-02;2.3250000e+02;-7.9727851e-02;2.3250000e+02;-1.2060726e-01;2.3250000e+02;-1.6527086e-01;2.3250000e+02;-7.9203933e-02;2.3250000e+02;-7.4327365e-02;2.3250000e+02;-4.3166976e-02;2.3250000e+02;1.4504753e-03;2.3250000e+02;6.0297452e-02;2.3250000e+02;1.3262030e-01;2.3250000e+02;1.8350184e-01;2.3250000e+02;2.0934868e-01;2.3250000e+02;1.9869186e-01;2.3250000e+02;2.1437706e-01;2.3250000e+02;1.6776834e-01;2.3250000e+02;1.0922989e-01;2.3250000e+02;5.5686846e-02;2.3250000e+02;8.4208995e-03;2.3250000e+02;-3.5976842e-02;2.3250000e+02;-7.9727851e-02;2.3250000e+02;-1.2060726e-01;2.3250000e+02;-1.6527086e-01;2.3250000e+02;-7.9203933e-02;2.3250000e+02;-7.4327365e-02;2.3250000e+02;-4.3166976e-02;2.3250000e+02;1.4504753e-03;2.3250000e+02;6.0297452e-02;2.3250000e+02;1.3262030e-01;2.3250000e+02;1.8350184e-01;2.3250000e+02;2.0934868e-01;2.3250000e+02;1.9869186e-01;2.3250000e+02;2.1437706e-01;2.3250000e+02;1.6776834e-01;2.3250000e+02;1.0922989e-01;2.3250000e+02;5.5686846e-02;2.3250000e+02;8.4208995e-03;2.3250000e+02;-3.5976842e-02;2.3250000e+02;-7.9727851e-02;2.3250000e+02;-1.2060726e-01;2.3250000e+02;-1.6527086e-01;2.3250000e+02;-7.9203933e-02;2.3250000e+02;-7.4327365e-02;2.3250000e+02;-4.3166976e-02;2.3250000e+02;1.4504753e-03;2.3250000e+02;6.0297452e-02;2.3250000e+02;1.3262030e-01;2.3250000e+02;1.8350184e-01;2.3250000e+02;2.0934868e-01;2.3250000e+02;1.9869186e-01;2.3250000e+02;2.1437706e-01;2.3250000e+02;1.6776834e-01;2.3250000e+02;1.0922989e-01;2.3250000e+02;5.5686846e-02;2.3250000e+02;8.4208995e-03;2.3250000e+02;-3.5976842e-02;2.3250000e+02;-7.9727851e-02;2.3250000e+02;-1.2060726e-01;2.3250000e+02;-1.6527086e-01;2.3250000e+02;-7.9203933e-02;2.3250000e+02;-7.4327365e-02;2.3250000e+02;-4.3166976e-02;2.3250000e+02;1.4504753e-03;2.3250000e+02;6.0297452e-02;2.3250000e+02;1.3262030e-01;2.3250000e+02;1.8350184e-01;2.3250000e+02;2.0934868e-01;2.3250000e+02;1.9869186e-01;2.3250000e+02;2.1437706e-01;2.3250000e+02;1.6776834e-01;2.3250000e+02;1.0922989e-01;2.3250000e+02;5.5686846e-02;2.3250000e+02;8.4208995e-03;2.3250000e+02;-3.5976842e-02;2.3250000e+02;-7.9727851e-02;2.3250000e+02;-1.2060726e-01;2.3250000e+02;-1.6527086e-01;2.3250000e+02;-7.9203933e-02;2.3250000e+02;-7.4327365e-02;2.3250000e+02;-4.3166976e-02;2.3250000e+02;1.4504753e-03;2.3250000e+02;6.0297452e-02;2.3250000e+02;1.3262030e-01;2.3250000e+02;1.8350184e-01;2.3250000e+02;2.0934868e-01;2.3250000e+02;1.9869186e-01;2.3250000e+02;2.1437706e-01;2.3250000e+02;1.6776834e-01;2.3250000e+02;1.0922989e-01;2.3250000e+02;5.5686846e-02;2.3250000e+02;8.4208995e-03;2.3250000e+02;-3.5976842e-02;2.3250000e+02;-7.9727851e-02;2.3250000e+02;-1.2060726e-01;2.3250000e+02;-1.6527086e-01;2.3250000e+02;-7.9203933e-02;2.3250000e+02;-7.4327365e-02;2.3250000e+02;-4.3166976e-02;2.3250000e+02;1.4504753e-03;2.3250000e+02;6.0297452e-02;2.3250000e+02;1.3262030e-01;2.3250000e+02;1.8350184e-01;2.3250000e+02;2.0934868e-01;2.3250000e+02;1.9869186e-01;2.3250000e+02;2.1437706e-01;2.3250000e+02;1.6776834e-01;2.3250000e+02;1.0922989e-01;2.3250000e+02;5.5686846e-02;2.3250000e+02;8.4208995e-03;2.3250000e+02;-3.5976842e-02;2.3250000e+02;-7.9727851e-02;2.3250000e+02;-1.2060726e-01;2.3250000e+02;-1.6527086e-01;2.3250000e+02;-7.9203933e-02;2.3250000e+02;-7.4327365e-02;2.3250000e+02;-4.3166976e-02;2.3250000e+02;1.4504753e-03;2.3250000e+02;6.0297452e-02;2.3250000e+02;1.3262030e-01;2.3250000e+02;1.8350184e-01;2.3250000e+02;2.0934868e-01;2.3250000e+02;1.9869186e-01;2.3250000e+02;2.1437706e-01;2.3250000e+02;1.6776834e-01;2.3250000e+02;1.0922989e-01;2.3250000e+02;5.5686846e-02;2.3250000e+02;8.4208995e-03;2.3250000e+02;-3.5976842e-02;2.3250000e+02;-7.9727851e-02;2.3250000e+02;-1.2060726e-01;2.3250000e+02;-1.6527086e-01;2.3250000e+02;-7.9203933e-02;2.3250000e+02;-7.4327365e-02;2.3250000e+02;-4.3166976e-02;2.3250000e+02;1.4504753e-03;2.3250000e+02;6.0297452e-02;2.3250000e+02;1.3262030e-01;2.3250000e+02;1.8350184e-01;2.3250000e+02;2.0934868e-01;2.3250000e+02;1.9869186e-01;2.3250000e+02;2.1437706e-01;2.3250000e+02;1.6776834e-01;2.3250000e+02;1.0922989e-01;2.3250000e+02;5.5686846e-02;2.3250000e+02;8.4208995e-03;2.3250000e+02;-3.5976842e-02;2.3250000e+02;-7.9727851e-02;2.3250000e+02;-1.2060726e-01;2.3250000e+02;-1.6527086e-01;2.3250000e+02;-7.9203933e-02;2.3250000e+02;-7.4327365e-02;2.3250000e+02;-4.3166976e-02;2.3250000e+02;1.4504753e-03;2.3250000e+02;6.0297452e-02;2.3250000e+02;1.3262030e-01;2.3250000e+02;1.8350184e-01;2.3250000e+02;2.0934868e-01;2.3250000e+02;1.9869186e-01;2.3250000e+02;2.1437706e-01;2.3250000e+02;1.6776834e-01;2.3250000e+02;1.0922989e-01;2.3250000e+02;5.5686846e-02;2.3250000e+02;8.4208995e-03;2.3250000e+02;-3.5976842e-02;2.3250000e+02;-7.9727851e-02;2.3250000e+02;-1.2060726e-01;2.3250000e+02;-1.6527086e-01;2.3250000e+02;-7.9203933e-02;2.3250000e+02;-7.4327365e-02;2.3250000e+02;-4.3166976e-02;2.3250000e+02;1.4504753e-03;2.3250000e+02;6.0297452e-02;2.3250000e+02;1.3262030e-01;2.3250000e+02;1.8350184e-01;2.3250000e+02;2.0934868e-01;2.3250000e+02;1.9869186e-01;2.3250000e+02;2.1437706e-01;2.3250000e+02;1.6776834e-01;2.3250000e+02;1.0922989e-01;2.3250000e+02;5.5686846e-02;2.3250000e+02;8.4208995e-03;2.3250000e+02;-3.5976842e-02;2.3250000e+02;-7.9727851e-02;2.3250000e+02;-1.2060726e-01;2.3250000e+02;-1.6527086e-01;2.3250000e+02;-7.9203933e-02;2.3250000e+02;-7.4327365e-02;2.3250000e+02;-4.3166976e-02;2.3250000e+02;1.4504753e-03;2.3250000e+02;6.0297452e-02;2.3250000e+02;1.3262030e-01;2.3250000e+02;1.8350184e-01;2.3250000e+02;2.0934868e-01;2.3250000e+02;1.9869186e-01;2.3250000e+02;2.1437706e-01;2.3250000e+02;1.6776834e-01;2.3250000e+02;1.0922989e-01;2.3250000e+02;5.5686846e-02;2.3250000e+02;8.4208995e-03;2.3250000e+02;-3.5976842e-02;2.3250000e+02;-7.9727851e-02;2.3250000e+02;-1.2060726e-01;2.3250000e+02;-1.6527086e-01;2.3250000e+02;-7.9203933e-02;2.3250000e+02;-7.4327365e-02;2.3250000e+02;-4.3166976e-02;2.3250000e+02;1.4504753e-03;2.3250000e+02;6.0297452e-02;2.3250000e+02;1.3262030e-01;2.3250000e+02;1.8350184e-01;2.3250000e+02;2.0934868e-01;2.3250000e+02;1.9869186e-01;2.3250000e+02;2.1437706e-01;2.3250000e+02;1.6776834e-01;2.3250000e+02;1.0922989e-01;2.3250000e+02;5.5686846e-02;2.3250000e+02;8.4208995e-03;2.3250000e+02;-3.5976842e-02;2.3250000e+02;-7.9727851e-02;2.3250000e+02;-1.2060726e-01;2.3250000e+02;-1.6527086e-01;2.3250000e+02;-7.9203933e-02;2.3250000e+02;-7.4327365e-02;2.3250000e+02;-4.3166976e-02;2.3250000e+02;1.4504753e-03;2.3250000e+02;6.0297452e-02;2.3250000e+02;1.3262030e-01;2.3250000e+02;1.8350184e-01;2.3250000e+02;2.0934868e-01;2.3250000e+02;1.9869186e-01;2.3250000e+02;2.1437706e-01;2.3250000e+02;1.6776834e-01;2.3250000e+02;1.0922989e-01;2.3250000e+02;5.5686846e-02;2.3250000e+02;8.4208995e-03;2.3250000e+02;-3.5976842e-02;2.3250000e+02;-7.9727851e-02;2.3250000e+02;-1.2060726e-01;2.3250000e+02;-1.6527086e-01;2.3250000e+02;-7.9203933e-02;2.3250000e+02;-7.4327365e-02;2.3250000e+02;-4.3166976e-02;2.3250000e+02;1.4504753e-03;2.3250000e+02;6.0297452e-02;2.3250000e+02;1.3262030e-01;2.3250000e+02;1.8350184e-01;2.3250000e+02;2.0934868e-01;2.3250000e+02;1.9869186e-01;2.3250000e+02;2.1437706e-01;2.3250000e+02;1.6776834e-01;2.3250000e+02;1.0922989e-01;2.3250000e+02;5.5686846e-02;2.3250000e+02;8.4208995e-03;2.3250000e+02;-3.5976842e-02;2.3250000e+02;-7.9727851e-02;2.3250000e+02;-1.2060726e-01;2.3250000e+02;-1.6527086e-01;2.3250000e+02;-7.9203933e-02;2.3250000e+02;-7.4327365e-02;2.3250000e+02;-4.3166976e-02;2.3250000e+02;1.4504753e-03;2.3250000e+02;6.0297452e-02;2.3250000e+02;1.3262030e-01;2.3250000e+02;1.8350184e-01;2.3250000e+02;2.0934868e-01;2.3250000e+02;1.9869186e-01;2.3250000e+02;2.1437706e-01;2.3250000e+02;1.6776834e-01;2.3250000e+02;1.0922989e-01;2.3250000e+02;5.5686846e-02;2.3250000e+02;8.4208995e-03;2.3250000e+02;-3.5976842e-02;2.3250000e+02;-7.9727851e-02;2.3250000e+02;-1.2060726e-01;2.3250000e+02;-1.6527086e-01;2.3250000e+02;-7.9203933e-02;2.3250000e+02;-7.4327365e-02;2.3250000e+02;-4.3166976e-02;2.3250000e+02;1.4504753e-03;2.3250000e+02;6.0297452e-02;2.3250000e+02;1.3262030e-01;2.3250000e+02;1.8350184e-01;2.3250000e+02;2.0934868e-01;2.3250000e+02;1.9869186e-01;2.3250000e+02;2.1437706e-01;2.3250000e+02;1.6776834e-01;2.3250000e+02;1.0922989e-01;2.3250000e+02;5.5686846e-02;2.3250000e+02;8.4208995e-03;2.3250000e+02;-3.5976842e-02;2.3250000e+02;-7.9727851e-02;2.3250000e+02;-1.2060726e-01;2.3250000e+02;-1.6527086e-01;2.3250000e+02;-7.9203933e-02;2.3250000e+02;-7.4327365e-02;2.3250000e+02;-4.3166976e-02;2.3250000e+02;1.4504753e-03;2.3250000e+02;6.0297452e-02;2.3250000e+02;1.3262030e-01;2.3250000e+02;1.8350184e-01;2.3250000e+02;2.0934868e-01;2.3250000e+02;1.9869186e-01;2.3250000e+02;2.1437706e-01;2.3250000e+02;1.6776834e-01;2.3250000e+02;1.0922989e-01;2.3250000e+02;5.5686846e-02;2.3250000e+02;8.4208995e-03;2.3250000e+02;-3.5976842e-02;2.3250000e+02;-7.9727851e-02;2.3250000e+02;-1.2060726e-01;2.3250000e+02;-1.6527086e-01;2.3250000e+02;-7.9203933e-02;2.3250000e+02;-7.4327365e-02;2.3250000e+02;-4.3166976e-02;2.3250000e+02;1.4504753e-03;2.3250000e+02;6.0297452e-02;2.3250000e+02;1.3262030e-01;2.3250000e+02;1.8350184e-01;2.3250000e+02;2.0934868e-01;2.3250000e+02;1.9869186e-01;2.3250000e+02;2.1437706e-01;2.3250000e+02;1.6776834e-01;2.3250000e+02;1.0922989e-01;2.3250000e+02;5.5686846e-02;2.3250000e+02;8.4208995e-03;2.3250000e+02;-3.5976842e-02;2.3250000e+02;-7.9727851e-02;2.3250000e+02;-1.2060726e-01;2.3250000e+02;-1.6527086e-01;2.3250000e+02;-7.9203933e-02;2.3250000e+02;-7.4327365e-02;2.3250000e+02;-4.3166976e-02;2.3250000e+02;1.4504753e-03;2.3250000e+02;6.0297452e-02;2.3250000e+02;1.3262030e-01;2.3250000e+02;1.8350184e-01;2.3250000e+02;2.0934868e-01;2.3250000e+02;1.9869186e-01;2.3250000e+02;2.1437706e-01;2.3250000e+02;1.6776834e-01;2.3250000e+02;1.0922989e-01;2.3250000e+02;5.5686846e-02;2.3250000e+02;8.4208995e-03;2.3250000e+02;-3.5976842e-02;2.3250000e+02;-7.9727851e-02;2.3250000e+02;-1.2060726e-01;2.3250000e+02;-1.6527086e-01;2.3250000e+02;-7.9203933e-02;2.3250000e+02;-7.4327365e-02;2.3250000e+02;-4.3166976e-02;2.3250000e+02;1.4504753e-03;2.3250000e+02;6.0297452e-02;2.3250000e+02;1.3262030e-01;2.3250000e+02;1.8350184e-01;2.3250000e+02;2.0934868e-01;2.3250000e+02;1.9869186e-01;2.3250000e+02;2.1437706e-01;2.3250000e+02;1.6776834e-01;2.3250000e+02;1.0922989e-01;2.3250000e+02;5.5686846e-02;2.3250000e+02;8.4208995e-03;2.3250000e+02;-3.5976842e-02;2.3250000e+02;-7.9727851e-02;2.3250000e+02;-1.2060726e-01;2.3250000e+02;-1.6527086e-01;2.3250000e+02;-7.9203933e-02;2.3250000e+02;-7.4327365e-02;2.3250000e+02;-4.3166976e-02;2.3250000e+02;1.4504753e-03;2.3250000e+02;6.0297452e-02;2.3250000e+02;1.3262030e-01;2.3250000e+02;1.8350184e-01;2.3250000e+02;2.0934868e-01;2.3250000e+02;1.9869186e-01;2.3250000e+02;2.1437706e-01;2.3250000e+02;1.6776834e-01;2.3250000e+02;1.0922989e-01;2.3250000e+02;5.5686846e-02;2.3250000e+02;8.4208995e-03;2.3250000e+02;-3.5976842e-02;2.3250000e+02;-7.9727851e-02;2.3250000e+02;-1.2060726e-01;2.3250000e+02;-1.6527086e-01;2.3250000e+02;-7.9203933e-02;2.3250000e+02;-7.4327365e-02;2.3250000e+02;-4.3166976e-02;2.3250000e+02;1.4504753e-03;2.3250000e+02;6.0297452e-02;2.3250000e+02;1.3262030e-01;2.3250000e+02;1.8350184e-01;2.3250000e+02;2.0934868e-01;2.3250000e+02;1.9869186e-01;2.3250000e+02;2.1437706e-01;2.3250000e+02;1.6776834e-01;2.3250000e+02;1.0922989e-01;2.3250000e+02;5.5686846e-02;2.3250000e+02;8.4208995e-03;2.3250000e+02;-3.5976842e-02;2.3250000e+02;-7.9727851e-02;2.3250000e+02;-1.2060726e-01;2.3250000e+02;-1.6527086e-01;2.3250000e+02;-7.9203933e-02;2.3250000e+02;-7.4327365e-02;2.3250000e+02;-4.3166976e-02;2.3250000e+02;1.4504753e-03;2.3250000e+02;6.0297452e-02;2.3250000e+02;1.3262030e-01;2.3250000e+02;1.8350184e-01;2.3250000e+02;2.0934868e-01;2.3250000e+02;1.9869186e-01;2.3250000e+02;2.1437706e-01;2.3250000e+02;1.6776834e-01;2.3250000e+02;1.0922989e-01;2.3250000e+02;5.5686846e-02;2.3250000e+02;8.4208995e-03;2.3250000e+02;-3.5976842e-02;2.3250000e+02;-7.9727851e-02;2.3250000e+02;-1.2060726e-01;2.3250000e+02;-1.6527086e-01;2.3250000e+02;-7.9203933e-02;2.3250000e+02;-7.4327365e-02;2.3250000e+02;-4.3166976e-02;2.3250000e+02;1.4504753e-03;2.3250000e+02;6.0297452e-02;2.3250000e+02;1.3262030e-01;2.3250000e+02;1.8350184e-01;2.3250000e+02;2.0934868e-01;2.3250000e+02;1.9869186e-01;2.3250000e+02;2.1437706e-01;2.3250000e+02;1.6776834e-01;2.3250000e+02;1.0922989e-01;2.3250000e+02;5.5686846e-02;2.3250000e+02;8.4208995e-03;2.3250000e+02;-3.5976842e-02;2.3250000e+02;-7.9727851e-02;2.3250000e+02;-1.2060726e-01;2.3250000e+02;-1.6527086e-01;2.3250000e+02;-7.9203933e-02;2.3250000e+02;-7.4327365e-02;2.3250000e+02;-4.3166976e-02;2.3250000e+02;1.4504753e-03;2.3250000e+02;6.0297452e-02;2.3250000e+02;1.3262030e-01;2.3250000e+02;1.8350184e-01;2.3250000e+02;2.0934868e-01;2.3250000e+02;1.9869186e-01;2.3250000e+02;2.1437706e-01;2.3250000e+02;1.6776834e-01;2.3250000e+02;1.0922989e-01;2.3250000e+02;5.5686846e-02;2.3250000e+02;8.4208995e-03;2.3250000e+02;-3.5976842e-02;2.3250000e+02;-7.9727851e-02;2.3250000e+02;-1.2060726e-01;2.3250000e+02;-1.6527086e-01;2.3250000e+02;-7.9203933e-02;2.3250000e+02;-7.4327365e-02;2.3250000e+02;-4.3166976e-02;2.3250000e+02;1.4504753e-03;2.3250000e+02;6.0297452e-02;2.3250000e+02;1.3262030e-01;2.3250000e+02;1.8350184e-01;2.3250000e+02;2.0934868e-01;2.3250000e+02;1.9869186e-01;2.3250000e+02;2.1437706e-01;2.3250000e+02;1.6776834e-01;2.3250000e+02;1.0922989e-01;2.3250000e+02;5.5686846e-02;2.3250000e+02;8.4208995e-03;2.3250000e+02;-3.5976842e-02;2.3250000e+02;-7.9727851e-02;2.3250000e+02;-1.2060726e-01;2.3250000e+02;-1.6527086e-01;2.3250000e+02;-7.9203933e-02;2.3250000e+02;-7.4327365e-02;2.3250000e+02;-4.3166976e-02;2.3250000e+02;1.4504753e-03;2.3250000e+02;6.0297452e-02;2.3250000e+02;1.3262030e-01;2.3250000e+02;1.8350184e-01;2.3250000e+02;2.0934868e-01;2.3250000e+02;1.9869186e-01;2.3250000e+02;2.1437706e-01;2.3250000e+02;1.6776834e-01;2.3250000e+02;1.0922989e-01;2.3250000e+02;5.5686846e-02;2.3250000e+02;8.4208995e-03;2.3250000e+02;-3.5976842e-02;2.3250000e+02;-7.9727851e-02;2.3250000e+02;-1.2060726e-01;2.3250000e+02;-1.6527086e-01;2.3250000e+02;-7.9203933e-02;2.3250000e+02;-7.4327365e-02;2.3250000e+02;-4.3166976e-02;2.3250000e+02;1.4504753e-03;2.3250000e+02;6.0297452e-02;2.3250000e+02;1.3262030e-01;2.3250000e+02;1.8350184e-01;2.3250000e+02;2.0934868e-01;2.3250000e+02;1.9869186e-01;2.3250000e+02;2.1437706e-01;2.3250000e+02;1.6776834e-01;2.3250000e+02;1.0922989e-01;2.3250000e+02;5.5686846e-02;2.3250000e+02;8.4208995e-03;2.3250000e+02;-3.5976842e-02;2.3250000e+02;-7.9727851e-02;2.3250000e+02;-1.2060726e-01;2.3250000e+02;-1.6527086e-01;2.3250000e+02;-7.9203933e-02;2.3250000e+02;-7.4327365e-02;2.3250000e+02;-4.3166976e-02;2.3250000e+02;1.4504753e-03;2.3250000e+02;6.0297452e-02;2.3250000e+02;1.3262030e-01;2.3250000e+02;1.8350184e-01;2.3250000e+02;2.0934868e-01;2.3250000e+02;1.9869186e-01;2.3250000e+02;2.1437706e-01;2.3250000e+02;1.6776834e-01;2.3250000e+02;1.0922989e-01;2.3250000e+02;5.5686846e-02;2.3250000e+02;8.4208995e-03;2.3250000e+02;-3.5976842e-02;2.3250000e+02;-7.9727851e-02;2.3250000e+02;-1.2060726e-01;2.3250000e+02;-1.6527086e-01;2.3250000e+02;-7.9203933e-02;2.3250000e+02;-7.4327365e-02;2.3250000e+02;-4.3166976e-02;2.3250000e+02;1.4504753e-03;2.3250000e+02;6.0297452e-02;2.3250000e+02;1.3262030e-01;2.3250000e+02;1.8350184e-01;2.3250000e+02;2.0934868e-01;2.3250000e+02;1.9869186e-01;2.3250000e+02;2.1437706e-01;2.3250000e+02;1.6776834e-01;2.3250000e+02;1.0922989e-01;2.3250000e+02;5.5686846e-02;2.3250000e+02;8.4208995e-03;2.3250000e+02;-3.5976842e-02;2.3250000e+02;-7.9727851e-02;2.3250000e+02;-1.2060726e-01;2.3250000e+02;-1.6527086e-01;2.3250000e+02;-7.9203933e-02;2.3250000e+02;-7.4327365e-02;2.3250000e+02;-4.3166976e-02;2.3250000e+02;1.4504753e-03;2.3250000e+02;6.0297452e-02;2.3250000e+02;1.3262030e-01;2.3250000e+02;1.8350184e-01;2.3250000e+02;2.0934868e-01;2.3250000e+02;1.9869186e-01;2.3250000e+02;2.1437706e-01;2.3250000e+02;1.6776834e-01;2.3250000e+02;1.0922989e-01;2.3250000e+02;5.5686846e-02;2.3250000e+02;8.4208995e-03;2.3250000e+02;-3.5976842e-02;2.3250000e+02;-7.9727851e-02;2.3250000e+02;-1.2060726e-01;2.3250000e+02;-1.6527086e-01;2.3250000e+02;-7.9203933e-02;2.3250000e+02;-7.4327365e-02;2.3250000e+02;-4.3166976e-02;2.3250000e+02;1.4504753e-03;2.3250000e+02;6.0297452e-02;2.3250000e+02;1.3262030e-01;2.3250000e+02;1.8350184e-01;2.3250000e+02;2.0934868e-01;2.3250000e+02;1.9869186e-01;2.3250000e+02;2.1437706e-01;2.3250000e+02;1.6776834e-01;2.3250000e+02;1.0922989e-01;2.3250000e+02;5.5686846e-02;2.3250000e+02;8.4208995e-03;2.3250000e+02;-3.5976842e-02;2.3250000e+02;-7.9727851e-02;2.3250000e+02;-1.2060726e-01;2.3250000e+02;-1.6527086e-01;2.3250000e+02;-7.9203933e-02;2.3250000e+02;-7.4327365e-02;2.3250000e+02;-4.3166976e-02;2.3250000e+02;1.4504753e-03;2.3250000e+02;6.0297452e-02;2.3250000e+02;1.3262030e-01;2.3250000e+02;1.8350184e-01;2.3250000e+02;2.0934868e-01;2.3250000e+02;1.9869186e-01;2.3250000e+02;2.1437706e-01;2.3250000e+02;1.6776834e-01;2.3250000e+02;1.0922989e-01;2.3250000e+02;5.5686846e-02;2.3250000e+02;8.4208995e-03;2.3250000e+02;-3.5976842e-02;2.3250000e+02;-7.9727851e-02;2.3250000e+02;-1.2060726e-01;2.3250000e+02;-1.6527086e-01;2.3250000e+02;-7.9203933e-02;2.3250000e+02;-7.4327365e-02;2.3250000e+02;-4.3166976e-02;2.3250000e+02;1.4504753e-03;2.3250000e+02;6.0297452e-02;2.3250000e+02;1.3262030e-01;2.3250000e+02;1.8350184e-01;2.3250000e+02;2.0934868e-01;2.3250000e+02;1.9869186e-01;2.3250000e+02;2.1437706e-01;2.3250000e+02;1.6776834e-01;2.3250000e+02;1.0922989e-01;2.3250000e+02;5.5686846e-02;2.3250000e+02;8.4208995e-03;2.3250000e+02;-3.5976842e-02;2.3250000e+02;-7.9727851e-02;2.3250000e+02;-1.2060726e-01;2.3250000e+02;-1.6527086e-01;2.3250000e+02;-7.9203933e-02;2.3250000e+02;-7.4327365e-02;2.3250000e+02;-4.3166976e-02;2.3250000e+02;1.4504753e-03;2.3250000e+02;6.0297452e-02;2.3250000e+02;1.3262030e-01;2.3250000e+02;1.8350184e-01;2.3250000e+02;2.0934868e-01;2.3250000e+02;1.9869186e-01;2.3250000e+02;2.1437706e-01;2.3250000e+02;1.6776834e-01;2.3250000e+02;1.0922989e-01;2.3250000e+02;5.5686846e-02;2.3250000e+02;8.4208995e-03;2.3250000e+02;-3.5976842e-02;2.3250000e+02;-7.9727851e-02;2.3250000e+02;-1.2060726e-01;2.3250000e+02;-1.6527086e-01;2.3250000e+02;-7.9203933e-02;2.3250000e+02;-7.4327365e-02;2.3250000e+02;-4.3166976e-02;2.3250000e+02;1.4504753e-03;2.3250000e+02;6.0297452e-02;2.3250000e+02;1.3262030e-01;2.3250000e+02;1.8350184e-01;2.3250000e+02;2.0934868e-01;2.3250000e+02;1.9869186e-01;2.3250000e+02;2.1437706e-01;2.3250000e+02;1.6776834e-01;2.3250000e+02;1.0922989e-01;2.3250000e+02;5.5686846e-02;2.3250000e+02;8.4208995e-03;2.3250000e+02;-3.5976842e-02;2.3250000e+02;-7.9727851e-02;2.3250000e+02;-1.2060726e-01;2.3250000e+02;-1.6527086e-01;2.3250000e+02;-7.9203933e-02;2.3250000e+02;-7.4327365e-02;2.3250000e+02;-4.3166976e-02;2.3250000e+02;1.4504753e-03;2.3250000e+02;6.0297452e-02;2.3250000e+02;1.3262030e-01;2.3250000e+02;1.8350184e-01;2.3250000e+02;2.0934868e-01;2.3250000e+02;1.9869186e-01;2.3250000e+02;2.1437706e-01;2.3250000e+02;1.6776834e-01;2.3250000e+02;1.0922989e-01;2.3250000e+02;5.5686846e-02;2.3250000e+02;8.4208995e-03;2.3250000e+02;-3.5976842e-02;2.3250000e+02;-7.9727851e-02;2.3250000e+02;-1.2060726e-01;2.3250000e+02;-1.6527086e-01;2.3250000e+02;-7.9203933e-02;2.3250000e+02;-7.4327365e-02;2.3250000e+02;-4.3166976e-02;2.3250000e+02;1.4504753e-03;2.3250000e+02;6.0297452e-02;2.3250000e+02;1.3262030e-01;2.3250000e+02;1.8350184e-01;2.3250000e+02;2.0934868e-01;2.3250000e+02;1.9869186e-01;2.3250000e+02;2.1437706e-01;2.3250000e+02;1.6776834e-01;2.3250000e+02;1.0922989e-01;2.3250000e+02;5.5686846e-02;2.3250000e+02;8.4208995e-03;2.3250000e+02;-3.5976842e-02;2.3250000e+02;-7.9727851e-02;2.3250000e+02;-1.2060726e-01;2.3250000e+02;-1.6527086e-01;2.3250000e+02;-7.9203933e-02;2.3250000e+02;-7.4327365e-02;2.3250000e+02;-4.3166976e-02;2.3250000e+02;1.4504753e-03;2.3250000e+02;6.0297452e-02;2.3250000e+02;1.3262030e-01;2.3250000e+02;1.8350184e-01;2.3250000e+02;2.0934868e-01;2.3250000e+02;1.9869186e-01;2.3250000e+02;2.1437706e-01;2.3250000e+02;1.6776834e-01;2.3250000e+02;1.0922989e-01;2.3250000e+02;5.5686846e-02;2.3250000e+02;8.4208995e-03;2.3250000e+02;-3.5976842e-02;2.3250000e+02;-7.9727851e-02;2.3250000e+02;-1.2060726e-01;2.3250000e+02;-1.6527086e-01;2.3250000e+02;-7.9203933e-02;2.3250000e+02;-7.4327365e-02;2.3250000e+02;-4.3166976e-02;2.3250000e+02;1.4504753e-03;2.3250000e+02;6.0297452e-02;2.3250000e+02;1.3262030e-01;2.3250000e+02;1.8350184e-01;2.3250000e+02;2.0934868e-01;2.3250000e+02;1.9869186e-01;2.3250000e+02;2.1437706e-01;2.3250000e+02;1.6776834e-01;2.3250000e+02;1.0922989e-01;2.3250000e+02;5.5686846e-02;2.3250000e+02;8.4208995e-03;2.3250000e+02;-3.5976842e-02;2.3250000e+02;-7.9727851e-02;2.3250000e+02;-1.2060726e-01;2.3250000e+02;-1.6527086e-01;2.3250000e+02;-7.9203933e-02;2.3250000e+02;-7.4327365e-02;2.3250000e+02;-4.3166976e-02;2.3250000e+02;1.4504753e-03;2.3250000e+02;6.0297452e-02;2.3250000e+02;1.3262030e-01;2.3250000e+02;1.8350184e-01;2.3250000e+02;2.0934868e-01;2.3250000e+02;1.9869186e-01;2.3250000e+02;2.1437706e-01;2.3250000e+02;1.6776834e-01;2.3250000e+02;1.0922989e-01;2.3250000e+02;5.5686846e-02;2.3250000e+02;8.4208995e-03;2.3250000e+02;-3.5976842e-02;2.3250000e+02;-7.9727851e-02;2.3250000e+02;-1.2060726e-01;2.3250000e+02;-1.6527086e-01;2.3250000e+02;-7.9203933e-02;2.3250000e+02;-7.4327365e-02;2.3250000e+02;-4.3166976e-02;2.3250000e+02;1.4504753e-03;2.3250000e+02;6.0297452e-02;2.3250000e+02;1.3262030e-01;2.3250000e+02;1.8350184e-01;2.3250000e+02;2.0934868e-01;2.3250000e+02;1.9869186e-01;2.3250000e+02;2.1437706e-01;2.3250000e+02;1.6776834e-01;2.3250000e+02;1.0922989e-01;2.3250000e+02;5.5686846e-02;2.3250000e+02;8.4208995e-03;2.3250000e+02;-3.5976842e-02;2.3250000e+02;-7.9727851e-02;2.3250000e+02;-1.2060726e-01;2.3250000e+02;-1.6527086e-01;2.3250000e+02;-7.9203933e-02;2.3250000e+02;-7.4327365e-02;2.3250000e+02;-4.3166976e-02;2.3250000e+02;1.4504753e-03;2.3250000e+02;6.0297452e-02;2.3250000e+02;1.3262030e-01;2.3250000e+02;1.8350184e-01;2.3250000e+02;2.0934868e-01;2.3250000e+02;1.9869186e-01;2.3250000e+02;2.1437706e-01;2.3250000e+02;1.6776834e-01;2.3250000e+02;1.0922989e-01;2.3250000e+02;5.5686846e-02;2.3250000e+02;8.4208995e-03;2.3250000e+02;-3.5976842e-02;2.3250000e+02;-7.9727851e-02;2.3250000e+02;-1.2060726e-01;2.3250000e+02;-1.6527086e-01;2.3250000e+02;-7.9203933e-02;2.3250000e+02;-7.4327365e-02;2.3250000e+02;-4.3166976e-02;2.3250000e+02;1.4504753e-03;2.3250000e+02;6.0297452e-02;2.3250000e+02;1.3262030e-01;2.3250000e+02;1.8350184e-01;2.3250000e+02;2.0934868e-01;2.3250000e+02;1.9869186e-01;2.3250000e+02;2.1437706e-01;2.3250000e+02;1.6776834e-01;2.3250000e+02;1.0922989e-01;2.3250000e+02;5.5686846e-02;2.3250000e+02;8.4208995e-03;2.3250000e+02;-3.5976842e-02;2.3250000e+02;-7.9727851e-02;2.3250000e+02;-1.2060726e-01;2.3250000e+02;-1.6527086e-01;2.3250000e+02;-7.9203933e-02;2.3250000e+02;-7.4327365e-02;2.3250000e+02;-4.3166976e-02;2.3250000e+02;1.4504753e-03;2.3250000e+02;6.0297452e-02;2.3250000e+02;1.3262030e-01;2.3250000e+02;1.8350184e-01;2.3250000e+02;2.0934868e-01;2.3250000e+02;1.9869186e-01;2.3250000e+02;2.1437706e-01;2.3250000e+02;1.6776834e-01;2.3250000e+02;1.0922989e-01;2.3250000e+02;5.5686846e-02;2.3250000e+02;8.4208995e-03;2.3250000e+02;-3.5976842e-02;2.3250000e+02;-7.9727851e-02;2.3250000e+02;-1.2060726e-01;2.3250000e+02;-1.6527086e-01;2.3250000e+02;-7.9203933e-02;2.3250000e+02;-7.4327365e-02;2.3250000e+02;-4.3166976e-02;2.3250000e+02;1.4504753e-03;2.3250000e+02;6.0297452e-02;2.3250000e+02;1.3262030e-01;2.3250000e+02;1.8350184e-01;2.3250000e+02;2.0934868e-01;2.3250000e+02;1.9869186e-01;2.3250000e+02;2.1437706e-01;2.3250000e+02;1.6776834e-01;2.3250000e+02;1.0922989e-01;2.3250000e+02;5.5686846e-02;2.3250000e+02;8.4208995e-03;2.3250000e+02;-3.5976842e-02;2.3250000e+02;-7.9727851e-02;2.3250000e+02;-1.2060726e-01;2.3250000e+02;-1.6527086e-01;2.3250000e+02;-7.9203933e-02;2.3250000e+02;-7.4327365e-02;2.3250000e+02;-4.3166976e-02;2.3250000e+02;1.4504753e-03;2.3250000e+02;6.0297452e-02;2.3250000e+02;1.3262030e-01;2.3250000e+02;1.8350184e-01;2.3250000e+02;2.0934868e-01;2.3250000e+02;1.9869186e-01;2.3250000e+02;2.1437706e-01;2.3250000e+02;1.6776834e-01;2.3250000e+02;1.0922989e-01;2.3250000e+02;5.5686846e-02;2.3250000e+02;8.4208995e-03;2.3250000e+02;-3.5976842e-02;2.3250000e+02;-7.9727851e-02;2.3250000e+02;-1.2060726e-01;2.3250000e+02;-1.6527086e-01;2.3250000e+02;-7.9203933e-02;2.3250000e+02;-7.4327365e-02;2.3250000e+02;-4.3166976e-02;2.3250000e+02;1.4504753e-03;2.3250000e+02;6.0297452e-02;2.3250000e+02;1.3262030e-01;2.3250000e+02;1.8350184e-01;2.3250000e+02;2.0934868e-01;2.3250000e+02;1.9869186e-01;2.3250000e+02;2.1437706e-01;2.3250000e+02;1.6776834e-01;2.3250000e+02;1.0922989e-01;2.3250000e+02;5.5686846e-02;2.3250000e+02;8.4208995e-03;2.3250000e+02;-3.5976842e-02;2.3250000e+02;-7.9727851e-02;2.3250000e+02;-1.2060726e-01;2.3250000e+02;-1.6527086e-01;2.3250000e+02;-7.9203933e-02;2.3250000e+02;-7.4327365e-02;2.3250000e+02;-4.3166976e-02;2.3250000e+02;1.4504753e-03;2.3250000e+02;6.0297452e-02;2.3250000e+02;1.3262030e-01;2.3250000e+02;1.8350184e-01;2.3250000e+02;2.0934868e-01;2.3250000e+02;1.9869186e-01;2.3250000e+02;2.1437706e-01;2.3250000e+02;1.6776834e-01;2.3250000e+02;1.0922989e-01;2.3250000e+02;5.5686846e-02;2.3250000e+02;8.4208995e-03;2.3250000e+02;-3.5976842e-02;2.3250000e+02;-7.9727851e-02;2.3250000e+02;-1.2060726e-01;2.3250000e+02;-1.6527086e-01;2.3250000e+02;-7.9203933e-02;2.3250000e+02;-7.4327365e-02;2.3250000e+02;-4.3166976e-02;2.3250000e+02;1.4504753e-03;2.3250000e+02;6.0297452e-02;2.3250000e+02;1.3262030e-01;2.3250000e+02;1.8350184e-01;2.3250000e+02;2.0934868e-01;2.3250000e+02;1.9869186e-01;2.3250000e+02;2.1437706e-01;2.3250000e+02;1.6776834e-01;2.3250000e+02;1.0922989e-01;2.3250000e+02;5.5686846e-02;2.3250000e+02;8.4208995e-03;2.3250000e+02;-3.5976842e-02;2.3250000e+02;-7.9727851e-02;2.3250000e+02;-1.2060726e-01;2.3250000e+02;-1.6527086e-01;2.3250000e+02;-7.9203933e-02;2.3250000e+02;-7.4327365e-02;2.3250000e+02;-4.3166976e-02;2.3250000e+02;1.4504753e-03;2.3250000e+02;6.0297452e-02;2.3250000e+02;1.3262030e-01;2.3250000e+02;1.8350184e-01;2.3250000e+02;2.0934868e-01;2.3250000e+02;1.9869186e-01;2.3250000e+02;2.1437706e-01;2.3250000e+02;1.6776834e-01;2.3250000e+02;1.0922989e-01;2.3250000e+02;5.5686846e-02;2.3250000e+02;8.4208995e-03;2.3250000e+02;-3.5976842e-02;2.3250000e+02;-7.9727851e-02;2.3250000e+02;-1.2060726e-01;2.3250000e+02;-1.6527086e-01;2.3250000e+02;-7.9203933e-02;2.3250000e+02;-7.4327365e-02;2.3250000e+02;-4.3166976e-02;2.3250000e+02;1.4504753e-03;2.3250000e+02;6.0297452e-02;2.3250000e+02;1.3262030e-01;2.3250000e+02;1.8350184e-01;2.3250000e+02;2.0934868e-01;2.3250000e+02;1.9869186e-01;2.3250000e+02;2.1437706e-01;2.3250000e+02;1.6776834e-01;2.3250000e+02;1.0922989e-01;2.3250000e+02;5.5686846e-02;2.3250000e+02;8.4208995e-03;2.3250000e+02;-3.5976842e-02;2.3250000e+02;-7.9727851e-02;2.3250000e+02;-1.2060726e-01;2.3250000e+02;-1.6527086e-01;2.3250000e+02;-7.9203933e-02;2.3250000e+02;-7.4327365e-02;2.3250000e+02;-4.3166976e-02;2.3250000e+02;1.4504753e-03;2.3250000e+02;6.0297452e-02;2.3250000e+02;1.3262030e-01;2.3250000e+02;1.8350184e-01;2.3250000e+02;2.0934868e-01;2.3250000e+02;1.9869186e-01;2.3250000e+02;2.1437706e-01;2.3250000e+02;1.6776834e-01;2.3250000e+02;1.0922989e-01;2.3250000e+02;5.5686846e-02;2.3250000e+02;8.4208995e-03;2.3250000e+02;-3.5976842e-02;2.3250000e+02;-7.9727851e-02;2.3250000e+02;-1.2060726e-01;2.3250000e+02;-1.6527086e-01;2.3250000e+02;-7.9203933e-02;2.3250000e+02;-7.4327365e-02;2.3250000e+02;-4.3166976e-02;2.3250000e+02;1.4504753e-03;2.3250000e+02;6.0297452e-02;2.3250000e+02;1.3262030e-01;2.3250000e+02;1.8350184e-01;2.3250000e+02;2.0934868e-01;2.3250000e+02;1.9869186e-01;2.3250000e+02;2.1437706e-01;2.3250000e+02;1.6776834e-01;2.3250000e+02;1.0922989e-01;2.3250000e+02;5.5686846e-02;2.3250000e+02;8.4208995e-03;2.3250000e+02;-3.5976842e-02;2.3250000e+02;-7.9727851e-02;2.3250000e+02;-1.2060726e-01;2.3250000e+02;-1.6527086e-01;2.3250000e+02;-7.9203933e-02;2.3250000e+02;-7.4327365e-02;2.3250000e+02;-4.3166976e-02;2.3250000e+02;1.4504753e-03;2.3250000e+02;6.0297452e-02;2.3250000e+02;1.3262030e-01;2.3250000e+02;1.8350184e-01;2.3250000e+02;2.0934868e-01;2.3250000e+02;1.9869186e-01;2.3250000e+02;2.1437706e-01;2.3250000e+02;1.6776834e-01;2.3250000e+02;1.0922989e-01;2.3250000e+02;5.5686846e-02;2.3250000e+02;8.4208995e-03;2.3250000e+02;-3.5976842e-02;2.3250000e+02;-7.9727851e-02;2.3250000e+02;-1.2060726e-01;2.3250000e+02;-1.6527086e-01;2.3250000e+02;-7.9203933e-02;2.3250000e+02;-7.4327365e-02;2.3250000e+02;-4.3166976e-02;2.3250000e+02;1.4504753e-03;2.3250000e+02;6.0297452e-02;2.3250000e+02;1.3262030e-01;2.3250000e+02;1.8350184e-01;2.3250000e+02;2.0934868e-01;2.3250000e+02;1.9869186e-01;2.3250000e+02;2.1437706e-01;2.3250000e+02;1.6776834e-01;2.3250000e+02;1.0922989e-01;2.3250000e+02;5.5686846e-02;2.3250000e+02;8.4208995e-03;2.3250000e+02;-3.5976842e-02;2.3250000e+02;-7.9727851e-02;2.3250000e+02;-1.2060726e-01;2.3250000e+02;-1.6527086e-01;2.3250000e+02;-7.9203933e-02;2.3250000e+02;-7.4327365e-02;2.3250000e+02;-4.3166976e-02;2.3250000e+02;1.4504753e-03;2.3250000e+02;6.0297452e-02;2.3250000e+02;1.3262030e-01;2.3250000e+02;1.8350184e-01;2.3250000e+02;2.0934868e-01;2.3250000e+02;1.9869186e-01;2.3250000e+02;2.1437706e-01;2.3250000e+02;1.6776834e-01;2.3250000e+02;1.0922989e-01;2.3250000e+02;5.5686846e-02;2.3250000e+02;8.4208995e-03;2.3250000e+02;-3.5976842e-02;2.3250000e+02;-7.9727851e-02;2.3250000e+02;-1.2060726e-01;2.3250000e+02;-1.6527086e-01;2.3250000e+02;-7.9203933e-02;2.3250000e+02;-7.4327365e-02;2.3250000e+02;-4.3166976e-02;2.3250000e+02;1.4504753e-03;2.3250000e+02;6.0297452e-02;2.3250000e+02;1.3262030e-01;2.3250000e+02;1.8350184e-01;2.3250000e+02;2.0934868e-01;2.3250000e+02;1.9869186e-01;2.3250000e+02;2.1437706e-01;2.3250000e+02;1.6776834e-01;2.3250000e+02;1.0922989e-01;2.3250000e+02;5.5686846e-02;2.3250000e+02;8.4208995e-03;2.3250000e+02;-3.5976842e-02;2.3250000e+02;-7.9727851e-02;2.3250000e+02;-1.2060726e-01;2.3250000e+02;-1.6527086e-01;2.3250000e+02;-7.9203933e-02;2.3250000e+02;-7.4327365e-02;2.3250000e+02;-4.3166976e-02;2.3250000e+02;1.4504753e-03;2.3250000e+02;6.0297452e-02;2.3250000e+02;1.3262030e-01;2.3250000e+02;1.8350184e-01;2.3250000e+02;2.0934868e-01;2.3250000e+02;1.9869186e-01;2.3250000e+02;2.1437706e-01;2.3250000e+02;1.6776834e-01;2.3250000e+02;1.0922989e-01;2.3250000e+02;5.5686846e-02;2.3250000e+02;8.4208995e-03;2.3250000e+02;-3.5976842e-02;2.3250000e+02;-7.9727851e-02;2.3250000e+02;-1.2060726e-01;2.3250000e+02;-1.6527086e-01;2.3250000e+02;-7.9203933e-02;2.3250000e+02;-7.4327365e-02;2.3250000e+02;-4.3166976e-02;2.3250000e+02;1.4504753e-03;2.3250000e+02;6.0297452e-02;2.3250000e+02;1.3262030e-01;2.3250000e+02;1.8350184e-01;2.3250000e+02;2.0934868e-01;2.3250000e+02;1.9869186e-01;2.3250000e+02;2.1437706e-01;2.3250000e+02;1.6776834e-01;2.3250000e+02;1.0922989e-01;2.3250000e+02;5.5686846e-02;2.3250000e+02;8.4208995e-03;2.3250000e+02;-3.5976842e-02;2.3250000e+02;-7.9727851e-02;2.3250000e+02;-1.2060726e-01;2.3250000e+02;-1.6527086e-01;2.3250000e+02;-7.9203933e-02;2.3250000e+02;-7.4327365e-02;2.3250000e+02;-4.3166976e-02;2.3250000e+02;1.4504753e-03;2.3250000e+02;6.0297452e-02;2.3250000e+02;1.3262030e-01;2.3250000e+02;1.8350184e-01;2.3250000e+02;2.0934868e-01;2.3250000e+02;1.9869186e-01;2.3250000e+02;2.1437706e-01;2.3250000e+02;1.6776834e-01;2.3250000e+02;1.0922989e-01;2.3250000e+02;5.5686846e-02;2.3250000e+02;8.4208995e-03;2.3250000e+02;-3.5976842e-02;2.3250000e+02;-7.9727851e-02;2.3250000e+02;-1.2060726e-01;2.3250000e+02;-1.6527086e-01;2.3250000e+02;-7.9203933e-02;2.3250000e+02;-7.4327365e-02;2.3250000e+02;-4.3166976e-02;2.3250000e+02;1.4504753e-03;2.3250000e+02;6.0297452e-02;2.3250000e+02;1.3262030e-01;2.3250000e+02;1.8350184e-01;2.3250000e+02;2.0934868e-01;2.3250000e+02;1.9869186e-01;2.3250000e+02;2.1437706e-01;2.3250000e+02;1.6776834e-01;2.3250000e+02;1.0922989e-01;2.3250000e+02;5.5686846e-02;2.3250000e+02;8.4208995e-03;2.3250000e+02;-3.5976842e-02;2.3250000e+02;-7.9727851e-02;2.3250000e+02;-1.2060726e-01;2.3250000e+02;-1.6527086e-01;2.3250000e+02;-7.9203933e-02;2.3250000e+02;-7.4327365e-02;2.3250000e+02;-4.3166976e-02;2.3250000e+02;1.4504753e-03;2.3250000e+02;6.0297452e-02;2.3250000e+02;1.3262030e-01;2.3250000e+02;1.8350184e-01;2.3250000e+02;2.0934868e-01;2.3250000e+02;1.9869186e-01;2.3250000e+02;2.1437706e-01;2.3250000e+02;1.6776834e-01;2.3250000e+02;1.0922989e-01;2.3250000e+02;5.5686846e-02;2.3250000e+02;8.4208995e-03;2.3250000e+02;-3.5976842e-02;2.3250000e+02;-7.9727851e-02;2.3250000e+02;-1.2060726e-01;2.3250000e+02;-1.6527086e-01;2.3250000e+02;-7.9203933e-02;2.3250000e+02;-7.4327365e-02;2.3250000e+02;-4.3166976e-02;2.3250000e+02;1.4504753e-03;2.3250000e+02;6.0297452e-02;2.3250000e+02;1.3262030e-01;2.3250000e+02;1.8350184e-01;2.3250000e+02;2.0934868e-01;2.3250000e+02;1.9869186e-01;2.3250000e+02;2.1437706e-01;2.3250000e+02;1.6776834e-01;2.3250000e+02;1.0922989e-01;2.3250000e+02;5.5686846e-02;2.3250000e+02;8.4208995e-03;2.3250000e+02;-3.5976842e-02;2.3250000e+02;-7.9727851e-02;2.3250000e+02;-1.2060726e-01;2.3250000e+02;-1.6527086e-01;2.3250000e+02;-7.9203933e-02;2.3250000e+02;-7.4327365e-02;2.3250000e+02;-4.3166976e-02;2.3250000e+02;1.4504753e-03;2.3250000e+02;6.0297452e-02;2.3250000e+02;1.3262030e-01;2.3250000e+02;1.8350184e-01;2.3250000e+02;2.0934868e-01;2.3250000e+02;1.9869186e-01;2.3250000e+02;2.1437706e-01;2.3250000e+02;1.6776834e-01;2.3250000e+02;1.0922989e-01;2.3250000e+02;5.5686846e-02;2.3250000e+02;8.4208995e-03;2.3250000e+02;-3.5976842e-02;2.3250000e+02;-7.9727851e-02;2.3250000e+02;-1.2060726e-01;2.3250000e+02;-1.6527086e-01;2.3250000e+02;-7.9203933e-02;2.3250000e+02;-7.4327365e-02;2.3250000e+02;-4.3166976e-02;2.3250000e+02;1.4504753e-03;2.3250000e+02;6.0297452e-02;2.3250000e+02;1.3262030e-01;2.3250000e+02;1.8350184e-01;2.3250000e+02;2.0934868e-01;2.3250000e+02;1.9869186e-01;2.3250000e+02;2.1437706e-01;2.3250000e+02;1.6776834e-01;2.3250000e+02;1.0922989e-01;2.3250000e+02;5.5686846e-02;2.3250000e+02;8.4208995e-03;2.3250000e+02;-3.5976842e-02;2.3250000e+02;-7.9727851e-02;2.3250000e+02;-1.2060726e-01;2.3250000e+02;-1.6527086e-01;2.3250000e+02;-7.9203933e-02;2.3250000e+02;-7.4327365e-02;2.3250000e+02;-4.3166976e-02;2.3250000e+02;1.4504753e-03;2.3250000e+02;6.0297452e-02;2.3250000e+02;1.3262030e-01;2.3250000e+02;1.8350184e-01;2.3250000e+02;2.0934868e-01;2.3250000e+02;1.9869186e-01;2.3250000e+02;2.1437706e-01;2.3250000e+02;1.6776834e-01;2.3250000e+02;1.0922989e-01;2.3250000e+02;5.5686846e-02;2.3250000e+02;8.4208995e-03;2.3250000e+02;-3.5976842e-02;2.3250000e+02;-7.9727851e-02;2.3250000e+02;-1.2060726e-01;2.3250000e+02;-1.6527086e-01;2.3250000e+02;-7.9203933e-02;2.3250000e+02;-7.4327365e-02;2.3250000e+02;-4.3166976e-02;2.3250000e+02;1.4504753e-03;2.3250000e+02;6.0297452e-02;2.3250000e+02;1.3262030e-01;2.3250000e+02;1.8350184e-01;2.3250000e+02;2.0934868e-01;2.3250000e+02;1.9869186e-01;2.3250000e+02;2.1437706e-01;2.3250000e+02;1.6776834e-01;2.3250000e+02;1.0922989e-01;2.3250000e+02;5.5686846e-02;2.3250000e+02;8.4208995e-03;2.3250000e+02;-3.5976842e-02;2.3250000e+02;-7.9727851e-02;2.3250000e+02;-1.2060726e-01;2.3250000e+02;-1.6527086e-01;2.3250000e+02;-7.9203933e-02;2.3250000e+02;-7.4327365e-02;2.3250000e+02;-4.3166976e-02;2.3250000e+02;1.4504753e-03;2.3250000e+02;6.0297452e-02;2.3250000e+02;1.3262030e-01;2.3250000e+02;1.8350184e-01;2.3250000e+02;2.0934868e-01;2.3250000e+02;1.9869186e-01;2.3250000e+02;2.1437706e-01;2.3250000e+02;1.6776834e-01;2.3250000e+02;1.0922989e-01;2.3250000e+02;5.5686846e-02;2.3250000e+02;8.4208995e-03;2.3250000e+02;-3.5976842e-02;2.3250000e+02;-7.9727851e-02;2.3250000e+02;-1.2060726e-01;2.3250000e+02;-1.6527086e-01;2.3250000e+02;-7.9203933e-02;2.3250000e+02;-7.4327365e-02;2.3250000e+02;-4.3166976e-02;2.3250000e+02;1.4504753e-03;2.3250000e+02;6.0297452e-02;2.3250000e+02;1.3262030e-01;2.3250000e+02;1.8350184e-01;2.3250000e+02;2.0934868e-01;2.3250000e+02;1.9869186e-01;2.3250000e+02;2.1437706e-01;2.3250000e+02;1.6776834e-01;2.3250000e+02;1.0922989e-01;2.3250000e+02;5.5686846e-02;2.3250000e+02;8.4208995e-03;2.3250000e+02;-3.5976842e-02;2.3250000e+02;-7.9727851e-02;2.3250000e+02;-1.2060726e-01;2.3250000e+02;-1.6527086e-01;2.3250000e+02;-7.9203933e-02;2.3250000e+02;-7.4327365e-02;2.3250000e+02;-4.3166976e-02;2.3250000e+02;1.4504753e-03;2.3250000e+02;6.0297452e-02;2.3250000e+02;1.3262030e-01;2.3250000e+02;1.8350184e-01;2.3250000e+02;2.0934868e-01;2.3250000e+02;1.9869186e-01;2.3250000e+02;2.1437706e-01;2.3250000e+02;1.6776834e-01;2.3250000e+02;1.0922989e-01;2.3250000e+02;5.5686846e-02;2.3250000e+02;8.4208995e-03;2.3250000e+02;-3.5976842e-02;2.3250000e+02;-7.9727851e-02;2.3250000e+02;-1.2060726e-01;2.3250000e+02;-1.6527086e-01;2.3250000e+02;-7.9203933e-02;2.3250000e+02;-7.4327365e-02;2.3250000e+02;-4.3166976e-02;2.3250000e+02;1.4504753e-03;2.3250000e+02;6.0297452e-02;2.3250000e+02;1.3262030e-01;2.3250000e+02;1.8350184e-01;2.3250000e+02;2.0934868e-01;2.3250000e+02;1.9869186e-01;2.3250000e+02;2.1437706e-01;2.3250000e+02;1.6776834e-01;2.3250000e+02;1.0922989e-01;2.3250000e+02;5.5686846e-02;2.3250000e+02;8.4208995e-03;2.3250000e+02;-3.5976842e-02;2.3250000e+02;-7.9727851e-02;2.3250000e+02;-1.2060726e-01;2.3250000e+02;-1.6527086e-01;2.3250000e+02;-7.9203933e-02;2.3250000e+02;-7.4327365e-02;2.3250000e+02;-4.3166976e-02;2.3250000e+02;1.4504753e-03;2.3250000e+02;6.0297452e-02;2.3250000e+02;1.3262030e-01;2.3250000e+02;1.8350184e-01;2.3250000e+02;2.0934868e-01;2.3250000e+02;1.9869186e-01;2.3250000e+02;2.1437706e-01;2.3250000e+02;1.6776834e-01;2.3250000e+02;1.0922989e-01;2.3250000e+02;5.5686846e-02;2.3250000e+02;8.4208995e-03;2.3250000e+02;-3.5976842e-02;2.3250000e+02;-7.9727851e-02;2.3250000e+02;-1.2060726e-01;2.3250000e+02;-1.6527086e-01;2.3250000e+02;-7.9203933e-02;2.3250000e+02;-7.4327365e-02;2.3250000e+02;-4.3166976e-02;2.3250000e+02;1.4504753e-03;2.3250000e+02;6.0297452e-02;2.3250000e+02;1.3262030e-01;2.3250000e+02;1.8350184e-01;2.3250000e+02;2.0934868e-01;2.3250000e+02;1.9869186e-01;2.3250000e+02;2.1437706e-01;2.3250000e+02;1.6776834e-01;2.3250000e+02;1.0922989e-01;2.3250000e+02;5.5686846e-02;2.3250000e+02;8.4208995e-03;2.3250000e+02;-3.5976842e-02;2.3250000e+02;-7.9727851e-02;2.3250000e+02;-1.2060726e-01;2.3250000e+02;-1.6527086e-01;2.3250000e+02;-7.9203933e-02;2.3250000e+02;-7.4327365e-02;2.3250000e+02;-4.3166976e-02;2.3250000e+02;1.4504753e-03;2.3250000e+02;6.0297452e-02;2.3250000e+02;1.3262030e-01;2.3250000e+02;1.8350184e-01;2.3250000e+02;2.0934868e-01;2.3250000e+02;1.9869186e-01;2.3250000e+02;2.1437706e-01;2.3250000e+02;1.6776834e-01;2.3250000e+02;1.0922989e-01;2.3250000e+02;5.5686846e-02;2.3250000e+02;8.4208995e-03;2.3250000e+02;-3.5976842e-02;2.3250000e+02;-7.9727851e-02;2.3250000e+02;-1.2060726e-01;2.3250000e+02;-1.6527086e-01;2.3250000e+02;-7.9203933e-02;2.3250000e+02;-7.4327365e-02;2.3250000e+02;-4.3166976e-02;2.3250000e+02;1.4504753e-03;2.3250000e+02;6.0297452e-02;2.3250000e+02;1.3262030e-01;2.3250000e+02;1.8350184e-01;2.3250000e+02;2.0934868e-01;2.3250000e+02;1.9869186e-01;2.3250000e+02;2.1437706e-01;2.3250000e+02;1.6776834e-01;2.3250000e+02;1.0922989e-01;2.3250000e+02;5.5686846e-02;2.3250000e+02;8.4208995e-03;2.3250000e+02;-3.5976842e-02;2.3250000e+02;-7.9727851e-02;2.3250000e+02;-1.2060726e-01;2.3250000e+02;-1.6527086e-01;2.3250000e+02;-7.9203933e-02;2.3250000e+02;-7.4327365e-02;2.3250000e+02;-4.3166976e-02;2.3250000e+02;1.4504753e-03;2.3250000e+02;6.0297452e-02;2.3250000e+02;1.3262030e-01;2.3250000e+02;1.8350184e-01;2.3250000e+02;2.0934868e-01;2.3250000e+02;1.9869186e-01;2.3250000e+02;2.1437706e-01;2.3250000e+02;1.6776834e-01;2.3250000e+02;1.0922989e-01;2.3250000e+02;5.5686846e-02;2.3250000e+02;8.4208995e-03;2.3250000e+02;-3.5976842e-02;2.3250000e+02;-7.9727851e-02;2.3250000e+02;-1.2060726e-01;2.3250000e+02;-1.6527086e-01;2.3250000e+02;-7.9203933e-02;2.3250000e+02;-7.4327365e-02;2.3250000e+02;-4.3166976e-02;2.3250000e+02;1.4504753e-03;2.3250000e+02;6.0297452e-02;2.3250000e+02;1.3262030e-01;2.3250000e+02;1.8350184e-01;2.3250000e+02;2.0934868e-01;2.3250000e+02;1.9869186e-01;2.3250000e+02;2.1437706e-01;2.3250000e+02;1.6776834e-01;2.3250000e+02;1.0922989e-01;2.3250000e+02;5.5686846e-02;2.3250000e+02;8.4208995e-03;2.3250000e+02;-3.5976842e-02;2.3250000e+02;-7.9727851e-02;2.3250000e+02;-1.2060726e-01;2.3250000e+02;-1.6527086e-01;2.3250000e+02;-7.9203933e-02;2.3250000e+02;-7.4327365e-02;2.3250000e+02;-4.3166976e-02;2.3250000e+02;1.4504753e-03;2.3250000e+02;6.0297452e-02;2.3250000e+02;1.3262030e-01;2.3250000e+02;1.8350184e-01;2.3250000e+02;2.0934868e-01;2.3250000e+02;1.9869186e-01;2.3250000e+02;2.1437706e-01;2.3250000e+02;1.6776834e-01;2.3250000e+02;1.0922989e-01;2.3250000e+02;5.5686846e-02;2.3250000e+02;8.4208995e-03;2.3250000e+02;-3.5976842e-02;2.3250000e+02;-7.9727851e-02;2.3250000e+02;-1.2060726e-01;2.3250000e+02;-1.6527086e-01;2.3250000e+02;-7.9203933e-02;2.3250000e+02;-7.4327365e-02;2.3250000e+02;-4.3166976e-02;2.3250000e+02;1.4504753e-03;2.3250000e+02;6.0297452e-02;2.3250000e+02;1.3262030e-01;2.3250000e+02;1.8350184e-01;2.3250000e+02;2.0934868e-01;2.3250000e+02;1.9869186e-01;2.3250000e+02;2.1437706e-01;2.3250000e+02;1.6776834e-01;2.3250000e+02;1.0922989e-01;2.3250000e+02;5.5686846e-02;2.3250000e+02;8.4208995e-03;2.3250000e+02;-3.5976842e-02;2.3250000e+02;-7.9727851e-02;2.3250000e+02;-1.2060726e-01;2.3250000e+02;-1.6527086e-01;2.3250000e+02;-7.9203933e-02;2.3250000e+02;-7.4327365e-02;2.3250000e+02;-4.3166976e-02;2.3250000e+02;1.4504753e-03;2.3250000e+02;6.0297452e-02;2.3250000e+02;1.3262030e-01;2.3250000e+02;1.8350184e-01;2.3250000e+02;2.0934868e-01;2.3250000e+02;1.9869186e-01;2.3250000e+02;2.1437706e-01;2.3250000e+02;1.6776834e-01;2.3250000e+02;1.0922989e-01;2.3250000e+02;5.5686846e-02;2.3250000e+02;8.4208995e-03;2.3250000e+02;-3.5976842e-02;2.3250000e+02;-7.9727851e-02;2.3250000e+02;-1.2060726e-01;2.3250000e+02;-1.6527086e-01;2.3250000e+02;-7.9203933e-02;2.3250000e+02;-7.4327365e-02;2.3250000e+02;-4.3166976e-02;2.3250000e+02;1.4504753e-03;2.3250000e+02;6.0297452e-02;2.3250000e+02;1.3262030e-01;2.3250000e+02;1.8350184e-01;2.3250000e+02;2.0934868e-01;2.3250000e+02;1.9869186e-01;2.3250000e+02;2.1437706e-01;2.3250000e+02;1.6776834e-01;2.3250000e+02;1.0922989e-01;2.3250000e+02;5.5686846e-02;2.3250000e+02;8.4208995e-03;2.3250000e+02;-3.5976842e-02;2.3250000e+02;-7.9727851e-02;2.3250000e+02;-1.2060726e-01;2.3250000e+02;-1.6527086e-01;2.3250000e+02;-7.9203933e-02;2.3250000e+02;-7.4327365e-02;2.3250000e+02;-4.3166976e-02;2.3250000e+02;1.4504753e-03;2.3250000e+02;6.0297452e-02;2.3250000e+02;1.3262030e-01;2.3250000e+02;1.8350184e-01;2.3250000e+02;2.0934868e-01;2.3250000e+02;1.9869186e-01;2.3250000e+02;2.1437706e-01;2.3250000e+02;1.6776834e-01;2.3250000e+02;1.0922989e-01;2.3250000e+02;5.5686846e-02;2.3250000e+02;8.4208995e-03;2.3250000e+02;-3.5976842e-02;2.3250000e+02;-7.9727851e-02;2.3250000e+02;-1.2060726e-01;2.3250000e+02;-1.6527086e-01;2.3250000e+02;-7.9203933e-02;2.3250000e+02;-7.4327365e-02;2.3250000e+02;-4.3166976e-02;2.3250000e+02;1.4504753e-03;2.3250000e+02;6.0297452e-02;2.3250000e+02;1.3262030e-01;2.3250000e+02;1.8350184e-01;2.3250000e+02;2.0934868e-01;2.3250000e+02;1.9869186e-01;2.3250000e+02;2.1437706e-01;2.3250000e+02;1.6776834e-01;2.3250000e+02;1.0922989e-01;2.3250000e+02;5.5686846e-02;2.3250000e+02;8.4208995e-03;2.3250000e+02;-3.5976842e-02;2.3250000e+02;-7.9727851e-02;2.3250000e+02;-1.2060726e-01;2.3250000e+02;-1.6527086e-01;2.3250000e+02;-7.9203933e-02;2.3250000e+02;-7.4327365e-02;2.3250000e+02;-4.3166976e-02;2.3250000e+02;1.4504753e-03;2.3250000e+02;6.0297452e-02;2.3250000e+02;1.3262030e-01;2.3250000e+02;1.8350184e-01;2.3250000e+02;2.0934868e-01;2.3250000e+02;1.9869186e-01;2.3250000e+02;2.1437706e-01;2.3250000e+02;1.6776834e-01;2.3250000e+02;1.0922989e-01;2.3250000e+02;5.5686846e-02;2.3250000e+02;8.4208995e-03;2.3250000e+02;-3.5976842e-02;2.3250000e+02;-7.9727851e-02;2.3250000e+02;-1.2060726e-01;2.3250000e+02;-1.6527086e-01;2.3250000e+02;-7.9203933e-02;2.3250000e+02;-7.4327365e-02;2.3250000e+02;-4.3166976e-02;2.3250000e+02;1.4504753e-03;2.3250000e+02;6.0297452e-02;2.3250000e+02;1.3262030e-01;2.3250000e+02;1.8350184e-01;2.3250000e+02;2.0934868e-01;2.3250000e+02;1.9869186e-01;2.3250000e+02;2.1437706e-01;2.3250000e+02;1.6776834e-01;2.3250000e+02;1.0922989e-01;2.3250000e+02;5.5686846e-02;2.3250000e+02;8.4208995e-03;2.3250000e+02;-3.5976842e-02;2.3250000e+02;-7.9727851e-02;2.3250000e+02;-1.2060726e-01;2.3250000e+02;-1.6527086e-01;2.3250000e+02;-7.9203933e-02;2.3250000e+02;-7.4327365e-02;2.3250000e+02;-4.3166976e-02;2.3250000e+02;1.4504753e-03;2.3250000e+02;6.0297452e-02;2.3250000e+02;1.3262030e-01;2.3250000e+02;1.8350184e-01;2.3250000e+02;2.0934868e-01;2.3250000e+02;1.9869186e-01;2.3250000e+02;2.1437706e-01;2.3250000e+02;1.6776834e-01;2.3250000e+02;1.0922989e-01;2.3250000e+02;5.5686846e-02;2.3250000e+02;8.4208995e-03;2.3250000e+02;-3.5976842e-02;2.3250000e+02;-7.9727851e-02;2.3250000e+02;-1.2060726e-01;2.3250000e+02;-1.6527086e-01;2.3250000e+02;-7.9203933e-02;2.3250000e+02;-7.4327365e-02;2.3250000e+02;-4.3166976e-02;2.3250000e+02;1.4504753e-03;2.3250000e+02;6.0297452e-02;2.3250000e+02;1.3262030e-01;2.3250000e+02;1.8350184e-01;2.3250000e+02;2.0934868e-01;2.3250000e+02;1.9869186e-01;2.3250000e+02;2.1437706e-01;2.3250000e+02;1.6776834e-01;2.3250000e+02;1.0922989e-01;2.3250000e+02;5.5686846e-02;2.3250000e+02;8.4208995e-03;2.3250000e+02;-3.5976842e-02;2.3250000e+02;-7.9727851e-02;2.3250000e+02;-1.2060726e-01;2.3250000e+02;-1.6527086e-01;2.3250000e+02;-7.9203933e-02;2.3250000e+02;-7.4327365e-02;2.3250000e+02;-4.3166976e-02;2.3250000e+02;1.4504753e-03;2.3250000e+02;6.0297452e-02;2.3250000e+02;1.3262030e-01;2.3250000e+02;1.8350184e-01;2.3250000e+02;2.0934868e-01;2.3250000e+02;1.9869186e-01;2.3250000e+02;2.1437706e-01;2.3250000e+02;1.6776834e-01;2.3250000e+02;1.0922989e-01;2.3250000e+02;5.5686846e-02;2.3250000e+02;8.4208995e-03;2.3250000e+02;-3.5976842e-02;2.3250000e+02;-7.9727851e-02;2.3250000e+02;-1.2060726e-01;2.3250000e+02;-1.6527086e-01;2.3250000e+02;-7.9203933e-02;2.3250000e+02;-7.4327365e-02;2.3250000e+02;-4.3166976e-02;2.3250000e+02;1.4504753e-03;2.3250000e+02;6.0297452e-02;2.3250000e+02;1.3262030e-01;2.3250000e+02;1.8350184e-01;2.3250000e+02;2.0934868e-01;2.3250000e+02;1.9869186e-01;2.3250000e+02;2.1437706e-01;2.3250000e+02;1.6776834e-01;2.3250000e+02;1.0922989e-01;2.3250000e+02;5.5686846e-02;2.3250000e+02;8.4208995e-03;2.3250000e+02;-3.5976842e-02;2.3250000e+02;-7.9727851e-02;2.3250000e+02;-1.2060726e-01;2.3250000e+02;-1.6527086e-01;2.3250000e+02;-7.9203933e-02;2.3250000e+02;-7.4327365e-02;2.3250000e+02;-4.3166976e-02;2.3250000e+02;1.4504753e-03;2.3250000e+02;6.0297452e-02;2.3250000e+02;1.3262030e-01;2.3250000e+02;1.8350184e-01;2.3250000e+02;2.0934868e-01;2.3250000e+02;1.9869186e-01;2.3250000e+02;2.1437706e-01;2.3250000e+02;1.6776834e-01;2.3250000e+02;1.0922989e-01;2.3250000e+02;5.5686846e-02;2.3250000e+02;8.4208995e-03;2.3250000e+02;-3.5976842e-02;2.3250000e+02;-7.9727851e-02;2.3250000e+02;-1.2060726e-01;2.3250000e+02;-1.6527086e-01;2.3250000e+02;-7.9203933e-02;2.3250000e+02;-7.4327365e-02;2.3250000e+02;-4.3166976e-02;2.3250000e+02;1.4504753e-03;2.3250000e+02;6.0297452e-02;2.3250000e+02;1.3262030e-01;2.3250000e+02;1.8350184e-01;2.3250000e+02;2.0934868e-01;2.3250000e+02;1.9869186e-01;2.3250000e+02;2.1437706e-01;2.3250000e+02;1.6776834e-01;2.3250000e+02;1.0922989e-01;2.3250000e+02;5.5686846e-02;2.3250000e+02;8.4208995e-03;2.3250000e+02;-3.5976842e-02;2.3250000e+02;-7.9727851e-02;2.3250000e+02;-1.2060726e-01;2.3250000e+02;-1.6527086e-01
2.3750000e+02;-7.1389325e-02;2.3750000e+02;-6.5530881e-02;2.3750000e+02;-3.9794393e-02;2.3750000e+02;4.0196292e-03;2.3750000e+02;6.5364398e-02;2.3750000e+02;1.4333133e-01;2.3750000e+02;1.8976608e-01;2.3750000e+02;2.0906481e-01;2.3750000e+02;2.0075160e-01;2.3750000e+02;2.2152668e-01;2.3750000e+02;1.7866154e-01;2.3750000e+02;1.2148182e-01;2.3750000e+02;7.0537977e-02;2.3750000e+02;2.0638898e-02;2.3750000e+02;-2.3953319e-02;2.3750000e+02;-6.5517776e-02;2.3750000e+02;-1.1133644e-01;2.3750000e+02;-1.5246943e-01;2.3750000e+02;-7.1389325e-02;2.3750000e+02;-6.5530881e-02;2.3750000e+02;-3.9794393e-02;2.3750000e+02;4.0196292e-03;2.3750000e+02;6.5364398e-02;2.3750000e+02;1.4333133e-01;2.3750000e+02;1.8976608e-01;2.3750000e+02;2.0906481e-01;2.3750000e+02;2.0075160e-01;2.3750000e+02;2.2152668e-01;2.3750000e+02;1.7866154e-01;2.3750000e+02;1.2148182e-01;2.3750000e+02;7.0537977e-02;2.3750000e+02;2.0638898e-02;2.3750000e+02;-2.3953319e-02;2.3750000e+02;-6.5517776e-02;2.3750000e+02;-1.1133644e-01;2.3750000e+02;-1.5246943e-01;2.3750000e+02;-7.1389325e-02;2.3750000e+02;-6.5530881e-02;2.3750000e+02;-3.9794393e-02;2.3750000e+02;4.0196292e-03;2.3750000e+02;6.5364398e-02;2.3750000e+02;1.4333133e-01;2.3750000e+02;1.8976608e-01;2.3750000e+02;2.0906481e-01;2.3750000e+02;2.0075160e-01;2.3750000e+02;2.2152668e-01;2.3750000e+02;1.7866154e-01;2.3750000e+02;1.2148182e-01;2.3750000e+02;7.0537977e-02;2.3750000e+02;2.0638898e-02;2.3750000e+02;-2.3953319e-02;2.3750000e+02;-6.5517776e-02;2.3750000e+02;-1.1133644e-01;2.3750000e+02;-1.5246943e-01;2.3750000e+02;-7.1389325e-02;2.3750000e+02;-6.5530881e-02;2.3750000e+02;-3.9794393e-02;2.3750000e+02;4.0196292e-03;2.3750000e+02;6.5364398e-02;2.3750000e+02;1.4333133e-01;2.3750000e+02;1.8976608e-01;2.3750000e+02;2.0906481e-01;2.3750000e+02;2.0075160e-01;2.3750000e+02;2.2152668e-01;2.3750000e+02;1.7866154e-01;2.3750000e+02;1.2148182e-01;2.3750000e+02;7.0537977e-02;2.3750000e+02;2.0638898e-02;2.3750000e+02;-2.3953319e-02;2.3750000e+02;-6.5517776e-02;2.3750000e+02;-1.1133644e-01;2.3750000e+02;-1.5246943e-01;2.3750000e+02;-7.1389325e-02;2.3750000e+02;-6.5530881e-02;2.3750000e+02;-3.9794393e-02;2.3750000e+02;4.0196292e-03;2.3750000e+02;6.5364398e-02;2.3750000e+02;1.4333133e-01;2.3750000e+02;1.8976608e-01;2.3750000e+02;2.0906481e-01;2.3750000e+02;2.0075160e-01;2.3750000e+02;2.2152668e-01;2.3750000e+02;1.7866154e-01;2.3750000e+02;1.2148182e-01;2.3750000e+02;7.0537977e-02;2.3750000e+02;2.0638898e-02;2.3750000e+02;-2.3953319e-02;2.3750000e+02;-6.5517776e-02;2.3750000e+02;-1.1133644e-01;2.3750000e+02;-1.5246943e-01;2.3750000e+02;-7.1389325e-02;2.3750000e+02;-6.5530881e-02;2.3750000e+02;-3.9794393e-02;2.3750000e+02;4.0196292e-03;2.3750000e+02;6.5364398e-02;2.3750000e+02;1.4333133e-01;2.3750000e+02;1.8976608e-01;2.3750000e+02;2.0906481e-01;2.3750000e+02;2.0075160e-01;2.3750000e+02;2.2152668e-01;2.3750000e+02;1.7866154e-01;2.3750000e+02;1.2148182e-01;2.3750000e+02;7.0537977e-02;2.3750000e+02;2.0638898e-02;2.3750000e+02;-2.3953319e-02;2.3750000e+02;-6.5517776e-02;2.3750000e+02;-1.1133644e-01;2.3750000e+02;-1.5246943e-01;2.3750000e+02;-7.1389325e-02;2.3750000e+02;-6.5530881e-02;2.3750000e+02;-3.9794393e-02;2.3750000e+02;4.0196292e-03;2.3750000e+02;6.5364398e-02;2.3750000e+02;1.4333133e-01;2.3750000e+02;1.8976608e-01;2.3750000e+02;2.0906481e-01;2.3750000e+02;2.0075160e-01;2.3750000e+02;2.2152668e-01;2.3750000e+02;1.7866154e-01;2.3750000e+02;1.2148182e-01;2.3750000e+02;7.0537977e-02;2.3750000e+02;2.0638898e-02;2.3750000e+02;-2.3953319e-02;2.3750000e+02;-6.5517776e-02;2.3750000e+02;-1.1133644e-01;2.3750000e+02;-1.5246943e-01;2.3750000e+02;-7.1389325e-02;2.3750000e+02;-6.5530881e-02;2.3750000e+02;-3.9794393e-02;2.3750000e+02;4.0196292e-03;2.3750000e+02;6.5364398e-02;2.3750000e+02;1.4333133e-01;2.3750000e+02;1.8976608e-01;2.3750000e+02;2.0906481e-01;2.3750000e+02;2.0075160e-01;2.3750000e+02;2.2152668e-01;2.3750000e+02;1.7866154e-01;2.3750000e+02;1.2148182e-01;2.3750000e+02;7.0537977e-02;2.3750000e+02;2.0638898e-02;2.3750000e+02;-2.3953319e-02;2.3750000e+02;-6.5517776e-02;2.3750000e+02;-1.1133644e-01;2.3750000e+02;-1.5246943e-01;2.3750000e+02;-7.1389325e-02;2.3750000e+02;-6.5530881e-02;2.3750000e+02;-3.9794393e-02;2.3750000e+02;4.0196292e-03;2.3750000e+02;6.5364398e-02;2.3750000e+02;1.4333133e-01;2.3750000e+02;1.8976608e-01;2.3750000e+02;2.0906481e-01;2.3750000e+02;2.0075160e-01;2.3750000e+02;2.2152668e-01;2.3750000e+02;1.7866154e-01;2.3750000e+02;1.2148182e-01;2.3750000e+02;7.0537977e-02;2.3750000e+02;2.0638898e-02;2.3750000e+02;-2.3953319e-02;2.3750000e+02;-6.5517776e-02;2.3750000e+02;-1.1133644e-01;2.3750000e+02;-1.5246943e-01;2.3750000e+02;-7.1389325e-02;2.3750000e+02;-6.5530881e-02;2.3750000e+02;-3.9794393e-02;2.3750000e+02;4.0196292e-03;2.3750000e+02;6.5364398e-02;2.3750000e+02;1.4333133e-01;2.3750000e+02;1.8976608e-01;2.3750000e+02;2.0906481e-01;2.3750000e+02;2.0075160e-01;2.3750000e+02;2.2152668e-01;2.3750000e+02;1.7866154e-01;2.3750000e+02;1.2148182e-01;2.3750000e+02;7.0537977e-02;2.3750000e+02;2.0638898e-02;2.3750000e+02;-2.3953319e-02;2.3750000e+02;-6.5517776e-02;2.3750000e+02;-1.1133644e-01;2.3750000e+02;-1.5246943e-01;2.3750000e+02;-7.1389325e-02;2.3750000e+02;-6.5530881e-02;2.3750000e+02;-3.9794393e-02;2.3750000e+02;4.0196292e-03;2.3750000e+02;6.5364398e-02;2.3750000e+02;1.4333133e-01;2.3750000e+02;1.8976608e-01;2.3750000e+02;2.0906481e-01;2.3750000e+02;2.0075160e-01;2.3750000e+02;2.2152668e-01;2.3750000e+02;1.7866154e-01;2.3750000e+02;1.2148182e-01;2.3750000e+02;7.0537977e-02;2.3750000e+02;2.0638898e-02;2.3750000e+02;-2.3953319e-02;2.3750000e+02;-6.5517776e-02;2.3750000e+02;-1.1133644e-01;2.3750000e+02;-1.5246943e-01;2.3750000e+02;-7.1389325e-02;2.3750000e+02;-6.5530881e-02;2.3750000e+02;-3.9794393e-02;2.3750000e+02;4.0196292e-03;2.3750000e+02;6.5364398e-02;2.3750000e+02;1.4333133e-01;2.3750000e+02;1.8976608e-01;2.3750000e+02;2.0906481e-01;2.3750000e+02;2.0075160e-01;2.3750000e+02;2.2152668e-01;2.3750000e+02;1.7866154e-01;2.3750000e+02;1.2148182e-01;2.3750000e+02;7.0537977e-02;2.3750000e+02;2.0638898e-02;2.3750000e+02;-2.3953319e-02;2.3750000e+02;-6.5517776e-02;2.3750000e+02;-1.1133644e-01;2.3750000e+02;-1.5246943e-01;2.3750000e+02;-7.1389325e-02;2.3750000e+02;-6.5530881e-02;2.3750000e+02;-3.9794393e-02;2.3750000e+02;4.0196292e-03;2.3750000e+02;6.5364398e-02;2.3750000e+02;1.4333133e-01;2.3750000e+02;1.8976608e-01;2.3750000e+02;2.0906481e-01;2.3750000e+02;2.0075160e-01;2.3750000e+02;2.2152668e-01;2.3750000e+02;1.7866154e-01;2.3750000e+02;1.2148182e-01;2.3750000e+02;7.0537977e-02;2.3750000e+02;2.0638898e-02;2.3750000e+02;-2.3953319e-02;2.3750000e+02;-6.5517776e-02;2.3750000e+02;-1.1133644e-01;2.3750000e+02;-1.5246943e-01;2.3750000e+02;-7.1389325e-02;2.3750000e+02;-6.5530881e-02;2.3750000e+02;-3.9794393e-02;2.3750000e+02;4.0196292e-03;2.3750000e+02;6.5364398e-02;2.3750000e+02;1.4333133e-01;2.3750000e+02;1.8976608e-01;2.3750000e+02;2.0906481e-01;2.3750000e+02;2.0075160e-01;2.3750000e+02;2.2152668e-01;2.3750000e+02;1.7866154e-01;2.3750000e+02;1.2148182e-01;2.3750000e+02;7.0537977e-02;2.3750000e+02;2.0638898e-02;2.3750000e+02;-2.3953319e-02;2.3750000e+02;-6.5517776e-02;2.3750000e+02;-1.1133644e-01;2.3750000e+02;-1.5246943e-01;2.3750000e+02;-7.1389325e-02;2.3750000e+02;-6.5530881e-02;2.3750000e+02;-3.9794393e-02;2.3750000e+02;4.0196292e-03;2.3750000e+02;6.5364398e-02;2.3750000e+02;1.4333133e-01;2.3750000e+02;1.8976608e-01;2.3750000e+02;2.0906481e-01;2.3750000e+02;2.0075160e-01;2.3750000e+02;2.2152668e-01;2.3750000e+02;1.7866154e-01;2.3750000e+02;1.2148182e-01;2.3750000e+02;7.0537977e-02;2.3750000e+02;2.0638898e-02;2.3750000e+02;-2.3953319e-02;2.3750000e+02;-6.5517776e-02;2.3750000e+02;-1.1133644e-01;2.3750000e+02;-1.5246943e-01;2.3750000e+02;-7.1389325e-02;2.3750000e+02;-6.5530881e-02;2.3750000e+02;-3.9794393e-02;2.3750000e+02;4.0196292e-03;2.3750000e+02;6.5364398e-02;2.3750000e+02;1.4333133e-01;2.3750000e+02;1.8976608e-01;2.3750000e+02;2.0906481e-01;2.3750000e+02;2.0075160e-01;2.3750000e+02;2.2152668e-01;2.3750000e+02;1.7866154e-01;2.3750000e+02;1.2148182e-01;2.3750000e+02;7.0537977e-02;2.3750000e+02;2.0638898e-02;2.3750000e+02;-2.3953319e-02;2.3750000e+02;-6.5517776e-02;2.3750000e+02;-1.1133644e-01;2.3750000e+02;-1.5246943e-01;2.3750000e+02;-7.1389325e-02;2.3750000e+02;-6.5530881e-02;2.3750000e+02;-3.9794393e-02;2.3750000e+02;4.0196292e-03;2.3750000e+02;6.5364398e-02;2.3750000e+02;1.4333133e-01;2.3750000e+02;1.8976608e-01;2.3750000e+02;2.0906481e-01;2.3750000e+02;2.0075160e-01;2.3750000e+02;2.2152668e-01;2.3750000e+02;1.7866154e-01;2.3750000e+02;1.2148182e-01;2.3750000e+02;7.0537977e-02;2.3750000e+02;2.0638898e-02;2.3750000e+02;-2.3953319e-02;2.3750000e+02;-6.5517776e-02;2.3750000e+02;-1.1133644e-01;2.3750000e+02;-1.5246943e-01;2.3750000e+02;-7.1389325e-02;2.3750000e+02;-6.5530881e-02;2.3750000e+02;-3.9794393e-02;2.3750000e+02;4.0196292e-03;2.3750000e+02;6.5364398e-02;2.3750000e+02;1.4333133e-01;2.3750000e+02;1.8976608e-01;2.3750000e+02;2.0906481e-01;2.3750000e+02;2.0075160e-01;2.3750000e+02;2.2152668e-01;2.3750000e+02;1.7866154e-01;2.3750000e+02;1.2148182e-01;2.3750000e+02;7.0537977e-02;2.3750000e+02;2.0638898e-02;2.3750000e+02;-2.3953319e-02;2.3750000e+02;-6.5517776e-02;2.3750000e+02;-1.1133644e-01;2.3750000e+02;-1.5246943e-01;2.3750000e+02;-7.1389325e-02;2.3750000e+02;-6.5530881e-02;2.3750000e+02;-3.9794393e-02;2.3750000e+02;4.0196292e-03;2.3750000e+02;6.5364398e-02;2.3750000e+02;1.4333133e-01;2.3750000e+02;1.8976608e-01;2.3750000e+02;2.0906481e-01;2.3750000e+02;2.0075160e-01;2.3750000e+02;2.2152668e-01;2.3750000e+02;1.7866154e-01;2.3750000e+02;1.2148182e-01;2.3750000e+02;7.0537977e-02;2.3750000e+02;2.0638898e-02;2.3750000e+02;-2.3953319e-02;2.3750000e+02;-6.5517776e-02;2.3750000e+02;-1.1133644e-01;2.3750000e+02;-1.5246943e-01;2.3750000e+02;-7.1389325e-02;2.3750000e+02;-6.5530881e-02;2.3750000e+02;-3.9794393e-02;2.3750000e+02;4.0196292e-03;2.3750000e+02;6.5364398e-02;2.3750000e+02;1.4333133e-01;2.3750000e+02;1.8976608e-01;2.3750000e+02;2.0906481e-01;2.3750000e+02;2.0075160e-01;2.3750000e+02;2.2152668e-01;2.3750000e+02;1.7866154e-01;2.3750000e+02;1.2148182e-01;2.3750000e+02;7.0537977e-02;2.3750000e+02;2.0638898e-02;2.3750000e+02;-2.3953319e-02;2.3750000e+02;-6.5517776e-02;2.3750000e+02;-1.1133644e-01;2.3750000e+02;-1.5246943e-01;2.3750000e+02;-7.1389325e-02;2.3750000e+02;-6.5530881e-02;2.3750000e+02;-3.9794393e-02;2.3750000e+02;4.0196292e-03;2.3750000e+02;6.5364398e-02;2.3750000e+02;1.4333133e-01;2.3750000e+02;1.8976608e-01;2.3750000e+02;2.0906481e-01;2.3750000e+02;2.0075160e-01;2.3750000e+02;2.2152668e-01;2.3750000e+02;1.7866154e-01;2.3750000e+02;1.2148182e-01;2.3750000e+02;7.0537977e-02;2.3750000e+02;2.0638898e-02;2.3750000e+02;-2.3953319e-02;2.3750000e+02;-6.5517776e-02;2.3750000e+02;-1.1133644e-01;2.3750000e+02;-1.5246943e-01;2.3750000e+02;-7.1389325e-02;2.3750000e+02;-6.5530881e-02;2.3750000e+02;-3.9794393e-02;2.3750000e+02;4.0196292e-03;2.3750000e+02;6.5364398e-02;2.3750000e+02;1.4333133e-01;2.3750000e+02;1.8976608e-01;2.3750000e+02;2.0906481e-01;2.3750000e+02;2.0075160e-01;2.3750000e+02;2.2152668e-01;2.3750000e+02;1.7866154e-01;2.3750000e+02;1.2148182e-01;2.3750000e+02;7.0537977e-02;2.3750000e+02;2.0638898e-02;2.3750000e+02;-2.3953319e-02;2.3750000e+02;-6.5517776e-02;2.3750000e+02;-1.1133644e-01;2.3750000e+02;-1.5246943e-01;2.3750000e+02;-7.1389325e-02;2.3750000e+02;-6.5530881e-02;2.3750000e+02;-3.9794393e-02;2.3750000e+02;4.0196292e-03;2.3750000e+02;6.5364398e-02;2.3750000e+02;1.4333133e-01;2.3750000e+02;1.8976608e-01;2.3750000e+02;2.0906481e-01;2.3750000e+02;2.0075160e-01;2.3750000e+02;2.2152668e-01;2.3750000e+02;1.7866154e-01;2.3750000e+02;1.2148182e-01;2.3750000e+02;7.0537977e-02;2.3750000e+02;2.0638898e-02;2.3750000e+02;-2.3953319e-02;2.3750000e+02;-6.5517776e-02;2.3750000e+02;-1.1133644e-01;2.3750000e+02;-1.5246943e-01;2.3750000e+02;-7.1389325e-02;2.3750000e+02;-6.5530881e-02;2.3750000e+02;-3.9794393e-02;2.3750000e+02;4.0196292e-03;2.3750000e+02;6.5364398e-02;2.3750000e+02;1.4333133e-01;2.3750000e+02;1.8976608e-01;2.3750000e+02;2.0906481e-01;2.3750000e+02;2.0075160e-01;2.3750000e+02;2.2152668e-01;2.3750000e+02;1.7866154e-01;2.3750000e+02;1.2148182e-01;2.3750000e+02;7.0537977e-02;2.3750000e+02;2.0638898e-02;2.3750000e+02;-2.3953319e-02;2.3750000e+02;-6.5517776e-02;2.3750000e+02;-1.1133644e-01;2.3750000e+02;-1.5246943e-01;2.3750000e+02;-7.1389325e-02;2.3750000e+02;-6.5530881e-02;2.3750000e+02;-3.9794393e-02;2.3750000e+02;4.0196292e-03;2.3750000e+02;6.5364398e-02;2.3750000e+02;1.4333133e-01;2.3750000e+02;1.8976608e-01;2.3750000e+02;2.0906481e-01;2.3750000e+02;2.0075160e-01;2.3750000e+02;2.2152668e-01;2.3750000e+02;1.7866154e-01;2.3750000e+02;1.2148182e-01;2.3750000e+02;7.0537977e-02;2.3750000e+02;2.0638898e-02;2.3750000e+02;-2.3953319e-02;2.3750000e+02;-6.5517776e-02;2.3750000e+02;-1.1133644e-01;2.3750000e+02;-1.5246943e-01;2.3750000e+02;-7.1389325e-02;2.3750000e+02;-6.5530881e-02;2.3750000e+02;-3.9794393e-02;2.3750000e+02;4.0196292e-03;2.3750000e+02;6.5364398e-02;2.3750000e+02;1.4333133e-01;2.3750000e+02;1.8976608e-01;2.3750000e+02;2.0906481e-01;2.3750000e+02;2.0075160e-01;2.3750000e+02;2.2152668e-01;2.3750000e+02;1.7866154e-01;2.3750000e+02;1.2148182e-01;2.3750000e+02;7.0537977e-02;2.3750000e+02;2.0638898e-02;2.3750000e+02;-2.3953319e-02;2.3750000e+02;-6.5517776e-02;2.3750000e+02;-1.1133644e-01;2.3750000e+02;-1.5246943e-01;2.3750000e+02;-7.1389325e-02;2.3750000e+02;-6.5530881e-02;2.3750000e+02;-3.9794393e-02;2.3750000e+02;4.0196292e-03;2.3750000e+02;6.5364398e-02;2.3750000e+02;1.4333133e-01;2.3750000e+02;1.8976608e-01;2.3750000e+02;2.0906481e-01;2.3750000e+02;2.0075160e-01;2.3750000e+02;2.2152668e-01;2.3750000e+02;1.7866154e-01;2.3750000e+02;1.2148182e-01;2.3750000e+02;7.0537977e-02;2.3750000e+02;2.0638898e-02;2.3750000e+02;-2.3953319e-02;2.3750000e+02;-6.5517776e-02;2.3750000e+02;-1.1133644e-01;2.3750000e+02;-1.5246943e-01;2.3750000e+02;-7.1389325e-02;2.3750000e+02;-6.5530881e-02;2.3750000e+02;-3.9794393e-02;2.3750000e+02;4.0196292e-03;2.3750000e+02;6.5364398e-02;2.3750000e+02;1.4333133e-01;2.3750000e+02;1.8976608e-01;2.3750000e+02;2.0906481e-01;2.3750000e+02;2.0075160e-01;2.3750000e+02;2.2152668e-01;2.3750000e+02;1.7866154e-01;2.3750000e+02;1.2148182e-01;2.3750000e+02;7.0537977e-02;2.3750000e+02;2.0638898e-02;2.3750000e+02;-2.3953319e-02;2.3750000e+02;-6.5517776e-02;2.3750000e+02;-1.1133644e-01;2.3750000e+02;-1.5246943e-01;2.3750000e+02;-7.1389325e-02;2.3750000e+02;-6.5530881e-02;2.3750000e+02;-3.9794393e-02;2.3750000e+02;4.0196292e-03;2.3750000e+02;6.5364398e-02;2.3750000e+02;1.4333133e-01;2.3750000e+02;1.8976608e-01;2.3750000e+02;2.0906481e-01;2.3750000e+02;2.0075160e-01;2.3750000e+02;2.2152668e-01;2.3750000e+02;1.7866154e-01;2.3750000e+02;1.2148182e-01;2.3750000e+02;7.0537977e-02;2.3750000e+02;2.0638898e-02;2.3750000e+02;-2.3953319e-02;2.3750000e+02;-6.5517776e-02;2.3750000e+02;-1.1133644e-01;2.3750000e+02;-1.5246943e-01;2.3750000e+02;-7.1389325e-02;2.3750000e+02;-6.5530881e-02;2.3750000e+02;-3.9794393e-02;2.3750000e+02;4.0196292e-03;2.3750000e+02;6.5364398e-02;2.3750000e+02;1.4333133e-01;2.3750000e+02;1.8976608e-01;2.3750000e+02;2.0906481e-01;2.3750000e+02;2.0075160e-01;2.3750000e+02;2.2152668e-01;2.3750000e+02;1.7866154e-01;2.3750000e+02;1.2148182e-01;2.3750000e+02;7.0537977e-02;2.3750000e+02;2.0638898e-02;2.3750000e+02;-2.3953319e-02;2.3750000e+02;-6.5517776e-02;2.3750000e+02;-1.1133644e-01;2.3750000e+02;-1.5246943e-01;2.3750000e+02;-7.1389325e-02;2.3750000e+02;-6.5530881e-02;2.3750000e+02;-3.9794393e-02;2.3750000e+02;4.0196292e-03;2.3750000e+02;6.5364398e-02;2.3750000e+02;1.4333133e-01;2.3750000e+02;1.8976608e-01;2.3750000e+02;2.0906481e-01;2.3750000e+02;2.0075160e-01;2.3750000e+02;2.2152668e-01;2.3750000e+02;1.7866154e-01;2.3750000e+02;1.2148182e-01;2.3750000e+02;7.0537977e-02;2.3750000e+02;2.0638898e-02;2.3750000e+02;-2.3953319e-02;2.3750000e+02;-6.5517776e-02;2.3750000e+02;-1.1133644e-01;2.3750000e+02;-1.5246943e-01;2.3750000e+02;-7.1389325e-02;2.3750000e+02;-6.5530881e-02;2.3750000e+02;-3.9794393e-02;2.3750000e+02;4.0196292e-03;2.3750000e+02;6.5364398e-02;2.3750000e+02;1.4333133e-01;2.3750000e+02;1.8976608e-01;2.3750000e+02;2.0906481e-01;2.3750000e+02;2.0075160e-01;2.3750000e+02;2.2152668e-01;2.3750000e+02;1.7866154e-01;2.3750000e+02;1.2148182e-01;2.3750000e+02;7.0537977e-02;2.3750000e+02;2.0638898e-02;2.3750000e+02;-2.3953319e-02;2.3750000e+02;-6.5517776e-02;2.3750000e+02;-1.1133644e-01;2.3750000e+02;-1.5246943e-01;2.3750000e+02;-7.1389325e-02;2.3750000e+02;-6.5530881e-02;2.3750000e+02;-3.9794393e-02;2.3750000e+02;4.0196292e-03;2.3750000e+02;6.5364398e-02;2.3750000e+02;1.4333133e-01;2.3750000e+02;1.8976608e-01;2.3750000e+02;2.0906481e-01;2.3750000e+02;2.0075160e-01;2.3750000e+02;2.2152668e-01;2.3750000e+02;1.7866154e-01;2.3750000e+02;1.2148182e-01;2.3750000e+02;7.0537977e-02;2.3750000e+02;2.0638898e-02;2.3750000e+02;-2.3953319e-02;2.3750000e+02;-6.5517776e-02;2.3750000e+02;-1.1133644e-01;2.3750000e+02;-1.5246943e-01;2.3750000e+02;-7.1389325e-02;2.3750000e+02;-6.5530881e-02;2.3750000e+02;-3.9794393e-02;2.3750000e+02;4.0196292e-03;2.3750000e+02;6.5364398e-02;2.3750000e+02;1.4333133e-01;2.3750000e+02;1.8976608e-01;2.3750000e+02;2.0906481e-01;2.3750000e+02;2.0075160e-01;2.3750000e+02;2.2152668e-01;2.3750000e+02;1.7866154e-01;2.3750000e+02;1.2148182e-01;2.3750000e+02;7.0537977e-02;2.3750000e+02;2.0638898e-02;2.3750000e+02;-2.3953319e-02;2.3750000e+02;-6.5517776e-02;2.3750000e+02;-1.1133644e-01;2.3750000e+02;-1.5246943e-01;2.3750000e+02;-7.1389325e-02;2.3750000e+02;-6.5530881e-02;2.3750000e+02;-3.9794393e-02;2.3750000e+02;4.0196292e-03;2.3750000e+02;6.5364398e-02;2.3750000e+02;1.4333133e-01;2.3750000e+02;1.8976608e-01;2.3750000e+02;2.0906481e-01;2.3750000e+02;2.0075160e-01;2.3750000e+02;2.2152668e-01;2.3750000e+02;1.7866154e-01;2.3750000e+02;1.2148182e-01;2.3750000e+02;7.0537977e-02;2.3750000e+02;2.0638898e-02;2.3750000e+02;-2.3953319e-02;2.3750000e+02;-6.5517776e-02;2.3750000e+02;-1.1133644e-01;2.3750000e+02;-1.5246943e-01;2.3750000e+02;-7.1389325e-02;2.3750000e+02;-6.5530881e-02;2.3750000e+02;-3.9794393e-02;2.3750000e+02;4.0196292e-03;2.3750000e+02;6.5364398e-02;2.3750000e+02;1.4333133e-01;2.3750000e+02;1.8976608e-01;2.3750000e+02;2.0906481e-01;2.3750000e+02;2.0075160e-01;2.3750000e+02;2.2152668e-01;2.3750000e+02;1.7866154e-01;2.3750000e+02;1.2148182e-01;2.3750000e+02;7.0537977e-02;2.3750000e+02;2.0638898e-02;2.3750000e+02;-2.3953319e-02;2.3750000e+02;-6.5517776e-02;2.3750000e+02;-1.1133644e-01;2.3750000e+02;-1.5246943e-01;2.3750000e+02;-7.1389325e-02;2.3750000e+02;-6.5530881e-02;2.3750000e+02;-3.9794393e-02;2.3750000e+02;4.0196292e-03;2.3750000e+02;6.5364398e-02;2.3750000e+02;1.4333133e-01;2.3750000e+02;1.8976608e-01;2.3750000e+02;2.0906481e-01;2.3750000e+02;2.0075160e-01;2.3750000e+02;2.2152668e-01;2.3750000e+02;1.7866154e-01;2.3750000e+02;1.2148182e-01;2.3750000e+02;7.0537977e-02;2.3750000e+02;2.0638898e-02;2.3750000e+02;-2.3953319e-02;2.3750000e+02;-6.5517776e-02;2.3750000e+02;-1.1133644e-01;2.3750000e+02;-1.5246943e-01;2.3750000e+02;-7.1389325e-02;2.3750000e+02;-6.5530881e-02;2.3750000e+02;-3.9794393e-02;2.3750000e+02;4.0196292e-03;2.3750000e+02;6.5364398e-02;2.3750000e+02;1.4333133e-01;2.3750000e+02;1.8976608e-01;2.3750000e+02;2.0906481e-01;2.3750000e+02;2.0075160e-01;2.3750000e+02;2.2152668e-01;2.3750000e+02;1.7866154e-01;2.3750000e+02;1.2148182e-01;2.3750000e+02;7.0537977e-02;2.3750000e+02;2.0638898e-02;2.3750000e+02;-2.3953319e-02;2.3750000e+02;-6.5517776e-02;2.3750000e+02;-1.1133644e-01;2.3750000e+02;-1.5246943e-01;2.3750000e+02;-7.1389325e-02;2.3750000e+02;-6.5530881e-02;2.3750000e+02;-3.9794393e-02;2.3750000e+02;4.0196292e-03;2.3750000e+02;6.5364398e-02;2.3750000e+02;1.4333133e-01;2.3750000e+02;1.8976608e-01;2.3750000e+02;2.0906481e-01;2.3750000e+02;2.0075160e-01;2.3750000e+02;2.2152668e-01;2.3750000e+02;1.7866154e-01;2.3750000e+02;1.2148182e-01;2.3750000e+02;7.0537977e-02;2.3750000e+02;2.0638898e-02;2.3750000e+02;-2.3953319e-02;2.3750000e+02;-6.5517776e-02;2.3750000e+02;-1.1133644e-01;2.3750000e+02;-1.5246943e-01;2.3750000e+02;-7.1389325e-02;2.3750000e+02;-6.5530881e-02;2.3750000e+02;-3.9794393e-02;2.3750000e+02;4.0196292e-03;2.3750000e+02;6.5364398e-02;2.3750000e+02;1.4333133e-01;2.3750000e+02;1.8976608e-01;2.3750000e+02;2.0906481e-01;2.3750000e+02;2.0075160e-01;2.3750000e+02;2.2152668e-01;2.3750000e+02;1.7866154e-01;2.3750000e+02;1.2148182e-01;2.3750000e+02;7.0537977e-02;2.3750000e+02;2.0638898e-02;2.3750000e+02;-2.3953319e-02;2.3750000e+02;-6.5517776e-02;2.3750000e+02;-1.1133644e-01;2.3750000e+02;-1.5246943e-01;2.3750000e+02;-7.1389325e-02;2.3750000e+02;-6.5530881e-02;2.3750000e+02;-3.9794393e-02;2.3750000e+02;4.0196292e-03;2.3750000e+02;6.5364398e-02;2.3750000e+02;1.4333133e-01;2.3750000e+02;1.8976608e-01;2.3750000e+02;2.0906481e-01;2.3750000e+02;2.0075160e-01;2.3750000e+02;2.2152668e-01;2.3750000e+02;1.7866154e-01;2.3750000e+02;1.2148182e-01;2.3750000e+02;7.0537977e-02;2.3750000e+02;2.0638898e-02;2.3750000e+02;-2.3953319e-02;2.3750000e+02;-6.5517776e-02;2.3750000e+02;-1.1133644e-01;2.3750000e+02;-1.5246943e-01;2.3750000e+02;-7.1389325e-02;2.3750000e+02;-6.5530881e-02;2.3750000e+02;-3.9794393e-02;2.3750000e+02;4.0196292e-03;2.3750000e+02;6.5364398e-02;2.3750000e+02;1.4333133e-01;2.3750000e+02;1.8976608e-01;2.3750000e+02;2.0906481e-01;2.3750000e+02;2.0075160e-01;2.3750000e+02;2.2152668e-01;2.3750000e+02;1.7866154e-01;2.3750000e+02;1.2148182e-01;2.3750000e+02;7.0537977e-02;2.3750000e+02;2.0638898e-02;2.3750000e+02;-2.3953319e-02;2.3750000e+02;-6.5517776e-02;2.3750000e+02;-1.1133644e-01;2.3750000e+02;-1.5246943e-01;2.3750000e+02;-7.1389325e-02;2.3750000e+02;-6.5530881e-02;2.3750000e+02;-3.9794393e-02;2.3750000e+02;4.0196292e-03;2.3750000e+02;6.5364398e-02;2.3750000e+02;1.4333133e-01;2.3750000e+02;1.8976608e-01;2.3750000e+02;2.0906481e-01;2.3750000e+02;2.0075160e-01;2.3750000e+02;2.2152668e-01;2.3750000e+02;1.7866154e-01;2.3750000e+02;1.2148182e-01;2.3750000e+02;7.0537977e-02;2.3750000e+02;2.0638898e-02;2.3750000e+02;-2.3953319e-02;2.3750000e+02;-6.5517776e-02;2.3750000e+02;-1.1133644e-01;2.3750000e+02;-1.5246943e-01;2.3750000e+02;-7.1389325e-02;2.3750000e+02;-6.5530881e-02;2.3750000e+02;-3.9794393e-02;2.3750000e+02;4.0196292e-03;2.3750000e+02;6.5364398e-02;2.3750000e+02;1.4333133e-01;2.3750000e+02;1.8976608e-01;2.3750000e+02;2.0906481e-01;2.3750000e+02;2.0075160e-01;2.3750000e+02;2.2152668e-01;2.3750000e+02;1.7866154e-01;2.3750000e+02;1.2148182e-01;2.3750000e+02;7.0537977e-02;2.3750000e+02;2.0638898e-02;2.3750000e+02;-2.3953319e-02;2.3750000e+02;-6.5517776e-02;2.3750000e+02;-1.1133644e-01;2.3750000e+02;-1.5246943e-01;2.3750000e+02;-7.1389325e-02;2.3750000e+02;-6.5530881e-02;2.3750000e+02;-3.9794393e-02;2.3750000e+02;4.0196292e-03;2.3750000e+02;6.5364398e-02;2.3750000e+02;1.4333133e-01;2.3750000e+02;1.8976608e-01;2.3750000e+02;2.0906481e-01;2.3750000e+02;2.0075160e-01;2.3750000e+02;2.2152668e-01;2.3750000e+02;1.7866154e-01;2.3750000e+02;1.2148182e-01;2.3750000e+02;7.0537977e-02;2.3750000e+02;2.0638898e-02;2.3750000e+02;-2.3953319e-02;2.3750000e+02;-6.5517776e-02;2.3750000e+02;-1.1133644e-01;2.3750000e+02;-1.5246943e-01;2.3750000e+02;-7.1389325e-02;2.3750000e+02;-6.5530881e-02;2.3750000e+02;-3.9794393e-02;2.3750000e+02;4.0196292e-03;2.3750000e+02;6.5364398e-02;2.3750000e+02;1.4333133e-01;2.3750000e+02;1.8976608e-01;2.3750000e+02;2.0906481e-01;2.3750000e+02;2.0075160e-01;2.3750000e+02;2.2152668e-01;2.3750000e+02;1.7866154e-01;2.3750000e+02;1.2148182e-01;2.3750000e+02;7.0537977e-02;2.3750000e+02;2.0638898e-02;2.3750000e+02;-2.3953319e-02;2.3750000e+02;-6.5517776e-02;2.3750000e+02;-1.1133644e-01;2.3750000e+02;-1.5246943e-01;2.3750000e+02;-7.1389325e-02;2.3750000e+02;-6.5530881e-02;2.3750000e+02;-3.9794393e-02;2.3750000e+02;4.0196292e-03;2.3750000e+02;6.5364398e-02;2.3750000e+02;1.4333133e-01;2.3750000e+02;1.8976608e-01;2.3750000e+02;2.0906481e-01;2.3750000e+02;2.0075160e-01;2.3750000e+02;2.2152668e-01;2.3750000e+02;1.7866154e-01;2.3750000e+02;1.2148182e-01;2.3750000e+02;7.0537977e-02;2.3750000e+02;2.0638898e-02;2.3750000e+02;-2.3953319e-02;2.3750000e+02;-6.5517776e-02;2.3750000e+02;-1.1133644e-01;2.3750000e+02;-1.5246943e-01;2.3750000e+02;-7.1389325e-02;2.3750000e+02;-6.5530881e-02;2.3750000e+02;-3.9794393e-02;2.3750000e+02;4.0196292e-03;2.3750000e+02;6.5364398e-02;2.3750000e+02;1.4333133e-01;2.3750000e+02;1.8976608e-01;2.3750000e+02;2.0906481e-01;2.3750000e+02;2.0075160e-01;2.3750000e+02;2.2152668e-01;2.3750000e+02;1.7866154e-01;2.3750000e+02;1.2148182e-01;2.3750000e+02;7.0537977e-02;2.3750000e+02;2.0638898e-02;2.3750000e+02;-2.3953319e-02;2.3750000e+02;-6.5517776e-02;2.3750000e+02;-1.1133644e-01;2.3750000e+02;-1.5246943e-01;2.3750000e+02;-7.1389325e-02;2.3750000e+02;-6.5530881e-02;2.3750000e+02;-3.9794393e-02;2.3750000e+02;4.0196292e-03;2.3750000e+02;6.5364398e-02;2.3750000e+02;1.4333133e-01;2.3750000e+02;1.8976608e-01;2.3750000e+02;2.0906481e-01;2.3750000e+02;2.0075160e-01;2.3750000e+02;2.2152668e-01;2.3750000e+02;1.7866154e-01;2.3750000e+02;1.2148182e-01;2.3750000e+02;7.0537977e-02;2.3750000e+02;2.0638898e-02;2.3750000e+02;-2.3953319e-02;2.3750000e+02;-6.5517776e-02;2.3750000e+02;-1.1133644e-01;2.3750000e+02;-1.5246943e-01;2.3750000e+02;-7.1389325e-02;2.3750000e+02;-6.5530881e-02;2.3750000e+02;-3.9794393e-02;2.3750000e+02;4.0196292e-03;2.3750000e+02;6.5364398e-02;2.3750000e+02;1.4333133e-01;2.3750000e+02;1.8976608e-01;2.3750000e+02;2.0906481e-01;2.3750000e+02;2.0075160e-01;2.3750000e+02;2.2152668e-01;2.3750000e+02;1.7866154e-01;2.3750000e+02;1.2148182e-01;2.3750000e+02;7.0537977e-02;2.3750000e+02;2.0638898e-02;2.3750000e+02;-2.3953319e-02;2.3750000e+02;-6.5517776e-02;2.3750000e+02;-1.1133644e-01;2.3750000e+02;-1.5246943e-01;2.3750000e+02;-7.1389325e-02;2.3750000e+02;-6.5530881e-02;2.3750000e+02;-3.9794393e-02;2.3750000e+02;4.0196292e-03;2.3750000e+02;6.5364398e-02;2.3750000e+02;1.4333133e-01;2.3750000e+02;1.8976608e-01;2.3750000e+02;2.0906481e-01;2.3750000e+02;2.0075160e-01;2.3750000e+02;2.2152668e-01;2.3750000e+02;1.7866154e-01;2.3750000e+02;1.2148182e-01;2.3750000e+02;7.0537977e-02;2.3750000e+02;2.0638898e-02;2.3750000e+02;-2.3953319e-02;2.3750000e+02;-6.5517776e-02;2.3750000e+02;-1.1133644e-01;2.3750000e+02;-1.5246943e-01;2.3750000e+02;-7.1389325e-02;2.3750000e+02;-6.5530881e-02;2.3750000e+02;-3.9794393e-02;2.3750000e+02;4.0196292e-03;2.3750000e+02;6.5364398e-02;2.3750000e+02;1.4333133e-01;2.3750000e+02;1.8976608e-01;2.3750000e+02;2.0906481e-01;2.3750000e+02;2.0075160e-01;2.3750000e+02;2.2152668e-01;2.3750000e+02;1.7866154e-01;2.3750000e+02;1.2148182e-01;2.3750000e+02;7.0537977e-02;2.3750000e+02;2.0638898e-02;2.3750000e+02;-2.3953319e-02;2.3750000e+02;-6.5517776e-02;2.3750000e+02;-1.1133644e-01;2.3750000e+02;-1.5246943e-01;2.3750000e+02;-7.1389325e-02;2.3750000e+02;-6.5530881e-02;2.3750000e+02;-3.9794393e-02;2.3750000e+02;4.0196292e-03;2.3750000e+02;6.5364398e-02;2.3750000e+02;1.4333133e-01;2.3750000e+02;1.8976608e-01;2.3750000e+02;2.0906481e-01;2.3750000e+02;2.0075160e-01;2.3750000e+02;2.2152668e-01;2.3750000e+02;1.7866154e-01;2.3750000e+02;1.2148182e-01;2.3750000e+02;7.0537977e-02;2.3750000e+02;2.0638898e-02;2.3750000e+02;-2.3953319e-02;2.3750000e+02;-6.5517776e-02;2.3750000e+02;-1.1133644e-01;2.3750000e+02;-1.5246943e-01;2.3750000e+02;-7.1389325e-02;2.3750000e+02;-6.5530881e-02;2.3750000e+02;-3.9794393e-02;2.3750000e+02;4.0196292e-03;2.3750000e+02;6.5364398e-02;2.3750000e+02;1.4333133e-01;2.3750000e+02;1.8976608e-01;2.3750000e+02;2.0906481e-01;2.3750000e+02;2.0075160e-01;2.3750000e+02;2.2152668e-01;2.3750000e+02;1.7866154e-01;2.3750000e+02;1.2148182e-01;2.3750000e+02;7.0537977e-02;2.3750000e+02;2.0638898e-02;2.3750000e+02;-2.3953319e-02;2.3750000e+02;-6.5517776e-02;2.3750000e+02;-1.1133644e-01;2.3750000e+02;-1.5246943e-01;2.3750000e+02;-7.1389325e-02;2.3750000e+02;-6.5530881e-02;2.3750000e+02;-3.9794393e-02;2.3750000e+02;4.0196292e-03;2.3750000e+02;6.5364398e-02;2.3750000e+02;1.4333133e-01;2.3750000e+02;1.8976608e-01;2.3750000e+02;2.0906481e-01;2.3750000e+02;2.0075160e-01;2.3750000e+02;2.2152668e-01;2.3750000e+02;1.7866154e-01;2.3750000e+02;1.2148182e-01;2.3750000e+02;7.0537977e-02;2.3750000e+02;2.0638898e-02;2.3750000e+02;-2.3953319e-02;2.3750000e+02;-6.5517776e-02;2.3750000e+02;-1.1133644e-01;2.3750000e+02;-1.5246943e-01;2.3750000e+02;-7.1389325e-02;2.3750000e+02;-6.5530881e-02;2.3750000e+02;-3.9794393e-02;2.3750000e+02;4.0196292e-03;2.3750000e+02;6.5364398e-02;2.3750000e+02;1.4333133e-01;2.3750000e+02;1.8976608e-01;2.3750000e+02;2.0906481e-01;2.3750000e+02;2.0075160e-01;2.3750000e+02;2.2152668e-01;2.3750000e+02;1.7866154e-01;2.3750000e+02;1.2148182e-01;2.3750000e+02;7.0537977e-02;2.3750000e+02;2.0638898e-02;2.3750000e+02;-2.3953319e-02;2.3750000e+02;-6.5517776e-02;2.3750000e+02;-1.1133644e-01;2.3750000e+02;-1.5246943e-01;2.3750000e+02;-7.1389325e-02;2.3750000e+02;-6.5530881e-02;2.3750000e+02;-3.9794393e-02;2.3750000e+02;4.0196292e-03;2.3750000e+02;6.5364398e-02;2.3750000e+02;1.4333133e-01;2.3750000e+02;1.8976608e-01;2.3750000e+02;2.0906481e-01;2.3750000e+02;2.0075160e-01;2.3750000e+02;2.2152668e-01;2.3750000e+02;1.7866154e-01;2.3750000e+02;1.2148182e-01;2.3750000e+02;7.0537977e-02;2.3750000e+02;2.0638898e-02;2.3750000e+02;-2.3953319e-02;2.3750000e+02;-6.5517776e-02;2.3750000e+02;-1.1133644e-01;2.3750000e+02;-1.5246943e-01;2.3750000e+02;-7.1389325e-02;2.3750000e+02;-6.5530881e-02;2.3750000e+02;-3.9794393e-02;2.3750000e+02;4.0196292e-03;2.3750000e+02;6.5364398e-02;2.3750000e+02;1.4333133e-01;2.3750000e+02;1.8976608e-01;2.3750000e+02;2.0906481e-01;2.3750000e+02;2.0075160e-01;2.3750000e+02;2.2152668e-01;2.3750000e+02;1.7866154e-01;2.3750000e+02;1.2148182e-01;2.3750000e+02;7.0537977e-02;2.3750000e+02;2.0638898e-02;2.3750000e+02;-2.3953319e-02;2.3750000e+02;-6.5517776e-02;2.3750000e+02;-1.1133644e-01;2.3750000e+02;-1.5246943e-01;2.3750000e+02;-7.1389325e-02;2.3750000e+02;-6.5530881e-02;2.3750000e+02;-3.9794393e-02;2.3750000e+02;4.0196292e-03;2.3750000e+02;6.5364398e-02;2.3750000e+02;1.4333133e-01;2.3750000e+02;1.8976608e-01;2.3750000e+02;2.0906481e-01;2.3750000e+02;2.0075160e-01;2.3750000e+02;2.2152668e-01;2.3750000e+02;1.7866154e-01;2.3750000e+02;1.2148182e-01;2.3750000e+02;7.0537977e-02;2.3750000e+02;2.0638898e-02;2.3750000e+02;-2.3953319e-02;2.3750000e+02;-6.5517776e-02;2.3750000e+02;-1.1133644e-01;2.3750000e+02;-1.5246943e-01;2.3750000e+02;-7.1389325e-02;2.3750000e+02;-6.5530881e-02;2.3750000e+02;-3.9794393e-02;2.3750000e+02;4.0196292e-03;2.3750000e+02;6.5364398e-02;2.3750000e+02;1.4333133e-01;2.3750000e+02;1.8976608e-01;2.3750000e+02;2.0906481e-01;2.3750000e+02;2.0075160e-01;2.3750000e+02;2.2152668e-01;2.3750000e+02;1.7866154e-01;2.3750000e+02;1.2148182e-01;2.3750000e+02;7.0537977e-02;2.3750000e+02;2.0638898e-02;2.3750000e+02;-2.3953319e-02;2.3750000e+02;-6.5517776e-02;2.3750000e+02;-1.1133644e-01;2.3750000e+02;-1.5246943e-01;2.3750000e+02;-7.1389325e-02;2.3750000e+02;-6.5530881e-02;2.3750000e+02;-3.9794393e-02;2.3750000e+02;4.0196292e-03;2.3750000e+02;6.5364398e-02;2.3750000e+02;1.4333133e-01;2.3750000e+02;1.8976608e-01;2.3750000e+02;2.0906481e-01;2.3750000e+02;2.0075160e-01;2.3750000e+02;2.2152668e-01;2.3750000e+02;1.7866154e-01;2.3750000e+02;1.2148182e-01;2.3750000e+02;7.0537977e-02;2.3750000e+02;2.0638898e-02;2.3750000e+02;-2.3953319e-02;2.3750000e+02;-6.5517776e-02;2.3750000e+02;-1.1133644e-01;2.3750000e+02;-1.5246943e-01;2.3750000e+02;-7.1389325e-02;2.3750000e+02;-6.5530881e-02;2.3750000e+02;-3.9794393e-02;2.3750000e+02;4.0196292e-03;2.3750000e+02;6.5364398e-02;2.3750000e+02;1.4333133e-01;2.3750000e+02;1.8976608e-01;2.3750000e+02;2.0906481e-01;2.3750000e+02;2.0075160e-01;2.3750000e+02;2.2152668e-01;2.3750000e+02;1.7866154e-01;2.3750000e+02;1.2148182e-01;2.3750000e+02;7.0537977e-02;2.3750000e+02;2.0638898e-02;2.3750000e+02;-2.3953319e-02;2.3750000e+02;-6.5517776e-02;2.3750000e+02;-1.1133644e-01;2.3750000e+02;-1.5246943e-01;2.3750000e+02;-7.1389325e-02;2.3750000e+02;-6.5530881e-02;2.3750000e+02;-3.9794393e-02;2.3750000e+02;4.0196292e-03;2.3750000e+02;6.5364398e-02;2.3750000e+02;1.4333133e-01;2.3750000e+02;1.8976608e-01;2.3750000e+02;2.0906481e-01;2.3750000e+02;2.0075160e-01;2.3750000e+02;2.2152668e-01;2.3750000e+02;1.7866154e-01;2.3750000e+02;1.2148182e-01;2.3750000e+02;7.0537977e-02;2.3750000e+02;2.0638898e-02;2.3750000e+02;-2.3953319e-02;2.3750000e+02;-6.5517776e-02;2.3750000e+02;-1.1133644e-01;2.3750000e+02;-1.5246943e-01;2.3750000e+02;-7.1389325e-02;2.3750000e+02;-6.5530881e-02;2.3750000e+02;-3.9794393e-02;2.3750000e+02;4.0196292e-03;2.3750000e+02;6.5364398e-02;2.3750000e+02;1.4333133e-01;2.3750000e+02;1.8976608e-01;2.3750000e+02;2.0906481e-01;2.3750000e+02;2.0075160e-01;2.3750000e+02;2.2152668e-01;2.3750000e+02;1.7866154e-01;2.3750000e+02;1.2148182e-01;2.3750000e+02;7.0537977e-02;2.3750000e+02;2.0638898e-02;2.3750000e+02;-2.3953319e-02;2.3750000e+02;-6.5517776e-02;2.3750000e+02;-1.1133644e-01;2.3750000e+02;-1.5246943e-01;2.3750000e+02;-7.1389325e-02;2.3750000e+02;-6.5530881e-02;2.3750000e+02;-3.9794393e-02;2.3750000e+02;4.0196292e-03;2.3750000e+02;6.5364398e-02;2.3750000e+02;1.4333133e-01;2.3750000e+02;1.8976608e-01;2.3750000e+02;2.0906481e-01;2.3750000e+02;2.0075160e-01;2.3750000e+02;2.2152668e-01;2.3750000e+02;1.7866154e-01;2.3750000e+02;1.2148182e-01;2.3750000e+02;7.0537977e-02;2.3750000e+02;2.0638898e-02;2.3750000e+02;-2.3953319e-02;2.3750000e+02;-6.5517776e-02;2.3750000e+02;-1.1133644e-01;2.3750000e+02;-1.5246943e-01;2.3750000e+02;-7.1389325e-02;2.3750000e+02;-6.5530881e-02;2.3750000e+02;-3.9794393e-02;2.3750000e+02;4.0196292e-03;2.3750000e+02;6.5364398e-02;2.3750000e+02;1.4333133e-01;2.3750000e+02;1.8976608e-01;2.3750000e+02;2.0906481e-01;2.3750000e+02;2.0075160e-01;2.3750000e+02;2.2152668e-01;2.3750000e+02;1.7866154e-01;2.3750000e+02;1.2148182e-01;2.3750000e+02;7.0537977e-02;2.3750000e+02;2.0638898e-02;2.3750000e+02;-2.3953319e-02;2.3750000e+02;-6.5517776e-02;2.3750000e+02;-1.1133644e-01;2.3750000e+02;-1.5246943e-01;2.3750000e+02;-7.1389325e-02;2.3750000e+02;-6.5530881e-02;2.3750000e+02;-3.9794393e-02;2.3750000e+02;4.0196292e-03;2.3750000e+02;6.5364398e-02;2.3750000e+02;1.4333133e-01;2.3750000e+02;1.8976608e-01;2.3750000e+02;2.0906481e-01;2.3750000e+02;2.0075160e-01;2.3750000e+02;2.2152668e-01;2.3750000e+02;1.7866154e-01;2.3750000e+02;1.2148182e-01;2.3750000e+02;7.0537977e-02;2.3750000e+02;2.0638898e-02;2.3750000e+02;-2.3953319e-02;2.3750000e+02;-6.5517776e-02;2.3750000e+02;-1.1133644e-01;2.3750000e+02;-1.5246943e-01;2.3750000e+02;-7.1389325e-02;2.3750000e+02;-6.5530881e-02;2.3750000e+02;-3.9794393e-02;2.3750000e+02;4.0196292e-03;2.3750000e+02;6.5364398e-02;2.3750000e+02;1.4333133e-01;2.3750000e+02;1.8976608e-01;2.3750000e+02;2.0906481e-01;2.3750000e+02;2.0075160e-01;2.3750000e+02;2.2152668e-01;2.3750000e+02;1.7866154e-01;2.3750000e+02;1.2148182e-01;2.3750000e+02;7.0537977e-02;2.3750000e+02;2.0638898e-02;2.3750000e+02;-2.3953319e-02;2.3750000e+02;-6.5517776e-02;2.3750000e+02;-1.1133644e-01;2.3750000e+02;-1.5246943e-01;2.3750000e+02;-7.1389325e-02;2.3750000e+02;-6.5530881e-02;2.3750000e+02;-3.9794393e-02;2.3750000e+02;4.0196292e-03;2.3750000e+02;6.5364398e-02;2.3750000e+02;1.4333133e-01;2.3750000e+02;1.8976608e-01;2.3750000e+02;2.0906481e-01;2.3750000e+02;2.0075160e-01;2.3750000e+02;2.2152668e-01;2.3750000e+02;1.7866154e-01;2.3750000e+02;1.2148182e-01;2.3750000e+02;7.0537977e-02;2.3750000e+02;2.0638898e-02;2.3750000e+02;-2.3953319e-02;2.3750000e+02;-6.5517776e-02;2.3750000e+02;-1.1133644e-01;2.3750000e+02;-1.5246943e-01;2.3750000e+02;-7.1389325e-02;2.3750000e+02;-6.5530881e-02;2.3750000e+02;-3.9794393e-02;2.3750000e+02;4.0196292e-03;2.3750000e+02;6.5364398e-02;2.3750000e+02;1.4333133e-01;2.3750000e+02;1.8976608e-01;2.3750000e+02;2.0906481e-01;2.3750000e+02;2.0075160e-01;2.3750000e+02;2.2152668e-01;2.3750000e+02;1.7866154e-01;2.3750000e+02;1.2148182e-01;2.3750000e+02;7.0537977e-02;2.3750000e+02;2.0638898e-02;2.3750000e+02;-2.3953319e-02;2.3750000e+02;-6.5517776e-02;2.3750000e+02;-1.1133644e-01;2.3750000e+02;-1.5246943e-01;2.3750000e+02;-7.1389325e-02;2.3750000e+02;-6.5530881e-02;2.3750000e+02;-3.9794393e-02;2.3750000e+02;4.0196292e-03;2.3750000e+02;6.5364398e-02;2.3750000e+02;1.4333133e-01;2.3750000e+02;1.8976608e-01;2.3750000e+02;2.0906481e-01;2.3750000e+02;2.0075160e-01;2.3750000e+02;2.2152668e-01;2.3750000e+02;1.7866154e-01;2.3750000e+02;1.2148182e-01;2.3750000e+02;7.0537977e-02;2.3750000e+02;2.0638898e-02;2.3750000e+02;-2.3953319e-02;2.3750000e+02;-6.5517776e-02;2.3750000e+02;-1.1133644e-01;2.3750000e+02;-1.5246943e-01;2.3750000e+02;-7.1389325e-02;2.3750000e+02;-6.5530881e-02;2.3750000e+02;-3.9794393e-02;2.3750000e+02;4.0196292e-03;2.3750000e+02;6.5364398e-02;2.3750000e+02;1.4333133e-01;2.3750000e+02;1.8976608e-01;2.3750000e+02;2.0906481e-01;2.3750000e+02;2.0075160e-01;2.3750000e+02;2.2152668e-01;2.3750000e+02;1.7866154e-01;2.3750000e+02;1.2148182e-01;2.3750000e+02;7.0537977e-02;2.3750000e+02;2.0638898e-02;2.3750000e+02;-2.3953319e-02;2.3750000e+02;-6.5517776e-02;2.3750000e+02;-1.1133644e-01;2.3750000e+02;-1.5246943e-01;2.3750000e+02;-7.1389325e-02;2.3750000e+02;-6.5530881e-02;2.3750000e+02;-3.9794393e-02;2.3750000e+02;4.0196292e-03;2.3750000e+02;6.5364398e-02;2.3750000e+02;1.4333133e-01;2.3750000e+02;1.8976608e-01;2.3750000e+02;2.0906481e-01;2.3750000e+02;2.0075160e-01;2.3750000e+02;2.2152668e-01;2.3750000e+02;1.7866154e-01;2.3750000e+02;1.2148182e-01;2.3750000e+02;7.0537977e-02;2.3750000e+02;2.0638898e-02;2.3750000e+02;-2.3953319e-02;2.3750000e+02;-6.5517776e-02;2.3750000e+02;-1.1133644e-01;2.3750000e+02;-1.5246943e-01;2.3750000e+02;-7.1389325e-02;2.3750000e+02;-6.5530881e-02;2.3750000e+02;-3.9794393e-02;2.3750000e+02;4.0196292e-03;2.3750000e+02;6.5364398e-02;2.3750000e+02;1.4333133e-01;2.3750000e+02;1.8976608e-01;2.3750000e+02;2.0906481e-01;2.3750000e+02;2.0075160e-01;2.3750000e+02;2.2152668e-01;2.3750000e+02;1.7866154e-01;2.3750000e+02;1.2148182e-01;2.3750000e+02;7.0537977e-02;2.3750000e+02;2.0638898e-02;2.3750000e+02;-2.3953319e-02;2.3750000e+02;-6.5517776e-02;2.3750000e+02;-1.1133644e-01;2.3750000e+02;-1.5246943e-01;2.3750000e+02;-7.1389325e-02;2.3750000e+02;-6.5530881e-02;2.3750000e+02;-3.9794393e-02;2.3750000e+02;4.0196292e-03;2.3750000e+02;6.5364398e-02;2.3750000e+02;1.4333133e-01;2.3750000e+02;1.8976608e-01;2.3750000e+02;2.0906481e-01;2.3750000e+02;2.0075160e-01;2.3750000e+02;2.2152668e-01;2.3750000e+02;1.7866154e-01;2.3750000e+02;1.2148182e-01;2.3750000e+02;7.0537977e-02;2.3750000e+02;2.0638898e-02;2.3750000e+02;-2.3953319e-02;2.3750000e+02;-6.5517776e-02;2.3750000e+02;-1.1133644e-01;2.3750000e+02;-1.5246943e-01;2.3750000e+02;-7.1389325e-02;2.3750000e+02;-6.5530881e-02;2.3750000e+02;-3.9794393e-02;2.3750000e+02;4.0196292e-03;2.3750000e+02;6.5364398e-02;2.3750000e+02;1.4333133e-01;2.3750000e+02;1.8976608e-01;2.3750000e+02;2.0906481e-01;2.3750000e+02;2.0075160e-01;2.3750000e+02;2.2152668e-01;2.3750000e+02;1.7866154e-01;2.3750000e+02;1.2148182e-01;2.3750000e+02;7.0537977e-02;2.3750000e+02;2.0638898e-02;2.3750000e+02;-2.3953319e-02;2.3750000e+02;-6.5517776e-02;2.3750000e+02;-1.1133644e-01;2.3750000e+02;-1.5246943e-01;2.3750000e+02;-7.1389325e-02;2.3750000e+02;-6.5530881e-02;2.3750000e+02;-3.9794393e-02;2.3750000e+02;4.0196292e-03;2.3750000e+02;6.5364398e-02;2.3750000e+02;1.4333133e-01;2.3750000e+02;1.8976608e-01;2.3750000e+02;2.0906481e-01;2.3750000e+02;2.0075160e-01;2.3750000e+02;2.2152668e-01;2.3750000e+02;1.7866154e-01;2.3750000e+02;1.2148182e-01;2.3750000e+02;7.0537977e-02;2.3750000e+02;2.0638898e-02;2.3750000e+02;-2.3953319e-02;2.3750000e+02;-6.5517776e-02;2.3750000e+02;-1.1133644e-01;2.3750000e+02;-1.5246943e-01;2.3750000e+02;-7.1389325e-02;2.3750000e+02;-6.5530881e-02;2.3750000e+02;-3.9794393e-02;2.3750000e+02;4.0196292e-03;2.3750000e+02;6.5364398e-02;2.3750000e+02;1.4333133e-01;2.3750000e+02;1.8976608e-01;2.3750000e+02;2.0906481e-01;2.3750000e+02;2.0075160e-01;2.3750000e+02;2.2152668e-01;2.3750000e+02;1.7866154e-01;2.3750000e+02;1.2148182e-01;2.3750000e+02;7.0537977e-02;2.3750000e+02;2.0638898e-02;2.3750000e+02;-2.3953319e-02;2.3750000e+02;-6.5517776e-02;2.3750000e+02;-1.1133644e-01;2.3750000e+02;-1.5246943e-01;2.3750000e+02;-7.1389325e-02;2.3750000e+02;-6.5530881e-02;2.3750000e+02;-3.9794393e-02;2.3750000e+02;4.0196292e-03;2.3750000e+02;6.5364398e-02;2.3750000e+02;1.4333133e-01;2.3750000e+02;1.8976608e-01;2.3750000e+02;2.0906481e-01;2.3750000e+02;2.0075160e-01;2.3750000e+02;2.2152668e-01;2.3750000e+02;1.7866154e-01;2.3750000e+02;1.2148182e-01;2.3750000e+02;7.0537977e-02;2.3750000e+02;2.0638898e-02;2.3750000e+02;-2.3953319e-02;2.3750000e+02;-6.5517776e-02;2.3750000e+02;-1.1133644e-01;2.3750000e+02;-1.5246943e-01;2.3750000e+02;-7.1389325e-02;2.3750000e+02;-6.5530881e-02;2.3750000e+02;-3.9794393e-02;2.3750000e+02;4.0196292e-03;2.3750000e+02;6.5364398e-02;2.3750000e+02;1.4333133e-01;2.3750000e+02;1.8976608e-01;2.3750000e+02;2.0906481e-01;2.3750000e+02;2.0075160e-01;2.3750000e+02;2.2152668e-01;2.3750000e+02;1.7866154e-01;2.3750000e+02;1.2148182e-01;2.3750000e+02;7.0537977e-02;2.3750000e+02;2.0638898e-02;2.3750000e+02;-2.3953319e-02;2.3750000e+02;-6.5517776e-02;2.3750000e+02;-1.1133644e-01;2.3750000e+02;-1.5246943e-01;2.3750000e+02;-7.1389325e-02;2.3750000e+02;-6.5530881e-02;2.3750000e+02;-3.9794393e-02;2.3750000e+02;4.0196292e-03;2.3750000e+02;6.5364398e-02;2.3750000e+02;1.4333133e-01;2.3750000e+02;1.8976608e-01;2.3750000e+02;2.0906481e-01;2.3750000e+02;2.0075160e-01;2.3750000e+02;2.2152668e-01;2.3750000e+02;1.7866154e-01;2.3750000e+02;1.2148182e-01;2.3750000e+02;7.0537977e-02;2.3750000e+02;2.0638898e-02;2.3750000e+02;-2.3953319e-02;2.3750000e+02;-6.5517776e-02;2.3750000e+02;-1.1133644e-01;2.3750000e+02;-1.5246943e-01;2.3750000e+02;-7.1389325e-02;2.3750000e+02;-6.5530881e-02;2.3750000e+02;-3.9794393e-02;2.3750000e+02;4.0196292e-03;2.3750000e+02;6.5364398e-02;2.3750000e+02;1.4333133e-01;2.3750000e+02;1.8976608e-01;2.3750000e+02;2.0906481e-01;2.3750000e+02;2.0075160e-01;2.3750000e+02;2.2152668e-01;2.3750000e+02;1.7866154e-01;2.3750000e+02;1.2148182e-01;2.3750000e+02;7.0537977e-02;2.3750000e+02;2.0638898e-02;2.3750000e+02;-2.3953319e-02;2.3750000e+02;-6.5517776e-02;2.3750000e+02;-1.1133644e-01;2.3750000e+02;-1.5246943e-01;2.3750000e+02;-7.1389325e-02;2.3750000e+02;-6.5530881e-02;2.3750000e+02;-3.9794393e-02;2.3750000e+02;4.0196292e-03;2.3750000e+02;6.5364398e-02;2.3750000e+02;1.4333133e-01;2.3750000e+02;1.8976608e-01;2.3750000e+02;2.0906481e-01;2.3750000e+02;2.0075160e-01;2.3750000e+02;2.2152668e-01;2.3750000e+02;1.7866154e-01;2.3750000e+02;1.2148182e-01;2.3750000e+02;7.0537977e-02;2.3750000e+02;2.0638898e-02;2.3750000e+02;-2.3953319e-02;2.3750000e+02;-6.5517776e-02;2.3750000e+02;-1.1133644e-01;2.3750000e+02;-1.5246943e-01;2.3750000e+02;-7.1389325e-02;2.3750000e+02;-6.5530881e-02;2.3750000e+02;-3.9794393e-02;2.3750000e+02;4.0196292e-03;2.3750000e+02;6.5364398e-02;2.3750000e+02;1.4333133e-01;2.3750000e+02;1.8976608e-01;2.3750000e+02;2.0906481e-01;2.3750000e+02;2.0075160e-01;2.3750000e+02;2.2152668e-01;2.3750000e+02;1.7866154e-01;2.3750000e+02;1.2148182e-01;2.3750000e+02;7.0537977e-02;2.3750000e+02;2.0638898e-02;2.3750000e+02;-2.3953319e-02;2.3750000e+02;-6.5517776e-02;2.3750000e+02;-1.1133644e-01;2.3750000e+02;-1.5246943e-01;2.3750000e+02;-7.1389325e-02;2.3750000e+02;-6.5530881e-02;2.3750000e+02;-3.9794393e-02;2.3750000e+02;4.0196292e-03;2.3750000e+02;6.5364398e-02;2.3750000e+02;1.4333133e-01;2.3750000e+02;1.8976608e-01;2.3750000e+02;2.0906481e-01;2.3750000e+02;2.0075160e-01;2.3750000e+02;2.2152668e-01;2.3750000e+02;1.7866154e-01;2.3750000e+02;1.2148182e-01;2.3750000e+02;7.0537977e-02;2.3750000e+02;2.0638898e-02;2.3750000e+02;-2.3953319e-02;2.3750000e+02;-6.5517776e-02;2.3750000e+02;-1.1133644e-01;2.3750000e+02;-1.5246943e-01;2.3750000e+02;-7.1389325e-02;2.3750000e+02;-6.5530881e-02;2.3750000e+02;-3.9794393e-02;2.3750000e+02;4.0196292e-03;2.3750000e+02;6.5364398e-02;2.3750000e+02;1.4333133e-01;2.3750000e+02;1.8976608e-01;2.3750000e+02;2.0906481e-01;2.3750000e+02;2.0075160e-01;2.3750000e+02;2.2152668e-01;2.3750000e+02;1.7866154e-01;2.3750000e+02;1.2148182e-01;2.3750000e+02;7.0537977e-02;2.3750000e+02;2.0638898e-02;2.3750000e+02;-2.3953319e-02;2.3750000e+02;-6.5517776e-02;2.3750000e+02;-1.1133644e-01;2.3750000e+02;-1.5246943e-01;2.3750000e+02;-7.1389325e-02;2.3750000e+02;-6.5530881e-02;2.3750000e+02;-3.9794393e-02;2.3750000e+02;4.0196292e-03;2.3750000e+02;6.5364398e-02;2.3750000e+02;1.4333133e-01;2.3750000e+02;1.8976608e-01;2.3750000e+02;2.0906481e-01;2.3750000e+02;2.0075160e-01;2.3750000e+02;2.2152668e-01;2.3750000e+02;1.7866154e-01;2.3750000e+02;1.2148182e-01;2.3750000e+02;7.0537977e-02;2.3750000e+02;2.0638898e-02;2.3750000e+02;-2.3953319e-02;2.3750000e+02;-6.5517776e-02;2.3750000e+02;-1.1133644e-01;2.3750000e+02;-1.5246943e-01;2.3750000e+02;-7.1389325e-02;2.3750000e+02;-6.5530881e-02;2.3750000e+02;-3.9794393e-02;2.3750000e+02;4.0196292e-03;2.3750000e+02;6.5364398e-02;2.3750000e+02;1.4333133e-01;2.3750000e+02;1.8976608e-01;2.3750000e+02;2.0906481e-01;2.3750000e+02;2.0075160e-01;2.3750000e+02;2.2152668e-01;2.3750000e+02;1.7866154e-01;2.3750000e+02;1.2148182e-01;2.3750000e+02;7.0537977e-02;2.3750000e+02;2.0638898e-02;2.3750000e+02;-2.3953319e-02;2.3750000e+02;-6.5517776e-02;2.3750000e+02;-1.1133644e-01;2.3750000e+02;-1.5246943e-01;2.3750000e+02;-7.1389325e-02;2.3750000e+02;-6.5530881e-02;2.3750000e+02;-3.9794393e-02;2.3750000e+02;4.0196292e-03;2.3750000e+02;6.5364398e-02;2.3750000e+02;1.4333133e-01;2.3750000e+02;1.8976608e-01;2.3750000e+02;2.0906481e-01;2.3750000e+02;2.0075160e-01;2.3750000e+02;2.2152668e-01;2.3750000e+02;1.7866154e-01;2.3750000e+02;1.2148182e-01;2.3750000e+02;7.0537977e-02;2.3750000e+02;2.0638898e-02;2.3750000e+02;-2.3953319e-02;2.3750000e+02;-6.5517776e-02;2.3750000e+02;-1.1133644e-01;2.3750000e+02;-1.5246943e-01;2.3750000e+02;-7.1389325e-02;2.3750000e+02;-6.5530881e-02;2.3750000e+02;-3.9794393e-02;2.3750000e+02;4.0196292e-03;2.3750000e+02;6.5364398e-02;2.3750000e+02;1.4333133e-01;2.3750000e+02;1.8976608e-01;2.3750000e+02;2.0906481e-01;2.3750000e+02;2.0075160e-01;2.3750000e+02;2.2152668e-01;2.3750000e+02;1.7866154e-01;2.3750000e+02;1.2148182e-01;2.3750000e+02;7.0537977e-02;2.3750000e+02;2.0638898e-02;2.3750000e+02;-2.3953319e-02;2.3750000e+02;-6.5517776e-02;2.3750000e+02;-1.1133644e-01;2.3750000e+02;-1.5246943e-01;2.3750000e+02;-7.1389325e-02;2.3750000e+02;-6.5530881e-02;2.3750000e+02;-3.9794393e-02;2.3750000e+02;4.0196292e-03;2.3750000e+02;6.5364398e-02;2.3750000e+02;1.4333133e-01;2.3750000e+02;1.8976608e-01;2.3750000e+02;2.0906481e-01;2.3750000e+02;2.0075160e-01;2.3750000e+02;2.2152668e-01;2.3750000e+02;1.7866154e-01;2.3750000e+02;1.2148182e-01;2.3750000e+02;7.0537977e-02;2.3750000e+02;2.0638898e-02;2.3750000e+02;-2.3953319e-02;2.3750000e+02;-6.5517776e-02;2.3750000e+02;-1.1133644e-01;2.3750000e+02;-1.5246943e-01;2.3750000e+02;-7.1389325e-02;2.3750000e+02;-6.5530881e-02;2.3750000e+02;-3.9794393e-02;2.3750000e+02;4.0196292e-03;2.3750000e+02;6.5364398e-02;2.3750000e+02;1.4333133e-01;2.3750000e+02;1.8976608e-01;2.3750000e+02;2.0906481e-01;2.3750000e+02;2.0075160e-01;2.3750000e+02;2.2152668e-01;2.3750000e+02;1.7866154e-01;2.3750000e+02;1.2148182e-01;2.3750000e+02;7.0537977e-02;2.3750000e+02;2.0638898e-02;2.3750000e+02;-2.3953319e-02;2.3750000e+02;-6.5517776e-02;2.3750000e+02;-1.1133644e-01;2.3750000e+02;-1.5246943e-01;2.3750000e+02;-7.1389325e-02;2.3750000e+02;-6.5530881e-02;2.3750000e+02;-3.9794393e-02;2.3750000e+02;4.0196292e-03;2.3750000e+02;6.5364398e-02;2.3750000e+02;1.4333133e-01;2.3750000e+02;1.8976608e-01;2.3750000e+02;2.0906481e-01;2.3750000e+02;2.0075160e-01;2.3750000e+02;2.2152668e-01;2.3750000e+02;1.7866154e-01;2.3750000e+02;1.2148182e-01;2.3750000e+02;7.0537977e-02;2.3750000e+02;2.0638898e-02;2.3750000e+02;-2.3953319e-02;2.3750000e+02;-6.5517776e-02;2.3750000e+02;-1.1133644e-01;2.3750000e+02;-1.5246943e-01;2.3750000e+02;-7.1389325e-02;2.3750000e+02;-6.5530881e-02;2.3750000e+02;-3.9794393e-02;2.3750000e+02;4.0196292e-03;2.3750000e+02;6.5364398e-02;2.3750000e+02;1.4333133e-01;2.3750000e+02;1.8976608e-01;2.3750000e+02;2.0906481e-01;2.3750000e+02;2.0075160e-01;2.3750000e+02;2.2152668e-01;2.3750000e+02;1.7866154e-01;2.3750000e+02;1.2148182e-01;2.3750000e+02;7.0537977e-02;2.3750000e+02;2.0638898e-02;2.3750000e+02;-2.3953319e-02;2.3750000e+02;-6.5517776e-02;2.3750000e+02;-1.1133644e-01;2.3750000e+02;-1.5246943e-01;2.3750000e+02;-7.1389325e-02;2.3750000e+02;-6.5530881e-02;2.3750000e+02;-3.9794393e-02;2.3750000e+02;4.0196292e-03;2.3750000e+02;6.5364398e-02;2.3750000e+02;1.4333133e-01;2.3750000e+02;1.8976608e-01;2.3750000e+02;2.0906481e-01;2.3750000e+02;2.0075160e-01;2.3750000e+02;2.2152668e-01;2.3750000e+02;1.7866154e-01;2.3750000e+02;1.2148182e-01;2.3750000e+02;7.0537977e-02;2.3750000e+02;2.0638898e-02;2.3750000e+02;-2.3953319e-02;2.3750000e+02;-6.5517776e-02;2.3750000e+02;-1.1133644e-01;2.3750000e+02;-1.5246943e-01;2.3750000e+02;-7.1389325e-02;2.3750000e+02;-6.5530881e-02;2.3750000e+02;-3.9794393e-02;2.3750000e+02;4.0196292e-03;2.3750000e+02;6.5364398e-02;2.3750000e+02;1.4333133e-01;2.3750000e+02;1.8976608e-01;2.3750000e+02;2.0906481e-01;2.3750000e+02;2.0075160e-01;2.3750000e+02;2.2152668e-01;2.3750000e+02;1.7866154e-01;2.3750000e+02;1.2148182e-01;2.3750000e+02;7.0537977e-02;2.3750000e+02;2.0638898e-02;2.3750000e+02;-2.3953319e-02;2.3750000e+02;-6.5517776e-02;2.3750000e+02;-1.1133644e-01;2.3750000e+02;-1.5246943e-01;2.3750000e+02;-7.1389325e-02;2.3750000e+02;-6.5530881e-02;2.3750000e+02;-3.9794393e-02;2.3750000e+02;4.0196292e-03;2.3750000e+02;6.5364398e-02;2.3750000e+02;1.4333133e-01;2.3750000e+02;1.8976608e-01;2.3750000e+02;2.0906481e-01;2.3750000e+02;2.0075160e-01;2.3750000e+02;2.2152668e-01;2.3750000e+02;1.7866154e-01;2.3750000e+02;1.2148182e-01;2.3750000e+02;7.0537977e-02;2.3750000e+02;2.0638898e-02;2.3750000e+02;-2.3953319e-02;2.3750000e+02;-6.5517776e-02;2.3750000e+02;-1.1133644e-01;2.3750000e+02;-1.5246943e-01;2.3750000e+02;-7.1389325e-02;2.3750000e+02;-6.5530881e-02;2.3750000e+02;-3.9794393e-02;2.3750000e+02;4.0196292e-03;2.3750000e+02;6.5364398e-02;2.3750000e+02;1.4333133e-01;2.3750000e+02;1.8976608e-01;2.3750000e+02;2.0906481e-01;2.3750000e+02;2.0075160e-01;2.3750000e+02;2.2152668e-01;2.3750000e+02;1.7866154e-01;2.3750000e+02;1.2148182e-01;2.3750000e+02;7.0537977e-02;2.3750000e+02;2.0638898e-02;2.3750000e+02;-2.3953319e-02;2.3750000e+02;-6.5517776e-02;2.3750000e+02;-1.1133644e-01;2.3750000e+02;-1.5246943e-01;2.3750000e+02;-7.1389325e-02;2.3750000e+02;-6.5530881e-02;2.3750000e+02;-3.9794393e-02;2.3750000e+02;4.0196292e-03;2.3750000e+02;6.5364398e-02;2.3750000e+02;1.4333133e-01;2.3750000e+02;1.8976608e-01;2.3750000e+02;2.0906481e-01;2.3750000e+02;2.0075160e-01;2.3750000e+02;2.2152668e-01;2.3750000e+02;1.7866154e-01;2.3750000e+02;1.2148182e-01;2.3750000e+02;7.0537977e-02;2.3750000e+02;2.0638898e-02;2.3750000e+02;-2.3953319e-02;2.3750000e+02;-6.5517776e-02;2.3750000e+02;-1.1133644e-01;2.3750000e+02;-1.5246943e-01;2.3750000e+02;-7.1389325e-02;2.3750000e+02;-6.5530881e-02;2.3750000e+02;-3.9794393e-02;2.3750000e+02;4.0196292e-03;2.3750000e+02;6.5364398e-02;2.3750000e+02;1.4333133e-01;2.3750000e+02;1.8976608e-01;2.3750000e+02;2.0906481e-01;2.3750000e+02;2.0075160e-01;2.3750000e+02;2.2152668e-01;2.3750000e+02;1.7866154e-01;2.3750000e+02;1.2148182e-01;2.3750000e+02;7.0537977e-02;2.3750000e+02;2.0638898e-02;2.3750000e+02;-2.3953319e-02;2.3750000e+02;-6.5517776e-02;2.3750000e+02;-1.1133644e-01;2.3750000e+02;-1.5246943e-01;2.3750000e+02;-7.1389325e-02;2.3750000e+02;-6.5530881e-02;2.3750000e+02;-3.9794393e-02;2.3750000e+02;4.0196292e-03;2.3750000e+02;6.5364398e-02;2.3750000e+02;1.4333133e-01;2.3750000e+02;1.8976608e-01;2.3750000e+02;2.0906481e-01;2.3750000e+02;2.0075160e-01;2.3750000e+02;2.2152668e-01;2.3750000e+02;1.7866154e-01;2.3750000e+02;1.2148182e-01;2.3750000e+02;7.0537977e-02;2.3750000e+02;2.0638898e-02;2.3750000e+02;-2.3953319e-02;2.3750000e+02;-6.5517776e-02;2.3750000e+02;-1.1133644e-01;2.3750000e+02;-1.5246943e-01;2.3750000e+02;-7.1389325e-02;2.3750000e+02;-6.5530881e-02;2.3750000e+02;-3.9794393e-02;2.3750000e+02;4.0196292e-03;2.3750000e+02;6.5364398e-02;2.3750000e+02;1.4333133e-01;2.3750000e+02;1.8976608e-01;2.3750000e+02;2.0906481e-01;2.3750000e+02;2.0075160e-01;2.3750000e+02;2.2152668e-01;2.3750000e+02;1.7866154e-01;2.3750000e+02;1.2148182e-01;2.3750000e+02;7.0537977e-02;2.3750000e+02;2.0638898e-02;2.3750000e+02;-2.3953319e-02;2.3750000e+02;-6.5517776e-02;2.3750000e+02;-1.1133644e-01;2.3750000e+02;-1.5246943e-01;2.3750000e+02;-7.1389325e-02;2.3750000e+02;-6.5530881e-02;2.3750000e+02;-3.9794393e-02;2.3750000e+02;4.0196292e-03;2.3750000e+02;6.5364398e-02;2.3750000e+02;1.4333133e-01;2.3750000e+02;1.8976608e-01;2.3750000e+02;2.0906481e-01;2.3750000e+02;2.0075160e-01;2.3750000e+02;2.2152668e-01;2.3750000e+02;1.7866154e-01;2.3750000e+02;1.2148182e-01;2.3750000e+02;7.0537977e-02;2.3750000e+02;2.0638898e-02;2.3750000e+02;-2.3953319e-02;2.3750000e+02;-6.5517776e-02;2.3750000e+02;-1.1133644e-01;2.3750000e+02;-1.5246943e-01;2.3750000e+02;-7.1389325e-02;2.3750000e+02;-6.5530881e-02;2.3750000e+02;-3.9794393e-02;2.3750000e+02;4.0196292e-03;2.3750000e+02;6.5364398e-02;2.3750000e+02;1.4333133e-01;2.3750000e+02;1.8976608e-01;2.3750000e+02;2.0906481e-01;2.3750000e+02;2.0075160e-01;2.3750000e+02;2.2152668e-01;2.3750000e+02;1.7866154e-01;2.3750000e+02;1.2148182e-01;2.3750000e+02;7.0537977e-02;2.3750000e+02;2.0638898e-02;2.3750000e+02;-2.3953319e-02;2.3750000e+02;-6.5517776e-02;2.3750000e+02;-1.1133644e-01;2.3750000e+02;-1.5246943e-01;2.3750000e+02;-7.1389325e-02;2.3750000e+02;-6.5530881e-02;2.3750000e+02;-3.9794393e-02;2.3750000e+02;4.0196292e-03;2.3750000e+02;6.5364398e-02;2.3750000e+02;1.4333133e-01;2.3750000e+02;1.8976608e-01;2.3750000e+02;2.0906481e-01;2.3750000e+02;2.0075160e-01;2.3750000e+02;2.2152668e-01;2.3750000e+02;1.7866154e-01;2.3750000e+02;1.2148182e-01;2.3750000e+02;7.0537977e-02;2.3750000e+02;2.0638898e-02;2.3750000e+02;-2.3953319e-02;2.3750000e+02;-6.5517776e-02;2.3750000e+02;-1.1133644e-01;2.3750000e+02;-1.5246943e-01;2.3750000e+02;-7.1389325e-02;2.3750000e+02;-6.5530881e-02;2.3750000e+02;-3.9794393e-02;2.3750000e+02;4.0196292e-03;2.3750000e+02;6.5364398e-02;2.3750000e+02;1.4333133e-01;2.3750000e+02;1.8976608e-01;2.3750000e+02;2.0906481e-01;2.3750000e+02;2.0075160e-01;2.3750000e+02;2.2152668e-01;2.3750000e+02;1.7866154e-01;2.3750000e+02;1.2148182e-01;2.3750000e+02;7.0537977e-02;2.3750000e+02;2.0638898e-02;2.3750000e+02;-2.3953319e-02;2.3750000e+02;-6.5517776e-02;2.3750000e+02;-1.1133644e-01;2.3750000e+02;-1.5246943e-01;2.3750000e+02;-7.1389325e-02;2.3750000e+02;-6.5530881e-02;2.3750000e+02;-3.9794393e-02;2.3750000e+02;4.0196292e-03;2.3750000e+02;6.5364398e-02;2.3750000e+02;1.4333133e-01;2.3750000e+02;1.8976608e-01;2.3750000e+02;2.0906481e-01;2.3750000e+02;2.0075160e-01;2.3750000e+02;2.2152668e-01;2.3750000e+02;1.7866154e-01;2.3750000e+02;1.2148182e-01;2.3750000e+02;7.0537977e-02;2.3750000e+02;2.0638898e-02;2.3750000e+02;-2.3953319e-02;2.3750000e+02;-6.5517776e-02;2.3750000e+02;-1.1133644e-01;2.3750000e+02;-1.5246943e-01;2.3750000e+02;-7.1389325e-02;2.3750000e+02;-6.5530881e-02;2.3750000e+02;-3.9794393e-02;2.3750000e+02;4.0196292e-03;2.3750000e+02;6.5364398e-02;2.3750000e+02;1.4333133e-01;2.3750000e+02;1.8976608e-01;2.3750000e+02;2.0906481e-01;2.3750000e+02;2.0075160e-01;2.3750000e+02;2.2152668e-01;2.3750000e+02;1.7866154e-01;2.3750000e+02;1.2148182e-01;2.3750000e+02;7.0537977e-02;2.3750000e+02;2.0638898e-02;2.3750000e+02;-2.3953319e-02;2.3750000e+02;-6.5517776e-02;2.3750000e+02;-1.1133644e-01;2.3750000e+02;-1.5246943e-01;2.3750000e+02;-7.1389325e-02;2.3750000e+02;-6.5530881e-02;2.3750000e+02;-3.9794393e-02;2.3750000e+02;4.0196292e-03;2.3750000e+02;6.5364398e-02;2.3750000e+02;1.4333133e-01;2.3750000e+02;1.8976608e-01;2.3750000e+02;2.0906481e-01;2.3750000e+02;2.0075160e-01;2.3750000e+02;2.2152668e-01;2.3750000e+02;1.7866154e-01;2.3750000e+02;1.2148182e-01;2.3750000e+02;7.0537977e-02;2.3750000e+02;2.0638898e-02;2.3750000e+02;-2.3953319e-02;2.3750000e+02;-6.5517776e-02;2.3750000e+02;-1.1133644e-01;2.3750000e+02;-1.5246943e-01;2.3750000e+02;-7.1389325e-02;2.3750000e+02;-6.5530881e-02;2.3750000e+02;-3.9794393e-02;2.3750000e+02;4.0196292e-03;2.3750000e+02;6.5364398e-02;2.3750000e+02;1.4333133e-01;2.3750000e+02;1.8976608e-01;2.3750000e+02;2.0906481e-01;2.3750000e+02;2.0075160e-01;2.3750000e+02;2.2152668e-01;2.3750000e+02;1.7866154e-01;2.3750000e+02;1.2148182e-01;2.3750000e+02;7.0537977e-02;2.3750000e+02;2.0638898e-02;2.3750000e+02;-2.3953319e-02;2.3750000e+02;-6.5517776e-02;2.3750000e+02;-1.1133644e-01;2.3750000e+02;-1.5246943e-01;2.3750000e+02;-7.1389325e-02;2.3750000e+02;-6.5530881e-02;2.3750000e+02;-3.9794393e-02;2.3750000e+02;4.0196292e-03;2.3750000e+02;6.5364398e-02;2.3750000e+02;1.4333133e-01;2.3750000e+02;1.8976608e-01;2.3750000e+02;2.0906481e-01;2.3750000e+02;2.0075160e-01;2.3750000e+02;2.2152668e-01;2.3750000e+02;1.7866154e-01;2.3750000e+02;1.2148182e-01;2.3750000e+02;7.0537977e-02;2.3750000e+02;2.0638898e-02;2.3750000e+02;-2.3953319e-02;2.3750000e+02;-6.5517776e-02;2.3750000e+02;-1.1133644e-01;2.3750000e+02;-1.5246943e-01;2.3750000e+02;-7.1389325e-02;2.3750000e+02;-6.5530881e-02;2.3750000e+02;-3.9794393e-02;2.3750000e+02;4.0196292e-03;2.3750000e+02;6.5364398e-02;2.3750000e+02;1.4333133e-01;2.3750000e+02;1.8976608e-01;2.3750000e+02;2.0906481e-01;2.3750000e+02;2.0075160e-01;2.3750000e+02;2.2152668e-01;2.3750000e+02;1.7866154e-01;2.3750000e+02;1.2148182e-01;2.3750000e+02;7.0537977e-02;2.3750000e+02;2.0638898e-02;2.3750000e+02;-2.3953319e-02;2.3750000e+02;-6.5517776e-02;2.3750000e+02;-1.1133644e-01;2.3750000e+02;-1.5246943e-01;2.3750000e+02;-7.1389325e-02;2.3750000e+02;-6.5530881e-02;2.3750000e+02;-3.9794393e-02;2.3750000e+02;4.0196292e-03;2.3750000e+02;6.5364398e-02;2.3750000e+02;1.4333133e-01;2.3750000e+02;1.8976608e-01;2.3750000e+02;2.0906481e-01;2.3750000e+02;2.0075160e-01;2.3750000e+02;2.2152668e-01;2.3750000e+02;1.7866154e-01;2.3750000e+02;1.2148182e-01;2.3750000e+02;7.0537977e-02;2.3750000e+02;2.0638898e-02;2.3750000e+02;-2.3953319e-02;2.3750000e+02;-6.5517776e-02;2.3750000e+02;-1.1133644e-01;2.3750000e+02;-1.5246943e-01;2.3750000e+02;-7.1389325e-02;2.3750000e+02;-6.5530881e-02;2.3750000e+02;-3.9794393e-02;2.3750000e+02;4.0196292e-03;2.3750000e+02;6.5364398e-02;2.3750000e+02;1.4333133e-01;2.3750000e+02;1.8976608e-01;2.3750000e+02;2.0906481e-01;2.3750000e+02;2.0075160e-01;2.3750000e+02;2.2152668e-01;2.3750000e+02;1.7866154e-01;2.3750000e+02;1.2148182e-01;2.3750000e+02;7.0537977e-02;2.3750000e+02;2.0638898e-02;2.3750000e+02;-2.3953319e-02;2.3750000e+02;-6.5517776e-02;2.3750000e+02;-1.1133644e-01;2.3750000e+02;-1.5246943e-01;2.3750000e+02;-7.1389325e-02;2.3750000e+02;-6.5530881e-02;2.3750000e+02;-3.9794393e-02;2.3750000e+02;4.0196292e-03;2.3750000e+02;6.5364398e-02;2.3750000e+02;1.4333133e-01;2.3750000e+02;1.8976608e-01;2.3750000e+02;2.0906481e-01;2.3750000e+02;2.0075160e-01;2.3750000e+02;2.2152668e-01;2.3750000e+02;1.7866154e-01;2.3750000e+02;1.2148182e-01;2.3750000e+02;7.0537977e-02;2.3750000e+02;2.0638898e-02;2.3750000e+02;-2.3953319e-02;2.3750000e+02;-6.5517776e-02;2.3750000e+02;-1.1133644e-01;2.3750000e+02;-1.5246943e-01;2.3750000e+02;-7.1389325e-02;2.3750000e+02;-6.5530881e-02;2.3750000e+02;-3.9794393e-02;2.3750000e+02;4.0196292e-03;2.3750000e+02;6.5364398e-02;2.3750000e+02;1.4333133e-01;2.3750000e+02;1.8976608e-01;2.3750000e+02;2.0906481e-01;2.3750000e+02;2.0075160e-01;2.3750000e+02;2.2152668e-01;2.3750000e+02;1.7866154e-01;2.3750000e+02;1.2148182e-01;2.3750000e+02;7.0537977e-02;2.3750000e+02;2.0638898e-02;2.3750000e+02;-2.3953319e-02;2.3750000e+02;-6.5517776e-02;2.3750000e+02;-1.1133644e-01;2.3750000e+02;-1.5246943e-01;2.3750000e+02;-7.1389325e-02;2.3750000e+02;-6.5530881e-02;2.3750000e+02;-3.9794393e-02;2.3750000e+02;4.0196292e-03;2.3750000e+02;6.5364398e-02;2.3750000e+02;1.4333133e-01;2.3750000e+02;1.8976608e-01;2.3750000e+02;2.0906481e-01;2.3750000e+02;2.0075160e-01;2.3750000e+02;2.2152668e-01;2.3750000e+02;1.7866154e-01;2.3750000e+02;1.2148182e-01;2.3750000e+02;7.0537977e-02;2.3750000e+02;2.0638898e-02;2.3750000e+02;-2.3953319e-02;2.3750000e+02;-6.5517776e-02;2.3750000e+02;-1.1133644e-01;2.3750000e+02;-1.5246943e-01;2.3750000e+02;-7.1389325e-02;2.3750000e+02;-6.5530881e-02;2.3750000e+02;-3.9794393e-02;2.3750000e+02;4.0196292e-03;2.3750000e+02;6.5364398e-02;2.3750000e+02;1.4333133e-01;2.3750000e+02;1.8976608e-01;2.3750000e+02;2.0906481e-01;2.3750000e+02;2.0075160e-01;2.3750000e+02;2.2152668e-01;2.3750000e+02;1.7866154e-01;2.3750000e+02;1.2148182e-01;2.3750000e+02;7.0537977e-02;2.3750000e+02;2.0638898e-02;2.3750000e+02;-2.3953319e-02;2.3750000e+02;-6.5517776e-02;2.3750000e+02;-1.1133644e-01;2.3750000e+02;-1.5246943e-01;2.3750000e+02;-7.1389325e-02;2.3750000e+02;-6.5530881e-02;2.3750000e+02;-3.9794393e-02;2.3750000e+02;4.0196292e-03;2.3750000e+02;6.5364398e-02;2.3750000e+02;1.4333133e-01;2.3750000e+02;1.8976608e-01;2.3750000e+02;2.0906481e-01;2.3750000e+02;2.0075160e-01;2.3750000e+02;2.2152668e-01;2.3750000e+02;1.7866154e-01;2.3750000e+02;1.2148182e-01;2.3750000e+02;7.0537977e-02;2.3750000e+02;2.0638898e-02;2.3750000e+02;-2.3953319e-02;2.3750000e+02;-6.5517776e-02;2.3750000e+02;-1.1133644e-01;2.3750000e+02;-1.5246943e-01;2.3750000e+02;-7.1389325e-02;2.3750000e+02;-6.5530881e-02;2.3750000e+02;-3.9794393e-02;2.3750000e+02;4.0196292e-03;2.3750000e+02;6.5364398e-02;2.3750000e+02;1.4333133e-01;2.3750000e+02;1.8976608e-01;2.3750000e+02;2.0906481e-01;2.3750000e+02;2.0075160e-01;2.3750000e+02;2.2152668e-01;2.3750000e+02;1.7866154e-01;2.3750000e+02;1.2148182e-01;2.3750000e+02;7.0537977e-02;2.3750000e+02;2.0638898e-02;2.3750000e+02;-2.3953319e-02;2.3750000e+02;-6.5517776e-02;2.3750000e+02;-1.1133644e-01;2.3750000e+02;-1.5246943e-01;2.3750000e+02;-7.1389325e-02;2.3750000e+02;-6.5530881e-02;2.3750000e+02;-3.9794393e-02;2.3750000e+02;4.0196292e-03;2.3750000e+02;6.5364398e-02;2.3750000e+02;1.4333133e-01;2.3750000e+02;1.8976608e-01;2.3750000e+02;2.0906481e-01;2.3750000e+02;2.0075160e-01;2.3750000e+02;2.2152668e-01;2.3750000e+02;1.7866154e-01;2.3750000e+02;1.2148182e-01;2.3750000e+02;7.0537977e-02;2.3750000e+02;2.0638898e-02;2.3750000e+02;-2.3953319e-02;2.3750000e+02;-6.5517776e-02;2.3750000e+02;-1.1133644e-01;2.3750000e+02;-1.5246943e-01;2.3750000e+02;-7.1389325e-02;2.3750000e+02;-6.5530881e-02;2.3750000e+02;-3.9794393e-02;2.3750000e+02;4.0196292e-03;2.3750000e+02;6.5364398e-02;2.3750000e+02;1.4333133e-01;2.3750000e+02;1.8976608e-01;2.3750000e+02;2.0906481e-01;2.3750000e+02;2.0075160e-01;2.3750000e+02;2.2152668e-01;2.3750000e+02;1.7866154e-01;2.3750000e+02;1.2148182e-01;2.3750000e+02;7.0537977e-02;2.3750000e+02;2.0638898e-02;2.3750000e+02;-2.3953319e-02;2.3750000e+02;-6.5517776e-02;2.3750000e+02;-1.1133644e-01;2.3750000e+02;-1.5246943e-01;2.3750000e+02;-7.1389325e-02;2.3750000e+02;-6.5530881e-02;2.3750000e+02;-3.9794393e-02;2.3750000e+02;4.0196292e-03;2.3750000e+02;6.5364398e-02;2.3750000e+02;1.4333133e-01;2.3750000e+02;1.8976608e-01;2.3750000e+02;2.0906481e-01;2.3750000e+02;2.0075160e-01;2.3750000e+02;2.2152668e-01;2.3750000e+02;1.7866154e-01;2.3750000e+02;1.2148182e-01;2.3750000e+02;7.0537977e-02;2.3750000e+02;2.0638898e-02;2.3750000e+02;-2.3953319e-02;2.3750000e+02;-6.5517776e-02;2.3750000e+02;-1.1133644e-01;2.3750000e+02;-1.5246943e-01;2.3750000e+02;-7.1389325e-02;2.3750000e+02;-6.5530881e-02;2.3750000e+02;-3.9794393e-02;2.3750000e+02;4.0196292e-03;2.3750000e+02;6.5364398e-02;2.3750000e+02;1.4333133e-01;2.3750000e+02;1.8976608e-01;2.3750000e+02;2.0906481e-01;2.3750000e+02;2.0075160e-01;2.3750000e+02;2.2152668e-01;2.3750000e+02;1.7866154e-01;2.3750000e+02;1.2148182e-01;2.3750000e+02;7.0537977e-02;2.3750000e+02;2.0638898e-02;2.3750000e+02;-2.3953319e-02;2.3750000e+02;-6.5517776e-02;2.3750000e+02;-1.1133644e-01;2.3750000e+02;-1.5246943e-01;2.3750000e+02;-7.1389325e-02;2.3750000e+02;-6.5530881e-02;2.3750000e+02;-3.9794393e-02;2.3750000e+02;4.0196292e-03;2.3750000e+02;6.5364398e-02;2.3750000e+02;1.4333133e-01;2.3750000e+02;1.8976608e-01;2.3750000e+02;2.0906481e-01;2.3750000e+02;2.0075160e-01;2.3750000e+02;2.2152668e-01;2.3750000e+02;1.7866154e-01;2.3750000e+02;1.2148182e-01;2.3750000e+02;7.0537977e-02;2.3750000e+02;2.0638898e-02;2.3750000e+02;-2.3953319e-02;2.3750000e+02;-6.5517776e-02;2.3750000e+02;-1.1133644e-01;2.3750000e+02;-1.5246943e-01;2.3750000e+02;-7.1389325e-02;2.3750000e+02;-6.5530881e-02;2.3750000e+02;-3.9794393e-02;2.3750000e+02;4.0196292e-03;2.3750000e+02;6.5364398e-02;2.3750000e+02;1.4333133e-01;2.3750000e+02;1.8976608e-01;2.3750000e+02;2.0906481e-01;2.3750000e+02;2.0075160e-01;2.3750000e+02;2.2152668e-01;2.3750000e+02;1.7866154e-01;2.3750000e+02;1.2148182e-01;2.3750000e+02;7.0537977e-02;2.3750000e+02;2.0638898e-02;2.3750000e+02;-2.3953319e-02;2.3750000e+02;-6.5517776e-02;2.3750000e+02;-1.1133644e-01;2.3750000e+02;-1.5246943e-01;2.3750000e+02;-7.1389325e-02;2.3750000e+02;-6.5530881e-02;2.3750000e+02;-3.9794393e-02;2.3750000e+02;4.0196292e-03;2.3750000e+02;6.5364398e-02;2.3750000e+02;1.4333133e-01;2.3750000e+02;1.8976608e-01;2.3750000e+02;2.0906481e-01;2.3750000e+02;2.0075160e-01;2.3750000e+02;2.2152668e-01;2.3750000e+02;1.7866154e-01;2.3750000e+02;1.2148182e-01;2.3750000e+02;7.0537977e-02;2.3750000e+02;2.0638898e-02;2.3750000e+02;-2.3953319e-02;2.3750000e+02;-6.5517776e-02;2.3750000e+02;-1.1133644e-01;2.3750000e+02;-1.5246943e-01;2.3750000e+02;-7.1389325e-02;2.3750000e+02;-6.5530881e-02;2.3750000e+02;-3.9794393e-02;2.3750000e+02;4.0196292e-03;2.3750000e+02;6.5364398e-02;2.3750000e+02;1.4333133e-01;2.3750000e+02;1.8976608e-01;2.3750000e+02;2.0906481e-01;2.3750000e+02;2.0075160e-01;2.3750000e+02;2.2152668e-01;2.3750000e+02;1.7866154e-01;2.3750000e+02;1.2148182e-01;2.3750000e+02;7.0537977e-02;2.3750000e+02;2.0638898e-02;2.3750000e+02;-2.3953319e-02;2.3750000e+02;-6.5517776e-02;2.3750000e+02;-1.1133644e-01;2.3750000e+02;-1.5246943e-01;2.3750000e+02;-7.1389325e-02;2.3750000e+02;-6.5530881e-02;2.3750000e+02;-3.9794393e-02;2.3750000e+02;4.0196292e-03;2.3750000e+02;6.5364398e-02;2.3750000e+02;1.4333133e-01;2.3750000e+02;1.8976608e-01;2.3750000e+02;2.0906481e-01;2.3750000e+02;2.0075160e-01;2.3750000e+02;2.2152668e-01;2.3750000e+02;1.7866154e-01;2.3750000e+02;1.2148182e-01;2.3750000e+02;7.0537977e-02;2.3750000e+02;2.0638898e-02;2.3750000e+02;-2.3953319e-02;2.3750000e+02;-6.5517776e-02;2.3750000e+02;-1.1133644e-01;2.3750000e+02;-1.5246943e-01;2.3750000e+02;-7.1389325e-02;2.3750000e+02;-6.5530881e-02;2.3750000e+02;-3.9794393e-02;2.3750000e+02;4.0196292e-03;2.3750000e+02;6.5364398e-02;2.3750000e+02;1.4333133e-01;2.3750000e+02;1.8976608e-01;2.3750000e+02;2.0906481e-01;2.3750000e+02;2.0075160e-01;2.3750000e+02;2.2152668e-01;2.3750000e+02;1.7866154e-01;2.3750000e+02;1.2148182e-01;2.3750000e+02;7.0537977e-02;2.3750000e+02;2.0638898e-02;2.3750000e+02;-2.3953319e-02;2.3750000e+02;-6.5517776e-02;2.3750000e+02;-1.1133644e-01;2.3750000e+02;-1.5246943e-01;2.3750000e+02;-7.1389325e-02;2.3750000e+02;-6.5530881e-02;2.3750000e+02;-3.9794393e-02;2.3750000e+02;4.0196292e-03;2.3750000e+02;6.5364398e-02;2.3750000e+02;1.4333133e-01;2.3750000e+02;1.8976608e-01;2.3750000e+02;2.0906481e-01;2.3750000e+02;2.0075160e-01;2.3750000e+02;2.2152668e-01;2.3750000e+02;1.7866154e-01;2.3750000e+02;1.2148182e-01;2.3750000e+02;7.0537977e-02;2.3750000e+02;2.0638898e-02;2.3750000e+02;-2.3953319e-02;2.3750000e+02;-6.5517776e-02;2.3750000e+02;-1.1133644e-01;2.3750000e+02;-1.5246943e-01;2.3750000e+02;-7.1389325e-02;2.3750000e+02;-6.5530881e-02;2.3750000e+02;-3.9794393e-02;2.3750000e+02;4.0196292e-03;2.3750000e+02;6.5364398e-02;2.3750000e+02;1.4333133e-01;2.3750000e+02;1.8976608e-01;2.3750000e+02;2.0906481e-01;2.3750000e+02;2.0075160e-01;2.3750000e+02;2.2152668e-01;2.3750000e+02;1.7866154e-01;2.3750000e+02;1.2148182e-01;2.3750000e+02;7.0537977e-02;2.3750000e+02;2.0638898e-02;2.3750000e+02;-2.3953319e-02;2.3750000e+02;-6.5517776e-02;2.3750000e+02;-1.1133644e-01;2.3750000e+02;-1.5246943e-01;2.3750000e+02;-7.1389325e-02;2.3750000e+02;-6.5530881e-02;2.3750000e+02;-3.9794393e-02;2.3750000e+02;4.0196292e-03;2.3750000e+02;6.5364398e-02;2.3750000e+02;1.4333133e-01;2.3750000e+02;1.8976608e-01;2.3750000e+02;2.0906481e-01;2.3750000e+02;2.0075160e-01;2.3750000e+02;2.2152668e-01;2.3750000e+02;1.7866154e-01;2.3750000e+02;1.2148182e-01;2.3750000e+02;7.0537977e-02;2.3750000e+02;2.0638898e-02;2.3750000e+02;-2.3953319e-02;2.3750000e+02;-6.5517776e-02;2.3750000e+02;-1.1133644e-01;2.3750000e+02;-1.5246943e-01;2.3750000e+02;-7.1389325e-02;2.3750000e+02;-6.5530881e-02;2.3750000e+02;-3.9794393e-02;2.3750000e+02;4.0196292e-03;2.3750000e+02;6.5364398e-02;2.3750000e+02;1.4333133e-01;2.3750000e+02;1.8976608e-01;2.3750000e+02;2.0906481e-01;2.3750000e+02;2.0075160e-01;2.3750000e+02;2.2152668e-01;2.3750000e+02;1.7866154e-01;2.3750000e+02;1.2148182e-01;2.3750000e+02;7.0537977e-02;2.3750000e+02;2.0638898e-02;2.3750000e+02;-2.3953319e-02;2.3750000e+02;-6.5517776e-02;2.3750000e+02;-1.1133644e-01;2.3750000e+02;-1.5246943e-01;2.3750000e+02;-7.1389325e-02;2.3750000e+02;-6.5530881e-02;2.3750000e+02;-3.9794393e-02;2.3750000e+02;4.0196292e-03;2.3750000e+02;6.5364398e-02;2.3750000e+02;1.4333133e-01;2.3750000e+02;1.8976608e-01;2.3750000e+02;2.0906481e-01;2.3750000e+02;2.0075160e-01;2.3750000e+02;2.2152668e-01;2.3750000e+02;1.7866154e-01;2.3750000e+02;1.2148182e-01;2.3750000e+02;7.0537977e-02;2.3750000e+02;2.0638898e-02;2.3750000e+02;-2.3953319e-02;2.3750000e+02;-6.5517776e-02;2.3750000e+02;-1.1133644e-01;2.3750000e+02;-1.5246943e-01;2.3750000e+02;-7.1389325e-02;2.3750000e+02;-6.5530881e-02;2.3750000e+02;-3.9794393e-02;2.3750000e+02;4.0196292e-03;2.3750000e+02;6.5364398e-02;2.3750000e+02;1.4333133e-01;2.3750000e+02;1.8976608e-01;2.3750000e+02;2.0906481e-01;2.3750000e+02;2.0075160e-01;2.3750000e+02;2.2152668e-01;2.3750000e+02;1.7866154e-01;2.3750000e+02;1.2148182e-01;2.3750000e+02;7.0537977e-02;2.3750000e+02;2.0638898e-02;2.3750000e+02;-2.3953319e-02;2.3750000e+02;-6.5517776e-02;2.3750000e+02;-1.1133644e-01;2.3750000e+02;-1.5246943e-01;2.3750000e+02;-7.1389325e-02;2.3750000e+02;-6.5530881e-02;2.3750000e+02;-3.9794393e-02;2.3750000e+02;4.0196292e-03;2.3750000e+02;6.5364398e-02;2.3750000e+02;1.4333133e-01;2.3750000e+02;1.8976608e-01;2.3750000e+02;2.0906481e-01;2.3750000e+02;2.0075160e-01;2.3750000e+02;2.2152668e-01;2.3750000e+02;1.7866154e-01;2.3750000e+02;1.2148182e-01;2.3750000e+02;7.0537977e-02;2.3750000e+02;2.0638898e-02;2.3750000e+02;-2.3953319e-02;2.3750000e+02;-6.5517776e-02;2.3750000e+02;-1.1133644e-01;2.3750000e+02;-1.5246943e-01;2.3750000e+02;-7.1389325e-02;2.3750000e+02;-6.5530881e-02;2.3750000e+02;-3.9794393e-02;2.3750000e+02;4.0196292e-03;2.3750000e+02;6.5364398e-02;2.3750000e+02;1.4333133e-01;2.3750000e+02;1.8976608e-01;2.3750000e+02;2.0906481e-01;2.3750000e+02;2.0075160e-01;2.3750000e+02;2.2152668e-01;2.3750000e+02;1.7866154e-01;2.3750000e+02;1.2148182e-01;2.3750000e+02;7.0537977e-02;2.3750000e+02;2.0638898e-02;2.3750000e+02;-2.3953319e-02;2.3750000e+02;-6.5517776e-02;2.3750000e+02;-1.1133644e-01;2.3750000e+02;-1.5246943e-01;2.3750000e+02;-7.1389325e-02;2.3750000e+02;-6.5530881e-02;2.3750000e+02;-3.9794393e-02;2.3750000e+02;4.0196292e-03;2.3750000e+02;6.5364398e-02;2.3750000e+02;1.4333133e-01;2.3750000e+02;1.8976608e-01;2.3750000e+02;2.0906481e-01;2.3750000e+02;2.0075160e-01;2.3750000e+02;2.2152668e-01;2.3750000e+02;1.7866154e-01;2.3750000e+02;1.2148182e-01;2.3750000e+02;7.0537977e-02;2.3750000e+02;2.0638898e-02;2.3750000e+02;-2.3953319e-02;2.3750000e+02;-6.5517776e-02;2.3750000e+02;-1.1133644e-01;2.3750000e+02;-1.5246943e-01;2.3750000e+02;-7.1389325e-02;2.3750000e+02;-6.5530881e-02;2.3750000e+02;-3.9794393e-02;2.3750000e+02;4.0196292e-03;2.3750000e+02;6.5364398e-02;2.3750000e+02;1.4333133e-01;2.3750000e+02;1.8976608e-01;2.3750000e+02;2.0906481e-01;2.3750000e+02;2.0075160e-01;2.3750000e+02;2.2152668e-01;2.3750000e+02;1.7866154e-01;2.3750000e+02;1.2148182e-01;2.3750000e+02;7.0537977e-02;2.3750000e+02;2.0638898e-02;2.3750000e+02;-2.3953319e-02;2.3750000e+02;-6.5517776e-02;2.3750000e+02;-1.1133644e-01;2.3750000e+02;-1.5246943e-01;2.3750000e+02;-7.1389325e-02;2.3750000e+02;-6.5530881e-02;2.3750000e+02;-3.9794393e-02;2.3750000e+02;4.0196292e-03;2.3750000e+02;6.5364398e-02;2.3750000e+02;1.4333133e-01;2.3750000e+02;1.8976608e-01;2.3750000e+02;2.0906481e-01;2.3750000e+02;2.0075160e-01;2.3750000e+02;2.2152668e-01;2.3750000e+02;1.7866154e-01;2.3750000e+02;1.2148182e-01;2.3750000e+02;7.0537977e-02;2.3750000e+02;2.0638898e-02;2.3750000e+02;-2.3953319e-02;2.3750000e+02;-6.5517776e-02;2.3750000e+02;-1.1133644e-01;2.3750000e+02;-1.5246943e-01;2.3750000e+02;-7.1389325e-02;2.3750000e+02;-6.5530881e-02;2.3750000e+02;-3.9794393e-02;2.3750000e+02;4.0196292e-03;2.3750000e+02;6.5364398e-02;2.3750000e+02;1.4333133e-01;2.3750000e+02;1.8976608e-01;2.3750000e+02;2.0906481e-01;2.3750000e+02;2.0075160e-01;2.3750000e+02;2.2152668e-01;2.3750000e+02;1.7866154e-01;2.3750000e+02;1.2148182e-01;2.3750000e+02;7.0537977e-02;2.3750000e+02;2.0638898e-02;2.3750000e+02;-2.3953319e-02;2.3750000e+02;-6.5517776e-02;2.3750000e+02;-1.1133644e-01;2.3750000e+02;-1.5246943e-01;2.3750000e+02;-7.1389325e-02;2.3750000e+02;-6.5530881e-02;2.3750000e+02;-3.9794393e-02;2.3750000e+02;4.0196292e-03;2.3750000e+02;6.5364398e-02;2.3750000e+02;1.4333133e-01;2.3750000e+02;1.8976608e-01;2.3750000e+02;2.0906481e-01;2.3750000e+02;2.0075160e-01;2.3750000e+02;2.2152668e-01;2.3750000e+02;1.7866154e-01;2.3750000e+02;1.2148182e-01;2.3750000e+02;7.0537977e-02;2.3750000e+02;2.0638898e-02;2.3750000e+02;-2.3953319e-02;2.3750000e+02;-6.5517776e-02;2.3750000e+02;-1.1133644e-01;2.3750000e+02;-1.5246943e-01;2.3750000e+02;-7.1389325e-02;2.3750000e+02;-6.5530881e-02;2.3750000e+02;-3.9794393e-02;2.3750000e+02;4.0196292e-03;2.3750000e+02;6.5364398e-02;2.3750000e+02;1.4333133e-01;2.3750000e+02;1.8976608e-01;2.3750000e+02;2.0906481e-01;2.3750000e+02;2.0075160e-01;2.3750000e+02;2.2152668e-01;2.3750000e+02;1.7866154e-01;2.3750000e+02;1.2148182e-01;2.3750000e+02;7.0537977e-02;2.3750000e+02;2.0638898e-02;2.3750000e+02;-2.3953319e-02;2.3750000e+02;-6.5517776e-02;2.3750000e+02;-1.1133644e-01;2.3750000e+02;-1.5246943e-01;2.3750000e+02;-7.1389325e-02;2.3750000e+02;-6.5530881e-02;2.3750000e+02;-3.9794393e-02;2.3750000e+02;4.0196292e-03;2.3750000e+02;6.5364398e-02;2.3750000e+02;1.4333133e-01;2.3750000e+02;1.8976608e-01;2.3750000e+02;2.0906481e-01;2.3750000e+02;2.0075160e-01;2.3750000e+02;2.2152668e-01;2.3750000e+02;1.7866154e-01;2.3750000e+02;1.2148182e-01;2.3750000e+02;7.0537977e-02;2.3750000e+02;2.0638898e-02;2.3750000e+02;-2.3953319e-02;2.3750000e+02;-6.5517776e-02;2.3750000e+02;-1.1133644e-01;2.3750000e+02;-1.5246943e-01;2.3750000e+02;-7.1389325e-02;2.3750000e+02;-6.5530881e-02;2.3750000e+02;-3.9794393e-02;2.3750000e+02;4.0196292e-03;2.3750000e+02;6.5364398e-02;2.3750000e+02;1.4333133e-01;2.3750000e+02;1.8976608e-01;2.3750000e+02;2.0906481e-01;2.3750000e+02;2.0075160e-01;2.3750000e+02;2.2152668e-01;2.3750000e+02;1.7866154e-01;2.3750000e+02;1.2148182e-01;2.3750000e+02;7.0537977e-02;2.3750000e+02;2.0638898e-02;2.3750000e+02;-2.3953319e-02;2.3750000e+02;-6.5517776e-02;2.3750000e+02;-1.1133644e-01;2.3750000e+02;-1.5246943e-01;2.3750000e+02;-7.1389325e-02;2.3750000e+02;-6.5530881e-02;2.3750000e+02;-3.9794393e-02;2.3750000e+02;4.0196292e-03;2.3750000e+02;6.5364398e-02;2.3750000e+02;1.4333133e-01;2.3750000e+02;1.8976608e-01;2.3750000e+02;2.0906481e-01;2.3750000e+02;2.0075160e-01;2.3750000e+02;2.2152668e-01;2.3750000e+02;1.7866154e-01;2.3750000e+02;1.2148182e-01;2.3750000e+02;7.0537977e-02;2.3750000e+02;2.0638898e-02;2.3750000e+02;-2.3953319e-02;2.3750000e+02;-6.5517776e-02;2.3750000e+02;-1.1133644e-01;2.3750000e+02;-1.5246943e-01;2.3750000e+02;-7.1389325e-02;2.3750000e+02;-6.5530881e-02;2.3750000e+02;-3.9794393e-02;2.3750000e+02;4.0196292e-03;2.3750000e+02;6.5364398e-02;2.3750000e+02;1.4333133e-01;2.3750000e+02;1.8976608e-01;2.3750000e+02;2.0906481e-01;2.3750000e+02;2.0075160e-01;2.3750000e+02;2.2152668e-01;2.3750000e+02;1.7866154e-01;2.3750000e+02;1.2148182e-01;2.3750000e+02;7.0537977e-02;2.3750000e+02;2.0638898e-02;2.3750000e+02;-2.3953319e-02;2.3750000e+02;-6.5517776e-02;2.3750000e+02;-1.1133644e-01;2.3750000e+02;-1.5246943e-01;2.3750000e+02;-7.1389325e-02;2.3750000e+02;-6.5530881e-02;2.3750000e+02;-3.9794393e-02;2.3750000e+02;4.0196292e-03;2.3750000e+02;6.5364398e-02;2.3750000e+02;1.4333133e-01;2.3750000e+02;1.8976608e-01;2.3750000e+02;2.0906481e-01;2.3750000e+02;2.0075160e-01;2.3750000e+02;2.2152668e-01;2.3750000e+02;1.7866154e-01;2.3750000e+02;1.2148182e-01;2.3750000e+02;7.0537977e-02;2.3750000e+02;2.0638898e-02;2.3750000e+02;-2.3953319e-02;2.3750000e+02;-6.5517776e-02;2.3750000e+02;-1.1133644e-01;2.3750000e+02;-1.5246943e-01;2.3750000e+02;-7.1389325e-02;2.3750000e+02;-6.5530881e-02;2.3750000e+02;-3.9794393e-02;2.3750000e+02;4.0196292e-03;2.3750000e+02;6.5364398e-02;2.3750000e+02;1.4333133e-01;2.3750000e+02;1.8976608e-01;2.3750000e+02;2.0906481e-01;2.3750000e+02;2.0075160e-01;2.3750000e+02;2.2152668e-01;2.3750000e+02;1.7866154e-01;2.3750000e+02;1.2148182e-01;2.3750000e+02;7.0537977e-02;2.3750000e+02;2.0638898e-02;2.3750000e+02;-2.3953319e-02;2.3750000e+02;-6.5517776e-02;2.3750000e+02;-1.1133644e-01;2.3750000e+02;-1.5246943e-01;2.3750000e+02;-7.1389325e-02;2.3750000e+02;-6.5530881e-02;2.3750000e+02;-3.9794393e-02;2.3750000e+02;4.0196292e-03;2.3750000e+02;6.5364398e-02;2.3750000e+02;1.4333133e-01;2.3750000e+02;1.8976608e-01;2.3750000e+02;2.0906481e-01;2.3750000e+02;2.0075160e-01;2.3750000e+02;2.2152668e-01;2.3750000e+02;1.7866154e-01;2.3750000e+02;1.2148182e-01;2.3750000e+02;7.0537977e-02;2.3750000e+02;2.0638898e-02;2.3750000e+02;-2.3953319e-02;2.3750000e+02;-6.5517776e-02;2.3750000e+02;-1.1133644e-01;2.3750000e+02;-1.5246943e-01;2.3750000e+02;-7.1389325e-02;2.3750000e+02;-6.5530881e-02;2.3750000e+02;-3.9794393e-02;2.3750000e+02;4.0196292e-03;2.3750000e+02;6.5364398e-02;2.3750000e+02;1.4333133e-01;2.3750000e+02;1.8976608e-01;2.3750000e+02;2.0906481e-01;2.3750000e+02;2.0075160e-01;2.3750000e+02;2.2152668e-01;2.3750000e+02;1.7866154e-01;2.3750000e+02;1.2148182e-01;2.3750000e+02;7.0537977e-02;2.3750000e+02;2.0638898e-02;2.3750000e+02;-2.3953319e-02;2.3750000e+02;-6.5517776e-02;2.3750000e+02;-1.1133644e-01;2.3750000e+02;-1.5246943e-01;2.3750000e+02;-7.1389325e-02;2.3750000e+02;-6.5530881e-02;2.3750000e+02;-3.9794393e-02;2.3750000e+02;4.0196292e-03;2.3750000e+02;6.5364398e-02;2.3750000e+02;1.4333133e-01;2.3750000e+02;1.8976608e-01;2.3750000e+02;2.0906481e-01;2.3750000e+02;2.0075160e-01;2.3750000e+02;2.2152668e-01;2.3750000e+02;1.7866154e-01;2.3750000e+02;1.2148182e-01;2.3750000e+02;7.0537977e-02;2.3750000e+02;2.0638898e-02;2.3750000e+02;-2.3953319e-02;2.3750000e+02;-6.5517776e-02;2.3750000e+02;-1.1133644e-01;2.3750000e+02;-1.5246943e-01;2.3750000e+02;-7.1389325e-02;2.3750000e+02;-6.5530881e-02;2.3750000e+02;-3.9794393e-02;2.3750000e+02;4.0196292e-03;2.3750000e+02;6.5364398e-02;2.3750000e+02;1.4333133e-01;2.3750000e+02;1.8976608e-01;2.3750000e+02;2.0906481e-01;2.3750000e+02;2.0075160e-01;2.3750000e+02;2.2152668e-01;2.3750000e+02;1.7866154e-01;2.3750000e+02;1.2148182e-01;2.3750000e+02;7.0537977e-02;2.3750000e+02;2.0638898e-02;2.3750000e+02;-2.3953319e-02;2.3750000e+02;-6.5517776e-02;2.3750000e+02;-1.1133644e-01;2.3750000e+02;-1.5246943e-01;2.3750000e+02;-7.1389325e-02;2.3750000e+02;-6.5530881e-02;2.3750000e+02;-3.9794393e-02;2.3750000e+02;4.0196292e-03;2.3750000e+02;6.5364398e-02;2.3750000e+02;1.4333133e-01;2.3750000e+02;1.8976608e-01;2.3750000e+02;2.0906481e-01;2.3750000e+02;2.0075160e-01;2.3750000e+02;2.2152668e-01;2.3750000e+02;1.7866154e-01;2.3750000e+02;1.2148182e-01;2.3750000e+02;7.0537977e-02;2.3750000e+02;2.0638898e-02;2.3750000e+02;-2.3953319e-02;2.3750000e+02;-6.5517776e-02;2.3750000e+02;-1.1133644e-01;2.3750000e+02;-1.5246943e-01;2.3750000e+02;-7.1389325e-02;2.3750000e+02;-6.5530881e-02;2.3750000e+02;-3.9794393e-02;2.3750000e+02;4.0196292e-03;2.3750000e+02;6.5364398e-02;2.3750000e+02;1.4333133e-01;2.3750000e+02;1.8976608e-01;2.3750000e+02;2.0906481e-01;2.3750000e+02;2.0075160e-01;2.3750000e+02;2.2152668e-01;2.3750000e+02;1.7866154e-01;2.3750000e+02;1.2148182e-01;2.3750000e+02;7.0537977e-02;2.3750000e+02;2.0638898e-02;2.3750000e+02;-2.3953319e-02;2.3750000e+02;-6.5517776e-02;2.3750000e+02;-1.1133644e-01;2.3750000e+02;-1.5246943e-01;2.3750000e+02;-7.1389325e-02;2.3750000e+02;-6.5530881e-02;2.3750000e+02;-3.9794393e-02;2.3750000e+02;4.0196292e-03;2.3750000e+02;6.5364398e-02;2.3750000e+02;1.4333133e-01;2.3750000e+02;1.8976608e-01;2.3750000e+02;2.0906481e-01;2.3750000e+02;2.0075160e-01;2.3750000e+02;2.2152668e-01;2.3750000e+02;1.7866154e-01;2.3750000e+02;1.2148182e-01;2.3750000e+02;7.0537977e-02;2.3750000e+02;2.0638898e-02;2.3750000e+02;-2.3953319e-02;2.3750000e+02;-6.5517776e-02;2.3750000e+02;-1.1133644e-01;2.3750000e+02;-1.5246943e-01;2.3750000e+02;-7.1389325e-02;2.3750000e+02;-6.5530881e-02;2.3750000e+02;-3.9794393e-02;2.3750000e+02;4.0196292e-03;2.3750000e+02;6.5364398e-02;2.3750000e+02;1.4333133e-01;2.3750000e+02;1.8976608e-01;2.3750000e+02;2.0906481e-01;2.3750000e+02;2.0075160e-01;2.3750000e+02;2.2152668e-01;2.3750000e+02;1.7866154e-01;2.3750000e+02;1.2148182e-01;2.3750000e+02;7.0537977e-02;2.3750000e+02;2.0638898e-02;2.3750000e+02;-2.3953319e-02;2.3750000e+02;-6.5517776e-02;2.3750000e+02;-1.1133644e-01;2.3750000e+02;-1.5246943e-01;2.3750000e+02;-7.1389325e-02;2.3750000e+02;-6.5530881e-02;2.3750000e+02;-3.9794393e-02;2.3750000e+02;4.0196292e-03;2.3750000e+02;6.5364398e-02;2.3750000e+02;1.4333133e-01;2.3750000e+02;1.8976608e-01;2.3750000e+02;2.0906481e-01;2.3750000e+02;2.0075160e-01;2.3750000e+02;2.2152668e-01;2.3750000e+02;1.7866154e-01;2.3750000e+02;1.2148182e-01;2.3750000e+02;7.0537977e-02;2.3750000e+02;2.0638898e-02;2.3750000e+02;-2.3953319e-02;2.3750000e+02;-6.5517776e-02;2.3750000e+02;-1.1133644e-01;2.3750000e+02;-1.5246943e-01;2.3750000e+02;-7.1389325e-02;2.3750000e+02;-6.5530881e-02;2.3750000e+02;-3.9794393e-02;2.3750000e+02;4.0196292e-03;2.3750000e+02;6.5364398e-02;2.3750000e+02;1.4333133e-01;2.3750000e+02;1.8976608e-01;2.3750000e+02;2.0906481e-01;2.3750000e+02;2.0075160e-01;2.3750000e+02;2.2152668e-01;2.3750000e+02;1.7866154e-01;2.3750000e+02;1.2148182e-01;2.3750000e+02;7.0537977e-02;2.3750000e+02;2.0638898e-02;2.3750000e+02;-2.3953319e-02;2.3750000e+02;-6.5517776e-02;2.3750000e+02;-1.1133644e-01;2.3750000e+02;-1.5246943e-01;2.3750000e+02;-7.1389325e-02;2.3750000e+02;-6.5530881e-02;2.3750000e+02;-3.9794393e-02;2.3750000e+02;4.0196292e-03;2.3750000e+02;6.5364398e-02;2.3750000e+02;1.4333133e-01;2.3750000e+02;1.8976608e-01;2.3750000e+02;2.0906481e-01;2.3750000e+02;2.0075160e-01;2.3750000e+02;2.2152668e-01;2.3750000e+02;1.7866154e-01;2.3750000e+02;1.2148182e-01;2.3750000e+02;7.0537977e-02;2.3750000e+02;2.0638898e-02;2.3750000e+02;-2.3953319e-02;2.3750000e+02;-6.5517776e-02;2.3750000e+02;-1.1133644e-01;2.3750000e+02;-1.5246943e-01;2.3750000e+02;-7.1389325e-02;2.3750000e+02;-6.5530881e-02;2.3750000e+02;-3.9794393e-02;2.3750000e+02;4.0196292e-03;2.3750000e+02;6.5364398e-02;2.3750000e+02;1.4333133e-01;2.3750000e+02;1.8976608e-01;2.3750000e+02;2.0906481e-01;2.3750000e+02;2.0075160e-01;2.3750000e+02;2.2152668e-01;2.3750000e+02;1.7866154e-01;2.3750000e+02;1.2148182e-01;2.3750000e+02;7.0537977e-02;2.3750000e+02;2.0638898e-02;2.3750000e+02;-2.3953319e-02;2.3750000e+02;-6.5517776e-02;2.3750000e+02;-1.1133644e-01;2.3750000e+02;-1.5246943e-01;2.3750000e+02;-7.1389325e-02;2.3750000e+02;-6.5530881e-02;2.3750000e+02;-3.9794393e-02;2.3750000e+02;4.0196292e-03;2.3750000e+02;6.5364398e-02;2.3750000e+02;1.4333133e-01;2.3750000e+02;1.8976608e-01;2.3750000e+02;2.0906481e-01;2.3750000e+02;2.0075160e-01;2.3750000e+02;2.2152668e-01;2.3750000e+02;1.7866154e-01;2.3750000e+02;1.2148182e-01;2.3750000e+02;7.0537977e-02;2.3750000e+02;2.0638898e-02;2.3750000e+02;-2.3953319e-02;2.3750000e+02;-6.5517776e-02;2.3750000e+02;-1.1133644e-01;2.3750000e+02;-1.5246943e-01;2.3750000e+02;-7.1389325e-02;2.3750000e+02;-6.5530881e-02;2.3750000e+02;-3.9794393e-02;2.3750000e+02;4.0196292e-03;2.3750000e+02;6.5364398e-02;2.3750000e+02;1.4333133e-01;2.3750000e+02;1.8976608e-01;2.3750000e+02;2.0906481e-01;2.3750000e+02;2.0075160e-01;2.3750000e+02;2.2152668e-01;2.3750000e+02;1.7866154e-01;2.3750000e+02;1.2148182e-01;2.3750000e+02;7.0537977e-02;2.3750000e+02;2.0638898e-02;2.3750000e+02;-2.3953319e-02;2.3750000e+02;-6.5517776e-02;2.3750000e+02;-1.1133644e-01;2.3750000e+02;-1.5246943e-01;2.3750000e+02;-7.1389325e-02;2.3750000e+02;-6.5530881e-02;2.3750000e+02;-3.9794393e-02;2.3750000e+02;4.0196292e-03;2.3750000e+02;6.5364398e-02;2.3750000e+02;1.4333133e-01;2.3750000e+02;1.8976608e-01;2.3750000e+02;2.0906481e-01;2.3750000e+02;2.0075160e-01;2.3750000e+02;2.2152668e-01;2.3750000e+02;1.7866154e-01;2.3750000e+02;1.2148182e-01;2.3750000e+02;7.0537977e-02;2.3750000e+02;2.0638898e-02;2.3750000e+02;-2.3953319e-02;2.3750000e+02;-6.5517776e-02;2.3750000e+02;-1.1133644e-01;2.3750000e+02;-1.5246943e-01;2.3750000e+02;-7.1389325e-02;2.3750000e+02;-6.5530881e-02;2.3750000e+02;-3.9794393e-02;2.3750000e+02;4.0196292e-03;2.3750000e+02;6.5364398e-02;2.3750000e+02;1.4333133e-01;2.3750000e+02;1.8976608e-01;2.3750000e+02;2.0906481e-01;2.3750000e+02;2.0075160e-01;2.3750000e+02;2.2152668e-01;2.3750000e+02;1.7866154e-01;2.3750000e+02;1.2148182e-01;2.3750000e+02;7.0537977e-02;2.3750000e+02;2.0638898e-02;2.3750000e+02;-2.3953319e-02;2.3750000e+02;-6.5517776e-02;2.3750000e+02;-1.1133644e-01;2.3750000e+02;-1.5246943e-01;2.3750000e+02;-7.1389325e-02;2.3750000e+02;-6.5530881e-02;2.3750000e+02;-3.9794393e-02;2.3750000e+02;4.0196292e-03;2.3750000e+02;6.5364398e-02;2.3750000e+02;1.4333133e-01;2.3750000e+02;1.8976608e-01;2.3750000e+02;2.0906481e-01;2.3750000e+02;2.0075160e-01;2.3750000e+02;2.2152668e-01;2.3750000e+02;1.7866154e-01;2.3750000e+02;1.2148182e-01;2.3750000e+02;7.0537977e-02;2.3750000e+02;2.0638898e-02;2.3750000e+02;-2.3953319e-02;2.3750000e+02;-6.5517776e-02;2.3750000e+02;-1.1133644e-01;2.3750000e+02;-1.5246943e-01;2.3750000e+02;-7.1389325e-02;2.3750000e+02;-6.5530881e-02;2.3750000e+02;-3.9794393e-02;2.3750000e+02;4.0196292e-03;2.3750000e+02;6.5364398e-02;2.3750000e+02;1.4333133e-01;2.3750000e+02;1.8976608e-01;2.3750000e+02;2.0906481e-01;2.3750000e+02;2.0075160e-01;2.3750000e+02;2.2152668e-01;2.3750000e+02;1.7866154e-01;2.3750000e+02;1.2148182e-01;2.3750000e+02;7.0537977e-02;2.3750000e+02;2.0638898e-02;2.3750000e+02;-2.3953319e-02;2.3750000e+02;-6.5517776e-02;2.3750000e+02;-1.1133644e-01;2.3750000e+02;-1.5246943e-01;2.3750000e+02;-7.1389325e-02;2.3750000e+02;-6.5530881e-02;2.3750000e+02;-3.9794393e-02;2.3750000e+02;4.0196292e-03;2.3750000e+02;6.5364398e-02;2.3750000e+02;1.4333133e-01;2.3750000e+02;1.8976608e-01;2.3750000e+02;2.0906481e-01;2.3750000e+02;2.0075160e-01;2.3750000e+02;2.2152668e-01;2.3750000e+02;1.7866154e-01;2.3750000e+02;1.2148182e-01;2.3750000e+02;7.0537977e-02;2.3750000e+02;2.0638898e-02;2.3750000e+02;-2.3953319e-02;2.3750000e+02;-6.5517776e-02;2.3750000e+02;-1.1133644e-01;2.3750000e+02;-1.5246943e-01;2.3750000e+02;-7.1389325e-02;2.3750000e+02;-6.5530881e-02;2.3750000e+02;-3.9794393e-02;2.3750000e+02;4.0196292e-03;2.3750000e+02;6.5364398e-02;2.3750000e+02;1.4333133e-01;2.3750000e+02;1.8976608e-01;2.3750000e+02;2.0906481e-01;2.3750000e+02;2.0075160e-01;2.3750000e+02;2.2152668e-01;2.3750000e+02;1.7866154e-01;2.3750000e+02;1.2148182e-01;2.3750000e+02;7.0537977e-02;2.3750000e+02;2.0638898e-02;2.3750000e+02;-2.3953319e-02;2.3750000e+02;-6.5517776e-02;2.3750000e+02;-1.1133644e-01;2.3750000e+02;-1.5246943e-01;2.3750000e+02;-7.1389325e-02;2.3750000e+02;-6.5530881e-02;2.3750000e+02;-3.9794393e-02;2.3750000e+02;4.0196292e-03;2.3750000e+02;6.5364398e-02;2.3750000e+02;1.4333133e-01;2.3750000e+02;1.8976608e-01;2.3750000e+02;2.0906481e-01;2.3750000e+02;2.0075160e-01;2.3750000e+02;2.2152668e-01;2.3750000e+02;1.7866154e-01;2.3750000e+02;1.2148182e-01;2.3750000e+02;7.0537977e-02;2.3750000e+02;2.0638898e-02;2.3750000e+02;-2.3953319e-02;2.3750000e+02;-6.5517776e-02;2.3750000e+02;-1.1133644e-01;2.3750000e+02;-1.5246943e-01;2.3750000e+02;-7.1389325e-02;2.3750000e+02;-6.5530881e-02;2.3750000e+02;-3.9794393e-02;2.3750000e+02;4.0196292e-03;2.3750000e+02;6.5364398e-02;2.3750000e+02;1.4333133e-01;2.3750000e+02;1.8976608e-01;2.3750000e+02;2.0906481e-01;2.3750000e+02;2.0075160e-01;2.3750000e+02;2.2152668e-01;2.3750000e+02;1.7866154e-01;2.3750000e+02;1.2148182e-01;2.3750000e+02;7.0537977e-02;2.3750000e+02;2.0638898e-02;2.3750000e+02;-2.3953319e-02;2.3750000e+02;-6.5517776e-02;2.3750000e+02;-1.1133644e-01;2.3750000e+02;-1.5246943e-01;2.3750000e+02;-7.1389325e-02;2.3750000e+02;-6.5530881e-02;2.3750000e+02;-3.9794393e-02;2.3750000e+02;4.0196292e-03;2.3750000e+02;6.5364398e-02;2.3750000e+02;1.4333133e-01;2.3750000e+02;1.8976608e-01;2.3750000e+02;2.0906481e-01;2.3750000e+02;2.0075160e-01;2.3750000e+02;2.2152668e-01;2.3750000e+02;1.7866154e-01;2.3750000e+02;1.2148182e-01;2.3750000e+02;7.0537977e-02;2.3750000e+02;2.0638898e-02;2.3750000e+02;-2.3953319e-02;2.3750000e+02;-6.5517776e-02;2.3750000e+02;-1.1133644e-01;2.3750000e+02;-1.5246943e-01;2.3750000e+02;-7.1389325e-02;2.3750000e+02;-6.5530881e-02;2.3750000e+02;-3.9794393e-02;2.3750000e+02;4.0196292e-03;2.3750000e+02;6.5364398e-02;2.3750000e+02;1.4333133e-01;2.3750000e+02;1.8976608e-01;2.3750000e+02;2.0906481e-01;2.3750000e+02;2.0075160e-01;2.3750000e+02;2.2152668e-01;2.3750000e+02;1.7866154e-01;2.3750000e+02;1.2148182e-01;2.3750000e+02;7.0537977e-02;2.3750000e+02;2.0638898e-02;2.3750000e+02;-2.3953319e-02;2.3750000e+02;-6.5517776e-02;2.3750000e+02;-1.1133644e-01;2.3750000e+02;-1.5246943e-01;2.3750000e+02;-7.1389325e-02;2.3750000e+02;-6.5530881e-02;2.3750000e+02;-3.9794393e-02;2.3750000e+02;4.0196292e-03;2.3750000e+02;6.5364398e-02;2.3750000e+02;1.4333133e-01;2.3750000e+02;1.8976608e-01;2.3750000e+02;2.0906481e-01;2.3750000e+02;2.0075160e-01;2.3750000e+02;2.2152668e-01;2.3750000e+02;1.7866154e-01;2.3750000e+02;1.2148182e-01;2.3750000e+02;7.0537977e-02;2.3750000e+02;2.0638898e-02;2.3750000e+02;-2.3953319e-02;2.3750000e+02;-6.5517776e-02;2.3750000e+02;-1.1133644e-01;2.3750000e+02;-1.5246943e-01;2.3750000e+02;-7.1389325e-02;2.3750000e+02;-6.5530881e-02;2.3750000e+02;-3.9794393e-02;2.3750000e+02;4.0196292e-03;2.3750000e+02;6.5364398e-02;2.3750000e+02;1.4333133e-01;2.3750000e+02;1.8976608e-01;2.3750000e+02;2.0906481e-01;2.3750000e+02;2.0075160e-01;2.3750000e+02;2.2152668e-01;2.3750000e+02;1.7866154e-01;2.3750000e+02;1.2148182e-01;2.3750000e+02;7.0537977e-02;2.3750000e+02;2.0638898e-02;2.3750000e+02;-2.3953319e-02;2.3750000e+02;-6.5517776e-02;2.3750000e+02;-1.1133644e-01;2.3750000e+02;-1.5246943e-01;2.3750000e+02;-7.1389325e-02;2.3750000e+02;-6.5530881e-02;2.3750000e+02;-3.9794393e-02;2.3750000e+02;4.0196292e-03;2.3750000e+02;6.5364398e-02;2.3750000e+02;1.4333133e-01;2.3750000e+02;1.8976608e-01;2.3750000e+02;2.0906481e-01;2.3750000e+02;2.0075160e-01;2.3750000e+02;2.2152668e-01;2.3750000e+02;1.7866154e-01;2.3750000e+02;1.2148182e-01;2.3750000e+02;7.0537977e-02;2.3750000e+02;2.0638898e-02;2.3750000e+02;-2.3953319e-02;2.3750000e+02;-6.5517776e-02;2.3750000e+02;-1.1133644e-01;2.3750000e+02;-1.5246943e-01;2.3750000e+02;-7.1389325e-02;2.3750000e+02;-6.5530881e-02;2.3750000e+02;-3.9794393e-02;2.3750000e+02;4.0196292e-03;2.3750000e+02;6.5364398e-02;2.3750000e+02;1.4333133e-01;2.3750000e+02;1.8976608e-01;2.3750000e+02;2.0906481e-01;2.3750000e+02;2.0075160e-01;2.3750000e+02;2.2152668e-01;2.3750000e+02;1.7866154e-01;2.3750000e+02;1.2148182e-01;2.3750000e+02;7.0537977e-02;2.3750000e+02;2.0638898e-02;2.3750000e+02;-2.3953319e-02;2.3750000e+02;-6.5517776e-02;2.3750000e+02;-1.1133644e-01;2.3750000e+02;-1.5246943e-01;2.3750000e+02;-7.1389325e-02;2.3750000e+02;-6.5530881e-02;2.3750000e+02;-3.9794393e-02;2.3750000e+02;4.0196292e-03;2.3750000e+02;6.5364398e-02;2.3750000e+02;1.4333133e-01;2.3750000e+02;1.8976608e-01;2.3750000e+02;2.0906481e-01;2.3750000e+02;2.0075160e-01;2.3750000e+02;2.2152668e-01;2.3750000e+02;1.7866154e-01;2.3750000e+02;1.2148182e-01;2.3750000e+02;7.0537977e-02;2.3750000e+02;2.0638898e-02;2.3750000e+02;-2.3953319e-02;2.3750000e+02;-6.5517776e-02;2.3750000e+02;-1.1133644e-01;2.3750000e+02;-1.5246943e-01;2.3750000e+02;-7.1389325e-02;2.3750000e+02;-6.5530881e-02;2.3750000e+02;-3.9794393e-02;2.3750000e+02;4.0196292e-03;2.3750000e+02;6.5364398e-02;2.3750000e+02;1.4333133e-01;2.3750000e+02;1.8976608e-01;2.3750000e+02;2.0906481e-01;2.3750000e+02;2.0075160e-01;2.3750000e+02;2.2152668e-01;2.3750000e+02;1.7866154e-01;2.3750000e+02;1.2148182e-01;2.3750000e+02;7.0537977e-02;2.3750000e+02;2.0638898e-02;2.3750000e+02;-2.3953319e-02;2.3750000e+02;-6.5517776e-02;2.3750000e+02;-1.1133644e-01;2.3750000e+02;-1.5246943e-01;2.3750000e+02;-7.1389325e-02;2.3750000e+02;-6.5530881e-02;2.3750000e+02;-3.9794393e-02;2.3750000e+02;4.0196292e-03;2.3750000e+02;6.5364398e-02;2.3750000e+02;1.4333133e-01;2.3750000e+02;1.8976608e-01;2.3750000e+02;2.0906481e-01;2.3750000e+02;2.0075160e-01;2.3750000e+02;2.2152668e-01;2.3750000e+02;1.7866154e-01;2.3750000e+02;1.2148182e-01;2.3750000e+02;7.0537977e-02;2.3750000e+02;2.0638898e-02;2.3750000e+02;-2.3953319e-02;2.3750000e+02;-6.5517776e-02;2.3750000e+02;-1.1133644e-01;2.3750000e+02;-1.5246943e-01;2.3750000e+02;-7.1389325e-02;2.3750000e+02;-6.5530881e-02;2.3750000e+02;-3.9794393e-02;2.3750000e+02;4.0196292e-03;2.3750000e+02;6.5364398e-02;2.3750000e+02;1.4333133e-01;2.3750000e+02;1.8976608e-01;2.3750000e+02;2.0906481e-01;2.3750000e+02;2.0075160e-01;2.3750000e+02;2.2152668e-01;2.3750000e+02;1.7866154e-01;2.3750000e+02;1.2148182e-01;2.3750000e+02;7.0537977e-02;2.3750000e+02;2.0638898e-02;2.3750000e+02;-2.3953319e-02;2.3750000e+02;-6.5517776e-02;2.3750000e+02;-1.1133644e-01;2.3750000e+02;-1.5246943e-01;2.3750000e+02;-7.1389325e-02;2.3750000e+02;-6.5530881e-02;2.3750000e+02;-3.9794393e-02;2.3750000e+02;4.0196292e-03;2.3750000e+02;6.5364398e-02;2.3750000e+02;1.4333133e-01;2.3750000e+02;1.8976608e-01;2.3750000e+02;2.0906481e-01;2.3750000e+02;2.0075160e-01;2.3750000e+02;2.2152668e-01;2.3750000e+02;1.7866154e-01;2.3750000e+02;1.2148182e-01;2.3750000e+02;7.0537977e-02;2.3750000e+02;2.0638898e-02;2.3750000e+02;-2.3953319e-02;2.3750000e+02;-6.5517776e-02;2.3750000e+02;-1.1133644e-01;2.3750000e+02;-1.5246943e-01;2.3750000e+02;-7.1389325e-02;2.3750000e+02;-6.5530881e-02;2.3750000e+02;-3.9794393e-02;2.3750000e+02;4.0196292e-03;2.3750000e+02;6.5364398e-02;2.3750000e+02;1.4333133e-01;2.3750000e+02;1.8976608e-01;2.3750000e+02;2.0906481e-01;2.3750000e+02;2.0075160e-01;2.3750000e+02;2.2152668e-01;2.3750000e+02;1.7866154e-01;2.3750000e+02;1.2148182e-01;2.3750000e+02;7.0537977e-02;2.3750000e+02;2.0638898e-02;2.3750000e+02;-2.3953319e-02;2.3750000e+02;-6.5517776e-02;2.3750000e+02;-1.1133644e-01;2.3750000e+02;-1.5246943e-01;2.3750000e+02;-7.1389325e-02;2.3750000e+02;-6.5530881e-02;2.3750000e+02;-3.9794393e-02;2.3750000e+02;4.0196292e-03;2.3750000e+02;6.5364398e-02;2.3750000e+02;1.4333133e-01;2.3750000e+02;1.8976608e-01;2.3750000e+02;2.0906481e-01;2.3750000e+02;2.0075160e-01;2.3750000e+02;2.2152668e-01;2.3750000e+02;1.7866154e-01;2.3750000e+02;1.2148182e-01;2.3750000e+02;7.0537977e-02;2.3750000e+02;2.0638898e-02;2.3750000e+02;-2.3953319e-02;2.3750000e+02;-6.5517776e-02;2.3750000e+02;-1.1133644e-01;2.3750000e+02;-1.5246943e-01;2.3750000e+02;-7.1389325e-02;2.3750000e+02;-6.5530881e-02;2.3750000e+02;-3.9794393e-02;2.3750000e+02;4.0196292e-03;2.3750000e+02;6.5364398e-02;2.3750000e+02;1.4333133e-01;2.3750000e+02;1.8976608e-01;2.3750000e+02;2.0906481e-01;2.3750000e+02;2.0075160e-01;2.3750000e+02;2.2152668e-01;2.3750000e+02;1.7866154e-01;2.3750000e+02;1.2148182e-01;2.3750000e+02;7.0537977e-02;2.3750000e+02;2.0638898e-02;2.3750000e+02;-2.3953319e-02;2.3750000e+02;-6.5517776e-02;2.3750000e+02;-1.1133644e-01;2.3750000e+02;-1.5246943e-01;2.3750000e+02;-7.1389325e-02;2.3750000e+02;-6.5530881e-02;2.3750000e+02;-3.9794393e-02;2.3750000e+02;4.0196292e-03;2.3750000e+02;6.5364398e-02;2.3750000e+02;1.4333133e-01;2.3750000e+02;1.8976608e-01;2.3750000e+02;2.0906481e-01;2.3750000e+02;2.0075160e-01;2.3750000e+02;2.2152668e-01;2.3750000e+02;1.7866154e-01;2.3750000e+02;1.2148182e-01;2.3750000e+02;7.0537977e-02;2.3750000e+02;2.0638898e-02;2.3750000e+02;-2.3953319e-02;2.3750000e+02;-6.5517776e-02;2.3750000e+02;-1.1133644e-01;2.3750000e+02;-1.5246943e-01;2.3750000e+02;-7.1389325e-02;2.3750000e+02;-6.5530881e-02;2.3750000e+02;-3.9794393e-02;2.3750000e+02;4.0196292e-03;2.3750000e+02;6.5364398e-02;2.3750000e+02;1.4333133e-01;2.3750000e+02;1.8976608e-01;2.3750000e+02;2.0906481e-01;2.3750000e+02;2.0075160e-01;2.3750000e+02;2.2152668e-01;2.3750000e+02;1.7866154e-01;2.3750000e+02;1.2148182e-01;2.3750000e+02;7.0537977e-02;2.3750000e+02;2.0638898e-02;2.3750000e+02;-2.3953319e-02;2.3750000e+02;-6.5517776e-02;2.3750000e+02;-1.1133644e-01;2.3750000e+02;-1.5246943e-01;2.3750000e+02;-7.1389325e-02;2.3750000e+02;-6.5530881e-02;2.3750000e+02;-3.9794393e-02;2.3750000e+02;4.0196292e-03;2.3750000e+02;6.5364398e-02;2.3750000e+02;1.4333133e-01;2.3750000e+02;1.8976608e-01;2.3750000e+02;2.0906481e-01;2.3750000e+02;2.0075160e-01;2.3750000e+02;2.2152668e-01;2.3750000e+02;1.7866154e-01;2.3750000e+02;1.2148182e-01;2.3750000e+02;7.0537977e-02;2.3750000e+02;2.0638898e-02;2.3750000e+02;-2.3953319e-02;2.3750000e+02;-6.5517776e-02;2.3750000e+02;-1.1133644e-01;2.3750000e+02;-1.5246943e-01;2.3750000e+02;-7.1389325e-02;2.3750000e+02;-6.5530881e-02;2.3750000e+02;-3.9794393e-02;2.3750000e+02;4.0196292e-03;2.3750000e+02;6.5364398e-02;2.3750000e+02;1.4333133e-01;2.3750000e+02;1.8976608e-01;2.3750000e+02;2.0906481e-01;2.3750000e+02;2.0075160e-01;2.3750000e+02;2.2152668e-01;2.3750000e+02;1.7866154e-01;2.3750000e+02;1.2148182e-01;2.3750000e+02;7.0537977e-02;2.3750000e+02;2.0638898e-02;2.3750000e+02;-2.3953319e-02;2.3750000e+02;-6.5517776e-02;2.3750000e+02;-1.1133644e-01;2.3750000e+02;-1.5246943e-01;2.3750000e+02;-7.1389325e-02;2.3750000e+02;-6.5530881e-02;2.3750000e+02;-3.9794393e-02;2.3750000e+02;4.0196292e-03;2.3750000e+02;6.5364398e-02;2.3750000e+02;1.4333133e-01;2.3750000e+02;1.8976608e-01;2.3750000e+02;2.0906481e-01;2.3750000e+02;2.0075160e-01;2.3750000e+02;2.2152668e-01;2.3750000e+02;1.7866154e-01;2.3750000e+02;1.2148182e-01;2.3750000e+02;7.0537977e-02;2.3750000e+02;2.0638898e-02;2.3750000e+02;-2.3953319e-02;2.3750000e+02;-6.5517776e-02;2.3750000e+02;-1.1133644e-01;2.3750000e+02;-1.5246943e-01;2.3750000e+02;-7.1389325e-02;2.3750000e+02;-6.5530881e-02;2.3750000e+02;-3.9794393e-02;2.3750000e+02;4.0196292e-03;2.3750000e+02;6.5364398e-02;2.3750000e+02;1.4333133e-01;2.3750000e+02;1.8976608e-01;2.3750000e+02;2.0906481e-01;2.3750000e+02;2.0075160e-01;2.3750000e+02;2.2152668e-01;2.3750000e+02;1.7866154e-01;2.3750000e+02;1.2148182e-01;2.3750000e+02;7.0537977e-02;2.3750000e+02;2.0638898e-02;2.3750000e+02;-2.3953319e-02;2.3750000e+02;-6.5517776e-02;2.3750000e+02;-1.1133644e-01;2.3750000e+02;-1.5246943e-01;2.3750000e+02;-7.1389325e-02;2.3750000e+02;-6.5530881e-02;2.3750000e+02;-3.9794393e-02;2.3750000e+02;4.0196292e-03;2.3750000e+02;6.5364398e-02;2.3750000e+02;1.4333133e-01;2.3750000e+02;1.8976608e-01;2.3750000e+02;2.0906481e-01;2.3750000e+02;2.0075160e-01;2.3750000e+02;2.2152668e-01;2.3750000e+02;1.7866154e-01;2.3750000e+02;1.2148182e-01;2.3750000e+02;7.0537977e-02;2.3750000e+02;2.0638898e-02;2.3750000e+02;-2.3953319e-02;2.3750000e+02;-6.5517776e-02;2.3750000e+02;-1.1133644e-01;2.3750000e+02;-1.5246943e-01;2.3750000e+02;-7.1389325e-02;2.3750000e+02;-6.5530881e-02;2.3750000e+02;-3.9794393e-02;2.3750000e+02;4.0196292e-03;2.3750000e+02;6.5364398e-02;2.3750000e+02;1.4333133e-01;2.3750000e+02;1.8976608e-01;2.3750000e+02;2.0906481e-01;2.3750000e+02;2.0075160e-01;2.3750000e+02;2.2152668e-01;2.3750000e+02;1.7866154e-01;2.3750000e+02;1.2148182e-01;2.3750000e+02;7.0537977e-02;2.3750000e+02;2.0638898e-02;2.3750000e+02;-2.3953319e-02;2.3750000e+02;-6.5517776e-02;2.3750000e+02;-1.1133644e-01;2.3750000e+02;-1.5246943e-01;2.3750000e+02;-7.1389325e-02;2.3750000e+02;-6.5530881e-02;2.3750000e+02;-3.9794393e-02;2.3750000e+02;4.0196292e-03;2.3750000e+02;6.5364398e-02;2.3750000e+02;1.4333133e-01;2.3750000e+02;1.8976608e-01;2.3750000e+02;2.0906481e-01;2.3750000e+02;2.0075160e-01;2.3750000e+02;2.2152668e-01;2.3750000e+02;1.7866154e-01;2.3750000e+02;1.2148182e-01;2.3750000e+02;7.0537977e-02;2.3750000e+02;2.0638898e-02;2.3750000e+02;-2.3953319e-02;2.3750000e+02;-6.5517776e-02;2.3750000e+02;-1.1133644e-01;2.3750000e+02;-1.5246943e-01;2.3750000e+02;-7.1389325e-02;2.3750000e+02;-6.5530881e-02;2.3750000e+02;-3.9794393e-02;2.3750000e+02;4.0196292e-03;2.3750000e+02;6.5364398e-02;2.3750000e+02;1.4333133e-01;2.3750000e+02;1.8976608e-01;2.3750000e+02;2.0906481e-01;2.3750000e+02;2.0075160e-01;2.3750000e+02;2.2152668e-01;2.3750000e+02;1.7866154e-01;2.3750000e+02;1.2148182e-01;2.3750000e+02;7.0537977e-02;2.3750000e+02;2.0638898e-02;2.3750000e+02;-2.3953319e-02;2.3750000e+02;-6.5517776e-02;2.3750000e+02;-1.1133644e-01;2.3750000e+02;-1.5246943e-01;2.3750000e+02;-7.1389325e-02;2.3750000e+02;-6.5530881e-02;2.3750000e+02;-3.9794393e-02;2.3750000e+02;4.0196292e-03;2.3750000e+02;6.5364398e-02;2.3750000e+02;1.4333133e-01;2.3750000e+02;1.8976608e-01;2.3750000e+02;2.0906481e-01;2.3750000e+02;2.0075160e-01;2.3750000e+02;2.2152668e-01;2.3750000e+02;1.7866154e-01;2.3750000e+02;1.2148182e-01;2.3750000e+02;7.0537977e-02;2.3750000e+02;2.0638898e-02;2.3750000e+02;-2.3953319e-02;2.3750000e+02;-6.5517776e-02;2.3750000e+02;-1.1133644e-01;2.3750000e+02;-1.5246943e-01;2.3750000e+02;-7.1389325e-02;2.3750000e+02;-6.5530881e-02;2.3750000e+02;-3.9794393e-02;2.3750000e+02;4.0196292e-03;2.3750000e+02;6.5364398e-02;2.3750000e+02;1.4333133e-01;2.3750000e+02;1.8976608e-01;2.3750000e+02;2.0906481e-01;2.3750000e+02;2.0075160e-01;2.3750000e+02;2.2152668e-01;2.3750000e+02;1.7866154e-01;2.3750000e+02;1.2148182e-01;2.3750000e+02;7.0537977e-02;2.3750000e+02;2.0638898e-02;2.3750000e+02;-2.3953319e-02;2.3750000e+02;-6.5517776e-02;2.3750000e+02;-1.1133644e-01;2.3750000e+02;-1.5246943e-01;2.3750000e+02;-7.1389325e-02;2.3750000e+02;-6.5530881e-02;2.3750000e+02;-3.9794393e-02;2.3750000e+02;4.0196292e-03;2.3750000e+02;6.5364398e-02;2.3750000e+02;1.4333133e-01;2.3750000e+02;1.8976608e-01;2.3750000e+02;2.0906481e-01;2.3750000e+02;2.0075160e-01;2.3750000e+02;2.2152668e-01;2.3750000e+02;1.7866154e-01;2.3750000e+02;1.2148182e-01;2.3750000e+02;7.0537977e-02;2.3750000e+02;2.0638898e-02;2.3750000e+02;-2.3953319e-02;2.3750000e+02;-6.5517776e-02;2.3750000e+02;-1.1133644e-01;2.3750000e+02;-1.5246943e-01;2.3750000e+02;-7.1389325e-02;2.3750000e+02;-6.5530881e-02;2.3750000e+02;-3.9794393e-02;2.3750000e+02;4.0196292e-03;2.3750000e+02;6.5364398e-02;2.3750000e+02;1.4333133e-01;2.3750000e+02;1.8976608e-01;2.3750000e+02;2.0906481e-01;2.3750000e+02;2.0075160e-01;2.3750000e+02;2.2152668e-01;2.3750000e+02;1.7866154e-01;2.3750000e+02;1.2148182e-01;2.3750000e+02;7.0537977e-02;2.3750000e+02;2.0638898e-02;2.3750000e+02;-2.3953319e-02;2.3750000e+02;-6.5517776e-02;2.3750000e+02;-1.1133644e-01;2.3750000e+02;-1.5246943e-01;2.3750000e+02;-7.1389325e-02;2.3750000e+02;-6.5530881e-02;2.3750000e+02;-3.9794393e-02;2.3750000e+02;4.0196292e-03;2.3750000e+02;6.5364398e-02;2.3750000e+02;1.4333133e-01;2.3750000e+02;1.8976608e-01;2.3750000e+02;2.0906481e-01;2.3750000e+02;2.0075160e-01;2.3750000e+02;2.2152668e-01;2.3750000e+02;1.7866154e-01;2.3750000e+02;1.2148182e-01;2.3750000e+02;7.0537977e-02;2.3750000e+02;2.0638898e-02;2.3750000e+02;-2.3953319e-02;2.3750000e+02;-6.5517776e-02;2.3750000e+02;-1.1133644e-01;2.3750000e+02;-1.5246943e-01;2.3750000e+02;-7.1389325e-02;2.3750000e+02;-6.5530881e-02;2.3750000e+02;-3.9794393e-02;2.3750000e+02;4.0196292e-03;2.3750000e+02;6.5364398e-02;2.3750000e+02;1.4333133e-01;2.3750000e+02;1.8976608e-01;2.3750000e+02;2.0906481e-01;2.3750000e+02;2.0075160e-01;2.3750000e+02;2.2152668e-01;2.3750000e+02;1.7866154e-01;2.3750000e+02;1.2148182e-01;2.3750000e+02;7.0537977e-02;2.3750000e+02;2.0638898e-02;2.3750000e+02;-2.3953319e-02;2.3750000e+02;-6.5517776e-02;2.3750000e+02;-1.1133644e-01;2.3750000e+02;-1.5246943e-01;2.3750000e+02;-7.1389325e-02;2.3750000e+02;-6.5530881e-02;2.3750000e+02;-3.9794393e-02;2.3750000e+02;4.0196292e-03;2.3750000e+02;6.5364398e-02;2.3750000e+02;1.4333133e-01;2.3750000e+02;1.8976608e-01;2.3750000e+02;2.0906481e-01;2.3750000e+02;2.0075160e-01;2.3750000e+02;2.2152668e-01;2.3750000e+02;1.7866154e-01;2.3750000e+02;1.2148182e-01;2.3750000e+02;7.0537977e-02;2.3750000e+02;2.0638898e-02;2.3750000e+02;-2.3953319e-02;2.3750000e+02;-6.5517776e-02;2.3750000e+02;-1.1133644e-01;2.3750000e+02;-1.5246943e-01;2.3750000e+02;-7.1389325e-02;2.3750000e+02;-6.5530881e-02;2.3750000e+02;-3.9794393e-02;2.3750000e+02;4.0196292e-03;2.3750000e+02;6.5364398e-02;2.3750000e+02;1.4333133e-01;2.3750000e+02;1.8976608e-01;2.3750000e+02;2.0906481e-01;2.3750000e+02;2.0075160e-01;2.3750000e+02;2.2152668e-01;2.3750000e+02;1.7866154e-01;2.3750000e+02;1.2148182e-01;2.3750000e+02;7.0537977e-02;2.3750000e+02;2.0638898e-02;2.3750000e+02;-2.3953319e-02;2.3750000e+02;-6.5517776e-02;2.3750000e+02;-1.1133644e-01;2.3750000e+02;-1.5246943e-01;2.3750000e+02;-7.1389325e-02;2.3750000e+02;-6.5530881e-02;2.3750000e+02;-3.9794393e-02;2.3750000e+02;4.0196292e-03;2.3750000e+02;6.5364398e-02;2.3750000e+02;1.4333133e-01;2.3750000e+02;1.8976608e-01;2.3750000e+02;2.0906481e-01;2.3750000e+02;2.0075160e-01;2.3750000e+02;2.2152668e-01;2.3750000e+02;1.7866154e-01;2.3750000e+02;1.2148182e-01;2.3750000e+02;7.0537977e-02;2.3750000e+02;2.0638898e-02;2.3750000e+02;-2.3953319e-02;2.3750000e+02;-6.5517776e-02;2.3750000e+02;-1.1133644e-01;2.3750000e+02;-1.5246943e-01;2.3750000e+02;-7.1389325e-02;2.3750000e+02;-6.5530881e-02;2.3750000e+02;-3.9794393e-02;2.3750000e+02;4.0196292e-03;2.3750000e+02;6.5364398e-02;2.3750000e+02;1.4333133e-01;2.3750000e+02;1.8976608e-01;2.3750000e+02;2.0906481e-01;2.3750000e+02;2.0075160e-01;2.3750000e+02;2.2152668e-01;2.3750000e+02;1.7866154e-01;2.3750000e+02;1.2148182e-01;2.3750000e+02;7.0537977e-02;2.3750000e+02;2.0638898e-02;2.3750000e+02;-2.3953319e-02;2.3750000e+02;-6.5517776e-02;2.3750000e+02;-1.1133644e-01;2.3750000e+02;-1.5246943e-01;2.3750000e+02;-7.1389325e-02;2.3750000e+02;-6.5530881e-02;2.3750000e+02;-3.9794393e-02;2.3750000e+02;4.0196292e-03;2.3750000e+02;6.5364398e-02;2.3750000e+02;1.4333133e-01;2.3750000e+02;1.8976608e-01;2.3750000e+02;2.0906481e-01;2.3750000e+02;2.0075160e-01;2.3750000e+02;2.2152668e-01;2.3750000e+02;1.7866154e-01;2.3750000e+02;1.2148182e-01;2.3750000e+02;7.0537977e-02;2.3750000e+02;2.0638898e-02;2.3750000e+02;-2.3953319e-02;2.3750000e+02;-6.5517776e-02;2.3750000e+02;-1.1133644e-01;2.3750000e+02;-1.5246943e-01;2.3750000e+02;-7.1389325e-02;2.3750000e+02;-6.5530881e-02;2.3750000e+02;-3.9794393e-02;2.3750000e+02;4.0196292e-03;2.3750000e+02;6.5364398e-02;2.3750000e+02;1.4333133e-01;2.3750000e+02;1.8976608e-01;2.3750000e+02;2.0906481e-01;2.3750000e+02;2.0075160e-01;2.3750000e+02;2.2152668e-01;2.3750000e+02;1.7866154e-01;2.3750000e+02;1.2148182e-01;2.3750000e+02;7.0537977e-02;2.3750000e+02;2.0638898e-02;2.3750000e+02;-2.3953319e-02;2.3750000e+02;-6.5517776e-02;2.3750000e+02;-1.1133644e-01;2.3750000e+02;-1.5246943e-01;2.3750000e+02;-7.1389325e-02;2.3750000e+02;-6.5530881e-02;2.3750000e+02;-3.9794393e-02;2.3750000e+02;4.0196292e-03;2.3750000e+02;6.5364398e-02;2.3750000e+02;1.4333133e-01;2.3750000e+02;1.8976608e-01;2.3750000e+02;2.0906481e-01;2.3750000e+02;2.0075160e-01;2.3750000e+02;2.2152668e-01;2.3750000e+02;1.7866154e-01;2.3750000e+02;1.2148182e-01;2.3750000e+02;7.0537977e-02;2.3750000e+02;2.0638898e-02;2.3750000e+02;-2.3953319e-02;2.3750000e+02;-6.5517776e-02;2.3750000e+02;-1.1133644e-01;2.3750000e+02;-1.5246943e-01;2.3750000e+02;-7.1389325e-02;2.3750000e+02;-6.5530881e-02;2.3750000e+02;-3.9794393e-02;2.3750000e+02;4.0196292e-03;2.3750000e+02;6.5364398e-02;2.3750000e+02;1.4333133e-01;2.3750000e+02;1.8976608e-01;2.3750000e+02;2.0906481e-01;2.3750000e+02;2.0075160e-01;2.3750000e+02;2.2152668e-01;2.3750000e+02;1.7866154e-01;2.3750000e+02;1.2148182e-01;2.3750000e+02;7.0537977e-02;2.3750000e+02;2.0638898e-02;2.3750000e+02;-2.3953319e-02;2.3750000e+02;-6.5517776e-02;2.3750000e+02;-1.1133644e-01;2.3750000e+02;-1.5246943e-01;2.3750000e+02;-7.1389325e-02;2.3750000e+02;-6.5530881e-02;2.3750000e+02;-3.9794393e-02;2.3750000e+02;4.0196292e-03;2.3750000e+02;6.5364398e-02;2.3750000e+02;1.4333133e-01;2.3750000e+02;1.8976608e-01;2.3750000e+02;2.0906481e-01;2.3750000e+02;2.0075160e-01;2.3750000e+02;2.2152668e-01;2.3750000e+02;1.7866154e-01;2.3750000e+02;1.2148182e-01;2.3750000e+02;7.0537977e-02;2.3750000e+02;2.0638898e-02;2.3750000e+02;-2.3953319e-02;2.3750000e+02;-6.5517776e-02;2.3750000e+02;-1.1133644e-01;2.3750000e+02;-1.5246943e-01;2.3750000e+02;-7.1389325e-02;2.3750000e+02;-6.5530881e-02;2.3750000e+02;-3.9794393e-02;2.3750000e+02;4.0196292e-03;2.3750000e+02;6.5364398e-02;2.3750000e+02;1.4333133e-01;2.3750000e+02;1.8976608e-01;2.3750000e+02;2.0906481e-01;2.3750000e+02;2.0075160e-01;2.3750000e+02;2.2152668e-01;2.3750000e+02;1.7866154e-01;2.3750000e+02;1.2148182e-01;2.3750000e+02;7.0537977e-02;2.3750000e+02;2.0638898e-02;2.3750000e+02;-2.3953319e-02;2.3750000e+02;-6.5517776e-02;2.3750000e+02;-1.1133644e-01;2.3750000e+02;-1.5246943e-01;2.3750000e+02;-7.1389325e-02;2.3750000e+02;-6.5530881e-02;2.3750000e+02;-3.9794393e-02;2.3750000e+02;4.0196292e-03;2.3750000e+02;6.5364398e-02;2.3750000e+02;1.4333133e-01;2.3750000e+02;1.8976608e-01;2.3750000e+02;2.0906481e-01;2.3750000e+02;2.0075160e-01;2.3750000e+02;2.2152668e-01;2.3750000e+02;1.7866154e-01;2.3750000e+02;1.2148182e-01;2.3750000e+02;7.0537977e-02;2.3750000e+02;2.0638898e-02;2.3750000e+02;-2.3953319e-02;2.3750000e+02;-6.5517776e-02;2.3750000e+02;-1.1133644e-01;2.3750000e+02;-1.5246943e-01;2.3750000e+02;-7.1389325e-02;2.3750000e+02;-6.5530881e-02;2.3750000e+02;-3.9794393e-02;2.3750000e+02;4.0196292e-03;2.3750000e+02;6.5364398e-02;2.3750000e+02;1.4333133e-01;2.3750000e+02;1.8976608e-01;2.3750000e+02;2.0906481e-01;2.3750000e+02;2.0075160e-01;2.3750000e+02;2.2152668e-01;2.3750000e+02;1.7866154e-01;2.3750000e+02;1.2148182e-01;2.3750000e+02;7.0537977e-02;2.3750000e+02;2.0638898e-02;2.3750000e+02;-2.3953319e-02;2.3750000e+02;-6.5517776e-02;2.3750000e+02;-1.1133644e-01;2.3750000e+02;-1.5246943e-01;2.3750000e+02;-7.1389325e-02;2.3750000e+02;-6.5530881e-02;2.3750000e+02;-3.9794393e-02;2.3750000e+02;4.0196292e-03;2.3750000e+02;6.5364398e-02;2.3750000e+02;1.4333133e-01;2.3750000e+02;1.8976608e-01;2.3750000e+02;2.0906481e-01;2.3750000e+02;2.0075160e-01;2.3750000e+02;2.2152668e-01;2.3750000e+02;1.7866154e-01;2.3750000e+02;1.2148182e-01;2.3750000e+02;7.0537977e-02;2.3750000e+02;2.0638898e-02;2.3750000e+02;-2.3953319e-02;2.3750000e+02;-6.5517776e-02;2.3750000e+02;-1.1133644e-01;2.3750000e+02;-1.5246943e-01;2.3750000e+02;-7.1389325e-02;2.3750000e+02;-6.5530881e-02;2.3750000e+02;-3.9794393e-02;2.3750000e+02;4.0196292e-03;2.3750000e+02;6.5364398e-02;2.3750000e+02;1.4333133e-01;2.3750000e+02;1.8976608e-01;2.3750000e+02;2.0906481e-01;2.3750000e+02;2.0075160e-01;2.3750000e+02;2.2152668e-01;2.3750000e+02;1.7866154e-01;2.3750000e+02;1.2148182e-01;2.3750000e+02;7.0537977e-02;2.3750000e+02;2.0638898e-02;2.3750000e+02;-2.3953319e-02;2.3750000e+02;-6.5517776e-02;2.3750000e+02;-1.1133644e-01;2.3750000e+02;-1.5246943e-01;2.3750000e+02;-7.1389325e-02;2.3750000e+02;-6.5530881e-02;2.3750000e+02;-3.9794393e-02;2.3750000e+02;4.0196292e-03;2.3750000e+02;6.5364398e-02;2.3750000e+02;1.4333133e-01;2.3750000e+02;1.8976608e-01;2.3750000e+02;2.0906481e-01;2.3750000e+02;2.0075160e-01;2.3750000e+02;2.2152668e-01;2.3750000e+02;1.7866154e-01;2.3750000e+02;1.2148182e-01;2.3750000e+02;7.0537977e-02;2.3750000e+02;2.0638898e-02;2.3750000e+02;-2.3953319e-02;2.3750000e+02;-6.5517776e-02;2.3750000e+02;-1.1133644e-01;2.3750000e+02;-1.5246943e-01;2.3750000e+02;-7.1389325e-02;2.3750000e+02;-6.5530881e-02;2.3750000e+02;-3.9794393e-02;2.3750000e+02;4.0196292e-03;2.3750000e+02;6.5364398e-02;2.3750000e+02;1.4333133e-01;2.3750000e+02;1.8976608e-01;2.3750000e+02;2.0906481e-01;2.3750000e+02;2.0075160e-01;2.3750000e+02;2.2152668e-01;2.3750000e+02;1.7866154e-01;2.3750000e+02;1.2148182e-01;2.3750000e+02;7.0537977e-02;2.3750000e+02;2.0638898e-02;2.3750000e+02;-2.3953319e-02;2.3750000e+02;-6.5517776e-02;2.3750000e+02;-1.1133644e-01;2.3750000e+02;-1.5246943e-01;2.3750000e+02;-7.1389325e-02;2.3750000e+02;-6.5530881e-02;2.3750000e+02;-3.9794393e-02;2.3750000e+02;4.0196292e-03;2.3750000e+02;6.5364398e-02;2.3750000e+02;1.4333133e-01;2.3750000e+02;1.8976608e-01;2.3750000e+02;2.0906481e-01;2.3750000e+02;2.0075160e-01;2.3750000e+02;2.2152668e-01;2.3750000e+02;1.7866154e-01;2.3750000e+02;1.2148182e-01;2.3750000e+02;7.0537977e-02;2.3750000e+02;2.0638898e-02;2.3750000e+02;-2.3953319e-02;2.3750000e+02;-6.5517776e-02;2.3750000e+02;-1.1133644e-01;2.3750000e+02;-1.5246943e-01;2.3750000e+02;-7.1389325e-02;2.3750000e+02;-6.5530881e-02;2.3750000e+02;-3.9794393e-02;2.3750000e+02;4.0196292e-03;2.3750000e+02;6.5364398e-02;2.3750000e+02;1.4333133e-01;2.3750000e+02;1.8976608e-01;2.3750000e+02;2.0906481e-01;2.3750000e+02;2.0075160e-01;2.3750000e+02;2.2152668e-01;2.3750000e+02;1.7866154e-01;2.3750000e+02;1.2148182e-01;2.3750000e+02;7.0537977e-02;2.3750000e+02;2.0638898e-02;2.3750000e+02;-2.3953319e-02;2.3750000e+02;-6.5517776e-02;2.3750000e+02;-1.1133644e-01;2.3750000e+02;-1.5246943e-01;2.3750000e+02;-7.1389325e-02;2.3750000e+02;-6.5530881e-02;2.3750000e+02;-3.9794393e-02;2.3750000e+02;4.0196292e-03;2.3750000e+02;6.5364398e-02;2.3750000e+02;1.4333133e-01;2.3750000e+02;1.8976608e-01;2.3750000e+02;2.0906481e-01;2.3750000e+02;2.0075160e-01;2.3750000e+02;2.2152668e-01;2.3750000e+02;1.7866154e-01;2.3750000e+02;1.2148182e-01;2.3750000e+02;7.0537977e-02;2.3750000e+02;2.0638898e-02;2.3750000e+02;-2.3953319e-02;2.3750000e+02;-6.5517776e-02;2.3750000e+02;-1.1133644e-01;2.3750000e+02;-1.5246943e-01;2.3750000e+02;-7.1389325e-02;2.3750000e+02;-6.5530881e-02;2.3750000e+02;-3.9794393e-02;2.3750000e+02;4.0196292e-03;2.3750000e+02;6.5364398e-02;2.3750000e+02;1.4333133e-01;2.3750000e+02;1.8976608e-01;2.3750000e+02;2.0906481e-01;2.3750000e+02;2.0075160e-01;2.3750000e+02;2.2152668e-01;2.3750000e+02;1.7866154e-01;2.3750000e+02;1.2148182e-01;2.3750000e+02;7.0537977e-02;2.3750000e+02;2.0638898e-02;2.3750000e+02;-2.3953319e-02;2.3750000e+02;-6.5517776e-02;2.3750000e+02;-1.1133644e-01;2.3750000e+02;-1.5246943e-01;2.3750000e+02;-7.1389325e-02;2.3750000e+02;-6.5530881e-02;2.3750000e+02;-3.9794393e-02;2.3750000e+02;4.0196292e-03;2.3750000e+02;6.5364398e-02;2.3750000e+02;1.4333133e-01;2.3750000e+02;1.8976608e-01;2.3750000e+02;2.0906481e-01;2.3750000e+02;2.0075160e-01;2.3750000e+02;2.2152668e-01;2.3750000e+02;1.7866154e-01;2.3750000e+02;1.2148182e-01;2.3750000e+02;7.0537977e-02;2.3750000e+02;2.0638898e-02;2.3750000e+02;-2.3953319e-02;2.3750000e+02;-6.5517776e-02;2.3750000e+02;-1.1133644e-01;2.3750000e+02;-1.5246943e-01;2.3750000e+02;-7.1389325e-02;2.3750000e+02;-6.5530881e-02;2.3750000e+02;-3.9794393e-02;2.3750000e+02;4.0196292e-03;2.3750000e+02;6.5364398e-02;2.3750000e+02;1.4333133e-01;2.3750000e+02;1.8976608e-01;2.3750000e+02;2.0906481e-01;2.3750000e+02;2.0075160e-01;2.3750000e+02;2.2152668e-01;2.3750000e+02;1.7866154e-01;2.3750000e+02;1.2148182e-01;2.3750000e+02;7.0537977e-02;2.3750000e+02;2.0638898e-02;2.3750000e+02;-2.3953319e-02;2.3750000e+02;-6.5517776e-02;2.3750000e+02;-1.1133644e-01;2.3750000e+02;-1.5246943e-01;2.3750000e+02;-7.1389325e-02;2.3750000e+02;-6.5530881e-02;2.3750000e+02;-3.9794393e-02;2.3750000e+02;4.0196292e-03;2.3750000e+02;6.5364398e-02;2.3750000e+02;1.4333133e-01;2.3750000e+02;1.8976608e-01;2.3750000e+02;2.0906481e-01;2.3750000e+02;2.0075160e-01;2.3750000e+02;2.2152668e-01;2.3750000e+02;1.7866154e-01;2.3750000e+02;1.2148182e-01;2.3750000e+02;7.0537977e-02;2.3750000e+02;2.0638898e-02;2.3750000e+02;-2.3953319e-02;2.3750000e+02;-6.5517776e-02;2.3750000e+02;-1.1133644e-01;2.3750000e+02;-1.5246943e-01;2.3750000e+02;-7.1389325e-02;2.3750000e+02;-6.5530881e-02;2.3750000e+02;-3.9794393e-02;2.3750000e+02;4.0196292e-03;2.3750000e+02;6.5364398e-02;2.3750000e+02;1.4333133e-01;2.3750000e+02;1.8976608e-01;2.3750000e+02;2.0906481e-01;2.3750000e+02;2.0075160e-01;2.3750000e+02;2.2152668e-01;2.3750000e+02;1.7866154e-01;2.3750000e+02;1.2148182e-01;2.3750000e+02;7.0537977e-02;2.3750000e+02;2.0638898e-02;2.3750000e+02;-2.3953319e-02;2.3750000e+02;-6.5517776e-02;2.3750000e+02;-1.1133644e-01;2.3750000e+02;-1.5246943e-01;2.3750000e+02;-7.1389325e-02;2.3750000e+02;-6.5530881e-02;2.3750000e+02;-3.9794393e-02;2.3750000e+02;4.0196292e-03;2.3750000e+02;6.5364398e-02;2.3750000e+02;1.4333133e-01;2.3750000e+02;1.8976608e-01;2.3750000e+02;2.0906481e-01;2.3750000e+02;2.0075160e-01;2.3750000e+02;2.2152668e-01;2.3750000e+02;1.7866154e-01;2.3750000e+02;1.2148182e-01;2.3750000e+02;7.0537977e-02;2.3750000e+02;2.0638898e-02;2.3750000e+02;-2.3953319e-02;2.3750000e+02;-6.5517776e-02;2.3750000e+02;-1.1133644e-01;2.3750000e+02;-1.5246943e-01;2.3750000e+02;-7.1389325e-02;2.3750000e+02;-6.5530881e-02;2.3750000e+02;-3.9794393e-02;2.3750000e+02;4.0196292e-03;2.3750000e+02;6.5364398e-02;2.3750000e+02;1.4333133e-01;2.3750000e+02;1.8976608e-01;2.3750000e+02;2.0906481e-01;2.3750000e+02;2.0075160e-01;2.3750000e+02;2.2152668e-01;2.3750000e+02;1.7866154e-01;2.3750000e+02;1.2148182e-01;2.3750000e+02;7.0537977e-02;2.3750000e+02;2.0638898e-02;2.3750000e+02;-2.3953319e-02;2.3750000e+02;-6.5517776e-02;2.3750000e+02;-1.1133644e-01;2.3750000e+02;-1.5246943e-01;2.3750000e+02;-7.1389325e-02;2.3750000e+02;-6.5530881e-02;2.3750000e+02;-3.9794393e-02;2.3750000e+02;4.0196292e-03;2.3750000e+02;6.5364398e-02;2.3750000e+02;1.4333133e-01;2.3750000e+02;1.8976608e-01;2.3750000e+02;2.0906481e-01;2.3750000e+02;2.0075160e-01;2.3750000e+02;2.2152668e-01;2.3750000e+02;1.7866154e-01;2.3750000e+02;1.2148182e-01;2.3750000e+02;7.0537977e-02;2.3750000e+02;2.0638898e-02;2.3750000e+02;-2.3953319e-02;2.3750000e+02;-6.5517776e-02;2.3750000e+02;-1.1133644e-01;2.3750000e+02;-1.5246943e-01;2.3750000e+02;-7.1389325e-02;2.3750000e+02;-6.5530881e-02;2.3750000e+02;-3.9794393e-02;2.3750000e+02;4.0196292e-03;2.3750000e+02;6.5364398e-02;2.3750000e+02;1.4333133e-01;2.3750000e+02;1.8976608e-01;2.3750000e+02;2.0906481e-01;2.3750000e+02;2.0075160e-01;2.3750000e+02;2.2152668e-01;2.3750000e+02;1.7866154e-01;2.3750000e+02;1.2148182e-01;2.3750000e+02;7.0537977e-02;2.3750000e+02;2.0638898e-02;2.3750000e+02;-2.3953319e-02;2.3750000e+02;-6.5517776e-02;2.3750000e+02;-1.1133644e-01;2.3750000e+02;-1.5246943e-01;2.3750000e+02;-7.1389325e-02;2.3750000e+02;-6.5530881e-02;2.3750000e+02;-3.9794393e-02;2.3750000e+02;4.0196292e-03;2.3750000e+02;6.5364398e-02;2.3750000e+02;1.4333133e-01;2.3750000e+02;1.8976608e-01;2.3750000e+02;2.0906481e-01;2.3750000e+02;2.0075160e-01;2.3750000e+02;2.2152668e-01;2.3750000e+02;1.7866154e-01;2.3750000e+02;1.2148182e-01;2.3750000e+02;7.0537977e-02;2.3750000e+02;2.0638898e-02;2.3750000e+02;-2.3953319e-02;2.3750000e+02;-6.5517776e-02;2.3750000e+02;-1.1133644e-01;2.3750000e+02;-1.5246943e-01;2.3750000e+02;-7.1389325e-02;2.3750000e+02;-6.5530881e-02;2.3750000e+02;-3.9794393e-02;2.3750000e+02;4.0196292e-03;2.3750000e+02;6.5364398e-02;2.3750000e+02;1.4333133e-01;2.3750000e+02;1.8976608e-01;2.3750000e+02;2.0906481e-01;2.3750000e+02;2.0075160e-01;2.3750000e+02;2.2152668e-01;2.3750000e+02;1.7866154e-01;2.3750000e+02;1.2148182e-01;2.3750000e+02;7.0537977e-02;2.3750000e+02;2.0638898e-02;2.3750000e+02;-2.3953319e-02;2.3750000e+02;-6.5517776e-02;2.3750000e+02;-1.1133644e-01;2.3750000e+02;-1.5246943e-01;2.3750000e+02;-7.1389325e-02;2.3750000e+02;-6.5530881e-02;2.3750000e+02;-3.9794393e-02;2.3750000e+02;4.0196292e-03;2.3750000e+02;6.5364398e-02;2.3750000e+02;1.4333133e-01;2.3750000e+02;1.8976608e-01;2.3750000e+02;2.0906481e-01;2.3750000e+02;2.0075160e-01;2.3750000e+02;2.2152668e-01;2.3750000e+02;1.7866154e-01;2.3750000e+02;1.2148182e-01;2.3750000e+02;7.0537977e-02;2.3750000e+02;2.0638898e-02;2.3750000e+02;-2.3953319e-02;2.3750000e+02;-6.5517776e-02;2.3750000e+02;-1.1133644e-01;2.3750000e+02;-1.5246943e-01;2.3750000e+02;-7.1389325e-02;2.3750000e+02;-6.5530881e-02;2.3750000e+02;-3.9794393e-02;2.3750000e+02;4.0196292e-03;2.3750000e+02;6.5364398e-02;2.3750000e+02;1.4333133e-01;2.3750000e+02;1.8976608e-01;2.3750000e+02;2.0906481e-01;2.3750000e+02;2.0075160e-01;2.3750000e+02;2.2152668e-01;2.3750000e+02;1.7866154e-01;2.3750000e+02;1.2148182e-01;2.3750000e+02;7.0537977e-02;2.3750000e+02;2.0638898e-02;2.3750000e+02;-2.3953319e-02;2.3750000e+02;-6.5517776e-02;2.3750000e+02;-1.1133644e-01;2.3750000e+02;-1.5246943e-01;2.3750000e+02;-7.1389325e-02;2.3750000e+02;-6.5530881e-02;2.3750000e+02;-3.9794393e-02;2.3750000e+02;4.0196292e-03;2.3750000e+02;6.5364398e-02;2.3750000e+02;1.4333133e-01;2.3750000e+02;1.8976608e-01;2.3750000e+02;2.0906481e-01;2.3750000e+02;2.0075160e-01;2.3750000e+02;2.2152668e-01;2.3750000e+02;1.7866154e-01;2.3750000e+02;1.2148182e-01;2.3750000e+02;7.0537977e-02;2.3750000e+02;2.0638898e-02;2.3750000e+02;-2.3953319e-02;2.3750000e+02;-6.5517776e-02;2.3750000e+02;-1.1133644e-01;2.3750000e+02;-1.5246943e-01;2.3750000e+02;-7.1389325e-02;2.3750000e+02;-6.5530881e-02;2.3750000e+02;-3.9794393e-02;2.3750000e+02;4.0196292e-03;2.3750000e+02;6.5364398e-02;2.3750000e+02;1.4333133e-01;2.3750000e+02;1.8976608e-01;2.3750000e+02;2.0906481e-01;2.3750000e+02;2.0075160e-01;2.3750000e+02;2.2152668e-01;2.3750000e+02;1.7866154e-01;2.3750000e+02;1.2148182e-01;2.3750000e+02;7.0537977e-02;2.3750000e+02;2.0638898e-02;2.3750000e+02;-2.3953319e-02;2.3750000e+02;-6.5517776e-02;2.3750000e+02;-1.1133644e-01;2.3750000e+02;-1.5246943e-01;2.3750000e+02;-7.1389325e-02;2.3750000e+02;-6.5530881e-02;2.3750000e+02;-3.9794393e-02;2.3750000e+02;4.0196292e-03;2.3750000e+02;6.5364398e-02;2.3750000e+02;1.4333133e-01;2.3750000e+02;1.8976608e-01;2.3750000e+02;2.0906481e-01;2.3750000e+02;2.0075160e-01;2.3750000e+02;2.2152668e-01;2.3750000e+02;1.7866154e-01;2.3750000e+02;1.2148182e-01;2.3750000e+02;7.0537977e-02;2.3750000e+02;2.0638898e-02;2.3750000e+02;-2.3953319e-02;2.3750000e+02;-6.5517776e-02;2.3750000e+02;-1.1133644e-01;2.3750000e+02;-1.5246943e-01;2.3750000e+02;-7.1389325e-02;2.3750000e+02;-6.5530881e-02;2.3750000e+02;-3.9794393e-02;2.3750000e+02;4.0196292e-03;2.3750000e+02;6.5364398e-02;2.3750000e+02;1.4333133e-01;2.3750000e+02;1.8976608e-01;2.3750000e+02;2.0906481e-01;2.3750000e+02;2.0075160e-01;2.3750000e+02;2.2152668e-01;2.3750000e+02;1.7866154e-01;2.3750000e+02;1.2148182e-01;2.3750000e+02;7.0537977e-02;2.3750000e+02;2.0638898e-02;2.3750000e+02;-2.3953319e-02;2.3750000e+02;-6.5517776e-02;2.3750000e+02;-1.1133644e-01;2.3750000e+02;-1.5246943e-01;2.3750000e+02;-7.1389325e-02;2.3750000e+02;-6.5530881e-02;2.3750000e+02;-3.9794393e-02;2.3750000e+02;4.0196292e-03;2.3750000e+02;6.5364398e-02;2.3750000e+02;1.4333133e-01;2.3750000e+02;1.8976608e-01;2.3750000e+02;2.0906481e-01;2.3750000e+02;2.0075160e-01;2.3750000e+02;2.2152668e-01;2.3750000e+02;1.7866154e-01;2.3750000e+02;1.2148182e-01;2.3750000e+02;7.0537977e-02;2.3750000e+02;2.0638898e-02;2.3750000e+02;-2.3953319e-02;2.3750000e+02;-6.5517776e-02;2.3750000e+02;-1.1133644e-01;2.3750000e+02;-1.5246943e-01;2.3750000e+02;-7.1389325e-02;2.3750000e+02;-6.5530881e-02;2.3750000e+02;-3.9794393e-02;2.3750000e+02;4.0196292e-03;2.3750000e+02;6.5364398e-02;2.3750000e+02;1.4333133e-01;2.3750000e+02;1.8976608e-01;2.3750000e+02;2.0906481e-01;2.3750000e+02;2.0075160e-01;2.3750000e+02;2.2152668e-01;2.3750000e+02;1.7866154e-01;2.3750000e+02;1.2148182e-01;2.3750000e+02;7.0537977e-02;2.3750000e+02;2.0638898e-02;2.3750000e+02;-2.3953319e-02;2.3750000e+02;-6.5517776e-02;2.3750000e+02;-1.1133644e-01;2.3750000e+02;-1.5246943e-01;2.3750000e+02;-7.1389325e-02;2.3750000e+02;-6.5530881e-02;2.3750000e+02;-3.9794393e-02;2.3750000e+02;4.0196292e-03;2.3750000e+02;6.5364398e-02;2.3750000e+02;1.4333133e-01;2.3750000e+02;1.8976608e-01;2.3750000e+02;2.0906481e-01;2.3750000e+02;2.0075160e-01;2.3750000e+02;2.2152668e-01;2.3750000e+02;1.7866154e-01;2.3750000e+02;1.2148182e-01;2.3750000e+02;7.0537977e-02;2.3750000e+02;2.0638898e-02;2.3750000e+02;-2.3953319e-02;2.3750000e+02;-6.5517776e-02;2.3750000e+02;-1.1133644e-01;2.3750000e+02;-1.5246943e-01;2.3750000e+02;-7.1389325e-02;2.3750000e+02;-6.5530881e-02;2.3750000e+02;-3.9794393e-02;2.3750000e+02;4.0196292e-03;2.3750000e+02;6.5364398e-02;2.3750000e+02;1.4333133e-01;2.3750000e+02;1.8976608e-01;2.3750000e+02;2.0906481e-01;2.3750000e+02;2.0075160e-01;2.3750000e+02;2.2152668e-01;2.3750000e+02;1.7866154e-01;2.3750000e+02;1.2148182e-01;2.3750000e+02;7.0537977e-02;2.3750000e+02;2.0638898e-02;2.3750000e+02;-2.3953319e-02;2.3750000e+02;-6.5517776e-02;2.3750000e+02;-1.1133644e-01;2.3750000e+02;-1.5246943e-01;2.3750000e+02;-7.1389325e-02;2.3750000e+02;-6.5530881e-02;2.3750000e+02;-3.9794393e-02;2.3750000e+02;4.0196292e-03;2.3750000e+02;6.5364398e-02;2.3750000e+02;1.4333133e-01;2.3750000e+02;1.8976608e-01;2.3750000e+02;2.0906481e-01;2.3750000e+02;2.0075160e-01;2.3750000e+02;2.2152668e-01;2.3750000e+02;1.7866154e-01;2.3750000e+02;1.2148182e-01;2.3750000e+02;7.0537977e-02;2.3750000e+02;2.0638898e-02;2.3750000e+02;-2.3953319e-02;2.3750000e+02;-6.5517776e-02;2.3750000e+02;-1.1133644e-01;2.3750000e+02;-1.5246943e-01;2.3750000e+02;-7.1389325e-02;2.3750000e+02;-6.5530881e-02;2.3750000e+02;-3.9794393e-02;2.3750000e+02;4.0196292e-03;2.3750000e+02;6.5364398e-02;2.3750000e+02;1.4333133e-01;2.3750000e+02;1.8976608e-01;2.3750000e+02;2.0906481e-01;2.3750000e+02;2.0075160e-01;2.3750000e+02;2.2152668e-01;2.3750000e+02;1.7866154e-01;2.3750000e+02;1.2148182e-01;2.3750000e+02;7.0537977e-02;2.3750000e+02;2.0638898e-02;2.3750000e+02;-2.3953319e-02;2.3750000e+02;-6.5517776e-02;2.3750000e+02;-1.1133644e-01;2.3750000e+02;-1.5246943e-01;2.3750000e+02;-7.1389325e-02;2.3750000e+02;-6.5530881e-02;2.3750000e+02;-3.9794393e-02;2.3750000e+02;4.0196292e-03;2.3750000e+02;6.5364398e-02;2.3750000e+02;1.4333133e-01;2.3750000e+02;1.8976608e-01;2.3750000e+02;2.0906481e-01;2.3750000e+02;2.0075160e-01;2.3750000e+02;2.2152668e-01;2.3750000e+02;1.7866154e-01;2.3750000e+02;1.2148182e-01;2.3750000e+02;7.0537977e-02;2.3750000e+02;2.0638898e-02;2.3750000e+02;-2.3953319e-02;2.3750000e+02;-6.5517776e-02;2.3750000e+02;-1.1133644e-01;2.3750000e+02;-1.5246943e-01;2.3750000e+02;-7.1389325e-02;2.3750000e+02;-6.5530881e-02;2.3750000e+02;-3.9794393e-02;2.3750000e+02;4.0196292e-03;2.3750000e+02;6.5364398e-02;2.3750000e+02;1.4333133e-01;2.3750000e+02;1.8976608e-01;2.3750000e+02;2.0906481e-01;2.3750000e+02;2.0075160e-01;2.3750000e+02;2.2152668e-01;2.3750000e+02;1.7866154e-01;2.3750000e+02;1.2148182e-01;2.3750000e+02;7.0537977e-02;2.3750000e+02;2.0638898e-02;2.3750000e+02;-2.3953319e-02;2.3750000e+02;-6.5517776e-02;2.3750000e+02;-1.1133644e-01;2.3750000e+02;-1.5246943e-01;2.3750000e+02;-7.1389325e-02;2.3750000e+02;-6.5530881e-02;2.3750000e+02;-3.9794393e-02;2.3750000e+02;4.0196292e-03;2.3750000e+02;6.5364398e-02;2.3750000e+02;1.4333133e-01;2.3750000e+02;1.8976608e-01;2.3750000e+02;2.0906481e-01;2.3750000e+02;2.0075160e-01;2.3750000e+02;2.2152668e-01;2.3750000e+02;1.7866154e-01;2.3750000e+02;1.2148182e-01;2.3750000e+02;7.0537977e-02;2.3750000e+02;2.0638898e-02;2.3750000e+02;-2.3953319e-02;2.3750000e+02;-6.5517776e-02;2.3750000e+02;-1.1133644e-01;2.3750000e+02;-1.5246943e-01;2.3750000e+02;-7.1389325e-02;2.3750000e+02;-6.5530881e-02;2.3750000e+02;-3.9794393e-02;2.3750000e+02;4.0196292e-03;2.3750000e+02;6.5364398e-02;2.3750000e+02;1.4333133e-01;2.3750000e+02;1.8976608e-01;2.3750000e+02;2.0906481e-01;2.3750000e+02;2.0075160e-01;2.3750000e+02;2.2152668e-01;2.3750000e+02;1.7866154e-01;2.3750000e+02;1.2148182e-01;2.3750000e+02;7.0537977e-02;2.3750000e+02;2.0638898e-02;2.3750000e+02;-2.3953319e-02;2.3750000e+02;-6.5517776e-02;2.3750000e+02;-1.1133644e-01;2.3750000e+02;-1.5246943e-01;2.3750000e+02;-7.1389325e-02;2.3750000e+02;-6.5530881e-02;2.3750000e+02;-3.9794393e-02;2.3750000e+02;4.0196292e-03;2.3750000e+02;6.5364398e-02;2.3750000e+02;1.4333133e-01;2.3750000e+02;1.8976608e-01;2.3750000e+02;2.0906481e-01;2.3750000e+02;2.0075160e-01;2.3750000e+02;2.2152668e-01;2.3750000e+02;1.7866154e-01;2.3750000e+02;1.2148182e-01;2.3750000e+02;7.0537977e-02;2.3750000e+02;2.0638898e-02;2.3750000e+02;-2.3953319e-02;2.3750000e+02;-6.5517776e-02;2.3750000e+02;-1.1133644e-01;2.3750000e+02;-1.5246943e-01;2.3750000e+02;-7.1389325e-02;2.3750000e+02;-6.5530881e-02;2.3750000e+02;-3.9794393e-02;2.3750000e+02;4.0196292e-03;2.3750000e+02;6.5364398e-02;2.3750000e+02;1.4333133e-01;2.3750000e+02;1.8976608e-01;2.3750000e+02;2.0906481e-01;2.3750000e+02;2.0075160e-01;2.3750000e+02;2.2152668e-01;2.3750000e+02;1.7866154e-01;2.3750000e+02;1.2148182e-01;2.3750000e+02;7.0537977e-02;2.3750000e+02;2.0638898e-02;2.3750000e+02;-2.3953319e-02;2.3750000e+02;-6.5517776e-02;2.3750000e+02;-1.1133644e-01;2.3750000e+02;-1.5246943e-01;2.3750000e+02;-7.1389325e-02;2.3750000e+02;-6.5530881e-02;2.3750000e+02;-3.9794393e-02;2.3750000e+02;4.0196292e-03;2.3750000e+02;6.5364398e-02;2.3750000e+02;1.4333133e-01;2.3750000e+02;1.8976608e-01;2.3750000e+02;2.0906481e-01;2.3750000e+02;2.0075160e-01;2.3750000e+02;2.2152668e-01;2.3750000e+02;1.7866154e-01;2.3750000e+02;1.2148182e-01;2.3750000e+02;7.0537977e-02;2.3750000e+02;2.0638898e-02;2.3750000e+02;-2.3953319e-02;2.3750000e+02;-6.5517776e-02;2.3750000e+02;-1.1133644e-01;2.3750000e+02;-1.5246943e-01;2.3750000e+02;-7.1389325e-02;2.3750000e+02;-6.5530881e-02;2.3750000e+02;-3.9794393e-02;2.3750000e+02;4.0196292e-03;2.3750000e+02;6.5364398e-02;2.3750000e+02;1.4333133e-01;2.3750000e+02;1.8976608e-01;2.3750000e+02;2.0906481e-01;2.3750000e+02;2.0075160e-01;2.3750000e+02;2.2152668e-01;2.3750000e+02;1.7866154e-01;2.3750000e+02;1.2148182e-01;2.3750000e+02;7.0537977e-02;2.3750000e+02;2.0638898e-02;2.3750000e+02;-2.3953319e-02;2.3750000e+02;-6.5517776e-02;2.3750000e+02;-1.1133644e-01;2.3750000e+02;-1.5246943e-01;2.3750000e+02;-7.1389325e-02;2.3750000e+02;-6.5530881e-02;2.3750000e+02;-3.9794393e-02;2.3750000e+02;4.0196292e-03;2.3750000e+02;6.5364398e-02;2.3750000e+02;1.4333133e-01;2.3750000e+02;1.8976608e-01;2.3750000e+02;2.0906481e-01;2.3750000e+02;2.0075160e-01;2.3750000e+02;2.2152668e-01;2.3750000e+02;1.7866154e-01;2.3750000e+02;1.2148182e-01;2.3750000e+02;7.0537977e-02;2.3750000e+02;2.0638898e-02;2.3750000e+02;-2.3953319e-02;2.3750000e+02;-6.5517776e-02;2.3750000e+02;-1.1133644e-01;2.3750000e+02;-1.5246943e-01;2.3750000e+02;-7.1389325e-02;2.3750000e+02;-6.5530881e-02;2.3750000e+02;-3.9794393e-02;2.3750000e+02;4.0196292e-03;2.3750000e+02;6.5364398e-02;2.3750000e+02;1.4333133e-01;2.3750000e+02;1.8976608e-01;2.3750000e+02;2.0906481e-01;2.3750000e+02;2.0075160e-01;2.3750000e+02;2.2152668e-01;2.3750000e+02;1.7866154e-01;2.3750000e+02;1.2148182e-01;2.3750000e+02;7.0537977e-02;2.3750000e+02;2.0638898e-02;2.3750000e+02;-2.3953319e-02;2.3750000e+02;-6.5517776e-02;2.3750000e+02;-1.1133644e-01;2.3750000e+02;-1.5246943e-01;2.3750000e+02;-7.1389325e-02;2.3750000e+02;-6.5530881e-02;2.3750000e+02;-3.9794393e-02;2.3750000e+02;4.0196292e-03;2.3750000e+02;6.5364398e-02;2.3750000e+02;1.4333133e-01;2.3750000e+02;1.8976608e-01;2.3750000e+02;2.0906481e-01;2.3750000e+02;2.0075160e-01;2.3750000e+02;2.2152668e-01;2.3750000e+02;1.7866154e-01;2.3750000e+02;1.2148182e-01;2.3750000e+02;7.0537977e-02;2.3750000e+02;2.0638898e-02;2.3750000e+02;-2.3953319e-02;2.3750000e+02;-6.5517776e-02;2.3750000e+02;-1.1133644e-01;2.3750000e+02;-1.5246943e-01;2.3750000e+02;-7.1389325e-02;2.3750000e+02;-6.5530881e-02;2.3750000e+02;-3.9794393e-02;2.3750000e+02;4.0196292e-03;2.3750000e+02;6.5364398e-02;2.3750000e+02;1.4333133e-01;2.3750000e+02;1.8976608e-01;2.3750000e+02;2.0906481e-01;2.3750000e+02;2.0075160e-01;2.3750000e+02;2.2152668e-01;2.3750000e+02;1.7866154e-01;2.3750000e+02;1.2148182e-01;2.3750000e+02;7.0537977e-02;2.3750000e+02;2.0638898e-02;2.3750000e+02;-2.3953319e-02;2.3750000e+02;-6.5517776e-02;2.3750000e+02;-1.1133644e-01;2.3750000e+02;-1.5246943e-01;2.3750000e+02;-7.1389325e-02;2.3750000e+02;-6.5530881e-02;2.3750000e+02;-3.9794393e-02;2.3750000e+02;4.0196292e-03;2.3750000e+02;6.5364398e-02;2.3750000e+02;1.4333133e-01;2.3750000e+02;1.8976608e-01;2.3750000e+02;2.0906481e-01;2.3750000e+02;2.0075160e-01;2.3750000e+02;2.2152668e-01;2.3750000e+02;1.7866154e-01;2.3750000e+02;1.2148182e-01;2.3750000e+02;7.0537977e-02;2.3750000e+02;2.0638898e-02;2.3750000e+02;-2.3953319e-02;2.3750000e+02;-6.5517776e-02;2.3750000e+02;-1.1133644e-01;2.3750000e+02;-1.5246943e-01;2.3750000e+02;-7.1389325e-02;2.3750000e+02;-6.5530881e-02;2.3750000e+02;-3.9794393e-02;2.3750000e+02;4.0196292e-03;2.3750000e+02;6.5364398e-02;2.3750000e+02;1.4333133e-01;2.3750000e+02;1.8976608e-01;2.3750000e+02;2.0906481e-01;2.3750000e+02;2.0075160e-01;2.3750000e+02;2.2152668e-01;2.3750000e+02;1.7866154e-01;2.3750000e+02;1.2148182e-01;2.3750000e+02;7.0537977e-02;2.3750000e+02;2.0638898e-02;2.3750000e+02;-2.3953319e-02;2.3750000e+02;-6.5517776e-02;2.3750000e+02;-1.1133644e-01;2.3750000e+02;-1.5246943e-01;2.3750000e+02;-7.1389325e-02;2.3750000e+02;-6.5530881e-02;2.3750000e+02;-3.9794393e-02;2.3750000e+02;4.0196292e-03;2.3750000e+02;6.5364398e-02;2.3750000e+02;1.4333133e-01;2.3750000e+02;1.8976608e-01;2.3750000e+02;2.0906481e-01;2.3750000e+02;2.0075160e-01;2.3750000e+02;2.2152668e-01;2.3750000e+02;1.7866154e-01;2.3750000e+02;1.2148182e-01;2.3750000e+02;7.0537977e-02;2.3750000e+02;2.0638898e-02;2.3750000e+02;-2.3953319e-02;2.3750000e+02;-6.5517776e-02;2.3750000e+02;-1.1133644e-01;2.3750000e+02;-1.5246943e-01;2.3750000e+02;-7.1389325e-02;2.3750000e+02;-6.5530881e-02;2.3750000e+02;-3.9794393e-02;2.3750000e+02;4.0196292e-03;2.3750000e+02;6.5364398e-02;2.3750000e+02;1.4333133e-01;2.3750000e+02;1.8976608e-01;2.3750000e+02;2.0906481e-01;2.3750000e+02;2.0075160e-01;2.3750000e+02;2.2152668e-01;2.3750000e+02;1.7866154e-01;2.3750000e+02;1.2148182e-01;2.3750000e+02;7.0537977e-02;2.3750000e+02;2.0638898e-02;2.3750000e+02;-2.3953319e-02;2.3750000e+02;-6.5517776e-02;2.3750000e+02;-1.1133644e-01;2.3750000e+02;-1.5246943e-01;2.3750000e+02;-7.1389325e-02;2.3750000e+02;-6.5530881e-02;2.3750000e+02;-3.9794393e-02;2.3750000e+02;4.0196292e-03;2.3750000e+02;6.5364398e-02;2.3750000e+02;1.4333133e-01;2.3750000e+02;1.8976608e-01;2.3750000e+02;2.0906481e-01;2.3750000e+02;2.0075160e-01;2.3750000e+02;2.2152668e-01;2.3750000e+02;1.7866154e-01;2.3750000e+02;1.2148182e-01;2.3750000e+02;7.0537977e-02;2.3750000e+02;2.0638898e-02;2.3750000e+02;-2.3953319e-02;2.3750000e+02;-6.5517776e-02;2.3750000e+02;-1.1133644e-01;2.3750000e+02;-1.5246943e-01;2.3750000e+02;-7.1389325e-02;2.3750000e+02;-6.5530881e-02;2.3750000e+02;-3.9794393e-02;2.3750000e+02;4.0196292e-03;2.3750000e+02;6.5364398e-02;2.3750000e+02;1.4333133e-01;2.3750000e+02;1.8976608e-01;2.3750000e+02;2.0906481e-01;2.3750000e+02;2.0075160e-01;2.3750000e+02;2.2152668e-01;2.3750000e+02;1.7866154e-01;2.3750000e+02;1.2148182e-01;2.3750000e+02;7.0537977e-02;2.3750000e+02;2.0638898e-02;2.3750000e+02;-2.3953319e-02;2.3750000e+02;-6.5517776e-02;2.3750000e+02;-1.1133644e-01;2.3750000e+02;-1.5246943e-01;2.3750000e+02;-7.1389325e-02;2.3750000e+02;-6.5530881e-02;2.3750000e+02;-3.9794393e-02;2.3750000e+02;4.0196292e-03;2.3750000e+02;6.5364398e-02;2.3750000e+02;1.4333133e-01;2.3750000e+02;1.8976608e-01;2.3750000e+02;2.0906481e-01;2.3750000e+02;2.0075160e-01;2.3750000e+02;2.2152668e-01;2.3750000e+02;1.7866154e-01;2.3750000e+02;1.2148182e-01;2.3750000e+02;7.0537977e-02;2.3750000e+02;2.0638898e-02;2.3750000e+02;-2.3953319e-02;2.3750000e+02;-6.5517776e-02;2.3750000e+02;-1.1133644e-01;2.3750000e+02;-1.5246943e-01;2.3750000e+02;-7.1389325e-02;2.3750000e+02;-6.5530881e-02;2.3750000e+02;-3.9794393e-02;2.3750000e+02;4.0196292e-03;2.3750000e+02;6.5364398e-02;2.3750000e+02;1.4333133e-01;2.3750000e+02;1.8976608e-01;2.3750000e+02;2.0906481e-01;2.3750000e+02;2.0075160e-01;2.3750000e+02;2.2152668e-01;2.3750000e+02;1.7866154e-01;2.3750000e+02;1.2148182e-01;2.3750000e+02;7.0537977e-02;2.3750000e+02;2.0638898e-02;2.3750000e+02;-2.3953319e-02;2.3750000e+02;-6.5517776e-02;2.3750000e+02;-1.1133644e-01;2.3750000e+02;-1.5246943e-01;2.3750000e+02;-7.1389325e-02;2.3750000e+02;-6.5530881e-02;2.3750000e+02;-3.9794393e-02;2.3750000e+02;4.0196292e-03;2.3750000e+02;6.5364398e-02;2.3750000e+02;1.4333133e-01;2.3750000e+02;1.8976608e-01;2.3750000e+02;2.0906481e-01;2.3750000e+02;2.0075160e-01;2.3750000e+02;2.2152668e-01;2.3750000e+02;1.7866154e-01;2.3750000e+02;1.2148182e-01;2.3750000e+02;7.0537977e-02;2.3750000e+02;2.0638898e-02;2.3750000e+02;-2.3953319e-02;2.3750000e+02;-6.5517776e-02;2.3750000e+02;-1.1133644e-01;2.3750000e+02;-1.5246943e-01;2.3750000e+02;-7.1389325e-02;2.3750000e+02;-6.5530881e-02;2.3750000e+02;-3.9794393e-02;2.3750000e+02;4.0196292e-03;2.3750000e+02;6.5364398e-02;2.3750000e+02;1.4333133e-01;2.3750000e+02;1.8976608e-01;2.3750000e+02;2.0906481e-01;2.3750000e+02;2.0075160e-01;2.3750000e+02;2.2152668e-01;2.3750000e+02;1.7866154e-01;2.3750000e+02;1.2148182e-01;2.3750000e+02;7.0537977e-02;2.3750000e+02;2.0638898e-02;2.3750000e+02;-2.3953319e-02;2.3750000e+02;-6.5517776e-02;2.3750000e+02;-1.1133644e-01;2.3750000e+02;-1.5246943e-01
2.4250000e+02;-6.1562955e-02;2.4250000e+02;-5.8699112e-02;2.4250000e+02;-3.3566643e-02;2.4250000e+02;1.2628023e-02;2.4250000e+02;7.6633051e-02;2.4250000e+02;1.5538557e-01;2.4250000e+02;1.9883585e-01;2.4250000e+02;2.0710331e-01;2.4250000e+02;2.0101240e-01;2.4250000e+02;2.2736043e-01;2.4250000e+02;1.8838239e-01;2.4250000e+02;1.3208842e-01;2.4250000e+02;7.8796759e-02;2.4250000e+02;3.3164963e-02;2.4250000e+02;-1.1815742e-02;2.4250000e+02;-5.8880121e-02;2.4250000e+02;-1.0057604e-01;2.4250000e+02;-1.4437062e-01;2.4250000e+02;-6.1562955e-02;2.4250000e+02;-5.8699112e-02;2.4250000e+02;-3.3566643e-02;2.4250000e+02;1.2628023e-02;2.4250000e+02;7.6633051e-02;2.4250000e+02;1.5538557e-01;2.4250000e+02;1.9883585e-01;2.4250000e+02;2.0710331e-01;2.4250000e+02;2.0101240e-01;2.4250000e+02;2.2736043e-01;2.4250000e+02;1.8838239e-01;2.4250000e+02;1.3208842e-01;2.4250000e+02;7.8796759e-02;2.4250000e+02;3.3164963e-02;2.4250000e+02;-1.1815742e-02;2.4250000e+02;-5.8880121e-02;2.4250000e+02;-1.0057604e-01;2.4250000e+02;-1.4437062e-01;2.4250000e+02;-6.1562955e-02;2.4250000e+02;-5.8699112e-02;2.4250000e+02;-3.3566643e-02;2.4250000e+02;1.2628023e-02;2.4250000e+02;7.6633051e-02;2.4250000e+02;1.5538557e-01;2.4250000e+02;1.9883585e-01;2.4250000e+02;2.0710331e-01;2.4250000e+02;2.0101240e-01;2.4250000e+02;2.2736043e-01;2.4250000e+02;1.8838239e-01;2.4250000e+02;1.3208842e-01;2.4250000e+02;7.8796759e-02;2.4250000e+02;3.3164963e-02;2.4250000e+02;-1.1815742e-02;2.4250000e+02;-5.8880121e-02;2.4250000e+02;-1.0057604e-01;2.4250000e+02;-1.4437062e-01;2.4250000e+02;-6.1562955e-02;2.4250000e+02;-5.8699112e-02;2.4250000e+02;-3.3566643e-02;2.4250000e+02;1.2628023e-02;2.4250000e+02;7.6633051e-02;2.4250000e+02;1.5538557e-01;2.4250000e+02;1.9883585e-01;2.4250000e+02;2.0710331e-01;2.4250000e+02;2.0101240e-01;2.4250000e+02;2.2736043e-01;2.4250000e+02;1.8838239e-01;2.4250000e+02;1.3208842e-01;2.4250000e+02;7.8796759e-02;2.4250000e+02;3.3164963e-02;2.4250000e+02;-1.1815742e-02;2.4250000e+02;-5.8880121e-02;2.4250000e+02;-1.0057604e-01;2.4250000e+02;-1.4437062e-01;2.4250000e+02;-6.1562955e-02;2.4250000e+02;-5.8699112e-02;2.4250000e+02;-3.3566643e-02;2.4250000e+02;1.2628023e-02;2.4250000e+02;7.6633051e-02;2.4250000e+02;1.5538557e-01;2.4250000e+02;1.9883585e-01;2.4250000e+02;2.0710331e-01;2.4250000e+02;2.0101240e-01;2.4250000e+02;2.2736043e-01;2.4250000e+02;1.8838239e-01;2.4250000e+02;1.3208842e-01;2.4250000e+02;7.8796759e-02;2.4250000e+02;3.3164963e-02;2.4250000e+02;-1.1815742e-02;2.4250000e+02;-5.8880121e-02;2.4250000e+02;-1.0057604e-01;2.4250000e+02;-1.4437062e-01;2.4250000e+02;-6.1562955e-02;2.4250000e+02;-5.8699112e-02;2.4250000e+02;-3.3566643e-02;2.4250000e+02;1.2628023e-02;2.4250000e+02;7.6633051e-02;2.4250000e+02;1.5538557e-01;2.4250000e+02;1.9883585e-01;2.4250000e+02;2.0710331e-01;2.4250000e+02;2.0101240e-01;2.4250000e+02;2.2736043e-01;2.4250000e+02;1.8838239e-01;2.4250000e+02;1.3208842e-01;2.4250000e+02;7.8796759e-02;2.4250000e+02;3.3164963e-02;2.4250000e+02;-1.1815742e-02;2.4250000e+02;-5.8880121e-02;2.4250000e+02;-1.0057604e-01;2.4250000e+02;-1.4437062e-01;2.4250000e+02;-6.1562955e-02;2.4250000e+02;-5.8699112e-02;2.4250000e+02;-3.3566643e-02;2.4250000e+02;1.2628023e-02;2.4250000e+02;7.6633051e-02;2.4250000e+02;1.5538557e-01;2.4250000e+02;1.9883585e-01;2.4250000e+02;2.0710331e-01;2.4250000e+02;2.0101240e-01;2.4250000e+02;2.2736043e-01;2.4250000e+02;1.8838239e-01;2.4250000e+02;1.3208842e-01;2.4250000e+02;7.8796759e-02;2.4250000e+02;3.3164963e-02;2.4250000e+02;-1.1815742e-02;2.4250000e+02;-5.8880121e-02;2.4250000e+02;-1.0057604e-01;2.4250000e+02;-1.4437062e-01;2.4250000e+02;-6.1562955e-02;2.4250000e+02;-5.8699112e-02;2.4250000e+02;-3.3566643e-02;2.4250000e+02;1.2628023e-02;2.4250000e+02;7.6633051e-02;2.4250000e+02;1.5538557e-01;2.4250000e+02;1.9883585e-01;2.4250000e+02;2.0710331e-01;2.4250000e+02;2.0101240e-01;2.4250000e+02;2.2736043e-01;2.4250000e+02;1.8838239e-01;2.4250000e+02;1.3208842e-01;2.4250000e+02;7.8796759e-02;2.4250000e+02;3.3164963e-02;2.4250000e+02;-1.1815742e-02;2.4250000e+02;-5.8880121e-02;2.4250000e+02;-1.0057604e-01;2.4250000e+02;-1.4437062e-01;2.4250000e+02;-6.1562955e-02;2.4250000e+02;-5.8699112e-02;2.4250000e+02;-3.3566643e-02;2.4250000e+02;1.2628023e-02;2.4250000e+02;7.6633051e-02;2.4250000e+02;1.5538557e-01;2.4250000e+02;1.9883585e-01;2.4250000e+02;2.0710331e-01;2.4250000e+02;2.0101240e-01;2.4250000e+02;2.2736043e-01;2.4250000e+02;1.8838239e-01;2.4250000e+02;1.3208842e-01;2.4250000e+02;7.8796759e-02;2.4250000e+02;3.3164963e-02;2.4250000e+02;-1.1815742e-02;2.4250000e+02;-5.8880121e-02;2.4250000e+02;-1.0057604e-01;2.4250000e+02;-1.4437062e-01;2.4250000e+02;-6.1562955e-02;2.4250000e+02;-5.8699112e-02;2.4250000e+02;-3.3566643e-02;2.4250000e+02;1.2628023e-02;2.4250000e+02;7.6633051e-02;2.4250000e+02;1.5538557e-01;2.4250000e+02;1.9883585e-01;2.4250000e+02;2.0710331e-01;2.4250000e+02;2.0101240e-01;2.4250000e+02;2.2736043e-01;2.4250000e+02;1.8838239e-01;2.4250000e+02;1.3208842e-01;2.4250000e+02;7.8796759e-02;2.4250000e+02;3.3164963e-02;2.4250000e+02;-1.1815742e-02;2.4250000e+02;-5.8880121e-02;2.4250000e+02;-1.0057604e-01;2.4250000e+02;-1.4437062e-01;2.4250000e+02;-6.1562955e-02;2.4250000e+02;-5.8699112e-02;2.4250000e+02;-3.3566643e-02;2.4250000e+02;1.2628023e-02;2.4250000e+02;7.6633051e-02;2.4250000e+02;1.5538557e-01;2.4250000e+02;1.9883585e-01;2.4250000e+02;2.0710331e-01;2.4250000e+02;2.0101240e-01;2.4250000e+02;2.2736043e-01;2.4250000e+02;1.8838239e-01;2.4250000e+02;1.3208842e-01;2.4250000e+02;7.8796759e-02;2.4250000e+02;3.3164963e-02;2.4250000e+02;-1.1815742e-02;2.4250000e+02;-5.8880121e-02;2.4250000e+02;-1.0057604e-01;2.4250000e+02;-1.4437062e-01;2.4250000e+02;-6.1562955e-02;2.4250000e+02;-5.8699112e-02;2.4250000e+02;-3.3566643e-02;2.4250000e+02;1.2628023e-02;2.4250000e+02;7.6633051e-02;2.4250000e+02;1.5538557e-01;2.4250000e+02;1.9883585e-01;2.4250000e+02;2.0710331e-01;2.4250000e+02;2.0101240e-01;2.4250000e+02;2.2736043e-01;2.4250000e+02;1.8838239e-01;2.4250000e+02;1.3208842e-01;2.4250000e+02;7.8796759e-02;2.4250000e+02;3.3164963e-02;2.4250000e+02;-1.1815742e-02;2.4250000e+02;-5.8880121e-02;2.4250000e+02;-1.0057604e-01;2.4250000e+02;-1.4437062e-01;2.4250000e+02;-6.1562955e-02;2.4250000e+02;-5.8699112e-02;2.4250000e+02;-3.3566643e-02;2.4250000e+02;1.2628023e-02;2.4250000e+02;7.6633051e-02;2.4250000e+02;1.5538557e-01;2.4250000e+02;1.9883585e-01;2.4250000e+02;2.0710331e-01;2.4250000e+02;2.0101240e-01;2.4250000e+02;2.2736043e-01;2.4250000e+02;1.8838239e-01;2.4250000e+02;1.3208842e-01;2.4250000e+02;7.8796759e-02;2.4250000e+02;3.3164963e-02;2.4250000e+02;-1.1815742e-02;2.4250000e+02;-5.8880121e-02;2.4250000e+02;-1.0057604e-01;2.4250000e+02;-1.4437062e-01;2.4250000e+02;-6.1562955e-02;2.4250000e+02;-5.8699112e-02;2.4250000e+02;-3.3566643e-02;2.4250000e+02;1.2628023e-02;2.4250000e+02;7.6633051e-02;2.4250000e+02;1.5538557e-01;2.4250000e+02;1.9883585e-01;2.4250000e+02;2.0710331e-01;2.4250000e+02;2.0101240e-01;2.4250000e+02;2.2736043e-01;2.4250000e+02;1.8838239e-01;2.4250000e+02;1.3208842e-01;2.4250000e+02;7.8796759e-02;2.4250000e+02;3.3164963e-02;2.4250000e+02;-1.1815742e-02;2.4250000e+02;-5.8880121e-02;2.4250000e+02;-1.0057604e-01;2.4250000e+02;-1.4437062e-01;2.4250000e+02;-6.1562955e-02;2.4250000e+02;-5.8699112e-02;2.4250000e+02;-3.3566643e-02;2.4250000e+02;1.2628023e-02;2.4250000e+02;7.6633051e-02;2.4250000e+02;1.5538557e-01;2.4250000e+02;1.9883585e-01;2.4250000e+02;2.0710331e-01;2.4250000e+02;2.0101240e-01;2.4250000e+02;2.2736043e-01;2.4250000e+02;1.8838239e-01;2.4250000e+02;1.3208842e-01;2.4250000e+02;7.8796759e-02;2.4250000e+02;3.3164963e-02;2.4250000e+02;-1.1815742e-02;2.4250000e+02;-5.8880121e-02;2.4250000e+02;-1.0057604e-01;2.4250000e+02;-1.4437062e-01;2.4250000e+02;-6.1562955e-02;2.4250000e+02;-5.8699112e-02;2.4250000e+02;-3.3566643e-02;2.4250000e+02;1.2628023e-02;2.4250000e+02;7.6633051e-02;2.4250000e+02;1.5538557e-01;2.4250000e+02;1.9883585e-01;2.4250000e+02;2.0710331e-01;2.4250000e+02;2.0101240e-01;2.4250000e+02;2.2736043e-01;2.4250000e+02;1.8838239e-01;2.4250000e+02;1.3208842e-01;2.4250000e+02;7.8796759e-02;2.4250000e+02;3.3164963e-02;2.4250000e+02;-1.1815742e-02;2.4250000e+02;-5.8880121e-02;2.4250000e+02;-1.0057604e-01;2.4250000e+02;-1.4437062e-01;2.4250000e+02;-6.1562955e-02;2.4250000e+02;-5.8699112e-02;2.4250000e+02;-3.3566643e-02;2.4250000e+02;1.2628023e-02;2.4250000e+02;7.6633051e-02;2.4250000e+02;1.5538557e-01;2.4250000e+02;1.9883585e-01;2.4250000e+02;2.0710331e-01;2.4250000e+02;2.0101240e-01;2.4250000e+02;2.2736043e-01;2.4250000e+02;1.8838239e-01;2.4250000e+02;1.3208842e-01;2.4250000e+02;7.8796759e-02;2.4250000e+02;3.3164963e-02;2.4250000e+02;-1.1815742e-02;2.4250000e+02;-5.8880121e-02;2.4250000e+02;-1.0057604e-01;2.4250000e+02;-1.4437062e-01;2.4250000e+02;-6.1562955e-02;2.4250000e+02;-5.8699112e-02;2.4250000e+02;-3.3566643e-02;2.4250000e+02;1.2628023e-02;2.4250000e+02;7.6633051e-02;2.4250000e+02;1.5538557e-01;2.4250000e+02;1.9883585e-01;2.4250000e+02;2.0710331e-01;2.4250000e+02;2.0101240e-01;2.4250000e+02;2.2736043e-01;2.4250000e+02;1.8838239e-01;2.4250000e+02;1.3208842e-01;2.4250000e+02;7.8796759e-02;2.4250000e+02;3.3164963e-02;2.4250000e+02;-1.1815742e-02;2.4250000e+02;-5.8880121e-02;2.4250000e+02;-1.0057604e-01;2.4250000e+02;-1.4437062e-01;2.4250000e+02;-6.1562955e-02;2.4250000e+02;-5.8699112e-02;2.4250000e+02;-3.3566643e-02;2.4250000e+02;1.2628023e-02;2.4250000e+02;7.6633051e-02;2.4250000e+02;1.5538557e-01;2.4250000e+02;1.9883585e-01;2.4250000e+02;2.0710331e-01;2.4250000e+02;2.0101240e-01;2.4250000e+02;2.2736043e-01;2.4250000e+02;1.8838239e-01;2.4250000e+02;1.3208842e-01;2.4250000e+02;7.8796759e-02;2.4250000e+02;3.3164963e-02;2.4250000e+02;-1.1815742e-02;2.4250000e+02;-5.8880121e-02;2.4250000e+02;-1.0057604e-01;2.4250000e+02;-1.4437062e-01;2.4250000e+02;-6.1562955e-02;2.4250000e+02;-5.8699112e-02;2.4250000e+02;-3.3566643e-02;2.4250000e+02;1.2628023e-02;2.4250000e+02;7.6633051e-02;2.4250000e+02;1.5538557e-01;2.4250000e+02;1.9883585e-01;2.4250000e+02;2.0710331e-01;2.4250000e+02;2.0101240e-01;2.4250000e+02;2.2736043e-01;2.4250000e+02;1.8838239e-01;2.4250000e+02;1.3208842e-01;2.4250000e+02;7.8796759e-02;2.4250000e+02;3.3164963e-02;2.4250000e+02;-1.1815742e-02;2.4250000e+02;-5.8880121e-02;2.4250000e+02;-1.0057604e-01;2.4250000e+02;-1.4437062e-01;2.4250000e+02;-6.1562955e-02;2.4250000e+02;-5.8699112e-02;2.4250000e+02;-3.3566643e-02;2.4250000e+02;1.2628023e-02;2.4250000e+02;7.6633051e-02;2.4250000e+02;1.5538557e-01;2.4250000e+02;1.9883585e-01;2.4250000e+02;2.0710331e-01;2.4250000e+02;2.0101240e-01;2.4250000e+02;2.2736043e-01;2.4250000e+02;1.8838239e-01;2.4250000e+02;1.3208842e-01;2.4250000e+02;7.8796759e-02;2.4250000e+02;3.3164963e-02;2.4250000e+02;-1.1815742e-02;2.4250000e+02;-5.8880121e-02;2.4250000e+02;-1.0057604e-01;2.4250000e+02;-1.4437062e-01;2.4250000e+02;-6.1562955e-02;2.4250000e+02;-5.8699112e-02;2.4250000e+02;-3.3566643e-02;2.4250000e+02;1.2628023e-02;2.4250000e+02;7.6633051e-02;2.4250000e+02;1.5538557e-01;2.4250000e+02;1.9883585e-01;2.4250000e+02;2.0710331e-01;2.4250000e+02;2.0101240e-01;2.4250000e+02;2.2736043e-01;2.4250000e+02;1.8838239e-01;2.4250000e+02;1.3208842e-01;2.4250000e+02;7.8796759e-02;2.4250000e+02;3.3164963e-02;2.4250000e+02;-1.1815742e-02;2.4250000e+02;-5.8880121e-02;2.4250000e+02;-1.0057604e-01;2.4250000e+02;-1.4437062e-01;2.4250000e+02;-6.1562955e-02;2.4250000e+02;-5.8699112e-02;2.4250000e+02;-3.3566643e-02;2.4250000e+02;1.2628023e-02;2.4250000e+02;7.6633051e-02;2.4250000e+02;1.5538557e-01;2.4250000e+02;1.9883585e-01;2.4250000e+02;2.0710331e-01;2.4250000e+02;2.0101240e-01;2.4250000e+02;2.2736043e-01;2.4250000e+02;1.8838239e-01;2.4250000e+02;1.3208842e-01;2.4250000e+02;7.8796759e-02;2.4250000e+02;3.3164963e-02;2.4250000e+02;-1.1815742e-02;2.4250000e+02;-5.8880121e-02;2.4250000e+02;-1.0057604e-01;2.4250000e+02;-1.4437062e-01;2.4250000e+02;-6.1562955e-02;2.4250000e+02;-5.8699112e-02;2.4250000e+02;-3.3566643e-02;2.4250000e+02;1.2628023e-02;2.4250000e+02;7.6633051e-02;2.4250000e+02;1.5538557e-01;2.4250000e+02;1.9883585e-01;2.4250000e+02;2.0710331e-01;2.4250000e+02;2.0101240e-01;2.4250000e+02;2.2736043e-01;2.4250000e+02;1.8838239e-01;2.4250000e+02;1.3208842e-01;2.4250000e+02;7.8796759e-02;2.4250000e+02;3.3164963e-02;2.4250000e+02;-1.1815742e-02;2.4250000e+02;-5.8880121e-02;2.4250000e+02;-1.0057604e-01;2.4250000e+02;-1.4437062e-01;2.4250000e+02;-6.1562955e-02;2.4250000e+02;-5.8699112e-02;2.4250000e+02;-3.3566643e-02;2.4250000e+02;1.2628023e-02;2.4250000e+02;7.6633051e-02;2.4250000e+02;1.5538557e-01;2.4250000e+02;1.9883585e-01;2.4250000e+02;2.0710331e-01;2.4250000e+02;2.0101240e-01;2.4250000e+02;2.2736043e-01;2.4250000e+02;1.8838239e-01;2.4250000e+02;1.3208842e-01;2.4250000e+02;7.8796759e-02;2.4250000e+02;3.3164963e-02;2.4250000e+02;-1.1815742e-02;2.4250000e+02;-5.8880121e-02;2.4250000e+02;-1.0057604e-01;2.4250000e+02;-1.4437062e-01;2.4250000e+02;-6.1562955e-02;2.4250000e+02;-5.8699112e-02;2.4250000e+02;-3.3566643e-02;2.4250000e+02;1.2628023e-02;2.4250000e+02;7.6633051e-02;2.4250000e+02;1.5538557e-01;2.4250000e+02;1.9883585e-01;2.4250000e+02;2.0710331e-01;2.4250000e+02;2.0101240e-01;2.4250000e+02;2.2736043e-01;2.4250000e+02;1.8838239e-01;2.4250000e+02;1.3208842e-01;2.4250000e+02;7.8796759e-02;2.4250000e+02;3.3164963e-02;2.4250000e+02;-1.1815742e-02;2.4250000e+02;-5.8880121e-02;2.4250000e+02;-1.0057604e-01;2.4250000e+02;-1.4437062e-01;2.4250000e+02;-6.1562955e-02;2.4250000e+02;-5.8699112e-02;2.4250000e+02;-3.3566643e-02;2.4250000e+02;1.2628023e-02;2.4250000e+02;7.6633051e-02;2.4250000e+02;1.5538557e-01;2.4250000e+02;1.9883585e-01;2.4250000e+02;2.0710331e-01;2.4250000e+02;2.0101240e-01;2.4250000e+02;2.2736043e-01;2.4250000e+02;1.8838239e-01;2.4250000e+02;1.3208842e-01;2.4250000e+02;7.8796759e-02;2.4250000e+02;3.3164963e-02;2.4250000e+02;-1.1815742e-02;2.4250000e+02;-5.8880121e-02;2.4250000e+02;-1.0057604e-01;2.4250000e+02;-1.4437062e-01;2.4250000e+02;-6.1562955e-02;2.4250000e+02;-5.8699112e-02;2.4250000e+02;-3.3566643e-02;2.4250000e+02;1.2628023e-02;2.4250000e+02;7.6633051e-02;2.4250000e+02;1.5538557e-01;2.4250000e+02;1.9883585e-01;2.4250000e+02;2.0710331e-01;2.4250000e+02;2.0101240e-01;2.4250000e+02;2.2736043e-01;2.4250000e+02;1.8838239e-01;2.4250000e+02;1.3208842e-01;2.4250000e+02;7.8796759e-02;2.4250000e+02;3.3164963e-02;2.4250000e+02;-1.1815742e-02;2.4250000e+02;-5.8880121e-02;2.4250000e+02;-1.0057604e-01;2.4250000e+02;-1.4437062e-01;2.4250000e+02;-6.1562955e-02;2.4250000e+02;-5.8699112e-02;2.4250000e+02;-3.3566643e-02;2.4250000e+02;1.2628023e-02;2.4250000e+02;7.6633051e-02;2.4250000e+02;1.5538557e-01;2.4250000e+02;1.9883585e-01;2.4250000e+02;2.0710331e-01;2.4250000e+02;2.0101240e-01;2.4250000e+02;2.2736043e-01;2.4250000e+02;1.8838239e-01;2.4250000e+02;1.3208842e-01;2.4250000e+02;7.8796759e-02;2.4250000e+02;3.3164963e-02;2.4250000e+02;-1.1815742e-02;2.4250000e+02;-5.8880121e-02;2.4250000e+02;-1.0057604e-01;2.4250000e+02;-1.4437062e-01;2.4250000e+02;-6.1562955e-02;2.4250000e+02;-5.8699112e-02;2.4250000e+02;-3.3566643e-02;2.4250000e+02;1.2628023e-02;2.4250000e+02;7.6633051e-02;2.4250000e+02;1.5538557e-01;2.4250000e+02;1.9883585e-01;2.4250000e+02;2.0710331e-01;2.4250000e+02;2.0101240e-01;2.4250000e+02;2.2736043e-01;2.4250000e+02;1.8838239e-01;2.4250000e+02;1.3208842e-01;2.4250000e+02;7.8796759e-02;2.4250000e+02;3.3164963e-02;2.4250000e+02;-1.1815742e-02;2.4250000e+02;-5.8880121e-02;2.4250000e+02;-1.0057604e-01;2.4250000e+02;-1.4437062e-01;2.4250000e+02;-6.1562955e-02;2.4250000e+02;-5.8699112e-02;2.4250000e+02;-3.3566643e-02;2.4250000e+02;1.2628023e-02;2.4250000e+02;7.6633051e-02;2.4250000e+02;1.5538557e-01;2.4250000e+02;1.9883585e-01;2.4250000e+02;2.0710331e-01;2.4250000e+02;2.0101240e-01;2.4250000e+02;2.2736043e-01;2.4250000e+02;1.8838239e-01;2.4250000e+02;1.3208842e-01;2.4250000e+02;7.8796759e-02;2.4250000e+02;3.3164963e-02;2.4250000e+02;-1.1815742e-02;2.4250000e+02;-5.8880121e-02;2.4250000e+02;-1.0057604e-01;2.4250000e+02;-1.4437062e-01;2.4250000e+02;-6.1562955e-02;2.4250000e+02;-5.8699112e-02;2.4250000e+02;-3.3566643e-02;2.4250000e+02;1.2628023e-02;2.4250000e+02;7.6633051e-02;2.4250000e+02;1.5538557e-01;2.4250000e+02;1.9883585e-01;2.4250000e+02;2.0710331e-01;2.4250000e+02;2.0101240e-01;2.4250000e+02;2.2736043e-01;2.4250000e+02;1.8838239e-01;2.4250000e+02;1.3208842e-01;2.4250000e+02;7.8796759e-02;2.4250000e+02;3.3164963e-02;2.4250000e+02;-1.1815742e-02;2.4250000e+02;-5.8880121e-02;2.4250000e+02;-1.0057604e-01;2.4250000e+02;-1.4437062e-01;2.4250000e+02;-6.1562955e-02;2.4250000e+02;-5.8699112e-02;2.4250000e+02;-3.3566643e-02;2.4250000e+02;1.2628023e-02;2.4250000e+02;7.6633051e-02;2.4250000e+02;1.5538557e-01;2.4250000e+02;1.9883585e-01;2.4250000e+02;2.0710331e-01;2.4250000e+02;2.0101240e-01;2.4250000e+02;2.2736043e-01;2.4250000e+02;1.8838239e-01;2.4250000e+02;1.3208842e-01;2.4250000e+02;7.8796759e-02;2.4250000e+02;3.3164963e-02;2.4250000e+02;-1.1815742e-02;2.4250000e+02;-5.8880121e-02;2.4250000e+02;-1.0057604e-01;2.4250000e+02;-1.4437062e-01;2.4250000e+02;-6.1562955e-02;2.4250000e+02;-5.8699112e-02;2.4250000e+02;-3.3566643e-02;2.4250000e+02;1.2628023e-02;2.4250000e+02;7.6633051e-02;2.4250000e+02;1.5538557e-01;2.4250000e+02;1.9883585e-01;2.4250000e+02;2.0710331e-01;2.4250000e+02;2.0101240e-01;2.4250000e+02;2.2736043e-01;2.4250000e+02;1.8838239e-01;2.4250000e+02;1.3208842e-01;2.4250000e+02;7.8796759e-02;2.4250000e+02;3.3164963e-02;2.4250000e+02;-1.1815742e-02;2.4250000e+02;-5.8880121e-02;2.4250000e+02;-1.0057604e-01;2.4250000e+02;-1.4437062e-01;2.4250000e+02;-6.1562955e-02;2.4250000e+02;-5.8699112e-02;2.4250000e+02;-3.3566643e-02;2.4250000e+02;1.2628023e-02;2.4250000e+02;7.6633051e-02;2.4250000e+02;1.5538557e-01;2.4250000e+02;1.9883585e-01;2.4250000e+02;2.0710331e-01;2.4250000e+02;2.0101240e-01;2.4250000e+02;2.2736043e-01;2.4250000e+02;1.8838239e-01;2.4250000e+02;1.3208842e-01;2.4250000e+02;7.8796759e-02;2.4250000e+02;3.3164963e-02;2.4250000e+02;-1.1815742e-02;2.4250000e+02;-5.8880121e-02;2.4250000e+02;-1.0057604e-01;2.4250000e+02;-1.4437062e-01;2.4250000e+02;-6.1562955e-02;2.4250000e+02;-5.8699112e-02;2.4250000e+02;-3.3566643e-02;2.4250000e+02;1.2628023e-02;2.4250000e+02;7.6633051e-02;2.4250000e+02;1.5538557e-01;2.4250000e+02;1.9883585e-01;2.4250000e+02;2.0710331e-01;2.4250000e+02;2.0101240e-01;2.4250000e+02;2.2736043e-01;2.4250000e+02;1.8838239e-01;2.4250000e+02;1.3208842e-01;2.4250000e+02;7.8796759e-02;2.4250000e+02;3.3164963e-02;2.4250000e+02;-1.1815742e-02;2.4250000e+02;-5.8880121e-02;2.4250000e+02;-1.0057604e-01;2.4250000e+02;-1.4437062e-01;2.4250000e+02;-6.1562955e-02;2.4250000e+02;-5.8699112e-02;2.4250000e+02;-3.3566643e-02;2.4250000e+02;1.2628023e-02;2.4250000e+02;7.6633051e-02;2.4250000e+02;1.5538557e-01;2.4250000e+02;1.9883585e-01;2.4250000e+02;2.0710331e-01;2.4250000e+02;2.0101240e-01;2.4250000e+02;2.2736043e-01;2.4250000e+02;1.8838239e-01;2.4250000e+02;1.3208842e-01;2.4250000e+02;7.8796759e-02;2.4250000e+02;3.3164963e-02;2.4250000e+02;-1.1815742e-02;2.4250000e+02;-5.8880121e-02;2.4250000e+02;-1.0057604e-01;2.4250000e+02;-1.4437062e-01;2.4250000e+02;-6.1562955e-02;2.4250000e+02;-5.8699112e-02;2.4250000e+02;-3.3566643e-02;2.4250000e+02;1.2628023e-02;2.4250000e+02;7.6633051e-02;2.4250000e+02;1.5538557e-01;2.4250000e+02;1.9883585e-01;2.4250000e+02;2.0710331e-01;2.4250000e+02;2.0101240e-01;2.4250000e+02;2.2736043e-01;2.4250000e+02;1.8838239e-01;2.4250000e+02;1.3208842e-01;2.4250000e+02;7.8796759e-02;2.4250000e+02;3.3164963e-02;2.4250000e+02;-1.1815742e-02;2.4250000e+02;-5.8880121e-02;2.4250000e+02;-1.0057604e-01;2.4250000e+02;-1.4437062e-01;2.4250000e+02;-6.1562955e-02;2.4250000e+02;-5.8699112e-02;2.4250000e+02;-3.3566643e-02;2.4250000e+02;1.2628023e-02;2.4250000e+02;7.6633051e-02;2.4250000e+02;1.5538557e-01;2.4250000e+02;1.9883585e-01;2.4250000e+02;2.0710331e-01;2.4250000e+02;2.0101240e-01;2.4250000e+02;2.2736043e-01;2.4250000e+02;1.8838239e-01;2.4250000e+02;1.3208842e-01;2.4250000e+02;7.8796759e-02;2.4250000e+02;3.3164963e-02;2.4250000e+02;-1.1815742e-02;2.4250000e+02;-5.8880121e-02;2.4250000e+02;-1.0057604e-01;2.4250000e+02;-1.4437062e-01;2.4250000e+02;-6.1562955e-02;2.4250000e+02;-5.8699112e-02;2.4250000e+02;-3.3566643e-02;2.4250000e+02;1.2628023e-02;2.4250000e+02;7.6633051e-02;2.4250000e+02;1.5538557e-01;2.4250000e+02;1.9883585e-01;2.4250000e+02;2.0710331e-01;2.4250000e+02;2.0101240e-01;2.4250000e+02;2.2736043e-01;2.4250000e+02;1.8838239e-01;2.4250000e+02;1.3208842e-01;2.4250000e+02;7.8796759e-02;2.4250000e+02;3.3164963e-02;2.4250000e+02;-1.1815742e-02;2.4250000e+02;-5.8880121e-02;2.4250000e+02;-1.0057604e-01;2.4250000e+02;-1.4437062e-01;2.4250000e+02;-6.1562955e-02;2.4250000e+02;-5.8699112e-02;2.4250000e+02;-3.3566643e-02;2.4250000e+02;1.2628023e-02;2.4250000e+02;7.6633051e-02;2.4250000e+02;1.5538557e-01;2.4250000e+02;1.9883585e-01;2.4250000e+02;2.0710331e-01;2.4250000e+02;2.0101240e-01;2.4250000e+02;2.2736043e-01;2.4250000e+02;1.8838239e-01;2.4250000e+02;1.3208842e-01;2.4250000e+02;7.8796759e-02;2.4250000e+02;3.3164963e-02;2.4250000e+02;-1.1815742e-02;2.4250000e+02;-5.8880121e-02;2.4250000e+02;-1.0057604e-01;2.4250000e+02;-1.4437062e-01;2.4250000e+02;-6.1562955e-02;2.4250000e+02;-5.8699112e-02;2.4250000e+02;-3.3566643e-02;2.4250000e+02;1.2628023e-02;2.4250000e+02;7.6633051e-02;2.4250000e+02;1.5538557e-01;2.4250000e+02;1.9883585e-01;2.4250000e+02;2.0710331e-01;2.4250000e+02;2.0101240e-01;2.4250000e+02;2.2736043e-01;2.4250000e+02;1.8838239e-01;2.4250000e+02;1.3208842e-01;2.4250000e+02;7.8796759e-02;2.4250000e+02;3.3164963e-02;2.4250000e+02;-1.1815742e-02;2.4250000e+02;-5.8880121e-02;2.4250000e+02;-1.0057604e-01;2.4250000e+02;-1.4437062e-01;2.4250000e+02;-6.1562955e-02;2.4250000e+02;-5.8699112e-02;2.4250000e+02;-3.3566643e-02;2.4250000e+02;1.2628023e-02;2.4250000e+02;7.6633051e-02;2.4250000e+02;1.5538557e-01;2.4250000e+02;1.9883585e-01;2.4250000e+02;2.0710331e-01;2.4250000e+02;2.0101240e-01;2.4250000e+02;2.2736043e-01;2.4250000e+02;1.8838239e-01;2.4250000e+02;1.3208842e-01;2.4250000e+02;7.8796759e-02;2.4250000e+02;3.3164963e-02;2.4250000e+02;-1.1815742e-02;2.4250000e+02;-5.8880121e-02;2.4250000e+02;-1.0057604e-01;2.4250000e+02;-1.4437062e-01;2.4250000e+02;-6.1562955e-02;2.4250000e+02;-5.8699112e-02;2.4250000e+02;-3.3566643e-02;2.4250000e+02;1.2628023e-02;2.4250000e+02;7.6633051e-02;2.4250000e+02;1.5538557e-01;2.4250000e+02;1.9883585e-01;2.4250000e+02;2.0710331e-01;2.4250000e+02;2.0101240e-01;2.4250000e+02;2.2736043e-01;2.4250000e+02;1.8838239e-01;2.4250000e+02;1.3208842e-01;2.4250000e+02;7.8796759e-02;2.4250000e+02;3.3164963e-02;2.4250000e+02;-1.1815742e-02;2.4250000e+02;-5.8880121e-02;2.4250000e+02;-1.0057604e-01;2.4250000e+02;-1.4437062e-01;2.4250000e+02;-6.1562955e-02;2.4250000e+02;-5.8699112e-02;2.4250000e+02;-3.3566643e-02;2.4250000e+02;1.2628023e-02;2.4250000e+02;7.6633051e-02;2.4250000e+02;1.5538557e-01;2.4250000e+02;1.9883585e-01;2.4250000e+02;2.0710331e-01;2.4250000e+02;2.0101240e-01;2.4250000e+02;2.2736043e-01;2.4250000e+02;1.8838239e-01;2.4250000e+02;1.3208842e-01;2.4250000e+02;7.8796759e-02;2.4250000e+02;3.3164963e-02;2.4250000e+02;-1.1815742e-02;2.4250000e+02;-5.8880121e-02;2.4250000e+02;-1.0057604e-01;2.4250000e+02;-1.4437062e-01;2.4250000e+02;-6.1562955e-02;2.4250000e+02;-5.8699112e-02;2.4250000e+02;-3.3566643e-02;2.4250000e+02;1.2628023e-02;2.4250000e+02;7.6633051e-02;2.4250000e+02;1.5538557e-01;2.4250000e+02;1.9883585e-01;2.4250000e+02;2.0710331e-01;2.4250000e+02;2.0101240e-01;2.4250000e+02;2.2736043e-01;2.4250000e+02;1.8838239e-01;2.4250000e+02;1.3208842e-01;2.4250000e+02;7.8796759e-02;2.4250000e+02;3.3164963e-02;2.4250000e+02;-1.1815742e-02;2.4250000e+02;-5.8880121e-02;2.4250000e+02;-1.0057604e-01;2.4250000e+02;-1.4437062e-01;2.4250000e+02;-6.1562955e-02;2.4250000e+02;-5.8699112e-02;2.4250000e+02;-3.3566643e-02;2.4250000e+02;1.2628023e-02;2.4250000e+02;7.6633051e-02;2.4250000e+02;1.5538557e-01;2.4250000e+02;1.9883585e-01;2.4250000e+02;2.0710331e-01;2.4250000e+02;2.0101240e-01;2.4250000e+02;2.2736043e-01;2.4250000e+02;1.8838239e-01;2.4250000e+02;1.3208842e-01;2.4250000e+02;7.8796759e-02;2.4250000e+02;3.3164963e-02;2.4250000e+02;-1.1815742e-02;2.4250000e+02;-5.8880121e-02;2.4250000e+02;-1.0057604e-01;2.4250000e+02;-1.4437062e-01;2.4250000e+02;-6.1562955e-02;2.4250000e+02;-5.8699112e-02;2.4250000e+02;-3.3566643e-02;2.4250000e+02;1.2628023e-02;2.4250000e+02;7.6633051e-02;2.4250000e+02;1.5538557e-01;2.4250000e+02;1.9883585e-01;2.4250000e+02;2.0710331e-01;2.4250000e+02;2.0101240e-01;2.4250000e+02;2.2736043e-01;2.4250000e+02;1.8838239e-01;2.4250000e+02;1.3208842e-01;2.4250000e+02;7.8796759e-02;2.4250000e+02;3.3164963e-02;2.4250000e+02;-1.1815742e-02;2.4250000e+02;-5.8880121e-02;2.4250000e+02;-1.0057604e-01;2.4250000e+02;-1.4437062e-01;2.4250000e+02;-6.1562955e-02;2.4250000e+02;-5.8699112e-02;2.4250000e+02;-3.3566643e-02;2.4250000e+02;1.2628023e-02;2.4250000e+02;7.6633051e-02;2.4250000e+02;1.5538557e-01;2.4250000e+02;1.9883585e-01;2.4250000e+02;2.0710331e-01;2.4250000e+02;2.0101240e-01;2.4250000e+02;2.2736043e-01;2.4250000e+02;1.8838239e-01;2.4250000e+02;1.3208842e-01;2.4250000e+02;7.8796759e-02;2.4250000e+02;3.3164963e-02;2.4250000e+02;-1.1815742e-02;2.4250000e+02;-5.8880121e-02;2.4250000e+02;-1.0057604e-01;2.4250000e+02;-1.4437062e-01;2.4250000e+02;-6.1562955e-02;2.4250000e+02;-5.8699112e-02;2.4250000e+02;-3.3566643e-02;2.4250000e+02;1.2628023e-02;2.4250000e+02;7.6633051e-02;2.4250000e+02;1.5538557e-01;2.4250000e+02;1.9883585e-01;2.4250000e+02;2.0710331e-01;2.4250000e+02;2.0101240e-01;2.4250000e+02;2.2736043e-01;2.4250000e+02;1.8838239e-01;2.4250000e+02;1.3208842e-01;2.4250000e+02;7.8796759e-02;2.4250000e+02;3.3164963e-02;2.4250000e+02;-1.1815742e-02;2.4250000e+02;-5.8880121e-02;2.4250000e+02;-1.0057604e-01;2.4250000e+02;-1.4437062e-01;2.4250000e+02;-6.1562955e-02;2.4250000e+02;-5.8699112e-02;2.4250000e+02;-3.3566643e-02;2.4250000e+02;1.2628023e-02;2.4250000e+02;7.6633051e-02;2.4250000e+02;1.5538557e-01;2.4250000e+02;1.9883585e-01;2.4250000e+02;2.0710331e-01;2.4250000e+02;2.0101240e-01;2.4250000e+02;2.2736043e-01;2.4250000e+02;1.8838239e-01;2.4250000e+02;1.3208842e-01;2.4250000e+02;7.8796759e-02;2.4250000e+02;3.3164963e-02;2.4250000e+02;-1.1815742e-02;2.4250000e+02;-5.8880121e-02;2.4250000e+02;-1.0057604e-01;2.4250000e+02;-1.4437062e-01;2.4250000e+02;-6.1562955e-02;2.4250000e+02;-5.8699112e-02;2.4250000e+02;-3.3566643e-02;2.4250000e+02;1.2628023e-02;2.4250000e+02;7.6633051e-02;2.4250000e+02;1.5538557e-01;2.4250000e+02;1.9883585e-01;2.4250000e+02;2.0710331e-01;2.4250000e+02;2.0101240e-01;2.4250000e+02;2.2736043e-01;2.4250000e+02;1.8838239e-01;2.4250000e+02;1.3208842e-01;2.4250000e+02;7.8796759e-02;2.4250000e+02;3.3164963e-02;2.4250000e+02;-1.1815742e-02;2.4250000e+02;-5.8880121e-02;2.4250000e+02;-1.0057604e-01;2.4250000e+02;-1.4437062e-01;2.4250000e+02;-6.1562955e-02;2.4250000e+02;-5.8699112e-02;2.4250000e+02;-3.3566643e-02;2.4250000e+02;1.2628023e-02;2.4250000e+02;7.6633051e-02;2.4250000e+02;1.5538557e-01;2.4250000e+02;1.9883585e-01;2.4250000e+02;2.0710331e-01;2.4250000e+02;2.0101240e-01;2.4250000e+02;2.2736043e-01;2.4250000e+02;1.8838239e-01;2.4250000e+02;1.3208842e-01;2.4250000e+02;7.8796759e-02;2.4250000e+02;3.3164963e-02;2.4250000e+02;-1.1815742e-02;2.4250000e+02;-5.8880121e-02;2.4250000e+02;-1.0057604e-01;2.4250000e+02;-1.4437062e-01;2.4250000e+02;-6.1562955e-02;2.4250000e+02;-5.8699112e-02;2.4250000e+02;-3.3566643e-02;2.4250000e+02;1.2628023e-02;2.4250000e+02;7.6633051e-02;2.4250000e+02;1.5538557e-01;2.4250000e+02;1.9883585e-01;2.4250000e+02;2.0710331e-01;2.4250000e+02;2.0101240e-01;2.4250000e+02;2.2736043e-01;2.4250000e+02;1.8838239e-01;2.4250000e+02;1.3208842e-01;2.4250000e+02;7.8796759e-02;2.4250000e+02;3.3164963e-02;2.4250000e+02;-1.1815742e-02;2.4250000e+02;-5.8880121e-02;2.4250000e+02;-1.0057604e-01;2.4250000e+02;-1.4437062e-01;2.4250000e+02;-6.1562955e-02;2.4250000e+02;-5.8699112e-02;2.4250000e+02;-3.3566643e-02;2.4250000e+02;1.2628023e-02;2.4250000e+02;7.6633051e-02;2.4250000e+02;1.5538557e-01;2.4250000e+02;1.9883585e-01;2.4250000e+02;2.0710331e-01;2.4250000e+02;2.0101240e-01;2.4250000e+02;2.2736043e-01;2.4250000e+02;1.8838239e-01;2.4250000e+02;1.3208842e-01;2.4250000e+02;7.8796759e-02;2.4250000e+02;3.3164963e-02;2.4250000e+02;-1.1815742e-02;2.4250000e+02;-5.8880121e-02;2.4250000e+02;-1.0057604e-01;2.4250000e+02;-1.4437062e-01;2.4250000e+02;-6.1562955e-02;2.4250000e+02;-5.8699112e-02;2.4250000e+02;-3.3566643e-02;2.4250000e+02;1.2628023e-02;2.4250000e+02;7.6633051e-02;2.4250000e+02;1.5538557e-01;2.4250000e+02;1.9883585e-01;2.4250000e+02;2.0710331e-01;2.4250000e+02;2.0101240e-01;2.4250000e+02;2.2736043e-01;2.4250000e+02;1.8838239e-01;2.4250000e+02;1.3208842e-01;2.4250000e+02;7.8796759e-02;2.4250000e+02;3.3164963e-02;2.4250000e+02;-1.1815742e-02;2.4250000e+02;-5.8880121e-02;2.4250000e+02;-1.0057604e-01;2.4250000e+02;-1.4437062e-01;2.4250000e+02;-6.1562955e-02;2.4250000e+02;-5.8699112e-02;2.4250000e+02;-3.3566643e-02;2.4250000e+02;1.2628023e-02;2.4250000e+02;7.6633051e-02;2.4250000e+02;1.5538557e-01;2.4250000e+02;1.9883585e-01;2.4250000e+02;2.0710331e-01;2.4250000e+02;2.0101240e-01;2.4250000e+02;2.2736043e-01;2.4250000e+02;1.8838239e-01;2.4250000e+02;1.3208842e-01;2.4250000e+02;7.8796759e-02;2.4250000e+02;3.3164963e-02;2.4250000e+02;-1.1815742e-02;2.4250000e+02;-5.8880121e-02;2.4250000e+02;-1.0057604e-01;2.4250000e+02;-1.4437062e-01;2.4250000e+02;-6.1562955e-02;2.4250000e+02;-5.8699112e-02;2.4250000e+02;-3.3566643e-02;2.4250000e+02;1.2628023e-02;2.4250000e+02;7.6633051e-02;2.4250000e+02;1.5538557e-01;2.4250000e+02;1.9883585e-01;2.4250000e+02;2.0710331e-01;2.4250000e+02;2.0101240e-01;2.4250000e+02;2.2736043e-01;2.4250000e+02;1.8838239e-01;2.4250000e+02;1.3208842e-01;2.4250000e+02;7.8796759e-02;2.4250000e+02;3.3164963e-02;2.4250000e+02;-1.1815742e-02;2.4250000e+02;-5.8880121e-02;2.4250000e+02;-1.0057604e-01;2.4250000e+02;-1.4437062e-01;2.4250000e+02;-6.1562955e-02;2.4250000e+02;-5.8699112e-02;2.4250000e+02;-3.3566643e-02;2.4250000e+02;1.2628023e-02;2.4250000e+02;7.6633051e-02;2.4250000e+02;1.5538557e-01;2.4250000e+02;1.9883585e-01;2.4250000e+02;2.0710331e-01;2.4250000e+02;2.0101240e-01;2.4250000e+02;2.2736043e-01;2.4250000e+02;1.8838239e-01;2.4250000e+02;1.3208842e-01;2.4250000e+02;7.8796759e-02;2.4250000e+02;3.3164963e-02;2.4250000e+02;-1.1815742e-02;2.4250000e+02;-5.8880121e-02;2.4250000e+02;-1.0057604e-01;2.4250000e+02;-1.4437062e-01;2.4250000e+02;-6.1562955e-02;2.4250000e+02;-5.8699112e-02;2.4250000e+02;-3.3566643e-02;2.4250000e+02;1.2628023e-02;2.4250000e+02;7.6633051e-02;2.4250000e+02;1.5538557e-01;2.4250000e+02;1.9883585e-01;2.4250000e+02;2.0710331e-01;2.4250000e+02;2.0101240e-01;2.4250000e+02;2.2736043e-01;2.4250000e+02;1.8838239e-01;2.4250000e+02;1.3208842e-01;2.4250000e+02;7.8796759e-02;2.4250000e+02;3.3164963e-02;2.4250000e+02;-1.1815742e-02;2.4250000e+02;-5.8880121e-02;2.4250000e+02;-1.0057604e-01;2.4250000e+02;-1.4437062e-01;2.4250000e+02;-6.1562955e-02;2.4250000e+02;-5.8699112e-02;2.4250000e+02;-3.3566643e-02;2.4250000e+02;1.2628023e-02;2.4250000e+02;7.6633051e-02;2.4250000e+02;1.5538557e-01;2.4250000e+02;1.9883585e-01;2.4250000e+02;2.0710331e-01;2.4250000e+02;2.0101240e-01;2.4250000e+02;2.2736043e-01;2.4250000e+02;1.8838239e-01;2.4250000e+02;1.3208842e-01;2.4250000e+02;7.8796759e-02;2.4250000e+02;3.3164963e-02;2.4250000e+02;-1.1815742e-02;2.4250000e+02;-5.8880121e-02;2.4250000e+02;-1.0057604e-01;2.4250000e+02;-1.4437062e-01;2.4250000e+02;-6.1562955e-02;2.4250000e+02;-5.8699112e-02;2.4250000e+02;-3.3566643e-02;2.4250000e+02;1.2628023e-02;2.4250000e+02;7.6633051e-02;2.4250000e+02;1.5538557e-01;2.4250000e+02;1.9883585e-01;2.4250000e+02;2.0710331e-01;2.4250000e+02;2.0101240e-01;2.4250000e+02;2.2736043e-01;2.4250000e+02;1.8838239e-01;2.4250000e+02;1.3208842e-01;2.4250000e+02;7.8796759e-02;2.4250000e+02;3.3164963e-02;2.4250000e+02;-1.1815742e-02;2.4250000e+02;-5.8880121e-02;2.4250000e+02;-1.0057604e-01;2.4250000e+02;-1.4437062e-01;2.4250000e+02;-6.1562955e-02;2.4250000e+02;-5.8699112e-02;2.4250000e+02;-3.3566643e-02;2.4250000e+02;1.2628023e-02;2.4250000e+02;7.6633051e-02;2.4250000e+02;1.5538557e-01;2.4250000e+02;1.9883585e-01;2.4250000e+02;2.0710331e-01;2.4250000e+02;2.0101240e-01;2.4250000e+02;2.2736043e-01;2.4250000e+02;1.8838239e-01;2.4250000e+02;1.3208842e-01;2.4250000e+02;7.8796759e-02;2.4250000e+02;3.3164963e-02;2.4250000e+02;-1.1815742e-02;2.4250000e+02;-5.8880121e-02;2.4250000e+02;-1.0057604e-01;2.4250000e+02;-1.4437062e-01;2.4250000e+02;-6.1562955e-02;2.4250000e+02;-5.8699112e-02;2.4250000e+02;-3.3566643e-02;2.4250000e+02;1.2628023e-02;2.4250000e+02;7.6633051e-02;2.4250000e+02;1.5538557e-01;2.4250000e+02;1.9883585e-01;2.4250000e+02;2.0710331e-01;2.4250000e+02;2.0101240e-01;2.4250000e+02;2.2736043e-01;2.4250000e+02;1.8838239e-01;2.4250000e+02;1.3208842e-01;2.4250000e+02;7.8796759e-02;2.4250000e+02;3.3164963e-02;2.4250000e+02;-1.1815742e-02;2.4250000e+02;-5.8880121e-02;2.4250000e+02;-1.0057604e-01;2.4250000e+02;-1.4437062e-01;2.4250000e+02;-6.1562955e-02;2.4250000e+02;-5.8699112e-02;2.4250000e+02;-3.3566643e-02;2.4250000e+02;1.2628023e-02;2.4250000e+02;7.6633051e-02;2.4250000e+02;1.5538557e-01;2.4250000e+02;1.9883585e-01;2.4250000e+02;2.0710331e-01;2.4250000e+02;2.0101240e-01;2.4250000e+02;2.2736043e-01;2.4250000e+02;1.8838239e-01;2.4250000e+02;1.3208842e-01;2.4250000e+02;7.8796759e-02;2.4250000e+02;3.3164963e-02;2.4250000e+02;-1.1815742e-02;2.4250000e+02;-5.8880121e-02;2.4250000e+02;-1.0057604e-01;2.4250000e+02;-1.4437062e-01;2.4250000e+02;-6.1562955e-02;2.4250000e+02;-5.8699112e-02;2.4250000e+02;-3.3566643e-02;2.4250000e+02;1.2628023e-02;2.4250000e+02;7.6633051e-02;2.4250000e+02;1.5538557e-01;2.4250000e+02;1.9883585e-01;2.4250000e+02;2.0710331e-01;2.4250000e+02;2.0101240e-01;2.4250000e+02;2.2736043e-01;2.4250000e+02;1.8838239e-01;2.4250000e+02;1.3208842e-01;2.4250000e+02;7.8796759e-02;2.4250000e+02;3.3164963e-02;2.4250000e+02;-1.1815742e-02;2.4250000e+02;-5.8880121e-02;2.4250000e+02;-1.0057604e-01;2.4250000e+02;-1.4437062e-01;2.4250000e+02;-6.1562955e-02;2.4250000e+02;-5.8699112e-02;2.4250000e+02;-3.3566643e-02;2.4250000e+02;1.2628023e-02;2.4250000e+02;7.6633051e-02;2.4250000e+02;1.5538557e-01;2.4250000e+02;1.9883585e-01;2.4250000e+02;2.0710331e-01;2.4250000e+02;2.0101240e-01;2.4250000e+02;2.2736043e-01;2.4250000e+02;1.8838239e-01;2.4250000e+02;1.3208842e-01;2.4250000e+02;7.8796759e-02;2.4250000e+02;3.3164963e-02;2.4250000e+02;-1.1815742e-02;2.4250000e+02;-5.8880121e-02;2.4250000e+02;-1.0057604e-01;2.4250000e+02;-1.4437062e-01;2.4250000e+02;-6.1562955e-02;2.4250000e+02;-5.8699112e-02;2.4250000e+02;-3.3566643e-02;2.4250000e+02;1.2628023e-02;2.4250000e+02;7.6633051e-02;2.4250000e+02;1.5538557e-01;2.4250000e+02;1.9883585e-01;2.4250000e+02;2.0710331e-01;2.4250000e+02;2.0101240e-01;2.4250000e+02;2.2736043e-01;2.4250000e+02;1.8838239e-01;2.4250000e+02;1.3208842e-01;2.4250000e+02;7.8796759e-02;2.4250000e+02;3.3164963e-02;2.4250000e+02;-1.1815742e-02;2.4250000e+02;-5.8880121e-02;2.4250000e+02;-1.0057604e-01;2.4250000e+02;-1.4437062e-01;2.4250000e+02;-6.1562955e-02;2.4250000e+02;-5.8699112e-02;2.4250000e+02;-3.3566643e-02;2.4250000e+02;1.2628023e-02;2.4250000e+02;7.6633051e-02;2.4250000e+02;1.5538557e-01;2.4250000e+02;1.9883585e-01;2.4250000e+02;2.0710331e-01;2.4250000e+02;2.0101240e-01;2.4250000e+02;2.2736043e-01;2.4250000e+02;1.8838239e-01;2.4250000e+02;1.3208842e-01;2.4250000e+02;7.8796759e-02;2.4250000e+02;3.3164963e-02;2.4250000e+02;-1.1815742e-02;2.4250000e+02;-5.8880121e-02;2.4250000e+02;-1.0057604e-01;2.4250000e+02;-1.4437062e-01;2.4250000e+02;-6.1562955e-02;2.4250000e+02;-5.8699112e-02;2.4250000e+02;-3.3566643e-02;2.4250000e+02;1.2628023e-02;2.4250000e+02;7.6633051e-02;2.4250000e+02;1.5538557e-01;2.4250000e+02;1.9883585e-01;2.4250000e+02;2.0710331e-01;2.4250000e+02;2.0101240e-01;2.4250000e+02;2.2736043e-01;2.4250000e+02;1.8838239e-01;2.4250000e+02;1.3208842e-01;2.4250000e+02;7.8796759e-02;2.4250000e+02;3.3164963e-02;2.4250000e+02;-1.1815742e-02;2.4250000e+02;-5.8880121e-02;2.4250000e+02;-1.0057604e-01;2.4250000e+02;-1.4437062e-01;2.4250000e+02;-6.1562955e-02;2.4250000e+02;-5.8699112e-02;2.4250000e+02;-3.3566643e-02;2.4250000e+02;1.2628023e-02;2.4250000e+02;7.6633051e-02;2.4250000e+02;1.5538557e-01;2.4250000e+02;1.9883585e-01;2.4250000e+02;2.0710331e-01;2.4250000e+02;2.0101240e-01;2.4250000e+02;2.2736043e-01;2.4250000e+02;1.8838239e-01;2.4250000e+02;1.3208842e-01;2.4250000e+02;7.8796759e-02;2.4250000e+02;3.3164963e-02;2.4250000e+02;-1.1815742e-02;2.4250000e+02;-5.8880121e-02;2.4250000e+02;-1.0057604e-01;2.4250000e+02;-1.4437062e-01;2.4250000e+02;-6.1562955e-02;2.4250000e+02;-5.8699112e-02;2.4250000e+02;-3.3566643e-02;2.4250000e+02;1.2628023e-02;2.4250000e+02;7.6633051e-02;2.4250000e+02;1.5538557e-01;2.4250000e+02;1.9883585e-01;2.4250000e+02;2.0710331e-01;2.4250000e+02;2.0101240e-01;2.4250000e+02;2.2736043e-01;2.4250000e+02;1.8838239e-01;2.4250000e+02;1.3208842e-01;2.4250000e+02;7.8796759e-02;2.4250000e+02;3.3164963e-02;2.4250000e+02;-1.1815742e-02;2.4250000e+02;-5.8880121e-02;2.4250000e+02;-1.0057604e-01;2.4250000e+02;-1.4437062e-01;2.4250000e+02;-6.1562955e-02;2.4250000e+02;-5.8699112e-02;2.4250000e+02;-3.3566643e-02;2.4250000e+02;1.2628023e-02;2.4250000e+02;7.6633051e-02;2.4250000e+02;1.5538557e-01;2.4250000e+02;1.9883585e-01;2.4250000e+02;2.0710331e-01;2.4250000e+02;2.0101240e-01;2.4250000e+02;2.2736043e-01;2.4250000e+02;1.8838239e-01;2.4250000e+02;1.3208842e-01;2.4250000e+02;7.8796759e-02;2.4250000e+02;3.3164963e-02;2.4250000e+02;-1.1815742e-02;2.4250000e+02;-5.8880121e-02;2.4250000e+02;-1.0057604e-01;2.4250000e+02;-1.4437062e-01;2.4250000e+02;-6.1562955e-02;2.4250000e+02;-5.8699112e-02;2.4250000e+02;-3.3566643e-02;2.4250000e+02;1.2628023e-02;2.4250000e+02;7.6633051e-02;2.4250000e+02;1.5538557e-01;2.4250000e+02;1.9883585e-01;2.4250000e+02;2.0710331e-01;2.4250000e+02;2.0101240e-01;2.4250000e+02;2.2736043e-01;2.4250000e+02;1.8838239e-01;2.4250000e+02;1.3208842e-01;2.4250000e+02;7.8796759e-02;2.4250000e+02;3.3164963e-02;2.4250000e+02;-1.1815742e-02;2.4250000e+02;-5.8880121e-02;2.4250000e+02;-1.0057604e-01;2.4250000e+02;-1.4437062e-01;2.4250000e+02;-6.1562955e-02;2.4250000e+02;-5.8699112e-02;2.4250000e+02;-3.3566643e-02;2.4250000e+02;1.2628023e-02;2.4250000e+02;7.6633051e-02;2.4250000e+02;1.5538557e-01;2.4250000e+02;1.9883585e-01;2.4250000e+02;2.0710331e-01;2.4250000e+02;2.0101240e-01;2.4250000e+02;2.2736043e-01;2.4250000e+02;1.8838239e-01;2.4250000e+02;1.3208842e-01;2.4250000e+02;7.8796759e-02;2.4250000e+02;3.3164963e-02;2.4250000e+02;-1.1815742e-02;2.4250000e+02;-5.8880121e-02;2.4250000e+02;-1.0057604e-01;2.4250000e+02;-1.4437062e-01;2.4250000e+02;-6.1562955e-02;2.4250000e+02;-5.8699112e-02;2.4250000e+02;-3.3566643e-02;2.4250000e+02;1.2628023e-02;2.4250000e+02;7.6633051e-02;2.4250000e+02;1.5538557e-01;2.4250000e+02;1.9883585e-01;2.4250000e+02;2.0710331e-01;2.4250000e+02;2.0101240e-01;2.4250000e+02;2.2736043e-01;2.4250000e+02;1.8838239e-01;2.4250000e+02;1.3208842e-01;2.4250000e+02;7.8796759e-02;2.4250000e+02;3.3164963e-02;2.4250000e+02;-1.1815742e-02;2.4250000e+02;-5.8880121e-02;2.4250000e+02;-1.0057604e-01;2.4250000e+02;-1.4437062e-01;2.4250000e+02;-6.1562955e-02;2.4250000e+02;-5.8699112e-02;2.4250000e+02;-3.3566643e-02;2.4250000e+02;1.2628023e-02;2.4250000e+02;7.6633051e-02;2.4250000e+02;1.5538557e-01;2.4250000e+02;1.9883585e-01;2.4250000e+02;2.0710331e-01;2.4250000e+02;2.0101240e-01;2.4250000e+02;2.2736043e-01;2.4250000e+02;1.8838239e-01;2.4250000e+02;1.3208842e-01;2.4250000e+02;7.8796759e-02;2.4250000e+02;3.3164963e-02;2.4250000e+02;-1.1815742e-02;2.4250000e+02;-5.8880121e-02;2.4250000e+02;-1.0057604e-01;2.4250000e+02;-1.4437062e-01;2.4250000e+02;-6.1562955e-02;2.4250000e+02;-5.8699112e-02;2.4250000e+02;-3.3566643e-02;2.4250000e+02;1.2628023e-02;2.4250000e+02;7.6633051e-02;2.4250000e+02;1.5538557e-01;2.4250000e+02;1.9883585e-01;2.4250000e+02;2.0710331e-01;2.4250000e+02;2.0101240e-01;2.4250000e+02;2.2736043e-01;2.4250000e+02;1.8838239e-01;2.4250000e+02;1.3208842e-01;2.4250000e+02;7.8796759e-02;2.4250000e+02;3.3164963e-02;2.4250000e+02;-1.1815742e-02;2.4250000e+02;-5.8880121e-02;2.4250000e+02;-1.0057604e-01;2.4250000e+02;-1.4437062e-01;2.4250000e+02;-6.1562955e-02;2.4250000e+02;-5.8699112e-02;2.4250000e+02;-3.3566643e-02;2.4250000e+02;1.2628023e-02;2.4250000e+02;7.6633051e-02;2.4250000e+02;1.5538557e-01;2.4250000e+02;1.9883585e-01;2.4250000e+02;2.0710331e-01;2.4250000e+02;2.0101240e-01;2.4250000e+02;2.2736043e-01;2.4250000e+02;1.8838239e-01;2.4250000e+02;1.3208842e-01;2.4250000e+02;7.8796759e-02;2.4250000e+02;3.3164963e-02;2.4250000e+02;-1.1815742e-02;2.4250000e+02;-5.8880121e-02;2.4250000e+02;-1.0057604e-01;2.4250000e+02;-1.4437062e-01;2.4250000e+02;-6.1562955e-02;2.4250000e+02;-5.8699112e-02;2.4250000e+02;-3.3566643e-02;2.4250000e+02;1.2628023e-02;2.4250000e+02;7.6633051e-02;2.4250000e+02;1.5538557e-01;2.4250000e+02;1.9883585e-01;2.4250000e+02;2.0710331e-01;2.4250000e+02;2.0101240e-01;2.4250000e+02;2.2736043e-01;2.4250000e+02;1.8838239e-01;2.4250000e+02;1.3208842e-01;2.4250000e+02;7.8796759e-02;2.4250000e+02;3.3164963e-02;2.4250000e+02;-1.1815742e-02;2.4250000e+02;-5.8880121e-02;2.4250000e+02;-1.0057604e-01;2.4250000e+02;-1.4437062e-01;2.4250000e+02;-6.1562955e-02;2.4250000e+02;-5.8699112e-02;2.4250000e+02;-3.3566643e-02;2.4250000e+02;1.2628023e-02;2.4250000e+02;7.6633051e-02;2.4250000e+02;1.5538557e-01;2.4250000e+02;1.9883585e-01;2.4250000e+02;2.0710331e-01;2.4250000e+02;2.0101240e-01;2.4250000e+02;2.2736043e-01;2.4250000e+02;1.8838239e-01;2.4250000e+02;1.3208842e-01;2.4250000e+02;7.8796759e-02;2.4250000e+02;3.3164963e-02;2.4250000e+02;-1.1815742e-02;2.4250000e+02;-5.8880121e-02;2.4250000e+02;-1.0057604e-01;2.4250000e+02;-1.4437062e-01;2.4250000e+02;-6.1562955e-02;2.4250000e+02;-5.8699112e-02;2.4250000e+02;-3.3566643e-02;2.4250000e+02;1.2628023e-02;2.4250000e+02;7.6633051e-02;2.4250000e+02;1.5538557e-01;2.4250000e+02;1.9883585e-01;2.4250000e+02;2.0710331e-01;2.4250000e+02;2.0101240e-01;2.4250000e+02;2.2736043e-01;2.4250000e+02;1.8838239e-01;2.4250000e+02;1.3208842e-01;2.4250000e+02;7.8796759e-02;2.4250000e+02;3.3164963e-02;2.4250000e+02;-1.1815742e-02;2.4250000e+02;-5.8880121e-02;2.4250000e+02;-1.0057604e-01;2.4250000e+02;-1.4437062e-01;2.4250000e+02;-6.1562955e-02;2.4250000e+02;-5.8699112e-02;2.4250000e+02;-3.3566643e-02;2.4250000e+02;1.2628023e-02;2.4250000e+02;7.6633051e-02;2.4250000e+02;1.5538557e-01;2.4250000e+02;1.9883585e-01;2.4250000e+02;2.0710331e-01;2.4250000e+02;2.0101240e-01;2.4250000e+02;2.2736043e-01;2.4250000e+02;1.8838239e-01;2.4250000e+02;1.3208842e-01;2.4250000e+02;7.8796759e-02;2.4250000e+02;3.3164963e-02;2.4250000e+02;-1.1815742e-02;2.4250000e+02;-5.8880121e-02;2.4250000e+02;-1.0057604e-01;2.4250000e+02;-1.4437062e-01;2.4250000e+02;-6.1562955e-02;2.4250000e+02;-5.8699112e-02;2.4250000e+02;-3.3566643e-02;2.4250000e+02;1.2628023e-02;2.4250000e+02;7.6633051e-02;2.4250000e+02;1.5538557e-01;2.4250000e+02;1.9883585e-01;2.4250000e+02;2.0710331e-01;2.4250000e+02;2.0101240e-01;2.4250000e+02;2.2736043e-01;2.4250000e+02;1.8838239e-01;2.4250000e+02;1.3208842e-01;2.4250000e+02;7.8796759e-02;2.4250000e+02;3.3164963e-02;2.4250000e+02;-1.1815742e-02;2.4250000e+02;-5.8880121e-02;2.4250000e+02;-1.0057604e-01;2.4250000e+02;-1.4437062e-01;2.4250000e+02;-6.1562955e-02;2.4250000e+02;-5.8699112e-02;2.4250000e+02;-3.3566643e-02;2.4250000e+02;1.2628023e-02;2.4250000e+02;7.6633051e-02;2.4250000e+02;1.5538557e-01;2.4250000e+02;1.9883585e-01;2.4250000e+02;2.0710331e-01;2.4250000e+02;2.0101240e-01;2.4250000e+02;2.2736043e-01;2.4250000e+02;1.8838239e-01;2.4250000e+02;1.3208842e-01;2.4250000e+02;7.8796759e-02;2.4250000e+02;3.3164963e-02;2.4250000e+02;-1.1815742e-02;2.4250000e+02;-5.8880121e-02;2.4250000e+02;-1.0057604e-01;2.4250000e+02;-1.4437062e-01;2.4250000e+02;-6.1562955e-02;2.4250000e+02;-5.8699112e-02;2.4250000e+02;-3.3566643e-02;2.4250000e+02;1.2628023e-02;2.4250000e+02;7.6633051e-02;2.4250000e+02;1.5538557e-01;2.4250000e+02;1.9883585e-01;2.4250000e+02;2.0710331e-01;2.4250000e+02;2.0101240e-01;2.4250000e+02;2.2736043e-01;2.4250000e+02;1.8838239e-01;2.4250000e+02;1.3208842e-01;2.4250000e+02;7.8796759e-02;2.4250000e+02;3.3164963e-02;2.4250000e+02;-1.1815742e-02;2.4250000e+02;-5.8880121e-02;2.4250000e+02;-1.0057604e-01;2.4250000e+02;-1.4437062e-01;2.4250000e+02;-6.1562955e-02;2.4250000e+02;-5.8699112e-02;2.4250000e+02;-3.3566643e-02;2.4250000e+02;1.2628023e-02;2.4250000e+02;7.6633051e-02;2.4250000e+02;1.5538557e-01;2.4250000e+02;1.9883585e-01;2.4250000e+02;2.0710331e-01;2.4250000e+02;2.0101240e-01;2.4250000e+02;2.2736043e-01;2.4250000e+02;1.8838239e-01;2.4250000e+02;1.3208842e-01;2.4250000e+02;7.8796759e-02;2.4250000e+02;3.3164963e-02;2.4250000e+02;-1.1815742e-02;2.4250000e+02;-5.8880121e-02;2.4250000e+02;-1.0057604e-01;2.4250000e+02;-1.4437062e-01;2.4250000e+02;-6.1562955e-02;2.4250000e+02;-5.8699112e-02;2.4250000e+02;-3.3566643e-02;2.4250000e+02;1.2628023e-02;2.4250000e+02;7.6633051e-02;2.4250000e+02;1.5538557e-01;2.4250000e+02;1.9883585e-01;2.4250000e+02;2.0710331e-01;2.4250000e+02;2.0101240e-01;2.4250000e+02;2.2736043e-01;2.4250000e+02;1.8838239e-01;2.4250000e+02;1.3208842e-01;2.4250000e+02;7.8796759e-02;2.4250000e+02;3.3164963e-02;2.4250000e+02;-1.1815742e-02;2.4250000e+02;-5.8880121e-02;2.4250000e+02;-1.0057604e-01;2.4250000e+02;-1.4437062e-01;2.4250000e+02;-6.1562955e-02;2.4250000e+02;-5.8699112e-02;2.4250000e+02;-3.3566643e-02;2.4250000e+02;1.2628023e-02;2.4250000e+02;7.6633051e-02;2.4250000e+02;1.5538557e-01;2.4250000e+02;1.9883585e-01;2.4250000e+02;2.0710331e-01;2.4250000e+02;2.0101240e-01;2.4250000e+02;2.2736043e-01;2.4250000e+02;1.8838239e-01;2.4250000e+02;1.3208842e-01;2.4250000e+02;7.8796759e-02;2.4250000e+02;3.3164963e-02;2.4250000e+02;-1.1815742e-02;2.4250000e+02;-5.8880121e-02;2.4250000e+02;-1.0057604e-01;2.4250000e+02;-1.4437062e-01;2.4250000e+02;-6.1562955e-02;2.4250000e+02;-5.8699112e-02;2.4250000e+02;-3.3566643e-02;2.4250000e+02;1.2628023e-02;2.4250000e+02;7.6633051e-02;2.4250000e+02;1.5538557e-01;2.4250000e+02;1.9883585e-01;2.4250000e+02;2.0710331e-01;2.4250000e+02;2.0101240e-01;2.4250000e+02;2.2736043e-01;2.4250000e+02;1.8838239e-01;2.4250000e+02;1.3208842e-01;2.4250000e+02;7.8796759e-02;2.4250000e+02;3.3164963e-02;2.4250000e+02;-1.1815742e-02;2.4250000e+02;-5.8880121e-02;2.4250000e+02;-1.0057604e-01;2.4250000e+02;-1.4437062e-01;2.4250000e+02;-6.1562955e-02;2.4250000e+02;-5.8699112e-02;2.4250000e+02;-3.3566643e-02;2.4250000e+02;1.2628023e-02;2.4250000e+02;7.6633051e-02;2.4250000e+02;1.5538557e-01;2.4250000e+02;1.9883585e-01;2.4250000e+02;2.0710331e-01;2.4250000e+02;2.0101240e-01;2.4250000e+02;2.2736043e-01;2.4250000e+02;1.8838239e-01;2.4250000e+02;1.3208842e-01;2.4250000e+02;7.8796759e-02;2.4250000e+02;3.3164963e-02;2.4250000e+02;-1.1815742e-02;2.4250000e+02;-5.8880121e-02;2.4250000e+02;-1.0057604e-01;2.4250000e+02;-1.4437062e-01;2.4250000e+02;-6.1562955e-02;2.4250000e+02;-5.8699112e-02;2.4250000e+02;-3.3566643e-02;2.4250000e+02;1.2628023e-02;2.4250000e+02;7.6633051e-02;2.4250000e+02;1.5538557e-01;2.4250000e+02;1.9883585e-01;2.4250000e+02;2.0710331e-01;2.4250000e+02;2.0101240e-01;2.4250000e+02;2.2736043e-01;2.4250000e+02;1.8838239e-01;2.4250000e+02;1.3208842e-01;2.4250000e+02;7.8796759e-02;2.4250000e+02;3.3164963e-02;2.4250000e+02;-1.1815742e-02;2.4250000e+02;-5.8880121e-02;2.4250000e+02;-1.0057604e-01;2.4250000e+02;-1.4437062e-01;2.4250000e+02;-6.1562955e-02;2.4250000e+02;-5.8699112e-02;2.4250000e+02;-3.3566643e-02;2.4250000e+02;1.2628023e-02;2.4250000e+02;7.6633051e-02;2.4250000e+02;1.5538557e-01;2.4250000e+02;1.9883585e-01;2.4250000e+02;2.0710331e-01;2.4250000e+02;2.0101240e-01;2.4250000e+02;2.2736043e-01;2.4250000e+02;1.8838239e-01;2.4250000e+02;1.3208842e-01;2.4250000e+02;7.8796759e-02;2.4250000e+02;3.3164963e-02;2.4250000e+02;-1.1815742e-02;2.4250000e+02;-5.8880121e-02;2.4250000e+02;-1.0057604e-01;2.4250000e+02;-1.4437062e-01;2.4250000e+02;-6.1562955e-02;2.4250000e+02;-5.8699112e-02;2.4250000e+02;-3.3566643e-02;2.4250000e+02;1.2628023e-02;2.4250000e+02;7.6633051e-02;2.4250000e+02;1.5538557e-01;2.4250000e+02;1.9883585e-01;2.4250000e+02;2.0710331e-01;2.4250000e+02;2.0101240e-01;2.4250000e+02;2.2736043e-01;2.4250000e+02;1.8838239e-01;2.4250000e+02;1.3208842e-01;2.4250000e+02;7.8796759e-02;2.4250000e+02;3.3164963e-02;2.4250000e+02;-1.1815742e-02;2.4250000e+02;-5.8880121e-02;2.4250000e+02;-1.0057604e-01;2.4250000e+02;-1.4437062e-01;2.4250000e+02;-6.1562955e-02;2.4250000e+02;-5.8699112e-02;2.4250000e+02;-3.3566643e-02;2.4250000e+02;1.2628023e-02;2.4250000e+02;7.6633051e-02;2.4250000e+02;1.5538557e-01;2.4250000e+02;1.9883585e-01;2.4250000e+02;2.0710331e-01;2.4250000e+02;2.0101240e-01;2.4250000e+02;2.2736043e-01;2.4250000e+02;1.8838239e-01;2.4250000e+02;1.3208842e-01;2.4250000e+02;7.8796759e-02;2.4250000e+02;3.3164963e-02;2.4250000e+02;-1.1815742e-02;2.4250000e+02;-5.8880121e-02;2.4250000e+02;-1.0057604e-01;2.4250000e+02;-1.4437062e-01;2.4250000e+02;-6.1562955e-02;2.4250000e+02;-5.8699112e-02;2.4250000e+02;-3.3566643e-02;2.4250000e+02;1.2628023e-02;2.4250000e+02;7.6633051e-02;2.4250000e+02;1.5538557e-01;2.4250000e+02;1.9883585e-01;2.4250000e+02;2.0710331e-01;2.4250000e+02;2.0101240e-01;2.4250000e+02;2.2736043e-01;2.4250000e+02;1.8838239e-01;2.4250000e+02;1.3208842e-01;2.4250000e+02;7.8796759e-02;2.4250000e+02;3.3164963e-02;2.4250000e+02;-1.1815742e-02;2.4250000e+02;-5.8880121e-02;2.4250000e+02;-1.0057604e-01;2.4250000e+02;-1.4437062e-01;2.4250000e+02;-6.1562955e-02;2.4250000e+02;-5.8699112e-02;2.4250000e+02;-3.3566643e-02;2.4250000e+02;1.2628023e-02;2.4250000e+02;7.6633051e-02;2.4250000e+02;1.5538557e-01;2.4250000e+02;1.9883585e-01;2.4250000e+02;2.0710331e-01;2.4250000e+02;2.0101240e-01;2.4250000e+02;2.2736043e-01;2.4250000e+02;1.8838239e-01;2.4250000e+02;1.3208842e-01;2.4250000e+02;7.8796759e-02;2.4250000e+02;3.3164963e-02;2.4250000e+02;-1.1815742e-02;2.4250000e+02;-5.8880121e-02;2.4250000e+02;-1.0057604e-01;2.4250000e+02;-1.4437062e-01;2.4250000e+02;-6.1562955e-02;2.4250000e+02;-5.8699112e-02;2.4250000e+02;-3.3566643e-02;2.4250000e+02;1.2628023e-02;2.4250000e+02;7.6633051e-02;2.4250000e+02;1.5538557e-01;2.4250000e+02;1.9883585e-01;2.4250000e+02;2.0710331e-01;2.4250000e+02;2.0101240e-01;2.4250000e+02;2.2736043e-01;2.4250000e+02;1.8838239e-01;2.4250000e+02;1.3208842e-01;2.4250000e+02;7.8796759e-02;2.4250000e+02;3.3164963e-02;2.4250000e+02;-1.1815742e-02;2.4250000e+02;-5.8880121e-02;2.4250000e+02;-1.0057604e-01;2.4250000e+02;-1.4437062e-01;2.4250000e+02;-6.1562955e-02;2.4250000e+02;-5.8699112e-02;2.4250000e+02;-3.3566643e-02;2.4250000e+02;1.2628023e-02;2.4250000e+02;7.6633051e-02;2.4250000e+02;1.5538557e-01;2.4250000e+02;1.9883585e-01;2.4250000e+02;2.0710331e-01;2.4250000e+02;2.0101240e-01;2.4250000e+02;2.2736043e-01;2.4250000e+02;1.8838239e-01;2.4250000e+02;1.3208842e-01;2.4250000e+02;7.8796759e-02;2.4250000e+02;3.3164963e-02;2.4250000e+02;-1.1815742e-02;2.4250000e+02;-5.8880121e-02;2.4250000e+02;-1.0057604e-01;2.4250000e+02;-1.4437062e-01;2.4250000e+02;-6.1562955e-02;2.4250000e+02;-5.8699112e-02;2.4250000e+02;-3.3566643e-02;2.4250000e+02;1.2628023e-02;2.4250000e+02;7.6633051e-02;2.4250000e+02;1.5538557e-01;2.4250000e+02;1.9883585e-01;2.4250000e+02;2.0710331e-01;2.4250000e+02;2.0101240e-01;2.4250000e+02;2.2736043e-01;2.4250000e+02;1.8838239e-01;2.4250000e+02;1.3208842e-01;2.4250000e+02;7.8796759e-02;2.4250000e+02;3.3164963e-02;2.4250000e+02;-1.1815742e-02;2.4250000e+02;-5.8880121e-02;2.4250000e+02;-1.0057604e-01;2.4250000e+02;-1.4437062e-01;2.4250000e+02;-6.1562955e-02;2.4250000e+02;-5.8699112e-02;2.4250000e+02;-3.3566643e-02;2.4250000e+02;1.2628023e-02;2.4250000e+02;7.6633051e-02;2.4250000e+02;1.5538557e-01;2.4250000e+02;1.9883585e-01;2.4250000e+02;2.0710331e-01;2.4250000e+02;2.0101240e-01;2.4250000e+02;2.2736043e-01;2.4250000e+02;1.8838239e-01;2.4250000e+02;1.3208842e-01;2.4250000e+02;7.8796759e-02;2.4250000e+02;3.3164963e-02;2.4250000e+02;-1.1815742e-02;2.4250000e+02;-5.8880121e-02;2.4250000e+02;-1.0057604e-01;2.4250000e+02;-1.4437062e-01;2.4250000e+02;-6.1562955e-02;2.4250000e+02;-5.8699112e-02;2.4250000e+02;-3.3566643e-02;2.4250000e+02;1.2628023e-02;2.4250000e+02;7.6633051e-02;2.4250000e+02;1.5538557e-01;2.4250000e+02;1.9883585e-01;2.4250000e+02;2.0710331e-01;2.4250000e+02;2.0101240e-01;2.4250000e+02;2.2736043e-01;2.4250000e+02;1.8838239e-01;2.4250000e+02;1.3208842e-01;2.4250000e+02;7.8796759e-02;2.4250000e+02;3.3164963e-02;2.4250000e+02;-1.1815742e-02;2.4250000e+02;-5.8880121e-02;2.4250000e+02;-1.0057604e-01;2.4250000e+02;-1.4437062e-01;2.4250000e+02;-6.1562955e-02;2.4250000e+02;-5.8699112e-02;2.4250000e+02;-3.3566643e-02;2.4250000e+02;1.2628023e-02;2.4250000e+02;7.6633051e-02;2.4250000e+02;1.5538557e-01;2.4250000e+02;1.9883585e-01;2.4250000e+02;2.0710331e-01;2.4250000e+02;2.0101240e-01;2.4250000e+02;2.2736043e-01;2.4250000e+02;1.8838239e-01;2.4250000e+02;1.3208842e-01;2.4250000e+02;7.8796759e-02;2.4250000e+02;3.3164963e-02;2.4250000e+02;-1.1815742e-02;2.4250000e+02;-5.8880121e-02;2.4250000e+02;-1.0057604e-01;2.4250000e+02;-1.4437062e-01;2.4250000e+02;-6.1562955e-02;2.4250000e+02;-5.8699112e-02;2.4250000e+02;-3.3566643e-02;2.4250000e+02;1.2628023e-02;2.4250000e+02;7.6633051e-02;2.4250000e+02;1.5538557e-01;2.4250000e+02;1.9883585e-01;2.4250000e+02;2.0710331e-01;2.4250000e+02;2.0101240e-01;2.4250000e+02;2.2736043e-01;2.4250000e+02;1.8838239e-01;2.4250000e+02;1.3208842e-01;2.4250000e+02;7.8796759e-02;2.4250000e+02;3.3164963e-02;2.4250000e+02;-1.1815742e-02;2.4250000e+02;-5.8880121e-02;2.4250000e+02;-1.0057604e-01;2.4250000e+02;-1.4437062e-01;2.4250000e+02;-6.1562955e-02;2.4250000e+02;-5.8699112e-02;2.4250000e+02;-3.3566643e-02;2.4250000e+02;1.2628023e-02;2.4250000e+02;7.6633051e-02;2.4250000e+02;1.5538557e-01;2.4250000e+02;1.9883585e-01;2.4250000e+02;2.0710331e-01;2.4250000e+02;2.0101240e-01;2.4250000e+02;2.2736043e-01;2.4250000e+02;1.8838239e-01;2.4250000e+02;1.3208842e-01;2.4250000e+02;7.8796759e-02;2.4250000e+02;3.3164963e-02;2.4250000e+02;-1.1815742e-02;2.4250000e+02;-5.8880121e-02;2.4250000e+02;-1.0057604e-01;2.4250000e+02;-1.4437062e-01;2.4250000e+02;-6.1562955e-02;2.4250000e+02;-5.8699112e-02;2.4250000e+02;-3.3566643e-02;2.4250000e+02;1.2628023e-02;2.4250000e+02;7.6633051e-02;2.4250000e+02;1.5538557e-01;2.4250000e+02;1.9883585e-01;2.4250000e+02;2.0710331e-01;2.4250000e+02;2.0101240e-01;2.4250000e+02;2.2736043e-01;2.4250000e+02;1.8838239e-01;2.4250000e+02;1.3208842e-01;2.4250000e+02;7.8796759e-02;2.4250000e+02;3.3164963e-02;2.4250000e+02;-1.1815742e-02;2.4250000e+02;-5.8880121e-02;2.4250000e+02;-1.0057604e-01;2.4250000e+02;-1.4437062e-01;2.4250000e+02;-6.1562955e-02;2.4250000e+02;-5.8699112e-02;2.4250000e+02;-3.3566643e-02;2.4250000e+02;1.2628023e-02;2.4250000e+02;7.6633051e-02;2.4250000e+02;1.5538557e-01;2.4250000e+02;1.9883585e-01;2.4250000e+02;2.0710331e-01;2.4250000e+02;2.0101240e-01;2.4250000e+02;2.2736043e-01;2.4250000e+02;1.8838239e-01;2.4250000e+02;1.3208842e-01;2.4250000e+02;7.8796759e-02;2.4250000e+02;3.3164963e-02;2.4250000e+02;-1.1815742e-02;2.4250000e+02;-5.8880121e-02;2.4250000e+02;-1.0057604e-01;2.4250000e+02;-1.4437062e-01;2.4250000e+02;-6.1562955e-02;2.4250000e+02;-5.8699112e-02;2.4250000e+02;-3.3566643e-02;2.4250000e+02;1.2628023e-02;2.4250000e+02;7.6633051e-02;2.4250000e+02;1.5538557e-01;2.4250000e+02;1.9883585e-01;2.4250000e+02;2.0710331e-01;2.4250000e+02;2.0101240e-01;2.4250000e+02;2.2736043e-01;2.4250000e+02;1.8838239e-01;2.4250000e+02;1.3208842e-01;2.4250000e+02;7.8796759e-02;2.4250000e+02;3.3164963e-02;2.4250000e+02;-1.1815742e-02;2.4250000e+02;-5.8880121e-02;2.4250000e+02;-1.0057604e-01;2.4250000e+02;-1.4437062e-01;2.4250000e+02;-6.1562955e-02;2.4250000e+02;-5.8699112e-02;2.4250000e+02;-3.3566643e-02;2.4250000e+02;1.2628023e-02;2.4250000e+02;7.6633051e-02;2.4250000e+02;1.5538557e-01;2.4250000e+02;1.9883585e-01;2.4250000e+02;2.0710331e-01;2.4250000e+02;2.0101240e-01;2.4250000e+02;2.2736043e-01;2.4250000e+02;1.8838239e-01;2.4250000e+02;1.3208842e-01;2.4250000e+02;7.8796759e-02;2.4250000e+02;3.3164963e-02;2.4250000e+02;-1.1815742e-02;2.4250000e+02;-5.8880121e-02;2.4250000e+02;-1.0057604e-01;2.4250000e+02;-1.4437062e-01;2.4250000e+02;-6.1562955e-02;2.4250000e+02;-5.8699112e-02;2.4250000e+02;-3.3566643e-02;2.4250000e+02;1.2628023e-02;2.4250000e+02;7.6633051e-02;2.4250000e+02;1.5538557e-01;2.4250000e+02;1.9883585e-01;2.4250000e+02;2.0710331e-01;2.4250000e+02;2.0101240e-01;2.4250000e+02;2.2736043e-01;2.4250000e+02;1.8838239e-01;2.4250000e+02;1.3208842e-01;2.4250000e+02;7.8796759e-02;2.4250000e+02;3.3164963e-02;2.4250000e+02;-1.1815742e-02;2.4250000e+02;-5.8880121e-02;2.4250000e+02;-1.0057604e-01;2.4250000e+02;-1.4437062e-01;2.4250000e+02;-6.1562955e-02;2.4250000e+02;-5.8699112e-02;2.4250000e+02;-3.3566643e-02;2.4250000e+02;1.2628023e-02;2.4250000e+02;7.6633051e-02;2.4250000e+02;1.5538557e-01;2.4250000e+02;1.9883585e-01;2.4250000e+02;2.0710331e-01;2.4250000e+02;2.0101240e-01;2.4250000e+02;2.2736043e-01;2.4250000e+02;1.8838239e-01;2.4250000e+02;1.3208842e-01;2.4250000e+02;7.8796759e-02;2.4250000e+02;3.3164963e-02;2.4250000e+02;-1.1815742e-02;2.4250000e+02;-5.8880121e-02;2.4250000e+02;-1.0057604e-01;2.4250000e+02;-1.4437062e-01;2.4250000e+02;-6.1562955e-02;2.4250000e+02;-5.8699112e-02;2.4250000e+02;-3.3566643e-02;2.4250000e+02;1.2628023e-02;2.4250000e+02;7.6633051e-02;2.4250000e+02;1.5538557e-01;2.4250000e+02;1.9883585e-01;2.4250000e+02;2.0710331e-01;2.4250000e+02;2.0101240e-01;2.4250000e+02;2.2736043e-01;2.4250000e+02;1.8838239e-01;2.4250000e+02;1.3208842e-01;2.4250000e+02;7.8796759e-02;2.4250000e+02;3.3164963e-02;2.4250000e+02;-1.1815742e-02;2.4250000e+02;-5.8880121e-02;2.4250000e+02;-1.0057604e-01;2.4250000e+02;-1.4437062e-01;2.4250000e+02;-6.1562955e-02;2.4250000e+02;-5.8699112e-02;2.4250000e+02;-3.3566643e-02;2.4250000e+02;1.2628023e-02;2.4250000e+02;7.6633051e-02;2.4250000e+02;1.5538557e-01;2.4250000e+02;1.9883585e-01;2.4250000e+02;2.0710331e-01;2.4250000e+02;2.0101240e-01;2.4250000e+02;2.2736043e-01;2.4250000e+02;1.8838239e-01;2.4250000e+02;1.3208842e-01;2.4250000e+02;7.8796759e-02;2.4250000e+02;3.3164963e-02;2.4250000e+02;-1.1815742e-02;2.4250000e+02;-5.8880121e-02;2.4250000e+02;-1.0057604e-01;2.4250000e+02;-1.4437062e-01;2.4250000e+02;-6.1562955e-02;2.4250000e+02;-5.8699112e-02;2.4250000e+02;-3.3566643e-02;2.4250000e+02;1.2628023e-02;2.4250000e+02;7.6633051e-02;2.4250000e+02;1.5538557e-01;2.4250000e+02;1.9883585e-01;2.4250000e+02;2.0710331e-01;2.4250000e+02;2.0101240e-01;2.4250000e+02;2.2736043e-01;2.4250000e+02;1.8838239e-01;2.4250000e+02;1.3208842e-01;2.4250000e+02;7.8796759e-02;2.4250000e+02;3.3164963e-02;2.4250000e+02;-1.1815742e-02;2.4250000e+02;-5.8880121e-02;2.4250000e+02;-1.0057604e-01;2.4250000e+02;-1.4437062e-01;2.4250000e+02;-6.1562955e-02;2.4250000e+02;-5.8699112e-02;2.4250000e+02;-3.3566643e-02;2.4250000e+02;1.2628023e-02;2.4250000e+02;7.6633051e-02;2.4250000e+02;1.5538557e-01;2.4250000e+02;1.9883585e-01;2.4250000e+02;2.0710331e-01;2.4250000e+02;2.0101240e-01;2.4250000e+02;2.2736043e-01;2.4250000e+02;1.8838239e-01;2.4250000e+02;1.3208842e-01;2.4250000e+02;7.8796759e-02;2.4250000e+02;3.3164963e-02;2.4250000e+02;-1.1815742e-02;2.4250000e+02;-5.8880121e-02;2.4250000e+02;-1.0057604e-01;2.4250000e+02;-1.4437062e-01;2.4250000e+02;-6.1562955e-02;2.4250000e+02;-5.8699112e-02;2.4250000e+02;-3.3566643e-02;2.4250000e+02;1.2628023e-02;2.4250000e+02;7.6633051e-02;2.4250000e+02;1.5538557e-01;2.4250000e+02;1.9883585e-01;2.4250000e+02;2.0710331e-01;2.4250000e+02;2.0101240e-01;2.4250000e+02;2.2736043e-01;2.4250000e+02;1.8838239e-01;2.4250000e+02;1.3208842e-01;2.4250000e+02;7.8796759e-02;2.4250000e+02;3.3164963e-02;2.4250000e+02;-1.1815742e-02;2.4250000e+02;-5.8880121e-02;2.4250000e+02;-1.0057604e-01;2.4250000e+02;-1.4437062e-01;2.4250000e+02;-6.1562955e-02;2.4250000e+02;-5.8699112e-02;2.4250000e+02;-3.3566643e-02;2.4250000e+02;1.2628023e-02;2.4250000e+02;7.6633051e-02;2.4250000e+02;1.5538557e-01;2.4250000e+02;1.9883585e-01;2.4250000e+02;2.0710331e-01;2.4250000e+02;2.0101240e-01;2.4250000e+02;2.2736043e-01;2.4250000e+02;1.8838239e-01;2.4250000e+02;1.3208842e-01;2.4250000e+02;7.8796759e-02;2.4250000e+02;3.3164963e-02;2.4250000e+02;-1.1815742e-02;2.4250000e+02;-5.8880121e-02;2.4250000e+02;-1.0057604e-01;2.4250000e+02;-1.4437062e-01;2.4250000e+02;-6.1562955e-02;2.4250000e+02;-5.8699112e-02;2.4250000e+02;-3.3566643e-02;2.4250000e+02;1.2628023e-02;2.4250000e+02;7.6633051e-02;2.4250000e+02;1.5538557e-01;2.4250000e+02;1.9883585e-01;2.4250000e+02;2.0710331e-01;2.4250000e+02;2.0101240e-01;2.4250000e+02;2.2736043e-01;2.4250000e+02;1.8838239e-01;2.4250000e+02;1.3208842e-01;2.4250000e+02;7.8796759e-02;2.4250000e+02;3.3164963e-02;2.4250000e+02;-1.1815742e-02;2.4250000e+02;-5.8880121e-02;2.4250000e+02;-1.0057604e-01;2.4250000e+02;-1.4437062e-01;2.4250000e+02;-6.1562955e-02;2.4250000e+02;-5.8699112e-02;2.4250000e+02;-3.3566643e-02;2.4250000e+02;1.2628023e-02;2.4250000e+02;7.6633051e-02;2.4250000e+02;1.5538557e-01;2.4250000e+02;1.9883585e-01;2.4250000e+02;2.0710331e-01;2.4250000e+02;2.0101240e-01;2.4250000e+02;2.2736043e-01;2.4250000e+02;1.8838239e-01;2.4250000e+02;1.3208842e-01;2.4250000e+02;7.8796759e-02;2.4250000e+02;3.3164963e-02;2.4250000e+02;-1.1815742e-02;2.4250000e+02;-5.8880121e-02;2.4250000e+02;-1.0057604e-01;2.4250000e+02;-1.4437062e-01;2.4250000e+02;-6.1562955e-02;2.4250000e+02;-5.8699112e-02;2.4250000e+02;-3.3566643e-02;2.4250000e+02;1.2628023e-02;2.4250000e+02;7.6633051e-02;2.4250000e+02;1.5538557e-01;2.4250000e+02;1.9883585e-01;2.4250000e+02;2.0710331e-01;2.4250000e+02;2.0101240e-01;2.4250000e+02;2.2736043e-01;2.4250000e+02;1.8838239e-01;2.4250000e+02;1.3208842e-01;2.4250000e+02;7.8796759e-02;2.4250000e+02;3.3164963e-02;2.4250000e+02;-1.1815742e-02;2.4250000e+02;-5.8880121e-02;2.4250000e+02;-1.0057604e-01;2.4250000e+02;-1.4437062e-01;2.4250000e+02;-6.1562955e-02;2.4250000e+02;-5.8699112e-02;2.4250000e+02;-3.3566643e-02;2.4250000e+02;1.2628023e-02;2.4250000e+02;7.6633051e-02;2.4250000e+02;1.5538557e-01;2.4250000e+02;1.9883585e-01;2.4250000e+02;2.0710331e-01;2.4250000e+02;2.0101240e-01;2.4250000e+02;2.2736043e-01;2.4250000e+02;1.8838239e-01;2.4250000e+02;1.3208842e-01;2.4250000e+02;7.8796759e-02;2.4250000e+02;3.3164963e-02;2.4250000e+02;-1.1815742e-02;2.4250000e+02;-5.8880121e-02;2.4250000e+02;-1.0057604e-01;2.4250000e+02;-1.4437062e-01;2.4250000e+02;-6.1562955e-02;2.4250000e+02;-5.8699112e-02;2.4250000e+02;-3.3566643e-02;2.4250000e+02;1.2628023e-02;2.4250000e+02;7.6633051e-02;2.4250000e+02;1.5538557e-01;2.4250000e+02;1.9883585e-01;2.4250000e+02;2.0710331e-01;2.4250000e+02;2.0101240e-01;2.4250000e+02;2.2736043e-01;2.4250000e+02;1.8838239e-01;2.4250000e+02;1.3208842e-01;2.4250000e+02;7.8796759e-02;2.4250000e+02;3.3164963e-02;2.4250000e+02;-1.1815742e-02;2.4250000e+02;-5.8880121e-02;2.4250000e+02;-1.0057604e-01;2.4250000e+02;-1.4437062e-01;2.4250000e+02;-6.1562955e-02;2.4250000e+02;-5.8699112e-02;2.4250000e+02;-3.3566643e-02;2.4250000e+02;1.2628023e-02;2.4250000e+02;7.6633051e-02;2.4250000e+02;1.5538557e-01;2.4250000e+02;1.9883585e-01;2.4250000e+02;2.0710331e-01;2.4250000e+02;2.0101240e-01;2.4250000e+02;2.2736043e-01;2.4250000e+02;1.8838239e-01;2.4250000e+02;1.3208842e-01;2.4250000e+02;7.8796759e-02;2.4250000e+02;3.3164963e-02;2.4250000e+02;-1.1815742e-02;2.4250000e+02;-5.8880121e-02;2.4250000e+02;-1.0057604e-01;2.4250000e+02;-1.4437062e-01;2.4250000e+02;-6.1562955e-02;2.4250000e+02;-5.8699112e-02;2.4250000e+02;-3.3566643e-02;2.4250000e+02;1.2628023e-02;2.4250000e+02;7.6633051e-02;2.4250000e+02;1.5538557e-01;2.4250000e+02;1.9883585e-01;2.4250000e+02;2.0710331e-01;2.4250000e+02;2.0101240e-01;2.4250000e+02;2.2736043e-01;2.4250000e+02;1.8838239e-01;2.4250000e+02;1.3208842e-01;2.4250000e+02;7.8796759e-02;2.4250000e+02;3.3164963e-02;2.4250000e+02;-1.1815742e-02;2.4250000e+02;-5.8880121e-02;2.4250000e+02;-1.0057604e-01;2.4250000e+02;-1.4437062e-01;2.4250000e+02;-6.1562955e-02;2.4250000e+02;-5.8699112e-02;2.4250000e+02;-3.3566643e-02;2.4250000e+02;1.2628023e-02;2.4250000e+02;7.6633051e-02;2.4250000e+02;1.5538557e-01;2.4250000e+02;1.9883585e-01;2.4250000e+02;2.0710331e-01;2.4250000e+02;2.0101240e-01;2.4250000e+02;2.2736043e-01;2.4250000e+02;1.8838239e-01;2.4250000e+02;1.3208842e-01;2.4250000e+02;7.8796759e-02;2.4250000e+02;3.3164963e-02;2.4250000e+02;-1.1815742e-02;2.4250000e+02;-5.8880121e-02;2.4250000e+02;-1.0057604e-01;2.4250000e+02;-1.4437062e-01;2.4250000e+02;-6.1562955e-02;2.4250000e+02;-5.8699112e-02;2.4250000e+02;-3.3566643e-02;2.4250000e+02;1.2628023e-02;2.4250000e+02;7.6633051e-02;2.4250000e+02;1.5538557e-01;2.4250000e+02;1.9883585e-01;2.4250000e+02;2.0710331e-01;2.4250000e+02;2.0101240e-01;2.4250000e+02;2.2736043e-01;2.4250000e+02;1.8838239e-01;2.4250000e+02;1.3208842e-01;2.4250000e+02;7.8796759e-02;2.4250000e+02;3.3164963e-02;2.4250000e+02;-1.1815742e-02;2.4250000e+02;-5.8880121e-02;2.4250000e+02;-1.0057604e-01;2.4250000e+02;-1.4437062e-01;2.4250000e+02;-6.1562955e-02;2.4250000e+02;-5.8699112e-02;2.4250000e+02;-3.3566643e-02;2.4250000e+02;1.2628023e-02;2.4250000e+02;7.6633051e-02;2.4250000e+02;1.5538557e-01;2.4250000e+02;1.9883585e-01;2.4250000e+02;2.0710331e-01;2.4250000e+02;2.0101240e-01;2.4250000e+02;2.2736043e-01;2.4250000e+02;1.8838239e-01;2.4250000e+02;1.3208842e-01;2.4250000e+02;7.8796759e-02;2.4250000e+02;3.3164963e-02;2.4250000e+02;-1.1815742e-02;2.4250000e+02;-5.8880121e-02;2.4250000e+02;-1.0057604e-01;2.4250000e+02;-1.4437062e-01;2.4250000e+02;-6.1562955e-02;2.4250000e+02;-5.8699112e-02;2.4250000e+02;-3.3566643e-02;2.4250000e+02;1.2628023e-02;2.4250000e+02;7.6633051e-02;2.4250000e+02;1.5538557e-01;2.4250000e+02;1.9883585e-01;2.4250000e+02;2.0710331e-01;2.4250000e+02;2.0101240e-01;2.4250000e+02;2.2736043e-01;2.4250000e+02;1.8838239e-01;2.4250000e+02;1.3208842e-01;2.4250000e+02;7.8796759e-02;2.4250000e+02;3.3164963e-02;2.4250000e+02;-1.1815742e-02;2.4250000e+02;-5.8880121e-02;2.4250000e+02;-1.0057604e-01;2.4250000e+02;-1.4437062e-01;2.4250000e+02;-6.1562955e-02;2.4250000e+02;-5.8699112e-02;2.4250000e+02;-3.3566643e-02;2.4250000e+02;1.2628023e-02;2.4250000e+02;7.6633051e-02;2.4250000e+02;1.5538557e-01;2.4250000e+02;1.9883585e-01;2.4250000e+02;2.0710331e-01;2.4250000e+02;2.0101240e-01;2.4250000e+02;2.2736043e-01;2.4250000e+02;1.8838239e-01;2.4250000e+02;1.3208842e-01;2.4250000e+02;7.8796759e-02;2.4250000e+02;3.3164963e-02;2.4250000e+02;-1.1815742e-02;2.4250000e+02;-5.8880121e-02;2.4250000e+02;-1.0057604e-01;2.4250000e+02;-1.4437062e-01;2.4250000e+02;-6.1562955e-02;2.4250000e+02;-5.8699112e-02;2.4250000e+02;-3.3566643e-02;2.4250000e+02;1.2628023e-02;2.4250000e+02;7.6633051e-02;2.4250000e+02;1.5538557e-01;2.4250000e+02;1.9883585e-01;2.4250000e+02;2.0710331e-01;2.4250000e+02;2.0101240e-01;2.4250000e+02;2.2736043e-01;2.4250000e+02;1.8838239e-01;2.4250000e+02;1.3208842e-01;2.4250000e+02;7.8796759e-02;2.4250000e+02;3.3164963e-02;2.4250000e+02;-1.1815742e-02;2.4250000e+02;-5.8880121e-02;2.4250000e+02;-1.0057604e-01;2.4250000e+02;-1.4437062e-01;2.4250000e+02;-6.1562955e-02;2.4250000e+02;-5.8699112e-02;2.4250000e+02;-3.3566643e-02;2.4250000e+02;1.2628023e-02;2.4250000e+02;7.6633051e-02;2.4250000e+02;1.5538557e-01;2.4250000e+02;1.9883585e-01;2.4250000e+02;2.0710331e-01;2.4250000e+02;2.0101240e-01;2.4250000e+02;2.2736043e-01;2.4250000e+02;1.8838239e-01;2.4250000e+02;1.3208842e-01;2.4250000e+02;7.8796759e-02;2.4250000e+02;3.3164963e-02;2.4250000e+02;-1.1815742e-02;2.4250000e+02;-5.8880121e-02;2.4250000e+02;-1.0057604e-01;2.4250000e+02;-1.4437062e-01;2.4250000e+02;-6.1562955e-02;2.4250000e+02;-5.8699112e-02;2.4250000e+02;-3.3566643e-02;2.4250000e+02;1.2628023e-02;2.4250000e+02;7.6633051e-02;2.4250000e+02;1.5538557e-01;2.4250000e+02;1.9883585e-01;2.4250000e+02;2.0710331e-01;2.4250000e+02;2.0101240e-01;2.4250000e+02;2.2736043e-01;2.4250000e+02;1.8838239e-01;2.4250000e+02;1.3208842e-01;2.4250000e+02;7.8796759e-02;2.4250000e+02;3.3164963e-02;2.4250000e+02;-1.1815742e-02;2.4250000e+02;-5.8880121e-02;2.4250000e+02;-1.0057604e-01;2.4250000e+02;-1.4437062e-01;2.4250000e+02;-6.1562955e-02;2.4250000e+02;-5.8699112e-02;2.4250000e+02;-3.3566643e-02;2.4250000e+02;1.2628023e-02;2.4250000e+02;7.6633051e-02;2.4250000e+02;1.5538557e-01;2.4250000e+02;1.9883585e-01;2.4250000e+02;2.0710331e-01;2.4250000e+02;2.0101240e-01;2.4250000e+02;2.2736043e-01;2.4250000e+02;1.8838239e-01;2.4250000e+02;1.3208842e-01;2.4250000e+02;7.8796759e-02;2.4250000e+02;3.3164963e-02;2.4250000e+02;-1.1815742e-02;2.4250000e+02;-5.8880121e-02;2.4250000e+02;-1.0057604e-01;2.4250000e+02;-1.4437062e-01;2.4250000e+02;-6.1562955e-02;2.4250000e+02;-5.8699112e-02;2.4250000e+02;-3.3566643e-02;2.4250000e+02;1.2628023e-02;2.4250000e+02;7.6633051e-02;2.4250000e+02;1.5538557e-01;2.4250000e+02;1.9883585e-01;2.4250000e+02;2.0710331e-01;2.4250000e+02;2.0101240e-01;2.4250000e+02;2.2736043e-01;2.4250000e+02;1.8838239e-01;2.4250000e+02;1.3208842e-01;2.4250000e+02;7.8796759e-02;2.4250000e+02;3.3164963e-02;2.4250000e+02;-1.1815742e-02;2.4250000e+02;-5.8880121e-02;2.4250000e+02;-1.0057604e-01;2.4250000e+02;-1.4437062e-01;2.4250000e+02;-6.1562955e-02;2.4250000e+02;-5.8699112e-02;2.4250000e+02;-3.3566643e-02;2.4250000e+02;1.2628023e-02;2.4250000e+02;7.6633051e-02;2.4250000e+02;1.5538557e-01;2.4250000e+02;1.9883585e-01;2.4250000e+02;2.0710331e-01;2.4250000e+02;2.0101240e-01;2.4250000e+02;2.2736043e-01;2.4250000e+02;1.8838239e-01;2.4250000e+02;1.3208842e-01;2.4250000e+02;7.8796759e-02;2.4250000e+02;3.3164963e-02;2.4250000e+02;-1.1815742e-02;2.4250000e+02;-5.8880121e-02;2.4250000e+02;-1.0057604e-01;2.4250000e+02;-1.4437062e-01;2.4250000e+02;-6.1562955e-02;2.4250000e+02;-5.8699112e-02;2.4250000e+02;-3.3566643e-02;2.4250000e+02;1.2628023e-02;2.4250000e+02;7.6633051e-02;2.4250000e+02;1.5538557e-01;2.4250000e+02;1.9883585e-01;2.4250000e+02;2.0710331e-01;2.4250000e+02;2.0101240e-01;2.4250000e+02;2.2736043e-01;2.4250000e+02;1.8838239e-01;2.4250000e+02;1.3208842e-01;2.4250000e+02;7.8796759e-02;2.4250000e+02;3.3164963e-02;2.4250000e+02;-1.1815742e-02;2.4250000e+02;-5.8880121e-02;2.4250000e+02;-1.0057604e-01;2.4250000e+02;-1.4437062e-01;2.4250000e+02;-6.1562955e-02;2.4250000e+02;-5.8699112e-02;2.4250000e+02;-3.3566643e-02;2.4250000e+02;1.2628023e-02;2.4250000e+02;7.6633051e-02;2.4250000e+02;1.5538557e-01;2.4250000e+02;1.9883585e-01;2.4250000e+02;2.0710331e-01;2.4250000e+02;2.0101240e-01;2.4250000e+02;2.2736043e-01;2.4250000e+02;1.8838239e-01;2.4250000e+02;1.3208842e-01;2.4250000e+02;7.8796759e-02;2.4250000e+02;3.3164963e-02;2.4250000e+02;-1.1815742e-02;2.4250000e+02;-5.8880121e-02;2.4250000e+02;-1.0057604e-01;2.4250000e+02;-1.4437062e-01;2.4250000e+02;-6.1562955e-02;2.4250000e+02;-5.8699112e-02;2.4250000e+02;-3.3566643e-02;2.4250000e+02;1.2628023e-02;2.4250000e+02;7.6633051e-02;2.4250000e+02;1.5538557e-01;2.4250000e+02;1.9883585e-01;2.4250000e+02;2.0710331e-01;2.4250000e+02;2.0101240e-01;2.4250000e+02;2.2736043e-01;2.4250000e+02;1.8838239e-01;2.4250000e+02;1.3208842e-01;2.4250000e+02;7.8796759e-02;2.4250000e+02;3.3164963e-02;2.4250000e+02;-1.1815742e-02;2.4250000e+02;-5.8880121e-02;2.4250000e+02;-1.0057604e-01;2.4250000e+02;-1.4437062e-01;2.4250000e+02;-6.1562955e-02;2.4250000e+02;-5.8699112e-02;2.4250000e+02;-3.3566643e-02;2.4250000e+02;1.2628023e-02;2.4250000e+02;7.6633051e-02;2.4250000e+02;1.5538557e-01;2.4250000e+02;1.9883585e-01;2.4250000e+02;2.0710331e-01;2.4250000e+02;2.0101240e-01;2.4250000e+02;2.2736043e-01;2.4250000e+02;1.8838239e-01;2.4250000e+02;1.3208842e-01;2.4250000e+02;7.8796759e-02;2.4250000e+02;3.3164963e-02;2.4250000e+02;-1.1815742e-02;2.4250000e+02;-5.8880121e-02;2.4250000e+02;-1.0057604e-01;2.4250000e+02;-1.4437062e-01;2.4250000e+02;-6.1562955e-02;2.4250000e+02;-5.8699112e-02;2.4250000e+02;-3.3566643e-02;2.4250000e+02;1.2628023e-02;2.4250000e+02;7.6633051e-02;2.4250000e+02;1.5538557e-01;2.4250000e+02;1.9883585e-01;2.4250000e+02;2.0710331e-01;2.4250000e+02;2.0101240e-01;2.4250000e+02;2.2736043e-01;2.4250000e+02;1.8838239e-01;2.4250000e+02;1.3208842e-01;2.4250000e+02;7.8796759e-02;2.4250000e+02;3.3164963e-02;2.4250000e+02;-1.1815742e-02;2.4250000e+02;-5.8880121e-02;2.4250000e+02;-1.0057604e-01;2.4250000e+02;-1.4437062e-01;2.4250000e+02;-6.1562955e-02;2.4250000e+02;-5.8699112e-02;2.4250000e+02;-3.3566643e-02;2.4250000e+02;1.2628023e-02;2.4250000e+02;7.6633051e-02;2.4250000e+02;1.5538557e-01;2.4250000e+02;1.9883585e-01;2.4250000e+02;2.0710331e-01;2.4250000e+02;2.0101240e-01;2.4250000e+02;2.2736043e-01;2.4250000e+02;1.8838239e-01;2.4250000e+02;1.3208842e-01;2.4250000e+02;7.8796759e-02;2.4250000e+02;3.3164963e-02;2.4250000e+02;-1.1815742e-02;2.4250000e+02;-5.8880121e-02;2.4250000e+02;-1.0057604e-01;2.4250000e+02;-1.4437062e-01;2.4250000e+02;-6.1562955e-02;2.4250000e+02;-5.8699112e-02;2.4250000e+02;-3.3566643e-02;2.4250000e+02;1.2628023e-02;2.4250000e+02;7.6633051e-02;2.4250000e+02;1.5538557e-01;2.4250000e+02;1.9883585e-01;2.4250000e+02;2.0710331e-01;2.4250000e+02;2.0101240e-01;2.4250000e+02;2.2736043e-01;2.4250000e+02;1.8838239e-01;2.4250000e+02;1.3208842e-01;2.4250000e+02;7.8796759e-02;2.4250000e+02;3.3164963e-02;2.4250000e+02;-1.1815742e-02;2.4250000e+02;-5.8880121e-02;2.4250000e+02;-1.0057604e-01;2.4250000e+02;-1.4437062e-01;2.4250000e+02;-6.1562955e-02;2.4250000e+02;-5.8699112e-02;2.4250000e+02;-3.3566643e-02;2.4250000e+02;1.2628023e-02;2.4250000e+02;7.6633051e-02;2.4250000e+02;1.5538557e-01;2.4250000e+02;1.9883585e-01;2.4250000e+02;2.0710331e-01;2.4250000e+02;2.0101240e-01;2.4250000e+02;2.2736043e-01;2.4250000e+02;1.8838239e-01;2.4250000e+02;1.3208842e-01;2.4250000e+02;7.8796759e-02;2.4250000e+02;3.3164963e-02;2.4250000e+02;-1.1815742e-02;2.4250000e+02;-5.8880121e-02;2.4250000e+02;-1.0057604e-01;2.4250000e+02;-1.4437062e-01;2.4250000e+02;-6.1562955e-02;2.4250000e+02;-5.8699112e-02;2.4250000e+02;-3.3566643e-02;2.4250000e+02;1.2628023e-02;2.4250000e+02;7.6633051e-02;2.4250000e+02;1.5538557e-01;2.4250000e+02;1.9883585e-01;2.4250000e+02;2.0710331e-01;2.4250000e+02;2.0101240e-01;2.4250000e+02;2.2736043e-01;2.4250000e+02;1.8838239e-01;2.4250000e+02;1.3208842e-01;2.4250000e+02;7.8796759e-02;2.4250000e+02;3.3164963e-02;2.4250000e+02;-1.1815742e-02;2.4250000e+02;-5.8880121e-02;2.4250000e+02;-1.0057604e-01;2.4250000e+02;-1.4437062e-01;2.4250000e+02;-6.1562955e-02;2.4250000e+02;-5.8699112e-02;2.4250000e+02;-3.3566643e-02;2.4250000e+02;1.2628023e-02;2.4250000e+02;7.6633051e-02;2.4250000e+02;1.5538557e-01;2.4250000e+02;1.9883585e-01;2.4250000e+02;2.0710331e-01;2.4250000e+02;2.0101240e-01;2.4250000e+02;2.2736043e-01;2.4250000e+02;1.8838239e-01;2.4250000e+02;1.3208842e-01;2.4250000e+02;7.8796759e-02;2.4250000e+02;3.3164963e-02;2.4250000e+02;-1.1815742e-02;2.4250000e+02;-5.8880121e-02;2.4250000e+02;-1.0057604e-01;2.4250000e+02;-1.4437062e-01;2.4250000e+02;-6.1562955e-02;2.4250000e+02;-5.8699112e-02;2.4250000e+02;-3.3566643e-02;2.4250000e+02;1.2628023e-02;2.4250000e+02;7.6633051e-02;2.4250000e+02;1.5538557e-01;2.4250000e+02;1.9883585e-01;2.4250000e+02;2.0710331e-01;2.4250000e+02;2.0101240e-01;2.4250000e+02;2.2736043e-01;2.4250000e+02;1.8838239e-01;2.4250000e+02;1.3208842e-01;2.4250000e+02;7.8796759e-02;2.4250000e+02;3.3164963e-02;2.4250000e+02;-1.1815742e-02;2.4250000e+02;-5.8880121e-02;2.4250000e+02;-1.0057604e-01;2.4250000e+02;-1.4437062e-01;2.4250000e+02;-6.1562955e-02;2.4250000e+02;-5.8699112e-02;2.4250000e+02;-3.3566643e-02;2.4250000e+02;1.2628023e-02;2.4250000e+02;7.6633051e-02;2.4250000e+02;1.5538557e-01;2.4250000e+02;1.9883585e-01;2.4250000e+02;2.0710331e-01;2.4250000e+02;2.0101240e-01;2.4250000e+02;2.2736043e-01;2.4250000e+02;1.8838239e-01;2.4250000e+02;1.3208842e-01;2.4250000e+02;7.8796759e-02;2.4250000e+02;3.3164963e-02;2.4250000e+02;-1.1815742e-02;2.4250000e+02;-5.8880121e-02;2.4250000e+02;-1.0057604e-01;2.4250000e+02;-1.4437062e-01;2.4250000e+02;-6.1562955e-02;2.4250000e+02;-5.8699112e-02;2.4250000e+02;-3.3566643e-02;2.4250000e+02;1.2628023e-02;2.4250000e+02;7.6633051e-02;2.4250000e+02;1.5538557e-01;2.4250000e+02;1.9883585e-01;2.4250000e+02;2.0710331e-01;2.4250000e+02;2.0101240e-01;2.4250000e+02;2.2736043e-01;2.4250000e+02;1.8838239e-01;2.4250000e+02;1.3208842e-01;2.4250000e+02;7.8796759e-02;2.4250000e+02;3.3164963e-02;2.4250000e+02;-1.1815742e-02;2.4250000e+02;-5.8880121e-02;2.4250000e+02;-1.0057604e-01;2.4250000e+02;-1.4437062e-01;2.4250000e+02;-6.1562955e-02;2.4250000e+02;-5.8699112e-02;2.4250000e+02;-3.3566643e-02;2.4250000e+02;1.2628023e-02;2.4250000e+02;7.6633051e-02;2.4250000e+02;1.5538557e-01;2.4250000e+02;1.9883585e-01;2.4250000e+02;2.0710331e-01;2.4250000e+02;2.0101240e-01;2.4250000e+02;2.2736043e-01;2.4250000e+02;1.8838239e-01;2.4250000e+02;1.3208842e-01;2.4250000e+02;7.8796759e-02;2.4250000e+02;3.3164963e-02;2.4250000e+02;-1.1815742e-02;2.4250000e+02;-5.8880121e-02;2.4250000e+02;-1.0057604e-01;2.4250000e+02;-1.4437062e-01;2.4250000e+02;-6.1562955e-02;2.4250000e+02;-5.8699112e-02;2.4250000e+02;-3.3566643e-02;2.4250000e+02;1.2628023e-02;2.4250000e+02;7.6633051e-02;2.4250000e+02;1.5538557e-01;2.4250000e+02;1.9883585e-01;2.4250000e+02;2.0710331e-01;2.4250000e+02;2.0101240e-01;2.4250000e+02;2.2736043e-01;2.4250000e+02;1.8838239e-01;2.4250000e+02;1.3208842e-01;2.4250000e+02;7.8796759e-02;2.4250000e+02;3.3164963e-02;2.4250000e+02;-1.1815742e-02;2.4250000e+02;-5.8880121e-02;2.4250000e+02;-1.0057604e-01;2.4250000e+02;-1.4437062e-01;2.4250000e+02;-6.1562955e-02;2.4250000e+02;-5.8699112e-02;2.4250000e+02;-3.3566643e-02;2.4250000e+02;1.2628023e-02;2.4250000e+02;7.6633051e-02;2.4250000e+02;1.5538557e-01;2.4250000e+02;1.9883585e-01;2.4250000e+02;2.0710331e-01;2.4250000e+02;2.0101240e-01;2.4250000e+02;2.2736043e-01;2.4250000e+02;1.8838239e-01;2.4250000e+02;1.3208842e-01;2.4250000e+02;7.8796759e-02;2.4250000e+02;3.3164963e-02;2.4250000e+02;-1.1815742e-02;2.4250000e+02;-5.8880121e-02;2.4250000e+02;-1.0057604e-01;2.4250000e+02;-1.4437062e-01;2.4250000e+02;-6.1562955e-02;2.4250000e+02;-5.8699112e-02;2.4250000e+02;-3.3566643e-02;2.4250000e+02;1.2628023e-02;2.4250000e+02;7.6633051e-02;2.4250000e+02;1.5538557e-01;2.4250000e+02;1.9883585e-01;2.4250000e+02;2.0710331e-01;2.4250000e+02;2.0101240e-01;2.4250000e+02;2.2736043e-01;2.4250000e+02;1.8838239e-01;2.4250000e+02;1.3208842e-01;2.4250000e+02;7.8796759e-02;2.4250000e+02;3.3164963e-02;2.4250000e+02;-1.1815742e-02;2.4250000e+02;-5.8880121e-02;2.4250000e+02;-1.0057604e-01;2.4250000e+02;-1.4437062e-01;2.4250000e+02;-6.1562955e-02;2.4250000e+02;-5.8699112e-02;2.4250000e+02;-3.3566643e-02;2.4250000e+02;1.2628023e-02;2.4250000e+02;7.6633051e-02;2.4250000e+02;1.5538557e-01;2.4250000e+02;1.9883585e-01;2.4250000e+02;2.0710331e-01;2.4250000e+02;2.0101240e-01;2.4250000e+02;2.2736043e-01;2.4250000e+02;1.8838239e-01;2.4250000e+02;1.3208842e-01;2.4250000e+02;7.8796759e-02;2.4250000e+02;3.3164963e-02;2.4250000e+02;-1.1815742e-02;2.4250000e+02;-5.8880121e-02;2.4250000e+02;-1.0057604e-01;2.4250000e+02;-1.4437062e-01;2.4250000e+02;-6.1562955e-02;2.4250000e+02;-5.8699112e-02;2.4250000e+02;-3.3566643e-02;2.4250000e+02;1.2628023e-02;2.4250000e+02;7.6633051e-02;2.4250000e+02;1.5538557e-01;2.4250000e+02;1.9883585e-01;2.4250000e+02;2.0710331e-01;2.4250000e+02;2.0101240e-01;2.4250000e+02;2.2736043e-01;2.4250000e+02;1.8838239e-01;2.4250000e+02;1.3208842e-01;2.4250000e+02;7.8796759e-02;2.4250000e+02;3.3164963e-02;2.4250000e+02;-1.1815742e-02;2.4250000e+02;-5.8880121e-02;2.4250000e+02;-1.0057604e-01;2.4250000e+02;-1.4437062e-01;2.4250000e+02;-6.1562955e-02;2.4250000e+02;-5.8699112e-02;2.4250000e+02;-3.3566643e-02;2.4250000e+02;1.2628023e-02;2.4250000e+02;7.6633051e-02;2.4250000e+02;1.5538557e-01;2.4250000e+02;1.9883585e-01;2.4250000e+02;2.0710331e-01;2.4250000e+02;2.0101240e-01;2.4250000e+02;2.2736043e-01;2.4250000e+02;1.8838239e-01;2.4250000e+02;1.3208842e-01;2.4250000e+02;7.8796759e-02;2.4250000e+02;3.3164963e-02;2.4250000e+02;-1.1815742e-02;2.4250000e+02;-5.8880121e-02;2.4250000e+02;-1.0057604e-01;2.4250000e+02;-1.4437062e-01;2.4250000e+02;-6.1562955e-02;2.4250000e+02;-5.8699112e-02;2.4250000e+02;-3.3566643e-02;2.4250000e+02;1.2628023e-02;2.4250000e+02;7.6633051e-02;2.4250000e+02;1.5538557e-01;2.4250000e+02;1.9883585e-01;2.4250000e+02;2.0710331e-01;2.4250000e+02;2.0101240e-01;2.4250000e+02;2.2736043e-01;2.4250000e+02;1.8838239e-01;2.4250000e+02;1.3208842e-01;2.4250000e+02;7.8796759e-02;2.4250000e+02;3.3164963e-02;2.4250000e+02;-1.1815742e-02;2.4250000e+02;-5.8880121e-02;2.4250000e+02;-1.0057604e-01;2.4250000e+02;-1.4437062e-01;2.4250000e+02;-6.1562955e-02;2.4250000e+02;-5.8699112e-02;2.4250000e+02;-3.3566643e-02;2.4250000e+02;1.2628023e-02;2.4250000e+02;7.6633051e-02;2.4250000e+02;1.5538557e-01;2.4250000e+02;1.9883585e-01;2.4250000e+02;2.0710331e-01;2.4250000e+02;2.0101240e-01;2.4250000e+02;2.2736043e-01;2.4250000e+02;1.8838239e-01;2.4250000e+02;1.3208842e-01;2.4250000e+02;7.8796759e-02;2.4250000e+02;3.3164963e-02;2.4250000e+02;-1.1815742e-02;2.4250000e+02;-5.8880121e-02;2.4250000e+02;-1.0057604e-01;2.4250000e+02;-1.4437062e-01;2.4250000e+02;-6.1562955e-02;2.4250000e+02;-5.8699112e-02;2.4250000e+02;-3.3566643e-02;2.4250000e+02;1.2628023e-02;2.4250000e+02;7.6633051e-02;2.4250000e+02;1.5538557e-01;2.4250000e+02;1.9883585e-01;2.4250000e+02;2.0710331e-01;2.4250000e+02;2.0101240e-01;2.4250000e+02;2.2736043e-01;2.4250000e+02;1.8838239e-01;2.4250000e+02;1.3208842e-01;2.4250000e+02;7.8796759e-02;2.4250000e+02;3.3164963e-02;2.4250000e+02;-1.1815742e-02;2.4250000e+02;-5.8880121e-02;2.4250000e+02;-1.0057604e-01;2.4250000e+02;-1.4437062e-01;2.4250000e+02;-6.1562955e-02;2.4250000e+02;-5.8699112e-02;2.4250000e+02;-3.3566643e-02;2.4250000e+02;1.2628023e-02;2.4250000e+02;7.6633051e-02;2.4250000e+02;1.5538557e-01;2.4250000e+02;1.9883585e-01;2.4250000e+02;2.0710331e-01;2.4250000e+02;2.0101240e-01;2.4250000e+02;2.2736043e-01;2.4250000e+02;1.8838239e-01;2.4250000e+02;1.3208842e-01;2.4250000e+02;7.8796759e-02;2.4250000e+02;3.3164963e-02;2.4250000e+02;-1.1815742e-02;2.4250000e+02;-5.8880121e-02;2.4250000e+02;-1.0057604e-01;2.4250000e+02;-1.4437062e-01;2.4250000e+02;-6.1562955e-02;2.4250000e+02;-5.8699112e-02;2.4250000e+02;-3.3566643e-02;2.4250000e+02;1.2628023e-02;2.4250000e+02;7.6633051e-02;2.4250000e+02;1.5538557e-01;2.4250000e+02;1.9883585e-01;2.4250000e+02;2.0710331e-01;2.4250000e+02;2.0101240e-01;2.4250000e+02;2.2736043e-01;2.4250000e+02;1.8838239e-01;2.4250000e+02;1.3208842e-01;2.4250000e+02;7.8796759e-02;2.4250000e+02;3.3164963e-02;2.4250000e+02;-1.1815742e-02;2.4250000e+02;-5.8880121e-02;2.4250000e+02;-1.0057604e-01;2.4250000e+02;-1.4437062e-01;2.4250000e+02;-6.1562955e-02;2.4250000e+02;-5.8699112e-02;2.4250000e+02;-3.3566643e-02;2.4250000e+02;1.2628023e-02;2.4250000e+02;7.6633051e-02;2.4250000e+02;1.5538557e-01;2.4250000e+02;1.9883585e-01;2.4250000e+02;2.0710331e-01;2.4250000e+02;2.0101240e-01;2.4250000e+02;2.2736043e-01;2.4250000e+02;1.8838239e-01;2.4250000e+02;1.3208842e-01;2.4250000e+02;7.8796759e-02;2.4250000e+02;3.3164963e-02;2.4250000e+02;-1.1815742e-02;2.4250000e+02;-5.8880121e-02;2.4250000e+02;-1.0057604e-01;2.4250000e+02;-1.4437062e-01;2.4250000e+02;-6.1562955e-02;2.4250000e+02;-5.8699112e-02;2.4250000e+02;-3.3566643e-02;2.4250000e+02;1.2628023e-02;2.4250000e+02;7.6633051e-02;2.4250000e+02;1.5538557e-01;2.4250000e+02;1.9883585e-01;2.4250000e+02;2.0710331e-01;2.4250000e+02;2.0101240e-01;2.4250000e+02;2.2736043e-01;2.4250000e+02;1.8838239e-01;2.4250000e+02;1.3208842e-01;2.4250000e+02;7.8796759e-02;2.4250000e+02;3.3164963e-02;2.4250000e+02;-1.1815742e-02;2.4250000e+02;-5.8880121e-02;2.4250000e+02;-1.0057604e-01;2.4250000e+02;-1.4437062e-01;2.4250000e+02;-6.1562955e-02;2.4250000e+02;-5.8699112e-02;2.4250000e+02;-3.3566643e-02;2.4250000e+02;1.2628023e-02;2.4250000e+02;7.6633051e-02;2.4250000e+02;1.5538557e-01;2.4250000e+02;1.9883585e-01;2.4250000e+02;2.0710331e-01;2.4250000e+02;2.0101240e-01;2.4250000e+02;2.2736043e-01;2.4250000e+02;1.8838239e-01;2.4250000e+02;1.3208842e-01;2.4250000e+02;7.8796759e-02;2.4250000e+02;3.3164963e-02;2.4250000e+02;-1.1815742e-02;2.4250000e+02;-5.8880121e-02;2.4250000e+02;-1.0057604e-01;2.4250000e+02;-1.4437062e-01;2.4250000e+02;-6.1562955e-02;2.4250000e+02;-5.8699112e-02;2.4250000e+02;-3.3566643e-02;2.4250000e+02;1.2628023e-02;2.4250000e+02;7.6633051e-02;2.4250000e+02;1.5538557e-01;2.4250000e+02;1.9883585e-01;2.4250000e+02;2.0710331e-01;2.4250000e+02;2.0101240e-01;2.4250000e+02;2.2736043e-01;2.4250000e+02;1.8838239e-01;2.4250000e+02;1.3208842e-01;2.4250000e+02;7.8796759e-02;2.4250000e+02;3.3164963e-02;2.4250000e+02;-1.1815742e-02;2.4250000e+02;-5.8880121e-02;2.4250000e+02;-1.0057604e-01;2.4250000e+02;-1.4437062e-01;2.4250000e+02;-6.1562955e-02;2.4250000e+02;-5.8699112e-02;2.4250000e+02;-3.3566643e-02;2.4250000e+02;1.2628023e-02;2.4250000e+02;7.6633051e-02;2.4250000e+02;1.5538557e-01;2.4250000e+02;1.9883585e-01;2.4250000e+02;2.0710331e-01;2.4250000e+02;2.0101240e-01;2.4250000e+02;2.2736043e-01;2.4250000e+02;1.8838239e-01;2.4250000e+02;1.3208842e-01;2.4250000e+02;7.8796759e-02;2.4250000e+02;3.3164963e-02;2.4250000e+02;-1.1815742e-02;2.4250000e+02;-5.8880121e-02;2.4250000e+02;-1.0057604e-01;2.4250000e+02;-1.4437062e-01;2.4250000e+02;-6.1562955e-02;2.4250000e+02;-5.8699112e-02;2.4250000e+02;-3.3566643e-02;2.4250000e+02;1.2628023e-02;2.4250000e+02;7.6633051e-02;2.4250000e+02;1.5538557e-01;2.4250000e+02;1.9883585e-01;2.4250000e+02;2.0710331e-01;2.4250000e+02;2.0101240e-01;2.4250000e+02;2.2736043e-01;2.4250000e+02;1.8838239e-01;2.4250000e+02;1.3208842e-01;2.4250000e+02;7.8796759e-02;2.4250000e+02;3.3164963e-02;2.4250000e+02;-1.1815742e-02;2.4250000e+02;-5.8880121e-02;2.4250000e+02;-1.0057604e-01;2.4250000e+02;-1.4437062e-01;2.4250000e+02;-6.1562955e-02;2.4250000e+02;-5.8699112e-02;2.4250000e+02;-3.3566643e-02;2.4250000e+02;1.2628023e-02;2.4250000e+02;7.6633051e-02;2.4250000e+02;1.5538557e-01;2.4250000e+02;1.9883585e-01;2.4250000e+02;2.0710331e-01;2.4250000e+02;2.0101240e-01;2.4250000e+02;2.2736043e-01;2.4250000e+02;1.8838239e-01;2.4250000e+02;1.3208842e-01;2.4250000e+02;7.8796759e-02;2.4250000e+02;3.3164963e-02;2.4250000e+02;-1.1815742e-02;2.4250000e+02;-5.8880121e-02;2.4250000e+02;-1.0057604e-01;2.4250000e+02;-1.4437062e-01;2.4250000e+02;-6.1562955e-02;2.4250000e+02;-5.8699112e-02;2.4250000e+02;-3.3566643e-02;2.4250000e+02;1.2628023e-02;2.4250000e+02;7.6633051e-02;2.4250000e+02;1.5538557e-01;2.4250000e+02;1.9883585e-01;2.4250000e+02;2.0710331e-01;2.4250000e+02;2.0101240e-01;2.4250000e+02;2.2736043e-01;2.4250000e+02;1.8838239e-01;2.4250000e+02;1.3208842e-01;2.4250000e+02;7.8796759e-02;2.4250000e+02;3.3164963e-02;2.4250000e+02;-1.1815742e-02;2.4250000e+02;-5.8880121e-02;2.4250000e+02;-1.0057604e-01;2.4250000e+02;-1.4437062e-01;2.4250000e+02;-6.1562955e-02;2.4250000e+02;-5.8699112e-02;2.4250000e+02;-3.3566643e-02;2.4250000e+02;1.2628023e-02;2.4250000e+02;7.6633051e-02;2.4250000e+02;1.5538557e-01;2.4250000e+02;1.9883585e-01;2.4250000e+02;2.0710331e-01;2.4250000e+02;2.0101240e-01;2.4250000e+02;2.2736043e-01;2.4250000e+02;1.8838239e-01;2.4250000e+02;1.3208842e-01;2.4250000e+02;7.8796759e-02;2.4250000e+02;3.3164963e-02;2.4250000e+02;-1.1815742e-02;2.4250000e+02;-5.8880121e-02;2.4250000e+02;-1.0057604e-01;2.4250000e+02;-1.4437062e-01;2.4250000e+02;-6.1562955e-02;2.4250000e+02;-5.8699112e-02;2.4250000e+02;-3.3566643e-02;2.4250000e+02;1.2628023e-02;2.4250000e+02;7.6633051e-02;2.4250000e+02;1.5538557e-01;2.4250000e+02;1.9883585e-01;2.4250000e+02;2.0710331e-01;2.4250000e+02;2.0101240e-01;2.4250000e+02;2.2736043e-01;2.4250000e+02;1.8838239e-01;2.4250000e+02;1.3208842e-01;2.4250000e+02;7.8796759e-02;2.4250000e+02;3.3164963e-02;2.4250000e+02;-1.1815742e-02;2.4250000e+02;-5.8880121e-02;2.4250000e+02;-1.0057604e-01;2.4250000e+02;-1.4437062e-01;2.4250000e+02;-6.1562955e-02;2.4250000e+02;-5.8699112e-02;2.4250000e+02;-3.3566643e-02;2.4250000e+02;1.2628023e-02;2.4250000e+02;7.6633051e-02;2.4250000e+02;1.5538557e-01;2.4250000e+02;1.9883585e-01;2.4250000e+02;2.0710331e-01;2.4250000e+02;2.0101240e-01;2.4250000e+02;2.2736043e-01;2.4250000e+02;1.8838239e-01;2.4250000e+02;1.3208842e-01;2.4250000e+02;7.8796759e-02;2.4250000e+02;3.3164963e-02;2.4250000e+02;-1.1815742e-02;2.4250000e+02;-5.8880121e-02;2.4250000e+02;-1.0057604e-01;2.4250000e+02;-1.4437062e-01;2.4250000e+02;-6.1562955e-02;2.4250000e+02;-5.8699112e-02;2.4250000e+02;-3.3566643e-02;2.4250000e+02;1.2628023e-02;2.4250000e+02;7.6633051e-02;2.4250000e+02;1.5538557e-01;2.4250000e+02;1.9883585e-01;2.4250000e+02;2.0710331e-01;2.4250000e+02;2.0101240e-01;2.4250000e+02;2.2736043e-01;2.4250000e+02;1.8838239e-01;2.4250000e+02;1.3208842e-01;2.4250000e+02;7.8796759e-02;2.4250000e+02;3.3164963e-02;2.4250000e+02;-1.1815742e-02;2.4250000e+02;-5.8880121e-02;2.4250000e+02;-1.0057604e-01;2.4250000e+02;-1.4437062e-01;2.4250000e+02;-6.1562955e-02;2.4250000e+02;-5.8699112e-02;2.4250000e+02;-3.3566643e-02;2.4250000e+02;1.2628023e-02;2.4250000e+02;7.6633051e-02;2.4250000e+02;1.5538557e-01;2.4250000e+02;1.9883585e-01;2.4250000e+02;2.0710331e-01;2.4250000e+02;2.0101240e-01;2.4250000e+02;2.2736043e-01;2.4250000e+02;1.8838239e-01;2.4250000e+02;1.3208842e-01;2.4250000e+02;7.8796759e-02;2.4250000e+02;3.3164963e-02;2.4250000e+02;-1.1815742e-02;2.4250000e+02;-5.8880121e-02;2.4250000e+02;-1.0057604e-01;2.4250000e+02;-1.4437062e-01;2.4250000e+02;-6.1562955e-02;2.4250000e+02;-5.8699112e-02;2.4250000e+02;-3.3566643e-02;2.4250000e+02;1.2628023e-02;2.4250000e+02;7.6633051e-02;2.4250000e+02;1.5538557e-01;2.4250000e+02;1.9883585e-01;2.4250000e+02;2.0710331e-01;2.4250000e+02;2.0101240e-01;2.4250000e+02;2.2736043e-01;2.4250000e+02;1.8838239e-01;2.4250000e+02;1.3208842e-01;2.4250000e+02;7.8796759e-02;2.4250000e+02;3.3164963e-02;2.4250000e+02;-1.1815742e-02;2.4250000e+02;-5.8880121e-02;2.4250000e+02;-1.0057604e-01;2.4250000e+02;-1.4437062e-01;2.4250000e+02;-6.1562955e-02;2.4250000e+02;-5.8699112e-02;2.4250000e+02;-3.3566643e-02;2.4250000e+02;1.2628023e-02;2.4250000e+02;7.6633051e-02;2.4250000e+02;1.5538557e-01;2.4250000e+02;1.9883585e-01;2.4250000e+02;2.0710331e-01;2.4250000e+02;2.0101240e-01;2.4250000e+02;2.2736043e-01;2.4250000e+02;1.8838239e-01;2.4250000e+02;1.3208842e-01;2.4250000e+02;7.8796759e-02;2.4250000e+02;3.3164963e-02;2.4250000e+02;-1.1815742e-02;2.4250000e+02;-5.8880121e-02;2.4250000e+02;-1.0057604e-01;2.4250000e+02;-1.4437062e-01;2.4250000e+02;-6.1562955e-02;2.4250000e+02;-5.8699112e-02;2.4250000e+02;-3.3566643e-02;2.4250000e+02;1.2628023e-02;2.4250000e+02;7.6633051e-02;2.4250000e+02;1.5538557e-01;2.4250000e+02;1.9883585e-01;2.4250000e+02;2.0710331e-01;2.4250000e+02;2.0101240e-01;2.4250000e+02;2.2736043e-01;2.4250000e+02;1.8838239e-01;2.4250000e+02;1.3208842e-01;2.4250000e+02;7.8796759e-02;2.4250000e+02;3.3164963e-02;2.4250000e+02;-1.1815742e-02;2.4250000e+02;-5.8880121e-02;2.4250000e+02;-1.0057604e-01;2.4250000e+02;-1.4437062e-01;2.4250000e+02;-6.1562955e-02;2.4250000e+02;-5.8699112e-02;2.4250000e+02;-3.3566643e-02;2.4250000e+02;1.2628023e-02;2.4250000e+02;7.6633051e-02;2.4250000e+02;1.5538557e-01;2.4250000e+02;1.9883585e-01;2.4250000e+02;2.0710331e-01;2.4250000e+02;2.0101240e-01;2.4250000e+02;2.2736043e-01;2.4250000e+02;1.8838239e-01;2.4250000e+02;1.3208842e-01;2.4250000e+02;7.8796759e-02;2.4250000e+02;3.3164963e-02;2.4250000e+02;-1.1815742e-02;2.4250000e+02;-5.8880121e-02;2.4250000e+02;-1.0057604e-01;2.4250000e+02;-1.4437062e-01;2.4250000e+02;-6.1562955e-02;2.4250000e+02;-5.8699112e-02;2.4250000e+02;-3.3566643e-02;2.4250000e+02;1.2628023e-02;2.4250000e+02;7.6633051e-02;2.4250000e+02;1.5538557e-01;2.4250000e+02;1.9883585e-01;2.4250000e+02;2.0710331e-01;2.4250000e+02;2.0101240e-01;2.4250000e+02;2.2736043e-01;2.4250000e+02;1.8838239e-01;2.4250000e+02;1.3208842e-01;2.4250000e+02;7.8796759e-02;2.4250000e+02;3.3164963e-02;2.4250000e+02;-1.1815742e-02;2.4250000e+02;-5.8880121e-02;2.4250000e+02;-1.0057604e-01;2.4250000e+02;-1.4437062e-01;2.4250000e+02;-6.1562955e-02;2.4250000e+02;-5.8699112e-02;2.4250000e+02;-3.3566643e-02;2.4250000e+02;1.2628023e-02;2.4250000e+02;7.6633051e-02;2.4250000e+02;1.5538557e-01;2.4250000e+02;1.9883585e-01;2.4250000e+02;2.0710331e-01;2.4250000e+02;2.0101240e-01;2.4250000e+02;2.2736043e-01;2.4250000e+02;1.8838239e-01;2.4250000e+02;1.3208842e-01;2.4250000e+02;7.8796759e-02;2.4250000e+02;3.3164963e-02;2.4250000e+02;-1.1815742e-02;2.4250000e+02;-5.8880121e-02;2.4250000e+02;-1.0057604e-01;2.4250000e+02;-1.4437062e-01;2.4250000e+02;-6.1562955e-02;2.4250000e+02;-5.8699112e-02;2.4250000e+02;-3.3566643e-02;2.4250000e+02;1.2628023e-02;2.4250000e+02;7.6633051e-02;2.4250000e+02;1.5538557e-01;2.4250000e+02;1.9883585e-01;2.4250000e+02;2.0710331e-01;2.4250000e+02;2.0101240e-01;2.4250000e+02;2.2736043e-01;2.4250000e+02;1.8838239e-01;2.4250000e+02;1.3208842e-01;2.4250000e+02;7.8796759e-02;2.4250000e+02;3.3164963e-02;2.4250000e+02;-1.1815742e-02;2.4250000e+02;-5.8880121e-02;2.4250000e+02;-1.0057604e-01;2.4250000e+02;-1.4437062e-01;2.4250000e+02;-6.1562955e-02;2.4250000e+02;-5.8699112e-02;2.4250000e+02;-3.3566643e-02;2.4250000e+02;1.2628023e-02;2.4250000e+02;7.6633051e-02;2.4250000e+02;1.5538557e-01;2.4250000e+02;1.9883585e-01;2.4250000e+02;2.0710331e-01;2.4250000e+02;2.0101240e-01;2.4250000e+02;2.2736043e-01;2.4250000e+02;1.8838239e-01;2.4250000e+02;1.3208842e-01;2.4250000e+02;7.8796759e-02;2.4250000e+02;3.3164963e-02;2.4250000e+02;-1.1815742e-02;2.4250000e+02;-5.8880121e-02;2.4250000e+02;-1.0057604e-01;2.4250000e+02;-1.4437062e-01;2.4250000e+02;-6.1562955e-02;2.4250000e+02;-5.8699112e-02;2.4250000e+02;-3.3566643e-02;2.4250000e+02;1.2628023e-02;2.4250000e+02;7.6633051e-02;2.4250000e+02;1.5538557e-01;2.4250000e+02;1.9883585e-01;2.4250000e+02;2.0710331e-01;2.4250000e+02;2.0101240e-01;2.4250000e+02;2.2736043e-01;2.4250000e+02;1.8838239e-01;2.4250000e+02;1.3208842e-01;2.4250000e+02;7.8796759e-02;2.4250000e+02;3.3164963e-02;2.4250000e+02;-1.1815742e-02;2.4250000e+02;-5.8880121e-02;2.4250000e+02;-1.0057604e-01;2.4250000e+02;-1.4437062e-01;2.4250000e+02;-6.1562955e-02;2.4250000e+02;-5.8699112e-02;2.4250000e+02;-3.3566643e-02;2.4250000e+02;1.2628023e-02;2.4250000e+02;7.6633051e-02;2.4250000e+02;1.5538557e-01;2.4250000e+02;1.9883585e-01;2.4250000e+02;2.0710331e-01;2.4250000e+02;2.0101240e-01;2.4250000e+02;2.2736043e-01;2.4250000e+02;1.8838239e-01;2.4250000e+02;1.3208842e-01;2.4250000e+02;7.8796759e-02;2.4250000e+02;3.3164963e-02;2.4250000e+02;-1.1815742e-02;2.4250000e+02;-5.8880121e-02;2.4250000e+02;-1.0057604e-01;2.4250000e+02;-1.4437062e-01;2.4250000e+02;-6.1562955e-02;2.4250000e+02;-5.8699112e-02;2.4250000e+02;-3.3566643e-02;2.4250000e+02;1.2628023e-02;2.4250000e+02;7.6633051e-02;2.4250000e+02;1.5538557e-01;2.4250000e+02;1.9883585e-01;2.4250000e+02;2.0710331e-01;2.4250000e+02;2.0101240e-01;2.4250000e+02;2.2736043e-01;2.4250000e+02;1.8838239e-01;2.4250000e+02;1.3208842e-01;2.4250000e+02;7.8796759e-02;2.4250000e+02;3.3164963e-02;2.4250000e+02;-1.1815742e-02;2.4250000e+02;-5.8880121e-02;2.4250000e+02;-1.0057604e-01;2.4250000e+02;-1.4437062e-01;2.4250000e+02;-6.1562955e-02;2.4250000e+02;-5.8699112e-02;2.4250000e+02;-3.3566643e-02;2.4250000e+02;1.2628023e-02;2.4250000e+02;7.6633051e-02;2.4250000e+02;1.5538557e-01;2.4250000e+02;1.9883585e-01;2.4250000e+02;2.0710331e-01;2.4250000e+02;2.0101240e-01;2.4250000e+02;2.2736043e-01;2.4250000e+02;1.8838239e-01;2.4250000e+02;1.3208842e-01;2.4250000e+02;7.8796759e-02;2.4250000e+02;3.3164963e-02;2.4250000e+02;-1.1815742e-02;2.4250000e+02;-5.8880121e-02;2.4250000e+02;-1.0057604e-01;2.4250000e+02;-1.4437062e-01;2.4250000e+02;-6.1562955e-02;2.4250000e+02;-5.8699112e-02;2.4250000e+02;-3.3566643e-02;2.4250000e+02;1.2628023e-02;2.4250000e+02;7.6633051e-02;2.4250000e+02;1.5538557e-01;2.4250000e+02;1.9883585e-01;2.4250000e+02;2.0710331e-01;2.4250000e+02;2.0101240e-01;2.4250000e+02;2.2736043e-01;2.4250000e+02;1.8838239e-01;2.4250000e+02;1.3208842e-01;2.4250000e+02;7.8796759e-02;2.4250000e+02;3.3164963e-02;2.4250000e+02;-1.1815742e-02;2.4250000e+02;-5.8880121e-02;2.4250000e+02;-1.0057604e-01;2.4250000e+02;-1.4437062e-01;2.4250000e+02;-6.1562955e-02;2.4250000e+02;-5.8699112e-02;2.4250000e+02;-3.3566643e-02;2.4250000e+02;1.2628023e-02;2.4250000e+02;7.6633051e-02;2.4250000e+02;1.5538557e-01;2.4250000e+02;1.9883585e-01;2.4250000e+02;2.0710331e-01;2.4250000e+02;2.0101240e-01;2.4250000e+02;2.2736043e-01;2.4250000e+02;1.8838239e-01;2.4250000e+02;1.3208842e-01;2.4250000e+02;7.8796759e-02;2.4250000e+02;3.3164963e-02;2.4250000e+02;-1.1815742e-02;2.4250000e+02;-5.8880121e-02;2.4250000e+02;-1.0057604e-01;2.4250000e+02;-1.4437062e-01;2.4250000e+02;-6.1562955e-02;2.4250000e+02;-5.8699112e-02;2.4250000e+02;-3.3566643e-02;2.4250000e+02;1.2628023e-02;2.4250000e+02;7.6633051e-02;2.4250000e+02;1.5538557e-01;2.4250000e+02;1.9883585e-01;2.4250000e+02;2.0710331e-01;2.4250000e+02;2.0101240e-01;2.4250000e+02;2.2736043e-01;2.4250000e+02;1.8838239e-01;2.4250000e+02;1.3208842e-01;2.4250000e+02;7.8796759e-02;2.4250000e+02;3.3164963e-02;2.4250000e+02;-1.1815742e-02;2.4250000e+02;-5.8880121e-02;2.4250000e+02;-1.0057604e-01;2.4250000e+02;-1.4437062e-01;2.4250000e+02;-6.1562955e-02;2.4250000e+02;-5.8699112e-02;2.4250000e+02;-3.3566643e-02;2.4250000e+02;1.2628023e-02;2.4250000e+02;7.6633051e-02;2.4250000e+02;1.5538557e-01;2.4250000e+02;1.9883585e-01;2.4250000e+02;2.0710331e-01;2.4250000e+02;2.0101240e-01;2.4250000e+02;2.2736043e-01;2.4250000e+02;1.8838239e-01;2.4250000e+02;1.3208842e-01;2.4250000e+02;7.8796759e-02;2.4250000e+02;3.3164963e-02;2.4250000e+02;-1.1815742e-02;2.4250000e+02;-5.8880121e-02;2.4250000e+02;-1.0057604e-01;2.4250000e+02;-1.4437062e-01;2.4250000e+02;-6.1562955e-02;2.4250000e+02;-5.8699112e-02;2.4250000e+02;-3.3566643e-02;2.4250000e+02;1.2628023e-02;2.4250000e+02;7.6633051e-02;2.4250000e+02;1.5538557e-01;2.4250000e+02;1.9883585e-01;2.4250000e+02;2.0710331e-01;2.4250000e+02;2.0101240e-01;2.4250000e+02;2.2736043e-01;2.4250000e+02;1.8838239e-01;2.4250000e+02;1.3208842e-01;2.4250000e+02;7.8796759e-02;2.4250000e+02;3.3164963e-02;2.4250000e+02;-1.1815742e-02;2.4250000e+02;-5.8880121e-02;2.4250000e+02;-1.0057604e-01;2.4250000e+02;-1.4437062e-01;2.4250000e+02;-6.1562955e-02;2.4250000e+02;-5.8699112e-02;2.4250000e+02;-3.3566643e-02;2.4250000e+02;1.2628023e-02;2.4250000e+02;7.6633051e-02;2.4250000e+02;1.5538557e-01;2.4250000e+02;1.9883585e-01;2.4250000e+02;2.0710331e-01;2.4250000e+02;2.0101240e-01;2.4250000e+02;2.2736043e-01;2.4250000e+02;1.8838239e-01;2.4250000e+02;1.3208842e-01;2.4250000e+02;7.8796759e-02;2.4250000e+02;3.3164963e-02;2.4250000e+02;-1.1815742e-02;2.4250000e+02;-5.8880121e-02;2.4250000e+02;-1.0057604e-01;2.4250000e+02;-1.4437062e-01;2.4250000e+02;-6.1562955e-02;2.4250000e+02;-5.8699112e-02;2.4250000e+02;-3.3566643e-02;2.4250000e+02;1.2628023e-02;2.4250000e+02;7.6633051e-02;2.4250000e+02;1.5538557e-01;2.4250000e+02;1.9883585e-01;2.4250000e+02;2.0710331e-01;2.4250000e+02;2.0101240e-01;2.4250000e+02;2.2736043e-01;2.4250000e+02;1.8838239e-01;2.4250000e+02;1.3208842e-01;2.4250000e+02;7.8796759e-02;2.4250000e+02;3.3164963e-02;2.4250000e+02;-1.1815742e-02;2.4250000e+02;-5.8880121e-02;2.4250000e+02;-1.0057604e-01;2.4250000e+02;-1.4437062e-01;2.4250000e+02;-6.1562955e-02;2.4250000e+02;-5.8699112e-02;2.4250000e+02;-3.3566643e-02;2.4250000e+02;1.2628023e-02;2.4250000e+02;7.6633051e-02;2.4250000e+02;1.5538557e-01;2.4250000e+02;1.9883585e-01;2.4250000e+02;2.0710331e-01;2.4250000e+02;2.0101240e-01;2.4250000e+02;2.2736043e-01;2.4250000e+02;1.8838239e-01;2.4250000e+02;1.3208842e-01;2.4250000e+02;7.8796759e-02;2.4250000e+02;3.3164963e-02;2.4250000e+02;-1.1815742e-02;2.4250000e+02;-5.8880121e-02;2.4250000e+02;-1.0057604e-01;2.4250000e+02;-1.4437062e-01;2.4250000e+02;-6.1562955e-02;2.4250000e+02;-5.8699112e-02;2.4250000e+02;-3.3566643e-02;2.4250000e+02;1.2628023e-02;2.4250000e+02;7.6633051e-02;2.4250000e+02;1.5538557e-01;2.4250000e+02;1.9883585e-01;2.4250000e+02;2.0710331e-01;2.4250000e+02;2.0101240e-01;2.4250000e+02;2.2736043e-01;2.4250000e+02;1.8838239e-01;2.4250000e+02;1.3208842e-01;2.4250000e+02;7.8796759e-02;2.4250000e+02;3.3164963e-02;2.4250000e+02;-1.1815742e-02;2.4250000e+02;-5.8880121e-02;2.4250000e+02;-1.0057604e-01;2.4250000e+02;-1.4437062e-01;2.4250000e+02;-6.1562955e-02;2.4250000e+02;-5.8699112e-02;2.4250000e+02;-3.3566643e-02;2.4250000e+02;1.2628023e-02;2.4250000e+02;7.6633051e-02;2.4250000e+02;1.5538557e-01;2.4250000e+02;1.9883585e-01;2.4250000e+02;2.0710331e-01;2.4250000e+02;2.0101240e-01;2.4250000e+02;2.2736043e-01;2.4250000e+02;1.8838239e-01;2.4250000e+02;1.3208842e-01;2.4250000e+02;7.8796759e-02;2.4250000e+02;3.3164963e-02;2.4250000e+02;-1.1815742e-02;2.4250000e+02;-5.8880121e-02;2.4250000e+02;-1.0057604e-01;2.4250000e+02;-1.4437062e-01;2.4250000e+02;-6.1562955e-02;2.4250000e+02;-5.8699112e-02;2.4250000e+02;-3.3566643e-02;2.4250000e+02;1.2628023e-02;2.4250000e+02;7.6633051e-02;2.4250000e+02;1.5538557e-01;2.4250000e+02;1.9883585e-01;2.4250000e+02;2.0710331e-01;2.4250000e+02;2.0101240e-01;2.4250000e+02;2.2736043e-01;2.4250000e+02;1.8838239e-01;2.4250000e+02;1.3208842e-01;2.4250000e+02;7.8796759e-02;2.4250000e+02;3.3164963e-02;2.4250000e+02;-1.1815742e-02;2.4250000e+02;-5.8880121e-02;2.4250000e+02;-1.0057604e-01;2.4250000e+02;-1.4437062e-01;2.4250000e+02;-6.1562955e-02;2.4250000e+02;-5.8699112e-02;2.4250000e+02;-3.3566643e-02;2.4250000e+02;1.2628023e-02;2.4250000e+02;7.6633051e-02;2.4250000e+02;1.5538557e-01;2.4250000e+02;1.9883585e-01;2.4250000e+02;2.0710331e-01;2.4250000e+02;2.0101240e-01;2.4250000e+02;2.2736043e-01;2.4250000e+02;1.8838239e-01;2.4250000e+02;1.3208842e-01;2.4250000e+02;7.8796759e-02;2.4250000e+02;3.3164963e-02;2.4250000e+02;-1.1815742e-02;2.4250000e+02;-5.8880121e-02;2.4250000e+02;-1.0057604e-01;2.4250000e+02;-1.4437062e-01;2.4250000e+02;-6.1562955e-02;2.4250000e+02;-5.8699112e-02;2.4250000e+02;-3.3566643e-02;2.4250000e+02;1.2628023e-02;2.4250000e+02;7.6633051e-02;2.4250000e+02;1.5538557e-01;2.4250000e+02;1.9883585e-01;2.4250000e+02;2.0710331e-01;2.4250000e+02;2.0101240e-01;2.4250000e+02;2.2736043e-01;2.4250000e+02;1.8838239e-01;2.4250000e+02;1.3208842e-01;2.4250000e+02;7.8796759e-02;2.4250000e+02;3.3164963e-02;2.4250000e+02;-1.1815742e-02;2.4250000e+02;-5.8880121e-02;2.4250000e+02;-1.0057604e-01;2.4250000e+02;-1.4437062e-01;2.4250000e+02;-6.1562955e-02;2.4250000e+02;-5.8699112e-02;2.4250000e+02;-3.3566643e-02;2.4250000e+02;1.2628023e-02;2.4250000e+02;7.6633051e-02;2.4250000e+02;1.5538557e-01;2.4250000e+02;1.9883585e-01;2.4250000e+02;2.0710331e-01;2.4250000e+02;2.0101240e-01;2.4250000e+02;2.2736043e-01;2.4250000e+02;1.8838239e-01;2.4250000e+02;1.3208842e-01;2.4250000e+02;7.8796759e-02;2.4250000e+02;3.3164963e-02;2.4250000e+02;-1.1815742e-02;2.4250000e+02;-5.8880121e-02;2.4250000e+02;-1.0057604e-01;2.4250000e+02;-1.4437062e-01;2.4250000e+02;-6.1562955e-02;2.4250000e+02;-5.8699112e-02;2.4250000e+02;-3.3566643e-02;2.4250000e+02;1.2628023e-02;2.4250000e+02;7.6633051e-02;2.4250000e+02;1.5538557e-01;2.4250000e+02;1.9883585e-01;2.4250000e+02;2.0710331e-01;2.4250000e+02;2.0101240e-01;2.4250000e+02;2.2736043e-01;2.4250000e+02;1.8838239e-01;2.4250000e+02;1.3208842e-01;2.4250000e+02;7.8796759e-02;2.4250000e+02;3.3164963e-02;2.4250000e+02;-1.1815742e-02;2.4250000e+02;-5.8880121e-02;2.4250000e+02;-1.0057604e-01;2.4250000e+02;-1.4437062e-01;2.4250000e+02;-6.1562955e-02;2.4250000e+02;-5.8699112e-02;2.4250000e+02;-3.3566643e-02;2.4250000e+02;1.2628023e-02;2.4250000e+02;7.6633051e-02;2.4250000e+02;1.5538557e-01;2.4250000e+02;1.9883585e-01;2.4250000e+02;2.0710331e-01;2.4250000e+02;2.0101240e-01;2.4250000e+02;2.2736043e-01;2.4250000e+02;1.8838239e-01;2.4250000e+02;1.3208842e-01;2.4250000e+02;7.8796759e-02;2.4250000e+02;3.3164963e-02;2.4250000e+02;-1.1815742e-02;2.4250000e+02;-5.8880121e-02;2.4250000e+02;-1.0057604e-01;2.4250000e+02;-1.4437062e-01;2.4250000e+02;-6.1562955e-02;2.4250000e+02;-5.8699112e-02;2.4250000e+02;-3.3566643e-02;2.4250000e+02;1.2628023e-02;2.4250000e+02;7.6633051e-02;2.4250000e+02;1.5538557e-01;2.4250000e+02;1.9883585e-01;2.4250000e+02;2.0710331e-01;2.4250000e+02;2.0101240e-01;2.4250000e+02;2.2736043e-01;2.4250000e+02;1.8838239e-01;2.4250000e+02;1.3208842e-01;2.4250000e+02;7.8796759e-02;2.4250000e+02;3.3164963e-02;2.4250000e+02;-1.1815742e-02;2.4250000e+02;-5.8880121e-02;2.4250000e+02;-1.0057604e-01;2.4250000e+02;-1.4437062e-01;2.4250000e+02;-6.1562955e-02;2.4250000e+02;-5.8699112e-02;2.4250000e+02;-3.3566643e-02;2.4250000e+02;1.2628023e-02;2.4250000e+02;7.6633051e-02;2.4250000e+02;1.5538557e-01;2.4250000e+02;1.9883585e-01;2.4250000e+02;2.0710331e-01;2.4250000e+02;2.0101240e-01;2.4250000e+02;2.2736043e-01;2.4250000e+02;1.8838239e-01;2.4250000e+02;1.3208842e-01;2.4250000e+02;7.8796759e-02;2.4250000e+02;3.3164963e-02;2.4250000e+02;-1.1815742e-02;2.4250000e+02;-5.8880121e-02;2.4250000e+02;-1.0057604e-01;2.4250000e+02;-1.4437062e-01;2.4250000e+02;-6.1562955e-02;2.4250000e+02;-5.8699112e-02;2.4250000e+02;-3.3566643e-02;2.4250000e+02;1.2628023e-02;2.4250000e+02;7.6633051e-02;2.4250000e+02;1.5538557e-01;2.4250000e+02;1.9883585e-01;2.4250000e+02;2.0710331e-01;2.4250000e+02;2.0101240e-01;2.4250000e+02;2.2736043e-01;2.4250000e+02;1.8838239e-01;2.4250000e+02;1.3208842e-01;2.4250000e+02;7.8796759e-02;2.4250000e+02;3.3164963e-02;2.4250000e+02;-1.1815742e-02;2.4250000e+02;-5.8880121e-02;2.4250000e+02;-1.0057604e-01;2.4250000e+02;-1.4437062e-01;2.4250000e+02;-6.1562955e-02;2.4250000e+02;-5.8699112e-02;2.4250000e+02;-3.3566643e-02;2.4250000e+02;1.2628023e-02;2.4250000e+02;7.6633051e-02;2.4250000e+02;1.5538557e-01;2.4250000e+02;1.9883585e-01;2.4250000e+02;2.0710331e-01;2.4250000e+02;2.0101240e-01;2.4250000e+02;2.2736043e-01;2.4250000e+02;1.8838239e-01;2.4250000e+02;1.3208842e-01;2.4250000e+02;7.8796759e-02;2.4250000e+02;3.3164963e-02;2.4250000e+02;-1.1815742e-02;2.4250000e+02;-5.8880121e-02;2.4250000e+02;-1.0057604e-01;2.4250000e+02;-1.4437062e-01;2.4250000e+02;-6.1562955e-02;2.4250000e+02;-5.8699112e-02;2.4250000e+02;-3.3566643e-02;2.4250000e+02;1.2628023e-02;2.4250000e+02;7.6633051e-02;2.4250000e+02;1.5538557e-01;2.4250000e+02;1.9883585e-01;2.4250000e+02;2.0710331e-01;2.4250000e+02;2.0101240e-01;2.4250000e+02;2.2736043e-01;2.4250000e+02;1.8838239e-01;2.4250000e+02;1.3208842e-01;2.4250000e+02;7.8796759e-02;2.4250000e+02;3.3164963e-02;2.4250000e+02;-1.1815742e-02;2.4250000e+02;-5.8880121e-02;2.4250000e+02;-1.0057604e-01;2.4250000e+02;-1.4437062e-01;2.4250000e+02;-6.1562955e-02;2.4250000e+02;-5.8699112e-02;2.4250000e+02;-3.3566643e-02;2.4250000e+02;1.2628023e-02;2.4250000e+02;7.6633051e-02;2.4250000e+02;1.5538557e-01;2.4250000e+02;1.9883585e-01;2.4250000e+02;2.0710331e-01;2.4250000e+02;2.0101240e-01;2.4250000e+02;2.2736043e-01;2.4250000e+02;1.8838239e-01;2.4250000e+02;1.3208842e-01;2.4250000e+02;7.8796759e-02;2.4250000e+02;3.3164963e-02;2.4250000e+02;-1.1815742e-02;2.4250000e+02;-5.8880121e-02;2.4250000e+02;-1.0057604e-01;2.4250000e+02;-1.4437062e-01;2.4250000e+02;-6.1562955e-02;2.4250000e+02;-5.8699112e-02;2.4250000e+02;-3.3566643e-02;2.4250000e+02;1.2628023e-02;2.4250000e+02;7.6633051e-02;2.4250000e+02;1.5538557e-01;2.4250000e+02;1.9883585e-01;2.4250000e+02;2.0710331e-01;2.4250000e+02;2.0101240e-01;2.4250000e+02;2.2736043e-01;2.4250000e+02;1.8838239e-01;2.4250000e+02;1.3208842e-01;2.4250000e+02;7.8796759e-02;2.4250000e+02;3.3164963e-02;2.4250000e+02;-1.1815742e-02;2.4250000e+02;-5.8880121e-02;2.4250000e+02;-1.0057604e-01;2.4250000e+02;-1.4437062e-01;2.4250000e+02;-6.1562955e-02;2.4250000e+02;-5.8699112e-02;2.4250000e+02;-3.3566643e-02;2.4250000e+02;1.2628023e-02;2.4250000e+02;7.6633051e-02;2.4250000e+02;1.5538557e-01;2.4250000e+02;1.9883585e-01;2.4250000e+02;2.0710331e-01;2.4250000e+02;2.0101240e-01;2.4250000e+02;2.2736043e-01;2.4250000e+02;1.8838239e-01;2.4250000e+02;1.3208842e-01;2.4250000e+02;7.8796759e-02;2.4250000e+02;3.3164963e-02;2.4250000e+02;-1.1815742e-02;2.4250000e+02;-5.8880121e-02;2.4250000e+02;-1.0057604e-01;2.4250000e+02;-1.4437062e-01;2.4250000e+02;-6.1562955e-02;2.4250000e+02;-5.8699112e-02;2.4250000e+02;-3.3566643e-02;2.4250000e+02;1.2628023e-02;2.4250000e+02;7.6633051e-02;2.4250000e+02;1.5538557e-01;2.4250000e+02;1.9883585e-01;2.4250000e+02;2.0710331e-01;2.4250000e+02;2.0101240e-01;2.4250000e+02;2.2736043e-01;2.4250000e+02;1.8838239e-01;2.4250000e+02;1.3208842e-01;2.4250000e+02;7.8796759e-02;2.4250000e+02;3.3164963e-02;2.4250000e+02;-1.1815742e-02;2.4250000e+02;-5.8880121e-02;2.4250000e+02;-1.0057604e-01;2.4250000e+02;-1.4437062e-01;2.4250000e+02;-6.1562955e-02;2.4250000e+02;-5.8699112e-02;2.4250000e+02;-3.3566643e-02;2.4250000e+02;1.2628023e-02;2.4250000e+02;7.6633051e-02;2.4250000e+02;1.5538557e-01;2.4250000e+02;1.9883585e-01;2.4250000e+02;2.0710331e-01;2.4250000e+02;2.0101240e-01;2.4250000e+02;2.2736043e-01;2.4250000e+02;1.8838239e-01;2.4250000e+02;1.3208842e-01;2.4250000e+02;7.8796759e-02;2.4250000e+02;3.3164963e-02;2.4250000e+02;-1.1815742e-02;2.4250000e+02;-5.8880121e-02;2.4250000e+02;-1.0057604e-01;2.4250000e+02;-1.4437062e-01;2.4250000e+02;-6.1562955e-02;2.4250000e+02;-5.8699112e-02;2.4250000e+02;-3.3566643e-02;2.4250000e+02;1.2628023e-02;2.4250000e+02;7.6633051e-02;2.4250000e+02;1.5538557e-01;2.4250000e+02;1.9883585e-01;2.4250000e+02;2.0710331e-01;2.4250000e+02;2.0101240e-01;2.4250000e+02;2.2736043e-01;2.4250000e+02;1.8838239e-01;2.4250000e+02;1.3208842e-01;2.4250000e+02;7.8796759e-02;2.4250000e+02;3.3164963e-02;2.4250000e+02;-1.1815742e-02;2.4250000e+02;-5.8880121e-02;2.4250000e+02;-1.0057604e-01;2.4250000e+02;-1.4437062e-01;2.4250000e+02;-6.1562955e-02;2.4250000e+02;-5.8699112e-02;2.4250000e+02;-3.3566643e-02;2.4250000e+02;1.2628023e-02;2.4250000e+02;7.6633051e-02;2.4250000e+02;1.5538557e-01;2.4250000e+02;1.9883585e-01;2.4250000e+02;2.0710331e-01;2.4250000e+02;2.0101240e-01;2.4250000e+02;2.2736043e-01;2.4250000e+02;1.8838239e-01;2.4250000e+02;1.3208842e-01;2.4250000e+02;7.8796759e-02;2.4250000e+02;3.3164963e-02;2.4250000e+02;-1.1815742e-02;2.4250000e+02;-5.8880121e-02;2.4250000e+02;-1.0057604e-01;2.4250000e+02;-1.4437062e-01;2.4250000e+02;-6.1562955e-02;2.4250000e+02;-5.8699112e-02;2.4250000e+02;-3.3566643e-02;2.4250000e+02;1.2628023e-02;2.4250000e+02;7.6633051e-02;2.4250000e+02;1.5538557e-01;2.4250000e+02;1.9883585e-01;2.4250000e+02;2.0710331e-01;2.4250000e+02;2.0101240e-01;2.4250000e+02;2.2736043e-01;2.4250000e+02;1.8838239e-01;2.4250000e+02;1.3208842e-01;2.4250000e+02;7.8796759e-02;2.4250000e+02;3.3164963e-02;2.4250000e+02;-1.1815742e-02;2.4250000e+02;-5.8880121e-02;2.4250000e+02;-1.0057604e-01;2.4250000e+02;-1.4437062e-01;2.4250000e+02;-6.1562955e-02;2.4250000e+02;-5.8699112e-02;2.4250000e+02;-3.3566643e-02;2.4250000e+02;1.2628023e-02;2.4250000e+02;7.6633051e-02;2.4250000e+02;1.5538557e-01;2.4250000e+02;1.9883585e-01;2.4250000e+02;2.0710331e-01;2.4250000e+02;2.0101240e-01;2.4250000e+02;2.2736043e-01;2.4250000e+02;1.8838239e-01;2.4250000e+02;1.3208842e-01;2.4250000e+02;7.8796759e-02;2.4250000e+02;3.3164963e-02;2.4250000e+02;-1.1815742e-02;2.4250000e+02;-5.8880121e-02;2.4250000e+02;-1.0057604e-01;2.4250000e+02;-1.4437062e-01;2.4250000e+02;-6.1562955e-02;2.4250000e+02;-5.8699112e-02;2.4250000e+02;-3.3566643e-02;2.4250000e+02;1.2628023e-02;2.4250000e+02;7.6633051e-02;2.4250000e+02;1.5538557e-01;2.4250000e+02;1.9883585e-01;2.4250000e+02;2.0710331e-01;2.4250000e+02;2.0101240e-01;2.4250000e+02;2.2736043e-01;2.4250000e+02;1.8838239e-01;2.4250000e+02;1.3208842e-01;2.4250000e+02;7.8796759e-02;2.4250000e+02;3.3164963e-02;2.4250000e+02;-1.1815742e-02;2.4250000e+02;-5.8880121e-02;2.4250000e+02;-1.0057604e-01;2.4250000e+02;-1.4437062e-01;2.4250000e+02;-6.1562955e-02;2.4250000e+02;-5.8699112e-02;2.4250000e+02;-3.3566643e-02;2.4250000e+02;1.2628023e-02;2.4250000e+02;7.6633051e-02;2.4250000e+02;1.5538557e-01;2.4250000e+02;1.9883585e-01;2.4250000e+02;2.0710331e-01;2.4250000e+02;2.0101240e-01;2.4250000e+02;2.2736043e-01;2.4250000e+02;1.8838239e-01;2.4250000e+02;1.3208842e-01;2.4250000e+02;7.8796759e-02;2.4250000e+02;3.3164963e-02;2.4250000e+02;-1.1815742e-02;2.4250000e+02;-5.8880121e-02;2.4250000e+02;-1.0057604e-01;2.4250000e+02;-1.4437062e-01;2.4250000e+02;-6.1562955e-02;2.4250000e+02;-5.8699112e-02;2.4250000e+02;-3.3566643e-02;2.4250000e+02;1.2628023e-02;2.4250000e+02;7.6633051e-02;2.4250000e+02;1.5538557e-01;2.4250000e+02;1.9883585e-01;2.4250000e+02;2.0710331e-01;2.4250000e+02;2.0101240e-01;2.4250000e+02;2.2736043e-01;2.4250000e+02;1.8838239e-01;2.4250000e+02;1.3208842e-01;2.4250000e+02;7.8796759e-02;2.4250000e+02;3.3164963e-02;2.4250000e+02;-1.1815742e-02;2.4250000e+02;-5.8880121e-02;2.4250000e+02;-1.0057604e-01;2.4250000e+02;-1.4437062e-01;2.4250000e+02;-6.1562955e-02;2.4250000e+02;-5.8699112e-02;2.4250000e+02;-3.3566643e-02;2.4250000e+02;1.2628023e-02;2.4250000e+02;7.6633051e-02;2.4250000e+02;1.5538557e-01;2.4250000e+02;1.9883585e-01;2.4250000e+02;2.0710331e-01;2.4250000e+02;2.0101240e-01;2.4250000e+02;2.2736043e-01;2.4250000e+02;1.8838239e-01;2.4250000e+02;1.3208842e-01;2.4250000e+02;7.8796759e-02;2.4250000e+02;3.3164963e-02;2.4250000e+02;-1.1815742e-02;2.4250000e+02;-5.8880121e-02;2.4250000e+02;-1.0057604e-01;2.4250000e+02;-1.4437062e-01;2.4250000e+02;-6.1562955e-02;2.4250000e+02;-5.8699112e-02;2.4250000e+02;-3.3566643e-02;2.4250000e+02;1.2628023e-02;2.4250000e+02;7.6633051e-02;2.4250000e+02;1.5538557e-01;2.4250000e+02;1.9883585e-01;2.4250000e+02;2.0710331e-01;2.4250000e+02;2.0101240e-01;2.4250000e+02;2.2736043e-01;2.4250000e+02;1.8838239e-01;2.4250000e+02;1.3208842e-01;2.4250000e+02;7.8796759e-02;2.4250000e+02;3.3164963e-02;2.4250000e+02;-1.1815742e-02;2.4250000e+02;-5.8880121e-02;2.4250000e+02;-1.0057604e-01;2.4250000e+02;-1.4437062e-01;2.4250000e+02;-6.1562955e-02;2.4250000e+02;-5.8699112e-02;2.4250000e+02;-3.3566643e-02;2.4250000e+02;1.2628023e-02;2.4250000e+02;7.6633051e-02;2.4250000e+02;1.5538557e-01;2.4250000e+02;1.9883585e-01;2.4250000e+02;2.0710331e-01;2.4250000e+02;2.0101240e-01;2.4250000e+02;2.2736043e-01;2.4250000e+02;1.8838239e-01;2.4250000e+02;1.3208842e-01;2.4250000e+02;7.8796759e-02;2.4250000e+02;3.3164963e-02;2.4250000e+02;-1.1815742e-02;2.4250000e+02;-5.8880121e-02;2.4250000e+02;-1.0057604e-01;2.4250000e+02;-1.4437062e-01;2.4250000e+02;-6.1562955e-02;2.4250000e+02;-5.8699112e-02;2.4250000e+02;-3.3566643e-02;2.4250000e+02;1.2628023e-02;2.4250000e+02;7.6633051e-02;2.4250000e+02;1.5538557e-01;2.4250000e+02;1.9883585e-01;2.4250000e+02;2.0710331e-01;2.4250000e+02;2.0101240e-01;2.4250000e+02;2.2736043e-01;2.4250000e+02;1.8838239e-01;2.4250000e+02;1.3208842e-01;2.4250000e+02;7.8796759e-02;2.4250000e+02;3.3164963e-02;2.4250000e+02;-1.1815742e-02;2.4250000e+02;-5.8880121e-02;2.4250000e+02;-1.0057604e-01;2.4250000e+02;-1.4437062e-01;2.4250000e+02;-6.1562955e-02;2.4250000e+02;-5.8699112e-02;2.4250000e+02;-3.3566643e-02;2.4250000e+02;1.2628023e-02;2.4250000e+02;7.6633051e-02;2.4250000e+02;1.5538557e-01;2.4250000e+02;1.9883585e-01;2.4250000e+02;2.0710331e-01;2.4250000e+02;2.0101240e-01;2.4250000e+02;2.2736043e-01;2.4250000e+02;1.8838239e-01;2.4250000e+02;1.3208842e-01;2.4250000e+02;7.8796759e-02;2.4250000e+02;3.3164963e-02;2.4250000e+02;-1.1815742e-02;2.4250000e+02;-5.8880121e-02;2.4250000e+02;-1.0057604e-01;2.4250000e+02;-1.4437062e-01;2.4250000e+02;-6.1562955e-02;2.4250000e+02;-5.8699112e-02;2.4250000e+02;-3.3566643e-02;2.4250000e+02;1.2628023e-02;2.4250000e+02;7.6633051e-02;2.4250000e+02;1.5538557e-01;2.4250000e+02;1.9883585e-01;2.4250000e+02;2.0710331e-01;2.4250000e+02;2.0101240e-01;2.4250000e+02;2.2736043e-01;2.4250000e+02;1.8838239e-01;2.4250000e+02;1.3208842e-01;2.4250000e+02;7.8796759e-02;2.4250000e+02;3.3164963e-02;2.4250000e+02;-1.1815742e-02;2.4250000e+02;-5.8880121e-02;2.4250000e+02;-1.0057604e-01;2.4250000e+02;-1.4437062e-01;2.4250000e+02;-6.1562955e-02;2.4250000e+02;-5.8699112e-02;2.4250000e+02;-3.3566643e-02;2.4250000e+02;1.2628023e-02;2.4250000e+02;7.6633051e-02;2.4250000e+02;1.5538557e-01;2.4250000e+02;1.9883585e-01;2.4250000e+02;2.0710331e-01;2.4250000e+02;2.0101240e-01;2.4250000e+02;2.2736043e-01;2.4250000e+02;1.8838239e-01;2.4250000e+02;1.3208842e-01;2.4250000e+02;7.8796759e-02;2.4250000e+02;3.3164963e-02;2.4250000e+02;-1.1815742e-02;2.4250000e+02;-5.8880121e-02;2.4250000e+02;-1.0057604e-01;2.4250000e+02;-1.4437062e-01;2.4250000e+02;-6.1562955e-02;2.4250000e+02;-5.8699112e-02;2.4250000e+02;-3.3566643e-02;2.4250000e+02;1.2628023e-02;2.4250000e+02;7.6633051e-02;2.4250000e+02;1.5538557e-01;2.4250000e+02;1.9883585e-01;2.4250000e+02;2.0710331e-01;2.4250000e+02;2.0101240e-01;2.4250000e+02;2.2736043e-01;2.4250000e+02;1.8838239e-01;2.4250000e+02;1.3208842e-01;2.4250000e+02;7.8796759e-02;2.4250000e+02;3.3164963e-02;2.4250000e+02;-1.1815742e-02;2.4250000e+02;-5.8880121e-02;2.4250000e+02;-1.0057604e-01;2.4250000e+02;-1.4437062e-01;2.4250000e+02;-6.1562955e-02;2.4250000e+02;-5.8699112e-02;2.4250000e+02;-3.3566643e-02;2.4250000e+02;1.2628023e-02;2.4250000e+02;7.6633051e-02;2.4250000e+02;1.5538557e-01;2.4250000e+02;1.9883585e-01;2.4250000e+02;2.0710331e-01;2.4250000e+02;2.0101240e-01;2.4250000e+02;2.2736043e-01;2.4250000e+02;1.8838239e-01;2.4250000e+02;1.3208842e-01;2.4250000e+02;7.8796759e-02;2.4250000e+02;3.3164963e-02;2.4250000e+02;-1.1815742e-02;2.4250000e+02;-5.8880121e-02;2.4250000e+02;-1.0057604e-01;2.4250000e+02;-1.4437062e-01;2.4250000e+02;-6.1562955e-02;2.4250000e+02;-5.8699112e-02;2.4250000e+02;-3.3566643e-02;2.4250000e+02;1.2628023e-02;2.4250000e+02;7.6633051e-02;2.4250000e+02;1.5538557e-01;2.4250000e+02;1.9883585e-01;2.4250000e+02;2.0710331e-01;2.4250000e+02;2.0101240e-01;2.4250000e+02;2.2736043e-01;2.4250000e+02;1.8838239e-01;2.4250000e+02;1.3208842e-01;2.4250000e+02;7.8796759e-02;2.4250000e+02;3.3164963e-02;2.4250000e+02;-1.1815742e-02;2.4250000e+02;-5.8880121e-02;2.4250000e+02;-1.0057604e-01;2.4250000e+02;-1.4437062e-01;2.4250000e+02;-6.1562955e-02;2.4250000e+02;-5.8699112e-02;2.4250000e+02;-3.3566643e-02;2.4250000e+02;1.2628023e-02;2.4250000e+02;7.6633051e-02;2.4250000e+02;1.5538557e-01;2.4250000e+02;1.9883585e-01;2.4250000e+02;2.0710331e-01;2.4250000e+02;2.0101240e-01;2.4250000e+02;2.2736043e-01;2.4250000e+02;1.8838239e-01;2.4250000e+02;1.3208842e-01;2.4250000e+02;7.8796759e-02;2.4250000e+02;3.3164963e-02;2.4250000e+02;-1.1815742e-02;2.4250000e+02;-5.8880121e-02;2.4250000e+02;-1.0057604e-01;2.4250000e+02;-1.4437062e-01;2.4250000e+02;-6.1562955e-02;2.4250000e+02;-5.8699112e-02;2.4250000e+02;-3.3566643e-02;2.4250000e+02;1.2628023e-02;2.4250000e+02;7.6633051e-02;2.4250000e+02;1.5538557e-01;2.4250000e+02;1.9883585e-01;2.4250000e+02;2.0710331e-01;2.4250000e+02;2.0101240e-01;2.4250000e+02;2.2736043e-01;2.4250000e+02;1.8838239e-01;2.4250000e+02;1.3208842e-01;2.4250000e+02;7.8796759e-02;2.4250000e+02;3.3164963e-02;2.4250000e+02;-1.1815742e-02;2.4250000e+02;-5.8880121e-02;2.4250000e+02;-1.0057604e-01;2.4250000e+02;-1.4437062e-01;2.4250000e+02;-6.1562955e-02;2.4250000e+02;-5.8699112e-02;2.4250000e+02;-3.3566643e-02;2.4250000e+02;1.2628023e-02;2.4250000e+02;7.6633051e-02;2.4250000e+02;1.5538557e-01;2.4250000e+02;1.9883585e-01;2.4250000e+02;2.0710331e-01;2.4250000e+02;2.0101240e-01;2.4250000e+02;2.2736043e-01;2.4250000e+02;1.8838239e-01;2.4250000e+02;1.3208842e-01;2.4250000e+02;7.8796759e-02;2.4250000e+02;3.3164963e-02;2.4250000e+02;-1.1815742e-02;2.4250000e+02;-5.8880121e-02;2.4250000e+02;-1.0057604e-01;2.4250000e+02;-1.4437062e-01;2.4250000e+02;-6.1562955e-02;2.4250000e+02;-5.8699112e-02;2.4250000e+02;-3.3566643e-02;2.4250000e+02;1.2628023e-02;2.4250000e+02;7.6633051e-02;2.4250000e+02;1.5538557e-01;2.4250000e+02;1.9883585e-01;2.4250000e+02;2.0710331e-01;2.4250000e+02;2.0101240e-01;2.4250000e+02;2.2736043e-01;2.4250000e+02;1.8838239e-01;2.4250000e+02;1.3208842e-01;2.4250000e+02;7.8796759e-02;2.4250000e+02;3.3164963e-02;2.4250000e+02;-1.1815742e-02;2.4250000e+02;-5.8880121e-02;2.4250000e+02;-1.0057604e-01;2.4250000e+02;-1.4437062e-01;2.4250000e+02;-6.1562955e-02;2.4250000e+02;-5.8699112e-02;2.4250000e+02;-3.3566643e-02;2.4250000e+02;1.2628023e-02;2.4250000e+02;7.6633051e-02;2.4250000e+02;1.5538557e-01;2.4250000e+02;1.9883585e-01;2.4250000e+02;2.0710331e-01;2.4250000e+02;2.0101240e-01;2.4250000e+02;2.2736043e-01;2.4250000e+02;1.8838239e-01;2.4250000e+02;1.3208842e-01;2.4250000e+02;7.8796759e-02;2.4250000e+02;3.3164963e-02;2.4250000e+02;-1.1815742e-02;2.4250000e+02;-5.8880121e-02;2.4250000e+02;-1.0057604e-01;2.4250000e+02;-1.4437062e-01;2.4250000e+02;-6.1562955e-02;2.4250000e+02;-5.8699112e-02;2.4250000e+02;-3.3566643e-02;2.4250000e+02;1.2628023e-02;2.4250000e+02;7.6633051e-02;2.4250000e+02;1.5538557e-01;2.4250000e+02;1.9883585e-01;2.4250000e+02;2.0710331e-01;2.4250000e+02;2.0101240e-01;2.4250000e+02;2.2736043e-01;2.4250000e+02;1.8838239e-01;2.4250000e+02;1.3208842e-01;2.4250000e+02;7.8796759e-02;2.4250000e+02;3.3164963e-02;2.4250000e+02;-1.1815742e-02;2.4250000e+02;-5.8880121e-02;2.4250000e+02;-1.0057604e-01;2.4250000e+02;-1.4437062e-01;2.4250000e+02;-6.1562955e-02;2.4250000e+02;-5.8699112e-02;2.4250000e+02;-3.3566643e-02;2.4250000e+02;1.2628023e-02;2.4250000e+02;7.6633051e-02;2.4250000e+02;1.5538557e-01;2.4250000e+02;1.9883585e-01;2.4250000e+02;2.0710331e-01;2.4250000e+02;2.0101240e-01;2.4250000e+02;2.2736043e-01;2.4250000e+02;1.8838239e-01;2.4250000e+02;1.3208842e-01;2.4250000e+02;7.8796759e-02;2.4250000e+02;3.3164963e-02;2.4250000e+02;-1.1815742e-02;2.4250000e+02;-5.8880121e-02;2.4250000e+02;-1.0057604e-01;2.4250000e+02;-1.4437062e-01;2.4250000e+02;-6.1562955e-02;2.4250000e+02;-5.8699112e-02;2.4250000e+02;-3.3566643e-02;2.4250000e+02;1.2628023e-02;2.4250000e+02;7.6633051e-02;2.4250000e+02;1.5538557e-01;2.4250000e+02;1.9883585e-01;2.4250000e+02;2.0710331e-01;2.4250000e+02;2.0101240e-01;2.4250000e+02;2.2736043e-01;2.4250000e+02;1.8838239e-01;2.4250000e+02;1.3208842e-01;2.4250000e+02;7.8796759e-02;2.4250000e+02;3.3164963e-02;2.4250000e+02;-1.1815742e-02;2.4250000e+02;-5.8880121e-02;2.4250000e+02;-1.0057604e-01;2.4250000e+02;-1.4437062e-01;2.4250000e+02;-6.1562955e-02;2.4250000e+02;-5.8699112e-02;2.4250000e+02;-3.3566643e-02;2.4250000e+02;1.2628023e-02;2.4250000e+02;7.6633051e-02;2.4250000e+02;1.5538557e-01;2.4250000e+02;1.9883585e-01;2.4250000e+02;2.0710331e-01;2.4250000e+02;2.0101240e-01;2.4250000e+02;2.2736043e-01;2.4250000e+02;1.8838239e-01;2.4250000e+02;1.3208842e-01;2.4250000e+02;7.8796759e-02;2.4250000e+02;3.3164963e-02;2.4250000e+02;-1.1815742e-02;2.4250000e+02;-5.8880121e-02;2.4250000e+02;-1.0057604e-01;2.4250000e+02;-1.4437062e-01;2.4250000e+02;-6.1562955e-02;2.4250000e+02;-5.8699112e-02;2.4250000e+02;-3.3566643e-02;2.4250000e+02;1.2628023e-02;2.4250000e+02;7.6633051e-02;2.4250000e+02;1.5538557e-01;2.4250000e+02;1.9883585e-01;2.4250000e+02;2.0710331e-01;2.4250000e+02;2.0101240e-01;2.4250000e+02;2.2736043e-01;2.4250000e+02;1.8838239e-01;2.4250000e+02;1.3208842e-01;2.4250000e+02;7.8796759e-02;2.4250000e+02;3.3164963e-02;2.4250000e+02;-1.1815742e-02;2.4250000e+02;-5.8880121e-02;2.4250000e+02;-1.0057604e-01;2.4250000e+02;-1.4437062e-01;2.4250000e+02;-6.1562955e-02;2.4250000e+02;-5.8699112e-02;2.4250000e+02;-3.3566643e-02;2.4250000e+02;1.2628023e-02;2.4250000e+02;7.6633051e-02;2.4250000e+02;1.5538557e-01;2.4250000e+02;1.9883585e-01;2.4250000e+02;2.0710331e-01;2.4250000e+02;2.0101240e-01;2.4250000e+02;2.2736043e-01;2.4250000e+02;1.8838239e-01;2.4250000e+02;1.3208842e-01;2.4250000e+02;7.8796759e-02;2.4250000e+02;3.3164963e-02;2.4250000e+02;-1.1815742e-02;2.4250000e+02;-5.8880121e-02;2.4250000e+02;-1.0057604e-01;2.4250000e+02;-1.4437062e-01;2.4250000e+02;-6.1562955e-02;2.4250000e+02;-5.8699112e-02;2.4250000e+02;-3.3566643e-02;2.4250000e+02;1.2628023e-02;2.4250000e+02;7.6633051e-02;2.4250000e+02;1.5538557e-01;2.4250000e+02;1.9883585e-01;2.4250000e+02;2.0710331e-01;2.4250000e+02;2.0101240e-01;2.4250000e+02;2.2736043e-01;2.4250000e+02;1.8838239e-01;2.4250000e+02;1.3208842e-01;2.4250000e+02;7.8796759e-02;2.4250000e+02;3.3164963e-02;2.4250000e+02;-1.1815742e-02;2.4250000e+02;-5.8880121e-02;2.4250000e+02;-1.0057604e-01;2.4250000e+02;-1.4437062e-01;2.4250000e+02;-6.1562955e-02;2.4250000e+02;-5.8699112e-02;2.4250000e+02;-3.3566643e-02;2.4250000e+02;1.2628023e-02;2.4250000e+02;7.6633051e-02;2.4250000e+02;1.5538557e-01;2.4250000e+02;1.9883585e-01;2.4250000e+02;2.0710331e-01;2.4250000e+02;2.0101240e-01;2.4250000e+02;2.2736043e-01;2.4250000e+02;1.8838239e-01;2.4250000e+02;1.3208842e-01;2.4250000e+02;7.8796759e-02;2.4250000e+02;3.3164963e-02;2.4250000e+02;-1.1815742e-02;2.4250000e+02;-5.8880121e-02;2.4250000e+02;-1.0057604e-01;2.4250000e+02;-1.4437062e-01;2.4250000e+02;-6.1562955e-02;2.4250000e+02;-5.8699112e-02;2.4250000e+02;-3.3566643e-02;2.4250000e+02;1.2628023e-02;2.4250000e+02;7.6633051e-02;2.4250000e+02;1.5538557e-01;2.4250000e+02;1.9883585e-01;2.4250000e+02;2.0710331e-01;2.4250000e+02;2.0101240e-01;2.4250000e+02;2.2736043e-01;2.4250000e+02;1.8838239e-01;2.4250000e+02;1.3208842e-01;2.4250000e+02;7.8796759e-02;2.4250000e+02;3.3164963e-02;2.4250000e+02;-1.1815742e-02;2.4250000e+02;-5.8880121e-02;2.4250000e+02;-1.0057604e-01;2.4250000e+02;-1.4437062e-01;2.4250000e+02;-6.1562955e-02;2.4250000e+02;-5.8699112e-02;2.4250000e+02;-3.3566643e-02;2.4250000e+02;1.2628023e-02;2.4250000e+02;7.6633051e-02;2.4250000e+02;1.5538557e-01;2.4250000e+02;1.9883585e-01;2.4250000e+02;2.0710331e-01;2.4250000e+02;2.0101240e-01;2.4250000e+02;2.2736043e-01;2.4250000e+02;1.8838239e-01;2.4250000e+02;1.3208842e-01;2.4250000e+02;7.8796759e-02;2.4250000e+02;3.3164963e-02;2.4250000e+02;-1.1815742e-02;2.4250000e+02;-5.8880121e-02;2.4250000e+02;-1.0057604e-01;2.4250000e+02;-1.4437062e-01;2.4250000e+02;-6.1562955e-02;2.4250000e+02;-5.8699112e-02;2.4250000e+02;-3.3566643e-02;2.4250000e+02;1.2628023e-02;2.4250000e+02;7.6633051e-02;2.4250000e+02;1.5538557e-01;2.4250000e+02;1.9883585e-01;2.4250000e+02;2.0710331e-01;2.4250000e+02;2.0101240e-01;2.4250000e+02;2.2736043e-01;2.4250000e+02;1.8838239e-01;2.4250000e+02;1.3208842e-01;2.4250000e+02;7.8796759e-02;2.4250000e+02;3.3164963e-02;2.4250000e+02;-1.1815742e-02;2.4250000e+02;-5.8880121e-02;2.4250000e+02;-1.0057604e-01;2.4250000e+02;-1.4437062e-01;2.4250000e+02;-6.1562955e-02;2.4250000e+02;-5.8699112e-02;2.4250000e+02;-3.3566643e-02;2.4250000e+02;1.2628023e-02;2.4250000e+02;7.6633051e-02;2.4250000e+02;1.5538557e-01;2.4250000e+02;1.9883585e-01;2.4250000e+02;2.0710331e-01;2.4250000e+02;2.0101240e-01;2.4250000e+02;2.2736043e-01;2.4250000e+02;1.8838239e-01;2.4250000e+02;1.3208842e-01;2.4250000e+02;7.8796759e-02;2.4250000e+02;3.3164963e-02;2.4250000e+02;-1.1815742e-02;2.4250000e+02;-5.8880121e-02;2.4250000e+02;-1.0057604e-01;2.4250000e+02;-1.4437062e-01;2.4250000e+02;-6.1562955e-02;2.4250000e+02;-5.8699112e-02;2.4250000e+02;-3.3566643e-02;2.4250000e+02;1.2628023e-02;2.4250000e+02;7.6633051e-02;2.4250000e+02;1.5538557e-01;2.4250000e+02;1.9883585e-01;2.4250000e+02;2.0710331e-01;2.4250000e+02;2.0101240e-01;2.4250000e+02;2.2736043e-01;2.4250000e+02;1.8838239e-01;2.4250000e+02;1.3208842e-01;2.4250000e+02;7.8796759e-02;2.4250000e+02;3.3164963e-02;2.4250000e+02;-1.1815742e-02;2.4250000e+02;-5.8880121e-02;2.4250000e+02;-1.0057604e-01;2.4250000e+02;-1.4437062e-01;2.4250000e+02;-6.1562955e-02;2.4250000e+02;-5.8699112e-02;2.4250000e+02;-3.3566643e-02;2.4250000e+02;1.2628023e-02;2.4250000e+02;7.6633051e-02;2.4250000e+02;1.5538557e-01;2.4250000e+02;1.9883585e-01;2.4250000e+02;2.0710331e-01;2.4250000e+02;2.0101240e-01;2.4250000e+02;2.2736043e-01;2.4250000e+02;1.8838239e-01;2.4250000e+02;1.3208842e-01;2.4250000e+02;7.8796759e-02;2.4250000e+02;3.3164963e-02;2.4250000e+02;-1.1815742e-02;2.4250000e+02;-5.8880121e-02;2.4250000e+02;-1.0057604e-01;2.4250000e+02;-1.4437062e-01;2.4250000e+02;-6.1562955e-02;2.4250000e+02;-5.8699112e-02;2.4250000e+02;-3.3566643e-02;2.4250000e+02;1.2628023e-02;2.4250000e+02;7.6633051e-02;2.4250000e+02;1.5538557e-01;2.4250000e+02;1.9883585e-01;2.4250000e+02;2.0710331e-01;2.4250000e+02;2.0101240e-01;2.4250000e+02;2.2736043e-01;2.4250000e+02;1.8838239e-01;2.4250000e+02;1.3208842e-01;2.4250000e+02;7.8796759e-02;2.4250000e+02;3.3164963e-02;2.4250000e+02;-1.1815742e-02;2.4250000e+02;-5.8880121e-02;2.4250000e+02;-1.0057604e-01;2.4250000e+02;-1.4437062e-01;2.4250000e+02;-6.1562955e-02;2.4250000e+02;-5.8699112e-02;2.4250000e+02;-3.3566643e-02;2.4250000e+02;1.2628023e-02;2.4250000e+02;7.6633051e-02;2.4250000e+02;1.5538557e-01;2.4250000e+02;1.9883585e-01;2.4250000e+02;2.0710331e-01;2.4250000e+02;2.0101240e-01;2.4250000e+02;2.2736043e-01;2.4250000e+02;1.8838239e-01;2.4250000e+02;1.3208842e-01;2.4250000e+02;7.8796759e-02;2.4250000e+02;3.3164963e-02;2.4250000e+02;-1.1815742e-02;2.4250000e+02;-5.8880121e-02;2.4250000e+02;-1.0057604e-01;2.4250000e+02;-1.4437062e-01;2.4250000e+02;-6.1562955e-02;2.4250000e+02;-5.8699112e-02;2.4250000e+02;-3.3566643e-02;2.4250000e+02;1.2628023e-02;2.4250000e+02;7.6633051e-02;2.4250000e+02;1.5538557e-01;2.4250000e+02;1.9883585e-01;2.4250000e+02;2.0710331e-01;2.4250000e+02;2.0101240e-01;2.4250000e+02;2.2736043e-01;2.4250000e+02;1.8838239e-01;2.4250000e+02;1.3208842e-01;2.4250000e+02;7.8796759e-02;2.4250000e+02;3.3164963e-02;2.4250000e+02;-1.1815742e-02;2.4250000e+02;-5.8880121e-02;2.4250000e+02;-1.0057604e-01;2.4250000e+02;-1.4437062e-01;2.4250000e+02;-6.1562955e-02;2.4250000e+02;-5.8699112e-02;2.4250000e+02;-3.3566643e-02;2.4250000e+02;1.2628023e-02;2.4250000e+02;7.6633051e-02;2.4250000e+02;1.5538557e-01;2.4250000e+02;1.9883585e-01;2.4250000e+02;2.0710331e-01;2.4250000e+02;2.0101240e-01;2.4250000e+02;2.2736043e-01;2.4250000e+02;1.8838239e-01;2.4250000e+02;1.3208842e-01;2.4250000e+02;7.8796759e-02;2.4250000e+02;3.3164963e-02;2.4250000e+02;-1.1815742e-02;2.4250000e+02;-5.8880121e-02;2.4250000e+02;-1.0057604e-01;2.4250000e+02;-1.4437062e-01;2.4250000e+02;-6.1562955e-02;2.4250000e+02;-5.8699112e-02;2.4250000e+02;-3.3566643e-02;2.4250000e+02;1.2628023e-02;2.4250000e+02;7.6633051e-02;2.4250000e+02;1.5538557e-01;2.4250000e+02;1.9883585e-01;2.4250000e+02;2.0710331e-01;2.4250000e+02;2.0101240e-01;2.4250000e+02;2.2736043e-01;2.4250000e+02;1.8838239e-01;2.4250000e+02;1.3208842e-01;2.4250000e+02;7.8796759e-02;2.4250000e+02;3.3164963e-02;2.4250000e+02;-1.1815742e-02;2.4250000e+02;-5.8880121e-02;2.4250000e+02;-1.0057604e-01;2.4250000e+02;-1.4437062e-01;2.4250000e+02;-6.1562955e-02;2.4250000e+02;-5.8699112e-02;2.4250000e+02;-3.3566643e-02;2.4250000e+02;1.2628023e-02;2.4250000e+02;7.6633051e-02;2.4250000e+02;1.5538557e-01;2.4250000e+02;1.9883585e-01;2.4250000e+02;2.0710331e-01;2.4250000e+02;2.0101240e-01;2.4250000e+02;2.2736043e-01;2.4250000e+02;1.8838239e-01;2.4250000e+02;1.3208842e-01;2.4250000e+02;7.8796759e-02;2.4250000e+02;3.3164963e-02;2.4250000e+02;-1.1815742e-02;2.4250000e+02;-5.8880121e-02;2.4250000e+02;-1.0057604e-01;2.4250000e+02;-1.4437062e-01;2.4250000e+02;-6.1562955e-02;2.4250000e+02;-5.8699112e-02;2.4250000e+02;-3.3566643e-02;2.4250000e+02;1.2628023e-02;2.4250000e+02;7.6633051e-02;2.4250000e+02;1.5538557e-01;2.4250000e+02;1.9883585e-01;2.4250000e+02;2.0710331e-01;2.4250000e+02;2.0101240e-01;2.4250000e+02;2.2736043e-01;2.4250000e+02;1.8838239e-01;2.4250000e+02;1.3208842e-01;2.4250000e+02;7.8796759e-02;2.4250000e+02;3.3164963e-02;2.4250000e+02;-1.1815742e-02;2.4250000e+02;-5.8880121e-02;2.4250000e+02;-1.0057604e-01;2.4250000e+02;-1.4437062e-01;2.4250000e+02;-6.1562955e-02;2.4250000e+02;-5.8699112e-02;2.4250000e+02;-3.3566643e-02;2.4250000e+02;1.2628023e-02;2.4250000e+02;7.6633051e-02;2.4250000e+02;1.5538557e-01;2.4250000e+02;1.9883585e-01;2.4250000e+02;2.0710331e-01;2.4250000e+02;2.0101240e-01;2.4250000e+02;2.2736043e-01;2.4250000e+02;1.8838239e-01;2.4250000e+02;1.3208842e-01;2.4250000e+02;7.8796759e-02;2.4250000e+02;3.3164963e-02;2.4250000e+02;-1.1815742e-02;2.4250000e+02;-5.8880121e-02;2.4250000e+02;-1.0057604e-01;2.4250000e+02;-1.4437062e-01;2.4250000e+02;-6.1562955e-02;2.4250000e+02;-5.8699112e-02;2.4250000e+02;-3.3566643e-02;2.4250000e+02;1.2628023e-02;2.4250000e+02;7.6633051e-02;2.4250000e+02;1.5538557e-01;2.4250000e+02;1.9883585e-01;2.4250000e+02;2.0710331e-01;2.4250000e+02;2.0101240e-01;2.4250000e+02;2.2736043e-01;2.4250000e+02;1.8838239e-01;2.4250000e+02;1.3208842e-01;2.4250000e+02;7.8796759e-02;2.4250000e+02;3.3164963e-02;2.4250000e+02;-1.1815742e-02;2.4250000e+02;-5.8880121e-02;2.4250000e+02;-1.0057604e-01;2.4250000e+02;-1.4437062e-01;2.4250000e+02;-6.1562955e-02;2.4250000e+02;-5.8699112e-02;2.4250000e+02;-3.3566643e-02;2.4250000e+02;1.2628023e-02;2.4250000e+02;7.6633051e-02;2.4250000e+02;1.5538557e-01;2.4250000e+02;1.9883585e-01;2.4250000e+02;2.0710331e-01;2.4250000e+02;2.0101240e-01;2.4250000e+02;2.2736043e-01;2.4250000e+02;1.8838239e-01;2.4250000e+02;1.3208842e-01;2.4250000e+02;7.8796759e-02;2.4250000e+02;3.3164963e-02;2.4250000e+02;-1.1815742e-02;2.4250000e+02;-5.8880121e-02;2.4250000e+02;-1.0057604e-01;2.4250000e+02;-1.4437062e-01;2.4250000e+02;-6.1562955e-02;2.4250000e+02;-5.8699112e-02;2.4250000e+02;-3.3566643e-02;2.4250000e+02;1.2628023e-02;2.4250000e+02;7.6633051e-02;2.4250000e+02;1.5538557e-01;2.4250000e+02;1.9883585e-01;2.4250000e+02;2.0710331e-01;2.4250000e+02;2.0101240e-01;2.4250000e+02;2.2736043e-01;2.4250000e+02;1.8838239e-01;2.4250000e+02;1.3208842e-01;2.4250000e+02;7.8796759e-02;2.4250000e+02;3.3164963e-02;2.4250000e+02;-1.1815742e-02;2.4250000e+02;-5.8880121e-02;2.4250000e+02;-1.0057604e-01;2.4250000e+02;-1.4437062e-01;2.4250000e+02;-6.1562955e-02;2.4250000e+02;-5.8699112e-02;2.4250000e+02;-3.3566643e-02;2.4250000e+02;1.2628023e-02;2.4250000e+02;7.6633051e-02;2.4250000e+02;1.5538557e-01;2.4250000e+02;1.9883585e-01;2.4250000e+02;2.0710331e-01;2.4250000e+02;2.0101240e-01;2.4250000e+02;2.2736043e-01;2.4250000e+02;1.8838239e-01;2.4250000e+02;1.3208842e-01;2.4250000e+02;7.8796759e-02;2.4250000e+02;3.3164963e-02;2.4250000e+02;-1.1815742e-02;2.4250000e+02;-5.8880121e-02;2.4250000e+02;-1.0057604e-01;2.4250000e+02;-1.4437062e-01;2.4250000e+02;-6.1562955e-02;2.4250000e+02;-5.8699112e-02;2.4250000e+02;-3.3566643e-02;2.4250000e+02;1.2628023e-02;2.4250000e+02;7.6633051e-02;2.4250000e+02;1.5538557e-01;2.4250000e+02;1.9883585e-01;2.4250000e+02;2.0710331e-01;2.4250000e+02;2.0101240e-01;2.4250000e+02;2.2736043e-01;2.4250000e+02;1.8838239e-01;2.4250000e+02;1.3208842e-01;2.4250000e+02;7.8796759e-02;2.4250000e+02;3.3164963e-02;2.4250000e+02;-1.1815742e-02;2.4250000e+02;-5.8880121e-02;2.4250000e+02;-1.0057604e-01;2.4250000e+02;-1.4437062e-01;2.4250000e+02;-6.1562955e-02;2.4250000e+02;-5.8699112e-02;2.4250000e+02;-3.3566643e-02;2.4250000e+02;1.2628023e-02;2.4250000e+02;7.6633051e-02;2.4250000e+02;1.5538557e-01;2.4250000e+02;1.9883585e-01;2.4250000e+02;2.0710331e-01;2.4250000e+02;2.0101240e-01;2.4250000e+02;2.2736043e-01;2.4250000e+02;1.8838239e-01;2.4250000e+02;1.3208842e-01;2.4250000e+02;7.8796759e-02;2.4250000e+02;3.3164963e-02;2.4250000e+02;-1.1815742e-02;2.4250000e+02;-5.8880121e-02;2.4250000e+02;-1.0057604e-01;2.4250000e+02;-1.4437062e-01;2.4250000e+02;-6.1562955e-02;2.4250000e+02;-5.8699112e-02;2.4250000e+02;-3.3566643e-02;2.4250000e+02;1.2628023e-02;2.4250000e+02;7.6633051e-02;2.4250000e+02;1.5538557e-01;2.4250000e+02;1.9883585e-01;2.4250000e+02;2.0710331e-01;2.4250000e+02;2.0101240e-01;2.4250000e+02;2.2736043e-01;2.4250000e+02;1.8838239e-01;2.4250000e+02;1.3208842e-01;2.4250000e+02;7.8796759e-02;2.4250000e+02;3.3164963e-02;2.4250000e+02;-1.1815742e-02;2.4250000e+02;-5.8880121e-02;2.4250000e+02;-1.0057604e-01;2.4250000e+02;-1.4437062e-01;2.4250000e+02;-6.1562955e-02;2.4250000e+02;-5.8699112e-02;2.4250000e+02;-3.3566643e-02;2.4250000e+02;1.2628023e-02;2.4250000e+02;7.6633051e-02;2.4250000e+02;1.5538557e-01;2.4250000e+02;1.9883585e-01;2.4250000e+02;2.0710331e-01;2.4250000e+02;2.0101240e-01;2.4250000e+02;2.2736043e-01;2.4250000e+02;1.8838239e-01;2.4250000e+02;1.3208842e-01;2.4250000e+02;7.8796759e-02;2.4250000e+02;3.3164963e-02;2.4250000e+02;-1.1815742e-02;2.4250000e+02;-5.8880121e-02;2.4250000e+02;-1.0057604e-01;2.4250000e+02;-1.4437062e-01;2.4250000e+02;-6.1562955e-02;2.4250000e+02;-5.8699112e-02;2.4250000e+02;-3.3566643e-02;2.4250000e+02;1.2628023e-02;2.4250000e+02;7.6633051e-02;2.4250000e+02;1.5538557e-01;2.4250000e+02;1.9883585e-01;2.4250000e+02;2.0710331e-01;2.4250000e+02;2.0101240e-01;2.4250000e+02;2.2736043e-01;2.4250000e+02;1.8838239e-01;2.4250000e+02;1.3208842e-01;2.4250000e+02;7.8796759e-02;2.4250000e+02;3.3164963e-02;2.4250000e+02;-1.1815742e-02;2.4250000e+02;-5.8880121e-02;2.4250000e+02;-1.0057604e-01;2.4250000e+02;-1.4437062e-01;2.4250000e+02;-6.1562955e-02;2.4250000e+02;-5.8699112e-02;2.4250000e+02;-3.3566643e-02;2.4250000e+02;1.2628023e-02;2.4250000e+02;7.6633051e-02;2.4250000e+02;1.5538557e-01;2.4250000e+02;1.9883585e-01;2.4250000e+02;2.0710331e-01;2.4250000e+02;2.0101240e-01;2.4250000e+02;2.2736043e-01;2.4250000e+02;1.8838239e-01;2.4250000e+02;1.3208842e-01;2.4250000e+02;7.8796759e-02;2.4250000e+02;3.3164963e-02;2.4250000e+02;-1.1815742e-02;2.4250000e+02;-5.8880121e-02;2.4250000e+02;-1.0057604e-01;2.4250000e+02;-1.4437062e-01;2.4250000e+02;-6.1562955e-02;2.4250000e+02;-5.8699112e-02;2.4250000e+02;-3.3566643e-02;2.4250000e+02;1.2628023e-02;2.4250000e+02;7.6633051e-02;2.4250000e+02;1.5538557e-01;2.4250000e+02;1.9883585e-01;2.4250000e+02;2.0710331e-01;2.4250000e+02;2.0101240e-01;2.4250000e+02;2.2736043e-01;2.4250000e+02;1.8838239e-01;2.4250000e+02;1.3208842e-01;2.4250000e+02;7.8796759e-02;2.4250000e+02;3.3164963e-02;2.4250000e+02;-1.1815742e-02;2.4250000e+02;-5.8880121e-02;2.4250000e+02;-1.0057604e-01;2.4250000e+02;-1.4437062e-01
2.4750000e+02;-6.0639203e-02;2.4750000e+02;-5.3497389e-02;2.4750000e+02;-2.5220111e-02;2.4750000e+02;2.5768705e-02;2.4750000e+02;9.3097240e-02;2.4750000e+02;1.7182457e-01;2.4750000e+02;2.0818162e-01;2.4750000e+02;2.0629871e-01;2.4750000e+02;1.9850585e-01;2.4750000e+02;2.3092492e-01;2.4750000e+02;1.9438589e-01;2.4750000e+02;1.3943651e-01;2.4750000e+02;8.8043019e-02;2.4750000e+02;3.6782160e-02;2.4750000e+02;-8.4682405e-03;2.4750000e+02;-5.3433195e-02;2.4750000e+02;-9.3612365e-02;2.4750000e+02;-1.3935661e-01;2.4750000e+02;-6.0639203e-02;2.4750000e+02;-5.3497389e-02;2.4750000e+02;-2.5220111e-02;2.4750000e+02;2.5768705e-02;2.4750000e+02;9.3097240e-02;2.4750000e+02;1.7182457e-01;2.4750000e+02;2.0818162e-01;2.4750000e+02;2.0629871e-01;2.4750000e+02;1.9850585e-01;2.4750000e+02;2.3092492e-01;2.4750000e+02;1.9438589e-01;2.4750000e+02;1.3943651e-01;2.4750000e+02;8.8043019e-02;2.4750000e+02;3.6782160e-02;2.4750000e+02;-8.4682405e-03;2.4750000e+02;-5.3433195e-02;2.4750000e+02;-9.3612365e-02;2.4750000e+02;-1.3935661e-01;2.4750000e+02;-6.0639203e-02;2.4750000e+02;-5.3497389e-02;2.4750000e+02;-2.5220111e-02;2.4750000e+02;2.5768705e-02;2.4750000e+02;9.3097240e-02;2.4750000e+02;1.7182457e-01;2.4750000e+02;2.0818162e-01;2.4750000e+02;2.0629871e-01;2.4750000e+02;1.9850585e-01;2.4750000e+02;2.3092492e-01;2.4750000e+02;1.9438589e-01;2.4750000e+02;1.3943651e-01;2.4750000e+02;8.8043019e-02;2.4750000e+02;3.6782160e-02;2.4750000e+02;-8.4682405e-03;2.4750000e+02;-5.3433195e-02;2.4750000e+02;-9.3612365e-02;2.4750000e+02;-1.3935661e-01;2.4750000e+02;-6.0639203e-02;2.4750000e+02;-5.3497389e-02;2.4750000e+02;-2.5220111e-02;2.4750000e+02;2.5768705e-02;2.4750000e+02;9.3097240e-02;2.4750000e+02;1.7182457e-01;2.4750000e+02;2.0818162e-01;2.4750000e+02;2.0629871e-01;2.4750000e+02;1.9850585e-01;2.4750000e+02;2.3092492e-01;2.4750000e+02;1.9438589e-01;2.4750000e+02;1.3943651e-01;2.4750000e+02;8.8043019e-02;2.4750000e+02;3.6782160e-02;2.4750000e+02;-8.4682405e-03;2.4750000e+02;-5.3433195e-02;2.4750000e+02;-9.3612365e-02;2.4750000e+02;-1.3935661e-01;2.4750000e+02;-6.0639203e-02;2.4750000e+02;-5.3497389e-02;2.4750000e+02;-2.5220111e-02;2.4750000e+02;2.5768705e-02;2.4750000e+02;9.3097240e-02;2.4750000e+02;1.7182457e-01;2.4750000e+02;2.0818162e-01;2.4750000e+02;2.0629871e-01;2.4750000e+02;1.9850585e-01;2.4750000e+02;2.3092492e-01;2.4750000e+02;1.9438589e-01;2.4750000e+02;1.3943651e-01;2.4750000e+02;8.8043019e-02;2.4750000e+02;3.6782160e-02;2.4750000e+02;-8.4682405e-03;2.4750000e+02;-5.3433195e-02;2.4750000e+02;-9.3612365e-02;2.4750000e+02;-1.3935661e-01;2.4750000e+02;-6.0639203e-02;2.4750000e+02;-5.3497389e-02;2.4750000e+02;-2.5220111e-02;2.4750000e+02;2.5768705e-02;2.4750000e+02;9.3097240e-02;2.4750000e+02;1.7182457e-01;2.4750000e+02;2.0818162e-01;2.4750000e+02;2.0629871e-01;2.4750000e+02;1.9850585e-01;2.4750000e+02;2.3092492e-01;2.4750000e+02;1.9438589e-01;2.4750000e+02;1.3943651e-01;2.4750000e+02;8.8043019e-02;2.4750000e+02;3.6782160e-02;2.4750000e+02;-8.4682405e-03;2.4750000e+02;-5.3433195e-02;2.4750000e+02;-9.3612365e-02;2.4750000e+02;-1.3935661e-01;2.4750000e+02;-6.0639203e-02;2.4750000e+02;-5.3497389e-02;2.4750000e+02;-2.5220111e-02;2.4750000e+02;2.5768705e-02;2.4750000e+02;9.3097240e-02;2.4750000e+02;1.7182457e-01;2.4750000e+02;2.0818162e-01;2.4750000e+02;2.0629871e-01;2.4750000e+02;1.9850585e-01;2.4750000e+02;2.3092492e-01;2.4750000e+02;1.9438589e-01;2.4750000e+02;1.3943651e-01;2.4750000e+02;8.8043019e-02;2.4750000e+02;3.6782160e-02;2.4750000e+02;-8.4682405e-03;2.4750000e+02;-5.3433195e-02;2.4750000e+02;-9.3612365e-02;2.4750000e+02;-1.3935661e-01;2.4750000e+02;-6.0639203e-02;2.4750000e+02;-5.3497389e-02;2.4750000e+02;-2.5220111e-02;2.4750000e+02;2.5768705e-02;2.4750000e+02;9.3097240e-02;2.4750000e+02;1.7182457e-01;2.4750000e+02;2.0818162e-01;2.4750000e+02;2.0629871e-01;2.4750000e+02;1.9850585e-01;2.4750000e+02;2.3092492e-01;2.4750000e+02;1.9438589e-01;2.4750000e+02;1.3943651e-01;2.4750000e+02;8.8043019e-02;2.4750000e+02;3.6782160e-02;2.4750000e+02;-8.4682405e-03;2.4750000e+02;-5.3433195e-02;2.4750000e+02;-9.3612365e-02;2.4750000e+02;-1.3935661e-01;2.4750000e+02;-6.0639203e-02;2.4750000e+02;-5.3497389e-02;2.4750000e+02;-2.5220111e-02;2.4750000e+02;2.5768705e-02;2.4750000e+02;9.3097240e-02;2.4750000e+02;1.7182457e-01;2.4750000e+02;2.0818162e-01;2.4750000e+02;2.0629871e-01;2.4750000e+02;1.9850585e-01;2.4750000e+02;2.3092492e-01;2.4750000e+02;1.9438589e-01;2.4750000e+02;1.3943651e-01;2.4750000e+02;8.8043019e-02;2.4750000e+02;3.6782160e-02;2.4750000e+02;-8.4682405e-03;2.4750000e+02;-5.3433195e-02;2.4750000e+02;-9.3612365e-02;2.4750000e+02;-1.3935661e-01;2.4750000e+02;-6.0639203e-02;2.4750000e+02;-5.3497389e-02;2.4750000e+02;-2.5220111e-02;2.4750000e+02;2.5768705e-02;2.4750000e+02;9.3097240e-02;2.4750000e+02;1.7182457e-01;2.4750000e+02;2.0818162e-01;2.4750000e+02;2.0629871e-01;2.4750000e+02;1.9850585e-01;2.4750000e+02;2.3092492e-01;2.4750000e+02;1.9438589e-01;2.4750000e+02;1.3943651e-01;2.4750000e+02;8.8043019e-02;2.4750000e+02;3.6782160e-02;2.4750000e+02;-8.4682405e-03;2.4750000e+02;-5.3433195e-02;2.4750000e+02;-9.3612365e-02;2.4750000e+02;-1.3935661e-01;2.4750000e+02;-6.0639203e-02;2.4750000e+02;-5.3497389e-02;2.4750000e+02;-2.5220111e-02;2.4750000e+02;2.5768705e-02;2.4750000e+02;9.3097240e-02;2.4750000e+02;1.7182457e-01;2.4750000e+02;2.0818162e-01;2.4750000e+02;2.0629871e-01;2.4750000e+02;1.9850585e-01;2.4750000e+02;2.3092492e-01;2.4750000e+02;1.9438589e-01;2.4750000e+02;1.3943651e-01;2.4750000e+02;8.8043019e-02;2.4750000e+02;3.6782160e-02;2.4750000e+02;-8.4682405e-03;2.4750000e+02;-5.3433195e-02;2.4750000e+02;-9.3612365e-02;2.4750000e+02;-1.3935661e-01;2.4750000e+02;-6.0639203e-02;2.4750000e+02;-5.3497389e-02;2.4750000e+02;-2.5220111e-02;2.4750000e+02;2.5768705e-02;2.4750000e+02;9.3097240e-02;2.4750000e+02;1.7182457e-01;2.4750000e+02;2.0818162e-01;2.4750000e+02;2.0629871e-01;2.4750000e+02;1.9850585e-01;2.4750000e+02;2.3092492e-01;2.4750000e+02;1.9438589e-01;2.4750000e+02;1.3943651e-01;2.4750000e+02;8.8043019e-02;2.4750000e+02;3.6782160e-02;2.4750000e+02;-8.4682405e-03;2.4750000e+02;-5.3433195e-02;2.4750000e+02;-9.3612365e-02;2.4750000e+02;-1.3935661e-01;2.4750000e+02;-6.0639203e-02;2.4750000e+02;-5.3497389e-02;2.4750000e+02;-2.5220111e-02;2.4750000e+02;2.5768705e-02;2.4750000e+02;9.3097240e-02;2.4750000e+02;1.7182457e-01;2.4750000e+02;2.0818162e-01;2.4750000e+02;2.0629871e-01;2.4750000e+02;1.9850585e-01;2.4750000e+02;2.3092492e-01;2.4750000e+02;1.9438589e-01;2.4750000e+02;1.3943651e-01;2.4750000e+02;8.8043019e-02;2.4750000e+02;3.6782160e-02;2.4750000e+02;-8.4682405e-03;2.4750000e+02;-5.3433195e-02;2.4750000e+02;-9.3612365e-02;2.4750000e+02;-1.3935661e-01;2.4750000e+02;-6.0639203e-02;2.4750000e+02;-5.3497389e-02;2.4750000e+02;-2.5220111e-02;2.4750000e+02;2.5768705e-02;2.4750000e+02;9.3097240e-02;2.4750000e+02;1.7182457e-01;2.4750000e+02;2.0818162e-01;2.4750000e+02;2.0629871e-01;2.4750000e+02;1.9850585e-01;2.4750000e+02;2.3092492e-01;2.4750000e+02;1.9438589e-01;2.4750000e+02;1.3943651e-01;2.4750000e+02;8.8043019e-02;2.4750000e+02;3.6782160e-02;2.4750000e+02;-8.4682405e-03;2.4750000e+02;-5.3433195e-02;2.4750000e+02;-9.3612365e-02;2.4750000e+02;-1.3935661e-01;2.4750000e+02;-6.0639203e-02;2.4750000e+02;-5.3497389e-02;2.4750000e+02;-2.5220111e-02;2.4750000e+02;2.5768705e-02;2.4750000e+02;9.3097240e-02;2.4750000e+02;1.7182457e-01;2.4750000e+02;2.0818162e-01;2.4750000e+02;2.0629871e-01;2.4750000e+02;1.9850585e-01;2.4750000e+02;2.3092492e-01;2.4750000e+02;1.9438589e-01;2.4750000e+02;1.3943651e-01;2.4750000e+02;8.8043019e-02;2.4750000e+02;3.6782160e-02;2.4750000e+02;-8.4682405e-03;2.4750000e+02;-5.3433195e-02;2.4750000e+02;-9.3612365e-02;2.4750000e+02;-1.3935661e-01;2.4750000e+02;-6.0639203e-02;2.4750000e+02;-5.3497389e-02;2.4750000e+02;-2.5220111e-02;2.4750000e+02;2.5768705e-02;2.4750000e+02;9.3097240e-02;2.4750000e+02;1.7182457e-01;2.4750000e+02;2.0818162e-01;2.4750000e+02;2.0629871e-01;2.4750000e+02;1.9850585e-01;2.4750000e+02;2.3092492e-01;2.4750000e+02;1.9438589e-01;2.4750000e+02;1.3943651e-01;2.4750000e+02;8.8043019e-02;2.4750000e+02;3.6782160e-02;2.4750000e+02;-8.4682405e-03;2.4750000e+02;-5.3433195e-02;2.4750000e+02;-9.3612365e-02;2.4750000e+02;-1.3935661e-01;2.4750000e+02;-6.0639203e-02;2.4750000e+02;-5.3497389e-02;2.4750000e+02;-2.5220111e-02;2.4750000e+02;2.5768705e-02;2.4750000e+02;9.3097240e-02;2.4750000e+02;1.7182457e-01;2.4750000e+02;2.0818162e-01;2.4750000e+02;2.0629871e-01;2.4750000e+02;1.9850585e-01;2.4750000e+02;2.3092492e-01;2.4750000e+02;1.9438589e-01;2.4750000e+02;1.3943651e-01;2.4750000e+02;8.8043019e-02;2.4750000e+02;3.6782160e-02;2.4750000e+02;-8.4682405e-03;2.4750000e+02;-5.3433195e-02;2.4750000e+02;-9.3612365e-02;2.4750000e+02;-1.3935661e-01;2.4750000e+02;-6.0639203e-02;2.4750000e+02;-5.3497389e-02;2.4750000e+02;-2.5220111e-02;2.4750000e+02;2.5768705e-02;2.4750000e+02;9.3097240e-02;2.4750000e+02;1.7182457e-01;2.4750000e+02;2.0818162e-01;2.4750000e+02;2.0629871e-01;2.4750000e+02;1.9850585e-01;2.4750000e+02;2.3092492e-01;2.4750000e+02;1.9438589e-01;2.4750000e+02;1.3943651e-01;2.4750000e+02;8.8043019e-02;2.4750000e+02;3.6782160e-02;2.4750000e+02;-8.4682405e-03;2.4750000e+02;-5.3433195e-02;2.4750000e+02;-9.3612365e-02;2.4750000e+02;-1.3935661e-01;2.4750000e+02;-6.0639203e-02;2.4750000e+02;-5.3497389e-02;2.4750000e+02;-2.5220111e-02;2.4750000e+02;2.5768705e-02;2.4750000e+02;9.3097240e-02;2.4750000e+02;1.7182457e-01;2.4750000e+02;2.0818162e-01;2.4750000e+02;2.0629871e-01;2.4750000e+02;1.9850585e-01;2.4750000e+02;2.3092492e-01;2.4750000e+02;1.9438589e-01;2.4750000e+02;1.3943651e-01;2.4750000e+02;8.8043019e-02;2.4750000e+02;3.6782160e-02;2.4750000e+02;-8.4682405e-03;2.4750000e+02;-5.3433195e-02;2.4750000e+02;-9.3612365e-02;2.4750000e+02;-1.3935661e-01;2.4750000e+02;-6.0639203e-02;2.4750000e+02;-5.3497389e-02;2.4750000e+02;-2.5220111e-02;2.4750000e+02;2.5768705e-02;2.4750000e+02;9.3097240e-02;2.4750000e+02;1.7182457e-01;2.4750000e+02;2.0818162e-01;2.4750000e+02;2.0629871e-01;2.4750000e+02;1.9850585e-01;2.4750000e+02;2.3092492e-01;2.4750000e+02;1.9438589e-01;2.4750000e+02;1.3943651e-01;2.4750000e+02;8.8043019e-02;2.4750000e+02;3.6782160e-02;2.4750000e+02;-8.4682405e-03;2.4750000e+02;-5.3433195e-02;2.4750000e+02;-9.3612365e-02;2.4750000e+02;-1.3935661e-01;2.4750000e+02;-6.0639203e-02;2.4750000e+02;-5.3497389e-02;2.4750000e+02;-2.5220111e-02;2.4750000e+02;2.5768705e-02;2.4750000e+02;9.3097240e-02;2.4750000e+02;1.7182457e-01;2.4750000e+02;2.0818162e-01;2.4750000e+02;2.0629871e-01;2.4750000e+02;1.9850585e-01;2.4750000e+02;2.3092492e-01;2.4750000e+02;1.9438589e-01;2.4750000e+02;1.3943651e-01;2.4750000e+02;8.8043019e-02;2.4750000e+02;3.6782160e-02;2.4750000e+02;-8.4682405e-03;2.4750000e+02;-5.3433195e-02;2.4750000e+02;-9.3612365e-02;2.4750000e+02;-1.3935661e-01;2.4750000e+02;-6.0639203e-02;2.4750000e+02;-5.3497389e-02;2.4750000e+02;-2.5220111e-02;2.4750000e+02;2.5768705e-02;2.4750000e+02;9.3097240e-02;2.4750000e+02;1.7182457e-01;2.4750000e+02;2.0818162e-01;2.4750000e+02;2.0629871e-01;2.4750000e+02;1.9850585e-01;2.4750000e+02;2.3092492e-01;2.4750000e+02;1.9438589e-01;2.4750000e+02;1.3943651e-01;2.4750000e+02;8.8043019e-02;2.4750000e+02;3.6782160e-02;2.4750000e+02;-8.4682405e-03;2.4750000e+02;-5.3433195e-02;2.4750000e+02;-9.3612365e-02;2.4750000e+02;-1.3935661e-01;2.4750000e+02;-6.0639203e-02;2.4750000e+02;-5.3497389e-02;2.4750000e+02;-2.5220111e-02;2.4750000e+02;2.5768705e-02;2.4750000e+02;9.3097240e-02;2.4750000e+02;1.7182457e-01;2.4750000e+02;2.0818162e-01;2.4750000e+02;2.0629871e-01;2.4750000e+02;1.9850585e-01;2.4750000e+02;2.3092492e-01;2.4750000e+02;1.9438589e-01;2.4750000e+02;1.3943651e-01;2.4750000e+02;8.8043019e-02;2.4750000e+02;3.6782160e-02;2.4750000e+02;-8.4682405e-03;2.4750000e+02;-5.3433195e-02;2.4750000e+02;-9.3612365e-02;2.4750000e+02;-1.3935661e-01;2.4750000e+02;-6.0639203e-02;2.4750000e+02;-5.3497389e-02;2.4750000e+02;-2.5220111e-02;2.4750000e+02;2.5768705e-02;2.4750000e+02;9.3097240e-02;2.4750000e+02;1.7182457e-01;2.4750000e+02;2.0818162e-01;2.4750000e+02;2.0629871e-01;2.4750000e+02;1.9850585e-01;2.4750000e+02;2.3092492e-01;2.4750000e+02;1.9438589e-01;2.4750000e+02;1.3943651e-01;2.4750000e+02;8.8043019e-02;2.4750000e+02;3.6782160e-02;2.4750000e+02;-8.4682405e-03;2.4750000e+02;-5.3433195e-02;2.4750000e+02;-9.3612365e-02;2.4750000e+02;-1.3935661e-01;2.4750000e+02;-6.0639203e-02;2.4750000e+02;-5.3497389e-02;2.4750000e+02;-2.5220111e-02;2.4750000e+02;2.5768705e-02;2.4750000e+02;9.3097240e-02;2.4750000e+02;1.7182457e-01;2.4750000e+02;2.0818162e-01;2.4750000e+02;2.0629871e-01;2.4750000e+02;1.9850585e-01;2.4750000e+02;2.3092492e-01;2.4750000e+02;1.9438589e-01;2.4750000e+02;1.3943651e-01;2.4750000e+02;8.8043019e-02;2.4750000e+02;3.6782160e-02;2.4750000e+02;-8.4682405e-03;2.4750000e+02;-5.3433195e-02;2.4750000e+02;-9.3612365e-02;2.4750000e+02;-1.3935661e-01;2.4750000e+02;-6.0639203e-02;2.4750000e+02;-5.3497389e-02;2.4750000e+02;-2.5220111e-02;2.4750000e+02;2.5768705e-02;2.4750000e+02;9.3097240e-02;2.4750000e+02;1.7182457e-01;2.4750000e+02;2.0818162e-01;2.4750000e+02;2.0629871e-01;2.4750000e+02;1.9850585e-01;2.4750000e+02;2.3092492e-01;2.4750000e+02;1.9438589e-01;2.4750000e+02;1.3943651e-01;2.4750000e+02;8.8043019e-02;2.4750000e+02;3.6782160e-02;2.4750000e+02;-8.4682405e-03;2.4750000e+02;-5.3433195e-02;2.4750000e+02;-9.3612365e-02;2.4750000e+02;-1.3935661e-01;2.4750000e+02;-6.0639203e-02;2.4750000e+02;-5.3497389e-02;2.4750000e+02;-2.5220111e-02;2.4750000e+02;2.5768705e-02;2.4750000e+02;9.3097240e-02;2.4750000e+02;1.7182457e-01;2.4750000e+02;2.0818162e-01;2.4750000e+02;2.0629871e-01;2.4750000e+02;1.9850585e-01;2.4750000e+02;2.3092492e-01;2.4750000e+02;1.9438589e-01;2.4750000e+02;1.3943651e-01;2.4750000e+02;8.8043019e-02;2.4750000e+02;3.6782160e-02;2.4750000e+02;-8.4682405e-03;2.4750000e+02;-5.3433195e-02;2.4750000e+02;-9.3612365e-02;2.4750000e+02;-1.3935661e-01;2.4750000e+02;-6.0639203e-02;2.4750000e+02;-5.3497389e-02;2.4750000e+02;-2.5220111e-02;2.4750000e+02;2.5768705e-02;2.4750000e+02;9.3097240e-02;2.4750000e+02;1.7182457e-01;2.4750000e+02;2.0818162e-01;2.4750000e+02;2.0629871e-01;2.4750000e+02;1.9850585e-01;2.4750000e+02;2.3092492e-01;2.4750000e+02;1.9438589e-01;2.4750000e+02;1.3943651e-01;2.4750000e+02;8.8043019e-02;2.4750000e+02;3.6782160e-02;2.4750000e+02;-8.4682405e-03;2.4750000e+02;-5.3433195e-02;2.4750000e+02;-9.3612365e-02;2.4750000e+02;-1.3935661e-01;2.4750000e+02;-6.0639203e-02;2.4750000e+02;-5.3497389e-02;2.4750000e+02;-2.5220111e-02;2.4750000e+02;2.5768705e-02;2.4750000e+02;9.3097240e-02;2.4750000e+02;1.7182457e-01;2.4750000e+02;2.0818162e-01;2.4750000e+02;2.0629871e-01;2.4750000e+02;1.9850585e-01;2.4750000e+02;2.3092492e-01;2.4750000e+02;1.9438589e-01;2.4750000e+02;1.3943651e-01;2.4750000e+02;8.8043019e-02;2.4750000e+02;3.6782160e-02;2.4750000e+02;-8.4682405e-03;2.4750000e+02;-5.3433195e-02;2.4750000e+02;-9.3612365e-02;2.4750000e+02;-1.3935661e-01;2.4750000e+02;-6.0639203e-02;2.4750000e+02;-5.3497389e-02;2.4750000e+02;-2.5220111e-02;2.4750000e+02;2.5768705e-02;2.4750000e+02;9.3097240e-02;2.4750000e+02;1.7182457e-01;2.4750000e+02;2.0818162e-01;2.4750000e+02;2.0629871e-01;2.4750000e+02;1.9850585e-01;2.4750000e+02;2.3092492e-01;2.4750000e+02;1.9438589e-01;2.4750000e+02;1.3943651e-01;2.4750000e+02;8.8043019e-02;2.4750000e+02;3.6782160e-02;2.4750000e+02;-8.4682405e-03;2.4750000e+02;-5.3433195e-02;2.4750000e+02;-9.3612365e-02;2.4750000e+02;-1.3935661e-01;2.4750000e+02;-6.0639203e-02;2.4750000e+02;-5.3497389e-02;2.4750000e+02;-2.5220111e-02;2.4750000e+02;2.5768705e-02;2.4750000e+02;9.3097240e-02;2.4750000e+02;1.7182457e-01;2.4750000e+02;2.0818162e-01;2.4750000e+02;2.0629871e-01;2.4750000e+02;1.9850585e-01;2.4750000e+02;2.3092492e-01;2.4750000e+02;1.9438589e-01;2.4750000e+02;1.3943651e-01;2.4750000e+02;8.8043019e-02;2.4750000e+02;3.6782160e-02;2.4750000e+02;-8.4682405e-03;2.4750000e+02;-5.3433195e-02;2.4750000e+02;-9.3612365e-02;2.4750000e+02;-1.3935661e-01;2.4750000e+02;-6.0639203e-02;2.4750000e+02;-5.3497389e-02;2.4750000e+02;-2.5220111e-02;2.4750000e+02;2.5768705e-02;2.4750000e+02;9.3097240e-02;2.4750000e+02;1.7182457e-01;2.4750000e+02;2.0818162e-01;2.4750000e+02;2.0629871e-01;2.4750000e+02;1.9850585e-01;2.4750000e+02;2.3092492e-01;2.4750000e+02;1.9438589e-01;2.4750000e+02;1.3943651e-01;2.4750000e+02;8.8043019e-02;2.4750000e+02;3.6782160e-02;2.4750000e+02;-8.4682405e-03;2.4750000e+02;-5.3433195e-02;2.4750000e+02;-9.3612365e-02;2.4750000e+02;-1.3935661e-01;2.4750000e+02;-6.0639203e-02;2.4750000e+02;-5.3497389e-02;2.4750000e+02;-2.5220111e-02;2.4750000e+02;2.5768705e-02;2.4750000e+02;9.3097240e-02;2.4750000e+02;1.7182457e-01;2.4750000e+02;2.0818162e-01;2.4750000e+02;2.0629871e-01;2.4750000e+02;1.9850585e-01;2.4750000e+02;2.3092492e-01;2.4750000e+02;1.9438589e-01;2.4750000e+02;1.3943651e-01;2.4750000e+02;8.8043019e-02;2.4750000e+02;3.6782160e-02;2.4750000e+02;-8.4682405e-03;2.4750000e+02;-5.3433195e-02;2.4750000e+02;-9.3612365e-02;2.4750000e+02;-1.3935661e-01;2.4750000e+02;-6.0639203e-02;2.4750000e+02;-5.3497389e-02;2.4750000e+02;-2.5220111e-02;2.4750000e+02;2.5768705e-02;2.4750000e+02;9.3097240e-02;2.4750000e+02;1.7182457e-01;2.4750000e+02;2.0818162e-01;2.4750000e+02;2.0629871e-01;2.4750000e+02;1.9850585e-01;2.4750000e+02;2.3092492e-01;2.4750000e+02;1.9438589e-01;2.4750000e+02;1.3943651e-01;2.4750000e+02;8.8043019e-02;2.4750000e+02;3.6782160e-02;2.4750000e+02;-8.4682405e-03;2.4750000e+02;-5.3433195e-02;2.4750000e+02;-9.3612365e-02;2.4750000e+02;-1.3935661e-01;2.4750000e+02;-6.0639203e-02;2.4750000e+02;-5.3497389e-02;2.4750000e+02;-2.5220111e-02;2.4750000e+02;2.5768705e-02;2.4750000e+02;9.3097240e-02;2.4750000e+02;1.7182457e-01;2.4750000e+02;2.0818162e-01;2.4750000e+02;2.0629871e-01;2.4750000e+02;1.9850585e-01;2.4750000e+02;2.3092492e-01;2.4750000e+02;1.9438589e-01;2.4750000e+02;1.3943651e-01;2.4750000e+02;8.8043019e-02;2.4750000e+02;3.6782160e-02;2.4750000e+02;-8.4682405e-03;2.4750000e+02;-5.3433195e-02;2.4750000e+02;-9.3612365e-02;2.4750000e+02;-1.3935661e-01;2.4750000e+02;-6.0639203e-02;2.4750000e+02;-5.3497389e-02;2.4750000e+02;-2.5220111e-02;2.4750000e+02;2.5768705e-02;2.4750000e+02;9.3097240e-02;2.4750000e+02;1.7182457e-01;2.4750000e+02;2.0818162e-01;2.4750000e+02;2.0629871e-01;2.4750000e+02;1.9850585e-01;2.4750000e+02;2.3092492e-01;2.4750000e+02;1.9438589e-01;2.4750000e+02;1.3943651e-01;2.4750000e+02;8.8043019e-02;2.4750000e+02;3.6782160e-02;2.4750000e+02;-8.4682405e-03;2.4750000e+02;-5.3433195e-02;2.4750000e+02;-9.3612365e-02;2.4750000e+02;-1.3935661e-01;2.4750000e+02;-6.0639203e-02;2.4750000e+02;-5.3497389e-02;2.4750000e+02;-2.5220111e-02;2.4750000e+02;2.5768705e-02;2.4750000e+02;9.3097240e-02;2.4750000e+02;1.7182457e-01;2.4750000e+02;2.0818162e-01;2.4750000e+02;2.0629871e-01;2.4750000e+02;1.9850585e-01;2.4750000e+02;2.3092492e-01;2.4750000e+02;1.9438589e-01;2.4750000e+02;1.3943651e-01;2.4750000e+02;8.8043019e-02;2.4750000e+02;3.6782160e-02;2.4750000e+02;-8.4682405e-03;2.4750000e+02;-5.3433195e-02;2.4750000e+02;-9.3612365e-02;2.4750000e+02;-1.3935661e-01;2.4750000e+02;-6.0639203e-02;2.4750000e+02;-5.3497389e-02;2.4750000e+02;-2.5220111e-02;2.4750000e+02;2.5768705e-02;2.4750000e+02;9.3097240e-02;2.4750000e+02;1.7182457e-01;2.4750000e+02;2.0818162e-01;2.4750000e+02;2.0629871e-01;2.4750000e+02;1.9850585e-01;2.4750000e+02;2.3092492e-01;2.4750000e+02;1.9438589e-01;2.4750000e+02;1.3943651e-01;2.4750000e+02;8.8043019e-02;2.4750000e+02;3.6782160e-02;2.4750000e+02;-8.4682405e-03;2.4750000e+02;-5.3433195e-02;2.4750000e+02;-9.3612365e-02;2.4750000e+02;-1.3935661e-01;2.4750000e+02;-6.0639203e-02;2.4750000e+02;-5.3497389e-02;2.4750000e+02;-2.5220111e-02;2.4750000e+02;2.5768705e-02;2.4750000e+02;9.3097240e-02;2.4750000e+02;1.7182457e-01;2.4750000e+02;2.0818162e-01;2.4750000e+02;2.0629871e-01;2.4750000e+02;1.9850585e-01;2.4750000e+02;2.3092492e-01;2.4750000e+02;1.9438589e-01;2.4750000e+02;1.3943651e-01;2.4750000e+02;8.8043019e-02;2.4750000e+02;3.6782160e-02;2.4750000e+02;-8.4682405e-03;2.4750000e+02;-5.3433195e-02;2.4750000e+02;-9.3612365e-02;2.4750000e+02;-1.3935661e-01;2.4750000e+02;-6.0639203e-02;2.4750000e+02;-5.3497389e-02;2.4750000e+02;-2.5220111e-02;2.4750000e+02;2.5768705e-02;2.4750000e+02;9.3097240e-02;2.4750000e+02;1.7182457e-01;2.4750000e+02;2.0818162e-01;2.4750000e+02;2.0629871e-01;2.4750000e+02;1.9850585e-01;2.4750000e+02;2.3092492e-01;2.4750000e+02;1.9438589e-01;2.4750000e+02;1.3943651e-01;2.4750000e+02;8.8043019e-02;2.4750000e+02;3.6782160e-02;2.4750000e+02;-8.4682405e-03;2.4750000e+02;-5.3433195e-02;2.4750000e+02;-9.3612365e-02;2.4750000e+02;-1.3935661e-01;2.4750000e+02;-6.0639203e-02;2.4750000e+02;-5.3497389e-02;2.4750000e+02;-2.5220111e-02;2.4750000e+02;2.5768705e-02;2.4750000e+02;9.3097240e-02;2.4750000e+02;1.7182457e-01;2.4750000e+02;2.0818162e-01;2.4750000e+02;2.0629871e-01;2.4750000e+02;1.9850585e-01;2.4750000e+02;2.3092492e-01;2.4750000e+02;1.9438589e-01;2.4750000e+02;1.3943651e-01;2.4750000e+02;8.8043019e-02;2.4750000e+02;3.6782160e-02;2.4750000e+02;-8.4682405e-03;2.4750000e+02;-5.3433195e-02;2.4750000e+02;-9.3612365e-02;2.4750000e+02;-1.3935661e-01;2.4750000e+02;-6.0639203e-02;2.4750000e+02;-5.3497389e-02;2.4750000e+02;-2.5220111e-02;2.4750000e+02;2.5768705e-02;2.4750000e+02;9.3097240e-02;2.4750000e+02;1.7182457e-01;2.4750000e+02;2.0818162e-01;2.4750000e+02;2.0629871e-01;2.4750000e+02;1.9850585e-01;2.4750000e+02;2.3092492e-01;2.4750000e+02;1.9438589e-01;2.4750000e+02;1.3943651e-01;2.4750000e+02;8.8043019e-02;2.4750000e+02;3.6782160e-02;2.4750000e+02;-8.4682405e-03;2.4750000e+02;-5.3433195e-02;2.4750000e+02;-9.3612365e-02;2.4750000e+02;-1.3935661e-01;2.4750000e+02;-6.0639203e-02;2.4750000e+02;-5.3497389e-02;2.4750000e+02;-2.5220111e-02;2.4750000e+02;2.5768705e-02;2.4750000e+02;9.3097240e-02;2.4750000e+02;1.7182457e-01;2.4750000e+02;2.0818162e-01;2.4750000e+02;2.0629871e-01;2.4750000e+02;1.9850585e-01;2.4750000e+02;2.3092492e-01;2.4750000e+02;1.9438589e-01;2.4750000e+02;1.3943651e-01;2.4750000e+02;8.8043019e-02;2.4750000e+02;3.6782160e-02;2.4750000e+02;-8.4682405e-03;2.4750000e+02;-5.3433195e-02;2.4750000e+02;-9.3612365e-02;2.4750000e+02;-1.3935661e-01;2.4750000e+02;-6.0639203e-02;2.4750000e+02;-5.3497389e-02;2.4750000e+02;-2.5220111e-02;2.4750000e+02;2.5768705e-02;2.4750000e+02;9.3097240e-02;2.4750000e+02;1.7182457e-01;2.4750000e+02;2.0818162e-01;2.4750000e+02;2.0629871e-01;2.4750000e+02;1.9850585e-01;2.4750000e+02;2.3092492e-01;2.4750000e+02;1.9438589e-01;2.4750000e+02;1.3943651e-01;2.4750000e+02;8.8043019e-02;2.4750000e+02;3.6782160e-02;2.4750000e+02;-8.4682405e-03;2.4750000e+02;-5.3433195e-02;2.4750000e+02;-9.3612365e-02;2.4750000e+02;-1.3935661e-01;2.4750000e+02;-6.0639203e-02;2.4750000e+02;-5.3497389e-02;2.4750000e+02;-2.5220111e-02;2.4750000e+02;2.5768705e-02;2.4750000e+02;9.3097240e-02;2.4750000e+02;1.7182457e-01;2.4750000e+02;2.0818162e-01;2.4750000e+02;2.0629871e-01;2.4750000e+02;1.9850585e-01;2.4750000e+02;2.3092492e-01;2.4750000e+02;1.9438589e-01;2.4750000e+02;1.3943651e-01;2.4750000e+02;8.8043019e-02;2.4750000e+02;3.6782160e-02;2.4750000e+02;-8.4682405e-03;2.4750000e+02;-5.3433195e-02;2.4750000e+02;-9.3612365e-02;2.4750000e+02;-1.3935661e-01;2.4750000e+02;-6.0639203e-02;2.4750000e+02;-5.3497389e-02;2.4750000e+02;-2.5220111e-02;2.4750000e+02;2.5768705e-02;2.4750000e+02;9.3097240e-02;2.4750000e+02;1.7182457e-01;2.4750000e+02;2.0818162e-01;2.4750000e+02;2.0629871e-01;2.4750000e+02;1.9850585e-01;2.4750000e+02;2.3092492e-01;2.4750000e+02;1.9438589e-01;2.4750000e+02;1.3943651e-01;2.4750000e+02;8.8043019e-02;2.4750000e+02;3.6782160e-02;2.4750000e+02;-8.4682405e-03;2.4750000e+02;-5.3433195e-02;2.4750000e+02;-9.3612365e-02;2.4750000e+02;-1.3935661e-01;2.4750000e+02;-6.0639203e-02;2.4750000e+02;-5.3497389e-02;2.4750000e+02;-2.5220111e-02;2.4750000e+02;2.5768705e-02;2.4750000e+02;9.3097240e-02;2.4750000e+02;1.7182457e-01;2.4750000e+02;2.0818162e-01;2.4750000e+02;2.0629871e-01;2.4750000e+02;1.9850585e-01;2.4750000e+02;2.3092492e-01;2.4750000e+02;1.9438589e-01;2.4750000e+02;1.3943651e-01;2.4750000e+02;8.8043019e-02;2.4750000e+02;3.6782160e-02;2.4750000e+02;-8.4682405e-03;2.4750000e+02;-5.3433195e-02;2.4750000e+02;-9.3612365e-02;2.4750000e+02;-1.3935661e-01;2.4750000e+02;-6.0639203e-02;2.4750000e+02;-5.3497389e-02;2.4750000e+02;-2.5220111e-02;2.4750000e+02;2.5768705e-02;2.4750000e+02;9.3097240e-02;2.4750000e+02;1.7182457e-01;2.4750000e+02;2.0818162e-01;2.4750000e+02;2.0629871e-01;2.4750000e+02;1.9850585e-01;2.4750000e+02;2.3092492e-01;2.4750000e+02;1.9438589e-01;2.4750000e+02;1.3943651e-01;2.4750000e+02;8.8043019e-02;2.4750000e+02;3.6782160e-02;2.4750000e+02;-8.4682405e-03;2.4750000e+02;-5.3433195e-02;2.4750000e+02;-9.3612365e-02;2.4750000e+02;-1.3935661e-01;2.4750000e+02;-6.0639203e-02;2.4750000e+02;-5.3497389e-02;2.4750000e+02;-2.5220111e-02;2.4750000e+02;2.5768705e-02;2.4750000e+02;9.3097240e-02;2.4750000e+02;1.7182457e-01;2.4750000e+02;2.0818162e-01;2.4750000e+02;2.0629871e-01;2.4750000e+02;1.9850585e-01;2.4750000e+02;2.3092492e-01;2.4750000e+02;1.9438589e-01;2.4750000e+02;1.3943651e-01;2.4750000e+02;8.8043019e-02;2.4750000e+02;3.6782160e-02;2.4750000e+02;-8.4682405e-03;2.4750000e+02;-5.3433195e-02;2.4750000e+02;-9.3612365e-02;2.4750000e+02;-1.3935661e-01;2.4750000e+02;-6.0639203e-02;2.4750000e+02;-5.3497389e-02;2.4750000e+02;-2.5220111e-02;2.4750000e+02;2.5768705e-02;2.4750000e+02;9.3097240e-02;2.4750000e+02;1.7182457e-01;2.4750000e+02;2.0818162e-01;2.4750000e+02;2.0629871e-01;2.4750000e+02;1.9850585e-01;2.4750000e+02;2.3092492e-01;2.4750000e+02;1.9438589e-01;2.4750000e+02;1.3943651e-01;2.4750000e+02;8.8043019e-02;2.4750000e+02;3.6782160e-02;2.4750000e+02;-8.4682405e-03;2.4750000e+02;-5.3433195e-02;2.4750000e+02;-9.3612365e-02;2.4750000e+02;-1.3935661e-01;2.4750000e+02;-6.0639203e-02;2.4750000e+02;-5.3497389e-02;2.4750000e+02;-2.5220111e-02;2.4750000e+02;2.5768705e-02;2.4750000e+02;9.3097240e-02;2.4750000e+02;1.7182457e-01;2.4750000e+02;2.0818162e-01;2.4750000e+02;2.0629871e-01;2.4750000e+02;1.9850585e-01;2.4750000e+02;2.3092492e-01;2.4750000e+02;1.9438589e-01;2.4750000e+02;1.3943651e-01;2.4750000e+02;8.8043019e-02;2.4750000e+02;3.6782160e-02;2.4750000e+02;-8.4682405e-03;2.4750000e+02;-5.3433195e-02;2.4750000e+02;-9.3612365e-02;2.4750000e+02;-1.3935661e-01;2.4750000e+02;-6.0639203e-02;2.4750000e+02;-5.3497389e-02;2.4750000e+02;-2.5220111e-02;2.4750000e+02;2.5768705e-02;2.4750000e+02;9.3097240e-02;2.4750000e+02;1.7182457e-01;2.4750000e+02;2.0818162e-01;2.4750000e+02;2.0629871e-01;2.4750000e+02;1.9850585e-01;2.4750000e+02;2.3092492e-01;2.4750000e+02;1.9438589e-01;2.4750000e+02;1.3943651e-01;2.4750000e+02;8.8043019e-02;2.4750000e+02;3.6782160e-02;2.4750000e+02;-8.4682405e-03;2.4750000e+02;-5.3433195e-02;2.4750000e+02;-9.3612365e-02;2.4750000e+02;-1.3935661e-01;2.4750000e+02;-6.0639203e-02;2.4750000e+02;-5.3497389e-02;2.4750000e+02;-2.5220111e-02;2.4750000e+02;2.5768705e-02;2.4750000e+02;9.3097240e-02;2.4750000e+02;1.7182457e-01;2.4750000e+02;2.0818162e-01;2.4750000e+02;2.0629871e-01;2.4750000e+02;1.9850585e-01;2.4750000e+02;2.3092492e-01;2.4750000e+02;1.9438589e-01;2.4750000e+02;1.3943651e-01;2.4750000e+02;8.8043019e-02;2.4750000e+02;3.6782160e-02;2.4750000e+02;-8.4682405e-03;2.4750000e+02;-5.3433195e-02;2.4750000e+02;-9.3612365e-02;2.4750000e+02;-1.3935661e-01;2.4750000e+02;-6.0639203e-02;2.4750000e+02;-5.3497389e-02;2.4750000e+02;-2.5220111e-02;2.4750000e+02;2.5768705e-02;2.4750000e+02;9.3097240e-02;2.4750000e+02;1.7182457e-01;2.4750000e+02;2.0818162e-01;2.4750000e+02;2.0629871e-01;2.4750000e+02;1.9850585e-01;2.4750000e+02;2.3092492e-01;2.4750000e+02;1.9438589e-01;2.4750000e+02;1.3943651e-01;2.4750000e+02;8.8043019e-02;2.4750000e+02;3.6782160e-02;2.4750000e+02;-8.4682405e-03;2.4750000e+02;-5.3433195e-02;2.4750000e+02;-9.3612365e-02;2.4750000e+02;-1.3935661e-01;2.4750000e+02;-6.0639203e-02;2.4750000e+02;-5.3497389e-02;2.4750000e+02;-2.5220111e-02;2.4750000e+02;2.5768705e-02;2.4750000e+02;9.3097240e-02;2.4750000e+02;1.7182457e-01;2.4750000e+02;2.0818162e-01;2.4750000e+02;2.0629871e-01;2.4750000e+02;1.9850585e-01;2.4750000e+02;2.3092492e-01;2.4750000e+02;1.9438589e-01;2.4750000e+02;1.3943651e-01;2.4750000e+02;8.8043019e-02;2.4750000e+02;3.6782160e-02;2.4750000e+02;-8.4682405e-03;2.4750000e+02;-5.3433195e-02;2.4750000e+02;-9.3612365e-02;2.4750000e+02;-1.3935661e-01;2.4750000e+02;-6.0639203e-02;2.4750000e+02;-5.3497389e-02;2.4750000e+02;-2.5220111e-02;2.4750000e+02;2.5768705e-02;2.4750000e+02;9.3097240e-02;2.4750000e+02;1.7182457e-01;2.4750000e+02;2.0818162e-01;2.4750000e+02;2.0629871e-01;2.4750000e+02;1.9850585e-01;2.4750000e+02;2.3092492e-01;2.4750000e+02;1.9438589e-01;2.4750000e+02;1.3943651e-01;2.4750000e+02;8.8043019e-02;2.4750000e+02;3.6782160e-02;2.4750000e+02;-8.4682405e-03;2.4750000e+02;-5.3433195e-02;2.4750000e+02;-9.3612365e-02;2.4750000e+02;-1.3935661e-01;2.4750000e+02;-6.0639203e-02;2.4750000e+02;-5.3497389e-02;2.4750000e+02;-2.5220111e-02;2.4750000e+02;2.5768705e-02;2.4750000e+02;9.3097240e-02;2.4750000e+02;1.7182457e-01;2.4750000e+02;2.0818162e-01;2.4750000e+02;2.0629871e-01;2.4750000e+02;1.9850585e-01;2.4750000e+02;2.3092492e-01;2.4750000e+02;1.9438589e-01;2.4750000e+02;1.3943651e-01;2.4750000e+02;8.8043019e-02;2.4750000e+02;3.6782160e-02;2.4750000e+02;-8.4682405e-03;2.4750000e+02;-5.3433195e-02;2.4750000e+02;-9.3612365e-02;2.4750000e+02;-1.3935661e-01;2.4750000e+02;-6.0639203e-02;2.4750000e+02;-5.3497389e-02;2.4750000e+02;-2.5220111e-02;2.4750000e+02;2.5768705e-02;2.4750000e+02;9.3097240e-02;2.4750000e+02;1.7182457e-01;2.4750000e+02;2.0818162e-01;2.4750000e+02;2.0629871e-01;2.4750000e+02;1.9850585e-01;2.4750000e+02;2.3092492e-01;2.4750000e+02;1.9438589e-01;2.4750000e+02;1.3943651e-01;2.4750000e+02;8.8043019e-02;2.4750000e+02;3.6782160e-02;2.4750000e+02;-8.4682405e-03;2.4750000e+02;-5.3433195e-02;2.4750000e+02;-9.3612365e-02;2.4750000e+02;-1.3935661e-01;2.4750000e+02;-6.0639203e-02;2.4750000e+02;-5.3497389e-02;2.4750000e+02;-2.5220111e-02;2.4750000e+02;2.5768705e-02;2.4750000e+02;9.3097240e-02;2.4750000e+02;1.7182457e-01;2.4750000e+02;2.0818162e-01;2.4750000e+02;2.0629871e-01;2.4750000e+02;1.9850585e-01;2.4750000e+02;2.3092492e-01;2.4750000e+02;1.9438589e-01;2.4750000e+02;1.3943651e-01;2.4750000e+02;8.8043019e-02;2.4750000e+02;3.6782160e-02;2.4750000e+02;-8.4682405e-03;2.4750000e+02;-5.3433195e-02;2.4750000e+02;-9.3612365e-02;2.4750000e+02;-1.3935661e-01;2.4750000e+02;-6.0639203e-02;2.4750000e+02;-5.3497389e-02;2.4750000e+02;-2.5220111e-02;2.4750000e+02;2.5768705e-02;2.4750000e+02;9.3097240e-02;2.4750000e+02;1.7182457e-01;2.4750000e+02;2.0818162e-01;2.4750000e+02;2.0629871e-01;2.4750000e+02;1.9850585e-01;2.4750000e+02;2.3092492e-01;2.4750000e+02;1.9438589e-01;2.4750000e+02;1.3943651e-01;2.4750000e+02;8.8043019e-02;2.4750000e+02;3.6782160e-02;2.4750000e+02;-8.4682405e-03;2.4750000e+02;-5.3433195e-02;2.4750000e+02;-9.3612365e-02;2.4750000e+02;-1.3935661e-01;2.4750000e+02;-6.0639203e-02;2.4750000e+02;-5.3497389e-02;2.4750000e+02;-2.5220111e-02;2.4750000e+02;2.5768705e-02;2.4750000e+02;9.3097240e-02;2.4750000e+02;1.7182457e-01;2.4750000e+02;2.0818162e-01;2.4750000e+02;2.0629871e-01;2.4750000e+02;1.9850585e-01;2.4750000e+02;2.3092492e-01;2.4750000e+02;1.9438589e-01;2.4750000e+02;1.3943651e-01;2.4750000e+02;8.8043019e-02;2.4750000e+02;3.6782160e-02;2.4750000e+02;-8.4682405e-03;2.4750000e+02;-5.3433195e-02;2.4750000e+02;-9.3612365e-02;2.4750000e+02;-1.3935661e-01;2.4750000e+02;-6.0639203e-02;2.4750000e+02;-5.3497389e-02;2.4750000e+02;-2.5220111e-02;2.4750000e+02;2.5768705e-02;2.4750000e+02;9.3097240e-02;2.4750000e+02;1.7182457e-01;2.4750000e+02;2.0818162e-01;2.4750000e+02;2.0629871e-01;2.4750000e+02;1.9850585e-01;2.4750000e+02;2.3092492e-01;2.4750000e+02;1.9438589e-01;2.4750000e+02;1.3943651e-01;2.4750000e+02;8.8043019e-02;2.4750000e+02;3.6782160e-02;2.4750000e+02;-8.4682405e-03;2.4750000e+02;-5.3433195e-02;2.4750000e+02;-9.3612365e-02;2.4750000e+02;-1.3935661e-01;2.4750000e+02;-6.0639203e-02;2.4750000e+02;-5.3497389e-02;2.4750000e+02;-2.5220111e-02;2.4750000e+02;2.5768705e-02;2.4750000e+02;9.3097240e-02;2.4750000e+02;1.7182457e-01;2.4750000e+02;2.0818162e-01;2.4750000e+02;2.0629871e-01;2.4750000e+02;1.9850585e-01;2.4750000e+02;2.3092492e-01;2.4750000e+02;1.9438589e-01;2.4750000e+02;1.3943651e-01;2.4750000e+02;8.8043019e-02;2.4750000e+02;3.6782160e-02;2.4750000e+02;-8.4682405e-03;2.4750000e+02;-5.3433195e-02;2.4750000e+02;-9.3612365e-02;2.4750000e+02;-1.3935661e-01;2.4750000e+02;-6.0639203e-02;2.4750000e+02;-5.3497389e-02;2.4750000e+02;-2.5220111e-02;2.4750000e+02;2.5768705e-02;2.4750000e+02;9.3097240e-02;2.4750000e+02;1.7182457e-01;2.4750000e+02;2.0818162e-01;2.4750000e+02;2.0629871e-01;2.4750000e+02;1.9850585e-01;2.4750000e+02;2.3092492e-01;2.4750000e+02;1.9438589e-01;2.4750000e+02;1.3943651e-01;2.4750000e+02;8.8043019e-02;2.4750000e+02;3.6782160e-02;2.4750000e+02;-8.4682405e-03;2.4750000e+02;-5.3433195e-02;2.4750000e+02;-9.3612365e-02;2.4750000e+02;-1.3935661e-01;2.4750000e+02;-6.0639203e-02;2.4750000e+02;-5.3497389e-02;2.4750000e+02;-2.5220111e-02;2.4750000e+02;2.5768705e-02;2.4750000e+02;9.3097240e-02;2.4750000e+02;1.7182457e-01;2.4750000e+02;2.0818162e-01;2.4750000e+02;2.0629871e-01;2.4750000e+02;1.9850585e-01;2.4750000e+02;2.3092492e-01;2.4750000e+02;1.9438589e-01;2.4750000e+02;1.3943651e-01;2.4750000e+02;8.8043019e-02;2.4750000e+02;3.6782160e-02;2.4750000e+02;-8.4682405e-03;2.4750000e+02;-5.3433195e-02;2.4750000e+02;-9.3612365e-02;2.4750000e+02;-1.3935661e-01;2.4750000e+02;-6.0639203e-02;2.4750000e+02;-5.3497389e-02;2.4750000e+02;-2.5220111e-02;2.4750000e+02;2.5768705e-02;2.4750000e+02;9.3097240e-02;2.4750000e+02;1.7182457e-01;2.4750000e+02;2.0818162e-01;2.4750000e+02;2.0629871e-01;2.4750000e+02;1.9850585e-01;2.4750000e+02;2.3092492e-01;2.4750000e+02;1.9438589e-01;2.4750000e+02;1.3943651e-01;2.4750000e+02;8.8043019e-02;2.4750000e+02;3.6782160e-02;2.4750000e+02;-8.4682405e-03;2.4750000e+02;-5.3433195e-02;2.4750000e+02;-9.3612365e-02;2.4750000e+02;-1.3935661e-01;2.4750000e+02;-6.0639203e-02;2.4750000e+02;-5.3497389e-02;2.4750000e+02;-2.5220111e-02;2.4750000e+02;2.5768705e-02;2.4750000e+02;9.3097240e-02;2.4750000e+02;1.7182457e-01;2.4750000e+02;2.0818162e-01;2.4750000e+02;2.0629871e-01;2.4750000e+02;1.9850585e-01;2.4750000e+02;2.3092492e-01;2.4750000e+02;1.9438589e-01;2.4750000e+02;1.3943651e-01;2.4750000e+02;8.8043019e-02;2.4750000e+02;3.6782160e-02;2.4750000e+02;-8.4682405e-03;2.4750000e+02;-5.3433195e-02;2.4750000e+02;-9.3612365e-02;2.4750000e+02;-1.3935661e-01;2.4750000e+02;-6.0639203e-02;2.4750000e+02;-5.3497389e-02;2.4750000e+02;-2.5220111e-02;2.4750000e+02;2.5768705e-02;2.4750000e+02;9.3097240e-02;2.4750000e+02;1.7182457e-01;2.4750000e+02;2.0818162e-01;2.4750000e+02;2.0629871e-01;2.4750000e+02;1.9850585e-01;2.4750000e+02;2.3092492e-01;2.4750000e+02;1.9438589e-01;2.4750000e+02;1.3943651e-01;2.4750000e+02;8.8043019e-02;2.4750000e+02;3.6782160e-02;2.4750000e+02;-8.4682405e-03;2.4750000e+02;-5.3433195e-02;2.4750000e+02;-9.3612365e-02;2.4750000e+02;-1.3935661e-01;2.4750000e+02;-6.0639203e-02;2.4750000e+02;-5.3497389e-02;2.4750000e+02;-2.5220111e-02;2.4750000e+02;2.5768705e-02;2.4750000e+02;9.3097240e-02;2.4750000e+02;1.7182457e-01;2.4750000e+02;2.0818162e-01;2.4750000e+02;2.0629871e-01;2.4750000e+02;1.9850585e-01;2.4750000e+02;2.3092492e-01;2.4750000e+02;1.9438589e-01;2.4750000e+02;1.3943651e-01;2.4750000e+02;8.8043019e-02;2.4750000e+02;3.6782160e-02;2.4750000e+02;-8.4682405e-03;2.4750000e+02;-5.3433195e-02;2.4750000e+02;-9.3612365e-02;2.4750000e+02;-1.3935661e-01;2.4750000e+02;-6.0639203e-02;2.4750000e+02;-5.3497389e-02;2.4750000e+02;-2.5220111e-02;2.4750000e+02;2.5768705e-02;2.4750000e+02;9.3097240e-02;2.4750000e+02;1.7182457e-01;2.4750000e+02;2.0818162e-01;2.4750000e+02;2.0629871e-01;2.4750000e+02;1.9850585e-01;2.4750000e+02;2.3092492e-01;2.4750000e+02;1.9438589e-01;2.4750000e+02;1.3943651e-01;2.4750000e+02;8.8043019e-02;2.4750000e+02;3.6782160e-02;2.4750000e+02;-8.4682405e-03;2.4750000e+02;-5.3433195e-02;2.4750000e+02;-9.3612365e-02;2.4750000e+02;-1.3935661e-01;2.4750000e+02;-6.0639203e-02;2.4750000e+02;-5.3497389e-02;2.4750000e+02;-2.5220111e-02;2.4750000e+02;2.5768705e-02;2.4750000e+02;9.3097240e-02;2.4750000e+02;1.7182457e-01;2.4750000e+02;2.0818162e-01;2.4750000e+02;2.0629871e-01;2.4750000e+02;1.9850585e-01;2.4750000e+02;2.3092492e-01;2.4750000e+02;1.9438589e-01;2.4750000e+02;1.3943651e-01;2.4750000e+02;8.8043019e-02;2.4750000e+02;3.6782160e-02;2.4750000e+02;-8.4682405e-03;2.4750000e+02;-5.3433195e-02;2.4750000e+02;-9.3612365e-02;2.4750000e+02;-1.3935661e-01;2.4750000e+02;-6.0639203e-02;2.4750000e+02;-5.3497389e-02;2.4750000e+02;-2.5220111e-02;2.4750000e+02;2.5768705e-02;2.4750000e+02;9.3097240e-02;2.4750000e+02;1.7182457e-01;2.4750000e+02;2.0818162e-01;2.4750000e+02;2.0629871e-01;2.4750000e+02;1.9850585e-01;2.4750000e+02;2.3092492e-01;2.4750000e+02;1.9438589e-01;2.4750000e+02;1.3943651e-01;2.4750000e+02;8.8043019e-02;2.4750000e+02;3.6782160e-02;2.4750000e+02;-8.4682405e-03;2.4750000e+02;-5.3433195e-02;2.4750000e+02;-9.3612365e-02;2.4750000e+02;-1.3935661e-01;2.4750000e+02;-6.0639203e-02;2.4750000e+02;-5.3497389e-02;2.4750000e+02;-2.5220111e-02;2.4750000e+02;2.5768705e-02;2.4750000e+02;9.3097240e-02;2.4750000e+02;1.7182457e-01;2.4750000e+02;2.0818162e-01;2.4750000e+02;2.0629871e-01;2.4750000e+02;1.9850585e-01;2.4750000e+02;2.3092492e-01;2.4750000e+02;1.9438589e-01;2.4750000e+02;1.3943651e-01;2.4750000e+02;8.8043019e-02;2.4750000e+02;3.6782160e-02;2.4750000e+02;-8.4682405e-03;2.4750000e+02;-5.3433195e-02;2.4750000e+02;-9.3612365e-02;2.4750000e+02;-1.3935661e-01;2.4750000e+02;-6.0639203e-02;2.4750000e+02;-5.3497389e-02;2.4750000e+02;-2.5220111e-02;2.4750000e+02;2.5768705e-02;2.4750000e+02;9.3097240e-02;2.4750000e+02;1.7182457e-01;2.4750000e+02;2.0818162e-01;2.4750000e+02;2.0629871e-01;2.4750000e+02;1.9850585e-01;2.4750000e+02;2.3092492e-01;2.4750000e+02;1.9438589e-01;2.4750000e+02;1.3943651e-01;2.4750000e+02;8.8043019e-02;2.4750000e+02;3.6782160e-02;2.4750000e+02;-8.4682405e-03;2.4750000e+02;-5.3433195e-02;2.4750000e+02;-9.3612365e-02;2.4750000e+02;-1.3935661e-01;2.4750000e+02;-6.0639203e-02;2.4750000e+02;-5.3497389e-02;2.4750000e+02;-2.5220111e-02;2.4750000e+02;2.5768705e-02;2.4750000e+02;9.3097240e-02;2.4750000e+02;1.7182457e-01;2.4750000e+02;2.0818162e-01;2.4750000e+02;2.0629871e-01;2.4750000e+02;1.9850585e-01;2.4750000e+02;2.3092492e-01;2.4750000e+02;1.9438589e-01;2.4750000e+02;1.3943651e-01;2.4750000e+02;8.8043019e-02;2.4750000e+02;3.6782160e-02;2.4750000e+02;-8.4682405e-03;2.4750000e+02;-5.3433195e-02;2.4750000e+02;-9.3612365e-02;2.4750000e+02;-1.3935661e-01;2.4750000e+02;-6.0639203e-02;2.4750000e+02;-5.3497389e-02;2.4750000e+02;-2.5220111e-02;2.4750000e+02;2.5768705e-02;2.4750000e+02;9.3097240e-02;2.4750000e+02;1.7182457e-01;2.4750000e+02;2.0818162e-01;2.4750000e+02;2.0629871e-01;2.4750000e+02;1.9850585e-01;2.4750000e+02;2.3092492e-01;2.4750000e+02;1.9438589e-01;2.4750000e+02;1.3943651e-01;2.4750000e+02;8.8043019e-02;2.4750000e+02;3.6782160e-02;2.4750000e+02;-8.4682405e-03;2.4750000e+02;-5.3433195e-02;2.4750000e+02;-9.3612365e-02;2.4750000e+02;-1.3935661e-01;2.4750000e+02;-6.0639203e-02;2.4750000e+02;-5.3497389e-02;2.4750000e+02;-2.5220111e-02;2.4750000e+02;2.5768705e-02;2.4750000e+02;9.3097240e-02;2.4750000e+02;1.7182457e-01;2.4750000e+02;2.0818162e-01;2.4750000e+02;2.0629871e-01;2.4750000e+02;1.9850585e-01;2.4750000e+02;2.3092492e-01;2.4750000e+02;1.9438589e-01;2.4750000e+02;1.3943651e-01;2.4750000e+02;8.8043019e-02;2.4750000e+02;3.6782160e-02;2.4750000e+02;-8.4682405e-03;2.4750000e+02;-5.3433195e-02;2.4750000e+02;-9.3612365e-02;2.4750000e+02;-1.3935661e-01;2.4750000e+02;-6.0639203e-02;2.4750000e+02;-5.3497389e-02;2.4750000e+02;-2.5220111e-02;2.4750000e+02;2.5768705e-02;2.4750000e+02;9.3097240e-02;2.4750000e+02;1.7182457e-01;2.4750000e+02;2.0818162e-01;2.4750000e+02;2.0629871e-01;2.4750000e+02;1.9850585e-01;2.4750000e+02;2.3092492e-01;2.4750000e+02;1.9438589e-01;2.4750000e+02;1.3943651e-01;2.4750000e+02;8.8043019e-02;2.4750000e+02;3.6782160e-02;2.4750000e+02;-8.4682405e-03;2.4750000e+02;-5.3433195e-02;2.4750000e+02;-9.3612365e-02;2.4750000e+02;-1.3935661e-01;2.4750000e+02;-6.0639203e-02;2.4750000e+02;-5.3497389e-02;2.4750000e+02;-2.5220111e-02;2.4750000e+02;2.5768705e-02;2.4750000e+02;9.3097240e-02;2.4750000e+02;1.7182457e-01;2.4750000e+02;2.0818162e-01;2.4750000e+02;2.0629871e-01;2.4750000e+02;1.9850585e-01;2.4750000e+02;2.3092492e-01;2.4750000e+02;1.9438589e-01;2.4750000e+02;1.3943651e-01;2.4750000e+02;8.8043019e-02;2.4750000e+02;3.6782160e-02;2.4750000e+02;-8.4682405e-03;2.4750000e+02;-5.3433195e-02;2.4750000e+02;-9.3612365e-02;2.4750000e+02;-1.3935661e-01;2.4750000e+02;-6.0639203e-02;2.4750000e+02;-5.3497389e-02;2.4750000e+02;-2.5220111e-02;2.4750000e+02;2.5768705e-02;2.4750000e+02;9.3097240e-02;2.4750000e+02;1.7182457e-01;2.4750000e+02;2.0818162e-01;2.4750000e+02;2.0629871e-01;2.4750000e+02;1.9850585e-01;2.4750000e+02;2.3092492e-01;2.4750000e+02;1.9438589e-01;2.4750000e+02;1.3943651e-01;2.4750000e+02;8.8043019e-02;2.4750000e+02;3.6782160e-02;2.4750000e+02;-8.4682405e-03;2.4750000e+02;-5.3433195e-02;2.4750000e+02;-9.3612365e-02;2.4750000e+02;-1.3935661e-01;2.4750000e+02;-6.0639203e-02;2.4750000e+02;-5.3497389e-02;2.4750000e+02;-2.5220111e-02;2.4750000e+02;2.5768705e-02;2.4750000e+02;9.3097240e-02;2.4750000e+02;1.7182457e-01;2.4750000e+02;2.0818162e-01;2.4750000e+02;2.0629871e-01;2.4750000e+02;1.9850585e-01;2.4750000e+02;2.3092492e-01;2.4750000e+02;1.9438589e-01;2.4750000e+02;1.3943651e-01;2.4750000e+02;8.8043019e-02;2.4750000e+02;3.6782160e-02;2.4750000e+02;-8.4682405e-03;2.4750000e+02;-5.3433195e-02;2.4750000e+02;-9.3612365e-02;2.4750000e+02;-1.3935661e-01;2.4750000e+02;-6.0639203e-02;2.4750000e+02;-5.3497389e-02;2.4750000e+02;-2.5220111e-02;2.4750000e+02;2.5768705e-02;2.4750000e+02;9.3097240e-02;2.4750000e+02;1.7182457e-01;2.4750000e+02;2.0818162e-01;2.4750000e+02;2.0629871e-01;2.4750000e+02;1.9850585e-01;2.4750000e+02;2.3092492e-01;2.4750000e+02;1.9438589e-01;2.4750000e+02;1.3943651e-01;2.4750000e+02;8.8043019e-02;2.4750000e+02;3.6782160e-02;2.4750000e+02;-8.4682405e-03;2.4750000e+02;-5.3433195e-02;2.4750000e+02;-9.3612365e-02;2.4750000e+02;-1.3935661e-01;2.4750000e+02;-6.0639203e-02;2.4750000e+02;-5.3497389e-02;2.4750000e+02;-2.5220111e-02;2.4750000e+02;2.5768705e-02;2.4750000e+02;9.3097240e-02;2.4750000e+02;1.7182457e-01;2.4750000e+02;2.0818162e-01;2.4750000e+02;2.0629871e-01;2.4750000e+02;1.9850585e-01;2.4750000e+02;2.3092492e-01;2.4750000e+02;1.9438589e-01;2.4750000e+02;1.3943651e-01;2.4750000e+02;8.8043019e-02;2.4750000e+02;3.6782160e-02;2.4750000e+02;-8.4682405e-03;2.4750000e+02;-5.3433195e-02;2.4750000e+02;-9.3612365e-02;2.4750000e+02;-1.3935661e-01;2.4750000e+02;-6.0639203e-02;2.4750000e+02;-5.3497389e-02;2.4750000e+02;-2.5220111e-02;2.4750000e+02;2.5768705e-02;2.4750000e+02;9.3097240e-02;2.4750000e+02;1.7182457e-01;2.4750000e+02;2.0818162e-01;2.4750000e+02;2.0629871e-01;2.4750000e+02;1.9850585e-01;2.4750000e+02;2.3092492e-01;2.4750000e+02;1.9438589e-01;2.4750000e+02;1.3943651e-01;2.4750000e+02;8.8043019e-02;2.4750000e+02;3.6782160e-02;2.4750000e+02;-8.4682405e-03;2.4750000e+02;-5.3433195e-02;2.4750000e+02;-9.3612365e-02;2.4750000e+02;-1.3935661e-01;2.4750000e+02;-6.0639203e-02;2.4750000e+02;-5.3497389e-02;2.4750000e+02;-2.5220111e-02;2.4750000e+02;2.5768705e-02;2.4750000e+02;9.3097240e-02;2.4750000e+02;1.7182457e-01;2.4750000e+02;2.0818162e-01;2.4750000e+02;2.0629871e-01;2.4750000e+02;1.9850585e-01;2.4750000e+02;2.3092492e-01;2.4750000e+02;1.9438589e-01;2.4750000e+02;1.3943651e-01;2.4750000e+02;8.8043019e-02;2.4750000e+02;3.6782160e-02;2.4750000e+02;-8.4682405e-03;2.4750000e+02;-5.3433195e-02;2.4750000e+02;-9.3612365e-02;2.4750000e+02;-1.3935661e-01;2.4750000e+02;-6.0639203e-02;2.4750000e+02;-5.3497389e-02;2.4750000e+02;-2.5220111e-02;2.4750000e+02;2.5768705e-02;2.4750000e+02;9.3097240e-02;2.4750000e+02;1.7182457e-01;2.4750000e+02;2.0818162e-01;2.4750000e+02;2.0629871e-01;2.4750000e+02;1.9850585e-01;2.4750000e+02;2.3092492e-01;2.4750000e+02;1.9438589e-01;2.4750000e+02;1.3943651e-01;2.4750000e+02;8.8043019e-02;2.4750000e+02;3.6782160e-02;2.4750000e+02;-8.4682405e-03;2.4750000e+02;-5.3433195e-02;2.4750000e+02;-9.3612365e-02;2.4750000e+02;-1.3935661e-01;2.4750000e+02;-6.0639203e-02;2.4750000e+02;-5.3497389e-02;2.4750000e+02;-2.5220111e-02;2.4750000e+02;2.5768705e-02;2.4750000e+02;9.3097240e-02;2.4750000e+02;1.7182457e-01;2.4750000e+02;2.0818162e-01;2.4750000e+02;2.0629871e-01;2.4750000e+02;1.9850585e-01;2.4750000e+02;2.3092492e-01;2.4750000e+02;1.9438589e-01;2.4750000e+02;1.3943651e-01;2.4750000e+02;8.8043019e-02;2.4750000e+02;3.6782160e-02;2.4750000e+02;-8.4682405e-03;2.4750000e+02;-5.3433195e-02;2.4750000e+02;-9.3612365e-02;2.4750000e+02;-1.3935661e-01;2.4750000e+02;-6.0639203e-02;2.4750000e+02;-5.3497389e-02;2.4750000e+02;-2.5220111e-02;2.4750000e+02;2.5768705e-02;2.4750000e+02;9.3097240e-02;2.4750000e+02;1.7182457e-01;2.4750000e+02;2.0818162e-01;2.4750000e+02;2.0629871e-01;2.4750000e+02;1.9850585e-01;2.4750000e+02;2.3092492e-01;2.4750000e+02;1.9438589e-01;2.4750000e+02;1.3943651e-01;2.4750000e+02;8.8043019e-02;2.4750000e+02;3.6782160e-02;2.4750000e+02;-8.4682405e-03;2.4750000e+02;-5.3433195e-02;2.4750000e+02;-9.3612365e-02;2.4750000e+02;-1.3935661e-01;2.4750000e+02;-6.0639203e-02;2.4750000e+02;-5.3497389e-02;2.4750000e+02;-2.5220111e-02;2.4750000e+02;2.5768705e-02;2.4750000e+02;9.3097240e-02;2.4750000e+02;1.7182457e-01;2.4750000e+02;2.0818162e-01;2.4750000e+02;2.0629871e-01;2.4750000e+02;1.9850585e-01;2.4750000e+02;2.3092492e-01;2.4750000e+02;1.9438589e-01;2.4750000e+02;1.3943651e-01;2.4750000e+02;8.8043019e-02;2.4750000e+02;3.6782160e-02;2.4750000e+02;-8.4682405e-03;2.4750000e+02;-5.3433195e-02;2.4750000e+02;-9.3612365e-02;2.4750000e+02;-1.3935661e-01;2.4750000e+02;-6.0639203e-02;2.4750000e+02;-5.3497389e-02;2.4750000e+02;-2.5220111e-02;2.4750000e+02;2.5768705e-02;2.4750000e+02;9.3097240e-02;2.4750000e+02;1.7182457e-01;2.4750000e+02;2.0818162e-01;2.4750000e+02;2.0629871e-01;2.4750000e+02;1.9850585e-01;2.4750000e+02;2.3092492e-01;2.4750000e+02;1.9438589e-01;2.4750000e+02;1.3943651e-01;2.4750000e+02;8.8043019e-02;2.4750000e+02;3.6782160e-02;2.4750000e+02;-8.4682405e-03;2.4750000e+02;-5.3433195e-02;2.4750000e+02;-9.3612365e-02;2.4750000e+02;-1.3935661e-01;2.4750000e+02;-6.0639203e-02;2.4750000e+02;-5.3497389e-02;2.4750000e+02;-2.5220111e-02;2.4750000e+02;2.5768705e-02;2.4750000e+02;9.3097240e-02;2.4750000e+02;1.7182457e-01;2.4750000e+02;2.0818162e-01;2.4750000e+02;2.0629871e-01;2.4750000e+02;1.9850585e-01;2.4750000e+02;2.3092492e-01;2.4750000e+02;1.9438589e-01;2.4750000e+02;1.3943651e-01;2.4750000e+02;8.8043019e-02;2.4750000e+02;3.6782160e-02;2.4750000e+02;-8.4682405e-03;2.4750000e+02;-5.3433195e-02;2.4750000e+02;-9.3612365e-02;2.4750000e+02;-1.3935661e-01;2.4750000e+02;-6.0639203e-02;2.4750000e+02;-5.3497389e-02;2.4750000e+02;-2.5220111e-02;2.4750000e+02;2.5768705e-02;2.4750000e+02;9.3097240e-02;2.4750000e+02;1.7182457e-01;2.4750000e+02;2.0818162e-01;2.4750000e+02;2.0629871e-01;2.4750000e+02;1.9850585e-01;2.4750000e+02;2.3092492e-01;2.4750000e+02;1.9438589e-01;2.4750000e+02;1.3943651e-01;2.4750000e+02;8.8043019e-02;2.4750000e+02;3.6782160e-02;2.4750000e+02;-8.4682405e-03;2.4750000e+02;-5.3433195e-02;2.4750000e+02;-9.3612365e-02;2.4750000e+02;-1.3935661e-01;2.4750000e+02;-6.0639203e-02;2.4750000e+02;-5.3497389e-02;2.4750000e+02;-2.5220111e-02;2.4750000e+02;2.5768705e-02;2.4750000e+02;9.3097240e-02;2.4750000e+02;1.7182457e-01;2.4750000e+02;2.0818162e-01;2.4750000e+02;2.0629871e-01;2.4750000e+02;1.9850585e-01;2.4750000e+02;2.3092492e-01;2.4750000e+02;1.9438589e-01;2.4750000e+02;1.3943651e-01;2.4750000e+02;8.8043019e-02;2.4750000e+02;3.6782160e-02;2.4750000e+02;-8.4682405e-03;2.4750000e+02;-5.3433195e-02;2.4750000e+02;-9.3612365e-02;2.4750000e+02;-1.3935661e-01;2.4750000e+02;-6.0639203e-02;2.4750000e+02;-5.3497389e-02;2.4750000e+02;-2.5220111e-02;2.4750000e+02;2.5768705e-02;2.4750000e+02;9.3097240e-02;2.4750000e+02;1.7182457e-01;2.4750000e+02;2.0818162e-01;2.4750000e+02;2.0629871e-01;2.4750000e+02;1.9850585e-01;2.4750000e+02;2.3092492e-01;2.4750000e+02;1.9438589e-01;2.4750000e+02;1.3943651e-01;2.4750000e+02;8.8043019e-02;2.4750000e+02;3.6782160e-02;2.4750000e+02;-8.4682405e-03;2.4750000e+02;-5.3433195e-02;2.4750000e+02;-9.3612365e-02;2.4750000e+02;-1.3935661e-01;2.4750000e+02;-6.0639203e-02;2.4750000e+02;-5.3497389e-02;2.4750000e+02;-2.5220111e-02;2.4750000e+02;2.5768705e-02;2.4750000e+02;9.3097240e-02;2.4750000e+02;1.7182457e-01;2.4750000e+02;2.0818162e-01;2.4750000e+02;2.0629871e-01;2.4750000e+02;1.9850585e-01;2.4750000e+02;2.3092492e-01;2.4750000e+02;1.9438589e-01;2.4750000e+02;1.3943651e-01;2.4750000e+02;8.8043019e-02;2.4750000e+02;3.6782160e-02;2.4750000e+02;-8.4682405e-03;2.4750000e+02;-5.3433195e-02;2.4750000e+02;-9.3612365e-02;2.4750000e+02;-1.3935661e-01;2.4750000e+02;-6.0639203e-02;2.4750000e+02;-5.3497389e-02;2.4750000e+02;-2.5220111e-02;2.4750000e+02;2.5768705e-02;2.4750000e+02;9.3097240e-02;2.4750000e+02;1.7182457e-01;2.4750000e+02;2.0818162e-01;2.4750000e+02;2.0629871e-01;2.4750000e+02;1.9850585e-01;2.4750000e+02;2.3092492e-01;2.4750000e+02;1.9438589e-01;2.4750000e+02;1.3943651e-01;2.4750000e+02;8.8043019e-02;2.4750000e+02;3.6782160e-02;2.4750000e+02;-8.4682405e-03;2.4750000e+02;-5.3433195e-02;2.4750000e+02;-9.3612365e-02;2.4750000e+02;-1.3935661e-01;2.4750000e+02;-6.0639203e-02;2.4750000e+02;-5.3497389e-02;2.4750000e+02;-2.5220111e-02;2.4750000e+02;2.5768705e-02;2.4750000e+02;9.3097240e-02;2.4750000e+02;1.7182457e-01;2.4750000e+02;2.0818162e-01;2.4750000e+02;2.0629871e-01;2.4750000e+02;1.9850585e-01;2.4750000e+02;2.3092492e-01;2.4750000e+02;1.9438589e-01;2.4750000e+02;1.3943651e-01;2.4750000e+02;8.8043019e-02;2.4750000e+02;3.6782160e-02;2.4750000e+02;-8.4682405e-03;2.4750000e+02;-5.3433195e-02;2.4750000e+02;-9.3612365e-02;2.4750000e+02;-1.3935661e-01;2.4750000e+02;-6.0639203e-02;2.4750000e+02;-5.3497389e-02;2.4750000e+02;-2.5220111e-02;2.4750000e+02;2.5768705e-02;2.4750000e+02;9.3097240e-02;2.4750000e+02;1.7182457e-01;2.4750000e+02;2.0818162e-01;2.4750000e+02;2.0629871e-01;2.4750000e+02;1.9850585e-01;2.4750000e+02;2.3092492e-01;2.4750000e+02;1.9438589e-01;2.4750000e+02;1.3943651e-01;2.4750000e+02;8.8043019e-02;2.4750000e+02;3.6782160e-02;2.4750000e+02;-8.4682405e-03;2.4750000e+02;-5.3433195e-02;2.4750000e+02;-9.3612365e-02;2.4750000e+02;-1.3935661e-01;2.4750000e+02;-6.0639203e-02;2.4750000e+02;-5.3497389e-02;2.4750000e+02;-2.5220111e-02;2.4750000e+02;2.5768705e-02;2.4750000e+02;9.3097240e-02;2.4750000e+02;1.7182457e-01;2.4750000e+02;2.0818162e-01;2.4750000e+02;2.0629871e-01;2.4750000e+02;1.9850585e-01;2.4750000e+02;2.3092492e-01;2.4750000e+02;1.9438589e-01;2.4750000e+02;1.3943651e-01;2.4750000e+02;8.8043019e-02;2.4750000e+02;3.6782160e-02;2.4750000e+02;-8.4682405e-03;2.4750000e+02;-5.3433195e-02;2.4750000e+02;-9.3612365e-02;2.4750000e+02;-1.3935661e-01;2.4750000e+02;-6.0639203e-02;2.4750000e+02;-5.3497389e-02;2.4750000e+02;-2.5220111e-02;2.4750000e+02;2.5768705e-02;2.4750000e+02;9.3097240e-02;2.4750000e+02;1.7182457e-01;2.4750000e+02;2.0818162e-01;2.4750000e+02;2.0629871e-01;2.4750000e+02;1.9850585e-01;2.4750000e+02;2.3092492e-01;2.4750000e+02;1.9438589e-01;2.4750000e+02;1.3943651e-01;2.4750000e+02;8.8043019e-02;2.4750000e+02;3.6782160e-02;2.4750000e+02;-8.4682405e-03;2.4750000e+02;-5.3433195e-02;2.4750000e+02;-9.3612365e-02;2.4750000e+02;-1.3935661e-01;2.4750000e+02;-6.0639203e-02;2.4750000e+02;-5.3497389e-02;2.4750000e+02;-2.5220111e-02;2.4750000e+02;2.5768705e-02;2.4750000e+02;9.3097240e-02;2.4750000e+02;1.7182457e-01;2.4750000e+02;2.0818162e-01;2.4750000e+02;2.0629871e-01;2.4750000e+02;1.9850585e-01;2.4750000e+02;2.3092492e-01;2.4750000e+02;1.9438589e-01;2.4750000e+02;1.3943651e-01;2.4750000e+02;8.8043019e-02;2.4750000e+02;3.6782160e-02;2.4750000e+02;-8.4682405e-03;2.4750000e+02;-5.3433195e-02;2.4750000e+02;-9.3612365e-02;2.4750000e+02;-1.3935661e-01;2.4750000e+02;-6.0639203e-02;2.4750000e+02;-5.3497389e-02;2.4750000e+02;-2.5220111e-02;2.4750000e+02;2.5768705e-02;2.4750000e+02;9.3097240e-02;2.4750000e+02;1.7182457e-01;2.4750000e+02;2.0818162e-01;2.4750000e+02;2.0629871e-01;2.4750000e+02;1.9850585e-01;2.4750000e+02;2.3092492e-01;2.4750000e+02;1.9438589e-01;2.4750000e+02;1.3943651e-01;2.4750000e+02;8.8043019e-02;2.4750000e+02;3.6782160e-02;2.4750000e+02;-8.4682405e-03;2.4750000e+02;-5.3433195e-02;2.4750000e+02;-9.3612365e-02;2.4750000e+02;-1.3935661e-01;2.4750000e+02;-6.0639203e-02;2.4750000e+02;-5.3497389e-02;2.4750000e+02;-2.5220111e-02;2.4750000e+02;2.5768705e-02;2.4750000e+02;9.3097240e-02;2.4750000e+02;1.7182457e-01;2.4750000e+02;2.0818162e-01;2.4750000e+02;2.0629871e-01;2.4750000e+02;1.9850585e-01;2.4750000e+02;2.3092492e-01;2.4750000e+02;1.9438589e-01;2.4750000e+02;1.3943651e-01;2.4750000e+02;8.8043019e-02;2.4750000e+02;3.6782160e-02;2.4750000e+02;-8.4682405e-03;2.4750000e+02;-5.3433195e-02;2.4750000e+02;-9.3612365e-02;2.4750000e+02;-1.3935661e-01;2.4750000e+02;-6.0639203e-02;2.4750000e+02;-5.3497389e-02;2.4750000e+02;-2.5220111e-02;2.4750000e+02;2.5768705e-02;2.4750000e+02;9.3097240e-02;2.4750000e+02;1.7182457e-01;2.4750000e+02;2.0818162e-01;2.4750000e+02;2.0629871e-01;2.4750000e+02;1.9850585e-01;2.4750000e+02;2.3092492e-01;2.4750000e+02;1.9438589e-01;2.4750000e+02;1.3943651e-01;2.4750000e+02;8.8043019e-02;2.4750000e+02;3.6782160e-02;2.4750000e+02;-8.4682405e-03;2.4750000e+02;-5.3433195e-02;2.4750000e+02;-9.3612365e-02;2.4750000e+02;-1.3935661e-01;2.4750000e+02;-6.0639203e-02;2.4750000e+02;-5.3497389e-02;2.4750000e+02;-2.5220111e-02;2.4750000e+02;2.5768705e-02;2.4750000e+02;9.3097240e-02;2.4750000e+02;1.7182457e-01;2.4750000e+02;2.0818162e-01;2.4750000e+02;2.0629871e-01;2.4750000e+02;1.9850585e-01;2.4750000e+02;2.3092492e-01;2.4750000e+02;1.9438589e-01;2.4750000e+02;1.3943651e-01;2.4750000e+02;8.8043019e-02;2.4750000e+02;3.6782160e-02;2.4750000e+02;-8.4682405e-03;2.4750000e+02;-5.3433195e-02;2.4750000e+02;-9.3612365e-02;2.4750000e+02;-1.3935661e-01;2.4750000e+02;-6.0639203e-02;2.4750000e+02;-5.3497389e-02;2.4750000e+02;-2.5220111e-02;2.4750000e+02;2.5768705e-02;2.4750000e+02;9.3097240e-02;2.4750000e+02;1.7182457e-01;2.4750000e+02;2.0818162e-01;2.4750000e+02;2.0629871e-01;2.4750000e+02;1.9850585e-01;2.4750000e+02;2.3092492e-01;2.4750000e+02;1.9438589e-01;2.4750000e+02;1.3943651e-01;2.4750000e+02;8.8043019e-02;2.4750000e+02;3.6782160e-02;2.4750000e+02;-8.4682405e-03;2.4750000e+02;-5.3433195e-02;2.4750000e+02;-9.3612365e-02;2.4750000e+02;-1.3935661e-01;2.4750000e+02;-6.0639203e-02;2.4750000e+02;-5.3497389e-02;2.4750000e+02;-2.5220111e-02;2.4750000e+02;2.5768705e-02;2.4750000e+02;9.3097240e-02;2.4750000e+02;1.7182457e-01;2.4750000e+02;2.0818162e-01;2.4750000e+02;2.0629871e-01;2.4750000e+02;1.9850585e-01;2.4750000e+02;2.3092492e-01;2.4750000e+02;1.9438589e-01;2.4750000e+02;1.3943651e-01;2.4750000e+02;8.8043019e-02;2.4750000e+02;3.6782160e-02;2.4750000e+02;-8.4682405e-03;2.4750000e+02;-5.3433195e-02;2.4750000e+02;-9.3612365e-02;2.4750000e+02;-1.3935661e-01;2.4750000e+02;-6.0639203e-02;2.4750000e+02;-5.3497389e-02;2.4750000e+02;-2.5220111e-02;2.4750000e+02;2.5768705e-02;2.4750000e+02;9.3097240e-02;2.4750000e+02;1.7182457e-01;2.4750000e+02;2.0818162e-01;2.4750000e+02;2.0629871e-01;2.4750000e+02;1.9850585e-01;2.4750000e+02;2.3092492e-01;2.4750000e+02;1.9438589e-01;2.4750000e+02;1.3943651e-01;2.4750000e+02;8.8043019e-02;2.4750000e+02;3.6782160e-02;2.4750000e+02;-8.4682405e-03;2.4750000e+02;-5.3433195e-02;2.4750000e+02;-9.3612365e-02;2.4750000e+02;-1.3935661e-01;2.4750000e+02;-6.0639203e-02;2.4750000e+02;-5.3497389e-02;2.4750000e+02;-2.5220111e-02;2.4750000e+02;2.5768705e-02;2.4750000e+02;9.3097240e-02;2.4750000e+02;1.7182457e-01;2.4750000e+02;2.0818162e-01;2.4750000e+02;2.0629871e-01;2.4750000e+02;1.9850585e-01;2.4750000e+02;2.3092492e-01;2.4750000e+02;1.9438589e-01;2.4750000e+02;1.3943651e-01;2.4750000e+02;8.8043019e-02;2.4750000e+02;3.6782160e-02;2.4750000e+02;-8.4682405e-03;2.4750000e+02;-5.3433195e-02;2.4750000e+02;-9.3612365e-02;2.4750000e+02;-1.3935661e-01;2.4750000e+02;-6.0639203e-02;2.4750000e+02;-5.3497389e-02;2.4750000e+02;-2.5220111e-02;2.4750000e+02;2.5768705e-02;2.4750000e+02;9.3097240e-02;2.4750000e+02;1.7182457e-01;2.4750000e+02;2.0818162e-01;2.4750000e+02;2.0629871e-01;2.4750000e+02;1.9850585e-01;2.4750000e+02;2.3092492e-01;2.4750000e+02;1.9438589e-01;2.4750000e+02;1.3943651e-01;2.4750000e+02;8.8043019e-02;2.4750000e+02;3.6782160e-02;2.4750000e+02;-8.4682405e-03;2.4750000e+02;-5.3433195e-02;2.4750000e+02;-9.3612365e-02;2.4750000e+02;-1.3935661e-01;2.4750000e+02;-6.0639203e-02;2.4750000e+02;-5.3497389e-02;2.4750000e+02;-2.5220111e-02;2.4750000e+02;2.5768705e-02;2.4750000e+02;9.3097240e-02;2.4750000e+02;1.7182457e-01;2.4750000e+02;2.0818162e-01;2.4750000e+02;2.0629871e-01;2.4750000e+02;1.9850585e-01;2.4750000e+02;2.3092492e-01;2.4750000e+02;1.9438589e-01;2.4750000e+02;1.3943651e-01;2.4750000e+02;8.8043019e-02;2.4750000e+02;3.6782160e-02;2.4750000e+02;-8.4682405e-03;2.4750000e+02;-5.3433195e-02;2.4750000e+02;-9.3612365e-02;2.4750000e+02;-1.3935661e-01;2.4750000e+02;-6.0639203e-02;2.4750000e+02;-5.3497389e-02;2.4750000e+02;-2.5220111e-02;2.4750000e+02;2.5768705e-02;2.4750000e+02;9.3097240e-02;2.4750000e+02;1.7182457e-01;2.4750000e+02;2.0818162e-01;2.4750000e+02;2.0629871e-01;2.4750000e+02;1.9850585e-01;2.4750000e+02;2.3092492e-01;2.4750000e+02;1.9438589e-01;2.4750000e+02;1.3943651e-01;2.4750000e+02;8.8043019e-02;2.4750000e+02;3.6782160e-02;2.4750000e+02;-8.4682405e-03;2.4750000e+02;-5.3433195e-02;2.4750000e+02;-9.3612365e-02;2.4750000e+02;-1.3935661e-01;2.4750000e+02;-6.0639203e-02;2.4750000e+02;-5.3497389e-02;2.4750000e+02;-2.5220111e-02;2.4750000e+02;2.5768705e-02;2.4750000e+02;9.3097240e-02;2.4750000e+02;1.7182457e-01;2.4750000e+02;2.0818162e-01;2.4750000e+02;2.0629871e-01;2.4750000e+02;1.9850585e-01;2.4750000e+02;2.3092492e-01;2.4750000e+02;1.9438589e-01;2.4750000e+02;1.3943651e-01;2.4750000e+02;8.8043019e-02;2.4750000e+02;3.6782160e-02;2.4750000e+02;-8.4682405e-03;2.4750000e+02;-5.3433195e-02;2.4750000e+02;-9.3612365e-02;2.4750000e+02;-1.3935661e-01;2.4750000e+02;-6.0639203e-02;2.4750000e+02;-5.3497389e-02;2.4750000e+02;-2.5220111e-02;2.4750000e+02;2.5768705e-02;2.4750000e+02;9.3097240e-02;2.4750000e+02;1.7182457e-01;2.4750000e+02;2.0818162e-01;2.4750000e+02;2.0629871e-01;2.4750000e+02;1.9850585e-01;2.4750000e+02;2.3092492e-01;2.4750000e+02;1.9438589e-01;2.4750000e+02;1.3943651e-01;2.4750000e+02;8.8043019e-02;2.4750000e+02;3.6782160e-02;2.4750000e+02;-8.4682405e-03;2.4750000e+02;-5.3433195e-02;2.4750000e+02;-9.3612365e-02;2.4750000e+02;-1.3935661e-01;2.4750000e+02;-6.0639203e-02;2.4750000e+02;-5.3497389e-02;2.4750000e+02;-2.5220111e-02;2.4750000e+02;2.5768705e-02;2.4750000e+02;9.3097240e-02;2.4750000e+02;1.7182457e-01;2.4750000e+02;2.0818162e-01;2.4750000e+02;2.0629871e-01;2.4750000e+02;1.9850585e-01;2.4750000e+02;2.3092492e-01;2.4750000e+02;1.9438589e-01;2.4750000e+02;1.3943651e-01;2.4750000e+02;8.8043019e-02;2.4750000e+02;3.6782160e-02;2.4750000e+02;-8.4682405e-03;2.4750000e+02;-5.3433195e-02;2.4750000e+02;-9.3612365e-02;2.4750000e+02;-1.3935661e-01;2.4750000e+02;-6.0639203e-02;2.4750000e+02;-5.3497389e-02;2.4750000e+02;-2.5220111e-02;2.4750000e+02;2.5768705e-02;2.4750000e+02;9.3097240e-02;2.4750000e+02;1.7182457e-01;2.4750000e+02;2.0818162e-01;2.4750000e+02;2.0629871e-01;2.4750000e+02;1.9850585e-01;2.4750000e+02;2.3092492e-01;2.4750000e+02;1.9438589e-01;2.4750000e+02;1.3943651e-01;2.4750000e+02;8.8043019e-02;2.4750000e+02;3.6782160e-02;2.4750000e+02;-8.4682405e-03;2.4750000e+02;-5.3433195e-02;2.4750000e+02;-9.3612365e-02;2.4750000e+02;-1.3935661e-01;2.4750000e+02;-6.0639203e-02;2.4750000e+02;-5.3497389e-02;2.4750000e+02;-2.5220111e-02;2.4750000e+02;2.5768705e-02;2.4750000e+02;9.3097240e-02;2.4750000e+02;1.7182457e-01;2.4750000e+02;2.0818162e-01;2.4750000e+02;2.0629871e-01;2.4750000e+02;1.9850585e-01;2.4750000e+02;2.3092492e-01;2.4750000e+02;1.9438589e-01;2.4750000e+02;1.3943651e-01;2.4750000e+02;8.8043019e-02;2.4750000e+02;3.6782160e-02;2.4750000e+02;-8.4682405e-03;2.4750000e+02;-5.3433195e-02;2.4750000e+02;-9.3612365e-02;2.4750000e+02;-1.3935661e-01;2.4750000e+02;-6.0639203e-02;2.4750000e+02;-5.3497389e-02;2.4750000e+02;-2.5220111e-02;2.4750000e+02;2.5768705e-02;2.4750000e+02;9.3097240e-02;2.4750000e+02;1.7182457e-01;2.4750000e+02;2.0818162e-01;2.4750000e+02;2.0629871e-01;2.4750000e+02;1.9850585e-01;2.4750000e+02;2.3092492e-01;2.4750000e+02;1.9438589e-01;2.4750000e+02;1.3943651e-01;2.4750000e+02;8.8043019e-02;2.4750000e+02;3.6782160e-02;2.4750000e+02;-8.4682405e-03;2.4750000e+02;-5.3433195e-02;2.4750000e+02;-9.3612365e-02;2.4750000e+02;-1.3935661e-01;2.4750000e+02;-6.0639203e-02;2.4750000e+02;-5.3497389e-02;2.4750000e+02;-2.5220111e-02;2.4750000e+02;2.5768705e-02;2.4750000e+02;9.3097240e-02;2.4750000e+02;1.7182457e-01;2.4750000e+02;2.0818162e-01;2.4750000e+02;2.0629871e-01;2.4750000e+02;1.9850585e-01;2.4750000e+02;2.3092492e-01;2.4750000e+02;1.9438589e-01;2.4750000e+02;1.3943651e-01;2.4750000e+02;8.8043019e-02;2.4750000e+02;3.6782160e-02;2.4750000e+02;-8.4682405e-03;2.4750000e+02;-5.3433195e-02;2.4750000e+02;-9.3612365e-02;2.4750000e+02;-1.3935661e-01;2.4750000e+02;-6.0639203e-02;2.4750000e+02;-5.3497389e-02;2.4750000e+02;-2.5220111e-02;2.4750000e+02;2.5768705e-02;2.4750000e+02;9.3097240e-02;2.4750000e+02;1.7182457e-01;2.4750000e+02;2.0818162e-01;2.4750000e+02;2.0629871e-01;2.4750000e+02;1.9850585e-01;2.4750000e+02;2.3092492e-01;2.4750000e+02;1.9438589e-01;2.4750000e+02;1.3943651e-01;2.4750000e+02;8.8043019e-02;2.4750000e+02;3.6782160e-02;2.4750000e+02;-8.4682405e-03;2.4750000e+02;-5.3433195e-02;2.4750000e+02;-9.3612365e-02;2.4750000e+02;-1.3935661e-01;2.4750000e+02;-6.0639203e-02;2.4750000e+02;-5.3497389e-02;2.4750000e+02;-2.5220111e-02;2.4750000e+02;2.5768705e-02;2.4750000e+02;9.3097240e-02;2.4750000e+02;1.7182457e-01;2.4750000e+02;2.0818162e-01;2.4750000e+02;2.0629871e-01;2.4750000e+02;1.9850585e-01;2.4750000e+02;2.3092492e-01;2.4750000e+02;1.9438589e-01;2.4750000e+02;1.3943651e-01;2.4750000e+02;8.8043019e-02;2.4750000e+02;3.6782160e-02;2.4750000e+02;-8.4682405e-03;2.4750000e+02;-5.3433195e-02;2.4750000e+02;-9.3612365e-02;2.4750000e+02;-1.3935661e-01;2.4750000e+02;-6.0639203e-02;2.4750000e+02;-5.3497389e-02;2.4750000e+02;-2.5220111e-02;2.4750000e+02;2.5768705e-02;2.4750000e+02;9.3097240e-02;2.4750000e+02;1.7182457e-01;2.4750000e+02;2.0818162e-01;2.4750000e+02;2.0629871e-01;2.4750000e+02;1.9850585e-01;2.4750000e+02;2.3092492e-01;2.4750000e+02;1.9438589e-01;2.4750000e+02;1.3943651e-01;2.4750000e+02;8.8043019e-02;2.4750000e+02;3.6782160e-02;2.4750000e+02;-8.4682405e-03;2.4750000e+02;-5.3433195e-02;2.4750000e+02;-9.3612365e-02;2.4750000e+02;-1.3935661e-01;2.4750000e+02;-6.0639203e-02;2.4750000e+02;-5.3497389e-02;2.4750000e+02;-2.5220111e-02;2.4750000e+02;2.5768705e-02;2.4750000e+02;9.3097240e-02;2.4750000e+02;1.7182457e-01;2.4750000e+02;2.0818162e-01;2.4750000e+02;2.0629871e-01;2.4750000e+02;1.9850585e-01;2.4750000e+02;2.3092492e-01;2.4750000e+02;1.9438589e-01;2.4750000e+02;1.3943651e-01;2.4750000e+02;8.8043019e-02;2.4750000e+02;3.6782160e-02;2.4750000e+02;-8.4682405e-03;2.4750000e+02;-5.3433195e-02;2.4750000e+02;-9.3612365e-02;2.4750000e+02;-1.3935661e-01;2.4750000e+02;-6.0639203e-02;2.4750000e+02;-5.3497389e-02;2.4750000e+02;-2.5220111e-02;2.4750000e+02;2.5768705e-02;2.4750000e+02;9.3097240e-02;2.4750000e+02;1.7182457e-01;2.4750000e+02;2.0818162e-01;2.4750000e+02;2.0629871e-01;2.4750000e+02;1.9850585e-01;2.4750000e+02;2.3092492e-01;2.4750000e+02;1.9438589e-01;2.4750000e+02;1.3943651e-01;2.4750000e+02;8.8043019e-02;2.4750000e+02;3.6782160e-02;2.4750000e+02;-8.4682405e-03;2.4750000e+02;-5.3433195e-02;2.4750000e+02;-9.3612365e-02;2.4750000e+02;-1.3935661e-01;2.4750000e+02;-6.0639203e-02;2.4750000e+02;-5.3497389e-02;2.4750000e+02;-2.5220111e-02;2.4750000e+02;2.5768705e-02;2.4750000e+02;9.3097240e-02;2.4750000e+02;1.7182457e-01;2.4750000e+02;2.0818162e-01;2.4750000e+02;2.0629871e-01;2.4750000e+02;1.9850585e-01;2.4750000e+02;2.3092492e-01;2.4750000e+02;1.9438589e-01;2.4750000e+02;1.3943651e-01;2.4750000e+02;8.8043019e-02;2.4750000e+02;3.6782160e-02;2.4750000e+02;-8.4682405e-03;2.4750000e+02;-5.3433195e-02;2.4750000e+02;-9.3612365e-02;2.4750000e+02;-1.3935661e-01;2.4750000e+02;-6.0639203e-02;2.4750000e+02;-5.3497389e-02;2.4750000e+02;-2.5220111e-02;2.4750000e+02;2.5768705e-02;2.4750000e+02;9.3097240e-02;2.4750000e+02;1.7182457e-01;2.4750000e+02;2.0818162e-01;2.4750000e+02;2.0629871e-01;2.4750000e+02;1.9850585e-01;2.4750000e+02;2.3092492e-01;2.4750000e+02;1.9438589e-01;2.4750000e+02;1.3943651e-01;2.4750000e+02;8.8043019e-02;2.4750000e+02;3.6782160e-02;2.4750000e+02;-8.4682405e-03;2.4750000e+02;-5.3433195e-02;2.4750000e+02;-9.3612365e-02;2.4750000e+02;-1.3935661e-01;2.4750000e+02;-6.0639203e-02;2.4750000e+02;-5.3497389e-02;2.4750000e+02;-2.5220111e-02;2.4750000e+02;2.5768705e-02;2.4750000e+02;9.3097240e-02;2.4750000e+02;1.7182457e-01;2.4750000e+02;2.0818162e-01;2.4750000e+02;2.0629871e-01;2.4750000e+02;1.9850585e-01;2.4750000e+02;2.3092492e-01;2.4750000e+02;1.9438589e-01;2.4750000e+02;1.3943651e-01;2.4750000e+02;8.8043019e-02;2.4750000e+02;3.6782160e-02;2.4750000e+02;-8.4682405e-03;2.4750000e+02;-5.3433195e-02;2.4750000e+02;-9.3612365e-02;2.4750000e+02;-1.3935661e-01;2.4750000e+02;-6.0639203e-02;2.4750000e+02;-5.3497389e-02;2.4750000e+02;-2.5220111e-02;2.4750000e+02;2.5768705e-02;2.4750000e+02;9.3097240e-02;2.4750000e+02;1.7182457e-01;2.4750000e+02;2.0818162e-01;2.4750000e+02;2.0629871e-01;2.4750000e+02;1.9850585e-01;2.4750000e+02;2.3092492e-01;2.4750000e+02;1.9438589e-01;2.4750000e+02;1.3943651e-01;2.4750000e+02;8.8043019e-02;2.4750000e+02;3.6782160e-02;2.4750000e+02;-8.4682405e-03;2.4750000e+02;-5.3433195e-02;2.4750000e+02;-9.3612365e-02;2.4750000e+02;-1.3935661e-01;2.4750000e+02;-6.0639203e-02;2.4750000e+02;-5.3497389e-02;2.4750000e+02;-2.5220111e-02;2.4750000e+02;2.5768705e-02;2.4750000e+02;9.3097240e-02;2.4750000e+02;1.7182457e-01;2.4750000e+02;2.0818162e-01;2.4750000e+02;2.0629871e-01;2.4750000e+02;1.9850585e-01;2.4750000e+02;2.3092492e-01;2.4750000e+02;1.9438589e-01;2.4750000e+02;1.3943651e-01;2.4750000e+02;8.8043019e-02;2.4750000e+02;3.6782160e-02;2.4750000e+02;-8.4682405e-03;2.4750000e+02;-5.3433195e-02;2.4750000e+02;-9.3612365e-02;2.4750000e+02;-1.3935661e-01;2.4750000e+02;-6.0639203e-02;2.4750000e+02;-5.3497389e-02;2.4750000e+02;-2.5220111e-02;2.4750000e+02;2.5768705e-02;2.4750000e+02;9.3097240e-02;2.4750000e+02;1.7182457e-01;2.4750000e+02;2.0818162e-01;2.4750000e+02;2.0629871e-01;2.4750000e+02;1.9850585e-01;2.4750000e+02;2.3092492e-01;2.4750000e+02;1.9438589e-01;2.4750000e+02;1.3943651e-01;2.4750000e+02;8.8043019e-02;2.4750000e+02;3.6782160e-02;2.4750000e+02;-8.4682405e-03;2.4750000e+02;-5.3433195e-02;2.4750000e+02;-9.3612365e-02;2.4750000e+02;-1.3935661e-01;2.4750000e+02;-6.0639203e-02;2.4750000e+02;-5.3497389e-02;2.4750000e+02;-2.5220111e-02;2.4750000e+02;2.5768705e-02;2.4750000e+02;9.3097240e-02;2.4750000e+02;1.7182457e-01;2.4750000e+02;2.0818162e-01;2.4750000e+02;2.0629871e-01;2.4750000e+02;1.9850585e-01;2.4750000e+02;2.3092492e-01;2.4750000e+02;1.9438589e-01;2.4750000e+02;1.3943651e-01;2.4750000e+02;8.8043019e-02;2.4750000e+02;3.6782160e-02;2.4750000e+02;-8.4682405e-03;2.4750000e+02;-5.3433195e-02;2.4750000e+02;-9.3612365e-02;2.4750000e+02;-1.3935661e-01;2.4750000e+02;-6.0639203e-02;2.4750000e+02;-5.3497389e-02;2.4750000e+02;-2.5220111e-02;2.4750000e+02;2.5768705e-02;2.4750000e+02;9.3097240e-02;2.4750000e+02;1.7182457e-01;2.4750000e+02;2.0818162e-01;2.4750000e+02;2.0629871e-01;2.4750000e+02;1.9850585e-01;2.4750000e+02;2.3092492e-01;2.4750000e+02;1.9438589e-01;2.4750000e+02;1.3943651e-01;2.4750000e+02;8.8043019e-02;2.4750000e+02;3.6782160e-02;2.4750000e+02;-8.4682405e-03;2.4750000e+02;-5.3433195e-02;2.4750000e+02;-9.3612365e-02;2.4750000e+02;-1.3935661e-01;2.4750000e+02;-6.0639203e-02;2.4750000e+02;-5.3497389e-02;2.4750000e+02;-2.5220111e-02;2.4750000e+02;2.5768705e-02;2.4750000e+02;9.3097240e-02;2.4750000e+02;1.7182457e-01;2.4750000e+02;2.0818162e-01;2.4750000e+02;2.0629871e-01;2.4750000e+02;1.9850585e-01;2.4750000e+02;2.3092492e-01;2.4750000e+02;1.9438589e-01;2.4750000e+02;1.3943651e-01;2.4750000e+02;8.8043019e-02;2.4750000e+02;3.6782160e-02;2.4750000e+02;-8.4682405e-03;2.4750000e+02;-5.3433195e-02;2.4750000e+02;-9.3612365e-02;2.4750000e+02;-1.3935661e-01;2.4750000e+02;-6.0639203e-02;2.4750000e+02;-5.3497389e-02;2.4750000e+02;-2.5220111e-02;2.4750000e+02;2.5768705e-02;2.4750000e+02;9.3097240e-02;2.4750000e+02;1.7182457e-01;2.4750000e+02;2.0818162e-01;2.4750000e+02;2.0629871e-01;2.4750000e+02;1.9850585e-01;2.4750000e+02;2.3092492e-01;2.4750000e+02;1.9438589e-01;2.4750000e+02;1.3943651e-01;2.4750000e+02;8.8043019e-02;2.4750000e+02;3.6782160e-02;2.4750000e+02;-8.4682405e-03;2.4750000e+02;-5.3433195e-02;2.4750000e+02;-9.3612365e-02;2.4750000e+02;-1.3935661e-01;2.4750000e+02;-6.0639203e-02;2.4750000e+02;-5.3497389e-02;2.4750000e+02;-2.5220111e-02;2.4750000e+02;2.5768705e-02;2.4750000e+02;9.3097240e-02;2.4750000e+02;1.7182457e-01;2.4750000e+02;2.0818162e-01;2.4750000e+02;2.0629871e-01;2.4750000e+02;1.9850585e-01;2.4750000e+02;2.3092492e-01;2.4750000e+02;1.9438589e-01;2.4750000e+02;1.3943651e-01;2.4750000e+02;8.8043019e-02;2.4750000e+02;3.6782160e-02;2.4750000e+02;-8.4682405e-03;2.4750000e+02;-5.3433195e-02;2.4750000e+02;-9.3612365e-02;2.4750000e+02;-1.3935661e-01;2.4750000e+02;-6.0639203e-02;2.4750000e+02;-5.3497389e-02;2.4750000e+02;-2.5220111e-02;2.4750000e+02;2.5768705e-02;2.4750000e+02;9.3097240e-02;2.4750000e+02;1.7182457e-01;2.4750000e+02;2.0818162e-01;2.4750000e+02;2.0629871e-01;2.4750000e+02;1.9850585e-01;2.4750000e+02;2.3092492e-01;2.4750000e+02;1.9438589e-01;2.4750000e+02;1.3943651e-01;2.4750000e+02;8.8043019e-02;2.4750000e+02;3.6782160e-02;2.4750000e+02;-8.4682405e-03;2.4750000e+02;-5.3433195e-02;2.4750000e+02;-9.3612365e-02;2.4750000e+02;-1.3935661e-01;2.4750000e+02;-6.0639203e-02;2.4750000e+02;-5.3497389e-02;2.4750000e+02;-2.5220111e-02;2.4750000e+02;2.5768705e-02;2.4750000e+02;9.3097240e-02;2.4750000e+02;1.7182457e-01;2.4750000e+02;2.0818162e-01;2.4750000e+02;2.0629871e-01;2.4750000e+02;1.9850585e-01;2.4750000e+02;2.3092492e-01;2.4750000e+02;1.9438589e-01;2.4750000e+02;1.3943651e-01;2.4750000e+02;8.8043019e-02;2.4750000e+02;3.6782160e-02;2.4750000e+02;-8.4682405e-03;2.4750000e+02;-5.3433195e-02;2.4750000e+02;-9.3612365e-02;2.4750000e+02;-1.3935661e-01;2.4750000e+02;-6.0639203e-02;2.4750000e+02;-5.3497389e-02;2.4750000e+02;-2.5220111e-02;2.4750000e+02;2.5768705e-02;2.4750000e+02;9.3097240e-02;2.4750000e+02;1.7182457e-01;2.4750000e+02;2.0818162e-01;2.4750000e+02;2.0629871e-01;2.4750000e+02;1.9850585e-01;2.4750000e+02;2.3092492e-01;2.4750000e+02;1.9438589e-01;2.4750000e+02;1.3943651e-01;2.4750000e+02;8.8043019e-02;2.4750000e+02;3.6782160e-02;2.4750000e+02;-8.4682405e-03;2.4750000e+02;-5.3433195e-02;2.4750000e+02;-9.3612365e-02;2.4750000e+02;-1.3935661e-01;2.4750000e+02;-6.0639203e-02;2.4750000e+02;-5.3497389e-02;2.4750000e+02;-2.5220111e-02;2.4750000e+02;2.5768705e-02;2.4750000e+02;9.3097240e-02;2.4750000e+02;1.7182457e-01;2.4750000e+02;2.0818162e-01;2.4750000e+02;2.0629871e-01;2.4750000e+02;1.9850585e-01;2.4750000e+02;2.3092492e-01;2.4750000e+02;1.9438589e-01;2.4750000e+02;1.3943651e-01;2.4750000e+02;8.8043019e-02;2.4750000e+02;3.6782160e-02;2.4750000e+02;-8.4682405e-03;2.4750000e+02;-5.3433195e-02;2.4750000e+02;-9.3612365e-02;2.4750000e+02;-1.3935661e-01;2.4750000e+02;-6.0639203e-02;2.4750000e+02;-5.3497389e-02;2.4750000e+02;-2.5220111e-02;2.4750000e+02;2.5768705e-02;2.4750000e+02;9.3097240e-02;2.4750000e+02;1.7182457e-01;2.4750000e+02;2.0818162e-01;2.4750000e+02;2.0629871e-01;2.4750000e+02;1.9850585e-01;2.4750000e+02;2.3092492e-01;2.4750000e+02;1.9438589e-01;2.4750000e+02;1.3943651e-01;2.4750000e+02;8.8043019e-02;2.4750000e+02;3.6782160e-02;2.4750000e+02;-8.4682405e-03;2.4750000e+02;-5.3433195e-02;2.4750000e+02;-9.3612365e-02;2.4750000e+02;-1.3935661e-01;2.4750000e+02;-6.0639203e-02;2.4750000e+02;-5.3497389e-02;2.4750000e+02;-2.5220111e-02;2.4750000e+02;2.5768705e-02;2.4750000e+02;9.3097240e-02;2.4750000e+02;1.7182457e-01;2.4750000e+02;2.0818162e-01;2.4750000e+02;2.0629871e-01;2.4750000e+02;1.9850585e-01;2.4750000e+02;2.3092492e-01;2.4750000e+02;1.9438589e-01;2.4750000e+02;1.3943651e-01;2.4750000e+02;8.8043019e-02;2.4750000e+02;3.6782160e-02;2.4750000e+02;-8.4682405e-03;2.4750000e+02;-5.3433195e-02;2.4750000e+02;-9.3612365e-02;2.4750000e+02;-1.3935661e-01;2.4750000e+02;-6.0639203e-02;2.4750000e+02;-5.3497389e-02;2.4750000e+02;-2.5220111e-02;2.4750000e+02;2.5768705e-02;2.4750000e+02;9.3097240e-02;2.4750000e+02;1.7182457e-01;2.4750000e+02;2.0818162e-01;2.4750000e+02;2.0629871e-01;2.4750000e+02;1.9850585e-01;2.4750000e+02;2.3092492e-01;2.4750000e+02;1.9438589e-01;2.4750000e+02;1.3943651e-01;2.4750000e+02;8.8043019e-02;2.4750000e+02;3.6782160e-02;2.4750000e+02;-8.4682405e-03;2.4750000e+02;-5.3433195e-02;2.4750000e+02;-9.3612365e-02;2.4750000e+02;-1.3935661e-01;2.4750000e+02;-6.0639203e-02;2.4750000e+02;-5.3497389e-02;2.4750000e+02;-2.5220111e-02;2.4750000e+02;2.5768705e-02;2.4750000e+02;9.3097240e-02;2.4750000e+02;1.7182457e-01;2.4750000e+02;2.0818162e-01;2.4750000e+02;2.0629871e-01;2.4750000e+02;1.9850585e-01;2.4750000e+02;2.3092492e-01;2.4750000e+02;1.9438589e-01;2.4750000e+02;1.3943651e-01;2.4750000e+02;8.8043019e-02;2.4750000e+02;3.6782160e-02;2.4750000e+02;-8.4682405e-03;2.4750000e+02;-5.3433195e-02;2.4750000e+02;-9.3612365e-02;2.4750000e+02;-1.3935661e-01;2.4750000e+02;-6.0639203e-02;2.4750000e+02;-5.3497389e-02;2.4750000e+02;-2.5220111e-02;2.4750000e+02;2.5768705e-02;2.4750000e+02;9.3097240e-02;2.4750000e+02;1.7182457e-01;2.4750000e+02;2.0818162e-01;2.4750000e+02;2.0629871e-01;2.4750000e+02;1.9850585e-01;2.4750000e+02;2.3092492e-01;2.4750000e+02;1.9438589e-01;2.4750000e+02;1.3943651e-01;2.4750000e+02;8.8043019e-02;2.4750000e+02;3.6782160e-02;2.4750000e+02;-8.4682405e-03;2.4750000e+02;-5.3433195e-02;2.4750000e+02;-9.3612365e-02;2.4750000e+02;-1.3935661e-01;2.4750000e+02;-6.0639203e-02;2.4750000e+02;-5.3497389e-02;2.4750000e+02;-2.5220111e-02;2.4750000e+02;2.5768705e-02;2.4750000e+02;9.3097240e-02;2.4750000e+02;1.7182457e-01;2.4750000e+02;2.0818162e-01;2.4750000e+02;2.0629871e-01;2.4750000e+02;1.9850585e-01;2.4750000e+02;2.3092492e-01;2.4750000e+02;1.9438589e-01;2.4750000e+02;1.3943651e-01;2.4750000e+02;8.8043019e-02;2.4750000e+02;3.6782160e-02;2.4750000e+02;-8.4682405e-03;2.4750000e+02;-5.3433195e-02;2.4750000e+02;-9.3612365e-02;2.4750000e+02;-1.3935661e-01;2.4750000e+02;-6.0639203e-02;2.4750000e+02;-5.3497389e-02;2.4750000e+02;-2.5220111e-02;2.4750000e+02;2.5768705e-02;2.4750000e+02;9.3097240e-02;2.4750000e+02;1.7182457e-01;2.4750000e+02;2.0818162e-01;2.4750000e+02;2.0629871e-01;2.4750000e+02;1.9850585e-01;2.4750000e+02;2.3092492e-01;2.4750000e+02;1.9438589e-01;2.4750000e+02;1.3943651e-01;2.4750000e+02;8.8043019e-02;2.4750000e+02;3.6782160e-02;2.4750000e+02;-8.4682405e-03;2.4750000e+02;-5.3433195e-02;2.4750000e+02;-9.3612365e-02;2.4750000e+02;-1.3935661e-01;2.4750000e+02;-6.0639203e-02;2.4750000e+02;-5.3497389e-02;2.4750000e+02;-2.5220111e-02;2.4750000e+02;2.5768705e-02;2.4750000e+02;9.3097240e-02;2.4750000e+02;1.7182457e-01;2.4750000e+02;2.0818162e-01;2.4750000e+02;2.0629871e-01;2.4750000e+02;1.9850585e-01;2.4750000e+02;2.3092492e-01;2.4750000e+02;1.9438589e-01;2.4750000e+02;1.3943651e-01;2.4750000e+02;8.8043019e-02;2.4750000e+02;3.6782160e-02;2.4750000e+02;-8.4682405e-03;2.4750000e+02;-5.3433195e-02;2.4750000e+02;-9.3612365e-02;2.4750000e+02;-1.3935661e-01;2.4750000e+02;-6.0639203e-02;2.4750000e+02;-5.3497389e-02;2.4750000e+02;-2.5220111e-02;2.4750000e+02;2.5768705e-02;2.4750000e+02;9.3097240e-02;2.4750000e+02;1.7182457e-01;2.4750000e+02;2.0818162e-01;2.4750000e+02;2.0629871e-01;2.4750000e+02;1.9850585e-01;2.4750000e+02;2.3092492e-01;2.4750000e+02;1.9438589e-01;2.4750000e+02;1.3943651e-01;2.4750000e+02;8.8043019e-02;2.4750000e+02;3.6782160e-02;2.4750000e+02;-8.4682405e-03;2.4750000e+02;-5.3433195e-02;2.4750000e+02;-9.3612365e-02;2.4750000e+02;-1.3935661e-01;2.4750000e+02;-6.0639203e-02;2.4750000e+02;-5.3497389e-02;2.4750000e+02;-2.5220111e-02;2.4750000e+02;2.5768705e-02;2.4750000e+02;9.3097240e-02;2.4750000e+02;1.7182457e-01;2.4750000e+02;2.0818162e-01;2.4750000e+02;2.0629871e-01;2.4750000e+02;1.9850585e-01;2.4750000e+02;2.3092492e-01;2.4750000e+02;1.9438589e-01;2.4750000e+02;1.3943651e-01;2.4750000e+02;8.8043019e-02;2.4750000e+02;3.6782160e-02;2.4750000e+02;-8.4682405e-03;2.4750000e+02;-5.3433195e-02;2.4750000e+02;-9.3612365e-02;2.4750000e+02;-1.3935661e-01;2.4750000e+02;-6.0639203e-02;2.4750000e+02;-5.3497389e-02;2.4750000e+02;-2.5220111e-02;2.4750000e+02;2.5768705e-02;2.4750000e+02;9.3097240e-02;2.4750000e+02;1.7182457e-01;2.4750000e+02;2.0818162e-01;2.4750000e+02;2.0629871e-01;2.4750000e+02;1.9850585e-01;2.4750000e+02;2.3092492e-01;2.4750000e+02;1.9438589e-01;2.4750000e+02;1.3943651e-01;2.4750000e+02;8.8043019e-02;2.4750000e+02;3.6782160e-02;2.4750000e+02;-8.4682405e-03;2.4750000e+02;-5.3433195e-02;2.4750000e+02;-9.3612365e-02;2.4750000e+02;-1.3935661e-01;2.4750000e+02;-6.0639203e-02;2.4750000e+02;-5.3497389e-02;2.4750000e+02;-2.5220111e-02;2.4750000e+02;2.5768705e-02;2.4750000e+02;9.3097240e-02;2.4750000e+02;1.7182457e-01;2.4750000e+02;2.0818162e-01;2.4750000e+02;2.0629871e-01;2.4750000e+02;1.9850585e-01;2.4750000e+02;2.3092492e-01;2.4750000e+02;1.9438589e-01;2.4750000e+02;1.3943651e-01;2.4750000e+02;8.8043019e-02;2.4750000e+02;3.6782160e-02;2.4750000e+02;-8.4682405e-03;2.4750000e+02;-5.3433195e-02;2.4750000e+02;-9.3612365e-02;2.4750000e+02;-1.3935661e-01;2.4750000e+02;-6.0639203e-02;2.4750000e+02;-5.3497389e-02;2.4750000e+02;-2.5220111e-02;2.4750000e+02;2.5768705e-02;2.4750000e+02;9.3097240e-02;2.4750000e+02;1.7182457e-01;2.4750000e+02;2.0818162e-01;2.4750000e+02;2.0629871e-01;2.4750000e+02;1.9850585e-01;2.4750000e+02;2.3092492e-01;2.4750000e+02;1.9438589e-01;2.4750000e+02;1.3943651e-01;2.4750000e+02;8.8043019e-02;2.4750000e+02;3.6782160e-02;2.4750000e+02;-8.4682405e-03;2.4750000e+02;-5.3433195e-02;2.4750000e+02;-9.3612365e-02;2.4750000e+02;-1.3935661e-01;2.4750000e+02;-6.0639203e-02;2.4750000e+02;-5.3497389e-02;2.4750000e+02;-2.5220111e-02;2.4750000e+02;2.5768705e-02;2.4750000e+02;9.3097240e-02;2.4750000e+02;1.7182457e-01;2.4750000e+02;2.0818162e-01;2.4750000e+02;2.0629871e-01;2.4750000e+02;1.9850585e-01;2.4750000e+02;2.3092492e-01;2.4750000e+02;1.9438589e-01;2.4750000e+02;1.3943651e-01;2.4750000e+02;8.8043019e-02;2.4750000e+02;3.6782160e-02;2.4750000e+02;-8.4682405e-03;2.4750000e+02;-5.3433195e-02;2.4750000e+02;-9.3612365e-02;2.4750000e+02;-1.3935661e-01;2.4750000e+02;-6.0639203e-02;2.4750000e+02;-5.3497389e-02;2.4750000e+02;-2.5220111e-02;2.4750000e+02;2.5768705e-02;2.4750000e+02;9.3097240e-02;2.4750000e+02;1.7182457e-01;2.4750000e+02;2.0818162e-01;2.4750000e+02;2.0629871e-01;2.4750000e+02;1.9850585e-01;2.4750000e+02;2.3092492e-01;2.4750000e+02;1.9438589e-01;2.4750000e+02;1.3943651e-01;2.4750000e+02;8.8043019e-02;2.4750000e+02;3.6782160e-02;2.4750000e+02;-8.4682405e-03;2.4750000e+02;-5.3433195e-02;2.4750000e+02;-9.3612365e-02;2.4750000e+02;-1.3935661e-01;2.4750000e+02;-6.0639203e-02;2.4750000e+02;-5.3497389e-02;2.4750000e+02;-2.5220111e-02;2.4750000e+02;2.5768705e-02;2.4750000e+02;9.3097240e-02;2.4750000e+02;1.7182457e-01;2.4750000e+02;2.0818162e-01;2.4750000e+02;2.0629871e-01;2.4750000e+02;1.9850585e-01;2.4750000e+02;2.3092492e-01;2.4750000e+02;1.9438589e-01;2.4750000e+02;1.3943651e-01;2.4750000e+02;8.8043019e-02;2.4750000e+02;3.6782160e-02;2.4750000e+02;-8.4682405e-03;2.4750000e+02;-5.3433195e-02;2.4750000e+02;-9.3612365e-02;2.4750000e+02;-1.3935661e-01;2.4750000e+02;-6.0639203e-02;2.4750000e+02;-5.3497389e-02;2.4750000e+02;-2.5220111e-02;2.4750000e+02;2.5768705e-02;2.4750000e+02;9.3097240e-02;2.4750000e+02;1.7182457e-01;2.4750000e+02;2.0818162e-01;2.4750000e+02;2.0629871e-01;2.4750000e+02;1.9850585e-01;2.4750000e+02;2.3092492e-01;2.4750000e+02;1.9438589e-01;2.4750000e+02;1.3943651e-01;2.4750000e+02;8.8043019e-02;2.4750000e+02;3.6782160e-02;2.4750000e+02;-8.4682405e-03;2.4750000e+02;-5.3433195e-02;2.4750000e+02;-9.3612365e-02;2.4750000e+02;-1.3935661e-01;2.4750000e+02;-6.0639203e-02;2.4750000e+02;-5.3497389e-02;2.4750000e+02;-2.5220111e-02;2.4750000e+02;2.5768705e-02;2.4750000e+02;9.3097240e-02;2.4750000e+02;1.7182457e-01;2.4750000e+02;2.0818162e-01;2.4750000e+02;2.0629871e-01;2.4750000e+02;1.9850585e-01;2.4750000e+02;2.3092492e-01;2.4750000e+02;1.9438589e-01;2.4750000e+02;1.3943651e-01;2.4750000e+02;8.8043019e-02;2.4750000e+02;3.6782160e-02;2.4750000e+02;-8.4682405e-03;2.4750000e+02;-5.3433195e-02;2.4750000e+02;-9.3612365e-02;2.4750000e+02;-1.3935661e-01;2.4750000e+02;-6.0639203e-02;2.4750000e+02;-5.3497389e-02;2.4750000e+02;-2.5220111e-02;2.4750000e+02;2.5768705e-02;2.4750000e+02;9.3097240e-02;2.4750000e+02;1.7182457e-01;2.4750000e+02;2.0818162e-01;2.4750000e+02;2.0629871e-01;2.4750000e+02;1.9850585e-01;2.4750000e+02;2.3092492e-01;2.4750000e+02;1.9438589e-01;2.4750000e+02;1.3943651e-01;2.4750000e+02;8.8043019e-02;2.4750000e+02;3.6782160e-02;2.4750000e+02;-8.4682405e-03;2.4750000e+02;-5.3433195e-02;2.4750000e+02;-9.3612365e-02;2.4750000e+02;-1.3935661e-01;2.4750000e+02;-6.0639203e-02;2.4750000e+02;-5.3497389e-02;2.4750000e+02;-2.5220111e-02;2.4750000e+02;2.5768705e-02;2.4750000e+02;9.3097240e-02;2.4750000e+02;1.7182457e-01;2.4750000e+02;2.0818162e-01;2.4750000e+02;2.0629871e-01;2.4750000e+02;1.9850585e-01;2.4750000e+02;2.3092492e-01;2.4750000e+02;1.9438589e-01;2.4750000e+02;1.3943651e-01;2.4750000e+02;8.8043019e-02;2.4750000e+02;3.6782160e-02;2.4750000e+02;-8.4682405e-03;2.4750000e+02;-5.3433195e-02;2.4750000e+02;-9.3612365e-02;2.4750000e+02;-1.3935661e-01;2.4750000e+02;-6.0639203e-02;2.4750000e+02;-5.3497389e-02;2.4750000e+02;-2.5220111e-02;2.4750000e+02;2.5768705e-02;2.4750000e+02;9.3097240e-02;2.4750000e+02;1.7182457e-01;2.4750000e+02;2.0818162e-01;2.4750000e+02;2.0629871e-01;2.4750000e+02;1.9850585e-01;2.4750000e+02;2.3092492e-01;2.4750000e+02;1.9438589e-01;2.4750000e+02;1.3943651e-01;2.4750000e+02;8.8043019e-02;2.4750000e+02;3.6782160e-02;2.4750000e+02;-8.4682405e-03;2.4750000e+02;-5.3433195e-02;2.4750000e+02;-9.3612365e-02;2.4750000e+02;-1.3935661e-01;2.4750000e+02;-6.0639203e-02;2.4750000e+02;-5.3497389e-02;2.4750000e+02;-2.5220111e-02;2.4750000e+02;2.5768705e-02;2.4750000e+02;9.3097240e-02;2.4750000e+02;1.7182457e-01;2.4750000e+02;2.0818162e-01;2.4750000e+02;2.0629871e-01;2.4750000e+02;1.9850585e-01;2.4750000e+02;2.3092492e-01;2.4750000e+02;1.9438589e-01;2.4750000e+02;1.3943651e-01;2.4750000e+02;8.8043019e-02;2.4750000e+02;3.6782160e-02;2.4750000e+02;-8.4682405e-03;2.4750000e+02;-5.3433195e-02;2.4750000e+02;-9.3612365e-02;2.4750000e+02;-1.3935661e-01;2.4750000e+02;-6.0639203e-02;2.4750000e+02;-5.3497389e-02;2.4750000e+02;-2.5220111e-02;2.4750000e+02;2.5768705e-02;2.4750000e+02;9.3097240e-02;2.4750000e+02;1.7182457e-01;2.4750000e+02;2.0818162e-01;2.4750000e+02;2.0629871e-01;2.4750000e+02;1.9850585e-01;2.4750000e+02;2.3092492e-01;2.4750000e+02;1.9438589e-01;2.4750000e+02;1.3943651e-01;2.4750000e+02;8.8043019e-02;2.4750000e+02;3.6782160e-02;2.4750000e+02;-8.4682405e-03;2.4750000e+02;-5.3433195e-02;2.4750000e+02;-9.3612365e-02;2.4750000e+02;-1.3935661e-01;2.4750000e+02;-6.0639203e-02;2.4750000e+02;-5.3497389e-02;2.4750000e+02;-2.5220111e-02;2.4750000e+02;2.5768705e-02;2.4750000e+02;9.3097240e-02;2.4750000e+02;1.7182457e-01;2.4750000e+02;2.0818162e-01;2.4750000e+02;2.0629871e-01;2.4750000e+02;1.9850585e-01;2.4750000e+02;2.3092492e-01;2.4750000e+02;1.9438589e-01;2.4750000e+02;1.3943651e-01;2.4750000e+02;8.8043019e-02;2.4750000e+02;3.6782160e-02;2.4750000e+02;-8.4682405e-03;2.4750000e+02;-5.3433195e-02;2.4750000e+02;-9.3612365e-02;2.4750000e+02;-1.3935661e-01;2.4750000e+02;-6.0639203e-02;2.4750000e+02;-5.3497389e-02;2.4750000e+02;-2.5220111e-02;2.4750000e+02;2.5768705e-02;2.4750000e+02;9.3097240e-02;2.4750000e+02;1.7182457e-01;2.4750000e+02;2.0818162e-01;2.4750000e+02;2.0629871e-01;2.4750000e+02;1.9850585e-01;2.4750000e+02;2.3092492e-01;2.4750000e+02;1.9438589e-01;2.4750000e+02;1.3943651e-01;2.4750000e+02;8.8043019e-02;2.4750000e+02;3.6782160e-02;2.4750000e+02;-8.4682405e-03;2.4750000e+02;-5.3433195e-02;2.4750000e+02;-9.3612365e-02;2.4750000e+02;-1.3935661e-01;2.4750000e+02;-6.0639203e-02;2.4750000e+02;-5.3497389e-02;2.4750000e+02;-2.5220111e-02;2.4750000e+02;2.5768705e-02;2.4750000e+02;9.3097240e-02;2.4750000e+02;1.7182457e-01;2.4750000e+02;2.0818162e-01;2.4750000e+02;2.0629871e-01;2.4750000e+02;1.9850585e-01;2.4750000e+02;2.3092492e-01;2.4750000e+02;1.9438589e-01;2.4750000e+02;1.3943651e-01;2.4750000e+02;8.8043019e-02;2.4750000e+02;3.6782160e-02;2.4750000e+02;-8.4682405e-03;2.4750000e+02;-5.3433195e-02;2.4750000e+02;-9.3612365e-02;2.4750000e+02;-1.3935661e-01;2.4750000e+02;-6.0639203e-02;2.4750000e+02;-5.3497389e-02;2.4750000e+02;-2.5220111e-02;2.4750000e+02;2.5768705e-02;2.4750000e+02;9.3097240e-02;2.4750000e+02;1.7182457e-01;2.4750000e+02;2.0818162e-01;2.4750000e+02;2.0629871e-01;2.4750000e+02;1.9850585e-01;2.4750000e+02;2.3092492e-01;2.4750000e+02;1.9438589e-01;2.4750000e+02;1.3943651e-01;2.4750000e+02;8.8043019e-02;2.4750000e+02;3.6782160e-02;2.4750000e+02;-8.4682405e-03;2.4750000e+02;-5.3433195e-02;2.4750000e+02;-9.3612365e-02;2.4750000e+02;-1.3935661e-01;2.4750000e+02;-6.0639203e-02;2.4750000e+02;-5.3497389e-02;2.4750000e+02;-2.5220111e-02;2.4750000e+02;2.5768705e-02;2.4750000e+02;9.3097240e-02;2.4750000e+02;1.7182457e-01;2.4750000e+02;2.0818162e-01;2.4750000e+02;2.0629871e-01;2.4750000e+02;1.9850585e-01;2.4750000e+02;2.3092492e-01;2.4750000e+02;1.9438589e-01;2.4750000e+02;1.3943651e-01;2.4750000e+02;8.8043019e-02;2.4750000e+02;3.6782160e-02;2.4750000e+02;-8.4682405e-03;2.4750000e+02;-5.3433195e-02;2.4750000e+02;-9.3612365e-02;2.4750000e+02;-1.3935661e-01;2.4750000e+02;-6.0639203e-02;2.4750000e+02;-5.3497389e-02;2.4750000e+02;-2.5220111e-02;2.4750000e+02;2.5768705e-02;2.4750000e+02;9.3097240e-02;2.4750000e+02;1.7182457e-01;2.4750000e+02;2.0818162e-01;2.4750000e+02;2.0629871e-01;2.4750000e+02;1.9850585e-01;2.4750000e+02;2.3092492e-01;2.4750000e+02;1.9438589e-01;2.4750000e+02;1.3943651e-01;2.4750000e+02;8.8043019e-02;2.4750000e+02;3.6782160e-02;2.4750000e+02;-8.4682405e-03;2.4750000e+02;-5.3433195e-02;2.4750000e+02;-9.3612365e-02;2.4750000e+02;-1.3935661e-01;2.4750000e+02;-6.0639203e-02;2.4750000e+02;-5.3497389e-02;2.4750000e+02;-2.5220111e-02;2.4750000e+02;2.5768705e-02;2.4750000e+02;9.3097240e-02;2.4750000e+02;1.7182457e-01;2.4750000e+02;2.0818162e-01;2.4750000e+02;2.0629871e-01;2.4750000e+02;1.9850585e-01;2.4750000e+02;2.3092492e-01;2.4750000e+02;1.9438589e-01;2.4750000e+02;1.3943651e-01;2.4750000e+02;8.8043019e-02;2.4750000e+02;3.6782160e-02;2.4750000e+02;-8.4682405e-03;2.4750000e+02;-5.3433195e-02;2.4750000e+02;-9.3612365e-02;2.4750000e+02;-1.3935661e-01;2.4750000e+02;-6.0639203e-02;2.4750000e+02;-5.3497389e-02;2.4750000e+02;-2.5220111e-02;2.4750000e+02;2.5768705e-02;2.4750000e+02;9.3097240e-02;2.4750000e+02;1.7182457e-01;2.4750000e+02;2.0818162e-01;2.4750000e+02;2.0629871e-01;2.4750000e+02;1.9850585e-01;2.4750000e+02;2.3092492e-01;2.4750000e+02;1.9438589e-01;2.4750000e+02;1.3943651e-01;2.4750000e+02;8.8043019e-02;2.4750000e+02;3.6782160e-02;2.4750000e+02;-8.4682405e-03;2.4750000e+02;-5.3433195e-02;2.4750000e+02;-9.3612365e-02;2.4750000e+02;-1.3935661e-01;2.4750000e+02;-6.0639203e-02;2.4750000e+02;-5.3497389e-02;2.4750000e+02;-2.5220111e-02;2.4750000e+02;2.5768705e-02;2.4750000e+02;9.3097240e-02;2.4750000e+02;1.7182457e-01;2.4750000e+02;2.0818162e-01;2.4750000e+02;2.0629871e-01;2.4750000e+02;1.9850585e-01;2.4750000e+02;2.3092492e-01;2.4750000e+02;1.9438589e-01;2.4750000e+02;1.3943651e-01;2.4750000e+02;8.8043019e-02;2.4750000e+02;3.6782160e-02;2.4750000e+02;-8.4682405e-03;2.4750000e+02;-5.3433195e-02;2.4750000e+02;-9.3612365e-02;2.4750000e+02;-1.3935661e-01;2.4750000e+02;-6.0639203e-02;2.4750000e+02;-5.3497389e-02;2.4750000e+02;-2.5220111e-02;2.4750000e+02;2.5768705e-02;2.4750000e+02;9.3097240e-02;2.4750000e+02;1.7182457e-01;2.4750000e+02;2.0818162e-01;2.4750000e+02;2.0629871e-01;2.4750000e+02;1.9850585e-01;2.4750000e+02;2.3092492e-01;2.4750000e+02;1.9438589e-01;2.4750000e+02;1.3943651e-01;2.4750000e+02;8.8043019e-02;2.4750000e+02;3.6782160e-02;2.4750000e+02;-8.4682405e-03;2.4750000e+02;-5.3433195e-02;2.4750000e+02;-9.3612365e-02;2.4750000e+02;-1.3935661e-01;2.4750000e+02;-6.0639203e-02;2.4750000e+02;-5.3497389e-02;2.4750000e+02;-2.5220111e-02;2.4750000e+02;2.5768705e-02;2.4750000e+02;9.3097240e-02;2.4750000e+02;1.7182457e-01;2.4750000e+02;2.0818162e-01;2.4750000e+02;2.0629871e-01;2.4750000e+02;1.9850585e-01;2.4750000e+02;2.3092492e-01;2.4750000e+02;1.9438589e-01;2.4750000e+02;1.3943651e-01;2.4750000e+02;8.8043019e-02;2.4750000e+02;3.6782160e-02;2.4750000e+02;-8.4682405e-03;2.4750000e+02;-5.3433195e-02;2.4750000e+02;-9.3612365e-02;2.4750000e+02;-1.3935661e-01;2.4750000e+02;-6.0639203e-02;2.4750000e+02;-5.3497389e-02;2.4750000e+02;-2.5220111e-02;2.4750000e+02;2.5768705e-02;2.4750000e+02;9.3097240e-02;2.4750000e+02;1.7182457e-01;2.4750000e+02;2.0818162e-01;2.4750000e+02;2.0629871e-01;2.4750000e+02;1.9850585e-01;2.4750000e+02;2.3092492e-01;2.4750000e+02;1.9438589e-01;2.4750000e+02;1.3943651e-01;2.4750000e+02;8.8043019e-02;2.4750000e+02;3.6782160e-02;2.4750000e+02;-8.4682405e-03;2.4750000e+02;-5.3433195e-02;2.4750000e+02;-9.3612365e-02;2.4750000e+02;-1.3935661e-01;2.4750000e+02;-6.0639203e-02;2.4750000e+02;-5.3497389e-02;2.4750000e+02;-2.5220111e-02;2.4750000e+02;2.5768705e-02;2.4750000e+02;9.3097240e-02;2.4750000e+02;1.7182457e-01;2.4750000e+02;2.0818162e-01;2.4750000e+02;2.0629871e-01;2.4750000e+02;1.9850585e-01;2.4750000e+02;2.3092492e-01;2.4750000e+02;1.9438589e-01;2.4750000e+02;1.3943651e-01;2.4750000e+02;8.8043019e-02;2.4750000e+02;3.6782160e-02;2.4750000e+02;-8.4682405e-03;2.4750000e+02;-5.3433195e-02;2.4750000e+02;-9.3612365e-02;2.4750000e+02;-1.3935661e-01;2.4750000e+02;-6.0639203e-02;2.4750000e+02;-5.3497389e-02;2.4750000e+02;-2.5220111e-02;2.4750000e+02;2.5768705e-02;2.4750000e+02;9.3097240e-02;2.4750000e+02;1.7182457e-01;2.4750000e+02;2.0818162e-01;2.4750000e+02;2.0629871e-01;2.4750000e+02;1.9850585e-01;2.4750000e+02;2.3092492e-01;2.4750000e+02;1.9438589e-01;2.4750000e+02;1.3943651e-01;2.4750000e+02;8.8043019e-02;2.4750000e+02;3.6782160e-02;2.4750000e+02;-8.4682405e-03;2.4750000e+02;-5.3433195e-02;2.4750000e+02;-9.3612365e-02;2.4750000e+02;-1.3935661e-01;2.4750000e+02;-6.0639203e-02;2.4750000e+02;-5.3497389e-02;2.4750000e+02;-2.5220111e-02;2.4750000e+02;2.5768705e-02;2.4750000e+02;9.3097240e-02;2.4750000e+02;1.7182457e-01;2.4750000e+02;2.0818162e-01;2.4750000e+02;2.0629871e-01;2.4750000e+02;1.9850585e-01;2.4750000e+02;2.3092492e-01;2.4750000e+02;1.9438589e-01;2.4750000e+02;1.3943651e-01;2.4750000e+02;8.8043019e-02;2.4750000e+02;3.6782160e-02;2.4750000e+02;-8.4682405e-03;2.4750000e+02;-5.3433195e-02;2.4750000e+02;-9.3612365e-02;2.4750000e+02;-1.3935661e-01;2.4750000e+02;-6.0639203e-02;2.4750000e+02;-5.3497389e-02;2.4750000e+02;-2.5220111e-02;2.4750000e+02;2.5768705e-02;2.4750000e+02;9.3097240e-02;2.4750000e+02;1.7182457e-01;2.4750000e+02;2.0818162e-01;2.4750000e+02;2.0629871e-01;2.4750000e+02;1.9850585e-01;2.4750000e+02;2.3092492e-01;2.4750000e+02;1.9438589e-01;2.4750000e+02;1.3943651e-01;2.4750000e+02;8.8043019e-02;2.4750000e+02;3.6782160e-02;2.4750000e+02;-8.4682405e-03;2.4750000e+02;-5.3433195e-02;2.4750000e+02;-9.3612365e-02;2.4750000e+02;-1.3935661e-01;2.4750000e+02;-6.0639203e-02;2.4750000e+02;-5.3497389e-02;2.4750000e+02;-2.5220111e-02;2.4750000e+02;2.5768705e-02;2.4750000e+02;9.3097240e-02;2.4750000e+02;1.7182457e-01;2.4750000e+02;2.0818162e-01;2.4750000e+02;2.0629871e-01;2.4750000e+02;1.9850585e-01;2.4750000e+02;2.3092492e-01;2.4750000e+02;1.9438589e-01;2.4750000e+02;1.3943651e-01;2.4750000e+02;8.8043019e-02;2.4750000e+02;3.6782160e-02;2.4750000e+02;-8.4682405e-03;2.4750000e+02;-5.3433195e-02;2.4750000e+02;-9.3612365e-02;2.4750000e+02;-1.3935661e-01;2.4750000e+02;-6.0639203e-02;2.4750000e+02;-5.3497389e-02;2.4750000e+02;-2.5220111e-02;2.4750000e+02;2.5768705e-02;2.4750000e+02;9.3097240e-02;2.4750000e+02;1.7182457e-01;2.4750000e+02;2.0818162e-01;2.4750000e+02;2.0629871e-01;2.4750000e+02;1.9850585e-01;2.4750000e+02;2.3092492e-01;2.4750000e+02;1.9438589e-01;2.4750000e+02;1.3943651e-01;2.4750000e+02;8.8043019e-02;2.4750000e+02;3.6782160e-02;2.4750000e+02;-8.4682405e-03;2.4750000e+02;-5.3433195e-02;2.4750000e+02;-9.3612365e-02;2.4750000e+02;-1.3935661e-01;2.4750000e+02;-6.0639203e-02;2.4750000e+02;-5.3497389e-02;2.4750000e+02;-2.5220111e-02;2.4750000e+02;2.5768705e-02;2.4750000e+02;9.3097240e-02;2.4750000e+02;1.7182457e-01;2.4750000e+02;2.0818162e-01;2.4750000e+02;2.0629871e-01;2.4750000e+02;1.9850585e-01;2.4750000e+02;2.3092492e-01;2.4750000e+02;1.9438589e-01;2.4750000e+02;1.3943651e-01;2.4750000e+02;8.8043019e-02;2.4750000e+02;3.6782160e-02;2.4750000e+02;-8.4682405e-03;2.4750000e+02;-5.3433195e-02;2.4750000e+02;-9.3612365e-02;2.4750000e+02;-1.3935661e-01;2.4750000e+02;-6.0639203e-02;2.4750000e+02;-5.3497389e-02;2.4750000e+02;-2.5220111e-02;2.4750000e+02;2.5768705e-02;2.4750000e+02;9.3097240e-02;2.4750000e+02;1.7182457e-01;2.4750000e+02;2.0818162e-01;2.4750000e+02;2.0629871e-01;2.4750000e+02;1.9850585e-01;2.4750000e+02;2.3092492e-01;2.4750000e+02;1.9438589e-01;2.4750000e+02;1.3943651e-01;2.4750000e+02;8.8043019e-02;2.4750000e+02;3.6782160e-02;2.4750000e+02;-8.4682405e-03;2.4750000e+02;-5.3433195e-02;2.4750000e+02;-9.3612365e-02;2.4750000e+02;-1.3935661e-01;2.4750000e+02;-6.0639203e-02;2.4750000e+02;-5.3497389e-02;2.4750000e+02;-2.5220111e-02;2.4750000e+02;2.5768705e-02;2.4750000e+02;9.3097240e-02;2.4750000e+02;1.7182457e-01;2.4750000e+02;2.0818162e-01;2.4750000e+02;2.0629871e-01;2.4750000e+02;1.9850585e-01;2.4750000e+02;2.3092492e-01;2.4750000e+02;1.9438589e-01;2.4750000e+02;1.3943651e-01;2.4750000e+02;8.8043019e-02;2.4750000e+02;3.6782160e-02;2.4750000e+02;-8.4682405e-03;2.4750000e+02;-5.3433195e-02;2.4750000e+02;-9.3612365e-02;2.4750000e+02;-1.3935661e-01;2.4750000e+02;-6.0639203e-02;2.4750000e+02;-5.3497389e-02;2.4750000e+02;-2.5220111e-02;2.4750000e+02;2.5768705e-02;2.4750000e+02;9.3097240e-02;2.4750000e+02;1.7182457e-01;2.4750000e+02;2.0818162e-01;2.4750000e+02;2.0629871e-01;2.4750000e+02;1.9850585e-01;2.4750000e+02;2.3092492e-01;2.4750000e+02;1.9438589e-01;2.4750000e+02;1.3943651e-01;2.4750000e+02;8.8043019e-02;2.4750000e+02;3.6782160e-02;2.4750000e+02;-8.4682405e-03;2.4750000e+02;-5.3433195e-02;2.4750000e+02;-9.3612365e-02;2.4750000e+02;-1.3935661e-01;2.4750000e+02;-6.0639203e-02;2.4750000e+02;-5.3497389e-02;2.4750000e+02;-2.5220111e-02;2.4750000e+02;2.5768705e-02;2.4750000e+02;9.3097240e-02;2.4750000e+02;1.7182457e-01;2.4750000e+02;2.0818162e-01;2.4750000e+02;2.0629871e-01;2.4750000e+02;1.9850585e-01;2.4750000e+02;2.3092492e-01;2.4750000e+02;1.9438589e-01;2.4750000e+02;1.3943651e-01;2.4750000e+02;8.8043019e-02;2.4750000e+02;3.6782160e-02;2.4750000e+02;-8.4682405e-03;2.4750000e+02;-5.3433195e-02;2.4750000e+02;-9.3612365e-02;2.4750000e+02;-1.3935661e-01;2.4750000e+02;-6.0639203e-02;2.4750000e+02;-5.3497389e-02;2.4750000e+02;-2.5220111e-02;2.4750000e+02;2.5768705e-02;2.4750000e+02;9.3097240e-02;2.4750000e+02;1.7182457e-01;2.4750000e+02;2.0818162e-01;2.4750000e+02;2.0629871e-01;2.4750000e+02;1.9850585e-01;2.4750000e+02;2.3092492e-01;2.4750000e+02;1.9438589e-01;2.4750000e+02;1.3943651e-01;2.4750000e+02;8.8043019e-02;2.4750000e+02;3.6782160e-02;2.4750000e+02;-8.4682405e-03;2.4750000e+02;-5.3433195e-02;2.4750000e+02;-9.3612365e-02;2.4750000e+02;-1.3935661e-01;2.4750000e+02;-6.0639203e-02;2.4750000e+02;-5.3497389e-02;2.4750000e+02;-2.5220111e-02;2.4750000e+02;2.5768705e-02;2.4750000e+02;9.3097240e-02;2.4750000e+02;1.7182457e-01;2.4750000e+02;2.0818162e-01;2.4750000e+02;2.0629871e-01;2.4750000e+02;1.9850585e-01;2.4750000e+02;2.3092492e-01;2.4750000e+02;1.9438589e-01;2.4750000e+02;1.3943651e-01;2.4750000e+02;8.8043019e-02;2.4750000e+02;3.6782160e-02;2.4750000e+02;-8.4682405e-03;2.4750000e+02;-5.3433195e-02;2.4750000e+02;-9.3612365e-02;2.4750000e+02;-1.3935661e-01;2.4750000e+02;-6.0639203e-02;2.4750000e+02;-5.3497389e-02;2.4750000e+02;-2.5220111e-02;2.4750000e+02;2.5768705e-02;2.4750000e+02;9.3097240e-02;2.4750000e+02;1.7182457e-01;2.4750000e+02;2.0818162e-01;2.4750000e+02;2.0629871e-01;2.4750000e+02;1.9850585e-01;2.4750000e+02;2.3092492e-01;2.4750000e+02;1.9438589e-01;2.4750000e+02;1.3943651e-01;2.4750000e+02;8.8043019e-02;2.4750000e+02;3.6782160e-02;2.4750000e+02;-8.4682405e-03;2.4750000e+02;-5.3433195e-02;2.4750000e+02;-9.3612365e-02;2.4750000e+02;-1.3935661e-01;2.4750000e+02;-6.0639203e-02;2.4750000e+02;-5.3497389e-02;2.4750000e+02;-2.5220111e-02;2.4750000e+02;2.5768705e-02;2.4750000e+02;9.3097240e-02;2.4750000e+02;1.7182457e-01;2.4750000e+02;2.0818162e-01;2.4750000e+02;2.0629871e-01;2.4750000e+02;1.9850585e-01;2.4750000e+02;2.3092492e-01;2.4750000e+02;1.9438589e-01;2.4750000e+02;1.3943651e-01;2.4750000e+02;8.8043019e-02;2.4750000e+02;3.6782160e-02;2.4750000e+02;-8.4682405e-03;2.4750000e+02;-5.3433195e-02;2.4750000e+02;-9.3612365e-02;2.4750000e+02;-1.3935661e-01;2.4750000e+02;-6.0639203e-02;2.4750000e+02;-5.3497389e-02;2.4750000e+02;-2.5220111e-02;2.4750000e+02;2.5768705e-02;2.4750000e+02;9.3097240e-02;2.4750000e+02;1.7182457e-01;2.4750000e+02;2.0818162e-01;2.4750000e+02;2.0629871e-01;2.4750000e+02;1.9850585e-01;2.4750000e+02;2.3092492e-01;2.4750000e+02;1.9438589e-01;2.4750000e+02;1.3943651e-01;2.4750000e+02;8.8043019e-02;2.4750000e+02;3.6782160e-02;2.4750000e+02;-8.4682405e-03;2.4750000e+02;-5.3433195e-02;2.4750000e+02;-9.3612365e-02;2.4750000e+02;-1.3935661e-01;2.4750000e+02;-6.0639203e-02;2.4750000e+02;-5.3497389e-02;2.4750000e+02;-2.5220111e-02;2.4750000e+02;2.5768705e-02;2.4750000e+02;9.3097240e-02;2.4750000e+02;1.7182457e-01;2.4750000e+02;2.0818162e-01;2.4750000e+02;2.0629871e-01;2.4750000e+02;1.9850585e-01;2.4750000e+02;2.3092492e-01;2.4750000e+02;1.9438589e-01;2.4750000e+02;1.3943651e-01;2.4750000e+02;8.8043019e-02;2.4750000e+02;3.6782160e-02;2.4750000e+02;-8.4682405e-03;2.4750000e+02;-5.3433195e-02;2.4750000e+02;-9.3612365e-02;2.4750000e+02;-1.3935661e-01;2.4750000e+02;-6.0639203e-02;2.4750000e+02;-5.3497389e-02;2.4750000e+02;-2.5220111e-02;2.4750000e+02;2.5768705e-02;2.4750000e+02;9.3097240e-02;2.4750000e+02;1.7182457e-01;2.4750000e+02;2.0818162e-01;2.4750000e+02;2.0629871e-01;2.4750000e+02;1.9850585e-01;2.4750000e+02;2.3092492e-01;2.4750000e+02;1.9438589e-01;2.4750000e+02;1.3943651e-01;2.4750000e+02;8.8043019e-02;2.4750000e+02;3.6782160e-02;2.4750000e+02;-8.4682405e-03;2.4750000e+02;-5.3433195e-02;2.4750000e+02;-9.3612365e-02;2.4750000e+02;-1.3935661e-01;2.4750000e+02;-6.0639203e-02;2.4750000e+02;-5.3497389e-02;2.4750000e+02;-2.5220111e-02;2.4750000e+02;2.5768705e-02;2.4750000e+02;9.3097240e-02;2.4750000e+02;1.7182457e-01;2.4750000e+02;2.0818162e-01;2.4750000e+02;2.0629871e-01;2.4750000e+02;1.9850585e-01;2.4750000e+02;2.3092492e-01;2.4750000e+02;1.9438589e-01;2.4750000e+02;1.3943651e-01;2.4750000e+02;8.8043019e-02;2.4750000e+02;3.6782160e-02;2.4750000e+02;-8.4682405e-03;2.4750000e+02;-5.3433195e-02;2.4750000e+02;-9.3612365e-02;2.4750000e+02;-1.3935661e-01;2.4750000e+02;-6.0639203e-02;2.4750000e+02;-5.3497389e-02;2.4750000e+02;-2.5220111e-02;2.4750000e+02;2.5768705e-02;2.4750000e+02;9.3097240e-02;2.4750000e+02;1.7182457e-01;2.4750000e+02;2.0818162e-01;2.4750000e+02;2.0629871e-01;2.4750000e+02;1.9850585e-01;2.4750000e+02;2.3092492e-01;2.4750000e+02;1.9438589e-01;2.4750000e+02;1.3943651e-01;2.4750000e+02;8.8043019e-02;2.4750000e+02;3.6782160e-02;2.4750000e+02;-8.4682405e-03;2.4750000e+02;-5.3433195e-02;2.4750000e+02;-9.3612365e-02;2.4750000e+02;-1.3935661e-01;2.4750000e+02;-6.0639203e-02;2.4750000e+02;-5.3497389e-02;2.4750000e+02;-2.5220111e-02;2.4750000e+02;2.5768705e-02;2.4750000e+02;9.3097240e-02;2.4750000e+02;1.7182457e-01;2.4750000e+02;2.0818162e-01;2.4750000e+02;2.0629871e-01;2.4750000e+02;1.9850585e-01;2.4750000e+02;2.3092492e-01;2.4750000e+02;1.9438589e-01;2.4750000e+02;1.3943651e-01;2.4750000e+02;8.8043019e-02;2.4750000e+02;3.6782160e-02;2.4750000e+02;-8.4682405e-03;2.4750000e+02;-5.3433195e-02;2.4750000e+02;-9.3612365e-02;2.4750000e+02;-1.3935661e-01;2.4750000e+02;-6.0639203e-02;2.4750000e+02;-5.3497389e-02;2.4750000e+02;-2.5220111e-02;2.4750000e+02;2.5768705e-02;2.4750000e+02;9.3097240e-02;2.4750000e+02;1.7182457e-01;2.4750000e+02;2.0818162e-01;2.4750000e+02;2.0629871e-01;2.4750000e+02;1.9850585e-01;2.4750000e+02;2.3092492e-01;2.4750000e+02;1.9438589e-01;2.4750000e+02;1.3943651e-01;2.4750000e+02;8.8043019e-02;2.4750000e+02;3.6782160e-02;2.4750000e+02;-8.4682405e-03;2.4750000e+02;-5.3433195e-02;2.4750000e+02;-9.3612365e-02;2.4750000e+02;-1.3935661e-01;2.4750000e+02;-6.0639203e-02;2.4750000e+02;-5.3497389e-02;2.4750000e+02;-2.5220111e-02;2.4750000e+02;2.5768705e-02;2.4750000e+02;9.3097240e-02;2.4750000e+02;1.7182457e-01;2.4750000e+02;2.0818162e-01;2.4750000e+02;2.0629871e-01;2.4750000e+02;1.9850585e-01;2.4750000e+02;2.3092492e-01;2.4750000e+02;1.9438589e-01;2.4750000e+02;1.3943651e-01;2.4750000e+02;8.8043019e-02;2.4750000e+02;3.6782160e-02;2.4750000e+02;-8.4682405e-03;2.4750000e+02;-5.3433195e-02;2.4750000e+02;-9.3612365e-02;2.4750000e+02;-1.3935661e-01;2.4750000e+02;-6.0639203e-02;2.4750000e+02;-5.3497389e-02;2.4750000e+02;-2.5220111e-02;2.4750000e+02;2.5768705e-02;2.4750000e+02;9.3097240e-02;2.4750000e+02;1.7182457e-01;2.4750000e+02;2.0818162e-01;2.4750000e+02;2.0629871e-01;2.4750000e+02;1.9850585e-01;2.4750000e+02;2.3092492e-01;2.4750000e+02;1.9438589e-01;2.4750000e+02;1.3943651e-01;2.4750000e+02;8.8043019e-02;2.4750000e+02;3.6782160e-02;2.4750000e+02;-8.4682405e-03;2.4750000e+02;-5.3433195e-02;2.4750000e+02;-9.3612365e-02;2.4750000e+02;-1.3935661e-01;2.4750000e+02;-6.0639203e-02;2.4750000e+02;-5.3497389e-02;2.4750000e+02;-2.5220111e-02;2.4750000e+02;2.5768705e-02;2.4750000e+02;9.3097240e-02;2.4750000e+02;1.7182457e-01;2.4750000e+02;2.0818162e-01;2.4750000e+02;2.0629871e-01;2.4750000e+02;1.9850585e-01;2.4750000e+02;2.3092492e-01;2.4750000e+02;1.9438589e-01;2.4750000e+02;1.3943651e-01;2.4750000e+02;8.8043019e-02;2.4750000e+02;3.6782160e-02;2.4750000e+02;-8.4682405e-03;2.4750000e+02;-5.3433195e-02;2.4750000e+02;-9.3612365e-02;2.4750000e+02;-1.3935661e-01;2.4750000e+02;-6.0639203e-02;2.4750000e+02;-5.3497389e-02;2.4750000e+02;-2.5220111e-02;2.4750000e+02;2.5768705e-02;2.4750000e+02;9.3097240e-02;2.4750000e+02;1.7182457e-01;2.4750000e+02;2.0818162e-01;2.4750000e+02;2.0629871e-01;2.4750000e+02;1.9850585e-01;2.4750000e+02;2.3092492e-01;2.4750000e+02;1.9438589e-01;2.4750000e+02;1.3943651e-01;2.4750000e+02;8.8043019e-02;2.4750000e+02;3.6782160e-02;2.4750000e+02;-8.4682405e-03;2.4750000e+02;-5.3433195e-02;2.4750000e+02;-9.3612365e-02;2.4750000e+02;-1.3935661e-01;2.4750000e+02;-6.0639203e-02;2.4750000e+02;-5.3497389e-02;2.4750000e+02;-2.5220111e-02;2.4750000e+02;2.5768705e-02;2.4750000e+02;9.3097240e-02;2.4750000e+02;1.7182457e-01;2.4750000e+02;2.0818162e-01;2.4750000e+02;2.0629871e-01;2.4750000e+02;1.9850585e-01;2.4750000e+02;2.3092492e-01;2.4750000e+02;1.9438589e-01;2.4750000e+02;1.3943651e-01;2.4750000e+02;8.8043019e-02;2.4750000e+02;3.6782160e-02;2.4750000e+02;-8.4682405e-03;2.4750000e+02;-5.3433195e-02;2.4750000e+02;-9.3612365e-02;2.4750000e+02;-1.3935661e-01;2.4750000e+02;-6.0639203e-02;2.4750000e+02;-5.3497389e-02;2.4750000e+02;-2.5220111e-02;2.4750000e+02;2.5768705e-02;2.4750000e+02;9.3097240e-02;2.4750000e+02;1.7182457e-01;2.4750000e+02;2.0818162e-01;2.4750000e+02;2.0629871e-01;2.4750000e+02;1.9850585e-01;2.4750000e+02;2.3092492e-01;2.4750000e+02;1.9438589e-01;2.4750000e+02;1.3943651e-01;2.4750000e+02;8.8043019e-02;2.4750000e+02;3.6782160e-02;2.4750000e+02;-8.4682405e-03;2.4750000e+02;-5.3433195e-02;2.4750000e+02;-9.3612365e-02;2.4750000e+02;-1.3935661e-01;2.4750000e+02;-6.0639203e-02;2.4750000e+02;-5.3497389e-02;2.4750000e+02;-2.5220111e-02;2.4750000e+02;2.5768705e-02;2.4750000e+02;9.3097240e-02;2.4750000e+02;1.7182457e-01;2.4750000e+02;2.0818162e-01;2.4750000e+02;2.0629871e-01;2.4750000e+02;1.9850585e-01;2.4750000e+02;2.3092492e-01;2.4750000e+02;1.9438589e-01;2.4750000e+02;1.3943651e-01;2.4750000e+02;8.8043019e-02;2.4750000e+02;3.6782160e-02;2.4750000e+02;-8.4682405e-03;2.4750000e+02;-5.3433195e-02;2.4750000e+02;-9.3612365e-02;2.4750000e+02;-1.3935661e-01;2.4750000e+02;-6.0639203e-02;2.4750000e+02;-5.3497389e-02;2.4750000e+02;-2.5220111e-02;2.4750000e+02;2.5768705e-02;2.4750000e+02;9.3097240e-02;2.4750000e+02;1.7182457e-01;2.4750000e+02;2.0818162e-01;2.4750000e+02;2.0629871e-01;2.4750000e+02;1.9850585e-01;2.4750000e+02;2.3092492e-01;2.4750000e+02;1.9438589e-01;2.4750000e+02;1.3943651e-01;2.4750000e+02;8.8043019e-02;2.4750000e+02;3.6782160e-02;2.4750000e+02;-8.4682405e-03;2.4750000e+02;-5.3433195e-02;2.4750000e+02;-9.3612365e-02;2.4750000e+02;-1.3935661e-01;2.4750000e+02;-6.0639203e-02;2.4750000e+02;-5.3497389e-02;2.4750000e+02;-2.5220111e-02;2.4750000e+02;2.5768705e-02;2.4750000e+02;9.3097240e-02;2.4750000e+02;1.7182457e-01;2.4750000e+02;2.0818162e-01;2.4750000e+02;2.0629871e-01;2.4750000e+02;1.9850585e-01;2.4750000e+02;2.3092492e-01;2.4750000e+02;1.9438589e-01;2.4750000e+02;1.3943651e-01;2.4750000e+02;8.8043019e-02;2.4750000e+02;3.6782160e-02;2.4750000e+02;-8.4682405e-03;2.4750000e+02;-5.3433195e-02;2.4750000e+02;-9.3612365e-02;2.4750000e+02;-1.3935661e-01;2.4750000e+02;-6.0639203e-02;2.4750000e+02;-5.3497389e-02;2.4750000e+02;-2.5220111e-02;2.4750000e+02;2.5768705e-02;2.4750000e+02;9.3097240e-02;2.4750000e+02;1.7182457e-01;2.4750000e+02;2.0818162e-01;2.4750000e+02;2.0629871e-01;2.4750000e+02;1.9850585e-01;2.4750000e+02;2.3092492e-01;2.4750000e+02;1.9438589e-01;2.4750000e+02;1.3943651e-01;2.4750000e+02;8.8043019e-02;2.4750000e+02;3.6782160e-02;2.4750000e+02;-8.4682405e-03;2.4750000e+02;-5.3433195e-02;2.4750000e+02;-9.3612365e-02;2.4750000e+02;-1.3935661e-01;2.4750000e+02;-6.0639203e-02;2.4750000e+02;-5.3497389e-02;2.4750000e+02;-2.5220111e-02;2.4750000e+02;2.5768705e-02;2.4750000e+02;9.3097240e-02;2.4750000e+02;1.7182457e-01;2.4750000e+02;2.0818162e-01;2.4750000e+02;2.0629871e-01;2.4750000e+02;1.9850585e-01;2.4750000e+02;2.3092492e-01;2.4750000e+02;1.9438589e-01;2.4750000e+02;1.3943651e-01;2.4750000e+02;8.8043019e-02;2.4750000e+02;3.6782160e-02;2.4750000e+02;-8.4682405e-03;2.4750000e+02;-5.3433195e-02;2.4750000e+02;-9.3612365e-02;2.4750000e+02;-1.3935661e-01;2.4750000e+02;-6.0639203e-02;2.4750000e+02;-5.3497389e-02;2.4750000e+02;-2.5220111e-02;2.4750000e+02;2.5768705e-02;2.4750000e+02;9.3097240e-02;2.4750000e+02;1.7182457e-01;2.4750000e+02;2.0818162e-01;2.4750000e+02;2.0629871e-01;2.4750000e+02;1.9850585e-01;2.4750000e+02;2.3092492e-01;2.4750000e+02;1.9438589e-01;2.4750000e+02;1.3943651e-01;2.4750000e+02;8.8043019e-02;2.4750000e+02;3.6782160e-02;2.4750000e+02;-8.4682405e-03;2.4750000e+02;-5.3433195e-02;2.4750000e+02;-9.3612365e-02;2.4750000e+02;-1.3935661e-01;2.4750000e+02;-6.0639203e-02;2.4750000e+02;-5.3497389e-02;2.4750000e+02;-2.5220111e-02;2.4750000e+02;2.5768705e-02;2.4750000e+02;9.3097240e-02;2.4750000e+02;1.7182457e-01;2.4750000e+02;2.0818162e-01;2.4750000e+02;2.0629871e-01;2.4750000e+02;1.9850585e-01;2.4750000e+02;2.3092492e-01;2.4750000e+02;1.9438589e-01;2.4750000e+02;1.3943651e-01;2.4750000e+02;8.8043019e-02;2.4750000e+02;3.6782160e-02;2.4750000e+02;-8.4682405e-03;2.4750000e+02;-5.3433195e-02;2.4750000e+02;-9.3612365e-02;2.4750000e+02;-1.3935661e-01;2.4750000e+02;-6.0639203e-02;2.4750000e+02;-5.3497389e-02;2.4750000e+02;-2.5220111e-02;2.4750000e+02;2.5768705e-02;2.4750000e+02;9.3097240e-02;2.4750000e+02;1.7182457e-01;2.4750000e+02;2.0818162e-01;2.4750000e+02;2.0629871e-01;2.4750000e+02;1.9850585e-01;2.4750000e+02;2.3092492e-01;2.4750000e+02;1.9438589e-01;2.4750000e+02;1.3943651e-01;2.4750000e+02;8.8043019e-02;2.4750000e+02;3.6782160e-02;2.4750000e+02;-8.4682405e-03;2.4750000e+02;-5.3433195e-02;2.4750000e+02;-9.3612365e-02;2.4750000e+02;-1.3935661e-01;2.4750000e+02;-6.0639203e-02;2.4750000e+02;-5.3497389e-02;2.4750000e+02;-2.5220111e-02;2.4750000e+02;2.5768705e-02;2.4750000e+02;9.3097240e-02;2.4750000e+02;1.7182457e-01;2.4750000e+02;2.0818162e-01;2.4750000e+02;2.0629871e-01;2.4750000e+02;1.9850585e-01;2.4750000e+02;2.3092492e-01;2.4750000e+02;1.9438589e-01;2.4750000e+02;1.3943651e-01;2.4750000e+02;8.8043019e-02;2.4750000e+02;3.6782160e-02;2.4750000e+02;-8.4682405e-03;2.4750000e+02;-5.3433195e-02;2.4750000e+02;-9.3612365e-02;2.4750000e+02;-1.3935661e-01;2.4750000e+02;-6.0639203e-02;2.4750000e+02;-5.3497389e-02;2.4750000e+02;-2.5220111e-02;2.4750000e+02;2.5768705e-02;2.4750000e+02;9.3097240e-02;2.4750000e+02;1.7182457e-01;2.4750000e+02;2.0818162e-01;2.4750000e+02;2.0629871e-01;2.4750000e+02;1.9850585e-01;2.4750000e+02;2.3092492e-01;2.4750000e+02;1.9438589e-01;2.4750000e+02;1.3943651e-01;2.4750000e+02;8.8043019e-02;2.4750000e+02;3.6782160e-02;2.4750000e+02;-8.4682405e-03;2.4750000e+02;-5.3433195e-02;2.4750000e+02;-9.3612365e-02;2.4750000e+02;-1.3935661e-01;2.4750000e+02;-6.0639203e-02;2.4750000e+02;-5.3497389e-02;2.4750000e+02;-2.5220111e-02;2.4750000e+02;2.5768705e-02;2.4750000e+02;9.3097240e-02;2.4750000e+02;1.7182457e-01;2.4750000e+02;2.0818162e-01;2.4750000e+02;2.0629871e-01;2.4750000e+02;1.9850585e-01;2.4750000e+02;2.3092492e-01;2.4750000e+02;1.9438589e-01;2.4750000e+02;1.3943651e-01;2.4750000e+02;8.8043019e-02;2.4750000e+02;3.6782160e-02;2.4750000e+02;-8.4682405e-03;2.4750000e+02;-5.3433195e-02;2.4750000e+02;-9.3612365e-02;2.4750000e+02;-1.3935661e-01;2.4750000e+02;-6.0639203e-02;2.4750000e+02;-5.3497389e-02;2.4750000e+02;-2.5220111e-02;2.4750000e+02;2.5768705e-02;2.4750000e+02;9.3097240e-02;2.4750000e+02;1.7182457e-01;2.4750000e+02;2.0818162e-01;2.4750000e+02;2.0629871e-01;2.4750000e+02;1.9850585e-01;2.4750000e+02;2.3092492e-01;2.4750000e+02;1.9438589e-01;2.4750000e+02;1.3943651e-01;2.4750000e+02;8.8043019e-02;2.4750000e+02;3.6782160e-02;2.4750000e+02;-8.4682405e-03;2.4750000e+02;-5.3433195e-02;2.4750000e+02;-9.3612365e-02;2.4750000e+02;-1.3935661e-01;2.4750000e+02;-6.0639203e-02;2.4750000e+02;-5.3497389e-02;2.4750000e+02;-2.5220111e-02;2.4750000e+02;2.5768705e-02;2.4750000e+02;9.3097240e-02;2.4750000e+02;1.7182457e-01;2.4750000e+02;2.0818162e-01;2.4750000e+02;2.0629871e-01;2.4750000e+02;1.9850585e-01;2.4750000e+02;2.3092492e-01;2.4750000e+02;1.9438589e-01;2.4750000e+02;1.3943651e-01;2.4750000e+02;8.8043019e-02;2.4750000e+02;3.6782160e-02;2.4750000e+02;-8.4682405e-03;2.4750000e+02;-5.3433195e-02;2.4750000e+02;-9.3612365e-02;2.4750000e+02;-1.3935661e-01;2.4750000e+02;-6.0639203e-02;2.4750000e+02;-5.3497389e-02;2.4750000e+02;-2.5220111e-02;2.4750000e+02;2.5768705e-02;2.4750000e+02;9.3097240e-02;2.4750000e+02;1.7182457e-01;2.4750000e+02;2.0818162e-01;2.4750000e+02;2.0629871e-01;2.4750000e+02;1.9850585e-01;2.4750000e+02;2.3092492e-01;2.4750000e+02;1.9438589e-01;2.4750000e+02;1.3943651e-01;2.4750000e+02;8.8043019e-02;2.4750000e+02;3.6782160e-02;2.4750000e+02;-8.4682405e-03;2.4750000e+02;-5.3433195e-02;2.4750000e+02;-9.3612365e-02;2.4750000e+02;-1.3935661e-01;2.4750000e+02;-6.0639203e-02;2.4750000e+02;-5.3497389e-02;2.4750000e+02;-2.5220111e-02;2.4750000e+02;2.5768705e-02;2.4750000e+02;9.3097240e-02;2.4750000e+02;1.7182457e-01;2.4750000e+02;2.0818162e-01;2.4750000e+02;2.0629871e-01;2.4750000e+02;1.9850585e-01;2.4750000e+02;2.3092492e-01;2.4750000e+02;1.9438589e-01;2.4750000e+02;1.3943651e-01;2.4750000e+02;8.8043019e-02;2.4750000e+02;3.6782160e-02;2.4750000e+02;-8.4682405e-03;2.4750000e+02;-5.3433195e-02;2.4750000e+02;-9.3612365e-02;2.4750000e+02;-1.3935661e-01;2.4750000e+02;-6.0639203e-02;2.4750000e+02;-5.3497389e-02;2.4750000e+02;-2.5220111e-02;2.4750000e+02;2.5768705e-02;2.4750000e+02;9.3097240e-02;2.4750000e+02;1.7182457e-01;2.4750000e+02;2.0818162e-01;2.4750000e+02;2.0629871e-01;2.4750000e+02;1.9850585e-01;2.4750000e+02;2.3092492e-01;2.4750000e+02;1.9438589e-01;2.4750000e+02;1.3943651e-01;2.4750000e+02;8.8043019e-02;2.4750000e+02;3.6782160e-02;2.4750000e+02;-8.4682405e-03;2.4750000e+02;-5.3433195e-02;2.4750000e+02;-9.3612365e-02;2.4750000e+02;-1.3935661e-01;2.4750000e+02;-6.0639203e-02;2.4750000e+02;-5.3497389e-02;2.4750000e+02;-2.5220111e-02;2.4750000e+02;2.5768705e-02;2.4750000e+02;9.3097240e-02;2.4750000e+02;1.7182457e-01;2.4750000e+02;2.0818162e-01;2.4750000e+02;2.0629871e-01;2.4750000e+02;1.9850585e-01;2.4750000e+02;2.3092492e-01;2.4750000e+02;1.9438589e-01;2.4750000e+02;1.3943651e-01;2.4750000e+02;8.8043019e-02;2.4750000e+02;3.6782160e-02;2.4750000e+02;-8.4682405e-03;2.4750000e+02;-5.3433195e-02;2.4750000e+02;-9.3612365e-02;2.4750000e+02;-1.3935661e-01;2.4750000e+02;-6.0639203e-02;2.4750000e+02;-5.3497389e-02;2.4750000e+02;-2.5220111e-02;2.4750000e+02;2.5768705e-02;2.4750000e+02;9.3097240e-02;2.4750000e+02;1.7182457e-01;2.4750000e+02;2.0818162e-01;2.4750000e+02;2.0629871e-01;2.4750000e+02;1.9850585e-01;2.4750000e+02;2.3092492e-01;2.4750000e+02;1.9438589e-01;2.4750000e+02;1.3943651e-01;2.4750000e+02;8.8043019e-02;2.4750000e+02;3.6782160e-02;2.4750000e+02;-8.4682405e-03;2.4750000e+02;-5.3433195e-02;2.4750000e+02;-9.3612365e-02;2.4750000e+02;-1.3935661e-01;2.4750000e+02;-6.0639203e-02;2.4750000e+02;-5.3497389e-02;2.4750000e+02;-2.5220111e-02;2.4750000e+02;2.5768705e-02;2.4750000e+02;9.3097240e-02;2.4750000e+02;1.7182457e-01;2.4750000e+02;2.0818162e-01;2.4750000e+02;2.0629871e-01;2.4750000e+02;1.9850585e-01;2.4750000e+02;2.3092492e-01;2.4750000e+02;1.9438589e-01;2.4750000e+02;1.3943651e-01;2.4750000e+02;8.8043019e-02;2.4750000e+02;3.6782160e-02;2.4750000e+02;-8.4682405e-03;2.4750000e+02;-5.3433195e-02;2.4750000e+02;-9.3612365e-02;2.4750000e+02;-1.3935661e-01;2.4750000e+02;-6.0639203e-02;2.4750000e+02;-5.3497389e-02;2.4750000e+02;-2.5220111e-02;2.4750000e+02;2.5768705e-02;2.4750000e+02;9.3097240e-02;2.4750000e+02;1.7182457e-01;2.4750000e+02;2.0818162e-01;2.4750000e+02;2.0629871e-01;2.4750000e+02;1.9850585e-01;2.4750000e+02;2.3092492e-01;2.4750000e+02;1.9438589e-01;2.4750000e+02;1.3943651e-01;2.4750000e+02;8.8043019e-02;2.4750000e+02;3.6782160e-02;2.4750000e+02;-8.4682405e-03;2.4750000e+02;-5.3433195e-02;2.4750000e+02;-9.3612365e-02;2.4750000e+02;-1.3935661e-01;2.4750000e+02;-6.0639203e-02;2.4750000e+02;-5.3497389e-02;2.4750000e+02;-2.5220111e-02;2.4750000e+02;2.5768705e-02;2.4750000e+02;9.3097240e-02;2.4750000e+02;1.7182457e-01;2.4750000e+02;2.0818162e-01;2.4750000e+02;2.0629871e-01;2.4750000e+02;1.9850585e-01;2.4750000e+02;2.3092492e-01;2.4750000e+02;1.9438589e-01;2.4750000e+02;1.3943651e-01;2.4750000e+02;8.8043019e-02;2.4750000e+02;3.6782160e-02;2.4750000e+02;-8.4682405e-03;2.4750000e+02;-5.3433195e-02;2.4750000e+02;-9.3612365e-02;2.4750000e+02;-1.3935661e-01;2.4750000e+02;-6.0639203e-02;2.4750000e+02;-5.3497389e-02;2.4750000e+02;-2.5220111e-02;2.4750000e+02;2.5768705e-02;2.4750000e+02;9.3097240e-02;2.4750000e+02;1.7182457e-01;2.4750000e+02;2.0818162e-01;2.4750000e+02;2.0629871e-01;2.4750000e+02;1.9850585e-01;2.4750000e+02;2.3092492e-01;2.4750000e+02;1.9438589e-01;2.4750000e+02;1.3943651e-01;2.4750000e+02;8.8043019e-02;2.4750000e+02;3.6782160e-02;2.4750000e+02;-8.4682405e-03;2.4750000e+02;-5.3433195e-02;2.4750000e+02;-9.3612365e-02;2.4750000e+02;-1.3935661e-01;2.4750000e+02;-6.0639203e-02;2.4750000e+02;-5.3497389e-02;2.4750000e+02;-2.5220111e-02;2.4750000e+02;2.5768705e-02;2.4750000e+02;9.3097240e-02;2.4750000e+02;1.7182457e-01;2.4750000e+02;2.0818162e-01;2.4750000e+02;2.0629871e-01;2.4750000e+02;1.9850585e-01;2.4750000e+02;2.3092492e-01;2.4750000e+02;1.9438589e-01;2.4750000e+02;1.3943651e-01;2.4750000e+02;8.8043019e-02;2.4750000e+02;3.6782160e-02;2.4750000e+02;-8.4682405e-03;2.4750000e+02;-5.3433195e-02;2.4750000e+02;-9.3612365e-02;2.4750000e+02;-1.3935661e-01;2.4750000e+02;-6.0639203e-02;2.4750000e+02;-5.3497389e-02;2.4750000e+02;-2.5220111e-02;2.4750000e+02;2.5768705e-02;2.4750000e+02;9.3097240e-02;2.4750000e+02;1.7182457e-01;2.4750000e+02;2.0818162e-01;2.4750000e+02;2.0629871e-01;2.4750000e+02;1.9850585e-01;2.4750000e+02;2.3092492e-01;2.4750000e+02;1.9438589e-01;2.4750000e+02;1.3943651e-01;2.4750000e+02;8.8043019e-02;2.4750000e+02;3.6782160e-02;2.4750000e+02;-8.4682405e-03;2.4750000e+02;-5.3433195e-02;2.4750000e+02;-9.3612365e-02;2.4750000e+02;-1.3935661e-01;2.4750000e+02;-6.0639203e-02;2.4750000e+02;-5.3497389e-02;2.4750000e+02;-2.5220111e-02;2.4750000e+02;2.5768705e-02;2.4750000e+02;9.3097240e-02;2.4750000e+02;1.7182457e-01;2.4750000e+02;2.0818162e-01;2.4750000e+02;2.0629871e-01;2.4750000e+02;1.9850585e-01;2.4750000e+02;2.3092492e-01;2.4750000e+02;1.9438589e-01;2.4750000e+02;1.3943651e-01;2.4750000e+02;8.8043019e-02;2.4750000e+02;3.6782160e-02;2.4750000e+02;-8.4682405e-03;2.4750000e+02;-5.3433195e-02;2.4750000e+02;-9.3612365e-02;2.4750000e+02;-1.3935661e-01;2.4750000e+02;-6.0639203e-02;2.4750000e+02;-5.3497389e-02;2.4750000e+02;-2.5220111e-02;2.4750000e+02;2.5768705e-02;2.4750000e+02;9.3097240e-02;2.4750000e+02;1.7182457e-01;2.4750000e+02;2.0818162e-01;2.4750000e+02;2.0629871e-01;2.4750000e+02;1.9850585e-01;2.4750000e+02;2.3092492e-01;2.4750000e+02;1.9438589e-01;2.4750000e+02;1.3943651e-01;2.4750000e+02;8.8043019e-02;2.4750000e+02;3.6782160e-02;2.4750000e+02;-8.4682405e-03;2.4750000e+02;-5.3433195e-02;2.4750000e+02;-9.3612365e-02;2.4750000e+02;-1.3935661e-01;2.4750000e+02;-6.0639203e-02;2.4750000e+02;-5.3497389e-02;2.4750000e+02;-2.5220111e-02;2.4750000e+02;2.5768705e-02;2.4750000e+02;9.3097240e-02;2.4750000e+02;1.7182457e-01;2.4750000e+02;2.0818162e-01;2.4750000e+02;2.0629871e-01;2.4750000e+02;1.9850585e-01;2.4750000e+02;2.3092492e-01;2.4750000e+02;1.9438589e-01;2.4750000e+02;1.3943651e-01;2.4750000e+02;8.8043019e-02;2.4750000e+02;3.6782160e-02;2.4750000e+02;-8.4682405e-03;2.4750000e+02;-5.3433195e-02;2.4750000e+02;-9.3612365e-02;2.4750000e+02;-1.3935661e-01;2.4750000e+02;-6.0639203e-02;2.4750000e+02;-5.3497389e-02;2.4750000e+02;-2.5220111e-02;2.4750000e+02;2.5768705e-02;2.4750000e+02;9.3097240e-02;2.4750000e+02;1.7182457e-01;2.4750000e+02;2.0818162e-01;2.4750000e+02;2.0629871e-01;2.4750000e+02;1.9850585e-01;2.4750000e+02;2.3092492e-01;2.4750000e+02;1.9438589e-01;2.4750000e+02;1.3943651e-01;2.4750000e+02;8.8043019e-02;2.4750000e+02;3.6782160e-02;2.4750000e+02;-8.4682405e-03;2.4750000e+02;-5.3433195e-02;2.4750000e+02;-9.3612365e-02;2.4750000e+02;-1.3935661e-01;2.4750000e+02;-6.0639203e-02;2.4750000e+02;-5.3497389e-02;2.4750000e+02;-2.5220111e-02;2.4750000e+02;2.5768705e-02;2.4750000e+02;9.3097240e-02;2.4750000e+02;1.7182457e-01;2.4750000e+02;2.0818162e-01;2.4750000e+02;2.0629871e-01;2.4750000e+02;1.9850585e-01;2.4750000e+02;2.3092492e-01;2.4750000e+02;1.9438589e-01;2.4750000e+02;1.3943651e-01;2.4750000e+02;8.8043019e-02;2.4750000e+02;3.6782160e-02;2.4750000e+02;-8.4682405e-03;2.4750000e+02;-5.3433195e-02;2.4750000e+02;-9.3612365e-02;2.4750000e+02;-1.3935661e-01;2.4750000e+02;-6.0639203e-02;2.4750000e+02;-5.3497389e-02;2.4750000e+02;-2.5220111e-02;2.4750000e+02;2.5768705e-02;2.4750000e+02;9.3097240e-02;2.4750000e+02;1.7182457e-01;2.4750000e+02;2.0818162e-01;2.4750000e+02;2.0629871e-01;2.4750000e+02;1.9850585e-01;2.4750000e+02;2.3092492e-01;2.4750000e+02;1.9438589e-01;2.4750000e+02;1.3943651e-01;2.4750000e+02;8.8043019e-02;2.4750000e+02;3.6782160e-02;2.4750000e+02;-8.4682405e-03;2.4750000e+02;-5.3433195e-02;2.4750000e+02;-9.3612365e-02;2.4750000e+02;-1.3935661e-01;2.4750000e+02;-6.0639203e-02;2.4750000e+02;-5.3497389e-02;2.4750000e+02;-2.5220111e-02;2.4750000e+02;2.5768705e-02;2.4750000e+02;9.3097240e-02;2.4750000e+02;1.7182457e-01;2.4750000e+02;2.0818162e-01;2.4750000e+02;2.0629871e-01;2.4750000e+02;1.9850585e-01;2.4750000e+02;2.3092492e-01;2.4750000e+02;1.9438589e-01;2.4750000e+02;1.3943651e-01;2.4750000e+02;8.8043019e-02;2.4750000e+02;3.6782160e-02;2.4750000e+02;-8.4682405e-03;2.4750000e+02;-5.3433195e-02;2.4750000e+02;-9.3612365e-02;2.4750000e+02;-1.3935661e-01;2.4750000e+02;-6.0639203e-02;2.4750000e+02;-5.3497389e-02;2.4750000e+02;-2.5220111e-02;2.4750000e+02;2.5768705e-02;2.4750000e+02;9.3097240e-02;2.4750000e+02;1.7182457e-01;2.4750000e+02;2.0818162e-01;2.4750000e+02;2.0629871e-01;2.4750000e+02;1.9850585e-01;2.4750000e+02;2.3092492e-01;2.4750000e+02;1.9438589e-01;2.4750000e+02;1.3943651e-01;2.4750000e+02;8.8043019e-02;2.4750000e+02;3.6782160e-02;2.4750000e+02;-8.4682405e-03;2.4750000e+02;-5.3433195e-02;2.4750000e+02;-9.3612365e-02;2.4750000e+02;-1.3935661e-01;2.4750000e+02;-6.0639203e-02;2.4750000e+02;-5.3497389e-02;2.4750000e+02;-2.5220111e-02;2.4750000e+02;2.5768705e-02;2.4750000e+02;9.3097240e-02;2.4750000e+02;1.7182457e-01;2.4750000e+02;2.0818162e-01;2.4750000e+02;2.0629871e-01;2.4750000e+02;1.9850585e-01;2.4750000e+02;2.3092492e-01;2.4750000e+02;1.9438589e-01;2.4750000e+02;1.3943651e-01;2.4750000e+02;8.8043019e-02;2.4750000e+02;3.6782160e-02;2.4750000e+02;-8.4682405e-03;2.4750000e+02;-5.3433195e-02;2.4750000e+02;-9.3612365e-02;2.4750000e+02;-1.3935661e-01;2.4750000e+02;-6.0639203e-02;2.4750000e+02;-5.3497389e-02;2.4750000e+02;-2.5220111e-02;2.4750000e+02;2.5768705e-02;2.4750000e+02;9.3097240e-02;2.4750000e+02;1.7182457e-01;2.4750000e+02;2.0818162e-01;2.4750000e+02;2.0629871e-01;2.4750000e+02;1.9850585e-01;2.4750000e+02;2.3092492e-01;2.4750000e+02;1.9438589e-01;2.4750000e+02;1.3943651e-01;2.4750000e+02;8.8043019e-02;2.4750000e+02;3.6782160e-02;2.4750000e+02;-8.4682405e-03;2.4750000e+02;-5.3433195e-02;2.4750000e+02;-9.3612365e-02;2.4750000e+02;-1.3935661e-01;2.4750000e+02;-6.0639203e-02;2.4750000e+02;-5.3497389e-02;2.4750000e+02;-2.5220111e-02;2.4750000e+02;2.5768705e-02;2.4750000e+02;9.3097240e-02;2.4750000e+02;1.7182457e-01;2.4750000e+02;2.0818162e-01;2.4750000e+02;2.0629871e-01;2.4750000e+02;1.9850585e-01;2.4750000e+02;2.3092492e-01;2.4750000e+02;1.9438589e-01;2.4750000e+02;1.3943651e-01;2.4750000e+02;8.8043019e-02;2.4750000e+02;3.6782160e-02;2.4750000e+02;-8.4682405e-03;2.4750000e+02;-5.3433195e-02;2.4750000e+02;-9.3612365e-02;2.4750000e+02;-1.3935661e-01;2.4750000e+02;-6.0639203e-02;2.4750000e+02;-5.3497389e-02;2.4750000e+02;-2.5220111e-02;2.4750000e+02;2.5768705e-02;2.4750000e+02;9.3097240e-02;2.4750000e+02;1.7182457e-01;2.4750000e+02;2.0818162e-01;2.4750000e+02;2.0629871e-01;2.4750000e+02;1.9850585e-01;2.4750000e+02;2.3092492e-01;2.4750000e+02;1.9438589e-01;2.4750000e+02;1.3943651e-01;2.4750000e+02;8.8043019e-02;2.4750000e+02;3.6782160e-02;2.4750000e+02;-8.4682405e-03;2.4750000e+02;-5.3433195e-02;2.4750000e+02;-9.3612365e-02;2.4750000e+02;-1.3935661e-01;2.4750000e+02;-6.0639203e-02;2.4750000e+02;-5.3497389e-02;2.4750000e+02;-2.5220111e-02;2.4750000e+02;2.5768705e-02;2.4750000e+02;9.3097240e-02;2.4750000e+02;1.7182457e-01;2.4750000e+02;2.0818162e-01;2.4750000e+02;2.0629871e-01;2.4750000e+02;1.9850585e-01;2.4750000e+02;2.3092492e-01;2.4750000e+02;1.9438589e-01;2.4750000e+02;1.3943651e-01;2.4750000e+02;8.8043019e-02;2.4750000e+02;3.6782160e-02;2.4750000e+02;-8.4682405e-03;2.4750000e+02;-5.3433195e-02;2.4750000e+02;-9.3612365e-02;2.4750000e+02;-1.3935661e-01;2.4750000e+02;-6.0639203e-02;2.4750000e+02;-5.3497389e-02;2.4750000e+02;-2.5220111e-02;2.4750000e+02;2.5768705e-02;2.4750000e+02;9.3097240e-02;2.4750000e+02;1.7182457e-01;2.4750000e+02;2.0818162e-01;2.4750000e+02;2.0629871e-01;2.4750000e+02;1.9850585e-01;2.4750000e+02;2.3092492e-01;2.4750000e+02;1.9438589e-01;2.4750000e+02;1.3943651e-01;2.4750000e+02;8.8043019e-02;2.4750000e+02;3.6782160e-02;2.4750000e+02;-8.4682405e-03;2.4750000e+02;-5.3433195e-02;2.4750000e+02;-9.3612365e-02;2.4750000e+02;-1.3935661e-01;2.4750000e+02;-6.0639203e-02;2.4750000e+02;-5.3497389e-02;2.4750000e+02;-2.5220111e-02;2.4750000e+02;2.5768705e-02;2.4750000e+02;9.3097240e-02;2.4750000e+02;1.7182457e-01;2.4750000e+02;2.0818162e-01;2.4750000e+02;2.0629871e-01;2.4750000e+02;1.9850585e-01;2.4750000e+02;2.3092492e-01;2.4750000e+02;1.9438589e-01;2.4750000e+02;1.3943651e-01;2.4750000e+02;8.8043019e-02;2.4750000e+02;3.6782160e-02;2.4750000e+02;-8.4682405e-03;2.4750000e+02;-5.3433195e-02;2.4750000e+02;-9.3612365e-02;2.4750000e+02;-1.3935661e-01;2.4750000e+02;-6.0639203e-02;2.4750000e+02;-5.3497389e-02;2.4750000e+02;-2.5220111e-02;2.4750000e+02;2.5768705e-02;2.4750000e+02;9.3097240e-02;2.4750000e+02;1.7182457e-01;2.4750000e+02;2.0818162e-01;2.4750000e+02;2.0629871e-01;2.4750000e+02;1.9850585e-01;2.4750000e+02;2.3092492e-01;2.4750000e+02;1.9438589e-01;2.4750000e+02;1.3943651e-01;2.4750000e+02;8.8043019e-02;2.4750000e+02;3.6782160e-02;2.4750000e+02;-8.4682405e-03;2.4750000e+02;-5.3433195e-02;2.4750000e+02;-9.3612365e-02;2.4750000e+02;-1.3935661e-01;2.4750000e+02;-6.0639203e-02;2.4750000e+02;-5.3497389e-02;2.4750000e+02;-2.5220111e-02;2.4750000e+02;2.5768705e-02;2.4750000e+02;9.3097240e-02;2.4750000e+02;1.7182457e-01;2.4750000e+02;2.0818162e-01;2.4750000e+02;2.0629871e-01;2.4750000e+02;1.9850585e-01;2.4750000e+02;2.3092492e-01;2.4750000e+02;1.9438589e-01;2.4750000e+02;1.3943651e-01;2.4750000e+02;8.8043019e-02;2.4750000e+02;3.6782160e-02;2.4750000e+02;-8.4682405e-03;2.4750000e+02;-5.3433195e-02;2.4750000e+02;-9.3612365e-02;2.4750000e+02;-1.3935661e-01;2.4750000e+02;-6.0639203e-02;2.4750000e+02;-5.3497389e-02;2.4750000e+02;-2.5220111e-02;2.4750000e+02;2.5768705e-02;2.4750000e+02;9.3097240e-02;2.4750000e+02;1.7182457e-01;2.4750000e+02;2.0818162e-01;2.4750000e+02;2.0629871e-01;2.4750000e+02;1.9850585e-01;2.4750000e+02;2.3092492e-01;2.4750000e+02;1.9438589e-01;2.4750000e+02;1.3943651e-01;2.4750000e+02;8.8043019e-02;2.4750000e+02;3.6782160e-02;2.4750000e+02;-8.4682405e-03;2.4750000e+02;-5.3433195e-02;2.4750000e+02;-9.3612365e-02;2.4750000e+02;-1.3935661e-01;2.4750000e+02;-6.0639203e-02;2.4750000e+02;-5.3497389e-02;2.4750000e+02;-2.5220111e-02;2.4750000e+02;2.5768705e-02;2.4750000e+02;9.3097240e-02;2.4750000e+02;1.7182457e-01;2.4750000e+02;2.0818162e-01;2.4750000e+02;2.0629871e-01;2.4750000e+02;1.9850585e-01;2.4750000e+02;2.3092492e-01;2.4750000e+02;1.9438589e-01;2.4750000e+02;1.3943651e-01;2.4750000e+02;8.8043019e-02;2.4750000e+02;3.6782160e-02;2.4750000e+02;-8.4682405e-03;2.4750000e+02;-5.3433195e-02;2.4750000e+02;-9.3612365e-02;2.4750000e+02;-1.3935661e-01;2.4750000e+02;-6.0639203e-02;2.4750000e+02;-5.3497389e-02;2.4750000e+02;-2.5220111e-02;2.4750000e+02;2.5768705e-02;2.4750000e+02;9.3097240e-02;2.4750000e+02;1.7182457e-01;2.4750000e+02;2.0818162e-01;2.4750000e+02;2.0629871e-01;2.4750000e+02;1.9850585e-01;2.4750000e+02;2.3092492e-01;2.4750000e+02;1.9438589e-01;2.4750000e+02;1.3943651e-01;2.4750000e+02;8.8043019e-02;2.4750000e+02;3.6782160e-02;2.4750000e+02;-8.4682405e-03;2.4750000e+02;-5.3433195e-02;2.4750000e+02;-9.3612365e-02;2.4750000e+02;-1.3935661e-01;2.4750000e+02;-6.0639203e-02;2.4750000e+02;-5.3497389e-02;2.4750000e+02;-2.5220111e-02;2.4750000e+02;2.5768705e-02;2.4750000e+02;9.3097240e-02;2.4750000e+02;1.7182457e-01;2.4750000e+02;2.0818162e-01;2.4750000e+02;2.0629871e-01;2.4750000e+02;1.9850585e-01;2.4750000e+02;2.3092492e-01;2.4750000e+02;1.9438589e-01;2.4750000e+02;1.3943651e-01;2.4750000e+02;8.8043019e-02;2.4750000e+02;3.6782160e-02;2.4750000e+02;-8.4682405e-03;2.4750000e+02;-5.3433195e-02;2.4750000e+02;-9.3612365e-02;2.4750000e+02;-1.3935661e-01;2.4750000e+02;-6.0639203e-02;2.4750000e+02;-5.3497389e-02;2.4750000e+02;-2.5220111e-02;2.4750000e+02;2.5768705e-02;2.4750000e+02;9.3097240e-02;2.4750000e+02;1.7182457e-01;2.4750000e+02;2.0818162e-01;2.4750000e+02;2.0629871e-01;2.4750000e+02;1.9850585e-01;2.4750000e+02;2.3092492e-01;2.4750000e+02;1.9438589e-01;2.4750000e+02;1.3943651e-01;2.4750000e+02;8.8043019e-02;2.4750000e+02;3.6782160e-02;2.4750000e+02;-8.4682405e-03;2.4750000e+02;-5.3433195e-02;2.4750000e+02;-9.3612365e-02;2.4750000e+02;-1.3935661e-01;2.4750000e+02;-6.0639203e-02;2.4750000e+02;-5.3497389e-02;2.4750000e+02;-2.5220111e-02;2.4750000e+02;2.5768705e-02;2.4750000e+02;9.3097240e-02;2.4750000e+02;1.7182457e-01;2.4750000e+02;2.0818162e-01;2.4750000e+02;2.0629871e-01;2.4750000e+02;1.9850585e-01;2.4750000e+02;2.3092492e-01;2.4750000e+02;1.9438589e-01;2.4750000e+02;1.3943651e-01;2.4750000e+02;8.8043019e-02;2.4750000e+02;3.6782160e-02;2.4750000e+02;-8.4682405e-03;2.4750000e+02;-5.3433195e-02;2.4750000e+02;-9.3612365e-02;2.4750000e+02;-1.3935661e-01;2.4750000e+02;-6.0639203e-02;2.4750000e+02;-5.3497389e-02;2.4750000e+02;-2.5220111e-02;2.4750000e+02;2.5768705e-02;2.4750000e+02;9.3097240e-02;2.4750000e+02;1.7182457e-01;2.4750000e+02;2.0818162e-01;2.4750000e+02;2.0629871e-01;2.4750000e+02;1.9850585e-01;2.4750000e+02;2.3092492e-01;2.4750000e+02;1.9438589e-01;2.4750000e+02;1.3943651e-01;2.4750000e+02;8.8043019e-02;2.4750000e+02;3.6782160e-02;2.4750000e+02;-8.4682405e-03;2.4750000e+02;-5.3433195e-02;2.4750000e+02;-9.3612365e-02;2.4750000e+02;-1.3935661e-01;2.4750000e+02;-6.0639203e-02;2.4750000e+02;-5.3497389e-02;2.4750000e+02;-2.5220111e-02;2.4750000e+02;2.5768705e-02;2.4750000e+02;9.3097240e-02;2.4750000e+02;1.7182457e-01;2.4750000e+02;2.0818162e-01;2.4750000e+02;2.0629871e-01;2.4750000e+02;1.9850585e-01;2.4750000e+02;2.3092492e-01;2.4750000e+02;1.9438589e-01;2.4750000e+02;1.3943651e-01;2.4750000e+02;8.8043019e-02;2.4750000e+02;3.6782160e-02;2.4750000e+02;-8.4682405e-03;2.4750000e+02;-5.3433195e-02;2.4750000e+02;-9.3612365e-02;2.4750000e+02;-1.3935661e-01;2.4750000e+02;-6.0639203e-02;2.4750000e+02;-5.3497389e-02;2.4750000e+02;-2.5220111e-02;2.4750000e+02;2.5768705e-02;2.4750000e+02;9.3097240e-02;2.4750000e+02;1.7182457e-01;2.4750000e+02;2.0818162e-01;2.4750000e+02;2.0629871e-01;2.4750000e+02;1.9850585e-01;2.4750000e+02;2.3092492e-01;2.4750000e+02;1.9438589e-01;2.4750000e+02;1.3943651e-01;2.4750000e+02;8.8043019e-02;2.4750000e+02;3.6782160e-02;2.4750000e+02;-8.4682405e-03;2.4750000e+02;-5.3433195e-02;2.4750000e+02;-9.3612365e-02;2.4750000e+02;-1.3935661e-01;2.4750000e+02;-6.0639203e-02;2.4750000e+02;-5.3497389e-02;2.4750000e+02;-2.5220111e-02;2.4750000e+02;2.5768705e-02;2.4750000e+02;9.3097240e-02;2.4750000e+02;1.7182457e-01;2.4750000e+02;2.0818162e-01;2.4750000e+02;2.0629871e-01;2.4750000e+02;1.9850585e-01;2.4750000e+02;2.3092492e-01;2.4750000e+02;1.9438589e-01;2.4750000e+02;1.3943651e-01;2.4750000e+02;8.8043019e-02;2.4750000e+02;3.6782160e-02;2.4750000e+02;-8.4682405e-03;2.4750000e+02;-5.3433195e-02;2.4750000e+02;-9.3612365e-02;2.4750000e+02;-1.3935661e-01;2.4750000e+02;-6.0639203e-02;2.4750000e+02;-5.3497389e-02;2.4750000e+02;-2.5220111e-02;2.4750000e+02;2.5768705e-02;2.4750000e+02;9.3097240e-02;2.4750000e+02;1.7182457e-01;2.4750000e+02;2.0818162e-01;2.4750000e+02;2.0629871e-01;2.4750000e+02;1.9850585e-01;2.4750000e+02;2.3092492e-01;2.4750000e+02;1.9438589e-01;2.4750000e+02;1.3943651e-01;2.4750000e+02;8.8043019e-02;2.4750000e+02;3.6782160e-02;2.4750000e+02;-8.4682405e-03;2.4750000e+02;-5.3433195e-02;2.4750000e+02;-9.3612365e-02;2.4750000e+02;-1.3935661e-01;2.4750000e+02;-6.0639203e-02;2.4750000e+02;-5.3497389e-02;2.4750000e+02;-2.5220111e-02;2.4750000e+02;2.5768705e-02;2.4750000e+02;9.3097240e-02;2.4750000e+02;1.7182457e-01;2.4750000e+02;2.0818162e-01;2.4750000e+02;2.0629871e-01;2.4750000e+02;1.9850585e-01;2.4750000e+02;2.3092492e-01;2.4750000e+02;1.9438589e-01;2.4750000e+02;1.3943651e-01;2.4750000e+02;8.8043019e-02;2.4750000e+02;3.6782160e-02;2.4750000e+02;-8.4682405e-03;2.4750000e+02;-5.3433195e-02;2.4750000e+02;-9.3612365e-02;2.4750000e+02;-1.3935661e-01;2.4750000e+02;-6.0639203e-02;2.4750000e+02;-5.3497389e-02;2.4750000e+02;-2.5220111e-02;2.4750000e+02;2.5768705e-02;2.4750000e+02;9.3097240e-02;2.4750000e+02;1.7182457e-01;2.4750000e+02;2.0818162e-01;2.4750000e+02;2.0629871e-01;2.4750000e+02;1.9850585e-01;2.4750000e+02;2.3092492e-01;2.4750000e+02;1.9438589e-01;2.4750000e+02;1.3943651e-01;2.4750000e+02;8.8043019e-02;2.4750000e+02;3.6782160e-02;2.4750000e+02;-8.4682405e-03;2.4750000e+02;-5.3433195e-02;2.4750000e+02;-9.3612365e-02;2.4750000e+02;-1.3935661e-01;2.4750000e+02;-6.0639203e-02;2.4750000e+02;-5.3497389e-02;2.4750000e+02;-2.5220111e-02;2.4750000e+02;2.5768705e-02;2.4750000e+02;9.3097240e-02;2.4750000e+02;1.7182457e-01;2.4750000e+02;2.0818162e-01;2.4750000e+02;2.0629871e-01;2.4750000e+02;1.9850585e-01;2.4750000e+02;2.3092492e-01;2.4750000e+02;1.9438589e-01;2.4750000e+02;1.3943651e-01;2.4750000e+02;8.8043019e-02;2.4750000e+02;3.6782160e-02;2.4750000e+02;-8.4682405e-03;2.4750000e+02;-5.3433195e-02;2.4750000e+02;-9.3612365e-02;2.4750000e+02;-1.3935661e-01;2.4750000e+02;-6.0639203e-02;2.4750000e+02;-5.3497389e-02;2.4750000e+02;-2.5220111e-02;2.4750000e+02;2.5768705e-02;2.4750000e+02;9.3097240e-02;2.4750000e+02;1.7182457e-01;2.4750000e+02;2.0818162e-01;2.4750000e+02;2.0629871e-01;2.4750000e+02;1.9850585e-01;2.4750000e+02;2.3092492e-01;2.4750000e+02;1.9438589e-01;2.4750000e+02;1.3943651e-01;2.4750000e+02;8.8043019e-02;2.4750000e+02;3.6782160e-02;2.4750000e+02;-8.4682405e-03;2.4750000e+02;-5.3433195e-02;2.4750000e+02;-9.3612365e-02;2.4750000e+02;-1.3935661e-01;2.4750000e+02;-6.0639203e-02;2.4750000e+02;-5.3497389e-02;2.4750000e+02;-2.5220111e-02;2.4750000e+02;2.5768705e-02;2.4750000e+02;9.3097240e-02;2.4750000e+02;1.7182457e-01;2.4750000e+02;2.0818162e-01;2.4750000e+02;2.0629871e-01;2.4750000e+02;1.9850585e-01;2.4750000e+02;2.3092492e-01;2.4750000e+02;1.9438589e-01;2.4750000e+02;1.3943651e-01;2.4750000e+02;8.8043019e-02;2.4750000e+02;3.6782160e-02;2.4750000e+02;-8.4682405e-03;2.4750000e+02;-5.3433195e-02;2.4750000e+02;-9.3612365e-02;2.4750000e+02;-1.3935661e-01;2.4750000e+02;-6.0639203e-02;2.4750000e+02;-5.3497389e-02;2.4750000e+02;-2.5220111e-02;2.4750000e+02;2.5768705e-02;2.4750000e+02;9.3097240e-02;2.4750000e+02;1.7182457e-01;2.4750000e+02;2.0818162e-01;2.4750000e+02;2.0629871e-01;2.4750000e+02;1.9850585e-01;2.4750000e+02;2.3092492e-01;2.4750000e+02;1.9438589e-01;2.4750000e+02;1.3943651e-01;2.4750000e+02;8.8043019e-02;2.4750000e+02;3.6782160e-02;2.4750000e+02;-8.4682405e-03;2.4750000e+02;-5.3433195e-02;2.4750000e+02;-9.3612365e-02;2.4750000e+02;-1.3935661e-01;2.4750000e+02;-6.0639203e-02;2.4750000e+02;-5.3497389e-02;2.4750000e+02;-2.5220111e-02;2.4750000e+02;2.5768705e-02;2.4750000e+02;9.3097240e-02;2.4750000e+02;1.7182457e-01;2.4750000e+02;2.0818162e-01;2.4750000e+02;2.0629871e-01;2.4750000e+02;1.9850585e-01;2.4750000e+02;2.3092492e-01;2.4750000e+02;1.9438589e-01;2.4750000e+02;1.3943651e-01;2.4750000e+02;8.8043019e-02;2.4750000e+02;3.6782160e-02;2.4750000e+02;-8.4682405e-03;2.4750000e+02;-5.3433195e-02;2.4750000e+02;-9.3612365e-02;2.4750000e+02;-1.3935661e-01;2.4750000e+02;-6.0639203e-02;2.4750000e+02;-5.3497389e-02;2.4750000e+02;-2.5220111e-02;2.4750000e+02;2.5768705e-02;2.4750000e+02;9.3097240e-02;2.4750000e+02;1.7182457e-01;2.4750000e+02;2.0818162e-01;2.4750000e+02;2.0629871e-01;2.4750000e+02;1.9850585e-01;2.4750000e+02;2.3092492e-01;2.4750000e+02;1.9438589e-01;2.4750000e+02;1.3943651e-01;2.4750000e+02;8.8043019e-02;2.4750000e+02;3.6782160e-02;2.4750000e+02;-8.4682405e-03;2.4750000e+02;-5.3433195e-02;2.4750000e+02;-9.3612365e-02;2.4750000e+02;-1.3935661e-01;2.4750000e+02;-6.0639203e-02;2.4750000e+02;-5.3497389e-02;2.4750000e+02;-2.5220111e-02;2.4750000e+02;2.5768705e-02;2.4750000e+02;9.3097240e-02;2.4750000e+02;1.7182457e-01;2.4750000e+02;2.0818162e-01;2.4750000e+02;2.0629871e-01;2.4750000e+02;1.9850585e-01;2.4750000e+02;2.3092492e-01;2.4750000e+02;1.9438589e-01;2.4750000e+02;1.3943651e-01;2.4750000e+02;8.8043019e-02;2.4750000e+02;3.6782160e-02;2.4750000e+02;-8.4682405e-03;2.4750000e+02;-5.3433195e-02;2.4750000e+02;-9.3612365e-02;2.4750000e+02;-1.3935661e-01;2.4750000e+02;-6.0639203e-02;2.4750000e+02;-5.3497389e-02;2.4750000e+02;-2.5220111e-02;2.4750000e+02;2.5768705e-02;2.4750000e+02;9.3097240e-02;2.4750000e+02;1.7182457e-01;2.4750000e+02;2.0818162e-01;2.4750000e+02;2.0629871e-01;2.4750000e+02;1.9850585e-01;2.4750000e+02;2.3092492e-01;2.4750000e+02;1.9438589e-01;2.4750000e+02;1.3943651e-01;2.4750000e+02;8.8043019e-02;2.4750000e+02;3.6782160e-02;2.4750000e+02;-8.4682405e-03;2.4750000e+02;-5.3433195e-02;2.4750000e+02;-9.3612365e-02;2.4750000e+02;-1.3935661e-01;2.4750000e+02;-6.0639203e-02;2.4750000e+02;-5.3497389e-02;2.4750000e+02;-2.5220111e-02;2.4750000e+02;2.5768705e-02;2.4750000e+02;9.3097240e-02;2.4750000e+02;1.7182457e-01;2.4750000e+02;2.0818162e-01;2.4750000e+02;2.0629871e-01;2.4750000e+02;1.9850585e-01;2.4750000e+02;2.3092492e-01;2.4750000e+02;1.9438589e-01;2.4750000e+02;1.3943651e-01;2.4750000e+02;8.8043019e-02;2.4750000e+02;3.6782160e-02;2.4750000e+02;-8.4682405e-03;2.4750000e+02;-5.3433195e-02;2.4750000e+02;-9.3612365e-02;2.4750000e+02;-1.3935661e-01;2.4750000e+02;-6.0639203e-02;2.4750000e+02;-5.3497389e-02;2.4750000e+02;-2.5220111e-02;2.4750000e+02;2.5768705e-02;2.4750000e+02;9.3097240e-02;2.4750000e+02;1.7182457e-01;2.4750000e+02;2.0818162e-01;2.4750000e+02;2.0629871e-01;2.4750000e+02;1.9850585e-01;2.4750000e+02;2.3092492e-01;2.4750000e+02;1.9438589e-01;2.4750000e+02;1.3943651e-01;2.4750000e+02;8.8043019e-02;2.4750000e+02;3.6782160e-02;2.4750000e+02;-8.4682405e-03;2.4750000e+02;-5.3433195e-02;2.4750000e+02;-9.3612365e-02;2.4750000e+02;-1.3935661e-01
2.5250000e+02;-6.8082318e-02;2.5250000e+02;-5.4236241e-02;2.5250000e+02;-1.6168736e-02;2.5250000e+02;4.0662166e-02;2.5250000e+02;1.1266061e-01;2.5250000e+02;1.8864220e-01;2.5250000e+02;2.2060084e-01;2.5250000e+02;2.0952758e-01;2.5250000e+02;1.9564247e-01;2.5250000e+02;2.3184910e-01;2.5250000e+02;1.9668283e-01;2.5250000e+02;1.4446826e-01;2.5250000e+02;8.9762531e-02;2.5250000e+02;4.3867446e-02;2.5250000e+02;-4.2091906e-03;2.5250000e+02;-4.5332417e-02;2.5250000e+02;-8.8572092e-02;2.5250000e+02;-1.3286453e-01;2.5250000e+02;-6.8082318e-02;2.5250000e+02;-5.4236241e-02;2.5250000e+02;-1.6168736e-02;2.5250000e+02;4.0662166e-02;2.5250000e+02;1.1266061e-01;2.5250000e+02;1.8864220e-01;2.5250000e+02;2.2060084e-01;2.5250000e+02;2.0952758e-01;2.5250000e+02;1.9564247e-01;2.5250000e+02;2.3184910e-01;2.5250000e+02;1.9668283e-01;2.5250000e+02;1.4446826e-01;2.5250000e+02;8.9762531e-02;2.5250000e+02;4.3867446e-02;2.5250000e+02;-4.2091906e-03;2.5250000e+02;-4.5332417e-02;2.5250000e+02;-8.8572092e-02;2.5250000e+02;-1.3286453e-01;2.5250000e+02;-6.8082318e-02;2.5250000e+02;-5.4236241e-02;2.5250000e+02;-1.6168736e-02;2.5250000e+02;4.0662166e-02;2.5250000e+02;1.1266061e-01;2.5250000e+02;1.8864220e-01;2.5250000e+02;2.2060084e-01;2.5250000e+02;2.0952758e-01;2.5250000e+02;1.9564247e-01;2.5250000e+02;2.3184910e-01;2.5250000e+02;1.9668283e-01;2.5250000e+02;1.4446826e-01;2.5250000e+02;8.9762531e-02;2.5250000e+02;4.3867446e-02;2.5250000e+02;-4.2091906e-03;2.5250000e+02;-4.5332417e-02;2.5250000e+02;-8.8572092e-02;2.5250000e+02;-1.3286453e-01;2.5250000e+02;-6.8082318e-02;2.5250000e+02;-5.4236241e-02;2.5250000e+02;-1.6168736e-02;2.5250000e+02;4.0662166e-02;2.5250000e+02;1.1266061e-01;2.5250000e+02;1.8864220e-01;2.5250000e+02;2.2060084e-01;2.5250000e+02;2.0952758e-01;2.5250000e+02;1.9564247e-01;2.5250000e+02;2.3184910e-01;2.5250000e+02;1.9668283e-01;2.5250000e+02;1.4446826e-01;2.5250000e+02;8.9762531e-02;2.5250000e+02;4.3867446e-02;2.5250000e+02;-4.2091906e-03;2.5250000e+02;-4.5332417e-02;2.5250000e+02;-8.8572092e-02;2.5250000e+02;-1.3286453e-01;2.5250000e+02;-6.8082318e-02;2.5250000e+02;-5.4236241e-02;2.5250000e+02;-1.6168736e-02;2.5250000e+02;4.0662166e-02;2.5250000e+02;1.1266061e-01;2.5250000e+02;1.8864220e-01;2.5250000e+02;2.2060084e-01;2.5250000e+02;2.0952758e-01;2.5250000e+02;1.9564247e-01;2.5250000e+02;2.3184910e-01;2.5250000e+02;1.9668283e-01;2.5250000e+02;1.4446826e-01;2.5250000e+02;8.9762531e-02;2.5250000e+02;4.3867446e-02;2.5250000e+02;-4.2091906e-03;2.5250000e+02;-4.5332417e-02;2.5250000e+02;-8.8572092e-02;2.5250000e+02;-1.3286453e-01;2.5250000e+02;-6.8082318e-02;2.5250000e+02;-5.4236241e-02;2.5250000e+02;-1.6168736e-02;2.5250000e+02;4.0662166e-02;2.5250000e+02;1.1266061e-01;2.5250000e+02;1.8864220e-01;2.5250000e+02;2.2060084e-01;2.5250000e+02;2.0952758e-01;2.5250000e+02;1.9564247e-01;2.5250000e+02;2.3184910e-01;2.5250000e+02;1.9668283e-01;2.5250000e+02;1.4446826e-01;2.5250000e+02;8.9762531e-02;2.5250000e+02;4.3867446e-02;2.5250000e+02;-4.2091906e-03;2.5250000e+02;-4.5332417e-02;2.5250000e+02;-8.8572092e-02;2.5250000e+02;-1.3286453e-01;2.5250000e+02;-6.8082318e-02;2.5250000e+02;-5.4236241e-02;2.5250000e+02;-1.6168736e-02;2.5250000e+02;4.0662166e-02;2.5250000e+02;1.1266061e-01;2.5250000e+02;1.8864220e-01;2.5250000e+02;2.2060084e-01;2.5250000e+02;2.0952758e-01;2.5250000e+02;1.9564247e-01;2.5250000e+02;2.3184910e-01;2.5250000e+02;1.9668283e-01;2.5250000e+02;1.4446826e-01;2.5250000e+02;8.9762531e-02;2.5250000e+02;4.3867446e-02;2.5250000e+02;-4.2091906e-03;2.5250000e+02;-4.5332417e-02;2.5250000e+02;-8.8572092e-02;2.5250000e+02;-1.3286453e-01;2.5250000e+02;-6.8082318e-02;2.5250000e+02;-5.4236241e-02;2.5250000e+02;-1.6168736e-02;2.5250000e+02;4.0662166e-02;2.5250000e+02;1.1266061e-01;2.5250000e+02;1.8864220e-01;2.5250000e+02;2.2060084e-01;2.5250000e+02;2.0952758e-01;2.5250000e+02;1.9564247e-01;2.5250000e+02;2.3184910e-01;2.5250000e+02;1.9668283e-01;2.5250000e+02;1.4446826e-01;2.5250000e+02;8.9762531e-02;2.5250000e+02;4.3867446e-02;2.5250000e+02;-4.2091906e-03;2.5250000e+02;-4.5332417e-02;2.5250000e+02;-8.8572092e-02;2.5250000e+02;-1.3286453e-01;2.5250000e+02;-6.8082318e-02;2.5250000e+02;-5.4236241e-02;2.5250000e+02;-1.6168736e-02;2.5250000e+02;4.0662166e-02;2.5250000e+02;1.1266061e-01;2.5250000e+02;1.8864220e-01;2.5250000e+02;2.2060084e-01;2.5250000e+02;2.0952758e-01;2.5250000e+02;1.9564247e-01;2.5250000e+02;2.3184910e-01;2.5250000e+02;1.9668283e-01;2.5250000e+02;1.4446826e-01;2.5250000e+02;8.9762531e-02;2.5250000e+02;4.3867446e-02;2.5250000e+02;-4.2091906e-03;2.5250000e+02;-4.5332417e-02;2.5250000e+02;-8.8572092e-02;2.5250000e+02;-1.3286453e-01;2.5250000e+02;-6.8082318e-02;2.5250000e+02;-5.4236241e-02;2.5250000e+02;-1.6168736e-02;2.5250000e+02;4.0662166e-02;2.5250000e+02;1.1266061e-01;2.5250000e+02;1.8864220e-01;2.5250000e+02;2.2060084e-01;2.5250000e+02;2.0952758e-01;2.5250000e+02;1.9564247e-01;2.5250000e+02;2.3184910e-01;2.5250000e+02;1.9668283e-01;2.5250000e+02;1.4446826e-01;2.5250000e+02;8.9762531e-02;2.5250000e+02;4.3867446e-02;2.5250000e+02;-4.2091906e-03;2.5250000e+02;-4.5332417e-02;2.5250000e+02;-8.8572092e-02;2.5250000e+02;-1.3286453e-01;2.5250000e+02;-6.8082318e-02;2.5250000e+02;-5.4236241e-02;2.5250000e+02;-1.6168736e-02;2.5250000e+02;4.0662166e-02;2.5250000e+02;1.1266061e-01;2.5250000e+02;1.8864220e-01;2.5250000e+02;2.2060084e-01;2.5250000e+02;2.0952758e-01;2.5250000e+02;1.9564247e-01;2.5250000e+02;2.3184910e-01;2.5250000e+02;1.9668283e-01;2.5250000e+02;1.4446826e-01;2.5250000e+02;8.9762531e-02;2.5250000e+02;4.3867446e-02;2.5250000e+02;-4.2091906e-03;2.5250000e+02;-4.5332417e-02;2.5250000e+02;-8.8572092e-02;2.5250000e+02;-1.3286453e-01;2.5250000e+02;-6.8082318e-02;2.5250000e+02;-5.4236241e-02;2.5250000e+02;-1.6168736e-02;2.5250000e+02;4.0662166e-02;2.5250000e+02;1.1266061e-01;2.5250000e+02;1.8864220e-01;2.5250000e+02;2.2060084e-01;2.5250000e+02;2.0952758e-01;2.5250000e+02;1.9564247e-01;2.5250000e+02;2.3184910e-01;2.5250000e+02;1.9668283e-01;2.5250000e+02;1.4446826e-01;2.5250000e+02;8.9762531e-02;2.5250000e+02;4.3867446e-02;2.5250000e+02;-4.2091906e-03;2.5250000e+02;-4.5332417e-02;2.5250000e+02;-8.8572092e-02;2.5250000e+02;-1.3286453e-01;2.5250000e+02;-6.8082318e-02;2.5250000e+02;-5.4236241e-02;2.5250000e+02;-1.6168736e-02;2.5250000e+02;4.0662166e-02;2.5250000e+02;1.1266061e-01;2.5250000e+02;1.8864220e-01;2.5250000e+02;2.2060084e-01;2.5250000e+02;2.0952758e-01;2.5250000e+02;1.9564247e-01;2.5250000e+02;2.3184910e-01;2.5250000e+02;1.9668283e-01;2.5250000e+02;1.4446826e-01;2.5250000e+02;8.9762531e-02;2.5250000e+02;4.3867446e-02;2.5250000e+02;-4.2091906e-03;2.5250000e+02;-4.5332417e-02;2.5250000e+02;-8.8572092e-02;2.5250000e+02;-1.3286453e-01;2.5250000e+02;-6.8082318e-02;2.5250000e+02;-5.4236241e-02;2.5250000e+02;-1.6168736e-02;2.5250000e+02;4.0662166e-02;2.5250000e+02;1.1266061e-01;2.5250000e+02;1.8864220e-01;2.5250000e+02;2.2060084e-01;2.5250000e+02;2.0952758e-01;2.5250000e+02;1.9564247e-01;2.5250000e+02;2.3184910e-01;2.5250000e+02;1.9668283e-01;2.5250000e+02;1.4446826e-01;2.5250000e+02;8.9762531e-02;2.5250000e+02;4.3867446e-02;2.5250000e+02;-4.2091906e-03;2.5250000e+02;-4.5332417e-02;2.5250000e+02;-8.8572092e-02;2.5250000e+02;-1.3286453e-01;2.5250000e+02;-6.8082318e-02;2.5250000e+02;-5.4236241e-02;2.5250000e+02;-1.6168736e-02;2.5250000e+02;4.0662166e-02;2.5250000e+02;1.1266061e-01;2.5250000e+02;1.8864220e-01;2.5250000e+02;2.2060084e-01;2.5250000e+02;2.0952758e-01;2.5250000e+02;1.9564247e-01;2.5250000e+02;2.3184910e-01;2.5250000e+02;1.9668283e-01;2.5250000e+02;1.4446826e-01;2.5250000e+02;8.9762531e-02;2.5250000e+02;4.3867446e-02;2.5250000e+02;-4.2091906e-03;2.5250000e+02;-4.5332417e-02;2.5250000e+02;-8.8572092e-02;2.5250000e+02;-1.3286453e-01;2.5250000e+02;-6.8082318e-02;2.5250000e+02;-5.4236241e-02;2.5250000e+02;-1.6168736e-02;2.5250000e+02;4.0662166e-02;2.5250000e+02;1.1266061e-01;2.5250000e+02;1.8864220e-01;2.5250000e+02;2.2060084e-01;2.5250000e+02;2.0952758e-01;2.5250000e+02;1.9564247e-01;2.5250000e+02;2.3184910e-01;2.5250000e+02;1.9668283e-01;2.5250000e+02;1.4446826e-01;2.5250000e+02;8.9762531e-02;2.5250000e+02;4.3867446e-02;2.5250000e+02;-4.2091906e-03;2.5250000e+02;-4.5332417e-02;2.5250000e+02;-8.8572092e-02;2.5250000e+02;-1.3286453e-01;2.5250000e+02;-6.8082318e-02;2.5250000e+02;-5.4236241e-02;2.5250000e+02;-1.6168736e-02;2.5250000e+02;4.0662166e-02;2.5250000e+02;1.1266061e-01;2.5250000e+02;1.8864220e-01;2.5250000e+02;2.2060084e-01;2.5250000e+02;2.0952758e-01;2.5250000e+02;1.9564247e-01;2.5250000e+02;2.3184910e-01;2.5250000e+02;1.9668283e-01;2.5250000e+02;1.4446826e-01;2.5250000e+02;8.9762531e-02;2.5250000e+02;4.3867446e-02;2.5250000e+02;-4.2091906e-03;2.5250000e+02;-4.5332417e-02;2.5250000e+02;-8.8572092e-02;2.5250000e+02;-1.3286453e-01;2.5250000e+02;-6.8082318e-02;2.5250000e+02;-5.4236241e-02;2.5250000e+02;-1.6168736e-02;2.5250000e+02;4.0662166e-02;2.5250000e+02;1.1266061e-01;2.5250000e+02;1.8864220e-01;2.5250000e+02;2.2060084e-01;2.5250000e+02;2.0952758e-01;2.5250000e+02;1.9564247e-01;2.5250000e+02;2.3184910e-01;2.5250000e+02;1.9668283e-01;2.5250000e+02;1.4446826e-01;2.5250000e+02;8.9762531e-02;2.5250000e+02;4.3867446e-02;2.5250000e+02;-4.2091906e-03;2.5250000e+02;-4.5332417e-02;2.5250000e+02;-8.8572092e-02;2.5250000e+02;-1.3286453e-01;2.5250000e+02;-6.8082318e-02;2.5250000e+02;-5.4236241e-02;2.5250000e+02;-1.6168736e-02;2.5250000e+02;4.0662166e-02;2.5250000e+02;1.1266061e-01;2.5250000e+02;1.8864220e-01;2.5250000e+02;2.2060084e-01;2.5250000e+02;2.0952758e-01;2.5250000e+02;1.9564247e-01;2.5250000e+02;2.3184910e-01;2.5250000e+02;1.9668283e-01;2.5250000e+02;1.4446826e-01;2.5250000e+02;8.9762531e-02;2.5250000e+02;4.3867446e-02;2.5250000e+02;-4.2091906e-03;2.5250000e+02;-4.5332417e-02;2.5250000e+02;-8.8572092e-02;2.5250000e+02;-1.3286453e-01;2.5250000e+02;-6.8082318e-02;2.5250000e+02;-5.4236241e-02;2.5250000e+02;-1.6168736e-02;2.5250000e+02;4.0662166e-02;2.5250000e+02;1.1266061e-01;2.5250000e+02;1.8864220e-01;2.5250000e+02;2.2060084e-01;2.5250000e+02;2.0952758e-01;2.5250000e+02;1.9564247e-01;2.5250000e+02;2.3184910e-01;2.5250000e+02;1.9668283e-01;2.5250000e+02;1.4446826e-01;2.5250000e+02;8.9762531e-02;2.5250000e+02;4.3867446e-02;2.5250000e+02;-4.2091906e-03;2.5250000e+02;-4.5332417e-02;2.5250000e+02;-8.8572092e-02;2.5250000e+02;-1.3286453e-01;2.5250000e+02;-6.8082318e-02;2.5250000e+02;-5.4236241e-02;2.5250000e+02;-1.6168736e-02;2.5250000e+02;4.0662166e-02;2.5250000e+02;1.1266061e-01;2.5250000e+02;1.8864220e-01;2.5250000e+02;2.2060084e-01;2.5250000e+02;2.0952758e-01;2.5250000e+02;1.9564247e-01;2.5250000e+02;2.3184910e-01;2.5250000e+02;1.9668283e-01;2.5250000e+02;1.4446826e-01;2.5250000e+02;8.9762531e-02;2.5250000e+02;4.3867446e-02;2.5250000e+02;-4.2091906e-03;2.5250000e+02;-4.5332417e-02;2.5250000e+02;-8.8572092e-02;2.5250000e+02;-1.3286453e-01;2.5250000e+02;-6.8082318e-02;2.5250000e+02;-5.4236241e-02;2.5250000e+02;-1.6168736e-02;2.5250000e+02;4.0662166e-02;2.5250000e+02;1.1266061e-01;2.5250000e+02;1.8864220e-01;2.5250000e+02;2.2060084e-01;2.5250000e+02;2.0952758e-01;2.5250000e+02;1.9564247e-01;2.5250000e+02;2.3184910e-01;2.5250000e+02;1.9668283e-01;2.5250000e+02;1.4446826e-01;2.5250000e+02;8.9762531e-02;2.5250000e+02;4.3867446e-02;2.5250000e+02;-4.2091906e-03;2.5250000e+02;-4.5332417e-02;2.5250000e+02;-8.8572092e-02;2.5250000e+02;-1.3286453e-01;2.5250000e+02;-6.8082318e-02;2.5250000e+02;-5.4236241e-02;2.5250000e+02;-1.6168736e-02;2.5250000e+02;4.0662166e-02;2.5250000e+02;1.1266061e-01;2.5250000e+02;1.8864220e-01;2.5250000e+02;2.2060084e-01;2.5250000e+02;2.0952758e-01;2.5250000e+02;1.9564247e-01;2.5250000e+02;2.3184910e-01;2.5250000e+02;1.9668283e-01;2.5250000e+02;1.4446826e-01;2.5250000e+02;8.9762531e-02;2.5250000e+02;4.3867446e-02;2.5250000e+02;-4.2091906e-03;2.5250000e+02;-4.5332417e-02;2.5250000e+02;-8.8572092e-02;2.5250000e+02;-1.3286453e-01;2.5250000e+02;-6.8082318e-02;2.5250000e+02;-5.4236241e-02;2.5250000e+02;-1.6168736e-02;2.5250000e+02;4.0662166e-02;2.5250000e+02;1.1266061e-01;2.5250000e+02;1.8864220e-01;2.5250000e+02;2.2060084e-01;2.5250000e+02;2.0952758e-01;2.5250000e+02;1.9564247e-01;2.5250000e+02;2.3184910e-01;2.5250000e+02;1.9668283e-01;2.5250000e+02;1.4446826e-01;2.5250000e+02;8.9762531e-02;2.5250000e+02;4.3867446e-02;2.5250000e+02;-4.2091906e-03;2.5250000e+02;-4.5332417e-02;2.5250000e+02;-8.8572092e-02;2.5250000e+02;-1.3286453e-01;2.5250000e+02;-6.8082318e-02;2.5250000e+02;-5.4236241e-02;2.5250000e+02;-1.6168736e-02;2.5250000e+02;4.0662166e-02;2.5250000e+02;1.1266061e-01;2.5250000e+02;1.8864220e-01;2.5250000e+02;2.2060084e-01;2.5250000e+02;2.0952758e-01;2.5250000e+02;1.9564247e-01;2.5250000e+02;2.3184910e-01;2.5250000e+02;1.9668283e-01;2.5250000e+02;1.4446826e-01;2.5250000e+02;8.9762531e-02;2.5250000e+02;4.3867446e-02;2.5250000e+02;-4.2091906e-03;2.5250000e+02;-4.5332417e-02;2.5250000e+02;-8.8572092e-02;2.5250000e+02;-1.3286453e-01;2.5250000e+02;-6.8082318e-02;2.5250000e+02;-5.4236241e-02;2.5250000e+02;-1.6168736e-02;2.5250000e+02;4.0662166e-02;2.5250000e+02;1.1266061e-01;2.5250000e+02;1.8864220e-01;2.5250000e+02;2.2060084e-01;2.5250000e+02;2.0952758e-01;2.5250000e+02;1.9564247e-01;2.5250000e+02;2.3184910e-01;2.5250000e+02;1.9668283e-01;2.5250000e+02;1.4446826e-01;2.5250000e+02;8.9762531e-02;2.5250000e+02;4.3867446e-02;2.5250000e+02;-4.2091906e-03;2.5250000e+02;-4.5332417e-02;2.5250000e+02;-8.8572092e-02;2.5250000e+02;-1.3286453e-01;2.5250000e+02;-6.8082318e-02;2.5250000e+02;-5.4236241e-02;2.5250000e+02;-1.6168736e-02;2.5250000e+02;4.0662166e-02;2.5250000e+02;1.1266061e-01;2.5250000e+02;1.8864220e-01;2.5250000e+02;2.2060084e-01;2.5250000e+02;2.0952758e-01;2.5250000e+02;1.9564247e-01;2.5250000e+02;2.3184910e-01;2.5250000e+02;1.9668283e-01;2.5250000e+02;1.4446826e-01;2.5250000e+02;8.9762531e-02;2.5250000e+02;4.3867446e-02;2.5250000e+02;-4.2091906e-03;2.5250000e+02;-4.5332417e-02;2.5250000e+02;-8.8572092e-02;2.5250000e+02;-1.3286453e-01;2.5250000e+02;-6.8082318e-02;2.5250000e+02;-5.4236241e-02;2.5250000e+02;-1.6168736e-02;2.5250000e+02;4.0662166e-02;2.5250000e+02;1.1266061e-01;2.5250000e+02;1.8864220e-01;2.5250000e+02;2.2060084e-01;2.5250000e+02;2.0952758e-01;2.5250000e+02;1.9564247e-01;2.5250000e+02;2.3184910e-01;2.5250000e+02;1.9668283e-01;2.5250000e+02;1.4446826e-01;2.5250000e+02;8.9762531e-02;2.5250000e+02;4.3867446e-02;2.5250000e+02;-4.2091906e-03;2.5250000e+02;-4.5332417e-02;2.5250000e+02;-8.8572092e-02;2.5250000e+02;-1.3286453e-01;2.5250000e+02;-6.8082318e-02;2.5250000e+02;-5.4236241e-02;2.5250000e+02;-1.6168736e-02;2.5250000e+02;4.0662166e-02;2.5250000e+02;1.1266061e-01;2.5250000e+02;1.8864220e-01;2.5250000e+02;2.2060084e-01;2.5250000e+02;2.0952758e-01;2.5250000e+02;1.9564247e-01;2.5250000e+02;2.3184910e-01;2.5250000e+02;1.9668283e-01;2.5250000e+02;1.4446826e-01;2.5250000e+02;8.9762531e-02;2.5250000e+02;4.3867446e-02;2.5250000e+02;-4.2091906e-03;2.5250000e+02;-4.5332417e-02;2.5250000e+02;-8.8572092e-02;2.5250000e+02;-1.3286453e-01;2.5250000e+02;-6.8082318e-02;2.5250000e+02;-5.4236241e-02;2.5250000e+02;-1.6168736e-02;2.5250000e+02;4.0662166e-02;2.5250000e+02;1.1266061e-01;2.5250000e+02;1.8864220e-01;2.5250000e+02;2.2060084e-01;2.5250000e+02;2.0952758e-01;2.5250000e+02;1.9564247e-01;2.5250000e+02;2.3184910e-01;2.5250000e+02;1.9668283e-01;2.5250000e+02;1.4446826e-01;2.5250000e+02;8.9762531e-02;2.5250000e+02;4.3867446e-02;2.5250000e+02;-4.2091906e-03;2.5250000e+02;-4.5332417e-02;2.5250000e+02;-8.8572092e-02;2.5250000e+02;-1.3286453e-01;2.5250000e+02;-6.8082318e-02;2.5250000e+02;-5.4236241e-02;2.5250000e+02;-1.6168736e-02;2.5250000e+02;4.0662166e-02;2.5250000e+02;1.1266061e-01;2.5250000e+02;1.8864220e-01;2.5250000e+02;2.2060084e-01;2.5250000e+02;2.0952758e-01;2.5250000e+02;1.9564247e-01;2.5250000e+02;2.3184910e-01;2.5250000e+02;1.9668283e-01;2.5250000e+02;1.4446826e-01;2.5250000e+02;8.9762531e-02;2.5250000e+02;4.3867446e-02;2.5250000e+02;-4.2091906e-03;2.5250000e+02;-4.5332417e-02;2.5250000e+02;-8.8572092e-02;2.5250000e+02;-1.3286453e-01;2.5250000e+02;-6.8082318e-02;2.5250000e+02;-5.4236241e-02;2.5250000e+02;-1.6168736e-02;2.5250000e+02;4.0662166e-02;2.5250000e+02;1.1266061e-01;2.5250000e+02;1.8864220e-01;2.5250000e+02;2.2060084e-01;2.5250000e+02;2.0952758e-01;2.5250000e+02;1.9564247e-01;2.5250000e+02;2.3184910e-01;2.5250000e+02;1.9668283e-01;2.5250000e+02;1.4446826e-01;2.5250000e+02;8.9762531e-02;2.5250000e+02;4.3867446e-02;2.5250000e+02;-4.2091906e-03;2.5250000e+02;-4.5332417e-02;2.5250000e+02;-8.8572092e-02;2.5250000e+02;-1.3286453e-01;2.5250000e+02;-6.8082318e-02;2.5250000e+02;-5.4236241e-02;2.5250000e+02;-1.6168736e-02;2.5250000e+02;4.0662166e-02;2.5250000e+02;1.1266061e-01;2.5250000e+02;1.8864220e-01;2.5250000e+02;2.2060084e-01;2.5250000e+02;2.0952758e-01;2.5250000e+02;1.9564247e-01;2.5250000e+02;2.3184910e-01;2.5250000e+02;1.9668283e-01;2.5250000e+02;1.4446826e-01;2.5250000e+02;8.9762531e-02;2.5250000e+02;4.3867446e-02;2.5250000e+02;-4.2091906e-03;2.5250000e+02;-4.5332417e-02;2.5250000e+02;-8.8572092e-02;2.5250000e+02;-1.3286453e-01;2.5250000e+02;-6.8082318e-02;2.5250000e+02;-5.4236241e-02;2.5250000e+02;-1.6168736e-02;2.5250000e+02;4.0662166e-02;2.5250000e+02;1.1266061e-01;2.5250000e+02;1.8864220e-01;2.5250000e+02;2.2060084e-01;2.5250000e+02;2.0952758e-01;2.5250000e+02;1.9564247e-01;2.5250000e+02;2.3184910e-01;2.5250000e+02;1.9668283e-01;2.5250000e+02;1.4446826e-01;2.5250000e+02;8.9762531e-02;2.5250000e+02;4.3867446e-02;2.5250000e+02;-4.2091906e-03;2.5250000e+02;-4.5332417e-02;2.5250000e+02;-8.8572092e-02;2.5250000e+02;-1.3286453e-01;2.5250000e+02;-6.8082318e-02;2.5250000e+02;-5.4236241e-02;2.5250000e+02;-1.6168736e-02;2.5250000e+02;4.0662166e-02;2.5250000e+02;1.1266061e-01;2.5250000e+02;1.8864220e-01;2.5250000e+02;2.2060084e-01;2.5250000e+02;2.0952758e-01;2.5250000e+02;1.9564247e-01;2.5250000e+02;2.3184910e-01;2.5250000e+02;1.9668283e-01;2.5250000e+02;1.4446826e-01;2.5250000e+02;8.9762531e-02;2.5250000e+02;4.3867446e-02;2.5250000e+02;-4.2091906e-03;2.5250000e+02;-4.5332417e-02;2.5250000e+02;-8.8572092e-02;2.5250000e+02;-1.3286453e-01;2.5250000e+02;-6.8082318e-02;2.5250000e+02;-5.4236241e-02;2.5250000e+02;-1.6168736e-02;2.5250000e+02;4.0662166e-02;2.5250000e+02;1.1266061e-01;2.5250000e+02;1.8864220e-01;2.5250000e+02;2.2060084e-01;2.5250000e+02;2.0952758e-01;2.5250000e+02;1.9564247e-01;2.5250000e+02;2.3184910e-01;2.5250000e+02;1.9668283e-01;2.5250000e+02;1.4446826e-01;2.5250000e+02;8.9762531e-02;2.5250000e+02;4.3867446e-02;2.5250000e+02;-4.2091906e-03;2.5250000e+02;-4.5332417e-02;2.5250000e+02;-8.8572092e-02;2.5250000e+02;-1.3286453e-01;2.5250000e+02;-6.8082318e-02;2.5250000e+02;-5.4236241e-02;2.5250000e+02;-1.6168736e-02;2.5250000e+02;4.0662166e-02;2.5250000e+02;1.1266061e-01;2.5250000e+02;1.8864220e-01;2.5250000e+02;2.2060084e-01;2.5250000e+02;2.0952758e-01;2.5250000e+02;1.9564247e-01;2.5250000e+02;2.3184910e-01;2.5250000e+02;1.9668283e-01;2.5250000e+02;1.4446826e-01;2.5250000e+02;8.9762531e-02;2.5250000e+02;4.3867446e-02;2.5250000e+02;-4.2091906e-03;2.5250000e+02;-4.5332417e-02;2.5250000e+02;-8.8572092e-02;2.5250000e+02;-1.3286453e-01;2.5250000e+02;-6.8082318e-02;2.5250000e+02;-5.4236241e-02;2.5250000e+02;-1.6168736e-02;2.5250000e+02;4.0662166e-02;2.5250000e+02;1.1266061e-01;2.5250000e+02;1.8864220e-01;2.5250000e+02;2.2060084e-01;2.5250000e+02;2.0952758e-01;2.5250000e+02;1.9564247e-01;2.5250000e+02;2.3184910e-01;2.5250000e+02;1.9668283e-01;2.5250000e+02;1.4446826e-01;2.5250000e+02;8.9762531e-02;2.5250000e+02;4.3867446e-02;2.5250000e+02;-4.2091906e-03;2.5250000e+02;-4.5332417e-02;2.5250000e+02;-8.8572092e-02;2.5250000e+02;-1.3286453e-01;2.5250000e+02;-6.8082318e-02;2.5250000e+02;-5.4236241e-02;2.5250000e+02;-1.6168736e-02;2.5250000e+02;4.0662166e-02;2.5250000e+02;1.1266061e-01;2.5250000e+02;1.8864220e-01;2.5250000e+02;2.2060084e-01;2.5250000e+02;2.0952758e-01;2.5250000e+02;1.9564247e-01;2.5250000e+02;2.3184910e-01;2.5250000e+02;1.9668283e-01;2.5250000e+02;1.4446826e-01;2.5250000e+02;8.9762531e-02;2.5250000e+02;4.3867446e-02;2.5250000e+02;-4.2091906e-03;2.5250000e+02;-4.5332417e-02;2.5250000e+02;-8.8572092e-02;2.5250000e+02;-1.3286453e-01;2.5250000e+02;-6.8082318e-02;2.5250000e+02;-5.4236241e-02;2.5250000e+02;-1.6168736e-02;2.5250000e+02;4.0662166e-02;2.5250000e+02;1.1266061e-01;2.5250000e+02;1.8864220e-01;2.5250000e+02;2.2060084e-01;2.5250000e+02;2.0952758e-01;2.5250000e+02;1.9564247e-01;2.5250000e+02;2.3184910e-01;2.5250000e+02;1.9668283e-01;2.5250000e+02;1.4446826e-01;2.5250000e+02;8.9762531e-02;2.5250000e+02;4.3867446e-02;2.5250000e+02;-4.2091906e-03;2.5250000e+02;-4.5332417e-02;2.5250000e+02;-8.8572092e-02;2.5250000e+02;-1.3286453e-01;2.5250000e+02;-6.8082318e-02;2.5250000e+02;-5.4236241e-02;2.5250000e+02;-1.6168736e-02;2.5250000e+02;4.0662166e-02;2.5250000e+02;1.1266061e-01;2.5250000e+02;1.8864220e-01;2.5250000e+02;2.2060084e-01;2.5250000e+02;2.0952758e-01;2.5250000e+02;1.9564247e-01;2.5250000e+02;2.3184910e-01;2.5250000e+02;1.9668283e-01;2.5250000e+02;1.4446826e-01;2.5250000e+02;8.9762531e-02;2.5250000e+02;4.3867446e-02;2.5250000e+02;-4.2091906e-03;2.5250000e+02;-4.5332417e-02;2.5250000e+02;-8.8572092e-02;2.5250000e+02;-1.3286453e-01;2.5250000e+02;-6.8082318e-02;2.5250000e+02;-5.4236241e-02;2.5250000e+02;-1.6168736e-02;2.5250000e+02;4.0662166e-02;2.5250000e+02;1.1266061e-01;2.5250000e+02;1.8864220e-01;2.5250000e+02;2.2060084e-01;2.5250000e+02;2.0952758e-01;2.5250000e+02;1.9564247e-01;2.5250000e+02;2.3184910e-01;2.5250000e+02;1.9668283e-01;2.5250000e+02;1.4446826e-01;2.5250000e+02;8.9762531e-02;2.5250000e+02;4.3867446e-02;2.5250000e+02;-4.2091906e-03;2.5250000e+02;-4.5332417e-02;2.5250000e+02;-8.8572092e-02;2.5250000e+02;-1.3286453e-01;2.5250000e+02;-6.8082318e-02;2.5250000e+02;-5.4236241e-02;2.5250000e+02;-1.6168736e-02;2.5250000e+02;4.0662166e-02;2.5250000e+02;1.1266061e-01;2.5250000e+02;1.8864220e-01;2.5250000e+02;2.2060084e-01;2.5250000e+02;2.0952758e-01;2.5250000e+02;1.9564247e-01;2.5250000e+02;2.3184910e-01;2.5250000e+02;1.9668283e-01;2.5250000e+02;1.4446826e-01;2.5250000e+02;8.9762531e-02;2.5250000e+02;4.3867446e-02;2.5250000e+02;-4.2091906e-03;2.5250000e+02;-4.5332417e-02;2.5250000e+02;-8.8572092e-02;2.5250000e+02;-1.3286453e-01;2.5250000e+02;-6.8082318e-02;2.5250000e+02;-5.4236241e-02;2.5250000e+02;-1.6168736e-02;2.5250000e+02;4.0662166e-02;2.5250000e+02;1.1266061e-01;2.5250000e+02;1.8864220e-01;2.5250000e+02;2.2060084e-01;2.5250000e+02;2.0952758e-01;2.5250000e+02;1.9564247e-01;2.5250000e+02;2.3184910e-01;2.5250000e+02;1.9668283e-01;2.5250000e+02;1.4446826e-01;2.5250000e+02;8.9762531e-02;2.5250000e+02;4.3867446e-02;2.5250000e+02;-4.2091906e-03;2.5250000e+02;-4.5332417e-02;2.5250000e+02;-8.8572092e-02;2.5250000e+02;-1.3286453e-01;2.5250000e+02;-6.8082318e-02;2.5250000e+02;-5.4236241e-02;2.5250000e+02;-1.6168736e-02;2.5250000e+02;4.0662166e-02;2.5250000e+02;1.1266061e-01;2.5250000e+02;1.8864220e-01;2.5250000e+02;2.2060084e-01;2.5250000e+02;2.0952758e-01;2.5250000e+02;1.9564247e-01;2.5250000e+02;2.3184910e-01;2.5250000e+02;1.9668283e-01;2.5250000e+02;1.4446826e-01;2.5250000e+02;8.9762531e-02;2.5250000e+02;4.3867446e-02;2.5250000e+02;-4.2091906e-03;2.5250000e+02;-4.5332417e-02;2.5250000e+02;-8.8572092e-02;2.5250000e+02;-1.3286453e-01;2.5250000e+02;-6.8082318e-02;2.5250000e+02;-5.4236241e-02;2.5250000e+02;-1.6168736e-02;2.5250000e+02;4.0662166e-02;2.5250000e+02;1.1266061e-01;2.5250000e+02;1.8864220e-01;2.5250000e+02;2.2060084e-01;2.5250000e+02;2.0952758e-01;2.5250000e+02;1.9564247e-01;2.5250000e+02;2.3184910e-01;2.5250000e+02;1.9668283e-01;2.5250000e+02;1.4446826e-01;2.5250000e+02;8.9762531e-02;2.5250000e+02;4.3867446e-02;2.5250000e+02;-4.2091906e-03;2.5250000e+02;-4.5332417e-02;2.5250000e+02;-8.8572092e-02;2.5250000e+02;-1.3286453e-01;2.5250000e+02;-6.8082318e-02;2.5250000e+02;-5.4236241e-02;2.5250000e+02;-1.6168736e-02;2.5250000e+02;4.0662166e-02;2.5250000e+02;1.1266061e-01;2.5250000e+02;1.8864220e-01;2.5250000e+02;2.2060084e-01;2.5250000e+02;2.0952758e-01;2.5250000e+02;1.9564247e-01;2.5250000e+02;2.3184910e-01;2.5250000e+02;1.9668283e-01;2.5250000e+02;1.4446826e-01;2.5250000e+02;8.9762531e-02;2.5250000e+02;4.3867446e-02;2.5250000e+02;-4.2091906e-03;2.5250000e+02;-4.5332417e-02;2.5250000e+02;-8.8572092e-02;2.5250000e+02;-1.3286453e-01;2.5250000e+02;-6.8082318e-02;2.5250000e+02;-5.4236241e-02;2.5250000e+02;-1.6168736e-02;2.5250000e+02;4.0662166e-02;2.5250000e+02;1.1266061e-01;2.5250000e+02;1.8864220e-01;2.5250000e+02;2.2060084e-01;2.5250000e+02;2.0952758e-01;2.5250000e+02;1.9564247e-01;2.5250000e+02;2.3184910e-01;2.5250000e+02;1.9668283e-01;2.5250000e+02;1.4446826e-01;2.5250000e+02;8.9762531e-02;2.5250000e+02;4.3867446e-02;2.5250000e+02;-4.2091906e-03;2.5250000e+02;-4.5332417e-02;2.5250000e+02;-8.8572092e-02;2.5250000e+02;-1.3286453e-01;2.5250000e+02;-6.8082318e-02;2.5250000e+02;-5.4236241e-02;2.5250000e+02;-1.6168736e-02;2.5250000e+02;4.0662166e-02;2.5250000e+02;1.1266061e-01;2.5250000e+02;1.8864220e-01;2.5250000e+02;2.2060084e-01;2.5250000e+02;2.0952758e-01;2.5250000e+02;1.9564247e-01;2.5250000e+02;2.3184910e-01;2.5250000e+02;1.9668283e-01;2.5250000e+02;1.4446826e-01;2.5250000e+02;8.9762531e-02;2.5250000e+02;4.3867446e-02;2.5250000e+02;-4.2091906e-03;2.5250000e+02;-4.5332417e-02;2.5250000e+02;-8.8572092e-02;2.5250000e+02;-1.3286453e-01;2.5250000e+02;-6.8082318e-02;2.5250000e+02;-5.4236241e-02;2.5250000e+02;-1.6168736e-02;2.5250000e+02;4.0662166e-02;2.5250000e+02;1.1266061e-01;2.5250000e+02;1.8864220e-01;2.5250000e+02;2.2060084e-01;2.5250000e+02;2.0952758e-01;2.5250000e+02;1.9564247e-01;2.5250000e+02;2.3184910e-01;2.5250000e+02;1.9668283e-01;2.5250000e+02;1.4446826e-01;2.5250000e+02;8.9762531e-02;2.5250000e+02;4.3867446e-02;2.5250000e+02;-4.2091906e-03;2.5250000e+02;-4.5332417e-02;2.5250000e+02;-8.8572092e-02;2.5250000e+02;-1.3286453e-01;2.5250000e+02;-6.8082318e-02;2.5250000e+02;-5.4236241e-02;2.5250000e+02;-1.6168736e-02;2.5250000e+02;4.0662166e-02;2.5250000e+02;1.1266061e-01;2.5250000e+02;1.8864220e-01;2.5250000e+02;2.2060084e-01;2.5250000e+02;2.0952758e-01;2.5250000e+02;1.9564247e-01;2.5250000e+02;2.3184910e-01;2.5250000e+02;1.9668283e-01;2.5250000e+02;1.4446826e-01;2.5250000e+02;8.9762531e-02;2.5250000e+02;4.3867446e-02;2.5250000e+02;-4.2091906e-03;2.5250000e+02;-4.5332417e-02;2.5250000e+02;-8.8572092e-02;2.5250000e+02;-1.3286453e-01;2.5250000e+02;-6.8082318e-02;2.5250000e+02;-5.4236241e-02;2.5250000e+02;-1.6168736e-02;2.5250000e+02;4.0662166e-02;2.5250000e+02;1.1266061e-01;2.5250000e+02;1.8864220e-01;2.5250000e+02;2.2060084e-01;2.5250000e+02;2.0952758e-01;2.5250000e+02;1.9564247e-01;2.5250000e+02;2.3184910e-01;2.5250000e+02;1.9668283e-01;2.5250000e+02;1.4446826e-01;2.5250000e+02;8.9762531e-02;2.5250000e+02;4.3867446e-02;2.5250000e+02;-4.2091906e-03;2.5250000e+02;-4.5332417e-02;2.5250000e+02;-8.8572092e-02;2.5250000e+02;-1.3286453e-01;2.5250000e+02;-6.8082318e-02;2.5250000e+02;-5.4236241e-02;2.5250000e+02;-1.6168736e-02;2.5250000e+02;4.0662166e-02;2.5250000e+02;1.1266061e-01;2.5250000e+02;1.8864220e-01;2.5250000e+02;2.2060084e-01;2.5250000e+02;2.0952758e-01;2.5250000e+02;1.9564247e-01;2.5250000e+02;2.3184910e-01;2.5250000e+02;1.9668283e-01;2.5250000e+02;1.4446826e-01;2.5250000e+02;8.9762531e-02;2.5250000e+02;4.3867446e-02;2.5250000e+02;-4.2091906e-03;2.5250000e+02;-4.5332417e-02;2.5250000e+02;-8.8572092e-02;2.5250000e+02;-1.3286453e-01;2.5250000e+02;-6.8082318e-02;2.5250000e+02;-5.4236241e-02;2.5250000e+02;-1.6168736e-02;2.5250000e+02;4.0662166e-02;2.5250000e+02;1.1266061e-01;2.5250000e+02;1.8864220e-01;2.5250000e+02;2.2060084e-01;2.5250000e+02;2.0952758e-01;2.5250000e+02;1.9564247e-01;2.5250000e+02;2.3184910e-01;2.5250000e+02;1.9668283e-01;2.5250000e+02;1.4446826e-01;2.5250000e+02;8.9762531e-02;2.5250000e+02;4.3867446e-02;2.5250000e+02;-4.2091906e-03;2.5250000e+02;-4.5332417e-02;2.5250000e+02;-8.8572092e-02;2.5250000e+02;-1.3286453e-01;2.5250000e+02;-6.8082318e-02;2.5250000e+02;-5.4236241e-02;2.5250000e+02;-1.6168736e-02;2.5250000e+02;4.0662166e-02;2.5250000e+02;1.1266061e-01;2.5250000e+02;1.8864220e-01;2.5250000e+02;2.2060084e-01;2.5250000e+02;2.0952758e-01;2.5250000e+02;1.9564247e-01;2.5250000e+02;2.3184910e-01;2.5250000e+02;1.9668283e-01;2.5250000e+02;1.4446826e-01;2.5250000e+02;8.9762531e-02;2.5250000e+02;4.3867446e-02;2.5250000e+02;-4.2091906e-03;2.5250000e+02;-4.5332417e-02;2.5250000e+02;-8.8572092e-02;2.5250000e+02;-1.3286453e-01;2.5250000e+02;-6.8082318e-02;2.5250000e+02;-5.4236241e-02;2.5250000e+02;-1.6168736e-02;2.5250000e+02;4.0662166e-02;2.5250000e+02;1.1266061e-01;2.5250000e+02;1.8864220e-01;2.5250000e+02;2.2060084e-01;2.5250000e+02;2.0952758e-01;2.5250000e+02;1.9564247e-01;2.5250000e+02;2.3184910e-01;2.5250000e+02;1.9668283e-01;2.5250000e+02;1.4446826e-01;2.5250000e+02;8.9762531e-02;2.5250000e+02;4.3867446e-02;2.5250000e+02;-4.2091906e-03;2.5250000e+02;-4.5332417e-02;2.5250000e+02;-8.8572092e-02;2.5250000e+02;-1.3286453e-01;2.5250000e+02;-6.8082318e-02;2.5250000e+02;-5.4236241e-02;2.5250000e+02;-1.6168736e-02;2.5250000e+02;4.0662166e-02;2.5250000e+02;1.1266061e-01;2.5250000e+02;1.8864220e-01;2.5250000e+02;2.2060084e-01;2.5250000e+02;2.0952758e-01;2.5250000e+02;1.9564247e-01;2.5250000e+02;2.3184910e-01;2.5250000e+02;1.9668283e-01;2.5250000e+02;1.4446826e-01;2.5250000e+02;8.9762531e-02;2.5250000e+02;4.3867446e-02;2.5250000e+02;-4.2091906e-03;2.5250000e+02;-4.5332417e-02;2.5250000e+02;-8.8572092e-02;2.5250000e+02;-1.3286453e-01;2.5250000e+02;-6.8082318e-02;2.5250000e+02;-5.4236241e-02;2.5250000e+02;-1.6168736e-02;2.5250000e+02;4.0662166e-02;2.5250000e+02;1.1266061e-01;2.5250000e+02;1.8864220e-01;2.5250000e+02;2.2060084e-01;2.5250000e+02;2.0952758e-01;2.5250000e+02;1.9564247e-01;2.5250000e+02;2.3184910e-01;2.5250000e+02;1.9668283e-01;2.5250000e+02;1.4446826e-01;2.5250000e+02;8.9762531e-02;2.5250000e+02;4.3867446e-02;2.5250000e+02;-4.2091906e-03;2.5250000e+02;-4.5332417e-02;2.5250000e+02;-8.8572092e-02;2.5250000e+02;-1.3286453e-01;2.5250000e+02;-6.8082318e-02;2.5250000e+02;-5.4236241e-02;2.5250000e+02;-1.6168736e-02;2.5250000e+02;4.0662166e-02;2.5250000e+02;1.1266061e-01;2.5250000e+02;1.8864220e-01;2.5250000e+02;2.2060084e-01;2.5250000e+02;2.0952758e-01;2.5250000e+02;1.9564247e-01;2.5250000e+02;2.3184910e-01;2.5250000e+02;1.9668283e-01;2.5250000e+02;1.4446826e-01;2.5250000e+02;8.9762531e-02;2.5250000e+02;4.3867446e-02;2.5250000e+02;-4.2091906e-03;2.5250000e+02;-4.5332417e-02;2.5250000e+02;-8.8572092e-02;2.5250000e+02;-1.3286453e-01;2.5250000e+02;-6.8082318e-02;2.5250000e+02;-5.4236241e-02;2.5250000e+02;-1.6168736e-02;2.5250000e+02;4.0662166e-02;2.5250000e+02;1.1266061e-01;2.5250000e+02;1.8864220e-01;2.5250000e+02;2.2060084e-01;2.5250000e+02;2.0952758e-01;2.5250000e+02;1.9564247e-01;2.5250000e+02;2.3184910e-01;2.5250000e+02;1.9668283e-01;2.5250000e+02;1.4446826e-01;2.5250000e+02;8.9762531e-02;2.5250000e+02;4.3867446e-02;2.5250000e+02;-4.2091906e-03;2.5250000e+02;-4.5332417e-02;2.5250000e+02;-8.8572092e-02;2.5250000e+02;-1.3286453e-01;2.5250000e+02;-6.8082318e-02;2.5250000e+02;-5.4236241e-02;2.5250000e+02;-1.6168736e-02;2.5250000e+02;4.0662166e-02;2.5250000e+02;1.1266061e-01;2.5250000e+02;1.8864220e-01;2.5250000e+02;2.2060084e-01;2.5250000e+02;2.0952758e-01;2.5250000e+02;1.9564247e-01;2.5250000e+02;2.3184910e-01;2.5250000e+02;1.9668283e-01;2.5250000e+02;1.4446826e-01;2.5250000e+02;8.9762531e-02;2.5250000e+02;4.3867446e-02;2.5250000e+02;-4.2091906e-03;2.5250000e+02;-4.5332417e-02;2.5250000e+02;-8.8572092e-02;2.5250000e+02;-1.3286453e-01;2.5250000e+02;-6.8082318e-02;2.5250000e+02;-5.4236241e-02;2.5250000e+02;-1.6168736e-02;2.5250000e+02;4.0662166e-02;2.5250000e+02;1.1266061e-01;2.5250000e+02;1.8864220e-01;2.5250000e+02;2.2060084e-01;2.5250000e+02;2.0952758e-01;2.5250000e+02;1.9564247e-01;2.5250000e+02;2.3184910e-01;2.5250000e+02;1.9668283e-01;2.5250000e+02;1.4446826e-01;2.5250000e+02;8.9762531e-02;2.5250000e+02;4.3867446e-02;2.5250000e+02;-4.2091906e-03;2.5250000e+02;-4.5332417e-02;2.5250000e+02;-8.8572092e-02;2.5250000e+02;-1.3286453e-01;2.5250000e+02;-6.8082318e-02;2.5250000e+02;-5.4236241e-02;2.5250000e+02;-1.6168736e-02;2.5250000e+02;4.0662166e-02;2.5250000e+02;1.1266061e-01;2.5250000e+02;1.8864220e-01;2.5250000e+02;2.2060084e-01;2.5250000e+02;2.0952758e-01;2.5250000e+02;1.9564247e-01;2.5250000e+02;2.3184910e-01;2.5250000e+02;1.9668283e-01;2.5250000e+02;1.4446826e-01;2.5250000e+02;8.9762531e-02;2.5250000e+02;4.3867446e-02;2.5250000e+02;-4.2091906e-03;2.5250000e+02;-4.5332417e-02;2.5250000e+02;-8.8572092e-02;2.5250000e+02;-1.3286453e-01;2.5250000e+02;-6.8082318e-02;2.5250000e+02;-5.4236241e-02;2.5250000e+02;-1.6168736e-02;2.5250000e+02;4.0662166e-02;2.5250000e+02;1.1266061e-01;2.5250000e+02;1.8864220e-01;2.5250000e+02;2.2060084e-01;2.5250000e+02;2.0952758e-01;2.5250000e+02;1.9564247e-01;2.5250000e+02;2.3184910e-01;2.5250000e+02;1.9668283e-01;2.5250000e+02;1.4446826e-01;2.5250000e+02;8.9762531e-02;2.5250000e+02;4.3867446e-02;2.5250000e+02;-4.2091906e-03;2.5250000e+02;-4.5332417e-02;2.5250000e+02;-8.8572092e-02;2.5250000e+02;-1.3286453e-01;2.5250000e+02;-6.8082318e-02;2.5250000e+02;-5.4236241e-02;2.5250000e+02;-1.6168736e-02;2.5250000e+02;4.0662166e-02;2.5250000e+02;1.1266061e-01;2.5250000e+02;1.8864220e-01;2.5250000e+02;2.2060084e-01;2.5250000e+02;2.0952758e-01;2.5250000e+02;1.9564247e-01;2.5250000e+02;2.3184910e-01;2.5250000e+02;1.9668283e-01;2.5250000e+02;1.4446826e-01;2.5250000e+02;8.9762531e-02;2.5250000e+02;4.3867446e-02;2.5250000e+02;-4.2091906e-03;2.5250000e+02;-4.5332417e-02;2.5250000e+02;-8.8572092e-02;2.5250000e+02;-1.3286453e-01;2.5250000e+02;-6.8082318e-02;2.5250000e+02;-5.4236241e-02;2.5250000e+02;-1.6168736e-02;2.5250000e+02;4.0662166e-02;2.5250000e+02;1.1266061e-01;2.5250000e+02;1.8864220e-01;2.5250000e+02;2.2060084e-01;2.5250000e+02;2.0952758e-01;2.5250000e+02;1.9564247e-01;2.5250000e+02;2.3184910e-01;2.5250000e+02;1.9668283e-01;2.5250000e+02;1.4446826e-01;2.5250000e+02;8.9762531e-02;2.5250000e+02;4.3867446e-02;2.5250000e+02;-4.2091906e-03;2.5250000e+02;-4.5332417e-02;2.5250000e+02;-8.8572092e-02;2.5250000e+02;-1.3286453e-01;2.5250000e+02;-6.8082318e-02;2.5250000e+02;-5.4236241e-02;2.5250000e+02;-1.6168736e-02;2.5250000e+02;4.0662166e-02;2.5250000e+02;1.1266061e-01;2.5250000e+02;1.8864220e-01;2.5250000e+02;2.2060084e-01;2.5250000e+02;2.0952758e-01;2.5250000e+02;1.9564247e-01;2.5250000e+02;2.3184910e-01;2.5250000e+02;1.9668283e-01;2.5250000e+02;1.4446826e-01;2.5250000e+02;8.9762531e-02;2.5250000e+02;4.3867446e-02;2.5250000e+02;-4.2091906e-03;2.5250000e+02;-4.5332417e-02;2.5250000e+02;-8.8572092e-02;2.5250000e+02;-1.3286453e-01;2.5250000e+02;-6.8082318e-02;2.5250000e+02;-5.4236241e-02;2.5250000e+02;-1.6168736e-02;2.5250000e+02;4.0662166e-02;2.5250000e+02;1.1266061e-01;2.5250000e+02;1.8864220e-01;2.5250000e+02;2.2060084e-01;2.5250000e+02;2.0952758e-01;2.5250000e+02;1.9564247e-01;2.5250000e+02;2.3184910e-01;2.5250000e+02;1.9668283e-01;2.5250000e+02;1.4446826e-01;2.5250000e+02;8.9762531e-02;2.5250000e+02;4.3867446e-02;2.5250000e+02;-4.2091906e-03;2.5250000e+02;-4.5332417e-02;2.5250000e+02;-8.8572092e-02;2.5250000e+02;-1.3286453e-01;2.5250000e+02;-6.8082318e-02;2.5250000e+02;-5.4236241e-02;2.5250000e+02;-1.6168736e-02;2.5250000e+02;4.0662166e-02;2.5250000e+02;1.1266061e-01;2.5250000e+02;1.8864220e-01;2.5250000e+02;2.2060084e-01;2.5250000e+02;2.0952758e-01;2.5250000e+02;1.9564247e-01;2.5250000e+02;2.3184910e-01;2.5250000e+02;1.9668283e-01;2.5250000e+02;1.4446826e-01;2.5250000e+02;8.9762531e-02;2.5250000e+02;4.3867446e-02;2.5250000e+02;-4.2091906e-03;2.5250000e+02;-4.5332417e-02;2.5250000e+02;-8.8572092e-02;2.5250000e+02;-1.3286453e-01;2.5250000e+02;-6.8082318e-02;2.5250000e+02;-5.4236241e-02;2.5250000e+02;-1.6168736e-02;2.5250000e+02;4.0662166e-02;2.5250000e+02;1.1266061e-01;2.5250000e+02;1.8864220e-01;2.5250000e+02;2.2060084e-01;2.5250000e+02;2.0952758e-01;2.5250000e+02;1.9564247e-01;2.5250000e+02;2.3184910e-01;2.5250000e+02;1.9668283e-01;2.5250000e+02;1.4446826e-01;2.5250000e+02;8.9762531e-02;2.5250000e+02;4.3867446e-02;2.5250000e+02;-4.2091906e-03;2.5250000e+02;-4.5332417e-02;2.5250000e+02;-8.8572092e-02;2.5250000e+02;-1.3286453e-01;2.5250000e+02;-6.8082318e-02;2.5250000e+02;-5.4236241e-02;2.5250000e+02;-1.6168736e-02;2.5250000e+02;4.0662166e-02;2.5250000e+02;1.1266061e-01;2.5250000e+02;1.8864220e-01;2.5250000e+02;2.2060084e-01;2.5250000e+02;2.0952758e-01;2.5250000e+02;1.9564247e-01;2.5250000e+02;2.3184910e-01;2.5250000e+02;1.9668283e-01;2.5250000e+02;1.4446826e-01;2.5250000e+02;8.9762531e-02;2.5250000e+02;4.3867446e-02;2.5250000e+02;-4.2091906e-03;2.5250000e+02;-4.5332417e-02;2.5250000e+02;-8.8572092e-02;2.5250000e+02;-1.3286453e-01;2.5250000e+02;-6.8082318e-02;2.5250000e+02;-5.4236241e-02;2.5250000e+02;-1.6168736e-02;2.5250000e+02;4.0662166e-02;2.5250000e+02;1.1266061e-01;2.5250000e+02;1.8864220e-01;2.5250000e+02;2.2060084e-01;2.5250000e+02;2.0952758e-01;2.5250000e+02;1.9564247e-01;2.5250000e+02;2.3184910e-01;2.5250000e+02;1.9668283e-01;2.5250000e+02;1.4446826e-01;2.5250000e+02;8.9762531e-02;2.5250000e+02;4.3867446e-02;2.5250000e+02;-4.2091906e-03;2.5250000e+02;-4.5332417e-02;2.5250000e+02;-8.8572092e-02;2.5250000e+02;-1.3286453e-01;2.5250000e+02;-6.8082318e-02;2.5250000e+02;-5.4236241e-02;2.5250000e+02;-1.6168736e-02;2.5250000e+02;4.0662166e-02;2.5250000e+02;1.1266061e-01;2.5250000e+02;1.8864220e-01;2.5250000e+02;2.2060084e-01;2.5250000e+02;2.0952758e-01;2.5250000e+02;1.9564247e-01;2.5250000e+02;2.3184910e-01;2.5250000e+02;1.9668283e-01;2.5250000e+02;1.4446826e-01;2.5250000e+02;8.9762531e-02;2.5250000e+02;4.3867446e-02;2.5250000e+02;-4.2091906e-03;2.5250000e+02;-4.5332417e-02;2.5250000e+02;-8.8572092e-02;2.5250000e+02;-1.3286453e-01;2.5250000e+02;-6.8082318e-02;2.5250000e+02;-5.4236241e-02;2.5250000e+02;-1.6168736e-02;2.5250000e+02;4.0662166e-02;2.5250000e+02;1.1266061e-01;2.5250000e+02;1.8864220e-01;2.5250000e+02;2.2060084e-01;2.5250000e+02;2.0952758e-01;2.5250000e+02;1.9564247e-01;2.5250000e+02;2.3184910e-01;2.5250000e+02;1.9668283e-01;2.5250000e+02;1.4446826e-01;2.5250000e+02;8.9762531e-02;2.5250000e+02;4.3867446e-02;2.5250000e+02;-4.2091906e-03;2.5250000e+02;-4.5332417e-02;2.5250000e+02;-8.8572092e-02;2.5250000e+02;-1.3286453e-01;2.5250000e+02;-6.8082318e-02;2.5250000e+02;-5.4236241e-02;2.5250000e+02;-1.6168736e-02;2.5250000e+02;4.0662166e-02;2.5250000e+02;1.1266061e-01;2.5250000e+02;1.8864220e-01;2.5250000e+02;2.2060084e-01;2.5250000e+02;2.0952758e-01;2.5250000e+02;1.9564247e-01;2.5250000e+02;2.3184910e-01;2.5250000e+02;1.9668283e-01;2.5250000e+02;1.4446826e-01;2.5250000e+02;8.9762531e-02;2.5250000e+02;4.3867446e-02;2.5250000e+02;-4.2091906e-03;2.5250000e+02;-4.5332417e-02;2.5250000e+02;-8.8572092e-02;2.5250000e+02;-1.3286453e-01;2.5250000e+02;-6.8082318e-02;2.5250000e+02;-5.4236241e-02;2.5250000e+02;-1.6168736e-02;2.5250000e+02;4.0662166e-02;2.5250000e+02;1.1266061e-01;2.5250000e+02;1.8864220e-01;2.5250000e+02;2.2060084e-01;2.5250000e+02;2.0952758e-01;2.5250000e+02;1.9564247e-01;2.5250000e+02;2.3184910e-01;2.5250000e+02;1.9668283e-01;2.5250000e+02;1.4446826e-01;2.5250000e+02;8.9762531e-02;2.5250000e+02;4.3867446e-02;2.5250000e+02;-4.2091906e-03;2.5250000e+02;-4.5332417e-02;2.5250000e+02;-8.8572092e-02;2.5250000e+02;-1.3286453e-01;2.5250000e+02;-6.8082318e-02;2.5250000e+02;-5.4236241e-02;2.5250000e+02;-1.6168736e-02;2.5250000e+02;4.0662166e-02;2.5250000e+02;1.1266061e-01;2.5250000e+02;1.8864220e-01;2.5250000e+02;2.2060084e-01;2.5250000e+02;2.0952758e-01;2.5250000e+02;1.9564247e-01;2.5250000e+02;2.3184910e-01;2.5250000e+02;1.9668283e-01;2.5250000e+02;1.4446826e-01;2.5250000e+02;8.9762531e-02;2.5250000e+02;4.3867446e-02;2.5250000e+02;-4.2091906e-03;2.5250000e+02;-4.5332417e-02;2.5250000e+02;-8.8572092e-02;2.5250000e+02;-1.3286453e-01;2.5250000e+02;-6.8082318e-02;2.5250000e+02;-5.4236241e-02;2.5250000e+02;-1.6168736e-02;2.5250000e+02;4.0662166e-02;2.5250000e+02;1.1266061e-01;2.5250000e+02;1.8864220e-01;2.5250000e+02;2.2060084e-01;2.5250000e+02;2.0952758e-01;2.5250000e+02;1.9564247e-01;2.5250000e+02;2.3184910e-01;2.5250000e+02;1.9668283e-01;2.5250000e+02;1.4446826e-01;2.5250000e+02;8.9762531e-02;2.5250000e+02;4.3867446e-02;2.5250000e+02;-4.2091906e-03;2.5250000e+02;-4.5332417e-02;2.5250000e+02;-8.8572092e-02;2.5250000e+02;-1.3286453e-01;2.5250000e+02;-6.8082318e-02;2.5250000e+02;-5.4236241e-02;2.5250000e+02;-1.6168736e-02;2.5250000e+02;4.0662166e-02;2.5250000e+02;1.1266061e-01;2.5250000e+02;1.8864220e-01;2.5250000e+02;2.2060084e-01;2.5250000e+02;2.0952758e-01;2.5250000e+02;1.9564247e-01;2.5250000e+02;2.3184910e-01;2.5250000e+02;1.9668283e-01;2.5250000e+02;1.4446826e-01;2.5250000e+02;8.9762531e-02;2.5250000e+02;4.3867446e-02;2.5250000e+02;-4.2091906e-03;2.5250000e+02;-4.5332417e-02;2.5250000e+02;-8.8572092e-02;2.5250000e+02;-1.3286453e-01;2.5250000e+02;-6.8082318e-02;2.5250000e+02;-5.4236241e-02;2.5250000e+02;-1.6168736e-02;2.5250000e+02;4.0662166e-02;2.5250000e+02;1.1266061e-01;2.5250000e+02;1.8864220e-01;2.5250000e+02;2.2060084e-01;2.5250000e+02;2.0952758e-01;2.5250000e+02;1.9564247e-01;2.5250000e+02;2.3184910e-01;2.5250000e+02;1.9668283e-01;2.5250000e+02;1.4446826e-01;2.5250000e+02;8.9762531e-02;2.5250000e+02;4.3867446e-02;2.5250000e+02;-4.2091906e-03;2.5250000e+02;-4.5332417e-02;2.5250000e+02;-8.8572092e-02;2.5250000e+02;-1.3286453e-01;2.5250000e+02;-6.8082318e-02;2.5250000e+02;-5.4236241e-02;2.5250000e+02;-1.6168736e-02;2.5250000e+02;4.0662166e-02;2.5250000e+02;1.1266061e-01;2.5250000e+02;1.8864220e-01;2.5250000e+02;2.2060084e-01;2.5250000e+02;2.0952758e-01;2.5250000e+02;1.9564247e-01;2.5250000e+02;2.3184910e-01;2.5250000e+02;1.9668283e-01;2.5250000e+02;1.4446826e-01;2.5250000e+02;8.9762531e-02;2.5250000e+02;4.3867446e-02;2.5250000e+02;-4.2091906e-03;2.5250000e+02;-4.5332417e-02;2.5250000e+02;-8.8572092e-02;2.5250000e+02;-1.3286453e-01;2.5250000e+02;-6.8082318e-02;2.5250000e+02;-5.4236241e-02;2.5250000e+02;-1.6168736e-02;2.5250000e+02;4.0662166e-02;2.5250000e+02;1.1266061e-01;2.5250000e+02;1.8864220e-01;2.5250000e+02;2.2060084e-01;2.5250000e+02;2.0952758e-01;2.5250000e+02;1.9564247e-01;2.5250000e+02;2.3184910e-01;2.5250000e+02;1.9668283e-01;2.5250000e+02;1.4446826e-01;2.5250000e+02;8.9762531e-02;2.5250000e+02;4.3867446e-02;2.5250000e+02;-4.2091906e-03;2.5250000e+02;-4.5332417e-02;2.5250000e+02;-8.8572092e-02;2.5250000e+02;-1.3286453e-01;2.5250000e+02;-6.8082318e-02;2.5250000e+02;-5.4236241e-02;2.5250000e+02;-1.6168736e-02;2.5250000e+02;4.0662166e-02;2.5250000e+02;1.1266061e-01;2.5250000e+02;1.8864220e-01;2.5250000e+02;2.2060084e-01;2.5250000e+02;2.0952758e-01;2.5250000e+02;1.9564247e-01;2.5250000e+02;2.3184910e-01;2.5250000e+02;1.9668283e-01;2.5250000e+02;1.4446826e-01;2.5250000e+02;8.9762531e-02;2.5250000e+02;4.3867446e-02;2.5250000e+02;-4.2091906e-03;2.5250000e+02;-4.5332417e-02;2.5250000e+02;-8.8572092e-02;2.5250000e+02;-1.3286453e-01;2.5250000e+02;-6.8082318e-02;2.5250000e+02;-5.4236241e-02;2.5250000e+02;-1.6168736e-02;2.5250000e+02;4.0662166e-02;2.5250000e+02;1.1266061e-01;2.5250000e+02;1.8864220e-01;2.5250000e+02;2.2060084e-01;2.5250000e+02;2.0952758e-01;2.5250000e+02;1.9564247e-01;2.5250000e+02;2.3184910e-01;2.5250000e+02;1.9668283e-01;2.5250000e+02;1.4446826e-01;2.5250000e+02;8.9762531e-02;2.5250000e+02;4.3867446e-02;2.5250000e+02;-4.2091906e-03;2.5250000e+02;-4.5332417e-02;2.5250000e+02;-8.8572092e-02;2.5250000e+02;-1.3286453e-01;2.5250000e+02;-6.8082318e-02;2.5250000e+02;-5.4236241e-02;2.5250000e+02;-1.6168736e-02;2.5250000e+02;4.0662166e-02;2.5250000e+02;1.1266061e-01;2.5250000e+02;1.8864220e-01;2.5250000e+02;2.2060084e-01;2.5250000e+02;2.0952758e-01;2.5250000e+02;1.9564247e-01;2.5250000e+02;2.3184910e-01;2.5250000e+02;1.9668283e-01;2.5250000e+02;1.4446826e-01;2.5250000e+02;8.9762531e-02;2.5250000e+02;4.3867446e-02;2.5250000e+02;-4.2091906e-03;2.5250000e+02;-4.5332417e-02;2.5250000e+02;-8.8572092e-02;2.5250000e+02;-1.3286453e-01;2.5250000e+02;-6.8082318e-02;2.5250000e+02;-5.4236241e-02;2.5250000e+02;-1.6168736e-02;2.5250000e+02;4.0662166e-02;2.5250000e+02;1.1266061e-01;2.5250000e+02;1.8864220e-01;2.5250000e+02;2.2060084e-01;2.5250000e+02;2.0952758e-01;2.5250000e+02;1.9564247e-01;2.5250000e+02;2.3184910e-01;2.5250000e+02;1.9668283e-01;2.5250000e+02;1.4446826e-01;2.5250000e+02;8.9762531e-02;2.5250000e+02;4.3867446e-02;2.5250000e+02;-4.2091906e-03;2.5250000e+02;-4.5332417e-02;2.5250000e+02;-8.8572092e-02;2.5250000e+02;-1.3286453e-01;2.5250000e+02;-6.8082318e-02;2.5250000e+02;-5.4236241e-02;2.5250000e+02;-1.6168736e-02;2.5250000e+02;4.0662166e-02;2.5250000e+02;1.1266061e-01;2.5250000e+02;1.8864220e-01;2.5250000e+02;2.2060084e-01;2.5250000e+02;2.0952758e-01;2.5250000e+02;1.9564247e-01;2.5250000e+02;2.3184910e-01;2.5250000e+02;1.9668283e-01;2.5250000e+02;1.4446826e-01;2.5250000e+02;8.9762531e-02;2.5250000e+02;4.3867446e-02;2.5250000e+02;-4.2091906e-03;2.5250000e+02;-4.5332417e-02;2.5250000e+02;-8.8572092e-02;2.5250000e+02;-1.3286453e-01;2.5250000e+02;-6.8082318e-02;2.5250000e+02;-5.4236241e-02;2.5250000e+02;-1.6168736e-02;2.5250000e+02;4.0662166e-02;2.5250000e+02;1.1266061e-01;2.5250000e+02;1.8864220e-01;2.5250000e+02;2.2060084e-01;2.5250000e+02;2.0952758e-01;2.5250000e+02;1.9564247e-01;2.5250000e+02;2.3184910e-01;2.5250000e+02;1.9668283e-01;2.5250000e+02;1.4446826e-01;2.5250000e+02;8.9762531e-02;2.5250000e+02;4.3867446e-02;2.5250000e+02;-4.2091906e-03;2.5250000e+02;-4.5332417e-02;2.5250000e+02;-8.8572092e-02;2.5250000e+02;-1.3286453e-01;2.5250000e+02;-6.8082318e-02;2.5250000e+02;-5.4236241e-02;2.5250000e+02;-1.6168736e-02;2.5250000e+02;4.0662166e-02;2.5250000e+02;1.1266061e-01;2.5250000e+02;1.8864220e-01;2.5250000e+02;2.2060084e-01;2.5250000e+02;2.0952758e-01;2.5250000e+02;1.9564247e-01;2.5250000e+02;2.3184910e-01;2.5250000e+02;1.9668283e-01;2.5250000e+02;1.4446826e-01;2.5250000e+02;8.9762531e-02;2.5250000e+02;4.3867446e-02;2.5250000e+02;-4.2091906e-03;2.5250000e+02;-4.5332417e-02;2.5250000e+02;-8.8572092e-02;2.5250000e+02;-1.3286453e-01;2.5250000e+02;-6.8082318e-02;2.5250000e+02;-5.4236241e-02;2.5250000e+02;-1.6168736e-02;2.5250000e+02;4.0662166e-02;2.5250000e+02;1.1266061e-01;2.5250000e+02;1.8864220e-01;2.5250000e+02;2.2060084e-01;2.5250000e+02;2.0952758e-01;2.5250000e+02;1.9564247e-01;2.5250000e+02;2.3184910e-01;2.5250000e+02;1.9668283e-01;2.5250000e+02;1.4446826e-01;2.5250000e+02;8.9762531e-02;2.5250000e+02;4.3867446e-02;2.5250000e+02;-4.2091906e-03;2.5250000e+02;-4.5332417e-02;2.5250000e+02;-8.8572092e-02;2.5250000e+02;-1.3286453e-01;2.5250000e+02;-6.8082318e-02;2.5250000e+02;-5.4236241e-02;2.5250000e+02;-1.6168736e-02;2.5250000e+02;4.0662166e-02;2.5250000e+02;1.1266061e-01;2.5250000e+02;1.8864220e-01;2.5250000e+02;2.2060084e-01;2.5250000e+02;2.0952758e-01;2.5250000e+02;1.9564247e-01;2.5250000e+02;2.3184910e-01;2.5250000e+02;1.9668283e-01;2.5250000e+02;1.4446826e-01;2.5250000e+02;8.9762531e-02;2.5250000e+02;4.3867446e-02;2.5250000e+02;-4.2091906e-03;2.5250000e+02;-4.5332417e-02;2.5250000e+02;-8.8572092e-02;2.5250000e+02;-1.3286453e-01;2.5250000e+02;-6.8082318e-02;2.5250000e+02;-5.4236241e-02;2.5250000e+02;-1.6168736e-02;2.5250000e+02;4.0662166e-02;2.5250000e+02;1.1266061e-01;2.5250000e+02;1.8864220e-01;2.5250000e+02;2.2060084e-01;2.5250000e+02;2.0952758e-01;2.5250000e+02;1.9564247e-01;2.5250000e+02;2.3184910e-01;2.5250000e+02;1.9668283e-01;2.5250000e+02;1.4446826e-01;2.5250000e+02;8.9762531e-02;2.5250000e+02;4.3867446e-02;2.5250000e+02;-4.2091906e-03;2.5250000e+02;-4.5332417e-02;2.5250000e+02;-8.8572092e-02;2.5250000e+02;-1.3286453e-01;2.5250000e+02;-6.8082318e-02;2.5250000e+02;-5.4236241e-02;2.5250000e+02;-1.6168736e-02;2.5250000e+02;4.0662166e-02;2.5250000e+02;1.1266061e-01;2.5250000e+02;1.8864220e-01;2.5250000e+02;2.2060084e-01;2.5250000e+02;2.0952758e-01;2.5250000e+02;1.9564247e-01;2.5250000e+02;2.3184910e-01;2.5250000e+02;1.9668283e-01;2.5250000e+02;1.4446826e-01;2.5250000e+02;8.9762531e-02;2.5250000e+02;4.3867446e-02;2.5250000e+02;-4.2091906e-03;2.5250000e+02;-4.5332417e-02;2.5250000e+02;-8.8572092e-02;2.5250000e+02;-1.3286453e-01;2.5250000e+02;-6.8082318e-02;2.5250000e+02;-5.4236241e-02;2.5250000e+02;-1.6168736e-02;2.5250000e+02;4.0662166e-02;2.5250000e+02;1.1266061e-01;2.5250000e+02;1.8864220e-01;2.5250000e+02;2.2060084e-01;2.5250000e+02;2.0952758e-01;2.5250000e+02;1.9564247e-01;2.5250000e+02;2.3184910e-01;2.5250000e+02;1.9668283e-01;2.5250000e+02;1.4446826e-01;2.5250000e+02;8.9762531e-02;2.5250000e+02;4.3867446e-02;2.5250000e+02;-4.2091906e-03;2.5250000e+02;-4.5332417e-02;2.5250000e+02;-8.8572092e-02;2.5250000e+02;-1.3286453e-01;2.5250000e+02;-6.8082318e-02;2.5250000e+02;-5.4236241e-02;2.5250000e+02;-1.6168736e-02;2.5250000e+02;4.0662166e-02;2.5250000e+02;1.1266061e-01;2.5250000e+02;1.8864220e-01;2.5250000e+02;2.2060084e-01;2.5250000e+02;2.0952758e-01;2.5250000e+02;1.9564247e-01;2.5250000e+02;2.3184910e-01;2.5250000e+02;1.9668283e-01;2.5250000e+02;1.4446826e-01;2.5250000e+02;8.9762531e-02;2.5250000e+02;4.3867446e-02;2.5250000e+02;-4.2091906e-03;2.5250000e+02;-4.5332417e-02;2.5250000e+02;-8.8572092e-02;2.5250000e+02;-1.3286453e-01;2.5250000e+02;-6.8082318e-02;2.5250000e+02;-5.4236241e-02;2.5250000e+02;-1.6168736e-02;2.5250000e+02;4.0662166e-02;2.5250000e+02;1.1266061e-01;2.5250000e+02;1.8864220e-01;2.5250000e+02;2.2060084e-01;2.5250000e+02;2.0952758e-01;2.5250000e+02;1.9564247e-01;2.5250000e+02;2.3184910e-01;2.5250000e+02;1.9668283e-01;2.5250000e+02;1.4446826e-01;2.5250000e+02;8.9762531e-02;2.5250000e+02;4.3867446e-02;2.5250000e+02;-4.2091906e-03;2.5250000e+02;-4.5332417e-02;2.5250000e+02;-8.8572092e-02;2.5250000e+02;-1.3286453e-01;2.5250000e+02;-6.8082318e-02;2.5250000e+02;-5.4236241e-02;2.5250000e+02;-1.6168736e-02;2.5250000e+02;4.0662166e-02;2.5250000e+02;1.1266061e-01;2.5250000e+02;1.8864220e-01;2.5250000e+02;2.2060084e-01;2.5250000e+02;2.0952758e-01;2.5250000e+02;1.9564247e-01;2.5250000e+02;2.3184910e-01;2.5250000e+02;1.9668283e-01;2.5250000e+02;1.4446826e-01;2.5250000e+02;8.9762531e-02;2.5250000e+02;4.3867446e-02;2.5250000e+02;-4.2091906e-03;2.5250000e+02;-4.5332417e-02;2.5250000e+02;-8.8572092e-02;2.5250000e+02;-1.3286453e-01;2.5250000e+02;-6.8082318e-02;2.5250000e+02;-5.4236241e-02;2.5250000e+02;-1.6168736e-02;2.5250000e+02;4.0662166e-02;2.5250000e+02;1.1266061e-01;2.5250000e+02;1.8864220e-01;2.5250000e+02;2.2060084e-01;2.5250000e+02;2.0952758e-01;2.5250000e+02;1.9564247e-01;2.5250000e+02;2.3184910e-01;2.5250000e+02;1.9668283e-01;2.5250000e+02;1.4446826e-01;2.5250000e+02;8.9762531e-02;2.5250000e+02;4.3867446e-02;2.5250000e+02;-4.2091906e-03;2.5250000e+02;-4.5332417e-02;2.5250000e+02;-8.8572092e-02;2.5250000e+02;-1.3286453e-01;2.5250000e+02;-6.8082318e-02;2.5250000e+02;-5.4236241e-02;2.5250000e+02;-1.6168736e-02;2.5250000e+02;4.0662166e-02;2.5250000e+02;1.1266061e-01;2.5250000e+02;1.8864220e-01;2.5250000e+02;2.2060084e-01;2.5250000e+02;2.0952758e-01;2.5250000e+02;1.9564247e-01;2.5250000e+02;2.3184910e-01;2.5250000e+02;1.9668283e-01;2.5250000e+02;1.4446826e-01;2.5250000e+02;8.9762531e-02;2.5250000e+02;4.3867446e-02;2.5250000e+02;-4.2091906e-03;2.5250000e+02;-4.5332417e-02;2.5250000e+02;-8.8572092e-02;2.5250000e+02;-1.3286453e-01;2.5250000e+02;-6.8082318e-02;2.5250000e+02;-5.4236241e-02;2.5250000e+02;-1.6168736e-02;2.5250000e+02;4.0662166e-02;2.5250000e+02;1.1266061e-01;2.5250000e+02;1.8864220e-01;2.5250000e+02;2.2060084e-01;2.5250000e+02;2.0952758e-01;2.5250000e+02;1.9564247e-01;2.5250000e+02;2.3184910e-01;2.5250000e+02;1.9668283e-01;2.5250000e+02;1.4446826e-01;2.5250000e+02;8.9762531e-02;2.5250000e+02;4.3867446e-02;2.5250000e+02;-4.2091906e-03;2.5250000e+02;-4.5332417e-02;2.5250000e+02;-8.8572092e-02;2.5250000e+02;-1.3286453e-01;2.5250000e+02;-6.8082318e-02;2.5250000e+02;-5.4236241e-02;2.5250000e+02;-1.6168736e-02;2.5250000e+02;4.0662166e-02;2.5250000e+02;1.1266061e-01;2.5250000e+02;1.8864220e-01;2.5250000e+02;2.2060084e-01;2.5250000e+02;2.0952758e-01;2.5250000e+02;1.9564247e-01;2.5250000e+02;2.3184910e-01;2.5250000e+02;1.9668283e-01;2.5250000e+02;1.4446826e-01;2.5250000e+02;8.9762531e-02;2.5250000e+02;4.3867446e-02;2.5250000e+02;-4.2091906e-03;2.5250000e+02;-4.5332417e-02;2.5250000e+02;-8.8572092e-02;2.5250000e+02;-1.3286453e-01;2.5250000e+02;-6.8082318e-02;2.5250000e+02;-5.4236241e-02;2.5250000e+02;-1.6168736e-02;2.5250000e+02;4.0662166e-02;2.5250000e+02;1.1266061e-01;2.5250000e+02;1.8864220e-01;2.5250000e+02;2.2060084e-01;2.5250000e+02;2.0952758e-01;2.5250000e+02;1.9564247e-01;2.5250000e+02;2.3184910e-01;2.5250000e+02;1.9668283e-01;2.5250000e+02;1.4446826e-01;2.5250000e+02;8.9762531e-02;2.5250000e+02;4.3867446e-02;2.5250000e+02;-4.2091906e-03;2.5250000e+02;-4.5332417e-02;2.5250000e+02;-8.8572092e-02;2.5250000e+02;-1.3286453e-01;2.5250000e+02;-6.8082318e-02;2.5250000e+02;-5.4236241e-02;2.5250000e+02;-1.6168736e-02;2.5250000e+02;4.0662166e-02;2.5250000e+02;1.1266061e-01;2.5250000e+02;1.8864220e-01;2.5250000e+02;2.2060084e-01;2.5250000e+02;2.0952758e-01;2.5250000e+02;1.9564247e-01;2.5250000e+02;2.3184910e-01;2.5250000e+02;1.9668283e-01;2.5250000e+02;1.4446826e-01;2.5250000e+02;8.9762531e-02;2.5250000e+02;4.3867446e-02;2.5250000e+02;-4.2091906e-03;2.5250000e+02;-4.5332417e-02;2.5250000e+02;-8.8572092e-02;2.5250000e+02;-1.3286453e-01;2.5250000e+02;-6.8082318e-02;2.5250000e+02;-5.4236241e-02;2.5250000e+02;-1.6168736e-02;2.5250000e+02;4.0662166e-02;2.5250000e+02;1.1266061e-01;2.5250000e+02;1.8864220e-01;2.5250000e+02;2.2060084e-01;2.5250000e+02;2.0952758e-01;2.5250000e+02;1.9564247e-01;2.5250000e+02;2.3184910e-01;2.5250000e+02;1.9668283e-01;2.5250000e+02;1.4446826e-01;2.5250000e+02;8.9762531e-02;2.5250000e+02;4.3867446e-02;2.5250000e+02;-4.2091906e-03;2.5250000e+02;-4.5332417e-02;2.5250000e+02;-8.8572092e-02;2.5250000e+02;-1.3286453e-01;2.5250000e+02;-6.8082318e-02;2.5250000e+02;-5.4236241e-02;2.5250000e+02;-1.6168736e-02;2.5250000e+02;4.0662166e-02;2.5250000e+02;1.1266061e-01;2.5250000e+02;1.8864220e-01;2.5250000e+02;2.2060084e-01;2.5250000e+02;2.0952758e-01;2.5250000e+02;1.9564247e-01;2.5250000e+02;2.3184910e-01;2.5250000e+02;1.9668283e-01;2.5250000e+02;1.4446826e-01;2.5250000e+02;8.9762531e-02;2.5250000e+02;4.3867446e-02;2.5250000e+02;-4.2091906e-03;2.5250000e+02;-4.5332417e-02;2.5250000e+02;-8.8572092e-02;2.5250000e+02;-1.3286453e-01;2.5250000e+02;-6.8082318e-02;2.5250000e+02;-5.4236241e-02;2.5250000e+02;-1.6168736e-02;2.5250000e+02;4.0662166e-02;2.5250000e+02;1.1266061e-01;2.5250000e+02;1.8864220e-01;2.5250000e+02;2.2060084e-01;2.5250000e+02;2.0952758e-01;2.5250000e+02;1.9564247e-01;2.5250000e+02;2.3184910e-01;2.5250000e+02;1.9668283e-01;2.5250000e+02;1.4446826e-01;2.5250000e+02;8.9762531e-02;2.5250000e+02;4.3867446e-02;2.5250000e+02;-4.2091906e-03;2.5250000e+02;-4.5332417e-02;2.5250000e+02;-8.8572092e-02;2.5250000e+02;-1.3286453e-01;2.5250000e+02;-6.8082318e-02;2.5250000e+02;-5.4236241e-02;2.5250000e+02;-1.6168736e-02;2.5250000e+02;4.0662166e-02;2.5250000e+02;1.1266061e-01;2.5250000e+02;1.8864220e-01;2.5250000e+02;2.2060084e-01;2.5250000e+02;2.0952758e-01;2.5250000e+02;1.9564247e-01;2.5250000e+02;2.3184910e-01;2.5250000e+02;1.9668283e-01;2.5250000e+02;1.4446826e-01;2.5250000e+02;8.9762531e-02;2.5250000e+02;4.3867446e-02;2.5250000e+02;-4.2091906e-03;2.5250000e+02;-4.5332417e-02;2.5250000e+02;-8.8572092e-02;2.5250000e+02;-1.3286453e-01;2.5250000e+02;-6.8082318e-02;2.5250000e+02;-5.4236241e-02;2.5250000e+02;-1.6168736e-02;2.5250000e+02;4.0662166e-02;2.5250000e+02;1.1266061e-01;2.5250000e+02;1.8864220e-01;2.5250000e+02;2.2060084e-01;2.5250000e+02;2.0952758e-01;2.5250000e+02;1.9564247e-01;2.5250000e+02;2.3184910e-01;2.5250000e+02;1.9668283e-01;2.5250000e+02;1.4446826e-01;2.5250000e+02;8.9762531e-02;2.5250000e+02;4.3867446e-02;2.5250000e+02;-4.2091906e-03;2.5250000e+02;-4.5332417e-02;2.5250000e+02;-8.8572092e-02;2.5250000e+02;-1.3286453e-01;2.5250000e+02;-6.8082318e-02;2.5250000e+02;-5.4236241e-02;2.5250000e+02;-1.6168736e-02;2.5250000e+02;4.0662166e-02;2.5250000e+02;1.1266061e-01;2.5250000e+02;1.8864220e-01;2.5250000e+02;2.2060084e-01;2.5250000e+02;2.0952758e-01;2.5250000e+02;1.9564247e-01;2.5250000e+02;2.3184910e-01;2.5250000e+02;1.9668283e-01;2.5250000e+02;1.4446826e-01;2.5250000e+02;8.9762531e-02;2.5250000e+02;4.3867446e-02;2.5250000e+02;-4.2091906e-03;2.5250000e+02;-4.5332417e-02;2.5250000e+02;-8.8572092e-02;2.5250000e+02;-1.3286453e-01;2.5250000e+02;-6.8082318e-02;2.5250000e+02;-5.4236241e-02;2.5250000e+02;-1.6168736e-02;2.5250000e+02;4.0662166e-02;2.5250000e+02;1.1266061e-01;2.5250000e+02;1.8864220e-01;2.5250000e+02;2.2060084e-01;2.5250000e+02;2.0952758e-01;2.5250000e+02;1.9564247e-01;2.5250000e+02;2.3184910e-01;2.5250000e+02;1.9668283e-01;2.5250000e+02;1.4446826e-01;2.5250000e+02;8.9762531e-02;2.5250000e+02;4.3867446e-02;2.5250000e+02;-4.2091906e-03;2.5250000e+02;-4.5332417e-02;2.5250000e+02;-8.8572092e-02;2.5250000e+02;-1.3286453e-01;2.5250000e+02;-6.8082318e-02;2.5250000e+02;-5.4236241e-02;2.5250000e+02;-1.6168736e-02;2.5250000e+02;4.0662166e-02;2.5250000e+02;1.1266061e-01;2.5250000e+02;1.8864220e-01;2.5250000e+02;2.2060084e-01;2.5250000e+02;2.0952758e-01;2.5250000e+02;1.9564247e-01;2.5250000e+02;2.3184910e-01;2.5250000e+02;1.9668283e-01;2.5250000e+02;1.4446826e-01;2.5250000e+02;8.9762531e-02;2.5250000e+02;4.3867446e-02;2.5250000e+02;-4.2091906e-03;2.5250000e+02;-4.5332417e-02;2.5250000e+02;-8.8572092e-02;2.5250000e+02;-1.3286453e-01;2.5250000e+02;-6.8082318e-02;2.5250000e+02;-5.4236241e-02;2.5250000e+02;-1.6168736e-02;2.5250000e+02;4.0662166e-02;2.5250000e+02;1.1266061e-01;2.5250000e+02;1.8864220e-01;2.5250000e+02;2.2060084e-01;2.5250000e+02;2.0952758e-01;2.5250000e+02;1.9564247e-01;2.5250000e+02;2.3184910e-01;2.5250000e+02;1.9668283e-01;2.5250000e+02;1.4446826e-01;2.5250000e+02;8.9762531e-02;2.5250000e+02;4.3867446e-02;2.5250000e+02;-4.2091906e-03;2.5250000e+02;-4.5332417e-02;2.5250000e+02;-8.8572092e-02;2.5250000e+02;-1.3286453e-01;2.5250000e+02;-6.8082318e-02;2.5250000e+02;-5.4236241e-02;2.5250000e+02;-1.6168736e-02;2.5250000e+02;4.0662166e-02;2.5250000e+02;1.1266061e-01;2.5250000e+02;1.8864220e-01;2.5250000e+02;2.2060084e-01;2.5250000e+02;2.0952758e-01;2.5250000e+02;1.9564247e-01;2.5250000e+02;2.3184910e-01;2.5250000e+02;1.9668283e-01;2.5250000e+02;1.4446826e-01;2.5250000e+02;8.9762531e-02;2.5250000e+02;4.3867446e-02;2.5250000e+02;-4.2091906e-03;2.5250000e+02;-4.5332417e-02;2.5250000e+02;-8.8572092e-02;2.5250000e+02;-1.3286453e-01;2.5250000e+02;-6.8082318e-02;2.5250000e+02;-5.4236241e-02;2.5250000e+02;-1.6168736e-02;2.5250000e+02;4.0662166e-02;2.5250000e+02;1.1266061e-01;2.5250000e+02;1.8864220e-01;2.5250000e+02;2.2060084e-01;2.5250000e+02;2.0952758e-01;2.5250000e+02;1.9564247e-01;2.5250000e+02;2.3184910e-01;2.5250000e+02;1.9668283e-01;2.5250000e+02;1.4446826e-01;2.5250000e+02;8.9762531e-02;2.5250000e+02;4.3867446e-02;2.5250000e+02;-4.2091906e-03;2.5250000e+02;-4.5332417e-02;2.5250000e+02;-8.8572092e-02;2.5250000e+02;-1.3286453e-01;2.5250000e+02;-6.8082318e-02;2.5250000e+02;-5.4236241e-02;2.5250000e+02;-1.6168736e-02;2.5250000e+02;4.0662166e-02;2.5250000e+02;1.1266061e-01;2.5250000e+02;1.8864220e-01;2.5250000e+02;2.2060084e-01;2.5250000e+02;2.0952758e-01;2.5250000e+02;1.9564247e-01;2.5250000e+02;2.3184910e-01;2.5250000e+02;1.9668283e-01;2.5250000e+02;1.4446826e-01;2.5250000e+02;8.9762531e-02;2.5250000e+02;4.3867446e-02;2.5250000e+02;-4.2091906e-03;2.5250000e+02;-4.5332417e-02;2.5250000e+02;-8.8572092e-02;2.5250000e+02;-1.3286453e-01;2.5250000e+02;-6.8082318e-02;2.5250000e+02;-5.4236241e-02;2.5250000e+02;-1.6168736e-02;2.5250000e+02;4.0662166e-02;2.5250000e+02;1.1266061e-01;2.5250000e+02;1.8864220e-01;2.5250000e+02;2.2060084e-01;2.5250000e+02;2.0952758e-01;2.5250000e+02;1.9564247e-01;2.5250000e+02;2.3184910e-01;2.5250000e+02;1.9668283e-01;2.5250000e+02;1.4446826e-01;2.5250000e+02;8.9762531e-02;2.5250000e+02;4.3867446e-02;2.5250000e+02;-4.2091906e-03;2.5250000e+02;-4.5332417e-02;2.5250000e+02;-8.8572092e-02;2.5250000e+02;-1.3286453e-01;2.5250000e+02;-6.8082318e-02;2.5250000e+02;-5.4236241e-02;2.5250000e+02;-1.6168736e-02;2.5250000e+02;4.0662166e-02;2.5250000e+02;1.1266061e-01;2.5250000e+02;1.8864220e-01;2.5250000e+02;2.2060084e-01;2.5250000e+02;2.0952758e-01;2.5250000e+02;1.9564247e-01;2.5250000e+02;2.3184910e-01;2.5250000e+02;1.9668283e-01;2.5250000e+02;1.4446826e-01;2.5250000e+02;8.9762531e-02;2.5250000e+02;4.3867446e-02;2.5250000e+02;-4.2091906e-03;2.5250000e+02;-4.5332417e-02;2.5250000e+02;-8.8572092e-02;2.5250000e+02;-1.3286453e-01;2.5250000e+02;-6.8082318e-02;2.5250000e+02;-5.4236241e-02;2.5250000e+02;-1.6168736e-02;2.5250000e+02;4.0662166e-02;2.5250000e+02;1.1266061e-01;2.5250000e+02;1.8864220e-01;2.5250000e+02;2.2060084e-01;2.5250000e+02;2.0952758e-01;2.5250000e+02;1.9564247e-01;2.5250000e+02;2.3184910e-01;2.5250000e+02;1.9668283e-01;2.5250000e+02;1.4446826e-01;2.5250000e+02;8.9762531e-02;2.5250000e+02;4.3867446e-02;2.5250000e+02;-4.2091906e-03;2.5250000e+02;-4.5332417e-02;2.5250000e+02;-8.8572092e-02;2.5250000e+02;-1.3286453e-01;2.5250000e+02;-6.8082318e-02;2.5250000e+02;-5.4236241e-02;2.5250000e+02;-1.6168736e-02;2.5250000e+02;4.0662166e-02;2.5250000e+02;1.1266061e-01;2.5250000e+02;1.8864220e-01;2.5250000e+02;2.2060084e-01;2.5250000e+02;2.0952758e-01;2.5250000e+02;1.9564247e-01;2.5250000e+02;2.3184910e-01;2.5250000e+02;1.9668283e-01;2.5250000e+02;1.4446826e-01;2.5250000e+02;8.9762531e-02;2.5250000e+02;4.3867446e-02;2.5250000e+02;-4.2091906e-03;2.5250000e+02;-4.5332417e-02;2.5250000e+02;-8.8572092e-02;2.5250000e+02;-1.3286453e-01;2.5250000e+02;-6.8082318e-02;2.5250000e+02;-5.4236241e-02;2.5250000e+02;-1.6168736e-02;2.5250000e+02;4.0662166e-02;2.5250000e+02;1.1266061e-01;2.5250000e+02;1.8864220e-01;2.5250000e+02;2.2060084e-01;2.5250000e+02;2.0952758e-01;2.5250000e+02;1.9564247e-01;2.5250000e+02;2.3184910e-01;2.5250000e+02;1.9668283e-01;2.5250000e+02;1.4446826e-01;2.5250000e+02;8.9762531e-02;2.5250000e+02;4.3867446e-02;2.5250000e+02;-4.2091906e-03;2.5250000e+02;-4.5332417e-02;2.5250000e+02;-8.8572092e-02;2.5250000e+02;-1.3286453e-01;2.5250000e+02;-6.8082318e-02;2.5250000e+02;-5.4236241e-02;2.5250000e+02;-1.6168736e-02;2.5250000e+02;4.0662166e-02;2.5250000e+02;1.1266061e-01;2.5250000e+02;1.8864220e-01;2.5250000e+02;2.2060084e-01;2.5250000e+02;2.0952758e-01;2.5250000e+02;1.9564247e-01;2.5250000e+02;2.3184910e-01;2.5250000e+02;1.9668283e-01;2.5250000e+02;1.4446826e-01;2.5250000e+02;8.9762531e-02;2.5250000e+02;4.3867446e-02;2.5250000e+02;-4.2091906e-03;2.5250000e+02;-4.5332417e-02;2.5250000e+02;-8.8572092e-02;2.5250000e+02;-1.3286453e-01;2.5250000e+02;-6.8082318e-02;2.5250000e+02;-5.4236241e-02;2.5250000e+02;-1.6168736e-02;2.5250000e+02;4.0662166e-02;2.5250000e+02;1.1266061e-01;2.5250000e+02;1.8864220e-01;2.5250000e+02;2.2060084e-01;2.5250000e+02;2.0952758e-01;2.5250000e+02;1.9564247e-01;2.5250000e+02;2.3184910e-01;2.5250000e+02;1.9668283e-01;2.5250000e+02;1.4446826e-01;2.5250000e+02;8.9762531e-02;2.5250000e+02;4.3867446e-02;2.5250000e+02;-4.2091906e-03;2.5250000e+02;-4.5332417e-02;2.5250000e+02;-8.8572092e-02;2.5250000e+02;-1.3286453e-01;2.5250000e+02;-6.8082318e-02;2.5250000e+02;-5.4236241e-02;2.5250000e+02;-1.6168736e-02;2.5250000e+02;4.0662166e-02;2.5250000e+02;1.1266061e-01;2.5250000e+02;1.8864220e-01;2.5250000e+02;2.2060084e-01;2.5250000e+02;2.0952758e-01;2.5250000e+02;1.9564247e-01;2.5250000e+02;2.3184910e-01;2.5250000e+02;1.9668283e-01;2.5250000e+02;1.4446826e-01;2.5250000e+02;8.9762531e-02;2.5250000e+02;4.3867446e-02;2.5250000e+02;-4.2091906e-03;2.5250000e+02;-4.5332417e-02;2.5250000e+02;-8.8572092e-02;2.5250000e+02;-1.3286453e-01;2.5250000e+02;-6.8082318e-02;2.5250000e+02;-5.4236241e-02;2.5250000e+02;-1.6168736e-02;2.5250000e+02;4.0662166e-02;2.5250000e+02;1.1266061e-01;2.5250000e+02;1.8864220e-01;2.5250000e+02;2.2060084e-01;2.5250000e+02;2.0952758e-01;2.5250000e+02;1.9564247e-01;2.5250000e+02;2.3184910e-01;2.5250000e+02;1.9668283e-01;2.5250000e+02;1.4446826e-01;2.5250000e+02;8.9762531e-02;2.5250000e+02;4.3867446e-02;2.5250000e+02;-4.2091906e-03;2.5250000e+02;-4.5332417e-02;2.5250000e+02;-8.8572092e-02;2.5250000e+02;-1.3286453e-01;2.5250000e+02;-6.8082318e-02;2.5250000e+02;-5.4236241e-02;2.5250000e+02;-1.6168736e-02;2.5250000e+02;4.0662166e-02;2.5250000e+02;1.1266061e-01;2.5250000e+02;1.8864220e-01;2.5250000e+02;2.2060084e-01;2.5250000e+02;2.0952758e-01;2.5250000e+02;1.9564247e-01;2.5250000e+02;2.3184910e-01;2.5250000e+02;1.9668283e-01;2.5250000e+02;1.4446826e-01;2.5250000e+02;8.9762531e-02;2.5250000e+02;4.3867446e-02;2.5250000e+02;-4.2091906e-03;2.5250000e+02;-4.5332417e-02;2.5250000e+02;-8.8572092e-02;2.5250000e+02;-1.3286453e-01;2.5250000e+02;-6.8082318e-02;2.5250000e+02;-5.4236241e-02;2.5250000e+02;-1.6168736e-02;2.5250000e+02;4.0662166e-02;2.5250000e+02;1.1266061e-01;2.5250000e+02;1.8864220e-01;2.5250000e+02;2.2060084e-01;2.5250000e+02;2.0952758e-01;2.5250000e+02;1.9564247e-01;2.5250000e+02;2.3184910e-01;2.5250000e+02;1.9668283e-01;2.5250000e+02;1.4446826e-01;2.5250000e+02;8.9762531e-02;2.5250000e+02;4.3867446e-02;2.5250000e+02;-4.2091906e-03;2.5250000e+02;-4.5332417e-02;2.5250000e+02;-8.8572092e-02;2.5250000e+02;-1.3286453e-01;2.5250000e+02;-6.8082318e-02;2.5250000e+02;-5.4236241e-02;2.5250000e+02;-1.6168736e-02;2.5250000e+02;4.0662166e-02;2.5250000e+02;1.1266061e-01;2.5250000e+02;1.8864220e-01;2.5250000e+02;2.2060084e-01;2.5250000e+02;2.0952758e-01;2.5250000e+02;1.9564247e-01;2.5250000e+02;2.3184910e-01;2.5250000e+02;1.9668283e-01;2.5250000e+02;1.4446826e-01;2.5250000e+02;8.9762531e-02;2.5250000e+02;4.3867446e-02;2.5250000e+02;-4.2091906e-03;2.5250000e+02;-4.5332417e-02;2.5250000e+02;-8.8572092e-02;2.5250000e+02;-1.3286453e-01;2.5250000e+02;-6.8082318e-02;2.5250000e+02;-5.4236241e-02;2.5250000e+02;-1.6168736e-02;2.5250000e+02;4.0662166e-02;2.5250000e+02;1.1266061e-01;2.5250000e+02;1.8864220e-01;2.5250000e+02;2.2060084e-01;2.5250000e+02;2.0952758e-01;2.5250000e+02;1.9564247e-01;2.5250000e+02;2.3184910e-01;2.5250000e+02;1.9668283e-01;2.5250000e+02;1.4446826e-01;2.5250000e+02;8.9762531e-02;2.5250000e+02;4.3867446e-02;2.5250000e+02;-4.2091906e-03;2.5250000e+02;-4.5332417e-02;2.5250000e+02;-8.8572092e-02;2.5250000e+02;-1.3286453e-01;2.5250000e+02;-6.8082318e-02;2.5250000e+02;-5.4236241e-02;2.5250000e+02;-1.6168736e-02;2.5250000e+02;4.0662166e-02;2.5250000e+02;1.1266061e-01;2.5250000e+02;1.8864220e-01;2.5250000e+02;2.2060084e-01;2.5250000e+02;2.0952758e-01;2.5250000e+02;1.9564247e-01;2.5250000e+02;2.3184910e-01;2.5250000e+02;1.9668283e-01;2.5250000e+02;1.4446826e-01;2.5250000e+02;8.9762531e-02;2.5250000e+02;4.3867446e-02;2.5250000e+02;-4.2091906e-03;2.5250000e+02;-4.5332417e-02;2.5250000e+02;-8.8572092e-02;2.5250000e+02;-1.3286453e-01;2.5250000e+02;-6.8082318e-02;2.5250000e+02;-5.4236241e-02;2.5250000e+02;-1.6168736e-02;2.5250000e+02;4.0662166e-02;2.5250000e+02;1.1266061e-01;2.5250000e+02;1.8864220e-01;2.5250000e+02;2.2060084e-01;2.5250000e+02;2.0952758e-01;2.5250000e+02;1.9564247e-01;2.5250000e+02;2.3184910e-01;2.5250000e+02;1.9668283e-01;2.5250000e+02;1.4446826e-01;2.5250000e+02;8.9762531e-02;2.5250000e+02;4.3867446e-02;2.5250000e+02;-4.2091906e-03;2.5250000e+02;-4.5332417e-02;2.5250000e+02;-8.8572092e-02;2.5250000e+02;-1.3286453e-01;2.5250000e+02;-6.8082318e-02;2.5250000e+02;-5.4236241e-02;2.5250000e+02;-1.6168736e-02;2.5250000e+02;4.0662166e-02;2.5250000e+02;1.1266061e-01;2.5250000e+02;1.8864220e-01;2.5250000e+02;2.2060084e-01;2.5250000e+02;2.0952758e-01;2.5250000e+02;1.9564247e-01;2.5250000e+02;2.3184910e-01;2.5250000e+02;1.9668283e-01;2.5250000e+02;1.4446826e-01;2.5250000e+02;8.9762531e-02;2.5250000e+02;4.3867446e-02;2.5250000e+02;-4.2091906e-03;2.5250000e+02;-4.5332417e-02;2.5250000e+02;-8.8572092e-02;2.5250000e+02;-1.3286453e-01;2.5250000e+02;-6.8082318e-02;2.5250000e+02;-5.4236241e-02;2.5250000e+02;-1.6168736e-02;2.5250000e+02;4.0662166e-02;2.5250000e+02;1.1266061e-01;2.5250000e+02;1.8864220e-01;2.5250000e+02;2.2060084e-01;2.5250000e+02;2.0952758e-01;2.5250000e+02;1.9564247e-01;2.5250000e+02;2.3184910e-01;2.5250000e+02;1.9668283e-01;2.5250000e+02;1.4446826e-01;2.5250000e+02;8.9762531e-02;2.5250000e+02;4.3867446e-02;2.5250000e+02;-4.2091906e-03;2.5250000e+02;-4.5332417e-02;2.5250000e+02;-8.8572092e-02;2.5250000e+02;-1.3286453e-01;2.5250000e+02;-6.8082318e-02;2.5250000e+02;-5.4236241e-02;2.5250000e+02;-1.6168736e-02;2.5250000e+02;4.0662166e-02;2.5250000e+02;1.1266061e-01;2.5250000e+02;1.8864220e-01;2.5250000e+02;2.2060084e-01;2.5250000e+02;2.0952758e-01;2.5250000e+02;1.9564247e-01;2.5250000e+02;2.3184910e-01;2.5250000e+02;1.9668283e-01;2.5250000e+02;1.4446826e-01;2.5250000e+02;8.9762531e-02;2.5250000e+02;4.3867446e-02;2.5250000e+02;-4.2091906e-03;2.5250000e+02;-4.5332417e-02;2.5250000e+02;-8.8572092e-02;2.5250000e+02;-1.3286453e-01;2.5250000e+02;-6.8082318e-02;2.5250000e+02;-5.4236241e-02;2.5250000e+02;-1.6168736e-02;2.5250000e+02;4.0662166e-02;2.5250000e+02;1.1266061e-01;2.5250000e+02;1.8864220e-01;2.5250000e+02;2.2060084e-01;2.5250000e+02;2.0952758e-01;2.5250000e+02;1.9564247e-01;2.5250000e+02;2.3184910e-01;2.5250000e+02;1.9668283e-01;2.5250000e+02;1.4446826e-01;2.5250000e+02;8.9762531e-02;2.5250000e+02;4.3867446e-02;2.5250000e+02;-4.2091906e-03;2.5250000e+02;-4.5332417e-02;2.5250000e+02;-8.8572092e-02;2.5250000e+02;-1.3286453e-01;2.5250000e+02;-6.8082318e-02;2.5250000e+02;-5.4236241e-02;2.5250000e+02;-1.6168736e-02;2.5250000e+02;4.0662166e-02;2.5250000e+02;1.1266061e-01;2.5250000e+02;1.8864220e-01;2.5250000e+02;2.2060084e-01;2.5250000e+02;2.0952758e-01;2.5250000e+02;1.9564247e-01;2.5250000e+02;2.3184910e-01;2.5250000e+02;1.9668283e-01;2.5250000e+02;1.4446826e-01;2.5250000e+02;8.9762531e-02;2.5250000e+02;4.3867446e-02;2.5250000e+02;-4.2091906e-03;2.5250000e+02;-4.5332417e-02;2.5250000e+02;-8.8572092e-02;2.5250000e+02;-1.3286453e-01;2.5250000e+02;-6.8082318e-02;2.5250000e+02;-5.4236241e-02;2.5250000e+02;-1.6168736e-02;2.5250000e+02;4.0662166e-02;2.5250000e+02;1.1266061e-01;2.5250000e+02;1.8864220e-01;2.5250000e+02;2.2060084e-01;2.5250000e+02;2.0952758e-01;2.5250000e+02;1.9564247e-01;2.5250000e+02;2.3184910e-01;2.5250000e+02;1.9668283e-01;2.5250000e+02;1.4446826e-01;2.5250000e+02;8.9762531e-02;2.5250000e+02;4.3867446e-02;2.5250000e+02;-4.2091906e-03;2.5250000e+02;-4.5332417e-02;2.5250000e+02;-8.8572092e-02;2.5250000e+02;-1.3286453e-01;2.5250000e+02;-6.8082318e-02;2.5250000e+02;-5.4236241e-02;2.5250000e+02;-1.6168736e-02;2.5250000e+02;4.0662166e-02;2.5250000e+02;1.1266061e-01;2.5250000e+02;1.8864220e-01;2.5250000e+02;2.2060084e-01;2.5250000e+02;2.0952758e-01;2.5250000e+02;1.9564247e-01;2.5250000e+02;2.3184910e-01;2.5250000e+02;1.9668283e-01;2.5250000e+02;1.4446826e-01;2.5250000e+02;8.9762531e-02;2.5250000e+02;4.3867446e-02;2.5250000e+02;-4.2091906e-03;2.5250000e+02;-4.5332417e-02;2.5250000e+02;-8.8572092e-02;2.5250000e+02;-1.3286453e-01;2.5250000e+02;-6.8082318e-02;2.5250000e+02;-5.4236241e-02;2.5250000e+02;-1.6168736e-02;2.5250000e+02;4.0662166e-02;2.5250000e+02;1.1266061e-01;2.5250000e+02;1.8864220e-01;2.5250000e+02;2.2060084e-01;2.5250000e+02;2.0952758e-01;2.5250000e+02;1.9564247e-01;2.5250000e+02;2.3184910e-01;2.5250000e+02;1.9668283e-01;2.5250000e+02;1.4446826e-01;2.5250000e+02;8.9762531e-02;2.5250000e+02;4.3867446e-02;2.5250000e+02;-4.2091906e-03;2.5250000e+02;-4.5332417e-02;2.5250000e+02;-8.8572092e-02;2.5250000e+02;-1.3286453e-01;2.5250000e+02;-6.8082318e-02;2.5250000e+02;-5.4236241e-02;2.5250000e+02;-1.6168736e-02;2.5250000e+02;4.0662166e-02;2.5250000e+02;1.1266061e-01;2.5250000e+02;1.8864220e-01;2.5250000e+02;2.2060084e-01;2.5250000e+02;2.0952758e-01;2.5250000e+02;1.9564247e-01;2.5250000e+02;2.3184910e-01;2.5250000e+02;1.9668283e-01;2.5250000e+02;1.4446826e-01;2.5250000e+02;8.9762531e-02;2.5250000e+02;4.3867446e-02;2.5250000e+02;-4.2091906e-03;2.5250000e+02;-4.5332417e-02;2.5250000e+02;-8.8572092e-02;2.5250000e+02;-1.3286453e-01;2.5250000e+02;-6.8082318e-02;2.5250000e+02;-5.4236241e-02;2.5250000e+02;-1.6168736e-02;2.5250000e+02;4.0662166e-02;2.5250000e+02;1.1266061e-01;2.5250000e+02;1.8864220e-01;2.5250000e+02;2.2060084e-01;2.5250000e+02;2.0952758e-01;2.5250000e+02;1.9564247e-01;2.5250000e+02;2.3184910e-01;2.5250000e+02;1.9668283e-01;2.5250000e+02;1.4446826e-01;2.5250000e+02;8.9762531e-02;2.5250000e+02;4.3867446e-02;2.5250000e+02;-4.2091906e-03;2.5250000e+02;-4.5332417e-02;2.5250000e+02;-8.8572092e-02;2.5250000e+02;-1.3286453e-01;2.5250000e+02;-6.8082318e-02;2.5250000e+02;-5.4236241e-02;2.5250000e+02;-1.6168736e-02;2.5250000e+02;4.0662166e-02;2.5250000e+02;1.1266061e-01;2.5250000e+02;1.8864220e-01;2.5250000e+02;2.2060084e-01;2.5250000e+02;2.0952758e-01;2.5250000e+02;1.9564247e-01;2.5250000e+02;2.3184910e-01;2.5250000e+02;1.9668283e-01;2.5250000e+02;1.4446826e-01;2.5250000e+02;8.9762531e-02;2.5250000e+02;4.3867446e-02;2.5250000e+02;-4.2091906e-03;2.5250000e+02;-4.5332417e-02;2.5250000e+02;-8.8572092e-02;2.5250000e+02;-1.3286453e-01;2.5250000e+02;-6.8082318e-02;2.5250000e+02;-5.4236241e-02;2.5250000e+02;-1.6168736e-02;2.5250000e+02;4.0662166e-02;2.5250000e+02;1.1266061e-01;2.5250000e+02;1.8864220e-01;2.5250000e+02;2.2060084e-01;2.5250000e+02;2.0952758e-01;2.5250000e+02;1.9564247e-01;2.5250000e+02;2.3184910e-01;2.5250000e+02;1.9668283e-01;2.5250000e+02;1.4446826e-01;2.5250000e+02;8.9762531e-02;2.5250000e+02;4.3867446e-02;2.5250000e+02;-4.2091906e-03;2.5250000e+02;-4.5332417e-02;2.5250000e+02;-8.8572092e-02;2.5250000e+02;-1.3286453e-01;2.5250000e+02;-6.8082318e-02;2.5250000e+02;-5.4236241e-02;2.5250000e+02;-1.6168736e-02;2.5250000e+02;4.0662166e-02;2.5250000e+02;1.1266061e-01;2.5250000e+02;1.8864220e-01;2.5250000e+02;2.2060084e-01;2.5250000e+02;2.0952758e-01;2.5250000e+02;1.9564247e-01;2.5250000e+02;2.3184910e-01;2.5250000e+02;1.9668283e-01;2.5250000e+02;1.4446826e-01;2.5250000e+02;8.9762531e-02;2.5250000e+02;4.3867446e-02;2.5250000e+02;-4.2091906e-03;2.5250000e+02;-4.5332417e-02;2.5250000e+02;-8.8572092e-02;2.5250000e+02;-1.3286453e-01;2.5250000e+02;-6.8082318e-02;2.5250000e+02;-5.4236241e-02;2.5250000e+02;-1.6168736e-02;2.5250000e+02;4.0662166e-02;2.5250000e+02;1.1266061e-01;2.5250000e+02;1.8864220e-01;2.5250000e+02;2.2060084e-01;2.5250000e+02;2.0952758e-01;2.5250000e+02;1.9564247e-01;2.5250000e+02;2.3184910e-01;2.5250000e+02;1.9668283e-01;2.5250000e+02;1.4446826e-01;2.5250000e+02;8.9762531e-02;2.5250000e+02;4.3867446e-02;2.5250000e+02;-4.2091906e-03;2.5250000e+02;-4.5332417e-02;2.5250000e+02;-8.8572092e-02;2.5250000e+02;-1.3286453e-01;2.5250000e+02;-6.8082318e-02;2.5250000e+02;-5.4236241e-02;2.5250000e+02;-1.6168736e-02;2.5250000e+02;4.0662166e-02;2.5250000e+02;1.1266061e-01;2.5250000e+02;1.8864220e-01;2.5250000e+02;2.2060084e-01;2.5250000e+02;2.0952758e-01;2.5250000e+02;1.9564247e-01;2.5250000e+02;2.3184910e-01;2.5250000e+02;1.9668283e-01;2.5250000e+02;1.4446826e-01;2.5250000e+02;8.9762531e-02;2.5250000e+02;4.3867446e-02;2.5250000e+02;-4.2091906e-03;2.5250000e+02;-4.5332417e-02;2.5250000e+02;-8.8572092e-02;2.5250000e+02;-1.3286453e-01;2.5250000e+02;-6.8082318e-02;2.5250000e+02;-5.4236241e-02;2.5250000e+02;-1.6168736e-02;2.5250000e+02;4.0662166e-02;2.5250000e+02;1.1266061e-01;2.5250000e+02;1.8864220e-01;2.5250000e+02;2.2060084e-01;2.5250000e+02;2.0952758e-01;2.5250000e+02;1.9564247e-01;2.5250000e+02;2.3184910e-01;2.5250000e+02;1.9668283e-01;2.5250000e+02;1.4446826e-01;2.5250000e+02;8.9762531e-02;2.5250000e+02;4.3867446e-02;2.5250000e+02;-4.2091906e-03;2.5250000e+02;-4.5332417e-02;2.5250000e+02;-8.8572092e-02;2.5250000e+02;-1.3286453e-01;2.5250000e+02;-6.8082318e-02;2.5250000e+02;-5.4236241e-02;2.5250000e+02;-1.6168736e-02;2.5250000e+02;4.0662166e-02;2.5250000e+02;1.1266061e-01;2.5250000e+02;1.8864220e-01;2.5250000e+02;2.2060084e-01;2.5250000e+02;2.0952758e-01;2.5250000e+02;1.9564247e-01;2.5250000e+02;2.3184910e-01;2.5250000e+02;1.9668283e-01;2.5250000e+02;1.4446826e-01;2.5250000e+02;8.9762531e-02;2.5250000e+02;4.3867446e-02;2.5250000e+02;-4.2091906e-03;2.5250000e+02;-4.5332417e-02;2.5250000e+02;-8.8572092e-02;2.5250000e+02;-1.3286453e-01;2.5250000e+02;-6.8082318e-02;2.5250000e+02;-5.4236241e-02;2.5250000e+02;-1.6168736e-02;2.5250000e+02;4.0662166e-02;2.5250000e+02;1.1266061e-01;2.5250000e+02;1.8864220e-01;2.5250000e+02;2.2060084e-01;2.5250000e+02;2.0952758e-01;2.5250000e+02;1.9564247e-01;2.5250000e+02;2.3184910e-01;2.5250000e+02;1.9668283e-01;2.5250000e+02;1.4446826e-01;2.5250000e+02;8.9762531e-02;2.5250000e+02;4.3867446e-02;2.5250000e+02;-4.2091906e-03;2.5250000e+02;-4.5332417e-02;2.5250000e+02;-8.8572092e-02;2.5250000e+02;-1.3286453e-01;2.5250000e+02;-6.8082318e-02;2.5250000e+02;-5.4236241e-02;2.5250000e+02;-1.6168736e-02;2.5250000e+02;4.0662166e-02;2.5250000e+02;1.1266061e-01;2.5250000e+02;1.8864220e-01;2.5250000e+02;2.2060084e-01;2.5250000e+02;2.0952758e-01;2.5250000e+02;1.9564247e-01;2.5250000e+02;2.3184910e-01;2.5250000e+02;1.9668283e-01;2.5250000e+02;1.4446826e-01;2.5250000e+02;8.9762531e-02;2.5250000e+02;4.3867446e-02;2.5250000e+02;-4.2091906e-03;2.5250000e+02;-4.5332417e-02;2.5250000e+02;-8.8572092e-02;2.5250000e+02;-1.3286453e-01;2.5250000e+02;-6.8082318e-02;2.5250000e+02;-5.4236241e-02;2.5250000e+02;-1.6168736e-02;2.5250000e+02;4.0662166e-02;2.5250000e+02;1.1266061e-01;2.5250000e+02;1.8864220e-01;2.5250000e+02;2.2060084e-01;2.5250000e+02;2.0952758e-01;2.5250000e+02;1.9564247e-01;2.5250000e+02;2.3184910e-01;2.5250000e+02;1.9668283e-01;2.5250000e+02;1.4446826e-01;2.5250000e+02;8.9762531e-02;2.5250000e+02;4.3867446e-02;2.5250000e+02;-4.2091906e-03;2.5250000e+02;-4.5332417e-02;2.5250000e+02;-8.8572092e-02;2.5250000e+02;-1.3286453e-01;2.5250000e+02;-6.8082318e-02;2.5250000e+02;-5.4236241e-02;2.5250000e+02;-1.6168736e-02;2.5250000e+02;4.0662166e-02;2.5250000e+02;1.1266061e-01;2.5250000e+02;1.8864220e-01;2.5250000e+02;2.2060084e-01;2.5250000e+02;2.0952758e-01;2.5250000e+02;1.9564247e-01;2.5250000e+02;2.3184910e-01;2.5250000e+02;1.9668283e-01;2.5250000e+02;1.4446826e-01;2.5250000e+02;8.9762531e-02;2.5250000e+02;4.3867446e-02;2.5250000e+02;-4.2091906e-03;2.5250000e+02;-4.5332417e-02;2.5250000e+02;-8.8572092e-02;2.5250000e+02;-1.3286453e-01;2.5250000e+02;-6.8082318e-02;2.5250000e+02;-5.4236241e-02;2.5250000e+02;-1.6168736e-02;2.5250000e+02;4.0662166e-02;2.5250000e+02;1.1266061e-01;2.5250000e+02;1.8864220e-01;2.5250000e+02;2.2060084e-01;2.5250000e+02;2.0952758e-01;2.5250000e+02;1.9564247e-01;2.5250000e+02;2.3184910e-01;2.5250000e+02;1.9668283e-01;2.5250000e+02;1.4446826e-01;2.5250000e+02;8.9762531e-02;2.5250000e+02;4.3867446e-02;2.5250000e+02;-4.2091906e-03;2.5250000e+02;-4.5332417e-02;2.5250000e+02;-8.8572092e-02;2.5250000e+02;-1.3286453e-01;2.5250000e+02;-6.8082318e-02;2.5250000e+02;-5.4236241e-02;2.5250000e+02;-1.6168736e-02;2.5250000e+02;4.0662166e-02;2.5250000e+02;1.1266061e-01;2.5250000e+02;1.8864220e-01;2.5250000e+02;2.2060084e-01;2.5250000e+02;2.0952758e-01;2.5250000e+02;1.9564247e-01;2.5250000e+02;2.3184910e-01;2.5250000e+02;1.9668283e-01;2.5250000e+02;1.4446826e-01;2.5250000e+02;8.9762531e-02;2.5250000e+02;4.3867446e-02;2.5250000e+02;-4.2091906e-03;2.5250000e+02;-4.5332417e-02;2.5250000e+02;-8.8572092e-02;2.5250000e+02;-1.3286453e-01;2.5250000e+02;-6.8082318e-02;2.5250000e+02;-5.4236241e-02;2.5250000e+02;-1.6168736e-02;2.5250000e+02;4.0662166e-02;2.5250000e+02;1.1266061e-01;2.5250000e+02;1.8864220e-01;2.5250000e+02;2.2060084e-01;2.5250000e+02;2.0952758e-01;2.5250000e+02;1.9564247e-01;2.5250000e+02;2.3184910e-01;2.5250000e+02;1.9668283e-01;2.5250000e+02;1.4446826e-01;2.5250000e+02;8.9762531e-02;2.5250000e+02;4.3867446e-02;2.5250000e+02;-4.2091906e-03;2.5250000e+02;-4.5332417e-02;2.5250000e+02;-8.8572092e-02;2.5250000e+02;-1.3286453e-01;2.5250000e+02;-6.8082318e-02;2.5250000e+02;-5.4236241e-02;2.5250000e+02;-1.6168736e-02;2.5250000e+02;4.0662166e-02;2.5250000e+02;1.1266061e-01;2.5250000e+02;1.8864220e-01;2.5250000e+02;2.2060084e-01;2.5250000e+02;2.0952758e-01;2.5250000e+02;1.9564247e-01;2.5250000e+02;2.3184910e-01;2.5250000e+02;1.9668283e-01;2.5250000e+02;1.4446826e-01;2.5250000e+02;8.9762531e-02;2.5250000e+02;4.3867446e-02;2.5250000e+02;-4.2091906e-03;2.5250000e+02;-4.5332417e-02;2.5250000e+02;-8.8572092e-02;2.5250000e+02;-1.3286453e-01;2.5250000e+02;-6.8082318e-02;2.5250000e+02;-5.4236241e-02;2.5250000e+02;-1.6168736e-02;2.5250000e+02;4.0662166e-02;2.5250000e+02;1.1266061e-01;2.5250000e+02;1.8864220e-01;2.5250000e+02;2.2060084e-01;2.5250000e+02;2.0952758e-01;2.5250000e+02;1.9564247e-01;2.5250000e+02;2.3184910e-01;2.5250000e+02;1.9668283e-01;2.5250000e+02;1.4446826e-01;2.5250000e+02;8.9762531e-02;2.5250000e+02;4.3867446e-02;2.5250000e+02;-4.2091906e-03;2.5250000e+02;-4.5332417e-02;2.5250000e+02;-8.8572092e-02;2.5250000e+02;-1.3286453e-01;2.5250000e+02;-6.8082318e-02;2.5250000e+02;-5.4236241e-02;2.5250000e+02;-1.6168736e-02;2.5250000e+02;4.0662166e-02;2.5250000e+02;1.1266061e-01;2.5250000e+02;1.8864220e-01;2.5250000e+02;2.2060084e-01;2.5250000e+02;2.0952758e-01;2.5250000e+02;1.9564247e-01;2.5250000e+02;2.3184910e-01;2.5250000e+02;1.9668283e-01;2.5250000e+02;1.4446826e-01;2.5250000e+02;8.9762531e-02;2.5250000e+02;4.3867446e-02;2.5250000e+02;-4.2091906e-03;2.5250000e+02;-4.5332417e-02;2.5250000e+02;-8.8572092e-02;2.5250000e+02;-1.3286453e-01;2.5250000e+02;-6.8082318e-02;2.5250000e+02;-5.4236241e-02;2.5250000e+02;-1.6168736e-02;2.5250000e+02;4.0662166e-02;2.5250000e+02;1.1266061e-01;2.5250000e+02;1.8864220e-01;2.5250000e+02;2.2060084e-01;2.5250000e+02;2.0952758e-01;2.5250000e+02;1.9564247e-01;2.5250000e+02;2.3184910e-01;2.5250000e+02;1.9668283e-01;2.5250000e+02;1.4446826e-01;2.5250000e+02;8.9762531e-02;2.5250000e+02;4.3867446e-02;2.5250000e+02;-4.2091906e-03;2.5250000e+02;-4.5332417e-02;2.5250000e+02;-8.8572092e-02;2.5250000e+02;-1.3286453e-01;2.5250000e+02;-6.8082318e-02;2.5250000e+02;-5.4236241e-02;2.5250000e+02;-1.6168736e-02;2.5250000e+02;4.0662166e-02;2.5250000e+02;1.1266061e-01;2.5250000e+02;1.8864220e-01;2.5250000e+02;2.2060084e-01;2.5250000e+02;2.0952758e-01;2.5250000e+02;1.9564247e-01;2.5250000e+02;2.3184910e-01;2.5250000e+02;1.9668283e-01;2.5250000e+02;1.4446826e-01;2.5250000e+02;8.9762531e-02;2.5250000e+02;4.3867446e-02;2.5250000e+02;-4.2091906e-03;2.5250000e+02;-4.5332417e-02;2.5250000e+02;-8.8572092e-02;2.5250000e+02;-1.3286453e-01;2.5250000e+02;-6.8082318e-02;2.5250000e+02;-5.4236241e-02;2.5250000e+02;-1.6168736e-02;2.5250000e+02;4.0662166e-02;2.5250000e+02;1.1266061e-01;2.5250000e+02;1.8864220e-01;2.5250000e+02;2.2060084e-01;2.5250000e+02;2.0952758e-01;2.5250000e+02;1.9564247e-01;2.5250000e+02;2.3184910e-01;2.5250000e+02;1.9668283e-01;2.5250000e+02;1.4446826e-01;2.5250000e+02;8.9762531e-02;2.5250000e+02;4.3867446e-02;2.5250000e+02;-4.2091906e-03;2.5250000e+02;-4.5332417e-02;2.5250000e+02;-8.8572092e-02;2.5250000e+02;-1.3286453e-01;2.5250000e+02;-6.8082318e-02;2.5250000e+02;-5.4236241e-02;2.5250000e+02;-1.6168736e-02;2.5250000e+02;4.0662166e-02;2.5250000e+02;1.1266061e-01;2.5250000e+02;1.8864220e-01;2.5250000e+02;2.2060084e-01;2.5250000e+02;2.0952758e-01;2.5250000e+02;1.9564247e-01;2.5250000e+02;2.3184910e-01;2.5250000e+02;1.9668283e-01;2.5250000e+02;1.4446826e-01;2.5250000e+02;8.9762531e-02;2.5250000e+02;4.3867446e-02;2.5250000e+02;-4.2091906e-03;2.5250000e+02;-4.5332417e-02;2.5250000e+02;-8.8572092e-02;2.5250000e+02;-1.3286453e-01;2.5250000e+02;-6.8082318e-02;2.5250000e+02;-5.4236241e-02;2.5250000e+02;-1.6168736e-02;2.5250000e+02;4.0662166e-02;2.5250000e+02;1.1266061e-01;2.5250000e+02;1.8864220e-01;2.5250000e+02;2.2060084e-01;2.5250000e+02;2.0952758e-01;2.5250000e+02;1.9564247e-01;2.5250000e+02;2.3184910e-01;2.5250000e+02;1.9668283e-01;2.5250000e+02;1.4446826e-01;2.5250000e+02;8.9762531e-02;2.5250000e+02;4.3867446e-02;2.5250000e+02;-4.2091906e-03;2.5250000e+02;-4.5332417e-02;2.5250000e+02;-8.8572092e-02;2.5250000e+02;-1.3286453e-01;2.5250000e+02;-6.8082318e-02;2.5250000e+02;-5.4236241e-02;2.5250000e+02;-1.6168736e-02;2.5250000e+02;4.0662166e-02;2.5250000e+02;1.1266061e-01;2.5250000e+02;1.8864220e-01;2.5250000e+02;2.2060084e-01;2.5250000e+02;2.0952758e-01;2.5250000e+02;1.9564247e-01;2.5250000e+02;2.3184910e-01;2.5250000e+02;1.9668283e-01;2.5250000e+02;1.4446826e-01;2.5250000e+02;8.9762531e-02;2.5250000e+02;4.3867446e-02;2.5250000e+02;-4.2091906e-03;2.5250000e+02;-4.5332417e-02;2.5250000e+02;-8.8572092e-02;2.5250000e+02;-1.3286453e-01;2.5250000e+02;-6.8082318e-02;2.5250000e+02;-5.4236241e-02;2.5250000e+02;-1.6168736e-02;2.5250000e+02;4.0662166e-02;2.5250000e+02;1.1266061e-01;2.5250000e+02;1.8864220e-01;2.5250000e+02;2.2060084e-01;2.5250000e+02;2.0952758e-01;2.5250000e+02;1.9564247e-01;2.5250000e+02;2.3184910e-01;2.5250000e+02;1.9668283e-01;2.5250000e+02;1.4446826e-01;2.5250000e+02;8.9762531e-02;2.5250000e+02;4.3867446e-02;2.5250000e+02;-4.2091906e-03;2.5250000e+02;-4.5332417e-02;2.5250000e+02;-8.8572092e-02;2.5250000e+02;-1.3286453e-01;2.5250000e+02;-6.8082318e-02;2.5250000e+02;-5.4236241e-02;2.5250000e+02;-1.6168736e-02;2.5250000e+02;4.0662166e-02;2.5250000e+02;1.1266061e-01;2.5250000e+02;1.8864220e-01;2.5250000e+02;2.2060084e-01;2.5250000e+02;2.0952758e-01;2.5250000e+02;1.9564247e-01;2.5250000e+02;2.3184910e-01;2.5250000e+02;1.9668283e-01;2.5250000e+02;1.4446826e-01;2.5250000e+02;8.9762531e-02;2.5250000e+02;4.3867446e-02;2.5250000e+02;-4.2091906e-03;2.5250000e+02;-4.5332417e-02;2.5250000e+02;-8.8572092e-02;2.5250000e+02;-1.3286453e-01;2.5250000e+02;-6.8082318e-02;2.5250000e+02;-5.4236241e-02;2.5250000e+02;-1.6168736e-02;2.5250000e+02;4.0662166e-02;2.5250000e+02;1.1266061e-01;2.5250000e+02;1.8864220e-01;2.5250000e+02;2.2060084e-01;2.5250000e+02;2.0952758e-01;2.5250000e+02;1.9564247e-01;2.5250000e+02;2.3184910e-01;2.5250000e+02;1.9668283e-01;2.5250000e+02;1.4446826e-01;2.5250000e+02;8.9762531e-02;2.5250000e+02;4.3867446e-02;2.5250000e+02;-4.2091906e-03;2.5250000e+02;-4.5332417e-02;2.5250000e+02;-8.8572092e-02;2.5250000e+02;-1.3286453e-01;2.5250000e+02;-6.8082318e-02;2.5250000e+02;-5.4236241e-02;2.5250000e+02;-1.6168736e-02;2.5250000e+02;4.0662166e-02;2.5250000e+02;1.1266061e-01;2.5250000e+02;1.8864220e-01;2.5250000e+02;2.2060084e-01;2.5250000e+02;2.0952758e-01;2.5250000e+02;1.9564247e-01;2.5250000e+02;2.3184910e-01;2.5250000e+02;1.9668283e-01;2.5250000e+02;1.4446826e-01;2.5250000e+02;8.9762531e-02;2.5250000e+02;4.3867446e-02;2.5250000e+02;-4.2091906e-03;2.5250000e+02;-4.5332417e-02;2.5250000e+02;-8.8572092e-02;2.5250000e+02;-1.3286453e-01;2.5250000e+02;-6.8082318e-02;2.5250000e+02;-5.4236241e-02;2.5250000e+02;-1.6168736e-02;2.5250000e+02;4.0662166e-02;2.5250000e+02;1.1266061e-01;2.5250000e+02;1.8864220e-01;2.5250000e+02;2.2060084e-01;2.5250000e+02;2.0952758e-01;2.5250000e+02;1.9564247e-01;2.5250000e+02;2.3184910e-01;2.5250000e+02;1.9668283e-01;2.5250000e+02;1.4446826e-01;2.5250000e+02;8.9762531e-02;2.5250000e+02;4.3867446e-02;2.5250000e+02;-4.2091906e-03;2.5250000e+02;-4.5332417e-02;2.5250000e+02;-8.8572092e-02;2.5250000e+02;-1.3286453e-01;2.5250000e+02;-6.8082318e-02;2.5250000e+02;-5.4236241e-02;2.5250000e+02;-1.6168736e-02;2.5250000e+02;4.0662166e-02;2.5250000e+02;1.1266061e-01;2.5250000e+02;1.8864220e-01;2.5250000e+02;2.2060084e-01;2.5250000e+02;2.0952758e-01;2.5250000e+02;1.9564247e-01;2.5250000e+02;2.3184910e-01;2.5250000e+02;1.9668283e-01;2.5250000e+02;1.4446826e-01;2.5250000e+02;8.9762531e-02;2.5250000e+02;4.3867446e-02;2.5250000e+02;-4.2091906e-03;2.5250000e+02;-4.5332417e-02;2.5250000e+02;-8.8572092e-02;2.5250000e+02;-1.3286453e-01;2.5250000e+02;-6.8082318e-02;2.5250000e+02;-5.4236241e-02;2.5250000e+02;-1.6168736e-02;2.5250000e+02;4.0662166e-02;2.5250000e+02;1.1266061e-01;2.5250000e+02;1.8864220e-01;2.5250000e+02;2.2060084e-01;2.5250000e+02;2.0952758e-01;2.5250000e+02;1.9564247e-01;2.5250000e+02;2.3184910e-01;2.5250000e+02;1.9668283e-01;2.5250000e+02;1.4446826e-01;2.5250000e+02;8.9762531e-02;2.5250000e+02;4.3867446e-02;2.5250000e+02;-4.2091906e-03;2.5250000e+02;-4.5332417e-02;2.5250000e+02;-8.8572092e-02;2.5250000e+02;-1.3286453e-01;2.5250000e+02;-6.8082318e-02;2.5250000e+02;-5.4236241e-02;2.5250000e+02;-1.6168736e-02;2.5250000e+02;4.0662166e-02;2.5250000e+02;1.1266061e-01;2.5250000e+02;1.8864220e-01;2.5250000e+02;2.2060084e-01;2.5250000e+02;2.0952758e-01;2.5250000e+02;1.9564247e-01;2.5250000e+02;2.3184910e-01;2.5250000e+02;1.9668283e-01;2.5250000e+02;1.4446826e-01;2.5250000e+02;8.9762531e-02;2.5250000e+02;4.3867446e-02;2.5250000e+02;-4.2091906e-03;2.5250000e+02;-4.5332417e-02;2.5250000e+02;-8.8572092e-02;2.5250000e+02;-1.3286453e-01;2.5250000e+02;-6.8082318e-02;2.5250000e+02;-5.4236241e-02;2.5250000e+02;-1.6168736e-02;2.5250000e+02;4.0662166e-02;2.5250000e+02;1.1266061e-01;2.5250000e+02;1.8864220e-01;2.5250000e+02;2.2060084e-01;2.5250000e+02;2.0952758e-01;2.5250000e+02;1.9564247e-01;2.5250000e+02;2.3184910e-01;2.5250000e+02;1.9668283e-01;2.5250000e+02;1.4446826e-01;2.5250000e+02;8.9762531e-02;2.5250000e+02;4.3867446e-02;2.5250000e+02;-4.2091906e-03;2.5250000e+02;-4.5332417e-02;2.5250000e+02;-8.8572092e-02;2.5250000e+02;-1.3286453e-01;2.5250000e+02;-6.8082318e-02;2.5250000e+02;-5.4236241e-02;2.5250000e+02;-1.6168736e-02;2.5250000e+02;4.0662166e-02;2.5250000e+02;1.1266061e-01;2.5250000e+02;1.8864220e-01;2.5250000e+02;2.2060084e-01;2.5250000e+02;2.0952758e-01;2.5250000e+02;1.9564247e-01;2.5250000e+02;2.3184910e-01;2.5250000e+02;1.9668283e-01;2.5250000e+02;1.4446826e-01;2.5250000e+02;8.9762531e-02;2.5250000e+02;4.3867446e-02;2.5250000e+02;-4.2091906e-03;2.5250000e+02;-4.5332417e-02;2.5250000e+02;-8.8572092e-02;2.5250000e+02;-1.3286453e-01;2.5250000e+02;-6.8082318e-02;2.5250000e+02;-5.4236241e-02;2.5250000e+02;-1.6168736e-02;2.5250000e+02;4.0662166e-02;2.5250000e+02;1.1266061e-01;2.5250000e+02;1.8864220e-01;2.5250000e+02;2.2060084e-01;2.5250000e+02;2.0952758e-01;2.5250000e+02;1.9564247e-01;2.5250000e+02;2.3184910e-01;2.5250000e+02;1.9668283e-01;2.5250000e+02;1.4446826e-01;2.5250000e+02;8.9762531e-02;2.5250000e+02;4.3867446e-02;2.5250000e+02;-4.2091906e-03;2.5250000e+02;-4.5332417e-02;2.5250000e+02;-8.8572092e-02;2.5250000e+02;-1.3286453e-01;2.5250000e+02;-6.8082318e-02;2.5250000e+02;-5.4236241e-02;2.5250000e+02;-1.6168736e-02;2.5250000e+02;4.0662166e-02;2.5250000e+02;1.1266061e-01;2.5250000e+02;1.8864220e-01;2.5250000e+02;2.2060084e-01;2.5250000e+02;2.0952758e-01;2.5250000e+02;1.9564247e-01;2.5250000e+02;2.3184910e-01;2.5250000e+02;1.9668283e-01;2.5250000e+02;1.4446826e-01;2.5250000e+02;8.9762531e-02;2.5250000e+02;4.3867446e-02;2.5250000e+02;-4.2091906e-03;2.5250000e+02;-4.5332417e-02;2.5250000e+02;-8.8572092e-02;2.5250000e+02;-1.3286453e-01;2.5250000e+02;-6.8082318e-02;2.5250000e+02;-5.4236241e-02;2.5250000e+02;-1.6168736e-02;2.5250000e+02;4.0662166e-02;2.5250000e+02;1.1266061e-01;2.5250000e+02;1.8864220e-01;2.5250000e+02;2.2060084e-01;2.5250000e+02;2.0952758e-01;2.5250000e+02;1.9564247e-01;2.5250000e+02;2.3184910e-01;2.5250000e+02;1.9668283e-01;2.5250000e+02;1.4446826e-01;2.5250000e+02;8.9762531e-02;2.5250000e+02;4.3867446e-02;2.5250000e+02;-4.2091906e-03;2.5250000e+02;-4.5332417e-02;2.5250000e+02;-8.8572092e-02;2.5250000e+02;-1.3286453e-01;2.5250000e+02;-6.8082318e-02;2.5250000e+02;-5.4236241e-02;2.5250000e+02;-1.6168736e-02;2.5250000e+02;4.0662166e-02;2.5250000e+02;1.1266061e-01;2.5250000e+02;1.8864220e-01;2.5250000e+02;2.2060084e-01;2.5250000e+02;2.0952758e-01;2.5250000e+02;1.9564247e-01;2.5250000e+02;2.3184910e-01;2.5250000e+02;1.9668283e-01;2.5250000e+02;1.4446826e-01;2.5250000e+02;8.9762531e-02;2.5250000e+02;4.3867446e-02;2.5250000e+02;-4.2091906e-03;2.5250000e+02;-4.5332417e-02;2.5250000e+02;-8.8572092e-02;2.5250000e+02;-1.3286453e-01;2.5250000e+02;-6.8082318e-02;2.5250000e+02;-5.4236241e-02;2.5250000e+02;-1.6168736e-02;2.5250000e+02;4.0662166e-02;2.5250000e+02;1.1266061e-01;2.5250000e+02;1.8864220e-01;2.5250000e+02;2.2060084e-01;2.5250000e+02;2.0952758e-01;2.5250000e+02;1.9564247e-01;2.5250000e+02;2.3184910e-01;2.5250000e+02;1.9668283e-01;2.5250000e+02;1.4446826e-01;2.5250000e+02;8.9762531e-02;2.5250000e+02;4.3867446e-02;2.5250000e+02;-4.2091906e-03;2.5250000e+02;-4.5332417e-02;2.5250000e+02;-8.8572092e-02;2.5250000e+02;-1.3286453e-01;2.5250000e+02;-6.8082318e-02;2.5250000e+02;-5.4236241e-02;2.5250000e+02;-1.6168736e-02;2.5250000e+02;4.0662166e-02;2.5250000e+02;1.1266061e-01;2.5250000e+02;1.8864220e-01;2.5250000e+02;2.2060084e-01;2.5250000e+02;2.0952758e-01;2.5250000e+02;1.9564247e-01;2.5250000e+02;2.3184910e-01;2.5250000e+02;1.9668283e-01;2.5250000e+02;1.4446826e-01;2.5250000e+02;8.9762531e-02;2.5250000e+02;4.3867446e-02;2.5250000e+02;-4.2091906e-03;2.5250000e+02;-4.5332417e-02;2.5250000e+02;-8.8572092e-02;2.5250000e+02;-1.3286453e-01;2.5250000e+02;-6.8082318e-02;2.5250000e+02;-5.4236241e-02;2.5250000e+02;-1.6168736e-02;2.5250000e+02;4.0662166e-02;2.5250000e+02;1.1266061e-01;2.5250000e+02;1.8864220e-01;2.5250000e+02;2.2060084e-01;2.5250000e+02;2.0952758e-01;2.5250000e+02;1.9564247e-01;2.5250000e+02;2.3184910e-01;2.5250000e+02;1.9668283e-01;2.5250000e+02;1.4446826e-01;2.5250000e+02;8.9762531e-02;2.5250000e+02;4.3867446e-02;2.5250000e+02;-4.2091906e-03;2.5250000e+02;-4.5332417e-02;2.5250000e+02;-8.8572092e-02;2.5250000e+02;-1.3286453e-01;2.5250000e+02;-6.8082318e-02;2.5250000e+02;-5.4236241e-02;2.5250000e+02;-1.6168736e-02;2.5250000e+02;4.0662166e-02;2.5250000e+02;1.1266061e-01;2.5250000e+02;1.8864220e-01;2.5250000e+02;2.2060084e-01;2.5250000e+02;2.0952758e-01;2.5250000e+02;1.9564247e-01;2.5250000e+02;2.3184910e-01;2.5250000e+02;1.9668283e-01;2.5250000e+02;1.4446826e-01;2.5250000e+02;8.9762531e-02;2.5250000e+02;4.3867446e-02;2.5250000e+02;-4.2091906e-03;2.5250000e+02;-4.5332417e-02;2.5250000e+02;-8.8572092e-02;2.5250000e+02;-1.3286453e-01;2.5250000e+02;-6.8082318e-02;2.5250000e+02;-5.4236241e-02;2.5250000e+02;-1.6168736e-02;2.5250000e+02;4.0662166e-02;2.5250000e+02;1.1266061e-01;2.5250000e+02;1.8864220e-01;2.5250000e+02;2.2060084e-01;2.5250000e+02;2.0952758e-01;2.5250000e+02;1.9564247e-01;2.5250000e+02;2.3184910e-01;2.5250000e+02;1.9668283e-01;2.5250000e+02;1.4446826e-01;2.5250000e+02;8.9762531e-02;2.5250000e+02;4.3867446e-02;2.5250000e+02;-4.2091906e-03;2.5250000e+02;-4.5332417e-02;2.5250000e+02;-8.8572092e-02;2.5250000e+02;-1.3286453e-01;2.5250000e+02;-6.8082318e-02;2.5250000e+02;-5.4236241e-02;2.5250000e+02;-1.6168736e-02;2.5250000e+02;4.0662166e-02;2.5250000e+02;1.1266061e-01;2.5250000e+02;1.8864220e-01;2.5250000e+02;2.2060084e-01;2.5250000e+02;2.0952758e-01;2.5250000e+02;1.9564247e-01;2.5250000e+02;2.3184910e-01;2.5250000e+02;1.9668283e-01;2.5250000e+02;1.4446826e-01;2.5250000e+02;8.9762531e-02;2.5250000e+02;4.3867446e-02;2.5250000e+02;-4.2091906e-03;2.5250000e+02;-4.5332417e-02;2.5250000e+02;-8.8572092e-02;2.5250000e+02;-1.3286453e-01;2.5250000e+02;-6.8082318e-02;2.5250000e+02;-5.4236241e-02;2.5250000e+02;-1.6168736e-02;2.5250000e+02;4.0662166e-02;2.5250000e+02;1.1266061e-01;2.5250000e+02;1.8864220e-01;2.5250000e+02;2.2060084e-01;2.5250000e+02;2.0952758e-01;2.5250000e+02;1.9564247e-01;2.5250000e+02;2.3184910e-01;2.5250000e+02;1.9668283e-01;2.5250000e+02;1.4446826e-01;2.5250000e+02;8.9762531e-02;2.5250000e+02;4.3867446e-02;2.5250000e+02;-4.2091906e-03;2.5250000e+02;-4.5332417e-02;2.5250000e+02;-8.8572092e-02;2.5250000e+02;-1.3286453e-01;2.5250000e+02;-6.8082318e-02;2.5250000e+02;-5.4236241e-02;2.5250000e+02;-1.6168736e-02;2.5250000e+02;4.0662166e-02;2.5250000e+02;1.1266061e-01;2.5250000e+02;1.8864220e-01;2.5250000e+02;2.2060084e-01;2.5250000e+02;2.0952758e-01;2.5250000e+02;1.9564247e-01;2.5250000e+02;2.3184910e-01;2.5250000e+02;1.9668283e-01;2.5250000e+02;1.4446826e-01;2.5250000e+02;8.9762531e-02;2.5250000e+02;4.3867446e-02;2.5250000e+02;-4.2091906e-03;2.5250000e+02;-4.5332417e-02;2.5250000e+02;-8.8572092e-02;2.5250000e+02;-1.3286453e-01;2.5250000e+02;-6.8082318e-02;2.5250000e+02;-5.4236241e-02;2.5250000e+02;-1.6168736e-02;2.5250000e+02;4.0662166e-02;2.5250000e+02;1.1266061e-01;2.5250000e+02;1.8864220e-01;2.5250000e+02;2.2060084e-01;2.5250000e+02;2.0952758e-01;2.5250000e+02;1.9564247e-01;2.5250000e+02;2.3184910e-01;2.5250000e+02;1.9668283e-01;2.5250000e+02;1.4446826e-01;2.5250000e+02;8.9762531e-02;2.5250000e+02;4.3867446e-02;2.5250000e+02;-4.2091906e-03;2.5250000e+02;-4.5332417e-02;2.5250000e+02;-8.8572092e-02;2.5250000e+02;-1.3286453e-01;2.5250000e+02;-6.8082318e-02;2.5250000e+02;-5.4236241e-02;2.5250000e+02;-1.6168736e-02;2.5250000e+02;4.0662166e-02;2.5250000e+02;1.1266061e-01;2.5250000e+02;1.8864220e-01;2.5250000e+02;2.2060084e-01;2.5250000e+02;2.0952758e-01;2.5250000e+02;1.9564247e-01;2.5250000e+02;2.3184910e-01;2.5250000e+02;1.9668283e-01;2.5250000e+02;1.4446826e-01;2.5250000e+02;8.9762531e-02;2.5250000e+02;4.3867446e-02;2.5250000e+02;-4.2091906e-03;2.5250000e+02;-4.5332417e-02;2.5250000e+02;-8.8572092e-02;2.5250000e+02;-1.3286453e-01;2.5250000e+02;-6.8082318e-02;2.5250000e+02;-5.4236241e-02;2.5250000e+02;-1.6168736e-02;2.5250000e+02;4.0662166e-02;2.5250000e+02;1.1266061e-01;2.5250000e+02;1.8864220e-01;2.5250000e+02;2.2060084e-01;2.5250000e+02;2.0952758e-01;2.5250000e+02;1.9564247e-01;2.5250000e+02;2.3184910e-01;2.5250000e+02;1.9668283e-01;2.5250000e+02;1.4446826e-01;2.5250000e+02;8.9762531e-02;2.5250000e+02;4.3867446e-02;2.5250000e+02;-4.2091906e-03;2.5250000e+02;-4.5332417e-02;2.5250000e+02;-8.8572092e-02;2.5250000e+02;-1.3286453e-01;2.5250000e+02;-6.8082318e-02;2.5250000e+02;-5.4236241e-02;2.5250000e+02;-1.6168736e-02;2.5250000e+02;4.0662166e-02;2.5250000e+02;1.1266061e-01;2.5250000e+02;1.8864220e-01;2.5250000e+02;2.2060084e-01;2.5250000e+02;2.0952758e-01;2.5250000e+02;1.9564247e-01;2.5250000e+02;2.3184910e-01;2.5250000e+02;1.9668283e-01;2.5250000e+02;1.4446826e-01;2.5250000e+02;8.9762531e-02;2.5250000e+02;4.3867446e-02;2.5250000e+02;-4.2091906e-03;2.5250000e+02;-4.5332417e-02;2.5250000e+02;-8.8572092e-02;2.5250000e+02;-1.3286453e-01;2.5250000e+02;-6.8082318e-02;2.5250000e+02;-5.4236241e-02;2.5250000e+02;-1.6168736e-02;2.5250000e+02;4.0662166e-02;2.5250000e+02;1.1266061e-01;2.5250000e+02;1.8864220e-01;2.5250000e+02;2.2060084e-01;2.5250000e+02;2.0952758e-01;2.5250000e+02;1.9564247e-01;2.5250000e+02;2.3184910e-01;2.5250000e+02;1.9668283e-01;2.5250000e+02;1.4446826e-01;2.5250000e+02;8.9762531e-02;2.5250000e+02;4.3867446e-02;2.5250000e+02;-4.2091906e-03;2.5250000e+02;-4.5332417e-02;2.5250000e+02;-8.8572092e-02;2.5250000e+02;-1.3286453e-01;2.5250000e+02;-6.8082318e-02;2.5250000e+02;-5.4236241e-02;2.5250000e+02;-1.6168736e-02;2.5250000e+02;4.0662166e-02;2.5250000e+02;1.1266061e-01;2.5250000e+02;1.8864220e-01;2.5250000e+02;2.2060084e-01;2.5250000e+02;2.0952758e-01;2.5250000e+02;1.9564247e-01;2.5250000e+02;2.3184910e-01;2.5250000e+02;1.9668283e-01;2.5250000e+02;1.4446826e-01;2.5250000e+02;8.9762531e-02;2.5250000e+02;4.3867446e-02;2.5250000e+02;-4.2091906e-03;2.5250000e+02;-4.5332417e-02;2.5250000e+02;-8.8572092e-02;2.5250000e+02;-1.3286453e-01;2.5250000e+02;-6.8082318e-02;2.5250000e+02;-5.4236241e-02;2.5250000e+02;-1.6168736e-02;2.5250000e+02;4.0662166e-02;2.5250000e+02;1.1266061e-01;2.5250000e+02;1.8864220e-01;2.5250000e+02;2.2060084e-01;2.5250000e+02;2.0952758e-01;2.5250000e+02;1.9564247e-01;2.5250000e+02;2.3184910e-01;2.5250000e+02;1.9668283e-01;2.5250000e+02;1.4446826e-01;2.5250000e+02;8.9762531e-02;2.5250000e+02;4.3867446e-02;2.5250000e+02;-4.2091906e-03;2.5250000e+02;-4.5332417e-02;2.5250000e+02;-8.8572092e-02;2.5250000e+02;-1.3286453e-01;2.5250000e+02;-6.8082318e-02;2.5250000e+02;-5.4236241e-02;2.5250000e+02;-1.6168736e-02;2.5250000e+02;4.0662166e-02;2.5250000e+02;1.1266061e-01;2.5250000e+02;1.8864220e-01;2.5250000e+02;2.2060084e-01;2.5250000e+02;2.0952758e-01;2.5250000e+02;1.9564247e-01;2.5250000e+02;2.3184910e-01;2.5250000e+02;1.9668283e-01;2.5250000e+02;1.4446826e-01;2.5250000e+02;8.9762531e-02;2.5250000e+02;4.3867446e-02;2.5250000e+02;-4.2091906e-03;2.5250000e+02;-4.5332417e-02;2.5250000e+02;-8.8572092e-02;2.5250000e+02;-1.3286453e-01;2.5250000e+02;-6.8082318e-02;2.5250000e+02;-5.4236241e-02;2.5250000e+02;-1.6168736e-02;2.5250000e+02;4.0662166e-02;2.5250000e+02;1.1266061e-01;2.5250000e+02;1.8864220e-01;2.5250000e+02;2.2060084e-01;2.5250000e+02;2.0952758e-01;2.5250000e+02;1.9564247e-01;2.5250000e+02;2.3184910e-01;2.5250000e+02;1.9668283e-01;2.5250000e+02;1.4446826e-01;2.5250000e+02;8.9762531e-02;2.5250000e+02;4.3867446e-02;2.5250000e+02;-4.2091906e-03;2.5250000e+02;-4.5332417e-02;2.5250000e+02;-8.8572092e-02;2.5250000e+02;-1.3286453e-01;2.5250000e+02;-6.8082318e-02;2.5250000e+02;-5.4236241e-02;2.5250000e+02;-1.6168736e-02;2.5250000e+02;4.0662166e-02;2.5250000e+02;1.1266061e-01;2.5250000e+02;1.8864220e-01;2.5250000e+02;2.2060084e-01;2.5250000e+02;2.0952758e-01;2.5250000e+02;1.9564247e-01;2.5250000e+02;2.3184910e-01;2.5250000e+02;1.9668283e-01;2.5250000e+02;1.4446826e-01;2.5250000e+02;8.9762531e-02;2.5250000e+02;4.3867446e-02;2.5250000e+02;-4.2091906e-03;2.5250000e+02;-4.5332417e-02;2.5250000e+02;-8.8572092e-02;2.5250000e+02;-1.3286453e-01;2.5250000e+02;-6.8082318e-02;2.5250000e+02;-5.4236241e-02;2.5250000e+02;-1.6168736e-02;2.5250000e+02;4.0662166e-02;2.5250000e+02;1.1266061e-01;2.5250000e+02;1.8864220e-01;2.5250000e+02;2.2060084e-01;2.5250000e+02;2.0952758e-01;2.5250000e+02;1.9564247e-01;2.5250000e+02;2.3184910e-01;2.5250000e+02;1.9668283e-01;2.5250000e+02;1.4446826e-01;2.5250000e+02;8.9762531e-02;2.5250000e+02;4.3867446e-02;2.5250000e+02;-4.2091906e-03;2.5250000e+02;-4.5332417e-02;2.5250000e+02;-8.8572092e-02;2.5250000e+02;-1.3286453e-01;2.5250000e+02;-6.8082318e-02;2.5250000e+02;-5.4236241e-02;2.5250000e+02;-1.6168736e-02;2.5250000e+02;4.0662166e-02;2.5250000e+02;1.1266061e-01;2.5250000e+02;1.8864220e-01;2.5250000e+02;2.2060084e-01;2.5250000e+02;2.0952758e-01;2.5250000e+02;1.9564247e-01;2.5250000e+02;2.3184910e-01;2.5250000e+02;1.9668283e-01;2.5250000e+02;1.4446826e-01;2.5250000e+02;8.9762531e-02;2.5250000e+02;4.3867446e-02;2.5250000e+02;-4.2091906e-03;2.5250000e+02;-4.5332417e-02;2.5250000e+02;-8.8572092e-02;2.5250000e+02;-1.3286453e-01;2.5250000e+02;-6.8082318e-02;2.5250000e+02;-5.4236241e-02;2.5250000e+02;-1.6168736e-02;2.5250000e+02;4.0662166e-02;2.5250000e+02;1.1266061e-01;2.5250000e+02;1.8864220e-01;2.5250000e+02;2.2060084e-01;2.5250000e+02;2.0952758e-01;2.5250000e+02;1.9564247e-01;2.5250000e+02;2.3184910e-01;2.5250000e+02;1.9668283e-01;2.5250000e+02;1.4446826e-01;2.5250000e+02;8.9762531e-02;2.5250000e+02;4.3867446e-02;2.5250000e+02;-4.2091906e-03;2.5250000e+02;-4.5332417e-02;2.5250000e+02;-8.8572092e-02;2.5250000e+02;-1.3286453e-01;2.5250000e+02;-6.8082318e-02;2.5250000e+02;-5.4236241e-02;2.5250000e+02;-1.6168736e-02;2.5250000e+02;4.0662166e-02;2.5250000e+02;1.1266061e-01;2.5250000e+02;1.8864220e-01;2.5250000e+02;2.2060084e-01;2.5250000e+02;2.0952758e-01;2.5250000e+02;1.9564247e-01;2.5250000e+02;2.3184910e-01;2.5250000e+02;1.9668283e-01;2.5250000e+02;1.4446826e-01;2.5250000e+02;8.9762531e-02;2.5250000e+02;4.3867446e-02;2.5250000e+02;-4.2091906e-03;2.5250000e+02;-4.5332417e-02;2.5250000e+02;-8.8572092e-02;2.5250000e+02;-1.3286453e-01;2.5250000e+02;-6.8082318e-02;2.5250000e+02;-5.4236241e-02;2.5250000e+02;-1.6168736e-02;2.5250000e+02;4.0662166e-02;2.5250000e+02;1.1266061e-01;2.5250000e+02;1.8864220e-01;2.5250000e+02;2.2060084e-01;2.5250000e+02;2.0952758e-01;2.5250000e+02;1.9564247e-01;2.5250000e+02;2.3184910e-01;2.5250000e+02;1.9668283e-01;2.5250000e+02;1.4446826e-01;2.5250000e+02;8.9762531e-02;2.5250000e+02;4.3867446e-02;2.5250000e+02;-4.2091906e-03;2.5250000e+02;-4.5332417e-02;2.5250000e+02;-8.8572092e-02;2.5250000e+02;-1.3286453e-01;2.5250000e+02;-6.8082318e-02;2.5250000e+02;-5.4236241e-02;2.5250000e+02;-1.6168736e-02;2.5250000e+02;4.0662166e-02;2.5250000e+02;1.1266061e-01;2.5250000e+02;1.8864220e-01;2.5250000e+02;2.2060084e-01;2.5250000e+02;2.0952758e-01;2.5250000e+02;1.9564247e-01;2.5250000e+02;2.3184910e-01;2.5250000e+02;1.9668283e-01;2.5250000e+02;1.4446826e-01;2.5250000e+02;8.9762531e-02;2.5250000e+02;4.3867446e-02;2.5250000e+02;-4.2091906e-03;2.5250000e+02;-4.5332417e-02;2.5250000e+02;-8.8572092e-02;2.5250000e+02;-1.3286453e-01;2.5250000e+02;-6.8082318e-02;2.5250000e+02;-5.4236241e-02;2.5250000e+02;-1.6168736e-02;2.5250000e+02;4.0662166e-02;2.5250000e+02;1.1266061e-01;2.5250000e+02;1.8864220e-01;2.5250000e+02;2.2060084e-01;2.5250000e+02;2.0952758e-01;2.5250000e+02;1.9564247e-01;2.5250000e+02;2.3184910e-01;2.5250000e+02;1.9668283e-01;2.5250000e+02;1.4446826e-01;2.5250000e+02;8.9762531e-02;2.5250000e+02;4.3867446e-02;2.5250000e+02;-4.2091906e-03;2.5250000e+02;-4.5332417e-02;2.5250000e+02;-8.8572092e-02;2.5250000e+02;-1.3286453e-01;2.5250000e+02;-6.8082318e-02;2.5250000e+02;-5.4236241e-02;2.5250000e+02;-1.6168736e-02;2.5250000e+02;4.0662166e-02;2.5250000e+02;1.1266061e-01;2.5250000e+02;1.8864220e-01;2.5250000e+02;2.2060084e-01;2.5250000e+02;2.0952758e-01;2.5250000e+02;1.9564247e-01;2.5250000e+02;2.3184910e-01;2.5250000e+02;1.9668283e-01;2.5250000e+02;1.4446826e-01;2.5250000e+02;8.9762531e-02;2.5250000e+02;4.3867446e-02;2.5250000e+02;-4.2091906e-03;2.5250000e+02;-4.5332417e-02;2.5250000e+02;-8.8572092e-02;2.5250000e+02;-1.3286453e-01;2.5250000e+02;-6.8082318e-02;2.5250000e+02;-5.4236241e-02;2.5250000e+02;-1.6168736e-02;2.5250000e+02;4.0662166e-02;2.5250000e+02;1.1266061e-01;2.5250000e+02;1.8864220e-01;2.5250000e+02;2.2060084e-01;2.5250000e+02;2.0952758e-01;2.5250000e+02;1.9564247e-01;2.5250000e+02;2.3184910e-01;2.5250000e+02;1.9668283e-01;2.5250000e+02;1.4446826e-01;2.5250000e+02;8.9762531e-02;2.5250000e+02;4.3867446e-02;2.5250000e+02;-4.2091906e-03;2.5250000e+02;-4.5332417e-02;2.5250000e+02;-8.8572092e-02;2.5250000e+02;-1.3286453e-01;2.5250000e+02;-6.8082318e-02;2.5250000e+02;-5.4236241e-02;2.5250000e+02;-1.6168736e-02;2.5250000e+02;4.0662166e-02;2.5250000e+02;1.1266061e-01;2.5250000e+02;1.8864220e-01;2.5250000e+02;2.2060084e-01;2.5250000e+02;2.0952758e-01;2.5250000e+02;1.9564247e-01;2.5250000e+02;2.3184910e-01;2.5250000e+02;1.9668283e-01;2.5250000e+02;1.4446826e-01;2.5250000e+02;8.9762531e-02;2.5250000e+02;4.3867446e-02;2.5250000e+02;-4.2091906e-03;2.5250000e+02;-4.5332417e-02;2.5250000e+02;-8.8572092e-02;2.5250000e+02;-1.3286453e-01;2.5250000e+02;-6.8082318e-02;2.5250000e+02;-5.4236241e-02;2.5250000e+02;-1.6168736e-02;2.5250000e+02;4.0662166e-02;2.5250000e+02;1.1266061e-01;2.5250000e+02;1.8864220e-01;2.5250000e+02;2.2060084e-01;2.5250000e+02;2.0952758e-01;2.5250000e+02;1.9564247e-01;2.5250000e+02;2.3184910e-01;2.5250000e+02;1.9668283e-01;2.5250000e+02;1.4446826e-01;2.5250000e+02;8.9762531e-02;2.5250000e+02;4.3867446e-02;2.5250000e+02;-4.2091906e-03;2.5250000e+02;-4.5332417e-02;2.5250000e+02;-8.8572092e-02;2.5250000e+02;-1.3286453e-01;2.5250000e+02;-6.8082318e-02;2.5250000e+02;-5.4236241e-02;2.5250000e+02;-1.6168736e-02;2.5250000e+02;4.0662166e-02;2.5250000e+02;1.1266061e-01;2.5250000e+02;1.8864220e-01;2.5250000e+02;2.2060084e-01;2.5250000e+02;2.0952758e-01;2.5250000e+02;1.9564247e-01;2.5250000e+02;2.3184910e-01;2.5250000e+02;1.9668283e-01;2.5250000e+02;1.4446826e-01;2.5250000e+02;8.9762531e-02;2.5250000e+02;4.3867446e-02;2.5250000e+02;-4.2091906e-03;2.5250000e+02;-4.5332417e-02;2.5250000e+02;-8.8572092e-02;2.5250000e+02;-1.3286453e-01;2.5250000e+02;-6.8082318e-02;2.5250000e+02;-5.4236241e-02;2.5250000e+02;-1.6168736e-02;2.5250000e+02;4.0662166e-02;2.5250000e+02;1.1266061e-01;2.5250000e+02;1.8864220e-01;2.5250000e+02;2.2060084e-01;2.5250000e+02;2.0952758e-01;2.5250000e+02;1.9564247e-01;2.5250000e+02;2.3184910e-01;2.5250000e+02;1.9668283e-01;2.5250000e+02;1.4446826e-01;2.5250000e+02;8.9762531e-02;2.5250000e+02;4.3867446e-02;2.5250000e+02;-4.2091906e-03;2.5250000e+02;-4.5332417e-02;2.5250000e+02;-8.8572092e-02;2.5250000e+02;-1.3286453e-01;2.5250000e+02;-6.8082318e-02;2.5250000e+02;-5.4236241e-02;2.5250000e+02;-1.6168736e-02;2.5250000e+02;4.0662166e-02;2.5250000e+02;1.1266061e-01;2.5250000e+02;1.8864220e-01;2.5250000e+02;2.2060084e-01;2.5250000e+02;2.0952758e-01;2.5250000e+02;1.9564247e-01;2.5250000e+02;2.3184910e-01;2.5250000e+02;1.9668283e-01;2.5250000e+02;1.4446826e-01;2.5250000e+02;8.9762531e-02;2.5250000e+02;4.3867446e-02;2.5250000e+02;-4.2091906e-03;2.5250000e+02;-4.5332417e-02;2.5250000e+02;-8.8572092e-02;2.5250000e+02;-1.3286453e-01;2.5250000e+02;-6.8082318e-02;2.5250000e+02;-5.4236241e-02;2.5250000e+02;-1.6168736e-02;2.5250000e+02;4.0662166e-02;2.5250000e+02;1.1266061e-01;2.5250000e+02;1.8864220e-01;2.5250000e+02;2.2060084e-01;2.5250000e+02;2.0952758e-01;2.5250000e+02;1.9564247e-01;2.5250000e+02;2.3184910e-01;2.5250000e+02;1.9668283e-01;2.5250000e+02;1.4446826e-01;2.5250000e+02;8.9762531e-02;2.5250000e+02;4.3867446e-02;2.5250000e+02;-4.2091906e-03;2.5250000e+02;-4.5332417e-02;2.5250000e+02;-8.8572092e-02;2.5250000e+02;-1.3286453e-01;2.5250000e+02;-6.8082318e-02;2.5250000e+02;-5.4236241e-02;2.5250000e+02;-1.6168736e-02;2.5250000e+02;4.0662166e-02;2.5250000e+02;1.1266061e-01;2.5250000e+02;1.8864220e-01;2.5250000e+02;2.2060084e-01;2.5250000e+02;2.0952758e-01;2.5250000e+02;1.9564247e-01;2.5250000e+02;2.3184910e-01;2.5250000e+02;1.9668283e-01;2.5250000e+02;1.4446826e-01;2.5250000e+02;8.9762531e-02;2.5250000e+02;4.3867446e-02;2.5250000e+02;-4.2091906e-03;2.5250000e+02;-4.5332417e-02;2.5250000e+02;-8.8572092e-02;2.5250000e+02;-1.3286453e-01;2.5250000e+02;-6.8082318e-02;2.5250000e+02;-5.4236241e-02;2.5250000e+02;-1.6168736e-02;2.5250000e+02;4.0662166e-02;2.5250000e+02;1.1266061e-01;2.5250000e+02;1.8864220e-01;2.5250000e+02;2.2060084e-01;2.5250000e+02;2.0952758e-01;2.5250000e+02;1.9564247e-01;2.5250000e+02;2.3184910e-01;2.5250000e+02;1.9668283e-01;2.5250000e+02;1.4446826e-01;2.5250000e+02;8.9762531e-02;2.5250000e+02;4.3867446e-02;2.5250000e+02;-4.2091906e-03;2.5250000e+02;-4.5332417e-02;2.5250000e+02;-8.8572092e-02;2.5250000e+02;-1.3286453e-01;2.5250000e+02;-6.8082318e-02;2.5250000e+02;-5.4236241e-02;2.5250000e+02;-1.6168736e-02;2.5250000e+02;4.0662166e-02;2.5250000e+02;1.1266061e-01;2.5250000e+02;1.8864220e-01;2.5250000e+02;2.2060084e-01;2.5250000e+02;2.0952758e-01;2.5250000e+02;1.9564247e-01;2.5250000e+02;2.3184910e-01;2.5250000e+02;1.9668283e-01;2.5250000e+02;1.4446826e-01;2.5250000e+02;8.9762531e-02;2.5250000e+02;4.3867446e-02;2.5250000e+02;-4.2091906e-03;2.5250000e+02;-4.5332417e-02;2.5250000e+02;-8.8572092e-02;2.5250000e+02;-1.3286453e-01;2.5250000e+02;-6.8082318e-02;2.5250000e+02;-5.4236241e-02;2.5250000e+02;-1.6168736e-02;2.5250000e+02;4.0662166e-02;2.5250000e+02;1.1266061e-01;2.5250000e+02;1.8864220e-01;2.5250000e+02;2.2060084e-01;2.5250000e+02;2.0952758e-01;2.5250000e+02;1.9564247e-01;2.5250000e+02;2.3184910e-01;2.5250000e+02;1.9668283e-01;2.5250000e+02;1.4446826e-01;2.5250000e+02;8.9762531e-02;2.5250000e+02;4.3867446e-02;2.5250000e+02;-4.2091906e-03;2.5250000e+02;-4.5332417e-02;2.5250000e+02;-8.8572092e-02;2.5250000e+02;-1.3286453e-01;2.5250000e+02;-6.8082318e-02;2.5250000e+02;-5.4236241e-02;2.5250000e+02;-1.6168736e-02;2.5250000e+02;4.0662166e-02;2.5250000e+02;1.1266061e-01;2.5250000e+02;1.8864220e-01;2.5250000e+02;2.2060084e-01;2.5250000e+02;2.0952758e-01;2.5250000e+02;1.9564247e-01;2.5250000e+02;2.3184910e-01;2.5250000e+02;1.9668283e-01;2.5250000e+02;1.4446826e-01;2.5250000e+02;8.9762531e-02;2.5250000e+02;4.3867446e-02;2.5250000e+02;-4.2091906e-03;2.5250000e+02;-4.5332417e-02;2.5250000e+02;-8.8572092e-02;2.5250000e+02;-1.3286453e-01;2.5250000e+02;-6.8082318e-02;2.5250000e+02;-5.4236241e-02;2.5250000e+02;-1.6168736e-02;2.5250000e+02;4.0662166e-02;2.5250000e+02;1.1266061e-01;2.5250000e+02;1.8864220e-01;2.5250000e+02;2.2060084e-01;2.5250000e+02;2.0952758e-01;2.5250000e+02;1.9564247e-01;2.5250000e+02;2.3184910e-01;2.5250000e+02;1.9668283e-01;2.5250000e+02;1.4446826e-01;2.5250000e+02;8.9762531e-02;2.5250000e+02;4.3867446e-02;2.5250000e+02;-4.2091906e-03;2.5250000e+02;-4.5332417e-02;2.5250000e+02;-8.8572092e-02;2.5250000e+02;-1.3286453e-01;2.5250000e+02;-6.8082318e-02;2.5250000e+02;-5.4236241e-02;2.5250000e+02;-1.6168736e-02;2.5250000e+02;4.0662166e-02;2.5250000e+02;1.1266061e-01;2.5250000e+02;1.8864220e-01;2.5250000e+02;2.2060084e-01;2.5250000e+02;2.0952758e-01;2.5250000e+02;1.9564247e-01;2.5250000e+02;2.3184910e-01;2.5250000e+02;1.9668283e-01;2.5250000e+02;1.4446826e-01;2.5250000e+02;8.9762531e-02;2.5250000e+02;4.3867446e-02;2.5250000e+02;-4.2091906e-03;2.5250000e+02;-4.5332417e-02;2.5250000e+02;-8.8572092e-02;2.5250000e+02;-1.3286453e-01;2.5250000e+02;-6.8082318e-02;2.5250000e+02;-5.4236241e-02;2.5250000e+02;-1.6168736e-02;2.5250000e+02;4.0662166e-02;2.5250000e+02;1.1266061e-01;2.5250000e+02;1.8864220e-01;2.5250000e+02;2.2060084e-01;2.5250000e+02;2.0952758e-01;2.5250000e+02;1.9564247e-01;2.5250000e+02;2.3184910e-01;2.5250000e+02;1.9668283e-01;2.5250000e+02;1.4446826e-01;2.5250000e+02;8.9762531e-02;2.5250000e+02;4.3867446e-02;2.5250000e+02;-4.2091906e-03;2.5250000e+02;-4.5332417e-02;2.5250000e+02;-8.8572092e-02;2.5250000e+02;-1.3286453e-01;2.5250000e+02;-6.8082318e-02;2.5250000e+02;-5.4236241e-02;2.5250000e+02;-1.6168736e-02;2.5250000e+02;4.0662166e-02;2.5250000e+02;1.1266061e-01;2.5250000e+02;1.8864220e-01;2.5250000e+02;2.2060084e-01;2.5250000e+02;2.0952758e-01;2.5250000e+02;1.9564247e-01;2.5250000e+02;2.3184910e-01;2.5250000e+02;1.9668283e-01;2.5250000e+02;1.4446826e-01;2.5250000e+02;8.9762531e-02;2.5250000e+02;4.3867446e-02;2.5250000e+02;-4.2091906e-03;2.5250000e+02;-4.5332417e-02;2.5250000e+02;-8.8572092e-02;2.5250000e+02;-1.3286453e-01;2.5250000e+02;-6.8082318e-02;2.5250000e+02;-5.4236241e-02;2.5250000e+02;-1.6168736e-02;2.5250000e+02;4.0662166e-02;2.5250000e+02;1.1266061e-01;2.5250000e+02;1.8864220e-01;2.5250000e+02;2.2060084e-01;2.5250000e+02;2.0952758e-01;2.5250000e+02;1.9564247e-01;2.5250000e+02;2.3184910e-01;2.5250000e+02;1.9668283e-01;2.5250000e+02;1.4446826e-01;2.5250000e+02;8.9762531e-02;2.5250000e+02;4.3867446e-02;2.5250000e+02;-4.2091906e-03;2.5250000e+02;-4.5332417e-02;2.5250000e+02;-8.8572092e-02;2.5250000e+02;-1.3286453e-01;2.5250000e+02;-6.8082318e-02;2.5250000e+02;-5.4236241e-02;2.5250000e+02;-1.6168736e-02;2.5250000e+02;4.0662166e-02;2.5250000e+02;1.1266061e-01;2.5250000e+02;1.8864220e-01;2.5250000e+02;2.2060084e-01;2.5250000e+02;2.0952758e-01;2.5250000e+02;1.9564247e-01;2.5250000e+02;2.3184910e-01;2.5250000e+02;1.9668283e-01;2.5250000e+02;1.4446826e-01;2.5250000e+02;8.9762531e-02;2.5250000e+02;4.3867446e-02;2.5250000e+02;-4.2091906e-03;2.5250000e+02;-4.5332417e-02;2.5250000e+02;-8.8572092e-02;2.5250000e+02;-1.3286453e-01;2.5250000e+02;-6.8082318e-02;2.5250000e+02;-5.4236241e-02;2.5250000e+02;-1.6168736e-02;2.5250000e+02;4.0662166e-02;2.5250000e+02;1.1266061e-01;2.5250000e+02;1.8864220e-01;2.5250000e+02;2.2060084e-01;2.5250000e+02;2.0952758e-01;2.5250000e+02;1.9564247e-01;2.5250000e+02;2.3184910e-01;2.5250000e+02;1.9668283e-01;2.5250000e+02;1.4446826e-01;2.5250000e+02;8.9762531e-02;2.5250000e+02;4.3867446e-02;2.5250000e+02;-4.2091906e-03;2.5250000e+02;-4.5332417e-02;2.5250000e+02;-8.8572092e-02;2.5250000e+02;-1.3286453e-01;2.5250000e+02;-6.8082318e-02;2.5250000e+02;-5.4236241e-02;2.5250000e+02;-1.6168736e-02;2.5250000e+02;4.0662166e-02;2.5250000e+02;1.1266061e-01;2.5250000e+02;1.8864220e-01;2.5250000e+02;2.2060084e-01;2.5250000e+02;2.0952758e-01;2.5250000e+02;1.9564247e-01;2.5250000e+02;2.3184910e-01;2.5250000e+02;1.9668283e-01;2.5250000e+02;1.4446826e-01;2.5250000e+02;8.9762531e-02;2.5250000e+02;4.3867446e-02;2.5250000e+02;-4.2091906e-03;2.5250000e+02;-4.5332417e-02;2.5250000e+02;-8.8572092e-02;2.5250000e+02;-1.3286453e-01;2.5250000e+02;-6.8082318e-02;2.5250000e+02;-5.4236241e-02;2.5250000e+02;-1.6168736e-02;2.5250000e+02;4.0662166e-02;2.5250000e+02;1.1266061e-01;2.5250000e+02;1.8864220e-01;2.5250000e+02;2.2060084e-01;2.5250000e+02;2.0952758e-01;2.5250000e+02;1.9564247e-01;2.5250000e+02;2.3184910e-01;2.5250000e+02;1.9668283e-01;2.5250000e+02;1.4446826e-01;2.5250000e+02;8.9762531e-02;2.5250000e+02;4.3867446e-02;2.5250000e+02;-4.2091906e-03;2.5250000e+02;-4.5332417e-02;2.5250000e+02;-8.8572092e-02;2.5250000e+02;-1.3286453e-01;2.5250000e+02;-6.8082318e-02;2.5250000e+02;-5.4236241e-02;2.5250000e+02;-1.6168736e-02;2.5250000e+02;4.0662166e-02;2.5250000e+02;1.1266061e-01;2.5250000e+02;1.8864220e-01;2.5250000e+02;2.2060084e-01;2.5250000e+02;2.0952758e-01;2.5250000e+02;1.9564247e-01;2.5250000e+02;2.3184910e-01;2.5250000e+02;1.9668283e-01;2.5250000e+02;1.4446826e-01;2.5250000e+02;8.9762531e-02;2.5250000e+02;4.3867446e-02;2.5250000e+02;-4.2091906e-03;2.5250000e+02;-4.5332417e-02;2.5250000e+02;-8.8572092e-02;2.5250000e+02;-1.3286453e-01;2.5250000e+02;-6.8082318e-02;2.5250000e+02;-5.4236241e-02;2.5250000e+02;-1.6168736e-02;2.5250000e+02;4.0662166e-02;2.5250000e+02;1.1266061e-01;2.5250000e+02;1.8864220e-01;2.5250000e+02;2.2060084e-01;2.5250000e+02;2.0952758e-01;2.5250000e+02;1.9564247e-01;2.5250000e+02;2.3184910e-01;2.5250000e+02;1.9668283e-01;2.5250000e+02;1.4446826e-01;2.5250000e+02;8.9762531e-02;2.5250000e+02;4.3867446e-02;2.5250000e+02;-4.2091906e-03;2.5250000e+02;-4.5332417e-02;2.5250000e+02;-8.8572092e-02;2.5250000e+02;-1.3286453e-01;2.5250000e+02;-6.8082318e-02;2.5250000e+02;-5.4236241e-02;2.5250000e+02;-1.6168736e-02;2.5250000e+02;4.0662166e-02;2.5250000e+02;1.1266061e-01;2.5250000e+02;1.8864220e-01;2.5250000e+02;2.2060084e-01;2.5250000e+02;2.0952758e-01;2.5250000e+02;1.9564247e-01;2.5250000e+02;2.3184910e-01;2.5250000e+02;1.9668283e-01;2.5250000e+02;1.4446826e-01;2.5250000e+02;8.9762531e-02;2.5250000e+02;4.3867446e-02;2.5250000e+02;-4.2091906e-03;2.5250000e+02;-4.5332417e-02;2.5250000e+02;-8.8572092e-02;2.5250000e+02;-1.3286453e-01;2.5250000e+02;-6.8082318e-02;2.5250000e+02;-5.4236241e-02;2.5250000e+02;-1.6168736e-02;2.5250000e+02;4.0662166e-02;2.5250000e+02;1.1266061e-01;2.5250000e+02;1.8864220e-01;2.5250000e+02;2.2060084e-01;2.5250000e+02;2.0952758e-01;2.5250000e+02;1.9564247e-01;2.5250000e+02;2.3184910e-01;2.5250000e+02;1.9668283e-01;2.5250000e+02;1.4446826e-01;2.5250000e+02;8.9762531e-02;2.5250000e+02;4.3867446e-02;2.5250000e+02;-4.2091906e-03;2.5250000e+02;-4.5332417e-02;2.5250000e+02;-8.8572092e-02;2.5250000e+02;-1.3286453e-01;2.5250000e+02;-6.8082318e-02;2.5250000e+02;-5.4236241e-02;2.5250000e+02;-1.6168736e-02;2.5250000e+02;4.0662166e-02;2.5250000e+02;1.1266061e-01;2.5250000e+02;1.8864220e-01;2.5250000e+02;2.2060084e-01;2.5250000e+02;2.0952758e-01;2.5250000e+02;1.9564247e-01;2.5250000e+02;2.3184910e-01;2.5250000e+02;1.9668283e-01;2.5250000e+02;1.4446826e-01;2.5250000e+02;8.9762531e-02;2.5250000e+02;4.3867446e-02;2.5250000e+02;-4.2091906e-03;2.5250000e+02;-4.5332417e-02;2.5250000e+02;-8.8572092e-02;2.5250000e+02;-1.3286453e-01;2.5250000e+02;-6.8082318e-02;2.5250000e+02;-5.4236241e-02;2.5250000e+02;-1.6168736e-02;2.5250000e+02;4.0662166e-02;2.5250000e+02;1.1266061e-01;2.5250000e+02;1.8864220e-01;2.5250000e+02;2.2060084e-01;2.5250000e+02;2.0952758e-01;2.5250000e+02;1.9564247e-01;2.5250000e+02;2.3184910e-01;2.5250000e+02;1.9668283e-01;2.5250000e+02;1.4446826e-01;2.5250000e+02;8.9762531e-02;2.5250000e+02;4.3867446e-02;2.5250000e+02;-4.2091906e-03;2.5250000e+02;-4.5332417e-02;2.5250000e+02;-8.8572092e-02;2.5250000e+02;-1.3286453e-01;2.5250000e+02;-6.8082318e-02;2.5250000e+02;-5.4236241e-02;2.5250000e+02;-1.6168736e-02;2.5250000e+02;4.0662166e-02;2.5250000e+02;1.1266061e-01;2.5250000e+02;1.8864220e-01;2.5250000e+02;2.2060084e-01;2.5250000e+02;2.0952758e-01;2.5250000e+02;1.9564247e-01;2.5250000e+02;2.3184910e-01;2.5250000e+02;1.9668283e-01;2.5250000e+02;1.4446826e-01;2.5250000e+02;8.9762531e-02;2.5250000e+02;4.3867446e-02;2.5250000e+02;-4.2091906e-03;2.5250000e+02;-4.5332417e-02;2.5250000e+02;-8.8572092e-02;2.5250000e+02;-1.3286453e-01;2.5250000e+02;-6.8082318e-02;2.5250000e+02;-5.4236241e-02;2.5250000e+02;-1.6168736e-02;2.5250000e+02;4.0662166e-02;2.5250000e+02;1.1266061e-01;2.5250000e+02;1.8864220e-01;2.5250000e+02;2.2060084e-01;2.5250000e+02;2.0952758e-01;2.5250000e+02;1.9564247e-01;2.5250000e+02;2.3184910e-01;2.5250000e+02;1.9668283e-01;2.5250000e+02;1.4446826e-01;2.5250000e+02;8.9762531e-02;2.5250000e+02;4.3867446e-02;2.5250000e+02;-4.2091906e-03;2.5250000e+02;-4.5332417e-02;2.5250000e+02;-8.8572092e-02;2.5250000e+02;-1.3286453e-01;2.5250000e+02;-6.8082318e-02;2.5250000e+02;-5.4236241e-02;2.5250000e+02;-1.6168736e-02;2.5250000e+02;4.0662166e-02;2.5250000e+02;1.1266061e-01;2.5250000e+02;1.8864220e-01;2.5250000e+02;2.2060084e-01;2.5250000e+02;2.0952758e-01;2.5250000e+02;1.9564247e-01;2.5250000e+02;2.3184910e-01;2.5250000e+02;1.9668283e-01;2.5250000e+02;1.4446826e-01;2.5250000e+02;8.9762531e-02;2.5250000e+02;4.3867446e-02;2.5250000e+02;-4.2091906e-03;2.5250000e+02;-4.5332417e-02;2.5250000e+02;-8.8572092e-02;2.5250000e+02;-1.3286453e-01;2.5250000e+02;-6.8082318e-02;2.5250000e+02;-5.4236241e-02;2.5250000e+02;-1.6168736e-02;2.5250000e+02;4.0662166e-02;2.5250000e+02;1.1266061e-01;2.5250000e+02;1.8864220e-01;2.5250000e+02;2.2060084e-01;2.5250000e+02;2.0952758e-01;2.5250000e+02;1.9564247e-01;2.5250000e+02;2.3184910e-01;2.5250000e+02;1.9668283e-01;2.5250000e+02;1.4446826e-01;2.5250000e+02;8.9762531e-02;2.5250000e+02;4.3867446e-02;2.5250000e+02;-4.2091906e-03;2.5250000e+02;-4.5332417e-02;2.5250000e+02;-8.8572092e-02;2.5250000e+02;-1.3286453e-01;2.5250000e+02;-6.8082318e-02;2.5250000e+02;-5.4236241e-02;2.5250000e+02;-1.6168736e-02;2.5250000e+02;4.0662166e-02;2.5250000e+02;1.1266061e-01;2.5250000e+02;1.8864220e-01;2.5250000e+02;2.2060084e-01;2.5250000e+02;2.0952758e-01;2.5250000e+02;1.9564247e-01;2.5250000e+02;2.3184910e-01;2.5250000e+02;1.9668283e-01;2.5250000e+02;1.4446826e-01;2.5250000e+02;8.9762531e-02;2.5250000e+02;4.3867446e-02;2.5250000e+02;-4.2091906e-03;2.5250000e+02;-4.5332417e-02;2.5250000e+02;-8.8572092e-02;2.5250000e+02;-1.3286453e-01;2.5250000e+02;-6.8082318e-02;2.5250000e+02;-5.4236241e-02;2.5250000e+02;-1.6168736e-02;2.5250000e+02;4.0662166e-02;2.5250000e+02;1.1266061e-01;2.5250000e+02;1.8864220e-01;2.5250000e+02;2.2060084e-01;2.5250000e+02;2.0952758e-01;2.5250000e+02;1.9564247e-01;2.5250000e+02;2.3184910e-01;2.5250000e+02;1.9668283e-01;2.5250000e+02;1.4446826e-01;2.5250000e+02;8.9762531e-02;2.5250000e+02;4.3867446e-02;2.5250000e+02;-4.2091906e-03;2.5250000e+02;-4.5332417e-02;2.5250000e+02;-8.8572092e-02;2.5250000e+02;-1.3286453e-01;2.5250000e+02;-6.8082318e-02;2.5250000e+02;-5.4236241e-02;2.5250000e+02;-1.6168736e-02;2.5250000e+02;4.0662166e-02;2.5250000e+02;1.1266061e-01;2.5250000e+02;1.8864220e-01;2.5250000e+02;2.2060084e-01;2.5250000e+02;2.0952758e-01;2.5250000e+02;1.9564247e-01;2.5250000e+02;2.3184910e-01;2.5250000e+02;1.9668283e-01;2.5250000e+02;1.4446826e-01;2.5250000e+02;8.9762531e-02;2.5250000e+02;4.3867446e-02;2.5250000e+02;-4.2091906e-03;2.5250000e+02;-4.5332417e-02;2.5250000e+02;-8.8572092e-02;2.5250000e+02;-1.3286453e-01;2.5250000e+02;-6.8082318e-02;2.5250000e+02;-5.4236241e-02;2.5250000e+02;-1.6168736e-02;2.5250000e+02;4.0662166e-02;2.5250000e+02;1.1266061e-01;2.5250000e+02;1.8864220e-01;2.5250000e+02;2.2060084e-01;2.5250000e+02;2.0952758e-01;2.5250000e+02;1.9564247e-01;2.5250000e+02;2.3184910e-01;2.5250000e+02;1.9668283e-01;2.5250000e+02;1.4446826e-01;2.5250000e+02;8.9762531e-02;2.5250000e+02;4.3867446e-02;2.5250000e+02;-4.2091906e-03;2.5250000e+02;-4.5332417e-02;2.5250000e+02;-8.8572092e-02;2.5250000e+02;-1.3286453e-01;2.5250000e+02;-6.8082318e-02;2.5250000e+02;-5.4236241e-02;2.5250000e+02;-1.6168736e-02;2.5250000e+02;4.0662166e-02;2.5250000e+02;1.1266061e-01;2.5250000e+02;1.8864220e-01;2.5250000e+02;2.2060084e-01;2.5250000e+02;2.0952758e-01;2.5250000e+02;1.9564247e-01;2.5250000e+02;2.3184910e-01;2.5250000e+02;1.9668283e-01;2.5250000e+02;1.4446826e-01;2.5250000e+02;8.9762531e-02;2.5250000e+02;4.3867446e-02;2.5250000e+02;-4.2091906e-03;2.5250000e+02;-4.5332417e-02;2.5250000e+02;-8.8572092e-02;2.5250000e+02;-1.3286453e-01;2.5250000e+02;-6.8082318e-02;2.5250000e+02;-5.4236241e-02;2.5250000e+02;-1.6168736e-02;2.5250000e+02;4.0662166e-02;2.5250000e+02;1.1266061e-01;2.5250000e+02;1.8864220e-01;2.5250000e+02;2.2060084e-01;2.5250000e+02;2.0952758e-01;2.5250000e+02;1.9564247e-01;2.5250000e+02;2.3184910e-01;2.5250000e+02;1.9668283e-01;2.5250000e+02;1.4446826e-01;2.5250000e+02;8.9762531e-02;2.5250000e+02;4.3867446e-02;2.5250000e+02;-4.2091906e-03;2.5250000e+02;-4.5332417e-02;2.5250000e+02;-8.8572092e-02;2.5250000e+02;-1.3286453e-01;2.5250000e+02;-6.8082318e-02;2.5250000e+02;-5.4236241e-02;2.5250000e+02;-1.6168736e-02;2.5250000e+02;4.0662166e-02;2.5250000e+02;1.1266061e-01;2.5250000e+02;1.8864220e-01;2.5250000e+02;2.2060084e-01;2.5250000e+02;2.0952758e-01;2.5250000e+02;1.9564247e-01;2.5250000e+02;2.3184910e-01;2.5250000e+02;1.9668283e-01;2.5250000e+02;1.4446826e-01;2.5250000e+02;8.9762531e-02;2.5250000e+02;4.3867446e-02;2.5250000e+02;-4.2091906e-03;2.5250000e+02;-4.5332417e-02;2.5250000e+02;-8.8572092e-02;2.5250000e+02;-1.3286453e-01;2.5250000e+02;-6.8082318e-02;2.5250000e+02;-5.4236241e-02;2.5250000e+02;-1.6168736e-02;2.5250000e+02;4.0662166e-02;2.5250000e+02;1.1266061e-01;2.5250000e+02;1.8864220e-01;2.5250000e+02;2.2060084e-01;2.5250000e+02;2.0952758e-01;2.5250000e+02;1.9564247e-01;2.5250000e+02;2.3184910e-01;2.5250000e+02;1.9668283e-01;2.5250000e+02;1.4446826e-01;2.5250000e+02;8.9762531e-02;2.5250000e+02;4.3867446e-02;2.5250000e+02;-4.2091906e-03;2.5250000e+02;-4.5332417e-02;2.5250000e+02;-8.8572092e-02;2.5250000e+02;-1.3286453e-01;2.5250000e+02;-6.8082318e-02;2.5250000e+02;-5.4236241e-02;2.5250000e+02;-1.6168736e-02;2.5250000e+02;4.0662166e-02;2.5250000e+02;1.1266061e-01;2.5250000e+02;1.8864220e-01;2.5250000e+02;2.2060084e-01;2.5250000e+02;2.0952758e-01;2.5250000e+02;1.9564247e-01;2.5250000e+02;2.3184910e-01;2.5250000e+02;1.9668283e-01;2.5250000e+02;1.4446826e-01;2.5250000e+02;8.9762531e-02;2.5250000e+02;4.3867446e-02;2.5250000e+02;-4.2091906e-03;2.5250000e+02;-4.5332417e-02;2.5250000e+02;-8.8572092e-02;2.5250000e+02;-1.3286453e-01;2.5250000e+02;-6.8082318e-02;2.5250000e+02;-5.4236241e-02;2.5250000e+02;-1.6168736e-02;2.5250000e+02;4.0662166e-02;2.5250000e+02;1.1266061e-01;2.5250000e+02;1.8864220e-01;2.5250000e+02;2.2060084e-01;2.5250000e+02;2.0952758e-01;2.5250000e+02;1.9564247e-01;2.5250000e+02;2.3184910e-01;2.5250000e+02;1.9668283e-01;2.5250000e+02;1.4446826e-01;2.5250000e+02;8.9762531e-02;2.5250000e+02;4.3867446e-02;2.5250000e+02;-4.2091906e-03;2.5250000e+02;-4.5332417e-02;2.5250000e+02;-8.8572092e-02;2.5250000e+02;-1.3286453e-01;2.5250000e+02;-6.8082318e-02;2.5250000e+02;-5.4236241e-02;2.5250000e+02;-1.6168736e-02;2.5250000e+02;4.0662166e-02;2.5250000e+02;1.1266061e-01;2.5250000e+02;1.8864220e-01;2.5250000e+02;2.2060084e-01;2.5250000e+02;2.0952758e-01;2.5250000e+02;1.9564247e-01;2.5250000e+02;2.3184910e-01;2.5250000e+02;1.9668283e-01;2.5250000e+02;1.4446826e-01;2.5250000e+02;8.9762531e-02;2.5250000e+02;4.3867446e-02;2.5250000e+02;-4.2091906e-03;2.5250000e+02;-4.5332417e-02;2.5250000e+02;-8.8572092e-02;2.5250000e+02;-1.3286453e-01;2.5250000e+02;-6.8082318e-02;2.5250000e+02;-5.4236241e-02;2.5250000e+02;-1.6168736e-02;2.5250000e+02;4.0662166e-02;2.5250000e+02;1.1266061e-01;2.5250000e+02;1.8864220e-01;2.5250000e+02;2.2060084e-01;2.5250000e+02;2.0952758e-01;2.5250000e+02;1.9564247e-01;2.5250000e+02;2.3184910e-01;2.5250000e+02;1.9668283e-01;2.5250000e+02;1.4446826e-01;2.5250000e+02;8.9762531e-02;2.5250000e+02;4.3867446e-02;2.5250000e+02;-4.2091906e-03;2.5250000e+02;-4.5332417e-02;2.5250000e+02;-8.8572092e-02;2.5250000e+02;-1.3286453e-01;2.5250000e+02;-6.8082318e-02;2.5250000e+02;-5.4236241e-02;2.5250000e+02;-1.6168736e-02;2.5250000e+02;4.0662166e-02;2.5250000e+02;1.1266061e-01;2.5250000e+02;1.8864220e-01;2.5250000e+02;2.2060084e-01;2.5250000e+02;2.0952758e-01;2.5250000e+02;1.9564247e-01;2.5250000e+02;2.3184910e-01;2.5250000e+02;1.9668283e-01;2.5250000e+02;1.4446826e-01;2.5250000e+02;8.9762531e-02;2.5250000e+02;4.3867446e-02;2.5250000e+02;-4.2091906e-03;2.5250000e+02;-4.5332417e-02;2.5250000e+02;-8.8572092e-02;2.5250000e+02;-1.3286453e-01;2.5250000e+02;-6.8082318e-02;2.5250000e+02;-5.4236241e-02;2.5250000e+02;-1.6168736e-02;2.5250000e+02;4.0662166e-02;2.5250000e+02;1.1266061e-01;2.5250000e+02;1.8864220e-01;2.5250000e+02;2.2060084e-01;2.5250000e+02;2.0952758e-01;2.5250000e+02;1.9564247e-01;2.5250000e+02;2.3184910e-01;2.5250000e+02;1.9668283e-01;2.5250000e+02;1.4446826e-01;2.5250000e+02;8.9762531e-02;2.5250000e+02;4.3867446e-02;2.5250000e+02;-4.2091906e-03;2.5250000e+02;-4.5332417e-02;2.5250000e+02;-8.8572092e-02;2.5250000e+02;-1.3286453e-01;2.5250000e+02;-6.8082318e-02;2.5250000e+02;-5.4236241e-02;2.5250000e+02;-1.6168736e-02;2.5250000e+02;4.0662166e-02;2.5250000e+02;1.1266061e-01;2.5250000e+02;1.8864220e-01;2.5250000e+02;2.2060084e-01;2.5250000e+02;2.0952758e-01;2.5250000e+02;1.9564247e-01;2.5250000e+02;2.3184910e-01;2.5250000e+02;1.9668283e-01;2.5250000e+02;1.4446826e-01;2.5250000e+02;8.9762531e-02;2.5250000e+02;4.3867446e-02;2.5250000e+02;-4.2091906e-03;2.5250000e+02;-4.5332417e-02;2.5250000e+02;-8.8572092e-02;2.5250000e+02;-1.3286453e-01;2.5250000e+02;-6.8082318e-02;2.5250000e+02;-5.4236241e-02;2.5250000e+02;-1.6168736e-02;2.5250000e+02;4.0662166e-02;2.5250000e+02;1.1266061e-01;2.5250000e+02;1.8864220e-01;2.5250000e+02;2.2060084e-01;2.5250000e+02;2.0952758e-01;2.5250000e+02;1.9564247e-01;2.5250000e+02;2.3184910e-01;2.5250000e+02;1.9668283e-01;2.5250000e+02;1.4446826e-01;2.5250000e+02;8.9762531e-02;2.5250000e+02;4.3867446e-02;2.5250000e+02;-4.2091906e-03;2.5250000e+02;-4.5332417e-02;2.5250000e+02;-8.8572092e-02;2.5250000e+02;-1.3286453e-01;2.5250000e+02;-6.8082318e-02;2.5250000e+02;-5.4236241e-02;2.5250000e+02;-1.6168736e-02;2.5250000e+02;4.0662166e-02;2.5250000e+02;1.1266061e-01;2.5250000e+02;1.8864220e-01;2.5250000e+02;2.2060084e-01;2.5250000e+02;2.0952758e-01;2.5250000e+02;1.9564247e-01;2.5250000e+02;2.3184910e-01;2.5250000e+02;1.9668283e-01;2.5250000e+02;1.4446826e-01;2.5250000e+02;8.9762531e-02;2.5250000e+02;4.3867446e-02;2.5250000e+02;-4.2091906e-03;2.5250000e+02;-4.5332417e-02;2.5250000e+02;-8.8572092e-02;2.5250000e+02;-1.3286453e-01;2.5250000e+02;-6.8082318e-02;2.5250000e+02;-5.4236241e-02;2.5250000e+02;-1.6168736e-02;2.5250000e+02;4.0662166e-02;2.5250000e+02;1.1266061e-01;2.5250000e+02;1.8864220e-01;2.5250000e+02;2.2060084e-01;2.5250000e+02;2.0952758e-01;2.5250000e+02;1.9564247e-01;2.5250000e+02;2.3184910e-01;2.5250000e+02;1.9668283e-01;2.5250000e+02;1.4446826e-01;2.5250000e+02;8.9762531e-02;2.5250000e+02;4.3867446e-02;2.5250000e+02;-4.2091906e-03;2.5250000e+02;-4.5332417e-02;2.5250000e+02;-8.8572092e-02;2.5250000e+02;-1.3286453e-01;2.5250000e+02;-6.8082318e-02;2.5250000e+02;-5.4236241e-02;2.5250000e+02;-1.6168736e-02;2.5250000e+02;4.0662166e-02;2.5250000e+02;1.1266061e-01;2.5250000e+02;1.8864220e-01;2.5250000e+02;2.2060084e-01;2.5250000e+02;2.0952758e-01;2.5250000e+02;1.9564247e-01;2.5250000e+02;2.3184910e-01;2.5250000e+02;1.9668283e-01;2.5250000e+02;1.4446826e-01;2.5250000e+02;8.9762531e-02;2.5250000e+02;4.3867446e-02;2.5250000e+02;-4.2091906e-03;2.5250000e+02;-4.5332417e-02;2.5250000e+02;-8.8572092e-02;2.5250000e+02;-1.3286453e-01;2.5250000e+02;-6.8082318e-02;2.5250000e+02;-5.4236241e-02;2.5250000e+02;-1.6168736e-02;2.5250000e+02;4.0662166e-02;2.5250000e+02;1.1266061e-01;2.5250000e+02;1.8864220e-01;2.5250000e+02;2.2060084e-01;2.5250000e+02;2.0952758e-01;2.5250000e+02;1.9564247e-01;2.5250000e+02;2.3184910e-01;2.5250000e+02;1.9668283e-01;2.5250000e+02;1.4446826e-01;2.5250000e+02;8.9762531e-02;2.5250000e+02;4.3867446e-02;2.5250000e+02;-4.2091906e-03;2.5250000e+02;-4.5332417e-02;2.5250000e+02;-8.8572092e-02;2.5250000e+02;-1.3286453e-01;2.5250000e+02;-6.8082318e-02;2.5250000e+02;-5.4236241e-02;2.5250000e+02;-1.6168736e-02;2.5250000e+02;4.0662166e-02;2.5250000e+02;1.1266061e-01;2.5250000e+02;1.8864220e-01;2.5250000e+02;2.2060084e-01;2.5250000e+02;2.0952758e-01;2.5250000e+02;1.9564247e-01;2.5250000e+02;2.3184910e-01;2.5250000e+02;1.9668283e-01;2.5250000e+02;1.4446826e-01;2.5250000e+02;8.9762531e-02;2.5250000e+02;4.3867446e-02;2.5250000e+02;-4.2091906e-03;2.5250000e+02;-4.5332417e-02;2.5250000e+02;-8.8572092e-02;2.5250000e+02;-1.3286453e-01;2.5250000e+02;-6.8082318e-02;2.5250000e+02;-5.4236241e-02;2.5250000e+02;-1.6168736e-02;2.5250000e+02;4.0662166e-02;2.5250000e+02;1.1266061e-01;2.5250000e+02;1.8864220e-01;2.5250000e+02;2.2060084e-01;2.5250000e+02;2.0952758e-01;2.5250000e+02;1.9564247e-01;2.5250000e+02;2.3184910e-01;2.5250000e+02;1.9668283e-01;2.5250000e+02;1.4446826e-01;2.5250000e+02;8.9762531e-02;2.5250000e+02;4.3867446e-02;2.5250000e+02;-4.2091906e-03;2.5250000e+02;-4.5332417e-02;2.5250000e+02;-8.8572092e-02;2.5250000e+02;-1.3286453e-01;2.5250000e+02;-6.8082318e-02;2.5250000e+02;-5.4236241e-02;2.5250000e+02;-1.6168736e-02;2.5250000e+02;4.0662166e-02;2.5250000e+02;1.1266061e-01;2.5250000e+02;1.8864220e-01;2.5250000e+02;2.2060084e-01;2.5250000e+02;2.0952758e-01;2.5250000e+02;1.9564247e-01;2.5250000e+02;2.3184910e-01;2.5250000e+02;1.9668283e-01;2.5250000e+02;1.4446826e-01;2.5250000e+02;8.9762531e-02;2.5250000e+02;4.3867446e-02;2.5250000e+02;-4.2091906e-03;2.5250000e+02;-4.5332417e-02;2.5250000e+02;-8.8572092e-02;2.5250000e+02;-1.3286453e-01;2.5250000e+02;-6.8082318e-02;2.5250000e+02;-5.4236241e-02;2.5250000e+02;-1.6168736e-02;2.5250000e+02;4.0662166e-02;2.5250000e+02;1.1266061e-01;2.5250000e+02;1.8864220e-01;2.5250000e+02;2.2060084e-01;2.5250000e+02;2.0952758e-01;2.5250000e+02;1.9564247e-01;2.5250000e+02;2.3184910e-01;2.5250000e+02;1.9668283e-01;2.5250000e+02;1.4446826e-01;2.5250000e+02;8.9762531e-02;2.5250000e+02;4.3867446e-02;2.5250000e+02;-4.2091906e-03;2.5250000e+02;-4.5332417e-02;2.5250000e+02;-8.8572092e-02;2.5250000e+02;-1.3286453e-01;2.5250000e+02;-6.8082318e-02;2.5250000e+02;-5.4236241e-02;2.5250000e+02;-1.6168736e-02;2.5250000e+02;4.0662166e-02;2.5250000e+02;1.1266061e-01;2.5250000e+02;1.8864220e-01;2.5250000e+02;2.2060084e-01;2.5250000e+02;2.0952758e-01;2.5250000e+02;1.9564247e-01;2.5250000e+02;2.3184910e-01;2.5250000e+02;1.9668283e-01;2.5250000e+02;1.4446826e-01;2.5250000e+02;8.9762531e-02;2.5250000e+02;4.3867446e-02;2.5250000e+02;-4.2091906e-03;2.5250000e+02;-4.5332417e-02;2.5250000e+02;-8.8572092e-02;2.5250000e+02;-1.3286453e-01;2.5250000e+02;-6.8082318e-02;2.5250000e+02;-5.4236241e-02;2.5250000e+02;-1.6168736e-02;2.5250000e+02;4.0662166e-02;2.5250000e+02;1.1266061e-01;2.5250000e+02;1.8864220e-01;2.5250000e+02;2.2060084e-01;2.5250000e+02;2.0952758e-01;2.5250000e+02;1.9564247e-01;2.5250000e+02;2.3184910e-01;2.5250000e+02;1.9668283e-01;2.5250000e+02;1.4446826e-01;2.5250000e+02;8.9762531e-02;2.5250000e+02;4.3867446e-02;2.5250000e+02;-4.2091906e-03;2.5250000e+02;-4.5332417e-02;2.5250000e+02;-8.8572092e-02;2.5250000e+02;-1.3286453e-01;2.5250000e+02;-6.8082318e-02;2.5250000e+02;-5.4236241e-02;2.5250000e+02;-1.6168736e-02;2.5250000e+02;4.0662166e-02;2.5250000e+02;1.1266061e-01;2.5250000e+02;1.8864220e-01;2.5250000e+02;2.2060084e-01;2.5250000e+02;2.0952758e-01;2.5250000e+02;1.9564247e-01;2.5250000e+02;2.3184910e-01;2.5250000e+02;1.9668283e-01;2.5250000e+02;1.4446826e-01;2.5250000e+02;8.9762531e-02;2.5250000e+02;4.3867446e-02;2.5250000e+02;-4.2091906e-03;2.5250000e+02;-4.5332417e-02;2.5250000e+02;-8.8572092e-02;2.5250000e+02;-1.3286453e-01;2.5250000e+02;-6.8082318e-02;2.5250000e+02;-5.4236241e-02;2.5250000e+02;-1.6168736e-02;2.5250000e+02;4.0662166e-02;2.5250000e+02;1.1266061e-01;2.5250000e+02;1.8864220e-01;2.5250000e+02;2.2060084e-01;2.5250000e+02;2.0952758e-01;2.5250000e+02;1.9564247e-01;2.5250000e+02;2.3184910e-01;2.5250000e+02;1.9668283e-01;2.5250000e+02;1.4446826e-01;2.5250000e+02;8.9762531e-02;2.5250000e+02;4.3867446e-02;2.5250000e+02;-4.2091906e-03;2.5250000e+02;-4.5332417e-02;2.5250000e+02;-8.8572092e-02;2.5250000e+02;-1.3286453e-01;2.5250000e+02;-6.8082318e-02;2.5250000e+02;-5.4236241e-02;2.5250000e+02;-1.6168736e-02;2.5250000e+02;4.0662166e-02;2.5250000e+02;1.1266061e-01;2.5250000e+02;1.8864220e-01;2.5250000e+02;2.2060084e-01;2.5250000e+02;2.0952758e-01;2.5250000e+02;1.9564247e-01;2.5250000e+02;2.3184910e-01;2.5250000e+02;1.9668283e-01;2.5250000e+02;1.4446826e-01;2.5250000e+02;8.9762531e-02;2.5250000e+02;4.3867446e-02;2.5250000e+02;-4.2091906e-03;2.5250000e+02;-4.5332417e-02;2.5250000e+02;-8.8572092e-02;2.5250000e+02;-1.3286453e-01;2.5250000e+02;-6.8082318e-02;2.5250000e+02;-5.4236241e-02;2.5250000e+02;-1.6168736e-02;2.5250000e+02;4.0662166e-02;2.5250000e+02;1.1266061e-01;2.5250000e+02;1.8864220e-01;2.5250000e+02;2.2060084e-01;2.5250000e+02;2.0952758e-01;2.5250000e+02;1.9564247e-01;2.5250000e+02;2.3184910e-01;2.5250000e+02;1.9668283e-01;2.5250000e+02;1.4446826e-01;2.5250000e+02;8.9762531e-02;2.5250000e+02;4.3867446e-02;2.5250000e+02;-4.2091906e-03;2.5250000e+02;-4.5332417e-02;2.5250000e+02;-8.8572092e-02;2.5250000e+02;-1.3286453e-01;2.5250000e+02;-6.8082318e-02;2.5250000e+02;-5.4236241e-02;2.5250000e+02;-1.6168736e-02;2.5250000e+02;4.0662166e-02;2.5250000e+02;1.1266061e-01;2.5250000e+02;1.8864220e-01;2.5250000e+02;2.2060084e-01;2.5250000e+02;2.0952758e-01;2.5250000e+02;1.9564247e-01;2.5250000e+02;2.3184910e-01;2.5250000e+02;1.9668283e-01;2.5250000e+02;1.4446826e-01;2.5250000e+02;8.9762531e-02;2.5250000e+02;4.3867446e-02;2.5250000e+02;-4.2091906e-03;2.5250000e+02;-4.5332417e-02;2.5250000e+02;-8.8572092e-02;2.5250000e+02;-1.3286453e-01;2.5250000e+02;-6.8082318e-02;2.5250000e+02;-5.4236241e-02;2.5250000e+02;-1.6168736e-02;2.5250000e+02;4.0662166e-02;2.5250000e+02;1.1266061e-01;2.5250000e+02;1.8864220e-01;2.5250000e+02;2.2060084e-01;2.5250000e+02;2.0952758e-01;2.5250000e+02;1.9564247e-01;2.5250000e+02;2.3184910e-01;2.5250000e+02;1.9668283e-01;2.5250000e+02;1.4446826e-01;2.5250000e+02;8.9762531e-02;2.5250000e+02;4.3867446e-02;2.5250000e+02;-4.2091906e-03;2.5250000e+02;-4.5332417e-02;2.5250000e+02;-8.8572092e-02;2.5250000e+02;-1.3286453e-01
2.5750000e+02;-7.6133907e-02;2.5750000e+02;-5.8825284e-02;2.5750000e+02;-1.3046958e-02;2.5750000e+02;5.1937930e-02;2.5750000e+02;1.3168229e-01;2.5750000e+02;2.0683214e-01;2.5750000e+02;2.3549825e-01;2.5750000e+02;2.1545394e-01;2.5750000e+02;1.9050658e-01;2.5750000e+02;2.2938356e-01;2.5750000e+02;1.9575177e-01;2.5750000e+02;1.4548923e-01;2.5750000e+02;9.1351613e-02;2.5750000e+02;4.7091611e-02;2.5750000e+02;-1.5968308e-03;2.5750000e+02;-4.2896606e-02;2.5750000e+02;-8.5518450e-02;2.5750000e+02;-1.3221514e-01;2.5750000e+02;-7.6133907e-02;2.5750000e+02;-5.8825284e-02;2.5750000e+02;-1.3046958e-02;2.5750000e+02;5.1937930e-02;2.5750000e+02;1.3168229e-01;2.5750000e+02;2.0683214e-01;2.5750000e+02;2.3549825e-01;2.5750000e+02;2.1545394e-01;2.5750000e+02;1.9050658e-01;2.5750000e+02;2.2938356e-01;2.5750000e+02;1.9575177e-01;2.5750000e+02;1.4548923e-01;2.5750000e+02;9.1351613e-02;2.5750000e+02;4.7091611e-02;2.5750000e+02;-1.5968308e-03;2.5750000e+02;-4.2896606e-02;2.5750000e+02;-8.5518450e-02;2.5750000e+02;-1.3221514e-01;2.5750000e+02;-7.6133907e-02;2.5750000e+02;-5.8825284e-02;2.5750000e+02;-1.3046958e-02;2.5750000e+02;5.1937930e-02;2.5750000e+02;1.3168229e-01;2.5750000e+02;2.0683214e-01;2.5750000e+02;2.3549825e-01;2.5750000e+02;2.1545394e-01;2.5750000e+02;1.9050658e-01;2.5750000e+02;2.2938356e-01;2.5750000e+02;1.9575177e-01;2.5750000e+02;1.4548923e-01;2.5750000e+02;9.1351613e-02;2.5750000e+02;4.7091611e-02;2.5750000e+02;-1.5968308e-03;2.5750000e+02;-4.2896606e-02;2.5750000e+02;-8.5518450e-02;2.5750000e+02;-1.3221514e-01;2.5750000e+02;-7.6133907e-02;2.5750000e+02;-5.8825284e-02;2.5750000e+02;-1.3046958e-02;2.5750000e+02;5.1937930e-02;2.5750000e+02;1.3168229e-01;2.5750000e+02;2.0683214e-01;2.5750000e+02;2.3549825e-01;2.5750000e+02;2.1545394e-01;2.5750000e+02;1.9050658e-01;2.5750000e+02;2.2938356e-01;2.5750000e+02;1.9575177e-01;2.5750000e+02;1.4548923e-01;2.5750000e+02;9.1351613e-02;2.5750000e+02;4.7091611e-02;2.5750000e+02;-1.5968308e-03;2.5750000e+02;-4.2896606e-02;2.5750000e+02;-8.5518450e-02;2.5750000e+02;-1.3221514e-01;2.5750000e+02;-7.6133907e-02;2.5750000e+02;-5.8825284e-02;2.5750000e+02;-1.3046958e-02;2.5750000e+02;5.1937930e-02;2.5750000e+02;1.3168229e-01;2.5750000e+02;2.0683214e-01;2.5750000e+02;2.3549825e-01;2.5750000e+02;2.1545394e-01;2.5750000e+02;1.9050658e-01;2.5750000e+02;2.2938356e-01;2.5750000e+02;1.9575177e-01;2.5750000e+02;1.4548923e-01;2.5750000e+02;9.1351613e-02;2.5750000e+02;4.7091611e-02;2.5750000e+02;-1.5968308e-03;2.5750000e+02;-4.2896606e-02;2.5750000e+02;-8.5518450e-02;2.5750000e+02;-1.3221514e-01;2.5750000e+02;-7.6133907e-02;2.5750000e+02;-5.8825284e-02;2.5750000e+02;-1.3046958e-02;2.5750000e+02;5.1937930e-02;2.5750000e+02;1.3168229e-01;2.5750000e+02;2.0683214e-01;2.5750000e+02;2.3549825e-01;2.5750000e+02;2.1545394e-01;2.5750000e+02;1.9050658e-01;2.5750000e+02;2.2938356e-01;2.5750000e+02;1.9575177e-01;2.5750000e+02;1.4548923e-01;2.5750000e+02;9.1351613e-02;2.5750000e+02;4.7091611e-02;2.5750000e+02;-1.5968308e-03;2.5750000e+02;-4.2896606e-02;2.5750000e+02;-8.5518450e-02;2.5750000e+02;-1.3221514e-01;2.5750000e+02;-7.6133907e-02;2.5750000e+02;-5.8825284e-02;2.5750000e+02;-1.3046958e-02;2.5750000e+02;5.1937930e-02;2.5750000e+02;1.3168229e-01;2.5750000e+02;2.0683214e-01;2.5750000e+02;2.3549825e-01;2.5750000e+02;2.1545394e-01;2.5750000e+02;1.9050658e-01;2.5750000e+02;2.2938356e-01;2.5750000e+02;1.9575177e-01;2.5750000e+02;1.4548923e-01;2.5750000e+02;9.1351613e-02;2.5750000e+02;4.7091611e-02;2.5750000e+02;-1.5968308e-03;2.5750000e+02;-4.2896606e-02;2.5750000e+02;-8.5518450e-02;2.5750000e+02;-1.3221514e-01;2.5750000e+02;-7.6133907e-02;2.5750000e+02;-5.8825284e-02;2.5750000e+02;-1.3046958e-02;2.5750000e+02;5.1937930e-02;2.5750000e+02;1.3168229e-01;2.5750000e+02;2.0683214e-01;2.5750000e+02;2.3549825e-01;2.5750000e+02;2.1545394e-01;2.5750000e+02;1.9050658e-01;2.5750000e+02;2.2938356e-01;2.5750000e+02;1.9575177e-01;2.5750000e+02;1.4548923e-01;2.5750000e+02;9.1351613e-02;2.5750000e+02;4.7091611e-02;2.5750000e+02;-1.5968308e-03;2.5750000e+02;-4.2896606e-02;2.5750000e+02;-8.5518450e-02;2.5750000e+02;-1.3221514e-01;2.5750000e+02;-7.6133907e-02;2.5750000e+02;-5.8825284e-02;2.5750000e+02;-1.3046958e-02;2.5750000e+02;5.1937930e-02;2.5750000e+02;1.3168229e-01;2.5750000e+02;2.0683214e-01;2.5750000e+02;2.3549825e-01;2.5750000e+02;2.1545394e-01;2.5750000e+02;1.9050658e-01;2.5750000e+02;2.2938356e-01;2.5750000e+02;1.9575177e-01;2.5750000e+02;1.4548923e-01;2.5750000e+02;9.1351613e-02;2.5750000e+02;4.7091611e-02;2.5750000e+02;-1.5968308e-03;2.5750000e+02;-4.2896606e-02;2.5750000e+02;-8.5518450e-02;2.5750000e+02;-1.3221514e-01;2.5750000e+02;-7.6133907e-02;2.5750000e+02;-5.8825284e-02;2.5750000e+02;-1.3046958e-02;2.5750000e+02;5.1937930e-02;2.5750000e+02;1.3168229e-01;2.5750000e+02;2.0683214e-01;2.5750000e+02;2.3549825e-01;2.5750000e+02;2.1545394e-01;2.5750000e+02;1.9050658e-01;2.5750000e+02;2.2938356e-01;2.5750000e+02;1.9575177e-01;2.5750000e+02;1.4548923e-01;2.5750000e+02;9.1351613e-02;2.5750000e+02;4.7091611e-02;2.5750000e+02;-1.5968308e-03;2.5750000e+02;-4.2896606e-02;2.5750000e+02;-8.5518450e-02;2.5750000e+02;-1.3221514e-01;2.5750000e+02;-7.6133907e-02;2.5750000e+02;-5.8825284e-02;2.5750000e+02;-1.3046958e-02;2.5750000e+02;5.1937930e-02;2.5750000e+02;1.3168229e-01;2.5750000e+02;2.0683214e-01;2.5750000e+02;2.3549825e-01;2.5750000e+02;2.1545394e-01;2.5750000e+02;1.9050658e-01;2.5750000e+02;2.2938356e-01;2.5750000e+02;1.9575177e-01;2.5750000e+02;1.4548923e-01;2.5750000e+02;9.1351613e-02;2.5750000e+02;4.7091611e-02;2.5750000e+02;-1.5968308e-03;2.5750000e+02;-4.2896606e-02;2.5750000e+02;-8.5518450e-02;2.5750000e+02;-1.3221514e-01;2.5750000e+02;-7.6133907e-02;2.5750000e+02;-5.8825284e-02;2.5750000e+02;-1.3046958e-02;2.5750000e+02;5.1937930e-02;2.5750000e+02;1.3168229e-01;2.5750000e+02;2.0683214e-01;2.5750000e+02;2.3549825e-01;2.5750000e+02;2.1545394e-01;2.5750000e+02;1.9050658e-01;2.5750000e+02;2.2938356e-01;2.5750000e+02;1.9575177e-01;2.5750000e+02;1.4548923e-01;2.5750000e+02;9.1351613e-02;2.5750000e+02;4.7091611e-02;2.5750000e+02;-1.5968308e-03;2.5750000e+02;-4.2896606e-02;2.5750000e+02;-8.5518450e-02;2.5750000e+02;-1.3221514e-01;2.5750000e+02;-7.6133907e-02;2.5750000e+02;-5.8825284e-02;2.5750000e+02;-1.3046958e-02;2.5750000e+02;5.1937930e-02;2.5750000e+02;1.3168229e-01;2.5750000e+02;2.0683214e-01;2.5750000e+02;2.3549825e-01;2.5750000e+02;2.1545394e-01;2.5750000e+02;1.9050658e-01;2.5750000e+02;2.2938356e-01;2.5750000e+02;1.9575177e-01;2.5750000e+02;1.4548923e-01;2.5750000e+02;9.1351613e-02;2.5750000e+02;4.7091611e-02;2.5750000e+02;-1.5968308e-03;2.5750000e+02;-4.2896606e-02;2.5750000e+02;-8.5518450e-02;2.5750000e+02;-1.3221514e-01;2.5750000e+02;-7.6133907e-02;2.5750000e+02;-5.8825284e-02;2.5750000e+02;-1.3046958e-02;2.5750000e+02;5.1937930e-02;2.5750000e+02;1.3168229e-01;2.5750000e+02;2.0683214e-01;2.5750000e+02;2.3549825e-01;2.5750000e+02;2.1545394e-01;2.5750000e+02;1.9050658e-01;2.5750000e+02;2.2938356e-01;2.5750000e+02;1.9575177e-01;2.5750000e+02;1.4548923e-01;2.5750000e+02;9.1351613e-02;2.5750000e+02;4.7091611e-02;2.5750000e+02;-1.5968308e-03;2.5750000e+02;-4.2896606e-02;2.5750000e+02;-8.5518450e-02;2.5750000e+02;-1.3221514e-01;2.5750000e+02;-7.6133907e-02;2.5750000e+02;-5.8825284e-02;2.5750000e+02;-1.3046958e-02;2.5750000e+02;5.1937930e-02;2.5750000e+02;1.3168229e-01;2.5750000e+02;2.0683214e-01;2.5750000e+02;2.3549825e-01;2.5750000e+02;2.1545394e-01;2.5750000e+02;1.9050658e-01;2.5750000e+02;2.2938356e-01;2.5750000e+02;1.9575177e-01;2.5750000e+02;1.4548923e-01;2.5750000e+02;9.1351613e-02;2.5750000e+02;4.7091611e-02;2.5750000e+02;-1.5968308e-03;2.5750000e+02;-4.2896606e-02;2.5750000e+02;-8.5518450e-02;2.5750000e+02;-1.3221514e-01;2.5750000e+02;-7.6133907e-02;2.5750000e+02;-5.8825284e-02;2.5750000e+02;-1.3046958e-02;2.5750000e+02;5.1937930e-02;2.5750000e+02;1.3168229e-01;2.5750000e+02;2.0683214e-01;2.5750000e+02;2.3549825e-01;2.5750000e+02;2.1545394e-01;2.5750000e+02;1.9050658e-01;2.5750000e+02;2.2938356e-01;2.5750000e+02;1.9575177e-01;2.5750000e+02;1.4548923e-01;2.5750000e+02;9.1351613e-02;2.5750000e+02;4.7091611e-02;2.5750000e+02;-1.5968308e-03;2.5750000e+02;-4.2896606e-02;2.5750000e+02;-8.5518450e-02;2.5750000e+02;-1.3221514e-01;2.5750000e+02;-7.6133907e-02;2.5750000e+02;-5.8825284e-02;2.5750000e+02;-1.3046958e-02;2.5750000e+02;5.1937930e-02;2.5750000e+02;1.3168229e-01;2.5750000e+02;2.0683214e-01;2.5750000e+02;2.3549825e-01;2.5750000e+02;2.1545394e-01;2.5750000e+02;1.9050658e-01;2.5750000e+02;2.2938356e-01;2.5750000e+02;1.9575177e-01;2.5750000e+02;1.4548923e-01;2.5750000e+02;9.1351613e-02;2.5750000e+02;4.7091611e-02;2.5750000e+02;-1.5968308e-03;2.5750000e+02;-4.2896606e-02;2.5750000e+02;-8.5518450e-02;2.5750000e+02;-1.3221514e-01;2.5750000e+02;-7.6133907e-02;2.5750000e+02;-5.8825284e-02;2.5750000e+02;-1.3046958e-02;2.5750000e+02;5.1937930e-02;2.5750000e+02;1.3168229e-01;2.5750000e+02;2.0683214e-01;2.5750000e+02;2.3549825e-01;2.5750000e+02;2.1545394e-01;2.5750000e+02;1.9050658e-01;2.5750000e+02;2.2938356e-01;2.5750000e+02;1.9575177e-01;2.5750000e+02;1.4548923e-01;2.5750000e+02;9.1351613e-02;2.5750000e+02;4.7091611e-02;2.5750000e+02;-1.5968308e-03;2.5750000e+02;-4.2896606e-02;2.5750000e+02;-8.5518450e-02;2.5750000e+02;-1.3221514e-01;2.5750000e+02;-7.6133907e-02;2.5750000e+02;-5.8825284e-02;2.5750000e+02;-1.3046958e-02;2.5750000e+02;5.1937930e-02;2.5750000e+02;1.3168229e-01;2.5750000e+02;2.0683214e-01;2.5750000e+02;2.3549825e-01;2.5750000e+02;2.1545394e-01;2.5750000e+02;1.9050658e-01;2.5750000e+02;2.2938356e-01;2.5750000e+02;1.9575177e-01;2.5750000e+02;1.4548923e-01;2.5750000e+02;9.1351613e-02;2.5750000e+02;4.7091611e-02;2.5750000e+02;-1.5968308e-03;2.5750000e+02;-4.2896606e-02;2.5750000e+02;-8.5518450e-02;2.5750000e+02;-1.3221514e-01;2.5750000e+02;-7.6133907e-02;2.5750000e+02;-5.8825284e-02;2.5750000e+02;-1.3046958e-02;2.5750000e+02;5.1937930e-02;2.5750000e+02;1.3168229e-01;2.5750000e+02;2.0683214e-01;2.5750000e+02;2.3549825e-01;2.5750000e+02;2.1545394e-01;2.5750000e+02;1.9050658e-01;2.5750000e+02;2.2938356e-01;2.5750000e+02;1.9575177e-01;2.5750000e+02;1.4548923e-01;2.5750000e+02;9.1351613e-02;2.5750000e+02;4.7091611e-02;2.5750000e+02;-1.5968308e-03;2.5750000e+02;-4.2896606e-02;2.5750000e+02;-8.5518450e-02;2.5750000e+02;-1.3221514e-01;2.5750000e+02;-7.6133907e-02;2.5750000e+02;-5.8825284e-02;2.5750000e+02;-1.3046958e-02;2.5750000e+02;5.1937930e-02;2.5750000e+02;1.3168229e-01;2.5750000e+02;2.0683214e-01;2.5750000e+02;2.3549825e-01;2.5750000e+02;2.1545394e-01;2.5750000e+02;1.9050658e-01;2.5750000e+02;2.2938356e-01;2.5750000e+02;1.9575177e-01;2.5750000e+02;1.4548923e-01;2.5750000e+02;9.1351613e-02;2.5750000e+02;4.7091611e-02;2.5750000e+02;-1.5968308e-03;2.5750000e+02;-4.2896606e-02;2.5750000e+02;-8.5518450e-02;2.5750000e+02;-1.3221514e-01;2.5750000e+02;-7.6133907e-02;2.5750000e+02;-5.8825284e-02;2.5750000e+02;-1.3046958e-02;2.5750000e+02;5.1937930e-02;2.5750000e+02;1.3168229e-01;2.5750000e+02;2.0683214e-01;2.5750000e+02;2.3549825e-01;2.5750000e+02;2.1545394e-01;2.5750000e+02;1.9050658e-01;2.5750000e+02;2.2938356e-01;2.5750000e+02;1.9575177e-01;2.5750000e+02;1.4548923e-01;2.5750000e+02;9.1351613e-02;2.5750000e+02;4.7091611e-02;2.5750000e+02;-1.5968308e-03;2.5750000e+02;-4.2896606e-02;2.5750000e+02;-8.5518450e-02;2.5750000e+02;-1.3221514e-01;2.5750000e+02;-7.6133907e-02;2.5750000e+02;-5.8825284e-02;2.5750000e+02;-1.3046958e-02;2.5750000e+02;5.1937930e-02;2.5750000e+02;1.3168229e-01;2.5750000e+02;2.0683214e-01;2.5750000e+02;2.3549825e-01;2.5750000e+02;2.1545394e-01;2.5750000e+02;1.9050658e-01;2.5750000e+02;2.2938356e-01;2.5750000e+02;1.9575177e-01;2.5750000e+02;1.4548923e-01;2.5750000e+02;9.1351613e-02;2.5750000e+02;4.7091611e-02;2.5750000e+02;-1.5968308e-03;2.5750000e+02;-4.2896606e-02;2.5750000e+02;-8.5518450e-02;2.5750000e+02;-1.3221514e-01;2.5750000e+02;-7.6133907e-02;2.5750000e+02;-5.8825284e-02;2.5750000e+02;-1.3046958e-02;2.5750000e+02;5.1937930e-02;2.5750000e+02;1.3168229e-01;2.5750000e+02;2.0683214e-01;2.5750000e+02;2.3549825e-01;2.5750000e+02;2.1545394e-01;2.5750000e+02;1.9050658e-01;2.5750000e+02;2.2938356e-01;2.5750000e+02;1.9575177e-01;2.5750000e+02;1.4548923e-01;2.5750000e+02;9.1351613e-02;2.5750000e+02;4.7091611e-02;2.5750000e+02;-1.5968308e-03;2.5750000e+02;-4.2896606e-02;2.5750000e+02;-8.5518450e-02;2.5750000e+02;-1.3221514e-01;2.5750000e+02;-7.6133907e-02;2.5750000e+02;-5.8825284e-02;2.5750000e+02;-1.3046958e-02;2.5750000e+02;5.1937930e-02;2.5750000e+02;1.3168229e-01;2.5750000e+02;2.0683214e-01;2.5750000e+02;2.3549825e-01;2.5750000e+02;2.1545394e-01;2.5750000e+02;1.9050658e-01;2.5750000e+02;2.2938356e-01;2.5750000e+02;1.9575177e-01;2.5750000e+02;1.4548923e-01;2.5750000e+02;9.1351613e-02;2.5750000e+02;4.7091611e-02;2.5750000e+02;-1.5968308e-03;2.5750000e+02;-4.2896606e-02;2.5750000e+02;-8.5518450e-02;2.5750000e+02;-1.3221514e-01;2.5750000e+02;-7.6133907e-02;2.5750000e+02;-5.8825284e-02;2.5750000e+02;-1.3046958e-02;2.5750000e+02;5.1937930e-02;2.5750000e+02;1.3168229e-01;2.5750000e+02;2.0683214e-01;2.5750000e+02;2.3549825e-01;2.5750000e+02;2.1545394e-01;2.5750000e+02;1.9050658e-01;2.5750000e+02;2.2938356e-01;2.5750000e+02;1.9575177e-01;2.5750000e+02;1.4548923e-01;2.5750000e+02;9.1351613e-02;2.5750000e+02;4.7091611e-02;2.5750000e+02;-1.5968308e-03;2.5750000e+02;-4.2896606e-02;2.5750000e+02;-8.5518450e-02;2.5750000e+02;-1.3221514e-01;2.5750000e+02;-7.6133907e-02;2.5750000e+02;-5.8825284e-02;2.5750000e+02;-1.3046958e-02;2.5750000e+02;5.1937930e-02;2.5750000e+02;1.3168229e-01;2.5750000e+02;2.0683214e-01;2.5750000e+02;2.3549825e-01;2.5750000e+02;2.1545394e-01;2.5750000e+02;1.9050658e-01;2.5750000e+02;2.2938356e-01;2.5750000e+02;1.9575177e-01;2.5750000e+02;1.4548923e-01;2.5750000e+02;9.1351613e-02;2.5750000e+02;4.7091611e-02;2.5750000e+02;-1.5968308e-03;2.5750000e+02;-4.2896606e-02;2.5750000e+02;-8.5518450e-02;2.5750000e+02;-1.3221514e-01;2.5750000e+02;-7.6133907e-02;2.5750000e+02;-5.8825284e-02;2.5750000e+02;-1.3046958e-02;2.5750000e+02;5.1937930e-02;2.5750000e+02;1.3168229e-01;2.5750000e+02;2.0683214e-01;2.5750000e+02;2.3549825e-01;2.5750000e+02;2.1545394e-01;2.5750000e+02;1.9050658e-01;2.5750000e+02;2.2938356e-01;2.5750000e+02;1.9575177e-01;2.5750000e+02;1.4548923e-01;2.5750000e+02;9.1351613e-02;2.5750000e+02;4.7091611e-02;2.5750000e+02;-1.5968308e-03;2.5750000e+02;-4.2896606e-02;2.5750000e+02;-8.5518450e-02;2.5750000e+02;-1.3221514e-01;2.5750000e+02;-7.6133907e-02;2.5750000e+02;-5.8825284e-02;2.5750000e+02;-1.3046958e-02;2.5750000e+02;5.1937930e-02;2.5750000e+02;1.3168229e-01;2.5750000e+02;2.0683214e-01;2.5750000e+02;2.3549825e-01;2.5750000e+02;2.1545394e-01;2.5750000e+02;1.9050658e-01;2.5750000e+02;2.2938356e-01;2.5750000e+02;1.9575177e-01;2.5750000e+02;1.4548923e-01;2.5750000e+02;9.1351613e-02;2.5750000e+02;4.7091611e-02;2.5750000e+02;-1.5968308e-03;2.5750000e+02;-4.2896606e-02;2.5750000e+02;-8.5518450e-02;2.5750000e+02;-1.3221514e-01;2.5750000e+02;-7.6133907e-02;2.5750000e+02;-5.8825284e-02;2.5750000e+02;-1.3046958e-02;2.5750000e+02;5.1937930e-02;2.5750000e+02;1.3168229e-01;2.5750000e+02;2.0683214e-01;2.5750000e+02;2.3549825e-01;2.5750000e+02;2.1545394e-01;2.5750000e+02;1.9050658e-01;2.5750000e+02;2.2938356e-01;2.5750000e+02;1.9575177e-01;2.5750000e+02;1.4548923e-01;2.5750000e+02;9.1351613e-02;2.5750000e+02;4.7091611e-02;2.5750000e+02;-1.5968308e-03;2.5750000e+02;-4.2896606e-02;2.5750000e+02;-8.5518450e-02;2.5750000e+02;-1.3221514e-01;2.5750000e+02;-7.6133907e-02;2.5750000e+02;-5.8825284e-02;2.5750000e+02;-1.3046958e-02;2.5750000e+02;5.1937930e-02;2.5750000e+02;1.3168229e-01;2.5750000e+02;2.0683214e-01;2.5750000e+02;2.3549825e-01;2.5750000e+02;2.1545394e-01;2.5750000e+02;1.9050658e-01;2.5750000e+02;2.2938356e-01;2.5750000e+02;1.9575177e-01;2.5750000e+02;1.4548923e-01;2.5750000e+02;9.1351613e-02;2.5750000e+02;4.7091611e-02;2.5750000e+02;-1.5968308e-03;2.5750000e+02;-4.2896606e-02;2.5750000e+02;-8.5518450e-02;2.5750000e+02;-1.3221514e-01;2.5750000e+02;-7.6133907e-02;2.5750000e+02;-5.8825284e-02;2.5750000e+02;-1.3046958e-02;2.5750000e+02;5.1937930e-02;2.5750000e+02;1.3168229e-01;2.5750000e+02;2.0683214e-01;2.5750000e+02;2.3549825e-01;2.5750000e+02;2.1545394e-01;2.5750000e+02;1.9050658e-01;2.5750000e+02;2.2938356e-01;2.5750000e+02;1.9575177e-01;2.5750000e+02;1.4548923e-01;2.5750000e+02;9.1351613e-02;2.5750000e+02;4.7091611e-02;2.5750000e+02;-1.5968308e-03;2.5750000e+02;-4.2896606e-02;2.5750000e+02;-8.5518450e-02;2.5750000e+02;-1.3221514e-01;2.5750000e+02;-7.6133907e-02;2.5750000e+02;-5.8825284e-02;2.5750000e+02;-1.3046958e-02;2.5750000e+02;5.1937930e-02;2.5750000e+02;1.3168229e-01;2.5750000e+02;2.0683214e-01;2.5750000e+02;2.3549825e-01;2.5750000e+02;2.1545394e-01;2.5750000e+02;1.9050658e-01;2.5750000e+02;2.2938356e-01;2.5750000e+02;1.9575177e-01;2.5750000e+02;1.4548923e-01;2.5750000e+02;9.1351613e-02;2.5750000e+02;4.7091611e-02;2.5750000e+02;-1.5968308e-03;2.5750000e+02;-4.2896606e-02;2.5750000e+02;-8.5518450e-02;2.5750000e+02;-1.3221514e-01;2.5750000e+02;-7.6133907e-02;2.5750000e+02;-5.8825284e-02;2.5750000e+02;-1.3046958e-02;2.5750000e+02;5.1937930e-02;2.5750000e+02;1.3168229e-01;2.5750000e+02;2.0683214e-01;2.5750000e+02;2.3549825e-01;2.5750000e+02;2.1545394e-01;2.5750000e+02;1.9050658e-01;2.5750000e+02;2.2938356e-01;2.5750000e+02;1.9575177e-01;2.5750000e+02;1.4548923e-01;2.5750000e+02;9.1351613e-02;2.5750000e+02;4.7091611e-02;2.5750000e+02;-1.5968308e-03;2.5750000e+02;-4.2896606e-02;2.5750000e+02;-8.5518450e-02;2.5750000e+02;-1.3221514e-01;2.5750000e+02;-7.6133907e-02;2.5750000e+02;-5.8825284e-02;2.5750000e+02;-1.3046958e-02;2.5750000e+02;5.1937930e-02;2.5750000e+02;1.3168229e-01;2.5750000e+02;2.0683214e-01;2.5750000e+02;2.3549825e-01;2.5750000e+02;2.1545394e-01;2.5750000e+02;1.9050658e-01;2.5750000e+02;2.2938356e-01;2.5750000e+02;1.9575177e-01;2.5750000e+02;1.4548923e-01;2.5750000e+02;9.1351613e-02;2.5750000e+02;4.7091611e-02;2.5750000e+02;-1.5968308e-03;2.5750000e+02;-4.2896606e-02;2.5750000e+02;-8.5518450e-02;2.5750000e+02;-1.3221514e-01;2.5750000e+02;-7.6133907e-02;2.5750000e+02;-5.8825284e-02;2.5750000e+02;-1.3046958e-02;2.5750000e+02;5.1937930e-02;2.5750000e+02;1.3168229e-01;2.5750000e+02;2.0683214e-01;2.5750000e+02;2.3549825e-01;2.5750000e+02;2.1545394e-01;2.5750000e+02;1.9050658e-01;2.5750000e+02;2.2938356e-01;2.5750000e+02;1.9575177e-01;2.5750000e+02;1.4548923e-01;2.5750000e+02;9.1351613e-02;2.5750000e+02;4.7091611e-02;2.5750000e+02;-1.5968308e-03;2.5750000e+02;-4.2896606e-02;2.5750000e+02;-8.5518450e-02;2.5750000e+02;-1.3221514e-01;2.5750000e+02;-7.6133907e-02;2.5750000e+02;-5.8825284e-02;2.5750000e+02;-1.3046958e-02;2.5750000e+02;5.1937930e-02;2.5750000e+02;1.3168229e-01;2.5750000e+02;2.0683214e-01;2.5750000e+02;2.3549825e-01;2.5750000e+02;2.1545394e-01;2.5750000e+02;1.9050658e-01;2.5750000e+02;2.2938356e-01;2.5750000e+02;1.9575177e-01;2.5750000e+02;1.4548923e-01;2.5750000e+02;9.1351613e-02;2.5750000e+02;4.7091611e-02;2.5750000e+02;-1.5968308e-03;2.5750000e+02;-4.2896606e-02;2.5750000e+02;-8.5518450e-02;2.5750000e+02;-1.3221514e-01;2.5750000e+02;-7.6133907e-02;2.5750000e+02;-5.8825284e-02;2.5750000e+02;-1.3046958e-02;2.5750000e+02;5.1937930e-02;2.5750000e+02;1.3168229e-01;2.5750000e+02;2.0683214e-01;2.5750000e+02;2.3549825e-01;2.5750000e+02;2.1545394e-01;2.5750000e+02;1.9050658e-01;2.5750000e+02;2.2938356e-01;2.5750000e+02;1.9575177e-01;2.5750000e+02;1.4548923e-01;2.5750000e+02;9.1351613e-02;2.5750000e+02;4.7091611e-02;2.5750000e+02;-1.5968308e-03;2.5750000e+02;-4.2896606e-02;2.5750000e+02;-8.5518450e-02;2.5750000e+02;-1.3221514e-01;2.5750000e+02;-7.6133907e-02;2.5750000e+02;-5.8825284e-02;2.5750000e+02;-1.3046958e-02;2.5750000e+02;5.1937930e-02;2.5750000e+02;1.3168229e-01;2.5750000e+02;2.0683214e-01;2.5750000e+02;2.3549825e-01;2.5750000e+02;2.1545394e-01;2.5750000e+02;1.9050658e-01;2.5750000e+02;2.2938356e-01;2.5750000e+02;1.9575177e-01;2.5750000e+02;1.4548923e-01;2.5750000e+02;9.1351613e-02;2.5750000e+02;4.7091611e-02;2.5750000e+02;-1.5968308e-03;2.5750000e+02;-4.2896606e-02;2.5750000e+02;-8.5518450e-02;2.5750000e+02;-1.3221514e-01;2.5750000e+02;-7.6133907e-02;2.5750000e+02;-5.8825284e-02;2.5750000e+02;-1.3046958e-02;2.5750000e+02;5.1937930e-02;2.5750000e+02;1.3168229e-01;2.5750000e+02;2.0683214e-01;2.5750000e+02;2.3549825e-01;2.5750000e+02;2.1545394e-01;2.5750000e+02;1.9050658e-01;2.5750000e+02;2.2938356e-01;2.5750000e+02;1.9575177e-01;2.5750000e+02;1.4548923e-01;2.5750000e+02;9.1351613e-02;2.5750000e+02;4.7091611e-02;2.5750000e+02;-1.5968308e-03;2.5750000e+02;-4.2896606e-02;2.5750000e+02;-8.5518450e-02;2.5750000e+02;-1.3221514e-01;2.5750000e+02;-7.6133907e-02;2.5750000e+02;-5.8825284e-02;2.5750000e+02;-1.3046958e-02;2.5750000e+02;5.1937930e-02;2.5750000e+02;1.3168229e-01;2.5750000e+02;2.0683214e-01;2.5750000e+02;2.3549825e-01;2.5750000e+02;2.1545394e-01;2.5750000e+02;1.9050658e-01;2.5750000e+02;2.2938356e-01;2.5750000e+02;1.9575177e-01;2.5750000e+02;1.4548923e-01;2.5750000e+02;9.1351613e-02;2.5750000e+02;4.7091611e-02;2.5750000e+02;-1.5968308e-03;2.5750000e+02;-4.2896606e-02;2.5750000e+02;-8.5518450e-02;2.5750000e+02;-1.3221514e-01;2.5750000e+02;-7.6133907e-02;2.5750000e+02;-5.8825284e-02;2.5750000e+02;-1.3046958e-02;2.5750000e+02;5.1937930e-02;2.5750000e+02;1.3168229e-01;2.5750000e+02;2.0683214e-01;2.5750000e+02;2.3549825e-01;2.5750000e+02;2.1545394e-01;2.5750000e+02;1.9050658e-01;2.5750000e+02;2.2938356e-01;2.5750000e+02;1.9575177e-01;2.5750000e+02;1.4548923e-01;2.5750000e+02;9.1351613e-02;2.5750000e+02;4.7091611e-02;2.5750000e+02;-1.5968308e-03;2.5750000e+02;-4.2896606e-02;2.5750000e+02;-8.5518450e-02;2.5750000e+02;-1.3221514e-01;2.5750000e+02;-7.6133907e-02;2.5750000e+02;-5.8825284e-02;2.5750000e+02;-1.3046958e-02;2.5750000e+02;5.1937930e-02;2.5750000e+02;1.3168229e-01;2.5750000e+02;2.0683214e-01;2.5750000e+02;2.3549825e-01;2.5750000e+02;2.1545394e-01;2.5750000e+02;1.9050658e-01;2.5750000e+02;2.2938356e-01;2.5750000e+02;1.9575177e-01;2.5750000e+02;1.4548923e-01;2.5750000e+02;9.1351613e-02;2.5750000e+02;4.7091611e-02;2.5750000e+02;-1.5968308e-03;2.5750000e+02;-4.2896606e-02;2.5750000e+02;-8.5518450e-02;2.5750000e+02;-1.3221514e-01;2.5750000e+02;-7.6133907e-02;2.5750000e+02;-5.8825284e-02;2.5750000e+02;-1.3046958e-02;2.5750000e+02;5.1937930e-02;2.5750000e+02;1.3168229e-01;2.5750000e+02;2.0683214e-01;2.5750000e+02;2.3549825e-01;2.5750000e+02;2.1545394e-01;2.5750000e+02;1.9050658e-01;2.5750000e+02;2.2938356e-01;2.5750000e+02;1.9575177e-01;2.5750000e+02;1.4548923e-01;2.5750000e+02;9.1351613e-02;2.5750000e+02;4.7091611e-02;2.5750000e+02;-1.5968308e-03;2.5750000e+02;-4.2896606e-02;2.5750000e+02;-8.5518450e-02;2.5750000e+02;-1.3221514e-01;2.5750000e+02;-7.6133907e-02;2.5750000e+02;-5.8825284e-02;2.5750000e+02;-1.3046958e-02;2.5750000e+02;5.1937930e-02;2.5750000e+02;1.3168229e-01;2.5750000e+02;2.0683214e-01;2.5750000e+02;2.3549825e-01;2.5750000e+02;2.1545394e-01;2.5750000e+02;1.9050658e-01;2.5750000e+02;2.2938356e-01;2.5750000e+02;1.9575177e-01;2.5750000e+02;1.4548923e-01;2.5750000e+02;9.1351613e-02;2.5750000e+02;4.7091611e-02;2.5750000e+02;-1.5968308e-03;2.5750000e+02;-4.2896606e-02;2.5750000e+02;-8.5518450e-02;2.5750000e+02;-1.3221514e-01;2.5750000e+02;-7.6133907e-02;2.5750000e+02;-5.8825284e-02;2.5750000e+02;-1.3046958e-02;2.5750000e+02;5.1937930e-02;2.5750000e+02;1.3168229e-01;2.5750000e+02;2.0683214e-01;2.5750000e+02;2.3549825e-01;2.5750000e+02;2.1545394e-01;2.5750000e+02;1.9050658e-01;2.5750000e+02;2.2938356e-01;2.5750000e+02;1.9575177e-01;2.5750000e+02;1.4548923e-01;2.5750000e+02;9.1351613e-02;2.5750000e+02;4.7091611e-02;2.5750000e+02;-1.5968308e-03;2.5750000e+02;-4.2896606e-02;2.5750000e+02;-8.5518450e-02;2.5750000e+02;-1.3221514e-01;2.5750000e+02;-7.6133907e-02;2.5750000e+02;-5.8825284e-02;2.5750000e+02;-1.3046958e-02;2.5750000e+02;5.1937930e-02;2.5750000e+02;1.3168229e-01;2.5750000e+02;2.0683214e-01;2.5750000e+02;2.3549825e-01;2.5750000e+02;2.1545394e-01;2.5750000e+02;1.9050658e-01;2.5750000e+02;2.2938356e-01;2.5750000e+02;1.9575177e-01;2.5750000e+02;1.4548923e-01;2.5750000e+02;9.1351613e-02;2.5750000e+02;4.7091611e-02;2.5750000e+02;-1.5968308e-03;2.5750000e+02;-4.2896606e-02;2.5750000e+02;-8.5518450e-02;2.5750000e+02;-1.3221514e-01;2.5750000e+02;-7.6133907e-02;2.5750000e+02;-5.8825284e-02;2.5750000e+02;-1.3046958e-02;2.5750000e+02;5.1937930e-02;2.5750000e+02;1.3168229e-01;2.5750000e+02;2.0683214e-01;2.5750000e+02;2.3549825e-01;2.5750000e+02;2.1545394e-01;2.5750000e+02;1.9050658e-01;2.5750000e+02;2.2938356e-01;2.5750000e+02;1.9575177e-01;2.5750000e+02;1.4548923e-01;2.5750000e+02;9.1351613e-02;2.5750000e+02;4.7091611e-02;2.5750000e+02;-1.5968308e-03;2.5750000e+02;-4.2896606e-02;2.5750000e+02;-8.5518450e-02;2.5750000e+02;-1.3221514e-01;2.5750000e+02;-7.6133907e-02;2.5750000e+02;-5.8825284e-02;2.5750000e+02;-1.3046958e-02;2.5750000e+02;5.1937930e-02;2.5750000e+02;1.3168229e-01;2.5750000e+02;2.0683214e-01;2.5750000e+02;2.3549825e-01;2.5750000e+02;2.1545394e-01;2.5750000e+02;1.9050658e-01;2.5750000e+02;2.2938356e-01;2.5750000e+02;1.9575177e-01;2.5750000e+02;1.4548923e-01;2.5750000e+02;9.1351613e-02;2.5750000e+02;4.7091611e-02;2.5750000e+02;-1.5968308e-03;2.5750000e+02;-4.2896606e-02;2.5750000e+02;-8.5518450e-02;2.5750000e+02;-1.3221514e-01;2.5750000e+02;-7.6133907e-02;2.5750000e+02;-5.8825284e-02;2.5750000e+02;-1.3046958e-02;2.5750000e+02;5.1937930e-02;2.5750000e+02;1.3168229e-01;2.5750000e+02;2.0683214e-01;2.5750000e+02;2.3549825e-01;2.5750000e+02;2.1545394e-01;2.5750000e+02;1.9050658e-01;2.5750000e+02;2.2938356e-01;2.5750000e+02;1.9575177e-01;2.5750000e+02;1.4548923e-01;2.5750000e+02;9.1351613e-02;2.5750000e+02;4.7091611e-02;2.5750000e+02;-1.5968308e-03;2.5750000e+02;-4.2896606e-02;2.5750000e+02;-8.5518450e-02;2.5750000e+02;-1.3221514e-01;2.5750000e+02;-7.6133907e-02;2.5750000e+02;-5.8825284e-02;2.5750000e+02;-1.3046958e-02;2.5750000e+02;5.1937930e-02;2.5750000e+02;1.3168229e-01;2.5750000e+02;2.0683214e-01;2.5750000e+02;2.3549825e-01;2.5750000e+02;2.1545394e-01;2.5750000e+02;1.9050658e-01;2.5750000e+02;2.2938356e-01;2.5750000e+02;1.9575177e-01;2.5750000e+02;1.4548923e-01;2.5750000e+02;9.1351613e-02;2.5750000e+02;4.7091611e-02;2.5750000e+02;-1.5968308e-03;2.5750000e+02;-4.2896606e-02;2.5750000e+02;-8.5518450e-02;2.5750000e+02;-1.3221514e-01;2.5750000e+02;-7.6133907e-02;2.5750000e+02;-5.8825284e-02;2.5750000e+02;-1.3046958e-02;2.5750000e+02;5.1937930e-02;2.5750000e+02;1.3168229e-01;2.5750000e+02;2.0683214e-01;2.5750000e+02;2.3549825e-01;2.5750000e+02;2.1545394e-01;2.5750000e+02;1.9050658e-01;2.5750000e+02;2.2938356e-01;2.5750000e+02;1.9575177e-01;2.5750000e+02;1.4548923e-01;2.5750000e+02;9.1351613e-02;2.5750000e+02;4.7091611e-02;2.5750000e+02;-1.5968308e-03;2.5750000e+02;-4.2896606e-02;2.5750000e+02;-8.5518450e-02;2.5750000e+02;-1.3221514e-01;2.5750000e+02;-7.6133907e-02;2.5750000e+02;-5.8825284e-02;2.5750000e+02;-1.3046958e-02;2.5750000e+02;5.1937930e-02;2.5750000e+02;1.3168229e-01;2.5750000e+02;2.0683214e-01;2.5750000e+02;2.3549825e-01;2.5750000e+02;2.1545394e-01;2.5750000e+02;1.9050658e-01;2.5750000e+02;2.2938356e-01;2.5750000e+02;1.9575177e-01;2.5750000e+02;1.4548923e-01;2.5750000e+02;9.1351613e-02;2.5750000e+02;4.7091611e-02;2.5750000e+02;-1.5968308e-03;2.5750000e+02;-4.2896606e-02;2.5750000e+02;-8.5518450e-02;2.5750000e+02;-1.3221514e-01;2.5750000e+02;-7.6133907e-02;2.5750000e+02;-5.8825284e-02;2.5750000e+02;-1.3046958e-02;2.5750000e+02;5.1937930e-02;2.5750000e+02;1.3168229e-01;2.5750000e+02;2.0683214e-01;2.5750000e+02;2.3549825e-01;2.5750000e+02;2.1545394e-01;2.5750000e+02;1.9050658e-01;2.5750000e+02;2.2938356e-01;2.5750000e+02;1.9575177e-01;2.5750000e+02;1.4548923e-01;2.5750000e+02;9.1351613e-02;2.5750000e+02;4.7091611e-02;2.5750000e+02;-1.5968308e-03;2.5750000e+02;-4.2896606e-02;2.5750000e+02;-8.5518450e-02;2.5750000e+02;-1.3221514e-01;2.5750000e+02;-7.6133907e-02;2.5750000e+02;-5.8825284e-02;2.5750000e+02;-1.3046958e-02;2.5750000e+02;5.1937930e-02;2.5750000e+02;1.3168229e-01;2.5750000e+02;2.0683214e-01;2.5750000e+02;2.3549825e-01;2.5750000e+02;2.1545394e-01;2.5750000e+02;1.9050658e-01;2.5750000e+02;2.2938356e-01;2.5750000e+02;1.9575177e-01;2.5750000e+02;1.4548923e-01;2.5750000e+02;9.1351613e-02;2.5750000e+02;4.7091611e-02;2.5750000e+02;-1.5968308e-03;2.5750000e+02;-4.2896606e-02;2.5750000e+02;-8.5518450e-02;2.5750000e+02;-1.3221514e-01;2.5750000e+02;-7.6133907e-02;2.5750000e+02;-5.8825284e-02;2.5750000e+02;-1.3046958e-02;2.5750000e+02;5.1937930e-02;2.5750000e+02;1.3168229e-01;2.5750000e+02;2.0683214e-01;2.5750000e+02;2.3549825e-01;2.5750000e+02;2.1545394e-01;2.5750000e+02;1.9050658e-01;2.5750000e+02;2.2938356e-01;2.5750000e+02;1.9575177e-01;2.5750000e+02;1.4548923e-01;2.5750000e+02;9.1351613e-02;2.5750000e+02;4.7091611e-02;2.5750000e+02;-1.5968308e-03;2.5750000e+02;-4.2896606e-02;2.5750000e+02;-8.5518450e-02;2.5750000e+02;-1.3221514e-01;2.5750000e+02;-7.6133907e-02;2.5750000e+02;-5.8825284e-02;2.5750000e+02;-1.3046958e-02;2.5750000e+02;5.1937930e-02;2.5750000e+02;1.3168229e-01;2.5750000e+02;2.0683214e-01;2.5750000e+02;2.3549825e-01;2.5750000e+02;2.1545394e-01;2.5750000e+02;1.9050658e-01;2.5750000e+02;2.2938356e-01;2.5750000e+02;1.9575177e-01;2.5750000e+02;1.4548923e-01;2.5750000e+02;9.1351613e-02;2.5750000e+02;4.7091611e-02;2.5750000e+02;-1.5968308e-03;2.5750000e+02;-4.2896606e-02;2.5750000e+02;-8.5518450e-02;2.5750000e+02;-1.3221514e-01;2.5750000e+02;-7.6133907e-02;2.5750000e+02;-5.8825284e-02;2.5750000e+02;-1.3046958e-02;2.5750000e+02;5.1937930e-02;2.5750000e+02;1.3168229e-01;2.5750000e+02;2.0683214e-01;2.5750000e+02;2.3549825e-01;2.5750000e+02;2.1545394e-01;2.5750000e+02;1.9050658e-01;2.5750000e+02;2.2938356e-01;2.5750000e+02;1.9575177e-01;2.5750000e+02;1.4548923e-01;2.5750000e+02;9.1351613e-02;2.5750000e+02;4.7091611e-02;2.5750000e+02;-1.5968308e-03;2.5750000e+02;-4.2896606e-02;2.5750000e+02;-8.5518450e-02;2.5750000e+02;-1.3221514e-01;2.5750000e+02;-7.6133907e-02;2.5750000e+02;-5.8825284e-02;2.5750000e+02;-1.3046958e-02;2.5750000e+02;5.1937930e-02;2.5750000e+02;1.3168229e-01;2.5750000e+02;2.0683214e-01;2.5750000e+02;2.3549825e-01;2.5750000e+02;2.1545394e-01;2.5750000e+02;1.9050658e-01;2.5750000e+02;2.2938356e-01;2.5750000e+02;1.9575177e-01;2.5750000e+02;1.4548923e-01;2.5750000e+02;9.1351613e-02;2.5750000e+02;4.7091611e-02;2.5750000e+02;-1.5968308e-03;2.5750000e+02;-4.2896606e-02;2.5750000e+02;-8.5518450e-02;2.5750000e+02;-1.3221514e-01;2.5750000e+02;-7.6133907e-02;2.5750000e+02;-5.8825284e-02;2.5750000e+02;-1.3046958e-02;2.5750000e+02;5.1937930e-02;2.5750000e+02;1.3168229e-01;2.5750000e+02;2.0683214e-01;2.5750000e+02;2.3549825e-01;2.5750000e+02;2.1545394e-01;2.5750000e+02;1.9050658e-01;2.5750000e+02;2.2938356e-01;2.5750000e+02;1.9575177e-01;2.5750000e+02;1.4548923e-01;2.5750000e+02;9.1351613e-02;2.5750000e+02;4.7091611e-02;2.5750000e+02;-1.5968308e-03;2.5750000e+02;-4.2896606e-02;2.5750000e+02;-8.5518450e-02;2.5750000e+02;-1.3221514e-01;2.5750000e+02;-7.6133907e-02;2.5750000e+02;-5.8825284e-02;2.5750000e+02;-1.3046958e-02;2.5750000e+02;5.1937930e-02;2.5750000e+02;1.3168229e-01;2.5750000e+02;2.0683214e-01;2.5750000e+02;2.3549825e-01;2.5750000e+02;2.1545394e-01;2.5750000e+02;1.9050658e-01;2.5750000e+02;2.2938356e-01;2.5750000e+02;1.9575177e-01;2.5750000e+02;1.4548923e-01;2.5750000e+02;9.1351613e-02;2.5750000e+02;4.7091611e-02;2.5750000e+02;-1.5968308e-03;2.5750000e+02;-4.2896606e-02;2.5750000e+02;-8.5518450e-02;2.5750000e+02;-1.3221514e-01;2.5750000e+02;-7.6133907e-02;2.5750000e+02;-5.8825284e-02;2.5750000e+02;-1.3046958e-02;2.5750000e+02;5.1937930e-02;2.5750000e+02;1.3168229e-01;2.5750000e+02;2.0683214e-01;2.5750000e+02;2.3549825e-01;2.5750000e+02;2.1545394e-01;2.5750000e+02;1.9050658e-01;2.5750000e+02;2.2938356e-01;2.5750000e+02;1.9575177e-01;2.5750000e+02;1.4548923e-01;2.5750000e+02;9.1351613e-02;2.5750000e+02;4.7091611e-02;2.5750000e+02;-1.5968308e-03;2.5750000e+02;-4.2896606e-02;2.5750000e+02;-8.5518450e-02;2.5750000e+02;-1.3221514e-01;2.5750000e+02;-7.6133907e-02;2.5750000e+02;-5.8825284e-02;2.5750000e+02;-1.3046958e-02;2.5750000e+02;5.1937930e-02;2.5750000e+02;1.3168229e-01;2.5750000e+02;2.0683214e-01;2.5750000e+02;2.3549825e-01;2.5750000e+02;2.1545394e-01;2.5750000e+02;1.9050658e-01;2.5750000e+02;2.2938356e-01;2.5750000e+02;1.9575177e-01;2.5750000e+02;1.4548923e-01;2.5750000e+02;9.1351613e-02;2.5750000e+02;4.7091611e-02;2.5750000e+02;-1.5968308e-03;2.5750000e+02;-4.2896606e-02;2.5750000e+02;-8.5518450e-02;2.5750000e+02;-1.3221514e-01;2.5750000e+02;-7.6133907e-02;2.5750000e+02;-5.8825284e-02;2.5750000e+02;-1.3046958e-02;2.5750000e+02;5.1937930e-02;2.5750000e+02;1.3168229e-01;2.5750000e+02;2.0683214e-01;2.5750000e+02;2.3549825e-01;2.5750000e+02;2.1545394e-01;2.5750000e+02;1.9050658e-01;2.5750000e+02;2.2938356e-01;2.5750000e+02;1.9575177e-01;2.5750000e+02;1.4548923e-01;2.5750000e+02;9.1351613e-02;2.5750000e+02;4.7091611e-02;2.5750000e+02;-1.5968308e-03;2.5750000e+02;-4.2896606e-02;2.5750000e+02;-8.5518450e-02;2.5750000e+02;-1.3221514e-01;2.5750000e+02;-7.6133907e-02;2.5750000e+02;-5.8825284e-02;2.5750000e+02;-1.3046958e-02;2.5750000e+02;5.1937930e-02;2.5750000e+02;1.3168229e-01;2.5750000e+02;2.0683214e-01;2.5750000e+02;2.3549825e-01;2.5750000e+02;2.1545394e-01;2.5750000e+02;1.9050658e-01;2.5750000e+02;2.2938356e-01;2.5750000e+02;1.9575177e-01;2.5750000e+02;1.4548923e-01;2.5750000e+02;9.1351613e-02;2.5750000e+02;4.7091611e-02;2.5750000e+02;-1.5968308e-03;2.5750000e+02;-4.2896606e-02;2.5750000e+02;-8.5518450e-02;2.5750000e+02;-1.3221514e-01;2.5750000e+02;-7.6133907e-02;2.5750000e+02;-5.8825284e-02;2.5750000e+02;-1.3046958e-02;2.5750000e+02;5.1937930e-02;2.5750000e+02;1.3168229e-01;2.5750000e+02;2.0683214e-01;2.5750000e+02;2.3549825e-01;2.5750000e+02;2.1545394e-01;2.5750000e+02;1.9050658e-01;2.5750000e+02;2.2938356e-01;2.5750000e+02;1.9575177e-01;2.5750000e+02;1.4548923e-01;2.5750000e+02;9.1351613e-02;2.5750000e+02;4.7091611e-02;2.5750000e+02;-1.5968308e-03;2.5750000e+02;-4.2896606e-02;2.5750000e+02;-8.5518450e-02;2.5750000e+02;-1.3221514e-01;2.5750000e+02;-7.6133907e-02;2.5750000e+02;-5.8825284e-02;2.5750000e+02;-1.3046958e-02;2.5750000e+02;5.1937930e-02;2.5750000e+02;1.3168229e-01;2.5750000e+02;2.0683214e-01;2.5750000e+02;2.3549825e-01;2.5750000e+02;2.1545394e-01;2.5750000e+02;1.9050658e-01;2.5750000e+02;2.2938356e-01;2.5750000e+02;1.9575177e-01;2.5750000e+02;1.4548923e-01;2.5750000e+02;9.1351613e-02;2.5750000e+02;4.7091611e-02;2.5750000e+02;-1.5968308e-03;2.5750000e+02;-4.2896606e-02;2.5750000e+02;-8.5518450e-02;2.5750000e+02;-1.3221514e-01;2.5750000e+02;-7.6133907e-02;2.5750000e+02;-5.8825284e-02;2.5750000e+02;-1.3046958e-02;2.5750000e+02;5.1937930e-02;2.5750000e+02;1.3168229e-01;2.5750000e+02;2.0683214e-01;2.5750000e+02;2.3549825e-01;2.5750000e+02;2.1545394e-01;2.5750000e+02;1.9050658e-01;2.5750000e+02;2.2938356e-01;2.5750000e+02;1.9575177e-01;2.5750000e+02;1.4548923e-01;2.5750000e+02;9.1351613e-02;2.5750000e+02;4.7091611e-02;2.5750000e+02;-1.5968308e-03;2.5750000e+02;-4.2896606e-02;2.5750000e+02;-8.5518450e-02;2.5750000e+02;-1.3221514e-01;2.5750000e+02;-7.6133907e-02;2.5750000e+02;-5.8825284e-02;2.5750000e+02;-1.3046958e-02;2.5750000e+02;5.1937930e-02;2.5750000e+02;1.3168229e-01;2.5750000e+02;2.0683214e-01;2.5750000e+02;2.3549825e-01;2.5750000e+02;2.1545394e-01;2.5750000e+02;1.9050658e-01;2.5750000e+02;2.2938356e-01;2.5750000e+02;1.9575177e-01;2.5750000e+02;1.4548923e-01;2.5750000e+02;9.1351613e-02;2.5750000e+02;4.7091611e-02;2.5750000e+02;-1.5968308e-03;2.5750000e+02;-4.2896606e-02;2.5750000e+02;-8.5518450e-02;2.5750000e+02;-1.3221514e-01;2.5750000e+02;-7.6133907e-02;2.5750000e+02;-5.8825284e-02;2.5750000e+02;-1.3046958e-02;2.5750000e+02;5.1937930e-02;2.5750000e+02;1.3168229e-01;2.5750000e+02;2.0683214e-01;2.5750000e+02;2.3549825e-01;2.5750000e+02;2.1545394e-01;2.5750000e+02;1.9050658e-01;2.5750000e+02;2.2938356e-01;2.5750000e+02;1.9575177e-01;2.5750000e+02;1.4548923e-01;2.5750000e+02;9.1351613e-02;2.5750000e+02;4.7091611e-02;2.5750000e+02;-1.5968308e-03;2.5750000e+02;-4.2896606e-02;2.5750000e+02;-8.5518450e-02;2.5750000e+02;-1.3221514e-01;2.5750000e+02;-7.6133907e-02;2.5750000e+02;-5.8825284e-02;2.5750000e+02;-1.3046958e-02;2.5750000e+02;5.1937930e-02;2.5750000e+02;1.3168229e-01;2.5750000e+02;2.0683214e-01;2.5750000e+02;2.3549825e-01;2.5750000e+02;2.1545394e-01;2.5750000e+02;1.9050658e-01;2.5750000e+02;2.2938356e-01;2.5750000e+02;1.9575177e-01;2.5750000e+02;1.4548923e-01;2.5750000e+02;9.1351613e-02;2.5750000e+02;4.7091611e-02;2.5750000e+02;-1.5968308e-03;2.5750000e+02;-4.2896606e-02;2.5750000e+02;-8.5518450e-02;2.5750000e+02;-1.3221514e-01;2.5750000e+02;-7.6133907e-02;2.5750000e+02;-5.8825284e-02;2.5750000e+02;-1.3046958e-02;2.5750000e+02;5.1937930e-02;2.5750000e+02;1.3168229e-01;2.5750000e+02;2.0683214e-01;2.5750000e+02;2.3549825e-01;2.5750000e+02;2.1545394e-01;2.5750000e+02;1.9050658e-01;2.5750000e+02;2.2938356e-01;2.5750000e+02;1.9575177e-01;2.5750000e+02;1.4548923e-01;2.5750000e+02;9.1351613e-02;2.5750000e+02;4.7091611e-02;2.5750000e+02;-1.5968308e-03;2.5750000e+02;-4.2896606e-02;2.5750000e+02;-8.5518450e-02;2.5750000e+02;-1.3221514e-01;2.5750000e+02;-7.6133907e-02;2.5750000e+02;-5.8825284e-02;2.5750000e+02;-1.3046958e-02;2.5750000e+02;5.1937930e-02;2.5750000e+02;1.3168229e-01;2.5750000e+02;2.0683214e-01;2.5750000e+02;2.3549825e-01;2.5750000e+02;2.1545394e-01;2.5750000e+02;1.9050658e-01;2.5750000e+02;2.2938356e-01;2.5750000e+02;1.9575177e-01;2.5750000e+02;1.4548923e-01;2.5750000e+02;9.1351613e-02;2.5750000e+02;4.7091611e-02;2.5750000e+02;-1.5968308e-03;2.5750000e+02;-4.2896606e-02;2.5750000e+02;-8.5518450e-02;2.5750000e+02;-1.3221514e-01;2.5750000e+02;-7.6133907e-02;2.5750000e+02;-5.8825284e-02;2.5750000e+02;-1.3046958e-02;2.5750000e+02;5.1937930e-02;2.5750000e+02;1.3168229e-01;2.5750000e+02;2.0683214e-01;2.5750000e+02;2.3549825e-01;2.5750000e+02;2.1545394e-01;2.5750000e+02;1.9050658e-01;2.5750000e+02;2.2938356e-01;2.5750000e+02;1.9575177e-01;2.5750000e+02;1.4548923e-01;2.5750000e+02;9.1351613e-02;2.5750000e+02;4.7091611e-02;2.5750000e+02;-1.5968308e-03;2.5750000e+02;-4.2896606e-02;2.5750000e+02;-8.5518450e-02;2.5750000e+02;-1.3221514e-01;2.5750000e+02;-7.6133907e-02;2.5750000e+02;-5.8825284e-02;2.5750000e+02;-1.3046958e-02;2.5750000e+02;5.1937930e-02;2.5750000e+02;1.3168229e-01;2.5750000e+02;2.0683214e-01;2.5750000e+02;2.3549825e-01;2.5750000e+02;2.1545394e-01;2.5750000e+02;1.9050658e-01;2.5750000e+02;2.2938356e-01;2.5750000e+02;1.9575177e-01;2.5750000e+02;1.4548923e-01;2.5750000e+02;9.1351613e-02;2.5750000e+02;4.7091611e-02;2.5750000e+02;-1.5968308e-03;2.5750000e+02;-4.2896606e-02;2.5750000e+02;-8.5518450e-02;2.5750000e+02;-1.3221514e-01;2.5750000e+02;-7.6133907e-02;2.5750000e+02;-5.8825284e-02;2.5750000e+02;-1.3046958e-02;2.5750000e+02;5.1937930e-02;2.5750000e+02;1.3168229e-01;2.5750000e+02;2.0683214e-01;2.5750000e+02;2.3549825e-01;2.5750000e+02;2.1545394e-01;2.5750000e+02;1.9050658e-01;2.5750000e+02;2.2938356e-01;2.5750000e+02;1.9575177e-01;2.5750000e+02;1.4548923e-01;2.5750000e+02;9.1351613e-02;2.5750000e+02;4.7091611e-02;2.5750000e+02;-1.5968308e-03;2.5750000e+02;-4.2896606e-02;2.5750000e+02;-8.5518450e-02;2.5750000e+02;-1.3221514e-01;2.5750000e+02;-7.6133907e-02;2.5750000e+02;-5.8825284e-02;2.5750000e+02;-1.3046958e-02;2.5750000e+02;5.1937930e-02;2.5750000e+02;1.3168229e-01;2.5750000e+02;2.0683214e-01;2.5750000e+02;2.3549825e-01;2.5750000e+02;2.1545394e-01;2.5750000e+02;1.9050658e-01;2.5750000e+02;2.2938356e-01;2.5750000e+02;1.9575177e-01;2.5750000e+02;1.4548923e-01;2.5750000e+02;9.1351613e-02;2.5750000e+02;4.7091611e-02;2.5750000e+02;-1.5968308e-03;2.5750000e+02;-4.2896606e-02;2.5750000e+02;-8.5518450e-02;2.5750000e+02;-1.3221514e-01;2.5750000e+02;-7.6133907e-02;2.5750000e+02;-5.8825284e-02;2.5750000e+02;-1.3046958e-02;2.5750000e+02;5.1937930e-02;2.5750000e+02;1.3168229e-01;2.5750000e+02;2.0683214e-01;2.5750000e+02;2.3549825e-01;2.5750000e+02;2.1545394e-01;2.5750000e+02;1.9050658e-01;2.5750000e+02;2.2938356e-01;2.5750000e+02;1.9575177e-01;2.5750000e+02;1.4548923e-01;2.5750000e+02;9.1351613e-02;2.5750000e+02;4.7091611e-02;2.5750000e+02;-1.5968308e-03;2.5750000e+02;-4.2896606e-02;2.5750000e+02;-8.5518450e-02;2.5750000e+02;-1.3221514e-01;2.5750000e+02;-7.6133907e-02;2.5750000e+02;-5.8825284e-02;2.5750000e+02;-1.3046958e-02;2.5750000e+02;5.1937930e-02;2.5750000e+02;1.3168229e-01;2.5750000e+02;2.0683214e-01;2.5750000e+02;2.3549825e-01;2.5750000e+02;2.1545394e-01;2.5750000e+02;1.9050658e-01;2.5750000e+02;2.2938356e-01;2.5750000e+02;1.9575177e-01;2.5750000e+02;1.4548923e-01;2.5750000e+02;9.1351613e-02;2.5750000e+02;4.7091611e-02;2.5750000e+02;-1.5968308e-03;2.5750000e+02;-4.2896606e-02;2.5750000e+02;-8.5518450e-02;2.5750000e+02;-1.3221514e-01;2.5750000e+02;-7.6133907e-02;2.5750000e+02;-5.8825284e-02;2.5750000e+02;-1.3046958e-02;2.5750000e+02;5.1937930e-02;2.5750000e+02;1.3168229e-01;2.5750000e+02;2.0683214e-01;2.5750000e+02;2.3549825e-01;2.5750000e+02;2.1545394e-01;2.5750000e+02;1.9050658e-01;2.5750000e+02;2.2938356e-01;2.5750000e+02;1.9575177e-01;2.5750000e+02;1.4548923e-01;2.5750000e+02;9.1351613e-02;2.5750000e+02;4.7091611e-02;2.5750000e+02;-1.5968308e-03;2.5750000e+02;-4.2896606e-02;2.5750000e+02;-8.5518450e-02;2.5750000e+02;-1.3221514e-01;2.5750000e+02;-7.6133907e-02;2.5750000e+02;-5.8825284e-02;2.5750000e+02;-1.3046958e-02;2.5750000e+02;5.1937930e-02;2.5750000e+02;1.3168229e-01;2.5750000e+02;2.0683214e-01;2.5750000e+02;2.3549825e-01;2.5750000e+02;2.1545394e-01;2.5750000e+02;1.9050658e-01;2.5750000e+02;2.2938356e-01;2.5750000e+02;1.9575177e-01;2.5750000e+02;1.4548923e-01;2.5750000e+02;9.1351613e-02;2.5750000e+02;4.7091611e-02;2.5750000e+02;-1.5968308e-03;2.5750000e+02;-4.2896606e-02;2.5750000e+02;-8.5518450e-02;2.5750000e+02;-1.3221514e-01;2.5750000e+02;-7.6133907e-02;2.5750000e+02;-5.8825284e-02;2.5750000e+02;-1.3046958e-02;2.5750000e+02;5.1937930e-02;2.5750000e+02;1.3168229e-01;2.5750000e+02;2.0683214e-01;2.5750000e+02;2.3549825e-01;2.5750000e+02;2.1545394e-01;2.5750000e+02;1.9050658e-01;2.5750000e+02;2.2938356e-01;2.5750000e+02;1.9575177e-01;2.5750000e+02;1.4548923e-01;2.5750000e+02;9.1351613e-02;2.5750000e+02;4.7091611e-02;2.5750000e+02;-1.5968308e-03;2.5750000e+02;-4.2896606e-02;2.5750000e+02;-8.5518450e-02;2.5750000e+02;-1.3221514e-01;2.5750000e+02;-7.6133907e-02;2.5750000e+02;-5.8825284e-02;2.5750000e+02;-1.3046958e-02;2.5750000e+02;5.1937930e-02;2.5750000e+02;1.3168229e-01;2.5750000e+02;2.0683214e-01;2.5750000e+02;2.3549825e-01;2.5750000e+02;2.1545394e-01;2.5750000e+02;1.9050658e-01;2.5750000e+02;2.2938356e-01;2.5750000e+02;1.9575177e-01;2.5750000e+02;1.4548923e-01;2.5750000e+02;9.1351613e-02;2.5750000e+02;4.7091611e-02;2.5750000e+02;-1.5968308e-03;2.5750000e+02;-4.2896606e-02;2.5750000e+02;-8.5518450e-02;2.5750000e+02;-1.3221514e-01;2.5750000e+02;-7.6133907e-02;2.5750000e+02;-5.8825284e-02;2.5750000e+02;-1.3046958e-02;2.5750000e+02;5.1937930e-02;2.5750000e+02;1.3168229e-01;2.5750000e+02;2.0683214e-01;2.5750000e+02;2.3549825e-01;2.5750000e+02;2.1545394e-01;2.5750000e+02;1.9050658e-01;2.5750000e+02;2.2938356e-01;2.5750000e+02;1.9575177e-01;2.5750000e+02;1.4548923e-01;2.5750000e+02;9.1351613e-02;2.5750000e+02;4.7091611e-02;2.5750000e+02;-1.5968308e-03;2.5750000e+02;-4.2896606e-02;2.5750000e+02;-8.5518450e-02;2.5750000e+02;-1.3221514e-01;2.5750000e+02;-7.6133907e-02;2.5750000e+02;-5.8825284e-02;2.5750000e+02;-1.3046958e-02;2.5750000e+02;5.1937930e-02;2.5750000e+02;1.3168229e-01;2.5750000e+02;2.0683214e-01;2.5750000e+02;2.3549825e-01;2.5750000e+02;2.1545394e-01;2.5750000e+02;1.9050658e-01;2.5750000e+02;2.2938356e-01;2.5750000e+02;1.9575177e-01;2.5750000e+02;1.4548923e-01;2.5750000e+02;9.1351613e-02;2.5750000e+02;4.7091611e-02;2.5750000e+02;-1.5968308e-03;2.5750000e+02;-4.2896606e-02;2.5750000e+02;-8.5518450e-02;2.5750000e+02;-1.3221514e-01;2.5750000e+02;-7.6133907e-02;2.5750000e+02;-5.8825284e-02;2.5750000e+02;-1.3046958e-02;2.5750000e+02;5.1937930e-02;2.5750000e+02;1.3168229e-01;2.5750000e+02;2.0683214e-01;2.5750000e+02;2.3549825e-01;2.5750000e+02;2.1545394e-01;2.5750000e+02;1.9050658e-01;2.5750000e+02;2.2938356e-01;2.5750000e+02;1.9575177e-01;2.5750000e+02;1.4548923e-01;2.5750000e+02;9.1351613e-02;2.5750000e+02;4.7091611e-02;2.5750000e+02;-1.5968308e-03;2.5750000e+02;-4.2896606e-02;2.5750000e+02;-8.5518450e-02;2.5750000e+02;-1.3221514e-01;2.5750000e+02;-7.6133907e-02;2.5750000e+02;-5.8825284e-02;2.5750000e+02;-1.3046958e-02;2.5750000e+02;5.1937930e-02;2.5750000e+02;1.3168229e-01;2.5750000e+02;2.0683214e-01;2.5750000e+02;2.3549825e-01;2.5750000e+02;2.1545394e-01;2.5750000e+02;1.9050658e-01;2.5750000e+02;2.2938356e-01;2.5750000e+02;1.9575177e-01;2.5750000e+02;1.4548923e-01;2.5750000e+02;9.1351613e-02;2.5750000e+02;4.7091611e-02;2.5750000e+02;-1.5968308e-03;2.5750000e+02;-4.2896606e-02;2.5750000e+02;-8.5518450e-02;2.5750000e+02;-1.3221514e-01;2.5750000e+02;-7.6133907e-02;2.5750000e+02;-5.8825284e-02;2.5750000e+02;-1.3046958e-02;2.5750000e+02;5.1937930e-02;2.5750000e+02;1.3168229e-01;2.5750000e+02;2.0683214e-01;2.5750000e+02;2.3549825e-01;2.5750000e+02;2.1545394e-01;2.5750000e+02;1.9050658e-01;2.5750000e+02;2.2938356e-01;2.5750000e+02;1.9575177e-01;2.5750000e+02;1.4548923e-01;2.5750000e+02;9.1351613e-02;2.5750000e+02;4.7091611e-02;2.5750000e+02;-1.5968308e-03;2.5750000e+02;-4.2896606e-02;2.5750000e+02;-8.5518450e-02;2.5750000e+02;-1.3221514e-01;2.5750000e+02;-7.6133907e-02;2.5750000e+02;-5.8825284e-02;2.5750000e+02;-1.3046958e-02;2.5750000e+02;5.1937930e-02;2.5750000e+02;1.3168229e-01;2.5750000e+02;2.0683214e-01;2.5750000e+02;2.3549825e-01;2.5750000e+02;2.1545394e-01;2.5750000e+02;1.9050658e-01;2.5750000e+02;2.2938356e-01;2.5750000e+02;1.9575177e-01;2.5750000e+02;1.4548923e-01;2.5750000e+02;9.1351613e-02;2.5750000e+02;4.7091611e-02;2.5750000e+02;-1.5968308e-03;2.5750000e+02;-4.2896606e-02;2.5750000e+02;-8.5518450e-02;2.5750000e+02;-1.3221514e-01;2.5750000e+02;-7.6133907e-02;2.5750000e+02;-5.8825284e-02;2.5750000e+02;-1.3046958e-02;2.5750000e+02;5.1937930e-02;2.5750000e+02;1.3168229e-01;2.5750000e+02;2.0683214e-01;2.5750000e+02;2.3549825e-01;2.5750000e+02;2.1545394e-01;2.5750000e+02;1.9050658e-01;2.5750000e+02;2.2938356e-01;2.5750000e+02;1.9575177e-01;2.5750000e+02;1.4548923e-01;2.5750000e+02;9.1351613e-02;2.5750000e+02;4.7091611e-02;2.5750000e+02;-1.5968308e-03;2.5750000e+02;-4.2896606e-02;2.5750000e+02;-8.5518450e-02;2.5750000e+02;-1.3221514e-01;2.5750000e+02;-7.6133907e-02;2.5750000e+02;-5.8825284e-02;2.5750000e+02;-1.3046958e-02;2.5750000e+02;5.1937930e-02;2.5750000e+02;1.3168229e-01;2.5750000e+02;2.0683214e-01;2.5750000e+02;2.3549825e-01;2.5750000e+02;2.1545394e-01;2.5750000e+02;1.9050658e-01;2.5750000e+02;2.2938356e-01;2.5750000e+02;1.9575177e-01;2.5750000e+02;1.4548923e-01;2.5750000e+02;9.1351613e-02;2.5750000e+02;4.7091611e-02;2.5750000e+02;-1.5968308e-03;2.5750000e+02;-4.2896606e-02;2.5750000e+02;-8.5518450e-02;2.5750000e+02;-1.3221514e-01;2.5750000e+02;-7.6133907e-02;2.5750000e+02;-5.8825284e-02;2.5750000e+02;-1.3046958e-02;2.5750000e+02;5.1937930e-02;2.5750000e+02;1.3168229e-01;2.5750000e+02;2.0683214e-01;2.5750000e+02;2.3549825e-01;2.5750000e+02;2.1545394e-01;2.5750000e+02;1.9050658e-01;2.5750000e+02;2.2938356e-01;2.5750000e+02;1.9575177e-01;2.5750000e+02;1.4548923e-01;2.5750000e+02;9.1351613e-02;2.5750000e+02;4.7091611e-02;2.5750000e+02;-1.5968308e-03;2.5750000e+02;-4.2896606e-02;2.5750000e+02;-8.5518450e-02;2.5750000e+02;-1.3221514e-01;2.5750000e+02;-7.6133907e-02;2.5750000e+02;-5.8825284e-02;2.5750000e+02;-1.3046958e-02;2.5750000e+02;5.1937930e-02;2.5750000e+02;1.3168229e-01;2.5750000e+02;2.0683214e-01;2.5750000e+02;2.3549825e-01;2.5750000e+02;2.1545394e-01;2.5750000e+02;1.9050658e-01;2.5750000e+02;2.2938356e-01;2.5750000e+02;1.9575177e-01;2.5750000e+02;1.4548923e-01;2.5750000e+02;9.1351613e-02;2.5750000e+02;4.7091611e-02;2.5750000e+02;-1.5968308e-03;2.5750000e+02;-4.2896606e-02;2.5750000e+02;-8.5518450e-02;2.5750000e+02;-1.3221514e-01;2.5750000e+02;-7.6133907e-02;2.5750000e+02;-5.8825284e-02;2.5750000e+02;-1.3046958e-02;2.5750000e+02;5.1937930e-02;2.5750000e+02;1.3168229e-01;2.5750000e+02;2.0683214e-01;2.5750000e+02;2.3549825e-01;2.5750000e+02;2.1545394e-01;2.5750000e+02;1.9050658e-01;2.5750000e+02;2.2938356e-01;2.5750000e+02;1.9575177e-01;2.5750000e+02;1.4548923e-01;2.5750000e+02;9.1351613e-02;2.5750000e+02;4.7091611e-02;2.5750000e+02;-1.5968308e-03;2.5750000e+02;-4.2896606e-02;2.5750000e+02;-8.5518450e-02;2.5750000e+02;-1.3221514e-01;2.5750000e+02;-7.6133907e-02;2.5750000e+02;-5.8825284e-02;2.5750000e+02;-1.3046958e-02;2.5750000e+02;5.1937930e-02;2.5750000e+02;1.3168229e-01;2.5750000e+02;2.0683214e-01;2.5750000e+02;2.3549825e-01;2.5750000e+02;2.1545394e-01;2.5750000e+02;1.9050658e-01;2.5750000e+02;2.2938356e-01;2.5750000e+02;1.9575177e-01;2.5750000e+02;1.4548923e-01;2.5750000e+02;9.1351613e-02;2.5750000e+02;4.7091611e-02;2.5750000e+02;-1.5968308e-03;2.5750000e+02;-4.2896606e-02;2.5750000e+02;-8.5518450e-02;2.5750000e+02;-1.3221514e-01;2.5750000e+02;-7.6133907e-02;2.5750000e+02;-5.8825284e-02;2.5750000e+02;-1.3046958e-02;2.5750000e+02;5.1937930e-02;2.5750000e+02;1.3168229e-01;2.5750000e+02;2.0683214e-01;2.5750000e+02;2.3549825e-01;2.5750000e+02;2.1545394e-01;2.5750000e+02;1.9050658e-01;2.5750000e+02;2.2938356e-01;2.5750000e+02;1.9575177e-01;2.5750000e+02;1.4548923e-01;2.5750000e+02;9.1351613e-02;2.5750000e+02;4.7091611e-02;2.5750000e+02;-1.5968308e-03;2.5750000e+02;-4.2896606e-02;2.5750000e+02;-8.5518450e-02;2.5750000e+02;-1.3221514e-01;2.5750000e+02;-7.6133907e-02;2.5750000e+02;-5.8825284e-02;2.5750000e+02;-1.3046958e-02;2.5750000e+02;5.1937930e-02;2.5750000e+02;1.3168229e-01;2.5750000e+02;2.0683214e-01;2.5750000e+02;2.3549825e-01;2.5750000e+02;2.1545394e-01;2.5750000e+02;1.9050658e-01;2.5750000e+02;2.2938356e-01;2.5750000e+02;1.9575177e-01;2.5750000e+02;1.4548923e-01;2.5750000e+02;9.1351613e-02;2.5750000e+02;4.7091611e-02;2.5750000e+02;-1.5968308e-03;2.5750000e+02;-4.2896606e-02;2.5750000e+02;-8.5518450e-02;2.5750000e+02;-1.3221514e-01;2.5750000e+02;-7.6133907e-02;2.5750000e+02;-5.8825284e-02;2.5750000e+02;-1.3046958e-02;2.5750000e+02;5.1937930e-02;2.5750000e+02;1.3168229e-01;2.5750000e+02;2.0683214e-01;2.5750000e+02;2.3549825e-01;2.5750000e+02;2.1545394e-01;2.5750000e+02;1.9050658e-01;2.5750000e+02;2.2938356e-01;2.5750000e+02;1.9575177e-01;2.5750000e+02;1.4548923e-01;2.5750000e+02;9.1351613e-02;2.5750000e+02;4.7091611e-02;2.5750000e+02;-1.5968308e-03;2.5750000e+02;-4.2896606e-02;2.5750000e+02;-8.5518450e-02;2.5750000e+02;-1.3221514e-01;2.5750000e+02;-7.6133907e-02;2.5750000e+02;-5.8825284e-02;2.5750000e+02;-1.3046958e-02;2.5750000e+02;5.1937930e-02;2.5750000e+02;1.3168229e-01;2.5750000e+02;2.0683214e-01;2.5750000e+02;2.3549825e-01;2.5750000e+02;2.1545394e-01;2.5750000e+02;1.9050658e-01;2.5750000e+02;2.2938356e-01;2.5750000e+02;1.9575177e-01;2.5750000e+02;1.4548923e-01;2.5750000e+02;9.1351613e-02;2.5750000e+02;4.7091611e-02;2.5750000e+02;-1.5968308e-03;2.5750000e+02;-4.2896606e-02;2.5750000e+02;-8.5518450e-02;2.5750000e+02;-1.3221514e-01;2.5750000e+02;-7.6133907e-02;2.5750000e+02;-5.8825284e-02;2.5750000e+02;-1.3046958e-02;2.5750000e+02;5.1937930e-02;2.5750000e+02;1.3168229e-01;2.5750000e+02;2.0683214e-01;2.5750000e+02;2.3549825e-01;2.5750000e+02;2.1545394e-01;2.5750000e+02;1.9050658e-01;2.5750000e+02;2.2938356e-01;2.5750000e+02;1.9575177e-01;2.5750000e+02;1.4548923e-01;2.5750000e+02;9.1351613e-02;2.5750000e+02;4.7091611e-02;2.5750000e+02;-1.5968308e-03;2.5750000e+02;-4.2896606e-02;2.5750000e+02;-8.5518450e-02;2.5750000e+02;-1.3221514e-01;2.5750000e+02;-7.6133907e-02;2.5750000e+02;-5.8825284e-02;2.5750000e+02;-1.3046958e-02;2.5750000e+02;5.1937930e-02;2.5750000e+02;1.3168229e-01;2.5750000e+02;2.0683214e-01;2.5750000e+02;2.3549825e-01;2.5750000e+02;2.1545394e-01;2.5750000e+02;1.9050658e-01;2.5750000e+02;2.2938356e-01;2.5750000e+02;1.9575177e-01;2.5750000e+02;1.4548923e-01;2.5750000e+02;9.1351613e-02;2.5750000e+02;4.7091611e-02;2.5750000e+02;-1.5968308e-03;2.5750000e+02;-4.2896606e-02;2.5750000e+02;-8.5518450e-02;2.5750000e+02;-1.3221514e-01;2.5750000e+02;-7.6133907e-02;2.5750000e+02;-5.8825284e-02;2.5750000e+02;-1.3046958e-02;2.5750000e+02;5.1937930e-02;2.5750000e+02;1.3168229e-01;2.5750000e+02;2.0683214e-01;2.5750000e+02;2.3549825e-01;2.5750000e+02;2.1545394e-01;2.5750000e+02;1.9050658e-01;2.5750000e+02;2.2938356e-01;2.5750000e+02;1.9575177e-01;2.5750000e+02;1.4548923e-01;2.5750000e+02;9.1351613e-02;2.5750000e+02;4.7091611e-02;2.5750000e+02;-1.5968308e-03;2.5750000e+02;-4.2896606e-02;2.5750000e+02;-8.5518450e-02;2.5750000e+02;-1.3221514e-01;2.5750000e+02;-7.6133907e-02;2.5750000e+02;-5.8825284e-02;2.5750000e+02;-1.3046958e-02;2.5750000e+02;5.1937930e-02;2.5750000e+02;1.3168229e-01;2.5750000e+02;2.0683214e-01;2.5750000e+02;2.3549825e-01;2.5750000e+02;2.1545394e-01;2.5750000e+02;1.9050658e-01;2.5750000e+02;2.2938356e-01;2.5750000e+02;1.9575177e-01;2.5750000e+02;1.4548923e-01;2.5750000e+02;9.1351613e-02;2.5750000e+02;4.7091611e-02;2.5750000e+02;-1.5968308e-03;2.5750000e+02;-4.2896606e-02;2.5750000e+02;-8.5518450e-02;2.5750000e+02;-1.3221514e-01;2.5750000e+02;-7.6133907e-02;2.5750000e+02;-5.8825284e-02;2.5750000e+02;-1.3046958e-02;2.5750000e+02;5.1937930e-02;2.5750000e+02;1.3168229e-01;2.5750000e+02;2.0683214e-01;2.5750000e+02;2.3549825e-01;2.5750000e+02;2.1545394e-01;2.5750000e+02;1.9050658e-01;2.5750000e+02;2.2938356e-01;2.5750000e+02;1.9575177e-01;2.5750000e+02;1.4548923e-01;2.5750000e+02;9.1351613e-02;2.5750000e+02;4.7091611e-02;2.5750000e+02;-1.5968308e-03;2.5750000e+02;-4.2896606e-02;2.5750000e+02;-8.5518450e-02;2.5750000e+02;-1.3221514e-01;2.5750000e+02;-7.6133907e-02;2.5750000e+02;-5.8825284e-02;2.5750000e+02;-1.3046958e-02;2.5750000e+02;5.1937930e-02;2.5750000e+02;1.3168229e-01;2.5750000e+02;2.0683214e-01;2.5750000e+02;2.3549825e-01;2.5750000e+02;2.1545394e-01;2.5750000e+02;1.9050658e-01;2.5750000e+02;2.2938356e-01;2.5750000e+02;1.9575177e-01;2.5750000e+02;1.4548923e-01;2.5750000e+02;9.1351613e-02;2.5750000e+02;4.7091611e-02;2.5750000e+02;-1.5968308e-03;2.5750000e+02;-4.2896606e-02;2.5750000e+02;-8.5518450e-02;2.5750000e+02;-1.3221514e-01;2.5750000e+02;-7.6133907e-02;2.5750000e+02;-5.8825284e-02;2.5750000e+02;-1.3046958e-02;2.5750000e+02;5.1937930e-02;2.5750000e+02;1.3168229e-01;2.5750000e+02;2.0683214e-01;2.5750000e+02;2.3549825e-01;2.5750000e+02;2.1545394e-01;2.5750000e+02;1.9050658e-01;2.5750000e+02;2.2938356e-01;2.5750000e+02;1.9575177e-01;2.5750000e+02;1.4548923e-01;2.5750000e+02;9.1351613e-02;2.5750000e+02;4.7091611e-02;2.5750000e+02;-1.5968308e-03;2.5750000e+02;-4.2896606e-02;2.5750000e+02;-8.5518450e-02;2.5750000e+02;-1.3221514e-01;2.5750000e+02;-7.6133907e-02;2.5750000e+02;-5.8825284e-02;2.5750000e+02;-1.3046958e-02;2.5750000e+02;5.1937930e-02;2.5750000e+02;1.3168229e-01;2.5750000e+02;2.0683214e-01;2.5750000e+02;2.3549825e-01;2.5750000e+02;2.1545394e-01;2.5750000e+02;1.9050658e-01;2.5750000e+02;2.2938356e-01;2.5750000e+02;1.9575177e-01;2.5750000e+02;1.4548923e-01;2.5750000e+02;9.1351613e-02;2.5750000e+02;4.7091611e-02;2.5750000e+02;-1.5968308e-03;2.5750000e+02;-4.2896606e-02;2.5750000e+02;-8.5518450e-02;2.5750000e+02;-1.3221514e-01;2.5750000e+02;-7.6133907e-02;2.5750000e+02;-5.8825284e-02;2.5750000e+02;-1.3046958e-02;2.5750000e+02;5.1937930e-02;2.5750000e+02;1.3168229e-01;2.5750000e+02;2.0683214e-01;2.5750000e+02;2.3549825e-01;2.5750000e+02;2.1545394e-01;2.5750000e+02;1.9050658e-01;2.5750000e+02;2.2938356e-01;2.5750000e+02;1.9575177e-01;2.5750000e+02;1.4548923e-01;2.5750000e+02;9.1351613e-02;2.5750000e+02;4.7091611e-02;2.5750000e+02;-1.5968308e-03;2.5750000e+02;-4.2896606e-02;2.5750000e+02;-8.5518450e-02;2.5750000e+02;-1.3221514e-01;2.5750000e+02;-7.6133907e-02;2.5750000e+02;-5.8825284e-02;2.5750000e+02;-1.3046958e-02;2.5750000e+02;5.1937930e-02;2.5750000e+02;1.3168229e-01;2.5750000e+02;2.0683214e-01;2.5750000e+02;2.3549825e-01;2.5750000e+02;2.1545394e-01;2.5750000e+02;1.9050658e-01;2.5750000e+02;2.2938356e-01;2.5750000e+02;1.9575177e-01;2.5750000e+02;1.4548923e-01;2.5750000e+02;9.1351613e-02;2.5750000e+02;4.7091611e-02;2.5750000e+02;-1.5968308e-03;2.5750000e+02;-4.2896606e-02;2.5750000e+02;-8.5518450e-02;2.5750000e+02;-1.3221514e-01;2.5750000e+02;-7.6133907e-02;2.5750000e+02;-5.8825284e-02;2.5750000e+02;-1.3046958e-02;2.5750000e+02;5.1937930e-02;2.5750000e+02;1.3168229e-01;2.5750000e+02;2.0683214e-01;2.5750000e+02;2.3549825e-01;2.5750000e+02;2.1545394e-01;2.5750000e+02;1.9050658e-01;2.5750000e+02;2.2938356e-01;2.5750000e+02;1.9575177e-01;2.5750000e+02;1.4548923e-01;2.5750000e+02;9.1351613e-02;2.5750000e+02;4.7091611e-02;2.5750000e+02;-1.5968308e-03;2.5750000e+02;-4.2896606e-02;2.5750000e+02;-8.5518450e-02;2.5750000e+02;-1.3221514e-01;2.5750000e+02;-7.6133907e-02;2.5750000e+02;-5.8825284e-02;2.5750000e+02;-1.3046958e-02;2.5750000e+02;5.1937930e-02;2.5750000e+02;1.3168229e-01;2.5750000e+02;2.0683214e-01;2.5750000e+02;2.3549825e-01;2.5750000e+02;2.1545394e-01;2.5750000e+02;1.9050658e-01;2.5750000e+02;2.2938356e-01;2.5750000e+02;1.9575177e-01;2.5750000e+02;1.4548923e-01;2.5750000e+02;9.1351613e-02;2.5750000e+02;4.7091611e-02;2.5750000e+02;-1.5968308e-03;2.5750000e+02;-4.2896606e-02;2.5750000e+02;-8.5518450e-02;2.5750000e+02;-1.3221514e-01;2.5750000e+02;-7.6133907e-02;2.5750000e+02;-5.8825284e-02;2.5750000e+02;-1.3046958e-02;2.5750000e+02;5.1937930e-02;2.5750000e+02;1.3168229e-01;2.5750000e+02;2.0683214e-01;2.5750000e+02;2.3549825e-01;2.5750000e+02;2.1545394e-01;2.5750000e+02;1.9050658e-01;2.5750000e+02;2.2938356e-01;2.5750000e+02;1.9575177e-01;2.5750000e+02;1.4548923e-01;2.5750000e+02;9.1351613e-02;2.5750000e+02;4.7091611e-02;2.5750000e+02;-1.5968308e-03;2.5750000e+02;-4.2896606e-02;2.5750000e+02;-8.5518450e-02;2.5750000e+02;-1.3221514e-01;2.5750000e+02;-7.6133907e-02;2.5750000e+02;-5.8825284e-02;2.5750000e+02;-1.3046958e-02;2.5750000e+02;5.1937930e-02;2.5750000e+02;1.3168229e-01;2.5750000e+02;2.0683214e-01;2.5750000e+02;2.3549825e-01;2.5750000e+02;2.1545394e-01;2.5750000e+02;1.9050658e-01;2.5750000e+02;2.2938356e-01;2.5750000e+02;1.9575177e-01;2.5750000e+02;1.4548923e-01;2.5750000e+02;9.1351613e-02;2.5750000e+02;4.7091611e-02;2.5750000e+02;-1.5968308e-03;2.5750000e+02;-4.2896606e-02;2.5750000e+02;-8.5518450e-02;2.5750000e+02;-1.3221514e-01;2.5750000e+02;-7.6133907e-02;2.5750000e+02;-5.8825284e-02;2.5750000e+02;-1.3046958e-02;2.5750000e+02;5.1937930e-02;2.5750000e+02;1.3168229e-01;2.5750000e+02;2.0683214e-01;2.5750000e+02;2.3549825e-01;2.5750000e+02;2.1545394e-01;2.5750000e+02;1.9050658e-01;2.5750000e+02;2.2938356e-01;2.5750000e+02;1.9575177e-01;2.5750000e+02;1.4548923e-01;2.5750000e+02;9.1351613e-02;2.5750000e+02;4.7091611e-02;2.5750000e+02;-1.5968308e-03;2.5750000e+02;-4.2896606e-02;2.5750000e+02;-8.5518450e-02;2.5750000e+02;-1.3221514e-01;2.5750000e+02;-7.6133907e-02;2.5750000e+02;-5.8825284e-02;2.5750000e+02;-1.3046958e-02;2.5750000e+02;5.1937930e-02;2.5750000e+02;1.3168229e-01;2.5750000e+02;2.0683214e-01;2.5750000e+02;2.3549825e-01;2.5750000e+02;2.1545394e-01;2.5750000e+02;1.9050658e-01;2.5750000e+02;2.2938356e-01;2.5750000e+02;1.9575177e-01;2.5750000e+02;1.4548923e-01;2.5750000e+02;9.1351613e-02;2.5750000e+02;4.7091611e-02;2.5750000e+02;-1.5968308e-03;2.5750000e+02;-4.2896606e-02;2.5750000e+02;-8.5518450e-02;2.5750000e+02;-1.3221514e-01;2.5750000e+02;-7.6133907e-02;2.5750000e+02;-5.8825284e-02;2.5750000e+02;-1.3046958e-02;2.5750000e+02;5.1937930e-02;2.5750000e+02;1.3168229e-01;2.5750000e+02;2.0683214e-01;2.5750000e+02;2.3549825e-01;2.5750000e+02;2.1545394e-01;2.5750000e+02;1.9050658e-01;2.5750000e+02;2.2938356e-01;2.5750000e+02;1.9575177e-01;2.5750000e+02;1.4548923e-01;2.5750000e+02;9.1351613e-02;2.5750000e+02;4.7091611e-02;2.5750000e+02;-1.5968308e-03;2.5750000e+02;-4.2896606e-02;2.5750000e+02;-8.5518450e-02;2.5750000e+02;-1.3221514e-01;2.5750000e+02;-7.6133907e-02;2.5750000e+02;-5.8825284e-02;2.5750000e+02;-1.3046958e-02;2.5750000e+02;5.1937930e-02;2.5750000e+02;1.3168229e-01;2.5750000e+02;2.0683214e-01;2.5750000e+02;2.3549825e-01;2.5750000e+02;2.1545394e-01;2.5750000e+02;1.9050658e-01;2.5750000e+02;2.2938356e-01;2.5750000e+02;1.9575177e-01;2.5750000e+02;1.4548923e-01;2.5750000e+02;9.1351613e-02;2.5750000e+02;4.7091611e-02;2.5750000e+02;-1.5968308e-03;2.5750000e+02;-4.2896606e-02;2.5750000e+02;-8.5518450e-02;2.5750000e+02;-1.3221514e-01;2.5750000e+02;-7.6133907e-02;2.5750000e+02;-5.8825284e-02;2.5750000e+02;-1.3046958e-02;2.5750000e+02;5.1937930e-02;2.5750000e+02;1.3168229e-01;2.5750000e+02;2.0683214e-01;2.5750000e+02;2.3549825e-01;2.5750000e+02;2.1545394e-01;2.5750000e+02;1.9050658e-01;2.5750000e+02;2.2938356e-01;2.5750000e+02;1.9575177e-01;2.5750000e+02;1.4548923e-01;2.5750000e+02;9.1351613e-02;2.5750000e+02;4.7091611e-02;2.5750000e+02;-1.5968308e-03;2.5750000e+02;-4.2896606e-02;2.5750000e+02;-8.5518450e-02;2.5750000e+02;-1.3221514e-01;2.5750000e+02;-7.6133907e-02;2.5750000e+02;-5.8825284e-02;2.5750000e+02;-1.3046958e-02;2.5750000e+02;5.1937930e-02;2.5750000e+02;1.3168229e-01;2.5750000e+02;2.0683214e-01;2.5750000e+02;2.3549825e-01;2.5750000e+02;2.1545394e-01;2.5750000e+02;1.9050658e-01;2.5750000e+02;2.2938356e-01;2.5750000e+02;1.9575177e-01;2.5750000e+02;1.4548923e-01;2.5750000e+02;9.1351613e-02;2.5750000e+02;4.7091611e-02;2.5750000e+02;-1.5968308e-03;2.5750000e+02;-4.2896606e-02;2.5750000e+02;-8.5518450e-02;2.5750000e+02;-1.3221514e-01;2.5750000e+02;-7.6133907e-02;2.5750000e+02;-5.8825284e-02;2.5750000e+02;-1.3046958e-02;2.5750000e+02;5.1937930e-02;2.5750000e+02;1.3168229e-01;2.5750000e+02;2.0683214e-01;2.5750000e+02;2.3549825e-01;2.5750000e+02;2.1545394e-01;2.5750000e+02;1.9050658e-01;2.5750000e+02;2.2938356e-01;2.5750000e+02;1.9575177e-01;2.5750000e+02;1.4548923e-01;2.5750000e+02;9.1351613e-02;2.5750000e+02;4.7091611e-02;2.5750000e+02;-1.5968308e-03;2.5750000e+02;-4.2896606e-02;2.5750000e+02;-8.5518450e-02;2.5750000e+02;-1.3221514e-01;2.5750000e+02;-7.6133907e-02;2.5750000e+02;-5.8825284e-02;2.5750000e+02;-1.3046958e-02;2.5750000e+02;5.1937930e-02;2.5750000e+02;1.3168229e-01;2.5750000e+02;2.0683214e-01;2.5750000e+02;2.3549825e-01;2.5750000e+02;2.1545394e-01;2.5750000e+02;1.9050658e-01;2.5750000e+02;2.2938356e-01;2.5750000e+02;1.9575177e-01;2.5750000e+02;1.4548923e-01;2.5750000e+02;9.1351613e-02;2.5750000e+02;4.7091611e-02;2.5750000e+02;-1.5968308e-03;2.5750000e+02;-4.2896606e-02;2.5750000e+02;-8.5518450e-02;2.5750000e+02;-1.3221514e-01;2.5750000e+02;-7.6133907e-02;2.5750000e+02;-5.8825284e-02;2.5750000e+02;-1.3046958e-02;2.5750000e+02;5.1937930e-02;2.5750000e+02;1.3168229e-01;2.5750000e+02;2.0683214e-01;2.5750000e+02;2.3549825e-01;2.5750000e+02;2.1545394e-01;2.5750000e+02;1.9050658e-01;2.5750000e+02;2.2938356e-01;2.5750000e+02;1.9575177e-01;2.5750000e+02;1.4548923e-01;2.5750000e+02;9.1351613e-02;2.5750000e+02;4.7091611e-02;2.5750000e+02;-1.5968308e-03;2.5750000e+02;-4.2896606e-02;2.5750000e+02;-8.5518450e-02;2.5750000e+02;-1.3221514e-01;2.5750000e+02;-7.6133907e-02;2.5750000e+02;-5.8825284e-02;2.5750000e+02;-1.3046958e-02;2.5750000e+02;5.1937930e-02;2.5750000e+02;1.3168229e-01;2.5750000e+02;2.0683214e-01;2.5750000e+02;2.3549825e-01;2.5750000e+02;2.1545394e-01;2.5750000e+02;1.9050658e-01;2.5750000e+02;2.2938356e-01;2.5750000e+02;1.9575177e-01;2.5750000e+02;1.4548923e-01;2.5750000e+02;9.1351613e-02;2.5750000e+02;4.7091611e-02;2.5750000e+02;-1.5968308e-03;2.5750000e+02;-4.2896606e-02;2.5750000e+02;-8.5518450e-02;2.5750000e+02;-1.3221514e-01;2.5750000e+02;-7.6133907e-02;2.5750000e+02;-5.8825284e-02;2.5750000e+02;-1.3046958e-02;2.5750000e+02;5.1937930e-02;2.5750000e+02;1.3168229e-01;2.5750000e+02;2.0683214e-01;2.5750000e+02;2.3549825e-01;2.5750000e+02;2.1545394e-01;2.5750000e+02;1.9050658e-01;2.5750000e+02;2.2938356e-01;2.5750000e+02;1.9575177e-01;2.5750000e+02;1.4548923e-01;2.5750000e+02;9.1351613e-02;2.5750000e+02;4.7091611e-02;2.5750000e+02;-1.5968308e-03;2.5750000e+02;-4.2896606e-02;2.5750000e+02;-8.5518450e-02;2.5750000e+02;-1.3221514e-01;2.5750000e+02;-7.6133907e-02;2.5750000e+02;-5.8825284e-02;2.5750000e+02;-1.3046958e-02;2.5750000e+02;5.1937930e-02;2.5750000e+02;1.3168229e-01;2.5750000e+02;2.0683214e-01;2.5750000e+02;2.3549825e-01;2.5750000e+02;2.1545394e-01;2.5750000e+02;1.9050658e-01;2.5750000e+02;2.2938356e-01;2.5750000e+02;1.9575177e-01;2.5750000e+02;1.4548923e-01;2.5750000e+02;9.1351613e-02;2.5750000e+02;4.7091611e-02;2.5750000e+02;-1.5968308e-03;2.5750000e+02;-4.2896606e-02;2.5750000e+02;-8.5518450e-02;2.5750000e+02;-1.3221514e-01;2.5750000e+02;-7.6133907e-02;2.5750000e+02;-5.8825284e-02;2.5750000e+02;-1.3046958e-02;2.5750000e+02;5.1937930e-02;2.5750000e+02;1.3168229e-01;2.5750000e+02;2.0683214e-01;2.5750000e+02;2.3549825e-01;2.5750000e+02;2.1545394e-01;2.5750000e+02;1.9050658e-01;2.5750000e+02;2.2938356e-01;2.5750000e+02;1.9575177e-01;2.5750000e+02;1.4548923e-01;2.5750000e+02;9.1351613e-02;2.5750000e+02;4.7091611e-02;2.5750000e+02;-1.5968308e-03;2.5750000e+02;-4.2896606e-02;2.5750000e+02;-8.5518450e-02;2.5750000e+02;-1.3221514e-01;2.5750000e+02;-7.6133907e-02;2.5750000e+02;-5.8825284e-02;2.5750000e+02;-1.3046958e-02;2.5750000e+02;5.1937930e-02;2.5750000e+02;1.3168229e-01;2.5750000e+02;2.0683214e-01;2.5750000e+02;2.3549825e-01;2.5750000e+02;2.1545394e-01;2.5750000e+02;1.9050658e-01;2.5750000e+02;2.2938356e-01;2.5750000e+02;1.9575177e-01;2.5750000e+02;1.4548923e-01;2.5750000e+02;9.1351613e-02;2.5750000e+02;4.7091611e-02;2.5750000e+02;-1.5968308e-03;2.5750000e+02;-4.2896606e-02;2.5750000e+02;-8.5518450e-02;2.5750000e+02;-1.3221514e-01;2.5750000e+02;-7.6133907e-02;2.5750000e+02;-5.8825284e-02;2.5750000e+02;-1.3046958e-02;2.5750000e+02;5.1937930e-02;2.5750000e+02;1.3168229e-01;2.5750000e+02;2.0683214e-01;2.5750000e+02;2.3549825e-01;2.5750000e+02;2.1545394e-01;2.5750000e+02;1.9050658e-01;2.5750000e+02;2.2938356e-01;2.5750000e+02;1.9575177e-01;2.5750000e+02;1.4548923e-01;2.5750000e+02;9.1351613e-02;2.5750000e+02;4.7091611e-02;2.5750000e+02;-1.5968308e-03;2.5750000e+02;-4.2896606e-02;2.5750000e+02;-8.5518450e-02;2.5750000e+02;-1.3221514e-01;2.5750000e+02;-7.6133907e-02;2.5750000e+02;-5.8825284e-02;2.5750000e+02;-1.3046958e-02;2.5750000e+02;5.1937930e-02;2.5750000e+02;1.3168229e-01;2.5750000e+02;2.0683214e-01;2.5750000e+02;2.3549825e-01;2.5750000e+02;2.1545394e-01;2.5750000e+02;1.9050658e-01;2.5750000e+02;2.2938356e-01;2.5750000e+02;1.9575177e-01;2.5750000e+02;1.4548923e-01;2.5750000e+02;9.1351613e-02;2.5750000e+02;4.7091611e-02;2.5750000e+02;-1.5968308e-03;2.5750000e+02;-4.2896606e-02;2.5750000e+02;-8.5518450e-02;2.5750000e+02;-1.3221514e-01;2.5750000e+02;-7.6133907e-02;2.5750000e+02;-5.8825284e-02;2.5750000e+02;-1.3046958e-02;2.5750000e+02;5.1937930e-02;2.5750000e+02;1.3168229e-01;2.5750000e+02;2.0683214e-01;2.5750000e+02;2.3549825e-01;2.5750000e+02;2.1545394e-01;2.5750000e+02;1.9050658e-01;2.5750000e+02;2.2938356e-01;2.5750000e+02;1.9575177e-01;2.5750000e+02;1.4548923e-01;2.5750000e+02;9.1351613e-02;2.5750000e+02;4.7091611e-02;2.5750000e+02;-1.5968308e-03;2.5750000e+02;-4.2896606e-02;2.5750000e+02;-8.5518450e-02;2.5750000e+02;-1.3221514e-01;2.5750000e+02;-7.6133907e-02;2.5750000e+02;-5.8825284e-02;2.5750000e+02;-1.3046958e-02;2.5750000e+02;5.1937930e-02;2.5750000e+02;1.3168229e-01;2.5750000e+02;2.0683214e-01;2.5750000e+02;2.3549825e-01;2.5750000e+02;2.1545394e-01;2.5750000e+02;1.9050658e-01;2.5750000e+02;2.2938356e-01;2.5750000e+02;1.9575177e-01;2.5750000e+02;1.4548923e-01;2.5750000e+02;9.1351613e-02;2.5750000e+02;4.7091611e-02;2.5750000e+02;-1.5968308e-03;2.5750000e+02;-4.2896606e-02;2.5750000e+02;-8.5518450e-02;2.5750000e+02;-1.3221514e-01;2.5750000e+02;-7.6133907e-02;2.5750000e+02;-5.8825284e-02;2.5750000e+02;-1.3046958e-02;2.5750000e+02;5.1937930e-02;2.5750000e+02;1.3168229e-01;2.5750000e+02;2.0683214e-01;2.5750000e+02;2.3549825e-01;2.5750000e+02;2.1545394e-01;2.5750000e+02;1.9050658e-01;2.5750000e+02;2.2938356e-01;2.5750000e+02;1.9575177e-01;2.5750000e+02;1.4548923e-01;2.5750000e+02;9.1351613e-02;2.5750000e+02;4.7091611e-02;2.5750000e+02;-1.5968308e-03;2.5750000e+02;-4.2896606e-02;2.5750000e+02;-8.5518450e-02;2.5750000e+02;-1.3221514e-01;2.5750000e+02;-7.6133907e-02;2.5750000e+02;-5.8825284e-02;2.5750000e+02;-1.3046958e-02;2.5750000e+02;5.1937930e-02;2.5750000e+02;1.3168229e-01;2.5750000e+02;2.0683214e-01;2.5750000e+02;2.3549825e-01;2.5750000e+02;2.1545394e-01;2.5750000e+02;1.9050658e-01;2.5750000e+02;2.2938356e-01;2.5750000e+02;1.9575177e-01;2.5750000e+02;1.4548923e-01;2.5750000e+02;9.1351613e-02;2.5750000e+02;4.7091611e-02;2.5750000e+02;-1.5968308e-03;2.5750000e+02;-4.2896606e-02;2.5750000e+02;-8.5518450e-02;2.5750000e+02;-1.3221514e-01;2.5750000e+02;-7.6133907e-02;2.5750000e+02;-5.8825284e-02;2.5750000e+02;-1.3046958e-02;2.5750000e+02;5.1937930e-02;2.5750000e+02;1.3168229e-01;2.5750000e+02;2.0683214e-01;2.5750000e+02;2.3549825e-01;2.5750000e+02;2.1545394e-01;2.5750000e+02;1.9050658e-01;2.5750000e+02;2.2938356e-01;2.5750000e+02;1.9575177e-01;2.5750000e+02;1.4548923e-01;2.5750000e+02;9.1351613e-02;2.5750000e+02;4.7091611e-02;2.5750000e+02;-1.5968308e-03;2.5750000e+02;-4.2896606e-02;2.5750000e+02;-8.5518450e-02;2.5750000e+02;-1.3221514e-01;2.5750000e+02;-7.6133907e-02;2.5750000e+02;-5.8825284e-02;2.5750000e+02;-1.3046958e-02;2.5750000e+02;5.1937930e-02;2.5750000e+02;1.3168229e-01;2.5750000e+02;2.0683214e-01;2.5750000e+02;2.3549825e-01;2.5750000e+02;2.1545394e-01;2.5750000e+02;1.9050658e-01;2.5750000e+02;2.2938356e-01;2.5750000e+02;1.9575177e-01;2.5750000e+02;1.4548923e-01;2.5750000e+02;9.1351613e-02;2.5750000e+02;4.7091611e-02;2.5750000e+02;-1.5968308e-03;2.5750000e+02;-4.2896606e-02;2.5750000e+02;-8.5518450e-02;2.5750000e+02;-1.3221514e-01;2.5750000e+02;-7.6133907e-02;2.5750000e+02;-5.8825284e-02;2.5750000e+02;-1.3046958e-02;2.5750000e+02;5.1937930e-02;2.5750000e+02;1.3168229e-01;2.5750000e+02;2.0683214e-01;2.5750000e+02;2.3549825e-01;2.5750000e+02;2.1545394e-01;2.5750000e+02;1.9050658e-01;2.5750000e+02;2.2938356e-01;2.5750000e+02;1.9575177e-01;2.5750000e+02;1.4548923e-01;2.5750000e+02;9.1351613e-02;2.5750000e+02;4.7091611e-02;2.5750000e+02;-1.5968308e-03;2.5750000e+02;-4.2896606e-02;2.5750000e+02;-8.5518450e-02;2.5750000e+02;-1.3221514e-01;2.5750000e+02;-7.6133907e-02;2.5750000e+02;-5.8825284e-02;2.5750000e+02;-1.3046958e-02;2.5750000e+02;5.1937930e-02;2.5750000e+02;1.3168229e-01;2.5750000e+02;2.0683214e-01;2.5750000e+02;2.3549825e-01;2.5750000e+02;2.1545394e-01;2.5750000e+02;1.9050658e-01;2.5750000e+02;2.2938356e-01;2.5750000e+02;1.9575177e-01;2.5750000e+02;1.4548923e-01;2.5750000e+02;9.1351613e-02;2.5750000e+02;4.7091611e-02;2.5750000e+02;-1.5968308e-03;2.5750000e+02;-4.2896606e-02;2.5750000e+02;-8.5518450e-02;2.5750000e+02;-1.3221514e-01;2.5750000e+02;-7.6133907e-02;2.5750000e+02;-5.8825284e-02;2.5750000e+02;-1.3046958e-02;2.5750000e+02;5.1937930e-02;2.5750000e+02;1.3168229e-01;2.5750000e+02;2.0683214e-01;2.5750000e+02;2.3549825e-01;2.5750000e+02;2.1545394e-01;2.5750000e+02;1.9050658e-01;2.5750000e+02;2.2938356e-01;2.5750000e+02;1.9575177e-01;2.5750000e+02;1.4548923e-01;2.5750000e+02;9.1351613e-02;2.5750000e+02;4.7091611e-02;2.5750000e+02;-1.5968308e-03;2.5750000e+02;-4.2896606e-02;2.5750000e+02;-8.5518450e-02;2.5750000e+02;-1.3221514e-01;2.5750000e+02;-7.6133907e-02;2.5750000e+02;-5.8825284e-02;2.5750000e+02;-1.3046958e-02;2.5750000e+02;5.1937930e-02;2.5750000e+02;1.3168229e-01;2.5750000e+02;2.0683214e-01;2.5750000e+02;2.3549825e-01;2.5750000e+02;2.1545394e-01;2.5750000e+02;1.9050658e-01;2.5750000e+02;2.2938356e-01;2.5750000e+02;1.9575177e-01;2.5750000e+02;1.4548923e-01;2.5750000e+02;9.1351613e-02;2.5750000e+02;4.7091611e-02;2.5750000e+02;-1.5968308e-03;2.5750000e+02;-4.2896606e-02;2.5750000e+02;-8.5518450e-02;2.5750000e+02;-1.3221514e-01;2.5750000e+02;-7.6133907e-02;2.5750000e+02;-5.8825284e-02;2.5750000e+02;-1.3046958e-02;2.5750000e+02;5.1937930e-02;2.5750000e+02;1.3168229e-01;2.5750000e+02;2.0683214e-01;2.5750000e+02;2.3549825e-01;2.5750000e+02;2.1545394e-01;2.5750000e+02;1.9050658e-01;2.5750000e+02;2.2938356e-01;2.5750000e+02;1.9575177e-01;2.5750000e+02;1.4548923e-01;2.5750000e+02;9.1351613e-02;2.5750000e+02;4.7091611e-02;2.5750000e+02;-1.5968308e-03;2.5750000e+02;-4.2896606e-02;2.5750000e+02;-8.5518450e-02;2.5750000e+02;-1.3221514e-01;2.5750000e+02;-7.6133907e-02;2.5750000e+02;-5.8825284e-02;2.5750000e+02;-1.3046958e-02;2.5750000e+02;5.1937930e-02;2.5750000e+02;1.3168229e-01;2.5750000e+02;2.0683214e-01;2.5750000e+02;2.3549825e-01;2.5750000e+02;2.1545394e-01;2.5750000e+02;1.9050658e-01;2.5750000e+02;2.2938356e-01;2.5750000e+02;1.9575177e-01;2.5750000e+02;1.4548923e-01;2.5750000e+02;9.1351613e-02;2.5750000e+02;4.7091611e-02;2.5750000e+02;-1.5968308e-03;2.5750000e+02;-4.2896606e-02;2.5750000e+02;-8.5518450e-02;2.5750000e+02;-1.3221514e-01;2.5750000e+02;-7.6133907e-02;2.5750000e+02;-5.8825284e-02;2.5750000e+02;-1.3046958e-02;2.5750000e+02;5.1937930e-02;2.5750000e+02;1.3168229e-01;2.5750000e+02;2.0683214e-01;2.5750000e+02;2.3549825e-01;2.5750000e+02;2.1545394e-01;2.5750000e+02;1.9050658e-01;2.5750000e+02;2.2938356e-01;2.5750000e+02;1.9575177e-01;2.5750000e+02;1.4548923e-01;2.5750000e+02;9.1351613e-02;2.5750000e+02;4.7091611e-02;2.5750000e+02;-1.5968308e-03;2.5750000e+02;-4.2896606e-02;2.5750000e+02;-8.5518450e-02;2.5750000e+02;-1.3221514e-01;2.5750000e+02;-7.6133907e-02;2.5750000e+02;-5.8825284e-02;2.5750000e+02;-1.3046958e-02;2.5750000e+02;5.1937930e-02;2.5750000e+02;1.3168229e-01;2.5750000e+02;2.0683214e-01;2.5750000e+02;2.3549825e-01;2.5750000e+02;2.1545394e-01;2.5750000e+02;1.9050658e-01;2.5750000e+02;2.2938356e-01;2.5750000e+02;1.9575177e-01;2.5750000e+02;1.4548923e-01;2.5750000e+02;9.1351613e-02;2.5750000e+02;4.7091611e-02;2.5750000e+02;-1.5968308e-03;2.5750000e+02;-4.2896606e-02;2.5750000e+02;-8.5518450e-02;2.5750000e+02;-1.3221514e-01;2.5750000e+02;-7.6133907e-02;2.5750000e+02;-5.8825284e-02;2.5750000e+02;-1.3046958e-02;2.5750000e+02;5.1937930e-02;2.5750000e+02;1.3168229e-01;2.5750000e+02;2.0683214e-01;2.5750000e+02;2.3549825e-01;2.5750000e+02;2.1545394e-01;2.5750000e+02;1.9050658e-01;2.5750000e+02;2.2938356e-01;2.5750000e+02;1.9575177e-01;2.5750000e+02;1.4548923e-01;2.5750000e+02;9.1351613e-02;2.5750000e+02;4.7091611e-02;2.5750000e+02;-1.5968308e-03;2.5750000e+02;-4.2896606e-02;2.5750000e+02;-8.5518450e-02;2.5750000e+02;-1.3221514e-01;2.5750000e+02;-7.6133907e-02;2.5750000e+02;-5.8825284e-02;2.5750000e+02;-1.3046958e-02;2.5750000e+02;5.1937930e-02;2.5750000e+02;1.3168229e-01;2.5750000e+02;2.0683214e-01;2.5750000e+02;2.3549825e-01;2.5750000e+02;2.1545394e-01;2.5750000e+02;1.9050658e-01;2.5750000e+02;2.2938356e-01;2.5750000e+02;1.9575177e-01;2.5750000e+02;1.4548923e-01;2.5750000e+02;9.1351613e-02;2.5750000e+02;4.7091611e-02;2.5750000e+02;-1.5968308e-03;2.5750000e+02;-4.2896606e-02;2.5750000e+02;-8.5518450e-02;2.5750000e+02;-1.3221514e-01;2.5750000e+02;-7.6133907e-02;2.5750000e+02;-5.8825284e-02;2.5750000e+02;-1.3046958e-02;2.5750000e+02;5.1937930e-02;2.5750000e+02;1.3168229e-01;2.5750000e+02;2.0683214e-01;2.5750000e+02;2.3549825e-01;2.5750000e+02;2.1545394e-01;2.5750000e+02;1.9050658e-01;2.5750000e+02;2.2938356e-01;2.5750000e+02;1.9575177e-01;2.5750000e+02;1.4548923e-01;2.5750000e+02;9.1351613e-02;2.5750000e+02;4.7091611e-02;2.5750000e+02;-1.5968308e-03;2.5750000e+02;-4.2896606e-02;2.5750000e+02;-8.5518450e-02;2.5750000e+02;-1.3221514e-01;2.5750000e+02;-7.6133907e-02;2.5750000e+02;-5.8825284e-02;2.5750000e+02;-1.3046958e-02;2.5750000e+02;5.1937930e-02;2.5750000e+02;1.3168229e-01;2.5750000e+02;2.0683214e-01;2.5750000e+02;2.3549825e-01;2.5750000e+02;2.1545394e-01;2.5750000e+02;1.9050658e-01;2.5750000e+02;2.2938356e-01;2.5750000e+02;1.9575177e-01;2.5750000e+02;1.4548923e-01;2.5750000e+02;9.1351613e-02;2.5750000e+02;4.7091611e-02;2.5750000e+02;-1.5968308e-03;2.5750000e+02;-4.2896606e-02;2.5750000e+02;-8.5518450e-02;2.5750000e+02;-1.3221514e-01;2.5750000e+02;-7.6133907e-02;2.5750000e+02;-5.8825284e-02;2.5750000e+02;-1.3046958e-02;2.5750000e+02;5.1937930e-02;2.5750000e+02;1.3168229e-01;2.5750000e+02;2.0683214e-01;2.5750000e+02;2.3549825e-01;2.5750000e+02;2.1545394e-01;2.5750000e+02;1.9050658e-01;2.5750000e+02;2.2938356e-01;2.5750000e+02;1.9575177e-01;2.5750000e+02;1.4548923e-01;2.5750000e+02;9.1351613e-02;2.5750000e+02;4.7091611e-02;2.5750000e+02;-1.5968308e-03;2.5750000e+02;-4.2896606e-02;2.5750000e+02;-8.5518450e-02;2.5750000e+02;-1.3221514e-01;2.5750000e+02;-7.6133907e-02;2.5750000e+02;-5.8825284e-02;2.5750000e+02;-1.3046958e-02;2.5750000e+02;5.1937930e-02;2.5750000e+02;1.3168229e-01;2.5750000e+02;2.0683214e-01;2.5750000e+02;2.3549825e-01;2.5750000e+02;2.1545394e-01;2.5750000e+02;1.9050658e-01;2.5750000e+02;2.2938356e-01;2.5750000e+02;1.9575177e-01;2.5750000e+02;1.4548923e-01;2.5750000e+02;9.1351613e-02;2.5750000e+02;4.7091611e-02;2.5750000e+02;-1.5968308e-03;2.5750000e+02;-4.2896606e-02;2.5750000e+02;-8.5518450e-02;2.5750000e+02;-1.3221514e-01;2.5750000e+02;-7.6133907e-02;2.5750000e+02;-5.8825284e-02;2.5750000e+02;-1.3046958e-02;2.5750000e+02;5.1937930e-02;2.5750000e+02;1.3168229e-01;2.5750000e+02;2.0683214e-01;2.5750000e+02;2.3549825e-01;2.5750000e+02;2.1545394e-01;2.5750000e+02;1.9050658e-01;2.5750000e+02;2.2938356e-01;2.5750000e+02;1.9575177e-01;2.5750000e+02;1.4548923e-01;2.5750000e+02;9.1351613e-02;2.5750000e+02;4.7091611e-02;2.5750000e+02;-1.5968308e-03;2.5750000e+02;-4.2896606e-02;2.5750000e+02;-8.5518450e-02;2.5750000e+02;-1.3221514e-01;2.5750000e+02;-7.6133907e-02;2.5750000e+02;-5.8825284e-02;2.5750000e+02;-1.3046958e-02;2.5750000e+02;5.1937930e-02;2.5750000e+02;1.3168229e-01;2.5750000e+02;2.0683214e-01;2.5750000e+02;2.3549825e-01;2.5750000e+02;2.1545394e-01;2.5750000e+02;1.9050658e-01;2.5750000e+02;2.2938356e-01;2.5750000e+02;1.9575177e-01;2.5750000e+02;1.4548923e-01;2.5750000e+02;9.1351613e-02;2.5750000e+02;4.7091611e-02;2.5750000e+02;-1.5968308e-03;2.5750000e+02;-4.2896606e-02;2.5750000e+02;-8.5518450e-02;2.5750000e+02;-1.3221514e-01;2.5750000e+02;-7.6133907e-02;2.5750000e+02;-5.8825284e-02;2.5750000e+02;-1.3046958e-02;2.5750000e+02;5.1937930e-02;2.5750000e+02;1.3168229e-01;2.5750000e+02;2.0683214e-01;2.5750000e+02;2.3549825e-01;2.5750000e+02;2.1545394e-01;2.5750000e+02;1.9050658e-01;2.5750000e+02;2.2938356e-01;2.5750000e+02;1.9575177e-01;2.5750000e+02;1.4548923e-01;2.5750000e+02;9.1351613e-02;2.5750000e+02;4.7091611e-02;2.5750000e+02;-1.5968308e-03;2.5750000e+02;-4.2896606e-02;2.5750000e+02;-8.5518450e-02;2.5750000e+02;-1.3221514e-01;2.5750000e+02;-7.6133907e-02;2.5750000e+02;-5.8825284e-02;2.5750000e+02;-1.3046958e-02;2.5750000e+02;5.1937930e-02;2.5750000e+02;1.3168229e-01;2.5750000e+02;2.0683214e-01;2.5750000e+02;2.3549825e-01;2.5750000e+02;2.1545394e-01;2.5750000e+02;1.9050658e-01;2.5750000e+02;2.2938356e-01;2.5750000e+02;1.9575177e-01;2.5750000e+02;1.4548923e-01;2.5750000e+02;9.1351613e-02;2.5750000e+02;4.7091611e-02;2.5750000e+02;-1.5968308e-03;2.5750000e+02;-4.2896606e-02;2.5750000e+02;-8.5518450e-02;2.5750000e+02;-1.3221514e-01;2.5750000e+02;-7.6133907e-02;2.5750000e+02;-5.8825284e-02;2.5750000e+02;-1.3046958e-02;2.5750000e+02;5.1937930e-02;2.5750000e+02;1.3168229e-01;2.5750000e+02;2.0683214e-01;2.5750000e+02;2.3549825e-01;2.5750000e+02;2.1545394e-01;2.5750000e+02;1.9050658e-01;2.5750000e+02;2.2938356e-01;2.5750000e+02;1.9575177e-01;2.5750000e+02;1.4548923e-01;2.5750000e+02;9.1351613e-02;2.5750000e+02;4.7091611e-02;2.5750000e+02;-1.5968308e-03;2.5750000e+02;-4.2896606e-02;2.5750000e+02;-8.5518450e-02;2.5750000e+02;-1.3221514e-01;2.5750000e+02;-7.6133907e-02;2.5750000e+02;-5.8825284e-02;2.5750000e+02;-1.3046958e-02;2.5750000e+02;5.1937930e-02;2.5750000e+02;1.3168229e-01;2.5750000e+02;2.0683214e-01;2.5750000e+02;2.3549825e-01;2.5750000e+02;2.1545394e-01;2.5750000e+02;1.9050658e-01;2.5750000e+02;2.2938356e-01;2.5750000e+02;1.9575177e-01;2.5750000e+02;1.4548923e-01;2.5750000e+02;9.1351613e-02;2.5750000e+02;4.7091611e-02;2.5750000e+02;-1.5968308e-03;2.5750000e+02;-4.2896606e-02;2.5750000e+02;-8.5518450e-02;2.5750000e+02;-1.3221514e-01;2.5750000e+02;-7.6133907e-02;2.5750000e+02;-5.8825284e-02;2.5750000e+02;-1.3046958e-02;2.5750000e+02;5.1937930e-02;2.5750000e+02;1.3168229e-01;2.5750000e+02;2.0683214e-01;2.5750000e+02;2.3549825e-01;2.5750000e+02;2.1545394e-01;2.5750000e+02;1.9050658e-01;2.5750000e+02;2.2938356e-01;2.5750000e+02;1.9575177e-01;2.5750000e+02;1.4548923e-01;2.5750000e+02;9.1351613e-02;2.5750000e+02;4.7091611e-02;2.5750000e+02;-1.5968308e-03;2.5750000e+02;-4.2896606e-02;2.5750000e+02;-8.5518450e-02;2.5750000e+02;-1.3221514e-01;2.5750000e+02;-7.6133907e-02;2.5750000e+02;-5.8825284e-02;2.5750000e+02;-1.3046958e-02;2.5750000e+02;5.1937930e-02;2.5750000e+02;1.3168229e-01;2.5750000e+02;2.0683214e-01;2.5750000e+02;2.3549825e-01;2.5750000e+02;2.1545394e-01;2.5750000e+02;1.9050658e-01;2.5750000e+02;2.2938356e-01;2.5750000e+02;1.9575177e-01;2.5750000e+02;1.4548923e-01;2.5750000e+02;9.1351613e-02;2.5750000e+02;4.7091611e-02;2.5750000e+02;-1.5968308e-03;2.5750000e+02;-4.2896606e-02;2.5750000e+02;-8.5518450e-02;2.5750000e+02;-1.3221514e-01;2.5750000e+02;-7.6133907e-02;2.5750000e+02;-5.8825284e-02;2.5750000e+02;-1.3046958e-02;2.5750000e+02;5.1937930e-02;2.5750000e+02;1.3168229e-01;2.5750000e+02;2.0683214e-01;2.5750000e+02;2.3549825e-01;2.5750000e+02;2.1545394e-01;2.5750000e+02;1.9050658e-01;2.5750000e+02;2.2938356e-01;2.5750000e+02;1.9575177e-01;2.5750000e+02;1.4548923e-01;2.5750000e+02;9.1351613e-02;2.5750000e+02;4.7091611e-02;2.5750000e+02;-1.5968308e-03;2.5750000e+02;-4.2896606e-02;2.5750000e+02;-8.5518450e-02;2.5750000e+02;-1.3221514e-01;2.5750000e+02;-7.6133907e-02;2.5750000e+02;-5.8825284e-02;2.5750000e+02;-1.3046958e-02;2.5750000e+02;5.1937930e-02;2.5750000e+02;1.3168229e-01;2.5750000e+02;2.0683214e-01;2.5750000e+02;2.3549825e-01;2.5750000e+02;2.1545394e-01;2.5750000e+02;1.9050658e-01;2.5750000e+02;2.2938356e-01;2.5750000e+02;1.9575177e-01;2.5750000e+02;1.4548923e-01;2.5750000e+02;9.1351613e-02;2.5750000e+02;4.7091611e-02;2.5750000e+02;-1.5968308e-03;2.5750000e+02;-4.2896606e-02;2.5750000e+02;-8.5518450e-02;2.5750000e+02;-1.3221514e-01;2.5750000e+02;-7.6133907e-02;2.5750000e+02;-5.8825284e-02;2.5750000e+02;-1.3046958e-02;2.5750000e+02;5.1937930e-02;2.5750000e+02;1.3168229e-01;2.5750000e+02;2.0683214e-01;2.5750000e+02;2.3549825e-01;2.5750000e+02;2.1545394e-01;2.5750000e+02;1.9050658e-01;2.5750000e+02;2.2938356e-01;2.5750000e+02;1.9575177e-01;2.5750000e+02;1.4548923e-01;2.5750000e+02;9.1351613e-02;2.5750000e+02;4.7091611e-02;2.5750000e+02;-1.5968308e-03;2.5750000e+02;-4.2896606e-02;2.5750000e+02;-8.5518450e-02;2.5750000e+02;-1.3221514e-01;2.5750000e+02;-7.6133907e-02;2.5750000e+02;-5.8825284e-02;2.5750000e+02;-1.3046958e-02;2.5750000e+02;5.1937930e-02;2.5750000e+02;1.3168229e-01;2.5750000e+02;2.0683214e-01;2.5750000e+02;2.3549825e-01;2.5750000e+02;2.1545394e-01;2.5750000e+02;1.9050658e-01;2.5750000e+02;2.2938356e-01;2.5750000e+02;1.9575177e-01;2.5750000e+02;1.4548923e-01;2.5750000e+02;9.1351613e-02;2.5750000e+02;4.7091611e-02;2.5750000e+02;-1.5968308e-03;2.5750000e+02;-4.2896606e-02;2.5750000e+02;-8.5518450e-02;2.5750000e+02;-1.3221514e-01;2.5750000e+02;-7.6133907e-02;2.5750000e+02;-5.8825284e-02;2.5750000e+02;-1.3046958e-02;2.5750000e+02;5.1937930e-02;2.5750000e+02;1.3168229e-01;2.5750000e+02;2.0683214e-01;2.5750000e+02;2.3549825e-01;2.5750000e+02;2.1545394e-01;2.5750000e+02;1.9050658e-01;2.5750000e+02;2.2938356e-01;2.5750000e+02;1.9575177e-01;2.5750000e+02;1.4548923e-01;2.5750000e+02;9.1351613e-02;2.5750000e+02;4.7091611e-02;2.5750000e+02;-1.5968308e-03;2.5750000e+02;-4.2896606e-02;2.5750000e+02;-8.5518450e-02;2.5750000e+02;-1.3221514e-01;2.5750000e+02;-7.6133907e-02;2.5750000e+02;-5.8825284e-02;2.5750000e+02;-1.3046958e-02;2.5750000e+02;5.1937930e-02;2.5750000e+02;1.3168229e-01;2.5750000e+02;2.0683214e-01;2.5750000e+02;2.3549825e-01;2.5750000e+02;2.1545394e-01;2.5750000e+02;1.9050658e-01;2.5750000e+02;2.2938356e-01;2.5750000e+02;1.9575177e-01;2.5750000e+02;1.4548923e-01;2.5750000e+02;9.1351613e-02;2.5750000e+02;4.7091611e-02;2.5750000e+02;-1.5968308e-03;2.5750000e+02;-4.2896606e-02;2.5750000e+02;-8.5518450e-02;2.5750000e+02;-1.3221514e-01;2.5750000e+02;-7.6133907e-02;2.5750000e+02;-5.8825284e-02;2.5750000e+02;-1.3046958e-02;2.5750000e+02;5.1937930e-02;2.5750000e+02;1.3168229e-01;2.5750000e+02;2.0683214e-01;2.5750000e+02;2.3549825e-01;2.5750000e+02;2.1545394e-01;2.5750000e+02;1.9050658e-01;2.5750000e+02;2.2938356e-01;2.5750000e+02;1.9575177e-01;2.5750000e+02;1.4548923e-01;2.5750000e+02;9.1351613e-02;2.5750000e+02;4.7091611e-02;2.5750000e+02;-1.5968308e-03;2.5750000e+02;-4.2896606e-02;2.5750000e+02;-8.5518450e-02;2.5750000e+02;-1.3221514e-01;2.5750000e+02;-7.6133907e-02;2.5750000e+02;-5.8825284e-02;2.5750000e+02;-1.3046958e-02;2.5750000e+02;5.1937930e-02;2.5750000e+02;1.3168229e-01;2.5750000e+02;2.0683214e-01;2.5750000e+02;2.3549825e-01;2.5750000e+02;2.1545394e-01;2.5750000e+02;1.9050658e-01;2.5750000e+02;2.2938356e-01;2.5750000e+02;1.9575177e-01;2.5750000e+02;1.4548923e-01;2.5750000e+02;9.1351613e-02;2.5750000e+02;4.7091611e-02;2.5750000e+02;-1.5968308e-03;2.5750000e+02;-4.2896606e-02;2.5750000e+02;-8.5518450e-02;2.5750000e+02;-1.3221514e-01;2.5750000e+02;-7.6133907e-02;2.5750000e+02;-5.8825284e-02;2.5750000e+02;-1.3046958e-02;2.5750000e+02;5.1937930e-02;2.5750000e+02;1.3168229e-01;2.5750000e+02;2.0683214e-01;2.5750000e+02;2.3549825e-01;2.5750000e+02;2.1545394e-01;2.5750000e+02;1.9050658e-01;2.5750000e+02;2.2938356e-01;2.5750000e+02;1.9575177e-01;2.5750000e+02;1.4548923e-01;2.5750000e+02;9.1351613e-02;2.5750000e+02;4.7091611e-02;2.5750000e+02;-1.5968308e-03;2.5750000e+02;-4.2896606e-02;2.5750000e+02;-8.5518450e-02;2.5750000e+02;-1.3221514e-01;2.5750000e+02;-7.6133907e-02;2.5750000e+02;-5.8825284e-02;2.5750000e+02;-1.3046958e-02;2.5750000e+02;5.1937930e-02;2.5750000e+02;1.3168229e-01;2.5750000e+02;2.0683214e-01;2.5750000e+02;2.3549825e-01;2.5750000e+02;2.1545394e-01;2.5750000e+02;1.9050658e-01;2.5750000e+02;2.2938356e-01;2.5750000e+02;1.9575177e-01;2.5750000e+02;1.4548923e-01;2.5750000e+02;9.1351613e-02;2.5750000e+02;4.7091611e-02;2.5750000e+02;-1.5968308e-03;2.5750000e+02;-4.2896606e-02;2.5750000e+02;-8.5518450e-02;2.5750000e+02;-1.3221514e-01;2.5750000e+02;-7.6133907e-02;2.5750000e+02;-5.8825284e-02;2.5750000e+02;-1.3046958e-02;2.5750000e+02;5.1937930e-02;2.5750000e+02;1.3168229e-01;2.5750000e+02;2.0683214e-01;2.5750000e+02;2.3549825e-01;2.5750000e+02;2.1545394e-01;2.5750000e+02;1.9050658e-01;2.5750000e+02;2.2938356e-01;2.5750000e+02;1.9575177e-01;2.5750000e+02;1.4548923e-01;2.5750000e+02;9.1351613e-02;2.5750000e+02;4.7091611e-02;2.5750000e+02;-1.5968308e-03;2.5750000e+02;-4.2896606e-02;2.5750000e+02;-8.5518450e-02;2.5750000e+02;-1.3221514e-01;2.5750000e+02;-7.6133907e-02;2.5750000e+02;-5.8825284e-02;2.5750000e+02;-1.3046958e-02;2.5750000e+02;5.1937930e-02;2.5750000e+02;1.3168229e-01;2.5750000e+02;2.0683214e-01;2.5750000e+02;2.3549825e-01;2.5750000e+02;2.1545394e-01;2.5750000e+02;1.9050658e-01;2.5750000e+02;2.2938356e-01;2.5750000e+02;1.9575177e-01;2.5750000e+02;1.4548923e-01;2.5750000e+02;9.1351613e-02;2.5750000e+02;4.7091611e-02;2.5750000e+02;-1.5968308e-03;2.5750000e+02;-4.2896606e-02;2.5750000e+02;-8.5518450e-02;2.5750000e+02;-1.3221514e-01;2.5750000e+02;-7.6133907e-02;2.5750000e+02;-5.8825284e-02;2.5750000e+02;-1.3046958e-02;2.5750000e+02;5.1937930e-02;2.5750000e+02;1.3168229e-01;2.5750000e+02;2.0683214e-01;2.5750000e+02;2.3549825e-01;2.5750000e+02;2.1545394e-01;2.5750000e+02;1.9050658e-01;2.5750000e+02;2.2938356e-01;2.5750000e+02;1.9575177e-01;2.5750000e+02;1.4548923e-01;2.5750000e+02;9.1351613e-02;2.5750000e+02;4.7091611e-02;2.5750000e+02;-1.5968308e-03;2.5750000e+02;-4.2896606e-02;2.5750000e+02;-8.5518450e-02;2.5750000e+02;-1.3221514e-01;2.5750000e+02;-7.6133907e-02;2.5750000e+02;-5.8825284e-02;2.5750000e+02;-1.3046958e-02;2.5750000e+02;5.1937930e-02;2.5750000e+02;1.3168229e-01;2.5750000e+02;2.0683214e-01;2.5750000e+02;2.3549825e-01;2.5750000e+02;2.1545394e-01;2.5750000e+02;1.9050658e-01;2.5750000e+02;2.2938356e-01;2.5750000e+02;1.9575177e-01;2.5750000e+02;1.4548923e-01;2.5750000e+02;9.1351613e-02;2.5750000e+02;4.7091611e-02;2.5750000e+02;-1.5968308e-03;2.5750000e+02;-4.2896606e-02;2.5750000e+02;-8.5518450e-02;2.5750000e+02;-1.3221514e-01;2.5750000e+02;-7.6133907e-02;2.5750000e+02;-5.8825284e-02;2.5750000e+02;-1.3046958e-02;2.5750000e+02;5.1937930e-02;2.5750000e+02;1.3168229e-01;2.5750000e+02;2.0683214e-01;2.5750000e+02;2.3549825e-01;2.5750000e+02;2.1545394e-01;2.5750000e+02;1.9050658e-01;2.5750000e+02;2.2938356e-01;2.5750000e+02;1.9575177e-01;2.5750000e+02;1.4548923e-01;2.5750000e+02;9.1351613e-02;2.5750000e+02;4.7091611e-02;2.5750000e+02;-1.5968308e-03;2.5750000e+02;-4.2896606e-02;2.5750000e+02;-8.5518450e-02;2.5750000e+02;-1.3221514e-01;2.5750000e+02;-7.6133907e-02;2.5750000e+02;-5.8825284e-02;2.5750000e+02;-1.3046958e-02;2.5750000e+02;5.1937930e-02;2.5750000e+02;1.3168229e-01;2.5750000e+02;2.0683214e-01;2.5750000e+02;2.3549825e-01;2.5750000e+02;2.1545394e-01;2.5750000e+02;1.9050658e-01;2.5750000e+02;2.2938356e-01;2.5750000e+02;1.9575177e-01;2.5750000e+02;1.4548923e-01;2.5750000e+02;9.1351613e-02;2.5750000e+02;4.7091611e-02;2.5750000e+02;-1.5968308e-03;2.5750000e+02;-4.2896606e-02;2.5750000e+02;-8.5518450e-02;2.5750000e+02;-1.3221514e-01;2.5750000e+02;-7.6133907e-02;2.5750000e+02;-5.8825284e-02;2.5750000e+02;-1.3046958e-02;2.5750000e+02;5.1937930e-02;2.5750000e+02;1.3168229e-01;2.5750000e+02;2.0683214e-01;2.5750000e+02;2.3549825e-01;2.5750000e+02;2.1545394e-01;2.5750000e+02;1.9050658e-01;2.5750000e+02;2.2938356e-01;2.5750000e+02;1.9575177e-01;2.5750000e+02;1.4548923e-01;2.5750000e+02;9.1351613e-02;2.5750000e+02;4.7091611e-02;2.5750000e+02;-1.5968308e-03;2.5750000e+02;-4.2896606e-02;2.5750000e+02;-8.5518450e-02;2.5750000e+02;-1.3221514e-01;2.5750000e+02;-7.6133907e-02;2.5750000e+02;-5.8825284e-02;2.5750000e+02;-1.3046958e-02;2.5750000e+02;5.1937930e-02;2.5750000e+02;1.3168229e-01;2.5750000e+02;2.0683214e-01;2.5750000e+02;2.3549825e-01;2.5750000e+02;2.1545394e-01;2.5750000e+02;1.9050658e-01;2.5750000e+02;2.2938356e-01;2.5750000e+02;1.9575177e-01;2.5750000e+02;1.4548923e-01;2.5750000e+02;9.1351613e-02;2.5750000e+02;4.7091611e-02;2.5750000e+02;-1.5968308e-03;2.5750000e+02;-4.2896606e-02;2.5750000e+02;-8.5518450e-02;2.5750000e+02;-1.3221514e-01;2.5750000e+02;-7.6133907e-02;2.5750000e+02;-5.8825284e-02;2.5750000e+02;-1.3046958e-02;2.5750000e+02;5.1937930e-02;2.5750000e+02;1.3168229e-01;2.5750000e+02;2.0683214e-01;2.5750000e+02;2.3549825e-01;2.5750000e+02;2.1545394e-01;2.5750000e+02;1.9050658e-01;2.5750000e+02;2.2938356e-01;2.5750000e+02;1.9575177e-01;2.5750000e+02;1.4548923e-01;2.5750000e+02;9.1351613e-02;2.5750000e+02;4.7091611e-02;2.5750000e+02;-1.5968308e-03;2.5750000e+02;-4.2896606e-02;2.5750000e+02;-8.5518450e-02;2.5750000e+02;-1.3221514e-01;2.5750000e+02;-7.6133907e-02;2.5750000e+02;-5.8825284e-02;2.5750000e+02;-1.3046958e-02;2.5750000e+02;5.1937930e-02;2.5750000e+02;1.3168229e-01;2.5750000e+02;2.0683214e-01;2.5750000e+02;2.3549825e-01;2.5750000e+02;2.1545394e-01;2.5750000e+02;1.9050658e-01;2.5750000e+02;2.2938356e-01;2.5750000e+02;1.9575177e-01;2.5750000e+02;1.4548923e-01;2.5750000e+02;9.1351613e-02;2.5750000e+02;4.7091611e-02;2.5750000e+02;-1.5968308e-03;2.5750000e+02;-4.2896606e-02;2.5750000e+02;-8.5518450e-02;2.5750000e+02;-1.3221514e-01;2.5750000e+02;-7.6133907e-02;2.5750000e+02;-5.8825284e-02;2.5750000e+02;-1.3046958e-02;2.5750000e+02;5.1937930e-02;2.5750000e+02;1.3168229e-01;2.5750000e+02;2.0683214e-01;2.5750000e+02;2.3549825e-01;2.5750000e+02;2.1545394e-01;2.5750000e+02;1.9050658e-01;2.5750000e+02;2.2938356e-01;2.5750000e+02;1.9575177e-01;2.5750000e+02;1.4548923e-01;2.5750000e+02;9.1351613e-02;2.5750000e+02;4.7091611e-02;2.5750000e+02;-1.5968308e-03;2.5750000e+02;-4.2896606e-02;2.5750000e+02;-8.5518450e-02;2.5750000e+02;-1.3221514e-01;2.5750000e+02;-7.6133907e-02;2.5750000e+02;-5.8825284e-02;2.5750000e+02;-1.3046958e-02;2.5750000e+02;5.1937930e-02;2.5750000e+02;1.3168229e-01;2.5750000e+02;2.0683214e-01;2.5750000e+02;2.3549825e-01;2.5750000e+02;2.1545394e-01;2.5750000e+02;1.9050658e-01;2.5750000e+02;2.2938356e-01;2.5750000e+02;1.9575177e-01;2.5750000e+02;1.4548923e-01;2.5750000e+02;9.1351613e-02;2.5750000e+02;4.7091611e-02;2.5750000e+02;-1.5968308e-03;2.5750000e+02;-4.2896606e-02;2.5750000e+02;-8.5518450e-02;2.5750000e+02;-1.3221514e-01;2.5750000e+02;-7.6133907e-02;2.5750000e+02;-5.8825284e-02;2.5750000e+02;-1.3046958e-02;2.5750000e+02;5.1937930e-02;2.5750000e+02;1.3168229e-01;2.5750000e+02;2.0683214e-01;2.5750000e+02;2.3549825e-01;2.5750000e+02;2.1545394e-01;2.5750000e+02;1.9050658e-01;2.5750000e+02;2.2938356e-01;2.5750000e+02;1.9575177e-01;2.5750000e+02;1.4548923e-01;2.5750000e+02;9.1351613e-02;2.5750000e+02;4.7091611e-02;2.5750000e+02;-1.5968308e-03;2.5750000e+02;-4.2896606e-02;2.5750000e+02;-8.5518450e-02;2.5750000e+02;-1.3221514e-01;2.5750000e+02;-7.6133907e-02;2.5750000e+02;-5.8825284e-02;2.5750000e+02;-1.3046958e-02;2.5750000e+02;5.1937930e-02;2.5750000e+02;1.3168229e-01;2.5750000e+02;2.0683214e-01;2.5750000e+02;2.3549825e-01;2.5750000e+02;2.1545394e-01;2.5750000e+02;1.9050658e-01;2.5750000e+02;2.2938356e-01;2.5750000e+02;1.9575177e-01;2.5750000e+02;1.4548923e-01;2.5750000e+02;9.1351613e-02;2.5750000e+02;4.7091611e-02;2.5750000e+02;-1.5968308e-03;2.5750000e+02;-4.2896606e-02;2.5750000e+02;-8.5518450e-02;2.5750000e+02;-1.3221514e-01;2.5750000e+02;-7.6133907e-02;2.5750000e+02;-5.8825284e-02;2.5750000e+02;-1.3046958e-02;2.5750000e+02;5.1937930e-02;2.5750000e+02;1.3168229e-01;2.5750000e+02;2.0683214e-01;2.5750000e+02;2.3549825e-01;2.5750000e+02;2.1545394e-01;2.5750000e+02;1.9050658e-01;2.5750000e+02;2.2938356e-01;2.5750000e+02;1.9575177e-01;2.5750000e+02;1.4548923e-01;2.5750000e+02;9.1351613e-02;2.5750000e+02;4.7091611e-02;2.5750000e+02;-1.5968308e-03;2.5750000e+02;-4.2896606e-02;2.5750000e+02;-8.5518450e-02;2.5750000e+02;-1.3221514e-01;2.5750000e+02;-7.6133907e-02;2.5750000e+02;-5.8825284e-02;2.5750000e+02;-1.3046958e-02;2.5750000e+02;5.1937930e-02;2.5750000e+02;1.3168229e-01;2.5750000e+02;2.0683214e-01;2.5750000e+02;2.3549825e-01;2.5750000e+02;2.1545394e-01;2.5750000e+02;1.9050658e-01;2.5750000e+02;2.2938356e-01;2.5750000e+02;1.9575177e-01;2.5750000e+02;1.4548923e-01;2.5750000e+02;9.1351613e-02;2.5750000e+02;4.7091611e-02;2.5750000e+02;-1.5968308e-03;2.5750000e+02;-4.2896606e-02;2.5750000e+02;-8.5518450e-02;2.5750000e+02;-1.3221514e-01;2.5750000e+02;-7.6133907e-02;2.5750000e+02;-5.8825284e-02;2.5750000e+02;-1.3046958e-02;2.5750000e+02;5.1937930e-02;2.5750000e+02;1.3168229e-01;2.5750000e+02;2.0683214e-01;2.5750000e+02;2.3549825e-01;2.5750000e+02;2.1545394e-01;2.5750000e+02;1.9050658e-01;2.5750000e+02;2.2938356e-01;2.5750000e+02;1.9575177e-01;2.5750000e+02;1.4548923e-01;2.5750000e+02;9.1351613e-02;2.5750000e+02;4.7091611e-02;2.5750000e+02;-1.5968308e-03;2.5750000e+02;-4.2896606e-02;2.5750000e+02;-8.5518450e-02;2.5750000e+02;-1.3221514e-01;2.5750000e+02;-7.6133907e-02;2.5750000e+02;-5.8825284e-02;2.5750000e+02;-1.3046958e-02;2.5750000e+02;5.1937930e-02;2.5750000e+02;1.3168229e-01;2.5750000e+02;2.0683214e-01;2.5750000e+02;2.3549825e-01;2.5750000e+02;2.1545394e-01;2.5750000e+02;1.9050658e-01;2.5750000e+02;2.2938356e-01;2.5750000e+02;1.9575177e-01;2.5750000e+02;1.4548923e-01;2.5750000e+02;9.1351613e-02;2.5750000e+02;4.7091611e-02;2.5750000e+02;-1.5968308e-03;2.5750000e+02;-4.2896606e-02;2.5750000e+02;-8.5518450e-02;2.5750000e+02;-1.3221514e-01;2.5750000e+02;-7.6133907e-02;2.5750000e+02;-5.8825284e-02;2.5750000e+02;-1.3046958e-02;2.5750000e+02;5.1937930e-02;2.5750000e+02;1.3168229e-01;2.5750000e+02;2.0683214e-01;2.5750000e+02;2.3549825e-01;2.5750000e+02;2.1545394e-01;2.5750000e+02;1.9050658e-01;2.5750000e+02;2.2938356e-01;2.5750000e+02;1.9575177e-01;2.5750000e+02;1.4548923e-01;2.5750000e+02;9.1351613e-02;2.5750000e+02;4.7091611e-02;2.5750000e+02;-1.5968308e-03;2.5750000e+02;-4.2896606e-02;2.5750000e+02;-8.5518450e-02;2.5750000e+02;-1.3221514e-01;2.5750000e+02;-7.6133907e-02;2.5750000e+02;-5.8825284e-02;2.5750000e+02;-1.3046958e-02;2.5750000e+02;5.1937930e-02;2.5750000e+02;1.3168229e-01;2.5750000e+02;2.0683214e-01;2.5750000e+02;2.3549825e-01;2.5750000e+02;2.1545394e-01;2.5750000e+02;1.9050658e-01;2.5750000e+02;2.2938356e-01;2.5750000e+02;1.9575177e-01;2.5750000e+02;1.4548923e-01;2.5750000e+02;9.1351613e-02;2.5750000e+02;4.7091611e-02;2.5750000e+02;-1.5968308e-03;2.5750000e+02;-4.2896606e-02;2.5750000e+02;-8.5518450e-02;2.5750000e+02;-1.3221514e-01;2.5750000e+02;-7.6133907e-02;2.5750000e+02;-5.8825284e-02;2.5750000e+02;-1.3046958e-02;2.5750000e+02;5.1937930e-02;2.5750000e+02;1.3168229e-01;2.5750000e+02;2.0683214e-01;2.5750000e+02;2.3549825e-01;2.5750000e+02;2.1545394e-01;2.5750000e+02;1.9050658e-01;2.5750000e+02;2.2938356e-01;2.5750000e+02;1.9575177e-01;2.5750000e+02;1.4548923e-01;2.5750000e+02;9.1351613e-02;2.5750000e+02;4.7091611e-02;2.5750000e+02;-1.5968308e-03;2.5750000e+02;-4.2896606e-02;2.5750000e+02;-8.5518450e-02;2.5750000e+02;-1.3221514e-01;2.5750000e+02;-7.6133907e-02;2.5750000e+02;-5.8825284e-02;2.5750000e+02;-1.3046958e-02;2.5750000e+02;5.1937930e-02;2.5750000e+02;1.3168229e-01;2.5750000e+02;2.0683214e-01;2.5750000e+02;2.3549825e-01;2.5750000e+02;2.1545394e-01;2.5750000e+02;1.9050658e-01;2.5750000e+02;2.2938356e-01;2.5750000e+02;1.9575177e-01;2.5750000e+02;1.4548923e-01;2.5750000e+02;9.1351613e-02;2.5750000e+02;4.7091611e-02;2.5750000e+02;-1.5968308e-03;2.5750000e+02;-4.2896606e-02;2.5750000e+02;-8.5518450e-02;2.5750000e+02;-1.3221514e-01;2.5750000e+02;-7.6133907e-02;2.5750000e+02;-5.8825284e-02;2.5750000e+02;-1.3046958e-02;2.5750000e+02;5.1937930e-02;2.5750000e+02;1.3168229e-01;2.5750000e+02;2.0683214e-01;2.5750000e+02;2.3549825e-01;2.5750000e+02;2.1545394e-01;2.5750000e+02;1.9050658e-01;2.5750000e+02;2.2938356e-01;2.5750000e+02;1.9575177e-01;2.5750000e+02;1.4548923e-01;2.5750000e+02;9.1351613e-02;2.5750000e+02;4.7091611e-02;2.5750000e+02;-1.5968308e-03;2.5750000e+02;-4.2896606e-02;2.5750000e+02;-8.5518450e-02;2.5750000e+02;-1.3221514e-01;2.5750000e+02;-7.6133907e-02;2.5750000e+02;-5.8825284e-02;2.5750000e+02;-1.3046958e-02;2.5750000e+02;5.1937930e-02;2.5750000e+02;1.3168229e-01;2.5750000e+02;2.0683214e-01;2.5750000e+02;2.3549825e-01;2.5750000e+02;2.1545394e-01;2.5750000e+02;1.9050658e-01;2.5750000e+02;2.2938356e-01;2.5750000e+02;1.9575177e-01;2.5750000e+02;1.4548923e-01;2.5750000e+02;9.1351613e-02;2.5750000e+02;4.7091611e-02;2.5750000e+02;-1.5968308e-03;2.5750000e+02;-4.2896606e-02;2.5750000e+02;-8.5518450e-02;2.5750000e+02;-1.3221514e-01;2.5750000e+02;-7.6133907e-02;2.5750000e+02;-5.8825284e-02;2.5750000e+02;-1.3046958e-02;2.5750000e+02;5.1937930e-02;2.5750000e+02;1.3168229e-01;2.5750000e+02;2.0683214e-01;2.5750000e+02;2.3549825e-01;2.5750000e+02;2.1545394e-01;2.5750000e+02;1.9050658e-01;2.5750000e+02;2.2938356e-01;2.5750000e+02;1.9575177e-01;2.5750000e+02;1.4548923e-01;2.5750000e+02;9.1351613e-02;2.5750000e+02;4.7091611e-02;2.5750000e+02;-1.5968308e-03;2.5750000e+02;-4.2896606e-02;2.5750000e+02;-8.5518450e-02;2.5750000e+02;-1.3221514e-01;2.5750000e+02;-7.6133907e-02;2.5750000e+02;-5.8825284e-02;2.5750000e+02;-1.3046958e-02;2.5750000e+02;5.1937930e-02;2.5750000e+02;1.3168229e-01;2.5750000e+02;2.0683214e-01;2.5750000e+02;2.3549825e-01;2.5750000e+02;2.1545394e-01;2.5750000e+02;1.9050658e-01;2.5750000e+02;2.2938356e-01;2.5750000e+02;1.9575177e-01;2.5750000e+02;1.4548923e-01;2.5750000e+02;9.1351613e-02;2.5750000e+02;4.7091611e-02;2.5750000e+02;-1.5968308e-03;2.5750000e+02;-4.2896606e-02;2.5750000e+02;-8.5518450e-02;2.5750000e+02;-1.3221514e-01;2.5750000e+02;-7.6133907e-02;2.5750000e+02;-5.8825284e-02;2.5750000e+02;-1.3046958e-02;2.5750000e+02;5.1937930e-02;2.5750000e+02;1.3168229e-01;2.5750000e+02;2.0683214e-01;2.5750000e+02;2.3549825e-01;2.5750000e+02;2.1545394e-01;2.5750000e+02;1.9050658e-01;2.5750000e+02;2.2938356e-01;2.5750000e+02;1.9575177e-01;2.5750000e+02;1.4548923e-01;2.5750000e+02;9.1351613e-02;2.5750000e+02;4.7091611e-02;2.5750000e+02;-1.5968308e-03;2.5750000e+02;-4.2896606e-02;2.5750000e+02;-8.5518450e-02;2.5750000e+02;-1.3221514e-01;2.5750000e+02;-7.6133907e-02;2.5750000e+02;-5.8825284e-02;2.5750000e+02;-1.3046958e-02;2.5750000e+02;5.1937930e-02;2.5750000e+02;1.3168229e-01;2.5750000e+02;2.0683214e-01;2.5750000e+02;2.3549825e-01;2.5750000e+02;2.1545394e-01;2.5750000e+02;1.9050658e-01;2.5750000e+02;2.2938356e-01;2.5750000e+02;1.9575177e-01;2.5750000e+02;1.4548923e-01;2.5750000e+02;9.1351613e-02;2.5750000e+02;4.7091611e-02;2.5750000e+02;-1.5968308e-03;2.5750000e+02;-4.2896606e-02;2.5750000e+02;-8.5518450e-02;2.5750000e+02;-1.3221514e-01;2.5750000e+02;-7.6133907e-02;2.5750000e+02;-5.8825284e-02;2.5750000e+02;-1.3046958e-02;2.5750000e+02;5.1937930e-02;2.5750000e+02;1.3168229e-01;2.5750000e+02;2.0683214e-01;2.5750000e+02;2.3549825e-01;2.5750000e+02;2.1545394e-01;2.5750000e+02;1.9050658e-01;2.5750000e+02;2.2938356e-01;2.5750000e+02;1.9575177e-01;2.5750000e+02;1.4548923e-01;2.5750000e+02;9.1351613e-02;2.5750000e+02;4.7091611e-02;2.5750000e+02;-1.5968308e-03;2.5750000e+02;-4.2896606e-02;2.5750000e+02;-8.5518450e-02;2.5750000e+02;-1.3221514e-01;2.5750000e+02;-7.6133907e-02;2.5750000e+02;-5.8825284e-02;2.5750000e+02;-1.3046958e-02;2.5750000e+02;5.1937930e-02;2.5750000e+02;1.3168229e-01;2.5750000e+02;2.0683214e-01;2.5750000e+02;2.3549825e-01;2.5750000e+02;2.1545394e-01;2.5750000e+02;1.9050658e-01;2.5750000e+02;2.2938356e-01;2.5750000e+02;1.9575177e-01;2.5750000e+02;1.4548923e-01;2.5750000e+02;9.1351613e-02;2.5750000e+02;4.7091611e-02;2.5750000e+02;-1.5968308e-03;2.5750000e+02;-4.2896606e-02;2.5750000e+02;-8.5518450e-02;2.5750000e+02;-1.3221514e-01;2.5750000e+02;-7.6133907e-02;2.5750000e+02;-5.8825284e-02;2.5750000e+02;-1.3046958e-02;2.5750000e+02;5.1937930e-02;2.5750000e+02;1.3168229e-01;2.5750000e+02;2.0683214e-01;2.5750000e+02;2.3549825e-01;2.5750000e+02;2.1545394e-01;2.5750000e+02;1.9050658e-01;2.5750000e+02;2.2938356e-01;2.5750000e+02;1.9575177e-01;2.5750000e+02;1.4548923e-01;2.5750000e+02;9.1351613e-02;2.5750000e+02;4.7091611e-02;2.5750000e+02;-1.5968308e-03;2.5750000e+02;-4.2896606e-02;2.5750000e+02;-8.5518450e-02;2.5750000e+02;-1.3221514e-01;2.5750000e+02;-7.6133907e-02;2.5750000e+02;-5.8825284e-02;2.5750000e+02;-1.3046958e-02;2.5750000e+02;5.1937930e-02;2.5750000e+02;1.3168229e-01;2.5750000e+02;2.0683214e-01;2.5750000e+02;2.3549825e-01;2.5750000e+02;2.1545394e-01;2.5750000e+02;1.9050658e-01;2.5750000e+02;2.2938356e-01;2.5750000e+02;1.9575177e-01;2.5750000e+02;1.4548923e-01;2.5750000e+02;9.1351613e-02;2.5750000e+02;4.7091611e-02;2.5750000e+02;-1.5968308e-03;2.5750000e+02;-4.2896606e-02;2.5750000e+02;-8.5518450e-02;2.5750000e+02;-1.3221514e-01;2.5750000e+02;-7.6133907e-02;2.5750000e+02;-5.8825284e-02;2.5750000e+02;-1.3046958e-02;2.5750000e+02;5.1937930e-02;2.5750000e+02;1.3168229e-01;2.5750000e+02;2.0683214e-01;2.5750000e+02;2.3549825e-01;2.5750000e+02;2.1545394e-01;2.5750000e+02;1.9050658e-01;2.5750000e+02;2.2938356e-01;2.5750000e+02;1.9575177e-01;2.5750000e+02;1.4548923e-01;2.5750000e+02;9.1351613e-02;2.5750000e+02;4.7091611e-02;2.5750000e+02;-1.5968308e-03;2.5750000e+02;-4.2896606e-02;2.5750000e+02;-8.5518450e-02;2.5750000e+02;-1.3221514e-01;2.5750000e+02;-7.6133907e-02;2.5750000e+02;-5.8825284e-02;2.5750000e+02;-1.3046958e-02;2.5750000e+02;5.1937930e-02;2.5750000e+02;1.3168229e-01;2.5750000e+02;2.0683214e-01;2.5750000e+02;2.3549825e-01;2.5750000e+02;2.1545394e-01;2.5750000e+02;1.9050658e-01;2.5750000e+02;2.2938356e-01;2.5750000e+02;1.9575177e-01;2.5750000e+02;1.4548923e-01;2.5750000e+02;9.1351613e-02;2.5750000e+02;4.7091611e-02;2.5750000e+02;-1.5968308e-03;2.5750000e+02;-4.2896606e-02;2.5750000e+02;-8.5518450e-02;2.5750000e+02;-1.3221514e-01;2.5750000e+02;-7.6133907e-02;2.5750000e+02;-5.8825284e-02;2.5750000e+02;-1.3046958e-02;2.5750000e+02;5.1937930e-02;2.5750000e+02;1.3168229e-01;2.5750000e+02;2.0683214e-01;2.5750000e+02;2.3549825e-01;2.5750000e+02;2.1545394e-01;2.5750000e+02;1.9050658e-01;2.5750000e+02;2.2938356e-01;2.5750000e+02;1.9575177e-01;2.5750000e+02;1.4548923e-01;2.5750000e+02;9.1351613e-02;2.5750000e+02;4.7091611e-02;2.5750000e+02;-1.5968308e-03;2.5750000e+02;-4.2896606e-02;2.5750000e+02;-8.5518450e-02;2.5750000e+02;-1.3221514e-01;2.5750000e+02;-7.6133907e-02;2.5750000e+02;-5.8825284e-02;2.5750000e+02;-1.3046958e-02;2.5750000e+02;5.1937930e-02;2.5750000e+02;1.3168229e-01;2.5750000e+02;2.0683214e-01;2.5750000e+02;2.3549825e-01;2.5750000e+02;2.1545394e-01;2.5750000e+02;1.9050658e-01;2.5750000e+02;2.2938356e-01;2.5750000e+02;1.9575177e-01;2.5750000e+02;1.4548923e-01;2.5750000e+02;9.1351613e-02;2.5750000e+02;4.7091611e-02;2.5750000e+02;-1.5968308e-03;2.5750000e+02;-4.2896606e-02;2.5750000e+02;-8.5518450e-02;2.5750000e+02;-1.3221514e-01;2.5750000e+02;-7.6133907e-02;2.5750000e+02;-5.8825284e-02;2.5750000e+02;-1.3046958e-02;2.5750000e+02;5.1937930e-02;2.5750000e+02;1.3168229e-01;2.5750000e+02;2.0683214e-01;2.5750000e+02;2.3549825e-01;2.5750000e+02;2.1545394e-01;2.5750000e+02;1.9050658e-01;2.5750000e+02;2.2938356e-01;2.5750000e+02;1.9575177e-01;2.5750000e+02;1.4548923e-01;2.5750000e+02;9.1351613e-02;2.5750000e+02;4.7091611e-02;2.5750000e+02;-1.5968308e-03;2.5750000e+02;-4.2896606e-02;2.5750000e+02;-8.5518450e-02;2.5750000e+02;-1.3221514e-01;2.5750000e+02;-7.6133907e-02;2.5750000e+02;-5.8825284e-02;2.5750000e+02;-1.3046958e-02;2.5750000e+02;5.1937930e-02;2.5750000e+02;1.3168229e-01;2.5750000e+02;2.0683214e-01;2.5750000e+02;2.3549825e-01;2.5750000e+02;2.1545394e-01;2.5750000e+02;1.9050658e-01;2.5750000e+02;2.2938356e-01;2.5750000e+02;1.9575177e-01;2.5750000e+02;1.4548923e-01;2.5750000e+02;9.1351613e-02;2.5750000e+02;4.7091611e-02;2.5750000e+02;-1.5968308e-03;2.5750000e+02;-4.2896606e-02;2.5750000e+02;-8.5518450e-02;2.5750000e+02;-1.3221514e-01;2.5750000e+02;-7.6133907e-02;2.5750000e+02;-5.8825284e-02;2.5750000e+02;-1.3046958e-02;2.5750000e+02;5.1937930e-02;2.5750000e+02;1.3168229e-01;2.5750000e+02;2.0683214e-01;2.5750000e+02;2.3549825e-01;2.5750000e+02;2.1545394e-01;2.5750000e+02;1.9050658e-01;2.5750000e+02;2.2938356e-01;2.5750000e+02;1.9575177e-01;2.5750000e+02;1.4548923e-01;2.5750000e+02;9.1351613e-02;2.5750000e+02;4.7091611e-02;2.5750000e+02;-1.5968308e-03;2.5750000e+02;-4.2896606e-02;2.5750000e+02;-8.5518450e-02;2.5750000e+02;-1.3221514e-01;2.5750000e+02;-7.6133907e-02;2.5750000e+02;-5.8825284e-02;2.5750000e+02;-1.3046958e-02;2.5750000e+02;5.1937930e-02;2.5750000e+02;1.3168229e-01;2.5750000e+02;2.0683214e-01;2.5750000e+02;2.3549825e-01;2.5750000e+02;2.1545394e-01;2.5750000e+02;1.9050658e-01;2.5750000e+02;2.2938356e-01;2.5750000e+02;1.9575177e-01;2.5750000e+02;1.4548923e-01;2.5750000e+02;9.1351613e-02;2.5750000e+02;4.7091611e-02;2.5750000e+02;-1.5968308e-03;2.5750000e+02;-4.2896606e-02;2.5750000e+02;-8.5518450e-02;2.5750000e+02;-1.3221514e-01;2.5750000e+02;-7.6133907e-02;2.5750000e+02;-5.8825284e-02;2.5750000e+02;-1.3046958e-02;2.5750000e+02;5.1937930e-02;2.5750000e+02;1.3168229e-01;2.5750000e+02;2.0683214e-01;2.5750000e+02;2.3549825e-01;2.5750000e+02;2.1545394e-01;2.5750000e+02;1.9050658e-01;2.5750000e+02;2.2938356e-01;2.5750000e+02;1.9575177e-01;2.5750000e+02;1.4548923e-01;2.5750000e+02;9.1351613e-02;2.5750000e+02;4.7091611e-02;2.5750000e+02;-1.5968308e-03;2.5750000e+02;-4.2896606e-02;2.5750000e+02;-8.5518450e-02;2.5750000e+02;-1.3221514e-01;2.5750000e+02;-7.6133907e-02;2.5750000e+02;-5.8825284e-02;2.5750000e+02;-1.3046958e-02;2.5750000e+02;5.1937930e-02;2.5750000e+02;1.3168229e-01;2.5750000e+02;2.0683214e-01;2.5750000e+02;2.3549825e-01;2.5750000e+02;2.1545394e-01;2.5750000e+02;1.9050658e-01;2.5750000e+02;2.2938356e-01;2.5750000e+02;1.9575177e-01;2.5750000e+02;1.4548923e-01;2.5750000e+02;9.1351613e-02;2.5750000e+02;4.7091611e-02;2.5750000e+02;-1.5968308e-03;2.5750000e+02;-4.2896606e-02;2.5750000e+02;-8.5518450e-02;2.5750000e+02;-1.3221514e-01;2.5750000e+02;-7.6133907e-02;2.5750000e+02;-5.8825284e-02;2.5750000e+02;-1.3046958e-02;2.5750000e+02;5.1937930e-02;2.5750000e+02;1.3168229e-01;2.5750000e+02;2.0683214e-01;2.5750000e+02;2.3549825e-01;2.5750000e+02;2.1545394e-01;2.5750000e+02;1.9050658e-01;2.5750000e+02;2.2938356e-01;2.5750000e+02;1.9575177e-01;2.5750000e+02;1.4548923e-01;2.5750000e+02;9.1351613e-02;2.5750000e+02;4.7091611e-02;2.5750000e+02;-1.5968308e-03;2.5750000e+02;-4.2896606e-02;2.5750000e+02;-8.5518450e-02;2.5750000e+02;-1.3221514e-01;2.5750000e+02;-7.6133907e-02;2.5750000e+02;-5.8825284e-02;2.5750000e+02;-1.3046958e-02;2.5750000e+02;5.1937930e-02;2.5750000e+02;1.3168229e-01;2.5750000e+02;2.0683214e-01;2.5750000e+02;2.3549825e-01;2.5750000e+02;2.1545394e-01;2.5750000e+02;1.9050658e-01;2.5750000e+02;2.2938356e-01;2.5750000e+02;1.9575177e-01;2.5750000e+02;1.4548923e-01;2.5750000e+02;9.1351613e-02;2.5750000e+02;4.7091611e-02;2.5750000e+02;-1.5968308e-03;2.5750000e+02;-4.2896606e-02;2.5750000e+02;-8.5518450e-02;2.5750000e+02;-1.3221514e-01;2.5750000e+02;-7.6133907e-02;2.5750000e+02;-5.8825284e-02;2.5750000e+02;-1.3046958e-02;2.5750000e+02;5.1937930e-02;2.5750000e+02;1.3168229e-01;2.5750000e+02;2.0683214e-01;2.5750000e+02;2.3549825e-01;2.5750000e+02;2.1545394e-01;2.5750000e+02;1.9050658e-01;2.5750000e+02;2.2938356e-01;2.5750000e+02;1.9575177e-01;2.5750000e+02;1.4548923e-01;2.5750000e+02;9.1351613e-02;2.5750000e+02;4.7091611e-02;2.5750000e+02;-1.5968308e-03;2.5750000e+02;-4.2896606e-02;2.5750000e+02;-8.5518450e-02;2.5750000e+02;-1.3221514e-01;2.5750000e+02;-7.6133907e-02;2.5750000e+02;-5.8825284e-02;2.5750000e+02;-1.3046958e-02;2.5750000e+02;5.1937930e-02;2.5750000e+02;1.3168229e-01;2.5750000e+02;2.0683214e-01;2.5750000e+02;2.3549825e-01;2.5750000e+02;2.1545394e-01;2.5750000e+02;1.9050658e-01;2.5750000e+02;2.2938356e-01;2.5750000e+02;1.9575177e-01;2.5750000e+02;1.4548923e-01;2.5750000e+02;9.1351613e-02;2.5750000e+02;4.7091611e-02;2.5750000e+02;-1.5968308e-03;2.5750000e+02;-4.2896606e-02;2.5750000e+02;-8.5518450e-02;2.5750000e+02;-1.3221514e-01;2.5750000e+02;-7.6133907e-02;2.5750000e+02;-5.8825284e-02;2.5750000e+02;-1.3046958e-02;2.5750000e+02;5.1937930e-02;2.5750000e+02;1.3168229e-01;2.5750000e+02;2.0683214e-01;2.5750000e+02;2.3549825e-01;2.5750000e+02;2.1545394e-01;2.5750000e+02;1.9050658e-01;2.5750000e+02;2.2938356e-01;2.5750000e+02;1.9575177e-01;2.5750000e+02;1.4548923e-01;2.5750000e+02;9.1351613e-02;2.5750000e+02;4.7091611e-02;2.5750000e+02;-1.5968308e-03;2.5750000e+02;-4.2896606e-02;2.5750000e+02;-8.5518450e-02;2.5750000e+02;-1.3221514e-01;2.5750000e+02;-7.6133907e-02;2.5750000e+02;-5.8825284e-02;2.5750000e+02;-1.3046958e-02;2.5750000e+02;5.1937930e-02;2.5750000e+02;1.3168229e-01;2.5750000e+02;2.0683214e-01;2.5750000e+02;2.3549825e-01;2.5750000e+02;2.1545394e-01;2.5750000e+02;1.9050658e-01;2.5750000e+02;2.2938356e-01;2.5750000e+02;1.9575177e-01;2.5750000e+02;1.4548923e-01;2.5750000e+02;9.1351613e-02;2.5750000e+02;4.7091611e-02;2.5750000e+02;-1.5968308e-03;2.5750000e+02;-4.2896606e-02;2.5750000e+02;-8.5518450e-02;2.5750000e+02;-1.3221514e-01;2.5750000e+02;-7.6133907e-02;2.5750000e+02;-5.8825284e-02;2.5750000e+02;-1.3046958e-02;2.5750000e+02;5.1937930e-02;2.5750000e+02;1.3168229e-01;2.5750000e+02;2.0683214e-01;2.5750000e+02;2.3549825e-01;2.5750000e+02;2.1545394e-01;2.5750000e+02;1.9050658e-01;2.5750000e+02;2.2938356e-01;2.5750000e+02;1.9575177e-01;2.5750000e+02;1.4548923e-01;2.5750000e+02;9.1351613e-02;2.5750000e+02;4.7091611e-02;2.5750000e+02;-1.5968308e-03;2.5750000e+02;-4.2896606e-02;2.5750000e+02;-8.5518450e-02;2.5750000e+02;-1.3221514e-01;2.5750000e+02;-7.6133907e-02;2.5750000e+02;-5.8825284e-02;2.5750000e+02;-1.3046958e-02;2.5750000e+02;5.1937930e-02;2.5750000e+02;1.3168229e-01;2.5750000e+02;2.0683214e-01;2.5750000e+02;2.3549825e-01;2.5750000e+02;2.1545394e-01;2.5750000e+02;1.9050658e-01;2.5750000e+02;2.2938356e-01;2.5750000e+02;1.9575177e-01;2.5750000e+02;1.4548923e-01;2.5750000e+02;9.1351613e-02;2.5750000e+02;4.7091611e-02;2.5750000e+02;-1.5968308e-03;2.5750000e+02;-4.2896606e-02;2.5750000e+02;-8.5518450e-02;2.5750000e+02;-1.3221514e-01;2.5750000e+02;-7.6133907e-02;2.5750000e+02;-5.8825284e-02;2.5750000e+02;-1.3046958e-02;2.5750000e+02;5.1937930e-02;2.5750000e+02;1.3168229e-01;2.5750000e+02;2.0683214e-01;2.5750000e+02;2.3549825e-01;2.5750000e+02;2.1545394e-01;2.5750000e+02;1.9050658e-01;2.5750000e+02;2.2938356e-01;2.5750000e+02;1.9575177e-01;2.5750000e+02;1.4548923e-01;2.5750000e+02;9.1351613e-02;2.5750000e+02;4.7091611e-02;2.5750000e+02;-1.5968308e-03;2.5750000e+02;-4.2896606e-02;2.5750000e+02;-8.5518450e-02;2.5750000e+02;-1.3221514e-01;2.5750000e+02;-7.6133907e-02;2.5750000e+02;-5.8825284e-02;2.5750000e+02;-1.3046958e-02;2.5750000e+02;5.1937930e-02;2.5750000e+02;1.3168229e-01;2.5750000e+02;2.0683214e-01;2.5750000e+02;2.3549825e-01;2.5750000e+02;2.1545394e-01;2.5750000e+02;1.9050658e-01;2.5750000e+02;2.2938356e-01;2.5750000e+02;1.9575177e-01;2.5750000e+02;1.4548923e-01;2.5750000e+02;9.1351613e-02;2.5750000e+02;4.7091611e-02;2.5750000e+02;-1.5968308e-03;2.5750000e+02;-4.2896606e-02;2.5750000e+02;-8.5518450e-02;2.5750000e+02;-1.3221514e-01;2.5750000e+02;-7.6133907e-02;2.5750000e+02;-5.8825284e-02;2.5750000e+02;-1.3046958e-02;2.5750000e+02;5.1937930e-02;2.5750000e+02;1.3168229e-01;2.5750000e+02;2.0683214e-01;2.5750000e+02;2.3549825e-01;2.5750000e+02;2.1545394e-01;2.5750000e+02;1.9050658e-01;2.5750000e+02;2.2938356e-01;2.5750000e+02;1.9575177e-01;2.5750000e+02;1.4548923e-01;2.5750000e+02;9.1351613e-02;2.5750000e+02;4.7091611e-02;2.5750000e+02;-1.5968308e-03;2.5750000e+02;-4.2896606e-02;2.5750000e+02;-8.5518450e-02;2.5750000e+02;-1.3221514e-01;2.5750000e+02;-7.6133907e-02;2.5750000e+02;-5.8825284e-02;2.5750000e+02;-1.3046958e-02;2.5750000e+02;5.1937930e-02;2.5750000e+02;1.3168229e-01;2.5750000e+02;2.0683214e-01;2.5750000e+02;2.3549825e-01;2.5750000e+02;2.1545394e-01;2.5750000e+02;1.9050658e-01;2.5750000e+02;2.2938356e-01;2.5750000e+02;1.9575177e-01;2.5750000e+02;1.4548923e-01;2.5750000e+02;9.1351613e-02;2.5750000e+02;4.7091611e-02;2.5750000e+02;-1.5968308e-03;2.5750000e+02;-4.2896606e-02;2.5750000e+02;-8.5518450e-02;2.5750000e+02;-1.3221514e-01;2.5750000e+02;-7.6133907e-02;2.5750000e+02;-5.8825284e-02;2.5750000e+02;-1.3046958e-02;2.5750000e+02;5.1937930e-02;2.5750000e+02;1.3168229e-01;2.5750000e+02;2.0683214e-01;2.5750000e+02;2.3549825e-01;2.5750000e+02;2.1545394e-01;2.5750000e+02;1.9050658e-01;2.5750000e+02;2.2938356e-01;2.5750000e+02;1.9575177e-01;2.5750000e+02;1.4548923e-01;2.5750000e+02;9.1351613e-02;2.5750000e+02;4.7091611e-02;2.5750000e+02;-1.5968308e-03;2.5750000e+02;-4.2896606e-02;2.5750000e+02;-8.5518450e-02;2.5750000e+02;-1.3221514e-01;2.5750000e+02;-7.6133907e-02;2.5750000e+02;-5.8825284e-02;2.5750000e+02;-1.3046958e-02;2.5750000e+02;5.1937930e-02;2.5750000e+02;1.3168229e-01;2.5750000e+02;2.0683214e-01;2.5750000e+02;2.3549825e-01;2.5750000e+02;2.1545394e-01;2.5750000e+02;1.9050658e-01;2.5750000e+02;2.2938356e-01;2.5750000e+02;1.9575177e-01;2.5750000e+02;1.4548923e-01;2.5750000e+02;9.1351613e-02;2.5750000e+02;4.7091611e-02;2.5750000e+02;-1.5968308e-03;2.5750000e+02;-4.2896606e-02;2.5750000e+02;-8.5518450e-02;2.5750000e+02;-1.3221514e-01;2.5750000e+02;-7.6133907e-02;2.5750000e+02;-5.8825284e-02;2.5750000e+02;-1.3046958e-02;2.5750000e+02;5.1937930e-02;2.5750000e+02;1.3168229e-01;2.5750000e+02;2.0683214e-01;2.5750000e+02;2.3549825e-01;2.5750000e+02;2.1545394e-01;2.5750000e+02;1.9050658e-01;2.5750000e+02;2.2938356e-01;2.5750000e+02;1.9575177e-01;2.5750000e+02;1.4548923e-01;2.5750000e+02;9.1351613e-02;2.5750000e+02;4.7091611e-02;2.5750000e+02;-1.5968308e-03;2.5750000e+02;-4.2896606e-02;2.5750000e+02;-8.5518450e-02;2.5750000e+02;-1.3221514e-01;2.5750000e+02;-7.6133907e-02;2.5750000e+02;-5.8825284e-02;2.5750000e+02;-1.3046958e-02;2.5750000e+02;5.1937930e-02;2.5750000e+02;1.3168229e-01;2.5750000e+02;2.0683214e-01;2.5750000e+02;2.3549825e-01;2.5750000e+02;2.1545394e-01;2.5750000e+02;1.9050658e-01;2.5750000e+02;2.2938356e-01;2.5750000e+02;1.9575177e-01;2.5750000e+02;1.4548923e-01;2.5750000e+02;9.1351613e-02;2.5750000e+02;4.7091611e-02;2.5750000e+02;-1.5968308e-03;2.5750000e+02;-4.2896606e-02;2.5750000e+02;-8.5518450e-02;2.5750000e+02;-1.3221514e-01;2.5750000e+02;-7.6133907e-02;2.5750000e+02;-5.8825284e-02;2.5750000e+02;-1.3046958e-02;2.5750000e+02;5.1937930e-02;2.5750000e+02;1.3168229e-01;2.5750000e+02;2.0683214e-01;2.5750000e+02;2.3549825e-01;2.5750000e+02;2.1545394e-01;2.5750000e+02;1.9050658e-01;2.5750000e+02;2.2938356e-01;2.5750000e+02;1.9575177e-01;2.5750000e+02;1.4548923e-01;2.5750000e+02;9.1351613e-02;2.5750000e+02;4.7091611e-02;2.5750000e+02;-1.5968308e-03;2.5750000e+02;-4.2896606e-02;2.5750000e+02;-8.5518450e-02;2.5750000e+02;-1.3221514e-01;2.5750000e+02;-7.6133907e-02;2.5750000e+02;-5.8825284e-02;2.5750000e+02;-1.3046958e-02;2.5750000e+02;5.1937930e-02;2.5750000e+02;1.3168229e-01;2.5750000e+02;2.0683214e-01;2.5750000e+02;2.3549825e-01;2.5750000e+02;2.1545394e-01;2.5750000e+02;1.9050658e-01;2.5750000e+02;2.2938356e-01;2.5750000e+02;1.9575177e-01;2.5750000e+02;1.4548923e-01;2.5750000e+02;9.1351613e-02;2.5750000e+02;4.7091611e-02;2.5750000e+02;-1.5968308e-03;2.5750000e+02;-4.2896606e-02;2.5750000e+02;-8.5518450e-02;2.5750000e+02;-1.3221514e-01;2.5750000e+02;-7.6133907e-02;2.5750000e+02;-5.8825284e-02;2.5750000e+02;-1.3046958e-02;2.5750000e+02;5.1937930e-02;2.5750000e+02;1.3168229e-01;2.5750000e+02;2.0683214e-01;2.5750000e+02;2.3549825e-01;2.5750000e+02;2.1545394e-01;2.5750000e+02;1.9050658e-01;2.5750000e+02;2.2938356e-01;2.5750000e+02;1.9575177e-01;2.5750000e+02;1.4548923e-01;2.5750000e+02;9.1351613e-02;2.5750000e+02;4.7091611e-02;2.5750000e+02;-1.5968308e-03;2.5750000e+02;-4.2896606e-02;2.5750000e+02;-8.5518450e-02;2.5750000e+02;-1.3221514e-01;2.5750000e+02;-7.6133907e-02;2.5750000e+02;-5.8825284e-02;2.5750000e+02;-1.3046958e-02;2.5750000e+02;5.1937930e-02;2.5750000e+02;1.3168229e-01;2.5750000e+02;2.0683214e-01;2.5750000e+02;2.3549825e-01;2.5750000e+02;2.1545394e-01;2.5750000e+02;1.9050658e-01;2.5750000e+02;2.2938356e-01;2.5750000e+02;1.9575177e-01;2.5750000e+02;1.4548923e-01;2.5750000e+02;9.1351613e-02;2.5750000e+02;4.7091611e-02;2.5750000e+02;-1.5968308e-03;2.5750000e+02;-4.2896606e-02;2.5750000e+02;-8.5518450e-02;2.5750000e+02;-1.3221514e-01;2.5750000e+02;-7.6133907e-02;2.5750000e+02;-5.8825284e-02;2.5750000e+02;-1.3046958e-02;2.5750000e+02;5.1937930e-02;2.5750000e+02;1.3168229e-01;2.5750000e+02;2.0683214e-01;2.5750000e+02;2.3549825e-01;2.5750000e+02;2.1545394e-01;2.5750000e+02;1.9050658e-01;2.5750000e+02;2.2938356e-01;2.5750000e+02;1.9575177e-01;2.5750000e+02;1.4548923e-01;2.5750000e+02;9.1351613e-02;2.5750000e+02;4.7091611e-02;2.5750000e+02;-1.5968308e-03;2.5750000e+02;-4.2896606e-02;2.5750000e+02;-8.5518450e-02;2.5750000e+02;-1.3221514e-01;2.5750000e+02;-7.6133907e-02;2.5750000e+02;-5.8825284e-02;2.5750000e+02;-1.3046958e-02;2.5750000e+02;5.1937930e-02;2.5750000e+02;1.3168229e-01;2.5750000e+02;2.0683214e-01;2.5750000e+02;2.3549825e-01;2.5750000e+02;2.1545394e-01;2.5750000e+02;1.9050658e-01;2.5750000e+02;2.2938356e-01;2.5750000e+02;1.9575177e-01;2.5750000e+02;1.4548923e-01;2.5750000e+02;9.1351613e-02;2.5750000e+02;4.7091611e-02;2.5750000e+02;-1.5968308e-03;2.5750000e+02;-4.2896606e-02;2.5750000e+02;-8.5518450e-02;2.5750000e+02;-1.3221514e-01;2.5750000e+02;-7.6133907e-02;2.5750000e+02;-5.8825284e-02;2.5750000e+02;-1.3046958e-02;2.5750000e+02;5.1937930e-02;2.5750000e+02;1.3168229e-01;2.5750000e+02;2.0683214e-01;2.5750000e+02;2.3549825e-01;2.5750000e+02;2.1545394e-01;2.5750000e+02;1.9050658e-01;2.5750000e+02;2.2938356e-01;2.5750000e+02;1.9575177e-01;2.5750000e+02;1.4548923e-01;2.5750000e+02;9.1351613e-02;2.5750000e+02;4.7091611e-02;2.5750000e+02;-1.5968308e-03;2.5750000e+02;-4.2896606e-02;2.5750000e+02;-8.5518450e-02;2.5750000e+02;-1.3221514e-01;2.5750000e+02;-7.6133907e-02;2.5750000e+02;-5.8825284e-02;2.5750000e+02;-1.3046958e-02;2.5750000e+02;5.1937930e-02;2.5750000e+02;1.3168229e-01;2.5750000e+02;2.0683214e-01;2.5750000e+02;2.3549825e-01;2.5750000e+02;2.1545394e-01;2.5750000e+02;1.9050658e-01;2.5750000e+02;2.2938356e-01;2.5750000e+02;1.9575177e-01;2.5750000e+02;1.4548923e-01;2.5750000e+02;9.1351613e-02;2.5750000e+02;4.7091611e-02;2.5750000e+02;-1.5968308e-03;2.5750000e+02;-4.2896606e-02;2.5750000e+02;-8.5518450e-02;2.5750000e+02;-1.3221514e-01;2.5750000e+02;-7.6133907e-02;2.5750000e+02;-5.8825284e-02;2.5750000e+02;-1.3046958e-02;2.5750000e+02;5.1937930e-02;2.5750000e+02;1.3168229e-01;2.5750000e+02;2.0683214e-01;2.5750000e+02;2.3549825e-01;2.5750000e+02;2.1545394e-01;2.5750000e+02;1.9050658e-01;2.5750000e+02;2.2938356e-01;2.5750000e+02;1.9575177e-01;2.5750000e+02;1.4548923e-01;2.5750000e+02;9.1351613e-02;2.5750000e+02;4.7091611e-02;2.5750000e+02;-1.5968308e-03;2.5750000e+02;-4.2896606e-02;2.5750000e+02;-8.5518450e-02;2.5750000e+02;-1.3221514e-01;2.5750000e+02;-7.6133907e-02;2.5750000e+02;-5.8825284e-02;2.5750000e+02;-1.3046958e-02;2.5750000e+02;5.1937930e-02;2.5750000e+02;1.3168229e-01;2.5750000e+02;2.0683214e-01;2.5750000e+02;2.3549825e-01;2.5750000e+02;2.1545394e-01;2.5750000e+02;1.9050658e-01;2.5750000e+02;2.2938356e-01;2.5750000e+02;1.9575177e-01;2.5750000e+02;1.4548923e-01;2.5750000e+02;9.1351613e-02;2.5750000e+02;4.7091611e-02;2.5750000e+02;-1.5968308e-03;2.5750000e+02;-4.2896606e-02;2.5750000e+02;-8.5518450e-02;2.5750000e+02;-1.3221514e-01;2.5750000e+02;-7.6133907e-02;2.5750000e+02;-5.8825284e-02;2.5750000e+02;-1.3046958e-02;2.5750000e+02;5.1937930e-02;2.5750000e+02;1.3168229e-01;2.5750000e+02;2.0683214e-01;2.5750000e+02;2.3549825e-01;2.5750000e+02;2.1545394e-01;2.5750000e+02;1.9050658e-01;2.5750000e+02;2.2938356e-01;2.5750000e+02;1.9575177e-01;2.5750000e+02;1.4548923e-01;2.5750000e+02;9.1351613e-02;2.5750000e+02;4.7091611e-02;2.5750000e+02;-1.5968308e-03;2.5750000e+02;-4.2896606e-02;2.5750000e+02;-8.5518450e-02;2.5750000e+02;-1.3221514e-01;2.5750000e+02;-7.6133907e-02;2.5750000e+02;-5.8825284e-02;2.5750000e+02;-1.3046958e-02;2.5750000e+02;5.1937930e-02;2.5750000e+02;1.3168229e-01;2.5750000e+02;2.0683214e-01;2.5750000e+02;2.3549825e-01;2.5750000e+02;2.1545394e-01;2.5750000e+02;1.9050658e-01;2.5750000e+02;2.2938356e-01;2.5750000e+02;1.9575177e-01;2.5750000e+02;1.4548923e-01;2.5750000e+02;9.1351613e-02;2.5750000e+02;4.7091611e-02;2.5750000e+02;-1.5968308e-03;2.5750000e+02;-4.2896606e-02;2.5750000e+02;-8.5518450e-02;2.5750000e+02;-1.3221514e-01;2.5750000e+02;-7.6133907e-02;2.5750000e+02;-5.8825284e-02;2.5750000e+02;-1.3046958e-02;2.5750000e+02;5.1937930e-02;2.5750000e+02;1.3168229e-01;2.5750000e+02;2.0683214e-01;2.5750000e+02;2.3549825e-01;2.5750000e+02;2.1545394e-01;2.5750000e+02;1.9050658e-01;2.5750000e+02;2.2938356e-01;2.5750000e+02;1.9575177e-01;2.5750000e+02;1.4548923e-01;2.5750000e+02;9.1351613e-02;2.5750000e+02;4.7091611e-02;2.5750000e+02;-1.5968308e-03;2.5750000e+02;-4.2896606e-02;2.5750000e+02;-8.5518450e-02;2.5750000e+02;-1.3221514e-01;2.5750000e+02;-7.6133907e-02;2.5750000e+02;-5.8825284e-02;2.5750000e+02;-1.3046958e-02;2.5750000e+02;5.1937930e-02;2.5750000e+02;1.3168229e-01;2.5750000e+02;2.0683214e-01;2.5750000e+02;2.3549825e-01;2.5750000e+02;2.1545394e-01;2.5750000e+02;1.9050658e-01;2.5750000e+02;2.2938356e-01;2.5750000e+02;1.9575177e-01;2.5750000e+02;1.4548923e-01;2.5750000e+02;9.1351613e-02;2.5750000e+02;4.7091611e-02;2.5750000e+02;-1.5968308e-03;2.5750000e+02;-4.2896606e-02;2.5750000e+02;-8.5518450e-02;2.5750000e+02;-1.3221514e-01;2.5750000e+02;-7.6133907e-02;2.5750000e+02;-5.8825284e-02;2.5750000e+02;-1.3046958e-02;2.5750000e+02;5.1937930e-02;2.5750000e+02;1.3168229e-01;2.5750000e+02;2.0683214e-01;2.5750000e+02;2.3549825e-01;2.5750000e+02;2.1545394e-01;2.5750000e+02;1.9050658e-01;2.5750000e+02;2.2938356e-01;2.5750000e+02;1.9575177e-01;2.5750000e+02;1.4548923e-01;2.5750000e+02;9.1351613e-02;2.5750000e+02;4.7091611e-02;2.5750000e+02;-1.5968308e-03;2.5750000e+02;-4.2896606e-02;2.5750000e+02;-8.5518450e-02;2.5750000e+02;-1.3221514e-01;2.5750000e+02;-7.6133907e-02;2.5750000e+02;-5.8825284e-02;2.5750000e+02;-1.3046958e-02;2.5750000e+02;5.1937930e-02;2.5750000e+02;1.3168229e-01;2.5750000e+02;2.0683214e-01;2.5750000e+02;2.3549825e-01;2.5750000e+02;2.1545394e-01;2.5750000e+02;1.9050658e-01;2.5750000e+02;2.2938356e-01;2.5750000e+02;1.9575177e-01;2.5750000e+02;1.4548923e-01;2.5750000e+02;9.1351613e-02;2.5750000e+02;4.7091611e-02;2.5750000e+02;-1.5968308e-03;2.5750000e+02;-4.2896606e-02;2.5750000e+02;-8.5518450e-02;2.5750000e+02;-1.3221514e-01;2.5750000e+02;-7.6133907e-02;2.5750000e+02;-5.8825284e-02;2.5750000e+02;-1.3046958e-02;2.5750000e+02;5.1937930e-02;2.5750000e+02;1.3168229e-01;2.5750000e+02;2.0683214e-01;2.5750000e+02;2.3549825e-01;2.5750000e+02;2.1545394e-01;2.5750000e+02;1.9050658e-01;2.5750000e+02;2.2938356e-01;2.5750000e+02;1.9575177e-01;2.5750000e+02;1.4548923e-01;2.5750000e+02;9.1351613e-02;2.5750000e+02;4.7091611e-02;2.5750000e+02;-1.5968308e-03;2.5750000e+02;-4.2896606e-02;2.5750000e+02;-8.5518450e-02;2.5750000e+02;-1.3221514e-01;2.5750000e+02;-7.6133907e-02;2.5750000e+02;-5.8825284e-02;2.5750000e+02;-1.3046958e-02;2.5750000e+02;5.1937930e-02;2.5750000e+02;1.3168229e-01;2.5750000e+02;2.0683214e-01;2.5750000e+02;2.3549825e-01;2.5750000e+02;2.1545394e-01;2.5750000e+02;1.9050658e-01;2.5750000e+02;2.2938356e-01;2.5750000e+02;1.9575177e-01;2.5750000e+02;1.4548923e-01;2.5750000e+02;9.1351613e-02;2.5750000e+02;4.7091611e-02;2.5750000e+02;-1.5968308e-03;2.5750000e+02;-4.2896606e-02;2.5750000e+02;-8.5518450e-02;2.5750000e+02;-1.3221514e-01;2.5750000e+02;-7.6133907e-02;2.5750000e+02;-5.8825284e-02;2.5750000e+02;-1.3046958e-02;2.5750000e+02;5.1937930e-02;2.5750000e+02;1.3168229e-01;2.5750000e+02;2.0683214e-01;2.5750000e+02;2.3549825e-01;2.5750000e+02;2.1545394e-01;2.5750000e+02;1.9050658e-01;2.5750000e+02;2.2938356e-01;2.5750000e+02;1.9575177e-01;2.5750000e+02;1.4548923e-01;2.5750000e+02;9.1351613e-02;2.5750000e+02;4.7091611e-02;2.5750000e+02;-1.5968308e-03;2.5750000e+02;-4.2896606e-02;2.5750000e+02;-8.5518450e-02;2.5750000e+02;-1.3221514e-01;2.5750000e+02;-7.6133907e-02;2.5750000e+02;-5.8825284e-02;2.5750000e+02;-1.3046958e-02;2.5750000e+02;5.1937930e-02;2.5750000e+02;1.3168229e-01;2.5750000e+02;2.0683214e-01;2.5750000e+02;2.3549825e-01;2.5750000e+02;2.1545394e-01;2.5750000e+02;1.9050658e-01;2.5750000e+02;2.2938356e-01;2.5750000e+02;1.9575177e-01;2.5750000e+02;1.4548923e-01;2.5750000e+02;9.1351613e-02;2.5750000e+02;4.7091611e-02;2.5750000e+02;-1.5968308e-03;2.5750000e+02;-4.2896606e-02;2.5750000e+02;-8.5518450e-02;2.5750000e+02;-1.3221514e-01;2.5750000e+02;-7.6133907e-02;2.5750000e+02;-5.8825284e-02;2.5750000e+02;-1.3046958e-02;2.5750000e+02;5.1937930e-02;2.5750000e+02;1.3168229e-01;2.5750000e+02;2.0683214e-01;2.5750000e+02;2.3549825e-01;2.5750000e+02;2.1545394e-01;2.5750000e+02;1.9050658e-01;2.5750000e+02;2.2938356e-01;2.5750000e+02;1.9575177e-01;2.5750000e+02;1.4548923e-01;2.5750000e+02;9.1351613e-02;2.5750000e+02;4.7091611e-02;2.5750000e+02;-1.5968308e-03;2.5750000e+02;-4.2896606e-02;2.5750000e+02;-8.5518450e-02;2.5750000e+02;-1.3221514e-01;2.5750000e+02;-7.6133907e-02;2.5750000e+02;-5.8825284e-02;2.5750000e+02;-1.3046958e-02;2.5750000e+02;5.1937930e-02;2.5750000e+02;1.3168229e-01;2.5750000e+02;2.0683214e-01;2.5750000e+02;2.3549825e-01;2.5750000e+02;2.1545394e-01;2.5750000e+02;1.9050658e-01;2.5750000e+02;2.2938356e-01;2.5750000e+02;1.9575177e-01;2.5750000e+02;1.4548923e-01;2.5750000e+02;9.1351613e-02;2.5750000e+02;4.7091611e-02;2.5750000e+02;-1.5968308e-03;2.5750000e+02;-4.2896606e-02;2.5750000e+02;-8.5518450e-02;2.5750000e+02;-1.3221514e-01;2.5750000e+02;-7.6133907e-02;2.5750000e+02;-5.8825284e-02;2.5750000e+02;-1.3046958e-02;2.5750000e+02;5.1937930e-02;2.5750000e+02;1.3168229e-01;2.5750000e+02;2.0683214e-01;2.5750000e+02;2.3549825e-01;2.5750000e+02;2.1545394e-01;2.5750000e+02;1.9050658e-01;2.5750000e+02;2.2938356e-01;2.5750000e+02;1.9575177e-01;2.5750000e+02;1.4548923e-01;2.5750000e+02;9.1351613e-02;2.5750000e+02;4.7091611e-02;2.5750000e+02;-1.5968308e-03;2.5750000e+02;-4.2896606e-02;2.5750000e+02;-8.5518450e-02;2.5750000e+02;-1.3221514e-01;2.5750000e+02;-7.6133907e-02;2.5750000e+02;-5.8825284e-02;2.5750000e+02;-1.3046958e-02;2.5750000e+02;5.1937930e-02;2.5750000e+02;1.3168229e-01;2.5750000e+02;2.0683214e-01;2.5750000e+02;2.3549825e-01;2.5750000e+02;2.1545394e-01;2.5750000e+02;1.9050658e-01;2.5750000e+02;2.2938356e-01;2.5750000e+02;1.9575177e-01;2.5750000e+02;1.4548923e-01;2.5750000e+02;9.1351613e-02;2.5750000e+02;4.7091611e-02;2.5750000e+02;-1.5968308e-03;2.5750000e+02;-4.2896606e-02;2.5750000e+02;-8.5518450e-02;2.5750000e+02;-1.3221514e-01;2.5750000e+02;-7.6133907e-02;2.5750000e+02;-5.8825284e-02;2.5750000e+02;-1.3046958e-02;2.5750000e+02;5.1937930e-02;2.5750000e+02;1.3168229e-01;2.5750000e+02;2.0683214e-01;2.5750000e+02;2.3549825e-01;2.5750000e+02;2.1545394e-01;2.5750000e+02;1.9050658e-01;2.5750000e+02;2.2938356e-01;2.5750000e+02;1.9575177e-01;2.5750000e+02;1.4548923e-01;2.5750000e+02;9.1351613e-02;2.5750000e+02;4.7091611e-02;2.5750000e+02;-1.5968308e-03;2.5750000e+02;-4.2896606e-02;2.5750000e+02;-8.5518450e-02;2.5750000e+02;-1.3221514e-01;2.5750000e+02;-7.6133907e-02;2.5750000e+02;-5.8825284e-02;2.5750000e+02;-1.3046958e-02;2.5750000e+02;5.1937930e-02;2.5750000e+02;1.3168229e-01;2.5750000e+02;2.0683214e-01;2.5750000e+02;2.3549825e-01;2.5750000e+02;2.1545394e-01;2.5750000e+02;1.9050658e-01;2.5750000e+02;2.2938356e-01;2.5750000e+02;1.9575177e-01;2.5750000e+02;1.4548923e-01;2.5750000e+02;9.1351613e-02;2.5750000e+02;4.7091611e-02;2.5750000e+02;-1.5968308e-03;2.5750000e+02;-4.2896606e-02;2.5750000e+02;-8.5518450e-02;2.5750000e+02;-1.3221514e-01;2.5750000e+02;-7.6133907e-02;2.5750000e+02;-5.8825284e-02;2.5750000e+02;-1.3046958e-02;2.5750000e+02;5.1937930e-02;2.5750000e+02;1.3168229e-01;2.5750000e+02;2.0683214e-01;2.5750000e+02;2.3549825e-01;2.5750000e+02;2.1545394e-01;2.5750000e+02;1.9050658e-01;2.5750000e+02;2.2938356e-01;2.5750000e+02;1.9575177e-01;2.5750000e+02;1.4548923e-01;2.5750000e+02;9.1351613e-02;2.5750000e+02;4.7091611e-02;2.5750000e+02;-1.5968308e-03;2.5750000e+02;-4.2896606e-02;2.5750000e+02;-8.5518450e-02;2.5750000e+02;-1.3221514e-01;2.5750000e+02;-7.6133907e-02;2.5750000e+02;-5.8825284e-02;2.5750000e+02;-1.3046958e-02;2.5750000e+02;5.1937930e-02;2.5750000e+02;1.3168229e-01;2.5750000e+02;2.0683214e-01;2.5750000e+02;2.3549825e-01;2.5750000e+02;2.1545394e-01;2.5750000e+02;1.9050658e-01;2.5750000e+02;2.2938356e-01;2.5750000e+02;1.9575177e-01;2.5750000e+02;1.4548923e-01;2.5750000e+02;9.1351613e-02;2.5750000e+02;4.7091611e-02;2.5750000e+02;-1.5968308e-03;2.5750000e+02;-4.2896606e-02;2.5750000e+02;-8.5518450e-02;2.5750000e+02;-1.3221514e-01;2.5750000e+02;-7.6133907e-02;2.5750000e+02;-5.8825284e-02;2.5750000e+02;-1.3046958e-02;2.5750000e+02;5.1937930e-02;2.5750000e+02;1.3168229e-01;2.5750000e+02;2.0683214e-01;2.5750000e+02;2.3549825e-01;2.5750000e+02;2.1545394e-01;2.5750000e+02;1.9050658e-01;2.5750000e+02;2.2938356e-01;2.5750000e+02;1.9575177e-01;2.5750000e+02;1.4548923e-01;2.5750000e+02;9.1351613e-02;2.5750000e+02;4.7091611e-02;2.5750000e+02;-1.5968308e-03;2.5750000e+02;-4.2896606e-02;2.5750000e+02;-8.5518450e-02;2.5750000e+02;-1.3221514e-01;2.5750000e+02;-7.6133907e-02;2.5750000e+02;-5.8825284e-02;2.5750000e+02;-1.3046958e-02;2.5750000e+02;5.1937930e-02;2.5750000e+02;1.3168229e-01;2.5750000e+02;2.0683214e-01;2.5750000e+02;2.3549825e-01;2.5750000e+02;2.1545394e-01;2.5750000e+02;1.9050658e-01;2.5750000e+02;2.2938356e-01;2.5750000e+02;1.9575177e-01;2.5750000e+02;1.4548923e-01;2.5750000e+02;9.1351613e-02;2.5750000e+02;4.7091611e-02;2.5750000e+02;-1.5968308e-03;2.5750000e+02;-4.2896606e-02;2.5750000e+02;-8.5518450e-02;2.5750000e+02;-1.3221514e-01;2.5750000e+02;-7.6133907e-02;2.5750000e+02;-5.8825284e-02;2.5750000e+02;-1.3046958e-02;2.5750000e+02;5.1937930e-02;2.5750000e+02;1.3168229e-01;2.5750000e+02;2.0683214e-01;2.5750000e+02;2.3549825e-01;2.5750000e+02;2.1545394e-01;2.5750000e+02;1.9050658e-01;2.5750000e+02;2.2938356e-01;2.5750000e+02;1.9575177e-01;2.5750000e+02;1.4548923e-01;2.5750000e+02;9.1351613e-02;2.5750000e+02;4.7091611e-02;2.5750000e+02;-1.5968308e-03;2.5750000e+02;-4.2896606e-02;2.5750000e+02;-8.5518450e-02;2.5750000e+02;-1.3221514e-01;2.5750000e+02;-7.6133907e-02;2.5750000e+02;-5.8825284e-02;2.5750000e+02;-1.3046958e-02;2.5750000e+02;5.1937930e-02;2.5750000e+02;1.3168229e-01;2.5750000e+02;2.0683214e-01;2.5750000e+02;2.3549825e-01;2.5750000e+02;2.1545394e-01;2.5750000e+02;1.9050658e-01;2.5750000e+02;2.2938356e-01;2.5750000e+02;1.9575177e-01;2.5750000e+02;1.4548923e-01;2.5750000e+02;9.1351613e-02;2.5750000e+02;4.7091611e-02;2.5750000e+02;-1.5968308e-03;2.5750000e+02;-4.2896606e-02;2.5750000e+02;-8.5518450e-02;2.5750000e+02;-1.3221514e-01;2.5750000e+02;-7.6133907e-02;2.5750000e+02;-5.8825284e-02;2.5750000e+02;-1.3046958e-02;2.5750000e+02;5.1937930e-02;2.5750000e+02;1.3168229e-01;2.5750000e+02;2.0683214e-01;2.5750000e+02;2.3549825e-01;2.5750000e+02;2.1545394e-01;2.5750000e+02;1.9050658e-01;2.5750000e+02;2.2938356e-01;2.5750000e+02;1.9575177e-01;2.5750000e+02;1.4548923e-01;2.5750000e+02;9.1351613e-02;2.5750000e+02;4.7091611e-02;2.5750000e+02;-1.5968308e-03;2.5750000e+02;-4.2896606e-02;2.5750000e+02;-8.5518450e-02;2.5750000e+02;-1.3221514e-01;2.5750000e+02;-7.6133907e-02;2.5750000e+02;-5.8825284e-02;2.5750000e+02;-1.3046958e-02;2.5750000e+02;5.1937930e-02;2.5750000e+02;1.3168229e-01;2.5750000e+02;2.0683214e-01;2.5750000e+02;2.3549825e-01;2.5750000e+02;2.1545394e-01;2.5750000e+02;1.9050658e-01;2.5750000e+02;2.2938356e-01;2.5750000e+02;1.9575177e-01;2.5750000e+02;1.4548923e-01;2.5750000e+02;9.1351613e-02;2.5750000e+02;4.7091611e-02;2.5750000e+02;-1.5968308e-03;2.5750000e+02;-4.2896606e-02;2.5750000e+02;-8.5518450e-02;2.5750000e+02;-1.3221514e-01;2.5750000e+02;-7.6133907e-02;2.5750000e+02;-5.8825284e-02;2.5750000e+02;-1.3046958e-02;2.5750000e+02;5.1937930e-02;2.5750000e+02;1.3168229e-01;2.5750000e+02;2.0683214e-01;2.5750000e+02;2.3549825e-01;2.5750000e+02;2.1545394e-01;2.5750000e+02;1.9050658e-01;2.5750000e+02;2.2938356e-01;2.5750000e+02;1.9575177e-01;2.5750000e+02;1.4548923e-01;2.5750000e+02;9.1351613e-02;2.5750000e+02;4.7091611e-02;2.5750000e+02;-1.5968308e-03;2.5750000e+02;-4.2896606e-02;2.5750000e+02;-8.5518450e-02;2.5750000e+02;-1.3221514e-01;2.5750000e+02;-7.6133907e-02;2.5750000e+02;-5.8825284e-02;2.5750000e+02;-1.3046958e-02;2.5750000e+02;5.1937930e-02;2.5750000e+02;1.3168229e-01;2.5750000e+02;2.0683214e-01;2.5750000e+02;2.3549825e-01;2.5750000e+02;2.1545394e-01;2.5750000e+02;1.9050658e-01;2.5750000e+02;2.2938356e-01;2.5750000e+02;1.9575177e-01;2.5750000e+02;1.4548923e-01;2.5750000e+02;9.1351613e-02;2.5750000e+02;4.7091611e-02;2.5750000e+02;-1.5968308e-03;2.5750000e+02;-4.2896606e-02;2.5750000e+02;-8.5518450e-02;2.5750000e+02;-1.3221514e-01;2.5750000e+02;-7.6133907e-02;2.5750000e+02;-5.8825284e-02;2.5750000e+02;-1.3046958e-02;2.5750000e+02;5.1937930e-02;2.5750000e+02;1.3168229e-01;2.5750000e+02;2.0683214e-01;2.5750000e+02;2.3549825e-01;2.5750000e+02;2.1545394e-01;2.5750000e+02;1.9050658e-01;2.5750000e+02;2.2938356e-01;2.5750000e+02;1.9575177e-01;2.5750000e+02;1.4548923e-01;2.5750000e+02;9.1351613e-02;2.5750000e+02;4.7091611e-02;2.5750000e+02;-1.5968308e-03;2.5750000e+02;-4.2896606e-02;2.5750000e+02;-8.5518450e-02;2.5750000e+02;-1.3221514e-01;2.5750000e+02;-7.6133907e-02;2.5750000e+02;-5.8825284e-02;2.5750000e+02;-1.3046958e-02;2.5750000e+02;5.1937930e-02;2.5750000e+02;1.3168229e-01;2.5750000e+02;2.0683214e-01;2.5750000e+02;2.3549825e-01;2.5750000e+02;2.1545394e-01;2.5750000e+02;1.9050658e-01;2.5750000e+02;2.2938356e-01;2.5750000e+02;1.9575177e-01;2.5750000e+02;1.4548923e-01;2.5750000e+02;9.1351613e-02;2.5750000e+02;4.7091611e-02;2.5750000e+02;-1.5968308e-03;2.5750000e+02;-4.2896606e-02;2.5750000e+02;-8.5518450e-02;2.5750000e+02;-1.3221514e-01;2.5750000e+02;-7.6133907e-02;2.5750000e+02;-5.8825284e-02;2.5750000e+02;-1.3046958e-02;2.5750000e+02;5.1937930e-02;2.5750000e+02;1.3168229e-01;2.5750000e+02;2.0683214e-01;2.5750000e+02;2.3549825e-01;2.5750000e+02;2.1545394e-01;2.5750000e+02;1.9050658e-01;2.5750000e+02;2.2938356e-01;2.5750000e+02;1.9575177e-01;2.5750000e+02;1.4548923e-01;2.5750000e+02;9.1351613e-02;2.5750000e+02;4.7091611e-02;2.5750000e+02;-1.5968308e-03;2.5750000e+02;-4.2896606e-02;2.5750000e+02;-8.5518450e-02;2.5750000e+02;-1.3221514e-01;2.5750000e+02;-7.6133907e-02;2.5750000e+02;-5.8825284e-02;2.5750000e+02;-1.3046958e-02;2.5750000e+02;5.1937930e-02;2.5750000e+02;1.3168229e-01;2.5750000e+02;2.0683214e-01;2.5750000e+02;2.3549825e-01;2.5750000e+02;2.1545394e-01;2.5750000e+02;1.9050658e-01;2.5750000e+02;2.2938356e-01;2.5750000e+02;1.9575177e-01;2.5750000e+02;1.4548923e-01;2.5750000e+02;9.1351613e-02;2.5750000e+02;4.7091611e-02;2.5750000e+02;-1.5968308e-03;2.5750000e+02;-4.2896606e-02;2.5750000e+02;-8.5518450e-02;2.5750000e+02;-1.3221514e-01;2.5750000e+02;-7.6133907e-02;2.5750000e+02;-5.8825284e-02;2.5750000e+02;-1.3046958e-02;2.5750000e+02;5.1937930e-02;2.5750000e+02;1.3168229e-01;2.5750000e+02;2.0683214e-01;2.5750000e+02;2.3549825e-01;2.5750000e+02;2.1545394e-01;2.5750000e+02;1.9050658e-01;2.5750000e+02;2.2938356e-01;2.5750000e+02;1.9575177e-01;2.5750000e+02;1.4548923e-01;2.5750000e+02;9.1351613e-02;2.5750000e+02;4.7091611e-02;2.5750000e+02;-1.5968308e-03;2.5750000e+02;-4.2896606e-02;2.5750000e+02;-8.5518450e-02;2.5750000e+02;-1.3221514e-01
2.6250000e+02;-7.6184750e-02;2.6250000e+02;-6.1254580e-02;2.6250000e+02;-1.3498746e-02;2.6250000e+02;6.0103599e-02;2.6250000e+02;1.4850512e-01;2.6250000e+02;2.2407922e-01;2.6250000e+02;2.4894708e-01;2.6250000e+02;2.2085473e-01;2.6250000e+02;1.8372189e-01;2.6250000e+02;2.2518924e-01;2.6250000e+02;1.9405887e-01;2.6250000e+02;1.4584216e-01;2.6250000e+02;9.4008341e-02;2.6250000e+02;4.8645161e-02;2.6250000e+02;-1.6595423e-04;2.6250000e+02;-4.1481048e-02;2.6250000e+02;-8.4794402e-02;2.6250000e+02;-1.2932453e-01;2.6250000e+02;-7.6184750e-02;2.6250000e+02;-6.1254580e-02;2.6250000e+02;-1.3498746e-02;2.6250000e+02;6.0103599e-02;2.6250000e+02;1.4850512e-01;2.6250000e+02;2.2407922e-01;2.6250000e+02;2.4894708e-01;2.6250000e+02;2.2085473e-01;2.6250000e+02;1.8372189e-01;2.6250000e+02;2.2518924e-01;2.6250000e+02;1.9405887e-01;2.6250000e+02;1.4584216e-01;2.6250000e+02;9.4008341e-02;2.6250000e+02;4.8645161e-02;2.6250000e+02;-1.6595423e-04;2.6250000e+02;-4.1481048e-02;2.6250000e+02;-8.4794402e-02;2.6250000e+02;-1.2932453e-01;2.6250000e+02;-7.6184750e-02;2.6250000e+02;-6.1254580e-02;2.6250000e+02;-1.3498746e-02;2.6250000e+02;6.0103599e-02;2.6250000e+02;1.4850512e-01;2.6250000e+02;2.2407922e-01;2.6250000e+02;2.4894708e-01;2.6250000e+02;2.2085473e-01;2.6250000e+02;1.8372189e-01;2.6250000e+02;2.2518924e-01;2.6250000e+02;1.9405887e-01;2.6250000e+02;1.4584216e-01;2.6250000e+02;9.4008341e-02;2.6250000e+02;4.8645161e-02;2.6250000e+02;-1.6595423e-04;2.6250000e+02;-4.1481048e-02;2.6250000e+02;-8.4794402e-02;2.6250000e+02;-1.2932453e-01;2.6250000e+02;-7.6184750e-02;2.6250000e+02;-6.1254580e-02;2.6250000e+02;-1.3498746e-02;2.6250000e+02;6.0103599e-02;2.6250000e+02;1.4850512e-01;2.6250000e+02;2.2407922e-01;2.6250000e+02;2.4894708e-01;2.6250000e+02;2.2085473e-01;2.6250000e+02;1.8372189e-01;2.6250000e+02;2.2518924e-01;2.6250000e+02;1.9405887e-01;2.6250000e+02;1.4584216e-01;2.6250000e+02;9.4008341e-02;2.6250000e+02;4.8645161e-02;2.6250000e+02;-1.6595423e-04;2.6250000e+02;-4.1481048e-02;2.6250000e+02;-8.4794402e-02;2.6250000e+02;-1.2932453e-01;2.6250000e+02;-7.6184750e-02;2.6250000e+02;-6.1254580e-02;2.6250000e+02;-1.3498746e-02;2.6250000e+02;6.0103599e-02;2.6250000e+02;1.4850512e-01;2.6250000e+02;2.2407922e-01;2.6250000e+02;2.4894708e-01;2.6250000e+02;2.2085473e-01;2.6250000e+02;1.8372189e-01;2.6250000e+02;2.2518924e-01;2.6250000e+02;1.9405887e-01;2.6250000e+02;1.4584216e-01;2.6250000e+02;9.4008341e-02;2.6250000e+02;4.8645161e-02;2.6250000e+02;-1.6595423e-04;2.6250000e+02;-4.1481048e-02;2.6250000e+02;-8.4794402e-02;2.6250000e+02;-1.2932453e-01;2.6250000e+02;-7.6184750e-02;2.6250000e+02;-6.1254580e-02;2.6250000e+02;-1.3498746e-02;2.6250000e+02;6.0103599e-02;2.6250000e+02;1.4850512e-01;2.6250000e+02;2.2407922e-01;2.6250000e+02;2.4894708e-01;2.6250000e+02;2.2085473e-01;2.6250000e+02;1.8372189e-01;2.6250000e+02;2.2518924e-01;2.6250000e+02;1.9405887e-01;2.6250000e+02;1.4584216e-01;2.6250000e+02;9.4008341e-02;2.6250000e+02;4.8645161e-02;2.6250000e+02;-1.6595423e-04;2.6250000e+02;-4.1481048e-02;2.6250000e+02;-8.4794402e-02;2.6250000e+02;-1.2932453e-01;2.6250000e+02;-7.6184750e-02;2.6250000e+02;-6.1254580e-02;2.6250000e+02;-1.3498746e-02;2.6250000e+02;6.0103599e-02;2.6250000e+02;1.4850512e-01;2.6250000e+02;2.2407922e-01;2.6250000e+02;2.4894708e-01;2.6250000e+02;2.2085473e-01;2.6250000e+02;1.8372189e-01;2.6250000e+02;2.2518924e-01;2.6250000e+02;1.9405887e-01;2.6250000e+02;1.4584216e-01;2.6250000e+02;9.4008341e-02;2.6250000e+02;4.8645161e-02;2.6250000e+02;-1.6595423e-04;2.6250000e+02;-4.1481048e-02;2.6250000e+02;-8.4794402e-02;2.6250000e+02;-1.2932453e-01;2.6250000e+02;-7.6184750e-02;2.6250000e+02;-6.1254580e-02;2.6250000e+02;-1.3498746e-02;2.6250000e+02;6.0103599e-02;2.6250000e+02;1.4850512e-01;2.6250000e+02;2.2407922e-01;2.6250000e+02;2.4894708e-01;2.6250000e+02;2.2085473e-01;2.6250000e+02;1.8372189e-01;2.6250000e+02;2.2518924e-01;2.6250000e+02;1.9405887e-01;2.6250000e+02;1.4584216e-01;2.6250000e+02;9.4008341e-02;2.6250000e+02;4.8645161e-02;2.6250000e+02;-1.6595423e-04;2.6250000e+02;-4.1481048e-02;2.6250000e+02;-8.4794402e-02;2.6250000e+02;-1.2932453e-01;2.6250000e+02;-7.6184750e-02;2.6250000e+02;-6.1254580e-02;2.6250000e+02;-1.3498746e-02;2.6250000e+02;6.0103599e-02;2.6250000e+02;1.4850512e-01;2.6250000e+02;2.2407922e-01;2.6250000e+02;2.4894708e-01;2.6250000e+02;2.2085473e-01;2.6250000e+02;1.8372189e-01;2.6250000e+02;2.2518924e-01;2.6250000e+02;1.9405887e-01;2.6250000e+02;1.4584216e-01;2.6250000e+02;9.4008341e-02;2.6250000e+02;4.8645161e-02;2.6250000e+02;-1.6595423e-04;2.6250000e+02;-4.1481048e-02;2.6250000e+02;-8.4794402e-02;2.6250000e+02;-1.2932453e-01;2.6250000e+02;-7.6184750e-02;2.6250000e+02;-6.1254580e-02;2.6250000e+02;-1.3498746e-02;2.6250000e+02;6.0103599e-02;2.6250000e+02;1.4850512e-01;2.6250000e+02;2.2407922e-01;2.6250000e+02;2.4894708e-01;2.6250000e+02;2.2085473e-01;2.6250000e+02;1.8372189e-01;2.6250000e+02;2.2518924e-01;2.6250000e+02;1.9405887e-01;2.6250000e+02;1.4584216e-01;2.6250000e+02;9.4008341e-02;2.6250000e+02;4.8645161e-02;2.6250000e+02;-1.6595423e-04;2.6250000e+02;-4.1481048e-02;2.6250000e+02;-8.4794402e-02;2.6250000e+02;-1.2932453e-01;2.6250000e+02;-7.6184750e-02;2.6250000e+02;-6.1254580e-02;2.6250000e+02;-1.3498746e-02;2.6250000e+02;6.0103599e-02;2.6250000e+02;1.4850512e-01;2.6250000e+02;2.2407922e-01;2.6250000e+02;2.4894708e-01;2.6250000e+02;2.2085473e-01;2.6250000e+02;1.8372189e-01;2.6250000e+02;2.2518924e-01;2.6250000e+02;1.9405887e-01;2.6250000e+02;1.4584216e-01;2.6250000e+02;9.4008341e-02;2.6250000e+02;4.8645161e-02;2.6250000e+02;-1.6595423e-04;2.6250000e+02;-4.1481048e-02;2.6250000e+02;-8.4794402e-02;2.6250000e+02;-1.2932453e-01;2.6250000e+02;-7.6184750e-02;2.6250000e+02;-6.1254580e-02;2.6250000e+02;-1.3498746e-02;2.6250000e+02;6.0103599e-02;2.6250000e+02;1.4850512e-01;2.6250000e+02;2.2407922e-01;2.6250000e+02;2.4894708e-01;2.6250000e+02;2.2085473e-01;2.6250000e+02;1.8372189e-01;2.6250000e+02;2.2518924e-01;2.6250000e+02;1.9405887e-01;2.6250000e+02;1.4584216e-01;2.6250000e+02;9.4008341e-02;2.6250000e+02;4.8645161e-02;2.6250000e+02;-1.6595423e-04;2.6250000e+02;-4.1481048e-02;2.6250000e+02;-8.4794402e-02;2.6250000e+02;-1.2932453e-01;2.6250000e+02;-7.6184750e-02;2.6250000e+02;-6.1254580e-02;2.6250000e+02;-1.3498746e-02;2.6250000e+02;6.0103599e-02;2.6250000e+02;1.4850512e-01;2.6250000e+02;2.2407922e-01;2.6250000e+02;2.4894708e-01;2.6250000e+02;2.2085473e-01;2.6250000e+02;1.8372189e-01;2.6250000e+02;2.2518924e-01;2.6250000e+02;1.9405887e-01;2.6250000e+02;1.4584216e-01;2.6250000e+02;9.4008341e-02;2.6250000e+02;4.8645161e-02;2.6250000e+02;-1.6595423e-04;2.6250000e+02;-4.1481048e-02;2.6250000e+02;-8.4794402e-02;2.6250000e+02;-1.2932453e-01;2.6250000e+02;-7.6184750e-02;2.6250000e+02;-6.1254580e-02;2.6250000e+02;-1.3498746e-02;2.6250000e+02;6.0103599e-02;2.6250000e+02;1.4850512e-01;2.6250000e+02;2.2407922e-01;2.6250000e+02;2.4894708e-01;2.6250000e+02;2.2085473e-01;2.6250000e+02;1.8372189e-01;2.6250000e+02;2.2518924e-01;2.6250000e+02;1.9405887e-01;2.6250000e+02;1.4584216e-01;2.6250000e+02;9.4008341e-02;2.6250000e+02;4.8645161e-02;2.6250000e+02;-1.6595423e-04;2.6250000e+02;-4.1481048e-02;2.6250000e+02;-8.4794402e-02;2.6250000e+02;-1.2932453e-01;2.6250000e+02;-7.6184750e-02;2.6250000e+02;-6.1254580e-02;2.6250000e+02;-1.3498746e-02;2.6250000e+02;6.0103599e-02;2.6250000e+02;1.4850512e-01;2.6250000e+02;2.2407922e-01;2.6250000e+02;2.4894708e-01;2.6250000e+02;2.2085473e-01;2.6250000e+02;1.8372189e-01;2.6250000e+02;2.2518924e-01;2.6250000e+02;1.9405887e-01;2.6250000e+02;1.4584216e-01;2.6250000e+02;9.4008341e-02;2.6250000e+02;4.8645161e-02;2.6250000e+02;-1.6595423e-04;2.6250000e+02;-4.1481048e-02;2.6250000e+02;-8.4794402e-02;2.6250000e+02;-1.2932453e-01;2.6250000e+02;-7.6184750e-02;2.6250000e+02;-6.1254580e-02;2.6250000e+02;-1.3498746e-02;2.6250000e+02;6.0103599e-02;2.6250000e+02;1.4850512e-01;2.6250000e+02;2.2407922e-01;2.6250000e+02;2.4894708e-01;2.6250000e+02;2.2085473e-01;2.6250000e+02;1.8372189e-01;2.6250000e+02;2.2518924e-01;2.6250000e+02;1.9405887e-01;2.6250000e+02;1.4584216e-01;2.6250000e+02;9.4008341e-02;2.6250000e+02;4.8645161e-02;2.6250000e+02;-1.6595423e-04;2.6250000e+02;-4.1481048e-02;2.6250000e+02;-8.4794402e-02;2.6250000e+02;-1.2932453e-01;2.6250000e+02;-7.6184750e-02;2.6250000e+02;-6.1254580e-02;2.6250000e+02;-1.3498746e-02;2.6250000e+02;6.0103599e-02;2.6250000e+02;1.4850512e-01;2.6250000e+02;2.2407922e-01;2.6250000e+02;2.4894708e-01;2.6250000e+02;2.2085473e-01;2.6250000e+02;1.8372189e-01;2.6250000e+02;2.2518924e-01;2.6250000e+02;1.9405887e-01;2.6250000e+02;1.4584216e-01;2.6250000e+02;9.4008341e-02;2.6250000e+02;4.8645161e-02;2.6250000e+02;-1.6595423e-04;2.6250000e+02;-4.1481048e-02;2.6250000e+02;-8.4794402e-02;2.6250000e+02;-1.2932453e-01;2.6250000e+02;-7.6184750e-02;2.6250000e+02;-6.1254580e-02;2.6250000e+02;-1.3498746e-02;2.6250000e+02;6.0103599e-02;2.6250000e+02;1.4850512e-01;2.6250000e+02;2.2407922e-01;2.6250000e+02;2.4894708e-01;2.6250000e+02;2.2085473e-01;2.6250000e+02;1.8372189e-01;2.6250000e+02;2.2518924e-01;2.6250000e+02;1.9405887e-01;2.6250000e+02;1.4584216e-01;2.6250000e+02;9.4008341e-02;2.6250000e+02;4.8645161e-02;2.6250000e+02;-1.6595423e-04;2.6250000e+02;-4.1481048e-02;2.6250000e+02;-8.4794402e-02;2.6250000e+02;-1.2932453e-01;2.6250000e+02;-7.6184750e-02;2.6250000e+02;-6.1254580e-02;2.6250000e+02;-1.3498746e-02;2.6250000e+02;6.0103599e-02;2.6250000e+02;1.4850512e-01;2.6250000e+02;2.2407922e-01;2.6250000e+02;2.4894708e-01;2.6250000e+02;2.2085473e-01;2.6250000e+02;1.8372189e-01;2.6250000e+02;2.2518924e-01;2.6250000e+02;1.9405887e-01;2.6250000e+02;1.4584216e-01;2.6250000e+02;9.4008341e-02;2.6250000e+02;4.8645161e-02;2.6250000e+02;-1.6595423e-04;2.6250000e+02;-4.1481048e-02;2.6250000e+02;-8.4794402e-02;2.6250000e+02;-1.2932453e-01;2.6250000e+02;-7.6184750e-02;2.6250000e+02;-6.1254580e-02;2.6250000e+02;-1.3498746e-02;2.6250000e+02;6.0103599e-02;2.6250000e+02;1.4850512e-01;2.6250000e+02;2.2407922e-01;2.6250000e+02;2.4894708e-01;2.6250000e+02;2.2085473e-01;2.6250000e+02;1.8372189e-01;2.6250000e+02;2.2518924e-01;2.6250000e+02;1.9405887e-01;2.6250000e+02;1.4584216e-01;2.6250000e+02;9.4008341e-02;2.6250000e+02;4.8645161e-02;2.6250000e+02;-1.6595423e-04;2.6250000e+02;-4.1481048e-02;2.6250000e+02;-8.4794402e-02;2.6250000e+02;-1.2932453e-01;2.6250000e+02;-7.6184750e-02;2.6250000e+02;-6.1254580e-02;2.6250000e+02;-1.3498746e-02;2.6250000e+02;6.0103599e-02;2.6250000e+02;1.4850512e-01;2.6250000e+02;2.2407922e-01;2.6250000e+02;2.4894708e-01;2.6250000e+02;2.2085473e-01;2.6250000e+02;1.8372189e-01;2.6250000e+02;2.2518924e-01;2.6250000e+02;1.9405887e-01;2.6250000e+02;1.4584216e-01;2.6250000e+02;9.4008341e-02;2.6250000e+02;4.8645161e-02;2.6250000e+02;-1.6595423e-04;2.6250000e+02;-4.1481048e-02;2.6250000e+02;-8.4794402e-02;2.6250000e+02;-1.2932453e-01;2.6250000e+02;-7.6184750e-02;2.6250000e+02;-6.1254580e-02;2.6250000e+02;-1.3498746e-02;2.6250000e+02;6.0103599e-02;2.6250000e+02;1.4850512e-01;2.6250000e+02;2.2407922e-01;2.6250000e+02;2.4894708e-01;2.6250000e+02;2.2085473e-01;2.6250000e+02;1.8372189e-01;2.6250000e+02;2.2518924e-01;2.6250000e+02;1.9405887e-01;2.6250000e+02;1.4584216e-01;2.6250000e+02;9.4008341e-02;2.6250000e+02;4.8645161e-02;2.6250000e+02;-1.6595423e-04;2.6250000e+02;-4.1481048e-02;2.6250000e+02;-8.4794402e-02;2.6250000e+02;-1.2932453e-01;2.6250000e+02;-7.6184750e-02;2.6250000e+02;-6.1254580e-02;2.6250000e+02;-1.3498746e-02;2.6250000e+02;6.0103599e-02;2.6250000e+02;1.4850512e-01;2.6250000e+02;2.2407922e-01;2.6250000e+02;2.4894708e-01;2.6250000e+02;2.2085473e-01;2.6250000e+02;1.8372189e-01;2.6250000e+02;2.2518924e-01;2.6250000e+02;1.9405887e-01;2.6250000e+02;1.4584216e-01;2.6250000e+02;9.4008341e-02;2.6250000e+02;4.8645161e-02;2.6250000e+02;-1.6595423e-04;2.6250000e+02;-4.1481048e-02;2.6250000e+02;-8.4794402e-02;2.6250000e+02;-1.2932453e-01;2.6250000e+02;-7.6184750e-02;2.6250000e+02;-6.1254580e-02;2.6250000e+02;-1.3498746e-02;2.6250000e+02;6.0103599e-02;2.6250000e+02;1.4850512e-01;2.6250000e+02;2.2407922e-01;2.6250000e+02;2.4894708e-01;2.6250000e+02;2.2085473e-01;2.6250000e+02;1.8372189e-01;2.6250000e+02;2.2518924e-01;2.6250000e+02;1.9405887e-01;2.6250000e+02;1.4584216e-01;2.6250000e+02;9.4008341e-02;2.6250000e+02;4.8645161e-02;2.6250000e+02;-1.6595423e-04;2.6250000e+02;-4.1481048e-02;2.6250000e+02;-8.4794402e-02;2.6250000e+02;-1.2932453e-01;2.6250000e+02;-7.6184750e-02;2.6250000e+02;-6.1254580e-02;2.6250000e+02;-1.3498746e-02;2.6250000e+02;6.0103599e-02;2.6250000e+02;1.4850512e-01;2.6250000e+02;2.2407922e-01;2.6250000e+02;2.4894708e-01;2.6250000e+02;2.2085473e-01;2.6250000e+02;1.8372189e-01;2.6250000e+02;2.2518924e-01;2.6250000e+02;1.9405887e-01;2.6250000e+02;1.4584216e-01;2.6250000e+02;9.4008341e-02;2.6250000e+02;4.8645161e-02;2.6250000e+02;-1.6595423e-04;2.6250000e+02;-4.1481048e-02;2.6250000e+02;-8.4794402e-02;2.6250000e+02;-1.2932453e-01;2.6250000e+02;-7.6184750e-02;2.6250000e+02;-6.1254580e-02;2.6250000e+02;-1.3498746e-02;2.6250000e+02;6.0103599e-02;2.6250000e+02;1.4850512e-01;2.6250000e+02;2.2407922e-01;2.6250000e+02;2.4894708e-01;2.6250000e+02;2.2085473e-01;2.6250000e+02;1.8372189e-01;2.6250000e+02;2.2518924e-01;2.6250000e+02;1.9405887e-01;2.6250000e+02;1.4584216e-01;2.6250000e+02;9.4008341e-02;2.6250000e+02;4.8645161e-02;2.6250000e+02;-1.6595423e-04;2.6250000e+02;-4.1481048e-02;2.6250000e+02;-8.4794402e-02;2.6250000e+02;-1.2932453e-01;2.6250000e+02;-7.6184750e-02;2.6250000e+02;-6.1254580e-02;2.6250000e+02;-1.3498746e-02;2.6250000e+02;6.0103599e-02;2.6250000e+02;1.4850512e-01;2.6250000e+02;2.2407922e-01;2.6250000e+02;2.4894708e-01;2.6250000e+02;2.2085473e-01;2.6250000e+02;1.8372189e-01;2.6250000e+02;2.2518924e-01;2.6250000e+02;1.9405887e-01;2.6250000e+02;1.4584216e-01;2.6250000e+02;9.4008341e-02;2.6250000e+02;4.8645161e-02;2.6250000e+02;-1.6595423e-04;2.6250000e+02;-4.1481048e-02;2.6250000e+02;-8.4794402e-02;2.6250000e+02;-1.2932453e-01;2.6250000e+02;-7.6184750e-02;2.6250000e+02;-6.1254580e-02;2.6250000e+02;-1.3498746e-02;2.6250000e+02;6.0103599e-02;2.6250000e+02;1.4850512e-01;2.6250000e+02;2.2407922e-01;2.6250000e+02;2.4894708e-01;2.6250000e+02;2.2085473e-01;2.6250000e+02;1.8372189e-01;2.6250000e+02;2.2518924e-01;2.6250000e+02;1.9405887e-01;2.6250000e+02;1.4584216e-01;2.6250000e+02;9.4008341e-02;2.6250000e+02;4.8645161e-02;2.6250000e+02;-1.6595423e-04;2.6250000e+02;-4.1481048e-02;2.6250000e+02;-8.4794402e-02;2.6250000e+02;-1.2932453e-01;2.6250000e+02;-7.6184750e-02;2.6250000e+02;-6.1254580e-02;2.6250000e+02;-1.3498746e-02;2.6250000e+02;6.0103599e-02;2.6250000e+02;1.4850512e-01;2.6250000e+02;2.2407922e-01;2.6250000e+02;2.4894708e-01;2.6250000e+02;2.2085473e-01;2.6250000e+02;1.8372189e-01;2.6250000e+02;2.2518924e-01;2.6250000e+02;1.9405887e-01;2.6250000e+02;1.4584216e-01;2.6250000e+02;9.4008341e-02;2.6250000e+02;4.8645161e-02;2.6250000e+02;-1.6595423e-04;2.6250000e+02;-4.1481048e-02;2.6250000e+02;-8.4794402e-02;2.6250000e+02;-1.2932453e-01;2.6250000e+02;-7.6184750e-02;2.6250000e+02;-6.1254580e-02;2.6250000e+02;-1.3498746e-02;2.6250000e+02;6.0103599e-02;2.6250000e+02;1.4850512e-01;2.6250000e+02;2.2407922e-01;2.6250000e+02;2.4894708e-01;2.6250000e+02;2.2085473e-01;2.6250000e+02;1.8372189e-01;2.6250000e+02;2.2518924e-01;2.6250000e+02;1.9405887e-01;2.6250000e+02;1.4584216e-01;2.6250000e+02;9.4008341e-02;2.6250000e+02;4.8645161e-02;2.6250000e+02;-1.6595423e-04;2.6250000e+02;-4.1481048e-02;2.6250000e+02;-8.4794402e-02;2.6250000e+02;-1.2932453e-01;2.6250000e+02;-7.6184750e-02;2.6250000e+02;-6.1254580e-02;2.6250000e+02;-1.3498746e-02;2.6250000e+02;6.0103599e-02;2.6250000e+02;1.4850512e-01;2.6250000e+02;2.2407922e-01;2.6250000e+02;2.4894708e-01;2.6250000e+02;2.2085473e-01;2.6250000e+02;1.8372189e-01;2.6250000e+02;2.2518924e-01;2.6250000e+02;1.9405887e-01;2.6250000e+02;1.4584216e-01;2.6250000e+02;9.4008341e-02;2.6250000e+02;4.8645161e-02;2.6250000e+02;-1.6595423e-04;2.6250000e+02;-4.1481048e-02;2.6250000e+02;-8.4794402e-02;2.6250000e+02;-1.2932453e-01;2.6250000e+02;-7.6184750e-02;2.6250000e+02;-6.1254580e-02;2.6250000e+02;-1.3498746e-02;2.6250000e+02;6.0103599e-02;2.6250000e+02;1.4850512e-01;2.6250000e+02;2.2407922e-01;2.6250000e+02;2.4894708e-01;2.6250000e+02;2.2085473e-01;2.6250000e+02;1.8372189e-01;2.6250000e+02;2.2518924e-01;2.6250000e+02;1.9405887e-01;2.6250000e+02;1.4584216e-01;2.6250000e+02;9.4008341e-02;2.6250000e+02;4.8645161e-02;2.6250000e+02;-1.6595423e-04;2.6250000e+02;-4.1481048e-02;2.6250000e+02;-8.4794402e-02;2.6250000e+02;-1.2932453e-01;2.6250000e+02;-7.6184750e-02;2.6250000e+02;-6.1254580e-02;2.6250000e+02;-1.3498746e-02;2.6250000e+02;6.0103599e-02;2.6250000e+02;1.4850512e-01;2.6250000e+02;2.2407922e-01;2.6250000e+02;2.4894708e-01;2.6250000e+02;2.2085473e-01;2.6250000e+02;1.8372189e-01;2.6250000e+02;2.2518924e-01;2.6250000e+02;1.9405887e-01;2.6250000e+02;1.4584216e-01;2.6250000e+02;9.4008341e-02;2.6250000e+02;4.8645161e-02;2.6250000e+02;-1.6595423e-04;2.6250000e+02;-4.1481048e-02;2.6250000e+02;-8.4794402e-02;2.6250000e+02;-1.2932453e-01;2.6250000e+02;-7.6184750e-02;2.6250000e+02;-6.1254580e-02;2.6250000e+02;-1.3498746e-02;2.6250000e+02;6.0103599e-02;2.6250000e+02;1.4850512e-01;2.6250000e+02;2.2407922e-01;2.6250000e+02;2.4894708e-01;2.6250000e+02;2.2085473e-01;2.6250000e+02;1.8372189e-01;2.6250000e+02;2.2518924e-01;2.6250000e+02;1.9405887e-01;2.6250000e+02;1.4584216e-01;2.6250000e+02;9.4008341e-02;2.6250000e+02;4.8645161e-02;2.6250000e+02;-1.6595423e-04;2.6250000e+02;-4.1481048e-02;2.6250000e+02;-8.4794402e-02;2.6250000e+02;-1.2932453e-01;2.6250000e+02;-7.6184750e-02;2.6250000e+02;-6.1254580e-02;2.6250000e+02;-1.3498746e-02;2.6250000e+02;6.0103599e-02;2.6250000e+02;1.4850512e-01;2.6250000e+02;2.2407922e-01;2.6250000e+02;2.4894708e-01;2.6250000e+02;2.2085473e-01;2.6250000e+02;1.8372189e-01;2.6250000e+02;2.2518924e-01;2.6250000e+02;1.9405887e-01;2.6250000e+02;1.4584216e-01;2.6250000e+02;9.4008341e-02;2.6250000e+02;4.8645161e-02;2.6250000e+02;-1.6595423e-04;2.6250000e+02;-4.1481048e-02;2.6250000e+02;-8.4794402e-02;2.6250000e+02;-1.2932453e-01;2.6250000e+02;-7.6184750e-02;2.6250000e+02;-6.1254580e-02;2.6250000e+02;-1.3498746e-02;2.6250000e+02;6.0103599e-02;2.6250000e+02;1.4850512e-01;2.6250000e+02;2.2407922e-01;2.6250000e+02;2.4894708e-01;2.6250000e+02;2.2085473e-01;2.6250000e+02;1.8372189e-01;2.6250000e+02;2.2518924e-01;2.6250000e+02;1.9405887e-01;2.6250000e+02;1.4584216e-01;2.6250000e+02;9.4008341e-02;2.6250000e+02;4.8645161e-02;2.6250000e+02;-1.6595423e-04;2.6250000e+02;-4.1481048e-02;2.6250000e+02;-8.4794402e-02;2.6250000e+02;-1.2932453e-01;2.6250000e+02;-7.6184750e-02;2.6250000e+02;-6.1254580e-02;2.6250000e+02;-1.3498746e-02;2.6250000e+02;6.0103599e-02;2.6250000e+02;1.4850512e-01;2.6250000e+02;2.2407922e-01;2.6250000e+02;2.4894708e-01;2.6250000e+02;2.2085473e-01;2.6250000e+02;1.8372189e-01;2.6250000e+02;2.2518924e-01;2.6250000e+02;1.9405887e-01;2.6250000e+02;1.4584216e-01;2.6250000e+02;9.4008341e-02;2.6250000e+02;4.8645161e-02;2.6250000e+02;-1.6595423e-04;2.6250000e+02;-4.1481048e-02;2.6250000e+02;-8.4794402e-02;2.6250000e+02;-1.2932453e-01;2.6250000e+02;-7.6184750e-02;2.6250000e+02;-6.1254580e-02;2.6250000e+02;-1.3498746e-02;2.6250000e+02;6.0103599e-02;2.6250000e+02;1.4850512e-01;2.6250000e+02;2.2407922e-01;2.6250000e+02;2.4894708e-01;2.6250000e+02;2.2085473e-01;2.6250000e+02;1.8372189e-01;2.6250000e+02;2.2518924e-01;2.6250000e+02;1.9405887e-01;2.6250000e+02;1.4584216e-01;2.6250000e+02;9.4008341e-02;2.6250000e+02;4.8645161e-02;2.6250000e+02;-1.6595423e-04;2.6250000e+02;-4.1481048e-02;2.6250000e+02;-8.4794402e-02;2.6250000e+02;-1.2932453e-01;2.6250000e+02;-7.6184750e-02;2.6250000e+02;-6.1254580e-02;2.6250000e+02;-1.3498746e-02;2.6250000e+02;6.0103599e-02;2.6250000e+02;1.4850512e-01;2.6250000e+02;2.2407922e-01;2.6250000e+02;2.4894708e-01;2.6250000e+02;2.2085473e-01;2.6250000e+02;1.8372189e-01;2.6250000e+02;2.2518924e-01;2.6250000e+02;1.9405887e-01;2.6250000e+02;1.4584216e-01;2.6250000e+02;9.4008341e-02;2.6250000e+02;4.8645161e-02;2.6250000e+02;-1.6595423e-04;2.6250000e+02;-4.1481048e-02;2.6250000e+02;-8.4794402e-02;2.6250000e+02;-1.2932453e-01;2.6250000e+02;-7.6184750e-02;2.6250000e+02;-6.1254580e-02;2.6250000e+02;-1.3498746e-02;2.6250000e+02;6.0103599e-02;2.6250000e+02;1.4850512e-01;2.6250000e+02;2.2407922e-01;2.6250000e+02;2.4894708e-01;2.6250000e+02;2.2085473e-01;2.6250000e+02;1.8372189e-01;2.6250000e+02;2.2518924e-01;2.6250000e+02;1.9405887e-01;2.6250000e+02;1.4584216e-01;2.6250000e+02;9.4008341e-02;2.6250000e+02;4.8645161e-02;2.6250000e+02;-1.6595423e-04;2.6250000e+02;-4.1481048e-02;2.6250000e+02;-8.4794402e-02;2.6250000e+02;-1.2932453e-01;2.6250000e+02;-7.6184750e-02;2.6250000e+02;-6.1254580e-02;2.6250000e+02;-1.3498746e-02;2.6250000e+02;6.0103599e-02;2.6250000e+02;1.4850512e-01;2.6250000e+02;2.2407922e-01;2.6250000e+02;2.4894708e-01;2.6250000e+02;2.2085473e-01;2.6250000e+02;1.8372189e-01;2.6250000e+02;2.2518924e-01;2.6250000e+02;1.9405887e-01;2.6250000e+02;1.4584216e-01;2.6250000e+02;9.4008341e-02;2.6250000e+02;4.8645161e-02;2.6250000e+02;-1.6595423e-04;2.6250000e+02;-4.1481048e-02;2.6250000e+02;-8.4794402e-02;2.6250000e+02;-1.2932453e-01;2.6250000e+02;-7.6184750e-02;2.6250000e+02;-6.1254580e-02;2.6250000e+02;-1.3498746e-02;2.6250000e+02;6.0103599e-02;2.6250000e+02;1.4850512e-01;2.6250000e+02;2.2407922e-01;2.6250000e+02;2.4894708e-01;2.6250000e+02;2.2085473e-01;2.6250000e+02;1.8372189e-01;2.6250000e+02;2.2518924e-01;2.6250000e+02;1.9405887e-01;2.6250000e+02;1.4584216e-01;2.6250000e+02;9.4008341e-02;2.6250000e+02;4.8645161e-02;2.6250000e+02;-1.6595423e-04;2.6250000e+02;-4.1481048e-02;2.6250000e+02;-8.4794402e-02;2.6250000e+02;-1.2932453e-01;2.6250000e+02;-7.6184750e-02;2.6250000e+02;-6.1254580e-02;2.6250000e+02;-1.3498746e-02;2.6250000e+02;6.0103599e-02;2.6250000e+02;1.4850512e-01;2.6250000e+02;2.2407922e-01;2.6250000e+02;2.4894708e-01;2.6250000e+02;2.2085473e-01;2.6250000e+02;1.8372189e-01;2.6250000e+02;2.2518924e-01;2.6250000e+02;1.9405887e-01;2.6250000e+02;1.4584216e-01;2.6250000e+02;9.4008341e-02;2.6250000e+02;4.8645161e-02;2.6250000e+02;-1.6595423e-04;2.6250000e+02;-4.1481048e-02;2.6250000e+02;-8.4794402e-02;2.6250000e+02;-1.2932453e-01;2.6250000e+02;-7.6184750e-02;2.6250000e+02;-6.1254580e-02;2.6250000e+02;-1.3498746e-02;2.6250000e+02;6.0103599e-02;2.6250000e+02;1.4850512e-01;2.6250000e+02;2.2407922e-01;2.6250000e+02;2.4894708e-01;2.6250000e+02;2.2085473e-01;2.6250000e+02;1.8372189e-01;2.6250000e+02;2.2518924e-01;2.6250000e+02;1.9405887e-01;2.6250000e+02;1.4584216e-01;2.6250000e+02;9.4008341e-02;2.6250000e+02;4.8645161e-02;2.6250000e+02;-1.6595423e-04;2.6250000e+02;-4.1481048e-02;2.6250000e+02;-8.4794402e-02;2.6250000e+02;-1.2932453e-01;2.6250000e+02;-7.6184750e-02;2.6250000e+02;-6.1254580e-02;2.6250000e+02;-1.3498746e-02;2.6250000e+02;6.0103599e-02;2.6250000e+02;1.4850512e-01;2.6250000e+02;2.2407922e-01;2.6250000e+02;2.4894708e-01;2.6250000e+02;2.2085473e-01;2.6250000e+02;1.8372189e-01;2.6250000e+02;2.2518924e-01;2.6250000e+02;1.9405887e-01;2.6250000e+02;1.4584216e-01;2.6250000e+02;9.4008341e-02;2.6250000e+02;4.8645161e-02;2.6250000e+02;-1.6595423e-04;2.6250000e+02;-4.1481048e-02;2.6250000e+02;-8.4794402e-02;2.6250000e+02;-1.2932453e-01;2.6250000e+02;-7.6184750e-02;2.6250000e+02;-6.1254580e-02;2.6250000e+02;-1.3498746e-02;2.6250000e+02;6.0103599e-02;2.6250000e+02;1.4850512e-01;2.6250000e+02;2.2407922e-01;2.6250000e+02;2.4894708e-01;2.6250000e+02;2.2085473e-01;2.6250000e+02;1.8372189e-01;2.6250000e+02;2.2518924e-01;2.6250000e+02;1.9405887e-01;2.6250000e+02;1.4584216e-01;2.6250000e+02;9.4008341e-02;2.6250000e+02;4.8645161e-02;2.6250000e+02;-1.6595423e-04;2.6250000e+02;-4.1481048e-02;2.6250000e+02;-8.4794402e-02;2.6250000e+02;-1.2932453e-01;2.6250000e+02;-7.6184750e-02;2.6250000e+02;-6.1254580e-02;2.6250000e+02;-1.3498746e-02;2.6250000e+02;6.0103599e-02;2.6250000e+02;1.4850512e-01;2.6250000e+02;2.2407922e-01;2.6250000e+02;2.4894708e-01;2.6250000e+02;2.2085473e-01;2.6250000e+02;1.8372189e-01;2.6250000e+02;2.2518924e-01;2.6250000e+02;1.9405887e-01;2.6250000e+02;1.4584216e-01;2.6250000e+02;9.4008341e-02;2.6250000e+02;4.8645161e-02;2.6250000e+02;-1.6595423e-04;2.6250000e+02;-4.1481048e-02;2.6250000e+02;-8.4794402e-02;2.6250000e+02;-1.2932453e-01;2.6250000e+02;-7.6184750e-02;2.6250000e+02;-6.1254580e-02;2.6250000e+02;-1.3498746e-02;2.6250000e+02;6.0103599e-02;2.6250000e+02;1.4850512e-01;2.6250000e+02;2.2407922e-01;2.6250000e+02;2.4894708e-01;2.6250000e+02;2.2085473e-01;2.6250000e+02;1.8372189e-01;2.6250000e+02;2.2518924e-01;2.6250000e+02;1.9405887e-01;2.6250000e+02;1.4584216e-01;2.6250000e+02;9.4008341e-02;2.6250000e+02;4.8645161e-02;2.6250000e+02;-1.6595423e-04;2.6250000e+02;-4.1481048e-02;2.6250000e+02;-8.4794402e-02;2.6250000e+02;-1.2932453e-01;2.6250000e+02;-7.6184750e-02;2.6250000e+02;-6.1254580e-02;2.6250000e+02;-1.3498746e-02;2.6250000e+02;6.0103599e-02;2.6250000e+02;1.4850512e-01;2.6250000e+02;2.2407922e-01;2.6250000e+02;2.4894708e-01;2.6250000e+02;2.2085473e-01;2.6250000e+02;1.8372189e-01;2.6250000e+02;2.2518924e-01;2.6250000e+02;1.9405887e-01;2.6250000e+02;1.4584216e-01;2.6250000e+02;9.4008341e-02;2.6250000e+02;4.8645161e-02;2.6250000e+02;-1.6595423e-04;2.6250000e+02;-4.1481048e-02;2.6250000e+02;-8.4794402e-02;2.6250000e+02;-1.2932453e-01;2.6250000e+02;-7.6184750e-02;2.6250000e+02;-6.1254580e-02;2.6250000e+02;-1.3498746e-02;2.6250000e+02;6.0103599e-02;2.6250000e+02;1.4850512e-01;2.6250000e+02;2.2407922e-01;2.6250000e+02;2.4894708e-01;2.6250000e+02;2.2085473e-01;2.6250000e+02;1.8372189e-01;2.6250000e+02;2.2518924e-01;2.6250000e+02;1.9405887e-01;2.6250000e+02;1.4584216e-01;2.6250000e+02;9.4008341e-02;2.6250000e+02;4.8645161e-02;2.6250000e+02;-1.6595423e-04;2.6250000e+02;-4.1481048e-02;2.6250000e+02;-8.4794402e-02;2.6250000e+02;-1.2932453e-01;2.6250000e+02;-7.6184750e-02;2.6250000e+02;-6.1254580e-02;2.6250000e+02;-1.3498746e-02;2.6250000e+02;6.0103599e-02;2.6250000e+02;1.4850512e-01;2.6250000e+02;2.2407922e-01;2.6250000e+02;2.4894708e-01;2.6250000e+02;2.2085473e-01;2.6250000e+02;1.8372189e-01;2.6250000e+02;2.2518924e-01;2.6250000e+02;1.9405887e-01;2.6250000e+02;1.4584216e-01;2.6250000e+02;9.4008341e-02;2.6250000e+02;4.8645161e-02;2.6250000e+02;-1.6595423e-04;2.6250000e+02;-4.1481048e-02;2.6250000e+02;-8.4794402e-02;2.6250000e+02;-1.2932453e-01;2.6250000e+02;-7.6184750e-02;2.6250000e+02;-6.1254580e-02;2.6250000e+02;-1.3498746e-02;2.6250000e+02;6.0103599e-02;2.6250000e+02;1.4850512e-01;2.6250000e+02;2.2407922e-01;2.6250000e+02;2.4894708e-01;2.6250000e+02;2.2085473e-01;2.6250000e+02;1.8372189e-01;2.6250000e+02;2.2518924e-01;2.6250000e+02;1.9405887e-01;2.6250000e+02;1.4584216e-01;2.6250000e+02;9.4008341e-02;2.6250000e+02;4.8645161e-02;2.6250000e+02;-1.6595423e-04;2.6250000e+02;-4.1481048e-02;2.6250000e+02;-8.4794402e-02;2.6250000e+02;-1.2932453e-01;2.6250000e+02;-7.6184750e-02;2.6250000e+02;-6.1254580e-02;2.6250000e+02;-1.3498746e-02;2.6250000e+02;6.0103599e-02;2.6250000e+02;1.4850512e-01;2.6250000e+02;2.2407922e-01;2.6250000e+02;2.4894708e-01;2.6250000e+02;2.2085473e-01;2.6250000e+02;1.8372189e-01;2.6250000e+02;2.2518924e-01;2.6250000e+02;1.9405887e-01;2.6250000e+02;1.4584216e-01;2.6250000e+02;9.4008341e-02;2.6250000e+02;4.8645161e-02;2.6250000e+02;-1.6595423e-04;2.6250000e+02;-4.1481048e-02;2.6250000e+02;-8.4794402e-02;2.6250000e+02;-1.2932453e-01;2.6250000e+02;-7.6184750e-02;2.6250000e+02;-6.1254580e-02;2.6250000e+02;-1.3498746e-02;2.6250000e+02;6.0103599e-02;2.6250000e+02;1.4850512e-01;2.6250000e+02;2.2407922e-01;2.6250000e+02;2.4894708e-01;2.6250000e+02;2.2085473e-01;2.6250000e+02;1.8372189e-01;2.6250000e+02;2.2518924e-01;2.6250000e+02;1.9405887e-01;2.6250000e+02;1.4584216e-01;2.6250000e+02;9.4008341e-02;2.6250000e+02;4.8645161e-02;2.6250000e+02;-1.6595423e-04;2.6250000e+02;-4.1481048e-02;2.6250000e+02;-8.4794402e-02;2.6250000e+02;-1.2932453e-01;2.6250000e+02;-7.6184750e-02;2.6250000e+02;-6.1254580e-02;2.6250000e+02;-1.3498746e-02;2.6250000e+02;6.0103599e-02;2.6250000e+02;1.4850512e-01;2.6250000e+02;2.2407922e-01;2.6250000e+02;2.4894708e-01;2.6250000e+02;2.2085473e-01;2.6250000e+02;1.8372189e-01;2.6250000e+02;2.2518924e-01;2.6250000e+02;1.9405887e-01;2.6250000e+02;1.4584216e-01;2.6250000e+02;9.4008341e-02;2.6250000e+02;4.8645161e-02;2.6250000e+02;-1.6595423e-04;2.6250000e+02;-4.1481048e-02;2.6250000e+02;-8.4794402e-02;2.6250000e+02;-1.2932453e-01;2.6250000e+02;-7.6184750e-02;2.6250000e+02;-6.1254580e-02;2.6250000e+02;-1.3498746e-02;2.6250000e+02;6.0103599e-02;2.6250000e+02;1.4850512e-01;2.6250000e+02;2.2407922e-01;2.6250000e+02;2.4894708e-01;2.6250000e+02;2.2085473e-01;2.6250000e+02;1.8372189e-01;2.6250000e+02;2.2518924e-01;2.6250000e+02;1.9405887e-01;2.6250000e+02;1.4584216e-01;2.6250000e+02;9.4008341e-02;2.6250000e+02;4.8645161e-02;2.6250000e+02;-1.6595423e-04;2.6250000e+02;-4.1481048e-02;2.6250000e+02;-8.4794402e-02;2.6250000e+02;-1.2932453e-01;2.6250000e+02;-7.6184750e-02;2.6250000e+02;-6.1254580e-02;2.6250000e+02;-1.3498746e-02;2.6250000e+02;6.0103599e-02;2.6250000e+02;1.4850512e-01;2.6250000e+02;2.2407922e-01;2.6250000e+02;2.4894708e-01;2.6250000e+02;2.2085473e-01;2.6250000e+02;1.8372189e-01;2.6250000e+02;2.2518924e-01;2.6250000e+02;1.9405887e-01;2.6250000e+02;1.4584216e-01;2.6250000e+02;9.4008341e-02;2.6250000e+02;4.8645161e-02;2.6250000e+02;-1.6595423e-04;2.6250000e+02;-4.1481048e-02;2.6250000e+02;-8.4794402e-02;2.6250000e+02;-1.2932453e-01;2.6250000e+02;-7.6184750e-02;2.6250000e+02;-6.1254580e-02;2.6250000e+02;-1.3498746e-02;2.6250000e+02;6.0103599e-02;2.6250000e+02;1.4850512e-01;2.6250000e+02;2.2407922e-01;2.6250000e+02;2.4894708e-01;2.6250000e+02;2.2085473e-01;2.6250000e+02;1.8372189e-01;2.6250000e+02;2.2518924e-01;2.6250000e+02;1.9405887e-01;2.6250000e+02;1.4584216e-01;2.6250000e+02;9.4008341e-02;2.6250000e+02;4.8645161e-02;2.6250000e+02;-1.6595423e-04;2.6250000e+02;-4.1481048e-02;2.6250000e+02;-8.4794402e-02;2.6250000e+02;-1.2932453e-01;2.6250000e+02;-7.6184750e-02;2.6250000e+02;-6.1254580e-02;2.6250000e+02;-1.3498746e-02;2.6250000e+02;6.0103599e-02;2.6250000e+02;1.4850512e-01;2.6250000e+02;2.2407922e-01;2.6250000e+02;2.4894708e-01;2.6250000e+02;2.2085473e-01;2.6250000e+02;1.8372189e-01;2.6250000e+02;2.2518924e-01;2.6250000e+02;1.9405887e-01;2.6250000e+02;1.4584216e-01;2.6250000e+02;9.4008341e-02;2.6250000e+02;4.8645161e-02;2.6250000e+02;-1.6595423e-04;2.6250000e+02;-4.1481048e-02;2.6250000e+02;-8.4794402e-02;2.6250000e+02;-1.2932453e-01;2.6250000e+02;-7.6184750e-02;2.6250000e+02;-6.1254580e-02;2.6250000e+02;-1.3498746e-02;2.6250000e+02;6.0103599e-02;2.6250000e+02;1.4850512e-01;2.6250000e+02;2.2407922e-01;2.6250000e+02;2.4894708e-01;2.6250000e+02;2.2085473e-01;2.6250000e+02;1.8372189e-01;2.6250000e+02;2.2518924e-01;2.6250000e+02;1.9405887e-01;2.6250000e+02;1.4584216e-01;2.6250000e+02;9.4008341e-02;2.6250000e+02;4.8645161e-02;2.6250000e+02;-1.6595423e-04;2.6250000e+02;-4.1481048e-02;2.6250000e+02;-8.4794402e-02;2.6250000e+02;-1.2932453e-01;2.6250000e+02;-7.6184750e-02;2.6250000e+02;-6.1254580e-02;2.6250000e+02;-1.3498746e-02;2.6250000e+02;6.0103599e-02;2.6250000e+02;1.4850512e-01;2.6250000e+02;2.2407922e-01;2.6250000e+02;2.4894708e-01;2.6250000e+02;2.2085473e-01;2.6250000e+02;1.8372189e-01;2.6250000e+02;2.2518924e-01;2.6250000e+02;1.9405887e-01;2.6250000e+02;1.4584216e-01;2.6250000e+02;9.4008341e-02;2.6250000e+02;4.8645161e-02;2.6250000e+02;-1.6595423e-04;2.6250000e+02;-4.1481048e-02;2.6250000e+02;-8.4794402e-02;2.6250000e+02;-1.2932453e-01;2.6250000e+02;-7.6184750e-02;2.6250000e+02;-6.1254580e-02;2.6250000e+02;-1.3498746e-02;2.6250000e+02;6.0103599e-02;2.6250000e+02;1.4850512e-01;2.6250000e+02;2.2407922e-01;2.6250000e+02;2.4894708e-01;2.6250000e+02;2.2085473e-01;2.6250000e+02;1.8372189e-01;2.6250000e+02;2.2518924e-01;2.6250000e+02;1.9405887e-01;2.6250000e+02;1.4584216e-01;2.6250000e+02;9.4008341e-02;2.6250000e+02;4.8645161e-02;2.6250000e+02;-1.6595423e-04;2.6250000e+02;-4.1481048e-02;2.6250000e+02;-8.4794402e-02;2.6250000e+02;-1.2932453e-01;2.6250000e+02;-7.6184750e-02;2.6250000e+02;-6.1254580e-02;2.6250000e+02;-1.3498746e-02;2.6250000e+02;6.0103599e-02;2.6250000e+02;1.4850512e-01;2.6250000e+02;2.2407922e-01;2.6250000e+02;2.4894708e-01;2.6250000e+02;2.2085473e-01;2.6250000e+02;1.8372189e-01;2.6250000e+02;2.2518924e-01;2.6250000e+02;1.9405887e-01;2.6250000e+02;1.4584216e-01;2.6250000e+02;9.4008341e-02;2.6250000e+02;4.8645161e-02;2.6250000e+02;-1.6595423e-04;2.6250000e+02;-4.1481048e-02;2.6250000e+02;-8.4794402e-02;2.6250000e+02;-1.2932453e-01;2.6250000e+02;-7.6184750e-02;2.6250000e+02;-6.1254580e-02;2.6250000e+02;-1.3498746e-02;2.6250000e+02;6.0103599e-02;2.6250000e+02;1.4850512e-01;2.6250000e+02;2.2407922e-01;2.6250000e+02;2.4894708e-01;2.6250000e+02;2.2085473e-01;2.6250000e+02;1.8372189e-01;2.6250000e+02;2.2518924e-01;2.6250000e+02;1.9405887e-01;2.6250000e+02;1.4584216e-01;2.6250000e+02;9.4008341e-02;2.6250000e+02;4.8645161e-02;2.6250000e+02;-1.6595423e-04;2.6250000e+02;-4.1481048e-02;2.6250000e+02;-8.4794402e-02;2.6250000e+02;-1.2932453e-01;2.6250000e+02;-7.6184750e-02;2.6250000e+02;-6.1254580e-02;2.6250000e+02;-1.3498746e-02;2.6250000e+02;6.0103599e-02;2.6250000e+02;1.4850512e-01;2.6250000e+02;2.2407922e-01;2.6250000e+02;2.4894708e-01;2.6250000e+02;2.2085473e-01;2.6250000e+02;1.8372189e-01;2.6250000e+02;2.2518924e-01;2.6250000e+02;1.9405887e-01;2.6250000e+02;1.4584216e-01;2.6250000e+02;9.4008341e-02;2.6250000e+02;4.8645161e-02;2.6250000e+02;-1.6595423e-04;2.6250000e+02;-4.1481048e-02;2.6250000e+02;-8.4794402e-02;2.6250000e+02;-1.2932453e-01;2.6250000e+02;-7.6184750e-02;2.6250000e+02;-6.1254580e-02;2.6250000e+02;-1.3498746e-02;2.6250000e+02;6.0103599e-02;2.6250000e+02;1.4850512e-01;2.6250000e+02;2.2407922e-01;2.6250000e+02;2.4894708e-01;2.6250000e+02;2.2085473e-01;2.6250000e+02;1.8372189e-01;2.6250000e+02;2.2518924e-01;2.6250000e+02;1.9405887e-01;2.6250000e+02;1.4584216e-01;2.6250000e+02;9.4008341e-02;2.6250000e+02;4.8645161e-02;2.6250000e+02;-1.6595423e-04;2.6250000e+02;-4.1481048e-02;2.6250000e+02;-8.4794402e-02;2.6250000e+02;-1.2932453e-01;2.6250000e+02;-7.6184750e-02;2.6250000e+02;-6.1254580e-02;2.6250000e+02;-1.3498746e-02;2.6250000e+02;6.0103599e-02;2.6250000e+02;1.4850512e-01;2.6250000e+02;2.2407922e-01;2.6250000e+02;2.4894708e-01;2.6250000e+02;2.2085473e-01;2.6250000e+02;1.8372189e-01;2.6250000e+02;2.2518924e-01;2.6250000e+02;1.9405887e-01;2.6250000e+02;1.4584216e-01;2.6250000e+02;9.4008341e-02;2.6250000e+02;4.8645161e-02;2.6250000e+02;-1.6595423e-04;2.6250000e+02;-4.1481048e-02;2.6250000e+02;-8.4794402e-02;2.6250000e+02;-1.2932453e-01;2.6250000e+02;-7.6184750e-02;2.6250000e+02;-6.1254580e-02;2.6250000e+02;-1.3498746e-02;2.6250000e+02;6.0103599e-02;2.6250000e+02;1.4850512e-01;2.6250000e+02;2.2407922e-01;2.6250000e+02;2.4894708e-01;2.6250000e+02;2.2085473e-01;2.6250000e+02;1.8372189e-01;2.6250000e+02;2.2518924e-01;2.6250000e+02;1.9405887e-01;2.6250000e+02;1.4584216e-01;2.6250000e+02;9.4008341e-02;2.6250000e+02;4.8645161e-02;2.6250000e+02;-1.6595423e-04;2.6250000e+02;-4.1481048e-02;2.6250000e+02;-8.4794402e-02;2.6250000e+02;-1.2932453e-01;2.6250000e+02;-7.6184750e-02;2.6250000e+02;-6.1254580e-02;2.6250000e+02;-1.3498746e-02;2.6250000e+02;6.0103599e-02;2.6250000e+02;1.4850512e-01;2.6250000e+02;2.2407922e-01;2.6250000e+02;2.4894708e-01;2.6250000e+02;2.2085473e-01;2.6250000e+02;1.8372189e-01;2.6250000e+02;2.2518924e-01;2.6250000e+02;1.9405887e-01;2.6250000e+02;1.4584216e-01;2.6250000e+02;9.4008341e-02;2.6250000e+02;4.8645161e-02;2.6250000e+02;-1.6595423e-04;2.6250000e+02;-4.1481048e-02;2.6250000e+02;-8.4794402e-02;2.6250000e+02;-1.2932453e-01;2.6250000e+02;-7.6184750e-02;2.6250000e+02;-6.1254580e-02;2.6250000e+02;-1.3498746e-02;2.6250000e+02;6.0103599e-02;2.6250000e+02;1.4850512e-01;2.6250000e+02;2.2407922e-01;2.6250000e+02;2.4894708e-01;2.6250000e+02;2.2085473e-01;2.6250000e+02;1.8372189e-01;2.6250000e+02;2.2518924e-01;2.6250000e+02;1.9405887e-01;2.6250000e+02;1.4584216e-01;2.6250000e+02;9.4008341e-02;2.6250000e+02;4.8645161e-02;2.6250000e+02;-1.6595423e-04;2.6250000e+02;-4.1481048e-02;2.6250000e+02;-8.4794402e-02;2.6250000e+02;-1.2932453e-01;2.6250000e+02;-7.6184750e-02;2.6250000e+02;-6.1254580e-02;2.6250000e+02;-1.3498746e-02;2.6250000e+02;6.0103599e-02;2.6250000e+02;1.4850512e-01;2.6250000e+02;2.2407922e-01;2.6250000e+02;2.4894708e-01;2.6250000e+02;2.2085473e-01;2.6250000e+02;1.8372189e-01;2.6250000e+02;2.2518924e-01;2.6250000e+02;1.9405887e-01;2.6250000e+02;1.4584216e-01;2.6250000e+02;9.4008341e-02;2.6250000e+02;4.8645161e-02;2.6250000e+02;-1.6595423e-04;2.6250000e+02;-4.1481048e-02;2.6250000e+02;-8.4794402e-02;2.6250000e+02;-1.2932453e-01;2.6250000e+02;-7.6184750e-02;2.6250000e+02;-6.1254580e-02;2.6250000e+02;-1.3498746e-02;2.6250000e+02;6.0103599e-02;2.6250000e+02;1.4850512e-01;2.6250000e+02;2.2407922e-01;2.6250000e+02;2.4894708e-01;2.6250000e+02;2.2085473e-01;2.6250000e+02;1.8372189e-01;2.6250000e+02;2.2518924e-01;2.6250000e+02;1.9405887e-01;2.6250000e+02;1.4584216e-01;2.6250000e+02;9.4008341e-02;2.6250000e+02;4.8645161e-02;2.6250000e+02;-1.6595423e-04;2.6250000e+02;-4.1481048e-02;2.6250000e+02;-8.4794402e-02;2.6250000e+02;-1.2932453e-01;2.6250000e+02;-7.6184750e-02;2.6250000e+02;-6.1254580e-02;2.6250000e+02;-1.3498746e-02;2.6250000e+02;6.0103599e-02;2.6250000e+02;1.4850512e-01;2.6250000e+02;2.2407922e-01;2.6250000e+02;2.4894708e-01;2.6250000e+02;2.2085473e-01;2.6250000e+02;1.8372189e-01;2.6250000e+02;2.2518924e-01;2.6250000e+02;1.9405887e-01;2.6250000e+02;1.4584216e-01;2.6250000e+02;9.4008341e-02;2.6250000e+02;4.8645161e-02;2.6250000e+02;-1.6595423e-04;2.6250000e+02;-4.1481048e-02;2.6250000e+02;-8.4794402e-02;2.6250000e+02;-1.2932453e-01;2.6250000e+02;-7.6184750e-02;2.6250000e+02;-6.1254580e-02;2.6250000e+02;-1.3498746e-02;2.6250000e+02;6.0103599e-02;2.6250000e+02;1.4850512e-01;2.6250000e+02;2.2407922e-01;2.6250000e+02;2.4894708e-01;2.6250000e+02;2.2085473e-01;2.6250000e+02;1.8372189e-01;2.6250000e+02;2.2518924e-01;2.6250000e+02;1.9405887e-01;2.6250000e+02;1.4584216e-01;2.6250000e+02;9.4008341e-02;2.6250000e+02;4.8645161e-02;2.6250000e+02;-1.6595423e-04;2.6250000e+02;-4.1481048e-02;2.6250000e+02;-8.4794402e-02;2.6250000e+02;-1.2932453e-01;2.6250000e+02;-7.6184750e-02;2.6250000e+02;-6.1254580e-02;2.6250000e+02;-1.3498746e-02;2.6250000e+02;6.0103599e-02;2.6250000e+02;1.4850512e-01;2.6250000e+02;2.2407922e-01;2.6250000e+02;2.4894708e-01;2.6250000e+02;2.2085473e-01;2.6250000e+02;1.8372189e-01;2.6250000e+02;2.2518924e-01;2.6250000e+02;1.9405887e-01;2.6250000e+02;1.4584216e-01;2.6250000e+02;9.4008341e-02;2.6250000e+02;4.8645161e-02;2.6250000e+02;-1.6595423e-04;2.6250000e+02;-4.1481048e-02;2.6250000e+02;-8.4794402e-02;2.6250000e+02;-1.2932453e-01;2.6250000e+02;-7.6184750e-02;2.6250000e+02;-6.1254580e-02;2.6250000e+02;-1.3498746e-02;2.6250000e+02;6.0103599e-02;2.6250000e+02;1.4850512e-01;2.6250000e+02;2.2407922e-01;2.6250000e+02;2.4894708e-01;2.6250000e+02;2.2085473e-01;2.6250000e+02;1.8372189e-01;2.6250000e+02;2.2518924e-01;2.6250000e+02;1.9405887e-01;2.6250000e+02;1.4584216e-01;2.6250000e+02;9.4008341e-02;2.6250000e+02;4.8645161e-02;2.6250000e+02;-1.6595423e-04;2.6250000e+02;-4.1481048e-02;2.6250000e+02;-8.4794402e-02;2.6250000e+02;-1.2932453e-01;2.6250000e+02;-7.6184750e-02;2.6250000e+02;-6.1254580e-02;2.6250000e+02;-1.3498746e-02;2.6250000e+02;6.0103599e-02;2.6250000e+02;1.4850512e-01;2.6250000e+02;2.2407922e-01;2.6250000e+02;2.4894708e-01;2.6250000e+02;2.2085473e-01;2.6250000e+02;1.8372189e-01;2.6250000e+02;2.2518924e-01;2.6250000e+02;1.9405887e-01;2.6250000e+02;1.4584216e-01;2.6250000e+02;9.4008341e-02;2.6250000e+02;4.8645161e-02;2.6250000e+02;-1.6595423e-04;2.6250000e+02;-4.1481048e-02;2.6250000e+02;-8.4794402e-02;2.6250000e+02;-1.2932453e-01;2.6250000e+02;-7.6184750e-02;2.6250000e+02;-6.1254580e-02;2.6250000e+02;-1.3498746e-02;2.6250000e+02;6.0103599e-02;2.6250000e+02;1.4850512e-01;2.6250000e+02;2.2407922e-01;2.6250000e+02;2.4894708e-01;2.6250000e+02;2.2085473e-01;2.6250000e+02;1.8372189e-01;2.6250000e+02;2.2518924e-01;2.6250000e+02;1.9405887e-01;2.6250000e+02;1.4584216e-01;2.6250000e+02;9.4008341e-02;2.6250000e+02;4.8645161e-02;2.6250000e+02;-1.6595423e-04;2.6250000e+02;-4.1481048e-02;2.6250000e+02;-8.4794402e-02;2.6250000e+02;-1.2932453e-01;2.6250000e+02;-7.6184750e-02;2.6250000e+02;-6.1254580e-02;2.6250000e+02;-1.3498746e-02;2.6250000e+02;6.0103599e-02;2.6250000e+02;1.4850512e-01;2.6250000e+02;2.2407922e-01;2.6250000e+02;2.4894708e-01;2.6250000e+02;2.2085473e-01;2.6250000e+02;1.8372189e-01;2.6250000e+02;2.2518924e-01;2.6250000e+02;1.9405887e-01;2.6250000e+02;1.4584216e-01;2.6250000e+02;9.4008341e-02;2.6250000e+02;4.8645161e-02;2.6250000e+02;-1.6595423e-04;2.6250000e+02;-4.1481048e-02;2.6250000e+02;-8.4794402e-02;2.6250000e+02;-1.2932453e-01;2.6250000e+02;-7.6184750e-02;2.6250000e+02;-6.1254580e-02;2.6250000e+02;-1.3498746e-02;2.6250000e+02;6.0103599e-02;2.6250000e+02;1.4850512e-01;2.6250000e+02;2.2407922e-01;2.6250000e+02;2.4894708e-01;2.6250000e+02;2.2085473e-01;2.6250000e+02;1.8372189e-01;2.6250000e+02;2.2518924e-01;2.6250000e+02;1.9405887e-01;2.6250000e+02;1.4584216e-01;2.6250000e+02;9.4008341e-02;2.6250000e+02;4.8645161e-02;2.6250000e+02;-1.6595423e-04;2.6250000e+02;-4.1481048e-02;2.6250000e+02;-8.4794402e-02;2.6250000e+02;-1.2932453e-01;2.6250000e+02;-7.6184750e-02;2.6250000e+02;-6.1254580e-02;2.6250000e+02;-1.3498746e-02;2.6250000e+02;6.0103599e-02;2.6250000e+02;1.4850512e-01;2.6250000e+02;2.2407922e-01;2.6250000e+02;2.4894708e-01;2.6250000e+02;2.2085473e-01;2.6250000e+02;1.8372189e-01;2.6250000e+02;2.2518924e-01;2.6250000e+02;1.9405887e-01;2.6250000e+02;1.4584216e-01;2.6250000e+02;9.4008341e-02;2.6250000e+02;4.8645161e-02;2.6250000e+02;-1.6595423e-04;2.6250000e+02;-4.1481048e-02;2.6250000e+02;-8.4794402e-02;2.6250000e+02;-1.2932453e-01;2.6250000e+02;-7.6184750e-02;2.6250000e+02;-6.1254580e-02;2.6250000e+02;-1.3498746e-02;2.6250000e+02;6.0103599e-02;2.6250000e+02;1.4850512e-01;2.6250000e+02;2.2407922e-01;2.6250000e+02;2.4894708e-01;2.6250000e+02;2.2085473e-01;2.6250000e+02;1.8372189e-01;2.6250000e+02;2.2518924e-01;2.6250000e+02;1.9405887e-01;2.6250000e+02;1.4584216e-01;2.6250000e+02;9.4008341e-02;2.6250000e+02;4.8645161e-02;2.6250000e+02;-1.6595423e-04;2.6250000e+02;-4.1481048e-02;2.6250000e+02;-8.4794402e-02;2.6250000e+02;-1.2932453e-01;2.6250000e+02;-7.6184750e-02;2.6250000e+02;-6.1254580e-02;2.6250000e+02;-1.3498746e-02;2.6250000e+02;6.0103599e-02;2.6250000e+02;1.4850512e-01;2.6250000e+02;2.2407922e-01;2.6250000e+02;2.4894708e-01;2.6250000e+02;2.2085473e-01;2.6250000e+02;1.8372189e-01;2.6250000e+02;2.2518924e-01;2.6250000e+02;1.9405887e-01;2.6250000e+02;1.4584216e-01;2.6250000e+02;9.4008341e-02;2.6250000e+02;4.8645161e-02;2.6250000e+02;-1.6595423e-04;2.6250000e+02;-4.1481048e-02;2.6250000e+02;-8.4794402e-02;2.6250000e+02;-1.2932453e-01;2.6250000e+02;-7.6184750e-02;2.6250000e+02;-6.1254580e-02;2.6250000e+02;-1.3498746e-02;2.6250000e+02;6.0103599e-02;2.6250000e+02;1.4850512e-01;2.6250000e+02;2.2407922e-01;2.6250000e+02;2.4894708e-01;2.6250000e+02;2.2085473e-01;2.6250000e+02;1.8372189e-01;2.6250000e+02;2.2518924e-01;2.6250000e+02;1.9405887e-01;2.6250000e+02;1.4584216e-01;2.6250000e+02;9.4008341e-02;2.6250000e+02;4.8645161e-02;2.6250000e+02;-1.6595423e-04;2.6250000e+02;-4.1481048e-02;2.6250000e+02;-8.4794402e-02;2.6250000e+02;-1.2932453e-01;2.6250000e+02;-7.6184750e-02;2.6250000e+02;-6.1254580e-02;2.6250000e+02;-1.3498746e-02;2.6250000e+02;6.0103599e-02;2.6250000e+02;1.4850512e-01;2.6250000e+02;2.2407922e-01;2.6250000e+02;2.4894708e-01;2.6250000e+02;2.2085473e-01;2.6250000e+02;1.8372189e-01;2.6250000e+02;2.2518924e-01;2.6250000e+02;1.9405887e-01;2.6250000e+02;1.4584216e-01;2.6250000e+02;9.4008341e-02;2.6250000e+02;4.8645161e-02;2.6250000e+02;-1.6595423e-04;2.6250000e+02;-4.1481048e-02;2.6250000e+02;-8.4794402e-02;2.6250000e+02;-1.2932453e-01;2.6250000e+02;-7.6184750e-02;2.6250000e+02;-6.1254580e-02;2.6250000e+02;-1.3498746e-02;2.6250000e+02;6.0103599e-02;2.6250000e+02;1.4850512e-01;2.6250000e+02;2.2407922e-01;2.6250000e+02;2.4894708e-01;2.6250000e+02;2.2085473e-01;2.6250000e+02;1.8372189e-01;2.6250000e+02;2.2518924e-01;2.6250000e+02;1.9405887e-01;2.6250000e+02;1.4584216e-01;2.6250000e+02;9.4008341e-02;2.6250000e+02;4.8645161e-02;2.6250000e+02;-1.6595423e-04;2.6250000e+02;-4.1481048e-02;2.6250000e+02;-8.4794402e-02;2.6250000e+02;-1.2932453e-01;2.6250000e+02;-7.6184750e-02;2.6250000e+02;-6.1254580e-02;2.6250000e+02;-1.3498746e-02;2.6250000e+02;6.0103599e-02;2.6250000e+02;1.4850512e-01;2.6250000e+02;2.2407922e-01;2.6250000e+02;2.4894708e-01;2.6250000e+02;2.2085473e-01;2.6250000e+02;1.8372189e-01;2.6250000e+02;2.2518924e-01;2.6250000e+02;1.9405887e-01;2.6250000e+02;1.4584216e-01;2.6250000e+02;9.4008341e-02;2.6250000e+02;4.8645161e-02;2.6250000e+02;-1.6595423e-04;2.6250000e+02;-4.1481048e-02;2.6250000e+02;-8.4794402e-02;2.6250000e+02;-1.2932453e-01;2.6250000e+02;-7.6184750e-02;2.6250000e+02;-6.1254580e-02;2.6250000e+02;-1.3498746e-02;2.6250000e+02;6.0103599e-02;2.6250000e+02;1.4850512e-01;2.6250000e+02;2.2407922e-01;2.6250000e+02;2.4894708e-01;2.6250000e+02;2.2085473e-01;2.6250000e+02;1.8372189e-01;2.6250000e+02;2.2518924e-01;2.6250000e+02;1.9405887e-01;2.6250000e+02;1.4584216e-01;2.6250000e+02;9.4008341e-02;2.6250000e+02;4.8645161e-02;2.6250000e+02;-1.6595423e-04;2.6250000e+02;-4.1481048e-02;2.6250000e+02;-8.4794402e-02;2.6250000e+02;-1.2932453e-01;2.6250000e+02;-7.6184750e-02;2.6250000e+02;-6.1254580e-02;2.6250000e+02;-1.3498746e-02;2.6250000e+02;6.0103599e-02;2.6250000e+02;1.4850512e-01;2.6250000e+02;2.2407922e-01;2.6250000e+02;2.4894708e-01;2.6250000e+02;2.2085473e-01;2.6250000e+02;1.8372189e-01;2.6250000e+02;2.2518924e-01;2.6250000e+02;1.9405887e-01;2.6250000e+02;1.4584216e-01;2.6250000e+02;9.4008341e-02;2.6250000e+02;4.8645161e-02;2.6250000e+02;-1.6595423e-04;2.6250000e+02;-4.1481048e-02;2.6250000e+02;-8.4794402e-02;2.6250000e+02;-1.2932453e-01;2.6250000e+02;-7.6184750e-02;2.6250000e+02;-6.1254580e-02;2.6250000e+02;-1.3498746e-02;2.6250000e+02;6.0103599e-02;2.6250000e+02;1.4850512e-01;2.6250000e+02;2.2407922e-01;2.6250000e+02;2.4894708e-01;2.6250000e+02;2.2085473e-01;2.6250000e+02;1.8372189e-01;2.6250000e+02;2.2518924e-01;2.6250000e+02;1.9405887e-01;2.6250000e+02;1.4584216e-01;2.6250000e+02;9.4008341e-02;2.6250000e+02;4.8645161e-02;2.6250000e+02;-1.6595423e-04;2.6250000e+02;-4.1481048e-02;2.6250000e+02;-8.4794402e-02;2.6250000e+02;-1.2932453e-01;2.6250000e+02;-7.6184750e-02;2.6250000e+02;-6.1254580e-02;2.6250000e+02;-1.3498746e-02;2.6250000e+02;6.0103599e-02;2.6250000e+02;1.4850512e-01;2.6250000e+02;2.2407922e-01;2.6250000e+02;2.4894708e-01;2.6250000e+02;2.2085473e-01;2.6250000e+02;1.8372189e-01;2.6250000e+02;2.2518924e-01;2.6250000e+02;1.9405887e-01;2.6250000e+02;1.4584216e-01;2.6250000e+02;9.4008341e-02;2.6250000e+02;4.8645161e-02;2.6250000e+02;-1.6595423e-04;2.6250000e+02;-4.1481048e-02;2.6250000e+02;-8.4794402e-02;2.6250000e+02;-1.2932453e-01;2.6250000e+02;-7.6184750e-02;2.6250000e+02;-6.1254580e-02;2.6250000e+02;-1.3498746e-02;2.6250000e+02;6.0103599e-02;2.6250000e+02;1.4850512e-01;2.6250000e+02;2.2407922e-01;2.6250000e+02;2.4894708e-01;2.6250000e+02;2.2085473e-01;2.6250000e+02;1.8372189e-01;2.6250000e+02;2.2518924e-01;2.6250000e+02;1.9405887e-01;2.6250000e+02;1.4584216e-01;2.6250000e+02;9.4008341e-02;2.6250000e+02;4.8645161e-02;2.6250000e+02;-1.6595423e-04;2.6250000e+02;-4.1481048e-02;2.6250000e+02;-8.4794402e-02;2.6250000e+02;-1.2932453e-01;2.6250000e+02;-7.6184750e-02;2.6250000e+02;-6.1254580e-02;2.6250000e+02;-1.3498746e-02;2.6250000e+02;6.0103599e-02;2.6250000e+02;1.4850512e-01;2.6250000e+02;2.2407922e-01;2.6250000e+02;2.4894708e-01;2.6250000e+02;2.2085473e-01;2.6250000e+02;1.8372189e-01;2.6250000e+02;2.2518924e-01;2.6250000e+02;1.9405887e-01;2.6250000e+02;1.4584216e-01;2.6250000e+02;9.4008341e-02;2.6250000e+02;4.8645161e-02;2.6250000e+02;-1.6595423e-04;2.6250000e+02;-4.1481048e-02;2.6250000e+02;-8.4794402e-02;2.6250000e+02;-1.2932453e-01;2.6250000e+02;-7.6184750e-02;2.6250000e+02;-6.1254580e-02;2.6250000e+02;-1.3498746e-02;2.6250000e+02;6.0103599e-02;2.6250000e+02;1.4850512e-01;2.6250000e+02;2.2407922e-01;2.6250000e+02;2.4894708e-01;2.6250000e+02;2.2085473e-01;2.6250000e+02;1.8372189e-01;2.6250000e+02;2.2518924e-01;2.6250000e+02;1.9405887e-01;2.6250000e+02;1.4584216e-01;2.6250000e+02;9.4008341e-02;2.6250000e+02;4.8645161e-02;2.6250000e+02;-1.6595423e-04;2.6250000e+02;-4.1481048e-02;2.6250000e+02;-8.4794402e-02;2.6250000e+02;-1.2932453e-01;2.6250000e+02;-7.6184750e-02;2.6250000e+02;-6.1254580e-02;2.6250000e+02;-1.3498746e-02;2.6250000e+02;6.0103599e-02;2.6250000e+02;1.4850512e-01;2.6250000e+02;2.2407922e-01;2.6250000e+02;2.4894708e-01;2.6250000e+02;2.2085473e-01;2.6250000e+02;1.8372189e-01;2.6250000e+02;2.2518924e-01;2.6250000e+02;1.9405887e-01;2.6250000e+02;1.4584216e-01;2.6250000e+02;9.4008341e-02;2.6250000e+02;4.8645161e-02;2.6250000e+02;-1.6595423e-04;2.6250000e+02;-4.1481048e-02;2.6250000e+02;-8.4794402e-02;2.6250000e+02;-1.2932453e-01;2.6250000e+02;-7.6184750e-02;2.6250000e+02;-6.1254580e-02;2.6250000e+02;-1.3498746e-02;2.6250000e+02;6.0103599e-02;2.6250000e+02;1.4850512e-01;2.6250000e+02;2.2407922e-01;2.6250000e+02;2.4894708e-01;2.6250000e+02;2.2085473e-01;2.6250000e+02;1.8372189e-01;2.6250000e+02;2.2518924e-01;2.6250000e+02;1.9405887e-01;2.6250000e+02;1.4584216e-01;2.6250000e+02;9.4008341e-02;2.6250000e+02;4.8645161e-02;2.6250000e+02;-1.6595423e-04;2.6250000e+02;-4.1481048e-02;2.6250000e+02;-8.4794402e-02;2.6250000e+02;-1.2932453e-01;2.6250000e+02;-7.6184750e-02;2.6250000e+02;-6.1254580e-02;2.6250000e+02;-1.3498746e-02;2.6250000e+02;6.0103599e-02;2.6250000e+02;1.4850512e-01;2.6250000e+02;2.2407922e-01;2.6250000e+02;2.4894708e-01;2.6250000e+02;2.2085473e-01;2.6250000e+02;1.8372189e-01;2.6250000e+02;2.2518924e-01;2.6250000e+02;1.9405887e-01;2.6250000e+02;1.4584216e-01;2.6250000e+02;9.4008341e-02;2.6250000e+02;4.8645161e-02;2.6250000e+02;-1.6595423e-04;2.6250000e+02;-4.1481048e-02;2.6250000e+02;-8.4794402e-02;2.6250000e+02;-1.2932453e-01;2.6250000e+02;-7.6184750e-02;2.6250000e+02;-6.1254580e-02;2.6250000e+02;-1.3498746e-02;2.6250000e+02;6.0103599e-02;2.6250000e+02;1.4850512e-01;2.6250000e+02;2.2407922e-01;2.6250000e+02;2.4894708e-01;2.6250000e+02;2.2085473e-01;2.6250000e+02;1.8372189e-01;2.6250000e+02;2.2518924e-01;2.6250000e+02;1.9405887e-01;2.6250000e+02;1.4584216e-01;2.6250000e+02;9.4008341e-02;2.6250000e+02;4.8645161e-02;2.6250000e+02;-1.6595423e-04;2.6250000e+02;-4.1481048e-02;2.6250000e+02;-8.4794402e-02;2.6250000e+02;-1.2932453e-01;2.6250000e+02;-7.6184750e-02;2.6250000e+02;-6.1254580e-02;2.6250000e+02;-1.3498746e-02;2.6250000e+02;6.0103599e-02;2.6250000e+02;1.4850512e-01;2.6250000e+02;2.2407922e-01;2.6250000e+02;2.4894708e-01;2.6250000e+02;2.2085473e-01;2.6250000e+02;1.8372189e-01;2.6250000e+02;2.2518924e-01;2.6250000e+02;1.9405887e-01;2.6250000e+02;1.4584216e-01;2.6250000e+02;9.4008341e-02;2.6250000e+02;4.8645161e-02;2.6250000e+02;-1.6595423e-04;2.6250000e+02;-4.1481048e-02;2.6250000e+02;-8.4794402e-02;2.6250000e+02;-1.2932453e-01;2.6250000e+02;-7.6184750e-02;2.6250000e+02;-6.1254580e-02;2.6250000e+02;-1.3498746e-02;2.6250000e+02;6.0103599e-02;2.6250000e+02;1.4850512e-01;2.6250000e+02;2.2407922e-01;2.6250000e+02;2.4894708e-01;2.6250000e+02;2.2085473e-01;2.6250000e+02;1.8372189e-01;2.6250000e+02;2.2518924e-01;2.6250000e+02;1.9405887e-01;2.6250000e+02;1.4584216e-01;2.6250000e+02;9.4008341e-02;2.6250000e+02;4.8645161e-02;2.6250000e+02;-1.6595423e-04;2.6250000e+02;-4.1481048e-02;2.6250000e+02;-8.4794402e-02;2.6250000e+02;-1.2932453e-01;2.6250000e+02;-7.6184750e-02;2.6250000e+02;-6.1254580e-02;2.6250000e+02;-1.3498746e-02;2.6250000e+02;6.0103599e-02;2.6250000e+02;1.4850512e-01;2.6250000e+02;2.2407922e-01;2.6250000e+02;2.4894708e-01;2.6250000e+02;2.2085473e-01;2.6250000e+02;1.8372189e-01;2.6250000e+02;2.2518924e-01;2.6250000e+02;1.9405887e-01;2.6250000e+02;1.4584216e-01;2.6250000e+02;9.4008341e-02;2.6250000e+02;4.8645161e-02;2.6250000e+02;-1.6595423e-04;2.6250000e+02;-4.1481048e-02;2.6250000e+02;-8.4794402e-02;2.6250000e+02;-1.2932453e-01;2.6250000e+02;-7.6184750e-02;2.6250000e+02;-6.1254580e-02;2.6250000e+02;-1.3498746e-02;2.6250000e+02;6.0103599e-02;2.6250000e+02;1.4850512e-01;2.6250000e+02;2.2407922e-01;2.6250000e+02;2.4894708e-01;2.6250000e+02;2.2085473e-01;2.6250000e+02;1.8372189e-01;2.6250000e+02;2.2518924e-01;2.6250000e+02;1.9405887e-01;2.6250000e+02;1.4584216e-01;2.6250000e+02;9.4008341e-02;2.6250000e+02;4.8645161e-02;2.6250000e+02;-1.6595423e-04;2.6250000e+02;-4.1481048e-02;2.6250000e+02;-8.4794402e-02;2.6250000e+02;-1.2932453e-01;2.6250000e+02;-7.6184750e-02;2.6250000e+02;-6.1254580e-02;2.6250000e+02;-1.3498746e-02;2.6250000e+02;6.0103599e-02;2.6250000e+02;1.4850512e-01;2.6250000e+02;2.2407922e-01;2.6250000e+02;2.4894708e-01;2.6250000e+02;2.2085473e-01;2.6250000e+02;1.8372189e-01;2.6250000e+02;2.2518924e-01;2.6250000e+02;1.9405887e-01;2.6250000e+02;1.4584216e-01;2.6250000e+02;9.4008341e-02;2.6250000e+02;4.8645161e-02;2.6250000e+02;-1.6595423e-04;2.6250000e+02;-4.1481048e-02;2.6250000e+02;-8.4794402e-02;2.6250000e+02;-1.2932453e-01;2.6250000e+02;-7.6184750e-02;2.6250000e+02;-6.1254580e-02;2.6250000e+02;-1.3498746e-02;2.6250000e+02;6.0103599e-02;2.6250000e+02;1.4850512e-01;2.6250000e+02;2.2407922e-01;2.6250000e+02;2.4894708e-01;2.6250000e+02;2.2085473e-01;2.6250000e+02;1.8372189e-01;2.6250000e+02;2.2518924e-01;2.6250000e+02;1.9405887e-01;2.6250000e+02;1.4584216e-01;2.6250000e+02;9.4008341e-02;2.6250000e+02;4.8645161e-02;2.6250000e+02;-1.6595423e-04;2.6250000e+02;-4.1481048e-02;2.6250000e+02;-8.4794402e-02;2.6250000e+02;-1.2932453e-01;2.6250000e+02;-7.6184750e-02;2.6250000e+02;-6.1254580e-02;2.6250000e+02;-1.3498746e-02;2.6250000e+02;6.0103599e-02;2.6250000e+02;1.4850512e-01;2.6250000e+02;2.2407922e-01;2.6250000e+02;2.4894708e-01;2.6250000e+02;2.2085473e-01;2.6250000e+02;1.8372189e-01;2.6250000e+02;2.2518924e-01;2.6250000e+02;1.9405887e-01;2.6250000e+02;1.4584216e-01;2.6250000e+02;9.4008341e-02;2.6250000e+02;4.8645161e-02;2.6250000e+02;-1.6595423e-04;2.6250000e+02;-4.1481048e-02;2.6250000e+02;-8.4794402e-02;2.6250000e+02;-1.2932453e-01;2.6250000e+02;-7.6184750e-02;2.6250000e+02;-6.1254580e-02;2.6250000e+02;-1.3498746e-02;2.6250000e+02;6.0103599e-02;2.6250000e+02;1.4850512e-01;2.6250000e+02;2.2407922e-01;2.6250000e+02;2.4894708e-01;2.6250000e+02;2.2085473e-01;2.6250000e+02;1.8372189e-01;2.6250000e+02;2.2518924e-01;2.6250000e+02;1.9405887e-01;2.6250000e+02;1.4584216e-01;2.6250000e+02;9.4008341e-02;2.6250000e+02;4.8645161e-02;2.6250000e+02;-1.6595423e-04;2.6250000e+02;-4.1481048e-02;2.6250000e+02;-8.4794402e-02;2.6250000e+02;-1.2932453e-01;2.6250000e+02;-7.6184750e-02;2.6250000e+02;-6.1254580e-02;2.6250000e+02;-1.3498746e-02;2.6250000e+02;6.0103599e-02;2.6250000e+02;1.4850512e-01;2.6250000e+02;2.2407922e-01;2.6250000e+02;2.4894708e-01;2.6250000e+02;2.2085473e-01;2.6250000e+02;1.8372189e-01;2.6250000e+02;2.2518924e-01;2.6250000e+02;1.9405887e-01;2.6250000e+02;1.4584216e-01;2.6250000e+02;9.4008341e-02;2.6250000e+02;4.8645161e-02;2.6250000e+02;-1.6595423e-04;2.6250000e+02;-4.1481048e-02;2.6250000e+02;-8.4794402e-02;2.6250000e+02;-1.2932453e-01;2.6250000e+02;-7.6184750e-02;2.6250000e+02;-6.1254580e-02;2.6250000e+02;-1.3498746e-02;2.6250000e+02;6.0103599e-02;2.6250000e+02;1.4850512e-01;2.6250000e+02;2.2407922e-01;2.6250000e+02;2.4894708e-01;2.6250000e+02;2.2085473e-01;2.6250000e+02;1.8372189e-01;2.6250000e+02;2.2518924e-01;2.6250000e+02;1.9405887e-01;2.6250000e+02;1.4584216e-01;2.6250000e+02;9.4008341e-02;2.6250000e+02;4.8645161e-02;2.6250000e+02;-1.6595423e-04;2.6250000e+02;-4.1481048e-02;2.6250000e+02;-8.4794402e-02;2.6250000e+02;-1.2932453e-01;2.6250000e+02;-7.6184750e-02;2.6250000e+02;-6.1254580e-02;2.6250000e+02;-1.3498746e-02;2.6250000e+02;6.0103599e-02;2.6250000e+02;1.4850512e-01;2.6250000e+02;2.2407922e-01;2.6250000e+02;2.4894708e-01;2.6250000e+02;2.2085473e-01;2.6250000e+02;1.8372189e-01;2.6250000e+02;2.2518924e-01;2.6250000e+02;1.9405887e-01;2.6250000e+02;1.4584216e-01;2.6250000e+02;9.4008341e-02;2.6250000e+02;4.8645161e-02;2.6250000e+02;-1.6595423e-04;2.6250000e+02;-4.1481048e-02;2.6250000e+02;-8.4794402e-02;2.6250000e+02;-1.2932453e-01;2.6250000e+02;-7.6184750e-02;2.6250000e+02;-6.1254580e-02;2.6250000e+02;-1.3498746e-02;2.6250000e+02;6.0103599e-02;2.6250000e+02;1.4850512e-01;2.6250000e+02;2.2407922e-01;2.6250000e+02;2.4894708e-01;2.6250000e+02;2.2085473e-01;2.6250000e+02;1.8372189e-01;2.6250000e+02;2.2518924e-01;2.6250000e+02;1.9405887e-01;2.6250000e+02;1.4584216e-01;2.6250000e+02;9.4008341e-02;2.6250000e+02;4.8645161e-02;2.6250000e+02;-1.6595423e-04;2.6250000e+02;-4.1481048e-02;2.6250000e+02;-8.4794402e-02;2.6250000e+02;-1.2932453e-01;2.6250000e+02;-7.6184750e-02;2.6250000e+02;-6.1254580e-02;2.6250000e+02;-1.3498746e-02;2.6250000e+02;6.0103599e-02;2.6250000e+02;1.4850512e-01;2.6250000e+02;2.2407922e-01;2.6250000e+02;2.4894708e-01;2.6250000e+02;2.2085473e-01;2.6250000e+02;1.8372189e-01;2.6250000e+02;2.2518924e-01;2.6250000e+02;1.9405887e-01;2.6250000e+02;1.4584216e-01;2.6250000e+02;9.4008341e-02;2.6250000e+02;4.8645161e-02;2.6250000e+02;-1.6595423e-04;2.6250000e+02;-4.1481048e-02;2.6250000e+02;-8.4794402e-02;2.6250000e+02;-1.2932453e-01;2.6250000e+02;-7.6184750e-02;2.6250000e+02;-6.1254580e-02;2.6250000e+02;-1.3498746e-02;2.6250000e+02;6.0103599e-02;2.6250000e+02;1.4850512e-01;2.6250000e+02;2.2407922e-01;2.6250000e+02;2.4894708e-01;2.6250000e+02;2.2085473e-01;2.6250000e+02;1.8372189e-01;2.6250000e+02;2.2518924e-01;2.6250000e+02;1.9405887e-01;2.6250000e+02;1.4584216e-01;2.6250000e+02;9.4008341e-02;2.6250000e+02;4.8645161e-02;2.6250000e+02;-1.6595423e-04;2.6250000e+02;-4.1481048e-02;2.6250000e+02;-8.4794402e-02;2.6250000e+02;-1.2932453e-01;2.6250000e+02;-7.6184750e-02;2.6250000e+02;-6.1254580e-02;2.6250000e+02;-1.3498746e-02;2.6250000e+02;6.0103599e-02;2.6250000e+02;1.4850512e-01;2.6250000e+02;2.2407922e-01;2.6250000e+02;2.4894708e-01;2.6250000e+02;2.2085473e-01;2.6250000e+02;1.8372189e-01;2.6250000e+02;2.2518924e-01;2.6250000e+02;1.9405887e-01;2.6250000e+02;1.4584216e-01;2.6250000e+02;9.4008341e-02;2.6250000e+02;4.8645161e-02;2.6250000e+02;-1.6595423e-04;2.6250000e+02;-4.1481048e-02;2.6250000e+02;-8.4794402e-02;2.6250000e+02;-1.2932453e-01;2.6250000e+02;-7.6184750e-02;2.6250000e+02;-6.1254580e-02;2.6250000e+02;-1.3498746e-02;2.6250000e+02;6.0103599e-02;2.6250000e+02;1.4850512e-01;2.6250000e+02;2.2407922e-01;2.6250000e+02;2.4894708e-01;2.6250000e+02;2.2085473e-01;2.6250000e+02;1.8372189e-01;2.6250000e+02;2.2518924e-01;2.6250000e+02;1.9405887e-01;2.6250000e+02;1.4584216e-01;2.6250000e+02;9.4008341e-02;2.6250000e+02;4.8645161e-02;2.6250000e+02;-1.6595423e-04;2.6250000e+02;-4.1481048e-02;2.6250000e+02;-8.4794402e-02;2.6250000e+02;-1.2932453e-01;2.6250000e+02;-7.6184750e-02;2.6250000e+02;-6.1254580e-02;2.6250000e+02;-1.3498746e-02;2.6250000e+02;6.0103599e-02;2.6250000e+02;1.4850512e-01;2.6250000e+02;2.2407922e-01;2.6250000e+02;2.4894708e-01;2.6250000e+02;2.2085473e-01;2.6250000e+02;1.8372189e-01;2.6250000e+02;2.2518924e-01;2.6250000e+02;1.9405887e-01;2.6250000e+02;1.4584216e-01;2.6250000e+02;9.4008341e-02;2.6250000e+02;4.8645161e-02;2.6250000e+02;-1.6595423e-04;2.6250000e+02;-4.1481048e-02;2.6250000e+02;-8.4794402e-02;2.6250000e+02;-1.2932453e-01;2.6250000e+02;-7.6184750e-02;2.6250000e+02;-6.1254580e-02;2.6250000e+02;-1.3498746e-02;2.6250000e+02;6.0103599e-02;2.6250000e+02;1.4850512e-01;2.6250000e+02;2.2407922e-01;2.6250000e+02;2.4894708e-01;2.6250000e+02;2.2085473e-01;2.6250000e+02;1.8372189e-01;2.6250000e+02;2.2518924e-01;2.6250000e+02;1.9405887e-01;2.6250000e+02;1.4584216e-01;2.6250000e+02;9.4008341e-02;2.6250000e+02;4.8645161e-02;2.6250000e+02;-1.6595423e-04;2.6250000e+02;-4.1481048e-02;2.6250000e+02;-8.4794402e-02;2.6250000e+02;-1.2932453e-01;2.6250000e+02;-7.6184750e-02;2.6250000e+02;-6.1254580e-02;2.6250000e+02;-1.3498746e-02;2.6250000e+02;6.0103599e-02;2.6250000e+02;1.4850512e-01;2.6250000e+02;2.2407922e-01;2.6250000e+02;2.4894708e-01;2.6250000e+02;2.2085473e-01;2.6250000e+02;1.8372189e-01;2.6250000e+02;2.2518924e-01;2.6250000e+02;1.9405887e-01;2.6250000e+02;1.4584216e-01;2.6250000e+02;9.4008341e-02;2.6250000e+02;4.8645161e-02;2.6250000e+02;-1.6595423e-04;2.6250000e+02;-4.1481048e-02;2.6250000e+02;-8.4794402e-02;2.6250000e+02;-1.2932453e-01;2.6250000e+02;-7.6184750e-02;2.6250000e+02;-6.1254580e-02;2.6250000e+02;-1.3498746e-02;2.6250000e+02;6.0103599e-02;2.6250000e+02;1.4850512e-01;2.6250000e+02;2.2407922e-01;2.6250000e+02;2.4894708e-01;2.6250000e+02;2.2085473e-01;2.6250000e+02;1.8372189e-01;2.6250000e+02;2.2518924e-01;2.6250000e+02;1.9405887e-01;2.6250000e+02;1.4584216e-01;2.6250000e+02;9.4008341e-02;2.6250000e+02;4.8645161e-02;2.6250000e+02;-1.6595423e-04;2.6250000e+02;-4.1481048e-02;2.6250000e+02;-8.4794402e-02;2.6250000e+02;-1.2932453e-01;2.6250000e+02;-7.6184750e-02;2.6250000e+02;-6.1254580e-02;2.6250000e+02;-1.3498746e-02;2.6250000e+02;6.0103599e-02;2.6250000e+02;1.4850512e-01;2.6250000e+02;2.2407922e-01;2.6250000e+02;2.4894708e-01;2.6250000e+02;2.2085473e-01;2.6250000e+02;1.8372189e-01;2.6250000e+02;2.2518924e-01;2.6250000e+02;1.9405887e-01;2.6250000e+02;1.4584216e-01;2.6250000e+02;9.4008341e-02;2.6250000e+02;4.8645161e-02;2.6250000e+02;-1.6595423e-04;2.6250000e+02;-4.1481048e-02;2.6250000e+02;-8.4794402e-02;2.6250000e+02;-1.2932453e-01;2.6250000e+02;-7.6184750e-02;2.6250000e+02;-6.1254580e-02;2.6250000e+02;-1.3498746e-02;2.6250000e+02;6.0103599e-02;2.6250000e+02;1.4850512e-01;2.6250000e+02;2.2407922e-01;2.6250000e+02;2.4894708e-01;2.6250000e+02;2.2085473e-01;2.6250000e+02;1.8372189e-01;2.6250000e+02;2.2518924e-01;2.6250000e+02;1.9405887e-01;2.6250000e+02;1.4584216e-01;2.6250000e+02;9.4008341e-02;2.6250000e+02;4.8645161e-02;2.6250000e+02;-1.6595423e-04;2.6250000e+02;-4.1481048e-02;2.6250000e+02;-8.4794402e-02;2.6250000e+02;-1.2932453e-01;2.6250000e+02;-7.6184750e-02;2.6250000e+02;-6.1254580e-02;2.6250000e+02;-1.3498746e-02;2.6250000e+02;6.0103599e-02;2.6250000e+02;1.4850512e-01;2.6250000e+02;2.2407922e-01;2.6250000e+02;2.4894708e-01;2.6250000e+02;2.2085473e-01;2.6250000e+02;1.8372189e-01;2.6250000e+02;2.2518924e-01;2.6250000e+02;1.9405887e-01;2.6250000e+02;1.4584216e-01;2.6250000e+02;9.4008341e-02;2.6250000e+02;4.8645161e-02;2.6250000e+02;-1.6595423e-04;2.6250000e+02;-4.1481048e-02;2.6250000e+02;-8.4794402e-02;2.6250000e+02;-1.2932453e-01;2.6250000e+02;-7.6184750e-02;2.6250000e+02;-6.1254580e-02;2.6250000e+02;-1.3498746e-02;2.6250000e+02;6.0103599e-02;2.6250000e+02;1.4850512e-01;2.6250000e+02;2.2407922e-01;2.6250000e+02;2.4894708e-01;2.6250000e+02;2.2085473e-01;2.6250000e+02;1.8372189e-01;2.6250000e+02;2.2518924e-01;2.6250000e+02;1.9405887e-01;2.6250000e+02;1.4584216e-01;2.6250000e+02;9.4008341e-02;2.6250000e+02;4.8645161e-02;2.6250000e+02;-1.6595423e-04;2.6250000e+02;-4.1481048e-02;2.6250000e+02;-8.4794402e-02;2.6250000e+02;-1.2932453e-01;2.6250000e+02;-7.6184750e-02;2.6250000e+02;-6.1254580e-02;2.6250000e+02;-1.3498746e-02;2.6250000e+02;6.0103599e-02;2.6250000e+02;1.4850512e-01;2.6250000e+02;2.2407922e-01;2.6250000e+02;2.4894708e-01;2.6250000e+02;2.2085473e-01;2.6250000e+02;1.8372189e-01;2.6250000e+02;2.2518924e-01;2.6250000e+02;1.9405887e-01;2.6250000e+02;1.4584216e-01;2.6250000e+02;9.4008341e-02;2.6250000e+02;4.8645161e-02;2.6250000e+02;-1.6595423e-04;2.6250000e+02;-4.1481048e-02;2.6250000e+02;-8.4794402e-02;2.6250000e+02;-1.2932453e-01;2.6250000e+02;-7.6184750e-02;2.6250000e+02;-6.1254580e-02;2.6250000e+02;-1.3498746e-02;2.6250000e+02;6.0103599e-02;2.6250000e+02;1.4850512e-01;2.6250000e+02;2.2407922e-01;2.6250000e+02;2.4894708e-01;2.6250000e+02;2.2085473e-01;2.6250000e+02;1.8372189e-01;2.6250000e+02;2.2518924e-01;2.6250000e+02;1.9405887e-01;2.6250000e+02;1.4584216e-01;2.6250000e+02;9.4008341e-02;2.6250000e+02;4.8645161e-02;2.6250000e+02;-1.6595423e-04;2.6250000e+02;-4.1481048e-02;2.6250000e+02;-8.4794402e-02;2.6250000e+02;-1.2932453e-01;2.6250000e+02;-7.6184750e-02;2.6250000e+02;-6.1254580e-02;2.6250000e+02;-1.3498746e-02;2.6250000e+02;6.0103599e-02;2.6250000e+02;1.4850512e-01;2.6250000e+02;2.2407922e-01;2.6250000e+02;2.4894708e-01;2.6250000e+02;2.2085473e-01;2.6250000e+02;1.8372189e-01;2.6250000e+02;2.2518924e-01;2.6250000e+02;1.9405887e-01;2.6250000e+02;1.4584216e-01;2.6250000e+02;9.4008341e-02;2.6250000e+02;4.8645161e-02;2.6250000e+02;-1.6595423e-04;2.6250000e+02;-4.1481048e-02;2.6250000e+02;-8.4794402e-02;2.6250000e+02;-1.2932453e-01;2.6250000e+02;-7.6184750e-02;2.6250000e+02;-6.1254580e-02;2.6250000e+02;-1.3498746e-02;2.6250000e+02;6.0103599e-02;2.6250000e+02;1.4850512e-01;2.6250000e+02;2.2407922e-01;2.6250000e+02;2.4894708e-01;2.6250000e+02;2.2085473e-01;2.6250000e+02;1.8372189e-01;2.6250000e+02;2.2518924e-01;2.6250000e+02;1.9405887e-01;2.6250000e+02;1.4584216e-01;2.6250000e+02;9.4008341e-02;2.6250000e+02;4.8645161e-02;2.6250000e+02;-1.6595423e-04;2.6250000e+02;-4.1481048e-02;2.6250000e+02;-8.4794402e-02;2.6250000e+02;-1.2932453e-01;2.6250000e+02;-7.6184750e-02;2.6250000e+02;-6.1254580e-02;2.6250000e+02;-1.3498746e-02;2.6250000e+02;6.0103599e-02;2.6250000e+02;1.4850512e-01;2.6250000e+02;2.2407922e-01;2.6250000e+02;2.4894708e-01;2.6250000e+02;2.2085473e-01;2.6250000e+02;1.8372189e-01;2.6250000e+02;2.2518924e-01;2.6250000e+02;1.9405887e-01;2.6250000e+02;1.4584216e-01;2.6250000e+02;9.4008341e-02;2.6250000e+02;4.8645161e-02;2.6250000e+02;-1.6595423e-04;2.6250000e+02;-4.1481048e-02;2.6250000e+02;-8.4794402e-02;2.6250000e+02;-1.2932453e-01;2.6250000e+02;-7.6184750e-02;2.6250000e+02;-6.1254580e-02;2.6250000e+02;-1.3498746e-02;2.6250000e+02;6.0103599e-02;2.6250000e+02;1.4850512e-01;2.6250000e+02;2.2407922e-01;2.6250000e+02;2.4894708e-01;2.6250000e+02;2.2085473e-01;2.6250000e+02;1.8372189e-01;2.6250000e+02;2.2518924e-01;2.6250000e+02;1.9405887e-01;2.6250000e+02;1.4584216e-01;2.6250000e+02;9.4008341e-02;2.6250000e+02;4.8645161e-02;2.6250000e+02;-1.6595423e-04;2.6250000e+02;-4.1481048e-02;2.6250000e+02;-8.4794402e-02;2.6250000e+02;-1.2932453e-01;2.6250000e+02;-7.6184750e-02;2.6250000e+02;-6.1254580e-02;2.6250000e+02;-1.3498746e-02;2.6250000e+02;6.0103599e-02;2.6250000e+02;1.4850512e-01;2.6250000e+02;2.2407922e-01;2.6250000e+02;2.4894708e-01;2.6250000e+02;2.2085473e-01;2.6250000e+02;1.8372189e-01;2.6250000e+02;2.2518924e-01;2.6250000e+02;1.9405887e-01;2.6250000e+02;1.4584216e-01;2.6250000e+02;9.4008341e-02;2.6250000e+02;4.8645161e-02;2.6250000e+02;-1.6595423e-04;2.6250000e+02;-4.1481048e-02;2.6250000e+02;-8.4794402e-02;2.6250000e+02;-1.2932453e-01;2.6250000e+02;-7.6184750e-02;2.6250000e+02;-6.1254580e-02;2.6250000e+02;-1.3498746e-02;2.6250000e+02;6.0103599e-02;2.6250000e+02;1.4850512e-01;2.6250000e+02;2.2407922e-01;2.6250000e+02;2.4894708e-01;2.6250000e+02;2.2085473e-01;2.6250000e+02;1.8372189e-01;2.6250000e+02;2.2518924e-01;2.6250000e+02;1.9405887e-01;2.6250000e+02;1.4584216e-01;2.6250000e+02;9.4008341e-02;2.6250000e+02;4.8645161e-02;2.6250000e+02;-1.6595423e-04;2.6250000e+02;-4.1481048e-02;2.6250000e+02;-8.4794402e-02;2.6250000e+02;-1.2932453e-01;2.6250000e+02;-7.6184750e-02;2.6250000e+02;-6.1254580e-02;2.6250000e+02;-1.3498746e-02;2.6250000e+02;6.0103599e-02;2.6250000e+02;1.4850512e-01;2.6250000e+02;2.2407922e-01;2.6250000e+02;2.4894708e-01;2.6250000e+02;2.2085473e-01;2.6250000e+02;1.8372189e-01;2.6250000e+02;2.2518924e-01;2.6250000e+02;1.9405887e-01;2.6250000e+02;1.4584216e-01;2.6250000e+02;9.4008341e-02;2.6250000e+02;4.8645161e-02;2.6250000e+02;-1.6595423e-04;2.6250000e+02;-4.1481048e-02;2.6250000e+02;-8.4794402e-02;2.6250000e+02;-1.2932453e-01;2.6250000e+02;-7.6184750e-02;2.6250000e+02;-6.1254580e-02;2.6250000e+02;-1.3498746e-02;2.6250000e+02;6.0103599e-02;2.6250000e+02;1.4850512e-01;2.6250000e+02;2.2407922e-01;2.6250000e+02;2.4894708e-01;2.6250000e+02;2.2085473e-01;2.6250000e+02;1.8372189e-01;2.6250000e+02;2.2518924e-01;2.6250000e+02;1.9405887e-01;2.6250000e+02;1.4584216e-01;2.6250000e+02;9.4008341e-02;2.6250000e+02;4.8645161e-02;2.6250000e+02;-1.6595423e-04;2.6250000e+02;-4.1481048e-02;2.6250000e+02;-8.4794402e-02;2.6250000e+02;-1.2932453e-01;2.6250000e+02;-7.6184750e-02;2.6250000e+02;-6.1254580e-02;2.6250000e+02;-1.3498746e-02;2.6250000e+02;6.0103599e-02;2.6250000e+02;1.4850512e-01;2.6250000e+02;2.2407922e-01;2.6250000e+02;2.4894708e-01;2.6250000e+02;2.2085473e-01;2.6250000e+02;1.8372189e-01;2.6250000e+02;2.2518924e-01;2.6250000e+02;1.9405887e-01;2.6250000e+02;1.4584216e-01;2.6250000e+02;9.4008341e-02;2.6250000e+02;4.8645161e-02;2.6250000e+02;-1.6595423e-04;2.6250000e+02;-4.1481048e-02;2.6250000e+02;-8.4794402e-02;2.6250000e+02;-1.2932453e-01;2.6250000e+02;-7.6184750e-02;2.6250000e+02;-6.1254580e-02;2.6250000e+02;-1.3498746e-02;2.6250000e+02;6.0103599e-02;2.6250000e+02;1.4850512e-01;2.6250000e+02;2.2407922e-01;2.6250000e+02;2.4894708e-01;2.6250000e+02;2.2085473e-01;2.6250000e+02;1.8372189e-01;2.6250000e+02;2.2518924e-01;2.6250000e+02;1.9405887e-01;2.6250000e+02;1.4584216e-01;2.6250000e+02;9.4008341e-02;2.6250000e+02;4.8645161e-02;2.6250000e+02;-1.6595423e-04;2.6250000e+02;-4.1481048e-02;2.6250000e+02;-8.4794402e-02;2.6250000e+02;-1.2932453e-01;2.6250000e+02;-7.6184750e-02;2.6250000e+02;-6.1254580e-02;2.6250000e+02;-1.3498746e-02;2.6250000e+02;6.0103599e-02;2.6250000e+02;1.4850512e-01;2.6250000e+02;2.2407922e-01;2.6250000e+02;2.4894708e-01;2.6250000e+02;2.2085473e-01;2.6250000e+02;1.8372189e-01;2.6250000e+02;2.2518924e-01;2.6250000e+02;1.9405887e-01;2.6250000e+02;1.4584216e-01;2.6250000e+02;9.4008341e-02;2.6250000e+02;4.8645161e-02;2.6250000e+02;-1.6595423e-04;2.6250000e+02;-4.1481048e-02;2.6250000e+02;-8.4794402e-02;2.6250000e+02;-1.2932453e-01;2.6250000e+02;-7.6184750e-02;2.6250000e+02;-6.1254580e-02;2.6250000e+02;-1.3498746e-02;2.6250000e+02;6.0103599e-02;2.6250000e+02;1.4850512e-01;2.6250000e+02;2.2407922e-01;2.6250000e+02;2.4894708e-01;2.6250000e+02;2.2085473e-01;2.6250000e+02;1.8372189e-01;2.6250000e+02;2.2518924e-01;2.6250000e+02;1.9405887e-01;2.6250000e+02;1.4584216e-01;2.6250000e+02;9.4008341e-02;2.6250000e+02;4.8645161e-02;2.6250000e+02;-1.6595423e-04;2.6250000e+02;-4.1481048e-02;2.6250000e+02;-8.4794402e-02;2.6250000e+02;-1.2932453e-01;2.6250000e+02;-7.6184750e-02;2.6250000e+02;-6.1254580e-02;2.6250000e+02;-1.3498746e-02;2.6250000e+02;6.0103599e-02;2.6250000e+02;1.4850512e-01;2.6250000e+02;2.2407922e-01;2.6250000e+02;2.4894708e-01;2.6250000e+02;2.2085473e-01;2.6250000e+02;1.8372189e-01;2.6250000e+02;2.2518924e-01;2.6250000e+02;1.9405887e-01;2.6250000e+02;1.4584216e-01;2.6250000e+02;9.4008341e-02;2.6250000e+02;4.8645161e-02;2.6250000e+02;-1.6595423e-04;2.6250000e+02;-4.1481048e-02;2.6250000e+02;-8.4794402e-02;2.6250000e+02;-1.2932453e-01;2.6250000e+02;-7.6184750e-02;2.6250000e+02;-6.1254580e-02;2.6250000e+02;-1.3498746e-02;2.6250000e+02;6.0103599e-02;2.6250000e+02;1.4850512e-01;2.6250000e+02;2.2407922e-01;2.6250000e+02;2.4894708e-01;2.6250000e+02;2.2085473e-01;2.6250000e+02;1.8372189e-01;2.6250000e+02;2.2518924e-01;2.6250000e+02;1.9405887e-01;2.6250000e+02;1.4584216e-01;2.6250000e+02;9.4008341e-02;2.6250000e+02;4.8645161e-02;2.6250000e+02;-1.6595423e-04;2.6250000e+02;-4.1481048e-02;2.6250000e+02;-8.4794402e-02;2.6250000e+02;-1.2932453e-01;2.6250000e+02;-7.6184750e-02;2.6250000e+02;-6.1254580e-02;2.6250000e+02;-1.3498746e-02;2.6250000e+02;6.0103599e-02;2.6250000e+02;1.4850512e-01;2.6250000e+02;2.2407922e-01;2.6250000e+02;2.4894708e-01;2.6250000e+02;2.2085473e-01;2.6250000e+02;1.8372189e-01;2.6250000e+02;2.2518924e-01;2.6250000e+02;1.9405887e-01;2.6250000e+02;1.4584216e-01;2.6250000e+02;9.4008341e-02;2.6250000e+02;4.8645161e-02;2.6250000e+02;-1.6595423e-04;2.6250000e+02;-4.1481048e-02;2.6250000e+02;-8.4794402e-02;2.6250000e+02;-1.2932453e-01;2.6250000e+02;-7.6184750e-02;2.6250000e+02;-6.1254580e-02;2.6250000e+02;-1.3498746e-02;2.6250000e+02;6.0103599e-02;2.6250000e+02;1.4850512e-01;2.6250000e+02;2.2407922e-01;2.6250000e+02;2.4894708e-01;2.6250000e+02;2.2085473e-01;2.6250000e+02;1.8372189e-01;2.6250000e+02;2.2518924e-01;2.6250000e+02;1.9405887e-01;2.6250000e+02;1.4584216e-01;2.6250000e+02;9.4008341e-02;2.6250000e+02;4.8645161e-02;2.6250000e+02;-1.6595423e-04;2.6250000e+02;-4.1481048e-02;2.6250000e+02;-8.4794402e-02;2.6250000e+02;-1.2932453e-01;2.6250000e+02;-7.6184750e-02;2.6250000e+02;-6.1254580e-02;2.6250000e+02;-1.3498746e-02;2.6250000e+02;6.0103599e-02;2.6250000e+02;1.4850512e-01;2.6250000e+02;2.2407922e-01;2.6250000e+02;2.4894708e-01;2.6250000e+02;2.2085473e-01;2.6250000e+02;1.8372189e-01;2.6250000e+02;2.2518924e-01;2.6250000e+02;1.9405887e-01;2.6250000e+02;1.4584216e-01;2.6250000e+02;9.4008341e-02;2.6250000e+02;4.8645161e-02;2.6250000e+02;-1.6595423e-04;2.6250000e+02;-4.1481048e-02;2.6250000e+02;-8.4794402e-02;2.6250000e+02;-1.2932453e-01;2.6250000e+02;-7.6184750e-02;2.6250000e+02;-6.1254580e-02;2.6250000e+02;-1.3498746e-02;2.6250000e+02;6.0103599e-02;2.6250000e+02;1.4850512e-01;2.6250000e+02;2.2407922e-01;2.6250000e+02;2.4894708e-01;2.6250000e+02;2.2085473e-01;2.6250000e+02;1.8372189e-01;2.6250000e+02;2.2518924e-01;2.6250000e+02;1.9405887e-01;2.6250000e+02;1.4584216e-01;2.6250000e+02;9.4008341e-02;2.6250000e+02;4.8645161e-02;2.6250000e+02;-1.6595423e-04;2.6250000e+02;-4.1481048e-02;2.6250000e+02;-8.4794402e-02;2.6250000e+02;-1.2932453e-01;2.6250000e+02;-7.6184750e-02;2.6250000e+02;-6.1254580e-02;2.6250000e+02;-1.3498746e-02;2.6250000e+02;6.0103599e-02;2.6250000e+02;1.4850512e-01;2.6250000e+02;2.2407922e-01;2.6250000e+02;2.4894708e-01;2.6250000e+02;2.2085473e-01;2.6250000e+02;1.8372189e-01;2.6250000e+02;2.2518924e-01;2.6250000e+02;1.9405887e-01;2.6250000e+02;1.4584216e-01;2.6250000e+02;9.4008341e-02;2.6250000e+02;4.8645161e-02;2.6250000e+02;-1.6595423e-04;2.6250000e+02;-4.1481048e-02;2.6250000e+02;-8.4794402e-02;2.6250000e+02;-1.2932453e-01;2.6250000e+02;-7.6184750e-02;2.6250000e+02;-6.1254580e-02;2.6250000e+02;-1.3498746e-02;2.6250000e+02;6.0103599e-02;2.6250000e+02;1.4850512e-01;2.6250000e+02;2.2407922e-01;2.6250000e+02;2.4894708e-01;2.6250000e+02;2.2085473e-01;2.6250000e+02;1.8372189e-01;2.6250000e+02;2.2518924e-01;2.6250000e+02;1.9405887e-01;2.6250000e+02;1.4584216e-01;2.6250000e+02;9.4008341e-02;2.6250000e+02;4.8645161e-02;2.6250000e+02;-1.6595423e-04;2.6250000e+02;-4.1481048e-02;2.6250000e+02;-8.4794402e-02;2.6250000e+02;-1.2932453e-01;2.6250000e+02;-7.6184750e-02;2.6250000e+02;-6.1254580e-02;2.6250000e+02;-1.3498746e-02;2.6250000e+02;6.0103599e-02;2.6250000e+02;1.4850512e-01;2.6250000e+02;2.2407922e-01;2.6250000e+02;2.4894708e-01;2.6250000e+02;2.2085473e-01;2.6250000e+02;1.8372189e-01;2.6250000e+02;2.2518924e-01;2.6250000e+02;1.9405887e-01;2.6250000e+02;1.4584216e-01;2.6250000e+02;9.4008341e-02;2.6250000e+02;4.8645161e-02;2.6250000e+02;-1.6595423e-04;2.6250000e+02;-4.1481048e-02;2.6250000e+02;-8.4794402e-02;2.6250000e+02;-1.2932453e-01;2.6250000e+02;-7.6184750e-02;2.6250000e+02;-6.1254580e-02;2.6250000e+02;-1.3498746e-02;2.6250000e+02;6.0103599e-02;2.6250000e+02;1.4850512e-01;2.6250000e+02;2.2407922e-01;2.6250000e+02;2.4894708e-01;2.6250000e+02;2.2085473e-01;2.6250000e+02;1.8372189e-01;2.6250000e+02;2.2518924e-01;2.6250000e+02;1.9405887e-01;2.6250000e+02;1.4584216e-01;2.6250000e+02;9.4008341e-02;2.6250000e+02;4.8645161e-02;2.6250000e+02;-1.6595423e-04;2.6250000e+02;-4.1481048e-02;2.6250000e+02;-8.4794402e-02;2.6250000e+02;-1.2932453e-01;2.6250000e+02;-7.6184750e-02;2.6250000e+02;-6.1254580e-02;2.6250000e+02;-1.3498746e-02;2.6250000e+02;6.0103599e-02;2.6250000e+02;1.4850512e-01;2.6250000e+02;2.2407922e-01;2.6250000e+02;2.4894708e-01;2.6250000e+02;2.2085473e-01;2.6250000e+02;1.8372189e-01;2.6250000e+02;2.2518924e-01;2.6250000e+02;1.9405887e-01;2.6250000e+02;1.4584216e-01;2.6250000e+02;9.4008341e-02;2.6250000e+02;4.8645161e-02;2.6250000e+02;-1.6595423e-04;2.6250000e+02;-4.1481048e-02;2.6250000e+02;-8.4794402e-02;2.6250000e+02;-1.2932453e-01;2.6250000e+02;-7.6184750e-02;2.6250000e+02;-6.1254580e-02;2.6250000e+02;-1.3498746e-02;2.6250000e+02;6.0103599e-02;2.6250000e+02;1.4850512e-01;2.6250000e+02;2.2407922e-01;2.6250000e+02;2.4894708e-01;2.6250000e+02;2.2085473e-01;2.6250000e+02;1.8372189e-01;2.6250000e+02;2.2518924e-01;2.6250000e+02;1.9405887e-01;2.6250000e+02;1.4584216e-01;2.6250000e+02;9.4008341e-02;2.6250000e+02;4.8645161e-02;2.6250000e+02;-1.6595423e-04;2.6250000e+02;-4.1481048e-02;2.6250000e+02;-8.4794402e-02;2.6250000e+02;-1.2932453e-01;2.6250000e+02;-7.6184750e-02;2.6250000e+02;-6.1254580e-02;2.6250000e+02;-1.3498746e-02;2.6250000e+02;6.0103599e-02;2.6250000e+02;1.4850512e-01;2.6250000e+02;2.2407922e-01;2.6250000e+02;2.4894708e-01;2.6250000e+02;2.2085473e-01;2.6250000e+02;1.8372189e-01;2.6250000e+02;2.2518924e-01;2.6250000e+02;1.9405887e-01;2.6250000e+02;1.4584216e-01;2.6250000e+02;9.4008341e-02;2.6250000e+02;4.8645161e-02;2.6250000e+02;-1.6595423e-04;2.6250000e+02;-4.1481048e-02;2.6250000e+02;-8.4794402e-02;2.6250000e+02;-1.2932453e-01;2.6250000e+02;-7.6184750e-02;2.6250000e+02;-6.1254580e-02;2.6250000e+02;-1.3498746e-02;2.6250000e+02;6.0103599e-02;2.6250000e+02;1.4850512e-01;2.6250000e+02;2.2407922e-01;2.6250000e+02;2.4894708e-01;2.6250000e+02;2.2085473e-01;2.6250000e+02;1.8372189e-01;2.6250000e+02;2.2518924e-01;2.6250000e+02;1.9405887e-01;2.6250000e+02;1.4584216e-01;2.6250000e+02;9.4008341e-02;2.6250000e+02;4.8645161e-02;2.6250000e+02;-1.6595423e-04;2.6250000e+02;-4.1481048e-02;2.6250000e+02;-8.4794402e-02;2.6250000e+02;-1.2932453e-01;2.6250000e+02;-7.6184750e-02;2.6250000e+02;-6.1254580e-02;2.6250000e+02;-1.3498746e-02;2.6250000e+02;6.0103599e-02;2.6250000e+02;1.4850512e-01;2.6250000e+02;2.2407922e-01;2.6250000e+02;2.4894708e-01;2.6250000e+02;2.2085473e-01;2.6250000e+02;1.8372189e-01;2.6250000e+02;2.2518924e-01;2.6250000e+02;1.9405887e-01;2.6250000e+02;1.4584216e-01;2.6250000e+02;9.4008341e-02;2.6250000e+02;4.8645161e-02;2.6250000e+02;-1.6595423e-04;2.6250000e+02;-4.1481048e-02;2.6250000e+02;-8.4794402e-02;2.6250000e+02;-1.2932453e-01;2.6250000e+02;-7.6184750e-02;2.6250000e+02;-6.1254580e-02;2.6250000e+02;-1.3498746e-02;2.6250000e+02;6.0103599e-02;2.6250000e+02;1.4850512e-01;2.6250000e+02;2.2407922e-01;2.6250000e+02;2.4894708e-01;2.6250000e+02;2.2085473e-01;2.6250000e+02;1.8372189e-01;2.6250000e+02;2.2518924e-01;2.6250000e+02;1.9405887e-01;2.6250000e+02;1.4584216e-01;2.6250000e+02;9.4008341e-02;2.6250000e+02;4.8645161e-02;2.6250000e+02;-1.6595423e-04;2.6250000e+02;-4.1481048e-02;2.6250000e+02;-8.4794402e-02;2.6250000e+02;-1.2932453e-01;2.6250000e+02;-7.6184750e-02;2.6250000e+02;-6.1254580e-02;2.6250000e+02;-1.3498746e-02;2.6250000e+02;6.0103599e-02;2.6250000e+02;1.4850512e-01;2.6250000e+02;2.2407922e-01;2.6250000e+02;2.4894708e-01;2.6250000e+02;2.2085473e-01;2.6250000e+02;1.8372189e-01;2.6250000e+02;2.2518924e-01;2.6250000e+02;1.9405887e-01;2.6250000e+02;1.4584216e-01;2.6250000e+02;9.4008341e-02;2.6250000e+02;4.8645161e-02;2.6250000e+02;-1.6595423e-04;2.6250000e+02;-4.1481048e-02;2.6250000e+02;-8.4794402e-02;2.6250000e+02;-1.2932453e-01;2.6250000e+02;-7.6184750e-02;2.6250000e+02;-6.1254580e-02;2.6250000e+02;-1.3498746e-02;2.6250000e+02;6.0103599e-02;2.6250000e+02;1.4850512e-01;2.6250000e+02;2.2407922e-01;2.6250000e+02;2.4894708e-01;2.6250000e+02;2.2085473e-01;2.6250000e+02;1.8372189e-01;2.6250000e+02;2.2518924e-01;2.6250000e+02;1.9405887e-01;2.6250000e+02;1.4584216e-01;2.6250000e+02;9.4008341e-02;2.6250000e+02;4.8645161e-02;2.6250000e+02;-1.6595423e-04;2.6250000e+02;-4.1481048e-02;2.6250000e+02;-8.4794402e-02;2.6250000e+02;-1.2932453e-01;2.6250000e+02;-7.6184750e-02;2.6250000e+02;-6.1254580e-02;2.6250000e+02;-1.3498746e-02;2.6250000e+02;6.0103599e-02;2.6250000e+02;1.4850512e-01;2.6250000e+02;2.2407922e-01;2.6250000e+02;2.4894708e-01;2.6250000e+02;2.2085473e-01;2.6250000e+02;1.8372189e-01;2.6250000e+02;2.2518924e-01;2.6250000e+02;1.9405887e-01;2.6250000e+02;1.4584216e-01;2.6250000e+02;9.4008341e-02;2.6250000e+02;4.8645161e-02;2.6250000e+02;-1.6595423e-04;2.6250000e+02;-4.1481048e-02;2.6250000e+02;-8.4794402e-02;2.6250000e+02;-1.2932453e-01;2.6250000e+02;-7.6184750e-02;2.6250000e+02;-6.1254580e-02;2.6250000e+02;-1.3498746e-02;2.6250000e+02;6.0103599e-02;2.6250000e+02;1.4850512e-01;2.6250000e+02;2.2407922e-01;2.6250000e+02;2.4894708e-01;2.6250000e+02;2.2085473e-01;2.6250000e+02;1.8372189e-01;2.6250000e+02;2.2518924e-01;2.6250000e+02;1.9405887e-01;2.6250000e+02;1.4584216e-01;2.6250000e+02;9.4008341e-02;2.6250000e+02;4.8645161e-02;2.6250000e+02;-1.6595423e-04;2.6250000e+02;-4.1481048e-02;2.6250000e+02;-8.4794402e-02;2.6250000e+02;-1.2932453e-01;2.6250000e+02;-7.6184750e-02;2.6250000e+02;-6.1254580e-02;2.6250000e+02;-1.3498746e-02;2.6250000e+02;6.0103599e-02;2.6250000e+02;1.4850512e-01;2.6250000e+02;2.2407922e-01;2.6250000e+02;2.4894708e-01;2.6250000e+02;2.2085473e-01;2.6250000e+02;1.8372189e-01;2.6250000e+02;2.2518924e-01;2.6250000e+02;1.9405887e-01;2.6250000e+02;1.4584216e-01;2.6250000e+02;9.4008341e-02;2.6250000e+02;4.8645161e-02;2.6250000e+02;-1.6595423e-04;2.6250000e+02;-4.1481048e-02;2.6250000e+02;-8.4794402e-02;2.6250000e+02;-1.2932453e-01;2.6250000e+02;-7.6184750e-02;2.6250000e+02;-6.1254580e-02;2.6250000e+02;-1.3498746e-02;2.6250000e+02;6.0103599e-02;2.6250000e+02;1.4850512e-01;2.6250000e+02;2.2407922e-01;2.6250000e+02;2.4894708e-01;2.6250000e+02;2.2085473e-01;2.6250000e+02;1.8372189e-01;2.6250000e+02;2.2518924e-01;2.6250000e+02;1.9405887e-01;2.6250000e+02;1.4584216e-01;2.6250000e+02;9.4008341e-02;2.6250000e+02;4.8645161e-02;2.6250000e+02;-1.6595423e-04;2.6250000e+02;-4.1481048e-02;2.6250000e+02;-8.4794402e-02;2.6250000e+02;-1.2932453e-01;2.6250000e+02;-7.6184750e-02;2.6250000e+02;-6.1254580e-02;2.6250000e+02;-1.3498746e-02;2.6250000e+02;6.0103599e-02;2.6250000e+02;1.4850512e-01;2.6250000e+02;2.2407922e-01;2.6250000e+02;2.4894708e-01;2.6250000e+02;2.2085473e-01;2.6250000e+02;1.8372189e-01;2.6250000e+02;2.2518924e-01;2.6250000e+02;1.9405887e-01;2.6250000e+02;1.4584216e-01;2.6250000e+02;9.4008341e-02;2.6250000e+02;4.8645161e-02;2.6250000e+02;-1.6595423e-04;2.6250000e+02;-4.1481048e-02;2.6250000e+02;-8.4794402e-02;2.6250000e+02;-1.2932453e-01;2.6250000e+02;-7.6184750e-02;2.6250000e+02;-6.1254580e-02;2.6250000e+02;-1.3498746e-02;2.6250000e+02;6.0103599e-02;2.6250000e+02;1.4850512e-01;2.6250000e+02;2.2407922e-01;2.6250000e+02;2.4894708e-01;2.6250000e+02;2.2085473e-01;2.6250000e+02;1.8372189e-01;2.6250000e+02;2.2518924e-01;2.6250000e+02;1.9405887e-01;2.6250000e+02;1.4584216e-01;2.6250000e+02;9.4008341e-02;2.6250000e+02;4.8645161e-02;2.6250000e+02;-1.6595423e-04;2.6250000e+02;-4.1481048e-02;2.6250000e+02;-8.4794402e-02;2.6250000e+02;-1.2932453e-01;2.6250000e+02;-7.6184750e-02;2.6250000e+02;-6.1254580e-02;2.6250000e+02;-1.3498746e-02;2.6250000e+02;6.0103599e-02;2.6250000e+02;1.4850512e-01;2.6250000e+02;2.2407922e-01;2.6250000e+02;2.4894708e-01;2.6250000e+02;2.2085473e-01;2.6250000e+02;1.8372189e-01;2.6250000e+02;2.2518924e-01;2.6250000e+02;1.9405887e-01;2.6250000e+02;1.4584216e-01;2.6250000e+02;9.4008341e-02;2.6250000e+02;4.8645161e-02;2.6250000e+02;-1.6595423e-04;2.6250000e+02;-4.1481048e-02;2.6250000e+02;-8.4794402e-02;2.6250000e+02;-1.2932453e-01;2.6250000e+02;-7.6184750e-02;2.6250000e+02;-6.1254580e-02;2.6250000e+02;-1.3498746e-02;2.6250000e+02;6.0103599e-02;2.6250000e+02;1.4850512e-01;2.6250000e+02;2.2407922e-01;2.6250000e+02;2.4894708e-01;2.6250000e+02;2.2085473e-01;2.6250000e+02;1.8372189e-01;2.6250000e+02;2.2518924e-01;2.6250000e+02;1.9405887e-01;2.6250000e+02;1.4584216e-01;2.6250000e+02;9.4008341e-02;2.6250000e+02;4.8645161e-02;2.6250000e+02;-1.6595423e-04;2.6250000e+02;-4.1481048e-02;2.6250000e+02;-8.4794402e-02;2.6250000e+02;-1.2932453e-01;2.6250000e+02;-7.6184750e-02;2.6250000e+02;-6.1254580e-02;2.6250000e+02;-1.3498746e-02;2.6250000e+02;6.0103599e-02;2.6250000e+02;1.4850512e-01;2.6250000e+02;2.2407922e-01;2.6250000e+02;2.4894708e-01;2.6250000e+02;2.2085473e-01;2.6250000e+02;1.8372189e-01;2.6250000e+02;2.2518924e-01;2.6250000e+02;1.9405887e-01;2.6250000e+02;1.4584216e-01;2.6250000e+02;9.4008341e-02;2.6250000e+02;4.8645161e-02;2.6250000e+02;-1.6595423e-04;2.6250000e+02;-4.1481048e-02;2.6250000e+02;-8.4794402e-02;2.6250000e+02;-1.2932453e-01;2.6250000e+02;-7.6184750e-02;2.6250000e+02;-6.1254580e-02;2.6250000e+02;-1.3498746e-02;2.6250000e+02;6.0103599e-02;2.6250000e+02;1.4850512e-01;2.6250000e+02;2.2407922e-01;2.6250000e+02;2.4894708e-01;2.6250000e+02;2.2085473e-01;2.6250000e+02;1.8372189e-01;2.6250000e+02;2.2518924e-01;2.6250000e+02;1.9405887e-01;2.6250000e+02;1.4584216e-01;2.6250000e+02;9.4008341e-02;2.6250000e+02;4.8645161e-02;2.6250000e+02;-1.6595423e-04;2.6250000e+02;-4.1481048e-02;2.6250000e+02;-8.4794402e-02;2.6250000e+02;-1.2932453e-01;2.6250000e+02;-7.6184750e-02;2.6250000e+02;-6.1254580e-02;2.6250000e+02;-1.3498746e-02;2.6250000e+02;6.0103599e-02;2.6250000e+02;1.4850512e-01;2.6250000e+02;2.2407922e-01;2.6250000e+02;2.4894708e-01;2.6250000e+02;2.2085473e-01;2.6250000e+02;1.8372189e-01;2.6250000e+02;2.2518924e-01;2.6250000e+02;1.9405887e-01;2.6250000e+02;1.4584216e-01;2.6250000e+02;9.4008341e-02;2.6250000e+02;4.8645161e-02;2.6250000e+02;-1.6595423e-04;2.6250000e+02;-4.1481048e-02;2.6250000e+02;-8.4794402e-02;2.6250000e+02;-1.2932453e-01;2.6250000e+02;-7.6184750e-02;2.6250000e+02;-6.1254580e-02;2.6250000e+02;-1.3498746e-02;2.6250000e+02;6.0103599e-02;2.6250000e+02;1.4850512e-01;2.6250000e+02;2.2407922e-01;2.6250000e+02;2.4894708e-01;2.6250000e+02;2.2085473e-01;2.6250000e+02;1.8372189e-01;2.6250000e+02;2.2518924e-01;2.6250000e+02;1.9405887e-01;2.6250000e+02;1.4584216e-01;2.6250000e+02;9.4008341e-02;2.6250000e+02;4.8645161e-02;2.6250000e+02;-1.6595423e-04;2.6250000e+02;-4.1481048e-02;2.6250000e+02;-8.4794402e-02;2.6250000e+02;-1.2932453e-01;2.6250000e+02;-7.6184750e-02;2.6250000e+02;-6.1254580e-02;2.6250000e+02;-1.3498746e-02;2.6250000e+02;6.0103599e-02;2.6250000e+02;1.4850512e-01;2.6250000e+02;2.2407922e-01;2.6250000e+02;2.4894708e-01;2.6250000e+02;2.2085473e-01;2.6250000e+02;1.8372189e-01;2.6250000e+02;2.2518924e-01;2.6250000e+02;1.9405887e-01;2.6250000e+02;1.4584216e-01;2.6250000e+02;9.4008341e-02;2.6250000e+02;4.8645161e-02;2.6250000e+02;-1.6595423e-04;2.6250000e+02;-4.1481048e-02;2.6250000e+02;-8.4794402e-02;2.6250000e+02;-1.2932453e-01;2.6250000e+02;-7.6184750e-02;2.6250000e+02;-6.1254580e-02;2.6250000e+02;-1.3498746e-02;2.6250000e+02;6.0103599e-02;2.6250000e+02;1.4850512e-01;2.6250000e+02;2.2407922e-01;2.6250000e+02;2.4894708e-01;2.6250000e+02;2.2085473e-01;2.6250000e+02;1.8372189e-01;2.6250000e+02;2.2518924e-01;2.6250000e+02;1.9405887e-01;2.6250000e+02;1.4584216e-01;2.6250000e+02;9.4008341e-02;2.6250000e+02;4.8645161e-02;2.6250000e+02;-1.6595423e-04;2.6250000e+02;-4.1481048e-02;2.6250000e+02;-8.4794402e-02;2.6250000e+02;-1.2932453e-01;2.6250000e+02;-7.6184750e-02;2.6250000e+02;-6.1254580e-02;2.6250000e+02;-1.3498746e-02;2.6250000e+02;6.0103599e-02;2.6250000e+02;1.4850512e-01;2.6250000e+02;2.2407922e-01;2.6250000e+02;2.4894708e-01;2.6250000e+02;2.2085473e-01;2.6250000e+02;1.8372189e-01;2.6250000e+02;2.2518924e-01;2.6250000e+02;1.9405887e-01;2.6250000e+02;1.4584216e-01;2.6250000e+02;9.4008341e-02;2.6250000e+02;4.8645161e-02;2.6250000e+02;-1.6595423e-04;2.6250000e+02;-4.1481048e-02;2.6250000e+02;-8.4794402e-02;2.6250000e+02;-1.2932453e-01;2.6250000e+02;-7.6184750e-02;2.6250000e+02;-6.1254580e-02;2.6250000e+02;-1.3498746e-02;2.6250000e+02;6.0103599e-02;2.6250000e+02;1.4850512e-01;2.6250000e+02;2.2407922e-01;2.6250000e+02;2.4894708e-01;2.6250000e+02;2.2085473e-01;2.6250000e+02;1.8372189e-01;2.6250000e+02;2.2518924e-01;2.6250000e+02;1.9405887e-01;2.6250000e+02;1.4584216e-01;2.6250000e+02;9.4008341e-02;2.6250000e+02;4.8645161e-02;2.6250000e+02;-1.6595423e-04;2.6250000e+02;-4.1481048e-02;2.6250000e+02;-8.4794402e-02;2.6250000e+02;-1.2932453e-01;2.6250000e+02;-7.6184750e-02;2.6250000e+02;-6.1254580e-02;2.6250000e+02;-1.3498746e-02;2.6250000e+02;6.0103599e-02;2.6250000e+02;1.4850512e-01;2.6250000e+02;2.2407922e-01;2.6250000e+02;2.4894708e-01;2.6250000e+02;2.2085473e-01;2.6250000e+02;1.8372189e-01;2.6250000e+02;2.2518924e-01;2.6250000e+02;1.9405887e-01;2.6250000e+02;1.4584216e-01;2.6250000e+02;9.4008341e-02;2.6250000e+02;4.8645161e-02;2.6250000e+02;-1.6595423e-04;2.6250000e+02;-4.1481048e-02;2.6250000e+02;-8.4794402e-02;2.6250000e+02;-1.2932453e-01;2.6250000e+02;-7.6184750e-02;2.6250000e+02;-6.1254580e-02;2.6250000e+02;-1.3498746e-02;2.6250000e+02;6.0103599e-02;2.6250000e+02;1.4850512e-01;2.6250000e+02;2.2407922e-01;2.6250000e+02;2.4894708e-01;2.6250000e+02;2.2085473e-01;2.6250000e+02;1.8372189e-01;2.6250000e+02;2.2518924e-01;2.6250000e+02;1.9405887e-01;2.6250000e+02;1.4584216e-01;2.6250000e+02;9.4008341e-02;2.6250000e+02;4.8645161e-02;2.6250000e+02;-1.6595423e-04;2.6250000e+02;-4.1481048e-02;2.6250000e+02;-8.4794402e-02;2.6250000e+02;-1.2932453e-01;2.6250000e+02;-7.6184750e-02;2.6250000e+02;-6.1254580e-02;2.6250000e+02;-1.3498746e-02;2.6250000e+02;6.0103599e-02;2.6250000e+02;1.4850512e-01;2.6250000e+02;2.2407922e-01;2.6250000e+02;2.4894708e-01;2.6250000e+02;2.2085473e-01;2.6250000e+02;1.8372189e-01;2.6250000e+02;2.2518924e-01;2.6250000e+02;1.9405887e-01;2.6250000e+02;1.4584216e-01;2.6250000e+02;9.4008341e-02;2.6250000e+02;4.8645161e-02;2.6250000e+02;-1.6595423e-04;2.6250000e+02;-4.1481048e-02;2.6250000e+02;-8.4794402e-02;2.6250000e+02;-1.2932453e-01;2.6250000e+02;-7.6184750e-02;2.6250000e+02;-6.1254580e-02;2.6250000e+02;-1.3498746e-02;2.6250000e+02;6.0103599e-02;2.6250000e+02;1.4850512e-01;2.6250000e+02;2.2407922e-01;2.6250000e+02;2.4894708e-01;2.6250000e+02;2.2085473e-01;2.6250000e+02;1.8372189e-01;2.6250000e+02;2.2518924e-01;2.6250000e+02;1.9405887e-01;2.6250000e+02;1.4584216e-01;2.6250000e+02;9.4008341e-02;2.6250000e+02;4.8645161e-02;2.6250000e+02;-1.6595423e-04;2.6250000e+02;-4.1481048e-02;2.6250000e+02;-8.4794402e-02;2.6250000e+02;-1.2932453e-01;2.6250000e+02;-7.6184750e-02;2.6250000e+02;-6.1254580e-02;2.6250000e+02;-1.3498746e-02;2.6250000e+02;6.0103599e-02;2.6250000e+02;1.4850512e-01;2.6250000e+02;2.2407922e-01;2.6250000e+02;2.4894708e-01;2.6250000e+02;2.2085473e-01;2.6250000e+02;1.8372189e-01;2.6250000e+02;2.2518924e-01;2.6250000e+02;1.9405887e-01;2.6250000e+02;1.4584216e-01;2.6250000e+02;9.4008341e-02;2.6250000e+02;4.8645161e-02;2.6250000e+02;-1.6595423e-04;2.6250000e+02;-4.1481048e-02;2.6250000e+02;-8.4794402e-02;2.6250000e+02;-1.2932453e-01;2.6250000e+02;-7.6184750e-02;2.6250000e+02;-6.1254580e-02;2.6250000e+02;-1.3498746e-02;2.6250000e+02;6.0103599e-02;2.6250000e+02;1.4850512e-01;2.6250000e+02;2.2407922e-01;2.6250000e+02;2.4894708e-01;2.6250000e+02;2.2085473e-01;2.6250000e+02;1.8372189e-01;2.6250000e+02;2.2518924e-01;2.6250000e+02;1.9405887e-01;2.6250000e+02;1.4584216e-01;2.6250000e+02;9.4008341e-02;2.6250000e+02;4.8645161e-02;2.6250000e+02;-1.6595423e-04;2.6250000e+02;-4.1481048e-02;2.6250000e+02;-8.4794402e-02;2.6250000e+02;-1.2932453e-01;2.6250000e+02;-7.6184750e-02;2.6250000e+02;-6.1254580e-02;2.6250000e+02;-1.3498746e-02;2.6250000e+02;6.0103599e-02;2.6250000e+02;1.4850512e-01;2.6250000e+02;2.2407922e-01;2.6250000e+02;2.4894708e-01;2.6250000e+02;2.2085473e-01;2.6250000e+02;1.8372189e-01;2.6250000e+02;2.2518924e-01;2.6250000e+02;1.9405887e-01;2.6250000e+02;1.4584216e-01;2.6250000e+02;9.4008341e-02;2.6250000e+02;4.8645161e-02;2.6250000e+02;-1.6595423e-04;2.6250000e+02;-4.1481048e-02;2.6250000e+02;-8.4794402e-02;2.6250000e+02;-1.2932453e-01;2.6250000e+02;-7.6184750e-02;2.6250000e+02;-6.1254580e-02;2.6250000e+02;-1.3498746e-02;2.6250000e+02;6.0103599e-02;2.6250000e+02;1.4850512e-01;2.6250000e+02;2.2407922e-01;2.6250000e+02;2.4894708e-01;2.6250000e+02;2.2085473e-01;2.6250000e+02;1.8372189e-01;2.6250000e+02;2.2518924e-01;2.6250000e+02;1.9405887e-01;2.6250000e+02;1.4584216e-01;2.6250000e+02;9.4008341e-02;2.6250000e+02;4.8645161e-02;2.6250000e+02;-1.6595423e-04;2.6250000e+02;-4.1481048e-02;2.6250000e+02;-8.4794402e-02;2.6250000e+02;-1.2932453e-01;2.6250000e+02;-7.6184750e-02;2.6250000e+02;-6.1254580e-02;2.6250000e+02;-1.3498746e-02;2.6250000e+02;6.0103599e-02;2.6250000e+02;1.4850512e-01;2.6250000e+02;2.2407922e-01;2.6250000e+02;2.4894708e-01;2.6250000e+02;2.2085473e-01;2.6250000e+02;1.8372189e-01;2.6250000e+02;2.2518924e-01;2.6250000e+02;1.9405887e-01;2.6250000e+02;1.4584216e-01;2.6250000e+02;9.4008341e-02;2.6250000e+02;4.8645161e-02;2.6250000e+02;-1.6595423e-04;2.6250000e+02;-4.1481048e-02;2.6250000e+02;-8.4794402e-02;2.6250000e+02;-1.2932453e-01;2.6250000e+02;-7.6184750e-02;2.6250000e+02;-6.1254580e-02;2.6250000e+02;-1.3498746e-02;2.6250000e+02;6.0103599e-02;2.6250000e+02;1.4850512e-01;2.6250000e+02;2.2407922e-01;2.6250000e+02;2.4894708e-01;2.6250000e+02;2.2085473e-01;2.6250000e+02;1.8372189e-01;2.6250000e+02;2.2518924e-01;2.6250000e+02;1.9405887e-01;2.6250000e+02;1.4584216e-01;2.6250000e+02;9.4008341e-02;2.6250000e+02;4.8645161e-02;2.6250000e+02;-1.6595423e-04;2.6250000e+02;-4.1481048e-02;2.6250000e+02;-8.4794402e-02;2.6250000e+02;-1.2932453e-01;2.6250000e+02;-7.6184750e-02;2.6250000e+02;-6.1254580e-02;2.6250000e+02;-1.3498746e-02;2.6250000e+02;6.0103599e-02;2.6250000e+02;1.4850512e-01;2.6250000e+02;2.2407922e-01;2.6250000e+02;2.4894708e-01;2.6250000e+02;2.2085473e-01;2.6250000e+02;1.8372189e-01;2.6250000e+02;2.2518924e-01;2.6250000e+02;1.9405887e-01;2.6250000e+02;1.4584216e-01;2.6250000e+02;9.4008341e-02;2.6250000e+02;4.8645161e-02;2.6250000e+02;-1.6595423e-04;2.6250000e+02;-4.1481048e-02;2.6250000e+02;-8.4794402e-02;2.6250000e+02;-1.2932453e-01;2.6250000e+02;-7.6184750e-02;2.6250000e+02;-6.1254580e-02;2.6250000e+02;-1.3498746e-02;2.6250000e+02;6.0103599e-02;2.6250000e+02;1.4850512e-01;2.6250000e+02;2.2407922e-01;2.6250000e+02;2.4894708e-01;2.6250000e+02;2.2085473e-01;2.6250000e+02;1.8372189e-01;2.6250000e+02;2.2518924e-01;2.6250000e+02;1.9405887e-01;2.6250000e+02;1.4584216e-01;2.6250000e+02;9.4008341e-02;2.6250000e+02;4.8645161e-02;2.6250000e+02;-1.6595423e-04;2.6250000e+02;-4.1481048e-02;2.6250000e+02;-8.4794402e-02;2.6250000e+02;-1.2932453e-01;2.6250000e+02;-7.6184750e-02;2.6250000e+02;-6.1254580e-02;2.6250000e+02;-1.3498746e-02;2.6250000e+02;6.0103599e-02;2.6250000e+02;1.4850512e-01;2.6250000e+02;2.2407922e-01;2.6250000e+02;2.4894708e-01;2.6250000e+02;2.2085473e-01;2.6250000e+02;1.8372189e-01;2.6250000e+02;2.2518924e-01;2.6250000e+02;1.9405887e-01;2.6250000e+02;1.4584216e-01;2.6250000e+02;9.4008341e-02;2.6250000e+02;4.8645161e-02;2.6250000e+02;-1.6595423e-04;2.6250000e+02;-4.1481048e-02;2.6250000e+02;-8.4794402e-02;2.6250000e+02;-1.2932453e-01;2.6250000e+02;-7.6184750e-02;2.6250000e+02;-6.1254580e-02;2.6250000e+02;-1.3498746e-02;2.6250000e+02;6.0103599e-02;2.6250000e+02;1.4850512e-01;2.6250000e+02;2.2407922e-01;2.6250000e+02;2.4894708e-01;2.6250000e+02;2.2085473e-01;2.6250000e+02;1.8372189e-01;2.6250000e+02;2.2518924e-01;2.6250000e+02;1.9405887e-01;2.6250000e+02;1.4584216e-01;2.6250000e+02;9.4008341e-02;2.6250000e+02;4.8645161e-02;2.6250000e+02;-1.6595423e-04;2.6250000e+02;-4.1481048e-02;2.6250000e+02;-8.4794402e-02;2.6250000e+02;-1.2932453e-01;2.6250000e+02;-7.6184750e-02;2.6250000e+02;-6.1254580e-02;2.6250000e+02;-1.3498746e-02;2.6250000e+02;6.0103599e-02;2.6250000e+02;1.4850512e-01;2.6250000e+02;2.2407922e-01;2.6250000e+02;2.4894708e-01;2.6250000e+02;2.2085473e-01;2.6250000e+02;1.8372189e-01;2.6250000e+02;2.2518924e-01;2.6250000e+02;1.9405887e-01;2.6250000e+02;1.4584216e-01;2.6250000e+02;9.4008341e-02;2.6250000e+02;4.8645161e-02;2.6250000e+02;-1.6595423e-04;2.6250000e+02;-4.1481048e-02;2.6250000e+02;-8.4794402e-02;2.6250000e+02;-1.2932453e-01;2.6250000e+02;-7.6184750e-02;2.6250000e+02;-6.1254580e-02;2.6250000e+02;-1.3498746e-02;2.6250000e+02;6.0103599e-02;2.6250000e+02;1.4850512e-01;2.6250000e+02;2.2407922e-01;2.6250000e+02;2.4894708e-01;2.6250000e+02;2.2085473e-01;2.6250000e+02;1.8372189e-01;2.6250000e+02;2.2518924e-01;2.6250000e+02;1.9405887e-01;2.6250000e+02;1.4584216e-01;2.6250000e+02;9.4008341e-02;2.6250000e+02;4.8645161e-02;2.6250000e+02;-1.6595423e-04;2.6250000e+02;-4.1481048e-02;2.6250000e+02;-8.4794402e-02;2.6250000e+02;-1.2932453e-01;2.6250000e+02;-7.6184750e-02;2.6250000e+02;-6.1254580e-02;2.6250000e+02;-1.3498746e-02;2.6250000e+02;6.0103599e-02;2.6250000e+02;1.4850512e-01;2.6250000e+02;2.2407922e-01;2.6250000e+02;2.4894708e-01;2.6250000e+02;2.2085473e-01;2.6250000e+02;1.8372189e-01;2.6250000e+02;2.2518924e-01;2.6250000e+02;1.9405887e-01;2.6250000e+02;1.4584216e-01;2.6250000e+02;9.4008341e-02;2.6250000e+02;4.8645161e-02;2.6250000e+02;-1.6595423e-04;2.6250000e+02;-4.1481048e-02;2.6250000e+02;-8.4794402e-02;2.6250000e+02;-1.2932453e-01;2.6250000e+02;-7.6184750e-02;2.6250000e+02;-6.1254580e-02;2.6250000e+02;-1.3498746e-02;2.6250000e+02;6.0103599e-02;2.6250000e+02;1.4850512e-01;2.6250000e+02;2.2407922e-01;2.6250000e+02;2.4894708e-01;2.6250000e+02;2.2085473e-01;2.6250000e+02;1.8372189e-01;2.6250000e+02;2.2518924e-01;2.6250000e+02;1.9405887e-01;2.6250000e+02;1.4584216e-01;2.6250000e+02;9.4008341e-02;2.6250000e+02;4.8645161e-02;2.6250000e+02;-1.6595423e-04;2.6250000e+02;-4.1481048e-02;2.6250000e+02;-8.4794402e-02;2.6250000e+02;-1.2932453e-01;2.6250000e+02;-7.6184750e-02;2.6250000e+02;-6.1254580e-02;2.6250000e+02;-1.3498746e-02;2.6250000e+02;6.0103599e-02;2.6250000e+02;1.4850512e-01;2.6250000e+02;2.2407922e-01;2.6250000e+02;2.4894708e-01;2.6250000e+02;2.2085473e-01;2.6250000e+02;1.8372189e-01;2.6250000e+02;2.2518924e-01;2.6250000e+02;1.9405887e-01;2.6250000e+02;1.4584216e-01;2.6250000e+02;9.4008341e-02;2.6250000e+02;4.8645161e-02;2.6250000e+02;-1.6595423e-04;2.6250000e+02;-4.1481048e-02;2.6250000e+02;-8.4794402e-02;2.6250000e+02;-1.2932453e-01;2.6250000e+02;-7.6184750e-02;2.6250000e+02;-6.1254580e-02;2.6250000e+02;-1.3498746e-02;2.6250000e+02;6.0103599e-02;2.6250000e+02;1.4850512e-01;2.6250000e+02;2.2407922e-01;2.6250000e+02;2.4894708e-01;2.6250000e+02;2.2085473e-01;2.6250000e+02;1.8372189e-01;2.6250000e+02;2.2518924e-01;2.6250000e+02;1.9405887e-01;2.6250000e+02;1.4584216e-01;2.6250000e+02;9.4008341e-02;2.6250000e+02;4.8645161e-02;2.6250000e+02;-1.6595423e-04;2.6250000e+02;-4.1481048e-02;2.6250000e+02;-8.4794402e-02;2.6250000e+02;-1.2932453e-01;2.6250000e+02;-7.6184750e-02;2.6250000e+02;-6.1254580e-02;2.6250000e+02;-1.3498746e-02;2.6250000e+02;6.0103599e-02;2.6250000e+02;1.4850512e-01;2.6250000e+02;2.2407922e-01;2.6250000e+02;2.4894708e-01;2.6250000e+02;2.2085473e-01;2.6250000e+02;1.8372189e-01;2.6250000e+02;2.2518924e-01;2.6250000e+02;1.9405887e-01;2.6250000e+02;1.4584216e-01;2.6250000e+02;9.4008341e-02;2.6250000e+02;4.8645161e-02;2.6250000e+02;-1.6595423e-04;2.6250000e+02;-4.1481048e-02;2.6250000e+02;-8.4794402e-02;2.6250000e+02;-1.2932453e-01;2.6250000e+02;-7.6184750e-02;2.6250000e+02;-6.1254580e-02;2.6250000e+02;-1.3498746e-02;2.6250000e+02;6.0103599e-02;2.6250000e+02;1.4850512e-01;2.6250000e+02;2.2407922e-01;2.6250000e+02;2.4894708e-01;2.6250000e+02;2.2085473e-01;2.6250000e+02;1.8372189e-01;2.6250000e+02;2.2518924e-01;2.6250000e+02;1.9405887e-01;2.6250000e+02;1.4584216e-01;2.6250000e+02;9.4008341e-02;2.6250000e+02;4.8645161e-02;2.6250000e+02;-1.6595423e-04;2.6250000e+02;-4.1481048e-02;2.6250000e+02;-8.4794402e-02;2.6250000e+02;-1.2932453e-01;2.6250000e+02;-7.6184750e-02;2.6250000e+02;-6.1254580e-02;2.6250000e+02;-1.3498746e-02;2.6250000e+02;6.0103599e-02;2.6250000e+02;1.4850512e-01;2.6250000e+02;2.2407922e-01;2.6250000e+02;2.4894708e-01;2.6250000e+02;2.2085473e-01;2.6250000e+02;1.8372189e-01;2.6250000e+02;2.2518924e-01;2.6250000e+02;1.9405887e-01;2.6250000e+02;1.4584216e-01;2.6250000e+02;9.4008341e-02;2.6250000e+02;4.8645161e-02;2.6250000e+02;-1.6595423e-04;2.6250000e+02;-4.1481048e-02;2.6250000e+02;-8.4794402e-02;2.6250000e+02;-1.2932453e-01;2.6250000e+02;-7.6184750e-02;2.6250000e+02;-6.1254580e-02;2.6250000e+02;-1.3498746e-02;2.6250000e+02;6.0103599e-02;2.6250000e+02;1.4850512e-01;2.6250000e+02;2.2407922e-01;2.6250000e+02;2.4894708e-01;2.6250000e+02;2.2085473e-01;2.6250000e+02;1.8372189e-01;2.6250000e+02;2.2518924e-01;2.6250000e+02;1.9405887e-01;2.6250000e+02;1.4584216e-01;2.6250000e+02;9.4008341e-02;2.6250000e+02;4.8645161e-02;2.6250000e+02;-1.6595423e-04;2.6250000e+02;-4.1481048e-02;2.6250000e+02;-8.4794402e-02;2.6250000e+02;-1.2932453e-01;2.6250000e+02;-7.6184750e-02;2.6250000e+02;-6.1254580e-02;2.6250000e+02;-1.3498746e-02;2.6250000e+02;6.0103599e-02;2.6250000e+02;1.4850512e-01;2.6250000e+02;2.2407922e-01;2.6250000e+02;2.4894708e-01;2.6250000e+02;2.2085473e-01;2.6250000e+02;1.8372189e-01;2.6250000e+02;2.2518924e-01;2.6250000e+02;1.9405887e-01;2.6250000e+02;1.4584216e-01;2.6250000e+02;9.4008341e-02;2.6250000e+02;4.8645161e-02;2.6250000e+02;-1.6595423e-04;2.6250000e+02;-4.1481048e-02;2.6250000e+02;-8.4794402e-02;2.6250000e+02;-1.2932453e-01;2.6250000e+02;-7.6184750e-02;2.6250000e+02;-6.1254580e-02;2.6250000e+02;-1.3498746e-02;2.6250000e+02;6.0103599e-02;2.6250000e+02;1.4850512e-01;2.6250000e+02;2.2407922e-01;2.6250000e+02;2.4894708e-01;2.6250000e+02;2.2085473e-01;2.6250000e+02;1.8372189e-01;2.6250000e+02;2.2518924e-01;2.6250000e+02;1.9405887e-01;2.6250000e+02;1.4584216e-01;2.6250000e+02;9.4008341e-02;2.6250000e+02;4.8645161e-02;2.6250000e+02;-1.6595423e-04;2.6250000e+02;-4.1481048e-02;2.6250000e+02;-8.4794402e-02;2.6250000e+02;-1.2932453e-01;2.6250000e+02;-7.6184750e-02;2.6250000e+02;-6.1254580e-02;2.6250000e+02;-1.3498746e-02;2.6250000e+02;6.0103599e-02;2.6250000e+02;1.4850512e-01;2.6250000e+02;2.2407922e-01;2.6250000e+02;2.4894708e-01;2.6250000e+02;2.2085473e-01;2.6250000e+02;1.8372189e-01;2.6250000e+02;2.2518924e-01;2.6250000e+02;1.9405887e-01;2.6250000e+02;1.4584216e-01;2.6250000e+02;9.4008341e-02;2.6250000e+02;4.8645161e-02;2.6250000e+02;-1.6595423e-04;2.6250000e+02;-4.1481048e-02;2.6250000e+02;-8.4794402e-02;2.6250000e+02;-1.2932453e-01;2.6250000e+02;-7.6184750e-02;2.6250000e+02;-6.1254580e-02;2.6250000e+02;-1.3498746e-02;2.6250000e+02;6.0103599e-02;2.6250000e+02;1.4850512e-01;2.6250000e+02;2.2407922e-01;2.6250000e+02;2.4894708e-01;2.6250000e+02;2.2085473e-01;2.6250000e+02;1.8372189e-01;2.6250000e+02;2.2518924e-01;2.6250000e+02;1.9405887e-01;2.6250000e+02;1.4584216e-01;2.6250000e+02;9.4008341e-02;2.6250000e+02;4.8645161e-02;2.6250000e+02;-1.6595423e-04;2.6250000e+02;-4.1481048e-02;2.6250000e+02;-8.4794402e-02;2.6250000e+02;-1.2932453e-01;2.6250000e+02;-7.6184750e-02;2.6250000e+02;-6.1254580e-02;2.6250000e+02;-1.3498746e-02;2.6250000e+02;6.0103599e-02;2.6250000e+02;1.4850512e-01;2.6250000e+02;2.2407922e-01;2.6250000e+02;2.4894708e-01;2.6250000e+02;2.2085473e-01;2.6250000e+02;1.8372189e-01;2.6250000e+02;2.2518924e-01;2.6250000e+02;1.9405887e-01;2.6250000e+02;1.4584216e-01;2.6250000e+02;9.4008341e-02;2.6250000e+02;4.8645161e-02;2.6250000e+02;-1.6595423e-04;2.6250000e+02;-4.1481048e-02;2.6250000e+02;-8.4794402e-02;2.6250000e+02;-1.2932453e-01;2.6250000e+02;-7.6184750e-02;2.6250000e+02;-6.1254580e-02;2.6250000e+02;-1.3498746e-02;2.6250000e+02;6.0103599e-02;2.6250000e+02;1.4850512e-01;2.6250000e+02;2.2407922e-01;2.6250000e+02;2.4894708e-01;2.6250000e+02;2.2085473e-01;2.6250000e+02;1.8372189e-01;2.6250000e+02;2.2518924e-01;2.6250000e+02;1.9405887e-01;2.6250000e+02;1.4584216e-01;2.6250000e+02;9.4008341e-02;2.6250000e+02;4.8645161e-02;2.6250000e+02;-1.6595423e-04;2.6250000e+02;-4.1481048e-02;2.6250000e+02;-8.4794402e-02;2.6250000e+02;-1.2932453e-01;2.6250000e+02;-7.6184750e-02;2.6250000e+02;-6.1254580e-02;2.6250000e+02;-1.3498746e-02;2.6250000e+02;6.0103599e-02;2.6250000e+02;1.4850512e-01;2.6250000e+02;2.2407922e-01;2.6250000e+02;2.4894708e-01;2.6250000e+02;2.2085473e-01;2.6250000e+02;1.8372189e-01;2.6250000e+02;2.2518924e-01;2.6250000e+02;1.9405887e-01;2.6250000e+02;1.4584216e-01;2.6250000e+02;9.4008341e-02;2.6250000e+02;4.8645161e-02;2.6250000e+02;-1.6595423e-04;2.6250000e+02;-4.1481048e-02;2.6250000e+02;-8.4794402e-02;2.6250000e+02;-1.2932453e-01;2.6250000e+02;-7.6184750e-02;2.6250000e+02;-6.1254580e-02;2.6250000e+02;-1.3498746e-02;2.6250000e+02;6.0103599e-02;2.6250000e+02;1.4850512e-01;2.6250000e+02;2.2407922e-01;2.6250000e+02;2.4894708e-01;2.6250000e+02;2.2085473e-01;2.6250000e+02;1.8372189e-01;2.6250000e+02;2.2518924e-01;2.6250000e+02;1.9405887e-01;2.6250000e+02;1.4584216e-01;2.6250000e+02;9.4008341e-02;2.6250000e+02;4.8645161e-02;2.6250000e+02;-1.6595423e-04;2.6250000e+02;-4.1481048e-02;2.6250000e+02;-8.4794402e-02;2.6250000e+02;-1.2932453e-01;2.6250000e+02;-7.6184750e-02;2.6250000e+02;-6.1254580e-02;2.6250000e+02;-1.3498746e-02;2.6250000e+02;6.0103599e-02;2.6250000e+02;1.4850512e-01;2.6250000e+02;2.2407922e-01;2.6250000e+02;2.4894708e-01;2.6250000e+02;2.2085473e-01;2.6250000e+02;1.8372189e-01;2.6250000e+02;2.2518924e-01;2.6250000e+02;1.9405887e-01;2.6250000e+02;1.4584216e-01;2.6250000e+02;9.4008341e-02;2.6250000e+02;4.8645161e-02;2.6250000e+02;-1.6595423e-04;2.6250000e+02;-4.1481048e-02;2.6250000e+02;-8.4794402e-02;2.6250000e+02;-1.2932453e-01;2.6250000e+02;-7.6184750e-02;2.6250000e+02;-6.1254580e-02;2.6250000e+02;-1.3498746e-02;2.6250000e+02;6.0103599e-02;2.6250000e+02;1.4850512e-01;2.6250000e+02;2.2407922e-01;2.6250000e+02;2.4894708e-01;2.6250000e+02;2.2085473e-01;2.6250000e+02;1.8372189e-01;2.6250000e+02;2.2518924e-01;2.6250000e+02;1.9405887e-01;2.6250000e+02;1.4584216e-01;2.6250000e+02;9.4008341e-02;2.6250000e+02;4.8645161e-02;2.6250000e+02;-1.6595423e-04;2.6250000e+02;-4.1481048e-02;2.6250000e+02;-8.4794402e-02;2.6250000e+02;-1.2932453e-01;2.6250000e+02;-7.6184750e-02;2.6250000e+02;-6.1254580e-02;2.6250000e+02;-1.3498746e-02;2.6250000e+02;6.0103599e-02;2.6250000e+02;1.4850512e-01;2.6250000e+02;2.2407922e-01;2.6250000e+02;2.4894708e-01;2.6250000e+02;2.2085473e-01;2.6250000e+02;1.8372189e-01;2.6250000e+02;2.2518924e-01;2.6250000e+02;1.9405887e-01;2.6250000e+02;1.4584216e-01;2.6250000e+02;9.4008341e-02;2.6250000e+02;4.8645161e-02;2.6250000e+02;-1.6595423e-04;2.6250000e+02;-4.1481048e-02;2.6250000e+02;-8.4794402e-02;2.6250000e+02;-1.2932453e-01;2.6250000e+02;-7.6184750e-02;2.6250000e+02;-6.1254580e-02;2.6250000e+02;-1.3498746e-02;2.6250000e+02;6.0103599e-02;2.6250000e+02;1.4850512e-01;2.6250000e+02;2.2407922e-01;2.6250000e+02;2.4894708e-01;2.6250000e+02;2.2085473e-01;2.6250000e+02;1.8372189e-01;2.6250000e+02;2.2518924e-01;2.6250000e+02;1.9405887e-01;2.6250000e+02;1.4584216e-01;2.6250000e+02;9.4008341e-02;2.6250000e+02;4.8645161e-02;2.6250000e+02;-1.6595423e-04;2.6250000e+02;-4.1481048e-02;2.6250000e+02;-8.4794402e-02;2.6250000e+02;-1.2932453e-01;2.6250000e+02;-7.6184750e-02;2.6250000e+02;-6.1254580e-02;2.6250000e+02;-1.3498746e-02;2.6250000e+02;6.0103599e-02;2.6250000e+02;1.4850512e-01;2.6250000e+02;2.2407922e-01;2.6250000e+02;2.4894708e-01;2.6250000e+02;2.2085473e-01;2.6250000e+02;1.8372189e-01;2.6250000e+02;2.2518924e-01;2.6250000e+02;1.9405887e-01;2.6250000e+02;1.4584216e-01;2.6250000e+02;9.4008341e-02;2.6250000e+02;4.8645161e-02;2.6250000e+02;-1.6595423e-04;2.6250000e+02;-4.1481048e-02;2.6250000e+02;-8.4794402e-02;2.6250000e+02;-1.2932453e-01;2.6250000e+02;-7.6184750e-02;2.6250000e+02;-6.1254580e-02;2.6250000e+02;-1.3498746e-02;2.6250000e+02;6.0103599e-02;2.6250000e+02;1.4850512e-01;2.6250000e+02;2.2407922e-01;2.6250000e+02;2.4894708e-01;2.6250000e+02;2.2085473e-01;2.6250000e+02;1.8372189e-01;2.6250000e+02;2.2518924e-01;2.6250000e+02;1.9405887e-01;2.6250000e+02;1.4584216e-01;2.6250000e+02;9.4008341e-02;2.6250000e+02;4.8645161e-02;2.6250000e+02;-1.6595423e-04;2.6250000e+02;-4.1481048e-02;2.6250000e+02;-8.4794402e-02;2.6250000e+02;-1.2932453e-01;2.6250000e+02;-7.6184750e-02;2.6250000e+02;-6.1254580e-02;2.6250000e+02;-1.3498746e-02;2.6250000e+02;6.0103599e-02;2.6250000e+02;1.4850512e-01;2.6250000e+02;2.2407922e-01;2.6250000e+02;2.4894708e-01;2.6250000e+02;2.2085473e-01;2.6250000e+02;1.8372189e-01;2.6250000e+02;2.2518924e-01;2.6250000e+02;1.9405887e-01;2.6250000e+02;1.4584216e-01;2.6250000e+02;9.4008341e-02;2.6250000e+02;4.8645161e-02;2.6250000e+02;-1.6595423e-04;2.6250000e+02;-4.1481048e-02;2.6250000e+02;-8.4794402e-02;2.6250000e+02;-1.2932453e-01;2.6250000e+02;-7.6184750e-02;2.6250000e+02;-6.1254580e-02;2.6250000e+02;-1.3498746e-02;2.6250000e+02;6.0103599e-02;2.6250000e+02;1.4850512e-01;2.6250000e+02;2.2407922e-01;2.6250000e+02;2.4894708e-01;2.6250000e+02;2.2085473e-01;2.6250000e+02;1.8372189e-01;2.6250000e+02;2.2518924e-01;2.6250000e+02;1.9405887e-01;2.6250000e+02;1.4584216e-01;2.6250000e+02;9.4008341e-02;2.6250000e+02;4.8645161e-02;2.6250000e+02;-1.6595423e-04;2.6250000e+02;-4.1481048e-02;2.6250000e+02;-8.4794402e-02;2.6250000e+02;-1.2932453e-01;2.6250000e+02;-7.6184750e-02;2.6250000e+02;-6.1254580e-02;2.6250000e+02;-1.3498746e-02;2.6250000e+02;6.0103599e-02;2.6250000e+02;1.4850512e-01;2.6250000e+02;2.2407922e-01;2.6250000e+02;2.4894708e-01;2.6250000e+02;2.2085473e-01;2.6250000e+02;1.8372189e-01;2.6250000e+02;2.2518924e-01;2.6250000e+02;1.9405887e-01;2.6250000e+02;1.4584216e-01;2.6250000e+02;9.4008341e-02;2.6250000e+02;4.8645161e-02;2.6250000e+02;-1.6595423e-04;2.6250000e+02;-4.1481048e-02;2.6250000e+02;-8.4794402e-02;2.6250000e+02;-1.2932453e-01;2.6250000e+02;-7.6184750e-02;2.6250000e+02;-6.1254580e-02;2.6250000e+02;-1.3498746e-02;2.6250000e+02;6.0103599e-02;2.6250000e+02;1.4850512e-01;2.6250000e+02;2.2407922e-01;2.6250000e+02;2.4894708e-01;2.6250000e+02;2.2085473e-01;2.6250000e+02;1.8372189e-01;2.6250000e+02;2.2518924e-01;2.6250000e+02;1.9405887e-01;2.6250000e+02;1.4584216e-01;2.6250000e+02;9.4008341e-02;2.6250000e+02;4.8645161e-02;2.6250000e+02;-1.6595423e-04;2.6250000e+02;-4.1481048e-02;2.6250000e+02;-8.4794402e-02;2.6250000e+02;-1.2932453e-01;2.6250000e+02;-7.6184750e-02;2.6250000e+02;-6.1254580e-02;2.6250000e+02;-1.3498746e-02;2.6250000e+02;6.0103599e-02;2.6250000e+02;1.4850512e-01;2.6250000e+02;2.2407922e-01;2.6250000e+02;2.4894708e-01;2.6250000e+02;2.2085473e-01;2.6250000e+02;1.8372189e-01;2.6250000e+02;2.2518924e-01;2.6250000e+02;1.9405887e-01;2.6250000e+02;1.4584216e-01;2.6250000e+02;9.4008341e-02;2.6250000e+02;4.8645161e-02;2.6250000e+02;-1.6595423e-04;2.6250000e+02;-4.1481048e-02;2.6250000e+02;-8.4794402e-02;2.6250000e+02;-1.2932453e-01;2.6250000e+02;-7.6184750e-02;2.6250000e+02;-6.1254580e-02;2.6250000e+02;-1.3498746e-02;2.6250000e+02;6.0103599e-02;2.6250000e+02;1.4850512e-01;2.6250000e+02;2.2407922e-01;2.6250000e+02;2.4894708e-01;2.6250000e+02;2.2085473e-01;2.6250000e+02;1.8372189e-01;2.6250000e+02;2.2518924e-01;2.6250000e+02;1.9405887e-01;2.6250000e+02;1.4584216e-01;2.6250000e+02;9.4008341e-02;2.6250000e+02;4.8645161e-02;2.6250000e+02;-1.6595423e-04;2.6250000e+02;-4.1481048e-02;2.6250000e+02;-8.4794402e-02;2.6250000e+02;-1.2932453e-01;2.6250000e+02;-7.6184750e-02;2.6250000e+02;-6.1254580e-02;2.6250000e+02;-1.3498746e-02;2.6250000e+02;6.0103599e-02;2.6250000e+02;1.4850512e-01;2.6250000e+02;2.2407922e-01;2.6250000e+02;2.4894708e-01;2.6250000e+02;2.2085473e-01;2.6250000e+02;1.8372189e-01;2.6250000e+02;2.2518924e-01;2.6250000e+02;1.9405887e-01;2.6250000e+02;1.4584216e-01;2.6250000e+02;9.4008341e-02;2.6250000e+02;4.8645161e-02;2.6250000e+02;-1.6595423e-04;2.6250000e+02;-4.1481048e-02;2.6250000e+02;-8.4794402e-02;2.6250000e+02;-1.2932453e-01;2.6250000e+02;-7.6184750e-02;2.6250000e+02;-6.1254580e-02;2.6250000e+02;-1.3498746e-02;2.6250000e+02;6.0103599e-02;2.6250000e+02;1.4850512e-01;2.6250000e+02;2.2407922e-01;2.6250000e+02;2.4894708e-01;2.6250000e+02;2.2085473e-01;2.6250000e+02;1.8372189e-01;2.6250000e+02;2.2518924e-01;2.6250000e+02;1.9405887e-01;2.6250000e+02;1.4584216e-01;2.6250000e+02;9.4008341e-02;2.6250000e+02;4.8645161e-02;2.6250000e+02;-1.6595423e-04;2.6250000e+02;-4.1481048e-02;2.6250000e+02;-8.4794402e-02;2.6250000e+02;-1.2932453e-01;2.6250000e+02;-7.6184750e-02;2.6250000e+02;-6.1254580e-02;2.6250000e+02;-1.3498746e-02;2.6250000e+02;6.0103599e-02;2.6250000e+02;1.4850512e-01;2.6250000e+02;2.2407922e-01;2.6250000e+02;2.4894708e-01;2.6250000e+02;2.2085473e-01;2.6250000e+02;1.8372189e-01;2.6250000e+02;2.2518924e-01;2.6250000e+02;1.9405887e-01;2.6250000e+02;1.4584216e-01;2.6250000e+02;9.4008341e-02;2.6250000e+02;4.8645161e-02;2.6250000e+02;-1.6595423e-04;2.6250000e+02;-4.1481048e-02;2.6250000e+02;-8.4794402e-02;2.6250000e+02;-1.2932453e-01;2.6250000e+02;-7.6184750e-02;2.6250000e+02;-6.1254580e-02;2.6250000e+02;-1.3498746e-02;2.6250000e+02;6.0103599e-02;2.6250000e+02;1.4850512e-01;2.6250000e+02;2.2407922e-01;2.6250000e+02;2.4894708e-01;2.6250000e+02;2.2085473e-01;2.6250000e+02;1.8372189e-01;2.6250000e+02;2.2518924e-01;2.6250000e+02;1.9405887e-01;2.6250000e+02;1.4584216e-01;2.6250000e+02;9.4008341e-02;2.6250000e+02;4.8645161e-02;2.6250000e+02;-1.6595423e-04;2.6250000e+02;-4.1481048e-02;2.6250000e+02;-8.4794402e-02;2.6250000e+02;-1.2932453e-01;2.6250000e+02;-7.6184750e-02;2.6250000e+02;-6.1254580e-02;2.6250000e+02;-1.3498746e-02;2.6250000e+02;6.0103599e-02;2.6250000e+02;1.4850512e-01;2.6250000e+02;2.2407922e-01;2.6250000e+02;2.4894708e-01;2.6250000e+02;2.2085473e-01;2.6250000e+02;1.8372189e-01;2.6250000e+02;2.2518924e-01;2.6250000e+02;1.9405887e-01;2.6250000e+02;1.4584216e-01;2.6250000e+02;9.4008341e-02;2.6250000e+02;4.8645161e-02;2.6250000e+02;-1.6595423e-04;2.6250000e+02;-4.1481048e-02;2.6250000e+02;-8.4794402e-02;2.6250000e+02;-1.2932453e-01;2.6250000e+02;-7.6184750e-02;2.6250000e+02;-6.1254580e-02;2.6250000e+02;-1.3498746e-02;2.6250000e+02;6.0103599e-02;2.6250000e+02;1.4850512e-01;2.6250000e+02;2.2407922e-01;2.6250000e+02;2.4894708e-01;2.6250000e+02;2.2085473e-01;2.6250000e+02;1.8372189e-01;2.6250000e+02;2.2518924e-01;2.6250000e+02;1.9405887e-01;2.6250000e+02;1.4584216e-01;2.6250000e+02;9.4008341e-02;2.6250000e+02;4.8645161e-02;2.6250000e+02;-1.6595423e-04;2.6250000e+02;-4.1481048e-02;2.6250000e+02;-8.4794402e-02;2.6250000e+02;-1.2932453e-01;2.6250000e+02;-7.6184750e-02;2.6250000e+02;-6.1254580e-02;2.6250000e+02;-1.3498746e-02;2.6250000e+02;6.0103599e-02;2.6250000e+02;1.4850512e-01;2.6250000e+02;2.2407922e-01;2.6250000e+02;2.4894708e-01;2.6250000e+02;2.2085473e-01;2.6250000e+02;1.8372189e-01;2.6250000e+02;2.2518924e-01;2.6250000e+02;1.9405887e-01;2.6250000e+02;1.4584216e-01;2.6250000e+02;9.4008341e-02;2.6250000e+02;4.8645161e-02;2.6250000e+02;-1.6595423e-04;2.6250000e+02;-4.1481048e-02;2.6250000e+02;-8.4794402e-02;2.6250000e+02;-1.2932453e-01;2.6250000e+02;-7.6184750e-02;2.6250000e+02;-6.1254580e-02;2.6250000e+02;-1.3498746e-02;2.6250000e+02;6.0103599e-02;2.6250000e+02;1.4850512e-01;2.6250000e+02;2.2407922e-01;2.6250000e+02;2.4894708e-01;2.6250000e+02;2.2085473e-01;2.6250000e+02;1.8372189e-01;2.6250000e+02;2.2518924e-01;2.6250000e+02;1.9405887e-01;2.6250000e+02;1.4584216e-01;2.6250000e+02;9.4008341e-02;2.6250000e+02;4.8645161e-02;2.6250000e+02;-1.6595423e-04;2.6250000e+02;-4.1481048e-02;2.6250000e+02;-8.4794402e-02;2.6250000e+02;-1.2932453e-01;2.6250000e+02;-7.6184750e-02;2.6250000e+02;-6.1254580e-02;2.6250000e+02;-1.3498746e-02;2.6250000e+02;6.0103599e-02;2.6250000e+02;1.4850512e-01;2.6250000e+02;2.2407922e-01;2.6250000e+02;2.4894708e-01;2.6250000e+02;2.2085473e-01;2.6250000e+02;1.8372189e-01;2.6250000e+02;2.2518924e-01;2.6250000e+02;1.9405887e-01;2.6250000e+02;1.4584216e-01;2.6250000e+02;9.4008341e-02;2.6250000e+02;4.8645161e-02;2.6250000e+02;-1.6595423e-04;2.6250000e+02;-4.1481048e-02;2.6250000e+02;-8.4794402e-02;2.6250000e+02;-1.2932453e-01;2.6250000e+02;-7.6184750e-02;2.6250000e+02;-6.1254580e-02;2.6250000e+02;-1.3498746e-02;2.6250000e+02;6.0103599e-02;2.6250000e+02;1.4850512e-01;2.6250000e+02;2.2407922e-01;2.6250000e+02;2.4894708e-01;2.6250000e+02;2.2085473e-01;2.6250000e+02;1.8372189e-01;2.6250000e+02;2.2518924e-01;2.6250000e+02;1.9405887e-01;2.6250000e+02;1.4584216e-01;2.6250000e+02;9.4008341e-02;2.6250000e+02;4.8645161e-02;2.6250000e+02;-1.6595423e-04;2.6250000e+02;-4.1481048e-02;2.6250000e+02;-8.4794402e-02;2.6250000e+02;-1.2932453e-01;2.6250000e+02;-7.6184750e-02;2.6250000e+02;-6.1254580e-02;2.6250000e+02;-1.3498746e-02;2.6250000e+02;6.0103599e-02;2.6250000e+02;1.4850512e-01;2.6250000e+02;2.2407922e-01;2.6250000e+02;2.4894708e-01;2.6250000e+02;2.2085473e-01;2.6250000e+02;1.8372189e-01;2.6250000e+02;2.2518924e-01;2.6250000e+02;1.9405887e-01;2.6250000e+02;1.4584216e-01;2.6250000e+02;9.4008341e-02;2.6250000e+02;4.8645161e-02;2.6250000e+02;-1.6595423e-04;2.6250000e+02;-4.1481048e-02;2.6250000e+02;-8.4794402e-02;2.6250000e+02;-1.2932453e-01;2.6250000e+02;-7.6184750e-02;2.6250000e+02;-6.1254580e-02;2.6250000e+02;-1.3498746e-02;2.6250000e+02;6.0103599e-02;2.6250000e+02;1.4850512e-01;2.6250000e+02;2.2407922e-01;2.6250000e+02;2.4894708e-01;2.6250000e+02;2.2085473e-01;2.6250000e+02;1.8372189e-01;2.6250000e+02;2.2518924e-01;2.6250000e+02;1.9405887e-01;2.6250000e+02;1.4584216e-01;2.6250000e+02;9.4008341e-02;2.6250000e+02;4.8645161e-02;2.6250000e+02;-1.6595423e-04;2.6250000e+02;-4.1481048e-02;2.6250000e+02;-8.4794402e-02;2.6250000e+02;-1.2932453e-01;2.6250000e+02;-7.6184750e-02;2.6250000e+02;-6.1254580e-02;2.6250000e+02;-1.3498746e-02;2.6250000e+02;6.0103599e-02;2.6250000e+02;1.4850512e-01;2.6250000e+02;2.2407922e-01;2.6250000e+02;2.4894708e-01;2.6250000e+02;2.2085473e-01;2.6250000e+02;1.8372189e-01;2.6250000e+02;2.2518924e-01;2.6250000e+02;1.9405887e-01;2.6250000e+02;1.4584216e-01;2.6250000e+02;9.4008341e-02;2.6250000e+02;4.8645161e-02;2.6250000e+02;-1.6595423e-04;2.6250000e+02;-4.1481048e-02;2.6250000e+02;-8.4794402e-02;2.6250000e+02;-1.2932453e-01;2.6250000e+02;-7.6184750e-02;2.6250000e+02;-6.1254580e-02;2.6250000e+02;-1.3498746e-02;2.6250000e+02;6.0103599e-02;2.6250000e+02;1.4850512e-01;2.6250000e+02;2.2407922e-01;2.6250000e+02;2.4894708e-01;2.6250000e+02;2.2085473e-01;2.6250000e+02;1.8372189e-01;2.6250000e+02;2.2518924e-01;2.6250000e+02;1.9405887e-01;2.6250000e+02;1.4584216e-01;2.6250000e+02;9.4008341e-02;2.6250000e+02;4.8645161e-02;2.6250000e+02;-1.6595423e-04;2.6250000e+02;-4.1481048e-02;2.6250000e+02;-8.4794402e-02;2.6250000e+02;-1.2932453e-01;2.6250000e+02;-7.6184750e-02;2.6250000e+02;-6.1254580e-02;2.6250000e+02;-1.3498746e-02;2.6250000e+02;6.0103599e-02;2.6250000e+02;1.4850512e-01;2.6250000e+02;2.2407922e-01;2.6250000e+02;2.4894708e-01;2.6250000e+02;2.2085473e-01;2.6250000e+02;1.8372189e-01;2.6250000e+02;2.2518924e-01;2.6250000e+02;1.9405887e-01;2.6250000e+02;1.4584216e-01;2.6250000e+02;9.4008341e-02;2.6250000e+02;4.8645161e-02;2.6250000e+02;-1.6595423e-04;2.6250000e+02;-4.1481048e-02;2.6250000e+02;-8.4794402e-02;2.6250000e+02;-1.2932453e-01;2.6250000e+02;-7.6184750e-02;2.6250000e+02;-6.1254580e-02;2.6250000e+02;-1.3498746e-02;2.6250000e+02;6.0103599e-02;2.6250000e+02;1.4850512e-01;2.6250000e+02;2.2407922e-01;2.6250000e+02;2.4894708e-01;2.6250000e+02;2.2085473e-01;2.6250000e+02;1.8372189e-01;2.6250000e+02;2.2518924e-01;2.6250000e+02;1.9405887e-01;2.6250000e+02;1.4584216e-01;2.6250000e+02;9.4008341e-02;2.6250000e+02;4.8645161e-02;2.6250000e+02;-1.6595423e-04;2.6250000e+02;-4.1481048e-02;2.6250000e+02;-8.4794402e-02;2.6250000e+02;-1.2932453e-01;2.6250000e+02;-7.6184750e-02;2.6250000e+02;-6.1254580e-02;2.6250000e+02;-1.3498746e-02;2.6250000e+02;6.0103599e-02;2.6250000e+02;1.4850512e-01;2.6250000e+02;2.2407922e-01;2.6250000e+02;2.4894708e-01;2.6250000e+02;2.2085473e-01;2.6250000e+02;1.8372189e-01;2.6250000e+02;2.2518924e-01;2.6250000e+02;1.9405887e-01;2.6250000e+02;1.4584216e-01;2.6250000e+02;9.4008341e-02;2.6250000e+02;4.8645161e-02;2.6250000e+02;-1.6595423e-04;2.6250000e+02;-4.1481048e-02;2.6250000e+02;-8.4794402e-02;2.6250000e+02;-1.2932453e-01;2.6250000e+02;-7.6184750e-02;2.6250000e+02;-6.1254580e-02;2.6250000e+02;-1.3498746e-02;2.6250000e+02;6.0103599e-02;2.6250000e+02;1.4850512e-01;2.6250000e+02;2.2407922e-01;2.6250000e+02;2.4894708e-01;2.6250000e+02;2.2085473e-01;2.6250000e+02;1.8372189e-01;2.6250000e+02;2.2518924e-01;2.6250000e+02;1.9405887e-01;2.6250000e+02;1.4584216e-01;2.6250000e+02;9.4008341e-02;2.6250000e+02;4.8645161e-02;2.6250000e+02;-1.6595423e-04;2.6250000e+02;-4.1481048e-02;2.6250000e+02;-8.4794402e-02;2.6250000e+02;-1.2932453e-01;2.6250000e+02;-7.6184750e-02;2.6250000e+02;-6.1254580e-02;2.6250000e+02;-1.3498746e-02;2.6250000e+02;6.0103599e-02;2.6250000e+02;1.4850512e-01;2.6250000e+02;2.2407922e-01;2.6250000e+02;2.4894708e-01;2.6250000e+02;2.2085473e-01;2.6250000e+02;1.8372189e-01;2.6250000e+02;2.2518924e-01;2.6250000e+02;1.9405887e-01;2.6250000e+02;1.4584216e-01;2.6250000e+02;9.4008341e-02;2.6250000e+02;4.8645161e-02;2.6250000e+02;-1.6595423e-04;2.6250000e+02;-4.1481048e-02;2.6250000e+02;-8.4794402e-02;2.6250000e+02;-1.2932453e-01;2.6250000e+02;-7.6184750e-02;2.6250000e+02;-6.1254580e-02;2.6250000e+02;-1.3498746e-02;2.6250000e+02;6.0103599e-02;2.6250000e+02;1.4850512e-01;2.6250000e+02;2.2407922e-01;2.6250000e+02;2.4894708e-01;2.6250000e+02;2.2085473e-01;2.6250000e+02;1.8372189e-01;2.6250000e+02;2.2518924e-01;2.6250000e+02;1.9405887e-01;2.6250000e+02;1.4584216e-01;2.6250000e+02;9.4008341e-02;2.6250000e+02;4.8645161e-02;2.6250000e+02;-1.6595423e-04;2.6250000e+02;-4.1481048e-02;2.6250000e+02;-8.4794402e-02;2.6250000e+02;-1.2932453e-01;2.6250000e+02;-7.6184750e-02;2.6250000e+02;-6.1254580e-02;2.6250000e+02;-1.3498746e-02;2.6250000e+02;6.0103599e-02;2.6250000e+02;1.4850512e-01;2.6250000e+02;2.2407922e-01;2.6250000e+02;2.4894708e-01;2.6250000e+02;2.2085473e-01;2.6250000e+02;1.8372189e-01;2.6250000e+02;2.2518924e-01;2.6250000e+02;1.9405887e-01;2.6250000e+02;1.4584216e-01;2.6250000e+02;9.4008341e-02;2.6250000e+02;4.8645161e-02;2.6250000e+02;-1.6595423e-04;2.6250000e+02;-4.1481048e-02;2.6250000e+02;-8.4794402e-02;2.6250000e+02;-1.2932453e-01;2.6250000e+02;-7.6184750e-02;2.6250000e+02;-6.1254580e-02;2.6250000e+02;-1.3498746e-02;2.6250000e+02;6.0103599e-02;2.6250000e+02;1.4850512e-01;2.6250000e+02;2.2407922e-01;2.6250000e+02;2.4894708e-01;2.6250000e+02;2.2085473e-01;2.6250000e+02;1.8372189e-01;2.6250000e+02;2.2518924e-01;2.6250000e+02;1.9405887e-01;2.6250000e+02;1.4584216e-01;2.6250000e+02;9.4008341e-02;2.6250000e+02;4.8645161e-02;2.6250000e+02;-1.6595423e-04;2.6250000e+02;-4.1481048e-02;2.6250000e+02;-8.4794402e-02;2.6250000e+02;-1.2932453e-01;2.6250000e+02;-7.6184750e-02;2.6250000e+02;-6.1254580e-02;2.6250000e+02;-1.3498746e-02;2.6250000e+02;6.0103599e-02;2.6250000e+02;1.4850512e-01;2.6250000e+02;2.2407922e-01;2.6250000e+02;2.4894708e-01;2.6250000e+02;2.2085473e-01;2.6250000e+02;1.8372189e-01;2.6250000e+02;2.2518924e-01;2.6250000e+02;1.9405887e-01;2.6250000e+02;1.4584216e-01;2.6250000e+02;9.4008341e-02;2.6250000e+02;4.8645161e-02;2.6250000e+02;-1.6595423e-04;2.6250000e+02;-4.1481048e-02;2.6250000e+02;-8.4794402e-02;2.6250000e+02;-1.2932453e-01;2.6250000e+02;-7.6184750e-02;2.6250000e+02;-6.1254580e-02;2.6250000e+02;-1.3498746e-02;2.6250000e+02;6.0103599e-02;2.6250000e+02;1.4850512e-01;2.6250000e+02;2.2407922e-01;2.6250000e+02;2.4894708e-01;2.6250000e+02;2.2085473e-01;2.6250000e+02;1.8372189e-01;2.6250000e+02;2.2518924e-01;2.6250000e+02;1.9405887e-01;2.6250000e+02;1.4584216e-01;2.6250000e+02;9.4008341e-02;2.6250000e+02;4.8645161e-02;2.6250000e+02;-1.6595423e-04;2.6250000e+02;-4.1481048e-02;2.6250000e+02;-8.4794402e-02;2.6250000e+02;-1.2932453e-01;2.6250000e+02;-7.6184750e-02;2.6250000e+02;-6.1254580e-02;2.6250000e+02;-1.3498746e-02;2.6250000e+02;6.0103599e-02;2.6250000e+02;1.4850512e-01;2.6250000e+02;2.2407922e-01;2.6250000e+02;2.4894708e-01;2.6250000e+02;2.2085473e-01;2.6250000e+02;1.8372189e-01;2.6250000e+02;2.2518924e-01;2.6250000e+02;1.9405887e-01;2.6250000e+02;1.4584216e-01;2.6250000e+02;9.4008341e-02;2.6250000e+02;4.8645161e-02;2.6250000e+02;-1.6595423e-04;2.6250000e+02;-4.1481048e-02;2.6250000e+02;-8.4794402e-02;2.6250000e+02;-1.2932453e-01;2.6250000e+02;-7.6184750e-02;2.6250000e+02;-6.1254580e-02;2.6250000e+02;-1.3498746e-02;2.6250000e+02;6.0103599e-02;2.6250000e+02;1.4850512e-01;2.6250000e+02;2.2407922e-01;2.6250000e+02;2.4894708e-01;2.6250000e+02;2.2085473e-01;2.6250000e+02;1.8372189e-01;2.6250000e+02;2.2518924e-01;2.6250000e+02;1.9405887e-01;2.6250000e+02;1.4584216e-01;2.6250000e+02;9.4008341e-02;2.6250000e+02;4.8645161e-02;2.6250000e+02;-1.6595423e-04;2.6250000e+02;-4.1481048e-02;2.6250000e+02;-8.4794402e-02;2.6250000e+02;-1.2932453e-01;2.6250000e+02;-7.6184750e-02;2.6250000e+02;-6.1254580e-02;2.6250000e+02;-1.3498746e-02;2.6250000e+02;6.0103599e-02;2.6250000e+02;1.4850512e-01;2.6250000e+02;2.2407922e-01;2.6250000e+02;2.4894708e-01;2.6250000e+02;2.2085473e-01;2.6250000e+02;1.8372189e-01;2.6250000e+02;2.2518924e-01;2.6250000e+02;1.9405887e-01;2.6250000e+02;1.4584216e-01;2.6250000e+02;9.4008341e-02;2.6250000e+02;4.8645161e-02;2.6250000e+02;-1.6595423e-04;2.6250000e+02;-4.1481048e-02;2.6250000e+02;-8.4794402e-02;2.6250000e+02;-1.2932453e-01;2.6250000e+02;-7.6184750e-02;2.6250000e+02;-6.1254580e-02;2.6250000e+02;-1.3498746e-02;2.6250000e+02;6.0103599e-02;2.6250000e+02;1.4850512e-01;2.6250000e+02;2.2407922e-01;2.6250000e+02;2.4894708e-01;2.6250000e+02;2.2085473e-01;2.6250000e+02;1.8372189e-01;2.6250000e+02;2.2518924e-01;2.6250000e+02;1.9405887e-01;2.6250000e+02;1.4584216e-01;2.6250000e+02;9.4008341e-02;2.6250000e+02;4.8645161e-02;2.6250000e+02;-1.6595423e-04;2.6250000e+02;-4.1481048e-02;2.6250000e+02;-8.4794402e-02;2.6250000e+02;-1.2932453e-01;2.6250000e+02;-7.6184750e-02;2.6250000e+02;-6.1254580e-02;2.6250000e+02;-1.3498746e-02;2.6250000e+02;6.0103599e-02;2.6250000e+02;1.4850512e-01;2.6250000e+02;2.2407922e-01;2.6250000e+02;2.4894708e-01;2.6250000e+02;2.2085473e-01;2.6250000e+02;1.8372189e-01;2.6250000e+02;2.2518924e-01;2.6250000e+02;1.9405887e-01;2.6250000e+02;1.4584216e-01;2.6250000e+02;9.4008341e-02;2.6250000e+02;4.8645161e-02;2.6250000e+02;-1.6595423e-04;2.6250000e+02;-4.1481048e-02;2.6250000e+02;-8.4794402e-02;2.6250000e+02;-1.2932453e-01;2.6250000e+02;-7.6184750e-02;2.6250000e+02;-6.1254580e-02;2.6250000e+02;-1.3498746e-02;2.6250000e+02;6.0103599e-02;2.6250000e+02;1.4850512e-01;2.6250000e+02;2.2407922e-01;2.6250000e+02;2.4894708e-01;2.6250000e+02;2.2085473e-01;2.6250000e+02;1.8372189e-01;2.6250000e+02;2.2518924e-01;2.6250000e+02;1.9405887e-01;2.6250000e+02;1.4584216e-01;2.6250000e+02;9.4008341e-02;2.6250000e+02;4.8645161e-02;2.6250000e+02;-1.6595423e-04;2.6250000e+02;-4.1481048e-02;2.6250000e+02;-8.4794402e-02;2.6250000e+02;-1.2932453e-01;2.6250000e+02;-7.6184750e-02;2.6250000e+02;-6.1254580e-02;2.6250000e+02;-1.3498746e-02;2.6250000e+02;6.0103599e-02;2.6250000e+02;1.4850512e-01;2.6250000e+02;2.2407922e-01;2.6250000e+02;2.4894708e-01;2.6250000e+02;2.2085473e-01;2.6250000e+02;1.8372189e-01;2.6250000e+02;2.2518924e-01;2.6250000e+02;1.9405887e-01;2.6250000e+02;1.4584216e-01;2.6250000e+02;9.4008341e-02;2.6250000e+02;4.8645161e-02;2.6250000e+02;-1.6595423e-04;2.6250000e+02;-4.1481048e-02;2.6250000e+02;-8.4794402e-02;2.6250000e+02;-1.2932453e-01;2.6250000e+02;-7.6184750e-02;2.6250000e+02;-6.1254580e-02;2.6250000e+02;-1.3498746e-02;2.6250000e+02;6.0103599e-02;2.6250000e+02;1.4850512e-01;2.6250000e+02;2.2407922e-01;2.6250000e+02;2.4894708e-01;2.6250000e+02;2.2085473e-01;2.6250000e+02;1.8372189e-01;2.6250000e+02;2.2518924e-01;2.6250000e+02;1.9405887e-01;2.6250000e+02;1.4584216e-01;2.6250000e+02;9.4008341e-02;2.6250000e+02;4.8645161e-02;2.6250000e+02;-1.6595423e-04;2.6250000e+02;-4.1481048e-02;2.6250000e+02;-8.4794402e-02;2.6250000e+02;-1.2932453e-01;2.6250000e+02;-7.6184750e-02;2.6250000e+02;-6.1254580e-02;2.6250000e+02;-1.3498746e-02;2.6250000e+02;6.0103599e-02;2.6250000e+02;1.4850512e-01;2.6250000e+02;2.2407922e-01;2.6250000e+02;2.4894708e-01;2.6250000e+02;2.2085473e-01;2.6250000e+02;1.8372189e-01;2.6250000e+02;2.2518924e-01;2.6250000e+02;1.9405887e-01;2.6250000e+02;1.4584216e-01;2.6250000e+02;9.4008341e-02;2.6250000e+02;4.8645161e-02;2.6250000e+02;-1.6595423e-04;2.6250000e+02;-4.1481048e-02;2.6250000e+02;-8.4794402e-02;2.6250000e+02;-1.2932453e-01;2.6250000e+02;-7.6184750e-02;2.6250000e+02;-6.1254580e-02;2.6250000e+02;-1.3498746e-02;2.6250000e+02;6.0103599e-02;2.6250000e+02;1.4850512e-01;2.6250000e+02;2.2407922e-01;2.6250000e+02;2.4894708e-01;2.6250000e+02;2.2085473e-01;2.6250000e+02;1.8372189e-01;2.6250000e+02;2.2518924e-01;2.6250000e+02;1.9405887e-01;2.6250000e+02;1.4584216e-01;2.6250000e+02;9.4008341e-02;2.6250000e+02;4.8645161e-02;2.6250000e+02;-1.6595423e-04;2.6250000e+02;-4.1481048e-02;2.6250000e+02;-8.4794402e-02;2.6250000e+02;-1.2932453e-01;2.6250000e+02;-7.6184750e-02;2.6250000e+02;-6.1254580e-02;2.6250000e+02;-1.3498746e-02;2.6250000e+02;6.0103599e-02;2.6250000e+02;1.4850512e-01;2.6250000e+02;2.2407922e-01;2.6250000e+02;2.4894708e-01;2.6250000e+02;2.2085473e-01;2.6250000e+02;1.8372189e-01;2.6250000e+02;2.2518924e-01;2.6250000e+02;1.9405887e-01;2.6250000e+02;1.4584216e-01;2.6250000e+02;9.4008341e-02;2.6250000e+02;4.8645161e-02;2.6250000e+02;-1.6595423e-04;2.6250000e+02;-4.1481048e-02;2.6250000e+02;-8.4794402e-02;2.6250000e+02;-1.2932453e-01;2.6250000e+02;-7.6184750e-02;2.6250000e+02;-6.1254580e-02;2.6250000e+02;-1.3498746e-02;2.6250000e+02;6.0103599e-02;2.6250000e+02;1.4850512e-01;2.6250000e+02;2.2407922e-01;2.6250000e+02;2.4894708e-01;2.6250000e+02;2.2085473e-01;2.6250000e+02;1.8372189e-01;2.6250000e+02;2.2518924e-01;2.6250000e+02;1.9405887e-01;2.6250000e+02;1.4584216e-01;2.6250000e+02;9.4008341e-02;2.6250000e+02;4.8645161e-02;2.6250000e+02;-1.6595423e-04;2.6250000e+02;-4.1481048e-02;2.6250000e+02;-8.4794402e-02;2.6250000e+02;-1.2932453e-01;2.6250000e+02;-7.6184750e-02;2.6250000e+02;-6.1254580e-02;2.6250000e+02;-1.3498746e-02;2.6250000e+02;6.0103599e-02;2.6250000e+02;1.4850512e-01;2.6250000e+02;2.2407922e-01;2.6250000e+02;2.4894708e-01;2.6250000e+02;2.2085473e-01;2.6250000e+02;1.8372189e-01;2.6250000e+02;2.2518924e-01;2.6250000e+02;1.9405887e-01;2.6250000e+02;1.4584216e-01;2.6250000e+02;9.4008341e-02;2.6250000e+02;4.8645161e-02;2.6250000e+02;-1.6595423e-04;2.6250000e+02;-4.1481048e-02;2.6250000e+02;-8.4794402e-02;2.6250000e+02;-1.2932453e-01;2.6250000e+02;-7.6184750e-02;2.6250000e+02;-6.1254580e-02;2.6250000e+02;-1.3498746e-02;2.6250000e+02;6.0103599e-02;2.6250000e+02;1.4850512e-01;2.6250000e+02;2.2407922e-01;2.6250000e+02;2.4894708e-01;2.6250000e+02;2.2085473e-01;2.6250000e+02;1.8372189e-01;2.6250000e+02;2.2518924e-01;2.6250000e+02;1.9405887e-01;2.6250000e+02;1.4584216e-01;2.6250000e+02;9.4008341e-02;2.6250000e+02;4.8645161e-02;2.6250000e+02;-1.6595423e-04;2.6250000e+02;-4.1481048e-02;2.6250000e+02;-8.4794402e-02;2.6250000e+02;-1.2932453e-01;2.6250000e+02;-7.6184750e-02;2.6250000e+02;-6.1254580e-02;2.6250000e+02;-1.3498746e-02;2.6250000e+02;6.0103599e-02;2.6250000e+02;1.4850512e-01;2.6250000e+02;2.2407922e-01;2.6250000e+02;2.4894708e-01;2.6250000e+02;2.2085473e-01;2.6250000e+02;1.8372189e-01;2.6250000e+02;2.2518924e-01;2.6250000e+02;1.9405887e-01;2.6250000e+02;1.4584216e-01;2.6250000e+02;9.4008341e-02;2.6250000e+02;4.8645161e-02;2.6250000e+02;-1.6595423e-04;2.6250000e+02;-4.1481048e-02;2.6250000e+02;-8.4794402e-02;2.6250000e+02;-1.2932453e-01;2.6250000e+02;-7.6184750e-02;2.6250000e+02;-6.1254580e-02;2.6250000e+02;-1.3498746e-02;2.6250000e+02;6.0103599e-02;2.6250000e+02;1.4850512e-01;2.6250000e+02;2.2407922e-01;2.6250000e+02;2.4894708e-01;2.6250000e+02;2.2085473e-01;2.6250000e+02;1.8372189e-01;2.6250000e+02;2.2518924e-01;2.6250000e+02;1.9405887e-01;2.6250000e+02;1.4584216e-01;2.6250000e+02;9.4008341e-02;2.6250000e+02;4.8645161e-02;2.6250000e+02;-1.6595423e-04;2.6250000e+02;-4.1481048e-02;2.6250000e+02;-8.4794402e-02;2.6250000e+02;-1.2932453e-01;2.6250000e+02;-7.6184750e-02;2.6250000e+02;-6.1254580e-02;2.6250000e+02;-1.3498746e-02;2.6250000e+02;6.0103599e-02;2.6250000e+02;1.4850512e-01;2.6250000e+02;2.2407922e-01;2.6250000e+02;2.4894708e-01;2.6250000e+02;2.2085473e-01;2.6250000e+02;1.8372189e-01;2.6250000e+02;2.2518924e-01;2.6250000e+02;1.9405887e-01;2.6250000e+02;1.4584216e-01;2.6250000e+02;9.4008341e-02;2.6250000e+02;4.8645161e-02;2.6250000e+02;-1.6595423e-04;2.6250000e+02;-4.1481048e-02;2.6250000e+02;-8.4794402e-02;2.6250000e+02;-1.2932453e-01;2.6250000e+02;-7.6184750e-02;2.6250000e+02;-6.1254580e-02;2.6250000e+02;-1.3498746e-02;2.6250000e+02;6.0103599e-02;2.6250000e+02;1.4850512e-01;2.6250000e+02;2.2407922e-01;2.6250000e+02;2.4894708e-01;2.6250000e+02;2.2085473e-01;2.6250000e+02;1.8372189e-01;2.6250000e+02;2.2518924e-01;2.6250000e+02;1.9405887e-01;2.6250000e+02;1.4584216e-01;2.6250000e+02;9.4008341e-02;2.6250000e+02;4.8645161e-02;2.6250000e+02;-1.6595423e-04;2.6250000e+02;-4.1481048e-02;2.6250000e+02;-8.4794402e-02;2.6250000e+02;-1.2932453e-01;2.6250000e+02;-7.6184750e-02;2.6250000e+02;-6.1254580e-02;2.6250000e+02;-1.3498746e-02;2.6250000e+02;6.0103599e-02;2.6250000e+02;1.4850512e-01;2.6250000e+02;2.2407922e-01;2.6250000e+02;2.4894708e-01;2.6250000e+02;2.2085473e-01;2.6250000e+02;1.8372189e-01;2.6250000e+02;2.2518924e-01;2.6250000e+02;1.9405887e-01;2.6250000e+02;1.4584216e-01;2.6250000e+02;9.4008341e-02;2.6250000e+02;4.8645161e-02;2.6250000e+02;-1.6595423e-04;2.6250000e+02;-4.1481048e-02;2.6250000e+02;-8.4794402e-02;2.6250000e+02;-1.2932453e-01;2.6250000e+02;-7.6184750e-02;2.6250000e+02;-6.1254580e-02;2.6250000e+02;-1.3498746e-02;2.6250000e+02;6.0103599e-02;2.6250000e+02;1.4850512e-01;2.6250000e+02;2.2407922e-01;2.6250000e+02;2.4894708e-01;2.6250000e+02;2.2085473e-01;2.6250000e+02;1.8372189e-01;2.6250000e+02;2.2518924e-01;2.6250000e+02;1.9405887e-01;2.6250000e+02;1.4584216e-01;2.6250000e+02;9.4008341e-02;2.6250000e+02;4.8645161e-02;2.6250000e+02;-1.6595423e-04;2.6250000e+02;-4.1481048e-02;2.6250000e+02;-8.4794402e-02;2.6250000e+02;-1.2932453e-01;2.6250000e+02;-7.6184750e-02;2.6250000e+02;-6.1254580e-02;2.6250000e+02;-1.3498746e-02;2.6250000e+02;6.0103599e-02;2.6250000e+02;1.4850512e-01;2.6250000e+02;2.2407922e-01;2.6250000e+02;2.4894708e-01;2.6250000e+02;2.2085473e-01;2.6250000e+02;1.8372189e-01;2.6250000e+02;2.2518924e-01;2.6250000e+02;1.9405887e-01;2.6250000e+02;1.4584216e-01;2.6250000e+02;9.4008341e-02;2.6250000e+02;4.8645161e-02;2.6250000e+02;-1.6595423e-04;2.6250000e+02;-4.1481048e-02;2.6250000e+02;-8.4794402e-02;2.6250000e+02;-1.2932453e-01;2.6250000e+02;-7.6184750e-02;2.6250000e+02;-6.1254580e-02;2.6250000e+02;-1.3498746e-02;2.6250000e+02;6.0103599e-02;2.6250000e+02;1.4850512e-01;2.6250000e+02;2.2407922e-01;2.6250000e+02;2.4894708e-01;2.6250000e+02;2.2085473e-01;2.6250000e+02;1.8372189e-01;2.6250000e+02;2.2518924e-01;2.6250000e+02;1.9405887e-01;2.6250000e+02;1.4584216e-01;2.6250000e+02;9.4008341e-02;2.6250000e+02;4.8645161e-02;2.6250000e+02;-1.6595423e-04;2.6250000e+02;-4.1481048e-02;2.6250000e+02;-8.4794402e-02;2.6250000e+02;-1.2932453e-01;2.6250000e+02;-7.6184750e-02;2.6250000e+02;-6.1254580e-02;2.6250000e+02;-1.3498746e-02;2.6250000e+02;6.0103599e-02;2.6250000e+02;1.4850512e-01;2.6250000e+02;2.2407922e-01;2.6250000e+02;2.4894708e-01;2.6250000e+02;2.2085473e-01;2.6250000e+02;1.8372189e-01;2.6250000e+02;2.2518924e-01;2.6250000e+02;1.9405887e-01;2.6250000e+02;1.4584216e-01;2.6250000e+02;9.4008341e-02;2.6250000e+02;4.8645161e-02;2.6250000e+02;-1.6595423e-04;2.6250000e+02;-4.1481048e-02;2.6250000e+02;-8.4794402e-02;2.6250000e+02;-1.2932453e-01;2.6250000e+02;-7.6184750e-02;2.6250000e+02;-6.1254580e-02;2.6250000e+02;-1.3498746e-02;2.6250000e+02;6.0103599e-02;2.6250000e+02;1.4850512e-01;2.6250000e+02;2.2407922e-01;2.6250000e+02;2.4894708e-01;2.6250000e+02;2.2085473e-01;2.6250000e+02;1.8372189e-01;2.6250000e+02;2.2518924e-01;2.6250000e+02;1.9405887e-01;2.6250000e+02;1.4584216e-01;2.6250000e+02;9.4008341e-02;2.6250000e+02;4.8645161e-02;2.6250000e+02;-1.6595423e-04;2.6250000e+02;-4.1481048e-02;2.6250000e+02;-8.4794402e-02;2.6250000e+02;-1.2932453e-01;2.6250000e+02;-7.6184750e-02;2.6250000e+02;-6.1254580e-02;2.6250000e+02;-1.3498746e-02;2.6250000e+02;6.0103599e-02;2.6250000e+02;1.4850512e-01;2.6250000e+02;2.2407922e-01;2.6250000e+02;2.4894708e-01;2.6250000e+02;2.2085473e-01;2.6250000e+02;1.8372189e-01;2.6250000e+02;2.2518924e-01;2.6250000e+02;1.9405887e-01;2.6250000e+02;1.4584216e-01;2.6250000e+02;9.4008341e-02;2.6250000e+02;4.8645161e-02;2.6250000e+02;-1.6595423e-04;2.6250000e+02;-4.1481048e-02;2.6250000e+02;-8.4794402e-02;2.6250000e+02;-1.2932453e-01;2.6250000e+02;-7.6184750e-02;2.6250000e+02;-6.1254580e-02;2.6250000e+02;-1.3498746e-02;2.6250000e+02;6.0103599e-02;2.6250000e+02;1.4850512e-01;2.6250000e+02;2.2407922e-01;2.6250000e+02;2.4894708e-01;2.6250000e+02;2.2085473e-01;2.6250000e+02;1.8372189e-01;2.6250000e+02;2.2518924e-01;2.6250000e+02;1.9405887e-01;2.6250000e+02;1.4584216e-01;2.6250000e+02;9.4008341e-02;2.6250000e+02;4.8645161e-02;2.6250000e+02;-1.6595423e-04;2.6250000e+02;-4.1481048e-02;2.6250000e+02;-8.4794402e-02;2.6250000e+02;-1.2932453e-01;2.6250000e+02;-7.6184750e-02;2.6250000e+02;-6.1254580e-02;2.6250000e+02;-1.3498746e-02;2.6250000e+02;6.0103599e-02;2.6250000e+02;1.4850512e-01;2.6250000e+02;2.2407922e-01;2.6250000e+02;2.4894708e-01;2.6250000e+02;2.2085473e-01;2.6250000e+02;1.8372189e-01;2.6250000e+02;2.2518924e-01;2.6250000e+02;1.9405887e-01;2.6250000e+02;1.4584216e-01;2.6250000e+02;9.4008341e-02;2.6250000e+02;4.8645161e-02;2.6250000e+02;-1.6595423e-04;2.6250000e+02;-4.1481048e-02;2.6250000e+02;-8.4794402e-02;2.6250000e+02;-1.2932453e-01;2.6250000e+02;-7.6184750e-02;2.6250000e+02;-6.1254580e-02;2.6250000e+02;-1.3498746e-02;2.6250000e+02;6.0103599e-02;2.6250000e+02;1.4850512e-01;2.6250000e+02;2.2407922e-01;2.6250000e+02;2.4894708e-01;2.6250000e+02;2.2085473e-01;2.6250000e+02;1.8372189e-01;2.6250000e+02;2.2518924e-01;2.6250000e+02;1.9405887e-01;2.6250000e+02;1.4584216e-01;2.6250000e+02;9.4008341e-02;2.6250000e+02;4.8645161e-02;2.6250000e+02;-1.6595423e-04;2.6250000e+02;-4.1481048e-02;2.6250000e+02;-8.4794402e-02;2.6250000e+02;-1.2932453e-01
2.6750000e+02;-6.8914019e-02;2.6750000e+02;-5.3413227e-02;2.6750000e+02;-1.1700049e-02;2.6750000e+02;6.3884959e-02;2.6750000e+02;1.6120335e-01;2.6750000e+02;2.3945969e-01;2.6750000e+02;2.6129231e-01;2.6750000e+02;2.2798690e-01;2.6750000e+02;1.7867021e-01;2.6750000e+02;2.2132730e-01;2.6750000e+02;1.9287729e-01;2.6750000e+02;1.4665811e-01;2.6750000e+02;9.4674103e-02;2.6750000e+02;4.8890680e-02;2.6750000e+02;7.0468709e-03;2.6750000e+02;-4.1711852e-02;2.6750000e+02;-8.1189260e-02;2.6750000e+02;-1.2618534e-01;2.6750000e+02;-6.8914019e-02;2.6750000e+02;-5.3413227e-02;2.6750000e+02;-1.1700049e-02;2.6750000e+02;6.3884959e-02;2.6750000e+02;1.6120335e-01;2.6750000e+02;2.3945969e-01;2.6750000e+02;2.6129231e-01;2.6750000e+02;2.2798690e-01;2.6750000e+02;1.7867021e-01;2.6750000e+02;2.2132730e-01;2.6750000e+02;1.9287729e-01;2.6750000e+02;1.4665811e-01;2.6750000e+02;9.4674103e-02;2.6750000e+02;4.8890680e-02;2.6750000e+02;7.0468709e-03;2.6750000e+02;-4.1711852e-02;2.6750000e+02;-8.1189260e-02;2.6750000e+02;-1.2618534e-01;2.6750000e+02;-6.8914019e-02;2.6750000e+02;-5.3413227e-02;2.6750000e+02;-1.1700049e-02;2.6750000e+02;6.3884959e-02;2.6750000e+02;1.6120335e-01;2.6750000e+02;2.3945969e-01;2.6750000e+02;2.6129231e-01;2.6750000e+02;2.2798690e-01;2.6750000e+02;1.7867021e-01;2.6750000e+02;2.2132730e-01;2.6750000e+02;1.9287729e-01;2.6750000e+02;1.4665811e-01;2.6750000e+02;9.4674103e-02;2.6750000e+02;4.8890680e-02;2.6750000e+02;7.0468709e-03;2.6750000e+02;-4.1711852e-02;2.6750000e+02;-8.1189260e-02;2.6750000e+02;-1.2618534e-01;2.6750000e+02;-6.8914019e-02;2.6750000e+02;-5.3413227e-02;2.6750000e+02;-1.1700049e-02;2.6750000e+02;6.3884959e-02;2.6750000e+02;1.6120335e-01;2.6750000e+02;2.3945969e-01;2.6750000e+02;2.6129231e-01;2.6750000e+02;2.2798690e-01;2.6750000e+02;1.7867021e-01;2.6750000e+02;2.2132730e-01;2.6750000e+02;1.9287729e-01;2.6750000e+02;1.4665811e-01;2.6750000e+02;9.4674103e-02;2.6750000e+02;4.8890680e-02;2.6750000e+02;7.0468709e-03;2.6750000e+02;-4.1711852e-02;2.6750000e+02;-8.1189260e-02;2.6750000e+02;-1.2618534e-01;2.6750000e+02;-6.8914019e-02;2.6750000e+02;-5.3413227e-02;2.6750000e+02;-1.1700049e-02;2.6750000e+02;6.3884959e-02;2.6750000e+02;1.6120335e-01;2.6750000e+02;2.3945969e-01;2.6750000e+02;2.6129231e-01;2.6750000e+02;2.2798690e-01;2.6750000e+02;1.7867021e-01;2.6750000e+02;2.2132730e-01;2.6750000e+02;1.9287729e-01;2.6750000e+02;1.4665811e-01;2.6750000e+02;9.4674103e-02;2.6750000e+02;4.8890680e-02;2.6750000e+02;7.0468709e-03;2.6750000e+02;-4.1711852e-02;2.6750000e+02;-8.1189260e-02;2.6750000e+02;-1.2618534e-01;2.6750000e+02;-6.8914019e-02;2.6750000e+02;-5.3413227e-02;2.6750000e+02;-1.1700049e-02;2.6750000e+02;6.3884959e-02;2.6750000e+02;1.6120335e-01;2.6750000e+02;2.3945969e-01;2.6750000e+02;2.6129231e-01;2.6750000e+02;2.2798690e-01;2.6750000e+02;1.7867021e-01;2.6750000e+02;2.2132730e-01;2.6750000e+02;1.9287729e-01;2.6750000e+02;1.4665811e-01;2.6750000e+02;9.4674103e-02;2.6750000e+02;4.8890680e-02;2.6750000e+02;7.0468709e-03;2.6750000e+02;-4.1711852e-02;2.6750000e+02;-8.1189260e-02;2.6750000e+02;-1.2618534e-01;2.6750000e+02;-6.8914019e-02;2.6750000e+02;-5.3413227e-02;2.6750000e+02;-1.1700049e-02;2.6750000e+02;6.3884959e-02;2.6750000e+02;1.6120335e-01;2.6750000e+02;2.3945969e-01;2.6750000e+02;2.6129231e-01;2.6750000e+02;2.2798690e-01;2.6750000e+02;1.7867021e-01;2.6750000e+02;2.2132730e-01;2.6750000e+02;1.9287729e-01;2.6750000e+02;1.4665811e-01;2.6750000e+02;9.4674103e-02;2.6750000e+02;4.8890680e-02;2.6750000e+02;7.0468709e-03;2.6750000e+02;-4.1711852e-02;2.6750000e+02;-8.1189260e-02;2.6750000e+02;-1.2618534e-01;2.6750000e+02;-6.8914019e-02;2.6750000e+02;-5.3413227e-02;2.6750000e+02;-1.1700049e-02;2.6750000e+02;6.3884959e-02;2.6750000e+02;1.6120335e-01;2.6750000e+02;2.3945969e-01;2.6750000e+02;2.6129231e-01;2.6750000e+02;2.2798690e-01;2.6750000e+02;1.7867021e-01;2.6750000e+02;2.2132730e-01;2.6750000e+02;1.9287729e-01;2.6750000e+02;1.4665811e-01;2.6750000e+02;9.4674103e-02;2.6750000e+02;4.8890680e-02;2.6750000e+02;7.0468709e-03;2.6750000e+02;-4.1711852e-02;2.6750000e+02;-8.1189260e-02;2.6750000e+02;-1.2618534e-01;2.6750000e+02;-6.8914019e-02;2.6750000e+02;-5.3413227e-02;2.6750000e+02;-1.1700049e-02;2.6750000e+02;6.3884959e-02;2.6750000e+02;1.6120335e-01;2.6750000e+02;2.3945969e-01;2.6750000e+02;2.6129231e-01;2.6750000e+02;2.2798690e-01;2.6750000e+02;1.7867021e-01;2.6750000e+02;2.2132730e-01;2.6750000e+02;1.9287729e-01;2.6750000e+02;1.4665811e-01;2.6750000e+02;9.4674103e-02;2.6750000e+02;4.8890680e-02;2.6750000e+02;7.0468709e-03;2.6750000e+02;-4.1711852e-02;2.6750000e+02;-8.1189260e-02;2.6750000e+02;-1.2618534e-01;2.6750000e+02;-6.8914019e-02;2.6750000e+02;-5.3413227e-02;2.6750000e+02;-1.1700049e-02;2.6750000e+02;6.3884959e-02;2.6750000e+02;1.6120335e-01;2.6750000e+02;2.3945969e-01;2.6750000e+02;2.6129231e-01;2.6750000e+02;2.2798690e-01;2.6750000e+02;1.7867021e-01;2.6750000e+02;2.2132730e-01;2.6750000e+02;1.9287729e-01;2.6750000e+02;1.4665811e-01;2.6750000e+02;9.4674103e-02;2.6750000e+02;4.8890680e-02;2.6750000e+02;7.0468709e-03;2.6750000e+02;-4.1711852e-02;2.6750000e+02;-8.1189260e-02;2.6750000e+02;-1.2618534e-01;2.6750000e+02;-6.8914019e-02;2.6750000e+02;-5.3413227e-02;2.6750000e+02;-1.1700049e-02;2.6750000e+02;6.3884959e-02;2.6750000e+02;1.6120335e-01;2.6750000e+02;2.3945969e-01;2.6750000e+02;2.6129231e-01;2.6750000e+02;2.2798690e-01;2.6750000e+02;1.7867021e-01;2.6750000e+02;2.2132730e-01;2.6750000e+02;1.9287729e-01;2.6750000e+02;1.4665811e-01;2.6750000e+02;9.4674103e-02;2.6750000e+02;4.8890680e-02;2.6750000e+02;7.0468709e-03;2.6750000e+02;-4.1711852e-02;2.6750000e+02;-8.1189260e-02;2.6750000e+02;-1.2618534e-01;2.6750000e+02;-6.8914019e-02;2.6750000e+02;-5.3413227e-02;2.6750000e+02;-1.1700049e-02;2.6750000e+02;6.3884959e-02;2.6750000e+02;1.6120335e-01;2.6750000e+02;2.3945969e-01;2.6750000e+02;2.6129231e-01;2.6750000e+02;2.2798690e-01;2.6750000e+02;1.7867021e-01;2.6750000e+02;2.2132730e-01;2.6750000e+02;1.9287729e-01;2.6750000e+02;1.4665811e-01;2.6750000e+02;9.4674103e-02;2.6750000e+02;4.8890680e-02;2.6750000e+02;7.0468709e-03;2.6750000e+02;-4.1711852e-02;2.6750000e+02;-8.1189260e-02;2.6750000e+02;-1.2618534e-01;2.6750000e+02;-6.8914019e-02;2.6750000e+02;-5.3413227e-02;2.6750000e+02;-1.1700049e-02;2.6750000e+02;6.3884959e-02;2.6750000e+02;1.6120335e-01;2.6750000e+02;2.3945969e-01;2.6750000e+02;2.6129231e-01;2.6750000e+02;2.2798690e-01;2.6750000e+02;1.7867021e-01;2.6750000e+02;2.2132730e-01;2.6750000e+02;1.9287729e-01;2.6750000e+02;1.4665811e-01;2.6750000e+02;9.4674103e-02;2.6750000e+02;4.8890680e-02;2.6750000e+02;7.0468709e-03;2.6750000e+02;-4.1711852e-02;2.6750000e+02;-8.1189260e-02;2.6750000e+02;-1.2618534e-01;2.6750000e+02;-6.8914019e-02;2.6750000e+02;-5.3413227e-02;2.6750000e+02;-1.1700049e-02;2.6750000e+02;6.3884959e-02;2.6750000e+02;1.6120335e-01;2.6750000e+02;2.3945969e-01;2.6750000e+02;2.6129231e-01;2.6750000e+02;2.2798690e-01;2.6750000e+02;1.7867021e-01;2.6750000e+02;2.2132730e-01;2.6750000e+02;1.9287729e-01;2.6750000e+02;1.4665811e-01;2.6750000e+02;9.4674103e-02;2.6750000e+02;4.8890680e-02;2.6750000e+02;7.0468709e-03;2.6750000e+02;-4.1711852e-02;2.6750000e+02;-8.1189260e-02;2.6750000e+02;-1.2618534e-01;2.6750000e+02;-6.8914019e-02;2.6750000e+02;-5.3413227e-02;2.6750000e+02;-1.1700049e-02;2.6750000e+02;6.3884959e-02;2.6750000e+02;1.6120335e-01;2.6750000e+02;2.3945969e-01;2.6750000e+02;2.6129231e-01;2.6750000e+02;2.2798690e-01;2.6750000e+02;1.7867021e-01;2.6750000e+02;2.2132730e-01;2.6750000e+02;1.9287729e-01;2.6750000e+02;1.4665811e-01;2.6750000e+02;9.4674103e-02;2.6750000e+02;4.8890680e-02;2.6750000e+02;7.0468709e-03;2.6750000e+02;-4.1711852e-02;2.6750000e+02;-8.1189260e-02;2.6750000e+02;-1.2618534e-01;2.6750000e+02;-6.8914019e-02;2.6750000e+02;-5.3413227e-02;2.6750000e+02;-1.1700049e-02;2.6750000e+02;6.3884959e-02;2.6750000e+02;1.6120335e-01;2.6750000e+02;2.3945969e-01;2.6750000e+02;2.6129231e-01;2.6750000e+02;2.2798690e-01;2.6750000e+02;1.7867021e-01;2.6750000e+02;2.2132730e-01;2.6750000e+02;1.9287729e-01;2.6750000e+02;1.4665811e-01;2.6750000e+02;9.4674103e-02;2.6750000e+02;4.8890680e-02;2.6750000e+02;7.0468709e-03;2.6750000e+02;-4.1711852e-02;2.6750000e+02;-8.1189260e-02;2.6750000e+02;-1.2618534e-01;2.6750000e+02;-6.8914019e-02;2.6750000e+02;-5.3413227e-02;2.6750000e+02;-1.1700049e-02;2.6750000e+02;6.3884959e-02;2.6750000e+02;1.6120335e-01;2.6750000e+02;2.3945969e-01;2.6750000e+02;2.6129231e-01;2.6750000e+02;2.2798690e-01;2.6750000e+02;1.7867021e-01;2.6750000e+02;2.2132730e-01;2.6750000e+02;1.9287729e-01;2.6750000e+02;1.4665811e-01;2.6750000e+02;9.4674103e-02;2.6750000e+02;4.8890680e-02;2.6750000e+02;7.0468709e-03;2.6750000e+02;-4.1711852e-02;2.6750000e+02;-8.1189260e-02;2.6750000e+02;-1.2618534e-01;2.6750000e+02;-6.8914019e-02;2.6750000e+02;-5.3413227e-02;2.6750000e+02;-1.1700049e-02;2.6750000e+02;6.3884959e-02;2.6750000e+02;1.6120335e-01;2.6750000e+02;2.3945969e-01;2.6750000e+02;2.6129231e-01;2.6750000e+02;2.2798690e-01;2.6750000e+02;1.7867021e-01;2.6750000e+02;2.2132730e-01;2.6750000e+02;1.9287729e-01;2.6750000e+02;1.4665811e-01;2.6750000e+02;9.4674103e-02;2.6750000e+02;4.8890680e-02;2.6750000e+02;7.0468709e-03;2.6750000e+02;-4.1711852e-02;2.6750000e+02;-8.1189260e-02;2.6750000e+02;-1.2618534e-01;2.6750000e+02;-6.8914019e-02;2.6750000e+02;-5.3413227e-02;2.6750000e+02;-1.1700049e-02;2.6750000e+02;6.3884959e-02;2.6750000e+02;1.6120335e-01;2.6750000e+02;2.3945969e-01;2.6750000e+02;2.6129231e-01;2.6750000e+02;2.2798690e-01;2.6750000e+02;1.7867021e-01;2.6750000e+02;2.2132730e-01;2.6750000e+02;1.9287729e-01;2.6750000e+02;1.4665811e-01;2.6750000e+02;9.4674103e-02;2.6750000e+02;4.8890680e-02;2.6750000e+02;7.0468709e-03;2.6750000e+02;-4.1711852e-02;2.6750000e+02;-8.1189260e-02;2.6750000e+02;-1.2618534e-01;2.6750000e+02;-6.8914019e-02;2.6750000e+02;-5.3413227e-02;2.6750000e+02;-1.1700049e-02;2.6750000e+02;6.3884959e-02;2.6750000e+02;1.6120335e-01;2.6750000e+02;2.3945969e-01;2.6750000e+02;2.6129231e-01;2.6750000e+02;2.2798690e-01;2.6750000e+02;1.7867021e-01;2.6750000e+02;2.2132730e-01;2.6750000e+02;1.9287729e-01;2.6750000e+02;1.4665811e-01;2.6750000e+02;9.4674103e-02;2.6750000e+02;4.8890680e-02;2.6750000e+02;7.0468709e-03;2.6750000e+02;-4.1711852e-02;2.6750000e+02;-8.1189260e-02;2.6750000e+02;-1.2618534e-01;2.6750000e+02;-6.8914019e-02;2.6750000e+02;-5.3413227e-02;2.6750000e+02;-1.1700049e-02;2.6750000e+02;6.3884959e-02;2.6750000e+02;1.6120335e-01;2.6750000e+02;2.3945969e-01;2.6750000e+02;2.6129231e-01;2.6750000e+02;2.2798690e-01;2.6750000e+02;1.7867021e-01;2.6750000e+02;2.2132730e-01;2.6750000e+02;1.9287729e-01;2.6750000e+02;1.4665811e-01;2.6750000e+02;9.4674103e-02;2.6750000e+02;4.8890680e-02;2.6750000e+02;7.0468709e-03;2.6750000e+02;-4.1711852e-02;2.6750000e+02;-8.1189260e-02;2.6750000e+02;-1.2618534e-01;2.6750000e+02;-6.8914019e-02;2.6750000e+02;-5.3413227e-02;2.6750000e+02;-1.1700049e-02;2.6750000e+02;6.3884959e-02;2.6750000e+02;1.6120335e-01;2.6750000e+02;2.3945969e-01;2.6750000e+02;2.6129231e-01;2.6750000e+02;2.2798690e-01;2.6750000e+02;1.7867021e-01;2.6750000e+02;2.2132730e-01;2.6750000e+02;1.9287729e-01;2.6750000e+02;1.4665811e-01;2.6750000e+02;9.4674103e-02;2.6750000e+02;4.8890680e-02;2.6750000e+02;7.0468709e-03;2.6750000e+02;-4.1711852e-02;2.6750000e+02;-8.1189260e-02;2.6750000e+02;-1.2618534e-01;2.6750000e+02;-6.8914019e-02;2.6750000e+02;-5.3413227e-02;2.6750000e+02;-1.1700049e-02;2.6750000e+02;6.3884959e-02;2.6750000e+02;1.6120335e-01;2.6750000e+02;2.3945969e-01;2.6750000e+02;2.6129231e-01;2.6750000e+02;2.2798690e-01;2.6750000e+02;1.7867021e-01;2.6750000e+02;2.2132730e-01;2.6750000e+02;1.9287729e-01;2.6750000e+02;1.4665811e-01;2.6750000e+02;9.4674103e-02;2.6750000e+02;4.8890680e-02;2.6750000e+02;7.0468709e-03;2.6750000e+02;-4.1711852e-02;2.6750000e+02;-8.1189260e-02;2.6750000e+02;-1.2618534e-01;2.6750000e+02;-6.8914019e-02;2.6750000e+02;-5.3413227e-02;2.6750000e+02;-1.1700049e-02;2.6750000e+02;6.3884959e-02;2.6750000e+02;1.6120335e-01;2.6750000e+02;2.3945969e-01;2.6750000e+02;2.6129231e-01;2.6750000e+02;2.2798690e-01;2.6750000e+02;1.7867021e-01;2.6750000e+02;2.2132730e-01;2.6750000e+02;1.9287729e-01;2.6750000e+02;1.4665811e-01;2.6750000e+02;9.4674103e-02;2.6750000e+02;4.8890680e-02;2.6750000e+02;7.0468709e-03;2.6750000e+02;-4.1711852e-02;2.6750000e+02;-8.1189260e-02;2.6750000e+02;-1.2618534e-01;2.6750000e+02;-6.8914019e-02;2.6750000e+02;-5.3413227e-02;2.6750000e+02;-1.1700049e-02;2.6750000e+02;6.3884959e-02;2.6750000e+02;1.6120335e-01;2.6750000e+02;2.3945969e-01;2.6750000e+02;2.6129231e-01;2.6750000e+02;2.2798690e-01;2.6750000e+02;1.7867021e-01;2.6750000e+02;2.2132730e-01;2.6750000e+02;1.9287729e-01;2.6750000e+02;1.4665811e-01;2.6750000e+02;9.4674103e-02;2.6750000e+02;4.8890680e-02;2.6750000e+02;7.0468709e-03;2.6750000e+02;-4.1711852e-02;2.6750000e+02;-8.1189260e-02;2.6750000e+02;-1.2618534e-01;2.6750000e+02;-6.8914019e-02;2.6750000e+02;-5.3413227e-02;2.6750000e+02;-1.1700049e-02;2.6750000e+02;6.3884959e-02;2.6750000e+02;1.6120335e-01;2.6750000e+02;2.3945969e-01;2.6750000e+02;2.6129231e-01;2.6750000e+02;2.2798690e-01;2.6750000e+02;1.7867021e-01;2.6750000e+02;2.2132730e-01;2.6750000e+02;1.9287729e-01;2.6750000e+02;1.4665811e-01;2.6750000e+02;9.4674103e-02;2.6750000e+02;4.8890680e-02;2.6750000e+02;7.0468709e-03;2.6750000e+02;-4.1711852e-02;2.6750000e+02;-8.1189260e-02;2.6750000e+02;-1.2618534e-01;2.6750000e+02;-6.8914019e-02;2.6750000e+02;-5.3413227e-02;2.6750000e+02;-1.1700049e-02;2.6750000e+02;6.3884959e-02;2.6750000e+02;1.6120335e-01;2.6750000e+02;2.3945969e-01;2.6750000e+02;2.6129231e-01;2.6750000e+02;2.2798690e-01;2.6750000e+02;1.7867021e-01;2.6750000e+02;2.2132730e-01;2.6750000e+02;1.9287729e-01;2.6750000e+02;1.4665811e-01;2.6750000e+02;9.4674103e-02;2.6750000e+02;4.8890680e-02;2.6750000e+02;7.0468709e-03;2.6750000e+02;-4.1711852e-02;2.6750000e+02;-8.1189260e-02;2.6750000e+02;-1.2618534e-01;2.6750000e+02;-6.8914019e-02;2.6750000e+02;-5.3413227e-02;2.6750000e+02;-1.1700049e-02;2.6750000e+02;6.3884959e-02;2.6750000e+02;1.6120335e-01;2.6750000e+02;2.3945969e-01;2.6750000e+02;2.6129231e-01;2.6750000e+02;2.2798690e-01;2.6750000e+02;1.7867021e-01;2.6750000e+02;2.2132730e-01;2.6750000e+02;1.9287729e-01;2.6750000e+02;1.4665811e-01;2.6750000e+02;9.4674103e-02;2.6750000e+02;4.8890680e-02;2.6750000e+02;7.0468709e-03;2.6750000e+02;-4.1711852e-02;2.6750000e+02;-8.1189260e-02;2.6750000e+02;-1.2618534e-01;2.6750000e+02;-6.8914019e-02;2.6750000e+02;-5.3413227e-02;2.6750000e+02;-1.1700049e-02;2.6750000e+02;6.3884959e-02;2.6750000e+02;1.6120335e-01;2.6750000e+02;2.3945969e-01;2.6750000e+02;2.6129231e-01;2.6750000e+02;2.2798690e-01;2.6750000e+02;1.7867021e-01;2.6750000e+02;2.2132730e-01;2.6750000e+02;1.9287729e-01;2.6750000e+02;1.4665811e-01;2.6750000e+02;9.4674103e-02;2.6750000e+02;4.8890680e-02;2.6750000e+02;7.0468709e-03;2.6750000e+02;-4.1711852e-02;2.6750000e+02;-8.1189260e-02;2.6750000e+02;-1.2618534e-01;2.6750000e+02;-6.8914019e-02;2.6750000e+02;-5.3413227e-02;2.6750000e+02;-1.1700049e-02;2.6750000e+02;6.3884959e-02;2.6750000e+02;1.6120335e-01;2.6750000e+02;2.3945969e-01;2.6750000e+02;2.6129231e-01;2.6750000e+02;2.2798690e-01;2.6750000e+02;1.7867021e-01;2.6750000e+02;2.2132730e-01;2.6750000e+02;1.9287729e-01;2.6750000e+02;1.4665811e-01;2.6750000e+02;9.4674103e-02;2.6750000e+02;4.8890680e-02;2.6750000e+02;7.0468709e-03;2.6750000e+02;-4.1711852e-02;2.6750000e+02;-8.1189260e-02;2.6750000e+02;-1.2618534e-01;2.6750000e+02;-6.8914019e-02;2.6750000e+02;-5.3413227e-02;2.6750000e+02;-1.1700049e-02;2.6750000e+02;6.3884959e-02;2.6750000e+02;1.6120335e-01;2.6750000e+02;2.3945969e-01;2.6750000e+02;2.6129231e-01;2.6750000e+02;2.2798690e-01;2.6750000e+02;1.7867021e-01;2.6750000e+02;2.2132730e-01;2.6750000e+02;1.9287729e-01;2.6750000e+02;1.4665811e-01;2.6750000e+02;9.4674103e-02;2.6750000e+02;4.8890680e-02;2.6750000e+02;7.0468709e-03;2.6750000e+02;-4.1711852e-02;2.6750000e+02;-8.1189260e-02;2.6750000e+02;-1.2618534e-01;2.6750000e+02;-6.8914019e-02;2.6750000e+02;-5.3413227e-02;2.6750000e+02;-1.1700049e-02;2.6750000e+02;6.3884959e-02;2.6750000e+02;1.6120335e-01;2.6750000e+02;2.3945969e-01;2.6750000e+02;2.6129231e-01;2.6750000e+02;2.2798690e-01;2.6750000e+02;1.7867021e-01;2.6750000e+02;2.2132730e-01;2.6750000e+02;1.9287729e-01;2.6750000e+02;1.4665811e-01;2.6750000e+02;9.4674103e-02;2.6750000e+02;4.8890680e-02;2.6750000e+02;7.0468709e-03;2.6750000e+02;-4.1711852e-02;2.6750000e+02;-8.1189260e-02;2.6750000e+02;-1.2618534e-01;2.6750000e+02;-6.8914019e-02;2.6750000e+02;-5.3413227e-02;2.6750000e+02;-1.1700049e-02;2.6750000e+02;6.3884959e-02;2.6750000e+02;1.6120335e-01;2.6750000e+02;2.3945969e-01;2.6750000e+02;2.6129231e-01;2.6750000e+02;2.2798690e-01;2.6750000e+02;1.7867021e-01;2.6750000e+02;2.2132730e-01;2.6750000e+02;1.9287729e-01;2.6750000e+02;1.4665811e-01;2.6750000e+02;9.4674103e-02;2.6750000e+02;4.8890680e-02;2.6750000e+02;7.0468709e-03;2.6750000e+02;-4.1711852e-02;2.6750000e+02;-8.1189260e-02;2.6750000e+02;-1.2618534e-01;2.6750000e+02;-6.8914019e-02;2.6750000e+02;-5.3413227e-02;2.6750000e+02;-1.1700049e-02;2.6750000e+02;6.3884959e-02;2.6750000e+02;1.6120335e-01;2.6750000e+02;2.3945969e-01;2.6750000e+02;2.6129231e-01;2.6750000e+02;2.2798690e-01;2.6750000e+02;1.7867021e-01;2.6750000e+02;2.2132730e-01;2.6750000e+02;1.9287729e-01;2.6750000e+02;1.4665811e-01;2.6750000e+02;9.4674103e-02;2.6750000e+02;4.8890680e-02;2.6750000e+02;7.0468709e-03;2.6750000e+02;-4.1711852e-02;2.6750000e+02;-8.1189260e-02;2.6750000e+02;-1.2618534e-01;2.6750000e+02;-6.8914019e-02;2.6750000e+02;-5.3413227e-02;2.6750000e+02;-1.1700049e-02;2.6750000e+02;6.3884959e-02;2.6750000e+02;1.6120335e-01;2.6750000e+02;2.3945969e-01;2.6750000e+02;2.6129231e-01;2.6750000e+02;2.2798690e-01;2.6750000e+02;1.7867021e-01;2.6750000e+02;2.2132730e-01;2.6750000e+02;1.9287729e-01;2.6750000e+02;1.4665811e-01;2.6750000e+02;9.4674103e-02;2.6750000e+02;4.8890680e-02;2.6750000e+02;7.0468709e-03;2.6750000e+02;-4.1711852e-02;2.6750000e+02;-8.1189260e-02;2.6750000e+02;-1.2618534e-01;2.6750000e+02;-6.8914019e-02;2.6750000e+02;-5.3413227e-02;2.6750000e+02;-1.1700049e-02;2.6750000e+02;6.3884959e-02;2.6750000e+02;1.6120335e-01;2.6750000e+02;2.3945969e-01;2.6750000e+02;2.6129231e-01;2.6750000e+02;2.2798690e-01;2.6750000e+02;1.7867021e-01;2.6750000e+02;2.2132730e-01;2.6750000e+02;1.9287729e-01;2.6750000e+02;1.4665811e-01;2.6750000e+02;9.4674103e-02;2.6750000e+02;4.8890680e-02;2.6750000e+02;7.0468709e-03;2.6750000e+02;-4.1711852e-02;2.6750000e+02;-8.1189260e-02;2.6750000e+02;-1.2618534e-01;2.6750000e+02;-6.8914019e-02;2.6750000e+02;-5.3413227e-02;2.6750000e+02;-1.1700049e-02;2.6750000e+02;6.3884959e-02;2.6750000e+02;1.6120335e-01;2.6750000e+02;2.3945969e-01;2.6750000e+02;2.6129231e-01;2.6750000e+02;2.2798690e-01;2.6750000e+02;1.7867021e-01;2.6750000e+02;2.2132730e-01;2.6750000e+02;1.9287729e-01;2.6750000e+02;1.4665811e-01;2.6750000e+02;9.4674103e-02;2.6750000e+02;4.8890680e-02;2.6750000e+02;7.0468709e-03;2.6750000e+02;-4.1711852e-02;2.6750000e+02;-8.1189260e-02;2.6750000e+02;-1.2618534e-01;2.6750000e+02;-6.8914019e-02;2.6750000e+02;-5.3413227e-02;2.6750000e+02;-1.1700049e-02;2.6750000e+02;6.3884959e-02;2.6750000e+02;1.6120335e-01;2.6750000e+02;2.3945969e-01;2.6750000e+02;2.6129231e-01;2.6750000e+02;2.2798690e-01;2.6750000e+02;1.7867021e-01;2.6750000e+02;2.2132730e-01;2.6750000e+02;1.9287729e-01;2.6750000e+02;1.4665811e-01;2.6750000e+02;9.4674103e-02;2.6750000e+02;4.8890680e-02;2.6750000e+02;7.0468709e-03;2.6750000e+02;-4.1711852e-02;2.6750000e+02;-8.1189260e-02;2.6750000e+02;-1.2618534e-01;2.6750000e+02;-6.8914019e-02;2.6750000e+02;-5.3413227e-02;2.6750000e+02;-1.1700049e-02;2.6750000e+02;6.3884959e-02;2.6750000e+02;1.6120335e-01;2.6750000e+02;2.3945969e-01;2.6750000e+02;2.6129231e-01;2.6750000e+02;2.2798690e-01;2.6750000e+02;1.7867021e-01;2.6750000e+02;2.2132730e-01;2.6750000e+02;1.9287729e-01;2.6750000e+02;1.4665811e-01;2.6750000e+02;9.4674103e-02;2.6750000e+02;4.8890680e-02;2.6750000e+02;7.0468709e-03;2.6750000e+02;-4.1711852e-02;2.6750000e+02;-8.1189260e-02;2.6750000e+02;-1.2618534e-01;2.6750000e+02;-6.8914019e-02;2.6750000e+02;-5.3413227e-02;2.6750000e+02;-1.1700049e-02;2.6750000e+02;6.3884959e-02;2.6750000e+02;1.6120335e-01;2.6750000e+02;2.3945969e-01;2.6750000e+02;2.6129231e-01;2.6750000e+02;2.2798690e-01;2.6750000e+02;1.7867021e-01;2.6750000e+02;2.2132730e-01;2.6750000e+02;1.9287729e-01;2.6750000e+02;1.4665811e-01;2.6750000e+02;9.4674103e-02;2.6750000e+02;4.8890680e-02;2.6750000e+02;7.0468709e-03;2.6750000e+02;-4.1711852e-02;2.6750000e+02;-8.1189260e-02;2.6750000e+02;-1.2618534e-01;2.6750000e+02;-6.8914019e-02;2.6750000e+02;-5.3413227e-02;2.6750000e+02;-1.1700049e-02;2.6750000e+02;6.3884959e-02;2.6750000e+02;1.6120335e-01;2.6750000e+02;2.3945969e-01;2.6750000e+02;2.6129231e-01;2.6750000e+02;2.2798690e-01;2.6750000e+02;1.7867021e-01;2.6750000e+02;2.2132730e-01;2.6750000e+02;1.9287729e-01;2.6750000e+02;1.4665811e-01;2.6750000e+02;9.4674103e-02;2.6750000e+02;4.8890680e-02;2.6750000e+02;7.0468709e-03;2.6750000e+02;-4.1711852e-02;2.6750000e+02;-8.1189260e-02;2.6750000e+02;-1.2618534e-01;2.6750000e+02;-6.8914019e-02;2.6750000e+02;-5.3413227e-02;2.6750000e+02;-1.1700049e-02;2.6750000e+02;6.3884959e-02;2.6750000e+02;1.6120335e-01;2.6750000e+02;2.3945969e-01;2.6750000e+02;2.6129231e-01;2.6750000e+02;2.2798690e-01;2.6750000e+02;1.7867021e-01;2.6750000e+02;2.2132730e-01;2.6750000e+02;1.9287729e-01;2.6750000e+02;1.4665811e-01;2.6750000e+02;9.4674103e-02;2.6750000e+02;4.8890680e-02;2.6750000e+02;7.0468709e-03;2.6750000e+02;-4.1711852e-02;2.6750000e+02;-8.1189260e-02;2.6750000e+02;-1.2618534e-01;2.6750000e+02;-6.8914019e-02;2.6750000e+02;-5.3413227e-02;2.6750000e+02;-1.1700049e-02;2.6750000e+02;6.3884959e-02;2.6750000e+02;1.6120335e-01;2.6750000e+02;2.3945969e-01;2.6750000e+02;2.6129231e-01;2.6750000e+02;2.2798690e-01;2.6750000e+02;1.7867021e-01;2.6750000e+02;2.2132730e-01;2.6750000e+02;1.9287729e-01;2.6750000e+02;1.4665811e-01;2.6750000e+02;9.4674103e-02;2.6750000e+02;4.8890680e-02;2.6750000e+02;7.0468709e-03;2.6750000e+02;-4.1711852e-02;2.6750000e+02;-8.1189260e-02;2.6750000e+02;-1.2618534e-01;2.6750000e+02;-6.8914019e-02;2.6750000e+02;-5.3413227e-02;2.6750000e+02;-1.1700049e-02;2.6750000e+02;6.3884959e-02;2.6750000e+02;1.6120335e-01;2.6750000e+02;2.3945969e-01;2.6750000e+02;2.6129231e-01;2.6750000e+02;2.2798690e-01;2.6750000e+02;1.7867021e-01;2.6750000e+02;2.2132730e-01;2.6750000e+02;1.9287729e-01;2.6750000e+02;1.4665811e-01;2.6750000e+02;9.4674103e-02;2.6750000e+02;4.8890680e-02;2.6750000e+02;7.0468709e-03;2.6750000e+02;-4.1711852e-02;2.6750000e+02;-8.1189260e-02;2.6750000e+02;-1.2618534e-01;2.6750000e+02;-6.8914019e-02;2.6750000e+02;-5.3413227e-02;2.6750000e+02;-1.1700049e-02;2.6750000e+02;6.3884959e-02;2.6750000e+02;1.6120335e-01;2.6750000e+02;2.3945969e-01;2.6750000e+02;2.6129231e-01;2.6750000e+02;2.2798690e-01;2.6750000e+02;1.7867021e-01;2.6750000e+02;2.2132730e-01;2.6750000e+02;1.9287729e-01;2.6750000e+02;1.4665811e-01;2.6750000e+02;9.4674103e-02;2.6750000e+02;4.8890680e-02;2.6750000e+02;7.0468709e-03;2.6750000e+02;-4.1711852e-02;2.6750000e+02;-8.1189260e-02;2.6750000e+02;-1.2618534e-01;2.6750000e+02;-6.8914019e-02;2.6750000e+02;-5.3413227e-02;2.6750000e+02;-1.1700049e-02;2.6750000e+02;6.3884959e-02;2.6750000e+02;1.6120335e-01;2.6750000e+02;2.3945969e-01;2.6750000e+02;2.6129231e-01;2.6750000e+02;2.2798690e-01;2.6750000e+02;1.7867021e-01;2.6750000e+02;2.2132730e-01;2.6750000e+02;1.9287729e-01;2.6750000e+02;1.4665811e-01;2.6750000e+02;9.4674103e-02;2.6750000e+02;4.8890680e-02;2.6750000e+02;7.0468709e-03;2.6750000e+02;-4.1711852e-02;2.6750000e+02;-8.1189260e-02;2.6750000e+02;-1.2618534e-01;2.6750000e+02;-6.8914019e-02;2.6750000e+02;-5.3413227e-02;2.6750000e+02;-1.1700049e-02;2.6750000e+02;6.3884959e-02;2.6750000e+02;1.6120335e-01;2.6750000e+02;2.3945969e-01;2.6750000e+02;2.6129231e-01;2.6750000e+02;2.2798690e-01;2.6750000e+02;1.7867021e-01;2.6750000e+02;2.2132730e-01;2.6750000e+02;1.9287729e-01;2.6750000e+02;1.4665811e-01;2.6750000e+02;9.4674103e-02;2.6750000e+02;4.8890680e-02;2.6750000e+02;7.0468709e-03;2.6750000e+02;-4.1711852e-02;2.6750000e+02;-8.1189260e-02;2.6750000e+02;-1.2618534e-01;2.6750000e+02;-6.8914019e-02;2.6750000e+02;-5.3413227e-02;2.6750000e+02;-1.1700049e-02;2.6750000e+02;6.3884959e-02;2.6750000e+02;1.6120335e-01;2.6750000e+02;2.3945969e-01;2.6750000e+02;2.6129231e-01;2.6750000e+02;2.2798690e-01;2.6750000e+02;1.7867021e-01;2.6750000e+02;2.2132730e-01;2.6750000e+02;1.9287729e-01;2.6750000e+02;1.4665811e-01;2.6750000e+02;9.4674103e-02;2.6750000e+02;4.8890680e-02;2.6750000e+02;7.0468709e-03;2.6750000e+02;-4.1711852e-02;2.6750000e+02;-8.1189260e-02;2.6750000e+02;-1.2618534e-01;2.6750000e+02;-6.8914019e-02;2.6750000e+02;-5.3413227e-02;2.6750000e+02;-1.1700049e-02;2.6750000e+02;6.3884959e-02;2.6750000e+02;1.6120335e-01;2.6750000e+02;2.3945969e-01;2.6750000e+02;2.6129231e-01;2.6750000e+02;2.2798690e-01;2.6750000e+02;1.7867021e-01;2.6750000e+02;2.2132730e-01;2.6750000e+02;1.9287729e-01;2.6750000e+02;1.4665811e-01;2.6750000e+02;9.4674103e-02;2.6750000e+02;4.8890680e-02;2.6750000e+02;7.0468709e-03;2.6750000e+02;-4.1711852e-02;2.6750000e+02;-8.1189260e-02;2.6750000e+02;-1.2618534e-01;2.6750000e+02;-6.8914019e-02;2.6750000e+02;-5.3413227e-02;2.6750000e+02;-1.1700049e-02;2.6750000e+02;6.3884959e-02;2.6750000e+02;1.6120335e-01;2.6750000e+02;2.3945969e-01;2.6750000e+02;2.6129231e-01;2.6750000e+02;2.2798690e-01;2.6750000e+02;1.7867021e-01;2.6750000e+02;2.2132730e-01;2.6750000e+02;1.9287729e-01;2.6750000e+02;1.4665811e-01;2.6750000e+02;9.4674103e-02;2.6750000e+02;4.8890680e-02;2.6750000e+02;7.0468709e-03;2.6750000e+02;-4.1711852e-02;2.6750000e+02;-8.1189260e-02;2.6750000e+02;-1.2618534e-01;2.6750000e+02;-6.8914019e-02;2.6750000e+02;-5.3413227e-02;2.6750000e+02;-1.1700049e-02;2.6750000e+02;6.3884959e-02;2.6750000e+02;1.6120335e-01;2.6750000e+02;2.3945969e-01;2.6750000e+02;2.6129231e-01;2.6750000e+02;2.2798690e-01;2.6750000e+02;1.7867021e-01;2.6750000e+02;2.2132730e-01;2.6750000e+02;1.9287729e-01;2.6750000e+02;1.4665811e-01;2.6750000e+02;9.4674103e-02;2.6750000e+02;4.8890680e-02;2.6750000e+02;7.0468709e-03;2.6750000e+02;-4.1711852e-02;2.6750000e+02;-8.1189260e-02;2.6750000e+02;-1.2618534e-01;2.6750000e+02;-6.8914019e-02;2.6750000e+02;-5.3413227e-02;2.6750000e+02;-1.1700049e-02;2.6750000e+02;6.3884959e-02;2.6750000e+02;1.6120335e-01;2.6750000e+02;2.3945969e-01;2.6750000e+02;2.6129231e-01;2.6750000e+02;2.2798690e-01;2.6750000e+02;1.7867021e-01;2.6750000e+02;2.2132730e-01;2.6750000e+02;1.9287729e-01;2.6750000e+02;1.4665811e-01;2.6750000e+02;9.4674103e-02;2.6750000e+02;4.8890680e-02;2.6750000e+02;7.0468709e-03;2.6750000e+02;-4.1711852e-02;2.6750000e+02;-8.1189260e-02;2.6750000e+02;-1.2618534e-01;2.6750000e+02;-6.8914019e-02;2.6750000e+02;-5.3413227e-02;2.6750000e+02;-1.1700049e-02;2.6750000e+02;6.3884959e-02;2.6750000e+02;1.6120335e-01;2.6750000e+02;2.3945969e-01;2.6750000e+02;2.6129231e-01;2.6750000e+02;2.2798690e-01;2.6750000e+02;1.7867021e-01;2.6750000e+02;2.2132730e-01;2.6750000e+02;1.9287729e-01;2.6750000e+02;1.4665811e-01;2.6750000e+02;9.4674103e-02;2.6750000e+02;4.8890680e-02;2.6750000e+02;7.0468709e-03;2.6750000e+02;-4.1711852e-02;2.6750000e+02;-8.1189260e-02;2.6750000e+02;-1.2618534e-01;2.6750000e+02;-6.8914019e-02;2.6750000e+02;-5.3413227e-02;2.6750000e+02;-1.1700049e-02;2.6750000e+02;6.3884959e-02;2.6750000e+02;1.6120335e-01;2.6750000e+02;2.3945969e-01;2.6750000e+02;2.6129231e-01;2.6750000e+02;2.2798690e-01;2.6750000e+02;1.7867021e-01;2.6750000e+02;2.2132730e-01;2.6750000e+02;1.9287729e-01;2.6750000e+02;1.4665811e-01;2.6750000e+02;9.4674103e-02;2.6750000e+02;4.8890680e-02;2.6750000e+02;7.0468709e-03;2.6750000e+02;-4.1711852e-02;2.6750000e+02;-8.1189260e-02;2.6750000e+02;-1.2618534e-01;2.6750000e+02;-6.8914019e-02;2.6750000e+02;-5.3413227e-02;2.6750000e+02;-1.1700049e-02;2.6750000e+02;6.3884959e-02;2.6750000e+02;1.6120335e-01;2.6750000e+02;2.3945969e-01;2.6750000e+02;2.6129231e-01;2.6750000e+02;2.2798690e-01;2.6750000e+02;1.7867021e-01;2.6750000e+02;2.2132730e-01;2.6750000e+02;1.9287729e-01;2.6750000e+02;1.4665811e-01;2.6750000e+02;9.4674103e-02;2.6750000e+02;4.8890680e-02;2.6750000e+02;7.0468709e-03;2.6750000e+02;-4.1711852e-02;2.6750000e+02;-8.1189260e-02;2.6750000e+02;-1.2618534e-01;2.6750000e+02;-6.8914019e-02;2.6750000e+02;-5.3413227e-02;2.6750000e+02;-1.1700049e-02;2.6750000e+02;6.3884959e-02;2.6750000e+02;1.6120335e-01;2.6750000e+02;2.3945969e-01;2.6750000e+02;2.6129231e-01;2.6750000e+02;2.2798690e-01;2.6750000e+02;1.7867021e-01;2.6750000e+02;2.2132730e-01;2.6750000e+02;1.9287729e-01;2.6750000e+02;1.4665811e-01;2.6750000e+02;9.4674103e-02;2.6750000e+02;4.8890680e-02;2.6750000e+02;7.0468709e-03;2.6750000e+02;-4.1711852e-02;2.6750000e+02;-8.1189260e-02;2.6750000e+02;-1.2618534e-01;2.6750000e+02;-6.8914019e-02;2.6750000e+02;-5.3413227e-02;2.6750000e+02;-1.1700049e-02;2.6750000e+02;6.3884959e-02;2.6750000e+02;1.6120335e-01;2.6750000e+02;2.3945969e-01;2.6750000e+02;2.6129231e-01;2.6750000e+02;2.2798690e-01;2.6750000e+02;1.7867021e-01;2.6750000e+02;2.2132730e-01;2.6750000e+02;1.9287729e-01;2.6750000e+02;1.4665811e-01;2.6750000e+02;9.4674103e-02;2.6750000e+02;4.8890680e-02;2.6750000e+02;7.0468709e-03;2.6750000e+02;-4.1711852e-02;2.6750000e+02;-8.1189260e-02;2.6750000e+02;-1.2618534e-01;2.6750000e+02;-6.8914019e-02;2.6750000e+02;-5.3413227e-02;2.6750000e+02;-1.1700049e-02;2.6750000e+02;6.3884959e-02;2.6750000e+02;1.6120335e-01;2.6750000e+02;2.3945969e-01;2.6750000e+02;2.6129231e-01;2.6750000e+02;2.2798690e-01;2.6750000e+02;1.7867021e-01;2.6750000e+02;2.2132730e-01;2.6750000e+02;1.9287729e-01;2.6750000e+02;1.4665811e-01;2.6750000e+02;9.4674103e-02;2.6750000e+02;4.8890680e-02;2.6750000e+02;7.0468709e-03;2.6750000e+02;-4.1711852e-02;2.6750000e+02;-8.1189260e-02;2.6750000e+02;-1.2618534e-01;2.6750000e+02;-6.8914019e-02;2.6750000e+02;-5.3413227e-02;2.6750000e+02;-1.1700049e-02;2.6750000e+02;6.3884959e-02;2.6750000e+02;1.6120335e-01;2.6750000e+02;2.3945969e-01;2.6750000e+02;2.6129231e-01;2.6750000e+02;2.2798690e-01;2.6750000e+02;1.7867021e-01;2.6750000e+02;2.2132730e-01;2.6750000e+02;1.9287729e-01;2.6750000e+02;1.4665811e-01;2.6750000e+02;9.4674103e-02;2.6750000e+02;4.8890680e-02;2.6750000e+02;7.0468709e-03;2.6750000e+02;-4.1711852e-02;2.6750000e+02;-8.1189260e-02;2.6750000e+02;-1.2618534e-01;2.6750000e+02;-6.8914019e-02;2.6750000e+02;-5.3413227e-02;2.6750000e+02;-1.1700049e-02;2.6750000e+02;6.3884959e-02;2.6750000e+02;1.6120335e-01;2.6750000e+02;2.3945969e-01;2.6750000e+02;2.6129231e-01;2.6750000e+02;2.2798690e-01;2.6750000e+02;1.7867021e-01;2.6750000e+02;2.2132730e-01;2.6750000e+02;1.9287729e-01;2.6750000e+02;1.4665811e-01;2.6750000e+02;9.4674103e-02;2.6750000e+02;4.8890680e-02;2.6750000e+02;7.0468709e-03;2.6750000e+02;-4.1711852e-02;2.6750000e+02;-8.1189260e-02;2.6750000e+02;-1.2618534e-01;2.6750000e+02;-6.8914019e-02;2.6750000e+02;-5.3413227e-02;2.6750000e+02;-1.1700049e-02;2.6750000e+02;6.3884959e-02;2.6750000e+02;1.6120335e-01;2.6750000e+02;2.3945969e-01;2.6750000e+02;2.6129231e-01;2.6750000e+02;2.2798690e-01;2.6750000e+02;1.7867021e-01;2.6750000e+02;2.2132730e-01;2.6750000e+02;1.9287729e-01;2.6750000e+02;1.4665811e-01;2.6750000e+02;9.4674103e-02;2.6750000e+02;4.8890680e-02;2.6750000e+02;7.0468709e-03;2.6750000e+02;-4.1711852e-02;2.6750000e+02;-8.1189260e-02;2.6750000e+02;-1.2618534e-01;2.6750000e+02;-6.8914019e-02;2.6750000e+02;-5.3413227e-02;2.6750000e+02;-1.1700049e-02;2.6750000e+02;6.3884959e-02;2.6750000e+02;1.6120335e-01;2.6750000e+02;2.3945969e-01;2.6750000e+02;2.6129231e-01;2.6750000e+02;2.2798690e-01;2.6750000e+02;1.7867021e-01;2.6750000e+02;2.2132730e-01;2.6750000e+02;1.9287729e-01;2.6750000e+02;1.4665811e-01;2.6750000e+02;9.4674103e-02;2.6750000e+02;4.8890680e-02;2.6750000e+02;7.0468709e-03;2.6750000e+02;-4.1711852e-02;2.6750000e+02;-8.1189260e-02;2.6750000e+02;-1.2618534e-01;2.6750000e+02;-6.8914019e-02;2.6750000e+02;-5.3413227e-02;2.6750000e+02;-1.1700049e-02;2.6750000e+02;6.3884959e-02;2.6750000e+02;1.6120335e-01;2.6750000e+02;2.3945969e-01;2.6750000e+02;2.6129231e-01;2.6750000e+02;2.2798690e-01;2.6750000e+02;1.7867021e-01;2.6750000e+02;2.2132730e-01;2.6750000e+02;1.9287729e-01;2.6750000e+02;1.4665811e-01;2.6750000e+02;9.4674103e-02;2.6750000e+02;4.8890680e-02;2.6750000e+02;7.0468709e-03;2.6750000e+02;-4.1711852e-02;2.6750000e+02;-8.1189260e-02;2.6750000e+02;-1.2618534e-01;2.6750000e+02;-6.8914019e-02;2.6750000e+02;-5.3413227e-02;2.6750000e+02;-1.1700049e-02;2.6750000e+02;6.3884959e-02;2.6750000e+02;1.6120335e-01;2.6750000e+02;2.3945969e-01;2.6750000e+02;2.6129231e-01;2.6750000e+02;2.2798690e-01;2.6750000e+02;1.7867021e-01;2.6750000e+02;2.2132730e-01;2.6750000e+02;1.9287729e-01;2.6750000e+02;1.4665811e-01;2.6750000e+02;9.4674103e-02;2.6750000e+02;4.8890680e-02;2.6750000e+02;7.0468709e-03;2.6750000e+02;-4.1711852e-02;2.6750000e+02;-8.1189260e-02;2.6750000e+02;-1.2618534e-01;2.6750000e+02;-6.8914019e-02;2.6750000e+02;-5.3413227e-02;2.6750000e+02;-1.1700049e-02;2.6750000e+02;6.3884959e-02;2.6750000e+02;1.6120335e-01;2.6750000e+02;2.3945969e-01;2.6750000e+02;2.6129231e-01;2.6750000e+02;2.2798690e-01;2.6750000e+02;1.7867021e-01;2.6750000e+02;2.2132730e-01;2.6750000e+02;1.9287729e-01;2.6750000e+02;1.4665811e-01;2.6750000e+02;9.4674103e-02;2.6750000e+02;4.8890680e-02;2.6750000e+02;7.0468709e-03;2.6750000e+02;-4.1711852e-02;2.6750000e+02;-8.1189260e-02;2.6750000e+02;-1.2618534e-01;2.6750000e+02;-6.8914019e-02;2.6750000e+02;-5.3413227e-02;2.6750000e+02;-1.1700049e-02;2.6750000e+02;6.3884959e-02;2.6750000e+02;1.6120335e-01;2.6750000e+02;2.3945969e-01;2.6750000e+02;2.6129231e-01;2.6750000e+02;2.2798690e-01;2.6750000e+02;1.7867021e-01;2.6750000e+02;2.2132730e-01;2.6750000e+02;1.9287729e-01;2.6750000e+02;1.4665811e-01;2.6750000e+02;9.4674103e-02;2.6750000e+02;4.8890680e-02;2.6750000e+02;7.0468709e-03;2.6750000e+02;-4.1711852e-02;2.6750000e+02;-8.1189260e-02;2.6750000e+02;-1.2618534e-01;2.6750000e+02;-6.8914019e-02;2.6750000e+02;-5.3413227e-02;2.6750000e+02;-1.1700049e-02;2.6750000e+02;6.3884959e-02;2.6750000e+02;1.6120335e-01;2.6750000e+02;2.3945969e-01;2.6750000e+02;2.6129231e-01;2.6750000e+02;2.2798690e-01;2.6750000e+02;1.7867021e-01;2.6750000e+02;2.2132730e-01;2.6750000e+02;1.9287729e-01;2.6750000e+02;1.4665811e-01;2.6750000e+02;9.4674103e-02;2.6750000e+02;4.8890680e-02;2.6750000e+02;7.0468709e-03;2.6750000e+02;-4.1711852e-02;2.6750000e+02;-8.1189260e-02;2.6750000e+02;-1.2618534e-01;2.6750000e+02;-6.8914019e-02;2.6750000e+02;-5.3413227e-02;2.6750000e+02;-1.1700049e-02;2.6750000e+02;6.3884959e-02;2.6750000e+02;1.6120335e-01;2.6750000e+02;2.3945969e-01;2.6750000e+02;2.6129231e-01;2.6750000e+02;2.2798690e-01;2.6750000e+02;1.7867021e-01;2.6750000e+02;2.2132730e-01;2.6750000e+02;1.9287729e-01;2.6750000e+02;1.4665811e-01;2.6750000e+02;9.4674103e-02;2.6750000e+02;4.8890680e-02;2.6750000e+02;7.0468709e-03;2.6750000e+02;-4.1711852e-02;2.6750000e+02;-8.1189260e-02;2.6750000e+02;-1.2618534e-01;2.6750000e+02;-6.8914019e-02;2.6750000e+02;-5.3413227e-02;2.6750000e+02;-1.1700049e-02;2.6750000e+02;6.3884959e-02;2.6750000e+02;1.6120335e-01;2.6750000e+02;2.3945969e-01;2.6750000e+02;2.6129231e-01;2.6750000e+02;2.2798690e-01;2.6750000e+02;1.7867021e-01;2.6750000e+02;2.2132730e-01;2.6750000e+02;1.9287729e-01;2.6750000e+02;1.4665811e-01;2.6750000e+02;9.4674103e-02;2.6750000e+02;4.8890680e-02;2.6750000e+02;7.0468709e-03;2.6750000e+02;-4.1711852e-02;2.6750000e+02;-8.1189260e-02;2.6750000e+02;-1.2618534e-01;2.6750000e+02;-6.8914019e-02;2.6750000e+02;-5.3413227e-02;2.6750000e+02;-1.1700049e-02;2.6750000e+02;6.3884959e-02;2.6750000e+02;1.6120335e-01;2.6750000e+02;2.3945969e-01;2.6750000e+02;2.6129231e-01;2.6750000e+02;2.2798690e-01;2.6750000e+02;1.7867021e-01;2.6750000e+02;2.2132730e-01;2.6750000e+02;1.9287729e-01;2.6750000e+02;1.4665811e-01;2.6750000e+02;9.4674103e-02;2.6750000e+02;4.8890680e-02;2.6750000e+02;7.0468709e-03;2.6750000e+02;-4.1711852e-02;2.6750000e+02;-8.1189260e-02;2.6750000e+02;-1.2618534e-01;2.6750000e+02;-6.8914019e-02;2.6750000e+02;-5.3413227e-02;2.6750000e+02;-1.1700049e-02;2.6750000e+02;6.3884959e-02;2.6750000e+02;1.6120335e-01;2.6750000e+02;2.3945969e-01;2.6750000e+02;2.6129231e-01;2.6750000e+02;2.2798690e-01;2.6750000e+02;1.7867021e-01;2.6750000e+02;2.2132730e-01;2.6750000e+02;1.9287729e-01;2.6750000e+02;1.4665811e-01;2.6750000e+02;9.4674103e-02;2.6750000e+02;4.8890680e-02;2.6750000e+02;7.0468709e-03;2.6750000e+02;-4.1711852e-02;2.6750000e+02;-8.1189260e-02;2.6750000e+02;-1.2618534e-01;2.6750000e+02;-6.8914019e-02;2.6750000e+02;-5.3413227e-02;2.6750000e+02;-1.1700049e-02;2.6750000e+02;6.3884959e-02;2.6750000e+02;1.6120335e-01;2.6750000e+02;2.3945969e-01;2.6750000e+02;2.6129231e-01;2.6750000e+02;2.2798690e-01;2.6750000e+02;1.7867021e-01;2.6750000e+02;2.2132730e-01;2.6750000e+02;1.9287729e-01;2.6750000e+02;1.4665811e-01;2.6750000e+02;9.4674103e-02;2.6750000e+02;4.8890680e-02;2.6750000e+02;7.0468709e-03;2.6750000e+02;-4.1711852e-02;2.6750000e+02;-8.1189260e-02;2.6750000e+02;-1.2618534e-01;2.6750000e+02;-6.8914019e-02;2.6750000e+02;-5.3413227e-02;2.6750000e+02;-1.1700049e-02;2.6750000e+02;6.3884959e-02;2.6750000e+02;1.6120335e-01;2.6750000e+02;2.3945969e-01;2.6750000e+02;2.6129231e-01;2.6750000e+02;2.2798690e-01;2.6750000e+02;1.7867021e-01;2.6750000e+02;2.2132730e-01;2.6750000e+02;1.9287729e-01;2.6750000e+02;1.4665811e-01;2.6750000e+02;9.4674103e-02;2.6750000e+02;4.8890680e-02;2.6750000e+02;7.0468709e-03;2.6750000e+02;-4.1711852e-02;2.6750000e+02;-8.1189260e-02;2.6750000e+02;-1.2618534e-01;2.6750000e+02;-6.8914019e-02;2.6750000e+02;-5.3413227e-02;2.6750000e+02;-1.1700049e-02;2.6750000e+02;6.3884959e-02;2.6750000e+02;1.6120335e-01;2.6750000e+02;2.3945969e-01;2.6750000e+02;2.6129231e-01;2.6750000e+02;2.2798690e-01;2.6750000e+02;1.7867021e-01;2.6750000e+02;2.2132730e-01;2.6750000e+02;1.9287729e-01;2.6750000e+02;1.4665811e-01;2.6750000e+02;9.4674103e-02;2.6750000e+02;4.8890680e-02;2.6750000e+02;7.0468709e-03;2.6750000e+02;-4.1711852e-02;2.6750000e+02;-8.1189260e-02;2.6750000e+02;-1.2618534e-01;2.6750000e+02;-6.8914019e-02;2.6750000e+02;-5.3413227e-02;2.6750000e+02;-1.1700049e-02;2.6750000e+02;6.3884959e-02;2.6750000e+02;1.6120335e-01;2.6750000e+02;2.3945969e-01;2.6750000e+02;2.6129231e-01;2.6750000e+02;2.2798690e-01;2.6750000e+02;1.7867021e-01;2.6750000e+02;2.2132730e-01;2.6750000e+02;1.9287729e-01;2.6750000e+02;1.4665811e-01;2.6750000e+02;9.4674103e-02;2.6750000e+02;4.8890680e-02;2.6750000e+02;7.0468709e-03;2.6750000e+02;-4.1711852e-02;2.6750000e+02;-8.1189260e-02;2.6750000e+02;-1.2618534e-01;2.6750000e+02;-6.8914019e-02;2.6750000e+02;-5.3413227e-02;2.6750000e+02;-1.1700049e-02;2.6750000e+02;6.3884959e-02;2.6750000e+02;1.6120335e-01;2.6750000e+02;2.3945969e-01;2.6750000e+02;2.6129231e-01;2.6750000e+02;2.2798690e-01;2.6750000e+02;1.7867021e-01;2.6750000e+02;2.2132730e-01;2.6750000e+02;1.9287729e-01;2.6750000e+02;1.4665811e-01;2.6750000e+02;9.4674103e-02;2.6750000e+02;4.8890680e-02;2.6750000e+02;7.0468709e-03;2.6750000e+02;-4.1711852e-02;2.6750000e+02;-8.1189260e-02;2.6750000e+02;-1.2618534e-01;2.6750000e+02;-6.8914019e-02;2.6750000e+02;-5.3413227e-02;2.6750000e+02;-1.1700049e-02;2.6750000e+02;6.3884959e-02;2.6750000e+02;1.6120335e-01;2.6750000e+02;2.3945969e-01;2.6750000e+02;2.6129231e-01;2.6750000e+02;2.2798690e-01;2.6750000e+02;1.7867021e-01;2.6750000e+02;2.2132730e-01;2.6750000e+02;1.9287729e-01;2.6750000e+02;1.4665811e-01;2.6750000e+02;9.4674103e-02;2.6750000e+02;4.8890680e-02;2.6750000e+02;7.0468709e-03;2.6750000e+02;-4.1711852e-02;2.6750000e+02;-8.1189260e-02;2.6750000e+02;-1.2618534e-01;2.6750000e+02;-6.8914019e-02;2.6750000e+02;-5.3413227e-02;2.6750000e+02;-1.1700049e-02;2.6750000e+02;6.3884959e-02;2.6750000e+02;1.6120335e-01;2.6750000e+02;2.3945969e-01;2.6750000e+02;2.6129231e-01;2.6750000e+02;2.2798690e-01;2.6750000e+02;1.7867021e-01;2.6750000e+02;2.2132730e-01;2.6750000e+02;1.9287729e-01;2.6750000e+02;1.4665811e-01;2.6750000e+02;9.4674103e-02;2.6750000e+02;4.8890680e-02;2.6750000e+02;7.0468709e-03;2.6750000e+02;-4.1711852e-02;2.6750000e+02;-8.1189260e-02;2.6750000e+02;-1.2618534e-01;2.6750000e+02;-6.8914019e-02;2.6750000e+02;-5.3413227e-02;2.6750000e+02;-1.1700049e-02;2.6750000e+02;6.3884959e-02;2.6750000e+02;1.6120335e-01;2.6750000e+02;2.3945969e-01;2.6750000e+02;2.6129231e-01;2.6750000e+02;2.2798690e-01;2.6750000e+02;1.7867021e-01;2.6750000e+02;2.2132730e-01;2.6750000e+02;1.9287729e-01;2.6750000e+02;1.4665811e-01;2.6750000e+02;9.4674103e-02;2.6750000e+02;4.8890680e-02;2.6750000e+02;7.0468709e-03;2.6750000e+02;-4.1711852e-02;2.6750000e+02;-8.1189260e-02;2.6750000e+02;-1.2618534e-01;2.6750000e+02;-6.8914019e-02;2.6750000e+02;-5.3413227e-02;2.6750000e+02;-1.1700049e-02;2.6750000e+02;6.3884959e-02;2.6750000e+02;1.6120335e-01;2.6750000e+02;2.3945969e-01;2.6750000e+02;2.6129231e-01;2.6750000e+02;2.2798690e-01;2.6750000e+02;1.7867021e-01;2.6750000e+02;2.2132730e-01;2.6750000e+02;1.9287729e-01;2.6750000e+02;1.4665811e-01;2.6750000e+02;9.4674103e-02;2.6750000e+02;4.8890680e-02;2.6750000e+02;7.0468709e-03;2.6750000e+02;-4.1711852e-02;2.6750000e+02;-8.1189260e-02;2.6750000e+02;-1.2618534e-01;2.6750000e+02;-6.8914019e-02;2.6750000e+02;-5.3413227e-02;2.6750000e+02;-1.1700049e-02;2.6750000e+02;6.3884959e-02;2.6750000e+02;1.6120335e-01;2.6750000e+02;2.3945969e-01;2.6750000e+02;2.6129231e-01;2.6750000e+02;2.2798690e-01;2.6750000e+02;1.7867021e-01;2.6750000e+02;2.2132730e-01;2.6750000e+02;1.9287729e-01;2.6750000e+02;1.4665811e-01;2.6750000e+02;9.4674103e-02;2.6750000e+02;4.8890680e-02;2.6750000e+02;7.0468709e-03;2.6750000e+02;-4.1711852e-02;2.6750000e+02;-8.1189260e-02;2.6750000e+02;-1.2618534e-01;2.6750000e+02;-6.8914019e-02;2.6750000e+02;-5.3413227e-02;2.6750000e+02;-1.1700049e-02;2.6750000e+02;6.3884959e-02;2.6750000e+02;1.6120335e-01;2.6750000e+02;2.3945969e-01;2.6750000e+02;2.6129231e-01;2.6750000e+02;2.2798690e-01;2.6750000e+02;1.7867021e-01;2.6750000e+02;2.2132730e-01;2.6750000e+02;1.9287729e-01;2.6750000e+02;1.4665811e-01;2.6750000e+02;9.4674103e-02;2.6750000e+02;4.8890680e-02;2.6750000e+02;7.0468709e-03;2.6750000e+02;-4.1711852e-02;2.6750000e+02;-8.1189260e-02;2.6750000e+02;-1.2618534e-01;2.6750000e+02;-6.8914019e-02;2.6750000e+02;-5.3413227e-02;2.6750000e+02;-1.1700049e-02;2.6750000e+02;6.3884959e-02;2.6750000e+02;1.6120335e-01;2.6750000e+02;2.3945969e-01;2.6750000e+02;2.6129231e-01;2.6750000e+02;2.2798690e-01;2.6750000e+02;1.7867021e-01;2.6750000e+02;2.2132730e-01;2.6750000e+02;1.9287729e-01;2.6750000e+02;1.4665811e-01;2.6750000e+02;9.4674103e-02;2.6750000e+02;4.8890680e-02;2.6750000e+02;7.0468709e-03;2.6750000e+02;-4.1711852e-02;2.6750000e+02;-8.1189260e-02;2.6750000e+02;-1.2618534e-01;2.6750000e+02;-6.8914019e-02;2.6750000e+02;-5.3413227e-02;2.6750000e+02;-1.1700049e-02;2.6750000e+02;6.3884959e-02;2.6750000e+02;1.6120335e-01;2.6750000e+02;2.3945969e-01;2.6750000e+02;2.6129231e-01;2.6750000e+02;2.2798690e-01;2.6750000e+02;1.7867021e-01;2.6750000e+02;2.2132730e-01;2.6750000e+02;1.9287729e-01;2.6750000e+02;1.4665811e-01;2.6750000e+02;9.4674103e-02;2.6750000e+02;4.8890680e-02;2.6750000e+02;7.0468709e-03;2.6750000e+02;-4.1711852e-02;2.6750000e+02;-8.1189260e-02;2.6750000e+02;-1.2618534e-01;2.6750000e+02;-6.8914019e-02;2.6750000e+02;-5.3413227e-02;2.6750000e+02;-1.1700049e-02;2.6750000e+02;6.3884959e-02;2.6750000e+02;1.6120335e-01;2.6750000e+02;2.3945969e-01;2.6750000e+02;2.6129231e-01;2.6750000e+02;2.2798690e-01;2.6750000e+02;1.7867021e-01;2.6750000e+02;2.2132730e-01;2.6750000e+02;1.9287729e-01;2.6750000e+02;1.4665811e-01;2.6750000e+02;9.4674103e-02;2.6750000e+02;4.8890680e-02;2.6750000e+02;7.0468709e-03;2.6750000e+02;-4.1711852e-02;2.6750000e+02;-8.1189260e-02;2.6750000e+02;-1.2618534e-01;2.6750000e+02;-6.8914019e-02;2.6750000e+02;-5.3413227e-02;2.6750000e+02;-1.1700049e-02;2.6750000e+02;6.3884959e-02;2.6750000e+02;1.6120335e-01;2.6750000e+02;2.3945969e-01;2.6750000e+02;2.6129231e-01;2.6750000e+02;2.2798690e-01;2.6750000e+02;1.7867021e-01;2.6750000e+02;2.2132730e-01;2.6750000e+02;1.9287729e-01;2.6750000e+02;1.4665811e-01;2.6750000e+02;9.4674103e-02;2.6750000e+02;4.8890680e-02;2.6750000e+02;7.0468709e-03;2.6750000e+02;-4.1711852e-02;2.6750000e+02;-8.1189260e-02;2.6750000e+02;-1.2618534e-01;2.6750000e+02;-6.8914019e-02;2.6750000e+02;-5.3413227e-02;2.6750000e+02;-1.1700049e-02;2.6750000e+02;6.3884959e-02;2.6750000e+02;1.6120335e-01;2.6750000e+02;2.3945969e-01;2.6750000e+02;2.6129231e-01;2.6750000e+02;2.2798690e-01;2.6750000e+02;1.7867021e-01;2.6750000e+02;2.2132730e-01;2.6750000e+02;1.9287729e-01;2.6750000e+02;1.4665811e-01;2.6750000e+02;9.4674103e-02;2.6750000e+02;4.8890680e-02;2.6750000e+02;7.0468709e-03;2.6750000e+02;-4.1711852e-02;2.6750000e+02;-8.1189260e-02;2.6750000e+02;-1.2618534e-01;2.6750000e+02;-6.8914019e-02;2.6750000e+02;-5.3413227e-02;2.6750000e+02;-1.1700049e-02;2.6750000e+02;6.3884959e-02;2.6750000e+02;1.6120335e-01;2.6750000e+02;2.3945969e-01;2.6750000e+02;2.6129231e-01;2.6750000e+02;2.2798690e-01;2.6750000e+02;1.7867021e-01;2.6750000e+02;2.2132730e-01;2.6750000e+02;1.9287729e-01;2.6750000e+02;1.4665811e-01;2.6750000e+02;9.4674103e-02;2.6750000e+02;4.8890680e-02;2.6750000e+02;7.0468709e-03;2.6750000e+02;-4.1711852e-02;2.6750000e+02;-8.1189260e-02;2.6750000e+02;-1.2618534e-01;2.6750000e+02;-6.8914019e-02;2.6750000e+02;-5.3413227e-02;2.6750000e+02;-1.1700049e-02;2.6750000e+02;6.3884959e-02;2.6750000e+02;1.6120335e-01;2.6750000e+02;2.3945969e-01;2.6750000e+02;2.6129231e-01;2.6750000e+02;2.2798690e-01;2.6750000e+02;1.7867021e-01;2.6750000e+02;2.2132730e-01;2.6750000e+02;1.9287729e-01;2.6750000e+02;1.4665811e-01;2.6750000e+02;9.4674103e-02;2.6750000e+02;4.8890680e-02;2.6750000e+02;7.0468709e-03;2.6750000e+02;-4.1711852e-02;2.6750000e+02;-8.1189260e-02;2.6750000e+02;-1.2618534e-01;2.6750000e+02;-6.8914019e-02;2.6750000e+02;-5.3413227e-02;2.6750000e+02;-1.1700049e-02;2.6750000e+02;6.3884959e-02;2.6750000e+02;1.6120335e-01;2.6750000e+02;2.3945969e-01;2.6750000e+02;2.6129231e-01;2.6750000e+02;2.2798690e-01;2.6750000e+02;1.7867021e-01;2.6750000e+02;2.2132730e-01;2.6750000e+02;1.9287729e-01;2.6750000e+02;1.4665811e-01;2.6750000e+02;9.4674103e-02;2.6750000e+02;4.8890680e-02;2.6750000e+02;7.0468709e-03;2.6750000e+02;-4.1711852e-02;2.6750000e+02;-8.1189260e-02;2.6750000e+02;-1.2618534e-01;2.6750000e+02;-6.8914019e-02;2.6750000e+02;-5.3413227e-02;2.6750000e+02;-1.1700049e-02;2.6750000e+02;6.3884959e-02;2.6750000e+02;1.6120335e-01;2.6750000e+02;2.3945969e-01;2.6750000e+02;2.6129231e-01;2.6750000e+02;2.2798690e-01;2.6750000e+02;1.7867021e-01;2.6750000e+02;2.2132730e-01;2.6750000e+02;1.9287729e-01;2.6750000e+02;1.4665811e-01;2.6750000e+02;9.4674103e-02;2.6750000e+02;4.8890680e-02;2.6750000e+02;7.0468709e-03;2.6750000e+02;-4.1711852e-02;2.6750000e+02;-8.1189260e-02;2.6750000e+02;-1.2618534e-01;2.6750000e+02;-6.8914019e-02;2.6750000e+02;-5.3413227e-02;2.6750000e+02;-1.1700049e-02;2.6750000e+02;6.3884959e-02;2.6750000e+02;1.6120335e-01;2.6750000e+02;2.3945969e-01;2.6750000e+02;2.6129231e-01;2.6750000e+02;2.2798690e-01;2.6750000e+02;1.7867021e-01;2.6750000e+02;2.2132730e-01;2.6750000e+02;1.9287729e-01;2.6750000e+02;1.4665811e-01;2.6750000e+02;9.4674103e-02;2.6750000e+02;4.8890680e-02;2.6750000e+02;7.0468709e-03;2.6750000e+02;-4.1711852e-02;2.6750000e+02;-8.1189260e-02;2.6750000e+02;-1.2618534e-01;2.6750000e+02;-6.8914019e-02;2.6750000e+02;-5.3413227e-02;2.6750000e+02;-1.1700049e-02;2.6750000e+02;6.3884959e-02;2.6750000e+02;1.6120335e-01;2.6750000e+02;2.3945969e-01;2.6750000e+02;2.6129231e-01;2.6750000e+02;2.2798690e-01;2.6750000e+02;1.7867021e-01;2.6750000e+02;2.2132730e-01;2.6750000e+02;1.9287729e-01;2.6750000e+02;1.4665811e-01;2.6750000e+02;9.4674103e-02;2.6750000e+02;4.8890680e-02;2.6750000e+02;7.0468709e-03;2.6750000e+02;-4.1711852e-02;2.6750000e+02;-8.1189260e-02;2.6750000e+02;-1.2618534e-01;2.6750000e+02;-6.8914019e-02;2.6750000e+02;-5.3413227e-02;2.6750000e+02;-1.1700049e-02;2.6750000e+02;6.3884959e-02;2.6750000e+02;1.6120335e-01;2.6750000e+02;2.3945969e-01;2.6750000e+02;2.6129231e-01;2.6750000e+02;2.2798690e-01;2.6750000e+02;1.7867021e-01;2.6750000e+02;2.2132730e-01;2.6750000e+02;1.9287729e-01;2.6750000e+02;1.4665811e-01;2.6750000e+02;9.4674103e-02;2.6750000e+02;4.8890680e-02;2.6750000e+02;7.0468709e-03;2.6750000e+02;-4.1711852e-02;2.6750000e+02;-8.1189260e-02;2.6750000e+02;-1.2618534e-01;2.6750000e+02;-6.8914019e-02;2.6750000e+02;-5.3413227e-02;2.6750000e+02;-1.1700049e-02;2.6750000e+02;6.3884959e-02;2.6750000e+02;1.6120335e-01;2.6750000e+02;2.3945969e-01;2.6750000e+02;2.6129231e-01;2.6750000e+02;2.2798690e-01;2.6750000e+02;1.7867021e-01;2.6750000e+02;2.2132730e-01;2.6750000e+02;1.9287729e-01;2.6750000e+02;1.4665811e-01;2.6750000e+02;9.4674103e-02;2.6750000e+02;4.8890680e-02;2.6750000e+02;7.0468709e-03;2.6750000e+02;-4.1711852e-02;2.6750000e+02;-8.1189260e-02;2.6750000e+02;-1.2618534e-01;2.6750000e+02;-6.8914019e-02;2.6750000e+02;-5.3413227e-02;2.6750000e+02;-1.1700049e-02;2.6750000e+02;6.3884959e-02;2.6750000e+02;1.6120335e-01;2.6750000e+02;2.3945969e-01;2.6750000e+02;2.6129231e-01;2.6750000e+02;2.2798690e-01;2.6750000e+02;1.7867021e-01;2.6750000e+02;2.2132730e-01;2.6750000e+02;1.9287729e-01;2.6750000e+02;1.4665811e-01;2.6750000e+02;9.4674103e-02;2.6750000e+02;4.8890680e-02;2.6750000e+02;7.0468709e-03;2.6750000e+02;-4.1711852e-02;2.6750000e+02;-8.1189260e-02;2.6750000e+02;-1.2618534e-01;2.6750000e+02;-6.8914019e-02;2.6750000e+02;-5.3413227e-02;2.6750000e+02;-1.1700049e-02;2.6750000e+02;6.3884959e-02;2.6750000e+02;1.6120335e-01;2.6750000e+02;2.3945969e-01;2.6750000e+02;2.6129231e-01;2.6750000e+02;2.2798690e-01;2.6750000e+02;1.7867021e-01;2.6750000e+02;2.2132730e-01;2.6750000e+02;1.9287729e-01;2.6750000e+02;1.4665811e-01;2.6750000e+02;9.4674103e-02;2.6750000e+02;4.8890680e-02;2.6750000e+02;7.0468709e-03;2.6750000e+02;-4.1711852e-02;2.6750000e+02;-8.1189260e-02;2.6750000e+02;-1.2618534e-01;2.6750000e+02;-6.8914019e-02;2.6750000e+02;-5.3413227e-02;2.6750000e+02;-1.1700049e-02;2.6750000e+02;6.3884959e-02;2.6750000e+02;1.6120335e-01;2.6750000e+02;2.3945969e-01;2.6750000e+02;2.6129231e-01;2.6750000e+02;2.2798690e-01;2.6750000e+02;1.7867021e-01;2.6750000e+02;2.2132730e-01;2.6750000e+02;1.9287729e-01;2.6750000e+02;1.4665811e-01;2.6750000e+02;9.4674103e-02;2.6750000e+02;4.8890680e-02;2.6750000e+02;7.0468709e-03;2.6750000e+02;-4.1711852e-02;2.6750000e+02;-8.1189260e-02;2.6750000e+02;-1.2618534e-01;2.6750000e+02;-6.8914019e-02;2.6750000e+02;-5.3413227e-02;2.6750000e+02;-1.1700049e-02;2.6750000e+02;6.3884959e-02;2.6750000e+02;1.6120335e-01;2.6750000e+02;2.3945969e-01;2.6750000e+02;2.6129231e-01;2.6750000e+02;2.2798690e-01;2.6750000e+02;1.7867021e-01;2.6750000e+02;2.2132730e-01;2.6750000e+02;1.9287729e-01;2.6750000e+02;1.4665811e-01;2.6750000e+02;9.4674103e-02;2.6750000e+02;4.8890680e-02;2.6750000e+02;7.0468709e-03;2.6750000e+02;-4.1711852e-02;2.6750000e+02;-8.1189260e-02;2.6750000e+02;-1.2618534e-01;2.6750000e+02;-6.8914019e-02;2.6750000e+02;-5.3413227e-02;2.6750000e+02;-1.1700049e-02;2.6750000e+02;6.3884959e-02;2.6750000e+02;1.6120335e-01;2.6750000e+02;2.3945969e-01;2.6750000e+02;2.6129231e-01;2.6750000e+02;2.2798690e-01;2.6750000e+02;1.7867021e-01;2.6750000e+02;2.2132730e-01;2.6750000e+02;1.9287729e-01;2.6750000e+02;1.4665811e-01;2.6750000e+02;9.4674103e-02;2.6750000e+02;4.8890680e-02;2.6750000e+02;7.0468709e-03;2.6750000e+02;-4.1711852e-02;2.6750000e+02;-8.1189260e-02;2.6750000e+02;-1.2618534e-01;2.6750000e+02;-6.8914019e-02;2.6750000e+02;-5.3413227e-02;2.6750000e+02;-1.1700049e-02;2.6750000e+02;6.3884959e-02;2.6750000e+02;1.6120335e-01;2.6750000e+02;2.3945969e-01;2.6750000e+02;2.6129231e-01;2.6750000e+02;2.2798690e-01;2.6750000e+02;1.7867021e-01;2.6750000e+02;2.2132730e-01;2.6750000e+02;1.9287729e-01;2.6750000e+02;1.4665811e-01;2.6750000e+02;9.4674103e-02;2.6750000e+02;4.8890680e-02;2.6750000e+02;7.0468709e-03;2.6750000e+02;-4.1711852e-02;2.6750000e+02;-8.1189260e-02;2.6750000e+02;-1.2618534e-01;2.6750000e+02;-6.8914019e-02;2.6750000e+02;-5.3413227e-02;2.6750000e+02;-1.1700049e-02;2.6750000e+02;6.3884959e-02;2.6750000e+02;1.6120335e-01;2.6750000e+02;2.3945969e-01;2.6750000e+02;2.6129231e-01;2.6750000e+02;2.2798690e-01;2.6750000e+02;1.7867021e-01;2.6750000e+02;2.2132730e-01;2.6750000e+02;1.9287729e-01;2.6750000e+02;1.4665811e-01;2.6750000e+02;9.4674103e-02;2.6750000e+02;4.8890680e-02;2.6750000e+02;7.0468709e-03;2.6750000e+02;-4.1711852e-02;2.6750000e+02;-8.1189260e-02;2.6750000e+02;-1.2618534e-01;2.6750000e+02;-6.8914019e-02;2.6750000e+02;-5.3413227e-02;2.6750000e+02;-1.1700049e-02;2.6750000e+02;6.3884959e-02;2.6750000e+02;1.6120335e-01;2.6750000e+02;2.3945969e-01;2.6750000e+02;2.6129231e-01;2.6750000e+02;2.2798690e-01;2.6750000e+02;1.7867021e-01;2.6750000e+02;2.2132730e-01;2.6750000e+02;1.9287729e-01;2.6750000e+02;1.4665811e-01;2.6750000e+02;9.4674103e-02;2.6750000e+02;4.8890680e-02;2.6750000e+02;7.0468709e-03;2.6750000e+02;-4.1711852e-02;2.6750000e+02;-8.1189260e-02;2.6750000e+02;-1.2618534e-01;2.6750000e+02;-6.8914019e-02;2.6750000e+02;-5.3413227e-02;2.6750000e+02;-1.1700049e-02;2.6750000e+02;6.3884959e-02;2.6750000e+02;1.6120335e-01;2.6750000e+02;2.3945969e-01;2.6750000e+02;2.6129231e-01;2.6750000e+02;2.2798690e-01;2.6750000e+02;1.7867021e-01;2.6750000e+02;2.2132730e-01;2.6750000e+02;1.9287729e-01;2.6750000e+02;1.4665811e-01;2.6750000e+02;9.4674103e-02;2.6750000e+02;4.8890680e-02;2.6750000e+02;7.0468709e-03;2.6750000e+02;-4.1711852e-02;2.6750000e+02;-8.1189260e-02;2.6750000e+02;-1.2618534e-01;2.6750000e+02;-6.8914019e-02;2.6750000e+02;-5.3413227e-02;2.6750000e+02;-1.1700049e-02;2.6750000e+02;6.3884959e-02;2.6750000e+02;1.6120335e-01;2.6750000e+02;2.3945969e-01;2.6750000e+02;2.6129231e-01;2.6750000e+02;2.2798690e-01;2.6750000e+02;1.7867021e-01;2.6750000e+02;2.2132730e-01;2.6750000e+02;1.9287729e-01;2.6750000e+02;1.4665811e-01;2.6750000e+02;9.4674103e-02;2.6750000e+02;4.8890680e-02;2.6750000e+02;7.0468709e-03;2.6750000e+02;-4.1711852e-02;2.6750000e+02;-8.1189260e-02;2.6750000e+02;-1.2618534e-01;2.6750000e+02;-6.8914019e-02;2.6750000e+02;-5.3413227e-02;2.6750000e+02;-1.1700049e-02;2.6750000e+02;6.3884959e-02;2.6750000e+02;1.6120335e-01;2.6750000e+02;2.3945969e-01;2.6750000e+02;2.6129231e-01;2.6750000e+02;2.2798690e-01;2.6750000e+02;1.7867021e-01;2.6750000e+02;2.2132730e-01;2.6750000e+02;1.9287729e-01;2.6750000e+02;1.4665811e-01;2.6750000e+02;9.4674103e-02;2.6750000e+02;4.8890680e-02;2.6750000e+02;7.0468709e-03;2.6750000e+02;-4.1711852e-02;2.6750000e+02;-8.1189260e-02;2.6750000e+02;-1.2618534e-01;2.6750000e+02;-6.8914019e-02;2.6750000e+02;-5.3413227e-02;2.6750000e+02;-1.1700049e-02;2.6750000e+02;6.3884959e-02;2.6750000e+02;1.6120335e-01;2.6750000e+02;2.3945969e-01;2.6750000e+02;2.6129231e-01;2.6750000e+02;2.2798690e-01;2.6750000e+02;1.7867021e-01;2.6750000e+02;2.2132730e-01;2.6750000e+02;1.9287729e-01;2.6750000e+02;1.4665811e-01;2.6750000e+02;9.4674103e-02;2.6750000e+02;4.8890680e-02;2.6750000e+02;7.0468709e-03;2.6750000e+02;-4.1711852e-02;2.6750000e+02;-8.1189260e-02;2.6750000e+02;-1.2618534e-01;2.6750000e+02;-6.8914019e-02;2.6750000e+02;-5.3413227e-02;2.6750000e+02;-1.1700049e-02;2.6750000e+02;6.3884959e-02;2.6750000e+02;1.6120335e-01;2.6750000e+02;2.3945969e-01;2.6750000e+02;2.6129231e-01;2.6750000e+02;2.2798690e-01;2.6750000e+02;1.7867021e-01;2.6750000e+02;2.2132730e-01;2.6750000e+02;1.9287729e-01;2.6750000e+02;1.4665811e-01;2.6750000e+02;9.4674103e-02;2.6750000e+02;4.8890680e-02;2.6750000e+02;7.0468709e-03;2.6750000e+02;-4.1711852e-02;2.6750000e+02;-8.1189260e-02;2.6750000e+02;-1.2618534e-01;2.6750000e+02;-6.8914019e-02;2.6750000e+02;-5.3413227e-02;2.6750000e+02;-1.1700049e-02;2.6750000e+02;6.3884959e-02;2.6750000e+02;1.6120335e-01;2.6750000e+02;2.3945969e-01;2.6750000e+02;2.6129231e-01;2.6750000e+02;2.2798690e-01;2.6750000e+02;1.7867021e-01;2.6750000e+02;2.2132730e-01;2.6750000e+02;1.9287729e-01;2.6750000e+02;1.4665811e-01;2.6750000e+02;9.4674103e-02;2.6750000e+02;4.8890680e-02;2.6750000e+02;7.0468709e-03;2.6750000e+02;-4.1711852e-02;2.6750000e+02;-8.1189260e-02;2.6750000e+02;-1.2618534e-01;2.6750000e+02;-6.8914019e-02;2.6750000e+02;-5.3413227e-02;2.6750000e+02;-1.1700049e-02;2.6750000e+02;6.3884959e-02;2.6750000e+02;1.6120335e-01;2.6750000e+02;2.3945969e-01;2.6750000e+02;2.6129231e-01;2.6750000e+02;2.2798690e-01;2.6750000e+02;1.7867021e-01;2.6750000e+02;2.2132730e-01;2.6750000e+02;1.9287729e-01;2.6750000e+02;1.4665811e-01;2.6750000e+02;9.4674103e-02;2.6750000e+02;4.8890680e-02;2.6750000e+02;7.0468709e-03;2.6750000e+02;-4.1711852e-02;2.6750000e+02;-8.1189260e-02;2.6750000e+02;-1.2618534e-01;2.6750000e+02;-6.8914019e-02;2.6750000e+02;-5.3413227e-02;2.6750000e+02;-1.1700049e-02;2.6750000e+02;6.3884959e-02;2.6750000e+02;1.6120335e-01;2.6750000e+02;2.3945969e-01;2.6750000e+02;2.6129231e-01;2.6750000e+02;2.2798690e-01;2.6750000e+02;1.7867021e-01;2.6750000e+02;2.2132730e-01;2.6750000e+02;1.9287729e-01;2.6750000e+02;1.4665811e-01;2.6750000e+02;9.4674103e-02;2.6750000e+02;4.8890680e-02;2.6750000e+02;7.0468709e-03;2.6750000e+02;-4.1711852e-02;2.6750000e+02;-8.1189260e-02;2.6750000e+02;-1.2618534e-01;2.6750000e+02;-6.8914019e-02;2.6750000e+02;-5.3413227e-02;2.6750000e+02;-1.1700049e-02;2.6750000e+02;6.3884959e-02;2.6750000e+02;1.6120335e-01;2.6750000e+02;2.3945969e-01;2.6750000e+02;2.6129231e-01;2.6750000e+02;2.2798690e-01;2.6750000e+02;1.7867021e-01;2.6750000e+02;2.2132730e-01;2.6750000e+02;1.9287729e-01;2.6750000e+02;1.4665811e-01;2.6750000e+02;9.4674103e-02;2.6750000e+02;4.8890680e-02;2.6750000e+02;7.0468709e-03;2.6750000e+02;-4.1711852e-02;2.6750000e+02;-8.1189260e-02;2.6750000e+02;-1.2618534e-01;2.6750000e+02;-6.8914019e-02;2.6750000e+02;-5.3413227e-02;2.6750000e+02;-1.1700049e-02;2.6750000e+02;6.3884959e-02;2.6750000e+02;1.6120335e-01;2.6750000e+02;2.3945969e-01;2.6750000e+02;2.6129231e-01;2.6750000e+02;2.2798690e-01;2.6750000e+02;1.7867021e-01;2.6750000e+02;2.2132730e-01;2.6750000e+02;1.9287729e-01;2.6750000e+02;1.4665811e-01;2.6750000e+02;9.4674103e-02;2.6750000e+02;4.8890680e-02;2.6750000e+02;7.0468709e-03;2.6750000e+02;-4.1711852e-02;2.6750000e+02;-8.1189260e-02;2.6750000e+02;-1.2618534e-01;2.6750000e+02;-6.8914019e-02;2.6750000e+02;-5.3413227e-02;2.6750000e+02;-1.1700049e-02;2.6750000e+02;6.3884959e-02;2.6750000e+02;1.6120335e-01;2.6750000e+02;2.3945969e-01;2.6750000e+02;2.6129231e-01;2.6750000e+02;2.2798690e-01;2.6750000e+02;1.7867021e-01;2.6750000e+02;2.2132730e-01;2.6750000e+02;1.9287729e-01;2.6750000e+02;1.4665811e-01;2.6750000e+02;9.4674103e-02;2.6750000e+02;4.8890680e-02;2.6750000e+02;7.0468709e-03;2.6750000e+02;-4.1711852e-02;2.6750000e+02;-8.1189260e-02;2.6750000e+02;-1.2618534e-01;2.6750000e+02;-6.8914019e-02;2.6750000e+02;-5.3413227e-02;2.6750000e+02;-1.1700049e-02;2.6750000e+02;6.3884959e-02;2.6750000e+02;1.6120335e-01;2.6750000e+02;2.3945969e-01;2.6750000e+02;2.6129231e-01;2.6750000e+02;2.2798690e-01;2.6750000e+02;1.7867021e-01;2.6750000e+02;2.2132730e-01;2.6750000e+02;1.9287729e-01;2.6750000e+02;1.4665811e-01;2.6750000e+02;9.4674103e-02;2.6750000e+02;4.8890680e-02;2.6750000e+02;7.0468709e-03;2.6750000e+02;-4.1711852e-02;2.6750000e+02;-8.1189260e-02;2.6750000e+02;-1.2618534e-01;2.6750000e+02;-6.8914019e-02;2.6750000e+02;-5.3413227e-02;2.6750000e+02;-1.1700049e-02;2.6750000e+02;6.3884959e-02;2.6750000e+02;1.6120335e-01;2.6750000e+02;2.3945969e-01;2.6750000e+02;2.6129231e-01;2.6750000e+02;2.2798690e-01;2.6750000e+02;1.7867021e-01;2.6750000e+02;2.2132730e-01;2.6750000e+02;1.9287729e-01;2.6750000e+02;1.4665811e-01;2.6750000e+02;9.4674103e-02;2.6750000e+02;4.8890680e-02;2.6750000e+02;7.0468709e-03;2.6750000e+02;-4.1711852e-02;2.6750000e+02;-8.1189260e-02;2.6750000e+02;-1.2618534e-01;2.6750000e+02;-6.8914019e-02;2.6750000e+02;-5.3413227e-02;2.6750000e+02;-1.1700049e-02;2.6750000e+02;6.3884959e-02;2.6750000e+02;1.6120335e-01;2.6750000e+02;2.3945969e-01;2.6750000e+02;2.6129231e-01;2.6750000e+02;2.2798690e-01;2.6750000e+02;1.7867021e-01;2.6750000e+02;2.2132730e-01;2.6750000e+02;1.9287729e-01;2.6750000e+02;1.4665811e-01;2.6750000e+02;9.4674103e-02;2.6750000e+02;4.8890680e-02;2.6750000e+02;7.0468709e-03;2.6750000e+02;-4.1711852e-02;2.6750000e+02;-8.1189260e-02;2.6750000e+02;-1.2618534e-01;2.6750000e+02;-6.8914019e-02;2.6750000e+02;-5.3413227e-02;2.6750000e+02;-1.1700049e-02;2.6750000e+02;6.3884959e-02;2.6750000e+02;1.6120335e-01;2.6750000e+02;2.3945969e-01;2.6750000e+02;2.6129231e-01;2.6750000e+02;2.2798690e-01;2.6750000e+02;1.7867021e-01;2.6750000e+02;2.2132730e-01;2.6750000e+02;1.9287729e-01;2.6750000e+02;1.4665811e-01;2.6750000e+02;9.4674103e-02;2.6750000e+02;4.8890680e-02;2.6750000e+02;7.0468709e-03;2.6750000e+02;-4.1711852e-02;2.6750000e+02;-8.1189260e-02;2.6750000e+02;-1.2618534e-01;2.6750000e+02;-6.8914019e-02;2.6750000e+02;-5.3413227e-02;2.6750000e+02;-1.1700049e-02;2.6750000e+02;6.3884959e-02;2.6750000e+02;1.6120335e-01;2.6750000e+02;2.3945969e-01;2.6750000e+02;2.6129231e-01;2.6750000e+02;2.2798690e-01;2.6750000e+02;1.7867021e-01;2.6750000e+02;2.2132730e-01;2.6750000e+02;1.9287729e-01;2.6750000e+02;1.4665811e-01;2.6750000e+02;9.4674103e-02;2.6750000e+02;4.8890680e-02;2.6750000e+02;7.0468709e-03;2.6750000e+02;-4.1711852e-02;2.6750000e+02;-8.1189260e-02;2.6750000e+02;-1.2618534e-01;2.6750000e+02;-6.8914019e-02;2.6750000e+02;-5.3413227e-02;2.6750000e+02;-1.1700049e-02;2.6750000e+02;6.3884959e-02;2.6750000e+02;1.6120335e-01;2.6750000e+02;2.3945969e-01;2.6750000e+02;2.6129231e-01;2.6750000e+02;2.2798690e-01;2.6750000e+02;1.7867021e-01;2.6750000e+02;2.2132730e-01;2.6750000e+02;1.9287729e-01;2.6750000e+02;1.4665811e-01;2.6750000e+02;9.4674103e-02;2.6750000e+02;4.8890680e-02;2.6750000e+02;7.0468709e-03;2.6750000e+02;-4.1711852e-02;2.6750000e+02;-8.1189260e-02;2.6750000e+02;-1.2618534e-01;2.6750000e+02;-6.8914019e-02;2.6750000e+02;-5.3413227e-02;2.6750000e+02;-1.1700049e-02;2.6750000e+02;6.3884959e-02;2.6750000e+02;1.6120335e-01;2.6750000e+02;2.3945969e-01;2.6750000e+02;2.6129231e-01;2.6750000e+02;2.2798690e-01;2.6750000e+02;1.7867021e-01;2.6750000e+02;2.2132730e-01;2.6750000e+02;1.9287729e-01;2.6750000e+02;1.4665811e-01;2.6750000e+02;9.4674103e-02;2.6750000e+02;4.8890680e-02;2.6750000e+02;7.0468709e-03;2.6750000e+02;-4.1711852e-02;2.6750000e+02;-8.1189260e-02;2.6750000e+02;-1.2618534e-01;2.6750000e+02;-6.8914019e-02;2.6750000e+02;-5.3413227e-02;2.6750000e+02;-1.1700049e-02;2.6750000e+02;6.3884959e-02;2.6750000e+02;1.6120335e-01;2.6750000e+02;2.3945969e-01;2.6750000e+02;2.6129231e-01;2.6750000e+02;2.2798690e-01;2.6750000e+02;1.7867021e-01;2.6750000e+02;2.2132730e-01;2.6750000e+02;1.9287729e-01;2.6750000e+02;1.4665811e-01;2.6750000e+02;9.4674103e-02;2.6750000e+02;4.8890680e-02;2.6750000e+02;7.0468709e-03;2.6750000e+02;-4.1711852e-02;2.6750000e+02;-8.1189260e-02;2.6750000e+02;-1.2618534e-01;2.6750000e+02;-6.8914019e-02;2.6750000e+02;-5.3413227e-02;2.6750000e+02;-1.1700049e-02;2.6750000e+02;6.3884959e-02;2.6750000e+02;1.6120335e-01;2.6750000e+02;2.3945969e-01;2.6750000e+02;2.6129231e-01;2.6750000e+02;2.2798690e-01;2.6750000e+02;1.7867021e-01;2.6750000e+02;2.2132730e-01;2.6750000e+02;1.9287729e-01;2.6750000e+02;1.4665811e-01;2.6750000e+02;9.4674103e-02;2.6750000e+02;4.8890680e-02;2.6750000e+02;7.0468709e-03;2.6750000e+02;-4.1711852e-02;2.6750000e+02;-8.1189260e-02;2.6750000e+02;-1.2618534e-01;2.6750000e+02;-6.8914019e-02;2.6750000e+02;-5.3413227e-02;2.6750000e+02;-1.1700049e-02;2.6750000e+02;6.3884959e-02;2.6750000e+02;1.6120335e-01;2.6750000e+02;2.3945969e-01;2.6750000e+02;2.6129231e-01;2.6750000e+02;2.2798690e-01;2.6750000e+02;1.7867021e-01;2.6750000e+02;2.2132730e-01;2.6750000e+02;1.9287729e-01;2.6750000e+02;1.4665811e-01;2.6750000e+02;9.4674103e-02;2.6750000e+02;4.8890680e-02;2.6750000e+02;7.0468709e-03;2.6750000e+02;-4.1711852e-02;2.6750000e+02;-8.1189260e-02;2.6750000e+02;-1.2618534e-01;2.6750000e+02;-6.8914019e-02;2.6750000e+02;-5.3413227e-02;2.6750000e+02;-1.1700049e-02;2.6750000e+02;6.3884959e-02;2.6750000e+02;1.6120335e-01;2.6750000e+02;2.3945969e-01;2.6750000e+02;2.6129231e-01;2.6750000e+02;2.2798690e-01;2.6750000e+02;1.7867021e-01;2.6750000e+02;2.2132730e-01;2.6750000e+02;1.9287729e-01;2.6750000e+02;1.4665811e-01;2.6750000e+02;9.4674103e-02;2.6750000e+02;4.8890680e-02;2.6750000e+02;7.0468709e-03;2.6750000e+02;-4.1711852e-02;2.6750000e+02;-8.1189260e-02;2.6750000e+02;-1.2618534e-01;2.6750000e+02;-6.8914019e-02;2.6750000e+02;-5.3413227e-02;2.6750000e+02;-1.1700049e-02;2.6750000e+02;6.3884959e-02;2.6750000e+02;1.6120335e-01;2.6750000e+02;2.3945969e-01;2.6750000e+02;2.6129231e-01;2.6750000e+02;2.2798690e-01;2.6750000e+02;1.7867021e-01;2.6750000e+02;2.2132730e-01;2.6750000e+02;1.9287729e-01;2.6750000e+02;1.4665811e-01;2.6750000e+02;9.4674103e-02;2.6750000e+02;4.8890680e-02;2.6750000e+02;7.0468709e-03;2.6750000e+02;-4.1711852e-02;2.6750000e+02;-8.1189260e-02;2.6750000e+02;-1.2618534e-01;2.6750000e+02;-6.8914019e-02;2.6750000e+02;-5.3413227e-02;2.6750000e+02;-1.1700049e-02;2.6750000e+02;6.3884959e-02;2.6750000e+02;1.6120335e-01;2.6750000e+02;2.3945969e-01;2.6750000e+02;2.6129231e-01;2.6750000e+02;2.2798690e-01;2.6750000e+02;1.7867021e-01;2.6750000e+02;2.2132730e-01;2.6750000e+02;1.9287729e-01;2.6750000e+02;1.4665811e-01;2.6750000e+02;9.4674103e-02;2.6750000e+02;4.8890680e-02;2.6750000e+02;7.0468709e-03;2.6750000e+02;-4.1711852e-02;2.6750000e+02;-8.1189260e-02;2.6750000e+02;-1.2618534e-01;2.6750000e+02;-6.8914019e-02;2.6750000e+02;-5.3413227e-02;2.6750000e+02;-1.1700049e-02;2.6750000e+02;6.3884959e-02;2.6750000e+02;1.6120335e-01;2.6750000e+02;2.3945969e-01;2.6750000e+02;2.6129231e-01;2.6750000e+02;2.2798690e-01;2.6750000e+02;1.7867021e-01;2.6750000e+02;2.2132730e-01;2.6750000e+02;1.9287729e-01;2.6750000e+02;1.4665811e-01;2.6750000e+02;9.4674103e-02;2.6750000e+02;4.8890680e-02;2.6750000e+02;7.0468709e-03;2.6750000e+02;-4.1711852e-02;2.6750000e+02;-8.1189260e-02;2.6750000e+02;-1.2618534e-01;2.6750000e+02;-6.8914019e-02;2.6750000e+02;-5.3413227e-02;2.6750000e+02;-1.1700049e-02;2.6750000e+02;6.3884959e-02;2.6750000e+02;1.6120335e-01;2.6750000e+02;2.3945969e-01;2.6750000e+02;2.6129231e-01;2.6750000e+02;2.2798690e-01;2.6750000e+02;1.7867021e-01;2.6750000e+02;2.2132730e-01;2.6750000e+02;1.9287729e-01;2.6750000e+02;1.4665811e-01;2.6750000e+02;9.4674103e-02;2.6750000e+02;4.8890680e-02;2.6750000e+02;7.0468709e-03;2.6750000e+02;-4.1711852e-02;2.6750000e+02;-8.1189260e-02;2.6750000e+02;-1.2618534e-01;2.6750000e+02;-6.8914019e-02;2.6750000e+02;-5.3413227e-02;2.6750000e+02;-1.1700049e-02;2.6750000e+02;6.3884959e-02;2.6750000e+02;1.6120335e-01;2.6750000e+02;2.3945969e-01;2.6750000e+02;2.6129231e-01;2.6750000e+02;2.2798690e-01;2.6750000e+02;1.7867021e-01;2.6750000e+02;2.2132730e-01;2.6750000e+02;1.9287729e-01;2.6750000e+02;1.4665811e-01;2.6750000e+02;9.4674103e-02;2.6750000e+02;4.8890680e-02;2.6750000e+02;7.0468709e-03;2.6750000e+02;-4.1711852e-02;2.6750000e+02;-8.1189260e-02;2.6750000e+02;-1.2618534e-01;2.6750000e+02;-6.8914019e-02;2.6750000e+02;-5.3413227e-02;2.6750000e+02;-1.1700049e-02;2.6750000e+02;6.3884959e-02;2.6750000e+02;1.6120335e-01;2.6750000e+02;2.3945969e-01;2.6750000e+02;2.6129231e-01;2.6750000e+02;2.2798690e-01;2.6750000e+02;1.7867021e-01;2.6750000e+02;2.2132730e-01;2.6750000e+02;1.9287729e-01;2.6750000e+02;1.4665811e-01;2.6750000e+02;9.4674103e-02;2.6750000e+02;4.8890680e-02;2.6750000e+02;7.0468709e-03;2.6750000e+02;-4.1711852e-02;2.6750000e+02;-8.1189260e-02;2.6750000e+02;-1.2618534e-01;2.6750000e+02;-6.8914019e-02;2.6750000e+02;-5.3413227e-02;2.6750000e+02;-1.1700049e-02;2.6750000e+02;6.3884959e-02;2.6750000e+02;1.6120335e-01;2.6750000e+02;2.3945969e-01;2.6750000e+02;2.6129231e-01;2.6750000e+02;2.2798690e-01;2.6750000e+02;1.7867021e-01;2.6750000e+02;2.2132730e-01;2.6750000e+02;1.9287729e-01;2.6750000e+02;1.4665811e-01;2.6750000e+02;9.4674103e-02;2.6750000e+02;4.8890680e-02;2.6750000e+02;7.0468709e-03;2.6750000e+02;-4.1711852e-02;2.6750000e+02;-8.1189260e-02;2.6750000e+02;-1.2618534e-01;2.6750000e+02;-6.8914019e-02;2.6750000e+02;-5.3413227e-02;2.6750000e+02;-1.1700049e-02;2.6750000e+02;6.3884959e-02;2.6750000e+02;1.6120335e-01;2.6750000e+02;2.3945969e-01;2.6750000e+02;2.6129231e-01;2.6750000e+02;2.2798690e-01;2.6750000e+02;1.7867021e-01;2.6750000e+02;2.2132730e-01;2.6750000e+02;1.9287729e-01;2.6750000e+02;1.4665811e-01;2.6750000e+02;9.4674103e-02;2.6750000e+02;4.8890680e-02;2.6750000e+02;7.0468709e-03;2.6750000e+02;-4.1711852e-02;2.6750000e+02;-8.1189260e-02;2.6750000e+02;-1.2618534e-01;2.6750000e+02;-6.8914019e-02;2.6750000e+02;-5.3413227e-02;2.6750000e+02;-1.1700049e-02;2.6750000e+02;6.3884959e-02;2.6750000e+02;1.6120335e-01;2.6750000e+02;2.3945969e-01;2.6750000e+02;2.6129231e-01;2.6750000e+02;2.2798690e-01;2.6750000e+02;1.7867021e-01;2.6750000e+02;2.2132730e-01;2.6750000e+02;1.9287729e-01;2.6750000e+02;1.4665811e-01;2.6750000e+02;9.4674103e-02;2.6750000e+02;4.8890680e-02;2.6750000e+02;7.0468709e-03;2.6750000e+02;-4.1711852e-02;2.6750000e+02;-8.1189260e-02;2.6750000e+02;-1.2618534e-01;2.6750000e+02;-6.8914019e-02;2.6750000e+02;-5.3413227e-02;2.6750000e+02;-1.1700049e-02;2.6750000e+02;6.3884959e-02;2.6750000e+02;1.6120335e-01;2.6750000e+02;2.3945969e-01;2.6750000e+02;2.6129231e-01;2.6750000e+02;2.2798690e-01;2.6750000e+02;1.7867021e-01;2.6750000e+02;2.2132730e-01;2.6750000e+02;1.9287729e-01;2.6750000e+02;1.4665811e-01;2.6750000e+02;9.4674103e-02;2.6750000e+02;4.8890680e-02;2.6750000e+02;7.0468709e-03;2.6750000e+02;-4.1711852e-02;2.6750000e+02;-8.1189260e-02;2.6750000e+02;-1.2618534e-01;2.6750000e+02;-6.8914019e-02;2.6750000e+02;-5.3413227e-02;2.6750000e+02;-1.1700049e-02;2.6750000e+02;6.3884959e-02;2.6750000e+02;1.6120335e-01;2.6750000e+02;2.3945969e-01;2.6750000e+02;2.6129231e-01;2.6750000e+02;2.2798690e-01;2.6750000e+02;1.7867021e-01;2.6750000e+02;2.2132730e-01;2.6750000e+02;1.9287729e-01;2.6750000e+02;1.4665811e-01;2.6750000e+02;9.4674103e-02;2.6750000e+02;4.8890680e-02;2.6750000e+02;7.0468709e-03;2.6750000e+02;-4.1711852e-02;2.6750000e+02;-8.1189260e-02;2.6750000e+02;-1.2618534e-01;2.6750000e+02;-6.8914019e-02;2.6750000e+02;-5.3413227e-02;2.6750000e+02;-1.1700049e-02;2.6750000e+02;6.3884959e-02;2.6750000e+02;1.6120335e-01;2.6750000e+02;2.3945969e-01;2.6750000e+02;2.6129231e-01;2.6750000e+02;2.2798690e-01;2.6750000e+02;1.7867021e-01;2.6750000e+02;2.2132730e-01;2.6750000e+02;1.9287729e-01;2.6750000e+02;1.4665811e-01;2.6750000e+02;9.4674103e-02;2.6750000e+02;4.8890680e-02;2.6750000e+02;7.0468709e-03;2.6750000e+02;-4.1711852e-02;2.6750000e+02;-8.1189260e-02;2.6750000e+02;-1.2618534e-01;2.6750000e+02;-6.8914019e-02;2.6750000e+02;-5.3413227e-02;2.6750000e+02;-1.1700049e-02;2.6750000e+02;6.3884959e-02;2.6750000e+02;1.6120335e-01;2.6750000e+02;2.3945969e-01;2.6750000e+02;2.6129231e-01;2.6750000e+02;2.2798690e-01;2.6750000e+02;1.7867021e-01;2.6750000e+02;2.2132730e-01;2.6750000e+02;1.9287729e-01;2.6750000e+02;1.4665811e-01;2.6750000e+02;9.4674103e-02;2.6750000e+02;4.8890680e-02;2.6750000e+02;7.0468709e-03;2.6750000e+02;-4.1711852e-02;2.6750000e+02;-8.1189260e-02;2.6750000e+02;-1.2618534e-01;2.6750000e+02;-6.8914019e-02;2.6750000e+02;-5.3413227e-02;2.6750000e+02;-1.1700049e-02;2.6750000e+02;6.3884959e-02;2.6750000e+02;1.6120335e-01;2.6750000e+02;2.3945969e-01;2.6750000e+02;2.6129231e-01;2.6750000e+02;2.2798690e-01;2.6750000e+02;1.7867021e-01;2.6750000e+02;2.2132730e-01;2.6750000e+02;1.9287729e-01;2.6750000e+02;1.4665811e-01;2.6750000e+02;9.4674103e-02;2.6750000e+02;4.8890680e-02;2.6750000e+02;7.0468709e-03;2.6750000e+02;-4.1711852e-02;2.6750000e+02;-8.1189260e-02;2.6750000e+02;-1.2618534e-01;2.6750000e+02;-6.8914019e-02;2.6750000e+02;-5.3413227e-02;2.6750000e+02;-1.1700049e-02;2.6750000e+02;6.3884959e-02;2.6750000e+02;1.6120335e-01;2.6750000e+02;2.3945969e-01;2.6750000e+02;2.6129231e-01;2.6750000e+02;2.2798690e-01;2.6750000e+02;1.7867021e-01;2.6750000e+02;2.2132730e-01;2.6750000e+02;1.9287729e-01;2.6750000e+02;1.4665811e-01;2.6750000e+02;9.4674103e-02;2.6750000e+02;4.8890680e-02;2.6750000e+02;7.0468709e-03;2.6750000e+02;-4.1711852e-02;2.6750000e+02;-8.1189260e-02;2.6750000e+02;-1.2618534e-01;2.6750000e+02;-6.8914019e-02;2.6750000e+02;-5.3413227e-02;2.6750000e+02;-1.1700049e-02;2.6750000e+02;6.3884959e-02;2.6750000e+02;1.6120335e-01;2.6750000e+02;2.3945969e-01;2.6750000e+02;2.6129231e-01;2.6750000e+02;2.2798690e-01;2.6750000e+02;1.7867021e-01;2.6750000e+02;2.2132730e-01;2.6750000e+02;1.9287729e-01;2.6750000e+02;1.4665811e-01;2.6750000e+02;9.4674103e-02;2.6750000e+02;4.8890680e-02;2.6750000e+02;7.0468709e-03;2.6750000e+02;-4.1711852e-02;2.6750000e+02;-8.1189260e-02;2.6750000e+02;-1.2618534e-01;2.6750000e+02;-6.8914019e-02;2.6750000e+02;-5.3413227e-02;2.6750000e+02;-1.1700049e-02;2.6750000e+02;6.3884959e-02;2.6750000e+02;1.6120335e-01;2.6750000e+02;2.3945969e-01;2.6750000e+02;2.6129231e-01;2.6750000e+02;2.2798690e-01;2.6750000e+02;1.7867021e-01;2.6750000e+02;2.2132730e-01;2.6750000e+02;1.9287729e-01;2.6750000e+02;1.4665811e-01;2.6750000e+02;9.4674103e-02;2.6750000e+02;4.8890680e-02;2.6750000e+02;7.0468709e-03;2.6750000e+02;-4.1711852e-02;2.6750000e+02;-8.1189260e-02;2.6750000e+02;-1.2618534e-01;2.6750000e+02;-6.8914019e-02;2.6750000e+02;-5.3413227e-02;2.6750000e+02;-1.1700049e-02;2.6750000e+02;6.3884959e-02;2.6750000e+02;1.6120335e-01;2.6750000e+02;2.3945969e-01;2.6750000e+02;2.6129231e-01;2.6750000e+02;2.2798690e-01;2.6750000e+02;1.7867021e-01;2.6750000e+02;2.2132730e-01;2.6750000e+02;1.9287729e-01;2.6750000e+02;1.4665811e-01;2.6750000e+02;9.4674103e-02;2.6750000e+02;4.8890680e-02;2.6750000e+02;7.0468709e-03;2.6750000e+02;-4.1711852e-02;2.6750000e+02;-8.1189260e-02;2.6750000e+02;-1.2618534e-01;2.6750000e+02;-6.8914019e-02;2.6750000e+02;-5.3413227e-02;2.6750000e+02;-1.1700049e-02;2.6750000e+02;6.3884959e-02;2.6750000e+02;1.6120335e-01;2.6750000e+02;2.3945969e-01;2.6750000e+02;2.6129231e-01;2.6750000e+02;2.2798690e-01;2.6750000e+02;1.7867021e-01;2.6750000e+02;2.2132730e-01;2.6750000e+02;1.9287729e-01;2.6750000e+02;1.4665811e-01;2.6750000e+02;9.4674103e-02;2.6750000e+02;4.8890680e-02;2.6750000e+02;7.0468709e-03;2.6750000e+02;-4.1711852e-02;2.6750000e+02;-8.1189260e-02;2.6750000e+02;-1.2618534e-01;2.6750000e+02;-6.8914019e-02;2.6750000e+02;-5.3413227e-02;2.6750000e+02;-1.1700049e-02;2.6750000e+02;6.3884959e-02;2.6750000e+02;1.6120335e-01;2.6750000e+02;2.3945969e-01;2.6750000e+02;2.6129231e-01;2.6750000e+02;2.2798690e-01;2.6750000e+02;1.7867021e-01;2.6750000e+02;2.2132730e-01;2.6750000e+02;1.9287729e-01;2.6750000e+02;1.4665811e-01;2.6750000e+02;9.4674103e-02;2.6750000e+02;4.8890680e-02;2.6750000e+02;7.0468709e-03;2.6750000e+02;-4.1711852e-02;2.6750000e+02;-8.1189260e-02;2.6750000e+02;-1.2618534e-01;2.6750000e+02;-6.8914019e-02;2.6750000e+02;-5.3413227e-02;2.6750000e+02;-1.1700049e-02;2.6750000e+02;6.3884959e-02;2.6750000e+02;1.6120335e-01;2.6750000e+02;2.3945969e-01;2.6750000e+02;2.6129231e-01;2.6750000e+02;2.2798690e-01;2.6750000e+02;1.7867021e-01;2.6750000e+02;2.2132730e-01;2.6750000e+02;1.9287729e-01;2.6750000e+02;1.4665811e-01;2.6750000e+02;9.4674103e-02;2.6750000e+02;4.8890680e-02;2.6750000e+02;7.0468709e-03;2.6750000e+02;-4.1711852e-02;2.6750000e+02;-8.1189260e-02;2.6750000e+02;-1.2618534e-01;2.6750000e+02;-6.8914019e-02;2.6750000e+02;-5.3413227e-02;2.6750000e+02;-1.1700049e-02;2.6750000e+02;6.3884959e-02;2.6750000e+02;1.6120335e-01;2.6750000e+02;2.3945969e-01;2.6750000e+02;2.6129231e-01;2.6750000e+02;2.2798690e-01;2.6750000e+02;1.7867021e-01;2.6750000e+02;2.2132730e-01;2.6750000e+02;1.9287729e-01;2.6750000e+02;1.4665811e-01;2.6750000e+02;9.4674103e-02;2.6750000e+02;4.8890680e-02;2.6750000e+02;7.0468709e-03;2.6750000e+02;-4.1711852e-02;2.6750000e+02;-8.1189260e-02;2.6750000e+02;-1.2618534e-01;2.6750000e+02;-6.8914019e-02;2.6750000e+02;-5.3413227e-02;2.6750000e+02;-1.1700049e-02;2.6750000e+02;6.3884959e-02;2.6750000e+02;1.6120335e-01;2.6750000e+02;2.3945969e-01;2.6750000e+02;2.6129231e-01;2.6750000e+02;2.2798690e-01;2.6750000e+02;1.7867021e-01;2.6750000e+02;2.2132730e-01;2.6750000e+02;1.9287729e-01;2.6750000e+02;1.4665811e-01;2.6750000e+02;9.4674103e-02;2.6750000e+02;4.8890680e-02;2.6750000e+02;7.0468709e-03;2.6750000e+02;-4.1711852e-02;2.6750000e+02;-8.1189260e-02;2.6750000e+02;-1.2618534e-01;2.6750000e+02;-6.8914019e-02;2.6750000e+02;-5.3413227e-02;2.6750000e+02;-1.1700049e-02;2.6750000e+02;6.3884959e-02;2.6750000e+02;1.6120335e-01;2.6750000e+02;2.3945969e-01;2.6750000e+02;2.6129231e-01;2.6750000e+02;2.2798690e-01;2.6750000e+02;1.7867021e-01;2.6750000e+02;2.2132730e-01;2.6750000e+02;1.9287729e-01;2.6750000e+02;1.4665811e-01;2.6750000e+02;9.4674103e-02;2.6750000e+02;4.8890680e-02;2.6750000e+02;7.0468709e-03;2.6750000e+02;-4.1711852e-02;2.6750000e+02;-8.1189260e-02;2.6750000e+02;-1.2618534e-01;2.6750000e+02;-6.8914019e-02;2.6750000e+02;-5.3413227e-02;2.6750000e+02;-1.1700049e-02;2.6750000e+02;6.3884959e-02;2.6750000e+02;1.6120335e-01;2.6750000e+02;2.3945969e-01;2.6750000e+02;2.6129231e-01;2.6750000e+02;2.2798690e-01;2.6750000e+02;1.7867021e-01;2.6750000e+02;2.2132730e-01;2.6750000e+02;1.9287729e-01;2.6750000e+02;1.4665811e-01;2.6750000e+02;9.4674103e-02;2.6750000e+02;4.8890680e-02;2.6750000e+02;7.0468709e-03;2.6750000e+02;-4.1711852e-02;2.6750000e+02;-8.1189260e-02;2.6750000e+02;-1.2618534e-01;2.6750000e+02;-6.8914019e-02;2.6750000e+02;-5.3413227e-02;2.6750000e+02;-1.1700049e-02;2.6750000e+02;6.3884959e-02;2.6750000e+02;1.6120335e-01;2.6750000e+02;2.3945969e-01;2.6750000e+02;2.6129231e-01;2.6750000e+02;2.2798690e-01;2.6750000e+02;1.7867021e-01;2.6750000e+02;2.2132730e-01;2.6750000e+02;1.9287729e-01;2.6750000e+02;1.4665811e-01;2.6750000e+02;9.4674103e-02;2.6750000e+02;4.8890680e-02;2.6750000e+02;7.0468709e-03;2.6750000e+02;-4.1711852e-02;2.6750000e+02;-8.1189260e-02;2.6750000e+02;-1.2618534e-01;2.6750000e+02;-6.8914019e-02;2.6750000e+02;-5.3413227e-02;2.6750000e+02;-1.1700049e-02;2.6750000e+02;6.3884959e-02;2.6750000e+02;1.6120335e-01;2.6750000e+02;2.3945969e-01;2.6750000e+02;2.6129231e-01;2.6750000e+02;2.2798690e-01;2.6750000e+02;1.7867021e-01;2.6750000e+02;2.2132730e-01;2.6750000e+02;1.9287729e-01;2.6750000e+02;1.4665811e-01;2.6750000e+02;9.4674103e-02;2.6750000e+02;4.8890680e-02;2.6750000e+02;7.0468709e-03;2.6750000e+02;-4.1711852e-02;2.6750000e+02;-8.1189260e-02;2.6750000e+02;-1.2618534e-01;2.6750000e+02;-6.8914019e-02;2.6750000e+02;-5.3413227e-02;2.6750000e+02;-1.1700049e-02;2.6750000e+02;6.3884959e-02;2.6750000e+02;1.6120335e-01;2.6750000e+02;2.3945969e-01;2.6750000e+02;2.6129231e-01;2.6750000e+02;2.2798690e-01;2.6750000e+02;1.7867021e-01;2.6750000e+02;2.2132730e-01;2.6750000e+02;1.9287729e-01;2.6750000e+02;1.4665811e-01;2.6750000e+02;9.4674103e-02;2.6750000e+02;4.8890680e-02;2.6750000e+02;7.0468709e-03;2.6750000e+02;-4.1711852e-02;2.6750000e+02;-8.1189260e-02;2.6750000e+02;-1.2618534e-01;2.6750000e+02;-6.8914019e-02;2.6750000e+02;-5.3413227e-02;2.6750000e+02;-1.1700049e-02;2.6750000e+02;6.3884959e-02;2.6750000e+02;1.6120335e-01;2.6750000e+02;2.3945969e-01;2.6750000e+02;2.6129231e-01;2.6750000e+02;2.2798690e-01;2.6750000e+02;1.7867021e-01;2.6750000e+02;2.2132730e-01;2.6750000e+02;1.9287729e-01;2.6750000e+02;1.4665811e-01;2.6750000e+02;9.4674103e-02;2.6750000e+02;4.8890680e-02;2.6750000e+02;7.0468709e-03;2.6750000e+02;-4.1711852e-02;2.6750000e+02;-8.1189260e-02;2.6750000e+02;-1.2618534e-01;2.6750000e+02;-6.8914019e-02;2.6750000e+02;-5.3413227e-02;2.6750000e+02;-1.1700049e-02;2.6750000e+02;6.3884959e-02;2.6750000e+02;1.6120335e-01;2.6750000e+02;2.3945969e-01;2.6750000e+02;2.6129231e-01;2.6750000e+02;2.2798690e-01;2.6750000e+02;1.7867021e-01;2.6750000e+02;2.2132730e-01;2.6750000e+02;1.9287729e-01;2.6750000e+02;1.4665811e-01;2.6750000e+02;9.4674103e-02;2.6750000e+02;4.8890680e-02;2.6750000e+02;7.0468709e-03;2.6750000e+02;-4.1711852e-02;2.6750000e+02;-8.1189260e-02;2.6750000e+02;-1.2618534e-01;2.6750000e+02;-6.8914019e-02;2.6750000e+02;-5.3413227e-02;2.6750000e+02;-1.1700049e-02;2.6750000e+02;6.3884959e-02;2.6750000e+02;1.6120335e-01;2.6750000e+02;2.3945969e-01;2.6750000e+02;2.6129231e-01;2.6750000e+02;2.2798690e-01;2.6750000e+02;1.7867021e-01;2.6750000e+02;2.2132730e-01;2.6750000e+02;1.9287729e-01;2.6750000e+02;1.4665811e-01;2.6750000e+02;9.4674103e-02;2.6750000e+02;4.8890680e-02;2.6750000e+02;7.0468709e-03;2.6750000e+02;-4.1711852e-02;2.6750000e+02;-8.1189260e-02;2.6750000e+02;-1.2618534e-01;2.6750000e+02;-6.8914019e-02;2.6750000e+02;-5.3413227e-02;2.6750000e+02;-1.1700049e-02;2.6750000e+02;6.3884959e-02;2.6750000e+02;1.6120335e-01;2.6750000e+02;2.3945969e-01;2.6750000e+02;2.6129231e-01;2.6750000e+02;2.2798690e-01;2.6750000e+02;1.7867021e-01;2.6750000e+02;2.2132730e-01;2.6750000e+02;1.9287729e-01;2.6750000e+02;1.4665811e-01;2.6750000e+02;9.4674103e-02;2.6750000e+02;4.8890680e-02;2.6750000e+02;7.0468709e-03;2.6750000e+02;-4.1711852e-02;2.6750000e+02;-8.1189260e-02;2.6750000e+02;-1.2618534e-01;2.6750000e+02;-6.8914019e-02;2.6750000e+02;-5.3413227e-02;2.6750000e+02;-1.1700049e-02;2.6750000e+02;6.3884959e-02;2.6750000e+02;1.6120335e-01;2.6750000e+02;2.3945969e-01;2.6750000e+02;2.6129231e-01;2.6750000e+02;2.2798690e-01;2.6750000e+02;1.7867021e-01;2.6750000e+02;2.2132730e-01;2.6750000e+02;1.9287729e-01;2.6750000e+02;1.4665811e-01;2.6750000e+02;9.4674103e-02;2.6750000e+02;4.8890680e-02;2.6750000e+02;7.0468709e-03;2.6750000e+02;-4.1711852e-02;2.6750000e+02;-8.1189260e-02;2.6750000e+02;-1.2618534e-01;2.6750000e+02;-6.8914019e-02;2.6750000e+02;-5.3413227e-02;2.6750000e+02;-1.1700049e-02;2.6750000e+02;6.3884959e-02;2.6750000e+02;1.6120335e-01;2.6750000e+02;2.3945969e-01;2.6750000e+02;2.6129231e-01;2.6750000e+02;2.2798690e-01;2.6750000e+02;1.7867021e-01;2.6750000e+02;2.2132730e-01;2.6750000e+02;1.9287729e-01;2.6750000e+02;1.4665811e-01;2.6750000e+02;9.4674103e-02;2.6750000e+02;4.8890680e-02;2.6750000e+02;7.0468709e-03;2.6750000e+02;-4.1711852e-02;2.6750000e+02;-8.1189260e-02;2.6750000e+02;-1.2618534e-01;2.6750000e+02;-6.8914019e-02;2.6750000e+02;-5.3413227e-02;2.6750000e+02;-1.1700049e-02;2.6750000e+02;6.3884959e-02;2.6750000e+02;1.6120335e-01;2.6750000e+02;2.3945969e-01;2.6750000e+02;2.6129231e-01;2.6750000e+02;2.2798690e-01;2.6750000e+02;1.7867021e-01;2.6750000e+02;2.2132730e-01;2.6750000e+02;1.9287729e-01;2.6750000e+02;1.4665811e-01;2.6750000e+02;9.4674103e-02;2.6750000e+02;4.8890680e-02;2.6750000e+02;7.0468709e-03;2.6750000e+02;-4.1711852e-02;2.6750000e+02;-8.1189260e-02;2.6750000e+02;-1.2618534e-01;2.6750000e+02;-6.8914019e-02;2.6750000e+02;-5.3413227e-02;2.6750000e+02;-1.1700049e-02;2.6750000e+02;6.3884959e-02;2.6750000e+02;1.6120335e-01;2.6750000e+02;2.3945969e-01;2.6750000e+02;2.6129231e-01;2.6750000e+02;2.2798690e-01;2.6750000e+02;1.7867021e-01;2.6750000e+02;2.2132730e-01;2.6750000e+02;1.9287729e-01;2.6750000e+02;1.4665811e-01;2.6750000e+02;9.4674103e-02;2.6750000e+02;4.8890680e-02;2.6750000e+02;7.0468709e-03;2.6750000e+02;-4.1711852e-02;2.6750000e+02;-8.1189260e-02;2.6750000e+02;-1.2618534e-01;2.6750000e+02;-6.8914019e-02;2.6750000e+02;-5.3413227e-02;2.6750000e+02;-1.1700049e-02;2.6750000e+02;6.3884959e-02;2.6750000e+02;1.6120335e-01;2.6750000e+02;2.3945969e-01;2.6750000e+02;2.6129231e-01;2.6750000e+02;2.2798690e-01;2.6750000e+02;1.7867021e-01;2.6750000e+02;2.2132730e-01;2.6750000e+02;1.9287729e-01;2.6750000e+02;1.4665811e-01;2.6750000e+02;9.4674103e-02;2.6750000e+02;4.8890680e-02;2.6750000e+02;7.0468709e-03;2.6750000e+02;-4.1711852e-02;2.6750000e+02;-8.1189260e-02;2.6750000e+02;-1.2618534e-01;2.6750000e+02;-6.8914019e-02;2.6750000e+02;-5.3413227e-02;2.6750000e+02;-1.1700049e-02;2.6750000e+02;6.3884959e-02;2.6750000e+02;1.6120335e-01;2.6750000e+02;2.3945969e-01;2.6750000e+02;2.6129231e-01;2.6750000e+02;2.2798690e-01;2.6750000e+02;1.7867021e-01;2.6750000e+02;2.2132730e-01;2.6750000e+02;1.9287729e-01;2.6750000e+02;1.4665811e-01;2.6750000e+02;9.4674103e-02;2.6750000e+02;4.8890680e-02;2.6750000e+02;7.0468709e-03;2.6750000e+02;-4.1711852e-02;2.6750000e+02;-8.1189260e-02;2.6750000e+02;-1.2618534e-01;2.6750000e+02;-6.8914019e-02;2.6750000e+02;-5.3413227e-02;2.6750000e+02;-1.1700049e-02;2.6750000e+02;6.3884959e-02;2.6750000e+02;1.6120335e-01;2.6750000e+02;2.3945969e-01;2.6750000e+02;2.6129231e-01;2.6750000e+02;2.2798690e-01;2.6750000e+02;1.7867021e-01;2.6750000e+02;2.2132730e-01;2.6750000e+02;1.9287729e-01;2.6750000e+02;1.4665811e-01;2.6750000e+02;9.4674103e-02;2.6750000e+02;4.8890680e-02;2.6750000e+02;7.0468709e-03;2.6750000e+02;-4.1711852e-02;2.6750000e+02;-8.1189260e-02;2.6750000e+02;-1.2618534e-01;2.6750000e+02;-6.8914019e-02;2.6750000e+02;-5.3413227e-02;2.6750000e+02;-1.1700049e-02;2.6750000e+02;6.3884959e-02;2.6750000e+02;1.6120335e-01;2.6750000e+02;2.3945969e-01;2.6750000e+02;2.6129231e-01;2.6750000e+02;2.2798690e-01;2.6750000e+02;1.7867021e-01;2.6750000e+02;2.2132730e-01;2.6750000e+02;1.9287729e-01;2.6750000e+02;1.4665811e-01;2.6750000e+02;9.4674103e-02;2.6750000e+02;4.8890680e-02;2.6750000e+02;7.0468709e-03;2.6750000e+02;-4.1711852e-02;2.6750000e+02;-8.1189260e-02;2.6750000e+02;-1.2618534e-01;2.6750000e+02;-6.8914019e-02;2.6750000e+02;-5.3413227e-02;2.6750000e+02;-1.1700049e-02;2.6750000e+02;6.3884959e-02;2.6750000e+02;1.6120335e-01;2.6750000e+02;2.3945969e-01;2.6750000e+02;2.6129231e-01;2.6750000e+02;2.2798690e-01;2.6750000e+02;1.7867021e-01;2.6750000e+02;2.2132730e-01;2.6750000e+02;1.9287729e-01;2.6750000e+02;1.4665811e-01;2.6750000e+02;9.4674103e-02;2.6750000e+02;4.8890680e-02;2.6750000e+02;7.0468709e-03;2.6750000e+02;-4.1711852e-02;2.6750000e+02;-8.1189260e-02;2.6750000e+02;-1.2618534e-01;2.6750000e+02;-6.8914019e-02;2.6750000e+02;-5.3413227e-02;2.6750000e+02;-1.1700049e-02;2.6750000e+02;6.3884959e-02;2.6750000e+02;1.6120335e-01;2.6750000e+02;2.3945969e-01;2.6750000e+02;2.6129231e-01;2.6750000e+02;2.2798690e-01;2.6750000e+02;1.7867021e-01;2.6750000e+02;2.2132730e-01;2.6750000e+02;1.9287729e-01;2.6750000e+02;1.4665811e-01;2.6750000e+02;9.4674103e-02;2.6750000e+02;4.8890680e-02;2.6750000e+02;7.0468709e-03;2.6750000e+02;-4.1711852e-02;2.6750000e+02;-8.1189260e-02;2.6750000e+02;-1.2618534e-01;2.6750000e+02;-6.8914019e-02;2.6750000e+02;-5.3413227e-02;2.6750000e+02;-1.1700049e-02;2.6750000e+02;6.3884959e-02;2.6750000e+02;1.6120335e-01;2.6750000e+02;2.3945969e-01;2.6750000e+02;2.6129231e-01;2.6750000e+02;2.2798690e-01;2.6750000e+02;1.7867021e-01;2.6750000e+02;2.2132730e-01;2.6750000e+02;1.9287729e-01;2.6750000e+02;1.4665811e-01;2.6750000e+02;9.4674103e-02;2.6750000e+02;4.8890680e-02;2.6750000e+02;7.0468709e-03;2.6750000e+02;-4.1711852e-02;2.6750000e+02;-8.1189260e-02;2.6750000e+02;-1.2618534e-01;2.6750000e+02;-6.8914019e-02;2.6750000e+02;-5.3413227e-02;2.6750000e+02;-1.1700049e-02;2.6750000e+02;6.3884959e-02;2.6750000e+02;1.6120335e-01;2.6750000e+02;2.3945969e-01;2.6750000e+02;2.6129231e-01;2.6750000e+02;2.2798690e-01;2.6750000e+02;1.7867021e-01;2.6750000e+02;2.2132730e-01;2.6750000e+02;1.9287729e-01;2.6750000e+02;1.4665811e-01;2.6750000e+02;9.4674103e-02;2.6750000e+02;4.8890680e-02;2.6750000e+02;7.0468709e-03;2.6750000e+02;-4.1711852e-02;2.6750000e+02;-8.1189260e-02;2.6750000e+02;-1.2618534e-01;2.6750000e+02;-6.8914019e-02;2.6750000e+02;-5.3413227e-02;2.6750000e+02;-1.1700049e-02;2.6750000e+02;6.3884959e-02;2.6750000e+02;1.6120335e-01;2.6750000e+02;2.3945969e-01;2.6750000e+02;2.6129231e-01;2.6750000e+02;2.2798690e-01;2.6750000e+02;1.7867021e-01;2.6750000e+02;2.2132730e-01;2.6750000e+02;1.9287729e-01;2.6750000e+02;1.4665811e-01;2.6750000e+02;9.4674103e-02;2.6750000e+02;4.8890680e-02;2.6750000e+02;7.0468709e-03;2.6750000e+02;-4.1711852e-02;2.6750000e+02;-8.1189260e-02;2.6750000e+02;-1.2618534e-01;2.6750000e+02;-6.8914019e-02;2.6750000e+02;-5.3413227e-02;2.6750000e+02;-1.1700049e-02;2.6750000e+02;6.3884959e-02;2.6750000e+02;1.6120335e-01;2.6750000e+02;2.3945969e-01;2.6750000e+02;2.6129231e-01;2.6750000e+02;2.2798690e-01;2.6750000e+02;1.7867021e-01;2.6750000e+02;2.2132730e-01;2.6750000e+02;1.9287729e-01;2.6750000e+02;1.4665811e-01;2.6750000e+02;9.4674103e-02;2.6750000e+02;4.8890680e-02;2.6750000e+02;7.0468709e-03;2.6750000e+02;-4.1711852e-02;2.6750000e+02;-8.1189260e-02;2.6750000e+02;-1.2618534e-01;2.6750000e+02;-6.8914019e-02;2.6750000e+02;-5.3413227e-02;2.6750000e+02;-1.1700049e-02;2.6750000e+02;6.3884959e-02;2.6750000e+02;1.6120335e-01;2.6750000e+02;2.3945969e-01;2.6750000e+02;2.6129231e-01;2.6750000e+02;2.2798690e-01;2.6750000e+02;1.7867021e-01;2.6750000e+02;2.2132730e-01;2.6750000e+02;1.9287729e-01;2.6750000e+02;1.4665811e-01;2.6750000e+02;9.4674103e-02;2.6750000e+02;4.8890680e-02;2.6750000e+02;7.0468709e-03;2.6750000e+02;-4.1711852e-02;2.6750000e+02;-8.1189260e-02;2.6750000e+02;-1.2618534e-01;2.6750000e+02;-6.8914019e-02;2.6750000e+02;-5.3413227e-02;2.6750000e+02;-1.1700049e-02;2.6750000e+02;6.3884959e-02;2.6750000e+02;1.6120335e-01;2.6750000e+02;2.3945969e-01;2.6750000e+02;2.6129231e-01;2.6750000e+02;2.2798690e-01;2.6750000e+02;1.7867021e-01;2.6750000e+02;2.2132730e-01;2.6750000e+02;1.9287729e-01;2.6750000e+02;1.4665811e-01;2.6750000e+02;9.4674103e-02;2.6750000e+02;4.8890680e-02;2.6750000e+02;7.0468709e-03;2.6750000e+02;-4.1711852e-02;2.6750000e+02;-8.1189260e-02;2.6750000e+02;-1.2618534e-01;2.6750000e+02;-6.8914019e-02;2.6750000e+02;-5.3413227e-02;2.6750000e+02;-1.1700049e-02;2.6750000e+02;6.3884959e-02;2.6750000e+02;1.6120335e-01;2.6750000e+02;2.3945969e-01;2.6750000e+02;2.6129231e-01;2.6750000e+02;2.2798690e-01;2.6750000e+02;1.7867021e-01;2.6750000e+02;2.2132730e-01;2.6750000e+02;1.9287729e-01;2.6750000e+02;1.4665811e-01;2.6750000e+02;9.4674103e-02;2.6750000e+02;4.8890680e-02;2.6750000e+02;7.0468709e-03;2.6750000e+02;-4.1711852e-02;2.6750000e+02;-8.1189260e-02;2.6750000e+02;-1.2618534e-01;2.6750000e+02;-6.8914019e-02;2.6750000e+02;-5.3413227e-02;2.6750000e+02;-1.1700049e-02;2.6750000e+02;6.3884959e-02;2.6750000e+02;1.6120335e-01;2.6750000e+02;2.3945969e-01;2.6750000e+02;2.6129231e-01;2.6750000e+02;2.2798690e-01;2.6750000e+02;1.7867021e-01;2.6750000e+02;2.2132730e-01;2.6750000e+02;1.9287729e-01;2.6750000e+02;1.4665811e-01;2.6750000e+02;9.4674103e-02;2.6750000e+02;4.8890680e-02;2.6750000e+02;7.0468709e-03;2.6750000e+02;-4.1711852e-02;2.6750000e+02;-8.1189260e-02;2.6750000e+02;-1.2618534e-01;2.6750000e+02;-6.8914019e-02;2.6750000e+02;-5.3413227e-02;2.6750000e+02;-1.1700049e-02;2.6750000e+02;6.3884959e-02;2.6750000e+02;1.6120335e-01;2.6750000e+02;2.3945969e-01;2.6750000e+02;2.6129231e-01;2.6750000e+02;2.2798690e-01;2.6750000e+02;1.7867021e-01;2.6750000e+02;2.2132730e-01;2.6750000e+02;1.9287729e-01;2.6750000e+02;1.4665811e-01;2.6750000e+02;9.4674103e-02;2.6750000e+02;4.8890680e-02;2.6750000e+02;7.0468709e-03;2.6750000e+02;-4.1711852e-02;2.6750000e+02;-8.1189260e-02;2.6750000e+02;-1.2618534e-01;2.6750000e+02;-6.8914019e-02;2.6750000e+02;-5.3413227e-02;2.6750000e+02;-1.1700049e-02;2.6750000e+02;6.3884959e-02;2.6750000e+02;1.6120335e-01;2.6750000e+02;2.3945969e-01;2.6750000e+02;2.6129231e-01;2.6750000e+02;2.2798690e-01;2.6750000e+02;1.7867021e-01;2.6750000e+02;2.2132730e-01;2.6750000e+02;1.9287729e-01;2.6750000e+02;1.4665811e-01;2.6750000e+02;9.4674103e-02;2.6750000e+02;4.8890680e-02;2.6750000e+02;7.0468709e-03;2.6750000e+02;-4.1711852e-02;2.6750000e+02;-8.1189260e-02;2.6750000e+02;-1.2618534e-01;2.6750000e+02;-6.8914019e-02;2.6750000e+02;-5.3413227e-02;2.6750000e+02;-1.1700049e-02;2.6750000e+02;6.3884959e-02;2.6750000e+02;1.6120335e-01;2.6750000e+02;2.3945969e-01;2.6750000e+02;2.6129231e-01;2.6750000e+02;2.2798690e-01;2.6750000e+02;1.7867021e-01;2.6750000e+02;2.2132730e-01;2.6750000e+02;1.9287729e-01;2.6750000e+02;1.4665811e-01;2.6750000e+02;9.4674103e-02;2.6750000e+02;4.8890680e-02;2.6750000e+02;7.0468709e-03;2.6750000e+02;-4.1711852e-02;2.6750000e+02;-8.1189260e-02;2.6750000e+02;-1.2618534e-01;2.6750000e+02;-6.8914019e-02;2.6750000e+02;-5.3413227e-02;2.6750000e+02;-1.1700049e-02;2.6750000e+02;6.3884959e-02;2.6750000e+02;1.6120335e-01;2.6750000e+02;2.3945969e-01;2.6750000e+02;2.6129231e-01;2.6750000e+02;2.2798690e-01;2.6750000e+02;1.7867021e-01;2.6750000e+02;2.2132730e-01;2.6750000e+02;1.9287729e-01;2.6750000e+02;1.4665811e-01;2.6750000e+02;9.4674103e-02;2.6750000e+02;4.8890680e-02;2.6750000e+02;7.0468709e-03;2.6750000e+02;-4.1711852e-02;2.6750000e+02;-8.1189260e-02;2.6750000e+02;-1.2618534e-01;2.6750000e+02;-6.8914019e-02;2.6750000e+02;-5.3413227e-02;2.6750000e+02;-1.1700049e-02;2.6750000e+02;6.3884959e-02;2.6750000e+02;1.6120335e-01;2.6750000e+02;2.3945969e-01;2.6750000e+02;2.6129231e-01;2.6750000e+02;2.2798690e-01;2.6750000e+02;1.7867021e-01;2.6750000e+02;2.2132730e-01;2.6750000e+02;1.9287729e-01;2.6750000e+02;1.4665811e-01;2.6750000e+02;9.4674103e-02;2.6750000e+02;4.8890680e-02;2.6750000e+02;7.0468709e-03;2.6750000e+02;-4.1711852e-02;2.6750000e+02;-8.1189260e-02;2.6750000e+02;-1.2618534e-01;2.6750000e+02;-6.8914019e-02;2.6750000e+02;-5.3413227e-02;2.6750000e+02;-1.1700049e-02;2.6750000e+02;6.3884959e-02;2.6750000e+02;1.6120335e-01;2.6750000e+02;2.3945969e-01;2.6750000e+02;2.6129231e-01;2.6750000e+02;2.2798690e-01;2.6750000e+02;1.7867021e-01;2.6750000e+02;2.2132730e-01;2.6750000e+02;1.9287729e-01;2.6750000e+02;1.4665811e-01;2.6750000e+02;9.4674103e-02;2.6750000e+02;4.8890680e-02;2.6750000e+02;7.0468709e-03;2.6750000e+02;-4.1711852e-02;2.6750000e+02;-8.1189260e-02;2.6750000e+02;-1.2618534e-01;2.6750000e+02;-6.8914019e-02;2.6750000e+02;-5.3413227e-02;2.6750000e+02;-1.1700049e-02;2.6750000e+02;6.3884959e-02;2.6750000e+02;1.6120335e-01;2.6750000e+02;2.3945969e-01;2.6750000e+02;2.6129231e-01;2.6750000e+02;2.2798690e-01;2.6750000e+02;1.7867021e-01;2.6750000e+02;2.2132730e-01;2.6750000e+02;1.9287729e-01;2.6750000e+02;1.4665811e-01;2.6750000e+02;9.4674103e-02;2.6750000e+02;4.8890680e-02;2.6750000e+02;7.0468709e-03;2.6750000e+02;-4.1711852e-02;2.6750000e+02;-8.1189260e-02;2.6750000e+02;-1.2618534e-01;2.6750000e+02;-6.8914019e-02;2.6750000e+02;-5.3413227e-02;2.6750000e+02;-1.1700049e-02;2.6750000e+02;6.3884959e-02;2.6750000e+02;1.6120335e-01;2.6750000e+02;2.3945969e-01;2.6750000e+02;2.6129231e-01;2.6750000e+02;2.2798690e-01;2.6750000e+02;1.7867021e-01;2.6750000e+02;2.2132730e-01;2.6750000e+02;1.9287729e-01;2.6750000e+02;1.4665811e-01;2.6750000e+02;9.4674103e-02;2.6750000e+02;4.8890680e-02;2.6750000e+02;7.0468709e-03;2.6750000e+02;-4.1711852e-02;2.6750000e+02;-8.1189260e-02;2.6750000e+02;-1.2618534e-01;2.6750000e+02;-6.8914019e-02;2.6750000e+02;-5.3413227e-02;2.6750000e+02;-1.1700049e-02;2.6750000e+02;6.3884959e-02;2.6750000e+02;1.6120335e-01;2.6750000e+02;2.3945969e-01;2.6750000e+02;2.6129231e-01;2.6750000e+02;2.2798690e-01;2.6750000e+02;1.7867021e-01;2.6750000e+02;2.2132730e-01;2.6750000e+02;1.9287729e-01;2.6750000e+02;1.4665811e-01;2.6750000e+02;9.4674103e-02;2.6750000e+02;4.8890680e-02;2.6750000e+02;7.0468709e-03;2.6750000e+02;-4.1711852e-02;2.6750000e+02;-8.1189260e-02;2.6750000e+02;-1.2618534e-01;2.6750000e+02;-6.8914019e-02;2.6750000e+02;-5.3413227e-02;2.6750000e+02;-1.1700049e-02;2.6750000e+02;6.3884959e-02;2.6750000e+02;1.6120335e-01;2.6750000e+02;2.3945969e-01;2.6750000e+02;2.6129231e-01;2.6750000e+02;2.2798690e-01;2.6750000e+02;1.7867021e-01;2.6750000e+02;2.2132730e-01;2.6750000e+02;1.9287729e-01;2.6750000e+02;1.4665811e-01;2.6750000e+02;9.4674103e-02;2.6750000e+02;4.8890680e-02;2.6750000e+02;7.0468709e-03;2.6750000e+02;-4.1711852e-02;2.6750000e+02;-8.1189260e-02;2.6750000e+02;-1.2618534e-01;2.6750000e+02;-6.8914019e-02;2.6750000e+02;-5.3413227e-02;2.6750000e+02;-1.1700049e-02;2.6750000e+02;6.3884959e-02;2.6750000e+02;1.6120335e-01;2.6750000e+02;2.3945969e-01;2.6750000e+02;2.6129231e-01;2.6750000e+02;2.2798690e-01;2.6750000e+02;1.7867021e-01;2.6750000e+02;2.2132730e-01;2.6750000e+02;1.9287729e-01;2.6750000e+02;1.4665811e-01;2.6750000e+02;9.4674103e-02;2.6750000e+02;4.8890680e-02;2.6750000e+02;7.0468709e-03;2.6750000e+02;-4.1711852e-02;2.6750000e+02;-8.1189260e-02;2.6750000e+02;-1.2618534e-01;2.6750000e+02;-6.8914019e-02;2.6750000e+02;-5.3413227e-02;2.6750000e+02;-1.1700049e-02;2.6750000e+02;6.3884959e-02;2.6750000e+02;1.6120335e-01;2.6750000e+02;2.3945969e-01;2.6750000e+02;2.6129231e-01;2.6750000e+02;2.2798690e-01;2.6750000e+02;1.7867021e-01;2.6750000e+02;2.2132730e-01;2.6750000e+02;1.9287729e-01;2.6750000e+02;1.4665811e-01;2.6750000e+02;9.4674103e-02;2.6750000e+02;4.8890680e-02;2.6750000e+02;7.0468709e-03;2.6750000e+02;-4.1711852e-02;2.6750000e+02;-8.1189260e-02;2.6750000e+02;-1.2618534e-01;2.6750000e+02;-6.8914019e-02;2.6750000e+02;-5.3413227e-02;2.6750000e+02;-1.1700049e-02;2.6750000e+02;6.3884959e-02;2.6750000e+02;1.6120335e-01;2.6750000e+02;2.3945969e-01;2.6750000e+02;2.6129231e-01;2.6750000e+02;2.2798690e-01;2.6750000e+02;1.7867021e-01;2.6750000e+02;2.2132730e-01;2.6750000e+02;1.9287729e-01;2.6750000e+02;1.4665811e-01;2.6750000e+02;9.4674103e-02;2.6750000e+02;4.8890680e-02;2.6750000e+02;7.0468709e-03;2.6750000e+02;-4.1711852e-02;2.6750000e+02;-8.1189260e-02;2.6750000e+02;-1.2618534e-01;2.6750000e+02;-6.8914019e-02;2.6750000e+02;-5.3413227e-02;2.6750000e+02;-1.1700049e-02;2.6750000e+02;6.3884959e-02;2.6750000e+02;1.6120335e-01;2.6750000e+02;2.3945969e-01;2.6750000e+02;2.6129231e-01;2.6750000e+02;2.2798690e-01;2.6750000e+02;1.7867021e-01;2.6750000e+02;2.2132730e-01;2.6750000e+02;1.9287729e-01;2.6750000e+02;1.4665811e-01;2.6750000e+02;9.4674103e-02;2.6750000e+02;4.8890680e-02;2.6750000e+02;7.0468709e-03;2.6750000e+02;-4.1711852e-02;2.6750000e+02;-8.1189260e-02;2.6750000e+02;-1.2618534e-01;2.6750000e+02;-6.8914019e-02;2.6750000e+02;-5.3413227e-02;2.6750000e+02;-1.1700049e-02;2.6750000e+02;6.3884959e-02;2.6750000e+02;1.6120335e-01;2.6750000e+02;2.3945969e-01;2.6750000e+02;2.6129231e-01;2.6750000e+02;2.2798690e-01;2.6750000e+02;1.7867021e-01;2.6750000e+02;2.2132730e-01;2.6750000e+02;1.9287729e-01;2.6750000e+02;1.4665811e-01;2.6750000e+02;9.4674103e-02;2.6750000e+02;4.8890680e-02;2.6750000e+02;7.0468709e-03;2.6750000e+02;-4.1711852e-02;2.6750000e+02;-8.1189260e-02;2.6750000e+02;-1.2618534e-01;2.6750000e+02;-6.8914019e-02;2.6750000e+02;-5.3413227e-02;2.6750000e+02;-1.1700049e-02;2.6750000e+02;6.3884959e-02;2.6750000e+02;1.6120335e-01;2.6750000e+02;2.3945969e-01;2.6750000e+02;2.6129231e-01;2.6750000e+02;2.2798690e-01;2.6750000e+02;1.7867021e-01;2.6750000e+02;2.2132730e-01;2.6750000e+02;1.9287729e-01;2.6750000e+02;1.4665811e-01;2.6750000e+02;9.4674103e-02;2.6750000e+02;4.8890680e-02;2.6750000e+02;7.0468709e-03;2.6750000e+02;-4.1711852e-02;2.6750000e+02;-8.1189260e-02;2.6750000e+02;-1.2618534e-01;2.6750000e+02;-6.8914019e-02;2.6750000e+02;-5.3413227e-02;2.6750000e+02;-1.1700049e-02;2.6750000e+02;6.3884959e-02;2.6750000e+02;1.6120335e-01;2.6750000e+02;2.3945969e-01;2.6750000e+02;2.6129231e-01;2.6750000e+02;2.2798690e-01;2.6750000e+02;1.7867021e-01;2.6750000e+02;2.2132730e-01;2.6750000e+02;1.9287729e-01;2.6750000e+02;1.4665811e-01;2.6750000e+02;9.4674103e-02;2.6750000e+02;4.8890680e-02;2.6750000e+02;7.0468709e-03;2.6750000e+02;-4.1711852e-02;2.6750000e+02;-8.1189260e-02;2.6750000e+02;-1.2618534e-01;2.6750000e+02;-6.8914019e-02;2.6750000e+02;-5.3413227e-02;2.6750000e+02;-1.1700049e-02;2.6750000e+02;6.3884959e-02;2.6750000e+02;1.6120335e-01;2.6750000e+02;2.3945969e-01;2.6750000e+02;2.6129231e-01;2.6750000e+02;2.2798690e-01;2.6750000e+02;1.7867021e-01;2.6750000e+02;2.2132730e-01;2.6750000e+02;1.9287729e-01;2.6750000e+02;1.4665811e-01;2.6750000e+02;9.4674103e-02;2.6750000e+02;4.8890680e-02;2.6750000e+02;7.0468709e-03;2.6750000e+02;-4.1711852e-02;2.6750000e+02;-8.1189260e-02;2.6750000e+02;-1.2618534e-01;2.6750000e+02;-6.8914019e-02;2.6750000e+02;-5.3413227e-02;2.6750000e+02;-1.1700049e-02;2.6750000e+02;6.3884959e-02;2.6750000e+02;1.6120335e-01;2.6750000e+02;2.3945969e-01;2.6750000e+02;2.6129231e-01;2.6750000e+02;2.2798690e-01;2.6750000e+02;1.7867021e-01;2.6750000e+02;2.2132730e-01;2.6750000e+02;1.9287729e-01;2.6750000e+02;1.4665811e-01;2.6750000e+02;9.4674103e-02;2.6750000e+02;4.8890680e-02;2.6750000e+02;7.0468709e-03;2.6750000e+02;-4.1711852e-02;2.6750000e+02;-8.1189260e-02;2.6750000e+02;-1.2618534e-01;2.6750000e+02;-6.8914019e-02;2.6750000e+02;-5.3413227e-02;2.6750000e+02;-1.1700049e-02;2.6750000e+02;6.3884959e-02;2.6750000e+02;1.6120335e-01;2.6750000e+02;2.3945969e-01;2.6750000e+02;2.6129231e-01;2.6750000e+02;2.2798690e-01;2.6750000e+02;1.7867021e-01;2.6750000e+02;2.2132730e-01;2.6750000e+02;1.9287729e-01;2.6750000e+02;1.4665811e-01;2.6750000e+02;9.4674103e-02;2.6750000e+02;4.8890680e-02;2.6750000e+02;7.0468709e-03;2.6750000e+02;-4.1711852e-02;2.6750000e+02;-8.1189260e-02;2.6750000e+02;-1.2618534e-01;2.6750000e+02;-6.8914019e-02;2.6750000e+02;-5.3413227e-02;2.6750000e+02;-1.1700049e-02;2.6750000e+02;6.3884959e-02;2.6750000e+02;1.6120335e-01;2.6750000e+02;2.3945969e-01;2.6750000e+02;2.6129231e-01;2.6750000e+02;2.2798690e-01;2.6750000e+02;1.7867021e-01;2.6750000e+02;2.2132730e-01;2.6750000e+02;1.9287729e-01;2.6750000e+02;1.4665811e-01;2.6750000e+02;9.4674103e-02;2.6750000e+02;4.8890680e-02;2.6750000e+02;7.0468709e-03;2.6750000e+02;-4.1711852e-02;2.6750000e+02;-8.1189260e-02;2.6750000e+02;-1.2618534e-01;2.6750000e+02;-6.8914019e-02;2.6750000e+02;-5.3413227e-02;2.6750000e+02;-1.1700049e-02;2.6750000e+02;6.3884959e-02;2.6750000e+02;1.6120335e-01;2.6750000e+02;2.3945969e-01;2.6750000e+02;2.6129231e-01;2.6750000e+02;2.2798690e-01;2.6750000e+02;1.7867021e-01;2.6750000e+02;2.2132730e-01;2.6750000e+02;1.9287729e-01;2.6750000e+02;1.4665811e-01;2.6750000e+02;9.4674103e-02;2.6750000e+02;4.8890680e-02;2.6750000e+02;7.0468709e-03;2.6750000e+02;-4.1711852e-02;2.6750000e+02;-8.1189260e-02;2.6750000e+02;-1.2618534e-01;2.6750000e+02;-6.8914019e-02;2.6750000e+02;-5.3413227e-02;2.6750000e+02;-1.1700049e-02;2.6750000e+02;6.3884959e-02;2.6750000e+02;1.6120335e-01;2.6750000e+02;2.3945969e-01;2.6750000e+02;2.6129231e-01;2.6750000e+02;2.2798690e-01;2.6750000e+02;1.7867021e-01;2.6750000e+02;2.2132730e-01;2.6750000e+02;1.9287729e-01;2.6750000e+02;1.4665811e-01;2.6750000e+02;9.4674103e-02;2.6750000e+02;4.8890680e-02;2.6750000e+02;7.0468709e-03;2.6750000e+02;-4.1711852e-02;2.6750000e+02;-8.1189260e-02;2.6750000e+02;-1.2618534e-01;2.6750000e+02;-6.8914019e-02;2.6750000e+02;-5.3413227e-02;2.6750000e+02;-1.1700049e-02;2.6750000e+02;6.3884959e-02;2.6750000e+02;1.6120335e-01;2.6750000e+02;2.3945969e-01;2.6750000e+02;2.6129231e-01;2.6750000e+02;2.2798690e-01;2.6750000e+02;1.7867021e-01;2.6750000e+02;2.2132730e-01;2.6750000e+02;1.9287729e-01;2.6750000e+02;1.4665811e-01;2.6750000e+02;9.4674103e-02;2.6750000e+02;4.8890680e-02;2.6750000e+02;7.0468709e-03;2.6750000e+02;-4.1711852e-02;2.6750000e+02;-8.1189260e-02;2.6750000e+02;-1.2618534e-01;2.6750000e+02;-6.8914019e-02;2.6750000e+02;-5.3413227e-02;2.6750000e+02;-1.1700049e-02;2.6750000e+02;6.3884959e-02;2.6750000e+02;1.6120335e-01;2.6750000e+02;2.3945969e-01;2.6750000e+02;2.6129231e-01;2.6750000e+02;2.2798690e-01;2.6750000e+02;1.7867021e-01;2.6750000e+02;2.2132730e-01;2.6750000e+02;1.9287729e-01;2.6750000e+02;1.4665811e-01;2.6750000e+02;9.4674103e-02;2.6750000e+02;4.8890680e-02;2.6750000e+02;7.0468709e-03;2.6750000e+02;-4.1711852e-02;2.6750000e+02;-8.1189260e-02;2.6750000e+02;-1.2618534e-01;2.6750000e+02;-6.8914019e-02;2.6750000e+02;-5.3413227e-02;2.6750000e+02;-1.1700049e-02;2.6750000e+02;6.3884959e-02;2.6750000e+02;1.6120335e-01;2.6750000e+02;2.3945969e-01;2.6750000e+02;2.6129231e-01;2.6750000e+02;2.2798690e-01;2.6750000e+02;1.7867021e-01;2.6750000e+02;2.2132730e-01;2.6750000e+02;1.9287729e-01;2.6750000e+02;1.4665811e-01;2.6750000e+02;9.4674103e-02;2.6750000e+02;4.8890680e-02;2.6750000e+02;7.0468709e-03;2.6750000e+02;-4.1711852e-02;2.6750000e+02;-8.1189260e-02;2.6750000e+02;-1.2618534e-01;2.6750000e+02;-6.8914019e-02;2.6750000e+02;-5.3413227e-02;2.6750000e+02;-1.1700049e-02;2.6750000e+02;6.3884959e-02;2.6750000e+02;1.6120335e-01;2.6750000e+02;2.3945969e-01;2.6750000e+02;2.6129231e-01;2.6750000e+02;2.2798690e-01;2.6750000e+02;1.7867021e-01;2.6750000e+02;2.2132730e-01;2.6750000e+02;1.9287729e-01;2.6750000e+02;1.4665811e-01;2.6750000e+02;9.4674103e-02;2.6750000e+02;4.8890680e-02;2.6750000e+02;7.0468709e-03;2.6750000e+02;-4.1711852e-02;2.6750000e+02;-8.1189260e-02;2.6750000e+02;-1.2618534e-01;2.6750000e+02;-6.8914019e-02;2.6750000e+02;-5.3413227e-02;2.6750000e+02;-1.1700049e-02;2.6750000e+02;6.3884959e-02;2.6750000e+02;1.6120335e-01;2.6750000e+02;2.3945969e-01;2.6750000e+02;2.6129231e-01;2.6750000e+02;2.2798690e-01;2.6750000e+02;1.7867021e-01;2.6750000e+02;2.2132730e-01;2.6750000e+02;1.9287729e-01;2.6750000e+02;1.4665811e-01;2.6750000e+02;9.4674103e-02;2.6750000e+02;4.8890680e-02;2.6750000e+02;7.0468709e-03;2.6750000e+02;-4.1711852e-02;2.6750000e+02;-8.1189260e-02;2.6750000e+02;-1.2618534e-01;2.6750000e+02;-6.8914019e-02;2.6750000e+02;-5.3413227e-02;2.6750000e+02;-1.1700049e-02;2.6750000e+02;6.3884959e-02;2.6750000e+02;1.6120335e-01;2.6750000e+02;2.3945969e-01;2.6750000e+02;2.6129231e-01;2.6750000e+02;2.2798690e-01;2.6750000e+02;1.7867021e-01;2.6750000e+02;2.2132730e-01;2.6750000e+02;1.9287729e-01;2.6750000e+02;1.4665811e-01;2.6750000e+02;9.4674103e-02;2.6750000e+02;4.8890680e-02;2.6750000e+02;7.0468709e-03;2.6750000e+02;-4.1711852e-02;2.6750000e+02;-8.1189260e-02;2.6750000e+02;-1.2618534e-01;2.6750000e+02;-6.8914019e-02;2.6750000e+02;-5.3413227e-02;2.6750000e+02;-1.1700049e-02;2.6750000e+02;6.3884959e-02;2.6750000e+02;1.6120335e-01;2.6750000e+02;2.3945969e-01;2.6750000e+02;2.6129231e-01;2.6750000e+02;2.2798690e-01;2.6750000e+02;1.7867021e-01;2.6750000e+02;2.2132730e-01;2.6750000e+02;1.9287729e-01;2.6750000e+02;1.4665811e-01;2.6750000e+02;9.4674103e-02;2.6750000e+02;4.8890680e-02;2.6750000e+02;7.0468709e-03;2.6750000e+02;-4.1711852e-02;2.6750000e+02;-8.1189260e-02;2.6750000e+02;-1.2618534e-01;2.6750000e+02;-6.8914019e-02;2.6750000e+02;-5.3413227e-02;2.6750000e+02;-1.1700049e-02;2.6750000e+02;6.3884959e-02;2.6750000e+02;1.6120335e-01;2.6750000e+02;2.3945969e-01;2.6750000e+02;2.6129231e-01;2.6750000e+02;2.2798690e-01;2.6750000e+02;1.7867021e-01;2.6750000e+02;2.2132730e-01;2.6750000e+02;1.9287729e-01;2.6750000e+02;1.4665811e-01;2.6750000e+02;9.4674103e-02;2.6750000e+02;4.8890680e-02;2.6750000e+02;7.0468709e-03;2.6750000e+02;-4.1711852e-02;2.6750000e+02;-8.1189260e-02;2.6750000e+02;-1.2618534e-01;2.6750000e+02;-6.8914019e-02;2.6750000e+02;-5.3413227e-02;2.6750000e+02;-1.1700049e-02;2.6750000e+02;6.3884959e-02;2.6750000e+02;1.6120335e-01;2.6750000e+02;2.3945969e-01;2.6750000e+02;2.6129231e-01;2.6750000e+02;2.2798690e-01;2.6750000e+02;1.7867021e-01;2.6750000e+02;2.2132730e-01;2.6750000e+02;1.9287729e-01;2.6750000e+02;1.4665811e-01;2.6750000e+02;9.4674103e-02;2.6750000e+02;4.8890680e-02;2.6750000e+02;7.0468709e-03;2.6750000e+02;-4.1711852e-02;2.6750000e+02;-8.1189260e-02;2.6750000e+02;-1.2618534e-01;2.6750000e+02;-6.8914019e-02;2.6750000e+02;-5.3413227e-02;2.6750000e+02;-1.1700049e-02;2.6750000e+02;6.3884959e-02;2.6750000e+02;1.6120335e-01;2.6750000e+02;2.3945969e-01;2.6750000e+02;2.6129231e-01;2.6750000e+02;2.2798690e-01;2.6750000e+02;1.7867021e-01;2.6750000e+02;2.2132730e-01;2.6750000e+02;1.9287729e-01;2.6750000e+02;1.4665811e-01;2.6750000e+02;9.4674103e-02;2.6750000e+02;4.8890680e-02;2.6750000e+02;7.0468709e-03;2.6750000e+02;-4.1711852e-02;2.6750000e+02;-8.1189260e-02;2.6750000e+02;-1.2618534e-01;2.6750000e+02;-6.8914019e-02;2.6750000e+02;-5.3413227e-02;2.6750000e+02;-1.1700049e-02;2.6750000e+02;6.3884959e-02;2.6750000e+02;1.6120335e-01;2.6750000e+02;2.3945969e-01;2.6750000e+02;2.6129231e-01;2.6750000e+02;2.2798690e-01;2.6750000e+02;1.7867021e-01;2.6750000e+02;2.2132730e-01;2.6750000e+02;1.9287729e-01;2.6750000e+02;1.4665811e-01;2.6750000e+02;9.4674103e-02;2.6750000e+02;4.8890680e-02;2.6750000e+02;7.0468709e-03;2.6750000e+02;-4.1711852e-02;2.6750000e+02;-8.1189260e-02;2.6750000e+02;-1.2618534e-01;2.6750000e+02;-6.8914019e-02;2.6750000e+02;-5.3413227e-02;2.6750000e+02;-1.1700049e-02;2.6750000e+02;6.3884959e-02;2.6750000e+02;1.6120335e-01;2.6750000e+02;2.3945969e-01;2.6750000e+02;2.6129231e-01;2.6750000e+02;2.2798690e-01;2.6750000e+02;1.7867021e-01;2.6750000e+02;2.2132730e-01;2.6750000e+02;1.9287729e-01;2.6750000e+02;1.4665811e-01;2.6750000e+02;9.4674103e-02;2.6750000e+02;4.8890680e-02;2.6750000e+02;7.0468709e-03;2.6750000e+02;-4.1711852e-02;2.6750000e+02;-8.1189260e-02;2.6750000e+02;-1.2618534e-01;2.6750000e+02;-6.8914019e-02;2.6750000e+02;-5.3413227e-02;2.6750000e+02;-1.1700049e-02;2.6750000e+02;6.3884959e-02;2.6750000e+02;1.6120335e-01;2.6750000e+02;2.3945969e-01;2.6750000e+02;2.6129231e-01;2.6750000e+02;2.2798690e-01;2.6750000e+02;1.7867021e-01;2.6750000e+02;2.2132730e-01;2.6750000e+02;1.9287729e-01;2.6750000e+02;1.4665811e-01;2.6750000e+02;9.4674103e-02;2.6750000e+02;4.8890680e-02;2.6750000e+02;7.0468709e-03;2.6750000e+02;-4.1711852e-02;2.6750000e+02;-8.1189260e-02;2.6750000e+02;-1.2618534e-01;2.6750000e+02;-6.8914019e-02;2.6750000e+02;-5.3413227e-02;2.6750000e+02;-1.1700049e-02;2.6750000e+02;6.3884959e-02;2.6750000e+02;1.6120335e-01;2.6750000e+02;2.3945969e-01;2.6750000e+02;2.6129231e-01;2.6750000e+02;2.2798690e-01;2.6750000e+02;1.7867021e-01;2.6750000e+02;2.2132730e-01;2.6750000e+02;1.9287729e-01;2.6750000e+02;1.4665811e-01;2.6750000e+02;9.4674103e-02;2.6750000e+02;4.8890680e-02;2.6750000e+02;7.0468709e-03;2.6750000e+02;-4.1711852e-02;2.6750000e+02;-8.1189260e-02;2.6750000e+02;-1.2618534e-01;2.6750000e+02;-6.8914019e-02;2.6750000e+02;-5.3413227e-02;2.6750000e+02;-1.1700049e-02;2.6750000e+02;6.3884959e-02;2.6750000e+02;1.6120335e-01;2.6750000e+02;2.3945969e-01;2.6750000e+02;2.6129231e-01;2.6750000e+02;2.2798690e-01;2.6750000e+02;1.7867021e-01;2.6750000e+02;2.2132730e-01;2.6750000e+02;1.9287729e-01;2.6750000e+02;1.4665811e-01;2.6750000e+02;9.4674103e-02;2.6750000e+02;4.8890680e-02;2.6750000e+02;7.0468709e-03;2.6750000e+02;-4.1711852e-02;2.6750000e+02;-8.1189260e-02;2.6750000e+02;-1.2618534e-01;2.6750000e+02;-6.8914019e-02;2.6750000e+02;-5.3413227e-02;2.6750000e+02;-1.1700049e-02;2.6750000e+02;6.3884959e-02;2.6750000e+02;1.6120335e-01;2.6750000e+02;2.3945969e-01;2.6750000e+02;2.6129231e-01;2.6750000e+02;2.2798690e-01;2.6750000e+02;1.7867021e-01;2.6750000e+02;2.2132730e-01;2.6750000e+02;1.9287729e-01;2.6750000e+02;1.4665811e-01;2.6750000e+02;9.4674103e-02;2.6750000e+02;4.8890680e-02;2.6750000e+02;7.0468709e-03;2.6750000e+02;-4.1711852e-02;2.6750000e+02;-8.1189260e-02;2.6750000e+02;-1.2618534e-01;2.6750000e+02;-6.8914019e-02;2.6750000e+02;-5.3413227e-02;2.6750000e+02;-1.1700049e-02;2.6750000e+02;6.3884959e-02;2.6750000e+02;1.6120335e-01;2.6750000e+02;2.3945969e-01;2.6750000e+02;2.6129231e-01;2.6750000e+02;2.2798690e-01;2.6750000e+02;1.7867021e-01;2.6750000e+02;2.2132730e-01;2.6750000e+02;1.9287729e-01;2.6750000e+02;1.4665811e-01;2.6750000e+02;9.4674103e-02;2.6750000e+02;4.8890680e-02;2.6750000e+02;7.0468709e-03;2.6750000e+02;-4.1711852e-02;2.6750000e+02;-8.1189260e-02;2.6750000e+02;-1.2618534e-01;2.6750000e+02;-6.8914019e-02;2.6750000e+02;-5.3413227e-02;2.6750000e+02;-1.1700049e-02;2.6750000e+02;6.3884959e-02;2.6750000e+02;1.6120335e-01;2.6750000e+02;2.3945969e-01;2.6750000e+02;2.6129231e-01;2.6750000e+02;2.2798690e-01;2.6750000e+02;1.7867021e-01;2.6750000e+02;2.2132730e-01;2.6750000e+02;1.9287729e-01;2.6750000e+02;1.4665811e-01;2.6750000e+02;9.4674103e-02;2.6750000e+02;4.8890680e-02;2.6750000e+02;7.0468709e-03;2.6750000e+02;-4.1711852e-02;2.6750000e+02;-8.1189260e-02;2.6750000e+02;-1.2618534e-01;2.6750000e+02;-6.8914019e-02;2.6750000e+02;-5.3413227e-02;2.6750000e+02;-1.1700049e-02;2.6750000e+02;6.3884959e-02;2.6750000e+02;1.6120335e-01;2.6750000e+02;2.3945969e-01;2.6750000e+02;2.6129231e-01;2.6750000e+02;2.2798690e-01;2.6750000e+02;1.7867021e-01;2.6750000e+02;2.2132730e-01;2.6750000e+02;1.9287729e-01;2.6750000e+02;1.4665811e-01;2.6750000e+02;9.4674103e-02;2.6750000e+02;4.8890680e-02;2.6750000e+02;7.0468709e-03;2.6750000e+02;-4.1711852e-02;2.6750000e+02;-8.1189260e-02;2.6750000e+02;-1.2618534e-01;2.6750000e+02;-6.8914019e-02;2.6750000e+02;-5.3413227e-02;2.6750000e+02;-1.1700049e-02;2.6750000e+02;6.3884959e-02;2.6750000e+02;1.6120335e-01;2.6750000e+02;2.3945969e-01;2.6750000e+02;2.6129231e-01;2.6750000e+02;2.2798690e-01;2.6750000e+02;1.7867021e-01;2.6750000e+02;2.2132730e-01;2.6750000e+02;1.9287729e-01;2.6750000e+02;1.4665811e-01;2.6750000e+02;9.4674103e-02;2.6750000e+02;4.8890680e-02;2.6750000e+02;7.0468709e-03;2.6750000e+02;-4.1711852e-02;2.6750000e+02;-8.1189260e-02;2.6750000e+02;-1.2618534e-01;2.6750000e+02;-6.8914019e-02;2.6750000e+02;-5.3413227e-02;2.6750000e+02;-1.1700049e-02;2.6750000e+02;6.3884959e-02;2.6750000e+02;1.6120335e-01;2.6750000e+02;2.3945969e-01;2.6750000e+02;2.6129231e-01;2.6750000e+02;2.2798690e-01;2.6750000e+02;1.7867021e-01;2.6750000e+02;2.2132730e-01;2.6750000e+02;1.9287729e-01;2.6750000e+02;1.4665811e-01;2.6750000e+02;9.4674103e-02;2.6750000e+02;4.8890680e-02;2.6750000e+02;7.0468709e-03;2.6750000e+02;-4.1711852e-02;2.6750000e+02;-8.1189260e-02;2.6750000e+02;-1.2618534e-01;2.6750000e+02;-6.8914019e-02;2.6750000e+02;-5.3413227e-02;2.6750000e+02;-1.1700049e-02;2.6750000e+02;6.3884959e-02;2.6750000e+02;1.6120335e-01;2.6750000e+02;2.3945969e-01;2.6750000e+02;2.6129231e-01;2.6750000e+02;2.2798690e-01;2.6750000e+02;1.7867021e-01;2.6750000e+02;2.2132730e-01;2.6750000e+02;1.9287729e-01;2.6750000e+02;1.4665811e-01;2.6750000e+02;9.4674103e-02;2.6750000e+02;4.8890680e-02;2.6750000e+02;7.0468709e-03;2.6750000e+02;-4.1711852e-02;2.6750000e+02;-8.1189260e-02;2.6750000e+02;-1.2618534e-01;2.6750000e+02;-6.8914019e-02;2.6750000e+02;-5.3413227e-02;2.6750000e+02;-1.1700049e-02;2.6750000e+02;6.3884959e-02;2.6750000e+02;1.6120335e-01;2.6750000e+02;2.3945969e-01;2.6750000e+02;2.6129231e-01;2.6750000e+02;2.2798690e-01;2.6750000e+02;1.7867021e-01;2.6750000e+02;2.2132730e-01;2.6750000e+02;1.9287729e-01;2.6750000e+02;1.4665811e-01;2.6750000e+02;9.4674103e-02;2.6750000e+02;4.8890680e-02;2.6750000e+02;7.0468709e-03;2.6750000e+02;-4.1711852e-02;2.6750000e+02;-8.1189260e-02;2.6750000e+02;-1.2618534e-01;2.6750000e+02;-6.8914019e-02;2.6750000e+02;-5.3413227e-02;2.6750000e+02;-1.1700049e-02;2.6750000e+02;6.3884959e-02;2.6750000e+02;1.6120335e-01;2.6750000e+02;2.3945969e-01;2.6750000e+02;2.6129231e-01;2.6750000e+02;2.2798690e-01;2.6750000e+02;1.7867021e-01;2.6750000e+02;2.2132730e-01;2.6750000e+02;1.9287729e-01;2.6750000e+02;1.4665811e-01;2.6750000e+02;9.4674103e-02;2.6750000e+02;4.8890680e-02;2.6750000e+02;7.0468709e-03;2.6750000e+02;-4.1711852e-02;2.6750000e+02;-8.1189260e-02;2.6750000e+02;-1.2618534e-01;2.6750000e+02;-6.8914019e-02;2.6750000e+02;-5.3413227e-02;2.6750000e+02;-1.1700049e-02;2.6750000e+02;6.3884959e-02;2.6750000e+02;1.6120335e-01;2.6750000e+02;2.3945969e-01;2.6750000e+02;2.6129231e-01;2.6750000e+02;2.2798690e-01;2.6750000e+02;1.7867021e-01;2.6750000e+02;2.2132730e-01;2.6750000e+02;1.9287729e-01;2.6750000e+02;1.4665811e-01;2.6750000e+02;9.4674103e-02;2.6750000e+02;4.8890680e-02;2.6750000e+02;7.0468709e-03;2.6750000e+02;-4.1711852e-02;2.6750000e+02;-8.1189260e-02;2.6750000e+02;-1.2618534e-01;2.6750000e+02;-6.8914019e-02;2.6750000e+02;-5.3413227e-02;2.6750000e+02;-1.1700049e-02;2.6750000e+02;6.3884959e-02;2.6750000e+02;1.6120335e-01;2.6750000e+02;2.3945969e-01;2.6750000e+02;2.6129231e-01;2.6750000e+02;2.2798690e-01;2.6750000e+02;1.7867021e-01;2.6750000e+02;2.2132730e-01;2.6750000e+02;1.9287729e-01;2.6750000e+02;1.4665811e-01;2.6750000e+02;9.4674103e-02;2.6750000e+02;4.8890680e-02;2.6750000e+02;7.0468709e-03;2.6750000e+02;-4.1711852e-02;2.6750000e+02;-8.1189260e-02;2.6750000e+02;-1.2618534e-01;2.6750000e+02;-6.8914019e-02;2.6750000e+02;-5.3413227e-02;2.6750000e+02;-1.1700049e-02;2.6750000e+02;6.3884959e-02;2.6750000e+02;1.6120335e-01;2.6750000e+02;2.3945969e-01;2.6750000e+02;2.6129231e-01;2.6750000e+02;2.2798690e-01;2.6750000e+02;1.7867021e-01;2.6750000e+02;2.2132730e-01;2.6750000e+02;1.9287729e-01;2.6750000e+02;1.4665811e-01;2.6750000e+02;9.4674103e-02;2.6750000e+02;4.8890680e-02;2.6750000e+02;7.0468709e-03;2.6750000e+02;-4.1711852e-02;2.6750000e+02;-8.1189260e-02;2.6750000e+02;-1.2618534e-01;2.6750000e+02;-6.8914019e-02;2.6750000e+02;-5.3413227e-02;2.6750000e+02;-1.1700049e-02;2.6750000e+02;6.3884959e-02;2.6750000e+02;1.6120335e-01;2.6750000e+02;2.3945969e-01;2.6750000e+02;2.6129231e-01;2.6750000e+02;2.2798690e-01;2.6750000e+02;1.7867021e-01;2.6750000e+02;2.2132730e-01;2.6750000e+02;1.9287729e-01;2.6750000e+02;1.4665811e-01;2.6750000e+02;9.4674103e-02;2.6750000e+02;4.8890680e-02;2.6750000e+02;7.0468709e-03;2.6750000e+02;-4.1711852e-02;2.6750000e+02;-8.1189260e-02;2.6750000e+02;-1.2618534e-01;2.6750000e+02;-6.8914019e-02;2.6750000e+02;-5.3413227e-02;2.6750000e+02;-1.1700049e-02;2.6750000e+02;6.3884959e-02;2.6750000e+02;1.6120335e-01;2.6750000e+02;2.3945969e-01;2.6750000e+02;2.6129231e-01;2.6750000e+02;2.2798690e-01;2.6750000e+02;1.7867021e-01;2.6750000e+02;2.2132730e-01;2.6750000e+02;1.9287729e-01;2.6750000e+02;1.4665811e-01;2.6750000e+02;9.4674103e-02;2.6750000e+02;4.8890680e-02;2.6750000e+02;7.0468709e-03;2.6750000e+02;-4.1711852e-02;2.6750000e+02;-8.1189260e-02;2.6750000e+02;-1.2618534e-01;2.6750000e+02;-6.8914019e-02;2.6750000e+02;-5.3413227e-02;2.6750000e+02;-1.1700049e-02;2.6750000e+02;6.3884959e-02;2.6750000e+02;1.6120335e-01;2.6750000e+02;2.3945969e-01;2.6750000e+02;2.6129231e-01;2.6750000e+02;2.2798690e-01;2.6750000e+02;1.7867021e-01;2.6750000e+02;2.2132730e-01;2.6750000e+02;1.9287729e-01;2.6750000e+02;1.4665811e-01;2.6750000e+02;9.4674103e-02;2.6750000e+02;4.8890680e-02;2.6750000e+02;7.0468709e-03;2.6750000e+02;-4.1711852e-02;2.6750000e+02;-8.1189260e-02;2.6750000e+02;-1.2618534e-01;2.6750000e+02;-6.8914019e-02;2.6750000e+02;-5.3413227e-02;2.6750000e+02;-1.1700049e-02;2.6750000e+02;6.3884959e-02;2.6750000e+02;1.6120335e-01;2.6750000e+02;2.3945969e-01;2.6750000e+02;2.6129231e-01;2.6750000e+02;2.2798690e-01;2.6750000e+02;1.7867021e-01;2.6750000e+02;2.2132730e-01;2.6750000e+02;1.9287729e-01;2.6750000e+02;1.4665811e-01;2.6750000e+02;9.4674103e-02;2.6750000e+02;4.8890680e-02;2.6750000e+02;7.0468709e-03;2.6750000e+02;-4.1711852e-02;2.6750000e+02;-8.1189260e-02;2.6750000e+02;-1.2618534e-01;2.6750000e+02;-6.8914019e-02;2.6750000e+02;-5.3413227e-02;2.6750000e+02;-1.1700049e-02;2.6750000e+02;6.3884959e-02;2.6750000e+02;1.6120335e-01;2.6750000e+02;2.3945969e-01;2.6750000e+02;2.6129231e-01;2.6750000e+02;2.2798690e-01;2.6750000e+02;1.7867021e-01;2.6750000e+02;2.2132730e-01;2.6750000e+02;1.9287729e-01;2.6750000e+02;1.4665811e-01;2.6750000e+02;9.4674103e-02;2.6750000e+02;4.8890680e-02;2.6750000e+02;7.0468709e-03;2.6750000e+02;-4.1711852e-02;2.6750000e+02;-8.1189260e-02;2.6750000e+02;-1.2618534e-01;2.6750000e+02;-6.8914019e-02;2.6750000e+02;-5.3413227e-02;2.6750000e+02;-1.1700049e-02;2.6750000e+02;6.3884959e-02;2.6750000e+02;1.6120335e-01;2.6750000e+02;2.3945969e-01;2.6750000e+02;2.6129231e-01;2.6750000e+02;2.2798690e-01;2.6750000e+02;1.7867021e-01;2.6750000e+02;2.2132730e-01;2.6750000e+02;1.9287729e-01;2.6750000e+02;1.4665811e-01;2.6750000e+02;9.4674103e-02;2.6750000e+02;4.8890680e-02;2.6750000e+02;7.0468709e-03;2.6750000e+02;-4.1711852e-02;2.6750000e+02;-8.1189260e-02;2.6750000e+02;-1.2618534e-01;2.6750000e+02;-6.8914019e-02;2.6750000e+02;-5.3413227e-02;2.6750000e+02;-1.1700049e-02;2.6750000e+02;6.3884959e-02;2.6750000e+02;1.6120335e-01;2.6750000e+02;2.3945969e-01;2.6750000e+02;2.6129231e-01;2.6750000e+02;2.2798690e-01;2.6750000e+02;1.7867021e-01;2.6750000e+02;2.2132730e-01;2.6750000e+02;1.9287729e-01;2.6750000e+02;1.4665811e-01;2.6750000e+02;9.4674103e-02;2.6750000e+02;4.8890680e-02;2.6750000e+02;7.0468709e-03;2.6750000e+02;-4.1711852e-02;2.6750000e+02;-8.1189260e-02;2.6750000e+02;-1.2618534e-01;2.6750000e+02;-6.8914019e-02;2.6750000e+02;-5.3413227e-02;2.6750000e+02;-1.1700049e-02;2.6750000e+02;6.3884959e-02;2.6750000e+02;1.6120335e-01;2.6750000e+02;2.3945969e-01;2.6750000e+02;2.6129231e-01;2.6750000e+02;2.2798690e-01;2.6750000e+02;1.7867021e-01;2.6750000e+02;2.2132730e-01;2.6750000e+02;1.9287729e-01;2.6750000e+02;1.4665811e-01;2.6750000e+02;9.4674103e-02;2.6750000e+02;4.8890680e-02;2.6750000e+02;7.0468709e-03;2.6750000e+02;-4.1711852e-02;2.6750000e+02;-8.1189260e-02;2.6750000e+02;-1.2618534e-01;2.6750000e+02;-6.8914019e-02;2.6750000e+02;-5.3413227e-02;2.6750000e+02;-1.1700049e-02;2.6750000e+02;6.3884959e-02;2.6750000e+02;1.6120335e-01;2.6750000e+02;2.3945969e-01;2.6750000e+02;2.6129231e-01;2.6750000e+02;2.2798690e-01;2.6750000e+02;1.7867021e-01;2.6750000e+02;2.2132730e-01;2.6750000e+02;1.9287729e-01;2.6750000e+02;1.4665811e-01;2.6750000e+02;9.4674103e-02;2.6750000e+02;4.8890680e-02;2.6750000e+02;7.0468709e-03;2.6750000e+02;-4.1711852e-02;2.6750000e+02;-8.1189260e-02;2.6750000e+02;-1.2618534e-01;2.6750000e+02;-6.8914019e-02;2.6750000e+02;-5.3413227e-02;2.6750000e+02;-1.1700049e-02;2.6750000e+02;6.3884959e-02;2.6750000e+02;1.6120335e-01;2.6750000e+02;2.3945969e-01;2.6750000e+02;2.6129231e-01;2.6750000e+02;2.2798690e-01;2.6750000e+02;1.7867021e-01;2.6750000e+02;2.2132730e-01;2.6750000e+02;1.9287729e-01;2.6750000e+02;1.4665811e-01;2.6750000e+02;9.4674103e-02;2.6750000e+02;4.8890680e-02;2.6750000e+02;7.0468709e-03;2.6750000e+02;-4.1711852e-02;2.6750000e+02;-8.1189260e-02;2.6750000e+02;-1.2618534e-01;2.6750000e+02;-6.8914019e-02;2.6750000e+02;-5.3413227e-02;2.6750000e+02;-1.1700049e-02;2.6750000e+02;6.3884959e-02;2.6750000e+02;1.6120335e-01;2.6750000e+02;2.3945969e-01;2.6750000e+02;2.6129231e-01;2.6750000e+02;2.2798690e-01;2.6750000e+02;1.7867021e-01;2.6750000e+02;2.2132730e-01;2.6750000e+02;1.9287729e-01;2.6750000e+02;1.4665811e-01;2.6750000e+02;9.4674103e-02;2.6750000e+02;4.8890680e-02;2.6750000e+02;7.0468709e-03;2.6750000e+02;-4.1711852e-02;2.6750000e+02;-8.1189260e-02;2.6750000e+02;-1.2618534e-01;2.6750000e+02;-6.8914019e-02;2.6750000e+02;-5.3413227e-02;2.6750000e+02;-1.1700049e-02;2.6750000e+02;6.3884959e-02;2.6750000e+02;1.6120335e-01;2.6750000e+02;2.3945969e-01;2.6750000e+02;2.6129231e-01;2.6750000e+02;2.2798690e-01;2.6750000e+02;1.7867021e-01;2.6750000e+02;2.2132730e-01;2.6750000e+02;1.9287729e-01;2.6750000e+02;1.4665811e-01;2.6750000e+02;9.4674103e-02;2.6750000e+02;4.8890680e-02;2.6750000e+02;7.0468709e-03;2.6750000e+02;-4.1711852e-02;2.6750000e+02;-8.1189260e-02;2.6750000e+02;-1.2618534e-01;2.6750000e+02;-6.8914019e-02;2.6750000e+02;-5.3413227e-02;2.6750000e+02;-1.1700049e-02;2.6750000e+02;6.3884959e-02;2.6750000e+02;1.6120335e-01;2.6750000e+02;2.3945969e-01;2.6750000e+02;2.6129231e-01;2.6750000e+02;2.2798690e-01;2.6750000e+02;1.7867021e-01;2.6750000e+02;2.2132730e-01;2.6750000e+02;1.9287729e-01;2.6750000e+02;1.4665811e-01;2.6750000e+02;9.4674103e-02;2.6750000e+02;4.8890680e-02;2.6750000e+02;7.0468709e-03;2.6750000e+02;-4.1711852e-02;2.6750000e+02;-8.1189260e-02;2.6750000e+02;-1.2618534e-01;2.6750000e+02;-6.8914019e-02;2.6750000e+02;-5.3413227e-02;2.6750000e+02;-1.1700049e-02;2.6750000e+02;6.3884959e-02;2.6750000e+02;1.6120335e-01;2.6750000e+02;2.3945969e-01;2.6750000e+02;2.6129231e-01;2.6750000e+02;2.2798690e-01;2.6750000e+02;1.7867021e-01;2.6750000e+02;2.2132730e-01;2.6750000e+02;1.9287729e-01;2.6750000e+02;1.4665811e-01;2.6750000e+02;9.4674103e-02;2.6750000e+02;4.8890680e-02;2.6750000e+02;7.0468709e-03;2.6750000e+02;-4.1711852e-02;2.6750000e+02;-8.1189260e-02;2.6750000e+02;-1.2618534e-01;2.6750000e+02;-6.8914019e-02;2.6750000e+02;-5.3413227e-02;2.6750000e+02;-1.1700049e-02;2.6750000e+02;6.3884959e-02;2.6750000e+02;1.6120335e-01;2.6750000e+02;2.3945969e-01;2.6750000e+02;2.6129231e-01;2.6750000e+02;2.2798690e-01;2.6750000e+02;1.7867021e-01;2.6750000e+02;2.2132730e-01;2.6750000e+02;1.9287729e-01;2.6750000e+02;1.4665811e-01;2.6750000e+02;9.4674103e-02;2.6750000e+02;4.8890680e-02;2.6750000e+02;7.0468709e-03;2.6750000e+02;-4.1711852e-02;2.6750000e+02;-8.1189260e-02;2.6750000e+02;-1.2618534e-01;2.6750000e+02;-6.8914019e-02;2.6750000e+02;-5.3413227e-02;2.6750000e+02;-1.1700049e-02;2.6750000e+02;6.3884959e-02;2.6750000e+02;1.6120335e-01;2.6750000e+02;2.3945969e-01;2.6750000e+02;2.6129231e-01;2.6750000e+02;2.2798690e-01;2.6750000e+02;1.7867021e-01;2.6750000e+02;2.2132730e-01;2.6750000e+02;1.9287729e-01;2.6750000e+02;1.4665811e-01;2.6750000e+02;9.4674103e-02;2.6750000e+02;4.8890680e-02;2.6750000e+02;7.0468709e-03;2.6750000e+02;-4.1711852e-02;2.6750000e+02;-8.1189260e-02;2.6750000e+02;-1.2618534e-01;2.6750000e+02;-6.8914019e-02;2.6750000e+02;-5.3413227e-02;2.6750000e+02;-1.1700049e-02;2.6750000e+02;6.3884959e-02;2.6750000e+02;1.6120335e-01;2.6750000e+02;2.3945969e-01;2.6750000e+02;2.6129231e-01;2.6750000e+02;2.2798690e-01;2.6750000e+02;1.7867021e-01;2.6750000e+02;2.2132730e-01;2.6750000e+02;1.9287729e-01;2.6750000e+02;1.4665811e-01;2.6750000e+02;9.4674103e-02;2.6750000e+02;4.8890680e-02;2.6750000e+02;7.0468709e-03;2.6750000e+02;-4.1711852e-02;2.6750000e+02;-8.1189260e-02;2.6750000e+02;-1.2618534e-01;2.6750000e+02;-6.8914019e-02;2.6750000e+02;-5.3413227e-02;2.6750000e+02;-1.1700049e-02;2.6750000e+02;6.3884959e-02;2.6750000e+02;1.6120335e-01;2.6750000e+02;2.3945969e-01;2.6750000e+02;2.6129231e-01;2.6750000e+02;2.2798690e-01;2.6750000e+02;1.7867021e-01;2.6750000e+02;2.2132730e-01;2.6750000e+02;1.9287729e-01;2.6750000e+02;1.4665811e-01;2.6750000e+02;9.4674103e-02;2.6750000e+02;4.8890680e-02;2.6750000e+02;7.0468709e-03;2.6750000e+02;-4.1711852e-02;2.6750000e+02;-8.1189260e-02;2.6750000e+02;-1.2618534e-01;2.6750000e+02;-6.8914019e-02;2.6750000e+02;-5.3413227e-02;2.6750000e+02;-1.1700049e-02;2.6750000e+02;6.3884959e-02;2.6750000e+02;1.6120335e-01;2.6750000e+02;2.3945969e-01;2.6750000e+02;2.6129231e-01;2.6750000e+02;2.2798690e-01;2.6750000e+02;1.7867021e-01;2.6750000e+02;2.2132730e-01;2.6750000e+02;1.9287729e-01;2.6750000e+02;1.4665811e-01;2.6750000e+02;9.4674103e-02;2.6750000e+02;4.8890680e-02;2.6750000e+02;7.0468709e-03;2.6750000e+02;-4.1711852e-02;2.6750000e+02;-8.1189260e-02;2.6750000e+02;-1.2618534e-01;2.6750000e+02;-6.8914019e-02;2.6750000e+02;-5.3413227e-02;2.6750000e+02;-1.1700049e-02;2.6750000e+02;6.3884959e-02;2.6750000e+02;1.6120335e-01;2.6750000e+02;2.3945969e-01;2.6750000e+02;2.6129231e-01;2.6750000e+02;2.2798690e-01;2.6750000e+02;1.7867021e-01;2.6750000e+02;2.2132730e-01;2.6750000e+02;1.9287729e-01;2.6750000e+02;1.4665811e-01;2.6750000e+02;9.4674103e-02;2.6750000e+02;4.8890680e-02;2.6750000e+02;7.0468709e-03;2.6750000e+02;-4.1711852e-02;2.6750000e+02;-8.1189260e-02;2.6750000e+02;-1.2618534e-01;2.6750000e+02;-6.8914019e-02;2.6750000e+02;-5.3413227e-02;2.6750000e+02;-1.1700049e-02;2.6750000e+02;6.3884959e-02;2.6750000e+02;1.6120335e-01;2.6750000e+02;2.3945969e-01;2.6750000e+02;2.6129231e-01;2.6750000e+02;2.2798690e-01;2.6750000e+02;1.7867021e-01;2.6750000e+02;2.2132730e-01;2.6750000e+02;1.9287729e-01;2.6750000e+02;1.4665811e-01;2.6750000e+02;9.4674103e-02;2.6750000e+02;4.8890680e-02;2.6750000e+02;7.0468709e-03;2.6750000e+02;-4.1711852e-02;2.6750000e+02;-8.1189260e-02;2.6750000e+02;-1.2618534e-01;2.6750000e+02;-6.8914019e-02;2.6750000e+02;-5.3413227e-02;2.6750000e+02;-1.1700049e-02;2.6750000e+02;6.3884959e-02;2.6750000e+02;1.6120335e-01;2.6750000e+02;2.3945969e-01;2.6750000e+02;2.6129231e-01;2.6750000e+02;2.2798690e-01;2.6750000e+02;1.7867021e-01;2.6750000e+02;2.2132730e-01;2.6750000e+02;1.9287729e-01;2.6750000e+02;1.4665811e-01;2.6750000e+02;9.4674103e-02;2.6750000e+02;4.8890680e-02;2.6750000e+02;7.0468709e-03;2.6750000e+02;-4.1711852e-02;2.6750000e+02;-8.1189260e-02;2.6750000e+02;-1.2618534e-01;2.6750000e+02;-6.8914019e-02;2.6750000e+02;-5.3413227e-02;2.6750000e+02;-1.1700049e-02;2.6750000e+02;6.3884959e-02;2.6750000e+02;1.6120335e-01;2.6750000e+02;2.3945969e-01;2.6750000e+02;2.6129231e-01;2.6750000e+02;2.2798690e-01;2.6750000e+02;1.7867021e-01;2.6750000e+02;2.2132730e-01;2.6750000e+02;1.9287729e-01;2.6750000e+02;1.4665811e-01;2.6750000e+02;9.4674103e-02;2.6750000e+02;4.8890680e-02;2.6750000e+02;7.0468709e-03;2.6750000e+02;-4.1711852e-02;2.6750000e+02;-8.1189260e-02;2.6750000e+02;-1.2618534e-01;2.6750000e+02;-6.8914019e-02;2.6750000e+02;-5.3413227e-02;2.6750000e+02;-1.1700049e-02;2.6750000e+02;6.3884959e-02;2.6750000e+02;1.6120335e-01;2.6750000e+02;2.3945969e-01;2.6750000e+02;2.6129231e-01;2.6750000e+02;2.2798690e-01;2.6750000e+02;1.7867021e-01;2.6750000e+02;2.2132730e-01;2.6750000e+02;1.9287729e-01;2.6750000e+02;1.4665811e-01;2.6750000e+02;9.4674103e-02;2.6750000e+02;4.8890680e-02;2.6750000e+02;7.0468709e-03;2.6750000e+02;-4.1711852e-02;2.6750000e+02;-8.1189260e-02;2.6750000e+02;-1.2618534e-01;2.6750000e+02;-6.8914019e-02;2.6750000e+02;-5.3413227e-02;2.6750000e+02;-1.1700049e-02;2.6750000e+02;6.3884959e-02;2.6750000e+02;1.6120335e-01;2.6750000e+02;2.3945969e-01;2.6750000e+02;2.6129231e-01;2.6750000e+02;2.2798690e-01;2.6750000e+02;1.7867021e-01;2.6750000e+02;2.2132730e-01;2.6750000e+02;1.9287729e-01;2.6750000e+02;1.4665811e-01;2.6750000e+02;9.4674103e-02;2.6750000e+02;4.8890680e-02;2.6750000e+02;7.0468709e-03;2.6750000e+02;-4.1711852e-02;2.6750000e+02;-8.1189260e-02;2.6750000e+02;-1.2618534e-01;2.6750000e+02;-6.8914019e-02;2.6750000e+02;-5.3413227e-02;2.6750000e+02;-1.1700049e-02;2.6750000e+02;6.3884959e-02;2.6750000e+02;1.6120335e-01;2.6750000e+02;2.3945969e-01;2.6750000e+02;2.6129231e-01;2.6750000e+02;2.2798690e-01;2.6750000e+02;1.7867021e-01;2.6750000e+02;2.2132730e-01;2.6750000e+02;1.9287729e-01;2.6750000e+02;1.4665811e-01;2.6750000e+02;9.4674103e-02;2.6750000e+02;4.8890680e-02;2.6750000e+02;7.0468709e-03;2.6750000e+02;-4.1711852e-02;2.6750000e+02;-8.1189260e-02;2.6750000e+02;-1.2618534e-01;2.6750000e+02;-6.8914019e-02;2.6750000e+02;-5.3413227e-02;2.6750000e+02;-1.1700049e-02;2.6750000e+02;6.3884959e-02;2.6750000e+02;1.6120335e-01;2.6750000e+02;2.3945969e-01;2.6750000e+02;2.6129231e-01;2.6750000e+02;2.2798690e-01;2.6750000e+02;1.7867021e-01;2.6750000e+02;2.2132730e-01;2.6750000e+02;1.9287729e-01;2.6750000e+02;1.4665811e-01;2.6750000e+02;9.4674103e-02;2.6750000e+02;4.8890680e-02;2.6750000e+02;7.0468709e-03;2.6750000e+02;-4.1711852e-02;2.6750000e+02;-8.1189260e-02;2.6750000e+02;-1.2618534e-01;2.6750000e+02;-6.8914019e-02;2.6750000e+02;-5.3413227e-02;2.6750000e+02;-1.1700049e-02;2.6750000e+02;6.3884959e-02;2.6750000e+02;1.6120335e-01;2.6750000e+02;2.3945969e-01;2.6750000e+02;2.6129231e-01;2.6750000e+02;2.2798690e-01;2.6750000e+02;1.7867021e-01;2.6750000e+02;2.2132730e-01;2.6750000e+02;1.9287729e-01;2.6750000e+02;1.4665811e-01;2.6750000e+02;9.4674103e-02;2.6750000e+02;4.8890680e-02;2.6750000e+02;7.0468709e-03;2.6750000e+02;-4.1711852e-02;2.6750000e+02;-8.1189260e-02;2.6750000e+02;-1.2618534e-01;2.6750000e+02;-6.8914019e-02;2.6750000e+02;-5.3413227e-02;2.6750000e+02;-1.1700049e-02;2.6750000e+02;6.3884959e-02;2.6750000e+02;1.6120335e-01;2.6750000e+02;2.3945969e-01;2.6750000e+02;2.6129231e-01;2.6750000e+02;2.2798690e-01;2.6750000e+02;1.7867021e-01;2.6750000e+02;2.2132730e-01;2.6750000e+02;1.9287729e-01;2.6750000e+02;1.4665811e-01;2.6750000e+02;9.4674103e-02;2.6750000e+02;4.8890680e-02;2.6750000e+02;7.0468709e-03;2.6750000e+02;-4.1711852e-02;2.6750000e+02;-8.1189260e-02;2.6750000e+02;-1.2618534e-01;2.6750000e+02;-6.8914019e-02;2.6750000e+02;-5.3413227e-02;2.6750000e+02;-1.1700049e-02;2.6750000e+02;6.3884959e-02;2.6750000e+02;1.6120335e-01;2.6750000e+02;2.3945969e-01;2.6750000e+02;2.6129231e-01;2.6750000e+02;2.2798690e-01;2.6750000e+02;1.7867021e-01;2.6750000e+02;2.2132730e-01;2.6750000e+02;1.9287729e-01;2.6750000e+02;1.4665811e-01;2.6750000e+02;9.4674103e-02;2.6750000e+02;4.8890680e-02;2.6750000e+02;7.0468709e-03;2.6750000e+02;-4.1711852e-02;2.6750000e+02;-8.1189260e-02;2.6750000e+02;-1.2618534e-01;2.6750000e+02;-6.8914019e-02;2.6750000e+02;-5.3413227e-02;2.6750000e+02;-1.1700049e-02;2.6750000e+02;6.3884959e-02;2.6750000e+02;1.6120335e-01;2.6750000e+02;2.3945969e-01;2.6750000e+02;2.6129231e-01;2.6750000e+02;2.2798690e-01;2.6750000e+02;1.7867021e-01;2.6750000e+02;2.2132730e-01;2.6750000e+02;1.9287729e-01;2.6750000e+02;1.4665811e-01;2.6750000e+02;9.4674103e-02;2.6750000e+02;4.8890680e-02;2.6750000e+02;7.0468709e-03;2.6750000e+02;-4.1711852e-02;2.6750000e+02;-8.1189260e-02;2.6750000e+02;-1.2618534e-01;2.6750000e+02;-6.8914019e-02;2.6750000e+02;-5.3413227e-02;2.6750000e+02;-1.1700049e-02;2.6750000e+02;6.3884959e-02;2.6750000e+02;1.6120335e-01;2.6750000e+02;2.3945969e-01;2.6750000e+02;2.6129231e-01;2.6750000e+02;2.2798690e-01;2.6750000e+02;1.7867021e-01;2.6750000e+02;2.2132730e-01;2.6750000e+02;1.9287729e-01;2.6750000e+02;1.4665811e-01;2.6750000e+02;9.4674103e-02;2.6750000e+02;4.8890680e-02;2.6750000e+02;7.0468709e-03;2.6750000e+02;-4.1711852e-02;2.6750000e+02;-8.1189260e-02;2.6750000e+02;-1.2618534e-01;2.6750000e+02;-6.8914019e-02;2.6750000e+02;-5.3413227e-02;2.6750000e+02;-1.1700049e-02;2.6750000e+02;6.3884959e-02;2.6750000e+02;1.6120335e-01;2.6750000e+02;2.3945969e-01;2.6750000e+02;2.6129231e-01;2.6750000e+02;2.2798690e-01;2.6750000e+02;1.7867021e-01;2.6750000e+02;2.2132730e-01;2.6750000e+02;1.9287729e-01;2.6750000e+02;1.4665811e-01;2.6750000e+02;9.4674103e-02;2.6750000e+02;4.8890680e-02;2.6750000e+02;7.0468709e-03;2.6750000e+02;-4.1711852e-02;2.6750000e+02;-8.1189260e-02;2.6750000e+02;-1.2618534e-01;2.6750000e+02;-6.8914019e-02;2.6750000e+02;-5.3413227e-02;2.6750000e+02;-1.1700049e-02;2.6750000e+02;6.3884959e-02;2.6750000e+02;1.6120335e-01;2.6750000e+02;2.3945969e-01;2.6750000e+02;2.6129231e-01;2.6750000e+02;2.2798690e-01;2.6750000e+02;1.7867021e-01;2.6750000e+02;2.2132730e-01;2.6750000e+02;1.9287729e-01;2.6750000e+02;1.4665811e-01;2.6750000e+02;9.4674103e-02;2.6750000e+02;4.8890680e-02;2.6750000e+02;7.0468709e-03;2.6750000e+02;-4.1711852e-02;2.6750000e+02;-8.1189260e-02;2.6750000e+02;-1.2618534e-01;2.6750000e+02;-6.8914019e-02;2.6750000e+02;-5.3413227e-02;2.6750000e+02;-1.1700049e-02;2.6750000e+02;6.3884959e-02;2.6750000e+02;1.6120335e-01;2.6750000e+02;2.3945969e-01;2.6750000e+02;2.6129231e-01;2.6750000e+02;2.2798690e-01;2.6750000e+02;1.7867021e-01;2.6750000e+02;2.2132730e-01;2.6750000e+02;1.9287729e-01;2.6750000e+02;1.4665811e-01;2.6750000e+02;9.4674103e-02;2.6750000e+02;4.8890680e-02;2.6750000e+02;7.0468709e-03;2.6750000e+02;-4.1711852e-02;2.6750000e+02;-8.1189260e-02;2.6750000e+02;-1.2618534e-01;2.6750000e+02;-6.8914019e-02;2.6750000e+02;-5.3413227e-02;2.6750000e+02;-1.1700049e-02;2.6750000e+02;6.3884959e-02;2.6750000e+02;1.6120335e-01;2.6750000e+02;2.3945969e-01;2.6750000e+02;2.6129231e-01;2.6750000e+02;2.2798690e-01;2.6750000e+02;1.7867021e-01;2.6750000e+02;2.2132730e-01;2.6750000e+02;1.9287729e-01;2.6750000e+02;1.4665811e-01;2.6750000e+02;9.4674103e-02;2.6750000e+02;4.8890680e-02;2.6750000e+02;7.0468709e-03;2.6750000e+02;-4.1711852e-02;2.6750000e+02;-8.1189260e-02;2.6750000e+02;-1.2618534e-01;2.6750000e+02;-6.8914019e-02;2.6750000e+02;-5.3413227e-02;2.6750000e+02;-1.1700049e-02;2.6750000e+02;6.3884959e-02;2.6750000e+02;1.6120335e-01;2.6750000e+02;2.3945969e-01;2.6750000e+02;2.6129231e-01;2.6750000e+02;2.2798690e-01;2.6750000e+02;1.7867021e-01;2.6750000e+02;2.2132730e-01;2.6750000e+02;1.9287729e-01;2.6750000e+02;1.4665811e-01;2.6750000e+02;9.4674103e-02;2.6750000e+02;4.8890680e-02;2.6750000e+02;7.0468709e-03;2.6750000e+02;-4.1711852e-02;2.6750000e+02;-8.1189260e-02;2.6750000e+02;-1.2618534e-01;2.6750000e+02;-6.8914019e-02;2.6750000e+02;-5.3413227e-02;2.6750000e+02;-1.1700049e-02;2.6750000e+02;6.3884959e-02;2.6750000e+02;1.6120335e-01;2.6750000e+02;2.3945969e-01;2.6750000e+02;2.6129231e-01;2.6750000e+02;2.2798690e-01;2.6750000e+02;1.7867021e-01;2.6750000e+02;2.2132730e-01;2.6750000e+02;1.9287729e-01;2.6750000e+02;1.4665811e-01;2.6750000e+02;9.4674103e-02;2.6750000e+02;4.8890680e-02;2.6750000e+02;7.0468709e-03;2.6750000e+02;-4.1711852e-02;2.6750000e+02;-8.1189260e-02;2.6750000e+02;-1.2618534e-01;2.6750000e+02;-6.8914019e-02;2.6750000e+02;-5.3413227e-02;2.6750000e+02;-1.1700049e-02;2.6750000e+02;6.3884959e-02;2.6750000e+02;1.6120335e-01;2.6750000e+02;2.3945969e-01;2.6750000e+02;2.6129231e-01;2.6750000e+02;2.2798690e-01;2.6750000e+02;1.7867021e-01;2.6750000e+02;2.2132730e-01;2.6750000e+02;1.9287729e-01;2.6750000e+02;1.4665811e-01;2.6750000e+02;9.4674103e-02;2.6750000e+02;4.8890680e-02;2.6750000e+02;7.0468709e-03;2.6750000e+02;-4.1711852e-02;2.6750000e+02;-8.1189260e-02;2.6750000e+02;-1.2618534e-01;2.6750000e+02;-6.8914019e-02;2.6750000e+02;-5.3413227e-02;2.6750000e+02;-1.1700049e-02;2.6750000e+02;6.3884959e-02;2.6750000e+02;1.6120335e-01;2.6750000e+02;2.3945969e-01;2.6750000e+02;2.6129231e-01;2.6750000e+02;2.2798690e-01;2.6750000e+02;1.7867021e-01;2.6750000e+02;2.2132730e-01;2.6750000e+02;1.9287729e-01;2.6750000e+02;1.4665811e-01;2.6750000e+02;9.4674103e-02;2.6750000e+02;4.8890680e-02;2.6750000e+02;7.0468709e-03;2.6750000e+02;-4.1711852e-02;2.6750000e+02;-8.1189260e-02;2.6750000e+02;-1.2618534e-01;2.6750000e+02;-6.8914019e-02;2.6750000e+02;-5.3413227e-02;2.6750000e+02;-1.1700049e-02;2.6750000e+02;6.3884959e-02;2.6750000e+02;1.6120335e-01;2.6750000e+02;2.3945969e-01;2.6750000e+02;2.6129231e-01;2.6750000e+02;2.2798690e-01;2.6750000e+02;1.7867021e-01;2.6750000e+02;2.2132730e-01;2.6750000e+02;1.9287729e-01;2.6750000e+02;1.4665811e-01;2.6750000e+02;9.4674103e-02;2.6750000e+02;4.8890680e-02;2.6750000e+02;7.0468709e-03;2.6750000e+02;-4.1711852e-02;2.6750000e+02;-8.1189260e-02;2.6750000e+02;-1.2618534e-01
2.7250000e+02;-6.6902392e-02;2.7250000e+02;-4.0141005e-02;2.7250000e+02;3.4569427e-03;2.7250000e+02;7.1324490e-02;2.7250000e+02;1.6837716e-01;2.7250000e+02;2.5266072e-01;2.7250000e+02;2.7379143e-01;2.7250000e+02;2.3898184e-01;2.7250000e+02;1.8274316e-01;2.7250000e+02;2.1888401e-01;2.7250000e+02;1.9304317e-01;2.7250000e+02;1.4634088e-01;2.7250000e+02;9.8404795e-02;2.7250000e+02;5.0070651e-02;2.7250000e+02;8.5775778e-03;2.7250000e+02;-3.9975777e-02;2.7250000e+02;-7.8834184e-02;2.7250000e+02;-1.2198563e-01;2.7250000e+02;-6.6902392e-02;2.7250000e+02;-4.0141005e-02;2.7250000e+02;3.4569427e-03;2.7250000e+02;7.1324490e-02;2.7250000e+02;1.6837716e-01;2.7250000e+02;2.5266072e-01;2.7250000e+02;2.7379143e-01;2.7250000e+02;2.3898184e-01;2.7250000e+02;1.8274316e-01;2.7250000e+02;2.1888401e-01;2.7250000e+02;1.9304317e-01;2.7250000e+02;1.4634088e-01;2.7250000e+02;9.8404795e-02;2.7250000e+02;5.0070651e-02;2.7250000e+02;8.5775778e-03;2.7250000e+02;-3.9975777e-02;2.7250000e+02;-7.8834184e-02;2.7250000e+02;-1.2198563e-01;2.7250000e+02;-6.6902392e-02;2.7250000e+02;-4.0141005e-02;2.7250000e+02;3.4569427e-03;2.7250000e+02;7.1324490e-02;2.7250000e+02;1.6837716e-01;2.7250000e+02;2.5266072e-01;2.7250000e+02;2.7379143e-01;2.7250000e+02;2.3898184e-01;2.7250000e+02;1.8274316e-01;2.7250000e+02;2.1888401e-01;2.7250000e+02;1.9304317e-01;2.7250000e+02;1.4634088e-01;2.7250000e+02;9.8404795e-02;2.7250000e+02;5.0070651e-02;2.7250000e+02;8.5775778e-03;2.7250000e+02;-3.9975777e-02;2.7250000e+02;-7.8834184e-02;2.7250000e+02;-1.2198563e-01;2.7250000e+02;-6.6902392e-02;2.7250000e+02;-4.0141005e-02;2.7250000e+02;3.4569427e-03;2.7250000e+02;7.1324490e-02;2.7250000e+02;1.6837716e-01;2.7250000e+02;2.5266072e-01;2.7250000e+02;2.7379143e-01;2.7250000e+02;2.3898184e-01;2.7250000e+02;1.8274316e-01;2.7250000e+02;2.1888401e-01;2.7250000e+02;1.9304317e-01;2.7250000e+02;1.4634088e-01;2.7250000e+02;9.8404795e-02;2.7250000e+02;5.0070651e-02;2.7250000e+02;8.5775778e-03;2.7250000e+02;-3.9975777e-02;2.7250000e+02;-7.8834184e-02;2.7250000e+02;-1.2198563e-01;2.7250000e+02;-6.6902392e-02;2.7250000e+02;-4.0141005e-02;2.7250000e+02;3.4569427e-03;2.7250000e+02;7.1324490e-02;2.7250000e+02;1.6837716e-01;2.7250000e+02;2.5266072e-01;2.7250000e+02;2.7379143e-01;2.7250000e+02;2.3898184e-01;2.7250000e+02;1.8274316e-01;2.7250000e+02;2.1888401e-01;2.7250000e+02;1.9304317e-01;2.7250000e+02;1.4634088e-01;2.7250000e+02;9.8404795e-02;2.7250000e+02;5.0070651e-02;2.7250000e+02;8.5775778e-03;2.7250000e+02;-3.9975777e-02;2.7250000e+02;-7.8834184e-02;2.7250000e+02;-1.2198563e-01;2.7250000e+02;-6.6902392e-02;2.7250000e+02;-4.0141005e-02;2.7250000e+02;3.4569427e-03;2.7250000e+02;7.1324490e-02;2.7250000e+02;1.6837716e-01;2.7250000e+02;2.5266072e-01;2.7250000e+02;2.7379143e-01;2.7250000e+02;2.3898184e-01;2.7250000e+02;1.8274316e-01;2.7250000e+02;2.1888401e-01;2.7250000e+02;1.9304317e-01;2.7250000e+02;1.4634088e-01;2.7250000e+02;9.8404795e-02;2.7250000e+02;5.0070651e-02;2.7250000e+02;8.5775778e-03;2.7250000e+02;-3.9975777e-02;2.7250000e+02;-7.8834184e-02;2.7250000e+02;-1.2198563e-01;2.7250000e+02;-6.6902392e-02;2.7250000e+02;-4.0141005e-02;2.7250000e+02;3.4569427e-03;2.7250000e+02;7.1324490e-02;2.7250000e+02;1.6837716e-01;2.7250000e+02;2.5266072e-01;2.7250000e+02;2.7379143e-01;2.7250000e+02;2.3898184e-01;2.7250000e+02;1.8274316e-01;2.7250000e+02;2.1888401e-01;2.7250000e+02;1.9304317e-01;2.7250000e+02;1.4634088e-01;2.7250000e+02;9.8404795e-02;2.7250000e+02;5.0070651e-02;2.7250000e+02;8.5775778e-03;2.7250000e+02;-3.9975777e-02;2.7250000e+02;-7.8834184e-02;2.7250000e+02;-1.2198563e-01;2.7250000e+02;-6.6902392e-02;2.7250000e+02;-4.0141005e-02;2.7250000e+02;3.4569427e-03;2.7250000e+02;7.1324490e-02;2.7250000e+02;1.6837716e-01;2.7250000e+02;2.5266072e-01;2.7250000e+02;2.7379143e-01;2.7250000e+02;2.3898184e-01;2.7250000e+02;1.8274316e-01;2.7250000e+02;2.1888401e-01;2.7250000e+02;1.9304317e-01;2.7250000e+02;1.4634088e-01;2.7250000e+02;9.8404795e-02;2.7250000e+02;5.0070651e-02;2.7250000e+02;8.5775778e-03;2.7250000e+02;-3.9975777e-02;2.7250000e+02;-7.8834184e-02;2.7250000e+02;-1.2198563e-01;2.7250000e+02;-6.6902392e-02;2.7250000e+02;-4.0141005e-02;2.7250000e+02;3.4569427e-03;2.7250000e+02;7.1324490e-02;2.7250000e+02;1.6837716e-01;2.7250000e+02;2.5266072e-01;2.7250000e+02;2.7379143e-01;2.7250000e+02;2.3898184e-01;2.7250000e+02;1.8274316e-01;2.7250000e+02;2.1888401e-01;2.7250000e+02;1.9304317e-01;2.7250000e+02;1.4634088e-01;2.7250000e+02;9.8404795e-02;2.7250000e+02;5.0070651e-02;2.7250000e+02;8.5775778e-03;2.7250000e+02;-3.9975777e-02;2.7250000e+02;-7.8834184e-02;2.7250000e+02;-1.2198563e-01;2.7250000e+02;-6.6902392e-02;2.7250000e+02;-4.0141005e-02;2.7250000e+02;3.4569427e-03;2.7250000e+02;7.1324490e-02;2.7250000e+02;1.6837716e-01;2.7250000e+02;2.5266072e-01;2.7250000e+02;2.7379143e-01;2.7250000e+02;2.3898184e-01;2.7250000e+02;1.8274316e-01;2.7250000e+02;2.1888401e-01;2.7250000e+02;1.9304317e-01;2.7250000e+02;1.4634088e-01;2.7250000e+02;9.8404795e-02;2.7250000e+02;5.0070651e-02;2.7250000e+02;8.5775778e-03;2.7250000e+02;-3.9975777e-02;2.7250000e+02;-7.8834184e-02;2.7250000e+02;-1.2198563e-01;2.7250000e+02;-6.6902392e-02;2.7250000e+02;-4.0141005e-02;2.7250000e+02;3.4569427e-03;2.7250000e+02;7.1324490e-02;2.7250000e+02;1.6837716e-01;2.7250000e+02;2.5266072e-01;2.7250000e+02;2.7379143e-01;2.7250000e+02;2.3898184e-01;2.7250000e+02;1.8274316e-01;2.7250000e+02;2.1888401e-01;2.7250000e+02;1.9304317e-01;2.7250000e+02;1.4634088e-01;2.7250000e+02;9.8404795e-02;2.7250000e+02;5.0070651e-02;2.7250000e+02;8.5775778e-03;2.7250000e+02;-3.9975777e-02;2.7250000e+02;-7.8834184e-02;2.7250000e+02;-1.2198563e-01;2.7250000e+02;-6.6902392e-02;2.7250000e+02;-4.0141005e-02;2.7250000e+02;3.4569427e-03;2.7250000e+02;7.1324490e-02;2.7250000e+02;1.6837716e-01;2.7250000e+02;2.5266072e-01;2.7250000e+02;2.7379143e-01;2.7250000e+02;2.3898184e-01;2.7250000e+02;1.8274316e-01;2.7250000e+02;2.1888401e-01;2.7250000e+02;1.9304317e-01;2.7250000e+02;1.4634088e-01;2.7250000e+02;9.8404795e-02;2.7250000e+02;5.0070651e-02;2.7250000e+02;8.5775778e-03;2.7250000e+02;-3.9975777e-02;2.7250000e+02;-7.8834184e-02;2.7250000e+02;-1.2198563e-01;2.7250000e+02;-6.6902392e-02;2.7250000e+02;-4.0141005e-02;2.7250000e+02;3.4569427e-03;2.7250000e+02;7.1324490e-02;2.7250000e+02;1.6837716e-01;2.7250000e+02;2.5266072e-01;2.7250000e+02;2.7379143e-01;2.7250000e+02;2.3898184e-01;2.7250000e+02;1.8274316e-01;2.7250000e+02;2.1888401e-01;2.7250000e+02;1.9304317e-01;2.7250000e+02;1.4634088e-01;2.7250000e+02;9.8404795e-02;2.7250000e+02;5.0070651e-02;2.7250000e+02;8.5775778e-03;2.7250000e+02;-3.9975777e-02;2.7250000e+02;-7.8834184e-02;2.7250000e+02;-1.2198563e-01;2.7250000e+02;-6.6902392e-02;2.7250000e+02;-4.0141005e-02;2.7250000e+02;3.4569427e-03;2.7250000e+02;7.1324490e-02;2.7250000e+02;1.6837716e-01;2.7250000e+02;2.5266072e-01;2.7250000e+02;2.7379143e-01;2.7250000e+02;2.3898184e-01;2.7250000e+02;1.8274316e-01;2.7250000e+02;2.1888401e-01;2.7250000e+02;1.9304317e-01;2.7250000e+02;1.4634088e-01;2.7250000e+02;9.8404795e-02;2.7250000e+02;5.0070651e-02;2.7250000e+02;8.5775778e-03;2.7250000e+02;-3.9975777e-02;2.7250000e+02;-7.8834184e-02;2.7250000e+02;-1.2198563e-01;2.7250000e+02;-6.6902392e-02;2.7250000e+02;-4.0141005e-02;2.7250000e+02;3.4569427e-03;2.7250000e+02;7.1324490e-02;2.7250000e+02;1.6837716e-01;2.7250000e+02;2.5266072e-01;2.7250000e+02;2.7379143e-01;2.7250000e+02;2.3898184e-01;2.7250000e+02;1.8274316e-01;2.7250000e+02;2.1888401e-01;2.7250000e+02;1.9304317e-01;2.7250000e+02;1.4634088e-01;2.7250000e+02;9.8404795e-02;2.7250000e+02;5.0070651e-02;2.7250000e+02;8.5775778e-03;2.7250000e+02;-3.9975777e-02;2.7250000e+02;-7.8834184e-02;2.7250000e+02;-1.2198563e-01;2.7250000e+02;-6.6902392e-02;2.7250000e+02;-4.0141005e-02;2.7250000e+02;3.4569427e-03;2.7250000e+02;7.1324490e-02;2.7250000e+02;1.6837716e-01;2.7250000e+02;2.5266072e-01;2.7250000e+02;2.7379143e-01;2.7250000e+02;2.3898184e-01;2.7250000e+02;1.8274316e-01;2.7250000e+02;2.1888401e-01;2.7250000e+02;1.9304317e-01;2.7250000e+02;1.4634088e-01;2.7250000e+02;9.8404795e-02;2.7250000e+02;5.0070651e-02;2.7250000e+02;8.5775778e-03;2.7250000e+02;-3.9975777e-02;2.7250000e+02;-7.8834184e-02;2.7250000e+02;-1.2198563e-01;2.7250000e+02;-6.6902392e-02;2.7250000e+02;-4.0141005e-02;2.7250000e+02;3.4569427e-03;2.7250000e+02;7.1324490e-02;2.7250000e+02;1.6837716e-01;2.7250000e+02;2.5266072e-01;2.7250000e+02;2.7379143e-01;2.7250000e+02;2.3898184e-01;2.7250000e+02;1.8274316e-01;2.7250000e+02;2.1888401e-01;2.7250000e+02;1.9304317e-01;2.7250000e+02;1.4634088e-01;2.7250000e+02;9.8404795e-02;2.7250000e+02;5.0070651e-02;2.7250000e+02;8.5775778e-03;2.7250000e+02;-3.9975777e-02;2.7250000e+02;-7.8834184e-02;2.7250000e+02;-1.2198563e-01;2.7250000e+02;-6.6902392e-02;2.7250000e+02;-4.0141005e-02;2.7250000e+02;3.4569427e-03;2.7250000e+02;7.1324490e-02;2.7250000e+02;1.6837716e-01;2.7250000e+02;2.5266072e-01;2.7250000e+02;2.7379143e-01;2.7250000e+02;2.3898184e-01;2.7250000e+02;1.8274316e-01;2.7250000e+02;2.1888401e-01;2.7250000e+02;1.9304317e-01;2.7250000e+02;1.4634088e-01;2.7250000e+02;9.8404795e-02;2.7250000e+02;5.0070651e-02;2.7250000e+02;8.5775778e-03;2.7250000e+02;-3.9975777e-02;2.7250000e+02;-7.8834184e-02;2.7250000e+02;-1.2198563e-01;2.7250000e+02;-6.6902392e-02;2.7250000e+02;-4.0141005e-02;2.7250000e+02;3.4569427e-03;2.7250000e+02;7.1324490e-02;2.7250000e+02;1.6837716e-01;2.7250000e+02;2.5266072e-01;2.7250000e+02;2.7379143e-01;2.7250000e+02;2.3898184e-01;2.7250000e+02;1.8274316e-01;2.7250000e+02;2.1888401e-01;2.7250000e+02;1.9304317e-01;2.7250000e+02;1.4634088e-01;2.7250000e+02;9.8404795e-02;2.7250000e+02;5.0070651e-02;2.7250000e+02;8.5775778e-03;2.7250000e+02;-3.9975777e-02;2.7250000e+02;-7.8834184e-02;2.7250000e+02;-1.2198563e-01;2.7250000e+02;-6.6902392e-02;2.7250000e+02;-4.0141005e-02;2.7250000e+02;3.4569427e-03;2.7250000e+02;7.1324490e-02;2.7250000e+02;1.6837716e-01;2.7250000e+02;2.5266072e-01;2.7250000e+02;2.7379143e-01;2.7250000e+02;2.3898184e-01;2.7250000e+02;1.8274316e-01;2.7250000e+02;2.1888401e-01;2.7250000e+02;1.9304317e-01;2.7250000e+02;1.4634088e-01;2.7250000e+02;9.8404795e-02;2.7250000e+02;5.0070651e-02;2.7250000e+02;8.5775778e-03;2.7250000e+02;-3.9975777e-02;2.7250000e+02;-7.8834184e-02;2.7250000e+02;-1.2198563e-01;2.7250000e+02;-6.6902392e-02;2.7250000e+02;-4.0141005e-02;2.7250000e+02;3.4569427e-03;2.7250000e+02;7.1324490e-02;2.7250000e+02;1.6837716e-01;2.7250000e+02;2.5266072e-01;2.7250000e+02;2.7379143e-01;2.7250000e+02;2.3898184e-01;2.7250000e+02;1.8274316e-01;2.7250000e+02;2.1888401e-01;2.7250000e+02;1.9304317e-01;2.7250000e+02;1.4634088e-01;2.7250000e+02;9.8404795e-02;2.7250000e+02;5.0070651e-02;2.7250000e+02;8.5775778e-03;2.7250000e+02;-3.9975777e-02;2.7250000e+02;-7.8834184e-02;2.7250000e+02;-1.2198563e-01;2.7250000e+02;-6.6902392e-02;2.7250000e+02;-4.0141005e-02;2.7250000e+02;3.4569427e-03;2.7250000e+02;7.1324490e-02;2.7250000e+02;1.6837716e-01;2.7250000e+02;2.5266072e-01;2.7250000e+02;2.7379143e-01;2.7250000e+02;2.3898184e-01;2.7250000e+02;1.8274316e-01;2.7250000e+02;2.1888401e-01;2.7250000e+02;1.9304317e-01;2.7250000e+02;1.4634088e-01;2.7250000e+02;9.8404795e-02;2.7250000e+02;5.0070651e-02;2.7250000e+02;8.5775778e-03;2.7250000e+02;-3.9975777e-02;2.7250000e+02;-7.8834184e-02;2.7250000e+02;-1.2198563e-01;2.7250000e+02;-6.6902392e-02;2.7250000e+02;-4.0141005e-02;2.7250000e+02;3.4569427e-03;2.7250000e+02;7.1324490e-02;2.7250000e+02;1.6837716e-01;2.7250000e+02;2.5266072e-01;2.7250000e+02;2.7379143e-01;2.7250000e+02;2.3898184e-01;2.7250000e+02;1.8274316e-01;2.7250000e+02;2.1888401e-01;2.7250000e+02;1.9304317e-01;2.7250000e+02;1.4634088e-01;2.7250000e+02;9.8404795e-02;2.7250000e+02;5.0070651e-02;2.7250000e+02;8.5775778e-03;2.7250000e+02;-3.9975777e-02;2.7250000e+02;-7.8834184e-02;2.7250000e+02;-1.2198563e-01;2.7250000e+02;-6.6902392e-02;2.7250000e+02;-4.0141005e-02;2.7250000e+02;3.4569427e-03;2.7250000e+02;7.1324490e-02;2.7250000e+02;1.6837716e-01;2.7250000e+02;2.5266072e-01;2.7250000e+02;2.7379143e-01;2.7250000e+02;2.3898184e-01;2.7250000e+02;1.8274316e-01;2.7250000e+02;2.1888401e-01;2.7250000e+02;1.9304317e-01;2.7250000e+02;1.4634088e-01;2.7250000e+02;9.8404795e-02;2.7250000e+02;5.0070651e-02;2.7250000e+02;8.5775778e-03;2.7250000e+02;-3.9975777e-02;2.7250000e+02;-7.8834184e-02;2.7250000e+02;-1.2198563e-01;2.7250000e+02;-6.6902392e-02;2.7250000e+02;-4.0141005e-02;2.7250000e+02;3.4569427e-03;2.7250000e+02;7.1324490e-02;2.7250000e+02;1.6837716e-01;2.7250000e+02;2.5266072e-01;2.7250000e+02;2.7379143e-01;2.7250000e+02;2.3898184e-01;2.7250000e+02;1.8274316e-01;2.7250000e+02;2.1888401e-01;2.7250000e+02;1.9304317e-01;2.7250000e+02;1.4634088e-01;2.7250000e+02;9.8404795e-02;2.7250000e+02;5.0070651e-02;2.7250000e+02;8.5775778e-03;2.7250000e+02;-3.9975777e-02;2.7250000e+02;-7.8834184e-02;2.7250000e+02;-1.2198563e-01;2.7250000e+02;-6.6902392e-02;2.7250000e+02;-4.0141005e-02;2.7250000e+02;3.4569427e-03;2.7250000e+02;7.1324490e-02;2.7250000e+02;1.6837716e-01;2.7250000e+02;2.5266072e-01;2.7250000e+02;2.7379143e-01;2.7250000e+02;2.3898184e-01;2.7250000e+02;1.8274316e-01;2.7250000e+02;2.1888401e-01;2.7250000e+02;1.9304317e-01;2.7250000e+02;1.4634088e-01;2.7250000e+02;9.8404795e-02;2.7250000e+02;5.0070651e-02;2.7250000e+02;8.5775778e-03;2.7250000e+02;-3.9975777e-02;2.7250000e+02;-7.8834184e-02;2.7250000e+02;-1.2198563e-01;2.7250000e+02;-6.6902392e-02;2.7250000e+02;-4.0141005e-02;2.7250000e+02;3.4569427e-03;2.7250000e+02;7.1324490e-02;2.7250000e+02;1.6837716e-01;2.7250000e+02;2.5266072e-01;2.7250000e+02;2.7379143e-01;2.7250000e+02;2.3898184e-01;2.7250000e+02;1.8274316e-01;2.7250000e+02;2.1888401e-01;2.7250000e+02;1.9304317e-01;2.7250000e+02;1.4634088e-01;2.7250000e+02;9.8404795e-02;2.7250000e+02;5.0070651e-02;2.7250000e+02;8.5775778e-03;2.7250000e+02;-3.9975777e-02;2.7250000e+02;-7.8834184e-02;2.7250000e+02;-1.2198563e-01;2.7250000e+02;-6.6902392e-02;2.7250000e+02;-4.0141005e-02;2.7250000e+02;3.4569427e-03;2.7250000e+02;7.1324490e-02;2.7250000e+02;1.6837716e-01;2.7250000e+02;2.5266072e-01;2.7250000e+02;2.7379143e-01;2.7250000e+02;2.3898184e-01;2.7250000e+02;1.8274316e-01;2.7250000e+02;2.1888401e-01;2.7250000e+02;1.9304317e-01;2.7250000e+02;1.4634088e-01;2.7250000e+02;9.8404795e-02;2.7250000e+02;5.0070651e-02;2.7250000e+02;8.5775778e-03;2.7250000e+02;-3.9975777e-02;2.7250000e+02;-7.8834184e-02;2.7250000e+02;-1.2198563e-01;2.7250000e+02;-6.6902392e-02;2.7250000e+02;-4.0141005e-02;2.7250000e+02;3.4569427e-03;2.7250000e+02;7.1324490e-02;2.7250000e+02;1.6837716e-01;2.7250000e+02;2.5266072e-01;2.7250000e+02;2.7379143e-01;2.7250000e+02;2.3898184e-01;2.7250000e+02;1.8274316e-01;2.7250000e+02;2.1888401e-01;2.7250000e+02;1.9304317e-01;2.7250000e+02;1.4634088e-01;2.7250000e+02;9.8404795e-02;2.7250000e+02;5.0070651e-02;2.7250000e+02;8.5775778e-03;2.7250000e+02;-3.9975777e-02;2.7250000e+02;-7.8834184e-02;2.7250000e+02;-1.2198563e-01;2.7250000e+02;-6.6902392e-02;2.7250000e+02;-4.0141005e-02;2.7250000e+02;3.4569427e-03;2.7250000e+02;7.1324490e-02;2.7250000e+02;1.6837716e-01;2.7250000e+02;2.5266072e-01;2.7250000e+02;2.7379143e-01;2.7250000e+02;2.3898184e-01;2.7250000e+02;1.8274316e-01;2.7250000e+02;2.1888401e-01;2.7250000e+02;1.9304317e-01;2.7250000e+02;1.4634088e-01;2.7250000e+02;9.8404795e-02;2.7250000e+02;5.0070651e-02;2.7250000e+02;8.5775778e-03;2.7250000e+02;-3.9975777e-02;2.7250000e+02;-7.8834184e-02;2.7250000e+02;-1.2198563e-01;2.7250000e+02;-6.6902392e-02;2.7250000e+02;-4.0141005e-02;2.7250000e+02;3.4569427e-03;2.7250000e+02;7.1324490e-02;2.7250000e+02;1.6837716e-01;2.7250000e+02;2.5266072e-01;2.7250000e+02;2.7379143e-01;2.7250000e+02;2.3898184e-01;2.7250000e+02;1.8274316e-01;2.7250000e+02;2.1888401e-01;2.7250000e+02;1.9304317e-01;2.7250000e+02;1.4634088e-01;2.7250000e+02;9.8404795e-02;2.7250000e+02;5.0070651e-02;2.7250000e+02;8.5775778e-03;2.7250000e+02;-3.9975777e-02;2.7250000e+02;-7.8834184e-02;2.7250000e+02;-1.2198563e-01;2.7250000e+02;-6.6902392e-02;2.7250000e+02;-4.0141005e-02;2.7250000e+02;3.4569427e-03;2.7250000e+02;7.1324490e-02;2.7250000e+02;1.6837716e-01;2.7250000e+02;2.5266072e-01;2.7250000e+02;2.7379143e-01;2.7250000e+02;2.3898184e-01;2.7250000e+02;1.8274316e-01;2.7250000e+02;2.1888401e-01;2.7250000e+02;1.9304317e-01;2.7250000e+02;1.4634088e-01;2.7250000e+02;9.8404795e-02;2.7250000e+02;5.0070651e-02;2.7250000e+02;8.5775778e-03;2.7250000e+02;-3.9975777e-02;2.7250000e+02;-7.8834184e-02;2.7250000e+02;-1.2198563e-01;2.7250000e+02;-6.6902392e-02;2.7250000e+02;-4.0141005e-02;2.7250000e+02;3.4569427e-03;2.7250000e+02;7.1324490e-02;2.7250000e+02;1.6837716e-01;2.7250000e+02;2.5266072e-01;2.7250000e+02;2.7379143e-01;2.7250000e+02;2.3898184e-01;2.7250000e+02;1.8274316e-01;2.7250000e+02;2.1888401e-01;2.7250000e+02;1.9304317e-01;2.7250000e+02;1.4634088e-01;2.7250000e+02;9.8404795e-02;2.7250000e+02;5.0070651e-02;2.7250000e+02;8.5775778e-03;2.7250000e+02;-3.9975777e-02;2.7250000e+02;-7.8834184e-02;2.7250000e+02;-1.2198563e-01;2.7250000e+02;-6.6902392e-02;2.7250000e+02;-4.0141005e-02;2.7250000e+02;3.4569427e-03;2.7250000e+02;7.1324490e-02;2.7250000e+02;1.6837716e-01;2.7250000e+02;2.5266072e-01;2.7250000e+02;2.7379143e-01;2.7250000e+02;2.3898184e-01;2.7250000e+02;1.8274316e-01;2.7250000e+02;2.1888401e-01;2.7250000e+02;1.9304317e-01;2.7250000e+02;1.4634088e-01;2.7250000e+02;9.8404795e-02;2.7250000e+02;5.0070651e-02;2.7250000e+02;8.5775778e-03;2.7250000e+02;-3.9975777e-02;2.7250000e+02;-7.8834184e-02;2.7250000e+02;-1.2198563e-01;2.7250000e+02;-6.6902392e-02;2.7250000e+02;-4.0141005e-02;2.7250000e+02;3.4569427e-03;2.7250000e+02;7.1324490e-02;2.7250000e+02;1.6837716e-01;2.7250000e+02;2.5266072e-01;2.7250000e+02;2.7379143e-01;2.7250000e+02;2.3898184e-01;2.7250000e+02;1.8274316e-01;2.7250000e+02;2.1888401e-01;2.7250000e+02;1.9304317e-01;2.7250000e+02;1.4634088e-01;2.7250000e+02;9.8404795e-02;2.7250000e+02;5.0070651e-02;2.7250000e+02;8.5775778e-03;2.7250000e+02;-3.9975777e-02;2.7250000e+02;-7.8834184e-02;2.7250000e+02;-1.2198563e-01;2.7250000e+02;-6.6902392e-02;2.7250000e+02;-4.0141005e-02;2.7250000e+02;3.4569427e-03;2.7250000e+02;7.1324490e-02;2.7250000e+02;1.6837716e-01;2.7250000e+02;2.5266072e-01;2.7250000e+02;2.7379143e-01;2.7250000e+02;2.3898184e-01;2.7250000e+02;1.8274316e-01;2.7250000e+02;2.1888401e-01;2.7250000e+02;1.9304317e-01;2.7250000e+02;1.4634088e-01;2.7250000e+02;9.8404795e-02;2.7250000e+02;5.0070651e-02;2.7250000e+02;8.5775778e-03;2.7250000e+02;-3.9975777e-02;2.7250000e+02;-7.8834184e-02;2.7250000e+02;-1.2198563e-01;2.7250000e+02;-6.6902392e-02;2.7250000e+02;-4.0141005e-02;2.7250000e+02;3.4569427e-03;2.7250000e+02;7.1324490e-02;2.7250000e+02;1.6837716e-01;2.7250000e+02;2.5266072e-01;2.7250000e+02;2.7379143e-01;2.7250000e+02;2.3898184e-01;2.7250000e+02;1.8274316e-01;2.7250000e+02;2.1888401e-01;2.7250000e+02;1.9304317e-01;2.7250000e+02;1.4634088e-01;2.7250000e+02;9.8404795e-02;2.7250000e+02;5.0070651e-02;2.7250000e+02;8.5775778e-03;2.7250000e+02;-3.9975777e-02;2.7250000e+02;-7.8834184e-02;2.7250000e+02;-1.2198563e-01;2.7250000e+02;-6.6902392e-02;2.7250000e+02;-4.0141005e-02;2.7250000e+02;3.4569427e-03;2.7250000e+02;7.1324490e-02;2.7250000e+02;1.6837716e-01;2.7250000e+02;2.5266072e-01;2.7250000e+02;2.7379143e-01;2.7250000e+02;2.3898184e-01;2.7250000e+02;1.8274316e-01;2.7250000e+02;2.1888401e-01;2.7250000e+02;1.9304317e-01;2.7250000e+02;1.4634088e-01;2.7250000e+02;9.8404795e-02;2.7250000e+02;5.0070651e-02;2.7250000e+02;8.5775778e-03;2.7250000e+02;-3.9975777e-02;2.7250000e+02;-7.8834184e-02;2.7250000e+02;-1.2198563e-01;2.7250000e+02;-6.6902392e-02;2.7250000e+02;-4.0141005e-02;2.7250000e+02;3.4569427e-03;2.7250000e+02;7.1324490e-02;2.7250000e+02;1.6837716e-01;2.7250000e+02;2.5266072e-01;2.7250000e+02;2.7379143e-01;2.7250000e+02;2.3898184e-01;2.7250000e+02;1.8274316e-01;2.7250000e+02;2.1888401e-01;2.7250000e+02;1.9304317e-01;2.7250000e+02;1.4634088e-01;2.7250000e+02;9.8404795e-02;2.7250000e+02;5.0070651e-02;2.7250000e+02;8.5775778e-03;2.7250000e+02;-3.9975777e-02;2.7250000e+02;-7.8834184e-02;2.7250000e+02;-1.2198563e-01;2.7250000e+02;-6.6902392e-02;2.7250000e+02;-4.0141005e-02;2.7250000e+02;3.4569427e-03;2.7250000e+02;7.1324490e-02;2.7250000e+02;1.6837716e-01;2.7250000e+02;2.5266072e-01;2.7250000e+02;2.7379143e-01;2.7250000e+02;2.3898184e-01;2.7250000e+02;1.8274316e-01;2.7250000e+02;2.1888401e-01;2.7250000e+02;1.9304317e-01;2.7250000e+02;1.4634088e-01;2.7250000e+02;9.8404795e-02;2.7250000e+02;5.0070651e-02;2.7250000e+02;8.5775778e-03;2.7250000e+02;-3.9975777e-02;2.7250000e+02;-7.8834184e-02;2.7250000e+02;-1.2198563e-01;2.7250000e+02;-6.6902392e-02;2.7250000e+02;-4.0141005e-02;2.7250000e+02;3.4569427e-03;2.7250000e+02;7.1324490e-02;2.7250000e+02;1.6837716e-01;2.7250000e+02;2.5266072e-01;2.7250000e+02;2.7379143e-01;2.7250000e+02;2.3898184e-01;2.7250000e+02;1.8274316e-01;2.7250000e+02;2.1888401e-01;2.7250000e+02;1.9304317e-01;2.7250000e+02;1.4634088e-01;2.7250000e+02;9.8404795e-02;2.7250000e+02;5.0070651e-02;2.7250000e+02;8.5775778e-03;2.7250000e+02;-3.9975777e-02;2.7250000e+02;-7.8834184e-02;2.7250000e+02;-1.2198563e-01;2.7250000e+02;-6.6902392e-02;2.7250000e+02;-4.0141005e-02;2.7250000e+02;3.4569427e-03;2.7250000e+02;7.1324490e-02;2.7250000e+02;1.6837716e-01;2.7250000e+02;2.5266072e-01;2.7250000e+02;2.7379143e-01;2.7250000e+02;2.3898184e-01;2.7250000e+02;1.8274316e-01;2.7250000e+02;2.1888401e-01;2.7250000e+02;1.9304317e-01;2.7250000e+02;1.4634088e-01;2.7250000e+02;9.8404795e-02;2.7250000e+02;5.0070651e-02;2.7250000e+02;8.5775778e-03;2.7250000e+02;-3.9975777e-02;2.7250000e+02;-7.8834184e-02;2.7250000e+02;-1.2198563e-01;2.7250000e+02;-6.6902392e-02;2.7250000e+02;-4.0141005e-02;2.7250000e+02;3.4569427e-03;2.7250000e+02;7.1324490e-02;2.7250000e+02;1.6837716e-01;2.7250000e+02;2.5266072e-01;2.7250000e+02;2.7379143e-01;2.7250000e+02;2.3898184e-01;2.7250000e+02;1.8274316e-01;2.7250000e+02;2.1888401e-01;2.7250000e+02;1.9304317e-01;2.7250000e+02;1.4634088e-01;2.7250000e+02;9.8404795e-02;2.7250000e+02;5.0070651e-02;2.7250000e+02;8.5775778e-03;2.7250000e+02;-3.9975777e-02;2.7250000e+02;-7.8834184e-02;2.7250000e+02;-1.2198563e-01;2.7250000e+02;-6.6902392e-02;2.7250000e+02;-4.0141005e-02;2.7250000e+02;3.4569427e-03;2.7250000e+02;7.1324490e-02;2.7250000e+02;1.6837716e-01;2.7250000e+02;2.5266072e-01;2.7250000e+02;2.7379143e-01;2.7250000e+02;2.3898184e-01;2.7250000e+02;1.8274316e-01;2.7250000e+02;2.1888401e-01;2.7250000e+02;1.9304317e-01;2.7250000e+02;1.4634088e-01;2.7250000e+02;9.8404795e-02;2.7250000e+02;5.0070651e-02;2.7250000e+02;8.5775778e-03;2.7250000e+02;-3.9975777e-02;2.7250000e+02;-7.8834184e-02;2.7250000e+02;-1.2198563e-01;2.7250000e+02;-6.6902392e-02;2.7250000e+02;-4.0141005e-02;2.7250000e+02;3.4569427e-03;2.7250000e+02;7.1324490e-02;2.7250000e+02;1.6837716e-01;2.7250000e+02;2.5266072e-01;2.7250000e+02;2.7379143e-01;2.7250000e+02;2.3898184e-01;2.7250000e+02;1.8274316e-01;2.7250000e+02;2.1888401e-01;2.7250000e+02;1.9304317e-01;2.7250000e+02;1.4634088e-01;2.7250000e+02;9.8404795e-02;2.7250000e+02;5.0070651e-02;2.7250000e+02;8.5775778e-03;2.7250000e+02;-3.9975777e-02;2.7250000e+02;-7.8834184e-02;2.7250000e+02;-1.2198563e-01;2.7250000e+02;-6.6902392e-02;2.7250000e+02;-4.0141005e-02;2.7250000e+02;3.4569427e-03;2.7250000e+02;7.1324490e-02;2.7250000e+02;1.6837716e-01;2.7250000e+02;2.5266072e-01;2.7250000e+02;2.7379143e-01;2.7250000e+02;2.3898184e-01;2.7250000e+02;1.8274316e-01;2.7250000e+02;2.1888401e-01;2.7250000e+02;1.9304317e-01;2.7250000e+02;1.4634088e-01;2.7250000e+02;9.8404795e-02;2.7250000e+02;5.0070651e-02;2.7250000e+02;8.5775778e-03;2.7250000e+02;-3.9975777e-02;2.7250000e+02;-7.8834184e-02;2.7250000e+02;-1.2198563e-01;2.7250000e+02;-6.6902392e-02;2.7250000e+02;-4.0141005e-02;2.7250000e+02;3.4569427e-03;2.7250000e+02;7.1324490e-02;2.7250000e+02;1.6837716e-01;2.7250000e+02;2.5266072e-01;2.7250000e+02;2.7379143e-01;2.7250000e+02;2.3898184e-01;2.7250000e+02;1.8274316e-01;2.7250000e+02;2.1888401e-01;2.7250000e+02;1.9304317e-01;2.7250000e+02;1.4634088e-01;2.7250000e+02;9.8404795e-02;2.7250000e+02;5.0070651e-02;2.7250000e+02;8.5775778e-03;2.7250000e+02;-3.9975777e-02;2.7250000e+02;-7.8834184e-02;2.7250000e+02;-1.2198563e-01;2.7250000e+02;-6.6902392e-02;2.7250000e+02;-4.0141005e-02;2.7250000e+02;3.4569427e-03;2.7250000e+02;7.1324490e-02;2.7250000e+02;1.6837716e-01;2.7250000e+02;2.5266072e-01;2.7250000e+02;2.7379143e-01;2.7250000e+02;2.3898184e-01;2.7250000e+02;1.8274316e-01;2.7250000e+02;2.1888401e-01;2.7250000e+02;1.9304317e-01;2.7250000e+02;1.4634088e-01;2.7250000e+02;9.8404795e-02;2.7250000e+02;5.0070651e-02;2.7250000e+02;8.5775778e-03;2.7250000e+02;-3.9975777e-02;2.7250000e+02;-7.8834184e-02;2.7250000e+02;-1.2198563e-01;2.7250000e+02;-6.6902392e-02;2.7250000e+02;-4.0141005e-02;2.7250000e+02;3.4569427e-03;2.7250000e+02;7.1324490e-02;2.7250000e+02;1.6837716e-01;2.7250000e+02;2.5266072e-01;2.7250000e+02;2.7379143e-01;2.7250000e+02;2.3898184e-01;2.7250000e+02;1.8274316e-01;2.7250000e+02;2.1888401e-01;2.7250000e+02;1.9304317e-01;2.7250000e+02;1.4634088e-01;2.7250000e+02;9.8404795e-02;2.7250000e+02;5.0070651e-02;2.7250000e+02;8.5775778e-03;2.7250000e+02;-3.9975777e-02;2.7250000e+02;-7.8834184e-02;2.7250000e+02;-1.2198563e-01;2.7250000e+02;-6.6902392e-02;2.7250000e+02;-4.0141005e-02;2.7250000e+02;3.4569427e-03;2.7250000e+02;7.1324490e-02;2.7250000e+02;1.6837716e-01;2.7250000e+02;2.5266072e-01;2.7250000e+02;2.7379143e-01;2.7250000e+02;2.3898184e-01;2.7250000e+02;1.8274316e-01;2.7250000e+02;2.1888401e-01;2.7250000e+02;1.9304317e-01;2.7250000e+02;1.4634088e-01;2.7250000e+02;9.8404795e-02;2.7250000e+02;5.0070651e-02;2.7250000e+02;8.5775778e-03;2.7250000e+02;-3.9975777e-02;2.7250000e+02;-7.8834184e-02;2.7250000e+02;-1.2198563e-01;2.7250000e+02;-6.6902392e-02;2.7250000e+02;-4.0141005e-02;2.7250000e+02;3.4569427e-03;2.7250000e+02;7.1324490e-02;2.7250000e+02;1.6837716e-01;2.7250000e+02;2.5266072e-01;2.7250000e+02;2.7379143e-01;2.7250000e+02;2.3898184e-01;2.7250000e+02;1.8274316e-01;2.7250000e+02;2.1888401e-01;2.7250000e+02;1.9304317e-01;2.7250000e+02;1.4634088e-01;2.7250000e+02;9.8404795e-02;2.7250000e+02;5.0070651e-02;2.7250000e+02;8.5775778e-03;2.7250000e+02;-3.9975777e-02;2.7250000e+02;-7.8834184e-02;2.7250000e+02;-1.2198563e-01;2.7250000e+02;-6.6902392e-02;2.7250000e+02;-4.0141005e-02;2.7250000e+02;3.4569427e-03;2.7250000e+02;7.1324490e-02;2.7250000e+02;1.6837716e-01;2.7250000e+02;2.5266072e-01;2.7250000e+02;2.7379143e-01;2.7250000e+02;2.3898184e-01;2.7250000e+02;1.8274316e-01;2.7250000e+02;2.1888401e-01;2.7250000e+02;1.9304317e-01;2.7250000e+02;1.4634088e-01;2.7250000e+02;9.8404795e-02;2.7250000e+02;5.0070651e-02;2.7250000e+02;8.5775778e-03;2.7250000e+02;-3.9975777e-02;2.7250000e+02;-7.8834184e-02;2.7250000e+02;-1.2198563e-01;2.7250000e+02;-6.6902392e-02;2.7250000e+02;-4.0141005e-02;2.7250000e+02;3.4569427e-03;2.7250000e+02;7.1324490e-02;2.7250000e+02;1.6837716e-01;2.7250000e+02;2.5266072e-01;2.7250000e+02;2.7379143e-01;2.7250000e+02;2.3898184e-01;2.7250000e+02;1.8274316e-01;2.7250000e+02;2.1888401e-01;2.7250000e+02;1.9304317e-01;2.7250000e+02;1.4634088e-01;2.7250000e+02;9.8404795e-02;2.7250000e+02;5.0070651e-02;2.7250000e+02;8.5775778e-03;2.7250000e+02;-3.9975777e-02;2.7250000e+02;-7.8834184e-02;2.7250000e+02;-1.2198563e-01;2.7250000e+02;-6.6902392e-02;2.7250000e+02;-4.0141005e-02;2.7250000e+02;3.4569427e-03;2.7250000e+02;7.1324490e-02;2.7250000e+02;1.6837716e-01;2.7250000e+02;2.5266072e-01;2.7250000e+02;2.7379143e-01;2.7250000e+02;2.3898184e-01;2.7250000e+02;1.8274316e-01;2.7250000e+02;2.1888401e-01;2.7250000e+02;1.9304317e-01;2.7250000e+02;1.4634088e-01;2.7250000e+02;9.8404795e-02;2.7250000e+02;5.0070651e-02;2.7250000e+02;8.5775778e-03;2.7250000e+02;-3.9975777e-02;2.7250000e+02;-7.8834184e-02;2.7250000e+02;-1.2198563e-01;2.7250000e+02;-6.6902392e-02;2.7250000e+02;-4.0141005e-02;2.7250000e+02;3.4569427e-03;2.7250000e+02;7.1324490e-02;2.7250000e+02;1.6837716e-01;2.7250000e+02;2.5266072e-01;2.7250000e+02;2.7379143e-01;2.7250000e+02;2.3898184e-01;2.7250000e+02;1.8274316e-01;2.7250000e+02;2.1888401e-01;2.7250000e+02;1.9304317e-01;2.7250000e+02;1.4634088e-01;2.7250000e+02;9.8404795e-02;2.7250000e+02;5.0070651e-02;2.7250000e+02;8.5775778e-03;2.7250000e+02;-3.9975777e-02;2.7250000e+02;-7.8834184e-02;2.7250000e+02;-1.2198563e-01;2.7250000e+02;-6.6902392e-02;2.7250000e+02;-4.0141005e-02;2.7250000e+02;3.4569427e-03;2.7250000e+02;7.1324490e-02;2.7250000e+02;1.6837716e-01;2.7250000e+02;2.5266072e-01;2.7250000e+02;2.7379143e-01;2.7250000e+02;2.3898184e-01;2.7250000e+02;1.8274316e-01;2.7250000e+02;2.1888401e-01;2.7250000e+02;1.9304317e-01;2.7250000e+02;1.4634088e-01;2.7250000e+02;9.8404795e-02;2.7250000e+02;5.0070651e-02;2.7250000e+02;8.5775778e-03;2.7250000e+02;-3.9975777e-02;2.7250000e+02;-7.8834184e-02;2.7250000e+02;-1.2198563e-01;2.7250000e+02;-6.6902392e-02;2.7250000e+02;-4.0141005e-02;2.7250000e+02;3.4569427e-03;2.7250000e+02;7.1324490e-02;2.7250000e+02;1.6837716e-01;2.7250000e+02;2.5266072e-01;2.7250000e+02;2.7379143e-01;2.7250000e+02;2.3898184e-01;2.7250000e+02;1.8274316e-01;2.7250000e+02;2.1888401e-01;2.7250000e+02;1.9304317e-01;2.7250000e+02;1.4634088e-01;2.7250000e+02;9.8404795e-02;2.7250000e+02;5.0070651e-02;2.7250000e+02;8.5775778e-03;2.7250000e+02;-3.9975777e-02;2.7250000e+02;-7.8834184e-02;2.7250000e+02;-1.2198563e-01;2.7250000e+02;-6.6902392e-02;2.7250000e+02;-4.0141005e-02;2.7250000e+02;3.4569427e-03;2.7250000e+02;7.1324490e-02;2.7250000e+02;1.6837716e-01;2.7250000e+02;2.5266072e-01;2.7250000e+02;2.7379143e-01;2.7250000e+02;2.3898184e-01;2.7250000e+02;1.8274316e-01;2.7250000e+02;2.1888401e-01;2.7250000e+02;1.9304317e-01;2.7250000e+02;1.4634088e-01;2.7250000e+02;9.8404795e-02;2.7250000e+02;5.0070651e-02;2.7250000e+02;8.5775778e-03;2.7250000e+02;-3.9975777e-02;2.7250000e+02;-7.8834184e-02;2.7250000e+02;-1.2198563e-01;2.7250000e+02;-6.6902392e-02;2.7250000e+02;-4.0141005e-02;2.7250000e+02;3.4569427e-03;2.7250000e+02;7.1324490e-02;2.7250000e+02;1.6837716e-01;2.7250000e+02;2.5266072e-01;2.7250000e+02;2.7379143e-01;2.7250000e+02;2.3898184e-01;2.7250000e+02;1.8274316e-01;2.7250000e+02;2.1888401e-01;2.7250000e+02;1.9304317e-01;2.7250000e+02;1.4634088e-01;2.7250000e+02;9.8404795e-02;2.7250000e+02;5.0070651e-02;2.7250000e+02;8.5775778e-03;2.7250000e+02;-3.9975777e-02;2.7250000e+02;-7.8834184e-02;2.7250000e+02;-1.2198563e-01;2.7250000e+02;-6.6902392e-02;2.7250000e+02;-4.0141005e-02;2.7250000e+02;3.4569427e-03;2.7250000e+02;7.1324490e-02;2.7250000e+02;1.6837716e-01;2.7250000e+02;2.5266072e-01;2.7250000e+02;2.7379143e-01;2.7250000e+02;2.3898184e-01;2.7250000e+02;1.8274316e-01;2.7250000e+02;2.1888401e-01;2.7250000e+02;1.9304317e-01;2.7250000e+02;1.4634088e-01;2.7250000e+02;9.8404795e-02;2.7250000e+02;5.0070651e-02;2.7250000e+02;8.5775778e-03;2.7250000e+02;-3.9975777e-02;2.7250000e+02;-7.8834184e-02;2.7250000e+02;-1.2198563e-01;2.7250000e+02;-6.6902392e-02;2.7250000e+02;-4.0141005e-02;2.7250000e+02;3.4569427e-03;2.7250000e+02;7.1324490e-02;2.7250000e+02;1.6837716e-01;2.7250000e+02;2.5266072e-01;2.7250000e+02;2.7379143e-01;2.7250000e+02;2.3898184e-01;2.7250000e+02;1.8274316e-01;2.7250000e+02;2.1888401e-01;2.7250000e+02;1.9304317e-01;2.7250000e+02;1.4634088e-01;2.7250000e+02;9.8404795e-02;2.7250000e+02;5.0070651e-02;2.7250000e+02;8.5775778e-03;2.7250000e+02;-3.9975777e-02;2.7250000e+02;-7.8834184e-02;2.7250000e+02;-1.2198563e-01;2.7250000e+02;-6.6902392e-02;2.7250000e+02;-4.0141005e-02;2.7250000e+02;3.4569427e-03;2.7250000e+02;7.1324490e-02;2.7250000e+02;1.6837716e-01;2.7250000e+02;2.5266072e-01;2.7250000e+02;2.7379143e-01;2.7250000e+02;2.3898184e-01;2.7250000e+02;1.8274316e-01;2.7250000e+02;2.1888401e-01;2.7250000e+02;1.9304317e-01;2.7250000e+02;1.4634088e-01;2.7250000e+02;9.8404795e-02;2.7250000e+02;5.0070651e-02;2.7250000e+02;8.5775778e-03;2.7250000e+02;-3.9975777e-02;2.7250000e+02;-7.8834184e-02;2.7250000e+02;-1.2198563e-01;2.7250000e+02;-6.6902392e-02;2.7250000e+02;-4.0141005e-02;2.7250000e+02;3.4569427e-03;2.7250000e+02;7.1324490e-02;2.7250000e+02;1.6837716e-01;2.7250000e+02;2.5266072e-01;2.7250000e+02;2.7379143e-01;2.7250000e+02;2.3898184e-01;2.7250000e+02;1.8274316e-01;2.7250000e+02;2.1888401e-01;2.7250000e+02;1.9304317e-01;2.7250000e+02;1.4634088e-01;2.7250000e+02;9.8404795e-02;2.7250000e+02;5.0070651e-02;2.7250000e+02;8.5775778e-03;2.7250000e+02;-3.9975777e-02;2.7250000e+02;-7.8834184e-02;2.7250000e+02;-1.2198563e-01;2.7250000e+02;-6.6902392e-02;2.7250000e+02;-4.0141005e-02;2.7250000e+02;3.4569427e-03;2.7250000e+02;7.1324490e-02;2.7250000e+02;1.6837716e-01;2.7250000e+02;2.5266072e-01;2.7250000e+02;2.7379143e-01;2.7250000e+02;2.3898184e-01;2.7250000e+02;1.8274316e-01;2.7250000e+02;2.1888401e-01;2.7250000e+02;1.9304317e-01;2.7250000e+02;1.4634088e-01;2.7250000e+02;9.8404795e-02;2.7250000e+02;5.0070651e-02;2.7250000e+02;8.5775778e-03;2.7250000e+02;-3.9975777e-02;2.7250000e+02;-7.8834184e-02;2.7250000e+02;-1.2198563e-01;2.7250000e+02;-6.6902392e-02;2.7250000e+02;-4.0141005e-02;2.7250000e+02;3.4569427e-03;2.7250000e+02;7.1324490e-02;2.7250000e+02;1.6837716e-01;2.7250000e+02;2.5266072e-01;2.7250000e+02;2.7379143e-01;2.7250000e+02;2.3898184e-01;2.7250000e+02;1.8274316e-01;2.7250000e+02;2.1888401e-01;2.7250000e+02;1.9304317e-01;2.7250000e+02;1.4634088e-01;2.7250000e+02;9.8404795e-02;2.7250000e+02;5.0070651e-02;2.7250000e+02;8.5775778e-03;2.7250000e+02;-3.9975777e-02;2.7250000e+02;-7.8834184e-02;2.7250000e+02;-1.2198563e-01;2.7250000e+02;-6.6902392e-02;2.7250000e+02;-4.0141005e-02;2.7250000e+02;3.4569427e-03;2.7250000e+02;7.1324490e-02;2.7250000e+02;1.6837716e-01;2.7250000e+02;2.5266072e-01;2.7250000e+02;2.7379143e-01;2.7250000e+02;2.3898184e-01;2.7250000e+02;1.8274316e-01;2.7250000e+02;2.1888401e-01;2.7250000e+02;1.9304317e-01;2.7250000e+02;1.4634088e-01;2.7250000e+02;9.8404795e-02;2.7250000e+02;5.0070651e-02;2.7250000e+02;8.5775778e-03;2.7250000e+02;-3.9975777e-02;2.7250000e+02;-7.8834184e-02;2.7250000e+02;-1.2198563e-01;2.7250000e+02;-6.6902392e-02;2.7250000e+02;-4.0141005e-02;2.7250000e+02;3.4569427e-03;2.7250000e+02;7.1324490e-02;2.7250000e+02;1.6837716e-01;2.7250000e+02;2.5266072e-01;2.7250000e+02;2.7379143e-01;2.7250000e+02;2.3898184e-01;2.7250000e+02;1.8274316e-01;2.7250000e+02;2.1888401e-01;2.7250000e+02;1.9304317e-01;2.7250000e+02;1.4634088e-01;2.7250000e+02;9.8404795e-02;2.7250000e+02;5.0070651e-02;2.7250000e+02;8.5775778e-03;2.7250000e+02;-3.9975777e-02;2.7250000e+02;-7.8834184e-02;2.7250000e+02;-1.2198563e-01;2.7250000e+02;-6.6902392e-02;2.7250000e+02;-4.0141005e-02;2.7250000e+02;3.4569427e-03;2.7250000e+02;7.1324490e-02;2.7250000e+02;1.6837716e-01;2.7250000e+02;2.5266072e-01;2.7250000e+02;2.7379143e-01;2.7250000e+02;2.3898184e-01;2.7250000e+02;1.8274316e-01;2.7250000e+02;2.1888401e-01;2.7250000e+02;1.9304317e-01;2.7250000e+02;1.4634088e-01;2.7250000e+02;9.8404795e-02;2.7250000e+02;5.0070651e-02;2.7250000e+02;8.5775778e-03;2.7250000e+02;-3.9975777e-02;2.7250000e+02;-7.8834184e-02;2.7250000e+02;-1.2198563e-01;2.7250000e+02;-6.6902392e-02;2.7250000e+02;-4.0141005e-02;2.7250000e+02;3.4569427e-03;2.7250000e+02;7.1324490e-02;2.7250000e+02;1.6837716e-01;2.7250000e+02;2.5266072e-01;2.7250000e+02;2.7379143e-01;2.7250000e+02;2.3898184e-01;2.7250000e+02;1.8274316e-01;2.7250000e+02;2.1888401e-01;2.7250000e+02;1.9304317e-01;2.7250000e+02;1.4634088e-01;2.7250000e+02;9.8404795e-02;2.7250000e+02;5.0070651e-02;2.7250000e+02;8.5775778e-03;2.7250000e+02;-3.9975777e-02;2.7250000e+02;-7.8834184e-02;2.7250000e+02;-1.2198563e-01;2.7250000e+02;-6.6902392e-02;2.7250000e+02;-4.0141005e-02;2.7250000e+02;3.4569427e-03;2.7250000e+02;7.1324490e-02;2.7250000e+02;1.6837716e-01;2.7250000e+02;2.5266072e-01;2.7250000e+02;2.7379143e-01;2.7250000e+02;2.3898184e-01;2.7250000e+02;1.8274316e-01;2.7250000e+02;2.1888401e-01;2.7250000e+02;1.9304317e-01;2.7250000e+02;1.4634088e-01;2.7250000e+02;9.8404795e-02;2.7250000e+02;5.0070651e-02;2.7250000e+02;8.5775778e-03;2.7250000e+02;-3.9975777e-02;2.7250000e+02;-7.8834184e-02;2.7250000e+02;-1.2198563e-01;2.7250000e+02;-6.6902392e-02;2.7250000e+02;-4.0141005e-02;2.7250000e+02;3.4569427e-03;2.7250000e+02;7.1324490e-02;2.7250000e+02;1.6837716e-01;2.7250000e+02;2.5266072e-01;2.7250000e+02;2.7379143e-01;2.7250000e+02;2.3898184e-01;2.7250000e+02;1.8274316e-01;2.7250000e+02;2.1888401e-01;2.7250000e+02;1.9304317e-01;2.7250000e+02;1.4634088e-01;2.7250000e+02;9.8404795e-02;2.7250000e+02;5.0070651e-02;2.7250000e+02;8.5775778e-03;2.7250000e+02;-3.9975777e-02;2.7250000e+02;-7.8834184e-02;2.7250000e+02;-1.2198563e-01;2.7250000e+02;-6.6902392e-02;2.7250000e+02;-4.0141005e-02;2.7250000e+02;3.4569427e-03;2.7250000e+02;7.1324490e-02;2.7250000e+02;1.6837716e-01;2.7250000e+02;2.5266072e-01;2.7250000e+02;2.7379143e-01;2.7250000e+02;2.3898184e-01;2.7250000e+02;1.8274316e-01;2.7250000e+02;2.1888401e-01;2.7250000e+02;1.9304317e-01;2.7250000e+02;1.4634088e-01;2.7250000e+02;9.8404795e-02;2.7250000e+02;5.0070651e-02;2.7250000e+02;8.5775778e-03;2.7250000e+02;-3.9975777e-02;2.7250000e+02;-7.8834184e-02;2.7250000e+02;-1.2198563e-01;2.7250000e+02;-6.6902392e-02;2.7250000e+02;-4.0141005e-02;2.7250000e+02;3.4569427e-03;2.7250000e+02;7.1324490e-02;2.7250000e+02;1.6837716e-01;2.7250000e+02;2.5266072e-01;2.7250000e+02;2.7379143e-01;2.7250000e+02;2.3898184e-01;2.7250000e+02;1.8274316e-01;2.7250000e+02;2.1888401e-01;2.7250000e+02;1.9304317e-01;2.7250000e+02;1.4634088e-01;2.7250000e+02;9.8404795e-02;2.7250000e+02;5.0070651e-02;2.7250000e+02;8.5775778e-03;2.7250000e+02;-3.9975777e-02;2.7250000e+02;-7.8834184e-02;2.7250000e+02;-1.2198563e-01;2.7250000e+02;-6.6902392e-02;2.7250000e+02;-4.0141005e-02;2.7250000e+02;3.4569427e-03;2.7250000e+02;7.1324490e-02;2.7250000e+02;1.6837716e-01;2.7250000e+02;2.5266072e-01;2.7250000e+02;2.7379143e-01;2.7250000e+02;2.3898184e-01;2.7250000e+02;1.8274316e-01;2.7250000e+02;2.1888401e-01;2.7250000e+02;1.9304317e-01;2.7250000e+02;1.4634088e-01;2.7250000e+02;9.8404795e-02;2.7250000e+02;5.0070651e-02;2.7250000e+02;8.5775778e-03;2.7250000e+02;-3.9975777e-02;2.7250000e+02;-7.8834184e-02;2.7250000e+02;-1.2198563e-01;2.7250000e+02;-6.6902392e-02;2.7250000e+02;-4.0141005e-02;2.7250000e+02;3.4569427e-03;2.7250000e+02;7.1324490e-02;2.7250000e+02;1.6837716e-01;2.7250000e+02;2.5266072e-01;2.7250000e+02;2.7379143e-01;2.7250000e+02;2.3898184e-01;2.7250000e+02;1.8274316e-01;2.7250000e+02;2.1888401e-01;2.7250000e+02;1.9304317e-01;2.7250000e+02;1.4634088e-01;2.7250000e+02;9.8404795e-02;2.7250000e+02;5.0070651e-02;2.7250000e+02;8.5775778e-03;2.7250000e+02;-3.9975777e-02;2.7250000e+02;-7.8834184e-02;2.7250000e+02;-1.2198563e-01;2.7250000e+02;-6.6902392e-02;2.7250000e+02;-4.0141005e-02;2.7250000e+02;3.4569427e-03;2.7250000e+02;7.1324490e-02;2.7250000e+02;1.6837716e-01;2.7250000e+02;2.5266072e-01;2.7250000e+02;2.7379143e-01;2.7250000e+02;2.3898184e-01;2.7250000e+02;1.8274316e-01;2.7250000e+02;2.1888401e-01;2.7250000e+02;1.9304317e-01;2.7250000e+02;1.4634088e-01;2.7250000e+02;9.8404795e-02;2.7250000e+02;5.0070651e-02;2.7250000e+02;8.5775778e-03;2.7250000e+02;-3.9975777e-02;2.7250000e+02;-7.8834184e-02;2.7250000e+02;-1.2198563e-01;2.7250000e+02;-6.6902392e-02;2.7250000e+02;-4.0141005e-02;2.7250000e+02;3.4569427e-03;2.7250000e+02;7.1324490e-02;2.7250000e+02;1.6837716e-01;2.7250000e+02;2.5266072e-01;2.7250000e+02;2.7379143e-01;2.7250000e+02;2.3898184e-01;2.7250000e+02;1.8274316e-01;2.7250000e+02;2.1888401e-01;2.7250000e+02;1.9304317e-01;2.7250000e+02;1.4634088e-01;2.7250000e+02;9.8404795e-02;2.7250000e+02;5.0070651e-02;2.7250000e+02;8.5775778e-03;2.7250000e+02;-3.9975777e-02;2.7250000e+02;-7.8834184e-02;2.7250000e+02;-1.2198563e-01;2.7250000e+02;-6.6902392e-02;2.7250000e+02;-4.0141005e-02;2.7250000e+02;3.4569427e-03;2.7250000e+02;7.1324490e-02;2.7250000e+02;1.6837716e-01;2.7250000e+02;2.5266072e-01;2.7250000e+02;2.7379143e-01;2.7250000e+02;2.3898184e-01;2.7250000e+02;1.8274316e-01;2.7250000e+02;2.1888401e-01;2.7250000e+02;1.9304317e-01;2.7250000e+02;1.4634088e-01;2.7250000e+02;9.8404795e-02;2.7250000e+02;5.0070651e-02;2.7250000e+02;8.5775778e-03;2.7250000e+02;-3.9975777e-02;2.7250000e+02;-7.8834184e-02;2.7250000e+02;-1.2198563e-01;2.7250000e+02;-6.6902392e-02;2.7250000e+02;-4.0141005e-02;2.7250000e+02;3.4569427e-03;2.7250000e+02;7.1324490e-02;2.7250000e+02;1.6837716e-01;2.7250000e+02;2.5266072e-01;2.7250000e+02;2.7379143e-01;2.7250000e+02;2.3898184e-01;2.7250000e+02;1.8274316e-01;2.7250000e+02;2.1888401e-01;2.7250000e+02;1.9304317e-01;2.7250000e+02;1.4634088e-01;2.7250000e+02;9.8404795e-02;2.7250000e+02;5.0070651e-02;2.7250000e+02;8.5775778e-03;2.7250000e+02;-3.9975777e-02;2.7250000e+02;-7.8834184e-02;2.7250000e+02;-1.2198563e-01;2.7250000e+02;-6.6902392e-02;2.7250000e+02;-4.0141005e-02;2.7250000e+02;3.4569427e-03;2.7250000e+02;7.1324490e-02;2.7250000e+02;1.6837716e-01;2.7250000e+02;2.5266072e-01;2.7250000e+02;2.7379143e-01;2.7250000e+02;2.3898184e-01;2.7250000e+02;1.8274316e-01;2.7250000e+02;2.1888401e-01;2.7250000e+02;1.9304317e-01;2.7250000e+02;1.4634088e-01;2.7250000e+02;9.8404795e-02;2.7250000e+02;5.0070651e-02;2.7250000e+02;8.5775778e-03;2.7250000e+02;-3.9975777e-02;2.7250000e+02;-7.8834184e-02;2.7250000e+02;-1.2198563e-01;2.7250000e+02;-6.6902392e-02;2.7250000e+02;-4.0141005e-02;2.7250000e+02;3.4569427e-03;2.7250000e+02;7.1324490e-02;2.7250000e+02;1.6837716e-01;2.7250000e+02;2.5266072e-01;2.7250000e+02;2.7379143e-01;2.7250000e+02;2.3898184e-01;2.7250000e+02;1.8274316e-01;2.7250000e+02;2.1888401e-01;2.7250000e+02;1.9304317e-01;2.7250000e+02;1.4634088e-01;2.7250000e+02;9.8404795e-02;2.7250000e+02;5.0070651e-02;2.7250000e+02;8.5775778e-03;2.7250000e+02;-3.9975777e-02;2.7250000e+02;-7.8834184e-02;2.7250000e+02;-1.2198563e-01;2.7250000e+02;-6.6902392e-02;2.7250000e+02;-4.0141005e-02;2.7250000e+02;3.4569427e-03;2.7250000e+02;7.1324490e-02;2.7250000e+02;1.6837716e-01;2.7250000e+02;2.5266072e-01;2.7250000e+02;2.7379143e-01;2.7250000e+02;2.3898184e-01;2.7250000e+02;1.8274316e-01;2.7250000e+02;2.1888401e-01;2.7250000e+02;1.9304317e-01;2.7250000e+02;1.4634088e-01;2.7250000e+02;9.8404795e-02;2.7250000e+02;5.0070651e-02;2.7250000e+02;8.5775778e-03;2.7250000e+02;-3.9975777e-02;2.7250000e+02;-7.8834184e-02;2.7250000e+02;-1.2198563e-01;2.7250000e+02;-6.6902392e-02;2.7250000e+02;-4.0141005e-02;2.7250000e+02;3.4569427e-03;2.7250000e+02;7.1324490e-02;2.7250000e+02;1.6837716e-01;2.7250000e+02;2.5266072e-01;2.7250000e+02;2.7379143e-01;2.7250000e+02;2.3898184e-01;2.7250000e+02;1.8274316e-01;2.7250000e+02;2.1888401e-01;2.7250000e+02;1.9304317e-01;2.7250000e+02;1.4634088e-01;2.7250000e+02;9.8404795e-02;2.7250000e+02;5.0070651e-02;2.7250000e+02;8.5775778e-03;2.7250000e+02;-3.9975777e-02;2.7250000e+02;-7.8834184e-02;2.7250000e+02;-1.2198563e-01;2.7250000e+02;-6.6902392e-02;2.7250000e+02;-4.0141005e-02;2.7250000e+02;3.4569427e-03;2.7250000e+02;7.1324490e-02;2.7250000e+02;1.6837716e-01;2.7250000e+02;2.5266072e-01;2.7250000e+02;2.7379143e-01;2.7250000e+02;2.3898184e-01;2.7250000e+02;1.8274316e-01;2.7250000e+02;2.1888401e-01;2.7250000e+02;1.9304317e-01;2.7250000e+02;1.4634088e-01;2.7250000e+02;9.8404795e-02;2.7250000e+02;5.0070651e-02;2.7250000e+02;8.5775778e-03;2.7250000e+02;-3.9975777e-02;2.7250000e+02;-7.8834184e-02;2.7250000e+02;-1.2198563e-01;2.7250000e+02;-6.6902392e-02;2.7250000e+02;-4.0141005e-02;2.7250000e+02;3.4569427e-03;2.7250000e+02;7.1324490e-02;2.7250000e+02;1.6837716e-01;2.7250000e+02;2.5266072e-01;2.7250000e+02;2.7379143e-01;2.7250000e+02;2.3898184e-01;2.7250000e+02;1.8274316e-01;2.7250000e+02;2.1888401e-01;2.7250000e+02;1.9304317e-01;2.7250000e+02;1.4634088e-01;2.7250000e+02;9.8404795e-02;2.7250000e+02;5.0070651e-02;2.7250000e+02;8.5775778e-03;2.7250000e+02;-3.9975777e-02;2.7250000e+02;-7.8834184e-02;2.7250000e+02;-1.2198563e-01;2.7250000e+02;-6.6902392e-02;2.7250000e+02;-4.0141005e-02;2.7250000e+02;3.4569427e-03;2.7250000e+02;7.1324490e-02;2.7250000e+02;1.6837716e-01;2.7250000e+02;2.5266072e-01;2.7250000e+02;2.7379143e-01;2.7250000e+02;2.3898184e-01;2.7250000e+02;1.8274316e-01;2.7250000e+02;2.1888401e-01;2.7250000e+02;1.9304317e-01;2.7250000e+02;1.4634088e-01;2.7250000e+02;9.8404795e-02;2.7250000e+02;5.0070651e-02;2.7250000e+02;8.5775778e-03;2.7250000e+02;-3.9975777e-02;2.7250000e+02;-7.8834184e-02;2.7250000e+02;-1.2198563e-01;2.7250000e+02;-6.6902392e-02;2.7250000e+02;-4.0141005e-02;2.7250000e+02;3.4569427e-03;2.7250000e+02;7.1324490e-02;2.7250000e+02;1.6837716e-01;2.7250000e+02;2.5266072e-01;2.7250000e+02;2.7379143e-01;2.7250000e+02;2.3898184e-01;2.7250000e+02;1.8274316e-01;2.7250000e+02;2.1888401e-01;2.7250000e+02;1.9304317e-01;2.7250000e+02;1.4634088e-01;2.7250000e+02;9.8404795e-02;2.7250000e+02;5.0070651e-02;2.7250000e+02;8.5775778e-03;2.7250000e+02;-3.9975777e-02;2.7250000e+02;-7.8834184e-02;2.7250000e+02;-1.2198563e-01;2.7250000e+02;-6.6902392e-02;2.7250000e+02;-4.0141005e-02;2.7250000e+02;3.4569427e-03;2.7250000e+02;7.1324490e-02;2.7250000e+02;1.6837716e-01;2.7250000e+02;2.5266072e-01;2.7250000e+02;2.7379143e-01;2.7250000e+02;2.3898184e-01;2.7250000e+02;1.8274316e-01;2.7250000e+02;2.1888401e-01;2.7250000e+02;1.9304317e-01;2.7250000e+02;1.4634088e-01;2.7250000e+02;9.8404795e-02;2.7250000e+02;5.0070651e-02;2.7250000e+02;8.5775778e-03;2.7250000e+02;-3.9975777e-02;2.7250000e+02;-7.8834184e-02;2.7250000e+02;-1.2198563e-01;2.7250000e+02;-6.6902392e-02;2.7250000e+02;-4.0141005e-02;2.7250000e+02;3.4569427e-03;2.7250000e+02;7.1324490e-02;2.7250000e+02;1.6837716e-01;2.7250000e+02;2.5266072e-01;2.7250000e+02;2.7379143e-01;2.7250000e+02;2.3898184e-01;2.7250000e+02;1.8274316e-01;2.7250000e+02;2.1888401e-01;2.7250000e+02;1.9304317e-01;2.7250000e+02;1.4634088e-01;2.7250000e+02;9.8404795e-02;2.7250000e+02;5.0070651e-02;2.7250000e+02;8.5775778e-03;2.7250000e+02;-3.9975777e-02;2.7250000e+02;-7.8834184e-02;2.7250000e+02;-1.2198563e-01;2.7250000e+02;-6.6902392e-02;2.7250000e+02;-4.0141005e-02;2.7250000e+02;3.4569427e-03;2.7250000e+02;7.1324490e-02;2.7250000e+02;1.6837716e-01;2.7250000e+02;2.5266072e-01;2.7250000e+02;2.7379143e-01;2.7250000e+02;2.3898184e-01;2.7250000e+02;1.8274316e-01;2.7250000e+02;2.1888401e-01;2.7250000e+02;1.9304317e-01;2.7250000e+02;1.4634088e-01;2.7250000e+02;9.8404795e-02;2.7250000e+02;5.0070651e-02;2.7250000e+02;8.5775778e-03;2.7250000e+02;-3.9975777e-02;2.7250000e+02;-7.8834184e-02;2.7250000e+02;-1.2198563e-01;2.7250000e+02;-6.6902392e-02;2.7250000e+02;-4.0141005e-02;2.7250000e+02;3.4569427e-03;2.7250000e+02;7.1324490e-02;2.7250000e+02;1.6837716e-01;2.7250000e+02;2.5266072e-01;2.7250000e+02;2.7379143e-01;2.7250000e+02;2.3898184e-01;2.7250000e+02;1.8274316e-01;2.7250000e+02;2.1888401e-01;2.7250000e+02;1.9304317e-01;2.7250000e+02;1.4634088e-01;2.7250000e+02;9.8404795e-02;2.7250000e+02;5.0070651e-02;2.7250000e+02;8.5775778e-03;2.7250000e+02;-3.9975777e-02;2.7250000e+02;-7.8834184e-02;2.7250000e+02;-1.2198563e-01;2.7250000e+02;-6.6902392e-02;2.7250000e+02;-4.0141005e-02;2.7250000e+02;3.4569427e-03;2.7250000e+02;7.1324490e-02;2.7250000e+02;1.6837716e-01;2.7250000e+02;2.5266072e-01;2.7250000e+02;2.7379143e-01;2.7250000e+02;2.3898184e-01;2.7250000e+02;1.8274316e-01;2.7250000e+02;2.1888401e-01;2.7250000e+02;1.9304317e-01;2.7250000e+02;1.4634088e-01;2.7250000e+02;9.8404795e-02;2.7250000e+02;5.0070651e-02;2.7250000e+02;8.5775778e-03;2.7250000e+02;-3.9975777e-02;2.7250000e+02;-7.8834184e-02;2.7250000e+02;-1.2198563e-01;2.7250000e+02;-6.6902392e-02;2.7250000e+02;-4.0141005e-02;2.7250000e+02;3.4569427e-03;2.7250000e+02;7.1324490e-02;2.7250000e+02;1.6837716e-01;2.7250000e+02;2.5266072e-01;2.7250000e+02;2.7379143e-01;2.7250000e+02;2.3898184e-01;2.7250000e+02;1.8274316e-01;2.7250000e+02;2.1888401e-01;2.7250000e+02;1.9304317e-01;2.7250000e+02;1.4634088e-01;2.7250000e+02;9.8404795e-02;2.7250000e+02;5.0070651e-02;2.7250000e+02;8.5775778e-03;2.7250000e+02;-3.9975777e-02;2.7250000e+02;-7.8834184e-02;2.7250000e+02;-1.2198563e-01;2.7250000e+02;-6.6902392e-02;2.7250000e+02;-4.0141005e-02;2.7250000e+02;3.4569427e-03;2.7250000e+02;7.1324490e-02;2.7250000e+02;1.6837716e-01;2.7250000e+02;2.5266072e-01;2.7250000e+02;2.7379143e-01;2.7250000e+02;2.3898184e-01;2.7250000e+02;1.8274316e-01;2.7250000e+02;2.1888401e-01;2.7250000e+02;1.9304317e-01;2.7250000e+02;1.4634088e-01;2.7250000e+02;9.8404795e-02;2.7250000e+02;5.0070651e-02;2.7250000e+02;8.5775778e-03;2.7250000e+02;-3.9975777e-02;2.7250000e+02;-7.8834184e-02;2.7250000e+02;-1.2198563e-01;2.7250000e+02;-6.6902392e-02;2.7250000e+02;-4.0141005e-02;2.7250000e+02;3.4569427e-03;2.7250000e+02;7.1324490e-02;2.7250000e+02;1.6837716e-01;2.7250000e+02;2.5266072e-01;2.7250000e+02;2.7379143e-01;2.7250000e+02;2.3898184e-01;2.7250000e+02;1.8274316e-01;2.7250000e+02;2.1888401e-01;2.7250000e+02;1.9304317e-01;2.7250000e+02;1.4634088e-01;2.7250000e+02;9.8404795e-02;2.7250000e+02;5.0070651e-02;2.7250000e+02;8.5775778e-03;2.7250000e+02;-3.9975777e-02;2.7250000e+02;-7.8834184e-02;2.7250000e+02;-1.2198563e-01;2.7250000e+02;-6.6902392e-02;2.7250000e+02;-4.0141005e-02;2.7250000e+02;3.4569427e-03;2.7250000e+02;7.1324490e-02;2.7250000e+02;1.6837716e-01;2.7250000e+02;2.5266072e-01;2.7250000e+02;2.7379143e-01;2.7250000e+02;2.3898184e-01;2.7250000e+02;1.8274316e-01;2.7250000e+02;2.1888401e-01;2.7250000e+02;1.9304317e-01;2.7250000e+02;1.4634088e-01;2.7250000e+02;9.8404795e-02;2.7250000e+02;5.0070651e-02;2.7250000e+02;8.5775778e-03;2.7250000e+02;-3.9975777e-02;2.7250000e+02;-7.8834184e-02;2.7250000e+02;-1.2198563e-01;2.7250000e+02;-6.6902392e-02;2.7250000e+02;-4.0141005e-02;2.7250000e+02;3.4569427e-03;2.7250000e+02;7.1324490e-02;2.7250000e+02;1.6837716e-01;2.7250000e+02;2.5266072e-01;2.7250000e+02;2.7379143e-01;2.7250000e+02;2.3898184e-01;2.7250000e+02;1.8274316e-01;2.7250000e+02;2.1888401e-01;2.7250000e+02;1.9304317e-01;2.7250000e+02;1.4634088e-01;2.7250000e+02;9.8404795e-02;2.7250000e+02;5.0070651e-02;2.7250000e+02;8.5775778e-03;2.7250000e+02;-3.9975777e-02;2.7250000e+02;-7.8834184e-02;2.7250000e+02;-1.2198563e-01;2.7250000e+02;-6.6902392e-02;2.7250000e+02;-4.0141005e-02;2.7250000e+02;3.4569427e-03;2.7250000e+02;7.1324490e-02;2.7250000e+02;1.6837716e-01;2.7250000e+02;2.5266072e-01;2.7250000e+02;2.7379143e-01;2.7250000e+02;2.3898184e-01;2.7250000e+02;1.8274316e-01;2.7250000e+02;2.1888401e-01;2.7250000e+02;1.9304317e-01;2.7250000e+02;1.4634088e-01;2.7250000e+02;9.8404795e-02;2.7250000e+02;5.0070651e-02;2.7250000e+02;8.5775778e-03;2.7250000e+02;-3.9975777e-02;2.7250000e+02;-7.8834184e-02;2.7250000e+02;-1.2198563e-01;2.7250000e+02;-6.6902392e-02;2.7250000e+02;-4.0141005e-02;2.7250000e+02;3.4569427e-03;2.7250000e+02;7.1324490e-02;2.7250000e+02;1.6837716e-01;2.7250000e+02;2.5266072e-01;2.7250000e+02;2.7379143e-01;2.7250000e+02;2.3898184e-01;2.7250000e+02;1.8274316e-01;2.7250000e+02;2.1888401e-01;2.7250000e+02;1.9304317e-01;2.7250000e+02;1.4634088e-01;2.7250000e+02;9.8404795e-02;2.7250000e+02;5.0070651e-02;2.7250000e+02;8.5775778e-03;2.7250000e+02;-3.9975777e-02;2.7250000e+02;-7.8834184e-02;2.7250000e+02;-1.2198563e-01;2.7250000e+02;-6.6902392e-02;2.7250000e+02;-4.0141005e-02;2.7250000e+02;3.4569427e-03;2.7250000e+02;7.1324490e-02;2.7250000e+02;1.6837716e-01;2.7250000e+02;2.5266072e-01;2.7250000e+02;2.7379143e-01;2.7250000e+02;2.3898184e-01;2.7250000e+02;1.8274316e-01;2.7250000e+02;2.1888401e-01;2.7250000e+02;1.9304317e-01;2.7250000e+02;1.4634088e-01;2.7250000e+02;9.8404795e-02;2.7250000e+02;5.0070651e-02;2.7250000e+02;8.5775778e-03;2.7250000e+02;-3.9975777e-02;2.7250000e+02;-7.8834184e-02;2.7250000e+02;-1.2198563e-01;2.7250000e+02;-6.6902392e-02;2.7250000e+02;-4.0141005e-02;2.7250000e+02;3.4569427e-03;2.7250000e+02;7.1324490e-02;2.7250000e+02;1.6837716e-01;2.7250000e+02;2.5266072e-01;2.7250000e+02;2.7379143e-01;2.7250000e+02;2.3898184e-01;2.7250000e+02;1.8274316e-01;2.7250000e+02;2.1888401e-01;2.7250000e+02;1.9304317e-01;2.7250000e+02;1.4634088e-01;2.7250000e+02;9.8404795e-02;2.7250000e+02;5.0070651e-02;2.7250000e+02;8.5775778e-03;2.7250000e+02;-3.9975777e-02;2.7250000e+02;-7.8834184e-02;2.7250000e+02;-1.2198563e-01;2.7250000e+02;-6.6902392e-02;2.7250000e+02;-4.0141005e-02;2.7250000e+02;3.4569427e-03;2.7250000e+02;7.1324490e-02;2.7250000e+02;1.6837716e-01;2.7250000e+02;2.5266072e-01;2.7250000e+02;2.7379143e-01;2.7250000e+02;2.3898184e-01;2.7250000e+02;1.8274316e-01;2.7250000e+02;2.1888401e-01;2.7250000e+02;1.9304317e-01;2.7250000e+02;1.4634088e-01;2.7250000e+02;9.8404795e-02;2.7250000e+02;5.0070651e-02;2.7250000e+02;8.5775778e-03;2.7250000e+02;-3.9975777e-02;2.7250000e+02;-7.8834184e-02;2.7250000e+02;-1.2198563e-01;2.7250000e+02;-6.6902392e-02;2.7250000e+02;-4.0141005e-02;2.7250000e+02;3.4569427e-03;2.7250000e+02;7.1324490e-02;2.7250000e+02;1.6837716e-01;2.7250000e+02;2.5266072e-01;2.7250000e+02;2.7379143e-01;2.7250000e+02;2.3898184e-01;2.7250000e+02;1.8274316e-01;2.7250000e+02;2.1888401e-01;2.7250000e+02;1.9304317e-01;2.7250000e+02;1.4634088e-01;2.7250000e+02;9.8404795e-02;2.7250000e+02;5.0070651e-02;2.7250000e+02;8.5775778e-03;2.7250000e+02;-3.9975777e-02;2.7250000e+02;-7.8834184e-02;2.7250000e+02;-1.2198563e-01;2.7250000e+02;-6.6902392e-02;2.7250000e+02;-4.0141005e-02;2.7250000e+02;3.4569427e-03;2.7250000e+02;7.1324490e-02;2.7250000e+02;1.6837716e-01;2.7250000e+02;2.5266072e-01;2.7250000e+02;2.7379143e-01;2.7250000e+02;2.3898184e-01;2.7250000e+02;1.8274316e-01;2.7250000e+02;2.1888401e-01;2.7250000e+02;1.9304317e-01;2.7250000e+02;1.4634088e-01;2.7250000e+02;9.8404795e-02;2.7250000e+02;5.0070651e-02;2.7250000e+02;8.5775778e-03;2.7250000e+02;-3.9975777e-02;2.7250000e+02;-7.8834184e-02;2.7250000e+02;-1.2198563e-01;2.7250000e+02;-6.6902392e-02;2.7250000e+02;-4.0141005e-02;2.7250000e+02;3.4569427e-03;2.7250000e+02;7.1324490e-02;2.7250000e+02;1.6837716e-01;2.7250000e+02;2.5266072e-01;2.7250000e+02;2.7379143e-01;2.7250000e+02;2.3898184e-01;2.7250000e+02;1.8274316e-01;2.7250000e+02;2.1888401e-01;2.7250000e+02;1.9304317e-01;2.7250000e+02;1.4634088e-01;2.7250000e+02;9.8404795e-02;2.7250000e+02;5.0070651e-02;2.7250000e+02;8.5775778e-03;2.7250000e+02;-3.9975777e-02;2.7250000e+02;-7.8834184e-02;2.7250000e+02;-1.2198563e-01;2.7250000e+02;-6.6902392e-02;2.7250000e+02;-4.0141005e-02;2.7250000e+02;3.4569427e-03;2.7250000e+02;7.1324490e-02;2.7250000e+02;1.6837716e-01;2.7250000e+02;2.5266072e-01;2.7250000e+02;2.7379143e-01;2.7250000e+02;2.3898184e-01;2.7250000e+02;1.8274316e-01;2.7250000e+02;2.1888401e-01;2.7250000e+02;1.9304317e-01;2.7250000e+02;1.4634088e-01;2.7250000e+02;9.8404795e-02;2.7250000e+02;5.0070651e-02;2.7250000e+02;8.5775778e-03;2.7250000e+02;-3.9975777e-02;2.7250000e+02;-7.8834184e-02;2.7250000e+02;-1.2198563e-01;2.7250000e+02;-6.6902392e-02;2.7250000e+02;-4.0141005e-02;2.7250000e+02;3.4569427e-03;2.7250000e+02;7.1324490e-02;2.7250000e+02;1.6837716e-01;2.7250000e+02;2.5266072e-01;2.7250000e+02;2.7379143e-01;2.7250000e+02;2.3898184e-01;2.7250000e+02;1.8274316e-01;2.7250000e+02;2.1888401e-01;2.7250000e+02;1.9304317e-01;2.7250000e+02;1.4634088e-01;2.7250000e+02;9.8404795e-02;2.7250000e+02;5.0070651e-02;2.7250000e+02;8.5775778e-03;2.7250000e+02;-3.9975777e-02;2.7250000e+02;-7.8834184e-02;2.7250000e+02;-1.2198563e-01;2.7250000e+02;-6.6902392e-02;2.7250000e+02;-4.0141005e-02;2.7250000e+02;3.4569427e-03;2.7250000e+02;7.1324490e-02;2.7250000e+02;1.6837716e-01;2.7250000e+02;2.5266072e-01;2.7250000e+02;2.7379143e-01;2.7250000e+02;2.3898184e-01;2.7250000e+02;1.8274316e-01;2.7250000e+02;2.1888401e-01;2.7250000e+02;1.9304317e-01;2.7250000e+02;1.4634088e-01;2.7250000e+02;9.8404795e-02;2.7250000e+02;5.0070651e-02;2.7250000e+02;8.5775778e-03;2.7250000e+02;-3.9975777e-02;2.7250000e+02;-7.8834184e-02;2.7250000e+02;-1.2198563e-01;2.7250000e+02;-6.6902392e-02;2.7250000e+02;-4.0141005e-02;2.7250000e+02;3.4569427e-03;2.7250000e+02;7.1324490e-02;2.7250000e+02;1.6837716e-01;2.7250000e+02;2.5266072e-01;2.7250000e+02;2.7379143e-01;2.7250000e+02;2.3898184e-01;2.7250000e+02;1.8274316e-01;2.7250000e+02;2.1888401e-01;2.7250000e+02;1.9304317e-01;2.7250000e+02;1.4634088e-01;2.7250000e+02;9.8404795e-02;2.7250000e+02;5.0070651e-02;2.7250000e+02;8.5775778e-03;2.7250000e+02;-3.9975777e-02;2.7250000e+02;-7.8834184e-02;2.7250000e+02;-1.2198563e-01;2.7250000e+02;-6.6902392e-02;2.7250000e+02;-4.0141005e-02;2.7250000e+02;3.4569427e-03;2.7250000e+02;7.1324490e-02;2.7250000e+02;1.6837716e-01;2.7250000e+02;2.5266072e-01;2.7250000e+02;2.7379143e-01;2.7250000e+02;2.3898184e-01;2.7250000e+02;1.8274316e-01;2.7250000e+02;2.1888401e-01;2.7250000e+02;1.9304317e-01;2.7250000e+02;1.4634088e-01;2.7250000e+02;9.8404795e-02;2.7250000e+02;5.0070651e-02;2.7250000e+02;8.5775778e-03;2.7250000e+02;-3.9975777e-02;2.7250000e+02;-7.8834184e-02;2.7250000e+02;-1.2198563e-01;2.7250000e+02;-6.6902392e-02;2.7250000e+02;-4.0141005e-02;2.7250000e+02;3.4569427e-03;2.7250000e+02;7.1324490e-02;2.7250000e+02;1.6837716e-01;2.7250000e+02;2.5266072e-01;2.7250000e+02;2.7379143e-01;2.7250000e+02;2.3898184e-01;2.7250000e+02;1.8274316e-01;2.7250000e+02;2.1888401e-01;2.7250000e+02;1.9304317e-01;2.7250000e+02;1.4634088e-01;2.7250000e+02;9.8404795e-02;2.7250000e+02;5.0070651e-02;2.7250000e+02;8.5775778e-03;2.7250000e+02;-3.9975777e-02;2.7250000e+02;-7.8834184e-02;2.7250000e+02;-1.2198563e-01;2.7250000e+02;-6.6902392e-02;2.7250000e+02;-4.0141005e-02;2.7250000e+02;3.4569427e-03;2.7250000e+02;7.1324490e-02;2.7250000e+02;1.6837716e-01;2.7250000e+02;2.5266072e-01;2.7250000e+02;2.7379143e-01;2.7250000e+02;2.3898184e-01;2.7250000e+02;1.8274316e-01;2.7250000e+02;2.1888401e-01;2.7250000e+02;1.9304317e-01;2.7250000e+02;1.4634088e-01;2.7250000e+02;9.8404795e-02;2.7250000e+02;5.0070651e-02;2.7250000e+02;8.5775778e-03;2.7250000e+02;-3.9975777e-02;2.7250000e+02;-7.8834184e-02;2.7250000e+02;-1.2198563e-01;2.7250000e+02;-6.6902392e-02;2.7250000e+02;-4.0141005e-02;2.7250000e+02;3.4569427e-03;2.7250000e+02;7.1324490e-02;2.7250000e+02;1.6837716e-01;2.7250000e+02;2.5266072e-01;2.7250000e+02;2.7379143e-01;2.7250000e+02;2.3898184e-01;2.7250000e+02;1.8274316e-01;2.7250000e+02;2.1888401e-01;2.7250000e+02;1.9304317e-01;2.7250000e+02;1.4634088e-01;2.7250000e+02;9.8404795e-02;2.7250000e+02;5.0070651e-02;2.7250000e+02;8.5775778e-03;2.7250000e+02;-3.9975777e-02;2.7250000e+02;-7.8834184e-02;2.7250000e+02;-1.2198563e-01;2.7250000e+02;-6.6902392e-02;2.7250000e+02;-4.0141005e-02;2.7250000e+02;3.4569427e-03;2.7250000e+02;7.1324490e-02;2.7250000e+02;1.6837716e-01;2.7250000e+02;2.5266072e-01;2.7250000e+02;2.7379143e-01;2.7250000e+02;2.3898184e-01;2.7250000e+02;1.8274316e-01;2.7250000e+02;2.1888401e-01;2.7250000e+02;1.9304317e-01;2.7250000e+02;1.4634088e-01;2.7250000e+02;9.8404795e-02;2.7250000e+02;5.0070651e-02;2.7250000e+02;8.5775778e-03;2.7250000e+02;-3.9975777e-02;2.7250000e+02;-7.8834184e-02;2.7250000e+02;-1.2198563e-01;2.7250000e+02;-6.6902392e-02;2.7250000e+02;-4.0141005e-02;2.7250000e+02;3.4569427e-03;2.7250000e+02;7.1324490e-02;2.7250000e+02;1.6837716e-01;2.7250000e+02;2.5266072e-01;2.7250000e+02;2.7379143e-01;2.7250000e+02;2.3898184e-01;2.7250000e+02;1.8274316e-01;2.7250000e+02;2.1888401e-01;2.7250000e+02;1.9304317e-01;2.7250000e+02;1.4634088e-01;2.7250000e+02;9.8404795e-02;2.7250000e+02;5.0070651e-02;2.7250000e+02;8.5775778e-03;2.7250000e+02;-3.9975777e-02;2.7250000e+02;-7.8834184e-02;2.7250000e+02;-1.2198563e-01;2.7250000e+02;-6.6902392e-02;2.7250000e+02;-4.0141005e-02;2.7250000e+02;3.4569427e-03;2.7250000e+02;7.1324490e-02;2.7250000e+02;1.6837716e-01;2.7250000e+02;2.5266072e-01;2.7250000e+02;2.7379143e-01;2.7250000e+02;2.3898184e-01;2.7250000e+02;1.8274316e-01;2.7250000e+02;2.1888401e-01;2.7250000e+02;1.9304317e-01;2.7250000e+02;1.4634088e-01;2.7250000e+02;9.8404795e-02;2.7250000e+02;5.0070651e-02;2.7250000e+02;8.5775778e-03;2.7250000e+02;-3.9975777e-02;2.7250000e+02;-7.8834184e-02;2.7250000e+02;-1.2198563e-01;2.7250000e+02;-6.6902392e-02;2.7250000e+02;-4.0141005e-02;2.7250000e+02;3.4569427e-03;2.7250000e+02;7.1324490e-02;2.7250000e+02;1.6837716e-01;2.7250000e+02;2.5266072e-01;2.7250000e+02;2.7379143e-01;2.7250000e+02;2.3898184e-01;2.7250000e+02;1.8274316e-01;2.7250000e+02;2.1888401e-01;2.7250000e+02;1.9304317e-01;2.7250000e+02;1.4634088e-01;2.7250000e+02;9.8404795e-02;2.7250000e+02;5.0070651e-02;2.7250000e+02;8.5775778e-03;2.7250000e+02;-3.9975777e-02;2.7250000e+02;-7.8834184e-02;2.7250000e+02;-1.2198563e-01;2.7250000e+02;-6.6902392e-02;2.7250000e+02;-4.0141005e-02;2.7250000e+02;3.4569427e-03;2.7250000e+02;7.1324490e-02;2.7250000e+02;1.6837716e-01;2.7250000e+02;2.5266072e-01;2.7250000e+02;2.7379143e-01;2.7250000e+02;2.3898184e-01;2.7250000e+02;1.8274316e-01;2.7250000e+02;2.1888401e-01;2.7250000e+02;1.9304317e-01;2.7250000e+02;1.4634088e-01;2.7250000e+02;9.8404795e-02;2.7250000e+02;5.0070651e-02;2.7250000e+02;8.5775778e-03;2.7250000e+02;-3.9975777e-02;2.7250000e+02;-7.8834184e-02;2.7250000e+02;-1.2198563e-01;2.7250000e+02;-6.6902392e-02;2.7250000e+02;-4.0141005e-02;2.7250000e+02;3.4569427e-03;2.7250000e+02;7.1324490e-02;2.7250000e+02;1.6837716e-01;2.7250000e+02;2.5266072e-01;2.7250000e+02;2.7379143e-01;2.7250000e+02;2.3898184e-01;2.7250000e+02;1.8274316e-01;2.7250000e+02;2.1888401e-01;2.7250000e+02;1.9304317e-01;2.7250000e+02;1.4634088e-01;2.7250000e+02;9.8404795e-02;2.7250000e+02;5.0070651e-02;2.7250000e+02;8.5775778e-03;2.7250000e+02;-3.9975777e-02;2.7250000e+02;-7.8834184e-02;2.7250000e+02;-1.2198563e-01;2.7250000e+02;-6.6902392e-02;2.7250000e+02;-4.0141005e-02;2.7250000e+02;3.4569427e-03;2.7250000e+02;7.1324490e-02;2.7250000e+02;1.6837716e-01;2.7250000e+02;2.5266072e-01;2.7250000e+02;2.7379143e-01;2.7250000e+02;2.3898184e-01;2.7250000e+02;1.8274316e-01;2.7250000e+02;2.1888401e-01;2.7250000e+02;1.9304317e-01;2.7250000e+02;1.4634088e-01;2.7250000e+02;9.8404795e-02;2.7250000e+02;5.0070651e-02;2.7250000e+02;8.5775778e-03;2.7250000e+02;-3.9975777e-02;2.7250000e+02;-7.8834184e-02;2.7250000e+02;-1.2198563e-01;2.7250000e+02;-6.6902392e-02;2.7250000e+02;-4.0141005e-02;2.7250000e+02;3.4569427e-03;2.7250000e+02;7.1324490e-02;2.7250000e+02;1.6837716e-01;2.7250000e+02;2.5266072e-01;2.7250000e+02;2.7379143e-01;2.7250000e+02;2.3898184e-01;2.7250000e+02;1.8274316e-01;2.7250000e+02;2.1888401e-01;2.7250000e+02;1.9304317e-01;2.7250000e+02;1.4634088e-01;2.7250000e+02;9.8404795e-02;2.7250000e+02;5.0070651e-02;2.7250000e+02;8.5775778e-03;2.7250000e+02;-3.9975777e-02;2.7250000e+02;-7.8834184e-02;2.7250000e+02;-1.2198563e-01;2.7250000e+02;-6.6902392e-02;2.7250000e+02;-4.0141005e-02;2.7250000e+02;3.4569427e-03;2.7250000e+02;7.1324490e-02;2.7250000e+02;1.6837716e-01;2.7250000e+02;2.5266072e-01;2.7250000e+02;2.7379143e-01;2.7250000e+02;2.3898184e-01;2.7250000e+02;1.8274316e-01;2.7250000e+02;2.1888401e-01;2.7250000e+02;1.9304317e-01;2.7250000e+02;1.4634088e-01;2.7250000e+02;9.8404795e-02;2.7250000e+02;5.0070651e-02;2.7250000e+02;8.5775778e-03;2.7250000e+02;-3.9975777e-02;2.7250000e+02;-7.8834184e-02;2.7250000e+02;-1.2198563e-01;2.7250000e+02;-6.6902392e-02;2.7250000e+02;-4.0141005e-02;2.7250000e+02;3.4569427e-03;2.7250000e+02;7.1324490e-02;2.7250000e+02;1.6837716e-01;2.7250000e+02;2.5266072e-01;2.7250000e+02;2.7379143e-01;2.7250000e+02;2.3898184e-01;2.7250000e+02;1.8274316e-01;2.7250000e+02;2.1888401e-01;2.7250000e+02;1.9304317e-01;2.7250000e+02;1.4634088e-01;2.7250000e+02;9.8404795e-02;2.7250000e+02;5.0070651e-02;2.7250000e+02;8.5775778e-03;2.7250000e+02;-3.9975777e-02;2.7250000e+02;-7.8834184e-02;2.7250000e+02;-1.2198563e-01;2.7250000e+02;-6.6902392e-02;2.7250000e+02;-4.0141005e-02;2.7250000e+02;3.4569427e-03;2.7250000e+02;7.1324490e-02;2.7250000e+02;1.6837716e-01;2.7250000e+02;2.5266072e-01;2.7250000e+02;2.7379143e-01;2.7250000e+02;2.3898184e-01;2.7250000e+02;1.8274316e-01;2.7250000e+02;2.1888401e-01;2.7250000e+02;1.9304317e-01;2.7250000e+02;1.4634088e-01;2.7250000e+02;9.8404795e-02;2.7250000e+02;5.0070651e-02;2.7250000e+02;8.5775778e-03;2.7250000e+02;-3.9975777e-02;2.7250000e+02;-7.8834184e-02;2.7250000e+02;-1.2198563e-01;2.7250000e+02;-6.6902392e-02;2.7250000e+02;-4.0141005e-02;2.7250000e+02;3.4569427e-03;2.7250000e+02;7.1324490e-02;2.7250000e+02;1.6837716e-01;2.7250000e+02;2.5266072e-01;2.7250000e+02;2.7379143e-01;2.7250000e+02;2.3898184e-01;2.7250000e+02;1.8274316e-01;2.7250000e+02;2.1888401e-01;2.7250000e+02;1.9304317e-01;2.7250000e+02;1.4634088e-01;2.7250000e+02;9.8404795e-02;2.7250000e+02;5.0070651e-02;2.7250000e+02;8.5775778e-03;2.7250000e+02;-3.9975777e-02;2.7250000e+02;-7.8834184e-02;2.7250000e+02;-1.2198563e-01;2.7250000e+02;-6.6902392e-02;2.7250000e+02;-4.0141005e-02;2.7250000e+02;3.4569427e-03;2.7250000e+02;7.1324490e-02;2.7250000e+02;1.6837716e-01;2.7250000e+02;2.5266072e-01;2.7250000e+02;2.7379143e-01;2.7250000e+02;2.3898184e-01;2.7250000e+02;1.8274316e-01;2.7250000e+02;2.1888401e-01;2.7250000e+02;1.9304317e-01;2.7250000e+02;1.4634088e-01;2.7250000e+02;9.8404795e-02;2.7250000e+02;5.0070651e-02;2.7250000e+02;8.5775778e-03;2.7250000e+02;-3.9975777e-02;2.7250000e+02;-7.8834184e-02;2.7250000e+02;-1.2198563e-01;2.7250000e+02;-6.6902392e-02;2.7250000e+02;-4.0141005e-02;2.7250000e+02;3.4569427e-03;2.7250000e+02;7.1324490e-02;2.7250000e+02;1.6837716e-01;2.7250000e+02;2.5266072e-01;2.7250000e+02;2.7379143e-01;2.7250000e+02;2.3898184e-01;2.7250000e+02;1.8274316e-01;2.7250000e+02;2.1888401e-01;2.7250000e+02;1.9304317e-01;2.7250000e+02;1.4634088e-01;2.7250000e+02;9.8404795e-02;2.7250000e+02;5.0070651e-02;2.7250000e+02;8.5775778e-03;2.7250000e+02;-3.9975777e-02;2.7250000e+02;-7.8834184e-02;2.7250000e+02;-1.2198563e-01;2.7250000e+02;-6.6902392e-02;2.7250000e+02;-4.0141005e-02;2.7250000e+02;3.4569427e-03;2.7250000e+02;7.1324490e-02;2.7250000e+02;1.6837716e-01;2.7250000e+02;2.5266072e-01;2.7250000e+02;2.7379143e-01;2.7250000e+02;2.3898184e-01;2.7250000e+02;1.8274316e-01;2.7250000e+02;2.1888401e-01;2.7250000e+02;1.9304317e-01;2.7250000e+02;1.4634088e-01;2.7250000e+02;9.8404795e-02;2.7250000e+02;5.0070651e-02;2.7250000e+02;8.5775778e-03;2.7250000e+02;-3.9975777e-02;2.7250000e+02;-7.8834184e-02;2.7250000e+02;-1.2198563e-01;2.7250000e+02;-6.6902392e-02;2.7250000e+02;-4.0141005e-02;2.7250000e+02;3.4569427e-03;2.7250000e+02;7.1324490e-02;2.7250000e+02;1.6837716e-01;2.7250000e+02;2.5266072e-01;2.7250000e+02;2.7379143e-01;2.7250000e+02;2.3898184e-01;2.7250000e+02;1.8274316e-01;2.7250000e+02;2.1888401e-01;2.7250000e+02;1.9304317e-01;2.7250000e+02;1.4634088e-01;2.7250000e+02;9.8404795e-02;2.7250000e+02;5.0070651e-02;2.7250000e+02;8.5775778e-03;2.7250000e+02;-3.9975777e-02;2.7250000e+02;-7.8834184e-02;2.7250000e+02;-1.2198563e-01;2.7250000e+02;-6.6902392e-02;2.7250000e+02;-4.0141005e-02;2.7250000e+02;3.4569427e-03;2.7250000e+02;7.1324490e-02;2.7250000e+02;1.6837716e-01;2.7250000e+02;2.5266072e-01;2.7250000e+02;2.7379143e-01;2.7250000e+02;2.3898184e-01;2.7250000e+02;1.8274316e-01;2.7250000e+02;2.1888401e-01;2.7250000e+02;1.9304317e-01;2.7250000e+02;1.4634088e-01;2.7250000e+02;9.8404795e-02;2.7250000e+02;5.0070651e-02;2.7250000e+02;8.5775778e-03;2.7250000e+02;-3.9975777e-02;2.7250000e+02;-7.8834184e-02;2.7250000e+02;-1.2198563e-01;2.7250000e+02;-6.6902392e-02;2.7250000e+02;-4.0141005e-02;2.7250000e+02;3.4569427e-03;2.7250000e+02;7.1324490e-02;2.7250000e+02;1.6837716e-01;2.7250000e+02;2.5266072e-01;2.7250000e+02;2.7379143e-01;2.7250000e+02;2.3898184e-01;2.7250000e+02;1.8274316e-01;2.7250000e+02;2.1888401e-01;2.7250000e+02;1.9304317e-01;2.7250000e+02;1.4634088e-01;2.7250000e+02;9.8404795e-02;2.7250000e+02;5.0070651e-02;2.7250000e+02;8.5775778e-03;2.7250000e+02;-3.9975777e-02;2.7250000e+02;-7.8834184e-02;2.7250000e+02;-1.2198563e-01;2.7250000e+02;-6.6902392e-02;2.7250000e+02;-4.0141005e-02;2.7250000e+02;3.4569427e-03;2.7250000e+02;7.1324490e-02;2.7250000e+02;1.6837716e-01;2.7250000e+02;2.5266072e-01;2.7250000e+02;2.7379143e-01;2.7250000e+02;2.3898184e-01;2.7250000e+02;1.8274316e-01;2.7250000e+02;2.1888401e-01;2.7250000e+02;1.9304317e-01;2.7250000e+02;1.4634088e-01;2.7250000e+02;9.8404795e-02;2.7250000e+02;5.0070651e-02;2.7250000e+02;8.5775778e-03;2.7250000e+02;-3.9975777e-02;2.7250000e+02;-7.8834184e-02;2.7250000e+02;-1.2198563e-01;2.7250000e+02;-6.6902392e-02;2.7250000e+02;-4.0141005e-02;2.7250000e+02;3.4569427e-03;2.7250000e+02;7.1324490e-02;2.7250000e+02;1.6837716e-01;2.7250000e+02;2.5266072e-01;2.7250000e+02;2.7379143e-01;2.7250000e+02;2.3898184e-01;2.7250000e+02;1.8274316e-01;2.7250000e+02;2.1888401e-01;2.7250000e+02;1.9304317e-01;2.7250000e+02;1.4634088e-01;2.7250000e+02;9.8404795e-02;2.7250000e+02;5.0070651e-02;2.7250000e+02;8.5775778e-03;2.7250000e+02;-3.9975777e-02;2.7250000e+02;-7.8834184e-02;2.7250000e+02;-1.2198563e-01;2.7250000e+02;-6.6902392e-02;2.7250000e+02;-4.0141005e-02;2.7250000e+02;3.4569427e-03;2.7250000e+02;7.1324490e-02;2.7250000e+02;1.6837716e-01;2.7250000e+02;2.5266072e-01;2.7250000e+02;2.7379143e-01;2.7250000e+02;2.3898184e-01;2.7250000e+02;1.8274316e-01;2.7250000e+02;2.1888401e-01;2.7250000e+02;1.9304317e-01;2.7250000e+02;1.4634088e-01;2.7250000e+02;9.8404795e-02;2.7250000e+02;5.0070651e-02;2.7250000e+02;8.5775778e-03;2.7250000e+02;-3.9975777e-02;2.7250000e+02;-7.8834184e-02;2.7250000e+02;-1.2198563e-01;2.7250000e+02;-6.6902392e-02;2.7250000e+02;-4.0141005e-02;2.7250000e+02;3.4569427e-03;2.7250000e+02;7.1324490e-02;2.7250000e+02;1.6837716e-01;2.7250000e+02;2.5266072e-01;2.7250000e+02;2.7379143e-01;2.7250000e+02;2.3898184e-01;2.7250000e+02;1.8274316e-01;2.7250000e+02;2.1888401e-01;2.7250000e+02;1.9304317e-01;2.7250000e+02;1.4634088e-01;2.7250000e+02;9.8404795e-02;2.7250000e+02;5.0070651e-02;2.7250000e+02;8.5775778e-03;2.7250000e+02;-3.9975777e-02;2.7250000e+02;-7.8834184e-02;2.7250000e+02;-1.2198563e-01;2.7250000e+02;-6.6902392e-02;2.7250000e+02;-4.0141005e-02;2.7250000e+02;3.4569427e-03;2.7250000e+02;7.1324490e-02;2.7250000e+02;1.6837716e-01;2.7250000e+02;2.5266072e-01;2.7250000e+02;2.7379143e-01;2.7250000e+02;2.3898184e-01;2.7250000e+02;1.8274316e-01;2.7250000e+02;2.1888401e-01;2.7250000e+02;1.9304317e-01;2.7250000e+02;1.4634088e-01;2.7250000e+02;9.8404795e-02;2.7250000e+02;5.0070651e-02;2.7250000e+02;8.5775778e-03;2.7250000e+02;-3.9975777e-02;2.7250000e+02;-7.8834184e-02;2.7250000e+02;-1.2198563e-01;2.7250000e+02;-6.6902392e-02;2.7250000e+02;-4.0141005e-02;2.7250000e+02;3.4569427e-03;2.7250000e+02;7.1324490e-02;2.7250000e+02;1.6837716e-01;2.7250000e+02;2.5266072e-01;2.7250000e+02;2.7379143e-01;2.7250000e+02;2.3898184e-01;2.7250000e+02;1.8274316e-01;2.7250000e+02;2.1888401e-01;2.7250000e+02;1.9304317e-01;2.7250000e+02;1.4634088e-01;2.7250000e+02;9.8404795e-02;2.7250000e+02;5.0070651e-02;2.7250000e+02;8.5775778e-03;2.7250000e+02;-3.9975777e-02;2.7250000e+02;-7.8834184e-02;2.7250000e+02;-1.2198563e-01;2.7250000e+02;-6.6902392e-02;2.7250000e+02;-4.0141005e-02;2.7250000e+02;3.4569427e-03;2.7250000e+02;7.1324490e-02;2.7250000e+02;1.6837716e-01;2.7250000e+02;2.5266072e-01;2.7250000e+02;2.7379143e-01;2.7250000e+02;2.3898184e-01;2.7250000e+02;1.8274316e-01;2.7250000e+02;2.1888401e-01;2.7250000e+02;1.9304317e-01;2.7250000e+02;1.4634088e-01;2.7250000e+02;9.8404795e-02;2.7250000e+02;5.0070651e-02;2.7250000e+02;8.5775778e-03;2.7250000e+02;-3.9975777e-02;2.7250000e+02;-7.8834184e-02;2.7250000e+02;-1.2198563e-01;2.7250000e+02;-6.6902392e-02;2.7250000e+02;-4.0141005e-02;2.7250000e+02;3.4569427e-03;2.7250000e+02;7.1324490e-02;2.7250000e+02;1.6837716e-01;2.7250000e+02;2.5266072e-01;2.7250000e+02;2.7379143e-01;2.7250000e+02;2.3898184e-01;2.7250000e+02;1.8274316e-01;2.7250000e+02;2.1888401e-01;2.7250000e+02;1.9304317e-01;2.7250000e+02;1.4634088e-01;2.7250000e+02;9.8404795e-02;2.7250000e+02;5.0070651e-02;2.7250000e+02;8.5775778e-03;2.7250000e+02;-3.9975777e-02;2.7250000e+02;-7.8834184e-02;2.7250000e+02;-1.2198563e-01;2.7250000e+02;-6.6902392e-02;2.7250000e+02;-4.0141005e-02;2.7250000e+02;3.4569427e-03;2.7250000e+02;7.1324490e-02;2.7250000e+02;1.6837716e-01;2.7250000e+02;2.5266072e-01;2.7250000e+02;2.7379143e-01;2.7250000e+02;2.3898184e-01;2.7250000e+02;1.8274316e-01;2.7250000e+02;2.1888401e-01;2.7250000e+02;1.9304317e-01;2.7250000e+02;1.4634088e-01;2.7250000e+02;9.8404795e-02;2.7250000e+02;5.0070651e-02;2.7250000e+02;8.5775778e-03;2.7250000e+02;-3.9975777e-02;2.7250000e+02;-7.8834184e-02;2.7250000e+02;-1.2198563e-01;2.7250000e+02;-6.6902392e-02;2.7250000e+02;-4.0141005e-02;2.7250000e+02;3.4569427e-03;2.7250000e+02;7.1324490e-02;2.7250000e+02;1.6837716e-01;2.7250000e+02;2.5266072e-01;2.7250000e+02;2.7379143e-01;2.7250000e+02;2.3898184e-01;2.7250000e+02;1.8274316e-01;2.7250000e+02;2.1888401e-01;2.7250000e+02;1.9304317e-01;2.7250000e+02;1.4634088e-01;2.7250000e+02;9.8404795e-02;2.7250000e+02;5.0070651e-02;2.7250000e+02;8.5775778e-03;2.7250000e+02;-3.9975777e-02;2.7250000e+02;-7.8834184e-02;2.7250000e+02;-1.2198563e-01;2.7250000e+02;-6.6902392e-02;2.7250000e+02;-4.0141005e-02;2.7250000e+02;3.4569427e-03;2.7250000e+02;7.1324490e-02;2.7250000e+02;1.6837716e-01;2.7250000e+02;2.5266072e-01;2.7250000e+02;2.7379143e-01;2.7250000e+02;2.3898184e-01;2.7250000e+02;1.8274316e-01;2.7250000e+02;2.1888401e-01;2.7250000e+02;1.9304317e-01;2.7250000e+02;1.4634088e-01;2.7250000e+02;9.8404795e-02;2.7250000e+02;5.0070651e-02;2.7250000e+02;8.5775778e-03;2.7250000e+02;-3.9975777e-02;2.7250000e+02;-7.8834184e-02;2.7250000e+02;-1.2198563e-01;2.7250000e+02;-6.6902392e-02;2.7250000e+02;-4.0141005e-02;2.7250000e+02;3.4569427e-03;2.7250000e+02;7.1324490e-02;2.7250000e+02;1.6837716e-01;2.7250000e+02;2.5266072e-01;2.7250000e+02;2.7379143e-01;2.7250000e+02;2.3898184e-01;2.7250000e+02;1.8274316e-01;2.7250000e+02;2.1888401e-01;2.7250000e+02;1.9304317e-01;2.7250000e+02;1.4634088e-01;2.7250000e+02;9.8404795e-02;2.7250000e+02;5.0070651e-02;2.7250000e+02;8.5775778e-03;2.7250000e+02;-3.9975777e-02;2.7250000e+02;-7.8834184e-02;2.7250000e+02;-1.2198563e-01;2.7250000e+02;-6.6902392e-02;2.7250000e+02;-4.0141005e-02;2.7250000e+02;3.4569427e-03;2.7250000e+02;7.1324490e-02;2.7250000e+02;1.6837716e-01;2.7250000e+02;2.5266072e-01;2.7250000e+02;2.7379143e-01;2.7250000e+02;2.3898184e-01;2.7250000e+02;1.8274316e-01;2.7250000e+02;2.1888401e-01;2.7250000e+02;1.9304317e-01;2.7250000e+02;1.4634088e-01;2.7250000e+02;9.8404795e-02;2.7250000e+02;5.0070651e-02;2.7250000e+02;8.5775778e-03;2.7250000e+02;-3.9975777e-02;2.7250000e+02;-7.8834184e-02;2.7250000e+02;-1.2198563e-01;2.7250000e+02;-6.6902392e-02;2.7250000e+02;-4.0141005e-02;2.7250000e+02;3.4569427e-03;2.7250000e+02;7.1324490e-02;2.7250000e+02;1.6837716e-01;2.7250000e+02;2.5266072e-01;2.7250000e+02;2.7379143e-01;2.7250000e+02;2.3898184e-01;2.7250000e+02;1.8274316e-01;2.7250000e+02;2.1888401e-01;2.7250000e+02;1.9304317e-01;2.7250000e+02;1.4634088e-01;2.7250000e+02;9.8404795e-02;2.7250000e+02;5.0070651e-02;2.7250000e+02;8.5775778e-03;2.7250000e+02;-3.9975777e-02;2.7250000e+02;-7.8834184e-02;2.7250000e+02;-1.2198563e-01;2.7250000e+02;-6.6902392e-02;2.7250000e+02;-4.0141005e-02;2.7250000e+02;3.4569427e-03;2.7250000e+02;7.1324490e-02;2.7250000e+02;1.6837716e-01;2.7250000e+02;2.5266072e-01;2.7250000e+02;2.7379143e-01;2.7250000e+02;2.3898184e-01;2.7250000e+02;1.8274316e-01;2.7250000e+02;2.1888401e-01;2.7250000e+02;1.9304317e-01;2.7250000e+02;1.4634088e-01;2.7250000e+02;9.8404795e-02;2.7250000e+02;5.0070651e-02;2.7250000e+02;8.5775778e-03;2.7250000e+02;-3.9975777e-02;2.7250000e+02;-7.8834184e-02;2.7250000e+02;-1.2198563e-01;2.7250000e+02;-6.6902392e-02;2.7250000e+02;-4.0141005e-02;2.7250000e+02;3.4569427e-03;2.7250000e+02;7.1324490e-02;2.7250000e+02;1.6837716e-01;2.7250000e+02;2.5266072e-01;2.7250000e+02;2.7379143e-01;2.7250000e+02;2.3898184e-01;2.7250000e+02;1.8274316e-01;2.7250000e+02;2.1888401e-01;2.7250000e+02;1.9304317e-01;2.7250000e+02;1.4634088e-01;2.7250000e+02;9.8404795e-02;2.7250000e+02;5.0070651e-02;2.7250000e+02;8.5775778e-03;2.7250000e+02;-3.9975777e-02;2.7250000e+02;-7.8834184e-02;2.7250000e+02;-1.2198563e-01;2.7250000e+02;-6.6902392e-02;2.7250000e+02;-4.0141005e-02;2.7250000e+02;3.4569427e-03;2.7250000e+02;7.1324490e-02;2.7250000e+02;1.6837716e-01;2.7250000e+02;2.5266072e-01;2.7250000e+02;2.7379143e-01;2.7250000e+02;2.3898184e-01;2.7250000e+02;1.8274316e-01;2.7250000e+02;2.1888401e-01;2.7250000e+02;1.9304317e-01;2.7250000e+02;1.4634088e-01;2.7250000e+02;9.8404795e-02;2.7250000e+02;5.0070651e-02;2.7250000e+02;8.5775778e-03;2.7250000e+02;-3.9975777e-02;2.7250000e+02;-7.8834184e-02;2.7250000e+02;-1.2198563e-01;2.7250000e+02;-6.6902392e-02;2.7250000e+02;-4.0141005e-02;2.7250000e+02;3.4569427e-03;2.7250000e+02;7.1324490e-02;2.7250000e+02;1.6837716e-01;2.7250000e+02;2.5266072e-01;2.7250000e+02;2.7379143e-01;2.7250000e+02;2.3898184e-01;2.7250000e+02;1.8274316e-01;2.7250000e+02;2.1888401e-01;2.7250000e+02;1.9304317e-01;2.7250000e+02;1.4634088e-01;2.7250000e+02;9.8404795e-02;2.7250000e+02;5.0070651e-02;2.7250000e+02;8.5775778e-03;2.7250000e+02;-3.9975777e-02;2.7250000e+02;-7.8834184e-02;2.7250000e+02;-1.2198563e-01;2.7250000e+02;-6.6902392e-02;2.7250000e+02;-4.0141005e-02;2.7250000e+02;3.4569427e-03;2.7250000e+02;7.1324490e-02;2.7250000e+02;1.6837716e-01;2.7250000e+02;2.5266072e-01;2.7250000e+02;2.7379143e-01;2.7250000e+02;2.3898184e-01;2.7250000e+02;1.8274316e-01;2.7250000e+02;2.1888401e-01;2.7250000e+02;1.9304317e-01;2.7250000e+02;1.4634088e-01;2.7250000e+02;9.8404795e-02;2.7250000e+02;5.0070651e-02;2.7250000e+02;8.5775778e-03;2.7250000e+02;-3.9975777e-02;2.7250000e+02;-7.8834184e-02;2.7250000e+02;-1.2198563e-01;2.7250000e+02;-6.6902392e-02;2.7250000e+02;-4.0141005e-02;2.7250000e+02;3.4569427e-03;2.7250000e+02;7.1324490e-02;2.7250000e+02;1.6837716e-01;2.7250000e+02;2.5266072e-01;2.7250000e+02;2.7379143e-01;2.7250000e+02;2.3898184e-01;2.7250000e+02;1.8274316e-01;2.7250000e+02;2.1888401e-01;2.7250000e+02;1.9304317e-01;2.7250000e+02;1.4634088e-01;2.7250000e+02;9.8404795e-02;2.7250000e+02;5.0070651e-02;2.7250000e+02;8.5775778e-03;2.7250000e+02;-3.9975777e-02;2.7250000e+02;-7.8834184e-02;2.7250000e+02;-1.2198563e-01;2.7250000e+02;-6.6902392e-02;2.7250000e+02;-4.0141005e-02;2.7250000e+02;3.4569427e-03;2.7250000e+02;7.1324490e-02;2.7250000e+02;1.6837716e-01;2.7250000e+02;2.5266072e-01;2.7250000e+02;2.7379143e-01;2.7250000e+02;2.3898184e-01;2.7250000e+02;1.8274316e-01;2.7250000e+02;2.1888401e-01;2.7250000e+02;1.9304317e-01;2.7250000e+02;1.4634088e-01;2.7250000e+02;9.8404795e-02;2.7250000e+02;5.0070651e-02;2.7250000e+02;8.5775778e-03;2.7250000e+02;-3.9975777e-02;2.7250000e+02;-7.8834184e-02;2.7250000e+02;-1.2198563e-01;2.7250000e+02;-6.6902392e-02;2.7250000e+02;-4.0141005e-02;2.7250000e+02;3.4569427e-03;2.7250000e+02;7.1324490e-02;2.7250000e+02;1.6837716e-01;2.7250000e+02;2.5266072e-01;2.7250000e+02;2.7379143e-01;2.7250000e+02;2.3898184e-01;2.7250000e+02;1.8274316e-01;2.7250000e+02;2.1888401e-01;2.7250000e+02;1.9304317e-01;2.7250000e+02;1.4634088e-01;2.7250000e+02;9.8404795e-02;2.7250000e+02;5.0070651e-02;2.7250000e+02;8.5775778e-03;2.7250000e+02;-3.9975777e-02;2.7250000e+02;-7.8834184e-02;2.7250000e+02;-1.2198563e-01;2.7250000e+02;-6.6902392e-02;2.7250000e+02;-4.0141005e-02;2.7250000e+02;3.4569427e-03;2.7250000e+02;7.1324490e-02;2.7250000e+02;1.6837716e-01;2.7250000e+02;2.5266072e-01;2.7250000e+02;2.7379143e-01;2.7250000e+02;2.3898184e-01;2.7250000e+02;1.8274316e-01;2.7250000e+02;2.1888401e-01;2.7250000e+02;1.9304317e-01;2.7250000e+02;1.4634088e-01;2.7250000e+02;9.8404795e-02;2.7250000e+02;5.0070651e-02;2.7250000e+02;8.5775778e-03;2.7250000e+02;-3.9975777e-02;2.7250000e+02;-7.8834184e-02;2.7250000e+02;-1.2198563e-01;2.7250000e+02;-6.6902392e-02;2.7250000e+02;-4.0141005e-02;2.7250000e+02;3.4569427e-03;2.7250000e+02;7.1324490e-02;2.7250000e+02;1.6837716e-01;2.7250000e+02;2.5266072e-01;2.7250000e+02;2.7379143e-01;2.7250000e+02;2.3898184e-01;2.7250000e+02;1.8274316e-01;2.7250000e+02;2.1888401e-01;2.7250000e+02;1.9304317e-01;2.7250000e+02;1.4634088e-01;2.7250000e+02;9.8404795e-02;2.7250000e+02;5.0070651e-02;2.7250000e+02;8.5775778e-03;2.7250000e+02;-3.9975777e-02;2.7250000e+02;-7.8834184e-02;2.7250000e+02;-1.2198563e-01;2.7250000e+02;-6.6902392e-02;2.7250000e+02;-4.0141005e-02;2.7250000e+02;3.4569427e-03;2.7250000e+02;7.1324490e-02;2.7250000e+02;1.6837716e-01;2.7250000e+02;2.5266072e-01;2.7250000e+02;2.7379143e-01;2.7250000e+02;2.3898184e-01;2.7250000e+02;1.8274316e-01;2.7250000e+02;2.1888401e-01;2.7250000e+02;1.9304317e-01;2.7250000e+02;1.4634088e-01;2.7250000e+02;9.8404795e-02;2.7250000e+02;5.0070651e-02;2.7250000e+02;8.5775778e-03;2.7250000e+02;-3.9975777e-02;2.7250000e+02;-7.8834184e-02;2.7250000e+02;-1.2198563e-01;2.7250000e+02;-6.6902392e-02;2.7250000e+02;-4.0141005e-02;2.7250000e+02;3.4569427e-03;2.7250000e+02;7.1324490e-02;2.7250000e+02;1.6837716e-01;2.7250000e+02;2.5266072e-01;2.7250000e+02;2.7379143e-01;2.7250000e+02;2.3898184e-01;2.7250000e+02;1.8274316e-01;2.7250000e+02;2.1888401e-01;2.7250000e+02;1.9304317e-01;2.7250000e+02;1.4634088e-01;2.7250000e+02;9.8404795e-02;2.7250000e+02;5.0070651e-02;2.7250000e+02;8.5775778e-03;2.7250000e+02;-3.9975777e-02;2.7250000e+02;-7.8834184e-02;2.7250000e+02;-1.2198563e-01;2.7250000e+02;-6.6902392e-02;2.7250000e+02;-4.0141005e-02;2.7250000e+02;3.4569427e-03;2.7250000e+02;7.1324490e-02;2.7250000e+02;1.6837716e-01;2.7250000e+02;2.5266072e-01;2.7250000e+02;2.7379143e-01;2.7250000e+02;2.3898184e-01;2.7250000e+02;1.8274316e-01;2.7250000e+02;2.1888401e-01;2.7250000e+02;1.9304317e-01;2.7250000e+02;1.4634088e-01;2.7250000e+02;9.8404795e-02;2.7250000e+02;5.0070651e-02;2.7250000e+02;8.5775778e-03;2.7250000e+02;-3.9975777e-02;2.7250000e+02;-7.8834184e-02;2.7250000e+02;-1.2198563e-01;2.7250000e+02;-6.6902392e-02;2.7250000e+02;-4.0141005e-02;2.7250000e+02;3.4569427e-03;2.7250000e+02;7.1324490e-02;2.7250000e+02;1.6837716e-01;2.7250000e+02;2.5266072e-01;2.7250000e+02;2.7379143e-01;2.7250000e+02;2.3898184e-01;2.7250000e+02;1.8274316e-01;2.7250000e+02;2.1888401e-01;2.7250000e+02;1.9304317e-01;2.7250000e+02;1.4634088e-01;2.7250000e+02;9.8404795e-02;2.7250000e+02;5.0070651e-02;2.7250000e+02;8.5775778e-03;2.7250000e+02;-3.9975777e-02;2.7250000e+02;-7.8834184e-02;2.7250000e+02;-1.2198563e-01;2.7250000e+02;-6.6902392e-02;2.7250000e+02;-4.0141005e-02;2.7250000e+02;3.4569427e-03;2.7250000e+02;7.1324490e-02;2.7250000e+02;1.6837716e-01;2.7250000e+02;2.5266072e-01;2.7250000e+02;2.7379143e-01;2.7250000e+02;2.3898184e-01;2.7250000e+02;1.8274316e-01;2.7250000e+02;2.1888401e-01;2.7250000e+02;1.9304317e-01;2.7250000e+02;1.4634088e-01;2.7250000e+02;9.8404795e-02;2.7250000e+02;5.0070651e-02;2.7250000e+02;8.5775778e-03;2.7250000e+02;-3.9975777e-02;2.7250000e+02;-7.8834184e-02;2.7250000e+02;-1.2198563e-01;2.7250000e+02;-6.6902392e-02;2.7250000e+02;-4.0141005e-02;2.7250000e+02;3.4569427e-03;2.7250000e+02;7.1324490e-02;2.7250000e+02;1.6837716e-01;2.7250000e+02;2.5266072e-01;2.7250000e+02;2.7379143e-01;2.7250000e+02;2.3898184e-01;2.7250000e+02;1.8274316e-01;2.7250000e+02;2.1888401e-01;2.7250000e+02;1.9304317e-01;2.7250000e+02;1.4634088e-01;2.7250000e+02;9.8404795e-02;2.7250000e+02;5.0070651e-02;2.7250000e+02;8.5775778e-03;2.7250000e+02;-3.9975777e-02;2.7250000e+02;-7.8834184e-02;2.7250000e+02;-1.2198563e-01;2.7250000e+02;-6.6902392e-02;2.7250000e+02;-4.0141005e-02;2.7250000e+02;3.4569427e-03;2.7250000e+02;7.1324490e-02;2.7250000e+02;1.6837716e-01;2.7250000e+02;2.5266072e-01;2.7250000e+02;2.7379143e-01;2.7250000e+02;2.3898184e-01;2.7250000e+02;1.8274316e-01;2.7250000e+02;2.1888401e-01;2.7250000e+02;1.9304317e-01;2.7250000e+02;1.4634088e-01;2.7250000e+02;9.8404795e-02;2.7250000e+02;5.0070651e-02;2.7250000e+02;8.5775778e-03;2.7250000e+02;-3.9975777e-02;2.7250000e+02;-7.8834184e-02;2.7250000e+02;-1.2198563e-01;2.7250000e+02;-6.6902392e-02;2.7250000e+02;-4.0141005e-02;2.7250000e+02;3.4569427e-03;2.7250000e+02;7.1324490e-02;2.7250000e+02;1.6837716e-01;2.7250000e+02;2.5266072e-01;2.7250000e+02;2.7379143e-01;2.7250000e+02;2.3898184e-01;2.7250000e+02;1.8274316e-01;2.7250000e+02;2.1888401e-01;2.7250000e+02;1.9304317e-01;2.7250000e+02;1.4634088e-01;2.7250000e+02;9.8404795e-02;2.7250000e+02;5.0070651e-02;2.7250000e+02;8.5775778e-03;2.7250000e+02;-3.9975777e-02;2.7250000e+02;-7.8834184e-02;2.7250000e+02;-1.2198563e-01;2.7250000e+02;-6.6902392e-02;2.7250000e+02;-4.0141005e-02;2.7250000e+02;3.4569427e-03;2.7250000e+02;7.1324490e-02;2.7250000e+02;1.6837716e-01;2.7250000e+02;2.5266072e-01;2.7250000e+02;2.7379143e-01;2.7250000e+02;2.3898184e-01;2.7250000e+02;1.8274316e-01;2.7250000e+02;2.1888401e-01;2.7250000e+02;1.9304317e-01;2.7250000e+02;1.4634088e-01;2.7250000e+02;9.8404795e-02;2.7250000e+02;5.0070651e-02;2.7250000e+02;8.5775778e-03;2.7250000e+02;-3.9975777e-02;2.7250000e+02;-7.8834184e-02;2.7250000e+02;-1.2198563e-01;2.7250000e+02;-6.6902392e-02;2.7250000e+02;-4.0141005e-02;2.7250000e+02;3.4569427e-03;2.7250000e+02;7.1324490e-02;2.7250000e+02;1.6837716e-01;2.7250000e+02;2.5266072e-01;2.7250000e+02;2.7379143e-01;2.7250000e+02;2.3898184e-01;2.7250000e+02;1.8274316e-01;2.7250000e+02;2.1888401e-01;2.7250000e+02;1.9304317e-01;2.7250000e+02;1.4634088e-01;2.7250000e+02;9.8404795e-02;2.7250000e+02;5.0070651e-02;2.7250000e+02;8.5775778e-03;2.7250000e+02;-3.9975777e-02;2.7250000e+02;-7.8834184e-02;2.7250000e+02;-1.2198563e-01;2.7250000e+02;-6.6902392e-02;2.7250000e+02;-4.0141005e-02;2.7250000e+02;3.4569427e-03;2.7250000e+02;7.1324490e-02;2.7250000e+02;1.6837716e-01;2.7250000e+02;2.5266072e-01;2.7250000e+02;2.7379143e-01;2.7250000e+02;2.3898184e-01;2.7250000e+02;1.8274316e-01;2.7250000e+02;2.1888401e-01;2.7250000e+02;1.9304317e-01;2.7250000e+02;1.4634088e-01;2.7250000e+02;9.8404795e-02;2.7250000e+02;5.0070651e-02;2.7250000e+02;8.5775778e-03;2.7250000e+02;-3.9975777e-02;2.7250000e+02;-7.8834184e-02;2.7250000e+02;-1.2198563e-01;2.7250000e+02;-6.6902392e-02;2.7250000e+02;-4.0141005e-02;2.7250000e+02;3.4569427e-03;2.7250000e+02;7.1324490e-02;2.7250000e+02;1.6837716e-01;2.7250000e+02;2.5266072e-01;2.7250000e+02;2.7379143e-01;2.7250000e+02;2.3898184e-01;2.7250000e+02;1.8274316e-01;2.7250000e+02;2.1888401e-01;2.7250000e+02;1.9304317e-01;2.7250000e+02;1.4634088e-01;2.7250000e+02;9.8404795e-02;2.7250000e+02;5.0070651e-02;2.7250000e+02;8.5775778e-03;2.7250000e+02;-3.9975777e-02;2.7250000e+02;-7.8834184e-02;2.7250000e+02;-1.2198563e-01;2.7250000e+02;-6.6902392e-02;2.7250000e+02;-4.0141005e-02;2.7250000e+02;3.4569427e-03;2.7250000e+02;7.1324490e-02;2.7250000e+02;1.6837716e-01;2.7250000e+02;2.5266072e-01;2.7250000e+02;2.7379143e-01;2.7250000e+02;2.3898184e-01;2.7250000e+02;1.8274316e-01;2.7250000e+02;2.1888401e-01;2.7250000e+02;1.9304317e-01;2.7250000e+02;1.4634088e-01;2.7250000e+02;9.8404795e-02;2.7250000e+02;5.0070651e-02;2.7250000e+02;8.5775778e-03;2.7250000e+02;-3.9975777e-02;2.7250000e+02;-7.8834184e-02;2.7250000e+02;-1.2198563e-01;2.7250000e+02;-6.6902392e-02;2.7250000e+02;-4.0141005e-02;2.7250000e+02;3.4569427e-03;2.7250000e+02;7.1324490e-02;2.7250000e+02;1.6837716e-01;2.7250000e+02;2.5266072e-01;2.7250000e+02;2.7379143e-01;2.7250000e+02;2.3898184e-01;2.7250000e+02;1.8274316e-01;2.7250000e+02;2.1888401e-01;2.7250000e+02;1.9304317e-01;2.7250000e+02;1.4634088e-01;2.7250000e+02;9.8404795e-02;2.7250000e+02;5.0070651e-02;2.7250000e+02;8.5775778e-03;2.7250000e+02;-3.9975777e-02;2.7250000e+02;-7.8834184e-02;2.7250000e+02;-1.2198563e-01;2.7250000e+02;-6.6902392e-02;2.7250000e+02;-4.0141005e-02;2.7250000e+02;3.4569427e-03;2.7250000e+02;7.1324490e-02;2.7250000e+02;1.6837716e-01;2.7250000e+02;2.5266072e-01;2.7250000e+02;2.7379143e-01;2.7250000e+02;2.3898184e-01;2.7250000e+02;1.8274316e-01;2.7250000e+02;2.1888401e-01;2.7250000e+02;1.9304317e-01;2.7250000e+02;1.4634088e-01;2.7250000e+02;9.8404795e-02;2.7250000e+02;5.0070651e-02;2.7250000e+02;8.5775778e-03;2.7250000e+02;-3.9975777e-02;2.7250000e+02;-7.8834184e-02;2.7250000e+02;-1.2198563e-01;2.7250000e+02;-6.6902392e-02;2.7250000e+02;-4.0141005e-02;2.7250000e+02;3.4569427e-03;2.7250000e+02;7.1324490e-02;2.7250000e+02;1.6837716e-01;2.7250000e+02;2.5266072e-01;2.7250000e+02;2.7379143e-01;2.7250000e+02;2.3898184e-01;2.7250000e+02;1.8274316e-01;2.7250000e+02;2.1888401e-01;2.7250000e+02;1.9304317e-01;2.7250000e+02;1.4634088e-01;2.7250000e+02;9.8404795e-02;2.7250000e+02;5.0070651e-02;2.7250000e+02;8.5775778e-03;2.7250000e+02;-3.9975777e-02;2.7250000e+02;-7.8834184e-02;2.7250000e+02;-1.2198563e-01;2.7250000e+02;-6.6902392e-02;2.7250000e+02;-4.0141005e-02;2.7250000e+02;3.4569427e-03;2.7250000e+02;7.1324490e-02;2.7250000e+02;1.6837716e-01;2.7250000e+02;2.5266072e-01;2.7250000e+02;2.7379143e-01;2.7250000e+02;2.3898184e-01;2.7250000e+02;1.8274316e-01;2.7250000e+02;2.1888401e-01;2.7250000e+02;1.9304317e-01;2.7250000e+02;1.4634088e-01;2.7250000e+02;9.8404795e-02;2.7250000e+02;5.0070651e-02;2.7250000e+02;8.5775778e-03;2.7250000e+02;-3.9975777e-02;2.7250000e+02;-7.8834184e-02;2.7250000e+02;-1.2198563e-01;2.7250000e+02;-6.6902392e-02;2.7250000e+02;-4.0141005e-02;2.7250000e+02;3.4569427e-03;2.7250000e+02;7.1324490e-02;2.7250000e+02;1.6837716e-01;2.7250000e+02;2.5266072e-01;2.7250000e+02;2.7379143e-01;2.7250000e+02;2.3898184e-01;2.7250000e+02;1.8274316e-01;2.7250000e+02;2.1888401e-01;2.7250000e+02;1.9304317e-01;2.7250000e+02;1.4634088e-01;2.7250000e+02;9.8404795e-02;2.7250000e+02;5.0070651e-02;2.7250000e+02;8.5775778e-03;2.7250000e+02;-3.9975777e-02;2.7250000e+02;-7.8834184e-02;2.7250000e+02;-1.2198563e-01;2.7250000e+02;-6.6902392e-02;2.7250000e+02;-4.0141005e-02;2.7250000e+02;3.4569427e-03;2.7250000e+02;7.1324490e-02;2.7250000e+02;1.6837716e-01;2.7250000e+02;2.5266072e-01;2.7250000e+02;2.7379143e-01;2.7250000e+02;2.3898184e-01;2.7250000e+02;1.8274316e-01;2.7250000e+02;2.1888401e-01;2.7250000e+02;1.9304317e-01;2.7250000e+02;1.4634088e-01;2.7250000e+02;9.8404795e-02;2.7250000e+02;5.0070651e-02;2.7250000e+02;8.5775778e-03;2.7250000e+02;-3.9975777e-02;2.7250000e+02;-7.8834184e-02;2.7250000e+02;-1.2198563e-01;2.7250000e+02;-6.6902392e-02;2.7250000e+02;-4.0141005e-02;2.7250000e+02;3.4569427e-03;2.7250000e+02;7.1324490e-02;2.7250000e+02;1.6837716e-01;2.7250000e+02;2.5266072e-01;2.7250000e+02;2.7379143e-01;2.7250000e+02;2.3898184e-01;2.7250000e+02;1.8274316e-01;2.7250000e+02;2.1888401e-01;2.7250000e+02;1.9304317e-01;2.7250000e+02;1.4634088e-01;2.7250000e+02;9.8404795e-02;2.7250000e+02;5.0070651e-02;2.7250000e+02;8.5775778e-03;2.7250000e+02;-3.9975777e-02;2.7250000e+02;-7.8834184e-02;2.7250000e+02;-1.2198563e-01;2.7250000e+02;-6.6902392e-02;2.7250000e+02;-4.0141005e-02;2.7250000e+02;3.4569427e-03;2.7250000e+02;7.1324490e-02;2.7250000e+02;1.6837716e-01;2.7250000e+02;2.5266072e-01;2.7250000e+02;2.7379143e-01;2.7250000e+02;2.3898184e-01;2.7250000e+02;1.8274316e-01;2.7250000e+02;2.1888401e-01;2.7250000e+02;1.9304317e-01;2.7250000e+02;1.4634088e-01;2.7250000e+02;9.8404795e-02;2.7250000e+02;5.0070651e-02;2.7250000e+02;8.5775778e-03;2.7250000e+02;-3.9975777e-02;2.7250000e+02;-7.8834184e-02;2.7250000e+02;-1.2198563e-01;2.7250000e+02;-6.6902392e-02;2.7250000e+02;-4.0141005e-02;2.7250000e+02;3.4569427e-03;2.7250000e+02;7.1324490e-02;2.7250000e+02;1.6837716e-01;2.7250000e+02;2.5266072e-01;2.7250000e+02;2.7379143e-01;2.7250000e+02;2.3898184e-01;2.7250000e+02;1.8274316e-01;2.7250000e+02;2.1888401e-01;2.7250000e+02;1.9304317e-01;2.7250000e+02;1.4634088e-01;2.7250000e+02;9.8404795e-02;2.7250000e+02;5.0070651e-02;2.7250000e+02;8.5775778e-03;2.7250000e+02;-3.9975777e-02;2.7250000e+02;-7.8834184e-02;2.7250000e+02;-1.2198563e-01;2.7250000e+02;-6.6902392e-02;2.7250000e+02;-4.0141005e-02;2.7250000e+02;3.4569427e-03;2.7250000e+02;7.1324490e-02;2.7250000e+02;1.6837716e-01;2.7250000e+02;2.5266072e-01;2.7250000e+02;2.7379143e-01;2.7250000e+02;2.3898184e-01;2.7250000e+02;1.8274316e-01;2.7250000e+02;2.1888401e-01;2.7250000e+02;1.9304317e-01;2.7250000e+02;1.4634088e-01;2.7250000e+02;9.8404795e-02;2.7250000e+02;5.0070651e-02;2.7250000e+02;8.5775778e-03;2.7250000e+02;-3.9975777e-02;2.7250000e+02;-7.8834184e-02;2.7250000e+02;-1.2198563e-01;2.7250000e+02;-6.6902392e-02;2.7250000e+02;-4.0141005e-02;2.7250000e+02;3.4569427e-03;2.7250000e+02;7.1324490e-02;2.7250000e+02;1.6837716e-01;2.7250000e+02;2.5266072e-01;2.7250000e+02;2.7379143e-01;2.7250000e+02;2.3898184e-01;2.7250000e+02;1.8274316e-01;2.7250000e+02;2.1888401e-01;2.7250000e+02;1.9304317e-01;2.7250000e+02;1.4634088e-01;2.7250000e+02;9.8404795e-02;2.7250000e+02;5.0070651e-02;2.7250000e+02;8.5775778e-03;2.7250000e+02;-3.9975777e-02;2.7250000e+02;-7.8834184e-02;2.7250000e+02;-1.2198563e-01;2.7250000e+02;-6.6902392e-02;2.7250000e+02;-4.0141005e-02;2.7250000e+02;3.4569427e-03;2.7250000e+02;7.1324490e-02;2.7250000e+02;1.6837716e-01;2.7250000e+02;2.5266072e-01;2.7250000e+02;2.7379143e-01;2.7250000e+02;2.3898184e-01;2.7250000e+02;1.8274316e-01;2.7250000e+02;2.1888401e-01;2.7250000e+02;1.9304317e-01;2.7250000e+02;1.4634088e-01;2.7250000e+02;9.8404795e-02;2.7250000e+02;5.0070651e-02;2.7250000e+02;8.5775778e-03;2.7250000e+02;-3.9975777e-02;2.7250000e+02;-7.8834184e-02;2.7250000e+02;-1.2198563e-01;2.7250000e+02;-6.6902392e-02;2.7250000e+02;-4.0141005e-02;2.7250000e+02;3.4569427e-03;2.7250000e+02;7.1324490e-02;2.7250000e+02;1.6837716e-01;2.7250000e+02;2.5266072e-01;2.7250000e+02;2.7379143e-01;2.7250000e+02;2.3898184e-01;2.7250000e+02;1.8274316e-01;2.7250000e+02;2.1888401e-01;2.7250000e+02;1.9304317e-01;2.7250000e+02;1.4634088e-01;2.7250000e+02;9.8404795e-02;2.7250000e+02;5.0070651e-02;2.7250000e+02;8.5775778e-03;2.7250000e+02;-3.9975777e-02;2.7250000e+02;-7.8834184e-02;2.7250000e+02;-1.2198563e-01;2.7250000e+02;-6.6902392e-02;2.7250000e+02;-4.0141005e-02;2.7250000e+02;3.4569427e-03;2.7250000e+02;7.1324490e-02;2.7250000e+02;1.6837716e-01;2.7250000e+02;2.5266072e-01;2.7250000e+02;2.7379143e-01;2.7250000e+02;2.3898184e-01;2.7250000e+02;1.8274316e-01;2.7250000e+02;2.1888401e-01;2.7250000e+02;1.9304317e-01;2.7250000e+02;1.4634088e-01;2.7250000e+02;9.8404795e-02;2.7250000e+02;5.0070651e-02;2.7250000e+02;8.5775778e-03;2.7250000e+02;-3.9975777e-02;2.7250000e+02;-7.8834184e-02;2.7250000e+02;-1.2198563e-01;2.7250000e+02;-6.6902392e-02;2.7250000e+02;-4.0141005e-02;2.7250000e+02;3.4569427e-03;2.7250000e+02;7.1324490e-02;2.7250000e+02;1.6837716e-01;2.7250000e+02;2.5266072e-01;2.7250000e+02;2.7379143e-01;2.7250000e+02;2.3898184e-01;2.7250000e+02;1.8274316e-01;2.7250000e+02;2.1888401e-01;2.7250000e+02;1.9304317e-01;2.7250000e+02;1.4634088e-01;2.7250000e+02;9.8404795e-02;2.7250000e+02;5.0070651e-02;2.7250000e+02;8.5775778e-03;2.7250000e+02;-3.9975777e-02;2.7250000e+02;-7.8834184e-02;2.7250000e+02;-1.2198563e-01;2.7250000e+02;-6.6902392e-02;2.7250000e+02;-4.0141005e-02;2.7250000e+02;3.4569427e-03;2.7250000e+02;7.1324490e-02;2.7250000e+02;1.6837716e-01;2.7250000e+02;2.5266072e-01;2.7250000e+02;2.7379143e-01;2.7250000e+02;2.3898184e-01;2.7250000e+02;1.8274316e-01;2.7250000e+02;2.1888401e-01;2.7250000e+02;1.9304317e-01;2.7250000e+02;1.4634088e-01;2.7250000e+02;9.8404795e-02;2.7250000e+02;5.0070651e-02;2.7250000e+02;8.5775778e-03;2.7250000e+02;-3.9975777e-02;2.7250000e+02;-7.8834184e-02;2.7250000e+02;-1.2198563e-01;2.7250000e+02;-6.6902392e-02;2.7250000e+02;-4.0141005e-02;2.7250000e+02;3.4569427e-03;2.7250000e+02;7.1324490e-02;2.7250000e+02;1.6837716e-01;2.7250000e+02;2.5266072e-01;2.7250000e+02;2.7379143e-01;2.7250000e+02;2.3898184e-01;2.7250000e+02;1.8274316e-01;2.7250000e+02;2.1888401e-01;2.7250000e+02;1.9304317e-01;2.7250000e+02;1.4634088e-01;2.7250000e+02;9.8404795e-02;2.7250000e+02;5.0070651e-02;2.7250000e+02;8.5775778e-03;2.7250000e+02;-3.9975777e-02;2.7250000e+02;-7.8834184e-02;2.7250000e+02;-1.2198563e-01;2.7250000e+02;-6.6902392e-02;2.7250000e+02;-4.0141005e-02;2.7250000e+02;3.4569427e-03;2.7250000e+02;7.1324490e-02;2.7250000e+02;1.6837716e-01;2.7250000e+02;2.5266072e-01;2.7250000e+02;2.7379143e-01;2.7250000e+02;2.3898184e-01;2.7250000e+02;1.8274316e-01;2.7250000e+02;2.1888401e-01;2.7250000e+02;1.9304317e-01;2.7250000e+02;1.4634088e-01;2.7250000e+02;9.8404795e-02;2.7250000e+02;5.0070651e-02;2.7250000e+02;8.5775778e-03;2.7250000e+02;-3.9975777e-02;2.7250000e+02;-7.8834184e-02;2.7250000e+02;-1.2198563e-01;2.7250000e+02;-6.6902392e-02;2.7250000e+02;-4.0141005e-02;2.7250000e+02;3.4569427e-03;2.7250000e+02;7.1324490e-02;2.7250000e+02;1.6837716e-01;2.7250000e+02;2.5266072e-01;2.7250000e+02;2.7379143e-01;2.7250000e+02;2.3898184e-01;2.7250000e+02;1.8274316e-01;2.7250000e+02;2.1888401e-01;2.7250000e+02;1.9304317e-01;2.7250000e+02;1.4634088e-01;2.7250000e+02;9.8404795e-02;2.7250000e+02;5.0070651e-02;2.7250000e+02;8.5775778e-03;2.7250000e+02;-3.9975777e-02;2.7250000e+02;-7.8834184e-02;2.7250000e+02;-1.2198563e-01;2.7250000e+02;-6.6902392e-02;2.7250000e+02;-4.0141005e-02;2.7250000e+02;3.4569427e-03;2.7250000e+02;7.1324490e-02;2.7250000e+02;1.6837716e-01;2.7250000e+02;2.5266072e-01;2.7250000e+02;2.7379143e-01;2.7250000e+02;2.3898184e-01;2.7250000e+02;1.8274316e-01;2.7250000e+02;2.1888401e-01;2.7250000e+02;1.9304317e-01;2.7250000e+02;1.4634088e-01;2.7250000e+02;9.8404795e-02;2.7250000e+02;5.0070651e-02;2.7250000e+02;8.5775778e-03;2.7250000e+02;-3.9975777e-02;2.7250000e+02;-7.8834184e-02;2.7250000e+02;-1.2198563e-01;2.7250000e+02;-6.6902392e-02;2.7250000e+02;-4.0141005e-02;2.7250000e+02;3.4569427e-03;2.7250000e+02;7.1324490e-02;2.7250000e+02;1.6837716e-01;2.7250000e+02;2.5266072e-01;2.7250000e+02;2.7379143e-01;2.7250000e+02;2.3898184e-01;2.7250000e+02;1.8274316e-01;2.7250000e+02;2.1888401e-01;2.7250000e+02;1.9304317e-01;2.7250000e+02;1.4634088e-01;2.7250000e+02;9.8404795e-02;2.7250000e+02;5.0070651e-02;2.7250000e+02;8.5775778e-03;2.7250000e+02;-3.9975777e-02;2.7250000e+02;-7.8834184e-02;2.7250000e+02;-1.2198563e-01;2.7250000e+02;-6.6902392e-02;2.7250000e+02;-4.0141005e-02;2.7250000e+02;3.4569427e-03;2.7250000e+02;7.1324490e-02;2.7250000e+02;1.6837716e-01;2.7250000e+02;2.5266072e-01;2.7250000e+02;2.7379143e-01;2.7250000e+02;2.3898184e-01;2.7250000e+02;1.8274316e-01;2.7250000e+02;2.1888401e-01;2.7250000e+02;1.9304317e-01;2.7250000e+02;1.4634088e-01;2.7250000e+02;9.8404795e-02;2.7250000e+02;5.0070651e-02;2.7250000e+02;8.5775778e-03;2.7250000e+02;-3.9975777e-02;2.7250000e+02;-7.8834184e-02;2.7250000e+02;-1.2198563e-01;2.7250000e+02;-6.6902392e-02;2.7250000e+02;-4.0141005e-02;2.7250000e+02;3.4569427e-03;2.7250000e+02;7.1324490e-02;2.7250000e+02;1.6837716e-01;2.7250000e+02;2.5266072e-01;2.7250000e+02;2.7379143e-01;2.7250000e+02;2.3898184e-01;2.7250000e+02;1.8274316e-01;2.7250000e+02;2.1888401e-01;2.7250000e+02;1.9304317e-01;2.7250000e+02;1.4634088e-01;2.7250000e+02;9.8404795e-02;2.7250000e+02;5.0070651e-02;2.7250000e+02;8.5775778e-03;2.7250000e+02;-3.9975777e-02;2.7250000e+02;-7.8834184e-02;2.7250000e+02;-1.2198563e-01;2.7250000e+02;-6.6902392e-02;2.7250000e+02;-4.0141005e-02;2.7250000e+02;3.4569427e-03;2.7250000e+02;7.1324490e-02;2.7250000e+02;1.6837716e-01;2.7250000e+02;2.5266072e-01;2.7250000e+02;2.7379143e-01;2.7250000e+02;2.3898184e-01;2.7250000e+02;1.8274316e-01;2.7250000e+02;2.1888401e-01;2.7250000e+02;1.9304317e-01;2.7250000e+02;1.4634088e-01;2.7250000e+02;9.8404795e-02;2.7250000e+02;5.0070651e-02;2.7250000e+02;8.5775778e-03;2.7250000e+02;-3.9975777e-02;2.7250000e+02;-7.8834184e-02;2.7250000e+02;-1.2198563e-01;2.7250000e+02;-6.6902392e-02;2.7250000e+02;-4.0141005e-02;2.7250000e+02;3.4569427e-03;2.7250000e+02;7.1324490e-02;2.7250000e+02;1.6837716e-01;2.7250000e+02;2.5266072e-01;2.7250000e+02;2.7379143e-01;2.7250000e+02;2.3898184e-01;2.7250000e+02;1.8274316e-01;2.7250000e+02;2.1888401e-01;2.7250000e+02;1.9304317e-01;2.7250000e+02;1.4634088e-01;2.7250000e+02;9.8404795e-02;2.7250000e+02;5.0070651e-02;2.7250000e+02;8.5775778e-03;2.7250000e+02;-3.9975777e-02;2.7250000e+02;-7.8834184e-02;2.7250000e+02;-1.2198563e-01;2.7250000e+02;-6.6902392e-02;2.7250000e+02;-4.0141005e-02;2.7250000e+02;3.4569427e-03;2.7250000e+02;7.1324490e-02;2.7250000e+02;1.6837716e-01;2.7250000e+02;2.5266072e-01;2.7250000e+02;2.7379143e-01;2.7250000e+02;2.3898184e-01;2.7250000e+02;1.8274316e-01;2.7250000e+02;2.1888401e-01;2.7250000e+02;1.9304317e-01;2.7250000e+02;1.4634088e-01;2.7250000e+02;9.8404795e-02;2.7250000e+02;5.0070651e-02;2.7250000e+02;8.5775778e-03;2.7250000e+02;-3.9975777e-02;2.7250000e+02;-7.8834184e-02;2.7250000e+02;-1.2198563e-01;2.7250000e+02;-6.6902392e-02;2.7250000e+02;-4.0141005e-02;2.7250000e+02;3.4569427e-03;2.7250000e+02;7.1324490e-02;2.7250000e+02;1.6837716e-01;2.7250000e+02;2.5266072e-01;2.7250000e+02;2.7379143e-01;2.7250000e+02;2.3898184e-01;2.7250000e+02;1.8274316e-01;2.7250000e+02;2.1888401e-01;2.7250000e+02;1.9304317e-01;2.7250000e+02;1.4634088e-01;2.7250000e+02;9.8404795e-02;2.7250000e+02;5.0070651e-02;2.7250000e+02;8.5775778e-03;2.7250000e+02;-3.9975777e-02;2.7250000e+02;-7.8834184e-02;2.7250000e+02;-1.2198563e-01;2.7250000e+02;-6.6902392e-02;2.7250000e+02;-4.0141005e-02;2.7250000e+02;3.4569427e-03;2.7250000e+02;7.1324490e-02;2.7250000e+02;1.6837716e-01;2.7250000e+02;2.5266072e-01;2.7250000e+02;2.7379143e-01;2.7250000e+02;2.3898184e-01;2.7250000e+02;1.8274316e-01;2.7250000e+02;2.1888401e-01;2.7250000e+02;1.9304317e-01;2.7250000e+02;1.4634088e-01;2.7250000e+02;9.8404795e-02;2.7250000e+02;5.0070651e-02;2.7250000e+02;8.5775778e-03;2.7250000e+02;-3.9975777e-02;2.7250000e+02;-7.8834184e-02;2.7250000e+02;-1.2198563e-01;2.7250000e+02;-6.6902392e-02;2.7250000e+02;-4.0141005e-02;2.7250000e+02;3.4569427e-03;2.7250000e+02;7.1324490e-02;2.7250000e+02;1.6837716e-01;2.7250000e+02;2.5266072e-01;2.7250000e+02;2.7379143e-01;2.7250000e+02;2.3898184e-01;2.7250000e+02;1.8274316e-01;2.7250000e+02;2.1888401e-01;2.7250000e+02;1.9304317e-01;2.7250000e+02;1.4634088e-01;2.7250000e+02;9.8404795e-02;2.7250000e+02;5.0070651e-02;2.7250000e+02;8.5775778e-03;2.7250000e+02;-3.9975777e-02;2.7250000e+02;-7.8834184e-02;2.7250000e+02;-1.2198563e-01;2.7250000e+02;-6.6902392e-02;2.7250000e+02;-4.0141005e-02;2.7250000e+02;3.4569427e-03;2.7250000e+02;7.1324490e-02;2.7250000e+02;1.6837716e-01;2.7250000e+02;2.5266072e-01;2.7250000e+02;2.7379143e-01;2.7250000e+02;2.3898184e-01;2.7250000e+02;1.8274316e-01;2.7250000e+02;2.1888401e-01;2.7250000e+02;1.9304317e-01;2.7250000e+02;1.4634088e-01;2.7250000e+02;9.8404795e-02;2.7250000e+02;5.0070651e-02;2.7250000e+02;8.5775778e-03;2.7250000e+02;-3.9975777e-02;2.7250000e+02;-7.8834184e-02;2.7250000e+02;-1.2198563e-01;2.7250000e+02;-6.6902392e-02;2.7250000e+02;-4.0141005e-02;2.7250000e+02;3.4569427e-03;2.7250000e+02;7.1324490e-02;2.7250000e+02;1.6837716e-01;2.7250000e+02;2.5266072e-01;2.7250000e+02;2.7379143e-01;2.7250000e+02;2.3898184e-01;2.7250000e+02;1.8274316e-01;2.7250000e+02;2.1888401e-01;2.7250000e+02;1.9304317e-01;2.7250000e+02;1.4634088e-01;2.7250000e+02;9.8404795e-02;2.7250000e+02;5.0070651e-02;2.7250000e+02;8.5775778e-03;2.7250000e+02;-3.9975777e-02;2.7250000e+02;-7.8834184e-02;2.7250000e+02;-1.2198563e-01;2.7250000e+02;-6.6902392e-02;2.7250000e+02;-4.0141005e-02;2.7250000e+02;3.4569427e-03;2.7250000e+02;7.1324490e-02;2.7250000e+02;1.6837716e-01;2.7250000e+02;2.5266072e-01;2.7250000e+02;2.7379143e-01;2.7250000e+02;2.3898184e-01;2.7250000e+02;1.8274316e-01;2.7250000e+02;2.1888401e-01;2.7250000e+02;1.9304317e-01;2.7250000e+02;1.4634088e-01;2.7250000e+02;9.8404795e-02;2.7250000e+02;5.0070651e-02;2.7250000e+02;8.5775778e-03;2.7250000e+02;-3.9975777e-02;2.7250000e+02;-7.8834184e-02;2.7250000e+02;-1.2198563e-01;2.7250000e+02;-6.6902392e-02;2.7250000e+02;-4.0141005e-02;2.7250000e+02;3.4569427e-03;2.7250000e+02;7.1324490e-02;2.7250000e+02;1.6837716e-01;2.7250000e+02;2.5266072e-01;2.7250000e+02;2.7379143e-01;2.7250000e+02;2.3898184e-01;2.7250000e+02;1.8274316e-01;2.7250000e+02;2.1888401e-01;2.7250000e+02;1.9304317e-01;2.7250000e+02;1.4634088e-01;2.7250000e+02;9.8404795e-02;2.7250000e+02;5.0070651e-02;2.7250000e+02;8.5775778e-03;2.7250000e+02;-3.9975777e-02;2.7250000e+02;-7.8834184e-02;2.7250000e+02;-1.2198563e-01;2.7250000e+02;-6.6902392e-02;2.7250000e+02;-4.0141005e-02;2.7250000e+02;3.4569427e-03;2.7250000e+02;7.1324490e-02;2.7250000e+02;1.6837716e-01;2.7250000e+02;2.5266072e-01;2.7250000e+02;2.7379143e-01;2.7250000e+02;2.3898184e-01;2.7250000e+02;1.8274316e-01;2.7250000e+02;2.1888401e-01;2.7250000e+02;1.9304317e-01;2.7250000e+02;1.4634088e-01;2.7250000e+02;9.8404795e-02;2.7250000e+02;5.0070651e-02;2.7250000e+02;8.5775778e-03;2.7250000e+02;-3.9975777e-02;2.7250000e+02;-7.8834184e-02;2.7250000e+02;-1.2198563e-01;2.7250000e+02;-6.6902392e-02;2.7250000e+02;-4.0141005e-02;2.7250000e+02;3.4569427e-03;2.7250000e+02;7.1324490e-02;2.7250000e+02;1.6837716e-01;2.7250000e+02;2.5266072e-01;2.7250000e+02;2.7379143e-01;2.7250000e+02;2.3898184e-01;2.7250000e+02;1.8274316e-01;2.7250000e+02;2.1888401e-01;2.7250000e+02;1.9304317e-01;2.7250000e+02;1.4634088e-01;2.7250000e+02;9.8404795e-02;2.7250000e+02;5.0070651e-02;2.7250000e+02;8.5775778e-03;2.7250000e+02;-3.9975777e-02;2.7250000e+02;-7.8834184e-02;2.7250000e+02;-1.2198563e-01;2.7250000e+02;-6.6902392e-02;2.7250000e+02;-4.0141005e-02;2.7250000e+02;3.4569427e-03;2.7250000e+02;7.1324490e-02;2.7250000e+02;1.6837716e-01;2.7250000e+02;2.5266072e-01;2.7250000e+02;2.7379143e-01;2.7250000e+02;2.3898184e-01;2.7250000e+02;1.8274316e-01;2.7250000e+02;2.1888401e-01;2.7250000e+02;1.9304317e-01;2.7250000e+02;1.4634088e-01;2.7250000e+02;9.8404795e-02;2.7250000e+02;5.0070651e-02;2.7250000e+02;8.5775778e-03;2.7250000e+02;-3.9975777e-02;2.7250000e+02;-7.8834184e-02;2.7250000e+02;-1.2198563e-01;2.7250000e+02;-6.6902392e-02;2.7250000e+02;-4.0141005e-02;2.7250000e+02;3.4569427e-03;2.7250000e+02;7.1324490e-02;2.7250000e+02;1.6837716e-01;2.7250000e+02;2.5266072e-01;2.7250000e+02;2.7379143e-01;2.7250000e+02;2.3898184e-01;2.7250000e+02;1.8274316e-01;2.7250000e+02;2.1888401e-01;2.7250000e+02;1.9304317e-01;2.7250000e+02;1.4634088e-01;2.7250000e+02;9.8404795e-02;2.7250000e+02;5.0070651e-02;2.7250000e+02;8.5775778e-03;2.7250000e+02;-3.9975777e-02;2.7250000e+02;-7.8834184e-02;2.7250000e+02;-1.2198563e-01;2.7250000e+02;-6.6902392e-02;2.7250000e+02;-4.0141005e-02;2.7250000e+02;3.4569427e-03;2.7250000e+02;7.1324490e-02;2.7250000e+02;1.6837716e-01;2.7250000e+02;2.5266072e-01;2.7250000e+02;2.7379143e-01;2.7250000e+02;2.3898184e-01;2.7250000e+02;1.8274316e-01;2.7250000e+02;2.1888401e-01;2.7250000e+02;1.9304317e-01;2.7250000e+02;1.4634088e-01;2.7250000e+02;9.8404795e-02;2.7250000e+02;5.0070651e-02;2.7250000e+02;8.5775778e-03;2.7250000e+02;-3.9975777e-02;2.7250000e+02;-7.8834184e-02;2.7250000e+02;-1.2198563e-01;2.7250000e+02;-6.6902392e-02;2.7250000e+02;-4.0141005e-02;2.7250000e+02;3.4569427e-03;2.7250000e+02;7.1324490e-02;2.7250000e+02;1.6837716e-01;2.7250000e+02;2.5266072e-01;2.7250000e+02;2.7379143e-01;2.7250000e+02;2.3898184e-01;2.7250000e+02;1.8274316e-01;2.7250000e+02;2.1888401e-01;2.7250000e+02;1.9304317e-01;2.7250000e+02;1.4634088e-01;2.7250000e+02;9.8404795e-02;2.7250000e+02;5.0070651e-02;2.7250000e+02;8.5775778e-03;2.7250000e+02;-3.9975777e-02;2.7250000e+02;-7.8834184e-02;2.7250000e+02;-1.2198563e-01;2.7250000e+02;-6.6902392e-02;2.7250000e+02;-4.0141005e-02;2.7250000e+02;3.4569427e-03;2.7250000e+02;7.1324490e-02;2.7250000e+02;1.6837716e-01;2.7250000e+02;2.5266072e-01;2.7250000e+02;2.7379143e-01;2.7250000e+02;2.3898184e-01;2.7250000e+02;1.8274316e-01;2.7250000e+02;2.1888401e-01;2.7250000e+02;1.9304317e-01;2.7250000e+02;1.4634088e-01;2.7250000e+02;9.8404795e-02;2.7250000e+02;5.0070651e-02;2.7250000e+02;8.5775778e-03;2.7250000e+02;-3.9975777e-02;2.7250000e+02;-7.8834184e-02;2.7250000e+02;-1.2198563e-01;2.7250000e+02;-6.6902392e-02;2.7250000e+02;-4.0141005e-02;2.7250000e+02;3.4569427e-03;2.7250000e+02;7.1324490e-02;2.7250000e+02;1.6837716e-01;2.7250000e+02;2.5266072e-01;2.7250000e+02;2.7379143e-01;2.7250000e+02;2.3898184e-01;2.7250000e+02;1.8274316e-01;2.7250000e+02;2.1888401e-01;2.7250000e+02;1.9304317e-01;2.7250000e+02;1.4634088e-01;2.7250000e+02;9.8404795e-02;2.7250000e+02;5.0070651e-02;2.7250000e+02;8.5775778e-03;2.7250000e+02;-3.9975777e-02;2.7250000e+02;-7.8834184e-02;2.7250000e+02;-1.2198563e-01;2.7250000e+02;-6.6902392e-02;2.7250000e+02;-4.0141005e-02;2.7250000e+02;3.4569427e-03;2.7250000e+02;7.1324490e-02;2.7250000e+02;1.6837716e-01;2.7250000e+02;2.5266072e-01;2.7250000e+02;2.7379143e-01;2.7250000e+02;2.3898184e-01;2.7250000e+02;1.8274316e-01;2.7250000e+02;2.1888401e-01;2.7250000e+02;1.9304317e-01;2.7250000e+02;1.4634088e-01;2.7250000e+02;9.8404795e-02;2.7250000e+02;5.0070651e-02;2.7250000e+02;8.5775778e-03;2.7250000e+02;-3.9975777e-02;2.7250000e+02;-7.8834184e-02;2.7250000e+02;-1.2198563e-01;2.7250000e+02;-6.6902392e-02;2.7250000e+02;-4.0141005e-02;2.7250000e+02;3.4569427e-03;2.7250000e+02;7.1324490e-02;2.7250000e+02;1.6837716e-01;2.7250000e+02;2.5266072e-01;2.7250000e+02;2.7379143e-01;2.7250000e+02;2.3898184e-01;2.7250000e+02;1.8274316e-01;2.7250000e+02;2.1888401e-01;2.7250000e+02;1.9304317e-01;2.7250000e+02;1.4634088e-01;2.7250000e+02;9.8404795e-02;2.7250000e+02;5.0070651e-02;2.7250000e+02;8.5775778e-03;2.7250000e+02;-3.9975777e-02;2.7250000e+02;-7.8834184e-02;2.7250000e+02;-1.2198563e-01;2.7250000e+02;-6.6902392e-02;2.7250000e+02;-4.0141005e-02;2.7250000e+02;3.4569427e-03;2.7250000e+02;7.1324490e-02;2.7250000e+02;1.6837716e-01;2.7250000e+02;2.5266072e-01;2.7250000e+02;2.7379143e-01;2.7250000e+02;2.3898184e-01;2.7250000e+02;1.8274316e-01;2.7250000e+02;2.1888401e-01;2.7250000e+02;1.9304317e-01;2.7250000e+02;1.4634088e-01;2.7250000e+02;9.8404795e-02;2.7250000e+02;5.0070651e-02;2.7250000e+02;8.5775778e-03;2.7250000e+02;-3.9975777e-02;2.7250000e+02;-7.8834184e-02;2.7250000e+02;-1.2198563e-01;2.7250000e+02;-6.6902392e-02;2.7250000e+02;-4.0141005e-02;2.7250000e+02;3.4569427e-03;2.7250000e+02;7.1324490e-02;2.7250000e+02;1.6837716e-01;2.7250000e+02;2.5266072e-01;2.7250000e+02;2.7379143e-01;2.7250000e+02;2.3898184e-01;2.7250000e+02;1.8274316e-01;2.7250000e+02;2.1888401e-01;2.7250000e+02;1.9304317e-01;2.7250000e+02;1.4634088e-01;2.7250000e+02;9.8404795e-02;2.7250000e+02;5.0070651e-02;2.7250000e+02;8.5775778e-03;2.7250000e+02;-3.9975777e-02;2.7250000e+02;-7.8834184e-02;2.7250000e+02;-1.2198563e-01;2.7250000e+02;-6.6902392e-02;2.7250000e+02;-4.0141005e-02;2.7250000e+02;3.4569427e-03;2.7250000e+02;7.1324490e-02;2.7250000e+02;1.6837716e-01;2.7250000e+02;2.5266072e-01;2.7250000e+02;2.7379143e-01;2.7250000e+02;2.3898184e-01;2.7250000e+02;1.8274316e-01;2.7250000e+02;2.1888401e-01;2.7250000e+02;1.9304317e-01;2.7250000e+02;1.4634088e-01;2.7250000e+02;9.8404795e-02;2.7250000e+02;5.0070651e-02;2.7250000e+02;8.5775778e-03;2.7250000e+02;-3.9975777e-02;2.7250000e+02;-7.8834184e-02;2.7250000e+02;-1.2198563e-01;2.7250000e+02;-6.6902392e-02;2.7250000e+02;-4.0141005e-02;2.7250000e+02;3.4569427e-03;2.7250000e+02;7.1324490e-02;2.7250000e+02;1.6837716e-01;2.7250000e+02;2.5266072e-01;2.7250000e+02;2.7379143e-01;2.7250000e+02;2.3898184e-01;2.7250000e+02;1.8274316e-01;2.7250000e+02;2.1888401e-01;2.7250000e+02;1.9304317e-01;2.7250000e+02;1.4634088e-01;2.7250000e+02;9.8404795e-02;2.7250000e+02;5.0070651e-02;2.7250000e+02;8.5775778e-03;2.7250000e+02;-3.9975777e-02;2.7250000e+02;-7.8834184e-02;2.7250000e+02;-1.2198563e-01;2.7250000e+02;-6.6902392e-02;2.7250000e+02;-4.0141005e-02;2.7250000e+02;3.4569427e-03;2.7250000e+02;7.1324490e-02;2.7250000e+02;1.6837716e-01;2.7250000e+02;2.5266072e-01;2.7250000e+02;2.7379143e-01;2.7250000e+02;2.3898184e-01;2.7250000e+02;1.8274316e-01;2.7250000e+02;2.1888401e-01;2.7250000e+02;1.9304317e-01;2.7250000e+02;1.4634088e-01;2.7250000e+02;9.8404795e-02;2.7250000e+02;5.0070651e-02;2.7250000e+02;8.5775778e-03;2.7250000e+02;-3.9975777e-02;2.7250000e+02;-7.8834184e-02;2.7250000e+02;-1.2198563e-01;2.7250000e+02;-6.6902392e-02;2.7250000e+02;-4.0141005e-02;2.7250000e+02;3.4569427e-03;2.7250000e+02;7.1324490e-02;2.7250000e+02;1.6837716e-01;2.7250000e+02;2.5266072e-01;2.7250000e+02;2.7379143e-01;2.7250000e+02;2.3898184e-01;2.7250000e+02;1.8274316e-01;2.7250000e+02;2.1888401e-01;2.7250000e+02;1.9304317e-01;2.7250000e+02;1.4634088e-01;2.7250000e+02;9.8404795e-02;2.7250000e+02;5.0070651e-02;2.7250000e+02;8.5775778e-03;2.7250000e+02;-3.9975777e-02;2.7250000e+02;-7.8834184e-02;2.7250000e+02;-1.2198563e-01;2.7250000e+02;-6.6902392e-02;2.7250000e+02;-4.0141005e-02;2.7250000e+02;3.4569427e-03;2.7250000e+02;7.1324490e-02;2.7250000e+02;1.6837716e-01;2.7250000e+02;2.5266072e-01;2.7250000e+02;2.7379143e-01;2.7250000e+02;2.3898184e-01;2.7250000e+02;1.8274316e-01;2.7250000e+02;2.1888401e-01;2.7250000e+02;1.9304317e-01;2.7250000e+02;1.4634088e-01;2.7250000e+02;9.8404795e-02;2.7250000e+02;5.0070651e-02;2.7250000e+02;8.5775778e-03;2.7250000e+02;-3.9975777e-02;2.7250000e+02;-7.8834184e-02;2.7250000e+02;-1.2198563e-01;2.7250000e+02;-6.6902392e-02;2.7250000e+02;-4.0141005e-02;2.7250000e+02;3.4569427e-03;2.7250000e+02;7.1324490e-02;2.7250000e+02;1.6837716e-01;2.7250000e+02;2.5266072e-01;2.7250000e+02;2.7379143e-01;2.7250000e+02;2.3898184e-01;2.7250000e+02;1.8274316e-01;2.7250000e+02;2.1888401e-01;2.7250000e+02;1.9304317e-01;2.7250000e+02;1.4634088e-01;2.7250000e+02;9.8404795e-02;2.7250000e+02;5.0070651e-02;2.7250000e+02;8.5775778e-03;2.7250000e+02;-3.9975777e-02;2.7250000e+02;-7.8834184e-02;2.7250000e+02;-1.2198563e-01;2.7250000e+02;-6.6902392e-02;2.7250000e+02;-4.0141005e-02;2.7250000e+02;3.4569427e-03;2.7250000e+02;7.1324490e-02;2.7250000e+02;1.6837716e-01;2.7250000e+02;2.5266072e-01;2.7250000e+02;2.7379143e-01;2.7250000e+02;2.3898184e-01;2.7250000e+02;1.8274316e-01;2.7250000e+02;2.1888401e-01;2.7250000e+02;1.9304317e-01;2.7250000e+02;1.4634088e-01;2.7250000e+02;9.8404795e-02;2.7250000e+02;5.0070651e-02;2.7250000e+02;8.5775778e-03;2.7250000e+02;-3.9975777e-02;2.7250000e+02;-7.8834184e-02;2.7250000e+02;-1.2198563e-01;2.7250000e+02;-6.6902392e-02;2.7250000e+02;-4.0141005e-02;2.7250000e+02;3.4569427e-03;2.7250000e+02;7.1324490e-02;2.7250000e+02;1.6837716e-01;2.7250000e+02;2.5266072e-01;2.7250000e+02;2.7379143e-01;2.7250000e+02;2.3898184e-01;2.7250000e+02;1.8274316e-01;2.7250000e+02;2.1888401e-01;2.7250000e+02;1.9304317e-01;2.7250000e+02;1.4634088e-01;2.7250000e+02;9.8404795e-02;2.7250000e+02;5.0070651e-02;2.7250000e+02;8.5775778e-03;2.7250000e+02;-3.9975777e-02;2.7250000e+02;-7.8834184e-02;2.7250000e+02;-1.2198563e-01;2.7250000e+02;-6.6902392e-02;2.7250000e+02;-4.0141005e-02;2.7250000e+02;3.4569427e-03;2.7250000e+02;7.1324490e-02;2.7250000e+02;1.6837716e-01;2.7250000e+02;2.5266072e-01;2.7250000e+02;2.7379143e-01;2.7250000e+02;2.3898184e-01;2.7250000e+02;1.8274316e-01;2.7250000e+02;2.1888401e-01;2.7250000e+02;1.9304317e-01;2.7250000e+02;1.4634088e-01;2.7250000e+02;9.8404795e-02;2.7250000e+02;5.0070651e-02;2.7250000e+02;8.5775778e-03;2.7250000e+02;-3.9975777e-02;2.7250000e+02;-7.8834184e-02;2.7250000e+02;-1.2198563e-01;2.7250000e+02;-6.6902392e-02;2.7250000e+02;-4.0141005e-02;2.7250000e+02;3.4569427e-03;2.7250000e+02;7.1324490e-02;2.7250000e+02;1.6837716e-01;2.7250000e+02;2.5266072e-01;2.7250000e+02;2.7379143e-01;2.7250000e+02;2.3898184e-01;2.7250000e+02;1.8274316e-01;2.7250000e+02;2.1888401e-01;2.7250000e+02;1.9304317e-01;2.7250000e+02;1.4634088e-01;2.7250000e+02;9.8404795e-02;2.7250000e+02;5.0070651e-02;2.7250000e+02;8.5775778e-03;2.7250000e+02;-3.9975777e-02;2.7250000e+02;-7.8834184e-02;2.7250000e+02;-1.2198563e-01;2.7250000e+02;-6.6902392e-02;2.7250000e+02;-4.0141005e-02;2.7250000e+02;3.4569427e-03;2.7250000e+02;7.1324490e-02;2.7250000e+02;1.6837716e-01;2.7250000e+02;2.5266072e-01;2.7250000e+02;2.7379143e-01;2.7250000e+02;2.3898184e-01;2.7250000e+02;1.8274316e-01;2.7250000e+02;2.1888401e-01;2.7250000e+02;1.9304317e-01;2.7250000e+02;1.4634088e-01;2.7250000e+02;9.8404795e-02;2.7250000e+02;5.0070651e-02;2.7250000e+02;8.5775778e-03;2.7250000e+02;-3.9975777e-02;2.7250000e+02;-7.8834184e-02;2.7250000e+02;-1.2198563e-01;2.7250000e+02;-6.6902392e-02;2.7250000e+02;-4.0141005e-02;2.7250000e+02;3.4569427e-03;2.7250000e+02;7.1324490e-02;2.7250000e+02;1.6837716e-01;2.7250000e+02;2.5266072e-01;2.7250000e+02;2.7379143e-01;2.7250000e+02;2.3898184e-01;2.7250000e+02;1.8274316e-01;2.7250000e+02;2.1888401e-01;2.7250000e+02;1.9304317e-01;2.7250000e+02;1.4634088e-01;2.7250000e+02;9.8404795e-02;2.7250000e+02;5.0070651e-02;2.7250000e+02;8.5775778e-03;2.7250000e+02;-3.9975777e-02;2.7250000e+02;-7.8834184e-02;2.7250000e+02;-1.2198563e-01;2.7250000e+02;-6.6902392e-02;2.7250000e+02;-4.0141005e-02;2.7250000e+02;3.4569427e-03;2.7250000e+02;7.1324490e-02;2.7250000e+02;1.6837716e-01;2.7250000e+02;2.5266072e-01;2.7250000e+02;2.7379143e-01;2.7250000e+02;2.3898184e-01;2.7250000e+02;1.8274316e-01;2.7250000e+02;2.1888401e-01;2.7250000e+02;1.9304317e-01;2.7250000e+02;1.4634088e-01;2.7250000e+02;9.8404795e-02;2.7250000e+02;5.0070651e-02;2.7250000e+02;8.5775778e-03;2.7250000e+02;-3.9975777e-02;2.7250000e+02;-7.8834184e-02;2.7250000e+02;-1.2198563e-01;2.7250000e+02;-6.6902392e-02;2.7250000e+02;-4.0141005e-02;2.7250000e+02;3.4569427e-03;2.7250000e+02;7.1324490e-02;2.7250000e+02;1.6837716e-01;2.7250000e+02;2.5266072e-01;2.7250000e+02;2.7379143e-01;2.7250000e+02;2.3898184e-01;2.7250000e+02;1.8274316e-01;2.7250000e+02;2.1888401e-01;2.7250000e+02;1.9304317e-01;2.7250000e+02;1.4634088e-01;2.7250000e+02;9.8404795e-02;2.7250000e+02;5.0070651e-02;2.7250000e+02;8.5775778e-03;2.7250000e+02;-3.9975777e-02;2.7250000e+02;-7.8834184e-02;2.7250000e+02;-1.2198563e-01;2.7250000e+02;-6.6902392e-02;2.7250000e+02;-4.0141005e-02;2.7250000e+02;3.4569427e-03;2.7250000e+02;7.1324490e-02;2.7250000e+02;1.6837716e-01;2.7250000e+02;2.5266072e-01;2.7250000e+02;2.7379143e-01;2.7250000e+02;2.3898184e-01;2.7250000e+02;1.8274316e-01;2.7250000e+02;2.1888401e-01;2.7250000e+02;1.9304317e-01;2.7250000e+02;1.4634088e-01;2.7250000e+02;9.8404795e-02;2.7250000e+02;5.0070651e-02;2.7250000e+02;8.5775778e-03;2.7250000e+02;-3.9975777e-02;2.7250000e+02;-7.8834184e-02;2.7250000e+02;-1.2198563e-01;2.7250000e+02;-6.6902392e-02;2.7250000e+02;-4.0141005e-02;2.7250000e+02;3.4569427e-03;2.7250000e+02;7.1324490e-02;2.7250000e+02;1.6837716e-01;2.7250000e+02;2.5266072e-01;2.7250000e+02;2.7379143e-01;2.7250000e+02;2.3898184e-01;2.7250000e+02;1.8274316e-01;2.7250000e+02;2.1888401e-01;2.7250000e+02;1.9304317e-01;2.7250000e+02;1.4634088e-01;2.7250000e+02;9.8404795e-02;2.7250000e+02;5.0070651e-02;2.7250000e+02;8.5775778e-03;2.7250000e+02;-3.9975777e-02;2.7250000e+02;-7.8834184e-02;2.7250000e+02;-1.2198563e-01;2.7250000e+02;-6.6902392e-02;2.7250000e+02;-4.0141005e-02;2.7250000e+02;3.4569427e-03;2.7250000e+02;7.1324490e-02;2.7250000e+02;1.6837716e-01;2.7250000e+02;2.5266072e-01;2.7250000e+02;2.7379143e-01;2.7250000e+02;2.3898184e-01;2.7250000e+02;1.8274316e-01;2.7250000e+02;2.1888401e-01;2.7250000e+02;1.9304317e-01;2.7250000e+02;1.4634088e-01;2.7250000e+02;9.8404795e-02;2.7250000e+02;5.0070651e-02;2.7250000e+02;8.5775778e-03;2.7250000e+02;-3.9975777e-02;2.7250000e+02;-7.8834184e-02;2.7250000e+02;-1.2198563e-01;2.7250000e+02;-6.6902392e-02;2.7250000e+02;-4.0141005e-02;2.7250000e+02;3.4569427e-03;2.7250000e+02;7.1324490e-02;2.7250000e+02;1.6837716e-01;2.7250000e+02;2.5266072e-01;2.7250000e+02;2.7379143e-01;2.7250000e+02;2.3898184e-01;2.7250000e+02;1.8274316e-01;2.7250000e+02;2.1888401e-01;2.7250000e+02;1.9304317e-01;2.7250000e+02;1.4634088e-01;2.7250000e+02;9.8404795e-02;2.7250000e+02;5.0070651e-02;2.7250000e+02;8.5775778e-03;2.7250000e+02;-3.9975777e-02;2.7250000e+02;-7.8834184e-02;2.7250000e+02;-1.2198563e-01;2.7250000e+02;-6.6902392e-02;2.7250000e+02;-4.0141005e-02;2.7250000e+02;3.4569427e-03;2.7250000e+02;7.1324490e-02;2.7250000e+02;1.6837716e-01;2.7250000e+02;2.5266072e-01;2.7250000e+02;2.7379143e-01;2.7250000e+02;2.3898184e-01;2.7250000e+02;1.8274316e-01;2.7250000e+02;2.1888401e-01;2.7250000e+02;1.9304317e-01;2.7250000e+02;1.4634088e-01;2.7250000e+02;9.8404795e-02;2.7250000e+02;5.0070651e-02;2.7250000e+02;8.5775778e-03;2.7250000e+02;-3.9975777e-02;2.7250000e+02;-7.8834184e-02;2.7250000e+02;-1.2198563e-01;2.7250000e+02;-6.6902392e-02;2.7250000e+02;-4.0141005e-02;2.7250000e+02;3.4569427e-03;2.7250000e+02;7.1324490e-02;2.7250000e+02;1.6837716e-01;2.7250000e+02;2.5266072e-01;2.7250000e+02;2.7379143e-01;2.7250000e+02;2.3898184e-01;2.7250000e+02;1.8274316e-01;2.7250000e+02;2.1888401e-01;2.7250000e+02;1.9304317e-01;2.7250000e+02;1.4634088e-01;2.7250000e+02;9.8404795e-02;2.7250000e+02;5.0070651e-02;2.7250000e+02;8.5775778e-03;2.7250000e+02;-3.9975777e-02;2.7250000e+02;-7.8834184e-02;2.7250000e+02;-1.2198563e-01;2.7250000e+02;-6.6902392e-02;2.7250000e+02;-4.0141005e-02;2.7250000e+02;3.4569427e-03;2.7250000e+02;7.1324490e-02;2.7250000e+02;1.6837716e-01;2.7250000e+02;2.5266072e-01;2.7250000e+02;2.7379143e-01;2.7250000e+02;2.3898184e-01;2.7250000e+02;1.8274316e-01;2.7250000e+02;2.1888401e-01;2.7250000e+02;1.9304317e-01;2.7250000e+02;1.4634088e-01;2.7250000e+02;9.8404795e-02;2.7250000e+02;5.0070651e-02;2.7250000e+02;8.5775778e-03;2.7250000e+02;-3.9975777e-02;2.7250000e+02;-7.8834184e-02;2.7250000e+02;-1.2198563e-01;2.7250000e+02;-6.6902392e-02;2.7250000e+02;-4.0141005e-02;2.7250000e+02;3.4569427e-03;2.7250000e+02;7.1324490e-02;2.7250000e+02;1.6837716e-01;2.7250000e+02;2.5266072e-01;2.7250000e+02;2.7379143e-01;2.7250000e+02;2.3898184e-01;2.7250000e+02;1.8274316e-01;2.7250000e+02;2.1888401e-01;2.7250000e+02;1.9304317e-01;2.7250000e+02;1.4634088e-01;2.7250000e+02;9.8404795e-02;2.7250000e+02;5.0070651e-02;2.7250000e+02;8.5775778e-03;2.7250000e+02;-3.9975777e-02;2.7250000e+02;-7.8834184e-02;2.7250000e+02;-1.2198563e-01;2.7250000e+02;-6.6902392e-02;2.7250000e+02;-4.0141005e-02;2.7250000e+02;3.4569427e-03;2.7250000e+02;7.1324490e-02;2.7250000e+02;1.6837716e-01;2.7250000e+02;2.5266072e-01;2.7250000e+02;2.7379143e-01;2.7250000e+02;2.3898184e-01;2.7250000e+02;1.8274316e-01;2.7250000e+02;2.1888401e-01;2.7250000e+02;1.9304317e-01;2.7250000e+02;1.4634088e-01;2.7250000e+02;9.8404795e-02;2.7250000e+02;5.0070651e-02;2.7250000e+02;8.5775778e-03;2.7250000e+02;-3.9975777e-02;2.7250000e+02;-7.8834184e-02;2.7250000e+02;-1.2198563e-01;2.7250000e+02;-6.6902392e-02;2.7250000e+02;-4.0141005e-02;2.7250000e+02;3.4569427e-03;2.7250000e+02;7.1324490e-02;2.7250000e+02;1.6837716e-01;2.7250000e+02;2.5266072e-01;2.7250000e+02;2.7379143e-01;2.7250000e+02;2.3898184e-01;2.7250000e+02;1.8274316e-01;2.7250000e+02;2.1888401e-01;2.7250000e+02;1.9304317e-01;2.7250000e+02;1.4634088e-01;2.7250000e+02;9.8404795e-02;2.7250000e+02;5.0070651e-02;2.7250000e+02;8.5775778e-03;2.7250000e+02;-3.9975777e-02;2.7250000e+02;-7.8834184e-02;2.7250000e+02;-1.2198563e-01;2.7250000e+02;-6.6902392e-02;2.7250000e+02;-4.0141005e-02;2.7250000e+02;3.4569427e-03;2.7250000e+02;7.1324490e-02;2.7250000e+02;1.6837716e-01;2.7250000e+02;2.5266072e-01;2.7250000e+02;2.7379143e-01;2.7250000e+02;2.3898184e-01;2.7250000e+02;1.8274316e-01;2.7250000e+02;2.1888401e-01;2.7250000e+02;1.9304317e-01;2.7250000e+02;1.4634088e-01;2.7250000e+02;9.8404795e-02;2.7250000e+02;5.0070651e-02;2.7250000e+02;8.5775778e-03;2.7250000e+02;-3.9975777e-02;2.7250000e+02;-7.8834184e-02;2.7250000e+02;-1.2198563e-01;2.7250000e+02;-6.6902392e-02;2.7250000e+02;-4.0141005e-02;2.7250000e+02;3.4569427e-03;2.7250000e+02;7.1324490e-02;2.7250000e+02;1.6837716e-01;2.7250000e+02;2.5266072e-01;2.7250000e+02;2.7379143e-01;2.7250000e+02;2.3898184e-01;2.7250000e+02;1.8274316e-01;2.7250000e+02;2.1888401e-01;2.7250000e+02;1.9304317e-01;2.7250000e+02;1.4634088e-01;2.7250000e+02;9.8404795e-02;2.7250000e+02;5.0070651e-02;2.7250000e+02;8.5775778e-03;2.7250000e+02;-3.9975777e-02;2.7250000e+02;-7.8834184e-02;2.7250000e+02;-1.2198563e-01;2.7250000e+02;-6.6902392e-02;2.7250000e+02;-4.0141005e-02;2.7250000e+02;3.4569427e-03;2.7250000e+02;7.1324490e-02;2.7250000e+02;1.6837716e-01;2.7250000e+02;2.5266072e-01;2.7250000e+02;2.7379143e-01;2.7250000e+02;2.3898184e-01;2.7250000e+02;1.8274316e-01;2.7250000e+02;2.1888401e-01;2.7250000e+02;1.9304317e-01;2.7250000e+02;1.4634088e-01;2.7250000e+02;9.8404795e-02;2.7250000e+02;5.0070651e-02;2.7250000e+02;8.5775778e-03;2.7250000e+02;-3.9975777e-02;2.7250000e+02;-7.8834184e-02;2.7250000e+02;-1.2198563e-01;2.7250000e+02;-6.6902392e-02;2.7250000e+02;-4.0141005e-02;2.7250000e+02;3.4569427e-03;2.7250000e+02;7.1324490e-02;2.7250000e+02;1.6837716e-01;2.7250000e+02;2.5266072e-01;2.7250000e+02;2.7379143e-01;2.7250000e+02;2.3898184e-01;2.7250000e+02;1.8274316e-01;2.7250000e+02;2.1888401e-01;2.7250000e+02;1.9304317e-01;2.7250000e+02;1.4634088e-01;2.7250000e+02;9.8404795e-02;2.7250000e+02;5.0070651e-02;2.7250000e+02;8.5775778e-03;2.7250000e+02;-3.9975777e-02;2.7250000e+02;-7.8834184e-02;2.7250000e+02;-1.2198563e-01;2.7250000e+02;-6.6902392e-02;2.7250000e+02;-4.0141005e-02;2.7250000e+02;3.4569427e-03;2.7250000e+02;7.1324490e-02;2.7250000e+02;1.6837716e-01;2.7250000e+02;2.5266072e-01;2.7250000e+02;2.7379143e-01;2.7250000e+02;2.3898184e-01;2.7250000e+02;1.8274316e-01;2.7250000e+02;2.1888401e-01;2.7250000e+02;1.9304317e-01;2.7250000e+02;1.4634088e-01;2.7250000e+02;9.8404795e-02;2.7250000e+02;5.0070651e-02;2.7250000e+02;8.5775778e-03;2.7250000e+02;-3.9975777e-02;2.7250000e+02;-7.8834184e-02;2.7250000e+02;-1.2198563e-01;2.7250000e+02;-6.6902392e-02;2.7250000e+02;-4.0141005e-02;2.7250000e+02;3.4569427e-03;2.7250000e+02;7.1324490e-02;2.7250000e+02;1.6837716e-01;2.7250000e+02;2.5266072e-01;2.7250000e+02;2.7379143e-01;2.7250000e+02;2.3898184e-01;2.7250000e+02;1.8274316e-01;2.7250000e+02;2.1888401e-01;2.7250000e+02;1.9304317e-01;2.7250000e+02;1.4634088e-01;2.7250000e+02;9.8404795e-02;2.7250000e+02;5.0070651e-02;2.7250000e+02;8.5775778e-03;2.7250000e+02;-3.9975777e-02;2.7250000e+02;-7.8834184e-02;2.7250000e+02;-1.2198563e-01;2.7250000e+02;-6.6902392e-02;2.7250000e+02;-4.0141005e-02;2.7250000e+02;3.4569427e-03;2.7250000e+02;7.1324490e-02;2.7250000e+02;1.6837716e-01;2.7250000e+02;2.5266072e-01;2.7250000e+02;2.7379143e-01;2.7250000e+02;2.3898184e-01;2.7250000e+02;1.8274316e-01;2.7250000e+02;2.1888401e-01;2.7250000e+02;1.9304317e-01;2.7250000e+02;1.4634088e-01;2.7250000e+02;9.8404795e-02;2.7250000e+02;5.0070651e-02;2.7250000e+02;8.5775778e-03;2.7250000e+02;-3.9975777e-02;2.7250000e+02;-7.8834184e-02;2.7250000e+02;-1.2198563e-01;2.7250000e+02;-6.6902392e-02;2.7250000e+02;-4.0141005e-02;2.7250000e+02;3.4569427e-03;2.7250000e+02;7.1324490e-02;2.7250000e+02;1.6837716e-01;2.7250000e+02;2.5266072e-01;2.7250000e+02;2.7379143e-01;2.7250000e+02;2.3898184e-01;2.7250000e+02;1.8274316e-01;2.7250000e+02;2.1888401e-01;2.7250000e+02;1.9304317e-01;2.7250000e+02;1.4634088e-01;2.7250000e+02;9.8404795e-02;2.7250000e+02;5.0070651e-02;2.7250000e+02;8.5775778e-03;2.7250000e+02;-3.9975777e-02;2.7250000e+02;-7.8834184e-02;2.7250000e+02;-1.2198563e-01;2.7250000e+02;-6.6902392e-02;2.7250000e+02;-4.0141005e-02;2.7250000e+02;3.4569427e-03;2.7250000e+02;7.1324490e-02;2.7250000e+02;1.6837716e-01;2.7250000e+02;2.5266072e-01;2.7250000e+02;2.7379143e-01;2.7250000e+02;2.3898184e-01;2.7250000e+02;1.8274316e-01;2.7250000e+02;2.1888401e-01;2.7250000e+02;1.9304317e-01;2.7250000e+02;1.4634088e-01;2.7250000e+02;9.8404795e-02;2.7250000e+02;5.0070651e-02;2.7250000e+02;8.5775778e-03;2.7250000e+02;-3.9975777e-02;2.7250000e+02;-7.8834184e-02;2.7250000e+02;-1.2198563e-01;2.7250000e+02;-6.6902392e-02;2.7250000e+02;-4.0141005e-02;2.7250000e+02;3.4569427e-03;2.7250000e+02;7.1324490e-02;2.7250000e+02;1.6837716e-01;2.7250000e+02;2.5266072e-01;2.7250000e+02;2.7379143e-01;2.7250000e+02;2.3898184e-01;2.7250000e+02;1.8274316e-01;2.7250000e+02;2.1888401e-01;2.7250000e+02;1.9304317e-01;2.7250000e+02;1.4634088e-01;2.7250000e+02;9.8404795e-02;2.7250000e+02;5.0070651e-02;2.7250000e+02;8.5775778e-03;2.7250000e+02;-3.9975777e-02;2.7250000e+02;-7.8834184e-02;2.7250000e+02;-1.2198563e-01;2.7250000e+02;-6.6902392e-02;2.7250000e+02;-4.0141005e-02;2.7250000e+02;3.4569427e-03;2.7250000e+02;7.1324490e-02;2.7250000e+02;1.6837716e-01;2.7250000e+02;2.5266072e-01;2.7250000e+02;2.7379143e-01;2.7250000e+02;2.3898184e-01;2.7250000e+02;1.8274316e-01;2.7250000e+02;2.1888401e-01;2.7250000e+02;1.9304317e-01;2.7250000e+02;1.4634088e-01;2.7250000e+02;9.8404795e-02;2.7250000e+02;5.0070651e-02;2.7250000e+02;8.5775778e-03;2.7250000e+02;-3.9975777e-02;2.7250000e+02;-7.8834184e-02;2.7250000e+02;-1.2198563e-01;2.7250000e+02;-6.6902392e-02;2.7250000e+02;-4.0141005e-02;2.7250000e+02;3.4569427e-03;2.7250000e+02;7.1324490e-02;2.7250000e+02;1.6837716e-01;2.7250000e+02;2.5266072e-01;2.7250000e+02;2.7379143e-01;2.7250000e+02;2.3898184e-01;2.7250000e+02;1.8274316e-01;2.7250000e+02;2.1888401e-01;2.7250000e+02;1.9304317e-01;2.7250000e+02;1.4634088e-01;2.7250000e+02;9.8404795e-02;2.7250000e+02;5.0070651e-02;2.7250000e+02;8.5775778e-03;2.7250000e+02;-3.9975777e-02;2.7250000e+02;-7.8834184e-02;2.7250000e+02;-1.2198563e-01;2.7250000e+02;-6.6902392e-02;2.7250000e+02;-4.0141005e-02;2.7250000e+02;3.4569427e-03;2.7250000e+02;7.1324490e-02;2.7250000e+02;1.6837716e-01;2.7250000e+02;2.5266072e-01;2.7250000e+02;2.7379143e-01;2.7250000e+02;2.3898184e-01;2.7250000e+02;1.8274316e-01;2.7250000e+02;2.1888401e-01;2.7250000e+02;1.9304317e-01;2.7250000e+02;1.4634088e-01;2.7250000e+02;9.8404795e-02;2.7250000e+02;5.0070651e-02;2.7250000e+02;8.5775778e-03;2.7250000e+02;-3.9975777e-02;2.7250000e+02;-7.8834184e-02;2.7250000e+02;-1.2198563e-01;2.7250000e+02;-6.6902392e-02;2.7250000e+02;-4.0141005e-02;2.7250000e+02;3.4569427e-03;2.7250000e+02;7.1324490e-02;2.7250000e+02;1.6837716e-01;2.7250000e+02;2.5266072e-01;2.7250000e+02;2.7379143e-01;2.7250000e+02;2.3898184e-01;2.7250000e+02;1.8274316e-01;2.7250000e+02;2.1888401e-01;2.7250000e+02;1.9304317e-01;2.7250000e+02;1.4634088e-01;2.7250000e+02;9.8404795e-02;2.7250000e+02;5.0070651e-02;2.7250000e+02;8.5775778e-03;2.7250000e+02;-3.9975777e-02;2.7250000e+02;-7.8834184e-02;2.7250000e+02;-1.2198563e-01;2.7250000e+02;-6.6902392e-02;2.7250000e+02;-4.0141005e-02;2.7250000e+02;3.4569427e-03;2.7250000e+02;7.1324490e-02;2.7250000e+02;1.6837716e-01;2.7250000e+02;2.5266072e-01;2.7250000e+02;2.7379143e-01;2.7250000e+02;2.3898184e-01;2.7250000e+02;1.8274316e-01;2.7250000e+02;2.1888401e-01;2.7250000e+02;1.9304317e-01;2.7250000e+02;1.4634088e-01;2.7250000e+02;9.8404795e-02;2.7250000e+02;5.0070651e-02;2.7250000e+02;8.5775778e-03;2.7250000e+02;-3.9975777e-02;2.7250000e+02;-7.8834184e-02;2.7250000e+02;-1.2198563e-01;2.7250000e+02;-6.6902392e-02;2.7250000e+02;-4.0141005e-02;2.7250000e+02;3.4569427e-03;2.7250000e+02;7.1324490e-02;2.7250000e+02;1.6837716e-01;2.7250000e+02;2.5266072e-01;2.7250000e+02;2.7379143e-01;2.7250000e+02;2.3898184e-01;2.7250000e+02;1.8274316e-01;2.7250000e+02;2.1888401e-01;2.7250000e+02;1.9304317e-01;2.7250000e+02;1.4634088e-01;2.7250000e+02;9.8404795e-02;2.7250000e+02;5.0070651e-02;2.7250000e+02;8.5775778e-03;2.7250000e+02;-3.9975777e-02;2.7250000e+02;-7.8834184e-02;2.7250000e+02;-1.2198563e-01;2.7250000e+02;-6.6902392e-02;2.7250000e+02;-4.0141005e-02;2.7250000e+02;3.4569427e-03;2.7250000e+02;7.1324490e-02;2.7250000e+02;1.6837716e-01;2.7250000e+02;2.5266072e-01;2.7250000e+02;2.7379143e-01;2.7250000e+02;2.3898184e-01;2.7250000e+02;1.8274316e-01;2.7250000e+02;2.1888401e-01;2.7250000e+02;1.9304317e-01;2.7250000e+02;1.4634088e-01;2.7250000e+02;9.8404795e-02;2.7250000e+02;5.0070651e-02;2.7250000e+02;8.5775778e-03;2.7250000e+02;-3.9975777e-02;2.7250000e+02;-7.8834184e-02;2.7250000e+02;-1.2198563e-01;2.7250000e+02;-6.6902392e-02;2.7250000e+02;-4.0141005e-02;2.7250000e+02;3.4569427e-03;2.7250000e+02;7.1324490e-02;2.7250000e+02;1.6837716e-01;2.7250000e+02;2.5266072e-01;2.7250000e+02;2.7379143e-01;2.7250000e+02;2.3898184e-01;2.7250000e+02;1.8274316e-01;2.7250000e+02;2.1888401e-01;2.7250000e+02;1.9304317e-01;2.7250000e+02;1.4634088e-01;2.7250000e+02;9.8404795e-02;2.7250000e+02;5.0070651e-02;2.7250000e+02;8.5775778e-03;2.7250000e+02;-3.9975777e-02;2.7250000e+02;-7.8834184e-02;2.7250000e+02;-1.2198563e-01;2.7250000e+02;-6.6902392e-02;2.7250000e+02;-4.0141005e-02;2.7250000e+02;3.4569427e-03;2.7250000e+02;7.1324490e-02;2.7250000e+02;1.6837716e-01;2.7250000e+02;2.5266072e-01;2.7250000e+02;2.7379143e-01;2.7250000e+02;2.3898184e-01;2.7250000e+02;1.8274316e-01;2.7250000e+02;2.1888401e-01;2.7250000e+02;1.9304317e-01;2.7250000e+02;1.4634088e-01;2.7250000e+02;9.8404795e-02;2.7250000e+02;5.0070651e-02;2.7250000e+02;8.5775778e-03;2.7250000e+02;-3.9975777e-02;2.7250000e+02;-7.8834184e-02;2.7250000e+02;-1.2198563e-01;2.7250000e+02;-6.6902392e-02;2.7250000e+02;-4.0141005e-02;2.7250000e+02;3.4569427e-03;2.7250000e+02;7.1324490e-02;2.7250000e+02;1.6837716e-01;2.7250000e+02;2.5266072e-01;2.7250000e+02;2.7379143e-01;2.7250000e+02;2.3898184e-01;2.7250000e+02;1.8274316e-01;2.7250000e+02;2.1888401e-01;2.7250000e+02;1.9304317e-01;2.7250000e+02;1.4634088e-01;2.7250000e+02;9.8404795e-02;2.7250000e+02;5.0070651e-02;2.7250000e+02;8.5775778e-03;2.7250000e+02;-3.9975777e-02;2.7250000e+02;-7.8834184e-02;2.7250000e+02;-1.2198563e-01;2.7250000e+02;-6.6902392e-02;2.7250000e+02;-4.0141005e-02;2.7250000e+02;3.4569427e-03;2.7250000e+02;7.1324490e-02;2.7250000e+02;1.6837716e-01;2.7250000e+02;2.5266072e-01;2.7250000e+02;2.7379143e-01;2.7250000e+02;2.3898184e-01;2.7250000e+02;1.8274316e-01;2.7250000e+02;2.1888401e-01;2.7250000e+02;1.9304317e-01;2.7250000e+02;1.4634088e-01;2.7250000e+02;9.8404795e-02;2.7250000e+02;5.0070651e-02;2.7250000e+02;8.5775778e-03;2.7250000e+02;-3.9975777e-02;2.7250000e+02;-7.8834184e-02;2.7250000e+02;-1.2198563e-01;2.7250000e+02;-6.6902392e-02;2.7250000e+02;-4.0141005e-02;2.7250000e+02;3.4569427e-03;2.7250000e+02;7.1324490e-02;2.7250000e+02;1.6837716e-01;2.7250000e+02;2.5266072e-01;2.7250000e+02;2.7379143e-01;2.7250000e+02;2.3898184e-01;2.7250000e+02;1.8274316e-01;2.7250000e+02;2.1888401e-01;2.7250000e+02;1.9304317e-01;2.7250000e+02;1.4634088e-01;2.7250000e+02;9.8404795e-02;2.7250000e+02;5.0070651e-02;2.7250000e+02;8.5775778e-03;2.7250000e+02;-3.9975777e-02;2.7250000e+02;-7.8834184e-02;2.7250000e+02;-1.2198563e-01;2.7250000e+02;-6.6902392e-02;2.7250000e+02;-4.0141005e-02;2.7250000e+02;3.4569427e-03;2.7250000e+02;7.1324490e-02;2.7250000e+02;1.6837716e-01;2.7250000e+02;2.5266072e-01;2.7250000e+02;2.7379143e-01;2.7250000e+02;2.3898184e-01;2.7250000e+02;1.8274316e-01;2.7250000e+02;2.1888401e-01;2.7250000e+02;1.9304317e-01;2.7250000e+02;1.4634088e-01;2.7250000e+02;9.8404795e-02;2.7250000e+02;5.0070651e-02;2.7250000e+02;8.5775778e-03;2.7250000e+02;-3.9975777e-02;2.7250000e+02;-7.8834184e-02;2.7250000e+02;-1.2198563e-01;2.7250000e+02;-6.6902392e-02;2.7250000e+02;-4.0141005e-02;2.7250000e+02;3.4569427e-03;2.7250000e+02;7.1324490e-02;2.7250000e+02;1.6837716e-01;2.7250000e+02;2.5266072e-01;2.7250000e+02;2.7379143e-01;2.7250000e+02;2.3898184e-01;2.7250000e+02;1.8274316e-01;2.7250000e+02;2.1888401e-01;2.7250000e+02;1.9304317e-01;2.7250000e+02;1.4634088e-01;2.7250000e+02;9.8404795e-02;2.7250000e+02;5.0070651e-02;2.7250000e+02;8.5775778e-03;2.7250000e+02;-3.9975777e-02;2.7250000e+02;-7.8834184e-02;2.7250000e+02;-1.2198563e-01;2.7250000e+02;-6.6902392e-02;2.7250000e+02;-4.0141005e-02;2.7250000e+02;3.4569427e-03;2.7250000e+02;7.1324490e-02;2.7250000e+02;1.6837716e-01;2.7250000e+02;2.5266072e-01;2.7250000e+02;2.7379143e-01;2.7250000e+02;2.3898184e-01;2.7250000e+02;1.8274316e-01;2.7250000e+02;2.1888401e-01;2.7250000e+02;1.9304317e-01;2.7250000e+02;1.4634088e-01;2.7250000e+02;9.8404795e-02;2.7250000e+02;5.0070651e-02;2.7250000e+02;8.5775778e-03;2.7250000e+02;-3.9975777e-02;2.7250000e+02;-7.8834184e-02;2.7250000e+02;-1.2198563e-01;2.7250000e+02;-6.6902392e-02;2.7250000e+02;-4.0141005e-02;2.7250000e+02;3.4569427e-03;2.7250000e+02;7.1324490e-02;2.7250000e+02;1.6837716e-01;2.7250000e+02;2.5266072e-01;2.7250000e+02;2.7379143e-01;2.7250000e+02;2.3898184e-01;2.7250000e+02;1.8274316e-01;2.7250000e+02;2.1888401e-01;2.7250000e+02;1.9304317e-01;2.7250000e+02;1.4634088e-01;2.7250000e+02;9.8404795e-02;2.7250000e+02;5.0070651e-02;2.7250000e+02;8.5775778e-03;2.7250000e+02;-3.9975777e-02;2.7250000e+02;-7.8834184e-02;2.7250000e+02;-1.2198563e-01;2.7250000e+02;-6.6902392e-02;2.7250000e+02;-4.0141005e-02;2.7250000e+02;3.4569427e-03;2.7250000e+02;7.1324490e-02;2.7250000e+02;1.6837716e-01;2.7250000e+02;2.5266072e-01;2.7250000e+02;2.7379143e-01;2.7250000e+02;2.3898184e-01;2.7250000e+02;1.8274316e-01;2.7250000e+02;2.1888401e-01;2.7250000e+02;1.9304317e-01;2.7250000e+02;1.4634088e-01;2.7250000e+02;9.8404795e-02;2.7250000e+02;5.0070651e-02;2.7250000e+02;8.5775778e-03;2.7250000e+02;-3.9975777e-02;2.7250000e+02;-7.8834184e-02;2.7250000e+02;-1.2198563e-01;2.7250000e+02;-6.6902392e-02;2.7250000e+02;-4.0141005e-02;2.7250000e+02;3.4569427e-03;2.7250000e+02;7.1324490e-02;2.7250000e+02;1.6837716e-01;2.7250000e+02;2.5266072e-01;2.7250000e+02;2.7379143e-01;2.7250000e+02;2.3898184e-01;2.7250000e+02;1.8274316e-01;2.7250000e+02;2.1888401e-01;2.7250000e+02;1.9304317e-01;2.7250000e+02;1.4634088e-01;2.7250000e+02;9.8404795e-02;2.7250000e+02;5.0070651e-02;2.7250000e+02;8.5775778e-03;2.7250000e+02;-3.9975777e-02;2.7250000e+02;-7.8834184e-02;2.7250000e+02;-1.2198563e-01;2.7250000e+02;-6.6902392e-02;2.7250000e+02;-4.0141005e-02;2.7250000e+02;3.4569427e-03;2.7250000e+02;7.1324490e-02;2.7250000e+02;1.6837716e-01;2.7250000e+02;2.5266072e-01;2.7250000e+02;2.7379143e-01;2.7250000e+02;2.3898184e-01;2.7250000e+02;1.8274316e-01;2.7250000e+02;2.1888401e-01;2.7250000e+02;1.9304317e-01;2.7250000e+02;1.4634088e-01;2.7250000e+02;9.8404795e-02;2.7250000e+02;5.0070651e-02;2.7250000e+02;8.5775778e-03;2.7250000e+02;-3.9975777e-02;2.7250000e+02;-7.8834184e-02;2.7250000e+02;-1.2198563e-01
2.7750000e+02;-6.4618945e-02;2.7750000e+02;-3.1034514e-02;2.7750000e+02;2.2351071e-02;2.7750000e+02;8.8510737e-02;2.7750000e+02;1.7575336e-01;2.7750000e+02;2.6043096e-01;2.7750000e+02;2.8690541e-01;2.7750000e+02;2.5489229e-01;2.7750000e+02;1.9561926e-01;2.7750000e+02;2.1863744e-01;2.7750000e+02;1.9382963e-01;2.7750000e+02;1.4854050e-01;2.7750000e+02;9.8809406e-02;2.7750000e+02;5.5278670e-02;2.7750000e+02;8.2607120e-03;2.7750000e+02;-3.4169771e-02;2.7750000e+02;-7.9662547e-02;2.7750000e+02;-1.2217683e-01;2.7750000e+02;-6.4618945e-02;2.7750000e+02;-3.1034514e-02;2.7750000e+02;2.2351071e-02;2.7750000e+02;8.8510737e-02;2.7750000e+02;1.7575336e-01;2.7750000e+02;2.6043096e-01;2.7750000e+02;2.8690541e-01;2.7750000e+02;2.5489229e-01;2.7750000e+02;1.9561926e-01;2.7750000e+02;2.1863744e-01;2.7750000e+02;1.9382963e-01;2.7750000e+02;1.4854050e-01;2.7750000e+02;9.8809406e-02;2.7750000e+02;5.5278670e-02;2.7750000e+02;8.2607120e-03;2.7750000e+02;-3.4169771e-02;2.7750000e+02;-7.9662547e-02;2.7750000e+02;-1.2217683e-01;2.7750000e+02;-6.4618945e-02;2.7750000e+02;-3.1034514e-02;2.7750000e+02;2.2351071e-02;2.7750000e+02;8.8510737e-02;2.7750000e+02;1.7575336e-01;2.7750000e+02;2.6043096e-01;2.7750000e+02;2.8690541e-01;2.7750000e+02;2.5489229e-01;2.7750000e+02;1.9561926e-01;2.7750000e+02;2.1863744e-01;2.7750000e+02;1.9382963e-01;2.7750000e+02;1.4854050e-01;2.7750000e+02;9.8809406e-02;2.7750000e+02;5.5278670e-02;2.7750000e+02;8.2607120e-03;2.7750000e+02;-3.4169771e-02;2.7750000e+02;-7.9662547e-02;2.7750000e+02;-1.2217683e-01;2.7750000e+02;-6.4618945e-02;2.7750000e+02;-3.1034514e-02;2.7750000e+02;2.2351071e-02;2.7750000e+02;8.8510737e-02;2.7750000e+02;1.7575336e-01;2.7750000e+02;2.6043096e-01;2.7750000e+02;2.8690541e-01;2.7750000e+02;2.5489229e-01;2.7750000e+02;1.9561926e-01;2.7750000e+02;2.1863744e-01;2.7750000e+02;1.9382963e-01;2.7750000e+02;1.4854050e-01;2.7750000e+02;9.8809406e-02;2.7750000e+02;5.5278670e-02;2.7750000e+02;8.2607120e-03;2.7750000e+02;-3.4169771e-02;2.7750000e+02;-7.9662547e-02;2.7750000e+02;-1.2217683e-01;2.7750000e+02;-6.4618945e-02;2.7750000e+02;-3.1034514e-02;2.7750000e+02;2.2351071e-02;2.7750000e+02;8.8510737e-02;2.7750000e+02;1.7575336e-01;2.7750000e+02;2.6043096e-01;2.7750000e+02;2.8690541e-01;2.7750000e+02;2.5489229e-01;2.7750000e+02;1.9561926e-01;2.7750000e+02;2.1863744e-01;2.7750000e+02;1.9382963e-01;2.7750000e+02;1.4854050e-01;2.7750000e+02;9.8809406e-02;2.7750000e+02;5.5278670e-02;2.7750000e+02;8.2607120e-03;2.7750000e+02;-3.4169771e-02;2.7750000e+02;-7.9662547e-02;2.7750000e+02;-1.2217683e-01;2.7750000e+02;-6.4618945e-02;2.7750000e+02;-3.1034514e-02;2.7750000e+02;2.2351071e-02;2.7750000e+02;8.8510737e-02;2.7750000e+02;1.7575336e-01;2.7750000e+02;2.6043096e-01;2.7750000e+02;2.8690541e-01;2.7750000e+02;2.5489229e-01;2.7750000e+02;1.9561926e-01;2.7750000e+02;2.1863744e-01;2.7750000e+02;1.9382963e-01;2.7750000e+02;1.4854050e-01;2.7750000e+02;9.8809406e-02;2.7750000e+02;5.5278670e-02;2.7750000e+02;8.2607120e-03;2.7750000e+02;-3.4169771e-02;2.7750000e+02;-7.9662547e-02;2.7750000e+02;-1.2217683e-01;2.7750000e+02;-6.4618945e-02;2.7750000e+02;-3.1034514e-02;2.7750000e+02;2.2351071e-02;2.7750000e+02;8.8510737e-02;2.7750000e+02;1.7575336e-01;2.7750000e+02;2.6043096e-01;2.7750000e+02;2.8690541e-01;2.7750000e+02;2.5489229e-01;2.7750000e+02;1.9561926e-01;2.7750000e+02;2.1863744e-01;2.7750000e+02;1.9382963e-01;2.7750000e+02;1.4854050e-01;2.7750000e+02;9.8809406e-02;2.7750000e+02;5.5278670e-02;2.7750000e+02;8.2607120e-03;2.7750000e+02;-3.4169771e-02;2.7750000e+02;-7.9662547e-02;2.7750000e+02;-1.2217683e-01;2.7750000e+02;-6.4618945e-02;2.7750000e+02;-3.1034514e-02;2.7750000e+02;2.2351071e-02;2.7750000e+02;8.8510737e-02;2.7750000e+02;1.7575336e-01;2.7750000e+02;2.6043096e-01;2.7750000e+02;2.8690541e-01;2.7750000e+02;2.5489229e-01;2.7750000e+02;1.9561926e-01;2.7750000e+02;2.1863744e-01;2.7750000e+02;1.9382963e-01;2.7750000e+02;1.4854050e-01;2.7750000e+02;9.8809406e-02;2.7750000e+02;5.5278670e-02;2.7750000e+02;8.2607120e-03;2.7750000e+02;-3.4169771e-02;2.7750000e+02;-7.9662547e-02;2.7750000e+02;-1.2217683e-01;2.7750000e+02;-6.4618945e-02;2.7750000e+02;-3.1034514e-02;2.7750000e+02;2.2351071e-02;2.7750000e+02;8.8510737e-02;2.7750000e+02;1.7575336e-01;2.7750000e+02;2.6043096e-01;2.7750000e+02;2.8690541e-01;2.7750000e+02;2.5489229e-01;2.7750000e+02;1.9561926e-01;2.7750000e+02;2.1863744e-01;2.7750000e+02;1.9382963e-01;2.7750000e+02;1.4854050e-01;2.7750000e+02;9.8809406e-02;2.7750000e+02;5.5278670e-02;2.7750000e+02;8.2607120e-03;2.7750000e+02;-3.4169771e-02;2.7750000e+02;-7.9662547e-02;2.7750000e+02;-1.2217683e-01;2.7750000e+02;-6.4618945e-02;2.7750000e+02;-3.1034514e-02;2.7750000e+02;2.2351071e-02;2.7750000e+02;8.8510737e-02;2.7750000e+02;1.7575336e-01;2.7750000e+02;2.6043096e-01;2.7750000e+02;2.8690541e-01;2.7750000e+02;2.5489229e-01;2.7750000e+02;1.9561926e-01;2.7750000e+02;2.1863744e-01;2.7750000e+02;1.9382963e-01;2.7750000e+02;1.4854050e-01;2.7750000e+02;9.8809406e-02;2.7750000e+02;5.5278670e-02;2.7750000e+02;8.2607120e-03;2.7750000e+02;-3.4169771e-02;2.7750000e+02;-7.9662547e-02;2.7750000e+02;-1.2217683e-01;2.7750000e+02;-6.4618945e-02;2.7750000e+02;-3.1034514e-02;2.7750000e+02;2.2351071e-02;2.7750000e+02;8.8510737e-02;2.7750000e+02;1.7575336e-01;2.7750000e+02;2.6043096e-01;2.7750000e+02;2.8690541e-01;2.7750000e+02;2.5489229e-01;2.7750000e+02;1.9561926e-01;2.7750000e+02;2.1863744e-01;2.7750000e+02;1.9382963e-01;2.7750000e+02;1.4854050e-01;2.7750000e+02;9.8809406e-02;2.7750000e+02;5.5278670e-02;2.7750000e+02;8.2607120e-03;2.7750000e+02;-3.4169771e-02;2.7750000e+02;-7.9662547e-02;2.7750000e+02;-1.2217683e-01;2.7750000e+02;-6.4618945e-02;2.7750000e+02;-3.1034514e-02;2.7750000e+02;2.2351071e-02;2.7750000e+02;8.8510737e-02;2.7750000e+02;1.7575336e-01;2.7750000e+02;2.6043096e-01;2.7750000e+02;2.8690541e-01;2.7750000e+02;2.5489229e-01;2.7750000e+02;1.9561926e-01;2.7750000e+02;2.1863744e-01;2.7750000e+02;1.9382963e-01;2.7750000e+02;1.4854050e-01;2.7750000e+02;9.8809406e-02;2.7750000e+02;5.5278670e-02;2.7750000e+02;8.2607120e-03;2.7750000e+02;-3.4169771e-02;2.7750000e+02;-7.9662547e-02;2.7750000e+02;-1.2217683e-01;2.7750000e+02;-6.4618945e-02;2.7750000e+02;-3.1034514e-02;2.7750000e+02;2.2351071e-02;2.7750000e+02;8.8510737e-02;2.7750000e+02;1.7575336e-01;2.7750000e+02;2.6043096e-01;2.7750000e+02;2.8690541e-01;2.7750000e+02;2.5489229e-01;2.7750000e+02;1.9561926e-01;2.7750000e+02;2.1863744e-01;2.7750000e+02;1.9382963e-01;2.7750000e+02;1.4854050e-01;2.7750000e+02;9.8809406e-02;2.7750000e+02;5.5278670e-02;2.7750000e+02;8.2607120e-03;2.7750000e+02;-3.4169771e-02;2.7750000e+02;-7.9662547e-02;2.7750000e+02;-1.2217683e-01;2.7750000e+02;-6.4618945e-02;2.7750000e+02;-3.1034514e-02;2.7750000e+02;2.2351071e-02;2.7750000e+02;8.8510737e-02;2.7750000e+02;1.7575336e-01;2.7750000e+02;2.6043096e-01;2.7750000e+02;2.8690541e-01;2.7750000e+02;2.5489229e-01;2.7750000e+02;1.9561926e-01;2.7750000e+02;2.1863744e-01;2.7750000e+02;1.9382963e-01;2.7750000e+02;1.4854050e-01;2.7750000e+02;9.8809406e-02;2.7750000e+02;5.5278670e-02;2.7750000e+02;8.2607120e-03;2.7750000e+02;-3.4169771e-02;2.7750000e+02;-7.9662547e-02;2.7750000e+02;-1.2217683e-01;2.7750000e+02;-6.4618945e-02;2.7750000e+02;-3.1034514e-02;2.7750000e+02;2.2351071e-02;2.7750000e+02;8.8510737e-02;2.7750000e+02;1.7575336e-01;2.7750000e+02;2.6043096e-01;2.7750000e+02;2.8690541e-01;2.7750000e+02;2.5489229e-01;2.7750000e+02;1.9561926e-01;2.7750000e+02;2.1863744e-01;2.7750000e+02;1.9382963e-01;2.7750000e+02;1.4854050e-01;2.7750000e+02;9.8809406e-02;2.7750000e+02;5.5278670e-02;2.7750000e+02;8.2607120e-03;2.7750000e+02;-3.4169771e-02;2.7750000e+02;-7.9662547e-02;2.7750000e+02;-1.2217683e-01;2.7750000e+02;-6.4618945e-02;2.7750000e+02;-3.1034514e-02;2.7750000e+02;2.2351071e-02;2.7750000e+02;8.8510737e-02;2.7750000e+02;1.7575336e-01;2.7750000e+02;2.6043096e-01;2.7750000e+02;2.8690541e-01;2.7750000e+02;2.5489229e-01;2.7750000e+02;1.9561926e-01;2.7750000e+02;2.1863744e-01;2.7750000e+02;1.9382963e-01;2.7750000e+02;1.4854050e-01;2.7750000e+02;9.8809406e-02;2.7750000e+02;5.5278670e-02;2.7750000e+02;8.2607120e-03;2.7750000e+02;-3.4169771e-02;2.7750000e+02;-7.9662547e-02;2.7750000e+02;-1.2217683e-01;2.7750000e+02;-6.4618945e-02;2.7750000e+02;-3.1034514e-02;2.7750000e+02;2.2351071e-02;2.7750000e+02;8.8510737e-02;2.7750000e+02;1.7575336e-01;2.7750000e+02;2.6043096e-01;2.7750000e+02;2.8690541e-01;2.7750000e+02;2.5489229e-01;2.7750000e+02;1.9561926e-01;2.7750000e+02;2.1863744e-01;2.7750000e+02;1.9382963e-01;2.7750000e+02;1.4854050e-01;2.7750000e+02;9.8809406e-02;2.7750000e+02;5.5278670e-02;2.7750000e+02;8.2607120e-03;2.7750000e+02;-3.4169771e-02;2.7750000e+02;-7.9662547e-02;2.7750000e+02;-1.2217683e-01;2.7750000e+02;-6.4618945e-02;2.7750000e+02;-3.1034514e-02;2.7750000e+02;2.2351071e-02;2.7750000e+02;8.8510737e-02;2.7750000e+02;1.7575336e-01;2.7750000e+02;2.6043096e-01;2.7750000e+02;2.8690541e-01;2.7750000e+02;2.5489229e-01;2.7750000e+02;1.9561926e-01;2.7750000e+02;2.1863744e-01;2.7750000e+02;1.9382963e-01;2.7750000e+02;1.4854050e-01;2.7750000e+02;9.8809406e-02;2.7750000e+02;5.5278670e-02;2.7750000e+02;8.2607120e-03;2.7750000e+02;-3.4169771e-02;2.7750000e+02;-7.9662547e-02;2.7750000e+02;-1.2217683e-01;2.7750000e+02;-6.4618945e-02;2.7750000e+02;-3.1034514e-02;2.7750000e+02;2.2351071e-02;2.7750000e+02;8.8510737e-02;2.7750000e+02;1.7575336e-01;2.7750000e+02;2.6043096e-01;2.7750000e+02;2.8690541e-01;2.7750000e+02;2.5489229e-01;2.7750000e+02;1.9561926e-01;2.7750000e+02;2.1863744e-01;2.7750000e+02;1.9382963e-01;2.7750000e+02;1.4854050e-01;2.7750000e+02;9.8809406e-02;2.7750000e+02;5.5278670e-02;2.7750000e+02;8.2607120e-03;2.7750000e+02;-3.4169771e-02;2.7750000e+02;-7.9662547e-02;2.7750000e+02;-1.2217683e-01;2.7750000e+02;-6.4618945e-02;2.7750000e+02;-3.1034514e-02;2.7750000e+02;2.2351071e-02;2.7750000e+02;8.8510737e-02;2.7750000e+02;1.7575336e-01;2.7750000e+02;2.6043096e-01;2.7750000e+02;2.8690541e-01;2.7750000e+02;2.5489229e-01;2.7750000e+02;1.9561926e-01;2.7750000e+02;2.1863744e-01;2.7750000e+02;1.9382963e-01;2.7750000e+02;1.4854050e-01;2.7750000e+02;9.8809406e-02;2.7750000e+02;5.5278670e-02;2.7750000e+02;8.2607120e-03;2.7750000e+02;-3.4169771e-02;2.7750000e+02;-7.9662547e-02;2.7750000e+02;-1.2217683e-01;2.7750000e+02;-6.4618945e-02;2.7750000e+02;-3.1034514e-02;2.7750000e+02;2.2351071e-02;2.7750000e+02;8.8510737e-02;2.7750000e+02;1.7575336e-01;2.7750000e+02;2.6043096e-01;2.7750000e+02;2.8690541e-01;2.7750000e+02;2.5489229e-01;2.7750000e+02;1.9561926e-01;2.7750000e+02;2.1863744e-01;2.7750000e+02;1.9382963e-01;2.7750000e+02;1.4854050e-01;2.7750000e+02;9.8809406e-02;2.7750000e+02;5.5278670e-02;2.7750000e+02;8.2607120e-03;2.7750000e+02;-3.4169771e-02;2.7750000e+02;-7.9662547e-02;2.7750000e+02;-1.2217683e-01;2.7750000e+02;-6.4618945e-02;2.7750000e+02;-3.1034514e-02;2.7750000e+02;2.2351071e-02;2.7750000e+02;8.8510737e-02;2.7750000e+02;1.7575336e-01;2.7750000e+02;2.6043096e-01;2.7750000e+02;2.8690541e-01;2.7750000e+02;2.5489229e-01;2.7750000e+02;1.9561926e-01;2.7750000e+02;2.1863744e-01;2.7750000e+02;1.9382963e-01;2.7750000e+02;1.4854050e-01;2.7750000e+02;9.8809406e-02;2.7750000e+02;5.5278670e-02;2.7750000e+02;8.2607120e-03;2.7750000e+02;-3.4169771e-02;2.7750000e+02;-7.9662547e-02;2.7750000e+02;-1.2217683e-01;2.7750000e+02;-6.4618945e-02;2.7750000e+02;-3.1034514e-02;2.7750000e+02;2.2351071e-02;2.7750000e+02;8.8510737e-02;2.7750000e+02;1.7575336e-01;2.7750000e+02;2.6043096e-01;2.7750000e+02;2.8690541e-01;2.7750000e+02;2.5489229e-01;2.7750000e+02;1.9561926e-01;2.7750000e+02;2.1863744e-01;2.7750000e+02;1.9382963e-01;2.7750000e+02;1.4854050e-01;2.7750000e+02;9.8809406e-02;2.7750000e+02;5.5278670e-02;2.7750000e+02;8.2607120e-03;2.7750000e+02;-3.4169771e-02;2.7750000e+02;-7.9662547e-02;2.7750000e+02;-1.2217683e-01;2.7750000e+02;-6.4618945e-02;2.7750000e+02;-3.1034514e-02;2.7750000e+02;2.2351071e-02;2.7750000e+02;8.8510737e-02;2.7750000e+02;1.7575336e-01;2.7750000e+02;2.6043096e-01;2.7750000e+02;2.8690541e-01;2.7750000e+02;2.5489229e-01;2.7750000e+02;1.9561926e-01;2.7750000e+02;2.1863744e-01;2.7750000e+02;1.9382963e-01;2.7750000e+02;1.4854050e-01;2.7750000e+02;9.8809406e-02;2.7750000e+02;5.5278670e-02;2.7750000e+02;8.2607120e-03;2.7750000e+02;-3.4169771e-02;2.7750000e+02;-7.9662547e-02;2.7750000e+02;-1.2217683e-01;2.7750000e+02;-6.4618945e-02;2.7750000e+02;-3.1034514e-02;2.7750000e+02;2.2351071e-02;2.7750000e+02;8.8510737e-02;2.7750000e+02;1.7575336e-01;2.7750000e+02;2.6043096e-01;2.7750000e+02;2.8690541e-01;2.7750000e+02;2.5489229e-01;2.7750000e+02;1.9561926e-01;2.7750000e+02;2.1863744e-01;2.7750000e+02;1.9382963e-01;2.7750000e+02;1.4854050e-01;2.7750000e+02;9.8809406e-02;2.7750000e+02;5.5278670e-02;2.7750000e+02;8.2607120e-03;2.7750000e+02;-3.4169771e-02;2.7750000e+02;-7.9662547e-02;2.7750000e+02;-1.2217683e-01;2.7750000e+02;-6.4618945e-02;2.7750000e+02;-3.1034514e-02;2.7750000e+02;2.2351071e-02;2.7750000e+02;8.8510737e-02;2.7750000e+02;1.7575336e-01;2.7750000e+02;2.6043096e-01;2.7750000e+02;2.8690541e-01;2.7750000e+02;2.5489229e-01;2.7750000e+02;1.9561926e-01;2.7750000e+02;2.1863744e-01;2.7750000e+02;1.9382963e-01;2.7750000e+02;1.4854050e-01;2.7750000e+02;9.8809406e-02;2.7750000e+02;5.5278670e-02;2.7750000e+02;8.2607120e-03;2.7750000e+02;-3.4169771e-02;2.7750000e+02;-7.9662547e-02;2.7750000e+02;-1.2217683e-01;2.7750000e+02;-6.4618945e-02;2.7750000e+02;-3.1034514e-02;2.7750000e+02;2.2351071e-02;2.7750000e+02;8.8510737e-02;2.7750000e+02;1.7575336e-01;2.7750000e+02;2.6043096e-01;2.7750000e+02;2.8690541e-01;2.7750000e+02;2.5489229e-01;2.7750000e+02;1.9561926e-01;2.7750000e+02;2.1863744e-01;2.7750000e+02;1.9382963e-01;2.7750000e+02;1.4854050e-01;2.7750000e+02;9.8809406e-02;2.7750000e+02;5.5278670e-02;2.7750000e+02;8.2607120e-03;2.7750000e+02;-3.4169771e-02;2.7750000e+02;-7.9662547e-02;2.7750000e+02;-1.2217683e-01;2.7750000e+02;-6.4618945e-02;2.7750000e+02;-3.1034514e-02;2.7750000e+02;2.2351071e-02;2.7750000e+02;8.8510737e-02;2.7750000e+02;1.7575336e-01;2.7750000e+02;2.6043096e-01;2.7750000e+02;2.8690541e-01;2.7750000e+02;2.5489229e-01;2.7750000e+02;1.9561926e-01;2.7750000e+02;2.1863744e-01;2.7750000e+02;1.9382963e-01;2.7750000e+02;1.4854050e-01;2.7750000e+02;9.8809406e-02;2.7750000e+02;5.5278670e-02;2.7750000e+02;8.2607120e-03;2.7750000e+02;-3.4169771e-02;2.7750000e+02;-7.9662547e-02;2.7750000e+02;-1.2217683e-01;2.7750000e+02;-6.4618945e-02;2.7750000e+02;-3.1034514e-02;2.7750000e+02;2.2351071e-02;2.7750000e+02;8.8510737e-02;2.7750000e+02;1.7575336e-01;2.7750000e+02;2.6043096e-01;2.7750000e+02;2.8690541e-01;2.7750000e+02;2.5489229e-01;2.7750000e+02;1.9561926e-01;2.7750000e+02;2.1863744e-01;2.7750000e+02;1.9382963e-01;2.7750000e+02;1.4854050e-01;2.7750000e+02;9.8809406e-02;2.7750000e+02;5.5278670e-02;2.7750000e+02;8.2607120e-03;2.7750000e+02;-3.4169771e-02;2.7750000e+02;-7.9662547e-02;2.7750000e+02;-1.2217683e-01;2.7750000e+02;-6.4618945e-02;2.7750000e+02;-3.1034514e-02;2.7750000e+02;2.2351071e-02;2.7750000e+02;8.8510737e-02;2.7750000e+02;1.7575336e-01;2.7750000e+02;2.6043096e-01;2.7750000e+02;2.8690541e-01;2.7750000e+02;2.5489229e-01;2.7750000e+02;1.9561926e-01;2.7750000e+02;2.1863744e-01;2.7750000e+02;1.9382963e-01;2.7750000e+02;1.4854050e-01;2.7750000e+02;9.8809406e-02;2.7750000e+02;5.5278670e-02;2.7750000e+02;8.2607120e-03;2.7750000e+02;-3.4169771e-02;2.7750000e+02;-7.9662547e-02;2.7750000e+02;-1.2217683e-01;2.7750000e+02;-6.4618945e-02;2.7750000e+02;-3.1034514e-02;2.7750000e+02;2.2351071e-02;2.7750000e+02;8.8510737e-02;2.7750000e+02;1.7575336e-01;2.7750000e+02;2.6043096e-01;2.7750000e+02;2.8690541e-01;2.7750000e+02;2.5489229e-01;2.7750000e+02;1.9561926e-01;2.7750000e+02;2.1863744e-01;2.7750000e+02;1.9382963e-01;2.7750000e+02;1.4854050e-01;2.7750000e+02;9.8809406e-02;2.7750000e+02;5.5278670e-02;2.7750000e+02;8.2607120e-03;2.7750000e+02;-3.4169771e-02;2.7750000e+02;-7.9662547e-02;2.7750000e+02;-1.2217683e-01;2.7750000e+02;-6.4618945e-02;2.7750000e+02;-3.1034514e-02;2.7750000e+02;2.2351071e-02;2.7750000e+02;8.8510737e-02;2.7750000e+02;1.7575336e-01;2.7750000e+02;2.6043096e-01;2.7750000e+02;2.8690541e-01;2.7750000e+02;2.5489229e-01;2.7750000e+02;1.9561926e-01;2.7750000e+02;2.1863744e-01;2.7750000e+02;1.9382963e-01;2.7750000e+02;1.4854050e-01;2.7750000e+02;9.8809406e-02;2.7750000e+02;5.5278670e-02;2.7750000e+02;8.2607120e-03;2.7750000e+02;-3.4169771e-02;2.7750000e+02;-7.9662547e-02;2.7750000e+02;-1.2217683e-01;2.7750000e+02;-6.4618945e-02;2.7750000e+02;-3.1034514e-02;2.7750000e+02;2.2351071e-02;2.7750000e+02;8.8510737e-02;2.7750000e+02;1.7575336e-01;2.7750000e+02;2.6043096e-01;2.7750000e+02;2.8690541e-01;2.7750000e+02;2.5489229e-01;2.7750000e+02;1.9561926e-01;2.7750000e+02;2.1863744e-01;2.7750000e+02;1.9382963e-01;2.7750000e+02;1.4854050e-01;2.7750000e+02;9.8809406e-02;2.7750000e+02;5.5278670e-02;2.7750000e+02;8.2607120e-03;2.7750000e+02;-3.4169771e-02;2.7750000e+02;-7.9662547e-02;2.7750000e+02;-1.2217683e-01;2.7750000e+02;-6.4618945e-02;2.7750000e+02;-3.1034514e-02;2.7750000e+02;2.2351071e-02;2.7750000e+02;8.8510737e-02;2.7750000e+02;1.7575336e-01;2.7750000e+02;2.6043096e-01;2.7750000e+02;2.8690541e-01;2.7750000e+02;2.5489229e-01;2.7750000e+02;1.9561926e-01;2.7750000e+02;2.1863744e-01;2.7750000e+02;1.9382963e-01;2.7750000e+02;1.4854050e-01;2.7750000e+02;9.8809406e-02;2.7750000e+02;5.5278670e-02;2.7750000e+02;8.2607120e-03;2.7750000e+02;-3.4169771e-02;2.7750000e+02;-7.9662547e-02;2.7750000e+02;-1.2217683e-01;2.7750000e+02;-6.4618945e-02;2.7750000e+02;-3.1034514e-02;2.7750000e+02;2.2351071e-02;2.7750000e+02;8.8510737e-02;2.7750000e+02;1.7575336e-01;2.7750000e+02;2.6043096e-01;2.7750000e+02;2.8690541e-01;2.7750000e+02;2.5489229e-01;2.7750000e+02;1.9561926e-01;2.7750000e+02;2.1863744e-01;2.7750000e+02;1.9382963e-01;2.7750000e+02;1.4854050e-01;2.7750000e+02;9.8809406e-02;2.7750000e+02;5.5278670e-02;2.7750000e+02;8.2607120e-03;2.7750000e+02;-3.4169771e-02;2.7750000e+02;-7.9662547e-02;2.7750000e+02;-1.2217683e-01;2.7750000e+02;-6.4618945e-02;2.7750000e+02;-3.1034514e-02;2.7750000e+02;2.2351071e-02;2.7750000e+02;8.8510737e-02;2.7750000e+02;1.7575336e-01;2.7750000e+02;2.6043096e-01;2.7750000e+02;2.8690541e-01;2.7750000e+02;2.5489229e-01;2.7750000e+02;1.9561926e-01;2.7750000e+02;2.1863744e-01;2.7750000e+02;1.9382963e-01;2.7750000e+02;1.4854050e-01;2.7750000e+02;9.8809406e-02;2.7750000e+02;5.5278670e-02;2.7750000e+02;8.2607120e-03;2.7750000e+02;-3.4169771e-02;2.7750000e+02;-7.9662547e-02;2.7750000e+02;-1.2217683e-01;2.7750000e+02;-6.4618945e-02;2.7750000e+02;-3.1034514e-02;2.7750000e+02;2.2351071e-02;2.7750000e+02;8.8510737e-02;2.7750000e+02;1.7575336e-01;2.7750000e+02;2.6043096e-01;2.7750000e+02;2.8690541e-01;2.7750000e+02;2.5489229e-01;2.7750000e+02;1.9561926e-01;2.7750000e+02;2.1863744e-01;2.7750000e+02;1.9382963e-01;2.7750000e+02;1.4854050e-01;2.7750000e+02;9.8809406e-02;2.7750000e+02;5.5278670e-02;2.7750000e+02;8.2607120e-03;2.7750000e+02;-3.4169771e-02;2.7750000e+02;-7.9662547e-02;2.7750000e+02;-1.2217683e-01;2.7750000e+02;-6.4618945e-02;2.7750000e+02;-3.1034514e-02;2.7750000e+02;2.2351071e-02;2.7750000e+02;8.8510737e-02;2.7750000e+02;1.7575336e-01;2.7750000e+02;2.6043096e-01;2.7750000e+02;2.8690541e-01;2.7750000e+02;2.5489229e-01;2.7750000e+02;1.9561926e-01;2.7750000e+02;2.1863744e-01;2.7750000e+02;1.9382963e-01;2.7750000e+02;1.4854050e-01;2.7750000e+02;9.8809406e-02;2.7750000e+02;5.5278670e-02;2.7750000e+02;8.2607120e-03;2.7750000e+02;-3.4169771e-02;2.7750000e+02;-7.9662547e-02;2.7750000e+02;-1.2217683e-01;2.7750000e+02;-6.4618945e-02;2.7750000e+02;-3.1034514e-02;2.7750000e+02;2.2351071e-02;2.7750000e+02;8.8510737e-02;2.7750000e+02;1.7575336e-01;2.7750000e+02;2.6043096e-01;2.7750000e+02;2.8690541e-01;2.7750000e+02;2.5489229e-01;2.7750000e+02;1.9561926e-01;2.7750000e+02;2.1863744e-01;2.7750000e+02;1.9382963e-01;2.7750000e+02;1.4854050e-01;2.7750000e+02;9.8809406e-02;2.7750000e+02;5.5278670e-02;2.7750000e+02;8.2607120e-03;2.7750000e+02;-3.4169771e-02;2.7750000e+02;-7.9662547e-02;2.7750000e+02;-1.2217683e-01;2.7750000e+02;-6.4618945e-02;2.7750000e+02;-3.1034514e-02;2.7750000e+02;2.2351071e-02;2.7750000e+02;8.8510737e-02;2.7750000e+02;1.7575336e-01;2.7750000e+02;2.6043096e-01;2.7750000e+02;2.8690541e-01;2.7750000e+02;2.5489229e-01;2.7750000e+02;1.9561926e-01;2.7750000e+02;2.1863744e-01;2.7750000e+02;1.9382963e-01;2.7750000e+02;1.4854050e-01;2.7750000e+02;9.8809406e-02;2.7750000e+02;5.5278670e-02;2.7750000e+02;8.2607120e-03;2.7750000e+02;-3.4169771e-02;2.7750000e+02;-7.9662547e-02;2.7750000e+02;-1.2217683e-01;2.7750000e+02;-6.4618945e-02;2.7750000e+02;-3.1034514e-02;2.7750000e+02;2.2351071e-02;2.7750000e+02;8.8510737e-02;2.7750000e+02;1.7575336e-01;2.7750000e+02;2.6043096e-01;2.7750000e+02;2.8690541e-01;2.7750000e+02;2.5489229e-01;2.7750000e+02;1.9561926e-01;2.7750000e+02;2.1863744e-01;2.7750000e+02;1.9382963e-01;2.7750000e+02;1.4854050e-01;2.7750000e+02;9.8809406e-02;2.7750000e+02;5.5278670e-02;2.7750000e+02;8.2607120e-03;2.7750000e+02;-3.4169771e-02;2.7750000e+02;-7.9662547e-02;2.7750000e+02;-1.2217683e-01;2.7750000e+02;-6.4618945e-02;2.7750000e+02;-3.1034514e-02;2.7750000e+02;2.2351071e-02;2.7750000e+02;8.8510737e-02;2.7750000e+02;1.7575336e-01;2.7750000e+02;2.6043096e-01;2.7750000e+02;2.8690541e-01;2.7750000e+02;2.5489229e-01;2.7750000e+02;1.9561926e-01;2.7750000e+02;2.1863744e-01;2.7750000e+02;1.9382963e-01;2.7750000e+02;1.4854050e-01;2.7750000e+02;9.8809406e-02;2.7750000e+02;5.5278670e-02;2.7750000e+02;8.2607120e-03;2.7750000e+02;-3.4169771e-02;2.7750000e+02;-7.9662547e-02;2.7750000e+02;-1.2217683e-01;2.7750000e+02;-6.4618945e-02;2.7750000e+02;-3.1034514e-02;2.7750000e+02;2.2351071e-02;2.7750000e+02;8.8510737e-02;2.7750000e+02;1.7575336e-01;2.7750000e+02;2.6043096e-01;2.7750000e+02;2.8690541e-01;2.7750000e+02;2.5489229e-01;2.7750000e+02;1.9561926e-01;2.7750000e+02;2.1863744e-01;2.7750000e+02;1.9382963e-01;2.7750000e+02;1.4854050e-01;2.7750000e+02;9.8809406e-02;2.7750000e+02;5.5278670e-02;2.7750000e+02;8.2607120e-03;2.7750000e+02;-3.4169771e-02;2.7750000e+02;-7.9662547e-02;2.7750000e+02;-1.2217683e-01;2.7750000e+02;-6.4618945e-02;2.7750000e+02;-3.1034514e-02;2.7750000e+02;2.2351071e-02;2.7750000e+02;8.8510737e-02;2.7750000e+02;1.7575336e-01;2.7750000e+02;2.6043096e-01;2.7750000e+02;2.8690541e-01;2.7750000e+02;2.5489229e-01;2.7750000e+02;1.9561926e-01;2.7750000e+02;2.1863744e-01;2.7750000e+02;1.9382963e-01;2.7750000e+02;1.4854050e-01;2.7750000e+02;9.8809406e-02;2.7750000e+02;5.5278670e-02;2.7750000e+02;8.2607120e-03;2.7750000e+02;-3.4169771e-02;2.7750000e+02;-7.9662547e-02;2.7750000e+02;-1.2217683e-01;2.7750000e+02;-6.4618945e-02;2.7750000e+02;-3.1034514e-02;2.7750000e+02;2.2351071e-02;2.7750000e+02;8.8510737e-02;2.7750000e+02;1.7575336e-01;2.7750000e+02;2.6043096e-01;2.7750000e+02;2.8690541e-01;2.7750000e+02;2.5489229e-01;2.7750000e+02;1.9561926e-01;2.7750000e+02;2.1863744e-01;2.7750000e+02;1.9382963e-01;2.7750000e+02;1.4854050e-01;2.7750000e+02;9.8809406e-02;2.7750000e+02;5.5278670e-02;2.7750000e+02;8.2607120e-03;2.7750000e+02;-3.4169771e-02;2.7750000e+02;-7.9662547e-02;2.7750000e+02;-1.2217683e-01;2.7750000e+02;-6.4618945e-02;2.7750000e+02;-3.1034514e-02;2.7750000e+02;2.2351071e-02;2.7750000e+02;8.8510737e-02;2.7750000e+02;1.7575336e-01;2.7750000e+02;2.6043096e-01;2.7750000e+02;2.8690541e-01;2.7750000e+02;2.5489229e-01;2.7750000e+02;1.9561926e-01;2.7750000e+02;2.1863744e-01;2.7750000e+02;1.9382963e-01;2.7750000e+02;1.4854050e-01;2.7750000e+02;9.8809406e-02;2.7750000e+02;5.5278670e-02;2.7750000e+02;8.2607120e-03;2.7750000e+02;-3.4169771e-02;2.7750000e+02;-7.9662547e-02;2.7750000e+02;-1.2217683e-01;2.7750000e+02;-6.4618945e-02;2.7750000e+02;-3.1034514e-02;2.7750000e+02;2.2351071e-02;2.7750000e+02;8.8510737e-02;2.7750000e+02;1.7575336e-01;2.7750000e+02;2.6043096e-01;2.7750000e+02;2.8690541e-01;2.7750000e+02;2.5489229e-01;2.7750000e+02;1.9561926e-01;2.7750000e+02;2.1863744e-01;2.7750000e+02;1.9382963e-01;2.7750000e+02;1.4854050e-01;2.7750000e+02;9.8809406e-02;2.7750000e+02;5.5278670e-02;2.7750000e+02;8.2607120e-03;2.7750000e+02;-3.4169771e-02;2.7750000e+02;-7.9662547e-02;2.7750000e+02;-1.2217683e-01;2.7750000e+02;-6.4618945e-02;2.7750000e+02;-3.1034514e-02;2.7750000e+02;2.2351071e-02;2.7750000e+02;8.8510737e-02;2.7750000e+02;1.7575336e-01;2.7750000e+02;2.6043096e-01;2.7750000e+02;2.8690541e-01;2.7750000e+02;2.5489229e-01;2.7750000e+02;1.9561926e-01;2.7750000e+02;2.1863744e-01;2.7750000e+02;1.9382963e-01;2.7750000e+02;1.4854050e-01;2.7750000e+02;9.8809406e-02;2.7750000e+02;5.5278670e-02;2.7750000e+02;8.2607120e-03;2.7750000e+02;-3.4169771e-02;2.7750000e+02;-7.9662547e-02;2.7750000e+02;-1.2217683e-01;2.7750000e+02;-6.4618945e-02;2.7750000e+02;-3.1034514e-02;2.7750000e+02;2.2351071e-02;2.7750000e+02;8.8510737e-02;2.7750000e+02;1.7575336e-01;2.7750000e+02;2.6043096e-01;2.7750000e+02;2.8690541e-01;2.7750000e+02;2.5489229e-01;2.7750000e+02;1.9561926e-01;2.7750000e+02;2.1863744e-01;2.7750000e+02;1.9382963e-01;2.7750000e+02;1.4854050e-01;2.7750000e+02;9.8809406e-02;2.7750000e+02;5.5278670e-02;2.7750000e+02;8.2607120e-03;2.7750000e+02;-3.4169771e-02;2.7750000e+02;-7.9662547e-02;2.7750000e+02;-1.2217683e-01;2.7750000e+02;-6.4618945e-02;2.7750000e+02;-3.1034514e-02;2.7750000e+02;2.2351071e-02;2.7750000e+02;8.8510737e-02;2.7750000e+02;1.7575336e-01;2.7750000e+02;2.6043096e-01;2.7750000e+02;2.8690541e-01;2.7750000e+02;2.5489229e-01;2.7750000e+02;1.9561926e-01;2.7750000e+02;2.1863744e-01;2.7750000e+02;1.9382963e-01;2.7750000e+02;1.4854050e-01;2.7750000e+02;9.8809406e-02;2.7750000e+02;5.5278670e-02;2.7750000e+02;8.2607120e-03;2.7750000e+02;-3.4169771e-02;2.7750000e+02;-7.9662547e-02;2.7750000e+02;-1.2217683e-01;2.7750000e+02;-6.4618945e-02;2.7750000e+02;-3.1034514e-02;2.7750000e+02;2.2351071e-02;2.7750000e+02;8.8510737e-02;2.7750000e+02;1.7575336e-01;2.7750000e+02;2.6043096e-01;2.7750000e+02;2.8690541e-01;2.7750000e+02;2.5489229e-01;2.7750000e+02;1.9561926e-01;2.7750000e+02;2.1863744e-01;2.7750000e+02;1.9382963e-01;2.7750000e+02;1.4854050e-01;2.7750000e+02;9.8809406e-02;2.7750000e+02;5.5278670e-02;2.7750000e+02;8.2607120e-03;2.7750000e+02;-3.4169771e-02;2.7750000e+02;-7.9662547e-02;2.7750000e+02;-1.2217683e-01;2.7750000e+02;-6.4618945e-02;2.7750000e+02;-3.1034514e-02;2.7750000e+02;2.2351071e-02;2.7750000e+02;8.8510737e-02;2.7750000e+02;1.7575336e-01;2.7750000e+02;2.6043096e-01;2.7750000e+02;2.8690541e-01;2.7750000e+02;2.5489229e-01;2.7750000e+02;1.9561926e-01;2.7750000e+02;2.1863744e-01;2.7750000e+02;1.9382963e-01;2.7750000e+02;1.4854050e-01;2.7750000e+02;9.8809406e-02;2.7750000e+02;5.5278670e-02;2.7750000e+02;8.2607120e-03;2.7750000e+02;-3.4169771e-02;2.7750000e+02;-7.9662547e-02;2.7750000e+02;-1.2217683e-01;2.7750000e+02;-6.4618945e-02;2.7750000e+02;-3.1034514e-02;2.7750000e+02;2.2351071e-02;2.7750000e+02;8.8510737e-02;2.7750000e+02;1.7575336e-01;2.7750000e+02;2.6043096e-01;2.7750000e+02;2.8690541e-01;2.7750000e+02;2.5489229e-01;2.7750000e+02;1.9561926e-01;2.7750000e+02;2.1863744e-01;2.7750000e+02;1.9382963e-01;2.7750000e+02;1.4854050e-01;2.7750000e+02;9.8809406e-02;2.7750000e+02;5.5278670e-02;2.7750000e+02;8.2607120e-03;2.7750000e+02;-3.4169771e-02;2.7750000e+02;-7.9662547e-02;2.7750000e+02;-1.2217683e-01;2.7750000e+02;-6.4618945e-02;2.7750000e+02;-3.1034514e-02;2.7750000e+02;2.2351071e-02;2.7750000e+02;8.8510737e-02;2.7750000e+02;1.7575336e-01;2.7750000e+02;2.6043096e-01;2.7750000e+02;2.8690541e-01;2.7750000e+02;2.5489229e-01;2.7750000e+02;1.9561926e-01;2.7750000e+02;2.1863744e-01;2.7750000e+02;1.9382963e-01;2.7750000e+02;1.4854050e-01;2.7750000e+02;9.8809406e-02;2.7750000e+02;5.5278670e-02;2.7750000e+02;8.2607120e-03;2.7750000e+02;-3.4169771e-02;2.7750000e+02;-7.9662547e-02;2.7750000e+02;-1.2217683e-01;2.7750000e+02;-6.4618945e-02;2.7750000e+02;-3.1034514e-02;2.7750000e+02;2.2351071e-02;2.7750000e+02;8.8510737e-02;2.7750000e+02;1.7575336e-01;2.7750000e+02;2.6043096e-01;2.7750000e+02;2.8690541e-01;2.7750000e+02;2.5489229e-01;2.7750000e+02;1.9561926e-01;2.7750000e+02;2.1863744e-01;2.7750000e+02;1.9382963e-01;2.7750000e+02;1.4854050e-01;2.7750000e+02;9.8809406e-02;2.7750000e+02;5.5278670e-02;2.7750000e+02;8.2607120e-03;2.7750000e+02;-3.4169771e-02;2.7750000e+02;-7.9662547e-02;2.7750000e+02;-1.2217683e-01;2.7750000e+02;-6.4618945e-02;2.7750000e+02;-3.1034514e-02;2.7750000e+02;2.2351071e-02;2.7750000e+02;8.8510737e-02;2.7750000e+02;1.7575336e-01;2.7750000e+02;2.6043096e-01;2.7750000e+02;2.8690541e-01;2.7750000e+02;2.5489229e-01;2.7750000e+02;1.9561926e-01;2.7750000e+02;2.1863744e-01;2.7750000e+02;1.9382963e-01;2.7750000e+02;1.4854050e-01;2.7750000e+02;9.8809406e-02;2.7750000e+02;5.5278670e-02;2.7750000e+02;8.2607120e-03;2.7750000e+02;-3.4169771e-02;2.7750000e+02;-7.9662547e-02;2.7750000e+02;-1.2217683e-01;2.7750000e+02;-6.4618945e-02;2.7750000e+02;-3.1034514e-02;2.7750000e+02;2.2351071e-02;2.7750000e+02;8.8510737e-02;2.7750000e+02;1.7575336e-01;2.7750000e+02;2.6043096e-01;2.7750000e+02;2.8690541e-01;2.7750000e+02;2.5489229e-01;2.7750000e+02;1.9561926e-01;2.7750000e+02;2.1863744e-01;2.7750000e+02;1.9382963e-01;2.7750000e+02;1.4854050e-01;2.7750000e+02;9.8809406e-02;2.7750000e+02;5.5278670e-02;2.7750000e+02;8.2607120e-03;2.7750000e+02;-3.4169771e-02;2.7750000e+02;-7.9662547e-02;2.7750000e+02;-1.2217683e-01;2.7750000e+02;-6.4618945e-02;2.7750000e+02;-3.1034514e-02;2.7750000e+02;2.2351071e-02;2.7750000e+02;8.8510737e-02;2.7750000e+02;1.7575336e-01;2.7750000e+02;2.6043096e-01;2.7750000e+02;2.8690541e-01;2.7750000e+02;2.5489229e-01;2.7750000e+02;1.9561926e-01;2.7750000e+02;2.1863744e-01;2.7750000e+02;1.9382963e-01;2.7750000e+02;1.4854050e-01;2.7750000e+02;9.8809406e-02;2.7750000e+02;5.5278670e-02;2.7750000e+02;8.2607120e-03;2.7750000e+02;-3.4169771e-02;2.7750000e+02;-7.9662547e-02;2.7750000e+02;-1.2217683e-01;2.7750000e+02;-6.4618945e-02;2.7750000e+02;-3.1034514e-02;2.7750000e+02;2.2351071e-02;2.7750000e+02;8.8510737e-02;2.7750000e+02;1.7575336e-01;2.7750000e+02;2.6043096e-01;2.7750000e+02;2.8690541e-01;2.7750000e+02;2.5489229e-01;2.7750000e+02;1.9561926e-01;2.7750000e+02;2.1863744e-01;2.7750000e+02;1.9382963e-01;2.7750000e+02;1.4854050e-01;2.7750000e+02;9.8809406e-02;2.7750000e+02;5.5278670e-02;2.7750000e+02;8.2607120e-03;2.7750000e+02;-3.4169771e-02;2.7750000e+02;-7.9662547e-02;2.7750000e+02;-1.2217683e-01;2.7750000e+02;-6.4618945e-02;2.7750000e+02;-3.1034514e-02;2.7750000e+02;2.2351071e-02;2.7750000e+02;8.8510737e-02;2.7750000e+02;1.7575336e-01;2.7750000e+02;2.6043096e-01;2.7750000e+02;2.8690541e-01;2.7750000e+02;2.5489229e-01;2.7750000e+02;1.9561926e-01;2.7750000e+02;2.1863744e-01;2.7750000e+02;1.9382963e-01;2.7750000e+02;1.4854050e-01;2.7750000e+02;9.8809406e-02;2.7750000e+02;5.5278670e-02;2.7750000e+02;8.2607120e-03;2.7750000e+02;-3.4169771e-02;2.7750000e+02;-7.9662547e-02;2.7750000e+02;-1.2217683e-01;2.7750000e+02;-6.4618945e-02;2.7750000e+02;-3.1034514e-02;2.7750000e+02;2.2351071e-02;2.7750000e+02;8.8510737e-02;2.7750000e+02;1.7575336e-01;2.7750000e+02;2.6043096e-01;2.7750000e+02;2.8690541e-01;2.7750000e+02;2.5489229e-01;2.7750000e+02;1.9561926e-01;2.7750000e+02;2.1863744e-01;2.7750000e+02;1.9382963e-01;2.7750000e+02;1.4854050e-01;2.7750000e+02;9.8809406e-02;2.7750000e+02;5.5278670e-02;2.7750000e+02;8.2607120e-03;2.7750000e+02;-3.4169771e-02;2.7750000e+02;-7.9662547e-02;2.7750000e+02;-1.2217683e-01;2.7750000e+02;-6.4618945e-02;2.7750000e+02;-3.1034514e-02;2.7750000e+02;2.2351071e-02;2.7750000e+02;8.8510737e-02;2.7750000e+02;1.7575336e-01;2.7750000e+02;2.6043096e-01;2.7750000e+02;2.8690541e-01;2.7750000e+02;2.5489229e-01;2.7750000e+02;1.9561926e-01;2.7750000e+02;2.1863744e-01;2.7750000e+02;1.9382963e-01;2.7750000e+02;1.4854050e-01;2.7750000e+02;9.8809406e-02;2.7750000e+02;5.5278670e-02;2.7750000e+02;8.2607120e-03;2.7750000e+02;-3.4169771e-02;2.7750000e+02;-7.9662547e-02;2.7750000e+02;-1.2217683e-01;2.7750000e+02;-6.4618945e-02;2.7750000e+02;-3.1034514e-02;2.7750000e+02;2.2351071e-02;2.7750000e+02;8.8510737e-02;2.7750000e+02;1.7575336e-01;2.7750000e+02;2.6043096e-01;2.7750000e+02;2.8690541e-01;2.7750000e+02;2.5489229e-01;2.7750000e+02;1.9561926e-01;2.7750000e+02;2.1863744e-01;2.7750000e+02;1.9382963e-01;2.7750000e+02;1.4854050e-01;2.7750000e+02;9.8809406e-02;2.7750000e+02;5.5278670e-02;2.7750000e+02;8.2607120e-03;2.7750000e+02;-3.4169771e-02;2.7750000e+02;-7.9662547e-02;2.7750000e+02;-1.2217683e-01;2.7750000e+02;-6.4618945e-02;2.7750000e+02;-3.1034514e-02;2.7750000e+02;2.2351071e-02;2.7750000e+02;8.8510737e-02;2.7750000e+02;1.7575336e-01;2.7750000e+02;2.6043096e-01;2.7750000e+02;2.8690541e-01;2.7750000e+02;2.5489229e-01;2.7750000e+02;1.9561926e-01;2.7750000e+02;2.1863744e-01;2.7750000e+02;1.9382963e-01;2.7750000e+02;1.4854050e-01;2.7750000e+02;9.8809406e-02;2.7750000e+02;5.5278670e-02;2.7750000e+02;8.2607120e-03;2.7750000e+02;-3.4169771e-02;2.7750000e+02;-7.9662547e-02;2.7750000e+02;-1.2217683e-01;2.7750000e+02;-6.4618945e-02;2.7750000e+02;-3.1034514e-02;2.7750000e+02;2.2351071e-02;2.7750000e+02;8.8510737e-02;2.7750000e+02;1.7575336e-01;2.7750000e+02;2.6043096e-01;2.7750000e+02;2.8690541e-01;2.7750000e+02;2.5489229e-01;2.7750000e+02;1.9561926e-01;2.7750000e+02;2.1863744e-01;2.7750000e+02;1.9382963e-01;2.7750000e+02;1.4854050e-01;2.7750000e+02;9.8809406e-02;2.7750000e+02;5.5278670e-02;2.7750000e+02;8.2607120e-03;2.7750000e+02;-3.4169771e-02;2.7750000e+02;-7.9662547e-02;2.7750000e+02;-1.2217683e-01;2.7750000e+02;-6.4618945e-02;2.7750000e+02;-3.1034514e-02;2.7750000e+02;2.2351071e-02;2.7750000e+02;8.8510737e-02;2.7750000e+02;1.7575336e-01;2.7750000e+02;2.6043096e-01;2.7750000e+02;2.8690541e-01;2.7750000e+02;2.5489229e-01;2.7750000e+02;1.9561926e-01;2.7750000e+02;2.1863744e-01;2.7750000e+02;1.9382963e-01;2.7750000e+02;1.4854050e-01;2.7750000e+02;9.8809406e-02;2.7750000e+02;5.5278670e-02;2.7750000e+02;8.2607120e-03;2.7750000e+02;-3.4169771e-02;2.7750000e+02;-7.9662547e-02;2.7750000e+02;-1.2217683e-01;2.7750000e+02;-6.4618945e-02;2.7750000e+02;-3.1034514e-02;2.7750000e+02;2.2351071e-02;2.7750000e+02;8.8510737e-02;2.7750000e+02;1.7575336e-01;2.7750000e+02;2.6043096e-01;2.7750000e+02;2.8690541e-01;2.7750000e+02;2.5489229e-01;2.7750000e+02;1.9561926e-01;2.7750000e+02;2.1863744e-01;2.7750000e+02;1.9382963e-01;2.7750000e+02;1.4854050e-01;2.7750000e+02;9.8809406e-02;2.7750000e+02;5.5278670e-02;2.7750000e+02;8.2607120e-03;2.7750000e+02;-3.4169771e-02;2.7750000e+02;-7.9662547e-02;2.7750000e+02;-1.2217683e-01;2.7750000e+02;-6.4618945e-02;2.7750000e+02;-3.1034514e-02;2.7750000e+02;2.2351071e-02;2.7750000e+02;8.8510737e-02;2.7750000e+02;1.7575336e-01;2.7750000e+02;2.6043096e-01;2.7750000e+02;2.8690541e-01;2.7750000e+02;2.5489229e-01;2.7750000e+02;1.9561926e-01;2.7750000e+02;2.1863744e-01;2.7750000e+02;1.9382963e-01;2.7750000e+02;1.4854050e-01;2.7750000e+02;9.8809406e-02;2.7750000e+02;5.5278670e-02;2.7750000e+02;8.2607120e-03;2.7750000e+02;-3.4169771e-02;2.7750000e+02;-7.9662547e-02;2.7750000e+02;-1.2217683e-01;2.7750000e+02;-6.4618945e-02;2.7750000e+02;-3.1034514e-02;2.7750000e+02;2.2351071e-02;2.7750000e+02;8.8510737e-02;2.7750000e+02;1.7575336e-01;2.7750000e+02;2.6043096e-01;2.7750000e+02;2.8690541e-01;2.7750000e+02;2.5489229e-01;2.7750000e+02;1.9561926e-01;2.7750000e+02;2.1863744e-01;2.7750000e+02;1.9382963e-01;2.7750000e+02;1.4854050e-01;2.7750000e+02;9.8809406e-02;2.7750000e+02;5.5278670e-02;2.7750000e+02;8.2607120e-03;2.7750000e+02;-3.4169771e-02;2.7750000e+02;-7.9662547e-02;2.7750000e+02;-1.2217683e-01;2.7750000e+02;-6.4618945e-02;2.7750000e+02;-3.1034514e-02;2.7750000e+02;2.2351071e-02;2.7750000e+02;8.8510737e-02;2.7750000e+02;1.7575336e-01;2.7750000e+02;2.6043096e-01;2.7750000e+02;2.8690541e-01;2.7750000e+02;2.5489229e-01;2.7750000e+02;1.9561926e-01;2.7750000e+02;2.1863744e-01;2.7750000e+02;1.9382963e-01;2.7750000e+02;1.4854050e-01;2.7750000e+02;9.8809406e-02;2.7750000e+02;5.5278670e-02;2.7750000e+02;8.2607120e-03;2.7750000e+02;-3.4169771e-02;2.7750000e+02;-7.9662547e-02;2.7750000e+02;-1.2217683e-01;2.7750000e+02;-6.4618945e-02;2.7750000e+02;-3.1034514e-02;2.7750000e+02;2.2351071e-02;2.7750000e+02;8.8510737e-02;2.7750000e+02;1.7575336e-01;2.7750000e+02;2.6043096e-01;2.7750000e+02;2.8690541e-01;2.7750000e+02;2.5489229e-01;2.7750000e+02;1.9561926e-01;2.7750000e+02;2.1863744e-01;2.7750000e+02;1.9382963e-01;2.7750000e+02;1.4854050e-01;2.7750000e+02;9.8809406e-02;2.7750000e+02;5.5278670e-02;2.7750000e+02;8.2607120e-03;2.7750000e+02;-3.4169771e-02;2.7750000e+02;-7.9662547e-02;2.7750000e+02;-1.2217683e-01;2.7750000e+02;-6.4618945e-02;2.7750000e+02;-3.1034514e-02;2.7750000e+02;2.2351071e-02;2.7750000e+02;8.8510737e-02;2.7750000e+02;1.7575336e-01;2.7750000e+02;2.6043096e-01;2.7750000e+02;2.8690541e-01;2.7750000e+02;2.5489229e-01;2.7750000e+02;1.9561926e-01;2.7750000e+02;2.1863744e-01;2.7750000e+02;1.9382963e-01;2.7750000e+02;1.4854050e-01;2.7750000e+02;9.8809406e-02;2.7750000e+02;5.5278670e-02;2.7750000e+02;8.2607120e-03;2.7750000e+02;-3.4169771e-02;2.7750000e+02;-7.9662547e-02;2.7750000e+02;-1.2217683e-01;2.7750000e+02;-6.4618945e-02;2.7750000e+02;-3.1034514e-02;2.7750000e+02;2.2351071e-02;2.7750000e+02;8.8510737e-02;2.7750000e+02;1.7575336e-01;2.7750000e+02;2.6043096e-01;2.7750000e+02;2.8690541e-01;2.7750000e+02;2.5489229e-01;2.7750000e+02;1.9561926e-01;2.7750000e+02;2.1863744e-01;2.7750000e+02;1.9382963e-01;2.7750000e+02;1.4854050e-01;2.7750000e+02;9.8809406e-02;2.7750000e+02;5.5278670e-02;2.7750000e+02;8.2607120e-03;2.7750000e+02;-3.4169771e-02;2.7750000e+02;-7.9662547e-02;2.7750000e+02;-1.2217683e-01;2.7750000e+02;-6.4618945e-02;2.7750000e+02;-3.1034514e-02;2.7750000e+02;2.2351071e-02;2.7750000e+02;8.8510737e-02;2.7750000e+02;1.7575336e-01;2.7750000e+02;2.6043096e-01;2.7750000e+02;2.8690541e-01;2.7750000e+02;2.5489229e-01;2.7750000e+02;1.9561926e-01;2.7750000e+02;2.1863744e-01;2.7750000e+02;1.9382963e-01;2.7750000e+02;1.4854050e-01;2.7750000e+02;9.8809406e-02;2.7750000e+02;5.5278670e-02;2.7750000e+02;8.2607120e-03;2.7750000e+02;-3.4169771e-02;2.7750000e+02;-7.9662547e-02;2.7750000e+02;-1.2217683e-01;2.7750000e+02;-6.4618945e-02;2.7750000e+02;-3.1034514e-02;2.7750000e+02;2.2351071e-02;2.7750000e+02;8.8510737e-02;2.7750000e+02;1.7575336e-01;2.7750000e+02;2.6043096e-01;2.7750000e+02;2.8690541e-01;2.7750000e+02;2.5489229e-01;2.7750000e+02;1.9561926e-01;2.7750000e+02;2.1863744e-01;2.7750000e+02;1.9382963e-01;2.7750000e+02;1.4854050e-01;2.7750000e+02;9.8809406e-02;2.7750000e+02;5.5278670e-02;2.7750000e+02;8.2607120e-03;2.7750000e+02;-3.4169771e-02;2.7750000e+02;-7.9662547e-02;2.7750000e+02;-1.2217683e-01;2.7750000e+02;-6.4618945e-02;2.7750000e+02;-3.1034514e-02;2.7750000e+02;2.2351071e-02;2.7750000e+02;8.8510737e-02;2.7750000e+02;1.7575336e-01;2.7750000e+02;2.6043096e-01;2.7750000e+02;2.8690541e-01;2.7750000e+02;2.5489229e-01;2.7750000e+02;1.9561926e-01;2.7750000e+02;2.1863744e-01;2.7750000e+02;1.9382963e-01;2.7750000e+02;1.4854050e-01;2.7750000e+02;9.8809406e-02;2.7750000e+02;5.5278670e-02;2.7750000e+02;8.2607120e-03;2.7750000e+02;-3.4169771e-02;2.7750000e+02;-7.9662547e-02;2.7750000e+02;-1.2217683e-01;2.7750000e+02;-6.4618945e-02;2.7750000e+02;-3.1034514e-02;2.7750000e+02;2.2351071e-02;2.7750000e+02;8.8510737e-02;2.7750000e+02;1.7575336e-01;2.7750000e+02;2.6043096e-01;2.7750000e+02;2.8690541e-01;2.7750000e+02;2.5489229e-01;2.7750000e+02;1.9561926e-01;2.7750000e+02;2.1863744e-01;2.7750000e+02;1.9382963e-01;2.7750000e+02;1.4854050e-01;2.7750000e+02;9.8809406e-02;2.7750000e+02;5.5278670e-02;2.7750000e+02;8.2607120e-03;2.7750000e+02;-3.4169771e-02;2.7750000e+02;-7.9662547e-02;2.7750000e+02;-1.2217683e-01;2.7750000e+02;-6.4618945e-02;2.7750000e+02;-3.1034514e-02;2.7750000e+02;2.2351071e-02;2.7750000e+02;8.8510737e-02;2.7750000e+02;1.7575336e-01;2.7750000e+02;2.6043096e-01;2.7750000e+02;2.8690541e-01;2.7750000e+02;2.5489229e-01;2.7750000e+02;1.9561926e-01;2.7750000e+02;2.1863744e-01;2.7750000e+02;1.9382963e-01;2.7750000e+02;1.4854050e-01;2.7750000e+02;9.8809406e-02;2.7750000e+02;5.5278670e-02;2.7750000e+02;8.2607120e-03;2.7750000e+02;-3.4169771e-02;2.7750000e+02;-7.9662547e-02;2.7750000e+02;-1.2217683e-01;2.7750000e+02;-6.4618945e-02;2.7750000e+02;-3.1034514e-02;2.7750000e+02;2.2351071e-02;2.7750000e+02;8.8510737e-02;2.7750000e+02;1.7575336e-01;2.7750000e+02;2.6043096e-01;2.7750000e+02;2.8690541e-01;2.7750000e+02;2.5489229e-01;2.7750000e+02;1.9561926e-01;2.7750000e+02;2.1863744e-01;2.7750000e+02;1.9382963e-01;2.7750000e+02;1.4854050e-01;2.7750000e+02;9.8809406e-02;2.7750000e+02;5.5278670e-02;2.7750000e+02;8.2607120e-03;2.7750000e+02;-3.4169771e-02;2.7750000e+02;-7.9662547e-02;2.7750000e+02;-1.2217683e-01;2.7750000e+02;-6.4618945e-02;2.7750000e+02;-3.1034514e-02;2.7750000e+02;2.2351071e-02;2.7750000e+02;8.8510737e-02;2.7750000e+02;1.7575336e-01;2.7750000e+02;2.6043096e-01;2.7750000e+02;2.8690541e-01;2.7750000e+02;2.5489229e-01;2.7750000e+02;1.9561926e-01;2.7750000e+02;2.1863744e-01;2.7750000e+02;1.9382963e-01;2.7750000e+02;1.4854050e-01;2.7750000e+02;9.8809406e-02;2.7750000e+02;5.5278670e-02;2.7750000e+02;8.2607120e-03;2.7750000e+02;-3.4169771e-02;2.7750000e+02;-7.9662547e-02;2.7750000e+02;-1.2217683e-01;2.7750000e+02;-6.4618945e-02;2.7750000e+02;-3.1034514e-02;2.7750000e+02;2.2351071e-02;2.7750000e+02;8.8510737e-02;2.7750000e+02;1.7575336e-01;2.7750000e+02;2.6043096e-01;2.7750000e+02;2.8690541e-01;2.7750000e+02;2.5489229e-01;2.7750000e+02;1.9561926e-01;2.7750000e+02;2.1863744e-01;2.7750000e+02;1.9382963e-01;2.7750000e+02;1.4854050e-01;2.7750000e+02;9.8809406e-02;2.7750000e+02;5.5278670e-02;2.7750000e+02;8.2607120e-03;2.7750000e+02;-3.4169771e-02;2.7750000e+02;-7.9662547e-02;2.7750000e+02;-1.2217683e-01;2.7750000e+02;-6.4618945e-02;2.7750000e+02;-3.1034514e-02;2.7750000e+02;2.2351071e-02;2.7750000e+02;8.8510737e-02;2.7750000e+02;1.7575336e-01;2.7750000e+02;2.6043096e-01;2.7750000e+02;2.8690541e-01;2.7750000e+02;2.5489229e-01;2.7750000e+02;1.9561926e-01;2.7750000e+02;2.1863744e-01;2.7750000e+02;1.9382963e-01;2.7750000e+02;1.4854050e-01;2.7750000e+02;9.8809406e-02;2.7750000e+02;5.5278670e-02;2.7750000e+02;8.2607120e-03;2.7750000e+02;-3.4169771e-02;2.7750000e+02;-7.9662547e-02;2.7750000e+02;-1.2217683e-01;2.7750000e+02;-6.4618945e-02;2.7750000e+02;-3.1034514e-02;2.7750000e+02;2.2351071e-02;2.7750000e+02;8.8510737e-02;2.7750000e+02;1.7575336e-01;2.7750000e+02;2.6043096e-01;2.7750000e+02;2.8690541e-01;2.7750000e+02;2.5489229e-01;2.7750000e+02;1.9561926e-01;2.7750000e+02;2.1863744e-01;2.7750000e+02;1.9382963e-01;2.7750000e+02;1.4854050e-01;2.7750000e+02;9.8809406e-02;2.7750000e+02;5.5278670e-02;2.7750000e+02;8.2607120e-03;2.7750000e+02;-3.4169771e-02;2.7750000e+02;-7.9662547e-02;2.7750000e+02;-1.2217683e-01;2.7750000e+02;-6.4618945e-02;2.7750000e+02;-3.1034514e-02;2.7750000e+02;2.2351071e-02;2.7750000e+02;8.8510737e-02;2.7750000e+02;1.7575336e-01;2.7750000e+02;2.6043096e-01;2.7750000e+02;2.8690541e-01;2.7750000e+02;2.5489229e-01;2.7750000e+02;1.9561926e-01;2.7750000e+02;2.1863744e-01;2.7750000e+02;1.9382963e-01;2.7750000e+02;1.4854050e-01;2.7750000e+02;9.8809406e-02;2.7750000e+02;5.5278670e-02;2.7750000e+02;8.2607120e-03;2.7750000e+02;-3.4169771e-02;2.7750000e+02;-7.9662547e-02;2.7750000e+02;-1.2217683e-01;2.7750000e+02;-6.4618945e-02;2.7750000e+02;-3.1034514e-02;2.7750000e+02;2.2351071e-02;2.7750000e+02;8.8510737e-02;2.7750000e+02;1.7575336e-01;2.7750000e+02;2.6043096e-01;2.7750000e+02;2.8690541e-01;2.7750000e+02;2.5489229e-01;2.7750000e+02;1.9561926e-01;2.7750000e+02;2.1863744e-01;2.7750000e+02;1.9382963e-01;2.7750000e+02;1.4854050e-01;2.7750000e+02;9.8809406e-02;2.7750000e+02;5.5278670e-02;2.7750000e+02;8.2607120e-03;2.7750000e+02;-3.4169771e-02;2.7750000e+02;-7.9662547e-02;2.7750000e+02;-1.2217683e-01;2.7750000e+02;-6.4618945e-02;2.7750000e+02;-3.1034514e-02;2.7750000e+02;2.2351071e-02;2.7750000e+02;8.8510737e-02;2.7750000e+02;1.7575336e-01;2.7750000e+02;2.6043096e-01;2.7750000e+02;2.8690541e-01;2.7750000e+02;2.5489229e-01;2.7750000e+02;1.9561926e-01;2.7750000e+02;2.1863744e-01;2.7750000e+02;1.9382963e-01;2.7750000e+02;1.4854050e-01;2.7750000e+02;9.8809406e-02;2.7750000e+02;5.5278670e-02;2.7750000e+02;8.2607120e-03;2.7750000e+02;-3.4169771e-02;2.7750000e+02;-7.9662547e-02;2.7750000e+02;-1.2217683e-01;2.7750000e+02;-6.4618945e-02;2.7750000e+02;-3.1034514e-02;2.7750000e+02;2.2351071e-02;2.7750000e+02;8.8510737e-02;2.7750000e+02;1.7575336e-01;2.7750000e+02;2.6043096e-01;2.7750000e+02;2.8690541e-01;2.7750000e+02;2.5489229e-01;2.7750000e+02;1.9561926e-01;2.7750000e+02;2.1863744e-01;2.7750000e+02;1.9382963e-01;2.7750000e+02;1.4854050e-01;2.7750000e+02;9.8809406e-02;2.7750000e+02;5.5278670e-02;2.7750000e+02;8.2607120e-03;2.7750000e+02;-3.4169771e-02;2.7750000e+02;-7.9662547e-02;2.7750000e+02;-1.2217683e-01;2.7750000e+02;-6.4618945e-02;2.7750000e+02;-3.1034514e-02;2.7750000e+02;2.2351071e-02;2.7750000e+02;8.8510737e-02;2.7750000e+02;1.7575336e-01;2.7750000e+02;2.6043096e-01;2.7750000e+02;2.8690541e-01;2.7750000e+02;2.5489229e-01;2.7750000e+02;1.9561926e-01;2.7750000e+02;2.1863744e-01;2.7750000e+02;1.9382963e-01;2.7750000e+02;1.4854050e-01;2.7750000e+02;9.8809406e-02;2.7750000e+02;5.5278670e-02;2.7750000e+02;8.2607120e-03;2.7750000e+02;-3.4169771e-02;2.7750000e+02;-7.9662547e-02;2.7750000e+02;-1.2217683e-01;2.7750000e+02;-6.4618945e-02;2.7750000e+02;-3.1034514e-02;2.7750000e+02;2.2351071e-02;2.7750000e+02;8.8510737e-02;2.7750000e+02;1.7575336e-01;2.7750000e+02;2.6043096e-01;2.7750000e+02;2.8690541e-01;2.7750000e+02;2.5489229e-01;2.7750000e+02;1.9561926e-01;2.7750000e+02;2.1863744e-01;2.7750000e+02;1.9382963e-01;2.7750000e+02;1.4854050e-01;2.7750000e+02;9.8809406e-02;2.7750000e+02;5.5278670e-02;2.7750000e+02;8.2607120e-03;2.7750000e+02;-3.4169771e-02;2.7750000e+02;-7.9662547e-02;2.7750000e+02;-1.2217683e-01;2.7750000e+02;-6.4618945e-02;2.7750000e+02;-3.1034514e-02;2.7750000e+02;2.2351071e-02;2.7750000e+02;8.8510737e-02;2.7750000e+02;1.7575336e-01;2.7750000e+02;2.6043096e-01;2.7750000e+02;2.8690541e-01;2.7750000e+02;2.5489229e-01;2.7750000e+02;1.9561926e-01;2.7750000e+02;2.1863744e-01;2.7750000e+02;1.9382963e-01;2.7750000e+02;1.4854050e-01;2.7750000e+02;9.8809406e-02;2.7750000e+02;5.5278670e-02;2.7750000e+02;8.2607120e-03;2.7750000e+02;-3.4169771e-02;2.7750000e+02;-7.9662547e-02;2.7750000e+02;-1.2217683e-01;2.7750000e+02;-6.4618945e-02;2.7750000e+02;-3.1034514e-02;2.7750000e+02;2.2351071e-02;2.7750000e+02;8.8510737e-02;2.7750000e+02;1.7575336e-01;2.7750000e+02;2.6043096e-01;2.7750000e+02;2.8690541e-01;2.7750000e+02;2.5489229e-01;2.7750000e+02;1.9561926e-01;2.7750000e+02;2.1863744e-01;2.7750000e+02;1.9382963e-01;2.7750000e+02;1.4854050e-01;2.7750000e+02;9.8809406e-02;2.7750000e+02;5.5278670e-02;2.7750000e+02;8.2607120e-03;2.7750000e+02;-3.4169771e-02;2.7750000e+02;-7.9662547e-02;2.7750000e+02;-1.2217683e-01;2.7750000e+02;-6.4618945e-02;2.7750000e+02;-3.1034514e-02;2.7750000e+02;2.2351071e-02;2.7750000e+02;8.8510737e-02;2.7750000e+02;1.7575336e-01;2.7750000e+02;2.6043096e-01;2.7750000e+02;2.8690541e-01;2.7750000e+02;2.5489229e-01;2.7750000e+02;1.9561926e-01;2.7750000e+02;2.1863744e-01;2.7750000e+02;1.9382963e-01;2.7750000e+02;1.4854050e-01;2.7750000e+02;9.8809406e-02;2.7750000e+02;5.5278670e-02;2.7750000e+02;8.2607120e-03;2.7750000e+02;-3.4169771e-02;2.7750000e+02;-7.9662547e-02;2.7750000e+02;-1.2217683e-01;2.7750000e+02;-6.4618945e-02;2.7750000e+02;-3.1034514e-02;2.7750000e+02;2.2351071e-02;2.7750000e+02;8.8510737e-02;2.7750000e+02;1.7575336e-01;2.7750000e+02;2.6043096e-01;2.7750000e+02;2.8690541e-01;2.7750000e+02;2.5489229e-01;2.7750000e+02;1.9561926e-01;2.7750000e+02;2.1863744e-01;2.7750000e+02;1.9382963e-01;2.7750000e+02;1.4854050e-01;2.7750000e+02;9.8809406e-02;2.7750000e+02;5.5278670e-02;2.7750000e+02;8.2607120e-03;2.7750000e+02;-3.4169771e-02;2.7750000e+02;-7.9662547e-02;2.7750000e+02;-1.2217683e-01;2.7750000e+02;-6.4618945e-02;2.7750000e+02;-3.1034514e-02;2.7750000e+02;2.2351071e-02;2.7750000e+02;8.8510737e-02;2.7750000e+02;1.7575336e-01;2.7750000e+02;2.6043096e-01;2.7750000e+02;2.8690541e-01;2.7750000e+02;2.5489229e-01;2.7750000e+02;1.9561926e-01;2.7750000e+02;2.1863744e-01;2.7750000e+02;1.9382963e-01;2.7750000e+02;1.4854050e-01;2.7750000e+02;9.8809406e-02;2.7750000e+02;5.5278670e-02;2.7750000e+02;8.2607120e-03;2.7750000e+02;-3.4169771e-02;2.7750000e+02;-7.9662547e-02;2.7750000e+02;-1.2217683e-01;2.7750000e+02;-6.4618945e-02;2.7750000e+02;-3.1034514e-02;2.7750000e+02;2.2351071e-02;2.7750000e+02;8.8510737e-02;2.7750000e+02;1.7575336e-01;2.7750000e+02;2.6043096e-01;2.7750000e+02;2.8690541e-01;2.7750000e+02;2.5489229e-01;2.7750000e+02;1.9561926e-01;2.7750000e+02;2.1863744e-01;2.7750000e+02;1.9382963e-01;2.7750000e+02;1.4854050e-01;2.7750000e+02;9.8809406e-02;2.7750000e+02;5.5278670e-02;2.7750000e+02;8.2607120e-03;2.7750000e+02;-3.4169771e-02;2.7750000e+02;-7.9662547e-02;2.7750000e+02;-1.2217683e-01;2.7750000e+02;-6.4618945e-02;2.7750000e+02;-3.1034514e-02;2.7750000e+02;2.2351071e-02;2.7750000e+02;8.8510737e-02;2.7750000e+02;1.7575336e-01;2.7750000e+02;2.6043096e-01;2.7750000e+02;2.8690541e-01;2.7750000e+02;2.5489229e-01;2.7750000e+02;1.9561926e-01;2.7750000e+02;2.1863744e-01;2.7750000e+02;1.9382963e-01;2.7750000e+02;1.4854050e-01;2.7750000e+02;9.8809406e-02;2.7750000e+02;5.5278670e-02;2.7750000e+02;8.2607120e-03;2.7750000e+02;-3.4169771e-02;2.7750000e+02;-7.9662547e-02;2.7750000e+02;-1.2217683e-01;2.7750000e+02;-6.4618945e-02;2.7750000e+02;-3.1034514e-02;2.7750000e+02;2.2351071e-02;2.7750000e+02;8.8510737e-02;2.7750000e+02;1.7575336e-01;2.7750000e+02;2.6043096e-01;2.7750000e+02;2.8690541e-01;2.7750000e+02;2.5489229e-01;2.7750000e+02;1.9561926e-01;2.7750000e+02;2.1863744e-01;2.7750000e+02;1.9382963e-01;2.7750000e+02;1.4854050e-01;2.7750000e+02;9.8809406e-02;2.7750000e+02;5.5278670e-02;2.7750000e+02;8.2607120e-03;2.7750000e+02;-3.4169771e-02;2.7750000e+02;-7.9662547e-02;2.7750000e+02;-1.2217683e-01;2.7750000e+02;-6.4618945e-02;2.7750000e+02;-3.1034514e-02;2.7750000e+02;2.2351071e-02;2.7750000e+02;8.8510737e-02;2.7750000e+02;1.7575336e-01;2.7750000e+02;2.6043096e-01;2.7750000e+02;2.8690541e-01;2.7750000e+02;2.5489229e-01;2.7750000e+02;1.9561926e-01;2.7750000e+02;2.1863744e-01;2.7750000e+02;1.9382963e-01;2.7750000e+02;1.4854050e-01;2.7750000e+02;9.8809406e-02;2.7750000e+02;5.5278670e-02;2.7750000e+02;8.2607120e-03;2.7750000e+02;-3.4169771e-02;2.7750000e+02;-7.9662547e-02;2.7750000e+02;-1.2217683e-01;2.7750000e+02;-6.4618945e-02;2.7750000e+02;-3.1034514e-02;2.7750000e+02;2.2351071e-02;2.7750000e+02;8.8510737e-02;2.7750000e+02;1.7575336e-01;2.7750000e+02;2.6043096e-01;2.7750000e+02;2.8690541e-01;2.7750000e+02;2.5489229e-01;2.7750000e+02;1.9561926e-01;2.7750000e+02;2.1863744e-01;2.7750000e+02;1.9382963e-01;2.7750000e+02;1.4854050e-01;2.7750000e+02;9.8809406e-02;2.7750000e+02;5.5278670e-02;2.7750000e+02;8.2607120e-03;2.7750000e+02;-3.4169771e-02;2.7750000e+02;-7.9662547e-02;2.7750000e+02;-1.2217683e-01;2.7750000e+02;-6.4618945e-02;2.7750000e+02;-3.1034514e-02;2.7750000e+02;2.2351071e-02;2.7750000e+02;8.8510737e-02;2.7750000e+02;1.7575336e-01;2.7750000e+02;2.6043096e-01;2.7750000e+02;2.8690541e-01;2.7750000e+02;2.5489229e-01;2.7750000e+02;1.9561926e-01;2.7750000e+02;2.1863744e-01;2.7750000e+02;1.9382963e-01;2.7750000e+02;1.4854050e-01;2.7750000e+02;9.8809406e-02;2.7750000e+02;5.5278670e-02;2.7750000e+02;8.2607120e-03;2.7750000e+02;-3.4169771e-02;2.7750000e+02;-7.9662547e-02;2.7750000e+02;-1.2217683e-01;2.7750000e+02;-6.4618945e-02;2.7750000e+02;-3.1034514e-02;2.7750000e+02;2.2351071e-02;2.7750000e+02;8.8510737e-02;2.7750000e+02;1.7575336e-01;2.7750000e+02;2.6043096e-01;2.7750000e+02;2.8690541e-01;2.7750000e+02;2.5489229e-01;2.7750000e+02;1.9561926e-01;2.7750000e+02;2.1863744e-01;2.7750000e+02;1.9382963e-01;2.7750000e+02;1.4854050e-01;2.7750000e+02;9.8809406e-02;2.7750000e+02;5.5278670e-02;2.7750000e+02;8.2607120e-03;2.7750000e+02;-3.4169771e-02;2.7750000e+02;-7.9662547e-02;2.7750000e+02;-1.2217683e-01;2.7750000e+02;-6.4618945e-02;2.7750000e+02;-3.1034514e-02;2.7750000e+02;2.2351071e-02;2.7750000e+02;8.8510737e-02;2.7750000e+02;1.7575336e-01;2.7750000e+02;2.6043096e-01;2.7750000e+02;2.8690541e-01;2.7750000e+02;2.5489229e-01;2.7750000e+02;1.9561926e-01;2.7750000e+02;2.1863744e-01;2.7750000e+02;1.9382963e-01;2.7750000e+02;1.4854050e-01;2.7750000e+02;9.8809406e-02;2.7750000e+02;5.5278670e-02;2.7750000e+02;8.2607120e-03;2.7750000e+02;-3.4169771e-02;2.7750000e+02;-7.9662547e-02;2.7750000e+02;-1.2217683e-01;2.7750000e+02;-6.4618945e-02;2.7750000e+02;-3.1034514e-02;2.7750000e+02;2.2351071e-02;2.7750000e+02;8.8510737e-02;2.7750000e+02;1.7575336e-01;2.7750000e+02;2.6043096e-01;2.7750000e+02;2.8690541e-01;2.7750000e+02;2.5489229e-01;2.7750000e+02;1.9561926e-01;2.7750000e+02;2.1863744e-01;2.7750000e+02;1.9382963e-01;2.7750000e+02;1.4854050e-01;2.7750000e+02;9.8809406e-02;2.7750000e+02;5.5278670e-02;2.7750000e+02;8.2607120e-03;2.7750000e+02;-3.4169771e-02;2.7750000e+02;-7.9662547e-02;2.7750000e+02;-1.2217683e-01;2.7750000e+02;-6.4618945e-02;2.7750000e+02;-3.1034514e-02;2.7750000e+02;2.2351071e-02;2.7750000e+02;8.8510737e-02;2.7750000e+02;1.7575336e-01;2.7750000e+02;2.6043096e-01;2.7750000e+02;2.8690541e-01;2.7750000e+02;2.5489229e-01;2.7750000e+02;1.9561926e-01;2.7750000e+02;2.1863744e-01;2.7750000e+02;1.9382963e-01;2.7750000e+02;1.4854050e-01;2.7750000e+02;9.8809406e-02;2.7750000e+02;5.5278670e-02;2.7750000e+02;8.2607120e-03;2.7750000e+02;-3.4169771e-02;2.7750000e+02;-7.9662547e-02;2.7750000e+02;-1.2217683e-01;2.7750000e+02;-6.4618945e-02;2.7750000e+02;-3.1034514e-02;2.7750000e+02;2.2351071e-02;2.7750000e+02;8.8510737e-02;2.7750000e+02;1.7575336e-01;2.7750000e+02;2.6043096e-01;2.7750000e+02;2.8690541e-01;2.7750000e+02;2.5489229e-01;2.7750000e+02;1.9561926e-01;2.7750000e+02;2.1863744e-01;2.7750000e+02;1.9382963e-01;2.7750000e+02;1.4854050e-01;2.7750000e+02;9.8809406e-02;2.7750000e+02;5.5278670e-02;2.7750000e+02;8.2607120e-03;2.7750000e+02;-3.4169771e-02;2.7750000e+02;-7.9662547e-02;2.7750000e+02;-1.2217683e-01;2.7750000e+02;-6.4618945e-02;2.7750000e+02;-3.1034514e-02;2.7750000e+02;2.2351071e-02;2.7750000e+02;8.8510737e-02;2.7750000e+02;1.7575336e-01;2.7750000e+02;2.6043096e-01;2.7750000e+02;2.8690541e-01;2.7750000e+02;2.5489229e-01;2.7750000e+02;1.9561926e-01;2.7750000e+02;2.1863744e-01;2.7750000e+02;1.9382963e-01;2.7750000e+02;1.4854050e-01;2.7750000e+02;9.8809406e-02;2.7750000e+02;5.5278670e-02;2.7750000e+02;8.2607120e-03;2.7750000e+02;-3.4169771e-02;2.7750000e+02;-7.9662547e-02;2.7750000e+02;-1.2217683e-01;2.7750000e+02;-6.4618945e-02;2.7750000e+02;-3.1034514e-02;2.7750000e+02;2.2351071e-02;2.7750000e+02;8.8510737e-02;2.7750000e+02;1.7575336e-01;2.7750000e+02;2.6043096e-01;2.7750000e+02;2.8690541e-01;2.7750000e+02;2.5489229e-01;2.7750000e+02;1.9561926e-01;2.7750000e+02;2.1863744e-01;2.7750000e+02;1.9382963e-01;2.7750000e+02;1.4854050e-01;2.7750000e+02;9.8809406e-02;2.7750000e+02;5.5278670e-02;2.7750000e+02;8.2607120e-03;2.7750000e+02;-3.4169771e-02;2.7750000e+02;-7.9662547e-02;2.7750000e+02;-1.2217683e-01;2.7750000e+02;-6.4618945e-02;2.7750000e+02;-3.1034514e-02;2.7750000e+02;2.2351071e-02;2.7750000e+02;8.8510737e-02;2.7750000e+02;1.7575336e-01;2.7750000e+02;2.6043096e-01;2.7750000e+02;2.8690541e-01;2.7750000e+02;2.5489229e-01;2.7750000e+02;1.9561926e-01;2.7750000e+02;2.1863744e-01;2.7750000e+02;1.9382963e-01;2.7750000e+02;1.4854050e-01;2.7750000e+02;9.8809406e-02;2.7750000e+02;5.5278670e-02;2.7750000e+02;8.2607120e-03;2.7750000e+02;-3.4169771e-02;2.7750000e+02;-7.9662547e-02;2.7750000e+02;-1.2217683e-01;2.7750000e+02;-6.4618945e-02;2.7750000e+02;-3.1034514e-02;2.7750000e+02;2.2351071e-02;2.7750000e+02;8.8510737e-02;2.7750000e+02;1.7575336e-01;2.7750000e+02;2.6043096e-01;2.7750000e+02;2.8690541e-01;2.7750000e+02;2.5489229e-01;2.7750000e+02;1.9561926e-01;2.7750000e+02;2.1863744e-01;2.7750000e+02;1.9382963e-01;2.7750000e+02;1.4854050e-01;2.7750000e+02;9.8809406e-02;2.7750000e+02;5.5278670e-02;2.7750000e+02;8.2607120e-03;2.7750000e+02;-3.4169771e-02;2.7750000e+02;-7.9662547e-02;2.7750000e+02;-1.2217683e-01;2.7750000e+02;-6.4618945e-02;2.7750000e+02;-3.1034514e-02;2.7750000e+02;2.2351071e-02;2.7750000e+02;8.8510737e-02;2.7750000e+02;1.7575336e-01;2.7750000e+02;2.6043096e-01;2.7750000e+02;2.8690541e-01;2.7750000e+02;2.5489229e-01;2.7750000e+02;1.9561926e-01;2.7750000e+02;2.1863744e-01;2.7750000e+02;1.9382963e-01;2.7750000e+02;1.4854050e-01;2.7750000e+02;9.8809406e-02;2.7750000e+02;5.5278670e-02;2.7750000e+02;8.2607120e-03;2.7750000e+02;-3.4169771e-02;2.7750000e+02;-7.9662547e-02;2.7750000e+02;-1.2217683e-01;2.7750000e+02;-6.4618945e-02;2.7750000e+02;-3.1034514e-02;2.7750000e+02;2.2351071e-02;2.7750000e+02;8.8510737e-02;2.7750000e+02;1.7575336e-01;2.7750000e+02;2.6043096e-01;2.7750000e+02;2.8690541e-01;2.7750000e+02;2.5489229e-01;2.7750000e+02;1.9561926e-01;2.7750000e+02;2.1863744e-01;2.7750000e+02;1.9382963e-01;2.7750000e+02;1.4854050e-01;2.7750000e+02;9.8809406e-02;2.7750000e+02;5.5278670e-02;2.7750000e+02;8.2607120e-03;2.7750000e+02;-3.4169771e-02;2.7750000e+02;-7.9662547e-02;2.7750000e+02;-1.2217683e-01;2.7750000e+02;-6.4618945e-02;2.7750000e+02;-3.1034514e-02;2.7750000e+02;2.2351071e-02;2.7750000e+02;8.8510737e-02;2.7750000e+02;1.7575336e-01;2.7750000e+02;2.6043096e-01;2.7750000e+02;2.8690541e-01;2.7750000e+02;2.5489229e-01;2.7750000e+02;1.9561926e-01;2.7750000e+02;2.1863744e-01;2.7750000e+02;1.9382963e-01;2.7750000e+02;1.4854050e-01;2.7750000e+02;9.8809406e-02;2.7750000e+02;5.5278670e-02;2.7750000e+02;8.2607120e-03;2.7750000e+02;-3.4169771e-02;2.7750000e+02;-7.9662547e-02;2.7750000e+02;-1.2217683e-01;2.7750000e+02;-6.4618945e-02;2.7750000e+02;-3.1034514e-02;2.7750000e+02;2.2351071e-02;2.7750000e+02;8.8510737e-02;2.7750000e+02;1.7575336e-01;2.7750000e+02;2.6043096e-01;2.7750000e+02;2.8690541e-01;2.7750000e+02;2.5489229e-01;2.7750000e+02;1.9561926e-01;2.7750000e+02;2.1863744e-01;2.7750000e+02;1.9382963e-01;2.7750000e+02;1.4854050e-01;2.7750000e+02;9.8809406e-02;2.7750000e+02;5.5278670e-02;2.7750000e+02;8.2607120e-03;2.7750000e+02;-3.4169771e-02;2.7750000e+02;-7.9662547e-02;2.7750000e+02;-1.2217683e-01;2.7750000e+02;-6.4618945e-02;2.7750000e+02;-3.1034514e-02;2.7750000e+02;2.2351071e-02;2.7750000e+02;8.8510737e-02;2.7750000e+02;1.7575336e-01;2.7750000e+02;2.6043096e-01;2.7750000e+02;2.8690541e-01;2.7750000e+02;2.5489229e-01;2.7750000e+02;1.9561926e-01;2.7750000e+02;2.1863744e-01;2.7750000e+02;1.9382963e-01;2.7750000e+02;1.4854050e-01;2.7750000e+02;9.8809406e-02;2.7750000e+02;5.5278670e-02;2.7750000e+02;8.2607120e-03;2.7750000e+02;-3.4169771e-02;2.7750000e+02;-7.9662547e-02;2.7750000e+02;-1.2217683e-01;2.7750000e+02;-6.4618945e-02;2.7750000e+02;-3.1034514e-02;2.7750000e+02;2.2351071e-02;2.7750000e+02;8.8510737e-02;2.7750000e+02;1.7575336e-01;2.7750000e+02;2.6043096e-01;2.7750000e+02;2.8690541e-01;2.7750000e+02;2.5489229e-01;2.7750000e+02;1.9561926e-01;2.7750000e+02;2.1863744e-01;2.7750000e+02;1.9382963e-01;2.7750000e+02;1.4854050e-01;2.7750000e+02;9.8809406e-02;2.7750000e+02;5.5278670e-02;2.7750000e+02;8.2607120e-03;2.7750000e+02;-3.4169771e-02;2.7750000e+02;-7.9662547e-02;2.7750000e+02;-1.2217683e-01;2.7750000e+02;-6.4618945e-02;2.7750000e+02;-3.1034514e-02;2.7750000e+02;2.2351071e-02;2.7750000e+02;8.8510737e-02;2.7750000e+02;1.7575336e-01;2.7750000e+02;2.6043096e-01;2.7750000e+02;2.8690541e-01;2.7750000e+02;2.5489229e-01;2.7750000e+02;1.9561926e-01;2.7750000e+02;2.1863744e-01;2.7750000e+02;1.9382963e-01;2.7750000e+02;1.4854050e-01;2.7750000e+02;9.8809406e-02;2.7750000e+02;5.5278670e-02;2.7750000e+02;8.2607120e-03;2.7750000e+02;-3.4169771e-02;2.7750000e+02;-7.9662547e-02;2.7750000e+02;-1.2217683e-01;2.7750000e+02;-6.4618945e-02;2.7750000e+02;-3.1034514e-02;2.7750000e+02;2.2351071e-02;2.7750000e+02;8.8510737e-02;2.7750000e+02;1.7575336e-01;2.7750000e+02;2.6043096e-01;2.7750000e+02;2.8690541e-01;2.7750000e+02;2.5489229e-01;2.7750000e+02;1.9561926e-01;2.7750000e+02;2.1863744e-01;2.7750000e+02;1.9382963e-01;2.7750000e+02;1.4854050e-01;2.7750000e+02;9.8809406e-02;2.7750000e+02;5.5278670e-02;2.7750000e+02;8.2607120e-03;2.7750000e+02;-3.4169771e-02;2.7750000e+02;-7.9662547e-02;2.7750000e+02;-1.2217683e-01;2.7750000e+02;-6.4618945e-02;2.7750000e+02;-3.1034514e-02;2.7750000e+02;2.2351071e-02;2.7750000e+02;8.8510737e-02;2.7750000e+02;1.7575336e-01;2.7750000e+02;2.6043096e-01;2.7750000e+02;2.8690541e-01;2.7750000e+02;2.5489229e-01;2.7750000e+02;1.9561926e-01;2.7750000e+02;2.1863744e-01;2.7750000e+02;1.9382963e-01;2.7750000e+02;1.4854050e-01;2.7750000e+02;9.8809406e-02;2.7750000e+02;5.5278670e-02;2.7750000e+02;8.2607120e-03;2.7750000e+02;-3.4169771e-02;2.7750000e+02;-7.9662547e-02;2.7750000e+02;-1.2217683e-01;2.7750000e+02;-6.4618945e-02;2.7750000e+02;-3.1034514e-02;2.7750000e+02;2.2351071e-02;2.7750000e+02;8.8510737e-02;2.7750000e+02;1.7575336e-01;2.7750000e+02;2.6043096e-01;2.7750000e+02;2.8690541e-01;2.7750000e+02;2.5489229e-01;2.7750000e+02;1.9561926e-01;2.7750000e+02;2.1863744e-01;2.7750000e+02;1.9382963e-01;2.7750000e+02;1.4854050e-01;2.7750000e+02;9.8809406e-02;2.7750000e+02;5.5278670e-02;2.7750000e+02;8.2607120e-03;2.7750000e+02;-3.4169771e-02;2.7750000e+02;-7.9662547e-02;2.7750000e+02;-1.2217683e-01;2.7750000e+02;-6.4618945e-02;2.7750000e+02;-3.1034514e-02;2.7750000e+02;2.2351071e-02;2.7750000e+02;8.8510737e-02;2.7750000e+02;1.7575336e-01;2.7750000e+02;2.6043096e-01;2.7750000e+02;2.8690541e-01;2.7750000e+02;2.5489229e-01;2.7750000e+02;1.9561926e-01;2.7750000e+02;2.1863744e-01;2.7750000e+02;1.9382963e-01;2.7750000e+02;1.4854050e-01;2.7750000e+02;9.8809406e-02;2.7750000e+02;5.5278670e-02;2.7750000e+02;8.2607120e-03;2.7750000e+02;-3.4169771e-02;2.7750000e+02;-7.9662547e-02;2.7750000e+02;-1.2217683e-01;2.7750000e+02;-6.4618945e-02;2.7750000e+02;-3.1034514e-02;2.7750000e+02;2.2351071e-02;2.7750000e+02;8.8510737e-02;2.7750000e+02;1.7575336e-01;2.7750000e+02;2.6043096e-01;2.7750000e+02;2.8690541e-01;2.7750000e+02;2.5489229e-01;2.7750000e+02;1.9561926e-01;2.7750000e+02;2.1863744e-01;2.7750000e+02;1.9382963e-01;2.7750000e+02;1.4854050e-01;2.7750000e+02;9.8809406e-02;2.7750000e+02;5.5278670e-02;2.7750000e+02;8.2607120e-03;2.7750000e+02;-3.4169771e-02;2.7750000e+02;-7.9662547e-02;2.7750000e+02;-1.2217683e-01;2.7750000e+02;-6.4618945e-02;2.7750000e+02;-3.1034514e-02;2.7750000e+02;2.2351071e-02;2.7750000e+02;8.8510737e-02;2.7750000e+02;1.7575336e-01;2.7750000e+02;2.6043096e-01;2.7750000e+02;2.8690541e-01;2.7750000e+02;2.5489229e-01;2.7750000e+02;1.9561926e-01;2.7750000e+02;2.1863744e-01;2.7750000e+02;1.9382963e-01;2.7750000e+02;1.4854050e-01;2.7750000e+02;9.8809406e-02;2.7750000e+02;5.5278670e-02;2.7750000e+02;8.2607120e-03;2.7750000e+02;-3.4169771e-02;2.7750000e+02;-7.9662547e-02;2.7750000e+02;-1.2217683e-01;2.7750000e+02;-6.4618945e-02;2.7750000e+02;-3.1034514e-02;2.7750000e+02;2.2351071e-02;2.7750000e+02;8.8510737e-02;2.7750000e+02;1.7575336e-01;2.7750000e+02;2.6043096e-01;2.7750000e+02;2.8690541e-01;2.7750000e+02;2.5489229e-01;2.7750000e+02;1.9561926e-01;2.7750000e+02;2.1863744e-01;2.7750000e+02;1.9382963e-01;2.7750000e+02;1.4854050e-01;2.7750000e+02;9.8809406e-02;2.7750000e+02;5.5278670e-02;2.7750000e+02;8.2607120e-03;2.7750000e+02;-3.4169771e-02;2.7750000e+02;-7.9662547e-02;2.7750000e+02;-1.2217683e-01;2.7750000e+02;-6.4618945e-02;2.7750000e+02;-3.1034514e-02;2.7750000e+02;2.2351071e-02;2.7750000e+02;8.8510737e-02;2.7750000e+02;1.7575336e-01;2.7750000e+02;2.6043096e-01;2.7750000e+02;2.8690541e-01;2.7750000e+02;2.5489229e-01;2.7750000e+02;1.9561926e-01;2.7750000e+02;2.1863744e-01;2.7750000e+02;1.9382963e-01;2.7750000e+02;1.4854050e-01;2.7750000e+02;9.8809406e-02;2.7750000e+02;5.5278670e-02;2.7750000e+02;8.2607120e-03;2.7750000e+02;-3.4169771e-02;2.7750000e+02;-7.9662547e-02;2.7750000e+02;-1.2217683e-01;2.7750000e+02;-6.4618945e-02;2.7750000e+02;-3.1034514e-02;2.7750000e+02;2.2351071e-02;2.7750000e+02;8.8510737e-02;2.7750000e+02;1.7575336e-01;2.7750000e+02;2.6043096e-01;2.7750000e+02;2.8690541e-01;2.7750000e+02;2.5489229e-01;2.7750000e+02;1.9561926e-01;2.7750000e+02;2.1863744e-01;2.7750000e+02;1.9382963e-01;2.7750000e+02;1.4854050e-01;2.7750000e+02;9.8809406e-02;2.7750000e+02;5.5278670e-02;2.7750000e+02;8.2607120e-03;2.7750000e+02;-3.4169771e-02;2.7750000e+02;-7.9662547e-02;2.7750000e+02;-1.2217683e-01;2.7750000e+02;-6.4618945e-02;2.7750000e+02;-3.1034514e-02;2.7750000e+02;2.2351071e-02;2.7750000e+02;8.8510737e-02;2.7750000e+02;1.7575336e-01;2.7750000e+02;2.6043096e-01;2.7750000e+02;2.8690541e-01;2.7750000e+02;2.5489229e-01;2.7750000e+02;1.9561926e-01;2.7750000e+02;2.1863744e-01;2.7750000e+02;1.9382963e-01;2.7750000e+02;1.4854050e-01;2.7750000e+02;9.8809406e-02;2.7750000e+02;5.5278670e-02;2.7750000e+02;8.2607120e-03;2.7750000e+02;-3.4169771e-02;2.7750000e+02;-7.9662547e-02;2.7750000e+02;-1.2217683e-01;2.7750000e+02;-6.4618945e-02;2.7750000e+02;-3.1034514e-02;2.7750000e+02;2.2351071e-02;2.7750000e+02;8.8510737e-02;2.7750000e+02;1.7575336e-01;2.7750000e+02;2.6043096e-01;2.7750000e+02;2.8690541e-01;2.7750000e+02;2.5489229e-01;2.7750000e+02;1.9561926e-01;2.7750000e+02;2.1863744e-01;2.7750000e+02;1.9382963e-01;2.7750000e+02;1.4854050e-01;2.7750000e+02;9.8809406e-02;2.7750000e+02;5.5278670e-02;2.7750000e+02;8.2607120e-03;2.7750000e+02;-3.4169771e-02;2.7750000e+02;-7.9662547e-02;2.7750000e+02;-1.2217683e-01;2.7750000e+02;-6.4618945e-02;2.7750000e+02;-3.1034514e-02;2.7750000e+02;2.2351071e-02;2.7750000e+02;8.8510737e-02;2.7750000e+02;1.7575336e-01;2.7750000e+02;2.6043096e-01;2.7750000e+02;2.8690541e-01;2.7750000e+02;2.5489229e-01;2.7750000e+02;1.9561926e-01;2.7750000e+02;2.1863744e-01;2.7750000e+02;1.9382963e-01;2.7750000e+02;1.4854050e-01;2.7750000e+02;9.8809406e-02;2.7750000e+02;5.5278670e-02;2.7750000e+02;8.2607120e-03;2.7750000e+02;-3.4169771e-02;2.7750000e+02;-7.9662547e-02;2.7750000e+02;-1.2217683e-01;2.7750000e+02;-6.4618945e-02;2.7750000e+02;-3.1034514e-02;2.7750000e+02;2.2351071e-02;2.7750000e+02;8.8510737e-02;2.7750000e+02;1.7575336e-01;2.7750000e+02;2.6043096e-01;2.7750000e+02;2.8690541e-01;2.7750000e+02;2.5489229e-01;2.7750000e+02;1.9561926e-01;2.7750000e+02;2.1863744e-01;2.7750000e+02;1.9382963e-01;2.7750000e+02;1.4854050e-01;2.7750000e+02;9.8809406e-02;2.7750000e+02;5.5278670e-02;2.7750000e+02;8.2607120e-03;2.7750000e+02;-3.4169771e-02;2.7750000e+02;-7.9662547e-02;2.7750000e+02;-1.2217683e-01;2.7750000e+02;-6.4618945e-02;2.7750000e+02;-3.1034514e-02;2.7750000e+02;2.2351071e-02;2.7750000e+02;8.8510737e-02;2.7750000e+02;1.7575336e-01;2.7750000e+02;2.6043096e-01;2.7750000e+02;2.8690541e-01;2.7750000e+02;2.5489229e-01;2.7750000e+02;1.9561926e-01;2.7750000e+02;2.1863744e-01;2.7750000e+02;1.9382963e-01;2.7750000e+02;1.4854050e-01;2.7750000e+02;9.8809406e-02;2.7750000e+02;5.5278670e-02;2.7750000e+02;8.2607120e-03;2.7750000e+02;-3.4169771e-02;2.7750000e+02;-7.9662547e-02;2.7750000e+02;-1.2217683e-01;2.7750000e+02;-6.4618945e-02;2.7750000e+02;-3.1034514e-02;2.7750000e+02;2.2351071e-02;2.7750000e+02;8.8510737e-02;2.7750000e+02;1.7575336e-01;2.7750000e+02;2.6043096e-01;2.7750000e+02;2.8690541e-01;2.7750000e+02;2.5489229e-01;2.7750000e+02;1.9561926e-01;2.7750000e+02;2.1863744e-01;2.7750000e+02;1.9382963e-01;2.7750000e+02;1.4854050e-01;2.7750000e+02;9.8809406e-02;2.7750000e+02;5.5278670e-02;2.7750000e+02;8.2607120e-03;2.7750000e+02;-3.4169771e-02;2.7750000e+02;-7.9662547e-02;2.7750000e+02;-1.2217683e-01;2.7750000e+02;-6.4618945e-02;2.7750000e+02;-3.1034514e-02;2.7750000e+02;2.2351071e-02;2.7750000e+02;8.8510737e-02;2.7750000e+02;1.7575336e-01;2.7750000e+02;2.6043096e-01;2.7750000e+02;2.8690541e-01;2.7750000e+02;2.5489229e-01;2.7750000e+02;1.9561926e-01;2.7750000e+02;2.1863744e-01;2.7750000e+02;1.9382963e-01;2.7750000e+02;1.4854050e-01;2.7750000e+02;9.8809406e-02;2.7750000e+02;5.5278670e-02;2.7750000e+02;8.2607120e-03;2.7750000e+02;-3.4169771e-02;2.7750000e+02;-7.9662547e-02;2.7750000e+02;-1.2217683e-01;2.7750000e+02;-6.4618945e-02;2.7750000e+02;-3.1034514e-02;2.7750000e+02;2.2351071e-02;2.7750000e+02;8.8510737e-02;2.7750000e+02;1.7575336e-01;2.7750000e+02;2.6043096e-01;2.7750000e+02;2.8690541e-01;2.7750000e+02;2.5489229e-01;2.7750000e+02;1.9561926e-01;2.7750000e+02;2.1863744e-01;2.7750000e+02;1.9382963e-01;2.7750000e+02;1.4854050e-01;2.7750000e+02;9.8809406e-02;2.7750000e+02;5.5278670e-02;2.7750000e+02;8.2607120e-03;2.7750000e+02;-3.4169771e-02;2.7750000e+02;-7.9662547e-02;2.7750000e+02;-1.2217683e-01;2.7750000e+02;-6.4618945e-02;2.7750000e+02;-3.1034514e-02;2.7750000e+02;2.2351071e-02;2.7750000e+02;8.8510737e-02;2.7750000e+02;1.7575336e-01;2.7750000e+02;2.6043096e-01;2.7750000e+02;2.8690541e-01;2.7750000e+02;2.5489229e-01;2.7750000e+02;1.9561926e-01;2.7750000e+02;2.1863744e-01;2.7750000e+02;1.9382963e-01;2.7750000e+02;1.4854050e-01;2.7750000e+02;9.8809406e-02;2.7750000e+02;5.5278670e-02;2.7750000e+02;8.2607120e-03;2.7750000e+02;-3.4169771e-02;2.7750000e+02;-7.9662547e-02;2.7750000e+02;-1.2217683e-01;2.7750000e+02;-6.4618945e-02;2.7750000e+02;-3.1034514e-02;2.7750000e+02;2.2351071e-02;2.7750000e+02;8.8510737e-02;2.7750000e+02;1.7575336e-01;2.7750000e+02;2.6043096e-01;2.7750000e+02;2.8690541e-01;2.7750000e+02;2.5489229e-01;2.7750000e+02;1.9561926e-01;2.7750000e+02;2.1863744e-01;2.7750000e+02;1.9382963e-01;2.7750000e+02;1.4854050e-01;2.7750000e+02;9.8809406e-02;2.7750000e+02;5.5278670e-02;2.7750000e+02;8.2607120e-03;2.7750000e+02;-3.4169771e-02;2.7750000e+02;-7.9662547e-02;2.7750000e+02;-1.2217683e-01;2.7750000e+02;-6.4618945e-02;2.7750000e+02;-3.1034514e-02;2.7750000e+02;2.2351071e-02;2.7750000e+02;8.8510737e-02;2.7750000e+02;1.7575336e-01;2.7750000e+02;2.6043096e-01;2.7750000e+02;2.8690541e-01;2.7750000e+02;2.5489229e-01;2.7750000e+02;1.9561926e-01;2.7750000e+02;2.1863744e-01;2.7750000e+02;1.9382963e-01;2.7750000e+02;1.4854050e-01;2.7750000e+02;9.8809406e-02;2.7750000e+02;5.5278670e-02;2.7750000e+02;8.2607120e-03;2.7750000e+02;-3.4169771e-02;2.7750000e+02;-7.9662547e-02;2.7750000e+02;-1.2217683e-01;2.7750000e+02;-6.4618945e-02;2.7750000e+02;-3.1034514e-02;2.7750000e+02;2.2351071e-02;2.7750000e+02;8.8510737e-02;2.7750000e+02;1.7575336e-01;2.7750000e+02;2.6043096e-01;2.7750000e+02;2.8690541e-01;2.7750000e+02;2.5489229e-01;2.7750000e+02;1.9561926e-01;2.7750000e+02;2.1863744e-01;2.7750000e+02;1.9382963e-01;2.7750000e+02;1.4854050e-01;2.7750000e+02;9.8809406e-02;2.7750000e+02;5.5278670e-02;2.7750000e+02;8.2607120e-03;2.7750000e+02;-3.4169771e-02;2.7750000e+02;-7.9662547e-02;2.7750000e+02;-1.2217683e-01;2.7750000e+02;-6.4618945e-02;2.7750000e+02;-3.1034514e-02;2.7750000e+02;2.2351071e-02;2.7750000e+02;8.8510737e-02;2.7750000e+02;1.7575336e-01;2.7750000e+02;2.6043096e-01;2.7750000e+02;2.8690541e-01;2.7750000e+02;2.5489229e-01;2.7750000e+02;1.9561926e-01;2.7750000e+02;2.1863744e-01;2.7750000e+02;1.9382963e-01;2.7750000e+02;1.4854050e-01;2.7750000e+02;9.8809406e-02;2.7750000e+02;5.5278670e-02;2.7750000e+02;8.2607120e-03;2.7750000e+02;-3.4169771e-02;2.7750000e+02;-7.9662547e-02;2.7750000e+02;-1.2217683e-01;2.7750000e+02;-6.4618945e-02;2.7750000e+02;-3.1034514e-02;2.7750000e+02;2.2351071e-02;2.7750000e+02;8.8510737e-02;2.7750000e+02;1.7575336e-01;2.7750000e+02;2.6043096e-01;2.7750000e+02;2.8690541e-01;2.7750000e+02;2.5489229e-01;2.7750000e+02;1.9561926e-01;2.7750000e+02;2.1863744e-01;2.7750000e+02;1.9382963e-01;2.7750000e+02;1.4854050e-01;2.7750000e+02;9.8809406e-02;2.7750000e+02;5.5278670e-02;2.7750000e+02;8.2607120e-03;2.7750000e+02;-3.4169771e-02;2.7750000e+02;-7.9662547e-02;2.7750000e+02;-1.2217683e-01;2.7750000e+02;-6.4618945e-02;2.7750000e+02;-3.1034514e-02;2.7750000e+02;2.2351071e-02;2.7750000e+02;8.8510737e-02;2.7750000e+02;1.7575336e-01;2.7750000e+02;2.6043096e-01;2.7750000e+02;2.8690541e-01;2.7750000e+02;2.5489229e-01;2.7750000e+02;1.9561926e-01;2.7750000e+02;2.1863744e-01;2.7750000e+02;1.9382963e-01;2.7750000e+02;1.4854050e-01;2.7750000e+02;9.8809406e-02;2.7750000e+02;5.5278670e-02;2.7750000e+02;8.2607120e-03;2.7750000e+02;-3.4169771e-02;2.7750000e+02;-7.9662547e-02;2.7750000e+02;-1.2217683e-01;2.7750000e+02;-6.4618945e-02;2.7750000e+02;-3.1034514e-02;2.7750000e+02;2.2351071e-02;2.7750000e+02;8.8510737e-02;2.7750000e+02;1.7575336e-01;2.7750000e+02;2.6043096e-01;2.7750000e+02;2.8690541e-01;2.7750000e+02;2.5489229e-01;2.7750000e+02;1.9561926e-01;2.7750000e+02;2.1863744e-01;2.7750000e+02;1.9382963e-01;2.7750000e+02;1.4854050e-01;2.7750000e+02;9.8809406e-02;2.7750000e+02;5.5278670e-02;2.7750000e+02;8.2607120e-03;2.7750000e+02;-3.4169771e-02;2.7750000e+02;-7.9662547e-02;2.7750000e+02;-1.2217683e-01;2.7750000e+02;-6.4618945e-02;2.7750000e+02;-3.1034514e-02;2.7750000e+02;2.2351071e-02;2.7750000e+02;8.8510737e-02;2.7750000e+02;1.7575336e-01;2.7750000e+02;2.6043096e-01;2.7750000e+02;2.8690541e-01;2.7750000e+02;2.5489229e-01;2.7750000e+02;1.9561926e-01;2.7750000e+02;2.1863744e-01;2.7750000e+02;1.9382963e-01;2.7750000e+02;1.4854050e-01;2.7750000e+02;9.8809406e-02;2.7750000e+02;5.5278670e-02;2.7750000e+02;8.2607120e-03;2.7750000e+02;-3.4169771e-02;2.7750000e+02;-7.9662547e-02;2.7750000e+02;-1.2217683e-01;2.7750000e+02;-6.4618945e-02;2.7750000e+02;-3.1034514e-02;2.7750000e+02;2.2351071e-02;2.7750000e+02;8.8510737e-02;2.7750000e+02;1.7575336e-01;2.7750000e+02;2.6043096e-01;2.7750000e+02;2.8690541e-01;2.7750000e+02;2.5489229e-01;2.7750000e+02;1.9561926e-01;2.7750000e+02;2.1863744e-01;2.7750000e+02;1.9382963e-01;2.7750000e+02;1.4854050e-01;2.7750000e+02;9.8809406e-02;2.7750000e+02;5.5278670e-02;2.7750000e+02;8.2607120e-03;2.7750000e+02;-3.4169771e-02;2.7750000e+02;-7.9662547e-02;2.7750000e+02;-1.2217683e-01;2.7750000e+02;-6.4618945e-02;2.7750000e+02;-3.1034514e-02;2.7750000e+02;2.2351071e-02;2.7750000e+02;8.8510737e-02;2.7750000e+02;1.7575336e-01;2.7750000e+02;2.6043096e-01;2.7750000e+02;2.8690541e-01;2.7750000e+02;2.5489229e-01;2.7750000e+02;1.9561926e-01;2.7750000e+02;2.1863744e-01;2.7750000e+02;1.9382963e-01;2.7750000e+02;1.4854050e-01;2.7750000e+02;9.8809406e-02;2.7750000e+02;5.5278670e-02;2.7750000e+02;8.2607120e-03;2.7750000e+02;-3.4169771e-02;2.7750000e+02;-7.9662547e-02;2.7750000e+02;-1.2217683e-01;2.7750000e+02;-6.4618945e-02;2.7750000e+02;-3.1034514e-02;2.7750000e+02;2.2351071e-02;2.7750000e+02;8.8510737e-02;2.7750000e+02;1.7575336e-01;2.7750000e+02;2.6043096e-01;2.7750000e+02;2.8690541e-01;2.7750000e+02;2.5489229e-01;2.7750000e+02;1.9561926e-01;2.7750000e+02;2.1863744e-01;2.7750000e+02;1.9382963e-01;2.7750000e+02;1.4854050e-01;2.7750000e+02;9.8809406e-02;2.7750000e+02;5.5278670e-02;2.7750000e+02;8.2607120e-03;2.7750000e+02;-3.4169771e-02;2.7750000e+02;-7.9662547e-02;2.7750000e+02;-1.2217683e-01;2.7750000e+02;-6.4618945e-02;2.7750000e+02;-3.1034514e-02;2.7750000e+02;2.2351071e-02;2.7750000e+02;8.8510737e-02;2.7750000e+02;1.7575336e-01;2.7750000e+02;2.6043096e-01;2.7750000e+02;2.8690541e-01;2.7750000e+02;2.5489229e-01;2.7750000e+02;1.9561926e-01;2.7750000e+02;2.1863744e-01;2.7750000e+02;1.9382963e-01;2.7750000e+02;1.4854050e-01;2.7750000e+02;9.8809406e-02;2.7750000e+02;5.5278670e-02;2.7750000e+02;8.2607120e-03;2.7750000e+02;-3.4169771e-02;2.7750000e+02;-7.9662547e-02;2.7750000e+02;-1.2217683e-01;2.7750000e+02;-6.4618945e-02;2.7750000e+02;-3.1034514e-02;2.7750000e+02;2.2351071e-02;2.7750000e+02;8.8510737e-02;2.7750000e+02;1.7575336e-01;2.7750000e+02;2.6043096e-01;2.7750000e+02;2.8690541e-01;2.7750000e+02;2.5489229e-01;2.7750000e+02;1.9561926e-01;2.7750000e+02;2.1863744e-01;2.7750000e+02;1.9382963e-01;2.7750000e+02;1.4854050e-01;2.7750000e+02;9.8809406e-02;2.7750000e+02;5.5278670e-02;2.7750000e+02;8.2607120e-03;2.7750000e+02;-3.4169771e-02;2.7750000e+02;-7.9662547e-02;2.7750000e+02;-1.2217683e-01;2.7750000e+02;-6.4618945e-02;2.7750000e+02;-3.1034514e-02;2.7750000e+02;2.2351071e-02;2.7750000e+02;8.8510737e-02;2.7750000e+02;1.7575336e-01;2.7750000e+02;2.6043096e-01;2.7750000e+02;2.8690541e-01;2.7750000e+02;2.5489229e-01;2.7750000e+02;1.9561926e-01;2.7750000e+02;2.1863744e-01;2.7750000e+02;1.9382963e-01;2.7750000e+02;1.4854050e-01;2.7750000e+02;9.8809406e-02;2.7750000e+02;5.5278670e-02;2.7750000e+02;8.2607120e-03;2.7750000e+02;-3.4169771e-02;2.7750000e+02;-7.9662547e-02;2.7750000e+02;-1.2217683e-01;2.7750000e+02;-6.4618945e-02;2.7750000e+02;-3.1034514e-02;2.7750000e+02;2.2351071e-02;2.7750000e+02;8.8510737e-02;2.7750000e+02;1.7575336e-01;2.7750000e+02;2.6043096e-01;2.7750000e+02;2.8690541e-01;2.7750000e+02;2.5489229e-01;2.7750000e+02;1.9561926e-01;2.7750000e+02;2.1863744e-01;2.7750000e+02;1.9382963e-01;2.7750000e+02;1.4854050e-01;2.7750000e+02;9.8809406e-02;2.7750000e+02;5.5278670e-02;2.7750000e+02;8.2607120e-03;2.7750000e+02;-3.4169771e-02;2.7750000e+02;-7.9662547e-02;2.7750000e+02;-1.2217683e-01;2.7750000e+02;-6.4618945e-02;2.7750000e+02;-3.1034514e-02;2.7750000e+02;2.2351071e-02;2.7750000e+02;8.8510737e-02;2.7750000e+02;1.7575336e-01;2.7750000e+02;2.6043096e-01;2.7750000e+02;2.8690541e-01;2.7750000e+02;2.5489229e-01;2.7750000e+02;1.9561926e-01;2.7750000e+02;2.1863744e-01;2.7750000e+02;1.9382963e-01;2.7750000e+02;1.4854050e-01;2.7750000e+02;9.8809406e-02;2.7750000e+02;5.5278670e-02;2.7750000e+02;8.2607120e-03;2.7750000e+02;-3.4169771e-02;2.7750000e+02;-7.9662547e-02;2.7750000e+02;-1.2217683e-01;2.7750000e+02;-6.4618945e-02;2.7750000e+02;-3.1034514e-02;2.7750000e+02;2.2351071e-02;2.7750000e+02;8.8510737e-02;2.7750000e+02;1.7575336e-01;2.7750000e+02;2.6043096e-01;2.7750000e+02;2.8690541e-01;2.7750000e+02;2.5489229e-01;2.7750000e+02;1.9561926e-01;2.7750000e+02;2.1863744e-01;2.7750000e+02;1.9382963e-01;2.7750000e+02;1.4854050e-01;2.7750000e+02;9.8809406e-02;2.7750000e+02;5.5278670e-02;2.7750000e+02;8.2607120e-03;2.7750000e+02;-3.4169771e-02;2.7750000e+02;-7.9662547e-02;2.7750000e+02;-1.2217683e-01;2.7750000e+02;-6.4618945e-02;2.7750000e+02;-3.1034514e-02;2.7750000e+02;2.2351071e-02;2.7750000e+02;8.8510737e-02;2.7750000e+02;1.7575336e-01;2.7750000e+02;2.6043096e-01;2.7750000e+02;2.8690541e-01;2.7750000e+02;2.5489229e-01;2.7750000e+02;1.9561926e-01;2.7750000e+02;2.1863744e-01;2.7750000e+02;1.9382963e-01;2.7750000e+02;1.4854050e-01;2.7750000e+02;9.8809406e-02;2.7750000e+02;5.5278670e-02;2.7750000e+02;8.2607120e-03;2.7750000e+02;-3.4169771e-02;2.7750000e+02;-7.9662547e-02;2.7750000e+02;-1.2217683e-01;2.7750000e+02;-6.4618945e-02;2.7750000e+02;-3.1034514e-02;2.7750000e+02;2.2351071e-02;2.7750000e+02;8.8510737e-02;2.7750000e+02;1.7575336e-01;2.7750000e+02;2.6043096e-01;2.7750000e+02;2.8690541e-01;2.7750000e+02;2.5489229e-01;2.7750000e+02;1.9561926e-01;2.7750000e+02;2.1863744e-01;2.7750000e+02;1.9382963e-01;2.7750000e+02;1.4854050e-01;2.7750000e+02;9.8809406e-02;2.7750000e+02;5.5278670e-02;2.7750000e+02;8.2607120e-03;2.7750000e+02;-3.4169771e-02;2.7750000e+02;-7.9662547e-02;2.7750000e+02;-1.2217683e-01;2.7750000e+02;-6.4618945e-02;2.7750000e+02;-3.1034514e-02;2.7750000e+02;2.2351071e-02;2.7750000e+02;8.8510737e-02;2.7750000e+02;1.7575336e-01;2.7750000e+02;2.6043096e-01;2.7750000e+02;2.8690541e-01;2.7750000e+02;2.5489229e-01;2.7750000e+02;1.9561926e-01;2.7750000e+02;2.1863744e-01;2.7750000e+02;1.9382963e-01;2.7750000e+02;1.4854050e-01;2.7750000e+02;9.8809406e-02;2.7750000e+02;5.5278670e-02;2.7750000e+02;8.2607120e-03;2.7750000e+02;-3.4169771e-02;2.7750000e+02;-7.9662547e-02;2.7750000e+02;-1.2217683e-01;2.7750000e+02;-6.4618945e-02;2.7750000e+02;-3.1034514e-02;2.7750000e+02;2.2351071e-02;2.7750000e+02;8.8510737e-02;2.7750000e+02;1.7575336e-01;2.7750000e+02;2.6043096e-01;2.7750000e+02;2.8690541e-01;2.7750000e+02;2.5489229e-01;2.7750000e+02;1.9561926e-01;2.7750000e+02;2.1863744e-01;2.7750000e+02;1.9382963e-01;2.7750000e+02;1.4854050e-01;2.7750000e+02;9.8809406e-02;2.7750000e+02;5.5278670e-02;2.7750000e+02;8.2607120e-03;2.7750000e+02;-3.4169771e-02;2.7750000e+02;-7.9662547e-02;2.7750000e+02;-1.2217683e-01;2.7750000e+02;-6.4618945e-02;2.7750000e+02;-3.1034514e-02;2.7750000e+02;2.2351071e-02;2.7750000e+02;8.8510737e-02;2.7750000e+02;1.7575336e-01;2.7750000e+02;2.6043096e-01;2.7750000e+02;2.8690541e-01;2.7750000e+02;2.5489229e-01;2.7750000e+02;1.9561926e-01;2.7750000e+02;2.1863744e-01;2.7750000e+02;1.9382963e-01;2.7750000e+02;1.4854050e-01;2.7750000e+02;9.8809406e-02;2.7750000e+02;5.5278670e-02;2.7750000e+02;8.2607120e-03;2.7750000e+02;-3.4169771e-02;2.7750000e+02;-7.9662547e-02;2.7750000e+02;-1.2217683e-01;2.7750000e+02;-6.4618945e-02;2.7750000e+02;-3.1034514e-02;2.7750000e+02;2.2351071e-02;2.7750000e+02;8.8510737e-02;2.7750000e+02;1.7575336e-01;2.7750000e+02;2.6043096e-01;2.7750000e+02;2.8690541e-01;2.7750000e+02;2.5489229e-01;2.7750000e+02;1.9561926e-01;2.7750000e+02;2.1863744e-01;2.7750000e+02;1.9382963e-01;2.7750000e+02;1.4854050e-01;2.7750000e+02;9.8809406e-02;2.7750000e+02;5.5278670e-02;2.7750000e+02;8.2607120e-03;2.7750000e+02;-3.4169771e-02;2.7750000e+02;-7.9662547e-02;2.7750000e+02;-1.2217683e-01;2.7750000e+02;-6.4618945e-02;2.7750000e+02;-3.1034514e-02;2.7750000e+02;2.2351071e-02;2.7750000e+02;8.8510737e-02;2.7750000e+02;1.7575336e-01;2.7750000e+02;2.6043096e-01;2.7750000e+02;2.8690541e-01;2.7750000e+02;2.5489229e-01;2.7750000e+02;1.9561926e-01;2.7750000e+02;2.1863744e-01;2.7750000e+02;1.9382963e-01;2.7750000e+02;1.4854050e-01;2.7750000e+02;9.8809406e-02;2.7750000e+02;5.5278670e-02;2.7750000e+02;8.2607120e-03;2.7750000e+02;-3.4169771e-02;2.7750000e+02;-7.9662547e-02;2.7750000e+02;-1.2217683e-01;2.7750000e+02;-6.4618945e-02;2.7750000e+02;-3.1034514e-02;2.7750000e+02;2.2351071e-02;2.7750000e+02;8.8510737e-02;2.7750000e+02;1.7575336e-01;2.7750000e+02;2.6043096e-01;2.7750000e+02;2.8690541e-01;2.7750000e+02;2.5489229e-01;2.7750000e+02;1.9561926e-01;2.7750000e+02;2.1863744e-01;2.7750000e+02;1.9382963e-01;2.7750000e+02;1.4854050e-01;2.7750000e+02;9.8809406e-02;2.7750000e+02;5.5278670e-02;2.7750000e+02;8.2607120e-03;2.7750000e+02;-3.4169771e-02;2.7750000e+02;-7.9662547e-02;2.7750000e+02;-1.2217683e-01;2.7750000e+02;-6.4618945e-02;2.7750000e+02;-3.1034514e-02;2.7750000e+02;2.2351071e-02;2.7750000e+02;8.8510737e-02;2.7750000e+02;1.7575336e-01;2.7750000e+02;2.6043096e-01;2.7750000e+02;2.8690541e-01;2.7750000e+02;2.5489229e-01;2.7750000e+02;1.9561926e-01;2.7750000e+02;2.1863744e-01;2.7750000e+02;1.9382963e-01;2.7750000e+02;1.4854050e-01;2.7750000e+02;9.8809406e-02;2.7750000e+02;5.5278670e-02;2.7750000e+02;8.2607120e-03;2.7750000e+02;-3.4169771e-02;2.7750000e+02;-7.9662547e-02;2.7750000e+02;-1.2217683e-01;2.7750000e+02;-6.4618945e-02;2.7750000e+02;-3.1034514e-02;2.7750000e+02;2.2351071e-02;2.7750000e+02;8.8510737e-02;2.7750000e+02;1.7575336e-01;2.7750000e+02;2.6043096e-01;2.7750000e+02;2.8690541e-01;2.7750000e+02;2.5489229e-01;2.7750000e+02;1.9561926e-01;2.7750000e+02;2.1863744e-01;2.7750000e+02;1.9382963e-01;2.7750000e+02;1.4854050e-01;2.7750000e+02;9.8809406e-02;2.7750000e+02;5.5278670e-02;2.7750000e+02;8.2607120e-03;2.7750000e+02;-3.4169771e-02;2.7750000e+02;-7.9662547e-02;2.7750000e+02;-1.2217683e-01;2.7750000e+02;-6.4618945e-02;2.7750000e+02;-3.1034514e-02;2.7750000e+02;2.2351071e-02;2.7750000e+02;8.8510737e-02;2.7750000e+02;1.7575336e-01;2.7750000e+02;2.6043096e-01;2.7750000e+02;2.8690541e-01;2.7750000e+02;2.5489229e-01;2.7750000e+02;1.9561926e-01;2.7750000e+02;2.1863744e-01;2.7750000e+02;1.9382963e-01;2.7750000e+02;1.4854050e-01;2.7750000e+02;9.8809406e-02;2.7750000e+02;5.5278670e-02;2.7750000e+02;8.2607120e-03;2.7750000e+02;-3.4169771e-02;2.7750000e+02;-7.9662547e-02;2.7750000e+02;-1.2217683e-01;2.7750000e+02;-6.4618945e-02;2.7750000e+02;-3.1034514e-02;2.7750000e+02;2.2351071e-02;2.7750000e+02;8.8510737e-02;2.7750000e+02;1.7575336e-01;2.7750000e+02;2.6043096e-01;2.7750000e+02;2.8690541e-01;2.7750000e+02;2.5489229e-01;2.7750000e+02;1.9561926e-01;2.7750000e+02;2.1863744e-01;2.7750000e+02;1.9382963e-01;2.7750000e+02;1.4854050e-01;2.7750000e+02;9.8809406e-02;2.7750000e+02;5.5278670e-02;2.7750000e+02;8.2607120e-03;2.7750000e+02;-3.4169771e-02;2.7750000e+02;-7.9662547e-02;2.7750000e+02;-1.2217683e-01;2.7750000e+02;-6.4618945e-02;2.7750000e+02;-3.1034514e-02;2.7750000e+02;2.2351071e-02;2.7750000e+02;8.8510737e-02;2.7750000e+02;1.7575336e-01;2.7750000e+02;2.6043096e-01;2.7750000e+02;2.8690541e-01;2.7750000e+02;2.5489229e-01;2.7750000e+02;1.9561926e-01;2.7750000e+02;2.1863744e-01;2.7750000e+02;1.9382963e-01;2.7750000e+02;1.4854050e-01;2.7750000e+02;9.8809406e-02;2.7750000e+02;5.5278670e-02;2.7750000e+02;8.2607120e-03;2.7750000e+02;-3.4169771e-02;2.7750000e+02;-7.9662547e-02;2.7750000e+02;-1.2217683e-01;2.7750000e+02;-6.4618945e-02;2.7750000e+02;-3.1034514e-02;2.7750000e+02;2.2351071e-02;2.7750000e+02;8.8510737e-02;2.7750000e+02;1.7575336e-01;2.7750000e+02;2.6043096e-01;2.7750000e+02;2.8690541e-01;2.7750000e+02;2.5489229e-01;2.7750000e+02;1.9561926e-01;2.7750000e+02;2.1863744e-01;2.7750000e+02;1.9382963e-01;2.7750000e+02;1.4854050e-01;2.7750000e+02;9.8809406e-02;2.7750000e+02;5.5278670e-02;2.7750000e+02;8.2607120e-03;2.7750000e+02;-3.4169771e-02;2.7750000e+02;-7.9662547e-02;2.7750000e+02;-1.2217683e-01;2.7750000e+02;-6.4618945e-02;2.7750000e+02;-3.1034514e-02;2.7750000e+02;2.2351071e-02;2.7750000e+02;8.8510737e-02;2.7750000e+02;1.7575336e-01;2.7750000e+02;2.6043096e-01;2.7750000e+02;2.8690541e-01;2.7750000e+02;2.5489229e-01;2.7750000e+02;1.9561926e-01;2.7750000e+02;2.1863744e-01;2.7750000e+02;1.9382963e-01;2.7750000e+02;1.4854050e-01;2.7750000e+02;9.8809406e-02;2.7750000e+02;5.5278670e-02;2.7750000e+02;8.2607120e-03;2.7750000e+02;-3.4169771e-02;2.7750000e+02;-7.9662547e-02;2.7750000e+02;-1.2217683e-01;2.7750000e+02;-6.4618945e-02;2.7750000e+02;-3.1034514e-02;2.7750000e+02;2.2351071e-02;2.7750000e+02;8.8510737e-02;2.7750000e+02;1.7575336e-01;2.7750000e+02;2.6043096e-01;2.7750000e+02;2.8690541e-01;2.7750000e+02;2.5489229e-01;2.7750000e+02;1.9561926e-01;2.7750000e+02;2.1863744e-01;2.7750000e+02;1.9382963e-01;2.7750000e+02;1.4854050e-01;2.7750000e+02;9.8809406e-02;2.7750000e+02;5.5278670e-02;2.7750000e+02;8.2607120e-03;2.7750000e+02;-3.4169771e-02;2.7750000e+02;-7.9662547e-02;2.7750000e+02;-1.2217683e-01;2.7750000e+02;-6.4618945e-02;2.7750000e+02;-3.1034514e-02;2.7750000e+02;2.2351071e-02;2.7750000e+02;8.8510737e-02;2.7750000e+02;1.7575336e-01;2.7750000e+02;2.6043096e-01;2.7750000e+02;2.8690541e-01;2.7750000e+02;2.5489229e-01;2.7750000e+02;1.9561926e-01;2.7750000e+02;2.1863744e-01;2.7750000e+02;1.9382963e-01;2.7750000e+02;1.4854050e-01;2.7750000e+02;9.8809406e-02;2.7750000e+02;5.5278670e-02;2.7750000e+02;8.2607120e-03;2.7750000e+02;-3.4169771e-02;2.7750000e+02;-7.9662547e-02;2.7750000e+02;-1.2217683e-01;2.7750000e+02;-6.4618945e-02;2.7750000e+02;-3.1034514e-02;2.7750000e+02;2.2351071e-02;2.7750000e+02;8.8510737e-02;2.7750000e+02;1.7575336e-01;2.7750000e+02;2.6043096e-01;2.7750000e+02;2.8690541e-01;2.7750000e+02;2.5489229e-01;2.7750000e+02;1.9561926e-01;2.7750000e+02;2.1863744e-01;2.7750000e+02;1.9382963e-01;2.7750000e+02;1.4854050e-01;2.7750000e+02;9.8809406e-02;2.7750000e+02;5.5278670e-02;2.7750000e+02;8.2607120e-03;2.7750000e+02;-3.4169771e-02;2.7750000e+02;-7.9662547e-02;2.7750000e+02;-1.2217683e-01;2.7750000e+02;-6.4618945e-02;2.7750000e+02;-3.1034514e-02;2.7750000e+02;2.2351071e-02;2.7750000e+02;8.8510737e-02;2.7750000e+02;1.7575336e-01;2.7750000e+02;2.6043096e-01;2.7750000e+02;2.8690541e-01;2.7750000e+02;2.5489229e-01;2.7750000e+02;1.9561926e-01;2.7750000e+02;2.1863744e-01;2.7750000e+02;1.9382963e-01;2.7750000e+02;1.4854050e-01;2.7750000e+02;9.8809406e-02;2.7750000e+02;5.5278670e-02;2.7750000e+02;8.2607120e-03;2.7750000e+02;-3.4169771e-02;2.7750000e+02;-7.9662547e-02;2.7750000e+02;-1.2217683e-01;2.7750000e+02;-6.4618945e-02;2.7750000e+02;-3.1034514e-02;2.7750000e+02;2.2351071e-02;2.7750000e+02;8.8510737e-02;2.7750000e+02;1.7575336e-01;2.7750000e+02;2.6043096e-01;2.7750000e+02;2.8690541e-01;2.7750000e+02;2.5489229e-01;2.7750000e+02;1.9561926e-01;2.7750000e+02;2.1863744e-01;2.7750000e+02;1.9382963e-01;2.7750000e+02;1.4854050e-01;2.7750000e+02;9.8809406e-02;2.7750000e+02;5.5278670e-02;2.7750000e+02;8.2607120e-03;2.7750000e+02;-3.4169771e-02;2.7750000e+02;-7.9662547e-02;2.7750000e+02;-1.2217683e-01;2.7750000e+02;-6.4618945e-02;2.7750000e+02;-3.1034514e-02;2.7750000e+02;2.2351071e-02;2.7750000e+02;8.8510737e-02;2.7750000e+02;1.7575336e-01;2.7750000e+02;2.6043096e-01;2.7750000e+02;2.8690541e-01;2.7750000e+02;2.5489229e-01;2.7750000e+02;1.9561926e-01;2.7750000e+02;2.1863744e-01;2.7750000e+02;1.9382963e-01;2.7750000e+02;1.4854050e-01;2.7750000e+02;9.8809406e-02;2.7750000e+02;5.5278670e-02;2.7750000e+02;8.2607120e-03;2.7750000e+02;-3.4169771e-02;2.7750000e+02;-7.9662547e-02;2.7750000e+02;-1.2217683e-01;2.7750000e+02;-6.4618945e-02;2.7750000e+02;-3.1034514e-02;2.7750000e+02;2.2351071e-02;2.7750000e+02;8.8510737e-02;2.7750000e+02;1.7575336e-01;2.7750000e+02;2.6043096e-01;2.7750000e+02;2.8690541e-01;2.7750000e+02;2.5489229e-01;2.7750000e+02;1.9561926e-01;2.7750000e+02;2.1863744e-01;2.7750000e+02;1.9382963e-01;2.7750000e+02;1.4854050e-01;2.7750000e+02;9.8809406e-02;2.7750000e+02;5.5278670e-02;2.7750000e+02;8.2607120e-03;2.7750000e+02;-3.4169771e-02;2.7750000e+02;-7.9662547e-02;2.7750000e+02;-1.2217683e-01;2.7750000e+02;-6.4618945e-02;2.7750000e+02;-3.1034514e-02;2.7750000e+02;2.2351071e-02;2.7750000e+02;8.8510737e-02;2.7750000e+02;1.7575336e-01;2.7750000e+02;2.6043096e-01;2.7750000e+02;2.8690541e-01;2.7750000e+02;2.5489229e-01;2.7750000e+02;1.9561926e-01;2.7750000e+02;2.1863744e-01;2.7750000e+02;1.9382963e-01;2.7750000e+02;1.4854050e-01;2.7750000e+02;9.8809406e-02;2.7750000e+02;5.5278670e-02;2.7750000e+02;8.2607120e-03;2.7750000e+02;-3.4169771e-02;2.7750000e+02;-7.9662547e-02;2.7750000e+02;-1.2217683e-01;2.7750000e+02;-6.4618945e-02;2.7750000e+02;-3.1034514e-02;2.7750000e+02;2.2351071e-02;2.7750000e+02;8.8510737e-02;2.7750000e+02;1.7575336e-01;2.7750000e+02;2.6043096e-01;2.7750000e+02;2.8690541e-01;2.7750000e+02;2.5489229e-01;2.7750000e+02;1.9561926e-01;2.7750000e+02;2.1863744e-01;2.7750000e+02;1.9382963e-01;2.7750000e+02;1.4854050e-01;2.7750000e+02;9.8809406e-02;2.7750000e+02;5.5278670e-02;2.7750000e+02;8.2607120e-03;2.7750000e+02;-3.4169771e-02;2.7750000e+02;-7.9662547e-02;2.7750000e+02;-1.2217683e-01;2.7750000e+02;-6.4618945e-02;2.7750000e+02;-3.1034514e-02;2.7750000e+02;2.2351071e-02;2.7750000e+02;8.8510737e-02;2.7750000e+02;1.7575336e-01;2.7750000e+02;2.6043096e-01;2.7750000e+02;2.8690541e-01;2.7750000e+02;2.5489229e-01;2.7750000e+02;1.9561926e-01;2.7750000e+02;2.1863744e-01;2.7750000e+02;1.9382963e-01;2.7750000e+02;1.4854050e-01;2.7750000e+02;9.8809406e-02;2.7750000e+02;5.5278670e-02;2.7750000e+02;8.2607120e-03;2.7750000e+02;-3.4169771e-02;2.7750000e+02;-7.9662547e-02;2.7750000e+02;-1.2217683e-01;2.7750000e+02;-6.4618945e-02;2.7750000e+02;-3.1034514e-02;2.7750000e+02;2.2351071e-02;2.7750000e+02;8.8510737e-02;2.7750000e+02;1.7575336e-01;2.7750000e+02;2.6043096e-01;2.7750000e+02;2.8690541e-01;2.7750000e+02;2.5489229e-01;2.7750000e+02;1.9561926e-01;2.7750000e+02;2.1863744e-01;2.7750000e+02;1.9382963e-01;2.7750000e+02;1.4854050e-01;2.7750000e+02;9.8809406e-02;2.7750000e+02;5.5278670e-02;2.7750000e+02;8.2607120e-03;2.7750000e+02;-3.4169771e-02;2.7750000e+02;-7.9662547e-02;2.7750000e+02;-1.2217683e-01;2.7750000e+02;-6.4618945e-02;2.7750000e+02;-3.1034514e-02;2.7750000e+02;2.2351071e-02;2.7750000e+02;8.8510737e-02;2.7750000e+02;1.7575336e-01;2.7750000e+02;2.6043096e-01;2.7750000e+02;2.8690541e-01;2.7750000e+02;2.5489229e-01;2.7750000e+02;1.9561926e-01;2.7750000e+02;2.1863744e-01;2.7750000e+02;1.9382963e-01;2.7750000e+02;1.4854050e-01;2.7750000e+02;9.8809406e-02;2.7750000e+02;5.5278670e-02;2.7750000e+02;8.2607120e-03;2.7750000e+02;-3.4169771e-02;2.7750000e+02;-7.9662547e-02;2.7750000e+02;-1.2217683e-01;2.7750000e+02;-6.4618945e-02;2.7750000e+02;-3.1034514e-02;2.7750000e+02;2.2351071e-02;2.7750000e+02;8.8510737e-02;2.7750000e+02;1.7575336e-01;2.7750000e+02;2.6043096e-01;2.7750000e+02;2.8690541e-01;2.7750000e+02;2.5489229e-01;2.7750000e+02;1.9561926e-01;2.7750000e+02;2.1863744e-01;2.7750000e+02;1.9382963e-01;2.7750000e+02;1.4854050e-01;2.7750000e+02;9.8809406e-02;2.7750000e+02;5.5278670e-02;2.7750000e+02;8.2607120e-03;2.7750000e+02;-3.4169771e-02;2.7750000e+02;-7.9662547e-02;2.7750000e+02;-1.2217683e-01;2.7750000e+02;-6.4618945e-02;2.7750000e+02;-3.1034514e-02;2.7750000e+02;2.2351071e-02;2.7750000e+02;8.8510737e-02;2.7750000e+02;1.7575336e-01;2.7750000e+02;2.6043096e-01;2.7750000e+02;2.8690541e-01;2.7750000e+02;2.5489229e-01;2.7750000e+02;1.9561926e-01;2.7750000e+02;2.1863744e-01;2.7750000e+02;1.9382963e-01;2.7750000e+02;1.4854050e-01;2.7750000e+02;9.8809406e-02;2.7750000e+02;5.5278670e-02;2.7750000e+02;8.2607120e-03;2.7750000e+02;-3.4169771e-02;2.7750000e+02;-7.9662547e-02;2.7750000e+02;-1.2217683e-01;2.7750000e+02;-6.4618945e-02;2.7750000e+02;-3.1034514e-02;2.7750000e+02;2.2351071e-02;2.7750000e+02;8.8510737e-02;2.7750000e+02;1.7575336e-01;2.7750000e+02;2.6043096e-01;2.7750000e+02;2.8690541e-01;2.7750000e+02;2.5489229e-01;2.7750000e+02;1.9561926e-01;2.7750000e+02;2.1863744e-01;2.7750000e+02;1.9382963e-01;2.7750000e+02;1.4854050e-01;2.7750000e+02;9.8809406e-02;2.7750000e+02;5.5278670e-02;2.7750000e+02;8.2607120e-03;2.7750000e+02;-3.4169771e-02;2.7750000e+02;-7.9662547e-02;2.7750000e+02;-1.2217683e-01;2.7750000e+02;-6.4618945e-02;2.7750000e+02;-3.1034514e-02;2.7750000e+02;2.2351071e-02;2.7750000e+02;8.8510737e-02;2.7750000e+02;1.7575336e-01;2.7750000e+02;2.6043096e-01;2.7750000e+02;2.8690541e-01;2.7750000e+02;2.5489229e-01;2.7750000e+02;1.9561926e-01;2.7750000e+02;2.1863744e-01;2.7750000e+02;1.9382963e-01;2.7750000e+02;1.4854050e-01;2.7750000e+02;9.8809406e-02;2.7750000e+02;5.5278670e-02;2.7750000e+02;8.2607120e-03;2.7750000e+02;-3.4169771e-02;2.7750000e+02;-7.9662547e-02;2.7750000e+02;-1.2217683e-01;2.7750000e+02;-6.4618945e-02;2.7750000e+02;-3.1034514e-02;2.7750000e+02;2.2351071e-02;2.7750000e+02;8.8510737e-02;2.7750000e+02;1.7575336e-01;2.7750000e+02;2.6043096e-01;2.7750000e+02;2.8690541e-01;2.7750000e+02;2.5489229e-01;2.7750000e+02;1.9561926e-01;2.7750000e+02;2.1863744e-01;2.7750000e+02;1.9382963e-01;2.7750000e+02;1.4854050e-01;2.7750000e+02;9.8809406e-02;2.7750000e+02;5.5278670e-02;2.7750000e+02;8.2607120e-03;2.7750000e+02;-3.4169771e-02;2.7750000e+02;-7.9662547e-02;2.7750000e+02;-1.2217683e-01;2.7750000e+02;-6.4618945e-02;2.7750000e+02;-3.1034514e-02;2.7750000e+02;2.2351071e-02;2.7750000e+02;8.8510737e-02;2.7750000e+02;1.7575336e-01;2.7750000e+02;2.6043096e-01;2.7750000e+02;2.8690541e-01;2.7750000e+02;2.5489229e-01;2.7750000e+02;1.9561926e-01;2.7750000e+02;2.1863744e-01;2.7750000e+02;1.9382963e-01;2.7750000e+02;1.4854050e-01;2.7750000e+02;9.8809406e-02;2.7750000e+02;5.5278670e-02;2.7750000e+02;8.2607120e-03;2.7750000e+02;-3.4169771e-02;2.7750000e+02;-7.9662547e-02;2.7750000e+02;-1.2217683e-01;2.7750000e+02;-6.4618945e-02;2.7750000e+02;-3.1034514e-02;2.7750000e+02;2.2351071e-02;2.7750000e+02;8.8510737e-02;2.7750000e+02;1.7575336e-01;2.7750000e+02;2.6043096e-01;2.7750000e+02;2.8690541e-01;2.7750000e+02;2.5489229e-01;2.7750000e+02;1.9561926e-01;2.7750000e+02;2.1863744e-01;2.7750000e+02;1.9382963e-01;2.7750000e+02;1.4854050e-01;2.7750000e+02;9.8809406e-02;2.7750000e+02;5.5278670e-02;2.7750000e+02;8.2607120e-03;2.7750000e+02;-3.4169771e-02;2.7750000e+02;-7.9662547e-02;2.7750000e+02;-1.2217683e-01;2.7750000e+02;-6.4618945e-02;2.7750000e+02;-3.1034514e-02;2.7750000e+02;2.2351071e-02;2.7750000e+02;8.8510737e-02;2.7750000e+02;1.7575336e-01;2.7750000e+02;2.6043096e-01;2.7750000e+02;2.8690541e-01;2.7750000e+02;2.5489229e-01;2.7750000e+02;1.9561926e-01;2.7750000e+02;2.1863744e-01;2.7750000e+02;1.9382963e-01;2.7750000e+02;1.4854050e-01;2.7750000e+02;9.8809406e-02;2.7750000e+02;5.5278670e-02;2.7750000e+02;8.2607120e-03;2.7750000e+02;-3.4169771e-02;2.7750000e+02;-7.9662547e-02;2.7750000e+02;-1.2217683e-01;2.7750000e+02;-6.4618945e-02;2.7750000e+02;-3.1034514e-02;2.7750000e+02;2.2351071e-02;2.7750000e+02;8.8510737e-02;2.7750000e+02;1.7575336e-01;2.7750000e+02;2.6043096e-01;2.7750000e+02;2.8690541e-01;2.7750000e+02;2.5489229e-01;2.7750000e+02;1.9561926e-01;2.7750000e+02;2.1863744e-01;2.7750000e+02;1.9382963e-01;2.7750000e+02;1.4854050e-01;2.7750000e+02;9.8809406e-02;2.7750000e+02;5.5278670e-02;2.7750000e+02;8.2607120e-03;2.7750000e+02;-3.4169771e-02;2.7750000e+02;-7.9662547e-02;2.7750000e+02;-1.2217683e-01;2.7750000e+02;-6.4618945e-02;2.7750000e+02;-3.1034514e-02;2.7750000e+02;2.2351071e-02;2.7750000e+02;8.8510737e-02;2.7750000e+02;1.7575336e-01;2.7750000e+02;2.6043096e-01;2.7750000e+02;2.8690541e-01;2.7750000e+02;2.5489229e-01;2.7750000e+02;1.9561926e-01;2.7750000e+02;2.1863744e-01;2.7750000e+02;1.9382963e-01;2.7750000e+02;1.4854050e-01;2.7750000e+02;9.8809406e-02;2.7750000e+02;5.5278670e-02;2.7750000e+02;8.2607120e-03;2.7750000e+02;-3.4169771e-02;2.7750000e+02;-7.9662547e-02;2.7750000e+02;-1.2217683e-01;2.7750000e+02;-6.4618945e-02;2.7750000e+02;-3.1034514e-02;2.7750000e+02;2.2351071e-02;2.7750000e+02;8.8510737e-02;2.7750000e+02;1.7575336e-01;2.7750000e+02;2.6043096e-01;2.7750000e+02;2.8690541e-01;2.7750000e+02;2.5489229e-01;2.7750000e+02;1.9561926e-01;2.7750000e+02;2.1863744e-01;2.7750000e+02;1.9382963e-01;2.7750000e+02;1.4854050e-01;2.7750000e+02;9.8809406e-02;2.7750000e+02;5.5278670e-02;2.7750000e+02;8.2607120e-03;2.7750000e+02;-3.4169771e-02;2.7750000e+02;-7.9662547e-02;2.7750000e+02;-1.2217683e-01;2.7750000e+02;-6.4618945e-02;2.7750000e+02;-3.1034514e-02;2.7750000e+02;2.2351071e-02;2.7750000e+02;8.8510737e-02;2.7750000e+02;1.7575336e-01;2.7750000e+02;2.6043096e-01;2.7750000e+02;2.8690541e-01;2.7750000e+02;2.5489229e-01;2.7750000e+02;1.9561926e-01;2.7750000e+02;2.1863744e-01;2.7750000e+02;1.9382963e-01;2.7750000e+02;1.4854050e-01;2.7750000e+02;9.8809406e-02;2.7750000e+02;5.5278670e-02;2.7750000e+02;8.2607120e-03;2.7750000e+02;-3.4169771e-02;2.7750000e+02;-7.9662547e-02;2.7750000e+02;-1.2217683e-01;2.7750000e+02;-6.4618945e-02;2.7750000e+02;-3.1034514e-02;2.7750000e+02;2.2351071e-02;2.7750000e+02;8.8510737e-02;2.7750000e+02;1.7575336e-01;2.7750000e+02;2.6043096e-01;2.7750000e+02;2.8690541e-01;2.7750000e+02;2.5489229e-01;2.7750000e+02;1.9561926e-01;2.7750000e+02;2.1863744e-01;2.7750000e+02;1.9382963e-01;2.7750000e+02;1.4854050e-01;2.7750000e+02;9.8809406e-02;2.7750000e+02;5.5278670e-02;2.7750000e+02;8.2607120e-03;2.7750000e+02;-3.4169771e-02;2.7750000e+02;-7.9662547e-02;2.7750000e+02;-1.2217683e-01;2.7750000e+02;-6.4618945e-02;2.7750000e+02;-3.1034514e-02;2.7750000e+02;2.2351071e-02;2.7750000e+02;8.8510737e-02;2.7750000e+02;1.7575336e-01;2.7750000e+02;2.6043096e-01;2.7750000e+02;2.8690541e-01;2.7750000e+02;2.5489229e-01;2.7750000e+02;1.9561926e-01;2.7750000e+02;2.1863744e-01;2.7750000e+02;1.9382963e-01;2.7750000e+02;1.4854050e-01;2.7750000e+02;9.8809406e-02;2.7750000e+02;5.5278670e-02;2.7750000e+02;8.2607120e-03;2.7750000e+02;-3.4169771e-02;2.7750000e+02;-7.9662547e-02;2.7750000e+02;-1.2217683e-01;2.7750000e+02;-6.4618945e-02;2.7750000e+02;-3.1034514e-02;2.7750000e+02;2.2351071e-02;2.7750000e+02;8.8510737e-02;2.7750000e+02;1.7575336e-01;2.7750000e+02;2.6043096e-01;2.7750000e+02;2.8690541e-01;2.7750000e+02;2.5489229e-01;2.7750000e+02;1.9561926e-01;2.7750000e+02;2.1863744e-01;2.7750000e+02;1.9382963e-01;2.7750000e+02;1.4854050e-01;2.7750000e+02;9.8809406e-02;2.7750000e+02;5.5278670e-02;2.7750000e+02;8.2607120e-03;2.7750000e+02;-3.4169771e-02;2.7750000e+02;-7.9662547e-02;2.7750000e+02;-1.2217683e-01;2.7750000e+02;-6.4618945e-02;2.7750000e+02;-3.1034514e-02;2.7750000e+02;2.2351071e-02;2.7750000e+02;8.8510737e-02;2.7750000e+02;1.7575336e-01;2.7750000e+02;2.6043096e-01;2.7750000e+02;2.8690541e-01;2.7750000e+02;2.5489229e-01;2.7750000e+02;1.9561926e-01;2.7750000e+02;2.1863744e-01;2.7750000e+02;1.9382963e-01;2.7750000e+02;1.4854050e-01;2.7750000e+02;9.8809406e-02;2.7750000e+02;5.5278670e-02;2.7750000e+02;8.2607120e-03;2.7750000e+02;-3.4169771e-02;2.7750000e+02;-7.9662547e-02;2.7750000e+02;-1.2217683e-01;2.7750000e+02;-6.4618945e-02;2.7750000e+02;-3.1034514e-02;2.7750000e+02;2.2351071e-02;2.7750000e+02;8.8510737e-02;2.7750000e+02;1.7575336e-01;2.7750000e+02;2.6043096e-01;2.7750000e+02;2.8690541e-01;2.7750000e+02;2.5489229e-01;2.7750000e+02;1.9561926e-01;2.7750000e+02;2.1863744e-01;2.7750000e+02;1.9382963e-01;2.7750000e+02;1.4854050e-01;2.7750000e+02;9.8809406e-02;2.7750000e+02;5.5278670e-02;2.7750000e+02;8.2607120e-03;2.7750000e+02;-3.4169771e-02;2.7750000e+02;-7.9662547e-02;2.7750000e+02;-1.2217683e-01;2.7750000e+02;-6.4618945e-02;2.7750000e+02;-3.1034514e-02;2.7750000e+02;2.2351071e-02;2.7750000e+02;8.8510737e-02;2.7750000e+02;1.7575336e-01;2.7750000e+02;2.6043096e-01;2.7750000e+02;2.8690541e-01;2.7750000e+02;2.5489229e-01;2.7750000e+02;1.9561926e-01;2.7750000e+02;2.1863744e-01;2.7750000e+02;1.9382963e-01;2.7750000e+02;1.4854050e-01;2.7750000e+02;9.8809406e-02;2.7750000e+02;5.5278670e-02;2.7750000e+02;8.2607120e-03;2.7750000e+02;-3.4169771e-02;2.7750000e+02;-7.9662547e-02;2.7750000e+02;-1.2217683e-01;2.7750000e+02;-6.4618945e-02;2.7750000e+02;-3.1034514e-02;2.7750000e+02;2.2351071e-02;2.7750000e+02;8.8510737e-02;2.7750000e+02;1.7575336e-01;2.7750000e+02;2.6043096e-01;2.7750000e+02;2.8690541e-01;2.7750000e+02;2.5489229e-01;2.7750000e+02;1.9561926e-01;2.7750000e+02;2.1863744e-01;2.7750000e+02;1.9382963e-01;2.7750000e+02;1.4854050e-01;2.7750000e+02;9.8809406e-02;2.7750000e+02;5.5278670e-02;2.7750000e+02;8.2607120e-03;2.7750000e+02;-3.4169771e-02;2.7750000e+02;-7.9662547e-02;2.7750000e+02;-1.2217683e-01;2.7750000e+02;-6.4618945e-02;2.7750000e+02;-3.1034514e-02;2.7750000e+02;2.2351071e-02;2.7750000e+02;8.8510737e-02;2.7750000e+02;1.7575336e-01;2.7750000e+02;2.6043096e-01;2.7750000e+02;2.8690541e-01;2.7750000e+02;2.5489229e-01;2.7750000e+02;1.9561926e-01;2.7750000e+02;2.1863744e-01;2.7750000e+02;1.9382963e-01;2.7750000e+02;1.4854050e-01;2.7750000e+02;9.8809406e-02;2.7750000e+02;5.5278670e-02;2.7750000e+02;8.2607120e-03;2.7750000e+02;-3.4169771e-02;2.7750000e+02;-7.9662547e-02;2.7750000e+02;-1.2217683e-01;2.7750000e+02;-6.4618945e-02;2.7750000e+02;-3.1034514e-02;2.7750000e+02;2.2351071e-02;2.7750000e+02;8.8510737e-02;2.7750000e+02;1.7575336e-01;2.7750000e+02;2.6043096e-01;2.7750000e+02;2.8690541e-01;2.7750000e+02;2.5489229e-01;2.7750000e+02;1.9561926e-01;2.7750000e+02;2.1863744e-01;2.7750000e+02;1.9382963e-01;2.7750000e+02;1.4854050e-01;2.7750000e+02;9.8809406e-02;2.7750000e+02;5.5278670e-02;2.7750000e+02;8.2607120e-03;2.7750000e+02;-3.4169771e-02;2.7750000e+02;-7.9662547e-02;2.7750000e+02;-1.2217683e-01;2.7750000e+02;-6.4618945e-02;2.7750000e+02;-3.1034514e-02;2.7750000e+02;2.2351071e-02;2.7750000e+02;8.8510737e-02;2.7750000e+02;1.7575336e-01;2.7750000e+02;2.6043096e-01;2.7750000e+02;2.8690541e-01;2.7750000e+02;2.5489229e-01;2.7750000e+02;1.9561926e-01;2.7750000e+02;2.1863744e-01;2.7750000e+02;1.9382963e-01;2.7750000e+02;1.4854050e-01;2.7750000e+02;9.8809406e-02;2.7750000e+02;5.5278670e-02;2.7750000e+02;8.2607120e-03;2.7750000e+02;-3.4169771e-02;2.7750000e+02;-7.9662547e-02;2.7750000e+02;-1.2217683e-01;2.7750000e+02;-6.4618945e-02;2.7750000e+02;-3.1034514e-02;2.7750000e+02;2.2351071e-02;2.7750000e+02;8.8510737e-02;2.7750000e+02;1.7575336e-01;2.7750000e+02;2.6043096e-01;2.7750000e+02;2.8690541e-01;2.7750000e+02;2.5489229e-01;2.7750000e+02;1.9561926e-01;2.7750000e+02;2.1863744e-01;2.7750000e+02;1.9382963e-01;2.7750000e+02;1.4854050e-01;2.7750000e+02;9.8809406e-02;2.7750000e+02;5.5278670e-02;2.7750000e+02;8.2607120e-03;2.7750000e+02;-3.4169771e-02;2.7750000e+02;-7.9662547e-02;2.7750000e+02;-1.2217683e-01;2.7750000e+02;-6.4618945e-02;2.7750000e+02;-3.1034514e-02;2.7750000e+02;2.2351071e-02;2.7750000e+02;8.8510737e-02;2.7750000e+02;1.7575336e-01;2.7750000e+02;2.6043096e-01;2.7750000e+02;2.8690541e-01;2.7750000e+02;2.5489229e-01;2.7750000e+02;1.9561926e-01;2.7750000e+02;2.1863744e-01;2.7750000e+02;1.9382963e-01;2.7750000e+02;1.4854050e-01;2.7750000e+02;9.8809406e-02;2.7750000e+02;5.5278670e-02;2.7750000e+02;8.2607120e-03;2.7750000e+02;-3.4169771e-02;2.7750000e+02;-7.9662547e-02;2.7750000e+02;-1.2217683e-01;2.7750000e+02;-6.4618945e-02;2.7750000e+02;-3.1034514e-02;2.7750000e+02;2.2351071e-02;2.7750000e+02;8.8510737e-02;2.7750000e+02;1.7575336e-01;2.7750000e+02;2.6043096e-01;2.7750000e+02;2.8690541e-01;2.7750000e+02;2.5489229e-01;2.7750000e+02;1.9561926e-01;2.7750000e+02;2.1863744e-01;2.7750000e+02;1.9382963e-01;2.7750000e+02;1.4854050e-01;2.7750000e+02;9.8809406e-02;2.7750000e+02;5.5278670e-02;2.7750000e+02;8.2607120e-03;2.7750000e+02;-3.4169771e-02;2.7750000e+02;-7.9662547e-02;2.7750000e+02;-1.2217683e-01;2.7750000e+02;-6.4618945e-02;2.7750000e+02;-3.1034514e-02;2.7750000e+02;2.2351071e-02;2.7750000e+02;8.8510737e-02;2.7750000e+02;1.7575336e-01;2.7750000e+02;2.6043096e-01;2.7750000e+02;2.8690541e-01;2.7750000e+02;2.5489229e-01;2.7750000e+02;1.9561926e-01;2.7750000e+02;2.1863744e-01;2.7750000e+02;1.9382963e-01;2.7750000e+02;1.4854050e-01;2.7750000e+02;9.8809406e-02;2.7750000e+02;5.5278670e-02;2.7750000e+02;8.2607120e-03;2.7750000e+02;-3.4169771e-02;2.7750000e+02;-7.9662547e-02;2.7750000e+02;-1.2217683e-01;2.7750000e+02;-6.4618945e-02;2.7750000e+02;-3.1034514e-02;2.7750000e+02;2.2351071e-02;2.7750000e+02;8.8510737e-02;2.7750000e+02;1.7575336e-01;2.7750000e+02;2.6043096e-01;2.7750000e+02;2.8690541e-01;2.7750000e+02;2.5489229e-01;2.7750000e+02;1.9561926e-01;2.7750000e+02;2.1863744e-01;2.7750000e+02;1.9382963e-01;2.7750000e+02;1.4854050e-01;2.7750000e+02;9.8809406e-02;2.7750000e+02;5.5278670e-02;2.7750000e+02;8.2607120e-03;2.7750000e+02;-3.4169771e-02;2.7750000e+02;-7.9662547e-02;2.7750000e+02;-1.2217683e-01;2.7750000e+02;-6.4618945e-02;2.7750000e+02;-3.1034514e-02;2.7750000e+02;2.2351071e-02;2.7750000e+02;8.8510737e-02;2.7750000e+02;1.7575336e-01;2.7750000e+02;2.6043096e-01;2.7750000e+02;2.8690541e-01;2.7750000e+02;2.5489229e-01;2.7750000e+02;1.9561926e-01;2.7750000e+02;2.1863744e-01;2.7750000e+02;1.9382963e-01;2.7750000e+02;1.4854050e-01;2.7750000e+02;9.8809406e-02;2.7750000e+02;5.5278670e-02;2.7750000e+02;8.2607120e-03;2.7750000e+02;-3.4169771e-02;2.7750000e+02;-7.9662547e-02;2.7750000e+02;-1.2217683e-01;2.7750000e+02;-6.4618945e-02;2.7750000e+02;-3.1034514e-02;2.7750000e+02;2.2351071e-02;2.7750000e+02;8.8510737e-02;2.7750000e+02;1.7575336e-01;2.7750000e+02;2.6043096e-01;2.7750000e+02;2.8690541e-01;2.7750000e+02;2.5489229e-01;2.7750000e+02;1.9561926e-01;2.7750000e+02;2.1863744e-01;2.7750000e+02;1.9382963e-01;2.7750000e+02;1.4854050e-01;2.7750000e+02;9.8809406e-02;2.7750000e+02;5.5278670e-02;2.7750000e+02;8.2607120e-03;2.7750000e+02;-3.4169771e-02;2.7750000e+02;-7.9662547e-02;2.7750000e+02;-1.2217683e-01;2.7750000e+02;-6.4618945e-02;2.7750000e+02;-3.1034514e-02;2.7750000e+02;2.2351071e-02;2.7750000e+02;8.8510737e-02;2.7750000e+02;1.7575336e-01;2.7750000e+02;2.6043096e-01;2.7750000e+02;2.8690541e-01;2.7750000e+02;2.5489229e-01;2.7750000e+02;1.9561926e-01;2.7750000e+02;2.1863744e-01;2.7750000e+02;1.9382963e-01;2.7750000e+02;1.4854050e-01;2.7750000e+02;9.8809406e-02;2.7750000e+02;5.5278670e-02;2.7750000e+02;8.2607120e-03;2.7750000e+02;-3.4169771e-02;2.7750000e+02;-7.9662547e-02;2.7750000e+02;-1.2217683e-01;2.7750000e+02;-6.4618945e-02;2.7750000e+02;-3.1034514e-02;2.7750000e+02;2.2351071e-02;2.7750000e+02;8.8510737e-02;2.7750000e+02;1.7575336e-01;2.7750000e+02;2.6043096e-01;2.7750000e+02;2.8690541e-01;2.7750000e+02;2.5489229e-01;2.7750000e+02;1.9561926e-01;2.7750000e+02;2.1863744e-01;2.7750000e+02;1.9382963e-01;2.7750000e+02;1.4854050e-01;2.7750000e+02;9.8809406e-02;2.7750000e+02;5.5278670e-02;2.7750000e+02;8.2607120e-03;2.7750000e+02;-3.4169771e-02;2.7750000e+02;-7.9662547e-02;2.7750000e+02;-1.2217683e-01;2.7750000e+02;-6.4618945e-02;2.7750000e+02;-3.1034514e-02;2.7750000e+02;2.2351071e-02;2.7750000e+02;8.8510737e-02;2.7750000e+02;1.7575336e-01;2.7750000e+02;2.6043096e-01;2.7750000e+02;2.8690541e-01;2.7750000e+02;2.5489229e-01;2.7750000e+02;1.9561926e-01;2.7750000e+02;2.1863744e-01;2.7750000e+02;1.9382963e-01;2.7750000e+02;1.4854050e-01;2.7750000e+02;9.8809406e-02;2.7750000e+02;5.5278670e-02;2.7750000e+02;8.2607120e-03;2.7750000e+02;-3.4169771e-02;2.7750000e+02;-7.9662547e-02;2.7750000e+02;-1.2217683e-01;2.7750000e+02;-6.4618945e-02;2.7750000e+02;-3.1034514e-02;2.7750000e+02;2.2351071e-02;2.7750000e+02;8.8510737e-02;2.7750000e+02;1.7575336e-01;2.7750000e+02;2.6043096e-01;2.7750000e+02;2.8690541e-01;2.7750000e+02;2.5489229e-01;2.7750000e+02;1.9561926e-01;2.7750000e+02;2.1863744e-01;2.7750000e+02;1.9382963e-01;2.7750000e+02;1.4854050e-01;2.7750000e+02;9.8809406e-02;2.7750000e+02;5.5278670e-02;2.7750000e+02;8.2607120e-03;2.7750000e+02;-3.4169771e-02;2.7750000e+02;-7.9662547e-02;2.7750000e+02;-1.2217683e-01;2.7750000e+02;-6.4618945e-02;2.7750000e+02;-3.1034514e-02;2.7750000e+02;2.2351071e-02;2.7750000e+02;8.8510737e-02;2.7750000e+02;1.7575336e-01;2.7750000e+02;2.6043096e-01;2.7750000e+02;2.8690541e-01;2.7750000e+02;2.5489229e-01;2.7750000e+02;1.9561926e-01;2.7750000e+02;2.1863744e-01;2.7750000e+02;1.9382963e-01;2.7750000e+02;1.4854050e-01;2.7750000e+02;9.8809406e-02;2.7750000e+02;5.5278670e-02;2.7750000e+02;8.2607120e-03;2.7750000e+02;-3.4169771e-02;2.7750000e+02;-7.9662547e-02;2.7750000e+02;-1.2217683e-01;2.7750000e+02;-6.4618945e-02;2.7750000e+02;-3.1034514e-02;2.7750000e+02;2.2351071e-02;2.7750000e+02;8.8510737e-02;2.7750000e+02;1.7575336e-01;2.7750000e+02;2.6043096e-01;2.7750000e+02;2.8690541e-01;2.7750000e+02;2.5489229e-01;2.7750000e+02;1.9561926e-01;2.7750000e+02;2.1863744e-01;2.7750000e+02;1.9382963e-01;2.7750000e+02;1.4854050e-01;2.7750000e+02;9.8809406e-02;2.7750000e+02;5.5278670e-02;2.7750000e+02;8.2607120e-03;2.7750000e+02;-3.4169771e-02;2.7750000e+02;-7.9662547e-02;2.7750000e+02;-1.2217683e-01;2.7750000e+02;-6.4618945e-02;2.7750000e+02;-3.1034514e-02;2.7750000e+02;2.2351071e-02;2.7750000e+02;8.8510737e-02;2.7750000e+02;1.7575336e-01;2.7750000e+02;2.6043096e-01;2.7750000e+02;2.8690541e-01;2.7750000e+02;2.5489229e-01;2.7750000e+02;1.9561926e-01;2.7750000e+02;2.1863744e-01;2.7750000e+02;1.9382963e-01;2.7750000e+02;1.4854050e-01;2.7750000e+02;9.8809406e-02;2.7750000e+02;5.5278670e-02;2.7750000e+02;8.2607120e-03;2.7750000e+02;-3.4169771e-02;2.7750000e+02;-7.9662547e-02;2.7750000e+02;-1.2217683e-01;2.7750000e+02;-6.4618945e-02;2.7750000e+02;-3.1034514e-02;2.7750000e+02;2.2351071e-02;2.7750000e+02;8.8510737e-02;2.7750000e+02;1.7575336e-01;2.7750000e+02;2.6043096e-01;2.7750000e+02;2.8690541e-01;2.7750000e+02;2.5489229e-01;2.7750000e+02;1.9561926e-01;2.7750000e+02;2.1863744e-01;2.7750000e+02;1.9382963e-01;2.7750000e+02;1.4854050e-01;2.7750000e+02;9.8809406e-02;2.7750000e+02;5.5278670e-02;2.7750000e+02;8.2607120e-03;2.7750000e+02;-3.4169771e-02;2.7750000e+02;-7.9662547e-02;2.7750000e+02;-1.2217683e-01;2.7750000e+02;-6.4618945e-02;2.7750000e+02;-3.1034514e-02;2.7750000e+02;2.2351071e-02;2.7750000e+02;8.8510737e-02;2.7750000e+02;1.7575336e-01;2.7750000e+02;2.6043096e-01;2.7750000e+02;2.8690541e-01;2.7750000e+02;2.5489229e-01;2.7750000e+02;1.9561926e-01;2.7750000e+02;2.1863744e-01;2.7750000e+02;1.9382963e-01;2.7750000e+02;1.4854050e-01;2.7750000e+02;9.8809406e-02;2.7750000e+02;5.5278670e-02;2.7750000e+02;8.2607120e-03;2.7750000e+02;-3.4169771e-02;2.7750000e+02;-7.9662547e-02;2.7750000e+02;-1.2217683e-01;2.7750000e+02;-6.4618945e-02;2.7750000e+02;-3.1034514e-02;2.7750000e+02;2.2351071e-02;2.7750000e+02;8.8510737e-02;2.7750000e+02;1.7575336e-01;2.7750000e+02;2.6043096e-01;2.7750000e+02;2.8690541e-01;2.7750000e+02;2.5489229e-01;2.7750000e+02;1.9561926e-01;2.7750000e+02;2.1863744e-01;2.7750000e+02;1.9382963e-01;2.7750000e+02;1.4854050e-01;2.7750000e+02;9.8809406e-02;2.7750000e+02;5.5278670e-02;2.7750000e+02;8.2607120e-03;2.7750000e+02;-3.4169771e-02;2.7750000e+02;-7.9662547e-02;2.7750000e+02;-1.2217683e-01;2.7750000e+02;-6.4618945e-02;2.7750000e+02;-3.1034514e-02;2.7750000e+02;2.2351071e-02;2.7750000e+02;8.8510737e-02;2.7750000e+02;1.7575336e-01;2.7750000e+02;2.6043096e-01;2.7750000e+02;2.8690541e-01;2.7750000e+02;2.5489229e-01;2.7750000e+02;1.9561926e-01;2.7750000e+02;2.1863744e-01;2.7750000e+02;1.9382963e-01;2.7750000e+02;1.4854050e-01;2.7750000e+02;9.8809406e-02;2.7750000e+02;5.5278670e-02;2.7750000e+02;8.2607120e-03;2.7750000e+02;-3.4169771e-02;2.7750000e+02;-7.9662547e-02;2.7750000e+02;-1.2217683e-01;2.7750000e+02;-6.4618945e-02;2.7750000e+02;-3.1034514e-02;2.7750000e+02;2.2351071e-02;2.7750000e+02;8.8510737e-02;2.7750000e+02;1.7575336e-01;2.7750000e+02;2.6043096e-01;2.7750000e+02;2.8690541e-01;2.7750000e+02;2.5489229e-01;2.7750000e+02;1.9561926e-01;2.7750000e+02;2.1863744e-01;2.7750000e+02;1.9382963e-01;2.7750000e+02;1.4854050e-01;2.7750000e+02;9.8809406e-02;2.7750000e+02;5.5278670e-02;2.7750000e+02;8.2607120e-03;2.7750000e+02;-3.4169771e-02;2.7750000e+02;-7.9662547e-02;2.7750000e+02;-1.2217683e-01;2.7750000e+02;-6.4618945e-02;2.7750000e+02;-3.1034514e-02;2.7750000e+02;2.2351071e-02;2.7750000e+02;8.8510737e-02;2.7750000e+02;1.7575336e-01;2.7750000e+02;2.6043096e-01;2.7750000e+02;2.8690541e-01;2.7750000e+02;2.5489229e-01;2.7750000e+02;1.9561926e-01;2.7750000e+02;2.1863744e-01;2.7750000e+02;1.9382963e-01;2.7750000e+02;1.4854050e-01;2.7750000e+02;9.8809406e-02;2.7750000e+02;5.5278670e-02;2.7750000e+02;8.2607120e-03;2.7750000e+02;-3.4169771e-02;2.7750000e+02;-7.9662547e-02;2.7750000e+02;-1.2217683e-01;2.7750000e+02;-6.4618945e-02;2.7750000e+02;-3.1034514e-02;2.7750000e+02;2.2351071e-02;2.7750000e+02;8.8510737e-02;2.7750000e+02;1.7575336e-01;2.7750000e+02;2.6043096e-01;2.7750000e+02;2.8690541e-01;2.7750000e+02;2.5489229e-01;2.7750000e+02;1.9561926e-01;2.7750000e+02;2.1863744e-01;2.7750000e+02;1.9382963e-01;2.7750000e+02;1.4854050e-01;2.7750000e+02;9.8809406e-02;2.7750000e+02;5.5278670e-02;2.7750000e+02;8.2607120e-03;2.7750000e+02;-3.4169771e-02;2.7750000e+02;-7.9662547e-02;2.7750000e+02;-1.2217683e-01;2.7750000e+02;-6.4618945e-02;2.7750000e+02;-3.1034514e-02;2.7750000e+02;2.2351071e-02;2.7750000e+02;8.8510737e-02;2.7750000e+02;1.7575336e-01;2.7750000e+02;2.6043096e-01;2.7750000e+02;2.8690541e-01;2.7750000e+02;2.5489229e-01;2.7750000e+02;1.9561926e-01;2.7750000e+02;2.1863744e-01;2.7750000e+02;1.9382963e-01;2.7750000e+02;1.4854050e-01;2.7750000e+02;9.8809406e-02;2.7750000e+02;5.5278670e-02;2.7750000e+02;8.2607120e-03;2.7750000e+02;-3.4169771e-02;2.7750000e+02;-7.9662547e-02;2.7750000e+02;-1.2217683e-01;2.7750000e+02;-6.4618945e-02;2.7750000e+02;-3.1034514e-02;2.7750000e+02;2.2351071e-02;2.7750000e+02;8.8510737e-02;2.7750000e+02;1.7575336e-01;2.7750000e+02;2.6043096e-01;2.7750000e+02;2.8690541e-01;2.7750000e+02;2.5489229e-01;2.7750000e+02;1.9561926e-01;2.7750000e+02;2.1863744e-01;2.7750000e+02;1.9382963e-01;2.7750000e+02;1.4854050e-01;2.7750000e+02;9.8809406e-02;2.7750000e+02;5.5278670e-02;2.7750000e+02;8.2607120e-03;2.7750000e+02;-3.4169771e-02;2.7750000e+02;-7.9662547e-02;2.7750000e+02;-1.2217683e-01;2.7750000e+02;-6.4618945e-02;2.7750000e+02;-3.1034514e-02;2.7750000e+02;2.2351071e-02;2.7750000e+02;8.8510737e-02;2.7750000e+02;1.7575336e-01;2.7750000e+02;2.6043096e-01;2.7750000e+02;2.8690541e-01;2.7750000e+02;2.5489229e-01;2.7750000e+02;1.9561926e-01;2.7750000e+02;2.1863744e-01;2.7750000e+02;1.9382963e-01;2.7750000e+02;1.4854050e-01;2.7750000e+02;9.8809406e-02;2.7750000e+02;5.5278670e-02;2.7750000e+02;8.2607120e-03;2.7750000e+02;-3.4169771e-02;2.7750000e+02;-7.9662547e-02;2.7750000e+02;-1.2217683e-01;2.7750000e+02;-6.4618945e-02;2.7750000e+02;-3.1034514e-02;2.7750000e+02;2.2351071e-02;2.7750000e+02;8.8510737e-02;2.7750000e+02;1.7575336e-01;2.7750000e+02;2.6043096e-01;2.7750000e+02;2.8690541e-01;2.7750000e+02;2.5489229e-01;2.7750000e+02;1.9561926e-01;2.7750000e+02;2.1863744e-01;2.7750000e+02;1.9382963e-01;2.7750000e+02;1.4854050e-01;2.7750000e+02;9.8809406e-02;2.7750000e+02;5.5278670e-02;2.7750000e+02;8.2607120e-03;2.7750000e+02;-3.4169771e-02;2.7750000e+02;-7.9662547e-02;2.7750000e+02;-1.2217683e-01;2.7750000e+02;-6.4618945e-02;2.7750000e+02;-3.1034514e-02;2.7750000e+02;2.2351071e-02;2.7750000e+02;8.8510737e-02;2.7750000e+02;1.7575336e-01;2.7750000e+02;2.6043096e-01;2.7750000e+02;2.8690541e-01;2.7750000e+02;2.5489229e-01;2.7750000e+02;1.9561926e-01;2.7750000e+02;2.1863744e-01;2.7750000e+02;1.9382963e-01;2.7750000e+02;1.4854050e-01;2.7750000e+02;9.8809406e-02;2.7750000e+02;5.5278670e-02;2.7750000e+02;8.2607120e-03;2.7750000e+02;-3.4169771e-02;2.7750000e+02;-7.9662547e-02;2.7750000e+02;-1.2217683e-01;2.7750000e+02;-6.4618945e-02;2.7750000e+02;-3.1034514e-02;2.7750000e+02;2.2351071e-02;2.7750000e+02;8.8510737e-02;2.7750000e+02;1.7575336e-01;2.7750000e+02;2.6043096e-01;2.7750000e+02;2.8690541e-01;2.7750000e+02;2.5489229e-01;2.7750000e+02;1.9561926e-01;2.7750000e+02;2.1863744e-01;2.7750000e+02;1.9382963e-01;2.7750000e+02;1.4854050e-01;2.7750000e+02;9.8809406e-02;2.7750000e+02;5.5278670e-02;2.7750000e+02;8.2607120e-03;2.7750000e+02;-3.4169771e-02;2.7750000e+02;-7.9662547e-02;2.7750000e+02;-1.2217683e-01;2.7750000e+02;-6.4618945e-02;2.7750000e+02;-3.1034514e-02;2.7750000e+02;2.2351071e-02;2.7750000e+02;8.8510737e-02;2.7750000e+02;1.7575336e-01;2.7750000e+02;2.6043096e-01;2.7750000e+02;2.8690541e-01;2.7750000e+02;2.5489229e-01;2.7750000e+02;1.9561926e-01;2.7750000e+02;2.1863744e-01;2.7750000e+02;1.9382963e-01;2.7750000e+02;1.4854050e-01;2.7750000e+02;9.8809406e-02;2.7750000e+02;5.5278670e-02;2.7750000e+02;8.2607120e-03;2.7750000e+02;-3.4169771e-02;2.7750000e+02;-7.9662547e-02;2.7750000e+02;-1.2217683e-01;2.7750000e+02;-6.4618945e-02;2.7750000e+02;-3.1034514e-02;2.7750000e+02;2.2351071e-02;2.7750000e+02;8.8510737e-02;2.7750000e+02;1.7575336e-01;2.7750000e+02;2.6043096e-01;2.7750000e+02;2.8690541e-01;2.7750000e+02;2.5489229e-01;2.7750000e+02;1.9561926e-01;2.7750000e+02;2.1863744e-01;2.7750000e+02;1.9382963e-01;2.7750000e+02;1.4854050e-01;2.7750000e+02;9.8809406e-02;2.7750000e+02;5.5278670e-02;2.7750000e+02;8.2607120e-03;2.7750000e+02;-3.4169771e-02;2.7750000e+02;-7.9662547e-02;2.7750000e+02;-1.2217683e-01;2.7750000e+02;-6.4618945e-02;2.7750000e+02;-3.1034514e-02;2.7750000e+02;2.2351071e-02;2.7750000e+02;8.8510737e-02;2.7750000e+02;1.7575336e-01;2.7750000e+02;2.6043096e-01;2.7750000e+02;2.8690541e-01;2.7750000e+02;2.5489229e-01;2.7750000e+02;1.9561926e-01;2.7750000e+02;2.1863744e-01;2.7750000e+02;1.9382963e-01;2.7750000e+02;1.4854050e-01;2.7750000e+02;9.8809406e-02;2.7750000e+02;5.5278670e-02;2.7750000e+02;8.2607120e-03;2.7750000e+02;-3.4169771e-02;2.7750000e+02;-7.9662547e-02;2.7750000e+02;-1.2217683e-01;2.7750000e+02;-6.4618945e-02;2.7750000e+02;-3.1034514e-02;2.7750000e+02;2.2351071e-02;2.7750000e+02;8.8510737e-02;2.7750000e+02;1.7575336e-01;2.7750000e+02;2.6043096e-01;2.7750000e+02;2.8690541e-01;2.7750000e+02;2.5489229e-01;2.7750000e+02;1.9561926e-01;2.7750000e+02;2.1863744e-01;2.7750000e+02;1.9382963e-01;2.7750000e+02;1.4854050e-01;2.7750000e+02;9.8809406e-02;2.7750000e+02;5.5278670e-02;2.7750000e+02;8.2607120e-03;2.7750000e+02;-3.4169771e-02;2.7750000e+02;-7.9662547e-02;2.7750000e+02;-1.2217683e-01;2.7750000e+02;-6.4618945e-02;2.7750000e+02;-3.1034514e-02;2.7750000e+02;2.2351071e-02;2.7750000e+02;8.8510737e-02;2.7750000e+02;1.7575336e-01;2.7750000e+02;2.6043096e-01;2.7750000e+02;2.8690541e-01;2.7750000e+02;2.5489229e-01;2.7750000e+02;1.9561926e-01;2.7750000e+02;2.1863744e-01;2.7750000e+02;1.9382963e-01;2.7750000e+02;1.4854050e-01;2.7750000e+02;9.8809406e-02;2.7750000e+02;5.5278670e-02;2.7750000e+02;8.2607120e-03;2.7750000e+02;-3.4169771e-02;2.7750000e+02;-7.9662547e-02;2.7750000e+02;-1.2217683e-01;2.7750000e+02;-6.4618945e-02;2.7750000e+02;-3.1034514e-02;2.7750000e+02;2.2351071e-02;2.7750000e+02;8.8510737e-02;2.7750000e+02;1.7575336e-01;2.7750000e+02;2.6043096e-01;2.7750000e+02;2.8690541e-01;2.7750000e+02;2.5489229e-01;2.7750000e+02;1.9561926e-01;2.7750000e+02;2.1863744e-01;2.7750000e+02;1.9382963e-01;2.7750000e+02;1.4854050e-01;2.7750000e+02;9.8809406e-02;2.7750000e+02;5.5278670e-02;2.7750000e+02;8.2607120e-03;2.7750000e+02;-3.4169771e-02;2.7750000e+02;-7.9662547e-02;2.7750000e+02;-1.2217683e-01;2.7750000e+02;-6.4618945e-02;2.7750000e+02;-3.1034514e-02;2.7750000e+02;2.2351071e-02;2.7750000e+02;8.8510737e-02;2.7750000e+02;1.7575336e-01;2.7750000e+02;2.6043096e-01;2.7750000e+02;2.8690541e-01;2.7750000e+02;2.5489229e-01;2.7750000e+02;1.9561926e-01;2.7750000e+02;2.1863744e-01;2.7750000e+02;1.9382963e-01;2.7750000e+02;1.4854050e-01;2.7750000e+02;9.8809406e-02;2.7750000e+02;5.5278670e-02;2.7750000e+02;8.2607120e-03;2.7750000e+02;-3.4169771e-02;2.7750000e+02;-7.9662547e-02;2.7750000e+02;-1.2217683e-01;2.7750000e+02;-6.4618945e-02;2.7750000e+02;-3.1034514e-02;2.7750000e+02;2.2351071e-02;2.7750000e+02;8.8510737e-02;2.7750000e+02;1.7575336e-01;2.7750000e+02;2.6043096e-01;2.7750000e+02;2.8690541e-01;2.7750000e+02;2.5489229e-01;2.7750000e+02;1.9561926e-01;2.7750000e+02;2.1863744e-01;2.7750000e+02;1.9382963e-01;2.7750000e+02;1.4854050e-01;2.7750000e+02;9.8809406e-02;2.7750000e+02;5.5278670e-02;2.7750000e+02;8.2607120e-03;2.7750000e+02;-3.4169771e-02;2.7750000e+02;-7.9662547e-02;2.7750000e+02;-1.2217683e-01;2.7750000e+02;-6.4618945e-02;2.7750000e+02;-3.1034514e-02;2.7750000e+02;2.2351071e-02;2.7750000e+02;8.8510737e-02;2.7750000e+02;1.7575336e-01;2.7750000e+02;2.6043096e-01;2.7750000e+02;2.8690541e-01;2.7750000e+02;2.5489229e-01;2.7750000e+02;1.9561926e-01;2.7750000e+02;2.1863744e-01;2.7750000e+02;1.9382963e-01;2.7750000e+02;1.4854050e-01;2.7750000e+02;9.8809406e-02;2.7750000e+02;5.5278670e-02;2.7750000e+02;8.2607120e-03;2.7750000e+02;-3.4169771e-02;2.7750000e+02;-7.9662547e-02;2.7750000e+02;-1.2217683e-01;2.7750000e+02;-6.4618945e-02;2.7750000e+02;-3.1034514e-02;2.7750000e+02;2.2351071e-02;2.7750000e+02;8.8510737e-02;2.7750000e+02;1.7575336e-01;2.7750000e+02;2.6043096e-01;2.7750000e+02;2.8690541e-01;2.7750000e+02;2.5489229e-01;2.7750000e+02;1.9561926e-01;2.7750000e+02;2.1863744e-01;2.7750000e+02;1.9382963e-01;2.7750000e+02;1.4854050e-01;2.7750000e+02;9.8809406e-02;2.7750000e+02;5.5278670e-02;2.7750000e+02;8.2607120e-03;2.7750000e+02;-3.4169771e-02;2.7750000e+02;-7.9662547e-02;2.7750000e+02;-1.2217683e-01;2.7750000e+02;-6.4618945e-02;2.7750000e+02;-3.1034514e-02;2.7750000e+02;2.2351071e-02;2.7750000e+02;8.8510737e-02;2.7750000e+02;1.7575336e-01;2.7750000e+02;2.6043096e-01;2.7750000e+02;2.8690541e-01;2.7750000e+02;2.5489229e-01;2.7750000e+02;1.9561926e-01;2.7750000e+02;2.1863744e-01;2.7750000e+02;1.9382963e-01;2.7750000e+02;1.4854050e-01;2.7750000e+02;9.8809406e-02;2.7750000e+02;5.5278670e-02;2.7750000e+02;8.2607120e-03;2.7750000e+02;-3.4169771e-02;2.7750000e+02;-7.9662547e-02;2.7750000e+02;-1.2217683e-01;2.7750000e+02;-6.4618945e-02;2.7750000e+02;-3.1034514e-02;2.7750000e+02;2.2351071e-02;2.7750000e+02;8.8510737e-02;2.7750000e+02;1.7575336e-01;2.7750000e+02;2.6043096e-01;2.7750000e+02;2.8690541e-01;2.7750000e+02;2.5489229e-01;2.7750000e+02;1.9561926e-01;2.7750000e+02;2.1863744e-01;2.7750000e+02;1.9382963e-01;2.7750000e+02;1.4854050e-01;2.7750000e+02;9.8809406e-02;2.7750000e+02;5.5278670e-02;2.7750000e+02;8.2607120e-03;2.7750000e+02;-3.4169771e-02;2.7750000e+02;-7.9662547e-02;2.7750000e+02;-1.2217683e-01;2.7750000e+02;-6.4618945e-02;2.7750000e+02;-3.1034514e-02;2.7750000e+02;2.2351071e-02;2.7750000e+02;8.8510737e-02;2.7750000e+02;1.7575336e-01;2.7750000e+02;2.6043096e-01;2.7750000e+02;2.8690541e-01;2.7750000e+02;2.5489229e-01;2.7750000e+02;1.9561926e-01;2.7750000e+02;2.1863744e-01;2.7750000e+02;1.9382963e-01;2.7750000e+02;1.4854050e-01;2.7750000e+02;9.8809406e-02;2.7750000e+02;5.5278670e-02;2.7750000e+02;8.2607120e-03;2.7750000e+02;-3.4169771e-02;2.7750000e+02;-7.9662547e-02;2.7750000e+02;-1.2217683e-01;2.7750000e+02;-6.4618945e-02;2.7750000e+02;-3.1034514e-02;2.7750000e+02;2.2351071e-02;2.7750000e+02;8.8510737e-02;2.7750000e+02;1.7575336e-01;2.7750000e+02;2.6043096e-01;2.7750000e+02;2.8690541e-01;2.7750000e+02;2.5489229e-01;2.7750000e+02;1.9561926e-01;2.7750000e+02;2.1863744e-01;2.7750000e+02;1.9382963e-01;2.7750000e+02;1.4854050e-01;2.7750000e+02;9.8809406e-02;2.7750000e+02;5.5278670e-02;2.7750000e+02;8.2607120e-03;2.7750000e+02;-3.4169771e-02;2.7750000e+02;-7.9662547e-02;2.7750000e+02;-1.2217683e-01;2.7750000e+02;-6.4618945e-02;2.7750000e+02;-3.1034514e-02;2.7750000e+02;2.2351071e-02;2.7750000e+02;8.8510737e-02;2.7750000e+02;1.7575336e-01;2.7750000e+02;2.6043096e-01;2.7750000e+02;2.8690541e-01;2.7750000e+02;2.5489229e-01;2.7750000e+02;1.9561926e-01;2.7750000e+02;2.1863744e-01;2.7750000e+02;1.9382963e-01;2.7750000e+02;1.4854050e-01;2.7750000e+02;9.8809406e-02;2.7750000e+02;5.5278670e-02;2.7750000e+02;8.2607120e-03;2.7750000e+02;-3.4169771e-02;2.7750000e+02;-7.9662547e-02;2.7750000e+02;-1.2217683e-01;2.7750000e+02;-6.4618945e-02;2.7750000e+02;-3.1034514e-02;2.7750000e+02;2.2351071e-02;2.7750000e+02;8.8510737e-02;2.7750000e+02;1.7575336e-01;2.7750000e+02;2.6043096e-01;2.7750000e+02;2.8690541e-01;2.7750000e+02;2.5489229e-01;2.7750000e+02;1.9561926e-01;2.7750000e+02;2.1863744e-01;2.7750000e+02;1.9382963e-01;2.7750000e+02;1.4854050e-01;2.7750000e+02;9.8809406e-02;2.7750000e+02;5.5278670e-02;2.7750000e+02;8.2607120e-03;2.7750000e+02;-3.4169771e-02;2.7750000e+02;-7.9662547e-02;2.7750000e+02;-1.2217683e-01;2.7750000e+02;-6.4618945e-02;2.7750000e+02;-3.1034514e-02;2.7750000e+02;2.2351071e-02;2.7750000e+02;8.8510737e-02;2.7750000e+02;1.7575336e-01;2.7750000e+02;2.6043096e-01;2.7750000e+02;2.8690541e-01;2.7750000e+02;2.5489229e-01;2.7750000e+02;1.9561926e-01;2.7750000e+02;2.1863744e-01;2.7750000e+02;1.9382963e-01;2.7750000e+02;1.4854050e-01;2.7750000e+02;9.8809406e-02;2.7750000e+02;5.5278670e-02;2.7750000e+02;8.2607120e-03;2.7750000e+02;-3.4169771e-02;2.7750000e+02;-7.9662547e-02;2.7750000e+02;-1.2217683e-01;2.7750000e+02;-6.4618945e-02;2.7750000e+02;-3.1034514e-02;2.7750000e+02;2.2351071e-02;2.7750000e+02;8.8510737e-02;2.7750000e+02;1.7575336e-01;2.7750000e+02;2.6043096e-01;2.7750000e+02;2.8690541e-01;2.7750000e+02;2.5489229e-01;2.7750000e+02;1.9561926e-01;2.7750000e+02;2.1863744e-01;2.7750000e+02;1.9382963e-01;2.7750000e+02;1.4854050e-01;2.7750000e+02;9.8809406e-02;2.7750000e+02;5.5278670e-02;2.7750000e+02;8.2607120e-03;2.7750000e+02;-3.4169771e-02;2.7750000e+02;-7.9662547e-02;2.7750000e+02;-1.2217683e-01;2.7750000e+02;-6.4618945e-02;2.7750000e+02;-3.1034514e-02;2.7750000e+02;2.2351071e-02;2.7750000e+02;8.8510737e-02;2.7750000e+02;1.7575336e-01;2.7750000e+02;2.6043096e-01;2.7750000e+02;2.8690541e-01;2.7750000e+02;2.5489229e-01;2.7750000e+02;1.9561926e-01;2.7750000e+02;2.1863744e-01;2.7750000e+02;1.9382963e-01;2.7750000e+02;1.4854050e-01;2.7750000e+02;9.8809406e-02;2.7750000e+02;5.5278670e-02;2.7750000e+02;8.2607120e-03;2.7750000e+02;-3.4169771e-02;2.7750000e+02;-7.9662547e-02;2.7750000e+02;-1.2217683e-01;2.7750000e+02;-6.4618945e-02;2.7750000e+02;-3.1034514e-02;2.7750000e+02;2.2351071e-02;2.7750000e+02;8.8510737e-02;2.7750000e+02;1.7575336e-01;2.7750000e+02;2.6043096e-01;2.7750000e+02;2.8690541e-01;2.7750000e+02;2.5489229e-01;2.7750000e+02;1.9561926e-01;2.7750000e+02;2.1863744e-01;2.7750000e+02;1.9382963e-01;2.7750000e+02;1.4854050e-01;2.7750000e+02;9.8809406e-02;2.7750000e+02;5.5278670e-02;2.7750000e+02;8.2607120e-03;2.7750000e+02;-3.4169771e-02;2.7750000e+02;-7.9662547e-02;2.7750000e+02;-1.2217683e-01;2.7750000e+02;-6.4618945e-02;2.7750000e+02;-3.1034514e-02;2.7750000e+02;2.2351071e-02;2.7750000e+02;8.8510737e-02;2.7750000e+02;1.7575336e-01;2.7750000e+02;2.6043096e-01;2.7750000e+02;2.8690541e-01;2.7750000e+02;2.5489229e-01;2.7750000e+02;1.9561926e-01;2.7750000e+02;2.1863744e-01;2.7750000e+02;1.9382963e-01;2.7750000e+02;1.4854050e-01;2.7750000e+02;9.8809406e-02;2.7750000e+02;5.5278670e-02;2.7750000e+02;8.2607120e-03;2.7750000e+02;-3.4169771e-02;2.7750000e+02;-7.9662547e-02;2.7750000e+02;-1.2217683e-01;2.7750000e+02;-6.4618945e-02;2.7750000e+02;-3.1034514e-02;2.7750000e+02;2.2351071e-02;2.7750000e+02;8.8510737e-02;2.7750000e+02;1.7575336e-01;2.7750000e+02;2.6043096e-01;2.7750000e+02;2.8690541e-01;2.7750000e+02;2.5489229e-01;2.7750000e+02;1.9561926e-01;2.7750000e+02;2.1863744e-01;2.7750000e+02;1.9382963e-01;2.7750000e+02;1.4854050e-01;2.7750000e+02;9.8809406e-02;2.7750000e+02;5.5278670e-02;2.7750000e+02;8.2607120e-03;2.7750000e+02;-3.4169771e-02;2.7750000e+02;-7.9662547e-02;2.7750000e+02;-1.2217683e-01;2.7750000e+02;-6.4618945e-02;2.7750000e+02;-3.1034514e-02;2.7750000e+02;2.2351071e-02;2.7750000e+02;8.8510737e-02;2.7750000e+02;1.7575336e-01;2.7750000e+02;2.6043096e-01;2.7750000e+02;2.8690541e-01;2.7750000e+02;2.5489229e-01;2.7750000e+02;1.9561926e-01;2.7750000e+02;2.1863744e-01;2.7750000e+02;1.9382963e-01;2.7750000e+02;1.4854050e-01;2.7750000e+02;9.8809406e-02;2.7750000e+02;5.5278670e-02;2.7750000e+02;8.2607120e-03;2.7750000e+02;-3.4169771e-02;2.7750000e+02;-7.9662547e-02;2.7750000e+02;-1.2217683e-01;2.7750000e+02;-6.4618945e-02;2.7750000e+02;-3.1034514e-02;2.7750000e+02;2.2351071e-02;2.7750000e+02;8.8510737e-02;2.7750000e+02;1.7575336e-01;2.7750000e+02;2.6043096e-01;2.7750000e+02;2.8690541e-01;2.7750000e+02;2.5489229e-01;2.7750000e+02;1.9561926e-01;2.7750000e+02;2.1863744e-01;2.7750000e+02;1.9382963e-01;2.7750000e+02;1.4854050e-01;2.7750000e+02;9.8809406e-02;2.7750000e+02;5.5278670e-02;2.7750000e+02;8.2607120e-03;2.7750000e+02;-3.4169771e-02;2.7750000e+02;-7.9662547e-02;2.7750000e+02;-1.2217683e-01;2.7750000e+02;-6.4618945e-02;2.7750000e+02;-3.1034514e-02;2.7750000e+02;2.2351071e-02;2.7750000e+02;8.8510737e-02;2.7750000e+02;1.7575336e-01;2.7750000e+02;2.6043096e-01;2.7750000e+02;2.8690541e-01;2.7750000e+02;2.5489229e-01;2.7750000e+02;1.9561926e-01;2.7750000e+02;2.1863744e-01;2.7750000e+02;1.9382963e-01;2.7750000e+02;1.4854050e-01;2.7750000e+02;9.8809406e-02;2.7750000e+02;5.5278670e-02;2.7750000e+02;8.2607120e-03;2.7750000e+02;-3.4169771e-02;2.7750000e+02;-7.9662547e-02;2.7750000e+02;-1.2217683e-01;2.7750000e+02;-6.4618945e-02;2.7750000e+02;-3.1034514e-02;2.7750000e+02;2.2351071e-02;2.7750000e+02;8.8510737e-02;2.7750000e+02;1.7575336e-01;2.7750000e+02;2.6043096e-01;2.7750000e+02;2.8690541e-01;2.7750000e+02;2.5489229e-01;2.7750000e+02;1.9561926e-01;2.7750000e+02;2.1863744e-01;2.7750000e+02;1.9382963e-01;2.7750000e+02;1.4854050e-01;2.7750000e+02;9.8809406e-02;2.7750000e+02;5.5278670e-02;2.7750000e+02;8.2607120e-03;2.7750000e+02;-3.4169771e-02;2.7750000e+02;-7.9662547e-02;2.7750000e+02;-1.2217683e-01;2.7750000e+02;-6.4618945e-02;2.7750000e+02;-3.1034514e-02;2.7750000e+02;2.2351071e-02;2.7750000e+02;8.8510737e-02;2.7750000e+02;1.7575336e-01;2.7750000e+02;2.6043096e-01;2.7750000e+02;2.8690541e-01;2.7750000e+02;2.5489229e-01;2.7750000e+02;1.9561926e-01;2.7750000e+02;2.1863744e-01;2.7750000e+02;1.9382963e-01;2.7750000e+02;1.4854050e-01;2.7750000e+02;9.8809406e-02;2.7750000e+02;5.5278670e-02;2.7750000e+02;8.2607120e-03;2.7750000e+02;-3.4169771e-02;2.7750000e+02;-7.9662547e-02;2.7750000e+02;-1.2217683e-01;2.7750000e+02;-6.4618945e-02;2.7750000e+02;-3.1034514e-02;2.7750000e+02;2.2351071e-02;2.7750000e+02;8.8510737e-02;2.7750000e+02;1.7575336e-01;2.7750000e+02;2.6043096e-01;2.7750000e+02;2.8690541e-01;2.7750000e+02;2.5489229e-01;2.7750000e+02;1.9561926e-01;2.7750000e+02;2.1863744e-01;2.7750000e+02;1.9382963e-01;2.7750000e+02;1.4854050e-01;2.7750000e+02;9.8809406e-02;2.7750000e+02;5.5278670e-02;2.7750000e+02;8.2607120e-03;2.7750000e+02;-3.4169771e-02;2.7750000e+02;-7.9662547e-02;2.7750000e+02;-1.2217683e-01;2.7750000e+02;-6.4618945e-02;2.7750000e+02;-3.1034514e-02;2.7750000e+02;2.2351071e-02;2.7750000e+02;8.8510737e-02;2.7750000e+02;1.7575336e-01;2.7750000e+02;2.6043096e-01;2.7750000e+02;2.8690541e-01;2.7750000e+02;2.5489229e-01;2.7750000e+02;1.9561926e-01;2.7750000e+02;2.1863744e-01;2.7750000e+02;1.9382963e-01;2.7750000e+02;1.4854050e-01;2.7750000e+02;9.8809406e-02;2.7750000e+02;5.5278670e-02;2.7750000e+02;8.2607120e-03;2.7750000e+02;-3.4169771e-02;2.7750000e+02;-7.9662547e-02;2.7750000e+02;-1.2217683e-01;2.7750000e+02;-6.4618945e-02;2.7750000e+02;-3.1034514e-02;2.7750000e+02;2.2351071e-02;2.7750000e+02;8.8510737e-02;2.7750000e+02;1.7575336e-01;2.7750000e+02;2.6043096e-01;2.7750000e+02;2.8690541e-01;2.7750000e+02;2.5489229e-01;2.7750000e+02;1.9561926e-01;2.7750000e+02;2.1863744e-01;2.7750000e+02;1.9382963e-01;2.7750000e+02;1.4854050e-01;2.7750000e+02;9.8809406e-02;2.7750000e+02;5.5278670e-02;2.7750000e+02;8.2607120e-03;2.7750000e+02;-3.4169771e-02;2.7750000e+02;-7.9662547e-02;2.7750000e+02;-1.2217683e-01;2.7750000e+02;-6.4618945e-02;2.7750000e+02;-3.1034514e-02;2.7750000e+02;2.2351071e-02;2.7750000e+02;8.8510737e-02;2.7750000e+02;1.7575336e-01;2.7750000e+02;2.6043096e-01;2.7750000e+02;2.8690541e-01;2.7750000e+02;2.5489229e-01;2.7750000e+02;1.9561926e-01;2.7750000e+02;2.1863744e-01;2.7750000e+02;1.9382963e-01;2.7750000e+02;1.4854050e-01;2.7750000e+02;9.8809406e-02;2.7750000e+02;5.5278670e-02;2.7750000e+02;8.2607120e-03;2.7750000e+02;-3.4169771e-02;2.7750000e+02;-7.9662547e-02;2.7750000e+02;-1.2217683e-01;2.7750000e+02;-6.4618945e-02;2.7750000e+02;-3.1034514e-02;2.7750000e+02;2.2351071e-02;2.7750000e+02;8.8510737e-02;2.7750000e+02;1.7575336e-01;2.7750000e+02;2.6043096e-01;2.7750000e+02;2.8690541e-01;2.7750000e+02;2.5489229e-01;2.7750000e+02;1.9561926e-01;2.7750000e+02;2.1863744e-01;2.7750000e+02;1.9382963e-01;2.7750000e+02;1.4854050e-01;2.7750000e+02;9.8809406e-02;2.7750000e+02;5.5278670e-02;2.7750000e+02;8.2607120e-03;2.7750000e+02;-3.4169771e-02;2.7750000e+02;-7.9662547e-02;2.7750000e+02;-1.2217683e-01;2.7750000e+02;-6.4618945e-02;2.7750000e+02;-3.1034514e-02;2.7750000e+02;2.2351071e-02;2.7750000e+02;8.8510737e-02;2.7750000e+02;1.7575336e-01;2.7750000e+02;2.6043096e-01;2.7750000e+02;2.8690541e-01;2.7750000e+02;2.5489229e-01;2.7750000e+02;1.9561926e-01;2.7750000e+02;2.1863744e-01;2.7750000e+02;1.9382963e-01;2.7750000e+02;1.4854050e-01;2.7750000e+02;9.8809406e-02;2.7750000e+02;5.5278670e-02;2.7750000e+02;8.2607120e-03;2.7750000e+02;-3.4169771e-02;2.7750000e+02;-7.9662547e-02;2.7750000e+02;-1.2217683e-01;2.7750000e+02;-6.4618945e-02;2.7750000e+02;-3.1034514e-02;2.7750000e+02;2.2351071e-02;2.7750000e+02;8.8510737e-02;2.7750000e+02;1.7575336e-01;2.7750000e+02;2.6043096e-01;2.7750000e+02;2.8690541e-01;2.7750000e+02;2.5489229e-01;2.7750000e+02;1.9561926e-01;2.7750000e+02;2.1863744e-01;2.7750000e+02;1.9382963e-01;2.7750000e+02;1.4854050e-01;2.7750000e+02;9.8809406e-02;2.7750000e+02;5.5278670e-02;2.7750000e+02;8.2607120e-03;2.7750000e+02;-3.4169771e-02;2.7750000e+02;-7.9662547e-02;2.7750000e+02;-1.2217683e-01;2.7750000e+02;-6.4618945e-02;2.7750000e+02;-3.1034514e-02;2.7750000e+02;2.2351071e-02;2.7750000e+02;8.8510737e-02;2.7750000e+02;1.7575336e-01;2.7750000e+02;2.6043096e-01;2.7750000e+02;2.8690541e-01;2.7750000e+02;2.5489229e-01;2.7750000e+02;1.9561926e-01;2.7750000e+02;2.1863744e-01;2.7750000e+02;1.9382963e-01;2.7750000e+02;1.4854050e-01;2.7750000e+02;9.8809406e-02;2.7750000e+02;5.5278670e-02;2.7750000e+02;8.2607120e-03;2.7750000e+02;-3.4169771e-02;2.7750000e+02;-7.9662547e-02;2.7750000e+02;-1.2217683e-01;2.7750000e+02;-6.4618945e-02;2.7750000e+02;-3.1034514e-02;2.7750000e+02;2.2351071e-02;2.7750000e+02;8.8510737e-02;2.7750000e+02;1.7575336e-01;2.7750000e+02;2.6043096e-01;2.7750000e+02;2.8690541e-01;2.7750000e+02;2.5489229e-01;2.7750000e+02;1.9561926e-01;2.7750000e+02;2.1863744e-01;2.7750000e+02;1.9382963e-01;2.7750000e+02;1.4854050e-01;2.7750000e+02;9.8809406e-02;2.7750000e+02;5.5278670e-02;2.7750000e+02;8.2607120e-03;2.7750000e+02;-3.4169771e-02;2.7750000e+02;-7.9662547e-02;2.7750000e+02;-1.2217683e-01;2.7750000e+02;-6.4618945e-02;2.7750000e+02;-3.1034514e-02;2.7750000e+02;2.2351071e-02;2.7750000e+02;8.8510737e-02;2.7750000e+02;1.7575336e-01;2.7750000e+02;2.6043096e-01;2.7750000e+02;2.8690541e-01;2.7750000e+02;2.5489229e-01;2.7750000e+02;1.9561926e-01;2.7750000e+02;2.1863744e-01;2.7750000e+02;1.9382963e-01;2.7750000e+02;1.4854050e-01;2.7750000e+02;9.8809406e-02;2.7750000e+02;5.5278670e-02;2.7750000e+02;8.2607120e-03;2.7750000e+02;-3.4169771e-02;2.7750000e+02;-7.9662547e-02;2.7750000e+02;-1.2217683e-01;2.7750000e+02;-6.4618945e-02;2.7750000e+02;-3.1034514e-02;2.7750000e+02;2.2351071e-02;2.7750000e+02;8.8510737e-02;2.7750000e+02;1.7575336e-01;2.7750000e+02;2.6043096e-01;2.7750000e+02;2.8690541e-01;2.7750000e+02;2.5489229e-01;2.7750000e+02;1.9561926e-01;2.7750000e+02;2.1863744e-01;2.7750000e+02;1.9382963e-01;2.7750000e+02;1.4854050e-01;2.7750000e+02;9.8809406e-02;2.7750000e+02;5.5278670e-02;2.7750000e+02;8.2607120e-03;2.7750000e+02;-3.4169771e-02;2.7750000e+02;-7.9662547e-02;2.7750000e+02;-1.2217683e-01;2.7750000e+02;-6.4618945e-02;2.7750000e+02;-3.1034514e-02;2.7750000e+02;2.2351071e-02;2.7750000e+02;8.8510737e-02;2.7750000e+02;1.7575336e-01;2.7750000e+02;2.6043096e-01;2.7750000e+02;2.8690541e-01;2.7750000e+02;2.5489229e-01;2.7750000e+02;1.9561926e-01;2.7750000e+02;2.1863744e-01;2.7750000e+02;1.9382963e-01;2.7750000e+02;1.4854050e-01;2.7750000e+02;9.8809406e-02;2.7750000e+02;5.5278670e-02;2.7750000e+02;8.2607120e-03;2.7750000e+02;-3.4169771e-02;2.7750000e+02;-7.9662547e-02;2.7750000e+02;-1.2217683e-01
2.8250000e+02;-5.7975627e-02;2.8250000e+02;-2.3861110e-02;2.8250000e+02;3.7276387e-02;2.8250000e+02;1.1043534e-01;2.8250000e+02;1.9103356e-01;2.8250000e+02;2.6252362e-01;2.8250000e+02;2.9964876e-01;2.8250000e+02;2.7311778e-01;2.8250000e+02;2.1503830e-01;2.8250000e+02;2.2044325e-01;2.8250000e+02;1.9474690e-01;2.8250000e+02;1.4932647e-01;2.8250000e+02;9.8147810e-02;2.8250000e+02;5.4867260e-02;2.8250000e+02;6.0220063e-03;2.8250000e+02;-3.5330895e-02;2.8250000e+02;-7.7292822e-02;2.8250000e+02;-1.2510739e-01;2.8250000e+02;-5.7975627e-02;2.8250000e+02;-2.3861110e-02;2.8250000e+02;3.7276387e-02;2.8250000e+02;1.1043534e-01;2.8250000e+02;1.9103356e-01;2.8250000e+02;2.6252362e-01;2.8250000e+02;2.9964876e-01;2.8250000e+02;2.7311778e-01;2.8250000e+02;2.1503830e-01;2.8250000e+02;2.2044325e-01;2.8250000e+02;1.9474690e-01;2.8250000e+02;1.4932647e-01;2.8250000e+02;9.8147810e-02;2.8250000e+02;5.4867260e-02;2.8250000e+02;6.0220063e-03;2.8250000e+02;-3.5330895e-02;2.8250000e+02;-7.7292822e-02;2.8250000e+02;-1.2510739e-01;2.8250000e+02;-5.7975627e-02;2.8250000e+02;-2.3861110e-02;2.8250000e+02;3.7276387e-02;2.8250000e+02;1.1043534e-01;2.8250000e+02;1.9103356e-01;2.8250000e+02;2.6252362e-01;2.8250000e+02;2.9964876e-01;2.8250000e+02;2.7311778e-01;2.8250000e+02;2.1503830e-01;2.8250000e+02;2.2044325e-01;2.8250000e+02;1.9474690e-01;2.8250000e+02;1.4932647e-01;2.8250000e+02;9.8147810e-02;2.8250000e+02;5.4867260e-02;2.8250000e+02;6.0220063e-03;2.8250000e+02;-3.5330895e-02;2.8250000e+02;-7.7292822e-02;2.8250000e+02;-1.2510739e-01;2.8250000e+02;-5.7975627e-02;2.8250000e+02;-2.3861110e-02;2.8250000e+02;3.7276387e-02;2.8250000e+02;1.1043534e-01;2.8250000e+02;1.9103356e-01;2.8250000e+02;2.6252362e-01;2.8250000e+02;2.9964876e-01;2.8250000e+02;2.7311778e-01;2.8250000e+02;2.1503830e-01;2.8250000e+02;2.2044325e-01;2.8250000e+02;1.9474690e-01;2.8250000e+02;1.4932647e-01;2.8250000e+02;9.8147810e-02;2.8250000e+02;5.4867260e-02;2.8250000e+02;6.0220063e-03;2.8250000e+02;-3.5330895e-02;2.8250000e+02;-7.7292822e-02;2.8250000e+02;-1.2510739e-01;2.8250000e+02;-5.7975627e-02;2.8250000e+02;-2.3861110e-02;2.8250000e+02;3.7276387e-02;2.8250000e+02;1.1043534e-01;2.8250000e+02;1.9103356e-01;2.8250000e+02;2.6252362e-01;2.8250000e+02;2.9964876e-01;2.8250000e+02;2.7311778e-01;2.8250000e+02;2.1503830e-01;2.8250000e+02;2.2044325e-01;2.8250000e+02;1.9474690e-01;2.8250000e+02;1.4932647e-01;2.8250000e+02;9.8147810e-02;2.8250000e+02;5.4867260e-02;2.8250000e+02;6.0220063e-03;2.8250000e+02;-3.5330895e-02;2.8250000e+02;-7.7292822e-02;2.8250000e+02;-1.2510739e-01;2.8250000e+02;-5.7975627e-02;2.8250000e+02;-2.3861110e-02;2.8250000e+02;3.7276387e-02;2.8250000e+02;1.1043534e-01;2.8250000e+02;1.9103356e-01;2.8250000e+02;2.6252362e-01;2.8250000e+02;2.9964876e-01;2.8250000e+02;2.7311778e-01;2.8250000e+02;2.1503830e-01;2.8250000e+02;2.2044325e-01;2.8250000e+02;1.9474690e-01;2.8250000e+02;1.4932647e-01;2.8250000e+02;9.8147810e-02;2.8250000e+02;5.4867260e-02;2.8250000e+02;6.0220063e-03;2.8250000e+02;-3.5330895e-02;2.8250000e+02;-7.7292822e-02;2.8250000e+02;-1.2510739e-01;2.8250000e+02;-5.7975627e-02;2.8250000e+02;-2.3861110e-02;2.8250000e+02;3.7276387e-02;2.8250000e+02;1.1043534e-01;2.8250000e+02;1.9103356e-01;2.8250000e+02;2.6252362e-01;2.8250000e+02;2.9964876e-01;2.8250000e+02;2.7311778e-01;2.8250000e+02;2.1503830e-01;2.8250000e+02;2.2044325e-01;2.8250000e+02;1.9474690e-01;2.8250000e+02;1.4932647e-01;2.8250000e+02;9.8147810e-02;2.8250000e+02;5.4867260e-02;2.8250000e+02;6.0220063e-03;2.8250000e+02;-3.5330895e-02;2.8250000e+02;-7.7292822e-02;2.8250000e+02;-1.2510739e-01;2.8250000e+02;-5.7975627e-02;2.8250000e+02;-2.3861110e-02;2.8250000e+02;3.7276387e-02;2.8250000e+02;1.1043534e-01;2.8250000e+02;1.9103356e-01;2.8250000e+02;2.6252362e-01;2.8250000e+02;2.9964876e-01;2.8250000e+02;2.7311778e-01;2.8250000e+02;2.1503830e-01;2.8250000e+02;2.2044325e-01;2.8250000e+02;1.9474690e-01;2.8250000e+02;1.4932647e-01;2.8250000e+02;9.8147810e-02;2.8250000e+02;5.4867260e-02;2.8250000e+02;6.0220063e-03;2.8250000e+02;-3.5330895e-02;2.8250000e+02;-7.7292822e-02;2.8250000e+02;-1.2510739e-01;2.8250000e+02;-5.7975627e-02;2.8250000e+02;-2.3861110e-02;2.8250000e+02;3.7276387e-02;2.8250000e+02;1.1043534e-01;2.8250000e+02;1.9103356e-01;2.8250000e+02;2.6252362e-01;2.8250000e+02;2.9964876e-01;2.8250000e+02;2.7311778e-01;2.8250000e+02;2.1503830e-01;2.8250000e+02;2.2044325e-01;2.8250000e+02;1.9474690e-01;2.8250000e+02;1.4932647e-01;2.8250000e+02;9.8147810e-02;2.8250000e+02;5.4867260e-02;2.8250000e+02;6.0220063e-03;2.8250000e+02;-3.5330895e-02;2.8250000e+02;-7.7292822e-02;2.8250000e+02;-1.2510739e-01;2.8250000e+02;-5.7975627e-02;2.8250000e+02;-2.3861110e-02;2.8250000e+02;3.7276387e-02;2.8250000e+02;1.1043534e-01;2.8250000e+02;1.9103356e-01;2.8250000e+02;2.6252362e-01;2.8250000e+02;2.9964876e-01;2.8250000e+02;2.7311778e-01;2.8250000e+02;2.1503830e-01;2.8250000e+02;2.2044325e-01;2.8250000e+02;1.9474690e-01;2.8250000e+02;1.4932647e-01;2.8250000e+02;9.8147810e-02;2.8250000e+02;5.4867260e-02;2.8250000e+02;6.0220063e-03;2.8250000e+02;-3.5330895e-02;2.8250000e+02;-7.7292822e-02;2.8250000e+02;-1.2510739e-01;2.8250000e+02;-5.7975627e-02;2.8250000e+02;-2.3861110e-02;2.8250000e+02;3.7276387e-02;2.8250000e+02;1.1043534e-01;2.8250000e+02;1.9103356e-01;2.8250000e+02;2.6252362e-01;2.8250000e+02;2.9964876e-01;2.8250000e+02;2.7311778e-01;2.8250000e+02;2.1503830e-01;2.8250000e+02;2.2044325e-01;2.8250000e+02;1.9474690e-01;2.8250000e+02;1.4932647e-01;2.8250000e+02;9.8147810e-02;2.8250000e+02;5.4867260e-02;2.8250000e+02;6.0220063e-03;2.8250000e+02;-3.5330895e-02;2.8250000e+02;-7.7292822e-02;2.8250000e+02;-1.2510739e-01;2.8250000e+02;-5.7975627e-02;2.8250000e+02;-2.3861110e-02;2.8250000e+02;3.7276387e-02;2.8250000e+02;1.1043534e-01;2.8250000e+02;1.9103356e-01;2.8250000e+02;2.6252362e-01;2.8250000e+02;2.9964876e-01;2.8250000e+02;2.7311778e-01;2.8250000e+02;2.1503830e-01;2.8250000e+02;2.2044325e-01;2.8250000e+02;1.9474690e-01;2.8250000e+02;1.4932647e-01;2.8250000e+02;9.8147810e-02;2.8250000e+02;5.4867260e-02;2.8250000e+02;6.0220063e-03;2.8250000e+02;-3.5330895e-02;2.8250000e+02;-7.7292822e-02;2.8250000e+02;-1.2510739e-01;2.8250000e+02;-5.7975627e-02;2.8250000e+02;-2.3861110e-02;2.8250000e+02;3.7276387e-02;2.8250000e+02;1.1043534e-01;2.8250000e+02;1.9103356e-01;2.8250000e+02;2.6252362e-01;2.8250000e+02;2.9964876e-01;2.8250000e+02;2.7311778e-01;2.8250000e+02;2.1503830e-01;2.8250000e+02;2.2044325e-01;2.8250000e+02;1.9474690e-01;2.8250000e+02;1.4932647e-01;2.8250000e+02;9.8147810e-02;2.8250000e+02;5.4867260e-02;2.8250000e+02;6.0220063e-03;2.8250000e+02;-3.5330895e-02;2.8250000e+02;-7.7292822e-02;2.8250000e+02;-1.2510739e-01;2.8250000e+02;-5.7975627e-02;2.8250000e+02;-2.3861110e-02;2.8250000e+02;3.7276387e-02;2.8250000e+02;1.1043534e-01;2.8250000e+02;1.9103356e-01;2.8250000e+02;2.6252362e-01;2.8250000e+02;2.9964876e-01;2.8250000e+02;2.7311778e-01;2.8250000e+02;2.1503830e-01;2.8250000e+02;2.2044325e-01;2.8250000e+02;1.9474690e-01;2.8250000e+02;1.4932647e-01;2.8250000e+02;9.8147810e-02;2.8250000e+02;5.4867260e-02;2.8250000e+02;6.0220063e-03;2.8250000e+02;-3.5330895e-02;2.8250000e+02;-7.7292822e-02;2.8250000e+02;-1.2510739e-01;2.8250000e+02;-5.7975627e-02;2.8250000e+02;-2.3861110e-02;2.8250000e+02;3.7276387e-02;2.8250000e+02;1.1043534e-01;2.8250000e+02;1.9103356e-01;2.8250000e+02;2.6252362e-01;2.8250000e+02;2.9964876e-01;2.8250000e+02;2.7311778e-01;2.8250000e+02;2.1503830e-01;2.8250000e+02;2.2044325e-01;2.8250000e+02;1.9474690e-01;2.8250000e+02;1.4932647e-01;2.8250000e+02;9.8147810e-02;2.8250000e+02;5.4867260e-02;2.8250000e+02;6.0220063e-03;2.8250000e+02;-3.5330895e-02;2.8250000e+02;-7.7292822e-02;2.8250000e+02;-1.2510739e-01;2.8250000e+02;-5.7975627e-02;2.8250000e+02;-2.3861110e-02;2.8250000e+02;3.7276387e-02;2.8250000e+02;1.1043534e-01;2.8250000e+02;1.9103356e-01;2.8250000e+02;2.6252362e-01;2.8250000e+02;2.9964876e-01;2.8250000e+02;2.7311778e-01;2.8250000e+02;2.1503830e-01;2.8250000e+02;2.2044325e-01;2.8250000e+02;1.9474690e-01;2.8250000e+02;1.4932647e-01;2.8250000e+02;9.8147810e-02;2.8250000e+02;5.4867260e-02;2.8250000e+02;6.0220063e-03;2.8250000e+02;-3.5330895e-02;2.8250000e+02;-7.7292822e-02;2.8250000e+02;-1.2510739e-01;2.8250000e+02;-5.7975627e-02;2.8250000e+02;-2.3861110e-02;2.8250000e+02;3.7276387e-02;2.8250000e+02;1.1043534e-01;2.8250000e+02;1.9103356e-01;2.8250000e+02;2.6252362e-01;2.8250000e+02;2.9964876e-01;2.8250000e+02;2.7311778e-01;2.8250000e+02;2.1503830e-01;2.8250000e+02;2.2044325e-01;2.8250000e+02;1.9474690e-01;2.8250000e+02;1.4932647e-01;2.8250000e+02;9.8147810e-02;2.8250000e+02;5.4867260e-02;2.8250000e+02;6.0220063e-03;2.8250000e+02;-3.5330895e-02;2.8250000e+02;-7.7292822e-02;2.8250000e+02;-1.2510739e-01;2.8250000e+02;-5.7975627e-02;2.8250000e+02;-2.3861110e-02;2.8250000e+02;3.7276387e-02;2.8250000e+02;1.1043534e-01;2.8250000e+02;1.9103356e-01;2.8250000e+02;2.6252362e-01;2.8250000e+02;2.9964876e-01;2.8250000e+02;2.7311778e-01;2.8250000e+02;2.1503830e-01;2.8250000e+02;2.2044325e-01;2.8250000e+02;1.9474690e-01;2.8250000e+02;1.4932647e-01;2.8250000e+02;9.8147810e-02;2.8250000e+02;5.4867260e-02;2.8250000e+02;6.0220063e-03;2.8250000e+02;-3.5330895e-02;2.8250000e+02;-7.7292822e-02;2.8250000e+02;-1.2510739e-01;2.8250000e+02;-5.7975627e-02;2.8250000e+02;-2.3861110e-02;2.8250000e+02;3.7276387e-02;2.8250000e+02;1.1043534e-01;2.8250000e+02;1.9103356e-01;2.8250000e+02;2.6252362e-01;2.8250000e+02;2.9964876e-01;2.8250000e+02;2.7311778e-01;2.8250000e+02;2.1503830e-01;2.8250000e+02;2.2044325e-01;2.8250000e+02;1.9474690e-01;2.8250000e+02;1.4932647e-01;2.8250000e+02;9.8147810e-02;2.8250000e+02;5.4867260e-02;2.8250000e+02;6.0220063e-03;2.8250000e+02;-3.5330895e-02;2.8250000e+02;-7.7292822e-02;2.8250000e+02;-1.2510739e-01;2.8250000e+02;-5.7975627e-02;2.8250000e+02;-2.3861110e-02;2.8250000e+02;3.7276387e-02;2.8250000e+02;1.1043534e-01;2.8250000e+02;1.9103356e-01;2.8250000e+02;2.6252362e-01;2.8250000e+02;2.9964876e-01;2.8250000e+02;2.7311778e-01;2.8250000e+02;2.1503830e-01;2.8250000e+02;2.2044325e-01;2.8250000e+02;1.9474690e-01;2.8250000e+02;1.4932647e-01;2.8250000e+02;9.8147810e-02;2.8250000e+02;5.4867260e-02;2.8250000e+02;6.0220063e-03;2.8250000e+02;-3.5330895e-02;2.8250000e+02;-7.7292822e-02;2.8250000e+02;-1.2510739e-01;2.8250000e+02;-5.7975627e-02;2.8250000e+02;-2.3861110e-02;2.8250000e+02;3.7276387e-02;2.8250000e+02;1.1043534e-01;2.8250000e+02;1.9103356e-01;2.8250000e+02;2.6252362e-01;2.8250000e+02;2.9964876e-01;2.8250000e+02;2.7311778e-01;2.8250000e+02;2.1503830e-01;2.8250000e+02;2.2044325e-01;2.8250000e+02;1.9474690e-01;2.8250000e+02;1.4932647e-01;2.8250000e+02;9.8147810e-02;2.8250000e+02;5.4867260e-02;2.8250000e+02;6.0220063e-03;2.8250000e+02;-3.5330895e-02;2.8250000e+02;-7.7292822e-02;2.8250000e+02;-1.2510739e-01;2.8250000e+02;-5.7975627e-02;2.8250000e+02;-2.3861110e-02;2.8250000e+02;3.7276387e-02;2.8250000e+02;1.1043534e-01;2.8250000e+02;1.9103356e-01;2.8250000e+02;2.6252362e-01;2.8250000e+02;2.9964876e-01;2.8250000e+02;2.7311778e-01;2.8250000e+02;2.1503830e-01;2.8250000e+02;2.2044325e-01;2.8250000e+02;1.9474690e-01;2.8250000e+02;1.4932647e-01;2.8250000e+02;9.8147810e-02;2.8250000e+02;5.4867260e-02;2.8250000e+02;6.0220063e-03;2.8250000e+02;-3.5330895e-02;2.8250000e+02;-7.7292822e-02;2.8250000e+02;-1.2510739e-01;2.8250000e+02;-5.7975627e-02;2.8250000e+02;-2.3861110e-02;2.8250000e+02;3.7276387e-02;2.8250000e+02;1.1043534e-01;2.8250000e+02;1.9103356e-01;2.8250000e+02;2.6252362e-01;2.8250000e+02;2.9964876e-01;2.8250000e+02;2.7311778e-01;2.8250000e+02;2.1503830e-01;2.8250000e+02;2.2044325e-01;2.8250000e+02;1.9474690e-01;2.8250000e+02;1.4932647e-01;2.8250000e+02;9.8147810e-02;2.8250000e+02;5.4867260e-02;2.8250000e+02;6.0220063e-03;2.8250000e+02;-3.5330895e-02;2.8250000e+02;-7.7292822e-02;2.8250000e+02;-1.2510739e-01;2.8250000e+02;-5.7975627e-02;2.8250000e+02;-2.3861110e-02;2.8250000e+02;3.7276387e-02;2.8250000e+02;1.1043534e-01;2.8250000e+02;1.9103356e-01;2.8250000e+02;2.6252362e-01;2.8250000e+02;2.9964876e-01;2.8250000e+02;2.7311778e-01;2.8250000e+02;2.1503830e-01;2.8250000e+02;2.2044325e-01;2.8250000e+02;1.9474690e-01;2.8250000e+02;1.4932647e-01;2.8250000e+02;9.8147810e-02;2.8250000e+02;5.4867260e-02;2.8250000e+02;6.0220063e-03;2.8250000e+02;-3.5330895e-02;2.8250000e+02;-7.7292822e-02;2.8250000e+02;-1.2510739e-01;2.8250000e+02;-5.7975627e-02;2.8250000e+02;-2.3861110e-02;2.8250000e+02;3.7276387e-02;2.8250000e+02;1.1043534e-01;2.8250000e+02;1.9103356e-01;2.8250000e+02;2.6252362e-01;2.8250000e+02;2.9964876e-01;2.8250000e+02;2.7311778e-01;2.8250000e+02;2.1503830e-01;2.8250000e+02;2.2044325e-01;2.8250000e+02;1.9474690e-01;2.8250000e+02;1.4932647e-01;2.8250000e+02;9.8147810e-02;2.8250000e+02;5.4867260e-02;2.8250000e+02;6.0220063e-03;2.8250000e+02;-3.5330895e-02;2.8250000e+02;-7.7292822e-02;2.8250000e+02;-1.2510739e-01;2.8250000e+02;-5.7975627e-02;2.8250000e+02;-2.3861110e-02;2.8250000e+02;3.7276387e-02;2.8250000e+02;1.1043534e-01;2.8250000e+02;1.9103356e-01;2.8250000e+02;2.6252362e-01;2.8250000e+02;2.9964876e-01;2.8250000e+02;2.7311778e-01;2.8250000e+02;2.1503830e-01;2.8250000e+02;2.2044325e-01;2.8250000e+02;1.9474690e-01;2.8250000e+02;1.4932647e-01;2.8250000e+02;9.8147810e-02;2.8250000e+02;5.4867260e-02;2.8250000e+02;6.0220063e-03;2.8250000e+02;-3.5330895e-02;2.8250000e+02;-7.7292822e-02;2.8250000e+02;-1.2510739e-01;2.8250000e+02;-5.7975627e-02;2.8250000e+02;-2.3861110e-02;2.8250000e+02;3.7276387e-02;2.8250000e+02;1.1043534e-01;2.8250000e+02;1.9103356e-01;2.8250000e+02;2.6252362e-01;2.8250000e+02;2.9964876e-01;2.8250000e+02;2.7311778e-01;2.8250000e+02;2.1503830e-01;2.8250000e+02;2.2044325e-01;2.8250000e+02;1.9474690e-01;2.8250000e+02;1.4932647e-01;2.8250000e+02;9.8147810e-02;2.8250000e+02;5.4867260e-02;2.8250000e+02;6.0220063e-03;2.8250000e+02;-3.5330895e-02;2.8250000e+02;-7.7292822e-02;2.8250000e+02;-1.2510739e-01;2.8250000e+02;-5.7975627e-02;2.8250000e+02;-2.3861110e-02;2.8250000e+02;3.7276387e-02;2.8250000e+02;1.1043534e-01;2.8250000e+02;1.9103356e-01;2.8250000e+02;2.6252362e-01;2.8250000e+02;2.9964876e-01;2.8250000e+02;2.7311778e-01;2.8250000e+02;2.1503830e-01;2.8250000e+02;2.2044325e-01;2.8250000e+02;1.9474690e-01;2.8250000e+02;1.4932647e-01;2.8250000e+02;9.8147810e-02;2.8250000e+02;5.4867260e-02;2.8250000e+02;6.0220063e-03;2.8250000e+02;-3.5330895e-02;2.8250000e+02;-7.7292822e-02;2.8250000e+02;-1.2510739e-01;2.8250000e+02;-5.7975627e-02;2.8250000e+02;-2.3861110e-02;2.8250000e+02;3.7276387e-02;2.8250000e+02;1.1043534e-01;2.8250000e+02;1.9103356e-01;2.8250000e+02;2.6252362e-01;2.8250000e+02;2.9964876e-01;2.8250000e+02;2.7311778e-01;2.8250000e+02;2.1503830e-01;2.8250000e+02;2.2044325e-01;2.8250000e+02;1.9474690e-01;2.8250000e+02;1.4932647e-01;2.8250000e+02;9.8147810e-02;2.8250000e+02;5.4867260e-02;2.8250000e+02;6.0220063e-03;2.8250000e+02;-3.5330895e-02;2.8250000e+02;-7.7292822e-02;2.8250000e+02;-1.2510739e-01;2.8250000e+02;-5.7975627e-02;2.8250000e+02;-2.3861110e-02;2.8250000e+02;3.7276387e-02;2.8250000e+02;1.1043534e-01;2.8250000e+02;1.9103356e-01;2.8250000e+02;2.6252362e-01;2.8250000e+02;2.9964876e-01;2.8250000e+02;2.7311778e-01;2.8250000e+02;2.1503830e-01;2.8250000e+02;2.2044325e-01;2.8250000e+02;1.9474690e-01;2.8250000e+02;1.4932647e-01;2.8250000e+02;9.8147810e-02;2.8250000e+02;5.4867260e-02;2.8250000e+02;6.0220063e-03;2.8250000e+02;-3.5330895e-02;2.8250000e+02;-7.7292822e-02;2.8250000e+02;-1.2510739e-01;2.8250000e+02;-5.7975627e-02;2.8250000e+02;-2.3861110e-02;2.8250000e+02;3.7276387e-02;2.8250000e+02;1.1043534e-01;2.8250000e+02;1.9103356e-01;2.8250000e+02;2.6252362e-01;2.8250000e+02;2.9964876e-01;2.8250000e+02;2.7311778e-01;2.8250000e+02;2.1503830e-01;2.8250000e+02;2.2044325e-01;2.8250000e+02;1.9474690e-01;2.8250000e+02;1.4932647e-01;2.8250000e+02;9.8147810e-02;2.8250000e+02;5.4867260e-02;2.8250000e+02;6.0220063e-03;2.8250000e+02;-3.5330895e-02;2.8250000e+02;-7.7292822e-02;2.8250000e+02;-1.2510739e-01;2.8250000e+02;-5.7975627e-02;2.8250000e+02;-2.3861110e-02;2.8250000e+02;3.7276387e-02;2.8250000e+02;1.1043534e-01;2.8250000e+02;1.9103356e-01;2.8250000e+02;2.6252362e-01;2.8250000e+02;2.9964876e-01;2.8250000e+02;2.7311778e-01;2.8250000e+02;2.1503830e-01;2.8250000e+02;2.2044325e-01;2.8250000e+02;1.9474690e-01;2.8250000e+02;1.4932647e-01;2.8250000e+02;9.8147810e-02;2.8250000e+02;5.4867260e-02;2.8250000e+02;6.0220063e-03;2.8250000e+02;-3.5330895e-02;2.8250000e+02;-7.7292822e-02;2.8250000e+02;-1.2510739e-01;2.8250000e+02;-5.7975627e-02;2.8250000e+02;-2.3861110e-02;2.8250000e+02;3.7276387e-02;2.8250000e+02;1.1043534e-01;2.8250000e+02;1.9103356e-01;2.8250000e+02;2.6252362e-01;2.8250000e+02;2.9964876e-01;2.8250000e+02;2.7311778e-01;2.8250000e+02;2.1503830e-01;2.8250000e+02;2.2044325e-01;2.8250000e+02;1.9474690e-01;2.8250000e+02;1.4932647e-01;2.8250000e+02;9.8147810e-02;2.8250000e+02;5.4867260e-02;2.8250000e+02;6.0220063e-03;2.8250000e+02;-3.5330895e-02;2.8250000e+02;-7.7292822e-02;2.8250000e+02;-1.2510739e-01;2.8250000e+02;-5.7975627e-02;2.8250000e+02;-2.3861110e-02;2.8250000e+02;3.7276387e-02;2.8250000e+02;1.1043534e-01;2.8250000e+02;1.9103356e-01;2.8250000e+02;2.6252362e-01;2.8250000e+02;2.9964876e-01;2.8250000e+02;2.7311778e-01;2.8250000e+02;2.1503830e-01;2.8250000e+02;2.2044325e-01;2.8250000e+02;1.9474690e-01;2.8250000e+02;1.4932647e-01;2.8250000e+02;9.8147810e-02;2.8250000e+02;5.4867260e-02;2.8250000e+02;6.0220063e-03;2.8250000e+02;-3.5330895e-02;2.8250000e+02;-7.7292822e-02;2.8250000e+02;-1.2510739e-01;2.8250000e+02;-5.7975627e-02;2.8250000e+02;-2.3861110e-02;2.8250000e+02;3.7276387e-02;2.8250000e+02;1.1043534e-01;2.8250000e+02;1.9103356e-01;2.8250000e+02;2.6252362e-01;2.8250000e+02;2.9964876e-01;2.8250000e+02;2.7311778e-01;2.8250000e+02;2.1503830e-01;2.8250000e+02;2.2044325e-01;2.8250000e+02;1.9474690e-01;2.8250000e+02;1.4932647e-01;2.8250000e+02;9.8147810e-02;2.8250000e+02;5.4867260e-02;2.8250000e+02;6.0220063e-03;2.8250000e+02;-3.5330895e-02;2.8250000e+02;-7.7292822e-02;2.8250000e+02;-1.2510739e-01;2.8250000e+02;-5.7975627e-02;2.8250000e+02;-2.3861110e-02;2.8250000e+02;3.7276387e-02;2.8250000e+02;1.1043534e-01;2.8250000e+02;1.9103356e-01;2.8250000e+02;2.6252362e-01;2.8250000e+02;2.9964876e-01;2.8250000e+02;2.7311778e-01;2.8250000e+02;2.1503830e-01;2.8250000e+02;2.2044325e-01;2.8250000e+02;1.9474690e-01;2.8250000e+02;1.4932647e-01;2.8250000e+02;9.8147810e-02;2.8250000e+02;5.4867260e-02;2.8250000e+02;6.0220063e-03;2.8250000e+02;-3.5330895e-02;2.8250000e+02;-7.7292822e-02;2.8250000e+02;-1.2510739e-01;2.8250000e+02;-5.7975627e-02;2.8250000e+02;-2.3861110e-02;2.8250000e+02;3.7276387e-02;2.8250000e+02;1.1043534e-01;2.8250000e+02;1.9103356e-01;2.8250000e+02;2.6252362e-01;2.8250000e+02;2.9964876e-01;2.8250000e+02;2.7311778e-01;2.8250000e+02;2.1503830e-01;2.8250000e+02;2.2044325e-01;2.8250000e+02;1.9474690e-01;2.8250000e+02;1.4932647e-01;2.8250000e+02;9.8147810e-02;2.8250000e+02;5.4867260e-02;2.8250000e+02;6.0220063e-03;2.8250000e+02;-3.5330895e-02;2.8250000e+02;-7.7292822e-02;2.8250000e+02;-1.2510739e-01;2.8250000e+02;-5.7975627e-02;2.8250000e+02;-2.3861110e-02;2.8250000e+02;3.7276387e-02;2.8250000e+02;1.1043534e-01;2.8250000e+02;1.9103356e-01;2.8250000e+02;2.6252362e-01;2.8250000e+02;2.9964876e-01;2.8250000e+02;2.7311778e-01;2.8250000e+02;2.1503830e-01;2.8250000e+02;2.2044325e-01;2.8250000e+02;1.9474690e-01;2.8250000e+02;1.4932647e-01;2.8250000e+02;9.8147810e-02;2.8250000e+02;5.4867260e-02;2.8250000e+02;6.0220063e-03;2.8250000e+02;-3.5330895e-02;2.8250000e+02;-7.7292822e-02;2.8250000e+02;-1.2510739e-01;2.8250000e+02;-5.7975627e-02;2.8250000e+02;-2.3861110e-02;2.8250000e+02;3.7276387e-02;2.8250000e+02;1.1043534e-01;2.8250000e+02;1.9103356e-01;2.8250000e+02;2.6252362e-01;2.8250000e+02;2.9964876e-01;2.8250000e+02;2.7311778e-01;2.8250000e+02;2.1503830e-01;2.8250000e+02;2.2044325e-01;2.8250000e+02;1.9474690e-01;2.8250000e+02;1.4932647e-01;2.8250000e+02;9.8147810e-02;2.8250000e+02;5.4867260e-02;2.8250000e+02;6.0220063e-03;2.8250000e+02;-3.5330895e-02;2.8250000e+02;-7.7292822e-02;2.8250000e+02;-1.2510739e-01;2.8250000e+02;-5.7975627e-02;2.8250000e+02;-2.3861110e-02;2.8250000e+02;3.7276387e-02;2.8250000e+02;1.1043534e-01;2.8250000e+02;1.9103356e-01;2.8250000e+02;2.6252362e-01;2.8250000e+02;2.9964876e-01;2.8250000e+02;2.7311778e-01;2.8250000e+02;2.1503830e-01;2.8250000e+02;2.2044325e-01;2.8250000e+02;1.9474690e-01;2.8250000e+02;1.4932647e-01;2.8250000e+02;9.8147810e-02;2.8250000e+02;5.4867260e-02;2.8250000e+02;6.0220063e-03;2.8250000e+02;-3.5330895e-02;2.8250000e+02;-7.7292822e-02;2.8250000e+02;-1.2510739e-01;2.8250000e+02;-5.7975627e-02;2.8250000e+02;-2.3861110e-02;2.8250000e+02;3.7276387e-02;2.8250000e+02;1.1043534e-01;2.8250000e+02;1.9103356e-01;2.8250000e+02;2.6252362e-01;2.8250000e+02;2.9964876e-01;2.8250000e+02;2.7311778e-01;2.8250000e+02;2.1503830e-01;2.8250000e+02;2.2044325e-01;2.8250000e+02;1.9474690e-01;2.8250000e+02;1.4932647e-01;2.8250000e+02;9.8147810e-02;2.8250000e+02;5.4867260e-02;2.8250000e+02;6.0220063e-03;2.8250000e+02;-3.5330895e-02;2.8250000e+02;-7.7292822e-02;2.8250000e+02;-1.2510739e-01;2.8250000e+02;-5.7975627e-02;2.8250000e+02;-2.3861110e-02;2.8250000e+02;3.7276387e-02;2.8250000e+02;1.1043534e-01;2.8250000e+02;1.9103356e-01;2.8250000e+02;2.6252362e-01;2.8250000e+02;2.9964876e-01;2.8250000e+02;2.7311778e-01;2.8250000e+02;2.1503830e-01;2.8250000e+02;2.2044325e-01;2.8250000e+02;1.9474690e-01;2.8250000e+02;1.4932647e-01;2.8250000e+02;9.8147810e-02;2.8250000e+02;5.4867260e-02;2.8250000e+02;6.0220063e-03;2.8250000e+02;-3.5330895e-02;2.8250000e+02;-7.7292822e-02;2.8250000e+02;-1.2510739e-01;2.8250000e+02;-5.7975627e-02;2.8250000e+02;-2.3861110e-02;2.8250000e+02;3.7276387e-02;2.8250000e+02;1.1043534e-01;2.8250000e+02;1.9103356e-01;2.8250000e+02;2.6252362e-01;2.8250000e+02;2.9964876e-01;2.8250000e+02;2.7311778e-01;2.8250000e+02;2.1503830e-01;2.8250000e+02;2.2044325e-01;2.8250000e+02;1.9474690e-01;2.8250000e+02;1.4932647e-01;2.8250000e+02;9.8147810e-02;2.8250000e+02;5.4867260e-02;2.8250000e+02;6.0220063e-03;2.8250000e+02;-3.5330895e-02;2.8250000e+02;-7.7292822e-02;2.8250000e+02;-1.2510739e-01;2.8250000e+02;-5.7975627e-02;2.8250000e+02;-2.3861110e-02;2.8250000e+02;3.7276387e-02;2.8250000e+02;1.1043534e-01;2.8250000e+02;1.9103356e-01;2.8250000e+02;2.6252362e-01;2.8250000e+02;2.9964876e-01;2.8250000e+02;2.7311778e-01;2.8250000e+02;2.1503830e-01;2.8250000e+02;2.2044325e-01;2.8250000e+02;1.9474690e-01;2.8250000e+02;1.4932647e-01;2.8250000e+02;9.8147810e-02;2.8250000e+02;5.4867260e-02;2.8250000e+02;6.0220063e-03;2.8250000e+02;-3.5330895e-02;2.8250000e+02;-7.7292822e-02;2.8250000e+02;-1.2510739e-01;2.8250000e+02;-5.7975627e-02;2.8250000e+02;-2.3861110e-02;2.8250000e+02;3.7276387e-02;2.8250000e+02;1.1043534e-01;2.8250000e+02;1.9103356e-01;2.8250000e+02;2.6252362e-01;2.8250000e+02;2.9964876e-01;2.8250000e+02;2.7311778e-01;2.8250000e+02;2.1503830e-01;2.8250000e+02;2.2044325e-01;2.8250000e+02;1.9474690e-01;2.8250000e+02;1.4932647e-01;2.8250000e+02;9.8147810e-02;2.8250000e+02;5.4867260e-02;2.8250000e+02;6.0220063e-03;2.8250000e+02;-3.5330895e-02;2.8250000e+02;-7.7292822e-02;2.8250000e+02;-1.2510739e-01;2.8250000e+02;-5.7975627e-02;2.8250000e+02;-2.3861110e-02;2.8250000e+02;3.7276387e-02;2.8250000e+02;1.1043534e-01;2.8250000e+02;1.9103356e-01;2.8250000e+02;2.6252362e-01;2.8250000e+02;2.9964876e-01;2.8250000e+02;2.7311778e-01;2.8250000e+02;2.1503830e-01;2.8250000e+02;2.2044325e-01;2.8250000e+02;1.9474690e-01;2.8250000e+02;1.4932647e-01;2.8250000e+02;9.8147810e-02;2.8250000e+02;5.4867260e-02;2.8250000e+02;6.0220063e-03;2.8250000e+02;-3.5330895e-02;2.8250000e+02;-7.7292822e-02;2.8250000e+02;-1.2510739e-01;2.8250000e+02;-5.7975627e-02;2.8250000e+02;-2.3861110e-02;2.8250000e+02;3.7276387e-02;2.8250000e+02;1.1043534e-01;2.8250000e+02;1.9103356e-01;2.8250000e+02;2.6252362e-01;2.8250000e+02;2.9964876e-01;2.8250000e+02;2.7311778e-01;2.8250000e+02;2.1503830e-01;2.8250000e+02;2.2044325e-01;2.8250000e+02;1.9474690e-01;2.8250000e+02;1.4932647e-01;2.8250000e+02;9.8147810e-02;2.8250000e+02;5.4867260e-02;2.8250000e+02;6.0220063e-03;2.8250000e+02;-3.5330895e-02;2.8250000e+02;-7.7292822e-02;2.8250000e+02;-1.2510739e-01;2.8250000e+02;-5.7975627e-02;2.8250000e+02;-2.3861110e-02;2.8250000e+02;3.7276387e-02;2.8250000e+02;1.1043534e-01;2.8250000e+02;1.9103356e-01;2.8250000e+02;2.6252362e-01;2.8250000e+02;2.9964876e-01;2.8250000e+02;2.7311778e-01;2.8250000e+02;2.1503830e-01;2.8250000e+02;2.2044325e-01;2.8250000e+02;1.9474690e-01;2.8250000e+02;1.4932647e-01;2.8250000e+02;9.8147810e-02;2.8250000e+02;5.4867260e-02;2.8250000e+02;6.0220063e-03;2.8250000e+02;-3.5330895e-02;2.8250000e+02;-7.7292822e-02;2.8250000e+02;-1.2510739e-01;2.8250000e+02;-5.7975627e-02;2.8250000e+02;-2.3861110e-02;2.8250000e+02;3.7276387e-02;2.8250000e+02;1.1043534e-01;2.8250000e+02;1.9103356e-01;2.8250000e+02;2.6252362e-01;2.8250000e+02;2.9964876e-01;2.8250000e+02;2.7311778e-01;2.8250000e+02;2.1503830e-01;2.8250000e+02;2.2044325e-01;2.8250000e+02;1.9474690e-01;2.8250000e+02;1.4932647e-01;2.8250000e+02;9.8147810e-02;2.8250000e+02;5.4867260e-02;2.8250000e+02;6.0220063e-03;2.8250000e+02;-3.5330895e-02;2.8250000e+02;-7.7292822e-02;2.8250000e+02;-1.2510739e-01;2.8250000e+02;-5.7975627e-02;2.8250000e+02;-2.3861110e-02;2.8250000e+02;3.7276387e-02;2.8250000e+02;1.1043534e-01;2.8250000e+02;1.9103356e-01;2.8250000e+02;2.6252362e-01;2.8250000e+02;2.9964876e-01;2.8250000e+02;2.7311778e-01;2.8250000e+02;2.1503830e-01;2.8250000e+02;2.2044325e-01;2.8250000e+02;1.9474690e-01;2.8250000e+02;1.4932647e-01;2.8250000e+02;9.8147810e-02;2.8250000e+02;5.4867260e-02;2.8250000e+02;6.0220063e-03;2.8250000e+02;-3.5330895e-02;2.8250000e+02;-7.7292822e-02;2.8250000e+02;-1.2510739e-01;2.8250000e+02;-5.7975627e-02;2.8250000e+02;-2.3861110e-02;2.8250000e+02;3.7276387e-02;2.8250000e+02;1.1043534e-01;2.8250000e+02;1.9103356e-01;2.8250000e+02;2.6252362e-01;2.8250000e+02;2.9964876e-01;2.8250000e+02;2.7311778e-01;2.8250000e+02;2.1503830e-01;2.8250000e+02;2.2044325e-01;2.8250000e+02;1.9474690e-01;2.8250000e+02;1.4932647e-01;2.8250000e+02;9.8147810e-02;2.8250000e+02;5.4867260e-02;2.8250000e+02;6.0220063e-03;2.8250000e+02;-3.5330895e-02;2.8250000e+02;-7.7292822e-02;2.8250000e+02;-1.2510739e-01;2.8250000e+02;-5.7975627e-02;2.8250000e+02;-2.3861110e-02;2.8250000e+02;3.7276387e-02;2.8250000e+02;1.1043534e-01;2.8250000e+02;1.9103356e-01;2.8250000e+02;2.6252362e-01;2.8250000e+02;2.9964876e-01;2.8250000e+02;2.7311778e-01;2.8250000e+02;2.1503830e-01;2.8250000e+02;2.2044325e-01;2.8250000e+02;1.9474690e-01;2.8250000e+02;1.4932647e-01;2.8250000e+02;9.8147810e-02;2.8250000e+02;5.4867260e-02;2.8250000e+02;6.0220063e-03;2.8250000e+02;-3.5330895e-02;2.8250000e+02;-7.7292822e-02;2.8250000e+02;-1.2510739e-01;2.8250000e+02;-5.7975627e-02;2.8250000e+02;-2.3861110e-02;2.8250000e+02;3.7276387e-02;2.8250000e+02;1.1043534e-01;2.8250000e+02;1.9103356e-01;2.8250000e+02;2.6252362e-01;2.8250000e+02;2.9964876e-01;2.8250000e+02;2.7311778e-01;2.8250000e+02;2.1503830e-01;2.8250000e+02;2.2044325e-01;2.8250000e+02;1.9474690e-01;2.8250000e+02;1.4932647e-01;2.8250000e+02;9.8147810e-02;2.8250000e+02;5.4867260e-02;2.8250000e+02;6.0220063e-03;2.8250000e+02;-3.5330895e-02;2.8250000e+02;-7.7292822e-02;2.8250000e+02;-1.2510739e-01;2.8250000e+02;-5.7975627e-02;2.8250000e+02;-2.3861110e-02;2.8250000e+02;3.7276387e-02;2.8250000e+02;1.1043534e-01;2.8250000e+02;1.9103356e-01;2.8250000e+02;2.6252362e-01;2.8250000e+02;2.9964876e-01;2.8250000e+02;2.7311778e-01;2.8250000e+02;2.1503830e-01;2.8250000e+02;2.2044325e-01;2.8250000e+02;1.9474690e-01;2.8250000e+02;1.4932647e-01;2.8250000e+02;9.8147810e-02;2.8250000e+02;5.4867260e-02;2.8250000e+02;6.0220063e-03;2.8250000e+02;-3.5330895e-02;2.8250000e+02;-7.7292822e-02;2.8250000e+02;-1.2510739e-01;2.8250000e+02;-5.7975627e-02;2.8250000e+02;-2.3861110e-02;2.8250000e+02;3.7276387e-02;2.8250000e+02;1.1043534e-01;2.8250000e+02;1.9103356e-01;2.8250000e+02;2.6252362e-01;2.8250000e+02;2.9964876e-01;2.8250000e+02;2.7311778e-01;2.8250000e+02;2.1503830e-01;2.8250000e+02;2.2044325e-01;2.8250000e+02;1.9474690e-01;2.8250000e+02;1.4932647e-01;2.8250000e+02;9.8147810e-02;2.8250000e+02;5.4867260e-02;2.8250000e+02;6.0220063e-03;2.8250000e+02;-3.5330895e-02;2.8250000e+02;-7.7292822e-02;2.8250000e+02;-1.2510739e-01;2.8250000e+02;-5.7975627e-02;2.8250000e+02;-2.3861110e-02;2.8250000e+02;3.7276387e-02;2.8250000e+02;1.1043534e-01;2.8250000e+02;1.9103356e-01;2.8250000e+02;2.6252362e-01;2.8250000e+02;2.9964876e-01;2.8250000e+02;2.7311778e-01;2.8250000e+02;2.1503830e-01;2.8250000e+02;2.2044325e-01;2.8250000e+02;1.9474690e-01;2.8250000e+02;1.4932647e-01;2.8250000e+02;9.8147810e-02;2.8250000e+02;5.4867260e-02;2.8250000e+02;6.0220063e-03;2.8250000e+02;-3.5330895e-02;2.8250000e+02;-7.7292822e-02;2.8250000e+02;-1.2510739e-01;2.8250000e+02;-5.7975627e-02;2.8250000e+02;-2.3861110e-02;2.8250000e+02;3.7276387e-02;2.8250000e+02;1.1043534e-01;2.8250000e+02;1.9103356e-01;2.8250000e+02;2.6252362e-01;2.8250000e+02;2.9964876e-01;2.8250000e+02;2.7311778e-01;2.8250000e+02;2.1503830e-01;2.8250000e+02;2.2044325e-01;2.8250000e+02;1.9474690e-01;2.8250000e+02;1.4932647e-01;2.8250000e+02;9.8147810e-02;2.8250000e+02;5.4867260e-02;2.8250000e+02;6.0220063e-03;2.8250000e+02;-3.5330895e-02;2.8250000e+02;-7.7292822e-02;2.8250000e+02;-1.2510739e-01;2.8250000e+02;-5.7975627e-02;2.8250000e+02;-2.3861110e-02;2.8250000e+02;3.7276387e-02;2.8250000e+02;1.1043534e-01;2.8250000e+02;1.9103356e-01;2.8250000e+02;2.6252362e-01;2.8250000e+02;2.9964876e-01;2.8250000e+02;2.7311778e-01;2.8250000e+02;2.1503830e-01;2.8250000e+02;2.2044325e-01;2.8250000e+02;1.9474690e-01;2.8250000e+02;1.4932647e-01;2.8250000e+02;9.8147810e-02;2.8250000e+02;5.4867260e-02;2.8250000e+02;6.0220063e-03;2.8250000e+02;-3.5330895e-02;2.8250000e+02;-7.7292822e-02;2.8250000e+02;-1.2510739e-01;2.8250000e+02;-5.7975627e-02;2.8250000e+02;-2.3861110e-02;2.8250000e+02;3.7276387e-02;2.8250000e+02;1.1043534e-01;2.8250000e+02;1.9103356e-01;2.8250000e+02;2.6252362e-01;2.8250000e+02;2.9964876e-01;2.8250000e+02;2.7311778e-01;2.8250000e+02;2.1503830e-01;2.8250000e+02;2.2044325e-01;2.8250000e+02;1.9474690e-01;2.8250000e+02;1.4932647e-01;2.8250000e+02;9.8147810e-02;2.8250000e+02;5.4867260e-02;2.8250000e+02;6.0220063e-03;2.8250000e+02;-3.5330895e-02;2.8250000e+02;-7.7292822e-02;2.8250000e+02;-1.2510739e-01;2.8250000e+02;-5.7975627e-02;2.8250000e+02;-2.3861110e-02;2.8250000e+02;3.7276387e-02;2.8250000e+02;1.1043534e-01;2.8250000e+02;1.9103356e-01;2.8250000e+02;2.6252362e-01;2.8250000e+02;2.9964876e-01;2.8250000e+02;2.7311778e-01;2.8250000e+02;2.1503830e-01;2.8250000e+02;2.2044325e-01;2.8250000e+02;1.9474690e-01;2.8250000e+02;1.4932647e-01;2.8250000e+02;9.8147810e-02;2.8250000e+02;5.4867260e-02;2.8250000e+02;6.0220063e-03;2.8250000e+02;-3.5330895e-02;2.8250000e+02;-7.7292822e-02;2.8250000e+02;-1.2510739e-01;2.8250000e+02;-5.7975627e-02;2.8250000e+02;-2.3861110e-02;2.8250000e+02;3.7276387e-02;2.8250000e+02;1.1043534e-01;2.8250000e+02;1.9103356e-01;2.8250000e+02;2.6252362e-01;2.8250000e+02;2.9964876e-01;2.8250000e+02;2.7311778e-01;2.8250000e+02;2.1503830e-01;2.8250000e+02;2.2044325e-01;2.8250000e+02;1.9474690e-01;2.8250000e+02;1.4932647e-01;2.8250000e+02;9.8147810e-02;2.8250000e+02;5.4867260e-02;2.8250000e+02;6.0220063e-03;2.8250000e+02;-3.5330895e-02;2.8250000e+02;-7.7292822e-02;2.8250000e+02;-1.2510739e-01;2.8250000e+02;-5.7975627e-02;2.8250000e+02;-2.3861110e-02;2.8250000e+02;3.7276387e-02;2.8250000e+02;1.1043534e-01;2.8250000e+02;1.9103356e-01;2.8250000e+02;2.6252362e-01;2.8250000e+02;2.9964876e-01;2.8250000e+02;2.7311778e-01;2.8250000e+02;2.1503830e-01;2.8250000e+02;2.2044325e-01;2.8250000e+02;1.9474690e-01;2.8250000e+02;1.4932647e-01;2.8250000e+02;9.8147810e-02;2.8250000e+02;5.4867260e-02;2.8250000e+02;6.0220063e-03;2.8250000e+02;-3.5330895e-02;2.8250000e+02;-7.7292822e-02;2.8250000e+02;-1.2510739e-01;2.8250000e+02;-5.7975627e-02;2.8250000e+02;-2.3861110e-02;2.8250000e+02;3.7276387e-02;2.8250000e+02;1.1043534e-01;2.8250000e+02;1.9103356e-01;2.8250000e+02;2.6252362e-01;2.8250000e+02;2.9964876e-01;2.8250000e+02;2.7311778e-01;2.8250000e+02;2.1503830e-01;2.8250000e+02;2.2044325e-01;2.8250000e+02;1.9474690e-01;2.8250000e+02;1.4932647e-01;2.8250000e+02;9.8147810e-02;2.8250000e+02;5.4867260e-02;2.8250000e+02;6.0220063e-03;2.8250000e+02;-3.5330895e-02;2.8250000e+02;-7.7292822e-02;2.8250000e+02;-1.2510739e-01;2.8250000e+02;-5.7975627e-02;2.8250000e+02;-2.3861110e-02;2.8250000e+02;3.7276387e-02;2.8250000e+02;1.1043534e-01;2.8250000e+02;1.9103356e-01;2.8250000e+02;2.6252362e-01;2.8250000e+02;2.9964876e-01;2.8250000e+02;2.7311778e-01;2.8250000e+02;2.1503830e-01;2.8250000e+02;2.2044325e-01;2.8250000e+02;1.9474690e-01;2.8250000e+02;1.4932647e-01;2.8250000e+02;9.8147810e-02;2.8250000e+02;5.4867260e-02;2.8250000e+02;6.0220063e-03;2.8250000e+02;-3.5330895e-02;2.8250000e+02;-7.7292822e-02;2.8250000e+02;-1.2510739e-01;2.8250000e+02;-5.7975627e-02;2.8250000e+02;-2.3861110e-02;2.8250000e+02;3.7276387e-02;2.8250000e+02;1.1043534e-01;2.8250000e+02;1.9103356e-01;2.8250000e+02;2.6252362e-01;2.8250000e+02;2.9964876e-01;2.8250000e+02;2.7311778e-01;2.8250000e+02;2.1503830e-01;2.8250000e+02;2.2044325e-01;2.8250000e+02;1.9474690e-01;2.8250000e+02;1.4932647e-01;2.8250000e+02;9.8147810e-02;2.8250000e+02;5.4867260e-02;2.8250000e+02;6.0220063e-03;2.8250000e+02;-3.5330895e-02;2.8250000e+02;-7.7292822e-02;2.8250000e+02;-1.2510739e-01;2.8250000e+02;-5.7975627e-02;2.8250000e+02;-2.3861110e-02;2.8250000e+02;3.7276387e-02;2.8250000e+02;1.1043534e-01;2.8250000e+02;1.9103356e-01;2.8250000e+02;2.6252362e-01;2.8250000e+02;2.9964876e-01;2.8250000e+02;2.7311778e-01;2.8250000e+02;2.1503830e-01;2.8250000e+02;2.2044325e-01;2.8250000e+02;1.9474690e-01;2.8250000e+02;1.4932647e-01;2.8250000e+02;9.8147810e-02;2.8250000e+02;5.4867260e-02;2.8250000e+02;6.0220063e-03;2.8250000e+02;-3.5330895e-02;2.8250000e+02;-7.7292822e-02;2.8250000e+02;-1.2510739e-01;2.8250000e+02;-5.7975627e-02;2.8250000e+02;-2.3861110e-02;2.8250000e+02;3.7276387e-02;2.8250000e+02;1.1043534e-01;2.8250000e+02;1.9103356e-01;2.8250000e+02;2.6252362e-01;2.8250000e+02;2.9964876e-01;2.8250000e+02;2.7311778e-01;2.8250000e+02;2.1503830e-01;2.8250000e+02;2.2044325e-01;2.8250000e+02;1.9474690e-01;2.8250000e+02;1.4932647e-01;2.8250000e+02;9.8147810e-02;2.8250000e+02;5.4867260e-02;2.8250000e+02;6.0220063e-03;2.8250000e+02;-3.5330895e-02;2.8250000e+02;-7.7292822e-02;2.8250000e+02;-1.2510739e-01;2.8250000e+02;-5.7975627e-02;2.8250000e+02;-2.3861110e-02;2.8250000e+02;3.7276387e-02;2.8250000e+02;1.1043534e-01;2.8250000e+02;1.9103356e-01;2.8250000e+02;2.6252362e-01;2.8250000e+02;2.9964876e-01;2.8250000e+02;2.7311778e-01;2.8250000e+02;2.1503830e-01;2.8250000e+02;2.2044325e-01;2.8250000e+02;1.9474690e-01;2.8250000e+02;1.4932647e-01;2.8250000e+02;9.8147810e-02;2.8250000e+02;5.4867260e-02;2.8250000e+02;6.0220063e-03;2.8250000e+02;-3.5330895e-02;2.8250000e+02;-7.7292822e-02;2.8250000e+02;-1.2510739e-01;2.8250000e+02;-5.7975627e-02;2.8250000e+02;-2.3861110e-02;2.8250000e+02;3.7276387e-02;2.8250000e+02;1.1043534e-01;2.8250000e+02;1.9103356e-01;2.8250000e+02;2.6252362e-01;2.8250000e+02;2.9964876e-01;2.8250000e+02;2.7311778e-01;2.8250000e+02;2.1503830e-01;2.8250000e+02;2.2044325e-01;2.8250000e+02;1.9474690e-01;2.8250000e+02;1.4932647e-01;2.8250000e+02;9.8147810e-02;2.8250000e+02;5.4867260e-02;2.8250000e+02;6.0220063e-03;2.8250000e+02;-3.5330895e-02;2.8250000e+02;-7.7292822e-02;2.8250000e+02;-1.2510739e-01;2.8250000e+02;-5.7975627e-02;2.8250000e+02;-2.3861110e-02;2.8250000e+02;3.7276387e-02;2.8250000e+02;1.1043534e-01;2.8250000e+02;1.9103356e-01;2.8250000e+02;2.6252362e-01;2.8250000e+02;2.9964876e-01;2.8250000e+02;2.7311778e-01;2.8250000e+02;2.1503830e-01;2.8250000e+02;2.2044325e-01;2.8250000e+02;1.9474690e-01;2.8250000e+02;1.4932647e-01;2.8250000e+02;9.8147810e-02;2.8250000e+02;5.4867260e-02;2.8250000e+02;6.0220063e-03;2.8250000e+02;-3.5330895e-02;2.8250000e+02;-7.7292822e-02;2.8250000e+02;-1.2510739e-01;2.8250000e+02;-5.7975627e-02;2.8250000e+02;-2.3861110e-02;2.8250000e+02;3.7276387e-02;2.8250000e+02;1.1043534e-01;2.8250000e+02;1.9103356e-01;2.8250000e+02;2.6252362e-01;2.8250000e+02;2.9964876e-01;2.8250000e+02;2.7311778e-01;2.8250000e+02;2.1503830e-01;2.8250000e+02;2.2044325e-01;2.8250000e+02;1.9474690e-01;2.8250000e+02;1.4932647e-01;2.8250000e+02;9.8147810e-02;2.8250000e+02;5.4867260e-02;2.8250000e+02;6.0220063e-03;2.8250000e+02;-3.5330895e-02;2.8250000e+02;-7.7292822e-02;2.8250000e+02;-1.2510739e-01;2.8250000e+02;-5.7975627e-02;2.8250000e+02;-2.3861110e-02;2.8250000e+02;3.7276387e-02;2.8250000e+02;1.1043534e-01;2.8250000e+02;1.9103356e-01;2.8250000e+02;2.6252362e-01;2.8250000e+02;2.9964876e-01;2.8250000e+02;2.7311778e-01;2.8250000e+02;2.1503830e-01;2.8250000e+02;2.2044325e-01;2.8250000e+02;1.9474690e-01;2.8250000e+02;1.4932647e-01;2.8250000e+02;9.8147810e-02;2.8250000e+02;5.4867260e-02;2.8250000e+02;6.0220063e-03;2.8250000e+02;-3.5330895e-02;2.8250000e+02;-7.7292822e-02;2.8250000e+02;-1.2510739e-01;2.8250000e+02;-5.7975627e-02;2.8250000e+02;-2.3861110e-02;2.8250000e+02;3.7276387e-02;2.8250000e+02;1.1043534e-01;2.8250000e+02;1.9103356e-01;2.8250000e+02;2.6252362e-01;2.8250000e+02;2.9964876e-01;2.8250000e+02;2.7311778e-01;2.8250000e+02;2.1503830e-01;2.8250000e+02;2.2044325e-01;2.8250000e+02;1.9474690e-01;2.8250000e+02;1.4932647e-01;2.8250000e+02;9.8147810e-02;2.8250000e+02;5.4867260e-02;2.8250000e+02;6.0220063e-03;2.8250000e+02;-3.5330895e-02;2.8250000e+02;-7.7292822e-02;2.8250000e+02;-1.2510739e-01;2.8250000e+02;-5.7975627e-02;2.8250000e+02;-2.3861110e-02;2.8250000e+02;3.7276387e-02;2.8250000e+02;1.1043534e-01;2.8250000e+02;1.9103356e-01;2.8250000e+02;2.6252362e-01;2.8250000e+02;2.9964876e-01;2.8250000e+02;2.7311778e-01;2.8250000e+02;2.1503830e-01;2.8250000e+02;2.2044325e-01;2.8250000e+02;1.9474690e-01;2.8250000e+02;1.4932647e-01;2.8250000e+02;9.8147810e-02;2.8250000e+02;5.4867260e-02;2.8250000e+02;6.0220063e-03;2.8250000e+02;-3.5330895e-02;2.8250000e+02;-7.7292822e-02;2.8250000e+02;-1.2510739e-01;2.8250000e+02;-5.7975627e-02;2.8250000e+02;-2.3861110e-02;2.8250000e+02;3.7276387e-02;2.8250000e+02;1.1043534e-01;2.8250000e+02;1.9103356e-01;2.8250000e+02;2.6252362e-01;2.8250000e+02;2.9964876e-01;2.8250000e+02;2.7311778e-01;2.8250000e+02;2.1503830e-01;2.8250000e+02;2.2044325e-01;2.8250000e+02;1.9474690e-01;2.8250000e+02;1.4932647e-01;2.8250000e+02;9.8147810e-02;2.8250000e+02;5.4867260e-02;2.8250000e+02;6.0220063e-03;2.8250000e+02;-3.5330895e-02;2.8250000e+02;-7.7292822e-02;2.8250000e+02;-1.2510739e-01;2.8250000e+02;-5.7975627e-02;2.8250000e+02;-2.3861110e-02;2.8250000e+02;3.7276387e-02;2.8250000e+02;1.1043534e-01;2.8250000e+02;1.9103356e-01;2.8250000e+02;2.6252362e-01;2.8250000e+02;2.9964876e-01;2.8250000e+02;2.7311778e-01;2.8250000e+02;2.1503830e-01;2.8250000e+02;2.2044325e-01;2.8250000e+02;1.9474690e-01;2.8250000e+02;1.4932647e-01;2.8250000e+02;9.8147810e-02;2.8250000e+02;5.4867260e-02;2.8250000e+02;6.0220063e-03;2.8250000e+02;-3.5330895e-02;2.8250000e+02;-7.7292822e-02;2.8250000e+02;-1.2510739e-01;2.8250000e+02;-5.7975627e-02;2.8250000e+02;-2.3861110e-02;2.8250000e+02;3.7276387e-02;2.8250000e+02;1.1043534e-01;2.8250000e+02;1.9103356e-01;2.8250000e+02;2.6252362e-01;2.8250000e+02;2.9964876e-01;2.8250000e+02;2.7311778e-01;2.8250000e+02;2.1503830e-01;2.8250000e+02;2.2044325e-01;2.8250000e+02;1.9474690e-01;2.8250000e+02;1.4932647e-01;2.8250000e+02;9.8147810e-02;2.8250000e+02;5.4867260e-02;2.8250000e+02;6.0220063e-03;2.8250000e+02;-3.5330895e-02;2.8250000e+02;-7.7292822e-02;2.8250000e+02;-1.2510739e-01;2.8250000e+02;-5.7975627e-02;2.8250000e+02;-2.3861110e-02;2.8250000e+02;3.7276387e-02;2.8250000e+02;1.1043534e-01;2.8250000e+02;1.9103356e-01;2.8250000e+02;2.6252362e-01;2.8250000e+02;2.9964876e-01;2.8250000e+02;2.7311778e-01;2.8250000e+02;2.1503830e-01;2.8250000e+02;2.2044325e-01;2.8250000e+02;1.9474690e-01;2.8250000e+02;1.4932647e-01;2.8250000e+02;9.8147810e-02;2.8250000e+02;5.4867260e-02;2.8250000e+02;6.0220063e-03;2.8250000e+02;-3.5330895e-02;2.8250000e+02;-7.7292822e-02;2.8250000e+02;-1.2510739e-01;2.8250000e+02;-5.7975627e-02;2.8250000e+02;-2.3861110e-02;2.8250000e+02;3.7276387e-02;2.8250000e+02;1.1043534e-01;2.8250000e+02;1.9103356e-01;2.8250000e+02;2.6252362e-01;2.8250000e+02;2.9964876e-01;2.8250000e+02;2.7311778e-01;2.8250000e+02;2.1503830e-01;2.8250000e+02;2.2044325e-01;2.8250000e+02;1.9474690e-01;2.8250000e+02;1.4932647e-01;2.8250000e+02;9.8147810e-02;2.8250000e+02;5.4867260e-02;2.8250000e+02;6.0220063e-03;2.8250000e+02;-3.5330895e-02;2.8250000e+02;-7.7292822e-02;2.8250000e+02;-1.2510739e-01;2.8250000e+02;-5.7975627e-02;2.8250000e+02;-2.3861110e-02;2.8250000e+02;3.7276387e-02;2.8250000e+02;1.1043534e-01;2.8250000e+02;1.9103356e-01;2.8250000e+02;2.6252362e-01;2.8250000e+02;2.9964876e-01;2.8250000e+02;2.7311778e-01;2.8250000e+02;2.1503830e-01;2.8250000e+02;2.2044325e-01;2.8250000e+02;1.9474690e-01;2.8250000e+02;1.4932647e-01;2.8250000e+02;9.8147810e-02;2.8250000e+02;5.4867260e-02;2.8250000e+02;6.0220063e-03;2.8250000e+02;-3.5330895e-02;2.8250000e+02;-7.7292822e-02;2.8250000e+02;-1.2510739e-01;2.8250000e+02;-5.7975627e-02;2.8250000e+02;-2.3861110e-02;2.8250000e+02;3.7276387e-02;2.8250000e+02;1.1043534e-01;2.8250000e+02;1.9103356e-01;2.8250000e+02;2.6252362e-01;2.8250000e+02;2.9964876e-01;2.8250000e+02;2.7311778e-01;2.8250000e+02;2.1503830e-01;2.8250000e+02;2.2044325e-01;2.8250000e+02;1.9474690e-01;2.8250000e+02;1.4932647e-01;2.8250000e+02;9.8147810e-02;2.8250000e+02;5.4867260e-02;2.8250000e+02;6.0220063e-03;2.8250000e+02;-3.5330895e-02;2.8250000e+02;-7.7292822e-02;2.8250000e+02;-1.2510739e-01;2.8250000e+02;-5.7975627e-02;2.8250000e+02;-2.3861110e-02;2.8250000e+02;3.7276387e-02;2.8250000e+02;1.1043534e-01;2.8250000e+02;1.9103356e-01;2.8250000e+02;2.6252362e-01;2.8250000e+02;2.9964876e-01;2.8250000e+02;2.7311778e-01;2.8250000e+02;2.1503830e-01;2.8250000e+02;2.2044325e-01;2.8250000e+02;1.9474690e-01;2.8250000e+02;1.4932647e-01;2.8250000e+02;9.8147810e-02;2.8250000e+02;5.4867260e-02;2.8250000e+02;6.0220063e-03;2.8250000e+02;-3.5330895e-02;2.8250000e+02;-7.7292822e-02;2.8250000e+02;-1.2510739e-01;2.8250000e+02;-5.7975627e-02;2.8250000e+02;-2.3861110e-02;2.8250000e+02;3.7276387e-02;2.8250000e+02;1.1043534e-01;2.8250000e+02;1.9103356e-01;2.8250000e+02;2.6252362e-01;2.8250000e+02;2.9964876e-01;2.8250000e+02;2.7311778e-01;2.8250000e+02;2.1503830e-01;2.8250000e+02;2.2044325e-01;2.8250000e+02;1.9474690e-01;2.8250000e+02;1.4932647e-01;2.8250000e+02;9.8147810e-02;2.8250000e+02;5.4867260e-02;2.8250000e+02;6.0220063e-03;2.8250000e+02;-3.5330895e-02;2.8250000e+02;-7.7292822e-02;2.8250000e+02;-1.2510739e-01;2.8250000e+02;-5.7975627e-02;2.8250000e+02;-2.3861110e-02;2.8250000e+02;3.7276387e-02;2.8250000e+02;1.1043534e-01;2.8250000e+02;1.9103356e-01;2.8250000e+02;2.6252362e-01;2.8250000e+02;2.9964876e-01;2.8250000e+02;2.7311778e-01;2.8250000e+02;2.1503830e-01;2.8250000e+02;2.2044325e-01;2.8250000e+02;1.9474690e-01;2.8250000e+02;1.4932647e-01;2.8250000e+02;9.8147810e-02;2.8250000e+02;5.4867260e-02;2.8250000e+02;6.0220063e-03;2.8250000e+02;-3.5330895e-02;2.8250000e+02;-7.7292822e-02;2.8250000e+02;-1.2510739e-01;2.8250000e+02;-5.7975627e-02;2.8250000e+02;-2.3861110e-02;2.8250000e+02;3.7276387e-02;2.8250000e+02;1.1043534e-01;2.8250000e+02;1.9103356e-01;2.8250000e+02;2.6252362e-01;2.8250000e+02;2.9964876e-01;2.8250000e+02;2.7311778e-01;2.8250000e+02;2.1503830e-01;2.8250000e+02;2.2044325e-01;2.8250000e+02;1.9474690e-01;2.8250000e+02;1.4932647e-01;2.8250000e+02;9.8147810e-02;2.8250000e+02;5.4867260e-02;2.8250000e+02;6.0220063e-03;2.8250000e+02;-3.5330895e-02;2.8250000e+02;-7.7292822e-02;2.8250000e+02;-1.2510739e-01;2.8250000e+02;-5.7975627e-02;2.8250000e+02;-2.3861110e-02;2.8250000e+02;3.7276387e-02;2.8250000e+02;1.1043534e-01;2.8250000e+02;1.9103356e-01;2.8250000e+02;2.6252362e-01;2.8250000e+02;2.9964876e-01;2.8250000e+02;2.7311778e-01;2.8250000e+02;2.1503830e-01;2.8250000e+02;2.2044325e-01;2.8250000e+02;1.9474690e-01;2.8250000e+02;1.4932647e-01;2.8250000e+02;9.8147810e-02;2.8250000e+02;5.4867260e-02;2.8250000e+02;6.0220063e-03;2.8250000e+02;-3.5330895e-02;2.8250000e+02;-7.7292822e-02;2.8250000e+02;-1.2510739e-01;2.8250000e+02;-5.7975627e-02;2.8250000e+02;-2.3861110e-02;2.8250000e+02;3.7276387e-02;2.8250000e+02;1.1043534e-01;2.8250000e+02;1.9103356e-01;2.8250000e+02;2.6252362e-01;2.8250000e+02;2.9964876e-01;2.8250000e+02;2.7311778e-01;2.8250000e+02;2.1503830e-01;2.8250000e+02;2.2044325e-01;2.8250000e+02;1.9474690e-01;2.8250000e+02;1.4932647e-01;2.8250000e+02;9.8147810e-02;2.8250000e+02;5.4867260e-02;2.8250000e+02;6.0220063e-03;2.8250000e+02;-3.5330895e-02;2.8250000e+02;-7.7292822e-02;2.8250000e+02;-1.2510739e-01;2.8250000e+02;-5.7975627e-02;2.8250000e+02;-2.3861110e-02;2.8250000e+02;3.7276387e-02;2.8250000e+02;1.1043534e-01;2.8250000e+02;1.9103356e-01;2.8250000e+02;2.6252362e-01;2.8250000e+02;2.9964876e-01;2.8250000e+02;2.7311778e-01;2.8250000e+02;2.1503830e-01;2.8250000e+02;2.2044325e-01;2.8250000e+02;1.9474690e-01;2.8250000e+02;1.4932647e-01;2.8250000e+02;9.8147810e-02;2.8250000e+02;5.4867260e-02;2.8250000e+02;6.0220063e-03;2.8250000e+02;-3.5330895e-02;2.8250000e+02;-7.7292822e-02;2.8250000e+02;-1.2510739e-01;2.8250000e+02;-5.7975627e-02;2.8250000e+02;-2.3861110e-02;2.8250000e+02;3.7276387e-02;2.8250000e+02;1.1043534e-01;2.8250000e+02;1.9103356e-01;2.8250000e+02;2.6252362e-01;2.8250000e+02;2.9964876e-01;2.8250000e+02;2.7311778e-01;2.8250000e+02;2.1503830e-01;2.8250000e+02;2.2044325e-01;2.8250000e+02;1.9474690e-01;2.8250000e+02;1.4932647e-01;2.8250000e+02;9.8147810e-02;2.8250000e+02;5.4867260e-02;2.8250000e+02;6.0220063e-03;2.8250000e+02;-3.5330895e-02;2.8250000e+02;-7.7292822e-02;2.8250000e+02;-1.2510739e-01;2.8250000e+02;-5.7975627e-02;2.8250000e+02;-2.3861110e-02;2.8250000e+02;3.7276387e-02;2.8250000e+02;1.1043534e-01;2.8250000e+02;1.9103356e-01;2.8250000e+02;2.6252362e-01;2.8250000e+02;2.9964876e-01;2.8250000e+02;2.7311778e-01;2.8250000e+02;2.1503830e-01;2.8250000e+02;2.2044325e-01;2.8250000e+02;1.9474690e-01;2.8250000e+02;1.4932647e-01;2.8250000e+02;9.8147810e-02;2.8250000e+02;5.4867260e-02;2.8250000e+02;6.0220063e-03;2.8250000e+02;-3.5330895e-02;2.8250000e+02;-7.7292822e-02;2.8250000e+02;-1.2510739e-01;2.8250000e+02;-5.7975627e-02;2.8250000e+02;-2.3861110e-02;2.8250000e+02;3.7276387e-02;2.8250000e+02;1.1043534e-01;2.8250000e+02;1.9103356e-01;2.8250000e+02;2.6252362e-01;2.8250000e+02;2.9964876e-01;2.8250000e+02;2.7311778e-01;2.8250000e+02;2.1503830e-01;2.8250000e+02;2.2044325e-01;2.8250000e+02;1.9474690e-01;2.8250000e+02;1.4932647e-01;2.8250000e+02;9.8147810e-02;2.8250000e+02;5.4867260e-02;2.8250000e+02;6.0220063e-03;2.8250000e+02;-3.5330895e-02;2.8250000e+02;-7.7292822e-02;2.8250000e+02;-1.2510739e-01;2.8250000e+02;-5.7975627e-02;2.8250000e+02;-2.3861110e-02;2.8250000e+02;3.7276387e-02;2.8250000e+02;1.1043534e-01;2.8250000e+02;1.9103356e-01;2.8250000e+02;2.6252362e-01;2.8250000e+02;2.9964876e-01;2.8250000e+02;2.7311778e-01;2.8250000e+02;2.1503830e-01;2.8250000e+02;2.2044325e-01;2.8250000e+02;1.9474690e-01;2.8250000e+02;1.4932647e-01;2.8250000e+02;9.8147810e-02;2.8250000e+02;5.4867260e-02;2.8250000e+02;6.0220063e-03;2.8250000e+02;-3.5330895e-02;2.8250000e+02;-7.7292822e-02;2.8250000e+02;-1.2510739e-01;2.8250000e+02;-5.7975627e-02;2.8250000e+02;-2.3861110e-02;2.8250000e+02;3.7276387e-02;2.8250000e+02;1.1043534e-01;2.8250000e+02;1.9103356e-01;2.8250000e+02;2.6252362e-01;2.8250000e+02;2.9964876e-01;2.8250000e+02;2.7311778e-01;2.8250000e+02;2.1503830e-01;2.8250000e+02;2.2044325e-01;2.8250000e+02;1.9474690e-01;2.8250000e+02;1.4932647e-01;2.8250000e+02;9.8147810e-02;2.8250000e+02;5.4867260e-02;2.8250000e+02;6.0220063e-03;2.8250000e+02;-3.5330895e-02;2.8250000e+02;-7.7292822e-02;2.8250000e+02;-1.2510739e-01;2.8250000e+02;-5.7975627e-02;2.8250000e+02;-2.3861110e-02;2.8250000e+02;3.7276387e-02;2.8250000e+02;1.1043534e-01;2.8250000e+02;1.9103356e-01;2.8250000e+02;2.6252362e-01;2.8250000e+02;2.9964876e-01;2.8250000e+02;2.7311778e-01;2.8250000e+02;2.1503830e-01;2.8250000e+02;2.2044325e-01;2.8250000e+02;1.9474690e-01;2.8250000e+02;1.4932647e-01;2.8250000e+02;9.8147810e-02;2.8250000e+02;5.4867260e-02;2.8250000e+02;6.0220063e-03;2.8250000e+02;-3.5330895e-02;2.8250000e+02;-7.7292822e-02;2.8250000e+02;-1.2510739e-01;2.8250000e+02;-5.7975627e-02;2.8250000e+02;-2.3861110e-02;2.8250000e+02;3.7276387e-02;2.8250000e+02;1.1043534e-01;2.8250000e+02;1.9103356e-01;2.8250000e+02;2.6252362e-01;2.8250000e+02;2.9964876e-01;2.8250000e+02;2.7311778e-01;2.8250000e+02;2.1503830e-01;2.8250000e+02;2.2044325e-01;2.8250000e+02;1.9474690e-01;2.8250000e+02;1.4932647e-01;2.8250000e+02;9.8147810e-02;2.8250000e+02;5.4867260e-02;2.8250000e+02;6.0220063e-03;2.8250000e+02;-3.5330895e-02;2.8250000e+02;-7.7292822e-02;2.8250000e+02;-1.2510739e-01;2.8250000e+02;-5.7975627e-02;2.8250000e+02;-2.3861110e-02;2.8250000e+02;3.7276387e-02;2.8250000e+02;1.1043534e-01;2.8250000e+02;1.9103356e-01;2.8250000e+02;2.6252362e-01;2.8250000e+02;2.9964876e-01;2.8250000e+02;2.7311778e-01;2.8250000e+02;2.1503830e-01;2.8250000e+02;2.2044325e-01;2.8250000e+02;1.9474690e-01;2.8250000e+02;1.4932647e-01;2.8250000e+02;9.8147810e-02;2.8250000e+02;5.4867260e-02;2.8250000e+02;6.0220063e-03;2.8250000e+02;-3.5330895e-02;2.8250000e+02;-7.7292822e-02;2.8250000e+02;-1.2510739e-01;2.8250000e+02;-5.7975627e-02;2.8250000e+02;-2.3861110e-02;2.8250000e+02;3.7276387e-02;2.8250000e+02;1.1043534e-01;2.8250000e+02;1.9103356e-01;2.8250000e+02;2.6252362e-01;2.8250000e+02;2.9964876e-01;2.8250000e+02;2.7311778e-01;2.8250000e+02;2.1503830e-01;2.8250000e+02;2.2044325e-01;2.8250000e+02;1.9474690e-01;2.8250000e+02;1.4932647e-01;2.8250000e+02;9.8147810e-02;2.8250000e+02;5.4867260e-02;2.8250000e+02;6.0220063e-03;2.8250000e+02;-3.5330895e-02;2.8250000e+02;-7.7292822e-02;2.8250000e+02;-1.2510739e-01;2.8250000e+02;-5.7975627e-02;2.8250000e+02;-2.3861110e-02;2.8250000e+02;3.7276387e-02;2.8250000e+02;1.1043534e-01;2.8250000e+02;1.9103356e-01;2.8250000e+02;2.6252362e-01;2.8250000e+02;2.9964876e-01;2.8250000e+02;2.7311778e-01;2.8250000e+02;2.1503830e-01;2.8250000e+02;2.2044325e-01;2.8250000e+02;1.9474690e-01;2.8250000e+02;1.4932647e-01;2.8250000e+02;9.8147810e-02;2.8250000e+02;5.4867260e-02;2.8250000e+02;6.0220063e-03;2.8250000e+02;-3.5330895e-02;2.8250000e+02;-7.7292822e-02;2.8250000e+02;-1.2510739e-01;2.8250000e+02;-5.7975627e-02;2.8250000e+02;-2.3861110e-02;2.8250000e+02;3.7276387e-02;2.8250000e+02;1.1043534e-01;2.8250000e+02;1.9103356e-01;2.8250000e+02;2.6252362e-01;2.8250000e+02;2.9964876e-01;2.8250000e+02;2.7311778e-01;2.8250000e+02;2.1503830e-01;2.8250000e+02;2.2044325e-01;2.8250000e+02;1.9474690e-01;2.8250000e+02;1.4932647e-01;2.8250000e+02;9.8147810e-02;2.8250000e+02;5.4867260e-02;2.8250000e+02;6.0220063e-03;2.8250000e+02;-3.5330895e-02;2.8250000e+02;-7.7292822e-02;2.8250000e+02;-1.2510739e-01;2.8250000e+02;-5.7975627e-02;2.8250000e+02;-2.3861110e-02;2.8250000e+02;3.7276387e-02;2.8250000e+02;1.1043534e-01;2.8250000e+02;1.9103356e-01;2.8250000e+02;2.6252362e-01;2.8250000e+02;2.9964876e-01;2.8250000e+02;2.7311778e-01;2.8250000e+02;2.1503830e-01;2.8250000e+02;2.2044325e-01;2.8250000e+02;1.9474690e-01;2.8250000e+02;1.4932647e-01;2.8250000e+02;9.8147810e-02;2.8250000e+02;5.4867260e-02;2.8250000e+02;6.0220063e-03;2.8250000e+02;-3.5330895e-02;2.8250000e+02;-7.7292822e-02;2.8250000e+02;-1.2510739e-01;2.8250000e+02;-5.7975627e-02;2.8250000e+02;-2.3861110e-02;2.8250000e+02;3.7276387e-02;2.8250000e+02;1.1043534e-01;2.8250000e+02;1.9103356e-01;2.8250000e+02;2.6252362e-01;2.8250000e+02;2.9964876e-01;2.8250000e+02;2.7311778e-01;2.8250000e+02;2.1503830e-01;2.8250000e+02;2.2044325e-01;2.8250000e+02;1.9474690e-01;2.8250000e+02;1.4932647e-01;2.8250000e+02;9.8147810e-02;2.8250000e+02;5.4867260e-02;2.8250000e+02;6.0220063e-03;2.8250000e+02;-3.5330895e-02;2.8250000e+02;-7.7292822e-02;2.8250000e+02;-1.2510739e-01;2.8250000e+02;-5.7975627e-02;2.8250000e+02;-2.3861110e-02;2.8250000e+02;3.7276387e-02;2.8250000e+02;1.1043534e-01;2.8250000e+02;1.9103356e-01;2.8250000e+02;2.6252362e-01;2.8250000e+02;2.9964876e-01;2.8250000e+02;2.7311778e-01;2.8250000e+02;2.1503830e-01;2.8250000e+02;2.2044325e-01;2.8250000e+02;1.9474690e-01;2.8250000e+02;1.4932647e-01;2.8250000e+02;9.8147810e-02;2.8250000e+02;5.4867260e-02;2.8250000e+02;6.0220063e-03;2.8250000e+02;-3.5330895e-02;2.8250000e+02;-7.7292822e-02;2.8250000e+02;-1.2510739e-01;2.8250000e+02;-5.7975627e-02;2.8250000e+02;-2.3861110e-02;2.8250000e+02;3.7276387e-02;2.8250000e+02;1.1043534e-01;2.8250000e+02;1.9103356e-01;2.8250000e+02;2.6252362e-01;2.8250000e+02;2.9964876e-01;2.8250000e+02;2.7311778e-01;2.8250000e+02;2.1503830e-01;2.8250000e+02;2.2044325e-01;2.8250000e+02;1.9474690e-01;2.8250000e+02;1.4932647e-01;2.8250000e+02;9.8147810e-02;2.8250000e+02;5.4867260e-02;2.8250000e+02;6.0220063e-03;2.8250000e+02;-3.5330895e-02;2.8250000e+02;-7.7292822e-02;2.8250000e+02;-1.2510739e-01;2.8250000e+02;-5.7975627e-02;2.8250000e+02;-2.3861110e-02;2.8250000e+02;3.7276387e-02;2.8250000e+02;1.1043534e-01;2.8250000e+02;1.9103356e-01;2.8250000e+02;2.6252362e-01;2.8250000e+02;2.9964876e-01;2.8250000e+02;2.7311778e-01;2.8250000e+02;2.1503830e-01;2.8250000e+02;2.2044325e-01;2.8250000e+02;1.9474690e-01;2.8250000e+02;1.4932647e-01;2.8250000e+02;9.8147810e-02;2.8250000e+02;5.4867260e-02;2.8250000e+02;6.0220063e-03;2.8250000e+02;-3.5330895e-02;2.8250000e+02;-7.7292822e-02;2.8250000e+02;-1.2510739e-01;2.8250000e+02;-5.7975627e-02;2.8250000e+02;-2.3861110e-02;2.8250000e+02;3.7276387e-02;2.8250000e+02;1.1043534e-01;2.8250000e+02;1.9103356e-01;2.8250000e+02;2.6252362e-01;2.8250000e+02;2.9964876e-01;2.8250000e+02;2.7311778e-01;2.8250000e+02;2.1503830e-01;2.8250000e+02;2.2044325e-01;2.8250000e+02;1.9474690e-01;2.8250000e+02;1.4932647e-01;2.8250000e+02;9.8147810e-02;2.8250000e+02;5.4867260e-02;2.8250000e+02;6.0220063e-03;2.8250000e+02;-3.5330895e-02;2.8250000e+02;-7.7292822e-02;2.8250000e+02;-1.2510739e-01;2.8250000e+02;-5.7975627e-02;2.8250000e+02;-2.3861110e-02;2.8250000e+02;3.7276387e-02;2.8250000e+02;1.1043534e-01;2.8250000e+02;1.9103356e-01;2.8250000e+02;2.6252362e-01;2.8250000e+02;2.9964876e-01;2.8250000e+02;2.7311778e-01;2.8250000e+02;2.1503830e-01;2.8250000e+02;2.2044325e-01;2.8250000e+02;1.9474690e-01;2.8250000e+02;1.4932647e-01;2.8250000e+02;9.8147810e-02;2.8250000e+02;5.4867260e-02;2.8250000e+02;6.0220063e-03;2.8250000e+02;-3.5330895e-02;2.8250000e+02;-7.7292822e-02;2.8250000e+02;-1.2510739e-01;2.8250000e+02;-5.7975627e-02;2.8250000e+02;-2.3861110e-02;2.8250000e+02;3.7276387e-02;2.8250000e+02;1.1043534e-01;2.8250000e+02;1.9103356e-01;2.8250000e+02;2.6252362e-01;2.8250000e+02;2.9964876e-01;2.8250000e+02;2.7311778e-01;2.8250000e+02;2.1503830e-01;2.8250000e+02;2.2044325e-01;2.8250000e+02;1.9474690e-01;2.8250000e+02;1.4932647e-01;2.8250000e+02;9.8147810e-02;2.8250000e+02;5.4867260e-02;2.8250000e+02;6.0220063e-03;2.8250000e+02;-3.5330895e-02;2.8250000e+02;-7.7292822e-02;2.8250000e+02;-1.2510739e-01;2.8250000e+02;-5.7975627e-02;2.8250000e+02;-2.3861110e-02;2.8250000e+02;3.7276387e-02;2.8250000e+02;1.1043534e-01;2.8250000e+02;1.9103356e-01;2.8250000e+02;2.6252362e-01;2.8250000e+02;2.9964876e-01;2.8250000e+02;2.7311778e-01;2.8250000e+02;2.1503830e-01;2.8250000e+02;2.2044325e-01;2.8250000e+02;1.9474690e-01;2.8250000e+02;1.4932647e-01;2.8250000e+02;9.8147810e-02;2.8250000e+02;5.4867260e-02;2.8250000e+02;6.0220063e-03;2.8250000e+02;-3.5330895e-02;2.8250000e+02;-7.7292822e-02;2.8250000e+02;-1.2510739e-01;2.8250000e+02;-5.7975627e-02;2.8250000e+02;-2.3861110e-02;2.8250000e+02;3.7276387e-02;2.8250000e+02;1.1043534e-01;2.8250000e+02;1.9103356e-01;2.8250000e+02;2.6252362e-01;2.8250000e+02;2.9964876e-01;2.8250000e+02;2.7311778e-01;2.8250000e+02;2.1503830e-01;2.8250000e+02;2.2044325e-01;2.8250000e+02;1.9474690e-01;2.8250000e+02;1.4932647e-01;2.8250000e+02;9.8147810e-02;2.8250000e+02;5.4867260e-02;2.8250000e+02;6.0220063e-03;2.8250000e+02;-3.5330895e-02;2.8250000e+02;-7.7292822e-02;2.8250000e+02;-1.2510739e-01;2.8250000e+02;-5.7975627e-02;2.8250000e+02;-2.3861110e-02;2.8250000e+02;3.7276387e-02;2.8250000e+02;1.1043534e-01;2.8250000e+02;1.9103356e-01;2.8250000e+02;2.6252362e-01;2.8250000e+02;2.9964876e-01;2.8250000e+02;2.7311778e-01;2.8250000e+02;2.1503830e-01;2.8250000e+02;2.2044325e-01;2.8250000e+02;1.9474690e-01;2.8250000e+02;1.4932647e-01;2.8250000e+02;9.8147810e-02;2.8250000e+02;5.4867260e-02;2.8250000e+02;6.0220063e-03;2.8250000e+02;-3.5330895e-02;2.8250000e+02;-7.7292822e-02;2.8250000e+02;-1.2510739e-01;2.8250000e+02;-5.7975627e-02;2.8250000e+02;-2.3861110e-02;2.8250000e+02;3.7276387e-02;2.8250000e+02;1.1043534e-01;2.8250000e+02;1.9103356e-01;2.8250000e+02;2.6252362e-01;2.8250000e+02;2.9964876e-01;2.8250000e+02;2.7311778e-01;2.8250000e+02;2.1503830e-01;2.8250000e+02;2.2044325e-01;2.8250000e+02;1.9474690e-01;2.8250000e+02;1.4932647e-01;2.8250000e+02;9.8147810e-02;2.8250000e+02;5.4867260e-02;2.8250000e+02;6.0220063e-03;2.8250000e+02;-3.5330895e-02;2.8250000e+02;-7.7292822e-02;2.8250000e+02;-1.2510739e-01;2.8250000e+02;-5.7975627e-02;2.8250000e+02;-2.3861110e-02;2.8250000e+02;3.7276387e-02;2.8250000e+02;1.1043534e-01;2.8250000e+02;1.9103356e-01;2.8250000e+02;2.6252362e-01;2.8250000e+02;2.9964876e-01;2.8250000e+02;2.7311778e-01;2.8250000e+02;2.1503830e-01;2.8250000e+02;2.2044325e-01;2.8250000e+02;1.9474690e-01;2.8250000e+02;1.4932647e-01;2.8250000e+02;9.8147810e-02;2.8250000e+02;5.4867260e-02;2.8250000e+02;6.0220063e-03;2.8250000e+02;-3.5330895e-02;2.8250000e+02;-7.7292822e-02;2.8250000e+02;-1.2510739e-01;2.8250000e+02;-5.7975627e-02;2.8250000e+02;-2.3861110e-02;2.8250000e+02;3.7276387e-02;2.8250000e+02;1.1043534e-01;2.8250000e+02;1.9103356e-01;2.8250000e+02;2.6252362e-01;2.8250000e+02;2.9964876e-01;2.8250000e+02;2.7311778e-01;2.8250000e+02;2.1503830e-01;2.8250000e+02;2.2044325e-01;2.8250000e+02;1.9474690e-01;2.8250000e+02;1.4932647e-01;2.8250000e+02;9.8147810e-02;2.8250000e+02;5.4867260e-02;2.8250000e+02;6.0220063e-03;2.8250000e+02;-3.5330895e-02;2.8250000e+02;-7.7292822e-02;2.8250000e+02;-1.2510739e-01;2.8250000e+02;-5.7975627e-02;2.8250000e+02;-2.3861110e-02;2.8250000e+02;3.7276387e-02;2.8250000e+02;1.1043534e-01;2.8250000e+02;1.9103356e-01;2.8250000e+02;2.6252362e-01;2.8250000e+02;2.9964876e-01;2.8250000e+02;2.7311778e-01;2.8250000e+02;2.1503830e-01;2.8250000e+02;2.2044325e-01;2.8250000e+02;1.9474690e-01;2.8250000e+02;1.4932647e-01;2.8250000e+02;9.8147810e-02;2.8250000e+02;5.4867260e-02;2.8250000e+02;6.0220063e-03;2.8250000e+02;-3.5330895e-02;2.8250000e+02;-7.7292822e-02;2.8250000e+02;-1.2510739e-01;2.8250000e+02;-5.7975627e-02;2.8250000e+02;-2.3861110e-02;2.8250000e+02;3.7276387e-02;2.8250000e+02;1.1043534e-01;2.8250000e+02;1.9103356e-01;2.8250000e+02;2.6252362e-01;2.8250000e+02;2.9964876e-01;2.8250000e+02;2.7311778e-01;2.8250000e+02;2.1503830e-01;2.8250000e+02;2.2044325e-01;2.8250000e+02;1.9474690e-01;2.8250000e+02;1.4932647e-01;2.8250000e+02;9.8147810e-02;2.8250000e+02;5.4867260e-02;2.8250000e+02;6.0220063e-03;2.8250000e+02;-3.5330895e-02;2.8250000e+02;-7.7292822e-02;2.8250000e+02;-1.2510739e-01;2.8250000e+02;-5.7975627e-02;2.8250000e+02;-2.3861110e-02;2.8250000e+02;3.7276387e-02;2.8250000e+02;1.1043534e-01;2.8250000e+02;1.9103356e-01;2.8250000e+02;2.6252362e-01;2.8250000e+02;2.9964876e-01;2.8250000e+02;2.7311778e-01;2.8250000e+02;2.1503830e-01;2.8250000e+02;2.2044325e-01;2.8250000e+02;1.9474690e-01;2.8250000e+02;1.4932647e-01;2.8250000e+02;9.8147810e-02;2.8250000e+02;5.4867260e-02;2.8250000e+02;6.0220063e-03;2.8250000e+02;-3.5330895e-02;2.8250000e+02;-7.7292822e-02;2.8250000e+02;-1.2510739e-01;2.8250000e+02;-5.7975627e-02;2.8250000e+02;-2.3861110e-02;2.8250000e+02;3.7276387e-02;2.8250000e+02;1.1043534e-01;2.8250000e+02;1.9103356e-01;2.8250000e+02;2.6252362e-01;2.8250000e+02;2.9964876e-01;2.8250000e+02;2.7311778e-01;2.8250000e+02;2.1503830e-01;2.8250000e+02;2.2044325e-01;2.8250000e+02;1.9474690e-01;2.8250000e+02;1.4932647e-01;2.8250000e+02;9.8147810e-02;2.8250000e+02;5.4867260e-02;2.8250000e+02;6.0220063e-03;2.8250000e+02;-3.5330895e-02;2.8250000e+02;-7.7292822e-02;2.8250000e+02;-1.2510739e-01;2.8250000e+02;-5.7975627e-02;2.8250000e+02;-2.3861110e-02;2.8250000e+02;3.7276387e-02;2.8250000e+02;1.1043534e-01;2.8250000e+02;1.9103356e-01;2.8250000e+02;2.6252362e-01;2.8250000e+02;2.9964876e-01;2.8250000e+02;2.7311778e-01;2.8250000e+02;2.1503830e-01;2.8250000e+02;2.2044325e-01;2.8250000e+02;1.9474690e-01;2.8250000e+02;1.4932647e-01;2.8250000e+02;9.8147810e-02;2.8250000e+02;5.4867260e-02;2.8250000e+02;6.0220063e-03;2.8250000e+02;-3.5330895e-02;2.8250000e+02;-7.7292822e-02;2.8250000e+02;-1.2510739e-01;2.8250000e+02;-5.7975627e-02;2.8250000e+02;-2.3861110e-02;2.8250000e+02;3.7276387e-02;2.8250000e+02;1.1043534e-01;2.8250000e+02;1.9103356e-01;2.8250000e+02;2.6252362e-01;2.8250000e+02;2.9964876e-01;2.8250000e+02;2.7311778e-01;2.8250000e+02;2.1503830e-01;2.8250000e+02;2.2044325e-01;2.8250000e+02;1.9474690e-01;2.8250000e+02;1.4932647e-01;2.8250000e+02;9.8147810e-02;2.8250000e+02;5.4867260e-02;2.8250000e+02;6.0220063e-03;2.8250000e+02;-3.5330895e-02;2.8250000e+02;-7.7292822e-02;2.8250000e+02;-1.2510739e-01;2.8250000e+02;-5.7975627e-02;2.8250000e+02;-2.3861110e-02;2.8250000e+02;3.7276387e-02;2.8250000e+02;1.1043534e-01;2.8250000e+02;1.9103356e-01;2.8250000e+02;2.6252362e-01;2.8250000e+02;2.9964876e-01;2.8250000e+02;2.7311778e-01;2.8250000e+02;2.1503830e-01;2.8250000e+02;2.2044325e-01;2.8250000e+02;1.9474690e-01;2.8250000e+02;1.4932647e-01;2.8250000e+02;9.8147810e-02;2.8250000e+02;5.4867260e-02;2.8250000e+02;6.0220063e-03;2.8250000e+02;-3.5330895e-02;2.8250000e+02;-7.7292822e-02;2.8250000e+02;-1.2510739e-01;2.8250000e+02;-5.7975627e-02;2.8250000e+02;-2.3861110e-02;2.8250000e+02;3.7276387e-02;2.8250000e+02;1.1043534e-01;2.8250000e+02;1.9103356e-01;2.8250000e+02;2.6252362e-01;2.8250000e+02;2.9964876e-01;2.8250000e+02;2.7311778e-01;2.8250000e+02;2.1503830e-01;2.8250000e+02;2.2044325e-01;2.8250000e+02;1.9474690e-01;2.8250000e+02;1.4932647e-01;2.8250000e+02;9.8147810e-02;2.8250000e+02;5.4867260e-02;2.8250000e+02;6.0220063e-03;2.8250000e+02;-3.5330895e-02;2.8250000e+02;-7.7292822e-02;2.8250000e+02;-1.2510739e-01;2.8250000e+02;-5.7975627e-02;2.8250000e+02;-2.3861110e-02;2.8250000e+02;3.7276387e-02;2.8250000e+02;1.1043534e-01;2.8250000e+02;1.9103356e-01;2.8250000e+02;2.6252362e-01;2.8250000e+02;2.9964876e-01;2.8250000e+02;2.7311778e-01;2.8250000e+02;2.1503830e-01;2.8250000e+02;2.2044325e-01;2.8250000e+02;1.9474690e-01;2.8250000e+02;1.4932647e-01;2.8250000e+02;9.8147810e-02;2.8250000e+02;5.4867260e-02;2.8250000e+02;6.0220063e-03;2.8250000e+02;-3.5330895e-02;2.8250000e+02;-7.7292822e-02;2.8250000e+02;-1.2510739e-01;2.8250000e+02;-5.7975627e-02;2.8250000e+02;-2.3861110e-02;2.8250000e+02;3.7276387e-02;2.8250000e+02;1.1043534e-01;2.8250000e+02;1.9103356e-01;2.8250000e+02;2.6252362e-01;2.8250000e+02;2.9964876e-01;2.8250000e+02;2.7311778e-01;2.8250000e+02;2.1503830e-01;2.8250000e+02;2.2044325e-01;2.8250000e+02;1.9474690e-01;2.8250000e+02;1.4932647e-01;2.8250000e+02;9.8147810e-02;2.8250000e+02;5.4867260e-02;2.8250000e+02;6.0220063e-03;2.8250000e+02;-3.5330895e-02;2.8250000e+02;-7.7292822e-02;2.8250000e+02;-1.2510739e-01;2.8250000e+02;-5.7975627e-02;2.8250000e+02;-2.3861110e-02;2.8250000e+02;3.7276387e-02;2.8250000e+02;1.1043534e-01;2.8250000e+02;1.9103356e-01;2.8250000e+02;2.6252362e-01;2.8250000e+02;2.9964876e-01;2.8250000e+02;2.7311778e-01;2.8250000e+02;2.1503830e-01;2.8250000e+02;2.2044325e-01;2.8250000e+02;1.9474690e-01;2.8250000e+02;1.4932647e-01;2.8250000e+02;9.8147810e-02;2.8250000e+02;5.4867260e-02;2.8250000e+02;6.0220063e-03;2.8250000e+02;-3.5330895e-02;2.8250000e+02;-7.7292822e-02;2.8250000e+02;-1.2510739e-01;2.8250000e+02;-5.7975627e-02;2.8250000e+02;-2.3861110e-02;2.8250000e+02;3.7276387e-02;2.8250000e+02;1.1043534e-01;2.8250000e+02;1.9103356e-01;2.8250000e+02;2.6252362e-01;2.8250000e+02;2.9964876e-01;2.8250000e+02;2.7311778e-01;2.8250000e+02;2.1503830e-01;2.8250000e+02;2.2044325e-01;2.8250000e+02;1.9474690e-01;2.8250000e+02;1.4932647e-01;2.8250000e+02;9.8147810e-02;2.8250000e+02;5.4867260e-02;2.8250000e+02;6.0220063e-03;2.8250000e+02;-3.5330895e-02;2.8250000e+02;-7.7292822e-02;2.8250000e+02;-1.2510739e-01;2.8250000e+02;-5.7975627e-02;2.8250000e+02;-2.3861110e-02;2.8250000e+02;3.7276387e-02;2.8250000e+02;1.1043534e-01;2.8250000e+02;1.9103356e-01;2.8250000e+02;2.6252362e-01;2.8250000e+02;2.9964876e-01;2.8250000e+02;2.7311778e-01;2.8250000e+02;2.1503830e-01;2.8250000e+02;2.2044325e-01;2.8250000e+02;1.9474690e-01;2.8250000e+02;1.4932647e-01;2.8250000e+02;9.8147810e-02;2.8250000e+02;5.4867260e-02;2.8250000e+02;6.0220063e-03;2.8250000e+02;-3.5330895e-02;2.8250000e+02;-7.7292822e-02;2.8250000e+02;-1.2510739e-01;2.8250000e+02;-5.7975627e-02;2.8250000e+02;-2.3861110e-02;2.8250000e+02;3.7276387e-02;2.8250000e+02;1.1043534e-01;2.8250000e+02;1.9103356e-01;2.8250000e+02;2.6252362e-01;2.8250000e+02;2.9964876e-01;2.8250000e+02;2.7311778e-01;2.8250000e+02;2.1503830e-01;2.8250000e+02;2.2044325e-01;2.8250000e+02;1.9474690e-01;2.8250000e+02;1.4932647e-01;2.8250000e+02;9.8147810e-02;2.8250000e+02;5.4867260e-02;2.8250000e+02;6.0220063e-03;2.8250000e+02;-3.5330895e-02;2.8250000e+02;-7.7292822e-02;2.8250000e+02;-1.2510739e-01;2.8250000e+02;-5.7975627e-02;2.8250000e+02;-2.3861110e-02;2.8250000e+02;3.7276387e-02;2.8250000e+02;1.1043534e-01;2.8250000e+02;1.9103356e-01;2.8250000e+02;2.6252362e-01;2.8250000e+02;2.9964876e-01;2.8250000e+02;2.7311778e-01;2.8250000e+02;2.1503830e-01;2.8250000e+02;2.2044325e-01;2.8250000e+02;1.9474690e-01;2.8250000e+02;1.4932647e-01;2.8250000e+02;9.8147810e-02;2.8250000e+02;5.4867260e-02;2.8250000e+02;6.0220063e-03;2.8250000e+02;-3.5330895e-02;2.8250000e+02;-7.7292822e-02;2.8250000e+02;-1.2510739e-01;2.8250000e+02;-5.7975627e-02;2.8250000e+02;-2.3861110e-02;2.8250000e+02;3.7276387e-02;2.8250000e+02;1.1043534e-01;2.8250000e+02;1.9103356e-01;2.8250000e+02;2.6252362e-01;2.8250000e+02;2.9964876e-01;2.8250000e+02;2.7311778e-01;2.8250000e+02;2.1503830e-01;2.8250000e+02;2.2044325e-01;2.8250000e+02;1.9474690e-01;2.8250000e+02;1.4932647e-01;2.8250000e+02;9.8147810e-02;2.8250000e+02;5.4867260e-02;2.8250000e+02;6.0220063e-03;2.8250000e+02;-3.5330895e-02;2.8250000e+02;-7.7292822e-02;2.8250000e+02;-1.2510739e-01;2.8250000e+02;-5.7975627e-02;2.8250000e+02;-2.3861110e-02;2.8250000e+02;3.7276387e-02;2.8250000e+02;1.1043534e-01;2.8250000e+02;1.9103356e-01;2.8250000e+02;2.6252362e-01;2.8250000e+02;2.9964876e-01;2.8250000e+02;2.7311778e-01;2.8250000e+02;2.1503830e-01;2.8250000e+02;2.2044325e-01;2.8250000e+02;1.9474690e-01;2.8250000e+02;1.4932647e-01;2.8250000e+02;9.8147810e-02;2.8250000e+02;5.4867260e-02;2.8250000e+02;6.0220063e-03;2.8250000e+02;-3.5330895e-02;2.8250000e+02;-7.7292822e-02;2.8250000e+02;-1.2510739e-01;2.8250000e+02;-5.7975627e-02;2.8250000e+02;-2.3861110e-02;2.8250000e+02;3.7276387e-02;2.8250000e+02;1.1043534e-01;2.8250000e+02;1.9103356e-01;2.8250000e+02;2.6252362e-01;2.8250000e+02;2.9964876e-01;2.8250000e+02;2.7311778e-01;2.8250000e+02;2.1503830e-01;2.8250000e+02;2.2044325e-01;2.8250000e+02;1.9474690e-01;2.8250000e+02;1.4932647e-01;2.8250000e+02;9.8147810e-02;2.8250000e+02;5.4867260e-02;2.8250000e+02;6.0220063e-03;2.8250000e+02;-3.5330895e-02;2.8250000e+02;-7.7292822e-02;2.8250000e+02;-1.2510739e-01;2.8250000e+02;-5.7975627e-02;2.8250000e+02;-2.3861110e-02;2.8250000e+02;3.7276387e-02;2.8250000e+02;1.1043534e-01;2.8250000e+02;1.9103356e-01;2.8250000e+02;2.6252362e-01;2.8250000e+02;2.9964876e-01;2.8250000e+02;2.7311778e-01;2.8250000e+02;2.1503830e-01;2.8250000e+02;2.2044325e-01;2.8250000e+02;1.9474690e-01;2.8250000e+02;1.4932647e-01;2.8250000e+02;9.8147810e-02;2.8250000e+02;5.4867260e-02;2.8250000e+02;6.0220063e-03;2.8250000e+02;-3.5330895e-02;2.8250000e+02;-7.7292822e-02;2.8250000e+02;-1.2510739e-01;2.8250000e+02;-5.7975627e-02;2.8250000e+02;-2.3861110e-02;2.8250000e+02;3.7276387e-02;2.8250000e+02;1.1043534e-01;2.8250000e+02;1.9103356e-01;2.8250000e+02;2.6252362e-01;2.8250000e+02;2.9964876e-01;2.8250000e+02;2.7311778e-01;2.8250000e+02;2.1503830e-01;2.8250000e+02;2.2044325e-01;2.8250000e+02;1.9474690e-01;2.8250000e+02;1.4932647e-01;2.8250000e+02;9.8147810e-02;2.8250000e+02;5.4867260e-02;2.8250000e+02;6.0220063e-03;2.8250000e+02;-3.5330895e-02;2.8250000e+02;-7.7292822e-02;2.8250000e+02;-1.2510739e-01;2.8250000e+02;-5.7975627e-02;2.8250000e+02;-2.3861110e-02;2.8250000e+02;3.7276387e-02;2.8250000e+02;1.1043534e-01;2.8250000e+02;1.9103356e-01;2.8250000e+02;2.6252362e-01;2.8250000e+02;2.9964876e-01;2.8250000e+02;2.7311778e-01;2.8250000e+02;2.1503830e-01;2.8250000e+02;2.2044325e-01;2.8250000e+02;1.9474690e-01;2.8250000e+02;1.4932647e-01;2.8250000e+02;9.8147810e-02;2.8250000e+02;5.4867260e-02;2.8250000e+02;6.0220063e-03;2.8250000e+02;-3.5330895e-02;2.8250000e+02;-7.7292822e-02;2.8250000e+02;-1.2510739e-01;2.8250000e+02;-5.7975627e-02;2.8250000e+02;-2.3861110e-02;2.8250000e+02;3.7276387e-02;2.8250000e+02;1.1043534e-01;2.8250000e+02;1.9103356e-01;2.8250000e+02;2.6252362e-01;2.8250000e+02;2.9964876e-01;2.8250000e+02;2.7311778e-01;2.8250000e+02;2.1503830e-01;2.8250000e+02;2.2044325e-01;2.8250000e+02;1.9474690e-01;2.8250000e+02;1.4932647e-01;2.8250000e+02;9.8147810e-02;2.8250000e+02;5.4867260e-02;2.8250000e+02;6.0220063e-03;2.8250000e+02;-3.5330895e-02;2.8250000e+02;-7.7292822e-02;2.8250000e+02;-1.2510739e-01;2.8250000e+02;-5.7975627e-02;2.8250000e+02;-2.3861110e-02;2.8250000e+02;3.7276387e-02;2.8250000e+02;1.1043534e-01;2.8250000e+02;1.9103356e-01;2.8250000e+02;2.6252362e-01;2.8250000e+02;2.9964876e-01;2.8250000e+02;2.7311778e-01;2.8250000e+02;2.1503830e-01;2.8250000e+02;2.2044325e-01;2.8250000e+02;1.9474690e-01;2.8250000e+02;1.4932647e-01;2.8250000e+02;9.8147810e-02;2.8250000e+02;5.4867260e-02;2.8250000e+02;6.0220063e-03;2.8250000e+02;-3.5330895e-02;2.8250000e+02;-7.7292822e-02;2.8250000e+02;-1.2510739e-01;2.8250000e+02;-5.7975627e-02;2.8250000e+02;-2.3861110e-02;2.8250000e+02;3.7276387e-02;2.8250000e+02;1.1043534e-01;2.8250000e+02;1.9103356e-01;2.8250000e+02;2.6252362e-01;2.8250000e+02;2.9964876e-01;2.8250000e+02;2.7311778e-01;2.8250000e+02;2.1503830e-01;2.8250000e+02;2.2044325e-01;2.8250000e+02;1.9474690e-01;2.8250000e+02;1.4932647e-01;2.8250000e+02;9.8147810e-02;2.8250000e+02;5.4867260e-02;2.8250000e+02;6.0220063e-03;2.8250000e+02;-3.5330895e-02;2.8250000e+02;-7.7292822e-02;2.8250000e+02;-1.2510739e-01;2.8250000e+02;-5.7975627e-02;2.8250000e+02;-2.3861110e-02;2.8250000e+02;3.7276387e-02;2.8250000e+02;1.1043534e-01;2.8250000e+02;1.9103356e-01;2.8250000e+02;2.6252362e-01;2.8250000e+02;2.9964876e-01;2.8250000e+02;2.7311778e-01;2.8250000e+02;2.1503830e-01;2.8250000e+02;2.2044325e-01;2.8250000e+02;1.9474690e-01;2.8250000e+02;1.4932647e-01;2.8250000e+02;9.8147810e-02;2.8250000e+02;5.4867260e-02;2.8250000e+02;6.0220063e-03;2.8250000e+02;-3.5330895e-02;2.8250000e+02;-7.7292822e-02;2.8250000e+02;-1.2510739e-01;2.8250000e+02;-5.7975627e-02;2.8250000e+02;-2.3861110e-02;2.8250000e+02;3.7276387e-02;2.8250000e+02;1.1043534e-01;2.8250000e+02;1.9103356e-01;2.8250000e+02;2.6252362e-01;2.8250000e+02;2.9964876e-01;2.8250000e+02;2.7311778e-01;2.8250000e+02;2.1503830e-01;2.8250000e+02;2.2044325e-01;2.8250000e+02;1.9474690e-01;2.8250000e+02;1.4932647e-01;2.8250000e+02;9.8147810e-02;2.8250000e+02;5.4867260e-02;2.8250000e+02;6.0220063e-03;2.8250000e+02;-3.5330895e-02;2.8250000e+02;-7.7292822e-02;2.8250000e+02;-1.2510739e-01;2.8250000e+02;-5.7975627e-02;2.8250000e+02;-2.3861110e-02;2.8250000e+02;3.7276387e-02;2.8250000e+02;1.1043534e-01;2.8250000e+02;1.9103356e-01;2.8250000e+02;2.6252362e-01;2.8250000e+02;2.9964876e-01;2.8250000e+02;2.7311778e-01;2.8250000e+02;2.1503830e-01;2.8250000e+02;2.2044325e-01;2.8250000e+02;1.9474690e-01;2.8250000e+02;1.4932647e-01;2.8250000e+02;9.8147810e-02;2.8250000e+02;5.4867260e-02;2.8250000e+02;6.0220063e-03;2.8250000e+02;-3.5330895e-02;2.8250000e+02;-7.7292822e-02;2.8250000e+02;-1.2510739e-01;2.8250000e+02;-5.7975627e-02;2.8250000e+02;-2.3861110e-02;2.8250000e+02;3.7276387e-02;2.8250000e+02;1.1043534e-01;2.8250000e+02;1.9103356e-01;2.8250000e+02;2.6252362e-01;2.8250000e+02;2.9964876e-01;2.8250000e+02;2.7311778e-01;2.8250000e+02;2.1503830e-01;2.8250000e+02;2.2044325e-01;2.8250000e+02;1.9474690e-01;2.8250000e+02;1.4932647e-01;2.8250000e+02;9.8147810e-02;2.8250000e+02;5.4867260e-02;2.8250000e+02;6.0220063e-03;2.8250000e+02;-3.5330895e-02;2.8250000e+02;-7.7292822e-02;2.8250000e+02;-1.2510739e-01;2.8250000e+02;-5.7975627e-02;2.8250000e+02;-2.3861110e-02;2.8250000e+02;3.7276387e-02;2.8250000e+02;1.1043534e-01;2.8250000e+02;1.9103356e-01;2.8250000e+02;2.6252362e-01;2.8250000e+02;2.9964876e-01;2.8250000e+02;2.7311778e-01;2.8250000e+02;2.1503830e-01;2.8250000e+02;2.2044325e-01;2.8250000e+02;1.9474690e-01;2.8250000e+02;1.4932647e-01;2.8250000e+02;9.8147810e-02;2.8250000e+02;5.4867260e-02;2.8250000e+02;6.0220063e-03;2.8250000e+02;-3.5330895e-02;2.8250000e+02;-7.7292822e-02;2.8250000e+02;-1.2510739e-01;2.8250000e+02;-5.7975627e-02;2.8250000e+02;-2.3861110e-02;2.8250000e+02;3.7276387e-02;2.8250000e+02;1.1043534e-01;2.8250000e+02;1.9103356e-01;2.8250000e+02;2.6252362e-01;2.8250000e+02;2.9964876e-01;2.8250000e+02;2.7311778e-01;2.8250000e+02;2.1503830e-01;2.8250000e+02;2.2044325e-01;2.8250000e+02;1.9474690e-01;2.8250000e+02;1.4932647e-01;2.8250000e+02;9.8147810e-02;2.8250000e+02;5.4867260e-02;2.8250000e+02;6.0220063e-03;2.8250000e+02;-3.5330895e-02;2.8250000e+02;-7.7292822e-02;2.8250000e+02;-1.2510739e-01;2.8250000e+02;-5.7975627e-02;2.8250000e+02;-2.3861110e-02;2.8250000e+02;3.7276387e-02;2.8250000e+02;1.1043534e-01;2.8250000e+02;1.9103356e-01;2.8250000e+02;2.6252362e-01;2.8250000e+02;2.9964876e-01;2.8250000e+02;2.7311778e-01;2.8250000e+02;2.1503830e-01;2.8250000e+02;2.2044325e-01;2.8250000e+02;1.9474690e-01;2.8250000e+02;1.4932647e-01;2.8250000e+02;9.8147810e-02;2.8250000e+02;5.4867260e-02;2.8250000e+02;6.0220063e-03;2.8250000e+02;-3.5330895e-02;2.8250000e+02;-7.7292822e-02;2.8250000e+02;-1.2510739e-01;2.8250000e+02;-5.7975627e-02;2.8250000e+02;-2.3861110e-02;2.8250000e+02;3.7276387e-02;2.8250000e+02;1.1043534e-01;2.8250000e+02;1.9103356e-01;2.8250000e+02;2.6252362e-01;2.8250000e+02;2.9964876e-01;2.8250000e+02;2.7311778e-01;2.8250000e+02;2.1503830e-01;2.8250000e+02;2.2044325e-01;2.8250000e+02;1.9474690e-01;2.8250000e+02;1.4932647e-01;2.8250000e+02;9.8147810e-02;2.8250000e+02;5.4867260e-02;2.8250000e+02;6.0220063e-03;2.8250000e+02;-3.5330895e-02;2.8250000e+02;-7.7292822e-02;2.8250000e+02;-1.2510739e-01;2.8250000e+02;-5.7975627e-02;2.8250000e+02;-2.3861110e-02;2.8250000e+02;3.7276387e-02;2.8250000e+02;1.1043534e-01;2.8250000e+02;1.9103356e-01;2.8250000e+02;2.6252362e-01;2.8250000e+02;2.9964876e-01;2.8250000e+02;2.7311778e-01;2.8250000e+02;2.1503830e-01;2.8250000e+02;2.2044325e-01;2.8250000e+02;1.9474690e-01;2.8250000e+02;1.4932647e-01;2.8250000e+02;9.8147810e-02;2.8250000e+02;5.4867260e-02;2.8250000e+02;6.0220063e-03;2.8250000e+02;-3.5330895e-02;2.8250000e+02;-7.7292822e-02;2.8250000e+02;-1.2510739e-01;2.8250000e+02;-5.7975627e-02;2.8250000e+02;-2.3861110e-02;2.8250000e+02;3.7276387e-02;2.8250000e+02;1.1043534e-01;2.8250000e+02;1.9103356e-01;2.8250000e+02;2.6252362e-01;2.8250000e+02;2.9964876e-01;2.8250000e+02;2.7311778e-01;2.8250000e+02;2.1503830e-01;2.8250000e+02;2.2044325e-01;2.8250000e+02;1.9474690e-01;2.8250000e+02;1.4932647e-01;2.8250000e+02;9.8147810e-02;2.8250000e+02;5.4867260e-02;2.8250000e+02;6.0220063e-03;2.8250000e+02;-3.5330895e-02;2.8250000e+02;-7.7292822e-02;2.8250000e+02;-1.2510739e-01;2.8250000e+02;-5.7975627e-02;2.8250000e+02;-2.3861110e-02;2.8250000e+02;3.7276387e-02;2.8250000e+02;1.1043534e-01;2.8250000e+02;1.9103356e-01;2.8250000e+02;2.6252362e-01;2.8250000e+02;2.9964876e-01;2.8250000e+02;2.7311778e-01;2.8250000e+02;2.1503830e-01;2.8250000e+02;2.2044325e-01;2.8250000e+02;1.9474690e-01;2.8250000e+02;1.4932647e-01;2.8250000e+02;9.8147810e-02;2.8250000e+02;5.4867260e-02;2.8250000e+02;6.0220063e-03;2.8250000e+02;-3.5330895e-02;2.8250000e+02;-7.7292822e-02;2.8250000e+02;-1.2510739e-01;2.8250000e+02;-5.7975627e-02;2.8250000e+02;-2.3861110e-02;2.8250000e+02;3.7276387e-02;2.8250000e+02;1.1043534e-01;2.8250000e+02;1.9103356e-01;2.8250000e+02;2.6252362e-01;2.8250000e+02;2.9964876e-01;2.8250000e+02;2.7311778e-01;2.8250000e+02;2.1503830e-01;2.8250000e+02;2.2044325e-01;2.8250000e+02;1.9474690e-01;2.8250000e+02;1.4932647e-01;2.8250000e+02;9.8147810e-02;2.8250000e+02;5.4867260e-02;2.8250000e+02;6.0220063e-03;2.8250000e+02;-3.5330895e-02;2.8250000e+02;-7.7292822e-02;2.8250000e+02;-1.2510739e-01;2.8250000e+02;-5.7975627e-02;2.8250000e+02;-2.3861110e-02;2.8250000e+02;3.7276387e-02;2.8250000e+02;1.1043534e-01;2.8250000e+02;1.9103356e-01;2.8250000e+02;2.6252362e-01;2.8250000e+02;2.9964876e-01;2.8250000e+02;2.7311778e-01;2.8250000e+02;2.1503830e-01;2.8250000e+02;2.2044325e-01;2.8250000e+02;1.9474690e-01;2.8250000e+02;1.4932647e-01;2.8250000e+02;9.8147810e-02;2.8250000e+02;5.4867260e-02;2.8250000e+02;6.0220063e-03;2.8250000e+02;-3.5330895e-02;2.8250000e+02;-7.7292822e-02;2.8250000e+02;-1.2510739e-01;2.8250000e+02;-5.7975627e-02;2.8250000e+02;-2.3861110e-02;2.8250000e+02;3.7276387e-02;2.8250000e+02;1.1043534e-01;2.8250000e+02;1.9103356e-01;2.8250000e+02;2.6252362e-01;2.8250000e+02;2.9964876e-01;2.8250000e+02;2.7311778e-01;2.8250000e+02;2.1503830e-01;2.8250000e+02;2.2044325e-01;2.8250000e+02;1.9474690e-01;2.8250000e+02;1.4932647e-01;2.8250000e+02;9.8147810e-02;2.8250000e+02;5.4867260e-02;2.8250000e+02;6.0220063e-03;2.8250000e+02;-3.5330895e-02;2.8250000e+02;-7.7292822e-02;2.8250000e+02;-1.2510739e-01;2.8250000e+02;-5.7975627e-02;2.8250000e+02;-2.3861110e-02;2.8250000e+02;3.7276387e-02;2.8250000e+02;1.1043534e-01;2.8250000e+02;1.9103356e-01;2.8250000e+02;2.6252362e-01;2.8250000e+02;2.9964876e-01;2.8250000e+02;2.7311778e-01;2.8250000e+02;2.1503830e-01;2.8250000e+02;2.2044325e-01;2.8250000e+02;1.9474690e-01;2.8250000e+02;1.4932647e-01;2.8250000e+02;9.8147810e-02;2.8250000e+02;5.4867260e-02;2.8250000e+02;6.0220063e-03;2.8250000e+02;-3.5330895e-02;2.8250000e+02;-7.7292822e-02;2.8250000e+02;-1.2510739e-01;2.8250000e+02;-5.7975627e-02;2.8250000e+02;-2.3861110e-02;2.8250000e+02;3.7276387e-02;2.8250000e+02;1.1043534e-01;2.8250000e+02;1.9103356e-01;2.8250000e+02;2.6252362e-01;2.8250000e+02;2.9964876e-01;2.8250000e+02;2.7311778e-01;2.8250000e+02;2.1503830e-01;2.8250000e+02;2.2044325e-01;2.8250000e+02;1.9474690e-01;2.8250000e+02;1.4932647e-01;2.8250000e+02;9.8147810e-02;2.8250000e+02;5.4867260e-02;2.8250000e+02;6.0220063e-03;2.8250000e+02;-3.5330895e-02;2.8250000e+02;-7.7292822e-02;2.8250000e+02;-1.2510739e-01;2.8250000e+02;-5.7975627e-02;2.8250000e+02;-2.3861110e-02;2.8250000e+02;3.7276387e-02;2.8250000e+02;1.1043534e-01;2.8250000e+02;1.9103356e-01;2.8250000e+02;2.6252362e-01;2.8250000e+02;2.9964876e-01;2.8250000e+02;2.7311778e-01;2.8250000e+02;2.1503830e-01;2.8250000e+02;2.2044325e-01;2.8250000e+02;1.9474690e-01;2.8250000e+02;1.4932647e-01;2.8250000e+02;9.8147810e-02;2.8250000e+02;5.4867260e-02;2.8250000e+02;6.0220063e-03;2.8250000e+02;-3.5330895e-02;2.8250000e+02;-7.7292822e-02;2.8250000e+02;-1.2510739e-01;2.8250000e+02;-5.7975627e-02;2.8250000e+02;-2.3861110e-02;2.8250000e+02;3.7276387e-02;2.8250000e+02;1.1043534e-01;2.8250000e+02;1.9103356e-01;2.8250000e+02;2.6252362e-01;2.8250000e+02;2.9964876e-01;2.8250000e+02;2.7311778e-01;2.8250000e+02;2.1503830e-01;2.8250000e+02;2.2044325e-01;2.8250000e+02;1.9474690e-01;2.8250000e+02;1.4932647e-01;2.8250000e+02;9.8147810e-02;2.8250000e+02;5.4867260e-02;2.8250000e+02;6.0220063e-03;2.8250000e+02;-3.5330895e-02;2.8250000e+02;-7.7292822e-02;2.8250000e+02;-1.2510739e-01;2.8250000e+02;-5.7975627e-02;2.8250000e+02;-2.3861110e-02;2.8250000e+02;3.7276387e-02;2.8250000e+02;1.1043534e-01;2.8250000e+02;1.9103356e-01;2.8250000e+02;2.6252362e-01;2.8250000e+02;2.9964876e-01;2.8250000e+02;2.7311778e-01;2.8250000e+02;2.1503830e-01;2.8250000e+02;2.2044325e-01;2.8250000e+02;1.9474690e-01;2.8250000e+02;1.4932647e-01;2.8250000e+02;9.8147810e-02;2.8250000e+02;5.4867260e-02;2.8250000e+02;6.0220063e-03;2.8250000e+02;-3.5330895e-02;2.8250000e+02;-7.7292822e-02;2.8250000e+02;-1.2510739e-01;2.8250000e+02;-5.7975627e-02;2.8250000e+02;-2.3861110e-02;2.8250000e+02;3.7276387e-02;2.8250000e+02;1.1043534e-01;2.8250000e+02;1.9103356e-01;2.8250000e+02;2.6252362e-01;2.8250000e+02;2.9964876e-01;2.8250000e+02;2.7311778e-01;2.8250000e+02;2.1503830e-01;2.8250000e+02;2.2044325e-01;2.8250000e+02;1.9474690e-01;2.8250000e+02;1.4932647e-01;2.8250000e+02;9.8147810e-02;2.8250000e+02;5.4867260e-02;2.8250000e+02;6.0220063e-03;2.8250000e+02;-3.5330895e-02;2.8250000e+02;-7.7292822e-02;2.8250000e+02;-1.2510739e-01;2.8250000e+02;-5.7975627e-02;2.8250000e+02;-2.3861110e-02;2.8250000e+02;3.7276387e-02;2.8250000e+02;1.1043534e-01;2.8250000e+02;1.9103356e-01;2.8250000e+02;2.6252362e-01;2.8250000e+02;2.9964876e-01;2.8250000e+02;2.7311778e-01;2.8250000e+02;2.1503830e-01;2.8250000e+02;2.2044325e-01;2.8250000e+02;1.9474690e-01;2.8250000e+02;1.4932647e-01;2.8250000e+02;9.8147810e-02;2.8250000e+02;5.4867260e-02;2.8250000e+02;6.0220063e-03;2.8250000e+02;-3.5330895e-02;2.8250000e+02;-7.7292822e-02;2.8250000e+02;-1.2510739e-01;2.8250000e+02;-5.7975627e-02;2.8250000e+02;-2.3861110e-02;2.8250000e+02;3.7276387e-02;2.8250000e+02;1.1043534e-01;2.8250000e+02;1.9103356e-01;2.8250000e+02;2.6252362e-01;2.8250000e+02;2.9964876e-01;2.8250000e+02;2.7311778e-01;2.8250000e+02;2.1503830e-01;2.8250000e+02;2.2044325e-01;2.8250000e+02;1.9474690e-01;2.8250000e+02;1.4932647e-01;2.8250000e+02;9.8147810e-02;2.8250000e+02;5.4867260e-02;2.8250000e+02;6.0220063e-03;2.8250000e+02;-3.5330895e-02;2.8250000e+02;-7.7292822e-02;2.8250000e+02;-1.2510739e-01;2.8250000e+02;-5.7975627e-02;2.8250000e+02;-2.3861110e-02;2.8250000e+02;3.7276387e-02;2.8250000e+02;1.1043534e-01;2.8250000e+02;1.9103356e-01;2.8250000e+02;2.6252362e-01;2.8250000e+02;2.9964876e-01;2.8250000e+02;2.7311778e-01;2.8250000e+02;2.1503830e-01;2.8250000e+02;2.2044325e-01;2.8250000e+02;1.9474690e-01;2.8250000e+02;1.4932647e-01;2.8250000e+02;9.8147810e-02;2.8250000e+02;5.4867260e-02;2.8250000e+02;6.0220063e-03;2.8250000e+02;-3.5330895e-02;2.8250000e+02;-7.7292822e-02;2.8250000e+02;-1.2510739e-01;2.8250000e+02;-5.7975627e-02;2.8250000e+02;-2.3861110e-02;2.8250000e+02;3.7276387e-02;2.8250000e+02;1.1043534e-01;2.8250000e+02;1.9103356e-01;2.8250000e+02;2.6252362e-01;2.8250000e+02;2.9964876e-01;2.8250000e+02;2.7311778e-01;2.8250000e+02;2.1503830e-01;2.8250000e+02;2.2044325e-01;2.8250000e+02;1.9474690e-01;2.8250000e+02;1.4932647e-01;2.8250000e+02;9.8147810e-02;2.8250000e+02;5.4867260e-02;2.8250000e+02;6.0220063e-03;2.8250000e+02;-3.5330895e-02;2.8250000e+02;-7.7292822e-02;2.8250000e+02;-1.2510739e-01;2.8250000e+02;-5.7975627e-02;2.8250000e+02;-2.3861110e-02;2.8250000e+02;3.7276387e-02;2.8250000e+02;1.1043534e-01;2.8250000e+02;1.9103356e-01;2.8250000e+02;2.6252362e-01;2.8250000e+02;2.9964876e-01;2.8250000e+02;2.7311778e-01;2.8250000e+02;2.1503830e-01;2.8250000e+02;2.2044325e-01;2.8250000e+02;1.9474690e-01;2.8250000e+02;1.4932647e-01;2.8250000e+02;9.8147810e-02;2.8250000e+02;5.4867260e-02;2.8250000e+02;6.0220063e-03;2.8250000e+02;-3.5330895e-02;2.8250000e+02;-7.7292822e-02;2.8250000e+02;-1.2510739e-01;2.8250000e+02;-5.7975627e-02;2.8250000e+02;-2.3861110e-02;2.8250000e+02;3.7276387e-02;2.8250000e+02;1.1043534e-01;2.8250000e+02;1.9103356e-01;2.8250000e+02;2.6252362e-01;2.8250000e+02;2.9964876e-01;2.8250000e+02;2.7311778e-01;2.8250000e+02;2.1503830e-01;2.8250000e+02;2.2044325e-01;2.8250000e+02;1.9474690e-01;2.8250000e+02;1.4932647e-01;2.8250000e+02;9.8147810e-02;2.8250000e+02;5.4867260e-02;2.8250000e+02;6.0220063e-03;2.8250000e+02;-3.5330895e-02;2.8250000e+02;-7.7292822e-02;2.8250000e+02;-1.2510739e-01;2.8250000e+02;-5.7975627e-02;2.8250000e+02;-2.3861110e-02;2.8250000e+02;3.7276387e-02;2.8250000e+02;1.1043534e-01;2.8250000e+02;1.9103356e-01;2.8250000e+02;2.6252362e-01;2.8250000e+02;2.9964876e-01;2.8250000e+02;2.7311778e-01;2.8250000e+02;2.1503830e-01;2.8250000e+02;2.2044325e-01;2.8250000e+02;1.9474690e-01;2.8250000e+02;1.4932647e-01;2.8250000e+02;9.8147810e-02;2.8250000e+02;5.4867260e-02;2.8250000e+02;6.0220063e-03;2.8250000e+02;-3.5330895e-02;2.8250000e+02;-7.7292822e-02;2.8250000e+02;-1.2510739e-01;2.8250000e+02;-5.7975627e-02;2.8250000e+02;-2.3861110e-02;2.8250000e+02;3.7276387e-02;2.8250000e+02;1.1043534e-01;2.8250000e+02;1.9103356e-01;2.8250000e+02;2.6252362e-01;2.8250000e+02;2.9964876e-01;2.8250000e+02;2.7311778e-01;2.8250000e+02;2.1503830e-01;2.8250000e+02;2.2044325e-01;2.8250000e+02;1.9474690e-01;2.8250000e+02;1.4932647e-01;2.8250000e+02;9.8147810e-02;2.8250000e+02;5.4867260e-02;2.8250000e+02;6.0220063e-03;2.8250000e+02;-3.5330895e-02;2.8250000e+02;-7.7292822e-02;2.8250000e+02;-1.2510739e-01;2.8250000e+02;-5.7975627e-02;2.8250000e+02;-2.3861110e-02;2.8250000e+02;3.7276387e-02;2.8250000e+02;1.1043534e-01;2.8250000e+02;1.9103356e-01;2.8250000e+02;2.6252362e-01;2.8250000e+02;2.9964876e-01;2.8250000e+02;2.7311778e-01;2.8250000e+02;2.1503830e-01;2.8250000e+02;2.2044325e-01;2.8250000e+02;1.9474690e-01;2.8250000e+02;1.4932647e-01;2.8250000e+02;9.8147810e-02;2.8250000e+02;5.4867260e-02;2.8250000e+02;6.0220063e-03;2.8250000e+02;-3.5330895e-02;2.8250000e+02;-7.7292822e-02;2.8250000e+02;-1.2510739e-01;2.8250000e+02;-5.7975627e-02;2.8250000e+02;-2.3861110e-02;2.8250000e+02;3.7276387e-02;2.8250000e+02;1.1043534e-01;2.8250000e+02;1.9103356e-01;2.8250000e+02;2.6252362e-01;2.8250000e+02;2.9964876e-01;2.8250000e+02;2.7311778e-01;2.8250000e+02;2.1503830e-01;2.8250000e+02;2.2044325e-01;2.8250000e+02;1.9474690e-01;2.8250000e+02;1.4932647e-01;2.8250000e+02;9.8147810e-02;2.8250000e+02;5.4867260e-02;2.8250000e+02;6.0220063e-03;2.8250000e+02;-3.5330895e-02;2.8250000e+02;-7.7292822e-02;2.8250000e+02;-1.2510739e-01;2.8250000e+02;-5.7975627e-02;2.8250000e+02;-2.3861110e-02;2.8250000e+02;3.7276387e-02;2.8250000e+02;1.1043534e-01;2.8250000e+02;1.9103356e-01;2.8250000e+02;2.6252362e-01;2.8250000e+02;2.9964876e-01;2.8250000e+02;2.7311778e-01;2.8250000e+02;2.1503830e-01;2.8250000e+02;2.2044325e-01;2.8250000e+02;1.9474690e-01;2.8250000e+02;1.4932647e-01;2.8250000e+02;9.8147810e-02;2.8250000e+02;5.4867260e-02;2.8250000e+02;6.0220063e-03;2.8250000e+02;-3.5330895e-02;2.8250000e+02;-7.7292822e-02;2.8250000e+02;-1.2510739e-01;2.8250000e+02;-5.7975627e-02;2.8250000e+02;-2.3861110e-02;2.8250000e+02;3.7276387e-02;2.8250000e+02;1.1043534e-01;2.8250000e+02;1.9103356e-01;2.8250000e+02;2.6252362e-01;2.8250000e+02;2.9964876e-01;2.8250000e+02;2.7311778e-01;2.8250000e+02;2.1503830e-01;2.8250000e+02;2.2044325e-01;2.8250000e+02;1.9474690e-01;2.8250000e+02;1.4932647e-01;2.8250000e+02;9.8147810e-02;2.8250000e+02;5.4867260e-02;2.8250000e+02;6.0220063e-03;2.8250000e+02;-3.5330895e-02;2.8250000e+02;-7.7292822e-02;2.8250000e+02;-1.2510739e-01;2.8250000e+02;-5.7975627e-02;2.8250000e+02;-2.3861110e-02;2.8250000e+02;3.7276387e-02;2.8250000e+02;1.1043534e-01;2.8250000e+02;1.9103356e-01;2.8250000e+02;2.6252362e-01;2.8250000e+02;2.9964876e-01;2.8250000e+02;2.7311778e-01;2.8250000e+02;2.1503830e-01;2.8250000e+02;2.2044325e-01;2.8250000e+02;1.9474690e-01;2.8250000e+02;1.4932647e-01;2.8250000e+02;9.8147810e-02;2.8250000e+02;5.4867260e-02;2.8250000e+02;6.0220063e-03;2.8250000e+02;-3.5330895e-02;2.8250000e+02;-7.7292822e-02;2.8250000e+02;-1.2510739e-01;2.8250000e+02;-5.7975627e-02;2.8250000e+02;-2.3861110e-02;2.8250000e+02;3.7276387e-02;2.8250000e+02;1.1043534e-01;2.8250000e+02;1.9103356e-01;2.8250000e+02;2.6252362e-01;2.8250000e+02;2.9964876e-01;2.8250000e+02;2.7311778e-01;2.8250000e+02;2.1503830e-01;2.8250000e+02;2.2044325e-01;2.8250000e+02;1.9474690e-01;2.8250000e+02;1.4932647e-01;2.8250000e+02;9.8147810e-02;2.8250000e+02;5.4867260e-02;2.8250000e+02;6.0220063e-03;2.8250000e+02;-3.5330895e-02;2.8250000e+02;-7.7292822e-02;2.8250000e+02;-1.2510739e-01;2.8250000e+02;-5.7975627e-02;2.8250000e+02;-2.3861110e-02;2.8250000e+02;3.7276387e-02;2.8250000e+02;1.1043534e-01;2.8250000e+02;1.9103356e-01;2.8250000e+02;2.6252362e-01;2.8250000e+02;2.9964876e-01;2.8250000e+02;2.7311778e-01;2.8250000e+02;2.1503830e-01;2.8250000e+02;2.2044325e-01;2.8250000e+02;1.9474690e-01;2.8250000e+02;1.4932647e-01;2.8250000e+02;9.8147810e-02;2.8250000e+02;5.4867260e-02;2.8250000e+02;6.0220063e-03;2.8250000e+02;-3.5330895e-02;2.8250000e+02;-7.7292822e-02;2.8250000e+02;-1.2510739e-01;2.8250000e+02;-5.7975627e-02;2.8250000e+02;-2.3861110e-02;2.8250000e+02;3.7276387e-02;2.8250000e+02;1.1043534e-01;2.8250000e+02;1.9103356e-01;2.8250000e+02;2.6252362e-01;2.8250000e+02;2.9964876e-01;2.8250000e+02;2.7311778e-01;2.8250000e+02;2.1503830e-01;2.8250000e+02;2.2044325e-01;2.8250000e+02;1.9474690e-01;2.8250000e+02;1.4932647e-01;2.8250000e+02;9.8147810e-02;2.8250000e+02;5.4867260e-02;2.8250000e+02;6.0220063e-03;2.8250000e+02;-3.5330895e-02;2.8250000e+02;-7.7292822e-02;2.8250000e+02;-1.2510739e-01;2.8250000e+02;-5.7975627e-02;2.8250000e+02;-2.3861110e-02;2.8250000e+02;3.7276387e-02;2.8250000e+02;1.1043534e-01;2.8250000e+02;1.9103356e-01;2.8250000e+02;2.6252362e-01;2.8250000e+02;2.9964876e-01;2.8250000e+02;2.7311778e-01;2.8250000e+02;2.1503830e-01;2.8250000e+02;2.2044325e-01;2.8250000e+02;1.9474690e-01;2.8250000e+02;1.4932647e-01;2.8250000e+02;9.8147810e-02;2.8250000e+02;5.4867260e-02;2.8250000e+02;6.0220063e-03;2.8250000e+02;-3.5330895e-02;2.8250000e+02;-7.7292822e-02;2.8250000e+02;-1.2510739e-01;2.8250000e+02;-5.7975627e-02;2.8250000e+02;-2.3861110e-02;2.8250000e+02;3.7276387e-02;2.8250000e+02;1.1043534e-01;2.8250000e+02;1.9103356e-01;2.8250000e+02;2.6252362e-01;2.8250000e+02;2.9964876e-01;2.8250000e+02;2.7311778e-01;2.8250000e+02;2.1503830e-01;2.8250000e+02;2.2044325e-01;2.8250000e+02;1.9474690e-01;2.8250000e+02;1.4932647e-01;2.8250000e+02;9.8147810e-02;2.8250000e+02;5.4867260e-02;2.8250000e+02;6.0220063e-03;2.8250000e+02;-3.5330895e-02;2.8250000e+02;-7.7292822e-02;2.8250000e+02;-1.2510739e-01;2.8250000e+02;-5.7975627e-02;2.8250000e+02;-2.3861110e-02;2.8250000e+02;3.7276387e-02;2.8250000e+02;1.1043534e-01;2.8250000e+02;1.9103356e-01;2.8250000e+02;2.6252362e-01;2.8250000e+02;2.9964876e-01;2.8250000e+02;2.7311778e-01;2.8250000e+02;2.1503830e-01;2.8250000e+02;2.2044325e-01;2.8250000e+02;1.9474690e-01;2.8250000e+02;1.4932647e-01;2.8250000e+02;9.8147810e-02;2.8250000e+02;5.4867260e-02;2.8250000e+02;6.0220063e-03;2.8250000e+02;-3.5330895e-02;2.8250000e+02;-7.7292822e-02;2.8250000e+02;-1.2510739e-01;2.8250000e+02;-5.7975627e-02;2.8250000e+02;-2.3861110e-02;2.8250000e+02;3.7276387e-02;2.8250000e+02;1.1043534e-01;2.8250000e+02;1.9103356e-01;2.8250000e+02;2.6252362e-01;2.8250000e+02;2.9964876e-01;2.8250000e+02;2.7311778e-01;2.8250000e+02;2.1503830e-01;2.8250000e+02;2.2044325e-01;2.8250000e+02;1.9474690e-01;2.8250000e+02;1.4932647e-01;2.8250000e+02;9.8147810e-02;2.8250000e+02;5.4867260e-02;2.8250000e+02;6.0220063e-03;2.8250000e+02;-3.5330895e-02;2.8250000e+02;-7.7292822e-02;2.8250000e+02;-1.2510739e-01;2.8250000e+02;-5.7975627e-02;2.8250000e+02;-2.3861110e-02;2.8250000e+02;3.7276387e-02;2.8250000e+02;1.1043534e-01;2.8250000e+02;1.9103356e-01;2.8250000e+02;2.6252362e-01;2.8250000e+02;2.9964876e-01;2.8250000e+02;2.7311778e-01;2.8250000e+02;2.1503830e-01;2.8250000e+02;2.2044325e-01;2.8250000e+02;1.9474690e-01;2.8250000e+02;1.4932647e-01;2.8250000e+02;9.8147810e-02;2.8250000e+02;5.4867260e-02;2.8250000e+02;6.0220063e-03;2.8250000e+02;-3.5330895e-02;2.8250000e+02;-7.7292822e-02;2.8250000e+02;-1.2510739e-01;2.8250000e+02;-5.7975627e-02;2.8250000e+02;-2.3861110e-02;2.8250000e+02;3.7276387e-02;2.8250000e+02;1.1043534e-01;2.8250000e+02;1.9103356e-01;2.8250000e+02;2.6252362e-01;2.8250000e+02;2.9964876e-01;2.8250000e+02;2.7311778e-01;2.8250000e+02;2.1503830e-01;2.8250000e+02;2.2044325e-01;2.8250000e+02;1.9474690e-01;2.8250000e+02;1.4932647e-01;2.8250000e+02;9.8147810e-02;2.8250000e+02;5.4867260e-02;2.8250000e+02;6.0220063e-03;2.8250000e+02;-3.5330895e-02;2.8250000e+02;-7.7292822e-02;2.8250000e+02;-1.2510739e-01;2.8250000e+02;-5.7975627e-02;2.8250000e+02;-2.3861110e-02;2.8250000e+02;3.7276387e-02;2.8250000e+02;1.1043534e-01;2.8250000e+02;1.9103356e-01;2.8250000e+02;2.6252362e-01;2.8250000e+02;2.9964876e-01;2.8250000e+02;2.7311778e-01;2.8250000e+02;2.1503830e-01;2.8250000e+02;2.2044325e-01;2.8250000e+02;1.9474690e-01;2.8250000e+02;1.4932647e-01;2.8250000e+02;9.8147810e-02;2.8250000e+02;5.4867260e-02;2.8250000e+02;6.0220063e-03;2.8250000e+02;-3.5330895e-02;2.8250000e+02;-7.7292822e-02;2.8250000e+02;-1.2510739e-01;2.8250000e+02;-5.7975627e-02;2.8250000e+02;-2.3861110e-02;2.8250000e+02;3.7276387e-02;2.8250000e+02;1.1043534e-01;2.8250000e+02;1.9103356e-01;2.8250000e+02;2.6252362e-01;2.8250000e+02;2.9964876e-01;2.8250000e+02;2.7311778e-01;2.8250000e+02;2.1503830e-01;2.8250000e+02;2.2044325e-01;2.8250000e+02;1.9474690e-01;2.8250000e+02;1.4932647e-01;2.8250000e+02;9.8147810e-02;2.8250000e+02;5.4867260e-02;2.8250000e+02;6.0220063e-03;2.8250000e+02;-3.5330895e-02;2.8250000e+02;-7.7292822e-02;2.8250000e+02;-1.2510739e-01;2.8250000e+02;-5.7975627e-02;2.8250000e+02;-2.3861110e-02;2.8250000e+02;3.7276387e-02;2.8250000e+02;1.1043534e-01;2.8250000e+02;1.9103356e-01;2.8250000e+02;2.6252362e-01;2.8250000e+02;2.9964876e-01;2.8250000e+02;2.7311778e-01;2.8250000e+02;2.1503830e-01;2.8250000e+02;2.2044325e-01;2.8250000e+02;1.9474690e-01;2.8250000e+02;1.4932647e-01;2.8250000e+02;9.8147810e-02;2.8250000e+02;5.4867260e-02;2.8250000e+02;6.0220063e-03;2.8250000e+02;-3.5330895e-02;2.8250000e+02;-7.7292822e-02;2.8250000e+02;-1.2510739e-01;2.8250000e+02;-5.7975627e-02;2.8250000e+02;-2.3861110e-02;2.8250000e+02;3.7276387e-02;2.8250000e+02;1.1043534e-01;2.8250000e+02;1.9103356e-01;2.8250000e+02;2.6252362e-01;2.8250000e+02;2.9964876e-01;2.8250000e+02;2.7311778e-01;2.8250000e+02;2.1503830e-01;2.8250000e+02;2.2044325e-01;2.8250000e+02;1.9474690e-01;2.8250000e+02;1.4932647e-01;2.8250000e+02;9.8147810e-02;2.8250000e+02;5.4867260e-02;2.8250000e+02;6.0220063e-03;2.8250000e+02;-3.5330895e-02;2.8250000e+02;-7.7292822e-02;2.8250000e+02;-1.2510739e-01;2.8250000e+02;-5.7975627e-02;2.8250000e+02;-2.3861110e-02;2.8250000e+02;3.7276387e-02;2.8250000e+02;1.1043534e-01;2.8250000e+02;1.9103356e-01;2.8250000e+02;2.6252362e-01;2.8250000e+02;2.9964876e-01;2.8250000e+02;2.7311778e-01;2.8250000e+02;2.1503830e-01;2.8250000e+02;2.2044325e-01;2.8250000e+02;1.9474690e-01;2.8250000e+02;1.4932647e-01;2.8250000e+02;9.8147810e-02;2.8250000e+02;5.4867260e-02;2.8250000e+02;6.0220063e-03;2.8250000e+02;-3.5330895e-02;2.8250000e+02;-7.7292822e-02;2.8250000e+02;-1.2510739e-01;2.8250000e+02;-5.7975627e-02;2.8250000e+02;-2.3861110e-02;2.8250000e+02;3.7276387e-02;2.8250000e+02;1.1043534e-01;2.8250000e+02;1.9103356e-01;2.8250000e+02;2.6252362e-01;2.8250000e+02;2.9964876e-01;2.8250000e+02;2.7311778e-01;2.8250000e+02;2.1503830e-01;2.8250000e+02;2.2044325e-01;2.8250000e+02;1.9474690e-01;2.8250000e+02;1.4932647e-01;2.8250000e+02;9.8147810e-02;2.8250000e+02;5.4867260e-02;2.8250000e+02;6.0220063e-03;2.8250000e+02;-3.5330895e-02;2.8250000e+02;-7.7292822e-02;2.8250000e+02;-1.2510739e-01;2.8250000e+02;-5.7975627e-02;2.8250000e+02;-2.3861110e-02;2.8250000e+02;3.7276387e-02;2.8250000e+02;1.1043534e-01;2.8250000e+02;1.9103356e-01;2.8250000e+02;2.6252362e-01;2.8250000e+02;2.9964876e-01;2.8250000e+02;2.7311778e-01;2.8250000e+02;2.1503830e-01;2.8250000e+02;2.2044325e-01;2.8250000e+02;1.9474690e-01;2.8250000e+02;1.4932647e-01;2.8250000e+02;9.8147810e-02;2.8250000e+02;5.4867260e-02;2.8250000e+02;6.0220063e-03;2.8250000e+02;-3.5330895e-02;2.8250000e+02;-7.7292822e-02;2.8250000e+02;-1.2510739e-01;2.8250000e+02;-5.7975627e-02;2.8250000e+02;-2.3861110e-02;2.8250000e+02;3.7276387e-02;2.8250000e+02;1.1043534e-01;2.8250000e+02;1.9103356e-01;2.8250000e+02;2.6252362e-01;2.8250000e+02;2.9964876e-01;2.8250000e+02;2.7311778e-01;2.8250000e+02;2.1503830e-01;2.8250000e+02;2.2044325e-01;2.8250000e+02;1.9474690e-01;2.8250000e+02;1.4932647e-01;2.8250000e+02;9.8147810e-02;2.8250000e+02;5.4867260e-02;2.8250000e+02;6.0220063e-03;2.8250000e+02;-3.5330895e-02;2.8250000e+02;-7.7292822e-02;2.8250000e+02;-1.2510739e-01;2.8250000e+02;-5.7975627e-02;2.8250000e+02;-2.3861110e-02;2.8250000e+02;3.7276387e-02;2.8250000e+02;1.1043534e-01;2.8250000e+02;1.9103356e-01;2.8250000e+02;2.6252362e-01;2.8250000e+02;2.9964876e-01;2.8250000e+02;2.7311778e-01;2.8250000e+02;2.1503830e-01;2.8250000e+02;2.2044325e-01;2.8250000e+02;1.9474690e-01;2.8250000e+02;1.4932647e-01;2.8250000e+02;9.8147810e-02;2.8250000e+02;5.4867260e-02;2.8250000e+02;6.0220063e-03;2.8250000e+02;-3.5330895e-02;2.8250000e+02;-7.7292822e-02;2.8250000e+02;-1.2510739e-01;2.8250000e+02;-5.7975627e-02;2.8250000e+02;-2.3861110e-02;2.8250000e+02;3.7276387e-02;2.8250000e+02;1.1043534e-01;2.8250000e+02;1.9103356e-01;2.8250000e+02;2.6252362e-01;2.8250000e+02;2.9964876e-01;2.8250000e+02;2.7311778e-01;2.8250000e+02;2.1503830e-01;2.8250000e+02;2.2044325e-01;2.8250000e+02;1.9474690e-01;2.8250000e+02;1.4932647e-01;2.8250000e+02;9.8147810e-02;2.8250000e+02;5.4867260e-02;2.8250000e+02;6.0220063e-03;2.8250000e+02;-3.5330895e-02;2.8250000e+02;-7.7292822e-02;2.8250000e+02;-1.2510739e-01;2.8250000e+02;-5.7975627e-02;2.8250000e+02;-2.3861110e-02;2.8250000e+02;3.7276387e-02;2.8250000e+02;1.1043534e-01;2.8250000e+02;1.9103356e-01;2.8250000e+02;2.6252362e-01;2.8250000e+02;2.9964876e-01;2.8250000e+02;2.7311778e-01;2.8250000e+02;2.1503830e-01;2.8250000e+02;2.2044325e-01;2.8250000e+02;1.9474690e-01;2.8250000e+02;1.4932647e-01;2.8250000e+02;9.8147810e-02;2.8250000e+02;5.4867260e-02;2.8250000e+02;6.0220063e-03;2.8250000e+02;-3.5330895e-02;2.8250000e+02;-7.7292822e-02;2.8250000e+02;-1.2510739e-01;2.8250000e+02;-5.7975627e-02;2.8250000e+02;-2.3861110e-02;2.8250000e+02;3.7276387e-02;2.8250000e+02;1.1043534e-01;2.8250000e+02;1.9103356e-01;2.8250000e+02;2.6252362e-01;2.8250000e+02;2.9964876e-01;2.8250000e+02;2.7311778e-01;2.8250000e+02;2.1503830e-01;2.8250000e+02;2.2044325e-01;2.8250000e+02;1.9474690e-01;2.8250000e+02;1.4932647e-01;2.8250000e+02;9.8147810e-02;2.8250000e+02;5.4867260e-02;2.8250000e+02;6.0220063e-03;2.8250000e+02;-3.5330895e-02;2.8250000e+02;-7.7292822e-02;2.8250000e+02;-1.2510739e-01;2.8250000e+02;-5.7975627e-02;2.8250000e+02;-2.3861110e-02;2.8250000e+02;3.7276387e-02;2.8250000e+02;1.1043534e-01;2.8250000e+02;1.9103356e-01;2.8250000e+02;2.6252362e-01;2.8250000e+02;2.9964876e-01;2.8250000e+02;2.7311778e-01;2.8250000e+02;2.1503830e-01;2.8250000e+02;2.2044325e-01;2.8250000e+02;1.9474690e-01;2.8250000e+02;1.4932647e-01;2.8250000e+02;9.8147810e-02;2.8250000e+02;5.4867260e-02;2.8250000e+02;6.0220063e-03;2.8250000e+02;-3.5330895e-02;2.8250000e+02;-7.7292822e-02;2.8250000e+02;-1.2510739e-01;2.8250000e+02;-5.7975627e-02;2.8250000e+02;-2.3861110e-02;2.8250000e+02;3.7276387e-02;2.8250000e+02;1.1043534e-01;2.8250000e+02;1.9103356e-01;2.8250000e+02;2.6252362e-01;2.8250000e+02;2.9964876e-01;2.8250000e+02;2.7311778e-01;2.8250000e+02;2.1503830e-01;2.8250000e+02;2.2044325e-01;2.8250000e+02;1.9474690e-01;2.8250000e+02;1.4932647e-01;2.8250000e+02;9.8147810e-02;2.8250000e+02;5.4867260e-02;2.8250000e+02;6.0220063e-03;2.8250000e+02;-3.5330895e-02;2.8250000e+02;-7.7292822e-02;2.8250000e+02;-1.2510739e-01;2.8250000e+02;-5.7975627e-02;2.8250000e+02;-2.3861110e-02;2.8250000e+02;3.7276387e-02;2.8250000e+02;1.1043534e-01;2.8250000e+02;1.9103356e-01;2.8250000e+02;2.6252362e-01;2.8250000e+02;2.9964876e-01;2.8250000e+02;2.7311778e-01;2.8250000e+02;2.1503830e-01;2.8250000e+02;2.2044325e-01;2.8250000e+02;1.9474690e-01;2.8250000e+02;1.4932647e-01;2.8250000e+02;9.8147810e-02;2.8250000e+02;5.4867260e-02;2.8250000e+02;6.0220063e-03;2.8250000e+02;-3.5330895e-02;2.8250000e+02;-7.7292822e-02;2.8250000e+02;-1.2510739e-01;2.8250000e+02;-5.7975627e-02;2.8250000e+02;-2.3861110e-02;2.8250000e+02;3.7276387e-02;2.8250000e+02;1.1043534e-01;2.8250000e+02;1.9103356e-01;2.8250000e+02;2.6252362e-01;2.8250000e+02;2.9964876e-01;2.8250000e+02;2.7311778e-01;2.8250000e+02;2.1503830e-01;2.8250000e+02;2.2044325e-01;2.8250000e+02;1.9474690e-01;2.8250000e+02;1.4932647e-01;2.8250000e+02;9.8147810e-02;2.8250000e+02;5.4867260e-02;2.8250000e+02;6.0220063e-03;2.8250000e+02;-3.5330895e-02;2.8250000e+02;-7.7292822e-02;2.8250000e+02;-1.2510739e-01;2.8250000e+02;-5.7975627e-02;2.8250000e+02;-2.3861110e-02;2.8250000e+02;3.7276387e-02;2.8250000e+02;1.1043534e-01;2.8250000e+02;1.9103356e-01;2.8250000e+02;2.6252362e-01;2.8250000e+02;2.9964876e-01;2.8250000e+02;2.7311778e-01;2.8250000e+02;2.1503830e-01;2.8250000e+02;2.2044325e-01;2.8250000e+02;1.9474690e-01;2.8250000e+02;1.4932647e-01;2.8250000e+02;9.8147810e-02;2.8250000e+02;5.4867260e-02;2.8250000e+02;6.0220063e-03;2.8250000e+02;-3.5330895e-02;2.8250000e+02;-7.7292822e-02;2.8250000e+02;-1.2510739e-01;2.8250000e+02;-5.7975627e-02;2.8250000e+02;-2.3861110e-02;2.8250000e+02;3.7276387e-02;2.8250000e+02;1.1043534e-01;2.8250000e+02;1.9103356e-01;2.8250000e+02;2.6252362e-01;2.8250000e+02;2.9964876e-01;2.8250000e+02;2.7311778e-01;2.8250000e+02;2.1503830e-01;2.8250000e+02;2.2044325e-01;2.8250000e+02;1.9474690e-01;2.8250000e+02;1.4932647e-01;2.8250000e+02;9.8147810e-02;2.8250000e+02;5.4867260e-02;2.8250000e+02;6.0220063e-03;2.8250000e+02;-3.5330895e-02;2.8250000e+02;-7.7292822e-02;2.8250000e+02;-1.2510739e-01;2.8250000e+02;-5.7975627e-02;2.8250000e+02;-2.3861110e-02;2.8250000e+02;3.7276387e-02;2.8250000e+02;1.1043534e-01;2.8250000e+02;1.9103356e-01;2.8250000e+02;2.6252362e-01;2.8250000e+02;2.9964876e-01;2.8250000e+02;2.7311778e-01;2.8250000e+02;2.1503830e-01;2.8250000e+02;2.2044325e-01;2.8250000e+02;1.9474690e-01;2.8250000e+02;1.4932647e-01;2.8250000e+02;9.8147810e-02;2.8250000e+02;5.4867260e-02;2.8250000e+02;6.0220063e-03;2.8250000e+02;-3.5330895e-02;2.8250000e+02;-7.7292822e-02;2.8250000e+02;-1.2510739e-01;2.8250000e+02;-5.7975627e-02;2.8250000e+02;-2.3861110e-02;2.8250000e+02;3.7276387e-02;2.8250000e+02;1.1043534e-01;2.8250000e+02;1.9103356e-01;2.8250000e+02;2.6252362e-01;2.8250000e+02;2.9964876e-01;2.8250000e+02;2.7311778e-01;2.8250000e+02;2.1503830e-01;2.8250000e+02;2.2044325e-01;2.8250000e+02;1.9474690e-01;2.8250000e+02;1.4932647e-01;2.8250000e+02;9.8147810e-02;2.8250000e+02;5.4867260e-02;2.8250000e+02;6.0220063e-03;2.8250000e+02;-3.5330895e-02;2.8250000e+02;-7.7292822e-02;2.8250000e+02;-1.2510739e-01;2.8250000e+02;-5.7975627e-02;2.8250000e+02;-2.3861110e-02;2.8250000e+02;3.7276387e-02;2.8250000e+02;1.1043534e-01;2.8250000e+02;1.9103356e-01;2.8250000e+02;2.6252362e-01;2.8250000e+02;2.9964876e-01;2.8250000e+02;2.7311778e-01;2.8250000e+02;2.1503830e-01;2.8250000e+02;2.2044325e-01;2.8250000e+02;1.9474690e-01;2.8250000e+02;1.4932647e-01;2.8250000e+02;9.8147810e-02;2.8250000e+02;5.4867260e-02;2.8250000e+02;6.0220063e-03;2.8250000e+02;-3.5330895e-02;2.8250000e+02;-7.7292822e-02;2.8250000e+02;-1.2510739e-01;2.8250000e+02;-5.7975627e-02;2.8250000e+02;-2.3861110e-02;2.8250000e+02;3.7276387e-02;2.8250000e+02;1.1043534e-01;2.8250000e+02;1.9103356e-01;2.8250000e+02;2.6252362e-01;2.8250000e+02;2.9964876e-01;2.8250000e+02;2.7311778e-01;2.8250000e+02;2.1503830e-01;2.8250000e+02;2.2044325e-01;2.8250000e+02;1.9474690e-01;2.8250000e+02;1.4932647e-01;2.8250000e+02;9.8147810e-02;2.8250000e+02;5.4867260e-02;2.8250000e+02;6.0220063e-03;2.8250000e+02;-3.5330895e-02;2.8250000e+02;-7.7292822e-02;2.8250000e+02;-1.2510739e-01;2.8250000e+02;-5.7975627e-02;2.8250000e+02;-2.3861110e-02;2.8250000e+02;3.7276387e-02;2.8250000e+02;1.1043534e-01;2.8250000e+02;1.9103356e-01;2.8250000e+02;2.6252362e-01;2.8250000e+02;2.9964876e-01;2.8250000e+02;2.7311778e-01;2.8250000e+02;2.1503830e-01;2.8250000e+02;2.2044325e-01;2.8250000e+02;1.9474690e-01;2.8250000e+02;1.4932647e-01;2.8250000e+02;9.8147810e-02;2.8250000e+02;5.4867260e-02;2.8250000e+02;6.0220063e-03;2.8250000e+02;-3.5330895e-02;2.8250000e+02;-7.7292822e-02;2.8250000e+02;-1.2510739e-01;2.8250000e+02;-5.7975627e-02;2.8250000e+02;-2.3861110e-02;2.8250000e+02;3.7276387e-02;2.8250000e+02;1.1043534e-01;2.8250000e+02;1.9103356e-01;2.8250000e+02;2.6252362e-01;2.8250000e+02;2.9964876e-01;2.8250000e+02;2.7311778e-01;2.8250000e+02;2.1503830e-01;2.8250000e+02;2.2044325e-01;2.8250000e+02;1.9474690e-01;2.8250000e+02;1.4932647e-01;2.8250000e+02;9.8147810e-02;2.8250000e+02;5.4867260e-02;2.8250000e+02;6.0220063e-03;2.8250000e+02;-3.5330895e-02;2.8250000e+02;-7.7292822e-02;2.8250000e+02;-1.2510739e-01;2.8250000e+02;-5.7975627e-02;2.8250000e+02;-2.3861110e-02;2.8250000e+02;3.7276387e-02;2.8250000e+02;1.1043534e-01;2.8250000e+02;1.9103356e-01;2.8250000e+02;2.6252362e-01;2.8250000e+02;2.9964876e-01;2.8250000e+02;2.7311778e-01;2.8250000e+02;2.1503830e-01;2.8250000e+02;2.2044325e-01;2.8250000e+02;1.9474690e-01;2.8250000e+02;1.4932647e-01;2.8250000e+02;9.8147810e-02;2.8250000e+02;5.4867260e-02;2.8250000e+02;6.0220063e-03;2.8250000e+02;-3.5330895e-02;2.8250000e+02;-7.7292822e-02;2.8250000e+02;-1.2510739e-01;2.8250000e+02;-5.7975627e-02;2.8250000e+02;-2.3861110e-02;2.8250000e+02;3.7276387e-02;2.8250000e+02;1.1043534e-01;2.8250000e+02;1.9103356e-01;2.8250000e+02;2.6252362e-01;2.8250000e+02;2.9964876e-01;2.8250000e+02;2.7311778e-01;2.8250000e+02;2.1503830e-01;2.8250000e+02;2.2044325e-01;2.8250000e+02;1.9474690e-01;2.8250000e+02;1.4932647e-01;2.8250000e+02;9.8147810e-02;2.8250000e+02;5.4867260e-02;2.8250000e+02;6.0220063e-03;2.8250000e+02;-3.5330895e-02;2.8250000e+02;-7.7292822e-02;2.8250000e+02;-1.2510739e-01;2.8250000e+02;-5.7975627e-02;2.8250000e+02;-2.3861110e-02;2.8250000e+02;3.7276387e-02;2.8250000e+02;1.1043534e-01;2.8250000e+02;1.9103356e-01;2.8250000e+02;2.6252362e-01;2.8250000e+02;2.9964876e-01;2.8250000e+02;2.7311778e-01;2.8250000e+02;2.1503830e-01;2.8250000e+02;2.2044325e-01;2.8250000e+02;1.9474690e-01;2.8250000e+02;1.4932647e-01;2.8250000e+02;9.8147810e-02;2.8250000e+02;5.4867260e-02;2.8250000e+02;6.0220063e-03;2.8250000e+02;-3.5330895e-02;2.8250000e+02;-7.7292822e-02;2.8250000e+02;-1.2510739e-01;2.8250000e+02;-5.7975627e-02;2.8250000e+02;-2.3861110e-02;2.8250000e+02;3.7276387e-02;2.8250000e+02;1.1043534e-01;2.8250000e+02;1.9103356e-01;2.8250000e+02;2.6252362e-01;2.8250000e+02;2.9964876e-01;2.8250000e+02;2.7311778e-01;2.8250000e+02;2.1503830e-01;2.8250000e+02;2.2044325e-01;2.8250000e+02;1.9474690e-01;2.8250000e+02;1.4932647e-01;2.8250000e+02;9.8147810e-02;2.8250000e+02;5.4867260e-02;2.8250000e+02;6.0220063e-03;2.8250000e+02;-3.5330895e-02;2.8250000e+02;-7.7292822e-02;2.8250000e+02;-1.2510739e-01;2.8250000e+02;-5.7975627e-02;2.8250000e+02;-2.3861110e-02;2.8250000e+02;3.7276387e-02;2.8250000e+02;1.1043534e-01;2.8250000e+02;1.9103356e-01;2.8250000e+02;2.6252362e-01;2.8250000e+02;2.9964876e-01;2.8250000e+02;2.7311778e-01;2.8250000e+02;2.1503830e-01;2.8250000e+02;2.2044325e-01;2.8250000e+02;1.9474690e-01;2.8250000e+02;1.4932647e-01;2.8250000e+02;9.8147810e-02;2.8250000e+02;5.4867260e-02;2.8250000e+02;6.0220063e-03;2.8250000e+02;-3.5330895e-02;2.8250000e+02;-7.7292822e-02;2.8250000e+02;-1.2510739e-01;2.8250000e+02;-5.7975627e-02;2.8250000e+02;-2.3861110e-02;2.8250000e+02;3.7276387e-02;2.8250000e+02;1.1043534e-01;2.8250000e+02;1.9103356e-01;2.8250000e+02;2.6252362e-01;2.8250000e+02;2.9964876e-01;2.8250000e+02;2.7311778e-01;2.8250000e+02;2.1503830e-01;2.8250000e+02;2.2044325e-01;2.8250000e+02;1.9474690e-01;2.8250000e+02;1.4932647e-01;2.8250000e+02;9.8147810e-02;2.8250000e+02;5.4867260e-02;2.8250000e+02;6.0220063e-03;2.8250000e+02;-3.5330895e-02;2.8250000e+02;-7.7292822e-02;2.8250000e+02;-1.2510739e-01;2.8250000e+02;-5.7975627e-02;2.8250000e+02;-2.3861110e-02;2.8250000e+02;3.7276387e-02;2.8250000e+02;1.1043534e-01;2.8250000e+02;1.9103356e-01;2.8250000e+02;2.6252362e-01;2.8250000e+02;2.9964876e-01;2.8250000e+02;2.7311778e-01;2.8250000e+02;2.1503830e-01;2.8250000e+02;2.2044325e-01;2.8250000e+02;1.9474690e-01;2.8250000e+02;1.4932647e-01;2.8250000e+02;9.8147810e-02;2.8250000e+02;5.4867260e-02;2.8250000e+02;6.0220063e-03;2.8250000e+02;-3.5330895e-02;2.8250000e+02;-7.7292822e-02;2.8250000e+02;-1.2510739e-01;2.8250000e+02;-5.7975627e-02;2.8250000e+02;-2.3861110e-02;2.8250000e+02;3.7276387e-02;2.8250000e+02;1.1043534e-01;2.8250000e+02;1.9103356e-01;2.8250000e+02;2.6252362e-01;2.8250000e+02;2.9964876e-01;2.8250000e+02;2.7311778e-01;2.8250000e+02;2.1503830e-01;2.8250000e+02;2.2044325e-01;2.8250000e+02;1.9474690e-01;2.8250000e+02;1.4932647e-01;2.8250000e+02;9.8147810e-02;2.8250000e+02;5.4867260e-02;2.8250000e+02;6.0220063e-03;2.8250000e+02;-3.5330895e-02;2.8250000e+02;-7.7292822e-02;2.8250000e+02;-1.2510739e-01;2.8250000e+02;-5.7975627e-02;2.8250000e+02;-2.3861110e-02;2.8250000e+02;3.7276387e-02;2.8250000e+02;1.1043534e-01;2.8250000e+02;1.9103356e-01;2.8250000e+02;2.6252362e-01;2.8250000e+02;2.9964876e-01;2.8250000e+02;2.7311778e-01;2.8250000e+02;2.1503830e-01;2.8250000e+02;2.2044325e-01;2.8250000e+02;1.9474690e-01;2.8250000e+02;1.4932647e-01;2.8250000e+02;9.8147810e-02;2.8250000e+02;5.4867260e-02;2.8250000e+02;6.0220063e-03;2.8250000e+02;-3.5330895e-02;2.8250000e+02;-7.7292822e-02;2.8250000e+02;-1.2510739e-01;2.8250000e+02;-5.7975627e-02;2.8250000e+02;-2.3861110e-02;2.8250000e+02;3.7276387e-02;2.8250000e+02;1.1043534e-01;2.8250000e+02;1.9103356e-01;2.8250000e+02;2.6252362e-01;2.8250000e+02;2.9964876e-01;2.8250000e+02;2.7311778e-01;2.8250000e+02;2.1503830e-01;2.8250000e+02;2.2044325e-01;2.8250000e+02;1.9474690e-01;2.8250000e+02;1.4932647e-01;2.8250000e+02;9.8147810e-02;2.8250000e+02;5.4867260e-02;2.8250000e+02;6.0220063e-03;2.8250000e+02;-3.5330895e-02;2.8250000e+02;-7.7292822e-02;2.8250000e+02;-1.2510739e-01;2.8250000e+02;-5.7975627e-02;2.8250000e+02;-2.3861110e-02;2.8250000e+02;3.7276387e-02;2.8250000e+02;1.1043534e-01;2.8250000e+02;1.9103356e-01;2.8250000e+02;2.6252362e-01;2.8250000e+02;2.9964876e-01;2.8250000e+02;2.7311778e-01;2.8250000e+02;2.1503830e-01;2.8250000e+02;2.2044325e-01;2.8250000e+02;1.9474690e-01;2.8250000e+02;1.4932647e-01;2.8250000e+02;9.8147810e-02;2.8250000e+02;5.4867260e-02;2.8250000e+02;6.0220063e-03;2.8250000e+02;-3.5330895e-02;2.8250000e+02;-7.7292822e-02;2.8250000e+02;-1.2510739e-01;2.8250000e+02;-5.7975627e-02;2.8250000e+02;-2.3861110e-02;2.8250000e+02;3.7276387e-02;2.8250000e+02;1.1043534e-01;2.8250000e+02;1.9103356e-01;2.8250000e+02;2.6252362e-01;2.8250000e+02;2.9964876e-01;2.8250000e+02;2.7311778e-01;2.8250000e+02;2.1503830e-01;2.8250000e+02;2.2044325e-01;2.8250000e+02;1.9474690e-01;2.8250000e+02;1.4932647e-01;2.8250000e+02;9.8147810e-02;2.8250000e+02;5.4867260e-02;2.8250000e+02;6.0220063e-03;2.8250000e+02;-3.5330895e-02;2.8250000e+02;-7.7292822e-02;2.8250000e+02;-1.2510739e-01;2.8250000e+02;-5.7975627e-02;2.8250000e+02;-2.3861110e-02;2.8250000e+02;3.7276387e-02;2.8250000e+02;1.1043534e-01;2.8250000e+02;1.9103356e-01;2.8250000e+02;2.6252362e-01;2.8250000e+02;2.9964876e-01;2.8250000e+02;2.7311778e-01;2.8250000e+02;2.1503830e-01;2.8250000e+02;2.2044325e-01;2.8250000e+02;1.9474690e-01;2.8250000e+02;1.4932647e-01;2.8250000e+02;9.8147810e-02;2.8250000e+02;5.4867260e-02;2.8250000e+02;6.0220063e-03;2.8250000e+02;-3.5330895e-02;2.8250000e+02;-7.7292822e-02;2.8250000e+02;-1.2510739e-01;2.8250000e+02;-5.7975627e-02;2.8250000e+02;-2.3861110e-02;2.8250000e+02;3.7276387e-02;2.8250000e+02;1.1043534e-01;2.8250000e+02;1.9103356e-01;2.8250000e+02;2.6252362e-01;2.8250000e+02;2.9964876e-01;2.8250000e+02;2.7311778e-01;2.8250000e+02;2.1503830e-01;2.8250000e+02;2.2044325e-01;2.8250000e+02;1.9474690e-01;2.8250000e+02;1.4932647e-01;2.8250000e+02;9.8147810e-02;2.8250000e+02;5.4867260e-02;2.8250000e+02;6.0220063e-03;2.8250000e+02;-3.5330895e-02;2.8250000e+02;-7.7292822e-02;2.8250000e+02;-1.2510739e-01;2.8250000e+02;-5.7975627e-02;2.8250000e+02;-2.3861110e-02;2.8250000e+02;3.7276387e-02;2.8250000e+02;1.1043534e-01;2.8250000e+02;1.9103356e-01;2.8250000e+02;2.6252362e-01;2.8250000e+02;2.9964876e-01;2.8250000e+02;2.7311778e-01;2.8250000e+02;2.1503830e-01;2.8250000e+02;2.2044325e-01;2.8250000e+02;1.9474690e-01;2.8250000e+02;1.4932647e-01;2.8250000e+02;9.8147810e-02;2.8250000e+02;5.4867260e-02;2.8250000e+02;6.0220063e-03;2.8250000e+02;-3.5330895e-02;2.8250000e+02;-7.7292822e-02;2.8250000e+02;-1.2510739e-01;2.8250000e+02;-5.7975627e-02;2.8250000e+02;-2.3861110e-02;2.8250000e+02;3.7276387e-02;2.8250000e+02;1.1043534e-01;2.8250000e+02;1.9103356e-01;2.8250000e+02;2.6252362e-01;2.8250000e+02;2.9964876e-01;2.8250000e+02;2.7311778e-01;2.8250000e+02;2.1503830e-01;2.8250000e+02;2.2044325e-01;2.8250000e+02;1.9474690e-01;2.8250000e+02;1.4932647e-01;2.8250000e+02;9.8147810e-02;2.8250000e+02;5.4867260e-02;2.8250000e+02;6.0220063e-03;2.8250000e+02;-3.5330895e-02;2.8250000e+02;-7.7292822e-02;2.8250000e+02;-1.2510739e-01;2.8250000e+02;-5.7975627e-02;2.8250000e+02;-2.3861110e-02;2.8250000e+02;3.7276387e-02;2.8250000e+02;1.1043534e-01;2.8250000e+02;1.9103356e-01;2.8250000e+02;2.6252362e-01;2.8250000e+02;2.9964876e-01;2.8250000e+02;2.7311778e-01;2.8250000e+02;2.1503830e-01;2.8250000e+02;2.2044325e-01;2.8250000e+02;1.9474690e-01;2.8250000e+02;1.4932647e-01;2.8250000e+02;9.8147810e-02;2.8250000e+02;5.4867260e-02;2.8250000e+02;6.0220063e-03;2.8250000e+02;-3.5330895e-02;2.8250000e+02;-7.7292822e-02;2.8250000e+02;-1.2510739e-01;2.8250000e+02;-5.7975627e-02;2.8250000e+02;-2.3861110e-02;2.8250000e+02;3.7276387e-02;2.8250000e+02;1.1043534e-01;2.8250000e+02;1.9103356e-01;2.8250000e+02;2.6252362e-01;2.8250000e+02;2.9964876e-01;2.8250000e+02;2.7311778e-01;2.8250000e+02;2.1503830e-01;2.8250000e+02;2.2044325e-01;2.8250000e+02;1.9474690e-01;2.8250000e+02;1.4932647e-01;2.8250000e+02;9.8147810e-02;2.8250000e+02;5.4867260e-02;2.8250000e+02;6.0220063e-03;2.8250000e+02;-3.5330895e-02;2.8250000e+02;-7.7292822e-02;2.8250000e+02;-1.2510739e-01;2.8250000e+02;-5.7975627e-02;2.8250000e+02;-2.3861110e-02;2.8250000e+02;3.7276387e-02;2.8250000e+02;1.1043534e-01;2.8250000e+02;1.9103356e-01;2.8250000e+02;2.6252362e-01;2.8250000e+02;2.9964876e-01;2.8250000e+02;2.7311778e-01;2.8250000e+02;2.1503830e-01;2.8250000e+02;2.2044325e-01;2.8250000e+02;1.9474690e-01;2.8250000e+02;1.4932647e-01;2.8250000e+02;9.8147810e-02;2.8250000e+02;5.4867260e-02;2.8250000e+02;6.0220063e-03;2.8250000e+02;-3.5330895e-02;2.8250000e+02;-7.7292822e-02;2.8250000e+02;-1.2510739e-01;2.8250000e+02;-5.7975627e-02;2.8250000e+02;-2.3861110e-02;2.8250000e+02;3.7276387e-02;2.8250000e+02;1.1043534e-01;2.8250000e+02;1.9103356e-01;2.8250000e+02;2.6252362e-01;2.8250000e+02;2.9964876e-01;2.8250000e+02;2.7311778e-01;2.8250000e+02;2.1503830e-01;2.8250000e+02;2.2044325e-01;2.8250000e+02;1.9474690e-01;2.8250000e+02;1.4932647e-01;2.8250000e+02;9.8147810e-02;2.8250000e+02;5.4867260e-02;2.8250000e+02;6.0220063e-03;2.8250000e+02;-3.5330895e-02;2.8250000e+02;-7.7292822e-02;2.8250000e+02;-1.2510739e-01;2.8250000e+02;-5.7975627e-02;2.8250000e+02;-2.3861110e-02;2.8250000e+02;3.7276387e-02;2.8250000e+02;1.1043534e-01;2.8250000e+02;1.9103356e-01;2.8250000e+02;2.6252362e-01;2.8250000e+02;2.9964876e-01;2.8250000e+02;2.7311778e-01;2.8250000e+02;2.1503830e-01;2.8250000e+02;2.2044325e-01;2.8250000e+02;1.9474690e-01;2.8250000e+02;1.4932647e-01;2.8250000e+02;9.8147810e-02;2.8250000e+02;5.4867260e-02;2.8250000e+02;6.0220063e-03;2.8250000e+02;-3.5330895e-02;2.8250000e+02;-7.7292822e-02;2.8250000e+02;-1.2510739e-01;2.8250000e+02;-5.7975627e-02;2.8250000e+02;-2.3861110e-02;2.8250000e+02;3.7276387e-02;2.8250000e+02;1.1043534e-01;2.8250000e+02;1.9103356e-01;2.8250000e+02;2.6252362e-01;2.8250000e+02;2.9964876e-01;2.8250000e+02;2.7311778e-01;2.8250000e+02;2.1503830e-01;2.8250000e+02;2.2044325e-01;2.8250000e+02;1.9474690e-01;2.8250000e+02;1.4932647e-01;2.8250000e+02;9.8147810e-02;2.8250000e+02;5.4867260e-02;2.8250000e+02;6.0220063e-03;2.8250000e+02;-3.5330895e-02;2.8250000e+02;-7.7292822e-02;2.8250000e+02;-1.2510739e-01;2.8250000e+02;-5.7975627e-02;2.8250000e+02;-2.3861110e-02;2.8250000e+02;3.7276387e-02;2.8250000e+02;1.1043534e-01;2.8250000e+02;1.9103356e-01;2.8250000e+02;2.6252362e-01;2.8250000e+02;2.9964876e-01;2.8250000e+02;2.7311778e-01;2.8250000e+02;2.1503830e-01;2.8250000e+02;2.2044325e-01;2.8250000e+02;1.9474690e-01;2.8250000e+02;1.4932647e-01;2.8250000e+02;9.8147810e-02;2.8250000e+02;5.4867260e-02;2.8250000e+02;6.0220063e-03;2.8250000e+02;-3.5330895e-02;2.8250000e+02;-7.7292822e-02;2.8250000e+02;-1.2510739e-01;2.8250000e+02;-5.7975627e-02;2.8250000e+02;-2.3861110e-02;2.8250000e+02;3.7276387e-02;2.8250000e+02;1.1043534e-01;2.8250000e+02;1.9103356e-01;2.8250000e+02;2.6252362e-01;2.8250000e+02;2.9964876e-01;2.8250000e+02;2.7311778e-01;2.8250000e+02;2.1503830e-01;2.8250000e+02;2.2044325e-01;2.8250000e+02;1.9474690e-01;2.8250000e+02;1.4932647e-01;2.8250000e+02;9.8147810e-02;2.8250000e+02;5.4867260e-02;2.8250000e+02;6.0220063e-03;2.8250000e+02;-3.5330895e-02;2.8250000e+02;-7.7292822e-02;2.8250000e+02;-1.2510739e-01;2.8250000e+02;-5.7975627e-02;2.8250000e+02;-2.3861110e-02;2.8250000e+02;3.7276387e-02;2.8250000e+02;1.1043534e-01;2.8250000e+02;1.9103356e-01;2.8250000e+02;2.6252362e-01;2.8250000e+02;2.9964876e-01;2.8250000e+02;2.7311778e-01;2.8250000e+02;2.1503830e-01;2.8250000e+02;2.2044325e-01;2.8250000e+02;1.9474690e-01;2.8250000e+02;1.4932647e-01;2.8250000e+02;9.8147810e-02;2.8250000e+02;5.4867260e-02;2.8250000e+02;6.0220063e-03;2.8250000e+02;-3.5330895e-02;2.8250000e+02;-7.7292822e-02;2.8250000e+02;-1.2510739e-01;2.8250000e+02;-5.7975627e-02;2.8250000e+02;-2.3861110e-02;2.8250000e+02;3.7276387e-02;2.8250000e+02;1.1043534e-01;2.8250000e+02;1.9103356e-01;2.8250000e+02;2.6252362e-01;2.8250000e+02;2.9964876e-01;2.8250000e+02;2.7311778e-01;2.8250000e+02;2.1503830e-01;2.8250000e+02;2.2044325e-01;2.8250000e+02;1.9474690e-01;2.8250000e+02;1.4932647e-01;2.8250000e+02;9.8147810e-02;2.8250000e+02;5.4867260e-02;2.8250000e+02;6.0220063e-03;2.8250000e+02;-3.5330895e-02;2.8250000e+02;-7.7292822e-02;2.8250000e+02;-1.2510739e-01;2.8250000e+02;-5.7975627e-02;2.8250000e+02;-2.3861110e-02;2.8250000e+02;3.7276387e-02;2.8250000e+02;1.1043534e-01;2.8250000e+02;1.9103356e-01;2.8250000e+02;2.6252362e-01;2.8250000e+02;2.9964876e-01;2.8250000e+02;2.7311778e-01;2.8250000e+02;2.1503830e-01;2.8250000e+02;2.2044325e-01;2.8250000e+02;1.9474690e-01;2.8250000e+02;1.4932647e-01;2.8250000e+02;9.8147810e-02;2.8250000e+02;5.4867260e-02;2.8250000e+02;6.0220063e-03;2.8250000e+02;-3.5330895e-02;2.8250000e+02;-7.7292822e-02;2.8250000e+02;-1.2510739e-01;2.8250000e+02;-5.7975627e-02;2.8250000e+02;-2.3861110e-02;2.8250000e+02;3.7276387e-02;2.8250000e+02;1.1043534e-01;2.8250000e+02;1.9103356e-01;2.8250000e+02;2.6252362e-01;2.8250000e+02;2.9964876e-01;2.8250000e+02;2.7311778e-01;2.8250000e+02;2.1503830e-01;2.8250000e+02;2.2044325e-01;2.8250000e+02;1.9474690e-01;2.8250000e+02;1.4932647e-01;2.8250000e+02;9.8147810e-02;2.8250000e+02;5.4867260e-02;2.8250000e+02;6.0220063e-03;2.8250000e+02;-3.5330895e-02;2.8250000e+02;-7.7292822e-02;2.8250000e+02;-1.2510739e-01;2.8250000e+02;-5.7975627e-02;2.8250000e+02;-2.3861110e-02;2.8250000e+02;3.7276387e-02;2.8250000e+02;1.1043534e-01;2.8250000e+02;1.9103356e-01;2.8250000e+02;2.6252362e-01;2.8250000e+02;2.9964876e-01;2.8250000e+02;2.7311778e-01;2.8250000e+02;2.1503830e-01;2.8250000e+02;2.2044325e-01;2.8250000e+02;1.9474690e-01;2.8250000e+02;1.4932647e-01;2.8250000e+02;9.8147810e-02;2.8250000e+02;5.4867260e-02;2.8250000e+02;6.0220063e-03;2.8250000e+02;-3.5330895e-02;2.8250000e+02;-7.7292822e-02;2.8250000e+02;-1.2510739e-01;2.8250000e+02;-5.7975627e-02;2.8250000e+02;-2.3861110e-02;2.8250000e+02;3.7276387e-02;2.8250000e+02;1.1043534e-01;2.8250000e+02;1.9103356e-01;2.8250000e+02;2.6252362e-01;2.8250000e+02;2.9964876e-01;2.8250000e+02;2.7311778e-01;2.8250000e+02;2.1503830e-01;2.8250000e+02;2.2044325e-01;2.8250000e+02;1.9474690e-01;2.8250000e+02;1.4932647e-01;2.8250000e+02;9.8147810e-02;2.8250000e+02;5.4867260e-02;2.8250000e+02;6.0220063e-03;2.8250000e+02;-3.5330895e-02;2.8250000e+02;-7.7292822e-02;2.8250000e+02;-1.2510739e-01;2.8250000e+02;-5.7975627e-02;2.8250000e+02;-2.3861110e-02;2.8250000e+02;3.7276387e-02;2.8250000e+02;1.1043534e-01;2.8250000e+02;1.9103356e-01;2.8250000e+02;2.6252362e-01;2.8250000e+02;2.9964876e-01;2.8250000e+02;2.7311778e-01;2.8250000e+02;2.1503830e-01;2.8250000e+02;2.2044325e-01;2.8250000e+02;1.9474690e-01;2.8250000e+02;1.4932647e-01;2.8250000e+02;9.8147810e-02;2.8250000e+02;5.4867260e-02;2.8250000e+02;6.0220063e-03;2.8250000e+02;-3.5330895e-02;2.8250000e+02;-7.7292822e-02;2.8250000e+02;-1.2510739e-01;2.8250000e+02;-5.7975627e-02;2.8250000e+02;-2.3861110e-02;2.8250000e+02;3.7276387e-02;2.8250000e+02;1.1043534e-01;2.8250000e+02;1.9103356e-01;2.8250000e+02;2.6252362e-01;2.8250000e+02;2.9964876e-01;2.8250000e+02;2.7311778e-01;2.8250000e+02;2.1503830e-01;2.8250000e+02;2.2044325e-01;2.8250000e+02;1.9474690e-01;2.8250000e+02;1.4932647e-01;2.8250000e+02;9.8147810e-02;2.8250000e+02;5.4867260e-02;2.8250000e+02;6.0220063e-03;2.8250000e+02;-3.5330895e-02;2.8250000e+02;-7.7292822e-02;2.8250000e+02;-1.2510739e-01;2.8250000e+02;-5.7975627e-02;2.8250000e+02;-2.3861110e-02;2.8250000e+02;3.7276387e-02;2.8250000e+02;1.1043534e-01;2.8250000e+02;1.9103356e-01;2.8250000e+02;2.6252362e-01;2.8250000e+02;2.9964876e-01;2.8250000e+02;2.7311778e-01;2.8250000e+02;2.1503830e-01;2.8250000e+02;2.2044325e-01;2.8250000e+02;1.9474690e-01;2.8250000e+02;1.4932647e-01;2.8250000e+02;9.8147810e-02;2.8250000e+02;5.4867260e-02;2.8250000e+02;6.0220063e-03;2.8250000e+02;-3.5330895e-02;2.8250000e+02;-7.7292822e-02;2.8250000e+02;-1.2510739e-01;2.8250000e+02;-5.7975627e-02;2.8250000e+02;-2.3861110e-02;2.8250000e+02;3.7276387e-02;2.8250000e+02;1.1043534e-01;2.8250000e+02;1.9103356e-01;2.8250000e+02;2.6252362e-01;2.8250000e+02;2.9964876e-01;2.8250000e+02;2.7311778e-01;2.8250000e+02;2.1503830e-01;2.8250000e+02;2.2044325e-01;2.8250000e+02;1.9474690e-01;2.8250000e+02;1.4932647e-01;2.8250000e+02;9.8147810e-02;2.8250000e+02;5.4867260e-02;2.8250000e+02;6.0220063e-03;2.8250000e+02;-3.5330895e-02;2.8250000e+02;-7.7292822e-02;2.8250000e+02;-1.2510739e-01;2.8250000e+02;-5.7975627e-02;2.8250000e+02;-2.3861110e-02;2.8250000e+02;3.7276387e-02;2.8250000e+02;1.1043534e-01;2.8250000e+02;1.9103356e-01;2.8250000e+02;2.6252362e-01;2.8250000e+02;2.9964876e-01;2.8250000e+02;2.7311778e-01;2.8250000e+02;2.1503830e-01;2.8250000e+02;2.2044325e-01;2.8250000e+02;1.9474690e-01;2.8250000e+02;1.4932647e-01;2.8250000e+02;9.8147810e-02;2.8250000e+02;5.4867260e-02;2.8250000e+02;6.0220063e-03;2.8250000e+02;-3.5330895e-02;2.8250000e+02;-7.7292822e-02;2.8250000e+02;-1.2510739e-01;2.8250000e+02;-5.7975627e-02;2.8250000e+02;-2.3861110e-02;2.8250000e+02;3.7276387e-02;2.8250000e+02;1.1043534e-01;2.8250000e+02;1.9103356e-01;2.8250000e+02;2.6252362e-01;2.8250000e+02;2.9964876e-01;2.8250000e+02;2.7311778e-01;2.8250000e+02;2.1503830e-01;2.8250000e+02;2.2044325e-01;2.8250000e+02;1.9474690e-01;2.8250000e+02;1.4932647e-01;2.8250000e+02;9.8147810e-02;2.8250000e+02;5.4867260e-02;2.8250000e+02;6.0220063e-03;2.8250000e+02;-3.5330895e-02;2.8250000e+02;-7.7292822e-02;2.8250000e+02;-1.2510739e-01;2.8250000e+02;-5.7975627e-02;2.8250000e+02;-2.3861110e-02;2.8250000e+02;3.7276387e-02;2.8250000e+02;1.1043534e-01;2.8250000e+02;1.9103356e-01;2.8250000e+02;2.6252362e-01;2.8250000e+02;2.9964876e-01;2.8250000e+02;2.7311778e-01;2.8250000e+02;2.1503830e-01;2.8250000e+02;2.2044325e-01;2.8250000e+02;1.9474690e-01;2.8250000e+02;1.4932647e-01;2.8250000e+02;9.8147810e-02;2.8250000e+02;5.4867260e-02;2.8250000e+02;6.0220063e-03;2.8250000e+02;-3.5330895e-02;2.8250000e+02;-7.7292822e-02;2.8250000e+02;-1.2510739e-01;2.8250000e+02;-5.7975627e-02;2.8250000e+02;-2.3861110e-02;2.8250000e+02;3.7276387e-02;2.8250000e+02;1.1043534e-01;2.8250000e+02;1.9103356e-01;2.8250000e+02;2.6252362e-01;2.8250000e+02;2.9964876e-01;2.8250000e+02;2.7311778e-01;2.8250000e+02;2.1503830e-01;2.8250000e+02;2.2044325e-01;2.8250000e+02;1.9474690e-01;2.8250000e+02;1.4932647e-01;2.8250000e+02;9.8147810e-02;2.8250000e+02;5.4867260e-02;2.8250000e+02;6.0220063e-03;2.8250000e+02;-3.5330895e-02;2.8250000e+02;-7.7292822e-02;2.8250000e+02;-1.2510739e-01;2.8250000e+02;-5.7975627e-02;2.8250000e+02;-2.3861110e-02;2.8250000e+02;3.7276387e-02;2.8250000e+02;1.1043534e-01;2.8250000e+02;1.9103356e-01;2.8250000e+02;2.6252362e-01;2.8250000e+02;2.9964876e-01;2.8250000e+02;2.7311778e-01;2.8250000e+02;2.1503830e-01;2.8250000e+02;2.2044325e-01;2.8250000e+02;1.9474690e-01;2.8250000e+02;1.4932647e-01;2.8250000e+02;9.8147810e-02;2.8250000e+02;5.4867260e-02;2.8250000e+02;6.0220063e-03;2.8250000e+02;-3.5330895e-02;2.8250000e+02;-7.7292822e-02;2.8250000e+02;-1.2510739e-01;2.8250000e+02;-5.7975627e-02;2.8250000e+02;-2.3861110e-02;2.8250000e+02;3.7276387e-02;2.8250000e+02;1.1043534e-01;2.8250000e+02;1.9103356e-01;2.8250000e+02;2.6252362e-01;2.8250000e+02;2.9964876e-01;2.8250000e+02;2.7311778e-01;2.8250000e+02;2.1503830e-01;2.8250000e+02;2.2044325e-01;2.8250000e+02;1.9474690e-01;2.8250000e+02;1.4932647e-01;2.8250000e+02;9.8147810e-02;2.8250000e+02;5.4867260e-02;2.8250000e+02;6.0220063e-03;2.8250000e+02;-3.5330895e-02;2.8250000e+02;-7.7292822e-02;2.8250000e+02;-1.2510739e-01;2.8250000e+02;-5.7975627e-02;2.8250000e+02;-2.3861110e-02;2.8250000e+02;3.7276387e-02;2.8250000e+02;1.1043534e-01;2.8250000e+02;1.9103356e-01;2.8250000e+02;2.6252362e-01;2.8250000e+02;2.9964876e-01;2.8250000e+02;2.7311778e-01;2.8250000e+02;2.1503830e-01;2.8250000e+02;2.2044325e-01;2.8250000e+02;1.9474690e-01;2.8250000e+02;1.4932647e-01;2.8250000e+02;9.8147810e-02;2.8250000e+02;5.4867260e-02;2.8250000e+02;6.0220063e-03;2.8250000e+02;-3.5330895e-02;2.8250000e+02;-7.7292822e-02;2.8250000e+02;-1.2510739e-01;2.8250000e+02;-5.7975627e-02;2.8250000e+02;-2.3861110e-02;2.8250000e+02;3.7276387e-02;2.8250000e+02;1.1043534e-01;2.8250000e+02;1.9103356e-01;2.8250000e+02;2.6252362e-01;2.8250000e+02;2.9964876e-01;2.8250000e+02;2.7311778e-01;2.8250000e+02;2.1503830e-01;2.8250000e+02;2.2044325e-01;2.8250000e+02;1.9474690e-01;2.8250000e+02;1.4932647e-01;2.8250000e+02;9.8147810e-02;2.8250000e+02;5.4867260e-02;2.8250000e+02;6.0220063e-03;2.8250000e+02;-3.5330895e-02;2.8250000e+02;-7.7292822e-02;2.8250000e+02;-1.2510739e-01;2.8250000e+02;-5.7975627e-02;2.8250000e+02;-2.3861110e-02;2.8250000e+02;3.7276387e-02;2.8250000e+02;1.1043534e-01;2.8250000e+02;1.9103356e-01;2.8250000e+02;2.6252362e-01;2.8250000e+02;2.9964876e-01;2.8250000e+02;2.7311778e-01;2.8250000e+02;2.1503830e-01;2.8250000e+02;2.2044325e-01;2.8250000e+02;1.9474690e-01;2.8250000e+02;1.4932647e-01;2.8250000e+02;9.8147810e-02;2.8250000e+02;5.4867260e-02;2.8250000e+02;6.0220063e-03;2.8250000e+02;-3.5330895e-02;2.8250000e+02;-7.7292822e-02;2.8250000e+02;-1.2510739e-01;2.8250000e+02;-5.7975627e-02;2.8250000e+02;-2.3861110e-02;2.8250000e+02;3.7276387e-02;2.8250000e+02;1.1043534e-01;2.8250000e+02;1.9103356e-01;2.8250000e+02;2.6252362e-01;2.8250000e+02;2.9964876e-01;2.8250000e+02;2.7311778e-01;2.8250000e+02;2.1503830e-01;2.8250000e+02;2.2044325e-01;2.8250000e+02;1.9474690e-01;2.8250000e+02;1.4932647e-01;2.8250000e+02;9.8147810e-02;2.8250000e+02;5.4867260e-02;2.8250000e+02;6.0220063e-03;2.8250000e+02;-3.5330895e-02;2.8250000e+02;-7.7292822e-02;2.8250000e+02;-1.2510739e-01;2.8250000e+02;-5.7975627e-02;2.8250000e+02;-2.3861110e-02;2.8250000e+02;3.7276387e-02;2.8250000e+02;1.1043534e-01;2.8250000e+02;1.9103356e-01;2.8250000e+02;2.6252362e-01;2.8250000e+02;2.9964876e-01;2.8250000e+02;2.7311778e-01;2.8250000e+02;2.1503830e-01;2.8250000e+02;2.2044325e-01;2.8250000e+02;1.9474690e-01;2.8250000e+02;1.4932647e-01;2.8250000e+02;9.8147810e-02;2.8250000e+02;5.4867260e-02;2.8250000e+02;6.0220063e-03;2.8250000e+02;-3.5330895e-02;2.8250000e+02;-7.7292822e-02;2.8250000e+02;-1.2510739e-01;2.8250000e+02;-5.7975627e-02;2.8250000e+02;-2.3861110e-02;2.8250000e+02;3.7276387e-02;2.8250000e+02;1.1043534e-01;2.8250000e+02;1.9103356e-01;2.8250000e+02;2.6252362e-01;2.8250000e+02;2.9964876e-01;2.8250000e+02;2.7311778e-01;2.8250000e+02;2.1503830e-01;2.8250000e+02;2.2044325e-01;2.8250000e+02;1.9474690e-01;2.8250000e+02;1.4932647e-01;2.8250000e+02;9.8147810e-02;2.8250000e+02;5.4867260e-02;2.8250000e+02;6.0220063e-03;2.8250000e+02;-3.5330895e-02;2.8250000e+02;-7.7292822e-02;2.8250000e+02;-1.2510739e-01;2.8250000e+02;-5.7975627e-02;2.8250000e+02;-2.3861110e-02;2.8250000e+02;3.7276387e-02;2.8250000e+02;1.1043534e-01;2.8250000e+02;1.9103356e-01;2.8250000e+02;2.6252362e-01;2.8250000e+02;2.9964876e-01;2.8250000e+02;2.7311778e-01;2.8250000e+02;2.1503830e-01;2.8250000e+02;2.2044325e-01;2.8250000e+02;1.9474690e-01;2.8250000e+02;1.4932647e-01;2.8250000e+02;9.8147810e-02;2.8250000e+02;5.4867260e-02;2.8250000e+02;6.0220063e-03;2.8250000e+02;-3.5330895e-02;2.8250000e+02;-7.7292822e-02;2.8250000e+02;-1.2510739e-01;2.8250000e+02;-5.7975627e-02;2.8250000e+02;-2.3861110e-02;2.8250000e+02;3.7276387e-02;2.8250000e+02;1.1043534e-01;2.8250000e+02;1.9103356e-01;2.8250000e+02;2.6252362e-01;2.8250000e+02;2.9964876e-01;2.8250000e+02;2.7311778e-01;2.8250000e+02;2.1503830e-01;2.8250000e+02;2.2044325e-01;2.8250000e+02;1.9474690e-01;2.8250000e+02;1.4932647e-01;2.8250000e+02;9.8147810e-02;2.8250000e+02;5.4867260e-02;2.8250000e+02;6.0220063e-03;2.8250000e+02;-3.5330895e-02;2.8250000e+02;-7.7292822e-02;2.8250000e+02;-1.2510739e-01;2.8250000e+02;-5.7975627e-02;2.8250000e+02;-2.3861110e-02;2.8250000e+02;3.7276387e-02;2.8250000e+02;1.1043534e-01;2.8250000e+02;1.9103356e-01;2.8250000e+02;2.6252362e-01;2.8250000e+02;2.9964876e-01;2.8250000e+02;2.7311778e-01;2.8250000e+02;2.1503830e-01;2.8250000e+02;2.2044325e-01;2.8250000e+02;1.9474690e-01;2.8250000e+02;1.4932647e-01;2.8250000e+02;9.8147810e-02;2.8250000e+02;5.4867260e-02;2.8250000e+02;6.0220063e-03;2.8250000e+02;-3.5330895e-02;2.8250000e+02;-7.7292822e-02;2.8250000e+02;-1.2510739e-01;2.8250000e+02;-5.7975627e-02;2.8250000e+02;-2.3861110e-02;2.8250000e+02;3.7276387e-02;2.8250000e+02;1.1043534e-01;2.8250000e+02;1.9103356e-01;2.8250000e+02;2.6252362e-01;2.8250000e+02;2.9964876e-01;2.8250000e+02;2.7311778e-01;2.8250000e+02;2.1503830e-01;2.8250000e+02;2.2044325e-01;2.8250000e+02;1.9474690e-01;2.8250000e+02;1.4932647e-01;2.8250000e+02;9.8147810e-02;2.8250000e+02;5.4867260e-02;2.8250000e+02;6.0220063e-03;2.8250000e+02;-3.5330895e-02;2.8250000e+02;-7.7292822e-02;2.8250000e+02;-1.2510739e-01;2.8250000e+02;-5.7975627e-02;2.8250000e+02;-2.3861110e-02;2.8250000e+02;3.7276387e-02;2.8250000e+02;1.1043534e-01;2.8250000e+02;1.9103356e-01;2.8250000e+02;2.6252362e-01;2.8250000e+02;2.9964876e-01;2.8250000e+02;2.7311778e-01;2.8250000e+02;2.1503830e-01;2.8250000e+02;2.2044325e-01;2.8250000e+02;1.9474690e-01;2.8250000e+02;1.4932647e-01;2.8250000e+02;9.8147810e-02;2.8250000e+02;5.4867260e-02;2.8250000e+02;6.0220063e-03;2.8250000e+02;-3.5330895e-02;2.8250000e+02;-7.7292822e-02;2.8250000e+02;-1.2510739e-01;2.8250000e+02;-5.7975627e-02;2.8250000e+02;-2.3861110e-02;2.8250000e+02;3.7276387e-02;2.8250000e+02;1.1043534e-01;2.8250000e+02;1.9103356e-01;2.8250000e+02;2.6252362e-01;2.8250000e+02;2.9964876e-01;2.8250000e+02;2.7311778e-01;2.8250000e+02;2.1503830e-01;2.8250000e+02;2.2044325e-01;2.8250000e+02;1.9474690e-01;2.8250000e+02;1.4932647e-01;2.8250000e+02;9.8147810e-02;2.8250000e+02;5.4867260e-02;2.8250000e+02;6.0220063e-03;2.8250000e+02;-3.5330895e-02;2.8250000e+02;-7.7292822e-02;2.8250000e+02;-1.2510739e-01;2.8250000e+02;-5.7975627e-02;2.8250000e+02;-2.3861110e-02;2.8250000e+02;3.7276387e-02;2.8250000e+02;1.1043534e-01;2.8250000e+02;1.9103356e-01;2.8250000e+02;2.6252362e-01;2.8250000e+02;2.9964876e-01;2.8250000e+02;2.7311778e-01;2.8250000e+02;2.1503830e-01;2.8250000e+02;2.2044325e-01;2.8250000e+02;1.9474690e-01;2.8250000e+02;1.4932647e-01;2.8250000e+02;9.8147810e-02;2.8250000e+02;5.4867260e-02;2.8250000e+02;6.0220063e-03;2.8250000e+02;-3.5330895e-02;2.8250000e+02;-7.7292822e-02;2.8250000e+02;-1.2510739e-01;2.8250000e+02;-5.7975627e-02;2.8250000e+02;-2.3861110e-02;2.8250000e+02;3.7276387e-02;2.8250000e+02;1.1043534e-01;2.8250000e+02;1.9103356e-01;2.8250000e+02;2.6252362e-01;2.8250000e+02;2.9964876e-01;2.8250000e+02;2.7311778e-01;2.8250000e+02;2.1503830e-01;2.8250000e+02;2.2044325e-01;2.8250000e+02;1.9474690e-01;2.8250000e+02;1.4932647e-01;2.8250000e+02;9.8147810e-02;2.8250000e+02;5.4867260e-02;2.8250000e+02;6.0220063e-03;2.8250000e+02;-3.5330895e-02;2.8250000e+02;-7.7292822e-02;2.8250000e+02;-1.2510739e-01;2.8250000e+02;-5.7975627e-02;2.8250000e+02;-2.3861110e-02;2.8250000e+02;3.7276387e-02;2.8250000e+02;1.1043534e-01;2.8250000e+02;1.9103356e-01;2.8250000e+02;2.6252362e-01;2.8250000e+02;2.9964876e-01;2.8250000e+02;2.7311778e-01;2.8250000e+02;2.1503830e-01;2.8250000e+02;2.2044325e-01;2.8250000e+02;1.9474690e-01;2.8250000e+02;1.4932647e-01;2.8250000e+02;9.8147810e-02;2.8250000e+02;5.4867260e-02;2.8250000e+02;6.0220063e-03;2.8250000e+02;-3.5330895e-02;2.8250000e+02;-7.7292822e-02;2.8250000e+02;-1.2510739e-01;2.8250000e+02;-5.7975627e-02;2.8250000e+02;-2.3861110e-02;2.8250000e+02;3.7276387e-02;2.8250000e+02;1.1043534e-01;2.8250000e+02;1.9103356e-01;2.8250000e+02;2.6252362e-01;2.8250000e+02;2.9964876e-01;2.8250000e+02;2.7311778e-01;2.8250000e+02;2.1503830e-01;2.8250000e+02;2.2044325e-01;2.8250000e+02;1.9474690e-01;2.8250000e+02;1.4932647e-01;2.8250000e+02;9.8147810e-02;2.8250000e+02;5.4867260e-02;2.8250000e+02;6.0220063e-03;2.8250000e+02;-3.5330895e-02;2.8250000e+02;-7.7292822e-02;2.8250000e+02;-1.2510739e-01;2.8250000e+02;-5.7975627e-02;2.8250000e+02;-2.3861110e-02;2.8250000e+02;3.7276387e-02;2.8250000e+02;1.1043534e-01;2.8250000e+02;1.9103356e-01;2.8250000e+02;2.6252362e-01;2.8250000e+02;2.9964876e-01;2.8250000e+02;2.7311778e-01;2.8250000e+02;2.1503830e-01;2.8250000e+02;2.2044325e-01;2.8250000e+02;1.9474690e-01;2.8250000e+02;1.4932647e-01;2.8250000e+02;9.8147810e-02;2.8250000e+02;5.4867260e-02;2.8250000e+02;6.0220063e-03;2.8250000e+02;-3.5330895e-02;2.8250000e+02;-7.7292822e-02;2.8250000e+02;-1.2510739e-01;2.8250000e+02;-5.7975627e-02;2.8250000e+02;-2.3861110e-02;2.8250000e+02;3.7276387e-02;2.8250000e+02;1.1043534e-01;2.8250000e+02;1.9103356e-01;2.8250000e+02;2.6252362e-01;2.8250000e+02;2.9964876e-01;2.8250000e+02;2.7311778e-01;2.8250000e+02;2.1503830e-01;2.8250000e+02;2.2044325e-01;2.8250000e+02;1.9474690e-01;2.8250000e+02;1.4932647e-01;2.8250000e+02;9.8147810e-02;2.8250000e+02;5.4867260e-02;2.8250000e+02;6.0220063e-03;2.8250000e+02;-3.5330895e-02;2.8250000e+02;-7.7292822e-02;2.8250000e+02;-1.2510739e-01;2.8250000e+02;-5.7975627e-02;2.8250000e+02;-2.3861110e-02;2.8250000e+02;3.7276387e-02;2.8250000e+02;1.1043534e-01;2.8250000e+02;1.9103356e-01;2.8250000e+02;2.6252362e-01;2.8250000e+02;2.9964876e-01;2.8250000e+02;2.7311778e-01;2.8250000e+02;2.1503830e-01;2.8250000e+02;2.2044325e-01;2.8250000e+02;1.9474690e-01;2.8250000e+02;1.4932647e-01;2.8250000e+02;9.8147810e-02;2.8250000e+02;5.4867260e-02;2.8250000e+02;6.0220063e-03;2.8250000e+02;-3.5330895e-02;2.8250000e+02;-7.7292822e-02;2.8250000e+02;-1.2510739e-01;2.8250000e+02;-5.7975627e-02;2.8250000e+02;-2.3861110e-02;2.8250000e+02;3.7276387e-02;2.8250000e+02;1.1043534e-01;2.8250000e+02;1.9103356e-01;2.8250000e+02;2.6252362e-01;2.8250000e+02;2.9964876e-01;2.8250000e+02;2.7311778e-01;2.8250000e+02;2.1503830e-01;2.8250000e+02;2.2044325e-01;2.8250000e+02;1.9474690e-01;2.8250000e+02;1.4932647e-01;2.8250000e+02;9.8147810e-02;2.8250000e+02;5.4867260e-02;2.8250000e+02;6.0220063e-03;2.8250000e+02;-3.5330895e-02;2.8250000e+02;-7.7292822e-02;2.8250000e+02;-1.2510739e-01;2.8250000e+02;-5.7975627e-02;2.8250000e+02;-2.3861110e-02;2.8250000e+02;3.7276387e-02;2.8250000e+02;1.1043534e-01;2.8250000e+02;1.9103356e-01;2.8250000e+02;2.6252362e-01;2.8250000e+02;2.9964876e-01;2.8250000e+02;2.7311778e-01;2.8250000e+02;2.1503830e-01;2.8250000e+02;2.2044325e-01;2.8250000e+02;1.9474690e-01;2.8250000e+02;1.4932647e-01;2.8250000e+02;9.8147810e-02;2.8250000e+02;5.4867260e-02;2.8250000e+02;6.0220063e-03;2.8250000e+02;-3.5330895e-02;2.8250000e+02;-7.7292822e-02;2.8250000e+02;-1.2510739e-01;2.8250000e+02;-5.7975627e-02;2.8250000e+02;-2.3861110e-02;2.8250000e+02;3.7276387e-02;2.8250000e+02;1.1043534e-01;2.8250000e+02;1.9103356e-01;2.8250000e+02;2.6252362e-01;2.8250000e+02;2.9964876e-01;2.8250000e+02;2.7311778e-01;2.8250000e+02;2.1503830e-01;2.8250000e+02;2.2044325e-01;2.8250000e+02;1.9474690e-01;2.8250000e+02;1.4932647e-01;2.8250000e+02;9.8147810e-02;2.8250000e+02;5.4867260e-02;2.8250000e+02;6.0220063e-03;2.8250000e+02;-3.5330895e-02;2.8250000e+02;-7.7292822e-02;2.8250000e+02;-1.2510739e-01;2.8250000e+02;-5.7975627e-02;2.8250000e+02;-2.3861110e-02;2.8250000e+02;3.7276387e-02;2.8250000e+02;1.1043534e-01;2.8250000e+02;1.9103356e-01;2.8250000e+02;2.6252362e-01;2.8250000e+02;2.9964876e-01;2.8250000e+02;2.7311778e-01;2.8250000e+02;2.1503830e-01;2.8250000e+02;2.2044325e-01;2.8250000e+02;1.9474690e-01;2.8250000e+02;1.4932647e-01;2.8250000e+02;9.8147810e-02;2.8250000e+02;5.4867260e-02;2.8250000e+02;6.0220063e-03;2.8250000e+02;-3.5330895e-02;2.8250000e+02;-7.7292822e-02;2.8250000e+02;-1.2510739e-01
2.8750000e+02;-5.5182628e-02;2.8750000e+02;-1.3632223e-02;2.8750000e+02;4.7067598e-02;2.8750000e+02;1.2733229e-01;2.8750000e+02;2.1009152e-01;2.8750000e+02;2.6728457e-01;2.8750000e+02;3.0254814e-01;2.8750000e+02;2.9216129e-01;2.8750000e+02;2.3979016e-01;2.8750000e+02;2.2452396e-01;2.8750000e+02;1.9406626e-01;2.8750000e+02;1.4897393e-01;2.8750000e+02;9.8204285e-02;2.8750000e+02;5.5056818e-02;2.8750000e+02;6.1522350e-03;2.8750000e+02;-3.6926307e-02;2.8750000e+02;-7.9781607e-02;2.8750000e+02;-1.2643842e-01;2.8750000e+02;-5.5182628e-02;2.8750000e+02;-1.3632223e-02;2.8750000e+02;4.7067598e-02;2.8750000e+02;1.2733229e-01;2.8750000e+02;2.1009152e-01;2.8750000e+02;2.6728457e-01;2.8750000e+02;3.0254814e-01;2.8750000e+02;2.9216129e-01;2.8750000e+02;2.3979016e-01;2.8750000e+02;2.2452396e-01;2.8750000e+02;1.9406626e-01;2.8750000e+02;1.4897393e-01;2.8750000e+02;9.8204285e-02;2.8750000e+02;5.5056818e-02;2.8750000e+02;6.1522350e-03;2.8750000e+02;-3.6926307e-02;2.8750000e+02;-7.9781607e-02;2.8750000e+02;-1.2643842e-01;2.8750000e+02;-5.5182628e-02;2.8750000e+02;-1.3632223e-02;2.8750000e+02;4.7067598e-02;2.8750000e+02;1.2733229e-01;2.8750000e+02;2.1009152e-01;2.8750000e+02;2.6728457e-01;2.8750000e+02;3.0254814e-01;2.8750000e+02;2.9216129e-01;2.8750000e+02;2.3979016e-01;2.8750000e+02;2.2452396e-01;2.8750000e+02;1.9406626e-01;2.8750000e+02;1.4897393e-01;2.8750000e+02;9.8204285e-02;2.8750000e+02;5.5056818e-02;2.8750000e+02;6.1522350e-03;2.8750000e+02;-3.6926307e-02;2.8750000e+02;-7.9781607e-02;2.8750000e+02;-1.2643842e-01;2.8750000e+02;-5.5182628e-02;2.8750000e+02;-1.3632223e-02;2.8750000e+02;4.7067598e-02;2.8750000e+02;1.2733229e-01;2.8750000e+02;2.1009152e-01;2.8750000e+02;2.6728457e-01;2.8750000e+02;3.0254814e-01;2.8750000e+02;2.9216129e-01;2.8750000e+02;2.3979016e-01;2.8750000e+02;2.2452396e-01;2.8750000e+02;1.9406626e-01;2.8750000e+02;1.4897393e-01;2.8750000e+02;9.8204285e-02;2.8750000e+02;5.5056818e-02;2.8750000e+02;6.1522350e-03;2.8750000e+02;-3.6926307e-02;2.8750000e+02;-7.9781607e-02;2.8750000e+02;-1.2643842e-01;2.8750000e+02;-5.5182628e-02;2.8750000e+02;-1.3632223e-02;2.8750000e+02;4.7067598e-02;2.8750000e+02;1.2733229e-01;2.8750000e+02;2.1009152e-01;2.8750000e+02;2.6728457e-01;2.8750000e+02;3.0254814e-01;2.8750000e+02;2.9216129e-01;2.8750000e+02;2.3979016e-01;2.8750000e+02;2.2452396e-01;2.8750000e+02;1.9406626e-01;2.8750000e+02;1.4897393e-01;2.8750000e+02;9.8204285e-02;2.8750000e+02;5.5056818e-02;2.8750000e+02;6.1522350e-03;2.8750000e+02;-3.6926307e-02;2.8750000e+02;-7.9781607e-02;2.8750000e+02;-1.2643842e-01;2.8750000e+02;-5.5182628e-02;2.8750000e+02;-1.3632223e-02;2.8750000e+02;4.7067598e-02;2.8750000e+02;1.2733229e-01;2.8750000e+02;2.1009152e-01;2.8750000e+02;2.6728457e-01;2.8750000e+02;3.0254814e-01;2.8750000e+02;2.9216129e-01;2.8750000e+02;2.3979016e-01;2.8750000e+02;2.2452396e-01;2.8750000e+02;1.9406626e-01;2.8750000e+02;1.4897393e-01;2.8750000e+02;9.8204285e-02;2.8750000e+02;5.5056818e-02;2.8750000e+02;6.1522350e-03;2.8750000e+02;-3.6926307e-02;2.8750000e+02;-7.9781607e-02;2.8750000e+02;-1.2643842e-01;2.8750000e+02;-5.5182628e-02;2.8750000e+02;-1.3632223e-02;2.8750000e+02;4.7067598e-02;2.8750000e+02;1.2733229e-01;2.8750000e+02;2.1009152e-01;2.8750000e+02;2.6728457e-01;2.8750000e+02;3.0254814e-01;2.8750000e+02;2.9216129e-01;2.8750000e+02;2.3979016e-01;2.8750000e+02;2.2452396e-01;2.8750000e+02;1.9406626e-01;2.8750000e+02;1.4897393e-01;2.8750000e+02;9.8204285e-02;2.8750000e+02;5.5056818e-02;2.8750000e+02;6.1522350e-03;2.8750000e+02;-3.6926307e-02;2.8750000e+02;-7.9781607e-02;2.8750000e+02;-1.2643842e-01;2.8750000e+02;-5.5182628e-02;2.8750000e+02;-1.3632223e-02;2.8750000e+02;4.7067598e-02;2.8750000e+02;1.2733229e-01;2.8750000e+02;2.1009152e-01;2.8750000e+02;2.6728457e-01;2.8750000e+02;3.0254814e-01;2.8750000e+02;2.9216129e-01;2.8750000e+02;2.3979016e-01;2.8750000e+02;2.2452396e-01;2.8750000e+02;1.9406626e-01;2.8750000e+02;1.4897393e-01;2.8750000e+02;9.8204285e-02;2.8750000e+02;5.5056818e-02;2.8750000e+02;6.1522350e-03;2.8750000e+02;-3.6926307e-02;2.8750000e+02;-7.9781607e-02;2.8750000e+02;-1.2643842e-01;2.8750000e+02;-5.5182628e-02;2.8750000e+02;-1.3632223e-02;2.8750000e+02;4.7067598e-02;2.8750000e+02;1.2733229e-01;2.8750000e+02;2.1009152e-01;2.8750000e+02;2.6728457e-01;2.8750000e+02;3.0254814e-01;2.8750000e+02;2.9216129e-01;2.8750000e+02;2.3979016e-01;2.8750000e+02;2.2452396e-01;2.8750000e+02;1.9406626e-01;2.8750000e+02;1.4897393e-01;2.8750000e+02;9.8204285e-02;2.8750000e+02;5.5056818e-02;2.8750000e+02;6.1522350e-03;2.8750000e+02;-3.6926307e-02;2.8750000e+02;-7.9781607e-02;2.8750000e+02;-1.2643842e-01;2.8750000e+02;-5.5182628e-02;2.8750000e+02;-1.3632223e-02;2.8750000e+02;4.7067598e-02;2.8750000e+02;1.2733229e-01;2.8750000e+02;2.1009152e-01;2.8750000e+02;2.6728457e-01;2.8750000e+02;3.0254814e-01;2.8750000e+02;2.9216129e-01;2.8750000e+02;2.3979016e-01;2.8750000e+02;2.2452396e-01;2.8750000e+02;1.9406626e-01;2.8750000e+02;1.4897393e-01;2.8750000e+02;9.8204285e-02;2.8750000e+02;5.5056818e-02;2.8750000e+02;6.1522350e-03;2.8750000e+02;-3.6926307e-02;2.8750000e+02;-7.9781607e-02;2.8750000e+02;-1.2643842e-01;2.8750000e+02;-5.5182628e-02;2.8750000e+02;-1.3632223e-02;2.8750000e+02;4.7067598e-02;2.8750000e+02;1.2733229e-01;2.8750000e+02;2.1009152e-01;2.8750000e+02;2.6728457e-01;2.8750000e+02;3.0254814e-01;2.8750000e+02;2.9216129e-01;2.8750000e+02;2.3979016e-01;2.8750000e+02;2.2452396e-01;2.8750000e+02;1.9406626e-01;2.8750000e+02;1.4897393e-01;2.8750000e+02;9.8204285e-02;2.8750000e+02;5.5056818e-02;2.8750000e+02;6.1522350e-03;2.8750000e+02;-3.6926307e-02;2.8750000e+02;-7.9781607e-02;2.8750000e+02;-1.2643842e-01;2.8750000e+02;-5.5182628e-02;2.8750000e+02;-1.3632223e-02;2.8750000e+02;4.7067598e-02;2.8750000e+02;1.2733229e-01;2.8750000e+02;2.1009152e-01;2.8750000e+02;2.6728457e-01;2.8750000e+02;3.0254814e-01;2.8750000e+02;2.9216129e-01;2.8750000e+02;2.3979016e-01;2.8750000e+02;2.2452396e-01;2.8750000e+02;1.9406626e-01;2.8750000e+02;1.4897393e-01;2.8750000e+02;9.8204285e-02;2.8750000e+02;5.5056818e-02;2.8750000e+02;6.1522350e-03;2.8750000e+02;-3.6926307e-02;2.8750000e+02;-7.9781607e-02;2.8750000e+02;-1.2643842e-01;2.8750000e+02;-5.5182628e-02;2.8750000e+02;-1.3632223e-02;2.8750000e+02;4.7067598e-02;2.8750000e+02;1.2733229e-01;2.8750000e+02;2.1009152e-01;2.8750000e+02;2.6728457e-01;2.8750000e+02;3.0254814e-01;2.8750000e+02;2.9216129e-01;2.8750000e+02;2.3979016e-01;2.8750000e+02;2.2452396e-01;2.8750000e+02;1.9406626e-01;2.8750000e+02;1.4897393e-01;2.8750000e+02;9.8204285e-02;2.8750000e+02;5.5056818e-02;2.8750000e+02;6.1522350e-03;2.8750000e+02;-3.6926307e-02;2.8750000e+02;-7.9781607e-02;2.8750000e+02;-1.2643842e-01;2.8750000e+02;-5.5182628e-02;2.8750000e+02;-1.3632223e-02;2.8750000e+02;4.7067598e-02;2.8750000e+02;1.2733229e-01;2.8750000e+02;2.1009152e-01;2.8750000e+02;2.6728457e-01;2.8750000e+02;3.0254814e-01;2.8750000e+02;2.9216129e-01;2.8750000e+02;2.3979016e-01;2.8750000e+02;2.2452396e-01;2.8750000e+02;1.9406626e-01;2.8750000e+02;1.4897393e-01;2.8750000e+02;9.8204285e-02;2.8750000e+02;5.5056818e-02;2.8750000e+02;6.1522350e-03;2.8750000e+02;-3.6926307e-02;2.8750000e+02;-7.9781607e-02;2.8750000e+02;-1.2643842e-01;2.8750000e+02;-5.5182628e-02;2.8750000e+02;-1.3632223e-02;2.8750000e+02;4.7067598e-02;2.8750000e+02;1.2733229e-01;2.8750000e+02;2.1009152e-01;2.8750000e+02;2.6728457e-01;2.8750000e+02;3.0254814e-01;2.8750000e+02;2.9216129e-01;2.8750000e+02;2.3979016e-01;2.8750000e+02;2.2452396e-01;2.8750000e+02;1.9406626e-01;2.8750000e+02;1.4897393e-01;2.8750000e+02;9.8204285e-02;2.8750000e+02;5.5056818e-02;2.8750000e+02;6.1522350e-03;2.8750000e+02;-3.6926307e-02;2.8750000e+02;-7.9781607e-02;2.8750000e+02;-1.2643842e-01;2.8750000e+02;-5.5182628e-02;2.8750000e+02;-1.3632223e-02;2.8750000e+02;4.7067598e-02;2.8750000e+02;1.2733229e-01;2.8750000e+02;2.1009152e-01;2.8750000e+02;2.6728457e-01;2.8750000e+02;3.0254814e-01;2.8750000e+02;2.9216129e-01;2.8750000e+02;2.3979016e-01;2.8750000e+02;2.2452396e-01;2.8750000e+02;1.9406626e-01;2.8750000e+02;1.4897393e-01;2.8750000e+02;9.8204285e-02;2.8750000e+02;5.5056818e-02;2.8750000e+02;6.1522350e-03;2.8750000e+02;-3.6926307e-02;2.8750000e+02;-7.9781607e-02;2.8750000e+02;-1.2643842e-01;2.8750000e+02;-5.5182628e-02;2.8750000e+02;-1.3632223e-02;2.8750000e+02;4.7067598e-02;2.8750000e+02;1.2733229e-01;2.8750000e+02;2.1009152e-01;2.8750000e+02;2.6728457e-01;2.8750000e+02;3.0254814e-01;2.8750000e+02;2.9216129e-01;2.8750000e+02;2.3979016e-01;2.8750000e+02;2.2452396e-01;2.8750000e+02;1.9406626e-01;2.8750000e+02;1.4897393e-01;2.8750000e+02;9.8204285e-02;2.8750000e+02;5.5056818e-02;2.8750000e+02;6.1522350e-03;2.8750000e+02;-3.6926307e-02;2.8750000e+02;-7.9781607e-02;2.8750000e+02;-1.2643842e-01;2.8750000e+02;-5.5182628e-02;2.8750000e+02;-1.3632223e-02;2.8750000e+02;4.7067598e-02;2.8750000e+02;1.2733229e-01;2.8750000e+02;2.1009152e-01;2.8750000e+02;2.6728457e-01;2.8750000e+02;3.0254814e-01;2.8750000e+02;2.9216129e-01;2.8750000e+02;2.3979016e-01;2.8750000e+02;2.2452396e-01;2.8750000e+02;1.9406626e-01;2.8750000e+02;1.4897393e-01;2.8750000e+02;9.8204285e-02;2.8750000e+02;5.5056818e-02;2.8750000e+02;6.1522350e-03;2.8750000e+02;-3.6926307e-02;2.8750000e+02;-7.9781607e-02;2.8750000e+02;-1.2643842e-01;2.8750000e+02;-5.5182628e-02;2.8750000e+02;-1.3632223e-02;2.8750000e+02;4.7067598e-02;2.8750000e+02;1.2733229e-01;2.8750000e+02;2.1009152e-01;2.8750000e+02;2.6728457e-01;2.8750000e+02;3.0254814e-01;2.8750000e+02;2.9216129e-01;2.8750000e+02;2.3979016e-01;2.8750000e+02;2.2452396e-01;2.8750000e+02;1.9406626e-01;2.8750000e+02;1.4897393e-01;2.8750000e+02;9.8204285e-02;2.8750000e+02;5.5056818e-02;2.8750000e+02;6.1522350e-03;2.8750000e+02;-3.6926307e-02;2.8750000e+02;-7.9781607e-02;2.8750000e+02;-1.2643842e-01;2.8750000e+02;-5.5182628e-02;2.8750000e+02;-1.3632223e-02;2.8750000e+02;4.7067598e-02;2.8750000e+02;1.2733229e-01;2.8750000e+02;2.1009152e-01;2.8750000e+02;2.6728457e-01;2.8750000e+02;3.0254814e-01;2.8750000e+02;2.9216129e-01;2.8750000e+02;2.3979016e-01;2.8750000e+02;2.2452396e-01;2.8750000e+02;1.9406626e-01;2.8750000e+02;1.4897393e-01;2.8750000e+02;9.8204285e-02;2.8750000e+02;5.5056818e-02;2.8750000e+02;6.1522350e-03;2.8750000e+02;-3.6926307e-02;2.8750000e+02;-7.9781607e-02;2.8750000e+02;-1.2643842e-01;2.8750000e+02;-5.5182628e-02;2.8750000e+02;-1.3632223e-02;2.8750000e+02;4.7067598e-02;2.8750000e+02;1.2733229e-01;2.8750000e+02;2.1009152e-01;2.8750000e+02;2.6728457e-01;2.8750000e+02;3.0254814e-01;2.8750000e+02;2.9216129e-01;2.8750000e+02;2.3979016e-01;2.8750000e+02;2.2452396e-01;2.8750000e+02;1.9406626e-01;2.8750000e+02;1.4897393e-01;2.8750000e+02;9.8204285e-02;2.8750000e+02;5.5056818e-02;2.8750000e+02;6.1522350e-03;2.8750000e+02;-3.6926307e-02;2.8750000e+02;-7.9781607e-02;2.8750000e+02;-1.2643842e-01;2.8750000e+02;-5.5182628e-02;2.8750000e+02;-1.3632223e-02;2.8750000e+02;4.7067598e-02;2.8750000e+02;1.2733229e-01;2.8750000e+02;2.1009152e-01;2.8750000e+02;2.6728457e-01;2.8750000e+02;3.0254814e-01;2.8750000e+02;2.9216129e-01;2.8750000e+02;2.3979016e-01;2.8750000e+02;2.2452396e-01;2.8750000e+02;1.9406626e-01;2.8750000e+02;1.4897393e-01;2.8750000e+02;9.8204285e-02;2.8750000e+02;5.5056818e-02;2.8750000e+02;6.1522350e-03;2.8750000e+02;-3.6926307e-02;2.8750000e+02;-7.9781607e-02;2.8750000e+02;-1.2643842e-01;2.8750000e+02;-5.5182628e-02;2.8750000e+02;-1.3632223e-02;2.8750000e+02;4.7067598e-02;2.8750000e+02;1.2733229e-01;2.8750000e+02;2.1009152e-01;2.8750000e+02;2.6728457e-01;2.8750000e+02;3.0254814e-01;2.8750000e+02;2.9216129e-01;2.8750000e+02;2.3979016e-01;2.8750000e+02;2.2452396e-01;2.8750000e+02;1.9406626e-01;2.8750000e+02;1.4897393e-01;2.8750000e+02;9.8204285e-02;2.8750000e+02;5.5056818e-02;2.8750000e+02;6.1522350e-03;2.8750000e+02;-3.6926307e-02;2.8750000e+02;-7.9781607e-02;2.8750000e+02;-1.2643842e-01;2.8750000e+02;-5.5182628e-02;2.8750000e+02;-1.3632223e-02;2.8750000e+02;4.7067598e-02;2.8750000e+02;1.2733229e-01;2.8750000e+02;2.1009152e-01;2.8750000e+02;2.6728457e-01;2.8750000e+02;3.0254814e-01;2.8750000e+02;2.9216129e-01;2.8750000e+02;2.3979016e-01;2.8750000e+02;2.2452396e-01;2.8750000e+02;1.9406626e-01;2.8750000e+02;1.4897393e-01;2.8750000e+02;9.8204285e-02;2.8750000e+02;5.5056818e-02;2.8750000e+02;6.1522350e-03;2.8750000e+02;-3.6926307e-02;2.8750000e+02;-7.9781607e-02;2.8750000e+02;-1.2643842e-01;2.8750000e+02;-5.5182628e-02;2.8750000e+02;-1.3632223e-02;2.8750000e+02;4.7067598e-02;2.8750000e+02;1.2733229e-01;2.8750000e+02;2.1009152e-01;2.8750000e+02;2.6728457e-01;2.8750000e+02;3.0254814e-01;2.8750000e+02;2.9216129e-01;2.8750000e+02;2.3979016e-01;2.8750000e+02;2.2452396e-01;2.8750000e+02;1.9406626e-01;2.8750000e+02;1.4897393e-01;2.8750000e+02;9.8204285e-02;2.8750000e+02;5.5056818e-02;2.8750000e+02;6.1522350e-03;2.8750000e+02;-3.6926307e-02;2.8750000e+02;-7.9781607e-02;2.8750000e+02;-1.2643842e-01;2.8750000e+02;-5.5182628e-02;2.8750000e+02;-1.3632223e-02;2.8750000e+02;4.7067598e-02;2.8750000e+02;1.2733229e-01;2.8750000e+02;2.1009152e-01;2.8750000e+02;2.6728457e-01;2.8750000e+02;3.0254814e-01;2.8750000e+02;2.9216129e-01;2.8750000e+02;2.3979016e-01;2.8750000e+02;2.2452396e-01;2.8750000e+02;1.9406626e-01;2.8750000e+02;1.4897393e-01;2.8750000e+02;9.8204285e-02;2.8750000e+02;5.5056818e-02;2.8750000e+02;6.1522350e-03;2.8750000e+02;-3.6926307e-02;2.8750000e+02;-7.9781607e-02;2.8750000e+02;-1.2643842e-01;2.8750000e+02;-5.5182628e-02;2.8750000e+02;-1.3632223e-02;2.8750000e+02;4.7067598e-02;2.8750000e+02;1.2733229e-01;2.8750000e+02;2.1009152e-01;2.8750000e+02;2.6728457e-01;2.8750000e+02;3.0254814e-01;2.8750000e+02;2.9216129e-01;2.8750000e+02;2.3979016e-01;2.8750000e+02;2.2452396e-01;2.8750000e+02;1.9406626e-01;2.8750000e+02;1.4897393e-01;2.8750000e+02;9.8204285e-02;2.8750000e+02;5.5056818e-02;2.8750000e+02;6.1522350e-03;2.8750000e+02;-3.6926307e-02;2.8750000e+02;-7.9781607e-02;2.8750000e+02;-1.2643842e-01;2.8750000e+02;-5.5182628e-02;2.8750000e+02;-1.3632223e-02;2.8750000e+02;4.7067598e-02;2.8750000e+02;1.2733229e-01;2.8750000e+02;2.1009152e-01;2.8750000e+02;2.6728457e-01;2.8750000e+02;3.0254814e-01;2.8750000e+02;2.9216129e-01;2.8750000e+02;2.3979016e-01;2.8750000e+02;2.2452396e-01;2.8750000e+02;1.9406626e-01;2.8750000e+02;1.4897393e-01;2.8750000e+02;9.8204285e-02;2.8750000e+02;5.5056818e-02;2.8750000e+02;6.1522350e-03;2.8750000e+02;-3.6926307e-02;2.8750000e+02;-7.9781607e-02;2.8750000e+02;-1.2643842e-01;2.8750000e+02;-5.5182628e-02;2.8750000e+02;-1.3632223e-02;2.8750000e+02;4.7067598e-02;2.8750000e+02;1.2733229e-01;2.8750000e+02;2.1009152e-01;2.8750000e+02;2.6728457e-01;2.8750000e+02;3.0254814e-01;2.8750000e+02;2.9216129e-01;2.8750000e+02;2.3979016e-01;2.8750000e+02;2.2452396e-01;2.8750000e+02;1.9406626e-01;2.8750000e+02;1.4897393e-01;2.8750000e+02;9.8204285e-02;2.8750000e+02;5.5056818e-02;2.8750000e+02;6.1522350e-03;2.8750000e+02;-3.6926307e-02;2.8750000e+02;-7.9781607e-02;2.8750000e+02;-1.2643842e-01;2.8750000e+02;-5.5182628e-02;2.8750000e+02;-1.3632223e-02;2.8750000e+02;4.7067598e-02;2.8750000e+02;1.2733229e-01;2.8750000e+02;2.1009152e-01;2.8750000e+02;2.6728457e-01;2.8750000e+02;3.0254814e-01;2.8750000e+02;2.9216129e-01;2.8750000e+02;2.3979016e-01;2.8750000e+02;2.2452396e-01;2.8750000e+02;1.9406626e-01;2.8750000e+02;1.4897393e-01;2.8750000e+02;9.8204285e-02;2.8750000e+02;5.5056818e-02;2.8750000e+02;6.1522350e-03;2.8750000e+02;-3.6926307e-02;2.8750000e+02;-7.9781607e-02;2.8750000e+02;-1.2643842e-01;2.8750000e+02;-5.5182628e-02;2.8750000e+02;-1.3632223e-02;2.8750000e+02;4.7067598e-02;2.8750000e+02;1.2733229e-01;2.8750000e+02;2.1009152e-01;2.8750000e+02;2.6728457e-01;2.8750000e+02;3.0254814e-01;2.8750000e+02;2.9216129e-01;2.8750000e+02;2.3979016e-01;2.8750000e+02;2.2452396e-01;2.8750000e+02;1.9406626e-01;2.8750000e+02;1.4897393e-01;2.8750000e+02;9.8204285e-02;2.8750000e+02;5.5056818e-02;2.8750000e+02;6.1522350e-03;2.8750000e+02;-3.6926307e-02;2.8750000e+02;-7.9781607e-02;2.8750000e+02;-1.2643842e-01;2.8750000e+02;-5.5182628e-02;2.8750000e+02;-1.3632223e-02;2.8750000e+02;4.7067598e-02;2.8750000e+02;1.2733229e-01;2.8750000e+02;2.1009152e-01;2.8750000e+02;2.6728457e-01;2.8750000e+02;3.0254814e-01;2.8750000e+02;2.9216129e-01;2.8750000e+02;2.3979016e-01;2.8750000e+02;2.2452396e-01;2.8750000e+02;1.9406626e-01;2.8750000e+02;1.4897393e-01;2.8750000e+02;9.8204285e-02;2.8750000e+02;5.5056818e-02;2.8750000e+02;6.1522350e-03;2.8750000e+02;-3.6926307e-02;2.8750000e+02;-7.9781607e-02;2.8750000e+02;-1.2643842e-01;2.8750000e+02;-5.5182628e-02;2.8750000e+02;-1.3632223e-02;2.8750000e+02;4.7067598e-02;2.8750000e+02;1.2733229e-01;2.8750000e+02;2.1009152e-01;2.8750000e+02;2.6728457e-01;2.8750000e+02;3.0254814e-01;2.8750000e+02;2.9216129e-01;2.8750000e+02;2.3979016e-01;2.8750000e+02;2.2452396e-01;2.8750000e+02;1.9406626e-01;2.8750000e+02;1.4897393e-01;2.8750000e+02;9.8204285e-02;2.8750000e+02;5.5056818e-02;2.8750000e+02;6.1522350e-03;2.8750000e+02;-3.6926307e-02;2.8750000e+02;-7.9781607e-02;2.8750000e+02;-1.2643842e-01;2.8750000e+02;-5.5182628e-02;2.8750000e+02;-1.3632223e-02;2.8750000e+02;4.7067598e-02;2.8750000e+02;1.2733229e-01;2.8750000e+02;2.1009152e-01;2.8750000e+02;2.6728457e-01;2.8750000e+02;3.0254814e-01;2.8750000e+02;2.9216129e-01;2.8750000e+02;2.3979016e-01;2.8750000e+02;2.2452396e-01;2.8750000e+02;1.9406626e-01;2.8750000e+02;1.4897393e-01;2.8750000e+02;9.8204285e-02;2.8750000e+02;5.5056818e-02;2.8750000e+02;6.1522350e-03;2.8750000e+02;-3.6926307e-02;2.8750000e+02;-7.9781607e-02;2.8750000e+02;-1.2643842e-01;2.8750000e+02;-5.5182628e-02;2.8750000e+02;-1.3632223e-02;2.8750000e+02;4.7067598e-02;2.8750000e+02;1.2733229e-01;2.8750000e+02;2.1009152e-01;2.8750000e+02;2.6728457e-01;2.8750000e+02;3.0254814e-01;2.8750000e+02;2.9216129e-01;2.8750000e+02;2.3979016e-01;2.8750000e+02;2.2452396e-01;2.8750000e+02;1.9406626e-01;2.8750000e+02;1.4897393e-01;2.8750000e+02;9.8204285e-02;2.8750000e+02;5.5056818e-02;2.8750000e+02;6.1522350e-03;2.8750000e+02;-3.6926307e-02;2.8750000e+02;-7.9781607e-02;2.8750000e+02;-1.2643842e-01;2.8750000e+02;-5.5182628e-02;2.8750000e+02;-1.3632223e-02;2.8750000e+02;4.7067598e-02;2.8750000e+02;1.2733229e-01;2.8750000e+02;2.1009152e-01;2.8750000e+02;2.6728457e-01;2.8750000e+02;3.0254814e-01;2.8750000e+02;2.9216129e-01;2.8750000e+02;2.3979016e-01;2.8750000e+02;2.2452396e-01;2.8750000e+02;1.9406626e-01;2.8750000e+02;1.4897393e-01;2.8750000e+02;9.8204285e-02;2.8750000e+02;5.5056818e-02;2.8750000e+02;6.1522350e-03;2.8750000e+02;-3.6926307e-02;2.8750000e+02;-7.9781607e-02;2.8750000e+02;-1.2643842e-01;2.8750000e+02;-5.5182628e-02;2.8750000e+02;-1.3632223e-02;2.8750000e+02;4.7067598e-02;2.8750000e+02;1.2733229e-01;2.8750000e+02;2.1009152e-01;2.8750000e+02;2.6728457e-01;2.8750000e+02;3.0254814e-01;2.8750000e+02;2.9216129e-01;2.8750000e+02;2.3979016e-01;2.8750000e+02;2.2452396e-01;2.8750000e+02;1.9406626e-01;2.8750000e+02;1.4897393e-01;2.8750000e+02;9.8204285e-02;2.8750000e+02;5.5056818e-02;2.8750000e+02;6.1522350e-03;2.8750000e+02;-3.6926307e-02;2.8750000e+02;-7.9781607e-02;2.8750000e+02;-1.2643842e-01;2.8750000e+02;-5.5182628e-02;2.8750000e+02;-1.3632223e-02;2.8750000e+02;4.7067598e-02;2.8750000e+02;1.2733229e-01;2.8750000e+02;2.1009152e-01;2.8750000e+02;2.6728457e-01;2.8750000e+02;3.0254814e-01;2.8750000e+02;2.9216129e-01;2.8750000e+02;2.3979016e-01;2.8750000e+02;2.2452396e-01;2.8750000e+02;1.9406626e-01;2.8750000e+02;1.4897393e-01;2.8750000e+02;9.8204285e-02;2.8750000e+02;5.5056818e-02;2.8750000e+02;6.1522350e-03;2.8750000e+02;-3.6926307e-02;2.8750000e+02;-7.9781607e-02;2.8750000e+02;-1.2643842e-01;2.8750000e+02;-5.5182628e-02;2.8750000e+02;-1.3632223e-02;2.8750000e+02;4.7067598e-02;2.8750000e+02;1.2733229e-01;2.8750000e+02;2.1009152e-01;2.8750000e+02;2.6728457e-01;2.8750000e+02;3.0254814e-01;2.8750000e+02;2.9216129e-01;2.8750000e+02;2.3979016e-01;2.8750000e+02;2.2452396e-01;2.8750000e+02;1.9406626e-01;2.8750000e+02;1.4897393e-01;2.8750000e+02;9.8204285e-02;2.8750000e+02;5.5056818e-02;2.8750000e+02;6.1522350e-03;2.8750000e+02;-3.6926307e-02;2.8750000e+02;-7.9781607e-02;2.8750000e+02;-1.2643842e-01;2.8750000e+02;-5.5182628e-02;2.8750000e+02;-1.3632223e-02;2.8750000e+02;4.7067598e-02;2.8750000e+02;1.2733229e-01;2.8750000e+02;2.1009152e-01;2.8750000e+02;2.6728457e-01;2.8750000e+02;3.0254814e-01;2.8750000e+02;2.9216129e-01;2.8750000e+02;2.3979016e-01;2.8750000e+02;2.2452396e-01;2.8750000e+02;1.9406626e-01;2.8750000e+02;1.4897393e-01;2.8750000e+02;9.8204285e-02;2.8750000e+02;5.5056818e-02;2.8750000e+02;6.1522350e-03;2.8750000e+02;-3.6926307e-02;2.8750000e+02;-7.9781607e-02;2.8750000e+02;-1.2643842e-01;2.8750000e+02;-5.5182628e-02;2.8750000e+02;-1.3632223e-02;2.8750000e+02;4.7067598e-02;2.8750000e+02;1.2733229e-01;2.8750000e+02;2.1009152e-01;2.8750000e+02;2.6728457e-01;2.8750000e+02;3.0254814e-01;2.8750000e+02;2.9216129e-01;2.8750000e+02;2.3979016e-01;2.8750000e+02;2.2452396e-01;2.8750000e+02;1.9406626e-01;2.8750000e+02;1.4897393e-01;2.8750000e+02;9.8204285e-02;2.8750000e+02;5.5056818e-02;2.8750000e+02;6.1522350e-03;2.8750000e+02;-3.6926307e-02;2.8750000e+02;-7.9781607e-02;2.8750000e+02;-1.2643842e-01;2.8750000e+02;-5.5182628e-02;2.8750000e+02;-1.3632223e-02;2.8750000e+02;4.7067598e-02;2.8750000e+02;1.2733229e-01;2.8750000e+02;2.1009152e-01;2.8750000e+02;2.6728457e-01;2.8750000e+02;3.0254814e-01;2.8750000e+02;2.9216129e-01;2.8750000e+02;2.3979016e-01;2.8750000e+02;2.2452396e-01;2.8750000e+02;1.9406626e-01;2.8750000e+02;1.4897393e-01;2.8750000e+02;9.8204285e-02;2.8750000e+02;5.5056818e-02;2.8750000e+02;6.1522350e-03;2.8750000e+02;-3.6926307e-02;2.8750000e+02;-7.9781607e-02;2.8750000e+02;-1.2643842e-01;2.8750000e+02;-5.5182628e-02;2.8750000e+02;-1.3632223e-02;2.8750000e+02;4.7067598e-02;2.8750000e+02;1.2733229e-01;2.8750000e+02;2.1009152e-01;2.8750000e+02;2.6728457e-01;2.8750000e+02;3.0254814e-01;2.8750000e+02;2.9216129e-01;2.8750000e+02;2.3979016e-01;2.8750000e+02;2.2452396e-01;2.8750000e+02;1.9406626e-01;2.8750000e+02;1.4897393e-01;2.8750000e+02;9.8204285e-02;2.8750000e+02;5.5056818e-02;2.8750000e+02;6.1522350e-03;2.8750000e+02;-3.6926307e-02;2.8750000e+02;-7.9781607e-02;2.8750000e+02;-1.2643842e-01;2.8750000e+02;-5.5182628e-02;2.8750000e+02;-1.3632223e-02;2.8750000e+02;4.7067598e-02;2.8750000e+02;1.2733229e-01;2.8750000e+02;2.1009152e-01;2.8750000e+02;2.6728457e-01;2.8750000e+02;3.0254814e-01;2.8750000e+02;2.9216129e-01;2.8750000e+02;2.3979016e-01;2.8750000e+02;2.2452396e-01;2.8750000e+02;1.9406626e-01;2.8750000e+02;1.4897393e-01;2.8750000e+02;9.8204285e-02;2.8750000e+02;5.5056818e-02;2.8750000e+02;6.1522350e-03;2.8750000e+02;-3.6926307e-02;2.8750000e+02;-7.9781607e-02;2.8750000e+02;-1.2643842e-01;2.8750000e+02;-5.5182628e-02;2.8750000e+02;-1.3632223e-02;2.8750000e+02;4.7067598e-02;2.8750000e+02;1.2733229e-01;2.8750000e+02;2.1009152e-01;2.8750000e+02;2.6728457e-01;2.8750000e+02;3.0254814e-01;2.8750000e+02;2.9216129e-01;2.8750000e+02;2.3979016e-01;2.8750000e+02;2.2452396e-01;2.8750000e+02;1.9406626e-01;2.8750000e+02;1.4897393e-01;2.8750000e+02;9.8204285e-02;2.8750000e+02;5.5056818e-02;2.8750000e+02;6.1522350e-03;2.8750000e+02;-3.6926307e-02;2.8750000e+02;-7.9781607e-02;2.8750000e+02;-1.2643842e-01;2.8750000e+02;-5.5182628e-02;2.8750000e+02;-1.3632223e-02;2.8750000e+02;4.7067598e-02;2.8750000e+02;1.2733229e-01;2.8750000e+02;2.1009152e-01;2.8750000e+02;2.6728457e-01;2.8750000e+02;3.0254814e-01;2.8750000e+02;2.9216129e-01;2.8750000e+02;2.3979016e-01;2.8750000e+02;2.2452396e-01;2.8750000e+02;1.9406626e-01;2.8750000e+02;1.4897393e-01;2.8750000e+02;9.8204285e-02;2.8750000e+02;5.5056818e-02;2.8750000e+02;6.1522350e-03;2.8750000e+02;-3.6926307e-02;2.8750000e+02;-7.9781607e-02;2.8750000e+02;-1.2643842e-01;2.8750000e+02;-5.5182628e-02;2.8750000e+02;-1.3632223e-02;2.8750000e+02;4.7067598e-02;2.8750000e+02;1.2733229e-01;2.8750000e+02;2.1009152e-01;2.8750000e+02;2.6728457e-01;2.8750000e+02;3.0254814e-01;2.8750000e+02;2.9216129e-01;2.8750000e+02;2.3979016e-01;2.8750000e+02;2.2452396e-01;2.8750000e+02;1.9406626e-01;2.8750000e+02;1.4897393e-01;2.8750000e+02;9.8204285e-02;2.8750000e+02;5.5056818e-02;2.8750000e+02;6.1522350e-03;2.8750000e+02;-3.6926307e-02;2.8750000e+02;-7.9781607e-02;2.8750000e+02;-1.2643842e-01;2.8750000e+02;-5.5182628e-02;2.8750000e+02;-1.3632223e-02;2.8750000e+02;4.7067598e-02;2.8750000e+02;1.2733229e-01;2.8750000e+02;2.1009152e-01;2.8750000e+02;2.6728457e-01;2.8750000e+02;3.0254814e-01;2.8750000e+02;2.9216129e-01;2.8750000e+02;2.3979016e-01;2.8750000e+02;2.2452396e-01;2.8750000e+02;1.9406626e-01;2.8750000e+02;1.4897393e-01;2.8750000e+02;9.8204285e-02;2.8750000e+02;5.5056818e-02;2.8750000e+02;6.1522350e-03;2.8750000e+02;-3.6926307e-02;2.8750000e+02;-7.9781607e-02;2.8750000e+02;-1.2643842e-01;2.8750000e+02;-5.5182628e-02;2.8750000e+02;-1.3632223e-02;2.8750000e+02;4.7067598e-02;2.8750000e+02;1.2733229e-01;2.8750000e+02;2.1009152e-01;2.8750000e+02;2.6728457e-01;2.8750000e+02;3.0254814e-01;2.8750000e+02;2.9216129e-01;2.8750000e+02;2.3979016e-01;2.8750000e+02;2.2452396e-01;2.8750000e+02;1.9406626e-01;2.8750000e+02;1.4897393e-01;2.8750000e+02;9.8204285e-02;2.8750000e+02;5.5056818e-02;2.8750000e+02;6.1522350e-03;2.8750000e+02;-3.6926307e-02;2.8750000e+02;-7.9781607e-02;2.8750000e+02;-1.2643842e-01;2.8750000e+02;-5.5182628e-02;2.8750000e+02;-1.3632223e-02;2.8750000e+02;4.7067598e-02;2.8750000e+02;1.2733229e-01;2.8750000e+02;2.1009152e-01;2.8750000e+02;2.6728457e-01;2.8750000e+02;3.0254814e-01;2.8750000e+02;2.9216129e-01;2.8750000e+02;2.3979016e-01;2.8750000e+02;2.2452396e-01;2.8750000e+02;1.9406626e-01;2.8750000e+02;1.4897393e-01;2.8750000e+02;9.8204285e-02;2.8750000e+02;5.5056818e-02;2.8750000e+02;6.1522350e-03;2.8750000e+02;-3.6926307e-02;2.8750000e+02;-7.9781607e-02;2.8750000e+02;-1.2643842e-01;2.8750000e+02;-5.5182628e-02;2.8750000e+02;-1.3632223e-02;2.8750000e+02;4.7067598e-02;2.8750000e+02;1.2733229e-01;2.8750000e+02;2.1009152e-01;2.8750000e+02;2.6728457e-01;2.8750000e+02;3.0254814e-01;2.8750000e+02;2.9216129e-01;2.8750000e+02;2.3979016e-01;2.8750000e+02;2.2452396e-01;2.8750000e+02;1.9406626e-01;2.8750000e+02;1.4897393e-01;2.8750000e+02;9.8204285e-02;2.8750000e+02;5.5056818e-02;2.8750000e+02;6.1522350e-03;2.8750000e+02;-3.6926307e-02;2.8750000e+02;-7.9781607e-02;2.8750000e+02;-1.2643842e-01;2.8750000e+02;-5.5182628e-02;2.8750000e+02;-1.3632223e-02;2.8750000e+02;4.7067598e-02;2.8750000e+02;1.2733229e-01;2.8750000e+02;2.1009152e-01;2.8750000e+02;2.6728457e-01;2.8750000e+02;3.0254814e-01;2.8750000e+02;2.9216129e-01;2.8750000e+02;2.3979016e-01;2.8750000e+02;2.2452396e-01;2.8750000e+02;1.9406626e-01;2.8750000e+02;1.4897393e-01;2.8750000e+02;9.8204285e-02;2.8750000e+02;5.5056818e-02;2.8750000e+02;6.1522350e-03;2.8750000e+02;-3.6926307e-02;2.8750000e+02;-7.9781607e-02;2.8750000e+02;-1.2643842e-01;2.8750000e+02;-5.5182628e-02;2.8750000e+02;-1.3632223e-02;2.8750000e+02;4.7067598e-02;2.8750000e+02;1.2733229e-01;2.8750000e+02;2.1009152e-01;2.8750000e+02;2.6728457e-01;2.8750000e+02;3.0254814e-01;2.8750000e+02;2.9216129e-01;2.8750000e+02;2.3979016e-01;2.8750000e+02;2.2452396e-01;2.8750000e+02;1.9406626e-01;2.8750000e+02;1.4897393e-01;2.8750000e+02;9.8204285e-02;2.8750000e+02;5.5056818e-02;2.8750000e+02;6.1522350e-03;2.8750000e+02;-3.6926307e-02;2.8750000e+02;-7.9781607e-02;2.8750000e+02;-1.2643842e-01;2.8750000e+02;-5.5182628e-02;2.8750000e+02;-1.3632223e-02;2.8750000e+02;4.7067598e-02;2.8750000e+02;1.2733229e-01;2.8750000e+02;2.1009152e-01;2.8750000e+02;2.6728457e-01;2.8750000e+02;3.0254814e-01;2.8750000e+02;2.9216129e-01;2.8750000e+02;2.3979016e-01;2.8750000e+02;2.2452396e-01;2.8750000e+02;1.9406626e-01;2.8750000e+02;1.4897393e-01;2.8750000e+02;9.8204285e-02;2.8750000e+02;5.5056818e-02;2.8750000e+02;6.1522350e-03;2.8750000e+02;-3.6926307e-02;2.8750000e+02;-7.9781607e-02;2.8750000e+02;-1.2643842e-01;2.8750000e+02;-5.5182628e-02;2.8750000e+02;-1.3632223e-02;2.8750000e+02;4.7067598e-02;2.8750000e+02;1.2733229e-01;2.8750000e+02;2.1009152e-01;2.8750000e+02;2.6728457e-01;2.8750000e+02;3.0254814e-01;2.8750000e+02;2.9216129e-01;2.8750000e+02;2.3979016e-01;2.8750000e+02;2.2452396e-01;2.8750000e+02;1.9406626e-01;2.8750000e+02;1.4897393e-01;2.8750000e+02;9.8204285e-02;2.8750000e+02;5.5056818e-02;2.8750000e+02;6.1522350e-03;2.8750000e+02;-3.6926307e-02;2.8750000e+02;-7.9781607e-02;2.8750000e+02;-1.2643842e-01;2.8750000e+02;-5.5182628e-02;2.8750000e+02;-1.3632223e-02;2.8750000e+02;4.7067598e-02;2.8750000e+02;1.2733229e-01;2.8750000e+02;2.1009152e-01;2.8750000e+02;2.6728457e-01;2.8750000e+02;3.0254814e-01;2.8750000e+02;2.9216129e-01;2.8750000e+02;2.3979016e-01;2.8750000e+02;2.2452396e-01;2.8750000e+02;1.9406626e-01;2.8750000e+02;1.4897393e-01;2.8750000e+02;9.8204285e-02;2.8750000e+02;5.5056818e-02;2.8750000e+02;6.1522350e-03;2.8750000e+02;-3.6926307e-02;2.8750000e+02;-7.9781607e-02;2.8750000e+02;-1.2643842e-01;2.8750000e+02;-5.5182628e-02;2.8750000e+02;-1.3632223e-02;2.8750000e+02;4.7067598e-02;2.8750000e+02;1.2733229e-01;2.8750000e+02;2.1009152e-01;2.8750000e+02;2.6728457e-01;2.8750000e+02;3.0254814e-01;2.8750000e+02;2.9216129e-01;2.8750000e+02;2.3979016e-01;2.8750000e+02;2.2452396e-01;2.8750000e+02;1.9406626e-01;2.8750000e+02;1.4897393e-01;2.8750000e+02;9.8204285e-02;2.8750000e+02;5.5056818e-02;2.8750000e+02;6.1522350e-03;2.8750000e+02;-3.6926307e-02;2.8750000e+02;-7.9781607e-02;2.8750000e+02;-1.2643842e-01;2.8750000e+02;-5.5182628e-02;2.8750000e+02;-1.3632223e-02;2.8750000e+02;4.7067598e-02;2.8750000e+02;1.2733229e-01;2.8750000e+02;2.1009152e-01;2.8750000e+02;2.6728457e-01;2.8750000e+02;3.0254814e-01;2.8750000e+02;2.9216129e-01;2.8750000e+02;2.3979016e-01;2.8750000e+02;2.2452396e-01;2.8750000e+02;1.9406626e-01;2.8750000e+02;1.4897393e-01;2.8750000e+02;9.8204285e-02;2.8750000e+02;5.5056818e-02;2.8750000e+02;6.1522350e-03;2.8750000e+02;-3.6926307e-02;2.8750000e+02;-7.9781607e-02;2.8750000e+02;-1.2643842e-01;2.8750000e+02;-5.5182628e-02;2.8750000e+02;-1.3632223e-02;2.8750000e+02;4.7067598e-02;2.8750000e+02;1.2733229e-01;2.8750000e+02;2.1009152e-01;2.8750000e+02;2.6728457e-01;2.8750000e+02;3.0254814e-01;2.8750000e+02;2.9216129e-01;2.8750000e+02;2.3979016e-01;2.8750000e+02;2.2452396e-01;2.8750000e+02;1.9406626e-01;2.8750000e+02;1.4897393e-01;2.8750000e+02;9.8204285e-02;2.8750000e+02;5.5056818e-02;2.8750000e+02;6.1522350e-03;2.8750000e+02;-3.6926307e-02;2.8750000e+02;-7.9781607e-02;2.8750000e+02;-1.2643842e-01;2.8750000e+02;-5.5182628e-02;2.8750000e+02;-1.3632223e-02;2.8750000e+02;4.7067598e-02;2.8750000e+02;1.2733229e-01;2.8750000e+02;2.1009152e-01;2.8750000e+02;2.6728457e-01;2.8750000e+02;3.0254814e-01;2.8750000e+02;2.9216129e-01;2.8750000e+02;2.3979016e-01;2.8750000e+02;2.2452396e-01;2.8750000e+02;1.9406626e-01;2.8750000e+02;1.4897393e-01;2.8750000e+02;9.8204285e-02;2.8750000e+02;5.5056818e-02;2.8750000e+02;6.1522350e-03;2.8750000e+02;-3.6926307e-02;2.8750000e+02;-7.9781607e-02;2.8750000e+02;-1.2643842e-01;2.8750000e+02;-5.5182628e-02;2.8750000e+02;-1.3632223e-02;2.8750000e+02;4.7067598e-02;2.8750000e+02;1.2733229e-01;2.8750000e+02;2.1009152e-01;2.8750000e+02;2.6728457e-01;2.8750000e+02;3.0254814e-01;2.8750000e+02;2.9216129e-01;2.8750000e+02;2.3979016e-01;2.8750000e+02;2.2452396e-01;2.8750000e+02;1.9406626e-01;2.8750000e+02;1.4897393e-01;2.8750000e+02;9.8204285e-02;2.8750000e+02;5.5056818e-02;2.8750000e+02;6.1522350e-03;2.8750000e+02;-3.6926307e-02;2.8750000e+02;-7.9781607e-02;2.8750000e+02;-1.2643842e-01;2.8750000e+02;-5.5182628e-02;2.8750000e+02;-1.3632223e-02;2.8750000e+02;4.7067598e-02;2.8750000e+02;1.2733229e-01;2.8750000e+02;2.1009152e-01;2.8750000e+02;2.6728457e-01;2.8750000e+02;3.0254814e-01;2.8750000e+02;2.9216129e-01;2.8750000e+02;2.3979016e-01;2.8750000e+02;2.2452396e-01;2.8750000e+02;1.9406626e-01;2.8750000e+02;1.4897393e-01;2.8750000e+02;9.8204285e-02;2.8750000e+02;5.5056818e-02;2.8750000e+02;6.1522350e-03;2.8750000e+02;-3.6926307e-02;2.8750000e+02;-7.9781607e-02;2.8750000e+02;-1.2643842e-01;2.8750000e+02;-5.5182628e-02;2.8750000e+02;-1.3632223e-02;2.8750000e+02;4.7067598e-02;2.8750000e+02;1.2733229e-01;2.8750000e+02;2.1009152e-01;2.8750000e+02;2.6728457e-01;2.8750000e+02;3.0254814e-01;2.8750000e+02;2.9216129e-01;2.8750000e+02;2.3979016e-01;2.8750000e+02;2.2452396e-01;2.8750000e+02;1.9406626e-01;2.8750000e+02;1.4897393e-01;2.8750000e+02;9.8204285e-02;2.8750000e+02;5.5056818e-02;2.8750000e+02;6.1522350e-03;2.8750000e+02;-3.6926307e-02;2.8750000e+02;-7.9781607e-02;2.8750000e+02;-1.2643842e-01;2.8750000e+02;-5.5182628e-02;2.8750000e+02;-1.3632223e-02;2.8750000e+02;4.7067598e-02;2.8750000e+02;1.2733229e-01;2.8750000e+02;2.1009152e-01;2.8750000e+02;2.6728457e-01;2.8750000e+02;3.0254814e-01;2.8750000e+02;2.9216129e-01;2.8750000e+02;2.3979016e-01;2.8750000e+02;2.2452396e-01;2.8750000e+02;1.9406626e-01;2.8750000e+02;1.4897393e-01;2.8750000e+02;9.8204285e-02;2.8750000e+02;5.5056818e-02;2.8750000e+02;6.1522350e-03;2.8750000e+02;-3.6926307e-02;2.8750000e+02;-7.9781607e-02;2.8750000e+02;-1.2643842e-01;2.8750000e+02;-5.5182628e-02;2.8750000e+02;-1.3632223e-02;2.8750000e+02;4.7067598e-02;2.8750000e+02;1.2733229e-01;2.8750000e+02;2.1009152e-01;2.8750000e+02;2.6728457e-01;2.8750000e+02;3.0254814e-01;2.8750000e+02;2.9216129e-01;2.8750000e+02;2.3979016e-01;2.8750000e+02;2.2452396e-01;2.8750000e+02;1.9406626e-01;2.8750000e+02;1.4897393e-01;2.8750000e+02;9.8204285e-02;2.8750000e+02;5.5056818e-02;2.8750000e+02;6.1522350e-03;2.8750000e+02;-3.6926307e-02;2.8750000e+02;-7.9781607e-02;2.8750000e+02;-1.2643842e-01;2.8750000e+02;-5.5182628e-02;2.8750000e+02;-1.3632223e-02;2.8750000e+02;4.7067598e-02;2.8750000e+02;1.2733229e-01;2.8750000e+02;2.1009152e-01;2.8750000e+02;2.6728457e-01;2.8750000e+02;3.0254814e-01;2.8750000e+02;2.9216129e-01;2.8750000e+02;2.3979016e-01;2.8750000e+02;2.2452396e-01;2.8750000e+02;1.9406626e-01;2.8750000e+02;1.4897393e-01;2.8750000e+02;9.8204285e-02;2.8750000e+02;5.5056818e-02;2.8750000e+02;6.1522350e-03;2.8750000e+02;-3.6926307e-02;2.8750000e+02;-7.9781607e-02;2.8750000e+02;-1.2643842e-01;2.8750000e+02;-5.5182628e-02;2.8750000e+02;-1.3632223e-02;2.8750000e+02;4.7067598e-02;2.8750000e+02;1.2733229e-01;2.8750000e+02;2.1009152e-01;2.8750000e+02;2.6728457e-01;2.8750000e+02;3.0254814e-01;2.8750000e+02;2.9216129e-01;2.8750000e+02;2.3979016e-01;2.8750000e+02;2.2452396e-01;2.8750000e+02;1.9406626e-01;2.8750000e+02;1.4897393e-01;2.8750000e+02;9.8204285e-02;2.8750000e+02;5.5056818e-02;2.8750000e+02;6.1522350e-03;2.8750000e+02;-3.6926307e-02;2.8750000e+02;-7.9781607e-02;2.8750000e+02;-1.2643842e-01;2.8750000e+02;-5.5182628e-02;2.8750000e+02;-1.3632223e-02;2.8750000e+02;4.7067598e-02;2.8750000e+02;1.2733229e-01;2.8750000e+02;2.1009152e-01;2.8750000e+02;2.6728457e-01;2.8750000e+02;3.0254814e-01;2.8750000e+02;2.9216129e-01;2.8750000e+02;2.3979016e-01;2.8750000e+02;2.2452396e-01;2.8750000e+02;1.9406626e-01;2.8750000e+02;1.4897393e-01;2.8750000e+02;9.8204285e-02;2.8750000e+02;5.5056818e-02;2.8750000e+02;6.1522350e-03;2.8750000e+02;-3.6926307e-02;2.8750000e+02;-7.9781607e-02;2.8750000e+02;-1.2643842e-01;2.8750000e+02;-5.5182628e-02;2.8750000e+02;-1.3632223e-02;2.8750000e+02;4.7067598e-02;2.8750000e+02;1.2733229e-01;2.8750000e+02;2.1009152e-01;2.8750000e+02;2.6728457e-01;2.8750000e+02;3.0254814e-01;2.8750000e+02;2.9216129e-01;2.8750000e+02;2.3979016e-01;2.8750000e+02;2.2452396e-01;2.8750000e+02;1.9406626e-01;2.8750000e+02;1.4897393e-01;2.8750000e+02;9.8204285e-02;2.8750000e+02;5.5056818e-02;2.8750000e+02;6.1522350e-03;2.8750000e+02;-3.6926307e-02;2.8750000e+02;-7.9781607e-02;2.8750000e+02;-1.2643842e-01;2.8750000e+02;-5.5182628e-02;2.8750000e+02;-1.3632223e-02;2.8750000e+02;4.7067598e-02;2.8750000e+02;1.2733229e-01;2.8750000e+02;2.1009152e-01;2.8750000e+02;2.6728457e-01;2.8750000e+02;3.0254814e-01;2.8750000e+02;2.9216129e-01;2.8750000e+02;2.3979016e-01;2.8750000e+02;2.2452396e-01;2.8750000e+02;1.9406626e-01;2.8750000e+02;1.4897393e-01;2.8750000e+02;9.8204285e-02;2.8750000e+02;5.5056818e-02;2.8750000e+02;6.1522350e-03;2.8750000e+02;-3.6926307e-02;2.8750000e+02;-7.9781607e-02;2.8750000e+02;-1.2643842e-01;2.8750000e+02;-5.5182628e-02;2.8750000e+02;-1.3632223e-02;2.8750000e+02;4.7067598e-02;2.8750000e+02;1.2733229e-01;2.8750000e+02;2.1009152e-01;2.8750000e+02;2.6728457e-01;2.8750000e+02;3.0254814e-01;2.8750000e+02;2.9216129e-01;2.8750000e+02;2.3979016e-01;2.8750000e+02;2.2452396e-01;2.8750000e+02;1.9406626e-01;2.8750000e+02;1.4897393e-01;2.8750000e+02;9.8204285e-02;2.8750000e+02;5.5056818e-02;2.8750000e+02;6.1522350e-03;2.8750000e+02;-3.6926307e-02;2.8750000e+02;-7.9781607e-02;2.8750000e+02;-1.2643842e-01;2.8750000e+02;-5.5182628e-02;2.8750000e+02;-1.3632223e-02;2.8750000e+02;4.7067598e-02;2.8750000e+02;1.2733229e-01;2.8750000e+02;2.1009152e-01;2.8750000e+02;2.6728457e-01;2.8750000e+02;3.0254814e-01;2.8750000e+02;2.9216129e-01;2.8750000e+02;2.3979016e-01;2.8750000e+02;2.2452396e-01;2.8750000e+02;1.9406626e-01;2.8750000e+02;1.4897393e-01;2.8750000e+02;9.8204285e-02;2.8750000e+02;5.5056818e-02;2.8750000e+02;6.1522350e-03;2.8750000e+02;-3.6926307e-02;2.8750000e+02;-7.9781607e-02;2.8750000e+02;-1.2643842e-01;2.8750000e+02;-5.5182628e-02;2.8750000e+02;-1.3632223e-02;2.8750000e+02;4.7067598e-02;2.8750000e+02;1.2733229e-01;2.8750000e+02;2.1009152e-01;2.8750000e+02;2.6728457e-01;2.8750000e+02;3.0254814e-01;2.8750000e+02;2.9216129e-01;2.8750000e+02;2.3979016e-01;2.8750000e+02;2.2452396e-01;2.8750000e+02;1.9406626e-01;2.8750000e+02;1.4897393e-01;2.8750000e+02;9.8204285e-02;2.8750000e+02;5.5056818e-02;2.8750000e+02;6.1522350e-03;2.8750000e+02;-3.6926307e-02;2.8750000e+02;-7.9781607e-02;2.8750000e+02;-1.2643842e-01;2.8750000e+02;-5.5182628e-02;2.8750000e+02;-1.3632223e-02;2.8750000e+02;4.7067598e-02;2.8750000e+02;1.2733229e-01;2.8750000e+02;2.1009152e-01;2.8750000e+02;2.6728457e-01;2.8750000e+02;3.0254814e-01;2.8750000e+02;2.9216129e-01;2.8750000e+02;2.3979016e-01;2.8750000e+02;2.2452396e-01;2.8750000e+02;1.9406626e-01;2.8750000e+02;1.4897393e-01;2.8750000e+02;9.8204285e-02;2.8750000e+02;5.5056818e-02;2.8750000e+02;6.1522350e-03;2.8750000e+02;-3.6926307e-02;2.8750000e+02;-7.9781607e-02;2.8750000e+02;-1.2643842e-01;2.8750000e+02;-5.5182628e-02;2.8750000e+02;-1.3632223e-02;2.8750000e+02;4.7067598e-02;2.8750000e+02;1.2733229e-01;2.8750000e+02;2.1009152e-01;2.8750000e+02;2.6728457e-01;2.8750000e+02;3.0254814e-01;2.8750000e+02;2.9216129e-01;2.8750000e+02;2.3979016e-01;2.8750000e+02;2.2452396e-01;2.8750000e+02;1.9406626e-01;2.8750000e+02;1.4897393e-01;2.8750000e+02;9.8204285e-02;2.8750000e+02;5.5056818e-02;2.8750000e+02;6.1522350e-03;2.8750000e+02;-3.6926307e-02;2.8750000e+02;-7.9781607e-02;2.8750000e+02;-1.2643842e-01;2.8750000e+02;-5.5182628e-02;2.8750000e+02;-1.3632223e-02;2.8750000e+02;4.7067598e-02;2.8750000e+02;1.2733229e-01;2.8750000e+02;2.1009152e-01;2.8750000e+02;2.6728457e-01;2.8750000e+02;3.0254814e-01;2.8750000e+02;2.9216129e-01;2.8750000e+02;2.3979016e-01;2.8750000e+02;2.2452396e-01;2.8750000e+02;1.9406626e-01;2.8750000e+02;1.4897393e-01;2.8750000e+02;9.8204285e-02;2.8750000e+02;5.5056818e-02;2.8750000e+02;6.1522350e-03;2.8750000e+02;-3.6926307e-02;2.8750000e+02;-7.9781607e-02;2.8750000e+02;-1.2643842e-01;2.8750000e+02;-5.5182628e-02;2.8750000e+02;-1.3632223e-02;2.8750000e+02;4.7067598e-02;2.8750000e+02;1.2733229e-01;2.8750000e+02;2.1009152e-01;2.8750000e+02;2.6728457e-01;2.8750000e+02;3.0254814e-01;2.8750000e+02;2.9216129e-01;2.8750000e+02;2.3979016e-01;2.8750000e+02;2.2452396e-01;2.8750000e+02;1.9406626e-01;2.8750000e+02;1.4897393e-01;2.8750000e+02;9.8204285e-02;2.8750000e+02;5.5056818e-02;2.8750000e+02;6.1522350e-03;2.8750000e+02;-3.6926307e-02;2.8750000e+02;-7.9781607e-02;2.8750000e+02;-1.2643842e-01;2.8750000e+02;-5.5182628e-02;2.8750000e+02;-1.3632223e-02;2.8750000e+02;4.7067598e-02;2.8750000e+02;1.2733229e-01;2.8750000e+02;2.1009152e-01;2.8750000e+02;2.6728457e-01;2.8750000e+02;3.0254814e-01;2.8750000e+02;2.9216129e-01;2.8750000e+02;2.3979016e-01;2.8750000e+02;2.2452396e-01;2.8750000e+02;1.9406626e-01;2.8750000e+02;1.4897393e-01;2.8750000e+02;9.8204285e-02;2.8750000e+02;5.5056818e-02;2.8750000e+02;6.1522350e-03;2.8750000e+02;-3.6926307e-02;2.8750000e+02;-7.9781607e-02;2.8750000e+02;-1.2643842e-01;2.8750000e+02;-5.5182628e-02;2.8750000e+02;-1.3632223e-02;2.8750000e+02;4.7067598e-02;2.8750000e+02;1.2733229e-01;2.8750000e+02;2.1009152e-01;2.8750000e+02;2.6728457e-01;2.8750000e+02;3.0254814e-01;2.8750000e+02;2.9216129e-01;2.8750000e+02;2.3979016e-01;2.8750000e+02;2.2452396e-01;2.8750000e+02;1.9406626e-01;2.8750000e+02;1.4897393e-01;2.8750000e+02;9.8204285e-02;2.8750000e+02;5.5056818e-02;2.8750000e+02;6.1522350e-03;2.8750000e+02;-3.6926307e-02;2.8750000e+02;-7.9781607e-02;2.8750000e+02;-1.2643842e-01;2.8750000e+02;-5.5182628e-02;2.8750000e+02;-1.3632223e-02;2.8750000e+02;4.7067598e-02;2.8750000e+02;1.2733229e-01;2.8750000e+02;2.1009152e-01;2.8750000e+02;2.6728457e-01;2.8750000e+02;3.0254814e-01;2.8750000e+02;2.9216129e-01;2.8750000e+02;2.3979016e-01;2.8750000e+02;2.2452396e-01;2.8750000e+02;1.9406626e-01;2.8750000e+02;1.4897393e-01;2.8750000e+02;9.8204285e-02;2.8750000e+02;5.5056818e-02;2.8750000e+02;6.1522350e-03;2.8750000e+02;-3.6926307e-02;2.8750000e+02;-7.9781607e-02;2.8750000e+02;-1.2643842e-01;2.8750000e+02;-5.5182628e-02;2.8750000e+02;-1.3632223e-02;2.8750000e+02;4.7067598e-02;2.8750000e+02;1.2733229e-01;2.8750000e+02;2.1009152e-01;2.8750000e+02;2.6728457e-01;2.8750000e+02;3.0254814e-01;2.8750000e+02;2.9216129e-01;2.8750000e+02;2.3979016e-01;2.8750000e+02;2.2452396e-01;2.8750000e+02;1.9406626e-01;2.8750000e+02;1.4897393e-01;2.8750000e+02;9.8204285e-02;2.8750000e+02;5.5056818e-02;2.8750000e+02;6.1522350e-03;2.8750000e+02;-3.6926307e-02;2.8750000e+02;-7.9781607e-02;2.8750000e+02;-1.2643842e-01;2.8750000e+02;-5.5182628e-02;2.8750000e+02;-1.3632223e-02;2.8750000e+02;4.7067598e-02;2.8750000e+02;1.2733229e-01;2.8750000e+02;2.1009152e-01;2.8750000e+02;2.6728457e-01;2.8750000e+02;3.0254814e-01;2.8750000e+02;2.9216129e-01;2.8750000e+02;2.3979016e-01;2.8750000e+02;2.2452396e-01;2.8750000e+02;1.9406626e-01;2.8750000e+02;1.4897393e-01;2.8750000e+02;9.8204285e-02;2.8750000e+02;5.5056818e-02;2.8750000e+02;6.1522350e-03;2.8750000e+02;-3.6926307e-02;2.8750000e+02;-7.9781607e-02;2.8750000e+02;-1.2643842e-01;2.8750000e+02;-5.5182628e-02;2.8750000e+02;-1.3632223e-02;2.8750000e+02;4.7067598e-02;2.8750000e+02;1.2733229e-01;2.8750000e+02;2.1009152e-01;2.8750000e+02;2.6728457e-01;2.8750000e+02;3.0254814e-01;2.8750000e+02;2.9216129e-01;2.8750000e+02;2.3979016e-01;2.8750000e+02;2.2452396e-01;2.8750000e+02;1.9406626e-01;2.8750000e+02;1.4897393e-01;2.8750000e+02;9.8204285e-02;2.8750000e+02;5.5056818e-02;2.8750000e+02;6.1522350e-03;2.8750000e+02;-3.6926307e-02;2.8750000e+02;-7.9781607e-02;2.8750000e+02;-1.2643842e-01;2.8750000e+02;-5.5182628e-02;2.8750000e+02;-1.3632223e-02;2.8750000e+02;4.7067598e-02;2.8750000e+02;1.2733229e-01;2.8750000e+02;2.1009152e-01;2.8750000e+02;2.6728457e-01;2.8750000e+02;3.0254814e-01;2.8750000e+02;2.9216129e-01;2.8750000e+02;2.3979016e-01;2.8750000e+02;2.2452396e-01;2.8750000e+02;1.9406626e-01;2.8750000e+02;1.4897393e-01;2.8750000e+02;9.8204285e-02;2.8750000e+02;5.5056818e-02;2.8750000e+02;6.1522350e-03;2.8750000e+02;-3.6926307e-02;2.8750000e+02;-7.9781607e-02;2.8750000e+02;-1.2643842e-01;2.8750000e+02;-5.5182628e-02;2.8750000e+02;-1.3632223e-02;2.8750000e+02;4.7067598e-02;2.8750000e+02;1.2733229e-01;2.8750000e+02;2.1009152e-01;2.8750000e+02;2.6728457e-01;2.8750000e+02;3.0254814e-01;2.8750000e+02;2.9216129e-01;2.8750000e+02;2.3979016e-01;2.8750000e+02;2.2452396e-01;2.8750000e+02;1.9406626e-01;2.8750000e+02;1.4897393e-01;2.8750000e+02;9.8204285e-02;2.8750000e+02;5.5056818e-02;2.8750000e+02;6.1522350e-03;2.8750000e+02;-3.6926307e-02;2.8750000e+02;-7.9781607e-02;2.8750000e+02;-1.2643842e-01;2.8750000e+02;-5.5182628e-02;2.8750000e+02;-1.3632223e-02;2.8750000e+02;4.7067598e-02;2.8750000e+02;1.2733229e-01;2.8750000e+02;2.1009152e-01;2.8750000e+02;2.6728457e-01;2.8750000e+02;3.0254814e-01;2.8750000e+02;2.9216129e-01;2.8750000e+02;2.3979016e-01;2.8750000e+02;2.2452396e-01;2.8750000e+02;1.9406626e-01;2.8750000e+02;1.4897393e-01;2.8750000e+02;9.8204285e-02;2.8750000e+02;5.5056818e-02;2.8750000e+02;6.1522350e-03;2.8750000e+02;-3.6926307e-02;2.8750000e+02;-7.9781607e-02;2.8750000e+02;-1.2643842e-01;2.8750000e+02;-5.5182628e-02;2.8750000e+02;-1.3632223e-02;2.8750000e+02;4.7067598e-02;2.8750000e+02;1.2733229e-01;2.8750000e+02;2.1009152e-01;2.8750000e+02;2.6728457e-01;2.8750000e+02;3.0254814e-01;2.8750000e+02;2.9216129e-01;2.8750000e+02;2.3979016e-01;2.8750000e+02;2.2452396e-01;2.8750000e+02;1.9406626e-01;2.8750000e+02;1.4897393e-01;2.8750000e+02;9.8204285e-02;2.8750000e+02;5.5056818e-02;2.8750000e+02;6.1522350e-03;2.8750000e+02;-3.6926307e-02;2.8750000e+02;-7.9781607e-02;2.8750000e+02;-1.2643842e-01;2.8750000e+02;-5.5182628e-02;2.8750000e+02;-1.3632223e-02;2.8750000e+02;4.7067598e-02;2.8750000e+02;1.2733229e-01;2.8750000e+02;2.1009152e-01;2.8750000e+02;2.6728457e-01;2.8750000e+02;3.0254814e-01;2.8750000e+02;2.9216129e-01;2.8750000e+02;2.3979016e-01;2.8750000e+02;2.2452396e-01;2.8750000e+02;1.9406626e-01;2.8750000e+02;1.4897393e-01;2.8750000e+02;9.8204285e-02;2.8750000e+02;5.5056818e-02;2.8750000e+02;6.1522350e-03;2.8750000e+02;-3.6926307e-02;2.8750000e+02;-7.9781607e-02;2.8750000e+02;-1.2643842e-01;2.8750000e+02;-5.5182628e-02;2.8750000e+02;-1.3632223e-02;2.8750000e+02;4.7067598e-02;2.8750000e+02;1.2733229e-01;2.8750000e+02;2.1009152e-01;2.8750000e+02;2.6728457e-01;2.8750000e+02;3.0254814e-01;2.8750000e+02;2.9216129e-01;2.8750000e+02;2.3979016e-01;2.8750000e+02;2.2452396e-01;2.8750000e+02;1.9406626e-01;2.8750000e+02;1.4897393e-01;2.8750000e+02;9.8204285e-02;2.8750000e+02;5.5056818e-02;2.8750000e+02;6.1522350e-03;2.8750000e+02;-3.6926307e-02;2.8750000e+02;-7.9781607e-02;2.8750000e+02;-1.2643842e-01;2.8750000e+02;-5.5182628e-02;2.8750000e+02;-1.3632223e-02;2.8750000e+02;4.7067598e-02;2.8750000e+02;1.2733229e-01;2.8750000e+02;2.1009152e-01;2.8750000e+02;2.6728457e-01;2.8750000e+02;3.0254814e-01;2.8750000e+02;2.9216129e-01;2.8750000e+02;2.3979016e-01;2.8750000e+02;2.2452396e-01;2.8750000e+02;1.9406626e-01;2.8750000e+02;1.4897393e-01;2.8750000e+02;9.8204285e-02;2.8750000e+02;5.5056818e-02;2.8750000e+02;6.1522350e-03;2.8750000e+02;-3.6926307e-02;2.8750000e+02;-7.9781607e-02;2.8750000e+02;-1.2643842e-01;2.8750000e+02;-5.5182628e-02;2.8750000e+02;-1.3632223e-02;2.8750000e+02;4.7067598e-02;2.8750000e+02;1.2733229e-01;2.8750000e+02;2.1009152e-01;2.8750000e+02;2.6728457e-01;2.8750000e+02;3.0254814e-01;2.8750000e+02;2.9216129e-01;2.8750000e+02;2.3979016e-01;2.8750000e+02;2.2452396e-01;2.8750000e+02;1.9406626e-01;2.8750000e+02;1.4897393e-01;2.8750000e+02;9.8204285e-02;2.8750000e+02;5.5056818e-02;2.8750000e+02;6.1522350e-03;2.8750000e+02;-3.6926307e-02;2.8750000e+02;-7.9781607e-02;2.8750000e+02;-1.2643842e-01;2.8750000e+02;-5.5182628e-02;2.8750000e+02;-1.3632223e-02;2.8750000e+02;4.7067598e-02;2.8750000e+02;1.2733229e-01;2.8750000e+02;2.1009152e-01;2.8750000e+02;2.6728457e-01;2.8750000e+02;3.0254814e-01;2.8750000e+02;2.9216129e-01;2.8750000e+02;2.3979016e-01;2.8750000e+02;2.2452396e-01;2.8750000e+02;1.9406626e-01;2.8750000e+02;1.4897393e-01;2.8750000e+02;9.8204285e-02;2.8750000e+02;5.5056818e-02;2.8750000e+02;6.1522350e-03;2.8750000e+02;-3.6926307e-02;2.8750000e+02;-7.9781607e-02;2.8750000e+02;-1.2643842e-01;2.8750000e+02;-5.5182628e-02;2.8750000e+02;-1.3632223e-02;2.8750000e+02;4.7067598e-02;2.8750000e+02;1.2733229e-01;2.8750000e+02;2.1009152e-01;2.8750000e+02;2.6728457e-01;2.8750000e+02;3.0254814e-01;2.8750000e+02;2.9216129e-01;2.8750000e+02;2.3979016e-01;2.8750000e+02;2.2452396e-01;2.8750000e+02;1.9406626e-01;2.8750000e+02;1.4897393e-01;2.8750000e+02;9.8204285e-02;2.8750000e+02;5.5056818e-02;2.8750000e+02;6.1522350e-03;2.8750000e+02;-3.6926307e-02;2.8750000e+02;-7.9781607e-02;2.8750000e+02;-1.2643842e-01;2.8750000e+02;-5.5182628e-02;2.8750000e+02;-1.3632223e-02;2.8750000e+02;4.7067598e-02;2.8750000e+02;1.2733229e-01;2.8750000e+02;2.1009152e-01;2.8750000e+02;2.6728457e-01;2.8750000e+02;3.0254814e-01;2.8750000e+02;2.9216129e-01;2.8750000e+02;2.3979016e-01;2.8750000e+02;2.2452396e-01;2.8750000e+02;1.9406626e-01;2.8750000e+02;1.4897393e-01;2.8750000e+02;9.8204285e-02;2.8750000e+02;5.5056818e-02;2.8750000e+02;6.1522350e-03;2.8750000e+02;-3.6926307e-02;2.8750000e+02;-7.9781607e-02;2.8750000e+02;-1.2643842e-01;2.8750000e+02;-5.5182628e-02;2.8750000e+02;-1.3632223e-02;2.8750000e+02;4.7067598e-02;2.8750000e+02;1.2733229e-01;2.8750000e+02;2.1009152e-01;2.8750000e+02;2.6728457e-01;2.8750000e+02;3.0254814e-01;2.8750000e+02;2.9216129e-01;2.8750000e+02;2.3979016e-01;2.8750000e+02;2.2452396e-01;2.8750000e+02;1.9406626e-01;2.8750000e+02;1.4897393e-01;2.8750000e+02;9.8204285e-02;2.8750000e+02;5.5056818e-02;2.8750000e+02;6.1522350e-03;2.8750000e+02;-3.6926307e-02;2.8750000e+02;-7.9781607e-02;2.8750000e+02;-1.2643842e-01;2.8750000e+02;-5.5182628e-02;2.8750000e+02;-1.3632223e-02;2.8750000e+02;4.7067598e-02;2.8750000e+02;1.2733229e-01;2.8750000e+02;2.1009152e-01;2.8750000e+02;2.6728457e-01;2.8750000e+02;3.0254814e-01;2.8750000e+02;2.9216129e-01;2.8750000e+02;2.3979016e-01;2.8750000e+02;2.2452396e-01;2.8750000e+02;1.9406626e-01;2.8750000e+02;1.4897393e-01;2.8750000e+02;9.8204285e-02;2.8750000e+02;5.5056818e-02;2.8750000e+02;6.1522350e-03;2.8750000e+02;-3.6926307e-02;2.8750000e+02;-7.9781607e-02;2.8750000e+02;-1.2643842e-01;2.8750000e+02;-5.5182628e-02;2.8750000e+02;-1.3632223e-02;2.8750000e+02;4.7067598e-02;2.8750000e+02;1.2733229e-01;2.8750000e+02;2.1009152e-01;2.8750000e+02;2.6728457e-01;2.8750000e+02;3.0254814e-01;2.8750000e+02;2.9216129e-01;2.8750000e+02;2.3979016e-01;2.8750000e+02;2.2452396e-01;2.8750000e+02;1.9406626e-01;2.8750000e+02;1.4897393e-01;2.8750000e+02;9.8204285e-02;2.8750000e+02;5.5056818e-02;2.8750000e+02;6.1522350e-03;2.8750000e+02;-3.6926307e-02;2.8750000e+02;-7.9781607e-02;2.8750000e+02;-1.2643842e-01;2.8750000e+02;-5.5182628e-02;2.8750000e+02;-1.3632223e-02;2.8750000e+02;4.7067598e-02;2.8750000e+02;1.2733229e-01;2.8750000e+02;2.1009152e-01;2.8750000e+02;2.6728457e-01;2.8750000e+02;3.0254814e-01;2.8750000e+02;2.9216129e-01;2.8750000e+02;2.3979016e-01;2.8750000e+02;2.2452396e-01;2.8750000e+02;1.9406626e-01;2.8750000e+02;1.4897393e-01;2.8750000e+02;9.8204285e-02;2.8750000e+02;5.5056818e-02;2.8750000e+02;6.1522350e-03;2.8750000e+02;-3.6926307e-02;2.8750000e+02;-7.9781607e-02;2.8750000e+02;-1.2643842e-01;2.8750000e+02;-5.5182628e-02;2.8750000e+02;-1.3632223e-02;2.8750000e+02;4.7067598e-02;2.8750000e+02;1.2733229e-01;2.8750000e+02;2.1009152e-01;2.8750000e+02;2.6728457e-01;2.8750000e+02;3.0254814e-01;2.8750000e+02;2.9216129e-01;2.8750000e+02;2.3979016e-01;2.8750000e+02;2.2452396e-01;2.8750000e+02;1.9406626e-01;2.8750000e+02;1.4897393e-01;2.8750000e+02;9.8204285e-02;2.8750000e+02;5.5056818e-02;2.8750000e+02;6.1522350e-03;2.8750000e+02;-3.6926307e-02;2.8750000e+02;-7.9781607e-02;2.8750000e+02;-1.2643842e-01;2.8750000e+02;-5.5182628e-02;2.8750000e+02;-1.3632223e-02;2.8750000e+02;4.7067598e-02;2.8750000e+02;1.2733229e-01;2.8750000e+02;2.1009152e-01;2.8750000e+02;2.6728457e-01;2.8750000e+02;3.0254814e-01;2.8750000e+02;2.9216129e-01;2.8750000e+02;2.3979016e-01;2.8750000e+02;2.2452396e-01;2.8750000e+02;1.9406626e-01;2.8750000e+02;1.4897393e-01;2.8750000e+02;9.8204285e-02;2.8750000e+02;5.5056818e-02;2.8750000e+02;6.1522350e-03;2.8750000e+02;-3.6926307e-02;2.8750000e+02;-7.9781607e-02;2.8750000e+02;-1.2643842e-01;2.8750000e+02;-5.5182628e-02;2.8750000e+02;-1.3632223e-02;2.8750000e+02;4.7067598e-02;2.8750000e+02;1.2733229e-01;2.8750000e+02;2.1009152e-01;2.8750000e+02;2.6728457e-01;2.8750000e+02;3.0254814e-01;2.8750000e+02;2.9216129e-01;2.8750000e+02;2.3979016e-01;2.8750000e+02;2.2452396e-01;2.8750000e+02;1.9406626e-01;2.8750000e+02;1.4897393e-01;2.8750000e+02;9.8204285e-02;2.8750000e+02;5.5056818e-02;2.8750000e+02;6.1522350e-03;2.8750000e+02;-3.6926307e-02;2.8750000e+02;-7.9781607e-02;2.8750000e+02;-1.2643842e-01;2.8750000e+02;-5.5182628e-02;2.8750000e+02;-1.3632223e-02;2.8750000e+02;4.7067598e-02;2.8750000e+02;1.2733229e-01;2.8750000e+02;2.1009152e-01;2.8750000e+02;2.6728457e-01;2.8750000e+02;3.0254814e-01;2.8750000e+02;2.9216129e-01;2.8750000e+02;2.3979016e-01;2.8750000e+02;2.2452396e-01;2.8750000e+02;1.9406626e-01;2.8750000e+02;1.4897393e-01;2.8750000e+02;9.8204285e-02;2.8750000e+02;5.5056818e-02;2.8750000e+02;6.1522350e-03;2.8750000e+02;-3.6926307e-02;2.8750000e+02;-7.9781607e-02;2.8750000e+02;-1.2643842e-01;2.8750000e+02;-5.5182628e-02;2.8750000e+02;-1.3632223e-02;2.8750000e+02;4.7067598e-02;2.8750000e+02;1.2733229e-01;2.8750000e+02;2.1009152e-01;2.8750000e+02;2.6728457e-01;2.8750000e+02;3.0254814e-01;2.8750000e+02;2.9216129e-01;2.8750000e+02;2.3979016e-01;2.8750000e+02;2.2452396e-01;2.8750000e+02;1.9406626e-01;2.8750000e+02;1.4897393e-01;2.8750000e+02;9.8204285e-02;2.8750000e+02;5.5056818e-02;2.8750000e+02;6.1522350e-03;2.8750000e+02;-3.6926307e-02;2.8750000e+02;-7.9781607e-02;2.8750000e+02;-1.2643842e-01;2.8750000e+02;-5.5182628e-02;2.8750000e+02;-1.3632223e-02;2.8750000e+02;4.7067598e-02;2.8750000e+02;1.2733229e-01;2.8750000e+02;2.1009152e-01;2.8750000e+02;2.6728457e-01;2.8750000e+02;3.0254814e-01;2.8750000e+02;2.9216129e-01;2.8750000e+02;2.3979016e-01;2.8750000e+02;2.2452396e-01;2.8750000e+02;1.9406626e-01;2.8750000e+02;1.4897393e-01;2.8750000e+02;9.8204285e-02;2.8750000e+02;5.5056818e-02;2.8750000e+02;6.1522350e-03;2.8750000e+02;-3.6926307e-02;2.8750000e+02;-7.9781607e-02;2.8750000e+02;-1.2643842e-01;2.8750000e+02;-5.5182628e-02;2.8750000e+02;-1.3632223e-02;2.8750000e+02;4.7067598e-02;2.8750000e+02;1.2733229e-01;2.8750000e+02;2.1009152e-01;2.8750000e+02;2.6728457e-01;2.8750000e+02;3.0254814e-01;2.8750000e+02;2.9216129e-01;2.8750000e+02;2.3979016e-01;2.8750000e+02;2.2452396e-01;2.8750000e+02;1.9406626e-01;2.8750000e+02;1.4897393e-01;2.8750000e+02;9.8204285e-02;2.8750000e+02;5.5056818e-02;2.8750000e+02;6.1522350e-03;2.8750000e+02;-3.6926307e-02;2.8750000e+02;-7.9781607e-02;2.8750000e+02;-1.2643842e-01;2.8750000e+02;-5.5182628e-02;2.8750000e+02;-1.3632223e-02;2.8750000e+02;4.7067598e-02;2.8750000e+02;1.2733229e-01;2.8750000e+02;2.1009152e-01;2.8750000e+02;2.6728457e-01;2.8750000e+02;3.0254814e-01;2.8750000e+02;2.9216129e-01;2.8750000e+02;2.3979016e-01;2.8750000e+02;2.2452396e-01;2.8750000e+02;1.9406626e-01;2.8750000e+02;1.4897393e-01;2.8750000e+02;9.8204285e-02;2.8750000e+02;5.5056818e-02;2.8750000e+02;6.1522350e-03;2.8750000e+02;-3.6926307e-02;2.8750000e+02;-7.9781607e-02;2.8750000e+02;-1.2643842e-01;2.8750000e+02;-5.5182628e-02;2.8750000e+02;-1.3632223e-02;2.8750000e+02;4.7067598e-02;2.8750000e+02;1.2733229e-01;2.8750000e+02;2.1009152e-01;2.8750000e+02;2.6728457e-01;2.8750000e+02;3.0254814e-01;2.8750000e+02;2.9216129e-01;2.8750000e+02;2.3979016e-01;2.8750000e+02;2.2452396e-01;2.8750000e+02;1.9406626e-01;2.8750000e+02;1.4897393e-01;2.8750000e+02;9.8204285e-02;2.8750000e+02;5.5056818e-02;2.8750000e+02;6.1522350e-03;2.8750000e+02;-3.6926307e-02;2.8750000e+02;-7.9781607e-02;2.8750000e+02;-1.2643842e-01;2.8750000e+02;-5.5182628e-02;2.8750000e+02;-1.3632223e-02;2.8750000e+02;4.7067598e-02;2.8750000e+02;1.2733229e-01;2.8750000e+02;2.1009152e-01;2.8750000e+02;2.6728457e-01;2.8750000e+02;3.0254814e-01;2.8750000e+02;2.9216129e-01;2.8750000e+02;2.3979016e-01;2.8750000e+02;2.2452396e-01;2.8750000e+02;1.9406626e-01;2.8750000e+02;1.4897393e-01;2.8750000e+02;9.8204285e-02;2.8750000e+02;5.5056818e-02;2.8750000e+02;6.1522350e-03;2.8750000e+02;-3.6926307e-02;2.8750000e+02;-7.9781607e-02;2.8750000e+02;-1.2643842e-01;2.8750000e+02;-5.5182628e-02;2.8750000e+02;-1.3632223e-02;2.8750000e+02;4.7067598e-02;2.8750000e+02;1.2733229e-01;2.8750000e+02;2.1009152e-01;2.8750000e+02;2.6728457e-01;2.8750000e+02;3.0254814e-01;2.8750000e+02;2.9216129e-01;2.8750000e+02;2.3979016e-01;2.8750000e+02;2.2452396e-01;2.8750000e+02;1.9406626e-01;2.8750000e+02;1.4897393e-01;2.8750000e+02;9.8204285e-02;2.8750000e+02;5.5056818e-02;2.8750000e+02;6.1522350e-03;2.8750000e+02;-3.6926307e-02;2.8750000e+02;-7.9781607e-02;2.8750000e+02;-1.2643842e-01;2.8750000e+02;-5.5182628e-02;2.8750000e+02;-1.3632223e-02;2.8750000e+02;4.7067598e-02;2.8750000e+02;1.2733229e-01;2.8750000e+02;2.1009152e-01;2.8750000e+02;2.6728457e-01;2.8750000e+02;3.0254814e-01;2.8750000e+02;2.9216129e-01;2.8750000e+02;2.3979016e-01;2.8750000e+02;2.2452396e-01;2.8750000e+02;1.9406626e-01;2.8750000e+02;1.4897393e-01;2.8750000e+02;9.8204285e-02;2.8750000e+02;5.5056818e-02;2.8750000e+02;6.1522350e-03;2.8750000e+02;-3.6926307e-02;2.8750000e+02;-7.9781607e-02;2.8750000e+02;-1.2643842e-01;2.8750000e+02;-5.5182628e-02;2.8750000e+02;-1.3632223e-02;2.8750000e+02;4.7067598e-02;2.8750000e+02;1.2733229e-01;2.8750000e+02;2.1009152e-01;2.8750000e+02;2.6728457e-01;2.8750000e+02;3.0254814e-01;2.8750000e+02;2.9216129e-01;2.8750000e+02;2.3979016e-01;2.8750000e+02;2.2452396e-01;2.8750000e+02;1.9406626e-01;2.8750000e+02;1.4897393e-01;2.8750000e+02;9.8204285e-02;2.8750000e+02;5.5056818e-02;2.8750000e+02;6.1522350e-03;2.8750000e+02;-3.6926307e-02;2.8750000e+02;-7.9781607e-02;2.8750000e+02;-1.2643842e-01;2.8750000e+02;-5.5182628e-02;2.8750000e+02;-1.3632223e-02;2.8750000e+02;4.7067598e-02;2.8750000e+02;1.2733229e-01;2.8750000e+02;2.1009152e-01;2.8750000e+02;2.6728457e-01;2.8750000e+02;3.0254814e-01;2.8750000e+02;2.9216129e-01;2.8750000e+02;2.3979016e-01;2.8750000e+02;2.2452396e-01;2.8750000e+02;1.9406626e-01;2.8750000e+02;1.4897393e-01;2.8750000e+02;9.8204285e-02;2.8750000e+02;5.5056818e-02;2.8750000e+02;6.1522350e-03;2.8750000e+02;-3.6926307e-02;2.8750000e+02;-7.9781607e-02;2.8750000e+02;-1.2643842e-01;2.8750000e+02;-5.5182628e-02;2.8750000e+02;-1.3632223e-02;2.8750000e+02;4.7067598e-02;2.8750000e+02;1.2733229e-01;2.8750000e+02;2.1009152e-01;2.8750000e+02;2.6728457e-01;2.8750000e+02;3.0254814e-01;2.8750000e+02;2.9216129e-01;2.8750000e+02;2.3979016e-01;2.8750000e+02;2.2452396e-01;2.8750000e+02;1.9406626e-01;2.8750000e+02;1.4897393e-01;2.8750000e+02;9.8204285e-02;2.8750000e+02;5.5056818e-02;2.8750000e+02;6.1522350e-03;2.8750000e+02;-3.6926307e-02;2.8750000e+02;-7.9781607e-02;2.8750000e+02;-1.2643842e-01;2.8750000e+02;-5.5182628e-02;2.8750000e+02;-1.3632223e-02;2.8750000e+02;4.7067598e-02;2.8750000e+02;1.2733229e-01;2.8750000e+02;2.1009152e-01;2.8750000e+02;2.6728457e-01;2.8750000e+02;3.0254814e-01;2.8750000e+02;2.9216129e-01;2.8750000e+02;2.3979016e-01;2.8750000e+02;2.2452396e-01;2.8750000e+02;1.9406626e-01;2.8750000e+02;1.4897393e-01;2.8750000e+02;9.8204285e-02;2.8750000e+02;5.5056818e-02;2.8750000e+02;6.1522350e-03;2.8750000e+02;-3.6926307e-02;2.8750000e+02;-7.9781607e-02;2.8750000e+02;-1.2643842e-01;2.8750000e+02;-5.5182628e-02;2.8750000e+02;-1.3632223e-02;2.8750000e+02;4.7067598e-02;2.8750000e+02;1.2733229e-01;2.8750000e+02;2.1009152e-01;2.8750000e+02;2.6728457e-01;2.8750000e+02;3.0254814e-01;2.8750000e+02;2.9216129e-01;2.8750000e+02;2.3979016e-01;2.8750000e+02;2.2452396e-01;2.8750000e+02;1.9406626e-01;2.8750000e+02;1.4897393e-01;2.8750000e+02;9.8204285e-02;2.8750000e+02;5.5056818e-02;2.8750000e+02;6.1522350e-03;2.8750000e+02;-3.6926307e-02;2.8750000e+02;-7.9781607e-02;2.8750000e+02;-1.2643842e-01;2.8750000e+02;-5.5182628e-02;2.8750000e+02;-1.3632223e-02;2.8750000e+02;4.7067598e-02;2.8750000e+02;1.2733229e-01;2.8750000e+02;2.1009152e-01;2.8750000e+02;2.6728457e-01;2.8750000e+02;3.0254814e-01;2.8750000e+02;2.9216129e-01;2.8750000e+02;2.3979016e-01;2.8750000e+02;2.2452396e-01;2.8750000e+02;1.9406626e-01;2.8750000e+02;1.4897393e-01;2.8750000e+02;9.8204285e-02;2.8750000e+02;5.5056818e-02;2.8750000e+02;6.1522350e-03;2.8750000e+02;-3.6926307e-02;2.8750000e+02;-7.9781607e-02;2.8750000e+02;-1.2643842e-01;2.8750000e+02;-5.5182628e-02;2.8750000e+02;-1.3632223e-02;2.8750000e+02;4.7067598e-02;2.8750000e+02;1.2733229e-01;2.8750000e+02;2.1009152e-01;2.8750000e+02;2.6728457e-01;2.8750000e+02;3.0254814e-01;2.8750000e+02;2.9216129e-01;2.8750000e+02;2.3979016e-01;2.8750000e+02;2.2452396e-01;2.8750000e+02;1.9406626e-01;2.8750000e+02;1.4897393e-01;2.8750000e+02;9.8204285e-02;2.8750000e+02;5.5056818e-02;2.8750000e+02;6.1522350e-03;2.8750000e+02;-3.6926307e-02;2.8750000e+02;-7.9781607e-02;2.8750000e+02;-1.2643842e-01;2.8750000e+02;-5.5182628e-02;2.8750000e+02;-1.3632223e-02;2.8750000e+02;4.7067598e-02;2.8750000e+02;1.2733229e-01;2.8750000e+02;2.1009152e-01;2.8750000e+02;2.6728457e-01;2.8750000e+02;3.0254814e-01;2.8750000e+02;2.9216129e-01;2.8750000e+02;2.3979016e-01;2.8750000e+02;2.2452396e-01;2.8750000e+02;1.9406626e-01;2.8750000e+02;1.4897393e-01;2.8750000e+02;9.8204285e-02;2.8750000e+02;5.5056818e-02;2.8750000e+02;6.1522350e-03;2.8750000e+02;-3.6926307e-02;2.8750000e+02;-7.9781607e-02;2.8750000e+02;-1.2643842e-01;2.8750000e+02;-5.5182628e-02;2.8750000e+02;-1.3632223e-02;2.8750000e+02;4.7067598e-02;2.8750000e+02;1.2733229e-01;2.8750000e+02;2.1009152e-01;2.8750000e+02;2.6728457e-01;2.8750000e+02;3.0254814e-01;2.8750000e+02;2.9216129e-01;2.8750000e+02;2.3979016e-01;2.8750000e+02;2.2452396e-01;2.8750000e+02;1.9406626e-01;2.8750000e+02;1.4897393e-01;2.8750000e+02;9.8204285e-02;2.8750000e+02;5.5056818e-02;2.8750000e+02;6.1522350e-03;2.8750000e+02;-3.6926307e-02;2.8750000e+02;-7.9781607e-02;2.8750000e+02;-1.2643842e-01;2.8750000e+02;-5.5182628e-02;2.8750000e+02;-1.3632223e-02;2.8750000e+02;4.7067598e-02;2.8750000e+02;1.2733229e-01;2.8750000e+02;2.1009152e-01;2.8750000e+02;2.6728457e-01;2.8750000e+02;3.0254814e-01;2.8750000e+02;2.9216129e-01;2.8750000e+02;2.3979016e-01;2.8750000e+02;2.2452396e-01;2.8750000e+02;1.9406626e-01;2.8750000e+02;1.4897393e-01;2.8750000e+02;9.8204285e-02;2.8750000e+02;5.5056818e-02;2.8750000e+02;6.1522350e-03;2.8750000e+02;-3.6926307e-02;2.8750000e+02;-7.9781607e-02;2.8750000e+02;-1.2643842e-01;2.8750000e+02;-5.5182628e-02;2.8750000e+02;-1.3632223e-02;2.8750000e+02;4.7067598e-02;2.8750000e+02;1.2733229e-01;2.8750000e+02;2.1009152e-01;2.8750000e+02;2.6728457e-01;2.8750000e+02;3.0254814e-01;2.8750000e+02;2.9216129e-01;2.8750000e+02;2.3979016e-01;2.8750000e+02;2.2452396e-01;2.8750000e+02;1.9406626e-01;2.8750000e+02;1.4897393e-01;2.8750000e+02;9.8204285e-02;2.8750000e+02;5.5056818e-02;2.8750000e+02;6.1522350e-03;2.8750000e+02;-3.6926307e-02;2.8750000e+02;-7.9781607e-02;2.8750000e+02;-1.2643842e-01;2.8750000e+02;-5.5182628e-02;2.8750000e+02;-1.3632223e-02;2.8750000e+02;4.7067598e-02;2.8750000e+02;1.2733229e-01;2.8750000e+02;2.1009152e-01;2.8750000e+02;2.6728457e-01;2.8750000e+02;3.0254814e-01;2.8750000e+02;2.9216129e-01;2.8750000e+02;2.3979016e-01;2.8750000e+02;2.2452396e-01;2.8750000e+02;1.9406626e-01;2.8750000e+02;1.4897393e-01;2.8750000e+02;9.8204285e-02;2.8750000e+02;5.5056818e-02;2.8750000e+02;6.1522350e-03;2.8750000e+02;-3.6926307e-02;2.8750000e+02;-7.9781607e-02;2.8750000e+02;-1.2643842e-01;2.8750000e+02;-5.5182628e-02;2.8750000e+02;-1.3632223e-02;2.8750000e+02;4.7067598e-02;2.8750000e+02;1.2733229e-01;2.8750000e+02;2.1009152e-01;2.8750000e+02;2.6728457e-01;2.8750000e+02;3.0254814e-01;2.8750000e+02;2.9216129e-01;2.8750000e+02;2.3979016e-01;2.8750000e+02;2.2452396e-01;2.8750000e+02;1.9406626e-01;2.8750000e+02;1.4897393e-01;2.8750000e+02;9.8204285e-02;2.8750000e+02;5.5056818e-02;2.8750000e+02;6.1522350e-03;2.8750000e+02;-3.6926307e-02;2.8750000e+02;-7.9781607e-02;2.8750000e+02;-1.2643842e-01;2.8750000e+02;-5.5182628e-02;2.8750000e+02;-1.3632223e-02;2.8750000e+02;4.7067598e-02;2.8750000e+02;1.2733229e-01;2.8750000e+02;2.1009152e-01;2.8750000e+02;2.6728457e-01;2.8750000e+02;3.0254814e-01;2.8750000e+02;2.9216129e-01;2.8750000e+02;2.3979016e-01;2.8750000e+02;2.2452396e-01;2.8750000e+02;1.9406626e-01;2.8750000e+02;1.4897393e-01;2.8750000e+02;9.8204285e-02;2.8750000e+02;5.5056818e-02;2.8750000e+02;6.1522350e-03;2.8750000e+02;-3.6926307e-02;2.8750000e+02;-7.9781607e-02;2.8750000e+02;-1.2643842e-01;2.8750000e+02;-5.5182628e-02;2.8750000e+02;-1.3632223e-02;2.8750000e+02;4.7067598e-02;2.8750000e+02;1.2733229e-01;2.8750000e+02;2.1009152e-01;2.8750000e+02;2.6728457e-01;2.8750000e+02;3.0254814e-01;2.8750000e+02;2.9216129e-01;2.8750000e+02;2.3979016e-01;2.8750000e+02;2.2452396e-01;2.8750000e+02;1.9406626e-01;2.8750000e+02;1.4897393e-01;2.8750000e+02;9.8204285e-02;2.8750000e+02;5.5056818e-02;2.8750000e+02;6.1522350e-03;2.8750000e+02;-3.6926307e-02;2.8750000e+02;-7.9781607e-02;2.8750000e+02;-1.2643842e-01;2.8750000e+02;-5.5182628e-02;2.8750000e+02;-1.3632223e-02;2.8750000e+02;4.7067598e-02;2.8750000e+02;1.2733229e-01;2.8750000e+02;2.1009152e-01;2.8750000e+02;2.6728457e-01;2.8750000e+02;3.0254814e-01;2.8750000e+02;2.9216129e-01;2.8750000e+02;2.3979016e-01;2.8750000e+02;2.2452396e-01;2.8750000e+02;1.9406626e-01;2.8750000e+02;1.4897393e-01;2.8750000e+02;9.8204285e-02;2.8750000e+02;5.5056818e-02;2.8750000e+02;6.1522350e-03;2.8750000e+02;-3.6926307e-02;2.8750000e+02;-7.9781607e-02;2.8750000e+02;-1.2643842e-01;2.8750000e+02;-5.5182628e-02;2.8750000e+02;-1.3632223e-02;2.8750000e+02;4.7067598e-02;2.8750000e+02;1.2733229e-01;2.8750000e+02;2.1009152e-01;2.8750000e+02;2.6728457e-01;2.8750000e+02;3.0254814e-01;2.8750000e+02;2.9216129e-01;2.8750000e+02;2.3979016e-01;2.8750000e+02;2.2452396e-01;2.8750000e+02;1.9406626e-01;2.8750000e+02;1.4897393e-01;2.8750000e+02;9.8204285e-02;2.8750000e+02;5.5056818e-02;2.8750000e+02;6.1522350e-03;2.8750000e+02;-3.6926307e-02;2.8750000e+02;-7.9781607e-02;2.8750000e+02;-1.2643842e-01;2.8750000e+02;-5.5182628e-02;2.8750000e+02;-1.3632223e-02;2.8750000e+02;4.7067598e-02;2.8750000e+02;1.2733229e-01;2.8750000e+02;2.1009152e-01;2.8750000e+02;2.6728457e-01;2.8750000e+02;3.0254814e-01;2.8750000e+02;2.9216129e-01;2.8750000e+02;2.3979016e-01;2.8750000e+02;2.2452396e-01;2.8750000e+02;1.9406626e-01;2.8750000e+02;1.4897393e-01;2.8750000e+02;9.8204285e-02;2.8750000e+02;5.5056818e-02;2.8750000e+02;6.1522350e-03;2.8750000e+02;-3.6926307e-02;2.8750000e+02;-7.9781607e-02;2.8750000e+02;-1.2643842e-01;2.8750000e+02;-5.5182628e-02;2.8750000e+02;-1.3632223e-02;2.8750000e+02;4.7067598e-02;2.8750000e+02;1.2733229e-01;2.8750000e+02;2.1009152e-01;2.8750000e+02;2.6728457e-01;2.8750000e+02;3.0254814e-01;2.8750000e+02;2.9216129e-01;2.8750000e+02;2.3979016e-01;2.8750000e+02;2.2452396e-01;2.8750000e+02;1.9406626e-01;2.8750000e+02;1.4897393e-01;2.8750000e+02;9.8204285e-02;2.8750000e+02;5.5056818e-02;2.8750000e+02;6.1522350e-03;2.8750000e+02;-3.6926307e-02;2.8750000e+02;-7.9781607e-02;2.8750000e+02;-1.2643842e-01;2.8750000e+02;-5.5182628e-02;2.8750000e+02;-1.3632223e-02;2.8750000e+02;4.7067598e-02;2.8750000e+02;1.2733229e-01;2.8750000e+02;2.1009152e-01;2.8750000e+02;2.6728457e-01;2.8750000e+02;3.0254814e-01;2.8750000e+02;2.9216129e-01;2.8750000e+02;2.3979016e-01;2.8750000e+02;2.2452396e-01;2.8750000e+02;1.9406626e-01;2.8750000e+02;1.4897393e-01;2.8750000e+02;9.8204285e-02;2.8750000e+02;5.5056818e-02;2.8750000e+02;6.1522350e-03;2.8750000e+02;-3.6926307e-02;2.8750000e+02;-7.9781607e-02;2.8750000e+02;-1.2643842e-01;2.8750000e+02;-5.5182628e-02;2.8750000e+02;-1.3632223e-02;2.8750000e+02;4.7067598e-02;2.8750000e+02;1.2733229e-01;2.8750000e+02;2.1009152e-01;2.8750000e+02;2.6728457e-01;2.8750000e+02;3.0254814e-01;2.8750000e+02;2.9216129e-01;2.8750000e+02;2.3979016e-01;2.8750000e+02;2.2452396e-01;2.8750000e+02;1.9406626e-01;2.8750000e+02;1.4897393e-01;2.8750000e+02;9.8204285e-02;2.8750000e+02;5.5056818e-02;2.8750000e+02;6.1522350e-03;2.8750000e+02;-3.6926307e-02;2.8750000e+02;-7.9781607e-02;2.8750000e+02;-1.2643842e-01;2.8750000e+02;-5.5182628e-02;2.8750000e+02;-1.3632223e-02;2.8750000e+02;4.7067598e-02;2.8750000e+02;1.2733229e-01;2.8750000e+02;2.1009152e-01;2.8750000e+02;2.6728457e-01;2.8750000e+02;3.0254814e-01;2.8750000e+02;2.9216129e-01;2.8750000e+02;2.3979016e-01;2.8750000e+02;2.2452396e-01;2.8750000e+02;1.9406626e-01;2.8750000e+02;1.4897393e-01;2.8750000e+02;9.8204285e-02;2.8750000e+02;5.5056818e-02;2.8750000e+02;6.1522350e-03;2.8750000e+02;-3.6926307e-02;2.8750000e+02;-7.9781607e-02;2.8750000e+02;-1.2643842e-01;2.8750000e+02;-5.5182628e-02;2.8750000e+02;-1.3632223e-02;2.8750000e+02;4.7067598e-02;2.8750000e+02;1.2733229e-01;2.8750000e+02;2.1009152e-01;2.8750000e+02;2.6728457e-01;2.8750000e+02;3.0254814e-01;2.8750000e+02;2.9216129e-01;2.8750000e+02;2.3979016e-01;2.8750000e+02;2.2452396e-01;2.8750000e+02;1.9406626e-01;2.8750000e+02;1.4897393e-01;2.8750000e+02;9.8204285e-02;2.8750000e+02;5.5056818e-02;2.8750000e+02;6.1522350e-03;2.8750000e+02;-3.6926307e-02;2.8750000e+02;-7.9781607e-02;2.8750000e+02;-1.2643842e-01;2.8750000e+02;-5.5182628e-02;2.8750000e+02;-1.3632223e-02;2.8750000e+02;4.7067598e-02;2.8750000e+02;1.2733229e-01;2.8750000e+02;2.1009152e-01;2.8750000e+02;2.6728457e-01;2.8750000e+02;3.0254814e-01;2.8750000e+02;2.9216129e-01;2.8750000e+02;2.3979016e-01;2.8750000e+02;2.2452396e-01;2.8750000e+02;1.9406626e-01;2.8750000e+02;1.4897393e-01;2.8750000e+02;9.8204285e-02;2.8750000e+02;5.5056818e-02;2.8750000e+02;6.1522350e-03;2.8750000e+02;-3.6926307e-02;2.8750000e+02;-7.9781607e-02;2.8750000e+02;-1.2643842e-01;2.8750000e+02;-5.5182628e-02;2.8750000e+02;-1.3632223e-02;2.8750000e+02;4.7067598e-02;2.8750000e+02;1.2733229e-01;2.8750000e+02;2.1009152e-01;2.8750000e+02;2.6728457e-01;2.8750000e+02;3.0254814e-01;2.8750000e+02;2.9216129e-01;2.8750000e+02;2.3979016e-01;2.8750000e+02;2.2452396e-01;2.8750000e+02;1.9406626e-01;2.8750000e+02;1.4897393e-01;2.8750000e+02;9.8204285e-02;2.8750000e+02;5.5056818e-02;2.8750000e+02;6.1522350e-03;2.8750000e+02;-3.6926307e-02;2.8750000e+02;-7.9781607e-02;2.8750000e+02;-1.2643842e-01;2.8750000e+02;-5.5182628e-02;2.8750000e+02;-1.3632223e-02;2.8750000e+02;4.7067598e-02;2.8750000e+02;1.2733229e-01;2.8750000e+02;2.1009152e-01;2.8750000e+02;2.6728457e-01;2.8750000e+02;3.0254814e-01;2.8750000e+02;2.9216129e-01;2.8750000e+02;2.3979016e-01;2.8750000e+02;2.2452396e-01;2.8750000e+02;1.9406626e-01;2.8750000e+02;1.4897393e-01;2.8750000e+02;9.8204285e-02;2.8750000e+02;5.5056818e-02;2.8750000e+02;6.1522350e-03;2.8750000e+02;-3.6926307e-02;2.8750000e+02;-7.9781607e-02;2.8750000e+02;-1.2643842e-01;2.8750000e+02;-5.5182628e-02;2.8750000e+02;-1.3632223e-02;2.8750000e+02;4.7067598e-02;2.8750000e+02;1.2733229e-01;2.8750000e+02;2.1009152e-01;2.8750000e+02;2.6728457e-01;2.8750000e+02;3.0254814e-01;2.8750000e+02;2.9216129e-01;2.8750000e+02;2.3979016e-01;2.8750000e+02;2.2452396e-01;2.8750000e+02;1.9406626e-01;2.8750000e+02;1.4897393e-01;2.8750000e+02;9.8204285e-02;2.8750000e+02;5.5056818e-02;2.8750000e+02;6.1522350e-03;2.8750000e+02;-3.6926307e-02;2.8750000e+02;-7.9781607e-02;2.8750000e+02;-1.2643842e-01;2.8750000e+02;-5.5182628e-02;2.8750000e+02;-1.3632223e-02;2.8750000e+02;4.7067598e-02;2.8750000e+02;1.2733229e-01;2.8750000e+02;2.1009152e-01;2.8750000e+02;2.6728457e-01;2.8750000e+02;3.0254814e-01;2.8750000e+02;2.9216129e-01;2.8750000e+02;2.3979016e-01;2.8750000e+02;2.2452396e-01;2.8750000e+02;1.9406626e-01;2.8750000e+02;1.4897393e-01;2.8750000e+02;9.8204285e-02;2.8750000e+02;5.5056818e-02;2.8750000e+02;6.1522350e-03;2.8750000e+02;-3.6926307e-02;2.8750000e+02;-7.9781607e-02;2.8750000e+02;-1.2643842e-01;2.8750000e+02;-5.5182628e-02;2.8750000e+02;-1.3632223e-02;2.8750000e+02;4.7067598e-02;2.8750000e+02;1.2733229e-01;2.8750000e+02;2.1009152e-01;2.8750000e+02;2.6728457e-01;2.8750000e+02;3.0254814e-01;2.8750000e+02;2.9216129e-01;2.8750000e+02;2.3979016e-01;2.8750000e+02;2.2452396e-01;2.8750000e+02;1.9406626e-01;2.8750000e+02;1.4897393e-01;2.8750000e+02;9.8204285e-02;2.8750000e+02;5.5056818e-02;2.8750000e+02;6.1522350e-03;2.8750000e+02;-3.6926307e-02;2.8750000e+02;-7.9781607e-02;2.8750000e+02;-1.2643842e-01;2.8750000e+02;-5.5182628e-02;2.8750000e+02;-1.3632223e-02;2.8750000e+02;4.7067598e-02;2.8750000e+02;1.2733229e-01;2.8750000e+02;2.1009152e-01;2.8750000e+02;2.6728457e-01;2.8750000e+02;3.0254814e-01;2.8750000e+02;2.9216129e-01;2.8750000e+02;2.3979016e-01;2.8750000e+02;2.2452396e-01;2.8750000e+02;1.9406626e-01;2.8750000e+02;1.4897393e-01;2.8750000e+02;9.8204285e-02;2.8750000e+02;5.5056818e-02;2.8750000e+02;6.1522350e-03;2.8750000e+02;-3.6926307e-02;2.8750000e+02;-7.9781607e-02;2.8750000e+02;-1.2643842e-01;2.8750000e+02;-5.5182628e-02;2.8750000e+02;-1.3632223e-02;2.8750000e+02;4.7067598e-02;2.8750000e+02;1.2733229e-01;2.8750000e+02;2.1009152e-01;2.8750000e+02;2.6728457e-01;2.8750000e+02;3.0254814e-01;2.8750000e+02;2.9216129e-01;2.8750000e+02;2.3979016e-01;2.8750000e+02;2.2452396e-01;2.8750000e+02;1.9406626e-01;2.8750000e+02;1.4897393e-01;2.8750000e+02;9.8204285e-02;2.8750000e+02;5.5056818e-02;2.8750000e+02;6.1522350e-03;2.8750000e+02;-3.6926307e-02;2.8750000e+02;-7.9781607e-02;2.8750000e+02;-1.2643842e-01;2.8750000e+02;-5.5182628e-02;2.8750000e+02;-1.3632223e-02;2.8750000e+02;4.7067598e-02;2.8750000e+02;1.2733229e-01;2.8750000e+02;2.1009152e-01;2.8750000e+02;2.6728457e-01;2.8750000e+02;3.0254814e-01;2.8750000e+02;2.9216129e-01;2.8750000e+02;2.3979016e-01;2.8750000e+02;2.2452396e-01;2.8750000e+02;1.9406626e-01;2.8750000e+02;1.4897393e-01;2.8750000e+02;9.8204285e-02;2.8750000e+02;5.5056818e-02;2.8750000e+02;6.1522350e-03;2.8750000e+02;-3.6926307e-02;2.8750000e+02;-7.9781607e-02;2.8750000e+02;-1.2643842e-01;2.8750000e+02;-5.5182628e-02;2.8750000e+02;-1.3632223e-02;2.8750000e+02;4.7067598e-02;2.8750000e+02;1.2733229e-01;2.8750000e+02;2.1009152e-01;2.8750000e+02;2.6728457e-01;2.8750000e+02;3.0254814e-01;2.8750000e+02;2.9216129e-01;2.8750000e+02;2.3979016e-01;2.8750000e+02;2.2452396e-01;2.8750000e+02;1.9406626e-01;2.8750000e+02;1.4897393e-01;2.8750000e+02;9.8204285e-02;2.8750000e+02;5.5056818e-02;2.8750000e+02;6.1522350e-03;2.8750000e+02;-3.6926307e-02;2.8750000e+02;-7.9781607e-02;2.8750000e+02;-1.2643842e-01;2.8750000e+02;-5.5182628e-02;2.8750000e+02;-1.3632223e-02;2.8750000e+02;4.7067598e-02;2.8750000e+02;1.2733229e-01;2.8750000e+02;2.1009152e-01;2.8750000e+02;2.6728457e-01;2.8750000e+02;3.0254814e-01;2.8750000e+02;2.9216129e-01;2.8750000e+02;2.3979016e-01;2.8750000e+02;2.2452396e-01;2.8750000e+02;1.9406626e-01;2.8750000e+02;1.4897393e-01;2.8750000e+02;9.8204285e-02;2.8750000e+02;5.5056818e-02;2.8750000e+02;6.1522350e-03;2.8750000e+02;-3.6926307e-02;2.8750000e+02;-7.9781607e-02;2.8750000e+02;-1.2643842e-01;2.8750000e+02;-5.5182628e-02;2.8750000e+02;-1.3632223e-02;2.8750000e+02;4.7067598e-02;2.8750000e+02;1.2733229e-01;2.8750000e+02;2.1009152e-01;2.8750000e+02;2.6728457e-01;2.8750000e+02;3.0254814e-01;2.8750000e+02;2.9216129e-01;2.8750000e+02;2.3979016e-01;2.8750000e+02;2.2452396e-01;2.8750000e+02;1.9406626e-01;2.8750000e+02;1.4897393e-01;2.8750000e+02;9.8204285e-02;2.8750000e+02;5.5056818e-02;2.8750000e+02;6.1522350e-03;2.8750000e+02;-3.6926307e-02;2.8750000e+02;-7.9781607e-02;2.8750000e+02;-1.2643842e-01;2.8750000e+02;-5.5182628e-02;2.8750000e+02;-1.3632223e-02;2.8750000e+02;4.7067598e-02;2.8750000e+02;1.2733229e-01;2.8750000e+02;2.1009152e-01;2.8750000e+02;2.6728457e-01;2.8750000e+02;3.0254814e-01;2.8750000e+02;2.9216129e-01;2.8750000e+02;2.3979016e-01;2.8750000e+02;2.2452396e-01;2.8750000e+02;1.9406626e-01;2.8750000e+02;1.4897393e-01;2.8750000e+02;9.8204285e-02;2.8750000e+02;5.5056818e-02;2.8750000e+02;6.1522350e-03;2.8750000e+02;-3.6926307e-02;2.8750000e+02;-7.9781607e-02;2.8750000e+02;-1.2643842e-01;2.8750000e+02;-5.5182628e-02;2.8750000e+02;-1.3632223e-02;2.8750000e+02;4.7067598e-02;2.8750000e+02;1.2733229e-01;2.8750000e+02;2.1009152e-01;2.8750000e+02;2.6728457e-01;2.8750000e+02;3.0254814e-01;2.8750000e+02;2.9216129e-01;2.8750000e+02;2.3979016e-01;2.8750000e+02;2.2452396e-01;2.8750000e+02;1.9406626e-01;2.8750000e+02;1.4897393e-01;2.8750000e+02;9.8204285e-02;2.8750000e+02;5.5056818e-02;2.8750000e+02;6.1522350e-03;2.8750000e+02;-3.6926307e-02;2.8750000e+02;-7.9781607e-02;2.8750000e+02;-1.2643842e-01;2.8750000e+02;-5.5182628e-02;2.8750000e+02;-1.3632223e-02;2.8750000e+02;4.7067598e-02;2.8750000e+02;1.2733229e-01;2.8750000e+02;2.1009152e-01;2.8750000e+02;2.6728457e-01;2.8750000e+02;3.0254814e-01;2.8750000e+02;2.9216129e-01;2.8750000e+02;2.3979016e-01;2.8750000e+02;2.2452396e-01;2.8750000e+02;1.9406626e-01;2.8750000e+02;1.4897393e-01;2.8750000e+02;9.8204285e-02;2.8750000e+02;5.5056818e-02;2.8750000e+02;6.1522350e-03;2.8750000e+02;-3.6926307e-02;2.8750000e+02;-7.9781607e-02;2.8750000e+02;-1.2643842e-01;2.8750000e+02;-5.5182628e-02;2.8750000e+02;-1.3632223e-02;2.8750000e+02;4.7067598e-02;2.8750000e+02;1.2733229e-01;2.8750000e+02;2.1009152e-01;2.8750000e+02;2.6728457e-01;2.8750000e+02;3.0254814e-01;2.8750000e+02;2.9216129e-01;2.8750000e+02;2.3979016e-01;2.8750000e+02;2.2452396e-01;2.8750000e+02;1.9406626e-01;2.8750000e+02;1.4897393e-01;2.8750000e+02;9.8204285e-02;2.8750000e+02;5.5056818e-02;2.8750000e+02;6.1522350e-03;2.8750000e+02;-3.6926307e-02;2.8750000e+02;-7.9781607e-02;2.8750000e+02;-1.2643842e-01;2.8750000e+02;-5.5182628e-02;2.8750000e+02;-1.3632223e-02;2.8750000e+02;4.7067598e-02;2.8750000e+02;1.2733229e-01;2.8750000e+02;2.1009152e-01;2.8750000e+02;2.6728457e-01;2.8750000e+02;3.0254814e-01;2.8750000e+02;2.9216129e-01;2.8750000e+02;2.3979016e-01;2.8750000e+02;2.2452396e-01;2.8750000e+02;1.9406626e-01;2.8750000e+02;1.4897393e-01;2.8750000e+02;9.8204285e-02;2.8750000e+02;5.5056818e-02;2.8750000e+02;6.1522350e-03;2.8750000e+02;-3.6926307e-02;2.8750000e+02;-7.9781607e-02;2.8750000e+02;-1.2643842e-01;2.8750000e+02;-5.5182628e-02;2.8750000e+02;-1.3632223e-02;2.8750000e+02;4.7067598e-02;2.8750000e+02;1.2733229e-01;2.8750000e+02;2.1009152e-01;2.8750000e+02;2.6728457e-01;2.8750000e+02;3.0254814e-01;2.8750000e+02;2.9216129e-01;2.8750000e+02;2.3979016e-01;2.8750000e+02;2.2452396e-01;2.8750000e+02;1.9406626e-01;2.8750000e+02;1.4897393e-01;2.8750000e+02;9.8204285e-02;2.8750000e+02;5.5056818e-02;2.8750000e+02;6.1522350e-03;2.8750000e+02;-3.6926307e-02;2.8750000e+02;-7.9781607e-02;2.8750000e+02;-1.2643842e-01;2.8750000e+02;-5.5182628e-02;2.8750000e+02;-1.3632223e-02;2.8750000e+02;4.7067598e-02;2.8750000e+02;1.2733229e-01;2.8750000e+02;2.1009152e-01;2.8750000e+02;2.6728457e-01;2.8750000e+02;3.0254814e-01;2.8750000e+02;2.9216129e-01;2.8750000e+02;2.3979016e-01;2.8750000e+02;2.2452396e-01;2.8750000e+02;1.9406626e-01;2.8750000e+02;1.4897393e-01;2.8750000e+02;9.8204285e-02;2.8750000e+02;5.5056818e-02;2.8750000e+02;6.1522350e-03;2.8750000e+02;-3.6926307e-02;2.8750000e+02;-7.9781607e-02;2.8750000e+02;-1.2643842e-01;2.8750000e+02;-5.5182628e-02;2.8750000e+02;-1.3632223e-02;2.8750000e+02;4.7067598e-02;2.8750000e+02;1.2733229e-01;2.8750000e+02;2.1009152e-01;2.8750000e+02;2.6728457e-01;2.8750000e+02;3.0254814e-01;2.8750000e+02;2.9216129e-01;2.8750000e+02;2.3979016e-01;2.8750000e+02;2.2452396e-01;2.8750000e+02;1.9406626e-01;2.8750000e+02;1.4897393e-01;2.8750000e+02;9.8204285e-02;2.8750000e+02;5.5056818e-02;2.8750000e+02;6.1522350e-03;2.8750000e+02;-3.6926307e-02;2.8750000e+02;-7.9781607e-02;2.8750000e+02;-1.2643842e-01;2.8750000e+02;-5.5182628e-02;2.8750000e+02;-1.3632223e-02;2.8750000e+02;4.7067598e-02;2.8750000e+02;1.2733229e-01;2.8750000e+02;2.1009152e-01;2.8750000e+02;2.6728457e-01;2.8750000e+02;3.0254814e-01;2.8750000e+02;2.9216129e-01;2.8750000e+02;2.3979016e-01;2.8750000e+02;2.2452396e-01;2.8750000e+02;1.9406626e-01;2.8750000e+02;1.4897393e-01;2.8750000e+02;9.8204285e-02;2.8750000e+02;5.5056818e-02;2.8750000e+02;6.1522350e-03;2.8750000e+02;-3.6926307e-02;2.8750000e+02;-7.9781607e-02;2.8750000e+02;-1.2643842e-01;2.8750000e+02;-5.5182628e-02;2.8750000e+02;-1.3632223e-02;2.8750000e+02;4.7067598e-02;2.8750000e+02;1.2733229e-01;2.8750000e+02;2.1009152e-01;2.8750000e+02;2.6728457e-01;2.8750000e+02;3.0254814e-01;2.8750000e+02;2.9216129e-01;2.8750000e+02;2.3979016e-01;2.8750000e+02;2.2452396e-01;2.8750000e+02;1.9406626e-01;2.8750000e+02;1.4897393e-01;2.8750000e+02;9.8204285e-02;2.8750000e+02;5.5056818e-02;2.8750000e+02;6.1522350e-03;2.8750000e+02;-3.6926307e-02;2.8750000e+02;-7.9781607e-02;2.8750000e+02;-1.2643842e-01;2.8750000e+02;-5.5182628e-02;2.8750000e+02;-1.3632223e-02;2.8750000e+02;4.7067598e-02;2.8750000e+02;1.2733229e-01;2.8750000e+02;2.1009152e-01;2.8750000e+02;2.6728457e-01;2.8750000e+02;3.0254814e-01;2.8750000e+02;2.9216129e-01;2.8750000e+02;2.3979016e-01;2.8750000e+02;2.2452396e-01;2.8750000e+02;1.9406626e-01;2.8750000e+02;1.4897393e-01;2.8750000e+02;9.8204285e-02;2.8750000e+02;5.5056818e-02;2.8750000e+02;6.1522350e-03;2.8750000e+02;-3.6926307e-02;2.8750000e+02;-7.9781607e-02;2.8750000e+02;-1.2643842e-01;2.8750000e+02;-5.5182628e-02;2.8750000e+02;-1.3632223e-02;2.8750000e+02;4.7067598e-02;2.8750000e+02;1.2733229e-01;2.8750000e+02;2.1009152e-01;2.8750000e+02;2.6728457e-01;2.8750000e+02;3.0254814e-01;2.8750000e+02;2.9216129e-01;2.8750000e+02;2.3979016e-01;2.8750000e+02;2.2452396e-01;2.8750000e+02;1.9406626e-01;2.8750000e+02;1.4897393e-01;2.8750000e+02;9.8204285e-02;2.8750000e+02;5.5056818e-02;2.8750000e+02;6.1522350e-03;2.8750000e+02;-3.6926307e-02;2.8750000e+02;-7.9781607e-02;2.8750000e+02;-1.2643842e-01;2.8750000e+02;-5.5182628e-02;2.8750000e+02;-1.3632223e-02;2.8750000e+02;4.7067598e-02;2.8750000e+02;1.2733229e-01;2.8750000e+02;2.1009152e-01;2.8750000e+02;2.6728457e-01;2.8750000e+02;3.0254814e-01;2.8750000e+02;2.9216129e-01;2.8750000e+02;2.3979016e-01;2.8750000e+02;2.2452396e-01;2.8750000e+02;1.9406626e-01;2.8750000e+02;1.4897393e-01;2.8750000e+02;9.8204285e-02;2.8750000e+02;5.5056818e-02;2.8750000e+02;6.1522350e-03;2.8750000e+02;-3.6926307e-02;2.8750000e+02;-7.9781607e-02;2.8750000e+02;-1.2643842e-01;2.8750000e+02;-5.5182628e-02;2.8750000e+02;-1.3632223e-02;2.8750000e+02;4.7067598e-02;2.8750000e+02;1.2733229e-01;2.8750000e+02;2.1009152e-01;2.8750000e+02;2.6728457e-01;2.8750000e+02;3.0254814e-01;2.8750000e+02;2.9216129e-01;2.8750000e+02;2.3979016e-01;2.8750000e+02;2.2452396e-01;2.8750000e+02;1.9406626e-01;2.8750000e+02;1.4897393e-01;2.8750000e+02;9.8204285e-02;2.8750000e+02;5.5056818e-02;2.8750000e+02;6.1522350e-03;2.8750000e+02;-3.6926307e-02;2.8750000e+02;-7.9781607e-02;2.8750000e+02;-1.2643842e-01;2.8750000e+02;-5.5182628e-02;2.8750000e+02;-1.3632223e-02;2.8750000e+02;4.7067598e-02;2.8750000e+02;1.2733229e-01;2.8750000e+02;2.1009152e-01;2.8750000e+02;2.6728457e-01;2.8750000e+02;3.0254814e-01;2.8750000e+02;2.9216129e-01;2.8750000e+02;2.3979016e-01;2.8750000e+02;2.2452396e-01;2.8750000e+02;1.9406626e-01;2.8750000e+02;1.4897393e-01;2.8750000e+02;9.8204285e-02;2.8750000e+02;5.5056818e-02;2.8750000e+02;6.1522350e-03;2.8750000e+02;-3.6926307e-02;2.8750000e+02;-7.9781607e-02;2.8750000e+02;-1.2643842e-01;2.8750000e+02;-5.5182628e-02;2.8750000e+02;-1.3632223e-02;2.8750000e+02;4.7067598e-02;2.8750000e+02;1.2733229e-01;2.8750000e+02;2.1009152e-01;2.8750000e+02;2.6728457e-01;2.8750000e+02;3.0254814e-01;2.8750000e+02;2.9216129e-01;2.8750000e+02;2.3979016e-01;2.8750000e+02;2.2452396e-01;2.8750000e+02;1.9406626e-01;2.8750000e+02;1.4897393e-01;2.8750000e+02;9.8204285e-02;2.8750000e+02;5.5056818e-02;2.8750000e+02;6.1522350e-03;2.8750000e+02;-3.6926307e-02;2.8750000e+02;-7.9781607e-02;2.8750000e+02;-1.2643842e-01;2.8750000e+02;-5.5182628e-02;2.8750000e+02;-1.3632223e-02;2.8750000e+02;4.7067598e-02;2.8750000e+02;1.2733229e-01;2.8750000e+02;2.1009152e-01;2.8750000e+02;2.6728457e-01;2.8750000e+02;3.0254814e-01;2.8750000e+02;2.9216129e-01;2.8750000e+02;2.3979016e-01;2.8750000e+02;2.2452396e-01;2.8750000e+02;1.9406626e-01;2.8750000e+02;1.4897393e-01;2.8750000e+02;9.8204285e-02;2.8750000e+02;5.5056818e-02;2.8750000e+02;6.1522350e-03;2.8750000e+02;-3.6926307e-02;2.8750000e+02;-7.9781607e-02;2.8750000e+02;-1.2643842e-01;2.8750000e+02;-5.5182628e-02;2.8750000e+02;-1.3632223e-02;2.8750000e+02;4.7067598e-02;2.8750000e+02;1.2733229e-01;2.8750000e+02;2.1009152e-01;2.8750000e+02;2.6728457e-01;2.8750000e+02;3.0254814e-01;2.8750000e+02;2.9216129e-01;2.8750000e+02;2.3979016e-01;2.8750000e+02;2.2452396e-01;2.8750000e+02;1.9406626e-01;2.8750000e+02;1.4897393e-01;2.8750000e+02;9.8204285e-02;2.8750000e+02;5.5056818e-02;2.8750000e+02;6.1522350e-03;2.8750000e+02;-3.6926307e-02;2.8750000e+02;-7.9781607e-02;2.8750000e+02;-1.2643842e-01;2.8750000e+02;-5.5182628e-02;2.8750000e+02;-1.3632223e-02;2.8750000e+02;4.7067598e-02;2.8750000e+02;1.2733229e-01;2.8750000e+02;2.1009152e-01;2.8750000e+02;2.6728457e-01;2.8750000e+02;3.0254814e-01;2.8750000e+02;2.9216129e-01;2.8750000e+02;2.3979016e-01;2.8750000e+02;2.2452396e-01;2.8750000e+02;1.9406626e-01;2.8750000e+02;1.4897393e-01;2.8750000e+02;9.8204285e-02;2.8750000e+02;5.5056818e-02;2.8750000e+02;6.1522350e-03;2.8750000e+02;-3.6926307e-02;2.8750000e+02;-7.9781607e-02;2.8750000e+02;-1.2643842e-01;2.8750000e+02;-5.5182628e-02;2.8750000e+02;-1.3632223e-02;2.8750000e+02;4.7067598e-02;2.8750000e+02;1.2733229e-01;2.8750000e+02;2.1009152e-01;2.8750000e+02;2.6728457e-01;2.8750000e+02;3.0254814e-01;2.8750000e+02;2.9216129e-01;2.8750000e+02;2.3979016e-01;2.8750000e+02;2.2452396e-01;2.8750000e+02;1.9406626e-01;2.8750000e+02;1.4897393e-01;2.8750000e+02;9.8204285e-02;2.8750000e+02;5.5056818e-02;2.8750000e+02;6.1522350e-03;2.8750000e+02;-3.6926307e-02;2.8750000e+02;-7.9781607e-02;2.8750000e+02;-1.2643842e-01;2.8750000e+02;-5.5182628e-02;2.8750000e+02;-1.3632223e-02;2.8750000e+02;4.7067598e-02;2.8750000e+02;1.2733229e-01;2.8750000e+02;2.1009152e-01;2.8750000e+02;2.6728457e-01;2.8750000e+02;3.0254814e-01;2.8750000e+02;2.9216129e-01;2.8750000e+02;2.3979016e-01;2.8750000e+02;2.2452396e-01;2.8750000e+02;1.9406626e-01;2.8750000e+02;1.4897393e-01;2.8750000e+02;9.8204285e-02;2.8750000e+02;5.5056818e-02;2.8750000e+02;6.1522350e-03;2.8750000e+02;-3.6926307e-02;2.8750000e+02;-7.9781607e-02;2.8750000e+02;-1.2643842e-01;2.8750000e+02;-5.5182628e-02;2.8750000e+02;-1.3632223e-02;2.8750000e+02;4.7067598e-02;2.8750000e+02;1.2733229e-01;2.8750000e+02;2.1009152e-01;2.8750000e+02;2.6728457e-01;2.8750000e+02;3.0254814e-01;2.8750000e+02;2.9216129e-01;2.8750000e+02;2.3979016e-01;2.8750000e+02;2.2452396e-01;2.8750000e+02;1.9406626e-01;2.8750000e+02;1.4897393e-01;2.8750000e+02;9.8204285e-02;2.8750000e+02;5.5056818e-02;2.8750000e+02;6.1522350e-03;2.8750000e+02;-3.6926307e-02;2.8750000e+02;-7.9781607e-02;2.8750000e+02;-1.2643842e-01;2.8750000e+02;-5.5182628e-02;2.8750000e+02;-1.3632223e-02;2.8750000e+02;4.7067598e-02;2.8750000e+02;1.2733229e-01;2.8750000e+02;2.1009152e-01;2.8750000e+02;2.6728457e-01;2.8750000e+02;3.0254814e-01;2.8750000e+02;2.9216129e-01;2.8750000e+02;2.3979016e-01;2.8750000e+02;2.2452396e-01;2.8750000e+02;1.9406626e-01;2.8750000e+02;1.4897393e-01;2.8750000e+02;9.8204285e-02;2.8750000e+02;5.5056818e-02;2.8750000e+02;6.1522350e-03;2.8750000e+02;-3.6926307e-02;2.8750000e+02;-7.9781607e-02;2.8750000e+02;-1.2643842e-01;2.8750000e+02;-5.5182628e-02;2.8750000e+02;-1.3632223e-02;2.8750000e+02;4.7067598e-02;2.8750000e+02;1.2733229e-01;2.8750000e+02;2.1009152e-01;2.8750000e+02;2.6728457e-01;2.8750000e+02;3.0254814e-01;2.8750000e+02;2.9216129e-01;2.8750000e+02;2.3979016e-01;2.8750000e+02;2.2452396e-01;2.8750000e+02;1.9406626e-01;2.8750000e+02;1.4897393e-01;2.8750000e+02;9.8204285e-02;2.8750000e+02;5.5056818e-02;2.8750000e+02;6.1522350e-03;2.8750000e+02;-3.6926307e-02;2.8750000e+02;-7.9781607e-02;2.8750000e+02;-1.2643842e-01;2.8750000e+02;-5.5182628e-02;2.8750000e+02;-1.3632223e-02;2.8750000e+02;4.7067598e-02;2.8750000e+02;1.2733229e-01;2.8750000e+02;2.1009152e-01;2.8750000e+02;2.6728457e-01;2.8750000e+02;3.0254814e-01;2.8750000e+02;2.9216129e-01;2.8750000e+02;2.3979016e-01;2.8750000e+02;2.2452396e-01;2.8750000e+02;1.9406626e-01;2.8750000e+02;1.4897393e-01;2.8750000e+02;9.8204285e-02;2.8750000e+02;5.5056818e-02;2.8750000e+02;6.1522350e-03;2.8750000e+02;-3.6926307e-02;2.8750000e+02;-7.9781607e-02;2.8750000e+02;-1.2643842e-01;2.8750000e+02;-5.5182628e-02;2.8750000e+02;-1.3632223e-02;2.8750000e+02;4.7067598e-02;2.8750000e+02;1.2733229e-01;2.8750000e+02;2.1009152e-01;2.8750000e+02;2.6728457e-01;2.8750000e+02;3.0254814e-01;2.8750000e+02;2.9216129e-01;2.8750000e+02;2.3979016e-01;2.8750000e+02;2.2452396e-01;2.8750000e+02;1.9406626e-01;2.8750000e+02;1.4897393e-01;2.8750000e+02;9.8204285e-02;2.8750000e+02;5.5056818e-02;2.8750000e+02;6.1522350e-03;2.8750000e+02;-3.6926307e-02;2.8750000e+02;-7.9781607e-02;2.8750000e+02;-1.2643842e-01;2.8750000e+02;-5.5182628e-02;2.8750000e+02;-1.3632223e-02;2.8750000e+02;4.7067598e-02;2.8750000e+02;1.2733229e-01;2.8750000e+02;2.1009152e-01;2.8750000e+02;2.6728457e-01;2.8750000e+02;3.0254814e-01;2.8750000e+02;2.9216129e-01;2.8750000e+02;2.3979016e-01;2.8750000e+02;2.2452396e-01;2.8750000e+02;1.9406626e-01;2.8750000e+02;1.4897393e-01;2.8750000e+02;9.8204285e-02;2.8750000e+02;5.5056818e-02;2.8750000e+02;6.1522350e-03;2.8750000e+02;-3.6926307e-02;2.8750000e+02;-7.9781607e-02;2.8750000e+02;-1.2643842e-01;2.8750000e+02;-5.5182628e-02;2.8750000e+02;-1.3632223e-02;2.8750000e+02;4.7067598e-02;2.8750000e+02;1.2733229e-01;2.8750000e+02;2.1009152e-01;2.8750000e+02;2.6728457e-01;2.8750000e+02;3.0254814e-01;2.8750000e+02;2.9216129e-01;2.8750000e+02;2.3979016e-01;2.8750000e+02;2.2452396e-01;2.8750000e+02;1.9406626e-01;2.8750000e+02;1.4897393e-01;2.8750000e+02;9.8204285e-02;2.8750000e+02;5.5056818e-02;2.8750000e+02;6.1522350e-03;2.8750000e+02;-3.6926307e-02;2.8750000e+02;-7.9781607e-02;2.8750000e+02;-1.2643842e-01;2.8750000e+02;-5.5182628e-02;2.8750000e+02;-1.3632223e-02;2.8750000e+02;4.7067598e-02;2.8750000e+02;1.2733229e-01;2.8750000e+02;2.1009152e-01;2.8750000e+02;2.6728457e-01;2.8750000e+02;3.0254814e-01;2.8750000e+02;2.9216129e-01;2.8750000e+02;2.3979016e-01;2.8750000e+02;2.2452396e-01;2.8750000e+02;1.9406626e-01;2.8750000e+02;1.4897393e-01;2.8750000e+02;9.8204285e-02;2.8750000e+02;5.5056818e-02;2.8750000e+02;6.1522350e-03;2.8750000e+02;-3.6926307e-02;2.8750000e+02;-7.9781607e-02;2.8750000e+02;-1.2643842e-01;2.8750000e+02;-5.5182628e-02;2.8750000e+02;-1.3632223e-02;2.8750000e+02;4.7067598e-02;2.8750000e+02;1.2733229e-01;2.8750000e+02;2.1009152e-01;2.8750000e+02;2.6728457e-01;2.8750000e+02;3.0254814e-01;2.8750000e+02;2.9216129e-01;2.8750000e+02;2.3979016e-01;2.8750000e+02;2.2452396e-01;2.8750000e+02;1.9406626e-01;2.8750000e+02;1.4897393e-01;2.8750000e+02;9.8204285e-02;2.8750000e+02;5.5056818e-02;2.8750000e+02;6.1522350e-03;2.8750000e+02;-3.6926307e-02;2.8750000e+02;-7.9781607e-02;2.8750000e+02;-1.2643842e-01;2.8750000e+02;-5.5182628e-02;2.8750000e+02;-1.3632223e-02;2.8750000e+02;4.7067598e-02;2.8750000e+02;1.2733229e-01;2.8750000e+02;2.1009152e-01;2.8750000e+02;2.6728457e-01;2.8750000e+02;3.0254814e-01;2.8750000e+02;2.9216129e-01;2.8750000e+02;2.3979016e-01;2.8750000e+02;2.2452396e-01;2.8750000e+02;1.9406626e-01;2.8750000e+02;1.4897393e-01;2.8750000e+02;9.8204285e-02;2.8750000e+02;5.5056818e-02;2.8750000e+02;6.1522350e-03;2.8750000e+02;-3.6926307e-02;2.8750000e+02;-7.9781607e-02;2.8750000e+02;-1.2643842e-01;2.8750000e+02;-5.5182628e-02;2.8750000e+02;-1.3632223e-02;2.8750000e+02;4.7067598e-02;2.8750000e+02;1.2733229e-01;2.8750000e+02;2.1009152e-01;2.8750000e+02;2.6728457e-01;2.8750000e+02;3.0254814e-01;2.8750000e+02;2.9216129e-01;2.8750000e+02;2.3979016e-01;2.8750000e+02;2.2452396e-01;2.8750000e+02;1.9406626e-01;2.8750000e+02;1.4897393e-01;2.8750000e+02;9.8204285e-02;2.8750000e+02;5.5056818e-02;2.8750000e+02;6.1522350e-03;2.8750000e+02;-3.6926307e-02;2.8750000e+02;-7.9781607e-02;2.8750000e+02;-1.2643842e-01;2.8750000e+02;-5.5182628e-02;2.8750000e+02;-1.3632223e-02;2.8750000e+02;4.7067598e-02;2.8750000e+02;1.2733229e-01;2.8750000e+02;2.1009152e-01;2.8750000e+02;2.6728457e-01;2.8750000e+02;3.0254814e-01;2.8750000e+02;2.9216129e-01;2.8750000e+02;2.3979016e-01;2.8750000e+02;2.2452396e-01;2.8750000e+02;1.9406626e-01;2.8750000e+02;1.4897393e-01;2.8750000e+02;9.8204285e-02;2.8750000e+02;5.5056818e-02;2.8750000e+02;6.1522350e-03;2.8750000e+02;-3.6926307e-02;2.8750000e+02;-7.9781607e-02;2.8750000e+02;-1.2643842e-01;2.8750000e+02;-5.5182628e-02;2.8750000e+02;-1.3632223e-02;2.8750000e+02;4.7067598e-02;2.8750000e+02;1.2733229e-01;2.8750000e+02;2.1009152e-01;2.8750000e+02;2.6728457e-01;2.8750000e+02;3.0254814e-01;2.8750000e+02;2.9216129e-01;2.8750000e+02;2.3979016e-01;2.8750000e+02;2.2452396e-01;2.8750000e+02;1.9406626e-01;2.8750000e+02;1.4897393e-01;2.8750000e+02;9.8204285e-02;2.8750000e+02;5.5056818e-02;2.8750000e+02;6.1522350e-03;2.8750000e+02;-3.6926307e-02;2.8750000e+02;-7.9781607e-02;2.8750000e+02;-1.2643842e-01;2.8750000e+02;-5.5182628e-02;2.8750000e+02;-1.3632223e-02;2.8750000e+02;4.7067598e-02;2.8750000e+02;1.2733229e-01;2.8750000e+02;2.1009152e-01;2.8750000e+02;2.6728457e-01;2.8750000e+02;3.0254814e-01;2.8750000e+02;2.9216129e-01;2.8750000e+02;2.3979016e-01;2.8750000e+02;2.2452396e-01;2.8750000e+02;1.9406626e-01;2.8750000e+02;1.4897393e-01;2.8750000e+02;9.8204285e-02;2.8750000e+02;5.5056818e-02;2.8750000e+02;6.1522350e-03;2.8750000e+02;-3.6926307e-02;2.8750000e+02;-7.9781607e-02;2.8750000e+02;-1.2643842e-01;2.8750000e+02;-5.5182628e-02;2.8750000e+02;-1.3632223e-02;2.8750000e+02;4.7067598e-02;2.8750000e+02;1.2733229e-01;2.8750000e+02;2.1009152e-01;2.8750000e+02;2.6728457e-01;2.8750000e+02;3.0254814e-01;2.8750000e+02;2.9216129e-01;2.8750000e+02;2.3979016e-01;2.8750000e+02;2.2452396e-01;2.8750000e+02;1.9406626e-01;2.8750000e+02;1.4897393e-01;2.8750000e+02;9.8204285e-02;2.8750000e+02;5.5056818e-02;2.8750000e+02;6.1522350e-03;2.8750000e+02;-3.6926307e-02;2.8750000e+02;-7.9781607e-02;2.8750000e+02;-1.2643842e-01;2.8750000e+02;-5.5182628e-02;2.8750000e+02;-1.3632223e-02;2.8750000e+02;4.7067598e-02;2.8750000e+02;1.2733229e-01;2.8750000e+02;2.1009152e-01;2.8750000e+02;2.6728457e-01;2.8750000e+02;3.0254814e-01;2.8750000e+02;2.9216129e-01;2.8750000e+02;2.3979016e-01;2.8750000e+02;2.2452396e-01;2.8750000e+02;1.9406626e-01;2.8750000e+02;1.4897393e-01;2.8750000e+02;9.8204285e-02;2.8750000e+02;5.5056818e-02;2.8750000e+02;6.1522350e-03;2.8750000e+02;-3.6926307e-02;2.8750000e+02;-7.9781607e-02;2.8750000e+02;-1.2643842e-01;2.8750000e+02;-5.5182628e-02;2.8750000e+02;-1.3632223e-02;2.8750000e+02;4.7067598e-02;2.8750000e+02;1.2733229e-01;2.8750000e+02;2.1009152e-01;2.8750000e+02;2.6728457e-01;2.8750000e+02;3.0254814e-01;2.8750000e+02;2.9216129e-01;2.8750000e+02;2.3979016e-01;2.8750000e+02;2.2452396e-01;2.8750000e+02;1.9406626e-01;2.8750000e+02;1.4897393e-01;2.8750000e+02;9.8204285e-02;2.8750000e+02;5.5056818e-02;2.8750000e+02;6.1522350e-03;2.8750000e+02;-3.6926307e-02;2.8750000e+02;-7.9781607e-02;2.8750000e+02;-1.2643842e-01;2.8750000e+02;-5.5182628e-02;2.8750000e+02;-1.3632223e-02;2.8750000e+02;4.7067598e-02;2.8750000e+02;1.2733229e-01;2.8750000e+02;2.1009152e-01;2.8750000e+02;2.6728457e-01;2.8750000e+02;3.0254814e-01;2.8750000e+02;2.9216129e-01;2.8750000e+02;2.3979016e-01;2.8750000e+02;2.2452396e-01;2.8750000e+02;1.9406626e-01;2.8750000e+02;1.4897393e-01;2.8750000e+02;9.8204285e-02;2.8750000e+02;5.5056818e-02;2.8750000e+02;6.1522350e-03;2.8750000e+02;-3.6926307e-02;2.8750000e+02;-7.9781607e-02;2.8750000e+02;-1.2643842e-01;2.8750000e+02;-5.5182628e-02;2.8750000e+02;-1.3632223e-02;2.8750000e+02;4.7067598e-02;2.8750000e+02;1.2733229e-01;2.8750000e+02;2.1009152e-01;2.8750000e+02;2.6728457e-01;2.8750000e+02;3.0254814e-01;2.8750000e+02;2.9216129e-01;2.8750000e+02;2.3979016e-01;2.8750000e+02;2.2452396e-01;2.8750000e+02;1.9406626e-01;2.8750000e+02;1.4897393e-01;2.8750000e+02;9.8204285e-02;2.8750000e+02;5.5056818e-02;2.8750000e+02;6.1522350e-03;2.8750000e+02;-3.6926307e-02;2.8750000e+02;-7.9781607e-02;2.8750000e+02;-1.2643842e-01;2.8750000e+02;-5.5182628e-02;2.8750000e+02;-1.3632223e-02;2.8750000e+02;4.7067598e-02;2.8750000e+02;1.2733229e-01;2.8750000e+02;2.1009152e-01;2.8750000e+02;2.6728457e-01;2.8750000e+02;3.0254814e-01;2.8750000e+02;2.9216129e-01;2.8750000e+02;2.3979016e-01;2.8750000e+02;2.2452396e-01;2.8750000e+02;1.9406626e-01;2.8750000e+02;1.4897393e-01;2.8750000e+02;9.8204285e-02;2.8750000e+02;5.5056818e-02;2.8750000e+02;6.1522350e-03;2.8750000e+02;-3.6926307e-02;2.8750000e+02;-7.9781607e-02;2.8750000e+02;-1.2643842e-01;2.8750000e+02;-5.5182628e-02;2.8750000e+02;-1.3632223e-02;2.8750000e+02;4.7067598e-02;2.8750000e+02;1.2733229e-01;2.8750000e+02;2.1009152e-01;2.8750000e+02;2.6728457e-01;2.8750000e+02;3.0254814e-01;2.8750000e+02;2.9216129e-01;2.8750000e+02;2.3979016e-01;2.8750000e+02;2.2452396e-01;2.8750000e+02;1.9406626e-01;2.8750000e+02;1.4897393e-01;2.8750000e+02;9.8204285e-02;2.8750000e+02;5.5056818e-02;2.8750000e+02;6.1522350e-03;2.8750000e+02;-3.6926307e-02;2.8750000e+02;-7.9781607e-02;2.8750000e+02;-1.2643842e-01;2.8750000e+02;-5.5182628e-02;2.8750000e+02;-1.3632223e-02;2.8750000e+02;4.7067598e-02;2.8750000e+02;1.2733229e-01;2.8750000e+02;2.1009152e-01;2.8750000e+02;2.6728457e-01;2.8750000e+02;3.0254814e-01;2.8750000e+02;2.9216129e-01;2.8750000e+02;2.3979016e-01;2.8750000e+02;2.2452396e-01;2.8750000e+02;1.9406626e-01;2.8750000e+02;1.4897393e-01;2.8750000e+02;9.8204285e-02;2.8750000e+02;5.5056818e-02;2.8750000e+02;6.1522350e-03;2.8750000e+02;-3.6926307e-02;2.8750000e+02;-7.9781607e-02;2.8750000e+02;-1.2643842e-01;2.8750000e+02;-5.5182628e-02;2.8750000e+02;-1.3632223e-02;2.8750000e+02;4.7067598e-02;2.8750000e+02;1.2733229e-01;2.8750000e+02;2.1009152e-01;2.8750000e+02;2.6728457e-01;2.8750000e+02;3.0254814e-01;2.8750000e+02;2.9216129e-01;2.8750000e+02;2.3979016e-01;2.8750000e+02;2.2452396e-01;2.8750000e+02;1.9406626e-01;2.8750000e+02;1.4897393e-01;2.8750000e+02;9.8204285e-02;2.8750000e+02;5.5056818e-02;2.8750000e+02;6.1522350e-03;2.8750000e+02;-3.6926307e-02;2.8750000e+02;-7.9781607e-02;2.8750000e+02;-1.2643842e-01;2.8750000e+02;-5.5182628e-02;2.8750000e+02;-1.3632223e-02;2.8750000e+02;4.7067598e-02;2.8750000e+02;1.2733229e-01;2.8750000e+02;2.1009152e-01;2.8750000e+02;2.6728457e-01;2.8750000e+02;3.0254814e-01;2.8750000e+02;2.9216129e-01;2.8750000e+02;2.3979016e-01;2.8750000e+02;2.2452396e-01;2.8750000e+02;1.9406626e-01;2.8750000e+02;1.4897393e-01;2.8750000e+02;9.8204285e-02;2.8750000e+02;5.5056818e-02;2.8750000e+02;6.1522350e-03;2.8750000e+02;-3.6926307e-02;2.8750000e+02;-7.9781607e-02;2.8750000e+02;-1.2643842e-01;2.8750000e+02;-5.5182628e-02;2.8750000e+02;-1.3632223e-02;2.8750000e+02;4.7067598e-02;2.8750000e+02;1.2733229e-01;2.8750000e+02;2.1009152e-01;2.8750000e+02;2.6728457e-01;2.8750000e+02;3.0254814e-01;2.8750000e+02;2.9216129e-01;2.8750000e+02;2.3979016e-01;2.8750000e+02;2.2452396e-01;2.8750000e+02;1.9406626e-01;2.8750000e+02;1.4897393e-01;2.8750000e+02;9.8204285e-02;2.8750000e+02;5.5056818e-02;2.8750000e+02;6.1522350e-03;2.8750000e+02;-3.6926307e-02;2.8750000e+02;-7.9781607e-02;2.8750000e+02;-1.2643842e-01;2.8750000e+02;-5.5182628e-02;2.8750000e+02;-1.3632223e-02;2.8750000e+02;4.7067598e-02;2.8750000e+02;1.2733229e-01;2.8750000e+02;2.1009152e-01;2.8750000e+02;2.6728457e-01;2.8750000e+02;3.0254814e-01;2.8750000e+02;2.9216129e-01;2.8750000e+02;2.3979016e-01;2.8750000e+02;2.2452396e-01;2.8750000e+02;1.9406626e-01;2.8750000e+02;1.4897393e-01;2.8750000e+02;9.8204285e-02;2.8750000e+02;5.5056818e-02;2.8750000e+02;6.1522350e-03;2.8750000e+02;-3.6926307e-02;2.8750000e+02;-7.9781607e-02;2.8750000e+02;-1.2643842e-01;2.8750000e+02;-5.5182628e-02;2.8750000e+02;-1.3632223e-02;2.8750000e+02;4.7067598e-02;2.8750000e+02;1.2733229e-01;2.8750000e+02;2.1009152e-01;2.8750000e+02;2.6728457e-01;2.8750000e+02;3.0254814e-01;2.8750000e+02;2.9216129e-01;2.8750000e+02;2.3979016e-01;2.8750000e+02;2.2452396e-01;2.8750000e+02;1.9406626e-01;2.8750000e+02;1.4897393e-01;2.8750000e+02;9.8204285e-02;2.8750000e+02;5.5056818e-02;2.8750000e+02;6.1522350e-03;2.8750000e+02;-3.6926307e-02;2.8750000e+02;-7.9781607e-02;2.8750000e+02;-1.2643842e-01;2.8750000e+02;-5.5182628e-02;2.8750000e+02;-1.3632223e-02;2.8750000e+02;4.7067598e-02;2.8750000e+02;1.2733229e-01;2.8750000e+02;2.1009152e-01;2.8750000e+02;2.6728457e-01;2.8750000e+02;3.0254814e-01;2.8750000e+02;2.9216129e-01;2.8750000e+02;2.3979016e-01;2.8750000e+02;2.2452396e-01;2.8750000e+02;1.9406626e-01;2.8750000e+02;1.4897393e-01;2.8750000e+02;9.8204285e-02;2.8750000e+02;5.5056818e-02;2.8750000e+02;6.1522350e-03;2.8750000e+02;-3.6926307e-02;2.8750000e+02;-7.9781607e-02;2.8750000e+02;-1.2643842e-01;2.8750000e+02;-5.5182628e-02;2.8750000e+02;-1.3632223e-02;2.8750000e+02;4.7067598e-02;2.8750000e+02;1.2733229e-01;2.8750000e+02;2.1009152e-01;2.8750000e+02;2.6728457e-01;2.8750000e+02;3.0254814e-01;2.8750000e+02;2.9216129e-01;2.8750000e+02;2.3979016e-01;2.8750000e+02;2.2452396e-01;2.8750000e+02;1.9406626e-01;2.8750000e+02;1.4897393e-01;2.8750000e+02;9.8204285e-02;2.8750000e+02;5.5056818e-02;2.8750000e+02;6.1522350e-03;2.8750000e+02;-3.6926307e-02;2.8750000e+02;-7.9781607e-02;2.8750000e+02;-1.2643842e-01;2.8750000e+02;-5.5182628e-02;2.8750000e+02;-1.3632223e-02;2.8750000e+02;4.7067598e-02;2.8750000e+02;1.2733229e-01;2.8750000e+02;2.1009152e-01;2.8750000e+02;2.6728457e-01;2.8750000e+02;3.0254814e-01;2.8750000e+02;2.9216129e-01;2.8750000e+02;2.3979016e-01;2.8750000e+02;2.2452396e-01;2.8750000e+02;1.9406626e-01;2.8750000e+02;1.4897393e-01;2.8750000e+02;9.8204285e-02;2.8750000e+02;5.5056818e-02;2.8750000e+02;6.1522350e-03;2.8750000e+02;-3.6926307e-02;2.8750000e+02;-7.9781607e-02;2.8750000e+02;-1.2643842e-01;2.8750000e+02;-5.5182628e-02;2.8750000e+02;-1.3632223e-02;2.8750000e+02;4.7067598e-02;2.8750000e+02;1.2733229e-01;2.8750000e+02;2.1009152e-01;2.8750000e+02;2.6728457e-01;2.8750000e+02;3.0254814e-01;2.8750000e+02;2.9216129e-01;2.8750000e+02;2.3979016e-01;2.8750000e+02;2.2452396e-01;2.8750000e+02;1.9406626e-01;2.8750000e+02;1.4897393e-01;2.8750000e+02;9.8204285e-02;2.8750000e+02;5.5056818e-02;2.8750000e+02;6.1522350e-03;2.8750000e+02;-3.6926307e-02;2.8750000e+02;-7.9781607e-02;2.8750000e+02;-1.2643842e-01;2.8750000e+02;-5.5182628e-02;2.8750000e+02;-1.3632223e-02;2.8750000e+02;4.7067598e-02;2.8750000e+02;1.2733229e-01;2.8750000e+02;2.1009152e-01;2.8750000e+02;2.6728457e-01;2.8750000e+02;3.0254814e-01;2.8750000e+02;2.9216129e-01;2.8750000e+02;2.3979016e-01;2.8750000e+02;2.2452396e-01;2.8750000e+02;1.9406626e-01;2.8750000e+02;1.4897393e-01;2.8750000e+02;9.8204285e-02;2.8750000e+02;5.5056818e-02;2.8750000e+02;6.1522350e-03;2.8750000e+02;-3.6926307e-02;2.8750000e+02;-7.9781607e-02;2.8750000e+02;-1.2643842e-01;2.8750000e+02;-5.5182628e-02;2.8750000e+02;-1.3632223e-02;2.8750000e+02;4.7067598e-02;2.8750000e+02;1.2733229e-01;2.8750000e+02;2.1009152e-01;2.8750000e+02;2.6728457e-01;2.8750000e+02;3.0254814e-01;2.8750000e+02;2.9216129e-01;2.8750000e+02;2.3979016e-01;2.8750000e+02;2.2452396e-01;2.8750000e+02;1.9406626e-01;2.8750000e+02;1.4897393e-01;2.8750000e+02;9.8204285e-02;2.8750000e+02;5.5056818e-02;2.8750000e+02;6.1522350e-03;2.8750000e+02;-3.6926307e-02;2.8750000e+02;-7.9781607e-02;2.8750000e+02;-1.2643842e-01;2.8750000e+02;-5.5182628e-02;2.8750000e+02;-1.3632223e-02;2.8750000e+02;4.7067598e-02;2.8750000e+02;1.2733229e-01;2.8750000e+02;2.1009152e-01;2.8750000e+02;2.6728457e-01;2.8750000e+02;3.0254814e-01;2.8750000e+02;2.9216129e-01;2.8750000e+02;2.3979016e-01;2.8750000e+02;2.2452396e-01;2.8750000e+02;1.9406626e-01;2.8750000e+02;1.4897393e-01;2.8750000e+02;9.8204285e-02;2.8750000e+02;5.5056818e-02;2.8750000e+02;6.1522350e-03;2.8750000e+02;-3.6926307e-02;2.8750000e+02;-7.9781607e-02;2.8750000e+02;-1.2643842e-01;2.8750000e+02;-5.5182628e-02;2.8750000e+02;-1.3632223e-02;2.8750000e+02;4.7067598e-02;2.8750000e+02;1.2733229e-01;2.8750000e+02;2.1009152e-01;2.8750000e+02;2.6728457e-01;2.8750000e+02;3.0254814e-01;2.8750000e+02;2.9216129e-01;2.8750000e+02;2.3979016e-01;2.8750000e+02;2.2452396e-01;2.8750000e+02;1.9406626e-01;2.8750000e+02;1.4897393e-01;2.8750000e+02;9.8204285e-02;2.8750000e+02;5.5056818e-02;2.8750000e+02;6.1522350e-03;2.8750000e+02;-3.6926307e-02;2.8750000e+02;-7.9781607e-02;2.8750000e+02;-1.2643842e-01;2.8750000e+02;-5.5182628e-02;2.8750000e+02;-1.3632223e-02;2.8750000e+02;4.7067598e-02;2.8750000e+02;1.2733229e-01;2.8750000e+02;2.1009152e-01;2.8750000e+02;2.6728457e-01;2.8750000e+02;3.0254814e-01;2.8750000e+02;2.9216129e-01;2.8750000e+02;2.3979016e-01;2.8750000e+02;2.2452396e-01;2.8750000e+02;1.9406626e-01;2.8750000e+02;1.4897393e-01;2.8750000e+02;9.8204285e-02;2.8750000e+02;5.5056818e-02;2.8750000e+02;6.1522350e-03;2.8750000e+02;-3.6926307e-02;2.8750000e+02;-7.9781607e-02;2.8750000e+02;-1.2643842e-01;2.8750000e+02;-5.5182628e-02;2.8750000e+02;-1.3632223e-02;2.8750000e+02;4.7067598e-02;2.8750000e+02;1.2733229e-01;2.8750000e+02;2.1009152e-01;2.8750000e+02;2.6728457e-01;2.8750000e+02;3.0254814e-01;2.8750000e+02;2.9216129e-01;2.8750000e+02;2.3979016e-01;2.8750000e+02;2.2452396e-01;2.8750000e+02;1.9406626e-01;2.8750000e+02;1.4897393e-01;2.8750000e+02;9.8204285e-02;2.8750000e+02;5.5056818e-02;2.8750000e+02;6.1522350e-03;2.8750000e+02;-3.6926307e-02;2.8750000e+02;-7.9781607e-02;2.8750000e+02;-1.2643842e-01;2.8750000e+02;-5.5182628e-02;2.8750000e+02;-1.3632223e-02;2.8750000e+02;4.7067598e-02;2.8750000e+02;1.2733229e-01;2.8750000e+02;2.1009152e-01;2.8750000e+02;2.6728457e-01;2.8750000e+02;3.0254814e-01;2.8750000e+02;2.9216129e-01;2.8750000e+02;2.3979016e-01;2.8750000e+02;2.2452396e-01;2.8750000e+02;1.9406626e-01;2.8750000e+02;1.4897393e-01;2.8750000e+02;9.8204285e-02;2.8750000e+02;5.5056818e-02;2.8750000e+02;6.1522350e-03;2.8750000e+02;-3.6926307e-02;2.8750000e+02;-7.9781607e-02;2.8750000e+02;-1.2643842e-01;2.8750000e+02;-5.5182628e-02;2.8750000e+02;-1.3632223e-02;2.8750000e+02;4.7067598e-02;2.8750000e+02;1.2733229e-01;2.8750000e+02;2.1009152e-01;2.8750000e+02;2.6728457e-01;2.8750000e+02;3.0254814e-01;2.8750000e+02;2.9216129e-01;2.8750000e+02;2.3979016e-01;2.8750000e+02;2.2452396e-01;2.8750000e+02;1.9406626e-01;2.8750000e+02;1.4897393e-01;2.8750000e+02;9.8204285e-02;2.8750000e+02;5.5056818e-02;2.8750000e+02;6.1522350e-03;2.8750000e+02;-3.6926307e-02;2.8750000e+02;-7.9781607e-02;2.8750000e+02;-1.2643842e-01;2.8750000e+02;-5.5182628e-02;2.8750000e+02;-1.3632223e-02;2.8750000e+02;4.7067598e-02;2.8750000e+02;1.2733229e-01;2.8750000e+02;2.1009152e-01;2.8750000e+02;2.6728457e-01;2.8750000e+02;3.0254814e-01;2.8750000e+02;2.9216129e-01;2.8750000e+02;2.3979016e-01;2.8750000e+02;2.2452396e-01;2.8750000e+02;1.9406626e-01;2.8750000e+02;1.4897393e-01;2.8750000e+02;9.8204285e-02;2.8750000e+02;5.5056818e-02;2.8750000e+02;6.1522350e-03;2.8750000e+02;-3.6926307e-02;2.8750000e+02;-7.9781607e-02;2.8750000e+02;-1.2643842e-01;2.8750000e+02;-5.5182628e-02;2.8750000e+02;-1.3632223e-02;2.8750000e+02;4.7067598e-02;2.8750000e+02;1.2733229e-01;2.8750000e+02;2.1009152e-01;2.8750000e+02;2.6728457e-01;2.8750000e+02;3.0254814e-01;2.8750000e+02;2.9216129e-01;2.8750000e+02;2.3979016e-01;2.8750000e+02;2.2452396e-01;2.8750000e+02;1.9406626e-01;2.8750000e+02;1.4897393e-01;2.8750000e+02;9.8204285e-02;2.8750000e+02;5.5056818e-02;2.8750000e+02;6.1522350e-03;2.8750000e+02;-3.6926307e-02;2.8750000e+02;-7.9781607e-02;2.8750000e+02;-1.2643842e-01;2.8750000e+02;-5.5182628e-02;2.8750000e+02;-1.3632223e-02;2.8750000e+02;4.7067598e-02;2.8750000e+02;1.2733229e-01;2.8750000e+02;2.1009152e-01;2.8750000e+02;2.6728457e-01;2.8750000e+02;3.0254814e-01;2.8750000e+02;2.9216129e-01;2.8750000e+02;2.3979016e-01;2.8750000e+02;2.2452396e-01;2.8750000e+02;1.9406626e-01;2.8750000e+02;1.4897393e-01;2.8750000e+02;9.8204285e-02;2.8750000e+02;5.5056818e-02;2.8750000e+02;6.1522350e-03;2.8750000e+02;-3.6926307e-02;2.8750000e+02;-7.9781607e-02;2.8750000e+02;-1.2643842e-01;2.8750000e+02;-5.5182628e-02;2.8750000e+02;-1.3632223e-02;2.8750000e+02;4.7067598e-02;2.8750000e+02;1.2733229e-01;2.8750000e+02;2.1009152e-01;2.8750000e+02;2.6728457e-01;2.8750000e+02;3.0254814e-01;2.8750000e+02;2.9216129e-01;2.8750000e+02;2.3979016e-01;2.8750000e+02;2.2452396e-01;2.8750000e+02;1.9406626e-01;2.8750000e+02;1.4897393e-01;2.8750000e+02;9.8204285e-02;2.8750000e+02;5.5056818e-02;2.8750000e+02;6.1522350e-03;2.8750000e+02;-3.6926307e-02;2.8750000e+02;-7.9781607e-02;2.8750000e+02;-1.2643842e-01;2.8750000e+02;-5.5182628e-02;2.8750000e+02;-1.3632223e-02;2.8750000e+02;4.7067598e-02;2.8750000e+02;1.2733229e-01;2.8750000e+02;2.1009152e-01;2.8750000e+02;2.6728457e-01;2.8750000e+02;3.0254814e-01;2.8750000e+02;2.9216129e-01;2.8750000e+02;2.3979016e-01;2.8750000e+02;2.2452396e-01;2.8750000e+02;1.9406626e-01;2.8750000e+02;1.4897393e-01;2.8750000e+02;9.8204285e-02;2.8750000e+02;5.5056818e-02;2.8750000e+02;6.1522350e-03;2.8750000e+02;-3.6926307e-02;2.8750000e+02;-7.9781607e-02;2.8750000e+02;-1.2643842e-01;2.8750000e+02;-5.5182628e-02;2.8750000e+02;-1.3632223e-02;2.8750000e+02;4.7067598e-02;2.8750000e+02;1.2733229e-01;2.8750000e+02;2.1009152e-01;2.8750000e+02;2.6728457e-01;2.8750000e+02;3.0254814e-01;2.8750000e+02;2.9216129e-01;2.8750000e+02;2.3979016e-01;2.8750000e+02;2.2452396e-01;2.8750000e+02;1.9406626e-01;2.8750000e+02;1.4897393e-01;2.8750000e+02;9.8204285e-02;2.8750000e+02;5.5056818e-02;2.8750000e+02;6.1522350e-03;2.8750000e+02;-3.6926307e-02;2.8750000e+02;-7.9781607e-02;2.8750000e+02;-1.2643842e-01;2.8750000e+02;-5.5182628e-02;2.8750000e+02;-1.3632223e-02;2.8750000e+02;4.7067598e-02;2.8750000e+02;1.2733229e-01;2.8750000e+02;2.1009152e-01;2.8750000e+02;2.6728457e-01;2.8750000e+02;3.0254814e-01;2.8750000e+02;2.9216129e-01;2.8750000e+02;2.3979016e-01;2.8750000e+02;2.2452396e-01;2.8750000e+02;1.9406626e-01;2.8750000e+02;1.4897393e-01;2.8750000e+02;9.8204285e-02;2.8750000e+02;5.5056818e-02;2.8750000e+02;6.1522350e-03;2.8750000e+02;-3.6926307e-02;2.8750000e+02;-7.9781607e-02;2.8750000e+02;-1.2643842e-01;2.8750000e+02;-5.5182628e-02;2.8750000e+02;-1.3632223e-02;2.8750000e+02;4.7067598e-02;2.8750000e+02;1.2733229e-01;2.8750000e+02;2.1009152e-01;2.8750000e+02;2.6728457e-01;2.8750000e+02;3.0254814e-01;2.8750000e+02;2.9216129e-01;2.8750000e+02;2.3979016e-01;2.8750000e+02;2.2452396e-01;2.8750000e+02;1.9406626e-01;2.8750000e+02;1.4897393e-01;2.8750000e+02;9.8204285e-02;2.8750000e+02;5.5056818e-02;2.8750000e+02;6.1522350e-03;2.8750000e+02;-3.6926307e-02;2.8750000e+02;-7.9781607e-02;2.8750000e+02;-1.2643842e-01;2.8750000e+02;-5.5182628e-02;2.8750000e+02;-1.3632223e-02;2.8750000e+02;4.7067598e-02;2.8750000e+02;1.2733229e-01;2.8750000e+02;2.1009152e-01;2.8750000e+02;2.6728457e-01;2.8750000e+02;3.0254814e-01;2.8750000e+02;2.9216129e-01;2.8750000e+02;2.3979016e-01;2.8750000e+02;2.2452396e-01;2.8750000e+02;1.9406626e-01;2.8750000e+02;1.4897393e-01;2.8750000e+02;9.8204285e-02;2.8750000e+02;5.5056818e-02;2.8750000e+02;6.1522350e-03;2.8750000e+02;-3.6926307e-02;2.8750000e+02;-7.9781607e-02;2.8750000e+02;-1.2643842e-01;2.8750000e+02;-5.5182628e-02;2.8750000e+02;-1.3632223e-02;2.8750000e+02;4.7067598e-02;2.8750000e+02;1.2733229e-01;2.8750000e+02;2.1009152e-01;2.8750000e+02;2.6728457e-01;2.8750000e+02;3.0254814e-01;2.8750000e+02;2.9216129e-01;2.8750000e+02;2.3979016e-01;2.8750000e+02;2.2452396e-01;2.8750000e+02;1.9406626e-01;2.8750000e+02;1.4897393e-01;2.8750000e+02;9.8204285e-02;2.8750000e+02;5.5056818e-02;2.8750000e+02;6.1522350e-03;2.8750000e+02;-3.6926307e-02;2.8750000e+02;-7.9781607e-02;2.8750000e+02;-1.2643842e-01;2.8750000e+02;-5.5182628e-02;2.8750000e+02;-1.3632223e-02;2.8750000e+02;4.7067598e-02;2.8750000e+02;1.2733229e-01;2.8750000e+02;2.1009152e-01;2.8750000e+02;2.6728457e-01;2.8750000e+02;3.0254814e-01;2.8750000e+02;2.9216129e-01;2.8750000e+02;2.3979016e-01;2.8750000e+02;2.2452396e-01;2.8750000e+02;1.9406626e-01;2.8750000e+02;1.4897393e-01;2.8750000e+02;9.8204285e-02;2.8750000e+02;5.5056818e-02;2.8750000e+02;6.1522350e-03;2.8750000e+02;-3.6926307e-02;2.8750000e+02;-7.9781607e-02;2.8750000e+02;-1.2643842e-01;2.8750000e+02;-5.5182628e-02;2.8750000e+02;-1.3632223e-02;2.8750000e+02;4.7067598e-02;2.8750000e+02;1.2733229e-01;2.8750000e+02;2.1009152e-01;2.8750000e+02;2.6728457e-01;2.8750000e+02;3.0254814e-01;2.8750000e+02;2.9216129e-01;2.8750000e+02;2.3979016e-01;2.8750000e+02;2.2452396e-01;2.8750000e+02;1.9406626e-01;2.8750000e+02;1.4897393e-01;2.8750000e+02;9.8204285e-02;2.8750000e+02;5.5056818e-02;2.8750000e+02;6.1522350e-03;2.8750000e+02;-3.6926307e-02;2.8750000e+02;-7.9781607e-02;2.8750000e+02;-1.2643842e-01;2.8750000e+02;-5.5182628e-02;2.8750000e+02;-1.3632223e-02;2.8750000e+02;4.7067598e-02;2.8750000e+02;1.2733229e-01;2.8750000e+02;2.1009152e-01;2.8750000e+02;2.6728457e-01;2.8750000e+02;3.0254814e-01;2.8750000e+02;2.9216129e-01;2.8750000e+02;2.3979016e-01;2.8750000e+02;2.2452396e-01;2.8750000e+02;1.9406626e-01;2.8750000e+02;1.4897393e-01;2.8750000e+02;9.8204285e-02;2.8750000e+02;5.5056818e-02;2.8750000e+02;6.1522350e-03;2.8750000e+02;-3.6926307e-02;2.8750000e+02;-7.9781607e-02;2.8750000e+02;-1.2643842e-01;2.8750000e+02;-5.5182628e-02;2.8750000e+02;-1.3632223e-02;2.8750000e+02;4.7067598e-02;2.8750000e+02;1.2733229e-01;2.8750000e+02;2.1009152e-01;2.8750000e+02;2.6728457e-01;2.8750000e+02;3.0254814e-01;2.8750000e+02;2.9216129e-01;2.8750000e+02;2.3979016e-01;2.8750000e+02;2.2452396e-01;2.8750000e+02;1.9406626e-01;2.8750000e+02;1.4897393e-01;2.8750000e+02;9.8204285e-02;2.8750000e+02;5.5056818e-02;2.8750000e+02;6.1522350e-03;2.8750000e+02;-3.6926307e-02;2.8750000e+02;-7.9781607e-02;2.8750000e+02;-1.2643842e-01;2.8750000e+02;-5.5182628e-02;2.8750000e+02;-1.3632223e-02;2.8750000e+02;4.7067598e-02;2.8750000e+02;1.2733229e-01;2.8750000e+02;2.1009152e-01;2.8750000e+02;2.6728457e-01;2.8750000e+02;3.0254814e-01;2.8750000e+02;2.9216129e-01;2.8750000e+02;2.3979016e-01;2.8750000e+02;2.2452396e-01;2.8750000e+02;1.9406626e-01;2.8750000e+02;1.4897393e-01;2.8750000e+02;9.8204285e-02;2.8750000e+02;5.5056818e-02;2.8750000e+02;6.1522350e-03;2.8750000e+02;-3.6926307e-02;2.8750000e+02;-7.9781607e-02;2.8750000e+02;-1.2643842e-01;2.8750000e+02;-5.5182628e-02;2.8750000e+02;-1.3632223e-02;2.8750000e+02;4.7067598e-02;2.8750000e+02;1.2733229e-01;2.8750000e+02;2.1009152e-01;2.8750000e+02;2.6728457e-01;2.8750000e+02;3.0254814e-01;2.8750000e+02;2.9216129e-01;2.8750000e+02;2.3979016e-01;2.8750000e+02;2.2452396e-01;2.8750000e+02;1.9406626e-01;2.8750000e+02;1.4897393e-01;2.8750000e+02;9.8204285e-02;2.8750000e+02;5.5056818e-02;2.8750000e+02;6.1522350e-03;2.8750000e+02;-3.6926307e-02;2.8750000e+02;-7.9781607e-02;2.8750000e+02;-1.2643842e-01;2.8750000e+02;-5.5182628e-02;2.8750000e+02;-1.3632223e-02;2.8750000e+02;4.7067598e-02;2.8750000e+02;1.2733229e-01;2.8750000e+02;2.1009152e-01;2.8750000e+02;2.6728457e-01;2.8750000e+02;3.0254814e-01;2.8750000e+02;2.9216129e-01;2.8750000e+02;2.3979016e-01;2.8750000e+02;2.2452396e-01;2.8750000e+02;1.9406626e-01;2.8750000e+02;1.4897393e-01;2.8750000e+02;9.8204285e-02;2.8750000e+02;5.5056818e-02;2.8750000e+02;6.1522350e-03;2.8750000e+02;-3.6926307e-02;2.8750000e+02;-7.9781607e-02;2.8750000e+02;-1.2643842e-01;2.8750000e+02;-5.5182628e-02;2.8750000e+02;-1.3632223e-02;2.8750000e+02;4.7067598e-02;2.8750000e+02;1.2733229e-01;2.8750000e+02;2.1009152e-01;2.8750000e+02;2.6728457e-01;2.8750000e+02;3.0254814e-01;2.8750000e+02;2.9216129e-01;2.8750000e+02;2.3979016e-01;2.8750000e+02;2.2452396e-01;2.8750000e+02;1.9406626e-01;2.8750000e+02;1.4897393e-01;2.8750000e+02;9.8204285e-02;2.8750000e+02;5.5056818e-02;2.8750000e+02;6.1522350e-03;2.8750000e+02;-3.6926307e-02;2.8750000e+02;-7.9781607e-02;2.8750000e+02;-1.2643842e-01;2.8750000e+02;-5.5182628e-02;2.8750000e+02;-1.3632223e-02;2.8750000e+02;4.7067598e-02;2.8750000e+02;1.2733229e-01;2.8750000e+02;2.1009152e-01;2.8750000e+02;2.6728457e-01;2.8750000e+02;3.0254814e-01;2.8750000e+02;2.9216129e-01;2.8750000e+02;2.3979016e-01;2.8750000e+02;2.2452396e-01;2.8750000e+02;1.9406626e-01;2.8750000e+02;1.4897393e-01;2.8750000e+02;9.8204285e-02;2.8750000e+02;5.5056818e-02;2.8750000e+02;6.1522350e-03;2.8750000e+02;-3.6926307e-02;2.8750000e+02;-7.9781607e-02;2.8750000e+02;-1.2643842e-01;2.8750000e+02;-5.5182628e-02;2.8750000e+02;-1.3632223e-02;2.8750000e+02;4.7067598e-02;2.8750000e+02;1.2733229e-01;2.8750000e+02;2.1009152e-01;2.8750000e+02;2.6728457e-01;2.8750000e+02;3.0254814e-01;2.8750000e+02;2.9216129e-01;2.8750000e+02;2.3979016e-01;2.8750000e+02;2.2452396e-01;2.8750000e+02;1.9406626e-01;2.8750000e+02;1.4897393e-01;2.8750000e+02;9.8204285e-02;2.8750000e+02;5.5056818e-02;2.8750000e+02;6.1522350e-03;2.8750000e+02;-3.6926307e-02;2.8750000e+02;-7.9781607e-02;2.8750000e+02;-1.2643842e-01;2.8750000e+02;-5.5182628e-02;2.8750000e+02;-1.3632223e-02;2.8750000e+02;4.7067598e-02;2.8750000e+02;1.2733229e-01;2.8750000e+02;2.1009152e-01;2.8750000e+02;2.6728457e-01;2.8750000e+02;3.0254814e-01;2.8750000e+02;2.9216129e-01;2.8750000e+02;2.3979016e-01;2.8750000e+02;2.2452396e-01;2.8750000e+02;1.9406626e-01;2.8750000e+02;1.4897393e-01;2.8750000e+02;9.8204285e-02;2.8750000e+02;5.5056818e-02;2.8750000e+02;6.1522350e-03;2.8750000e+02;-3.6926307e-02;2.8750000e+02;-7.9781607e-02;2.8750000e+02;-1.2643842e-01;2.8750000e+02;-5.5182628e-02;2.8750000e+02;-1.3632223e-02;2.8750000e+02;4.7067598e-02;2.8750000e+02;1.2733229e-01;2.8750000e+02;2.1009152e-01;2.8750000e+02;2.6728457e-01;2.8750000e+02;3.0254814e-01;2.8750000e+02;2.9216129e-01;2.8750000e+02;2.3979016e-01;2.8750000e+02;2.2452396e-01;2.8750000e+02;1.9406626e-01;2.8750000e+02;1.4897393e-01;2.8750000e+02;9.8204285e-02;2.8750000e+02;5.5056818e-02;2.8750000e+02;6.1522350e-03;2.8750000e+02;-3.6926307e-02;2.8750000e+02;-7.9781607e-02;2.8750000e+02;-1.2643842e-01;2.8750000e+02;-5.5182628e-02;2.8750000e+02;-1.3632223e-02;2.8750000e+02;4.7067598e-02;2.8750000e+02;1.2733229e-01;2.8750000e+02;2.1009152e-01;2.8750000e+02;2.6728457e-01;2.8750000e+02;3.0254814e-01;2.8750000e+02;2.9216129e-01;2.8750000e+02;2.3979016e-01;2.8750000e+02;2.2452396e-01;2.8750000e+02;1.9406626e-01;2.8750000e+02;1.4897393e-01;2.8750000e+02;9.8204285e-02;2.8750000e+02;5.5056818e-02;2.8750000e+02;6.1522350e-03;2.8750000e+02;-3.6926307e-02;2.8750000e+02;-7.9781607e-02;2.8750000e+02;-1.2643842e-01;2.8750000e+02;-5.5182628e-02;2.8750000e+02;-1.3632223e-02;2.8750000e+02;4.7067598e-02;2.8750000e+02;1.2733229e-01;2.8750000e+02;2.1009152e-01;2.8750000e+02;2.6728457e-01;2.8750000e+02;3.0254814e-01;2.8750000e+02;2.9216129e-01;2.8750000e+02;2.3979016e-01;2.8750000e+02;2.2452396e-01;2.8750000e+02;1.9406626e-01;2.8750000e+02;1.4897393e-01;2.8750000e+02;9.8204285e-02;2.8750000e+02;5.5056818e-02;2.8750000e+02;6.1522350e-03;2.8750000e+02;-3.6926307e-02;2.8750000e+02;-7.9781607e-02;2.8750000e+02;-1.2643842e-01;2.8750000e+02;-5.5182628e-02;2.8750000e+02;-1.3632223e-02;2.8750000e+02;4.7067598e-02;2.8750000e+02;1.2733229e-01;2.8750000e+02;2.1009152e-01;2.8750000e+02;2.6728457e-01;2.8750000e+02;3.0254814e-01;2.8750000e+02;2.9216129e-01;2.8750000e+02;2.3979016e-01;2.8750000e+02;2.2452396e-01;2.8750000e+02;1.9406626e-01;2.8750000e+02;1.4897393e-01;2.8750000e+02;9.8204285e-02;2.8750000e+02;5.5056818e-02;2.8750000e+02;6.1522350e-03;2.8750000e+02;-3.6926307e-02;2.8750000e+02;-7.9781607e-02;2.8750000e+02;-1.2643842e-01;2.8750000e+02;-5.5182628e-02;2.8750000e+02;-1.3632223e-02;2.8750000e+02;4.7067598e-02;2.8750000e+02;1.2733229e-01;2.8750000e+02;2.1009152e-01;2.8750000e+02;2.6728457e-01;2.8750000e+02;3.0254814e-01;2.8750000e+02;2.9216129e-01;2.8750000e+02;2.3979016e-01;2.8750000e+02;2.2452396e-01;2.8750000e+02;1.9406626e-01;2.8750000e+02;1.4897393e-01;2.8750000e+02;9.8204285e-02;2.8750000e+02;5.5056818e-02;2.8750000e+02;6.1522350e-03;2.8750000e+02;-3.6926307e-02;2.8750000e+02;-7.9781607e-02;2.8750000e+02;-1.2643842e-01;2.8750000e+02;-5.5182628e-02;2.8750000e+02;-1.3632223e-02;2.8750000e+02;4.7067598e-02;2.8750000e+02;1.2733229e-01;2.8750000e+02;2.1009152e-01;2.8750000e+02;2.6728457e-01;2.8750000e+02;3.0254814e-01;2.8750000e+02;2.9216129e-01;2.8750000e+02;2.3979016e-01;2.8750000e+02;2.2452396e-01;2.8750000e+02;1.9406626e-01;2.8750000e+02;1.4897393e-01;2.8750000e+02;9.8204285e-02;2.8750000e+02;5.5056818e-02;2.8750000e+02;6.1522350e-03;2.8750000e+02;-3.6926307e-02;2.8750000e+02;-7.9781607e-02;2.8750000e+02;-1.2643842e-01;2.8750000e+02;-5.5182628e-02;2.8750000e+02;-1.3632223e-02;2.8750000e+02;4.7067598e-02;2.8750000e+02;1.2733229e-01;2.8750000e+02;2.1009152e-01;2.8750000e+02;2.6728457e-01;2.8750000e+02;3.0254814e-01;2.8750000e+02;2.9216129e-01;2.8750000e+02;2.3979016e-01;2.8750000e+02;2.2452396e-01;2.8750000e+02;1.9406626e-01;2.8750000e+02;1.4897393e-01;2.8750000e+02;9.8204285e-02;2.8750000e+02;5.5056818e-02;2.8750000e+02;6.1522350e-03;2.8750000e+02;-3.6926307e-02;2.8750000e+02;-7.9781607e-02;2.8750000e+02;-1.2643842e-01;2.8750000e+02;-5.5182628e-02;2.8750000e+02;-1.3632223e-02;2.8750000e+02;4.7067598e-02;2.8750000e+02;1.2733229e-01;2.8750000e+02;2.1009152e-01;2.8750000e+02;2.6728457e-01;2.8750000e+02;3.0254814e-01;2.8750000e+02;2.9216129e-01;2.8750000e+02;2.3979016e-01;2.8750000e+02;2.2452396e-01;2.8750000e+02;1.9406626e-01;2.8750000e+02;1.4897393e-01;2.8750000e+02;9.8204285e-02;2.8750000e+02;5.5056818e-02;2.8750000e+02;6.1522350e-03;2.8750000e+02;-3.6926307e-02;2.8750000e+02;-7.9781607e-02;2.8750000e+02;-1.2643842e-01;2.8750000e+02;-5.5182628e-02;2.8750000e+02;-1.3632223e-02;2.8750000e+02;4.7067598e-02;2.8750000e+02;1.2733229e-01;2.8750000e+02;2.1009152e-01;2.8750000e+02;2.6728457e-01;2.8750000e+02;3.0254814e-01;2.8750000e+02;2.9216129e-01;2.8750000e+02;2.3979016e-01;2.8750000e+02;2.2452396e-01;2.8750000e+02;1.9406626e-01;2.8750000e+02;1.4897393e-01;2.8750000e+02;9.8204285e-02;2.8750000e+02;5.5056818e-02;2.8750000e+02;6.1522350e-03;2.8750000e+02;-3.6926307e-02;2.8750000e+02;-7.9781607e-02;2.8750000e+02;-1.2643842e-01;2.8750000e+02;-5.5182628e-02;2.8750000e+02;-1.3632223e-02;2.8750000e+02;4.7067598e-02;2.8750000e+02;1.2733229e-01;2.8750000e+02;2.1009152e-01;2.8750000e+02;2.6728457e-01;2.8750000e+02;3.0254814e-01;2.8750000e+02;2.9216129e-01;2.8750000e+02;2.3979016e-01;2.8750000e+02;2.2452396e-01;2.8750000e+02;1.9406626e-01;2.8750000e+02;1.4897393e-01;2.8750000e+02;9.8204285e-02;2.8750000e+02;5.5056818e-02;2.8750000e+02;6.1522350e-03;2.8750000e+02;-3.6926307e-02;2.8750000e+02;-7.9781607e-02;2.8750000e+02;-1.2643842e-01;2.8750000e+02;-5.5182628e-02;2.8750000e+02;-1.3632223e-02;2.8750000e+02;4.7067598e-02;2.8750000e+02;1.2733229e-01;2.8750000e+02;2.1009152e-01;2.8750000e+02;2.6728457e-01;2.8750000e+02;3.0254814e-01;2.8750000e+02;2.9216129e-01;2.8750000e+02;2.3979016e-01;2.8750000e+02;2.2452396e-01;2.8750000e+02;1.9406626e-01;2.8750000e+02;1.4897393e-01;2.8750000e+02;9.8204285e-02;2.8750000e+02;5.5056818e-02;2.8750000e+02;6.1522350e-03;2.8750000e+02;-3.6926307e-02;2.8750000e+02;-7.9781607e-02;2.8750000e+02;-1.2643842e-01;2.8750000e+02;-5.5182628e-02;2.8750000e+02;-1.3632223e-02;2.8750000e+02;4.7067598e-02;2.8750000e+02;1.2733229e-01;2.8750000e+02;2.1009152e-01;2.8750000e+02;2.6728457e-01;2.8750000e+02;3.0254814e-01;2.8750000e+02;2.9216129e-01;2.8750000e+02;2.3979016e-01;2.8750000e+02;2.2452396e-01;2.8750000e+02;1.9406626e-01;2.8750000e+02;1.4897393e-01;2.8750000e+02;9.8204285e-02;2.8750000e+02;5.5056818e-02;2.8750000e+02;6.1522350e-03;2.8750000e+02;-3.6926307e-02;2.8750000e+02;-7.9781607e-02;2.8750000e+02;-1.2643842e-01;2.8750000e+02;-5.5182628e-02;2.8750000e+02;-1.3632223e-02;2.8750000e+02;4.7067598e-02;2.8750000e+02;1.2733229e-01;2.8750000e+02;2.1009152e-01;2.8750000e+02;2.6728457e-01;2.8750000e+02;3.0254814e-01;2.8750000e+02;2.9216129e-01;2.8750000e+02;2.3979016e-01;2.8750000e+02;2.2452396e-01;2.8750000e+02;1.9406626e-01;2.8750000e+02;1.4897393e-01;2.8750000e+02;9.8204285e-02;2.8750000e+02;5.5056818e-02;2.8750000e+02;6.1522350e-03;2.8750000e+02;-3.6926307e-02;2.8750000e+02;-7.9781607e-02;2.8750000e+02;-1.2643842e-01;2.8750000e+02;-5.5182628e-02;2.8750000e+02;-1.3632223e-02;2.8750000e+02;4.7067598e-02;2.8750000e+02;1.2733229e-01;2.8750000e+02;2.1009152e-01;2.8750000e+02;2.6728457e-01;2.8750000e+02;3.0254814e-01;2.8750000e+02;2.9216129e-01;2.8750000e+02;2.3979016e-01;2.8750000e+02;2.2452396e-01;2.8750000e+02;1.9406626e-01;2.8750000e+02;1.4897393e-01;2.8750000e+02;9.8204285e-02;2.8750000e+02;5.5056818e-02;2.8750000e+02;6.1522350e-03;2.8750000e+02;-3.6926307e-02;2.8750000e+02;-7.9781607e-02;2.8750000e+02;-1.2643842e-01;2.8750000e+02;-5.5182628e-02;2.8750000e+02;-1.3632223e-02;2.8750000e+02;4.7067598e-02;2.8750000e+02;1.2733229e-01;2.8750000e+02;2.1009152e-01;2.8750000e+02;2.6728457e-01;2.8750000e+02;3.0254814e-01;2.8750000e+02;2.9216129e-01;2.8750000e+02;2.3979016e-01;2.8750000e+02;2.2452396e-01;2.8750000e+02;1.9406626e-01;2.8750000e+02;1.4897393e-01;2.8750000e+02;9.8204285e-02;2.8750000e+02;5.5056818e-02;2.8750000e+02;6.1522350e-03;2.8750000e+02;-3.6926307e-02;2.8750000e+02;-7.9781607e-02;2.8750000e+02;-1.2643842e-01;2.8750000e+02;-5.5182628e-02;2.8750000e+02;-1.3632223e-02;2.8750000e+02;4.7067598e-02;2.8750000e+02;1.2733229e-01;2.8750000e+02;2.1009152e-01;2.8750000e+02;2.6728457e-01;2.8750000e+02;3.0254814e-01;2.8750000e+02;2.9216129e-01;2.8750000e+02;2.3979016e-01;2.8750000e+02;2.2452396e-01;2.8750000e+02;1.9406626e-01;2.8750000e+02;1.4897393e-01;2.8750000e+02;9.8204285e-02;2.8750000e+02;5.5056818e-02;2.8750000e+02;6.1522350e-03;2.8750000e+02;-3.6926307e-02;2.8750000e+02;-7.9781607e-02;2.8750000e+02;-1.2643842e-01;2.8750000e+02;-5.5182628e-02;2.8750000e+02;-1.3632223e-02;2.8750000e+02;4.7067598e-02;2.8750000e+02;1.2733229e-01;2.8750000e+02;2.1009152e-01;2.8750000e+02;2.6728457e-01;2.8750000e+02;3.0254814e-01;2.8750000e+02;2.9216129e-01;2.8750000e+02;2.3979016e-01;2.8750000e+02;2.2452396e-01;2.8750000e+02;1.9406626e-01;2.8750000e+02;1.4897393e-01;2.8750000e+02;9.8204285e-02;2.8750000e+02;5.5056818e-02;2.8750000e+02;6.1522350e-03;2.8750000e+02;-3.6926307e-02;2.8750000e+02;-7.9781607e-02;2.8750000e+02;-1.2643842e-01;2.8750000e+02;-5.5182628e-02;2.8750000e+02;-1.3632223e-02;2.8750000e+02;4.7067598e-02;2.8750000e+02;1.2733229e-01;2.8750000e+02;2.1009152e-01;2.8750000e+02;2.6728457e-01;2.8750000e+02;3.0254814e-01;2.8750000e+02;2.9216129e-01;2.8750000e+02;2.3979016e-01;2.8750000e+02;2.2452396e-01;2.8750000e+02;1.9406626e-01;2.8750000e+02;1.4897393e-01;2.8750000e+02;9.8204285e-02;2.8750000e+02;5.5056818e-02;2.8750000e+02;6.1522350e-03;2.8750000e+02;-3.6926307e-02;2.8750000e+02;-7.9781607e-02;2.8750000e+02;-1.2643842e-01;2.8750000e+02;-5.5182628e-02;2.8750000e+02;-1.3632223e-02;2.8750000e+02;4.7067598e-02;2.8750000e+02;1.2733229e-01;2.8750000e+02;2.1009152e-01;2.8750000e+02;2.6728457e-01;2.8750000e+02;3.0254814e-01;2.8750000e+02;2.9216129e-01;2.8750000e+02;2.3979016e-01;2.8750000e+02;2.2452396e-01;2.8750000e+02;1.9406626e-01;2.8750000e+02;1.4897393e-01;2.8750000e+02;9.8204285e-02;2.8750000e+02;5.5056818e-02;2.8750000e+02;6.1522350e-03;2.8750000e+02;-3.6926307e-02;2.8750000e+02;-7.9781607e-02;2.8750000e+02;-1.2643842e-01;2.8750000e+02;-5.5182628e-02;2.8750000e+02;-1.3632223e-02;2.8750000e+02;4.7067598e-02;2.8750000e+02;1.2733229e-01;2.8750000e+02;2.1009152e-01;2.8750000e+02;2.6728457e-01;2.8750000e+02;3.0254814e-01;2.8750000e+02;2.9216129e-01;2.8750000e+02;2.3979016e-01;2.8750000e+02;2.2452396e-01;2.8750000e+02;1.9406626e-01;2.8750000e+02;1.4897393e-01;2.8750000e+02;9.8204285e-02;2.8750000e+02;5.5056818e-02;2.8750000e+02;6.1522350e-03;2.8750000e+02;-3.6926307e-02;2.8750000e+02;-7.9781607e-02;2.8750000e+02;-1.2643842e-01;2.8750000e+02;-5.5182628e-02;2.8750000e+02;-1.3632223e-02;2.8750000e+02;4.7067598e-02;2.8750000e+02;1.2733229e-01;2.8750000e+02;2.1009152e-01;2.8750000e+02;2.6728457e-01;2.8750000e+02;3.0254814e-01;2.8750000e+02;2.9216129e-01;2.8750000e+02;2.3979016e-01;2.8750000e+02;2.2452396e-01;2.8750000e+02;1.9406626e-01;2.8750000e+02;1.4897393e-01;2.8750000e+02;9.8204285e-02;2.8750000e+02;5.5056818e-02;2.8750000e+02;6.1522350e-03;2.8750000e+02;-3.6926307e-02;2.8750000e+02;-7.9781607e-02;2.8750000e+02;-1.2643842e-01;2.8750000e+02;-5.5182628e-02;2.8750000e+02;-1.3632223e-02;2.8750000e+02;4.7067598e-02;2.8750000e+02;1.2733229e-01;2.8750000e+02;2.1009152e-01;2.8750000e+02;2.6728457e-01;2.8750000e+02;3.0254814e-01;2.8750000e+02;2.9216129e-01;2.8750000e+02;2.3979016e-01;2.8750000e+02;2.2452396e-01;2.8750000e+02;1.9406626e-01;2.8750000e+02;1.4897393e-01;2.8750000e+02;9.8204285e-02;2.8750000e+02;5.5056818e-02;2.8750000e+02;6.1522350e-03;2.8750000e+02;-3.6926307e-02;2.8750000e+02;-7.9781607e-02;2.8750000e+02;-1.2643842e-01;2.8750000e+02;-5.5182628e-02;2.8750000e+02;-1.3632223e-02;2.8750000e+02;4.7067598e-02;2.8750000e+02;1.2733229e-01;2.8750000e+02;2.1009152e-01;2.8750000e+02;2.6728457e-01;2.8750000e+02;3.0254814e-01;2.8750000e+02;2.9216129e-01;2.8750000e+02;2.3979016e-01;2.8750000e+02;2.2452396e-01;2.8750000e+02;1.9406626e-01;2.8750000e+02;1.4897393e-01;2.8750000e+02;9.8204285e-02;2.8750000e+02;5.5056818e-02;2.8750000e+02;6.1522350e-03;2.8750000e+02;-3.6926307e-02;2.8750000e+02;-7.9781607e-02;2.8750000e+02;-1.2643842e-01;2.8750000e+02;-5.5182628e-02;2.8750000e+02;-1.3632223e-02;2.8750000e+02;4.7067598e-02;2.8750000e+02;1.2733229e-01;2.8750000e+02;2.1009152e-01;2.8750000e+02;2.6728457e-01;2.8750000e+02;3.0254814e-01;2.8750000e+02;2.9216129e-01;2.8750000e+02;2.3979016e-01;2.8750000e+02;2.2452396e-01;2.8750000e+02;1.9406626e-01;2.8750000e+02;1.4897393e-01;2.8750000e+02;9.8204285e-02;2.8750000e+02;5.5056818e-02;2.8750000e+02;6.1522350e-03;2.8750000e+02;-3.6926307e-02;2.8750000e+02;-7.9781607e-02;2.8750000e+02;-1.2643842e-01;2.8750000e+02;-5.5182628e-02;2.8750000e+02;-1.3632223e-02;2.8750000e+02;4.7067598e-02;2.8750000e+02;1.2733229e-01;2.8750000e+02;2.1009152e-01;2.8750000e+02;2.6728457e-01;2.8750000e+02;3.0254814e-01;2.8750000e+02;2.9216129e-01;2.8750000e+02;2.3979016e-01;2.8750000e+02;2.2452396e-01;2.8750000e+02;1.9406626e-01;2.8750000e+02;1.4897393e-01;2.8750000e+02;9.8204285e-02;2.8750000e+02;5.5056818e-02;2.8750000e+02;6.1522350e-03;2.8750000e+02;-3.6926307e-02;2.8750000e+02;-7.9781607e-02;2.8750000e+02;-1.2643842e-01;2.8750000e+02;-5.5182628e-02;2.8750000e+02;-1.3632223e-02;2.8750000e+02;4.7067598e-02;2.8750000e+02;1.2733229e-01;2.8750000e+02;2.1009152e-01;2.8750000e+02;2.6728457e-01;2.8750000e+02;3.0254814e-01;2.8750000e+02;2.9216129e-01;2.8750000e+02;2.3979016e-01;2.8750000e+02;2.2452396e-01;2.8750000e+02;1.9406626e-01;2.8750000e+02;1.4897393e-01;2.8750000e+02;9.8204285e-02;2.8750000e+02;5.5056818e-02;2.8750000e+02;6.1522350e-03;2.8750000e+02;-3.6926307e-02;2.8750000e+02;-7.9781607e-02;2.8750000e+02;-1.2643842e-01;2.8750000e+02;-5.5182628e-02;2.8750000e+02;-1.3632223e-02;2.8750000e+02;4.7067598e-02;2.8750000e+02;1.2733229e-01;2.8750000e+02;2.1009152e-01;2.8750000e+02;2.6728457e-01;2.8750000e+02;3.0254814e-01;2.8750000e+02;2.9216129e-01;2.8750000e+02;2.3979016e-01;2.8750000e+02;2.2452396e-01;2.8750000e+02;1.9406626e-01;2.8750000e+02;1.4897393e-01;2.8750000e+02;9.8204285e-02;2.8750000e+02;5.5056818e-02;2.8750000e+02;6.1522350e-03;2.8750000e+02;-3.6926307e-02;2.8750000e+02;-7.9781607e-02;2.8750000e+02;-1.2643842e-01;2.8750000e+02;-5.5182628e-02;2.8750000e+02;-1.3632223e-02;2.8750000e+02;4.7067598e-02;2.8750000e+02;1.2733229e-01;2.8750000e+02;2.1009152e-01;2.8750000e+02;2.6728457e-01;2.8750000e+02;3.0254814e-01;2.8750000e+02;2.9216129e-01;2.8750000e+02;2.3979016e-01;2.8750000e+02;2.2452396e-01;2.8750000e+02;1.9406626e-01;2.8750000e+02;1.4897393e-01;2.8750000e+02;9.8204285e-02;2.8750000e+02;5.5056818e-02;2.8750000e+02;6.1522350e-03;2.8750000e+02;-3.6926307e-02;2.8750000e+02;-7.9781607e-02;2.8750000e+02;-1.2643842e-01;2.8750000e+02;-5.5182628e-02;2.8750000e+02;-1.3632223e-02;2.8750000e+02;4.7067598e-02;2.8750000e+02;1.2733229e-01;2.8750000e+02;2.1009152e-01;2.8750000e+02;2.6728457e-01;2.8750000e+02;3.0254814e-01;2.8750000e+02;2.9216129e-01;2.8750000e+02;2.3979016e-01;2.8750000e+02;2.2452396e-01;2.8750000e+02;1.9406626e-01;2.8750000e+02;1.4897393e-01;2.8750000e+02;9.8204285e-02;2.8750000e+02;5.5056818e-02;2.8750000e+02;6.1522350e-03;2.8750000e+02;-3.6926307e-02;2.8750000e+02;-7.9781607e-02;2.8750000e+02;-1.2643842e-01;2.8750000e+02;-5.5182628e-02;2.8750000e+02;-1.3632223e-02;2.8750000e+02;4.7067598e-02;2.8750000e+02;1.2733229e-01;2.8750000e+02;2.1009152e-01;2.8750000e+02;2.6728457e-01;2.8750000e+02;3.0254814e-01;2.8750000e+02;2.9216129e-01;2.8750000e+02;2.3979016e-01;2.8750000e+02;2.2452396e-01;2.8750000e+02;1.9406626e-01;2.8750000e+02;1.4897393e-01;2.8750000e+02;9.8204285e-02;2.8750000e+02;5.5056818e-02;2.8750000e+02;6.1522350e-03;2.8750000e+02;-3.6926307e-02;2.8750000e+02;-7.9781607e-02;2.8750000e+02;-1.2643842e-01;2.8750000e+02;-5.5182628e-02;2.8750000e+02;-1.3632223e-02;2.8750000e+02;4.7067598e-02;2.8750000e+02;1.2733229e-01;2.8750000e+02;2.1009152e-01;2.8750000e+02;2.6728457e-01;2.8750000e+02;3.0254814e-01;2.8750000e+02;2.9216129e-01;2.8750000e+02;2.3979016e-01;2.8750000e+02;2.2452396e-01;2.8750000e+02;1.9406626e-01;2.8750000e+02;1.4897393e-01;2.8750000e+02;9.8204285e-02;2.8750000e+02;5.5056818e-02;2.8750000e+02;6.1522350e-03;2.8750000e+02;-3.6926307e-02;2.8750000e+02;-7.9781607e-02;2.8750000e+02;-1.2643842e-01;2.8750000e+02;-5.5182628e-02;2.8750000e+02;-1.3632223e-02;2.8750000e+02;4.7067598e-02;2.8750000e+02;1.2733229e-01;2.8750000e+02;2.1009152e-01;2.8750000e+02;2.6728457e-01;2.8750000e+02;3.0254814e-01;2.8750000e+02;2.9216129e-01;2.8750000e+02;2.3979016e-01;2.8750000e+02;2.2452396e-01;2.8750000e+02;1.9406626e-01;2.8750000e+02;1.4897393e-01;2.8750000e+02;9.8204285e-02;2.8750000e+02;5.5056818e-02;2.8750000e+02;6.1522350e-03;2.8750000e+02;-3.6926307e-02;2.8750000e+02;-7.9781607e-02;2.8750000e+02;-1.2643842e-01;2.8750000e+02;-5.5182628e-02;2.8750000e+02;-1.3632223e-02;2.8750000e+02;4.7067598e-02;2.8750000e+02;1.2733229e-01;2.8750000e+02;2.1009152e-01;2.8750000e+02;2.6728457e-01;2.8750000e+02;3.0254814e-01;2.8750000e+02;2.9216129e-01;2.8750000e+02;2.3979016e-01;2.8750000e+02;2.2452396e-01;2.8750000e+02;1.9406626e-01;2.8750000e+02;1.4897393e-01;2.8750000e+02;9.8204285e-02;2.8750000e+02;5.5056818e-02;2.8750000e+02;6.1522350e-03;2.8750000e+02;-3.6926307e-02;2.8750000e+02;-7.9781607e-02;2.8750000e+02;-1.2643842e-01;2.8750000e+02;-5.5182628e-02;2.8750000e+02;-1.3632223e-02;2.8750000e+02;4.7067598e-02;2.8750000e+02;1.2733229e-01;2.8750000e+02;2.1009152e-01;2.8750000e+02;2.6728457e-01;2.8750000e+02;3.0254814e-01;2.8750000e+02;2.9216129e-01;2.8750000e+02;2.3979016e-01;2.8750000e+02;2.2452396e-01;2.8750000e+02;1.9406626e-01;2.8750000e+02;1.4897393e-01;2.8750000e+02;9.8204285e-02;2.8750000e+02;5.5056818e-02;2.8750000e+02;6.1522350e-03;2.8750000e+02;-3.6926307e-02;2.8750000e+02;-7.9781607e-02;2.8750000e+02;-1.2643842e-01;2.8750000e+02;-5.5182628e-02;2.8750000e+02;-1.3632223e-02;2.8750000e+02;4.7067598e-02;2.8750000e+02;1.2733229e-01;2.8750000e+02;2.1009152e-01;2.8750000e+02;2.6728457e-01;2.8750000e+02;3.0254814e-01;2.8750000e+02;2.9216129e-01;2.8750000e+02;2.3979016e-01;2.8750000e+02;2.2452396e-01;2.8750000e+02;1.9406626e-01;2.8750000e+02;1.4897393e-01;2.8750000e+02;9.8204285e-02;2.8750000e+02;5.5056818e-02;2.8750000e+02;6.1522350e-03;2.8750000e+02;-3.6926307e-02;2.8750000e+02;-7.9781607e-02;2.8750000e+02;-1.2643842e-01;2.8750000e+02;-5.5182628e-02;2.8750000e+02;-1.3632223e-02;2.8750000e+02;4.7067598e-02;2.8750000e+02;1.2733229e-01;2.8750000e+02;2.1009152e-01;2.8750000e+02;2.6728457e-01;2.8750000e+02;3.0254814e-01;2.8750000e+02;2.9216129e-01;2.8750000e+02;2.3979016e-01;2.8750000e+02;2.2452396e-01;2.8750000e+02;1.9406626e-01;2.8750000e+02;1.4897393e-01;2.8750000e+02;9.8204285e-02;2.8750000e+02;5.5056818e-02;2.8750000e+02;6.1522350e-03;2.8750000e+02;-3.6926307e-02;2.8750000e+02;-7.9781607e-02;2.8750000e+02;-1.2643842e-01;2.8750000e+02;-5.5182628e-02;2.8750000e+02;-1.3632223e-02;2.8750000e+02;4.7067598e-02;2.8750000e+02;1.2733229e-01;2.8750000e+02;2.1009152e-01;2.8750000e+02;2.6728457e-01;2.8750000e+02;3.0254814e-01;2.8750000e+02;2.9216129e-01;2.8750000e+02;2.3979016e-01;2.8750000e+02;2.2452396e-01;2.8750000e+02;1.9406626e-01;2.8750000e+02;1.4897393e-01;2.8750000e+02;9.8204285e-02;2.8750000e+02;5.5056818e-02;2.8750000e+02;6.1522350e-03;2.8750000e+02;-3.6926307e-02;2.8750000e+02;-7.9781607e-02;2.8750000e+02;-1.2643842e-01;2.8750000e+02;-5.5182628e-02;2.8750000e+02;-1.3632223e-02;2.8750000e+02;4.7067598e-02;2.8750000e+02;1.2733229e-01;2.8750000e+02;2.1009152e-01;2.8750000e+02;2.6728457e-01;2.8750000e+02;3.0254814e-01;2.8750000e+02;2.9216129e-01;2.8750000e+02;2.3979016e-01;2.8750000e+02;2.2452396e-01;2.8750000e+02;1.9406626e-01;2.8750000e+02;1.4897393e-01;2.8750000e+02;9.8204285e-02;2.8750000e+02;5.5056818e-02;2.8750000e+02;6.1522350e-03;2.8750000e+02;-3.6926307e-02;2.8750000e+02;-7.9781607e-02;2.8750000e+02;-1.2643842e-01;2.8750000e+02;-5.5182628e-02;2.8750000e+02;-1.3632223e-02;2.8750000e+02;4.7067598e-02;2.8750000e+02;1.2733229e-01;2.8750000e+02;2.1009152e-01;2.8750000e+02;2.6728457e-01;2.8750000e+02;3.0254814e-01;2.8750000e+02;2.9216129e-01;2.8750000e+02;2.3979016e-01;2.8750000e+02;2.2452396e-01;2.8750000e+02;1.9406626e-01;2.8750000e+02;1.4897393e-01;2.8750000e+02;9.8204285e-02;2.8750000e+02;5.5056818e-02;2.8750000e+02;6.1522350e-03;2.8750000e+02;-3.6926307e-02;2.8750000e+02;-7.9781607e-02;2.8750000e+02;-1.2643842e-01;2.8750000e+02;-5.5182628e-02;2.8750000e+02;-1.3632223e-02;2.8750000e+02;4.7067598e-02;2.8750000e+02;1.2733229e-01;2.8750000e+02;2.1009152e-01;2.8750000e+02;2.6728457e-01;2.8750000e+02;3.0254814e-01;2.8750000e+02;2.9216129e-01;2.8750000e+02;2.3979016e-01;2.8750000e+02;2.2452396e-01;2.8750000e+02;1.9406626e-01;2.8750000e+02;1.4897393e-01;2.8750000e+02;9.8204285e-02;2.8750000e+02;5.5056818e-02;2.8750000e+02;6.1522350e-03;2.8750000e+02;-3.6926307e-02;2.8750000e+02;-7.9781607e-02;2.8750000e+02;-1.2643842e-01
2.9250000e+02;-5.2178480e-02;2.9250000e+02;-8.8859852e-03;2.9250000e+02;5.6050383e-02;2.9250000e+02;1.3623235e-01;2.9250000e+02;2.2494417e-01;2.9250000e+02;2.7370423e-01;2.9250000e+02;2.9542366e-01;2.9250000e+02;3.1035253e-01;2.9250000e+02;2.6650357e-01;2.9250000e+02;2.3006803e-01;2.9250000e+02;1.9096476e-01;2.9250000e+02;1.4750308e-01;2.9250000e+02;9.8053500e-02;2.9250000e+02;5.2567352e-02;2.9250000e+02;8.6072497e-03;2.9250000e+02;-3.8683306e-02;2.9250000e+02;-7.9957284e-02;2.9250000e+02;-1.2470070e-01;2.9250000e+02;-5.2178480e-02;2.9250000e+02;-8.8859852e-03;2.9250000e+02;5.6050383e-02;2.9250000e+02;1.3623235e-01;2.9250000e+02;2.2494417e-01;2.9250000e+02;2.7370423e-01;2.9250000e+02;2.9542366e-01;2.9250000e+02;3.1035253e-01;2.9250000e+02;2.6650357e-01;2.9250000e+02;2.3006803e-01;2.9250000e+02;1.9096476e-01;2.9250000e+02;1.4750308e-01;2.9250000e+02;9.8053500e-02;2.9250000e+02;5.2567352e-02;2.9250000e+02;8.6072497e-03;2.9250000e+02;-3.8683306e-02;2.9250000e+02;-7.9957284e-02;2.9250000e+02;-1.2470070e-01;2.9250000e+02;-5.2178480e-02;2.9250000e+02;-8.8859852e-03;2.9250000e+02;5.6050383e-02;2.9250000e+02;1.3623235e-01;2.9250000e+02;2.2494417e-01;2.9250000e+02;2.7370423e-01;2.9250000e+02;2.9542366e-01;2.9250000e+02;3.1035253e-01;2.9250000e+02;2.6650357e-01;2.9250000e+02;2.3006803e-01;2.9250000e+02;1.9096476e-01;2.9250000e+02;1.4750308e-01;2.9250000e+02;9.8053500e-02;2.9250000e+02;5.2567352e-02;2.9250000e+02;8.6072497e-03;2.9250000e+02;-3.8683306e-02;2.9250000e+02;-7.9957284e-02;2.9250000e+02;-1.2470070e-01;2.9250000e+02;-5.2178480e-02;2.9250000e+02;-8.8859852e-03;2.9250000e+02;5.6050383e-02;2.9250000e+02;1.3623235e-01;2.9250000e+02;2.2494417e-01;2.9250000e+02;2.7370423e-01;2.9250000e+02;2.9542366e-01;2.9250000e+02;3.1035253e-01;2.9250000e+02;2.6650357e-01;2.9250000e+02;2.3006803e-01;2.9250000e+02;1.9096476e-01;2.9250000e+02;1.4750308e-01;2.9250000e+02;9.8053500e-02;2.9250000e+02;5.2567352e-02;2.9250000e+02;8.6072497e-03;2.9250000e+02;-3.8683306e-02;2.9250000e+02;-7.9957284e-02;2.9250000e+02;-1.2470070e-01;2.9250000e+02;-5.2178480e-02;2.9250000e+02;-8.8859852e-03;2.9250000e+02;5.6050383e-02;2.9250000e+02;1.3623235e-01;2.9250000e+02;2.2494417e-01;2.9250000e+02;2.7370423e-01;2.9250000e+02;2.9542366e-01;2.9250000e+02;3.1035253e-01;2.9250000e+02;2.6650357e-01;2.9250000e+02;2.3006803e-01;2.9250000e+02;1.9096476e-01;2.9250000e+02;1.4750308e-01;2.9250000e+02;9.8053500e-02;2.9250000e+02;5.2567352e-02;2.9250000e+02;8.6072497e-03;2.9250000e+02;-3.8683306e-02;2.9250000e+02;-7.9957284e-02;2.9250000e+02;-1.2470070e-01;2.9250000e+02;-5.2178480e-02;2.9250000e+02;-8.8859852e-03;2.9250000e+02;5.6050383e-02;2.9250000e+02;1.3623235e-01;2.9250000e+02;2.2494417e-01;2.9250000e+02;2.7370423e-01;2.9250000e+02;2.9542366e-01;2.9250000e+02;3.1035253e-01;2.9250000e+02;2.6650357e-01;2.9250000e+02;2.3006803e-01;2.9250000e+02;1.9096476e-01;2.9250000e+02;1.4750308e-01;2.9250000e+02;9.8053500e-02;2.9250000e+02;5.2567352e-02;2.9250000e+02;8.6072497e-03;2.9250000e+02;-3.8683306e-02;2.9250000e+02;-7.9957284e-02;2.9250000e+02;-1.2470070e-01;2.9250000e+02;-5.2178480e-02;2.9250000e+02;-8.8859852e-03;2.9250000e+02;5.6050383e-02;2.9250000e+02;1.3623235e-01;2.9250000e+02;2.2494417e-01;2.9250000e+02;2.7370423e-01;2.9250000e+02;2.9542366e-01;2.9250000e+02;3.1035253e-01;2.9250000e+02;2.6650357e-01;2.9250000e+02;2.3006803e-01;2.9250000e+02;1.9096476e-01;2.9250000e+02;1.4750308e-01;2.9250000e+02;9.8053500e-02;2.9250000e+02;5.2567352e-02;2.9250000e+02;8.6072497e-03;2.9250000e+02;-3.8683306e-02;2.9250000e+02;-7.9957284e-02;2.9250000e+02;-1.2470070e-01;2.9250000e+02;-5.2178480e-02;2.9250000e+02;-8.8859852e-03;2.9250000e+02;5.6050383e-02;2.9250000e+02;1.3623235e-01;2.9250000e+02;2.2494417e-01;2.9250000e+02;2.7370423e-01;2.9250000e+02;2.9542366e-01;2.9250000e+02;3.1035253e-01;2.9250000e+02;2.6650357e-01;2.9250000e+02;2.3006803e-01;2.9250000e+02;1.9096476e-01;2.9250000e+02;1.4750308e-01;2.9250000e+02;9.8053500e-02;2.9250000e+02;5.2567352e-02;2.9250000e+02;8.6072497e-03;2.9250000e+02;-3.8683306e-02;2.9250000e+02;-7.9957284e-02;2.9250000e+02;-1.2470070e-01;2.9250000e+02;-5.2178480e-02;2.9250000e+02;-8.8859852e-03;2.9250000e+02;5.6050383e-02;2.9250000e+02;1.3623235e-01;2.9250000e+02;2.2494417e-01;2.9250000e+02;2.7370423e-01;2.9250000e+02;2.9542366e-01;2.9250000e+02;3.1035253e-01;2.9250000e+02;2.6650357e-01;2.9250000e+02;2.3006803e-01;2.9250000e+02;1.9096476e-01;2.9250000e+02;1.4750308e-01;2.9250000e+02;9.8053500e-02;2.9250000e+02;5.2567352e-02;2.9250000e+02;8.6072497e-03;2.9250000e+02;-3.8683306e-02;2.9250000e+02;-7.9957284e-02;2.9250000e+02;-1.2470070e-01;2.9250000e+02;-5.2178480e-02;2.9250000e+02;-8.8859852e-03;2.9250000e+02;5.6050383e-02;2.9250000e+02;1.3623235e-01;2.9250000e+02;2.2494417e-01;2.9250000e+02;2.7370423e-01;2.9250000e+02;2.9542366e-01;2.9250000e+02;3.1035253e-01;2.9250000e+02;2.6650357e-01;2.9250000e+02;2.3006803e-01;2.9250000e+02;1.9096476e-01;2.9250000e+02;1.4750308e-01;2.9250000e+02;9.8053500e-02;2.9250000e+02;5.2567352e-02;2.9250000e+02;8.6072497e-03;2.9250000e+02;-3.8683306e-02;2.9250000e+02;-7.9957284e-02;2.9250000e+02;-1.2470070e-01;2.9250000e+02;-5.2178480e-02;2.9250000e+02;-8.8859852e-03;2.9250000e+02;5.6050383e-02;2.9250000e+02;1.3623235e-01;2.9250000e+02;2.2494417e-01;2.9250000e+02;2.7370423e-01;2.9250000e+02;2.9542366e-01;2.9250000e+02;3.1035253e-01;2.9250000e+02;2.6650357e-01;2.9250000e+02;2.3006803e-01;2.9250000e+02;1.9096476e-01;2.9250000e+02;1.4750308e-01;2.9250000e+02;9.8053500e-02;2.9250000e+02;5.2567352e-02;2.9250000e+02;8.6072497e-03;2.9250000e+02;-3.8683306e-02;2.9250000e+02;-7.9957284e-02;2.9250000e+02;-1.2470070e-01;2.9250000e+02;-5.2178480e-02;2.9250000e+02;-8.8859852e-03;2.9250000e+02;5.6050383e-02;2.9250000e+02;1.3623235e-01;2.9250000e+02;2.2494417e-01;2.9250000e+02;2.7370423e-01;2.9250000e+02;2.9542366e-01;2.9250000e+02;3.1035253e-01;2.9250000e+02;2.6650357e-01;2.9250000e+02;2.3006803e-01;2.9250000e+02;1.9096476e-01;2.9250000e+02;1.4750308e-01;2.9250000e+02;9.8053500e-02;2.9250000e+02;5.2567352e-02;2.9250000e+02;8.6072497e-03;2.9250000e+02;-3.8683306e-02;2.9250000e+02;-7.9957284e-02;2.9250000e+02;-1.2470070e-01;2.9250000e+02;-5.2178480e-02;2.9250000e+02;-8.8859852e-03;2.9250000e+02;5.6050383e-02;2.9250000e+02;1.3623235e-01;2.9250000e+02;2.2494417e-01;2.9250000e+02;2.7370423e-01;2.9250000e+02;2.9542366e-01;2.9250000e+02;3.1035253e-01;2.9250000e+02;2.6650357e-01;2.9250000e+02;2.3006803e-01;2.9250000e+02;1.9096476e-01;2.9250000e+02;1.4750308e-01;2.9250000e+02;9.8053500e-02;2.9250000e+02;5.2567352e-02;2.9250000e+02;8.6072497e-03;2.9250000e+02;-3.8683306e-02;2.9250000e+02;-7.9957284e-02;2.9250000e+02;-1.2470070e-01;2.9250000e+02;-5.2178480e-02;2.9250000e+02;-8.8859852e-03;2.9250000e+02;5.6050383e-02;2.9250000e+02;1.3623235e-01;2.9250000e+02;2.2494417e-01;2.9250000e+02;2.7370423e-01;2.9250000e+02;2.9542366e-01;2.9250000e+02;3.1035253e-01;2.9250000e+02;2.6650357e-01;2.9250000e+02;2.3006803e-01;2.9250000e+02;1.9096476e-01;2.9250000e+02;1.4750308e-01;2.9250000e+02;9.8053500e-02;2.9250000e+02;5.2567352e-02;2.9250000e+02;8.6072497e-03;2.9250000e+02;-3.8683306e-02;2.9250000e+02;-7.9957284e-02;2.9250000e+02;-1.2470070e-01;2.9250000e+02;-5.2178480e-02;2.9250000e+02;-8.8859852e-03;2.9250000e+02;5.6050383e-02;2.9250000e+02;1.3623235e-01;2.9250000e+02;2.2494417e-01;2.9250000e+02;2.7370423e-01;2.9250000e+02;2.9542366e-01;2.9250000e+02;3.1035253e-01;2.9250000e+02;2.6650357e-01;2.9250000e+02;2.3006803e-01;2.9250000e+02;1.9096476e-01;2.9250000e+02;1.4750308e-01;2.9250000e+02;9.8053500e-02;2.9250000e+02;5.2567352e-02;2.9250000e+02;8.6072497e-03;2.9250000e+02;-3.8683306e-02;2.9250000e+02;-7.9957284e-02;2.9250000e+02;-1.2470070e-01;2.9250000e+02;-5.2178480e-02;2.9250000e+02;-8.8859852e-03;2.9250000e+02;5.6050383e-02;2.9250000e+02;1.3623235e-01;2.9250000e+02;2.2494417e-01;2.9250000e+02;2.7370423e-01;2.9250000e+02;2.9542366e-01;2.9250000e+02;3.1035253e-01;2.9250000e+02;2.6650357e-01;2.9250000e+02;2.3006803e-01;2.9250000e+02;1.9096476e-01;2.9250000e+02;1.4750308e-01;2.9250000e+02;9.8053500e-02;2.9250000e+02;5.2567352e-02;2.9250000e+02;8.6072497e-03;2.9250000e+02;-3.8683306e-02;2.9250000e+02;-7.9957284e-02;2.9250000e+02;-1.2470070e-01;2.9250000e+02;-5.2178480e-02;2.9250000e+02;-8.8859852e-03;2.9250000e+02;5.6050383e-02;2.9250000e+02;1.3623235e-01;2.9250000e+02;2.2494417e-01;2.9250000e+02;2.7370423e-01;2.9250000e+02;2.9542366e-01;2.9250000e+02;3.1035253e-01;2.9250000e+02;2.6650357e-01;2.9250000e+02;2.3006803e-01;2.9250000e+02;1.9096476e-01;2.9250000e+02;1.4750308e-01;2.9250000e+02;9.8053500e-02;2.9250000e+02;5.2567352e-02;2.9250000e+02;8.6072497e-03;2.9250000e+02;-3.8683306e-02;2.9250000e+02;-7.9957284e-02;2.9250000e+02;-1.2470070e-01;2.9250000e+02;-5.2178480e-02;2.9250000e+02;-8.8859852e-03;2.9250000e+02;5.6050383e-02;2.9250000e+02;1.3623235e-01;2.9250000e+02;2.2494417e-01;2.9250000e+02;2.7370423e-01;2.9250000e+02;2.9542366e-01;2.9250000e+02;3.1035253e-01;2.9250000e+02;2.6650357e-01;2.9250000e+02;2.3006803e-01;2.9250000e+02;1.9096476e-01;2.9250000e+02;1.4750308e-01;2.9250000e+02;9.8053500e-02;2.9250000e+02;5.2567352e-02;2.9250000e+02;8.6072497e-03;2.9250000e+02;-3.8683306e-02;2.9250000e+02;-7.9957284e-02;2.9250000e+02;-1.2470070e-01;2.9250000e+02;-5.2178480e-02;2.9250000e+02;-8.8859852e-03;2.9250000e+02;5.6050383e-02;2.9250000e+02;1.3623235e-01;2.9250000e+02;2.2494417e-01;2.9250000e+02;2.7370423e-01;2.9250000e+02;2.9542366e-01;2.9250000e+02;3.1035253e-01;2.9250000e+02;2.6650357e-01;2.9250000e+02;2.3006803e-01;2.9250000e+02;1.9096476e-01;2.9250000e+02;1.4750308e-01;2.9250000e+02;9.8053500e-02;2.9250000e+02;5.2567352e-02;2.9250000e+02;8.6072497e-03;2.9250000e+02;-3.8683306e-02;2.9250000e+02;-7.9957284e-02;2.9250000e+02;-1.2470070e-01;2.9250000e+02;-5.2178480e-02;2.9250000e+02;-8.8859852e-03;2.9250000e+02;5.6050383e-02;2.9250000e+02;1.3623235e-01;2.9250000e+02;2.2494417e-01;2.9250000e+02;2.7370423e-01;2.9250000e+02;2.9542366e-01;2.9250000e+02;3.1035253e-01;2.9250000e+02;2.6650357e-01;2.9250000e+02;2.3006803e-01;2.9250000e+02;1.9096476e-01;2.9250000e+02;1.4750308e-01;2.9250000e+02;9.8053500e-02;2.9250000e+02;5.2567352e-02;2.9250000e+02;8.6072497e-03;2.9250000e+02;-3.8683306e-02;2.9250000e+02;-7.9957284e-02;2.9250000e+02;-1.2470070e-01;2.9250000e+02;-5.2178480e-02;2.9250000e+02;-8.8859852e-03;2.9250000e+02;5.6050383e-02;2.9250000e+02;1.3623235e-01;2.9250000e+02;2.2494417e-01;2.9250000e+02;2.7370423e-01;2.9250000e+02;2.9542366e-01;2.9250000e+02;3.1035253e-01;2.9250000e+02;2.6650357e-01;2.9250000e+02;2.3006803e-01;2.9250000e+02;1.9096476e-01;2.9250000e+02;1.4750308e-01;2.9250000e+02;9.8053500e-02;2.9250000e+02;5.2567352e-02;2.9250000e+02;8.6072497e-03;2.9250000e+02;-3.8683306e-02;2.9250000e+02;-7.9957284e-02;2.9250000e+02;-1.2470070e-01;2.9250000e+02;-5.2178480e-02;2.9250000e+02;-8.8859852e-03;2.9250000e+02;5.6050383e-02;2.9250000e+02;1.3623235e-01;2.9250000e+02;2.2494417e-01;2.9250000e+02;2.7370423e-01;2.9250000e+02;2.9542366e-01;2.9250000e+02;3.1035253e-01;2.9250000e+02;2.6650357e-01;2.9250000e+02;2.3006803e-01;2.9250000e+02;1.9096476e-01;2.9250000e+02;1.4750308e-01;2.9250000e+02;9.8053500e-02;2.9250000e+02;5.2567352e-02;2.9250000e+02;8.6072497e-03;2.9250000e+02;-3.8683306e-02;2.9250000e+02;-7.9957284e-02;2.9250000e+02;-1.2470070e-01;2.9250000e+02;-5.2178480e-02;2.9250000e+02;-8.8859852e-03;2.9250000e+02;5.6050383e-02;2.9250000e+02;1.3623235e-01;2.9250000e+02;2.2494417e-01;2.9250000e+02;2.7370423e-01;2.9250000e+02;2.9542366e-01;2.9250000e+02;3.1035253e-01;2.9250000e+02;2.6650357e-01;2.9250000e+02;2.3006803e-01;2.9250000e+02;1.9096476e-01;2.9250000e+02;1.4750308e-01;2.9250000e+02;9.8053500e-02;2.9250000e+02;5.2567352e-02;2.9250000e+02;8.6072497e-03;2.9250000e+02;-3.8683306e-02;2.9250000e+02;-7.9957284e-02;2.9250000e+02;-1.2470070e-01;2.9250000e+02;-5.2178480e-02;2.9250000e+02;-8.8859852e-03;2.9250000e+02;5.6050383e-02;2.9250000e+02;1.3623235e-01;2.9250000e+02;2.2494417e-01;2.9250000e+02;2.7370423e-01;2.9250000e+02;2.9542366e-01;2.9250000e+02;3.1035253e-01;2.9250000e+02;2.6650357e-01;2.9250000e+02;2.3006803e-01;2.9250000e+02;1.9096476e-01;2.9250000e+02;1.4750308e-01;2.9250000e+02;9.8053500e-02;2.9250000e+02;5.2567352e-02;2.9250000e+02;8.6072497e-03;2.9250000e+02;-3.8683306e-02;2.9250000e+02;-7.9957284e-02;2.9250000e+02;-1.2470070e-01;2.9250000e+02;-5.2178480e-02;2.9250000e+02;-8.8859852e-03;2.9250000e+02;5.6050383e-02;2.9250000e+02;1.3623235e-01;2.9250000e+02;2.2494417e-01;2.9250000e+02;2.7370423e-01;2.9250000e+02;2.9542366e-01;2.9250000e+02;3.1035253e-01;2.9250000e+02;2.6650357e-01;2.9250000e+02;2.3006803e-01;2.9250000e+02;1.9096476e-01;2.9250000e+02;1.4750308e-01;2.9250000e+02;9.8053500e-02;2.9250000e+02;5.2567352e-02;2.9250000e+02;8.6072497e-03;2.9250000e+02;-3.8683306e-02;2.9250000e+02;-7.9957284e-02;2.9250000e+02;-1.2470070e-01;2.9250000e+02;-5.2178480e-02;2.9250000e+02;-8.8859852e-03;2.9250000e+02;5.6050383e-02;2.9250000e+02;1.3623235e-01;2.9250000e+02;2.2494417e-01;2.9250000e+02;2.7370423e-01;2.9250000e+02;2.9542366e-01;2.9250000e+02;3.1035253e-01;2.9250000e+02;2.6650357e-01;2.9250000e+02;2.3006803e-01;2.9250000e+02;1.9096476e-01;2.9250000e+02;1.4750308e-01;2.9250000e+02;9.8053500e-02;2.9250000e+02;5.2567352e-02;2.9250000e+02;8.6072497e-03;2.9250000e+02;-3.8683306e-02;2.9250000e+02;-7.9957284e-02;2.9250000e+02;-1.2470070e-01;2.9250000e+02;-5.2178480e-02;2.9250000e+02;-8.8859852e-03;2.9250000e+02;5.6050383e-02;2.9250000e+02;1.3623235e-01;2.9250000e+02;2.2494417e-01;2.9250000e+02;2.7370423e-01;2.9250000e+02;2.9542366e-01;2.9250000e+02;3.1035253e-01;2.9250000e+02;2.6650357e-01;2.9250000e+02;2.3006803e-01;2.9250000e+02;1.9096476e-01;2.9250000e+02;1.4750308e-01;2.9250000e+02;9.8053500e-02;2.9250000e+02;5.2567352e-02;2.9250000e+02;8.6072497e-03;2.9250000e+02;-3.8683306e-02;2.9250000e+02;-7.9957284e-02;2.9250000e+02;-1.2470070e-01;2.9250000e+02;-5.2178480e-02;2.9250000e+02;-8.8859852e-03;2.9250000e+02;5.6050383e-02;2.9250000e+02;1.3623235e-01;2.9250000e+02;2.2494417e-01;2.9250000e+02;2.7370423e-01;2.9250000e+02;2.9542366e-01;2.9250000e+02;3.1035253e-01;2.9250000e+02;2.6650357e-01;2.9250000e+02;2.3006803e-01;2.9250000e+02;1.9096476e-01;2.9250000e+02;1.4750308e-01;2.9250000e+02;9.8053500e-02;2.9250000e+02;5.2567352e-02;2.9250000e+02;8.6072497e-03;2.9250000e+02;-3.8683306e-02;2.9250000e+02;-7.9957284e-02;2.9250000e+02;-1.2470070e-01;2.9250000e+02;-5.2178480e-02;2.9250000e+02;-8.8859852e-03;2.9250000e+02;5.6050383e-02;2.9250000e+02;1.3623235e-01;2.9250000e+02;2.2494417e-01;2.9250000e+02;2.7370423e-01;2.9250000e+02;2.9542366e-01;2.9250000e+02;3.1035253e-01;2.9250000e+02;2.6650357e-01;2.9250000e+02;2.3006803e-01;2.9250000e+02;1.9096476e-01;2.9250000e+02;1.4750308e-01;2.9250000e+02;9.8053500e-02;2.9250000e+02;5.2567352e-02;2.9250000e+02;8.6072497e-03;2.9250000e+02;-3.8683306e-02;2.9250000e+02;-7.9957284e-02;2.9250000e+02;-1.2470070e-01;2.9250000e+02;-5.2178480e-02;2.9250000e+02;-8.8859852e-03;2.9250000e+02;5.6050383e-02;2.9250000e+02;1.3623235e-01;2.9250000e+02;2.2494417e-01;2.9250000e+02;2.7370423e-01;2.9250000e+02;2.9542366e-01;2.9250000e+02;3.1035253e-01;2.9250000e+02;2.6650357e-01;2.9250000e+02;2.3006803e-01;2.9250000e+02;1.9096476e-01;2.9250000e+02;1.4750308e-01;2.9250000e+02;9.8053500e-02;2.9250000e+02;5.2567352e-02;2.9250000e+02;8.6072497e-03;2.9250000e+02;-3.8683306e-02;2.9250000e+02;-7.9957284e-02;2.9250000e+02;-1.2470070e-01;2.9250000e+02;-5.2178480e-02;2.9250000e+02;-8.8859852e-03;2.9250000e+02;5.6050383e-02;2.9250000e+02;1.3623235e-01;2.9250000e+02;2.2494417e-01;2.9250000e+02;2.7370423e-01;2.9250000e+02;2.9542366e-01;2.9250000e+02;3.1035253e-01;2.9250000e+02;2.6650357e-01;2.9250000e+02;2.3006803e-01;2.9250000e+02;1.9096476e-01;2.9250000e+02;1.4750308e-01;2.9250000e+02;9.8053500e-02;2.9250000e+02;5.2567352e-02;2.9250000e+02;8.6072497e-03;2.9250000e+02;-3.8683306e-02;2.9250000e+02;-7.9957284e-02;2.9250000e+02;-1.2470070e-01;2.9250000e+02;-5.2178480e-02;2.9250000e+02;-8.8859852e-03;2.9250000e+02;5.6050383e-02;2.9250000e+02;1.3623235e-01;2.9250000e+02;2.2494417e-01;2.9250000e+02;2.7370423e-01;2.9250000e+02;2.9542366e-01;2.9250000e+02;3.1035253e-01;2.9250000e+02;2.6650357e-01;2.9250000e+02;2.3006803e-01;2.9250000e+02;1.9096476e-01;2.9250000e+02;1.4750308e-01;2.9250000e+02;9.8053500e-02;2.9250000e+02;5.2567352e-02;2.9250000e+02;8.6072497e-03;2.9250000e+02;-3.8683306e-02;2.9250000e+02;-7.9957284e-02;2.9250000e+02;-1.2470070e-01;2.9250000e+02;-5.2178480e-02;2.9250000e+02;-8.8859852e-03;2.9250000e+02;5.6050383e-02;2.9250000e+02;1.3623235e-01;2.9250000e+02;2.2494417e-01;2.9250000e+02;2.7370423e-01;2.9250000e+02;2.9542366e-01;2.9250000e+02;3.1035253e-01;2.9250000e+02;2.6650357e-01;2.9250000e+02;2.3006803e-01;2.9250000e+02;1.9096476e-01;2.9250000e+02;1.4750308e-01;2.9250000e+02;9.8053500e-02;2.9250000e+02;5.2567352e-02;2.9250000e+02;8.6072497e-03;2.9250000e+02;-3.8683306e-02;2.9250000e+02;-7.9957284e-02;2.9250000e+02;-1.2470070e-01;2.9250000e+02;-5.2178480e-02;2.9250000e+02;-8.8859852e-03;2.9250000e+02;5.6050383e-02;2.9250000e+02;1.3623235e-01;2.9250000e+02;2.2494417e-01;2.9250000e+02;2.7370423e-01;2.9250000e+02;2.9542366e-01;2.9250000e+02;3.1035253e-01;2.9250000e+02;2.6650357e-01;2.9250000e+02;2.3006803e-01;2.9250000e+02;1.9096476e-01;2.9250000e+02;1.4750308e-01;2.9250000e+02;9.8053500e-02;2.9250000e+02;5.2567352e-02;2.9250000e+02;8.6072497e-03;2.9250000e+02;-3.8683306e-02;2.9250000e+02;-7.9957284e-02;2.9250000e+02;-1.2470070e-01;2.9250000e+02;-5.2178480e-02;2.9250000e+02;-8.8859852e-03;2.9250000e+02;5.6050383e-02;2.9250000e+02;1.3623235e-01;2.9250000e+02;2.2494417e-01;2.9250000e+02;2.7370423e-01;2.9250000e+02;2.9542366e-01;2.9250000e+02;3.1035253e-01;2.9250000e+02;2.6650357e-01;2.9250000e+02;2.3006803e-01;2.9250000e+02;1.9096476e-01;2.9250000e+02;1.4750308e-01;2.9250000e+02;9.8053500e-02;2.9250000e+02;5.2567352e-02;2.9250000e+02;8.6072497e-03;2.9250000e+02;-3.8683306e-02;2.9250000e+02;-7.9957284e-02;2.9250000e+02;-1.2470070e-01;2.9250000e+02;-5.2178480e-02;2.9250000e+02;-8.8859852e-03;2.9250000e+02;5.6050383e-02;2.9250000e+02;1.3623235e-01;2.9250000e+02;2.2494417e-01;2.9250000e+02;2.7370423e-01;2.9250000e+02;2.9542366e-01;2.9250000e+02;3.1035253e-01;2.9250000e+02;2.6650357e-01;2.9250000e+02;2.3006803e-01;2.9250000e+02;1.9096476e-01;2.9250000e+02;1.4750308e-01;2.9250000e+02;9.8053500e-02;2.9250000e+02;5.2567352e-02;2.9250000e+02;8.6072497e-03;2.9250000e+02;-3.8683306e-02;2.9250000e+02;-7.9957284e-02;2.9250000e+02;-1.2470070e-01;2.9250000e+02;-5.2178480e-02;2.9250000e+02;-8.8859852e-03;2.9250000e+02;5.6050383e-02;2.9250000e+02;1.3623235e-01;2.9250000e+02;2.2494417e-01;2.9250000e+02;2.7370423e-01;2.9250000e+02;2.9542366e-01;2.9250000e+02;3.1035253e-01;2.9250000e+02;2.6650357e-01;2.9250000e+02;2.3006803e-01;2.9250000e+02;1.9096476e-01;2.9250000e+02;1.4750308e-01;2.9250000e+02;9.8053500e-02;2.9250000e+02;5.2567352e-02;2.9250000e+02;8.6072497e-03;2.9250000e+02;-3.8683306e-02;2.9250000e+02;-7.9957284e-02;2.9250000e+02;-1.2470070e-01;2.9250000e+02;-5.2178480e-02;2.9250000e+02;-8.8859852e-03;2.9250000e+02;5.6050383e-02;2.9250000e+02;1.3623235e-01;2.9250000e+02;2.2494417e-01;2.9250000e+02;2.7370423e-01;2.9250000e+02;2.9542366e-01;2.9250000e+02;3.1035253e-01;2.9250000e+02;2.6650357e-01;2.9250000e+02;2.3006803e-01;2.9250000e+02;1.9096476e-01;2.9250000e+02;1.4750308e-01;2.9250000e+02;9.8053500e-02;2.9250000e+02;5.2567352e-02;2.9250000e+02;8.6072497e-03;2.9250000e+02;-3.8683306e-02;2.9250000e+02;-7.9957284e-02;2.9250000e+02;-1.2470070e-01;2.9250000e+02;-5.2178480e-02;2.9250000e+02;-8.8859852e-03;2.9250000e+02;5.6050383e-02;2.9250000e+02;1.3623235e-01;2.9250000e+02;2.2494417e-01;2.9250000e+02;2.7370423e-01;2.9250000e+02;2.9542366e-01;2.9250000e+02;3.1035253e-01;2.9250000e+02;2.6650357e-01;2.9250000e+02;2.3006803e-01;2.9250000e+02;1.9096476e-01;2.9250000e+02;1.4750308e-01;2.9250000e+02;9.8053500e-02;2.9250000e+02;5.2567352e-02;2.9250000e+02;8.6072497e-03;2.9250000e+02;-3.8683306e-02;2.9250000e+02;-7.9957284e-02;2.9250000e+02;-1.2470070e-01;2.9250000e+02;-5.2178480e-02;2.9250000e+02;-8.8859852e-03;2.9250000e+02;5.6050383e-02;2.9250000e+02;1.3623235e-01;2.9250000e+02;2.2494417e-01;2.9250000e+02;2.7370423e-01;2.9250000e+02;2.9542366e-01;2.9250000e+02;3.1035253e-01;2.9250000e+02;2.6650357e-01;2.9250000e+02;2.3006803e-01;2.9250000e+02;1.9096476e-01;2.9250000e+02;1.4750308e-01;2.9250000e+02;9.8053500e-02;2.9250000e+02;5.2567352e-02;2.9250000e+02;8.6072497e-03;2.9250000e+02;-3.8683306e-02;2.9250000e+02;-7.9957284e-02;2.9250000e+02;-1.2470070e-01;2.9250000e+02;-5.2178480e-02;2.9250000e+02;-8.8859852e-03;2.9250000e+02;5.6050383e-02;2.9250000e+02;1.3623235e-01;2.9250000e+02;2.2494417e-01;2.9250000e+02;2.7370423e-01;2.9250000e+02;2.9542366e-01;2.9250000e+02;3.1035253e-01;2.9250000e+02;2.6650357e-01;2.9250000e+02;2.3006803e-01;2.9250000e+02;1.9096476e-01;2.9250000e+02;1.4750308e-01;2.9250000e+02;9.8053500e-02;2.9250000e+02;5.2567352e-02;2.9250000e+02;8.6072497e-03;2.9250000e+02;-3.8683306e-02;2.9250000e+02;-7.9957284e-02;2.9250000e+02;-1.2470070e-01;2.9250000e+02;-5.2178480e-02;2.9250000e+02;-8.8859852e-03;2.9250000e+02;5.6050383e-02;2.9250000e+02;1.3623235e-01;2.9250000e+02;2.2494417e-01;2.9250000e+02;2.7370423e-01;2.9250000e+02;2.9542366e-01;2.9250000e+02;3.1035253e-01;2.9250000e+02;2.6650357e-01;2.9250000e+02;2.3006803e-01;2.9250000e+02;1.9096476e-01;2.9250000e+02;1.4750308e-01;2.9250000e+02;9.8053500e-02;2.9250000e+02;5.2567352e-02;2.9250000e+02;8.6072497e-03;2.9250000e+02;-3.8683306e-02;2.9250000e+02;-7.9957284e-02;2.9250000e+02;-1.2470070e-01;2.9250000e+02;-5.2178480e-02;2.9250000e+02;-8.8859852e-03;2.9250000e+02;5.6050383e-02;2.9250000e+02;1.3623235e-01;2.9250000e+02;2.2494417e-01;2.9250000e+02;2.7370423e-01;2.9250000e+02;2.9542366e-01;2.9250000e+02;3.1035253e-01;2.9250000e+02;2.6650357e-01;2.9250000e+02;2.3006803e-01;2.9250000e+02;1.9096476e-01;2.9250000e+02;1.4750308e-01;2.9250000e+02;9.8053500e-02;2.9250000e+02;5.2567352e-02;2.9250000e+02;8.6072497e-03;2.9250000e+02;-3.8683306e-02;2.9250000e+02;-7.9957284e-02;2.9250000e+02;-1.2470070e-01;2.9250000e+02;-5.2178480e-02;2.9250000e+02;-8.8859852e-03;2.9250000e+02;5.6050383e-02;2.9250000e+02;1.3623235e-01;2.9250000e+02;2.2494417e-01;2.9250000e+02;2.7370423e-01;2.9250000e+02;2.9542366e-01;2.9250000e+02;3.1035253e-01;2.9250000e+02;2.6650357e-01;2.9250000e+02;2.3006803e-01;2.9250000e+02;1.9096476e-01;2.9250000e+02;1.4750308e-01;2.9250000e+02;9.8053500e-02;2.9250000e+02;5.2567352e-02;2.9250000e+02;8.6072497e-03;2.9250000e+02;-3.8683306e-02;2.9250000e+02;-7.9957284e-02;2.9250000e+02;-1.2470070e-01;2.9250000e+02;-5.2178480e-02;2.9250000e+02;-8.8859852e-03;2.9250000e+02;5.6050383e-02;2.9250000e+02;1.3623235e-01;2.9250000e+02;2.2494417e-01;2.9250000e+02;2.7370423e-01;2.9250000e+02;2.9542366e-01;2.9250000e+02;3.1035253e-01;2.9250000e+02;2.6650357e-01;2.9250000e+02;2.3006803e-01;2.9250000e+02;1.9096476e-01;2.9250000e+02;1.4750308e-01;2.9250000e+02;9.8053500e-02;2.9250000e+02;5.2567352e-02;2.9250000e+02;8.6072497e-03;2.9250000e+02;-3.8683306e-02;2.9250000e+02;-7.9957284e-02;2.9250000e+02;-1.2470070e-01;2.9250000e+02;-5.2178480e-02;2.9250000e+02;-8.8859852e-03;2.9250000e+02;5.6050383e-02;2.9250000e+02;1.3623235e-01;2.9250000e+02;2.2494417e-01;2.9250000e+02;2.7370423e-01;2.9250000e+02;2.9542366e-01;2.9250000e+02;3.1035253e-01;2.9250000e+02;2.6650357e-01;2.9250000e+02;2.3006803e-01;2.9250000e+02;1.9096476e-01;2.9250000e+02;1.4750308e-01;2.9250000e+02;9.8053500e-02;2.9250000e+02;5.2567352e-02;2.9250000e+02;8.6072497e-03;2.9250000e+02;-3.8683306e-02;2.9250000e+02;-7.9957284e-02;2.9250000e+02;-1.2470070e-01;2.9250000e+02;-5.2178480e-02;2.9250000e+02;-8.8859852e-03;2.9250000e+02;5.6050383e-02;2.9250000e+02;1.3623235e-01;2.9250000e+02;2.2494417e-01;2.9250000e+02;2.7370423e-01;2.9250000e+02;2.9542366e-01;2.9250000e+02;3.1035253e-01;2.9250000e+02;2.6650357e-01;2.9250000e+02;2.3006803e-01;2.9250000e+02;1.9096476e-01;2.9250000e+02;1.4750308e-01;2.9250000e+02;9.8053500e-02;2.9250000e+02;5.2567352e-02;2.9250000e+02;8.6072497e-03;2.9250000e+02;-3.8683306e-02;2.9250000e+02;-7.9957284e-02;2.9250000e+02;-1.2470070e-01;2.9250000e+02;-5.2178480e-02;2.9250000e+02;-8.8859852e-03;2.9250000e+02;5.6050383e-02;2.9250000e+02;1.3623235e-01;2.9250000e+02;2.2494417e-01;2.9250000e+02;2.7370423e-01;2.9250000e+02;2.9542366e-01;2.9250000e+02;3.1035253e-01;2.9250000e+02;2.6650357e-01;2.9250000e+02;2.3006803e-01;2.9250000e+02;1.9096476e-01;2.9250000e+02;1.4750308e-01;2.9250000e+02;9.8053500e-02;2.9250000e+02;5.2567352e-02;2.9250000e+02;8.6072497e-03;2.9250000e+02;-3.8683306e-02;2.9250000e+02;-7.9957284e-02;2.9250000e+02;-1.2470070e-01;2.9250000e+02;-5.2178480e-02;2.9250000e+02;-8.8859852e-03;2.9250000e+02;5.6050383e-02;2.9250000e+02;1.3623235e-01;2.9250000e+02;2.2494417e-01;2.9250000e+02;2.7370423e-01;2.9250000e+02;2.9542366e-01;2.9250000e+02;3.1035253e-01;2.9250000e+02;2.6650357e-01;2.9250000e+02;2.3006803e-01;2.9250000e+02;1.9096476e-01;2.9250000e+02;1.4750308e-01;2.9250000e+02;9.8053500e-02;2.9250000e+02;5.2567352e-02;2.9250000e+02;8.6072497e-03;2.9250000e+02;-3.8683306e-02;2.9250000e+02;-7.9957284e-02;2.9250000e+02;-1.2470070e-01;2.9250000e+02;-5.2178480e-02;2.9250000e+02;-8.8859852e-03;2.9250000e+02;5.6050383e-02;2.9250000e+02;1.3623235e-01;2.9250000e+02;2.2494417e-01;2.9250000e+02;2.7370423e-01;2.9250000e+02;2.9542366e-01;2.9250000e+02;3.1035253e-01;2.9250000e+02;2.6650357e-01;2.9250000e+02;2.3006803e-01;2.9250000e+02;1.9096476e-01;2.9250000e+02;1.4750308e-01;2.9250000e+02;9.8053500e-02;2.9250000e+02;5.2567352e-02;2.9250000e+02;8.6072497e-03;2.9250000e+02;-3.8683306e-02;2.9250000e+02;-7.9957284e-02;2.9250000e+02;-1.2470070e-01;2.9250000e+02;-5.2178480e-02;2.9250000e+02;-8.8859852e-03;2.9250000e+02;5.6050383e-02;2.9250000e+02;1.3623235e-01;2.9250000e+02;2.2494417e-01;2.9250000e+02;2.7370423e-01;2.9250000e+02;2.9542366e-01;2.9250000e+02;3.1035253e-01;2.9250000e+02;2.6650357e-01;2.9250000e+02;2.3006803e-01;2.9250000e+02;1.9096476e-01;2.9250000e+02;1.4750308e-01;2.9250000e+02;9.8053500e-02;2.9250000e+02;5.2567352e-02;2.9250000e+02;8.6072497e-03;2.9250000e+02;-3.8683306e-02;2.9250000e+02;-7.9957284e-02;2.9250000e+02;-1.2470070e-01;2.9250000e+02;-5.2178480e-02;2.9250000e+02;-8.8859852e-03;2.9250000e+02;5.6050383e-02;2.9250000e+02;1.3623235e-01;2.9250000e+02;2.2494417e-01;2.9250000e+02;2.7370423e-01;2.9250000e+02;2.9542366e-01;2.9250000e+02;3.1035253e-01;2.9250000e+02;2.6650357e-01;2.9250000e+02;2.3006803e-01;2.9250000e+02;1.9096476e-01;2.9250000e+02;1.4750308e-01;2.9250000e+02;9.8053500e-02;2.9250000e+02;5.2567352e-02;2.9250000e+02;8.6072497e-03;2.9250000e+02;-3.8683306e-02;2.9250000e+02;-7.9957284e-02;2.9250000e+02;-1.2470070e-01;2.9250000e+02;-5.2178480e-02;2.9250000e+02;-8.8859852e-03;2.9250000e+02;5.6050383e-02;2.9250000e+02;1.3623235e-01;2.9250000e+02;2.2494417e-01;2.9250000e+02;2.7370423e-01;2.9250000e+02;2.9542366e-01;2.9250000e+02;3.1035253e-01;2.9250000e+02;2.6650357e-01;2.9250000e+02;2.3006803e-01;2.9250000e+02;1.9096476e-01;2.9250000e+02;1.4750308e-01;2.9250000e+02;9.8053500e-02;2.9250000e+02;5.2567352e-02;2.9250000e+02;8.6072497e-03;2.9250000e+02;-3.8683306e-02;2.9250000e+02;-7.9957284e-02;2.9250000e+02;-1.2470070e-01;2.9250000e+02;-5.2178480e-02;2.9250000e+02;-8.8859852e-03;2.9250000e+02;5.6050383e-02;2.9250000e+02;1.3623235e-01;2.9250000e+02;2.2494417e-01;2.9250000e+02;2.7370423e-01;2.9250000e+02;2.9542366e-01;2.9250000e+02;3.1035253e-01;2.9250000e+02;2.6650357e-01;2.9250000e+02;2.3006803e-01;2.9250000e+02;1.9096476e-01;2.9250000e+02;1.4750308e-01;2.9250000e+02;9.8053500e-02;2.9250000e+02;5.2567352e-02;2.9250000e+02;8.6072497e-03;2.9250000e+02;-3.8683306e-02;2.9250000e+02;-7.9957284e-02;2.9250000e+02;-1.2470070e-01;2.9250000e+02;-5.2178480e-02;2.9250000e+02;-8.8859852e-03;2.9250000e+02;5.6050383e-02;2.9250000e+02;1.3623235e-01;2.9250000e+02;2.2494417e-01;2.9250000e+02;2.7370423e-01;2.9250000e+02;2.9542366e-01;2.9250000e+02;3.1035253e-01;2.9250000e+02;2.6650357e-01;2.9250000e+02;2.3006803e-01;2.9250000e+02;1.9096476e-01;2.9250000e+02;1.4750308e-01;2.9250000e+02;9.8053500e-02;2.9250000e+02;5.2567352e-02;2.9250000e+02;8.6072497e-03;2.9250000e+02;-3.8683306e-02;2.9250000e+02;-7.9957284e-02;2.9250000e+02;-1.2470070e-01;2.9250000e+02;-5.2178480e-02;2.9250000e+02;-8.8859852e-03;2.9250000e+02;5.6050383e-02;2.9250000e+02;1.3623235e-01;2.9250000e+02;2.2494417e-01;2.9250000e+02;2.7370423e-01;2.9250000e+02;2.9542366e-01;2.9250000e+02;3.1035253e-01;2.9250000e+02;2.6650357e-01;2.9250000e+02;2.3006803e-01;2.9250000e+02;1.9096476e-01;2.9250000e+02;1.4750308e-01;2.9250000e+02;9.8053500e-02;2.9250000e+02;5.2567352e-02;2.9250000e+02;8.6072497e-03;2.9250000e+02;-3.8683306e-02;2.9250000e+02;-7.9957284e-02;2.9250000e+02;-1.2470070e-01;2.9250000e+02;-5.2178480e-02;2.9250000e+02;-8.8859852e-03;2.9250000e+02;5.6050383e-02;2.9250000e+02;1.3623235e-01;2.9250000e+02;2.2494417e-01;2.9250000e+02;2.7370423e-01;2.9250000e+02;2.9542366e-01;2.9250000e+02;3.1035253e-01;2.9250000e+02;2.6650357e-01;2.9250000e+02;2.3006803e-01;2.9250000e+02;1.9096476e-01;2.9250000e+02;1.4750308e-01;2.9250000e+02;9.8053500e-02;2.9250000e+02;5.2567352e-02;2.9250000e+02;8.6072497e-03;2.9250000e+02;-3.8683306e-02;2.9250000e+02;-7.9957284e-02;2.9250000e+02;-1.2470070e-01;2.9250000e+02;-5.2178480e-02;2.9250000e+02;-8.8859852e-03;2.9250000e+02;5.6050383e-02;2.9250000e+02;1.3623235e-01;2.9250000e+02;2.2494417e-01;2.9250000e+02;2.7370423e-01;2.9250000e+02;2.9542366e-01;2.9250000e+02;3.1035253e-01;2.9250000e+02;2.6650357e-01;2.9250000e+02;2.3006803e-01;2.9250000e+02;1.9096476e-01;2.9250000e+02;1.4750308e-01;2.9250000e+02;9.8053500e-02;2.9250000e+02;5.2567352e-02;2.9250000e+02;8.6072497e-03;2.9250000e+02;-3.8683306e-02;2.9250000e+02;-7.9957284e-02;2.9250000e+02;-1.2470070e-01;2.9250000e+02;-5.2178480e-02;2.9250000e+02;-8.8859852e-03;2.9250000e+02;5.6050383e-02;2.9250000e+02;1.3623235e-01;2.9250000e+02;2.2494417e-01;2.9250000e+02;2.7370423e-01;2.9250000e+02;2.9542366e-01;2.9250000e+02;3.1035253e-01;2.9250000e+02;2.6650357e-01;2.9250000e+02;2.3006803e-01;2.9250000e+02;1.9096476e-01;2.9250000e+02;1.4750308e-01;2.9250000e+02;9.8053500e-02;2.9250000e+02;5.2567352e-02;2.9250000e+02;8.6072497e-03;2.9250000e+02;-3.8683306e-02;2.9250000e+02;-7.9957284e-02;2.9250000e+02;-1.2470070e-01;2.9250000e+02;-5.2178480e-02;2.9250000e+02;-8.8859852e-03;2.9250000e+02;5.6050383e-02;2.9250000e+02;1.3623235e-01;2.9250000e+02;2.2494417e-01;2.9250000e+02;2.7370423e-01;2.9250000e+02;2.9542366e-01;2.9250000e+02;3.1035253e-01;2.9250000e+02;2.6650357e-01;2.9250000e+02;2.3006803e-01;2.9250000e+02;1.9096476e-01;2.9250000e+02;1.4750308e-01;2.9250000e+02;9.8053500e-02;2.9250000e+02;5.2567352e-02;2.9250000e+02;8.6072497e-03;2.9250000e+02;-3.8683306e-02;2.9250000e+02;-7.9957284e-02;2.9250000e+02;-1.2470070e-01;2.9250000e+02;-5.2178480e-02;2.9250000e+02;-8.8859852e-03;2.9250000e+02;5.6050383e-02;2.9250000e+02;1.3623235e-01;2.9250000e+02;2.2494417e-01;2.9250000e+02;2.7370423e-01;2.9250000e+02;2.9542366e-01;2.9250000e+02;3.1035253e-01;2.9250000e+02;2.6650357e-01;2.9250000e+02;2.3006803e-01;2.9250000e+02;1.9096476e-01;2.9250000e+02;1.4750308e-01;2.9250000e+02;9.8053500e-02;2.9250000e+02;5.2567352e-02;2.9250000e+02;8.6072497e-03;2.9250000e+02;-3.8683306e-02;2.9250000e+02;-7.9957284e-02;2.9250000e+02;-1.2470070e-01;2.9250000e+02;-5.2178480e-02;2.9250000e+02;-8.8859852e-03;2.9250000e+02;5.6050383e-02;2.9250000e+02;1.3623235e-01;2.9250000e+02;2.2494417e-01;2.9250000e+02;2.7370423e-01;2.9250000e+02;2.9542366e-01;2.9250000e+02;3.1035253e-01;2.9250000e+02;2.6650357e-01;2.9250000e+02;2.3006803e-01;2.9250000e+02;1.9096476e-01;2.9250000e+02;1.4750308e-01;2.9250000e+02;9.8053500e-02;2.9250000e+02;5.2567352e-02;2.9250000e+02;8.6072497e-03;2.9250000e+02;-3.8683306e-02;2.9250000e+02;-7.9957284e-02;2.9250000e+02;-1.2470070e-01;2.9250000e+02;-5.2178480e-02;2.9250000e+02;-8.8859852e-03;2.9250000e+02;5.6050383e-02;2.9250000e+02;1.3623235e-01;2.9250000e+02;2.2494417e-01;2.9250000e+02;2.7370423e-01;2.9250000e+02;2.9542366e-01;2.9250000e+02;3.1035253e-01;2.9250000e+02;2.6650357e-01;2.9250000e+02;2.3006803e-01;2.9250000e+02;1.9096476e-01;2.9250000e+02;1.4750308e-01;2.9250000e+02;9.8053500e-02;2.9250000e+02;5.2567352e-02;2.9250000e+02;8.6072497e-03;2.9250000e+02;-3.8683306e-02;2.9250000e+02;-7.9957284e-02;2.9250000e+02;-1.2470070e-01;2.9250000e+02;-5.2178480e-02;2.9250000e+02;-8.8859852e-03;2.9250000e+02;5.6050383e-02;2.9250000e+02;1.3623235e-01;2.9250000e+02;2.2494417e-01;2.9250000e+02;2.7370423e-01;2.9250000e+02;2.9542366e-01;2.9250000e+02;3.1035253e-01;2.9250000e+02;2.6650357e-01;2.9250000e+02;2.3006803e-01;2.9250000e+02;1.9096476e-01;2.9250000e+02;1.4750308e-01;2.9250000e+02;9.8053500e-02;2.9250000e+02;5.2567352e-02;2.9250000e+02;8.6072497e-03;2.9250000e+02;-3.8683306e-02;2.9250000e+02;-7.9957284e-02;2.9250000e+02;-1.2470070e-01;2.9250000e+02;-5.2178480e-02;2.9250000e+02;-8.8859852e-03;2.9250000e+02;5.6050383e-02;2.9250000e+02;1.3623235e-01;2.9250000e+02;2.2494417e-01;2.9250000e+02;2.7370423e-01;2.9250000e+02;2.9542366e-01;2.9250000e+02;3.1035253e-01;2.9250000e+02;2.6650357e-01;2.9250000e+02;2.3006803e-01;2.9250000e+02;1.9096476e-01;2.9250000e+02;1.4750308e-01;2.9250000e+02;9.8053500e-02;2.9250000e+02;5.2567352e-02;2.9250000e+02;8.6072497e-03;2.9250000e+02;-3.8683306e-02;2.9250000e+02;-7.9957284e-02;2.9250000e+02;-1.2470070e-01;2.9250000e+02;-5.2178480e-02;2.9250000e+02;-8.8859852e-03;2.9250000e+02;5.6050383e-02;2.9250000e+02;1.3623235e-01;2.9250000e+02;2.2494417e-01;2.9250000e+02;2.7370423e-01;2.9250000e+02;2.9542366e-01;2.9250000e+02;3.1035253e-01;2.9250000e+02;2.6650357e-01;2.9250000e+02;2.3006803e-01;2.9250000e+02;1.9096476e-01;2.9250000e+02;1.4750308e-01;2.9250000e+02;9.8053500e-02;2.9250000e+02;5.2567352e-02;2.9250000e+02;8.6072497e-03;2.9250000e+02;-3.8683306e-02;2.9250000e+02;-7.9957284e-02;2.9250000e+02;-1.2470070e-01;2.9250000e+02;-5.2178480e-02;2.9250000e+02;-8.8859852e-03;2.9250000e+02;5.6050383e-02;2.9250000e+02;1.3623235e-01;2.9250000e+02;2.2494417e-01;2.9250000e+02;2.7370423e-01;2.9250000e+02;2.9542366e-01;2.9250000e+02;3.1035253e-01;2.9250000e+02;2.6650357e-01;2.9250000e+02;2.3006803e-01;2.9250000e+02;1.9096476e-01;2.9250000e+02;1.4750308e-01;2.9250000e+02;9.8053500e-02;2.9250000e+02;5.2567352e-02;2.9250000e+02;8.6072497e-03;2.9250000e+02;-3.8683306e-02;2.9250000e+02;-7.9957284e-02;2.9250000e+02;-1.2470070e-01;2.9250000e+02;-5.2178480e-02;2.9250000e+02;-8.8859852e-03;2.9250000e+02;5.6050383e-02;2.9250000e+02;1.3623235e-01;2.9250000e+02;2.2494417e-01;2.9250000e+02;2.7370423e-01;2.9250000e+02;2.9542366e-01;2.9250000e+02;3.1035253e-01;2.9250000e+02;2.6650357e-01;2.9250000e+02;2.3006803e-01;2.9250000e+02;1.9096476e-01;2.9250000e+02;1.4750308e-01;2.9250000e+02;9.8053500e-02;2.9250000e+02;5.2567352e-02;2.9250000e+02;8.6072497e-03;2.9250000e+02;-3.8683306e-02;2.9250000e+02;-7.9957284e-02;2.9250000e+02;-1.2470070e-01;2.9250000e+02;-5.2178480e-02;2.9250000e+02;-8.8859852e-03;2.9250000e+02;5.6050383e-02;2.9250000e+02;1.3623235e-01;2.9250000e+02;2.2494417e-01;2.9250000e+02;2.7370423e-01;2.9250000e+02;2.9542366e-01;2.9250000e+02;3.1035253e-01;2.9250000e+02;2.6650357e-01;2.9250000e+02;2.3006803e-01;2.9250000e+02;1.9096476e-01;2.9250000e+02;1.4750308e-01;2.9250000e+02;9.8053500e-02;2.9250000e+02;5.2567352e-02;2.9250000e+02;8.6072497e-03;2.9250000e+02;-3.8683306e-02;2.9250000e+02;-7.9957284e-02;2.9250000e+02;-1.2470070e-01;2.9250000e+02;-5.2178480e-02;2.9250000e+02;-8.8859852e-03;2.9250000e+02;5.6050383e-02;2.9250000e+02;1.3623235e-01;2.9250000e+02;2.2494417e-01;2.9250000e+02;2.7370423e-01;2.9250000e+02;2.9542366e-01;2.9250000e+02;3.1035253e-01;2.9250000e+02;2.6650357e-01;2.9250000e+02;2.3006803e-01;2.9250000e+02;1.9096476e-01;2.9250000e+02;1.4750308e-01;2.9250000e+02;9.8053500e-02;2.9250000e+02;5.2567352e-02;2.9250000e+02;8.6072497e-03;2.9250000e+02;-3.8683306e-02;2.9250000e+02;-7.9957284e-02;2.9250000e+02;-1.2470070e-01;2.9250000e+02;-5.2178480e-02;2.9250000e+02;-8.8859852e-03;2.9250000e+02;5.6050383e-02;2.9250000e+02;1.3623235e-01;2.9250000e+02;2.2494417e-01;2.9250000e+02;2.7370423e-01;2.9250000e+02;2.9542366e-01;2.9250000e+02;3.1035253e-01;2.9250000e+02;2.6650357e-01;2.9250000e+02;2.3006803e-01;2.9250000e+02;1.9096476e-01;2.9250000e+02;1.4750308e-01;2.9250000e+02;9.8053500e-02;2.9250000e+02;5.2567352e-02;2.9250000e+02;8.6072497e-03;2.9250000e+02;-3.8683306e-02;2.9250000e+02;-7.9957284e-02;2.9250000e+02;-1.2470070e-01;2.9250000e+02;-5.2178480e-02;2.9250000e+02;-8.8859852e-03;2.9250000e+02;5.6050383e-02;2.9250000e+02;1.3623235e-01;2.9250000e+02;2.2494417e-01;2.9250000e+02;2.7370423e-01;2.9250000e+02;2.9542366e-01;2.9250000e+02;3.1035253e-01;2.9250000e+02;2.6650357e-01;2.9250000e+02;2.3006803e-01;2.9250000e+02;1.9096476e-01;2.9250000e+02;1.4750308e-01;2.9250000e+02;9.8053500e-02;2.9250000e+02;5.2567352e-02;2.9250000e+02;8.6072497e-03;2.9250000e+02;-3.8683306e-02;2.9250000e+02;-7.9957284e-02;2.9250000e+02;-1.2470070e-01;2.9250000e+02;-5.2178480e-02;2.9250000e+02;-8.8859852e-03;2.9250000e+02;5.6050383e-02;2.9250000e+02;1.3623235e-01;2.9250000e+02;2.2494417e-01;2.9250000e+02;2.7370423e-01;2.9250000e+02;2.9542366e-01;2.9250000e+02;3.1035253e-01;2.9250000e+02;2.6650357e-01;2.9250000e+02;2.3006803e-01;2.9250000e+02;1.9096476e-01;2.9250000e+02;1.4750308e-01;2.9250000e+02;9.8053500e-02;2.9250000e+02;5.2567352e-02;2.9250000e+02;8.6072497e-03;2.9250000e+02;-3.8683306e-02;2.9250000e+02;-7.9957284e-02;2.9250000e+02;-1.2470070e-01;2.9250000e+02;-5.2178480e-02;2.9250000e+02;-8.8859852e-03;2.9250000e+02;5.6050383e-02;2.9250000e+02;1.3623235e-01;2.9250000e+02;2.2494417e-01;2.9250000e+02;2.7370423e-01;2.9250000e+02;2.9542366e-01;2.9250000e+02;3.1035253e-01;2.9250000e+02;2.6650357e-01;2.9250000e+02;2.3006803e-01;2.9250000e+02;1.9096476e-01;2.9250000e+02;1.4750308e-01;2.9250000e+02;9.8053500e-02;2.9250000e+02;5.2567352e-02;2.9250000e+02;8.6072497e-03;2.9250000e+02;-3.8683306e-02;2.9250000e+02;-7.9957284e-02;2.9250000e+02;-1.2470070e-01;2.9250000e+02;-5.2178480e-02;2.9250000e+02;-8.8859852e-03;2.9250000e+02;5.6050383e-02;2.9250000e+02;1.3623235e-01;2.9250000e+02;2.2494417e-01;2.9250000e+02;2.7370423e-01;2.9250000e+02;2.9542366e-01;2.9250000e+02;3.1035253e-01;2.9250000e+02;2.6650357e-01;2.9250000e+02;2.3006803e-01;2.9250000e+02;1.9096476e-01;2.9250000e+02;1.4750308e-01;2.9250000e+02;9.8053500e-02;2.9250000e+02;5.2567352e-02;2.9250000e+02;8.6072497e-03;2.9250000e+02;-3.8683306e-02;2.9250000e+02;-7.9957284e-02;2.9250000e+02;-1.2470070e-01;2.9250000e+02;-5.2178480e-02;2.9250000e+02;-8.8859852e-03;2.9250000e+02;5.6050383e-02;2.9250000e+02;1.3623235e-01;2.9250000e+02;2.2494417e-01;2.9250000e+02;2.7370423e-01;2.9250000e+02;2.9542366e-01;2.9250000e+02;3.1035253e-01;2.9250000e+02;2.6650357e-01;2.9250000e+02;2.3006803e-01;2.9250000e+02;1.9096476e-01;2.9250000e+02;1.4750308e-01;2.9250000e+02;9.8053500e-02;2.9250000e+02;5.2567352e-02;2.9250000e+02;8.6072497e-03;2.9250000e+02;-3.8683306e-02;2.9250000e+02;-7.9957284e-02;2.9250000e+02;-1.2470070e-01;2.9250000e+02;-5.2178480e-02;2.9250000e+02;-8.8859852e-03;2.9250000e+02;5.6050383e-02;2.9250000e+02;1.3623235e-01;2.9250000e+02;2.2494417e-01;2.9250000e+02;2.7370423e-01;2.9250000e+02;2.9542366e-01;2.9250000e+02;3.1035253e-01;2.9250000e+02;2.6650357e-01;2.9250000e+02;2.3006803e-01;2.9250000e+02;1.9096476e-01;2.9250000e+02;1.4750308e-01;2.9250000e+02;9.8053500e-02;2.9250000e+02;5.2567352e-02;2.9250000e+02;8.6072497e-03;2.9250000e+02;-3.8683306e-02;2.9250000e+02;-7.9957284e-02;2.9250000e+02;-1.2470070e-01;2.9250000e+02;-5.2178480e-02;2.9250000e+02;-8.8859852e-03;2.9250000e+02;5.6050383e-02;2.9250000e+02;1.3623235e-01;2.9250000e+02;2.2494417e-01;2.9250000e+02;2.7370423e-01;2.9250000e+02;2.9542366e-01;2.9250000e+02;3.1035253e-01;2.9250000e+02;2.6650357e-01;2.9250000e+02;2.3006803e-01;2.9250000e+02;1.9096476e-01;2.9250000e+02;1.4750308e-01;2.9250000e+02;9.8053500e-02;2.9250000e+02;5.2567352e-02;2.9250000e+02;8.6072497e-03;2.9250000e+02;-3.8683306e-02;2.9250000e+02;-7.9957284e-02;2.9250000e+02;-1.2470070e-01;2.9250000e+02;-5.2178480e-02;2.9250000e+02;-8.8859852e-03;2.9250000e+02;5.6050383e-02;2.9250000e+02;1.3623235e-01;2.9250000e+02;2.2494417e-01;2.9250000e+02;2.7370423e-01;2.9250000e+02;2.9542366e-01;2.9250000e+02;3.1035253e-01;2.9250000e+02;2.6650357e-01;2.9250000e+02;2.3006803e-01;2.9250000e+02;1.9096476e-01;2.9250000e+02;1.4750308e-01;2.9250000e+02;9.8053500e-02;2.9250000e+02;5.2567352e-02;2.9250000e+02;8.6072497e-03;2.9250000e+02;-3.8683306e-02;2.9250000e+02;-7.9957284e-02;2.9250000e+02;-1.2470070e-01;2.9250000e+02;-5.2178480e-02;2.9250000e+02;-8.8859852e-03;2.9250000e+02;5.6050383e-02;2.9250000e+02;1.3623235e-01;2.9250000e+02;2.2494417e-01;2.9250000e+02;2.7370423e-01;2.9250000e+02;2.9542366e-01;2.9250000e+02;3.1035253e-01;2.9250000e+02;2.6650357e-01;2.9250000e+02;2.3006803e-01;2.9250000e+02;1.9096476e-01;2.9250000e+02;1.4750308e-01;2.9250000e+02;9.8053500e-02;2.9250000e+02;5.2567352e-02;2.9250000e+02;8.6072497e-03;2.9250000e+02;-3.8683306e-02;2.9250000e+02;-7.9957284e-02;2.9250000e+02;-1.2470070e-01;2.9250000e+02;-5.2178480e-02;2.9250000e+02;-8.8859852e-03;2.9250000e+02;5.6050383e-02;2.9250000e+02;1.3623235e-01;2.9250000e+02;2.2494417e-01;2.9250000e+02;2.7370423e-01;2.9250000e+02;2.9542366e-01;2.9250000e+02;3.1035253e-01;2.9250000e+02;2.6650357e-01;2.9250000e+02;2.3006803e-01;2.9250000e+02;1.9096476e-01;2.9250000e+02;1.4750308e-01;2.9250000e+02;9.8053500e-02;2.9250000e+02;5.2567352e-02;2.9250000e+02;8.6072497e-03;2.9250000e+02;-3.8683306e-02;2.9250000e+02;-7.9957284e-02;2.9250000e+02;-1.2470070e-01;2.9250000e+02;-5.2178480e-02;2.9250000e+02;-8.8859852e-03;2.9250000e+02;5.6050383e-02;2.9250000e+02;1.3623235e-01;2.9250000e+02;2.2494417e-01;2.9250000e+02;2.7370423e-01;2.9250000e+02;2.9542366e-01;2.9250000e+02;3.1035253e-01;2.9250000e+02;2.6650357e-01;2.9250000e+02;2.3006803e-01;2.9250000e+02;1.9096476e-01;2.9250000e+02;1.4750308e-01;2.9250000e+02;9.8053500e-02;2.9250000e+02;5.2567352e-02;2.9250000e+02;8.6072497e-03;2.9250000e+02;-3.8683306e-02;2.9250000e+02;-7.9957284e-02;2.9250000e+02;-1.2470070e-01;2.9250000e+02;-5.2178480e-02;2.9250000e+02;-8.8859852e-03;2.9250000e+02;5.6050383e-02;2.9250000e+02;1.3623235e-01;2.9250000e+02;2.2494417e-01;2.9250000e+02;2.7370423e-01;2.9250000e+02;2.9542366e-01;2.9250000e+02;3.1035253e-01;2.9250000e+02;2.6650357e-01;2.9250000e+02;2.3006803e-01;2.9250000e+02;1.9096476e-01;2.9250000e+02;1.4750308e-01;2.9250000e+02;9.8053500e-02;2.9250000e+02;5.2567352e-02;2.9250000e+02;8.6072497e-03;2.9250000e+02;-3.8683306e-02;2.9250000e+02;-7.9957284e-02;2.9250000e+02;-1.2470070e-01;2.9250000e+02;-5.2178480e-02;2.9250000e+02;-8.8859852e-03;2.9250000e+02;5.6050383e-02;2.9250000e+02;1.3623235e-01;2.9250000e+02;2.2494417e-01;2.9250000e+02;2.7370423e-01;2.9250000e+02;2.9542366e-01;2.9250000e+02;3.1035253e-01;2.9250000e+02;2.6650357e-01;2.9250000e+02;2.3006803e-01;2.9250000e+02;1.9096476e-01;2.9250000e+02;1.4750308e-01;2.9250000e+02;9.8053500e-02;2.9250000e+02;5.2567352e-02;2.9250000e+02;8.6072497e-03;2.9250000e+02;-3.8683306e-02;2.9250000e+02;-7.9957284e-02;2.9250000e+02;-1.2470070e-01;2.9250000e+02;-5.2178480e-02;2.9250000e+02;-8.8859852e-03;2.9250000e+02;5.6050383e-02;2.9250000e+02;1.3623235e-01;2.9250000e+02;2.2494417e-01;2.9250000e+02;2.7370423e-01;2.9250000e+02;2.9542366e-01;2.9250000e+02;3.1035253e-01;2.9250000e+02;2.6650357e-01;2.9250000e+02;2.3006803e-01;2.9250000e+02;1.9096476e-01;2.9250000e+02;1.4750308e-01;2.9250000e+02;9.8053500e-02;2.9250000e+02;5.2567352e-02;2.9250000e+02;8.6072497e-03;2.9250000e+02;-3.8683306e-02;2.9250000e+02;-7.9957284e-02;2.9250000e+02;-1.2470070e-01;2.9250000e+02;-5.2178480e-02;2.9250000e+02;-8.8859852e-03;2.9250000e+02;5.6050383e-02;2.9250000e+02;1.3623235e-01;2.9250000e+02;2.2494417e-01;2.9250000e+02;2.7370423e-01;2.9250000e+02;2.9542366e-01;2.9250000e+02;3.1035253e-01;2.9250000e+02;2.6650357e-01;2.9250000e+02;2.3006803e-01;2.9250000e+02;1.9096476e-01;2.9250000e+02;1.4750308e-01;2.9250000e+02;9.8053500e-02;2.9250000e+02;5.2567352e-02;2.9250000e+02;8.6072497e-03;2.9250000e+02;-3.8683306e-02;2.9250000e+02;-7.9957284e-02;2.9250000e+02;-1.2470070e-01;2.9250000e+02;-5.2178480e-02;2.9250000e+02;-8.8859852e-03;2.9250000e+02;5.6050383e-02;2.9250000e+02;1.3623235e-01;2.9250000e+02;2.2494417e-01;2.9250000e+02;2.7370423e-01;2.9250000e+02;2.9542366e-01;2.9250000e+02;3.1035253e-01;2.9250000e+02;2.6650357e-01;2.9250000e+02;2.3006803e-01;2.9250000e+02;1.9096476e-01;2.9250000e+02;1.4750308e-01;2.9250000e+02;9.8053500e-02;2.9250000e+02;5.2567352e-02;2.9250000e+02;8.6072497e-03;2.9250000e+02;-3.8683306e-02;2.9250000e+02;-7.9957284e-02;2.9250000e+02;-1.2470070e-01;2.9250000e+02;-5.2178480e-02;2.9250000e+02;-8.8859852e-03;2.9250000e+02;5.6050383e-02;2.9250000e+02;1.3623235e-01;2.9250000e+02;2.2494417e-01;2.9250000e+02;2.7370423e-01;2.9250000e+02;2.9542366e-01;2.9250000e+02;3.1035253e-01;2.9250000e+02;2.6650357e-01;2.9250000e+02;2.3006803e-01;2.9250000e+02;1.9096476e-01;2.9250000e+02;1.4750308e-01;2.9250000e+02;9.8053500e-02;2.9250000e+02;5.2567352e-02;2.9250000e+02;8.6072497e-03;2.9250000e+02;-3.8683306e-02;2.9250000e+02;-7.9957284e-02;2.9250000e+02;-1.2470070e-01;2.9250000e+02;-5.2178480e-02;2.9250000e+02;-8.8859852e-03;2.9250000e+02;5.6050383e-02;2.9250000e+02;1.3623235e-01;2.9250000e+02;2.2494417e-01;2.9250000e+02;2.7370423e-01;2.9250000e+02;2.9542366e-01;2.9250000e+02;3.1035253e-01;2.9250000e+02;2.6650357e-01;2.9250000e+02;2.3006803e-01;2.9250000e+02;1.9096476e-01;2.9250000e+02;1.4750308e-01;2.9250000e+02;9.8053500e-02;2.9250000e+02;5.2567352e-02;2.9250000e+02;8.6072497e-03;2.9250000e+02;-3.8683306e-02;2.9250000e+02;-7.9957284e-02;2.9250000e+02;-1.2470070e-01;2.9250000e+02;-5.2178480e-02;2.9250000e+02;-8.8859852e-03;2.9250000e+02;5.6050383e-02;2.9250000e+02;1.3623235e-01;2.9250000e+02;2.2494417e-01;2.9250000e+02;2.7370423e-01;2.9250000e+02;2.9542366e-01;2.9250000e+02;3.1035253e-01;2.9250000e+02;2.6650357e-01;2.9250000e+02;2.3006803e-01;2.9250000e+02;1.9096476e-01;2.9250000e+02;1.4750308e-01;2.9250000e+02;9.8053500e-02;2.9250000e+02;5.2567352e-02;2.9250000e+02;8.6072497e-03;2.9250000e+02;-3.8683306e-02;2.9250000e+02;-7.9957284e-02;2.9250000e+02;-1.2470070e-01;2.9250000e+02;-5.2178480e-02;2.9250000e+02;-8.8859852e-03;2.9250000e+02;5.6050383e-02;2.9250000e+02;1.3623235e-01;2.9250000e+02;2.2494417e-01;2.9250000e+02;2.7370423e-01;2.9250000e+02;2.9542366e-01;2.9250000e+02;3.1035253e-01;2.9250000e+02;2.6650357e-01;2.9250000e+02;2.3006803e-01;2.9250000e+02;1.9096476e-01;2.9250000e+02;1.4750308e-01;2.9250000e+02;9.8053500e-02;2.9250000e+02;5.2567352e-02;2.9250000e+02;8.6072497e-03;2.9250000e+02;-3.8683306e-02;2.9250000e+02;-7.9957284e-02;2.9250000e+02;-1.2470070e-01;2.9250000e+02;-5.2178480e-02;2.9250000e+02;-8.8859852e-03;2.9250000e+02;5.6050383e-02;2.9250000e+02;1.3623235e-01;2.9250000e+02;2.2494417e-01;2.9250000e+02;2.7370423e-01;2.9250000e+02;2.9542366e-01;2.9250000e+02;3.1035253e-01;2.9250000e+02;2.6650357e-01;2.9250000e+02;2.3006803e-01;2.9250000e+02;1.9096476e-01;2.9250000e+02;1.4750308e-01;2.9250000e+02;9.8053500e-02;2.9250000e+02;5.2567352e-02;2.9250000e+02;8.6072497e-03;2.9250000e+02;-3.8683306e-02;2.9250000e+02;-7.9957284e-02;2.9250000e+02;-1.2470070e-01;2.9250000e+02;-5.2178480e-02;2.9250000e+02;-8.8859852e-03;2.9250000e+02;5.6050383e-02;2.9250000e+02;1.3623235e-01;2.9250000e+02;2.2494417e-01;2.9250000e+02;2.7370423e-01;2.9250000e+02;2.9542366e-01;2.9250000e+02;3.1035253e-01;2.9250000e+02;2.6650357e-01;2.9250000e+02;2.3006803e-01;2.9250000e+02;1.9096476e-01;2.9250000e+02;1.4750308e-01;2.9250000e+02;9.8053500e-02;2.9250000e+02;5.2567352e-02;2.9250000e+02;8.6072497e-03;2.9250000e+02;-3.8683306e-02;2.9250000e+02;-7.9957284e-02;2.9250000e+02;-1.2470070e-01;2.9250000e+02;-5.2178480e-02;2.9250000e+02;-8.8859852e-03;2.9250000e+02;5.6050383e-02;2.9250000e+02;1.3623235e-01;2.9250000e+02;2.2494417e-01;2.9250000e+02;2.7370423e-01;2.9250000e+02;2.9542366e-01;2.9250000e+02;3.1035253e-01;2.9250000e+02;2.6650357e-01;2.9250000e+02;2.3006803e-01;2.9250000e+02;1.9096476e-01;2.9250000e+02;1.4750308e-01;2.9250000e+02;9.8053500e-02;2.9250000e+02;5.2567352e-02;2.9250000e+02;8.6072497e-03;2.9250000e+02;-3.8683306e-02;2.9250000e+02;-7.9957284e-02;2.9250000e+02;-1.2470070e-01;2.9250000e+02;-5.2178480e-02;2.9250000e+02;-8.8859852e-03;2.9250000e+02;5.6050383e-02;2.9250000e+02;1.3623235e-01;2.9250000e+02;2.2494417e-01;2.9250000e+02;2.7370423e-01;2.9250000e+02;2.9542366e-01;2.9250000e+02;3.1035253e-01;2.9250000e+02;2.6650357e-01;2.9250000e+02;2.3006803e-01;2.9250000e+02;1.9096476e-01;2.9250000e+02;1.4750308e-01;2.9250000e+02;9.8053500e-02;2.9250000e+02;5.2567352e-02;2.9250000e+02;8.6072497e-03;2.9250000e+02;-3.8683306e-02;2.9250000e+02;-7.9957284e-02;2.9250000e+02;-1.2470070e-01;2.9250000e+02;-5.2178480e-02;2.9250000e+02;-8.8859852e-03;2.9250000e+02;5.6050383e-02;2.9250000e+02;1.3623235e-01;2.9250000e+02;2.2494417e-01;2.9250000e+02;2.7370423e-01;2.9250000e+02;2.9542366e-01;2.9250000e+02;3.1035253e-01;2.9250000e+02;2.6650357e-01;2.9250000e+02;2.3006803e-01;2.9250000e+02;1.9096476e-01;2.9250000e+02;1.4750308e-01;2.9250000e+02;9.8053500e-02;2.9250000e+02;5.2567352e-02;2.9250000e+02;8.6072497e-03;2.9250000e+02;-3.8683306e-02;2.9250000e+02;-7.9957284e-02;2.9250000e+02;-1.2470070e-01;2.9250000e+02;-5.2178480e-02;2.9250000e+02;-8.8859852e-03;2.9250000e+02;5.6050383e-02;2.9250000e+02;1.3623235e-01;2.9250000e+02;2.2494417e-01;2.9250000e+02;2.7370423e-01;2.9250000e+02;2.9542366e-01;2.9250000e+02;3.1035253e-01;2.9250000e+02;2.6650357e-01;2.9250000e+02;2.3006803e-01;2.9250000e+02;1.9096476e-01;2.9250000e+02;1.4750308e-01;2.9250000e+02;9.8053500e-02;2.9250000e+02;5.2567352e-02;2.9250000e+02;8.6072497e-03;2.9250000e+02;-3.8683306e-02;2.9250000e+02;-7.9957284e-02;2.9250000e+02;-1.2470070e-01;2.9250000e+02;-5.2178480e-02;2.9250000e+02;-8.8859852e-03;2.9250000e+02;5.6050383e-02;2.9250000e+02;1.3623235e-01;2.9250000e+02;2.2494417e-01;2.9250000e+02;2.7370423e-01;2.9250000e+02;2.9542366e-01;2.9250000e+02;3.1035253e-01;2.9250000e+02;2.6650357e-01;2.9250000e+02;2.3006803e-01;2.9250000e+02;1.9096476e-01;2.9250000e+02;1.4750308e-01;2.9250000e+02;9.8053500e-02;2.9250000e+02;5.2567352e-02;2.9250000e+02;8.6072497e-03;2.9250000e+02;-3.8683306e-02;2.9250000e+02;-7.9957284e-02;2.9250000e+02;-1.2470070e-01;2.9250000e+02;-5.2178480e-02;2.9250000e+02;-8.8859852e-03;2.9250000e+02;5.6050383e-02;2.9250000e+02;1.3623235e-01;2.9250000e+02;2.2494417e-01;2.9250000e+02;2.7370423e-01;2.9250000e+02;2.9542366e-01;2.9250000e+02;3.1035253e-01;2.9250000e+02;2.6650357e-01;2.9250000e+02;2.3006803e-01;2.9250000e+02;1.9096476e-01;2.9250000e+02;1.4750308e-01;2.9250000e+02;9.8053500e-02;2.9250000e+02;5.2567352e-02;2.9250000e+02;8.6072497e-03;2.9250000e+02;-3.8683306e-02;2.9250000e+02;-7.9957284e-02;2.9250000e+02;-1.2470070e-01;2.9250000e+02;-5.2178480e-02;2.9250000e+02;-8.8859852e-03;2.9250000e+02;5.6050383e-02;2.9250000e+02;1.3623235e-01;2.9250000e+02;2.2494417e-01;2.9250000e+02;2.7370423e-01;2.9250000e+02;2.9542366e-01;2.9250000e+02;3.1035253e-01;2.9250000e+02;2.6650357e-01;2.9250000e+02;2.3006803e-01;2.9250000e+02;1.9096476e-01;2.9250000e+02;1.4750308e-01;2.9250000e+02;9.8053500e-02;2.9250000e+02;5.2567352e-02;2.9250000e+02;8.6072497e-03;2.9250000e+02;-3.8683306e-02;2.9250000e+02;-7.9957284e-02;2.9250000e+02;-1.2470070e-01;2.9250000e+02;-5.2178480e-02;2.9250000e+02;-8.8859852e-03;2.9250000e+02;5.6050383e-02;2.9250000e+02;1.3623235e-01;2.9250000e+02;2.2494417e-01;2.9250000e+02;2.7370423e-01;2.9250000e+02;2.9542366e-01;2.9250000e+02;3.1035253e-01;2.9250000e+02;2.6650357e-01;2.9250000e+02;2.3006803e-01;2.9250000e+02;1.9096476e-01;2.9250000e+02;1.4750308e-01;2.9250000e+02;9.8053500e-02;2.9250000e+02;5.2567352e-02;2.9250000e+02;8.6072497e-03;2.9250000e+02;-3.8683306e-02;2.9250000e+02;-7.9957284e-02;2.9250000e+02;-1.2470070e-01;2.9250000e+02;-5.2178480e-02;2.9250000e+02;-8.8859852e-03;2.9250000e+02;5.6050383e-02;2.9250000e+02;1.3623235e-01;2.9250000e+02;2.2494417e-01;2.9250000e+02;2.7370423e-01;2.9250000e+02;2.9542366e-01;2.9250000e+02;3.1035253e-01;2.9250000e+02;2.6650357e-01;2.9250000e+02;2.3006803e-01;2.9250000e+02;1.9096476e-01;2.9250000e+02;1.4750308e-01;2.9250000e+02;9.8053500e-02;2.9250000e+02;5.2567352e-02;2.9250000e+02;8.6072497e-03;2.9250000e+02;-3.8683306e-02;2.9250000e+02;-7.9957284e-02;2.9250000e+02;-1.2470070e-01;2.9250000e+02;-5.2178480e-02;2.9250000e+02;-8.8859852e-03;2.9250000e+02;5.6050383e-02;2.9250000e+02;1.3623235e-01;2.9250000e+02;2.2494417e-01;2.9250000e+02;2.7370423e-01;2.9250000e+02;2.9542366e-01;2.9250000e+02;3.1035253e-01;2.9250000e+02;2.6650357e-01;2.9250000e+02;2.3006803e-01;2.9250000e+02;1.9096476e-01;2.9250000e+02;1.4750308e-01;2.9250000e+02;9.8053500e-02;2.9250000e+02;5.2567352e-02;2.9250000e+02;8.6072497e-03;2.9250000e+02;-3.8683306e-02;2.9250000e+02;-7.9957284e-02;2.9250000e+02;-1.2470070e-01;2.9250000e+02;-5.2178480e-02;2.9250000e+02;-8.8859852e-03;2.9250000e+02;5.6050383e-02;2.9250000e+02;1.3623235e-01;2.9250000e+02;2.2494417e-01;2.9250000e+02;2.7370423e-01;2.9250000e+02;2.9542366e-01;2.9250000e+02;3.1035253e-01;2.9250000e+02;2.6650357e-01;2.9250000e+02;2.3006803e-01;2.9250000e+02;1.9096476e-01;2.9250000e+02;1.4750308e-01;2.9250000e+02;9.8053500e-02;2.9250000e+02;5.2567352e-02;2.9250000e+02;8.6072497e-03;2.9250000e+02;-3.8683306e-02;2.9250000e+02;-7.9957284e-02;2.9250000e+02;-1.2470070e-01;2.9250000e+02;-5.2178480e-02;2.9250000e+02;-8.8859852e-03;2.9250000e+02;5.6050383e-02;2.9250000e+02;1.3623235e-01;2.9250000e+02;2.2494417e-01;2.9250000e+02;2.7370423e-01;2.9250000e+02;2.9542366e-01;2.9250000e+02;3.1035253e-01;2.9250000e+02;2.6650357e-01;2.9250000e+02;2.3006803e-01;2.9250000e+02;1.9096476e-01;2.9250000e+02;1.4750308e-01;2.9250000e+02;9.8053500e-02;2.9250000e+02;5.2567352e-02;2.9250000e+02;8.6072497e-03;2.9250000e+02;-3.8683306e-02;2.9250000e+02;-7.9957284e-02;2.9250000e+02;-1.2470070e-01;2.9250000e+02;-5.2178480e-02;2.9250000e+02;-8.8859852e-03;2.9250000e+02;5.6050383e-02;2.9250000e+02;1.3623235e-01;2.9250000e+02;2.2494417e-01;2.9250000e+02;2.7370423e-01;2.9250000e+02;2.9542366e-01;2.9250000e+02;3.1035253e-01;2.9250000e+02;2.6650357e-01;2.9250000e+02;2.3006803e-01;2.9250000e+02;1.9096476e-01;2.9250000e+02;1.4750308e-01;2.9250000e+02;9.8053500e-02;2.9250000e+02;5.2567352e-02;2.9250000e+02;8.6072497e-03;2.9250000e+02;-3.8683306e-02;2.9250000e+02;-7.9957284e-02;2.9250000e+02;-1.2470070e-01;2.9250000e+02;-5.2178480e-02;2.9250000e+02;-8.8859852e-03;2.9250000e+02;5.6050383e-02;2.9250000e+02;1.3623235e-01;2.9250000e+02;2.2494417e-01;2.9250000e+02;2.7370423e-01;2.9250000e+02;2.9542366e-01;2.9250000e+02;3.1035253e-01;2.9250000e+02;2.6650357e-01;2.9250000e+02;2.3006803e-01;2.9250000e+02;1.9096476e-01;2.9250000e+02;1.4750308e-01;2.9250000e+02;9.8053500e-02;2.9250000e+02;5.2567352e-02;2.9250000e+02;8.6072497e-03;2.9250000e+02;-3.8683306e-02;2.9250000e+02;-7.9957284e-02;2.9250000e+02;-1.2470070e-01;2.9250000e+02;-5.2178480e-02;2.9250000e+02;-8.8859852e-03;2.9250000e+02;5.6050383e-02;2.9250000e+02;1.3623235e-01;2.9250000e+02;2.2494417e-01;2.9250000e+02;2.7370423e-01;2.9250000e+02;2.9542366e-01;2.9250000e+02;3.1035253e-01;2.9250000e+02;2.6650357e-01;2.9250000e+02;2.3006803e-01;2.9250000e+02;1.9096476e-01;2.9250000e+02;1.4750308e-01;2.9250000e+02;9.8053500e-02;2.9250000e+02;5.2567352e-02;2.9250000e+02;8.6072497e-03;2.9250000e+02;-3.8683306e-02;2.9250000e+02;-7.9957284e-02;2.9250000e+02;-1.2470070e-01;2.9250000e+02;-5.2178480e-02;2.9250000e+02;-8.8859852e-03;2.9250000e+02;5.6050383e-02;2.9250000e+02;1.3623235e-01;2.9250000e+02;2.2494417e-01;2.9250000e+02;2.7370423e-01;2.9250000e+02;2.9542366e-01;2.9250000e+02;3.1035253e-01;2.9250000e+02;2.6650357e-01;2.9250000e+02;2.3006803e-01;2.9250000e+02;1.9096476e-01;2.9250000e+02;1.4750308e-01;2.9250000e+02;9.8053500e-02;2.9250000e+02;5.2567352e-02;2.9250000e+02;8.6072497e-03;2.9250000e+02;-3.8683306e-02;2.9250000e+02;-7.9957284e-02;2.9250000e+02;-1.2470070e-01;2.9250000e+02;-5.2178480e-02;2.9250000e+02;-8.8859852e-03;2.9250000e+02;5.6050383e-02;2.9250000e+02;1.3623235e-01;2.9250000e+02;2.2494417e-01;2.9250000e+02;2.7370423e-01;2.9250000e+02;2.9542366e-01;2.9250000e+02;3.1035253e-01;2.9250000e+02;2.6650357e-01;2.9250000e+02;2.3006803e-01;2.9250000e+02;1.9096476e-01;2.9250000e+02;1.4750308e-01;2.9250000e+02;9.8053500e-02;2.9250000e+02;5.2567352e-02;2.9250000e+02;8.6072497e-03;2.9250000e+02;-3.8683306e-02;2.9250000e+02;-7.9957284e-02;2.9250000e+02;-1.2470070e-01;2.9250000e+02;-5.2178480e-02;2.9250000e+02;-8.8859852e-03;2.9250000e+02;5.6050383e-02;2.9250000e+02;1.3623235e-01;2.9250000e+02;2.2494417e-01;2.9250000e+02;2.7370423e-01;2.9250000e+02;2.9542366e-01;2.9250000e+02;3.1035253e-01;2.9250000e+02;2.6650357e-01;2.9250000e+02;2.3006803e-01;2.9250000e+02;1.9096476e-01;2.9250000e+02;1.4750308e-01;2.9250000e+02;9.8053500e-02;2.9250000e+02;5.2567352e-02;2.9250000e+02;8.6072497e-03;2.9250000e+02;-3.8683306e-02;2.9250000e+02;-7.9957284e-02;2.9250000e+02;-1.2470070e-01;2.9250000e+02;-5.2178480e-02;2.9250000e+02;-8.8859852e-03;2.9250000e+02;5.6050383e-02;2.9250000e+02;1.3623235e-01;2.9250000e+02;2.2494417e-01;2.9250000e+02;2.7370423e-01;2.9250000e+02;2.9542366e-01;2.9250000e+02;3.1035253e-01;2.9250000e+02;2.6650357e-01;2.9250000e+02;2.3006803e-01;2.9250000e+02;1.9096476e-01;2.9250000e+02;1.4750308e-01;2.9250000e+02;9.8053500e-02;2.9250000e+02;5.2567352e-02;2.9250000e+02;8.6072497e-03;2.9250000e+02;-3.8683306e-02;2.9250000e+02;-7.9957284e-02;2.9250000e+02;-1.2470070e-01;2.9250000e+02;-5.2178480e-02;2.9250000e+02;-8.8859852e-03;2.9250000e+02;5.6050383e-02;2.9250000e+02;1.3623235e-01;2.9250000e+02;2.2494417e-01;2.9250000e+02;2.7370423e-01;2.9250000e+02;2.9542366e-01;2.9250000e+02;3.1035253e-01;2.9250000e+02;2.6650357e-01;2.9250000e+02;2.3006803e-01;2.9250000e+02;1.9096476e-01;2.9250000e+02;1.4750308e-01;2.9250000e+02;9.8053500e-02;2.9250000e+02;5.2567352e-02;2.9250000e+02;8.6072497e-03;2.9250000e+02;-3.8683306e-02;2.9250000e+02;-7.9957284e-02;2.9250000e+02;-1.2470070e-01;2.9250000e+02;-5.2178480e-02;2.9250000e+02;-8.8859852e-03;2.9250000e+02;5.6050383e-02;2.9250000e+02;1.3623235e-01;2.9250000e+02;2.2494417e-01;2.9250000e+02;2.7370423e-01;2.9250000e+02;2.9542366e-01;2.9250000e+02;3.1035253e-01;2.9250000e+02;2.6650357e-01;2.9250000e+02;2.3006803e-01;2.9250000e+02;1.9096476e-01;2.9250000e+02;1.4750308e-01;2.9250000e+02;9.8053500e-02;2.9250000e+02;5.2567352e-02;2.9250000e+02;8.6072497e-03;2.9250000e+02;-3.8683306e-02;2.9250000e+02;-7.9957284e-02;2.9250000e+02;-1.2470070e-01;2.9250000e+02;-5.2178480e-02;2.9250000e+02;-8.8859852e-03;2.9250000e+02;5.6050383e-02;2.9250000e+02;1.3623235e-01;2.9250000e+02;2.2494417e-01;2.9250000e+02;2.7370423e-01;2.9250000e+02;2.9542366e-01;2.9250000e+02;3.1035253e-01;2.9250000e+02;2.6650357e-01;2.9250000e+02;2.3006803e-01;2.9250000e+02;1.9096476e-01;2.9250000e+02;1.4750308e-01;2.9250000e+02;9.8053500e-02;2.9250000e+02;5.2567352e-02;2.9250000e+02;8.6072497e-03;2.9250000e+02;-3.8683306e-02;2.9250000e+02;-7.9957284e-02;2.9250000e+02;-1.2470070e-01;2.9250000e+02;-5.2178480e-02;2.9250000e+02;-8.8859852e-03;2.9250000e+02;5.6050383e-02;2.9250000e+02;1.3623235e-01;2.9250000e+02;2.2494417e-01;2.9250000e+02;2.7370423e-01;2.9250000e+02;2.9542366e-01;2.9250000e+02;3.1035253e-01;2.9250000e+02;2.6650357e-01;2.9250000e+02;2.3006803e-01;2.9250000e+02;1.9096476e-01;2.9250000e+02;1.4750308e-01;2.9250000e+02;9.8053500e-02;2.9250000e+02;5.2567352e-02;2.9250000e+02;8.6072497e-03;2.9250000e+02;-3.8683306e-02;2.9250000e+02;-7.9957284e-02;2.9250000e+02;-1.2470070e-01;2.9250000e+02;-5.2178480e-02;2.9250000e+02;-8.8859852e-03;2.9250000e+02;5.6050383e-02;2.9250000e+02;1.3623235e-01;2.9250000e+02;2.2494417e-01;2.9250000e+02;2.7370423e-01;2.9250000e+02;2.9542366e-01;2.9250000e+02;3.1035253e-01;2.9250000e+02;2.6650357e-01;2.9250000e+02;2.3006803e-01;2.9250000e+02;1.9096476e-01;2.9250000e+02;1.4750308e-01;2.9250000e+02;9.8053500e-02;2.9250000e+02;5.2567352e-02;2.9250000e+02;8.6072497e-03;2.9250000e+02;-3.8683306e-02;2.9250000e+02;-7.9957284e-02;2.9250000e+02;-1.2470070e-01;2.9250000e+02;-5.2178480e-02;2.9250000e+02;-8.8859852e-03;2.9250000e+02;5.6050383e-02;2.9250000e+02;1.3623235e-01;2.9250000e+02;2.2494417e-01;2.9250000e+02;2.7370423e-01;2.9250000e+02;2.9542366e-01;2.9250000e+02;3.1035253e-01;2.9250000e+02;2.6650357e-01;2.9250000e+02;2.3006803e-01;2.9250000e+02;1.9096476e-01;2.9250000e+02;1.4750308e-01;2.9250000e+02;9.8053500e-02;2.9250000e+02;5.2567352e-02;2.9250000e+02;8.6072497e-03;2.9250000e+02;-3.8683306e-02;2.9250000e+02;-7.9957284e-02;2.9250000e+02;-1.2470070e-01;2.9250000e+02;-5.2178480e-02;2.9250000e+02;-8.8859852e-03;2.9250000e+02;5.6050383e-02;2.9250000e+02;1.3623235e-01;2.9250000e+02;2.2494417e-01;2.9250000e+02;2.7370423e-01;2.9250000e+02;2.9542366e-01;2.9250000e+02;3.1035253e-01;2.9250000e+02;2.6650357e-01;2.9250000e+02;2.3006803e-01;2.9250000e+02;1.9096476e-01;2.9250000e+02;1.4750308e-01;2.9250000e+02;9.8053500e-02;2.9250000e+02;5.2567352e-02;2.9250000e+02;8.6072497e-03;2.9250000e+02;-3.8683306e-02;2.9250000e+02;-7.9957284e-02;2.9250000e+02;-1.2470070e-01;2.9250000e+02;-5.2178480e-02;2.9250000e+02;-8.8859852e-03;2.9250000e+02;5.6050383e-02;2.9250000e+02;1.3623235e-01;2.9250000e+02;2.2494417e-01;2.9250000e+02;2.7370423e-01;2.9250000e+02;2.9542366e-01;2.9250000e+02;3.1035253e-01;2.9250000e+02;2.6650357e-01;2.9250000e+02;2.3006803e-01;2.9250000e+02;1.9096476e-01;2.9250000e+02;1.4750308e-01;2.9250000e+02;9.8053500e-02;2.9250000e+02;5.2567352e-02;2.9250000e+02;8.6072497e-03;2.9250000e+02;-3.8683306e-02;2.9250000e+02;-7.9957284e-02;2.9250000e+02;-1.2470070e-01;2.9250000e+02;-5.2178480e-02;2.9250000e+02;-8.8859852e-03;2.9250000e+02;5.6050383e-02;2.9250000e+02;1.3623235e-01;2.9250000e+02;2.2494417e-01;2.9250000e+02;2.7370423e-01;2.9250000e+02;2.9542366e-01;2.9250000e+02;3.1035253e-01;2.9250000e+02;2.6650357e-01;2.9250000e+02;2.3006803e-01;2.9250000e+02;1.9096476e-01;2.9250000e+02;1.4750308e-01;2.9250000e+02;9.8053500e-02;2.9250000e+02;5.2567352e-02;2.9250000e+02;8.6072497e-03;2.9250000e+02;-3.8683306e-02;2.9250000e+02;-7.9957284e-02;2.9250000e+02;-1.2470070e-01;2.9250000e+02;-5.2178480e-02;2.9250000e+02;-8.8859852e-03;2.9250000e+02;5.6050383e-02;2.9250000e+02;1.3623235e-01;2.9250000e+02;2.2494417e-01;2.9250000e+02;2.7370423e-01;2.9250000e+02;2.9542366e-01;2.9250000e+02;3.1035253e-01;2.9250000e+02;2.6650357e-01;2.9250000e+02;2.3006803e-01;2.9250000e+02;1.9096476e-01;2.9250000e+02;1.4750308e-01;2.9250000e+02;9.8053500e-02;2.9250000e+02;5.2567352e-02;2.9250000e+02;8.6072497e-03;2.9250000e+02;-3.8683306e-02;2.9250000e+02;-7.9957284e-02;2.9250000e+02;-1.2470070e-01;2.9250000e+02;-5.2178480e-02;2.9250000e+02;-8.8859852e-03;2.9250000e+02;5.6050383e-02;2.9250000e+02;1.3623235e-01;2.9250000e+02;2.2494417e-01;2.9250000e+02;2.7370423e-01;2.9250000e+02;2.9542366e-01;2.9250000e+02;3.1035253e-01;2.9250000e+02;2.6650357e-01;2.9250000e+02;2.3006803e-01;2.9250000e+02;1.9096476e-01;2.9250000e+02;1.4750308e-01;2.9250000e+02;9.8053500e-02;2.9250000e+02;5.2567352e-02;2.9250000e+02;8.6072497e-03;2.9250000e+02;-3.8683306e-02;2.9250000e+02;-7.9957284e-02;2.9250000e+02;-1.2470070e-01;2.9250000e+02;-5.2178480e-02;2.9250000e+02;-8.8859852e-03;2.9250000e+02;5.6050383e-02;2.9250000e+02;1.3623235e-01;2.9250000e+02;2.2494417e-01;2.9250000e+02;2.7370423e-01;2.9250000e+02;2.9542366e-01;2.9250000e+02;3.1035253e-01;2.9250000e+02;2.6650357e-01;2.9250000e+02;2.3006803e-01;2.9250000e+02;1.9096476e-01;2.9250000e+02;1.4750308e-01;2.9250000e+02;9.8053500e-02;2.9250000e+02;5.2567352e-02;2.9250000e+02;8.6072497e-03;2.9250000e+02;-3.8683306e-02;2.9250000e+02;-7.9957284e-02;2.9250000e+02;-1.2470070e-01;2.9250000e+02;-5.2178480e-02;2.9250000e+02;-8.8859852e-03;2.9250000e+02;5.6050383e-02;2.9250000e+02;1.3623235e-01;2.9250000e+02;2.2494417e-01;2.9250000e+02;2.7370423e-01;2.9250000e+02;2.9542366e-01;2.9250000e+02;3.1035253e-01;2.9250000e+02;2.6650357e-01;2.9250000e+02;2.3006803e-01;2.9250000e+02;1.9096476e-01;2.9250000e+02;1.4750308e-01;2.9250000e+02;9.8053500e-02;2.9250000e+02;5.2567352e-02;2.9250000e+02;8.6072497e-03;2.9250000e+02;-3.8683306e-02;2.9250000e+02;-7.9957284e-02;2.9250000e+02;-1.2470070e-01;2.9250000e+02;-5.2178480e-02;2.9250000e+02;-8.8859852e-03;2.9250000e+02;5.6050383e-02;2.9250000e+02;1.3623235e-01;2.9250000e+02;2.2494417e-01;2.9250000e+02;2.7370423e-01;2.9250000e+02;2.9542366e-01;2.9250000e+02;3.1035253e-01;2.9250000e+02;2.6650357e-01;2.9250000e+02;2.3006803e-01;2.9250000e+02;1.9096476e-01;2.9250000e+02;1.4750308e-01;2.9250000e+02;9.8053500e-02;2.9250000e+02;5.2567352e-02;2.9250000e+02;8.6072497e-03;2.9250000e+02;-3.8683306e-02;2.9250000e+02;-7.9957284e-02;2.9250000e+02;-1.2470070e-01;2.9250000e+02;-5.2178480e-02;2.9250000e+02;-8.8859852e-03;2.9250000e+02;5.6050383e-02;2.9250000e+02;1.3623235e-01;2.9250000e+02;2.2494417e-01;2.9250000e+02;2.7370423e-01;2.9250000e+02;2.9542366e-01;2.9250000e+02;3.1035253e-01;2.9250000e+02;2.6650357e-01;2.9250000e+02;2.3006803e-01;2.9250000e+02;1.9096476e-01;2.9250000e+02;1.4750308e-01;2.9250000e+02;9.8053500e-02;2.9250000e+02;5.2567352e-02;2.9250000e+02;8.6072497e-03;2.9250000e+02;-3.8683306e-02;2.9250000e+02;-7.9957284e-02;2.9250000e+02;-1.2470070e-01;2.9250000e+02;-5.2178480e-02;2.9250000e+02;-8.8859852e-03;2.9250000e+02;5.6050383e-02;2.9250000e+02;1.3623235e-01;2.9250000e+02;2.2494417e-01;2.9250000e+02;2.7370423e-01;2.9250000e+02;2.9542366e-01;2.9250000e+02;3.1035253e-01;2.9250000e+02;2.6650357e-01;2.9250000e+02;2.3006803e-01;2.9250000e+02;1.9096476e-01;2.9250000e+02;1.4750308e-01;2.9250000e+02;9.8053500e-02;2.9250000e+02;5.2567352e-02;2.9250000e+02;8.6072497e-03;2.9250000e+02;-3.8683306e-02;2.9250000e+02;-7.9957284e-02;2.9250000e+02;-1.2470070e-01;2.9250000e+02;-5.2178480e-02;2.9250000e+02;-8.8859852e-03;2.9250000e+02;5.6050383e-02;2.9250000e+02;1.3623235e-01;2.9250000e+02;2.2494417e-01;2.9250000e+02;2.7370423e-01;2.9250000e+02;2.9542366e-01;2.9250000e+02;3.1035253e-01;2.9250000e+02;2.6650357e-01;2.9250000e+02;2.3006803e-01;2.9250000e+02;1.9096476e-01;2.9250000e+02;1.4750308e-01;2.9250000e+02;9.8053500e-02;2.9250000e+02;5.2567352e-02;2.9250000e+02;8.6072497e-03;2.9250000e+02;-3.8683306e-02;2.9250000e+02;-7.9957284e-02;2.9250000e+02;-1.2470070e-01;2.9250000e+02;-5.2178480e-02;2.9250000e+02;-8.8859852e-03;2.9250000e+02;5.6050383e-02;2.9250000e+02;1.3623235e-01;2.9250000e+02;2.2494417e-01;2.9250000e+02;2.7370423e-01;2.9250000e+02;2.9542366e-01;2.9250000e+02;3.1035253e-01;2.9250000e+02;2.6650357e-01;2.9250000e+02;2.3006803e-01;2.9250000e+02;1.9096476e-01;2.9250000e+02;1.4750308e-01;2.9250000e+02;9.8053500e-02;2.9250000e+02;5.2567352e-02;2.9250000e+02;8.6072497e-03;2.9250000e+02;-3.8683306e-02;2.9250000e+02;-7.9957284e-02;2.9250000e+02;-1.2470070e-01;2.9250000e+02;-5.2178480e-02;2.9250000e+02;-8.8859852e-03;2.9250000e+02;5.6050383e-02;2.9250000e+02;1.3623235e-01;2.9250000e+02;2.2494417e-01;2.9250000e+02;2.7370423e-01;2.9250000e+02;2.9542366e-01;2.9250000e+02;3.1035253e-01;2.9250000e+02;2.6650357e-01;2.9250000e+02;2.3006803e-01;2.9250000e+02;1.9096476e-01;2.9250000e+02;1.4750308e-01;2.9250000e+02;9.8053500e-02;2.9250000e+02;5.2567352e-02;2.9250000e+02;8.6072497e-03;2.9250000e+02;-3.8683306e-02;2.9250000e+02;-7.9957284e-02;2.9250000e+02;-1.2470070e-01;2.9250000e+02;-5.2178480e-02;2.9250000e+02;-8.8859852e-03;2.9250000e+02;5.6050383e-02;2.9250000e+02;1.3623235e-01;2.9250000e+02;2.2494417e-01;2.9250000e+02;2.7370423e-01;2.9250000e+02;2.9542366e-01;2.9250000e+02;3.1035253e-01;2.9250000e+02;2.6650357e-01;2.9250000e+02;2.3006803e-01;2.9250000e+02;1.9096476e-01;2.9250000e+02;1.4750308e-01;2.9250000e+02;9.8053500e-02;2.9250000e+02;5.2567352e-02;2.9250000e+02;8.6072497e-03;2.9250000e+02;-3.8683306e-02;2.9250000e+02;-7.9957284e-02;2.9250000e+02;-1.2470070e-01;2.9250000e+02;-5.2178480e-02;2.9250000e+02;-8.8859852e-03;2.9250000e+02;5.6050383e-02;2.9250000e+02;1.3623235e-01;2.9250000e+02;2.2494417e-01;2.9250000e+02;2.7370423e-01;2.9250000e+02;2.9542366e-01;2.9250000e+02;3.1035253e-01;2.9250000e+02;2.6650357e-01;2.9250000e+02;2.3006803e-01;2.9250000e+02;1.9096476e-01;2.9250000e+02;1.4750308e-01;2.9250000e+02;9.8053500e-02;2.9250000e+02;5.2567352e-02;2.9250000e+02;8.6072497e-03;2.9250000e+02;-3.8683306e-02;2.9250000e+02;-7.9957284e-02;2.9250000e+02;-1.2470070e-01;2.9250000e+02;-5.2178480e-02;2.9250000e+02;-8.8859852e-03;2.9250000e+02;5.6050383e-02;2.9250000e+02;1.3623235e-01;2.9250000e+02;2.2494417e-01;2.9250000e+02;2.7370423e-01;2.9250000e+02;2.9542366e-01;2.9250000e+02;3.1035253e-01;2.9250000e+02;2.6650357e-01;2.9250000e+02;2.3006803e-01;2.9250000e+02;1.9096476e-01;2.9250000e+02;1.4750308e-01;2.9250000e+02;9.8053500e-02;2.9250000e+02;5.2567352e-02;2.9250000e+02;8.6072497e-03;2.9250000e+02;-3.8683306e-02;2.9250000e+02;-7.9957284e-02;2.9250000e+02;-1.2470070e-01;2.9250000e+02;-5.2178480e-02;2.9250000e+02;-8.8859852e-03;2.9250000e+02;5.6050383e-02;2.9250000e+02;1.3623235e-01;2.9250000e+02;2.2494417e-01;2.9250000e+02;2.7370423e-01;2.9250000e+02;2.9542366e-01;2.9250000e+02;3.1035253e-01;2.9250000e+02;2.6650357e-01;2.9250000e+02;2.3006803e-01;2.9250000e+02;1.9096476e-01;2.9250000e+02;1.4750308e-01;2.9250000e+02;9.8053500e-02;2.9250000e+02;5.2567352e-02;2.9250000e+02;8.6072497e-03;2.9250000e+02;-3.8683306e-02;2.9250000e+02;-7.9957284e-02;2.9250000e+02;-1.2470070e-01;2.9250000e+02;-5.2178480e-02;2.9250000e+02;-8.8859852e-03;2.9250000e+02;5.6050383e-02;2.9250000e+02;1.3623235e-01;2.9250000e+02;2.2494417e-01;2.9250000e+02;2.7370423e-01;2.9250000e+02;2.9542366e-01;2.9250000e+02;3.1035253e-01;2.9250000e+02;2.6650357e-01;2.9250000e+02;2.3006803e-01;2.9250000e+02;1.9096476e-01;2.9250000e+02;1.4750308e-01;2.9250000e+02;9.8053500e-02;2.9250000e+02;5.2567352e-02;2.9250000e+02;8.6072497e-03;2.9250000e+02;-3.8683306e-02;2.9250000e+02;-7.9957284e-02;2.9250000e+02;-1.2470070e-01;2.9250000e+02;-5.2178480e-02;2.9250000e+02;-8.8859852e-03;2.9250000e+02;5.6050383e-02;2.9250000e+02;1.3623235e-01;2.9250000e+02;2.2494417e-01;2.9250000e+02;2.7370423e-01;2.9250000e+02;2.9542366e-01;2.9250000e+02;3.1035253e-01;2.9250000e+02;2.6650357e-01;2.9250000e+02;2.3006803e-01;2.9250000e+02;1.9096476e-01;2.9250000e+02;1.4750308e-01;2.9250000e+02;9.8053500e-02;2.9250000e+02;5.2567352e-02;2.9250000e+02;8.6072497e-03;2.9250000e+02;-3.8683306e-02;2.9250000e+02;-7.9957284e-02;2.9250000e+02;-1.2470070e-01;2.9250000e+02;-5.2178480e-02;2.9250000e+02;-8.8859852e-03;2.9250000e+02;5.6050383e-02;2.9250000e+02;1.3623235e-01;2.9250000e+02;2.2494417e-01;2.9250000e+02;2.7370423e-01;2.9250000e+02;2.9542366e-01;2.9250000e+02;3.1035253e-01;2.9250000e+02;2.6650357e-01;2.9250000e+02;2.3006803e-01;2.9250000e+02;1.9096476e-01;2.9250000e+02;1.4750308e-01;2.9250000e+02;9.8053500e-02;2.9250000e+02;5.2567352e-02;2.9250000e+02;8.6072497e-03;2.9250000e+02;-3.8683306e-02;2.9250000e+02;-7.9957284e-02;2.9250000e+02;-1.2470070e-01;2.9250000e+02;-5.2178480e-02;2.9250000e+02;-8.8859852e-03;2.9250000e+02;5.6050383e-02;2.9250000e+02;1.3623235e-01;2.9250000e+02;2.2494417e-01;2.9250000e+02;2.7370423e-01;2.9250000e+02;2.9542366e-01;2.9250000e+02;3.1035253e-01;2.9250000e+02;2.6650357e-01;2.9250000e+02;2.3006803e-01;2.9250000e+02;1.9096476e-01;2.9250000e+02;1.4750308e-01;2.9250000e+02;9.8053500e-02;2.9250000e+02;5.2567352e-02;2.9250000e+02;8.6072497e-03;2.9250000e+02;-3.8683306e-02;2.9250000e+02;-7.9957284e-02;2.9250000e+02;-1.2470070e-01;2.9250000e+02;-5.2178480e-02;2.9250000e+02;-8.8859852e-03;2.9250000e+02;5.6050383e-02;2.9250000e+02;1.3623235e-01;2.9250000e+02;2.2494417e-01;2.9250000e+02;2.7370423e-01;2.9250000e+02;2.9542366e-01;2.9250000e+02;3.1035253e-01;2.9250000e+02;2.6650357e-01;2.9250000e+02;2.3006803e-01;2.9250000e+02;1.9096476e-01;2.9250000e+02;1.4750308e-01;2.9250000e+02;9.8053500e-02;2.9250000e+02;5.2567352e-02;2.9250000e+02;8.6072497e-03;2.9250000e+02;-3.8683306e-02;2.9250000e+02;-7.9957284e-02;2.9250000e+02;-1.2470070e-01;2.9250000e+02;-5.2178480e-02;2.9250000e+02;-8.8859852e-03;2.9250000e+02;5.6050383e-02;2.9250000e+02;1.3623235e-01;2.9250000e+02;2.2494417e-01;2.9250000e+02;2.7370423e-01;2.9250000e+02;2.9542366e-01;2.9250000e+02;3.1035253e-01;2.9250000e+02;2.6650357e-01;2.9250000e+02;2.3006803e-01;2.9250000e+02;1.9096476e-01;2.9250000e+02;1.4750308e-01;2.9250000e+02;9.8053500e-02;2.9250000e+02;5.2567352e-02;2.9250000e+02;8.6072497e-03;2.9250000e+02;-3.8683306e-02;2.9250000e+02;-7.9957284e-02;2.9250000e+02;-1.2470070e-01;2.9250000e+02;-5.2178480e-02;2.9250000e+02;-8.8859852e-03;2.9250000e+02;5.6050383e-02;2.9250000e+02;1.3623235e-01;2.9250000e+02;2.2494417e-01;2.9250000e+02;2.7370423e-01;2.9250000e+02;2.9542366e-01;2.9250000e+02;3.1035253e-01;2.9250000e+02;2.6650357e-01;2.9250000e+02;2.3006803e-01;2.9250000e+02;1.9096476e-01;2.9250000e+02;1.4750308e-01;2.9250000e+02;9.8053500e-02;2.9250000e+02;5.2567352e-02;2.9250000e+02;8.6072497e-03;2.9250000e+02;-3.8683306e-02;2.9250000e+02;-7.9957284e-02;2.9250000e+02;-1.2470070e-01;2.9250000e+02;-5.2178480e-02;2.9250000e+02;-8.8859852e-03;2.9250000e+02;5.6050383e-02;2.9250000e+02;1.3623235e-01;2.9250000e+02;2.2494417e-01;2.9250000e+02;2.7370423e-01;2.9250000e+02;2.9542366e-01;2.9250000e+02;3.1035253e-01;2.9250000e+02;2.6650357e-01;2.9250000e+02;2.3006803e-01;2.9250000e+02;1.9096476e-01;2.9250000e+02;1.4750308e-01;2.9250000e+02;9.8053500e-02;2.9250000e+02;5.2567352e-02;2.9250000e+02;8.6072497e-03;2.9250000e+02;-3.8683306e-02;2.9250000e+02;-7.9957284e-02;2.9250000e+02;-1.2470070e-01;2.9250000e+02;-5.2178480e-02;2.9250000e+02;-8.8859852e-03;2.9250000e+02;5.6050383e-02;2.9250000e+02;1.3623235e-01;2.9250000e+02;2.2494417e-01;2.9250000e+02;2.7370423e-01;2.9250000e+02;2.9542366e-01;2.9250000e+02;3.1035253e-01;2.9250000e+02;2.6650357e-01;2.9250000e+02;2.3006803e-01;2.9250000e+02;1.9096476e-01;2.9250000e+02;1.4750308e-01;2.9250000e+02;9.8053500e-02;2.9250000e+02;5.2567352e-02;2.9250000e+02;8.6072497e-03;2.9250000e+02;-3.8683306e-02;2.9250000e+02;-7.9957284e-02;2.9250000e+02;-1.2470070e-01;2.9250000e+02;-5.2178480e-02;2.9250000e+02;-8.8859852e-03;2.9250000e+02;5.6050383e-02;2.9250000e+02;1.3623235e-01;2.9250000e+02;2.2494417e-01;2.9250000e+02;2.7370423e-01;2.9250000e+02;2.9542366e-01;2.9250000e+02;3.1035253e-01;2.9250000e+02;2.6650357e-01;2.9250000e+02;2.3006803e-01;2.9250000e+02;1.9096476e-01;2.9250000e+02;1.4750308e-01;2.9250000e+02;9.8053500e-02;2.9250000e+02;5.2567352e-02;2.9250000e+02;8.6072497e-03;2.9250000e+02;-3.8683306e-02;2.9250000e+02;-7.9957284e-02;2.9250000e+02;-1.2470070e-01;2.9250000e+02;-5.2178480e-02;2.9250000e+02;-8.8859852e-03;2.9250000e+02;5.6050383e-02;2.9250000e+02;1.3623235e-01;2.9250000e+02;2.2494417e-01;2.9250000e+02;2.7370423e-01;2.9250000e+02;2.9542366e-01;2.9250000e+02;3.1035253e-01;2.9250000e+02;2.6650357e-01;2.9250000e+02;2.3006803e-01;2.9250000e+02;1.9096476e-01;2.9250000e+02;1.4750308e-01;2.9250000e+02;9.8053500e-02;2.9250000e+02;5.2567352e-02;2.9250000e+02;8.6072497e-03;2.9250000e+02;-3.8683306e-02;2.9250000e+02;-7.9957284e-02;2.9250000e+02;-1.2470070e-01;2.9250000e+02;-5.2178480e-02;2.9250000e+02;-8.8859852e-03;2.9250000e+02;5.6050383e-02;2.9250000e+02;1.3623235e-01;2.9250000e+02;2.2494417e-01;2.9250000e+02;2.7370423e-01;2.9250000e+02;2.9542366e-01;2.9250000e+02;3.1035253e-01;2.9250000e+02;2.6650357e-01;2.9250000e+02;2.3006803e-01;2.9250000e+02;1.9096476e-01;2.9250000e+02;1.4750308e-01;2.9250000e+02;9.8053500e-02;2.9250000e+02;5.2567352e-02;2.9250000e+02;8.6072497e-03;2.9250000e+02;-3.8683306e-02;2.9250000e+02;-7.9957284e-02;2.9250000e+02;-1.2470070e-01;2.9250000e+02;-5.2178480e-02;2.9250000e+02;-8.8859852e-03;2.9250000e+02;5.6050383e-02;2.9250000e+02;1.3623235e-01;2.9250000e+02;2.2494417e-01;2.9250000e+02;2.7370423e-01;2.9250000e+02;2.9542366e-01;2.9250000e+02;3.1035253e-01;2.9250000e+02;2.6650357e-01;2.9250000e+02;2.3006803e-01;2.9250000e+02;1.9096476e-01;2.9250000e+02;1.4750308e-01;2.9250000e+02;9.8053500e-02;2.9250000e+02;5.2567352e-02;2.9250000e+02;8.6072497e-03;2.9250000e+02;-3.8683306e-02;2.9250000e+02;-7.9957284e-02;2.9250000e+02;-1.2470070e-01;2.9250000e+02;-5.2178480e-02;2.9250000e+02;-8.8859852e-03;2.9250000e+02;5.6050383e-02;2.9250000e+02;1.3623235e-01;2.9250000e+02;2.2494417e-01;2.9250000e+02;2.7370423e-01;2.9250000e+02;2.9542366e-01;2.9250000e+02;3.1035253e-01;2.9250000e+02;2.6650357e-01;2.9250000e+02;2.3006803e-01;2.9250000e+02;1.9096476e-01;2.9250000e+02;1.4750308e-01;2.9250000e+02;9.8053500e-02;2.9250000e+02;5.2567352e-02;2.9250000e+02;8.6072497e-03;2.9250000e+02;-3.8683306e-02;2.9250000e+02;-7.9957284e-02;2.9250000e+02;-1.2470070e-01;2.9250000e+02;-5.2178480e-02;2.9250000e+02;-8.8859852e-03;2.9250000e+02;5.6050383e-02;2.9250000e+02;1.3623235e-01;2.9250000e+02;2.2494417e-01;2.9250000e+02;2.7370423e-01;2.9250000e+02;2.9542366e-01;2.9250000e+02;3.1035253e-01;2.9250000e+02;2.6650357e-01;2.9250000e+02;2.3006803e-01;2.9250000e+02;1.9096476e-01;2.9250000e+02;1.4750308e-01;2.9250000e+02;9.8053500e-02;2.9250000e+02;5.2567352e-02;2.9250000e+02;8.6072497e-03;2.9250000e+02;-3.8683306e-02;2.9250000e+02;-7.9957284e-02;2.9250000e+02;-1.2470070e-01;2.9250000e+02;-5.2178480e-02;2.9250000e+02;-8.8859852e-03;2.9250000e+02;5.6050383e-02;2.9250000e+02;1.3623235e-01;2.9250000e+02;2.2494417e-01;2.9250000e+02;2.7370423e-01;2.9250000e+02;2.9542366e-01;2.9250000e+02;3.1035253e-01;2.9250000e+02;2.6650357e-01;2.9250000e+02;2.3006803e-01;2.9250000e+02;1.9096476e-01;2.9250000e+02;1.4750308e-01;2.9250000e+02;9.8053500e-02;2.9250000e+02;5.2567352e-02;2.9250000e+02;8.6072497e-03;2.9250000e+02;-3.8683306e-02;2.9250000e+02;-7.9957284e-02;2.9250000e+02;-1.2470070e-01;2.9250000e+02;-5.2178480e-02;2.9250000e+02;-8.8859852e-03;2.9250000e+02;5.6050383e-02;2.9250000e+02;1.3623235e-01;2.9250000e+02;2.2494417e-01;2.9250000e+02;2.7370423e-01;2.9250000e+02;2.9542366e-01;2.9250000e+02;3.1035253e-01;2.9250000e+02;2.6650357e-01;2.9250000e+02;2.3006803e-01;2.9250000e+02;1.9096476e-01;2.9250000e+02;1.4750308e-01;2.9250000e+02;9.8053500e-02;2.9250000e+02;5.2567352e-02;2.9250000e+02;8.6072497e-03;2.9250000e+02;-3.8683306e-02;2.9250000e+02;-7.9957284e-02;2.9250000e+02;-1.2470070e-01;2.9250000e+02;-5.2178480e-02;2.9250000e+02;-8.8859852e-03;2.9250000e+02;5.6050383e-02;2.9250000e+02;1.3623235e-01;2.9250000e+02;2.2494417e-01;2.9250000e+02;2.7370423e-01;2.9250000e+02;2.9542366e-01;2.9250000e+02;3.1035253e-01;2.9250000e+02;2.6650357e-01;2.9250000e+02;2.3006803e-01;2.9250000e+02;1.9096476e-01;2.9250000e+02;1.4750308e-01;2.9250000e+02;9.8053500e-02;2.9250000e+02;5.2567352e-02;2.9250000e+02;8.6072497e-03;2.9250000e+02;-3.8683306e-02;2.9250000e+02;-7.9957284e-02;2.9250000e+02;-1.2470070e-01;2.9250000e+02;-5.2178480e-02;2.9250000e+02;-8.8859852e-03;2.9250000e+02;5.6050383e-02;2.9250000e+02;1.3623235e-01;2.9250000e+02;2.2494417e-01;2.9250000e+02;2.7370423e-01;2.9250000e+02;2.9542366e-01;2.9250000e+02;3.1035253e-01;2.9250000e+02;2.6650357e-01;2.9250000e+02;2.3006803e-01;2.9250000e+02;1.9096476e-01;2.9250000e+02;1.4750308e-01;2.9250000e+02;9.8053500e-02;2.9250000e+02;5.2567352e-02;2.9250000e+02;8.6072497e-03;2.9250000e+02;-3.8683306e-02;2.9250000e+02;-7.9957284e-02;2.9250000e+02;-1.2470070e-01;2.9250000e+02;-5.2178480e-02;2.9250000e+02;-8.8859852e-03;2.9250000e+02;5.6050383e-02;2.9250000e+02;1.3623235e-01;2.9250000e+02;2.2494417e-01;2.9250000e+02;2.7370423e-01;2.9250000e+02;2.9542366e-01;2.9250000e+02;3.1035253e-01;2.9250000e+02;2.6650357e-01;2.9250000e+02;2.3006803e-01;2.9250000e+02;1.9096476e-01;2.9250000e+02;1.4750308e-01;2.9250000e+02;9.8053500e-02;2.9250000e+02;5.2567352e-02;2.9250000e+02;8.6072497e-03;2.9250000e+02;-3.8683306e-02;2.9250000e+02;-7.9957284e-02;2.9250000e+02;-1.2470070e-01;2.9250000e+02;-5.2178480e-02;2.9250000e+02;-8.8859852e-03;2.9250000e+02;5.6050383e-02;2.9250000e+02;1.3623235e-01;2.9250000e+02;2.2494417e-01;2.9250000e+02;2.7370423e-01;2.9250000e+02;2.9542366e-01;2.9250000e+02;3.1035253e-01;2.9250000e+02;2.6650357e-01;2.9250000e+02;2.3006803e-01;2.9250000e+02;1.9096476e-01;2.9250000e+02;1.4750308e-01;2.9250000e+02;9.8053500e-02;2.9250000e+02;5.2567352e-02;2.9250000e+02;8.6072497e-03;2.9250000e+02;-3.8683306e-02;2.9250000e+02;-7.9957284e-02;2.9250000e+02;-1.2470070e-01;2.9250000e+02;-5.2178480e-02;2.9250000e+02;-8.8859852e-03;2.9250000e+02;5.6050383e-02;2.9250000e+02;1.3623235e-01;2.9250000e+02;2.2494417e-01;2.9250000e+02;2.7370423e-01;2.9250000e+02;2.9542366e-01;2.9250000e+02;3.1035253e-01;2.9250000e+02;2.6650357e-01;2.9250000e+02;2.3006803e-01;2.9250000e+02;1.9096476e-01;2.9250000e+02;1.4750308e-01;2.9250000e+02;9.8053500e-02;2.9250000e+02;5.2567352e-02;2.9250000e+02;8.6072497e-03;2.9250000e+02;-3.8683306e-02;2.9250000e+02;-7.9957284e-02;2.9250000e+02;-1.2470070e-01;2.9250000e+02;-5.2178480e-02;2.9250000e+02;-8.8859852e-03;2.9250000e+02;5.6050383e-02;2.9250000e+02;1.3623235e-01;2.9250000e+02;2.2494417e-01;2.9250000e+02;2.7370423e-01;2.9250000e+02;2.9542366e-01;2.9250000e+02;3.1035253e-01;2.9250000e+02;2.6650357e-01;2.9250000e+02;2.3006803e-01;2.9250000e+02;1.9096476e-01;2.9250000e+02;1.4750308e-01;2.9250000e+02;9.8053500e-02;2.9250000e+02;5.2567352e-02;2.9250000e+02;8.6072497e-03;2.9250000e+02;-3.8683306e-02;2.9250000e+02;-7.9957284e-02;2.9250000e+02;-1.2470070e-01;2.9250000e+02;-5.2178480e-02;2.9250000e+02;-8.8859852e-03;2.9250000e+02;5.6050383e-02;2.9250000e+02;1.3623235e-01;2.9250000e+02;2.2494417e-01;2.9250000e+02;2.7370423e-01;2.9250000e+02;2.9542366e-01;2.9250000e+02;3.1035253e-01;2.9250000e+02;2.6650357e-01;2.9250000e+02;2.3006803e-01;2.9250000e+02;1.9096476e-01;2.9250000e+02;1.4750308e-01;2.9250000e+02;9.8053500e-02;2.9250000e+02;5.2567352e-02;2.9250000e+02;8.6072497e-03;2.9250000e+02;-3.8683306e-02;2.9250000e+02;-7.9957284e-02;2.9250000e+02;-1.2470070e-01;2.9250000e+02;-5.2178480e-02;2.9250000e+02;-8.8859852e-03;2.9250000e+02;5.6050383e-02;2.9250000e+02;1.3623235e-01;2.9250000e+02;2.2494417e-01;2.9250000e+02;2.7370423e-01;2.9250000e+02;2.9542366e-01;2.9250000e+02;3.1035253e-01;2.9250000e+02;2.6650357e-01;2.9250000e+02;2.3006803e-01;2.9250000e+02;1.9096476e-01;2.9250000e+02;1.4750308e-01;2.9250000e+02;9.8053500e-02;2.9250000e+02;5.2567352e-02;2.9250000e+02;8.6072497e-03;2.9250000e+02;-3.8683306e-02;2.9250000e+02;-7.9957284e-02;2.9250000e+02;-1.2470070e-01;2.9250000e+02;-5.2178480e-02;2.9250000e+02;-8.8859852e-03;2.9250000e+02;5.6050383e-02;2.9250000e+02;1.3623235e-01;2.9250000e+02;2.2494417e-01;2.9250000e+02;2.7370423e-01;2.9250000e+02;2.9542366e-01;2.9250000e+02;3.1035253e-01;2.9250000e+02;2.6650357e-01;2.9250000e+02;2.3006803e-01;2.9250000e+02;1.9096476e-01;2.9250000e+02;1.4750308e-01;2.9250000e+02;9.8053500e-02;2.9250000e+02;5.2567352e-02;2.9250000e+02;8.6072497e-03;2.9250000e+02;-3.8683306e-02;2.9250000e+02;-7.9957284e-02;2.9250000e+02;-1.2470070e-01;2.9250000e+02;-5.2178480e-02;2.9250000e+02;-8.8859852e-03;2.9250000e+02;5.6050383e-02;2.9250000e+02;1.3623235e-01;2.9250000e+02;2.2494417e-01;2.9250000e+02;2.7370423e-01;2.9250000e+02;2.9542366e-01;2.9250000e+02;3.1035253e-01;2.9250000e+02;2.6650357e-01;2.9250000e+02;2.3006803e-01;2.9250000e+02;1.9096476e-01;2.9250000e+02;1.4750308e-01;2.9250000e+02;9.8053500e-02;2.9250000e+02;5.2567352e-02;2.9250000e+02;8.6072497e-03;2.9250000e+02;-3.8683306e-02;2.9250000e+02;-7.9957284e-02;2.9250000e+02;-1.2470070e-01;2.9250000e+02;-5.2178480e-02;2.9250000e+02;-8.8859852e-03;2.9250000e+02;5.6050383e-02;2.9250000e+02;1.3623235e-01;2.9250000e+02;2.2494417e-01;2.9250000e+02;2.7370423e-01;2.9250000e+02;2.9542366e-01;2.9250000e+02;3.1035253e-01;2.9250000e+02;2.6650357e-01;2.9250000e+02;2.3006803e-01;2.9250000e+02;1.9096476e-01;2.9250000e+02;1.4750308e-01;2.9250000e+02;9.8053500e-02;2.9250000e+02;5.2567352e-02;2.9250000e+02;8.6072497e-03;2.9250000e+02;-3.8683306e-02;2.9250000e+02;-7.9957284e-02;2.9250000e+02;-1.2470070e-01;2.9250000e+02;-5.2178480e-02;2.9250000e+02;-8.8859852e-03;2.9250000e+02;5.6050383e-02;2.9250000e+02;1.3623235e-01;2.9250000e+02;2.2494417e-01;2.9250000e+02;2.7370423e-01;2.9250000e+02;2.9542366e-01;2.9250000e+02;3.1035253e-01;2.9250000e+02;2.6650357e-01;2.9250000e+02;2.3006803e-01;2.9250000e+02;1.9096476e-01;2.9250000e+02;1.4750308e-01;2.9250000e+02;9.8053500e-02;2.9250000e+02;5.2567352e-02;2.9250000e+02;8.6072497e-03;2.9250000e+02;-3.8683306e-02;2.9250000e+02;-7.9957284e-02;2.9250000e+02;-1.2470070e-01;2.9250000e+02;-5.2178480e-02;2.9250000e+02;-8.8859852e-03;2.9250000e+02;5.6050383e-02;2.9250000e+02;1.3623235e-01;2.9250000e+02;2.2494417e-01;2.9250000e+02;2.7370423e-01;2.9250000e+02;2.9542366e-01;2.9250000e+02;3.1035253e-01;2.9250000e+02;2.6650357e-01;2.9250000e+02;2.3006803e-01;2.9250000e+02;1.9096476e-01;2.9250000e+02;1.4750308e-01;2.9250000e+02;9.8053500e-02;2.9250000e+02;5.2567352e-02;2.9250000e+02;8.6072497e-03;2.9250000e+02;-3.8683306e-02;2.9250000e+02;-7.9957284e-02;2.9250000e+02;-1.2470070e-01;2.9250000e+02;-5.2178480e-02;2.9250000e+02;-8.8859852e-03;2.9250000e+02;5.6050383e-02;2.9250000e+02;1.3623235e-01;2.9250000e+02;2.2494417e-01;2.9250000e+02;2.7370423e-01;2.9250000e+02;2.9542366e-01;2.9250000e+02;3.1035253e-01;2.9250000e+02;2.6650357e-01;2.9250000e+02;2.3006803e-01;2.9250000e+02;1.9096476e-01;2.9250000e+02;1.4750308e-01;2.9250000e+02;9.8053500e-02;2.9250000e+02;5.2567352e-02;2.9250000e+02;8.6072497e-03;2.9250000e+02;-3.8683306e-02;2.9250000e+02;-7.9957284e-02;2.9250000e+02;-1.2470070e-01;2.9250000e+02;-5.2178480e-02;2.9250000e+02;-8.8859852e-03;2.9250000e+02;5.6050383e-02;2.9250000e+02;1.3623235e-01;2.9250000e+02;2.2494417e-01;2.9250000e+02;2.7370423e-01;2.9250000e+02;2.9542366e-01;2.9250000e+02;3.1035253e-01;2.9250000e+02;2.6650357e-01;2.9250000e+02;2.3006803e-01;2.9250000e+02;1.9096476e-01;2.9250000e+02;1.4750308e-01;2.9250000e+02;9.8053500e-02;2.9250000e+02;5.2567352e-02;2.9250000e+02;8.6072497e-03;2.9250000e+02;-3.8683306e-02;2.9250000e+02;-7.9957284e-02;2.9250000e+02;-1.2470070e-01;2.9250000e+02;-5.2178480e-02;2.9250000e+02;-8.8859852e-03;2.9250000e+02;5.6050383e-02;2.9250000e+02;1.3623235e-01;2.9250000e+02;2.2494417e-01;2.9250000e+02;2.7370423e-01;2.9250000e+02;2.9542366e-01;2.9250000e+02;3.1035253e-01;2.9250000e+02;2.6650357e-01;2.9250000e+02;2.3006803e-01;2.9250000e+02;1.9096476e-01;2.9250000e+02;1.4750308e-01;2.9250000e+02;9.8053500e-02;2.9250000e+02;5.2567352e-02;2.9250000e+02;8.6072497e-03;2.9250000e+02;-3.8683306e-02;2.9250000e+02;-7.9957284e-02;2.9250000e+02;-1.2470070e-01;2.9250000e+02;-5.2178480e-02;2.9250000e+02;-8.8859852e-03;2.9250000e+02;5.6050383e-02;2.9250000e+02;1.3623235e-01;2.9250000e+02;2.2494417e-01;2.9250000e+02;2.7370423e-01;2.9250000e+02;2.9542366e-01;2.9250000e+02;3.1035253e-01;2.9250000e+02;2.6650357e-01;2.9250000e+02;2.3006803e-01;2.9250000e+02;1.9096476e-01;2.9250000e+02;1.4750308e-01;2.9250000e+02;9.8053500e-02;2.9250000e+02;5.2567352e-02;2.9250000e+02;8.6072497e-03;2.9250000e+02;-3.8683306e-02;2.9250000e+02;-7.9957284e-02;2.9250000e+02;-1.2470070e-01;2.9250000e+02;-5.2178480e-02;2.9250000e+02;-8.8859852e-03;2.9250000e+02;5.6050383e-02;2.9250000e+02;1.3623235e-01;2.9250000e+02;2.2494417e-01;2.9250000e+02;2.7370423e-01;2.9250000e+02;2.9542366e-01;2.9250000e+02;3.1035253e-01;2.9250000e+02;2.6650357e-01;2.9250000e+02;2.3006803e-01;2.9250000e+02;1.9096476e-01;2.9250000e+02;1.4750308e-01;2.9250000e+02;9.8053500e-02;2.9250000e+02;5.2567352e-02;2.9250000e+02;8.6072497e-03;2.9250000e+02;-3.8683306e-02;2.9250000e+02;-7.9957284e-02;2.9250000e+02;-1.2470070e-01;2.9250000e+02;-5.2178480e-02;2.9250000e+02;-8.8859852e-03;2.9250000e+02;5.6050383e-02;2.9250000e+02;1.3623235e-01;2.9250000e+02;2.2494417e-01;2.9250000e+02;2.7370423e-01;2.9250000e+02;2.9542366e-01;2.9250000e+02;3.1035253e-01;2.9250000e+02;2.6650357e-01;2.9250000e+02;2.3006803e-01;2.9250000e+02;1.9096476e-01;2.9250000e+02;1.4750308e-01;2.9250000e+02;9.8053500e-02;2.9250000e+02;5.2567352e-02;2.9250000e+02;8.6072497e-03;2.9250000e+02;-3.8683306e-02;2.9250000e+02;-7.9957284e-02;2.9250000e+02;-1.2470070e-01;2.9250000e+02;-5.2178480e-02;2.9250000e+02;-8.8859852e-03;2.9250000e+02;5.6050383e-02;2.9250000e+02;1.3623235e-01;2.9250000e+02;2.2494417e-01;2.9250000e+02;2.7370423e-01;2.9250000e+02;2.9542366e-01;2.9250000e+02;3.1035253e-01;2.9250000e+02;2.6650357e-01;2.9250000e+02;2.3006803e-01;2.9250000e+02;1.9096476e-01;2.9250000e+02;1.4750308e-01;2.9250000e+02;9.8053500e-02;2.9250000e+02;5.2567352e-02;2.9250000e+02;8.6072497e-03;2.9250000e+02;-3.8683306e-02;2.9250000e+02;-7.9957284e-02;2.9250000e+02;-1.2470070e-01;2.9250000e+02;-5.2178480e-02;2.9250000e+02;-8.8859852e-03;2.9250000e+02;5.6050383e-02;2.9250000e+02;1.3623235e-01;2.9250000e+02;2.2494417e-01;2.9250000e+02;2.7370423e-01;2.9250000e+02;2.9542366e-01;2.9250000e+02;3.1035253e-01;2.9250000e+02;2.6650357e-01;2.9250000e+02;2.3006803e-01;2.9250000e+02;1.9096476e-01;2.9250000e+02;1.4750308e-01;2.9250000e+02;9.8053500e-02;2.9250000e+02;5.2567352e-02;2.9250000e+02;8.6072497e-03;2.9250000e+02;-3.8683306e-02;2.9250000e+02;-7.9957284e-02;2.9250000e+02;-1.2470070e-01;2.9250000e+02;-5.2178480e-02;2.9250000e+02;-8.8859852e-03;2.9250000e+02;5.6050383e-02;2.9250000e+02;1.3623235e-01;2.9250000e+02;2.2494417e-01;2.9250000e+02;2.7370423e-01;2.9250000e+02;2.9542366e-01;2.9250000e+02;3.1035253e-01;2.9250000e+02;2.6650357e-01;2.9250000e+02;2.3006803e-01;2.9250000e+02;1.9096476e-01;2.9250000e+02;1.4750308e-01;2.9250000e+02;9.8053500e-02;2.9250000e+02;5.2567352e-02;2.9250000e+02;8.6072497e-03;2.9250000e+02;-3.8683306e-02;2.9250000e+02;-7.9957284e-02;2.9250000e+02;-1.2470070e-01;2.9250000e+02;-5.2178480e-02;2.9250000e+02;-8.8859852e-03;2.9250000e+02;5.6050383e-02;2.9250000e+02;1.3623235e-01;2.9250000e+02;2.2494417e-01;2.9250000e+02;2.7370423e-01;2.9250000e+02;2.9542366e-01;2.9250000e+02;3.1035253e-01;2.9250000e+02;2.6650357e-01;2.9250000e+02;2.3006803e-01;2.9250000e+02;1.9096476e-01;2.9250000e+02;1.4750308e-01;2.9250000e+02;9.8053500e-02;2.9250000e+02;5.2567352e-02;2.9250000e+02;8.6072497e-03;2.9250000e+02;-3.8683306e-02;2.9250000e+02;-7.9957284e-02;2.9250000e+02;-1.2470070e-01;2.9250000e+02;-5.2178480e-02;2.9250000e+02;-8.8859852e-03;2.9250000e+02;5.6050383e-02;2.9250000e+02;1.3623235e-01;2.9250000e+02;2.2494417e-01;2.9250000e+02;2.7370423e-01;2.9250000e+02;2.9542366e-01;2.9250000e+02;3.1035253e-01;2.9250000e+02;2.6650357e-01;2.9250000e+02;2.3006803e-01;2.9250000e+02;1.9096476e-01;2.9250000e+02;1.4750308e-01;2.9250000e+02;9.8053500e-02;2.9250000e+02;5.2567352e-02;2.9250000e+02;8.6072497e-03;2.9250000e+02;-3.8683306e-02;2.9250000e+02;-7.9957284e-02;2.9250000e+02;-1.2470070e-01;2.9250000e+02;-5.2178480e-02;2.9250000e+02;-8.8859852e-03;2.9250000e+02;5.6050383e-02;2.9250000e+02;1.3623235e-01;2.9250000e+02;2.2494417e-01;2.9250000e+02;2.7370423e-01;2.9250000e+02;2.9542366e-01;2.9250000e+02;3.1035253e-01;2.9250000e+02;2.6650357e-01;2.9250000e+02;2.3006803e-01;2.9250000e+02;1.9096476e-01;2.9250000e+02;1.4750308e-01;2.9250000e+02;9.8053500e-02;2.9250000e+02;5.2567352e-02;2.9250000e+02;8.6072497e-03;2.9250000e+02;-3.8683306e-02;2.9250000e+02;-7.9957284e-02;2.9250000e+02;-1.2470070e-01;2.9250000e+02;-5.2178480e-02;2.9250000e+02;-8.8859852e-03;2.9250000e+02;5.6050383e-02;2.9250000e+02;1.3623235e-01;2.9250000e+02;2.2494417e-01;2.9250000e+02;2.7370423e-01;2.9250000e+02;2.9542366e-01;2.9250000e+02;3.1035253e-01;2.9250000e+02;2.6650357e-01;2.9250000e+02;2.3006803e-01;2.9250000e+02;1.9096476e-01;2.9250000e+02;1.4750308e-01;2.9250000e+02;9.8053500e-02;2.9250000e+02;5.2567352e-02;2.9250000e+02;8.6072497e-03;2.9250000e+02;-3.8683306e-02;2.9250000e+02;-7.9957284e-02;2.9250000e+02;-1.2470070e-01;2.9250000e+02;-5.2178480e-02;2.9250000e+02;-8.8859852e-03;2.9250000e+02;5.6050383e-02;2.9250000e+02;1.3623235e-01;2.9250000e+02;2.2494417e-01;2.9250000e+02;2.7370423e-01;2.9250000e+02;2.9542366e-01;2.9250000e+02;3.1035253e-01;2.9250000e+02;2.6650357e-01;2.9250000e+02;2.3006803e-01;2.9250000e+02;1.9096476e-01;2.9250000e+02;1.4750308e-01;2.9250000e+02;9.8053500e-02;2.9250000e+02;5.2567352e-02;2.9250000e+02;8.6072497e-03;2.9250000e+02;-3.8683306e-02;2.9250000e+02;-7.9957284e-02;2.9250000e+02;-1.2470070e-01;2.9250000e+02;-5.2178480e-02;2.9250000e+02;-8.8859852e-03;2.9250000e+02;5.6050383e-02;2.9250000e+02;1.3623235e-01;2.9250000e+02;2.2494417e-01;2.9250000e+02;2.7370423e-01;2.9250000e+02;2.9542366e-01;2.9250000e+02;3.1035253e-01;2.9250000e+02;2.6650357e-01;2.9250000e+02;2.3006803e-01;2.9250000e+02;1.9096476e-01;2.9250000e+02;1.4750308e-01;2.9250000e+02;9.8053500e-02;2.9250000e+02;5.2567352e-02;2.9250000e+02;8.6072497e-03;2.9250000e+02;-3.8683306e-02;2.9250000e+02;-7.9957284e-02;2.9250000e+02;-1.2470070e-01;2.9250000e+02;-5.2178480e-02;2.9250000e+02;-8.8859852e-03;2.9250000e+02;5.6050383e-02;2.9250000e+02;1.3623235e-01;2.9250000e+02;2.2494417e-01;2.9250000e+02;2.7370423e-01;2.9250000e+02;2.9542366e-01;2.9250000e+02;3.1035253e-01;2.9250000e+02;2.6650357e-01;2.9250000e+02;2.3006803e-01;2.9250000e+02;1.9096476e-01;2.9250000e+02;1.4750308e-01;2.9250000e+02;9.8053500e-02;2.9250000e+02;5.2567352e-02;2.9250000e+02;8.6072497e-03;2.9250000e+02;-3.8683306e-02;2.9250000e+02;-7.9957284e-02;2.9250000e+02;-1.2470070e-01;2.9250000e+02;-5.2178480e-02;2.9250000e+02;-8.8859852e-03;2.9250000e+02;5.6050383e-02;2.9250000e+02;1.3623235e-01;2.9250000e+02;2.2494417e-01;2.9250000e+02;2.7370423e-01;2.9250000e+02;2.9542366e-01;2.9250000e+02;3.1035253e-01;2.9250000e+02;2.6650357e-01;2.9250000e+02;2.3006803e-01;2.9250000e+02;1.9096476e-01;2.9250000e+02;1.4750308e-01;2.9250000e+02;9.8053500e-02;2.9250000e+02;5.2567352e-02;2.9250000e+02;8.6072497e-03;2.9250000e+02;-3.8683306e-02;2.9250000e+02;-7.9957284e-02;2.9250000e+02;-1.2470070e-01;2.9250000e+02;-5.2178480e-02;2.9250000e+02;-8.8859852e-03;2.9250000e+02;5.6050383e-02;2.9250000e+02;1.3623235e-01;2.9250000e+02;2.2494417e-01;2.9250000e+02;2.7370423e-01;2.9250000e+02;2.9542366e-01;2.9250000e+02;3.1035253e-01;2.9250000e+02;2.6650357e-01;2.9250000e+02;2.3006803e-01;2.9250000e+02;1.9096476e-01;2.9250000e+02;1.4750308e-01;2.9250000e+02;9.8053500e-02;2.9250000e+02;5.2567352e-02;2.9250000e+02;8.6072497e-03;2.9250000e+02;-3.8683306e-02;2.9250000e+02;-7.9957284e-02;2.9250000e+02;-1.2470070e-01;2.9250000e+02;-5.2178480e-02;2.9250000e+02;-8.8859852e-03;2.9250000e+02;5.6050383e-02;2.9250000e+02;1.3623235e-01;2.9250000e+02;2.2494417e-01;2.9250000e+02;2.7370423e-01;2.9250000e+02;2.9542366e-01;2.9250000e+02;3.1035253e-01;2.9250000e+02;2.6650357e-01;2.9250000e+02;2.3006803e-01;2.9250000e+02;1.9096476e-01;2.9250000e+02;1.4750308e-01;2.9250000e+02;9.8053500e-02;2.9250000e+02;5.2567352e-02;2.9250000e+02;8.6072497e-03;2.9250000e+02;-3.8683306e-02;2.9250000e+02;-7.9957284e-02;2.9250000e+02;-1.2470070e-01;2.9250000e+02;-5.2178480e-02;2.9250000e+02;-8.8859852e-03;2.9250000e+02;5.6050383e-02;2.9250000e+02;1.3623235e-01;2.9250000e+02;2.2494417e-01;2.9250000e+02;2.7370423e-01;2.9250000e+02;2.9542366e-01;2.9250000e+02;3.1035253e-01;2.9250000e+02;2.6650357e-01;2.9250000e+02;2.3006803e-01;2.9250000e+02;1.9096476e-01;2.9250000e+02;1.4750308e-01;2.9250000e+02;9.8053500e-02;2.9250000e+02;5.2567352e-02;2.9250000e+02;8.6072497e-03;2.9250000e+02;-3.8683306e-02;2.9250000e+02;-7.9957284e-02;2.9250000e+02;-1.2470070e-01;2.9250000e+02;-5.2178480e-02;2.9250000e+02;-8.8859852e-03;2.9250000e+02;5.6050383e-02;2.9250000e+02;1.3623235e-01;2.9250000e+02;2.2494417e-01;2.9250000e+02;2.7370423e-01;2.9250000e+02;2.9542366e-01;2.9250000e+02;3.1035253e-01;2.9250000e+02;2.6650357e-01;2.9250000e+02;2.3006803e-01;2.9250000e+02;1.9096476e-01;2.9250000e+02;1.4750308e-01;2.9250000e+02;9.8053500e-02;2.9250000e+02;5.2567352e-02;2.9250000e+02;8.6072497e-03;2.9250000e+02;-3.8683306e-02;2.9250000e+02;-7.9957284e-02;2.9250000e+02;-1.2470070e-01;2.9250000e+02;-5.2178480e-02;2.9250000e+02;-8.8859852e-03;2.9250000e+02;5.6050383e-02;2.9250000e+02;1.3623235e-01;2.9250000e+02;2.2494417e-01;2.9250000e+02;2.7370423e-01;2.9250000e+02;2.9542366e-01;2.9250000e+02;3.1035253e-01;2.9250000e+02;2.6650357e-01;2.9250000e+02;2.3006803e-01;2.9250000e+02;1.9096476e-01;2.9250000e+02;1.4750308e-01;2.9250000e+02;9.8053500e-02;2.9250000e+02;5.2567352e-02;2.9250000e+02;8.6072497e-03;2.9250000e+02;-3.8683306e-02;2.9250000e+02;-7.9957284e-02;2.9250000e+02;-1.2470070e-01;2.9250000e+02;-5.2178480e-02;2.9250000e+02;-8.8859852e-03;2.9250000e+02;5.6050383e-02;2.9250000e+02;1.3623235e-01;2.9250000e+02;2.2494417e-01;2.9250000e+02;2.7370423e-01;2.9250000e+02;2.9542366e-01;2.9250000e+02;3.1035253e-01;2.9250000e+02;2.6650357e-01;2.9250000e+02;2.3006803e-01;2.9250000e+02;1.9096476e-01;2.9250000e+02;1.4750308e-01;2.9250000e+02;9.8053500e-02;2.9250000e+02;5.2567352e-02;2.9250000e+02;8.6072497e-03;2.9250000e+02;-3.8683306e-02;2.9250000e+02;-7.9957284e-02;2.9250000e+02;-1.2470070e-01;2.9250000e+02;-5.2178480e-02;2.9250000e+02;-8.8859852e-03;2.9250000e+02;5.6050383e-02;2.9250000e+02;1.3623235e-01;2.9250000e+02;2.2494417e-01;2.9250000e+02;2.7370423e-01;2.9250000e+02;2.9542366e-01;2.9250000e+02;3.1035253e-01;2.9250000e+02;2.6650357e-01;2.9250000e+02;2.3006803e-01;2.9250000e+02;1.9096476e-01;2.9250000e+02;1.4750308e-01;2.9250000e+02;9.8053500e-02;2.9250000e+02;5.2567352e-02;2.9250000e+02;8.6072497e-03;2.9250000e+02;-3.8683306e-02;2.9250000e+02;-7.9957284e-02;2.9250000e+02;-1.2470070e-01;2.9250000e+02;-5.2178480e-02;2.9250000e+02;-8.8859852e-03;2.9250000e+02;5.6050383e-02;2.9250000e+02;1.3623235e-01;2.9250000e+02;2.2494417e-01;2.9250000e+02;2.7370423e-01;2.9250000e+02;2.9542366e-01;2.9250000e+02;3.1035253e-01;2.9250000e+02;2.6650357e-01;2.9250000e+02;2.3006803e-01;2.9250000e+02;1.9096476e-01;2.9250000e+02;1.4750308e-01;2.9250000e+02;9.8053500e-02;2.9250000e+02;5.2567352e-02;2.9250000e+02;8.6072497e-03;2.9250000e+02;-3.8683306e-02;2.9250000e+02;-7.9957284e-02;2.9250000e+02;-1.2470070e-01;2.9250000e+02;-5.2178480e-02;2.9250000e+02;-8.8859852e-03;2.9250000e+02;5.6050383e-02;2.9250000e+02;1.3623235e-01;2.9250000e+02;2.2494417e-01;2.9250000e+02;2.7370423e-01;2.9250000e+02;2.9542366e-01;2.9250000e+02;3.1035253e-01;2.9250000e+02;2.6650357e-01;2.9250000e+02;2.3006803e-01;2.9250000e+02;1.9096476e-01;2.9250000e+02;1.4750308e-01;2.9250000e+02;9.8053500e-02;2.9250000e+02;5.2567352e-02;2.9250000e+02;8.6072497e-03;2.9250000e+02;-3.8683306e-02;2.9250000e+02;-7.9957284e-02;2.9250000e+02;-1.2470070e-01;2.9250000e+02;-5.2178480e-02;2.9250000e+02;-8.8859852e-03;2.9250000e+02;5.6050383e-02;2.9250000e+02;1.3623235e-01;2.9250000e+02;2.2494417e-01;2.9250000e+02;2.7370423e-01;2.9250000e+02;2.9542366e-01;2.9250000e+02;3.1035253e-01;2.9250000e+02;2.6650357e-01;2.9250000e+02;2.3006803e-01;2.9250000e+02;1.9096476e-01;2.9250000e+02;1.4750308e-01;2.9250000e+02;9.8053500e-02;2.9250000e+02;5.2567352e-02;2.9250000e+02;8.6072497e-03;2.9250000e+02;-3.8683306e-02;2.9250000e+02;-7.9957284e-02;2.9250000e+02;-1.2470070e-01;2.9250000e+02;-5.2178480e-02;2.9250000e+02;-8.8859852e-03;2.9250000e+02;5.6050383e-02;2.9250000e+02;1.3623235e-01;2.9250000e+02;2.2494417e-01;2.9250000e+02;2.7370423e-01;2.9250000e+02;2.9542366e-01;2.9250000e+02;3.1035253e-01;2.9250000e+02;2.6650357e-01;2.9250000e+02;2.3006803e-01;2.9250000e+02;1.9096476e-01;2.9250000e+02;1.4750308e-01;2.9250000e+02;9.8053500e-02;2.9250000e+02;5.2567352e-02;2.9250000e+02;8.6072497e-03;2.9250000e+02;-3.8683306e-02;2.9250000e+02;-7.9957284e-02;2.9250000e+02;-1.2470070e-01;2.9250000e+02;-5.2178480e-02;2.9250000e+02;-8.8859852e-03;2.9250000e+02;5.6050383e-02;2.9250000e+02;1.3623235e-01;2.9250000e+02;2.2494417e-01;2.9250000e+02;2.7370423e-01;2.9250000e+02;2.9542366e-01;2.9250000e+02;3.1035253e-01;2.9250000e+02;2.6650357e-01;2.9250000e+02;2.3006803e-01;2.9250000e+02;1.9096476e-01;2.9250000e+02;1.4750308e-01;2.9250000e+02;9.8053500e-02;2.9250000e+02;5.2567352e-02;2.9250000e+02;8.6072497e-03;2.9250000e+02;-3.8683306e-02;2.9250000e+02;-7.9957284e-02;2.9250000e+02;-1.2470070e-01;2.9250000e+02;-5.2178480e-02;2.9250000e+02;-8.8859852e-03;2.9250000e+02;5.6050383e-02;2.9250000e+02;1.3623235e-01;2.9250000e+02;2.2494417e-01;2.9250000e+02;2.7370423e-01;2.9250000e+02;2.9542366e-01;2.9250000e+02;3.1035253e-01;2.9250000e+02;2.6650357e-01;2.9250000e+02;2.3006803e-01;2.9250000e+02;1.9096476e-01;2.9250000e+02;1.4750308e-01;2.9250000e+02;9.8053500e-02;2.9250000e+02;5.2567352e-02;2.9250000e+02;8.6072497e-03;2.9250000e+02;-3.8683306e-02;2.9250000e+02;-7.9957284e-02;2.9250000e+02;-1.2470070e-01;2.9250000e+02;-5.2178480e-02;2.9250000e+02;-8.8859852e-03;2.9250000e+02;5.6050383e-02;2.9250000e+02;1.3623235e-01;2.9250000e+02;2.2494417e-01;2.9250000e+02;2.7370423e-01;2.9250000e+02;2.9542366e-01;2.9250000e+02;3.1035253e-01;2.9250000e+02;2.6650357e-01;2.9250000e+02;2.3006803e-01;2.9250000e+02;1.9096476e-01;2.9250000e+02;1.4750308e-01;2.9250000e+02;9.8053500e-02;2.9250000e+02;5.2567352e-02;2.9250000e+02;8.6072497e-03;2.9250000e+02;-3.8683306e-02;2.9250000e+02;-7.9957284e-02;2.9250000e+02;-1.2470070e-01;2.9250000e+02;-5.2178480e-02;2.9250000e+02;-8.8859852e-03;2.9250000e+02;5.6050383e-02;2.9250000e+02;1.3623235e-01;2.9250000e+02;2.2494417e-01;2.9250000e+02;2.7370423e-01;2.9250000e+02;2.9542366e-01;2.9250000e+02;3.1035253e-01;2.9250000e+02;2.6650357e-01;2.9250000e+02;2.3006803e-01;2.9250000e+02;1.9096476e-01;2.9250000e+02;1.4750308e-01;2.9250000e+02;9.8053500e-02;2.9250000e+02;5.2567352e-02;2.9250000e+02;8.6072497e-03;2.9250000e+02;-3.8683306e-02;2.9250000e+02;-7.9957284e-02;2.9250000e+02;-1.2470070e-01;2.9250000e+02;-5.2178480e-02;2.9250000e+02;-8.8859852e-03;2.9250000e+02;5.6050383e-02;2.9250000e+02;1.3623235e-01;2.9250000e+02;2.2494417e-01;2.9250000e+02;2.7370423e-01;2.9250000e+02;2.9542366e-01;2.9250000e+02;3.1035253e-01;2.9250000e+02;2.6650357e-01;2.9250000e+02;2.3006803e-01;2.9250000e+02;1.9096476e-01;2.9250000e+02;1.4750308e-01;2.9250000e+02;9.8053500e-02;2.9250000e+02;5.2567352e-02;2.9250000e+02;8.6072497e-03;2.9250000e+02;-3.8683306e-02;2.9250000e+02;-7.9957284e-02;2.9250000e+02;-1.2470070e-01;2.9250000e+02;-5.2178480e-02;2.9250000e+02;-8.8859852e-03;2.9250000e+02;5.6050383e-02;2.9250000e+02;1.3623235e-01;2.9250000e+02;2.2494417e-01;2.9250000e+02;2.7370423e-01;2.9250000e+02;2.9542366e-01;2.9250000e+02;3.1035253e-01;2.9250000e+02;2.6650357e-01;2.9250000e+02;2.3006803e-01;2.9250000e+02;1.9096476e-01;2.9250000e+02;1.4750308e-01;2.9250000e+02;9.8053500e-02;2.9250000e+02;5.2567352e-02;2.9250000e+02;8.6072497e-03;2.9250000e+02;-3.8683306e-02;2.9250000e+02;-7.9957284e-02;2.9250000e+02;-1.2470070e-01;2.9250000e+02;-5.2178480e-02;2.9250000e+02;-8.8859852e-03;2.9250000e+02;5.6050383e-02;2.9250000e+02;1.3623235e-01;2.9250000e+02;2.2494417e-01;2.9250000e+02;2.7370423e-01;2.9250000e+02;2.9542366e-01;2.9250000e+02;3.1035253e-01;2.9250000e+02;2.6650357e-01;2.9250000e+02;2.3006803e-01;2.9250000e+02;1.9096476e-01;2.9250000e+02;1.4750308e-01;2.9250000e+02;9.8053500e-02;2.9250000e+02;5.2567352e-02;2.9250000e+02;8.6072497e-03;2.9250000e+02;-3.8683306e-02;2.9250000e+02;-7.9957284e-02;2.9250000e+02;-1.2470070e-01;2.9250000e+02;-5.2178480e-02;2.9250000e+02;-8.8859852e-03;2.9250000e+02;5.6050383e-02;2.9250000e+02;1.3623235e-01;2.9250000e+02;2.2494417e-01;2.9250000e+02;2.7370423e-01;2.9250000e+02;2.9542366e-01;2.9250000e+02;3.1035253e-01;2.9250000e+02;2.6650357e-01;2.9250000e+02;2.3006803e-01;2.9250000e+02;1.9096476e-01;2.9250000e+02;1.4750308e-01;2.9250000e+02;9.8053500e-02;2.9250000e+02;5.2567352e-02;2.9250000e+02;8.6072497e-03;2.9250000e+02;-3.8683306e-02;2.9250000e+02;-7.9957284e-02;2.9250000e+02;-1.2470070e-01;2.9250000e+02;-5.2178480e-02;2.9250000e+02;-8.8859852e-03;2.9250000e+02;5.6050383e-02;2.9250000e+02;1.3623235e-01;2.9250000e+02;2.2494417e-01;2.9250000e+02;2.7370423e-01;2.9250000e+02;2.9542366e-01;2.9250000e+02;3.1035253e-01;2.9250000e+02;2.6650357e-01;2.9250000e+02;2.3006803e-01;2.9250000e+02;1.9096476e-01;2.9250000e+02;1.4750308e-01;2.9250000e+02;9.8053500e-02;2.9250000e+02;5.2567352e-02;2.9250000e+02;8.6072497e-03;2.9250000e+02;-3.8683306e-02;2.9250000e+02;-7.9957284e-02;2.9250000e+02;-1.2470070e-01;2.9250000e+02;-5.2178480e-02;2.9250000e+02;-8.8859852e-03;2.9250000e+02;5.6050383e-02;2.9250000e+02;1.3623235e-01;2.9250000e+02;2.2494417e-01;2.9250000e+02;2.7370423e-01;2.9250000e+02;2.9542366e-01;2.9250000e+02;3.1035253e-01;2.9250000e+02;2.6650357e-01;2.9250000e+02;2.3006803e-01;2.9250000e+02;1.9096476e-01;2.9250000e+02;1.4750308e-01;2.9250000e+02;9.8053500e-02;2.9250000e+02;5.2567352e-02;2.9250000e+02;8.6072497e-03;2.9250000e+02;-3.8683306e-02;2.9250000e+02;-7.9957284e-02;2.9250000e+02;-1.2470070e-01;2.9250000e+02;-5.2178480e-02;2.9250000e+02;-8.8859852e-03;2.9250000e+02;5.6050383e-02;2.9250000e+02;1.3623235e-01;2.9250000e+02;2.2494417e-01;2.9250000e+02;2.7370423e-01;2.9250000e+02;2.9542366e-01;2.9250000e+02;3.1035253e-01;2.9250000e+02;2.6650357e-01;2.9250000e+02;2.3006803e-01;2.9250000e+02;1.9096476e-01;2.9250000e+02;1.4750308e-01;2.9250000e+02;9.8053500e-02;2.9250000e+02;5.2567352e-02;2.9250000e+02;8.6072497e-03;2.9250000e+02;-3.8683306e-02;2.9250000e+02;-7.9957284e-02;2.9250000e+02;-1.2470070e-01;2.9250000e+02;-5.2178480e-02;2.9250000e+02;-8.8859852e-03;2.9250000e+02;5.6050383e-02;2.9250000e+02;1.3623235e-01;2.9250000e+02;2.2494417e-01;2.9250000e+02;2.7370423e-01;2.9250000e+02;2.9542366e-01;2.9250000e+02;3.1035253e-01;2.9250000e+02;2.6650357e-01;2.9250000e+02;2.3006803e-01;2.9250000e+02;1.9096476e-01;2.9250000e+02;1.4750308e-01;2.9250000e+02;9.8053500e-02;2.9250000e+02;5.2567352e-02;2.9250000e+02;8.6072497e-03;2.9250000e+02;-3.8683306e-02;2.9250000e+02;-7.9957284e-02;2.9250000e+02;-1.2470070e-01;2.9250000e+02;-5.2178480e-02;2.9250000e+02;-8.8859852e-03;2.9250000e+02;5.6050383e-02;2.9250000e+02;1.3623235e-01;2.9250000e+02;2.2494417e-01;2.9250000e+02;2.7370423e-01;2.9250000e+02;2.9542366e-01;2.9250000e+02;3.1035253e-01;2.9250000e+02;2.6650357e-01;2.9250000e+02;2.3006803e-01;2.9250000e+02;1.9096476e-01;2.9250000e+02;1.4750308e-01;2.9250000e+02;9.8053500e-02;2.9250000e+02;5.2567352e-02;2.9250000e+02;8.6072497e-03;2.9250000e+02;-3.8683306e-02;2.9250000e+02;-7.9957284e-02;2.9250000e+02;-1.2470070e-01;2.9250000e+02;-5.2178480e-02;2.9250000e+02;-8.8859852e-03;2.9250000e+02;5.6050383e-02;2.9250000e+02;1.3623235e-01;2.9250000e+02;2.2494417e-01;2.9250000e+02;2.7370423e-01;2.9250000e+02;2.9542366e-01;2.9250000e+02;3.1035253e-01;2.9250000e+02;2.6650357e-01;2.9250000e+02;2.3006803e-01;2.9250000e+02;1.9096476e-01;2.9250000e+02;1.4750308e-01;2.9250000e+02;9.8053500e-02;2.9250000e+02;5.2567352e-02;2.9250000e+02;8.6072497e-03;2.9250000e+02;-3.8683306e-02;2.9250000e+02;-7.9957284e-02;2.9250000e+02;-1.2470070e-01;2.9250000e+02;-5.2178480e-02;2.9250000e+02;-8.8859852e-03;2.9250000e+02;5.6050383e-02;2.9250000e+02;1.3623235e-01;2.9250000e+02;2.2494417e-01;2.9250000e+02;2.7370423e-01;2.9250000e+02;2.9542366e-01;2.9250000e+02;3.1035253e-01;2.9250000e+02;2.6650357e-01;2.9250000e+02;2.3006803e-01;2.9250000e+02;1.9096476e-01;2.9250000e+02;1.4750308e-01;2.9250000e+02;9.8053500e-02;2.9250000e+02;5.2567352e-02;2.9250000e+02;8.6072497e-03;2.9250000e+02;-3.8683306e-02;2.9250000e+02;-7.9957284e-02;2.9250000e+02;-1.2470070e-01;2.9250000e+02;-5.2178480e-02;2.9250000e+02;-8.8859852e-03;2.9250000e+02;5.6050383e-02;2.9250000e+02;1.3623235e-01;2.9250000e+02;2.2494417e-01;2.9250000e+02;2.7370423e-01;2.9250000e+02;2.9542366e-01;2.9250000e+02;3.1035253e-01;2.9250000e+02;2.6650357e-01;2.9250000e+02;2.3006803e-01;2.9250000e+02;1.9096476e-01;2.9250000e+02;1.4750308e-01;2.9250000e+02;9.8053500e-02;2.9250000e+02;5.2567352e-02;2.9250000e+02;8.6072497e-03;2.9250000e+02;-3.8683306e-02;2.9250000e+02;-7.9957284e-02;2.9250000e+02;-1.2470070e-01;2.9250000e+02;-5.2178480e-02;2.9250000e+02;-8.8859852e-03;2.9250000e+02;5.6050383e-02;2.9250000e+02;1.3623235e-01;2.9250000e+02;2.2494417e-01;2.9250000e+02;2.7370423e-01;2.9250000e+02;2.9542366e-01;2.9250000e+02;3.1035253e-01;2.9250000e+02;2.6650357e-01;2.9250000e+02;2.3006803e-01;2.9250000e+02;1.9096476e-01;2.9250000e+02;1.4750308e-01;2.9250000e+02;9.8053500e-02;2.9250000e+02;5.2567352e-02;2.9250000e+02;8.6072497e-03;2.9250000e+02;-3.8683306e-02;2.9250000e+02;-7.9957284e-02;2.9250000e+02;-1.2470070e-01;2.9250000e+02;-5.2178480e-02;2.9250000e+02;-8.8859852e-03;2.9250000e+02;5.6050383e-02;2.9250000e+02;1.3623235e-01;2.9250000e+02;2.2494417e-01;2.9250000e+02;2.7370423e-01;2.9250000e+02;2.9542366e-01;2.9250000e+02;3.1035253e-01;2.9250000e+02;2.6650357e-01;2.9250000e+02;2.3006803e-01;2.9250000e+02;1.9096476e-01;2.9250000e+02;1.4750308e-01;2.9250000e+02;9.8053500e-02;2.9250000e+02;5.2567352e-02;2.9250000e+02;8.6072497e-03;2.9250000e+02;-3.8683306e-02;2.9250000e+02;-7.9957284e-02;2.9250000e+02;-1.2470070e-01;2.9250000e+02;-5.2178480e-02;2.9250000e+02;-8.8859852e-03;2.9250000e+02;5.6050383e-02;2.9250000e+02;1.3623235e-01;2.9250000e+02;2.2494417e-01;2.9250000e+02;2.7370423e-01;2.9250000e+02;2.9542366e-01;2.9250000e+02;3.1035253e-01;2.9250000e+02;2.6650357e-01;2.9250000e+02;2.3006803e-01;2.9250000e+02;1.9096476e-01;2.9250000e+02;1.4750308e-01;2.9250000e+02;9.8053500e-02;2.9250000e+02;5.2567352e-02;2.9250000e+02;8.6072497e-03;2.9250000e+02;-3.8683306e-02;2.9250000e+02;-7.9957284e-02;2.9250000e+02;-1.2470070e-01;2.9250000e+02;-5.2178480e-02;2.9250000e+02;-8.8859852e-03;2.9250000e+02;5.6050383e-02;2.9250000e+02;1.3623235e-01;2.9250000e+02;2.2494417e-01;2.9250000e+02;2.7370423e-01;2.9250000e+02;2.9542366e-01;2.9250000e+02;3.1035253e-01;2.9250000e+02;2.6650357e-01;2.9250000e+02;2.3006803e-01;2.9250000e+02;1.9096476e-01;2.9250000e+02;1.4750308e-01;2.9250000e+02;9.8053500e-02;2.9250000e+02;5.2567352e-02;2.9250000e+02;8.6072497e-03;2.9250000e+02;-3.8683306e-02;2.9250000e+02;-7.9957284e-02;2.9250000e+02;-1.2470070e-01;2.9250000e+02;-5.2178480e-02;2.9250000e+02;-8.8859852e-03;2.9250000e+02;5.6050383e-02;2.9250000e+02;1.3623235e-01;2.9250000e+02;2.2494417e-01;2.9250000e+02;2.7370423e-01;2.9250000e+02;2.9542366e-01;2.9250000e+02;3.1035253e-01;2.9250000e+02;2.6650357e-01;2.9250000e+02;2.3006803e-01;2.9250000e+02;1.9096476e-01;2.9250000e+02;1.4750308e-01;2.9250000e+02;9.8053500e-02;2.9250000e+02;5.2567352e-02;2.9250000e+02;8.6072497e-03;2.9250000e+02;-3.8683306e-02;2.9250000e+02;-7.9957284e-02;2.9250000e+02;-1.2470070e-01;2.9250000e+02;-5.2178480e-02;2.9250000e+02;-8.8859852e-03;2.9250000e+02;5.6050383e-02;2.9250000e+02;1.3623235e-01;2.9250000e+02;2.2494417e-01;2.9250000e+02;2.7370423e-01;2.9250000e+02;2.9542366e-01;2.9250000e+02;3.1035253e-01;2.9250000e+02;2.6650357e-01;2.9250000e+02;2.3006803e-01;2.9250000e+02;1.9096476e-01;2.9250000e+02;1.4750308e-01;2.9250000e+02;9.8053500e-02;2.9250000e+02;5.2567352e-02;2.9250000e+02;8.6072497e-03;2.9250000e+02;-3.8683306e-02;2.9250000e+02;-7.9957284e-02;2.9250000e+02;-1.2470070e-01;2.9250000e+02;-5.2178480e-02;2.9250000e+02;-8.8859852e-03;2.9250000e+02;5.6050383e-02;2.9250000e+02;1.3623235e-01;2.9250000e+02;2.2494417e-01;2.9250000e+02;2.7370423e-01;2.9250000e+02;2.9542366e-01;2.9250000e+02;3.1035253e-01;2.9250000e+02;2.6650357e-01;2.9250000e+02;2.3006803e-01;2.9250000e+02;1.9096476e-01;2.9250000e+02;1.4750308e-01;2.9250000e+02;9.8053500e-02;2.9250000e+02;5.2567352e-02;2.9250000e+02;8.6072497e-03;2.9250000e+02;-3.8683306e-02;2.9250000e+02;-7.9957284e-02;2.9250000e+02;-1.2470070e-01;2.9250000e+02;-5.2178480e-02;2.9250000e+02;-8.8859852e-03;2.9250000e+02;5.6050383e-02;2.9250000e+02;1.3623235e-01;2.9250000e+02;2.2494417e-01;2.9250000e+02;2.7370423e-01;2.9250000e+02;2.9542366e-01;2.9250000e+02;3.1035253e-01;2.9250000e+02;2.6650357e-01;2.9250000e+02;2.3006803e-01;2.9250000e+02;1.9096476e-01;2.9250000e+02;1.4750308e-01;2.9250000e+02;9.8053500e-02;2.9250000e+02;5.2567352e-02;2.9250000e+02;8.6072497e-03;2.9250000e+02;-3.8683306e-02;2.9250000e+02;-7.9957284e-02;2.9250000e+02;-1.2470070e-01;2.9250000e+02;-5.2178480e-02;2.9250000e+02;-8.8859852e-03;2.9250000e+02;5.6050383e-02;2.9250000e+02;1.3623235e-01;2.9250000e+02;2.2494417e-01;2.9250000e+02;2.7370423e-01;2.9250000e+02;2.9542366e-01;2.9250000e+02;3.1035253e-01;2.9250000e+02;2.6650357e-01;2.9250000e+02;2.3006803e-01;2.9250000e+02;1.9096476e-01;2.9250000e+02;1.4750308e-01;2.9250000e+02;9.8053500e-02;2.9250000e+02;5.2567352e-02;2.9250000e+02;8.6072497e-03;2.9250000e+02;-3.8683306e-02;2.9250000e+02;-7.9957284e-02;2.9250000e+02;-1.2470070e-01;2.9250000e+02;-5.2178480e-02;2.9250000e+02;-8.8859852e-03;2.9250000e+02;5.6050383e-02;2.9250000e+02;1.3623235e-01;2.9250000e+02;2.2494417e-01;2.9250000e+02;2.7370423e-01;2.9250000e+02;2.9542366e-01;2.9250000e+02;3.1035253e-01;2.9250000e+02;2.6650357e-01;2.9250000e+02;2.3006803e-01;2.9250000e+02;1.9096476e-01;2.9250000e+02;1.4750308e-01;2.9250000e+02;9.8053500e-02;2.9250000e+02;5.2567352e-02;2.9250000e+02;8.6072497e-03;2.9250000e+02;-3.8683306e-02;2.9250000e+02;-7.9957284e-02;2.9250000e+02;-1.2470070e-01;2.9250000e+02;-5.2178480e-02;2.9250000e+02;-8.8859852e-03;2.9250000e+02;5.6050383e-02;2.9250000e+02;1.3623235e-01;2.9250000e+02;2.2494417e-01;2.9250000e+02;2.7370423e-01;2.9250000e+02;2.9542366e-01;2.9250000e+02;3.1035253e-01;2.9250000e+02;2.6650357e-01;2.9250000e+02;2.3006803e-01;2.9250000e+02;1.9096476e-01;2.9250000e+02;1.4750308e-01;2.9250000e+02;9.8053500e-02;2.9250000e+02;5.2567352e-02;2.9250000e+02;8.6072497e-03;2.9250000e+02;-3.8683306e-02;2.9250000e+02;-7.9957284e-02;2.9250000e+02;-1.2470070e-01;2.9250000e+02;-5.2178480e-02;2.9250000e+02;-8.8859852e-03;2.9250000e+02;5.6050383e-02;2.9250000e+02;1.3623235e-01;2.9250000e+02;2.2494417e-01;2.9250000e+02;2.7370423e-01;2.9250000e+02;2.9542366e-01;2.9250000e+02;3.1035253e-01;2.9250000e+02;2.6650357e-01;2.9250000e+02;2.3006803e-01;2.9250000e+02;1.9096476e-01;2.9250000e+02;1.4750308e-01;2.9250000e+02;9.8053500e-02;2.9250000e+02;5.2567352e-02;2.9250000e+02;8.6072497e-03;2.9250000e+02;-3.8683306e-02;2.9250000e+02;-7.9957284e-02;2.9250000e+02;-1.2470070e-01;2.9250000e+02;-5.2178480e-02;2.9250000e+02;-8.8859852e-03;2.9250000e+02;5.6050383e-02;2.9250000e+02;1.3623235e-01;2.9250000e+02;2.2494417e-01;2.9250000e+02;2.7370423e-01;2.9250000e+02;2.9542366e-01;2.9250000e+02;3.1035253e-01;2.9250000e+02;2.6650357e-01;2.9250000e+02;2.3006803e-01;2.9250000e+02;1.9096476e-01;2.9250000e+02;1.4750308e-01;2.9250000e+02;9.8053500e-02;2.9250000e+02;5.2567352e-02;2.9250000e+02;8.6072497e-03;2.9250000e+02;-3.8683306e-02;2.9250000e+02;-7.9957284e-02;2.9250000e+02;-1.2470070e-01;2.9250000e+02;-5.2178480e-02;2.9250000e+02;-8.8859852e-03;2.9250000e+02;5.6050383e-02;2.9250000e+02;1.3623235e-01;2.9250000e+02;2.2494417e-01;2.9250000e+02;2.7370423e-01;2.9250000e+02;2.9542366e-01;2.9250000e+02;3.1035253e-01;2.9250000e+02;2.6650357e-01;2.9250000e+02;2.3006803e-01;2.9250000e+02;1.9096476e-01;2.9250000e+02;1.4750308e-01;2.9250000e+02;9.8053500e-02;2.9250000e+02;5.2567352e-02;2.9250000e+02;8.6072497e-03;2.9250000e+02;-3.8683306e-02;2.9250000e+02;-7.9957284e-02;2.9250000e+02;-1.2470070e-01;2.9250000e+02;-5.2178480e-02;2.9250000e+02;-8.8859852e-03;2.9250000e+02;5.6050383e-02;2.9250000e+02;1.3623235e-01;2.9250000e+02;2.2494417e-01;2.9250000e+02;2.7370423e-01;2.9250000e+02;2.9542366e-01;2.9250000e+02;3.1035253e-01;2.9250000e+02;2.6650357e-01;2.9250000e+02;2.3006803e-01;2.9250000e+02;1.9096476e-01;2.9250000e+02;1.4750308e-01;2.9250000e+02;9.8053500e-02;2.9250000e+02;5.2567352e-02;2.9250000e+02;8.6072497e-03;2.9250000e+02;-3.8683306e-02;2.9250000e+02;-7.9957284e-02;2.9250000e+02;-1.2470070e-01;2.9250000e+02;-5.2178480e-02;2.9250000e+02;-8.8859852e-03;2.9250000e+02;5.6050383e-02;2.9250000e+02;1.3623235e-01;2.9250000e+02;2.2494417e-01;2.9250000e+02;2.7370423e-01;2.9250000e+02;2.9542366e-01;2.9250000e+02;3.1035253e-01;2.9250000e+02;2.6650357e-01;2.9250000e+02;2.3006803e-01;2.9250000e+02;1.9096476e-01;2.9250000e+02;1.4750308e-01;2.9250000e+02;9.8053500e-02;2.9250000e+02;5.2567352e-02;2.9250000e+02;8.6072497e-03;2.9250000e+02;-3.8683306e-02;2.9250000e+02;-7.9957284e-02;2.9250000e+02;-1.2470070e-01;2.9250000e+02;-5.2178480e-02;2.9250000e+02;-8.8859852e-03;2.9250000e+02;5.6050383e-02;2.9250000e+02;1.3623235e-01;2.9250000e+02;2.2494417e-01;2.9250000e+02;2.7370423e-01;2.9250000e+02;2.9542366e-01;2.9250000e+02;3.1035253e-01;2.9250000e+02;2.6650357e-01;2.9250000e+02;2.3006803e-01;2.9250000e+02;1.9096476e-01;2.9250000e+02;1.4750308e-01;2.9250000e+02;9.8053500e-02;2.9250000e+02;5.2567352e-02;2.9250000e+02;8.6072497e-03;2.9250000e+02;-3.8683306e-02;2.9250000e+02;-7.9957284e-02;2.9250000e+02;-1.2470070e-01;2.9250000e+02;-5.2178480e-02;2.9250000e+02;-8.8859852e-03;2.9250000e+02;5.6050383e-02;2.9250000e+02;1.3623235e-01;2.9250000e+02;2.2494417e-01;2.9250000e+02;2.7370423e-01;2.9250000e+02;2.9542366e-01;2.9250000e+02;3.1035253e-01;2.9250000e+02;2.6650357e-01;2.9250000e+02;2.3006803e-01;2.9250000e+02;1.9096476e-01;2.9250000e+02;1.4750308e-01;2.9250000e+02;9.8053500e-02;2.9250000e+02;5.2567352e-02;2.9250000e+02;8.6072497e-03;2.9250000e+02;-3.8683306e-02;2.9250000e+02;-7.9957284e-02;2.9250000e+02;-1.2470070e-01;2.9250000e+02;-5.2178480e-02;2.9250000e+02;-8.8859852e-03;2.9250000e+02;5.6050383e-02;2.9250000e+02;1.3623235e-01;2.9250000e+02;2.2494417e-01;2.9250000e+02;2.7370423e-01;2.9250000e+02;2.9542366e-01;2.9250000e+02;3.1035253e-01;2.9250000e+02;2.6650357e-01;2.9250000e+02;2.3006803e-01;2.9250000e+02;1.9096476e-01;2.9250000e+02;1.4750308e-01;2.9250000e+02;9.8053500e-02;2.9250000e+02;5.2567352e-02;2.9250000e+02;8.6072497e-03;2.9250000e+02;-3.8683306e-02;2.9250000e+02;-7.9957284e-02;2.9250000e+02;-1.2470070e-01;2.9250000e+02;-5.2178480e-02;2.9250000e+02;-8.8859852e-03;2.9250000e+02;5.6050383e-02;2.9250000e+02;1.3623235e-01;2.9250000e+02;2.2494417e-01;2.9250000e+02;2.7370423e-01;2.9250000e+02;2.9542366e-01;2.9250000e+02;3.1035253e-01;2.9250000e+02;2.6650357e-01;2.9250000e+02;2.3006803e-01;2.9250000e+02;1.9096476e-01;2.9250000e+02;1.4750308e-01;2.9250000e+02;9.8053500e-02;2.9250000e+02;5.2567352e-02;2.9250000e+02;8.6072497e-03;2.9250000e+02;-3.8683306e-02;2.9250000e+02;-7.9957284e-02;2.9250000e+02;-1.2470070e-01;2.9250000e+02;-5.2178480e-02;2.9250000e+02;-8.8859852e-03;2.9250000e+02;5.6050383e-02;2.9250000e+02;1.3623235e-01;2.9250000e+02;2.2494417e-01;2.9250000e+02;2.7370423e-01;2.9250000e+02;2.9542366e-01;2.9250000e+02;3.1035253e-01;2.9250000e+02;2.6650357e-01;2.9250000e+02;2.3006803e-01;2.9250000e+02;1.9096476e-01;2.9250000e+02;1.4750308e-01;2.9250000e+02;9.8053500e-02;2.9250000e+02;5.2567352e-02;2.9250000e+02;8.6072497e-03;2.9250000e+02;-3.8683306e-02;2.9250000e+02;-7.9957284e-02;2.9250000e+02;-1.2470070e-01;2.9250000e+02;-5.2178480e-02;2.9250000e+02;-8.8859852e-03;2.9250000e+02;5.6050383e-02;2.9250000e+02;1.3623235e-01;2.9250000e+02;2.2494417e-01;2.9250000e+02;2.7370423e-01;2.9250000e+02;2.9542366e-01;2.9250000e+02;3.1035253e-01;2.9250000e+02;2.6650357e-01;2.9250000e+02;2.3006803e-01;2.9250000e+02;1.9096476e-01;2.9250000e+02;1.4750308e-01;2.9250000e+02;9.8053500e-02;2.9250000e+02;5.2567352e-02;2.9250000e+02;8.6072497e-03;2.9250000e+02;-3.8683306e-02;2.9250000e+02;-7.9957284e-02;2.9250000e+02;-1.2470070e-01;2.9250000e+02;-5.2178480e-02;2.9250000e+02;-8.8859852e-03;2.9250000e+02;5.6050383e-02;2.9250000e+02;1.3623235e-01;2.9250000e+02;2.2494417e-01;2.9250000e+02;2.7370423e-01;2.9250000e+02;2.9542366e-01;2.9250000e+02;3.1035253e-01;2.9250000e+02;2.6650357e-01;2.9250000e+02;2.3006803e-01;2.9250000e+02;1.9096476e-01;2.9250000e+02;1.4750308e-01;2.9250000e+02;9.8053500e-02;2.9250000e+02;5.2567352e-02;2.9250000e+02;8.6072497e-03;2.9250000e+02;-3.8683306e-02;2.9250000e+02;-7.9957284e-02;2.9250000e+02;-1.2470070e-01;2.9250000e+02;-5.2178480e-02;2.9250000e+02;-8.8859852e-03;2.9250000e+02;5.6050383e-02;2.9250000e+02;1.3623235e-01;2.9250000e+02;2.2494417e-01;2.9250000e+02;2.7370423e-01;2.9250000e+02;2.9542366e-01;2.9250000e+02;3.1035253e-01;2.9250000e+02;2.6650357e-01;2.9250000e+02;2.3006803e-01;2.9250000e+02;1.9096476e-01;2.9250000e+02;1.4750308e-01;2.9250000e+02;9.8053500e-02;2.9250000e+02;5.2567352e-02;2.9250000e+02;8.6072497e-03;2.9250000e+02;-3.8683306e-02;2.9250000e+02;-7.9957284e-02;2.9250000e+02;-1.2470070e-01;2.9250000e+02;-5.2178480e-02;2.9250000e+02;-8.8859852e-03;2.9250000e+02;5.6050383e-02;2.9250000e+02;1.3623235e-01;2.9250000e+02;2.2494417e-01;2.9250000e+02;2.7370423e-01;2.9250000e+02;2.9542366e-01;2.9250000e+02;3.1035253e-01;2.9250000e+02;2.6650357e-01;2.9250000e+02;2.3006803e-01;2.9250000e+02;1.9096476e-01;2.9250000e+02;1.4750308e-01;2.9250000e+02;9.8053500e-02;2.9250000e+02;5.2567352e-02;2.9250000e+02;8.6072497e-03;2.9250000e+02;-3.8683306e-02;2.9250000e+02;-7.9957284e-02;2.9250000e+02;-1.2470070e-01;2.9250000e+02;-5.2178480e-02;2.9250000e+02;-8.8859852e-03;2.9250000e+02;5.6050383e-02;2.9250000e+02;1.3623235e-01;2.9250000e+02;2.2494417e-01;2.9250000e+02;2.7370423e-01;2.9250000e+02;2.9542366e-01;2.9250000e+02;3.1035253e-01;2.9250000e+02;2.6650357e-01;2.9250000e+02;2.3006803e-01;2.9250000e+02;1.9096476e-01;2.9250000e+02;1.4750308e-01;2.9250000e+02;9.8053500e-02;2.9250000e+02;5.2567352e-02;2.9250000e+02;8.6072497e-03;2.9250000e+02;-3.8683306e-02;2.9250000e+02;-7.9957284e-02;2.9250000e+02;-1.2470070e-01;2.9250000e+02;-5.2178480e-02;2.9250000e+02;-8.8859852e-03;2.9250000e+02;5.6050383e-02;2.9250000e+02;1.3623235e-01;2.9250000e+02;2.2494417e-01;2.9250000e+02;2.7370423e-01;2.9250000e+02;2.9542366e-01;2.9250000e+02;3.1035253e-01;2.9250000e+02;2.6650357e-01;2.9250000e+02;2.3006803e-01;2.9250000e+02;1.9096476e-01;2.9250000e+02;1.4750308e-01;2.9250000e+02;9.8053500e-02;2.9250000e+02;5.2567352e-02;2.9250000e+02;8.6072497e-03;2.9250000e+02;-3.8683306e-02;2.9250000e+02;-7.9957284e-02;2.9250000e+02;-1.2470070e-01;2.9250000e+02;-5.2178480e-02;2.9250000e+02;-8.8859852e-03;2.9250000e+02;5.6050383e-02;2.9250000e+02;1.3623235e-01;2.9250000e+02;2.2494417e-01;2.9250000e+02;2.7370423e-01;2.9250000e+02;2.9542366e-01;2.9250000e+02;3.1035253e-01;2.9250000e+02;2.6650357e-01;2.9250000e+02;2.3006803e-01;2.9250000e+02;1.9096476e-01;2.9250000e+02;1.4750308e-01;2.9250000e+02;9.8053500e-02;2.9250000e+02;5.2567352e-02;2.9250000e+02;8.6072497e-03;2.9250000e+02;-3.8683306e-02;2.9250000e+02;-7.9957284e-02;2.9250000e+02;-1.2470070e-01;2.9250000e+02;-5.2178480e-02;2.9250000e+02;-8.8859852e-03;2.9250000e+02;5.6050383e-02;2.9250000e+02;1.3623235e-01;2.9250000e+02;2.2494417e-01;2.9250000e+02;2.7370423e-01;2.9250000e+02;2.9542366e-01;2.9250000e+02;3.1035253e-01;2.9250000e+02;2.6650357e-01;2.9250000e+02;2.3006803e-01;2.9250000e+02;1.9096476e-01;2.9250000e+02;1.4750308e-01;2.9250000e+02;9.8053500e-02;2.9250000e+02;5.2567352e-02;2.9250000e+02;8.6072497e-03;2.9250000e+02;-3.8683306e-02;2.9250000e+02;-7.9957284e-02;2.9250000e+02;-1.2470070e-01;2.9250000e+02;-5.2178480e-02;2.9250000e+02;-8.8859852e-03;2.9250000e+02;5.6050383e-02;2.9250000e+02;1.3623235e-01;2.9250000e+02;2.2494417e-01;2.9250000e+02;2.7370423e-01;2.9250000e+02;2.9542366e-01;2.9250000e+02;3.1035253e-01;2.9250000e+02;2.6650357e-01;2.9250000e+02;2.3006803e-01;2.9250000e+02;1.9096476e-01;2.9250000e+02;1.4750308e-01;2.9250000e+02;9.8053500e-02;2.9250000e+02;5.2567352e-02;2.9250000e+02;8.6072497e-03;2.9250000e+02;-3.8683306e-02;2.9250000e+02;-7.9957284e-02;2.9250000e+02;-1.2470070e-01;2.9250000e+02;-5.2178480e-02;2.9250000e+02;-8.8859852e-03;2.9250000e+02;5.6050383e-02;2.9250000e+02;1.3623235e-01;2.9250000e+02;2.2494417e-01;2.9250000e+02;2.7370423e-01;2.9250000e+02;2.9542366e-01;2.9250000e+02;3.1035253e-01;2.9250000e+02;2.6650357e-01;2.9250000e+02;2.3006803e-01;2.9250000e+02;1.9096476e-01;2.9250000e+02;1.4750308e-01;2.9250000e+02;9.8053500e-02;2.9250000e+02;5.2567352e-02;2.9250000e+02;8.6072497e-03;2.9250000e+02;-3.8683306e-02;2.9250000e+02;-7.9957284e-02;2.9250000e+02;-1.2470070e-01;2.9250000e+02;-5.2178480e-02;2.9250000e+02;-8.8859852e-03;2.9250000e+02;5.6050383e-02;2.9250000e+02;1.3623235e-01;2.9250000e+02;2.2494417e-01;2.9250000e+02;2.7370423e-01;2.9250000e+02;2.9542366e-01;2.9250000e+02;3.1035253e-01;2.9250000e+02;2.6650357e-01;2.9250000e+02;2.3006803e-01;2.9250000e+02;1.9096476e-01;2.9250000e+02;1.4750308e-01;2.9250000e+02;9.8053500e-02;2.9250000e+02;5.2567352e-02;2.9250000e+02;8.6072497e-03;2.9250000e+02;-3.8683306e-02;2.9250000e+02;-7.9957284e-02;2.9250000e+02;-1.2470070e-01;2.9250000e+02;-5.2178480e-02;2.9250000e+02;-8.8859852e-03;2.9250000e+02;5.6050383e-02;2.9250000e+02;1.3623235e-01;2.9250000e+02;2.2494417e-01;2.9250000e+02;2.7370423e-01;2.9250000e+02;2.9542366e-01;2.9250000e+02;3.1035253e-01;2.9250000e+02;2.6650357e-01;2.9250000e+02;2.3006803e-01;2.9250000e+02;1.9096476e-01;2.9250000e+02;1.4750308e-01;2.9250000e+02;9.8053500e-02;2.9250000e+02;5.2567352e-02;2.9250000e+02;8.6072497e-03;2.9250000e+02;-3.8683306e-02;2.9250000e+02;-7.9957284e-02;2.9250000e+02;-1.2470070e-01;2.9250000e+02;-5.2178480e-02;2.9250000e+02;-8.8859852e-03;2.9250000e+02;5.6050383e-02;2.9250000e+02;1.3623235e-01;2.9250000e+02;2.2494417e-01;2.9250000e+02;2.7370423e-01;2.9250000e+02;2.9542366e-01;2.9250000e+02;3.1035253e-01;2.9250000e+02;2.6650357e-01;2.9250000e+02;2.3006803e-01;2.9250000e+02;1.9096476e-01;2.9250000e+02;1.4750308e-01;2.9250000e+02;9.8053500e-02;2.9250000e+02;5.2567352e-02;2.9250000e+02;8.6072497e-03;2.9250000e+02;-3.8683306e-02;2.9250000e+02;-7.9957284e-02;2.9250000e+02;-1.2470070e-01;2.9250000e+02;-5.2178480e-02;2.9250000e+02;-8.8859852e-03;2.9250000e+02;5.6050383e-02;2.9250000e+02;1.3623235e-01;2.9250000e+02;2.2494417e-01;2.9250000e+02;2.7370423e-01;2.9250000e+02;2.9542366e-01;2.9250000e+02;3.1035253e-01;2.9250000e+02;2.6650357e-01;2.9250000e+02;2.3006803e-01;2.9250000e+02;1.9096476e-01;2.9250000e+02;1.4750308e-01;2.9250000e+02;9.8053500e-02;2.9250000e+02;5.2567352e-02;2.9250000e+02;8.6072497e-03;2.9250000e+02;-3.8683306e-02;2.9250000e+02;-7.9957284e-02;2.9250000e+02;-1.2470070e-01;2.9250000e+02;-5.2178480e-02;2.9250000e+02;-8.8859852e-03;2.9250000e+02;5.6050383e-02;2.9250000e+02;1.3623235e-01;2.9250000e+02;2.2494417e-01;2.9250000e+02;2.7370423e-01;2.9250000e+02;2.9542366e-01;2.9250000e+02;3.1035253e-01;2.9250000e+02;2.6650357e-01;2.9250000e+02;2.3006803e-01;2.9250000e+02;1.9096476e-01;2.9250000e+02;1.4750308e-01;2.9250000e+02;9.8053500e-02;2.9250000e+02;5.2567352e-02;2.9250000e+02;8.6072497e-03;2.9250000e+02;-3.8683306e-02;2.9250000e+02;-7.9957284e-02;2.9250000e+02;-1.2470070e-01;2.9250000e+02;-5.2178480e-02;2.9250000e+02;-8.8859852e-03;2.9250000e+02;5.6050383e-02;2.9250000e+02;1.3623235e-01;2.9250000e+02;2.2494417e-01;2.9250000e+02;2.7370423e-01;2.9250000e+02;2.9542366e-01;2.9250000e+02;3.1035253e-01;2.9250000e+02;2.6650357e-01;2.9250000e+02;2.3006803e-01;2.9250000e+02;1.9096476e-01;2.9250000e+02;1.4750308e-01;2.9250000e+02;9.8053500e-02;2.9250000e+02;5.2567352e-02;2.9250000e+02;8.6072497e-03;2.9250000e+02;-3.8683306e-02;2.9250000e+02;-7.9957284e-02;2.9250000e+02;-1.2470070e-01;2.9250000e+02;-5.2178480e-02;2.9250000e+02;-8.8859852e-03;2.9250000e+02;5.6050383e-02;2.9250000e+02;1.3623235e-01;2.9250000e+02;2.2494417e-01;2.9250000e+02;2.7370423e-01;2.9250000e+02;2.9542366e-01;2.9250000e+02;3.1035253e-01;2.9250000e+02;2.6650357e-01;2.9250000e+02;2.3006803e-01;2.9250000e+02;1.9096476e-01;2.9250000e+02;1.4750308e-01;2.9250000e+02;9.8053500e-02;2.9250000e+02;5.2567352e-02;2.9250000e+02;8.6072497e-03;2.9250000e+02;-3.8683306e-02;2.9250000e+02;-7.9957284e-02;2.9250000e+02;-1.2470070e-01;2.9250000e+02;-5.2178480e-02;2.9250000e+02;-8.8859852e-03;2.9250000e+02;5.6050383e-02;2.9250000e+02;1.3623235e-01;2.9250000e+02;2.2494417e-01;2.9250000e+02;2.7370423e-01;2.9250000e+02;2.9542366e-01;2.9250000e+02;3.1035253e-01;2.9250000e+02;2.6650357e-01;2.9250000e+02;2.3006803e-01;2.9250000e+02;1.9096476e-01;2.9250000e+02;1.4750308e-01;2.9250000e+02;9.8053500e-02;2.9250000e+02;5.2567352e-02;2.9250000e+02;8.6072497e-03;2.9250000e+02;-3.8683306e-02;2.9250000e+02;-7.9957284e-02;2.9250000e+02;-1.2470070e-01;2.9250000e+02;-5.2178480e-02;2.9250000e+02;-8.8859852e-03;2.9250000e+02;5.6050383e-02;2.9250000e+02;1.3623235e-01;2.9250000e+02;2.2494417e-01;2.9250000e+02;2.7370423e-01;2.9250000e+02;2.9542366e-01;2.9250000e+02;3.1035253e-01;2.9250000e+02;2.6650357e-01;2.9250000e+02;2.3006803e-01;2.9250000e+02;1.9096476e-01;2.9250000e+02;1.4750308e-01;2.9250000e+02;9.8053500e-02;2.9250000e+02;5.2567352e-02;2.9250000e+02;8.6072497e-03;2.9250000e+02;-3.8683306e-02;2.9250000e+02;-7.9957284e-02;2.9250000e+02;-1.2470070e-01;2.9250000e+02;-5.2178480e-02;2.9250000e+02;-8.8859852e-03;2.9250000e+02;5.6050383e-02;2.9250000e+02;1.3623235e-01;2.9250000e+02;2.2494417e-01;2.9250000e+02;2.7370423e-01;2.9250000e+02;2.9542366e-01;2.9250000e+02;3.1035253e-01;2.9250000e+02;2.6650357e-01;2.9250000e+02;2.3006803e-01;2.9250000e+02;1.9096476e-01;2.9250000e+02;1.4750308e-01;2.9250000e+02;9.8053500e-02;2.9250000e+02;5.2567352e-02;2.9250000e+02;8.6072497e-03;2.9250000e+02;-3.8683306e-02;2.9250000e+02;-7.9957284e-02;2.9250000e+02;-1.2470070e-01;2.9250000e+02;-5.2178480e-02;2.9250000e+02;-8.8859852e-03;2.9250000e+02;5.6050383e-02;2.9250000e+02;1.3623235e-01;2.9250000e+02;2.2494417e-01;2.9250000e+02;2.7370423e-01;2.9250000e+02;2.9542366e-01;2.9250000e+02;3.1035253e-01;2.9250000e+02;2.6650357e-01;2.9250000e+02;2.3006803e-01;2.9250000e+02;1.9096476e-01;2.9250000e+02;1.4750308e-01;2.9250000e+02;9.8053500e-02;2.9250000e+02;5.2567352e-02;2.9250000e+02;8.6072497e-03;2.9250000e+02;-3.8683306e-02;2.9250000e+02;-7.9957284e-02;2.9250000e+02;-1.2470070e-01;2.9250000e+02;-5.2178480e-02;2.9250000e+02;-8.8859852e-03;2.9250000e+02;5.6050383e-02;2.9250000e+02;1.3623235e-01;2.9250000e+02;2.2494417e-01;2.9250000e+02;2.7370423e-01;2.9250000e+02;2.9542366e-01;2.9250000e+02;3.1035253e-01;2.9250000e+02;2.6650357e-01;2.9250000e+02;2.3006803e-01;2.9250000e+02;1.9096476e-01;2.9250000e+02;1.4750308e-01;2.9250000e+02;9.8053500e-02;2.9250000e+02;5.2567352e-02;2.9250000e+02;8.6072497e-03;2.9250000e+02;-3.8683306e-02;2.9250000e+02;-7.9957284e-02;2.9250000e+02;-1.2470070e-01;2.9250000e+02;-5.2178480e-02;2.9250000e+02;-8.8859852e-03;2.9250000e+02;5.6050383e-02;2.9250000e+02;1.3623235e-01;2.9250000e+02;2.2494417e-01;2.9250000e+02;2.7370423e-01;2.9250000e+02;2.9542366e-01;2.9250000e+02;3.1035253e-01;2.9250000e+02;2.6650357e-01;2.9250000e+02;2.3006803e-01;2.9250000e+02;1.9096476e-01;2.9250000e+02;1.4750308e-01;2.9250000e+02;9.8053500e-02;2.9250000e+02;5.2567352e-02;2.9250000e+02;8.6072497e-03;2.9250000e+02;-3.8683306e-02;2.9250000e+02;-7.9957284e-02;2.9250000e+02;-1.2470070e-01;2.9250000e+02;-5.2178480e-02;2.9250000e+02;-8.8859852e-03;2.9250000e+02;5.6050383e-02;2.9250000e+02;1.3623235e-01;2.9250000e+02;2.2494417e-01;2.9250000e+02;2.7370423e-01;2.9250000e+02;2.9542366e-01;2.9250000e+02;3.1035253e-01;2.9250000e+02;2.6650357e-01;2.9250000e+02;2.3006803e-01;2.9250000e+02;1.9096476e-01;2.9250000e+02;1.4750308e-01;2.9250000e+02;9.8053500e-02;2.9250000e+02;5.2567352e-02;2.9250000e+02;8.6072497e-03;2.9250000e+02;-3.8683306e-02;2.9250000e+02;-7.9957284e-02;2.9250000e+02;-1.2470070e-01;2.9250000e+02;-5.2178480e-02;2.9250000e+02;-8.8859852e-03;2.9250000e+02;5.6050383e-02;2.9250000e+02;1.3623235e-01;2.9250000e+02;2.2494417e-01;2.9250000e+02;2.7370423e-01;2.9250000e+02;2.9542366e-01;2.9250000e+02;3.1035253e-01;2.9250000e+02;2.6650357e-01;2.9250000e+02;2.3006803e-01;2.9250000e+02;1.9096476e-01;2.9250000e+02;1.4750308e-01;2.9250000e+02;9.8053500e-02;2.9250000e+02;5.2567352e-02;2.9250000e+02;8.6072497e-03;2.9250000e+02;-3.8683306e-02;2.9250000e+02;-7.9957284e-02;2.9250000e+02;-1.2470070e-01;2.9250000e+02;-5.2178480e-02;2.9250000e+02;-8.8859852e-03;2.9250000e+02;5.6050383e-02;2.9250000e+02;1.3623235e-01;2.9250000e+02;2.2494417e-01;2.9250000e+02;2.7370423e-01;2.9250000e+02;2.9542366e-01;2.9250000e+02;3.1035253e-01;2.9250000e+02;2.6650357e-01;2.9250000e+02;2.3006803e-01;2.9250000e+02;1.9096476e-01;2.9250000e+02;1.4750308e-01;2.9250000e+02;9.8053500e-02;2.9250000e+02;5.2567352e-02;2.9250000e+02;8.6072497e-03;2.9250000e+02;-3.8683306e-02;2.9250000e+02;-7.9957284e-02;2.9250000e+02;-1.2470070e-01;2.9250000e+02;-5.2178480e-02;2.9250000e+02;-8.8859852e-03;2.9250000e+02;5.6050383e-02;2.9250000e+02;1.3623235e-01;2.9250000e+02;2.2494417e-01;2.9250000e+02;2.7370423e-01;2.9250000e+02;2.9542366e-01;2.9250000e+02;3.1035253e-01;2.9250000e+02;2.6650357e-01;2.9250000e+02;2.3006803e-01;2.9250000e+02;1.9096476e-01;2.9250000e+02;1.4750308e-01;2.9250000e+02;9.8053500e-02;2.9250000e+02;5.2567352e-02;2.9250000e+02;8.6072497e-03;2.9250000e+02;-3.8683306e-02;2.9250000e+02;-7.9957284e-02;2.9250000e+02;-1.2470070e-01;2.9250000e+02;-5.2178480e-02;2.9250000e+02;-8.8859852e-03;2.9250000e+02;5.6050383e-02;2.9250000e+02;1.3623235e-01;2.9250000e+02;2.2494417e-01;2.9250000e+02;2.7370423e-01;2.9250000e+02;2.9542366e-01;2.9250000e+02;3.1035253e-01;2.9250000e+02;2.6650357e-01;2.9250000e+02;2.3006803e-01;2.9250000e+02;1.9096476e-01;2.9250000e+02;1.4750308e-01;2.9250000e+02;9.8053500e-02;2.9250000e+02;5.2567352e-02;2.9250000e+02;8.6072497e-03;2.9250000e+02;-3.8683306e-02;2.9250000e+02;-7.9957284e-02;2.9250000e+02;-1.2470070e-01;2.9250000e+02;-5.2178480e-02;2.9250000e+02;-8.8859852e-03;2.9250000e+02;5.6050383e-02;2.9250000e+02;1.3623235e-01;2.9250000e+02;2.2494417e-01;2.9250000e+02;2.7370423e-01;2.9250000e+02;2.9542366e-01;2.9250000e+02;3.1035253e-01;2.9250000e+02;2.6650357e-01;2.9250000e+02;2.3006803e-01;2.9250000e+02;1.9096476e-01;2.9250000e+02;1.4750308e-01;2.9250000e+02;9.8053500e-02;2.9250000e+02;5.2567352e-02;2.9250000e+02;8.6072497e-03;2.9250000e+02;-3.8683306e-02;2.9250000e+02;-7.9957284e-02;2.9250000e+02;-1.2470070e-01;2.9250000e+02;-5.2178480e-02;2.9250000e+02;-8.8859852e-03;2.9250000e+02;5.6050383e-02;2.9250000e+02;1.3623235e-01;2.9250000e+02;2.2494417e-01;2.9250000e+02;2.7370423e-01;2.9250000e+02;2.9542366e-01;2.9250000e+02;3.1035253e-01;2.9250000e+02;2.6650357e-01;2.9250000e+02;2.3006803e-01;2.9250000e+02;1.9096476e-01;2.9250000e+02;1.4750308e-01;2.9250000e+02;9.8053500e-02;2.9250000e+02;5.2567352e-02;2.9250000e+02;8.6072497e-03;2.9250000e+02;-3.8683306e-02;2.9250000e+02;-7.9957284e-02;2.9250000e+02;-1.2470070e-01;2.9250000e+02;-5.2178480e-02;2.9250000e+02;-8.8859852e-03;2.9250000e+02;5.6050383e-02;2.9250000e+02;1.3623235e-01;2.9250000e+02;2.2494417e-01;2.9250000e+02;2.7370423e-01;2.9250000e+02;2.9542366e-01;2.9250000e+02;3.1035253e-01;2.9250000e+02;2.6650357e-01;2.9250000e+02;2.3006803e-01;2.9250000e+02;1.9096476e-01;2.9250000e+02;1.4750308e-01;2.9250000e+02;9.8053500e-02;2.9250000e+02;5.2567352e-02;2.9250000e+02;8.6072497e-03;2.9250000e+02;-3.8683306e-02;2.9250000e+02;-7.9957284e-02;2.9250000e+02;-1.2470070e-01;2.9250000e+02;-5.2178480e-02;2.9250000e+02;-8.8859852e-03;2.9250000e+02;5.6050383e-02;2.9250000e+02;1.3623235e-01;2.9250000e+02;2.2494417e-01;2.9250000e+02;2.7370423e-01;2.9250000e+02;2.9542366e-01;2.9250000e+02;3.1035253e-01;2.9250000e+02;2.6650357e-01;2.9250000e+02;2.3006803e-01;2.9250000e+02;1.9096476e-01;2.9250000e+02;1.4750308e-01;2.9250000e+02;9.8053500e-02;2.9250000e+02;5.2567352e-02;2.9250000e+02;8.6072497e-03;2.9250000e+02;-3.8683306e-02;2.9250000e+02;-7.9957284e-02;2.9250000e+02;-1.2470070e-01;2.9250000e+02;-5.2178480e-02;2.9250000e+02;-8.8859852e-03;2.9250000e+02;5.6050383e-02;2.9250000e+02;1.3623235e-01;2.9250000e+02;2.2494417e-01;2.9250000e+02;2.7370423e-01;2.9250000e+02;2.9542366e-01;2.9250000e+02;3.1035253e-01;2.9250000e+02;2.6650357e-01;2.9250000e+02;2.3006803e-01;2.9250000e+02;1.9096476e-01;2.9250000e+02;1.4750308e-01;2.9250000e+02;9.8053500e-02;2.9250000e+02;5.2567352e-02;2.9250000e+02;8.6072497e-03;2.9250000e+02;-3.8683306e-02;2.9250000e+02;-7.9957284e-02;2.9250000e+02;-1.2470070e-01;2.9250000e+02;-5.2178480e-02;2.9250000e+02;-8.8859852e-03;2.9250000e+02;5.6050383e-02;2.9250000e+02;1.3623235e-01;2.9250000e+02;2.2494417e-01;2.9250000e+02;2.7370423e-01;2.9250000e+02;2.9542366e-01;2.9250000e+02;3.1035253e-01;2.9250000e+02;2.6650357e-01;2.9250000e+02;2.3006803e-01;2.9250000e+02;1.9096476e-01;2.9250000e+02;1.4750308e-01;2.9250000e+02;9.8053500e-02;2.9250000e+02;5.2567352e-02;2.9250000e+02;8.6072497e-03;2.9250000e+02;-3.8683306e-02;2.9250000e+02;-7.9957284e-02;2.9250000e+02;-1.2470070e-01;2.9250000e+02;-5.2178480e-02;2.9250000e+02;-8.8859852e-03;2.9250000e+02;5.6050383e-02;2.9250000e+02;1.3623235e-01;2.9250000e+02;2.2494417e-01;2.9250000e+02;2.7370423e-01;2.9250000e+02;2.9542366e-01;2.9250000e+02;3.1035253e-01;2.9250000e+02;2.6650357e-01;2.9250000e+02;2.3006803e-01;2.9250000e+02;1.9096476e-01;2.9250000e+02;1.4750308e-01;2.9250000e+02;9.8053500e-02;2.9250000e+02;5.2567352e-02;2.9250000e+02;8.6072497e-03;2.9250000e+02;-3.8683306e-02;2.9250000e+02;-7.9957284e-02;2.9250000e+02;-1.2470070e-01;2.9250000e+02;-5.2178480e-02;2.9250000e+02;-8.8859852e-03;2.9250000e+02;5.6050383e-02;2.9250000e+02;1.3623235e-01;2.9250000e+02;2.2494417e-01;2.9250000e+02;2.7370423e-01;2.9250000e+02;2.9542366e-01;2.9250000e+02;3.1035253e-01;2.9250000e+02;2.6650357e-01;2.9250000e+02;2.3006803e-01;2.9250000e+02;1.9096476e-01;2.9250000e+02;1.4750308e-01;2.9250000e+02;9.8053500e-02;2.9250000e+02;5.2567352e-02;2.9250000e+02;8.6072497e-03;2.9250000e+02;-3.8683306e-02;2.9250000e+02;-7.9957284e-02;2.9250000e+02;-1.2470070e-01
2.9750000e+02;-5.0990563e-02;2.9750000e+02;-7.2521549e-03;2.9750000e+02;6.1806232e-02;2.9750000e+02;1.4133874e-01;2.9750000e+02;2.2818132e-01;2.9750000e+02;2.7790135e-01;2.9750000e+02;2.9042447e-01;2.9750000e+02;3.2231325e-01;2.9750000e+02;2.8846055e-01;2.9750000e+02;2.3597839e-01;2.9750000e+02;1.8676007e-01;2.9750000e+02;1.4040786e-01;2.9750000e+02;9.4661027e-02;2.9750000e+02;4.9085051e-02;2.9750000e+02;7.2316118e-03;2.9750000e+02;-4.1063078e-02;2.9750000e+02;-8.3185367e-02;2.9750000e+02;-1.2615083e-01;2.9750000e+02;-5.0990563e-02;2.9750000e+02;-7.2521549e-03;2.9750000e+02;6.1806232e-02;2.9750000e+02;1.4133874e-01;2.9750000e+02;2.2818132e-01;2.9750000e+02;2.7790135e-01;2.9750000e+02;2.9042447e-01;2.9750000e+02;3.2231325e-01;2.9750000e+02;2.8846055e-01;2.9750000e+02;2.3597839e-01;2.9750000e+02;1.8676007e-01;2.9750000e+02;1.4040786e-01;2.9750000e+02;9.4661027e-02;2.9750000e+02;4.9085051e-02;2.9750000e+02;7.2316118e-03;2.9750000e+02;-4.1063078e-02;2.9750000e+02;-8.3185367e-02;2.9750000e+02;-1.2615083e-01;2.9750000e+02;-5.0990563e-02;2.9750000e+02;-7.2521549e-03;2.9750000e+02;6.1806232e-02;2.9750000e+02;1.4133874e-01;2.9750000e+02;2.2818132e-01;2.9750000e+02;2.7790135e-01;2.9750000e+02;2.9042447e-01;2.9750000e+02;3.2231325e-01;2.9750000e+02;2.8846055e-01;2.9750000e+02;2.3597839e-01;2.9750000e+02;1.8676007e-01;2.9750000e+02;1.4040786e-01;2.9750000e+02;9.4661027e-02;2.9750000e+02;4.9085051e-02;2.9750000e+02;7.2316118e-03;2.9750000e+02;-4.1063078e-02;2.9750000e+02;-8.3185367e-02;2.9750000e+02;-1.2615083e-01;2.9750000e+02;-5.0990563e-02;2.9750000e+02;-7.2521549e-03;2.9750000e+02;6.1806232e-02;2.9750000e+02;1.4133874e-01;2.9750000e+02;2.2818132e-01;2.9750000e+02;2.7790135e-01;2.9750000e+02;2.9042447e-01;2.9750000e+02;3.2231325e-01;2.9750000e+02;2.8846055e-01;2.9750000e+02;2.3597839e-01;2.9750000e+02;1.8676007e-01;2.9750000e+02;1.4040786e-01;2.9750000e+02;9.4661027e-02;2.9750000e+02;4.9085051e-02;2.9750000e+02;7.2316118e-03;2.9750000e+02;-4.1063078e-02;2.9750000e+02;-8.3185367e-02;2.9750000e+02;-1.2615083e-01;2.9750000e+02;-5.0990563e-02;2.9750000e+02;-7.2521549e-03;2.9750000e+02;6.1806232e-02;2.9750000e+02;1.4133874e-01;2.9750000e+02;2.2818132e-01;2.9750000e+02;2.7790135e-01;2.9750000e+02;2.9042447e-01;2.9750000e+02;3.2231325e-01;2.9750000e+02;2.8846055e-01;2.9750000e+02;2.3597839e-01;2.9750000e+02;1.8676007e-01;2.9750000e+02;1.4040786e-01;2.9750000e+02;9.4661027e-02;2.9750000e+02;4.9085051e-02;2.9750000e+02;7.2316118e-03;2.9750000e+02;-4.1063078e-02;2.9750000e+02;-8.3185367e-02;2.9750000e+02;-1.2615083e-01;2.9750000e+02;-5.0990563e-02;2.9750000e+02;-7.2521549e-03;2.9750000e+02;6.1806232e-02;2.9750000e+02;1.4133874e-01;2.9750000e+02;2.2818132e-01;2.9750000e+02;2.7790135e-01;2.9750000e+02;2.9042447e-01;2.9750000e+02;3.2231325e-01;2.9750000e+02;2.8846055e-01;2.9750000e+02;2.3597839e-01;2.9750000e+02;1.8676007e-01;2.9750000e+02;1.4040786e-01;2.9750000e+02;9.4661027e-02;2.9750000e+02;4.9085051e-02;2.9750000e+02;7.2316118e-03;2.9750000e+02;-4.1063078e-02;2.9750000e+02;-8.3185367e-02;2.9750000e+02;-1.2615083e-01;2.9750000e+02;-5.0990563e-02;2.9750000e+02;-7.2521549e-03;2.9750000e+02;6.1806232e-02;2.9750000e+02;1.4133874e-01;2.9750000e+02;2.2818132e-01;2.9750000e+02;2.7790135e-01;2.9750000e+02;2.9042447e-01;2.9750000e+02;3.2231325e-01;2.9750000e+02;2.8846055e-01;2.9750000e+02;2.3597839e-01;2.9750000e+02;1.8676007e-01;2.9750000e+02;1.4040786e-01;2.9750000e+02;9.4661027e-02;2.9750000e+02;4.9085051e-02;2.9750000e+02;7.2316118e-03;2.9750000e+02;-4.1063078e-02;2.9750000e+02;-8.3185367e-02;2.9750000e+02;-1.2615083e-01;2.9750000e+02;-5.0990563e-02;2.9750000e+02;-7.2521549e-03;2.9750000e+02;6.1806232e-02;2.9750000e+02;1.4133874e-01;2.9750000e+02;2.2818132e-01;2.9750000e+02;2.7790135e-01;2.9750000e+02;2.9042447e-01;2.9750000e+02;3.2231325e-01;2.9750000e+02;2.8846055e-01;2.9750000e+02;2.3597839e-01;2.9750000e+02;1.8676007e-01;2.9750000e+02;1.4040786e-01;2.9750000e+02;9.4661027e-02;2.9750000e+02;4.9085051e-02;2.9750000e+02;7.2316118e-03;2.9750000e+02;-4.1063078e-02;2.9750000e+02;-8.3185367e-02;2.9750000e+02;-1.2615083e-01;2.9750000e+02;-5.0990563e-02;2.9750000e+02;-7.2521549e-03;2.9750000e+02;6.1806232e-02;2.9750000e+02;1.4133874e-01;2.9750000e+02;2.2818132e-01;2.9750000e+02;2.7790135e-01;2.9750000e+02;2.9042447e-01;2.9750000e+02;3.2231325e-01;2.9750000e+02;2.8846055e-01;2.9750000e+02;2.3597839e-01;2.9750000e+02;1.8676007e-01;2.9750000e+02;1.4040786e-01;2.9750000e+02;9.4661027e-02;2.9750000e+02;4.9085051e-02;2.9750000e+02;7.2316118e-03;2.9750000e+02;-4.1063078e-02;2.9750000e+02;-8.3185367e-02;2.9750000e+02;-1.2615083e-01;2.9750000e+02;-5.0990563e-02;2.9750000e+02;-7.2521549e-03;2.9750000e+02;6.1806232e-02;2.9750000e+02;1.4133874e-01;2.9750000e+02;2.2818132e-01;2.9750000e+02;2.7790135e-01;2.9750000e+02;2.9042447e-01;2.9750000e+02;3.2231325e-01;2.9750000e+02;2.8846055e-01;2.9750000e+02;2.3597839e-01;2.9750000e+02;1.8676007e-01;2.9750000e+02;1.4040786e-01;2.9750000e+02;9.4661027e-02;2.9750000e+02;4.9085051e-02;2.9750000e+02;7.2316118e-03;2.9750000e+02;-4.1063078e-02;2.9750000e+02;-8.3185367e-02;2.9750000e+02;-1.2615083e-01;2.9750000e+02;-5.0990563e-02;2.9750000e+02;-7.2521549e-03;2.9750000e+02;6.1806232e-02;2.9750000e+02;1.4133874e-01;2.9750000e+02;2.2818132e-01;2.9750000e+02;2.7790135e-01;2.9750000e+02;2.9042447e-01;2.9750000e+02;3.2231325e-01;2.9750000e+02;2.8846055e-01;2.9750000e+02;2.3597839e-01;2.9750000e+02;1.8676007e-01;2.9750000e+02;1.4040786e-01;2.9750000e+02;9.4661027e-02;2.9750000e+02;4.9085051e-02;2.9750000e+02;7.2316118e-03;2.9750000e+02;-4.1063078e-02;2.9750000e+02;-8.3185367e-02;2.9750000e+02;-1.2615083e-01;2.9750000e+02;-5.0990563e-02;2.9750000e+02;-7.2521549e-03;2.9750000e+02;6.1806232e-02;2.9750000e+02;1.4133874e-01;2.9750000e+02;2.2818132e-01;2.9750000e+02;2.7790135e-01;2.9750000e+02;2.9042447e-01;2.9750000e+02;3.2231325e-01;2.9750000e+02;2.8846055e-01;2.9750000e+02;2.3597839e-01;2.9750000e+02;1.8676007e-01;2.9750000e+02;1.4040786e-01;2.9750000e+02;9.4661027e-02;2.9750000e+02;4.9085051e-02;2.9750000e+02;7.2316118e-03;2.9750000e+02;-4.1063078e-02;2.9750000e+02;-8.3185367e-02;2.9750000e+02;-1.2615083e-01;2.9750000e+02;-5.0990563e-02;2.9750000e+02;-7.2521549e-03;2.9750000e+02;6.1806232e-02;2.9750000e+02;1.4133874e-01;2.9750000e+02;2.2818132e-01;2.9750000e+02;2.7790135e-01;2.9750000e+02;2.9042447e-01;2.9750000e+02;3.2231325e-01;2.9750000e+02;2.8846055e-01;2.9750000e+02;2.3597839e-01;2.9750000e+02;1.8676007e-01;2.9750000e+02;1.4040786e-01;2.9750000e+02;9.4661027e-02;2.9750000e+02;4.9085051e-02;2.9750000e+02;7.2316118e-03;2.9750000e+02;-4.1063078e-02;2.9750000e+02;-8.3185367e-02;2.9750000e+02;-1.2615083e-01;2.9750000e+02;-5.0990563e-02;2.9750000e+02;-7.2521549e-03;2.9750000e+02;6.1806232e-02;2.9750000e+02;1.4133874e-01;2.9750000e+02;2.2818132e-01;2.9750000e+02;2.7790135e-01;2.9750000e+02;2.9042447e-01;2.9750000e+02;3.2231325e-01;2.9750000e+02;2.8846055e-01;2.9750000e+02;2.3597839e-01;2.9750000e+02;1.8676007e-01;2.9750000e+02;1.4040786e-01;2.9750000e+02;9.4661027e-02;2.9750000e+02;4.9085051e-02;2.9750000e+02;7.2316118e-03;2.9750000e+02;-4.1063078e-02;2.9750000e+02;-8.3185367e-02;2.9750000e+02;-1.2615083e-01;2.9750000e+02;-5.0990563e-02;2.9750000e+02;-7.2521549e-03;2.9750000e+02;6.1806232e-02;2.9750000e+02;1.4133874e-01;2.9750000e+02;2.2818132e-01;2.9750000e+02;2.7790135e-01;2.9750000e+02;2.9042447e-01;2.9750000e+02;3.2231325e-01;2.9750000e+02;2.8846055e-01;2.9750000e+02;2.3597839e-01;2.9750000e+02;1.8676007e-01;2.9750000e+02;1.4040786e-01;2.9750000e+02;9.4661027e-02;2.9750000e+02;4.9085051e-02;2.9750000e+02;7.2316118e-03;2.9750000e+02;-4.1063078e-02;2.9750000e+02;-8.3185367e-02;2.9750000e+02;-1.2615083e-01;2.9750000e+02;-5.0990563e-02;2.9750000e+02;-7.2521549e-03;2.9750000e+02;6.1806232e-02;2.9750000e+02;1.4133874e-01;2.9750000e+02;2.2818132e-01;2.9750000e+02;2.7790135e-01;2.9750000e+02;2.9042447e-01;2.9750000e+02;3.2231325e-01;2.9750000e+02;2.8846055e-01;2.9750000e+02;2.3597839e-01;2.9750000e+02;1.8676007e-01;2.9750000e+02;1.4040786e-01;2.9750000e+02;9.4661027e-02;2.9750000e+02;4.9085051e-02;2.9750000e+02;7.2316118e-03;2.9750000e+02;-4.1063078e-02;2.9750000e+02;-8.3185367e-02;2.9750000e+02;-1.2615083e-01;2.9750000e+02;-5.0990563e-02;2.9750000e+02;-7.2521549e-03;2.9750000e+02;6.1806232e-02;2.9750000e+02;1.4133874e-01;2.9750000e+02;2.2818132e-01;2.9750000e+02;2.7790135e-01;2.9750000e+02;2.9042447e-01;2.9750000e+02;3.2231325e-01;2.9750000e+02;2.8846055e-01;2.9750000e+02;2.3597839e-01;2.9750000e+02;1.8676007e-01;2.9750000e+02;1.4040786e-01;2.9750000e+02;9.4661027e-02;2.9750000e+02;4.9085051e-02;2.9750000e+02;7.2316118e-03;2.9750000e+02;-4.1063078e-02;2.9750000e+02;-8.3185367e-02;2.9750000e+02;-1.2615083e-01;2.9750000e+02;-5.0990563e-02;2.9750000e+02;-7.2521549e-03;2.9750000e+02;6.1806232e-02;2.9750000e+02;1.4133874e-01;2.9750000e+02;2.2818132e-01;2.9750000e+02;2.7790135e-01;2.9750000e+02;2.9042447e-01;2.9750000e+02;3.2231325e-01;2.9750000e+02;2.8846055e-01;2.9750000e+02;2.3597839e-01;2.9750000e+02;1.8676007e-01;2.9750000e+02;1.4040786e-01;2.9750000e+02;9.4661027e-02;2.9750000e+02;4.9085051e-02;2.9750000e+02;7.2316118e-03;2.9750000e+02;-4.1063078e-02;2.9750000e+02;-8.3185367e-02;2.9750000e+02;-1.2615083e-01;2.9750000e+02;-5.0990563e-02;2.9750000e+02;-7.2521549e-03;2.9750000e+02;6.1806232e-02;2.9750000e+02;1.4133874e-01;2.9750000e+02;2.2818132e-01;2.9750000e+02;2.7790135e-01;2.9750000e+02;2.9042447e-01;2.9750000e+02;3.2231325e-01;2.9750000e+02;2.8846055e-01;2.9750000e+02;2.3597839e-01;2.9750000e+02;1.8676007e-01;2.9750000e+02;1.4040786e-01;2.9750000e+02;9.4661027e-02;2.9750000e+02;4.9085051e-02;2.9750000e+02;7.2316118e-03;2.9750000e+02;-4.1063078e-02;2.9750000e+02;-8.3185367e-02;2.9750000e+02;-1.2615083e-01;2.9750000e+02;-5.0990563e-02;2.9750000e+02;-7.2521549e-03;2.9750000e+02;6.1806232e-02;2.9750000e+02;1.4133874e-01;2.9750000e+02;2.2818132e-01;2.9750000e+02;2.7790135e-01;2.9750000e+02;2.9042447e-01;2.9750000e+02;3.2231325e-01;2.9750000e+02;2.8846055e-01;2.9750000e+02;2.3597839e-01;2.9750000e+02;1.8676007e-01;2.9750000e+02;1.4040786e-01;2.9750000e+02;9.4661027e-02;2.9750000e+02;4.9085051e-02;2.9750000e+02;7.2316118e-03;2.9750000e+02;-4.1063078e-02;2.9750000e+02;-8.3185367e-02;2.9750000e+02;-1.2615083e-01;2.9750000e+02;-5.0990563e-02;2.9750000e+02;-7.2521549e-03;2.9750000e+02;6.1806232e-02;2.9750000e+02;1.4133874e-01;2.9750000e+02;2.2818132e-01;2.9750000e+02;2.7790135e-01;2.9750000e+02;2.9042447e-01;2.9750000e+02;3.2231325e-01;2.9750000e+02;2.8846055e-01;2.9750000e+02;2.3597839e-01;2.9750000e+02;1.8676007e-01;2.9750000e+02;1.4040786e-01;2.9750000e+02;9.4661027e-02;2.9750000e+02;4.9085051e-02;2.9750000e+02;7.2316118e-03;2.9750000e+02;-4.1063078e-02;2.9750000e+02;-8.3185367e-02;2.9750000e+02;-1.2615083e-01;2.9750000e+02;-5.0990563e-02;2.9750000e+02;-7.2521549e-03;2.9750000e+02;6.1806232e-02;2.9750000e+02;1.4133874e-01;2.9750000e+02;2.2818132e-01;2.9750000e+02;2.7790135e-01;2.9750000e+02;2.9042447e-01;2.9750000e+02;3.2231325e-01;2.9750000e+02;2.8846055e-01;2.9750000e+02;2.3597839e-01;2.9750000e+02;1.8676007e-01;2.9750000e+02;1.4040786e-01;2.9750000e+02;9.4661027e-02;2.9750000e+02;4.9085051e-02;2.9750000e+02;7.2316118e-03;2.9750000e+02;-4.1063078e-02;2.9750000e+02;-8.3185367e-02;2.9750000e+02;-1.2615083e-01;2.9750000e+02;-5.0990563e-02;2.9750000e+02;-7.2521549e-03;2.9750000e+02;6.1806232e-02;2.9750000e+02;1.4133874e-01;2.9750000e+02;2.2818132e-01;2.9750000e+02;2.7790135e-01;2.9750000e+02;2.9042447e-01;2.9750000e+02;3.2231325e-01;2.9750000e+02;2.8846055e-01;2.9750000e+02;2.3597839e-01;2.9750000e+02;1.8676007e-01;2.9750000e+02;1.4040786e-01;2.9750000e+02;9.4661027e-02;2.9750000e+02;4.9085051e-02;2.9750000e+02;7.2316118e-03;2.9750000e+02;-4.1063078e-02;2.9750000e+02;-8.3185367e-02;2.9750000e+02;-1.2615083e-01;2.9750000e+02;-5.0990563e-02;2.9750000e+02;-7.2521549e-03;2.9750000e+02;6.1806232e-02;2.9750000e+02;1.4133874e-01;2.9750000e+02;2.2818132e-01;2.9750000e+02;2.7790135e-01;2.9750000e+02;2.9042447e-01;2.9750000e+02;3.2231325e-01;2.9750000e+02;2.8846055e-01;2.9750000e+02;2.3597839e-01;2.9750000e+02;1.8676007e-01;2.9750000e+02;1.4040786e-01;2.9750000e+02;9.4661027e-02;2.9750000e+02;4.9085051e-02;2.9750000e+02;7.2316118e-03;2.9750000e+02;-4.1063078e-02;2.9750000e+02;-8.3185367e-02;2.9750000e+02;-1.2615083e-01;2.9750000e+02;-5.0990563e-02;2.9750000e+02;-7.2521549e-03;2.9750000e+02;6.1806232e-02;2.9750000e+02;1.4133874e-01;2.9750000e+02;2.2818132e-01;2.9750000e+02;2.7790135e-01;2.9750000e+02;2.9042447e-01;2.9750000e+02;3.2231325e-01;2.9750000e+02;2.8846055e-01;2.9750000e+02;2.3597839e-01;2.9750000e+02;1.8676007e-01;2.9750000e+02;1.4040786e-01;2.9750000e+02;9.4661027e-02;2.9750000e+02;4.9085051e-02;2.9750000e+02;7.2316118e-03;2.9750000e+02;-4.1063078e-02;2.9750000e+02;-8.3185367e-02;2.9750000e+02;-1.2615083e-01;2.9750000e+02;-5.0990563e-02;2.9750000e+02;-7.2521549e-03;2.9750000e+02;6.1806232e-02;2.9750000e+02;1.4133874e-01;2.9750000e+02;2.2818132e-01;2.9750000e+02;2.7790135e-01;2.9750000e+02;2.9042447e-01;2.9750000e+02;3.2231325e-01;2.9750000e+02;2.8846055e-01;2.9750000e+02;2.3597839e-01;2.9750000e+02;1.8676007e-01;2.9750000e+02;1.4040786e-01;2.9750000e+02;9.4661027e-02;2.9750000e+02;4.9085051e-02;2.9750000e+02;7.2316118e-03;2.9750000e+02;-4.1063078e-02;2.9750000e+02;-8.3185367e-02;2.9750000e+02;-1.2615083e-01;2.9750000e+02;-5.0990563e-02;2.9750000e+02;-7.2521549e-03;2.9750000e+02;6.1806232e-02;2.9750000e+02;1.4133874e-01;2.9750000e+02;2.2818132e-01;2.9750000e+02;2.7790135e-01;2.9750000e+02;2.9042447e-01;2.9750000e+02;3.2231325e-01;2.9750000e+02;2.8846055e-01;2.9750000e+02;2.3597839e-01;2.9750000e+02;1.8676007e-01;2.9750000e+02;1.4040786e-01;2.9750000e+02;9.4661027e-02;2.9750000e+02;4.9085051e-02;2.9750000e+02;7.2316118e-03;2.9750000e+02;-4.1063078e-02;2.9750000e+02;-8.3185367e-02;2.9750000e+02;-1.2615083e-01;2.9750000e+02;-5.0990563e-02;2.9750000e+02;-7.2521549e-03;2.9750000e+02;6.1806232e-02;2.9750000e+02;1.4133874e-01;2.9750000e+02;2.2818132e-01;2.9750000e+02;2.7790135e-01;2.9750000e+02;2.9042447e-01;2.9750000e+02;3.2231325e-01;2.9750000e+02;2.8846055e-01;2.9750000e+02;2.3597839e-01;2.9750000e+02;1.8676007e-01;2.9750000e+02;1.4040786e-01;2.9750000e+02;9.4661027e-02;2.9750000e+02;4.9085051e-02;2.9750000e+02;7.2316118e-03;2.9750000e+02;-4.1063078e-02;2.9750000e+02;-8.3185367e-02;2.9750000e+02;-1.2615083e-01;2.9750000e+02;-5.0990563e-02;2.9750000e+02;-7.2521549e-03;2.9750000e+02;6.1806232e-02;2.9750000e+02;1.4133874e-01;2.9750000e+02;2.2818132e-01;2.9750000e+02;2.7790135e-01;2.9750000e+02;2.9042447e-01;2.9750000e+02;3.2231325e-01;2.9750000e+02;2.8846055e-01;2.9750000e+02;2.3597839e-01;2.9750000e+02;1.8676007e-01;2.9750000e+02;1.4040786e-01;2.9750000e+02;9.4661027e-02;2.9750000e+02;4.9085051e-02;2.9750000e+02;7.2316118e-03;2.9750000e+02;-4.1063078e-02;2.9750000e+02;-8.3185367e-02;2.9750000e+02;-1.2615083e-01;2.9750000e+02;-5.0990563e-02;2.9750000e+02;-7.2521549e-03;2.9750000e+02;6.1806232e-02;2.9750000e+02;1.4133874e-01;2.9750000e+02;2.2818132e-01;2.9750000e+02;2.7790135e-01;2.9750000e+02;2.9042447e-01;2.9750000e+02;3.2231325e-01;2.9750000e+02;2.8846055e-01;2.9750000e+02;2.3597839e-01;2.9750000e+02;1.8676007e-01;2.9750000e+02;1.4040786e-01;2.9750000e+02;9.4661027e-02;2.9750000e+02;4.9085051e-02;2.9750000e+02;7.2316118e-03;2.9750000e+02;-4.1063078e-02;2.9750000e+02;-8.3185367e-02;2.9750000e+02;-1.2615083e-01;2.9750000e+02;-5.0990563e-02;2.9750000e+02;-7.2521549e-03;2.9750000e+02;6.1806232e-02;2.9750000e+02;1.4133874e-01;2.9750000e+02;2.2818132e-01;2.9750000e+02;2.7790135e-01;2.9750000e+02;2.9042447e-01;2.9750000e+02;3.2231325e-01;2.9750000e+02;2.8846055e-01;2.9750000e+02;2.3597839e-01;2.9750000e+02;1.8676007e-01;2.9750000e+02;1.4040786e-01;2.9750000e+02;9.4661027e-02;2.9750000e+02;4.9085051e-02;2.9750000e+02;7.2316118e-03;2.9750000e+02;-4.1063078e-02;2.9750000e+02;-8.3185367e-02;2.9750000e+02;-1.2615083e-01;2.9750000e+02;-5.0990563e-02;2.9750000e+02;-7.2521549e-03;2.9750000e+02;6.1806232e-02;2.9750000e+02;1.4133874e-01;2.9750000e+02;2.2818132e-01;2.9750000e+02;2.7790135e-01;2.9750000e+02;2.9042447e-01;2.9750000e+02;3.2231325e-01;2.9750000e+02;2.8846055e-01;2.9750000e+02;2.3597839e-01;2.9750000e+02;1.8676007e-01;2.9750000e+02;1.4040786e-01;2.9750000e+02;9.4661027e-02;2.9750000e+02;4.9085051e-02;2.9750000e+02;7.2316118e-03;2.9750000e+02;-4.1063078e-02;2.9750000e+02;-8.3185367e-02;2.9750000e+02;-1.2615083e-01;2.9750000e+02;-5.0990563e-02;2.9750000e+02;-7.2521549e-03;2.9750000e+02;6.1806232e-02;2.9750000e+02;1.4133874e-01;2.9750000e+02;2.2818132e-01;2.9750000e+02;2.7790135e-01;2.9750000e+02;2.9042447e-01;2.9750000e+02;3.2231325e-01;2.9750000e+02;2.8846055e-01;2.9750000e+02;2.3597839e-01;2.9750000e+02;1.8676007e-01;2.9750000e+02;1.4040786e-01;2.9750000e+02;9.4661027e-02;2.9750000e+02;4.9085051e-02;2.9750000e+02;7.2316118e-03;2.9750000e+02;-4.1063078e-02;2.9750000e+02;-8.3185367e-02;2.9750000e+02;-1.2615083e-01;2.9750000e+02;-5.0990563e-02;2.9750000e+02;-7.2521549e-03;2.9750000e+02;6.1806232e-02;2.9750000e+02;1.4133874e-01;2.9750000e+02;2.2818132e-01;2.9750000e+02;2.7790135e-01;2.9750000e+02;2.9042447e-01;2.9750000e+02;3.2231325e-01;2.9750000e+02;2.8846055e-01;2.9750000e+02;2.3597839e-01;2.9750000e+02;1.8676007e-01;2.9750000e+02;1.4040786e-01;2.9750000e+02;9.4661027e-02;2.9750000e+02;4.9085051e-02;2.9750000e+02;7.2316118e-03;2.9750000e+02;-4.1063078e-02;2.9750000e+02;-8.3185367e-02;2.9750000e+02;-1.2615083e-01;2.9750000e+02;-5.0990563e-02;2.9750000e+02;-7.2521549e-03;2.9750000e+02;6.1806232e-02;2.9750000e+02;1.4133874e-01;2.9750000e+02;2.2818132e-01;2.9750000e+02;2.7790135e-01;2.9750000e+02;2.9042447e-01;2.9750000e+02;3.2231325e-01;2.9750000e+02;2.8846055e-01;2.9750000e+02;2.3597839e-01;2.9750000e+02;1.8676007e-01;2.9750000e+02;1.4040786e-01;2.9750000e+02;9.4661027e-02;2.9750000e+02;4.9085051e-02;2.9750000e+02;7.2316118e-03;2.9750000e+02;-4.1063078e-02;2.9750000e+02;-8.3185367e-02;2.9750000e+02;-1.2615083e-01;2.9750000e+02;-5.0990563e-02;2.9750000e+02;-7.2521549e-03;2.9750000e+02;6.1806232e-02;2.9750000e+02;1.4133874e-01;2.9750000e+02;2.2818132e-01;2.9750000e+02;2.7790135e-01;2.9750000e+02;2.9042447e-01;2.9750000e+02;3.2231325e-01;2.9750000e+02;2.8846055e-01;2.9750000e+02;2.3597839e-01;2.9750000e+02;1.8676007e-01;2.9750000e+02;1.4040786e-01;2.9750000e+02;9.4661027e-02;2.9750000e+02;4.9085051e-02;2.9750000e+02;7.2316118e-03;2.9750000e+02;-4.1063078e-02;2.9750000e+02;-8.3185367e-02;2.9750000e+02;-1.2615083e-01;2.9750000e+02;-5.0990563e-02;2.9750000e+02;-7.2521549e-03;2.9750000e+02;6.1806232e-02;2.9750000e+02;1.4133874e-01;2.9750000e+02;2.2818132e-01;2.9750000e+02;2.7790135e-01;2.9750000e+02;2.9042447e-01;2.9750000e+02;3.2231325e-01;2.9750000e+02;2.8846055e-01;2.9750000e+02;2.3597839e-01;2.9750000e+02;1.8676007e-01;2.9750000e+02;1.4040786e-01;2.9750000e+02;9.4661027e-02;2.9750000e+02;4.9085051e-02;2.9750000e+02;7.2316118e-03;2.9750000e+02;-4.1063078e-02;2.9750000e+02;-8.3185367e-02;2.9750000e+02;-1.2615083e-01;2.9750000e+02;-5.0990563e-02;2.9750000e+02;-7.2521549e-03;2.9750000e+02;6.1806232e-02;2.9750000e+02;1.4133874e-01;2.9750000e+02;2.2818132e-01;2.9750000e+02;2.7790135e-01;2.9750000e+02;2.9042447e-01;2.9750000e+02;3.2231325e-01;2.9750000e+02;2.8846055e-01;2.9750000e+02;2.3597839e-01;2.9750000e+02;1.8676007e-01;2.9750000e+02;1.4040786e-01;2.9750000e+02;9.4661027e-02;2.9750000e+02;4.9085051e-02;2.9750000e+02;7.2316118e-03;2.9750000e+02;-4.1063078e-02;2.9750000e+02;-8.3185367e-02;2.9750000e+02;-1.2615083e-01;2.9750000e+02;-5.0990563e-02;2.9750000e+02;-7.2521549e-03;2.9750000e+02;6.1806232e-02;2.9750000e+02;1.4133874e-01;2.9750000e+02;2.2818132e-01;2.9750000e+02;2.7790135e-01;2.9750000e+02;2.9042447e-01;2.9750000e+02;3.2231325e-01;2.9750000e+02;2.8846055e-01;2.9750000e+02;2.3597839e-01;2.9750000e+02;1.8676007e-01;2.9750000e+02;1.4040786e-01;2.9750000e+02;9.4661027e-02;2.9750000e+02;4.9085051e-02;2.9750000e+02;7.2316118e-03;2.9750000e+02;-4.1063078e-02;2.9750000e+02;-8.3185367e-02;2.9750000e+02;-1.2615083e-01;2.9750000e+02;-5.0990563e-02;2.9750000e+02;-7.2521549e-03;2.9750000e+02;6.1806232e-02;2.9750000e+02;1.4133874e-01;2.9750000e+02;2.2818132e-01;2.9750000e+02;2.7790135e-01;2.9750000e+02;2.9042447e-01;2.9750000e+02;3.2231325e-01;2.9750000e+02;2.8846055e-01;2.9750000e+02;2.3597839e-01;2.9750000e+02;1.8676007e-01;2.9750000e+02;1.4040786e-01;2.9750000e+02;9.4661027e-02;2.9750000e+02;4.9085051e-02;2.9750000e+02;7.2316118e-03;2.9750000e+02;-4.1063078e-02;2.9750000e+02;-8.3185367e-02;2.9750000e+02;-1.2615083e-01;2.9750000e+02;-5.0990563e-02;2.9750000e+02;-7.2521549e-03;2.9750000e+02;6.1806232e-02;2.9750000e+02;1.4133874e-01;2.9750000e+02;2.2818132e-01;2.9750000e+02;2.7790135e-01;2.9750000e+02;2.9042447e-01;2.9750000e+02;3.2231325e-01;2.9750000e+02;2.8846055e-01;2.9750000e+02;2.3597839e-01;2.9750000e+02;1.8676007e-01;2.9750000e+02;1.4040786e-01;2.9750000e+02;9.4661027e-02;2.9750000e+02;4.9085051e-02;2.9750000e+02;7.2316118e-03;2.9750000e+02;-4.1063078e-02;2.9750000e+02;-8.3185367e-02;2.9750000e+02;-1.2615083e-01;2.9750000e+02;-5.0990563e-02;2.9750000e+02;-7.2521549e-03;2.9750000e+02;6.1806232e-02;2.9750000e+02;1.4133874e-01;2.9750000e+02;2.2818132e-01;2.9750000e+02;2.7790135e-01;2.9750000e+02;2.9042447e-01;2.9750000e+02;3.2231325e-01;2.9750000e+02;2.8846055e-01;2.9750000e+02;2.3597839e-01;2.9750000e+02;1.8676007e-01;2.9750000e+02;1.4040786e-01;2.9750000e+02;9.4661027e-02;2.9750000e+02;4.9085051e-02;2.9750000e+02;7.2316118e-03;2.9750000e+02;-4.1063078e-02;2.9750000e+02;-8.3185367e-02;2.9750000e+02;-1.2615083e-01;2.9750000e+02;-5.0990563e-02;2.9750000e+02;-7.2521549e-03;2.9750000e+02;6.1806232e-02;2.9750000e+02;1.4133874e-01;2.9750000e+02;2.2818132e-01;2.9750000e+02;2.7790135e-01;2.9750000e+02;2.9042447e-01;2.9750000e+02;3.2231325e-01;2.9750000e+02;2.8846055e-01;2.9750000e+02;2.3597839e-01;2.9750000e+02;1.8676007e-01;2.9750000e+02;1.4040786e-01;2.9750000e+02;9.4661027e-02;2.9750000e+02;4.9085051e-02;2.9750000e+02;7.2316118e-03;2.9750000e+02;-4.1063078e-02;2.9750000e+02;-8.3185367e-02;2.9750000e+02;-1.2615083e-01;2.9750000e+02;-5.0990563e-02;2.9750000e+02;-7.2521549e-03;2.9750000e+02;6.1806232e-02;2.9750000e+02;1.4133874e-01;2.9750000e+02;2.2818132e-01;2.9750000e+02;2.7790135e-01;2.9750000e+02;2.9042447e-01;2.9750000e+02;3.2231325e-01;2.9750000e+02;2.8846055e-01;2.9750000e+02;2.3597839e-01;2.9750000e+02;1.8676007e-01;2.9750000e+02;1.4040786e-01;2.9750000e+02;9.4661027e-02;2.9750000e+02;4.9085051e-02;2.9750000e+02;7.2316118e-03;2.9750000e+02;-4.1063078e-02;2.9750000e+02;-8.3185367e-02;2.9750000e+02;-1.2615083e-01;2.9750000e+02;-5.0990563e-02;2.9750000e+02;-7.2521549e-03;2.9750000e+02;6.1806232e-02;2.9750000e+02;1.4133874e-01;2.9750000e+02;2.2818132e-01;2.9750000e+02;2.7790135e-01;2.9750000e+02;2.9042447e-01;2.9750000e+02;3.2231325e-01;2.9750000e+02;2.8846055e-01;2.9750000e+02;2.3597839e-01;2.9750000e+02;1.8676007e-01;2.9750000e+02;1.4040786e-01;2.9750000e+02;9.4661027e-02;2.9750000e+02;4.9085051e-02;2.9750000e+02;7.2316118e-03;2.9750000e+02;-4.1063078e-02;2.9750000e+02;-8.3185367e-02;2.9750000e+02;-1.2615083e-01;2.9750000e+02;-5.0990563e-02;2.9750000e+02;-7.2521549e-03;2.9750000e+02;6.1806232e-02;2.9750000e+02;1.4133874e-01;2.9750000e+02;2.2818132e-01;2.9750000e+02;2.7790135e-01;2.9750000e+02;2.9042447e-01;2.9750000e+02;3.2231325e-01;2.9750000e+02;2.8846055e-01;2.9750000e+02;2.3597839e-01;2.9750000e+02;1.8676007e-01;2.9750000e+02;1.4040786e-01;2.9750000e+02;9.4661027e-02;2.9750000e+02;4.9085051e-02;2.9750000e+02;7.2316118e-03;2.9750000e+02;-4.1063078e-02;2.9750000e+02;-8.3185367e-02;2.9750000e+02;-1.2615083e-01;2.9750000e+02;-5.0990563e-02;2.9750000e+02;-7.2521549e-03;2.9750000e+02;6.1806232e-02;2.9750000e+02;1.4133874e-01;2.9750000e+02;2.2818132e-01;2.9750000e+02;2.7790135e-01;2.9750000e+02;2.9042447e-01;2.9750000e+02;3.2231325e-01;2.9750000e+02;2.8846055e-01;2.9750000e+02;2.3597839e-01;2.9750000e+02;1.8676007e-01;2.9750000e+02;1.4040786e-01;2.9750000e+02;9.4661027e-02;2.9750000e+02;4.9085051e-02;2.9750000e+02;7.2316118e-03;2.9750000e+02;-4.1063078e-02;2.9750000e+02;-8.3185367e-02;2.9750000e+02;-1.2615083e-01;2.9750000e+02;-5.0990563e-02;2.9750000e+02;-7.2521549e-03;2.9750000e+02;6.1806232e-02;2.9750000e+02;1.4133874e-01;2.9750000e+02;2.2818132e-01;2.9750000e+02;2.7790135e-01;2.9750000e+02;2.9042447e-01;2.9750000e+02;3.2231325e-01;2.9750000e+02;2.8846055e-01;2.9750000e+02;2.3597839e-01;2.9750000e+02;1.8676007e-01;2.9750000e+02;1.4040786e-01;2.9750000e+02;9.4661027e-02;2.9750000e+02;4.9085051e-02;2.9750000e+02;7.2316118e-03;2.9750000e+02;-4.1063078e-02;2.9750000e+02;-8.3185367e-02;2.9750000e+02;-1.2615083e-01;2.9750000e+02;-5.0990563e-02;2.9750000e+02;-7.2521549e-03;2.9750000e+02;6.1806232e-02;2.9750000e+02;1.4133874e-01;2.9750000e+02;2.2818132e-01;2.9750000e+02;2.7790135e-01;2.9750000e+02;2.9042447e-01;2.9750000e+02;3.2231325e-01;2.9750000e+02;2.8846055e-01;2.9750000e+02;2.3597839e-01;2.9750000e+02;1.8676007e-01;2.9750000e+02;1.4040786e-01;2.9750000e+02;9.4661027e-02;2.9750000e+02;4.9085051e-02;2.9750000e+02;7.2316118e-03;2.9750000e+02;-4.1063078e-02;2.9750000e+02;-8.3185367e-02;2.9750000e+02;-1.2615083e-01;2.9750000e+02;-5.0990563e-02;2.9750000e+02;-7.2521549e-03;2.9750000e+02;6.1806232e-02;2.9750000e+02;1.4133874e-01;2.9750000e+02;2.2818132e-01;2.9750000e+02;2.7790135e-01;2.9750000e+02;2.9042447e-01;2.9750000e+02;3.2231325e-01;2.9750000e+02;2.8846055e-01;2.9750000e+02;2.3597839e-01;2.9750000e+02;1.8676007e-01;2.9750000e+02;1.4040786e-01;2.9750000e+02;9.4661027e-02;2.9750000e+02;4.9085051e-02;2.9750000e+02;7.2316118e-03;2.9750000e+02;-4.1063078e-02;2.9750000e+02;-8.3185367e-02;2.9750000e+02;-1.2615083e-01;2.9750000e+02;-5.0990563e-02;2.9750000e+02;-7.2521549e-03;2.9750000e+02;6.1806232e-02;2.9750000e+02;1.4133874e-01;2.9750000e+02;2.2818132e-01;2.9750000e+02;2.7790135e-01;2.9750000e+02;2.9042447e-01;2.9750000e+02;3.2231325e-01;2.9750000e+02;2.8846055e-01;2.9750000e+02;2.3597839e-01;2.9750000e+02;1.8676007e-01;2.9750000e+02;1.4040786e-01;2.9750000e+02;9.4661027e-02;2.9750000e+02;4.9085051e-02;2.9750000e+02;7.2316118e-03;2.9750000e+02;-4.1063078e-02;2.9750000e+02;-8.3185367e-02;2.9750000e+02;-1.2615083e-01;2.9750000e+02;-5.0990563e-02;2.9750000e+02;-7.2521549e-03;2.9750000e+02;6.1806232e-02;2.9750000e+02;1.4133874e-01;2.9750000e+02;2.2818132e-01;2.9750000e+02;2.7790135e-01;2.9750000e+02;2.9042447e-01;2.9750000e+02;3.2231325e-01;2.9750000e+02;2.8846055e-01;2.9750000e+02;2.3597839e-01;2.9750000e+02;1.8676007e-01;2.9750000e+02;1.4040786e-01;2.9750000e+02;9.4661027e-02;2.9750000e+02;4.9085051e-02;2.9750000e+02;7.2316118e-03;2.9750000e+02;-4.1063078e-02;2.9750000e+02;-8.3185367e-02;2.9750000e+02;-1.2615083e-01;2.9750000e+02;-5.0990563e-02;2.9750000e+02;-7.2521549e-03;2.9750000e+02;6.1806232e-02;2.9750000e+02;1.4133874e-01;2.9750000e+02;2.2818132e-01;2.9750000e+02;2.7790135e-01;2.9750000e+02;2.9042447e-01;2.9750000e+02;3.2231325e-01;2.9750000e+02;2.8846055e-01;2.9750000e+02;2.3597839e-01;2.9750000e+02;1.8676007e-01;2.9750000e+02;1.4040786e-01;2.9750000e+02;9.4661027e-02;2.9750000e+02;4.9085051e-02;2.9750000e+02;7.2316118e-03;2.9750000e+02;-4.1063078e-02;2.9750000e+02;-8.3185367e-02;2.9750000e+02;-1.2615083e-01;2.9750000e+02;-5.0990563e-02;2.9750000e+02;-7.2521549e-03;2.9750000e+02;6.1806232e-02;2.9750000e+02;1.4133874e-01;2.9750000e+02;2.2818132e-01;2.9750000e+02;2.7790135e-01;2.9750000e+02;2.9042447e-01;2.9750000e+02;3.2231325e-01;2.9750000e+02;2.8846055e-01;2.9750000e+02;2.3597839e-01;2.9750000e+02;1.8676007e-01;2.9750000e+02;1.4040786e-01;2.9750000e+02;9.4661027e-02;2.9750000e+02;4.9085051e-02;2.9750000e+02;7.2316118e-03;2.9750000e+02;-4.1063078e-02;2.9750000e+02;-8.3185367e-02;2.9750000e+02;-1.2615083e-01;2.9750000e+02;-5.0990563e-02;2.9750000e+02;-7.2521549e-03;2.9750000e+02;6.1806232e-02;2.9750000e+02;1.4133874e-01;2.9750000e+02;2.2818132e-01;2.9750000e+02;2.7790135e-01;2.9750000e+02;2.9042447e-01;2.9750000e+02;3.2231325e-01;2.9750000e+02;2.8846055e-01;2.9750000e+02;2.3597839e-01;2.9750000e+02;1.8676007e-01;2.9750000e+02;1.4040786e-01;2.9750000e+02;9.4661027e-02;2.9750000e+02;4.9085051e-02;2.9750000e+02;7.2316118e-03;2.9750000e+02;-4.1063078e-02;2.9750000e+02;-8.3185367e-02;2.9750000e+02;-1.2615083e-01;2.9750000e+02;-5.0990563e-02;2.9750000e+02;-7.2521549e-03;2.9750000e+02;6.1806232e-02;2.9750000e+02;1.4133874e-01;2.9750000e+02;2.2818132e-01;2.9750000e+02;2.7790135e-01;2.9750000e+02;2.9042447e-01;2.9750000e+02;3.2231325e-01;2.9750000e+02;2.8846055e-01;2.9750000e+02;2.3597839e-01;2.9750000e+02;1.8676007e-01;2.9750000e+02;1.4040786e-01;2.9750000e+02;9.4661027e-02;2.9750000e+02;4.9085051e-02;2.9750000e+02;7.2316118e-03;2.9750000e+02;-4.1063078e-02;2.9750000e+02;-8.3185367e-02;2.9750000e+02;-1.2615083e-01;2.9750000e+02;-5.0990563e-02;2.9750000e+02;-7.2521549e-03;2.9750000e+02;6.1806232e-02;2.9750000e+02;1.4133874e-01;2.9750000e+02;2.2818132e-01;2.9750000e+02;2.7790135e-01;2.9750000e+02;2.9042447e-01;2.9750000e+02;3.2231325e-01;2.9750000e+02;2.8846055e-01;2.9750000e+02;2.3597839e-01;2.9750000e+02;1.8676007e-01;2.9750000e+02;1.4040786e-01;2.9750000e+02;9.4661027e-02;2.9750000e+02;4.9085051e-02;2.9750000e+02;7.2316118e-03;2.9750000e+02;-4.1063078e-02;2.9750000e+02;-8.3185367e-02;2.9750000e+02;-1.2615083e-01;2.9750000e+02;-5.0990563e-02;2.9750000e+02;-7.2521549e-03;2.9750000e+02;6.1806232e-02;2.9750000e+02;1.4133874e-01;2.9750000e+02;2.2818132e-01;2.9750000e+02;2.7790135e-01;2.9750000e+02;2.9042447e-01;2.9750000e+02;3.2231325e-01;2.9750000e+02;2.8846055e-01;2.9750000e+02;2.3597839e-01;2.9750000e+02;1.8676007e-01;2.9750000e+02;1.4040786e-01;2.9750000e+02;9.4661027e-02;2.9750000e+02;4.9085051e-02;2.9750000e+02;7.2316118e-03;2.9750000e+02;-4.1063078e-02;2.9750000e+02;-8.3185367e-02;2.9750000e+02;-1.2615083e-01;2.9750000e+02;-5.0990563e-02;2.9750000e+02;-7.2521549e-03;2.9750000e+02;6.1806232e-02;2.9750000e+02;1.4133874e-01;2.9750000e+02;2.2818132e-01;2.9750000e+02;2.7790135e-01;2.9750000e+02;2.9042447e-01;2.9750000e+02;3.2231325e-01;2.9750000e+02;2.8846055e-01;2.9750000e+02;2.3597839e-01;2.9750000e+02;1.8676007e-01;2.9750000e+02;1.4040786e-01;2.9750000e+02;9.4661027e-02;2.9750000e+02;4.9085051e-02;2.9750000e+02;7.2316118e-03;2.9750000e+02;-4.1063078e-02;2.9750000e+02;-8.3185367e-02;2.9750000e+02;-1.2615083e-01;2.9750000e+02;-5.0990563e-02;2.9750000e+02;-7.2521549e-03;2.9750000e+02;6.1806232e-02;2.9750000e+02;1.4133874e-01;2.9750000e+02;2.2818132e-01;2.9750000e+02;2.7790135e-01;2.9750000e+02;2.9042447e-01;2.9750000e+02;3.2231325e-01;2.9750000e+02;2.8846055e-01;2.9750000e+02;2.3597839e-01;2.9750000e+02;1.8676007e-01;2.9750000e+02;1.4040786e-01;2.9750000e+02;9.4661027e-02;2.9750000e+02;4.9085051e-02;2.9750000e+02;7.2316118e-03;2.9750000e+02;-4.1063078e-02;2.9750000e+02;-8.3185367e-02;2.9750000e+02;-1.2615083e-01;2.9750000e+02;-5.0990563e-02;2.9750000e+02;-7.2521549e-03;2.9750000e+02;6.1806232e-02;2.9750000e+02;1.4133874e-01;2.9750000e+02;2.2818132e-01;2.9750000e+02;2.7790135e-01;2.9750000e+02;2.9042447e-01;2.9750000e+02;3.2231325e-01;2.9750000e+02;2.8846055e-01;2.9750000e+02;2.3597839e-01;2.9750000e+02;1.8676007e-01;2.9750000e+02;1.4040786e-01;2.9750000e+02;9.4661027e-02;2.9750000e+02;4.9085051e-02;2.9750000e+02;7.2316118e-03;2.9750000e+02;-4.1063078e-02;2.9750000e+02;-8.3185367e-02;2.9750000e+02;-1.2615083e-01;2.9750000e+02;-5.0990563e-02;2.9750000e+02;-7.2521549e-03;2.9750000e+02;6.1806232e-02;2.9750000e+02;1.4133874e-01;2.9750000e+02;2.2818132e-01;2.9750000e+02;2.7790135e-01;2.9750000e+02;2.9042447e-01;2.9750000e+02;3.2231325e-01;2.9750000e+02;2.8846055e-01;2.9750000e+02;2.3597839e-01;2.9750000e+02;1.8676007e-01;2.9750000e+02;1.4040786e-01;2.9750000e+02;9.4661027e-02;2.9750000e+02;4.9085051e-02;2.9750000e+02;7.2316118e-03;2.9750000e+02;-4.1063078e-02;2.9750000e+02;-8.3185367e-02;2.9750000e+02;-1.2615083e-01;2.9750000e+02;-5.0990563e-02;2.9750000e+02;-7.2521549e-03;2.9750000e+02;6.1806232e-02;2.9750000e+02;1.4133874e-01;2.9750000e+02;2.2818132e-01;2.9750000e+02;2.7790135e-01;2.9750000e+02;2.9042447e-01;2.9750000e+02;3.2231325e-01;2.9750000e+02;2.8846055e-01;2.9750000e+02;2.3597839e-01;2.9750000e+02;1.8676007e-01;2.9750000e+02;1.4040786e-01;2.9750000e+02;9.4661027e-02;2.9750000e+02;4.9085051e-02;2.9750000e+02;7.2316118e-03;2.9750000e+02;-4.1063078e-02;2.9750000e+02;-8.3185367e-02;2.9750000e+02;-1.2615083e-01;2.9750000e+02;-5.0990563e-02;2.9750000e+02;-7.2521549e-03;2.9750000e+02;6.1806232e-02;2.9750000e+02;1.4133874e-01;2.9750000e+02;2.2818132e-01;2.9750000e+02;2.7790135e-01;2.9750000e+02;2.9042447e-01;2.9750000e+02;3.2231325e-01;2.9750000e+02;2.8846055e-01;2.9750000e+02;2.3597839e-01;2.9750000e+02;1.8676007e-01;2.9750000e+02;1.4040786e-01;2.9750000e+02;9.4661027e-02;2.9750000e+02;4.9085051e-02;2.9750000e+02;7.2316118e-03;2.9750000e+02;-4.1063078e-02;2.9750000e+02;-8.3185367e-02;2.9750000e+02;-1.2615083e-01;2.9750000e+02;-5.0990563e-02;2.9750000e+02;-7.2521549e-03;2.9750000e+02;6.1806232e-02;2.9750000e+02;1.4133874e-01;2.9750000e+02;2.2818132e-01;2.9750000e+02;2.7790135e-01;2.9750000e+02;2.9042447e-01;2.9750000e+02;3.2231325e-01;2.9750000e+02;2.8846055e-01;2.9750000e+02;2.3597839e-01;2.9750000e+02;1.8676007e-01;2.9750000e+02;1.4040786e-01;2.9750000e+02;9.4661027e-02;2.9750000e+02;4.9085051e-02;2.9750000e+02;7.2316118e-03;2.9750000e+02;-4.1063078e-02;2.9750000e+02;-8.3185367e-02;2.9750000e+02;-1.2615083e-01;2.9750000e+02;-5.0990563e-02;2.9750000e+02;-7.2521549e-03;2.9750000e+02;6.1806232e-02;2.9750000e+02;1.4133874e-01;2.9750000e+02;2.2818132e-01;2.9750000e+02;2.7790135e-01;2.9750000e+02;2.9042447e-01;2.9750000e+02;3.2231325e-01;2.9750000e+02;2.8846055e-01;2.9750000e+02;2.3597839e-01;2.9750000e+02;1.8676007e-01;2.9750000e+02;1.4040786e-01;2.9750000e+02;9.4661027e-02;2.9750000e+02;4.9085051e-02;2.9750000e+02;7.2316118e-03;2.9750000e+02;-4.1063078e-02;2.9750000e+02;-8.3185367e-02;2.9750000e+02;-1.2615083e-01;2.9750000e+02;-5.0990563e-02;2.9750000e+02;-7.2521549e-03;2.9750000e+02;6.1806232e-02;2.9750000e+02;1.4133874e-01;2.9750000e+02;2.2818132e-01;2.9750000e+02;2.7790135e-01;2.9750000e+02;2.9042447e-01;2.9750000e+02;3.2231325e-01;2.9750000e+02;2.8846055e-01;2.9750000e+02;2.3597839e-01;2.9750000e+02;1.8676007e-01;2.9750000e+02;1.4040786e-01;2.9750000e+02;9.4661027e-02;2.9750000e+02;4.9085051e-02;2.9750000e+02;7.2316118e-03;2.9750000e+02;-4.1063078e-02;2.9750000e+02;-8.3185367e-02;2.9750000e+02;-1.2615083e-01;2.9750000e+02;-5.0990563e-02;2.9750000e+02;-7.2521549e-03;2.9750000e+02;6.1806232e-02;2.9750000e+02;1.4133874e-01;2.9750000e+02;2.2818132e-01;2.9750000e+02;2.7790135e-01;2.9750000e+02;2.9042447e-01;2.9750000e+02;3.2231325e-01;2.9750000e+02;2.8846055e-01;2.9750000e+02;2.3597839e-01;2.9750000e+02;1.8676007e-01;2.9750000e+02;1.4040786e-01;2.9750000e+02;9.4661027e-02;2.9750000e+02;4.9085051e-02;2.9750000e+02;7.2316118e-03;2.9750000e+02;-4.1063078e-02;2.9750000e+02;-8.3185367e-02;2.9750000e+02;-1.2615083e-01;2.9750000e+02;-5.0990563e-02;2.9750000e+02;-7.2521549e-03;2.9750000e+02;6.1806232e-02;2.9750000e+02;1.4133874e-01;2.9750000e+02;2.2818132e-01;2.9750000e+02;2.7790135e-01;2.9750000e+02;2.9042447e-01;2.9750000e+02;3.2231325e-01;2.9750000e+02;2.8846055e-01;2.9750000e+02;2.3597839e-01;2.9750000e+02;1.8676007e-01;2.9750000e+02;1.4040786e-01;2.9750000e+02;9.4661027e-02;2.9750000e+02;4.9085051e-02;2.9750000e+02;7.2316118e-03;2.9750000e+02;-4.1063078e-02;2.9750000e+02;-8.3185367e-02;2.9750000e+02;-1.2615083e-01;2.9750000e+02;-5.0990563e-02;2.9750000e+02;-7.2521549e-03;2.9750000e+02;6.1806232e-02;2.9750000e+02;1.4133874e-01;2.9750000e+02;2.2818132e-01;2.9750000e+02;2.7790135e-01;2.9750000e+02;2.9042447e-01;2.9750000e+02;3.2231325e-01;2.9750000e+02;2.8846055e-01;2.9750000e+02;2.3597839e-01;2.9750000e+02;1.8676007e-01;2.9750000e+02;1.4040786e-01;2.9750000e+02;9.4661027e-02;2.9750000e+02;4.9085051e-02;2.9750000e+02;7.2316118e-03;2.9750000e+02;-4.1063078e-02;2.9750000e+02;-8.3185367e-02;2.9750000e+02;-1.2615083e-01;2.9750000e+02;-5.0990563e-02;2.9750000e+02;-7.2521549e-03;2.9750000e+02;6.1806232e-02;2.9750000e+02;1.4133874e-01;2.9750000e+02;2.2818132e-01;2.9750000e+02;2.7790135e-01;2.9750000e+02;2.9042447e-01;2.9750000e+02;3.2231325e-01;2.9750000e+02;2.8846055e-01;2.9750000e+02;2.3597839e-01;2.9750000e+02;1.8676007e-01;2.9750000e+02;1.4040786e-01;2.9750000e+02;9.4661027e-02;2.9750000e+02;4.9085051e-02;2.9750000e+02;7.2316118e-03;2.9750000e+02;-4.1063078e-02;2.9750000e+02;-8.3185367e-02;2.9750000e+02;-1.2615083e-01;2.9750000e+02;-5.0990563e-02;2.9750000e+02;-7.2521549e-03;2.9750000e+02;6.1806232e-02;2.9750000e+02;1.4133874e-01;2.9750000e+02;2.2818132e-01;2.9750000e+02;2.7790135e-01;2.9750000e+02;2.9042447e-01;2.9750000e+02;3.2231325e-01;2.9750000e+02;2.8846055e-01;2.9750000e+02;2.3597839e-01;2.9750000e+02;1.8676007e-01;2.9750000e+02;1.4040786e-01;2.9750000e+02;9.4661027e-02;2.9750000e+02;4.9085051e-02;2.9750000e+02;7.2316118e-03;2.9750000e+02;-4.1063078e-02;2.9750000e+02;-8.3185367e-02;2.9750000e+02;-1.2615083e-01;2.9750000e+02;-5.0990563e-02;2.9750000e+02;-7.2521549e-03;2.9750000e+02;6.1806232e-02;2.9750000e+02;1.4133874e-01;2.9750000e+02;2.2818132e-01;2.9750000e+02;2.7790135e-01;2.9750000e+02;2.9042447e-01;2.9750000e+02;3.2231325e-01;2.9750000e+02;2.8846055e-01;2.9750000e+02;2.3597839e-01;2.9750000e+02;1.8676007e-01;2.9750000e+02;1.4040786e-01;2.9750000e+02;9.4661027e-02;2.9750000e+02;4.9085051e-02;2.9750000e+02;7.2316118e-03;2.9750000e+02;-4.1063078e-02;2.9750000e+02;-8.3185367e-02;2.9750000e+02;-1.2615083e-01;2.9750000e+02;-5.0990563e-02;2.9750000e+02;-7.2521549e-03;2.9750000e+02;6.1806232e-02;2.9750000e+02;1.4133874e-01;2.9750000e+02;2.2818132e-01;2.9750000e+02;2.7790135e-01;2.9750000e+02;2.9042447e-01;2.9750000e+02;3.2231325e-01;2.9750000e+02;2.8846055e-01;2.9750000e+02;2.3597839e-01;2.9750000e+02;1.8676007e-01;2.9750000e+02;1.4040786e-01;2.9750000e+02;9.4661027e-02;2.9750000e+02;4.9085051e-02;2.9750000e+02;7.2316118e-03;2.9750000e+02;-4.1063078e-02;2.9750000e+02;-8.3185367e-02;2.9750000e+02;-1.2615083e-01;2.9750000e+02;-5.0990563e-02;2.9750000e+02;-7.2521549e-03;2.9750000e+02;6.1806232e-02;2.9750000e+02;1.4133874e-01;2.9750000e+02;2.2818132e-01;2.9750000e+02;2.7790135e-01;2.9750000e+02;2.9042447e-01;2.9750000e+02;3.2231325e-01;2.9750000e+02;2.8846055e-01;2.9750000e+02;2.3597839e-01;2.9750000e+02;1.8676007e-01;2.9750000e+02;1.4040786e-01;2.9750000e+02;9.4661027e-02;2.9750000e+02;4.9085051e-02;2.9750000e+02;7.2316118e-03;2.9750000e+02;-4.1063078e-02;2.9750000e+02;-8.3185367e-02;2.9750000e+02;-1.2615083e-01;2.9750000e+02;-5.0990563e-02;2.9750000e+02;-7.2521549e-03;2.9750000e+02;6.1806232e-02;2.9750000e+02;1.4133874e-01;2.9750000e+02;2.2818132e-01;2.9750000e+02;2.7790135e-01;2.9750000e+02;2.9042447e-01;2.9750000e+02;3.2231325e-01;2.9750000e+02;2.8846055e-01;2.9750000e+02;2.3597839e-01;2.9750000e+02;1.8676007e-01;2.9750000e+02;1.4040786e-01;2.9750000e+02;9.4661027e-02;2.9750000e+02;4.9085051e-02;2.9750000e+02;7.2316118e-03;2.9750000e+02;-4.1063078e-02;2.9750000e+02;-8.3185367e-02;2.9750000e+02;-1.2615083e-01;2.9750000e+02;-5.0990563e-02;2.9750000e+02;-7.2521549e-03;2.9750000e+02;6.1806232e-02;2.9750000e+02;1.4133874e-01;2.9750000e+02;2.2818132e-01;2.9750000e+02;2.7790135e-01;2.9750000e+02;2.9042447e-01;2.9750000e+02;3.2231325e-01;2.9750000e+02;2.8846055e-01;2.9750000e+02;2.3597839e-01;2.9750000e+02;1.8676007e-01;2.9750000e+02;1.4040786e-01;2.9750000e+02;9.4661027e-02;2.9750000e+02;4.9085051e-02;2.9750000e+02;7.2316118e-03;2.9750000e+02;-4.1063078e-02;2.9750000e+02;-8.3185367e-02;2.9750000e+02;-1.2615083e-01;2.9750000e+02;-5.0990563e-02;2.9750000e+02;-7.2521549e-03;2.9750000e+02;6.1806232e-02;2.9750000e+02;1.4133874e-01;2.9750000e+02;2.2818132e-01;2.9750000e+02;2.7790135e-01;2.9750000e+02;2.9042447e-01;2.9750000e+02;3.2231325e-01;2.9750000e+02;2.8846055e-01;2.9750000e+02;2.3597839e-01;2.9750000e+02;1.8676007e-01;2.9750000e+02;1.4040786e-01;2.9750000e+02;9.4661027e-02;2.9750000e+02;4.9085051e-02;2.9750000e+02;7.2316118e-03;2.9750000e+02;-4.1063078e-02;2.9750000e+02;-8.3185367e-02;2.9750000e+02;-1.2615083e-01;2.9750000e+02;-5.0990563e-02;2.9750000e+02;-7.2521549e-03;2.9750000e+02;6.1806232e-02;2.9750000e+02;1.4133874e-01;2.9750000e+02;2.2818132e-01;2.9750000e+02;2.7790135e-01;2.9750000e+02;2.9042447e-01;2.9750000e+02;3.2231325e-01;2.9750000e+02;2.8846055e-01;2.9750000e+02;2.3597839e-01;2.9750000e+02;1.8676007e-01;2.9750000e+02;1.4040786e-01;2.9750000e+02;9.4661027e-02;2.9750000e+02;4.9085051e-02;2.9750000e+02;7.2316118e-03;2.9750000e+02;-4.1063078e-02;2.9750000e+02;-8.3185367e-02;2.9750000e+02;-1.2615083e-01;2.9750000e+02;-5.0990563e-02;2.9750000e+02;-7.2521549e-03;2.9750000e+02;6.1806232e-02;2.9750000e+02;1.4133874e-01;2.9750000e+02;2.2818132e-01;2.9750000e+02;2.7790135e-01;2.9750000e+02;2.9042447e-01;2.9750000e+02;3.2231325e-01;2.9750000e+02;2.8846055e-01;2.9750000e+02;2.3597839e-01;2.9750000e+02;1.8676007e-01;2.9750000e+02;1.4040786e-01;2.9750000e+02;9.4661027e-02;2.9750000e+02;4.9085051e-02;2.9750000e+02;7.2316118e-03;2.9750000e+02;-4.1063078e-02;2.9750000e+02;-8.3185367e-02;2.9750000e+02;-1.2615083e-01;2.9750000e+02;-5.0990563e-02;2.9750000e+02;-7.2521549e-03;2.9750000e+02;6.1806232e-02;2.9750000e+02;1.4133874e-01;2.9750000e+02;2.2818132e-01;2.9750000e+02;2.7790135e-01;2.9750000e+02;2.9042447e-01;2.9750000e+02;3.2231325e-01;2.9750000e+02;2.8846055e-01;2.9750000e+02;2.3597839e-01;2.9750000e+02;1.8676007e-01;2.9750000e+02;1.4040786e-01;2.9750000e+02;9.4661027e-02;2.9750000e+02;4.9085051e-02;2.9750000e+02;7.2316118e-03;2.9750000e+02;-4.1063078e-02;2.9750000e+02;-8.3185367e-02;2.9750000e+02;-1.2615083e-01;2.9750000e+02;-5.0990563e-02;2.9750000e+02;-7.2521549e-03;2.9750000e+02;6.1806232e-02;2.9750000e+02;1.4133874e-01;2.9750000e+02;2.2818132e-01;2.9750000e+02;2.7790135e-01;2.9750000e+02;2.9042447e-01;2.9750000e+02;3.2231325e-01;2.9750000e+02;2.8846055e-01;2.9750000e+02;2.3597839e-01;2.9750000e+02;1.8676007e-01;2.9750000e+02;1.4040786e-01;2.9750000e+02;9.4661027e-02;2.9750000e+02;4.9085051e-02;2.9750000e+02;7.2316118e-03;2.9750000e+02;-4.1063078e-02;2.9750000e+02;-8.3185367e-02;2.9750000e+02;-1.2615083e-01;2.9750000e+02;-5.0990563e-02;2.9750000e+02;-7.2521549e-03;2.9750000e+02;6.1806232e-02;2.9750000e+02;1.4133874e-01;2.9750000e+02;2.2818132e-01;2.9750000e+02;2.7790135e-01;2.9750000e+02;2.9042447e-01;2.9750000e+02;3.2231325e-01;2.9750000e+02;2.8846055e-01;2.9750000e+02;2.3597839e-01;2.9750000e+02;1.8676007e-01;2.9750000e+02;1.4040786e-01;2.9750000e+02;9.4661027e-02;2.9750000e+02;4.9085051e-02;2.9750000e+02;7.2316118e-03;2.9750000e+02;-4.1063078e-02;2.9750000e+02;-8.3185367e-02;2.9750000e+02;-1.2615083e-01;2.9750000e+02;-5.0990563e-02;2.9750000e+02;-7.2521549e-03;2.9750000e+02;6.1806232e-02;2.9750000e+02;1.4133874e-01;2.9750000e+02;2.2818132e-01;2.9750000e+02;2.7790135e-01;2.9750000e+02;2.9042447e-01;2.9750000e+02;3.2231325e-01;2.9750000e+02;2.8846055e-01;2.9750000e+02;2.3597839e-01;2.9750000e+02;1.8676007e-01;2.9750000e+02;1.4040786e-01;2.9750000e+02;9.4661027e-02;2.9750000e+02;4.9085051e-02;2.9750000e+02;7.2316118e-03;2.9750000e+02;-4.1063078e-02;2.9750000e+02;-8.3185367e-02;2.9750000e+02;-1.2615083e-01;2.9750000e+02;-5.0990563e-02;2.9750000e+02;-7.2521549e-03;2.9750000e+02;6.1806232e-02;2.9750000e+02;1.4133874e-01;2.9750000e+02;2.2818132e-01;2.9750000e+02;2.7790135e-01;2.9750000e+02;2.9042447e-01;2.9750000e+02;3.2231325e-01;2.9750000e+02;2.8846055e-01;2.9750000e+02;2.3597839e-01;2.9750000e+02;1.8676007e-01;2.9750000e+02;1.4040786e-01;2.9750000e+02;9.4661027e-02;2.9750000e+02;4.9085051e-02;2.9750000e+02;7.2316118e-03;2.9750000e+02;-4.1063078e-02;2.9750000e+02;-8.3185367e-02;2.9750000e+02;-1.2615083e-01;2.9750000e+02;-5.0990563e-02;2.9750000e+02;-7.2521549e-03;2.9750000e+02;6.1806232e-02;2.9750000e+02;1.4133874e-01;2.9750000e+02;2.2818132e-01;2.9750000e+02;2.7790135e-01;2.9750000e+02;2.9042447e-01;2.9750000e+02;3.2231325e-01;2.9750000e+02;2.8846055e-01;2.9750000e+02;2.3597839e-01;2.9750000e+02;1.8676007e-01;2.9750000e+02;1.4040786e-01;2.9750000e+02;9.4661027e-02;2.9750000e+02;4.9085051e-02;2.9750000e+02;7.2316118e-03;2.9750000e+02;-4.1063078e-02;2.9750000e+02;-8.3185367e-02;2.9750000e+02;-1.2615083e-01;2.9750000e+02;-5.0990563e-02;2.9750000e+02;-7.2521549e-03;2.9750000e+02;6.1806232e-02;2.9750000e+02;1.4133874e-01;2.9750000e+02;2.2818132e-01;2.9750000e+02;2.7790135e-01;2.9750000e+02;2.9042447e-01;2.9750000e+02;3.2231325e-01;2.9750000e+02;2.8846055e-01;2.9750000e+02;2.3597839e-01;2.9750000e+02;1.8676007e-01;2.9750000e+02;1.4040786e-01;2.9750000e+02;9.4661027e-02;2.9750000e+02;4.9085051e-02;2.9750000e+02;7.2316118e-03;2.9750000e+02;-4.1063078e-02;2.9750000e+02;-8.3185367e-02;2.9750000e+02;-1.2615083e-01;2.9750000e+02;-5.0990563e-02;2.9750000e+02;-7.2521549e-03;2.9750000e+02;6.1806232e-02;2.9750000e+02;1.4133874e-01;2.9750000e+02;2.2818132e-01;2.9750000e+02;2.7790135e-01;2.9750000e+02;2.9042447e-01;2.9750000e+02;3.2231325e-01;2.9750000e+02;2.8846055e-01;2.9750000e+02;2.3597839e-01;2.9750000e+02;1.8676007e-01;2.9750000e+02;1.4040786e-01;2.9750000e+02;9.4661027e-02;2.9750000e+02;4.9085051e-02;2.9750000e+02;7.2316118e-03;2.9750000e+02;-4.1063078e-02;2.9750000e+02;-8.3185367e-02;2.9750000e+02;-1.2615083e-01;2.9750000e+02;-5.0990563e-02;2.9750000e+02;-7.2521549e-03;2.9750000e+02;6.1806232e-02;2.9750000e+02;1.4133874e-01;2.9750000e+02;2.2818132e-01;2.9750000e+02;2.7790135e-01;2.9750000e+02;2.9042447e-01;2.9750000e+02;3.2231325e-01;2.9750000e+02;2.8846055e-01;2.9750000e+02;2.3597839e-01;2.9750000e+02;1.8676007e-01;2.9750000e+02;1.4040786e-01;2.9750000e+02;9.4661027e-02;2.9750000e+02;4.9085051e-02;2.9750000e+02;7.2316118e-03;2.9750000e+02;-4.1063078e-02;2.9750000e+02;-8.3185367e-02;2.9750000e+02;-1.2615083e-01;2.9750000e+02;-5.0990563e-02;2.9750000e+02;-7.2521549e-03;2.9750000e+02;6.1806232e-02;2.9750000e+02;1.4133874e-01;2.9750000e+02;2.2818132e-01;2.9750000e+02;2.7790135e-01;2.9750000e+02;2.9042447e-01;2.9750000e+02;3.2231325e-01;2.9750000e+02;2.8846055e-01;2.9750000e+02;2.3597839e-01;2.9750000e+02;1.8676007e-01;2.9750000e+02;1.4040786e-01;2.9750000e+02;9.4661027e-02;2.9750000e+02;4.9085051e-02;2.9750000e+02;7.2316118e-03;2.9750000e+02;-4.1063078e-02;2.9750000e+02;-8.3185367e-02;2.9750000e+02;-1.2615083e-01;2.9750000e+02;-5.0990563e-02;2.9750000e+02;-7.2521549e-03;2.9750000e+02;6.1806232e-02;2.9750000e+02;1.4133874e-01;2.9750000e+02;2.2818132e-01;2.9750000e+02;2.7790135e-01;2.9750000e+02;2.9042447e-01;2.9750000e+02;3.2231325e-01;2.9750000e+02;2.8846055e-01;2.9750000e+02;2.3597839e-01;2.9750000e+02;1.8676007e-01;2.9750000e+02;1.4040786e-01;2.9750000e+02;9.4661027e-02;2.9750000e+02;4.9085051e-02;2.9750000e+02;7.2316118e-03;2.9750000e+02;-4.1063078e-02;2.9750000e+02;-8.3185367e-02;2.9750000e+02;-1.2615083e-01;2.9750000e+02;-5.0990563e-02;2.9750000e+02;-7.2521549e-03;2.9750000e+02;6.1806232e-02;2.9750000e+02;1.4133874e-01;2.9750000e+02;2.2818132e-01;2.9750000e+02;2.7790135e-01;2.9750000e+02;2.9042447e-01;2.9750000e+02;3.2231325e-01;2.9750000e+02;2.8846055e-01;2.9750000e+02;2.3597839e-01;2.9750000e+02;1.8676007e-01;2.9750000e+02;1.4040786e-01;2.9750000e+02;9.4661027e-02;2.9750000e+02;4.9085051e-02;2.9750000e+02;7.2316118e-03;2.9750000e+02;-4.1063078e-02;2.9750000e+02;-8.3185367e-02;2.9750000e+02;-1.2615083e-01;2.9750000e+02;-5.0990563e-02;2.9750000e+02;-7.2521549e-03;2.9750000e+02;6.1806232e-02;2.9750000e+02;1.4133874e-01;2.9750000e+02;2.2818132e-01;2.9750000e+02;2.7790135e-01;2.9750000e+02;2.9042447e-01;2.9750000e+02;3.2231325e-01;2.9750000e+02;2.8846055e-01;2.9750000e+02;2.3597839e-01;2.9750000e+02;1.8676007e-01;2.9750000e+02;1.4040786e-01;2.9750000e+02;9.4661027e-02;2.9750000e+02;4.9085051e-02;2.9750000e+02;7.2316118e-03;2.9750000e+02;-4.1063078e-02;2.9750000e+02;-8.3185367e-02;2.9750000e+02;-1.2615083e-01;2.9750000e+02;-5.0990563e-02;2.9750000e+02;-7.2521549e-03;2.9750000e+02;6.1806232e-02;2.9750000e+02;1.4133874e-01;2.9750000e+02;2.2818132e-01;2.9750000e+02;2.7790135e-01;2.9750000e+02;2.9042447e-01;2.9750000e+02;3.2231325e-01;2.9750000e+02;2.8846055e-01;2.9750000e+02;2.3597839e-01;2.9750000e+02;1.8676007e-01;2.9750000e+02;1.4040786e-01;2.9750000e+02;9.4661027e-02;2.9750000e+02;4.9085051e-02;2.9750000e+02;7.2316118e-03;2.9750000e+02;-4.1063078e-02;2.9750000e+02;-8.3185367e-02;2.9750000e+02;-1.2615083e-01;2.9750000e+02;-5.0990563e-02;2.9750000e+02;-7.2521549e-03;2.9750000e+02;6.1806232e-02;2.9750000e+02;1.4133874e-01;2.9750000e+02;2.2818132e-01;2.9750000e+02;2.7790135e-01;2.9750000e+02;2.9042447e-01;2.9750000e+02;3.2231325e-01;2.9750000e+02;2.8846055e-01;2.9750000e+02;2.3597839e-01;2.9750000e+02;1.8676007e-01;2.9750000e+02;1.4040786e-01;2.9750000e+02;9.4661027e-02;2.9750000e+02;4.9085051e-02;2.9750000e+02;7.2316118e-03;2.9750000e+02;-4.1063078e-02;2.9750000e+02;-8.3185367e-02;2.9750000e+02;-1.2615083e-01;2.9750000e+02;-5.0990563e-02;2.9750000e+02;-7.2521549e-03;2.9750000e+02;6.1806232e-02;2.9750000e+02;1.4133874e-01;2.9750000e+02;2.2818132e-01;2.9750000e+02;2.7790135e-01;2.9750000e+02;2.9042447e-01;2.9750000e+02;3.2231325e-01;2.9750000e+02;2.8846055e-01;2.9750000e+02;2.3597839e-01;2.9750000e+02;1.8676007e-01;2.9750000e+02;1.4040786e-01;2.9750000e+02;9.4661027e-02;2.9750000e+02;4.9085051e-02;2.9750000e+02;7.2316118e-03;2.9750000e+02;-4.1063078e-02;2.9750000e+02;-8.3185367e-02;2.9750000e+02;-1.2615083e-01;2.9750000e+02;-5.0990563e-02;2.9750000e+02;-7.2521549e-03;2.9750000e+02;6.1806232e-02;2.9750000e+02;1.4133874e-01;2.9750000e+02;2.2818132e-01;2.9750000e+02;2.7790135e-01;2.9750000e+02;2.9042447e-01;2.9750000e+02;3.2231325e-01;2.9750000e+02;2.8846055e-01;2.9750000e+02;2.3597839e-01;2.9750000e+02;1.8676007e-01;2.9750000e+02;1.4040786e-01;2.9750000e+02;9.4661027e-02;2.9750000e+02;4.9085051e-02;2.9750000e+02;7.2316118e-03;2.9750000e+02;-4.1063078e-02;2.9750000e+02;-8.3185367e-02;2.9750000e+02;-1.2615083e-01;2.9750000e+02;-5.0990563e-02;2.9750000e+02;-7.2521549e-03;2.9750000e+02;6.1806232e-02;2.9750000e+02;1.4133874e-01;2.9750000e+02;2.2818132e-01;2.9750000e+02;2.7790135e-01;2.9750000e+02;2.9042447e-01;2.9750000e+02;3.2231325e-01;2.9750000e+02;2.8846055e-01;2.9750000e+02;2.3597839e-01;2.9750000e+02;1.8676007e-01;2.9750000e+02;1.4040786e-01;2.9750000e+02;9.4661027e-02;2.9750000e+02;4.9085051e-02;2.9750000e+02;7.2316118e-03;2.9750000e+02;-4.1063078e-02;2.9750000e+02;-8.3185367e-02;2.9750000e+02;-1.2615083e-01;2.9750000e+02;-5.0990563e-02;2.9750000e+02;-7.2521549e-03;2.9750000e+02;6.1806232e-02;2.9750000e+02;1.4133874e-01;2.9750000e+02;2.2818132e-01;2.9750000e+02;2.7790135e-01;2.9750000e+02;2.9042447e-01;2.9750000e+02;3.2231325e-01;2.9750000e+02;2.8846055e-01;2.9750000e+02;2.3597839e-01;2.9750000e+02;1.8676007e-01;2.9750000e+02;1.4040786e-01;2.9750000e+02;9.4661027e-02;2.9750000e+02;4.9085051e-02;2.9750000e+02;7.2316118e-03;2.9750000e+02;-4.1063078e-02;2.9750000e+02;-8.3185367e-02;2.9750000e+02;-1.2615083e-01;2.9750000e+02;-5.0990563e-02;2.9750000e+02;-7.2521549e-03;2.9750000e+02;6.1806232e-02;2.9750000e+02;1.4133874e-01;2.9750000e+02;2.2818132e-01;2.9750000e+02;2.7790135e-01;2.9750000e+02;2.9042447e-01;2.9750000e+02;3.2231325e-01;2.9750000e+02;2.8846055e-01;2.9750000e+02;2.3597839e-01;2.9750000e+02;1.8676007e-01;2.9750000e+02;1.4040786e-01;2.9750000e+02;9.4661027e-02;2.9750000e+02;4.9085051e-02;2.9750000e+02;7.2316118e-03;2.9750000e+02;-4.1063078e-02;2.9750000e+02;-8.3185367e-02;2.9750000e+02;-1.2615083e-01;2.9750000e+02;-5.0990563e-02;2.9750000e+02;-7.2521549e-03;2.9750000e+02;6.1806232e-02;2.9750000e+02;1.4133874e-01;2.9750000e+02;2.2818132e-01;2.9750000e+02;2.7790135e-01;2.9750000e+02;2.9042447e-01;2.9750000e+02;3.2231325e-01;2.9750000e+02;2.8846055e-01;2.9750000e+02;2.3597839e-01;2.9750000e+02;1.8676007e-01;2.9750000e+02;1.4040786e-01;2.9750000e+02;9.4661027e-02;2.9750000e+02;4.9085051e-02;2.9750000e+02;7.2316118e-03;2.9750000e+02;-4.1063078e-02;2.9750000e+02;-8.3185367e-02;2.9750000e+02;-1.2615083e-01;2.9750000e+02;-5.0990563e-02;2.9750000e+02;-7.2521549e-03;2.9750000e+02;6.1806232e-02;2.9750000e+02;1.4133874e-01;2.9750000e+02;2.2818132e-01;2.9750000e+02;2.7790135e-01;2.9750000e+02;2.9042447e-01;2.9750000e+02;3.2231325e-01;2.9750000e+02;2.8846055e-01;2.9750000e+02;2.3597839e-01;2.9750000e+02;1.8676007e-01;2.9750000e+02;1.4040786e-01;2.9750000e+02;9.4661027e-02;2.9750000e+02;4.9085051e-02;2.9750000e+02;7.2316118e-03;2.9750000e+02;-4.1063078e-02;2.9750000e+02;-8.3185367e-02;2.9750000e+02;-1.2615083e-01;2.9750000e+02;-5.0990563e-02;2.9750000e+02;-7.2521549e-03;2.9750000e+02;6.1806232e-02;2.9750000e+02;1.4133874e-01;2.9750000e+02;2.2818132e-01;2.9750000e+02;2.7790135e-01;2.9750000e+02;2.9042447e-01;2.9750000e+02;3.2231325e-01;2.9750000e+02;2.8846055e-01;2.9750000e+02;2.3597839e-01;2.9750000e+02;1.8676007e-01;2.9750000e+02;1.4040786e-01;2.9750000e+02;9.4661027e-02;2.9750000e+02;4.9085051e-02;2.9750000e+02;7.2316118e-03;2.9750000e+02;-4.1063078e-02;2.9750000e+02;-8.3185367e-02;2.9750000e+02;-1.2615083e-01;2.9750000e+02;-5.0990563e-02;2.9750000e+02;-7.2521549e-03;2.9750000e+02;6.1806232e-02;2.9750000e+02;1.4133874e-01;2.9750000e+02;2.2818132e-01;2.9750000e+02;2.7790135e-01;2.9750000e+02;2.9042447e-01;2.9750000e+02;3.2231325e-01;2.9750000e+02;2.8846055e-01;2.9750000e+02;2.3597839e-01;2.9750000e+02;1.8676007e-01;2.9750000e+02;1.4040786e-01;2.9750000e+02;9.4661027e-02;2.9750000e+02;4.9085051e-02;2.9750000e+02;7.2316118e-03;2.9750000e+02;-4.1063078e-02;2.9750000e+02;-8.3185367e-02;2.9750000e+02;-1.2615083e-01;2.9750000e+02;-5.0990563e-02;2.9750000e+02;-7.2521549e-03;2.9750000e+02;6.1806232e-02;2.9750000e+02;1.4133874e-01;2.9750000e+02;2.2818132e-01;2.9750000e+02;2.7790135e-01;2.9750000e+02;2.9042447e-01;2.9750000e+02;3.2231325e-01;2.9750000e+02;2.8846055e-01;2.9750000e+02;2.3597839e-01;2.9750000e+02;1.8676007e-01;2.9750000e+02;1.4040786e-01;2.9750000e+02;9.4661027e-02;2.9750000e+02;4.9085051e-02;2.9750000e+02;7.2316118e-03;2.9750000e+02;-4.1063078e-02;2.9750000e+02;-8.3185367e-02;2.9750000e+02;-1.2615083e-01;2.9750000e+02;-5.0990563e-02;2.9750000e+02;-7.2521549e-03;2.9750000e+02;6.1806232e-02;2.9750000e+02;1.4133874e-01;2.9750000e+02;2.2818132e-01;2.9750000e+02;2.7790135e-01;2.9750000e+02;2.9042447e-01;2.9750000e+02;3.2231325e-01;2.9750000e+02;2.8846055e-01;2.9750000e+02;2.3597839e-01;2.9750000e+02;1.8676007e-01;2.9750000e+02;1.4040786e-01;2.9750000e+02;9.4661027e-02;2.9750000e+02;4.9085051e-02;2.9750000e+02;7.2316118e-03;2.9750000e+02;-4.1063078e-02;2.9750000e+02;-8.3185367e-02;2.9750000e+02;-1.2615083e-01;2.9750000e+02;-5.0990563e-02;2.9750000e+02;-7.2521549e-03;2.9750000e+02;6.1806232e-02;2.9750000e+02;1.4133874e-01;2.9750000e+02;2.2818132e-01;2.9750000e+02;2.7790135e-01;2.9750000e+02;2.9042447e-01;2.9750000e+02;3.2231325e-01;2.9750000e+02;2.8846055e-01;2.9750000e+02;2.3597839e-01;2.9750000e+02;1.8676007e-01;2.9750000e+02;1.4040786e-01;2.9750000e+02;9.4661027e-02;2.9750000e+02;4.9085051e-02;2.9750000e+02;7.2316118e-03;2.9750000e+02;-4.1063078e-02;2.9750000e+02;-8.3185367e-02;2.9750000e+02;-1.2615083e-01;2.9750000e+02;-5.0990563e-02;2.9750000e+02;-7.2521549e-03;2.9750000e+02;6.1806232e-02;2.9750000e+02;1.4133874e-01;2.9750000e+02;2.2818132e-01;2.9750000e+02;2.7790135e-01;2.9750000e+02;2.9042447e-01;2.9750000e+02;3.2231325e-01;2.9750000e+02;2.8846055e-01;2.9750000e+02;2.3597839e-01;2.9750000e+02;1.8676007e-01;2.9750000e+02;1.4040786e-01;2.9750000e+02;9.4661027e-02;2.9750000e+02;4.9085051e-02;2.9750000e+02;7.2316118e-03;2.9750000e+02;-4.1063078e-02;2.9750000e+02;-8.3185367e-02;2.9750000e+02;-1.2615083e-01;2.9750000e+02;-5.0990563e-02;2.9750000e+02;-7.2521549e-03;2.9750000e+02;6.1806232e-02;2.9750000e+02;1.4133874e-01;2.9750000e+02;2.2818132e-01;2.9750000e+02;2.7790135e-01;2.9750000e+02;2.9042447e-01;2.9750000e+02;3.2231325e-01;2.9750000e+02;2.8846055e-01;2.9750000e+02;2.3597839e-01;2.9750000e+02;1.8676007e-01;2.9750000e+02;1.4040786e-01;2.9750000e+02;9.4661027e-02;2.9750000e+02;4.9085051e-02;2.9750000e+02;7.2316118e-03;2.9750000e+02;-4.1063078e-02;2.9750000e+02;-8.3185367e-02;2.9750000e+02;-1.2615083e-01;2.9750000e+02;-5.0990563e-02;2.9750000e+02;-7.2521549e-03;2.9750000e+02;6.1806232e-02;2.9750000e+02;1.4133874e-01;2.9750000e+02;2.2818132e-01;2.9750000e+02;2.7790135e-01;2.9750000e+02;2.9042447e-01;2.9750000e+02;3.2231325e-01;2.9750000e+02;2.8846055e-01;2.9750000e+02;2.3597839e-01;2.9750000e+02;1.8676007e-01;2.9750000e+02;1.4040786e-01;2.9750000e+02;9.4661027e-02;2.9750000e+02;4.9085051e-02;2.9750000e+02;7.2316118e-03;2.9750000e+02;-4.1063078e-02;2.9750000e+02;-8.3185367e-02;2.9750000e+02;-1.2615083e-01;2.9750000e+02;-5.0990563e-02;2.9750000e+02;-7.2521549e-03;2.9750000e+02;6.1806232e-02;2.9750000e+02;1.4133874e-01;2.9750000e+02;2.2818132e-01;2.9750000e+02;2.7790135e-01;2.9750000e+02;2.9042447e-01;2.9750000e+02;3.2231325e-01;2.9750000e+02;2.8846055e-01;2.9750000e+02;2.3597839e-01;2.9750000e+02;1.8676007e-01;2.9750000e+02;1.4040786e-01;2.9750000e+02;9.4661027e-02;2.9750000e+02;4.9085051e-02;2.9750000e+02;7.2316118e-03;2.9750000e+02;-4.1063078e-02;2.9750000e+02;-8.3185367e-02;2.9750000e+02;-1.2615083e-01;2.9750000e+02;-5.0990563e-02;2.9750000e+02;-7.2521549e-03;2.9750000e+02;6.1806232e-02;2.9750000e+02;1.4133874e-01;2.9750000e+02;2.2818132e-01;2.9750000e+02;2.7790135e-01;2.9750000e+02;2.9042447e-01;2.9750000e+02;3.2231325e-01;2.9750000e+02;2.8846055e-01;2.9750000e+02;2.3597839e-01;2.9750000e+02;1.8676007e-01;2.9750000e+02;1.4040786e-01;2.9750000e+02;9.4661027e-02;2.9750000e+02;4.9085051e-02;2.9750000e+02;7.2316118e-03;2.9750000e+02;-4.1063078e-02;2.9750000e+02;-8.3185367e-02;2.9750000e+02;-1.2615083e-01;2.9750000e+02;-5.0990563e-02;2.9750000e+02;-7.2521549e-03;2.9750000e+02;6.1806232e-02;2.9750000e+02;1.4133874e-01;2.9750000e+02;2.2818132e-01;2.9750000e+02;2.7790135e-01;2.9750000e+02;2.9042447e-01;2.9750000e+02;3.2231325e-01;2.9750000e+02;2.8846055e-01;2.9750000e+02;2.3597839e-01;2.9750000e+02;1.8676007e-01;2.9750000e+02;1.4040786e-01;2.9750000e+02;9.4661027e-02;2.9750000e+02;4.9085051e-02;2.9750000e+02;7.2316118e-03;2.9750000e+02;-4.1063078e-02;2.9750000e+02;-8.3185367e-02;2.9750000e+02;-1.2615083e-01;2.9750000e+02;-5.0990563e-02;2.9750000e+02;-7.2521549e-03;2.9750000e+02;6.1806232e-02;2.9750000e+02;1.4133874e-01;2.9750000e+02;2.2818132e-01;2.9750000e+02;2.7790135e-01;2.9750000e+02;2.9042447e-01;2.9750000e+02;3.2231325e-01;2.9750000e+02;2.8846055e-01;2.9750000e+02;2.3597839e-01;2.9750000e+02;1.8676007e-01;2.9750000e+02;1.4040786e-01;2.9750000e+02;9.4661027e-02;2.9750000e+02;4.9085051e-02;2.9750000e+02;7.2316118e-03;2.9750000e+02;-4.1063078e-02;2.9750000e+02;-8.3185367e-02;2.9750000e+02;-1.2615083e-01;2.9750000e+02;-5.0990563e-02;2.9750000e+02;-7.2521549e-03;2.9750000e+02;6.1806232e-02;2.9750000e+02;1.4133874e-01;2.9750000e+02;2.2818132e-01;2.9750000e+02;2.7790135e-01;2.9750000e+02;2.9042447e-01;2.9750000e+02;3.2231325e-01;2.9750000e+02;2.8846055e-01;2.9750000e+02;2.3597839e-01;2.9750000e+02;1.8676007e-01;2.9750000e+02;1.4040786e-01;2.9750000e+02;9.4661027e-02;2.9750000e+02;4.9085051e-02;2.9750000e+02;7.2316118e-03;2.9750000e+02;-4.1063078e-02;2.9750000e+02;-8.3185367e-02;2.9750000e+02;-1.2615083e-01;2.9750000e+02;-5.0990563e-02;2.9750000e+02;-7.2521549e-03;2.9750000e+02;6.1806232e-02;2.9750000e+02;1.4133874e-01;2.9750000e+02;2.2818132e-01;2.9750000e+02;2.7790135e-01;2.9750000e+02;2.9042447e-01;2.9750000e+02;3.2231325e-01;2.9750000e+02;2.8846055e-01;2.9750000e+02;2.3597839e-01;2.9750000e+02;1.8676007e-01;2.9750000e+02;1.4040786e-01;2.9750000e+02;9.4661027e-02;2.9750000e+02;4.9085051e-02;2.9750000e+02;7.2316118e-03;2.9750000e+02;-4.1063078e-02;2.9750000e+02;-8.3185367e-02;2.9750000e+02;-1.2615083e-01;2.9750000e+02;-5.0990563e-02;2.9750000e+02;-7.2521549e-03;2.9750000e+02;6.1806232e-02;2.9750000e+02;1.4133874e-01;2.9750000e+02;2.2818132e-01;2.9750000e+02;2.7790135e-01;2.9750000e+02;2.9042447e-01;2.9750000e+02;3.2231325e-01;2.9750000e+02;2.8846055e-01;2.9750000e+02;2.3597839e-01;2.9750000e+02;1.8676007e-01;2.9750000e+02;1.4040786e-01;2.9750000e+02;9.4661027e-02;2.9750000e+02;4.9085051e-02;2.9750000e+02;7.2316118e-03;2.9750000e+02;-4.1063078e-02;2.9750000e+02;-8.3185367e-02;2.9750000e+02;-1.2615083e-01;2.9750000e+02;-5.0990563e-02;2.9750000e+02;-7.2521549e-03;2.9750000e+02;6.1806232e-02;2.9750000e+02;1.4133874e-01;2.9750000e+02;2.2818132e-01;2.9750000e+02;2.7790135e-01;2.9750000e+02;2.9042447e-01;2.9750000e+02;3.2231325e-01;2.9750000e+02;2.8846055e-01;2.9750000e+02;2.3597839e-01;2.9750000e+02;1.8676007e-01;2.9750000e+02;1.4040786e-01;2.9750000e+02;9.4661027e-02;2.9750000e+02;4.9085051e-02;2.9750000e+02;7.2316118e-03;2.9750000e+02;-4.1063078e-02;2.9750000e+02;-8.3185367e-02;2.9750000e+02;-1.2615083e-01;2.9750000e+02;-5.0990563e-02;2.9750000e+02;-7.2521549e-03;2.9750000e+02;6.1806232e-02;2.9750000e+02;1.4133874e-01;2.9750000e+02;2.2818132e-01;2.9750000e+02;2.7790135e-01;2.9750000e+02;2.9042447e-01;2.9750000e+02;3.2231325e-01;2.9750000e+02;2.8846055e-01;2.9750000e+02;2.3597839e-01;2.9750000e+02;1.8676007e-01;2.9750000e+02;1.4040786e-01;2.9750000e+02;9.4661027e-02;2.9750000e+02;4.9085051e-02;2.9750000e+02;7.2316118e-03;2.9750000e+02;-4.1063078e-02;2.9750000e+02;-8.3185367e-02;2.9750000e+02;-1.2615083e-01;2.9750000e+02;-5.0990563e-02;2.9750000e+02;-7.2521549e-03;2.9750000e+02;6.1806232e-02;2.9750000e+02;1.4133874e-01;2.9750000e+02;2.2818132e-01;2.9750000e+02;2.7790135e-01;2.9750000e+02;2.9042447e-01;2.9750000e+02;3.2231325e-01;2.9750000e+02;2.8846055e-01;2.9750000e+02;2.3597839e-01;2.9750000e+02;1.8676007e-01;2.9750000e+02;1.4040786e-01;2.9750000e+02;9.4661027e-02;2.9750000e+02;4.9085051e-02;2.9750000e+02;7.2316118e-03;2.9750000e+02;-4.1063078e-02;2.9750000e+02;-8.3185367e-02;2.9750000e+02;-1.2615083e-01;2.9750000e+02;-5.0990563e-02;2.9750000e+02;-7.2521549e-03;2.9750000e+02;6.1806232e-02;2.9750000e+02;1.4133874e-01;2.9750000e+02;2.2818132e-01;2.9750000e+02;2.7790135e-01;2.9750000e+02;2.9042447e-01;2.9750000e+02;3.2231325e-01;2.9750000e+02;2.8846055e-01;2.9750000e+02;2.3597839e-01;2.9750000e+02;1.8676007e-01;2.9750000e+02;1.4040786e-01;2.9750000e+02;9.4661027e-02;2.9750000e+02;4.9085051e-02;2.9750000e+02;7.2316118e-03;2.9750000e+02;-4.1063078e-02;2.9750000e+02;-8.3185367e-02;2.9750000e+02;-1.2615083e-01;2.9750000e+02;-5.0990563e-02;2.9750000e+02;-7.2521549e-03;2.9750000e+02;6.1806232e-02;2.9750000e+02;1.4133874e-01;2.9750000e+02;2.2818132e-01;2.9750000e+02;2.7790135e-01;2.9750000e+02;2.9042447e-01;2.9750000e+02;3.2231325e-01;2.9750000e+02;2.8846055e-01;2.9750000e+02;2.3597839e-01;2.9750000e+02;1.8676007e-01;2.9750000e+02;1.4040786e-01;2.9750000e+02;9.4661027e-02;2.9750000e+02;4.9085051e-02;2.9750000e+02;7.2316118e-03;2.9750000e+02;-4.1063078e-02;2.9750000e+02;-8.3185367e-02;2.9750000e+02;-1.2615083e-01;2.9750000e+02;-5.0990563e-02;2.9750000e+02;-7.2521549e-03;2.9750000e+02;6.1806232e-02;2.9750000e+02;1.4133874e-01;2.9750000e+02;2.2818132e-01;2.9750000e+02;2.7790135e-01;2.9750000e+02;2.9042447e-01;2.9750000e+02;3.2231325e-01;2.9750000e+02;2.8846055e-01;2.9750000e+02;2.3597839e-01;2.9750000e+02;1.8676007e-01;2.9750000e+02;1.4040786e-01;2.9750000e+02;9.4661027e-02;2.9750000e+02;4.9085051e-02;2.9750000e+02;7.2316118e-03;2.9750000e+02;-4.1063078e-02;2.9750000e+02;-8.3185367e-02;2.9750000e+02;-1.2615083e-01;2.9750000e+02;-5.0990563e-02;2.9750000e+02;-7.2521549e-03;2.9750000e+02;6.1806232e-02;2.9750000e+02;1.4133874e-01;2.9750000e+02;2.2818132e-01;2.9750000e+02;2.7790135e-01;2.9750000e+02;2.9042447e-01;2.9750000e+02;3.2231325e-01;2.9750000e+02;2.8846055e-01;2.9750000e+02;2.3597839e-01;2.9750000e+02;1.8676007e-01;2.9750000e+02;1.4040786e-01;2.9750000e+02;9.4661027e-02;2.9750000e+02;4.9085051e-02;2.9750000e+02;7.2316118e-03;2.9750000e+02;-4.1063078e-02;2.9750000e+02;-8.3185367e-02;2.9750000e+02;-1.2615083e-01;2.9750000e+02;-5.0990563e-02;2.9750000e+02;-7.2521549e-03;2.9750000e+02;6.1806232e-02;2.9750000e+02;1.4133874e-01;2.9750000e+02;2.2818132e-01;2.9750000e+02;2.7790135e-01;2.9750000e+02;2.9042447e-01;2.9750000e+02;3.2231325e-01;2.9750000e+02;2.8846055e-01;2.9750000e+02;2.3597839e-01;2.9750000e+02;1.8676007e-01;2.9750000e+02;1.4040786e-01;2.9750000e+02;9.4661027e-02;2.9750000e+02;4.9085051e-02;2.9750000e+02;7.2316118e-03;2.9750000e+02;-4.1063078e-02;2.9750000e+02;-8.3185367e-02;2.9750000e+02;-1.2615083e-01;2.9750000e+02;-5.0990563e-02;2.9750000e+02;-7.2521549e-03;2.9750000e+02;6.1806232e-02;2.9750000e+02;1.4133874e-01;2.9750000e+02;2.2818132e-01;2.9750000e+02;2.7790135e-01;2.9750000e+02;2.9042447e-01;2.9750000e+02;3.2231325e-01;2.9750000e+02;2.8846055e-01;2.9750000e+02;2.3597839e-01;2.9750000e+02;1.8676007e-01;2.9750000e+02;1.4040786e-01;2.9750000e+02;9.4661027e-02;2.9750000e+02;4.9085051e-02;2.9750000e+02;7.2316118e-03;2.9750000e+02;-4.1063078e-02;2.9750000e+02;-8.3185367e-02;2.9750000e+02;-1.2615083e-01;2.9750000e+02;-5.0990563e-02;2.9750000e+02;-7.2521549e-03;2.9750000e+02;6.1806232e-02;2.9750000e+02;1.4133874e-01;2.9750000e+02;2.2818132e-01;2.9750000e+02;2.7790135e-01;2.9750000e+02;2.9042447e-01;2.9750000e+02;3.2231325e-01;2.9750000e+02;2.8846055e-01;2.9750000e+02;2.3597839e-01;2.9750000e+02;1.8676007e-01;2.9750000e+02;1.4040786e-01;2.9750000e+02;9.4661027e-02;2.9750000e+02;4.9085051e-02;2.9750000e+02;7.2316118e-03;2.9750000e+02;-4.1063078e-02;2.9750000e+02;-8.3185367e-02;2.9750000e+02;-1.2615083e-01;2.9750000e+02;-5.0990563e-02;2.9750000e+02;-7.2521549e-03;2.9750000e+02;6.1806232e-02;2.9750000e+02;1.4133874e-01;2.9750000e+02;2.2818132e-01;2.9750000e+02;2.7790135e-01;2.9750000e+02;2.9042447e-01;2.9750000e+02;3.2231325e-01;2.9750000e+02;2.8846055e-01;2.9750000e+02;2.3597839e-01;2.9750000e+02;1.8676007e-01;2.9750000e+02;1.4040786e-01;2.9750000e+02;9.4661027e-02;2.9750000e+02;4.9085051e-02;2.9750000e+02;7.2316118e-03;2.9750000e+02;-4.1063078e-02;2.9750000e+02;-8.3185367e-02;2.9750000e+02;-1.2615083e-01;2.9750000e+02;-5.0990563e-02;2.9750000e+02;-7.2521549e-03;2.9750000e+02;6.1806232e-02;2.9750000e+02;1.4133874e-01;2.9750000e+02;2.2818132e-01;2.9750000e+02;2.7790135e-01;2.9750000e+02;2.9042447e-01;2.9750000e+02;3.2231325e-01;2.9750000e+02;2.8846055e-01;2.9750000e+02;2.3597839e-01;2.9750000e+02;1.8676007e-01;2.9750000e+02;1.4040786e-01;2.9750000e+02;9.4661027e-02;2.9750000e+02;4.9085051e-02;2.9750000e+02;7.2316118e-03;2.9750000e+02;-4.1063078e-02;2.9750000e+02;-8.3185367e-02;2.9750000e+02;-1.2615083e-01;2.9750000e+02;-5.0990563e-02;2.9750000e+02;-7.2521549e-03;2.9750000e+02;6.1806232e-02;2.9750000e+02;1.4133874e-01;2.9750000e+02;2.2818132e-01;2.9750000e+02;2.7790135e-01;2.9750000e+02;2.9042447e-01;2.9750000e+02;3.2231325e-01;2.9750000e+02;2.8846055e-01;2.9750000e+02;2.3597839e-01;2.9750000e+02;1.8676007e-01;2.9750000e+02;1.4040786e-01;2.9750000e+02;9.4661027e-02;2.9750000e+02;4.9085051e-02;2.9750000e+02;7.2316118e-03;2.9750000e+02;-4.1063078e-02;2.9750000e+02;-8.3185367e-02;2.9750000e+02;-1.2615083e-01;2.9750000e+02;-5.0990563e-02;2.9750000e+02;-7.2521549e-03;2.9750000e+02;6.1806232e-02;2.9750000e+02;1.4133874e-01;2.9750000e+02;2.2818132e-01;2.9750000e+02;2.7790135e-01;2.9750000e+02;2.9042447e-01;2.9750000e+02;3.2231325e-01;2.9750000e+02;2.8846055e-01;2.9750000e+02;2.3597839e-01;2.9750000e+02;1.8676007e-01;2.9750000e+02;1.4040786e-01;2.9750000e+02;9.4661027e-02;2.9750000e+02;4.9085051e-02;2.9750000e+02;7.2316118e-03;2.9750000e+02;-4.1063078e-02;2.9750000e+02;-8.3185367e-02;2.9750000e+02;-1.2615083e-01;2.9750000e+02;-5.0990563e-02;2.9750000e+02;-7.2521549e-03;2.9750000e+02;6.1806232e-02;2.9750000e+02;1.4133874e-01;2.9750000e+02;2.2818132e-01;2.9750000e+02;2.7790135e-01;2.9750000e+02;2.9042447e-01;2.9750000e+02;3.2231325e-01;2.9750000e+02;2.8846055e-01;2.9750000e+02;2.3597839e-01;2.9750000e+02;1.8676007e-01;2.9750000e+02;1.4040786e-01;2.9750000e+02;9.4661027e-02;2.9750000e+02;4.9085051e-02;2.9750000e+02;7.2316118e-03;2.9750000e+02;-4.1063078e-02;2.9750000e+02;-8.3185367e-02;2.9750000e+02;-1.2615083e-01;2.9750000e+02;-5.0990563e-02;2.9750000e+02;-7.2521549e-03;2.9750000e+02;6.1806232e-02;2.9750000e+02;1.4133874e-01;2.9750000e+02;2.2818132e-01;2.9750000e+02;2.7790135e-01;2.9750000e+02;2.9042447e-01;2.9750000e+02;3.2231325e-01;2.9750000e+02;2.8846055e-01;2.9750000e+02;2.3597839e-01;2.9750000e+02;1.8676007e-01;2.9750000e+02;1.4040786e-01;2.9750000e+02;9.4661027e-02;2.9750000e+02;4.9085051e-02;2.9750000e+02;7.2316118e-03;2.9750000e+02;-4.1063078e-02;2.9750000e+02;-8.3185367e-02;2.9750000e+02;-1.2615083e-01;2.9750000e+02;-5.0990563e-02;2.9750000e+02;-7.2521549e-03;2.9750000e+02;6.1806232e-02;2.9750000e+02;1.4133874e-01;2.9750000e+02;2.2818132e-01;2.9750000e+02;2.7790135e-01;2.9750000e+02;2.9042447e-01;2.9750000e+02;3.2231325e-01;2.9750000e+02;2.8846055e-01;2.9750000e+02;2.3597839e-01;2.9750000e+02;1.8676007e-01;2.9750000e+02;1.4040786e-01;2.9750000e+02;9.4661027e-02;2.9750000e+02;4.9085051e-02;2.9750000e+02;7.2316118e-03;2.9750000e+02;-4.1063078e-02;2.9750000e+02;-8.3185367e-02;2.9750000e+02;-1.2615083e-01;2.9750000e+02;-5.0990563e-02;2.9750000e+02;-7.2521549e-03;2.9750000e+02;6.1806232e-02;2.9750000e+02;1.4133874e-01;2.9750000e+02;2.2818132e-01;2.9750000e+02;2.7790135e-01;2.9750000e+02;2.9042447e-01;2.9750000e+02;3.2231325e-01;2.9750000e+02;2.8846055e-01;2.9750000e+02;2.3597839e-01;2.9750000e+02;1.8676007e-01;2.9750000e+02;1.4040786e-01;2.9750000e+02;9.4661027e-02;2.9750000e+02;4.9085051e-02;2.9750000e+02;7.2316118e-03;2.9750000e+02;-4.1063078e-02;2.9750000e+02;-8.3185367e-02;2.9750000e+02;-1.2615083e-01;2.9750000e+02;-5.0990563e-02;2.9750000e+02;-7.2521549e-03;2.9750000e+02;6.1806232e-02;2.9750000e+02;1.4133874e-01;2.9750000e+02;2.2818132e-01;2.9750000e+02;2.7790135e-01;2.9750000e+02;2.9042447e-01;2.9750000e+02;3.2231325e-01;2.9750000e+02;2.8846055e-01;2.9750000e+02;2.3597839e-01;2.9750000e+02;1.8676007e-01;2.9750000e+02;1.4040786e-01;2.9750000e+02;9.4661027e-02;2.9750000e+02;4.9085051e-02;2.9750000e+02;7.2316118e-03;2.9750000e+02;-4.1063078e-02;2.9750000e+02;-8.3185367e-02;2.9750000e+02;-1.2615083e-01;2.9750000e+02;-5.0990563e-02;2.9750000e+02;-7.2521549e-03;2.9750000e+02;6.1806232e-02;2.9750000e+02;1.4133874e-01;2.9750000e+02;2.2818132e-01;2.9750000e+02;2.7790135e-01;2.9750000e+02;2.9042447e-01;2.9750000e+02;3.2231325e-01;2.9750000e+02;2.8846055e-01;2.9750000e+02;2.3597839e-01;2.9750000e+02;1.8676007e-01;2.9750000e+02;1.4040786e-01;2.9750000e+02;9.4661027e-02;2.9750000e+02;4.9085051e-02;2.9750000e+02;7.2316118e-03;2.9750000e+02;-4.1063078e-02;2.9750000e+02;-8.3185367e-02;2.9750000e+02;-1.2615083e-01;2.9750000e+02;-5.0990563e-02;2.9750000e+02;-7.2521549e-03;2.9750000e+02;6.1806232e-02;2.9750000e+02;1.4133874e-01;2.9750000e+02;2.2818132e-01;2.9750000e+02;2.7790135e-01;2.9750000e+02;2.9042447e-01;2.9750000e+02;3.2231325e-01;2.9750000e+02;2.8846055e-01;2.9750000e+02;2.3597839e-01;2.9750000e+02;1.8676007e-01;2.9750000e+02;1.4040786e-01;2.9750000e+02;9.4661027e-02;2.9750000e+02;4.9085051e-02;2.9750000e+02;7.2316118e-03;2.9750000e+02;-4.1063078e-02;2.9750000e+02;-8.3185367e-02;2.9750000e+02;-1.2615083e-01;2.9750000e+02;-5.0990563e-02;2.9750000e+02;-7.2521549e-03;2.9750000e+02;6.1806232e-02;2.9750000e+02;1.4133874e-01;2.9750000e+02;2.2818132e-01;2.9750000e+02;2.7790135e-01;2.9750000e+02;2.9042447e-01;2.9750000e+02;3.2231325e-01;2.9750000e+02;2.8846055e-01;2.9750000e+02;2.3597839e-01;2.9750000e+02;1.8676007e-01;2.9750000e+02;1.4040786e-01;2.9750000e+02;9.4661027e-02;2.9750000e+02;4.9085051e-02;2.9750000e+02;7.2316118e-03;2.9750000e+02;-4.1063078e-02;2.9750000e+02;-8.3185367e-02;2.9750000e+02;-1.2615083e-01;2.9750000e+02;-5.0990563e-02;2.9750000e+02;-7.2521549e-03;2.9750000e+02;6.1806232e-02;2.9750000e+02;1.4133874e-01;2.9750000e+02;2.2818132e-01;2.9750000e+02;2.7790135e-01;2.9750000e+02;2.9042447e-01;2.9750000e+02;3.2231325e-01;2.9750000e+02;2.8846055e-01;2.9750000e+02;2.3597839e-01;2.9750000e+02;1.8676007e-01;2.9750000e+02;1.4040786e-01;2.9750000e+02;9.4661027e-02;2.9750000e+02;4.9085051e-02;2.9750000e+02;7.2316118e-03;2.9750000e+02;-4.1063078e-02;2.9750000e+02;-8.3185367e-02;2.9750000e+02;-1.2615083e-01;2.9750000e+02;-5.0990563e-02;2.9750000e+02;-7.2521549e-03;2.9750000e+02;6.1806232e-02;2.9750000e+02;1.4133874e-01;2.9750000e+02;2.2818132e-01;2.9750000e+02;2.7790135e-01;2.9750000e+02;2.9042447e-01;2.9750000e+02;3.2231325e-01;2.9750000e+02;2.8846055e-01;2.9750000e+02;2.3597839e-01;2.9750000e+02;1.8676007e-01;2.9750000e+02;1.4040786e-01;2.9750000e+02;9.4661027e-02;2.9750000e+02;4.9085051e-02;2.9750000e+02;7.2316118e-03;2.9750000e+02;-4.1063078e-02;2.9750000e+02;-8.3185367e-02;2.9750000e+02;-1.2615083e-01;2.9750000e+02;-5.0990563e-02;2.9750000e+02;-7.2521549e-03;2.9750000e+02;6.1806232e-02;2.9750000e+02;1.4133874e-01;2.9750000e+02;2.2818132e-01;2.9750000e+02;2.7790135e-01;2.9750000e+02;2.9042447e-01;2.9750000e+02;3.2231325e-01;2.9750000e+02;2.8846055e-01;2.9750000e+02;2.3597839e-01;2.9750000e+02;1.8676007e-01;2.9750000e+02;1.4040786e-01;2.9750000e+02;9.4661027e-02;2.9750000e+02;4.9085051e-02;2.9750000e+02;7.2316118e-03;2.9750000e+02;-4.1063078e-02;2.9750000e+02;-8.3185367e-02;2.9750000e+02;-1.2615083e-01;2.9750000e+02;-5.0990563e-02;2.9750000e+02;-7.2521549e-03;2.9750000e+02;6.1806232e-02;2.9750000e+02;1.4133874e-01;2.9750000e+02;2.2818132e-01;2.9750000e+02;2.7790135e-01;2.9750000e+02;2.9042447e-01;2.9750000e+02;3.2231325e-01;2.9750000e+02;2.8846055e-01;2.9750000e+02;2.3597839e-01;2.9750000e+02;1.8676007e-01;2.9750000e+02;1.4040786e-01;2.9750000e+02;9.4661027e-02;2.9750000e+02;4.9085051e-02;2.9750000e+02;7.2316118e-03;2.9750000e+02;-4.1063078e-02;2.9750000e+02;-8.3185367e-02;2.9750000e+02;-1.2615083e-01;2.9750000e+02;-5.0990563e-02;2.9750000e+02;-7.2521549e-03;2.9750000e+02;6.1806232e-02;2.9750000e+02;1.4133874e-01;2.9750000e+02;2.2818132e-01;2.9750000e+02;2.7790135e-01;2.9750000e+02;2.9042447e-01;2.9750000e+02;3.2231325e-01;2.9750000e+02;2.8846055e-01;2.9750000e+02;2.3597839e-01;2.9750000e+02;1.8676007e-01;2.9750000e+02;1.4040786e-01;2.9750000e+02;9.4661027e-02;2.9750000e+02;4.9085051e-02;2.9750000e+02;7.2316118e-03;2.9750000e+02;-4.1063078e-02;2.9750000e+02;-8.3185367e-02;2.9750000e+02;-1.2615083e-01;2.9750000e+02;-5.0990563e-02;2.9750000e+02;-7.2521549e-03;2.9750000e+02;6.1806232e-02;2.9750000e+02;1.4133874e-01;2.9750000e+02;2.2818132e-01;2.9750000e+02;2.7790135e-01;2.9750000e+02;2.9042447e-01;2.9750000e+02;3.2231325e-01;2.9750000e+02;2.8846055e-01;2.9750000e+02;2.3597839e-01;2.9750000e+02;1.8676007e-01;2.9750000e+02;1.4040786e-01;2.9750000e+02;9.4661027e-02;2.9750000e+02;4.9085051e-02;2.9750000e+02;7.2316118e-03;2.9750000e+02;-4.1063078e-02;2.9750000e+02;-8.3185367e-02;2.9750000e+02;-1.2615083e-01;2.9750000e+02;-5.0990563e-02;2.9750000e+02;-7.2521549e-03;2.9750000e+02;6.1806232e-02;2.9750000e+02;1.4133874e-01;2.9750000e+02;2.2818132e-01;2.9750000e+02;2.7790135e-01;2.9750000e+02;2.9042447e-01;2.9750000e+02;3.2231325e-01;2.9750000e+02;2.8846055e-01;2.9750000e+02;2.3597839e-01;2.9750000e+02;1.8676007e-01;2.9750000e+02;1.4040786e-01;2.9750000e+02;9.4661027e-02;2.9750000e+02;4.9085051e-02;2.9750000e+02;7.2316118e-03;2.9750000e+02;-4.1063078e-02;2.9750000e+02;-8.3185367e-02;2.9750000e+02;-1.2615083e-01;2.9750000e+02;-5.0990563e-02;2.9750000e+02;-7.2521549e-03;2.9750000e+02;6.1806232e-02;2.9750000e+02;1.4133874e-01;2.9750000e+02;2.2818132e-01;2.9750000e+02;2.7790135e-01;2.9750000e+02;2.9042447e-01;2.9750000e+02;3.2231325e-01;2.9750000e+02;2.8846055e-01;2.9750000e+02;2.3597839e-01;2.9750000e+02;1.8676007e-01;2.9750000e+02;1.4040786e-01;2.9750000e+02;9.4661027e-02;2.9750000e+02;4.9085051e-02;2.9750000e+02;7.2316118e-03;2.9750000e+02;-4.1063078e-02;2.9750000e+02;-8.3185367e-02;2.9750000e+02;-1.2615083e-01;2.9750000e+02;-5.0990563e-02;2.9750000e+02;-7.2521549e-03;2.9750000e+02;6.1806232e-02;2.9750000e+02;1.4133874e-01;2.9750000e+02;2.2818132e-01;2.9750000e+02;2.7790135e-01;2.9750000e+02;2.9042447e-01;2.9750000e+02;3.2231325e-01;2.9750000e+02;2.8846055e-01;2.9750000e+02;2.3597839e-01;2.9750000e+02;1.8676007e-01;2.9750000e+02;1.4040786e-01;2.9750000e+02;9.4661027e-02;2.9750000e+02;4.9085051e-02;2.9750000e+02;7.2316118e-03;2.9750000e+02;-4.1063078e-02;2.9750000e+02;-8.3185367e-02;2.9750000e+02;-1.2615083e-01;2.9750000e+02;-5.0990563e-02;2.9750000e+02;-7.2521549e-03;2.9750000e+02;6.1806232e-02;2.9750000e+02;1.4133874e-01;2.9750000e+02;2.2818132e-01;2.9750000e+02;2.7790135e-01;2.9750000e+02;2.9042447e-01;2.9750000e+02;3.2231325e-01;2.9750000e+02;2.8846055e-01;2.9750000e+02;2.3597839e-01;2.9750000e+02;1.8676007e-01;2.9750000e+02;1.4040786e-01;2.9750000e+02;9.4661027e-02;2.9750000e+02;4.9085051e-02;2.9750000e+02;7.2316118e-03;2.9750000e+02;-4.1063078e-02;2.9750000e+02;-8.3185367e-02;2.9750000e+02;-1.2615083e-01;2.9750000e+02;-5.0990563e-02;2.9750000e+02;-7.2521549e-03;2.9750000e+02;6.1806232e-02;2.9750000e+02;1.4133874e-01;2.9750000e+02;2.2818132e-01;2.9750000e+02;2.7790135e-01;2.9750000e+02;2.9042447e-01;2.9750000e+02;3.2231325e-01;2.9750000e+02;2.8846055e-01;2.9750000e+02;2.3597839e-01;2.9750000e+02;1.8676007e-01;2.9750000e+02;1.4040786e-01;2.9750000e+02;9.4661027e-02;2.9750000e+02;4.9085051e-02;2.9750000e+02;7.2316118e-03;2.9750000e+02;-4.1063078e-02;2.9750000e+02;-8.3185367e-02;2.9750000e+02;-1.2615083e-01;2.9750000e+02;-5.0990563e-02;2.9750000e+02;-7.2521549e-03;2.9750000e+02;6.1806232e-02;2.9750000e+02;1.4133874e-01;2.9750000e+02;2.2818132e-01;2.9750000e+02;2.7790135e-01;2.9750000e+02;2.9042447e-01;2.9750000e+02;3.2231325e-01;2.9750000e+02;2.8846055e-01;2.9750000e+02;2.3597839e-01;2.9750000e+02;1.8676007e-01;2.9750000e+02;1.4040786e-01;2.9750000e+02;9.4661027e-02;2.9750000e+02;4.9085051e-02;2.9750000e+02;7.2316118e-03;2.9750000e+02;-4.1063078e-02;2.9750000e+02;-8.3185367e-02;2.9750000e+02;-1.2615083e-01;2.9750000e+02;-5.0990563e-02;2.9750000e+02;-7.2521549e-03;2.9750000e+02;6.1806232e-02;2.9750000e+02;1.4133874e-01;2.9750000e+02;2.2818132e-01;2.9750000e+02;2.7790135e-01;2.9750000e+02;2.9042447e-01;2.9750000e+02;3.2231325e-01;2.9750000e+02;2.8846055e-01;2.9750000e+02;2.3597839e-01;2.9750000e+02;1.8676007e-01;2.9750000e+02;1.4040786e-01;2.9750000e+02;9.4661027e-02;2.9750000e+02;4.9085051e-02;2.9750000e+02;7.2316118e-03;2.9750000e+02;-4.1063078e-02;2.9750000e+02;-8.3185367e-02;2.9750000e+02;-1.2615083e-01;2.9750000e+02;-5.0990563e-02;2.9750000e+02;-7.2521549e-03;2.9750000e+02;6.1806232e-02;2.9750000e+02;1.4133874e-01;2.9750000e+02;2.2818132e-01;2.9750000e+02;2.7790135e-01;2.9750000e+02;2.9042447e-01;2.9750000e+02;3.2231325e-01;2.9750000e+02;2.8846055e-01;2.9750000e+02;2.3597839e-01;2.9750000e+02;1.8676007e-01;2.9750000e+02;1.4040786e-01;2.9750000e+02;9.4661027e-02;2.9750000e+02;4.9085051e-02;2.9750000e+02;7.2316118e-03;2.9750000e+02;-4.1063078e-02;2.9750000e+02;-8.3185367e-02;2.9750000e+02;-1.2615083e-01;2.9750000e+02;-5.0990563e-02;2.9750000e+02;-7.2521549e-03;2.9750000e+02;6.1806232e-02;2.9750000e+02;1.4133874e-01;2.9750000e+02;2.2818132e-01;2.9750000e+02;2.7790135e-01;2.9750000e+02;2.9042447e-01;2.9750000e+02;3.2231325e-01;2.9750000e+02;2.8846055e-01;2.9750000e+02;2.3597839e-01;2.9750000e+02;1.8676007e-01;2.9750000e+02;1.4040786e-01;2.9750000e+02;9.4661027e-02;2.9750000e+02;4.9085051e-02;2.9750000e+02;7.2316118e-03;2.9750000e+02;-4.1063078e-02;2.9750000e+02;-8.3185367e-02;2.9750000e+02;-1.2615083e-01;2.9750000e+02;-5.0990563e-02;2.9750000e+02;-7.2521549e-03;2.9750000e+02;6.1806232e-02;2.9750000e+02;1.4133874e-01;2.9750000e+02;2.2818132e-01;2.9750000e+02;2.7790135e-01;2.9750000e+02;2.9042447e-01;2.9750000e+02;3.2231325e-01;2.9750000e+02;2.8846055e-01;2.9750000e+02;2.3597839e-01;2.9750000e+02;1.8676007e-01;2.9750000e+02;1.4040786e-01;2.9750000e+02;9.4661027e-02;2.9750000e+02;4.9085051e-02;2.9750000e+02;7.2316118e-03;2.9750000e+02;-4.1063078e-02;2.9750000e+02;-8.3185367e-02;2.9750000e+02;-1.2615083e-01;2.9750000e+02;-5.0990563e-02;2.9750000e+02;-7.2521549e-03;2.9750000e+02;6.1806232e-02;2.9750000e+02;1.4133874e-01;2.9750000e+02;2.2818132e-01;2.9750000e+02;2.7790135e-01;2.9750000e+02;2.9042447e-01;2.9750000e+02;3.2231325e-01;2.9750000e+02;2.8846055e-01;2.9750000e+02;2.3597839e-01;2.9750000e+02;1.8676007e-01;2.9750000e+02;1.4040786e-01;2.9750000e+02;9.4661027e-02;2.9750000e+02;4.9085051e-02;2.9750000e+02;7.2316118e-03;2.9750000e+02;-4.1063078e-02;2.9750000e+02;-8.3185367e-02;2.9750000e+02;-1.2615083e-01;2.9750000e+02;-5.0990563e-02;2.9750000e+02;-7.2521549e-03;2.9750000e+02;6.1806232e-02;2.9750000e+02;1.4133874e-01;2.9750000e+02;2.2818132e-01;2.9750000e+02;2.7790135e-01;2.9750000e+02;2.9042447e-01;2.9750000e+02;3.2231325e-01;2.9750000e+02;2.8846055e-01;2.9750000e+02;2.3597839e-01;2.9750000e+02;1.8676007e-01;2.9750000e+02;1.4040786e-01;2.9750000e+02;9.4661027e-02;2.9750000e+02;4.9085051e-02;2.9750000e+02;7.2316118e-03;2.9750000e+02;-4.1063078e-02;2.9750000e+02;-8.3185367e-02;2.9750000e+02;-1.2615083e-01;2.9750000e+02;-5.0990563e-02;2.9750000e+02;-7.2521549e-03;2.9750000e+02;6.1806232e-02;2.9750000e+02;1.4133874e-01;2.9750000e+02;2.2818132e-01;2.9750000e+02;2.7790135e-01;2.9750000e+02;2.9042447e-01;2.9750000e+02;3.2231325e-01;2.9750000e+02;2.8846055e-01;2.9750000e+02;2.3597839e-01;2.9750000e+02;1.8676007e-01;2.9750000e+02;1.4040786e-01;2.9750000e+02;9.4661027e-02;2.9750000e+02;4.9085051e-02;2.9750000e+02;7.2316118e-03;2.9750000e+02;-4.1063078e-02;2.9750000e+02;-8.3185367e-02;2.9750000e+02;-1.2615083e-01;2.9750000e+02;-5.0990563e-02;2.9750000e+02;-7.2521549e-03;2.9750000e+02;6.1806232e-02;2.9750000e+02;1.4133874e-01;2.9750000e+02;2.2818132e-01;2.9750000e+02;2.7790135e-01;2.9750000e+02;2.9042447e-01;2.9750000e+02;3.2231325e-01;2.9750000e+02;2.8846055e-01;2.9750000e+02;2.3597839e-01;2.9750000e+02;1.8676007e-01;2.9750000e+02;1.4040786e-01;2.9750000e+02;9.4661027e-02;2.9750000e+02;4.9085051e-02;2.9750000e+02;7.2316118e-03;2.9750000e+02;-4.1063078e-02;2.9750000e+02;-8.3185367e-02;2.9750000e+02;-1.2615083e-01;2.9750000e+02;-5.0990563e-02;2.9750000e+02;-7.2521549e-03;2.9750000e+02;6.1806232e-02;2.9750000e+02;1.4133874e-01;2.9750000e+02;2.2818132e-01;2.9750000e+02;2.7790135e-01;2.9750000e+02;2.9042447e-01;2.9750000e+02;3.2231325e-01;2.9750000e+02;2.8846055e-01;2.9750000e+02;2.3597839e-01;2.9750000e+02;1.8676007e-01;2.9750000e+02;1.4040786e-01;2.9750000e+02;9.4661027e-02;2.9750000e+02;4.9085051e-02;2.9750000e+02;7.2316118e-03;2.9750000e+02;-4.1063078e-02;2.9750000e+02;-8.3185367e-02;2.9750000e+02;-1.2615083e-01;2.9750000e+02;-5.0990563e-02;2.9750000e+02;-7.2521549e-03;2.9750000e+02;6.1806232e-02;2.9750000e+02;1.4133874e-01;2.9750000e+02;2.2818132e-01;2.9750000e+02;2.7790135e-01;2.9750000e+02;2.9042447e-01;2.9750000e+02;3.2231325e-01;2.9750000e+02;2.8846055e-01;2.9750000e+02;2.3597839e-01;2.9750000e+02;1.8676007e-01;2.9750000e+02;1.4040786e-01;2.9750000e+02;9.4661027e-02;2.9750000e+02;4.9085051e-02;2.9750000e+02;7.2316118e-03;2.9750000e+02;-4.1063078e-02;2.9750000e+02;-8.3185367e-02;2.9750000e+02;-1.2615083e-01;2.9750000e+02;-5.0990563e-02;2.9750000e+02;-7.2521549e-03;2.9750000e+02;6.1806232e-02;2.9750000e+02;1.4133874e-01;2.9750000e+02;2.2818132e-01;2.9750000e+02;2.7790135e-01;2.9750000e+02;2.9042447e-01;2.9750000e+02;3.2231325e-01;2.9750000e+02;2.8846055e-01;2.9750000e+02;2.3597839e-01;2.9750000e+02;1.8676007e-01;2.9750000e+02;1.4040786e-01;2.9750000e+02;9.4661027e-02;2.9750000e+02;4.9085051e-02;2.9750000e+02;7.2316118e-03;2.9750000e+02;-4.1063078e-02;2.9750000e+02;-8.3185367e-02;2.9750000e+02;-1.2615083e-01;2.9750000e+02;-5.0990563e-02;2.9750000e+02;-7.2521549e-03;2.9750000e+02;6.1806232e-02;2.9750000e+02;1.4133874e-01;2.9750000e+02;2.2818132e-01;2.9750000e+02;2.7790135e-01;2.9750000e+02;2.9042447e-01;2.9750000e+02;3.2231325e-01;2.9750000e+02;2.8846055e-01;2.9750000e+02;2.3597839e-01;2.9750000e+02;1.8676007e-01;2.9750000e+02;1.4040786e-01;2.9750000e+02;9.4661027e-02;2.9750000e+02;4.9085051e-02;2.9750000e+02;7.2316118e-03;2.9750000e+02;-4.1063078e-02;2.9750000e+02;-8.3185367e-02;2.9750000e+02;-1.2615083e-01;2.9750000e+02;-5.0990563e-02;2.9750000e+02;-7.2521549e-03;2.9750000e+02;6.1806232e-02;2.9750000e+02;1.4133874e-01;2.9750000e+02;2.2818132e-01;2.9750000e+02;2.7790135e-01;2.9750000e+02;2.9042447e-01;2.9750000e+02;3.2231325e-01;2.9750000e+02;2.8846055e-01;2.9750000e+02;2.3597839e-01;2.9750000e+02;1.8676007e-01;2.9750000e+02;1.4040786e-01;2.9750000e+02;9.4661027e-02;2.9750000e+02;4.9085051e-02;2.9750000e+02;7.2316118e-03;2.9750000e+02;-4.1063078e-02;2.9750000e+02;-8.3185367e-02;2.9750000e+02;-1.2615083e-01;2.9750000e+02;-5.0990563e-02;2.9750000e+02;-7.2521549e-03;2.9750000e+02;6.1806232e-02;2.9750000e+02;1.4133874e-01;2.9750000e+02;2.2818132e-01;2.9750000e+02;2.7790135e-01;2.9750000e+02;2.9042447e-01;2.9750000e+02;3.2231325e-01;2.9750000e+02;2.8846055e-01;2.9750000e+02;2.3597839e-01;2.9750000e+02;1.8676007e-01;2.9750000e+02;1.4040786e-01;2.9750000e+02;9.4661027e-02;2.9750000e+02;4.9085051e-02;2.9750000e+02;7.2316118e-03;2.9750000e+02;-4.1063078e-02;2.9750000e+02;-8.3185367e-02;2.9750000e+02;-1.2615083e-01;2.9750000e+02;-5.0990563e-02;2.9750000e+02;-7.2521549e-03;2.9750000e+02;6.1806232e-02;2.9750000e+02;1.4133874e-01;2.9750000e+02;2.2818132e-01;2.9750000e+02;2.7790135e-01;2.9750000e+02;2.9042447e-01;2.9750000e+02;3.2231325e-01;2.9750000e+02;2.8846055e-01;2.9750000e+02;2.3597839e-01;2.9750000e+02;1.8676007e-01;2.9750000e+02;1.4040786e-01;2.9750000e+02;9.4661027e-02;2.9750000e+02;4.9085051e-02;2.9750000e+02;7.2316118e-03;2.9750000e+02;-4.1063078e-02;2.9750000e+02;-8.3185367e-02;2.9750000e+02;-1.2615083e-01;2.9750000e+02;-5.0990563e-02;2.9750000e+02;-7.2521549e-03;2.9750000e+02;6.1806232e-02;2.9750000e+02;1.4133874e-01;2.9750000e+02;2.2818132e-01;2.9750000e+02;2.7790135e-01;2.9750000e+02;2.9042447e-01;2.9750000e+02;3.2231325e-01;2.9750000e+02;2.8846055e-01;2.9750000e+02;2.3597839e-01;2.9750000e+02;1.8676007e-01;2.9750000e+02;1.4040786e-01;2.9750000e+02;9.4661027e-02;2.9750000e+02;4.9085051e-02;2.9750000e+02;7.2316118e-03;2.9750000e+02;-4.1063078e-02;2.9750000e+02;-8.3185367e-02;2.9750000e+02;-1.2615083e-01;2.9750000e+02;-5.0990563e-02;2.9750000e+02;-7.2521549e-03;2.9750000e+02;6.1806232e-02;2.9750000e+02;1.4133874e-01;2.9750000e+02;2.2818132e-01;2.9750000e+02;2.7790135e-01;2.9750000e+02;2.9042447e-01;2.9750000e+02;3.2231325e-01;2.9750000e+02;2.8846055e-01;2.9750000e+02;2.3597839e-01;2.9750000e+02;1.8676007e-01;2.9750000e+02;1.4040786e-01;2.9750000e+02;9.4661027e-02;2.9750000e+02;4.9085051e-02;2.9750000e+02;7.2316118e-03;2.9750000e+02;-4.1063078e-02;2.9750000e+02;-8.3185367e-02;2.9750000e+02;-1.2615083e-01;2.9750000e+02;-5.0990563e-02;2.9750000e+02;-7.2521549e-03;2.9750000e+02;6.1806232e-02;2.9750000e+02;1.4133874e-01;2.9750000e+02;2.2818132e-01;2.9750000e+02;2.7790135e-01;2.9750000e+02;2.9042447e-01;2.9750000e+02;3.2231325e-01;2.9750000e+02;2.8846055e-01;2.9750000e+02;2.3597839e-01;2.9750000e+02;1.8676007e-01;2.9750000e+02;1.4040786e-01;2.9750000e+02;9.4661027e-02;2.9750000e+02;4.9085051e-02;2.9750000e+02;7.2316118e-03;2.9750000e+02;-4.1063078e-02;2.9750000e+02;-8.3185367e-02;2.9750000e+02;-1.2615083e-01;2.9750000e+02;-5.0990563e-02;2.9750000e+02;-7.2521549e-03;2.9750000e+02;6.1806232e-02;2.9750000e+02;1.4133874e-01;2.9750000e+02;2.2818132e-01;2.9750000e+02;2.7790135e-01;2.9750000e+02;2.9042447e-01;2.9750000e+02;3.2231325e-01;2.9750000e+02;2.8846055e-01;2.9750000e+02;2.3597839e-01;2.9750000e+02;1.8676007e-01;2.9750000e+02;1.4040786e-01;2.9750000e+02;9.4661027e-02;2.9750000e+02;4.9085051e-02;2.9750000e+02;7.2316118e-03;2.9750000e+02;-4.1063078e-02;2.9750000e+02;-8.3185367e-02;2.9750000e+02;-1.2615083e-01;2.9750000e+02;-5.0990563e-02;2.9750000e+02;-7.2521549e-03;2.9750000e+02;6.1806232e-02;2.9750000e+02;1.4133874e-01;2.9750000e+02;2.2818132e-01;2.9750000e+02;2.7790135e-01;2.9750000e+02;2.9042447e-01;2.9750000e+02;3.2231325e-01;2.9750000e+02;2.8846055e-01;2.9750000e+02;2.3597839e-01;2.9750000e+02;1.8676007e-01;2.9750000e+02;1.4040786e-01;2.9750000e+02;9.4661027e-02;2.9750000e+02;4.9085051e-02;2.9750000e+02;7.2316118e-03;2.9750000e+02;-4.1063078e-02;2.9750000e+02;-8.3185367e-02;2.9750000e+02;-1.2615083e-01;2.9750000e+02;-5.0990563e-02;2.9750000e+02;-7.2521549e-03;2.9750000e+02;6.1806232e-02;2.9750000e+02;1.4133874e-01;2.9750000e+02;2.2818132e-01;2.9750000e+02;2.7790135e-01;2.9750000e+02;2.9042447e-01;2.9750000e+02;3.2231325e-01;2.9750000e+02;2.8846055e-01;2.9750000e+02;2.3597839e-01;2.9750000e+02;1.8676007e-01;2.9750000e+02;1.4040786e-01;2.9750000e+02;9.4661027e-02;2.9750000e+02;4.9085051e-02;2.9750000e+02;7.2316118e-03;2.9750000e+02;-4.1063078e-02;2.9750000e+02;-8.3185367e-02;2.9750000e+02;-1.2615083e-01;2.9750000e+02;-5.0990563e-02;2.9750000e+02;-7.2521549e-03;2.9750000e+02;6.1806232e-02;2.9750000e+02;1.4133874e-01;2.9750000e+02;2.2818132e-01;2.9750000e+02;2.7790135e-01;2.9750000e+02;2.9042447e-01;2.9750000e+02;3.2231325e-01;2.9750000e+02;2.8846055e-01;2.9750000e+02;2.3597839e-01;2.9750000e+02;1.8676007e-01;2.9750000e+02;1.4040786e-01;2.9750000e+02;9.4661027e-02;2.9750000e+02;4.9085051e-02;2.9750000e+02;7.2316118e-03;2.9750000e+02;-4.1063078e-02;2.9750000e+02;-8.3185367e-02;2.9750000e+02;-1.2615083e-01;2.9750000e+02;-5.0990563e-02;2.9750000e+02;-7.2521549e-03;2.9750000e+02;6.1806232e-02;2.9750000e+02;1.4133874e-01;2.9750000e+02;2.2818132e-01;2.9750000e+02;2.7790135e-01;2.9750000e+02;2.9042447e-01;2.9750000e+02;3.2231325e-01;2.9750000e+02;2.8846055e-01;2.9750000e+02;2.3597839e-01;2.9750000e+02;1.8676007e-01;2.9750000e+02;1.4040786e-01;2.9750000e+02;9.4661027e-02;2.9750000e+02;4.9085051e-02;2.9750000e+02;7.2316118e-03;2.9750000e+02;-4.1063078e-02;2.9750000e+02;-8.3185367e-02;2.9750000e+02;-1.2615083e-01;2.9750000e+02;-5.0990563e-02;2.9750000e+02;-7.2521549e-03;2.9750000e+02;6.1806232e-02;2.9750000e+02;1.4133874e-01;2.9750000e+02;2.2818132e-01;2.9750000e+02;2.7790135e-01;2.9750000e+02;2.9042447e-01;2.9750000e+02;3.2231325e-01;2.9750000e+02;2.8846055e-01;2.9750000e+02;2.3597839e-01;2.9750000e+02;1.8676007e-01;2.9750000e+02;1.4040786e-01;2.9750000e+02;9.4661027e-02;2.9750000e+02;4.9085051e-02;2.9750000e+02;7.2316118e-03;2.9750000e+02;-4.1063078e-02;2.9750000e+02;-8.3185367e-02;2.9750000e+02;-1.2615083e-01;2.9750000e+02;-5.0990563e-02;2.9750000e+02;-7.2521549e-03;2.9750000e+02;6.1806232e-02;2.9750000e+02;1.4133874e-01;2.9750000e+02;2.2818132e-01;2.9750000e+02;2.7790135e-01;2.9750000e+02;2.9042447e-01;2.9750000e+02;3.2231325e-01;2.9750000e+02;2.8846055e-01;2.9750000e+02;2.3597839e-01;2.9750000e+02;1.8676007e-01;2.9750000e+02;1.4040786e-01;2.9750000e+02;9.4661027e-02;2.9750000e+02;4.9085051e-02;2.9750000e+02;7.2316118e-03;2.9750000e+02;-4.1063078e-02;2.9750000e+02;-8.3185367e-02;2.9750000e+02;-1.2615083e-01;2.9750000e+02;-5.0990563e-02;2.9750000e+02;-7.2521549e-03;2.9750000e+02;6.1806232e-02;2.9750000e+02;1.4133874e-01;2.9750000e+02;2.2818132e-01;2.9750000e+02;2.7790135e-01;2.9750000e+02;2.9042447e-01;2.9750000e+02;3.2231325e-01;2.9750000e+02;2.8846055e-01;2.9750000e+02;2.3597839e-01;2.9750000e+02;1.8676007e-01;2.9750000e+02;1.4040786e-01;2.9750000e+02;9.4661027e-02;2.9750000e+02;4.9085051e-02;2.9750000e+02;7.2316118e-03;2.9750000e+02;-4.1063078e-02;2.9750000e+02;-8.3185367e-02;2.9750000e+02;-1.2615083e-01;2.9750000e+02;-5.0990563e-02;2.9750000e+02;-7.2521549e-03;2.9750000e+02;6.1806232e-02;2.9750000e+02;1.4133874e-01;2.9750000e+02;2.2818132e-01;2.9750000e+02;2.7790135e-01;2.9750000e+02;2.9042447e-01;2.9750000e+02;3.2231325e-01;2.9750000e+02;2.8846055e-01;2.9750000e+02;2.3597839e-01;2.9750000e+02;1.8676007e-01;2.9750000e+02;1.4040786e-01;2.9750000e+02;9.4661027e-02;2.9750000e+02;4.9085051e-02;2.9750000e+02;7.2316118e-03;2.9750000e+02;-4.1063078e-02;2.9750000e+02;-8.3185367e-02;2.9750000e+02;-1.2615083e-01;2.9750000e+02;-5.0990563e-02;2.9750000e+02;-7.2521549e-03;2.9750000e+02;6.1806232e-02;2.9750000e+02;1.4133874e-01;2.9750000e+02;2.2818132e-01;2.9750000e+02;2.7790135e-01;2.9750000e+02;2.9042447e-01;2.9750000e+02;3.2231325e-01;2.9750000e+02;2.8846055e-01;2.9750000e+02;2.3597839e-01;2.9750000e+02;1.8676007e-01;2.9750000e+02;1.4040786e-01;2.9750000e+02;9.4661027e-02;2.9750000e+02;4.9085051e-02;2.9750000e+02;7.2316118e-03;2.9750000e+02;-4.1063078e-02;2.9750000e+02;-8.3185367e-02;2.9750000e+02;-1.2615083e-01;2.9750000e+02;-5.0990563e-02;2.9750000e+02;-7.2521549e-03;2.9750000e+02;6.1806232e-02;2.9750000e+02;1.4133874e-01;2.9750000e+02;2.2818132e-01;2.9750000e+02;2.7790135e-01;2.9750000e+02;2.9042447e-01;2.9750000e+02;3.2231325e-01;2.9750000e+02;2.8846055e-01;2.9750000e+02;2.3597839e-01;2.9750000e+02;1.8676007e-01;2.9750000e+02;1.4040786e-01;2.9750000e+02;9.4661027e-02;2.9750000e+02;4.9085051e-02;2.9750000e+02;7.2316118e-03;2.9750000e+02;-4.1063078e-02;2.9750000e+02;-8.3185367e-02;2.9750000e+02;-1.2615083e-01;2.9750000e+02;-5.0990563e-02;2.9750000e+02;-7.2521549e-03;2.9750000e+02;6.1806232e-02;2.9750000e+02;1.4133874e-01;2.9750000e+02;2.2818132e-01;2.9750000e+02;2.7790135e-01;2.9750000e+02;2.9042447e-01;2.9750000e+02;3.2231325e-01;2.9750000e+02;2.8846055e-01;2.9750000e+02;2.3597839e-01;2.9750000e+02;1.8676007e-01;2.9750000e+02;1.4040786e-01;2.9750000e+02;9.4661027e-02;2.9750000e+02;4.9085051e-02;2.9750000e+02;7.2316118e-03;2.9750000e+02;-4.1063078e-02;2.9750000e+02;-8.3185367e-02;2.9750000e+02;-1.2615083e-01;2.9750000e+02;-5.0990563e-02;2.9750000e+02;-7.2521549e-03;2.9750000e+02;6.1806232e-02;2.9750000e+02;1.4133874e-01;2.9750000e+02;2.2818132e-01;2.9750000e+02;2.7790135e-01;2.9750000e+02;2.9042447e-01;2.9750000e+02;3.2231325e-01;2.9750000e+02;2.8846055e-01;2.9750000e+02;2.3597839e-01;2.9750000e+02;1.8676007e-01;2.9750000e+02;1.4040786e-01;2.9750000e+02;9.4661027e-02;2.9750000e+02;4.9085051e-02;2.9750000e+02;7.2316118e-03;2.9750000e+02;-4.1063078e-02;2.9750000e+02;-8.3185367e-02;2.9750000e+02;-1.2615083e-01;2.9750000e+02;-5.0990563e-02;2.9750000e+02;-7.2521549e-03;2.9750000e+02;6.1806232e-02;2.9750000e+02;1.4133874e-01;2.9750000e+02;2.2818132e-01;2.9750000e+02;2.7790135e-01;2.9750000e+02;2.9042447e-01;2.9750000e+02;3.2231325e-01;2.9750000e+02;2.8846055e-01;2.9750000e+02;2.3597839e-01;2.9750000e+02;1.8676007e-01;2.9750000e+02;1.4040786e-01;2.9750000e+02;9.4661027e-02;2.9750000e+02;4.9085051e-02;2.9750000e+02;7.2316118e-03;2.9750000e+02;-4.1063078e-02;2.9750000e+02;-8.3185367e-02;2.9750000e+02;-1.2615083e-01;2.9750000e+02;-5.0990563e-02;2.9750000e+02;-7.2521549e-03;2.9750000e+02;6.1806232e-02;2.9750000e+02;1.4133874e-01;2.9750000e+02;2.2818132e-01;2.9750000e+02;2.7790135e-01;2.9750000e+02;2.9042447e-01;2.9750000e+02;3.2231325e-01;2.9750000e+02;2.8846055e-01;2.9750000e+02;2.3597839e-01;2.9750000e+02;1.8676007e-01;2.9750000e+02;1.4040786e-01;2.9750000e+02;9.4661027e-02;2.9750000e+02;4.9085051e-02;2.9750000e+02;7.2316118e-03;2.9750000e+02;-4.1063078e-02;2.9750000e+02;-8.3185367e-02;2.9750000e+02;-1.2615083e-01;2.9750000e+02;-5.0990563e-02;2.9750000e+02;-7.2521549e-03;2.9750000e+02;6.1806232e-02;2.9750000e+02;1.4133874e-01;2.9750000e+02;2.2818132e-01;2.9750000e+02;2.7790135e-01;2.9750000e+02;2.9042447e-01;2.9750000e+02;3.2231325e-01;2.9750000e+02;2.8846055e-01;2.9750000e+02;2.3597839e-01;2.9750000e+02;1.8676007e-01;2.9750000e+02;1.4040786e-01;2.9750000e+02;9.4661027e-02;2.9750000e+02;4.9085051e-02;2.9750000e+02;7.2316118e-03;2.9750000e+02;-4.1063078e-02;2.9750000e+02;-8.3185367e-02;2.9750000e+02;-1.2615083e-01;2.9750000e+02;-5.0990563e-02;2.9750000e+02;-7.2521549e-03;2.9750000e+02;6.1806232e-02;2.9750000e+02;1.4133874e-01;2.9750000e+02;2.2818132e-01;2.9750000e+02;2.7790135e-01;2.9750000e+02;2.9042447e-01;2.9750000e+02;3.2231325e-01;2.9750000e+02;2.8846055e-01;2.9750000e+02;2.3597839e-01;2.9750000e+02;1.8676007e-01;2.9750000e+02;1.4040786e-01;2.9750000e+02;9.4661027e-02;2.9750000e+02;4.9085051e-02;2.9750000e+02;7.2316118e-03;2.9750000e+02;-4.1063078e-02;2.9750000e+02;-8.3185367e-02;2.9750000e+02;-1.2615083e-01;2.9750000e+02;-5.0990563e-02;2.9750000e+02;-7.2521549e-03;2.9750000e+02;6.1806232e-02;2.9750000e+02;1.4133874e-01;2.9750000e+02;2.2818132e-01;2.9750000e+02;2.7790135e-01;2.9750000e+02;2.9042447e-01;2.9750000e+02;3.2231325e-01;2.9750000e+02;2.8846055e-01;2.9750000e+02;2.3597839e-01;2.9750000e+02;1.8676007e-01;2.9750000e+02;1.4040786e-01;2.9750000e+02;9.4661027e-02;2.9750000e+02;4.9085051e-02;2.9750000e+02;7.2316118e-03;2.9750000e+02;-4.1063078e-02;2.9750000e+02;-8.3185367e-02;2.9750000e+02;-1.2615083e-01;2.9750000e+02;-5.0990563e-02;2.9750000e+02;-7.2521549e-03;2.9750000e+02;6.1806232e-02;2.9750000e+02;1.4133874e-01;2.9750000e+02;2.2818132e-01;2.9750000e+02;2.7790135e-01;2.9750000e+02;2.9042447e-01;2.9750000e+02;3.2231325e-01;2.9750000e+02;2.8846055e-01;2.9750000e+02;2.3597839e-01;2.9750000e+02;1.8676007e-01;2.9750000e+02;1.4040786e-01;2.9750000e+02;9.4661027e-02;2.9750000e+02;4.9085051e-02;2.9750000e+02;7.2316118e-03;2.9750000e+02;-4.1063078e-02;2.9750000e+02;-8.3185367e-02;2.9750000e+02;-1.2615083e-01;2.9750000e+02;-5.0990563e-02;2.9750000e+02;-7.2521549e-03;2.9750000e+02;6.1806232e-02;2.9750000e+02;1.4133874e-01;2.9750000e+02;2.2818132e-01;2.9750000e+02;2.7790135e-01;2.9750000e+02;2.9042447e-01;2.9750000e+02;3.2231325e-01;2.9750000e+02;2.8846055e-01;2.9750000e+02;2.3597839e-01;2.9750000e+02;1.8676007e-01;2.9750000e+02;1.4040786e-01;2.9750000e+02;9.4661027e-02;2.9750000e+02;4.9085051e-02;2.9750000e+02;7.2316118e-03;2.9750000e+02;-4.1063078e-02;2.9750000e+02;-8.3185367e-02;2.9750000e+02;-1.2615083e-01;2.9750000e+02;-5.0990563e-02;2.9750000e+02;-7.2521549e-03;2.9750000e+02;6.1806232e-02;2.9750000e+02;1.4133874e-01;2.9750000e+02;2.2818132e-01;2.9750000e+02;2.7790135e-01;2.9750000e+02;2.9042447e-01;2.9750000e+02;3.2231325e-01;2.9750000e+02;2.8846055e-01;2.9750000e+02;2.3597839e-01;2.9750000e+02;1.8676007e-01;2.9750000e+02;1.4040786e-01;2.9750000e+02;9.4661027e-02;2.9750000e+02;4.9085051e-02;2.9750000e+02;7.2316118e-03;2.9750000e+02;-4.1063078e-02;2.9750000e+02;-8.3185367e-02;2.9750000e+02;-1.2615083e-01;2.9750000e+02;-5.0990563e-02;2.9750000e+02;-7.2521549e-03;2.9750000e+02;6.1806232e-02;2.9750000e+02;1.4133874e-01;2.9750000e+02;2.2818132e-01;2.9750000e+02;2.7790135e-01;2.9750000e+02;2.9042447e-01;2.9750000e+02;3.2231325e-01;2.9750000e+02;2.8846055e-01;2.9750000e+02;2.3597839e-01;2.9750000e+02;1.8676007e-01;2.9750000e+02;1.4040786e-01;2.9750000e+02;9.4661027e-02;2.9750000e+02;4.9085051e-02;2.9750000e+02;7.2316118e-03;2.9750000e+02;-4.1063078e-02;2.9750000e+02;-8.3185367e-02;2.9750000e+02;-1.2615083e-01;2.9750000e+02;-5.0990563e-02;2.9750000e+02;-7.2521549e-03;2.9750000e+02;6.1806232e-02;2.9750000e+02;1.4133874e-01;2.9750000e+02;2.2818132e-01;2.9750000e+02;2.7790135e-01;2.9750000e+02;2.9042447e-01;2.9750000e+02;3.2231325e-01;2.9750000e+02;2.8846055e-01;2.9750000e+02;2.3597839e-01;2.9750000e+02;1.8676007e-01;2.9750000e+02;1.4040786e-01;2.9750000e+02;9.4661027e-02;2.9750000e+02;4.9085051e-02;2.9750000e+02;7.2316118e-03;2.9750000e+02;-4.1063078e-02;2.9750000e+02;-8.3185367e-02;2.9750000e+02;-1.2615083e-01;2.9750000e+02;-5.0990563e-02;2.9750000e+02;-7.2521549e-03;2.9750000e+02;6.1806232e-02;2.9750000e+02;1.4133874e-01;2.9750000e+02;2.2818132e-01;2.9750000e+02;2.7790135e-01;2.9750000e+02;2.9042447e-01;2.9750000e+02;3.2231325e-01;2.9750000e+02;2.8846055e-01;2.9750000e+02;2.3597839e-01;2.9750000e+02;1.8676007e-01;2.9750000e+02;1.4040786e-01;2.9750000e+02;9.4661027e-02;2.9750000e+02;4.9085051e-02;2.9750000e+02;7.2316118e-03;2.9750000e+02;-4.1063078e-02;2.9750000e+02;-8.3185367e-02;2.9750000e+02;-1.2615083e-01;2.9750000e+02;-5.0990563e-02;2.9750000e+02;-7.2521549e-03;2.9750000e+02;6.1806232e-02;2.9750000e+02;1.4133874e-01;2.9750000e+02;2.2818132e-01;2.9750000e+02;2.7790135e-01;2.9750000e+02;2.9042447e-01;2.9750000e+02;3.2231325e-01;2.9750000e+02;2.8846055e-01;2.9750000e+02;2.3597839e-01;2.9750000e+02;1.8676007e-01;2.9750000e+02;1.4040786e-01;2.9750000e+02;9.4661027e-02;2.9750000e+02;4.9085051e-02;2.9750000e+02;7.2316118e-03;2.9750000e+02;-4.1063078e-02;2.9750000e+02;-8.3185367e-02;2.9750000e+02;-1.2615083e-01;2.9750000e+02;-5.0990563e-02;2.9750000e+02;-7.2521549e-03;2.9750000e+02;6.1806232e-02;2.9750000e+02;1.4133874e-01;2.9750000e+02;2.2818132e-01;2.9750000e+02;2.7790135e-01;2.9750000e+02;2.9042447e-01;2.9750000e+02;3.2231325e-01;2.9750000e+02;2.8846055e-01;2.9750000e+02;2.3597839e-01;2.9750000e+02;1.8676007e-01;2.9750000e+02;1.4040786e-01;2.9750000e+02;9.4661027e-02;2.9750000e+02;4.9085051e-02;2.9750000e+02;7.2316118e-03;2.9750000e+02;-4.1063078e-02;2.9750000e+02;-8.3185367e-02;2.9750000e+02;-1.2615083e-01;2.9750000e+02;-5.0990563e-02;2.9750000e+02;-7.2521549e-03;2.9750000e+02;6.1806232e-02;2.9750000e+02;1.4133874e-01;2.9750000e+02;2.2818132e-01;2.9750000e+02;2.7790135e-01;2.9750000e+02;2.9042447e-01;2.9750000e+02;3.2231325e-01;2.9750000e+02;2.8846055e-01;2.9750000e+02;2.3597839e-01;2.9750000e+02;1.8676007e-01;2.9750000e+02;1.4040786e-01;2.9750000e+02;9.4661027e-02;2.9750000e+02;4.9085051e-02;2.9750000e+02;7.2316118e-03;2.9750000e+02;-4.1063078e-02;2.9750000e+02;-8.3185367e-02;2.9750000e+02;-1.2615083e-01;2.9750000e+02;-5.0990563e-02;2.9750000e+02;-7.2521549e-03;2.9750000e+02;6.1806232e-02;2.9750000e+02;1.4133874e-01;2.9750000e+02;2.2818132e-01;2.9750000e+02;2.7790135e-01;2.9750000e+02;2.9042447e-01;2.9750000e+02;3.2231325e-01;2.9750000e+02;2.8846055e-01;2.9750000e+02;2.3597839e-01;2.9750000e+02;1.8676007e-01;2.9750000e+02;1.4040786e-01;2.9750000e+02;9.4661027e-02;2.9750000e+02;4.9085051e-02;2.9750000e+02;7.2316118e-03;2.9750000e+02;-4.1063078e-02;2.9750000e+02;-8.3185367e-02;2.9750000e+02;-1.2615083e-01;2.9750000e+02;-5.0990563e-02;2.9750000e+02;-7.2521549e-03;2.9750000e+02;6.1806232e-02;2.9750000e+02;1.4133874e-01;2.9750000e+02;2.2818132e-01;2.9750000e+02;2.7790135e-01;2.9750000e+02;2.9042447e-01;2.9750000e+02;3.2231325e-01;2.9750000e+02;2.8846055e-01;2.9750000e+02;2.3597839e-01;2.9750000e+02;1.8676007e-01;2.9750000e+02;1.4040786e-01;2.9750000e+02;9.4661027e-02;2.9750000e+02;4.9085051e-02;2.9750000e+02;7.2316118e-03;2.9750000e+02;-4.1063078e-02;2.9750000e+02;-8.3185367e-02;2.9750000e+02;-1.2615083e-01;2.9750000e+02;-5.0990563e-02;2.9750000e+02;-7.2521549e-03;2.9750000e+02;6.1806232e-02;2.9750000e+02;1.4133874e-01;2.9750000e+02;2.2818132e-01;2.9750000e+02;2.7790135e-01;2.9750000e+02;2.9042447e-01;2.9750000e+02;3.2231325e-01;2.9750000e+02;2.8846055e-01;2.9750000e+02;2.3597839e-01;2.9750000e+02;1.8676007e-01;2.9750000e+02;1.4040786e-01;2.9750000e+02;9.4661027e-02;2.9750000e+02;4.9085051e-02;2.9750000e+02;7.2316118e-03;2.9750000e+02;-4.1063078e-02;2.9750000e+02;-8.3185367e-02;2.9750000e+02;-1.2615083e-01;2.9750000e+02;-5.0990563e-02;2.9750000e+02;-7.2521549e-03;2.9750000e+02;6.1806232e-02;2.9750000e+02;1.4133874e-01;2.9750000e+02;2.2818132e-01;2.9750000e+02;2.7790135e-01;2.9750000e+02;2.9042447e-01;2.9750000e+02;3.2231325e-01;2.9750000e+02;2.8846055e-01;2.9750000e+02;2.3597839e-01;2.9750000e+02;1.8676007e-01;2.9750000e+02;1.4040786e-01;2.9750000e+02;9.4661027e-02;2.9750000e+02;4.9085051e-02;2.9750000e+02;7.2316118e-03;2.9750000e+02;-4.1063078e-02;2.9750000e+02;-8.3185367e-02;2.9750000e+02;-1.2615083e-01;2.9750000e+02;-5.0990563e-02;2.9750000e+02;-7.2521549e-03;2.9750000e+02;6.1806232e-02;2.9750000e+02;1.4133874e-01;2.9750000e+02;2.2818132e-01;2.9750000e+02;2.7790135e-01;2.9750000e+02;2.9042447e-01;2.9750000e+02;3.2231325e-01;2.9750000e+02;2.8846055e-01;2.9750000e+02;2.3597839e-01;2.9750000e+02;1.8676007e-01;2.9750000e+02;1.4040786e-01;2.9750000e+02;9.4661027e-02;2.9750000e+02;4.9085051e-02;2.9750000e+02;7.2316118e-03;2.9750000e+02;-4.1063078e-02;2.9750000e+02;-8.3185367e-02;2.9750000e+02;-1.2615083e-01;2.9750000e+02;-5.0990563e-02;2.9750000e+02;-7.2521549e-03;2.9750000e+02;6.1806232e-02;2.9750000e+02;1.4133874e-01;2.9750000e+02;2.2818132e-01;2.9750000e+02;2.7790135e-01;2.9750000e+02;2.9042447e-01;2.9750000e+02;3.2231325e-01;2.9750000e+02;2.8846055e-01;2.9750000e+02;2.3597839e-01;2.9750000e+02;1.8676007e-01;2.9750000e+02;1.4040786e-01;2.9750000e+02;9.4661027e-02;2.9750000e+02;4.9085051e-02;2.9750000e+02;7.2316118e-03;2.9750000e+02;-4.1063078e-02;2.9750000e+02;-8.3185367e-02;2.9750000e+02;-1.2615083e-01;2.9750000e+02;-5.0990563e-02;2.9750000e+02;-7.2521549e-03;2.9750000e+02;6.1806232e-02;2.9750000e+02;1.4133874e-01;2.9750000e+02;2.2818132e-01;2.9750000e+02;2.7790135e-01;2.9750000e+02;2.9042447e-01;2.9750000e+02;3.2231325e-01;2.9750000e+02;2.8846055e-01;2.9750000e+02;2.3597839e-01;2.9750000e+02;1.8676007e-01;2.9750000e+02;1.4040786e-01;2.9750000e+02;9.4661027e-02;2.9750000e+02;4.9085051e-02;2.9750000e+02;7.2316118e-03;2.9750000e+02;-4.1063078e-02;2.9750000e+02;-8.3185367e-02;2.9750000e+02;-1.2615083e-01;2.9750000e+02;-5.0990563e-02;2.9750000e+02;-7.2521549e-03;2.9750000e+02;6.1806232e-02;2.9750000e+02;1.4133874e-01;2.9750000e+02;2.2818132e-01;2.9750000e+02;2.7790135e-01;2.9750000e+02;2.9042447e-01;2.9750000e+02;3.2231325e-01;2.9750000e+02;2.8846055e-01;2.9750000e+02;2.3597839e-01;2.9750000e+02;1.8676007e-01;2.9750000e+02;1.4040786e-01;2.9750000e+02;9.4661027e-02;2.9750000e+02;4.9085051e-02;2.9750000e+02;7.2316118e-03;2.9750000e+02;-4.1063078e-02;2.9750000e+02;-8.3185367e-02;2.9750000e+02;-1.2615083e-01;2.9750000e+02;-5.0990563e-02;2.9750000e+02;-7.2521549e-03;2.9750000e+02;6.1806232e-02;2.9750000e+02;1.4133874e-01;2.9750000e+02;2.2818132e-01;2.9750000e+02;2.7790135e-01;2.9750000e+02;2.9042447e-01;2.9750000e+02;3.2231325e-01;2.9750000e+02;2.8846055e-01;2.9750000e+02;2.3597839e-01;2.9750000e+02;1.8676007e-01;2.9750000e+02;1.4040786e-01;2.9750000e+02;9.4661027e-02;2.9750000e+02;4.9085051e-02;2.9750000e+02;7.2316118e-03;2.9750000e+02;-4.1063078e-02;2.9750000e+02;-8.3185367e-02;2.9750000e+02;-1.2615083e-01;2.9750000e+02;-5.0990563e-02;2.9750000e+02;-7.2521549e-03;2.9750000e+02;6.1806232e-02;2.9750000e+02;1.4133874e-01;2.9750000e+02;2.2818132e-01;2.9750000e+02;2.7790135e-01;2.9750000e+02;2.9042447e-01;2.9750000e+02;3.2231325e-01;2.9750000e+02;2.8846055e-01;2.9750000e+02;2.3597839e-01;2.9750000e+02;1.8676007e-01;2.9750000e+02;1.4040786e-01;2.9750000e+02;9.4661027e-02;2.9750000e+02;4.9085051e-02;2.9750000e+02;7.2316118e-03;2.9750000e+02;-4.1063078e-02;2.9750000e+02;-8.3185367e-02;2.9750000e+02;-1.2615083e-01;2.9750000e+02;-5.0990563e-02;2.9750000e+02;-7.2521549e-03;2.9750000e+02;6.1806232e-02;2.9750000e+02;1.4133874e-01;2.9750000e+02;2.2818132e-01;2.9750000e+02;2.7790135e-01;2.9750000e+02;2.9042447e-01;2.9750000e+02;3.2231325e-01;2.9750000e+02;2.8846055e-01;2.9750000e+02;2.3597839e-01;2.9750000e+02;1.8676007e-01;2.9750000e+02;1.4040786e-01;2.9750000e+02;9.4661027e-02;2.9750000e+02;4.9085051e-02;2.9750000e+02;7.2316118e-03;2.9750000e+02;-4.1063078e-02;2.9750000e+02;-8.3185367e-02;2.9750000e+02;-1.2615083e-01;2.9750000e+02;-5.0990563e-02;2.9750000e+02;-7.2521549e-03;2.9750000e+02;6.1806232e-02;2.9750000e+02;1.4133874e-01;2.9750000e+02;2.2818132e-01;2.9750000e+02;2.7790135e-01;2.9750000e+02;2.9042447e-01;2.9750000e+02;3.2231325e-01;2.9750000e+02;2.8846055e-01;2.9750000e+02;2.3597839e-01;2.9750000e+02;1.8676007e-01;2.9750000e+02;1.4040786e-01;2.9750000e+02;9.4661027e-02;2.9750000e+02;4.9085051e-02;2.9750000e+02;7.2316118e-03;2.9750000e+02;-4.1063078e-02;2.9750000e+02;-8.3185367e-02;2.9750000e+02;-1.2615083e-01;2.9750000e+02;-5.0990563e-02;2.9750000e+02;-7.2521549e-03;2.9750000e+02;6.1806232e-02;2.9750000e+02;1.4133874e-01;2.9750000e+02;2.2818132e-01;2.9750000e+02;2.7790135e-01;2.9750000e+02;2.9042447e-01;2.9750000e+02;3.2231325e-01;2.9750000e+02;2.8846055e-01;2.9750000e+02;2.3597839e-01;2.9750000e+02;1.8676007e-01;2.9750000e+02;1.4040786e-01;2.9750000e+02;9.4661027e-02;2.9750000e+02;4.9085051e-02;2.9750000e+02;7.2316118e-03;2.9750000e+02;-4.1063078e-02;2.9750000e+02;-8.3185367e-02;2.9750000e+02;-1.2615083e-01;2.9750000e+02;-5.0990563e-02;2.9750000e+02;-7.2521549e-03;2.9750000e+02;6.1806232e-02;2.9750000e+02;1.4133874e-01;2.9750000e+02;2.2818132e-01;2.9750000e+02;2.7790135e-01;2.9750000e+02;2.9042447e-01;2.9750000e+02;3.2231325e-01;2.9750000e+02;2.8846055e-01;2.9750000e+02;2.3597839e-01;2.9750000e+02;1.8676007e-01;2.9750000e+02;1.4040786e-01;2.9750000e+02;9.4661027e-02;2.9750000e+02;4.9085051e-02;2.9750000e+02;7.2316118e-03;2.9750000e+02;-4.1063078e-02;2.9750000e+02;-8.3185367e-02;2.9750000e+02;-1.2615083e-01;2.9750000e+02;-5.0990563e-02;2.9750000e+02;-7.2521549e-03;2.9750000e+02;6.1806232e-02;2.9750000e+02;1.4133874e-01;2.9750000e+02;2.2818132e-01;2.9750000e+02;2.7790135e-01;2.9750000e+02;2.9042447e-01;2.9750000e+02;3.2231325e-01;2.9750000e+02;2.8846055e-01;2.9750000e+02;2.3597839e-01;2.9750000e+02;1.8676007e-01;2.9750000e+02;1.4040786e-01;2.9750000e+02;9.4661027e-02;2.9750000e+02;4.9085051e-02;2.9750000e+02;7.2316118e-03;2.9750000e+02;-4.1063078e-02;2.9750000e+02;-8.3185367e-02;2.9750000e+02;-1.2615083e-01;2.9750000e+02;-5.0990563e-02;2.9750000e+02;-7.2521549e-03;2.9750000e+02;6.1806232e-02;2.9750000e+02;1.4133874e-01;2.9750000e+02;2.2818132e-01;2.9750000e+02;2.7790135e-01;2.9750000e+02;2.9042447e-01;2.9750000e+02;3.2231325e-01;2.9750000e+02;2.8846055e-01;2.9750000e+02;2.3597839e-01;2.9750000e+02;1.8676007e-01;2.9750000e+02;1.4040786e-01;2.9750000e+02;9.4661027e-02;2.9750000e+02;4.9085051e-02;2.9750000e+02;7.2316118e-03;2.9750000e+02;-4.1063078e-02;2.9750000e+02;-8.3185367e-02;2.9750000e+02;-1.2615083e-01;2.9750000e+02;-5.0990563e-02;2.9750000e+02;-7.2521549e-03;2.9750000e+02;6.1806232e-02;2.9750000e+02;1.4133874e-01;2.9750000e+02;2.2818132e-01;2.9750000e+02;2.7790135e-01;2.9750000e+02;2.9042447e-01;2.9750000e+02;3.2231325e-01;2.9750000e+02;2.8846055e-01;2.9750000e+02;2.3597839e-01;2.9750000e+02;1.8676007e-01;2.9750000e+02;1.4040786e-01;2.9750000e+02;9.4661027e-02;2.9750000e+02;4.9085051e-02;2.9750000e+02;7.2316118e-03;2.9750000e+02;-4.1063078e-02;2.9750000e+02;-8.3185367e-02;2.9750000e+02;-1.2615083e-01;2.9750000e+02;-5.0990563e-02;2.9750000e+02;-7.2521549e-03;2.9750000e+02;6.1806232e-02;2.9750000e+02;1.4133874e-01;2.9750000e+02;2.2818132e-01;2.9750000e+02;2.7790135e-01;2.9750000e+02;2.9042447e-01;2.9750000e+02;3.2231325e-01;2.9750000e+02;2.8846055e-01;2.9750000e+02;2.3597839e-01;2.9750000e+02;1.8676007e-01;2.9750000e+02;1.4040786e-01;2.9750000e+02;9.4661027e-02;2.9750000e+02;4.9085051e-02;2.9750000e+02;7.2316118e-03;2.9750000e+02;-4.1063078e-02;2.9750000e+02;-8.3185367e-02;2.9750000e+02;-1.2615083e-01;2.9750000e+02;-5.0990563e-02;2.9750000e+02;-7.2521549e-03;2.9750000e+02;6.1806232e-02;2.9750000e+02;1.4133874e-01;2.9750000e+02;2.2818132e-01;2.9750000e+02;2.7790135e-01;2.9750000e+02;2.9042447e-01;2.9750000e+02;3.2231325e-01;2.9750000e+02;2.8846055e-01;2.9750000e+02;2.3597839e-01;2.9750000e+02;1.8676007e-01;2.9750000e+02;1.4040786e-01;2.9750000e+02;9.4661027e-02;2.9750000e+02;4.9085051e-02;2.9750000e+02;7.2316118e-03;2.9750000e+02;-4.1063078e-02;2.9750000e+02;-8.3185367e-02;2.9750000e+02;-1.2615083e-01;2.9750000e+02;-5.0990563e-02;2.9750000e+02;-7.2521549e-03;2.9750000e+02;6.1806232e-02;2.9750000e+02;1.4133874e-01;2.9750000e+02;2.2818132e-01;2.9750000e+02;2.7790135e-01;2.9750000e+02;2.9042447e-01;2.9750000e+02;3.2231325e-01;2.9750000e+02;2.8846055e-01;2.9750000e+02;2.3597839e-01;2.9750000e+02;1.8676007e-01;2.9750000e+02;1.4040786e-01;2.9750000e+02;9.4661027e-02;2.9750000e+02;4.9085051e-02;2.9750000e+02;7.2316118e-03;2.9750000e+02;-4.1063078e-02;2.9750000e+02;-8.3185367e-02;2.9750000e+02;-1.2615083e-01;2.9750000e+02;-5.0990563e-02;2.9750000e+02;-7.2521549e-03;2.9750000e+02;6.1806232e-02;2.9750000e+02;1.4133874e-01;2.9750000e+02;2.2818132e-01;2.9750000e+02;2.7790135e-01;2.9750000e+02;2.9042447e-01;2.9750000e+02;3.2231325e-01;2.9750000e+02;2.8846055e-01;2.9750000e+02;2.3597839e-01;2.9750000e+02;1.8676007e-01;2.9750000e+02;1.4040786e-01;2.9750000e+02;9.4661027e-02;2.9750000e+02;4.9085051e-02;2.9750000e+02;7.2316118e-03;2.9750000e+02;-4.1063078e-02;2.9750000e+02;-8.3185367e-02;2.9750000e+02;-1.2615083e-01;2.9750000e+02;-5.0990563e-02;2.9750000e+02;-7.2521549e-03;2.9750000e+02;6.1806232e-02;2.9750000e+02;1.4133874e-01;2.9750000e+02;2.2818132e-01;2.9750000e+02;2.7790135e-01;2.9750000e+02;2.9042447e-01;2.9750000e+02;3.2231325e-01;2.9750000e+02;2.8846055e-01;2.9750000e+02;2.3597839e-01;2.9750000e+02;1.8676007e-01;2.9750000e+02;1.4040786e-01;2.9750000e+02;9.4661027e-02;2.9750000e+02;4.9085051e-02;2.9750000e+02;7.2316118e-03;2.9750000e+02;-4.1063078e-02;2.9750000e+02;-8.3185367e-02;2.9750000e+02;-1.2615083e-01;2.9750000e+02;-5.0990563e-02;2.9750000e+02;-7.2521549e-03;2.9750000e+02;6.1806232e-02;2.9750000e+02;1.4133874e-01;2.9750000e+02;2.2818132e-01;2.9750000e+02;2.7790135e-01;2.9750000e+02;2.9042447e-01;2.9750000e+02;3.2231325e-01;2.9750000e+02;2.8846055e-01;2.9750000e+02;2.3597839e-01;2.9750000e+02;1.8676007e-01;2.9750000e+02;1.4040786e-01;2.9750000e+02;9.4661027e-02;2.9750000e+02;4.9085051e-02;2.9750000e+02;7.2316118e-03;2.9750000e+02;-4.1063078e-02;2.9750000e+02;-8.3185367e-02;2.9750000e+02;-1.2615083e-01;2.9750000e+02;-5.0990563e-02;2.9750000e+02;-7.2521549e-03;2.9750000e+02;6.1806232e-02;2.9750000e+02;1.4133874e-01;2.9750000e+02;2.2818132e-01;2.9750000e+02;2.7790135e-01;2.9750000e+02;2.9042447e-01;2.9750000e+02;3.2231325e-01;2.9750000e+02;2.8846055e-01;2.9750000e+02;2.3597839e-01;2.9750000e+02;1.8676007e-01;2.9750000e+02;1.4040786e-01;2.9750000e+02;9.4661027e-02;2.9750000e+02;4.9085051e-02;2.9750000e+02;7.2316118e-03;2.9750000e+02;-4.1063078e-02;2.9750000e+02;-8.3185367e-02;2.9750000e+02;-1.2615083e-01;2.9750000e+02;-5.0990563e-02;2.9750000e+02;-7.2521549e-03;2.9750000e+02;6.1806232e-02;2.9750000e+02;1.4133874e-01;2.9750000e+02;2.2818132e-01;2.9750000e+02;2.7790135e-01;2.9750000e+02;2.9042447e-01;2.9750000e+02;3.2231325e-01;2.9750000e+02;2.8846055e-01;2.9750000e+02;2.3597839e-01;2.9750000e+02;1.8676007e-01;2.9750000e+02;1.4040786e-01;2.9750000e+02;9.4661027e-02;2.9750000e+02;4.9085051e-02;2.9750000e+02;7.2316118e-03;2.9750000e+02;-4.1063078e-02;2.9750000e+02;-8.3185367e-02;2.9750000e+02;-1.2615083e-01;2.9750000e+02;-5.0990563e-02;2.9750000e+02;-7.2521549e-03;2.9750000e+02;6.1806232e-02;2.9750000e+02;1.4133874e-01;2.9750000e+02;2.2818132e-01;2.9750000e+02;2.7790135e-01;2.9750000e+02;2.9042447e-01;2.9750000e+02;3.2231325e-01;2.9750000e+02;2.8846055e-01;2.9750000e+02;2.3597839e-01;2.9750000e+02;1.8676007e-01;2.9750000e+02;1.4040786e-01;2.9750000e+02;9.4661027e-02;2.9750000e+02;4.9085051e-02;2.9750000e+02;7.2316118e-03;2.9750000e+02;-4.1063078e-02;2.9750000e+02;-8.3185367e-02;2.9750000e+02;-1.2615083e-01;2.9750000e+02;-5.0990563e-02;2.9750000e+02;-7.2521549e-03;2.9750000e+02;6.1806232e-02;2.9750000e+02;1.4133874e-01;2.9750000e+02;2.2818132e-01;2.9750000e+02;2.7790135e-01;2.9750000e+02;2.9042447e-01;2.9750000e+02;3.2231325e-01;2.9750000e+02;2.8846055e-01;2.9750000e+02;2.3597839e-01;2.9750000e+02;1.8676007e-01;2.9750000e+02;1.4040786e-01;2.9750000e+02;9.4661027e-02;2.9750000e+02;4.9085051e-02;2.9750000e+02;7.2316118e-03;2.9750000e+02;-4.1063078e-02;2.9750000e+02;-8.3185367e-02;2.9750000e+02;-1.2615083e-01;2.9750000e+02;-5.0990563e-02;2.9750000e+02;-7.2521549e-03;2.9750000e+02;6.1806232e-02;2.9750000e+02;1.4133874e-01;2.9750000e+02;2.2818132e-01;2.9750000e+02;2.7790135e-01;2.9750000e+02;2.9042447e-01;2.9750000e+02;3.2231325e-01;2.9750000e+02;2.8846055e-01;2.9750000e+02;2.3597839e-01;2.9750000e+02;1.8676007e-01;2.9750000e+02;1.4040786e-01;2.9750000e+02;9.4661027e-02;2.9750000e+02;4.9085051e-02;2.9750000e+02;7.2316118e-03;2.9750000e+02;-4.1063078e-02;2.9750000e+02;-8.3185367e-02;2.9750000e+02;-1.2615083e-01;2.9750000e+02;-5.0990563e-02;2.9750000e+02;-7.2521549e-03;2.9750000e+02;6.1806232e-02;2.9750000e+02;1.4133874e-01;2.9750000e+02;2.2818132e-01;2.9750000e+02;2.7790135e-01;2.9750000e+02;2.9042447e-01;2.9750000e+02;3.2231325e-01;2.9750000e+02;2.8846055e-01;2.9750000e+02;2.3597839e-01;2.9750000e+02;1.8676007e-01;2.9750000e+02;1.4040786e-01;2.9750000e+02;9.4661027e-02;2.9750000e+02;4.9085051e-02;2.9750000e+02;7.2316118e-03;2.9750000e+02;-4.1063078e-02;2.9750000e+02;-8.3185367e-02;2.9750000e+02;-1.2615083e-01;2.9750000e+02;-5.0990563e-02;2.9750000e+02;-7.2521549e-03;2.9750000e+02;6.1806232e-02;2.9750000e+02;1.4133874e-01;2.9750000e+02;2.2818132e-01;2.9750000e+02;2.7790135e-01;2.9750000e+02;2.9042447e-01;2.9750000e+02;3.2231325e-01;2.9750000e+02;2.8846055e-01;2.9750000e+02;2.3597839e-01;2.9750000e+02;1.8676007e-01;2.9750000e+02;1.4040786e-01;2.9750000e+02;9.4661027e-02;2.9750000e+02;4.9085051e-02;2.9750000e+02;7.2316118e-03;2.9750000e+02;-4.1063078e-02;2.9750000e+02;-8.3185367e-02;2.9750000e+02;-1.2615083e-01;2.9750000e+02;-5.0990563e-02;2.9750000e+02;-7.2521549e-03;2.9750000e+02;6.1806232e-02;2.9750000e+02;1.4133874e-01;2.9750000e+02;2.2818132e-01;2.9750000e+02;2.7790135e-01;2.9750000e+02;2.9042447e-01;2.9750000e+02;3.2231325e-01;2.9750000e+02;2.8846055e-01;2.9750000e+02;2.3597839e-01;2.9750000e+02;1.8676007e-01;2.9750000e+02;1.4040786e-01;2.9750000e+02;9.4661027e-02;2.9750000e+02;4.9085051e-02;2.9750000e+02;7.2316118e-03;2.9750000e+02;-4.1063078e-02;2.9750000e+02;-8.3185367e-02;2.9750000e+02;-1.2615083e-01;2.9750000e+02;-5.0990563e-02;2.9750000e+02;-7.2521549e-03;2.9750000e+02;6.1806232e-02;2.9750000e+02;1.4133874e-01;2.9750000e+02;2.2818132e-01;2.9750000e+02;2.7790135e-01;2.9750000e+02;2.9042447e-01;2.9750000e+02;3.2231325e-01;2.9750000e+02;2.8846055e-01;2.9750000e+02;2.3597839e-01;2.9750000e+02;1.8676007e-01;2.9750000e+02;1.4040786e-01;2.9750000e+02;9.4661027e-02;2.9750000e+02;4.9085051e-02;2.9750000e+02;7.2316118e-03;2.9750000e+02;-4.1063078e-02;2.9750000e+02;-8.3185367e-02;2.9750000e+02;-1.2615083e-01;2.9750000e+02;-5.0990563e-02;2.9750000e+02;-7.2521549e-03;2.9750000e+02;6.1806232e-02;2.9750000e+02;1.4133874e-01;2.9750000e+02;2.2818132e-01;2.9750000e+02;2.7790135e-01;2.9750000e+02;2.9042447e-01;2.9750000e+02;3.2231325e-01;2.9750000e+02;2.8846055e-01;2.9750000e+02;2.3597839e-01;2.9750000e+02;1.8676007e-01;2.9750000e+02;1.4040786e-01;2.9750000e+02;9.4661027e-02;2.9750000e+02;4.9085051e-02;2.9750000e+02;7.2316118e-03;2.9750000e+02;-4.1063078e-02;2.9750000e+02;-8.3185367e-02;2.9750000e+02;-1.2615083e-01;2.9750000e+02;-5.0990563e-02;2.9750000e+02;-7.2521549e-03;2.9750000e+02;6.1806232e-02;2.9750000e+02;1.4133874e-01;2.9750000e+02;2.2818132e-01;2.9750000e+02;2.7790135e-01;2.9750000e+02;2.9042447e-01;2.9750000e+02;3.2231325e-01;2.9750000e+02;2.8846055e-01;2.9750000e+02;2.3597839e-01;2.9750000e+02;1.8676007e-01;2.9750000e+02;1.4040786e-01;2.9750000e+02;9.4661027e-02;2.9750000e+02;4.9085051e-02;2.9750000e+02;7.2316118e-03;2.9750000e+02;-4.1063078e-02;2.9750000e+02;-8.3185367e-02;2.9750000e+02;-1.2615083e-01;2.9750000e+02;-5.0990563e-02;2.9750000e+02;-7.2521549e-03;2.9750000e+02;6.1806232e-02;2.9750000e+02;1.4133874e-01;2.9750000e+02;2.2818132e-01;2.9750000e+02;2.7790135e-01;2.9750000e+02;2.9042447e-01;2.9750000e+02;3.2231325e-01;2.9750000e+02;2.8846055e-01;2.9750000e+02;2.3597839e-01;2.9750000e+02;1.8676007e-01;2.9750000e+02;1.4040786e-01;2.9750000e+02;9.4661027e-02;2.9750000e+02;4.9085051e-02;2.9750000e+02;7.2316118e-03;2.9750000e+02;-4.1063078e-02;2.9750000e+02;-8.3185367e-02;2.9750000e+02;-1.2615083e-01;2.9750000e+02;-5.0990563e-02;2.9750000e+02;-7.2521549e-03;2.9750000e+02;6.1806232e-02;2.9750000e+02;1.4133874e-01;2.9750000e+02;2.2818132e-01;2.9750000e+02;2.7790135e-01;2.9750000e+02;2.9042447e-01;2.9750000e+02;3.2231325e-01;2.9750000e+02;2.8846055e-01;2.9750000e+02;2.3597839e-01;2.9750000e+02;1.8676007e-01;2.9750000e+02;1.4040786e-01;2.9750000e+02;9.4661027e-02;2.9750000e+02;4.9085051e-02;2.9750000e+02;7.2316118e-03;2.9750000e+02;-4.1063078e-02;2.9750000e+02;-8.3185367e-02;2.9750000e+02;-1.2615083e-01;2.9750000e+02;-5.0990563e-02;2.9750000e+02;-7.2521549e-03;2.9750000e+02;6.1806232e-02;2.9750000e+02;1.4133874e-01;2.9750000e+02;2.2818132e-01;2.9750000e+02;2.7790135e-01;2.9750000e+02;2.9042447e-01;2.9750000e+02;3.2231325e-01;2.9750000e+02;2.8846055e-01;2.9750000e+02;2.3597839e-01;2.9750000e+02;1.8676007e-01;2.9750000e+02;1.4040786e-01;2.9750000e+02;9.4661027e-02;2.9750000e+02;4.9085051e-02;2.9750000e+02;7.2316118e-03;2.9750000e+02;-4.1063078e-02;2.9750000e+02;-8.3185367e-02;2.9750000e+02;-1.2615083e-01;2.9750000e+02;-5.0990563e-02;2.9750000e+02;-7.2521549e-03;2.9750000e+02;6.1806232e-02;2.9750000e+02;1.4133874e-01;2.9750000e+02;2.2818132e-01;2.9750000e+02;2.7790135e-01;2.9750000e+02;2.9042447e-01;2.9750000e+02;3.2231325e-01;2.9750000e+02;2.8846055e-01;2.9750000e+02;2.3597839e-01;2.9750000e+02;1.8676007e-01;2.9750000e+02;1.4040786e-01;2.9750000e+02;9.4661027e-02;2.9750000e+02;4.9085051e-02;2.9750000e+02;7.2316118e-03;2.9750000e+02;-4.1063078e-02;2.9750000e+02;-8.3185367e-02;2.9750000e+02;-1.2615083e-01;2.9750000e+02;-5.0990563e-02;2.9750000e+02;-7.2521549e-03;2.9750000e+02;6.1806232e-02;2.9750000e+02;1.4133874e-01;2.9750000e+02;2.2818132e-01;2.9750000e+02;2.7790135e-01;2.9750000e+02;2.9042447e-01;2.9750000e+02;3.2231325e-01;2.9750000e+02;2.8846055e-01;2.9750000e+02;2.3597839e-01;2.9750000e+02;1.8676007e-01;2.9750000e+02;1.4040786e-01;2.9750000e+02;9.4661027e-02;2.9750000e+02;4.9085051e-02;2.9750000e+02;7.2316118e-03;2.9750000e+02;-4.1063078e-02;2.9750000e+02;-8.3185367e-02;2.9750000e+02;-1.2615083e-01;2.9750000e+02;-5.0990563e-02;2.9750000e+02;-7.2521549e-03;2.9750000e+02;6.1806232e-02;2.9750000e+02;1.4133874e-01;2.9750000e+02;2.2818132e-01;2.9750000e+02;2.7790135e-01;2.9750000e+02;2.9042447e-01;2.9750000e+02;3.2231325e-01;2.9750000e+02;2.8846055e-01;2.9750000e+02;2.3597839e-01;2.9750000e+02;1.8676007e-01;2.9750000e+02;1.4040786e-01;2.9750000e+02;9.4661027e-02;2.9750000e+02;4.9085051e-02;2.9750000e+02;7.2316118e-03;2.9750000e+02;-4.1063078e-02;2.9750000e+02;-8.3185367e-02;2.9750000e+02;-1.2615083e-01;2.9750000e+02;-5.0990563e-02;2.9750000e+02;-7.2521549e-03;2.9750000e+02;6.1806232e-02;2.9750000e+02;1.4133874e-01;2.9750000e+02;2.2818132e-01;2.9750000e+02;2.7790135e-01;2.9750000e+02;2.9042447e-01;2.9750000e+02;3.2231325e-01;2.9750000e+02;2.8846055e-01;2.9750000e+02;2.3597839e-01;2.9750000e+02;1.8676007e-01;2.9750000e+02;1.4040786e-01;2.9750000e+02;9.4661027e-02;2.9750000e+02;4.9085051e-02;2.9750000e+02;7.2316118e-03;2.9750000e+02;-4.1063078e-02;2.9750000e+02;-8.3185367e-02;2.9750000e+02;-1.2615083e-01;2.9750000e+02;-5.0990563e-02;2.9750000e+02;-7.2521549e-03;2.9750000e+02;6.1806232e-02;2.9750000e+02;1.4133874e-01;2.9750000e+02;2.2818132e-01;2.9750000e+02;2.7790135e-01;2.9750000e+02;2.9042447e-01;2.9750000e+02;3.2231325e-01;2.9750000e+02;2.8846055e-01;2.9750000e+02;2.3597839e-01;2.9750000e+02;1.8676007e-01;2.9750000e+02;1.4040786e-01;2.9750000e+02;9.4661027e-02;2.9750000e+02;4.9085051e-02;2.9750000e+02;7.2316118e-03;2.9750000e+02;-4.1063078e-02;2.9750000e+02;-8.3185367e-02;2.9750000e+02;-1.2615083e-01;2.9750000e+02;-5.0990563e-02;2.9750000e+02;-7.2521549e-03;2.9750000e+02;6.1806232e-02;2.9750000e+02;1.4133874e-01;2.9750000e+02;2.2818132e-01;2.9750000e+02;2.7790135e-01;2.9750000e+02;2.9042447e-01;2.9750000e+02;3.2231325e-01;2.9750000e+02;2.8846055e-01;2.9750000e+02;2.3597839e-01;2.9750000e+02;1.8676007e-01;2.9750000e+02;1.4040786e-01;2.9750000e+02;9.4661027e-02;2.9750000e+02;4.9085051e-02;2.9750000e+02;7.2316118e-03;2.9750000e+02;-4.1063078e-02;2.9750000e+02;-8.3185367e-02;2.9750000e+02;-1.2615083e-01;2.9750000e+02;-5.0990563e-02;2.9750000e+02;-7.2521549e-03;2.9750000e+02;6.1806232e-02;2.9750000e+02;1.4133874e-01;2.9750000e+02;2.2818132e-01;2.9750000e+02;2.7790135e-01;2.9750000e+02;2.9042447e-01;2.9750000e+02;3.2231325e-01;2.9750000e+02;2.8846055e-01;2.9750000e+02;2.3597839e-01;2.9750000e+02;1.8676007e-01;2.9750000e+02;1.4040786e-01;2.9750000e+02;9.4661027e-02;2.9750000e+02;4.9085051e-02;2.9750000e+02;7.2316118e-03;2.9750000e+02;-4.1063078e-02;2.9750000e+02;-8.3185367e-02;2.9750000e+02;-1.2615083e-01;2.9750000e+02;-5.0990563e-02;2.9750000e+02;-7.2521549e-03;2.9750000e+02;6.1806232e-02;2.9750000e+02;1.4133874e-01;2.9750000e+02;2.2818132e-01;2.9750000e+02;2.7790135e-01;2.9750000e+02;2.9042447e-01;2.9750000e+02;3.2231325e-01;2.9750000e+02;2.8846055e-01;2.9750000e+02;2.3597839e-01;2.9750000e+02;1.8676007e-01;2.9750000e+02;1.4040786e-01;2.9750000e+02;9.4661027e-02;2.9750000e+02;4.9085051e-02;2.9750000e+02;7.2316118e-03;2.9750000e+02;-4.1063078e-02;2.9750000e+02;-8.3185367e-02;2.9750000e+02;-1.2615083e-01;2.9750000e+02;-5.0990563e-02;2.9750000e+02;-7.2521549e-03;2.9750000e+02;6.1806232e-02;2.9750000e+02;1.4133874e-01;2.9750000e+02;2.2818132e-01;2.9750000e+02;2.7790135e-01;2.9750000e+02;2.9042447e-01;2.9750000e+02;3.2231325e-01;2.9750000e+02;2.8846055e-01;2.9750000e+02;2.3597839e-01;2.9750000e+02;1.8676007e-01;2.9750000e+02;1.4040786e-01;2.9750000e+02;9.4661027e-02;2.9750000e+02;4.9085051e-02;2.9750000e+02;7.2316118e-03;2.9750000e+02;-4.1063078e-02;2.9750000e+02;-8.3185367e-02;2.9750000e+02;-1.2615083e-01;2.9750000e+02;-5.0990563e-02;2.9750000e+02;-7.2521549e-03;2.9750000e+02;6.1806232e-02;2.9750000e+02;1.4133874e-01;2.9750000e+02;2.2818132e-01;2.9750000e+02;2.7790135e-01;2.9750000e+02;2.9042447e-01;2.9750000e+02;3.2231325e-01;2.9750000e+02;2.8846055e-01;2.9750000e+02;2.3597839e-01;2.9750000e+02;1.8676007e-01;2.9750000e+02;1.4040786e-01;2.9750000e+02;9.4661027e-02;2.9750000e+02;4.9085051e-02;2.9750000e+02;7.2316118e-03;2.9750000e+02;-4.1063078e-02;2.9750000e+02;-8.3185367e-02;2.9750000e+02;-1.2615083e-01;2.9750000e+02;-5.0990563e-02;2.9750000e+02;-7.2521549e-03;2.9750000e+02;6.1806232e-02;2.9750000e+02;1.4133874e-01;2.9750000e+02;2.2818132e-01;2.9750000e+02;2.7790135e-01;2.9750000e+02;2.9042447e-01;2.9750000e+02;3.2231325e-01;2.9750000e+02;2.8846055e-01;2.9750000e+02;2.3597839e-01;2.9750000e+02;1.8676007e-01;2.9750000e+02;1.4040786e-01;2.9750000e+02;9.4661027e-02;2.9750000e+02;4.9085051e-02;2.9750000e+02;7.2316118e-03;2.9750000e+02;-4.1063078e-02;2.9750000e+02;-8.3185367e-02;2.9750000e+02;-1.2615083e-01;2.9750000e+02;-5.0990563e-02;2.9750000e+02;-7.2521549e-03;2.9750000e+02;6.1806232e-02;2.9750000e+02;1.4133874e-01;2.9750000e+02;2.2818132e-01;2.9750000e+02;2.7790135e-01;2.9750000e+02;2.9042447e-01;2.9750000e+02;3.2231325e-01;2.9750000e+02;2.8846055e-01;2.9750000e+02;2.3597839e-01;2.9750000e+02;1.8676007e-01;2.9750000e+02;1.4040786e-01;2.9750000e+02;9.4661027e-02;2.9750000e+02;4.9085051e-02;2.9750000e+02;7.2316118e-03;2.9750000e+02;-4.1063078e-02;2.9750000e+02;-8.3185367e-02;2.9750000e+02;-1.2615083e-01;2.9750000e+02;-5.0990563e-02;2.9750000e+02;-7.2521549e-03;2.9750000e+02;6.1806232e-02;2.9750000e+02;1.4133874e-01;2.9750000e+02;2.2818132e-01;2.9750000e+02;2.7790135e-01;2.9750000e+02;2.9042447e-01;2.9750000e+02;3.2231325e-01;2.9750000e+02;2.8846055e-01;2.9750000e+02;2.3597839e-01;2.9750000e+02;1.8676007e-01;2.9750000e+02;1.4040786e-01;2.9750000e+02;9.4661027e-02;2.9750000e+02;4.9085051e-02;2.9750000e+02;7.2316118e-03;2.9750000e+02;-4.1063078e-02;2.9750000e+02;-8.3185367e-02;2.9750000e+02;-1.2615083e-01;2.9750000e+02;-5.0990563e-02;2.9750000e+02;-7.2521549e-03;2.9750000e+02;6.1806232e-02;2.9750000e+02;1.4133874e-01;2.9750000e+02;2.2818132e-01;2.9750000e+02;2.7790135e-01;2.9750000e+02;2.9042447e-01;2.9750000e+02;3.2231325e-01;2.9750000e+02;2.8846055e-01;2.9750000e+02;2.3597839e-01;2.9750000e+02;1.8676007e-01;2.9750000e+02;1.4040786e-01;2.9750000e+02;9.4661027e-02;2.9750000e+02;4.9085051e-02;2.9750000e+02;7.2316118e-03;2.9750000e+02;-4.1063078e-02;2.9750000e+02;-8.3185367e-02;2.9750000e+02;-1.2615083e-01;2.9750000e+02;-5.0990563e-02;2.9750000e+02;-7.2521549e-03;2.9750000e+02;6.1806232e-02;2.9750000e+02;1.4133874e-01;2.9750000e+02;2.2818132e-01;2.9750000e+02;2.7790135e-01;2.9750000e+02;2.9042447e-01;2.9750000e+02;3.2231325e-01;2.9750000e+02;2.8846055e-01;2.9750000e+02;2.3597839e-01;2.9750000e+02;1.8676007e-01;2.9750000e+02;1.4040786e-01;2.9750000e+02;9.4661027e-02;2.9750000e+02;4.9085051e-02;2.9750000e+02;7.2316118e-03;2.9750000e+02;-4.1063078e-02;2.9750000e+02;-8.3185367e-02;2.9750000e+02;-1.2615083e-01;2.9750000e+02;-5.0990563e-02;2.9750000e+02;-7.2521549e-03;2.9750000e+02;6.1806232e-02;2.9750000e+02;1.4133874e-01;2.9750000e+02;2.2818132e-01;2.9750000e+02;2.7790135e-01;2.9750000e+02;2.9042447e-01;2.9750000e+02;3.2231325e-01;2.9750000e+02;2.8846055e-01;2.9750000e+02;2.3597839e-01;2.9750000e+02;1.8676007e-01;2.9750000e+02;1.4040786e-01;2.9750000e+02;9.4661027e-02;2.9750000e+02;4.9085051e-02;2.9750000e+02;7.2316118e-03;2.9750000e+02;-4.1063078e-02;2.9750000e+02;-8.3185367e-02;2.9750000e+02;-1.2615083e-01;2.9750000e+02;-5.0990563e-02;2.9750000e+02;-7.2521549e-03;2.9750000e+02;6.1806232e-02;2.9750000e+02;1.4133874e-01;2.9750000e+02;2.2818132e-01;2.9750000e+02;2.7790135e-01;2.9750000e+02;2.9042447e-01;2.9750000e+02;3.2231325e-01;2.9750000e+02;2.8846055e-01;2.9750000e+02;2.3597839e-01;2.9750000e+02;1.8676007e-01;2.9750000e+02;1.4040786e-01;2.9750000e+02;9.4661027e-02;2.9750000e+02;4.9085051e-02;2.9750000e+02;7.2316118e-03;2.9750000e+02;-4.1063078e-02;2.9750000e+02;-8.3185367e-02;2.9750000e+02;-1.2615083e-01;2.9750000e+02;-5.0990563e-02;2.9750000e+02;-7.2521549e-03;2.9750000e+02;6.1806232e-02;2.9750000e+02;1.4133874e-01;2.9750000e+02;2.2818132e-01;2.9750000e+02;2.7790135e-01;2.9750000e+02;2.9042447e-01;2.9750000e+02;3.2231325e-01;2.9750000e+02;2.8846055e-01;2.9750000e+02;2.3597839e-01;2.9750000e+02;1.8676007e-01;2.9750000e+02;1.4040786e-01;2.9750000e+02;9.4661027e-02;2.9750000e+02;4.9085051e-02;2.9750000e+02;7.2316118e-03;2.9750000e+02;-4.1063078e-02;2.9750000e+02;-8.3185367e-02;2.9750000e+02;-1.2615083e-01;2.9750000e+02;-5.0990563e-02;2.9750000e+02;-7.2521549e-03;2.9750000e+02;6.1806232e-02;2.9750000e+02;1.4133874e-01;2.9750000e+02;2.2818132e-01;2.9750000e+02;2.7790135e-01;2.9750000e+02;2.9042447e-01;2.9750000e+02;3.2231325e-01;2.9750000e+02;2.8846055e-01;2.9750000e+02;2.3597839e-01;2.9750000e+02;1.8676007e-01;2.9750000e+02;1.4040786e-01;2.9750000e+02;9.4661027e-02;2.9750000e+02;4.9085051e-02;2.9750000e+02;7.2316118e-03;2.9750000e+02;-4.1063078e-02;2.9750000e+02;-8.3185367e-02;2.9750000e+02;-1.2615083e-01;2.9750000e+02;-5.0990563e-02;2.9750000e+02;-7.2521549e-03;2.9750000e+02;6.1806232e-02;2.9750000e+02;1.4133874e-01;2.9750000e+02;2.2818132e-01;2.9750000e+02;2.7790135e-01;2.9750000e+02;2.9042447e-01;2.9750000e+02;3.2231325e-01;2.9750000e+02;2.8846055e-01;2.9750000e+02;2.3597839e-01;2.9750000e+02;1.8676007e-01;2.9750000e+02;1.4040786e-01;2.9750000e+02;9.4661027e-02;2.9750000e+02;4.9085051e-02;2.9750000e+02;7.2316118e-03;2.9750000e+02;-4.1063078e-02;2.9750000e+02;-8.3185367e-02;2.9750000e+02;-1.2615083e-01;2.9750000e+02;-5.0990563e-02;2.9750000e+02;-7.2521549e-03;2.9750000e+02;6.1806232e-02;2.9750000e+02;1.4133874e-01;2.9750000e+02;2.2818132e-01;2.9750000e+02;2.7790135e-01;2.9750000e+02;2.9042447e-01;2.9750000e+02;3.2231325e-01;2.9750000e+02;2.8846055e-01;2.9750000e+02;2.3597839e-01;2.9750000e+02;1.8676007e-01;2.9750000e+02;1.4040786e-01;2.9750000e+02;9.4661027e-02;2.9750000e+02;4.9085051e-02;2.9750000e+02;7.2316118e-03;2.9750000e+02;-4.1063078e-02;2.9750000e+02;-8.3185367e-02;2.9750000e+02;-1.2615083e-01;2.9750000e+02;-5.0990563e-02;2.9750000e+02;-7.2521549e-03;2.9750000e+02;6.1806232e-02;2.9750000e+02;1.4133874e-01;2.9750000e+02;2.2818132e-01;2.9750000e+02;2.7790135e-01;2.9750000e+02;2.9042447e-01;2.9750000e+02;3.2231325e-01;2.9750000e+02;2.8846055e-01;2.9750000e+02;2.3597839e-01;2.9750000e+02;1.8676007e-01;2.9750000e+02;1.4040786e-01;2.9750000e+02;9.4661027e-02;2.9750000e+02;4.9085051e-02;2.9750000e+02;7.2316118e-03;2.9750000e+02;-4.1063078e-02;2.9750000e+02;-8.3185367e-02;2.9750000e+02;-1.2615083e-01;2.9750000e+02;-5.0990563e-02;2.9750000e+02;-7.2521549e-03;2.9750000e+02;6.1806232e-02;2.9750000e+02;1.4133874e-01;2.9750000e+02;2.2818132e-01;2.9750000e+02;2.7790135e-01;2.9750000e+02;2.9042447e-01;2.9750000e+02;3.2231325e-01;2.9750000e+02;2.8846055e-01;2.9750000e+02;2.3597839e-01;2.9750000e+02;1.8676007e-01;2.9750000e+02;1.4040786e-01;2.9750000e+02;9.4661027e-02;2.9750000e+02;4.9085051e-02;2.9750000e+02;7.2316118e-03;2.9750000e+02;-4.1063078e-02;2.9750000e+02;-8.3185367e-02;2.9750000e+02;-1.2615083e-01;2.9750000e+02;-5.0990563e-02;2.9750000e+02;-7.2521549e-03;2.9750000e+02;6.1806232e-02;2.9750000e+02;1.4133874e-01;2.9750000e+02;2.2818132e-01;2.9750000e+02;2.7790135e-01;2.9750000e+02;2.9042447e-01;2.9750000e+02;3.2231325e-01;2.9750000e+02;2.8846055e-01;2.9750000e+02;2.3597839e-01;2.9750000e+02;1.8676007e-01;2.9750000e+02;1.4040786e-01;2.9750000e+02;9.4661027e-02;2.9750000e+02;4.9085051e-02;2.9750000e+02;7.2316118e-03;2.9750000e+02;-4.1063078e-02;2.9750000e+02;-8.3185367e-02;2.9750000e+02;-1.2615083e-01;2.9750000e+02;-5.0990563e-02;2.9750000e+02;-7.2521549e-03;2.9750000e+02;6.1806232e-02;2.9750000e+02;1.4133874e-01;2.9750000e+02;2.2818132e-01;2.9750000e+02;2.7790135e-01;2.9750000e+02;2.9042447e-01;2.9750000e+02;3.2231325e-01;2.9750000e+02;2.8846055e-01;2.9750000e+02;2.3597839e-01;2.9750000e+02;1.8676007e-01;2.9750000e+02;1.4040786e-01;2.9750000e+02;9.4661027e-02;2.9750000e+02;4.9085051e-02;2.9750000e+02;7.2316118e-03;2.9750000e+02;-4.1063078e-02;2.9750000e+02;-8.3185367e-02;2.9750000e+02;-1.2615083e-01;2.9750000e+02;-5.0990563e-02;2.9750000e+02;-7.2521549e-03;2.9750000e+02;6.1806232e-02;2.9750000e+02;1.4133874e-01;2.9750000e+02;2.2818132e-01;2.9750000e+02;2.7790135e-01;2.9750000e+02;2.9042447e-01;2.9750000e+02;3.2231325e-01;2.9750000e+02;2.8846055e-01;2.9750000e+02;2.3597839e-01;2.9750000e+02;1.8676007e-01;2.9750000e+02;1.4040786e-01;2.9750000e+02;9.4661027e-02;2.9750000e+02;4.9085051e-02;2.9750000e+02;7.2316118e-03;2.9750000e+02;-4.1063078e-02;2.9750000e+02;-8.3185367e-02;2.9750000e+02;-1.2615083e-01;2.9750000e+02;-5.0990563e-02;2.9750000e+02;-7.2521549e-03;2.9750000e+02;6.1806232e-02;2.9750000e+02;1.4133874e-01;2.9750000e+02;2.2818132e-01;2.9750000e+02;2.7790135e-01;2.9750000e+02;2.9042447e-01;2.9750000e+02;3.2231325e-01;2.9750000e+02;2.8846055e-01;2.9750000e+02;2.3597839e-01;2.9750000e+02;1.8676007e-01;2.9750000e+02;1.4040786e-01;2.9750000e+02;9.4661027e-02;2.9750000e+02;4.9085051e-02;2.9750000e+02;7.2316118e-03;2.9750000e+02;-4.1063078e-02;2.9750000e+02;-8.3185367e-02;2.9750000e+02;-1.2615083e-01;2.9750000e+02;-5.0990563e-02;2.9750000e+02;-7.2521549e-03;2.9750000e+02;6.1806232e-02;2.9750000e+02;1.4133874e-01;2.9750000e+02;2.2818132e-01;2.9750000e+02;2.7790135e-01;2.9750000e+02;2.9042447e-01;2.9750000e+02;3.2231325e-01;2.9750000e+02;2.8846055e-01;2.9750000e+02;2.3597839e-01;2.9750000e+02;1.8676007e-01;2.9750000e+02;1.4040786e-01;2.9750000e+02;9.4661027e-02;2.9750000e+02;4.9085051e-02;2.9750000e+02;7.2316118e-03;2.9750000e+02;-4.1063078e-02;2.9750000e+02;-8.3185367e-02;2.9750000e+02;-1.2615083e-01;2.9750000e+02;-5.0990563e-02;2.9750000e+02;-7.2521549e-03;2.9750000e+02;6.1806232e-02;2.9750000e+02;1.4133874e-01;2.9750000e+02;2.2818132e-01;2.9750000e+02;2.7790135e-01;2.9750000e+02;2.9042447e-01;2.9750000e+02;3.2231325e-01;2.9750000e+02;2.8846055e-01;2.9750000e+02;2.3597839e-01;2.9750000e+02;1.8676007e-01;2.9750000e+02;1.4040786e-01;2.9750000e+02;9.4661027e-02;2.9750000e+02;4.9085051e-02;2.9750000e+02;7.2316118e-03;2.9750000e+02;-4.1063078e-02;2.9750000e+02;-8.3185367e-02;2.9750000e+02;-1.2615083e-01;2.9750000e+02;-5.0990563e-02;2.9750000e+02;-7.2521549e-03;2.9750000e+02;6.1806232e-02;2.9750000e+02;1.4133874e-01;2.9750000e+02;2.2818132e-01;2.9750000e+02;2.7790135e-01;2.9750000e+02;2.9042447e-01;2.9750000e+02;3.2231325e-01;2.9750000e+02;2.8846055e-01;2.9750000e+02;2.3597839e-01;2.9750000e+02;1.8676007e-01;2.9750000e+02;1.4040786e-01;2.9750000e+02;9.4661027e-02;2.9750000e+02;4.9085051e-02;2.9750000e+02;7.2316118e-03;2.9750000e+02;-4.1063078e-02;2.9750000e+02;-8.3185367e-02;2.9750000e+02;-1.2615083e-01;2.9750000e+02;-5.0990563e-02;2.9750000e+02;-7.2521549e-03;2.9750000e+02;6.1806232e-02;2.9750000e+02;1.4133874e-01;2.9750000e+02;2.2818132e-01;2.9750000e+02;2.7790135e-01;2.9750000e+02;2.9042447e-01;2.9750000e+02;3.2231325e-01;2.9750000e+02;2.8846055e-01;2.9750000e+02;2.3597839e-01;2.9750000e+02;1.8676007e-01;2.9750000e+02;1.4040786e-01;2.9750000e+02;9.4661027e-02;2.9750000e+02;4.9085051e-02;2.9750000e+02;7.2316118e-03;2.9750000e+02;-4.1063078e-02;2.9750000e+02;-8.3185367e-02;2.9750000e+02;-1.2615083e-01;2.9750000e+02;-5.0990563e-02;2.9750000e+02;-7.2521549e-03;2.9750000e+02;6.1806232e-02;2.9750000e+02;1.4133874e-01;2.9750000e+02;2.2818132e-01;2.9750000e+02;2.7790135e-01;2.9750000e+02;2.9042447e-01;2.9750000e+02;3.2231325e-01;2.9750000e+02;2.8846055e-01;2.9750000e+02;2.3597839e-01;2.9750000e+02;1.8676007e-01;2.9750000e+02;1.4040786e-01;2.9750000e+02;9.4661027e-02;2.9750000e+02;4.9085051e-02;2.9750000e+02;7.2316118e-03;2.9750000e+02;-4.1063078e-02;2.9750000e+02;-8.3185367e-02;2.9750000e+02;-1.2615083e-01;2.9750000e+02;-5.0990563e-02;2.9750000e+02;-7.2521549e-03;2.9750000e+02;6.1806232e-02;2.9750000e+02;1.4133874e-01;2.9750000e+02;2.2818132e-01;2.9750000e+02;2.7790135e-01;2.9750000e+02;2.9042447e-01;2.9750000e+02;3.2231325e-01;2.9750000e+02;2.8846055e-01;2.9750000e+02;2.3597839e-01;2.9750000e+02;1.8676007e-01;2.9750000e+02;1.4040786e-01;2.9750000e+02;9.4661027e-02;2.9750000e+02;4.9085051e-02;2.9750000e+02;7.2316118e-03;2.9750000e+02;-4.1063078e-02;2.9750000e+02;-8.3185367e-02;2.9750000e+02;-1.2615083e-01
3.0250000e+02;-5.0858431e-02;3.0250000e+02;-6.8039251e-03;3.0250000e+02;5.9733577e-02;3.0250000e+02;1.4080301e-01;3.0250000e+02;2.2576505e-01;3.0250000e+02;2.7952245e-01;3.0250000e+02;2.8539684e-01;3.0250000e+02;3.2403269e-01;3.0250000e+02;3.0492538e-01;3.0250000e+02;2.3990241e-01;3.0250000e+02;1.8130206e-01;3.0250000e+02;1.3167514e-01;3.0250000e+02;8.6441092e-02;3.0250000e+02;4.4568781e-02;3.0250000e+02;1.9459054e-03;3.0250000e+02;-4.3460160e-02;3.0250000e+02;-8.8946573e-02;3.0250000e+02;-1.2958154e-01;3.0250000e+02;-5.0858431e-02;3.0250000e+02;-6.8039251e-03;3.0250000e+02;5.9733577e-02;3.0250000e+02;1.4080301e-01;3.0250000e+02;2.2576505e-01;3.0250000e+02;2.7952245e-01;3.0250000e+02;2.8539684e-01;3.0250000e+02;3.2403269e-01;3.0250000e+02;3.0492538e-01;3.0250000e+02;2.3990241e-01;3.0250000e+02;1.8130206e-01;3.0250000e+02;1.3167514e-01;3.0250000e+02;8.6441092e-02;3.0250000e+02;4.4568781e-02;3.0250000e+02;1.9459054e-03;3.0250000e+02;-4.3460160e-02;3.0250000e+02;-8.8946573e-02;3.0250000e+02;-1.2958154e-01;3.0250000e+02;-5.0858431e-02;3.0250000e+02;-6.8039251e-03;3.0250000e+02;5.9733577e-02;3.0250000e+02;1.4080301e-01;3.0250000e+02;2.2576505e-01;3.0250000e+02;2.7952245e-01;3.0250000e+02;2.8539684e-01;3.0250000e+02;3.2403269e-01;3.0250000e+02;3.0492538e-01;3.0250000e+02;2.3990241e-01;3.0250000e+02;1.8130206e-01;3.0250000e+02;1.3167514e-01;3.0250000e+02;8.6441092e-02;3.0250000e+02;4.4568781e-02;3.0250000e+02;1.9459054e-03;3.0250000e+02;-4.3460160e-02;3.0250000e+02;-8.8946573e-02;3.0250000e+02;-1.2958154e-01;3.0250000e+02;-5.0858431e-02;3.0250000e+02;-6.8039251e-03;3.0250000e+02;5.9733577e-02;3.0250000e+02;1.4080301e-01;3.0250000e+02;2.2576505e-01;3.0250000e+02;2.7952245e-01;3.0250000e+02;2.8539684e-01;3.0250000e+02;3.2403269e-01;3.0250000e+02;3.0492538e-01;3.0250000e+02;2.3990241e-01;3.0250000e+02;1.8130206e-01;3.0250000e+02;1.3167514e-01;3.0250000e+02;8.6441092e-02;3.0250000e+02;4.4568781e-02;3.0250000e+02;1.9459054e-03;3.0250000e+02;-4.3460160e-02;3.0250000e+02;-8.8946573e-02;3.0250000e+02;-1.2958154e-01;3.0250000e+02;-5.0858431e-02;3.0250000e+02;-6.8039251e-03;3.0250000e+02;5.9733577e-02;3.0250000e+02;1.4080301e-01;3.0250000e+02;2.2576505e-01;3.0250000e+02;2.7952245e-01;3.0250000e+02;2.8539684e-01;3.0250000e+02;3.2403269e-01;3.0250000e+02;3.0492538e-01;3.0250000e+02;2.3990241e-01;3.0250000e+02;1.8130206e-01;3.0250000e+02;1.3167514e-01;3.0250000e+02;8.6441092e-02;3.0250000e+02;4.4568781e-02;3.0250000e+02;1.9459054e-03;3.0250000e+02;-4.3460160e-02;3.0250000e+02;-8.8946573e-02;3.0250000e+02;-1.2958154e-01;3.0250000e+02;-5.0858431e-02;3.0250000e+02;-6.8039251e-03;3.0250000e+02;5.9733577e-02;3.0250000e+02;1.4080301e-01;3.0250000e+02;2.2576505e-01;3.0250000e+02;2.7952245e-01;3.0250000e+02;2.8539684e-01;3.0250000e+02;3.2403269e-01;3.0250000e+02;3.0492538e-01;3.0250000e+02;2.3990241e-01;3.0250000e+02;1.8130206e-01;3.0250000e+02;1.3167514e-01;3.0250000e+02;8.6441092e-02;3.0250000e+02;4.4568781e-02;3.0250000e+02;1.9459054e-03;3.0250000e+02;-4.3460160e-02;3.0250000e+02;-8.8946573e-02;3.0250000e+02;-1.2958154e-01;3.0250000e+02;-5.0858431e-02;3.0250000e+02;-6.8039251e-03;3.0250000e+02;5.9733577e-02;3.0250000e+02;1.4080301e-01;3.0250000e+02;2.2576505e-01;3.0250000e+02;2.7952245e-01;3.0250000e+02;2.8539684e-01;3.0250000e+02;3.2403269e-01;3.0250000e+02;3.0492538e-01;3.0250000e+02;2.3990241e-01;3.0250000e+02;1.8130206e-01;3.0250000e+02;1.3167514e-01;3.0250000e+02;8.6441092e-02;3.0250000e+02;4.4568781e-02;3.0250000e+02;1.9459054e-03;3.0250000e+02;-4.3460160e-02;3.0250000e+02;-8.8946573e-02;3.0250000e+02;-1.2958154e-01;3.0250000e+02;-5.0858431e-02;3.0250000e+02;-6.8039251e-03;3.0250000e+02;5.9733577e-02;3.0250000e+02;1.4080301e-01;3.0250000e+02;2.2576505e-01;3.0250000e+02;2.7952245e-01;3.0250000e+02;2.8539684e-01;3.0250000e+02;3.2403269e-01;3.0250000e+02;3.0492538e-01;3.0250000e+02;2.3990241e-01;3.0250000e+02;1.8130206e-01;3.0250000e+02;1.3167514e-01;3.0250000e+02;8.6441092e-02;3.0250000e+02;4.4568781e-02;3.0250000e+02;1.9459054e-03;3.0250000e+02;-4.3460160e-02;3.0250000e+02;-8.8946573e-02;3.0250000e+02;-1.2958154e-01;3.0250000e+02;-5.0858431e-02;3.0250000e+02;-6.8039251e-03;3.0250000e+02;5.9733577e-02;3.0250000e+02;1.4080301e-01;3.0250000e+02;2.2576505e-01;3.0250000e+02;2.7952245e-01;3.0250000e+02;2.8539684e-01;3.0250000e+02;3.2403269e-01;3.0250000e+02;3.0492538e-01;3.0250000e+02;2.3990241e-01;3.0250000e+02;1.8130206e-01;3.0250000e+02;1.3167514e-01;3.0250000e+02;8.6441092e-02;3.0250000e+02;4.4568781e-02;3.0250000e+02;1.9459054e-03;3.0250000e+02;-4.3460160e-02;3.0250000e+02;-8.8946573e-02;3.0250000e+02;-1.2958154e-01;3.0250000e+02;-5.0858431e-02;3.0250000e+02;-6.8039251e-03;3.0250000e+02;5.9733577e-02;3.0250000e+02;1.4080301e-01;3.0250000e+02;2.2576505e-01;3.0250000e+02;2.7952245e-01;3.0250000e+02;2.8539684e-01;3.0250000e+02;3.2403269e-01;3.0250000e+02;3.0492538e-01;3.0250000e+02;2.3990241e-01;3.0250000e+02;1.8130206e-01;3.0250000e+02;1.3167514e-01;3.0250000e+02;8.6441092e-02;3.0250000e+02;4.4568781e-02;3.0250000e+02;1.9459054e-03;3.0250000e+02;-4.3460160e-02;3.0250000e+02;-8.8946573e-02;3.0250000e+02;-1.2958154e-01;3.0250000e+02;-5.0858431e-02;3.0250000e+02;-6.8039251e-03;3.0250000e+02;5.9733577e-02;3.0250000e+02;1.4080301e-01;3.0250000e+02;2.2576505e-01;3.0250000e+02;2.7952245e-01;3.0250000e+02;2.8539684e-01;3.0250000e+02;3.2403269e-01;3.0250000e+02;3.0492538e-01;3.0250000e+02;2.3990241e-01;3.0250000e+02;1.8130206e-01;3.0250000e+02;1.3167514e-01;3.0250000e+02;8.6441092e-02;3.0250000e+02;4.4568781e-02;3.0250000e+02;1.9459054e-03;3.0250000e+02;-4.3460160e-02;3.0250000e+02;-8.8946573e-02;3.0250000e+02;-1.2958154e-01;3.0250000e+02;-5.0858431e-02;3.0250000e+02;-6.8039251e-03;3.0250000e+02;5.9733577e-02;3.0250000e+02;1.4080301e-01;3.0250000e+02;2.2576505e-01;3.0250000e+02;2.7952245e-01;3.0250000e+02;2.8539684e-01;3.0250000e+02;3.2403269e-01;3.0250000e+02;3.0492538e-01;3.0250000e+02;2.3990241e-01;3.0250000e+02;1.8130206e-01;3.0250000e+02;1.3167514e-01;3.0250000e+02;8.6441092e-02;3.0250000e+02;4.4568781e-02;3.0250000e+02;1.9459054e-03;3.0250000e+02;-4.3460160e-02;3.0250000e+02;-8.8946573e-02;3.0250000e+02;-1.2958154e-01;3.0250000e+02;-5.0858431e-02;3.0250000e+02;-6.8039251e-03;3.0250000e+02;5.9733577e-02;3.0250000e+02;1.4080301e-01;3.0250000e+02;2.2576505e-01;3.0250000e+02;2.7952245e-01;3.0250000e+02;2.8539684e-01;3.0250000e+02;3.2403269e-01;3.0250000e+02;3.0492538e-01;3.0250000e+02;2.3990241e-01;3.0250000e+02;1.8130206e-01;3.0250000e+02;1.3167514e-01;3.0250000e+02;8.6441092e-02;3.0250000e+02;4.4568781e-02;3.0250000e+02;1.9459054e-03;3.0250000e+02;-4.3460160e-02;3.0250000e+02;-8.8946573e-02;3.0250000e+02;-1.2958154e-01;3.0250000e+02;-5.0858431e-02;3.0250000e+02;-6.8039251e-03;3.0250000e+02;5.9733577e-02;3.0250000e+02;1.4080301e-01;3.0250000e+02;2.2576505e-01;3.0250000e+02;2.7952245e-01;3.0250000e+02;2.8539684e-01;3.0250000e+02;3.2403269e-01;3.0250000e+02;3.0492538e-01;3.0250000e+02;2.3990241e-01;3.0250000e+02;1.8130206e-01;3.0250000e+02;1.3167514e-01;3.0250000e+02;8.6441092e-02;3.0250000e+02;4.4568781e-02;3.0250000e+02;1.9459054e-03;3.0250000e+02;-4.3460160e-02;3.0250000e+02;-8.8946573e-02;3.0250000e+02;-1.2958154e-01;3.0250000e+02;-5.0858431e-02;3.0250000e+02;-6.8039251e-03;3.0250000e+02;5.9733577e-02;3.0250000e+02;1.4080301e-01;3.0250000e+02;2.2576505e-01;3.0250000e+02;2.7952245e-01;3.0250000e+02;2.8539684e-01;3.0250000e+02;3.2403269e-01;3.0250000e+02;3.0492538e-01;3.0250000e+02;2.3990241e-01;3.0250000e+02;1.8130206e-01;3.0250000e+02;1.3167514e-01;3.0250000e+02;8.6441092e-02;3.0250000e+02;4.4568781e-02;3.0250000e+02;1.9459054e-03;3.0250000e+02;-4.3460160e-02;3.0250000e+02;-8.8946573e-02;3.0250000e+02;-1.2958154e-01;3.0250000e+02;-5.0858431e-02;3.0250000e+02;-6.8039251e-03;3.0250000e+02;5.9733577e-02;3.0250000e+02;1.4080301e-01;3.0250000e+02;2.2576505e-01;3.0250000e+02;2.7952245e-01;3.0250000e+02;2.8539684e-01;3.0250000e+02;3.2403269e-01;3.0250000e+02;3.0492538e-01;3.0250000e+02;2.3990241e-01;3.0250000e+02;1.8130206e-01;3.0250000e+02;1.3167514e-01;3.0250000e+02;8.6441092e-02;3.0250000e+02;4.4568781e-02;3.0250000e+02;1.9459054e-03;3.0250000e+02;-4.3460160e-02;3.0250000e+02;-8.8946573e-02;3.0250000e+02;-1.2958154e-01;3.0250000e+02;-5.0858431e-02;3.0250000e+02;-6.8039251e-03;3.0250000e+02;5.9733577e-02;3.0250000e+02;1.4080301e-01;3.0250000e+02;2.2576505e-01;3.0250000e+02;2.7952245e-01;3.0250000e+02;2.8539684e-01;3.0250000e+02;3.2403269e-01;3.0250000e+02;3.0492538e-01;3.0250000e+02;2.3990241e-01;3.0250000e+02;1.8130206e-01;3.0250000e+02;1.3167514e-01;3.0250000e+02;8.6441092e-02;3.0250000e+02;4.4568781e-02;3.0250000e+02;1.9459054e-03;3.0250000e+02;-4.3460160e-02;3.0250000e+02;-8.8946573e-02;3.0250000e+02;-1.2958154e-01;3.0250000e+02;-5.0858431e-02;3.0250000e+02;-6.8039251e-03;3.0250000e+02;5.9733577e-02;3.0250000e+02;1.4080301e-01;3.0250000e+02;2.2576505e-01;3.0250000e+02;2.7952245e-01;3.0250000e+02;2.8539684e-01;3.0250000e+02;3.2403269e-01;3.0250000e+02;3.0492538e-01;3.0250000e+02;2.3990241e-01;3.0250000e+02;1.8130206e-01;3.0250000e+02;1.3167514e-01;3.0250000e+02;8.6441092e-02;3.0250000e+02;4.4568781e-02;3.0250000e+02;1.9459054e-03;3.0250000e+02;-4.3460160e-02;3.0250000e+02;-8.8946573e-02;3.0250000e+02;-1.2958154e-01;3.0250000e+02;-5.0858431e-02;3.0250000e+02;-6.8039251e-03;3.0250000e+02;5.9733577e-02;3.0250000e+02;1.4080301e-01;3.0250000e+02;2.2576505e-01;3.0250000e+02;2.7952245e-01;3.0250000e+02;2.8539684e-01;3.0250000e+02;3.2403269e-01;3.0250000e+02;3.0492538e-01;3.0250000e+02;2.3990241e-01;3.0250000e+02;1.8130206e-01;3.0250000e+02;1.3167514e-01;3.0250000e+02;8.6441092e-02;3.0250000e+02;4.4568781e-02;3.0250000e+02;1.9459054e-03;3.0250000e+02;-4.3460160e-02;3.0250000e+02;-8.8946573e-02;3.0250000e+02;-1.2958154e-01;3.0250000e+02;-5.0858431e-02;3.0250000e+02;-6.8039251e-03;3.0250000e+02;5.9733577e-02;3.0250000e+02;1.4080301e-01;3.0250000e+02;2.2576505e-01;3.0250000e+02;2.7952245e-01;3.0250000e+02;2.8539684e-01;3.0250000e+02;3.2403269e-01;3.0250000e+02;3.0492538e-01;3.0250000e+02;2.3990241e-01;3.0250000e+02;1.8130206e-01;3.0250000e+02;1.3167514e-01;3.0250000e+02;8.6441092e-02;3.0250000e+02;4.4568781e-02;3.0250000e+02;1.9459054e-03;3.0250000e+02;-4.3460160e-02;3.0250000e+02;-8.8946573e-02;3.0250000e+02;-1.2958154e-01;3.0250000e+02;-5.0858431e-02;3.0250000e+02;-6.8039251e-03;3.0250000e+02;5.9733577e-02;3.0250000e+02;1.4080301e-01;3.0250000e+02;2.2576505e-01;3.0250000e+02;2.7952245e-01;3.0250000e+02;2.8539684e-01;3.0250000e+02;3.2403269e-01;3.0250000e+02;3.0492538e-01;3.0250000e+02;2.3990241e-01;3.0250000e+02;1.8130206e-01;3.0250000e+02;1.3167514e-01;3.0250000e+02;8.6441092e-02;3.0250000e+02;4.4568781e-02;3.0250000e+02;1.9459054e-03;3.0250000e+02;-4.3460160e-02;3.0250000e+02;-8.8946573e-02;3.0250000e+02;-1.2958154e-01;3.0250000e+02;-5.0858431e-02;3.0250000e+02;-6.8039251e-03;3.0250000e+02;5.9733577e-02;3.0250000e+02;1.4080301e-01;3.0250000e+02;2.2576505e-01;3.0250000e+02;2.7952245e-01;3.0250000e+02;2.8539684e-01;3.0250000e+02;3.2403269e-01;3.0250000e+02;3.0492538e-01;3.0250000e+02;2.3990241e-01;3.0250000e+02;1.8130206e-01;3.0250000e+02;1.3167514e-01;3.0250000e+02;8.6441092e-02;3.0250000e+02;4.4568781e-02;3.0250000e+02;1.9459054e-03;3.0250000e+02;-4.3460160e-02;3.0250000e+02;-8.8946573e-02;3.0250000e+02;-1.2958154e-01;3.0250000e+02;-5.0858431e-02;3.0250000e+02;-6.8039251e-03;3.0250000e+02;5.9733577e-02;3.0250000e+02;1.4080301e-01;3.0250000e+02;2.2576505e-01;3.0250000e+02;2.7952245e-01;3.0250000e+02;2.8539684e-01;3.0250000e+02;3.2403269e-01;3.0250000e+02;3.0492538e-01;3.0250000e+02;2.3990241e-01;3.0250000e+02;1.8130206e-01;3.0250000e+02;1.3167514e-01;3.0250000e+02;8.6441092e-02;3.0250000e+02;4.4568781e-02;3.0250000e+02;1.9459054e-03;3.0250000e+02;-4.3460160e-02;3.0250000e+02;-8.8946573e-02;3.0250000e+02;-1.2958154e-01;3.0250000e+02;-5.0858431e-02;3.0250000e+02;-6.8039251e-03;3.0250000e+02;5.9733577e-02;3.0250000e+02;1.4080301e-01;3.0250000e+02;2.2576505e-01;3.0250000e+02;2.7952245e-01;3.0250000e+02;2.8539684e-01;3.0250000e+02;3.2403269e-01;3.0250000e+02;3.0492538e-01;3.0250000e+02;2.3990241e-01;3.0250000e+02;1.8130206e-01;3.0250000e+02;1.3167514e-01;3.0250000e+02;8.6441092e-02;3.0250000e+02;4.4568781e-02;3.0250000e+02;1.9459054e-03;3.0250000e+02;-4.3460160e-02;3.0250000e+02;-8.8946573e-02;3.0250000e+02;-1.2958154e-01;3.0250000e+02;-5.0858431e-02;3.0250000e+02;-6.8039251e-03;3.0250000e+02;5.9733577e-02;3.0250000e+02;1.4080301e-01;3.0250000e+02;2.2576505e-01;3.0250000e+02;2.7952245e-01;3.0250000e+02;2.8539684e-01;3.0250000e+02;3.2403269e-01;3.0250000e+02;3.0492538e-01;3.0250000e+02;2.3990241e-01;3.0250000e+02;1.8130206e-01;3.0250000e+02;1.3167514e-01;3.0250000e+02;8.6441092e-02;3.0250000e+02;4.4568781e-02;3.0250000e+02;1.9459054e-03;3.0250000e+02;-4.3460160e-02;3.0250000e+02;-8.8946573e-02;3.0250000e+02;-1.2958154e-01;3.0250000e+02;-5.0858431e-02;3.0250000e+02;-6.8039251e-03;3.0250000e+02;5.9733577e-02;3.0250000e+02;1.4080301e-01;3.0250000e+02;2.2576505e-01;3.0250000e+02;2.7952245e-01;3.0250000e+02;2.8539684e-01;3.0250000e+02;3.2403269e-01;3.0250000e+02;3.0492538e-01;3.0250000e+02;2.3990241e-01;3.0250000e+02;1.8130206e-01;3.0250000e+02;1.3167514e-01;3.0250000e+02;8.6441092e-02;3.0250000e+02;4.4568781e-02;3.0250000e+02;1.9459054e-03;3.0250000e+02;-4.3460160e-02;3.0250000e+02;-8.8946573e-02;3.0250000e+02;-1.2958154e-01;3.0250000e+02;-5.0858431e-02;3.0250000e+02;-6.8039251e-03;3.0250000e+02;5.9733577e-02;3.0250000e+02;1.4080301e-01;3.0250000e+02;2.2576505e-01;3.0250000e+02;2.7952245e-01;3.0250000e+02;2.8539684e-01;3.0250000e+02;3.2403269e-01;3.0250000e+02;3.0492538e-01;3.0250000e+02;2.3990241e-01;3.0250000e+02;1.8130206e-01;3.0250000e+02;1.3167514e-01;3.0250000e+02;8.6441092e-02;3.0250000e+02;4.4568781e-02;3.0250000e+02;1.9459054e-03;3.0250000e+02;-4.3460160e-02;3.0250000e+02;-8.8946573e-02;3.0250000e+02;-1.2958154e-01;3.0250000e+02;-5.0858431e-02;3.0250000e+02;-6.8039251e-03;3.0250000e+02;5.9733577e-02;3.0250000e+02;1.4080301e-01;3.0250000e+02;2.2576505e-01;3.0250000e+02;2.7952245e-01;3.0250000e+02;2.8539684e-01;3.0250000e+02;3.2403269e-01;3.0250000e+02;3.0492538e-01;3.0250000e+02;2.3990241e-01;3.0250000e+02;1.8130206e-01;3.0250000e+02;1.3167514e-01;3.0250000e+02;8.6441092e-02;3.0250000e+02;4.4568781e-02;3.0250000e+02;1.9459054e-03;3.0250000e+02;-4.3460160e-02;3.0250000e+02;-8.8946573e-02;3.0250000e+02;-1.2958154e-01;3.0250000e+02;-5.0858431e-02;3.0250000e+02;-6.8039251e-03;3.0250000e+02;5.9733577e-02;3.0250000e+02;1.4080301e-01;3.0250000e+02;2.2576505e-01;3.0250000e+02;2.7952245e-01;3.0250000e+02;2.8539684e-01;3.0250000e+02;3.2403269e-01;3.0250000e+02;3.0492538e-01;3.0250000e+02;2.3990241e-01;3.0250000e+02;1.8130206e-01;3.0250000e+02;1.3167514e-01;3.0250000e+02;8.6441092e-02;3.0250000e+02;4.4568781e-02;3.0250000e+02;1.9459054e-03;3.0250000e+02;-4.3460160e-02;3.0250000e+02;-8.8946573e-02;3.0250000e+02;-1.2958154e-01;3.0250000e+02;-5.0858431e-02;3.0250000e+02;-6.8039251e-03;3.0250000e+02;5.9733577e-02;3.0250000e+02;1.4080301e-01;3.0250000e+02;2.2576505e-01;3.0250000e+02;2.7952245e-01;3.0250000e+02;2.8539684e-01;3.0250000e+02;3.2403269e-01;3.0250000e+02;3.0492538e-01;3.0250000e+02;2.3990241e-01;3.0250000e+02;1.8130206e-01;3.0250000e+02;1.3167514e-01;3.0250000e+02;8.6441092e-02;3.0250000e+02;4.4568781e-02;3.0250000e+02;1.9459054e-03;3.0250000e+02;-4.3460160e-02;3.0250000e+02;-8.8946573e-02;3.0250000e+02;-1.2958154e-01;3.0250000e+02;-5.0858431e-02;3.0250000e+02;-6.8039251e-03;3.0250000e+02;5.9733577e-02;3.0250000e+02;1.4080301e-01;3.0250000e+02;2.2576505e-01;3.0250000e+02;2.7952245e-01;3.0250000e+02;2.8539684e-01;3.0250000e+02;3.2403269e-01;3.0250000e+02;3.0492538e-01;3.0250000e+02;2.3990241e-01;3.0250000e+02;1.8130206e-01;3.0250000e+02;1.3167514e-01;3.0250000e+02;8.6441092e-02;3.0250000e+02;4.4568781e-02;3.0250000e+02;1.9459054e-03;3.0250000e+02;-4.3460160e-02;3.0250000e+02;-8.8946573e-02;3.0250000e+02;-1.2958154e-01;3.0250000e+02;-5.0858431e-02;3.0250000e+02;-6.8039251e-03;3.0250000e+02;5.9733577e-02;3.0250000e+02;1.4080301e-01;3.0250000e+02;2.2576505e-01;3.0250000e+02;2.7952245e-01;3.0250000e+02;2.8539684e-01;3.0250000e+02;3.2403269e-01;3.0250000e+02;3.0492538e-01;3.0250000e+02;2.3990241e-01;3.0250000e+02;1.8130206e-01;3.0250000e+02;1.3167514e-01;3.0250000e+02;8.6441092e-02;3.0250000e+02;4.4568781e-02;3.0250000e+02;1.9459054e-03;3.0250000e+02;-4.3460160e-02;3.0250000e+02;-8.8946573e-02;3.0250000e+02;-1.2958154e-01;3.0250000e+02;-5.0858431e-02;3.0250000e+02;-6.8039251e-03;3.0250000e+02;5.9733577e-02;3.0250000e+02;1.4080301e-01;3.0250000e+02;2.2576505e-01;3.0250000e+02;2.7952245e-01;3.0250000e+02;2.8539684e-01;3.0250000e+02;3.2403269e-01;3.0250000e+02;3.0492538e-01;3.0250000e+02;2.3990241e-01;3.0250000e+02;1.8130206e-01;3.0250000e+02;1.3167514e-01;3.0250000e+02;8.6441092e-02;3.0250000e+02;4.4568781e-02;3.0250000e+02;1.9459054e-03;3.0250000e+02;-4.3460160e-02;3.0250000e+02;-8.8946573e-02;3.0250000e+02;-1.2958154e-01;3.0250000e+02;-5.0858431e-02;3.0250000e+02;-6.8039251e-03;3.0250000e+02;5.9733577e-02;3.0250000e+02;1.4080301e-01;3.0250000e+02;2.2576505e-01;3.0250000e+02;2.7952245e-01;3.0250000e+02;2.8539684e-01;3.0250000e+02;3.2403269e-01;3.0250000e+02;3.0492538e-01;3.0250000e+02;2.3990241e-01;3.0250000e+02;1.8130206e-01;3.0250000e+02;1.3167514e-01;3.0250000e+02;8.6441092e-02;3.0250000e+02;4.4568781e-02;3.0250000e+02;1.9459054e-03;3.0250000e+02;-4.3460160e-02;3.0250000e+02;-8.8946573e-02;3.0250000e+02;-1.2958154e-01;3.0250000e+02;-5.0858431e-02;3.0250000e+02;-6.8039251e-03;3.0250000e+02;5.9733577e-02;3.0250000e+02;1.4080301e-01;3.0250000e+02;2.2576505e-01;3.0250000e+02;2.7952245e-01;3.0250000e+02;2.8539684e-01;3.0250000e+02;3.2403269e-01;3.0250000e+02;3.0492538e-01;3.0250000e+02;2.3990241e-01;3.0250000e+02;1.8130206e-01;3.0250000e+02;1.3167514e-01;3.0250000e+02;8.6441092e-02;3.0250000e+02;4.4568781e-02;3.0250000e+02;1.9459054e-03;3.0250000e+02;-4.3460160e-02;3.0250000e+02;-8.8946573e-02;3.0250000e+02;-1.2958154e-01;3.0250000e+02;-5.0858431e-02;3.0250000e+02;-6.8039251e-03;3.0250000e+02;5.9733577e-02;3.0250000e+02;1.4080301e-01;3.0250000e+02;2.2576505e-01;3.0250000e+02;2.7952245e-01;3.0250000e+02;2.8539684e-01;3.0250000e+02;3.2403269e-01;3.0250000e+02;3.0492538e-01;3.0250000e+02;2.3990241e-01;3.0250000e+02;1.8130206e-01;3.0250000e+02;1.3167514e-01;3.0250000e+02;8.6441092e-02;3.0250000e+02;4.4568781e-02;3.0250000e+02;1.9459054e-03;3.0250000e+02;-4.3460160e-02;3.0250000e+02;-8.8946573e-02;3.0250000e+02;-1.2958154e-01;3.0250000e+02;-5.0858431e-02;3.0250000e+02;-6.8039251e-03;3.0250000e+02;5.9733577e-02;3.0250000e+02;1.4080301e-01;3.0250000e+02;2.2576505e-01;3.0250000e+02;2.7952245e-01;3.0250000e+02;2.8539684e-01;3.0250000e+02;3.2403269e-01;3.0250000e+02;3.0492538e-01;3.0250000e+02;2.3990241e-01;3.0250000e+02;1.8130206e-01;3.0250000e+02;1.3167514e-01;3.0250000e+02;8.6441092e-02;3.0250000e+02;4.4568781e-02;3.0250000e+02;1.9459054e-03;3.0250000e+02;-4.3460160e-02;3.0250000e+02;-8.8946573e-02;3.0250000e+02;-1.2958154e-01;3.0250000e+02;-5.0858431e-02;3.0250000e+02;-6.8039251e-03;3.0250000e+02;5.9733577e-02;3.0250000e+02;1.4080301e-01;3.0250000e+02;2.2576505e-01;3.0250000e+02;2.7952245e-01;3.0250000e+02;2.8539684e-01;3.0250000e+02;3.2403269e-01;3.0250000e+02;3.0492538e-01;3.0250000e+02;2.3990241e-01;3.0250000e+02;1.8130206e-01;3.0250000e+02;1.3167514e-01;3.0250000e+02;8.6441092e-02;3.0250000e+02;4.4568781e-02;3.0250000e+02;1.9459054e-03;3.0250000e+02;-4.3460160e-02;3.0250000e+02;-8.8946573e-02;3.0250000e+02;-1.2958154e-01;3.0250000e+02;-5.0858431e-02;3.0250000e+02;-6.8039251e-03;3.0250000e+02;5.9733577e-02;3.0250000e+02;1.4080301e-01;3.0250000e+02;2.2576505e-01;3.0250000e+02;2.7952245e-01;3.0250000e+02;2.8539684e-01;3.0250000e+02;3.2403269e-01;3.0250000e+02;3.0492538e-01;3.0250000e+02;2.3990241e-01;3.0250000e+02;1.8130206e-01;3.0250000e+02;1.3167514e-01;3.0250000e+02;8.6441092e-02;3.0250000e+02;4.4568781e-02;3.0250000e+02;1.9459054e-03;3.0250000e+02;-4.3460160e-02;3.0250000e+02;-8.8946573e-02;3.0250000e+02;-1.2958154e-01;3.0250000e+02;-5.0858431e-02;3.0250000e+02;-6.8039251e-03;3.0250000e+02;5.9733577e-02;3.0250000e+02;1.4080301e-01;3.0250000e+02;2.2576505e-01;3.0250000e+02;2.7952245e-01;3.0250000e+02;2.8539684e-01;3.0250000e+02;3.2403269e-01;3.0250000e+02;3.0492538e-01;3.0250000e+02;2.3990241e-01;3.0250000e+02;1.8130206e-01;3.0250000e+02;1.3167514e-01;3.0250000e+02;8.6441092e-02;3.0250000e+02;4.4568781e-02;3.0250000e+02;1.9459054e-03;3.0250000e+02;-4.3460160e-02;3.0250000e+02;-8.8946573e-02;3.0250000e+02;-1.2958154e-01;3.0250000e+02;-5.0858431e-02;3.0250000e+02;-6.8039251e-03;3.0250000e+02;5.9733577e-02;3.0250000e+02;1.4080301e-01;3.0250000e+02;2.2576505e-01;3.0250000e+02;2.7952245e-01;3.0250000e+02;2.8539684e-01;3.0250000e+02;3.2403269e-01;3.0250000e+02;3.0492538e-01;3.0250000e+02;2.3990241e-01;3.0250000e+02;1.8130206e-01;3.0250000e+02;1.3167514e-01;3.0250000e+02;8.6441092e-02;3.0250000e+02;4.4568781e-02;3.0250000e+02;1.9459054e-03;3.0250000e+02;-4.3460160e-02;3.0250000e+02;-8.8946573e-02;3.0250000e+02;-1.2958154e-01;3.0250000e+02;-5.0858431e-02;3.0250000e+02;-6.8039251e-03;3.0250000e+02;5.9733577e-02;3.0250000e+02;1.4080301e-01;3.0250000e+02;2.2576505e-01;3.0250000e+02;2.7952245e-01;3.0250000e+02;2.8539684e-01;3.0250000e+02;3.2403269e-01;3.0250000e+02;3.0492538e-01;3.0250000e+02;2.3990241e-01;3.0250000e+02;1.8130206e-01;3.0250000e+02;1.3167514e-01;3.0250000e+02;8.6441092e-02;3.0250000e+02;4.4568781e-02;3.0250000e+02;1.9459054e-03;3.0250000e+02;-4.3460160e-02;3.0250000e+02;-8.8946573e-02;3.0250000e+02;-1.2958154e-01;3.0250000e+02;-5.0858431e-02;3.0250000e+02;-6.8039251e-03;3.0250000e+02;5.9733577e-02;3.0250000e+02;1.4080301e-01;3.0250000e+02;2.2576505e-01;3.0250000e+02;2.7952245e-01;3.0250000e+02;2.8539684e-01;3.0250000e+02;3.2403269e-01;3.0250000e+02;3.0492538e-01;3.0250000e+02;2.3990241e-01;3.0250000e+02;1.8130206e-01;3.0250000e+02;1.3167514e-01;3.0250000e+02;8.6441092e-02;3.0250000e+02;4.4568781e-02;3.0250000e+02;1.9459054e-03;3.0250000e+02;-4.3460160e-02;3.0250000e+02;-8.8946573e-02;3.0250000e+02;-1.2958154e-01;3.0250000e+02;-5.0858431e-02;3.0250000e+02;-6.8039251e-03;3.0250000e+02;5.9733577e-02;3.0250000e+02;1.4080301e-01;3.0250000e+02;2.2576505e-01;3.0250000e+02;2.7952245e-01;3.0250000e+02;2.8539684e-01;3.0250000e+02;3.2403269e-01;3.0250000e+02;3.0492538e-01;3.0250000e+02;2.3990241e-01;3.0250000e+02;1.8130206e-01;3.0250000e+02;1.3167514e-01;3.0250000e+02;8.6441092e-02;3.0250000e+02;4.4568781e-02;3.0250000e+02;1.9459054e-03;3.0250000e+02;-4.3460160e-02;3.0250000e+02;-8.8946573e-02;3.0250000e+02;-1.2958154e-01;3.0250000e+02;-5.0858431e-02;3.0250000e+02;-6.8039251e-03;3.0250000e+02;5.9733577e-02;3.0250000e+02;1.4080301e-01;3.0250000e+02;2.2576505e-01;3.0250000e+02;2.7952245e-01;3.0250000e+02;2.8539684e-01;3.0250000e+02;3.2403269e-01;3.0250000e+02;3.0492538e-01;3.0250000e+02;2.3990241e-01;3.0250000e+02;1.8130206e-01;3.0250000e+02;1.3167514e-01;3.0250000e+02;8.6441092e-02;3.0250000e+02;4.4568781e-02;3.0250000e+02;1.9459054e-03;3.0250000e+02;-4.3460160e-02;3.0250000e+02;-8.8946573e-02;3.0250000e+02;-1.2958154e-01;3.0250000e+02;-5.0858431e-02;3.0250000e+02;-6.8039251e-03;3.0250000e+02;5.9733577e-02;3.0250000e+02;1.4080301e-01;3.0250000e+02;2.2576505e-01;3.0250000e+02;2.7952245e-01;3.0250000e+02;2.8539684e-01;3.0250000e+02;3.2403269e-01;3.0250000e+02;3.0492538e-01;3.0250000e+02;2.3990241e-01;3.0250000e+02;1.8130206e-01;3.0250000e+02;1.3167514e-01;3.0250000e+02;8.6441092e-02;3.0250000e+02;4.4568781e-02;3.0250000e+02;1.9459054e-03;3.0250000e+02;-4.3460160e-02;3.0250000e+02;-8.8946573e-02;3.0250000e+02;-1.2958154e-01;3.0250000e+02;-5.0858431e-02;3.0250000e+02;-6.8039251e-03;3.0250000e+02;5.9733577e-02;3.0250000e+02;1.4080301e-01;3.0250000e+02;2.2576505e-01;3.0250000e+02;2.7952245e-01;3.0250000e+02;2.8539684e-01;3.0250000e+02;3.2403269e-01;3.0250000e+02;3.0492538e-01;3.0250000e+02;2.3990241e-01;3.0250000e+02;1.8130206e-01;3.0250000e+02;1.3167514e-01;3.0250000e+02;8.6441092e-02;3.0250000e+02;4.4568781e-02;3.0250000e+02;1.9459054e-03;3.0250000e+02;-4.3460160e-02;3.0250000e+02;-8.8946573e-02;3.0250000e+02;-1.2958154e-01;3.0250000e+02;-5.0858431e-02;3.0250000e+02;-6.8039251e-03;3.0250000e+02;5.9733577e-02;3.0250000e+02;1.4080301e-01;3.0250000e+02;2.2576505e-01;3.0250000e+02;2.7952245e-01;3.0250000e+02;2.8539684e-01;3.0250000e+02;3.2403269e-01;3.0250000e+02;3.0492538e-01;3.0250000e+02;2.3990241e-01;3.0250000e+02;1.8130206e-01;3.0250000e+02;1.3167514e-01;3.0250000e+02;8.6441092e-02;3.0250000e+02;4.4568781e-02;3.0250000e+02;1.9459054e-03;3.0250000e+02;-4.3460160e-02;3.0250000e+02;-8.8946573e-02;3.0250000e+02;-1.2958154e-01;3.0250000e+02;-5.0858431e-02;3.0250000e+02;-6.8039251e-03;3.0250000e+02;5.9733577e-02;3.0250000e+02;1.4080301e-01;3.0250000e+02;2.2576505e-01;3.0250000e+02;2.7952245e-01;3.0250000e+02;2.8539684e-01;3.0250000e+02;3.2403269e-01;3.0250000e+02;3.0492538e-01;3.0250000e+02;2.3990241e-01;3.0250000e+02;1.8130206e-01;3.0250000e+02;1.3167514e-01;3.0250000e+02;8.6441092e-02;3.0250000e+02;4.4568781e-02;3.0250000e+02;1.9459054e-03;3.0250000e+02;-4.3460160e-02;3.0250000e+02;-8.8946573e-02;3.0250000e+02;-1.2958154e-01;3.0250000e+02;-5.0858431e-02;3.0250000e+02;-6.8039251e-03;3.0250000e+02;5.9733577e-02;3.0250000e+02;1.4080301e-01;3.0250000e+02;2.2576505e-01;3.0250000e+02;2.7952245e-01;3.0250000e+02;2.8539684e-01;3.0250000e+02;3.2403269e-01;3.0250000e+02;3.0492538e-01;3.0250000e+02;2.3990241e-01;3.0250000e+02;1.8130206e-01;3.0250000e+02;1.3167514e-01;3.0250000e+02;8.6441092e-02;3.0250000e+02;4.4568781e-02;3.0250000e+02;1.9459054e-03;3.0250000e+02;-4.3460160e-02;3.0250000e+02;-8.8946573e-02;3.0250000e+02;-1.2958154e-01;3.0250000e+02;-5.0858431e-02;3.0250000e+02;-6.8039251e-03;3.0250000e+02;5.9733577e-02;3.0250000e+02;1.4080301e-01;3.0250000e+02;2.2576505e-01;3.0250000e+02;2.7952245e-01;3.0250000e+02;2.8539684e-01;3.0250000e+02;3.2403269e-01;3.0250000e+02;3.0492538e-01;3.0250000e+02;2.3990241e-01;3.0250000e+02;1.8130206e-01;3.0250000e+02;1.3167514e-01;3.0250000e+02;8.6441092e-02;3.0250000e+02;4.4568781e-02;3.0250000e+02;1.9459054e-03;3.0250000e+02;-4.3460160e-02;3.0250000e+02;-8.8946573e-02;3.0250000e+02;-1.2958154e-01;3.0250000e+02;-5.0858431e-02;3.0250000e+02;-6.8039251e-03;3.0250000e+02;5.9733577e-02;3.0250000e+02;1.4080301e-01;3.0250000e+02;2.2576505e-01;3.0250000e+02;2.7952245e-01;3.0250000e+02;2.8539684e-01;3.0250000e+02;3.2403269e-01;3.0250000e+02;3.0492538e-01;3.0250000e+02;2.3990241e-01;3.0250000e+02;1.8130206e-01;3.0250000e+02;1.3167514e-01;3.0250000e+02;8.6441092e-02;3.0250000e+02;4.4568781e-02;3.0250000e+02;1.9459054e-03;3.0250000e+02;-4.3460160e-02;3.0250000e+02;-8.8946573e-02;3.0250000e+02;-1.2958154e-01;3.0250000e+02;-5.0858431e-02;3.0250000e+02;-6.8039251e-03;3.0250000e+02;5.9733577e-02;3.0250000e+02;1.4080301e-01;3.0250000e+02;2.2576505e-01;3.0250000e+02;2.7952245e-01;3.0250000e+02;2.8539684e-01;3.0250000e+02;3.2403269e-01;3.0250000e+02;3.0492538e-01;3.0250000e+02;2.3990241e-01;3.0250000e+02;1.8130206e-01;3.0250000e+02;1.3167514e-01;3.0250000e+02;8.6441092e-02;3.0250000e+02;4.4568781e-02;3.0250000e+02;1.9459054e-03;3.0250000e+02;-4.3460160e-02;3.0250000e+02;-8.8946573e-02;3.0250000e+02;-1.2958154e-01;3.0250000e+02;-5.0858431e-02;3.0250000e+02;-6.8039251e-03;3.0250000e+02;5.9733577e-02;3.0250000e+02;1.4080301e-01;3.0250000e+02;2.2576505e-01;3.0250000e+02;2.7952245e-01;3.0250000e+02;2.8539684e-01;3.0250000e+02;3.2403269e-01;3.0250000e+02;3.0492538e-01;3.0250000e+02;2.3990241e-01;3.0250000e+02;1.8130206e-01;3.0250000e+02;1.3167514e-01;3.0250000e+02;8.6441092e-02;3.0250000e+02;4.4568781e-02;3.0250000e+02;1.9459054e-03;3.0250000e+02;-4.3460160e-02;3.0250000e+02;-8.8946573e-02;3.0250000e+02;-1.2958154e-01;3.0250000e+02;-5.0858431e-02;3.0250000e+02;-6.8039251e-03;3.0250000e+02;5.9733577e-02;3.0250000e+02;1.4080301e-01;3.0250000e+02;2.2576505e-01;3.0250000e+02;2.7952245e-01;3.0250000e+02;2.8539684e-01;3.0250000e+02;3.2403269e-01;3.0250000e+02;3.0492538e-01;3.0250000e+02;2.3990241e-01;3.0250000e+02;1.8130206e-01;3.0250000e+02;1.3167514e-01;3.0250000e+02;8.6441092e-02;3.0250000e+02;4.4568781e-02;3.0250000e+02;1.9459054e-03;3.0250000e+02;-4.3460160e-02;3.0250000e+02;-8.8946573e-02;3.0250000e+02;-1.2958154e-01;3.0250000e+02;-5.0858431e-02;3.0250000e+02;-6.8039251e-03;3.0250000e+02;5.9733577e-02;3.0250000e+02;1.4080301e-01;3.0250000e+02;2.2576505e-01;3.0250000e+02;2.7952245e-01;3.0250000e+02;2.8539684e-01;3.0250000e+02;3.2403269e-01;3.0250000e+02;3.0492538e-01;3.0250000e+02;2.3990241e-01;3.0250000e+02;1.8130206e-01;3.0250000e+02;1.3167514e-01;3.0250000e+02;8.6441092e-02;3.0250000e+02;4.4568781e-02;3.0250000e+02;1.9459054e-03;3.0250000e+02;-4.3460160e-02;3.0250000e+02;-8.8946573e-02;3.0250000e+02;-1.2958154e-01;3.0250000e+02;-5.0858431e-02;3.0250000e+02;-6.8039251e-03;3.0250000e+02;5.9733577e-02;3.0250000e+02;1.4080301e-01;3.0250000e+02;2.2576505e-01;3.0250000e+02;2.7952245e-01;3.0250000e+02;2.8539684e-01;3.0250000e+02;3.2403269e-01;3.0250000e+02;3.0492538e-01;3.0250000e+02;2.3990241e-01;3.0250000e+02;1.8130206e-01;3.0250000e+02;1.3167514e-01;3.0250000e+02;8.6441092e-02;3.0250000e+02;4.4568781e-02;3.0250000e+02;1.9459054e-03;3.0250000e+02;-4.3460160e-02;3.0250000e+02;-8.8946573e-02;3.0250000e+02;-1.2958154e-01;3.0250000e+02;-5.0858431e-02;3.0250000e+02;-6.8039251e-03;3.0250000e+02;5.9733577e-02;3.0250000e+02;1.4080301e-01;3.0250000e+02;2.2576505e-01;3.0250000e+02;2.7952245e-01;3.0250000e+02;2.8539684e-01;3.0250000e+02;3.2403269e-01;3.0250000e+02;3.0492538e-01;3.0250000e+02;2.3990241e-01;3.0250000e+02;1.8130206e-01;3.0250000e+02;1.3167514e-01;3.0250000e+02;8.6441092e-02;3.0250000e+02;4.4568781e-02;3.0250000e+02;1.9459054e-03;3.0250000e+02;-4.3460160e-02;3.0250000e+02;-8.8946573e-02;3.0250000e+02;-1.2958154e-01;3.0250000e+02;-5.0858431e-02;3.0250000e+02;-6.8039251e-03;3.0250000e+02;5.9733577e-02;3.0250000e+02;1.4080301e-01;3.0250000e+02;2.2576505e-01;3.0250000e+02;2.7952245e-01;3.0250000e+02;2.8539684e-01;3.0250000e+02;3.2403269e-01;3.0250000e+02;3.0492538e-01;3.0250000e+02;2.3990241e-01;3.0250000e+02;1.8130206e-01;3.0250000e+02;1.3167514e-01;3.0250000e+02;8.6441092e-02;3.0250000e+02;4.4568781e-02;3.0250000e+02;1.9459054e-03;3.0250000e+02;-4.3460160e-02;3.0250000e+02;-8.8946573e-02;3.0250000e+02;-1.2958154e-01;3.0250000e+02;-5.0858431e-02;3.0250000e+02;-6.8039251e-03;3.0250000e+02;5.9733577e-02;3.0250000e+02;1.4080301e-01;3.0250000e+02;2.2576505e-01;3.0250000e+02;2.7952245e-01;3.0250000e+02;2.8539684e-01;3.0250000e+02;3.2403269e-01;3.0250000e+02;3.0492538e-01;3.0250000e+02;2.3990241e-01;3.0250000e+02;1.8130206e-01;3.0250000e+02;1.3167514e-01;3.0250000e+02;8.6441092e-02;3.0250000e+02;4.4568781e-02;3.0250000e+02;1.9459054e-03;3.0250000e+02;-4.3460160e-02;3.0250000e+02;-8.8946573e-02;3.0250000e+02;-1.2958154e-01;3.0250000e+02;-5.0858431e-02;3.0250000e+02;-6.8039251e-03;3.0250000e+02;5.9733577e-02;3.0250000e+02;1.4080301e-01;3.0250000e+02;2.2576505e-01;3.0250000e+02;2.7952245e-01;3.0250000e+02;2.8539684e-01;3.0250000e+02;3.2403269e-01;3.0250000e+02;3.0492538e-01;3.0250000e+02;2.3990241e-01;3.0250000e+02;1.8130206e-01;3.0250000e+02;1.3167514e-01;3.0250000e+02;8.6441092e-02;3.0250000e+02;4.4568781e-02;3.0250000e+02;1.9459054e-03;3.0250000e+02;-4.3460160e-02;3.0250000e+02;-8.8946573e-02;3.0250000e+02;-1.2958154e-01;3.0250000e+02;-5.0858431e-02;3.0250000e+02;-6.8039251e-03;3.0250000e+02;5.9733577e-02;3.0250000e+02;1.4080301e-01;3.0250000e+02;2.2576505e-01;3.0250000e+02;2.7952245e-01;3.0250000e+02;2.8539684e-01;3.0250000e+02;3.2403269e-01;3.0250000e+02;3.0492538e-01;3.0250000e+02;2.3990241e-01;3.0250000e+02;1.8130206e-01;3.0250000e+02;1.3167514e-01;3.0250000e+02;8.6441092e-02;3.0250000e+02;4.4568781e-02;3.0250000e+02;1.9459054e-03;3.0250000e+02;-4.3460160e-02;3.0250000e+02;-8.8946573e-02;3.0250000e+02;-1.2958154e-01;3.0250000e+02;-5.0858431e-02;3.0250000e+02;-6.8039251e-03;3.0250000e+02;5.9733577e-02;3.0250000e+02;1.4080301e-01;3.0250000e+02;2.2576505e-01;3.0250000e+02;2.7952245e-01;3.0250000e+02;2.8539684e-01;3.0250000e+02;3.2403269e-01;3.0250000e+02;3.0492538e-01;3.0250000e+02;2.3990241e-01;3.0250000e+02;1.8130206e-01;3.0250000e+02;1.3167514e-01;3.0250000e+02;8.6441092e-02;3.0250000e+02;4.4568781e-02;3.0250000e+02;1.9459054e-03;3.0250000e+02;-4.3460160e-02;3.0250000e+02;-8.8946573e-02;3.0250000e+02;-1.2958154e-01;3.0250000e+02;-5.0858431e-02;3.0250000e+02;-6.8039251e-03;3.0250000e+02;5.9733577e-02;3.0250000e+02;1.4080301e-01;3.0250000e+02;2.2576505e-01;3.0250000e+02;2.7952245e-01;3.0250000e+02;2.8539684e-01;3.0250000e+02;3.2403269e-01;3.0250000e+02;3.0492538e-01;3.0250000e+02;2.3990241e-01;3.0250000e+02;1.8130206e-01;3.0250000e+02;1.3167514e-01;3.0250000e+02;8.6441092e-02;3.0250000e+02;4.4568781e-02;3.0250000e+02;1.9459054e-03;3.0250000e+02;-4.3460160e-02;3.0250000e+02;-8.8946573e-02;3.0250000e+02;-1.2958154e-01;3.0250000e+02;-5.0858431e-02;3.0250000e+02;-6.8039251e-03;3.0250000e+02;5.9733577e-02;3.0250000e+02;1.4080301e-01;3.0250000e+02;2.2576505e-01;3.0250000e+02;2.7952245e-01;3.0250000e+02;2.8539684e-01;3.0250000e+02;3.2403269e-01;3.0250000e+02;3.0492538e-01;3.0250000e+02;2.3990241e-01;3.0250000e+02;1.8130206e-01;3.0250000e+02;1.3167514e-01;3.0250000e+02;8.6441092e-02;3.0250000e+02;4.4568781e-02;3.0250000e+02;1.9459054e-03;3.0250000e+02;-4.3460160e-02;3.0250000e+02;-8.8946573e-02;3.0250000e+02;-1.2958154e-01;3.0250000e+02;-5.0858431e-02;3.0250000e+02;-6.8039251e-03;3.0250000e+02;5.9733577e-02;3.0250000e+02;1.4080301e-01;3.0250000e+02;2.2576505e-01;3.0250000e+02;2.7952245e-01;3.0250000e+02;2.8539684e-01;3.0250000e+02;3.2403269e-01;3.0250000e+02;3.0492538e-01;3.0250000e+02;2.3990241e-01;3.0250000e+02;1.8130206e-01;3.0250000e+02;1.3167514e-01;3.0250000e+02;8.6441092e-02;3.0250000e+02;4.4568781e-02;3.0250000e+02;1.9459054e-03;3.0250000e+02;-4.3460160e-02;3.0250000e+02;-8.8946573e-02;3.0250000e+02;-1.2958154e-01;3.0250000e+02;-5.0858431e-02;3.0250000e+02;-6.8039251e-03;3.0250000e+02;5.9733577e-02;3.0250000e+02;1.4080301e-01;3.0250000e+02;2.2576505e-01;3.0250000e+02;2.7952245e-01;3.0250000e+02;2.8539684e-01;3.0250000e+02;3.2403269e-01;3.0250000e+02;3.0492538e-01;3.0250000e+02;2.3990241e-01;3.0250000e+02;1.8130206e-01;3.0250000e+02;1.3167514e-01;3.0250000e+02;8.6441092e-02;3.0250000e+02;4.4568781e-02;3.0250000e+02;1.9459054e-03;3.0250000e+02;-4.3460160e-02;3.0250000e+02;-8.8946573e-02;3.0250000e+02;-1.2958154e-01;3.0250000e+02;-5.0858431e-02;3.0250000e+02;-6.8039251e-03;3.0250000e+02;5.9733577e-02;3.0250000e+02;1.4080301e-01;3.0250000e+02;2.2576505e-01;3.0250000e+02;2.7952245e-01;3.0250000e+02;2.8539684e-01;3.0250000e+02;3.2403269e-01;3.0250000e+02;3.0492538e-01;3.0250000e+02;2.3990241e-01;3.0250000e+02;1.8130206e-01;3.0250000e+02;1.3167514e-01;3.0250000e+02;8.6441092e-02;3.0250000e+02;4.4568781e-02;3.0250000e+02;1.9459054e-03;3.0250000e+02;-4.3460160e-02;3.0250000e+02;-8.8946573e-02;3.0250000e+02;-1.2958154e-01;3.0250000e+02;-5.0858431e-02;3.0250000e+02;-6.8039251e-03;3.0250000e+02;5.9733577e-02;3.0250000e+02;1.4080301e-01;3.0250000e+02;2.2576505e-01;3.0250000e+02;2.7952245e-01;3.0250000e+02;2.8539684e-01;3.0250000e+02;3.2403269e-01;3.0250000e+02;3.0492538e-01;3.0250000e+02;2.3990241e-01;3.0250000e+02;1.8130206e-01;3.0250000e+02;1.3167514e-01;3.0250000e+02;8.6441092e-02;3.0250000e+02;4.4568781e-02;3.0250000e+02;1.9459054e-03;3.0250000e+02;-4.3460160e-02;3.0250000e+02;-8.8946573e-02;3.0250000e+02;-1.2958154e-01;3.0250000e+02;-5.0858431e-02;3.0250000e+02;-6.8039251e-03;3.0250000e+02;5.9733577e-02;3.0250000e+02;1.4080301e-01;3.0250000e+02;2.2576505e-01;3.0250000e+02;2.7952245e-01;3.0250000e+02;2.8539684e-01;3.0250000e+02;3.2403269e-01;3.0250000e+02;3.0492538e-01;3.0250000e+02;2.3990241e-01;3.0250000e+02;1.8130206e-01;3.0250000e+02;1.3167514e-01;3.0250000e+02;8.6441092e-02;3.0250000e+02;4.4568781e-02;3.0250000e+02;1.9459054e-03;3.0250000e+02;-4.3460160e-02;3.0250000e+02;-8.8946573e-02;3.0250000e+02;-1.2958154e-01;3.0250000e+02;-5.0858431e-02;3.0250000e+02;-6.8039251e-03;3.0250000e+02;5.9733577e-02;3.0250000e+02;1.4080301e-01;3.0250000e+02;2.2576505e-01;3.0250000e+02;2.7952245e-01;3.0250000e+02;2.8539684e-01;3.0250000e+02;3.2403269e-01;3.0250000e+02;3.0492538e-01;3.0250000e+02;2.3990241e-01;3.0250000e+02;1.8130206e-01;3.0250000e+02;1.3167514e-01;3.0250000e+02;8.6441092e-02;3.0250000e+02;4.4568781e-02;3.0250000e+02;1.9459054e-03;3.0250000e+02;-4.3460160e-02;3.0250000e+02;-8.8946573e-02;3.0250000e+02;-1.2958154e-01;3.0250000e+02;-5.0858431e-02;3.0250000e+02;-6.8039251e-03;3.0250000e+02;5.9733577e-02;3.0250000e+02;1.4080301e-01;3.0250000e+02;2.2576505e-01;3.0250000e+02;2.7952245e-01;3.0250000e+02;2.8539684e-01;3.0250000e+02;3.2403269e-01;3.0250000e+02;3.0492538e-01;3.0250000e+02;2.3990241e-01;3.0250000e+02;1.8130206e-01;3.0250000e+02;1.3167514e-01;3.0250000e+02;8.6441092e-02;3.0250000e+02;4.4568781e-02;3.0250000e+02;1.9459054e-03;3.0250000e+02;-4.3460160e-02;3.0250000e+02;-8.8946573e-02;3.0250000e+02;-1.2958154e-01;3.0250000e+02;-5.0858431e-02;3.0250000e+02;-6.8039251e-03;3.0250000e+02;5.9733577e-02;3.0250000e+02;1.4080301e-01;3.0250000e+02;2.2576505e-01;3.0250000e+02;2.7952245e-01;3.0250000e+02;2.8539684e-01;3.0250000e+02;3.2403269e-01;3.0250000e+02;3.0492538e-01;3.0250000e+02;2.3990241e-01;3.0250000e+02;1.8130206e-01;3.0250000e+02;1.3167514e-01;3.0250000e+02;8.6441092e-02;3.0250000e+02;4.4568781e-02;3.0250000e+02;1.9459054e-03;3.0250000e+02;-4.3460160e-02;3.0250000e+02;-8.8946573e-02;3.0250000e+02;-1.2958154e-01;3.0250000e+02;-5.0858431e-02;3.0250000e+02;-6.8039251e-03;3.0250000e+02;5.9733577e-02;3.0250000e+02;1.4080301e-01;3.0250000e+02;2.2576505e-01;3.0250000e+02;2.7952245e-01;3.0250000e+02;2.8539684e-01;3.0250000e+02;3.2403269e-01;3.0250000e+02;3.0492538e-01;3.0250000e+02;2.3990241e-01;3.0250000e+02;1.8130206e-01;3.0250000e+02;1.3167514e-01;3.0250000e+02;8.6441092e-02;3.0250000e+02;4.4568781e-02;3.0250000e+02;1.9459054e-03;3.0250000e+02;-4.3460160e-02;3.0250000e+02;-8.8946573e-02;3.0250000e+02;-1.2958154e-01;3.0250000e+02;-5.0858431e-02;3.0250000e+02;-6.8039251e-03;3.0250000e+02;5.9733577e-02;3.0250000e+02;1.4080301e-01;3.0250000e+02;2.2576505e-01;3.0250000e+02;2.7952245e-01;3.0250000e+02;2.8539684e-01;3.0250000e+02;3.2403269e-01;3.0250000e+02;3.0492538e-01;3.0250000e+02;2.3990241e-01;3.0250000e+02;1.8130206e-01;3.0250000e+02;1.3167514e-01;3.0250000e+02;8.6441092e-02;3.0250000e+02;4.4568781e-02;3.0250000e+02;1.9459054e-03;3.0250000e+02;-4.3460160e-02;3.0250000e+02;-8.8946573e-02;3.0250000e+02;-1.2958154e-01;3.0250000e+02;-5.0858431e-02;3.0250000e+02;-6.8039251e-03;3.0250000e+02;5.9733577e-02;3.0250000e+02;1.4080301e-01;3.0250000e+02;2.2576505e-01;3.0250000e+02;2.7952245e-01;3.0250000e+02;2.8539684e-01;3.0250000e+02;3.2403269e-01;3.0250000e+02;3.0492538e-01;3.0250000e+02;2.3990241e-01;3.0250000e+02;1.8130206e-01;3.0250000e+02;1.3167514e-01;3.0250000e+02;8.6441092e-02;3.0250000e+02;4.4568781e-02;3.0250000e+02;1.9459054e-03;3.0250000e+02;-4.3460160e-02;3.0250000e+02;-8.8946573e-02;3.0250000e+02;-1.2958154e-01;3.0250000e+02;-5.0858431e-02;3.0250000e+02;-6.8039251e-03;3.0250000e+02;5.9733577e-02;3.0250000e+02;1.4080301e-01;3.0250000e+02;2.2576505e-01;3.0250000e+02;2.7952245e-01;3.0250000e+02;2.8539684e-01;3.0250000e+02;3.2403269e-01;3.0250000e+02;3.0492538e-01;3.0250000e+02;2.3990241e-01;3.0250000e+02;1.8130206e-01;3.0250000e+02;1.3167514e-01;3.0250000e+02;8.6441092e-02;3.0250000e+02;4.4568781e-02;3.0250000e+02;1.9459054e-03;3.0250000e+02;-4.3460160e-02;3.0250000e+02;-8.8946573e-02;3.0250000e+02;-1.2958154e-01;3.0250000e+02;-5.0858431e-02;3.0250000e+02;-6.8039251e-03;3.0250000e+02;5.9733577e-02;3.0250000e+02;1.4080301e-01;3.0250000e+02;2.2576505e-01;3.0250000e+02;2.7952245e-01;3.0250000e+02;2.8539684e-01;3.0250000e+02;3.2403269e-01;3.0250000e+02;3.0492538e-01;3.0250000e+02;2.3990241e-01;3.0250000e+02;1.8130206e-01;3.0250000e+02;1.3167514e-01;3.0250000e+02;8.6441092e-02;3.0250000e+02;4.4568781e-02;3.0250000e+02;1.9459054e-03;3.0250000e+02;-4.3460160e-02;3.0250000e+02;-8.8946573e-02;3.0250000e+02;-1.2958154e-01;3.0250000e+02;-5.0858431e-02;3.0250000e+02;-6.8039251e-03;3.0250000e+02;5.9733577e-02;3.0250000e+02;1.4080301e-01;3.0250000e+02;2.2576505e-01;3.0250000e+02;2.7952245e-01;3.0250000e+02;2.8539684e-01;3.0250000e+02;3.2403269e-01;3.0250000e+02;3.0492538e-01;3.0250000e+02;2.3990241e-01;3.0250000e+02;1.8130206e-01;3.0250000e+02;1.3167514e-01;3.0250000e+02;8.6441092e-02;3.0250000e+02;4.4568781e-02;3.0250000e+02;1.9459054e-03;3.0250000e+02;-4.3460160e-02;3.0250000e+02;-8.8946573e-02;3.0250000e+02;-1.2958154e-01;3.0250000e+02;-5.0858431e-02;3.0250000e+02;-6.8039251e-03;3.0250000e+02;5.9733577e-02;3.0250000e+02;1.4080301e-01;3.0250000e+02;2.2576505e-01;3.0250000e+02;2.7952245e-01;3.0250000e+02;2.8539684e-01;3.0250000e+02;3.2403269e-01;3.0250000e+02;3.0492538e-01;3.0250000e+02;2.3990241e-01;3.0250000e+02;1.8130206e-01;3.0250000e+02;1.3167514e-01;3.0250000e+02;8.6441092e-02;3.0250000e+02;4.4568781e-02;3.0250000e+02;1.9459054e-03;3.0250000e+02;-4.3460160e-02;3.0250000e+02;-8.8946573e-02;3.0250000e+02;-1.2958154e-01;3.0250000e+02;-5.0858431e-02;3.0250000e+02;-6.8039251e-03;3.0250000e+02;5.9733577e-02;3.0250000e+02;1.4080301e-01;3.0250000e+02;2.2576505e-01;3.0250000e+02;2.7952245e-01;3.0250000e+02;2.8539684e-01;3.0250000e+02;3.2403269e-01;3.0250000e+02;3.0492538e-01;3.0250000e+02;2.3990241e-01;3.0250000e+02;1.8130206e-01;3.0250000e+02;1.3167514e-01;3.0250000e+02;8.6441092e-02;3.0250000e+02;4.4568781e-02;3.0250000e+02;1.9459054e-03;3.0250000e+02;-4.3460160e-02;3.0250000e+02;-8.8946573e-02;3.0250000e+02;-1.2958154e-01;3.0250000e+02;-5.0858431e-02;3.0250000e+02;-6.8039251e-03;3.0250000e+02;5.9733577e-02;3.0250000e+02;1.4080301e-01;3.0250000e+02;2.2576505e-01;3.0250000e+02;2.7952245e-01;3.0250000e+02;2.8539684e-01;3.0250000e+02;3.2403269e-01;3.0250000e+02;3.0492538e-01;3.0250000e+02;2.3990241e-01;3.0250000e+02;1.8130206e-01;3.0250000e+02;1.3167514e-01;3.0250000e+02;8.6441092e-02;3.0250000e+02;4.4568781e-02;3.0250000e+02;1.9459054e-03;3.0250000e+02;-4.3460160e-02;3.0250000e+02;-8.8946573e-02;3.0250000e+02;-1.2958154e-01;3.0250000e+02;-5.0858431e-02;3.0250000e+02;-6.8039251e-03;3.0250000e+02;5.9733577e-02;3.0250000e+02;1.4080301e-01;3.0250000e+02;2.2576505e-01;3.0250000e+02;2.7952245e-01;3.0250000e+02;2.8539684e-01;3.0250000e+02;3.2403269e-01;3.0250000e+02;3.0492538e-01;3.0250000e+02;2.3990241e-01;3.0250000e+02;1.8130206e-01;3.0250000e+02;1.3167514e-01;3.0250000e+02;8.6441092e-02;3.0250000e+02;4.4568781e-02;3.0250000e+02;1.9459054e-03;3.0250000e+02;-4.3460160e-02;3.0250000e+02;-8.8946573e-02;3.0250000e+02;-1.2958154e-01;3.0250000e+02;-5.0858431e-02;3.0250000e+02;-6.8039251e-03;3.0250000e+02;5.9733577e-02;3.0250000e+02;1.4080301e-01;3.0250000e+02;2.2576505e-01;3.0250000e+02;2.7952245e-01;3.0250000e+02;2.8539684e-01;3.0250000e+02;3.2403269e-01;3.0250000e+02;3.0492538e-01;3.0250000e+02;2.3990241e-01;3.0250000e+02;1.8130206e-01;3.0250000e+02;1.3167514e-01;3.0250000e+02;8.6441092e-02;3.0250000e+02;4.4568781e-02;3.0250000e+02;1.9459054e-03;3.0250000e+02;-4.3460160e-02;3.0250000e+02;-8.8946573e-02;3.0250000e+02;-1.2958154e-01;3.0250000e+02;-5.0858431e-02;3.0250000e+02;-6.8039251e-03;3.0250000e+02;5.9733577e-02;3.0250000e+02;1.4080301e-01;3.0250000e+02;2.2576505e-01;3.0250000e+02;2.7952245e-01;3.0250000e+02;2.8539684e-01;3.0250000e+02;3.2403269e-01;3.0250000e+02;3.0492538e-01;3.0250000e+02;2.3990241e-01;3.0250000e+02;1.8130206e-01;3.0250000e+02;1.3167514e-01;3.0250000e+02;8.6441092e-02;3.0250000e+02;4.4568781e-02;3.0250000e+02;1.9459054e-03;3.0250000e+02;-4.3460160e-02;3.0250000e+02;-8.8946573e-02;3.0250000e+02;-1.2958154e-01;3.0250000e+02;-5.0858431e-02;3.0250000e+02;-6.8039251e-03;3.0250000e+02;5.9733577e-02;3.0250000e+02;1.4080301e-01;3.0250000e+02;2.2576505e-01;3.0250000e+02;2.7952245e-01;3.0250000e+02;2.8539684e-01;3.0250000e+02;3.2403269e-01;3.0250000e+02;3.0492538e-01;3.0250000e+02;2.3990241e-01;3.0250000e+02;1.8130206e-01;3.0250000e+02;1.3167514e-01;3.0250000e+02;8.6441092e-02;3.0250000e+02;4.4568781e-02;3.0250000e+02;1.9459054e-03;3.0250000e+02;-4.3460160e-02;3.0250000e+02;-8.8946573e-02;3.0250000e+02;-1.2958154e-01;3.0250000e+02;-5.0858431e-02;3.0250000e+02;-6.8039251e-03;3.0250000e+02;5.9733577e-02;3.0250000e+02;1.4080301e-01;3.0250000e+02;2.2576505e-01;3.0250000e+02;2.7952245e-01;3.0250000e+02;2.8539684e-01;3.0250000e+02;3.2403269e-01;3.0250000e+02;3.0492538e-01;3.0250000e+02;2.3990241e-01;3.0250000e+02;1.8130206e-01;3.0250000e+02;1.3167514e-01;3.0250000e+02;8.6441092e-02;3.0250000e+02;4.4568781e-02;3.0250000e+02;1.9459054e-03;3.0250000e+02;-4.3460160e-02;3.0250000e+02;-8.8946573e-02;3.0250000e+02;-1.2958154e-01;3.0250000e+02;-5.0858431e-02;3.0250000e+02;-6.8039251e-03;3.0250000e+02;5.9733577e-02;3.0250000e+02;1.4080301e-01;3.0250000e+02;2.2576505e-01;3.0250000e+02;2.7952245e-01;3.0250000e+02;2.8539684e-01;3.0250000e+02;3.2403269e-01;3.0250000e+02;3.0492538e-01;3.0250000e+02;2.3990241e-01;3.0250000e+02;1.8130206e-01;3.0250000e+02;1.3167514e-01;3.0250000e+02;8.6441092e-02;3.0250000e+02;4.4568781e-02;3.0250000e+02;1.9459054e-03;3.0250000e+02;-4.3460160e-02;3.0250000e+02;-8.8946573e-02;3.0250000e+02;-1.2958154e-01;3.0250000e+02;-5.0858431e-02;3.0250000e+02;-6.8039251e-03;3.0250000e+02;5.9733577e-02;3.0250000e+02;1.4080301e-01;3.0250000e+02;2.2576505e-01;3.0250000e+02;2.7952245e-01;3.0250000e+02;2.8539684e-01;3.0250000e+02;3.2403269e-01;3.0250000e+02;3.0492538e-01;3.0250000e+02;2.3990241e-01;3.0250000e+02;1.8130206e-01;3.0250000e+02;1.3167514e-01;3.0250000e+02;8.6441092e-02;3.0250000e+02;4.4568781e-02;3.0250000e+02;1.9459054e-03;3.0250000e+02;-4.3460160e-02;3.0250000e+02;-8.8946573e-02;3.0250000e+02;-1.2958154e-01;3.0250000e+02;-5.0858431e-02;3.0250000e+02;-6.8039251e-03;3.0250000e+02;5.9733577e-02;3.0250000e+02;1.4080301e-01;3.0250000e+02;2.2576505e-01;3.0250000e+02;2.7952245e-01;3.0250000e+02;2.8539684e-01;3.0250000e+02;3.2403269e-01;3.0250000e+02;3.0492538e-01;3.0250000e+02;2.3990241e-01;3.0250000e+02;1.8130206e-01;3.0250000e+02;1.3167514e-01;3.0250000e+02;8.6441092e-02;3.0250000e+02;4.4568781e-02;3.0250000e+02;1.9459054e-03;3.0250000e+02;-4.3460160e-02;3.0250000e+02;-8.8946573e-02;3.0250000e+02;-1.2958154e-01;3.0250000e+02;-5.0858431e-02;3.0250000e+02;-6.8039251e-03;3.0250000e+02;5.9733577e-02;3.0250000e+02;1.4080301e-01;3.0250000e+02;2.2576505e-01;3.0250000e+02;2.7952245e-01;3.0250000e+02;2.8539684e-01;3.0250000e+02;3.2403269e-01;3.0250000e+02;3.0492538e-01;3.0250000e+02;2.3990241e-01;3.0250000e+02;1.8130206e-01;3.0250000e+02;1.3167514e-01;3.0250000e+02;8.6441092e-02;3.0250000e+02;4.4568781e-02;3.0250000e+02;1.9459054e-03;3.0250000e+02;-4.3460160e-02;3.0250000e+02;-8.8946573e-02;3.0250000e+02;-1.2958154e-01;3.0250000e+02;-5.0858431e-02;3.0250000e+02;-6.8039251e-03;3.0250000e+02;5.9733577e-02;3.0250000e+02;1.4080301e-01;3.0250000e+02;2.2576505e-01;3.0250000e+02;2.7952245e-01;3.0250000e+02;2.8539684e-01;3.0250000e+02;3.2403269e-01;3.0250000e+02;3.0492538e-01;3.0250000e+02;2.3990241e-01;3.0250000e+02;1.8130206e-01;3.0250000e+02;1.3167514e-01;3.0250000e+02;8.6441092e-02;3.0250000e+02;4.4568781e-02;3.0250000e+02;1.9459054e-03;3.0250000e+02;-4.3460160e-02;3.0250000e+02;-8.8946573e-02;3.0250000e+02;-1.2958154e-01;3.0250000e+02;-5.0858431e-02;3.0250000e+02;-6.8039251e-03;3.0250000e+02;5.9733577e-02;3.0250000e+02;1.4080301e-01;3.0250000e+02;2.2576505e-01;3.0250000e+02;2.7952245e-01;3.0250000e+02;2.8539684e-01;3.0250000e+02;3.2403269e-01;3.0250000e+02;3.0492538e-01;3.0250000e+02;2.3990241e-01;3.0250000e+02;1.8130206e-01;3.0250000e+02;1.3167514e-01;3.0250000e+02;8.6441092e-02;3.0250000e+02;4.4568781e-02;3.0250000e+02;1.9459054e-03;3.0250000e+02;-4.3460160e-02;3.0250000e+02;-8.8946573e-02;3.0250000e+02;-1.2958154e-01;3.0250000e+02;-5.0858431e-02;3.0250000e+02;-6.8039251e-03;3.0250000e+02;5.9733577e-02;3.0250000e+02;1.4080301e-01;3.0250000e+02;2.2576505e-01;3.0250000e+02;2.7952245e-01;3.0250000e+02;2.8539684e-01;3.0250000e+02;3.2403269e-01;3.0250000e+02;3.0492538e-01;3.0250000e+02;2.3990241e-01;3.0250000e+02;1.8130206e-01;3.0250000e+02;1.3167514e-01;3.0250000e+02;8.6441092e-02;3.0250000e+02;4.4568781e-02;3.0250000e+02;1.9459054e-03;3.0250000e+02;-4.3460160e-02;3.0250000e+02;-8.8946573e-02;3.0250000e+02;-1.2958154e-01;3.0250000e+02;-5.0858431e-02;3.0250000e+02;-6.8039251e-03;3.0250000e+02;5.9733577e-02;3.0250000e+02;1.4080301e-01;3.0250000e+02;2.2576505e-01;3.0250000e+02;2.7952245e-01;3.0250000e+02;2.8539684e-01;3.0250000e+02;3.2403269e-01;3.0250000e+02;3.0492538e-01;3.0250000e+02;2.3990241e-01;3.0250000e+02;1.8130206e-01;3.0250000e+02;1.3167514e-01;3.0250000e+02;8.6441092e-02;3.0250000e+02;4.4568781e-02;3.0250000e+02;1.9459054e-03;3.0250000e+02;-4.3460160e-02;3.0250000e+02;-8.8946573e-02;3.0250000e+02;-1.2958154e-01;3.0250000e+02;-5.0858431e-02;3.0250000e+02;-6.8039251e-03;3.0250000e+02;5.9733577e-02;3.0250000e+02;1.4080301e-01;3.0250000e+02;2.2576505e-01;3.0250000e+02;2.7952245e-01;3.0250000e+02;2.8539684e-01;3.0250000e+02;3.2403269e-01;3.0250000e+02;3.0492538e-01;3.0250000e+02;2.3990241e-01;3.0250000e+02;1.8130206e-01;3.0250000e+02;1.3167514e-01;3.0250000e+02;8.6441092e-02;3.0250000e+02;4.4568781e-02;3.0250000e+02;1.9459054e-03;3.0250000e+02;-4.3460160e-02;3.0250000e+02;-8.8946573e-02;3.0250000e+02;-1.2958154e-01;3.0250000e+02;-5.0858431e-02;3.0250000e+02;-6.8039251e-03;3.0250000e+02;5.9733577e-02;3.0250000e+02;1.4080301e-01;3.0250000e+02;2.2576505e-01;3.0250000e+02;2.7952245e-01;3.0250000e+02;2.8539684e-01;3.0250000e+02;3.2403269e-01;3.0250000e+02;3.0492538e-01;3.0250000e+02;2.3990241e-01;3.0250000e+02;1.8130206e-01;3.0250000e+02;1.3167514e-01;3.0250000e+02;8.6441092e-02;3.0250000e+02;4.4568781e-02;3.0250000e+02;1.9459054e-03;3.0250000e+02;-4.3460160e-02;3.0250000e+02;-8.8946573e-02;3.0250000e+02;-1.2958154e-01;3.0250000e+02;-5.0858431e-02;3.0250000e+02;-6.8039251e-03;3.0250000e+02;5.9733577e-02;3.0250000e+02;1.4080301e-01;3.0250000e+02;2.2576505e-01;3.0250000e+02;2.7952245e-01;3.0250000e+02;2.8539684e-01;3.0250000e+02;3.2403269e-01;3.0250000e+02;3.0492538e-01;3.0250000e+02;2.3990241e-01;3.0250000e+02;1.8130206e-01;3.0250000e+02;1.3167514e-01;3.0250000e+02;8.6441092e-02;3.0250000e+02;4.4568781e-02;3.0250000e+02;1.9459054e-03;3.0250000e+02;-4.3460160e-02;3.0250000e+02;-8.8946573e-02;3.0250000e+02;-1.2958154e-01;3.0250000e+02;-5.0858431e-02;3.0250000e+02;-6.8039251e-03;3.0250000e+02;5.9733577e-02;3.0250000e+02;1.4080301e-01;3.0250000e+02;2.2576505e-01;3.0250000e+02;2.7952245e-01;3.0250000e+02;2.8539684e-01;3.0250000e+02;3.2403269e-01;3.0250000e+02;3.0492538e-01;3.0250000e+02;2.3990241e-01;3.0250000e+02;1.8130206e-01;3.0250000e+02;1.3167514e-01;3.0250000e+02;8.6441092e-02;3.0250000e+02;4.4568781e-02;3.0250000e+02;1.9459054e-03;3.0250000e+02;-4.3460160e-02;3.0250000e+02;-8.8946573e-02;3.0250000e+02;-1.2958154e-01;3.0250000e+02;-5.0858431e-02;3.0250000e+02;-6.8039251e-03;3.0250000e+02;5.9733577e-02;3.0250000e+02;1.4080301e-01;3.0250000e+02;2.2576505e-01;3.0250000e+02;2.7952245e-01;3.0250000e+02;2.8539684e-01;3.0250000e+02;3.2403269e-01;3.0250000e+02;3.0492538e-01;3.0250000e+02;2.3990241e-01;3.0250000e+02;1.8130206e-01;3.0250000e+02;1.3167514e-01;3.0250000e+02;8.6441092e-02;3.0250000e+02;4.4568781e-02;3.0250000e+02;1.9459054e-03;3.0250000e+02;-4.3460160e-02;3.0250000e+02;-8.8946573e-02;3.0250000e+02;-1.2958154e-01;3.0250000e+02;-5.0858431e-02;3.0250000e+02;-6.8039251e-03;3.0250000e+02;5.9733577e-02;3.0250000e+02;1.4080301e-01;3.0250000e+02;2.2576505e-01;3.0250000e+02;2.7952245e-01;3.0250000e+02;2.8539684e-01;3.0250000e+02;3.2403269e-01;3.0250000e+02;3.0492538e-01;3.0250000e+02;2.3990241e-01;3.0250000e+02;1.8130206e-01;3.0250000e+02;1.3167514e-01;3.0250000e+02;8.6441092e-02;3.0250000e+02;4.4568781e-02;3.0250000e+02;1.9459054e-03;3.0250000e+02;-4.3460160e-02;3.0250000e+02;-8.8946573e-02;3.0250000e+02;-1.2958154e-01;3.0250000e+02;-5.0858431e-02;3.0250000e+02;-6.8039251e-03;3.0250000e+02;5.9733577e-02;3.0250000e+02;1.4080301e-01;3.0250000e+02;2.2576505e-01;3.0250000e+02;2.7952245e-01;3.0250000e+02;2.8539684e-01;3.0250000e+02;3.2403269e-01;3.0250000e+02;3.0492538e-01;3.0250000e+02;2.3990241e-01;3.0250000e+02;1.8130206e-01;3.0250000e+02;1.3167514e-01;3.0250000e+02;8.6441092e-02;3.0250000e+02;4.4568781e-02;3.0250000e+02;1.9459054e-03;3.0250000e+02;-4.3460160e-02;3.0250000e+02;-8.8946573e-02;3.0250000e+02;-1.2958154e-01;3.0250000e+02;-5.0858431e-02;3.0250000e+02;-6.8039251e-03;3.0250000e+02;5.9733577e-02;3.0250000e+02;1.4080301e-01;3.0250000e+02;2.2576505e-01;3.0250000e+02;2.7952245e-01;3.0250000e+02;2.8539684e-01;3.0250000e+02;3.2403269e-01;3.0250000e+02;3.0492538e-01;3.0250000e+02;2.3990241e-01;3.0250000e+02;1.8130206e-01;3.0250000e+02;1.3167514e-01;3.0250000e+02;8.6441092e-02;3.0250000e+02;4.4568781e-02;3.0250000e+02;1.9459054e-03;3.0250000e+02;-4.3460160e-02;3.0250000e+02;-8.8946573e-02;3.0250000e+02;-1.2958154e-01;3.0250000e+02;-5.0858431e-02;3.0250000e+02;-6.8039251e-03;3.0250000e+02;5.9733577e-02;3.0250000e+02;1.4080301e-01;3.0250000e+02;2.2576505e-01;3.0250000e+02;2.7952245e-01;3.0250000e+02;2.8539684e-01;3.0250000e+02;3.2403269e-01;3.0250000e+02;3.0492538e-01;3.0250000e+02;2.3990241e-01;3.0250000e+02;1.8130206e-01;3.0250000e+02;1.3167514e-01;3.0250000e+02;8.6441092e-02;3.0250000e+02;4.4568781e-02;3.0250000e+02;1.9459054e-03;3.0250000e+02;-4.3460160e-02;3.0250000e+02;-8.8946573e-02;3.0250000e+02;-1.2958154e-01;3.0250000e+02;-5.0858431e-02;3.0250000e+02;-6.8039251e-03;3.0250000e+02;5.9733577e-02;3.0250000e+02;1.4080301e-01;3.0250000e+02;2.2576505e-01;3.0250000e+02;2.7952245e-01;3.0250000e+02;2.8539684e-01;3.0250000e+02;3.2403269e-01;3.0250000e+02;3.0492538e-01;3.0250000e+02;2.3990241e-01;3.0250000e+02;1.8130206e-01;3.0250000e+02;1.3167514e-01;3.0250000e+02;8.6441092e-02;3.0250000e+02;4.4568781e-02;3.0250000e+02;1.9459054e-03;3.0250000e+02;-4.3460160e-02;3.0250000e+02;-8.8946573e-02;3.0250000e+02;-1.2958154e-01;3.0250000e+02;-5.0858431e-02;3.0250000e+02;-6.8039251e-03;3.0250000e+02;5.9733577e-02;3.0250000e+02;1.4080301e-01;3.0250000e+02;2.2576505e-01;3.0250000e+02;2.7952245e-01;3.0250000e+02;2.8539684e-01;3.0250000e+02;3.2403269e-01;3.0250000e+02;3.0492538e-01;3.0250000e+02;2.3990241e-01;3.0250000e+02;1.8130206e-01;3.0250000e+02;1.3167514e-01;3.0250000e+02;8.6441092e-02;3.0250000e+02;4.4568781e-02;3.0250000e+02;1.9459054e-03;3.0250000e+02;-4.3460160e-02;3.0250000e+02;-8.8946573e-02;3.0250000e+02;-1.2958154e-01;3.0250000e+02;-5.0858431e-02;3.0250000e+02;-6.8039251e-03;3.0250000e+02;5.9733577e-02;3.0250000e+02;1.4080301e-01;3.0250000e+02;2.2576505e-01;3.0250000e+02;2.7952245e-01;3.0250000e+02;2.8539684e-01;3.0250000e+02;3.2403269e-01;3.0250000e+02;3.0492538e-01;3.0250000e+02;2.3990241e-01;3.0250000e+02;1.8130206e-01;3.0250000e+02;1.3167514e-01;3.0250000e+02;8.6441092e-02;3.0250000e+02;4.4568781e-02;3.0250000e+02;1.9459054e-03;3.0250000e+02;-4.3460160e-02;3.0250000e+02;-8.8946573e-02;3.0250000e+02;-1.2958154e-01;3.0250000e+02;-5.0858431e-02;3.0250000e+02;-6.8039251e-03;3.0250000e+02;5.9733577e-02;3.0250000e+02;1.4080301e-01;3.0250000e+02;2.2576505e-01;3.0250000e+02;2.7952245e-01;3.0250000e+02;2.8539684e-01;3.0250000e+02;3.2403269e-01;3.0250000e+02;3.0492538e-01;3.0250000e+02;2.3990241e-01;3.0250000e+02;1.8130206e-01;3.0250000e+02;1.3167514e-01;3.0250000e+02;8.6441092e-02;3.0250000e+02;4.4568781e-02;3.0250000e+02;1.9459054e-03;3.0250000e+02;-4.3460160e-02;3.0250000e+02;-8.8946573e-02;3.0250000e+02;-1.2958154e-01;3.0250000e+02;-5.0858431e-02;3.0250000e+02;-6.8039251e-03;3.0250000e+02;5.9733577e-02;3.0250000e+02;1.4080301e-01;3.0250000e+02;2.2576505e-01;3.0250000e+02;2.7952245e-01;3.0250000e+02;2.8539684e-01;3.0250000e+02;3.2403269e-01;3.0250000e+02;3.0492538e-01;3.0250000e+02;2.3990241e-01;3.0250000e+02;1.8130206e-01;3.0250000e+02;1.3167514e-01;3.0250000e+02;8.6441092e-02;3.0250000e+02;4.4568781e-02;3.0250000e+02;1.9459054e-03;3.0250000e+02;-4.3460160e-02;3.0250000e+02;-8.8946573e-02;3.0250000e+02;-1.2958154e-01;3.0250000e+02;-5.0858431e-02;3.0250000e+02;-6.8039251e-03;3.0250000e+02;5.9733577e-02;3.0250000e+02;1.4080301e-01;3.0250000e+02;2.2576505e-01;3.0250000e+02;2.7952245e-01;3.0250000e+02;2.8539684e-01;3.0250000e+02;3.2403269e-01;3.0250000e+02;3.0492538e-01;3.0250000e+02;2.3990241e-01;3.0250000e+02;1.8130206e-01;3.0250000e+02;1.3167514e-01;3.0250000e+02;8.6441092e-02;3.0250000e+02;4.4568781e-02;3.0250000e+02;1.9459054e-03;3.0250000e+02;-4.3460160e-02;3.0250000e+02;-8.8946573e-02;3.0250000e+02;-1.2958154e-01;3.0250000e+02;-5.0858431e-02;3.0250000e+02;-6.8039251e-03;3.0250000e+02;5.9733577e-02;3.0250000e+02;1.4080301e-01;3.0250000e+02;2.2576505e-01;3.0250000e+02;2.7952245e-01;3.0250000e+02;2.8539684e-01;3.0250000e+02;3.2403269e-01;3.0250000e+02;3.0492538e-01;3.0250000e+02;2.3990241e-01;3.0250000e+02;1.8130206e-01;3.0250000e+02;1.3167514e-01;3.0250000e+02;8.6441092e-02;3.0250000e+02;4.4568781e-02;3.0250000e+02;1.9459054e-03;3.0250000e+02;-4.3460160e-02;3.0250000e+02;-8.8946573e-02;3.0250000e+02;-1.2958154e-01;3.0250000e+02;-5.0858431e-02;3.0250000e+02;-6.8039251e-03;3.0250000e+02;5.9733577e-02;3.0250000e+02;1.4080301e-01;3.0250000e+02;2.2576505e-01;3.0250000e+02;2.7952245e-01;3.0250000e+02;2.8539684e-01;3.0250000e+02;3.2403269e-01;3.0250000e+02;3.0492538e-01;3.0250000e+02;2.3990241e-01;3.0250000e+02;1.8130206e-01;3.0250000e+02;1.3167514e-01;3.0250000e+02;8.6441092e-02;3.0250000e+02;4.4568781e-02;3.0250000e+02;1.9459054e-03;3.0250000e+02;-4.3460160e-02;3.0250000e+02;-8.8946573e-02;3.0250000e+02;-1.2958154e-01;3.0250000e+02;-5.0858431e-02;3.0250000e+02;-6.8039251e-03;3.0250000e+02;5.9733577e-02;3.0250000e+02;1.4080301e-01;3.0250000e+02;2.2576505e-01;3.0250000e+02;2.7952245e-01;3.0250000e+02;2.8539684e-01;3.0250000e+02;3.2403269e-01;3.0250000e+02;3.0492538e-01;3.0250000e+02;2.3990241e-01;3.0250000e+02;1.8130206e-01;3.0250000e+02;1.3167514e-01;3.0250000e+02;8.6441092e-02;3.0250000e+02;4.4568781e-02;3.0250000e+02;1.9459054e-03;3.0250000e+02;-4.3460160e-02;3.0250000e+02;-8.8946573e-02;3.0250000e+02;-1.2958154e-01;3.0250000e+02;-5.0858431e-02;3.0250000e+02;-6.8039251e-03;3.0250000e+02;5.9733577e-02;3.0250000e+02;1.4080301e-01;3.0250000e+02;2.2576505e-01;3.0250000e+02;2.7952245e-01;3.0250000e+02;2.8539684e-01;3.0250000e+02;3.2403269e-01;3.0250000e+02;3.0492538e-01;3.0250000e+02;2.3990241e-01;3.0250000e+02;1.8130206e-01;3.0250000e+02;1.3167514e-01;3.0250000e+02;8.6441092e-02;3.0250000e+02;4.4568781e-02;3.0250000e+02;1.9459054e-03;3.0250000e+02;-4.3460160e-02;3.0250000e+02;-8.8946573e-02;3.0250000e+02;-1.2958154e-01;3.0250000e+02;-5.0858431e-02;3.0250000e+02;-6.8039251e-03;3.0250000e+02;5.9733577e-02;3.0250000e+02;1.4080301e-01;3.0250000e+02;2.2576505e-01;3.0250000e+02;2.7952245e-01;3.0250000e+02;2.8539684e-01;3.0250000e+02;3.2403269e-01;3.0250000e+02;3.0492538e-01;3.0250000e+02;2.3990241e-01;3.0250000e+02;1.8130206e-01;3.0250000e+02;1.3167514e-01;3.0250000e+02;8.6441092e-02;3.0250000e+02;4.4568781e-02;3.0250000e+02;1.9459054e-03;3.0250000e+02;-4.3460160e-02;3.0250000e+02;-8.8946573e-02;3.0250000e+02;-1.2958154e-01;3.0250000e+02;-5.0858431e-02;3.0250000e+02;-6.8039251e-03;3.0250000e+02;5.9733577e-02;3.0250000e+02;1.4080301e-01;3.0250000e+02;2.2576505e-01;3.0250000e+02;2.7952245e-01;3.0250000e+02;2.8539684e-01;3.0250000e+02;3.2403269e-01;3.0250000e+02;3.0492538e-01;3.0250000e+02;2.3990241e-01;3.0250000e+02;1.8130206e-01;3.0250000e+02;1.3167514e-01;3.0250000e+02;8.6441092e-02;3.0250000e+02;4.4568781e-02;3.0250000e+02;1.9459054e-03;3.0250000e+02;-4.3460160e-02;3.0250000e+02;-8.8946573e-02;3.0250000e+02;-1.2958154e-01;3.0250000e+02;-5.0858431e-02;3.0250000e+02;-6.8039251e-03;3.0250000e+02;5.9733577e-02;3.0250000e+02;1.4080301e-01;3.0250000e+02;2.2576505e-01;3.0250000e+02;2.7952245e-01;3.0250000e+02;2.8539684e-01;3.0250000e+02;3.2403269e-01;3.0250000e+02;3.0492538e-01;3.0250000e+02;2.3990241e-01;3.0250000e+02;1.8130206e-01;3.0250000e+02;1.3167514e-01;3.0250000e+02;8.6441092e-02;3.0250000e+02;4.4568781e-02;3.0250000e+02;1.9459054e-03;3.0250000e+02;-4.3460160e-02;3.0250000e+02;-8.8946573e-02;3.0250000e+02;-1.2958154e-01;3.0250000e+02;-5.0858431e-02;3.0250000e+02;-6.8039251e-03;3.0250000e+02;5.9733577e-02;3.0250000e+02;1.4080301e-01;3.0250000e+02;2.2576505e-01;3.0250000e+02;2.7952245e-01;3.0250000e+02;2.8539684e-01;3.0250000e+02;3.2403269e-01;3.0250000e+02;3.0492538e-01;3.0250000e+02;2.3990241e-01;3.0250000e+02;1.8130206e-01;3.0250000e+02;1.3167514e-01;3.0250000e+02;8.6441092e-02;3.0250000e+02;4.4568781e-02;3.0250000e+02;1.9459054e-03;3.0250000e+02;-4.3460160e-02;3.0250000e+02;-8.8946573e-02;3.0250000e+02;-1.2958154e-01;3.0250000e+02;-5.0858431e-02;3.0250000e+02;-6.8039251e-03;3.0250000e+02;5.9733577e-02;3.0250000e+02;1.4080301e-01;3.0250000e+02;2.2576505e-01;3.0250000e+02;2.7952245e-01;3.0250000e+02;2.8539684e-01;3.0250000e+02;3.2403269e-01;3.0250000e+02;3.0492538e-01;3.0250000e+02;2.3990241e-01;3.0250000e+02;1.8130206e-01;3.0250000e+02;1.3167514e-01;3.0250000e+02;8.6441092e-02;3.0250000e+02;4.4568781e-02;3.0250000e+02;1.9459054e-03;3.0250000e+02;-4.3460160e-02;3.0250000e+02;-8.8946573e-02;3.0250000e+02;-1.2958154e-01;3.0250000e+02;-5.0858431e-02;3.0250000e+02;-6.8039251e-03;3.0250000e+02;5.9733577e-02;3.0250000e+02;1.4080301e-01;3.0250000e+02;2.2576505e-01;3.0250000e+02;2.7952245e-01;3.0250000e+02;2.8539684e-01;3.0250000e+02;3.2403269e-01;3.0250000e+02;3.0492538e-01;3.0250000e+02;2.3990241e-01;3.0250000e+02;1.8130206e-01;3.0250000e+02;1.3167514e-01;3.0250000e+02;8.6441092e-02;3.0250000e+02;4.4568781e-02;3.0250000e+02;1.9459054e-03;3.0250000e+02;-4.3460160e-02;3.0250000e+02;-8.8946573e-02;3.0250000e+02;-1.2958154e-01;3.0250000e+02;-5.0858431e-02;3.0250000e+02;-6.8039251e-03;3.0250000e+02;5.9733577e-02;3.0250000e+02;1.4080301e-01;3.0250000e+02;2.2576505e-01;3.0250000e+02;2.7952245e-01;3.0250000e+02;2.8539684e-01;3.0250000e+02;3.2403269e-01;3.0250000e+02;3.0492538e-01;3.0250000e+02;2.3990241e-01;3.0250000e+02;1.8130206e-01;3.0250000e+02;1.3167514e-01;3.0250000e+02;8.6441092e-02;3.0250000e+02;4.4568781e-02;3.0250000e+02;1.9459054e-03;3.0250000e+02;-4.3460160e-02;3.0250000e+02;-8.8946573e-02;3.0250000e+02;-1.2958154e-01;3.0250000e+02;-5.0858431e-02;3.0250000e+02;-6.8039251e-03;3.0250000e+02;5.9733577e-02;3.0250000e+02;1.4080301e-01;3.0250000e+02;2.2576505e-01;3.0250000e+02;2.7952245e-01;3.0250000e+02;2.8539684e-01;3.0250000e+02;3.2403269e-01;3.0250000e+02;3.0492538e-01;3.0250000e+02;2.3990241e-01;3.0250000e+02;1.8130206e-01;3.0250000e+02;1.3167514e-01;3.0250000e+02;8.6441092e-02;3.0250000e+02;4.4568781e-02;3.0250000e+02;1.9459054e-03;3.0250000e+02;-4.3460160e-02;3.0250000e+02;-8.8946573e-02;3.0250000e+02;-1.2958154e-01;3.0250000e+02;-5.0858431e-02;3.0250000e+02;-6.8039251e-03;3.0250000e+02;5.9733577e-02;3.0250000e+02;1.4080301e-01;3.0250000e+02;2.2576505e-01;3.0250000e+02;2.7952245e-01;3.0250000e+02;2.8539684e-01;3.0250000e+02;3.2403269e-01;3.0250000e+02;3.0492538e-01;3.0250000e+02;2.3990241e-01;3.0250000e+02;1.8130206e-01;3.0250000e+02;1.3167514e-01;3.0250000e+02;8.6441092e-02;3.0250000e+02;4.4568781e-02;3.0250000e+02;1.9459054e-03;3.0250000e+02;-4.3460160e-02;3.0250000e+02;-8.8946573e-02;3.0250000e+02;-1.2958154e-01;3.0250000e+02;-5.0858431e-02;3.0250000e+02;-6.8039251e-03;3.0250000e+02;5.9733577e-02;3.0250000e+02;1.4080301e-01;3.0250000e+02;2.2576505e-01;3.0250000e+02;2.7952245e-01;3.0250000e+02;2.8539684e-01;3.0250000e+02;3.2403269e-01;3.0250000e+02;3.0492538e-01;3.0250000e+02;2.3990241e-01;3.0250000e+02;1.8130206e-01;3.0250000e+02;1.3167514e-01;3.0250000e+02;8.6441092e-02;3.0250000e+02;4.4568781e-02;3.0250000e+02;1.9459054e-03;3.0250000e+02;-4.3460160e-02;3.0250000e+02;-8.8946573e-02;3.0250000e+02;-1.2958154e-01;3.0250000e+02;-5.0858431e-02;3.0250000e+02;-6.8039251e-03;3.0250000e+02;5.9733577e-02;3.0250000e+02;1.4080301e-01;3.0250000e+02;2.2576505e-01;3.0250000e+02;2.7952245e-01;3.0250000e+02;2.8539684e-01;3.0250000e+02;3.2403269e-01;3.0250000e+02;3.0492538e-01;3.0250000e+02;2.3990241e-01;3.0250000e+02;1.8130206e-01;3.0250000e+02;1.3167514e-01;3.0250000e+02;8.6441092e-02;3.0250000e+02;4.4568781e-02;3.0250000e+02;1.9459054e-03;3.0250000e+02;-4.3460160e-02;3.0250000e+02;-8.8946573e-02;3.0250000e+02;-1.2958154e-01;3.0250000e+02;-5.0858431e-02;3.0250000e+02;-6.8039251e-03;3.0250000e+02;5.9733577e-02;3.0250000e+02;1.4080301e-01;3.0250000e+02;2.2576505e-01;3.0250000e+02;2.7952245e-01;3.0250000e+02;2.8539684e-01;3.0250000e+02;3.2403269e-01;3.0250000e+02;3.0492538e-01;3.0250000e+02;2.3990241e-01;3.0250000e+02;1.8130206e-01;3.0250000e+02;1.3167514e-01;3.0250000e+02;8.6441092e-02;3.0250000e+02;4.4568781e-02;3.0250000e+02;1.9459054e-03;3.0250000e+02;-4.3460160e-02;3.0250000e+02;-8.8946573e-02;3.0250000e+02;-1.2958154e-01;3.0250000e+02;-5.0858431e-02;3.0250000e+02;-6.8039251e-03;3.0250000e+02;5.9733577e-02;3.0250000e+02;1.4080301e-01;3.0250000e+02;2.2576505e-01;3.0250000e+02;2.7952245e-01;3.0250000e+02;2.8539684e-01;3.0250000e+02;3.2403269e-01;3.0250000e+02;3.0492538e-01;3.0250000e+02;2.3990241e-01;3.0250000e+02;1.8130206e-01;3.0250000e+02;1.3167514e-01;3.0250000e+02;8.6441092e-02;3.0250000e+02;4.4568781e-02;3.0250000e+02;1.9459054e-03;3.0250000e+02;-4.3460160e-02;3.0250000e+02;-8.8946573e-02;3.0250000e+02;-1.2958154e-01;3.0250000e+02;-5.0858431e-02;3.0250000e+02;-6.8039251e-03;3.0250000e+02;5.9733577e-02;3.0250000e+02;1.4080301e-01;3.0250000e+02;2.2576505e-01;3.0250000e+02;2.7952245e-01;3.0250000e+02;2.8539684e-01;3.0250000e+02;3.2403269e-01;3.0250000e+02;3.0492538e-01;3.0250000e+02;2.3990241e-01;3.0250000e+02;1.8130206e-01;3.0250000e+02;1.3167514e-01;3.0250000e+02;8.6441092e-02;3.0250000e+02;4.4568781e-02;3.0250000e+02;1.9459054e-03;3.0250000e+02;-4.3460160e-02;3.0250000e+02;-8.8946573e-02;3.0250000e+02;-1.2958154e-01;3.0250000e+02;-5.0858431e-02;3.0250000e+02;-6.8039251e-03;3.0250000e+02;5.9733577e-02;3.0250000e+02;1.4080301e-01;3.0250000e+02;2.2576505e-01;3.0250000e+02;2.7952245e-01;3.0250000e+02;2.8539684e-01;3.0250000e+02;3.2403269e-01;3.0250000e+02;3.0492538e-01;3.0250000e+02;2.3990241e-01;3.0250000e+02;1.8130206e-01;3.0250000e+02;1.3167514e-01;3.0250000e+02;8.6441092e-02;3.0250000e+02;4.4568781e-02;3.0250000e+02;1.9459054e-03;3.0250000e+02;-4.3460160e-02;3.0250000e+02;-8.8946573e-02;3.0250000e+02;-1.2958154e-01;3.0250000e+02;-5.0858431e-02;3.0250000e+02;-6.8039251e-03;3.0250000e+02;5.9733577e-02;3.0250000e+02;1.4080301e-01;3.0250000e+02;2.2576505e-01;3.0250000e+02;2.7952245e-01;3.0250000e+02;2.8539684e-01;3.0250000e+02;3.2403269e-01;3.0250000e+02;3.0492538e-01;3.0250000e+02;2.3990241e-01;3.0250000e+02;1.8130206e-01;3.0250000e+02;1.3167514e-01;3.0250000e+02;8.6441092e-02;3.0250000e+02;4.4568781e-02;3.0250000e+02;1.9459054e-03;3.0250000e+02;-4.3460160e-02;3.0250000e+02;-8.8946573e-02;3.0250000e+02;-1.2958154e-01;3.0250000e+02;-5.0858431e-02;3.0250000e+02;-6.8039251e-03;3.0250000e+02;5.9733577e-02;3.0250000e+02;1.4080301e-01;3.0250000e+02;2.2576505e-01;3.0250000e+02;2.7952245e-01;3.0250000e+02;2.8539684e-01;3.0250000e+02;3.2403269e-01;3.0250000e+02;3.0492538e-01;3.0250000e+02;2.3990241e-01;3.0250000e+02;1.8130206e-01;3.0250000e+02;1.3167514e-01;3.0250000e+02;8.6441092e-02;3.0250000e+02;4.4568781e-02;3.0250000e+02;1.9459054e-03;3.0250000e+02;-4.3460160e-02;3.0250000e+02;-8.8946573e-02;3.0250000e+02;-1.2958154e-01;3.0250000e+02;-5.0858431e-02;3.0250000e+02;-6.8039251e-03;3.0250000e+02;5.9733577e-02;3.0250000e+02;1.4080301e-01;3.0250000e+02;2.2576505e-01;3.0250000e+02;2.7952245e-01;3.0250000e+02;2.8539684e-01;3.0250000e+02;3.2403269e-01;3.0250000e+02;3.0492538e-01;3.0250000e+02;2.3990241e-01;3.0250000e+02;1.8130206e-01;3.0250000e+02;1.3167514e-01;3.0250000e+02;8.6441092e-02;3.0250000e+02;4.4568781e-02;3.0250000e+02;1.9459054e-03;3.0250000e+02;-4.3460160e-02;3.0250000e+02;-8.8946573e-02;3.0250000e+02;-1.2958154e-01;3.0250000e+02;-5.0858431e-02;3.0250000e+02;-6.8039251e-03;3.0250000e+02;5.9733577e-02;3.0250000e+02;1.4080301e-01;3.0250000e+02;2.2576505e-01;3.0250000e+02;2.7952245e-01;3.0250000e+02;2.8539684e-01;3.0250000e+02;3.2403269e-01;3.0250000e+02;3.0492538e-01;3.0250000e+02;2.3990241e-01;3.0250000e+02;1.8130206e-01;3.0250000e+02;1.3167514e-01;3.0250000e+02;8.6441092e-02;3.0250000e+02;4.4568781e-02;3.0250000e+02;1.9459054e-03;3.0250000e+02;-4.3460160e-02;3.0250000e+02;-8.8946573e-02;3.0250000e+02;-1.2958154e-01;3.0250000e+02;-5.0858431e-02;3.0250000e+02;-6.8039251e-03;3.0250000e+02;5.9733577e-02;3.0250000e+02;1.4080301e-01;3.0250000e+02;2.2576505e-01;3.0250000e+02;2.7952245e-01;3.0250000e+02;2.8539684e-01;3.0250000e+02;3.2403269e-01;3.0250000e+02;3.0492538e-01;3.0250000e+02;2.3990241e-01;3.0250000e+02;1.8130206e-01;3.0250000e+02;1.3167514e-01;3.0250000e+02;8.6441092e-02;3.0250000e+02;4.4568781e-02;3.0250000e+02;1.9459054e-03;3.0250000e+02;-4.3460160e-02;3.0250000e+02;-8.8946573e-02;3.0250000e+02;-1.2958154e-01;3.0250000e+02;-5.0858431e-02;3.0250000e+02;-6.8039251e-03;3.0250000e+02;5.9733577e-02;3.0250000e+02;1.4080301e-01;3.0250000e+02;2.2576505e-01;3.0250000e+02;2.7952245e-01;3.0250000e+02;2.8539684e-01;3.0250000e+02;3.2403269e-01;3.0250000e+02;3.0492538e-01;3.0250000e+02;2.3990241e-01;3.0250000e+02;1.8130206e-01;3.0250000e+02;1.3167514e-01;3.0250000e+02;8.6441092e-02;3.0250000e+02;4.4568781e-02;3.0250000e+02;1.9459054e-03;3.0250000e+02;-4.3460160e-02;3.0250000e+02;-8.8946573e-02;3.0250000e+02;-1.2958154e-01;3.0250000e+02;-5.0858431e-02;3.0250000e+02;-6.8039251e-03;3.0250000e+02;5.9733577e-02;3.0250000e+02;1.4080301e-01;3.0250000e+02;2.2576505e-01;3.0250000e+02;2.7952245e-01;3.0250000e+02;2.8539684e-01;3.0250000e+02;3.2403269e-01;3.0250000e+02;3.0492538e-01;3.0250000e+02;2.3990241e-01;3.0250000e+02;1.8130206e-01;3.0250000e+02;1.3167514e-01;3.0250000e+02;8.6441092e-02;3.0250000e+02;4.4568781e-02;3.0250000e+02;1.9459054e-03;3.0250000e+02;-4.3460160e-02;3.0250000e+02;-8.8946573e-02;3.0250000e+02;-1.2958154e-01;3.0250000e+02;-5.0858431e-02;3.0250000e+02;-6.8039251e-03;3.0250000e+02;5.9733577e-02;3.0250000e+02;1.4080301e-01;3.0250000e+02;2.2576505e-01;3.0250000e+02;2.7952245e-01;3.0250000e+02;2.8539684e-01;3.0250000e+02;3.2403269e-01;3.0250000e+02;3.0492538e-01;3.0250000e+02;2.3990241e-01;3.0250000e+02;1.8130206e-01;3.0250000e+02;1.3167514e-01;3.0250000e+02;8.6441092e-02;3.0250000e+02;4.4568781e-02;3.0250000e+02;1.9459054e-03;3.0250000e+02;-4.3460160e-02;3.0250000e+02;-8.8946573e-02;3.0250000e+02;-1.2958154e-01;3.0250000e+02;-5.0858431e-02;3.0250000e+02;-6.8039251e-03;3.0250000e+02;5.9733577e-02;3.0250000e+02;1.4080301e-01;3.0250000e+02;2.2576505e-01;3.0250000e+02;2.7952245e-01;3.0250000e+02;2.8539684e-01;3.0250000e+02;3.2403269e-01;3.0250000e+02;3.0492538e-01;3.0250000e+02;2.3990241e-01;3.0250000e+02;1.8130206e-01;3.0250000e+02;1.3167514e-01;3.0250000e+02;8.6441092e-02;3.0250000e+02;4.4568781e-02;3.0250000e+02;1.9459054e-03;3.0250000e+02;-4.3460160e-02;3.0250000e+02;-8.8946573e-02;3.0250000e+02;-1.2958154e-01;3.0250000e+02;-5.0858431e-02;3.0250000e+02;-6.8039251e-03;3.0250000e+02;5.9733577e-02;3.0250000e+02;1.4080301e-01;3.0250000e+02;2.2576505e-01;3.0250000e+02;2.7952245e-01;3.0250000e+02;2.8539684e-01;3.0250000e+02;3.2403269e-01;3.0250000e+02;3.0492538e-01;3.0250000e+02;2.3990241e-01;3.0250000e+02;1.8130206e-01;3.0250000e+02;1.3167514e-01;3.0250000e+02;8.6441092e-02;3.0250000e+02;4.4568781e-02;3.0250000e+02;1.9459054e-03;3.0250000e+02;-4.3460160e-02;3.0250000e+02;-8.8946573e-02;3.0250000e+02;-1.2958154e-01;3.0250000e+02;-5.0858431e-02;3.0250000e+02;-6.8039251e-03;3.0250000e+02;5.9733577e-02;3.0250000e+02;1.4080301e-01;3.0250000e+02;2.2576505e-01;3.0250000e+02;2.7952245e-01;3.0250000e+02;2.8539684e-01;3.0250000e+02;3.2403269e-01;3.0250000e+02;3.0492538e-01;3.0250000e+02;2.3990241e-01;3.0250000e+02;1.8130206e-01;3.0250000e+02;1.3167514e-01;3.0250000e+02;8.6441092e-02;3.0250000e+02;4.4568781e-02;3.0250000e+02;1.9459054e-03;3.0250000e+02;-4.3460160e-02;3.0250000e+02;-8.8946573e-02;3.0250000e+02;-1.2958154e-01;3.0250000e+02;-5.0858431e-02;3.0250000e+02;-6.8039251e-03;3.0250000e+02;5.9733577e-02;3.0250000e+02;1.4080301e-01;3.0250000e+02;2.2576505e-01;3.0250000e+02;2.7952245e-01;3.0250000e+02;2.8539684e-01;3.0250000e+02;3.2403269e-01;3.0250000e+02;3.0492538e-01;3.0250000e+02;2.3990241e-01;3.0250000e+02;1.8130206e-01;3.0250000e+02;1.3167514e-01;3.0250000e+02;8.6441092e-02;3.0250000e+02;4.4568781e-02;3.0250000e+02;1.9459054e-03;3.0250000e+02;-4.3460160e-02;3.0250000e+02;-8.8946573e-02;3.0250000e+02;-1.2958154e-01;3.0250000e+02;-5.0858431e-02;3.0250000e+02;-6.8039251e-03;3.0250000e+02;5.9733577e-02;3.0250000e+02;1.4080301e-01;3.0250000e+02;2.2576505e-01;3.0250000e+02;2.7952245e-01;3.0250000e+02;2.8539684e-01;3.0250000e+02;3.2403269e-01;3.0250000e+02;3.0492538e-01;3.0250000e+02;2.3990241e-01;3.0250000e+02;1.8130206e-01;3.0250000e+02;1.3167514e-01;3.0250000e+02;8.6441092e-02;3.0250000e+02;4.4568781e-02;3.0250000e+02;1.9459054e-03;3.0250000e+02;-4.3460160e-02;3.0250000e+02;-8.8946573e-02;3.0250000e+02;-1.2958154e-01;3.0250000e+02;-5.0858431e-02;3.0250000e+02;-6.8039251e-03;3.0250000e+02;5.9733577e-02;3.0250000e+02;1.4080301e-01;3.0250000e+02;2.2576505e-01;3.0250000e+02;2.7952245e-01;3.0250000e+02;2.8539684e-01;3.0250000e+02;3.2403269e-01;3.0250000e+02;3.0492538e-01;3.0250000e+02;2.3990241e-01;3.0250000e+02;1.8130206e-01;3.0250000e+02;1.3167514e-01;3.0250000e+02;8.6441092e-02;3.0250000e+02;4.4568781e-02;3.0250000e+02;1.9459054e-03;3.0250000e+02;-4.3460160e-02;3.0250000e+02;-8.8946573e-02;3.0250000e+02;-1.2958154e-01;3.0250000e+02;-5.0858431e-02;3.0250000e+02;-6.8039251e-03;3.0250000e+02;5.9733577e-02;3.0250000e+02;1.4080301e-01;3.0250000e+02;2.2576505e-01;3.0250000e+02;2.7952245e-01;3.0250000e+02;2.8539684e-01;3.0250000e+02;3.2403269e-01;3.0250000e+02;3.0492538e-01;3.0250000e+02;2.3990241e-01;3.0250000e+02;1.8130206e-01;3.0250000e+02;1.3167514e-01;3.0250000e+02;8.6441092e-02;3.0250000e+02;4.4568781e-02;3.0250000e+02;1.9459054e-03;3.0250000e+02;-4.3460160e-02;3.0250000e+02;-8.8946573e-02;3.0250000e+02;-1.2958154e-01;3.0250000e+02;-5.0858431e-02;3.0250000e+02;-6.8039251e-03;3.0250000e+02;5.9733577e-02;3.0250000e+02;1.4080301e-01;3.0250000e+02;2.2576505e-01;3.0250000e+02;2.7952245e-01;3.0250000e+02;2.8539684e-01;3.0250000e+02;3.2403269e-01;3.0250000e+02;3.0492538e-01;3.0250000e+02;2.3990241e-01;3.0250000e+02;1.8130206e-01;3.0250000e+02;1.3167514e-01;3.0250000e+02;8.6441092e-02;3.0250000e+02;4.4568781e-02;3.0250000e+02;1.9459054e-03;3.0250000e+02;-4.3460160e-02;3.0250000e+02;-8.8946573e-02;3.0250000e+02;-1.2958154e-01;3.0250000e+02;-5.0858431e-02;3.0250000e+02;-6.8039251e-03;3.0250000e+02;5.9733577e-02;3.0250000e+02;1.4080301e-01;3.0250000e+02;2.2576505e-01;3.0250000e+02;2.7952245e-01;3.0250000e+02;2.8539684e-01;3.0250000e+02;3.2403269e-01;3.0250000e+02;3.0492538e-01;3.0250000e+02;2.3990241e-01;3.0250000e+02;1.8130206e-01;3.0250000e+02;1.3167514e-01;3.0250000e+02;8.6441092e-02;3.0250000e+02;4.4568781e-02;3.0250000e+02;1.9459054e-03;3.0250000e+02;-4.3460160e-02;3.0250000e+02;-8.8946573e-02;3.0250000e+02;-1.2958154e-01;3.0250000e+02;-5.0858431e-02;3.0250000e+02;-6.8039251e-03;3.0250000e+02;5.9733577e-02;3.0250000e+02;1.4080301e-01;3.0250000e+02;2.2576505e-01;3.0250000e+02;2.7952245e-01;3.0250000e+02;2.8539684e-01;3.0250000e+02;3.2403269e-01;3.0250000e+02;3.0492538e-01;3.0250000e+02;2.3990241e-01;3.0250000e+02;1.8130206e-01;3.0250000e+02;1.3167514e-01;3.0250000e+02;8.6441092e-02;3.0250000e+02;4.4568781e-02;3.0250000e+02;1.9459054e-03;3.0250000e+02;-4.3460160e-02;3.0250000e+02;-8.8946573e-02;3.0250000e+02;-1.2958154e-01;3.0250000e+02;-5.0858431e-02;3.0250000e+02;-6.8039251e-03;3.0250000e+02;5.9733577e-02;3.0250000e+02;1.4080301e-01;3.0250000e+02;2.2576505e-01;3.0250000e+02;2.7952245e-01;3.0250000e+02;2.8539684e-01;3.0250000e+02;3.2403269e-01;3.0250000e+02;3.0492538e-01;3.0250000e+02;2.3990241e-01;3.0250000e+02;1.8130206e-01;3.0250000e+02;1.3167514e-01;3.0250000e+02;8.6441092e-02;3.0250000e+02;4.4568781e-02;3.0250000e+02;1.9459054e-03;3.0250000e+02;-4.3460160e-02;3.0250000e+02;-8.8946573e-02;3.0250000e+02;-1.2958154e-01;3.0250000e+02;-5.0858431e-02;3.0250000e+02;-6.8039251e-03;3.0250000e+02;5.9733577e-02;3.0250000e+02;1.4080301e-01;3.0250000e+02;2.2576505e-01;3.0250000e+02;2.7952245e-01;3.0250000e+02;2.8539684e-01;3.0250000e+02;3.2403269e-01;3.0250000e+02;3.0492538e-01;3.0250000e+02;2.3990241e-01;3.0250000e+02;1.8130206e-01;3.0250000e+02;1.3167514e-01;3.0250000e+02;8.6441092e-02;3.0250000e+02;4.4568781e-02;3.0250000e+02;1.9459054e-03;3.0250000e+02;-4.3460160e-02;3.0250000e+02;-8.8946573e-02;3.0250000e+02;-1.2958154e-01;3.0250000e+02;-5.0858431e-02;3.0250000e+02;-6.8039251e-03;3.0250000e+02;5.9733577e-02;3.0250000e+02;1.4080301e-01;3.0250000e+02;2.2576505e-01;3.0250000e+02;2.7952245e-01;3.0250000e+02;2.8539684e-01;3.0250000e+02;3.2403269e-01;3.0250000e+02;3.0492538e-01;3.0250000e+02;2.3990241e-01;3.0250000e+02;1.8130206e-01;3.0250000e+02;1.3167514e-01;3.0250000e+02;8.6441092e-02;3.0250000e+02;4.4568781e-02;3.0250000e+02;1.9459054e-03;3.0250000e+02;-4.3460160e-02;3.0250000e+02;-8.8946573e-02;3.0250000e+02;-1.2958154e-01;3.0250000e+02;-5.0858431e-02;3.0250000e+02;-6.8039251e-03;3.0250000e+02;5.9733577e-02;3.0250000e+02;1.4080301e-01;3.0250000e+02;2.2576505e-01;3.0250000e+02;2.7952245e-01;3.0250000e+02;2.8539684e-01;3.0250000e+02;3.2403269e-01;3.0250000e+02;3.0492538e-01;3.0250000e+02;2.3990241e-01;3.0250000e+02;1.8130206e-01;3.0250000e+02;1.3167514e-01;3.0250000e+02;8.6441092e-02;3.0250000e+02;4.4568781e-02;3.0250000e+02;1.9459054e-03;3.0250000e+02;-4.3460160e-02;3.0250000e+02;-8.8946573e-02;3.0250000e+02;-1.2958154e-01;3.0250000e+02;-5.0858431e-02;3.0250000e+02;-6.8039251e-03;3.0250000e+02;5.9733577e-02;3.0250000e+02;1.4080301e-01;3.0250000e+02;2.2576505e-01;3.0250000e+02;2.7952245e-01;3.0250000e+02;2.8539684e-01;3.0250000e+02;3.2403269e-01;3.0250000e+02;3.0492538e-01;3.0250000e+02;2.3990241e-01;3.0250000e+02;1.8130206e-01;3.0250000e+02;1.3167514e-01;3.0250000e+02;8.6441092e-02;3.0250000e+02;4.4568781e-02;3.0250000e+02;1.9459054e-03;3.0250000e+02;-4.3460160e-02;3.0250000e+02;-8.8946573e-02;3.0250000e+02;-1.2958154e-01;3.0250000e+02;-5.0858431e-02;3.0250000e+02;-6.8039251e-03;3.0250000e+02;5.9733577e-02;3.0250000e+02;1.4080301e-01;3.0250000e+02;2.2576505e-01;3.0250000e+02;2.7952245e-01;3.0250000e+02;2.8539684e-01;3.0250000e+02;3.2403269e-01;3.0250000e+02;3.0492538e-01;3.0250000e+02;2.3990241e-01;3.0250000e+02;1.8130206e-01;3.0250000e+02;1.3167514e-01;3.0250000e+02;8.6441092e-02;3.0250000e+02;4.4568781e-02;3.0250000e+02;1.9459054e-03;3.0250000e+02;-4.3460160e-02;3.0250000e+02;-8.8946573e-02;3.0250000e+02;-1.2958154e-01;3.0250000e+02;-5.0858431e-02;3.0250000e+02;-6.8039251e-03;3.0250000e+02;5.9733577e-02;3.0250000e+02;1.4080301e-01;3.0250000e+02;2.2576505e-01;3.0250000e+02;2.7952245e-01;3.0250000e+02;2.8539684e-01;3.0250000e+02;3.2403269e-01;3.0250000e+02;3.0492538e-01;3.0250000e+02;2.3990241e-01;3.0250000e+02;1.8130206e-01;3.0250000e+02;1.3167514e-01;3.0250000e+02;8.6441092e-02;3.0250000e+02;4.4568781e-02;3.0250000e+02;1.9459054e-03;3.0250000e+02;-4.3460160e-02;3.0250000e+02;-8.8946573e-02;3.0250000e+02;-1.2958154e-01;3.0250000e+02;-5.0858431e-02;3.0250000e+02;-6.8039251e-03;3.0250000e+02;5.9733577e-02;3.0250000e+02;1.4080301e-01;3.0250000e+02;2.2576505e-01;3.0250000e+02;2.7952245e-01;3.0250000e+02;2.8539684e-01;3.0250000e+02;3.2403269e-01;3.0250000e+02;3.0492538e-01;3.0250000e+02;2.3990241e-01;3.0250000e+02;1.8130206e-01;3.0250000e+02;1.3167514e-01;3.0250000e+02;8.6441092e-02;3.0250000e+02;4.4568781e-02;3.0250000e+02;1.9459054e-03;3.0250000e+02;-4.3460160e-02;3.0250000e+02;-8.8946573e-02;3.0250000e+02;-1.2958154e-01;3.0250000e+02;-5.0858431e-02;3.0250000e+02;-6.8039251e-03;3.0250000e+02;5.9733577e-02;3.0250000e+02;1.4080301e-01;3.0250000e+02;2.2576505e-01;3.0250000e+02;2.7952245e-01;3.0250000e+02;2.8539684e-01;3.0250000e+02;3.2403269e-01;3.0250000e+02;3.0492538e-01;3.0250000e+02;2.3990241e-01;3.0250000e+02;1.8130206e-01;3.0250000e+02;1.3167514e-01;3.0250000e+02;8.6441092e-02;3.0250000e+02;4.4568781e-02;3.0250000e+02;1.9459054e-03;3.0250000e+02;-4.3460160e-02;3.0250000e+02;-8.8946573e-02;3.0250000e+02;-1.2958154e-01;3.0250000e+02;-5.0858431e-02;3.0250000e+02;-6.8039251e-03;3.0250000e+02;5.9733577e-02;3.0250000e+02;1.4080301e-01;3.0250000e+02;2.2576505e-01;3.0250000e+02;2.7952245e-01;3.0250000e+02;2.8539684e-01;3.0250000e+02;3.2403269e-01;3.0250000e+02;3.0492538e-01;3.0250000e+02;2.3990241e-01;3.0250000e+02;1.8130206e-01;3.0250000e+02;1.3167514e-01;3.0250000e+02;8.6441092e-02;3.0250000e+02;4.4568781e-02;3.0250000e+02;1.9459054e-03;3.0250000e+02;-4.3460160e-02;3.0250000e+02;-8.8946573e-02;3.0250000e+02;-1.2958154e-01;3.0250000e+02;-5.0858431e-02;3.0250000e+02;-6.8039251e-03;3.0250000e+02;5.9733577e-02;3.0250000e+02;1.4080301e-01;3.0250000e+02;2.2576505e-01;3.0250000e+02;2.7952245e-01;3.0250000e+02;2.8539684e-01;3.0250000e+02;3.2403269e-01;3.0250000e+02;3.0492538e-01;3.0250000e+02;2.3990241e-01;3.0250000e+02;1.8130206e-01;3.0250000e+02;1.3167514e-01;3.0250000e+02;8.6441092e-02;3.0250000e+02;4.4568781e-02;3.0250000e+02;1.9459054e-03;3.0250000e+02;-4.3460160e-02;3.0250000e+02;-8.8946573e-02;3.0250000e+02;-1.2958154e-01;3.0250000e+02;-5.0858431e-02;3.0250000e+02;-6.8039251e-03;3.0250000e+02;5.9733577e-02;3.0250000e+02;1.4080301e-01;3.0250000e+02;2.2576505e-01;3.0250000e+02;2.7952245e-01;3.0250000e+02;2.8539684e-01;3.0250000e+02;3.2403269e-01;3.0250000e+02;3.0492538e-01;3.0250000e+02;2.3990241e-01;3.0250000e+02;1.8130206e-01;3.0250000e+02;1.3167514e-01;3.0250000e+02;8.6441092e-02;3.0250000e+02;4.4568781e-02;3.0250000e+02;1.9459054e-03;3.0250000e+02;-4.3460160e-02;3.0250000e+02;-8.8946573e-02;3.0250000e+02;-1.2958154e-01;3.0250000e+02;-5.0858431e-02;3.0250000e+02;-6.8039251e-03;3.0250000e+02;5.9733577e-02;3.0250000e+02;1.4080301e-01;3.0250000e+02;2.2576505e-01;3.0250000e+02;2.7952245e-01;3.0250000e+02;2.8539684e-01;3.0250000e+02;3.2403269e-01;3.0250000e+02;3.0492538e-01;3.0250000e+02;2.3990241e-01;3.0250000e+02;1.8130206e-01;3.0250000e+02;1.3167514e-01;3.0250000e+02;8.6441092e-02;3.0250000e+02;4.4568781e-02;3.0250000e+02;1.9459054e-03;3.0250000e+02;-4.3460160e-02;3.0250000e+02;-8.8946573e-02;3.0250000e+02;-1.2958154e-01;3.0250000e+02;-5.0858431e-02;3.0250000e+02;-6.8039251e-03;3.0250000e+02;5.9733577e-02;3.0250000e+02;1.4080301e-01;3.0250000e+02;2.2576505e-01;3.0250000e+02;2.7952245e-01;3.0250000e+02;2.8539684e-01;3.0250000e+02;3.2403269e-01;3.0250000e+02;3.0492538e-01;3.0250000e+02;2.3990241e-01;3.0250000e+02;1.8130206e-01;3.0250000e+02;1.3167514e-01;3.0250000e+02;8.6441092e-02;3.0250000e+02;4.4568781e-02;3.0250000e+02;1.9459054e-03;3.0250000e+02;-4.3460160e-02;3.0250000e+02;-8.8946573e-02;3.0250000e+02;-1.2958154e-01;3.0250000e+02;-5.0858431e-02;3.0250000e+02;-6.8039251e-03;3.0250000e+02;5.9733577e-02;3.0250000e+02;1.4080301e-01;3.0250000e+02;2.2576505e-01;3.0250000e+02;2.7952245e-01;3.0250000e+02;2.8539684e-01;3.0250000e+02;3.2403269e-01;3.0250000e+02;3.0492538e-01;3.0250000e+02;2.3990241e-01;3.0250000e+02;1.8130206e-01;3.0250000e+02;1.3167514e-01;3.0250000e+02;8.6441092e-02;3.0250000e+02;4.4568781e-02;3.0250000e+02;1.9459054e-03;3.0250000e+02;-4.3460160e-02;3.0250000e+02;-8.8946573e-02;3.0250000e+02;-1.2958154e-01;3.0250000e+02;-5.0858431e-02;3.0250000e+02;-6.8039251e-03;3.0250000e+02;5.9733577e-02;3.0250000e+02;1.4080301e-01;3.0250000e+02;2.2576505e-01;3.0250000e+02;2.7952245e-01;3.0250000e+02;2.8539684e-01;3.0250000e+02;3.2403269e-01;3.0250000e+02;3.0492538e-01;3.0250000e+02;2.3990241e-01;3.0250000e+02;1.8130206e-01;3.0250000e+02;1.3167514e-01;3.0250000e+02;8.6441092e-02;3.0250000e+02;4.4568781e-02;3.0250000e+02;1.9459054e-03;3.0250000e+02;-4.3460160e-02;3.0250000e+02;-8.8946573e-02;3.0250000e+02;-1.2958154e-01;3.0250000e+02;-5.0858431e-02;3.0250000e+02;-6.8039251e-03;3.0250000e+02;5.9733577e-02;3.0250000e+02;1.4080301e-01;3.0250000e+02;2.2576505e-01;3.0250000e+02;2.7952245e-01;3.0250000e+02;2.8539684e-01;3.0250000e+02;3.2403269e-01;3.0250000e+02;3.0492538e-01;3.0250000e+02;2.3990241e-01;3.0250000e+02;1.8130206e-01;3.0250000e+02;1.3167514e-01;3.0250000e+02;8.6441092e-02;3.0250000e+02;4.4568781e-02;3.0250000e+02;1.9459054e-03;3.0250000e+02;-4.3460160e-02;3.0250000e+02;-8.8946573e-02;3.0250000e+02;-1.2958154e-01;3.0250000e+02;-5.0858431e-02;3.0250000e+02;-6.8039251e-03;3.0250000e+02;5.9733577e-02;3.0250000e+02;1.4080301e-01;3.0250000e+02;2.2576505e-01;3.0250000e+02;2.7952245e-01;3.0250000e+02;2.8539684e-01;3.0250000e+02;3.2403269e-01;3.0250000e+02;3.0492538e-01;3.0250000e+02;2.3990241e-01;3.0250000e+02;1.8130206e-01;3.0250000e+02;1.3167514e-01;3.0250000e+02;8.6441092e-02;3.0250000e+02;4.4568781e-02;3.0250000e+02;1.9459054e-03;3.0250000e+02;-4.3460160e-02;3.0250000e+02;-8.8946573e-02;3.0250000e+02;-1.2958154e-01;3.0250000e+02;-5.0858431e-02;3.0250000e+02;-6.8039251e-03;3.0250000e+02;5.9733577e-02;3.0250000e+02;1.4080301e-01;3.0250000e+02;2.2576505e-01;3.0250000e+02;2.7952245e-01;3.0250000e+02;2.8539684e-01;3.0250000e+02;3.2403269e-01;3.0250000e+02;3.0492538e-01;3.0250000e+02;2.3990241e-01;3.0250000e+02;1.8130206e-01;3.0250000e+02;1.3167514e-01;3.0250000e+02;8.6441092e-02;3.0250000e+02;4.4568781e-02;3.0250000e+02;1.9459054e-03;3.0250000e+02;-4.3460160e-02;3.0250000e+02;-8.8946573e-02;3.0250000e+02;-1.2958154e-01;3.0250000e+02;-5.0858431e-02;3.0250000e+02;-6.8039251e-03;3.0250000e+02;5.9733577e-02;3.0250000e+02;1.4080301e-01;3.0250000e+02;2.2576505e-01;3.0250000e+02;2.7952245e-01;3.0250000e+02;2.8539684e-01;3.0250000e+02;3.2403269e-01;3.0250000e+02;3.0492538e-01;3.0250000e+02;2.3990241e-01;3.0250000e+02;1.8130206e-01;3.0250000e+02;1.3167514e-01;3.0250000e+02;8.6441092e-02;3.0250000e+02;4.4568781e-02;3.0250000e+02;1.9459054e-03;3.0250000e+02;-4.3460160e-02;3.0250000e+02;-8.8946573e-02;3.0250000e+02;-1.2958154e-01;3.0250000e+02;-5.0858431e-02;3.0250000e+02;-6.8039251e-03;3.0250000e+02;5.9733577e-02;3.0250000e+02;1.4080301e-01;3.0250000e+02;2.2576505e-01;3.0250000e+02;2.7952245e-01;3.0250000e+02;2.8539684e-01;3.0250000e+02;3.2403269e-01;3.0250000e+02;3.0492538e-01;3.0250000e+02;2.3990241e-01;3.0250000e+02;1.8130206e-01;3.0250000e+02;1.3167514e-01;3.0250000e+02;8.6441092e-02;3.0250000e+02;4.4568781e-02;3.0250000e+02;1.9459054e-03;3.0250000e+02;-4.3460160e-02;3.0250000e+02;-8.8946573e-02;3.0250000e+02;-1.2958154e-01;3.0250000e+02;-5.0858431e-02;3.0250000e+02;-6.8039251e-03;3.0250000e+02;5.9733577e-02;3.0250000e+02;1.4080301e-01;3.0250000e+02;2.2576505e-01;3.0250000e+02;2.7952245e-01;3.0250000e+02;2.8539684e-01;3.0250000e+02;3.2403269e-01;3.0250000e+02;3.0492538e-01;3.0250000e+02;2.3990241e-01;3.0250000e+02;1.8130206e-01;3.0250000e+02;1.3167514e-01;3.0250000e+02;8.6441092e-02;3.0250000e+02;4.4568781e-02;3.0250000e+02;1.9459054e-03;3.0250000e+02;-4.3460160e-02;3.0250000e+02;-8.8946573e-02;3.0250000e+02;-1.2958154e-01;3.0250000e+02;-5.0858431e-02;3.0250000e+02;-6.8039251e-03;3.0250000e+02;5.9733577e-02;3.0250000e+02;1.4080301e-01;3.0250000e+02;2.2576505e-01;3.0250000e+02;2.7952245e-01;3.0250000e+02;2.8539684e-01;3.0250000e+02;3.2403269e-01;3.0250000e+02;3.0492538e-01;3.0250000e+02;2.3990241e-01;3.0250000e+02;1.8130206e-01;3.0250000e+02;1.3167514e-01;3.0250000e+02;8.6441092e-02;3.0250000e+02;4.4568781e-02;3.0250000e+02;1.9459054e-03;3.0250000e+02;-4.3460160e-02;3.0250000e+02;-8.8946573e-02;3.0250000e+02;-1.2958154e-01;3.0250000e+02;-5.0858431e-02;3.0250000e+02;-6.8039251e-03;3.0250000e+02;5.9733577e-02;3.0250000e+02;1.4080301e-01;3.0250000e+02;2.2576505e-01;3.0250000e+02;2.7952245e-01;3.0250000e+02;2.8539684e-01;3.0250000e+02;3.2403269e-01;3.0250000e+02;3.0492538e-01;3.0250000e+02;2.3990241e-01;3.0250000e+02;1.8130206e-01;3.0250000e+02;1.3167514e-01;3.0250000e+02;8.6441092e-02;3.0250000e+02;4.4568781e-02;3.0250000e+02;1.9459054e-03;3.0250000e+02;-4.3460160e-02;3.0250000e+02;-8.8946573e-02;3.0250000e+02;-1.2958154e-01;3.0250000e+02;-5.0858431e-02;3.0250000e+02;-6.8039251e-03;3.0250000e+02;5.9733577e-02;3.0250000e+02;1.4080301e-01;3.0250000e+02;2.2576505e-01;3.0250000e+02;2.7952245e-01;3.0250000e+02;2.8539684e-01;3.0250000e+02;3.2403269e-01;3.0250000e+02;3.0492538e-01;3.0250000e+02;2.3990241e-01;3.0250000e+02;1.8130206e-01;3.0250000e+02;1.3167514e-01;3.0250000e+02;8.6441092e-02;3.0250000e+02;4.4568781e-02;3.0250000e+02;1.9459054e-03;3.0250000e+02;-4.3460160e-02;3.0250000e+02;-8.8946573e-02;3.0250000e+02;-1.2958154e-01;3.0250000e+02;-5.0858431e-02;3.0250000e+02;-6.8039251e-03;3.0250000e+02;5.9733577e-02;3.0250000e+02;1.4080301e-01;3.0250000e+02;2.2576505e-01;3.0250000e+02;2.7952245e-01;3.0250000e+02;2.8539684e-01;3.0250000e+02;3.2403269e-01;3.0250000e+02;3.0492538e-01;3.0250000e+02;2.3990241e-01;3.0250000e+02;1.8130206e-01;3.0250000e+02;1.3167514e-01;3.0250000e+02;8.6441092e-02;3.0250000e+02;4.4568781e-02;3.0250000e+02;1.9459054e-03;3.0250000e+02;-4.3460160e-02;3.0250000e+02;-8.8946573e-02;3.0250000e+02;-1.2958154e-01;3.0250000e+02;-5.0858431e-02;3.0250000e+02;-6.8039251e-03;3.0250000e+02;5.9733577e-02;3.0250000e+02;1.4080301e-01;3.0250000e+02;2.2576505e-01;3.0250000e+02;2.7952245e-01;3.0250000e+02;2.8539684e-01;3.0250000e+02;3.2403269e-01;3.0250000e+02;3.0492538e-01;3.0250000e+02;2.3990241e-01;3.0250000e+02;1.8130206e-01;3.0250000e+02;1.3167514e-01;3.0250000e+02;8.6441092e-02;3.0250000e+02;4.4568781e-02;3.0250000e+02;1.9459054e-03;3.0250000e+02;-4.3460160e-02;3.0250000e+02;-8.8946573e-02;3.0250000e+02;-1.2958154e-01;3.0250000e+02;-5.0858431e-02;3.0250000e+02;-6.8039251e-03;3.0250000e+02;5.9733577e-02;3.0250000e+02;1.4080301e-01;3.0250000e+02;2.2576505e-01;3.0250000e+02;2.7952245e-01;3.0250000e+02;2.8539684e-01;3.0250000e+02;3.2403269e-01;3.0250000e+02;3.0492538e-01;3.0250000e+02;2.3990241e-01;3.0250000e+02;1.8130206e-01;3.0250000e+02;1.3167514e-01;3.0250000e+02;8.6441092e-02;3.0250000e+02;4.4568781e-02;3.0250000e+02;1.9459054e-03;3.0250000e+02;-4.3460160e-02;3.0250000e+02;-8.8946573e-02;3.0250000e+02;-1.2958154e-01;3.0250000e+02;-5.0858431e-02;3.0250000e+02;-6.8039251e-03;3.0250000e+02;5.9733577e-02;3.0250000e+02;1.4080301e-01;3.0250000e+02;2.2576505e-01;3.0250000e+02;2.7952245e-01;3.0250000e+02;2.8539684e-01;3.0250000e+02;3.2403269e-01;3.0250000e+02;3.0492538e-01;3.0250000e+02;2.3990241e-01;3.0250000e+02;1.8130206e-01;3.0250000e+02;1.3167514e-01;3.0250000e+02;8.6441092e-02;3.0250000e+02;4.4568781e-02;3.0250000e+02;1.9459054e-03;3.0250000e+02;-4.3460160e-02;3.0250000e+02;-8.8946573e-02;3.0250000e+02;-1.2958154e-01;3.0250000e+02;-5.0858431e-02;3.0250000e+02;-6.8039251e-03;3.0250000e+02;5.9733577e-02;3.0250000e+02;1.4080301e-01;3.0250000e+02;2.2576505e-01;3.0250000e+02;2.7952245e-01;3.0250000e+02;2.8539684e-01;3.0250000e+02;3.2403269e-01;3.0250000e+02;3.0492538e-01;3.0250000e+02;2.3990241e-01;3.0250000e+02;1.8130206e-01;3.0250000e+02;1.3167514e-01;3.0250000e+02;8.6441092e-02;3.0250000e+02;4.4568781e-02;3.0250000e+02;1.9459054e-03;3.0250000e+02;-4.3460160e-02;3.0250000e+02;-8.8946573e-02;3.0250000e+02;-1.2958154e-01;3.0250000e+02;-5.0858431e-02;3.0250000e+02;-6.8039251e-03;3.0250000e+02;5.9733577e-02;3.0250000e+02;1.4080301e-01;3.0250000e+02;2.2576505e-01;3.0250000e+02;2.7952245e-01;3.0250000e+02;2.8539684e-01;3.0250000e+02;3.2403269e-01;3.0250000e+02;3.0492538e-01;3.0250000e+02;2.3990241e-01;3.0250000e+02;1.8130206e-01;3.0250000e+02;1.3167514e-01;3.0250000e+02;8.6441092e-02;3.0250000e+02;4.4568781e-02;3.0250000e+02;1.9459054e-03;3.0250000e+02;-4.3460160e-02;3.0250000e+02;-8.8946573e-02;3.0250000e+02;-1.2958154e-01;3.0250000e+02;-5.0858431e-02;3.0250000e+02;-6.8039251e-03;3.0250000e+02;5.9733577e-02;3.0250000e+02;1.4080301e-01;3.0250000e+02;2.2576505e-01;3.0250000e+02;2.7952245e-01;3.0250000e+02;2.8539684e-01;3.0250000e+02;3.2403269e-01;3.0250000e+02;3.0492538e-01;3.0250000e+02;2.3990241e-01;3.0250000e+02;1.8130206e-01;3.0250000e+02;1.3167514e-01;3.0250000e+02;8.6441092e-02;3.0250000e+02;4.4568781e-02;3.0250000e+02;1.9459054e-03;3.0250000e+02;-4.3460160e-02;3.0250000e+02;-8.8946573e-02;3.0250000e+02;-1.2958154e-01;3.0250000e+02;-5.0858431e-02;3.0250000e+02;-6.8039251e-03;3.0250000e+02;5.9733577e-02;3.0250000e+02;1.4080301e-01;3.0250000e+02;2.2576505e-01;3.0250000e+02;2.7952245e-01;3.0250000e+02;2.8539684e-01;3.0250000e+02;3.2403269e-01;3.0250000e+02;3.0492538e-01;3.0250000e+02;2.3990241e-01;3.0250000e+02;1.8130206e-01;3.0250000e+02;1.3167514e-01;3.0250000e+02;8.6441092e-02;3.0250000e+02;4.4568781e-02;3.0250000e+02;1.9459054e-03;3.0250000e+02;-4.3460160e-02;3.0250000e+02;-8.8946573e-02;3.0250000e+02;-1.2958154e-01;3.0250000e+02;-5.0858431e-02;3.0250000e+02;-6.8039251e-03;3.0250000e+02;5.9733577e-02;3.0250000e+02;1.4080301e-01;3.0250000e+02;2.2576505e-01;3.0250000e+02;2.7952245e-01;3.0250000e+02;2.8539684e-01;3.0250000e+02;3.2403269e-01;3.0250000e+02;3.0492538e-01;3.0250000e+02;2.3990241e-01;3.0250000e+02;1.8130206e-01;3.0250000e+02;1.3167514e-01;3.0250000e+02;8.6441092e-02;3.0250000e+02;4.4568781e-02;3.0250000e+02;1.9459054e-03;3.0250000e+02;-4.3460160e-02;3.0250000e+02;-8.8946573e-02;3.0250000e+02;-1.2958154e-01;3.0250000e+02;-5.0858431e-02;3.0250000e+02;-6.8039251e-03;3.0250000e+02;5.9733577e-02;3.0250000e+02;1.4080301e-01;3.0250000e+02;2.2576505e-01;3.0250000e+02;2.7952245e-01;3.0250000e+02;2.8539684e-01;3.0250000e+02;3.2403269e-01;3.0250000e+02;3.0492538e-01;3.0250000e+02;2.3990241e-01;3.0250000e+02;1.8130206e-01;3.0250000e+02;1.3167514e-01;3.0250000e+02;8.6441092e-02;3.0250000e+02;4.4568781e-02;3.0250000e+02;1.9459054e-03;3.0250000e+02;-4.3460160e-02;3.0250000e+02;-8.8946573e-02;3.0250000e+02;-1.2958154e-01;3.0250000e+02;-5.0858431e-02;3.0250000e+02;-6.8039251e-03;3.0250000e+02;5.9733577e-02;3.0250000e+02;1.4080301e-01;3.0250000e+02;2.2576505e-01;3.0250000e+02;2.7952245e-01;3.0250000e+02;2.8539684e-01;3.0250000e+02;3.2403269e-01;3.0250000e+02;3.0492538e-01;3.0250000e+02;2.3990241e-01;3.0250000e+02;1.8130206e-01;3.0250000e+02;1.3167514e-01;3.0250000e+02;8.6441092e-02;3.0250000e+02;4.4568781e-02;3.0250000e+02;1.9459054e-03;3.0250000e+02;-4.3460160e-02;3.0250000e+02;-8.8946573e-02;3.0250000e+02;-1.2958154e-01;3.0250000e+02;-5.0858431e-02;3.0250000e+02;-6.8039251e-03;3.0250000e+02;5.9733577e-02;3.0250000e+02;1.4080301e-01;3.0250000e+02;2.2576505e-01;3.0250000e+02;2.7952245e-01;3.0250000e+02;2.8539684e-01;3.0250000e+02;3.2403269e-01;3.0250000e+02;3.0492538e-01;3.0250000e+02;2.3990241e-01;3.0250000e+02;1.8130206e-01;3.0250000e+02;1.3167514e-01;3.0250000e+02;8.6441092e-02;3.0250000e+02;4.4568781e-02;3.0250000e+02;1.9459054e-03;3.0250000e+02;-4.3460160e-02;3.0250000e+02;-8.8946573e-02;3.0250000e+02;-1.2958154e-01;3.0250000e+02;-5.0858431e-02;3.0250000e+02;-6.8039251e-03;3.0250000e+02;5.9733577e-02;3.0250000e+02;1.4080301e-01;3.0250000e+02;2.2576505e-01;3.0250000e+02;2.7952245e-01;3.0250000e+02;2.8539684e-01;3.0250000e+02;3.2403269e-01;3.0250000e+02;3.0492538e-01;3.0250000e+02;2.3990241e-01;3.0250000e+02;1.8130206e-01;3.0250000e+02;1.3167514e-01;3.0250000e+02;8.6441092e-02;3.0250000e+02;4.4568781e-02;3.0250000e+02;1.9459054e-03;3.0250000e+02;-4.3460160e-02;3.0250000e+02;-8.8946573e-02;3.0250000e+02;-1.2958154e-01;3.0250000e+02;-5.0858431e-02;3.0250000e+02;-6.8039251e-03;3.0250000e+02;5.9733577e-02;3.0250000e+02;1.4080301e-01;3.0250000e+02;2.2576505e-01;3.0250000e+02;2.7952245e-01;3.0250000e+02;2.8539684e-01;3.0250000e+02;3.2403269e-01;3.0250000e+02;3.0492538e-01;3.0250000e+02;2.3990241e-01;3.0250000e+02;1.8130206e-01;3.0250000e+02;1.3167514e-01;3.0250000e+02;8.6441092e-02;3.0250000e+02;4.4568781e-02;3.0250000e+02;1.9459054e-03;3.0250000e+02;-4.3460160e-02;3.0250000e+02;-8.8946573e-02;3.0250000e+02;-1.2958154e-01;3.0250000e+02;-5.0858431e-02;3.0250000e+02;-6.8039251e-03;3.0250000e+02;5.9733577e-02;3.0250000e+02;1.4080301e-01;3.0250000e+02;2.2576505e-01;3.0250000e+02;2.7952245e-01;3.0250000e+02;2.8539684e-01;3.0250000e+02;3.2403269e-01;3.0250000e+02;3.0492538e-01;3.0250000e+02;2.3990241e-01;3.0250000e+02;1.8130206e-01;3.0250000e+02;1.3167514e-01;3.0250000e+02;8.6441092e-02;3.0250000e+02;4.4568781e-02;3.0250000e+02;1.9459054e-03;3.0250000e+02;-4.3460160e-02;3.0250000e+02;-8.8946573e-02;3.0250000e+02;-1.2958154e-01;3.0250000e+02;-5.0858431e-02;3.0250000e+02;-6.8039251e-03;3.0250000e+02;5.9733577e-02;3.0250000e+02;1.4080301e-01;3.0250000e+02;2.2576505e-01;3.0250000e+02;2.7952245e-01;3.0250000e+02;2.8539684e-01;3.0250000e+02;3.2403269e-01;3.0250000e+02;3.0492538e-01;3.0250000e+02;2.3990241e-01;3.0250000e+02;1.8130206e-01;3.0250000e+02;1.3167514e-01;3.0250000e+02;8.6441092e-02;3.0250000e+02;4.4568781e-02;3.0250000e+02;1.9459054e-03;3.0250000e+02;-4.3460160e-02;3.0250000e+02;-8.8946573e-02;3.0250000e+02;-1.2958154e-01;3.0250000e+02;-5.0858431e-02;3.0250000e+02;-6.8039251e-03;3.0250000e+02;5.9733577e-02;3.0250000e+02;1.4080301e-01;3.0250000e+02;2.2576505e-01;3.0250000e+02;2.7952245e-01;3.0250000e+02;2.8539684e-01;3.0250000e+02;3.2403269e-01;3.0250000e+02;3.0492538e-01;3.0250000e+02;2.3990241e-01;3.0250000e+02;1.8130206e-01;3.0250000e+02;1.3167514e-01;3.0250000e+02;8.6441092e-02;3.0250000e+02;4.4568781e-02;3.0250000e+02;1.9459054e-03;3.0250000e+02;-4.3460160e-02;3.0250000e+02;-8.8946573e-02;3.0250000e+02;-1.2958154e-01;3.0250000e+02;-5.0858431e-02;3.0250000e+02;-6.8039251e-03;3.0250000e+02;5.9733577e-02;3.0250000e+02;1.4080301e-01;3.0250000e+02;2.2576505e-01;3.0250000e+02;2.7952245e-01;3.0250000e+02;2.8539684e-01;3.0250000e+02;3.2403269e-01;3.0250000e+02;3.0492538e-01;3.0250000e+02;2.3990241e-01;3.0250000e+02;1.8130206e-01;3.0250000e+02;1.3167514e-01;3.0250000e+02;8.6441092e-02;3.0250000e+02;4.4568781e-02;3.0250000e+02;1.9459054e-03;3.0250000e+02;-4.3460160e-02;3.0250000e+02;-8.8946573e-02;3.0250000e+02;-1.2958154e-01;3.0250000e+02;-5.0858431e-02;3.0250000e+02;-6.8039251e-03;3.0250000e+02;5.9733577e-02;3.0250000e+02;1.4080301e-01;3.0250000e+02;2.2576505e-01;3.0250000e+02;2.7952245e-01;3.0250000e+02;2.8539684e-01;3.0250000e+02;3.2403269e-01;3.0250000e+02;3.0492538e-01;3.0250000e+02;2.3990241e-01;3.0250000e+02;1.8130206e-01;3.0250000e+02;1.3167514e-01;3.0250000e+02;8.6441092e-02;3.0250000e+02;4.4568781e-02;3.0250000e+02;1.9459054e-03;3.0250000e+02;-4.3460160e-02;3.0250000e+02;-8.8946573e-02;3.0250000e+02;-1.2958154e-01;3.0250000e+02;-5.0858431e-02;3.0250000e+02;-6.8039251e-03;3.0250000e+02;5.9733577e-02;3.0250000e+02;1.4080301e-01;3.0250000e+02;2.2576505e-01;3.0250000e+02;2.7952245e-01;3.0250000e+02;2.8539684e-01;3.0250000e+02;3.2403269e-01;3.0250000e+02;3.0492538e-01;3.0250000e+02;2.3990241e-01;3.0250000e+02;1.8130206e-01;3.0250000e+02;1.3167514e-01;3.0250000e+02;8.6441092e-02;3.0250000e+02;4.4568781e-02;3.0250000e+02;1.9459054e-03;3.0250000e+02;-4.3460160e-02;3.0250000e+02;-8.8946573e-02;3.0250000e+02;-1.2958154e-01;3.0250000e+02;-5.0858431e-02;3.0250000e+02;-6.8039251e-03;3.0250000e+02;5.9733577e-02;3.0250000e+02;1.4080301e-01;3.0250000e+02;2.2576505e-01;3.0250000e+02;2.7952245e-01;3.0250000e+02;2.8539684e-01;3.0250000e+02;3.2403269e-01;3.0250000e+02;3.0492538e-01;3.0250000e+02;2.3990241e-01;3.0250000e+02;1.8130206e-01;3.0250000e+02;1.3167514e-01;3.0250000e+02;8.6441092e-02;3.0250000e+02;4.4568781e-02;3.0250000e+02;1.9459054e-03;3.0250000e+02;-4.3460160e-02;3.0250000e+02;-8.8946573e-02;3.0250000e+02;-1.2958154e-01;3.0250000e+02;-5.0858431e-02;3.0250000e+02;-6.8039251e-03;3.0250000e+02;5.9733577e-02;3.0250000e+02;1.4080301e-01;3.0250000e+02;2.2576505e-01;3.0250000e+02;2.7952245e-01;3.0250000e+02;2.8539684e-01;3.0250000e+02;3.2403269e-01;3.0250000e+02;3.0492538e-01;3.0250000e+02;2.3990241e-01;3.0250000e+02;1.8130206e-01;3.0250000e+02;1.3167514e-01;3.0250000e+02;8.6441092e-02;3.0250000e+02;4.4568781e-02;3.0250000e+02;1.9459054e-03;3.0250000e+02;-4.3460160e-02;3.0250000e+02;-8.8946573e-02;3.0250000e+02;-1.2958154e-01;3.0250000e+02;-5.0858431e-02;3.0250000e+02;-6.8039251e-03;3.0250000e+02;5.9733577e-02;3.0250000e+02;1.4080301e-01;3.0250000e+02;2.2576505e-01;3.0250000e+02;2.7952245e-01;3.0250000e+02;2.8539684e-01;3.0250000e+02;3.2403269e-01;3.0250000e+02;3.0492538e-01;3.0250000e+02;2.3990241e-01;3.0250000e+02;1.8130206e-01;3.0250000e+02;1.3167514e-01;3.0250000e+02;8.6441092e-02;3.0250000e+02;4.4568781e-02;3.0250000e+02;1.9459054e-03;3.0250000e+02;-4.3460160e-02;3.0250000e+02;-8.8946573e-02;3.0250000e+02;-1.2958154e-01;3.0250000e+02;-5.0858431e-02;3.0250000e+02;-6.8039251e-03;3.0250000e+02;5.9733577e-02;3.0250000e+02;1.4080301e-01;3.0250000e+02;2.2576505e-01;3.0250000e+02;2.7952245e-01;3.0250000e+02;2.8539684e-01;3.0250000e+02;3.2403269e-01;3.0250000e+02;3.0492538e-01;3.0250000e+02;2.3990241e-01;3.0250000e+02;1.8130206e-01;3.0250000e+02;1.3167514e-01;3.0250000e+02;8.6441092e-02;3.0250000e+02;4.4568781e-02;3.0250000e+02;1.9459054e-03;3.0250000e+02;-4.3460160e-02;3.0250000e+02;-8.8946573e-02;3.0250000e+02;-1.2958154e-01;3.0250000e+02;-5.0858431e-02;3.0250000e+02;-6.8039251e-03;3.0250000e+02;5.9733577e-02;3.0250000e+02;1.4080301e-01;3.0250000e+02;2.2576505e-01;3.0250000e+02;2.7952245e-01;3.0250000e+02;2.8539684e-01;3.0250000e+02;3.2403269e-01;3.0250000e+02;3.0492538e-01;3.0250000e+02;2.3990241e-01;3.0250000e+02;1.8130206e-01;3.0250000e+02;1.3167514e-01;3.0250000e+02;8.6441092e-02;3.0250000e+02;4.4568781e-02;3.0250000e+02;1.9459054e-03;3.0250000e+02;-4.3460160e-02;3.0250000e+02;-8.8946573e-02;3.0250000e+02;-1.2958154e-01;3.0250000e+02;-5.0858431e-02;3.0250000e+02;-6.8039251e-03;3.0250000e+02;5.9733577e-02;3.0250000e+02;1.4080301e-01;3.0250000e+02;2.2576505e-01;3.0250000e+02;2.7952245e-01;3.0250000e+02;2.8539684e-01;3.0250000e+02;3.2403269e-01;3.0250000e+02;3.0492538e-01;3.0250000e+02;2.3990241e-01;3.0250000e+02;1.8130206e-01;3.0250000e+02;1.3167514e-01;3.0250000e+02;8.6441092e-02;3.0250000e+02;4.4568781e-02;3.0250000e+02;1.9459054e-03;3.0250000e+02;-4.3460160e-02;3.0250000e+02;-8.8946573e-02;3.0250000e+02;-1.2958154e-01;3.0250000e+02;-5.0858431e-02;3.0250000e+02;-6.8039251e-03;3.0250000e+02;5.9733577e-02;3.0250000e+02;1.4080301e-01;3.0250000e+02;2.2576505e-01;3.0250000e+02;2.7952245e-01;3.0250000e+02;2.8539684e-01;3.0250000e+02;3.2403269e-01;3.0250000e+02;3.0492538e-01;3.0250000e+02;2.3990241e-01;3.0250000e+02;1.8130206e-01;3.0250000e+02;1.3167514e-01;3.0250000e+02;8.6441092e-02;3.0250000e+02;4.4568781e-02;3.0250000e+02;1.9459054e-03;3.0250000e+02;-4.3460160e-02;3.0250000e+02;-8.8946573e-02;3.0250000e+02;-1.2958154e-01;3.0250000e+02;-5.0858431e-02;3.0250000e+02;-6.8039251e-03;3.0250000e+02;5.9733577e-02;3.0250000e+02;1.4080301e-01;3.0250000e+02;2.2576505e-01;3.0250000e+02;2.7952245e-01;3.0250000e+02;2.8539684e-01;3.0250000e+02;3.2403269e-01;3.0250000e+02;3.0492538e-01;3.0250000e+02;2.3990241e-01;3.0250000e+02;1.8130206e-01;3.0250000e+02;1.3167514e-01;3.0250000e+02;8.6441092e-02;3.0250000e+02;4.4568781e-02;3.0250000e+02;1.9459054e-03;3.0250000e+02;-4.3460160e-02;3.0250000e+02;-8.8946573e-02;3.0250000e+02;-1.2958154e-01;3.0250000e+02;-5.0858431e-02;3.0250000e+02;-6.8039251e-03;3.0250000e+02;5.9733577e-02;3.0250000e+02;1.4080301e-01;3.0250000e+02;2.2576505e-01;3.0250000e+02;2.7952245e-01;3.0250000e+02;2.8539684e-01;3.0250000e+02;3.2403269e-01;3.0250000e+02;3.0492538e-01;3.0250000e+02;2.3990241e-01;3.0250000e+02;1.8130206e-01;3.0250000e+02;1.3167514e-01;3.0250000e+02;8.6441092e-02;3.0250000e+02;4.4568781e-02;3.0250000e+02;1.9459054e-03;3.0250000e+02;-4.3460160e-02;3.0250000e+02;-8.8946573e-02;3.0250000e+02;-1.2958154e-01;3.0250000e+02;-5.0858431e-02;3.0250000e+02;-6.8039251e-03;3.0250000e+02;5.9733577e-02;3.0250000e+02;1.4080301e-01;3.0250000e+02;2.2576505e-01;3.0250000e+02;2.7952245e-01;3.0250000e+02;2.8539684e-01;3.0250000e+02;3.2403269e-01;3.0250000e+02;3.0492538e-01;3.0250000e+02;2.3990241e-01;3.0250000e+02;1.8130206e-01;3.0250000e+02;1.3167514e-01;3.0250000e+02;8.6441092e-02;3.0250000e+02;4.4568781e-02;3.0250000e+02;1.9459054e-03;3.0250000e+02;-4.3460160e-02;3.0250000e+02;-8.8946573e-02;3.0250000e+02;-1.2958154e-01;3.0250000e+02;-5.0858431e-02;3.0250000e+02;-6.8039251e-03;3.0250000e+02;5.9733577e-02;3.0250000e+02;1.4080301e-01;3.0250000e+02;2.2576505e-01;3.0250000e+02;2.7952245e-01;3.0250000e+02;2.8539684e-01;3.0250000e+02;3.2403269e-01;3.0250000e+02;3.0492538e-01;3.0250000e+02;2.3990241e-01;3.0250000e+02;1.8130206e-01;3.0250000e+02;1.3167514e-01;3.0250000e+02;8.6441092e-02;3.0250000e+02;4.4568781e-02;3.0250000e+02;1.9459054e-03;3.0250000e+02;-4.3460160e-02;3.0250000e+02;-8.8946573e-02;3.0250000e+02;-1.2958154e-01;3.0250000e+02;-5.0858431e-02;3.0250000e+02;-6.8039251e-03;3.0250000e+02;5.9733577e-02;3.0250000e+02;1.4080301e-01;3.0250000e+02;2.2576505e-01;3.0250000e+02;2.7952245e-01;3.0250000e+02;2.8539684e-01;3.0250000e+02;3.2403269e-01;3.0250000e+02;3.0492538e-01;3.0250000e+02;2.3990241e-01;3.0250000e+02;1.8130206e-01;3.0250000e+02;1.3167514e-01;3.0250000e+02;8.6441092e-02;3.0250000e+02;4.4568781e-02;3.0250000e+02;1.9459054e-03;3.0250000e+02;-4.3460160e-02;3.0250000e+02;-8.8946573e-02;3.0250000e+02;-1.2958154e-01;3.0250000e+02;-5.0858431e-02;3.0250000e+02;-6.8039251e-03;3.0250000e+02;5.9733577e-02;3.0250000e+02;1.4080301e-01;3.0250000e+02;2.2576505e-01;3.0250000e+02;2.7952245e-01;3.0250000e+02;2.8539684e-01;3.0250000e+02;3.2403269e-01;3.0250000e+02;3.0492538e-01;3.0250000e+02;2.3990241e-01;3.0250000e+02;1.8130206e-01;3.0250000e+02;1.3167514e-01;3.0250000e+02;8.6441092e-02;3.0250000e+02;4.4568781e-02;3.0250000e+02;1.9459054e-03;3.0250000e+02;-4.3460160e-02;3.0250000e+02;-8.8946573e-02;3.0250000e+02;-1.2958154e-01;3.0250000e+02;-5.0858431e-02;3.0250000e+02;-6.8039251e-03;3.0250000e+02;5.9733577e-02;3.0250000e+02;1.4080301e-01;3.0250000e+02;2.2576505e-01;3.0250000e+02;2.7952245e-01;3.0250000e+02;2.8539684e-01;3.0250000e+02;3.2403269e-01;3.0250000e+02;3.0492538e-01;3.0250000e+02;2.3990241e-01;3.0250000e+02;1.8130206e-01;3.0250000e+02;1.3167514e-01;3.0250000e+02;8.6441092e-02;3.0250000e+02;4.4568781e-02;3.0250000e+02;1.9459054e-03;3.0250000e+02;-4.3460160e-02;3.0250000e+02;-8.8946573e-02;3.0250000e+02;-1.2958154e-01;3.0250000e+02;-5.0858431e-02;3.0250000e+02;-6.8039251e-03;3.0250000e+02;5.9733577e-02;3.0250000e+02;1.4080301e-01;3.0250000e+02;2.2576505e-01;3.0250000e+02;2.7952245e-01;3.0250000e+02;2.8539684e-01;3.0250000e+02;3.2403269e-01;3.0250000e+02;3.0492538e-01;3.0250000e+02;2.3990241e-01;3.0250000e+02;1.8130206e-01;3.0250000e+02;1.3167514e-01;3.0250000e+02;8.6441092e-02;3.0250000e+02;4.4568781e-02;3.0250000e+02;1.9459054e-03;3.0250000e+02;-4.3460160e-02;3.0250000e+02;-8.8946573e-02;3.0250000e+02;-1.2958154e-01;3.0250000e+02;-5.0858431e-02;3.0250000e+02;-6.8039251e-03;3.0250000e+02;5.9733577e-02;3.0250000e+02;1.4080301e-01;3.0250000e+02;2.2576505e-01;3.0250000e+02;2.7952245e-01;3.0250000e+02;2.8539684e-01;3.0250000e+02;3.2403269e-01;3.0250000e+02;3.0492538e-01;3.0250000e+02;2.3990241e-01;3.0250000e+02;1.8130206e-01;3.0250000e+02;1.3167514e-01;3.0250000e+02;8.6441092e-02;3.0250000e+02;4.4568781e-02;3.0250000e+02;1.9459054e-03;3.0250000e+02;-4.3460160e-02;3.0250000e+02;-8.8946573e-02;3.0250000e+02;-1.2958154e-01;3.0250000e+02;-5.0858431e-02;3.0250000e+02;-6.8039251e-03;3.0250000e+02;5.9733577e-02;3.0250000e+02;1.4080301e-01;3.0250000e+02;2.2576505e-01;3.0250000e+02;2.7952245e-01;3.0250000e+02;2.8539684e-01;3.0250000e+02;3.2403269e-01;3.0250000e+02;3.0492538e-01;3.0250000e+02;2.3990241e-01;3.0250000e+02;1.8130206e-01;3.0250000e+02;1.3167514e-01;3.0250000e+02;8.6441092e-02;3.0250000e+02;4.4568781e-02;3.0250000e+02;1.9459054e-03;3.0250000e+02;-4.3460160e-02;3.0250000e+02;-8.8946573e-02;3.0250000e+02;-1.2958154e-01;3.0250000e+02;-5.0858431e-02;3.0250000e+02;-6.8039251e-03;3.0250000e+02;5.9733577e-02;3.0250000e+02;1.4080301e-01;3.0250000e+02;2.2576505e-01;3.0250000e+02;2.7952245e-01;3.0250000e+02;2.8539684e-01;3.0250000e+02;3.2403269e-01;3.0250000e+02;3.0492538e-01;3.0250000e+02;2.3990241e-01;3.0250000e+02;1.8130206e-01;3.0250000e+02;1.3167514e-01;3.0250000e+02;8.6441092e-02;3.0250000e+02;4.4568781e-02;3.0250000e+02;1.9459054e-03;3.0250000e+02;-4.3460160e-02;3.0250000e+02;-8.8946573e-02;3.0250000e+02;-1.2958154e-01;3.0250000e+02;-5.0858431e-02;3.0250000e+02;-6.8039251e-03;3.0250000e+02;5.9733577e-02;3.0250000e+02;1.4080301e-01;3.0250000e+02;2.2576505e-01;3.0250000e+02;2.7952245e-01;3.0250000e+02;2.8539684e-01;3.0250000e+02;3.2403269e-01;3.0250000e+02;3.0492538e-01;3.0250000e+02;2.3990241e-01;3.0250000e+02;1.8130206e-01;3.0250000e+02;1.3167514e-01;3.0250000e+02;8.6441092e-02;3.0250000e+02;4.4568781e-02;3.0250000e+02;1.9459054e-03;3.0250000e+02;-4.3460160e-02;3.0250000e+02;-8.8946573e-02;3.0250000e+02;-1.2958154e-01;3.0250000e+02;-5.0858431e-02;3.0250000e+02;-6.8039251e-03;3.0250000e+02;5.9733577e-02;3.0250000e+02;1.4080301e-01;3.0250000e+02;2.2576505e-01;3.0250000e+02;2.7952245e-01;3.0250000e+02;2.8539684e-01;3.0250000e+02;3.2403269e-01;3.0250000e+02;3.0492538e-01;3.0250000e+02;2.3990241e-01;3.0250000e+02;1.8130206e-01;3.0250000e+02;1.3167514e-01;3.0250000e+02;8.6441092e-02;3.0250000e+02;4.4568781e-02;3.0250000e+02;1.9459054e-03;3.0250000e+02;-4.3460160e-02;3.0250000e+02;-8.8946573e-02;3.0250000e+02;-1.2958154e-01;3.0250000e+02;-5.0858431e-02;3.0250000e+02;-6.8039251e-03;3.0250000e+02;5.9733577e-02;3.0250000e+02;1.4080301e-01;3.0250000e+02;2.2576505e-01;3.0250000e+02;2.7952245e-01;3.0250000e+02;2.8539684e-01;3.0250000e+02;3.2403269e-01;3.0250000e+02;3.0492538e-01;3.0250000e+02;2.3990241e-01;3.0250000e+02;1.8130206e-01;3.0250000e+02;1.3167514e-01;3.0250000e+02;8.6441092e-02;3.0250000e+02;4.4568781e-02;3.0250000e+02;1.9459054e-03;3.0250000e+02;-4.3460160e-02;3.0250000e+02;-8.8946573e-02;3.0250000e+02;-1.2958154e-01;3.0250000e+02;-5.0858431e-02;3.0250000e+02;-6.8039251e-03;3.0250000e+02;5.9733577e-02;3.0250000e+02;1.4080301e-01;3.0250000e+02;2.2576505e-01;3.0250000e+02;2.7952245e-01;3.0250000e+02;2.8539684e-01;3.0250000e+02;3.2403269e-01;3.0250000e+02;3.0492538e-01;3.0250000e+02;2.3990241e-01;3.0250000e+02;1.8130206e-01;3.0250000e+02;1.3167514e-01;3.0250000e+02;8.6441092e-02;3.0250000e+02;4.4568781e-02;3.0250000e+02;1.9459054e-03;3.0250000e+02;-4.3460160e-02;3.0250000e+02;-8.8946573e-02;3.0250000e+02;-1.2958154e-01;3.0250000e+02;-5.0858431e-02;3.0250000e+02;-6.8039251e-03;3.0250000e+02;5.9733577e-02;3.0250000e+02;1.4080301e-01;3.0250000e+02;2.2576505e-01;3.0250000e+02;2.7952245e-01;3.0250000e+02;2.8539684e-01;3.0250000e+02;3.2403269e-01;3.0250000e+02;3.0492538e-01;3.0250000e+02;2.3990241e-01;3.0250000e+02;1.8130206e-01;3.0250000e+02;1.3167514e-01;3.0250000e+02;8.6441092e-02;3.0250000e+02;4.4568781e-02;3.0250000e+02;1.9459054e-03;3.0250000e+02;-4.3460160e-02;3.0250000e+02;-8.8946573e-02;3.0250000e+02;-1.2958154e-01;3.0250000e+02;-5.0858431e-02;3.0250000e+02;-6.8039251e-03;3.0250000e+02;5.9733577e-02;3.0250000e+02;1.4080301e-01;3.0250000e+02;2.2576505e-01;3.0250000e+02;2.7952245e-01;3.0250000e+02;2.8539684e-01;3.0250000e+02;3.2403269e-01;3.0250000e+02;3.0492538e-01;3.0250000e+02;2.3990241e-01;3.0250000e+02;1.8130206e-01;3.0250000e+02;1.3167514e-01;3.0250000e+02;8.6441092e-02;3.0250000e+02;4.4568781e-02;3.0250000e+02;1.9459054e-03;3.0250000e+02;-4.3460160e-02;3.0250000e+02;-8.8946573e-02;3.0250000e+02;-1.2958154e-01;3.0250000e+02;-5.0858431e-02;3.0250000e+02;-6.8039251e-03;3.0250000e+02;5.9733577e-02;3.0250000e+02;1.4080301e-01;3.0250000e+02;2.2576505e-01;3.0250000e+02;2.7952245e-01;3.0250000e+02;2.8539684e-01;3.0250000e+02;3.2403269e-01;3.0250000e+02;3.0492538e-01;3.0250000e+02;2.3990241e-01;3.0250000e+02;1.8130206e-01;3.0250000e+02;1.3167514e-01;3.0250000e+02;8.6441092e-02;3.0250000e+02;4.4568781e-02;3.0250000e+02;1.9459054e-03;3.0250000e+02;-4.3460160e-02;3.0250000e+02;-8.8946573e-02;3.0250000e+02;-1.2958154e-01;3.0250000e+02;-5.0858431e-02;3.0250000e+02;-6.8039251e-03;3.0250000e+02;5.9733577e-02;3.0250000e+02;1.4080301e-01;3.0250000e+02;2.2576505e-01;3.0250000e+02;2.7952245e-01;3.0250000e+02;2.8539684e-01;3.0250000e+02;3.2403269e-01;3.0250000e+02;3.0492538e-01;3.0250000e+02;2.3990241e-01;3.0250000e+02;1.8130206e-01;3.0250000e+02;1.3167514e-01;3.0250000e+02;8.6441092e-02;3.0250000e+02;4.4568781e-02;3.0250000e+02;1.9459054e-03;3.0250000e+02;-4.3460160e-02;3.0250000e+02;-8.8946573e-02;3.0250000e+02;-1.2958154e-01;3.0250000e+02;-5.0858431e-02;3.0250000e+02;-6.8039251e-03;3.0250000e+02;5.9733577e-02;3.0250000e+02;1.4080301e-01;3.0250000e+02;2.2576505e-01;3.0250000e+02;2.7952245e-01;3.0250000e+02;2.8539684e-01;3.0250000e+02;3.2403269e-01;3.0250000e+02;3.0492538e-01;3.0250000e+02;2.3990241e-01;3.0250000e+02;1.8130206e-01;3.0250000e+02;1.3167514e-01;3.0250000e+02;8.6441092e-02;3.0250000e+02;4.4568781e-02;3.0250000e+02;1.9459054e-03;3.0250000e+02;-4.3460160e-02;3.0250000e+02;-8.8946573e-02;3.0250000e+02;-1.2958154e-01;3.0250000e+02;-5.0858431e-02;3.0250000e+02;-6.8039251e-03;3.0250000e+02;5.9733577e-02;3.0250000e+02;1.4080301e-01;3.0250000e+02;2.2576505e-01;3.0250000e+02;2.7952245e-01;3.0250000e+02;2.8539684e-01;3.0250000e+02;3.2403269e-01;3.0250000e+02;3.0492538e-01;3.0250000e+02;2.3990241e-01;3.0250000e+02;1.8130206e-01;3.0250000e+02;1.3167514e-01;3.0250000e+02;8.6441092e-02;3.0250000e+02;4.4568781e-02;3.0250000e+02;1.9459054e-03;3.0250000e+02;-4.3460160e-02;3.0250000e+02;-8.8946573e-02;3.0250000e+02;-1.2958154e-01;3.0250000e+02;-5.0858431e-02;3.0250000e+02;-6.8039251e-03;3.0250000e+02;5.9733577e-02;3.0250000e+02;1.4080301e-01;3.0250000e+02;2.2576505e-01;3.0250000e+02;2.7952245e-01;3.0250000e+02;2.8539684e-01;3.0250000e+02;3.2403269e-01;3.0250000e+02;3.0492538e-01;3.0250000e+02;2.3990241e-01;3.0250000e+02;1.8130206e-01;3.0250000e+02;1.3167514e-01;3.0250000e+02;8.6441092e-02;3.0250000e+02;4.4568781e-02;3.0250000e+02;1.9459054e-03;3.0250000e+02;-4.3460160e-02;3.0250000e+02;-8.8946573e-02;3.0250000e+02;-1.2958154e-01;3.0250000e+02;-5.0858431e-02;3.0250000e+02;-6.8039251e-03;3.0250000e+02;5.9733577e-02;3.0250000e+02;1.4080301e-01;3.0250000e+02;2.2576505e-01;3.0250000e+02;2.7952245e-01;3.0250000e+02;2.8539684e-01;3.0250000e+02;3.2403269e-01;3.0250000e+02;3.0492538e-01;3.0250000e+02;2.3990241e-01;3.0250000e+02;1.8130206e-01;3.0250000e+02;1.3167514e-01;3.0250000e+02;8.6441092e-02;3.0250000e+02;4.4568781e-02;3.0250000e+02;1.9459054e-03;3.0250000e+02;-4.3460160e-02;3.0250000e+02;-8.8946573e-02;3.0250000e+02;-1.2958154e-01;3.0250000e+02;-5.0858431e-02;3.0250000e+02;-6.8039251e-03;3.0250000e+02;5.9733577e-02;3.0250000e+02;1.4080301e-01;3.0250000e+02;2.2576505e-01;3.0250000e+02;2.7952245e-01;3.0250000e+02;2.8539684e-01;3.0250000e+02;3.2403269e-01;3.0250000e+02;3.0492538e-01;3.0250000e+02;2.3990241e-01;3.0250000e+02;1.8130206e-01;3.0250000e+02;1.3167514e-01;3.0250000e+02;8.6441092e-02;3.0250000e+02;4.4568781e-02;3.0250000e+02;1.9459054e-03;3.0250000e+02;-4.3460160e-02;3.0250000e+02;-8.8946573e-02;3.0250000e+02;-1.2958154e-01;3.0250000e+02;-5.0858431e-02;3.0250000e+02;-6.8039251e-03;3.0250000e+02;5.9733577e-02;3.0250000e+02;1.4080301e-01;3.0250000e+02;2.2576505e-01;3.0250000e+02;2.7952245e-01;3.0250000e+02;2.8539684e-01;3.0250000e+02;3.2403269e-01;3.0250000e+02;3.0492538e-01;3.0250000e+02;2.3990241e-01;3.0250000e+02;1.8130206e-01;3.0250000e+02;1.3167514e-01;3.0250000e+02;8.6441092e-02;3.0250000e+02;4.4568781e-02;3.0250000e+02;1.9459054e-03;3.0250000e+02;-4.3460160e-02;3.0250000e+02;-8.8946573e-02;3.0250000e+02;-1.2958154e-01;3.0250000e+02;-5.0858431e-02;3.0250000e+02;-6.8039251e-03;3.0250000e+02;5.9733577e-02;3.0250000e+02;1.4080301e-01;3.0250000e+02;2.2576505e-01;3.0250000e+02;2.7952245e-01;3.0250000e+02;2.8539684e-01;3.0250000e+02;3.2403269e-01;3.0250000e+02;3.0492538e-01;3.0250000e+02;2.3990241e-01;3.0250000e+02;1.8130206e-01;3.0250000e+02;1.3167514e-01;3.0250000e+02;8.6441092e-02;3.0250000e+02;4.4568781e-02;3.0250000e+02;1.9459054e-03;3.0250000e+02;-4.3460160e-02;3.0250000e+02;-8.8946573e-02;3.0250000e+02;-1.2958154e-01;3.0250000e+02;-5.0858431e-02;3.0250000e+02;-6.8039251e-03;3.0250000e+02;5.9733577e-02;3.0250000e+02;1.4080301e-01;3.0250000e+02;2.2576505e-01;3.0250000e+02;2.7952245e-01;3.0250000e+02;2.8539684e-01;3.0250000e+02;3.2403269e-01;3.0250000e+02;3.0492538e-01;3.0250000e+02;2.3990241e-01;3.0250000e+02;1.8130206e-01;3.0250000e+02;1.3167514e-01;3.0250000e+02;8.6441092e-02;3.0250000e+02;4.4568781e-02;3.0250000e+02;1.9459054e-03;3.0250000e+02;-4.3460160e-02;3.0250000e+02;-8.8946573e-02;3.0250000e+02;-1.2958154e-01;3.0250000e+02;-5.0858431e-02;3.0250000e+02;-6.8039251e-03;3.0250000e+02;5.9733577e-02;3.0250000e+02;1.4080301e-01;3.0250000e+02;2.2576505e-01;3.0250000e+02;2.7952245e-01;3.0250000e+02;2.8539684e-01;3.0250000e+02;3.2403269e-01;3.0250000e+02;3.0492538e-01;3.0250000e+02;2.3990241e-01;3.0250000e+02;1.8130206e-01;3.0250000e+02;1.3167514e-01;3.0250000e+02;8.6441092e-02;3.0250000e+02;4.4568781e-02;3.0250000e+02;1.9459054e-03;3.0250000e+02;-4.3460160e-02;3.0250000e+02;-8.8946573e-02;3.0250000e+02;-1.2958154e-01;3.0250000e+02;-5.0858431e-02;3.0250000e+02;-6.8039251e-03;3.0250000e+02;5.9733577e-02;3.0250000e+02;1.4080301e-01;3.0250000e+02;2.2576505e-01;3.0250000e+02;2.7952245e-01;3.0250000e+02;2.8539684e-01;3.0250000e+02;3.2403269e-01;3.0250000e+02;3.0492538e-01;3.0250000e+02;2.3990241e-01;3.0250000e+02;1.8130206e-01;3.0250000e+02;1.3167514e-01;3.0250000e+02;8.6441092e-02;3.0250000e+02;4.4568781e-02;3.0250000e+02;1.9459054e-03;3.0250000e+02;-4.3460160e-02;3.0250000e+02;-8.8946573e-02;3.0250000e+02;-1.2958154e-01;3.0250000e+02;-5.0858431e-02;3.0250000e+02;-6.8039251e-03;3.0250000e+02;5.9733577e-02;3.0250000e+02;1.4080301e-01;3.0250000e+02;2.2576505e-01;3.0250000e+02;2.7952245e-01;3.0250000e+02;2.8539684e-01;3.0250000e+02;3.2403269e-01;3.0250000e+02;3.0492538e-01;3.0250000e+02;2.3990241e-01;3.0250000e+02;1.8130206e-01;3.0250000e+02;1.3167514e-01;3.0250000e+02;8.6441092e-02;3.0250000e+02;4.4568781e-02;3.0250000e+02;1.9459054e-03;3.0250000e+02;-4.3460160e-02;3.0250000e+02;-8.8946573e-02;3.0250000e+02;-1.2958154e-01;3.0250000e+02;-5.0858431e-02;3.0250000e+02;-6.8039251e-03;3.0250000e+02;5.9733577e-02;3.0250000e+02;1.4080301e-01;3.0250000e+02;2.2576505e-01;3.0250000e+02;2.7952245e-01;3.0250000e+02;2.8539684e-01;3.0250000e+02;3.2403269e-01;3.0250000e+02;3.0492538e-01;3.0250000e+02;2.3990241e-01;3.0250000e+02;1.8130206e-01;3.0250000e+02;1.3167514e-01;3.0250000e+02;8.6441092e-02;3.0250000e+02;4.4568781e-02;3.0250000e+02;1.9459054e-03;3.0250000e+02;-4.3460160e-02;3.0250000e+02;-8.8946573e-02;3.0250000e+02;-1.2958154e-01;3.0250000e+02;-5.0858431e-02;3.0250000e+02;-6.8039251e-03;3.0250000e+02;5.9733577e-02;3.0250000e+02;1.4080301e-01;3.0250000e+02;2.2576505e-01;3.0250000e+02;2.7952245e-01;3.0250000e+02;2.8539684e-01;3.0250000e+02;3.2403269e-01;3.0250000e+02;3.0492538e-01;3.0250000e+02;2.3990241e-01;3.0250000e+02;1.8130206e-01;3.0250000e+02;1.3167514e-01;3.0250000e+02;8.6441092e-02;3.0250000e+02;4.4568781e-02;3.0250000e+02;1.9459054e-03;3.0250000e+02;-4.3460160e-02;3.0250000e+02;-8.8946573e-02;3.0250000e+02;-1.2958154e-01;3.0250000e+02;-5.0858431e-02;3.0250000e+02;-6.8039251e-03;3.0250000e+02;5.9733577e-02;3.0250000e+02;1.4080301e-01;3.0250000e+02;2.2576505e-01;3.0250000e+02;2.7952245e-01;3.0250000e+02;2.8539684e-01;3.0250000e+02;3.2403269e-01;3.0250000e+02;3.0492538e-01;3.0250000e+02;2.3990241e-01;3.0250000e+02;1.8130206e-01;3.0250000e+02;1.3167514e-01;3.0250000e+02;8.6441092e-02;3.0250000e+02;4.4568781e-02;3.0250000e+02;1.9459054e-03;3.0250000e+02;-4.3460160e-02;3.0250000e+02;-8.8946573e-02;3.0250000e+02;-1.2958154e-01;3.0250000e+02;-5.0858431e-02;3.0250000e+02;-6.8039251e-03;3.0250000e+02;5.9733577e-02;3.0250000e+02;1.4080301e-01;3.0250000e+02;2.2576505e-01;3.0250000e+02;2.7952245e-01;3.0250000e+02;2.8539684e-01;3.0250000e+02;3.2403269e-01;3.0250000e+02;3.0492538e-01;3.0250000e+02;2.3990241e-01;3.0250000e+02;1.8130206e-01;3.0250000e+02;1.3167514e-01;3.0250000e+02;8.6441092e-02;3.0250000e+02;4.4568781e-02;3.0250000e+02;1.9459054e-03;3.0250000e+02;-4.3460160e-02;3.0250000e+02;-8.8946573e-02;3.0250000e+02;-1.2958154e-01;3.0250000e+02;-5.0858431e-02;3.0250000e+02;-6.8039251e-03;3.0250000e+02;5.9733577e-02;3.0250000e+02;1.4080301e-01;3.0250000e+02;2.2576505e-01;3.0250000e+02;2.7952245e-01;3.0250000e+02;2.8539684e-01;3.0250000e+02;3.2403269e-01;3.0250000e+02;3.0492538e-01;3.0250000e+02;2.3990241e-01;3.0250000e+02;1.8130206e-01;3.0250000e+02;1.3167514e-01;3.0250000e+02;8.6441092e-02;3.0250000e+02;4.4568781e-02;3.0250000e+02;1.9459054e-03;3.0250000e+02;-4.3460160e-02;3.0250000e+02;-8.8946573e-02;3.0250000e+02;-1.2958154e-01;3.0250000e+02;-5.0858431e-02;3.0250000e+02;-6.8039251e-03;3.0250000e+02;5.9733577e-02;3.0250000e+02;1.4080301e-01;3.0250000e+02;2.2576505e-01;3.0250000e+02;2.7952245e-01;3.0250000e+02;2.8539684e-01;3.0250000e+02;3.2403269e-01;3.0250000e+02;3.0492538e-01;3.0250000e+02;2.3990241e-01;3.0250000e+02;1.8130206e-01;3.0250000e+02;1.3167514e-01;3.0250000e+02;8.6441092e-02;3.0250000e+02;4.4568781e-02;3.0250000e+02;1.9459054e-03;3.0250000e+02;-4.3460160e-02;3.0250000e+02;-8.8946573e-02;3.0250000e+02;-1.2958154e-01;3.0250000e+02;-5.0858431e-02;3.0250000e+02;-6.8039251e-03;3.0250000e+02;5.9733577e-02;3.0250000e+02;1.4080301e-01;3.0250000e+02;2.2576505e-01;3.0250000e+02;2.7952245e-01;3.0250000e+02;2.8539684e-01;3.0250000e+02;3.2403269e-01;3.0250000e+02;3.0492538e-01;3.0250000e+02;2.3990241e-01;3.0250000e+02;1.8130206e-01;3.0250000e+02;1.3167514e-01;3.0250000e+02;8.6441092e-02;3.0250000e+02;4.4568781e-02;3.0250000e+02;1.9459054e-03;3.0250000e+02;-4.3460160e-02;3.0250000e+02;-8.8946573e-02;3.0250000e+02;-1.2958154e-01;3.0250000e+02;-5.0858431e-02;3.0250000e+02;-6.8039251e-03;3.0250000e+02;5.9733577e-02;3.0250000e+02;1.4080301e-01;3.0250000e+02;2.2576505e-01;3.0250000e+02;2.7952245e-01;3.0250000e+02;2.8539684e-01;3.0250000e+02;3.2403269e-01;3.0250000e+02;3.0492538e-01;3.0250000e+02;2.3990241e-01;3.0250000e+02;1.8130206e-01;3.0250000e+02;1.3167514e-01;3.0250000e+02;8.6441092e-02;3.0250000e+02;4.4568781e-02;3.0250000e+02;1.9459054e-03;3.0250000e+02;-4.3460160e-02;3.0250000e+02;-8.8946573e-02;3.0250000e+02;-1.2958154e-01;3.0250000e+02;-5.0858431e-02;3.0250000e+02;-6.8039251e-03;3.0250000e+02;5.9733577e-02;3.0250000e+02;1.4080301e-01;3.0250000e+02;2.2576505e-01;3.0250000e+02;2.7952245e-01;3.0250000e+02;2.8539684e-01;3.0250000e+02;3.2403269e-01;3.0250000e+02;3.0492538e-01;3.0250000e+02;2.3990241e-01;3.0250000e+02;1.8130206e-01;3.0250000e+02;1.3167514e-01;3.0250000e+02;8.6441092e-02;3.0250000e+02;4.4568781e-02;3.0250000e+02;1.9459054e-03;3.0250000e+02;-4.3460160e-02;3.0250000e+02;-8.8946573e-02;3.0250000e+02;-1.2958154e-01;3.0250000e+02;-5.0858431e-02;3.0250000e+02;-6.8039251e-03;3.0250000e+02;5.9733577e-02;3.0250000e+02;1.4080301e-01;3.0250000e+02;2.2576505e-01;3.0250000e+02;2.7952245e-01;3.0250000e+02;2.8539684e-01;3.0250000e+02;3.2403269e-01;3.0250000e+02;3.0492538e-01;3.0250000e+02;2.3990241e-01;3.0250000e+02;1.8130206e-01;3.0250000e+02;1.3167514e-01;3.0250000e+02;8.6441092e-02;3.0250000e+02;4.4568781e-02;3.0250000e+02;1.9459054e-03;3.0250000e+02;-4.3460160e-02;3.0250000e+02;-8.8946573e-02;3.0250000e+02;-1.2958154e-01;3.0250000e+02;-5.0858431e-02;3.0250000e+02;-6.8039251e-03;3.0250000e+02;5.9733577e-02;3.0250000e+02;1.4080301e-01;3.0250000e+02;2.2576505e-01;3.0250000e+02;2.7952245e-01;3.0250000e+02;2.8539684e-01;3.0250000e+02;3.2403269e-01;3.0250000e+02;3.0492538e-01;3.0250000e+02;2.3990241e-01;3.0250000e+02;1.8130206e-01;3.0250000e+02;1.3167514e-01;3.0250000e+02;8.6441092e-02;3.0250000e+02;4.4568781e-02;3.0250000e+02;1.9459054e-03;3.0250000e+02;-4.3460160e-02;3.0250000e+02;-8.8946573e-02;3.0250000e+02;-1.2958154e-01;3.0250000e+02;-5.0858431e-02;3.0250000e+02;-6.8039251e-03;3.0250000e+02;5.9733577e-02;3.0250000e+02;1.4080301e-01;3.0250000e+02;2.2576505e-01;3.0250000e+02;2.7952245e-01;3.0250000e+02;2.8539684e-01;3.0250000e+02;3.2403269e-01;3.0250000e+02;3.0492538e-01;3.0250000e+02;2.3990241e-01;3.0250000e+02;1.8130206e-01;3.0250000e+02;1.3167514e-01;3.0250000e+02;8.6441092e-02;3.0250000e+02;4.4568781e-02;3.0250000e+02;1.9459054e-03;3.0250000e+02;-4.3460160e-02;3.0250000e+02;-8.8946573e-02;3.0250000e+02;-1.2958154e-01;3.0250000e+02;-5.0858431e-02;3.0250000e+02;-6.8039251e-03;3.0250000e+02;5.9733577e-02;3.0250000e+02;1.4080301e-01;3.0250000e+02;2.2576505e-01;3.0250000e+02;2.7952245e-01;3.0250000e+02;2.8539684e-01;3.0250000e+02;3.2403269e-01;3.0250000e+02;3.0492538e-01;3.0250000e+02;2.3990241e-01;3.0250000e+02;1.8130206e-01;3.0250000e+02;1.3167514e-01;3.0250000e+02;8.6441092e-02;3.0250000e+02;4.4568781e-02;3.0250000e+02;1.9459054e-03;3.0250000e+02;-4.3460160e-02;3.0250000e+02;-8.8946573e-02;3.0250000e+02;-1.2958154e-01;3.0250000e+02;-5.0858431e-02;3.0250000e+02;-6.8039251e-03;3.0250000e+02;5.9733577e-02;3.0250000e+02;1.4080301e-01;3.0250000e+02;2.2576505e-01;3.0250000e+02;2.7952245e-01;3.0250000e+02;2.8539684e-01;3.0250000e+02;3.2403269e-01;3.0250000e+02;3.0492538e-01;3.0250000e+02;2.3990241e-01;3.0250000e+02;1.8130206e-01;3.0250000e+02;1.3167514e-01;3.0250000e+02;8.6441092e-02;3.0250000e+02;4.4568781e-02;3.0250000e+02;1.9459054e-03;3.0250000e+02;-4.3460160e-02;3.0250000e+02;-8.8946573e-02;3.0250000e+02;-1.2958154e-01;3.0250000e+02;-5.0858431e-02;3.0250000e+02;-6.8039251e-03;3.0250000e+02;5.9733577e-02;3.0250000e+02;1.4080301e-01;3.0250000e+02;2.2576505e-01;3.0250000e+02;2.7952245e-01;3.0250000e+02;2.8539684e-01;3.0250000e+02;3.2403269e-01;3.0250000e+02;3.0492538e-01;3.0250000e+02;2.3990241e-01;3.0250000e+02;1.8130206e-01;3.0250000e+02;1.3167514e-01;3.0250000e+02;8.6441092e-02;3.0250000e+02;4.4568781e-02;3.0250000e+02;1.9459054e-03;3.0250000e+02;-4.3460160e-02;3.0250000e+02;-8.8946573e-02;3.0250000e+02;-1.2958154e-01;3.0250000e+02;-5.0858431e-02;3.0250000e+02;-6.8039251e-03;3.0250000e+02;5.9733577e-02;3.0250000e+02;1.4080301e-01;3.0250000e+02;2.2576505e-01;3.0250000e+02;2.7952245e-01;3.0250000e+02;2.8539684e-01;3.0250000e+02;3.2403269e-01;3.0250000e+02;3.0492538e-01;3.0250000e+02;2.3990241e-01;3.0250000e+02;1.8130206e-01;3.0250000e+02;1.3167514e-01;3.0250000e+02;8.6441092e-02;3.0250000e+02;4.4568781e-02;3.0250000e+02;1.9459054e-03;3.0250000e+02;-4.3460160e-02;3.0250000e+02;-8.8946573e-02;3.0250000e+02;-1.2958154e-01;3.0250000e+02;-5.0858431e-02;3.0250000e+02;-6.8039251e-03;3.0250000e+02;5.9733577e-02;3.0250000e+02;1.4080301e-01;3.0250000e+02;2.2576505e-01;3.0250000e+02;2.7952245e-01;3.0250000e+02;2.8539684e-01;3.0250000e+02;3.2403269e-01;3.0250000e+02;3.0492538e-01;3.0250000e+02;2.3990241e-01;3.0250000e+02;1.8130206e-01;3.0250000e+02;1.3167514e-01;3.0250000e+02;8.6441092e-02;3.0250000e+02;4.4568781e-02;3.0250000e+02;1.9459054e-03;3.0250000e+02;-4.3460160e-02;3.0250000e+02;-8.8946573e-02;3.0250000e+02;-1.2958154e-01;3.0250000e+02;-5.0858431e-02;3.0250000e+02;-6.8039251e-03;3.0250000e+02;5.9733577e-02;3.0250000e+02;1.4080301e-01;3.0250000e+02;2.2576505e-01;3.0250000e+02;2.7952245e-01;3.0250000e+02;2.8539684e-01;3.0250000e+02;3.2403269e-01;3.0250000e+02;3.0492538e-01;3.0250000e+02;2.3990241e-01;3.0250000e+02;1.8130206e-01;3.0250000e+02;1.3167514e-01;3.0250000e+02;8.6441092e-02;3.0250000e+02;4.4568781e-02;3.0250000e+02;1.9459054e-03;3.0250000e+02;-4.3460160e-02;3.0250000e+02;-8.8946573e-02;3.0250000e+02;-1.2958154e-01;3.0250000e+02;-5.0858431e-02;3.0250000e+02;-6.8039251e-03;3.0250000e+02;5.9733577e-02;3.0250000e+02;1.4080301e-01;3.0250000e+02;2.2576505e-01;3.0250000e+02;2.7952245e-01;3.0250000e+02;2.8539684e-01;3.0250000e+02;3.2403269e-01;3.0250000e+02;3.0492538e-01;3.0250000e+02;2.3990241e-01;3.0250000e+02;1.8130206e-01;3.0250000e+02;1.3167514e-01;3.0250000e+02;8.6441092e-02;3.0250000e+02;4.4568781e-02;3.0250000e+02;1.9459054e-03;3.0250000e+02;-4.3460160e-02;3.0250000e+02;-8.8946573e-02;3.0250000e+02;-1.2958154e-01;3.0250000e+02;-5.0858431e-02;3.0250000e+02;-6.8039251e-03;3.0250000e+02;5.9733577e-02;3.0250000e+02;1.4080301e-01;3.0250000e+02;2.2576505e-01;3.0250000e+02;2.7952245e-01;3.0250000e+02;2.8539684e-01;3.0250000e+02;3.2403269e-01;3.0250000e+02;3.0492538e-01;3.0250000e+02;2.3990241e-01;3.0250000e+02;1.8130206e-01;3.0250000e+02;1.3167514e-01;3.0250000e+02;8.6441092e-02;3.0250000e+02;4.4568781e-02;3.0250000e+02;1.9459054e-03;3.0250000e+02;-4.3460160e-02;3.0250000e+02;-8.8946573e-02;3.0250000e+02;-1.2958154e-01;3.0250000e+02;-5.0858431e-02;3.0250000e+02;-6.8039251e-03;3.0250000e+02;5.9733577e-02;3.0250000e+02;1.4080301e-01;3.0250000e+02;2.2576505e-01;3.0250000e+02;2.7952245e-01;3.0250000e+02;2.8539684e-01;3.0250000e+02;3.2403269e-01;3.0250000e+02;3.0492538e-01;3.0250000e+02;2.3990241e-01;3.0250000e+02;1.8130206e-01;3.0250000e+02;1.3167514e-01;3.0250000e+02;8.6441092e-02;3.0250000e+02;4.4568781e-02;3.0250000e+02;1.9459054e-03;3.0250000e+02;-4.3460160e-02;3.0250000e+02;-8.8946573e-02;3.0250000e+02;-1.2958154e-01;3.0250000e+02;-5.0858431e-02;3.0250000e+02;-6.8039251e-03;3.0250000e+02;5.9733577e-02;3.0250000e+02;1.4080301e-01;3.0250000e+02;2.2576505e-01;3.0250000e+02;2.7952245e-01;3.0250000e+02;2.8539684e-01;3.0250000e+02;3.2403269e-01;3.0250000e+02;3.0492538e-01;3.0250000e+02;2.3990241e-01;3.0250000e+02;1.8130206e-01;3.0250000e+02;1.3167514e-01;3.0250000e+02;8.6441092e-02;3.0250000e+02;4.4568781e-02;3.0250000e+02;1.9459054e-03;3.0250000e+02;-4.3460160e-02;3.0250000e+02;-8.8946573e-02;3.0250000e+02;-1.2958154e-01;3.0250000e+02;-5.0858431e-02;3.0250000e+02;-6.8039251e-03;3.0250000e+02;5.9733577e-02;3.0250000e+02;1.4080301e-01;3.0250000e+02;2.2576505e-01;3.0250000e+02;2.7952245e-01;3.0250000e+02;2.8539684e-01;3.0250000e+02;3.2403269e-01;3.0250000e+02;3.0492538e-01;3.0250000e+02;2.3990241e-01;3.0250000e+02;1.8130206e-01;3.0250000e+02;1.3167514e-01;3.0250000e+02;8.6441092e-02;3.0250000e+02;4.4568781e-02;3.0250000e+02;1.9459054e-03;3.0250000e+02;-4.3460160e-02;3.0250000e+02;-8.8946573e-02;3.0250000e+02;-1.2958154e-01;3.0250000e+02;-5.0858431e-02;3.0250000e+02;-6.8039251e-03;3.0250000e+02;5.9733577e-02;3.0250000e+02;1.4080301e-01;3.0250000e+02;2.2576505e-01;3.0250000e+02;2.7952245e-01;3.0250000e+02;2.8539684e-01;3.0250000e+02;3.2403269e-01;3.0250000e+02;3.0492538e-01;3.0250000e+02;2.3990241e-01;3.0250000e+02;1.8130206e-01;3.0250000e+02;1.3167514e-01;3.0250000e+02;8.6441092e-02;3.0250000e+02;4.4568781e-02;3.0250000e+02;1.9459054e-03;3.0250000e+02;-4.3460160e-02;3.0250000e+02;-8.8946573e-02;3.0250000e+02;-1.2958154e-01;3.0250000e+02;-5.0858431e-02;3.0250000e+02;-6.8039251e-03;3.0250000e+02;5.9733577e-02;3.0250000e+02;1.4080301e-01;3.0250000e+02;2.2576505e-01;3.0250000e+02;2.7952245e-01;3.0250000e+02;2.8539684e-01;3.0250000e+02;3.2403269e-01;3.0250000e+02;3.0492538e-01;3.0250000e+02;2.3990241e-01;3.0250000e+02;1.8130206e-01;3.0250000e+02;1.3167514e-01;3.0250000e+02;8.6441092e-02;3.0250000e+02;4.4568781e-02;3.0250000e+02;1.9459054e-03;3.0250000e+02;-4.3460160e-02;3.0250000e+02;-8.8946573e-02;3.0250000e+02;-1.2958154e-01;3.0250000e+02;-5.0858431e-02;3.0250000e+02;-6.8039251e-03;3.0250000e+02;5.9733577e-02;3.0250000e+02;1.4080301e-01;3.0250000e+02;2.2576505e-01;3.0250000e+02;2.7952245e-01;3.0250000e+02;2.8539684e-01;3.0250000e+02;3.2403269e-01;3.0250000e+02;3.0492538e-01;3.0250000e+02;2.3990241e-01;3.0250000e+02;1.8130206e-01;3.0250000e+02;1.3167514e-01;3.0250000e+02;8.6441092e-02;3.0250000e+02;4.4568781e-02;3.0250000e+02;1.9459054e-03;3.0250000e+02;-4.3460160e-02;3.0250000e+02;-8.8946573e-02;3.0250000e+02;-1.2958154e-01;3.0250000e+02;-5.0858431e-02;3.0250000e+02;-6.8039251e-03;3.0250000e+02;5.9733577e-02;3.0250000e+02;1.4080301e-01;3.0250000e+02;2.2576505e-01;3.0250000e+02;2.7952245e-01;3.0250000e+02;2.8539684e-01;3.0250000e+02;3.2403269e-01;3.0250000e+02;3.0492538e-01;3.0250000e+02;2.3990241e-01;3.0250000e+02;1.8130206e-01;3.0250000e+02;1.3167514e-01;3.0250000e+02;8.6441092e-02;3.0250000e+02;4.4568781e-02;3.0250000e+02;1.9459054e-03;3.0250000e+02;-4.3460160e-02;3.0250000e+02;-8.8946573e-02;3.0250000e+02;-1.2958154e-01;3.0250000e+02;-5.0858431e-02;3.0250000e+02;-6.8039251e-03;3.0250000e+02;5.9733577e-02;3.0250000e+02;1.4080301e-01;3.0250000e+02;2.2576505e-01;3.0250000e+02;2.7952245e-01;3.0250000e+02;2.8539684e-01;3.0250000e+02;3.2403269e-01;3.0250000e+02;3.0492538e-01;3.0250000e+02;2.3990241e-01;3.0250000e+02;1.8130206e-01;3.0250000e+02;1.3167514e-01;3.0250000e+02;8.6441092e-02;3.0250000e+02;4.4568781e-02;3.0250000e+02;1.9459054e-03;3.0250000e+02;-4.3460160e-02;3.0250000e+02;-8.8946573e-02;3.0250000e+02;-1.2958154e-01;3.0250000e+02;-5.0858431e-02;3.0250000e+02;-6.8039251e-03;3.0250000e+02;5.9733577e-02;3.0250000e+02;1.4080301e-01;3.0250000e+02;2.2576505e-01;3.0250000e+02;2.7952245e-01;3.0250000e+02;2.8539684e-01;3.0250000e+02;3.2403269e-01;3.0250000e+02;3.0492538e-01;3.0250000e+02;2.3990241e-01;3.0250000e+02;1.8130206e-01;3.0250000e+02;1.3167514e-01;3.0250000e+02;8.6441092e-02;3.0250000e+02;4.4568781e-02;3.0250000e+02;1.9459054e-03;3.0250000e+02;-4.3460160e-02;3.0250000e+02;-8.8946573e-02;3.0250000e+02;-1.2958154e-01;3.0250000e+02;-5.0858431e-02;3.0250000e+02;-6.8039251e-03;3.0250000e+02;5.9733577e-02;3.0250000e+02;1.4080301e-01;3.0250000e+02;2.2576505e-01;3.0250000e+02;2.7952245e-01;3.0250000e+02;2.8539684e-01;3.0250000e+02;3.2403269e-01;3.0250000e+02;3.0492538e-01;3.0250000e+02;2.3990241e-01;3.0250000e+02;1.8130206e-01;3.0250000e+02;1.3167514e-01;3.0250000e+02;8.6441092e-02;3.0250000e+02;4.4568781e-02;3.0250000e+02;1.9459054e-03;3.0250000e+02;-4.3460160e-02;3.0250000e+02;-8.8946573e-02;3.0250000e+02;-1.2958154e-01;3.0250000e+02;-5.0858431e-02;3.0250000e+02;-6.8039251e-03;3.0250000e+02;5.9733577e-02;3.0250000e+02;1.4080301e-01;3.0250000e+02;2.2576505e-01;3.0250000e+02;2.7952245e-01;3.0250000e+02;2.8539684e-01;3.0250000e+02;3.2403269e-01;3.0250000e+02;3.0492538e-01;3.0250000e+02;2.3990241e-01;3.0250000e+02;1.8130206e-01;3.0250000e+02;1.3167514e-01;3.0250000e+02;8.6441092e-02;3.0250000e+02;4.4568781e-02;3.0250000e+02;1.9459054e-03;3.0250000e+02;-4.3460160e-02;3.0250000e+02;-8.8946573e-02;3.0250000e+02;-1.2958154e-01;3.0250000e+02;-5.0858431e-02;3.0250000e+02;-6.8039251e-03;3.0250000e+02;5.9733577e-02;3.0250000e+02;1.4080301e-01;3.0250000e+02;2.2576505e-01;3.0250000e+02;2.7952245e-01;3.0250000e+02;2.8539684e-01;3.0250000e+02;3.2403269e-01;3.0250000e+02;3.0492538e-01;3.0250000e+02;2.3990241e-01;3.0250000e+02;1.8130206e-01;3.0250000e+02;1.3167514e-01;3.0250000e+02;8.6441092e-02;3.0250000e+02;4.4568781e-02;3.0250000e+02;1.9459054e-03;3.0250000e+02;-4.3460160e-02;3.0250000e+02;-8.8946573e-02;3.0250000e+02;-1.2958154e-01;3.0250000e+02;-5.0858431e-02;3.0250000e+02;-6.8039251e-03;3.0250000e+02;5.9733577e-02;3.0250000e+02;1.4080301e-01;3.0250000e+02;2.2576505e-01;3.0250000e+02;2.7952245e-01;3.0250000e+02;2.8539684e-01;3.0250000e+02;3.2403269e-01;3.0250000e+02;3.0492538e-01;3.0250000e+02;2.3990241e-01;3.0250000e+02;1.8130206e-01;3.0250000e+02;1.3167514e-01;3.0250000e+02;8.6441092e-02;3.0250000e+02;4.4568781e-02;3.0250000e+02;1.9459054e-03;3.0250000e+02;-4.3460160e-02;3.0250000e+02;-8.8946573e-02;3.0250000e+02;-1.2958154e-01;3.0250000e+02;-5.0858431e-02;3.0250000e+02;-6.8039251e-03;3.0250000e+02;5.9733577e-02;3.0250000e+02;1.4080301e-01;3.0250000e+02;2.2576505e-01;3.0250000e+02;2.7952245e-01;3.0250000e+02;2.8539684e-01;3.0250000e+02;3.2403269e-01;3.0250000e+02;3.0492538e-01;3.0250000e+02;2.3990241e-01;3.0250000e+02;1.8130206e-01;3.0250000e+02;1.3167514e-01;3.0250000e+02;8.6441092e-02;3.0250000e+02;4.4568781e-02;3.0250000e+02;1.9459054e-03;3.0250000e+02;-4.3460160e-02;3.0250000e+02;-8.8946573e-02;3.0250000e+02;-1.2958154e-01;3.0250000e+02;-5.0858431e-02;3.0250000e+02;-6.8039251e-03;3.0250000e+02;5.9733577e-02;3.0250000e+02;1.4080301e-01;3.0250000e+02;2.2576505e-01;3.0250000e+02;2.7952245e-01;3.0250000e+02;2.8539684e-01;3.0250000e+02;3.2403269e-01;3.0250000e+02;3.0492538e-01;3.0250000e+02;2.3990241e-01;3.0250000e+02;1.8130206e-01;3.0250000e+02;1.3167514e-01;3.0250000e+02;8.6441092e-02;3.0250000e+02;4.4568781e-02;3.0250000e+02;1.9459054e-03;3.0250000e+02;-4.3460160e-02;3.0250000e+02;-8.8946573e-02;3.0250000e+02;-1.2958154e-01;3.0250000e+02;-5.0858431e-02;3.0250000e+02;-6.8039251e-03;3.0250000e+02;5.9733577e-02;3.0250000e+02;1.4080301e-01;3.0250000e+02;2.2576505e-01;3.0250000e+02;2.7952245e-01;3.0250000e+02;2.8539684e-01;3.0250000e+02;3.2403269e-01;3.0250000e+02;3.0492538e-01;3.0250000e+02;2.3990241e-01;3.0250000e+02;1.8130206e-01;3.0250000e+02;1.3167514e-01;3.0250000e+02;8.6441092e-02;3.0250000e+02;4.4568781e-02;3.0250000e+02;1.9459054e-03;3.0250000e+02;-4.3460160e-02;3.0250000e+02;-8.8946573e-02;3.0250000e+02;-1.2958154e-01;3.0250000e+02;-5.0858431e-02;3.0250000e+02;-6.8039251e-03;3.0250000e+02;5.9733577e-02;3.0250000e+02;1.4080301e-01;3.0250000e+02;2.2576505e-01;3.0250000e+02;2.7952245e-01;3.0250000e+02;2.8539684e-01;3.0250000e+02;3.2403269e-01;3.0250000e+02;3.0492538e-01;3.0250000e+02;2.3990241e-01;3.0250000e+02;1.8130206e-01;3.0250000e+02;1.3167514e-01;3.0250000e+02;8.6441092e-02;3.0250000e+02;4.4568781e-02;3.0250000e+02;1.9459054e-03;3.0250000e+02;-4.3460160e-02;3.0250000e+02;-8.8946573e-02;3.0250000e+02;-1.2958154e-01
3.0750000e+02;-5.2848138e-02;3.0750000e+02;-9.8736696e-03;3.0750000e+02;5.3867295e-02;3.0750000e+02;1.3370459e-01;3.0750000e+02;2.1781790e-01;3.0750000e+02;2.6958331e-01;3.0750000e+02;2.8133228e-01;3.0750000e+02;3.2191744e-01;3.0750000e+02;3.1469876e-01;3.0750000e+02;2.4069765e-01;3.0750000e+02;1.7465049e-01;3.0750000e+02;1.2100237e-01;3.0750000e+02;7.4853621e-02;3.0750000e+02;3.2951646e-02;3.0750000e+02;-9.5695090e-03;3.0750000e+02;-5.2950248e-02;3.0750000e+02;-9.5070615e-02;3.0750000e+02;-1.3869116e-01;3.0750000e+02;-5.2848138e-02;3.0750000e+02;-9.8736696e-03;3.0750000e+02;5.3867295e-02;3.0750000e+02;1.3370459e-01;3.0750000e+02;2.1781790e-01;3.0750000e+02;2.6958331e-01;3.0750000e+02;2.8133228e-01;3.0750000e+02;3.2191744e-01;3.0750000e+02;3.1469876e-01;3.0750000e+02;2.4069765e-01;3.0750000e+02;1.7465049e-01;3.0750000e+02;1.2100237e-01;3.0750000e+02;7.4853621e-02;3.0750000e+02;3.2951646e-02;3.0750000e+02;-9.5695090e-03;3.0750000e+02;-5.2950248e-02;3.0750000e+02;-9.5070615e-02;3.0750000e+02;-1.3869116e-01;3.0750000e+02;-5.2848138e-02;3.0750000e+02;-9.8736696e-03;3.0750000e+02;5.3867295e-02;3.0750000e+02;1.3370459e-01;3.0750000e+02;2.1781790e-01;3.0750000e+02;2.6958331e-01;3.0750000e+02;2.8133228e-01;3.0750000e+02;3.2191744e-01;3.0750000e+02;3.1469876e-01;3.0750000e+02;2.4069765e-01;3.0750000e+02;1.7465049e-01;3.0750000e+02;1.2100237e-01;3.0750000e+02;7.4853621e-02;3.0750000e+02;3.2951646e-02;3.0750000e+02;-9.5695090e-03;3.0750000e+02;-5.2950248e-02;3.0750000e+02;-9.5070615e-02;3.0750000e+02;-1.3869116e-01;3.0750000e+02;-5.2848138e-02;3.0750000e+02;-9.8736696e-03;3.0750000e+02;5.3867295e-02;3.0750000e+02;1.3370459e-01;3.0750000e+02;2.1781790e-01;3.0750000e+02;2.6958331e-01;3.0750000e+02;2.8133228e-01;3.0750000e+02;3.2191744e-01;3.0750000e+02;3.1469876e-01;3.0750000e+02;2.4069765e-01;3.0750000e+02;1.7465049e-01;3.0750000e+02;1.2100237e-01;3.0750000e+02;7.4853621e-02;3.0750000e+02;3.2951646e-02;3.0750000e+02;-9.5695090e-03;3.0750000e+02;-5.2950248e-02;3.0750000e+02;-9.5070615e-02;3.0750000e+02;-1.3869116e-01;3.0750000e+02;-5.2848138e-02;3.0750000e+02;-9.8736696e-03;3.0750000e+02;5.3867295e-02;3.0750000e+02;1.3370459e-01;3.0750000e+02;2.1781790e-01;3.0750000e+02;2.6958331e-01;3.0750000e+02;2.8133228e-01;3.0750000e+02;3.2191744e-01;3.0750000e+02;3.1469876e-01;3.0750000e+02;2.4069765e-01;3.0750000e+02;1.7465049e-01;3.0750000e+02;1.2100237e-01;3.0750000e+02;7.4853621e-02;3.0750000e+02;3.2951646e-02;3.0750000e+02;-9.5695090e-03;3.0750000e+02;-5.2950248e-02;3.0750000e+02;-9.5070615e-02;3.0750000e+02;-1.3869116e-01;3.0750000e+02;-5.2848138e-02;3.0750000e+02;-9.8736696e-03;3.0750000e+02;5.3867295e-02;3.0750000e+02;1.3370459e-01;3.0750000e+02;2.1781790e-01;3.0750000e+02;2.6958331e-01;3.0750000e+02;2.8133228e-01;3.0750000e+02;3.2191744e-01;3.0750000e+02;3.1469876e-01;3.0750000e+02;2.4069765e-01;3.0750000e+02;1.7465049e-01;3.0750000e+02;1.2100237e-01;3.0750000e+02;7.4853621e-02;3.0750000e+02;3.2951646e-02;3.0750000e+02;-9.5695090e-03;3.0750000e+02;-5.2950248e-02;3.0750000e+02;-9.5070615e-02;3.0750000e+02;-1.3869116e-01;3.0750000e+02;-5.2848138e-02;3.0750000e+02;-9.8736696e-03;3.0750000e+02;5.3867295e-02;3.0750000e+02;1.3370459e-01;3.0750000e+02;2.1781790e-01;3.0750000e+02;2.6958331e-01;3.0750000e+02;2.8133228e-01;3.0750000e+02;3.2191744e-01;3.0750000e+02;3.1469876e-01;3.0750000e+02;2.4069765e-01;3.0750000e+02;1.7465049e-01;3.0750000e+02;1.2100237e-01;3.0750000e+02;7.4853621e-02;3.0750000e+02;3.2951646e-02;3.0750000e+02;-9.5695090e-03;3.0750000e+02;-5.2950248e-02;3.0750000e+02;-9.5070615e-02;3.0750000e+02;-1.3869116e-01;3.0750000e+02;-5.2848138e-02;3.0750000e+02;-9.8736696e-03;3.0750000e+02;5.3867295e-02;3.0750000e+02;1.3370459e-01;3.0750000e+02;2.1781790e-01;3.0750000e+02;2.6958331e-01;3.0750000e+02;2.8133228e-01;3.0750000e+02;3.2191744e-01;3.0750000e+02;3.1469876e-01;3.0750000e+02;2.4069765e-01;3.0750000e+02;1.7465049e-01;3.0750000e+02;1.2100237e-01;3.0750000e+02;7.4853621e-02;3.0750000e+02;3.2951646e-02;3.0750000e+02;-9.5695090e-03;3.0750000e+02;-5.2950248e-02;3.0750000e+02;-9.5070615e-02;3.0750000e+02;-1.3869116e-01;3.0750000e+02;-5.2848138e-02;3.0750000e+02;-9.8736696e-03;3.0750000e+02;5.3867295e-02;3.0750000e+02;1.3370459e-01;3.0750000e+02;2.1781790e-01;3.0750000e+02;2.6958331e-01;3.0750000e+02;2.8133228e-01;3.0750000e+02;3.2191744e-01;3.0750000e+02;3.1469876e-01;3.0750000e+02;2.4069765e-01;3.0750000e+02;1.7465049e-01;3.0750000e+02;1.2100237e-01;3.0750000e+02;7.4853621e-02;3.0750000e+02;3.2951646e-02;3.0750000e+02;-9.5695090e-03;3.0750000e+02;-5.2950248e-02;3.0750000e+02;-9.5070615e-02;3.0750000e+02;-1.3869116e-01;3.0750000e+02;-5.2848138e-02;3.0750000e+02;-9.8736696e-03;3.0750000e+02;5.3867295e-02;3.0750000e+02;1.3370459e-01;3.0750000e+02;2.1781790e-01;3.0750000e+02;2.6958331e-01;3.0750000e+02;2.8133228e-01;3.0750000e+02;3.2191744e-01;3.0750000e+02;3.1469876e-01;3.0750000e+02;2.4069765e-01;3.0750000e+02;1.7465049e-01;3.0750000e+02;1.2100237e-01;3.0750000e+02;7.4853621e-02;3.0750000e+02;3.2951646e-02;3.0750000e+02;-9.5695090e-03;3.0750000e+02;-5.2950248e-02;3.0750000e+02;-9.5070615e-02;3.0750000e+02;-1.3869116e-01;3.0750000e+02;-5.2848138e-02;3.0750000e+02;-9.8736696e-03;3.0750000e+02;5.3867295e-02;3.0750000e+02;1.3370459e-01;3.0750000e+02;2.1781790e-01;3.0750000e+02;2.6958331e-01;3.0750000e+02;2.8133228e-01;3.0750000e+02;3.2191744e-01;3.0750000e+02;3.1469876e-01;3.0750000e+02;2.4069765e-01;3.0750000e+02;1.7465049e-01;3.0750000e+02;1.2100237e-01;3.0750000e+02;7.4853621e-02;3.0750000e+02;3.2951646e-02;3.0750000e+02;-9.5695090e-03;3.0750000e+02;-5.2950248e-02;3.0750000e+02;-9.5070615e-02;3.0750000e+02;-1.3869116e-01;3.0750000e+02;-5.2848138e-02;3.0750000e+02;-9.8736696e-03;3.0750000e+02;5.3867295e-02;3.0750000e+02;1.3370459e-01;3.0750000e+02;2.1781790e-01;3.0750000e+02;2.6958331e-01;3.0750000e+02;2.8133228e-01;3.0750000e+02;3.2191744e-01;3.0750000e+02;3.1469876e-01;3.0750000e+02;2.4069765e-01;3.0750000e+02;1.7465049e-01;3.0750000e+02;1.2100237e-01;3.0750000e+02;7.4853621e-02;3.0750000e+02;3.2951646e-02;3.0750000e+02;-9.5695090e-03;3.0750000e+02;-5.2950248e-02;3.0750000e+02;-9.5070615e-02;3.0750000e+02;-1.3869116e-01;3.0750000e+02;-5.2848138e-02;3.0750000e+02;-9.8736696e-03;3.0750000e+02;5.3867295e-02;3.0750000e+02;1.3370459e-01;3.0750000e+02;2.1781790e-01;3.0750000e+02;2.6958331e-01;3.0750000e+02;2.8133228e-01;3.0750000e+02;3.2191744e-01;3.0750000e+02;3.1469876e-01;3.0750000e+02;2.4069765e-01;3.0750000e+02;1.7465049e-01;3.0750000e+02;1.2100237e-01;3.0750000e+02;7.4853621e-02;3.0750000e+02;3.2951646e-02;3.0750000e+02;-9.5695090e-03;3.0750000e+02;-5.2950248e-02;3.0750000e+02;-9.5070615e-02;3.0750000e+02;-1.3869116e-01;3.0750000e+02;-5.2848138e-02;3.0750000e+02;-9.8736696e-03;3.0750000e+02;5.3867295e-02;3.0750000e+02;1.3370459e-01;3.0750000e+02;2.1781790e-01;3.0750000e+02;2.6958331e-01;3.0750000e+02;2.8133228e-01;3.0750000e+02;3.2191744e-01;3.0750000e+02;3.1469876e-01;3.0750000e+02;2.4069765e-01;3.0750000e+02;1.7465049e-01;3.0750000e+02;1.2100237e-01;3.0750000e+02;7.4853621e-02;3.0750000e+02;3.2951646e-02;3.0750000e+02;-9.5695090e-03;3.0750000e+02;-5.2950248e-02;3.0750000e+02;-9.5070615e-02;3.0750000e+02;-1.3869116e-01;3.0750000e+02;-5.2848138e-02;3.0750000e+02;-9.8736696e-03;3.0750000e+02;5.3867295e-02;3.0750000e+02;1.3370459e-01;3.0750000e+02;2.1781790e-01;3.0750000e+02;2.6958331e-01;3.0750000e+02;2.8133228e-01;3.0750000e+02;3.2191744e-01;3.0750000e+02;3.1469876e-01;3.0750000e+02;2.4069765e-01;3.0750000e+02;1.7465049e-01;3.0750000e+02;1.2100237e-01;3.0750000e+02;7.4853621e-02;3.0750000e+02;3.2951646e-02;3.0750000e+02;-9.5695090e-03;3.0750000e+02;-5.2950248e-02;3.0750000e+02;-9.5070615e-02;3.0750000e+02;-1.3869116e-01;3.0750000e+02;-5.2848138e-02;3.0750000e+02;-9.8736696e-03;3.0750000e+02;5.3867295e-02;3.0750000e+02;1.3370459e-01;3.0750000e+02;2.1781790e-01;3.0750000e+02;2.6958331e-01;3.0750000e+02;2.8133228e-01;3.0750000e+02;3.2191744e-01;3.0750000e+02;3.1469876e-01;3.0750000e+02;2.4069765e-01;3.0750000e+02;1.7465049e-01;3.0750000e+02;1.2100237e-01;3.0750000e+02;7.4853621e-02;3.0750000e+02;3.2951646e-02;3.0750000e+02;-9.5695090e-03;3.0750000e+02;-5.2950248e-02;3.0750000e+02;-9.5070615e-02;3.0750000e+02;-1.3869116e-01;3.0750000e+02;-5.2848138e-02;3.0750000e+02;-9.8736696e-03;3.0750000e+02;5.3867295e-02;3.0750000e+02;1.3370459e-01;3.0750000e+02;2.1781790e-01;3.0750000e+02;2.6958331e-01;3.0750000e+02;2.8133228e-01;3.0750000e+02;3.2191744e-01;3.0750000e+02;3.1469876e-01;3.0750000e+02;2.4069765e-01;3.0750000e+02;1.7465049e-01;3.0750000e+02;1.2100237e-01;3.0750000e+02;7.4853621e-02;3.0750000e+02;3.2951646e-02;3.0750000e+02;-9.5695090e-03;3.0750000e+02;-5.2950248e-02;3.0750000e+02;-9.5070615e-02;3.0750000e+02;-1.3869116e-01;3.0750000e+02;-5.2848138e-02;3.0750000e+02;-9.8736696e-03;3.0750000e+02;5.3867295e-02;3.0750000e+02;1.3370459e-01;3.0750000e+02;2.1781790e-01;3.0750000e+02;2.6958331e-01;3.0750000e+02;2.8133228e-01;3.0750000e+02;3.2191744e-01;3.0750000e+02;3.1469876e-01;3.0750000e+02;2.4069765e-01;3.0750000e+02;1.7465049e-01;3.0750000e+02;1.2100237e-01;3.0750000e+02;7.4853621e-02;3.0750000e+02;3.2951646e-02;3.0750000e+02;-9.5695090e-03;3.0750000e+02;-5.2950248e-02;3.0750000e+02;-9.5070615e-02;3.0750000e+02;-1.3869116e-01;3.0750000e+02;-5.2848138e-02;3.0750000e+02;-9.8736696e-03;3.0750000e+02;5.3867295e-02;3.0750000e+02;1.3370459e-01;3.0750000e+02;2.1781790e-01;3.0750000e+02;2.6958331e-01;3.0750000e+02;2.8133228e-01;3.0750000e+02;3.2191744e-01;3.0750000e+02;3.1469876e-01;3.0750000e+02;2.4069765e-01;3.0750000e+02;1.7465049e-01;3.0750000e+02;1.2100237e-01;3.0750000e+02;7.4853621e-02;3.0750000e+02;3.2951646e-02;3.0750000e+02;-9.5695090e-03;3.0750000e+02;-5.2950248e-02;3.0750000e+02;-9.5070615e-02;3.0750000e+02;-1.3869116e-01;3.0750000e+02;-5.2848138e-02;3.0750000e+02;-9.8736696e-03;3.0750000e+02;5.3867295e-02;3.0750000e+02;1.3370459e-01;3.0750000e+02;2.1781790e-01;3.0750000e+02;2.6958331e-01;3.0750000e+02;2.8133228e-01;3.0750000e+02;3.2191744e-01;3.0750000e+02;3.1469876e-01;3.0750000e+02;2.4069765e-01;3.0750000e+02;1.7465049e-01;3.0750000e+02;1.2100237e-01;3.0750000e+02;7.4853621e-02;3.0750000e+02;3.2951646e-02;3.0750000e+02;-9.5695090e-03;3.0750000e+02;-5.2950248e-02;3.0750000e+02;-9.5070615e-02;3.0750000e+02;-1.3869116e-01;3.0750000e+02;-5.2848138e-02;3.0750000e+02;-9.8736696e-03;3.0750000e+02;5.3867295e-02;3.0750000e+02;1.3370459e-01;3.0750000e+02;2.1781790e-01;3.0750000e+02;2.6958331e-01;3.0750000e+02;2.8133228e-01;3.0750000e+02;3.2191744e-01;3.0750000e+02;3.1469876e-01;3.0750000e+02;2.4069765e-01;3.0750000e+02;1.7465049e-01;3.0750000e+02;1.2100237e-01;3.0750000e+02;7.4853621e-02;3.0750000e+02;3.2951646e-02;3.0750000e+02;-9.5695090e-03;3.0750000e+02;-5.2950248e-02;3.0750000e+02;-9.5070615e-02;3.0750000e+02;-1.3869116e-01;3.0750000e+02;-5.2848138e-02;3.0750000e+02;-9.8736696e-03;3.0750000e+02;5.3867295e-02;3.0750000e+02;1.3370459e-01;3.0750000e+02;2.1781790e-01;3.0750000e+02;2.6958331e-01;3.0750000e+02;2.8133228e-01;3.0750000e+02;3.2191744e-01;3.0750000e+02;3.1469876e-01;3.0750000e+02;2.4069765e-01;3.0750000e+02;1.7465049e-01;3.0750000e+02;1.2100237e-01;3.0750000e+02;7.4853621e-02;3.0750000e+02;3.2951646e-02;3.0750000e+02;-9.5695090e-03;3.0750000e+02;-5.2950248e-02;3.0750000e+02;-9.5070615e-02;3.0750000e+02;-1.3869116e-01;3.0750000e+02;-5.2848138e-02;3.0750000e+02;-9.8736696e-03;3.0750000e+02;5.3867295e-02;3.0750000e+02;1.3370459e-01;3.0750000e+02;2.1781790e-01;3.0750000e+02;2.6958331e-01;3.0750000e+02;2.8133228e-01;3.0750000e+02;3.2191744e-01;3.0750000e+02;3.1469876e-01;3.0750000e+02;2.4069765e-01;3.0750000e+02;1.7465049e-01;3.0750000e+02;1.2100237e-01;3.0750000e+02;7.4853621e-02;3.0750000e+02;3.2951646e-02;3.0750000e+02;-9.5695090e-03;3.0750000e+02;-5.2950248e-02;3.0750000e+02;-9.5070615e-02;3.0750000e+02;-1.3869116e-01;3.0750000e+02;-5.2848138e-02;3.0750000e+02;-9.8736696e-03;3.0750000e+02;5.3867295e-02;3.0750000e+02;1.3370459e-01;3.0750000e+02;2.1781790e-01;3.0750000e+02;2.6958331e-01;3.0750000e+02;2.8133228e-01;3.0750000e+02;3.2191744e-01;3.0750000e+02;3.1469876e-01;3.0750000e+02;2.4069765e-01;3.0750000e+02;1.7465049e-01;3.0750000e+02;1.2100237e-01;3.0750000e+02;7.4853621e-02;3.0750000e+02;3.2951646e-02;3.0750000e+02;-9.5695090e-03;3.0750000e+02;-5.2950248e-02;3.0750000e+02;-9.5070615e-02;3.0750000e+02;-1.3869116e-01;3.0750000e+02;-5.2848138e-02;3.0750000e+02;-9.8736696e-03;3.0750000e+02;5.3867295e-02;3.0750000e+02;1.3370459e-01;3.0750000e+02;2.1781790e-01;3.0750000e+02;2.6958331e-01;3.0750000e+02;2.8133228e-01;3.0750000e+02;3.2191744e-01;3.0750000e+02;3.1469876e-01;3.0750000e+02;2.4069765e-01;3.0750000e+02;1.7465049e-01;3.0750000e+02;1.2100237e-01;3.0750000e+02;7.4853621e-02;3.0750000e+02;3.2951646e-02;3.0750000e+02;-9.5695090e-03;3.0750000e+02;-5.2950248e-02;3.0750000e+02;-9.5070615e-02;3.0750000e+02;-1.3869116e-01;3.0750000e+02;-5.2848138e-02;3.0750000e+02;-9.8736696e-03;3.0750000e+02;5.3867295e-02;3.0750000e+02;1.3370459e-01;3.0750000e+02;2.1781790e-01;3.0750000e+02;2.6958331e-01;3.0750000e+02;2.8133228e-01;3.0750000e+02;3.2191744e-01;3.0750000e+02;3.1469876e-01;3.0750000e+02;2.4069765e-01;3.0750000e+02;1.7465049e-01;3.0750000e+02;1.2100237e-01;3.0750000e+02;7.4853621e-02;3.0750000e+02;3.2951646e-02;3.0750000e+02;-9.5695090e-03;3.0750000e+02;-5.2950248e-02;3.0750000e+02;-9.5070615e-02;3.0750000e+02;-1.3869116e-01;3.0750000e+02;-5.2848138e-02;3.0750000e+02;-9.8736696e-03;3.0750000e+02;5.3867295e-02;3.0750000e+02;1.3370459e-01;3.0750000e+02;2.1781790e-01;3.0750000e+02;2.6958331e-01;3.0750000e+02;2.8133228e-01;3.0750000e+02;3.2191744e-01;3.0750000e+02;3.1469876e-01;3.0750000e+02;2.4069765e-01;3.0750000e+02;1.7465049e-01;3.0750000e+02;1.2100237e-01;3.0750000e+02;7.4853621e-02;3.0750000e+02;3.2951646e-02;3.0750000e+02;-9.5695090e-03;3.0750000e+02;-5.2950248e-02;3.0750000e+02;-9.5070615e-02;3.0750000e+02;-1.3869116e-01;3.0750000e+02;-5.2848138e-02;3.0750000e+02;-9.8736696e-03;3.0750000e+02;5.3867295e-02;3.0750000e+02;1.3370459e-01;3.0750000e+02;2.1781790e-01;3.0750000e+02;2.6958331e-01;3.0750000e+02;2.8133228e-01;3.0750000e+02;3.2191744e-01;3.0750000e+02;3.1469876e-01;3.0750000e+02;2.4069765e-01;3.0750000e+02;1.7465049e-01;3.0750000e+02;1.2100237e-01;3.0750000e+02;7.4853621e-02;3.0750000e+02;3.2951646e-02;3.0750000e+02;-9.5695090e-03;3.0750000e+02;-5.2950248e-02;3.0750000e+02;-9.5070615e-02;3.0750000e+02;-1.3869116e-01;3.0750000e+02;-5.2848138e-02;3.0750000e+02;-9.8736696e-03;3.0750000e+02;5.3867295e-02;3.0750000e+02;1.3370459e-01;3.0750000e+02;2.1781790e-01;3.0750000e+02;2.6958331e-01;3.0750000e+02;2.8133228e-01;3.0750000e+02;3.2191744e-01;3.0750000e+02;3.1469876e-01;3.0750000e+02;2.4069765e-01;3.0750000e+02;1.7465049e-01;3.0750000e+02;1.2100237e-01;3.0750000e+02;7.4853621e-02;3.0750000e+02;3.2951646e-02;3.0750000e+02;-9.5695090e-03;3.0750000e+02;-5.2950248e-02;3.0750000e+02;-9.5070615e-02;3.0750000e+02;-1.3869116e-01;3.0750000e+02;-5.2848138e-02;3.0750000e+02;-9.8736696e-03;3.0750000e+02;5.3867295e-02;3.0750000e+02;1.3370459e-01;3.0750000e+02;2.1781790e-01;3.0750000e+02;2.6958331e-01;3.0750000e+02;2.8133228e-01;3.0750000e+02;3.2191744e-01;3.0750000e+02;3.1469876e-01;3.0750000e+02;2.4069765e-01;3.0750000e+02;1.7465049e-01;3.0750000e+02;1.2100237e-01;3.0750000e+02;7.4853621e-02;3.0750000e+02;3.2951646e-02;3.0750000e+02;-9.5695090e-03;3.0750000e+02;-5.2950248e-02;3.0750000e+02;-9.5070615e-02;3.0750000e+02;-1.3869116e-01;3.0750000e+02;-5.2848138e-02;3.0750000e+02;-9.8736696e-03;3.0750000e+02;5.3867295e-02;3.0750000e+02;1.3370459e-01;3.0750000e+02;2.1781790e-01;3.0750000e+02;2.6958331e-01;3.0750000e+02;2.8133228e-01;3.0750000e+02;3.2191744e-01;3.0750000e+02;3.1469876e-01;3.0750000e+02;2.4069765e-01;3.0750000e+02;1.7465049e-01;3.0750000e+02;1.2100237e-01;3.0750000e+02;7.4853621e-02;3.0750000e+02;3.2951646e-02;3.0750000e+02;-9.5695090e-03;3.0750000e+02;-5.2950248e-02;3.0750000e+02;-9.5070615e-02;3.0750000e+02;-1.3869116e-01;3.0750000e+02;-5.2848138e-02;3.0750000e+02;-9.8736696e-03;3.0750000e+02;5.3867295e-02;3.0750000e+02;1.3370459e-01;3.0750000e+02;2.1781790e-01;3.0750000e+02;2.6958331e-01;3.0750000e+02;2.8133228e-01;3.0750000e+02;3.2191744e-01;3.0750000e+02;3.1469876e-01;3.0750000e+02;2.4069765e-01;3.0750000e+02;1.7465049e-01;3.0750000e+02;1.2100237e-01;3.0750000e+02;7.4853621e-02;3.0750000e+02;3.2951646e-02;3.0750000e+02;-9.5695090e-03;3.0750000e+02;-5.2950248e-02;3.0750000e+02;-9.5070615e-02;3.0750000e+02;-1.3869116e-01;3.0750000e+02;-5.2848138e-02;3.0750000e+02;-9.8736696e-03;3.0750000e+02;5.3867295e-02;3.0750000e+02;1.3370459e-01;3.0750000e+02;2.1781790e-01;3.0750000e+02;2.6958331e-01;3.0750000e+02;2.8133228e-01;3.0750000e+02;3.2191744e-01;3.0750000e+02;3.1469876e-01;3.0750000e+02;2.4069765e-01;3.0750000e+02;1.7465049e-01;3.0750000e+02;1.2100237e-01;3.0750000e+02;7.4853621e-02;3.0750000e+02;3.2951646e-02;3.0750000e+02;-9.5695090e-03;3.0750000e+02;-5.2950248e-02;3.0750000e+02;-9.5070615e-02;3.0750000e+02;-1.3869116e-01;3.0750000e+02;-5.2848138e-02;3.0750000e+02;-9.8736696e-03;3.0750000e+02;5.3867295e-02;3.0750000e+02;1.3370459e-01;3.0750000e+02;2.1781790e-01;3.0750000e+02;2.6958331e-01;3.0750000e+02;2.8133228e-01;3.0750000e+02;3.2191744e-01;3.0750000e+02;3.1469876e-01;3.0750000e+02;2.4069765e-01;3.0750000e+02;1.7465049e-01;3.0750000e+02;1.2100237e-01;3.0750000e+02;7.4853621e-02;3.0750000e+02;3.2951646e-02;3.0750000e+02;-9.5695090e-03;3.0750000e+02;-5.2950248e-02;3.0750000e+02;-9.5070615e-02;3.0750000e+02;-1.3869116e-01;3.0750000e+02;-5.2848138e-02;3.0750000e+02;-9.8736696e-03;3.0750000e+02;5.3867295e-02;3.0750000e+02;1.3370459e-01;3.0750000e+02;2.1781790e-01;3.0750000e+02;2.6958331e-01;3.0750000e+02;2.8133228e-01;3.0750000e+02;3.2191744e-01;3.0750000e+02;3.1469876e-01;3.0750000e+02;2.4069765e-01;3.0750000e+02;1.7465049e-01;3.0750000e+02;1.2100237e-01;3.0750000e+02;7.4853621e-02;3.0750000e+02;3.2951646e-02;3.0750000e+02;-9.5695090e-03;3.0750000e+02;-5.2950248e-02;3.0750000e+02;-9.5070615e-02;3.0750000e+02;-1.3869116e-01;3.0750000e+02;-5.2848138e-02;3.0750000e+02;-9.8736696e-03;3.0750000e+02;5.3867295e-02;3.0750000e+02;1.3370459e-01;3.0750000e+02;2.1781790e-01;3.0750000e+02;2.6958331e-01;3.0750000e+02;2.8133228e-01;3.0750000e+02;3.2191744e-01;3.0750000e+02;3.1469876e-01;3.0750000e+02;2.4069765e-01;3.0750000e+02;1.7465049e-01;3.0750000e+02;1.2100237e-01;3.0750000e+02;7.4853621e-02;3.0750000e+02;3.2951646e-02;3.0750000e+02;-9.5695090e-03;3.0750000e+02;-5.2950248e-02;3.0750000e+02;-9.5070615e-02;3.0750000e+02;-1.3869116e-01;3.0750000e+02;-5.2848138e-02;3.0750000e+02;-9.8736696e-03;3.0750000e+02;5.3867295e-02;3.0750000e+02;1.3370459e-01;3.0750000e+02;2.1781790e-01;3.0750000e+02;2.6958331e-01;3.0750000e+02;2.8133228e-01;3.0750000e+02;3.2191744e-01;3.0750000e+02;3.1469876e-01;3.0750000e+02;2.4069765e-01;3.0750000e+02;1.7465049e-01;3.0750000e+02;1.2100237e-01;3.0750000e+02;7.4853621e-02;3.0750000e+02;3.2951646e-02;3.0750000e+02;-9.5695090e-03;3.0750000e+02;-5.2950248e-02;3.0750000e+02;-9.5070615e-02;3.0750000e+02;-1.3869116e-01;3.0750000e+02;-5.2848138e-02;3.0750000e+02;-9.8736696e-03;3.0750000e+02;5.3867295e-02;3.0750000e+02;1.3370459e-01;3.0750000e+02;2.1781790e-01;3.0750000e+02;2.6958331e-01;3.0750000e+02;2.8133228e-01;3.0750000e+02;3.2191744e-01;3.0750000e+02;3.1469876e-01;3.0750000e+02;2.4069765e-01;3.0750000e+02;1.7465049e-01;3.0750000e+02;1.2100237e-01;3.0750000e+02;7.4853621e-02;3.0750000e+02;3.2951646e-02;3.0750000e+02;-9.5695090e-03;3.0750000e+02;-5.2950248e-02;3.0750000e+02;-9.5070615e-02;3.0750000e+02;-1.3869116e-01;3.0750000e+02;-5.2848138e-02;3.0750000e+02;-9.8736696e-03;3.0750000e+02;5.3867295e-02;3.0750000e+02;1.3370459e-01;3.0750000e+02;2.1781790e-01;3.0750000e+02;2.6958331e-01;3.0750000e+02;2.8133228e-01;3.0750000e+02;3.2191744e-01;3.0750000e+02;3.1469876e-01;3.0750000e+02;2.4069765e-01;3.0750000e+02;1.7465049e-01;3.0750000e+02;1.2100237e-01;3.0750000e+02;7.4853621e-02;3.0750000e+02;3.2951646e-02;3.0750000e+02;-9.5695090e-03;3.0750000e+02;-5.2950248e-02;3.0750000e+02;-9.5070615e-02;3.0750000e+02;-1.3869116e-01;3.0750000e+02;-5.2848138e-02;3.0750000e+02;-9.8736696e-03;3.0750000e+02;5.3867295e-02;3.0750000e+02;1.3370459e-01;3.0750000e+02;2.1781790e-01;3.0750000e+02;2.6958331e-01;3.0750000e+02;2.8133228e-01;3.0750000e+02;3.2191744e-01;3.0750000e+02;3.1469876e-01;3.0750000e+02;2.4069765e-01;3.0750000e+02;1.7465049e-01;3.0750000e+02;1.2100237e-01;3.0750000e+02;7.4853621e-02;3.0750000e+02;3.2951646e-02;3.0750000e+02;-9.5695090e-03;3.0750000e+02;-5.2950248e-02;3.0750000e+02;-9.5070615e-02;3.0750000e+02;-1.3869116e-01;3.0750000e+02;-5.2848138e-02;3.0750000e+02;-9.8736696e-03;3.0750000e+02;5.3867295e-02;3.0750000e+02;1.3370459e-01;3.0750000e+02;2.1781790e-01;3.0750000e+02;2.6958331e-01;3.0750000e+02;2.8133228e-01;3.0750000e+02;3.2191744e-01;3.0750000e+02;3.1469876e-01;3.0750000e+02;2.4069765e-01;3.0750000e+02;1.7465049e-01;3.0750000e+02;1.2100237e-01;3.0750000e+02;7.4853621e-02;3.0750000e+02;3.2951646e-02;3.0750000e+02;-9.5695090e-03;3.0750000e+02;-5.2950248e-02;3.0750000e+02;-9.5070615e-02;3.0750000e+02;-1.3869116e-01;3.0750000e+02;-5.2848138e-02;3.0750000e+02;-9.8736696e-03;3.0750000e+02;5.3867295e-02;3.0750000e+02;1.3370459e-01;3.0750000e+02;2.1781790e-01;3.0750000e+02;2.6958331e-01;3.0750000e+02;2.8133228e-01;3.0750000e+02;3.2191744e-01;3.0750000e+02;3.1469876e-01;3.0750000e+02;2.4069765e-01;3.0750000e+02;1.7465049e-01;3.0750000e+02;1.2100237e-01;3.0750000e+02;7.4853621e-02;3.0750000e+02;3.2951646e-02;3.0750000e+02;-9.5695090e-03;3.0750000e+02;-5.2950248e-02;3.0750000e+02;-9.5070615e-02;3.0750000e+02;-1.3869116e-01;3.0750000e+02;-5.2848138e-02;3.0750000e+02;-9.8736696e-03;3.0750000e+02;5.3867295e-02;3.0750000e+02;1.3370459e-01;3.0750000e+02;2.1781790e-01;3.0750000e+02;2.6958331e-01;3.0750000e+02;2.8133228e-01;3.0750000e+02;3.2191744e-01;3.0750000e+02;3.1469876e-01;3.0750000e+02;2.4069765e-01;3.0750000e+02;1.7465049e-01;3.0750000e+02;1.2100237e-01;3.0750000e+02;7.4853621e-02;3.0750000e+02;3.2951646e-02;3.0750000e+02;-9.5695090e-03;3.0750000e+02;-5.2950248e-02;3.0750000e+02;-9.5070615e-02;3.0750000e+02;-1.3869116e-01;3.0750000e+02;-5.2848138e-02;3.0750000e+02;-9.8736696e-03;3.0750000e+02;5.3867295e-02;3.0750000e+02;1.3370459e-01;3.0750000e+02;2.1781790e-01;3.0750000e+02;2.6958331e-01;3.0750000e+02;2.8133228e-01;3.0750000e+02;3.2191744e-01;3.0750000e+02;3.1469876e-01;3.0750000e+02;2.4069765e-01;3.0750000e+02;1.7465049e-01;3.0750000e+02;1.2100237e-01;3.0750000e+02;7.4853621e-02;3.0750000e+02;3.2951646e-02;3.0750000e+02;-9.5695090e-03;3.0750000e+02;-5.2950248e-02;3.0750000e+02;-9.5070615e-02;3.0750000e+02;-1.3869116e-01;3.0750000e+02;-5.2848138e-02;3.0750000e+02;-9.8736696e-03;3.0750000e+02;5.3867295e-02;3.0750000e+02;1.3370459e-01;3.0750000e+02;2.1781790e-01;3.0750000e+02;2.6958331e-01;3.0750000e+02;2.8133228e-01;3.0750000e+02;3.2191744e-01;3.0750000e+02;3.1469876e-01;3.0750000e+02;2.4069765e-01;3.0750000e+02;1.7465049e-01;3.0750000e+02;1.2100237e-01;3.0750000e+02;7.4853621e-02;3.0750000e+02;3.2951646e-02;3.0750000e+02;-9.5695090e-03;3.0750000e+02;-5.2950248e-02;3.0750000e+02;-9.5070615e-02;3.0750000e+02;-1.3869116e-01;3.0750000e+02;-5.2848138e-02;3.0750000e+02;-9.8736696e-03;3.0750000e+02;5.3867295e-02;3.0750000e+02;1.3370459e-01;3.0750000e+02;2.1781790e-01;3.0750000e+02;2.6958331e-01;3.0750000e+02;2.8133228e-01;3.0750000e+02;3.2191744e-01;3.0750000e+02;3.1469876e-01;3.0750000e+02;2.4069765e-01;3.0750000e+02;1.7465049e-01;3.0750000e+02;1.2100237e-01;3.0750000e+02;7.4853621e-02;3.0750000e+02;3.2951646e-02;3.0750000e+02;-9.5695090e-03;3.0750000e+02;-5.2950248e-02;3.0750000e+02;-9.5070615e-02;3.0750000e+02;-1.3869116e-01;3.0750000e+02;-5.2848138e-02;3.0750000e+02;-9.8736696e-03;3.0750000e+02;5.3867295e-02;3.0750000e+02;1.3370459e-01;3.0750000e+02;2.1781790e-01;3.0750000e+02;2.6958331e-01;3.0750000e+02;2.8133228e-01;3.0750000e+02;3.2191744e-01;3.0750000e+02;3.1469876e-01;3.0750000e+02;2.4069765e-01;3.0750000e+02;1.7465049e-01;3.0750000e+02;1.2100237e-01;3.0750000e+02;7.4853621e-02;3.0750000e+02;3.2951646e-02;3.0750000e+02;-9.5695090e-03;3.0750000e+02;-5.2950248e-02;3.0750000e+02;-9.5070615e-02;3.0750000e+02;-1.3869116e-01;3.0750000e+02;-5.2848138e-02;3.0750000e+02;-9.8736696e-03;3.0750000e+02;5.3867295e-02;3.0750000e+02;1.3370459e-01;3.0750000e+02;2.1781790e-01;3.0750000e+02;2.6958331e-01;3.0750000e+02;2.8133228e-01;3.0750000e+02;3.2191744e-01;3.0750000e+02;3.1469876e-01;3.0750000e+02;2.4069765e-01;3.0750000e+02;1.7465049e-01;3.0750000e+02;1.2100237e-01;3.0750000e+02;7.4853621e-02;3.0750000e+02;3.2951646e-02;3.0750000e+02;-9.5695090e-03;3.0750000e+02;-5.2950248e-02;3.0750000e+02;-9.5070615e-02;3.0750000e+02;-1.3869116e-01;3.0750000e+02;-5.2848138e-02;3.0750000e+02;-9.8736696e-03;3.0750000e+02;5.3867295e-02;3.0750000e+02;1.3370459e-01;3.0750000e+02;2.1781790e-01;3.0750000e+02;2.6958331e-01;3.0750000e+02;2.8133228e-01;3.0750000e+02;3.2191744e-01;3.0750000e+02;3.1469876e-01;3.0750000e+02;2.4069765e-01;3.0750000e+02;1.7465049e-01;3.0750000e+02;1.2100237e-01;3.0750000e+02;7.4853621e-02;3.0750000e+02;3.2951646e-02;3.0750000e+02;-9.5695090e-03;3.0750000e+02;-5.2950248e-02;3.0750000e+02;-9.5070615e-02;3.0750000e+02;-1.3869116e-01;3.0750000e+02;-5.2848138e-02;3.0750000e+02;-9.8736696e-03;3.0750000e+02;5.3867295e-02;3.0750000e+02;1.3370459e-01;3.0750000e+02;2.1781790e-01;3.0750000e+02;2.6958331e-01;3.0750000e+02;2.8133228e-01;3.0750000e+02;3.2191744e-01;3.0750000e+02;3.1469876e-01;3.0750000e+02;2.4069765e-01;3.0750000e+02;1.7465049e-01;3.0750000e+02;1.2100237e-01;3.0750000e+02;7.4853621e-02;3.0750000e+02;3.2951646e-02;3.0750000e+02;-9.5695090e-03;3.0750000e+02;-5.2950248e-02;3.0750000e+02;-9.5070615e-02;3.0750000e+02;-1.3869116e-01;3.0750000e+02;-5.2848138e-02;3.0750000e+02;-9.8736696e-03;3.0750000e+02;5.3867295e-02;3.0750000e+02;1.3370459e-01;3.0750000e+02;2.1781790e-01;3.0750000e+02;2.6958331e-01;3.0750000e+02;2.8133228e-01;3.0750000e+02;3.2191744e-01;3.0750000e+02;3.1469876e-01;3.0750000e+02;2.4069765e-01;3.0750000e+02;1.7465049e-01;3.0750000e+02;1.2100237e-01;3.0750000e+02;7.4853621e-02;3.0750000e+02;3.2951646e-02;3.0750000e+02;-9.5695090e-03;3.0750000e+02;-5.2950248e-02;3.0750000e+02;-9.5070615e-02;3.0750000e+02;-1.3869116e-01;3.0750000e+02;-5.2848138e-02;3.0750000e+02;-9.8736696e-03;3.0750000e+02;5.3867295e-02;3.0750000e+02;1.3370459e-01;3.0750000e+02;2.1781790e-01;3.0750000e+02;2.6958331e-01;3.0750000e+02;2.8133228e-01;3.0750000e+02;3.2191744e-01;3.0750000e+02;3.1469876e-01;3.0750000e+02;2.4069765e-01;3.0750000e+02;1.7465049e-01;3.0750000e+02;1.2100237e-01;3.0750000e+02;7.4853621e-02;3.0750000e+02;3.2951646e-02;3.0750000e+02;-9.5695090e-03;3.0750000e+02;-5.2950248e-02;3.0750000e+02;-9.5070615e-02;3.0750000e+02;-1.3869116e-01;3.0750000e+02;-5.2848138e-02;3.0750000e+02;-9.8736696e-03;3.0750000e+02;5.3867295e-02;3.0750000e+02;1.3370459e-01;3.0750000e+02;2.1781790e-01;3.0750000e+02;2.6958331e-01;3.0750000e+02;2.8133228e-01;3.0750000e+02;3.2191744e-01;3.0750000e+02;3.1469876e-01;3.0750000e+02;2.4069765e-01;3.0750000e+02;1.7465049e-01;3.0750000e+02;1.2100237e-01;3.0750000e+02;7.4853621e-02;3.0750000e+02;3.2951646e-02;3.0750000e+02;-9.5695090e-03;3.0750000e+02;-5.2950248e-02;3.0750000e+02;-9.5070615e-02;3.0750000e+02;-1.3869116e-01;3.0750000e+02;-5.2848138e-02;3.0750000e+02;-9.8736696e-03;3.0750000e+02;5.3867295e-02;3.0750000e+02;1.3370459e-01;3.0750000e+02;2.1781790e-01;3.0750000e+02;2.6958331e-01;3.0750000e+02;2.8133228e-01;3.0750000e+02;3.2191744e-01;3.0750000e+02;3.1469876e-01;3.0750000e+02;2.4069765e-01;3.0750000e+02;1.7465049e-01;3.0750000e+02;1.2100237e-01;3.0750000e+02;7.4853621e-02;3.0750000e+02;3.2951646e-02;3.0750000e+02;-9.5695090e-03;3.0750000e+02;-5.2950248e-02;3.0750000e+02;-9.5070615e-02;3.0750000e+02;-1.3869116e-01;3.0750000e+02;-5.2848138e-02;3.0750000e+02;-9.8736696e-03;3.0750000e+02;5.3867295e-02;3.0750000e+02;1.3370459e-01;3.0750000e+02;2.1781790e-01;3.0750000e+02;2.6958331e-01;3.0750000e+02;2.8133228e-01;3.0750000e+02;3.2191744e-01;3.0750000e+02;3.1469876e-01;3.0750000e+02;2.4069765e-01;3.0750000e+02;1.7465049e-01;3.0750000e+02;1.2100237e-01;3.0750000e+02;7.4853621e-02;3.0750000e+02;3.2951646e-02;3.0750000e+02;-9.5695090e-03;3.0750000e+02;-5.2950248e-02;3.0750000e+02;-9.5070615e-02;3.0750000e+02;-1.3869116e-01;3.0750000e+02;-5.2848138e-02;3.0750000e+02;-9.8736696e-03;3.0750000e+02;5.3867295e-02;3.0750000e+02;1.3370459e-01;3.0750000e+02;2.1781790e-01;3.0750000e+02;2.6958331e-01;3.0750000e+02;2.8133228e-01;3.0750000e+02;3.2191744e-01;3.0750000e+02;3.1469876e-01;3.0750000e+02;2.4069765e-01;3.0750000e+02;1.7465049e-01;3.0750000e+02;1.2100237e-01;3.0750000e+02;7.4853621e-02;3.0750000e+02;3.2951646e-02;3.0750000e+02;-9.5695090e-03;3.0750000e+02;-5.2950248e-02;3.0750000e+02;-9.5070615e-02;3.0750000e+02;-1.3869116e-01;3.0750000e+02;-5.2848138e-02;3.0750000e+02;-9.8736696e-03;3.0750000e+02;5.3867295e-02;3.0750000e+02;1.3370459e-01;3.0750000e+02;2.1781790e-01;3.0750000e+02;2.6958331e-01;3.0750000e+02;2.8133228e-01;3.0750000e+02;3.2191744e-01;3.0750000e+02;3.1469876e-01;3.0750000e+02;2.4069765e-01;3.0750000e+02;1.7465049e-01;3.0750000e+02;1.2100237e-01;3.0750000e+02;7.4853621e-02;3.0750000e+02;3.2951646e-02;3.0750000e+02;-9.5695090e-03;3.0750000e+02;-5.2950248e-02;3.0750000e+02;-9.5070615e-02;3.0750000e+02;-1.3869116e-01;3.0750000e+02;-5.2848138e-02;3.0750000e+02;-9.8736696e-03;3.0750000e+02;5.3867295e-02;3.0750000e+02;1.3370459e-01;3.0750000e+02;2.1781790e-01;3.0750000e+02;2.6958331e-01;3.0750000e+02;2.8133228e-01;3.0750000e+02;3.2191744e-01;3.0750000e+02;3.1469876e-01;3.0750000e+02;2.4069765e-01;3.0750000e+02;1.7465049e-01;3.0750000e+02;1.2100237e-01;3.0750000e+02;7.4853621e-02;3.0750000e+02;3.2951646e-02;3.0750000e+02;-9.5695090e-03;3.0750000e+02;-5.2950248e-02;3.0750000e+02;-9.5070615e-02;3.0750000e+02;-1.3869116e-01;3.0750000e+02;-5.2848138e-02;3.0750000e+02;-9.8736696e-03;3.0750000e+02;5.3867295e-02;3.0750000e+02;1.3370459e-01;3.0750000e+02;2.1781790e-01;3.0750000e+02;2.6958331e-01;3.0750000e+02;2.8133228e-01;3.0750000e+02;3.2191744e-01;3.0750000e+02;3.1469876e-01;3.0750000e+02;2.4069765e-01;3.0750000e+02;1.7465049e-01;3.0750000e+02;1.2100237e-01;3.0750000e+02;7.4853621e-02;3.0750000e+02;3.2951646e-02;3.0750000e+02;-9.5695090e-03;3.0750000e+02;-5.2950248e-02;3.0750000e+02;-9.5070615e-02;3.0750000e+02;-1.3869116e-01;3.0750000e+02;-5.2848138e-02;3.0750000e+02;-9.8736696e-03;3.0750000e+02;5.3867295e-02;3.0750000e+02;1.3370459e-01;3.0750000e+02;2.1781790e-01;3.0750000e+02;2.6958331e-01;3.0750000e+02;2.8133228e-01;3.0750000e+02;3.2191744e-01;3.0750000e+02;3.1469876e-01;3.0750000e+02;2.4069765e-01;3.0750000e+02;1.7465049e-01;3.0750000e+02;1.2100237e-01;3.0750000e+02;7.4853621e-02;3.0750000e+02;3.2951646e-02;3.0750000e+02;-9.5695090e-03;3.0750000e+02;-5.2950248e-02;3.0750000e+02;-9.5070615e-02;3.0750000e+02;-1.3869116e-01;3.0750000e+02;-5.2848138e-02;3.0750000e+02;-9.8736696e-03;3.0750000e+02;5.3867295e-02;3.0750000e+02;1.3370459e-01;3.0750000e+02;2.1781790e-01;3.0750000e+02;2.6958331e-01;3.0750000e+02;2.8133228e-01;3.0750000e+02;3.2191744e-01;3.0750000e+02;3.1469876e-01;3.0750000e+02;2.4069765e-01;3.0750000e+02;1.7465049e-01;3.0750000e+02;1.2100237e-01;3.0750000e+02;7.4853621e-02;3.0750000e+02;3.2951646e-02;3.0750000e+02;-9.5695090e-03;3.0750000e+02;-5.2950248e-02;3.0750000e+02;-9.5070615e-02;3.0750000e+02;-1.3869116e-01;3.0750000e+02;-5.2848138e-02;3.0750000e+02;-9.8736696e-03;3.0750000e+02;5.3867295e-02;3.0750000e+02;1.3370459e-01;3.0750000e+02;2.1781790e-01;3.0750000e+02;2.6958331e-01;3.0750000e+02;2.8133228e-01;3.0750000e+02;3.2191744e-01;3.0750000e+02;3.1469876e-01;3.0750000e+02;2.4069765e-01;3.0750000e+02;1.7465049e-01;3.0750000e+02;1.2100237e-01;3.0750000e+02;7.4853621e-02;3.0750000e+02;3.2951646e-02;3.0750000e+02;-9.5695090e-03;3.0750000e+02;-5.2950248e-02;3.0750000e+02;-9.5070615e-02;3.0750000e+02;-1.3869116e-01;3.0750000e+02;-5.2848138e-02;3.0750000e+02;-9.8736696e-03;3.0750000e+02;5.3867295e-02;3.0750000e+02;1.3370459e-01;3.0750000e+02;2.1781790e-01;3.0750000e+02;2.6958331e-01;3.0750000e+02;2.8133228e-01;3.0750000e+02;3.2191744e-01;3.0750000e+02;3.1469876e-01;3.0750000e+02;2.4069765e-01;3.0750000e+02;1.7465049e-01;3.0750000e+02;1.2100237e-01;3.0750000e+02;7.4853621e-02;3.0750000e+02;3.2951646e-02;3.0750000e+02;-9.5695090e-03;3.0750000e+02;-5.2950248e-02;3.0750000e+02;-9.5070615e-02;3.0750000e+02;-1.3869116e-01;3.0750000e+02;-5.2848138e-02;3.0750000e+02;-9.8736696e-03;3.0750000e+02;5.3867295e-02;3.0750000e+02;1.3370459e-01;3.0750000e+02;2.1781790e-01;3.0750000e+02;2.6958331e-01;3.0750000e+02;2.8133228e-01;3.0750000e+02;3.2191744e-01;3.0750000e+02;3.1469876e-01;3.0750000e+02;2.4069765e-01;3.0750000e+02;1.7465049e-01;3.0750000e+02;1.2100237e-01;3.0750000e+02;7.4853621e-02;3.0750000e+02;3.2951646e-02;3.0750000e+02;-9.5695090e-03;3.0750000e+02;-5.2950248e-02;3.0750000e+02;-9.5070615e-02;3.0750000e+02;-1.3869116e-01;3.0750000e+02;-5.2848138e-02;3.0750000e+02;-9.8736696e-03;3.0750000e+02;5.3867295e-02;3.0750000e+02;1.3370459e-01;3.0750000e+02;2.1781790e-01;3.0750000e+02;2.6958331e-01;3.0750000e+02;2.8133228e-01;3.0750000e+02;3.2191744e-01;3.0750000e+02;3.1469876e-01;3.0750000e+02;2.4069765e-01;3.0750000e+02;1.7465049e-01;3.0750000e+02;1.2100237e-01;3.0750000e+02;7.4853621e-02;3.0750000e+02;3.2951646e-02;3.0750000e+02;-9.5695090e-03;3.0750000e+02;-5.2950248e-02;3.0750000e+02;-9.5070615e-02;3.0750000e+02;-1.3869116e-01;3.0750000e+02;-5.2848138e-02;3.0750000e+02;-9.8736696e-03;3.0750000e+02;5.3867295e-02;3.0750000e+02;1.3370459e-01;3.0750000e+02;2.1781790e-01;3.0750000e+02;2.6958331e-01;3.0750000e+02;2.8133228e-01;3.0750000e+02;3.2191744e-01;3.0750000e+02;3.1469876e-01;3.0750000e+02;2.4069765e-01;3.0750000e+02;1.7465049e-01;3.0750000e+02;1.2100237e-01;3.0750000e+02;7.4853621e-02;3.0750000e+02;3.2951646e-02;3.0750000e+02;-9.5695090e-03;3.0750000e+02;-5.2950248e-02;3.0750000e+02;-9.5070615e-02;3.0750000e+02;-1.3869116e-01;3.0750000e+02;-5.2848138e-02;3.0750000e+02;-9.8736696e-03;3.0750000e+02;5.3867295e-02;3.0750000e+02;1.3370459e-01;3.0750000e+02;2.1781790e-01;3.0750000e+02;2.6958331e-01;3.0750000e+02;2.8133228e-01;3.0750000e+02;3.2191744e-01;3.0750000e+02;3.1469876e-01;3.0750000e+02;2.4069765e-01;3.0750000e+02;1.7465049e-01;3.0750000e+02;1.2100237e-01;3.0750000e+02;7.4853621e-02;3.0750000e+02;3.2951646e-02;3.0750000e+02;-9.5695090e-03;3.0750000e+02;-5.2950248e-02;3.0750000e+02;-9.5070615e-02;3.0750000e+02;-1.3869116e-01;3.0750000e+02;-5.2848138e-02;3.0750000e+02;-9.8736696e-03;3.0750000e+02;5.3867295e-02;3.0750000e+02;1.3370459e-01;3.0750000e+02;2.1781790e-01;3.0750000e+02;2.6958331e-01;3.0750000e+02;2.8133228e-01;3.0750000e+02;3.2191744e-01;3.0750000e+02;3.1469876e-01;3.0750000e+02;2.4069765e-01;3.0750000e+02;1.7465049e-01;3.0750000e+02;1.2100237e-01;3.0750000e+02;7.4853621e-02;3.0750000e+02;3.2951646e-02;3.0750000e+02;-9.5695090e-03;3.0750000e+02;-5.2950248e-02;3.0750000e+02;-9.5070615e-02;3.0750000e+02;-1.3869116e-01;3.0750000e+02;-5.2848138e-02;3.0750000e+02;-9.8736696e-03;3.0750000e+02;5.3867295e-02;3.0750000e+02;1.3370459e-01;3.0750000e+02;2.1781790e-01;3.0750000e+02;2.6958331e-01;3.0750000e+02;2.8133228e-01;3.0750000e+02;3.2191744e-01;3.0750000e+02;3.1469876e-01;3.0750000e+02;2.4069765e-01;3.0750000e+02;1.7465049e-01;3.0750000e+02;1.2100237e-01;3.0750000e+02;7.4853621e-02;3.0750000e+02;3.2951646e-02;3.0750000e+02;-9.5695090e-03;3.0750000e+02;-5.2950248e-02;3.0750000e+02;-9.5070615e-02;3.0750000e+02;-1.3869116e-01;3.0750000e+02;-5.2848138e-02;3.0750000e+02;-9.8736696e-03;3.0750000e+02;5.3867295e-02;3.0750000e+02;1.3370459e-01;3.0750000e+02;2.1781790e-01;3.0750000e+02;2.6958331e-01;3.0750000e+02;2.8133228e-01;3.0750000e+02;3.2191744e-01;3.0750000e+02;3.1469876e-01;3.0750000e+02;2.4069765e-01;3.0750000e+02;1.7465049e-01;3.0750000e+02;1.2100237e-01;3.0750000e+02;7.4853621e-02;3.0750000e+02;3.2951646e-02;3.0750000e+02;-9.5695090e-03;3.0750000e+02;-5.2950248e-02;3.0750000e+02;-9.5070615e-02;3.0750000e+02;-1.3869116e-01;3.0750000e+02;-5.2848138e-02;3.0750000e+02;-9.8736696e-03;3.0750000e+02;5.3867295e-02;3.0750000e+02;1.3370459e-01;3.0750000e+02;2.1781790e-01;3.0750000e+02;2.6958331e-01;3.0750000e+02;2.8133228e-01;3.0750000e+02;3.2191744e-01;3.0750000e+02;3.1469876e-01;3.0750000e+02;2.4069765e-01;3.0750000e+02;1.7465049e-01;3.0750000e+02;1.2100237e-01;3.0750000e+02;7.4853621e-02;3.0750000e+02;3.2951646e-02;3.0750000e+02;-9.5695090e-03;3.0750000e+02;-5.2950248e-02;3.0750000e+02;-9.5070615e-02;3.0750000e+02;-1.3869116e-01;3.0750000e+02;-5.2848138e-02;3.0750000e+02;-9.8736696e-03;3.0750000e+02;5.3867295e-02;3.0750000e+02;1.3370459e-01;3.0750000e+02;2.1781790e-01;3.0750000e+02;2.6958331e-01;3.0750000e+02;2.8133228e-01;3.0750000e+02;3.2191744e-01;3.0750000e+02;3.1469876e-01;3.0750000e+02;2.4069765e-01;3.0750000e+02;1.7465049e-01;3.0750000e+02;1.2100237e-01;3.0750000e+02;7.4853621e-02;3.0750000e+02;3.2951646e-02;3.0750000e+02;-9.5695090e-03;3.0750000e+02;-5.2950248e-02;3.0750000e+02;-9.5070615e-02;3.0750000e+02;-1.3869116e-01;3.0750000e+02;-5.2848138e-02;3.0750000e+02;-9.8736696e-03;3.0750000e+02;5.3867295e-02;3.0750000e+02;1.3370459e-01;3.0750000e+02;2.1781790e-01;3.0750000e+02;2.6958331e-01;3.0750000e+02;2.8133228e-01;3.0750000e+02;3.2191744e-01;3.0750000e+02;3.1469876e-01;3.0750000e+02;2.4069765e-01;3.0750000e+02;1.7465049e-01;3.0750000e+02;1.2100237e-01;3.0750000e+02;7.4853621e-02;3.0750000e+02;3.2951646e-02;3.0750000e+02;-9.5695090e-03;3.0750000e+02;-5.2950248e-02;3.0750000e+02;-9.5070615e-02;3.0750000e+02;-1.3869116e-01;3.0750000e+02;-5.2848138e-02;3.0750000e+02;-9.8736696e-03;3.0750000e+02;5.3867295e-02;3.0750000e+02;1.3370459e-01;3.0750000e+02;2.1781790e-01;3.0750000e+02;2.6958331e-01;3.0750000e+02;2.8133228e-01;3.0750000e+02;3.2191744e-01;3.0750000e+02;3.1469876e-01;3.0750000e+02;2.4069765e-01;3.0750000e+02;1.7465049e-01;3.0750000e+02;1.2100237e-01;3.0750000e+02;7.4853621e-02;3.0750000e+02;3.2951646e-02;3.0750000e+02;-9.5695090e-03;3.0750000e+02;-5.2950248e-02;3.0750000e+02;-9.5070615e-02;3.0750000e+02;-1.3869116e-01;3.0750000e+02;-5.2848138e-02;3.0750000e+02;-9.8736696e-03;3.0750000e+02;5.3867295e-02;3.0750000e+02;1.3370459e-01;3.0750000e+02;2.1781790e-01;3.0750000e+02;2.6958331e-01;3.0750000e+02;2.8133228e-01;3.0750000e+02;3.2191744e-01;3.0750000e+02;3.1469876e-01;3.0750000e+02;2.4069765e-01;3.0750000e+02;1.7465049e-01;3.0750000e+02;1.2100237e-01;3.0750000e+02;7.4853621e-02;3.0750000e+02;3.2951646e-02;3.0750000e+02;-9.5695090e-03;3.0750000e+02;-5.2950248e-02;3.0750000e+02;-9.5070615e-02;3.0750000e+02;-1.3869116e-01;3.0750000e+02;-5.2848138e-02;3.0750000e+02;-9.8736696e-03;3.0750000e+02;5.3867295e-02;3.0750000e+02;1.3370459e-01;3.0750000e+02;2.1781790e-01;3.0750000e+02;2.6958331e-01;3.0750000e+02;2.8133228e-01;3.0750000e+02;3.2191744e-01;3.0750000e+02;3.1469876e-01;3.0750000e+02;2.4069765e-01;3.0750000e+02;1.7465049e-01;3.0750000e+02;1.2100237e-01;3.0750000e+02;7.4853621e-02;3.0750000e+02;3.2951646e-02;3.0750000e+02;-9.5695090e-03;3.0750000e+02;-5.2950248e-02;3.0750000e+02;-9.5070615e-02;3.0750000e+02;-1.3869116e-01;3.0750000e+02;-5.2848138e-02;3.0750000e+02;-9.8736696e-03;3.0750000e+02;5.3867295e-02;3.0750000e+02;1.3370459e-01;3.0750000e+02;2.1781790e-01;3.0750000e+02;2.6958331e-01;3.0750000e+02;2.8133228e-01;3.0750000e+02;3.2191744e-01;3.0750000e+02;3.1469876e-01;3.0750000e+02;2.4069765e-01;3.0750000e+02;1.7465049e-01;3.0750000e+02;1.2100237e-01;3.0750000e+02;7.4853621e-02;3.0750000e+02;3.2951646e-02;3.0750000e+02;-9.5695090e-03;3.0750000e+02;-5.2950248e-02;3.0750000e+02;-9.5070615e-02;3.0750000e+02;-1.3869116e-01;3.0750000e+02;-5.2848138e-02;3.0750000e+02;-9.8736696e-03;3.0750000e+02;5.3867295e-02;3.0750000e+02;1.3370459e-01;3.0750000e+02;2.1781790e-01;3.0750000e+02;2.6958331e-01;3.0750000e+02;2.8133228e-01;3.0750000e+02;3.2191744e-01;3.0750000e+02;3.1469876e-01;3.0750000e+02;2.4069765e-01;3.0750000e+02;1.7465049e-01;3.0750000e+02;1.2100237e-01;3.0750000e+02;7.4853621e-02;3.0750000e+02;3.2951646e-02;3.0750000e+02;-9.5695090e-03;3.0750000e+02;-5.2950248e-02;3.0750000e+02;-9.5070615e-02;3.0750000e+02;-1.3869116e-01;3.0750000e+02;-5.2848138e-02;3.0750000e+02;-9.8736696e-03;3.0750000e+02;5.3867295e-02;3.0750000e+02;1.3370459e-01;3.0750000e+02;2.1781790e-01;3.0750000e+02;2.6958331e-01;3.0750000e+02;2.8133228e-01;3.0750000e+02;3.2191744e-01;3.0750000e+02;3.1469876e-01;3.0750000e+02;2.4069765e-01;3.0750000e+02;1.7465049e-01;3.0750000e+02;1.2100237e-01;3.0750000e+02;7.4853621e-02;3.0750000e+02;3.2951646e-02;3.0750000e+02;-9.5695090e-03;3.0750000e+02;-5.2950248e-02;3.0750000e+02;-9.5070615e-02;3.0750000e+02;-1.3869116e-01;3.0750000e+02;-5.2848138e-02;3.0750000e+02;-9.8736696e-03;3.0750000e+02;5.3867295e-02;3.0750000e+02;1.3370459e-01;3.0750000e+02;2.1781790e-01;3.0750000e+02;2.6958331e-01;3.0750000e+02;2.8133228e-01;3.0750000e+02;3.2191744e-01;3.0750000e+02;3.1469876e-01;3.0750000e+02;2.4069765e-01;3.0750000e+02;1.7465049e-01;3.0750000e+02;1.2100237e-01;3.0750000e+02;7.4853621e-02;3.0750000e+02;3.2951646e-02;3.0750000e+02;-9.5695090e-03;3.0750000e+02;-5.2950248e-02;3.0750000e+02;-9.5070615e-02;3.0750000e+02;-1.3869116e-01;3.0750000e+02;-5.2848138e-02;3.0750000e+02;-9.8736696e-03;3.0750000e+02;5.3867295e-02;3.0750000e+02;1.3370459e-01;3.0750000e+02;2.1781790e-01;3.0750000e+02;2.6958331e-01;3.0750000e+02;2.8133228e-01;3.0750000e+02;3.2191744e-01;3.0750000e+02;3.1469876e-01;3.0750000e+02;2.4069765e-01;3.0750000e+02;1.7465049e-01;3.0750000e+02;1.2100237e-01;3.0750000e+02;7.4853621e-02;3.0750000e+02;3.2951646e-02;3.0750000e+02;-9.5695090e-03;3.0750000e+02;-5.2950248e-02;3.0750000e+02;-9.5070615e-02;3.0750000e+02;-1.3869116e-01;3.0750000e+02;-5.2848138e-02;3.0750000e+02;-9.8736696e-03;3.0750000e+02;5.3867295e-02;3.0750000e+02;1.3370459e-01;3.0750000e+02;2.1781790e-01;3.0750000e+02;2.6958331e-01;3.0750000e+02;2.8133228e-01;3.0750000e+02;3.2191744e-01;3.0750000e+02;3.1469876e-01;3.0750000e+02;2.4069765e-01;3.0750000e+02;1.7465049e-01;3.0750000e+02;1.2100237e-01;3.0750000e+02;7.4853621e-02;3.0750000e+02;3.2951646e-02;3.0750000e+02;-9.5695090e-03;3.0750000e+02;-5.2950248e-02;3.0750000e+02;-9.5070615e-02;3.0750000e+02;-1.3869116e-01;3.0750000e+02;-5.2848138e-02;3.0750000e+02;-9.8736696e-03;3.0750000e+02;5.3867295e-02;3.0750000e+02;1.3370459e-01;3.0750000e+02;2.1781790e-01;3.0750000e+02;2.6958331e-01;3.0750000e+02;2.8133228e-01;3.0750000e+02;3.2191744e-01;3.0750000e+02;3.1469876e-01;3.0750000e+02;2.4069765e-01;3.0750000e+02;1.7465049e-01;3.0750000e+02;1.2100237e-01;3.0750000e+02;7.4853621e-02;3.0750000e+02;3.2951646e-02;3.0750000e+02;-9.5695090e-03;3.0750000e+02;-5.2950248e-02;3.0750000e+02;-9.5070615e-02;3.0750000e+02;-1.3869116e-01;3.0750000e+02;-5.2848138e-02;3.0750000e+02;-9.8736696e-03;3.0750000e+02;5.3867295e-02;3.0750000e+02;1.3370459e-01;3.0750000e+02;2.1781790e-01;3.0750000e+02;2.6958331e-01;3.0750000e+02;2.8133228e-01;3.0750000e+02;3.2191744e-01;3.0750000e+02;3.1469876e-01;3.0750000e+02;2.4069765e-01;3.0750000e+02;1.7465049e-01;3.0750000e+02;1.2100237e-01;3.0750000e+02;7.4853621e-02;3.0750000e+02;3.2951646e-02;3.0750000e+02;-9.5695090e-03;3.0750000e+02;-5.2950248e-02;3.0750000e+02;-9.5070615e-02;3.0750000e+02;-1.3869116e-01;3.0750000e+02;-5.2848138e-02;3.0750000e+02;-9.8736696e-03;3.0750000e+02;5.3867295e-02;3.0750000e+02;1.3370459e-01;3.0750000e+02;2.1781790e-01;3.0750000e+02;2.6958331e-01;3.0750000e+02;2.8133228e-01;3.0750000e+02;3.2191744e-01;3.0750000e+02;3.1469876e-01;3.0750000e+02;2.4069765e-01;3.0750000e+02;1.7465049e-01;3.0750000e+02;1.2100237e-01;3.0750000e+02;7.4853621e-02;3.0750000e+02;3.2951646e-02;3.0750000e+02;-9.5695090e-03;3.0750000e+02;-5.2950248e-02;3.0750000e+02;-9.5070615e-02;3.0750000e+02;-1.3869116e-01;3.0750000e+02;-5.2848138e-02;3.0750000e+02;-9.8736696e-03;3.0750000e+02;5.3867295e-02;3.0750000e+02;1.3370459e-01;3.0750000e+02;2.1781790e-01;3.0750000e+02;2.6958331e-01;3.0750000e+02;2.8133228e-01;3.0750000e+02;3.2191744e-01;3.0750000e+02;3.1469876e-01;3.0750000e+02;2.4069765e-01;3.0750000e+02;1.7465049e-01;3.0750000e+02;1.2100237e-01;3.0750000e+02;7.4853621e-02;3.0750000e+02;3.2951646e-02;3.0750000e+02;-9.5695090e-03;3.0750000e+02;-5.2950248e-02;3.0750000e+02;-9.5070615e-02;3.0750000e+02;-1.3869116e-01;3.0750000e+02;-5.2848138e-02;3.0750000e+02;-9.8736696e-03;3.0750000e+02;5.3867295e-02;3.0750000e+02;1.3370459e-01;3.0750000e+02;2.1781790e-01;3.0750000e+02;2.6958331e-01;3.0750000e+02;2.8133228e-01;3.0750000e+02;3.2191744e-01;3.0750000e+02;3.1469876e-01;3.0750000e+02;2.4069765e-01;3.0750000e+02;1.7465049e-01;3.0750000e+02;1.2100237e-01;3.0750000e+02;7.4853621e-02;3.0750000e+02;3.2951646e-02;3.0750000e+02;-9.5695090e-03;3.0750000e+02;-5.2950248e-02;3.0750000e+02;-9.5070615e-02;3.0750000e+02;-1.3869116e-01;3.0750000e+02;-5.2848138e-02;3.0750000e+02;-9.8736696e-03;3.0750000e+02;5.3867295e-02;3.0750000e+02;1.3370459e-01;3.0750000e+02;2.1781790e-01;3.0750000e+02;2.6958331e-01;3.0750000e+02;2.8133228e-01;3.0750000e+02;3.2191744e-01;3.0750000e+02;3.1469876e-01;3.0750000e+02;2.4069765e-01;3.0750000e+02;1.7465049e-01;3.0750000e+02;1.2100237e-01;3.0750000e+02;7.4853621e-02;3.0750000e+02;3.2951646e-02;3.0750000e+02;-9.5695090e-03;3.0750000e+02;-5.2950248e-02;3.0750000e+02;-9.5070615e-02;3.0750000e+02;-1.3869116e-01;3.0750000e+02;-5.2848138e-02;3.0750000e+02;-9.8736696e-03;3.0750000e+02;5.3867295e-02;3.0750000e+02;1.3370459e-01;3.0750000e+02;2.1781790e-01;3.0750000e+02;2.6958331e-01;3.0750000e+02;2.8133228e-01;3.0750000e+02;3.2191744e-01;3.0750000e+02;3.1469876e-01;3.0750000e+02;2.4069765e-01;3.0750000e+02;1.7465049e-01;3.0750000e+02;1.2100237e-01;3.0750000e+02;7.4853621e-02;3.0750000e+02;3.2951646e-02;3.0750000e+02;-9.5695090e-03;3.0750000e+02;-5.2950248e-02;3.0750000e+02;-9.5070615e-02;3.0750000e+02;-1.3869116e-01;3.0750000e+02;-5.2848138e-02;3.0750000e+02;-9.8736696e-03;3.0750000e+02;5.3867295e-02;3.0750000e+02;1.3370459e-01;3.0750000e+02;2.1781790e-01;3.0750000e+02;2.6958331e-01;3.0750000e+02;2.8133228e-01;3.0750000e+02;3.2191744e-01;3.0750000e+02;3.1469876e-01;3.0750000e+02;2.4069765e-01;3.0750000e+02;1.7465049e-01;3.0750000e+02;1.2100237e-01;3.0750000e+02;7.4853621e-02;3.0750000e+02;3.2951646e-02;3.0750000e+02;-9.5695090e-03;3.0750000e+02;-5.2950248e-02;3.0750000e+02;-9.5070615e-02;3.0750000e+02;-1.3869116e-01;3.0750000e+02;-5.2848138e-02;3.0750000e+02;-9.8736696e-03;3.0750000e+02;5.3867295e-02;3.0750000e+02;1.3370459e-01;3.0750000e+02;2.1781790e-01;3.0750000e+02;2.6958331e-01;3.0750000e+02;2.8133228e-01;3.0750000e+02;3.2191744e-01;3.0750000e+02;3.1469876e-01;3.0750000e+02;2.4069765e-01;3.0750000e+02;1.7465049e-01;3.0750000e+02;1.2100237e-01;3.0750000e+02;7.4853621e-02;3.0750000e+02;3.2951646e-02;3.0750000e+02;-9.5695090e-03;3.0750000e+02;-5.2950248e-02;3.0750000e+02;-9.5070615e-02;3.0750000e+02;-1.3869116e-01;3.0750000e+02;-5.2848138e-02;3.0750000e+02;-9.8736696e-03;3.0750000e+02;5.3867295e-02;3.0750000e+02;1.3370459e-01;3.0750000e+02;2.1781790e-01;3.0750000e+02;2.6958331e-01;3.0750000e+02;2.8133228e-01;3.0750000e+02;3.2191744e-01;3.0750000e+02;3.1469876e-01;3.0750000e+02;2.4069765e-01;3.0750000e+02;1.7465049e-01;3.0750000e+02;1.2100237e-01;3.0750000e+02;7.4853621e-02;3.0750000e+02;3.2951646e-02;3.0750000e+02;-9.5695090e-03;3.0750000e+02;-5.2950248e-02;3.0750000e+02;-9.5070615e-02;3.0750000e+02;-1.3869116e-01;3.0750000e+02;-5.2848138e-02;3.0750000e+02;-9.8736696e-03;3.0750000e+02;5.3867295e-02;3.0750000e+02;1.3370459e-01;3.0750000e+02;2.1781790e-01;3.0750000e+02;2.6958331e-01;3.0750000e+02;2.8133228e-01;3.0750000e+02;3.2191744e-01;3.0750000e+02;3.1469876e-01;3.0750000e+02;2.4069765e-01;3.0750000e+02;1.7465049e-01;3.0750000e+02;1.2100237e-01;3.0750000e+02;7.4853621e-02;3.0750000e+02;3.2951646e-02;3.0750000e+02;-9.5695090e-03;3.0750000e+02;-5.2950248e-02;3.0750000e+02;-9.5070615e-02;3.0750000e+02;-1.3869116e-01;3.0750000e+02;-5.2848138e-02;3.0750000e+02;-9.8736696e-03;3.0750000e+02;5.3867295e-02;3.0750000e+02;1.3370459e-01;3.0750000e+02;2.1781790e-01;3.0750000e+02;2.6958331e-01;3.0750000e+02;2.8133228e-01;3.0750000e+02;3.2191744e-01;3.0750000e+02;3.1469876e-01;3.0750000e+02;2.4069765e-01;3.0750000e+02;1.7465049e-01;3.0750000e+02;1.2100237e-01;3.0750000e+02;7.4853621e-02;3.0750000e+02;3.2951646e-02;3.0750000e+02;-9.5695090e-03;3.0750000e+02;-5.2950248e-02;3.0750000e+02;-9.5070615e-02;3.0750000e+02;-1.3869116e-01;3.0750000e+02;-5.2848138e-02;3.0750000e+02;-9.8736696e-03;3.0750000e+02;5.3867295e-02;3.0750000e+02;1.3370459e-01;3.0750000e+02;2.1781790e-01;3.0750000e+02;2.6958331e-01;3.0750000e+02;2.8133228e-01;3.0750000e+02;3.2191744e-01;3.0750000e+02;3.1469876e-01;3.0750000e+02;2.4069765e-01;3.0750000e+02;1.7465049e-01;3.0750000e+02;1.2100237e-01;3.0750000e+02;7.4853621e-02;3.0750000e+02;3.2951646e-02;3.0750000e+02;-9.5695090e-03;3.0750000e+02;-5.2950248e-02;3.0750000e+02;-9.5070615e-02;3.0750000e+02;-1.3869116e-01;3.0750000e+02;-5.2848138e-02;3.0750000e+02;-9.8736696e-03;3.0750000e+02;5.3867295e-02;3.0750000e+02;1.3370459e-01;3.0750000e+02;2.1781790e-01;3.0750000e+02;2.6958331e-01;3.0750000e+02;2.8133228e-01;3.0750000e+02;3.2191744e-01;3.0750000e+02;3.1469876e-01;3.0750000e+02;2.4069765e-01;3.0750000e+02;1.7465049e-01;3.0750000e+02;1.2100237e-01;3.0750000e+02;7.4853621e-02;3.0750000e+02;3.2951646e-02;3.0750000e+02;-9.5695090e-03;3.0750000e+02;-5.2950248e-02;3.0750000e+02;-9.5070615e-02;3.0750000e+02;-1.3869116e-01;3.0750000e+02;-5.2848138e-02;3.0750000e+02;-9.8736696e-03;3.0750000e+02;5.3867295e-02;3.0750000e+02;1.3370459e-01;3.0750000e+02;2.1781790e-01;3.0750000e+02;2.6958331e-01;3.0750000e+02;2.8133228e-01;3.0750000e+02;3.2191744e-01;3.0750000e+02;3.1469876e-01;3.0750000e+02;2.4069765e-01;3.0750000e+02;1.7465049e-01;3.0750000e+02;1.2100237e-01;3.0750000e+02;7.4853621e-02;3.0750000e+02;3.2951646e-02;3.0750000e+02;-9.5695090e-03;3.0750000e+02;-5.2950248e-02;3.0750000e+02;-9.5070615e-02;3.0750000e+02;-1.3869116e-01;3.0750000e+02;-5.2848138e-02;3.0750000e+02;-9.8736696e-03;3.0750000e+02;5.3867295e-02;3.0750000e+02;1.3370459e-01;3.0750000e+02;2.1781790e-01;3.0750000e+02;2.6958331e-01;3.0750000e+02;2.8133228e-01;3.0750000e+02;3.2191744e-01;3.0750000e+02;3.1469876e-01;3.0750000e+02;2.4069765e-01;3.0750000e+02;1.7465049e-01;3.0750000e+02;1.2100237e-01;3.0750000e+02;7.4853621e-02;3.0750000e+02;3.2951646e-02;3.0750000e+02;-9.5695090e-03;3.0750000e+02;-5.2950248e-02;3.0750000e+02;-9.5070615e-02;3.0750000e+02;-1.3869116e-01;3.0750000e+02;-5.2848138e-02;3.0750000e+02;-9.8736696e-03;3.0750000e+02;5.3867295e-02;3.0750000e+02;1.3370459e-01;3.0750000e+02;2.1781790e-01;3.0750000e+02;2.6958331e-01;3.0750000e+02;2.8133228e-01;3.0750000e+02;3.2191744e-01;3.0750000e+02;3.1469876e-01;3.0750000e+02;2.4069765e-01;3.0750000e+02;1.7465049e-01;3.0750000e+02;1.2100237e-01;3.0750000e+02;7.4853621e-02;3.0750000e+02;3.2951646e-02;3.0750000e+02;-9.5695090e-03;3.0750000e+02;-5.2950248e-02;3.0750000e+02;-9.5070615e-02;3.0750000e+02;-1.3869116e-01;3.0750000e+02;-5.2848138e-02;3.0750000e+02;-9.8736696e-03;3.0750000e+02;5.3867295e-02;3.0750000e+02;1.3370459e-01;3.0750000e+02;2.1781790e-01;3.0750000e+02;2.6958331e-01;3.0750000e+02;2.8133228e-01;3.0750000e+02;3.2191744e-01;3.0750000e+02;3.1469876e-01;3.0750000e+02;2.4069765e-01;3.0750000e+02;1.7465049e-01;3.0750000e+02;1.2100237e-01;3.0750000e+02;7.4853621e-02;3.0750000e+02;3.2951646e-02;3.0750000e+02;-9.5695090e-03;3.0750000e+02;-5.2950248e-02;3.0750000e+02;-9.5070615e-02;3.0750000e+02;-1.3869116e-01;3.0750000e+02;-5.2848138e-02;3.0750000e+02;-9.8736696e-03;3.0750000e+02;5.3867295e-02;3.0750000e+02;1.3370459e-01;3.0750000e+02;2.1781790e-01;3.0750000e+02;2.6958331e-01;3.0750000e+02;2.8133228e-01;3.0750000e+02;3.2191744e-01;3.0750000e+02;3.1469876e-01;3.0750000e+02;2.4069765e-01;3.0750000e+02;1.7465049e-01;3.0750000e+02;1.2100237e-01;3.0750000e+02;7.4853621e-02;3.0750000e+02;3.2951646e-02;3.0750000e+02;-9.5695090e-03;3.0750000e+02;-5.2950248e-02;3.0750000e+02;-9.5070615e-02;3.0750000e+02;-1.3869116e-01;3.0750000e+02;-5.2848138e-02;3.0750000e+02;-9.8736696e-03;3.0750000e+02;5.3867295e-02;3.0750000e+02;1.3370459e-01;3.0750000e+02;2.1781790e-01;3.0750000e+02;2.6958331e-01;3.0750000e+02;2.8133228e-01;3.0750000e+02;3.2191744e-01;3.0750000e+02;3.1469876e-01;3.0750000e+02;2.4069765e-01;3.0750000e+02;1.7465049e-01;3.0750000e+02;1.2100237e-01;3.0750000e+02;7.4853621e-02;3.0750000e+02;3.2951646e-02;3.0750000e+02;-9.5695090e-03;3.0750000e+02;-5.2950248e-02;3.0750000e+02;-9.5070615e-02;3.0750000e+02;-1.3869116e-01;3.0750000e+02;-5.2848138e-02;3.0750000e+02;-9.8736696e-03;3.0750000e+02;5.3867295e-02;3.0750000e+02;1.3370459e-01;3.0750000e+02;2.1781790e-01;3.0750000e+02;2.6958331e-01;3.0750000e+02;2.8133228e-01;3.0750000e+02;3.2191744e-01;3.0750000e+02;3.1469876e-01;3.0750000e+02;2.4069765e-01;3.0750000e+02;1.7465049e-01;3.0750000e+02;1.2100237e-01;3.0750000e+02;7.4853621e-02;3.0750000e+02;3.2951646e-02;3.0750000e+02;-9.5695090e-03;3.0750000e+02;-5.2950248e-02;3.0750000e+02;-9.5070615e-02;3.0750000e+02;-1.3869116e-01;3.0750000e+02;-5.2848138e-02;3.0750000e+02;-9.8736696e-03;3.0750000e+02;5.3867295e-02;3.0750000e+02;1.3370459e-01;3.0750000e+02;2.1781790e-01;3.0750000e+02;2.6958331e-01;3.0750000e+02;2.8133228e-01;3.0750000e+02;3.2191744e-01;3.0750000e+02;3.1469876e-01;3.0750000e+02;2.4069765e-01;3.0750000e+02;1.7465049e-01;3.0750000e+02;1.2100237e-01;3.0750000e+02;7.4853621e-02;3.0750000e+02;3.2951646e-02;3.0750000e+02;-9.5695090e-03;3.0750000e+02;-5.2950248e-02;3.0750000e+02;-9.5070615e-02;3.0750000e+02;-1.3869116e-01;3.0750000e+02;-5.2848138e-02;3.0750000e+02;-9.8736696e-03;3.0750000e+02;5.3867295e-02;3.0750000e+02;1.3370459e-01;3.0750000e+02;2.1781790e-01;3.0750000e+02;2.6958331e-01;3.0750000e+02;2.8133228e-01;3.0750000e+02;3.2191744e-01;3.0750000e+02;3.1469876e-01;3.0750000e+02;2.4069765e-01;3.0750000e+02;1.7465049e-01;3.0750000e+02;1.2100237e-01;3.0750000e+02;7.4853621e-02;3.0750000e+02;3.2951646e-02;3.0750000e+02;-9.5695090e-03;3.0750000e+02;-5.2950248e-02;3.0750000e+02;-9.5070615e-02;3.0750000e+02;-1.3869116e-01;3.0750000e+02;-5.2848138e-02;3.0750000e+02;-9.8736696e-03;3.0750000e+02;5.3867295e-02;3.0750000e+02;1.3370459e-01;3.0750000e+02;2.1781790e-01;3.0750000e+02;2.6958331e-01;3.0750000e+02;2.8133228e-01;3.0750000e+02;3.2191744e-01;3.0750000e+02;3.1469876e-01;3.0750000e+02;2.4069765e-01;3.0750000e+02;1.7465049e-01;3.0750000e+02;1.2100237e-01;3.0750000e+02;7.4853621e-02;3.0750000e+02;3.2951646e-02;3.0750000e+02;-9.5695090e-03;3.0750000e+02;-5.2950248e-02;3.0750000e+02;-9.5070615e-02;3.0750000e+02;-1.3869116e-01;3.0750000e+02;-5.2848138e-02;3.0750000e+02;-9.8736696e-03;3.0750000e+02;5.3867295e-02;3.0750000e+02;1.3370459e-01;3.0750000e+02;2.1781790e-01;3.0750000e+02;2.6958331e-01;3.0750000e+02;2.8133228e-01;3.0750000e+02;3.2191744e-01;3.0750000e+02;3.1469876e-01;3.0750000e+02;2.4069765e-01;3.0750000e+02;1.7465049e-01;3.0750000e+02;1.2100237e-01;3.0750000e+02;7.4853621e-02;3.0750000e+02;3.2951646e-02;3.0750000e+02;-9.5695090e-03;3.0750000e+02;-5.2950248e-02;3.0750000e+02;-9.5070615e-02;3.0750000e+02;-1.3869116e-01;3.0750000e+02;-5.2848138e-02;3.0750000e+02;-9.8736696e-03;3.0750000e+02;5.3867295e-02;3.0750000e+02;1.3370459e-01;3.0750000e+02;2.1781790e-01;3.0750000e+02;2.6958331e-01;3.0750000e+02;2.8133228e-01;3.0750000e+02;3.2191744e-01;3.0750000e+02;3.1469876e-01;3.0750000e+02;2.4069765e-01;3.0750000e+02;1.7465049e-01;3.0750000e+02;1.2100237e-01;3.0750000e+02;7.4853621e-02;3.0750000e+02;3.2951646e-02;3.0750000e+02;-9.5695090e-03;3.0750000e+02;-5.2950248e-02;3.0750000e+02;-9.5070615e-02;3.0750000e+02;-1.3869116e-01;3.0750000e+02;-5.2848138e-02;3.0750000e+02;-9.8736696e-03;3.0750000e+02;5.3867295e-02;3.0750000e+02;1.3370459e-01;3.0750000e+02;2.1781790e-01;3.0750000e+02;2.6958331e-01;3.0750000e+02;2.8133228e-01;3.0750000e+02;3.2191744e-01;3.0750000e+02;3.1469876e-01;3.0750000e+02;2.4069765e-01;3.0750000e+02;1.7465049e-01;3.0750000e+02;1.2100237e-01;3.0750000e+02;7.4853621e-02;3.0750000e+02;3.2951646e-02;3.0750000e+02;-9.5695090e-03;3.0750000e+02;-5.2950248e-02;3.0750000e+02;-9.5070615e-02;3.0750000e+02;-1.3869116e-01;3.0750000e+02;-5.2848138e-02;3.0750000e+02;-9.8736696e-03;3.0750000e+02;5.3867295e-02;3.0750000e+02;1.3370459e-01;3.0750000e+02;2.1781790e-01;3.0750000e+02;2.6958331e-01;3.0750000e+02;2.8133228e-01;3.0750000e+02;3.2191744e-01;3.0750000e+02;3.1469876e-01;3.0750000e+02;2.4069765e-01;3.0750000e+02;1.7465049e-01;3.0750000e+02;1.2100237e-01;3.0750000e+02;7.4853621e-02;3.0750000e+02;3.2951646e-02;3.0750000e+02;-9.5695090e-03;3.0750000e+02;-5.2950248e-02;3.0750000e+02;-9.5070615e-02;3.0750000e+02;-1.3869116e-01;3.0750000e+02;-5.2848138e-02;3.0750000e+02;-9.8736696e-03;3.0750000e+02;5.3867295e-02;3.0750000e+02;1.3370459e-01;3.0750000e+02;2.1781790e-01;3.0750000e+02;2.6958331e-01;3.0750000e+02;2.8133228e-01;3.0750000e+02;3.2191744e-01;3.0750000e+02;3.1469876e-01;3.0750000e+02;2.4069765e-01;3.0750000e+02;1.7465049e-01;3.0750000e+02;1.2100237e-01;3.0750000e+02;7.4853621e-02;3.0750000e+02;3.2951646e-02;3.0750000e+02;-9.5695090e-03;3.0750000e+02;-5.2950248e-02;3.0750000e+02;-9.5070615e-02;3.0750000e+02;-1.3869116e-01;3.0750000e+02;-5.2848138e-02;3.0750000e+02;-9.8736696e-03;3.0750000e+02;5.3867295e-02;3.0750000e+02;1.3370459e-01;3.0750000e+02;2.1781790e-01;3.0750000e+02;2.6958331e-01;3.0750000e+02;2.8133228e-01;3.0750000e+02;3.2191744e-01;3.0750000e+02;3.1469876e-01;3.0750000e+02;2.4069765e-01;3.0750000e+02;1.7465049e-01;3.0750000e+02;1.2100237e-01;3.0750000e+02;7.4853621e-02;3.0750000e+02;3.2951646e-02;3.0750000e+02;-9.5695090e-03;3.0750000e+02;-5.2950248e-02;3.0750000e+02;-9.5070615e-02;3.0750000e+02;-1.3869116e-01;3.0750000e+02;-5.2848138e-02;3.0750000e+02;-9.8736696e-03;3.0750000e+02;5.3867295e-02;3.0750000e+02;1.3370459e-01;3.0750000e+02;2.1781790e-01;3.0750000e+02;2.6958331e-01;3.0750000e+02;2.8133228e-01;3.0750000e+02;3.2191744e-01;3.0750000e+02;3.1469876e-01;3.0750000e+02;2.4069765e-01;3.0750000e+02;1.7465049e-01;3.0750000e+02;1.2100237e-01;3.0750000e+02;7.4853621e-02;3.0750000e+02;3.2951646e-02;3.0750000e+02;-9.5695090e-03;3.0750000e+02;-5.2950248e-02;3.0750000e+02;-9.5070615e-02;3.0750000e+02;-1.3869116e-01;3.0750000e+02;-5.2848138e-02;3.0750000e+02;-9.8736696e-03;3.0750000e+02;5.3867295e-02;3.0750000e+02;1.3370459e-01;3.0750000e+02;2.1781790e-01;3.0750000e+02;2.6958331e-01;3.0750000e+02;2.8133228e-01;3.0750000e+02;3.2191744e-01;3.0750000e+02;3.1469876e-01;3.0750000e+02;2.4069765e-01;3.0750000e+02;1.7465049e-01;3.0750000e+02;1.2100237e-01;3.0750000e+02;7.4853621e-02;3.0750000e+02;3.2951646e-02;3.0750000e+02;-9.5695090e-03;3.0750000e+02;-5.2950248e-02;3.0750000e+02;-9.5070615e-02;3.0750000e+02;-1.3869116e-01;3.0750000e+02;-5.2848138e-02;3.0750000e+02;-9.8736696e-03;3.0750000e+02;5.3867295e-02;3.0750000e+02;1.3370459e-01;3.0750000e+02;2.1781790e-01;3.0750000e+02;2.6958331e-01;3.0750000e+02;2.8133228e-01;3.0750000e+02;3.2191744e-01;3.0750000e+02;3.1469876e-01;3.0750000e+02;2.4069765e-01;3.0750000e+02;1.7465049e-01;3.0750000e+02;1.2100237e-01;3.0750000e+02;7.4853621e-02;3.0750000e+02;3.2951646e-02;3.0750000e+02;-9.5695090e-03;3.0750000e+02;-5.2950248e-02;3.0750000e+02;-9.5070615e-02;3.0750000e+02;-1.3869116e-01;3.0750000e+02;-5.2848138e-02;3.0750000e+02;-9.8736696e-03;3.0750000e+02;5.3867295e-02;3.0750000e+02;1.3370459e-01;3.0750000e+02;2.1781790e-01;3.0750000e+02;2.6958331e-01;3.0750000e+02;2.8133228e-01;3.0750000e+02;3.2191744e-01;3.0750000e+02;3.1469876e-01;3.0750000e+02;2.4069765e-01;3.0750000e+02;1.7465049e-01;3.0750000e+02;1.2100237e-01;3.0750000e+02;7.4853621e-02;3.0750000e+02;3.2951646e-02;3.0750000e+02;-9.5695090e-03;3.0750000e+02;-5.2950248e-02;3.0750000e+02;-9.5070615e-02;3.0750000e+02;-1.3869116e-01;3.0750000e+02;-5.2848138e-02;3.0750000e+02;-9.8736696e-03;3.0750000e+02;5.3867295e-02;3.0750000e+02;1.3370459e-01;3.0750000e+02;2.1781790e-01;3.0750000e+02;2.6958331e-01;3.0750000e+02;2.8133228e-01;3.0750000e+02;3.2191744e-01;3.0750000e+02;3.1469876e-01;3.0750000e+02;2.4069765e-01;3.0750000e+02;1.7465049e-01;3.0750000e+02;1.2100237e-01;3.0750000e+02;7.4853621e-02;3.0750000e+02;3.2951646e-02;3.0750000e+02;-9.5695090e-03;3.0750000e+02;-5.2950248e-02;3.0750000e+02;-9.5070615e-02;3.0750000e+02;-1.3869116e-01;3.0750000e+02;-5.2848138e-02;3.0750000e+02;-9.8736696e-03;3.0750000e+02;5.3867295e-02;3.0750000e+02;1.3370459e-01;3.0750000e+02;2.1781790e-01;3.0750000e+02;2.6958331e-01;3.0750000e+02;2.8133228e-01;3.0750000e+02;3.2191744e-01;3.0750000e+02;3.1469876e-01;3.0750000e+02;2.4069765e-01;3.0750000e+02;1.7465049e-01;3.0750000e+02;1.2100237e-01;3.0750000e+02;7.4853621e-02;3.0750000e+02;3.2951646e-02;3.0750000e+02;-9.5695090e-03;3.0750000e+02;-5.2950248e-02;3.0750000e+02;-9.5070615e-02;3.0750000e+02;-1.3869116e-01;3.0750000e+02;-5.2848138e-02;3.0750000e+02;-9.8736696e-03;3.0750000e+02;5.3867295e-02;3.0750000e+02;1.3370459e-01;3.0750000e+02;2.1781790e-01;3.0750000e+02;2.6958331e-01;3.0750000e+02;2.8133228e-01;3.0750000e+02;3.2191744e-01;3.0750000e+02;3.1469876e-01;3.0750000e+02;2.4069765e-01;3.0750000e+02;1.7465049e-01;3.0750000e+02;1.2100237e-01;3.0750000e+02;7.4853621e-02;3.0750000e+02;3.2951646e-02;3.0750000e+02;-9.5695090e-03;3.0750000e+02;-5.2950248e-02;3.0750000e+02;-9.5070615e-02;3.0750000e+02;-1.3869116e-01;3.0750000e+02;-5.2848138e-02;3.0750000e+02;-9.8736696e-03;3.0750000e+02;5.3867295e-02;3.0750000e+02;1.3370459e-01;3.0750000e+02;2.1781790e-01;3.0750000e+02;2.6958331e-01;3.0750000e+02;2.8133228e-01;3.0750000e+02;3.2191744e-01;3.0750000e+02;3.1469876e-01;3.0750000e+02;2.4069765e-01;3.0750000e+02;1.7465049e-01;3.0750000e+02;1.2100237e-01;3.0750000e+02;7.4853621e-02;3.0750000e+02;3.2951646e-02;3.0750000e+02;-9.5695090e-03;3.0750000e+02;-5.2950248e-02;3.0750000e+02;-9.5070615e-02;3.0750000e+02;-1.3869116e-01;3.0750000e+02;-5.2848138e-02;3.0750000e+02;-9.8736696e-03;3.0750000e+02;5.3867295e-02;3.0750000e+02;1.3370459e-01;3.0750000e+02;2.1781790e-01;3.0750000e+02;2.6958331e-01;3.0750000e+02;2.8133228e-01;3.0750000e+02;3.2191744e-01;3.0750000e+02;3.1469876e-01;3.0750000e+02;2.4069765e-01;3.0750000e+02;1.7465049e-01;3.0750000e+02;1.2100237e-01;3.0750000e+02;7.4853621e-02;3.0750000e+02;3.2951646e-02;3.0750000e+02;-9.5695090e-03;3.0750000e+02;-5.2950248e-02;3.0750000e+02;-9.5070615e-02;3.0750000e+02;-1.3869116e-01;3.0750000e+02;-5.2848138e-02;3.0750000e+02;-9.8736696e-03;3.0750000e+02;5.3867295e-02;3.0750000e+02;1.3370459e-01;3.0750000e+02;2.1781790e-01;3.0750000e+02;2.6958331e-01;3.0750000e+02;2.8133228e-01;3.0750000e+02;3.2191744e-01;3.0750000e+02;3.1469876e-01;3.0750000e+02;2.4069765e-01;3.0750000e+02;1.7465049e-01;3.0750000e+02;1.2100237e-01;3.0750000e+02;7.4853621e-02;3.0750000e+02;3.2951646e-02;3.0750000e+02;-9.5695090e-03;3.0750000e+02;-5.2950248e-02;3.0750000e+02;-9.5070615e-02;3.0750000e+02;-1.3869116e-01;3.0750000e+02;-5.2848138e-02;3.0750000e+02;-9.8736696e-03;3.0750000e+02;5.3867295e-02;3.0750000e+02;1.3370459e-01;3.0750000e+02;2.1781790e-01;3.0750000e+02;2.6958331e-01;3.0750000e+02;2.8133228e-01;3.0750000e+02;3.2191744e-01;3.0750000e+02;3.1469876e-01;3.0750000e+02;2.4069765e-01;3.0750000e+02;1.7465049e-01;3.0750000e+02;1.2100237e-01;3.0750000e+02;7.4853621e-02;3.0750000e+02;3.2951646e-02;3.0750000e+02;-9.5695090e-03;3.0750000e+02;-5.2950248e-02;3.0750000e+02;-9.5070615e-02;3.0750000e+02;-1.3869116e-01;3.0750000e+02;-5.2848138e-02;3.0750000e+02;-9.8736696e-03;3.0750000e+02;5.3867295e-02;3.0750000e+02;1.3370459e-01;3.0750000e+02;2.1781790e-01;3.0750000e+02;2.6958331e-01;3.0750000e+02;2.8133228e-01;3.0750000e+02;3.2191744e-01;3.0750000e+02;3.1469876e-01;3.0750000e+02;2.4069765e-01;3.0750000e+02;1.7465049e-01;3.0750000e+02;1.2100237e-01;3.0750000e+02;7.4853621e-02;3.0750000e+02;3.2951646e-02;3.0750000e+02;-9.5695090e-03;3.0750000e+02;-5.2950248e-02;3.0750000e+02;-9.5070615e-02;3.0750000e+02;-1.3869116e-01;3.0750000e+02;-5.2848138e-02;3.0750000e+02;-9.8736696e-03;3.0750000e+02;5.3867295e-02;3.0750000e+02;1.3370459e-01;3.0750000e+02;2.1781790e-01;3.0750000e+02;2.6958331e-01;3.0750000e+02;2.8133228e-01;3.0750000e+02;3.2191744e-01;3.0750000e+02;3.1469876e-01;3.0750000e+02;2.4069765e-01;3.0750000e+02;1.7465049e-01;3.0750000e+02;1.2100237e-01;3.0750000e+02;7.4853621e-02;3.0750000e+02;3.2951646e-02;3.0750000e+02;-9.5695090e-03;3.0750000e+02;-5.2950248e-02;3.0750000e+02;-9.5070615e-02;3.0750000e+02;-1.3869116e-01;3.0750000e+02;-5.2848138e-02;3.0750000e+02;-9.8736696e-03;3.0750000e+02;5.3867295e-02;3.0750000e+02;1.3370459e-01;3.0750000e+02;2.1781790e-01;3.0750000e+02;2.6958331e-01;3.0750000e+02;2.8133228e-01;3.0750000e+02;3.2191744e-01;3.0750000e+02;3.1469876e-01;3.0750000e+02;2.4069765e-01;3.0750000e+02;1.7465049e-01;3.0750000e+02;1.2100237e-01;3.0750000e+02;7.4853621e-02;3.0750000e+02;3.2951646e-02;3.0750000e+02;-9.5695090e-03;3.0750000e+02;-5.2950248e-02;3.0750000e+02;-9.5070615e-02;3.0750000e+02;-1.3869116e-01;3.0750000e+02;-5.2848138e-02;3.0750000e+02;-9.8736696e-03;3.0750000e+02;5.3867295e-02;3.0750000e+02;1.3370459e-01;3.0750000e+02;2.1781790e-01;3.0750000e+02;2.6958331e-01;3.0750000e+02;2.8133228e-01;3.0750000e+02;3.2191744e-01;3.0750000e+02;3.1469876e-01;3.0750000e+02;2.4069765e-01;3.0750000e+02;1.7465049e-01;3.0750000e+02;1.2100237e-01;3.0750000e+02;7.4853621e-02;3.0750000e+02;3.2951646e-02;3.0750000e+02;-9.5695090e-03;3.0750000e+02;-5.2950248e-02;3.0750000e+02;-9.5070615e-02;3.0750000e+02;-1.3869116e-01;3.0750000e+02;-5.2848138e-02;3.0750000e+02;-9.8736696e-03;3.0750000e+02;5.3867295e-02;3.0750000e+02;1.3370459e-01;3.0750000e+02;2.1781790e-01;3.0750000e+02;2.6958331e-01;3.0750000e+02;2.8133228e-01;3.0750000e+02;3.2191744e-01;3.0750000e+02;3.1469876e-01;3.0750000e+02;2.4069765e-01;3.0750000e+02;1.7465049e-01;3.0750000e+02;1.2100237e-01;3.0750000e+02;7.4853621e-02;3.0750000e+02;3.2951646e-02;3.0750000e+02;-9.5695090e-03;3.0750000e+02;-5.2950248e-02;3.0750000e+02;-9.5070615e-02;3.0750000e+02;-1.3869116e-01;3.0750000e+02;-5.2848138e-02;3.0750000e+02;-9.8736696e-03;3.0750000e+02;5.3867295e-02;3.0750000e+02;1.3370459e-01;3.0750000e+02;2.1781790e-01;3.0750000e+02;2.6958331e-01;3.0750000e+02;2.8133228e-01;3.0750000e+02;3.2191744e-01;3.0750000e+02;3.1469876e-01;3.0750000e+02;2.4069765e-01;3.0750000e+02;1.7465049e-01;3.0750000e+02;1.2100237e-01;3.0750000e+02;7.4853621e-02;3.0750000e+02;3.2951646e-02;3.0750000e+02;-9.5695090e-03;3.0750000e+02;-5.2950248e-02;3.0750000e+02;-9.5070615e-02;3.0750000e+02;-1.3869116e-01;3.0750000e+02;-5.2848138e-02;3.0750000e+02;-9.8736696e-03;3.0750000e+02;5.3867295e-02;3.0750000e+02;1.3370459e-01;3.0750000e+02;2.1781790e-01;3.0750000e+02;2.6958331e-01;3.0750000e+02;2.8133228e-01;3.0750000e+02;3.2191744e-01;3.0750000e+02;3.1469876e-01;3.0750000e+02;2.4069765e-01;3.0750000e+02;1.7465049e-01;3.0750000e+02;1.2100237e-01;3.0750000e+02;7.4853621e-02;3.0750000e+02;3.2951646e-02;3.0750000e+02;-9.5695090e-03;3.0750000e+02;-5.2950248e-02;3.0750000e+02;-9.5070615e-02;3.0750000e+02;-1.3869116e-01;3.0750000e+02;-5.2848138e-02;3.0750000e+02;-9.8736696e-03;3.0750000e+02;5.3867295e-02;3.0750000e+02;1.3370459e-01;3.0750000e+02;2.1781790e-01;3.0750000e+02;2.6958331e-01;3.0750000e+02;2.8133228e-01;3.0750000e+02;3.2191744e-01;3.0750000e+02;3.1469876e-01;3.0750000e+02;2.4069765e-01;3.0750000e+02;1.7465049e-01;3.0750000e+02;1.2100237e-01;3.0750000e+02;7.4853621e-02;3.0750000e+02;3.2951646e-02;3.0750000e+02;-9.5695090e-03;3.0750000e+02;-5.2950248e-02;3.0750000e+02;-9.5070615e-02;3.0750000e+02;-1.3869116e-01;3.0750000e+02;-5.2848138e-02;3.0750000e+02;-9.8736696e-03;3.0750000e+02;5.3867295e-02;3.0750000e+02;1.3370459e-01;3.0750000e+02;2.1781790e-01;3.0750000e+02;2.6958331e-01;3.0750000e+02;2.8133228e-01;3.0750000e+02;3.2191744e-01;3.0750000e+02;3.1469876e-01;3.0750000e+02;2.4069765e-01;3.0750000e+02;1.7465049e-01;3.0750000e+02;1.2100237e-01;3.0750000e+02;7.4853621e-02;3.0750000e+02;3.2951646e-02;3.0750000e+02;-9.5695090e-03;3.0750000e+02;-5.2950248e-02;3.0750000e+02;-9.5070615e-02;3.0750000e+02;-1.3869116e-01;3.0750000e+02;-5.2848138e-02;3.0750000e+02;-9.8736696e-03;3.0750000e+02;5.3867295e-02;3.0750000e+02;1.3370459e-01;3.0750000e+02;2.1781790e-01;3.0750000e+02;2.6958331e-01;3.0750000e+02;2.8133228e-01;3.0750000e+02;3.2191744e-01;3.0750000e+02;3.1469876e-01;3.0750000e+02;2.4069765e-01;3.0750000e+02;1.7465049e-01;3.0750000e+02;1.2100237e-01;3.0750000e+02;7.4853621e-02;3.0750000e+02;3.2951646e-02;3.0750000e+02;-9.5695090e-03;3.0750000e+02;-5.2950248e-02;3.0750000e+02;-9.5070615e-02;3.0750000e+02;-1.3869116e-01;3.0750000e+02;-5.2848138e-02;3.0750000e+02;-9.8736696e-03;3.0750000e+02;5.3867295e-02;3.0750000e+02;1.3370459e-01;3.0750000e+02;2.1781790e-01;3.0750000e+02;2.6958331e-01;3.0750000e+02;2.8133228e-01;3.0750000e+02;3.2191744e-01;3.0750000e+02;3.1469876e-01;3.0750000e+02;2.4069765e-01;3.0750000e+02;1.7465049e-01;3.0750000e+02;1.2100237e-01;3.0750000e+02;7.4853621e-02;3.0750000e+02;3.2951646e-02;3.0750000e+02;-9.5695090e-03;3.0750000e+02;-5.2950248e-02;3.0750000e+02;-9.5070615e-02;3.0750000e+02;-1.3869116e-01;3.0750000e+02;-5.2848138e-02;3.0750000e+02;-9.8736696e-03;3.0750000e+02;5.3867295e-02;3.0750000e+02;1.3370459e-01;3.0750000e+02;2.1781790e-01;3.0750000e+02;2.6958331e-01;3.0750000e+02;2.8133228e-01;3.0750000e+02;3.2191744e-01;3.0750000e+02;3.1469876e-01;3.0750000e+02;2.4069765e-01;3.0750000e+02;1.7465049e-01;3.0750000e+02;1.2100237e-01;3.0750000e+02;7.4853621e-02;3.0750000e+02;3.2951646e-02;3.0750000e+02;-9.5695090e-03;3.0750000e+02;-5.2950248e-02;3.0750000e+02;-9.5070615e-02;3.0750000e+02;-1.3869116e-01;3.0750000e+02;-5.2848138e-02;3.0750000e+02;-9.8736696e-03;3.0750000e+02;5.3867295e-02;3.0750000e+02;1.3370459e-01;3.0750000e+02;2.1781790e-01;3.0750000e+02;2.6958331e-01;3.0750000e+02;2.8133228e-01;3.0750000e+02;3.2191744e-01;3.0750000e+02;3.1469876e-01;3.0750000e+02;2.4069765e-01;3.0750000e+02;1.7465049e-01;3.0750000e+02;1.2100237e-01;3.0750000e+02;7.4853621e-02;3.0750000e+02;3.2951646e-02;3.0750000e+02;-9.5695090e-03;3.0750000e+02;-5.2950248e-02;3.0750000e+02;-9.5070615e-02;3.0750000e+02;-1.3869116e-01;3.0750000e+02;-5.2848138e-02;3.0750000e+02;-9.8736696e-03;3.0750000e+02;5.3867295e-02;3.0750000e+02;1.3370459e-01;3.0750000e+02;2.1781790e-01;3.0750000e+02;2.6958331e-01;3.0750000e+02;2.8133228e-01;3.0750000e+02;3.2191744e-01;3.0750000e+02;3.1469876e-01;3.0750000e+02;2.4069765e-01;3.0750000e+02;1.7465049e-01;3.0750000e+02;1.2100237e-01;3.0750000e+02;7.4853621e-02;3.0750000e+02;3.2951646e-02;3.0750000e+02;-9.5695090e-03;3.0750000e+02;-5.2950248e-02;3.0750000e+02;-9.5070615e-02;3.0750000e+02;-1.3869116e-01;3.0750000e+02;-5.2848138e-02;3.0750000e+02;-9.8736696e-03;3.0750000e+02;5.3867295e-02;3.0750000e+02;1.3370459e-01;3.0750000e+02;2.1781790e-01;3.0750000e+02;2.6958331e-01;3.0750000e+02;2.8133228e-01;3.0750000e+02;3.2191744e-01;3.0750000e+02;3.1469876e-01;3.0750000e+02;2.4069765e-01;3.0750000e+02;1.7465049e-01;3.0750000e+02;1.2100237e-01;3.0750000e+02;7.4853621e-02;3.0750000e+02;3.2951646e-02;3.0750000e+02;-9.5695090e-03;3.0750000e+02;-5.2950248e-02;3.0750000e+02;-9.5070615e-02;3.0750000e+02;-1.3869116e-01;3.0750000e+02;-5.2848138e-02;3.0750000e+02;-9.8736696e-03;3.0750000e+02;5.3867295e-02;3.0750000e+02;1.3370459e-01;3.0750000e+02;2.1781790e-01;3.0750000e+02;2.6958331e-01;3.0750000e+02;2.8133228e-01;3.0750000e+02;3.2191744e-01;3.0750000e+02;3.1469876e-01;3.0750000e+02;2.4069765e-01;3.0750000e+02;1.7465049e-01;3.0750000e+02;1.2100237e-01;3.0750000e+02;7.4853621e-02;3.0750000e+02;3.2951646e-02;3.0750000e+02;-9.5695090e-03;3.0750000e+02;-5.2950248e-02;3.0750000e+02;-9.5070615e-02;3.0750000e+02;-1.3869116e-01;3.0750000e+02;-5.2848138e-02;3.0750000e+02;-9.8736696e-03;3.0750000e+02;5.3867295e-02;3.0750000e+02;1.3370459e-01;3.0750000e+02;2.1781790e-01;3.0750000e+02;2.6958331e-01;3.0750000e+02;2.8133228e-01;3.0750000e+02;3.2191744e-01;3.0750000e+02;3.1469876e-01;3.0750000e+02;2.4069765e-01;3.0750000e+02;1.7465049e-01;3.0750000e+02;1.2100237e-01;3.0750000e+02;7.4853621e-02;3.0750000e+02;3.2951646e-02;3.0750000e+02;-9.5695090e-03;3.0750000e+02;-5.2950248e-02;3.0750000e+02;-9.5070615e-02;3.0750000e+02;-1.3869116e-01;3.0750000e+02;-5.2848138e-02;3.0750000e+02;-9.8736696e-03;3.0750000e+02;5.3867295e-02;3.0750000e+02;1.3370459e-01;3.0750000e+02;2.1781790e-01;3.0750000e+02;2.6958331e-01;3.0750000e+02;2.8133228e-01;3.0750000e+02;3.2191744e-01;3.0750000e+02;3.1469876e-01;3.0750000e+02;2.4069765e-01;3.0750000e+02;1.7465049e-01;3.0750000e+02;1.2100237e-01;3.0750000e+02;7.4853621e-02;3.0750000e+02;3.2951646e-02;3.0750000e+02;-9.5695090e-03;3.0750000e+02;-5.2950248e-02;3.0750000e+02;-9.5070615e-02;3.0750000e+02;-1.3869116e-01;3.0750000e+02;-5.2848138e-02;3.0750000e+02;-9.8736696e-03;3.0750000e+02;5.3867295e-02;3.0750000e+02;1.3370459e-01;3.0750000e+02;2.1781790e-01;3.0750000e+02;2.6958331e-01;3.0750000e+02;2.8133228e-01;3.0750000e+02;3.2191744e-01;3.0750000e+02;3.1469876e-01;3.0750000e+02;2.4069765e-01;3.0750000e+02;1.7465049e-01;3.0750000e+02;1.2100237e-01;3.0750000e+02;7.4853621e-02;3.0750000e+02;3.2951646e-02;3.0750000e+02;-9.5695090e-03;3.0750000e+02;-5.2950248e-02;3.0750000e+02;-9.5070615e-02;3.0750000e+02;-1.3869116e-01;3.0750000e+02;-5.2848138e-02;3.0750000e+02;-9.8736696e-03;3.0750000e+02;5.3867295e-02;3.0750000e+02;1.3370459e-01;3.0750000e+02;2.1781790e-01;3.0750000e+02;2.6958331e-01;3.0750000e+02;2.8133228e-01;3.0750000e+02;3.2191744e-01;3.0750000e+02;3.1469876e-01;3.0750000e+02;2.4069765e-01;3.0750000e+02;1.7465049e-01;3.0750000e+02;1.2100237e-01;3.0750000e+02;7.4853621e-02;3.0750000e+02;3.2951646e-02;3.0750000e+02;-9.5695090e-03;3.0750000e+02;-5.2950248e-02;3.0750000e+02;-9.5070615e-02;3.0750000e+02;-1.3869116e-01;3.0750000e+02;-5.2848138e-02;3.0750000e+02;-9.8736696e-03;3.0750000e+02;5.3867295e-02;3.0750000e+02;1.3370459e-01;3.0750000e+02;2.1781790e-01;3.0750000e+02;2.6958331e-01;3.0750000e+02;2.8133228e-01;3.0750000e+02;3.2191744e-01;3.0750000e+02;3.1469876e-01;3.0750000e+02;2.4069765e-01;3.0750000e+02;1.7465049e-01;3.0750000e+02;1.2100237e-01;3.0750000e+02;7.4853621e-02;3.0750000e+02;3.2951646e-02;3.0750000e+02;-9.5695090e-03;3.0750000e+02;-5.2950248e-02;3.0750000e+02;-9.5070615e-02;3.0750000e+02;-1.3869116e-01;3.0750000e+02;-5.2848138e-02;3.0750000e+02;-9.8736696e-03;3.0750000e+02;5.3867295e-02;3.0750000e+02;1.3370459e-01;3.0750000e+02;2.1781790e-01;3.0750000e+02;2.6958331e-01;3.0750000e+02;2.8133228e-01;3.0750000e+02;3.2191744e-01;3.0750000e+02;3.1469876e-01;3.0750000e+02;2.4069765e-01;3.0750000e+02;1.7465049e-01;3.0750000e+02;1.2100237e-01;3.0750000e+02;7.4853621e-02;3.0750000e+02;3.2951646e-02;3.0750000e+02;-9.5695090e-03;3.0750000e+02;-5.2950248e-02;3.0750000e+02;-9.5070615e-02;3.0750000e+02;-1.3869116e-01;3.0750000e+02;-5.2848138e-02;3.0750000e+02;-9.8736696e-03;3.0750000e+02;5.3867295e-02;3.0750000e+02;1.3370459e-01;3.0750000e+02;2.1781790e-01;3.0750000e+02;2.6958331e-01;3.0750000e+02;2.8133228e-01;3.0750000e+02;3.2191744e-01;3.0750000e+02;3.1469876e-01;3.0750000e+02;2.4069765e-01;3.0750000e+02;1.7465049e-01;3.0750000e+02;1.2100237e-01;3.0750000e+02;7.4853621e-02;3.0750000e+02;3.2951646e-02;3.0750000e+02;-9.5695090e-03;3.0750000e+02;-5.2950248e-02;3.0750000e+02;-9.5070615e-02;3.0750000e+02;-1.3869116e-01;3.0750000e+02;-5.2848138e-02;3.0750000e+02;-9.8736696e-03;3.0750000e+02;5.3867295e-02;3.0750000e+02;1.3370459e-01;3.0750000e+02;2.1781790e-01;3.0750000e+02;2.6958331e-01;3.0750000e+02;2.8133228e-01;3.0750000e+02;3.2191744e-01;3.0750000e+02;3.1469876e-01;3.0750000e+02;2.4069765e-01;3.0750000e+02;1.7465049e-01;3.0750000e+02;1.2100237e-01;3.0750000e+02;7.4853621e-02;3.0750000e+02;3.2951646e-02;3.0750000e+02;-9.5695090e-03;3.0750000e+02;-5.2950248e-02;3.0750000e+02;-9.5070615e-02;3.0750000e+02;-1.3869116e-01;3.0750000e+02;-5.2848138e-02;3.0750000e+02;-9.8736696e-03;3.0750000e+02;5.3867295e-02;3.0750000e+02;1.3370459e-01;3.0750000e+02;2.1781790e-01;3.0750000e+02;2.6958331e-01;3.0750000e+02;2.8133228e-01;3.0750000e+02;3.2191744e-01;3.0750000e+02;3.1469876e-01;3.0750000e+02;2.4069765e-01;3.0750000e+02;1.7465049e-01;3.0750000e+02;1.2100237e-01;3.0750000e+02;7.4853621e-02;3.0750000e+02;3.2951646e-02;3.0750000e+02;-9.5695090e-03;3.0750000e+02;-5.2950248e-02;3.0750000e+02;-9.5070615e-02;3.0750000e+02;-1.3869116e-01;3.0750000e+02;-5.2848138e-02;3.0750000e+02;-9.8736696e-03;3.0750000e+02;5.3867295e-02;3.0750000e+02;1.3370459e-01;3.0750000e+02;2.1781790e-01;3.0750000e+02;2.6958331e-01;3.0750000e+02;2.8133228e-01;3.0750000e+02;3.2191744e-01;3.0750000e+02;3.1469876e-01;3.0750000e+02;2.4069765e-01;3.0750000e+02;1.7465049e-01;3.0750000e+02;1.2100237e-01;3.0750000e+02;7.4853621e-02;3.0750000e+02;3.2951646e-02;3.0750000e+02;-9.5695090e-03;3.0750000e+02;-5.2950248e-02;3.0750000e+02;-9.5070615e-02;3.0750000e+02;-1.3869116e-01;3.0750000e+02;-5.2848138e-02;3.0750000e+02;-9.8736696e-03;3.0750000e+02;5.3867295e-02;3.0750000e+02;1.3370459e-01;3.0750000e+02;2.1781790e-01;3.0750000e+02;2.6958331e-01;3.0750000e+02;2.8133228e-01;3.0750000e+02;3.2191744e-01;3.0750000e+02;3.1469876e-01;3.0750000e+02;2.4069765e-01;3.0750000e+02;1.7465049e-01;3.0750000e+02;1.2100237e-01;3.0750000e+02;7.4853621e-02;3.0750000e+02;3.2951646e-02;3.0750000e+02;-9.5695090e-03;3.0750000e+02;-5.2950248e-02;3.0750000e+02;-9.5070615e-02;3.0750000e+02;-1.3869116e-01;3.0750000e+02;-5.2848138e-02;3.0750000e+02;-9.8736696e-03;3.0750000e+02;5.3867295e-02;3.0750000e+02;1.3370459e-01;3.0750000e+02;2.1781790e-01;3.0750000e+02;2.6958331e-01;3.0750000e+02;2.8133228e-01;3.0750000e+02;3.2191744e-01;3.0750000e+02;3.1469876e-01;3.0750000e+02;2.4069765e-01;3.0750000e+02;1.7465049e-01;3.0750000e+02;1.2100237e-01;3.0750000e+02;7.4853621e-02;3.0750000e+02;3.2951646e-02;3.0750000e+02;-9.5695090e-03;3.0750000e+02;-5.2950248e-02;3.0750000e+02;-9.5070615e-02;3.0750000e+02;-1.3869116e-01;3.0750000e+02;-5.2848138e-02;3.0750000e+02;-9.8736696e-03;3.0750000e+02;5.3867295e-02;3.0750000e+02;1.3370459e-01;3.0750000e+02;2.1781790e-01;3.0750000e+02;2.6958331e-01;3.0750000e+02;2.8133228e-01;3.0750000e+02;3.2191744e-01;3.0750000e+02;3.1469876e-01;3.0750000e+02;2.4069765e-01;3.0750000e+02;1.7465049e-01;3.0750000e+02;1.2100237e-01;3.0750000e+02;7.4853621e-02;3.0750000e+02;3.2951646e-02;3.0750000e+02;-9.5695090e-03;3.0750000e+02;-5.2950248e-02;3.0750000e+02;-9.5070615e-02;3.0750000e+02;-1.3869116e-01;3.0750000e+02;-5.2848138e-02;3.0750000e+02;-9.8736696e-03;3.0750000e+02;5.3867295e-02;3.0750000e+02;1.3370459e-01;3.0750000e+02;2.1781790e-01;3.0750000e+02;2.6958331e-01;3.0750000e+02;2.8133228e-01;3.0750000e+02;3.2191744e-01;3.0750000e+02;3.1469876e-01;3.0750000e+02;2.4069765e-01;3.0750000e+02;1.7465049e-01;3.0750000e+02;1.2100237e-01;3.0750000e+02;7.4853621e-02;3.0750000e+02;3.2951646e-02;3.0750000e+02;-9.5695090e-03;3.0750000e+02;-5.2950248e-02;3.0750000e+02;-9.5070615e-02;3.0750000e+02;-1.3869116e-01;3.0750000e+02;-5.2848138e-02;3.0750000e+02;-9.8736696e-03;3.0750000e+02;5.3867295e-02;3.0750000e+02;1.3370459e-01;3.0750000e+02;2.1781790e-01;3.0750000e+02;2.6958331e-01;3.0750000e+02;2.8133228e-01;3.0750000e+02;3.2191744e-01;3.0750000e+02;3.1469876e-01;3.0750000e+02;2.4069765e-01;3.0750000e+02;1.7465049e-01;3.0750000e+02;1.2100237e-01;3.0750000e+02;7.4853621e-02;3.0750000e+02;3.2951646e-02;3.0750000e+02;-9.5695090e-03;3.0750000e+02;-5.2950248e-02;3.0750000e+02;-9.5070615e-02;3.0750000e+02;-1.3869116e-01;3.0750000e+02;-5.2848138e-02;3.0750000e+02;-9.8736696e-03;3.0750000e+02;5.3867295e-02;3.0750000e+02;1.3370459e-01;3.0750000e+02;2.1781790e-01;3.0750000e+02;2.6958331e-01;3.0750000e+02;2.8133228e-01;3.0750000e+02;3.2191744e-01;3.0750000e+02;3.1469876e-01;3.0750000e+02;2.4069765e-01;3.0750000e+02;1.7465049e-01;3.0750000e+02;1.2100237e-01;3.0750000e+02;7.4853621e-02;3.0750000e+02;3.2951646e-02;3.0750000e+02;-9.5695090e-03;3.0750000e+02;-5.2950248e-02;3.0750000e+02;-9.5070615e-02;3.0750000e+02;-1.3869116e-01;3.0750000e+02;-5.2848138e-02;3.0750000e+02;-9.8736696e-03;3.0750000e+02;5.3867295e-02;3.0750000e+02;1.3370459e-01;3.0750000e+02;2.1781790e-01;3.0750000e+02;2.6958331e-01;3.0750000e+02;2.8133228e-01;3.0750000e+02;3.2191744e-01;3.0750000e+02;3.1469876e-01;3.0750000e+02;2.4069765e-01;3.0750000e+02;1.7465049e-01;3.0750000e+02;1.2100237e-01;3.0750000e+02;7.4853621e-02;3.0750000e+02;3.2951646e-02;3.0750000e+02;-9.5695090e-03;3.0750000e+02;-5.2950248e-02;3.0750000e+02;-9.5070615e-02;3.0750000e+02;-1.3869116e-01;3.0750000e+02;-5.2848138e-02;3.0750000e+02;-9.8736696e-03;3.0750000e+02;5.3867295e-02;3.0750000e+02;1.3370459e-01;3.0750000e+02;2.1781790e-01;3.0750000e+02;2.6958331e-01;3.0750000e+02;2.8133228e-01;3.0750000e+02;3.2191744e-01;3.0750000e+02;3.1469876e-01;3.0750000e+02;2.4069765e-01;3.0750000e+02;1.7465049e-01;3.0750000e+02;1.2100237e-01;3.0750000e+02;7.4853621e-02;3.0750000e+02;3.2951646e-02;3.0750000e+02;-9.5695090e-03;3.0750000e+02;-5.2950248e-02;3.0750000e+02;-9.5070615e-02;3.0750000e+02;-1.3869116e-01;3.0750000e+02;-5.2848138e-02;3.0750000e+02;-9.8736696e-03;3.0750000e+02;5.3867295e-02;3.0750000e+02;1.3370459e-01;3.0750000e+02;2.1781790e-01;3.0750000e+02;2.6958331e-01;3.0750000e+02;2.8133228e-01;3.0750000e+02;3.2191744e-01;3.0750000e+02;3.1469876e-01;3.0750000e+02;2.4069765e-01;3.0750000e+02;1.7465049e-01;3.0750000e+02;1.2100237e-01;3.0750000e+02;7.4853621e-02;3.0750000e+02;3.2951646e-02;3.0750000e+02;-9.5695090e-03;3.0750000e+02;-5.2950248e-02;3.0750000e+02;-9.5070615e-02;3.0750000e+02;-1.3869116e-01;3.0750000e+02;-5.2848138e-02;3.0750000e+02;-9.8736696e-03;3.0750000e+02;5.3867295e-02;3.0750000e+02;1.3370459e-01;3.0750000e+02;2.1781790e-01;3.0750000e+02;2.6958331e-01;3.0750000e+02;2.8133228e-01;3.0750000e+02;3.2191744e-01;3.0750000e+02;3.1469876e-01;3.0750000e+02;2.4069765e-01;3.0750000e+02;1.7465049e-01;3.0750000e+02;1.2100237e-01;3.0750000e+02;7.4853621e-02;3.0750000e+02;3.2951646e-02;3.0750000e+02;-9.5695090e-03;3.0750000e+02;-5.2950248e-02;3.0750000e+02;-9.5070615e-02;3.0750000e+02;-1.3869116e-01;3.0750000e+02;-5.2848138e-02;3.0750000e+02;-9.8736696e-03;3.0750000e+02;5.3867295e-02;3.0750000e+02;1.3370459e-01;3.0750000e+02;2.1781790e-01;3.0750000e+02;2.6958331e-01;3.0750000e+02;2.8133228e-01;3.0750000e+02;3.2191744e-01;3.0750000e+02;3.1469876e-01;3.0750000e+02;2.4069765e-01;3.0750000e+02;1.7465049e-01;3.0750000e+02;1.2100237e-01;3.0750000e+02;7.4853621e-02;3.0750000e+02;3.2951646e-02;3.0750000e+02;-9.5695090e-03;3.0750000e+02;-5.2950248e-02;3.0750000e+02;-9.5070615e-02;3.0750000e+02;-1.3869116e-01;3.0750000e+02;-5.2848138e-02;3.0750000e+02;-9.8736696e-03;3.0750000e+02;5.3867295e-02;3.0750000e+02;1.3370459e-01;3.0750000e+02;2.1781790e-01;3.0750000e+02;2.6958331e-01;3.0750000e+02;2.8133228e-01;3.0750000e+02;3.2191744e-01;3.0750000e+02;3.1469876e-01;3.0750000e+02;2.4069765e-01;3.0750000e+02;1.7465049e-01;3.0750000e+02;1.2100237e-01;3.0750000e+02;7.4853621e-02;3.0750000e+02;3.2951646e-02;3.0750000e+02;-9.5695090e-03;3.0750000e+02;-5.2950248e-02;3.0750000e+02;-9.5070615e-02;3.0750000e+02;-1.3869116e-01;3.0750000e+02;-5.2848138e-02;3.0750000e+02;-9.8736696e-03;3.0750000e+02;5.3867295e-02;3.0750000e+02;1.3370459e-01;3.0750000e+02;2.1781790e-01;3.0750000e+02;2.6958331e-01;3.0750000e+02;2.8133228e-01;3.0750000e+02;3.2191744e-01;3.0750000e+02;3.1469876e-01;3.0750000e+02;2.4069765e-01;3.0750000e+02;1.7465049e-01;3.0750000e+02;1.2100237e-01;3.0750000e+02;7.4853621e-02;3.0750000e+02;3.2951646e-02;3.0750000e+02;-9.5695090e-03;3.0750000e+02;-5.2950248e-02;3.0750000e+02;-9.5070615e-02;3.0750000e+02;-1.3869116e-01;3.0750000e+02;-5.2848138e-02;3.0750000e+02;-9.8736696e-03;3.0750000e+02;5.3867295e-02;3.0750000e+02;1.3370459e-01;3.0750000e+02;2.1781790e-01;3.0750000e+02;2.6958331e-01;3.0750000e+02;2.8133228e-01;3.0750000e+02;3.2191744e-01;3.0750000e+02;3.1469876e-01;3.0750000e+02;2.4069765e-01;3.0750000e+02;1.7465049e-01;3.0750000e+02;1.2100237e-01;3.0750000e+02;7.4853621e-02;3.0750000e+02;3.2951646e-02;3.0750000e+02;-9.5695090e-03;3.0750000e+02;-5.2950248e-02;3.0750000e+02;-9.5070615e-02;3.0750000e+02;-1.3869116e-01;3.0750000e+02;-5.2848138e-02;3.0750000e+02;-9.8736696e-03;3.0750000e+02;5.3867295e-02;3.0750000e+02;1.3370459e-01;3.0750000e+02;2.1781790e-01;3.0750000e+02;2.6958331e-01;3.0750000e+02;2.8133228e-01;3.0750000e+02;3.2191744e-01;3.0750000e+02;3.1469876e-01;3.0750000e+02;2.4069765e-01;3.0750000e+02;1.7465049e-01;3.0750000e+02;1.2100237e-01;3.0750000e+02;7.4853621e-02;3.0750000e+02;3.2951646e-02;3.0750000e+02;-9.5695090e-03;3.0750000e+02;-5.2950248e-02;3.0750000e+02;-9.5070615e-02;3.0750000e+02;-1.3869116e-01;3.0750000e+02;-5.2848138e-02;3.0750000e+02;-9.8736696e-03;3.0750000e+02;5.3867295e-02;3.0750000e+02;1.3370459e-01;3.0750000e+02;2.1781790e-01;3.0750000e+02;2.6958331e-01;3.0750000e+02;2.8133228e-01;3.0750000e+02;3.2191744e-01;3.0750000e+02;3.1469876e-01;3.0750000e+02;2.4069765e-01;3.0750000e+02;1.7465049e-01;3.0750000e+02;1.2100237e-01;3.0750000e+02;7.4853621e-02;3.0750000e+02;3.2951646e-02;3.0750000e+02;-9.5695090e-03;3.0750000e+02;-5.2950248e-02;3.0750000e+02;-9.5070615e-02;3.0750000e+02;-1.3869116e-01;3.0750000e+02;-5.2848138e-02;3.0750000e+02;-9.8736696e-03;3.0750000e+02;5.3867295e-02;3.0750000e+02;1.3370459e-01;3.0750000e+02;2.1781790e-01;3.0750000e+02;2.6958331e-01;3.0750000e+02;2.8133228e-01;3.0750000e+02;3.2191744e-01;3.0750000e+02;3.1469876e-01;3.0750000e+02;2.4069765e-01;3.0750000e+02;1.7465049e-01;3.0750000e+02;1.2100237e-01;3.0750000e+02;7.4853621e-02;3.0750000e+02;3.2951646e-02;3.0750000e+02;-9.5695090e-03;3.0750000e+02;-5.2950248e-02;3.0750000e+02;-9.5070615e-02;3.0750000e+02;-1.3869116e-01;3.0750000e+02;-5.2848138e-02;3.0750000e+02;-9.8736696e-03;3.0750000e+02;5.3867295e-02;3.0750000e+02;1.3370459e-01;3.0750000e+02;2.1781790e-01;3.0750000e+02;2.6958331e-01;3.0750000e+02;2.8133228e-01;3.0750000e+02;3.2191744e-01;3.0750000e+02;3.1469876e-01;3.0750000e+02;2.4069765e-01;3.0750000e+02;1.7465049e-01;3.0750000e+02;1.2100237e-01;3.0750000e+02;7.4853621e-02;3.0750000e+02;3.2951646e-02;3.0750000e+02;-9.5695090e-03;3.0750000e+02;-5.2950248e-02;3.0750000e+02;-9.5070615e-02;3.0750000e+02;-1.3869116e-01;3.0750000e+02;-5.2848138e-02;3.0750000e+02;-9.8736696e-03;3.0750000e+02;5.3867295e-02;3.0750000e+02;1.3370459e-01;3.0750000e+02;2.1781790e-01;3.0750000e+02;2.6958331e-01;3.0750000e+02;2.8133228e-01;3.0750000e+02;3.2191744e-01;3.0750000e+02;3.1469876e-01;3.0750000e+02;2.4069765e-01;3.0750000e+02;1.7465049e-01;3.0750000e+02;1.2100237e-01;3.0750000e+02;7.4853621e-02;3.0750000e+02;3.2951646e-02;3.0750000e+02;-9.5695090e-03;3.0750000e+02;-5.2950248e-02;3.0750000e+02;-9.5070615e-02;3.0750000e+02;-1.3869116e-01;3.0750000e+02;-5.2848138e-02;3.0750000e+02;-9.8736696e-03;3.0750000e+02;5.3867295e-02;3.0750000e+02;1.3370459e-01;3.0750000e+02;2.1781790e-01;3.0750000e+02;2.6958331e-01;3.0750000e+02;2.8133228e-01;3.0750000e+02;3.2191744e-01;3.0750000e+02;3.1469876e-01;3.0750000e+02;2.4069765e-01;3.0750000e+02;1.7465049e-01;3.0750000e+02;1.2100237e-01;3.0750000e+02;7.4853621e-02;3.0750000e+02;3.2951646e-02;3.0750000e+02;-9.5695090e-03;3.0750000e+02;-5.2950248e-02;3.0750000e+02;-9.5070615e-02;3.0750000e+02;-1.3869116e-01;3.0750000e+02;-5.2848138e-02;3.0750000e+02;-9.8736696e-03;3.0750000e+02;5.3867295e-02;3.0750000e+02;1.3370459e-01;3.0750000e+02;2.1781790e-01;3.0750000e+02;2.6958331e-01;3.0750000e+02;2.8133228e-01;3.0750000e+02;3.2191744e-01;3.0750000e+02;3.1469876e-01;3.0750000e+02;2.4069765e-01;3.0750000e+02;1.7465049e-01;3.0750000e+02;1.2100237e-01;3.0750000e+02;7.4853621e-02;3.0750000e+02;3.2951646e-02;3.0750000e+02;-9.5695090e-03;3.0750000e+02;-5.2950248e-02;3.0750000e+02;-9.5070615e-02;3.0750000e+02;-1.3869116e-01;3.0750000e+02;-5.2848138e-02;3.0750000e+02;-9.8736696e-03;3.0750000e+02;5.3867295e-02;3.0750000e+02;1.3370459e-01;3.0750000e+02;2.1781790e-01;3.0750000e+02;2.6958331e-01;3.0750000e+02;2.8133228e-01;3.0750000e+02;3.2191744e-01;3.0750000e+02;3.1469876e-01;3.0750000e+02;2.4069765e-01;3.0750000e+02;1.7465049e-01;3.0750000e+02;1.2100237e-01;3.0750000e+02;7.4853621e-02;3.0750000e+02;3.2951646e-02;3.0750000e+02;-9.5695090e-03;3.0750000e+02;-5.2950248e-02;3.0750000e+02;-9.5070615e-02;3.0750000e+02;-1.3869116e-01;3.0750000e+02;-5.2848138e-02;3.0750000e+02;-9.8736696e-03;3.0750000e+02;5.3867295e-02;3.0750000e+02;1.3370459e-01;3.0750000e+02;2.1781790e-01;3.0750000e+02;2.6958331e-01;3.0750000e+02;2.8133228e-01;3.0750000e+02;3.2191744e-01;3.0750000e+02;3.1469876e-01;3.0750000e+02;2.4069765e-01;3.0750000e+02;1.7465049e-01;3.0750000e+02;1.2100237e-01;3.0750000e+02;7.4853621e-02;3.0750000e+02;3.2951646e-02;3.0750000e+02;-9.5695090e-03;3.0750000e+02;-5.2950248e-02;3.0750000e+02;-9.5070615e-02;3.0750000e+02;-1.3869116e-01;3.0750000e+02;-5.2848138e-02;3.0750000e+02;-9.8736696e-03;3.0750000e+02;5.3867295e-02;3.0750000e+02;1.3370459e-01;3.0750000e+02;2.1781790e-01;3.0750000e+02;2.6958331e-01;3.0750000e+02;2.8133228e-01;3.0750000e+02;3.2191744e-01;3.0750000e+02;3.1469876e-01;3.0750000e+02;2.4069765e-01;3.0750000e+02;1.7465049e-01;3.0750000e+02;1.2100237e-01;3.0750000e+02;7.4853621e-02;3.0750000e+02;3.2951646e-02;3.0750000e+02;-9.5695090e-03;3.0750000e+02;-5.2950248e-02;3.0750000e+02;-9.5070615e-02;3.0750000e+02;-1.3869116e-01;3.0750000e+02;-5.2848138e-02;3.0750000e+02;-9.8736696e-03;3.0750000e+02;5.3867295e-02;3.0750000e+02;1.3370459e-01;3.0750000e+02;2.1781790e-01;3.0750000e+02;2.6958331e-01;3.0750000e+02;2.8133228e-01;3.0750000e+02;3.2191744e-01;3.0750000e+02;3.1469876e-01;3.0750000e+02;2.4069765e-01;3.0750000e+02;1.7465049e-01;3.0750000e+02;1.2100237e-01;3.0750000e+02;7.4853621e-02;3.0750000e+02;3.2951646e-02;3.0750000e+02;-9.5695090e-03;3.0750000e+02;-5.2950248e-02;3.0750000e+02;-9.5070615e-02;3.0750000e+02;-1.3869116e-01;3.0750000e+02;-5.2848138e-02;3.0750000e+02;-9.8736696e-03;3.0750000e+02;5.3867295e-02;3.0750000e+02;1.3370459e-01;3.0750000e+02;2.1781790e-01;3.0750000e+02;2.6958331e-01;3.0750000e+02;2.8133228e-01;3.0750000e+02;3.2191744e-01;3.0750000e+02;3.1469876e-01;3.0750000e+02;2.4069765e-01;3.0750000e+02;1.7465049e-01;3.0750000e+02;1.2100237e-01;3.0750000e+02;7.4853621e-02;3.0750000e+02;3.2951646e-02;3.0750000e+02;-9.5695090e-03;3.0750000e+02;-5.2950248e-02;3.0750000e+02;-9.5070615e-02;3.0750000e+02;-1.3869116e-01;3.0750000e+02;-5.2848138e-02;3.0750000e+02;-9.8736696e-03;3.0750000e+02;5.3867295e-02;3.0750000e+02;1.3370459e-01;3.0750000e+02;2.1781790e-01;3.0750000e+02;2.6958331e-01;3.0750000e+02;2.8133228e-01;3.0750000e+02;3.2191744e-01;3.0750000e+02;3.1469876e-01;3.0750000e+02;2.4069765e-01;3.0750000e+02;1.7465049e-01;3.0750000e+02;1.2100237e-01;3.0750000e+02;7.4853621e-02;3.0750000e+02;3.2951646e-02;3.0750000e+02;-9.5695090e-03;3.0750000e+02;-5.2950248e-02;3.0750000e+02;-9.5070615e-02;3.0750000e+02;-1.3869116e-01;3.0750000e+02;-5.2848138e-02;3.0750000e+02;-9.8736696e-03;3.0750000e+02;5.3867295e-02;3.0750000e+02;1.3370459e-01;3.0750000e+02;2.1781790e-01;3.0750000e+02;2.6958331e-01;3.0750000e+02;2.8133228e-01;3.0750000e+02;3.2191744e-01;3.0750000e+02;3.1469876e-01;3.0750000e+02;2.4069765e-01;3.0750000e+02;1.7465049e-01;3.0750000e+02;1.2100237e-01;3.0750000e+02;7.4853621e-02;3.0750000e+02;3.2951646e-02;3.0750000e+02;-9.5695090e-03;3.0750000e+02;-5.2950248e-02;3.0750000e+02;-9.5070615e-02;3.0750000e+02;-1.3869116e-01;3.0750000e+02;-5.2848138e-02;3.0750000e+02;-9.8736696e-03;3.0750000e+02;5.3867295e-02;3.0750000e+02;1.3370459e-01;3.0750000e+02;2.1781790e-01;3.0750000e+02;2.6958331e-01;3.0750000e+02;2.8133228e-01;3.0750000e+02;3.2191744e-01;3.0750000e+02;3.1469876e-01;3.0750000e+02;2.4069765e-01;3.0750000e+02;1.7465049e-01;3.0750000e+02;1.2100237e-01;3.0750000e+02;7.4853621e-02;3.0750000e+02;3.2951646e-02;3.0750000e+02;-9.5695090e-03;3.0750000e+02;-5.2950248e-02;3.0750000e+02;-9.5070615e-02;3.0750000e+02;-1.3869116e-01;3.0750000e+02;-5.2848138e-02;3.0750000e+02;-9.8736696e-03;3.0750000e+02;5.3867295e-02;3.0750000e+02;1.3370459e-01;3.0750000e+02;2.1781790e-01;3.0750000e+02;2.6958331e-01;3.0750000e+02;2.8133228e-01;3.0750000e+02;3.2191744e-01;3.0750000e+02;3.1469876e-01;3.0750000e+02;2.4069765e-01;3.0750000e+02;1.7465049e-01;3.0750000e+02;1.2100237e-01;3.0750000e+02;7.4853621e-02;3.0750000e+02;3.2951646e-02;3.0750000e+02;-9.5695090e-03;3.0750000e+02;-5.2950248e-02;3.0750000e+02;-9.5070615e-02;3.0750000e+02;-1.3869116e-01;3.0750000e+02;-5.2848138e-02;3.0750000e+02;-9.8736696e-03;3.0750000e+02;5.3867295e-02;3.0750000e+02;1.3370459e-01;3.0750000e+02;2.1781790e-01;3.0750000e+02;2.6958331e-01;3.0750000e+02;2.8133228e-01;3.0750000e+02;3.2191744e-01;3.0750000e+02;3.1469876e-01;3.0750000e+02;2.4069765e-01;3.0750000e+02;1.7465049e-01;3.0750000e+02;1.2100237e-01;3.0750000e+02;7.4853621e-02;3.0750000e+02;3.2951646e-02;3.0750000e+02;-9.5695090e-03;3.0750000e+02;-5.2950248e-02;3.0750000e+02;-9.5070615e-02;3.0750000e+02;-1.3869116e-01;3.0750000e+02;-5.2848138e-02;3.0750000e+02;-9.8736696e-03;3.0750000e+02;5.3867295e-02;3.0750000e+02;1.3370459e-01;3.0750000e+02;2.1781790e-01;3.0750000e+02;2.6958331e-01;3.0750000e+02;2.8133228e-01;3.0750000e+02;3.2191744e-01;3.0750000e+02;3.1469876e-01;3.0750000e+02;2.4069765e-01;3.0750000e+02;1.7465049e-01;3.0750000e+02;1.2100237e-01;3.0750000e+02;7.4853621e-02;3.0750000e+02;3.2951646e-02;3.0750000e+02;-9.5695090e-03;3.0750000e+02;-5.2950248e-02;3.0750000e+02;-9.5070615e-02;3.0750000e+02;-1.3869116e-01;3.0750000e+02;-5.2848138e-02;3.0750000e+02;-9.8736696e-03;3.0750000e+02;5.3867295e-02;3.0750000e+02;1.3370459e-01;3.0750000e+02;2.1781790e-01;3.0750000e+02;2.6958331e-01;3.0750000e+02;2.8133228e-01;3.0750000e+02;3.2191744e-01;3.0750000e+02;3.1469876e-01;3.0750000e+02;2.4069765e-01;3.0750000e+02;1.7465049e-01;3.0750000e+02;1.2100237e-01;3.0750000e+02;7.4853621e-02;3.0750000e+02;3.2951646e-02;3.0750000e+02;-9.5695090e-03;3.0750000e+02;-5.2950248e-02;3.0750000e+02;-9.5070615e-02;3.0750000e+02;-1.3869116e-01;3.0750000e+02;-5.2848138e-02;3.0750000e+02;-9.8736696e-03;3.0750000e+02;5.3867295e-02;3.0750000e+02;1.3370459e-01;3.0750000e+02;2.1781790e-01;3.0750000e+02;2.6958331e-01;3.0750000e+02;2.8133228e-01;3.0750000e+02;3.2191744e-01;3.0750000e+02;3.1469876e-01;3.0750000e+02;2.4069765e-01;3.0750000e+02;1.7465049e-01;3.0750000e+02;1.2100237e-01;3.0750000e+02;7.4853621e-02;3.0750000e+02;3.2951646e-02;3.0750000e+02;-9.5695090e-03;3.0750000e+02;-5.2950248e-02;3.0750000e+02;-9.5070615e-02;3.0750000e+02;-1.3869116e-01;3.0750000e+02;-5.2848138e-02;3.0750000e+02;-9.8736696e-03;3.0750000e+02;5.3867295e-02;3.0750000e+02;1.3370459e-01;3.0750000e+02;2.1781790e-01;3.0750000e+02;2.6958331e-01;3.0750000e+02;2.8133228e-01;3.0750000e+02;3.2191744e-01;3.0750000e+02;3.1469876e-01;3.0750000e+02;2.4069765e-01;3.0750000e+02;1.7465049e-01;3.0750000e+02;1.2100237e-01;3.0750000e+02;7.4853621e-02;3.0750000e+02;3.2951646e-02;3.0750000e+02;-9.5695090e-03;3.0750000e+02;-5.2950248e-02;3.0750000e+02;-9.5070615e-02;3.0750000e+02;-1.3869116e-01;3.0750000e+02;-5.2848138e-02;3.0750000e+02;-9.8736696e-03;3.0750000e+02;5.3867295e-02;3.0750000e+02;1.3370459e-01;3.0750000e+02;2.1781790e-01;3.0750000e+02;2.6958331e-01;3.0750000e+02;2.8133228e-01;3.0750000e+02;3.2191744e-01;3.0750000e+02;3.1469876e-01;3.0750000e+02;2.4069765e-01;3.0750000e+02;1.7465049e-01;3.0750000e+02;1.2100237e-01;3.0750000e+02;7.4853621e-02;3.0750000e+02;3.2951646e-02;3.0750000e+02;-9.5695090e-03;3.0750000e+02;-5.2950248e-02;3.0750000e+02;-9.5070615e-02;3.0750000e+02;-1.3869116e-01;3.0750000e+02;-5.2848138e-02;3.0750000e+02;-9.8736696e-03;3.0750000e+02;5.3867295e-02;3.0750000e+02;1.3370459e-01;3.0750000e+02;2.1781790e-01;3.0750000e+02;2.6958331e-01;3.0750000e+02;2.8133228e-01;3.0750000e+02;3.2191744e-01;3.0750000e+02;3.1469876e-01;3.0750000e+02;2.4069765e-01;3.0750000e+02;1.7465049e-01;3.0750000e+02;1.2100237e-01;3.0750000e+02;7.4853621e-02;3.0750000e+02;3.2951646e-02;3.0750000e+02;-9.5695090e-03;3.0750000e+02;-5.2950248e-02;3.0750000e+02;-9.5070615e-02;3.0750000e+02;-1.3869116e-01;3.0750000e+02;-5.2848138e-02;3.0750000e+02;-9.8736696e-03;3.0750000e+02;5.3867295e-02;3.0750000e+02;1.3370459e-01;3.0750000e+02;2.1781790e-01;3.0750000e+02;2.6958331e-01;3.0750000e+02;2.8133228e-01;3.0750000e+02;3.2191744e-01;3.0750000e+02;3.1469876e-01;3.0750000e+02;2.4069765e-01;3.0750000e+02;1.7465049e-01;3.0750000e+02;1.2100237e-01;3.0750000e+02;7.4853621e-02;3.0750000e+02;3.2951646e-02;3.0750000e+02;-9.5695090e-03;3.0750000e+02;-5.2950248e-02;3.0750000e+02;-9.5070615e-02;3.0750000e+02;-1.3869116e-01;3.0750000e+02;-5.2848138e-02;3.0750000e+02;-9.8736696e-03;3.0750000e+02;5.3867295e-02;3.0750000e+02;1.3370459e-01;3.0750000e+02;2.1781790e-01;3.0750000e+02;2.6958331e-01;3.0750000e+02;2.8133228e-01;3.0750000e+02;3.2191744e-01;3.0750000e+02;3.1469876e-01;3.0750000e+02;2.4069765e-01;3.0750000e+02;1.7465049e-01;3.0750000e+02;1.2100237e-01;3.0750000e+02;7.4853621e-02;3.0750000e+02;3.2951646e-02;3.0750000e+02;-9.5695090e-03;3.0750000e+02;-5.2950248e-02;3.0750000e+02;-9.5070615e-02;3.0750000e+02;-1.3869116e-01;3.0750000e+02;-5.2848138e-02;3.0750000e+02;-9.8736696e-03;3.0750000e+02;5.3867295e-02;3.0750000e+02;1.3370459e-01;3.0750000e+02;2.1781790e-01;3.0750000e+02;2.6958331e-01;3.0750000e+02;2.8133228e-01;3.0750000e+02;3.2191744e-01;3.0750000e+02;3.1469876e-01;3.0750000e+02;2.4069765e-01;3.0750000e+02;1.7465049e-01;3.0750000e+02;1.2100237e-01;3.0750000e+02;7.4853621e-02;3.0750000e+02;3.2951646e-02;3.0750000e+02;-9.5695090e-03;3.0750000e+02;-5.2950248e-02;3.0750000e+02;-9.5070615e-02;3.0750000e+02;-1.3869116e-01;3.0750000e+02;-5.2848138e-02;3.0750000e+02;-9.8736696e-03;3.0750000e+02;5.3867295e-02;3.0750000e+02;1.3370459e-01;3.0750000e+02;2.1781790e-01;3.0750000e+02;2.6958331e-01;3.0750000e+02;2.8133228e-01;3.0750000e+02;3.2191744e-01;3.0750000e+02;3.1469876e-01;3.0750000e+02;2.4069765e-01;3.0750000e+02;1.7465049e-01;3.0750000e+02;1.2100237e-01;3.0750000e+02;7.4853621e-02;3.0750000e+02;3.2951646e-02;3.0750000e+02;-9.5695090e-03;3.0750000e+02;-5.2950248e-02;3.0750000e+02;-9.5070615e-02;3.0750000e+02;-1.3869116e-01;3.0750000e+02;-5.2848138e-02;3.0750000e+02;-9.8736696e-03;3.0750000e+02;5.3867295e-02;3.0750000e+02;1.3370459e-01;3.0750000e+02;2.1781790e-01;3.0750000e+02;2.6958331e-01;3.0750000e+02;2.8133228e-01;3.0750000e+02;3.2191744e-01;3.0750000e+02;3.1469876e-01;3.0750000e+02;2.4069765e-01;3.0750000e+02;1.7465049e-01;3.0750000e+02;1.2100237e-01;3.0750000e+02;7.4853621e-02;3.0750000e+02;3.2951646e-02;3.0750000e+02;-9.5695090e-03;3.0750000e+02;-5.2950248e-02;3.0750000e+02;-9.5070615e-02;3.0750000e+02;-1.3869116e-01;3.0750000e+02;-5.2848138e-02;3.0750000e+02;-9.8736696e-03;3.0750000e+02;5.3867295e-02;3.0750000e+02;1.3370459e-01;3.0750000e+02;2.1781790e-01;3.0750000e+02;2.6958331e-01;3.0750000e+02;2.8133228e-01;3.0750000e+02;3.2191744e-01;3.0750000e+02;3.1469876e-01;3.0750000e+02;2.4069765e-01;3.0750000e+02;1.7465049e-01;3.0750000e+02;1.2100237e-01;3.0750000e+02;7.4853621e-02;3.0750000e+02;3.2951646e-02;3.0750000e+02;-9.5695090e-03;3.0750000e+02;-5.2950248e-02;3.0750000e+02;-9.5070615e-02;3.0750000e+02;-1.3869116e-01;3.0750000e+02;-5.2848138e-02;3.0750000e+02;-9.8736696e-03;3.0750000e+02;5.3867295e-02;3.0750000e+02;1.3370459e-01;3.0750000e+02;2.1781790e-01;3.0750000e+02;2.6958331e-01;3.0750000e+02;2.8133228e-01;3.0750000e+02;3.2191744e-01;3.0750000e+02;3.1469876e-01;3.0750000e+02;2.4069765e-01;3.0750000e+02;1.7465049e-01;3.0750000e+02;1.2100237e-01;3.0750000e+02;7.4853621e-02;3.0750000e+02;3.2951646e-02;3.0750000e+02;-9.5695090e-03;3.0750000e+02;-5.2950248e-02;3.0750000e+02;-9.5070615e-02;3.0750000e+02;-1.3869116e-01;3.0750000e+02;-5.2848138e-02;3.0750000e+02;-9.8736696e-03;3.0750000e+02;5.3867295e-02;3.0750000e+02;1.3370459e-01;3.0750000e+02;2.1781790e-01;3.0750000e+02;2.6958331e-01;3.0750000e+02;2.8133228e-01;3.0750000e+02;3.2191744e-01;3.0750000e+02;3.1469876e-01;3.0750000e+02;2.4069765e-01;3.0750000e+02;1.7465049e-01;3.0750000e+02;1.2100237e-01;3.0750000e+02;7.4853621e-02;3.0750000e+02;3.2951646e-02;3.0750000e+02;-9.5695090e-03;3.0750000e+02;-5.2950248e-02;3.0750000e+02;-9.5070615e-02;3.0750000e+02;-1.3869116e-01;3.0750000e+02;-5.2848138e-02;3.0750000e+02;-9.8736696e-03;3.0750000e+02;5.3867295e-02;3.0750000e+02;1.3370459e-01;3.0750000e+02;2.1781790e-01;3.0750000e+02;2.6958331e-01;3.0750000e+02;2.8133228e-01;3.0750000e+02;3.2191744e-01;3.0750000e+02;3.1469876e-01;3.0750000e+02;2.4069765e-01;3.0750000e+02;1.7465049e-01;3.0750000e+02;1.2100237e-01;3.0750000e+02;7.4853621e-02;3.0750000e+02;3.2951646e-02;3.0750000e+02;-9.5695090e-03;3.0750000e+02;-5.2950248e-02;3.0750000e+02;-9.5070615e-02;3.0750000e+02;-1.3869116e-01;3.0750000e+02;-5.2848138e-02;3.0750000e+02;-9.8736696e-03;3.0750000e+02;5.3867295e-02;3.0750000e+02;1.3370459e-01;3.0750000e+02;2.1781790e-01;3.0750000e+02;2.6958331e-01;3.0750000e+02;2.8133228e-01;3.0750000e+02;3.2191744e-01;3.0750000e+02;3.1469876e-01;3.0750000e+02;2.4069765e-01;3.0750000e+02;1.7465049e-01;3.0750000e+02;1.2100237e-01;3.0750000e+02;7.4853621e-02;3.0750000e+02;3.2951646e-02;3.0750000e+02;-9.5695090e-03;3.0750000e+02;-5.2950248e-02;3.0750000e+02;-9.5070615e-02;3.0750000e+02;-1.3869116e-01;3.0750000e+02;-5.2848138e-02;3.0750000e+02;-9.8736696e-03;3.0750000e+02;5.3867295e-02;3.0750000e+02;1.3370459e-01;3.0750000e+02;2.1781790e-01;3.0750000e+02;2.6958331e-01;3.0750000e+02;2.8133228e-01;3.0750000e+02;3.2191744e-01;3.0750000e+02;3.1469876e-01;3.0750000e+02;2.4069765e-01;3.0750000e+02;1.7465049e-01;3.0750000e+02;1.2100237e-01;3.0750000e+02;7.4853621e-02;3.0750000e+02;3.2951646e-02;3.0750000e+02;-9.5695090e-03;3.0750000e+02;-5.2950248e-02;3.0750000e+02;-9.5070615e-02;3.0750000e+02;-1.3869116e-01;3.0750000e+02;-5.2848138e-02;3.0750000e+02;-9.8736696e-03;3.0750000e+02;5.3867295e-02;3.0750000e+02;1.3370459e-01;3.0750000e+02;2.1781790e-01;3.0750000e+02;2.6958331e-01;3.0750000e+02;2.8133228e-01;3.0750000e+02;3.2191744e-01;3.0750000e+02;3.1469876e-01;3.0750000e+02;2.4069765e-01;3.0750000e+02;1.7465049e-01;3.0750000e+02;1.2100237e-01;3.0750000e+02;7.4853621e-02;3.0750000e+02;3.2951646e-02;3.0750000e+02;-9.5695090e-03;3.0750000e+02;-5.2950248e-02;3.0750000e+02;-9.5070615e-02;3.0750000e+02;-1.3869116e-01;3.0750000e+02;-5.2848138e-02;3.0750000e+02;-9.8736696e-03;3.0750000e+02;5.3867295e-02;3.0750000e+02;1.3370459e-01;3.0750000e+02;2.1781790e-01;3.0750000e+02;2.6958331e-01;3.0750000e+02;2.8133228e-01;3.0750000e+02;3.2191744e-01;3.0750000e+02;3.1469876e-01;3.0750000e+02;2.4069765e-01;3.0750000e+02;1.7465049e-01;3.0750000e+02;1.2100237e-01;3.0750000e+02;7.4853621e-02;3.0750000e+02;3.2951646e-02;3.0750000e+02;-9.5695090e-03;3.0750000e+02;-5.2950248e-02;3.0750000e+02;-9.5070615e-02;3.0750000e+02;-1.3869116e-01;3.0750000e+02;-5.2848138e-02;3.0750000e+02;-9.8736696e-03;3.0750000e+02;5.3867295e-02;3.0750000e+02;1.3370459e-01;3.0750000e+02;2.1781790e-01;3.0750000e+02;2.6958331e-01;3.0750000e+02;2.8133228e-01;3.0750000e+02;3.2191744e-01;3.0750000e+02;3.1469876e-01;3.0750000e+02;2.4069765e-01;3.0750000e+02;1.7465049e-01;3.0750000e+02;1.2100237e-01;3.0750000e+02;7.4853621e-02;3.0750000e+02;3.2951646e-02;3.0750000e+02;-9.5695090e-03;3.0750000e+02;-5.2950248e-02;3.0750000e+02;-9.5070615e-02;3.0750000e+02;-1.3869116e-01;3.0750000e+02;-5.2848138e-02;3.0750000e+02;-9.8736696e-03;3.0750000e+02;5.3867295e-02;3.0750000e+02;1.3370459e-01;3.0750000e+02;2.1781790e-01;3.0750000e+02;2.6958331e-01;3.0750000e+02;2.8133228e-01;3.0750000e+02;3.2191744e-01;3.0750000e+02;3.1469876e-01;3.0750000e+02;2.4069765e-01;3.0750000e+02;1.7465049e-01;3.0750000e+02;1.2100237e-01;3.0750000e+02;7.4853621e-02;3.0750000e+02;3.2951646e-02;3.0750000e+02;-9.5695090e-03;3.0750000e+02;-5.2950248e-02;3.0750000e+02;-9.5070615e-02;3.0750000e+02;-1.3869116e-01;3.0750000e+02;-5.2848138e-02;3.0750000e+02;-9.8736696e-03;3.0750000e+02;5.3867295e-02;3.0750000e+02;1.3370459e-01;3.0750000e+02;2.1781790e-01;3.0750000e+02;2.6958331e-01;3.0750000e+02;2.8133228e-01;3.0750000e+02;3.2191744e-01;3.0750000e+02;3.1469876e-01;3.0750000e+02;2.4069765e-01;3.0750000e+02;1.7465049e-01;3.0750000e+02;1.2100237e-01;3.0750000e+02;7.4853621e-02;3.0750000e+02;3.2951646e-02;3.0750000e+02;-9.5695090e-03;3.0750000e+02;-5.2950248e-02;3.0750000e+02;-9.5070615e-02;3.0750000e+02;-1.3869116e-01;3.0750000e+02;-5.2848138e-02;3.0750000e+02;-9.8736696e-03;3.0750000e+02;5.3867295e-02;3.0750000e+02;1.3370459e-01;3.0750000e+02;2.1781790e-01;3.0750000e+02;2.6958331e-01;3.0750000e+02;2.8133228e-01;3.0750000e+02;3.2191744e-01;3.0750000e+02;3.1469876e-01;3.0750000e+02;2.4069765e-01;3.0750000e+02;1.7465049e-01;3.0750000e+02;1.2100237e-01;3.0750000e+02;7.4853621e-02;3.0750000e+02;3.2951646e-02;3.0750000e+02;-9.5695090e-03;3.0750000e+02;-5.2950248e-02;3.0750000e+02;-9.5070615e-02;3.0750000e+02;-1.3869116e-01;3.0750000e+02;-5.2848138e-02;3.0750000e+02;-9.8736696e-03;3.0750000e+02;5.3867295e-02;3.0750000e+02;1.3370459e-01;3.0750000e+02;2.1781790e-01;3.0750000e+02;2.6958331e-01;3.0750000e+02;2.8133228e-01;3.0750000e+02;3.2191744e-01;3.0750000e+02;3.1469876e-01;3.0750000e+02;2.4069765e-01;3.0750000e+02;1.7465049e-01;3.0750000e+02;1.2100237e-01;3.0750000e+02;7.4853621e-02;3.0750000e+02;3.2951646e-02;3.0750000e+02;-9.5695090e-03;3.0750000e+02;-5.2950248e-02;3.0750000e+02;-9.5070615e-02;3.0750000e+02;-1.3869116e-01;3.0750000e+02;-5.2848138e-02;3.0750000e+02;-9.8736696e-03;3.0750000e+02;5.3867295e-02;3.0750000e+02;1.3370459e-01;3.0750000e+02;2.1781790e-01;3.0750000e+02;2.6958331e-01;3.0750000e+02;2.8133228e-01;3.0750000e+02;3.2191744e-01;3.0750000e+02;3.1469876e-01;3.0750000e+02;2.4069765e-01;3.0750000e+02;1.7465049e-01;3.0750000e+02;1.2100237e-01;3.0750000e+02;7.4853621e-02;3.0750000e+02;3.2951646e-02;3.0750000e+02;-9.5695090e-03;3.0750000e+02;-5.2950248e-02;3.0750000e+02;-9.5070615e-02;3.0750000e+02;-1.3869116e-01;3.0750000e+02;-5.2848138e-02;3.0750000e+02;-9.8736696e-03;3.0750000e+02;5.3867295e-02;3.0750000e+02;1.3370459e-01;3.0750000e+02;2.1781790e-01;3.0750000e+02;2.6958331e-01;3.0750000e+02;2.8133228e-01;3.0750000e+02;3.2191744e-01;3.0750000e+02;3.1469876e-01;3.0750000e+02;2.4069765e-01;3.0750000e+02;1.7465049e-01;3.0750000e+02;1.2100237e-01;3.0750000e+02;7.4853621e-02;3.0750000e+02;3.2951646e-02;3.0750000e+02;-9.5695090e-03;3.0750000e+02;-5.2950248e-02;3.0750000e+02;-9.5070615e-02;3.0750000e+02;-1.3869116e-01;3.0750000e+02;-5.2848138e-02;3.0750000e+02;-9.8736696e-03;3.0750000e+02;5.3867295e-02;3.0750000e+02;1.3370459e-01;3.0750000e+02;2.1781790e-01;3.0750000e+02;2.6958331e-01;3.0750000e+02;2.8133228e-01;3.0750000e+02;3.2191744e-01;3.0750000e+02;3.1469876e-01;3.0750000e+02;2.4069765e-01;3.0750000e+02;1.7465049e-01;3.0750000e+02;1.2100237e-01;3.0750000e+02;7.4853621e-02;3.0750000e+02;3.2951646e-02;3.0750000e+02;-9.5695090e-03;3.0750000e+02;-5.2950248e-02;3.0750000e+02;-9.5070615e-02;3.0750000e+02;-1.3869116e-01;3.0750000e+02;-5.2848138e-02;3.0750000e+02;-9.8736696e-03;3.0750000e+02;5.3867295e-02;3.0750000e+02;1.3370459e-01;3.0750000e+02;2.1781790e-01;3.0750000e+02;2.6958331e-01;3.0750000e+02;2.8133228e-01;3.0750000e+02;3.2191744e-01;3.0750000e+02;3.1469876e-01;3.0750000e+02;2.4069765e-01;3.0750000e+02;1.7465049e-01;3.0750000e+02;1.2100237e-01;3.0750000e+02;7.4853621e-02;3.0750000e+02;3.2951646e-02;3.0750000e+02;-9.5695090e-03;3.0750000e+02;-5.2950248e-02;3.0750000e+02;-9.5070615e-02;3.0750000e+02;-1.3869116e-01;3.0750000e+02;-5.2848138e-02;3.0750000e+02;-9.8736696e-03;3.0750000e+02;5.3867295e-02;3.0750000e+02;1.3370459e-01;3.0750000e+02;2.1781790e-01;3.0750000e+02;2.6958331e-01;3.0750000e+02;2.8133228e-01;3.0750000e+02;3.2191744e-01;3.0750000e+02;3.1469876e-01;3.0750000e+02;2.4069765e-01;3.0750000e+02;1.7465049e-01;3.0750000e+02;1.2100237e-01;3.0750000e+02;7.4853621e-02;3.0750000e+02;3.2951646e-02;3.0750000e+02;-9.5695090e-03;3.0750000e+02;-5.2950248e-02;3.0750000e+02;-9.5070615e-02;3.0750000e+02;-1.3869116e-01;3.0750000e+02;-5.2848138e-02;3.0750000e+02;-9.8736696e-03;3.0750000e+02;5.3867295e-02;3.0750000e+02;1.3370459e-01;3.0750000e+02;2.1781790e-01;3.0750000e+02;2.6958331e-01;3.0750000e+02;2.8133228e-01;3.0750000e+02;3.2191744e-01;3.0750000e+02;3.1469876e-01;3.0750000e+02;2.4069765e-01;3.0750000e+02;1.7465049e-01;3.0750000e+02;1.2100237e-01;3.0750000e+02;7.4853621e-02;3.0750000e+02;3.2951646e-02;3.0750000e+02;-9.5695090e-03;3.0750000e+02;-5.2950248e-02;3.0750000e+02;-9.5070615e-02;3.0750000e+02;-1.3869116e-01;3.0750000e+02;-5.2848138e-02;3.0750000e+02;-9.8736696e-03;3.0750000e+02;5.3867295e-02;3.0750000e+02;1.3370459e-01;3.0750000e+02;2.1781790e-01;3.0750000e+02;2.6958331e-01;3.0750000e+02;2.8133228e-01;3.0750000e+02;3.2191744e-01;3.0750000e+02;3.1469876e-01;3.0750000e+02;2.4069765e-01;3.0750000e+02;1.7465049e-01;3.0750000e+02;1.2100237e-01;3.0750000e+02;7.4853621e-02;3.0750000e+02;3.2951646e-02;3.0750000e+02;-9.5695090e-03;3.0750000e+02;-5.2950248e-02;3.0750000e+02;-9.5070615e-02;3.0750000e+02;-1.3869116e-01;3.0750000e+02;-5.2848138e-02;3.0750000e+02;-9.8736696e-03;3.0750000e+02;5.3867295e-02;3.0750000e+02;1.3370459e-01;3.0750000e+02;2.1781790e-01;3.0750000e+02;2.6958331e-01;3.0750000e+02;2.8133228e-01;3.0750000e+02;3.2191744e-01;3.0750000e+02;3.1469876e-01;3.0750000e+02;2.4069765e-01;3.0750000e+02;1.7465049e-01;3.0750000e+02;1.2100237e-01;3.0750000e+02;7.4853621e-02;3.0750000e+02;3.2951646e-02;3.0750000e+02;-9.5695090e-03;3.0750000e+02;-5.2950248e-02;3.0750000e+02;-9.5070615e-02;3.0750000e+02;-1.3869116e-01;3.0750000e+02;-5.2848138e-02;3.0750000e+02;-9.8736696e-03;3.0750000e+02;5.3867295e-02;3.0750000e+02;1.3370459e-01;3.0750000e+02;2.1781790e-01;3.0750000e+02;2.6958331e-01;3.0750000e+02;2.8133228e-01;3.0750000e+02;3.2191744e-01;3.0750000e+02;3.1469876e-01;3.0750000e+02;2.4069765e-01;3.0750000e+02;1.7465049e-01;3.0750000e+02;1.2100237e-01;3.0750000e+02;7.4853621e-02;3.0750000e+02;3.2951646e-02;3.0750000e+02;-9.5695090e-03;3.0750000e+02;-5.2950248e-02;3.0750000e+02;-9.5070615e-02;3.0750000e+02;-1.3869116e-01;3.0750000e+02;-5.2848138e-02;3.0750000e+02;-9.8736696e-03;3.0750000e+02;5.3867295e-02;3.0750000e+02;1.3370459e-01;3.0750000e+02;2.1781790e-01;3.0750000e+02;2.6958331e-01;3.0750000e+02;2.8133228e-01;3.0750000e+02;3.2191744e-01;3.0750000e+02;3.1469876e-01;3.0750000e+02;2.4069765e-01;3.0750000e+02;1.7465049e-01;3.0750000e+02;1.2100237e-01;3.0750000e+02;7.4853621e-02;3.0750000e+02;3.2951646e-02;3.0750000e+02;-9.5695090e-03;3.0750000e+02;-5.2950248e-02;3.0750000e+02;-9.5070615e-02;3.0750000e+02;-1.3869116e-01;3.0750000e+02;-5.2848138e-02;3.0750000e+02;-9.8736696e-03;3.0750000e+02;5.3867295e-02;3.0750000e+02;1.3370459e-01;3.0750000e+02;2.1781790e-01;3.0750000e+02;2.6958331e-01;3.0750000e+02;2.8133228e-01;3.0750000e+02;3.2191744e-01;3.0750000e+02;3.1469876e-01;3.0750000e+02;2.4069765e-01;3.0750000e+02;1.7465049e-01;3.0750000e+02;1.2100237e-01;3.0750000e+02;7.4853621e-02;3.0750000e+02;3.2951646e-02;3.0750000e+02;-9.5695090e-03;3.0750000e+02;-5.2950248e-02;3.0750000e+02;-9.5070615e-02;3.0750000e+02;-1.3869116e-01;3.0750000e+02;-5.2848138e-02;3.0750000e+02;-9.8736696e-03;3.0750000e+02;5.3867295e-02;3.0750000e+02;1.3370459e-01;3.0750000e+02;2.1781790e-01;3.0750000e+02;2.6958331e-01;3.0750000e+02;2.8133228e-01;3.0750000e+02;3.2191744e-01;3.0750000e+02;3.1469876e-01;3.0750000e+02;2.4069765e-01;3.0750000e+02;1.7465049e-01;3.0750000e+02;1.2100237e-01;3.0750000e+02;7.4853621e-02;3.0750000e+02;3.2951646e-02;3.0750000e+02;-9.5695090e-03;3.0750000e+02;-5.2950248e-02;3.0750000e+02;-9.5070615e-02;3.0750000e+02;-1.3869116e-01;3.0750000e+02;-5.2848138e-02;3.0750000e+02;-9.8736696e-03;3.0750000e+02;5.3867295e-02;3.0750000e+02;1.3370459e-01;3.0750000e+02;2.1781790e-01;3.0750000e+02;2.6958331e-01;3.0750000e+02;2.8133228e-01;3.0750000e+02;3.2191744e-01;3.0750000e+02;3.1469876e-01;3.0750000e+02;2.4069765e-01;3.0750000e+02;1.7465049e-01;3.0750000e+02;1.2100237e-01;3.0750000e+02;7.4853621e-02;3.0750000e+02;3.2951646e-02;3.0750000e+02;-9.5695090e-03;3.0750000e+02;-5.2950248e-02;3.0750000e+02;-9.5070615e-02;3.0750000e+02;-1.3869116e-01;3.0750000e+02;-5.2848138e-02;3.0750000e+02;-9.8736696e-03;3.0750000e+02;5.3867295e-02;3.0750000e+02;1.3370459e-01;3.0750000e+02;2.1781790e-01;3.0750000e+02;2.6958331e-01;3.0750000e+02;2.8133228e-01;3.0750000e+02;3.2191744e-01;3.0750000e+02;3.1469876e-01;3.0750000e+02;2.4069765e-01;3.0750000e+02;1.7465049e-01;3.0750000e+02;1.2100237e-01;3.0750000e+02;7.4853621e-02;3.0750000e+02;3.2951646e-02;3.0750000e+02;-9.5695090e-03;3.0750000e+02;-5.2950248e-02;3.0750000e+02;-9.5070615e-02;3.0750000e+02;-1.3869116e-01;3.0750000e+02;-5.2848138e-02;3.0750000e+02;-9.8736696e-03;3.0750000e+02;5.3867295e-02;3.0750000e+02;1.3370459e-01;3.0750000e+02;2.1781790e-01;3.0750000e+02;2.6958331e-01;3.0750000e+02;2.8133228e-01;3.0750000e+02;3.2191744e-01;3.0750000e+02;3.1469876e-01;3.0750000e+02;2.4069765e-01;3.0750000e+02;1.7465049e-01;3.0750000e+02;1.2100237e-01;3.0750000e+02;7.4853621e-02;3.0750000e+02;3.2951646e-02;3.0750000e+02;-9.5695090e-03;3.0750000e+02;-5.2950248e-02;3.0750000e+02;-9.5070615e-02;3.0750000e+02;-1.3869116e-01;3.0750000e+02;-5.2848138e-02;3.0750000e+02;-9.8736696e-03;3.0750000e+02;5.3867295e-02;3.0750000e+02;1.3370459e-01;3.0750000e+02;2.1781790e-01;3.0750000e+02;2.6958331e-01;3.0750000e+02;2.8133228e-01;3.0750000e+02;3.2191744e-01;3.0750000e+02;3.1469876e-01;3.0750000e+02;2.4069765e-01;3.0750000e+02;1.7465049e-01;3.0750000e+02;1.2100237e-01;3.0750000e+02;7.4853621e-02;3.0750000e+02;3.2951646e-02;3.0750000e+02;-9.5695090e-03;3.0750000e+02;-5.2950248e-02;3.0750000e+02;-9.5070615e-02;3.0750000e+02;-1.3869116e-01;3.0750000e+02;-5.2848138e-02;3.0750000e+02;-9.8736696e-03;3.0750000e+02;5.3867295e-02;3.0750000e+02;1.3370459e-01;3.0750000e+02;2.1781790e-01;3.0750000e+02;2.6958331e-01;3.0750000e+02;2.8133228e-01;3.0750000e+02;3.2191744e-01;3.0750000e+02;3.1469876e-01;3.0750000e+02;2.4069765e-01;3.0750000e+02;1.7465049e-01;3.0750000e+02;1.2100237e-01;3.0750000e+02;7.4853621e-02;3.0750000e+02;3.2951646e-02;3.0750000e+02;-9.5695090e-03;3.0750000e+02;-5.2950248e-02;3.0750000e+02;-9.5070615e-02;3.0750000e+02;-1.3869116e-01;3.0750000e+02;-5.2848138e-02;3.0750000e+02;-9.8736696e-03;3.0750000e+02;5.3867295e-02;3.0750000e+02;1.3370459e-01;3.0750000e+02;2.1781790e-01;3.0750000e+02;2.6958331e-01;3.0750000e+02;2.8133228e-01;3.0750000e+02;3.2191744e-01;3.0750000e+02;3.1469876e-01;3.0750000e+02;2.4069765e-01;3.0750000e+02;1.7465049e-01;3.0750000e+02;1.2100237e-01;3.0750000e+02;7.4853621e-02;3.0750000e+02;3.2951646e-02;3.0750000e+02;-9.5695090e-03;3.0750000e+02;-5.2950248e-02;3.0750000e+02;-9.5070615e-02;3.0750000e+02;-1.3869116e-01;3.0750000e+02;-5.2848138e-02;3.0750000e+02;-9.8736696e-03;3.0750000e+02;5.3867295e-02;3.0750000e+02;1.3370459e-01;3.0750000e+02;2.1781790e-01;3.0750000e+02;2.6958331e-01;3.0750000e+02;2.8133228e-01;3.0750000e+02;3.2191744e-01;3.0750000e+02;3.1469876e-01;3.0750000e+02;2.4069765e-01;3.0750000e+02;1.7465049e-01;3.0750000e+02;1.2100237e-01;3.0750000e+02;7.4853621e-02;3.0750000e+02;3.2951646e-02;3.0750000e+02;-9.5695090e-03;3.0750000e+02;-5.2950248e-02;3.0750000e+02;-9.5070615e-02;3.0750000e+02;-1.3869116e-01;3.0750000e+02;-5.2848138e-02;3.0750000e+02;-9.8736696e-03;3.0750000e+02;5.3867295e-02;3.0750000e+02;1.3370459e-01;3.0750000e+02;2.1781790e-01;3.0750000e+02;2.6958331e-01;3.0750000e+02;2.8133228e-01;3.0750000e+02;3.2191744e-01;3.0750000e+02;3.1469876e-01;3.0750000e+02;2.4069765e-01;3.0750000e+02;1.7465049e-01;3.0750000e+02;1.2100237e-01;3.0750000e+02;7.4853621e-02;3.0750000e+02;3.2951646e-02;3.0750000e+02;-9.5695090e-03;3.0750000e+02;-5.2950248e-02;3.0750000e+02;-9.5070615e-02;3.0750000e+02;-1.3869116e-01;3.0750000e+02;-5.2848138e-02;3.0750000e+02;-9.8736696e-03;3.0750000e+02;5.3867295e-02;3.0750000e+02;1.3370459e-01;3.0750000e+02;2.1781790e-01;3.0750000e+02;2.6958331e-01;3.0750000e+02;2.8133228e-01;3.0750000e+02;3.2191744e-01;3.0750000e+02;3.1469876e-01;3.0750000e+02;2.4069765e-01;3.0750000e+02;1.7465049e-01;3.0750000e+02;1.2100237e-01;3.0750000e+02;7.4853621e-02;3.0750000e+02;3.2951646e-02;3.0750000e+02;-9.5695090e-03;3.0750000e+02;-5.2950248e-02;3.0750000e+02;-9.5070615e-02;3.0750000e+02;-1.3869116e-01;3.0750000e+02;-5.2848138e-02;3.0750000e+02;-9.8736696e-03;3.0750000e+02;5.3867295e-02;3.0750000e+02;1.3370459e-01;3.0750000e+02;2.1781790e-01;3.0750000e+02;2.6958331e-01;3.0750000e+02;2.8133228e-01;3.0750000e+02;3.2191744e-01;3.0750000e+02;3.1469876e-01;3.0750000e+02;2.4069765e-01;3.0750000e+02;1.7465049e-01;3.0750000e+02;1.2100237e-01;3.0750000e+02;7.4853621e-02;3.0750000e+02;3.2951646e-02;3.0750000e+02;-9.5695090e-03;3.0750000e+02;-5.2950248e-02;3.0750000e+02;-9.5070615e-02;3.0750000e+02;-1.3869116e-01;3.0750000e+02;-5.2848138e-02;3.0750000e+02;-9.8736696e-03;3.0750000e+02;5.3867295e-02;3.0750000e+02;1.3370459e-01;3.0750000e+02;2.1781790e-01;3.0750000e+02;2.6958331e-01;3.0750000e+02;2.8133228e-01;3.0750000e+02;3.2191744e-01;3.0750000e+02;3.1469876e-01;3.0750000e+02;2.4069765e-01;3.0750000e+02;1.7465049e-01;3.0750000e+02;1.2100237e-01;3.0750000e+02;7.4853621e-02;3.0750000e+02;3.2951646e-02;3.0750000e+02;-9.5695090e-03;3.0750000e+02;-5.2950248e-02;3.0750000e+02;-9.5070615e-02;3.0750000e+02;-1.3869116e-01;3.0750000e+02;-5.2848138e-02;3.0750000e+02;-9.8736696e-03;3.0750000e+02;5.3867295e-02;3.0750000e+02;1.3370459e-01;3.0750000e+02;2.1781790e-01;3.0750000e+02;2.6958331e-01;3.0750000e+02;2.8133228e-01;3.0750000e+02;3.2191744e-01;3.0750000e+02;3.1469876e-01;3.0750000e+02;2.4069765e-01;3.0750000e+02;1.7465049e-01;3.0750000e+02;1.2100237e-01;3.0750000e+02;7.4853621e-02;3.0750000e+02;3.2951646e-02;3.0750000e+02;-9.5695090e-03;3.0750000e+02;-5.2950248e-02;3.0750000e+02;-9.5070615e-02;3.0750000e+02;-1.3869116e-01;3.0750000e+02;-5.2848138e-02;3.0750000e+02;-9.8736696e-03;3.0750000e+02;5.3867295e-02;3.0750000e+02;1.3370459e-01;3.0750000e+02;2.1781790e-01;3.0750000e+02;2.6958331e-01;3.0750000e+02;2.8133228e-01;3.0750000e+02;3.2191744e-01;3.0750000e+02;3.1469876e-01;3.0750000e+02;2.4069765e-01;3.0750000e+02;1.7465049e-01;3.0750000e+02;1.2100237e-01;3.0750000e+02;7.4853621e-02;3.0750000e+02;3.2951646e-02;3.0750000e+02;-9.5695090e-03;3.0750000e+02;-5.2950248e-02;3.0750000e+02;-9.5070615e-02;3.0750000e+02;-1.3869116e-01;3.0750000e+02;-5.2848138e-02;3.0750000e+02;-9.8736696e-03;3.0750000e+02;5.3867295e-02;3.0750000e+02;1.3370459e-01;3.0750000e+02;2.1781790e-01;3.0750000e+02;2.6958331e-01;3.0750000e+02;2.8133228e-01;3.0750000e+02;3.2191744e-01;3.0750000e+02;3.1469876e-01;3.0750000e+02;2.4069765e-01;3.0750000e+02;1.7465049e-01;3.0750000e+02;1.2100237e-01;3.0750000e+02;7.4853621e-02;3.0750000e+02;3.2951646e-02;3.0750000e+02;-9.5695090e-03;3.0750000e+02;-5.2950248e-02;3.0750000e+02;-9.5070615e-02;3.0750000e+02;-1.3869116e-01;3.0750000e+02;-5.2848138e-02;3.0750000e+02;-9.8736696e-03;3.0750000e+02;5.3867295e-02;3.0750000e+02;1.3370459e-01;3.0750000e+02;2.1781790e-01;3.0750000e+02;2.6958331e-01;3.0750000e+02;2.8133228e-01;3.0750000e+02;3.2191744e-01;3.0750000e+02;3.1469876e-01;3.0750000e+02;2.4069765e-01;3.0750000e+02;1.7465049e-01;3.0750000e+02;1.2100237e-01;3.0750000e+02;7.4853621e-02;3.0750000e+02;3.2951646e-02;3.0750000e+02;-9.5695090e-03;3.0750000e+02;-5.2950248e-02;3.0750000e+02;-9.5070615e-02;3.0750000e+02;-1.3869116e-01;3.0750000e+02;-5.2848138e-02;3.0750000e+02;-9.8736696e-03;3.0750000e+02;5.3867295e-02;3.0750000e+02;1.3370459e-01;3.0750000e+02;2.1781790e-01;3.0750000e+02;2.6958331e-01;3.0750000e+02;2.8133228e-01;3.0750000e+02;3.2191744e-01;3.0750000e+02;3.1469876e-01;3.0750000e+02;2.4069765e-01;3.0750000e+02;1.7465049e-01;3.0750000e+02;1.2100237e-01;3.0750000e+02;7.4853621e-02;3.0750000e+02;3.2951646e-02;3.0750000e+02;-9.5695090e-03;3.0750000e+02;-5.2950248e-02;3.0750000e+02;-9.5070615e-02;3.0750000e+02;-1.3869116e-01;3.0750000e+02;-5.2848138e-02;3.0750000e+02;-9.8736696e-03;3.0750000e+02;5.3867295e-02;3.0750000e+02;1.3370459e-01;3.0750000e+02;2.1781790e-01;3.0750000e+02;2.6958331e-01;3.0750000e+02;2.8133228e-01;3.0750000e+02;3.2191744e-01;3.0750000e+02;3.1469876e-01;3.0750000e+02;2.4069765e-01;3.0750000e+02;1.7465049e-01;3.0750000e+02;1.2100237e-01;3.0750000e+02;7.4853621e-02;3.0750000e+02;3.2951646e-02;3.0750000e+02;-9.5695090e-03;3.0750000e+02;-5.2950248e-02;3.0750000e+02;-9.5070615e-02;3.0750000e+02;-1.3869116e-01;3.0750000e+02;-5.2848138e-02;3.0750000e+02;-9.8736696e-03;3.0750000e+02;5.3867295e-02;3.0750000e+02;1.3370459e-01;3.0750000e+02;2.1781790e-01;3.0750000e+02;2.6958331e-01;3.0750000e+02;2.8133228e-01;3.0750000e+02;3.2191744e-01;3.0750000e+02;3.1469876e-01;3.0750000e+02;2.4069765e-01;3.0750000e+02;1.7465049e-01;3.0750000e+02;1.2100237e-01;3.0750000e+02;7.4853621e-02;3.0750000e+02;3.2951646e-02;3.0750000e+02;-9.5695090e-03;3.0750000e+02;-5.2950248e-02;3.0750000e+02;-9.5070615e-02;3.0750000e+02;-1.3869116e-01;3.0750000e+02;-5.2848138e-02;3.0750000e+02;-9.8736696e-03;3.0750000e+02;5.3867295e-02;3.0750000e+02;1.3370459e-01;3.0750000e+02;2.1781790e-01;3.0750000e+02;2.6958331e-01;3.0750000e+02;2.8133228e-01;3.0750000e+02;3.2191744e-01;3.0750000e+02;3.1469876e-01;3.0750000e+02;2.4069765e-01;3.0750000e+02;1.7465049e-01;3.0750000e+02;1.2100237e-01;3.0750000e+02;7.4853621e-02;3.0750000e+02;3.2951646e-02;3.0750000e+02;-9.5695090e-03;3.0750000e+02;-5.2950248e-02;3.0750000e+02;-9.5070615e-02;3.0750000e+02;-1.3869116e-01;3.0750000e+02;-5.2848138e-02;3.0750000e+02;-9.8736696e-03;3.0750000e+02;5.3867295e-02;3.0750000e+02;1.3370459e-01;3.0750000e+02;2.1781790e-01;3.0750000e+02;2.6958331e-01;3.0750000e+02;2.8133228e-01;3.0750000e+02;3.2191744e-01;3.0750000e+02;3.1469876e-01;3.0750000e+02;2.4069765e-01;3.0750000e+02;1.7465049e-01;3.0750000e+02;1.2100237e-01;3.0750000e+02;7.4853621e-02;3.0750000e+02;3.2951646e-02;3.0750000e+02;-9.5695090e-03;3.0750000e+02;-5.2950248e-02;3.0750000e+02;-9.5070615e-02;3.0750000e+02;-1.3869116e-01;3.0750000e+02;-5.2848138e-02;3.0750000e+02;-9.8736696e-03;3.0750000e+02;5.3867295e-02;3.0750000e+02;1.3370459e-01;3.0750000e+02;2.1781790e-01;3.0750000e+02;2.6958331e-01;3.0750000e+02;2.8133228e-01;3.0750000e+02;3.2191744e-01;3.0750000e+02;3.1469876e-01;3.0750000e+02;2.4069765e-01;3.0750000e+02;1.7465049e-01;3.0750000e+02;1.2100237e-01;3.0750000e+02;7.4853621e-02;3.0750000e+02;3.2951646e-02;3.0750000e+02;-9.5695090e-03;3.0750000e+02;-5.2950248e-02;3.0750000e+02;-9.5070615e-02;3.0750000e+02;-1.3869116e-01;3.0750000e+02;-5.2848138e-02;3.0750000e+02;-9.8736696e-03;3.0750000e+02;5.3867295e-02;3.0750000e+02;1.3370459e-01;3.0750000e+02;2.1781790e-01;3.0750000e+02;2.6958331e-01;3.0750000e+02;2.8133228e-01;3.0750000e+02;3.2191744e-01;3.0750000e+02;3.1469876e-01;3.0750000e+02;2.4069765e-01;3.0750000e+02;1.7465049e-01;3.0750000e+02;1.2100237e-01;3.0750000e+02;7.4853621e-02;3.0750000e+02;3.2951646e-02;3.0750000e+02;-9.5695090e-03;3.0750000e+02;-5.2950248e-02;3.0750000e+02;-9.5070615e-02;3.0750000e+02;-1.3869116e-01;3.0750000e+02;-5.2848138e-02;3.0750000e+02;-9.8736696e-03;3.0750000e+02;5.3867295e-02;3.0750000e+02;1.3370459e-01;3.0750000e+02;2.1781790e-01;3.0750000e+02;2.6958331e-01;3.0750000e+02;2.8133228e-01;3.0750000e+02;3.2191744e-01;3.0750000e+02;3.1469876e-01;3.0750000e+02;2.4069765e-01;3.0750000e+02;1.7465049e-01;3.0750000e+02;1.2100237e-01;3.0750000e+02;7.4853621e-02;3.0750000e+02;3.2951646e-02;3.0750000e+02;-9.5695090e-03;3.0750000e+02;-5.2950248e-02;3.0750000e+02;-9.5070615e-02;3.0750000e+02;-1.3869116e-01;3.0750000e+02;-5.2848138e-02;3.0750000e+02;-9.8736696e-03;3.0750000e+02;5.3867295e-02;3.0750000e+02;1.3370459e-01;3.0750000e+02;2.1781790e-01;3.0750000e+02;2.6958331e-01;3.0750000e+02;2.8133228e-01;3.0750000e+02;3.2191744e-01;3.0750000e+02;3.1469876e-01;3.0750000e+02;2.4069765e-01;3.0750000e+02;1.7465049e-01;3.0750000e+02;1.2100237e-01;3.0750000e+02;7.4853621e-02;3.0750000e+02;3.2951646e-02;3.0750000e+02;-9.5695090e-03;3.0750000e+02;-5.2950248e-02;3.0750000e+02;-9.5070615e-02;3.0750000e+02;-1.3869116e-01;3.0750000e+02;-5.2848138e-02;3.0750000e+02;-9.8736696e-03;3.0750000e+02;5.3867295e-02;3.0750000e+02;1.3370459e-01;3.0750000e+02;2.1781790e-01;3.0750000e+02;2.6958331e-01;3.0750000e+02;2.8133228e-01;3.0750000e+02;3.2191744e-01;3.0750000e+02;3.1469876e-01;3.0750000e+02;2.4069765e-01;3.0750000e+02;1.7465049e-01;3.0750000e+02;1.2100237e-01;3.0750000e+02;7.4853621e-02;3.0750000e+02;3.2951646e-02;3.0750000e+02;-9.5695090e-03;3.0750000e+02;-5.2950248e-02;3.0750000e+02;-9.5070615e-02;3.0750000e+02;-1.3869116e-01;3.0750000e+02;-5.2848138e-02;3.0750000e+02;-9.8736696e-03;3.0750000e+02;5.3867295e-02;3.0750000e+02;1.3370459e-01;3.0750000e+02;2.1781790e-01;3.0750000e+02;2.6958331e-01;3.0750000e+02;2.8133228e-01;3.0750000e+02;3.2191744e-01;3.0750000e+02;3.1469876e-01;3.0750000e+02;2.4069765e-01;3.0750000e+02;1.7465049e-01;3.0750000e+02;1.2100237e-01;3.0750000e+02;7.4853621e-02;3.0750000e+02;3.2951646e-02;3.0750000e+02;-9.5695090e-03;3.0750000e+02;-5.2950248e-02;3.0750000e+02;-9.5070615e-02;3.0750000e+02;-1.3869116e-01;3.0750000e+02;-5.2848138e-02;3.0750000e+02;-9.8736696e-03;3.0750000e+02;5.3867295e-02;3.0750000e+02;1.3370459e-01;3.0750000e+02;2.1781790e-01;3.0750000e+02;2.6958331e-01;3.0750000e+02;2.8133228e-01;3.0750000e+02;3.2191744e-01;3.0750000e+02;3.1469876e-01;3.0750000e+02;2.4069765e-01;3.0750000e+02;1.7465049e-01;3.0750000e+02;1.2100237e-01;3.0750000e+02;7.4853621e-02;3.0750000e+02;3.2951646e-02;3.0750000e+02;-9.5695090e-03;3.0750000e+02;-5.2950248e-02;3.0750000e+02;-9.5070615e-02;3.0750000e+02;-1.3869116e-01;3.0750000e+02;-5.2848138e-02;3.0750000e+02;-9.8736696e-03;3.0750000e+02;5.3867295e-02;3.0750000e+02;1.3370459e-01;3.0750000e+02;2.1781790e-01;3.0750000e+02;2.6958331e-01;3.0750000e+02;2.8133228e-01;3.0750000e+02;3.2191744e-01;3.0750000e+02;3.1469876e-01;3.0750000e+02;2.4069765e-01;3.0750000e+02;1.7465049e-01;3.0750000e+02;1.2100237e-01;3.0750000e+02;7.4853621e-02;3.0750000e+02;3.2951646e-02;3.0750000e+02;-9.5695090e-03;3.0750000e+02;-5.2950248e-02;3.0750000e+02;-9.5070615e-02;3.0750000e+02;-1.3869116e-01;3.0750000e+02;-5.2848138e-02;3.0750000e+02;-9.8736696e-03;3.0750000e+02;5.3867295e-02;3.0750000e+02;1.3370459e-01;3.0750000e+02;2.1781790e-01;3.0750000e+02;2.6958331e-01;3.0750000e+02;2.8133228e-01;3.0750000e+02;3.2191744e-01;3.0750000e+02;3.1469876e-01;3.0750000e+02;2.4069765e-01;3.0750000e+02;1.7465049e-01;3.0750000e+02;1.2100237e-01;3.0750000e+02;7.4853621e-02;3.0750000e+02;3.2951646e-02;3.0750000e+02;-9.5695090e-03;3.0750000e+02;-5.2950248e-02;3.0750000e+02;-9.5070615e-02;3.0750000e+02;-1.3869116e-01;3.0750000e+02;-5.2848138e-02;3.0750000e+02;-9.8736696e-03;3.0750000e+02;5.3867295e-02;3.0750000e+02;1.3370459e-01;3.0750000e+02;2.1781790e-01;3.0750000e+02;2.6958331e-01;3.0750000e+02;2.8133228e-01;3.0750000e+02;3.2191744e-01;3.0750000e+02;3.1469876e-01;3.0750000e+02;2.4069765e-01;3.0750000e+02;1.7465049e-01;3.0750000e+02;1.2100237e-01;3.0750000e+02;7.4853621e-02;3.0750000e+02;3.2951646e-02;3.0750000e+02;-9.5695090e-03;3.0750000e+02;-5.2950248e-02;3.0750000e+02;-9.5070615e-02;3.0750000e+02;-1.3869116e-01;3.0750000e+02;-5.2848138e-02;3.0750000e+02;-9.8736696e-03;3.0750000e+02;5.3867295e-02;3.0750000e+02;1.3370459e-01;3.0750000e+02;2.1781790e-01;3.0750000e+02;2.6958331e-01;3.0750000e+02;2.8133228e-01;3.0750000e+02;3.2191744e-01;3.0750000e+02;3.1469876e-01;3.0750000e+02;2.4069765e-01;3.0750000e+02;1.7465049e-01;3.0750000e+02;1.2100237e-01;3.0750000e+02;7.4853621e-02;3.0750000e+02;3.2951646e-02;3.0750000e+02;-9.5695090e-03;3.0750000e+02;-5.2950248e-02;3.0750000e+02;-9.5070615e-02;3.0750000e+02;-1.3869116e-01;3.0750000e+02;-5.2848138e-02;3.0750000e+02;-9.8736696e-03;3.0750000e+02;5.3867295e-02;3.0750000e+02;1.3370459e-01;3.0750000e+02;2.1781790e-01;3.0750000e+02;2.6958331e-01;3.0750000e+02;2.8133228e-01;3.0750000e+02;3.2191744e-01;3.0750000e+02;3.1469876e-01;3.0750000e+02;2.4069765e-01;3.0750000e+02;1.7465049e-01;3.0750000e+02;1.2100237e-01;3.0750000e+02;7.4853621e-02;3.0750000e+02;3.2951646e-02;3.0750000e+02;-9.5695090e-03;3.0750000e+02;-5.2950248e-02;3.0750000e+02;-9.5070615e-02;3.0750000e+02;-1.3869116e-01;3.0750000e+02;-5.2848138e-02;3.0750000e+02;-9.8736696e-03;3.0750000e+02;5.3867295e-02;3.0750000e+02;1.3370459e-01;3.0750000e+02;2.1781790e-01;3.0750000e+02;2.6958331e-01;3.0750000e+02;2.8133228e-01;3.0750000e+02;3.2191744e-01;3.0750000e+02;3.1469876e-01;3.0750000e+02;2.4069765e-01;3.0750000e+02;1.7465049e-01;3.0750000e+02;1.2100237e-01;3.0750000e+02;7.4853621e-02;3.0750000e+02;3.2951646e-02;3.0750000e+02;-9.5695090e-03;3.0750000e+02;-5.2950248e-02;3.0750000e+02;-9.5070615e-02;3.0750000e+02;-1.3869116e-01;3.0750000e+02;-5.2848138e-02;3.0750000e+02;-9.8736696e-03;3.0750000e+02;5.3867295e-02;3.0750000e+02;1.3370459e-01;3.0750000e+02;2.1781790e-01;3.0750000e+02;2.6958331e-01;3.0750000e+02;2.8133228e-01;3.0750000e+02;3.2191744e-01;3.0750000e+02;3.1469876e-01;3.0750000e+02;2.4069765e-01;3.0750000e+02;1.7465049e-01;3.0750000e+02;1.2100237e-01;3.0750000e+02;7.4853621e-02;3.0750000e+02;3.2951646e-02;3.0750000e+02;-9.5695090e-03;3.0750000e+02;-5.2950248e-02;3.0750000e+02;-9.5070615e-02;3.0750000e+02;-1.3869116e-01;3.0750000e+02;-5.2848138e-02;3.0750000e+02;-9.8736696e-03;3.0750000e+02;5.3867295e-02;3.0750000e+02;1.3370459e-01;3.0750000e+02;2.1781790e-01;3.0750000e+02;2.6958331e-01;3.0750000e+02;2.8133228e-01;3.0750000e+02;3.2191744e-01;3.0750000e+02;3.1469876e-01;3.0750000e+02;2.4069765e-01;3.0750000e+02;1.7465049e-01;3.0750000e+02;1.2100237e-01;3.0750000e+02;7.4853621e-02;3.0750000e+02;3.2951646e-02;3.0750000e+02;-9.5695090e-03;3.0750000e+02;-5.2950248e-02;3.0750000e+02;-9.5070615e-02;3.0750000e+02;-1.3869116e-01;3.0750000e+02;-5.2848138e-02;3.0750000e+02;-9.8736696e-03;3.0750000e+02;5.3867295e-02;3.0750000e+02;1.3370459e-01;3.0750000e+02;2.1781790e-01;3.0750000e+02;2.6958331e-01;3.0750000e+02;2.8133228e-01;3.0750000e+02;3.2191744e-01;3.0750000e+02;3.1469876e-01;3.0750000e+02;2.4069765e-01;3.0750000e+02;1.7465049e-01;3.0750000e+02;1.2100237e-01;3.0750000e+02;7.4853621e-02;3.0750000e+02;3.2951646e-02;3.0750000e+02;-9.5695090e-03;3.0750000e+02;-5.2950248e-02;3.0750000e+02;-9.5070615e-02;3.0750000e+02;-1.3869116e-01;3.0750000e+02;-5.2848138e-02;3.0750000e+02;-9.8736696e-03;3.0750000e+02;5.3867295e-02;3.0750000e+02;1.3370459e-01;3.0750000e+02;2.1781790e-01;3.0750000e+02;2.6958331e-01;3.0750000e+02;2.8133228e-01;3.0750000e+02;3.2191744e-01;3.0750000e+02;3.1469876e-01;3.0750000e+02;2.4069765e-01;3.0750000e+02;1.7465049e-01;3.0750000e+02;1.2100237e-01;3.0750000e+02;7.4853621e-02;3.0750000e+02;3.2951646e-02;3.0750000e+02;-9.5695090e-03;3.0750000e+02;-5.2950248e-02;3.0750000e+02;-9.5070615e-02;3.0750000e+02;-1.3869116e-01;3.0750000e+02;-5.2848138e-02;3.0750000e+02;-9.8736696e-03;3.0750000e+02;5.3867295e-02;3.0750000e+02;1.3370459e-01;3.0750000e+02;2.1781790e-01;3.0750000e+02;2.6958331e-01;3.0750000e+02;2.8133228e-01;3.0750000e+02;3.2191744e-01;3.0750000e+02;3.1469876e-01;3.0750000e+02;2.4069765e-01;3.0750000e+02;1.7465049e-01;3.0750000e+02;1.2100237e-01;3.0750000e+02;7.4853621e-02;3.0750000e+02;3.2951646e-02;3.0750000e+02;-9.5695090e-03;3.0750000e+02;-5.2950248e-02;3.0750000e+02;-9.5070615e-02;3.0750000e+02;-1.3869116e-01;3.0750000e+02;-5.2848138e-02;3.0750000e+02;-9.8736696e-03;3.0750000e+02;5.3867295e-02;3.0750000e+02;1.3370459e-01;3.0750000e+02;2.1781790e-01;3.0750000e+02;2.6958331e-01;3.0750000e+02;2.8133228e-01;3.0750000e+02;3.2191744e-01;3.0750000e+02;3.1469876e-01;3.0750000e+02;2.4069765e-01;3.0750000e+02;1.7465049e-01;3.0750000e+02;1.2100237e-01;3.0750000e+02;7.4853621e-02;3.0750000e+02;3.2951646e-02;3.0750000e+02;-9.5695090e-03;3.0750000e+02;-5.2950248e-02;3.0750000e+02;-9.5070615e-02;3.0750000e+02;-1.3869116e-01;3.0750000e+02;-5.2848138e-02;3.0750000e+02;-9.8736696e-03;3.0750000e+02;5.3867295e-02;3.0750000e+02;1.3370459e-01;3.0750000e+02;2.1781790e-01;3.0750000e+02;2.6958331e-01;3.0750000e+02;2.8133228e-01;3.0750000e+02;3.2191744e-01;3.0750000e+02;3.1469876e-01;3.0750000e+02;2.4069765e-01;3.0750000e+02;1.7465049e-01;3.0750000e+02;1.2100237e-01;3.0750000e+02;7.4853621e-02;3.0750000e+02;3.2951646e-02;3.0750000e+02;-9.5695090e-03;3.0750000e+02;-5.2950248e-02;3.0750000e+02;-9.5070615e-02;3.0750000e+02;-1.3869116e-01;3.0750000e+02;-5.2848138e-02;3.0750000e+02;-9.8736696e-03;3.0750000e+02;5.3867295e-02;3.0750000e+02;1.3370459e-01;3.0750000e+02;2.1781790e-01;3.0750000e+02;2.6958331e-01;3.0750000e+02;2.8133228e-01;3.0750000e+02;3.2191744e-01;3.0750000e+02;3.1469876e-01;3.0750000e+02;2.4069765e-01;3.0750000e+02;1.7465049e-01;3.0750000e+02;1.2100237e-01;3.0750000e+02;7.4853621e-02;3.0750000e+02;3.2951646e-02;3.0750000e+02;-9.5695090e-03;3.0750000e+02;-5.2950248e-02;3.0750000e+02;-9.5070615e-02;3.0750000e+02;-1.3869116e-01;3.0750000e+02;-5.2848138e-02;3.0750000e+02;-9.8736696e-03;3.0750000e+02;5.3867295e-02;3.0750000e+02;1.3370459e-01;3.0750000e+02;2.1781790e-01;3.0750000e+02;2.6958331e-01;3.0750000e+02;2.8133228e-01;3.0750000e+02;3.2191744e-01;3.0750000e+02;3.1469876e-01;3.0750000e+02;2.4069765e-01;3.0750000e+02;1.7465049e-01;3.0750000e+02;1.2100237e-01;3.0750000e+02;7.4853621e-02;3.0750000e+02;3.2951646e-02;3.0750000e+02;-9.5695090e-03;3.0750000e+02;-5.2950248e-02;3.0750000e+02;-9.5070615e-02;3.0750000e+02;-1.3869116e-01;3.0750000e+02;-5.2848138e-02;3.0750000e+02;-9.8736696e-03;3.0750000e+02;5.3867295e-02;3.0750000e+02;1.3370459e-01;3.0750000e+02;2.1781790e-01;3.0750000e+02;2.6958331e-01;3.0750000e+02;2.8133228e-01;3.0750000e+02;3.2191744e-01;3.0750000e+02;3.1469876e-01;3.0750000e+02;2.4069765e-01;3.0750000e+02;1.7465049e-01;3.0750000e+02;1.2100237e-01;3.0750000e+02;7.4853621e-02;3.0750000e+02;3.2951646e-02;3.0750000e+02;-9.5695090e-03;3.0750000e+02;-5.2950248e-02;3.0750000e+02;-9.5070615e-02;3.0750000e+02;-1.3869116e-01;3.0750000e+02;-5.2848138e-02;3.0750000e+02;-9.8736696e-03;3.0750000e+02;5.3867295e-02;3.0750000e+02;1.3370459e-01;3.0750000e+02;2.1781790e-01;3.0750000e+02;2.6958331e-01;3.0750000e+02;2.8133228e-01;3.0750000e+02;3.2191744e-01;3.0750000e+02;3.1469876e-01;3.0750000e+02;2.4069765e-01;3.0750000e+02;1.7465049e-01;3.0750000e+02;1.2100237e-01;3.0750000e+02;7.4853621e-02;3.0750000e+02;3.2951646e-02;3.0750000e+02;-9.5695090e-03;3.0750000e+02;-5.2950248e-02;3.0750000e+02;-9.5070615e-02;3.0750000e+02;-1.3869116e-01;3.0750000e+02;-5.2848138e-02;3.0750000e+02;-9.8736696e-03;3.0750000e+02;5.3867295e-02;3.0750000e+02;1.3370459e-01;3.0750000e+02;2.1781790e-01;3.0750000e+02;2.6958331e-01;3.0750000e+02;2.8133228e-01;3.0750000e+02;3.2191744e-01;3.0750000e+02;3.1469876e-01;3.0750000e+02;2.4069765e-01;3.0750000e+02;1.7465049e-01;3.0750000e+02;1.2100237e-01;3.0750000e+02;7.4853621e-02;3.0750000e+02;3.2951646e-02;3.0750000e+02;-9.5695090e-03;3.0750000e+02;-5.2950248e-02;3.0750000e+02;-9.5070615e-02;3.0750000e+02;-1.3869116e-01;3.0750000e+02;-5.2848138e-02;3.0750000e+02;-9.8736696e-03;3.0750000e+02;5.3867295e-02;3.0750000e+02;1.3370459e-01;3.0750000e+02;2.1781790e-01;3.0750000e+02;2.6958331e-01;3.0750000e+02;2.8133228e-01;3.0750000e+02;3.2191744e-01;3.0750000e+02;3.1469876e-01;3.0750000e+02;2.4069765e-01;3.0750000e+02;1.7465049e-01;3.0750000e+02;1.2100237e-01;3.0750000e+02;7.4853621e-02;3.0750000e+02;3.2951646e-02;3.0750000e+02;-9.5695090e-03;3.0750000e+02;-5.2950248e-02;3.0750000e+02;-9.5070615e-02;3.0750000e+02;-1.3869116e-01;3.0750000e+02;-5.2848138e-02;3.0750000e+02;-9.8736696e-03;3.0750000e+02;5.3867295e-02;3.0750000e+02;1.3370459e-01;3.0750000e+02;2.1781790e-01;3.0750000e+02;2.6958331e-01;3.0750000e+02;2.8133228e-01;3.0750000e+02;3.2191744e-01;3.0750000e+02;3.1469876e-01;3.0750000e+02;2.4069765e-01;3.0750000e+02;1.7465049e-01;3.0750000e+02;1.2100237e-01;3.0750000e+02;7.4853621e-02;3.0750000e+02;3.2951646e-02;3.0750000e+02;-9.5695090e-03;3.0750000e+02;-5.2950248e-02;3.0750000e+02;-9.5070615e-02;3.0750000e+02;-1.3869116e-01;3.0750000e+02;-5.2848138e-02;3.0750000e+02;-9.8736696e-03;3.0750000e+02;5.3867295e-02;3.0750000e+02;1.3370459e-01;3.0750000e+02;2.1781790e-01;3.0750000e+02;2.6958331e-01;3.0750000e+02;2.8133228e-01;3.0750000e+02;3.2191744e-01;3.0750000e+02;3.1469876e-01;3.0750000e+02;2.4069765e-01;3.0750000e+02;1.7465049e-01;3.0750000e+02;1.2100237e-01;3.0750000e+02;7.4853621e-02;3.0750000e+02;3.2951646e-02;3.0750000e+02;-9.5695090e-03;3.0750000e+02;-5.2950248e-02;3.0750000e+02;-9.5070615e-02;3.0750000e+02;-1.3869116e-01;3.0750000e+02;-5.2848138e-02;3.0750000e+02;-9.8736696e-03;3.0750000e+02;5.3867295e-02;3.0750000e+02;1.3370459e-01;3.0750000e+02;2.1781790e-01;3.0750000e+02;2.6958331e-01;3.0750000e+02;2.8133228e-01;3.0750000e+02;3.2191744e-01;3.0750000e+02;3.1469876e-01;3.0750000e+02;2.4069765e-01;3.0750000e+02;1.7465049e-01;3.0750000e+02;1.2100237e-01;3.0750000e+02;7.4853621e-02;3.0750000e+02;3.2951646e-02;3.0750000e+02;-9.5695090e-03;3.0750000e+02;-5.2950248e-02;3.0750000e+02;-9.5070615e-02;3.0750000e+02;-1.3869116e-01;3.0750000e+02;-5.2848138e-02;3.0750000e+02;-9.8736696e-03;3.0750000e+02;5.3867295e-02;3.0750000e+02;1.3370459e-01;3.0750000e+02;2.1781790e-01;3.0750000e+02;2.6958331e-01;3.0750000e+02;2.8133228e-01;3.0750000e+02;3.2191744e-01;3.0750000e+02;3.1469876e-01;3.0750000e+02;2.4069765e-01;3.0750000e+02;1.7465049e-01;3.0750000e+02;1.2100237e-01;3.0750000e+02;7.4853621e-02;3.0750000e+02;3.2951646e-02;3.0750000e+02;-9.5695090e-03;3.0750000e+02;-5.2950248e-02;3.0750000e+02;-9.5070615e-02;3.0750000e+02;-1.3869116e-01
3.1250000e+02;-5.8351196e-02;3.1250000e+02;-1.6599640e-02;3.1250000e+02;4.4183187e-02;3.1250000e+02;1.1972595e-01;3.1250000e+02;2.0149000e-01;3.1250000e+02;2.5547194e-01;3.1250000e+02;2.7859071e-01;3.1250000e+02;3.1531924e-01;3.1250000e+02;3.1241241e-01;3.1250000e+02;2.3830758e-01;3.1250000e+02;1.6687088e-01;3.1250000e+02;1.0900486e-01;3.1250000e+02;6.1380070e-02;3.1250000e+02;1.8140554e-02;3.1250000e+02;-2.4031729e-02;3.1250000e+02;-6.6997617e-02;3.1250000e+02;-1.0884981e-01;3.1250000e+02;-1.5201043e-01;3.1250000e+02;-5.8351196e-02;3.1250000e+02;-1.6599640e-02;3.1250000e+02;4.4183187e-02;3.1250000e+02;1.1972595e-01;3.1250000e+02;2.0149000e-01;3.1250000e+02;2.5547194e-01;3.1250000e+02;2.7859071e-01;3.1250000e+02;3.1531924e-01;3.1250000e+02;3.1241241e-01;3.1250000e+02;2.3830758e-01;3.1250000e+02;1.6687088e-01;3.1250000e+02;1.0900486e-01;3.1250000e+02;6.1380070e-02;3.1250000e+02;1.8140554e-02;3.1250000e+02;-2.4031729e-02;3.1250000e+02;-6.6997617e-02;3.1250000e+02;-1.0884981e-01;3.1250000e+02;-1.5201043e-01;3.1250000e+02;-5.8351196e-02;3.1250000e+02;-1.6599640e-02;3.1250000e+02;4.4183187e-02;3.1250000e+02;1.1972595e-01;3.1250000e+02;2.0149000e-01;3.1250000e+02;2.5547194e-01;3.1250000e+02;2.7859071e-01;3.1250000e+02;3.1531924e-01;3.1250000e+02;3.1241241e-01;3.1250000e+02;2.3830758e-01;3.1250000e+02;1.6687088e-01;3.1250000e+02;1.0900486e-01;3.1250000e+02;6.1380070e-02;3.1250000e+02;1.8140554e-02;3.1250000e+02;-2.4031729e-02;3.1250000e+02;-6.6997617e-02;3.1250000e+02;-1.0884981e-01;3.1250000e+02;-1.5201043e-01;3.1250000e+02;-5.8351196e-02;3.1250000e+02;-1.6599640e-02;3.1250000e+02;4.4183187e-02;3.1250000e+02;1.1972595e-01;3.1250000e+02;2.0149000e-01;3.1250000e+02;2.5547194e-01;3.1250000e+02;2.7859071e-01;3.1250000e+02;3.1531924e-01;3.1250000e+02;3.1241241e-01;3.1250000e+02;2.3830758e-01;3.1250000e+02;1.6687088e-01;3.1250000e+02;1.0900486e-01;3.1250000e+02;6.1380070e-02;3.1250000e+02;1.8140554e-02;3.1250000e+02;-2.4031729e-02;3.1250000e+02;-6.6997617e-02;3.1250000e+02;-1.0884981e-01;3.1250000e+02;-1.5201043e-01;3.1250000e+02;-5.8351196e-02;3.1250000e+02;-1.6599640e-02;3.1250000e+02;4.4183187e-02;3.1250000e+02;1.1972595e-01;3.1250000e+02;2.0149000e-01;3.1250000e+02;2.5547194e-01;3.1250000e+02;2.7859071e-01;3.1250000e+02;3.1531924e-01;3.1250000e+02;3.1241241e-01;3.1250000e+02;2.3830758e-01;3.1250000e+02;1.6687088e-01;3.1250000e+02;1.0900486e-01;3.1250000e+02;6.1380070e-02;3.1250000e+02;1.8140554e-02;3.1250000e+02;-2.4031729e-02;3.1250000e+02;-6.6997617e-02;3.1250000e+02;-1.0884981e-01;3.1250000e+02;-1.5201043e-01;3.1250000e+02;-5.8351196e-02;3.1250000e+02;-1.6599640e-02;3.1250000e+02;4.4183187e-02;3.1250000e+02;1.1972595e-01;3.1250000e+02;2.0149000e-01;3.1250000e+02;2.5547194e-01;3.1250000e+02;2.7859071e-01;3.1250000e+02;3.1531924e-01;3.1250000e+02;3.1241241e-01;3.1250000e+02;2.3830758e-01;3.1250000e+02;1.6687088e-01;3.1250000e+02;1.0900486e-01;3.1250000e+02;6.1380070e-02;3.1250000e+02;1.8140554e-02;3.1250000e+02;-2.4031729e-02;3.1250000e+02;-6.6997617e-02;3.1250000e+02;-1.0884981e-01;3.1250000e+02;-1.5201043e-01;3.1250000e+02;-5.8351196e-02;3.1250000e+02;-1.6599640e-02;3.1250000e+02;4.4183187e-02;3.1250000e+02;1.1972595e-01;3.1250000e+02;2.0149000e-01;3.1250000e+02;2.5547194e-01;3.1250000e+02;2.7859071e-01;3.1250000e+02;3.1531924e-01;3.1250000e+02;3.1241241e-01;3.1250000e+02;2.3830758e-01;3.1250000e+02;1.6687088e-01;3.1250000e+02;1.0900486e-01;3.1250000e+02;6.1380070e-02;3.1250000e+02;1.8140554e-02;3.1250000e+02;-2.4031729e-02;3.1250000e+02;-6.6997617e-02;3.1250000e+02;-1.0884981e-01;3.1250000e+02;-1.5201043e-01;3.1250000e+02;-5.8351196e-02;3.1250000e+02;-1.6599640e-02;3.1250000e+02;4.4183187e-02;3.1250000e+02;1.1972595e-01;3.1250000e+02;2.0149000e-01;3.1250000e+02;2.5547194e-01;3.1250000e+02;2.7859071e-01;3.1250000e+02;3.1531924e-01;3.1250000e+02;3.1241241e-01;3.1250000e+02;2.3830758e-01;3.1250000e+02;1.6687088e-01;3.1250000e+02;1.0900486e-01;3.1250000e+02;6.1380070e-02;3.1250000e+02;1.8140554e-02;3.1250000e+02;-2.4031729e-02;3.1250000e+02;-6.6997617e-02;3.1250000e+02;-1.0884981e-01;3.1250000e+02;-1.5201043e-01;3.1250000e+02;-5.8351196e-02;3.1250000e+02;-1.6599640e-02;3.1250000e+02;4.4183187e-02;3.1250000e+02;1.1972595e-01;3.1250000e+02;2.0149000e-01;3.1250000e+02;2.5547194e-01;3.1250000e+02;2.7859071e-01;3.1250000e+02;3.1531924e-01;3.1250000e+02;3.1241241e-01;3.1250000e+02;2.3830758e-01;3.1250000e+02;1.6687088e-01;3.1250000e+02;1.0900486e-01;3.1250000e+02;6.1380070e-02;3.1250000e+02;1.8140554e-02;3.1250000e+02;-2.4031729e-02;3.1250000e+02;-6.6997617e-02;3.1250000e+02;-1.0884981e-01;3.1250000e+02;-1.5201043e-01;3.1250000e+02;-5.8351196e-02;3.1250000e+02;-1.6599640e-02;3.1250000e+02;4.4183187e-02;3.1250000e+02;1.1972595e-01;3.1250000e+02;2.0149000e-01;3.1250000e+02;2.5547194e-01;3.1250000e+02;2.7859071e-01;3.1250000e+02;3.1531924e-01;3.1250000e+02;3.1241241e-01;3.1250000e+02;2.3830758e-01;3.1250000e+02;1.6687088e-01;3.1250000e+02;1.0900486e-01;3.1250000e+02;6.1380070e-02;3.1250000e+02;1.8140554e-02;3.1250000e+02;-2.4031729e-02;3.1250000e+02;-6.6997617e-02;3.1250000e+02;-1.0884981e-01;3.1250000e+02;-1.5201043e-01;3.1250000e+02;-5.8351196e-02;3.1250000e+02;-1.6599640e-02;3.1250000e+02;4.4183187e-02;3.1250000e+02;1.1972595e-01;3.1250000e+02;2.0149000e-01;3.1250000e+02;2.5547194e-01;3.1250000e+02;2.7859071e-01;3.1250000e+02;3.1531924e-01;3.1250000e+02;3.1241241e-01;3.1250000e+02;2.3830758e-01;3.1250000e+02;1.6687088e-01;3.1250000e+02;1.0900486e-01;3.1250000e+02;6.1380070e-02;3.1250000e+02;1.8140554e-02;3.1250000e+02;-2.4031729e-02;3.1250000e+02;-6.6997617e-02;3.1250000e+02;-1.0884981e-01;3.1250000e+02;-1.5201043e-01;3.1250000e+02;-5.8351196e-02;3.1250000e+02;-1.6599640e-02;3.1250000e+02;4.4183187e-02;3.1250000e+02;1.1972595e-01;3.1250000e+02;2.0149000e-01;3.1250000e+02;2.5547194e-01;3.1250000e+02;2.7859071e-01;3.1250000e+02;3.1531924e-01;3.1250000e+02;3.1241241e-01;3.1250000e+02;2.3830758e-01;3.1250000e+02;1.6687088e-01;3.1250000e+02;1.0900486e-01;3.1250000e+02;6.1380070e-02;3.1250000e+02;1.8140554e-02;3.1250000e+02;-2.4031729e-02;3.1250000e+02;-6.6997617e-02;3.1250000e+02;-1.0884981e-01;3.1250000e+02;-1.5201043e-01;3.1250000e+02;-5.8351196e-02;3.1250000e+02;-1.6599640e-02;3.1250000e+02;4.4183187e-02;3.1250000e+02;1.1972595e-01;3.1250000e+02;2.0149000e-01;3.1250000e+02;2.5547194e-01;3.1250000e+02;2.7859071e-01;3.1250000e+02;3.1531924e-01;3.1250000e+02;3.1241241e-01;3.1250000e+02;2.3830758e-01;3.1250000e+02;1.6687088e-01;3.1250000e+02;1.0900486e-01;3.1250000e+02;6.1380070e-02;3.1250000e+02;1.8140554e-02;3.1250000e+02;-2.4031729e-02;3.1250000e+02;-6.6997617e-02;3.1250000e+02;-1.0884981e-01;3.1250000e+02;-1.5201043e-01;3.1250000e+02;-5.8351196e-02;3.1250000e+02;-1.6599640e-02;3.1250000e+02;4.4183187e-02;3.1250000e+02;1.1972595e-01;3.1250000e+02;2.0149000e-01;3.1250000e+02;2.5547194e-01;3.1250000e+02;2.7859071e-01;3.1250000e+02;3.1531924e-01;3.1250000e+02;3.1241241e-01;3.1250000e+02;2.3830758e-01;3.1250000e+02;1.6687088e-01;3.1250000e+02;1.0900486e-01;3.1250000e+02;6.1380070e-02;3.1250000e+02;1.8140554e-02;3.1250000e+02;-2.4031729e-02;3.1250000e+02;-6.6997617e-02;3.1250000e+02;-1.0884981e-01;3.1250000e+02;-1.5201043e-01;3.1250000e+02;-5.8351196e-02;3.1250000e+02;-1.6599640e-02;3.1250000e+02;4.4183187e-02;3.1250000e+02;1.1972595e-01;3.1250000e+02;2.0149000e-01;3.1250000e+02;2.5547194e-01;3.1250000e+02;2.7859071e-01;3.1250000e+02;3.1531924e-01;3.1250000e+02;3.1241241e-01;3.1250000e+02;2.3830758e-01;3.1250000e+02;1.6687088e-01;3.1250000e+02;1.0900486e-01;3.1250000e+02;6.1380070e-02;3.1250000e+02;1.8140554e-02;3.1250000e+02;-2.4031729e-02;3.1250000e+02;-6.6997617e-02;3.1250000e+02;-1.0884981e-01;3.1250000e+02;-1.5201043e-01;3.1250000e+02;-5.8351196e-02;3.1250000e+02;-1.6599640e-02;3.1250000e+02;4.4183187e-02;3.1250000e+02;1.1972595e-01;3.1250000e+02;2.0149000e-01;3.1250000e+02;2.5547194e-01;3.1250000e+02;2.7859071e-01;3.1250000e+02;3.1531924e-01;3.1250000e+02;3.1241241e-01;3.1250000e+02;2.3830758e-01;3.1250000e+02;1.6687088e-01;3.1250000e+02;1.0900486e-01;3.1250000e+02;6.1380070e-02;3.1250000e+02;1.8140554e-02;3.1250000e+02;-2.4031729e-02;3.1250000e+02;-6.6997617e-02;3.1250000e+02;-1.0884981e-01;3.1250000e+02;-1.5201043e-01;3.1250000e+02;-5.8351196e-02;3.1250000e+02;-1.6599640e-02;3.1250000e+02;4.4183187e-02;3.1250000e+02;1.1972595e-01;3.1250000e+02;2.0149000e-01;3.1250000e+02;2.5547194e-01;3.1250000e+02;2.7859071e-01;3.1250000e+02;3.1531924e-01;3.1250000e+02;3.1241241e-01;3.1250000e+02;2.3830758e-01;3.1250000e+02;1.6687088e-01;3.1250000e+02;1.0900486e-01;3.1250000e+02;6.1380070e-02;3.1250000e+02;1.8140554e-02;3.1250000e+02;-2.4031729e-02;3.1250000e+02;-6.6997617e-02;3.1250000e+02;-1.0884981e-01;3.1250000e+02;-1.5201043e-01;3.1250000e+02;-5.8351196e-02;3.1250000e+02;-1.6599640e-02;3.1250000e+02;4.4183187e-02;3.1250000e+02;1.1972595e-01;3.1250000e+02;2.0149000e-01;3.1250000e+02;2.5547194e-01;3.1250000e+02;2.7859071e-01;3.1250000e+02;3.1531924e-01;3.1250000e+02;3.1241241e-01;3.1250000e+02;2.3830758e-01;3.1250000e+02;1.6687088e-01;3.1250000e+02;1.0900486e-01;3.1250000e+02;6.1380070e-02;3.1250000e+02;1.8140554e-02;3.1250000e+02;-2.4031729e-02;3.1250000e+02;-6.6997617e-02;3.1250000e+02;-1.0884981e-01;3.1250000e+02;-1.5201043e-01;3.1250000e+02;-5.8351196e-02;3.1250000e+02;-1.6599640e-02;3.1250000e+02;4.4183187e-02;3.1250000e+02;1.1972595e-01;3.1250000e+02;2.0149000e-01;3.1250000e+02;2.5547194e-01;3.1250000e+02;2.7859071e-01;3.1250000e+02;3.1531924e-01;3.1250000e+02;3.1241241e-01;3.1250000e+02;2.3830758e-01;3.1250000e+02;1.6687088e-01;3.1250000e+02;1.0900486e-01;3.1250000e+02;6.1380070e-02;3.1250000e+02;1.8140554e-02;3.1250000e+02;-2.4031729e-02;3.1250000e+02;-6.6997617e-02;3.1250000e+02;-1.0884981e-01;3.1250000e+02;-1.5201043e-01;3.1250000e+02;-5.8351196e-02;3.1250000e+02;-1.6599640e-02;3.1250000e+02;4.4183187e-02;3.1250000e+02;1.1972595e-01;3.1250000e+02;2.0149000e-01;3.1250000e+02;2.5547194e-01;3.1250000e+02;2.7859071e-01;3.1250000e+02;3.1531924e-01;3.1250000e+02;3.1241241e-01;3.1250000e+02;2.3830758e-01;3.1250000e+02;1.6687088e-01;3.1250000e+02;1.0900486e-01;3.1250000e+02;6.1380070e-02;3.1250000e+02;1.8140554e-02;3.1250000e+02;-2.4031729e-02;3.1250000e+02;-6.6997617e-02;3.1250000e+02;-1.0884981e-01;3.1250000e+02;-1.5201043e-01;3.1250000e+02;-5.8351196e-02;3.1250000e+02;-1.6599640e-02;3.1250000e+02;4.4183187e-02;3.1250000e+02;1.1972595e-01;3.1250000e+02;2.0149000e-01;3.1250000e+02;2.5547194e-01;3.1250000e+02;2.7859071e-01;3.1250000e+02;3.1531924e-01;3.1250000e+02;3.1241241e-01;3.1250000e+02;2.3830758e-01;3.1250000e+02;1.6687088e-01;3.1250000e+02;1.0900486e-01;3.1250000e+02;6.1380070e-02;3.1250000e+02;1.8140554e-02;3.1250000e+02;-2.4031729e-02;3.1250000e+02;-6.6997617e-02;3.1250000e+02;-1.0884981e-01;3.1250000e+02;-1.5201043e-01;3.1250000e+02;-5.8351196e-02;3.1250000e+02;-1.6599640e-02;3.1250000e+02;4.4183187e-02;3.1250000e+02;1.1972595e-01;3.1250000e+02;2.0149000e-01;3.1250000e+02;2.5547194e-01;3.1250000e+02;2.7859071e-01;3.1250000e+02;3.1531924e-01;3.1250000e+02;3.1241241e-01;3.1250000e+02;2.3830758e-01;3.1250000e+02;1.6687088e-01;3.1250000e+02;1.0900486e-01;3.1250000e+02;6.1380070e-02;3.1250000e+02;1.8140554e-02;3.1250000e+02;-2.4031729e-02;3.1250000e+02;-6.6997617e-02;3.1250000e+02;-1.0884981e-01;3.1250000e+02;-1.5201043e-01;3.1250000e+02;-5.8351196e-02;3.1250000e+02;-1.6599640e-02;3.1250000e+02;4.4183187e-02;3.1250000e+02;1.1972595e-01;3.1250000e+02;2.0149000e-01;3.1250000e+02;2.5547194e-01;3.1250000e+02;2.7859071e-01;3.1250000e+02;3.1531924e-01;3.1250000e+02;3.1241241e-01;3.1250000e+02;2.3830758e-01;3.1250000e+02;1.6687088e-01;3.1250000e+02;1.0900486e-01;3.1250000e+02;6.1380070e-02;3.1250000e+02;1.8140554e-02;3.1250000e+02;-2.4031729e-02;3.1250000e+02;-6.6997617e-02;3.1250000e+02;-1.0884981e-01;3.1250000e+02;-1.5201043e-01;3.1250000e+02;-5.8351196e-02;3.1250000e+02;-1.6599640e-02;3.1250000e+02;4.4183187e-02;3.1250000e+02;1.1972595e-01;3.1250000e+02;2.0149000e-01;3.1250000e+02;2.5547194e-01;3.1250000e+02;2.7859071e-01;3.1250000e+02;3.1531924e-01;3.1250000e+02;3.1241241e-01;3.1250000e+02;2.3830758e-01;3.1250000e+02;1.6687088e-01;3.1250000e+02;1.0900486e-01;3.1250000e+02;6.1380070e-02;3.1250000e+02;1.8140554e-02;3.1250000e+02;-2.4031729e-02;3.1250000e+02;-6.6997617e-02;3.1250000e+02;-1.0884981e-01;3.1250000e+02;-1.5201043e-01;3.1250000e+02;-5.8351196e-02;3.1250000e+02;-1.6599640e-02;3.1250000e+02;4.4183187e-02;3.1250000e+02;1.1972595e-01;3.1250000e+02;2.0149000e-01;3.1250000e+02;2.5547194e-01;3.1250000e+02;2.7859071e-01;3.1250000e+02;3.1531924e-01;3.1250000e+02;3.1241241e-01;3.1250000e+02;2.3830758e-01;3.1250000e+02;1.6687088e-01;3.1250000e+02;1.0900486e-01;3.1250000e+02;6.1380070e-02;3.1250000e+02;1.8140554e-02;3.1250000e+02;-2.4031729e-02;3.1250000e+02;-6.6997617e-02;3.1250000e+02;-1.0884981e-01;3.1250000e+02;-1.5201043e-01;3.1250000e+02;-5.8351196e-02;3.1250000e+02;-1.6599640e-02;3.1250000e+02;4.4183187e-02;3.1250000e+02;1.1972595e-01;3.1250000e+02;2.0149000e-01;3.1250000e+02;2.5547194e-01;3.1250000e+02;2.7859071e-01;3.1250000e+02;3.1531924e-01;3.1250000e+02;3.1241241e-01;3.1250000e+02;2.3830758e-01;3.1250000e+02;1.6687088e-01;3.1250000e+02;1.0900486e-01;3.1250000e+02;6.1380070e-02;3.1250000e+02;1.8140554e-02;3.1250000e+02;-2.4031729e-02;3.1250000e+02;-6.6997617e-02;3.1250000e+02;-1.0884981e-01;3.1250000e+02;-1.5201043e-01;3.1250000e+02;-5.8351196e-02;3.1250000e+02;-1.6599640e-02;3.1250000e+02;4.4183187e-02;3.1250000e+02;1.1972595e-01;3.1250000e+02;2.0149000e-01;3.1250000e+02;2.5547194e-01;3.1250000e+02;2.7859071e-01;3.1250000e+02;3.1531924e-01;3.1250000e+02;3.1241241e-01;3.1250000e+02;2.3830758e-01;3.1250000e+02;1.6687088e-01;3.1250000e+02;1.0900486e-01;3.1250000e+02;6.1380070e-02;3.1250000e+02;1.8140554e-02;3.1250000e+02;-2.4031729e-02;3.1250000e+02;-6.6997617e-02;3.1250000e+02;-1.0884981e-01;3.1250000e+02;-1.5201043e-01;3.1250000e+02;-5.8351196e-02;3.1250000e+02;-1.6599640e-02;3.1250000e+02;4.4183187e-02;3.1250000e+02;1.1972595e-01;3.1250000e+02;2.0149000e-01;3.1250000e+02;2.5547194e-01;3.1250000e+02;2.7859071e-01;3.1250000e+02;3.1531924e-01;3.1250000e+02;3.1241241e-01;3.1250000e+02;2.3830758e-01;3.1250000e+02;1.6687088e-01;3.1250000e+02;1.0900486e-01;3.1250000e+02;6.1380070e-02;3.1250000e+02;1.8140554e-02;3.1250000e+02;-2.4031729e-02;3.1250000e+02;-6.6997617e-02;3.1250000e+02;-1.0884981e-01;3.1250000e+02;-1.5201043e-01;3.1250000e+02;-5.8351196e-02;3.1250000e+02;-1.6599640e-02;3.1250000e+02;4.4183187e-02;3.1250000e+02;1.1972595e-01;3.1250000e+02;2.0149000e-01;3.1250000e+02;2.5547194e-01;3.1250000e+02;2.7859071e-01;3.1250000e+02;3.1531924e-01;3.1250000e+02;3.1241241e-01;3.1250000e+02;2.3830758e-01;3.1250000e+02;1.6687088e-01;3.1250000e+02;1.0900486e-01;3.1250000e+02;6.1380070e-02;3.1250000e+02;1.8140554e-02;3.1250000e+02;-2.4031729e-02;3.1250000e+02;-6.6997617e-02;3.1250000e+02;-1.0884981e-01;3.1250000e+02;-1.5201043e-01;3.1250000e+02;-5.8351196e-02;3.1250000e+02;-1.6599640e-02;3.1250000e+02;4.4183187e-02;3.1250000e+02;1.1972595e-01;3.1250000e+02;2.0149000e-01;3.1250000e+02;2.5547194e-01;3.1250000e+02;2.7859071e-01;3.1250000e+02;3.1531924e-01;3.1250000e+02;3.1241241e-01;3.1250000e+02;2.3830758e-01;3.1250000e+02;1.6687088e-01;3.1250000e+02;1.0900486e-01;3.1250000e+02;6.1380070e-02;3.1250000e+02;1.8140554e-02;3.1250000e+02;-2.4031729e-02;3.1250000e+02;-6.6997617e-02;3.1250000e+02;-1.0884981e-01;3.1250000e+02;-1.5201043e-01;3.1250000e+02;-5.8351196e-02;3.1250000e+02;-1.6599640e-02;3.1250000e+02;4.4183187e-02;3.1250000e+02;1.1972595e-01;3.1250000e+02;2.0149000e-01;3.1250000e+02;2.5547194e-01;3.1250000e+02;2.7859071e-01;3.1250000e+02;3.1531924e-01;3.1250000e+02;3.1241241e-01;3.1250000e+02;2.3830758e-01;3.1250000e+02;1.6687088e-01;3.1250000e+02;1.0900486e-01;3.1250000e+02;6.1380070e-02;3.1250000e+02;1.8140554e-02;3.1250000e+02;-2.4031729e-02;3.1250000e+02;-6.6997617e-02;3.1250000e+02;-1.0884981e-01;3.1250000e+02;-1.5201043e-01;3.1250000e+02;-5.8351196e-02;3.1250000e+02;-1.6599640e-02;3.1250000e+02;4.4183187e-02;3.1250000e+02;1.1972595e-01;3.1250000e+02;2.0149000e-01;3.1250000e+02;2.5547194e-01;3.1250000e+02;2.7859071e-01;3.1250000e+02;3.1531924e-01;3.1250000e+02;3.1241241e-01;3.1250000e+02;2.3830758e-01;3.1250000e+02;1.6687088e-01;3.1250000e+02;1.0900486e-01;3.1250000e+02;6.1380070e-02;3.1250000e+02;1.8140554e-02;3.1250000e+02;-2.4031729e-02;3.1250000e+02;-6.6997617e-02;3.1250000e+02;-1.0884981e-01;3.1250000e+02;-1.5201043e-01;3.1250000e+02;-5.8351196e-02;3.1250000e+02;-1.6599640e-02;3.1250000e+02;4.4183187e-02;3.1250000e+02;1.1972595e-01;3.1250000e+02;2.0149000e-01;3.1250000e+02;2.5547194e-01;3.1250000e+02;2.7859071e-01;3.1250000e+02;3.1531924e-01;3.1250000e+02;3.1241241e-01;3.1250000e+02;2.3830758e-01;3.1250000e+02;1.6687088e-01;3.1250000e+02;1.0900486e-01;3.1250000e+02;6.1380070e-02;3.1250000e+02;1.8140554e-02;3.1250000e+02;-2.4031729e-02;3.1250000e+02;-6.6997617e-02;3.1250000e+02;-1.0884981e-01;3.1250000e+02;-1.5201043e-01;3.1250000e+02;-5.8351196e-02;3.1250000e+02;-1.6599640e-02;3.1250000e+02;4.4183187e-02;3.1250000e+02;1.1972595e-01;3.1250000e+02;2.0149000e-01;3.1250000e+02;2.5547194e-01;3.1250000e+02;2.7859071e-01;3.1250000e+02;3.1531924e-01;3.1250000e+02;3.1241241e-01;3.1250000e+02;2.3830758e-01;3.1250000e+02;1.6687088e-01;3.1250000e+02;1.0900486e-01;3.1250000e+02;6.1380070e-02;3.1250000e+02;1.8140554e-02;3.1250000e+02;-2.4031729e-02;3.1250000e+02;-6.6997617e-02;3.1250000e+02;-1.0884981e-01;3.1250000e+02;-1.5201043e-01;3.1250000e+02;-5.8351196e-02;3.1250000e+02;-1.6599640e-02;3.1250000e+02;4.4183187e-02;3.1250000e+02;1.1972595e-01;3.1250000e+02;2.0149000e-01;3.1250000e+02;2.5547194e-01;3.1250000e+02;2.7859071e-01;3.1250000e+02;3.1531924e-01;3.1250000e+02;3.1241241e-01;3.1250000e+02;2.3830758e-01;3.1250000e+02;1.6687088e-01;3.1250000e+02;1.0900486e-01;3.1250000e+02;6.1380070e-02;3.1250000e+02;1.8140554e-02;3.1250000e+02;-2.4031729e-02;3.1250000e+02;-6.6997617e-02;3.1250000e+02;-1.0884981e-01;3.1250000e+02;-1.5201043e-01;3.1250000e+02;-5.8351196e-02;3.1250000e+02;-1.6599640e-02;3.1250000e+02;4.4183187e-02;3.1250000e+02;1.1972595e-01;3.1250000e+02;2.0149000e-01;3.1250000e+02;2.5547194e-01;3.1250000e+02;2.7859071e-01;3.1250000e+02;3.1531924e-01;3.1250000e+02;3.1241241e-01;3.1250000e+02;2.3830758e-01;3.1250000e+02;1.6687088e-01;3.1250000e+02;1.0900486e-01;3.1250000e+02;6.1380070e-02;3.1250000e+02;1.8140554e-02;3.1250000e+02;-2.4031729e-02;3.1250000e+02;-6.6997617e-02;3.1250000e+02;-1.0884981e-01;3.1250000e+02;-1.5201043e-01;3.1250000e+02;-5.8351196e-02;3.1250000e+02;-1.6599640e-02;3.1250000e+02;4.4183187e-02;3.1250000e+02;1.1972595e-01;3.1250000e+02;2.0149000e-01;3.1250000e+02;2.5547194e-01;3.1250000e+02;2.7859071e-01;3.1250000e+02;3.1531924e-01;3.1250000e+02;3.1241241e-01;3.1250000e+02;2.3830758e-01;3.1250000e+02;1.6687088e-01;3.1250000e+02;1.0900486e-01;3.1250000e+02;6.1380070e-02;3.1250000e+02;1.8140554e-02;3.1250000e+02;-2.4031729e-02;3.1250000e+02;-6.6997617e-02;3.1250000e+02;-1.0884981e-01;3.1250000e+02;-1.5201043e-01;3.1250000e+02;-5.8351196e-02;3.1250000e+02;-1.6599640e-02;3.1250000e+02;4.4183187e-02;3.1250000e+02;1.1972595e-01;3.1250000e+02;2.0149000e-01;3.1250000e+02;2.5547194e-01;3.1250000e+02;2.7859071e-01;3.1250000e+02;3.1531924e-01;3.1250000e+02;3.1241241e-01;3.1250000e+02;2.3830758e-01;3.1250000e+02;1.6687088e-01;3.1250000e+02;1.0900486e-01;3.1250000e+02;6.1380070e-02;3.1250000e+02;1.8140554e-02;3.1250000e+02;-2.4031729e-02;3.1250000e+02;-6.6997617e-02;3.1250000e+02;-1.0884981e-01;3.1250000e+02;-1.5201043e-01;3.1250000e+02;-5.8351196e-02;3.1250000e+02;-1.6599640e-02;3.1250000e+02;4.4183187e-02;3.1250000e+02;1.1972595e-01;3.1250000e+02;2.0149000e-01;3.1250000e+02;2.5547194e-01;3.1250000e+02;2.7859071e-01;3.1250000e+02;3.1531924e-01;3.1250000e+02;3.1241241e-01;3.1250000e+02;2.3830758e-01;3.1250000e+02;1.6687088e-01;3.1250000e+02;1.0900486e-01;3.1250000e+02;6.1380070e-02;3.1250000e+02;1.8140554e-02;3.1250000e+02;-2.4031729e-02;3.1250000e+02;-6.6997617e-02;3.1250000e+02;-1.0884981e-01;3.1250000e+02;-1.5201043e-01;3.1250000e+02;-5.8351196e-02;3.1250000e+02;-1.6599640e-02;3.1250000e+02;4.4183187e-02;3.1250000e+02;1.1972595e-01;3.1250000e+02;2.0149000e-01;3.1250000e+02;2.5547194e-01;3.1250000e+02;2.7859071e-01;3.1250000e+02;3.1531924e-01;3.1250000e+02;3.1241241e-01;3.1250000e+02;2.3830758e-01;3.1250000e+02;1.6687088e-01;3.1250000e+02;1.0900486e-01;3.1250000e+02;6.1380070e-02;3.1250000e+02;1.8140554e-02;3.1250000e+02;-2.4031729e-02;3.1250000e+02;-6.6997617e-02;3.1250000e+02;-1.0884981e-01;3.1250000e+02;-1.5201043e-01;3.1250000e+02;-5.8351196e-02;3.1250000e+02;-1.6599640e-02;3.1250000e+02;4.4183187e-02;3.1250000e+02;1.1972595e-01;3.1250000e+02;2.0149000e-01;3.1250000e+02;2.5547194e-01;3.1250000e+02;2.7859071e-01;3.1250000e+02;3.1531924e-01;3.1250000e+02;3.1241241e-01;3.1250000e+02;2.3830758e-01;3.1250000e+02;1.6687088e-01;3.1250000e+02;1.0900486e-01;3.1250000e+02;6.1380070e-02;3.1250000e+02;1.8140554e-02;3.1250000e+02;-2.4031729e-02;3.1250000e+02;-6.6997617e-02;3.1250000e+02;-1.0884981e-01;3.1250000e+02;-1.5201043e-01;3.1250000e+02;-5.8351196e-02;3.1250000e+02;-1.6599640e-02;3.1250000e+02;4.4183187e-02;3.1250000e+02;1.1972595e-01;3.1250000e+02;2.0149000e-01;3.1250000e+02;2.5547194e-01;3.1250000e+02;2.7859071e-01;3.1250000e+02;3.1531924e-01;3.1250000e+02;3.1241241e-01;3.1250000e+02;2.3830758e-01;3.1250000e+02;1.6687088e-01;3.1250000e+02;1.0900486e-01;3.1250000e+02;6.1380070e-02;3.1250000e+02;1.8140554e-02;3.1250000e+02;-2.4031729e-02;3.1250000e+02;-6.6997617e-02;3.1250000e+02;-1.0884981e-01;3.1250000e+02;-1.5201043e-01;3.1250000e+02;-5.8351196e-02;3.1250000e+02;-1.6599640e-02;3.1250000e+02;4.4183187e-02;3.1250000e+02;1.1972595e-01;3.1250000e+02;2.0149000e-01;3.1250000e+02;2.5547194e-01;3.1250000e+02;2.7859071e-01;3.1250000e+02;3.1531924e-01;3.1250000e+02;3.1241241e-01;3.1250000e+02;2.3830758e-01;3.1250000e+02;1.6687088e-01;3.1250000e+02;1.0900486e-01;3.1250000e+02;6.1380070e-02;3.1250000e+02;1.8140554e-02;3.1250000e+02;-2.4031729e-02;3.1250000e+02;-6.6997617e-02;3.1250000e+02;-1.0884981e-01;3.1250000e+02;-1.5201043e-01;3.1250000e+02;-5.8351196e-02;3.1250000e+02;-1.6599640e-02;3.1250000e+02;4.4183187e-02;3.1250000e+02;1.1972595e-01;3.1250000e+02;2.0149000e-01;3.1250000e+02;2.5547194e-01;3.1250000e+02;2.7859071e-01;3.1250000e+02;3.1531924e-01;3.1250000e+02;3.1241241e-01;3.1250000e+02;2.3830758e-01;3.1250000e+02;1.6687088e-01;3.1250000e+02;1.0900486e-01;3.1250000e+02;6.1380070e-02;3.1250000e+02;1.8140554e-02;3.1250000e+02;-2.4031729e-02;3.1250000e+02;-6.6997617e-02;3.1250000e+02;-1.0884981e-01;3.1250000e+02;-1.5201043e-01;3.1250000e+02;-5.8351196e-02;3.1250000e+02;-1.6599640e-02;3.1250000e+02;4.4183187e-02;3.1250000e+02;1.1972595e-01;3.1250000e+02;2.0149000e-01;3.1250000e+02;2.5547194e-01;3.1250000e+02;2.7859071e-01;3.1250000e+02;3.1531924e-01;3.1250000e+02;3.1241241e-01;3.1250000e+02;2.3830758e-01;3.1250000e+02;1.6687088e-01;3.1250000e+02;1.0900486e-01;3.1250000e+02;6.1380070e-02;3.1250000e+02;1.8140554e-02;3.1250000e+02;-2.4031729e-02;3.1250000e+02;-6.6997617e-02;3.1250000e+02;-1.0884981e-01;3.1250000e+02;-1.5201043e-01;3.1250000e+02;-5.8351196e-02;3.1250000e+02;-1.6599640e-02;3.1250000e+02;4.4183187e-02;3.1250000e+02;1.1972595e-01;3.1250000e+02;2.0149000e-01;3.1250000e+02;2.5547194e-01;3.1250000e+02;2.7859071e-01;3.1250000e+02;3.1531924e-01;3.1250000e+02;3.1241241e-01;3.1250000e+02;2.3830758e-01;3.1250000e+02;1.6687088e-01;3.1250000e+02;1.0900486e-01;3.1250000e+02;6.1380070e-02;3.1250000e+02;1.8140554e-02;3.1250000e+02;-2.4031729e-02;3.1250000e+02;-6.6997617e-02;3.1250000e+02;-1.0884981e-01;3.1250000e+02;-1.5201043e-01;3.1250000e+02;-5.8351196e-02;3.1250000e+02;-1.6599640e-02;3.1250000e+02;4.4183187e-02;3.1250000e+02;1.1972595e-01;3.1250000e+02;2.0149000e-01;3.1250000e+02;2.5547194e-01;3.1250000e+02;2.7859071e-01;3.1250000e+02;3.1531924e-01;3.1250000e+02;3.1241241e-01;3.1250000e+02;2.3830758e-01;3.1250000e+02;1.6687088e-01;3.1250000e+02;1.0900486e-01;3.1250000e+02;6.1380070e-02;3.1250000e+02;1.8140554e-02;3.1250000e+02;-2.4031729e-02;3.1250000e+02;-6.6997617e-02;3.1250000e+02;-1.0884981e-01;3.1250000e+02;-1.5201043e-01;3.1250000e+02;-5.8351196e-02;3.1250000e+02;-1.6599640e-02;3.1250000e+02;4.4183187e-02;3.1250000e+02;1.1972595e-01;3.1250000e+02;2.0149000e-01;3.1250000e+02;2.5547194e-01;3.1250000e+02;2.7859071e-01;3.1250000e+02;3.1531924e-01;3.1250000e+02;3.1241241e-01;3.1250000e+02;2.3830758e-01;3.1250000e+02;1.6687088e-01;3.1250000e+02;1.0900486e-01;3.1250000e+02;6.1380070e-02;3.1250000e+02;1.8140554e-02;3.1250000e+02;-2.4031729e-02;3.1250000e+02;-6.6997617e-02;3.1250000e+02;-1.0884981e-01;3.1250000e+02;-1.5201043e-01;3.1250000e+02;-5.8351196e-02;3.1250000e+02;-1.6599640e-02;3.1250000e+02;4.4183187e-02;3.1250000e+02;1.1972595e-01;3.1250000e+02;2.0149000e-01;3.1250000e+02;2.5547194e-01;3.1250000e+02;2.7859071e-01;3.1250000e+02;3.1531924e-01;3.1250000e+02;3.1241241e-01;3.1250000e+02;2.3830758e-01;3.1250000e+02;1.6687088e-01;3.1250000e+02;1.0900486e-01;3.1250000e+02;6.1380070e-02;3.1250000e+02;1.8140554e-02;3.1250000e+02;-2.4031729e-02;3.1250000e+02;-6.6997617e-02;3.1250000e+02;-1.0884981e-01;3.1250000e+02;-1.5201043e-01;3.1250000e+02;-5.8351196e-02;3.1250000e+02;-1.6599640e-02;3.1250000e+02;4.4183187e-02;3.1250000e+02;1.1972595e-01;3.1250000e+02;2.0149000e-01;3.1250000e+02;2.5547194e-01;3.1250000e+02;2.7859071e-01;3.1250000e+02;3.1531924e-01;3.1250000e+02;3.1241241e-01;3.1250000e+02;2.3830758e-01;3.1250000e+02;1.6687088e-01;3.1250000e+02;1.0900486e-01;3.1250000e+02;6.1380070e-02;3.1250000e+02;1.8140554e-02;3.1250000e+02;-2.4031729e-02;3.1250000e+02;-6.6997617e-02;3.1250000e+02;-1.0884981e-01;3.1250000e+02;-1.5201043e-01;3.1250000e+02;-5.8351196e-02;3.1250000e+02;-1.6599640e-02;3.1250000e+02;4.4183187e-02;3.1250000e+02;1.1972595e-01;3.1250000e+02;2.0149000e-01;3.1250000e+02;2.5547194e-01;3.1250000e+02;2.7859071e-01;3.1250000e+02;3.1531924e-01;3.1250000e+02;3.1241241e-01;3.1250000e+02;2.3830758e-01;3.1250000e+02;1.6687088e-01;3.1250000e+02;1.0900486e-01;3.1250000e+02;6.1380070e-02;3.1250000e+02;1.8140554e-02;3.1250000e+02;-2.4031729e-02;3.1250000e+02;-6.6997617e-02;3.1250000e+02;-1.0884981e-01;3.1250000e+02;-1.5201043e-01;3.1250000e+02;-5.8351196e-02;3.1250000e+02;-1.6599640e-02;3.1250000e+02;4.4183187e-02;3.1250000e+02;1.1972595e-01;3.1250000e+02;2.0149000e-01;3.1250000e+02;2.5547194e-01;3.1250000e+02;2.7859071e-01;3.1250000e+02;3.1531924e-01;3.1250000e+02;3.1241241e-01;3.1250000e+02;2.3830758e-01;3.1250000e+02;1.6687088e-01;3.1250000e+02;1.0900486e-01;3.1250000e+02;6.1380070e-02;3.1250000e+02;1.8140554e-02;3.1250000e+02;-2.4031729e-02;3.1250000e+02;-6.6997617e-02;3.1250000e+02;-1.0884981e-01;3.1250000e+02;-1.5201043e-01;3.1250000e+02;-5.8351196e-02;3.1250000e+02;-1.6599640e-02;3.1250000e+02;4.4183187e-02;3.1250000e+02;1.1972595e-01;3.1250000e+02;2.0149000e-01;3.1250000e+02;2.5547194e-01;3.1250000e+02;2.7859071e-01;3.1250000e+02;3.1531924e-01;3.1250000e+02;3.1241241e-01;3.1250000e+02;2.3830758e-01;3.1250000e+02;1.6687088e-01;3.1250000e+02;1.0900486e-01;3.1250000e+02;6.1380070e-02;3.1250000e+02;1.8140554e-02;3.1250000e+02;-2.4031729e-02;3.1250000e+02;-6.6997617e-02;3.1250000e+02;-1.0884981e-01;3.1250000e+02;-1.5201043e-01;3.1250000e+02;-5.8351196e-02;3.1250000e+02;-1.6599640e-02;3.1250000e+02;4.4183187e-02;3.1250000e+02;1.1972595e-01;3.1250000e+02;2.0149000e-01;3.1250000e+02;2.5547194e-01;3.1250000e+02;2.7859071e-01;3.1250000e+02;3.1531924e-01;3.1250000e+02;3.1241241e-01;3.1250000e+02;2.3830758e-01;3.1250000e+02;1.6687088e-01;3.1250000e+02;1.0900486e-01;3.1250000e+02;6.1380070e-02;3.1250000e+02;1.8140554e-02;3.1250000e+02;-2.4031729e-02;3.1250000e+02;-6.6997617e-02;3.1250000e+02;-1.0884981e-01;3.1250000e+02;-1.5201043e-01;3.1250000e+02;-5.8351196e-02;3.1250000e+02;-1.6599640e-02;3.1250000e+02;4.4183187e-02;3.1250000e+02;1.1972595e-01;3.1250000e+02;2.0149000e-01;3.1250000e+02;2.5547194e-01;3.1250000e+02;2.7859071e-01;3.1250000e+02;3.1531924e-01;3.1250000e+02;3.1241241e-01;3.1250000e+02;2.3830758e-01;3.1250000e+02;1.6687088e-01;3.1250000e+02;1.0900486e-01;3.1250000e+02;6.1380070e-02;3.1250000e+02;1.8140554e-02;3.1250000e+02;-2.4031729e-02;3.1250000e+02;-6.6997617e-02;3.1250000e+02;-1.0884981e-01;3.1250000e+02;-1.5201043e-01;3.1250000e+02;-5.8351196e-02;3.1250000e+02;-1.6599640e-02;3.1250000e+02;4.4183187e-02;3.1250000e+02;1.1972595e-01;3.1250000e+02;2.0149000e-01;3.1250000e+02;2.5547194e-01;3.1250000e+02;2.7859071e-01;3.1250000e+02;3.1531924e-01;3.1250000e+02;3.1241241e-01;3.1250000e+02;2.3830758e-01;3.1250000e+02;1.6687088e-01;3.1250000e+02;1.0900486e-01;3.1250000e+02;6.1380070e-02;3.1250000e+02;1.8140554e-02;3.1250000e+02;-2.4031729e-02;3.1250000e+02;-6.6997617e-02;3.1250000e+02;-1.0884981e-01;3.1250000e+02;-1.5201043e-01;3.1250000e+02;-5.8351196e-02;3.1250000e+02;-1.6599640e-02;3.1250000e+02;4.4183187e-02;3.1250000e+02;1.1972595e-01;3.1250000e+02;2.0149000e-01;3.1250000e+02;2.5547194e-01;3.1250000e+02;2.7859071e-01;3.1250000e+02;3.1531924e-01;3.1250000e+02;3.1241241e-01;3.1250000e+02;2.3830758e-01;3.1250000e+02;1.6687088e-01;3.1250000e+02;1.0900486e-01;3.1250000e+02;6.1380070e-02;3.1250000e+02;1.8140554e-02;3.1250000e+02;-2.4031729e-02;3.1250000e+02;-6.6997617e-02;3.1250000e+02;-1.0884981e-01;3.1250000e+02;-1.5201043e-01;3.1250000e+02;-5.8351196e-02;3.1250000e+02;-1.6599640e-02;3.1250000e+02;4.4183187e-02;3.1250000e+02;1.1972595e-01;3.1250000e+02;2.0149000e-01;3.1250000e+02;2.5547194e-01;3.1250000e+02;2.7859071e-01;3.1250000e+02;3.1531924e-01;3.1250000e+02;3.1241241e-01;3.1250000e+02;2.3830758e-01;3.1250000e+02;1.6687088e-01;3.1250000e+02;1.0900486e-01;3.1250000e+02;6.1380070e-02;3.1250000e+02;1.8140554e-02;3.1250000e+02;-2.4031729e-02;3.1250000e+02;-6.6997617e-02;3.1250000e+02;-1.0884981e-01;3.1250000e+02;-1.5201043e-01;3.1250000e+02;-5.8351196e-02;3.1250000e+02;-1.6599640e-02;3.1250000e+02;4.4183187e-02;3.1250000e+02;1.1972595e-01;3.1250000e+02;2.0149000e-01;3.1250000e+02;2.5547194e-01;3.1250000e+02;2.7859071e-01;3.1250000e+02;3.1531924e-01;3.1250000e+02;3.1241241e-01;3.1250000e+02;2.3830758e-01;3.1250000e+02;1.6687088e-01;3.1250000e+02;1.0900486e-01;3.1250000e+02;6.1380070e-02;3.1250000e+02;1.8140554e-02;3.1250000e+02;-2.4031729e-02;3.1250000e+02;-6.6997617e-02;3.1250000e+02;-1.0884981e-01;3.1250000e+02;-1.5201043e-01;3.1250000e+02;-5.8351196e-02;3.1250000e+02;-1.6599640e-02;3.1250000e+02;4.4183187e-02;3.1250000e+02;1.1972595e-01;3.1250000e+02;2.0149000e-01;3.1250000e+02;2.5547194e-01;3.1250000e+02;2.7859071e-01;3.1250000e+02;3.1531924e-01;3.1250000e+02;3.1241241e-01;3.1250000e+02;2.3830758e-01;3.1250000e+02;1.6687088e-01;3.1250000e+02;1.0900486e-01;3.1250000e+02;6.1380070e-02;3.1250000e+02;1.8140554e-02;3.1250000e+02;-2.4031729e-02;3.1250000e+02;-6.6997617e-02;3.1250000e+02;-1.0884981e-01;3.1250000e+02;-1.5201043e-01;3.1250000e+02;-5.8351196e-02;3.1250000e+02;-1.6599640e-02;3.1250000e+02;4.4183187e-02;3.1250000e+02;1.1972595e-01;3.1250000e+02;2.0149000e-01;3.1250000e+02;2.5547194e-01;3.1250000e+02;2.7859071e-01;3.1250000e+02;3.1531924e-01;3.1250000e+02;3.1241241e-01;3.1250000e+02;2.3830758e-01;3.1250000e+02;1.6687088e-01;3.1250000e+02;1.0900486e-01;3.1250000e+02;6.1380070e-02;3.1250000e+02;1.8140554e-02;3.1250000e+02;-2.4031729e-02;3.1250000e+02;-6.6997617e-02;3.1250000e+02;-1.0884981e-01;3.1250000e+02;-1.5201043e-01;3.1250000e+02;-5.8351196e-02;3.1250000e+02;-1.6599640e-02;3.1250000e+02;4.4183187e-02;3.1250000e+02;1.1972595e-01;3.1250000e+02;2.0149000e-01;3.1250000e+02;2.5547194e-01;3.1250000e+02;2.7859071e-01;3.1250000e+02;3.1531924e-01;3.1250000e+02;3.1241241e-01;3.1250000e+02;2.3830758e-01;3.1250000e+02;1.6687088e-01;3.1250000e+02;1.0900486e-01;3.1250000e+02;6.1380070e-02;3.1250000e+02;1.8140554e-02;3.1250000e+02;-2.4031729e-02;3.1250000e+02;-6.6997617e-02;3.1250000e+02;-1.0884981e-01;3.1250000e+02;-1.5201043e-01;3.1250000e+02;-5.8351196e-02;3.1250000e+02;-1.6599640e-02;3.1250000e+02;4.4183187e-02;3.1250000e+02;1.1972595e-01;3.1250000e+02;2.0149000e-01;3.1250000e+02;2.5547194e-01;3.1250000e+02;2.7859071e-01;3.1250000e+02;3.1531924e-01;3.1250000e+02;3.1241241e-01;3.1250000e+02;2.3830758e-01;3.1250000e+02;1.6687088e-01;3.1250000e+02;1.0900486e-01;3.1250000e+02;6.1380070e-02;3.1250000e+02;1.8140554e-02;3.1250000e+02;-2.4031729e-02;3.1250000e+02;-6.6997617e-02;3.1250000e+02;-1.0884981e-01;3.1250000e+02;-1.5201043e-01;3.1250000e+02;-5.8351196e-02;3.1250000e+02;-1.6599640e-02;3.1250000e+02;4.4183187e-02;3.1250000e+02;1.1972595e-01;3.1250000e+02;2.0149000e-01;3.1250000e+02;2.5547194e-01;3.1250000e+02;2.7859071e-01;3.1250000e+02;3.1531924e-01;3.1250000e+02;3.1241241e-01;3.1250000e+02;2.3830758e-01;3.1250000e+02;1.6687088e-01;3.1250000e+02;1.0900486e-01;3.1250000e+02;6.1380070e-02;3.1250000e+02;1.8140554e-02;3.1250000e+02;-2.4031729e-02;3.1250000e+02;-6.6997617e-02;3.1250000e+02;-1.0884981e-01;3.1250000e+02;-1.5201043e-01;3.1250000e+02;-5.8351196e-02;3.1250000e+02;-1.6599640e-02;3.1250000e+02;4.4183187e-02;3.1250000e+02;1.1972595e-01;3.1250000e+02;2.0149000e-01;3.1250000e+02;2.5547194e-01;3.1250000e+02;2.7859071e-01;3.1250000e+02;3.1531924e-01;3.1250000e+02;3.1241241e-01;3.1250000e+02;2.3830758e-01;3.1250000e+02;1.6687088e-01;3.1250000e+02;1.0900486e-01;3.1250000e+02;6.1380070e-02;3.1250000e+02;1.8140554e-02;3.1250000e+02;-2.4031729e-02;3.1250000e+02;-6.6997617e-02;3.1250000e+02;-1.0884981e-01;3.1250000e+02;-1.5201043e-01;3.1250000e+02;-5.8351196e-02;3.1250000e+02;-1.6599640e-02;3.1250000e+02;4.4183187e-02;3.1250000e+02;1.1972595e-01;3.1250000e+02;2.0149000e-01;3.1250000e+02;2.5547194e-01;3.1250000e+02;2.7859071e-01;3.1250000e+02;3.1531924e-01;3.1250000e+02;3.1241241e-01;3.1250000e+02;2.3830758e-01;3.1250000e+02;1.6687088e-01;3.1250000e+02;1.0900486e-01;3.1250000e+02;6.1380070e-02;3.1250000e+02;1.8140554e-02;3.1250000e+02;-2.4031729e-02;3.1250000e+02;-6.6997617e-02;3.1250000e+02;-1.0884981e-01;3.1250000e+02;-1.5201043e-01;3.1250000e+02;-5.8351196e-02;3.1250000e+02;-1.6599640e-02;3.1250000e+02;4.4183187e-02;3.1250000e+02;1.1972595e-01;3.1250000e+02;2.0149000e-01;3.1250000e+02;2.5547194e-01;3.1250000e+02;2.7859071e-01;3.1250000e+02;3.1531924e-01;3.1250000e+02;3.1241241e-01;3.1250000e+02;2.3830758e-01;3.1250000e+02;1.6687088e-01;3.1250000e+02;1.0900486e-01;3.1250000e+02;6.1380070e-02;3.1250000e+02;1.8140554e-02;3.1250000e+02;-2.4031729e-02;3.1250000e+02;-6.6997617e-02;3.1250000e+02;-1.0884981e-01;3.1250000e+02;-1.5201043e-01;3.1250000e+02;-5.8351196e-02;3.1250000e+02;-1.6599640e-02;3.1250000e+02;4.4183187e-02;3.1250000e+02;1.1972595e-01;3.1250000e+02;2.0149000e-01;3.1250000e+02;2.5547194e-01;3.1250000e+02;2.7859071e-01;3.1250000e+02;3.1531924e-01;3.1250000e+02;3.1241241e-01;3.1250000e+02;2.3830758e-01;3.1250000e+02;1.6687088e-01;3.1250000e+02;1.0900486e-01;3.1250000e+02;6.1380070e-02;3.1250000e+02;1.8140554e-02;3.1250000e+02;-2.4031729e-02;3.1250000e+02;-6.6997617e-02;3.1250000e+02;-1.0884981e-01;3.1250000e+02;-1.5201043e-01;3.1250000e+02;-5.8351196e-02;3.1250000e+02;-1.6599640e-02;3.1250000e+02;4.4183187e-02;3.1250000e+02;1.1972595e-01;3.1250000e+02;2.0149000e-01;3.1250000e+02;2.5547194e-01;3.1250000e+02;2.7859071e-01;3.1250000e+02;3.1531924e-01;3.1250000e+02;3.1241241e-01;3.1250000e+02;2.3830758e-01;3.1250000e+02;1.6687088e-01;3.1250000e+02;1.0900486e-01;3.1250000e+02;6.1380070e-02;3.1250000e+02;1.8140554e-02;3.1250000e+02;-2.4031729e-02;3.1250000e+02;-6.6997617e-02;3.1250000e+02;-1.0884981e-01;3.1250000e+02;-1.5201043e-01;3.1250000e+02;-5.8351196e-02;3.1250000e+02;-1.6599640e-02;3.1250000e+02;4.4183187e-02;3.1250000e+02;1.1972595e-01;3.1250000e+02;2.0149000e-01;3.1250000e+02;2.5547194e-01;3.1250000e+02;2.7859071e-01;3.1250000e+02;3.1531924e-01;3.1250000e+02;3.1241241e-01;3.1250000e+02;2.3830758e-01;3.1250000e+02;1.6687088e-01;3.1250000e+02;1.0900486e-01;3.1250000e+02;6.1380070e-02;3.1250000e+02;1.8140554e-02;3.1250000e+02;-2.4031729e-02;3.1250000e+02;-6.6997617e-02;3.1250000e+02;-1.0884981e-01;3.1250000e+02;-1.5201043e-01;3.1250000e+02;-5.8351196e-02;3.1250000e+02;-1.6599640e-02;3.1250000e+02;4.4183187e-02;3.1250000e+02;1.1972595e-01;3.1250000e+02;2.0149000e-01;3.1250000e+02;2.5547194e-01;3.1250000e+02;2.7859071e-01;3.1250000e+02;3.1531924e-01;3.1250000e+02;3.1241241e-01;3.1250000e+02;2.3830758e-01;3.1250000e+02;1.6687088e-01;3.1250000e+02;1.0900486e-01;3.1250000e+02;6.1380070e-02;3.1250000e+02;1.8140554e-02;3.1250000e+02;-2.4031729e-02;3.1250000e+02;-6.6997617e-02;3.1250000e+02;-1.0884981e-01;3.1250000e+02;-1.5201043e-01;3.1250000e+02;-5.8351196e-02;3.1250000e+02;-1.6599640e-02;3.1250000e+02;4.4183187e-02;3.1250000e+02;1.1972595e-01;3.1250000e+02;2.0149000e-01;3.1250000e+02;2.5547194e-01;3.1250000e+02;2.7859071e-01;3.1250000e+02;3.1531924e-01;3.1250000e+02;3.1241241e-01;3.1250000e+02;2.3830758e-01;3.1250000e+02;1.6687088e-01;3.1250000e+02;1.0900486e-01;3.1250000e+02;6.1380070e-02;3.1250000e+02;1.8140554e-02;3.1250000e+02;-2.4031729e-02;3.1250000e+02;-6.6997617e-02;3.1250000e+02;-1.0884981e-01;3.1250000e+02;-1.5201043e-01;3.1250000e+02;-5.8351196e-02;3.1250000e+02;-1.6599640e-02;3.1250000e+02;4.4183187e-02;3.1250000e+02;1.1972595e-01;3.1250000e+02;2.0149000e-01;3.1250000e+02;2.5547194e-01;3.1250000e+02;2.7859071e-01;3.1250000e+02;3.1531924e-01;3.1250000e+02;3.1241241e-01;3.1250000e+02;2.3830758e-01;3.1250000e+02;1.6687088e-01;3.1250000e+02;1.0900486e-01;3.1250000e+02;6.1380070e-02;3.1250000e+02;1.8140554e-02;3.1250000e+02;-2.4031729e-02;3.1250000e+02;-6.6997617e-02;3.1250000e+02;-1.0884981e-01;3.1250000e+02;-1.5201043e-01;3.1250000e+02;-5.8351196e-02;3.1250000e+02;-1.6599640e-02;3.1250000e+02;4.4183187e-02;3.1250000e+02;1.1972595e-01;3.1250000e+02;2.0149000e-01;3.1250000e+02;2.5547194e-01;3.1250000e+02;2.7859071e-01;3.1250000e+02;3.1531924e-01;3.1250000e+02;3.1241241e-01;3.1250000e+02;2.3830758e-01;3.1250000e+02;1.6687088e-01;3.1250000e+02;1.0900486e-01;3.1250000e+02;6.1380070e-02;3.1250000e+02;1.8140554e-02;3.1250000e+02;-2.4031729e-02;3.1250000e+02;-6.6997617e-02;3.1250000e+02;-1.0884981e-01;3.1250000e+02;-1.5201043e-01;3.1250000e+02;-5.8351196e-02;3.1250000e+02;-1.6599640e-02;3.1250000e+02;4.4183187e-02;3.1250000e+02;1.1972595e-01;3.1250000e+02;2.0149000e-01;3.1250000e+02;2.5547194e-01;3.1250000e+02;2.7859071e-01;3.1250000e+02;3.1531924e-01;3.1250000e+02;3.1241241e-01;3.1250000e+02;2.3830758e-01;3.1250000e+02;1.6687088e-01;3.1250000e+02;1.0900486e-01;3.1250000e+02;6.1380070e-02;3.1250000e+02;1.8140554e-02;3.1250000e+02;-2.4031729e-02;3.1250000e+02;-6.6997617e-02;3.1250000e+02;-1.0884981e-01;3.1250000e+02;-1.5201043e-01;3.1250000e+02;-5.8351196e-02;3.1250000e+02;-1.6599640e-02;3.1250000e+02;4.4183187e-02;3.1250000e+02;1.1972595e-01;3.1250000e+02;2.0149000e-01;3.1250000e+02;2.5547194e-01;3.1250000e+02;2.7859071e-01;3.1250000e+02;3.1531924e-01;3.1250000e+02;3.1241241e-01;3.1250000e+02;2.3830758e-01;3.1250000e+02;1.6687088e-01;3.1250000e+02;1.0900486e-01;3.1250000e+02;6.1380070e-02;3.1250000e+02;1.8140554e-02;3.1250000e+02;-2.4031729e-02;3.1250000e+02;-6.6997617e-02;3.1250000e+02;-1.0884981e-01;3.1250000e+02;-1.5201043e-01;3.1250000e+02;-5.8351196e-02;3.1250000e+02;-1.6599640e-02;3.1250000e+02;4.4183187e-02;3.1250000e+02;1.1972595e-01;3.1250000e+02;2.0149000e-01;3.1250000e+02;2.5547194e-01;3.1250000e+02;2.7859071e-01;3.1250000e+02;3.1531924e-01;3.1250000e+02;3.1241241e-01;3.1250000e+02;2.3830758e-01;3.1250000e+02;1.6687088e-01;3.1250000e+02;1.0900486e-01;3.1250000e+02;6.1380070e-02;3.1250000e+02;1.8140554e-02;3.1250000e+02;-2.4031729e-02;3.1250000e+02;-6.6997617e-02;3.1250000e+02;-1.0884981e-01;3.1250000e+02;-1.5201043e-01;3.1250000e+02;-5.8351196e-02;3.1250000e+02;-1.6599640e-02;3.1250000e+02;4.4183187e-02;3.1250000e+02;1.1972595e-01;3.1250000e+02;2.0149000e-01;3.1250000e+02;2.5547194e-01;3.1250000e+02;2.7859071e-01;3.1250000e+02;3.1531924e-01;3.1250000e+02;3.1241241e-01;3.1250000e+02;2.3830758e-01;3.1250000e+02;1.6687088e-01;3.1250000e+02;1.0900486e-01;3.1250000e+02;6.1380070e-02;3.1250000e+02;1.8140554e-02;3.1250000e+02;-2.4031729e-02;3.1250000e+02;-6.6997617e-02;3.1250000e+02;-1.0884981e-01;3.1250000e+02;-1.5201043e-01;3.1250000e+02;-5.8351196e-02;3.1250000e+02;-1.6599640e-02;3.1250000e+02;4.4183187e-02;3.1250000e+02;1.1972595e-01;3.1250000e+02;2.0149000e-01;3.1250000e+02;2.5547194e-01;3.1250000e+02;2.7859071e-01;3.1250000e+02;3.1531924e-01;3.1250000e+02;3.1241241e-01;3.1250000e+02;2.3830758e-01;3.1250000e+02;1.6687088e-01;3.1250000e+02;1.0900486e-01;3.1250000e+02;6.1380070e-02;3.1250000e+02;1.8140554e-02;3.1250000e+02;-2.4031729e-02;3.1250000e+02;-6.6997617e-02;3.1250000e+02;-1.0884981e-01;3.1250000e+02;-1.5201043e-01;3.1250000e+02;-5.8351196e-02;3.1250000e+02;-1.6599640e-02;3.1250000e+02;4.4183187e-02;3.1250000e+02;1.1972595e-01;3.1250000e+02;2.0149000e-01;3.1250000e+02;2.5547194e-01;3.1250000e+02;2.7859071e-01;3.1250000e+02;3.1531924e-01;3.1250000e+02;3.1241241e-01;3.1250000e+02;2.3830758e-01;3.1250000e+02;1.6687088e-01;3.1250000e+02;1.0900486e-01;3.1250000e+02;6.1380070e-02;3.1250000e+02;1.8140554e-02;3.1250000e+02;-2.4031729e-02;3.1250000e+02;-6.6997617e-02;3.1250000e+02;-1.0884981e-01;3.1250000e+02;-1.5201043e-01;3.1250000e+02;-5.8351196e-02;3.1250000e+02;-1.6599640e-02;3.1250000e+02;4.4183187e-02;3.1250000e+02;1.1972595e-01;3.1250000e+02;2.0149000e-01;3.1250000e+02;2.5547194e-01;3.1250000e+02;2.7859071e-01;3.1250000e+02;3.1531924e-01;3.1250000e+02;3.1241241e-01;3.1250000e+02;2.3830758e-01;3.1250000e+02;1.6687088e-01;3.1250000e+02;1.0900486e-01;3.1250000e+02;6.1380070e-02;3.1250000e+02;1.8140554e-02;3.1250000e+02;-2.4031729e-02;3.1250000e+02;-6.6997617e-02;3.1250000e+02;-1.0884981e-01;3.1250000e+02;-1.5201043e-01;3.1250000e+02;-5.8351196e-02;3.1250000e+02;-1.6599640e-02;3.1250000e+02;4.4183187e-02;3.1250000e+02;1.1972595e-01;3.1250000e+02;2.0149000e-01;3.1250000e+02;2.5547194e-01;3.1250000e+02;2.7859071e-01;3.1250000e+02;3.1531924e-01;3.1250000e+02;3.1241241e-01;3.1250000e+02;2.3830758e-01;3.1250000e+02;1.6687088e-01;3.1250000e+02;1.0900486e-01;3.1250000e+02;6.1380070e-02;3.1250000e+02;1.8140554e-02;3.1250000e+02;-2.4031729e-02;3.1250000e+02;-6.6997617e-02;3.1250000e+02;-1.0884981e-01;3.1250000e+02;-1.5201043e-01;3.1250000e+02;-5.8351196e-02;3.1250000e+02;-1.6599640e-02;3.1250000e+02;4.4183187e-02;3.1250000e+02;1.1972595e-01;3.1250000e+02;2.0149000e-01;3.1250000e+02;2.5547194e-01;3.1250000e+02;2.7859071e-01;3.1250000e+02;3.1531924e-01;3.1250000e+02;3.1241241e-01;3.1250000e+02;2.3830758e-01;3.1250000e+02;1.6687088e-01;3.1250000e+02;1.0900486e-01;3.1250000e+02;6.1380070e-02;3.1250000e+02;1.8140554e-02;3.1250000e+02;-2.4031729e-02;3.1250000e+02;-6.6997617e-02;3.1250000e+02;-1.0884981e-01;3.1250000e+02;-1.5201043e-01;3.1250000e+02;-5.8351196e-02;3.1250000e+02;-1.6599640e-02;3.1250000e+02;4.4183187e-02;3.1250000e+02;1.1972595e-01;3.1250000e+02;2.0149000e-01;3.1250000e+02;2.5547194e-01;3.1250000e+02;2.7859071e-01;3.1250000e+02;3.1531924e-01;3.1250000e+02;3.1241241e-01;3.1250000e+02;2.3830758e-01;3.1250000e+02;1.6687088e-01;3.1250000e+02;1.0900486e-01;3.1250000e+02;6.1380070e-02;3.1250000e+02;1.8140554e-02;3.1250000e+02;-2.4031729e-02;3.1250000e+02;-6.6997617e-02;3.1250000e+02;-1.0884981e-01;3.1250000e+02;-1.5201043e-01;3.1250000e+02;-5.8351196e-02;3.1250000e+02;-1.6599640e-02;3.1250000e+02;4.4183187e-02;3.1250000e+02;1.1972595e-01;3.1250000e+02;2.0149000e-01;3.1250000e+02;2.5547194e-01;3.1250000e+02;2.7859071e-01;3.1250000e+02;3.1531924e-01;3.1250000e+02;3.1241241e-01;3.1250000e+02;2.3830758e-01;3.1250000e+02;1.6687088e-01;3.1250000e+02;1.0900486e-01;3.1250000e+02;6.1380070e-02;3.1250000e+02;1.8140554e-02;3.1250000e+02;-2.4031729e-02;3.1250000e+02;-6.6997617e-02;3.1250000e+02;-1.0884981e-01;3.1250000e+02;-1.5201043e-01;3.1250000e+02;-5.8351196e-02;3.1250000e+02;-1.6599640e-02;3.1250000e+02;4.4183187e-02;3.1250000e+02;1.1972595e-01;3.1250000e+02;2.0149000e-01;3.1250000e+02;2.5547194e-01;3.1250000e+02;2.7859071e-01;3.1250000e+02;3.1531924e-01;3.1250000e+02;3.1241241e-01;3.1250000e+02;2.3830758e-01;3.1250000e+02;1.6687088e-01;3.1250000e+02;1.0900486e-01;3.1250000e+02;6.1380070e-02;3.1250000e+02;1.8140554e-02;3.1250000e+02;-2.4031729e-02;3.1250000e+02;-6.6997617e-02;3.1250000e+02;-1.0884981e-01;3.1250000e+02;-1.5201043e-01;3.1250000e+02;-5.8351196e-02;3.1250000e+02;-1.6599640e-02;3.1250000e+02;4.4183187e-02;3.1250000e+02;1.1972595e-01;3.1250000e+02;2.0149000e-01;3.1250000e+02;2.5547194e-01;3.1250000e+02;2.7859071e-01;3.1250000e+02;3.1531924e-01;3.1250000e+02;3.1241241e-01;3.1250000e+02;2.3830758e-01;3.1250000e+02;1.6687088e-01;3.1250000e+02;1.0900486e-01;3.1250000e+02;6.1380070e-02;3.1250000e+02;1.8140554e-02;3.1250000e+02;-2.4031729e-02;3.1250000e+02;-6.6997617e-02;3.1250000e+02;-1.0884981e-01;3.1250000e+02;-1.5201043e-01;3.1250000e+02;-5.8351196e-02;3.1250000e+02;-1.6599640e-02;3.1250000e+02;4.4183187e-02;3.1250000e+02;1.1972595e-01;3.1250000e+02;2.0149000e-01;3.1250000e+02;2.5547194e-01;3.1250000e+02;2.7859071e-01;3.1250000e+02;3.1531924e-01;3.1250000e+02;3.1241241e-01;3.1250000e+02;2.3830758e-01;3.1250000e+02;1.6687088e-01;3.1250000e+02;1.0900486e-01;3.1250000e+02;6.1380070e-02;3.1250000e+02;1.8140554e-02;3.1250000e+02;-2.4031729e-02;3.1250000e+02;-6.6997617e-02;3.1250000e+02;-1.0884981e-01;3.1250000e+02;-1.5201043e-01;3.1250000e+02;-5.8351196e-02;3.1250000e+02;-1.6599640e-02;3.1250000e+02;4.4183187e-02;3.1250000e+02;1.1972595e-01;3.1250000e+02;2.0149000e-01;3.1250000e+02;2.5547194e-01;3.1250000e+02;2.7859071e-01;3.1250000e+02;3.1531924e-01;3.1250000e+02;3.1241241e-01;3.1250000e+02;2.3830758e-01;3.1250000e+02;1.6687088e-01;3.1250000e+02;1.0900486e-01;3.1250000e+02;6.1380070e-02;3.1250000e+02;1.8140554e-02;3.1250000e+02;-2.4031729e-02;3.1250000e+02;-6.6997617e-02;3.1250000e+02;-1.0884981e-01;3.1250000e+02;-1.5201043e-01;3.1250000e+02;-5.8351196e-02;3.1250000e+02;-1.6599640e-02;3.1250000e+02;4.4183187e-02;3.1250000e+02;1.1972595e-01;3.1250000e+02;2.0149000e-01;3.1250000e+02;2.5547194e-01;3.1250000e+02;2.7859071e-01;3.1250000e+02;3.1531924e-01;3.1250000e+02;3.1241241e-01;3.1250000e+02;2.3830758e-01;3.1250000e+02;1.6687088e-01;3.1250000e+02;1.0900486e-01;3.1250000e+02;6.1380070e-02;3.1250000e+02;1.8140554e-02;3.1250000e+02;-2.4031729e-02;3.1250000e+02;-6.6997617e-02;3.1250000e+02;-1.0884981e-01;3.1250000e+02;-1.5201043e-01;3.1250000e+02;-5.8351196e-02;3.1250000e+02;-1.6599640e-02;3.1250000e+02;4.4183187e-02;3.1250000e+02;1.1972595e-01;3.1250000e+02;2.0149000e-01;3.1250000e+02;2.5547194e-01;3.1250000e+02;2.7859071e-01;3.1250000e+02;3.1531924e-01;3.1250000e+02;3.1241241e-01;3.1250000e+02;2.3830758e-01;3.1250000e+02;1.6687088e-01;3.1250000e+02;1.0900486e-01;3.1250000e+02;6.1380070e-02;3.1250000e+02;1.8140554e-02;3.1250000e+02;-2.4031729e-02;3.1250000e+02;-6.6997617e-02;3.1250000e+02;-1.0884981e-01;3.1250000e+02;-1.5201043e-01;3.1250000e+02;-5.8351196e-02;3.1250000e+02;-1.6599640e-02;3.1250000e+02;4.4183187e-02;3.1250000e+02;1.1972595e-01;3.1250000e+02;2.0149000e-01;3.1250000e+02;2.5547194e-01;3.1250000e+02;2.7859071e-01;3.1250000e+02;3.1531924e-01;3.1250000e+02;3.1241241e-01;3.1250000e+02;2.3830758e-01;3.1250000e+02;1.6687088e-01;3.1250000e+02;1.0900486e-01;3.1250000e+02;6.1380070e-02;3.1250000e+02;1.8140554e-02;3.1250000e+02;-2.4031729e-02;3.1250000e+02;-6.6997617e-02;3.1250000e+02;-1.0884981e-01;3.1250000e+02;-1.5201043e-01;3.1250000e+02;-5.8351196e-02;3.1250000e+02;-1.6599640e-02;3.1250000e+02;4.4183187e-02;3.1250000e+02;1.1972595e-01;3.1250000e+02;2.0149000e-01;3.1250000e+02;2.5547194e-01;3.1250000e+02;2.7859071e-01;3.1250000e+02;3.1531924e-01;3.1250000e+02;3.1241241e-01;3.1250000e+02;2.3830758e-01;3.1250000e+02;1.6687088e-01;3.1250000e+02;1.0900486e-01;3.1250000e+02;6.1380070e-02;3.1250000e+02;1.8140554e-02;3.1250000e+02;-2.4031729e-02;3.1250000e+02;-6.6997617e-02;3.1250000e+02;-1.0884981e-01;3.1250000e+02;-1.5201043e-01;3.1250000e+02;-5.8351196e-02;3.1250000e+02;-1.6599640e-02;3.1250000e+02;4.4183187e-02;3.1250000e+02;1.1972595e-01;3.1250000e+02;2.0149000e-01;3.1250000e+02;2.5547194e-01;3.1250000e+02;2.7859071e-01;3.1250000e+02;3.1531924e-01;3.1250000e+02;3.1241241e-01;3.1250000e+02;2.3830758e-01;3.1250000e+02;1.6687088e-01;3.1250000e+02;1.0900486e-01;3.1250000e+02;6.1380070e-02;3.1250000e+02;1.8140554e-02;3.1250000e+02;-2.4031729e-02;3.1250000e+02;-6.6997617e-02;3.1250000e+02;-1.0884981e-01;3.1250000e+02;-1.5201043e-01;3.1250000e+02;-5.8351196e-02;3.1250000e+02;-1.6599640e-02;3.1250000e+02;4.4183187e-02;3.1250000e+02;1.1972595e-01;3.1250000e+02;2.0149000e-01;3.1250000e+02;2.5547194e-01;3.1250000e+02;2.7859071e-01;3.1250000e+02;3.1531924e-01;3.1250000e+02;3.1241241e-01;3.1250000e+02;2.3830758e-01;3.1250000e+02;1.6687088e-01;3.1250000e+02;1.0900486e-01;3.1250000e+02;6.1380070e-02;3.1250000e+02;1.8140554e-02;3.1250000e+02;-2.4031729e-02;3.1250000e+02;-6.6997617e-02;3.1250000e+02;-1.0884981e-01;3.1250000e+02;-1.5201043e-01;3.1250000e+02;-5.8351196e-02;3.1250000e+02;-1.6599640e-02;3.1250000e+02;4.4183187e-02;3.1250000e+02;1.1972595e-01;3.1250000e+02;2.0149000e-01;3.1250000e+02;2.5547194e-01;3.1250000e+02;2.7859071e-01;3.1250000e+02;3.1531924e-01;3.1250000e+02;3.1241241e-01;3.1250000e+02;2.3830758e-01;3.1250000e+02;1.6687088e-01;3.1250000e+02;1.0900486e-01;3.1250000e+02;6.1380070e-02;3.1250000e+02;1.8140554e-02;3.1250000e+02;-2.4031729e-02;3.1250000e+02;-6.6997617e-02;3.1250000e+02;-1.0884981e-01;3.1250000e+02;-1.5201043e-01;3.1250000e+02;-5.8351196e-02;3.1250000e+02;-1.6599640e-02;3.1250000e+02;4.4183187e-02;3.1250000e+02;1.1972595e-01;3.1250000e+02;2.0149000e-01;3.1250000e+02;2.5547194e-01;3.1250000e+02;2.7859071e-01;3.1250000e+02;3.1531924e-01;3.1250000e+02;3.1241241e-01;3.1250000e+02;2.3830758e-01;3.1250000e+02;1.6687088e-01;3.1250000e+02;1.0900486e-01;3.1250000e+02;6.1380070e-02;3.1250000e+02;1.8140554e-02;3.1250000e+02;-2.4031729e-02;3.1250000e+02;-6.6997617e-02;3.1250000e+02;-1.0884981e-01;3.1250000e+02;-1.5201043e-01;3.1250000e+02;-5.8351196e-02;3.1250000e+02;-1.6599640e-02;3.1250000e+02;4.4183187e-02;3.1250000e+02;1.1972595e-01;3.1250000e+02;2.0149000e-01;3.1250000e+02;2.5547194e-01;3.1250000e+02;2.7859071e-01;3.1250000e+02;3.1531924e-01;3.1250000e+02;3.1241241e-01;3.1250000e+02;2.3830758e-01;3.1250000e+02;1.6687088e-01;3.1250000e+02;1.0900486e-01;3.1250000e+02;6.1380070e-02;3.1250000e+02;1.8140554e-02;3.1250000e+02;-2.4031729e-02;3.1250000e+02;-6.6997617e-02;3.1250000e+02;-1.0884981e-01;3.1250000e+02;-1.5201043e-01;3.1250000e+02;-5.8351196e-02;3.1250000e+02;-1.6599640e-02;3.1250000e+02;4.4183187e-02;3.1250000e+02;1.1972595e-01;3.1250000e+02;2.0149000e-01;3.1250000e+02;2.5547194e-01;3.1250000e+02;2.7859071e-01;3.1250000e+02;3.1531924e-01;3.1250000e+02;3.1241241e-01;3.1250000e+02;2.3830758e-01;3.1250000e+02;1.6687088e-01;3.1250000e+02;1.0900486e-01;3.1250000e+02;6.1380070e-02;3.1250000e+02;1.8140554e-02;3.1250000e+02;-2.4031729e-02;3.1250000e+02;-6.6997617e-02;3.1250000e+02;-1.0884981e-01;3.1250000e+02;-1.5201043e-01;3.1250000e+02;-5.8351196e-02;3.1250000e+02;-1.6599640e-02;3.1250000e+02;4.4183187e-02;3.1250000e+02;1.1972595e-01;3.1250000e+02;2.0149000e-01;3.1250000e+02;2.5547194e-01;3.1250000e+02;2.7859071e-01;3.1250000e+02;3.1531924e-01;3.1250000e+02;3.1241241e-01;3.1250000e+02;2.3830758e-01;3.1250000e+02;1.6687088e-01;3.1250000e+02;1.0900486e-01;3.1250000e+02;6.1380070e-02;3.1250000e+02;1.8140554e-02;3.1250000e+02;-2.4031729e-02;3.1250000e+02;-6.6997617e-02;3.1250000e+02;-1.0884981e-01;3.1250000e+02;-1.5201043e-01;3.1250000e+02;-5.8351196e-02;3.1250000e+02;-1.6599640e-02;3.1250000e+02;4.4183187e-02;3.1250000e+02;1.1972595e-01;3.1250000e+02;2.0149000e-01;3.1250000e+02;2.5547194e-01;3.1250000e+02;2.7859071e-01;3.1250000e+02;3.1531924e-01;3.1250000e+02;3.1241241e-01;3.1250000e+02;2.3830758e-01;3.1250000e+02;1.6687088e-01;3.1250000e+02;1.0900486e-01;3.1250000e+02;6.1380070e-02;3.1250000e+02;1.8140554e-02;3.1250000e+02;-2.4031729e-02;3.1250000e+02;-6.6997617e-02;3.1250000e+02;-1.0884981e-01;3.1250000e+02;-1.5201043e-01;3.1250000e+02;-5.8351196e-02;3.1250000e+02;-1.6599640e-02;3.1250000e+02;4.4183187e-02;3.1250000e+02;1.1972595e-01;3.1250000e+02;2.0149000e-01;3.1250000e+02;2.5547194e-01;3.1250000e+02;2.7859071e-01;3.1250000e+02;3.1531924e-01;3.1250000e+02;3.1241241e-01;3.1250000e+02;2.3830758e-01;3.1250000e+02;1.6687088e-01;3.1250000e+02;1.0900486e-01;3.1250000e+02;6.1380070e-02;3.1250000e+02;1.8140554e-02;3.1250000e+02;-2.4031729e-02;3.1250000e+02;-6.6997617e-02;3.1250000e+02;-1.0884981e-01;3.1250000e+02;-1.5201043e-01;3.1250000e+02;-5.8351196e-02;3.1250000e+02;-1.6599640e-02;3.1250000e+02;4.4183187e-02;3.1250000e+02;1.1972595e-01;3.1250000e+02;2.0149000e-01;3.1250000e+02;2.5547194e-01;3.1250000e+02;2.7859071e-01;3.1250000e+02;3.1531924e-01;3.1250000e+02;3.1241241e-01;3.1250000e+02;2.3830758e-01;3.1250000e+02;1.6687088e-01;3.1250000e+02;1.0900486e-01;3.1250000e+02;6.1380070e-02;3.1250000e+02;1.8140554e-02;3.1250000e+02;-2.4031729e-02;3.1250000e+02;-6.6997617e-02;3.1250000e+02;-1.0884981e-01;3.1250000e+02;-1.5201043e-01;3.1250000e+02;-5.8351196e-02;3.1250000e+02;-1.6599640e-02;3.1250000e+02;4.4183187e-02;3.1250000e+02;1.1972595e-01;3.1250000e+02;2.0149000e-01;3.1250000e+02;2.5547194e-01;3.1250000e+02;2.7859071e-01;3.1250000e+02;3.1531924e-01;3.1250000e+02;3.1241241e-01;3.1250000e+02;2.3830758e-01;3.1250000e+02;1.6687088e-01;3.1250000e+02;1.0900486e-01;3.1250000e+02;6.1380070e-02;3.1250000e+02;1.8140554e-02;3.1250000e+02;-2.4031729e-02;3.1250000e+02;-6.6997617e-02;3.1250000e+02;-1.0884981e-01;3.1250000e+02;-1.5201043e-01;3.1250000e+02;-5.8351196e-02;3.1250000e+02;-1.6599640e-02;3.1250000e+02;4.4183187e-02;3.1250000e+02;1.1972595e-01;3.1250000e+02;2.0149000e-01;3.1250000e+02;2.5547194e-01;3.1250000e+02;2.7859071e-01;3.1250000e+02;3.1531924e-01;3.1250000e+02;3.1241241e-01;3.1250000e+02;2.3830758e-01;3.1250000e+02;1.6687088e-01;3.1250000e+02;1.0900486e-01;3.1250000e+02;6.1380070e-02;3.1250000e+02;1.8140554e-02;3.1250000e+02;-2.4031729e-02;3.1250000e+02;-6.6997617e-02;3.1250000e+02;-1.0884981e-01;3.1250000e+02;-1.5201043e-01;3.1250000e+02;-5.8351196e-02;3.1250000e+02;-1.6599640e-02;3.1250000e+02;4.4183187e-02;3.1250000e+02;1.1972595e-01;3.1250000e+02;2.0149000e-01;3.1250000e+02;2.5547194e-01;3.1250000e+02;2.7859071e-01;3.1250000e+02;3.1531924e-01;3.1250000e+02;3.1241241e-01;3.1250000e+02;2.3830758e-01;3.1250000e+02;1.6687088e-01;3.1250000e+02;1.0900486e-01;3.1250000e+02;6.1380070e-02;3.1250000e+02;1.8140554e-02;3.1250000e+02;-2.4031729e-02;3.1250000e+02;-6.6997617e-02;3.1250000e+02;-1.0884981e-01;3.1250000e+02;-1.5201043e-01;3.1250000e+02;-5.8351196e-02;3.1250000e+02;-1.6599640e-02;3.1250000e+02;4.4183187e-02;3.1250000e+02;1.1972595e-01;3.1250000e+02;2.0149000e-01;3.1250000e+02;2.5547194e-01;3.1250000e+02;2.7859071e-01;3.1250000e+02;3.1531924e-01;3.1250000e+02;3.1241241e-01;3.1250000e+02;2.3830758e-01;3.1250000e+02;1.6687088e-01;3.1250000e+02;1.0900486e-01;3.1250000e+02;6.1380070e-02;3.1250000e+02;1.8140554e-02;3.1250000e+02;-2.4031729e-02;3.1250000e+02;-6.6997617e-02;3.1250000e+02;-1.0884981e-01;3.1250000e+02;-1.5201043e-01;3.1250000e+02;-5.8351196e-02;3.1250000e+02;-1.6599640e-02;3.1250000e+02;4.4183187e-02;3.1250000e+02;1.1972595e-01;3.1250000e+02;2.0149000e-01;3.1250000e+02;2.5547194e-01;3.1250000e+02;2.7859071e-01;3.1250000e+02;3.1531924e-01;3.1250000e+02;3.1241241e-01;3.1250000e+02;2.3830758e-01;3.1250000e+02;1.6687088e-01;3.1250000e+02;1.0900486e-01;3.1250000e+02;6.1380070e-02;3.1250000e+02;1.8140554e-02;3.1250000e+02;-2.4031729e-02;3.1250000e+02;-6.6997617e-02;3.1250000e+02;-1.0884981e-01;3.1250000e+02;-1.5201043e-01;3.1250000e+02;-5.8351196e-02;3.1250000e+02;-1.6599640e-02;3.1250000e+02;4.4183187e-02;3.1250000e+02;1.1972595e-01;3.1250000e+02;2.0149000e-01;3.1250000e+02;2.5547194e-01;3.1250000e+02;2.7859071e-01;3.1250000e+02;3.1531924e-01;3.1250000e+02;3.1241241e-01;3.1250000e+02;2.3830758e-01;3.1250000e+02;1.6687088e-01;3.1250000e+02;1.0900486e-01;3.1250000e+02;6.1380070e-02;3.1250000e+02;1.8140554e-02;3.1250000e+02;-2.4031729e-02;3.1250000e+02;-6.6997617e-02;3.1250000e+02;-1.0884981e-01;3.1250000e+02;-1.5201043e-01;3.1250000e+02;-5.8351196e-02;3.1250000e+02;-1.6599640e-02;3.1250000e+02;4.4183187e-02;3.1250000e+02;1.1972595e-01;3.1250000e+02;2.0149000e-01;3.1250000e+02;2.5547194e-01;3.1250000e+02;2.7859071e-01;3.1250000e+02;3.1531924e-01;3.1250000e+02;3.1241241e-01;3.1250000e+02;2.3830758e-01;3.1250000e+02;1.6687088e-01;3.1250000e+02;1.0900486e-01;3.1250000e+02;6.1380070e-02;3.1250000e+02;1.8140554e-02;3.1250000e+02;-2.4031729e-02;3.1250000e+02;-6.6997617e-02;3.1250000e+02;-1.0884981e-01;3.1250000e+02;-1.5201043e-01;3.1250000e+02;-5.8351196e-02;3.1250000e+02;-1.6599640e-02;3.1250000e+02;4.4183187e-02;3.1250000e+02;1.1972595e-01;3.1250000e+02;2.0149000e-01;3.1250000e+02;2.5547194e-01;3.1250000e+02;2.7859071e-01;3.1250000e+02;3.1531924e-01;3.1250000e+02;3.1241241e-01;3.1250000e+02;2.3830758e-01;3.1250000e+02;1.6687088e-01;3.1250000e+02;1.0900486e-01;3.1250000e+02;6.1380070e-02;3.1250000e+02;1.8140554e-02;3.1250000e+02;-2.4031729e-02;3.1250000e+02;-6.6997617e-02;3.1250000e+02;-1.0884981e-01;3.1250000e+02;-1.5201043e-01;3.1250000e+02;-5.8351196e-02;3.1250000e+02;-1.6599640e-02;3.1250000e+02;4.4183187e-02;3.1250000e+02;1.1972595e-01;3.1250000e+02;2.0149000e-01;3.1250000e+02;2.5547194e-01;3.1250000e+02;2.7859071e-01;3.1250000e+02;3.1531924e-01;3.1250000e+02;3.1241241e-01;3.1250000e+02;2.3830758e-01;3.1250000e+02;1.6687088e-01;3.1250000e+02;1.0900486e-01;3.1250000e+02;6.1380070e-02;3.1250000e+02;1.8140554e-02;3.1250000e+02;-2.4031729e-02;3.1250000e+02;-6.6997617e-02;3.1250000e+02;-1.0884981e-01;3.1250000e+02;-1.5201043e-01;3.1250000e+02;-5.8351196e-02;3.1250000e+02;-1.6599640e-02;3.1250000e+02;4.4183187e-02;3.1250000e+02;1.1972595e-01;3.1250000e+02;2.0149000e-01;3.1250000e+02;2.5547194e-01;3.1250000e+02;2.7859071e-01;3.1250000e+02;3.1531924e-01;3.1250000e+02;3.1241241e-01;3.1250000e+02;2.3830758e-01;3.1250000e+02;1.6687088e-01;3.1250000e+02;1.0900486e-01;3.1250000e+02;6.1380070e-02;3.1250000e+02;1.8140554e-02;3.1250000e+02;-2.4031729e-02;3.1250000e+02;-6.6997617e-02;3.1250000e+02;-1.0884981e-01;3.1250000e+02;-1.5201043e-01;3.1250000e+02;-5.8351196e-02;3.1250000e+02;-1.6599640e-02;3.1250000e+02;4.4183187e-02;3.1250000e+02;1.1972595e-01;3.1250000e+02;2.0149000e-01;3.1250000e+02;2.5547194e-01;3.1250000e+02;2.7859071e-01;3.1250000e+02;3.1531924e-01;3.1250000e+02;3.1241241e-01;3.1250000e+02;2.3830758e-01;3.1250000e+02;1.6687088e-01;3.1250000e+02;1.0900486e-01;3.1250000e+02;6.1380070e-02;3.1250000e+02;1.8140554e-02;3.1250000e+02;-2.4031729e-02;3.1250000e+02;-6.6997617e-02;3.1250000e+02;-1.0884981e-01;3.1250000e+02;-1.5201043e-01;3.1250000e+02;-5.8351196e-02;3.1250000e+02;-1.6599640e-02;3.1250000e+02;4.4183187e-02;3.1250000e+02;1.1972595e-01;3.1250000e+02;2.0149000e-01;3.1250000e+02;2.5547194e-01;3.1250000e+02;2.7859071e-01;3.1250000e+02;3.1531924e-01;3.1250000e+02;3.1241241e-01;3.1250000e+02;2.3830758e-01;3.1250000e+02;1.6687088e-01;3.1250000e+02;1.0900486e-01;3.1250000e+02;6.1380070e-02;3.1250000e+02;1.8140554e-02;3.1250000e+02;-2.4031729e-02;3.1250000e+02;-6.6997617e-02;3.1250000e+02;-1.0884981e-01;3.1250000e+02;-1.5201043e-01;3.1250000e+02;-5.8351196e-02;3.1250000e+02;-1.6599640e-02;3.1250000e+02;4.4183187e-02;3.1250000e+02;1.1972595e-01;3.1250000e+02;2.0149000e-01;3.1250000e+02;2.5547194e-01;3.1250000e+02;2.7859071e-01;3.1250000e+02;3.1531924e-01;3.1250000e+02;3.1241241e-01;3.1250000e+02;2.3830758e-01;3.1250000e+02;1.6687088e-01;3.1250000e+02;1.0900486e-01;3.1250000e+02;6.1380070e-02;3.1250000e+02;1.8140554e-02;3.1250000e+02;-2.4031729e-02;3.1250000e+02;-6.6997617e-02;3.1250000e+02;-1.0884981e-01;3.1250000e+02;-1.5201043e-01;3.1250000e+02;-5.8351196e-02;3.1250000e+02;-1.6599640e-02;3.1250000e+02;4.4183187e-02;3.1250000e+02;1.1972595e-01;3.1250000e+02;2.0149000e-01;3.1250000e+02;2.5547194e-01;3.1250000e+02;2.7859071e-01;3.1250000e+02;3.1531924e-01;3.1250000e+02;3.1241241e-01;3.1250000e+02;2.3830758e-01;3.1250000e+02;1.6687088e-01;3.1250000e+02;1.0900486e-01;3.1250000e+02;6.1380070e-02;3.1250000e+02;1.8140554e-02;3.1250000e+02;-2.4031729e-02;3.1250000e+02;-6.6997617e-02;3.1250000e+02;-1.0884981e-01;3.1250000e+02;-1.5201043e-01;3.1250000e+02;-5.8351196e-02;3.1250000e+02;-1.6599640e-02;3.1250000e+02;4.4183187e-02;3.1250000e+02;1.1972595e-01;3.1250000e+02;2.0149000e-01;3.1250000e+02;2.5547194e-01;3.1250000e+02;2.7859071e-01;3.1250000e+02;3.1531924e-01;3.1250000e+02;3.1241241e-01;3.1250000e+02;2.3830758e-01;3.1250000e+02;1.6687088e-01;3.1250000e+02;1.0900486e-01;3.1250000e+02;6.1380070e-02;3.1250000e+02;1.8140554e-02;3.1250000e+02;-2.4031729e-02;3.1250000e+02;-6.6997617e-02;3.1250000e+02;-1.0884981e-01;3.1250000e+02;-1.5201043e-01;3.1250000e+02;-5.8351196e-02;3.1250000e+02;-1.6599640e-02;3.1250000e+02;4.4183187e-02;3.1250000e+02;1.1972595e-01;3.1250000e+02;2.0149000e-01;3.1250000e+02;2.5547194e-01;3.1250000e+02;2.7859071e-01;3.1250000e+02;3.1531924e-01;3.1250000e+02;3.1241241e-01;3.1250000e+02;2.3830758e-01;3.1250000e+02;1.6687088e-01;3.1250000e+02;1.0900486e-01;3.1250000e+02;6.1380070e-02;3.1250000e+02;1.8140554e-02;3.1250000e+02;-2.4031729e-02;3.1250000e+02;-6.6997617e-02;3.1250000e+02;-1.0884981e-01;3.1250000e+02;-1.5201043e-01;3.1250000e+02;-5.8351196e-02;3.1250000e+02;-1.6599640e-02;3.1250000e+02;4.4183187e-02;3.1250000e+02;1.1972595e-01;3.1250000e+02;2.0149000e-01;3.1250000e+02;2.5547194e-01;3.1250000e+02;2.7859071e-01;3.1250000e+02;3.1531924e-01;3.1250000e+02;3.1241241e-01;3.1250000e+02;2.3830758e-01;3.1250000e+02;1.6687088e-01;3.1250000e+02;1.0900486e-01;3.1250000e+02;6.1380070e-02;3.1250000e+02;1.8140554e-02;3.1250000e+02;-2.4031729e-02;3.1250000e+02;-6.6997617e-02;3.1250000e+02;-1.0884981e-01;3.1250000e+02;-1.5201043e-01;3.1250000e+02;-5.8351196e-02;3.1250000e+02;-1.6599640e-02;3.1250000e+02;4.4183187e-02;3.1250000e+02;1.1972595e-01;3.1250000e+02;2.0149000e-01;3.1250000e+02;2.5547194e-01;3.1250000e+02;2.7859071e-01;3.1250000e+02;3.1531924e-01;3.1250000e+02;3.1241241e-01;3.1250000e+02;2.3830758e-01;3.1250000e+02;1.6687088e-01;3.1250000e+02;1.0900486e-01;3.1250000e+02;6.1380070e-02;3.1250000e+02;1.8140554e-02;3.1250000e+02;-2.4031729e-02;3.1250000e+02;-6.6997617e-02;3.1250000e+02;-1.0884981e-01;3.1250000e+02;-1.5201043e-01;3.1250000e+02;-5.8351196e-02;3.1250000e+02;-1.6599640e-02;3.1250000e+02;4.4183187e-02;3.1250000e+02;1.1972595e-01;3.1250000e+02;2.0149000e-01;3.1250000e+02;2.5547194e-01;3.1250000e+02;2.7859071e-01;3.1250000e+02;3.1531924e-01;3.1250000e+02;3.1241241e-01;3.1250000e+02;2.3830758e-01;3.1250000e+02;1.6687088e-01;3.1250000e+02;1.0900486e-01;3.1250000e+02;6.1380070e-02;3.1250000e+02;1.8140554e-02;3.1250000e+02;-2.4031729e-02;3.1250000e+02;-6.6997617e-02;3.1250000e+02;-1.0884981e-01;3.1250000e+02;-1.5201043e-01;3.1250000e+02;-5.8351196e-02;3.1250000e+02;-1.6599640e-02;3.1250000e+02;4.4183187e-02;3.1250000e+02;1.1972595e-01;3.1250000e+02;2.0149000e-01;3.1250000e+02;2.5547194e-01;3.1250000e+02;2.7859071e-01;3.1250000e+02;3.1531924e-01;3.1250000e+02;3.1241241e-01;3.1250000e+02;2.3830758e-01;3.1250000e+02;1.6687088e-01;3.1250000e+02;1.0900486e-01;3.1250000e+02;6.1380070e-02;3.1250000e+02;1.8140554e-02;3.1250000e+02;-2.4031729e-02;3.1250000e+02;-6.6997617e-02;3.1250000e+02;-1.0884981e-01;3.1250000e+02;-1.5201043e-01;3.1250000e+02;-5.8351196e-02;3.1250000e+02;-1.6599640e-02;3.1250000e+02;4.4183187e-02;3.1250000e+02;1.1972595e-01;3.1250000e+02;2.0149000e-01;3.1250000e+02;2.5547194e-01;3.1250000e+02;2.7859071e-01;3.1250000e+02;3.1531924e-01;3.1250000e+02;3.1241241e-01;3.1250000e+02;2.3830758e-01;3.1250000e+02;1.6687088e-01;3.1250000e+02;1.0900486e-01;3.1250000e+02;6.1380070e-02;3.1250000e+02;1.8140554e-02;3.1250000e+02;-2.4031729e-02;3.1250000e+02;-6.6997617e-02;3.1250000e+02;-1.0884981e-01;3.1250000e+02;-1.5201043e-01;3.1250000e+02;-5.8351196e-02;3.1250000e+02;-1.6599640e-02;3.1250000e+02;4.4183187e-02;3.1250000e+02;1.1972595e-01;3.1250000e+02;2.0149000e-01;3.1250000e+02;2.5547194e-01;3.1250000e+02;2.7859071e-01;3.1250000e+02;3.1531924e-01;3.1250000e+02;3.1241241e-01;3.1250000e+02;2.3830758e-01;3.1250000e+02;1.6687088e-01;3.1250000e+02;1.0900486e-01;3.1250000e+02;6.1380070e-02;3.1250000e+02;1.8140554e-02;3.1250000e+02;-2.4031729e-02;3.1250000e+02;-6.6997617e-02;3.1250000e+02;-1.0884981e-01;3.1250000e+02;-1.5201043e-01;3.1250000e+02;-5.8351196e-02;3.1250000e+02;-1.6599640e-02;3.1250000e+02;4.4183187e-02;3.1250000e+02;1.1972595e-01;3.1250000e+02;2.0149000e-01;3.1250000e+02;2.5547194e-01;3.1250000e+02;2.7859071e-01;3.1250000e+02;3.1531924e-01;3.1250000e+02;3.1241241e-01;3.1250000e+02;2.3830758e-01;3.1250000e+02;1.6687088e-01;3.1250000e+02;1.0900486e-01;3.1250000e+02;6.1380070e-02;3.1250000e+02;1.8140554e-02;3.1250000e+02;-2.4031729e-02;3.1250000e+02;-6.6997617e-02;3.1250000e+02;-1.0884981e-01;3.1250000e+02;-1.5201043e-01;3.1250000e+02;-5.8351196e-02;3.1250000e+02;-1.6599640e-02;3.1250000e+02;4.4183187e-02;3.1250000e+02;1.1972595e-01;3.1250000e+02;2.0149000e-01;3.1250000e+02;2.5547194e-01;3.1250000e+02;2.7859071e-01;3.1250000e+02;3.1531924e-01;3.1250000e+02;3.1241241e-01;3.1250000e+02;2.3830758e-01;3.1250000e+02;1.6687088e-01;3.1250000e+02;1.0900486e-01;3.1250000e+02;6.1380070e-02;3.1250000e+02;1.8140554e-02;3.1250000e+02;-2.4031729e-02;3.1250000e+02;-6.6997617e-02;3.1250000e+02;-1.0884981e-01;3.1250000e+02;-1.5201043e-01;3.1250000e+02;-5.8351196e-02;3.1250000e+02;-1.6599640e-02;3.1250000e+02;4.4183187e-02;3.1250000e+02;1.1972595e-01;3.1250000e+02;2.0149000e-01;3.1250000e+02;2.5547194e-01;3.1250000e+02;2.7859071e-01;3.1250000e+02;3.1531924e-01;3.1250000e+02;3.1241241e-01;3.1250000e+02;2.3830758e-01;3.1250000e+02;1.6687088e-01;3.1250000e+02;1.0900486e-01;3.1250000e+02;6.1380070e-02;3.1250000e+02;1.8140554e-02;3.1250000e+02;-2.4031729e-02;3.1250000e+02;-6.6997617e-02;3.1250000e+02;-1.0884981e-01;3.1250000e+02;-1.5201043e-01;3.1250000e+02;-5.8351196e-02;3.1250000e+02;-1.6599640e-02;3.1250000e+02;4.4183187e-02;3.1250000e+02;1.1972595e-01;3.1250000e+02;2.0149000e-01;3.1250000e+02;2.5547194e-01;3.1250000e+02;2.7859071e-01;3.1250000e+02;3.1531924e-01;3.1250000e+02;3.1241241e-01;3.1250000e+02;2.3830758e-01;3.1250000e+02;1.6687088e-01;3.1250000e+02;1.0900486e-01;3.1250000e+02;6.1380070e-02;3.1250000e+02;1.8140554e-02;3.1250000e+02;-2.4031729e-02;3.1250000e+02;-6.6997617e-02;3.1250000e+02;-1.0884981e-01;3.1250000e+02;-1.5201043e-01;3.1250000e+02;-5.8351196e-02;3.1250000e+02;-1.6599640e-02;3.1250000e+02;4.4183187e-02;3.1250000e+02;1.1972595e-01;3.1250000e+02;2.0149000e-01;3.1250000e+02;2.5547194e-01;3.1250000e+02;2.7859071e-01;3.1250000e+02;3.1531924e-01;3.1250000e+02;3.1241241e-01;3.1250000e+02;2.3830758e-01;3.1250000e+02;1.6687088e-01;3.1250000e+02;1.0900486e-01;3.1250000e+02;6.1380070e-02;3.1250000e+02;1.8140554e-02;3.1250000e+02;-2.4031729e-02;3.1250000e+02;-6.6997617e-02;3.1250000e+02;-1.0884981e-01;3.1250000e+02;-1.5201043e-01;3.1250000e+02;-5.8351196e-02;3.1250000e+02;-1.6599640e-02;3.1250000e+02;4.4183187e-02;3.1250000e+02;1.1972595e-01;3.1250000e+02;2.0149000e-01;3.1250000e+02;2.5547194e-01;3.1250000e+02;2.7859071e-01;3.1250000e+02;3.1531924e-01;3.1250000e+02;3.1241241e-01;3.1250000e+02;2.3830758e-01;3.1250000e+02;1.6687088e-01;3.1250000e+02;1.0900486e-01;3.1250000e+02;6.1380070e-02;3.1250000e+02;1.8140554e-02;3.1250000e+02;-2.4031729e-02;3.1250000e+02;-6.6997617e-02;3.1250000e+02;-1.0884981e-01;3.1250000e+02;-1.5201043e-01;3.1250000e+02;-5.8351196e-02;3.1250000e+02;-1.6599640e-02;3.1250000e+02;4.4183187e-02;3.1250000e+02;1.1972595e-01;3.1250000e+02;2.0149000e-01;3.1250000e+02;2.5547194e-01;3.1250000e+02;2.7859071e-01;3.1250000e+02;3.1531924e-01;3.1250000e+02;3.1241241e-01;3.1250000e+02;2.3830758e-01;3.1250000e+02;1.6687088e-01;3.1250000e+02;1.0900486e-01;3.1250000e+02;6.1380070e-02;3.1250000e+02;1.8140554e-02;3.1250000e+02;-2.4031729e-02;3.1250000e+02;-6.6997617e-02;3.1250000e+02;-1.0884981e-01;3.1250000e+02;-1.5201043e-01;3.1250000e+02;-5.8351196e-02;3.1250000e+02;-1.6599640e-02;3.1250000e+02;4.4183187e-02;3.1250000e+02;1.1972595e-01;3.1250000e+02;2.0149000e-01;3.1250000e+02;2.5547194e-01;3.1250000e+02;2.7859071e-01;3.1250000e+02;3.1531924e-01;3.1250000e+02;3.1241241e-01;3.1250000e+02;2.3830758e-01;3.1250000e+02;1.6687088e-01;3.1250000e+02;1.0900486e-01;3.1250000e+02;6.1380070e-02;3.1250000e+02;1.8140554e-02;3.1250000e+02;-2.4031729e-02;3.1250000e+02;-6.6997617e-02;3.1250000e+02;-1.0884981e-01;3.1250000e+02;-1.5201043e-01;3.1250000e+02;-5.8351196e-02;3.1250000e+02;-1.6599640e-02;3.1250000e+02;4.4183187e-02;3.1250000e+02;1.1972595e-01;3.1250000e+02;2.0149000e-01;3.1250000e+02;2.5547194e-01;3.1250000e+02;2.7859071e-01;3.1250000e+02;3.1531924e-01;3.1250000e+02;3.1241241e-01;3.1250000e+02;2.3830758e-01;3.1250000e+02;1.6687088e-01;3.1250000e+02;1.0900486e-01;3.1250000e+02;6.1380070e-02;3.1250000e+02;1.8140554e-02;3.1250000e+02;-2.4031729e-02;3.1250000e+02;-6.6997617e-02;3.1250000e+02;-1.0884981e-01;3.1250000e+02;-1.5201043e-01;3.1250000e+02;-5.8351196e-02;3.1250000e+02;-1.6599640e-02;3.1250000e+02;4.4183187e-02;3.1250000e+02;1.1972595e-01;3.1250000e+02;2.0149000e-01;3.1250000e+02;2.5547194e-01;3.1250000e+02;2.7859071e-01;3.1250000e+02;3.1531924e-01;3.1250000e+02;3.1241241e-01;3.1250000e+02;2.3830758e-01;3.1250000e+02;1.6687088e-01;3.1250000e+02;1.0900486e-01;3.1250000e+02;6.1380070e-02;3.1250000e+02;1.8140554e-02;3.1250000e+02;-2.4031729e-02;3.1250000e+02;-6.6997617e-02;3.1250000e+02;-1.0884981e-01;3.1250000e+02;-1.5201043e-01;3.1250000e+02;-5.8351196e-02;3.1250000e+02;-1.6599640e-02;3.1250000e+02;4.4183187e-02;3.1250000e+02;1.1972595e-01;3.1250000e+02;2.0149000e-01;3.1250000e+02;2.5547194e-01;3.1250000e+02;2.7859071e-01;3.1250000e+02;3.1531924e-01;3.1250000e+02;3.1241241e-01;3.1250000e+02;2.3830758e-01;3.1250000e+02;1.6687088e-01;3.1250000e+02;1.0900486e-01;3.1250000e+02;6.1380070e-02;3.1250000e+02;1.8140554e-02;3.1250000e+02;-2.4031729e-02;3.1250000e+02;-6.6997617e-02;3.1250000e+02;-1.0884981e-01;3.1250000e+02;-1.5201043e-01;3.1250000e+02;-5.8351196e-02;3.1250000e+02;-1.6599640e-02;3.1250000e+02;4.4183187e-02;3.1250000e+02;1.1972595e-01;3.1250000e+02;2.0149000e-01;3.1250000e+02;2.5547194e-01;3.1250000e+02;2.7859071e-01;3.1250000e+02;3.1531924e-01;3.1250000e+02;3.1241241e-01;3.1250000e+02;2.3830758e-01;3.1250000e+02;1.6687088e-01;3.1250000e+02;1.0900486e-01;3.1250000e+02;6.1380070e-02;3.1250000e+02;1.8140554e-02;3.1250000e+02;-2.4031729e-02;3.1250000e+02;-6.6997617e-02;3.1250000e+02;-1.0884981e-01;3.1250000e+02;-1.5201043e-01;3.1250000e+02;-5.8351196e-02;3.1250000e+02;-1.6599640e-02;3.1250000e+02;4.4183187e-02;3.1250000e+02;1.1972595e-01;3.1250000e+02;2.0149000e-01;3.1250000e+02;2.5547194e-01;3.1250000e+02;2.7859071e-01;3.1250000e+02;3.1531924e-01;3.1250000e+02;3.1241241e-01;3.1250000e+02;2.3830758e-01;3.1250000e+02;1.6687088e-01;3.1250000e+02;1.0900486e-01;3.1250000e+02;6.1380070e-02;3.1250000e+02;1.8140554e-02;3.1250000e+02;-2.4031729e-02;3.1250000e+02;-6.6997617e-02;3.1250000e+02;-1.0884981e-01;3.1250000e+02;-1.5201043e-01;3.1250000e+02;-5.8351196e-02;3.1250000e+02;-1.6599640e-02;3.1250000e+02;4.4183187e-02;3.1250000e+02;1.1972595e-01;3.1250000e+02;2.0149000e-01;3.1250000e+02;2.5547194e-01;3.1250000e+02;2.7859071e-01;3.1250000e+02;3.1531924e-01;3.1250000e+02;3.1241241e-01;3.1250000e+02;2.3830758e-01;3.1250000e+02;1.6687088e-01;3.1250000e+02;1.0900486e-01;3.1250000e+02;6.1380070e-02;3.1250000e+02;1.8140554e-02;3.1250000e+02;-2.4031729e-02;3.1250000e+02;-6.6997617e-02;3.1250000e+02;-1.0884981e-01;3.1250000e+02;-1.5201043e-01;3.1250000e+02;-5.8351196e-02;3.1250000e+02;-1.6599640e-02;3.1250000e+02;4.4183187e-02;3.1250000e+02;1.1972595e-01;3.1250000e+02;2.0149000e-01;3.1250000e+02;2.5547194e-01;3.1250000e+02;2.7859071e-01;3.1250000e+02;3.1531924e-01;3.1250000e+02;3.1241241e-01;3.1250000e+02;2.3830758e-01;3.1250000e+02;1.6687088e-01;3.1250000e+02;1.0900486e-01;3.1250000e+02;6.1380070e-02;3.1250000e+02;1.8140554e-02;3.1250000e+02;-2.4031729e-02;3.1250000e+02;-6.6997617e-02;3.1250000e+02;-1.0884981e-01;3.1250000e+02;-1.5201043e-01;3.1250000e+02;-5.8351196e-02;3.1250000e+02;-1.6599640e-02;3.1250000e+02;4.4183187e-02;3.1250000e+02;1.1972595e-01;3.1250000e+02;2.0149000e-01;3.1250000e+02;2.5547194e-01;3.1250000e+02;2.7859071e-01;3.1250000e+02;3.1531924e-01;3.1250000e+02;3.1241241e-01;3.1250000e+02;2.3830758e-01;3.1250000e+02;1.6687088e-01;3.1250000e+02;1.0900486e-01;3.1250000e+02;6.1380070e-02;3.1250000e+02;1.8140554e-02;3.1250000e+02;-2.4031729e-02;3.1250000e+02;-6.6997617e-02;3.1250000e+02;-1.0884981e-01;3.1250000e+02;-1.5201043e-01;3.1250000e+02;-5.8351196e-02;3.1250000e+02;-1.6599640e-02;3.1250000e+02;4.4183187e-02;3.1250000e+02;1.1972595e-01;3.1250000e+02;2.0149000e-01;3.1250000e+02;2.5547194e-01;3.1250000e+02;2.7859071e-01;3.1250000e+02;3.1531924e-01;3.1250000e+02;3.1241241e-01;3.1250000e+02;2.3830758e-01;3.1250000e+02;1.6687088e-01;3.1250000e+02;1.0900486e-01;3.1250000e+02;6.1380070e-02;3.1250000e+02;1.8140554e-02;3.1250000e+02;-2.4031729e-02;3.1250000e+02;-6.6997617e-02;3.1250000e+02;-1.0884981e-01;3.1250000e+02;-1.5201043e-01;3.1250000e+02;-5.8351196e-02;3.1250000e+02;-1.6599640e-02;3.1250000e+02;4.4183187e-02;3.1250000e+02;1.1972595e-01;3.1250000e+02;2.0149000e-01;3.1250000e+02;2.5547194e-01;3.1250000e+02;2.7859071e-01;3.1250000e+02;3.1531924e-01;3.1250000e+02;3.1241241e-01;3.1250000e+02;2.3830758e-01;3.1250000e+02;1.6687088e-01;3.1250000e+02;1.0900486e-01;3.1250000e+02;6.1380070e-02;3.1250000e+02;1.8140554e-02;3.1250000e+02;-2.4031729e-02;3.1250000e+02;-6.6997617e-02;3.1250000e+02;-1.0884981e-01;3.1250000e+02;-1.5201043e-01;3.1250000e+02;-5.8351196e-02;3.1250000e+02;-1.6599640e-02;3.1250000e+02;4.4183187e-02;3.1250000e+02;1.1972595e-01;3.1250000e+02;2.0149000e-01;3.1250000e+02;2.5547194e-01;3.1250000e+02;2.7859071e-01;3.1250000e+02;3.1531924e-01;3.1250000e+02;3.1241241e-01;3.1250000e+02;2.3830758e-01;3.1250000e+02;1.6687088e-01;3.1250000e+02;1.0900486e-01;3.1250000e+02;6.1380070e-02;3.1250000e+02;1.8140554e-02;3.1250000e+02;-2.4031729e-02;3.1250000e+02;-6.6997617e-02;3.1250000e+02;-1.0884981e-01;3.1250000e+02;-1.5201043e-01;3.1250000e+02;-5.8351196e-02;3.1250000e+02;-1.6599640e-02;3.1250000e+02;4.4183187e-02;3.1250000e+02;1.1972595e-01;3.1250000e+02;2.0149000e-01;3.1250000e+02;2.5547194e-01;3.1250000e+02;2.7859071e-01;3.1250000e+02;3.1531924e-01;3.1250000e+02;3.1241241e-01;3.1250000e+02;2.3830758e-01;3.1250000e+02;1.6687088e-01;3.1250000e+02;1.0900486e-01;3.1250000e+02;6.1380070e-02;3.1250000e+02;1.8140554e-02;3.1250000e+02;-2.4031729e-02;3.1250000e+02;-6.6997617e-02;3.1250000e+02;-1.0884981e-01;3.1250000e+02;-1.5201043e-01;3.1250000e+02;-5.8351196e-02;3.1250000e+02;-1.6599640e-02;3.1250000e+02;4.4183187e-02;3.1250000e+02;1.1972595e-01;3.1250000e+02;2.0149000e-01;3.1250000e+02;2.5547194e-01;3.1250000e+02;2.7859071e-01;3.1250000e+02;3.1531924e-01;3.1250000e+02;3.1241241e-01;3.1250000e+02;2.3830758e-01;3.1250000e+02;1.6687088e-01;3.1250000e+02;1.0900486e-01;3.1250000e+02;6.1380070e-02;3.1250000e+02;1.8140554e-02;3.1250000e+02;-2.4031729e-02;3.1250000e+02;-6.6997617e-02;3.1250000e+02;-1.0884981e-01;3.1250000e+02;-1.5201043e-01;3.1250000e+02;-5.8351196e-02;3.1250000e+02;-1.6599640e-02;3.1250000e+02;4.4183187e-02;3.1250000e+02;1.1972595e-01;3.1250000e+02;2.0149000e-01;3.1250000e+02;2.5547194e-01;3.1250000e+02;2.7859071e-01;3.1250000e+02;3.1531924e-01;3.1250000e+02;3.1241241e-01;3.1250000e+02;2.3830758e-01;3.1250000e+02;1.6687088e-01;3.1250000e+02;1.0900486e-01;3.1250000e+02;6.1380070e-02;3.1250000e+02;1.8140554e-02;3.1250000e+02;-2.4031729e-02;3.1250000e+02;-6.6997617e-02;3.1250000e+02;-1.0884981e-01;3.1250000e+02;-1.5201043e-01;3.1250000e+02;-5.8351196e-02;3.1250000e+02;-1.6599640e-02;3.1250000e+02;4.4183187e-02;3.1250000e+02;1.1972595e-01;3.1250000e+02;2.0149000e-01;3.1250000e+02;2.5547194e-01;3.1250000e+02;2.7859071e-01;3.1250000e+02;3.1531924e-01;3.1250000e+02;3.1241241e-01;3.1250000e+02;2.3830758e-01;3.1250000e+02;1.6687088e-01;3.1250000e+02;1.0900486e-01;3.1250000e+02;6.1380070e-02;3.1250000e+02;1.8140554e-02;3.1250000e+02;-2.4031729e-02;3.1250000e+02;-6.6997617e-02;3.1250000e+02;-1.0884981e-01;3.1250000e+02;-1.5201043e-01;3.1250000e+02;-5.8351196e-02;3.1250000e+02;-1.6599640e-02;3.1250000e+02;4.4183187e-02;3.1250000e+02;1.1972595e-01;3.1250000e+02;2.0149000e-01;3.1250000e+02;2.5547194e-01;3.1250000e+02;2.7859071e-01;3.1250000e+02;3.1531924e-01;3.1250000e+02;3.1241241e-01;3.1250000e+02;2.3830758e-01;3.1250000e+02;1.6687088e-01;3.1250000e+02;1.0900486e-01;3.1250000e+02;6.1380070e-02;3.1250000e+02;1.8140554e-02;3.1250000e+02;-2.4031729e-02;3.1250000e+02;-6.6997617e-02;3.1250000e+02;-1.0884981e-01;3.1250000e+02;-1.5201043e-01;3.1250000e+02;-5.8351196e-02;3.1250000e+02;-1.6599640e-02;3.1250000e+02;4.4183187e-02;3.1250000e+02;1.1972595e-01;3.1250000e+02;2.0149000e-01;3.1250000e+02;2.5547194e-01;3.1250000e+02;2.7859071e-01;3.1250000e+02;3.1531924e-01;3.1250000e+02;3.1241241e-01;3.1250000e+02;2.3830758e-01;3.1250000e+02;1.6687088e-01;3.1250000e+02;1.0900486e-01;3.1250000e+02;6.1380070e-02;3.1250000e+02;1.8140554e-02;3.1250000e+02;-2.4031729e-02;3.1250000e+02;-6.6997617e-02;3.1250000e+02;-1.0884981e-01;3.1250000e+02;-1.5201043e-01;3.1250000e+02;-5.8351196e-02;3.1250000e+02;-1.6599640e-02;3.1250000e+02;4.4183187e-02;3.1250000e+02;1.1972595e-01;3.1250000e+02;2.0149000e-01;3.1250000e+02;2.5547194e-01;3.1250000e+02;2.7859071e-01;3.1250000e+02;3.1531924e-01;3.1250000e+02;3.1241241e-01;3.1250000e+02;2.3830758e-01;3.1250000e+02;1.6687088e-01;3.1250000e+02;1.0900486e-01;3.1250000e+02;6.1380070e-02;3.1250000e+02;1.8140554e-02;3.1250000e+02;-2.4031729e-02;3.1250000e+02;-6.6997617e-02;3.1250000e+02;-1.0884981e-01;3.1250000e+02;-1.5201043e-01;3.1250000e+02;-5.8351196e-02;3.1250000e+02;-1.6599640e-02;3.1250000e+02;4.4183187e-02;3.1250000e+02;1.1972595e-01;3.1250000e+02;2.0149000e-01;3.1250000e+02;2.5547194e-01;3.1250000e+02;2.7859071e-01;3.1250000e+02;3.1531924e-01;3.1250000e+02;3.1241241e-01;3.1250000e+02;2.3830758e-01;3.1250000e+02;1.6687088e-01;3.1250000e+02;1.0900486e-01;3.1250000e+02;6.1380070e-02;3.1250000e+02;1.8140554e-02;3.1250000e+02;-2.4031729e-02;3.1250000e+02;-6.6997617e-02;3.1250000e+02;-1.0884981e-01;3.1250000e+02;-1.5201043e-01;3.1250000e+02;-5.8351196e-02;3.1250000e+02;-1.6599640e-02;3.1250000e+02;4.4183187e-02;3.1250000e+02;1.1972595e-01;3.1250000e+02;2.0149000e-01;3.1250000e+02;2.5547194e-01;3.1250000e+02;2.7859071e-01;3.1250000e+02;3.1531924e-01;3.1250000e+02;3.1241241e-01;3.1250000e+02;2.3830758e-01;3.1250000e+02;1.6687088e-01;3.1250000e+02;1.0900486e-01;3.1250000e+02;6.1380070e-02;3.1250000e+02;1.8140554e-02;3.1250000e+02;-2.4031729e-02;3.1250000e+02;-6.6997617e-02;3.1250000e+02;-1.0884981e-01;3.1250000e+02;-1.5201043e-01;3.1250000e+02;-5.8351196e-02;3.1250000e+02;-1.6599640e-02;3.1250000e+02;4.4183187e-02;3.1250000e+02;1.1972595e-01;3.1250000e+02;2.0149000e-01;3.1250000e+02;2.5547194e-01;3.1250000e+02;2.7859071e-01;3.1250000e+02;3.1531924e-01;3.1250000e+02;3.1241241e-01;3.1250000e+02;2.3830758e-01;3.1250000e+02;1.6687088e-01;3.1250000e+02;1.0900486e-01;3.1250000e+02;6.1380070e-02;3.1250000e+02;1.8140554e-02;3.1250000e+02;-2.4031729e-02;3.1250000e+02;-6.6997617e-02;3.1250000e+02;-1.0884981e-01;3.1250000e+02;-1.5201043e-01;3.1250000e+02;-5.8351196e-02;3.1250000e+02;-1.6599640e-02;3.1250000e+02;4.4183187e-02;3.1250000e+02;1.1972595e-01;3.1250000e+02;2.0149000e-01;3.1250000e+02;2.5547194e-01;3.1250000e+02;2.7859071e-01;3.1250000e+02;3.1531924e-01;3.1250000e+02;3.1241241e-01;3.1250000e+02;2.3830758e-01;3.1250000e+02;1.6687088e-01;3.1250000e+02;1.0900486e-01;3.1250000e+02;6.1380070e-02;3.1250000e+02;1.8140554e-02;3.1250000e+02;-2.4031729e-02;3.1250000e+02;-6.6997617e-02;3.1250000e+02;-1.0884981e-01;3.1250000e+02;-1.5201043e-01;3.1250000e+02;-5.8351196e-02;3.1250000e+02;-1.6599640e-02;3.1250000e+02;4.4183187e-02;3.1250000e+02;1.1972595e-01;3.1250000e+02;2.0149000e-01;3.1250000e+02;2.5547194e-01;3.1250000e+02;2.7859071e-01;3.1250000e+02;3.1531924e-01;3.1250000e+02;3.1241241e-01;3.1250000e+02;2.3830758e-01;3.1250000e+02;1.6687088e-01;3.1250000e+02;1.0900486e-01;3.1250000e+02;6.1380070e-02;3.1250000e+02;1.8140554e-02;3.1250000e+02;-2.4031729e-02;3.1250000e+02;-6.6997617e-02;3.1250000e+02;-1.0884981e-01;3.1250000e+02;-1.5201043e-01;3.1250000e+02;-5.8351196e-02;3.1250000e+02;-1.6599640e-02;3.1250000e+02;4.4183187e-02;3.1250000e+02;1.1972595e-01;3.1250000e+02;2.0149000e-01;3.1250000e+02;2.5547194e-01;3.1250000e+02;2.7859071e-01;3.1250000e+02;3.1531924e-01;3.1250000e+02;3.1241241e-01;3.1250000e+02;2.3830758e-01;3.1250000e+02;1.6687088e-01;3.1250000e+02;1.0900486e-01;3.1250000e+02;6.1380070e-02;3.1250000e+02;1.8140554e-02;3.1250000e+02;-2.4031729e-02;3.1250000e+02;-6.6997617e-02;3.1250000e+02;-1.0884981e-01;3.1250000e+02;-1.5201043e-01;3.1250000e+02;-5.8351196e-02;3.1250000e+02;-1.6599640e-02;3.1250000e+02;4.4183187e-02;3.1250000e+02;1.1972595e-01;3.1250000e+02;2.0149000e-01;3.1250000e+02;2.5547194e-01;3.1250000e+02;2.7859071e-01;3.1250000e+02;3.1531924e-01;3.1250000e+02;3.1241241e-01;3.1250000e+02;2.3830758e-01;3.1250000e+02;1.6687088e-01;3.1250000e+02;1.0900486e-01;3.1250000e+02;6.1380070e-02;3.1250000e+02;1.8140554e-02;3.1250000e+02;-2.4031729e-02;3.1250000e+02;-6.6997617e-02;3.1250000e+02;-1.0884981e-01;3.1250000e+02;-1.5201043e-01;3.1250000e+02;-5.8351196e-02;3.1250000e+02;-1.6599640e-02;3.1250000e+02;4.4183187e-02;3.1250000e+02;1.1972595e-01;3.1250000e+02;2.0149000e-01;3.1250000e+02;2.5547194e-01;3.1250000e+02;2.7859071e-01;3.1250000e+02;3.1531924e-01;3.1250000e+02;3.1241241e-01;3.1250000e+02;2.3830758e-01;3.1250000e+02;1.6687088e-01;3.1250000e+02;1.0900486e-01;3.1250000e+02;6.1380070e-02;3.1250000e+02;1.8140554e-02;3.1250000e+02;-2.4031729e-02;3.1250000e+02;-6.6997617e-02;3.1250000e+02;-1.0884981e-01;3.1250000e+02;-1.5201043e-01;3.1250000e+02;-5.8351196e-02;3.1250000e+02;-1.6599640e-02;3.1250000e+02;4.4183187e-02;3.1250000e+02;1.1972595e-01;3.1250000e+02;2.0149000e-01;3.1250000e+02;2.5547194e-01;3.1250000e+02;2.7859071e-01;3.1250000e+02;3.1531924e-01;3.1250000e+02;3.1241241e-01;3.1250000e+02;2.3830758e-01;3.1250000e+02;1.6687088e-01;3.1250000e+02;1.0900486e-01;3.1250000e+02;6.1380070e-02;3.1250000e+02;1.8140554e-02;3.1250000e+02;-2.4031729e-02;3.1250000e+02;-6.6997617e-02;3.1250000e+02;-1.0884981e-01;3.1250000e+02;-1.5201043e-01;3.1250000e+02;-5.8351196e-02;3.1250000e+02;-1.6599640e-02;3.1250000e+02;4.4183187e-02;3.1250000e+02;1.1972595e-01;3.1250000e+02;2.0149000e-01;3.1250000e+02;2.5547194e-01;3.1250000e+02;2.7859071e-01;3.1250000e+02;3.1531924e-01;3.1250000e+02;3.1241241e-01;3.1250000e+02;2.3830758e-01;3.1250000e+02;1.6687088e-01;3.1250000e+02;1.0900486e-01;3.1250000e+02;6.1380070e-02;3.1250000e+02;1.8140554e-02;3.1250000e+02;-2.4031729e-02;3.1250000e+02;-6.6997617e-02;3.1250000e+02;-1.0884981e-01;3.1250000e+02;-1.5201043e-01;3.1250000e+02;-5.8351196e-02;3.1250000e+02;-1.6599640e-02;3.1250000e+02;4.4183187e-02;3.1250000e+02;1.1972595e-01;3.1250000e+02;2.0149000e-01;3.1250000e+02;2.5547194e-01;3.1250000e+02;2.7859071e-01;3.1250000e+02;3.1531924e-01;3.1250000e+02;3.1241241e-01;3.1250000e+02;2.3830758e-01;3.1250000e+02;1.6687088e-01;3.1250000e+02;1.0900486e-01;3.1250000e+02;6.1380070e-02;3.1250000e+02;1.8140554e-02;3.1250000e+02;-2.4031729e-02;3.1250000e+02;-6.6997617e-02;3.1250000e+02;-1.0884981e-01;3.1250000e+02;-1.5201043e-01;3.1250000e+02;-5.8351196e-02;3.1250000e+02;-1.6599640e-02;3.1250000e+02;4.4183187e-02;3.1250000e+02;1.1972595e-01;3.1250000e+02;2.0149000e-01;3.1250000e+02;2.5547194e-01;3.1250000e+02;2.7859071e-01;3.1250000e+02;3.1531924e-01;3.1250000e+02;3.1241241e-01;3.1250000e+02;2.3830758e-01;3.1250000e+02;1.6687088e-01;3.1250000e+02;1.0900486e-01;3.1250000e+02;6.1380070e-02;3.1250000e+02;1.8140554e-02;3.1250000e+02;-2.4031729e-02;3.1250000e+02;-6.6997617e-02;3.1250000e+02;-1.0884981e-01;3.1250000e+02;-1.5201043e-01;3.1250000e+02;-5.8351196e-02;3.1250000e+02;-1.6599640e-02;3.1250000e+02;4.4183187e-02;3.1250000e+02;1.1972595e-01;3.1250000e+02;2.0149000e-01;3.1250000e+02;2.5547194e-01;3.1250000e+02;2.7859071e-01;3.1250000e+02;3.1531924e-01;3.1250000e+02;3.1241241e-01;3.1250000e+02;2.3830758e-01;3.1250000e+02;1.6687088e-01;3.1250000e+02;1.0900486e-01;3.1250000e+02;6.1380070e-02;3.1250000e+02;1.8140554e-02;3.1250000e+02;-2.4031729e-02;3.1250000e+02;-6.6997617e-02;3.1250000e+02;-1.0884981e-01;3.1250000e+02;-1.5201043e-01;3.1250000e+02;-5.8351196e-02;3.1250000e+02;-1.6599640e-02;3.1250000e+02;4.4183187e-02;3.1250000e+02;1.1972595e-01;3.1250000e+02;2.0149000e-01;3.1250000e+02;2.5547194e-01;3.1250000e+02;2.7859071e-01;3.1250000e+02;3.1531924e-01;3.1250000e+02;3.1241241e-01;3.1250000e+02;2.3830758e-01;3.1250000e+02;1.6687088e-01;3.1250000e+02;1.0900486e-01;3.1250000e+02;6.1380070e-02;3.1250000e+02;1.8140554e-02;3.1250000e+02;-2.4031729e-02;3.1250000e+02;-6.6997617e-02;3.1250000e+02;-1.0884981e-01;3.1250000e+02;-1.5201043e-01;3.1250000e+02;-5.8351196e-02;3.1250000e+02;-1.6599640e-02;3.1250000e+02;4.4183187e-02;3.1250000e+02;1.1972595e-01;3.1250000e+02;2.0149000e-01;3.1250000e+02;2.5547194e-01;3.1250000e+02;2.7859071e-01;3.1250000e+02;3.1531924e-01;3.1250000e+02;3.1241241e-01;3.1250000e+02;2.3830758e-01;3.1250000e+02;1.6687088e-01;3.1250000e+02;1.0900486e-01;3.1250000e+02;6.1380070e-02;3.1250000e+02;1.8140554e-02;3.1250000e+02;-2.4031729e-02;3.1250000e+02;-6.6997617e-02;3.1250000e+02;-1.0884981e-01;3.1250000e+02;-1.5201043e-01;3.1250000e+02;-5.8351196e-02;3.1250000e+02;-1.6599640e-02;3.1250000e+02;4.4183187e-02;3.1250000e+02;1.1972595e-01;3.1250000e+02;2.0149000e-01;3.1250000e+02;2.5547194e-01;3.1250000e+02;2.7859071e-01;3.1250000e+02;3.1531924e-01;3.1250000e+02;3.1241241e-01;3.1250000e+02;2.3830758e-01;3.1250000e+02;1.6687088e-01;3.1250000e+02;1.0900486e-01;3.1250000e+02;6.1380070e-02;3.1250000e+02;1.8140554e-02;3.1250000e+02;-2.4031729e-02;3.1250000e+02;-6.6997617e-02;3.1250000e+02;-1.0884981e-01;3.1250000e+02;-1.5201043e-01;3.1250000e+02;-5.8351196e-02;3.1250000e+02;-1.6599640e-02;3.1250000e+02;4.4183187e-02;3.1250000e+02;1.1972595e-01;3.1250000e+02;2.0149000e-01;3.1250000e+02;2.5547194e-01;3.1250000e+02;2.7859071e-01;3.1250000e+02;3.1531924e-01;3.1250000e+02;3.1241241e-01;3.1250000e+02;2.3830758e-01;3.1250000e+02;1.6687088e-01;3.1250000e+02;1.0900486e-01;3.1250000e+02;6.1380070e-02;3.1250000e+02;1.8140554e-02;3.1250000e+02;-2.4031729e-02;3.1250000e+02;-6.6997617e-02;3.1250000e+02;-1.0884981e-01;3.1250000e+02;-1.5201043e-01;3.1250000e+02;-5.8351196e-02;3.1250000e+02;-1.6599640e-02;3.1250000e+02;4.4183187e-02;3.1250000e+02;1.1972595e-01;3.1250000e+02;2.0149000e-01;3.1250000e+02;2.5547194e-01;3.1250000e+02;2.7859071e-01;3.1250000e+02;3.1531924e-01;3.1250000e+02;3.1241241e-01;3.1250000e+02;2.3830758e-01;3.1250000e+02;1.6687088e-01;3.1250000e+02;1.0900486e-01;3.1250000e+02;6.1380070e-02;3.1250000e+02;1.8140554e-02;3.1250000e+02;-2.4031729e-02;3.1250000e+02;-6.6997617e-02;3.1250000e+02;-1.0884981e-01;3.1250000e+02;-1.5201043e-01;3.1250000e+02;-5.8351196e-02;3.1250000e+02;-1.6599640e-02;3.1250000e+02;4.4183187e-02;3.1250000e+02;1.1972595e-01;3.1250000e+02;2.0149000e-01;3.1250000e+02;2.5547194e-01;3.1250000e+02;2.7859071e-01;3.1250000e+02;3.1531924e-01;3.1250000e+02;3.1241241e-01;3.1250000e+02;2.3830758e-01;3.1250000e+02;1.6687088e-01;3.1250000e+02;1.0900486e-01;3.1250000e+02;6.1380070e-02;3.1250000e+02;1.8140554e-02;3.1250000e+02;-2.4031729e-02;3.1250000e+02;-6.6997617e-02;3.1250000e+02;-1.0884981e-01;3.1250000e+02;-1.5201043e-01;3.1250000e+02;-5.8351196e-02;3.1250000e+02;-1.6599640e-02;3.1250000e+02;4.4183187e-02;3.1250000e+02;1.1972595e-01;3.1250000e+02;2.0149000e-01;3.1250000e+02;2.5547194e-01;3.1250000e+02;2.7859071e-01;3.1250000e+02;3.1531924e-01;3.1250000e+02;3.1241241e-01;3.1250000e+02;2.3830758e-01;3.1250000e+02;1.6687088e-01;3.1250000e+02;1.0900486e-01;3.1250000e+02;6.1380070e-02;3.1250000e+02;1.8140554e-02;3.1250000e+02;-2.4031729e-02;3.1250000e+02;-6.6997617e-02;3.1250000e+02;-1.0884981e-01;3.1250000e+02;-1.5201043e-01;3.1250000e+02;-5.8351196e-02;3.1250000e+02;-1.6599640e-02;3.1250000e+02;4.4183187e-02;3.1250000e+02;1.1972595e-01;3.1250000e+02;2.0149000e-01;3.1250000e+02;2.5547194e-01;3.1250000e+02;2.7859071e-01;3.1250000e+02;3.1531924e-01;3.1250000e+02;3.1241241e-01;3.1250000e+02;2.3830758e-01;3.1250000e+02;1.6687088e-01;3.1250000e+02;1.0900486e-01;3.1250000e+02;6.1380070e-02;3.1250000e+02;1.8140554e-02;3.1250000e+02;-2.4031729e-02;3.1250000e+02;-6.6997617e-02;3.1250000e+02;-1.0884981e-01;3.1250000e+02;-1.5201043e-01;3.1250000e+02;-5.8351196e-02;3.1250000e+02;-1.6599640e-02;3.1250000e+02;4.4183187e-02;3.1250000e+02;1.1972595e-01;3.1250000e+02;2.0149000e-01;3.1250000e+02;2.5547194e-01;3.1250000e+02;2.7859071e-01;3.1250000e+02;3.1531924e-01;3.1250000e+02;3.1241241e-01;3.1250000e+02;2.3830758e-01;3.1250000e+02;1.6687088e-01;3.1250000e+02;1.0900486e-01;3.1250000e+02;6.1380070e-02;3.1250000e+02;1.8140554e-02;3.1250000e+02;-2.4031729e-02;3.1250000e+02;-6.6997617e-02;3.1250000e+02;-1.0884981e-01;3.1250000e+02;-1.5201043e-01;3.1250000e+02;-5.8351196e-02;3.1250000e+02;-1.6599640e-02;3.1250000e+02;4.4183187e-02;3.1250000e+02;1.1972595e-01;3.1250000e+02;2.0149000e-01;3.1250000e+02;2.5547194e-01;3.1250000e+02;2.7859071e-01;3.1250000e+02;3.1531924e-01;3.1250000e+02;3.1241241e-01;3.1250000e+02;2.3830758e-01;3.1250000e+02;1.6687088e-01;3.1250000e+02;1.0900486e-01;3.1250000e+02;6.1380070e-02;3.1250000e+02;1.8140554e-02;3.1250000e+02;-2.4031729e-02;3.1250000e+02;-6.6997617e-02;3.1250000e+02;-1.0884981e-01;3.1250000e+02;-1.5201043e-01;3.1250000e+02;-5.8351196e-02;3.1250000e+02;-1.6599640e-02;3.1250000e+02;4.4183187e-02;3.1250000e+02;1.1972595e-01;3.1250000e+02;2.0149000e-01;3.1250000e+02;2.5547194e-01;3.1250000e+02;2.7859071e-01;3.1250000e+02;3.1531924e-01;3.1250000e+02;3.1241241e-01;3.1250000e+02;2.3830758e-01;3.1250000e+02;1.6687088e-01;3.1250000e+02;1.0900486e-01;3.1250000e+02;6.1380070e-02;3.1250000e+02;1.8140554e-02;3.1250000e+02;-2.4031729e-02;3.1250000e+02;-6.6997617e-02;3.1250000e+02;-1.0884981e-01;3.1250000e+02;-1.5201043e-01;3.1250000e+02;-5.8351196e-02;3.1250000e+02;-1.6599640e-02;3.1250000e+02;4.4183187e-02;3.1250000e+02;1.1972595e-01;3.1250000e+02;2.0149000e-01;3.1250000e+02;2.5547194e-01;3.1250000e+02;2.7859071e-01;3.1250000e+02;3.1531924e-01;3.1250000e+02;3.1241241e-01;3.1250000e+02;2.3830758e-01;3.1250000e+02;1.6687088e-01;3.1250000e+02;1.0900486e-01;3.1250000e+02;6.1380070e-02;3.1250000e+02;1.8140554e-02;3.1250000e+02;-2.4031729e-02;3.1250000e+02;-6.6997617e-02;3.1250000e+02;-1.0884981e-01;3.1250000e+02;-1.5201043e-01;3.1250000e+02;-5.8351196e-02;3.1250000e+02;-1.6599640e-02;3.1250000e+02;4.4183187e-02;3.1250000e+02;1.1972595e-01;3.1250000e+02;2.0149000e-01;3.1250000e+02;2.5547194e-01;3.1250000e+02;2.7859071e-01;3.1250000e+02;3.1531924e-01;3.1250000e+02;3.1241241e-01;3.1250000e+02;2.3830758e-01;3.1250000e+02;1.6687088e-01;3.1250000e+02;1.0900486e-01;3.1250000e+02;6.1380070e-02;3.1250000e+02;1.8140554e-02;3.1250000e+02;-2.4031729e-02;3.1250000e+02;-6.6997617e-02;3.1250000e+02;-1.0884981e-01;3.1250000e+02;-1.5201043e-01;3.1250000e+02;-5.8351196e-02;3.1250000e+02;-1.6599640e-02;3.1250000e+02;4.4183187e-02;3.1250000e+02;1.1972595e-01;3.1250000e+02;2.0149000e-01;3.1250000e+02;2.5547194e-01;3.1250000e+02;2.7859071e-01;3.1250000e+02;3.1531924e-01;3.1250000e+02;3.1241241e-01;3.1250000e+02;2.3830758e-01;3.1250000e+02;1.6687088e-01;3.1250000e+02;1.0900486e-01;3.1250000e+02;6.1380070e-02;3.1250000e+02;1.8140554e-02;3.1250000e+02;-2.4031729e-02;3.1250000e+02;-6.6997617e-02;3.1250000e+02;-1.0884981e-01;3.1250000e+02;-1.5201043e-01;3.1250000e+02;-5.8351196e-02;3.1250000e+02;-1.6599640e-02;3.1250000e+02;4.4183187e-02;3.1250000e+02;1.1972595e-01;3.1250000e+02;2.0149000e-01;3.1250000e+02;2.5547194e-01;3.1250000e+02;2.7859071e-01;3.1250000e+02;3.1531924e-01;3.1250000e+02;3.1241241e-01;3.1250000e+02;2.3830758e-01;3.1250000e+02;1.6687088e-01;3.1250000e+02;1.0900486e-01;3.1250000e+02;6.1380070e-02;3.1250000e+02;1.8140554e-02;3.1250000e+02;-2.4031729e-02;3.1250000e+02;-6.6997617e-02;3.1250000e+02;-1.0884981e-01;3.1250000e+02;-1.5201043e-01;3.1250000e+02;-5.8351196e-02;3.1250000e+02;-1.6599640e-02;3.1250000e+02;4.4183187e-02;3.1250000e+02;1.1972595e-01;3.1250000e+02;2.0149000e-01;3.1250000e+02;2.5547194e-01;3.1250000e+02;2.7859071e-01;3.1250000e+02;3.1531924e-01;3.1250000e+02;3.1241241e-01;3.1250000e+02;2.3830758e-01;3.1250000e+02;1.6687088e-01;3.1250000e+02;1.0900486e-01;3.1250000e+02;6.1380070e-02;3.1250000e+02;1.8140554e-02;3.1250000e+02;-2.4031729e-02;3.1250000e+02;-6.6997617e-02;3.1250000e+02;-1.0884981e-01;3.1250000e+02;-1.5201043e-01;3.1250000e+02;-5.8351196e-02;3.1250000e+02;-1.6599640e-02;3.1250000e+02;4.4183187e-02;3.1250000e+02;1.1972595e-01;3.1250000e+02;2.0149000e-01;3.1250000e+02;2.5547194e-01;3.1250000e+02;2.7859071e-01;3.1250000e+02;3.1531924e-01;3.1250000e+02;3.1241241e-01;3.1250000e+02;2.3830758e-01;3.1250000e+02;1.6687088e-01;3.1250000e+02;1.0900486e-01;3.1250000e+02;6.1380070e-02;3.1250000e+02;1.8140554e-02;3.1250000e+02;-2.4031729e-02;3.1250000e+02;-6.6997617e-02;3.1250000e+02;-1.0884981e-01;3.1250000e+02;-1.5201043e-01;3.1250000e+02;-5.8351196e-02;3.1250000e+02;-1.6599640e-02;3.1250000e+02;4.4183187e-02;3.1250000e+02;1.1972595e-01;3.1250000e+02;2.0149000e-01;3.1250000e+02;2.5547194e-01;3.1250000e+02;2.7859071e-01;3.1250000e+02;3.1531924e-01;3.1250000e+02;3.1241241e-01;3.1250000e+02;2.3830758e-01;3.1250000e+02;1.6687088e-01;3.1250000e+02;1.0900486e-01;3.1250000e+02;6.1380070e-02;3.1250000e+02;1.8140554e-02;3.1250000e+02;-2.4031729e-02;3.1250000e+02;-6.6997617e-02;3.1250000e+02;-1.0884981e-01;3.1250000e+02;-1.5201043e-01;3.1250000e+02;-5.8351196e-02;3.1250000e+02;-1.6599640e-02;3.1250000e+02;4.4183187e-02;3.1250000e+02;1.1972595e-01;3.1250000e+02;2.0149000e-01;3.1250000e+02;2.5547194e-01;3.1250000e+02;2.7859071e-01;3.1250000e+02;3.1531924e-01;3.1250000e+02;3.1241241e-01;3.1250000e+02;2.3830758e-01;3.1250000e+02;1.6687088e-01;3.1250000e+02;1.0900486e-01;3.1250000e+02;6.1380070e-02;3.1250000e+02;1.8140554e-02;3.1250000e+02;-2.4031729e-02;3.1250000e+02;-6.6997617e-02;3.1250000e+02;-1.0884981e-01;3.1250000e+02;-1.5201043e-01;3.1250000e+02;-5.8351196e-02;3.1250000e+02;-1.6599640e-02;3.1250000e+02;4.4183187e-02;3.1250000e+02;1.1972595e-01;3.1250000e+02;2.0149000e-01;3.1250000e+02;2.5547194e-01;3.1250000e+02;2.7859071e-01;3.1250000e+02;3.1531924e-01;3.1250000e+02;3.1241241e-01;3.1250000e+02;2.3830758e-01;3.1250000e+02;1.6687088e-01;3.1250000e+02;1.0900486e-01;3.1250000e+02;6.1380070e-02;3.1250000e+02;1.8140554e-02;3.1250000e+02;-2.4031729e-02;3.1250000e+02;-6.6997617e-02;3.1250000e+02;-1.0884981e-01;3.1250000e+02;-1.5201043e-01;3.1250000e+02;-5.8351196e-02;3.1250000e+02;-1.6599640e-02;3.1250000e+02;4.4183187e-02;3.1250000e+02;1.1972595e-01;3.1250000e+02;2.0149000e-01;3.1250000e+02;2.5547194e-01;3.1250000e+02;2.7859071e-01;3.1250000e+02;3.1531924e-01;3.1250000e+02;3.1241241e-01;3.1250000e+02;2.3830758e-01;3.1250000e+02;1.6687088e-01;3.1250000e+02;1.0900486e-01;3.1250000e+02;6.1380070e-02;3.1250000e+02;1.8140554e-02;3.1250000e+02;-2.4031729e-02;3.1250000e+02;-6.6997617e-02;3.1250000e+02;-1.0884981e-01;3.1250000e+02;-1.5201043e-01;3.1250000e+02;-5.8351196e-02;3.1250000e+02;-1.6599640e-02;3.1250000e+02;4.4183187e-02;3.1250000e+02;1.1972595e-01;3.1250000e+02;2.0149000e-01;3.1250000e+02;2.5547194e-01;3.1250000e+02;2.7859071e-01;3.1250000e+02;3.1531924e-01;3.1250000e+02;3.1241241e-01;3.1250000e+02;2.3830758e-01;3.1250000e+02;1.6687088e-01;3.1250000e+02;1.0900486e-01;3.1250000e+02;6.1380070e-02;3.1250000e+02;1.8140554e-02;3.1250000e+02;-2.4031729e-02;3.1250000e+02;-6.6997617e-02;3.1250000e+02;-1.0884981e-01;3.1250000e+02;-1.5201043e-01;3.1250000e+02;-5.8351196e-02;3.1250000e+02;-1.6599640e-02;3.1250000e+02;4.4183187e-02;3.1250000e+02;1.1972595e-01;3.1250000e+02;2.0149000e-01;3.1250000e+02;2.5547194e-01;3.1250000e+02;2.7859071e-01;3.1250000e+02;3.1531924e-01;3.1250000e+02;3.1241241e-01;3.1250000e+02;2.3830758e-01;3.1250000e+02;1.6687088e-01;3.1250000e+02;1.0900486e-01;3.1250000e+02;6.1380070e-02;3.1250000e+02;1.8140554e-02;3.1250000e+02;-2.4031729e-02;3.1250000e+02;-6.6997617e-02;3.1250000e+02;-1.0884981e-01;3.1250000e+02;-1.5201043e-01;3.1250000e+02;-5.8351196e-02;3.1250000e+02;-1.6599640e-02;3.1250000e+02;4.4183187e-02;3.1250000e+02;1.1972595e-01;3.1250000e+02;2.0149000e-01;3.1250000e+02;2.5547194e-01;3.1250000e+02;2.7859071e-01;3.1250000e+02;3.1531924e-01;3.1250000e+02;3.1241241e-01;3.1250000e+02;2.3830758e-01;3.1250000e+02;1.6687088e-01;3.1250000e+02;1.0900486e-01;3.1250000e+02;6.1380070e-02;3.1250000e+02;1.8140554e-02;3.1250000e+02;-2.4031729e-02;3.1250000e+02;-6.6997617e-02;3.1250000e+02;-1.0884981e-01;3.1250000e+02;-1.5201043e-01;3.1250000e+02;-5.8351196e-02;3.1250000e+02;-1.6599640e-02;3.1250000e+02;4.4183187e-02;3.1250000e+02;1.1972595e-01;3.1250000e+02;2.0149000e-01;3.1250000e+02;2.5547194e-01;3.1250000e+02;2.7859071e-01;3.1250000e+02;3.1531924e-01;3.1250000e+02;3.1241241e-01;3.1250000e+02;2.3830758e-01;3.1250000e+02;1.6687088e-01;3.1250000e+02;1.0900486e-01;3.1250000e+02;6.1380070e-02;3.1250000e+02;1.8140554e-02;3.1250000e+02;-2.4031729e-02;3.1250000e+02;-6.6997617e-02;3.1250000e+02;-1.0884981e-01;3.1250000e+02;-1.5201043e-01;3.1250000e+02;-5.8351196e-02;3.1250000e+02;-1.6599640e-02;3.1250000e+02;4.4183187e-02;3.1250000e+02;1.1972595e-01;3.1250000e+02;2.0149000e-01;3.1250000e+02;2.5547194e-01;3.1250000e+02;2.7859071e-01;3.1250000e+02;3.1531924e-01;3.1250000e+02;3.1241241e-01;3.1250000e+02;2.3830758e-01;3.1250000e+02;1.6687088e-01;3.1250000e+02;1.0900486e-01;3.1250000e+02;6.1380070e-02;3.1250000e+02;1.8140554e-02;3.1250000e+02;-2.4031729e-02;3.1250000e+02;-6.6997617e-02;3.1250000e+02;-1.0884981e-01;3.1250000e+02;-1.5201043e-01;3.1250000e+02;-5.8351196e-02;3.1250000e+02;-1.6599640e-02;3.1250000e+02;4.4183187e-02;3.1250000e+02;1.1972595e-01;3.1250000e+02;2.0149000e-01;3.1250000e+02;2.5547194e-01;3.1250000e+02;2.7859071e-01;3.1250000e+02;3.1531924e-01;3.1250000e+02;3.1241241e-01;3.1250000e+02;2.3830758e-01;3.1250000e+02;1.6687088e-01;3.1250000e+02;1.0900486e-01;3.1250000e+02;6.1380070e-02;3.1250000e+02;1.8140554e-02;3.1250000e+02;-2.4031729e-02;3.1250000e+02;-6.6997617e-02;3.1250000e+02;-1.0884981e-01;3.1250000e+02;-1.5201043e-01;3.1250000e+02;-5.8351196e-02;3.1250000e+02;-1.6599640e-02;3.1250000e+02;4.4183187e-02;3.1250000e+02;1.1972595e-01;3.1250000e+02;2.0149000e-01;3.1250000e+02;2.5547194e-01;3.1250000e+02;2.7859071e-01;3.1250000e+02;3.1531924e-01;3.1250000e+02;3.1241241e-01;3.1250000e+02;2.3830758e-01;3.1250000e+02;1.6687088e-01;3.1250000e+02;1.0900486e-01;3.1250000e+02;6.1380070e-02;3.1250000e+02;1.8140554e-02;3.1250000e+02;-2.4031729e-02;3.1250000e+02;-6.6997617e-02;3.1250000e+02;-1.0884981e-01;3.1250000e+02;-1.5201043e-01;3.1250000e+02;-5.8351196e-02;3.1250000e+02;-1.6599640e-02;3.1250000e+02;4.4183187e-02;3.1250000e+02;1.1972595e-01;3.1250000e+02;2.0149000e-01;3.1250000e+02;2.5547194e-01;3.1250000e+02;2.7859071e-01;3.1250000e+02;3.1531924e-01;3.1250000e+02;3.1241241e-01;3.1250000e+02;2.3830758e-01;3.1250000e+02;1.6687088e-01;3.1250000e+02;1.0900486e-01;3.1250000e+02;6.1380070e-02;3.1250000e+02;1.8140554e-02;3.1250000e+02;-2.4031729e-02;3.1250000e+02;-6.6997617e-02;3.1250000e+02;-1.0884981e-01;3.1250000e+02;-1.5201043e-01;3.1250000e+02;-5.8351196e-02;3.1250000e+02;-1.6599640e-02;3.1250000e+02;4.4183187e-02;3.1250000e+02;1.1972595e-01;3.1250000e+02;2.0149000e-01;3.1250000e+02;2.5547194e-01;3.1250000e+02;2.7859071e-01;3.1250000e+02;3.1531924e-01;3.1250000e+02;3.1241241e-01;3.1250000e+02;2.3830758e-01;3.1250000e+02;1.6687088e-01;3.1250000e+02;1.0900486e-01;3.1250000e+02;6.1380070e-02;3.1250000e+02;1.8140554e-02;3.1250000e+02;-2.4031729e-02;3.1250000e+02;-6.6997617e-02;3.1250000e+02;-1.0884981e-01;3.1250000e+02;-1.5201043e-01;3.1250000e+02;-5.8351196e-02;3.1250000e+02;-1.6599640e-02;3.1250000e+02;4.4183187e-02;3.1250000e+02;1.1972595e-01;3.1250000e+02;2.0149000e-01;3.1250000e+02;2.5547194e-01;3.1250000e+02;2.7859071e-01;3.1250000e+02;3.1531924e-01;3.1250000e+02;3.1241241e-01;3.1250000e+02;2.3830758e-01;3.1250000e+02;1.6687088e-01;3.1250000e+02;1.0900486e-01;3.1250000e+02;6.1380070e-02;3.1250000e+02;1.8140554e-02;3.1250000e+02;-2.4031729e-02;3.1250000e+02;-6.6997617e-02;3.1250000e+02;-1.0884981e-01;3.1250000e+02;-1.5201043e-01;3.1250000e+02;-5.8351196e-02;3.1250000e+02;-1.6599640e-02;3.1250000e+02;4.4183187e-02;3.1250000e+02;1.1972595e-01;3.1250000e+02;2.0149000e-01;3.1250000e+02;2.5547194e-01;3.1250000e+02;2.7859071e-01;3.1250000e+02;3.1531924e-01;3.1250000e+02;3.1241241e-01;3.1250000e+02;2.3830758e-01;3.1250000e+02;1.6687088e-01;3.1250000e+02;1.0900486e-01;3.1250000e+02;6.1380070e-02;3.1250000e+02;1.8140554e-02;3.1250000e+02;-2.4031729e-02;3.1250000e+02;-6.6997617e-02;3.1250000e+02;-1.0884981e-01;3.1250000e+02;-1.5201043e-01;3.1250000e+02;-5.8351196e-02;3.1250000e+02;-1.6599640e-02;3.1250000e+02;4.4183187e-02;3.1250000e+02;1.1972595e-01;3.1250000e+02;2.0149000e-01;3.1250000e+02;2.5547194e-01;3.1250000e+02;2.7859071e-01;3.1250000e+02;3.1531924e-01;3.1250000e+02;3.1241241e-01;3.1250000e+02;2.3830758e-01;3.1250000e+02;1.6687088e-01;3.1250000e+02;1.0900486e-01;3.1250000e+02;6.1380070e-02;3.1250000e+02;1.8140554e-02;3.1250000e+02;-2.4031729e-02;3.1250000e+02;-6.6997617e-02;3.1250000e+02;-1.0884981e-01;3.1250000e+02;-1.5201043e-01;3.1250000e+02;-5.8351196e-02;3.1250000e+02;-1.6599640e-02;3.1250000e+02;4.4183187e-02;3.1250000e+02;1.1972595e-01;3.1250000e+02;2.0149000e-01;3.1250000e+02;2.5547194e-01;3.1250000e+02;2.7859071e-01;3.1250000e+02;3.1531924e-01;3.1250000e+02;3.1241241e-01;3.1250000e+02;2.3830758e-01;3.1250000e+02;1.6687088e-01;3.1250000e+02;1.0900486e-01;3.1250000e+02;6.1380070e-02;3.1250000e+02;1.8140554e-02;3.1250000e+02;-2.4031729e-02;3.1250000e+02;-6.6997617e-02;3.1250000e+02;-1.0884981e-01;3.1250000e+02;-1.5201043e-01;3.1250000e+02;-5.8351196e-02;3.1250000e+02;-1.6599640e-02;3.1250000e+02;4.4183187e-02;3.1250000e+02;1.1972595e-01;3.1250000e+02;2.0149000e-01;3.1250000e+02;2.5547194e-01;3.1250000e+02;2.7859071e-01;3.1250000e+02;3.1531924e-01;3.1250000e+02;3.1241241e-01;3.1250000e+02;2.3830758e-01;3.1250000e+02;1.6687088e-01;3.1250000e+02;1.0900486e-01;3.1250000e+02;6.1380070e-02;3.1250000e+02;1.8140554e-02;3.1250000e+02;-2.4031729e-02;3.1250000e+02;-6.6997617e-02;3.1250000e+02;-1.0884981e-01;3.1250000e+02;-1.5201043e-01;3.1250000e+02;-5.8351196e-02;3.1250000e+02;-1.6599640e-02;3.1250000e+02;4.4183187e-02;3.1250000e+02;1.1972595e-01;3.1250000e+02;2.0149000e-01;3.1250000e+02;2.5547194e-01;3.1250000e+02;2.7859071e-01;3.1250000e+02;3.1531924e-01;3.1250000e+02;3.1241241e-01;3.1250000e+02;2.3830758e-01;3.1250000e+02;1.6687088e-01;3.1250000e+02;1.0900486e-01;3.1250000e+02;6.1380070e-02;3.1250000e+02;1.8140554e-02;3.1250000e+02;-2.4031729e-02;3.1250000e+02;-6.6997617e-02;3.1250000e+02;-1.0884981e-01;3.1250000e+02;-1.5201043e-01;3.1250000e+02;-5.8351196e-02;3.1250000e+02;-1.6599640e-02;3.1250000e+02;4.4183187e-02;3.1250000e+02;1.1972595e-01;3.1250000e+02;2.0149000e-01;3.1250000e+02;2.5547194e-01;3.1250000e+02;2.7859071e-01;3.1250000e+02;3.1531924e-01;3.1250000e+02;3.1241241e-01;3.1250000e+02;2.3830758e-01;3.1250000e+02;1.6687088e-01;3.1250000e+02;1.0900486e-01;3.1250000e+02;6.1380070e-02;3.1250000e+02;1.8140554e-02;3.1250000e+02;-2.4031729e-02;3.1250000e+02;-6.6997617e-02;3.1250000e+02;-1.0884981e-01;3.1250000e+02;-1.5201043e-01;3.1250000e+02;-5.8351196e-02;3.1250000e+02;-1.6599640e-02;3.1250000e+02;4.4183187e-02;3.1250000e+02;1.1972595e-01;3.1250000e+02;2.0149000e-01;3.1250000e+02;2.5547194e-01;3.1250000e+02;2.7859071e-01;3.1250000e+02;3.1531924e-01;3.1250000e+02;3.1241241e-01;3.1250000e+02;2.3830758e-01;3.1250000e+02;1.6687088e-01;3.1250000e+02;1.0900486e-01;3.1250000e+02;6.1380070e-02;3.1250000e+02;1.8140554e-02;3.1250000e+02;-2.4031729e-02;3.1250000e+02;-6.6997617e-02;3.1250000e+02;-1.0884981e-01;3.1250000e+02;-1.5201043e-01;3.1250000e+02;-5.8351196e-02;3.1250000e+02;-1.6599640e-02;3.1250000e+02;4.4183187e-02;3.1250000e+02;1.1972595e-01;3.1250000e+02;2.0149000e-01;3.1250000e+02;2.5547194e-01;3.1250000e+02;2.7859071e-01;3.1250000e+02;3.1531924e-01;3.1250000e+02;3.1241241e-01;3.1250000e+02;2.3830758e-01;3.1250000e+02;1.6687088e-01;3.1250000e+02;1.0900486e-01;3.1250000e+02;6.1380070e-02;3.1250000e+02;1.8140554e-02;3.1250000e+02;-2.4031729e-02;3.1250000e+02;-6.6997617e-02;3.1250000e+02;-1.0884981e-01;3.1250000e+02;-1.5201043e-01;3.1250000e+02;-5.8351196e-02;3.1250000e+02;-1.6599640e-02;3.1250000e+02;4.4183187e-02;3.1250000e+02;1.1972595e-01;3.1250000e+02;2.0149000e-01;3.1250000e+02;2.5547194e-01;3.1250000e+02;2.7859071e-01;3.1250000e+02;3.1531924e-01;3.1250000e+02;3.1241241e-01;3.1250000e+02;2.3830758e-01;3.1250000e+02;1.6687088e-01;3.1250000e+02;1.0900486e-01;3.1250000e+02;6.1380070e-02;3.1250000e+02;1.8140554e-02;3.1250000e+02;-2.4031729e-02;3.1250000e+02;-6.6997617e-02;3.1250000e+02;-1.0884981e-01;3.1250000e+02;-1.5201043e-01;3.1250000e+02;-5.8351196e-02;3.1250000e+02;-1.6599640e-02;3.1250000e+02;4.4183187e-02;3.1250000e+02;1.1972595e-01;3.1250000e+02;2.0149000e-01;3.1250000e+02;2.5547194e-01;3.1250000e+02;2.7859071e-01;3.1250000e+02;3.1531924e-01;3.1250000e+02;3.1241241e-01;3.1250000e+02;2.3830758e-01;3.1250000e+02;1.6687088e-01;3.1250000e+02;1.0900486e-01;3.1250000e+02;6.1380070e-02;3.1250000e+02;1.8140554e-02;3.1250000e+02;-2.4031729e-02;3.1250000e+02;-6.6997617e-02;3.1250000e+02;-1.0884981e-01;3.1250000e+02;-1.5201043e-01;3.1250000e+02;-5.8351196e-02;3.1250000e+02;-1.6599640e-02;3.1250000e+02;4.4183187e-02;3.1250000e+02;1.1972595e-01;3.1250000e+02;2.0149000e-01;3.1250000e+02;2.5547194e-01;3.1250000e+02;2.7859071e-01;3.1250000e+02;3.1531924e-01;3.1250000e+02;3.1241241e-01;3.1250000e+02;2.3830758e-01;3.1250000e+02;1.6687088e-01;3.1250000e+02;1.0900486e-01;3.1250000e+02;6.1380070e-02;3.1250000e+02;1.8140554e-02;3.1250000e+02;-2.4031729e-02;3.1250000e+02;-6.6997617e-02;3.1250000e+02;-1.0884981e-01;3.1250000e+02;-1.5201043e-01;3.1250000e+02;-5.8351196e-02;3.1250000e+02;-1.6599640e-02;3.1250000e+02;4.4183187e-02;3.1250000e+02;1.1972595e-01;3.1250000e+02;2.0149000e-01;3.1250000e+02;2.5547194e-01;3.1250000e+02;2.7859071e-01;3.1250000e+02;3.1531924e-01;3.1250000e+02;3.1241241e-01;3.1250000e+02;2.3830758e-01;3.1250000e+02;1.6687088e-01;3.1250000e+02;1.0900486e-01;3.1250000e+02;6.1380070e-02;3.1250000e+02;1.8140554e-02;3.1250000e+02;-2.4031729e-02;3.1250000e+02;-6.6997617e-02;3.1250000e+02;-1.0884981e-01;3.1250000e+02;-1.5201043e-01;3.1250000e+02;-5.8351196e-02;3.1250000e+02;-1.6599640e-02;3.1250000e+02;4.4183187e-02;3.1250000e+02;1.1972595e-01;3.1250000e+02;2.0149000e-01;3.1250000e+02;2.5547194e-01;3.1250000e+02;2.7859071e-01;3.1250000e+02;3.1531924e-01;3.1250000e+02;3.1241241e-01;3.1250000e+02;2.3830758e-01;3.1250000e+02;1.6687088e-01;3.1250000e+02;1.0900486e-01;3.1250000e+02;6.1380070e-02;3.1250000e+02;1.8140554e-02;3.1250000e+02;-2.4031729e-02;3.1250000e+02;-6.6997617e-02;3.1250000e+02;-1.0884981e-01;3.1250000e+02;-1.5201043e-01;3.1250000e+02;-5.8351196e-02;3.1250000e+02;-1.6599640e-02;3.1250000e+02;4.4183187e-02;3.1250000e+02;1.1972595e-01;3.1250000e+02;2.0149000e-01;3.1250000e+02;2.5547194e-01;3.1250000e+02;2.7859071e-01;3.1250000e+02;3.1531924e-01;3.1250000e+02;3.1241241e-01;3.1250000e+02;2.3830758e-01;3.1250000e+02;1.6687088e-01;3.1250000e+02;1.0900486e-01;3.1250000e+02;6.1380070e-02;3.1250000e+02;1.8140554e-02;3.1250000e+02;-2.4031729e-02;3.1250000e+02;-6.6997617e-02;3.1250000e+02;-1.0884981e-01;3.1250000e+02;-1.5201043e-01;3.1250000e+02;-5.8351196e-02;3.1250000e+02;-1.6599640e-02;3.1250000e+02;4.4183187e-02;3.1250000e+02;1.1972595e-01;3.1250000e+02;2.0149000e-01;3.1250000e+02;2.5547194e-01;3.1250000e+02;2.7859071e-01;3.1250000e+02;3.1531924e-01;3.1250000e+02;3.1241241e-01;3.1250000e+02;2.3830758e-01;3.1250000e+02;1.6687088e-01;3.1250000e+02;1.0900486e-01;3.1250000e+02;6.1380070e-02;3.1250000e+02;1.8140554e-02;3.1250000e+02;-2.4031729e-02;3.1250000e+02;-6.6997617e-02;3.1250000e+02;-1.0884981e-01;3.1250000e+02;-1.5201043e-01;3.1250000e+02;-5.8351196e-02;3.1250000e+02;-1.6599640e-02;3.1250000e+02;4.4183187e-02;3.1250000e+02;1.1972595e-01;3.1250000e+02;2.0149000e-01;3.1250000e+02;2.5547194e-01;3.1250000e+02;2.7859071e-01;3.1250000e+02;3.1531924e-01;3.1250000e+02;3.1241241e-01;3.1250000e+02;2.3830758e-01;3.1250000e+02;1.6687088e-01;3.1250000e+02;1.0900486e-01;3.1250000e+02;6.1380070e-02;3.1250000e+02;1.8140554e-02;3.1250000e+02;-2.4031729e-02;3.1250000e+02;-6.6997617e-02;3.1250000e+02;-1.0884981e-01;3.1250000e+02;-1.5201043e-01;3.1250000e+02;-5.8351196e-02;3.1250000e+02;-1.6599640e-02;3.1250000e+02;4.4183187e-02;3.1250000e+02;1.1972595e-01;3.1250000e+02;2.0149000e-01;3.1250000e+02;2.5547194e-01;3.1250000e+02;2.7859071e-01;3.1250000e+02;3.1531924e-01;3.1250000e+02;3.1241241e-01;3.1250000e+02;2.3830758e-01;3.1250000e+02;1.6687088e-01;3.1250000e+02;1.0900486e-01;3.1250000e+02;6.1380070e-02;3.1250000e+02;1.8140554e-02;3.1250000e+02;-2.4031729e-02;3.1250000e+02;-6.6997617e-02;3.1250000e+02;-1.0884981e-01;3.1250000e+02;-1.5201043e-01;3.1250000e+02;-5.8351196e-02;3.1250000e+02;-1.6599640e-02;3.1250000e+02;4.4183187e-02;3.1250000e+02;1.1972595e-01;3.1250000e+02;2.0149000e-01;3.1250000e+02;2.5547194e-01;3.1250000e+02;2.7859071e-01;3.1250000e+02;3.1531924e-01;3.1250000e+02;3.1241241e-01;3.1250000e+02;2.3830758e-01;3.1250000e+02;1.6687088e-01;3.1250000e+02;1.0900486e-01;3.1250000e+02;6.1380070e-02;3.1250000e+02;1.8140554e-02;3.1250000e+02;-2.4031729e-02;3.1250000e+02;-6.6997617e-02;3.1250000e+02;-1.0884981e-01;3.1250000e+02;-1.5201043e-01;3.1250000e+02;-5.8351196e-02;3.1250000e+02;-1.6599640e-02;3.1250000e+02;4.4183187e-02;3.1250000e+02;1.1972595e-01;3.1250000e+02;2.0149000e-01;3.1250000e+02;2.5547194e-01;3.1250000e+02;2.7859071e-01;3.1250000e+02;3.1531924e-01;3.1250000e+02;3.1241241e-01;3.1250000e+02;2.3830758e-01;3.1250000e+02;1.6687088e-01;3.1250000e+02;1.0900486e-01;3.1250000e+02;6.1380070e-02;3.1250000e+02;1.8140554e-02;3.1250000e+02;-2.4031729e-02;3.1250000e+02;-6.6997617e-02;3.1250000e+02;-1.0884981e-01;3.1250000e+02;-1.5201043e-01;3.1250000e+02;-5.8351196e-02;3.1250000e+02;-1.6599640e-02;3.1250000e+02;4.4183187e-02;3.1250000e+02;1.1972595e-01;3.1250000e+02;2.0149000e-01;3.1250000e+02;2.5547194e-01;3.1250000e+02;2.7859071e-01;3.1250000e+02;3.1531924e-01;3.1250000e+02;3.1241241e-01;3.1250000e+02;2.3830758e-01;3.1250000e+02;1.6687088e-01;3.1250000e+02;1.0900486e-01;3.1250000e+02;6.1380070e-02;3.1250000e+02;1.8140554e-02;3.1250000e+02;-2.4031729e-02;3.1250000e+02;-6.6997617e-02;3.1250000e+02;-1.0884981e-01;3.1250000e+02;-1.5201043e-01;3.1250000e+02;-5.8351196e-02;3.1250000e+02;-1.6599640e-02;3.1250000e+02;4.4183187e-02;3.1250000e+02;1.1972595e-01;3.1250000e+02;2.0149000e-01;3.1250000e+02;2.5547194e-01;3.1250000e+02;2.7859071e-01;3.1250000e+02;3.1531924e-01;3.1250000e+02;3.1241241e-01;3.1250000e+02;2.3830758e-01;3.1250000e+02;1.6687088e-01;3.1250000e+02;1.0900486e-01;3.1250000e+02;6.1380070e-02;3.1250000e+02;1.8140554e-02;3.1250000e+02;-2.4031729e-02;3.1250000e+02;-6.6997617e-02;3.1250000e+02;-1.0884981e-01;3.1250000e+02;-1.5201043e-01;3.1250000e+02;-5.8351196e-02;3.1250000e+02;-1.6599640e-02;3.1250000e+02;4.4183187e-02;3.1250000e+02;1.1972595e-01;3.1250000e+02;2.0149000e-01;3.1250000e+02;2.5547194e-01;3.1250000e+02;2.7859071e-01;3.1250000e+02;3.1531924e-01;3.1250000e+02;3.1241241e-01;3.1250000e+02;2.3830758e-01;3.1250000e+02;1.6687088e-01;3.1250000e+02;1.0900486e-01;3.1250000e+02;6.1380070e-02;3.1250000e+02;1.8140554e-02;3.1250000e+02;-2.4031729e-02;3.1250000e+02;-6.6997617e-02;3.1250000e+02;-1.0884981e-01;3.1250000e+02;-1.5201043e-01;3.1250000e+02;-5.8351196e-02;3.1250000e+02;-1.6599640e-02;3.1250000e+02;4.4183187e-02;3.1250000e+02;1.1972595e-01;3.1250000e+02;2.0149000e-01;3.1250000e+02;2.5547194e-01;3.1250000e+02;2.7859071e-01;3.1250000e+02;3.1531924e-01;3.1250000e+02;3.1241241e-01;3.1250000e+02;2.3830758e-01;3.1250000e+02;1.6687088e-01;3.1250000e+02;1.0900486e-01;3.1250000e+02;6.1380070e-02;3.1250000e+02;1.8140554e-02;3.1250000e+02;-2.4031729e-02;3.1250000e+02;-6.6997617e-02;3.1250000e+02;-1.0884981e-01;3.1250000e+02;-1.5201043e-01;3.1250000e+02;-5.8351196e-02;3.1250000e+02;-1.6599640e-02;3.1250000e+02;4.4183187e-02;3.1250000e+02;1.1972595e-01;3.1250000e+02;2.0149000e-01;3.1250000e+02;2.5547194e-01;3.1250000e+02;2.7859071e-01;3.1250000e+02;3.1531924e-01;3.1250000e+02;3.1241241e-01;3.1250000e+02;2.3830758e-01;3.1250000e+02;1.6687088e-01;3.1250000e+02;1.0900486e-01;3.1250000e+02;6.1380070e-02;3.1250000e+02;1.8140554e-02;3.1250000e+02;-2.4031729e-02;3.1250000e+02;-6.6997617e-02;3.1250000e+02;-1.0884981e-01;3.1250000e+02;-1.5201043e-01;3.1250000e+02;-5.8351196e-02;3.1250000e+02;-1.6599640e-02;3.1250000e+02;4.4183187e-02;3.1250000e+02;1.1972595e-01;3.1250000e+02;2.0149000e-01;3.1250000e+02;2.5547194e-01;3.1250000e+02;2.7859071e-01;3.1250000e+02;3.1531924e-01;3.1250000e+02;3.1241241e-01;3.1250000e+02;2.3830758e-01;3.1250000e+02;1.6687088e-01;3.1250000e+02;1.0900486e-01;3.1250000e+02;6.1380070e-02;3.1250000e+02;1.8140554e-02;3.1250000e+02;-2.4031729e-02;3.1250000e+02;-6.6997617e-02;3.1250000e+02;-1.0884981e-01;3.1250000e+02;-1.5201043e-01;3.1250000e+02;-5.8351196e-02;3.1250000e+02;-1.6599640e-02;3.1250000e+02;4.4183187e-02;3.1250000e+02;1.1972595e-01;3.1250000e+02;2.0149000e-01;3.1250000e+02;2.5547194e-01;3.1250000e+02;2.7859071e-01;3.1250000e+02;3.1531924e-01;3.1250000e+02;3.1241241e-01;3.1250000e+02;2.3830758e-01;3.1250000e+02;1.6687088e-01;3.1250000e+02;1.0900486e-01;3.1250000e+02;6.1380070e-02;3.1250000e+02;1.8140554e-02;3.1250000e+02;-2.4031729e-02;3.1250000e+02;-6.6997617e-02;3.1250000e+02;-1.0884981e-01;3.1250000e+02;-1.5201043e-01;3.1250000e+02;-5.8351196e-02;3.1250000e+02;-1.6599640e-02;3.1250000e+02;4.4183187e-02;3.1250000e+02;1.1972595e-01;3.1250000e+02;2.0149000e-01;3.1250000e+02;2.5547194e-01;3.1250000e+02;2.7859071e-01;3.1250000e+02;3.1531924e-01;3.1250000e+02;3.1241241e-01;3.1250000e+02;2.3830758e-01;3.1250000e+02;1.6687088e-01;3.1250000e+02;1.0900486e-01;3.1250000e+02;6.1380070e-02;3.1250000e+02;1.8140554e-02;3.1250000e+02;-2.4031729e-02;3.1250000e+02;-6.6997617e-02;3.1250000e+02;-1.0884981e-01;3.1250000e+02;-1.5201043e-01;3.1250000e+02;-5.8351196e-02;3.1250000e+02;-1.6599640e-02;3.1250000e+02;4.4183187e-02;3.1250000e+02;1.1972595e-01;3.1250000e+02;2.0149000e-01;3.1250000e+02;2.5547194e-01;3.1250000e+02;2.7859071e-01;3.1250000e+02;3.1531924e-01;3.1250000e+02;3.1241241e-01;3.1250000e+02;2.3830758e-01;3.1250000e+02;1.6687088e-01;3.1250000e+02;1.0900486e-01;3.1250000e+02;6.1380070e-02;3.1250000e+02;1.8140554e-02;3.1250000e+02;-2.4031729e-02;3.1250000e+02;-6.6997617e-02;3.1250000e+02;-1.0884981e-01;3.1250000e+02;-1.5201043e-01;3.1250000e+02;-5.8351196e-02;3.1250000e+02;-1.6599640e-02;3.1250000e+02;4.4183187e-02;3.1250000e+02;1.1972595e-01;3.1250000e+02;2.0149000e-01;3.1250000e+02;2.5547194e-01;3.1250000e+02;2.7859071e-01;3.1250000e+02;3.1531924e-01;3.1250000e+02;3.1241241e-01;3.1250000e+02;2.3830758e-01;3.1250000e+02;1.6687088e-01;3.1250000e+02;1.0900486e-01;3.1250000e+02;6.1380070e-02;3.1250000e+02;1.8140554e-02;3.1250000e+02;-2.4031729e-02;3.1250000e+02;-6.6997617e-02;3.1250000e+02;-1.0884981e-01;3.1250000e+02;-1.5201043e-01;3.1250000e+02;-5.8351196e-02;3.1250000e+02;-1.6599640e-02;3.1250000e+02;4.4183187e-02;3.1250000e+02;1.1972595e-01;3.1250000e+02;2.0149000e-01;3.1250000e+02;2.5547194e-01;3.1250000e+02;2.7859071e-01;3.1250000e+02;3.1531924e-01;3.1250000e+02;3.1241241e-01;3.1250000e+02;2.3830758e-01;3.1250000e+02;1.6687088e-01;3.1250000e+02;1.0900486e-01;3.1250000e+02;6.1380070e-02;3.1250000e+02;1.8140554e-02;3.1250000e+02;-2.4031729e-02;3.1250000e+02;-6.6997617e-02;3.1250000e+02;-1.0884981e-01;3.1250000e+02;-1.5201043e-01;3.1250000e+02;-5.8351196e-02;3.1250000e+02;-1.6599640e-02;3.1250000e+02;4.4183187e-02;3.1250000e+02;1.1972595e-01;3.1250000e+02;2.0149000e-01;3.1250000e+02;2.5547194e-01;3.1250000e+02;2.7859071e-01;3.1250000e+02;3.1531924e-01;3.1250000e+02;3.1241241e-01;3.1250000e+02;2.3830758e-01;3.1250000e+02;1.6687088e-01;3.1250000e+02;1.0900486e-01;3.1250000e+02;6.1380070e-02;3.1250000e+02;1.8140554e-02;3.1250000e+02;-2.4031729e-02;3.1250000e+02;-6.6997617e-02;3.1250000e+02;-1.0884981e-01;3.1250000e+02;-1.5201043e-01;3.1250000e+02;-5.8351196e-02;3.1250000e+02;-1.6599640e-02;3.1250000e+02;4.4183187e-02;3.1250000e+02;1.1972595e-01;3.1250000e+02;2.0149000e-01;3.1250000e+02;2.5547194e-01;3.1250000e+02;2.7859071e-01;3.1250000e+02;3.1531924e-01;3.1250000e+02;3.1241241e-01;3.1250000e+02;2.3830758e-01;3.1250000e+02;1.6687088e-01;3.1250000e+02;1.0900486e-01;3.1250000e+02;6.1380070e-02;3.1250000e+02;1.8140554e-02;3.1250000e+02;-2.4031729e-02;3.1250000e+02;-6.6997617e-02;3.1250000e+02;-1.0884981e-01;3.1250000e+02;-1.5201043e-01;3.1250000e+02;-5.8351196e-02;3.1250000e+02;-1.6599640e-02;3.1250000e+02;4.4183187e-02;3.1250000e+02;1.1972595e-01;3.1250000e+02;2.0149000e-01;3.1250000e+02;2.5547194e-01;3.1250000e+02;2.7859071e-01;3.1250000e+02;3.1531924e-01;3.1250000e+02;3.1241241e-01;3.1250000e+02;2.3830758e-01;3.1250000e+02;1.6687088e-01;3.1250000e+02;1.0900486e-01;3.1250000e+02;6.1380070e-02;3.1250000e+02;1.8140554e-02;3.1250000e+02;-2.4031729e-02;3.1250000e+02;-6.6997617e-02;3.1250000e+02;-1.0884981e-01;3.1250000e+02;-1.5201043e-01;3.1250000e+02;-5.8351196e-02;3.1250000e+02;-1.6599640e-02;3.1250000e+02;4.4183187e-02;3.1250000e+02;1.1972595e-01;3.1250000e+02;2.0149000e-01;3.1250000e+02;2.5547194e-01;3.1250000e+02;2.7859071e-01;3.1250000e+02;3.1531924e-01;3.1250000e+02;3.1241241e-01;3.1250000e+02;2.3830758e-01;3.1250000e+02;1.6687088e-01;3.1250000e+02;1.0900486e-01;3.1250000e+02;6.1380070e-02;3.1250000e+02;1.8140554e-02;3.1250000e+02;-2.4031729e-02;3.1250000e+02;-6.6997617e-02;3.1250000e+02;-1.0884981e-01;3.1250000e+02;-1.5201043e-01;3.1250000e+02;-5.8351196e-02;3.1250000e+02;-1.6599640e-02;3.1250000e+02;4.4183187e-02;3.1250000e+02;1.1972595e-01;3.1250000e+02;2.0149000e-01;3.1250000e+02;2.5547194e-01;3.1250000e+02;2.7859071e-01;3.1250000e+02;3.1531924e-01;3.1250000e+02;3.1241241e-01;3.1250000e+02;2.3830758e-01;3.1250000e+02;1.6687088e-01;3.1250000e+02;1.0900486e-01;3.1250000e+02;6.1380070e-02;3.1250000e+02;1.8140554e-02;3.1250000e+02;-2.4031729e-02;3.1250000e+02;-6.6997617e-02;3.1250000e+02;-1.0884981e-01;3.1250000e+02;-1.5201043e-01;3.1250000e+02;-5.8351196e-02;3.1250000e+02;-1.6599640e-02;3.1250000e+02;4.4183187e-02;3.1250000e+02;1.1972595e-01;3.1250000e+02;2.0149000e-01;3.1250000e+02;2.5547194e-01;3.1250000e+02;2.7859071e-01;3.1250000e+02;3.1531924e-01;3.1250000e+02;3.1241241e-01;3.1250000e+02;2.3830758e-01;3.1250000e+02;1.6687088e-01;3.1250000e+02;1.0900486e-01;3.1250000e+02;6.1380070e-02;3.1250000e+02;1.8140554e-02;3.1250000e+02;-2.4031729e-02;3.1250000e+02;-6.6997617e-02;3.1250000e+02;-1.0884981e-01;3.1250000e+02;-1.5201043e-01;3.1250000e+02;-5.8351196e-02;3.1250000e+02;-1.6599640e-02;3.1250000e+02;4.4183187e-02;3.1250000e+02;1.1972595e-01;3.1250000e+02;2.0149000e-01;3.1250000e+02;2.5547194e-01;3.1250000e+02;2.7859071e-01;3.1250000e+02;3.1531924e-01;3.1250000e+02;3.1241241e-01;3.1250000e+02;2.3830758e-01;3.1250000e+02;1.6687088e-01;3.1250000e+02;1.0900486e-01;3.1250000e+02;6.1380070e-02;3.1250000e+02;1.8140554e-02;3.1250000e+02;-2.4031729e-02;3.1250000e+02;-6.6997617e-02;3.1250000e+02;-1.0884981e-01;3.1250000e+02;-1.5201043e-01;3.1250000e+02;-5.8351196e-02;3.1250000e+02;-1.6599640e-02;3.1250000e+02;4.4183187e-02;3.1250000e+02;1.1972595e-01;3.1250000e+02;2.0149000e-01;3.1250000e+02;2.5547194e-01;3.1250000e+02;2.7859071e-01;3.1250000e+02;3.1531924e-01;3.1250000e+02;3.1241241e-01;3.1250000e+02;2.3830758e-01;3.1250000e+02;1.6687088e-01;3.1250000e+02;1.0900486e-01;3.1250000e+02;6.1380070e-02;3.1250000e+02;1.8140554e-02;3.1250000e+02;-2.4031729e-02;3.1250000e+02;-6.6997617e-02;3.1250000e+02;-1.0884981e-01;3.1250000e+02;-1.5201043e-01;3.1250000e+02;-5.8351196e-02;3.1250000e+02;-1.6599640e-02;3.1250000e+02;4.4183187e-02;3.1250000e+02;1.1972595e-01;3.1250000e+02;2.0149000e-01;3.1250000e+02;2.5547194e-01;3.1250000e+02;2.7859071e-01;3.1250000e+02;3.1531924e-01;3.1250000e+02;3.1241241e-01;3.1250000e+02;2.3830758e-01;3.1250000e+02;1.6687088e-01;3.1250000e+02;1.0900486e-01;3.1250000e+02;6.1380070e-02;3.1250000e+02;1.8140554e-02;3.1250000e+02;-2.4031729e-02;3.1250000e+02;-6.6997617e-02;3.1250000e+02;-1.0884981e-01;3.1250000e+02;-1.5201043e-01;3.1250000e+02;-5.8351196e-02;3.1250000e+02;-1.6599640e-02;3.1250000e+02;4.4183187e-02;3.1250000e+02;1.1972595e-01;3.1250000e+02;2.0149000e-01;3.1250000e+02;2.5547194e-01;3.1250000e+02;2.7859071e-01;3.1250000e+02;3.1531924e-01;3.1250000e+02;3.1241241e-01;3.1250000e+02;2.3830758e-01;3.1250000e+02;1.6687088e-01;3.1250000e+02;1.0900486e-01;3.1250000e+02;6.1380070e-02;3.1250000e+02;1.8140554e-02;3.1250000e+02;-2.4031729e-02;3.1250000e+02;-6.6997617e-02;3.1250000e+02;-1.0884981e-01;3.1250000e+02;-1.5201043e-01;3.1250000e+02;-5.8351196e-02;3.1250000e+02;-1.6599640e-02;3.1250000e+02;4.4183187e-02;3.1250000e+02;1.1972595e-01;3.1250000e+02;2.0149000e-01;3.1250000e+02;2.5547194e-01;3.1250000e+02;2.7859071e-01;3.1250000e+02;3.1531924e-01;3.1250000e+02;3.1241241e-01;3.1250000e+02;2.3830758e-01;3.1250000e+02;1.6687088e-01;3.1250000e+02;1.0900486e-01;3.1250000e+02;6.1380070e-02;3.1250000e+02;1.8140554e-02;3.1250000e+02;-2.4031729e-02;3.1250000e+02;-6.6997617e-02;3.1250000e+02;-1.0884981e-01;3.1250000e+02;-1.5201043e-01;3.1250000e+02;-5.8351196e-02;3.1250000e+02;-1.6599640e-02;3.1250000e+02;4.4183187e-02;3.1250000e+02;1.1972595e-01;3.1250000e+02;2.0149000e-01;3.1250000e+02;2.5547194e-01;3.1250000e+02;2.7859071e-01;3.1250000e+02;3.1531924e-01;3.1250000e+02;3.1241241e-01;3.1250000e+02;2.3830758e-01;3.1250000e+02;1.6687088e-01;3.1250000e+02;1.0900486e-01;3.1250000e+02;6.1380070e-02;3.1250000e+02;1.8140554e-02;3.1250000e+02;-2.4031729e-02;3.1250000e+02;-6.6997617e-02;3.1250000e+02;-1.0884981e-01;3.1250000e+02;-1.5201043e-01;3.1250000e+02;-5.8351196e-02;3.1250000e+02;-1.6599640e-02;3.1250000e+02;4.4183187e-02;3.1250000e+02;1.1972595e-01;3.1250000e+02;2.0149000e-01;3.1250000e+02;2.5547194e-01;3.1250000e+02;2.7859071e-01;3.1250000e+02;3.1531924e-01;3.1250000e+02;3.1241241e-01;3.1250000e+02;2.3830758e-01;3.1250000e+02;1.6687088e-01;3.1250000e+02;1.0900486e-01;3.1250000e+02;6.1380070e-02;3.1250000e+02;1.8140554e-02;3.1250000e+02;-2.4031729e-02;3.1250000e+02;-6.6997617e-02;3.1250000e+02;-1.0884981e-01;3.1250000e+02;-1.5201043e-01;3.1250000e+02;-5.8351196e-02;3.1250000e+02;-1.6599640e-02;3.1250000e+02;4.4183187e-02;3.1250000e+02;1.1972595e-01;3.1250000e+02;2.0149000e-01;3.1250000e+02;2.5547194e-01;3.1250000e+02;2.7859071e-01;3.1250000e+02;3.1531924e-01;3.1250000e+02;3.1241241e-01;3.1250000e+02;2.3830758e-01;3.1250000e+02;1.6687088e-01;3.1250000e+02;1.0900486e-01;3.1250000e+02;6.1380070e-02;3.1250000e+02;1.8140554e-02;3.1250000e+02;-2.4031729e-02;3.1250000e+02;-6.6997617e-02;3.1250000e+02;-1.0884981e-01;3.1250000e+02;-1.5201043e-01;3.1250000e+02;-5.8351196e-02;3.1250000e+02;-1.6599640e-02;3.1250000e+02;4.4183187e-02;3.1250000e+02;1.1972595e-01;3.1250000e+02;2.0149000e-01;3.1250000e+02;2.5547194e-01;3.1250000e+02;2.7859071e-01;3.1250000e+02;3.1531924e-01;3.1250000e+02;3.1241241e-01;3.1250000e+02;2.3830758e-01;3.1250000e+02;1.6687088e-01;3.1250000e+02;1.0900486e-01;3.1250000e+02;6.1380070e-02;3.1250000e+02;1.8140554e-02;3.1250000e+02;-2.4031729e-02;3.1250000e+02;-6.6997617e-02;3.1250000e+02;-1.0884981e-01;3.1250000e+02;-1.5201043e-01;3.1250000e+02;-5.8351196e-02;3.1250000e+02;-1.6599640e-02;3.1250000e+02;4.4183187e-02;3.1250000e+02;1.1972595e-01;3.1250000e+02;2.0149000e-01;3.1250000e+02;2.5547194e-01;3.1250000e+02;2.7859071e-01;3.1250000e+02;3.1531924e-01;3.1250000e+02;3.1241241e-01;3.1250000e+02;2.3830758e-01;3.1250000e+02;1.6687088e-01;3.1250000e+02;1.0900486e-01;3.1250000e+02;6.1380070e-02;3.1250000e+02;1.8140554e-02;3.1250000e+02;-2.4031729e-02;3.1250000e+02;-6.6997617e-02;3.1250000e+02;-1.0884981e-01;3.1250000e+02;-1.5201043e-01;3.1250000e+02;-5.8351196e-02;3.1250000e+02;-1.6599640e-02;3.1250000e+02;4.4183187e-02;3.1250000e+02;1.1972595e-01;3.1250000e+02;2.0149000e-01;3.1250000e+02;2.5547194e-01;3.1250000e+02;2.7859071e-01;3.1250000e+02;3.1531924e-01;3.1250000e+02;3.1241241e-01;3.1250000e+02;2.3830758e-01;3.1250000e+02;1.6687088e-01;3.1250000e+02;1.0900486e-01;3.1250000e+02;6.1380070e-02;3.1250000e+02;1.8140554e-02;3.1250000e+02;-2.4031729e-02;3.1250000e+02;-6.6997617e-02;3.1250000e+02;-1.0884981e-01;3.1250000e+02;-1.5201043e-01;3.1250000e+02;-5.8351196e-02;3.1250000e+02;-1.6599640e-02;3.1250000e+02;4.4183187e-02;3.1250000e+02;1.1972595e-01;3.1250000e+02;2.0149000e-01;3.1250000e+02;2.5547194e-01;3.1250000e+02;2.7859071e-01;3.1250000e+02;3.1531924e-01;3.1250000e+02;3.1241241e-01;3.1250000e+02;2.3830758e-01;3.1250000e+02;1.6687088e-01;3.1250000e+02;1.0900486e-01;3.1250000e+02;6.1380070e-02;3.1250000e+02;1.8140554e-02;3.1250000e+02;-2.4031729e-02;3.1250000e+02;-6.6997617e-02;3.1250000e+02;-1.0884981e-01;3.1250000e+02;-1.5201043e-01;3.1250000e+02;-5.8351196e-02;3.1250000e+02;-1.6599640e-02;3.1250000e+02;4.4183187e-02;3.1250000e+02;1.1972595e-01;3.1250000e+02;2.0149000e-01;3.1250000e+02;2.5547194e-01;3.1250000e+02;2.7859071e-01;3.1250000e+02;3.1531924e-01;3.1250000e+02;3.1241241e-01;3.1250000e+02;2.3830758e-01;3.1250000e+02;1.6687088e-01;3.1250000e+02;1.0900486e-01;3.1250000e+02;6.1380070e-02;3.1250000e+02;1.8140554e-02;3.1250000e+02;-2.4031729e-02;3.1250000e+02;-6.6997617e-02;3.1250000e+02;-1.0884981e-01;3.1250000e+02;-1.5201043e-01;3.1250000e+02;-5.8351196e-02;3.1250000e+02;-1.6599640e-02;3.1250000e+02;4.4183187e-02;3.1250000e+02;1.1972595e-01;3.1250000e+02;2.0149000e-01;3.1250000e+02;2.5547194e-01;3.1250000e+02;2.7859071e-01;3.1250000e+02;3.1531924e-01;3.1250000e+02;3.1241241e-01;3.1250000e+02;2.3830758e-01;3.1250000e+02;1.6687088e-01;3.1250000e+02;1.0900486e-01;3.1250000e+02;6.1380070e-02;3.1250000e+02;1.8140554e-02;3.1250000e+02;-2.4031729e-02;3.1250000e+02;-6.6997617e-02;3.1250000e+02;-1.0884981e-01;3.1250000e+02;-1.5201043e-01;3.1250000e+02;-5.8351196e-02;3.1250000e+02;-1.6599640e-02;3.1250000e+02;4.4183187e-02;3.1250000e+02;1.1972595e-01;3.1250000e+02;2.0149000e-01;3.1250000e+02;2.5547194e-01;3.1250000e+02;2.7859071e-01;3.1250000e+02;3.1531924e-01;3.1250000e+02;3.1241241e-01;3.1250000e+02;2.3830758e-01;3.1250000e+02;1.6687088e-01;3.1250000e+02;1.0900486e-01;3.1250000e+02;6.1380070e-02;3.1250000e+02;1.8140554e-02;3.1250000e+02;-2.4031729e-02;3.1250000e+02;-6.6997617e-02;3.1250000e+02;-1.0884981e-01;3.1250000e+02;-1.5201043e-01;3.1250000e+02;-5.8351196e-02;3.1250000e+02;-1.6599640e-02;3.1250000e+02;4.4183187e-02;3.1250000e+02;1.1972595e-01;3.1250000e+02;2.0149000e-01;3.1250000e+02;2.5547194e-01;3.1250000e+02;2.7859071e-01;3.1250000e+02;3.1531924e-01;3.1250000e+02;3.1241241e-01;3.1250000e+02;2.3830758e-01;3.1250000e+02;1.6687088e-01;3.1250000e+02;1.0900486e-01;3.1250000e+02;6.1380070e-02;3.1250000e+02;1.8140554e-02;3.1250000e+02;-2.4031729e-02;3.1250000e+02;-6.6997617e-02;3.1250000e+02;-1.0884981e-01;3.1250000e+02;-1.5201043e-01;3.1250000e+02;-5.8351196e-02;3.1250000e+02;-1.6599640e-02;3.1250000e+02;4.4183187e-02;3.1250000e+02;1.1972595e-01;3.1250000e+02;2.0149000e-01;3.1250000e+02;2.5547194e-01;3.1250000e+02;2.7859071e-01;3.1250000e+02;3.1531924e-01;3.1250000e+02;3.1241241e-01;3.1250000e+02;2.3830758e-01;3.1250000e+02;1.6687088e-01;3.1250000e+02;1.0900486e-01;3.1250000e+02;6.1380070e-02;3.1250000e+02;1.8140554e-02;3.1250000e+02;-2.4031729e-02;3.1250000e+02;-6.6997617e-02;3.1250000e+02;-1.0884981e-01;3.1250000e+02;-1.5201043e-01;3.1250000e+02;-5.8351196e-02;3.1250000e+02;-1.6599640e-02;3.1250000e+02;4.4183187e-02;3.1250000e+02;1.1972595e-01;3.1250000e+02;2.0149000e-01;3.1250000e+02;2.5547194e-01;3.1250000e+02;2.7859071e-01;3.1250000e+02;3.1531924e-01;3.1250000e+02;3.1241241e-01;3.1250000e+02;2.3830758e-01;3.1250000e+02;1.6687088e-01;3.1250000e+02;1.0900486e-01;3.1250000e+02;6.1380070e-02;3.1250000e+02;1.8140554e-02;3.1250000e+02;-2.4031729e-02;3.1250000e+02;-6.6997617e-02;3.1250000e+02;-1.0884981e-01;3.1250000e+02;-1.5201043e-01;3.1250000e+02;-5.8351196e-02;3.1250000e+02;-1.6599640e-02;3.1250000e+02;4.4183187e-02;3.1250000e+02;1.1972595e-01;3.1250000e+02;2.0149000e-01;3.1250000e+02;2.5547194e-01;3.1250000e+02;2.7859071e-01;3.1250000e+02;3.1531924e-01;3.1250000e+02;3.1241241e-01;3.1250000e+02;2.3830758e-01;3.1250000e+02;1.6687088e-01;3.1250000e+02;1.0900486e-01;3.1250000e+02;6.1380070e-02;3.1250000e+02;1.8140554e-02;3.1250000e+02;-2.4031729e-02;3.1250000e+02;-6.6997617e-02;3.1250000e+02;-1.0884981e-01;3.1250000e+02;-1.5201043e-01;3.1250000e+02;-5.8351196e-02;3.1250000e+02;-1.6599640e-02;3.1250000e+02;4.4183187e-02;3.1250000e+02;1.1972595e-01;3.1250000e+02;2.0149000e-01;3.1250000e+02;2.5547194e-01;3.1250000e+02;2.7859071e-01;3.1250000e+02;3.1531924e-01;3.1250000e+02;3.1241241e-01;3.1250000e+02;2.3830758e-01;3.1250000e+02;1.6687088e-01;3.1250000e+02;1.0900486e-01;3.1250000e+02;6.1380070e-02;3.1250000e+02;1.8140554e-02;3.1250000e+02;-2.4031729e-02;3.1250000e+02;-6.6997617e-02;3.1250000e+02;-1.0884981e-01;3.1250000e+02;-1.5201043e-01;3.1250000e+02;-5.8351196e-02;3.1250000e+02;-1.6599640e-02;3.1250000e+02;4.4183187e-02;3.1250000e+02;1.1972595e-01;3.1250000e+02;2.0149000e-01;3.1250000e+02;2.5547194e-01;3.1250000e+02;2.7859071e-01;3.1250000e+02;3.1531924e-01;3.1250000e+02;3.1241241e-01;3.1250000e+02;2.3830758e-01;3.1250000e+02;1.6687088e-01;3.1250000e+02;1.0900486e-01;3.1250000e+02;6.1380070e-02;3.1250000e+02;1.8140554e-02;3.1250000e+02;-2.4031729e-02;3.1250000e+02;-6.6997617e-02;3.1250000e+02;-1.0884981e-01;3.1250000e+02;-1.5201043e-01;3.1250000e+02;-5.8351196e-02;3.1250000e+02;-1.6599640e-02;3.1250000e+02;4.4183187e-02;3.1250000e+02;1.1972595e-01;3.1250000e+02;2.0149000e-01;3.1250000e+02;2.5547194e-01;3.1250000e+02;2.7859071e-01;3.1250000e+02;3.1531924e-01;3.1250000e+02;3.1241241e-01;3.1250000e+02;2.3830758e-01;3.1250000e+02;1.6687088e-01;3.1250000e+02;1.0900486e-01;3.1250000e+02;6.1380070e-02;3.1250000e+02;1.8140554e-02;3.1250000e+02;-2.4031729e-02;3.1250000e+02;-6.6997617e-02;3.1250000e+02;-1.0884981e-01;3.1250000e+02;-1.5201043e-01;3.1250000e+02;-5.8351196e-02;3.1250000e+02;-1.6599640e-02;3.1250000e+02;4.4183187e-02;3.1250000e+02;1.1972595e-01;3.1250000e+02;2.0149000e-01;3.1250000e+02;2.5547194e-01;3.1250000e+02;2.7859071e-01;3.1250000e+02;3.1531924e-01;3.1250000e+02;3.1241241e-01;3.1250000e+02;2.3830758e-01;3.1250000e+02;1.6687088e-01;3.1250000e+02;1.0900486e-01;3.1250000e+02;6.1380070e-02;3.1250000e+02;1.8140554e-02;3.1250000e+02;-2.4031729e-02;3.1250000e+02;-6.6997617e-02;3.1250000e+02;-1.0884981e-01;3.1250000e+02;-1.5201043e-01;3.1250000e+02;-5.8351196e-02;3.1250000e+02;-1.6599640e-02;3.1250000e+02;4.4183187e-02;3.1250000e+02;1.1972595e-01;3.1250000e+02;2.0149000e-01;3.1250000e+02;2.5547194e-01;3.1250000e+02;2.7859071e-01;3.1250000e+02;3.1531924e-01;3.1250000e+02;3.1241241e-01;3.1250000e+02;2.3830758e-01;3.1250000e+02;1.6687088e-01;3.1250000e+02;1.0900486e-01;3.1250000e+02;6.1380070e-02;3.1250000e+02;1.8140554e-02;3.1250000e+02;-2.4031729e-02;3.1250000e+02;-6.6997617e-02;3.1250000e+02;-1.0884981e-01;3.1250000e+02;-1.5201043e-01;3.1250000e+02;-5.8351196e-02;3.1250000e+02;-1.6599640e-02;3.1250000e+02;4.4183187e-02;3.1250000e+02;1.1972595e-01;3.1250000e+02;2.0149000e-01;3.1250000e+02;2.5547194e-01;3.1250000e+02;2.7859071e-01;3.1250000e+02;3.1531924e-01;3.1250000e+02;3.1241241e-01;3.1250000e+02;2.3830758e-01;3.1250000e+02;1.6687088e-01;3.1250000e+02;1.0900486e-01;3.1250000e+02;6.1380070e-02;3.1250000e+02;1.8140554e-02;3.1250000e+02;-2.4031729e-02;3.1250000e+02;-6.6997617e-02;3.1250000e+02;-1.0884981e-01;3.1250000e+02;-1.5201043e-01;3.1250000e+02;-5.8351196e-02;3.1250000e+02;-1.6599640e-02;3.1250000e+02;4.4183187e-02;3.1250000e+02;1.1972595e-01;3.1250000e+02;2.0149000e-01;3.1250000e+02;2.5547194e-01;3.1250000e+02;2.7859071e-01;3.1250000e+02;3.1531924e-01;3.1250000e+02;3.1241241e-01;3.1250000e+02;2.3830758e-01;3.1250000e+02;1.6687088e-01;3.1250000e+02;1.0900486e-01;3.1250000e+02;6.1380070e-02;3.1250000e+02;1.8140554e-02;3.1250000e+02;-2.4031729e-02;3.1250000e+02;-6.6997617e-02;3.1250000e+02;-1.0884981e-01;3.1250000e+02;-1.5201043e-01;3.1250000e+02;-5.8351196e-02;3.1250000e+02;-1.6599640e-02;3.1250000e+02;4.4183187e-02;3.1250000e+02;1.1972595e-01;3.1250000e+02;2.0149000e-01;3.1250000e+02;2.5547194e-01;3.1250000e+02;2.7859071e-01;3.1250000e+02;3.1531924e-01;3.1250000e+02;3.1241241e-01;3.1250000e+02;2.3830758e-01;3.1250000e+02;1.6687088e-01;3.1250000e+02;1.0900486e-01;3.1250000e+02;6.1380070e-02;3.1250000e+02;1.8140554e-02;3.1250000e+02;-2.4031729e-02;3.1250000e+02;-6.6997617e-02;3.1250000e+02;-1.0884981e-01;3.1250000e+02;-1.5201043e-01;3.1250000e+02;-5.8351196e-02;3.1250000e+02;-1.6599640e-02;3.1250000e+02;4.4183187e-02;3.1250000e+02;1.1972595e-01;3.1250000e+02;2.0149000e-01;3.1250000e+02;2.5547194e-01;3.1250000e+02;2.7859071e-01;3.1250000e+02;3.1531924e-01;3.1250000e+02;3.1241241e-01;3.1250000e+02;2.3830758e-01;3.1250000e+02;1.6687088e-01;3.1250000e+02;1.0900486e-01;3.1250000e+02;6.1380070e-02;3.1250000e+02;1.8140554e-02;3.1250000e+02;-2.4031729e-02;3.1250000e+02;-6.6997617e-02;3.1250000e+02;-1.0884981e-01;3.1250000e+02;-1.5201043e-01;3.1250000e+02;-5.8351196e-02;3.1250000e+02;-1.6599640e-02;3.1250000e+02;4.4183187e-02;3.1250000e+02;1.1972595e-01;3.1250000e+02;2.0149000e-01;3.1250000e+02;2.5547194e-01;3.1250000e+02;2.7859071e-01;3.1250000e+02;3.1531924e-01;3.1250000e+02;3.1241241e-01;3.1250000e+02;2.3830758e-01;3.1250000e+02;1.6687088e-01;3.1250000e+02;1.0900486e-01;3.1250000e+02;6.1380070e-02;3.1250000e+02;1.8140554e-02;3.1250000e+02;-2.4031729e-02;3.1250000e+02;-6.6997617e-02;3.1250000e+02;-1.0884981e-01;3.1250000e+02;-1.5201043e-01;3.1250000e+02;-5.8351196e-02;3.1250000e+02;-1.6599640e-02;3.1250000e+02;4.4183187e-02;3.1250000e+02;1.1972595e-01;3.1250000e+02;2.0149000e-01;3.1250000e+02;2.5547194e-01;3.1250000e+02;2.7859071e-01;3.1250000e+02;3.1531924e-01;3.1250000e+02;3.1241241e-01;3.1250000e+02;2.3830758e-01;3.1250000e+02;1.6687088e-01;3.1250000e+02;1.0900486e-01;3.1250000e+02;6.1380070e-02;3.1250000e+02;1.8140554e-02;3.1250000e+02;-2.4031729e-02;3.1250000e+02;-6.6997617e-02;3.1250000e+02;-1.0884981e-01;3.1250000e+02;-1.5201043e-01;3.1250000e+02;-5.8351196e-02;3.1250000e+02;-1.6599640e-02;3.1250000e+02;4.4183187e-02;3.1250000e+02;1.1972595e-01;3.1250000e+02;2.0149000e-01;3.1250000e+02;2.5547194e-01;3.1250000e+02;2.7859071e-01;3.1250000e+02;3.1531924e-01;3.1250000e+02;3.1241241e-01;3.1250000e+02;2.3830758e-01;3.1250000e+02;1.6687088e-01;3.1250000e+02;1.0900486e-01;3.1250000e+02;6.1380070e-02;3.1250000e+02;1.8140554e-02;3.1250000e+02;-2.4031729e-02;3.1250000e+02;-6.6997617e-02;3.1250000e+02;-1.0884981e-01;3.1250000e+02;-1.5201043e-01;3.1250000e+02;-5.8351196e-02;3.1250000e+02;-1.6599640e-02;3.1250000e+02;4.4183187e-02;3.1250000e+02;1.1972595e-01;3.1250000e+02;2.0149000e-01;3.1250000e+02;2.5547194e-01;3.1250000e+02;2.7859071e-01;3.1250000e+02;3.1531924e-01;3.1250000e+02;3.1241241e-01;3.1250000e+02;2.3830758e-01;3.1250000e+02;1.6687088e-01;3.1250000e+02;1.0900486e-01;3.1250000e+02;6.1380070e-02;3.1250000e+02;1.8140554e-02;3.1250000e+02;-2.4031729e-02;3.1250000e+02;-6.6997617e-02;3.1250000e+02;-1.0884981e-01;3.1250000e+02;-1.5201043e-01;3.1250000e+02;-5.8351196e-02;3.1250000e+02;-1.6599640e-02;3.1250000e+02;4.4183187e-02;3.1250000e+02;1.1972595e-01;3.1250000e+02;2.0149000e-01;3.1250000e+02;2.5547194e-01;3.1250000e+02;2.7859071e-01;3.1250000e+02;3.1531924e-01;3.1250000e+02;3.1241241e-01;3.1250000e+02;2.3830758e-01;3.1250000e+02;1.6687088e-01;3.1250000e+02;1.0900486e-01;3.1250000e+02;6.1380070e-02;3.1250000e+02;1.8140554e-02;3.1250000e+02;-2.4031729e-02;3.1250000e+02;-6.6997617e-02;3.1250000e+02;-1.0884981e-01;3.1250000e+02;-1.5201043e-01;3.1250000e+02;-5.8351196e-02;3.1250000e+02;-1.6599640e-02;3.1250000e+02;4.4183187e-02;3.1250000e+02;1.1972595e-01;3.1250000e+02;2.0149000e-01;3.1250000e+02;2.5547194e-01;3.1250000e+02;2.7859071e-01;3.1250000e+02;3.1531924e-01;3.1250000e+02;3.1241241e-01;3.1250000e+02;2.3830758e-01;3.1250000e+02;1.6687088e-01;3.1250000e+02;1.0900486e-01;3.1250000e+02;6.1380070e-02;3.1250000e+02;1.8140554e-02;3.1250000e+02;-2.4031729e-02;3.1250000e+02;-6.6997617e-02;3.1250000e+02;-1.0884981e-01;3.1250000e+02;-1.5201043e-01;3.1250000e+02;-5.8351196e-02;3.1250000e+02;-1.6599640e-02;3.1250000e+02;4.4183187e-02;3.1250000e+02;1.1972595e-01;3.1250000e+02;2.0149000e-01;3.1250000e+02;2.5547194e-01;3.1250000e+02;2.7859071e-01;3.1250000e+02;3.1531924e-01;3.1250000e+02;3.1241241e-01;3.1250000e+02;2.3830758e-01;3.1250000e+02;1.6687088e-01;3.1250000e+02;1.0900486e-01;3.1250000e+02;6.1380070e-02;3.1250000e+02;1.8140554e-02;3.1250000e+02;-2.4031729e-02;3.1250000e+02;-6.6997617e-02;3.1250000e+02;-1.0884981e-01;3.1250000e+02;-1.5201043e-01
3.1750000e+02;-6.4658932e-02;3.1750000e+02;-2.6944976e-02;3.1750000e+02;3.2239217e-02;3.1750000e+02;1.0224480e-01;3.1750000e+02;1.7849205e-01;3.1750000e+02;2.3569807e-01;3.1750000e+02;2.6933566e-01;3.1750000e+02;3.0322847e-01;3.1750000e+02;2.9830751e-01;3.1750000e+02;2.3384906e-01;3.1750000e+02;1.5811607e-01;3.1750000e+02;9.6990526e-02;3.1750000e+02;4.7122430e-02;3.1750000e+02;2.9313713e-03;3.1750000e+02;-3.9379813e-02;3.1750000e+02;-8.2226232e-02;3.1750000e+02;-1.2448609e-01;3.1750000e+02;-1.6506016e-01;3.1750000e+02;-6.4658932e-02;3.1750000e+02;-2.6944976e-02;3.1750000e+02;3.2239217e-02;3.1750000e+02;1.0224480e-01;3.1750000e+02;1.7849205e-01;3.1750000e+02;2.3569807e-01;3.1750000e+02;2.6933566e-01;3.1750000e+02;3.0322847e-01;3.1750000e+02;2.9830751e-01;3.1750000e+02;2.3384906e-01;3.1750000e+02;1.5811607e-01;3.1750000e+02;9.6990526e-02;3.1750000e+02;4.7122430e-02;3.1750000e+02;2.9313713e-03;3.1750000e+02;-3.9379813e-02;3.1750000e+02;-8.2226232e-02;3.1750000e+02;-1.2448609e-01;3.1750000e+02;-1.6506016e-01;3.1750000e+02;-6.4658932e-02;3.1750000e+02;-2.6944976e-02;3.1750000e+02;3.2239217e-02;3.1750000e+02;1.0224480e-01;3.1750000e+02;1.7849205e-01;3.1750000e+02;2.3569807e-01;3.1750000e+02;2.6933566e-01;3.1750000e+02;3.0322847e-01;3.1750000e+02;2.9830751e-01;3.1750000e+02;2.3384906e-01;3.1750000e+02;1.5811607e-01;3.1750000e+02;9.6990526e-02;3.1750000e+02;4.7122430e-02;3.1750000e+02;2.9313713e-03;3.1750000e+02;-3.9379813e-02;3.1750000e+02;-8.2226232e-02;3.1750000e+02;-1.2448609e-01;3.1750000e+02;-1.6506016e-01;3.1750000e+02;-6.4658932e-02;3.1750000e+02;-2.6944976e-02;3.1750000e+02;3.2239217e-02;3.1750000e+02;1.0224480e-01;3.1750000e+02;1.7849205e-01;3.1750000e+02;2.3569807e-01;3.1750000e+02;2.6933566e-01;3.1750000e+02;3.0322847e-01;3.1750000e+02;2.9830751e-01;3.1750000e+02;2.3384906e-01;3.1750000e+02;1.5811607e-01;3.1750000e+02;9.6990526e-02;3.1750000e+02;4.7122430e-02;3.1750000e+02;2.9313713e-03;3.1750000e+02;-3.9379813e-02;3.1750000e+02;-8.2226232e-02;3.1750000e+02;-1.2448609e-01;3.1750000e+02;-1.6506016e-01;3.1750000e+02;-6.4658932e-02;3.1750000e+02;-2.6944976e-02;3.1750000e+02;3.2239217e-02;3.1750000e+02;1.0224480e-01;3.1750000e+02;1.7849205e-01;3.1750000e+02;2.3569807e-01;3.1750000e+02;2.6933566e-01;3.1750000e+02;3.0322847e-01;3.1750000e+02;2.9830751e-01;3.1750000e+02;2.3384906e-01;3.1750000e+02;1.5811607e-01;3.1750000e+02;9.6990526e-02;3.1750000e+02;4.7122430e-02;3.1750000e+02;2.9313713e-03;3.1750000e+02;-3.9379813e-02;3.1750000e+02;-8.2226232e-02;3.1750000e+02;-1.2448609e-01;3.1750000e+02;-1.6506016e-01;3.1750000e+02;-6.4658932e-02;3.1750000e+02;-2.6944976e-02;3.1750000e+02;3.2239217e-02;3.1750000e+02;1.0224480e-01;3.1750000e+02;1.7849205e-01;3.1750000e+02;2.3569807e-01;3.1750000e+02;2.6933566e-01;3.1750000e+02;3.0322847e-01;3.1750000e+02;2.9830751e-01;3.1750000e+02;2.3384906e-01;3.1750000e+02;1.5811607e-01;3.1750000e+02;9.6990526e-02;3.1750000e+02;4.7122430e-02;3.1750000e+02;2.9313713e-03;3.1750000e+02;-3.9379813e-02;3.1750000e+02;-8.2226232e-02;3.1750000e+02;-1.2448609e-01;3.1750000e+02;-1.6506016e-01;3.1750000e+02;-6.4658932e-02;3.1750000e+02;-2.6944976e-02;3.1750000e+02;3.2239217e-02;3.1750000e+02;1.0224480e-01;3.1750000e+02;1.7849205e-01;3.1750000e+02;2.3569807e-01;3.1750000e+02;2.6933566e-01;3.1750000e+02;3.0322847e-01;3.1750000e+02;2.9830751e-01;3.1750000e+02;2.3384906e-01;3.1750000e+02;1.5811607e-01;3.1750000e+02;9.6990526e-02;3.1750000e+02;4.7122430e-02;3.1750000e+02;2.9313713e-03;3.1750000e+02;-3.9379813e-02;3.1750000e+02;-8.2226232e-02;3.1750000e+02;-1.2448609e-01;3.1750000e+02;-1.6506016e-01;3.1750000e+02;-6.4658932e-02;3.1750000e+02;-2.6944976e-02;3.1750000e+02;3.2239217e-02;3.1750000e+02;1.0224480e-01;3.1750000e+02;1.7849205e-01;3.1750000e+02;2.3569807e-01;3.1750000e+02;2.6933566e-01;3.1750000e+02;3.0322847e-01;3.1750000e+02;2.9830751e-01;3.1750000e+02;2.3384906e-01;3.1750000e+02;1.5811607e-01;3.1750000e+02;9.6990526e-02;3.1750000e+02;4.7122430e-02;3.1750000e+02;2.9313713e-03;3.1750000e+02;-3.9379813e-02;3.1750000e+02;-8.2226232e-02;3.1750000e+02;-1.2448609e-01;3.1750000e+02;-1.6506016e-01;3.1750000e+02;-6.4658932e-02;3.1750000e+02;-2.6944976e-02;3.1750000e+02;3.2239217e-02;3.1750000e+02;1.0224480e-01;3.1750000e+02;1.7849205e-01;3.1750000e+02;2.3569807e-01;3.1750000e+02;2.6933566e-01;3.1750000e+02;3.0322847e-01;3.1750000e+02;2.9830751e-01;3.1750000e+02;2.3384906e-01;3.1750000e+02;1.5811607e-01;3.1750000e+02;9.6990526e-02;3.1750000e+02;4.7122430e-02;3.1750000e+02;2.9313713e-03;3.1750000e+02;-3.9379813e-02;3.1750000e+02;-8.2226232e-02;3.1750000e+02;-1.2448609e-01;3.1750000e+02;-1.6506016e-01;3.1750000e+02;-6.4658932e-02;3.1750000e+02;-2.6944976e-02;3.1750000e+02;3.2239217e-02;3.1750000e+02;1.0224480e-01;3.1750000e+02;1.7849205e-01;3.1750000e+02;2.3569807e-01;3.1750000e+02;2.6933566e-01;3.1750000e+02;3.0322847e-01;3.1750000e+02;2.9830751e-01;3.1750000e+02;2.3384906e-01;3.1750000e+02;1.5811607e-01;3.1750000e+02;9.6990526e-02;3.1750000e+02;4.7122430e-02;3.1750000e+02;2.9313713e-03;3.1750000e+02;-3.9379813e-02;3.1750000e+02;-8.2226232e-02;3.1750000e+02;-1.2448609e-01;3.1750000e+02;-1.6506016e-01;3.1750000e+02;-6.4658932e-02;3.1750000e+02;-2.6944976e-02;3.1750000e+02;3.2239217e-02;3.1750000e+02;1.0224480e-01;3.1750000e+02;1.7849205e-01;3.1750000e+02;2.3569807e-01;3.1750000e+02;2.6933566e-01;3.1750000e+02;3.0322847e-01;3.1750000e+02;2.9830751e-01;3.1750000e+02;2.3384906e-01;3.1750000e+02;1.5811607e-01;3.1750000e+02;9.6990526e-02;3.1750000e+02;4.7122430e-02;3.1750000e+02;2.9313713e-03;3.1750000e+02;-3.9379813e-02;3.1750000e+02;-8.2226232e-02;3.1750000e+02;-1.2448609e-01;3.1750000e+02;-1.6506016e-01;3.1750000e+02;-6.4658932e-02;3.1750000e+02;-2.6944976e-02;3.1750000e+02;3.2239217e-02;3.1750000e+02;1.0224480e-01;3.1750000e+02;1.7849205e-01;3.1750000e+02;2.3569807e-01;3.1750000e+02;2.6933566e-01;3.1750000e+02;3.0322847e-01;3.1750000e+02;2.9830751e-01;3.1750000e+02;2.3384906e-01;3.1750000e+02;1.5811607e-01;3.1750000e+02;9.6990526e-02;3.1750000e+02;4.7122430e-02;3.1750000e+02;2.9313713e-03;3.1750000e+02;-3.9379813e-02;3.1750000e+02;-8.2226232e-02;3.1750000e+02;-1.2448609e-01;3.1750000e+02;-1.6506016e-01;3.1750000e+02;-6.4658932e-02;3.1750000e+02;-2.6944976e-02;3.1750000e+02;3.2239217e-02;3.1750000e+02;1.0224480e-01;3.1750000e+02;1.7849205e-01;3.1750000e+02;2.3569807e-01;3.1750000e+02;2.6933566e-01;3.1750000e+02;3.0322847e-01;3.1750000e+02;2.9830751e-01;3.1750000e+02;2.3384906e-01;3.1750000e+02;1.5811607e-01;3.1750000e+02;9.6990526e-02;3.1750000e+02;4.7122430e-02;3.1750000e+02;2.9313713e-03;3.1750000e+02;-3.9379813e-02;3.1750000e+02;-8.2226232e-02;3.1750000e+02;-1.2448609e-01;3.1750000e+02;-1.6506016e-01;3.1750000e+02;-6.4658932e-02;3.1750000e+02;-2.6944976e-02;3.1750000e+02;3.2239217e-02;3.1750000e+02;1.0224480e-01;3.1750000e+02;1.7849205e-01;3.1750000e+02;2.3569807e-01;3.1750000e+02;2.6933566e-01;3.1750000e+02;3.0322847e-01;3.1750000e+02;2.9830751e-01;3.1750000e+02;2.3384906e-01;3.1750000e+02;1.5811607e-01;3.1750000e+02;9.6990526e-02;3.1750000e+02;4.7122430e-02;3.1750000e+02;2.9313713e-03;3.1750000e+02;-3.9379813e-02;3.1750000e+02;-8.2226232e-02;3.1750000e+02;-1.2448609e-01;3.1750000e+02;-1.6506016e-01;3.1750000e+02;-6.4658932e-02;3.1750000e+02;-2.6944976e-02;3.1750000e+02;3.2239217e-02;3.1750000e+02;1.0224480e-01;3.1750000e+02;1.7849205e-01;3.1750000e+02;2.3569807e-01;3.1750000e+02;2.6933566e-01;3.1750000e+02;3.0322847e-01;3.1750000e+02;2.9830751e-01;3.1750000e+02;2.3384906e-01;3.1750000e+02;1.5811607e-01;3.1750000e+02;9.6990526e-02;3.1750000e+02;4.7122430e-02;3.1750000e+02;2.9313713e-03;3.1750000e+02;-3.9379813e-02;3.1750000e+02;-8.2226232e-02;3.1750000e+02;-1.2448609e-01;3.1750000e+02;-1.6506016e-01;3.1750000e+02;-6.4658932e-02;3.1750000e+02;-2.6944976e-02;3.1750000e+02;3.2239217e-02;3.1750000e+02;1.0224480e-01;3.1750000e+02;1.7849205e-01;3.1750000e+02;2.3569807e-01;3.1750000e+02;2.6933566e-01;3.1750000e+02;3.0322847e-01;3.1750000e+02;2.9830751e-01;3.1750000e+02;2.3384906e-01;3.1750000e+02;1.5811607e-01;3.1750000e+02;9.6990526e-02;3.1750000e+02;4.7122430e-02;3.1750000e+02;2.9313713e-03;3.1750000e+02;-3.9379813e-02;3.1750000e+02;-8.2226232e-02;3.1750000e+02;-1.2448609e-01;3.1750000e+02;-1.6506016e-01;3.1750000e+02;-6.4658932e-02;3.1750000e+02;-2.6944976e-02;3.1750000e+02;3.2239217e-02;3.1750000e+02;1.0224480e-01;3.1750000e+02;1.7849205e-01;3.1750000e+02;2.3569807e-01;3.1750000e+02;2.6933566e-01;3.1750000e+02;3.0322847e-01;3.1750000e+02;2.9830751e-01;3.1750000e+02;2.3384906e-01;3.1750000e+02;1.5811607e-01;3.1750000e+02;9.6990526e-02;3.1750000e+02;4.7122430e-02;3.1750000e+02;2.9313713e-03;3.1750000e+02;-3.9379813e-02;3.1750000e+02;-8.2226232e-02;3.1750000e+02;-1.2448609e-01;3.1750000e+02;-1.6506016e-01;3.1750000e+02;-6.4658932e-02;3.1750000e+02;-2.6944976e-02;3.1750000e+02;3.2239217e-02;3.1750000e+02;1.0224480e-01;3.1750000e+02;1.7849205e-01;3.1750000e+02;2.3569807e-01;3.1750000e+02;2.6933566e-01;3.1750000e+02;3.0322847e-01;3.1750000e+02;2.9830751e-01;3.1750000e+02;2.3384906e-01;3.1750000e+02;1.5811607e-01;3.1750000e+02;9.6990526e-02;3.1750000e+02;4.7122430e-02;3.1750000e+02;2.9313713e-03;3.1750000e+02;-3.9379813e-02;3.1750000e+02;-8.2226232e-02;3.1750000e+02;-1.2448609e-01;3.1750000e+02;-1.6506016e-01;3.1750000e+02;-6.4658932e-02;3.1750000e+02;-2.6944976e-02;3.1750000e+02;3.2239217e-02;3.1750000e+02;1.0224480e-01;3.1750000e+02;1.7849205e-01;3.1750000e+02;2.3569807e-01;3.1750000e+02;2.6933566e-01;3.1750000e+02;3.0322847e-01;3.1750000e+02;2.9830751e-01;3.1750000e+02;2.3384906e-01;3.1750000e+02;1.5811607e-01;3.1750000e+02;9.6990526e-02;3.1750000e+02;4.7122430e-02;3.1750000e+02;2.9313713e-03;3.1750000e+02;-3.9379813e-02;3.1750000e+02;-8.2226232e-02;3.1750000e+02;-1.2448609e-01;3.1750000e+02;-1.6506016e-01;3.1750000e+02;-6.4658932e-02;3.1750000e+02;-2.6944976e-02;3.1750000e+02;3.2239217e-02;3.1750000e+02;1.0224480e-01;3.1750000e+02;1.7849205e-01;3.1750000e+02;2.3569807e-01;3.1750000e+02;2.6933566e-01;3.1750000e+02;3.0322847e-01;3.1750000e+02;2.9830751e-01;3.1750000e+02;2.3384906e-01;3.1750000e+02;1.5811607e-01;3.1750000e+02;9.6990526e-02;3.1750000e+02;4.7122430e-02;3.1750000e+02;2.9313713e-03;3.1750000e+02;-3.9379813e-02;3.1750000e+02;-8.2226232e-02;3.1750000e+02;-1.2448609e-01;3.1750000e+02;-1.6506016e-01;3.1750000e+02;-6.4658932e-02;3.1750000e+02;-2.6944976e-02;3.1750000e+02;3.2239217e-02;3.1750000e+02;1.0224480e-01;3.1750000e+02;1.7849205e-01;3.1750000e+02;2.3569807e-01;3.1750000e+02;2.6933566e-01;3.1750000e+02;3.0322847e-01;3.1750000e+02;2.9830751e-01;3.1750000e+02;2.3384906e-01;3.1750000e+02;1.5811607e-01;3.1750000e+02;9.6990526e-02;3.1750000e+02;4.7122430e-02;3.1750000e+02;2.9313713e-03;3.1750000e+02;-3.9379813e-02;3.1750000e+02;-8.2226232e-02;3.1750000e+02;-1.2448609e-01;3.1750000e+02;-1.6506016e-01;3.1750000e+02;-6.4658932e-02;3.1750000e+02;-2.6944976e-02;3.1750000e+02;3.2239217e-02;3.1750000e+02;1.0224480e-01;3.1750000e+02;1.7849205e-01;3.1750000e+02;2.3569807e-01;3.1750000e+02;2.6933566e-01;3.1750000e+02;3.0322847e-01;3.1750000e+02;2.9830751e-01;3.1750000e+02;2.3384906e-01;3.1750000e+02;1.5811607e-01;3.1750000e+02;9.6990526e-02;3.1750000e+02;4.7122430e-02;3.1750000e+02;2.9313713e-03;3.1750000e+02;-3.9379813e-02;3.1750000e+02;-8.2226232e-02;3.1750000e+02;-1.2448609e-01;3.1750000e+02;-1.6506016e-01;3.1750000e+02;-6.4658932e-02;3.1750000e+02;-2.6944976e-02;3.1750000e+02;3.2239217e-02;3.1750000e+02;1.0224480e-01;3.1750000e+02;1.7849205e-01;3.1750000e+02;2.3569807e-01;3.1750000e+02;2.6933566e-01;3.1750000e+02;3.0322847e-01;3.1750000e+02;2.9830751e-01;3.1750000e+02;2.3384906e-01;3.1750000e+02;1.5811607e-01;3.1750000e+02;9.6990526e-02;3.1750000e+02;4.7122430e-02;3.1750000e+02;2.9313713e-03;3.1750000e+02;-3.9379813e-02;3.1750000e+02;-8.2226232e-02;3.1750000e+02;-1.2448609e-01;3.1750000e+02;-1.6506016e-01;3.1750000e+02;-6.4658932e-02;3.1750000e+02;-2.6944976e-02;3.1750000e+02;3.2239217e-02;3.1750000e+02;1.0224480e-01;3.1750000e+02;1.7849205e-01;3.1750000e+02;2.3569807e-01;3.1750000e+02;2.6933566e-01;3.1750000e+02;3.0322847e-01;3.1750000e+02;2.9830751e-01;3.1750000e+02;2.3384906e-01;3.1750000e+02;1.5811607e-01;3.1750000e+02;9.6990526e-02;3.1750000e+02;4.7122430e-02;3.1750000e+02;2.9313713e-03;3.1750000e+02;-3.9379813e-02;3.1750000e+02;-8.2226232e-02;3.1750000e+02;-1.2448609e-01;3.1750000e+02;-1.6506016e-01;3.1750000e+02;-6.4658932e-02;3.1750000e+02;-2.6944976e-02;3.1750000e+02;3.2239217e-02;3.1750000e+02;1.0224480e-01;3.1750000e+02;1.7849205e-01;3.1750000e+02;2.3569807e-01;3.1750000e+02;2.6933566e-01;3.1750000e+02;3.0322847e-01;3.1750000e+02;2.9830751e-01;3.1750000e+02;2.3384906e-01;3.1750000e+02;1.5811607e-01;3.1750000e+02;9.6990526e-02;3.1750000e+02;4.7122430e-02;3.1750000e+02;2.9313713e-03;3.1750000e+02;-3.9379813e-02;3.1750000e+02;-8.2226232e-02;3.1750000e+02;-1.2448609e-01;3.1750000e+02;-1.6506016e-01;3.1750000e+02;-6.4658932e-02;3.1750000e+02;-2.6944976e-02;3.1750000e+02;3.2239217e-02;3.1750000e+02;1.0224480e-01;3.1750000e+02;1.7849205e-01;3.1750000e+02;2.3569807e-01;3.1750000e+02;2.6933566e-01;3.1750000e+02;3.0322847e-01;3.1750000e+02;2.9830751e-01;3.1750000e+02;2.3384906e-01;3.1750000e+02;1.5811607e-01;3.1750000e+02;9.6990526e-02;3.1750000e+02;4.7122430e-02;3.1750000e+02;2.9313713e-03;3.1750000e+02;-3.9379813e-02;3.1750000e+02;-8.2226232e-02;3.1750000e+02;-1.2448609e-01;3.1750000e+02;-1.6506016e-01;3.1750000e+02;-6.4658932e-02;3.1750000e+02;-2.6944976e-02;3.1750000e+02;3.2239217e-02;3.1750000e+02;1.0224480e-01;3.1750000e+02;1.7849205e-01;3.1750000e+02;2.3569807e-01;3.1750000e+02;2.6933566e-01;3.1750000e+02;3.0322847e-01;3.1750000e+02;2.9830751e-01;3.1750000e+02;2.3384906e-01;3.1750000e+02;1.5811607e-01;3.1750000e+02;9.6990526e-02;3.1750000e+02;4.7122430e-02;3.1750000e+02;2.9313713e-03;3.1750000e+02;-3.9379813e-02;3.1750000e+02;-8.2226232e-02;3.1750000e+02;-1.2448609e-01;3.1750000e+02;-1.6506016e-01;3.1750000e+02;-6.4658932e-02;3.1750000e+02;-2.6944976e-02;3.1750000e+02;3.2239217e-02;3.1750000e+02;1.0224480e-01;3.1750000e+02;1.7849205e-01;3.1750000e+02;2.3569807e-01;3.1750000e+02;2.6933566e-01;3.1750000e+02;3.0322847e-01;3.1750000e+02;2.9830751e-01;3.1750000e+02;2.3384906e-01;3.1750000e+02;1.5811607e-01;3.1750000e+02;9.6990526e-02;3.1750000e+02;4.7122430e-02;3.1750000e+02;2.9313713e-03;3.1750000e+02;-3.9379813e-02;3.1750000e+02;-8.2226232e-02;3.1750000e+02;-1.2448609e-01;3.1750000e+02;-1.6506016e-01;3.1750000e+02;-6.4658932e-02;3.1750000e+02;-2.6944976e-02;3.1750000e+02;3.2239217e-02;3.1750000e+02;1.0224480e-01;3.1750000e+02;1.7849205e-01;3.1750000e+02;2.3569807e-01;3.1750000e+02;2.6933566e-01;3.1750000e+02;3.0322847e-01;3.1750000e+02;2.9830751e-01;3.1750000e+02;2.3384906e-01;3.1750000e+02;1.5811607e-01;3.1750000e+02;9.6990526e-02;3.1750000e+02;4.7122430e-02;3.1750000e+02;2.9313713e-03;3.1750000e+02;-3.9379813e-02;3.1750000e+02;-8.2226232e-02;3.1750000e+02;-1.2448609e-01;3.1750000e+02;-1.6506016e-01;3.1750000e+02;-6.4658932e-02;3.1750000e+02;-2.6944976e-02;3.1750000e+02;3.2239217e-02;3.1750000e+02;1.0224480e-01;3.1750000e+02;1.7849205e-01;3.1750000e+02;2.3569807e-01;3.1750000e+02;2.6933566e-01;3.1750000e+02;3.0322847e-01;3.1750000e+02;2.9830751e-01;3.1750000e+02;2.3384906e-01;3.1750000e+02;1.5811607e-01;3.1750000e+02;9.6990526e-02;3.1750000e+02;4.7122430e-02;3.1750000e+02;2.9313713e-03;3.1750000e+02;-3.9379813e-02;3.1750000e+02;-8.2226232e-02;3.1750000e+02;-1.2448609e-01;3.1750000e+02;-1.6506016e-01;3.1750000e+02;-6.4658932e-02;3.1750000e+02;-2.6944976e-02;3.1750000e+02;3.2239217e-02;3.1750000e+02;1.0224480e-01;3.1750000e+02;1.7849205e-01;3.1750000e+02;2.3569807e-01;3.1750000e+02;2.6933566e-01;3.1750000e+02;3.0322847e-01;3.1750000e+02;2.9830751e-01;3.1750000e+02;2.3384906e-01;3.1750000e+02;1.5811607e-01;3.1750000e+02;9.6990526e-02;3.1750000e+02;4.7122430e-02;3.1750000e+02;2.9313713e-03;3.1750000e+02;-3.9379813e-02;3.1750000e+02;-8.2226232e-02;3.1750000e+02;-1.2448609e-01;3.1750000e+02;-1.6506016e-01;3.1750000e+02;-6.4658932e-02;3.1750000e+02;-2.6944976e-02;3.1750000e+02;3.2239217e-02;3.1750000e+02;1.0224480e-01;3.1750000e+02;1.7849205e-01;3.1750000e+02;2.3569807e-01;3.1750000e+02;2.6933566e-01;3.1750000e+02;3.0322847e-01;3.1750000e+02;2.9830751e-01;3.1750000e+02;2.3384906e-01;3.1750000e+02;1.5811607e-01;3.1750000e+02;9.6990526e-02;3.1750000e+02;4.7122430e-02;3.1750000e+02;2.9313713e-03;3.1750000e+02;-3.9379813e-02;3.1750000e+02;-8.2226232e-02;3.1750000e+02;-1.2448609e-01;3.1750000e+02;-1.6506016e-01;3.1750000e+02;-6.4658932e-02;3.1750000e+02;-2.6944976e-02;3.1750000e+02;3.2239217e-02;3.1750000e+02;1.0224480e-01;3.1750000e+02;1.7849205e-01;3.1750000e+02;2.3569807e-01;3.1750000e+02;2.6933566e-01;3.1750000e+02;3.0322847e-01;3.1750000e+02;2.9830751e-01;3.1750000e+02;2.3384906e-01;3.1750000e+02;1.5811607e-01;3.1750000e+02;9.6990526e-02;3.1750000e+02;4.7122430e-02;3.1750000e+02;2.9313713e-03;3.1750000e+02;-3.9379813e-02;3.1750000e+02;-8.2226232e-02;3.1750000e+02;-1.2448609e-01;3.1750000e+02;-1.6506016e-01;3.1750000e+02;-6.4658932e-02;3.1750000e+02;-2.6944976e-02;3.1750000e+02;3.2239217e-02;3.1750000e+02;1.0224480e-01;3.1750000e+02;1.7849205e-01;3.1750000e+02;2.3569807e-01;3.1750000e+02;2.6933566e-01;3.1750000e+02;3.0322847e-01;3.1750000e+02;2.9830751e-01;3.1750000e+02;2.3384906e-01;3.1750000e+02;1.5811607e-01;3.1750000e+02;9.6990526e-02;3.1750000e+02;4.7122430e-02;3.1750000e+02;2.9313713e-03;3.1750000e+02;-3.9379813e-02;3.1750000e+02;-8.2226232e-02;3.1750000e+02;-1.2448609e-01;3.1750000e+02;-1.6506016e-01;3.1750000e+02;-6.4658932e-02;3.1750000e+02;-2.6944976e-02;3.1750000e+02;3.2239217e-02;3.1750000e+02;1.0224480e-01;3.1750000e+02;1.7849205e-01;3.1750000e+02;2.3569807e-01;3.1750000e+02;2.6933566e-01;3.1750000e+02;3.0322847e-01;3.1750000e+02;2.9830751e-01;3.1750000e+02;2.3384906e-01;3.1750000e+02;1.5811607e-01;3.1750000e+02;9.6990526e-02;3.1750000e+02;4.7122430e-02;3.1750000e+02;2.9313713e-03;3.1750000e+02;-3.9379813e-02;3.1750000e+02;-8.2226232e-02;3.1750000e+02;-1.2448609e-01;3.1750000e+02;-1.6506016e-01;3.1750000e+02;-6.4658932e-02;3.1750000e+02;-2.6944976e-02;3.1750000e+02;3.2239217e-02;3.1750000e+02;1.0224480e-01;3.1750000e+02;1.7849205e-01;3.1750000e+02;2.3569807e-01;3.1750000e+02;2.6933566e-01;3.1750000e+02;3.0322847e-01;3.1750000e+02;2.9830751e-01;3.1750000e+02;2.3384906e-01;3.1750000e+02;1.5811607e-01;3.1750000e+02;9.6990526e-02;3.1750000e+02;4.7122430e-02;3.1750000e+02;2.9313713e-03;3.1750000e+02;-3.9379813e-02;3.1750000e+02;-8.2226232e-02;3.1750000e+02;-1.2448609e-01;3.1750000e+02;-1.6506016e-01;3.1750000e+02;-6.4658932e-02;3.1750000e+02;-2.6944976e-02;3.1750000e+02;3.2239217e-02;3.1750000e+02;1.0224480e-01;3.1750000e+02;1.7849205e-01;3.1750000e+02;2.3569807e-01;3.1750000e+02;2.6933566e-01;3.1750000e+02;3.0322847e-01;3.1750000e+02;2.9830751e-01;3.1750000e+02;2.3384906e-01;3.1750000e+02;1.5811607e-01;3.1750000e+02;9.6990526e-02;3.1750000e+02;4.7122430e-02;3.1750000e+02;2.9313713e-03;3.1750000e+02;-3.9379813e-02;3.1750000e+02;-8.2226232e-02;3.1750000e+02;-1.2448609e-01;3.1750000e+02;-1.6506016e-01;3.1750000e+02;-6.4658932e-02;3.1750000e+02;-2.6944976e-02;3.1750000e+02;3.2239217e-02;3.1750000e+02;1.0224480e-01;3.1750000e+02;1.7849205e-01;3.1750000e+02;2.3569807e-01;3.1750000e+02;2.6933566e-01;3.1750000e+02;3.0322847e-01;3.1750000e+02;2.9830751e-01;3.1750000e+02;2.3384906e-01;3.1750000e+02;1.5811607e-01;3.1750000e+02;9.6990526e-02;3.1750000e+02;4.7122430e-02;3.1750000e+02;2.9313713e-03;3.1750000e+02;-3.9379813e-02;3.1750000e+02;-8.2226232e-02;3.1750000e+02;-1.2448609e-01;3.1750000e+02;-1.6506016e-01;3.1750000e+02;-6.4658932e-02;3.1750000e+02;-2.6944976e-02;3.1750000e+02;3.2239217e-02;3.1750000e+02;1.0224480e-01;3.1750000e+02;1.7849205e-01;3.1750000e+02;2.3569807e-01;3.1750000e+02;2.6933566e-01;3.1750000e+02;3.0322847e-01;3.1750000e+02;2.9830751e-01;3.1750000e+02;2.3384906e-01;3.1750000e+02;1.5811607e-01;3.1750000e+02;9.6990526e-02;3.1750000e+02;4.7122430e-02;3.1750000e+02;2.9313713e-03;3.1750000e+02;-3.9379813e-02;3.1750000e+02;-8.2226232e-02;3.1750000e+02;-1.2448609e-01;3.1750000e+02;-1.6506016e-01;3.1750000e+02;-6.4658932e-02;3.1750000e+02;-2.6944976e-02;3.1750000e+02;3.2239217e-02;3.1750000e+02;1.0224480e-01;3.1750000e+02;1.7849205e-01;3.1750000e+02;2.3569807e-01;3.1750000e+02;2.6933566e-01;3.1750000e+02;3.0322847e-01;3.1750000e+02;2.9830751e-01;3.1750000e+02;2.3384906e-01;3.1750000e+02;1.5811607e-01;3.1750000e+02;9.6990526e-02;3.1750000e+02;4.7122430e-02;3.1750000e+02;2.9313713e-03;3.1750000e+02;-3.9379813e-02;3.1750000e+02;-8.2226232e-02;3.1750000e+02;-1.2448609e-01;3.1750000e+02;-1.6506016e-01;3.1750000e+02;-6.4658932e-02;3.1750000e+02;-2.6944976e-02;3.1750000e+02;3.2239217e-02;3.1750000e+02;1.0224480e-01;3.1750000e+02;1.7849205e-01;3.1750000e+02;2.3569807e-01;3.1750000e+02;2.6933566e-01;3.1750000e+02;3.0322847e-01;3.1750000e+02;2.9830751e-01;3.1750000e+02;2.3384906e-01;3.1750000e+02;1.5811607e-01;3.1750000e+02;9.6990526e-02;3.1750000e+02;4.7122430e-02;3.1750000e+02;2.9313713e-03;3.1750000e+02;-3.9379813e-02;3.1750000e+02;-8.2226232e-02;3.1750000e+02;-1.2448609e-01;3.1750000e+02;-1.6506016e-01;3.1750000e+02;-6.4658932e-02;3.1750000e+02;-2.6944976e-02;3.1750000e+02;3.2239217e-02;3.1750000e+02;1.0224480e-01;3.1750000e+02;1.7849205e-01;3.1750000e+02;2.3569807e-01;3.1750000e+02;2.6933566e-01;3.1750000e+02;3.0322847e-01;3.1750000e+02;2.9830751e-01;3.1750000e+02;2.3384906e-01;3.1750000e+02;1.5811607e-01;3.1750000e+02;9.6990526e-02;3.1750000e+02;4.7122430e-02;3.1750000e+02;2.9313713e-03;3.1750000e+02;-3.9379813e-02;3.1750000e+02;-8.2226232e-02;3.1750000e+02;-1.2448609e-01;3.1750000e+02;-1.6506016e-01;3.1750000e+02;-6.4658932e-02;3.1750000e+02;-2.6944976e-02;3.1750000e+02;3.2239217e-02;3.1750000e+02;1.0224480e-01;3.1750000e+02;1.7849205e-01;3.1750000e+02;2.3569807e-01;3.1750000e+02;2.6933566e-01;3.1750000e+02;3.0322847e-01;3.1750000e+02;2.9830751e-01;3.1750000e+02;2.3384906e-01;3.1750000e+02;1.5811607e-01;3.1750000e+02;9.6990526e-02;3.1750000e+02;4.7122430e-02;3.1750000e+02;2.9313713e-03;3.1750000e+02;-3.9379813e-02;3.1750000e+02;-8.2226232e-02;3.1750000e+02;-1.2448609e-01;3.1750000e+02;-1.6506016e-01;3.1750000e+02;-6.4658932e-02;3.1750000e+02;-2.6944976e-02;3.1750000e+02;3.2239217e-02;3.1750000e+02;1.0224480e-01;3.1750000e+02;1.7849205e-01;3.1750000e+02;2.3569807e-01;3.1750000e+02;2.6933566e-01;3.1750000e+02;3.0322847e-01;3.1750000e+02;2.9830751e-01;3.1750000e+02;2.3384906e-01;3.1750000e+02;1.5811607e-01;3.1750000e+02;9.6990526e-02;3.1750000e+02;4.7122430e-02;3.1750000e+02;2.9313713e-03;3.1750000e+02;-3.9379813e-02;3.1750000e+02;-8.2226232e-02;3.1750000e+02;-1.2448609e-01;3.1750000e+02;-1.6506016e-01;3.1750000e+02;-6.4658932e-02;3.1750000e+02;-2.6944976e-02;3.1750000e+02;3.2239217e-02;3.1750000e+02;1.0224480e-01;3.1750000e+02;1.7849205e-01;3.1750000e+02;2.3569807e-01;3.1750000e+02;2.6933566e-01;3.1750000e+02;3.0322847e-01;3.1750000e+02;2.9830751e-01;3.1750000e+02;2.3384906e-01;3.1750000e+02;1.5811607e-01;3.1750000e+02;9.6990526e-02;3.1750000e+02;4.7122430e-02;3.1750000e+02;2.9313713e-03;3.1750000e+02;-3.9379813e-02;3.1750000e+02;-8.2226232e-02;3.1750000e+02;-1.2448609e-01;3.1750000e+02;-1.6506016e-01;3.1750000e+02;-6.4658932e-02;3.1750000e+02;-2.6944976e-02;3.1750000e+02;3.2239217e-02;3.1750000e+02;1.0224480e-01;3.1750000e+02;1.7849205e-01;3.1750000e+02;2.3569807e-01;3.1750000e+02;2.6933566e-01;3.1750000e+02;3.0322847e-01;3.1750000e+02;2.9830751e-01;3.1750000e+02;2.3384906e-01;3.1750000e+02;1.5811607e-01;3.1750000e+02;9.6990526e-02;3.1750000e+02;4.7122430e-02;3.1750000e+02;2.9313713e-03;3.1750000e+02;-3.9379813e-02;3.1750000e+02;-8.2226232e-02;3.1750000e+02;-1.2448609e-01;3.1750000e+02;-1.6506016e-01;3.1750000e+02;-6.4658932e-02;3.1750000e+02;-2.6944976e-02;3.1750000e+02;3.2239217e-02;3.1750000e+02;1.0224480e-01;3.1750000e+02;1.7849205e-01;3.1750000e+02;2.3569807e-01;3.1750000e+02;2.6933566e-01;3.1750000e+02;3.0322847e-01;3.1750000e+02;2.9830751e-01;3.1750000e+02;2.3384906e-01;3.1750000e+02;1.5811607e-01;3.1750000e+02;9.6990526e-02;3.1750000e+02;4.7122430e-02;3.1750000e+02;2.9313713e-03;3.1750000e+02;-3.9379813e-02;3.1750000e+02;-8.2226232e-02;3.1750000e+02;-1.2448609e-01;3.1750000e+02;-1.6506016e-01;3.1750000e+02;-6.4658932e-02;3.1750000e+02;-2.6944976e-02;3.1750000e+02;3.2239217e-02;3.1750000e+02;1.0224480e-01;3.1750000e+02;1.7849205e-01;3.1750000e+02;2.3569807e-01;3.1750000e+02;2.6933566e-01;3.1750000e+02;3.0322847e-01;3.1750000e+02;2.9830751e-01;3.1750000e+02;2.3384906e-01;3.1750000e+02;1.5811607e-01;3.1750000e+02;9.6990526e-02;3.1750000e+02;4.7122430e-02;3.1750000e+02;2.9313713e-03;3.1750000e+02;-3.9379813e-02;3.1750000e+02;-8.2226232e-02;3.1750000e+02;-1.2448609e-01;3.1750000e+02;-1.6506016e-01;3.1750000e+02;-6.4658932e-02;3.1750000e+02;-2.6944976e-02;3.1750000e+02;3.2239217e-02;3.1750000e+02;1.0224480e-01;3.1750000e+02;1.7849205e-01;3.1750000e+02;2.3569807e-01;3.1750000e+02;2.6933566e-01;3.1750000e+02;3.0322847e-01;3.1750000e+02;2.9830751e-01;3.1750000e+02;2.3384906e-01;3.1750000e+02;1.5811607e-01;3.1750000e+02;9.6990526e-02;3.1750000e+02;4.7122430e-02;3.1750000e+02;2.9313713e-03;3.1750000e+02;-3.9379813e-02;3.1750000e+02;-8.2226232e-02;3.1750000e+02;-1.2448609e-01;3.1750000e+02;-1.6506016e-01;3.1750000e+02;-6.4658932e-02;3.1750000e+02;-2.6944976e-02;3.1750000e+02;3.2239217e-02;3.1750000e+02;1.0224480e-01;3.1750000e+02;1.7849205e-01;3.1750000e+02;2.3569807e-01;3.1750000e+02;2.6933566e-01;3.1750000e+02;3.0322847e-01;3.1750000e+02;2.9830751e-01;3.1750000e+02;2.3384906e-01;3.1750000e+02;1.5811607e-01;3.1750000e+02;9.6990526e-02;3.1750000e+02;4.7122430e-02;3.1750000e+02;2.9313713e-03;3.1750000e+02;-3.9379813e-02;3.1750000e+02;-8.2226232e-02;3.1750000e+02;-1.2448609e-01;3.1750000e+02;-1.6506016e-01;3.1750000e+02;-6.4658932e-02;3.1750000e+02;-2.6944976e-02;3.1750000e+02;3.2239217e-02;3.1750000e+02;1.0224480e-01;3.1750000e+02;1.7849205e-01;3.1750000e+02;2.3569807e-01;3.1750000e+02;2.6933566e-01;3.1750000e+02;3.0322847e-01;3.1750000e+02;2.9830751e-01;3.1750000e+02;2.3384906e-01;3.1750000e+02;1.5811607e-01;3.1750000e+02;9.6990526e-02;3.1750000e+02;4.7122430e-02;3.1750000e+02;2.9313713e-03;3.1750000e+02;-3.9379813e-02;3.1750000e+02;-8.2226232e-02;3.1750000e+02;-1.2448609e-01;3.1750000e+02;-1.6506016e-01;3.1750000e+02;-6.4658932e-02;3.1750000e+02;-2.6944976e-02;3.1750000e+02;3.2239217e-02;3.1750000e+02;1.0224480e-01;3.1750000e+02;1.7849205e-01;3.1750000e+02;2.3569807e-01;3.1750000e+02;2.6933566e-01;3.1750000e+02;3.0322847e-01;3.1750000e+02;2.9830751e-01;3.1750000e+02;2.3384906e-01;3.1750000e+02;1.5811607e-01;3.1750000e+02;9.6990526e-02;3.1750000e+02;4.7122430e-02;3.1750000e+02;2.9313713e-03;3.1750000e+02;-3.9379813e-02;3.1750000e+02;-8.2226232e-02;3.1750000e+02;-1.2448609e-01;3.1750000e+02;-1.6506016e-01;3.1750000e+02;-6.4658932e-02;3.1750000e+02;-2.6944976e-02;3.1750000e+02;3.2239217e-02;3.1750000e+02;1.0224480e-01;3.1750000e+02;1.7849205e-01;3.1750000e+02;2.3569807e-01;3.1750000e+02;2.6933566e-01;3.1750000e+02;3.0322847e-01;3.1750000e+02;2.9830751e-01;3.1750000e+02;2.3384906e-01;3.1750000e+02;1.5811607e-01;3.1750000e+02;9.6990526e-02;3.1750000e+02;4.7122430e-02;3.1750000e+02;2.9313713e-03;3.1750000e+02;-3.9379813e-02;3.1750000e+02;-8.2226232e-02;3.1750000e+02;-1.2448609e-01;3.1750000e+02;-1.6506016e-01;3.1750000e+02;-6.4658932e-02;3.1750000e+02;-2.6944976e-02;3.1750000e+02;3.2239217e-02;3.1750000e+02;1.0224480e-01;3.1750000e+02;1.7849205e-01;3.1750000e+02;2.3569807e-01;3.1750000e+02;2.6933566e-01;3.1750000e+02;3.0322847e-01;3.1750000e+02;2.9830751e-01;3.1750000e+02;2.3384906e-01;3.1750000e+02;1.5811607e-01;3.1750000e+02;9.6990526e-02;3.1750000e+02;4.7122430e-02;3.1750000e+02;2.9313713e-03;3.1750000e+02;-3.9379813e-02;3.1750000e+02;-8.2226232e-02;3.1750000e+02;-1.2448609e-01;3.1750000e+02;-1.6506016e-01;3.1750000e+02;-6.4658932e-02;3.1750000e+02;-2.6944976e-02;3.1750000e+02;3.2239217e-02;3.1750000e+02;1.0224480e-01;3.1750000e+02;1.7849205e-01;3.1750000e+02;2.3569807e-01;3.1750000e+02;2.6933566e-01;3.1750000e+02;3.0322847e-01;3.1750000e+02;2.9830751e-01;3.1750000e+02;2.3384906e-01;3.1750000e+02;1.5811607e-01;3.1750000e+02;9.6990526e-02;3.1750000e+02;4.7122430e-02;3.1750000e+02;2.9313713e-03;3.1750000e+02;-3.9379813e-02;3.1750000e+02;-8.2226232e-02;3.1750000e+02;-1.2448609e-01;3.1750000e+02;-1.6506016e-01;3.1750000e+02;-6.4658932e-02;3.1750000e+02;-2.6944976e-02;3.1750000e+02;3.2239217e-02;3.1750000e+02;1.0224480e-01;3.1750000e+02;1.7849205e-01;3.1750000e+02;2.3569807e-01;3.1750000e+02;2.6933566e-01;3.1750000e+02;3.0322847e-01;3.1750000e+02;2.9830751e-01;3.1750000e+02;2.3384906e-01;3.1750000e+02;1.5811607e-01;3.1750000e+02;9.6990526e-02;3.1750000e+02;4.7122430e-02;3.1750000e+02;2.9313713e-03;3.1750000e+02;-3.9379813e-02;3.1750000e+02;-8.2226232e-02;3.1750000e+02;-1.2448609e-01;3.1750000e+02;-1.6506016e-01;3.1750000e+02;-6.4658932e-02;3.1750000e+02;-2.6944976e-02;3.1750000e+02;3.2239217e-02;3.1750000e+02;1.0224480e-01;3.1750000e+02;1.7849205e-01;3.1750000e+02;2.3569807e-01;3.1750000e+02;2.6933566e-01;3.1750000e+02;3.0322847e-01;3.1750000e+02;2.9830751e-01;3.1750000e+02;2.3384906e-01;3.1750000e+02;1.5811607e-01;3.1750000e+02;9.6990526e-02;3.1750000e+02;4.7122430e-02;3.1750000e+02;2.9313713e-03;3.1750000e+02;-3.9379813e-02;3.1750000e+02;-8.2226232e-02;3.1750000e+02;-1.2448609e-01;3.1750000e+02;-1.6506016e-01;3.1750000e+02;-6.4658932e-02;3.1750000e+02;-2.6944976e-02;3.1750000e+02;3.2239217e-02;3.1750000e+02;1.0224480e-01;3.1750000e+02;1.7849205e-01;3.1750000e+02;2.3569807e-01;3.1750000e+02;2.6933566e-01;3.1750000e+02;3.0322847e-01;3.1750000e+02;2.9830751e-01;3.1750000e+02;2.3384906e-01;3.1750000e+02;1.5811607e-01;3.1750000e+02;9.6990526e-02;3.1750000e+02;4.7122430e-02;3.1750000e+02;2.9313713e-03;3.1750000e+02;-3.9379813e-02;3.1750000e+02;-8.2226232e-02;3.1750000e+02;-1.2448609e-01;3.1750000e+02;-1.6506016e-01;3.1750000e+02;-6.4658932e-02;3.1750000e+02;-2.6944976e-02;3.1750000e+02;3.2239217e-02;3.1750000e+02;1.0224480e-01;3.1750000e+02;1.7849205e-01;3.1750000e+02;2.3569807e-01;3.1750000e+02;2.6933566e-01;3.1750000e+02;3.0322847e-01;3.1750000e+02;2.9830751e-01;3.1750000e+02;2.3384906e-01;3.1750000e+02;1.5811607e-01;3.1750000e+02;9.6990526e-02;3.1750000e+02;4.7122430e-02;3.1750000e+02;2.9313713e-03;3.1750000e+02;-3.9379813e-02;3.1750000e+02;-8.2226232e-02;3.1750000e+02;-1.2448609e-01;3.1750000e+02;-1.6506016e-01;3.1750000e+02;-6.4658932e-02;3.1750000e+02;-2.6944976e-02;3.1750000e+02;3.2239217e-02;3.1750000e+02;1.0224480e-01;3.1750000e+02;1.7849205e-01;3.1750000e+02;2.3569807e-01;3.1750000e+02;2.6933566e-01;3.1750000e+02;3.0322847e-01;3.1750000e+02;2.9830751e-01;3.1750000e+02;2.3384906e-01;3.1750000e+02;1.5811607e-01;3.1750000e+02;9.6990526e-02;3.1750000e+02;4.7122430e-02;3.1750000e+02;2.9313713e-03;3.1750000e+02;-3.9379813e-02;3.1750000e+02;-8.2226232e-02;3.1750000e+02;-1.2448609e-01;3.1750000e+02;-1.6506016e-01;3.1750000e+02;-6.4658932e-02;3.1750000e+02;-2.6944976e-02;3.1750000e+02;3.2239217e-02;3.1750000e+02;1.0224480e-01;3.1750000e+02;1.7849205e-01;3.1750000e+02;2.3569807e-01;3.1750000e+02;2.6933566e-01;3.1750000e+02;3.0322847e-01;3.1750000e+02;2.9830751e-01;3.1750000e+02;2.3384906e-01;3.1750000e+02;1.5811607e-01;3.1750000e+02;9.6990526e-02;3.1750000e+02;4.7122430e-02;3.1750000e+02;2.9313713e-03;3.1750000e+02;-3.9379813e-02;3.1750000e+02;-8.2226232e-02;3.1750000e+02;-1.2448609e-01;3.1750000e+02;-1.6506016e-01;3.1750000e+02;-6.4658932e-02;3.1750000e+02;-2.6944976e-02;3.1750000e+02;3.2239217e-02;3.1750000e+02;1.0224480e-01;3.1750000e+02;1.7849205e-01;3.1750000e+02;2.3569807e-01;3.1750000e+02;2.6933566e-01;3.1750000e+02;3.0322847e-01;3.1750000e+02;2.9830751e-01;3.1750000e+02;2.3384906e-01;3.1750000e+02;1.5811607e-01;3.1750000e+02;9.6990526e-02;3.1750000e+02;4.7122430e-02;3.1750000e+02;2.9313713e-03;3.1750000e+02;-3.9379813e-02;3.1750000e+02;-8.2226232e-02;3.1750000e+02;-1.2448609e-01;3.1750000e+02;-1.6506016e-01;3.1750000e+02;-6.4658932e-02;3.1750000e+02;-2.6944976e-02;3.1750000e+02;3.2239217e-02;3.1750000e+02;1.0224480e-01;3.1750000e+02;1.7849205e-01;3.1750000e+02;2.3569807e-01;3.1750000e+02;2.6933566e-01;3.1750000e+02;3.0322847e-01;3.1750000e+02;2.9830751e-01;3.1750000e+02;2.3384906e-01;3.1750000e+02;1.5811607e-01;3.1750000e+02;9.6990526e-02;3.1750000e+02;4.7122430e-02;3.1750000e+02;2.9313713e-03;3.1750000e+02;-3.9379813e-02;3.1750000e+02;-8.2226232e-02;3.1750000e+02;-1.2448609e-01;3.1750000e+02;-1.6506016e-01;3.1750000e+02;-6.4658932e-02;3.1750000e+02;-2.6944976e-02;3.1750000e+02;3.2239217e-02;3.1750000e+02;1.0224480e-01;3.1750000e+02;1.7849205e-01;3.1750000e+02;2.3569807e-01;3.1750000e+02;2.6933566e-01;3.1750000e+02;3.0322847e-01;3.1750000e+02;2.9830751e-01;3.1750000e+02;2.3384906e-01;3.1750000e+02;1.5811607e-01;3.1750000e+02;9.6990526e-02;3.1750000e+02;4.7122430e-02;3.1750000e+02;2.9313713e-03;3.1750000e+02;-3.9379813e-02;3.1750000e+02;-8.2226232e-02;3.1750000e+02;-1.2448609e-01;3.1750000e+02;-1.6506016e-01;3.1750000e+02;-6.4658932e-02;3.1750000e+02;-2.6944976e-02;3.1750000e+02;3.2239217e-02;3.1750000e+02;1.0224480e-01;3.1750000e+02;1.7849205e-01;3.1750000e+02;2.3569807e-01;3.1750000e+02;2.6933566e-01;3.1750000e+02;3.0322847e-01;3.1750000e+02;2.9830751e-01;3.1750000e+02;2.3384906e-01;3.1750000e+02;1.5811607e-01;3.1750000e+02;9.6990526e-02;3.1750000e+02;4.7122430e-02;3.1750000e+02;2.9313713e-03;3.1750000e+02;-3.9379813e-02;3.1750000e+02;-8.2226232e-02;3.1750000e+02;-1.2448609e-01;3.1750000e+02;-1.6506016e-01;3.1750000e+02;-6.4658932e-02;3.1750000e+02;-2.6944976e-02;3.1750000e+02;3.2239217e-02;3.1750000e+02;1.0224480e-01;3.1750000e+02;1.7849205e-01;3.1750000e+02;2.3569807e-01;3.1750000e+02;2.6933566e-01;3.1750000e+02;3.0322847e-01;3.1750000e+02;2.9830751e-01;3.1750000e+02;2.3384906e-01;3.1750000e+02;1.5811607e-01;3.1750000e+02;9.6990526e-02;3.1750000e+02;4.7122430e-02;3.1750000e+02;2.9313713e-03;3.1750000e+02;-3.9379813e-02;3.1750000e+02;-8.2226232e-02;3.1750000e+02;-1.2448609e-01;3.1750000e+02;-1.6506016e-01;3.1750000e+02;-6.4658932e-02;3.1750000e+02;-2.6944976e-02;3.1750000e+02;3.2239217e-02;3.1750000e+02;1.0224480e-01;3.1750000e+02;1.7849205e-01;3.1750000e+02;2.3569807e-01;3.1750000e+02;2.6933566e-01;3.1750000e+02;3.0322847e-01;3.1750000e+02;2.9830751e-01;3.1750000e+02;2.3384906e-01;3.1750000e+02;1.5811607e-01;3.1750000e+02;9.6990526e-02;3.1750000e+02;4.7122430e-02;3.1750000e+02;2.9313713e-03;3.1750000e+02;-3.9379813e-02;3.1750000e+02;-8.2226232e-02;3.1750000e+02;-1.2448609e-01;3.1750000e+02;-1.6506016e-01;3.1750000e+02;-6.4658932e-02;3.1750000e+02;-2.6944976e-02;3.1750000e+02;3.2239217e-02;3.1750000e+02;1.0224480e-01;3.1750000e+02;1.7849205e-01;3.1750000e+02;2.3569807e-01;3.1750000e+02;2.6933566e-01;3.1750000e+02;3.0322847e-01;3.1750000e+02;2.9830751e-01;3.1750000e+02;2.3384906e-01;3.1750000e+02;1.5811607e-01;3.1750000e+02;9.6990526e-02;3.1750000e+02;4.7122430e-02;3.1750000e+02;2.9313713e-03;3.1750000e+02;-3.9379813e-02;3.1750000e+02;-8.2226232e-02;3.1750000e+02;-1.2448609e-01;3.1750000e+02;-1.6506016e-01;3.1750000e+02;-6.4658932e-02;3.1750000e+02;-2.6944976e-02;3.1750000e+02;3.2239217e-02;3.1750000e+02;1.0224480e-01;3.1750000e+02;1.7849205e-01;3.1750000e+02;2.3569807e-01;3.1750000e+02;2.6933566e-01;3.1750000e+02;3.0322847e-01;3.1750000e+02;2.9830751e-01;3.1750000e+02;2.3384906e-01;3.1750000e+02;1.5811607e-01;3.1750000e+02;9.6990526e-02;3.1750000e+02;4.7122430e-02;3.1750000e+02;2.9313713e-03;3.1750000e+02;-3.9379813e-02;3.1750000e+02;-8.2226232e-02;3.1750000e+02;-1.2448609e-01;3.1750000e+02;-1.6506016e-01;3.1750000e+02;-6.4658932e-02;3.1750000e+02;-2.6944976e-02;3.1750000e+02;3.2239217e-02;3.1750000e+02;1.0224480e-01;3.1750000e+02;1.7849205e-01;3.1750000e+02;2.3569807e-01;3.1750000e+02;2.6933566e-01;3.1750000e+02;3.0322847e-01;3.1750000e+02;2.9830751e-01;3.1750000e+02;2.3384906e-01;3.1750000e+02;1.5811607e-01;3.1750000e+02;9.6990526e-02;3.1750000e+02;4.7122430e-02;3.1750000e+02;2.9313713e-03;3.1750000e+02;-3.9379813e-02;3.1750000e+02;-8.2226232e-02;3.1750000e+02;-1.2448609e-01;3.1750000e+02;-1.6506016e-01;3.1750000e+02;-6.4658932e-02;3.1750000e+02;-2.6944976e-02;3.1750000e+02;3.2239217e-02;3.1750000e+02;1.0224480e-01;3.1750000e+02;1.7849205e-01;3.1750000e+02;2.3569807e-01;3.1750000e+02;2.6933566e-01;3.1750000e+02;3.0322847e-01;3.1750000e+02;2.9830751e-01;3.1750000e+02;2.3384906e-01;3.1750000e+02;1.5811607e-01;3.1750000e+02;9.6990526e-02;3.1750000e+02;4.7122430e-02;3.1750000e+02;2.9313713e-03;3.1750000e+02;-3.9379813e-02;3.1750000e+02;-8.2226232e-02;3.1750000e+02;-1.2448609e-01;3.1750000e+02;-1.6506016e-01;3.1750000e+02;-6.4658932e-02;3.1750000e+02;-2.6944976e-02;3.1750000e+02;3.2239217e-02;3.1750000e+02;1.0224480e-01;3.1750000e+02;1.7849205e-01;3.1750000e+02;2.3569807e-01;3.1750000e+02;2.6933566e-01;3.1750000e+02;3.0322847e-01;3.1750000e+02;2.9830751e-01;3.1750000e+02;2.3384906e-01;3.1750000e+02;1.5811607e-01;3.1750000e+02;9.6990526e-02;3.1750000e+02;4.7122430e-02;3.1750000e+02;2.9313713e-03;3.1750000e+02;-3.9379813e-02;3.1750000e+02;-8.2226232e-02;3.1750000e+02;-1.2448609e-01;3.1750000e+02;-1.6506016e-01;3.1750000e+02;-6.4658932e-02;3.1750000e+02;-2.6944976e-02;3.1750000e+02;3.2239217e-02;3.1750000e+02;1.0224480e-01;3.1750000e+02;1.7849205e-01;3.1750000e+02;2.3569807e-01;3.1750000e+02;2.6933566e-01;3.1750000e+02;3.0322847e-01;3.1750000e+02;2.9830751e-01;3.1750000e+02;2.3384906e-01;3.1750000e+02;1.5811607e-01;3.1750000e+02;9.6990526e-02;3.1750000e+02;4.7122430e-02;3.1750000e+02;2.9313713e-03;3.1750000e+02;-3.9379813e-02;3.1750000e+02;-8.2226232e-02;3.1750000e+02;-1.2448609e-01;3.1750000e+02;-1.6506016e-01;3.1750000e+02;-6.4658932e-02;3.1750000e+02;-2.6944976e-02;3.1750000e+02;3.2239217e-02;3.1750000e+02;1.0224480e-01;3.1750000e+02;1.7849205e-01;3.1750000e+02;2.3569807e-01;3.1750000e+02;2.6933566e-01;3.1750000e+02;3.0322847e-01;3.1750000e+02;2.9830751e-01;3.1750000e+02;2.3384906e-01;3.1750000e+02;1.5811607e-01;3.1750000e+02;9.6990526e-02;3.1750000e+02;4.7122430e-02;3.1750000e+02;2.9313713e-03;3.1750000e+02;-3.9379813e-02;3.1750000e+02;-8.2226232e-02;3.1750000e+02;-1.2448609e-01;3.1750000e+02;-1.6506016e-01;3.1750000e+02;-6.4658932e-02;3.1750000e+02;-2.6944976e-02;3.1750000e+02;3.2239217e-02;3.1750000e+02;1.0224480e-01;3.1750000e+02;1.7849205e-01;3.1750000e+02;2.3569807e-01;3.1750000e+02;2.6933566e-01;3.1750000e+02;3.0322847e-01;3.1750000e+02;2.9830751e-01;3.1750000e+02;2.3384906e-01;3.1750000e+02;1.5811607e-01;3.1750000e+02;9.6990526e-02;3.1750000e+02;4.7122430e-02;3.1750000e+02;2.9313713e-03;3.1750000e+02;-3.9379813e-02;3.1750000e+02;-8.2226232e-02;3.1750000e+02;-1.2448609e-01;3.1750000e+02;-1.6506016e-01;3.1750000e+02;-6.4658932e-02;3.1750000e+02;-2.6944976e-02;3.1750000e+02;3.2239217e-02;3.1750000e+02;1.0224480e-01;3.1750000e+02;1.7849205e-01;3.1750000e+02;2.3569807e-01;3.1750000e+02;2.6933566e-01;3.1750000e+02;3.0322847e-01;3.1750000e+02;2.9830751e-01;3.1750000e+02;2.3384906e-01;3.1750000e+02;1.5811607e-01;3.1750000e+02;9.6990526e-02;3.1750000e+02;4.7122430e-02;3.1750000e+02;2.9313713e-03;3.1750000e+02;-3.9379813e-02;3.1750000e+02;-8.2226232e-02;3.1750000e+02;-1.2448609e-01;3.1750000e+02;-1.6506016e-01;3.1750000e+02;-6.4658932e-02;3.1750000e+02;-2.6944976e-02;3.1750000e+02;3.2239217e-02;3.1750000e+02;1.0224480e-01;3.1750000e+02;1.7849205e-01;3.1750000e+02;2.3569807e-01;3.1750000e+02;2.6933566e-01;3.1750000e+02;3.0322847e-01;3.1750000e+02;2.9830751e-01;3.1750000e+02;2.3384906e-01;3.1750000e+02;1.5811607e-01;3.1750000e+02;9.6990526e-02;3.1750000e+02;4.7122430e-02;3.1750000e+02;2.9313713e-03;3.1750000e+02;-3.9379813e-02;3.1750000e+02;-8.2226232e-02;3.1750000e+02;-1.2448609e-01;3.1750000e+02;-1.6506016e-01;3.1750000e+02;-6.4658932e-02;3.1750000e+02;-2.6944976e-02;3.1750000e+02;3.2239217e-02;3.1750000e+02;1.0224480e-01;3.1750000e+02;1.7849205e-01;3.1750000e+02;2.3569807e-01;3.1750000e+02;2.6933566e-01;3.1750000e+02;3.0322847e-01;3.1750000e+02;2.9830751e-01;3.1750000e+02;2.3384906e-01;3.1750000e+02;1.5811607e-01;3.1750000e+02;9.6990526e-02;3.1750000e+02;4.7122430e-02;3.1750000e+02;2.9313713e-03;3.1750000e+02;-3.9379813e-02;3.1750000e+02;-8.2226232e-02;3.1750000e+02;-1.2448609e-01;3.1750000e+02;-1.6506016e-01;3.1750000e+02;-6.4658932e-02;3.1750000e+02;-2.6944976e-02;3.1750000e+02;3.2239217e-02;3.1750000e+02;1.0224480e-01;3.1750000e+02;1.7849205e-01;3.1750000e+02;2.3569807e-01;3.1750000e+02;2.6933566e-01;3.1750000e+02;3.0322847e-01;3.1750000e+02;2.9830751e-01;3.1750000e+02;2.3384906e-01;3.1750000e+02;1.5811607e-01;3.1750000e+02;9.6990526e-02;3.1750000e+02;4.7122430e-02;3.1750000e+02;2.9313713e-03;3.1750000e+02;-3.9379813e-02;3.1750000e+02;-8.2226232e-02;3.1750000e+02;-1.2448609e-01;3.1750000e+02;-1.6506016e-01;3.1750000e+02;-6.4658932e-02;3.1750000e+02;-2.6944976e-02;3.1750000e+02;3.2239217e-02;3.1750000e+02;1.0224480e-01;3.1750000e+02;1.7849205e-01;3.1750000e+02;2.3569807e-01;3.1750000e+02;2.6933566e-01;3.1750000e+02;3.0322847e-01;3.1750000e+02;2.9830751e-01;3.1750000e+02;2.3384906e-01;3.1750000e+02;1.5811607e-01;3.1750000e+02;9.6990526e-02;3.1750000e+02;4.7122430e-02;3.1750000e+02;2.9313713e-03;3.1750000e+02;-3.9379813e-02;3.1750000e+02;-8.2226232e-02;3.1750000e+02;-1.2448609e-01;3.1750000e+02;-1.6506016e-01;3.1750000e+02;-6.4658932e-02;3.1750000e+02;-2.6944976e-02;3.1750000e+02;3.2239217e-02;3.1750000e+02;1.0224480e-01;3.1750000e+02;1.7849205e-01;3.1750000e+02;2.3569807e-01;3.1750000e+02;2.6933566e-01;3.1750000e+02;3.0322847e-01;3.1750000e+02;2.9830751e-01;3.1750000e+02;2.3384906e-01;3.1750000e+02;1.5811607e-01;3.1750000e+02;9.6990526e-02;3.1750000e+02;4.7122430e-02;3.1750000e+02;2.9313713e-03;3.1750000e+02;-3.9379813e-02;3.1750000e+02;-8.2226232e-02;3.1750000e+02;-1.2448609e-01;3.1750000e+02;-1.6506016e-01;3.1750000e+02;-6.4658932e-02;3.1750000e+02;-2.6944976e-02;3.1750000e+02;3.2239217e-02;3.1750000e+02;1.0224480e-01;3.1750000e+02;1.7849205e-01;3.1750000e+02;2.3569807e-01;3.1750000e+02;2.6933566e-01;3.1750000e+02;3.0322847e-01;3.1750000e+02;2.9830751e-01;3.1750000e+02;2.3384906e-01;3.1750000e+02;1.5811607e-01;3.1750000e+02;9.6990526e-02;3.1750000e+02;4.7122430e-02;3.1750000e+02;2.9313713e-03;3.1750000e+02;-3.9379813e-02;3.1750000e+02;-8.2226232e-02;3.1750000e+02;-1.2448609e-01;3.1750000e+02;-1.6506016e-01;3.1750000e+02;-6.4658932e-02;3.1750000e+02;-2.6944976e-02;3.1750000e+02;3.2239217e-02;3.1750000e+02;1.0224480e-01;3.1750000e+02;1.7849205e-01;3.1750000e+02;2.3569807e-01;3.1750000e+02;2.6933566e-01;3.1750000e+02;3.0322847e-01;3.1750000e+02;2.9830751e-01;3.1750000e+02;2.3384906e-01;3.1750000e+02;1.5811607e-01;3.1750000e+02;9.6990526e-02;3.1750000e+02;4.7122430e-02;3.1750000e+02;2.9313713e-03;3.1750000e+02;-3.9379813e-02;3.1750000e+02;-8.2226232e-02;3.1750000e+02;-1.2448609e-01;3.1750000e+02;-1.6506016e-01;3.1750000e+02;-6.4658932e-02;3.1750000e+02;-2.6944976e-02;3.1750000e+02;3.2239217e-02;3.1750000e+02;1.0224480e-01;3.1750000e+02;1.7849205e-01;3.1750000e+02;2.3569807e-01;3.1750000e+02;2.6933566e-01;3.1750000e+02;3.0322847e-01;3.1750000e+02;2.9830751e-01;3.1750000e+02;2.3384906e-01;3.1750000e+02;1.5811607e-01;3.1750000e+02;9.6990526e-02;3.1750000e+02;4.7122430e-02;3.1750000e+02;2.9313713e-03;3.1750000e+02;-3.9379813e-02;3.1750000e+02;-8.2226232e-02;3.1750000e+02;-1.2448609e-01;3.1750000e+02;-1.6506016e-01;3.1750000e+02;-6.4658932e-02;3.1750000e+02;-2.6944976e-02;3.1750000e+02;3.2239217e-02;3.1750000e+02;1.0224480e-01;3.1750000e+02;1.7849205e-01;3.1750000e+02;2.3569807e-01;3.1750000e+02;2.6933566e-01;3.1750000e+02;3.0322847e-01;3.1750000e+02;2.9830751e-01;3.1750000e+02;2.3384906e-01;3.1750000e+02;1.5811607e-01;3.1750000e+02;9.6990526e-02;3.1750000e+02;4.7122430e-02;3.1750000e+02;2.9313713e-03;3.1750000e+02;-3.9379813e-02;3.1750000e+02;-8.2226232e-02;3.1750000e+02;-1.2448609e-01;3.1750000e+02;-1.6506016e-01;3.1750000e+02;-6.4658932e-02;3.1750000e+02;-2.6944976e-02;3.1750000e+02;3.2239217e-02;3.1750000e+02;1.0224480e-01;3.1750000e+02;1.7849205e-01;3.1750000e+02;2.3569807e-01;3.1750000e+02;2.6933566e-01;3.1750000e+02;3.0322847e-01;3.1750000e+02;2.9830751e-01;3.1750000e+02;2.3384906e-01;3.1750000e+02;1.5811607e-01;3.1750000e+02;9.6990526e-02;3.1750000e+02;4.7122430e-02;3.1750000e+02;2.9313713e-03;3.1750000e+02;-3.9379813e-02;3.1750000e+02;-8.2226232e-02;3.1750000e+02;-1.2448609e-01;3.1750000e+02;-1.6506016e-01;3.1750000e+02;-6.4658932e-02;3.1750000e+02;-2.6944976e-02;3.1750000e+02;3.2239217e-02;3.1750000e+02;1.0224480e-01;3.1750000e+02;1.7849205e-01;3.1750000e+02;2.3569807e-01;3.1750000e+02;2.6933566e-01;3.1750000e+02;3.0322847e-01;3.1750000e+02;2.9830751e-01;3.1750000e+02;2.3384906e-01;3.1750000e+02;1.5811607e-01;3.1750000e+02;9.6990526e-02;3.1750000e+02;4.7122430e-02;3.1750000e+02;2.9313713e-03;3.1750000e+02;-3.9379813e-02;3.1750000e+02;-8.2226232e-02;3.1750000e+02;-1.2448609e-01;3.1750000e+02;-1.6506016e-01;3.1750000e+02;-6.4658932e-02;3.1750000e+02;-2.6944976e-02;3.1750000e+02;3.2239217e-02;3.1750000e+02;1.0224480e-01;3.1750000e+02;1.7849205e-01;3.1750000e+02;2.3569807e-01;3.1750000e+02;2.6933566e-01;3.1750000e+02;3.0322847e-01;3.1750000e+02;2.9830751e-01;3.1750000e+02;2.3384906e-01;3.1750000e+02;1.5811607e-01;3.1750000e+02;9.6990526e-02;3.1750000e+02;4.7122430e-02;3.1750000e+02;2.9313713e-03;3.1750000e+02;-3.9379813e-02;3.1750000e+02;-8.2226232e-02;3.1750000e+02;-1.2448609e-01;3.1750000e+02;-1.6506016e-01;3.1750000e+02;-6.4658932e-02;3.1750000e+02;-2.6944976e-02;3.1750000e+02;3.2239217e-02;3.1750000e+02;1.0224480e-01;3.1750000e+02;1.7849205e-01;3.1750000e+02;2.3569807e-01;3.1750000e+02;2.6933566e-01;3.1750000e+02;3.0322847e-01;3.1750000e+02;2.9830751e-01;3.1750000e+02;2.3384906e-01;3.1750000e+02;1.5811607e-01;3.1750000e+02;9.6990526e-02;3.1750000e+02;4.7122430e-02;3.1750000e+02;2.9313713e-03;3.1750000e+02;-3.9379813e-02;3.1750000e+02;-8.2226232e-02;3.1750000e+02;-1.2448609e-01;3.1750000e+02;-1.6506016e-01;3.1750000e+02;-6.4658932e-02;3.1750000e+02;-2.6944976e-02;3.1750000e+02;3.2239217e-02;3.1750000e+02;1.0224480e-01;3.1750000e+02;1.7849205e-01;3.1750000e+02;2.3569807e-01;3.1750000e+02;2.6933566e-01;3.1750000e+02;3.0322847e-01;3.1750000e+02;2.9830751e-01;3.1750000e+02;2.3384906e-01;3.1750000e+02;1.5811607e-01;3.1750000e+02;9.6990526e-02;3.1750000e+02;4.7122430e-02;3.1750000e+02;2.9313713e-03;3.1750000e+02;-3.9379813e-02;3.1750000e+02;-8.2226232e-02;3.1750000e+02;-1.2448609e-01;3.1750000e+02;-1.6506016e-01;3.1750000e+02;-6.4658932e-02;3.1750000e+02;-2.6944976e-02;3.1750000e+02;3.2239217e-02;3.1750000e+02;1.0224480e-01;3.1750000e+02;1.7849205e-01;3.1750000e+02;2.3569807e-01;3.1750000e+02;2.6933566e-01;3.1750000e+02;3.0322847e-01;3.1750000e+02;2.9830751e-01;3.1750000e+02;2.3384906e-01;3.1750000e+02;1.5811607e-01;3.1750000e+02;9.6990526e-02;3.1750000e+02;4.7122430e-02;3.1750000e+02;2.9313713e-03;3.1750000e+02;-3.9379813e-02;3.1750000e+02;-8.2226232e-02;3.1750000e+02;-1.2448609e-01;3.1750000e+02;-1.6506016e-01;3.1750000e+02;-6.4658932e-02;3.1750000e+02;-2.6944976e-02;3.1750000e+02;3.2239217e-02;3.1750000e+02;1.0224480e-01;3.1750000e+02;1.7849205e-01;3.1750000e+02;2.3569807e-01;3.1750000e+02;2.6933566e-01;3.1750000e+02;3.0322847e-01;3.1750000e+02;2.9830751e-01;3.1750000e+02;2.3384906e-01;3.1750000e+02;1.5811607e-01;3.1750000e+02;9.6990526e-02;3.1750000e+02;4.7122430e-02;3.1750000e+02;2.9313713e-03;3.1750000e+02;-3.9379813e-02;3.1750000e+02;-8.2226232e-02;3.1750000e+02;-1.2448609e-01;3.1750000e+02;-1.6506016e-01;3.1750000e+02;-6.4658932e-02;3.1750000e+02;-2.6944976e-02;3.1750000e+02;3.2239217e-02;3.1750000e+02;1.0224480e-01;3.1750000e+02;1.7849205e-01;3.1750000e+02;2.3569807e-01;3.1750000e+02;2.6933566e-01;3.1750000e+02;3.0322847e-01;3.1750000e+02;2.9830751e-01;3.1750000e+02;2.3384906e-01;3.1750000e+02;1.5811607e-01;3.1750000e+02;9.6990526e-02;3.1750000e+02;4.7122430e-02;3.1750000e+02;2.9313713e-03;3.1750000e+02;-3.9379813e-02;3.1750000e+02;-8.2226232e-02;3.1750000e+02;-1.2448609e-01;3.1750000e+02;-1.6506016e-01;3.1750000e+02;-6.4658932e-02;3.1750000e+02;-2.6944976e-02;3.1750000e+02;3.2239217e-02;3.1750000e+02;1.0224480e-01;3.1750000e+02;1.7849205e-01;3.1750000e+02;2.3569807e-01;3.1750000e+02;2.6933566e-01;3.1750000e+02;3.0322847e-01;3.1750000e+02;2.9830751e-01;3.1750000e+02;2.3384906e-01;3.1750000e+02;1.5811607e-01;3.1750000e+02;9.6990526e-02;3.1750000e+02;4.7122430e-02;3.1750000e+02;2.9313713e-03;3.1750000e+02;-3.9379813e-02;3.1750000e+02;-8.2226232e-02;3.1750000e+02;-1.2448609e-01;3.1750000e+02;-1.6506016e-01;3.1750000e+02;-6.4658932e-02;3.1750000e+02;-2.6944976e-02;3.1750000e+02;3.2239217e-02;3.1750000e+02;1.0224480e-01;3.1750000e+02;1.7849205e-01;3.1750000e+02;2.3569807e-01;3.1750000e+02;2.6933566e-01;3.1750000e+02;3.0322847e-01;3.1750000e+02;2.9830751e-01;3.1750000e+02;2.3384906e-01;3.1750000e+02;1.5811607e-01;3.1750000e+02;9.6990526e-02;3.1750000e+02;4.7122430e-02;3.1750000e+02;2.9313713e-03;3.1750000e+02;-3.9379813e-02;3.1750000e+02;-8.2226232e-02;3.1750000e+02;-1.2448609e-01;3.1750000e+02;-1.6506016e-01;3.1750000e+02;-6.4658932e-02;3.1750000e+02;-2.6944976e-02;3.1750000e+02;3.2239217e-02;3.1750000e+02;1.0224480e-01;3.1750000e+02;1.7849205e-01;3.1750000e+02;2.3569807e-01;3.1750000e+02;2.6933566e-01;3.1750000e+02;3.0322847e-01;3.1750000e+02;2.9830751e-01;3.1750000e+02;2.3384906e-01;3.1750000e+02;1.5811607e-01;3.1750000e+02;9.6990526e-02;3.1750000e+02;4.7122430e-02;3.1750000e+02;2.9313713e-03;3.1750000e+02;-3.9379813e-02;3.1750000e+02;-8.2226232e-02;3.1750000e+02;-1.2448609e-01;3.1750000e+02;-1.6506016e-01;3.1750000e+02;-6.4658932e-02;3.1750000e+02;-2.6944976e-02;3.1750000e+02;3.2239217e-02;3.1750000e+02;1.0224480e-01;3.1750000e+02;1.7849205e-01;3.1750000e+02;2.3569807e-01;3.1750000e+02;2.6933566e-01;3.1750000e+02;3.0322847e-01;3.1750000e+02;2.9830751e-01;3.1750000e+02;2.3384906e-01;3.1750000e+02;1.5811607e-01;3.1750000e+02;9.6990526e-02;3.1750000e+02;4.7122430e-02;3.1750000e+02;2.9313713e-03;3.1750000e+02;-3.9379813e-02;3.1750000e+02;-8.2226232e-02;3.1750000e+02;-1.2448609e-01;3.1750000e+02;-1.6506016e-01;3.1750000e+02;-6.4658932e-02;3.1750000e+02;-2.6944976e-02;3.1750000e+02;3.2239217e-02;3.1750000e+02;1.0224480e-01;3.1750000e+02;1.7849205e-01;3.1750000e+02;2.3569807e-01;3.1750000e+02;2.6933566e-01;3.1750000e+02;3.0322847e-01;3.1750000e+02;2.9830751e-01;3.1750000e+02;2.3384906e-01;3.1750000e+02;1.5811607e-01;3.1750000e+02;9.6990526e-02;3.1750000e+02;4.7122430e-02;3.1750000e+02;2.9313713e-03;3.1750000e+02;-3.9379813e-02;3.1750000e+02;-8.2226232e-02;3.1750000e+02;-1.2448609e-01;3.1750000e+02;-1.6506016e-01;3.1750000e+02;-6.4658932e-02;3.1750000e+02;-2.6944976e-02;3.1750000e+02;3.2239217e-02;3.1750000e+02;1.0224480e-01;3.1750000e+02;1.7849205e-01;3.1750000e+02;2.3569807e-01;3.1750000e+02;2.6933566e-01;3.1750000e+02;3.0322847e-01;3.1750000e+02;2.9830751e-01;3.1750000e+02;2.3384906e-01;3.1750000e+02;1.5811607e-01;3.1750000e+02;9.6990526e-02;3.1750000e+02;4.7122430e-02;3.1750000e+02;2.9313713e-03;3.1750000e+02;-3.9379813e-02;3.1750000e+02;-8.2226232e-02;3.1750000e+02;-1.2448609e-01;3.1750000e+02;-1.6506016e-01;3.1750000e+02;-6.4658932e-02;3.1750000e+02;-2.6944976e-02;3.1750000e+02;3.2239217e-02;3.1750000e+02;1.0224480e-01;3.1750000e+02;1.7849205e-01;3.1750000e+02;2.3569807e-01;3.1750000e+02;2.6933566e-01;3.1750000e+02;3.0322847e-01;3.1750000e+02;2.9830751e-01;3.1750000e+02;2.3384906e-01;3.1750000e+02;1.5811607e-01;3.1750000e+02;9.6990526e-02;3.1750000e+02;4.7122430e-02;3.1750000e+02;2.9313713e-03;3.1750000e+02;-3.9379813e-02;3.1750000e+02;-8.2226232e-02;3.1750000e+02;-1.2448609e-01;3.1750000e+02;-1.6506016e-01;3.1750000e+02;-6.4658932e-02;3.1750000e+02;-2.6944976e-02;3.1750000e+02;3.2239217e-02;3.1750000e+02;1.0224480e-01;3.1750000e+02;1.7849205e-01;3.1750000e+02;2.3569807e-01;3.1750000e+02;2.6933566e-01;3.1750000e+02;3.0322847e-01;3.1750000e+02;2.9830751e-01;3.1750000e+02;2.3384906e-01;3.1750000e+02;1.5811607e-01;3.1750000e+02;9.6990526e-02;3.1750000e+02;4.7122430e-02;3.1750000e+02;2.9313713e-03;3.1750000e+02;-3.9379813e-02;3.1750000e+02;-8.2226232e-02;3.1750000e+02;-1.2448609e-01;3.1750000e+02;-1.6506016e-01;3.1750000e+02;-6.4658932e-02;3.1750000e+02;-2.6944976e-02;3.1750000e+02;3.2239217e-02;3.1750000e+02;1.0224480e-01;3.1750000e+02;1.7849205e-01;3.1750000e+02;2.3569807e-01;3.1750000e+02;2.6933566e-01;3.1750000e+02;3.0322847e-01;3.1750000e+02;2.9830751e-01;3.1750000e+02;2.3384906e-01;3.1750000e+02;1.5811607e-01;3.1750000e+02;9.6990526e-02;3.1750000e+02;4.7122430e-02;3.1750000e+02;2.9313713e-03;3.1750000e+02;-3.9379813e-02;3.1750000e+02;-8.2226232e-02;3.1750000e+02;-1.2448609e-01;3.1750000e+02;-1.6506016e-01;3.1750000e+02;-6.4658932e-02;3.1750000e+02;-2.6944976e-02;3.1750000e+02;3.2239217e-02;3.1750000e+02;1.0224480e-01;3.1750000e+02;1.7849205e-01;3.1750000e+02;2.3569807e-01;3.1750000e+02;2.6933566e-01;3.1750000e+02;3.0322847e-01;3.1750000e+02;2.9830751e-01;3.1750000e+02;2.3384906e-01;3.1750000e+02;1.5811607e-01;3.1750000e+02;9.6990526e-02;3.1750000e+02;4.7122430e-02;3.1750000e+02;2.9313713e-03;3.1750000e+02;-3.9379813e-02;3.1750000e+02;-8.2226232e-02;3.1750000e+02;-1.2448609e-01;3.1750000e+02;-1.6506016e-01;3.1750000e+02;-6.4658932e-02;3.1750000e+02;-2.6944976e-02;3.1750000e+02;3.2239217e-02;3.1750000e+02;1.0224480e-01;3.1750000e+02;1.7849205e-01;3.1750000e+02;2.3569807e-01;3.1750000e+02;2.6933566e-01;3.1750000e+02;3.0322847e-01;3.1750000e+02;2.9830751e-01;3.1750000e+02;2.3384906e-01;3.1750000e+02;1.5811607e-01;3.1750000e+02;9.6990526e-02;3.1750000e+02;4.7122430e-02;3.1750000e+02;2.9313713e-03;3.1750000e+02;-3.9379813e-02;3.1750000e+02;-8.2226232e-02;3.1750000e+02;-1.2448609e-01;3.1750000e+02;-1.6506016e-01;3.1750000e+02;-6.4658932e-02;3.1750000e+02;-2.6944976e-02;3.1750000e+02;3.2239217e-02;3.1750000e+02;1.0224480e-01;3.1750000e+02;1.7849205e-01;3.1750000e+02;2.3569807e-01;3.1750000e+02;2.6933566e-01;3.1750000e+02;3.0322847e-01;3.1750000e+02;2.9830751e-01;3.1750000e+02;2.3384906e-01;3.1750000e+02;1.5811607e-01;3.1750000e+02;9.6990526e-02;3.1750000e+02;4.7122430e-02;3.1750000e+02;2.9313713e-03;3.1750000e+02;-3.9379813e-02;3.1750000e+02;-8.2226232e-02;3.1750000e+02;-1.2448609e-01;3.1750000e+02;-1.6506016e-01;3.1750000e+02;-6.4658932e-02;3.1750000e+02;-2.6944976e-02;3.1750000e+02;3.2239217e-02;3.1750000e+02;1.0224480e-01;3.1750000e+02;1.7849205e-01;3.1750000e+02;2.3569807e-01;3.1750000e+02;2.6933566e-01;3.1750000e+02;3.0322847e-01;3.1750000e+02;2.9830751e-01;3.1750000e+02;2.3384906e-01;3.1750000e+02;1.5811607e-01;3.1750000e+02;9.6990526e-02;3.1750000e+02;4.7122430e-02;3.1750000e+02;2.9313713e-03;3.1750000e+02;-3.9379813e-02;3.1750000e+02;-8.2226232e-02;3.1750000e+02;-1.2448609e-01;3.1750000e+02;-1.6506016e-01;3.1750000e+02;-6.4658932e-02;3.1750000e+02;-2.6944976e-02;3.1750000e+02;3.2239217e-02;3.1750000e+02;1.0224480e-01;3.1750000e+02;1.7849205e-01;3.1750000e+02;2.3569807e-01;3.1750000e+02;2.6933566e-01;3.1750000e+02;3.0322847e-01;3.1750000e+02;2.9830751e-01;3.1750000e+02;2.3384906e-01;3.1750000e+02;1.5811607e-01;3.1750000e+02;9.6990526e-02;3.1750000e+02;4.7122430e-02;3.1750000e+02;2.9313713e-03;3.1750000e+02;-3.9379813e-02;3.1750000e+02;-8.2226232e-02;3.1750000e+02;-1.2448609e-01;3.1750000e+02;-1.6506016e-01;3.1750000e+02;-6.4658932e-02;3.1750000e+02;-2.6944976e-02;3.1750000e+02;3.2239217e-02;3.1750000e+02;1.0224480e-01;3.1750000e+02;1.7849205e-01;3.1750000e+02;2.3569807e-01;3.1750000e+02;2.6933566e-01;3.1750000e+02;3.0322847e-01;3.1750000e+02;2.9830751e-01;3.1750000e+02;2.3384906e-01;3.1750000e+02;1.5811607e-01;3.1750000e+02;9.6990526e-02;3.1750000e+02;4.7122430e-02;3.1750000e+02;2.9313713e-03;3.1750000e+02;-3.9379813e-02;3.1750000e+02;-8.2226232e-02;3.1750000e+02;-1.2448609e-01;3.1750000e+02;-1.6506016e-01;3.1750000e+02;-6.4658932e-02;3.1750000e+02;-2.6944976e-02;3.1750000e+02;3.2239217e-02;3.1750000e+02;1.0224480e-01;3.1750000e+02;1.7849205e-01;3.1750000e+02;2.3569807e-01;3.1750000e+02;2.6933566e-01;3.1750000e+02;3.0322847e-01;3.1750000e+02;2.9830751e-01;3.1750000e+02;2.3384906e-01;3.1750000e+02;1.5811607e-01;3.1750000e+02;9.6990526e-02;3.1750000e+02;4.7122430e-02;3.1750000e+02;2.9313713e-03;3.1750000e+02;-3.9379813e-02;3.1750000e+02;-8.2226232e-02;3.1750000e+02;-1.2448609e-01;3.1750000e+02;-1.6506016e-01;3.1750000e+02;-6.4658932e-02;3.1750000e+02;-2.6944976e-02;3.1750000e+02;3.2239217e-02;3.1750000e+02;1.0224480e-01;3.1750000e+02;1.7849205e-01;3.1750000e+02;2.3569807e-01;3.1750000e+02;2.6933566e-01;3.1750000e+02;3.0322847e-01;3.1750000e+02;2.9830751e-01;3.1750000e+02;2.3384906e-01;3.1750000e+02;1.5811607e-01;3.1750000e+02;9.6990526e-02;3.1750000e+02;4.7122430e-02;3.1750000e+02;2.9313713e-03;3.1750000e+02;-3.9379813e-02;3.1750000e+02;-8.2226232e-02;3.1750000e+02;-1.2448609e-01;3.1750000e+02;-1.6506016e-01;3.1750000e+02;-6.4658932e-02;3.1750000e+02;-2.6944976e-02;3.1750000e+02;3.2239217e-02;3.1750000e+02;1.0224480e-01;3.1750000e+02;1.7849205e-01;3.1750000e+02;2.3569807e-01;3.1750000e+02;2.6933566e-01;3.1750000e+02;3.0322847e-01;3.1750000e+02;2.9830751e-01;3.1750000e+02;2.3384906e-01;3.1750000e+02;1.5811607e-01;3.1750000e+02;9.6990526e-02;3.1750000e+02;4.7122430e-02;3.1750000e+02;2.9313713e-03;3.1750000e+02;-3.9379813e-02;3.1750000e+02;-8.2226232e-02;3.1750000e+02;-1.2448609e-01;3.1750000e+02;-1.6506016e-01;3.1750000e+02;-6.4658932e-02;3.1750000e+02;-2.6944976e-02;3.1750000e+02;3.2239217e-02;3.1750000e+02;1.0224480e-01;3.1750000e+02;1.7849205e-01;3.1750000e+02;2.3569807e-01;3.1750000e+02;2.6933566e-01;3.1750000e+02;3.0322847e-01;3.1750000e+02;2.9830751e-01;3.1750000e+02;2.3384906e-01;3.1750000e+02;1.5811607e-01;3.1750000e+02;9.6990526e-02;3.1750000e+02;4.7122430e-02;3.1750000e+02;2.9313713e-03;3.1750000e+02;-3.9379813e-02;3.1750000e+02;-8.2226232e-02;3.1750000e+02;-1.2448609e-01;3.1750000e+02;-1.6506016e-01;3.1750000e+02;-6.4658932e-02;3.1750000e+02;-2.6944976e-02;3.1750000e+02;3.2239217e-02;3.1750000e+02;1.0224480e-01;3.1750000e+02;1.7849205e-01;3.1750000e+02;2.3569807e-01;3.1750000e+02;2.6933566e-01;3.1750000e+02;3.0322847e-01;3.1750000e+02;2.9830751e-01;3.1750000e+02;2.3384906e-01;3.1750000e+02;1.5811607e-01;3.1750000e+02;9.6990526e-02;3.1750000e+02;4.7122430e-02;3.1750000e+02;2.9313713e-03;3.1750000e+02;-3.9379813e-02;3.1750000e+02;-8.2226232e-02;3.1750000e+02;-1.2448609e-01;3.1750000e+02;-1.6506016e-01;3.1750000e+02;-6.4658932e-02;3.1750000e+02;-2.6944976e-02;3.1750000e+02;3.2239217e-02;3.1750000e+02;1.0224480e-01;3.1750000e+02;1.7849205e-01;3.1750000e+02;2.3569807e-01;3.1750000e+02;2.6933566e-01;3.1750000e+02;3.0322847e-01;3.1750000e+02;2.9830751e-01;3.1750000e+02;2.3384906e-01;3.1750000e+02;1.5811607e-01;3.1750000e+02;9.6990526e-02;3.1750000e+02;4.7122430e-02;3.1750000e+02;2.9313713e-03;3.1750000e+02;-3.9379813e-02;3.1750000e+02;-8.2226232e-02;3.1750000e+02;-1.2448609e-01;3.1750000e+02;-1.6506016e-01;3.1750000e+02;-6.4658932e-02;3.1750000e+02;-2.6944976e-02;3.1750000e+02;3.2239217e-02;3.1750000e+02;1.0224480e-01;3.1750000e+02;1.7849205e-01;3.1750000e+02;2.3569807e-01;3.1750000e+02;2.6933566e-01;3.1750000e+02;3.0322847e-01;3.1750000e+02;2.9830751e-01;3.1750000e+02;2.3384906e-01;3.1750000e+02;1.5811607e-01;3.1750000e+02;9.6990526e-02;3.1750000e+02;4.7122430e-02;3.1750000e+02;2.9313713e-03;3.1750000e+02;-3.9379813e-02;3.1750000e+02;-8.2226232e-02;3.1750000e+02;-1.2448609e-01;3.1750000e+02;-1.6506016e-01;3.1750000e+02;-6.4658932e-02;3.1750000e+02;-2.6944976e-02;3.1750000e+02;3.2239217e-02;3.1750000e+02;1.0224480e-01;3.1750000e+02;1.7849205e-01;3.1750000e+02;2.3569807e-01;3.1750000e+02;2.6933566e-01;3.1750000e+02;3.0322847e-01;3.1750000e+02;2.9830751e-01;3.1750000e+02;2.3384906e-01;3.1750000e+02;1.5811607e-01;3.1750000e+02;9.6990526e-02;3.1750000e+02;4.7122430e-02;3.1750000e+02;2.9313713e-03;3.1750000e+02;-3.9379813e-02;3.1750000e+02;-8.2226232e-02;3.1750000e+02;-1.2448609e-01;3.1750000e+02;-1.6506016e-01;3.1750000e+02;-6.4658932e-02;3.1750000e+02;-2.6944976e-02;3.1750000e+02;3.2239217e-02;3.1750000e+02;1.0224480e-01;3.1750000e+02;1.7849205e-01;3.1750000e+02;2.3569807e-01;3.1750000e+02;2.6933566e-01;3.1750000e+02;3.0322847e-01;3.1750000e+02;2.9830751e-01;3.1750000e+02;2.3384906e-01;3.1750000e+02;1.5811607e-01;3.1750000e+02;9.6990526e-02;3.1750000e+02;4.7122430e-02;3.1750000e+02;2.9313713e-03;3.1750000e+02;-3.9379813e-02;3.1750000e+02;-8.2226232e-02;3.1750000e+02;-1.2448609e-01;3.1750000e+02;-1.6506016e-01;3.1750000e+02;-6.4658932e-02;3.1750000e+02;-2.6944976e-02;3.1750000e+02;3.2239217e-02;3.1750000e+02;1.0224480e-01;3.1750000e+02;1.7849205e-01;3.1750000e+02;2.3569807e-01;3.1750000e+02;2.6933566e-01;3.1750000e+02;3.0322847e-01;3.1750000e+02;2.9830751e-01;3.1750000e+02;2.3384906e-01;3.1750000e+02;1.5811607e-01;3.1750000e+02;9.6990526e-02;3.1750000e+02;4.7122430e-02;3.1750000e+02;2.9313713e-03;3.1750000e+02;-3.9379813e-02;3.1750000e+02;-8.2226232e-02;3.1750000e+02;-1.2448609e-01;3.1750000e+02;-1.6506016e-01;3.1750000e+02;-6.4658932e-02;3.1750000e+02;-2.6944976e-02;3.1750000e+02;3.2239217e-02;3.1750000e+02;1.0224480e-01;3.1750000e+02;1.7849205e-01;3.1750000e+02;2.3569807e-01;3.1750000e+02;2.6933566e-01;3.1750000e+02;3.0322847e-01;3.1750000e+02;2.9830751e-01;3.1750000e+02;2.3384906e-01;3.1750000e+02;1.5811607e-01;3.1750000e+02;9.6990526e-02;3.1750000e+02;4.7122430e-02;3.1750000e+02;2.9313713e-03;3.1750000e+02;-3.9379813e-02;3.1750000e+02;-8.2226232e-02;3.1750000e+02;-1.2448609e-01;3.1750000e+02;-1.6506016e-01;3.1750000e+02;-6.4658932e-02;3.1750000e+02;-2.6944976e-02;3.1750000e+02;3.2239217e-02;3.1750000e+02;1.0224480e-01;3.1750000e+02;1.7849205e-01;3.1750000e+02;2.3569807e-01;3.1750000e+02;2.6933566e-01;3.1750000e+02;3.0322847e-01;3.1750000e+02;2.9830751e-01;3.1750000e+02;2.3384906e-01;3.1750000e+02;1.5811607e-01;3.1750000e+02;9.6990526e-02;3.1750000e+02;4.7122430e-02;3.1750000e+02;2.9313713e-03;3.1750000e+02;-3.9379813e-02;3.1750000e+02;-8.2226232e-02;3.1750000e+02;-1.2448609e-01;3.1750000e+02;-1.6506016e-01;3.1750000e+02;-6.4658932e-02;3.1750000e+02;-2.6944976e-02;3.1750000e+02;3.2239217e-02;3.1750000e+02;1.0224480e-01;3.1750000e+02;1.7849205e-01;3.1750000e+02;2.3569807e-01;3.1750000e+02;2.6933566e-01;3.1750000e+02;3.0322847e-01;3.1750000e+02;2.9830751e-01;3.1750000e+02;2.3384906e-01;3.1750000e+02;1.5811607e-01;3.1750000e+02;9.6990526e-02;3.1750000e+02;4.7122430e-02;3.1750000e+02;2.9313713e-03;3.1750000e+02;-3.9379813e-02;3.1750000e+02;-8.2226232e-02;3.1750000e+02;-1.2448609e-01;3.1750000e+02;-1.6506016e-01;3.1750000e+02;-6.4658932e-02;3.1750000e+02;-2.6944976e-02;3.1750000e+02;3.2239217e-02;3.1750000e+02;1.0224480e-01;3.1750000e+02;1.7849205e-01;3.1750000e+02;2.3569807e-01;3.1750000e+02;2.6933566e-01;3.1750000e+02;3.0322847e-01;3.1750000e+02;2.9830751e-01;3.1750000e+02;2.3384906e-01;3.1750000e+02;1.5811607e-01;3.1750000e+02;9.6990526e-02;3.1750000e+02;4.7122430e-02;3.1750000e+02;2.9313713e-03;3.1750000e+02;-3.9379813e-02;3.1750000e+02;-8.2226232e-02;3.1750000e+02;-1.2448609e-01;3.1750000e+02;-1.6506016e-01;3.1750000e+02;-6.4658932e-02;3.1750000e+02;-2.6944976e-02;3.1750000e+02;3.2239217e-02;3.1750000e+02;1.0224480e-01;3.1750000e+02;1.7849205e-01;3.1750000e+02;2.3569807e-01;3.1750000e+02;2.6933566e-01;3.1750000e+02;3.0322847e-01;3.1750000e+02;2.9830751e-01;3.1750000e+02;2.3384906e-01;3.1750000e+02;1.5811607e-01;3.1750000e+02;9.6990526e-02;3.1750000e+02;4.7122430e-02;3.1750000e+02;2.9313713e-03;3.1750000e+02;-3.9379813e-02;3.1750000e+02;-8.2226232e-02;3.1750000e+02;-1.2448609e-01;3.1750000e+02;-1.6506016e-01;3.1750000e+02;-6.4658932e-02;3.1750000e+02;-2.6944976e-02;3.1750000e+02;3.2239217e-02;3.1750000e+02;1.0224480e-01;3.1750000e+02;1.7849205e-01;3.1750000e+02;2.3569807e-01;3.1750000e+02;2.6933566e-01;3.1750000e+02;3.0322847e-01;3.1750000e+02;2.9830751e-01;3.1750000e+02;2.3384906e-01;3.1750000e+02;1.5811607e-01;3.1750000e+02;9.6990526e-02;3.1750000e+02;4.7122430e-02;3.1750000e+02;2.9313713e-03;3.1750000e+02;-3.9379813e-02;3.1750000e+02;-8.2226232e-02;3.1750000e+02;-1.2448609e-01;3.1750000e+02;-1.6506016e-01;3.1750000e+02;-6.4658932e-02;3.1750000e+02;-2.6944976e-02;3.1750000e+02;3.2239217e-02;3.1750000e+02;1.0224480e-01;3.1750000e+02;1.7849205e-01;3.1750000e+02;2.3569807e-01;3.1750000e+02;2.6933566e-01;3.1750000e+02;3.0322847e-01;3.1750000e+02;2.9830751e-01;3.1750000e+02;2.3384906e-01;3.1750000e+02;1.5811607e-01;3.1750000e+02;9.6990526e-02;3.1750000e+02;4.7122430e-02;3.1750000e+02;2.9313713e-03;3.1750000e+02;-3.9379813e-02;3.1750000e+02;-8.2226232e-02;3.1750000e+02;-1.2448609e-01;3.1750000e+02;-1.6506016e-01;3.1750000e+02;-6.4658932e-02;3.1750000e+02;-2.6944976e-02;3.1750000e+02;3.2239217e-02;3.1750000e+02;1.0224480e-01;3.1750000e+02;1.7849205e-01;3.1750000e+02;2.3569807e-01;3.1750000e+02;2.6933566e-01;3.1750000e+02;3.0322847e-01;3.1750000e+02;2.9830751e-01;3.1750000e+02;2.3384906e-01;3.1750000e+02;1.5811607e-01;3.1750000e+02;9.6990526e-02;3.1750000e+02;4.7122430e-02;3.1750000e+02;2.9313713e-03;3.1750000e+02;-3.9379813e-02;3.1750000e+02;-8.2226232e-02;3.1750000e+02;-1.2448609e-01;3.1750000e+02;-1.6506016e-01;3.1750000e+02;-6.4658932e-02;3.1750000e+02;-2.6944976e-02;3.1750000e+02;3.2239217e-02;3.1750000e+02;1.0224480e-01;3.1750000e+02;1.7849205e-01;3.1750000e+02;2.3569807e-01;3.1750000e+02;2.6933566e-01;3.1750000e+02;3.0322847e-01;3.1750000e+02;2.9830751e-01;3.1750000e+02;2.3384906e-01;3.1750000e+02;1.5811607e-01;3.1750000e+02;9.6990526e-02;3.1750000e+02;4.7122430e-02;3.1750000e+02;2.9313713e-03;3.1750000e+02;-3.9379813e-02;3.1750000e+02;-8.2226232e-02;3.1750000e+02;-1.2448609e-01;3.1750000e+02;-1.6506016e-01;3.1750000e+02;-6.4658932e-02;3.1750000e+02;-2.6944976e-02;3.1750000e+02;3.2239217e-02;3.1750000e+02;1.0224480e-01;3.1750000e+02;1.7849205e-01;3.1750000e+02;2.3569807e-01;3.1750000e+02;2.6933566e-01;3.1750000e+02;3.0322847e-01;3.1750000e+02;2.9830751e-01;3.1750000e+02;2.3384906e-01;3.1750000e+02;1.5811607e-01;3.1750000e+02;9.6990526e-02;3.1750000e+02;4.7122430e-02;3.1750000e+02;2.9313713e-03;3.1750000e+02;-3.9379813e-02;3.1750000e+02;-8.2226232e-02;3.1750000e+02;-1.2448609e-01;3.1750000e+02;-1.6506016e-01;3.1750000e+02;-6.4658932e-02;3.1750000e+02;-2.6944976e-02;3.1750000e+02;3.2239217e-02;3.1750000e+02;1.0224480e-01;3.1750000e+02;1.7849205e-01;3.1750000e+02;2.3569807e-01;3.1750000e+02;2.6933566e-01;3.1750000e+02;3.0322847e-01;3.1750000e+02;2.9830751e-01;3.1750000e+02;2.3384906e-01;3.1750000e+02;1.5811607e-01;3.1750000e+02;9.6990526e-02;3.1750000e+02;4.7122430e-02;3.1750000e+02;2.9313713e-03;3.1750000e+02;-3.9379813e-02;3.1750000e+02;-8.2226232e-02;3.1750000e+02;-1.2448609e-01;3.1750000e+02;-1.6506016e-01;3.1750000e+02;-6.4658932e-02;3.1750000e+02;-2.6944976e-02;3.1750000e+02;3.2239217e-02;3.1750000e+02;1.0224480e-01;3.1750000e+02;1.7849205e-01;3.1750000e+02;2.3569807e-01;3.1750000e+02;2.6933566e-01;3.1750000e+02;3.0322847e-01;3.1750000e+02;2.9830751e-01;3.1750000e+02;2.3384906e-01;3.1750000e+02;1.5811607e-01;3.1750000e+02;9.6990526e-02;3.1750000e+02;4.7122430e-02;3.1750000e+02;2.9313713e-03;3.1750000e+02;-3.9379813e-02;3.1750000e+02;-8.2226232e-02;3.1750000e+02;-1.2448609e-01;3.1750000e+02;-1.6506016e-01;3.1750000e+02;-6.4658932e-02;3.1750000e+02;-2.6944976e-02;3.1750000e+02;3.2239217e-02;3.1750000e+02;1.0224480e-01;3.1750000e+02;1.7849205e-01;3.1750000e+02;2.3569807e-01;3.1750000e+02;2.6933566e-01;3.1750000e+02;3.0322847e-01;3.1750000e+02;2.9830751e-01;3.1750000e+02;2.3384906e-01;3.1750000e+02;1.5811607e-01;3.1750000e+02;9.6990526e-02;3.1750000e+02;4.7122430e-02;3.1750000e+02;2.9313713e-03;3.1750000e+02;-3.9379813e-02;3.1750000e+02;-8.2226232e-02;3.1750000e+02;-1.2448609e-01;3.1750000e+02;-1.6506016e-01;3.1750000e+02;-6.4658932e-02;3.1750000e+02;-2.6944976e-02;3.1750000e+02;3.2239217e-02;3.1750000e+02;1.0224480e-01;3.1750000e+02;1.7849205e-01;3.1750000e+02;2.3569807e-01;3.1750000e+02;2.6933566e-01;3.1750000e+02;3.0322847e-01;3.1750000e+02;2.9830751e-01;3.1750000e+02;2.3384906e-01;3.1750000e+02;1.5811607e-01;3.1750000e+02;9.6990526e-02;3.1750000e+02;4.7122430e-02;3.1750000e+02;2.9313713e-03;3.1750000e+02;-3.9379813e-02;3.1750000e+02;-8.2226232e-02;3.1750000e+02;-1.2448609e-01;3.1750000e+02;-1.6506016e-01;3.1750000e+02;-6.4658932e-02;3.1750000e+02;-2.6944976e-02;3.1750000e+02;3.2239217e-02;3.1750000e+02;1.0224480e-01;3.1750000e+02;1.7849205e-01;3.1750000e+02;2.3569807e-01;3.1750000e+02;2.6933566e-01;3.1750000e+02;3.0322847e-01;3.1750000e+02;2.9830751e-01;3.1750000e+02;2.3384906e-01;3.1750000e+02;1.5811607e-01;3.1750000e+02;9.6990526e-02;3.1750000e+02;4.7122430e-02;3.1750000e+02;2.9313713e-03;3.1750000e+02;-3.9379813e-02;3.1750000e+02;-8.2226232e-02;3.1750000e+02;-1.2448609e-01;3.1750000e+02;-1.6506016e-01;3.1750000e+02;-6.4658932e-02;3.1750000e+02;-2.6944976e-02;3.1750000e+02;3.2239217e-02;3.1750000e+02;1.0224480e-01;3.1750000e+02;1.7849205e-01;3.1750000e+02;2.3569807e-01;3.1750000e+02;2.6933566e-01;3.1750000e+02;3.0322847e-01;3.1750000e+02;2.9830751e-01;3.1750000e+02;2.3384906e-01;3.1750000e+02;1.5811607e-01;3.1750000e+02;9.6990526e-02;3.1750000e+02;4.7122430e-02;3.1750000e+02;2.9313713e-03;3.1750000e+02;-3.9379813e-02;3.1750000e+02;-8.2226232e-02;3.1750000e+02;-1.2448609e-01;3.1750000e+02;-1.6506016e-01;3.1750000e+02;-6.4658932e-02;3.1750000e+02;-2.6944976e-02;3.1750000e+02;3.2239217e-02;3.1750000e+02;1.0224480e-01;3.1750000e+02;1.7849205e-01;3.1750000e+02;2.3569807e-01;3.1750000e+02;2.6933566e-01;3.1750000e+02;3.0322847e-01;3.1750000e+02;2.9830751e-01;3.1750000e+02;2.3384906e-01;3.1750000e+02;1.5811607e-01;3.1750000e+02;9.6990526e-02;3.1750000e+02;4.7122430e-02;3.1750000e+02;2.9313713e-03;3.1750000e+02;-3.9379813e-02;3.1750000e+02;-8.2226232e-02;3.1750000e+02;-1.2448609e-01;3.1750000e+02;-1.6506016e-01;3.1750000e+02;-6.4658932e-02;3.1750000e+02;-2.6944976e-02;3.1750000e+02;3.2239217e-02;3.1750000e+02;1.0224480e-01;3.1750000e+02;1.7849205e-01;3.1750000e+02;2.3569807e-01;3.1750000e+02;2.6933566e-01;3.1750000e+02;3.0322847e-01;3.1750000e+02;2.9830751e-01;3.1750000e+02;2.3384906e-01;3.1750000e+02;1.5811607e-01;3.1750000e+02;9.6990526e-02;3.1750000e+02;4.7122430e-02;3.1750000e+02;2.9313713e-03;3.1750000e+02;-3.9379813e-02;3.1750000e+02;-8.2226232e-02;3.1750000e+02;-1.2448609e-01;3.1750000e+02;-1.6506016e-01;3.1750000e+02;-6.4658932e-02;3.1750000e+02;-2.6944976e-02;3.1750000e+02;3.2239217e-02;3.1750000e+02;1.0224480e-01;3.1750000e+02;1.7849205e-01;3.1750000e+02;2.3569807e-01;3.1750000e+02;2.6933566e-01;3.1750000e+02;3.0322847e-01;3.1750000e+02;2.9830751e-01;3.1750000e+02;2.3384906e-01;3.1750000e+02;1.5811607e-01;3.1750000e+02;9.6990526e-02;3.1750000e+02;4.7122430e-02;3.1750000e+02;2.9313713e-03;3.1750000e+02;-3.9379813e-02;3.1750000e+02;-8.2226232e-02;3.1750000e+02;-1.2448609e-01;3.1750000e+02;-1.6506016e-01;3.1750000e+02;-6.4658932e-02;3.1750000e+02;-2.6944976e-02;3.1750000e+02;3.2239217e-02;3.1750000e+02;1.0224480e-01;3.1750000e+02;1.7849205e-01;3.1750000e+02;2.3569807e-01;3.1750000e+02;2.6933566e-01;3.1750000e+02;3.0322847e-01;3.1750000e+02;2.9830751e-01;3.1750000e+02;2.3384906e-01;3.1750000e+02;1.5811607e-01;3.1750000e+02;9.6990526e-02;3.1750000e+02;4.7122430e-02;3.1750000e+02;2.9313713e-03;3.1750000e+02;-3.9379813e-02;3.1750000e+02;-8.2226232e-02;3.1750000e+02;-1.2448609e-01;3.1750000e+02;-1.6506016e-01;3.1750000e+02;-6.4658932e-02;3.1750000e+02;-2.6944976e-02;3.1750000e+02;3.2239217e-02;3.1750000e+02;1.0224480e-01;3.1750000e+02;1.7849205e-01;3.1750000e+02;2.3569807e-01;3.1750000e+02;2.6933566e-01;3.1750000e+02;3.0322847e-01;3.1750000e+02;2.9830751e-01;3.1750000e+02;2.3384906e-01;3.1750000e+02;1.5811607e-01;3.1750000e+02;9.6990526e-02;3.1750000e+02;4.7122430e-02;3.1750000e+02;2.9313713e-03;3.1750000e+02;-3.9379813e-02;3.1750000e+02;-8.2226232e-02;3.1750000e+02;-1.2448609e-01;3.1750000e+02;-1.6506016e-01;3.1750000e+02;-6.4658932e-02;3.1750000e+02;-2.6944976e-02;3.1750000e+02;3.2239217e-02;3.1750000e+02;1.0224480e-01;3.1750000e+02;1.7849205e-01;3.1750000e+02;2.3569807e-01;3.1750000e+02;2.6933566e-01;3.1750000e+02;3.0322847e-01;3.1750000e+02;2.9830751e-01;3.1750000e+02;2.3384906e-01;3.1750000e+02;1.5811607e-01;3.1750000e+02;9.6990526e-02;3.1750000e+02;4.7122430e-02;3.1750000e+02;2.9313713e-03;3.1750000e+02;-3.9379813e-02;3.1750000e+02;-8.2226232e-02;3.1750000e+02;-1.2448609e-01;3.1750000e+02;-1.6506016e-01;3.1750000e+02;-6.4658932e-02;3.1750000e+02;-2.6944976e-02;3.1750000e+02;3.2239217e-02;3.1750000e+02;1.0224480e-01;3.1750000e+02;1.7849205e-01;3.1750000e+02;2.3569807e-01;3.1750000e+02;2.6933566e-01;3.1750000e+02;3.0322847e-01;3.1750000e+02;2.9830751e-01;3.1750000e+02;2.3384906e-01;3.1750000e+02;1.5811607e-01;3.1750000e+02;9.6990526e-02;3.1750000e+02;4.7122430e-02;3.1750000e+02;2.9313713e-03;3.1750000e+02;-3.9379813e-02;3.1750000e+02;-8.2226232e-02;3.1750000e+02;-1.2448609e-01;3.1750000e+02;-1.6506016e-01;3.1750000e+02;-6.4658932e-02;3.1750000e+02;-2.6944976e-02;3.1750000e+02;3.2239217e-02;3.1750000e+02;1.0224480e-01;3.1750000e+02;1.7849205e-01;3.1750000e+02;2.3569807e-01;3.1750000e+02;2.6933566e-01;3.1750000e+02;3.0322847e-01;3.1750000e+02;2.9830751e-01;3.1750000e+02;2.3384906e-01;3.1750000e+02;1.5811607e-01;3.1750000e+02;9.6990526e-02;3.1750000e+02;4.7122430e-02;3.1750000e+02;2.9313713e-03;3.1750000e+02;-3.9379813e-02;3.1750000e+02;-8.2226232e-02;3.1750000e+02;-1.2448609e-01;3.1750000e+02;-1.6506016e-01;3.1750000e+02;-6.4658932e-02;3.1750000e+02;-2.6944976e-02;3.1750000e+02;3.2239217e-02;3.1750000e+02;1.0224480e-01;3.1750000e+02;1.7849205e-01;3.1750000e+02;2.3569807e-01;3.1750000e+02;2.6933566e-01;3.1750000e+02;3.0322847e-01;3.1750000e+02;2.9830751e-01;3.1750000e+02;2.3384906e-01;3.1750000e+02;1.5811607e-01;3.1750000e+02;9.6990526e-02;3.1750000e+02;4.7122430e-02;3.1750000e+02;2.9313713e-03;3.1750000e+02;-3.9379813e-02;3.1750000e+02;-8.2226232e-02;3.1750000e+02;-1.2448609e-01;3.1750000e+02;-1.6506016e-01;3.1750000e+02;-6.4658932e-02;3.1750000e+02;-2.6944976e-02;3.1750000e+02;3.2239217e-02;3.1750000e+02;1.0224480e-01;3.1750000e+02;1.7849205e-01;3.1750000e+02;2.3569807e-01;3.1750000e+02;2.6933566e-01;3.1750000e+02;3.0322847e-01;3.1750000e+02;2.9830751e-01;3.1750000e+02;2.3384906e-01;3.1750000e+02;1.5811607e-01;3.1750000e+02;9.6990526e-02;3.1750000e+02;4.7122430e-02;3.1750000e+02;2.9313713e-03;3.1750000e+02;-3.9379813e-02;3.1750000e+02;-8.2226232e-02;3.1750000e+02;-1.2448609e-01;3.1750000e+02;-1.6506016e-01;3.1750000e+02;-6.4658932e-02;3.1750000e+02;-2.6944976e-02;3.1750000e+02;3.2239217e-02;3.1750000e+02;1.0224480e-01;3.1750000e+02;1.7849205e-01;3.1750000e+02;2.3569807e-01;3.1750000e+02;2.6933566e-01;3.1750000e+02;3.0322847e-01;3.1750000e+02;2.9830751e-01;3.1750000e+02;2.3384906e-01;3.1750000e+02;1.5811607e-01;3.1750000e+02;9.6990526e-02;3.1750000e+02;4.7122430e-02;3.1750000e+02;2.9313713e-03;3.1750000e+02;-3.9379813e-02;3.1750000e+02;-8.2226232e-02;3.1750000e+02;-1.2448609e-01;3.1750000e+02;-1.6506016e-01;3.1750000e+02;-6.4658932e-02;3.1750000e+02;-2.6944976e-02;3.1750000e+02;3.2239217e-02;3.1750000e+02;1.0224480e-01;3.1750000e+02;1.7849205e-01;3.1750000e+02;2.3569807e-01;3.1750000e+02;2.6933566e-01;3.1750000e+02;3.0322847e-01;3.1750000e+02;2.9830751e-01;3.1750000e+02;2.3384906e-01;3.1750000e+02;1.5811607e-01;3.1750000e+02;9.6990526e-02;3.1750000e+02;4.7122430e-02;3.1750000e+02;2.9313713e-03;3.1750000e+02;-3.9379813e-02;3.1750000e+02;-8.2226232e-02;3.1750000e+02;-1.2448609e-01;3.1750000e+02;-1.6506016e-01;3.1750000e+02;-6.4658932e-02;3.1750000e+02;-2.6944976e-02;3.1750000e+02;3.2239217e-02;3.1750000e+02;1.0224480e-01;3.1750000e+02;1.7849205e-01;3.1750000e+02;2.3569807e-01;3.1750000e+02;2.6933566e-01;3.1750000e+02;3.0322847e-01;3.1750000e+02;2.9830751e-01;3.1750000e+02;2.3384906e-01;3.1750000e+02;1.5811607e-01;3.1750000e+02;9.6990526e-02;3.1750000e+02;4.7122430e-02;3.1750000e+02;2.9313713e-03;3.1750000e+02;-3.9379813e-02;3.1750000e+02;-8.2226232e-02;3.1750000e+02;-1.2448609e-01;3.1750000e+02;-1.6506016e-01;3.1750000e+02;-6.4658932e-02;3.1750000e+02;-2.6944976e-02;3.1750000e+02;3.2239217e-02;3.1750000e+02;1.0224480e-01;3.1750000e+02;1.7849205e-01;3.1750000e+02;2.3569807e-01;3.1750000e+02;2.6933566e-01;3.1750000e+02;3.0322847e-01;3.1750000e+02;2.9830751e-01;3.1750000e+02;2.3384906e-01;3.1750000e+02;1.5811607e-01;3.1750000e+02;9.6990526e-02;3.1750000e+02;4.7122430e-02;3.1750000e+02;2.9313713e-03;3.1750000e+02;-3.9379813e-02;3.1750000e+02;-8.2226232e-02;3.1750000e+02;-1.2448609e-01;3.1750000e+02;-1.6506016e-01;3.1750000e+02;-6.4658932e-02;3.1750000e+02;-2.6944976e-02;3.1750000e+02;3.2239217e-02;3.1750000e+02;1.0224480e-01;3.1750000e+02;1.7849205e-01;3.1750000e+02;2.3569807e-01;3.1750000e+02;2.6933566e-01;3.1750000e+02;3.0322847e-01;3.1750000e+02;2.9830751e-01;3.1750000e+02;2.3384906e-01;3.1750000e+02;1.5811607e-01;3.1750000e+02;9.6990526e-02;3.1750000e+02;4.7122430e-02;3.1750000e+02;2.9313713e-03;3.1750000e+02;-3.9379813e-02;3.1750000e+02;-8.2226232e-02;3.1750000e+02;-1.2448609e-01;3.1750000e+02;-1.6506016e-01;3.1750000e+02;-6.4658932e-02;3.1750000e+02;-2.6944976e-02;3.1750000e+02;3.2239217e-02;3.1750000e+02;1.0224480e-01;3.1750000e+02;1.7849205e-01;3.1750000e+02;2.3569807e-01;3.1750000e+02;2.6933566e-01;3.1750000e+02;3.0322847e-01;3.1750000e+02;2.9830751e-01;3.1750000e+02;2.3384906e-01;3.1750000e+02;1.5811607e-01;3.1750000e+02;9.6990526e-02;3.1750000e+02;4.7122430e-02;3.1750000e+02;2.9313713e-03;3.1750000e+02;-3.9379813e-02;3.1750000e+02;-8.2226232e-02;3.1750000e+02;-1.2448609e-01;3.1750000e+02;-1.6506016e-01;3.1750000e+02;-6.4658932e-02;3.1750000e+02;-2.6944976e-02;3.1750000e+02;3.2239217e-02;3.1750000e+02;1.0224480e-01;3.1750000e+02;1.7849205e-01;3.1750000e+02;2.3569807e-01;3.1750000e+02;2.6933566e-01;3.1750000e+02;3.0322847e-01;3.1750000e+02;2.9830751e-01;3.1750000e+02;2.3384906e-01;3.1750000e+02;1.5811607e-01;3.1750000e+02;9.6990526e-02;3.1750000e+02;4.7122430e-02;3.1750000e+02;2.9313713e-03;3.1750000e+02;-3.9379813e-02;3.1750000e+02;-8.2226232e-02;3.1750000e+02;-1.2448609e-01;3.1750000e+02;-1.6506016e-01;3.1750000e+02;-6.4658932e-02;3.1750000e+02;-2.6944976e-02;3.1750000e+02;3.2239217e-02;3.1750000e+02;1.0224480e-01;3.1750000e+02;1.7849205e-01;3.1750000e+02;2.3569807e-01;3.1750000e+02;2.6933566e-01;3.1750000e+02;3.0322847e-01;3.1750000e+02;2.9830751e-01;3.1750000e+02;2.3384906e-01;3.1750000e+02;1.5811607e-01;3.1750000e+02;9.6990526e-02;3.1750000e+02;4.7122430e-02;3.1750000e+02;2.9313713e-03;3.1750000e+02;-3.9379813e-02;3.1750000e+02;-8.2226232e-02;3.1750000e+02;-1.2448609e-01;3.1750000e+02;-1.6506016e-01;3.1750000e+02;-6.4658932e-02;3.1750000e+02;-2.6944976e-02;3.1750000e+02;3.2239217e-02;3.1750000e+02;1.0224480e-01;3.1750000e+02;1.7849205e-01;3.1750000e+02;2.3569807e-01;3.1750000e+02;2.6933566e-01;3.1750000e+02;3.0322847e-01;3.1750000e+02;2.9830751e-01;3.1750000e+02;2.3384906e-01;3.1750000e+02;1.5811607e-01;3.1750000e+02;9.6990526e-02;3.1750000e+02;4.7122430e-02;3.1750000e+02;2.9313713e-03;3.1750000e+02;-3.9379813e-02;3.1750000e+02;-8.2226232e-02;3.1750000e+02;-1.2448609e-01;3.1750000e+02;-1.6506016e-01;3.1750000e+02;-6.4658932e-02;3.1750000e+02;-2.6944976e-02;3.1750000e+02;3.2239217e-02;3.1750000e+02;1.0224480e-01;3.1750000e+02;1.7849205e-01;3.1750000e+02;2.3569807e-01;3.1750000e+02;2.6933566e-01;3.1750000e+02;3.0322847e-01;3.1750000e+02;2.9830751e-01;3.1750000e+02;2.3384906e-01;3.1750000e+02;1.5811607e-01;3.1750000e+02;9.6990526e-02;3.1750000e+02;4.7122430e-02;3.1750000e+02;2.9313713e-03;3.1750000e+02;-3.9379813e-02;3.1750000e+02;-8.2226232e-02;3.1750000e+02;-1.2448609e-01;3.1750000e+02;-1.6506016e-01;3.1750000e+02;-6.4658932e-02;3.1750000e+02;-2.6944976e-02;3.1750000e+02;3.2239217e-02;3.1750000e+02;1.0224480e-01;3.1750000e+02;1.7849205e-01;3.1750000e+02;2.3569807e-01;3.1750000e+02;2.6933566e-01;3.1750000e+02;3.0322847e-01;3.1750000e+02;2.9830751e-01;3.1750000e+02;2.3384906e-01;3.1750000e+02;1.5811607e-01;3.1750000e+02;9.6990526e-02;3.1750000e+02;4.7122430e-02;3.1750000e+02;2.9313713e-03;3.1750000e+02;-3.9379813e-02;3.1750000e+02;-8.2226232e-02;3.1750000e+02;-1.2448609e-01;3.1750000e+02;-1.6506016e-01;3.1750000e+02;-6.4658932e-02;3.1750000e+02;-2.6944976e-02;3.1750000e+02;3.2239217e-02;3.1750000e+02;1.0224480e-01;3.1750000e+02;1.7849205e-01;3.1750000e+02;2.3569807e-01;3.1750000e+02;2.6933566e-01;3.1750000e+02;3.0322847e-01;3.1750000e+02;2.9830751e-01;3.1750000e+02;2.3384906e-01;3.1750000e+02;1.5811607e-01;3.1750000e+02;9.6990526e-02;3.1750000e+02;4.7122430e-02;3.1750000e+02;2.9313713e-03;3.1750000e+02;-3.9379813e-02;3.1750000e+02;-8.2226232e-02;3.1750000e+02;-1.2448609e-01;3.1750000e+02;-1.6506016e-01;3.1750000e+02;-6.4658932e-02;3.1750000e+02;-2.6944976e-02;3.1750000e+02;3.2239217e-02;3.1750000e+02;1.0224480e-01;3.1750000e+02;1.7849205e-01;3.1750000e+02;2.3569807e-01;3.1750000e+02;2.6933566e-01;3.1750000e+02;3.0322847e-01;3.1750000e+02;2.9830751e-01;3.1750000e+02;2.3384906e-01;3.1750000e+02;1.5811607e-01;3.1750000e+02;9.6990526e-02;3.1750000e+02;4.7122430e-02;3.1750000e+02;2.9313713e-03;3.1750000e+02;-3.9379813e-02;3.1750000e+02;-8.2226232e-02;3.1750000e+02;-1.2448609e-01;3.1750000e+02;-1.6506016e-01;3.1750000e+02;-6.4658932e-02;3.1750000e+02;-2.6944976e-02;3.1750000e+02;3.2239217e-02;3.1750000e+02;1.0224480e-01;3.1750000e+02;1.7849205e-01;3.1750000e+02;2.3569807e-01;3.1750000e+02;2.6933566e-01;3.1750000e+02;3.0322847e-01;3.1750000e+02;2.9830751e-01;3.1750000e+02;2.3384906e-01;3.1750000e+02;1.5811607e-01;3.1750000e+02;9.6990526e-02;3.1750000e+02;4.7122430e-02;3.1750000e+02;2.9313713e-03;3.1750000e+02;-3.9379813e-02;3.1750000e+02;-8.2226232e-02;3.1750000e+02;-1.2448609e-01;3.1750000e+02;-1.6506016e-01;3.1750000e+02;-6.4658932e-02;3.1750000e+02;-2.6944976e-02;3.1750000e+02;3.2239217e-02;3.1750000e+02;1.0224480e-01;3.1750000e+02;1.7849205e-01;3.1750000e+02;2.3569807e-01;3.1750000e+02;2.6933566e-01;3.1750000e+02;3.0322847e-01;3.1750000e+02;2.9830751e-01;3.1750000e+02;2.3384906e-01;3.1750000e+02;1.5811607e-01;3.1750000e+02;9.6990526e-02;3.1750000e+02;4.7122430e-02;3.1750000e+02;2.9313713e-03;3.1750000e+02;-3.9379813e-02;3.1750000e+02;-8.2226232e-02;3.1750000e+02;-1.2448609e-01;3.1750000e+02;-1.6506016e-01;3.1750000e+02;-6.4658932e-02;3.1750000e+02;-2.6944976e-02;3.1750000e+02;3.2239217e-02;3.1750000e+02;1.0224480e-01;3.1750000e+02;1.7849205e-01;3.1750000e+02;2.3569807e-01;3.1750000e+02;2.6933566e-01;3.1750000e+02;3.0322847e-01;3.1750000e+02;2.9830751e-01;3.1750000e+02;2.3384906e-01;3.1750000e+02;1.5811607e-01;3.1750000e+02;9.6990526e-02;3.1750000e+02;4.7122430e-02;3.1750000e+02;2.9313713e-03;3.1750000e+02;-3.9379813e-02;3.1750000e+02;-8.2226232e-02;3.1750000e+02;-1.2448609e-01;3.1750000e+02;-1.6506016e-01;3.1750000e+02;-6.4658932e-02;3.1750000e+02;-2.6944976e-02;3.1750000e+02;3.2239217e-02;3.1750000e+02;1.0224480e-01;3.1750000e+02;1.7849205e-01;3.1750000e+02;2.3569807e-01;3.1750000e+02;2.6933566e-01;3.1750000e+02;3.0322847e-01;3.1750000e+02;2.9830751e-01;3.1750000e+02;2.3384906e-01;3.1750000e+02;1.5811607e-01;3.1750000e+02;9.6990526e-02;3.1750000e+02;4.7122430e-02;3.1750000e+02;2.9313713e-03;3.1750000e+02;-3.9379813e-02;3.1750000e+02;-8.2226232e-02;3.1750000e+02;-1.2448609e-01;3.1750000e+02;-1.6506016e-01;3.1750000e+02;-6.4658932e-02;3.1750000e+02;-2.6944976e-02;3.1750000e+02;3.2239217e-02;3.1750000e+02;1.0224480e-01;3.1750000e+02;1.7849205e-01;3.1750000e+02;2.3569807e-01;3.1750000e+02;2.6933566e-01;3.1750000e+02;3.0322847e-01;3.1750000e+02;2.9830751e-01;3.1750000e+02;2.3384906e-01;3.1750000e+02;1.5811607e-01;3.1750000e+02;9.6990526e-02;3.1750000e+02;4.7122430e-02;3.1750000e+02;2.9313713e-03;3.1750000e+02;-3.9379813e-02;3.1750000e+02;-8.2226232e-02;3.1750000e+02;-1.2448609e-01;3.1750000e+02;-1.6506016e-01;3.1750000e+02;-6.4658932e-02;3.1750000e+02;-2.6944976e-02;3.1750000e+02;3.2239217e-02;3.1750000e+02;1.0224480e-01;3.1750000e+02;1.7849205e-01;3.1750000e+02;2.3569807e-01;3.1750000e+02;2.6933566e-01;3.1750000e+02;3.0322847e-01;3.1750000e+02;2.9830751e-01;3.1750000e+02;2.3384906e-01;3.1750000e+02;1.5811607e-01;3.1750000e+02;9.6990526e-02;3.1750000e+02;4.7122430e-02;3.1750000e+02;2.9313713e-03;3.1750000e+02;-3.9379813e-02;3.1750000e+02;-8.2226232e-02;3.1750000e+02;-1.2448609e-01;3.1750000e+02;-1.6506016e-01;3.1750000e+02;-6.4658932e-02;3.1750000e+02;-2.6944976e-02;3.1750000e+02;3.2239217e-02;3.1750000e+02;1.0224480e-01;3.1750000e+02;1.7849205e-01;3.1750000e+02;2.3569807e-01;3.1750000e+02;2.6933566e-01;3.1750000e+02;3.0322847e-01;3.1750000e+02;2.9830751e-01;3.1750000e+02;2.3384906e-01;3.1750000e+02;1.5811607e-01;3.1750000e+02;9.6990526e-02;3.1750000e+02;4.7122430e-02;3.1750000e+02;2.9313713e-03;3.1750000e+02;-3.9379813e-02;3.1750000e+02;-8.2226232e-02;3.1750000e+02;-1.2448609e-01;3.1750000e+02;-1.6506016e-01;3.1750000e+02;-6.4658932e-02;3.1750000e+02;-2.6944976e-02;3.1750000e+02;3.2239217e-02;3.1750000e+02;1.0224480e-01;3.1750000e+02;1.7849205e-01;3.1750000e+02;2.3569807e-01;3.1750000e+02;2.6933566e-01;3.1750000e+02;3.0322847e-01;3.1750000e+02;2.9830751e-01;3.1750000e+02;2.3384906e-01;3.1750000e+02;1.5811607e-01;3.1750000e+02;9.6990526e-02;3.1750000e+02;4.7122430e-02;3.1750000e+02;2.9313713e-03;3.1750000e+02;-3.9379813e-02;3.1750000e+02;-8.2226232e-02;3.1750000e+02;-1.2448609e-01;3.1750000e+02;-1.6506016e-01;3.1750000e+02;-6.4658932e-02;3.1750000e+02;-2.6944976e-02;3.1750000e+02;3.2239217e-02;3.1750000e+02;1.0224480e-01;3.1750000e+02;1.7849205e-01;3.1750000e+02;2.3569807e-01;3.1750000e+02;2.6933566e-01;3.1750000e+02;3.0322847e-01;3.1750000e+02;2.9830751e-01;3.1750000e+02;2.3384906e-01;3.1750000e+02;1.5811607e-01;3.1750000e+02;9.6990526e-02;3.1750000e+02;4.7122430e-02;3.1750000e+02;2.9313713e-03;3.1750000e+02;-3.9379813e-02;3.1750000e+02;-8.2226232e-02;3.1750000e+02;-1.2448609e-01;3.1750000e+02;-1.6506016e-01;3.1750000e+02;-6.4658932e-02;3.1750000e+02;-2.6944976e-02;3.1750000e+02;3.2239217e-02;3.1750000e+02;1.0224480e-01;3.1750000e+02;1.7849205e-01;3.1750000e+02;2.3569807e-01;3.1750000e+02;2.6933566e-01;3.1750000e+02;3.0322847e-01;3.1750000e+02;2.9830751e-01;3.1750000e+02;2.3384906e-01;3.1750000e+02;1.5811607e-01;3.1750000e+02;9.6990526e-02;3.1750000e+02;4.7122430e-02;3.1750000e+02;2.9313713e-03;3.1750000e+02;-3.9379813e-02;3.1750000e+02;-8.2226232e-02;3.1750000e+02;-1.2448609e-01;3.1750000e+02;-1.6506016e-01;3.1750000e+02;-6.4658932e-02;3.1750000e+02;-2.6944976e-02;3.1750000e+02;3.2239217e-02;3.1750000e+02;1.0224480e-01;3.1750000e+02;1.7849205e-01;3.1750000e+02;2.3569807e-01;3.1750000e+02;2.6933566e-01;3.1750000e+02;3.0322847e-01;3.1750000e+02;2.9830751e-01;3.1750000e+02;2.3384906e-01;3.1750000e+02;1.5811607e-01;3.1750000e+02;9.6990526e-02;3.1750000e+02;4.7122430e-02;3.1750000e+02;2.9313713e-03;3.1750000e+02;-3.9379813e-02;3.1750000e+02;-8.2226232e-02;3.1750000e+02;-1.2448609e-01;3.1750000e+02;-1.6506016e-01;3.1750000e+02;-6.4658932e-02;3.1750000e+02;-2.6944976e-02;3.1750000e+02;3.2239217e-02;3.1750000e+02;1.0224480e-01;3.1750000e+02;1.7849205e-01;3.1750000e+02;2.3569807e-01;3.1750000e+02;2.6933566e-01;3.1750000e+02;3.0322847e-01;3.1750000e+02;2.9830751e-01;3.1750000e+02;2.3384906e-01;3.1750000e+02;1.5811607e-01;3.1750000e+02;9.6990526e-02;3.1750000e+02;4.7122430e-02;3.1750000e+02;2.9313713e-03;3.1750000e+02;-3.9379813e-02;3.1750000e+02;-8.2226232e-02;3.1750000e+02;-1.2448609e-01;3.1750000e+02;-1.6506016e-01;3.1750000e+02;-6.4658932e-02;3.1750000e+02;-2.6944976e-02;3.1750000e+02;3.2239217e-02;3.1750000e+02;1.0224480e-01;3.1750000e+02;1.7849205e-01;3.1750000e+02;2.3569807e-01;3.1750000e+02;2.6933566e-01;3.1750000e+02;3.0322847e-01;3.1750000e+02;2.9830751e-01;3.1750000e+02;2.3384906e-01;3.1750000e+02;1.5811607e-01;3.1750000e+02;9.6990526e-02;3.1750000e+02;4.7122430e-02;3.1750000e+02;2.9313713e-03;3.1750000e+02;-3.9379813e-02;3.1750000e+02;-8.2226232e-02;3.1750000e+02;-1.2448609e-01;3.1750000e+02;-1.6506016e-01;3.1750000e+02;-6.4658932e-02;3.1750000e+02;-2.6944976e-02;3.1750000e+02;3.2239217e-02;3.1750000e+02;1.0224480e-01;3.1750000e+02;1.7849205e-01;3.1750000e+02;2.3569807e-01;3.1750000e+02;2.6933566e-01;3.1750000e+02;3.0322847e-01;3.1750000e+02;2.9830751e-01;3.1750000e+02;2.3384906e-01;3.1750000e+02;1.5811607e-01;3.1750000e+02;9.6990526e-02;3.1750000e+02;4.7122430e-02;3.1750000e+02;2.9313713e-03;3.1750000e+02;-3.9379813e-02;3.1750000e+02;-8.2226232e-02;3.1750000e+02;-1.2448609e-01;3.1750000e+02;-1.6506016e-01;3.1750000e+02;-6.4658932e-02;3.1750000e+02;-2.6944976e-02;3.1750000e+02;3.2239217e-02;3.1750000e+02;1.0224480e-01;3.1750000e+02;1.7849205e-01;3.1750000e+02;2.3569807e-01;3.1750000e+02;2.6933566e-01;3.1750000e+02;3.0322847e-01;3.1750000e+02;2.9830751e-01;3.1750000e+02;2.3384906e-01;3.1750000e+02;1.5811607e-01;3.1750000e+02;9.6990526e-02;3.1750000e+02;4.7122430e-02;3.1750000e+02;2.9313713e-03;3.1750000e+02;-3.9379813e-02;3.1750000e+02;-8.2226232e-02;3.1750000e+02;-1.2448609e-01;3.1750000e+02;-1.6506016e-01;3.1750000e+02;-6.4658932e-02;3.1750000e+02;-2.6944976e-02;3.1750000e+02;3.2239217e-02;3.1750000e+02;1.0224480e-01;3.1750000e+02;1.7849205e-01;3.1750000e+02;2.3569807e-01;3.1750000e+02;2.6933566e-01;3.1750000e+02;3.0322847e-01;3.1750000e+02;2.9830751e-01;3.1750000e+02;2.3384906e-01;3.1750000e+02;1.5811607e-01;3.1750000e+02;9.6990526e-02;3.1750000e+02;4.7122430e-02;3.1750000e+02;2.9313713e-03;3.1750000e+02;-3.9379813e-02;3.1750000e+02;-8.2226232e-02;3.1750000e+02;-1.2448609e-01;3.1750000e+02;-1.6506016e-01;3.1750000e+02;-6.4658932e-02;3.1750000e+02;-2.6944976e-02;3.1750000e+02;3.2239217e-02;3.1750000e+02;1.0224480e-01;3.1750000e+02;1.7849205e-01;3.1750000e+02;2.3569807e-01;3.1750000e+02;2.6933566e-01;3.1750000e+02;3.0322847e-01;3.1750000e+02;2.9830751e-01;3.1750000e+02;2.3384906e-01;3.1750000e+02;1.5811607e-01;3.1750000e+02;9.6990526e-02;3.1750000e+02;4.7122430e-02;3.1750000e+02;2.9313713e-03;3.1750000e+02;-3.9379813e-02;3.1750000e+02;-8.2226232e-02;3.1750000e+02;-1.2448609e-01;3.1750000e+02;-1.6506016e-01;3.1750000e+02;-6.4658932e-02;3.1750000e+02;-2.6944976e-02;3.1750000e+02;3.2239217e-02;3.1750000e+02;1.0224480e-01;3.1750000e+02;1.7849205e-01;3.1750000e+02;2.3569807e-01;3.1750000e+02;2.6933566e-01;3.1750000e+02;3.0322847e-01;3.1750000e+02;2.9830751e-01;3.1750000e+02;2.3384906e-01;3.1750000e+02;1.5811607e-01;3.1750000e+02;9.6990526e-02;3.1750000e+02;4.7122430e-02;3.1750000e+02;2.9313713e-03;3.1750000e+02;-3.9379813e-02;3.1750000e+02;-8.2226232e-02;3.1750000e+02;-1.2448609e-01;3.1750000e+02;-1.6506016e-01;3.1750000e+02;-6.4658932e-02;3.1750000e+02;-2.6944976e-02;3.1750000e+02;3.2239217e-02;3.1750000e+02;1.0224480e-01;3.1750000e+02;1.7849205e-01;3.1750000e+02;2.3569807e-01;3.1750000e+02;2.6933566e-01;3.1750000e+02;3.0322847e-01;3.1750000e+02;2.9830751e-01;3.1750000e+02;2.3384906e-01;3.1750000e+02;1.5811607e-01;3.1750000e+02;9.6990526e-02;3.1750000e+02;4.7122430e-02;3.1750000e+02;2.9313713e-03;3.1750000e+02;-3.9379813e-02;3.1750000e+02;-8.2226232e-02;3.1750000e+02;-1.2448609e-01;3.1750000e+02;-1.6506016e-01;3.1750000e+02;-6.4658932e-02;3.1750000e+02;-2.6944976e-02;3.1750000e+02;3.2239217e-02;3.1750000e+02;1.0224480e-01;3.1750000e+02;1.7849205e-01;3.1750000e+02;2.3569807e-01;3.1750000e+02;2.6933566e-01;3.1750000e+02;3.0322847e-01;3.1750000e+02;2.9830751e-01;3.1750000e+02;2.3384906e-01;3.1750000e+02;1.5811607e-01;3.1750000e+02;9.6990526e-02;3.1750000e+02;4.7122430e-02;3.1750000e+02;2.9313713e-03;3.1750000e+02;-3.9379813e-02;3.1750000e+02;-8.2226232e-02;3.1750000e+02;-1.2448609e-01;3.1750000e+02;-1.6506016e-01;3.1750000e+02;-6.4658932e-02;3.1750000e+02;-2.6944976e-02;3.1750000e+02;3.2239217e-02;3.1750000e+02;1.0224480e-01;3.1750000e+02;1.7849205e-01;3.1750000e+02;2.3569807e-01;3.1750000e+02;2.6933566e-01;3.1750000e+02;3.0322847e-01;3.1750000e+02;2.9830751e-01;3.1750000e+02;2.3384906e-01;3.1750000e+02;1.5811607e-01;3.1750000e+02;9.6990526e-02;3.1750000e+02;4.7122430e-02;3.1750000e+02;2.9313713e-03;3.1750000e+02;-3.9379813e-02;3.1750000e+02;-8.2226232e-02;3.1750000e+02;-1.2448609e-01;3.1750000e+02;-1.6506016e-01;3.1750000e+02;-6.4658932e-02;3.1750000e+02;-2.6944976e-02;3.1750000e+02;3.2239217e-02;3.1750000e+02;1.0224480e-01;3.1750000e+02;1.7849205e-01;3.1750000e+02;2.3569807e-01;3.1750000e+02;2.6933566e-01;3.1750000e+02;3.0322847e-01;3.1750000e+02;2.9830751e-01;3.1750000e+02;2.3384906e-01;3.1750000e+02;1.5811607e-01;3.1750000e+02;9.6990526e-02;3.1750000e+02;4.7122430e-02;3.1750000e+02;2.9313713e-03;3.1750000e+02;-3.9379813e-02;3.1750000e+02;-8.2226232e-02;3.1750000e+02;-1.2448609e-01;3.1750000e+02;-1.6506016e-01;3.1750000e+02;-6.4658932e-02;3.1750000e+02;-2.6944976e-02;3.1750000e+02;3.2239217e-02;3.1750000e+02;1.0224480e-01;3.1750000e+02;1.7849205e-01;3.1750000e+02;2.3569807e-01;3.1750000e+02;2.6933566e-01;3.1750000e+02;3.0322847e-01;3.1750000e+02;2.9830751e-01;3.1750000e+02;2.3384906e-01;3.1750000e+02;1.5811607e-01;3.1750000e+02;9.6990526e-02;3.1750000e+02;4.7122430e-02;3.1750000e+02;2.9313713e-03;3.1750000e+02;-3.9379813e-02;3.1750000e+02;-8.2226232e-02;3.1750000e+02;-1.2448609e-01;3.1750000e+02;-1.6506016e-01;3.1750000e+02;-6.4658932e-02;3.1750000e+02;-2.6944976e-02;3.1750000e+02;3.2239217e-02;3.1750000e+02;1.0224480e-01;3.1750000e+02;1.7849205e-01;3.1750000e+02;2.3569807e-01;3.1750000e+02;2.6933566e-01;3.1750000e+02;3.0322847e-01;3.1750000e+02;2.9830751e-01;3.1750000e+02;2.3384906e-01;3.1750000e+02;1.5811607e-01;3.1750000e+02;9.6990526e-02;3.1750000e+02;4.7122430e-02;3.1750000e+02;2.9313713e-03;3.1750000e+02;-3.9379813e-02;3.1750000e+02;-8.2226232e-02;3.1750000e+02;-1.2448609e-01;3.1750000e+02;-1.6506016e-01;3.1750000e+02;-6.4658932e-02;3.1750000e+02;-2.6944976e-02;3.1750000e+02;3.2239217e-02;3.1750000e+02;1.0224480e-01;3.1750000e+02;1.7849205e-01;3.1750000e+02;2.3569807e-01;3.1750000e+02;2.6933566e-01;3.1750000e+02;3.0322847e-01;3.1750000e+02;2.9830751e-01;3.1750000e+02;2.3384906e-01;3.1750000e+02;1.5811607e-01;3.1750000e+02;9.6990526e-02;3.1750000e+02;4.7122430e-02;3.1750000e+02;2.9313713e-03;3.1750000e+02;-3.9379813e-02;3.1750000e+02;-8.2226232e-02;3.1750000e+02;-1.2448609e-01;3.1750000e+02;-1.6506016e-01;3.1750000e+02;-6.4658932e-02;3.1750000e+02;-2.6944976e-02;3.1750000e+02;3.2239217e-02;3.1750000e+02;1.0224480e-01;3.1750000e+02;1.7849205e-01;3.1750000e+02;2.3569807e-01;3.1750000e+02;2.6933566e-01;3.1750000e+02;3.0322847e-01;3.1750000e+02;2.9830751e-01;3.1750000e+02;2.3384906e-01;3.1750000e+02;1.5811607e-01;3.1750000e+02;9.6990526e-02;3.1750000e+02;4.7122430e-02;3.1750000e+02;2.9313713e-03;3.1750000e+02;-3.9379813e-02;3.1750000e+02;-8.2226232e-02;3.1750000e+02;-1.2448609e-01;3.1750000e+02;-1.6506016e-01;3.1750000e+02;-6.4658932e-02;3.1750000e+02;-2.6944976e-02;3.1750000e+02;3.2239217e-02;3.1750000e+02;1.0224480e-01;3.1750000e+02;1.7849205e-01;3.1750000e+02;2.3569807e-01;3.1750000e+02;2.6933566e-01;3.1750000e+02;3.0322847e-01;3.1750000e+02;2.9830751e-01;3.1750000e+02;2.3384906e-01;3.1750000e+02;1.5811607e-01;3.1750000e+02;9.6990526e-02;3.1750000e+02;4.7122430e-02;3.1750000e+02;2.9313713e-03;3.1750000e+02;-3.9379813e-02;3.1750000e+02;-8.2226232e-02;3.1750000e+02;-1.2448609e-01;3.1750000e+02;-1.6506016e-01;3.1750000e+02;-6.4658932e-02;3.1750000e+02;-2.6944976e-02;3.1750000e+02;3.2239217e-02;3.1750000e+02;1.0224480e-01;3.1750000e+02;1.7849205e-01;3.1750000e+02;2.3569807e-01;3.1750000e+02;2.6933566e-01;3.1750000e+02;3.0322847e-01;3.1750000e+02;2.9830751e-01;3.1750000e+02;2.3384906e-01;3.1750000e+02;1.5811607e-01;3.1750000e+02;9.6990526e-02;3.1750000e+02;4.7122430e-02;3.1750000e+02;2.9313713e-03;3.1750000e+02;-3.9379813e-02;3.1750000e+02;-8.2226232e-02;3.1750000e+02;-1.2448609e-01;3.1750000e+02;-1.6506016e-01;3.1750000e+02;-6.4658932e-02;3.1750000e+02;-2.6944976e-02;3.1750000e+02;3.2239217e-02;3.1750000e+02;1.0224480e-01;3.1750000e+02;1.7849205e-01;3.1750000e+02;2.3569807e-01;3.1750000e+02;2.6933566e-01;3.1750000e+02;3.0322847e-01;3.1750000e+02;2.9830751e-01;3.1750000e+02;2.3384906e-01;3.1750000e+02;1.5811607e-01;3.1750000e+02;9.6990526e-02;3.1750000e+02;4.7122430e-02;3.1750000e+02;2.9313713e-03;3.1750000e+02;-3.9379813e-02;3.1750000e+02;-8.2226232e-02;3.1750000e+02;-1.2448609e-01;3.1750000e+02;-1.6506016e-01;3.1750000e+02;-6.4658932e-02;3.1750000e+02;-2.6944976e-02;3.1750000e+02;3.2239217e-02;3.1750000e+02;1.0224480e-01;3.1750000e+02;1.7849205e-01;3.1750000e+02;2.3569807e-01;3.1750000e+02;2.6933566e-01;3.1750000e+02;3.0322847e-01;3.1750000e+02;2.9830751e-01;3.1750000e+02;2.3384906e-01;3.1750000e+02;1.5811607e-01;3.1750000e+02;9.6990526e-02;3.1750000e+02;4.7122430e-02;3.1750000e+02;2.9313713e-03;3.1750000e+02;-3.9379813e-02;3.1750000e+02;-8.2226232e-02;3.1750000e+02;-1.2448609e-01;3.1750000e+02;-1.6506016e-01;3.1750000e+02;-6.4658932e-02;3.1750000e+02;-2.6944976e-02;3.1750000e+02;3.2239217e-02;3.1750000e+02;1.0224480e-01;3.1750000e+02;1.7849205e-01;3.1750000e+02;2.3569807e-01;3.1750000e+02;2.6933566e-01;3.1750000e+02;3.0322847e-01;3.1750000e+02;2.9830751e-01;3.1750000e+02;2.3384906e-01;3.1750000e+02;1.5811607e-01;3.1750000e+02;9.6990526e-02;3.1750000e+02;4.7122430e-02;3.1750000e+02;2.9313713e-03;3.1750000e+02;-3.9379813e-02;3.1750000e+02;-8.2226232e-02;3.1750000e+02;-1.2448609e-01;3.1750000e+02;-1.6506016e-01;3.1750000e+02;-6.4658932e-02;3.1750000e+02;-2.6944976e-02;3.1750000e+02;3.2239217e-02;3.1750000e+02;1.0224480e-01;3.1750000e+02;1.7849205e-01;3.1750000e+02;2.3569807e-01;3.1750000e+02;2.6933566e-01;3.1750000e+02;3.0322847e-01;3.1750000e+02;2.9830751e-01;3.1750000e+02;2.3384906e-01;3.1750000e+02;1.5811607e-01;3.1750000e+02;9.6990526e-02;3.1750000e+02;4.7122430e-02;3.1750000e+02;2.9313713e-03;3.1750000e+02;-3.9379813e-02;3.1750000e+02;-8.2226232e-02;3.1750000e+02;-1.2448609e-01;3.1750000e+02;-1.6506016e-01;3.1750000e+02;-6.4658932e-02;3.1750000e+02;-2.6944976e-02;3.1750000e+02;3.2239217e-02;3.1750000e+02;1.0224480e-01;3.1750000e+02;1.7849205e-01;3.1750000e+02;2.3569807e-01;3.1750000e+02;2.6933566e-01;3.1750000e+02;3.0322847e-01;3.1750000e+02;2.9830751e-01;3.1750000e+02;2.3384906e-01;3.1750000e+02;1.5811607e-01;3.1750000e+02;9.6990526e-02;3.1750000e+02;4.7122430e-02;3.1750000e+02;2.9313713e-03;3.1750000e+02;-3.9379813e-02;3.1750000e+02;-8.2226232e-02;3.1750000e+02;-1.2448609e-01;3.1750000e+02;-1.6506016e-01;3.1750000e+02;-6.4658932e-02;3.1750000e+02;-2.6944976e-02;3.1750000e+02;3.2239217e-02;3.1750000e+02;1.0224480e-01;3.1750000e+02;1.7849205e-01;3.1750000e+02;2.3569807e-01;3.1750000e+02;2.6933566e-01;3.1750000e+02;3.0322847e-01;3.1750000e+02;2.9830751e-01;3.1750000e+02;2.3384906e-01;3.1750000e+02;1.5811607e-01;3.1750000e+02;9.6990526e-02;3.1750000e+02;4.7122430e-02;3.1750000e+02;2.9313713e-03;3.1750000e+02;-3.9379813e-02;3.1750000e+02;-8.2226232e-02;3.1750000e+02;-1.2448609e-01;3.1750000e+02;-1.6506016e-01;3.1750000e+02;-6.4658932e-02;3.1750000e+02;-2.6944976e-02;3.1750000e+02;3.2239217e-02;3.1750000e+02;1.0224480e-01;3.1750000e+02;1.7849205e-01;3.1750000e+02;2.3569807e-01;3.1750000e+02;2.6933566e-01;3.1750000e+02;3.0322847e-01;3.1750000e+02;2.9830751e-01;3.1750000e+02;2.3384906e-01;3.1750000e+02;1.5811607e-01;3.1750000e+02;9.6990526e-02;3.1750000e+02;4.7122430e-02;3.1750000e+02;2.9313713e-03;3.1750000e+02;-3.9379813e-02;3.1750000e+02;-8.2226232e-02;3.1750000e+02;-1.2448609e-01;3.1750000e+02;-1.6506016e-01;3.1750000e+02;-6.4658932e-02;3.1750000e+02;-2.6944976e-02;3.1750000e+02;3.2239217e-02;3.1750000e+02;1.0224480e-01;3.1750000e+02;1.7849205e-01;3.1750000e+02;2.3569807e-01;3.1750000e+02;2.6933566e-01;3.1750000e+02;3.0322847e-01;3.1750000e+02;2.9830751e-01;3.1750000e+02;2.3384906e-01;3.1750000e+02;1.5811607e-01;3.1750000e+02;9.6990526e-02;3.1750000e+02;4.7122430e-02;3.1750000e+02;2.9313713e-03;3.1750000e+02;-3.9379813e-02;3.1750000e+02;-8.2226232e-02;3.1750000e+02;-1.2448609e-01;3.1750000e+02;-1.6506016e-01;3.1750000e+02;-6.4658932e-02;3.1750000e+02;-2.6944976e-02;3.1750000e+02;3.2239217e-02;3.1750000e+02;1.0224480e-01;3.1750000e+02;1.7849205e-01;3.1750000e+02;2.3569807e-01;3.1750000e+02;2.6933566e-01;3.1750000e+02;3.0322847e-01;3.1750000e+02;2.9830751e-01;3.1750000e+02;2.3384906e-01;3.1750000e+02;1.5811607e-01;3.1750000e+02;9.6990526e-02;3.1750000e+02;4.7122430e-02;3.1750000e+02;2.9313713e-03;3.1750000e+02;-3.9379813e-02;3.1750000e+02;-8.2226232e-02;3.1750000e+02;-1.2448609e-01;3.1750000e+02;-1.6506016e-01;3.1750000e+02;-6.4658932e-02;3.1750000e+02;-2.6944976e-02;3.1750000e+02;3.2239217e-02;3.1750000e+02;1.0224480e-01;3.1750000e+02;1.7849205e-01;3.1750000e+02;2.3569807e-01;3.1750000e+02;2.6933566e-01;3.1750000e+02;3.0322847e-01;3.1750000e+02;2.9830751e-01;3.1750000e+02;2.3384906e-01;3.1750000e+02;1.5811607e-01;3.1750000e+02;9.6990526e-02;3.1750000e+02;4.7122430e-02;3.1750000e+02;2.9313713e-03;3.1750000e+02;-3.9379813e-02;3.1750000e+02;-8.2226232e-02;3.1750000e+02;-1.2448609e-01;3.1750000e+02;-1.6506016e-01;3.1750000e+02;-6.4658932e-02;3.1750000e+02;-2.6944976e-02;3.1750000e+02;3.2239217e-02;3.1750000e+02;1.0224480e-01;3.1750000e+02;1.7849205e-01;3.1750000e+02;2.3569807e-01;3.1750000e+02;2.6933566e-01;3.1750000e+02;3.0322847e-01;3.1750000e+02;2.9830751e-01;3.1750000e+02;2.3384906e-01;3.1750000e+02;1.5811607e-01;3.1750000e+02;9.6990526e-02;3.1750000e+02;4.7122430e-02;3.1750000e+02;2.9313713e-03;3.1750000e+02;-3.9379813e-02;3.1750000e+02;-8.2226232e-02;3.1750000e+02;-1.2448609e-01;3.1750000e+02;-1.6506016e-01;3.1750000e+02;-6.4658932e-02;3.1750000e+02;-2.6944976e-02;3.1750000e+02;3.2239217e-02;3.1750000e+02;1.0224480e-01;3.1750000e+02;1.7849205e-01;3.1750000e+02;2.3569807e-01;3.1750000e+02;2.6933566e-01;3.1750000e+02;3.0322847e-01;3.1750000e+02;2.9830751e-01;3.1750000e+02;2.3384906e-01;3.1750000e+02;1.5811607e-01;3.1750000e+02;9.6990526e-02;3.1750000e+02;4.7122430e-02;3.1750000e+02;2.9313713e-03;3.1750000e+02;-3.9379813e-02;3.1750000e+02;-8.2226232e-02;3.1750000e+02;-1.2448609e-01;3.1750000e+02;-1.6506016e-01;3.1750000e+02;-6.4658932e-02;3.1750000e+02;-2.6944976e-02;3.1750000e+02;3.2239217e-02;3.1750000e+02;1.0224480e-01;3.1750000e+02;1.7849205e-01;3.1750000e+02;2.3569807e-01;3.1750000e+02;2.6933566e-01;3.1750000e+02;3.0322847e-01;3.1750000e+02;2.9830751e-01;3.1750000e+02;2.3384906e-01;3.1750000e+02;1.5811607e-01;3.1750000e+02;9.6990526e-02;3.1750000e+02;4.7122430e-02;3.1750000e+02;2.9313713e-03;3.1750000e+02;-3.9379813e-02;3.1750000e+02;-8.2226232e-02;3.1750000e+02;-1.2448609e-01;3.1750000e+02;-1.6506016e-01;3.1750000e+02;-6.4658932e-02;3.1750000e+02;-2.6944976e-02;3.1750000e+02;3.2239217e-02;3.1750000e+02;1.0224480e-01;3.1750000e+02;1.7849205e-01;3.1750000e+02;2.3569807e-01;3.1750000e+02;2.6933566e-01;3.1750000e+02;3.0322847e-01;3.1750000e+02;2.9830751e-01;3.1750000e+02;2.3384906e-01;3.1750000e+02;1.5811607e-01;3.1750000e+02;9.6990526e-02;3.1750000e+02;4.7122430e-02;3.1750000e+02;2.9313713e-03;3.1750000e+02;-3.9379813e-02;3.1750000e+02;-8.2226232e-02;3.1750000e+02;-1.2448609e-01;3.1750000e+02;-1.6506016e-01;3.1750000e+02;-6.4658932e-02;3.1750000e+02;-2.6944976e-02;3.1750000e+02;3.2239217e-02;3.1750000e+02;1.0224480e-01;3.1750000e+02;1.7849205e-01;3.1750000e+02;2.3569807e-01;3.1750000e+02;2.6933566e-01;3.1750000e+02;3.0322847e-01;3.1750000e+02;2.9830751e-01;3.1750000e+02;2.3384906e-01;3.1750000e+02;1.5811607e-01;3.1750000e+02;9.6990526e-02;3.1750000e+02;4.7122430e-02;3.1750000e+02;2.9313713e-03;3.1750000e+02;-3.9379813e-02;3.1750000e+02;-8.2226232e-02;3.1750000e+02;-1.2448609e-01;3.1750000e+02;-1.6506016e-01;3.1750000e+02;-6.4658932e-02;3.1750000e+02;-2.6944976e-02;3.1750000e+02;3.2239217e-02;3.1750000e+02;1.0224480e-01;3.1750000e+02;1.7849205e-01;3.1750000e+02;2.3569807e-01;3.1750000e+02;2.6933566e-01;3.1750000e+02;3.0322847e-01;3.1750000e+02;2.9830751e-01;3.1750000e+02;2.3384906e-01;3.1750000e+02;1.5811607e-01;3.1750000e+02;9.6990526e-02;3.1750000e+02;4.7122430e-02;3.1750000e+02;2.9313713e-03;3.1750000e+02;-3.9379813e-02;3.1750000e+02;-8.2226232e-02;3.1750000e+02;-1.2448609e-01;3.1750000e+02;-1.6506016e-01;3.1750000e+02;-6.4658932e-02;3.1750000e+02;-2.6944976e-02;3.1750000e+02;3.2239217e-02;3.1750000e+02;1.0224480e-01;3.1750000e+02;1.7849205e-01;3.1750000e+02;2.3569807e-01;3.1750000e+02;2.6933566e-01;3.1750000e+02;3.0322847e-01;3.1750000e+02;2.9830751e-01;3.1750000e+02;2.3384906e-01;3.1750000e+02;1.5811607e-01;3.1750000e+02;9.6990526e-02;3.1750000e+02;4.7122430e-02;3.1750000e+02;2.9313713e-03;3.1750000e+02;-3.9379813e-02;3.1750000e+02;-8.2226232e-02;3.1750000e+02;-1.2448609e-01;3.1750000e+02;-1.6506016e-01;3.1750000e+02;-6.4658932e-02;3.1750000e+02;-2.6944976e-02;3.1750000e+02;3.2239217e-02;3.1750000e+02;1.0224480e-01;3.1750000e+02;1.7849205e-01;3.1750000e+02;2.3569807e-01;3.1750000e+02;2.6933566e-01;3.1750000e+02;3.0322847e-01;3.1750000e+02;2.9830751e-01;3.1750000e+02;2.3384906e-01;3.1750000e+02;1.5811607e-01;3.1750000e+02;9.6990526e-02;3.1750000e+02;4.7122430e-02;3.1750000e+02;2.9313713e-03;3.1750000e+02;-3.9379813e-02;3.1750000e+02;-8.2226232e-02;3.1750000e+02;-1.2448609e-01;3.1750000e+02;-1.6506016e-01;3.1750000e+02;-6.4658932e-02;3.1750000e+02;-2.6944976e-02;3.1750000e+02;3.2239217e-02;3.1750000e+02;1.0224480e-01;3.1750000e+02;1.7849205e-01;3.1750000e+02;2.3569807e-01;3.1750000e+02;2.6933566e-01;3.1750000e+02;3.0322847e-01;3.1750000e+02;2.9830751e-01;3.1750000e+02;2.3384906e-01;3.1750000e+02;1.5811607e-01;3.1750000e+02;9.6990526e-02;3.1750000e+02;4.7122430e-02;3.1750000e+02;2.9313713e-03;3.1750000e+02;-3.9379813e-02;3.1750000e+02;-8.2226232e-02;3.1750000e+02;-1.2448609e-01;3.1750000e+02;-1.6506016e-01;3.1750000e+02;-6.4658932e-02;3.1750000e+02;-2.6944976e-02;3.1750000e+02;3.2239217e-02;3.1750000e+02;1.0224480e-01;3.1750000e+02;1.7849205e-01;3.1750000e+02;2.3569807e-01;3.1750000e+02;2.6933566e-01;3.1750000e+02;3.0322847e-01;3.1750000e+02;2.9830751e-01;3.1750000e+02;2.3384906e-01;3.1750000e+02;1.5811607e-01;3.1750000e+02;9.6990526e-02;3.1750000e+02;4.7122430e-02;3.1750000e+02;2.9313713e-03;3.1750000e+02;-3.9379813e-02;3.1750000e+02;-8.2226232e-02;3.1750000e+02;-1.2448609e-01;3.1750000e+02;-1.6506016e-01;3.1750000e+02;-6.4658932e-02;3.1750000e+02;-2.6944976e-02;3.1750000e+02;3.2239217e-02;3.1750000e+02;1.0224480e-01;3.1750000e+02;1.7849205e-01;3.1750000e+02;2.3569807e-01;3.1750000e+02;2.6933566e-01;3.1750000e+02;3.0322847e-01;3.1750000e+02;2.9830751e-01;3.1750000e+02;2.3384906e-01;3.1750000e+02;1.5811607e-01;3.1750000e+02;9.6990526e-02;3.1750000e+02;4.7122430e-02;3.1750000e+02;2.9313713e-03;3.1750000e+02;-3.9379813e-02;3.1750000e+02;-8.2226232e-02;3.1750000e+02;-1.2448609e-01;3.1750000e+02;-1.6506016e-01;3.1750000e+02;-6.4658932e-02;3.1750000e+02;-2.6944976e-02;3.1750000e+02;3.2239217e-02;3.1750000e+02;1.0224480e-01;3.1750000e+02;1.7849205e-01;3.1750000e+02;2.3569807e-01;3.1750000e+02;2.6933566e-01;3.1750000e+02;3.0322847e-01;3.1750000e+02;2.9830751e-01;3.1750000e+02;2.3384906e-01;3.1750000e+02;1.5811607e-01;3.1750000e+02;9.6990526e-02;3.1750000e+02;4.7122430e-02;3.1750000e+02;2.9313713e-03;3.1750000e+02;-3.9379813e-02;3.1750000e+02;-8.2226232e-02;3.1750000e+02;-1.2448609e-01;3.1750000e+02;-1.6506016e-01;3.1750000e+02;-6.4658932e-02;3.1750000e+02;-2.6944976e-02;3.1750000e+02;3.2239217e-02;3.1750000e+02;1.0224480e-01;3.1750000e+02;1.7849205e-01;3.1750000e+02;2.3569807e-01;3.1750000e+02;2.6933566e-01;3.1750000e+02;3.0322847e-01;3.1750000e+02;2.9830751e-01;3.1750000e+02;2.3384906e-01;3.1750000e+02;1.5811607e-01;3.1750000e+02;9.6990526e-02;3.1750000e+02;4.7122430e-02;3.1750000e+02;2.9313713e-03;3.1750000e+02;-3.9379813e-02;3.1750000e+02;-8.2226232e-02;3.1750000e+02;-1.2448609e-01;3.1750000e+02;-1.6506016e-01;3.1750000e+02;-6.4658932e-02;3.1750000e+02;-2.6944976e-02;3.1750000e+02;3.2239217e-02;3.1750000e+02;1.0224480e-01;3.1750000e+02;1.7849205e-01;3.1750000e+02;2.3569807e-01;3.1750000e+02;2.6933566e-01;3.1750000e+02;3.0322847e-01;3.1750000e+02;2.9830751e-01;3.1750000e+02;2.3384906e-01;3.1750000e+02;1.5811607e-01;3.1750000e+02;9.6990526e-02;3.1750000e+02;4.7122430e-02;3.1750000e+02;2.9313713e-03;3.1750000e+02;-3.9379813e-02;3.1750000e+02;-8.2226232e-02;3.1750000e+02;-1.2448609e-01;3.1750000e+02;-1.6506016e-01;3.1750000e+02;-6.4658932e-02;3.1750000e+02;-2.6944976e-02;3.1750000e+02;3.2239217e-02;3.1750000e+02;1.0224480e-01;3.1750000e+02;1.7849205e-01;3.1750000e+02;2.3569807e-01;3.1750000e+02;2.6933566e-01;3.1750000e+02;3.0322847e-01;3.1750000e+02;2.9830751e-01;3.1750000e+02;2.3384906e-01;3.1750000e+02;1.5811607e-01;3.1750000e+02;9.6990526e-02;3.1750000e+02;4.7122430e-02;3.1750000e+02;2.9313713e-03;3.1750000e+02;-3.9379813e-02;3.1750000e+02;-8.2226232e-02;3.1750000e+02;-1.2448609e-01;3.1750000e+02;-1.6506016e-01;3.1750000e+02;-6.4658932e-02;3.1750000e+02;-2.6944976e-02;3.1750000e+02;3.2239217e-02;3.1750000e+02;1.0224480e-01;3.1750000e+02;1.7849205e-01;3.1750000e+02;2.3569807e-01;3.1750000e+02;2.6933566e-01;3.1750000e+02;3.0322847e-01;3.1750000e+02;2.9830751e-01;3.1750000e+02;2.3384906e-01;3.1750000e+02;1.5811607e-01;3.1750000e+02;9.6990526e-02;3.1750000e+02;4.7122430e-02;3.1750000e+02;2.9313713e-03;3.1750000e+02;-3.9379813e-02;3.1750000e+02;-8.2226232e-02;3.1750000e+02;-1.2448609e-01;3.1750000e+02;-1.6506016e-01;3.1750000e+02;-6.4658932e-02;3.1750000e+02;-2.6944976e-02;3.1750000e+02;3.2239217e-02;3.1750000e+02;1.0224480e-01;3.1750000e+02;1.7849205e-01;3.1750000e+02;2.3569807e-01;3.1750000e+02;2.6933566e-01;3.1750000e+02;3.0322847e-01;3.1750000e+02;2.9830751e-01;3.1750000e+02;2.3384906e-01;3.1750000e+02;1.5811607e-01;3.1750000e+02;9.6990526e-02;3.1750000e+02;4.7122430e-02;3.1750000e+02;2.9313713e-03;3.1750000e+02;-3.9379813e-02;3.1750000e+02;-8.2226232e-02;3.1750000e+02;-1.2448609e-01;3.1750000e+02;-1.6506016e-01;3.1750000e+02;-6.4658932e-02;3.1750000e+02;-2.6944976e-02;3.1750000e+02;3.2239217e-02;3.1750000e+02;1.0224480e-01;3.1750000e+02;1.7849205e-01;3.1750000e+02;2.3569807e-01;3.1750000e+02;2.6933566e-01;3.1750000e+02;3.0322847e-01;3.1750000e+02;2.9830751e-01;3.1750000e+02;2.3384906e-01;3.1750000e+02;1.5811607e-01;3.1750000e+02;9.6990526e-02;3.1750000e+02;4.7122430e-02;3.1750000e+02;2.9313713e-03;3.1750000e+02;-3.9379813e-02;3.1750000e+02;-8.2226232e-02;3.1750000e+02;-1.2448609e-01;3.1750000e+02;-1.6506016e-01;3.1750000e+02;-6.4658932e-02;3.1750000e+02;-2.6944976e-02;3.1750000e+02;3.2239217e-02;3.1750000e+02;1.0224480e-01;3.1750000e+02;1.7849205e-01;3.1750000e+02;2.3569807e-01;3.1750000e+02;2.6933566e-01;3.1750000e+02;3.0322847e-01;3.1750000e+02;2.9830751e-01;3.1750000e+02;2.3384906e-01;3.1750000e+02;1.5811607e-01;3.1750000e+02;9.6990526e-02;3.1750000e+02;4.7122430e-02;3.1750000e+02;2.9313713e-03;3.1750000e+02;-3.9379813e-02;3.1750000e+02;-8.2226232e-02;3.1750000e+02;-1.2448609e-01;3.1750000e+02;-1.6506016e-01;3.1750000e+02;-6.4658932e-02;3.1750000e+02;-2.6944976e-02;3.1750000e+02;3.2239217e-02;3.1750000e+02;1.0224480e-01;3.1750000e+02;1.7849205e-01;3.1750000e+02;2.3569807e-01;3.1750000e+02;2.6933566e-01;3.1750000e+02;3.0322847e-01;3.1750000e+02;2.9830751e-01;3.1750000e+02;2.3384906e-01;3.1750000e+02;1.5811607e-01;3.1750000e+02;9.6990526e-02;3.1750000e+02;4.7122430e-02;3.1750000e+02;2.9313713e-03;3.1750000e+02;-3.9379813e-02;3.1750000e+02;-8.2226232e-02;3.1750000e+02;-1.2448609e-01;3.1750000e+02;-1.6506016e-01;3.1750000e+02;-6.4658932e-02;3.1750000e+02;-2.6944976e-02;3.1750000e+02;3.2239217e-02;3.1750000e+02;1.0224480e-01;3.1750000e+02;1.7849205e-01;3.1750000e+02;2.3569807e-01;3.1750000e+02;2.6933566e-01;3.1750000e+02;3.0322847e-01;3.1750000e+02;2.9830751e-01;3.1750000e+02;2.3384906e-01;3.1750000e+02;1.5811607e-01;3.1750000e+02;9.6990526e-02;3.1750000e+02;4.7122430e-02;3.1750000e+02;2.9313713e-03;3.1750000e+02;-3.9379813e-02;3.1750000e+02;-8.2226232e-02;3.1750000e+02;-1.2448609e-01;3.1750000e+02;-1.6506016e-01;3.1750000e+02;-6.4658932e-02;3.1750000e+02;-2.6944976e-02;3.1750000e+02;3.2239217e-02;3.1750000e+02;1.0224480e-01;3.1750000e+02;1.7849205e-01;3.1750000e+02;2.3569807e-01;3.1750000e+02;2.6933566e-01;3.1750000e+02;3.0322847e-01;3.1750000e+02;2.9830751e-01;3.1750000e+02;2.3384906e-01;3.1750000e+02;1.5811607e-01;3.1750000e+02;9.6990526e-02;3.1750000e+02;4.7122430e-02;3.1750000e+02;2.9313713e-03;3.1750000e+02;-3.9379813e-02;3.1750000e+02;-8.2226232e-02;3.1750000e+02;-1.2448609e-01;3.1750000e+02;-1.6506016e-01;3.1750000e+02;-6.4658932e-02;3.1750000e+02;-2.6944976e-02;3.1750000e+02;3.2239217e-02;3.1750000e+02;1.0224480e-01;3.1750000e+02;1.7849205e-01;3.1750000e+02;2.3569807e-01;3.1750000e+02;2.6933566e-01;3.1750000e+02;3.0322847e-01;3.1750000e+02;2.9830751e-01;3.1750000e+02;2.3384906e-01;3.1750000e+02;1.5811607e-01;3.1750000e+02;9.6990526e-02;3.1750000e+02;4.7122430e-02;3.1750000e+02;2.9313713e-03;3.1750000e+02;-3.9379813e-02;3.1750000e+02;-8.2226232e-02;3.1750000e+02;-1.2448609e-01;3.1750000e+02;-1.6506016e-01;3.1750000e+02;-6.4658932e-02;3.1750000e+02;-2.6944976e-02;3.1750000e+02;3.2239217e-02;3.1750000e+02;1.0224480e-01;3.1750000e+02;1.7849205e-01;3.1750000e+02;2.3569807e-01;3.1750000e+02;2.6933566e-01;3.1750000e+02;3.0322847e-01;3.1750000e+02;2.9830751e-01;3.1750000e+02;2.3384906e-01;3.1750000e+02;1.5811607e-01;3.1750000e+02;9.6990526e-02;3.1750000e+02;4.7122430e-02;3.1750000e+02;2.9313713e-03;3.1750000e+02;-3.9379813e-02;3.1750000e+02;-8.2226232e-02;3.1750000e+02;-1.2448609e-01;3.1750000e+02;-1.6506016e-01;3.1750000e+02;-6.4658932e-02;3.1750000e+02;-2.6944976e-02;3.1750000e+02;3.2239217e-02;3.1750000e+02;1.0224480e-01;3.1750000e+02;1.7849205e-01;3.1750000e+02;2.3569807e-01;3.1750000e+02;2.6933566e-01;3.1750000e+02;3.0322847e-01;3.1750000e+02;2.9830751e-01;3.1750000e+02;2.3384906e-01;3.1750000e+02;1.5811607e-01;3.1750000e+02;9.6990526e-02;3.1750000e+02;4.7122430e-02;3.1750000e+02;2.9313713e-03;3.1750000e+02;-3.9379813e-02;3.1750000e+02;-8.2226232e-02;3.1750000e+02;-1.2448609e-01;3.1750000e+02;-1.6506016e-01;3.1750000e+02;-6.4658932e-02;3.1750000e+02;-2.6944976e-02;3.1750000e+02;3.2239217e-02;3.1750000e+02;1.0224480e-01;3.1750000e+02;1.7849205e-01;3.1750000e+02;2.3569807e-01;3.1750000e+02;2.6933566e-01;3.1750000e+02;3.0322847e-01;3.1750000e+02;2.9830751e-01;3.1750000e+02;2.3384906e-01;3.1750000e+02;1.5811607e-01;3.1750000e+02;9.6990526e-02;3.1750000e+02;4.7122430e-02;3.1750000e+02;2.9313713e-03;3.1750000e+02;-3.9379813e-02;3.1750000e+02;-8.2226232e-02;3.1750000e+02;-1.2448609e-01;3.1750000e+02;-1.6506016e-01;3.1750000e+02;-6.4658932e-02;3.1750000e+02;-2.6944976e-02;3.1750000e+02;3.2239217e-02;3.1750000e+02;1.0224480e-01;3.1750000e+02;1.7849205e-01;3.1750000e+02;2.3569807e-01;3.1750000e+02;2.6933566e-01;3.1750000e+02;3.0322847e-01;3.1750000e+02;2.9830751e-01;3.1750000e+02;2.3384906e-01;3.1750000e+02;1.5811607e-01;3.1750000e+02;9.6990526e-02;3.1750000e+02;4.7122430e-02;3.1750000e+02;2.9313713e-03;3.1750000e+02;-3.9379813e-02;3.1750000e+02;-8.2226232e-02;3.1750000e+02;-1.2448609e-01;3.1750000e+02;-1.6506016e-01;3.1750000e+02;-6.4658932e-02;3.1750000e+02;-2.6944976e-02;3.1750000e+02;3.2239217e-02;3.1750000e+02;1.0224480e-01;3.1750000e+02;1.7849205e-01;3.1750000e+02;2.3569807e-01;3.1750000e+02;2.6933566e-01;3.1750000e+02;3.0322847e-01;3.1750000e+02;2.9830751e-01;3.1750000e+02;2.3384906e-01;3.1750000e+02;1.5811607e-01;3.1750000e+02;9.6990526e-02;3.1750000e+02;4.7122430e-02;3.1750000e+02;2.9313713e-03;3.1750000e+02;-3.9379813e-02;3.1750000e+02;-8.2226232e-02;3.1750000e+02;-1.2448609e-01;3.1750000e+02;-1.6506016e-01;3.1750000e+02;-6.4658932e-02;3.1750000e+02;-2.6944976e-02;3.1750000e+02;3.2239217e-02;3.1750000e+02;1.0224480e-01;3.1750000e+02;1.7849205e-01;3.1750000e+02;2.3569807e-01;3.1750000e+02;2.6933566e-01;3.1750000e+02;3.0322847e-01;3.1750000e+02;2.9830751e-01;3.1750000e+02;2.3384906e-01;3.1750000e+02;1.5811607e-01;3.1750000e+02;9.6990526e-02;3.1750000e+02;4.7122430e-02;3.1750000e+02;2.9313713e-03;3.1750000e+02;-3.9379813e-02;3.1750000e+02;-8.2226232e-02;3.1750000e+02;-1.2448609e-01;3.1750000e+02;-1.6506016e-01;3.1750000e+02;-6.4658932e-02;3.1750000e+02;-2.6944976e-02;3.1750000e+02;3.2239217e-02;3.1750000e+02;1.0224480e-01;3.1750000e+02;1.7849205e-01;3.1750000e+02;2.3569807e-01;3.1750000e+02;2.6933566e-01;3.1750000e+02;3.0322847e-01;3.1750000e+02;2.9830751e-01;3.1750000e+02;2.3384906e-01;3.1750000e+02;1.5811607e-01;3.1750000e+02;9.6990526e-02;3.1750000e+02;4.7122430e-02;3.1750000e+02;2.9313713e-03;3.1750000e+02;-3.9379813e-02;3.1750000e+02;-8.2226232e-02;3.1750000e+02;-1.2448609e-01;3.1750000e+02;-1.6506016e-01;3.1750000e+02;-6.4658932e-02;3.1750000e+02;-2.6944976e-02;3.1750000e+02;3.2239217e-02;3.1750000e+02;1.0224480e-01;3.1750000e+02;1.7849205e-01;3.1750000e+02;2.3569807e-01;3.1750000e+02;2.6933566e-01;3.1750000e+02;3.0322847e-01;3.1750000e+02;2.9830751e-01;3.1750000e+02;2.3384906e-01;3.1750000e+02;1.5811607e-01;3.1750000e+02;9.6990526e-02;3.1750000e+02;4.7122430e-02;3.1750000e+02;2.9313713e-03;3.1750000e+02;-3.9379813e-02;3.1750000e+02;-8.2226232e-02;3.1750000e+02;-1.2448609e-01;3.1750000e+02;-1.6506016e-01;3.1750000e+02;-6.4658932e-02;3.1750000e+02;-2.6944976e-02;3.1750000e+02;3.2239217e-02;3.1750000e+02;1.0224480e-01;3.1750000e+02;1.7849205e-01;3.1750000e+02;2.3569807e-01;3.1750000e+02;2.6933566e-01;3.1750000e+02;3.0322847e-01;3.1750000e+02;2.9830751e-01;3.1750000e+02;2.3384906e-01;3.1750000e+02;1.5811607e-01;3.1750000e+02;9.6990526e-02;3.1750000e+02;4.7122430e-02;3.1750000e+02;2.9313713e-03;3.1750000e+02;-3.9379813e-02;3.1750000e+02;-8.2226232e-02;3.1750000e+02;-1.2448609e-01;3.1750000e+02;-1.6506016e-01;3.1750000e+02;-6.4658932e-02;3.1750000e+02;-2.6944976e-02;3.1750000e+02;3.2239217e-02;3.1750000e+02;1.0224480e-01;3.1750000e+02;1.7849205e-01;3.1750000e+02;2.3569807e-01;3.1750000e+02;2.6933566e-01;3.1750000e+02;3.0322847e-01;3.1750000e+02;2.9830751e-01;3.1750000e+02;2.3384906e-01;3.1750000e+02;1.5811607e-01;3.1750000e+02;9.6990526e-02;3.1750000e+02;4.7122430e-02;3.1750000e+02;2.9313713e-03;3.1750000e+02;-3.9379813e-02;3.1750000e+02;-8.2226232e-02;3.1750000e+02;-1.2448609e-01;3.1750000e+02;-1.6506016e-01;3.1750000e+02;-6.4658932e-02;3.1750000e+02;-2.6944976e-02;3.1750000e+02;3.2239217e-02;3.1750000e+02;1.0224480e-01;3.1750000e+02;1.7849205e-01;3.1750000e+02;2.3569807e-01;3.1750000e+02;2.6933566e-01;3.1750000e+02;3.0322847e-01;3.1750000e+02;2.9830751e-01;3.1750000e+02;2.3384906e-01;3.1750000e+02;1.5811607e-01;3.1750000e+02;9.6990526e-02;3.1750000e+02;4.7122430e-02;3.1750000e+02;2.9313713e-03;3.1750000e+02;-3.9379813e-02;3.1750000e+02;-8.2226232e-02;3.1750000e+02;-1.2448609e-01;3.1750000e+02;-1.6506016e-01;3.1750000e+02;-6.4658932e-02;3.1750000e+02;-2.6944976e-02;3.1750000e+02;3.2239217e-02;3.1750000e+02;1.0224480e-01;3.1750000e+02;1.7849205e-01;3.1750000e+02;2.3569807e-01;3.1750000e+02;2.6933566e-01;3.1750000e+02;3.0322847e-01;3.1750000e+02;2.9830751e-01;3.1750000e+02;2.3384906e-01;3.1750000e+02;1.5811607e-01;3.1750000e+02;9.6990526e-02;3.1750000e+02;4.7122430e-02;3.1750000e+02;2.9313713e-03;3.1750000e+02;-3.9379813e-02;3.1750000e+02;-8.2226232e-02;3.1750000e+02;-1.2448609e-01;3.1750000e+02;-1.6506016e-01;3.1750000e+02;-6.4658932e-02;3.1750000e+02;-2.6944976e-02;3.1750000e+02;3.2239217e-02;3.1750000e+02;1.0224480e-01;3.1750000e+02;1.7849205e-01;3.1750000e+02;2.3569807e-01;3.1750000e+02;2.6933566e-01;3.1750000e+02;3.0322847e-01;3.1750000e+02;2.9830751e-01;3.1750000e+02;2.3384906e-01;3.1750000e+02;1.5811607e-01;3.1750000e+02;9.6990526e-02;3.1750000e+02;4.7122430e-02;3.1750000e+02;2.9313713e-03;3.1750000e+02;-3.9379813e-02;3.1750000e+02;-8.2226232e-02;3.1750000e+02;-1.2448609e-01;3.1750000e+02;-1.6506016e-01;3.1750000e+02;-6.4658932e-02;3.1750000e+02;-2.6944976e-02;3.1750000e+02;3.2239217e-02;3.1750000e+02;1.0224480e-01;3.1750000e+02;1.7849205e-01;3.1750000e+02;2.3569807e-01;3.1750000e+02;2.6933566e-01;3.1750000e+02;3.0322847e-01;3.1750000e+02;2.9830751e-01;3.1750000e+02;2.3384906e-01;3.1750000e+02;1.5811607e-01;3.1750000e+02;9.6990526e-02;3.1750000e+02;4.7122430e-02;3.1750000e+02;2.9313713e-03;3.1750000e+02;-3.9379813e-02;3.1750000e+02;-8.2226232e-02;3.1750000e+02;-1.2448609e-01;3.1750000e+02;-1.6506016e-01;3.1750000e+02;-6.4658932e-02;3.1750000e+02;-2.6944976e-02;3.1750000e+02;3.2239217e-02;3.1750000e+02;1.0224480e-01;3.1750000e+02;1.7849205e-01;3.1750000e+02;2.3569807e-01;3.1750000e+02;2.6933566e-01;3.1750000e+02;3.0322847e-01;3.1750000e+02;2.9830751e-01;3.1750000e+02;2.3384906e-01;3.1750000e+02;1.5811607e-01;3.1750000e+02;9.6990526e-02;3.1750000e+02;4.7122430e-02;3.1750000e+02;2.9313713e-03;3.1750000e+02;-3.9379813e-02;3.1750000e+02;-8.2226232e-02;3.1750000e+02;-1.2448609e-01;3.1750000e+02;-1.6506016e-01;3.1750000e+02;-6.4658932e-02;3.1750000e+02;-2.6944976e-02;3.1750000e+02;3.2239217e-02;3.1750000e+02;1.0224480e-01;3.1750000e+02;1.7849205e-01;3.1750000e+02;2.3569807e-01;3.1750000e+02;2.6933566e-01;3.1750000e+02;3.0322847e-01;3.1750000e+02;2.9830751e-01;3.1750000e+02;2.3384906e-01;3.1750000e+02;1.5811607e-01;3.1750000e+02;9.6990526e-02;3.1750000e+02;4.7122430e-02;3.1750000e+02;2.9313713e-03;3.1750000e+02;-3.9379813e-02;3.1750000e+02;-8.2226232e-02;3.1750000e+02;-1.2448609e-01;3.1750000e+02;-1.6506016e-01;3.1750000e+02;-6.4658932e-02;3.1750000e+02;-2.6944976e-02;3.1750000e+02;3.2239217e-02;3.1750000e+02;1.0224480e-01;3.1750000e+02;1.7849205e-01;3.1750000e+02;2.3569807e-01;3.1750000e+02;2.6933566e-01;3.1750000e+02;3.0322847e-01;3.1750000e+02;2.9830751e-01;3.1750000e+02;2.3384906e-01;3.1750000e+02;1.5811607e-01;3.1750000e+02;9.6990526e-02;3.1750000e+02;4.7122430e-02;3.1750000e+02;2.9313713e-03;3.1750000e+02;-3.9379813e-02;3.1750000e+02;-8.2226232e-02;3.1750000e+02;-1.2448609e-01;3.1750000e+02;-1.6506016e-01;3.1750000e+02;-6.4658932e-02;3.1750000e+02;-2.6944976e-02;3.1750000e+02;3.2239217e-02;3.1750000e+02;1.0224480e-01;3.1750000e+02;1.7849205e-01;3.1750000e+02;2.3569807e-01;3.1750000e+02;2.6933566e-01;3.1750000e+02;3.0322847e-01;3.1750000e+02;2.9830751e-01;3.1750000e+02;2.3384906e-01;3.1750000e+02;1.5811607e-01;3.1750000e+02;9.6990526e-02;3.1750000e+02;4.7122430e-02;3.1750000e+02;2.9313713e-03;3.1750000e+02;-3.9379813e-02;3.1750000e+02;-8.2226232e-02;3.1750000e+02;-1.2448609e-01;3.1750000e+02;-1.6506016e-01;3.1750000e+02;-6.4658932e-02;3.1750000e+02;-2.6944976e-02;3.1750000e+02;3.2239217e-02;3.1750000e+02;1.0224480e-01;3.1750000e+02;1.7849205e-01;3.1750000e+02;2.3569807e-01;3.1750000e+02;2.6933566e-01;3.1750000e+02;3.0322847e-01;3.1750000e+02;2.9830751e-01;3.1750000e+02;2.3384906e-01;3.1750000e+02;1.5811607e-01;3.1750000e+02;9.6990526e-02;3.1750000e+02;4.7122430e-02;3.1750000e+02;2.9313713e-03;3.1750000e+02;-3.9379813e-02;3.1750000e+02;-8.2226232e-02;3.1750000e+02;-1.2448609e-01;3.1750000e+02;-1.6506016e-01;3.1750000e+02;-6.4658932e-02;3.1750000e+02;-2.6944976e-02;3.1750000e+02;3.2239217e-02;3.1750000e+02;1.0224480e-01;3.1750000e+02;1.7849205e-01;3.1750000e+02;2.3569807e-01;3.1750000e+02;2.6933566e-01;3.1750000e+02;3.0322847e-01;3.1750000e+02;2.9830751e-01;3.1750000e+02;2.3384906e-01;3.1750000e+02;1.5811607e-01;3.1750000e+02;9.6990526e-02;3.1750000e+02;4.7122430e-02;3.1750000e+02;2.9313713e-03;3.1750000e+02;-3.9379813e-02;3.1750000e+02;-8.2226232e-02;3.1750000e+02;-1.2448609e-01;3.1750000e+02;-1.6506016e-01;3.1750000e+02;-6.4658932e-02;3.1750000e+02;-2.6944976e-02;3.1750000e+02;3.2239217e-02;3.1750000e+02;1.0224480e-01;3.1750000e+02;1.7849205e-01;3.1750000e+02;2.3569807e-01;3.1750000e+02;2.6933566e-01;3.1750000e+02;3.0322847e-01;3.1750000e+02;2.9830751e-01;3.1750000e+02;2.3384906e-01;3.1750000e+02;1.5811607e-01;3.1750000e+02;9.6990526e-02;3.1750000e+02;4.7122430e-02;3.1750000e+02;2.9313713e-03;3.1750000e+02;-3.9379813e-02;3.1750000e+02;-8.2226232e-02;3.1750000e+02;-1.2448609e-01;3.1750000e+02;-1.6506016e-01;3.1750000e+02;-6.4658932e-02;3.1750000e+02;-2.6944976e-02;3.1750000e+02;3.2239217e-02;3.1750000e+02;1.0224480e-01;3.1750000e+02;1.7849205e-01;3.1750000e+02;2.3569807e-01;3.1750000e+02;2.6933566e-01;3.1750000e+02;3.0322847e-01;3.1750000e+02;2.9830751e-01;3.1750000e+02;2.3384906e-01;3.1750000e+02;1.5811607e-01;3.1750000e+02;9.6990526e-02;3.1750000e+02;4.7122430e-02;3.1750000e+02;2.9313713e-03;3.1750000e+02;-3.9379813e-02;3.1750000e+02;-8.2226232e-02;3.1750000e+02;-1.2448609e-01;3.1750000e+02;-1.6506016e-01;3.1750000e+02;-6.4658932e-02;3.1750000e+02;-2.6944976e-02;3.1750000e+02;3.2239217e-02;3.1750000e+02;1.0224480e-01;3.1750000e+02;1.7849205e-01;3.1750000e+02;2.3569807e-01;3.1750000e+02;2.6933566e-01;3.1750000e+02;3.0322847e-01;3.1750000e+02;2.9830751e-01;3.1750000e+02;2.3384906e-01;3.1750000e+02;1.5811607e-01;3.1750000e+02;9.6990526e-02;3.1750000e+02;4.7122430e-02;3.1750000e+02;2.9313713e-03;3.1750000e+02;-3.9379813e-02;3.1750000e+02;-8.2226232e-02;3.1750000e+02;-1.2448609e-01;3.1750000e+02;-1.6506016e-01;3.1750000e+02;-6.4658932e-02;3.1750000e+02;-2.6944976e-02;3.1750000e+02;3.2239217e-02;3.1750000e+02;1.0224480e-01;3.1750000e+02;1.7849205e-01;3.1750000e+02;2.3569807e-01;3.1750000e+02;2.6933566e-01;3.1750000e+02;3.0322847e-01;3.1750000e+02;2.9830751e-01;3.1750000e+02;2.3384906e-01;3.1750000e+02;1.5811607e-01;3.1750000e+02;9.6990526e-02;3.1750000e+02;4.7122430e-02;3.1750000e+02;2.9313713e-03;3.1750000e+02;-3.9379813e-02;3.1750000e+02;-8.2226232e-02;3.1750000e+02;-1.2448609e-01;3.1750000e+02;-1.6506016e-01;3.1750000e+02;-6.4658932e-02;3.1750000e+02;-2.6944976e-02;3.1750000e+02;3.2239217e-02;3.1750000e+02;1.0224480e-01;3.1750000e+02;1.7849205e-01;3.1750000e+02;2.3569807e-01;3.1750000e+02;2.6933566e-01;3.1750000e+02;3.0322847e-01;3.1750000e+02;2.9830751e-01;3.1750000e+02;2.3384906e-01;3.1750000e+02;1.5811607e-01;3.1750000e+02;9.6990526e-02;3.1750000e+02;4.7122430e-02;3.1750000e+02;2.9313713e-03;3.1750000e+02;-3.9379813e-02;3.1750000e+02;-8.2226232e-02;3.1750000e+02;-1.2448609e-01;3.1750000e+02;-1.6506016e-01;3.1750000e+02;-6.4658932e-02;3.1750000e+02;-2.6944976e-02;3.1750000e+02;3.2239217e-02;3.1750000e+02;1.0224480e-01;3.1750000e+02;1.7849205e-01;3.1750000e+02;2.3569807e-01;3.1750000e+02;2.6933566e-01;3.1750000e+02;3.0322847e-01;3.1750000e+02;2.9830751e-01;3.1750000e+02;2.3384906e-01;3.1750000e+02;1.5811607e-01;3.1750000e+02;9.6990526e-02;3.1750000e+02;4.7122430e-02;3.1750000e+02;2.9313713e-03;3.1750000e+02;-3.9379813e-02;3.1750000e+02;-8.2226232e-02;3.1750000e+02;-1.2448609e-01;3.1750000e+02;-1.6506016e-01;3.1750000e+02;-6.4658932e-02;3.1750000e+02;-2.6944976e-02;3.1750000e+02;3.2239217e-02;3.1750000e+02;1.0224480e-01;3.1750000e+02;1.7849205e-01;3.1750000e+02;2.3569807e-01;3.1750000e+02;2.6933566e-01;3.1750000e+02;3.0322847e-01;3.1750000e+02;2.9830751e-01;3.1750000e+02;2.3384906e-01;3.1750000e+02;1.5811607e-01;3.1750000e+02;9.6990526e-02;3.1750000e+02;4.7122430e-02;3.1750000e+02;2.9313713e-03;3.1750000e+02;-3.9379813e-02;3.1750000e+02;-8.2226232e-02;3.1750000e+02;-1.2448609e-01;3.1750000e+02;-1.6506016e-01;3.1750000e+02;-6.4658932e-02;3.1750000e+02;-2.6944976e-02;3.1750000e+02;3.2239217e-02;3.1750000e+02;1.0224480e-01;3.1750000e+02;1.7849205e-01;3.1750000e+02;2.3569807e-01;3.1750000e+02;2.6933566e-01;3.1750000e+02;3.0322847e-01;3.1750000e+02;2.9830751e-01;3.1750000e+02;2.3384906e-01;3.1750000e+02;1.5811607e-01;3.1750000e+02;9.6990526e-02;3.1750000e+02;4.7122430e-02;3.1750000e+02;2.9313713e-03;3.1750000e+02;-3.9379813e-02;3.1750000e+02;-8.2226232e-02;3.1750000e+02;-1.2448609e-01;3.1750000e+02;-1.6506016e-01;3.1750000e+02;-6.4658932e-02;3.1750000e+02;-2.6944976e-02;3.1750000e+02;3.2239217e-02;3.1750000e+02;1.0224480e-01;3.1750000e+02;1.7849205e-01;3.1750000e+02;2.3569807e-01;3.1750000e+02;2.6933566e-01;3.1750000e+02;3.0322847e-01;3.1750000e+02;2.9830751e-01;3.1750000e+02;2.3384906e-01;3.1750000e+02;1.5811607e-01;3.1750000e+02;9.6990526e-02;3.1750000e+02;4.7122430e-02;3.1750000e+02;2.9313713e-03;3.1750000e+02;-3.9379813e-02;3.1750000e+02;-8.2226232e-02;3.1750000e+02;-1.2448609e-01;3.1750000e+02;-1.6506016e-01;3.1750000e+02;-6.4658932e-02;3.1750000e+02;-2.6944976e-02;3.1750000e+02;3.2239217e-02;3.1750000e+02;1.0224480e-01;3.1750000e+02;1.7849205e-01;3.1750000e+02;2.3569807e-01;3.1750000e+02;2.6933566e-01;3.1750000e+02;3.0322847e-01;3.1750000e+02;2.9830751e-01;3.1750000e+02;2.3384906e-01;3.1750000e+02;1.5811607e-01;3.1750000e+02;9.6990526e-02;3.1750000e+02;4.7122430e-02;3.1750000e+02;2.9313713e-03;3.1750000e+02;-3.9379813e-02;3.1750000e+02;-8.2226232e-02;3.1750000e+02;-1.2448609e-01;3.1750000e+02;-1.6506016e-01;3.1750000e+02;-6.4658932e-02;3.1750000e+02;-2.6944976e-02;3.1750000e+02;3.2239217e-02;3.1750000e+02;1.0224480e-01;3.1750000e+02;1.7849205e-01;3.1750000e+02;2.3569807e-01;3.1750000e+02;2.6933566e-01;3.1750000e+02;3.0322847e-01;3.1750000e+02;2.9830751e-01;3.1750000e+02;2.3384906e-01;3.1750000e+02;1.5811607e-01;3.1750000e+02;9.6990526e-02;3.1750000e+02;4.7122430e-02;3.1750000e+02;2.9313713e-03;3.1750000e+02;-3.9379813e-02;3.1750000e+02;-8.2226232e-02;3.1750000e+02;-1.2448609e-01;3.1750000e+02;-1.6506016e-01;3.1750000e+02;-6.4658932e-02;3.1750000e+02;-2.6944976e-02;3.1750000e+02;3.2239217e-02;3.1750000e+02;1.0224480e-01;3.1750000e+02;1.7849205e-01;3.1750000e+02;2.3569807e-01;3.1750000e+02;2.6933566e-01;3.1750000e+02;3.0322847e-01;3.1750000e+02;2.9830751e-01;3.1750000e+02;2.3384906e-01;3.1750000e+02;1.5811607e-01;3.1750000e+02;9.6990526e-02;3.1750000e+02;4.7122430e-02;3.1750000e+02;2.9313713e-03;3.1750000e+02;-3.9379813e-02;3.1750000e+02;-8.2226232e-02;3.1750000e+02;-1.2448609e-01;3.1750000e+02;-1.6506016e-01;3.1750000e+02;-6.4658932e-02;3.1750000e+02;-2.6944976e-02;3.1750000e+02;3.2239217e-02;3.1750000e+02;1.0224480e-01;3.1750000e+02;1.7849205e-01;3.1750000e+02;2.3569807e-01;3.1750000e+02;2.6933566e-01;3.1750000e+02;3.0322847e-01;3.1750000e+02;2.9830751e-01;3.1750000e+02;2.3384906e-01;3.1750000e+02;1.5811607e-01;3.1750000e+02;9.6990526e-02;3.1750000e+02;4.7122430e-02;3.1750000e+02;2.9313713e-03;3.1750000e+02;-3.9379813e-02;3.1750000e+02;-8.2226232e-02;3.1750000e+02;-1.2448609e-01;3.1750000e+02;-1.6506016e-01;3.1750000e+02;-6.4658932e-02;3.1750000e+02;-2.6944976e-02;3.1750000e+02;3.2239217e-02;3.1750000e+02;1.0224480e-01;3.1750000e+02;1.7849205e-01;3.1750000e+02;2.3569807e-01;3.1750000e+02;2.6933566e-01;3.1750000e+02;3.0322847e-01;3.1750000e+02;2.9830751e-01;3.1750000e+02;2.3384906e-01;3.1750000e+02;1.5811607e-01;3.1750000e+02;9.6990526e-02;3.1750000e+02;4.7122430e-02;3.1750000e+02;2.9313713e-03;3.1750000e+02;-3.9379813e-02;3.1750000e+02;-8.2226232e-02;3.1750000e+02;-1.2448609e-01;3.1750000e+02;-1.6506016e-01;3.1750000e+02;-6.4658932e-02;3.1750000e+02;-2.6944976e-02;3.1750000e+02;3.2239217e-02;3.1750000e+02;1.0224480e-01;3.1750000e+02;1.7849205e-01;3.1750000e+02;2.3569807e-01;3.1750000e+02;2.6933566e-01;3.1750000e+02;3.0322847e-01;3.1750000e+02;2.9830751e-01;3.1750000e+02;2.3384906e-01;3.1750000e+02;1.5811607e-01;3.1750000e+02;9.6990526e-02;3.1750000e+02;4.7122430e-02;3.1750000e+02;2.9313713e-03;3.1750000e+02;-3.9379813e-02;3.1750000e+02;-8.2226232e-02;3.1750000e+02;-1.2448609e-01;3.1750000e+02;-1.6506016e-01;3.1750000e+02;-6.4658932e-02;3.1750000e+02;-2.6944976e-02;3.1750000e+02;3.2239217e-02;3.1750000e+02;1.0224480e-01;3.1750000e+02;1.7849205e-01;3.1750000e+02;2.3569807e-01;3.1750000e+02;2.6933566e-01;3.1750000e+02;3.0322847e-01;3.1750000e+02;2.9830751e-01;3.1750000e+02;2.3384906e-01;3.1750000e+02;1.5811607e-01;3.1750000e+02;9.6990526e-02;3.1750000e+02;4.7122430e-02;3.1750000e+02;2.9313713e-03;3.1750000e+02;-3.9379813e-02;3.1750000e+02;-8.2226232e-02;3.1750000e+02;-1.2448609e-01;3.1750000e+02;-1.6506016e-01;3.1750000e+02;-6.4658932e-02;3.1750000e+02;-2.6944976e-02;3.1750000e+02;3.2239217e-02;3.1750000e+02;1.0224480e-01;3.1750000e+02;1.7849205e-01;3.1750000e+02;2.3569807e-01;3.1750000e+02;2.6933566e-01;3.1750000e+02;3.0322847e-01;3.1750000e+02;2.9830751e-01;3.1750000e+02;2.3384906e-01;3.1750000e+02;1.5811607e-01;3.1750000e+02;9.6990526e-02;3.1750000e+02;4.7122430e-02;3.1750000e+02;2.9313713e-03;3.1750000e+02;-3.9379813e-02;3.1750000e+02;-8.2226232e-02;3.1750000e+02;-1.2448609e-01;3.1750000e+02;-1.6506016e-01;3.1750000e+02;-6.4658932e-02;3.1750000e+02;-2.6944976e-02;3.1750000e+02;3.2239217e-02;3.1750000e+02;1.0224480e-01;3.1750000e+02;1.7849205e-01;3.1750000e+02;2.3569807e-01;3.1750000e+02;2.6933566e-01;3.1750000e+02;3.0322847e-01;3.1750000e+02;2.9830751e-01;3.1750000e+02;2.3384906e-01;3.1750000e+02;1.5811607e-01;3.1750000e+02;9.6990526e-02;3.1750000e+02;4.7122430e-02;3.1750000e+02;2.9313713e-03;3.1750000e+02;-3.9379813e-02;3.1750000e+02;-8.2226232e-02;3.1750000e+02;-1.2448609e-01;3.1750000e+02;-1.6506016e-01;3.1750000e+02;-6.4658932e-02;3.1750000e+02;-2.6944976e-02;3.1750000e+02;3.2239217e-02;3.1750000e+02;1.0224480e-01;3.1750000e+02;1.7849205e-01;3.1750000e+02;2.3569807e-01;3.1750000e+02;2.6933566e-01;3.1750000e+02;3.0322847e-01;3.1750000e+02;2.9830751e-01;3.1750000e+02;2.3384906e-01;3.1750000e+02;1.5811607e-01;3.1750000e+02;9.6990526e-02;3.1750000e+02;4.7122430e-02;3.1750000e+02;2.9313713e-03;3.1750000e+02;-3.9379813e-02;3.1750000e+02;-8.2226232e-02;3.1750000e+02;-1.2448609e-01;3.1750000e+02;-1.6506016e-01;3.1750000e+02;-6.4658932e-02;3.1750000e+02;-2.6944976e-02;3.1750000e+02;3.2239217e-02;3.1750000e+02;1.0224480e-01;3.1750000e+02;1.7849205e-01;3.1750000e+02;2.3569807e-01;3.1750000e+02;2.6933566e-01;3.1750000e+02;3.0322847e-01;3.1750000e+02;2.9830751e-01;3.1750000e+02;2.3384906e-01;3.1750000e+02;1.5811607e-01;3.1750000e+02;9.6990526e-02;3.1750000e+02;4.7122430e-02;3.1750000e+02;2.9313713e-03;3.1750000e+02;-3.9379813e-02;3.1750000e+02;-8.2226232e-02;3.1750000e+02;-1.2448609e-01;3.1750000e+02;-1.6506016e-01;3.1750000e+02;-6.4658932e-02;3.1750000e+02;-2.6944976e-02;3.1750000e+02;3.2239217e-02;3.1750000e+02;1.0224480e-01;3.1750000e+02;1.7849205e-01;3.1750000e+02;2.3569807e-01;3.1750000e+02;2.6933566e-01;3.1750000e+02;3.0322847e-01;3.1750000e+02;2.9830751e-01;3.1750000e+02;2.3384906e-01;3.1750000e+02;1.5811607e-01;3.1750000e+02;9.6990526e-02;3.1750000e+02;4.7122430e-02;3.1750000e+02;2.9313713e-03;3.1750000e+02;-3.9379813e-02;3.1750000e+02;-8.2226232e-02;3.1750000e+02;-1.2448609e-01;3.1750000e+02;-1.6506016e-01;3.1750000e+02;-6.4658932e-02;3.1750000e+02;-2.6944976e-02;3.1750000e+02;3.2239217e-02;3.1750000e+02;1.0224480e-01;3.1750000e+02;1.7849205e-01;3.1750000e+02;2.3569807e-01;3.1750000e+02;2.6933566e-01;3.1750000e+02;3.0322847e-01;3.1750000e+02;2.9830751e-01;3.1750000e+02;2.3384906e-01;3.1750000e+02;1.5811607e-01;3.1750000e+02;9.6990526e-02;3.1750000e+02;4.7122430e-02;3.1750000e+02;2.9313713e-03;3.1750000e+02;-3.9379813e-02;3.1750000e+02;-8.2226232e-02;3.1750000e+02;-1.2448609e-01;3.1750000e+02;-1.6506016e-01;3.1750000e+02;-6.4658932e-02;3.1750000e+02;-2.6944976e-02;3.1750000e+02;3.2239217e-02;3.1750000e+02;1.0224480e-01;3.1750000e+02;1.7849205e-01;3.1750000e+02;2.3569807e-01;3.1750000e+02;2.6933566e-01;3.1750000e+02;3.0322847e-01;3.1750000e+02;2.9830751e-01;3.1750000e+02;2.3384906e-01;3.1750000e+02;1.5811607e-01;3.1750000e+02;9.6990526e-02;3.1750000e+02;4.7122430e-02;3.1750000e+02;2.9313713e-03;3.1750000e+02;-3.9379813e-02;3.1750000e+02;-8.2226232e-02;3.1750000e+02;-1.2448609e-01;3.1750000e+02;-1.6506016e-01;3.1750000e+02;-6.4658932e-02;3.1750000e+02;-2.6944976e-02;3.1750000e+02;3.2239217e-02;3.1750000e+02;1.0224480e-01;3.1750000e+02;1.7849205e-01;3.1750000e+02;2.3569807e-01;3.1750000e+02;2.6933566e-01;3.1750000e+02;3.0322847e-01;3.1750000e+02;2.9830751e-01;3.1750000e+02;2.3384906e-01;3.1750000e+02;1.5811607e-01;3.1750000e+02;9.6990526e-02;3.1750000e+02;4.7122430e-02;3.1750000e+02;2.9313713e-03;3.1750000e+02;-3.9379813e-02;3.1750000e+02;-8.2226232e-02;3.1750000e+02;-1.2448609e-01;3.1750000e+02;-1.6506016e-01;3.1750000e+02;-6.4658932e-02;3.1750000e+02;-2.6944976e-02;3.1750000e+02;3.2239217e-02;3.1750000e+02;1.0224480e-01;3.1750000e+02;1.7849205e-01;3.1750000e+02;2.3569807e-01;3.1750000e+02;2.6933566e-01;3.1750000e+02;3.0322847e-01;3.1750000e+02;2.9830751e-01;3.1750000e+02;2.3384906e-01;3.1750000e+02;1.5811607e-01;3.1750000e+02;9.6990526e-02;3.1750000e+02;4.7122430e-02;3.1750000e+02;2.9313713e-03;3.1750000e+02;-3.9379813e-02;3.1750000e+02;-8.2226232e-02;3.1750000e+02;-1.2448609e-01;3.1750000e+02;-1.6506016e-01;3.1750000e+02;-6.4658932e-02;3.1750000e+02;-2.6944976e-02;3.1750000e+02;3.2239217e-02;3.1750000e+02;1.0224480e-01;3.1750000e+02;1.7849205e-01;3.1750000e+02;2.3569807e-01;3.1750000e+02;2.6933566e-01;3.1750000e+02;3.0322847e-01;3.1750000e+02;2.9830751e-01;3.1750000e+02;2.3384906e-01;3.1750000e+02;1.5811607e-01;3.1750000e+02;9.6990526e-02;3.1750000e+02;4.7122430e-02;3.1750000e+02;2.9313713e-03;3.1750000e+02;-3.9379813e-02;3.1750000e+02;-8.2226232e-02;3.1750000e+02;-1.2448609e-01;3.1750000e+02;-1.6506016e-01;3.1750000e+02;-6.4658932e-02;3.1750000e+02;-2.6944976e-02;3.1750000e+02;3.2239217e-02;3.1750000e+02;1.0224480e-01;3.1750000e+02;1.7849205e-01;3.1750000e+02;2.3569807e-01;3.1750000e+02;2.6933566e-01;3.1750000e+02;3.0322847e-01;3.1750000e+02;2.9830751e-01;3.1750000e+02;2.3384906e-01;3.1750000e+02;1.5811607e-01;3.1750000e+02;9.6990526e-02;3.1750000e+02;4.7122430e-02;3.1750000e+02;2.9313713e-03;3.1750000e+02;-3.9379813e-02;3.1750000e+02;-8.2226232e-02;3.1750000e+02;-1.2448609e-01;3.1750000e+02;-1.6506016e-01;3.1750000e+02;-6.4658932e-02;3.1750000e+02;-2.6944976e-02;3.1750000e+02;3.2239217e-02;3.1750000e+02;1.0224480e-01;3.1750000e+02;1.7849205e-01;3.1750000e+02;2.3569807e-01;3.1750000e+02;2.6933566e-01;3.1750000e+02;3.0322847e-01;3.1750000e+02;2.9830751e-01;3.1750000e+02;2.3384906e-01;3.1750000e+02;1.5811607e-01;3.1750000e+02;9.6990526e-02;3.1750000e+02;4.7122430e-02;3.1750000e+02;2.9313713e-03;3.1750000e+02;-3.9379813e-02;3.1750000e+02;-8.2226232e-02;3.1750000e+02;-1.2448609e-01;3.1750000e+02;-1.6506016e-01
3.2250000e+02;-7.2280861e-02;3.2250000e+02;-3.9912835e-02;3.2250000e+02;1.6733954e-02;3.2250000e+02;8.1687979e-02;3.2250000e+02;1.5556861e-01;3.2250000e+02;2.1363960e-01;3.2250000e+02;2.5568026e-01;3.2250000e+02;2.8610894e-01;3.2250000e+02;2.7614221e-01;3.2250000e+02;2.2770052e-01;3.2250000e+02;1.4977154e-01;3.2250000e+02;8.6230949e-02;3.2250000e+02;3.4735397e-02;3.2250000e+02;-1.0657266e-02;3.2250000e+02;-5.3682394e-02;3.2250000e+02;-9.6565515e-02;3.2250000e+02;-1.3893887e-01;3.2250000e+02;-1.8011746e-01;3.2250000e+02;-7.2280861e-02;3.2250000e+02;-3.9912835e-02;3.2250000e+02;1.6733954e-02;3.2250000e+02;8.1687979e-02;3.2250000e+02;1.5556861e-01;3.2250000e+02;2.1363960e-01;3.2250000e+02;2.5568026e-01;3.2250000e+02;2.8610894e-01;3.2250000e+02;2.7614221e-01;3.2250000e+02;2.2770052e-01;3.2250000e+02;1.4977154e-01;3.2250000e+02;8.6230949e-02;3.2250000e+02;3.4735397e-02;3.2250000e+02;-1.0657266e-02;3.2250000e+02;-5.3682394e-02;3.2250000e+02;-9.6565515e-02;3.2250000e+02;-1.3893887e-01;3.2250000e+02;-1.8011746e-01;3.2250000e+02;-7.2280861e-02;3.2250000e+02;-3.9912835e-02;3.2250000e+02;1.6733954e-02;3.2250000e+02;8.1687979e-02;3.2250000e+02;1.5556861e-01;3.2250000e+02;2.1363960e-01;3.2250000e+02;2.5568026e-01;3.2250000e+02;2.8610894e-01;3.2250000e+02;2.7614221e-01;3.2250000e+02;2.2770052e-01;3.2250000e+02;1.4977154e-01;3.2250000e+02;8.6230949e-02;3.2250000e+02;3.4735397e-02;3.2250000e+02;-1.0657266e-02;3.2250000e+02;-5.3682394e-02;3.2250000e+02;-9.6565515e-02;3.2250000e+02;-1.3893887e-01;3.2250000e+02;-1.8011746e-01;3.2250000e+02;-7.2280861e-02;3.2250000e+02;-3.9912835e-02;3.2250000e+02;1.6733954e-02;3.2250000e+02;8.1687979e-02;3.2250000e+02;1.5556861e-01;3.2250000e+02;2.1363960e-01;3.2250000e+02;2.5568026e-01;3.2250000e+02;2.8610894e-01;3.2250000e+02;2.7614221e-01;3.2250000e+02;2.2770052e-01;3.2250000e+02;1.4977154e-01;3.2250000e+02;8.6230949e-02;3.2250000e+02;3.4735397e-02;3.2250000e+02;-1.0657266e-02;3.2250000e+02;-5.3682394e-02;3.2250000e+02;-9.6565515e-02;3.2250000e+02;-1.3893887e-01;3.2250000e+02;-1.8011746e-01;3.2250000e+02;-7.2280861e-02;3.2250000e+02;-3.9912835e-02;3.2250000e+02;1.6733954e-02;3.2250000e+02;8.1687979e-02;3.2250000e+02;1.5556861e-01;3.2250000e+02;2.1363960e-01;3.2250000e+02;2.5568026e-01;3.2250000e+02;2.8610894e-01;3.2250000e+02;2.7614221e-01;3.2250000e+02;2.2770052e-01;3.2250000e+02;1.4977154e-01;3.2250000e+02;8.6230949e-02;3.2250000e+02;3.4735397e-02;3.2250000e+02;-1.0657266e-02;3.2250000e+02;-5.3682394e-02;3.2250000e+02;-9.6565515e-02;3.2250000e+02;-1.3893887e-01;3.2250000e+02;-1.8011746e-01;3.2250000e+02;-7.2280861e-02;3.2250000e+02;-3.9912835e-02;3.2250000e+02;1.6733954e-02;3.2250000e+02;8.1687979e-02;3.2250000e+02;1.5556861e-01;3.2250000e+02;2.1363960e-01;3.2250000e+02;2.5568026e-01;3.2250000e+02;2.8610894e-01;3.2250000e+02;2.7614221e-01;3.2250000e+02;2.2770052e-01;3.2250000e+02;1.4977154e-01;3.2250000e+02;8.6230949e-02;3.2250000e+02;3.4735397e-02;3.2250000e+02;-1.0657266e-02;3.2250000e+02;-5.3682394e-02;3.2250000e+02;-9.6565515e-02;3.2250000e+02;-1.3893887e-01;3.2250000e+02;-1.8011746e-01;3.2250000e+02;-7.2280861e-02;3.2250000e+02;-3.9912835e-02;3.2250000e+02;1.6733954e-02;3.2250000e+02;8.1687979e-02;3.2250000e+02;1.5556861e-01;3.2250000e+02;2.1363960e-01;3.2250000e+02;2.5568026e-01;3.2250000e+02;2.8610894e-01;3.2250000e+02;2.7614221e-01;3.2250000e+02;2.2770052e-01;3.2250000e+02;1.4977154e-01;3.2250000e+02;8.6230949e-02;3.2250000e+02;3.4735397e-02;3.2250000e+02;-1.0657266e-02;3.2250000e+02;-5.3682394e-02;3.2250000e+02;-9.6565515e-02;3.2250000e+02;-1.3893887e-01;3.2250000e+02;-1.8011746e-01;3.2250000e+02;-7.2280861e-02;3.2250000e+02;-3.9912835e-02;3.2250000e+02;1.6733954e-02;3.2250000e+02;8.1687979e-02;3.2250000e+02;1.5556861e-01;3.2250000e+02;2.1363960e-01;3.2250000e+02;2.5568026e-01;3.2250000e+02;2.8610894e-01;3.2250000e+02;2.7614221e-01;3.2250000e+02;2.2770052e-01;3.2250000e+02;1.4977154e-01;3.2250000e+02;8.6230949e-02;3.2250000e+02;3.4735397e-02;3.2250000e+02;-1.0657266e-02;3.2250000e+02;-5.3682394e-02;3.2250000e+02;-9.6565515e-02;3.2250000e+02;-1.3893887e-01;3.2250000e+02;-1.8011746e-01;3.2250000e+02;-7.2280861e-02;3.2250000e+02;-3.9912835e-02;3.2250000e+02;1.6733954e-02;3.2250000e+02;8.1687979e-02;3.2250000e+02;1.5556861e-01;3.2250000e+02;2.1363960e-01;3.2250000e+02;2.5568026e-01;3.2250000e+02;2.8610894e-01;3.2250000e+02;2.7614221e-01;3.2250000e+02;2.2770052e-01;3.2250000e+02;1.4977154e-01;3.2250000e+02;8.6230949e-02;3.2250000e+02;3.4735397e-02;3.2250000e+02;-1.0657266e-02;3.2250000e+02;-5.3682394e-02;3.2250000e+02;-9.6565515e-02;3.2250000e+02;-1.3893887e-01;3.2250000e+02;-1.8011746e-01;3.2250000e+02;-7.2280861e-02;3.2250000e+02;-3.9912835e-02;3.2250000e+02;1.6733954e-02;3.2250000e+02;8.1687979e-02;3.2250000e+02;1.5556861e-01;3.2250000e+02;2.1363960e-01;3.2250000e+02;2.5568026e-01;3.2250000e+02;2.8610894e-01;3.2250000e+02;2.7614221e-01;3.2250000e+02;2.2770052e-01;3.2250000e+02;1.4977154e-01;3.2250000e+02;8.6230949e-02;3.2250000e+02;3.4735397e-02;3.2250000e+02;-1.0657266e-02;3.2250000e+02;-5.3682394e-02;3.2250000e+02;-9.6565515e-02;3.2250000e+02;-1.3893887e-01;3.2250000e+02;-1.8011746e-01;3.2250000e+02;-7.2280861e-02;3.2250000e+02;-3.9912835e-02;3.2250000e+02;1.6733954e-02;3.2250000e+02;8.1687979e-02;3.2250000e+02;1.5556861e-01;3.2250000e+02;2.1363960e-01;3.2250000e+02;2.5568026e-01;3.2250000e+02;2.8610894e-01;3.2250000e+02;2.7614221e-01;3.2250000e+02;2.2770052e-01;3.2250000e+02;1.4977154e-01;3.2250000e+02;8.6230949e-02;3.2250000e+02;3.4735397e-02;3.2250000e+02;-1.0657266e-02;3.2250000e+02;-5.3682394e-02;3.2250000e+02;-9.6565515e-02;3.2250000e+02;-1.3893887e-01;3.2250000e+02;-1.8011746e-01;3.2250000e+02;-7.2280861e-02;3.2250000e+02;-3.9912835e-02;3.2250000e+02;1.6733954e-02;3.2250000e+02;8.1687979e-02;3.2250000e+02;1.5556861e-01;3.2250000e+02;2.1363960e-01;3.2250000e+02;2.5568026e-01;3.2250000e+02;2.8610894e-01;3.2250000e+02;2.7614221e-01;3.2250000e+02;2.2770052e-01;3.2250000e+02;1.4977154e-01;3.2250000e+02;8.6230949e-02;3.2250000e+02;3.4735397e-02;3.2250000e+02;-1.0657266e-02;3.2250000e+02;-5.3682394e-02;3.2250000e+02;-9.6565515e-02;3.2250000e+02;-1.3893887e-01;3.2250000e+02;-1.8011746e-01;3.2250000e+02;-7.2280861e-02;3.2250000e+02;-3.9912835e-02;3.2250000e+02;1.6733954e-02;3.2250000e+02;8.1687979e-02;3.2250000e+02;1.5556861e-01;3.2250000e+02;2.1363960e-01;3.2250000e+02;2.5568026e-01;3.2250000e+02;2.8610894e-01;3.2250000e+02;2.7614221e-01;3.2250000e+02;2.2770052e-01;3.2250000e+02;1.4977154e-01;3.2250000e+02;8.6230949e-02;3.2250000e+02;3.4735397e-02;3.2250000e+02;-1.0657266e-02;3.2250000e+02;-5.3682394e-02;3.2250000e+02;-9.6565515e-02;3.2250000e+02;-1.3893887e-01;3.2250000e+02;-1.8011746e-01;3.2250000e+02;-7.2280861e-02;3.2250000e+02;-3.9912835e-02;3.2250000e+02;1.6733954e-02;3.2250000e+02;8.1687979e-02;3.2250000e+02;1.5556861e-01;3.2250000e+02;2.1363960e-01;3.2250000e+02;2.5568026e-01;3.2250000e+02;2.8610894e-01;3.2250000e+02;2.7614221e-01;3.2250000e+02;2.2770052e-01;3.2250000e+02;1.4977154e-01;3.2250000e+02;8.6230949e-02;3.2250000e+02;3.4735397e-02;3.2250000e+02;-1.0657266e-02;3.2250000e+02;-5.3682394e-02;3.2250000e+02;-9.6565515e-02;3.2250000e+02;-1.3893887e-01;3.2250000e+02;-1.8011746e-01;3.2250000e+02;-7.2280861e-02;3.2250000e+02;-3.9912835e-02;3.2250000e+02;1.6733954e-02;3.2250000e+02;8.1687979e-02;3.2250000e+02;1.5556861e-01;3.2250000e+02;2.1363960e-01;3.2250000e+02;2.5568026e-01;3.2250000e+02;2.8610894e-01;3.2250000e+02;2.7614221e-01;3.2250000e+02;2.2770052e-01;3.2250000e+02;1.4977154e-01;3.2250000e+02;8.6230949e-02;3.2250000e+02;3.4735397e-02;3.2250000e+02;-1.0657266e-02;3.2250000e+02;-5.3682394e-02;3.2250000e+02;-9.6565515e-02;3.2250000e+02;-1.3893887e-01;3.2250000e+02;-1.8011746e-01;3.2250000e+02;-7.2280861e-02;3.2250000e+02;-3.9912835e-02;3.2250000e+02;1.6733954e-02;3.2250000e+02;8.1687979e-02;3.2250000e+02;1.5556861e-01;3.2250000e+02;2.1363960e-01;3.2250000e+02;2.5568026e-01;3.2250000e+02;2.8610894e-01;3.2250000e+02;2.7614221e-01;3.2250000e+02;2.2770052e-01;3.2250000e+02;1.4977154e-01;3.2250000e+02;8.6230949e-02;3.2250000e+02;3.4735397e-02;3.2250000e+02;-1.0657266e-02;3.2250000e+02;-5.3682394e-02;3.2250000e+02;-9.6565515e-02;3.2250000e+02;-1.3893887e-01;3.2250000e+02;-1.8011746e-01;3.2250000e+02;-7.2280861e-02;3.2250000e+02;-3.9912835e-02;3.2250000e+02;1.6733954e-02;3.2250000e+02;8.1687979e-02;3.2250000e+02;1.5556861e-01;3.2250000e+02;2.1363960e-01;3.2250000e+02;2.5568026e-01;3.2250000e+02;2.8610894e-01;3.2250000e+02;2.7614221e-01;3.2250000e+02;2.2770052e-01;3.2250000e+02;1.4977154e-01;3.2250000e+02;8.6230949e-02;3.2250000e+02;3.4735397e-02;3.2250000e+02;-1.0657266e-02;3.2250000e+02;-5.3682394e-02;3.2250000e+02;-9.6565515e-02;3.2250000e+02;-1.3893887e-01;3.2250000e+02;-1.8011746e-01;3.2250000e+02;-7.2280861e-02;3.2250000e+02;-3.9912835e-02;3.2250000e+02;1.6733954e-02;3.2250000e+02;8.1687979e-02;3.2250000e+02;1.5556861e-01;3.2250000e+02;2.1363960e-01;3.2250000e+02;2.5568026e-01;3.2250000e+02;2.8610894e-01;3.2250000e+02;2.7614221e-01;3.2250000e+02;2.2770052e-01;3.2250000e+02;1.4977154e-01;3.2250000e+02;8.6230949e-02;3.2250000e+02;3.4735397e-02;3.2250000e+02;-1.0657266e-02;3.2250000e+02;-5.3682394e-02;3.2250000e+02;-9.6565515e-02;3.2250000e+02;-1.3893887e-01;3.2250000e+02;-1.8011746e-01;3.2250000e+02;-7.2280861e-02;3.2250000e+02;-3.9912835e-02;3.2250000e+02;1.6733954e-02;3.2250000e+02;8.1687979e-02;3.2250000e+02;1.5556861e-01;3.2250000e+02;2.1363960e-01;3.2250000e+02;2.5568026e-01;3.2250000e+02;2.8610894e-01;3.2250000e+02;2.7614221e-01;3.2250000e+02;2.2770052e-01;3.2250000e+02;1.4977154e-01;3.2250000e+02;8.6230949e-02;3.2250000e+02;3.4735397e-02;3.2250000e+02;-1.0657266e-02;3.2250000e+02;-5.3682394e-02;3.2250000e+02;-9.6565515e-02;3.2250000e+02;-1.3893887e-01;3.2250000e+02;-1.8011746e-01;3.2250000e+02;-7.2280861e-02;3.2250000e+02;-3.9912835e-02;3.2250000e+02;1.6733954e-02;3.2250000e+02;8.1687979e-02;3.2250000e+02;1.5556861e-01;3.2250000e+02;2.1363960e-01;3.2250000e+02;2.5568026e-01;3.2250000e+02;2.8610894e-01;3.2250000e+02;2.7614221e-01;3.2250000e+02;2.2770052e-01;3.2250000e+02;1.4977154e-01;3.2250000e+02;8.6230949e-02;3.2250000e+02;3.4735397e-02;3.2250000e+02;-1.0657266e-02;3.2250000e+02;-5.3682394e-02;3.2250000e+02;-9.6565515e-02;3.2250000e+02;-1.3893887e-01;3.2250000e+02;-1.8011746e-01;3.2250000e+02;-7.2280861e-02;3.2250000e+02;-3.9912835e-02;3.2250000e+02;1.6733954e-02;3.2250000e+02;8.1687979e-02;3.2250000e+02;1.5556861e-01;3.2250000e+02;2.1363960e-01;3.2250000e+02;2.5568026e-01;3.2250000e+02;2.8610894e-01;3.2250000e+02;2.7614221e-01;3.2250000e+02;2.2770052e-01;3.2250000e+02;1.4977154e-01;3.2250000e+02;8.6230949e-02;3.2250000e+02;3.4735397e-02;3.2250000e+02;-1.0657266e-02;3.2250000e+02;-5.3682394e-02;3.2250000e+02;-9.6565515e-02;3.2250000e+02;-1.3893887e-01;3.2250000e+02;-1.8011746e-01;3.2250000e+02;-7.2280861e-02;3.2250000e+02;-3.9912835e-02;3.2250000e+02;1.6733954e-02;3.2250000e+02;8.1687979e-02;3.2250000e+02;1.5556861e-01;3.2250000e+02;2.1363960e-01;3.2250000e+02;2.5568026e-01;3.2250000e+02;2.8610894e-01;3.2250000e+02;2.7614221e-01;3.2250000e+02;2.2770052e-01;3.2250000e+02;1.4977154e-01;3.2250000e+02;8.6230949e-02;3.2250000e+02;3.4735397e-02;3.2250000e+02;-1.0657266e-02;3.2250000e+02;-5.3682394e-02;3.2250000e+02;-9.6565515e-02;3.2250000e+02;-1.3893887e-01;3.2250000e+02;-1.8011746e-01;3.2250000e+02;-7.2280861e-02;3.2250000e+02;-3.9912835e-02;3.2250000e+02;1.6733954e-02;3.2250000e+02;8.1687979e-02;3.2250000e+02;1.5556861e-01;3.2250000e+02;2.1363960e-01;3.2250000e+02;2.5568026e-01;3.2250000e+02;2.8610894e-01;3.2250000e+02;2.7614221e-01;3.2250000e+02;2.2770052e-01;3.2250000e+02;1.4977154e-01;3.2250000e+02;8.6230949e-02;3.2250000e+02;3.4735397e-02;3.2250000e+02;-1.0657266e-02;3.2250000e+02;-5.3682394e-02;3.2250000e+02;-9.6565515e-02;3.2250000e+02;-1.3893887e-01;3.2250000e+02;-1.8011746e-01;3.2250000e+02;-7.2280861e-02;3.2250000e+02;-3.9912835e-02;3.2250000e+02;1.6733954e-02;3.2250000e+02;8.1687979e-02;3.2250000e+02;1.5556861e-01;3.2250000e+02;2.1363960e-01;3.2250000e+02;2.5568026e-01;3.2250000e+02;2.8610894e-01;3.2250000e+02;2.7614221e-01;3.2250000e+02;2.2770052e-01;3.2250000e+02;1.4977154e-01;3.2250000e+02;8.6230949e-02;3.2250000e+02;3.4735397e-02;3.2250000e+02;-1.0657266e-02;3.2250000e+02;-5.3682394e-02;3.2250000e+02;-9.6565515e-02;3.2250000e+02;-1.3893887e-01;3.2250000e+02;-1.8011746e-01;3.2250000e+02;-7.2280861e-02;3.2250000e+02;-3.9912835e-02;3.2250000e+02;1.6733954e-02;3.2250000e+02;8.1687979e-02;3.2250000e+02;1.5556861e-01;3.2250000e+02;2.1363960e-01;3.2250000e+02;2.5568026e-01;3.2250000e+02;2.8610894e-01;3.2250000e+02;2.7614221e-01;3.2250000e+02;2.2770052e-01;3.2250000e+02;1.4977154e-01;3.2250000e+02;8.6230949e-02;3.2250000e+02;3.4735397e-02;3.2250000e+02;-1.0657266e-02;3.2250000e+02;-5.3682394e-02;3.2250000e+02;-9.6565515e-02;3.2250000e+02;-1.3893887e-01;3.2250000e+02;-1.8011746e-01;3.2250000e+02;-7.2280861e-02;3.2250000e+02;-3.9912835e-02;3.2250000e+02;1.6733954e-02;3.2250000e+02;8.1687979e-02;3.2250000e+02;1.5556861e-01;3.2250000e+02;2.1363960e-01;3.2250000e+02;2.5568026e-01;3.2250000e+02;2.8610894e-01;3.2250000e+02;2.7614221e-01;3.2250000e+02;2.2770052e-01;3.2250000e+02;1.4977154e-01;3.2250000e+02;8.6230949e-02;3.2250000e+02;3.4735397e-02;3.2250000e+02;-1.0657266e-02;3.2250000e+02;-5.3682394e-02;3.2250000e+02;-9.6565515e-02;3.2250000e+02;-1.3893887e-01;3.2250000e+02;-1.8011746e-01;3.2250000e+02;-7.2280861e-02;3.2250000e+02;-3.9912835e-02;3.2250000e+02;1.6733954e-02;3.2250000e+02;8.1687979e-02;3.2250000e+02;1.5556861e-01;3.2250000e+02;2.1363960e-01;3.2250000e+02;2.5568026e-01;3.2250000e+02;2.8610894e-01;3.2250000e+02;2.7614221e-01;3.2250000e+02;2.2770052e-01;3.2250000e+02;1.4977154e-01;3.2250000e+02;8.6230949e-02;3.2250000e+02;3.4735397e-02;3.2250000e+02;-1.0657266e-02;3.2250000e+02;-5.3682394e-02;3.2250000e+02;-9.6565515e-02;3.2250000e+02;-1.3893887e-01;3.2250000e+02;-1.8011746e-01;3.2250000e+02;-7.2280861e-02;3.2250000e+02;-3.9912835e-02;3.2250000e+02;1.6733954e-02;3.2250000e+02;8.1687979e-02;3.2250000e+02;1.5556861e-01;3.2250000e+02;2.1363960e-01;3.2250000e+02;2.5568026e-01;3.2250000e+02;2.8610894e-01;3.2250000e+02;2.7614221e-01;3.2250000e+02;2.2770052e-01;3.2250000e+02;1.4977154e-01;3.2250000e+02;8.6230949e-02;3.2250000e+02;3.4735397e-02;3.2250000e+02;-1.0657266e-02;3.2250000e+02;-5.3682394e-02;3.2250000e+02;-9.6565515e-02;3.2250000e+02;-1.3893887e-01;3.2250000e+02;-1.8011746e-01;3.2250000e+02;-7.2280861e-02;3.2250000e+02;-3.9912835e-02;3.2250000e+02;1.6733954e-02;3.2250000e+02;8.1687979e-02;3.2250000e+02;1.5556861e-01;3.2250000e+02;2.1363960e-01;3.2250000e+02;2.5568026e-01;3.2250000e+02;2.8610894e-01;3.2250000e+02;2.7614221e-01;3.2250000e+02;2.2770052e-01;3.2250000e+02;1.4977154e-01;3.2250000e+02;8.6230949e-02;3.2250000e+02;3.4735397e-02;3.2250000e+02;-1.0657266e-02;3.2250000e+02;-5.3682394e-02;3.2250000e+02;-9.6565515e-02;3.2250000e+02;-1.3893887e-01;3.2250000e+02;-1.8011746e-01;3.2250000e+02;-7.2280861e-02;3.2250000e+02;-3.9912835e-02;3.2250000e+02;1.6733954e-02;3.2250000e+02;8.1687979e-02;3.2250000e+02;1.5556861e-01;3.2250000e+02;2.1363960e-01;3.2250000e+02;2.5568026e-01;3.2250000e+02;2.8610894e-01;3.2250000e+02;2.7614221e-01;3.2250000e+02;2.2770052e-01;3.2250000e+02;1.4977154e-01;3.2250000e+02;8.6230949e-02;3.2250000e+02;3.4735397e-02;3.2250000e+02;-1.0657266e-02;3.2250000e+02;-5.3682394e-02;3.2250000e+02;-9.6565515e-02;3.2250000e+02;-1.3893887e-01;3.2250000e+02;-1.8011746e-01;3.2250000e+02;-7.2280861e-02;3.2250000e+02;-3.9912835e-02;3.2250000e+02;1.6733954e-02;3.2250000e+02;8.1687979e-02;3.2250000e+02;1.5556861e-01;3.2250000e+02;2.1363960e-01;3.2250000e+02;2.5568026e-01;3.2250000e+02;2.8610894e-01;3.2250000e+02;2.7614221e-01;3.2250000e+02;2.2770052e-01;3.2250000e+02;1.4977154e-01;3.2250000e+02;8.6230949e-02;3.2250000e+02;3.4735397e-02;3.2250000e+02;-1.0657266e-02;3.2250000e+02;-5.3682394e-02;3.2250000e+02;-9.6565515e-02;3.2250000e+02;-1.3893887e-01;3.2250000e+02;-1.8011746e-01;3.2250000e+02;-7.2280861e-02;3.2250000e+02;-3.9912835e-02;3.2250000e+02;1.6733954e-02;3.2250000e+02;8.1687979e-02;3.2250000e+02;1.5556861e-01;3.2250000e+02;2.1363960e-01;3.2250000e+02;2.5568026e-01;3.2250000e+02;2.8610894e-01;3.2250000e+02;2.7614221e-01;3.2250000e+02;2.2770052e-01;3.2250000e+02;1.4977154e-01;3.2250000e+02;8.6230949e-02;3.2250000e+02;3.4735397e-02;3.2250000e+02;-1.0657266e-02;3.2250000e+02;-5.3682394e-02;3.2250000e+02;-9.6565515e-02;3.2250000e+02;-1.3893887e-01;3.2250000e+02;-1.8011746e-01;3.2250000e+02;-7.2280861e-02;3.2250000e+02;-3.9912835e-02;3.2250000e+02;1.6733954e-02;3.2250000e+02;8.1687979e-02;3.2250000e+02;1.5556861e-01;3.2250000e+02;2.1363960e-01;3.2250000e+02;2.5568026e-01;3.2250000e+02;2.8610894e-01;3.2250000e+02;2.7614221e-01;3.2250000e+02;2.2770052e-01;3.2250000e+02;1.4977154e-01;3.2250000e+02;8.6230949e-02;3.2250000e+02;3.4735397e-02;3.2250000e+02;-1.0657266e-02;3.2250000e+02;-5.3682394e-02;3.2250000e+02;-9.6565515e-02;3.2250000e+02;-1.3893887e-01;3.2250000e+02;-1.8011746e-01;3.2250000e+02;-7.2280861e-02;3.2250000e+02;-3.9912835e-02;3.2250000e+02;1.6733954e-02;3.2250000e+02;8.1687979e-02;3.2250000e+02;1.5556861e-01;3.2250000e+02;2.1363960e-01;3.2250000e+02;2.5568026e-01;3.2250000e+02;2.8610894e-01;3.2250000e+02;2.7614221e-01;3.2250000e+02;2.2770052e-01;3.2250000e+02;1.4977154e-01;3.2250000e+02;8.6230949e-02;3.2250000e+02;3.4735397e-02;3.2250000e+02;-1.0657266e-02;3.2250000e+02;-5.3682394e-02;3.2250000e+02;-9.6565515e-02;3.2250000e+02;-1.3893887e-01;3.2250000e+02;-1.8011746e-01;3.2250000e+02;-7.2280861e-02;3.2250000e+02;-3.9912835e-02;3.2250000e+02;1.6733954e-02;3.2250000e+02;8.1687979e-02;3.2250000e+02;1.5556861e-01;3.2250000e+02;2.1363960e-01;3.2250000e+02;2.5568026e-01;3.2250000e+02;2.8610894e-01;3.2250000e+02;2.7614221e-01;3.2250000e+02;2.2770052e-01;3.2250000e+02;1.4977154e-01;3.2250000e+02;8.6230949e-02;3.2250000e+02;3.4735397e-02;3.2250000e+02;-1.0657266e-02;3.2250000e+02;-5.3682394e-02;3.2250000e+02;-9.6565515e-02;3.2250000e+02;-1.3893887e-01;3.2250000e+02;-1.8011746e-01;3.2250000e+02;-7.2280861e-02;3.2250000e+02;-3.9912835e-02;3.2250000e+02;1.6733954e-02;3.2250000e+02;8.1687979e-02;3.2250000e+02;1.5556861e-01;3.2250000e+02;2.1363960e-01;3.2250000e+02;2.5568026e-01;3.2250000e+02;2.8610894e-01;3.2250000e+02;2.7614221e-01;3.2250000e+02;2.2770052e-01;3.2250000e+02;1.4977154e-01;3.2250000e+02;8.6230949e-02;3.2250000e+02;3.4735397e-02;3.2250000e+02;-1.0657266e-02;3.2250000e+02;-5.3682394e-02;3.2250000e+02;-9.6565515e-02;3.2250000e+02;-1.3893887e-01;3.2250000e+02;-1.8011746e-01;3.2250000e+02;-7.2280861e-02;3.2250000e+02;-3.9912835e-02;3.2250000e+02;1.6733954e-02;3.2250000e+02;8.1687979e-02;3.2250000e+02;1.5556861e-01;3.2250000e+02;2.1363960e-01;3.2250000e+02;2.5568026e-01;3.2250000e+02;2.8610894e-01;3.2250000e+02;2.7614221e-01;3.2250000e+02;2.2770052e-01;3.2250000e+02;1.4977154e-01;3.2250000e+02;8.6230949e-02;3.2250000e+02;3.4735397e-02;3.2250000e+02;-1.0657266e-02;3.2250000e+02;-5.3682394e-02;3.2250000e+02;-9.6565515e-02;3.2250000e+02;-1.3893887e-01;3.2250000e+02;-1.8011746e-01;3.2250000e+02;-7.2280861e-02;3.2250000e+02;-3.9912835e-02;3.2250000e+02;1.6733954e-02;3.2250000e+02;8.1687979e-02;3.2250000e+02;1.5556861e-01;3.2250000e+02;2.1363960e-01;3.2250000e+02;2.5568026e-01;3.2250000e+02;2.8610894e-01;3.2250000e+02;2.7614221e-01;3.2250000e+02;2.2770052e-01;3.2250000e+02;1.4977154e-01;3.2250000e+02;8.6230949e-02;3.2250000e+02;3.4735397e-02;3.2250000e+02;-1.0657266e-02;3.2250000e+02;-5.3682394e-02;3.2250000e+02;-9.6565515e-02;3.2250000e+02;-1.3893887e-01;3.2250000e+02;-1.8011746e-01;3.2250000e+02;-7.2280861e-02;3.2250000e+02;-3.9912835e-02;3.2250000e+02;1.6733954e-02;3.2250000e+02;8.1687979e-02;3.2250000e+02;1.5556861e-01;3.2250000e+02;2.1363960e-01;3.2250000e+02;2.5568026e-01;3.2250000e+02;2.8610894e-01;3.2250000e+02;2.7614221e-01;3.2250000e+02;2.2770052e-01;3.2250000e+02;1.4977154e-01;3.2250000e+02;8.6230949e-02;3.2250000e+02;3.4735397e-02;3.2250000e+02;-1.0657266e-02;3.2250000e+02;-5.3682394e-02;3.2250000e+02;-9.6565515e-02;3.2250000e+02;-1.3893887e-01;3.2250000e+02;-1.8011746e-01;3.2250000e+02;-7.2280861e-02;3.2250000e+02;-3.9912835e-02;3.2250000e+02;1.6733954e-02;3.2250000e+02;8.1687979e-02;3.2250000e+02;1.5556861e-01;3.2250000e+02;2.1363960e-01;3.2250000e+02;2.5568026e-01;3.2250000e+02;2.8610894e-01;3.2250000e+02;2.7614221e-01;3.2250000e+02;2.2770052e-01;3.2250000e+02;1.4977154e-01;3.2250000e+02;8.6230949e-02;3.2250000e+02;3.4735397e-02;3.2250000e+02;-1.0657266e-02;3.2250000e+02;-5.3682394e-02;3.2250000e+02;-9.6565515e-02;3.2250000e+02;-1.3893887e-01;3.2250000e+02;-1.8011746e-01;3.2250000e+02;-7.2280861e-02;3.2250000e+02;-3.9912835e-02;3.2250000e+02;1.6733954e-02;3.2250000e+02;8.1687979e-02;3.2250000e+02;1.5556861e-01;3.2250000e+02;2.1363960e-01;3.2250000e+02;2.5568026e-01;3.2250000e+02;2.8610894e-01;3.2250000e+02;2.7614221e-01;3.2250000e+02;2.2770052e-01;3.2250000e+02;1.4977154e-01;3.2250000e+02;8.6230949e-02;3.2250000e+02;3.4735397e-02;3.2250000e+02;-1.0657266e-02;3.2250000e+02;-5.3682394e-02;3.2250000e+02;-9.6565515e-02;3.2250000e+02;-1.3893887e-01;3.2250000e+02;-1.8011746e-01;3.2250000e+02;-7.2280861e-02;3.2250000e+02;-3.9912835e-02;3.2250000e+02;1.6733954e-02;3.2250000e+02;8.1687979e-02;3.2250000e+02;1.5556861e-01;3.2250000e+02;2.1363960e-01;3.2250000e+02;2.5568026e-01;3.2250000e+02;2.8610894e-01;3.2250000e+02;2.7614221e-01;3.2250000e+02;2.2770052e-01;3.2250000e+02;1.4977154e-01;3.2250000e+02;8.6230949e-02;3.2250000e+02;3.4735397e-02;3.2250000e+02;-1.0657266e-02;3.2250000e+02;-5.3682394e-02;3.2250000e+02;-9.6565515e-02;3.2250000e+02;-1.3893887e-01;3.2250000e+02;-1.8011746e-01;3.2250000e+02;-7.2280861e-02;3.2250000e+02;-3.9912835e-02;3.2250000e+02;1.6733954e-02;3.2250000e+02;8.1687979e-02;3.2250000e+02;1.5556861e-01;3.2250000e+02;2.1363960e-01;3.2250000e+02;2.5568026e-01;3.2250000e+02;2.8610894e-01;3.2250000e+02;2.7614221e-01;3.2250000e+02;2.2770052e-01;3.2250000e+02;1.4977154e-01;3.2250000e+02;8.6230949e-02;3.2250000e+02;3.4735397e-02;3.2250000e+02;-1.0657266e-02;3.2250000e+02;-5.3682394e-02;3.2250000e+02;-9.6565515e-02;3.2250000e+02;-1.3893887e-01;3.2250000e+02;-1.8011746e-01;3.2250000e+02;-7.2280861e-02;3.2250000e+02;-3.9912835e-02;3.2250000e+02;1.6733954e-02;3.2250000e+02;8.1687979e-02;3.2250000e+02;1.5556861e-01;3.2250000e+02;2.1363960e-01;3.2250000e+02;2.5568026e-01;3.2250000e+02;2.8610894e-01;3.2250000e+02;2.7614221e-01;3.2250000e+02;2.2770052e-01;3.2250000e+02;1.4977154e-01;3.2250000e+02;8.6230949e-02;3.2250000e+02;3.4735397e-02;3.2250000e+02;-1.0657266e-02;3.2250000e+02;-5.3682394e-02;3.2250000e+02;-9.6565515e-02;3.2250000e+02;-1.3893887e-01;3.2250000e+02;-1.8011746e-01;3.2250000e+02;-7.2280861e-02;3.2250000e+02;-3.9912835e-02;3.2250000e+02;1.6733954e-02;3.2250000e+02;8.1687979e-02;3.2250000e+02;1.5556861e-01;3.2250000e+02;2.1363960e-01;3.2250000e+02;2.5568026e-01;3.2250000e+02;2.8610894e-01;3.2250000e+02;2.7614221e-01;3.2250000e+02;2.2770052e-01;3.2250000e+02;1.4977154e-01;3.2250000e+02;8.6230949e-02;3.2250000e+02;3.4735397e-02;3.2250000e+02;-1.0657266e-02;3.2250000e+02;-5.3682394e-02;3.2250000e+02;-9.6565515e-02;3.2250000e+02;-1.3893887e-01;3.2250000e+02;-1.8011746e-01;3.2250000e+02;-7.2280861e-02;3.2250000e+02;-3.9912835e-02;3.2250000e+02;1.6733954e-02;3.2250000e+02;8.1687979e-02;3.2250000e+02;1.5556861e-01;3.2250000e+02;2.1363960e-01;3.2250000e+02;2.5568026e-01;3.2250000e+02;2.8610894e-01;3.2250000e+02;2.7614221e-01;3.2250000e+02;2.2770052e-01;3.2250000e+02;1.4977154e-01;3.2250000e+02;8.6230949e-02;3.2250000e+02;3.4735397e-02;3.2250000e+02;-1.0657266e-02;3.2250000e+02;-5.3682394e-02;3.2250000e+02;-9.6565515e-02;3.2250000e+02;-1.3893887e-01;3.2250000e+02;-1.8011746e-01;3.2250000e+02;-7.2280861e-02;3.2250000e+02;-3.9912835e-02;3.2250000e+02;1.6733954e-02;3.2250000e+02;8.1687979e-02;3.2250000e+02;1.5556861e-01;3.2250000e+02;2.1363960e-01;3.2250000e+02;2.5568026e-01;3.2250000e+02;2.8610894e-01;3.2250000e+02;2.7614221e-01;3.2250000e+02;2.2770052e-01;3.2250000e+02;1.4977154e-01;3.2250000e+02;8.6230949e-02;3.2250000e+02;3.4735397e-02;3.2250000e+02;-1.0657266e-02;3.2250000e+02;-5.3682394e-02;3.2250000e+02;-9.6565515e-02;3.2250000e+02;-1.3893887e-01;3.2250000e+02;-1.8011746e-01;3.2250000e+02;-7.2280861e-02;3.2250000e+02;-3.9912835e-02;3.2250000e+02;1.6733954e-02;3.2250000e+02;8.1687979e-02;3.2250000e+02;1.5556861e-01;3.2250000e+02;2.1363960e-01;3.2250000e+02;2.5568026e-01;3.2250000e+02;2.8610894e-01;3.2250000e+02;2.7614221e-01;3.2250000e+02;2.2770052e-01;3.2250000e+02;1.4977154e-01;3.2250000e+02;8.6230949e-02;3.2250000e+02;3.4735397e-02;3.2250000e+02;-1.0657266e-02;3.2250000e+02;-5.3682394e-02;3.2250000e+02;-9.6565515e-02;3.2250000e+02;-1.3893887e-01;3.2250000e+02;-1.8011746e-01;3.2250000e+02;-7.2280861e-02;3.2250000e+02;-3.9912835e-02;3.2250000e+02;1.6733954e-02;3.2250000e+02;8.1687979e-02;3.2250000e+02;1.5556861e-01;3.2250000e+02;2.1363960e-01;3.2250000e+02;2.5568026e-01;3.2250000e+02;2.8610894e-01;3.2250000e+02;2.7614221e-01;3.2250000e+02;2.2770052e-01;3.2250000e+02;1.4977154e-01;3.2250000e+02;8.6230949e-02;3.2250000e+02;3.4735397e-02;3.2250000e+02;-1.0657266e-02;3.2250000e+02;-5.3682394e-02;3.2250000e+02;-9.6565515e-02;3.2250000e+02;-1.3893887e-01;3.2250000e+02;-1.8011746e-01;3.2250000e+02;-7.2280861e-02;3.2250000e+02;-3.9912835e-02;3.2250000e+02;1.6733954e-02;3.2250000e+02;8.1687979e-02;3.2250000e+02;1.5556861e-01;3.2250000e+02;2.1363960e-01;3.2250000e+02;2.5568026e-01;3.2250000e+02;2.8610894e-01;3.2250000e+02;2.7614221e-01;3.2250000e+02;2.2770052e-01;3.2250000e+02;1.4977154e-01;3.2250000e+02;8.6230949e-02;3.2250000e+02;3.4735397e-02;3.2250000e+02;-1.0657266e-02;3.2250000e+02;-5.3682394e-02;3.2250000e+02;-9.6565515e-02;3.2250000e+02;-1.3893887e-01;3.2250000e+02;-1.8011746e-01;3.2250000e+02;-7.2280861e-02;3.2250000e+02;-3.9912835e-02;3.2250000e+02;1.6733954e-02;3.2250000e+02;8.1687979e-02;3.2250000e+02;1.5556861e-01;3.2250000e+02;2.1363960e-01;3.2250000e+02;2.5568026e-01;3.2250000e+02;2.8610894e-01;3.2250000e+02;2.7614221e-01;3.2250000e+02;2.2770052e-01;3.2250000e+02;1.4977154e-01;3.2250000e+02;8.6230949e-02;3.2250000e+02;3.4735397e-02;3.2250000e+02;-1.0657266e-02;3.2250000e+02;-5.3682394e-02;3.2250000e+02;-9.6565515e-02;3.2250000e+02;-1.3893887e-01;3.2250000e+02;-1.8011746e-01;3.2250000e+02;-7.2280861e-02;3.2250000e+02;-3.9912835e-02;3.2250000e+02;1.6733954e-02;3.2250000e+02;8.1687979e-02;3.2250000e+02;1.5556861e-01;3.2250000e+02;2.1363960e-01;3.2250000e+02;2.5568026e-01;3.2250000e+02;2.8610894e-01;3.2250000e+02;2.7614221e-01;3.2250000e+02;2.2770052e-01;3.2250000e+02;1.4977154e-01;3.2250000e+02;8.6230949e-02;3.2250000e+02;3.4735397e-02;3.2250000e+02;-1.0657266e-02;3.2250000e+02;-5.3682394e-02;3.2250000e+02;-9.6565515e-02;3.2250000e+02;-1.3893887e-01;3.2250000e+02;-1.8011746e-01;3.2250000e+02;-7.2280861e-02;3.2250000e+02;-3.9912835e-02;3.2250000e+02;1.6733954e-02;3.2250000e+02;8.1687979e-02;3.2250000e+02;1.5556861e-01;3.2250000e+02;2.1363960e-01;3.2250000e+02;2.5568026e-01;3.2250000e+02;2.8610894e-01;3.2250000e+02;2.7614221e-01;3.2250000e+02;2.2770052e-01;3.2250000e+02;1.4977154e-01;3.2250000e+02;8.6230949e-02;3.2250000e+02;3.4735397e-02;3.2250000e+02;-1.0657266e-02;3.2250000e+02;-5.3682394e-02;3.2250000e+02;-9.6565515e-02;3.2250000e+02;-1.3893887e-01;3.2250000e+02;-1.8011746e-01;3.2250000e+02;-7.2280861e-02;3.2250000e+02;-3.9912835e-02;3.2250000e+02;1.6733954e-02;3.2250000e+02;8.1687979e-02;3.2250000e+02;1.5556861e-01;3.2250000e+02;2.1363960e-01;3.2250000e+02;2.5568026e-01;3.2250000e+02;2.8610894e-01;3.2250000e+02;2.7614221e-01;3.2250000e+02;2.2770052e-01;3.2250000e+02;1.4977154e-01;3.2250000e+02;8.6230949e-02;3.2250000e+02;3.4735397e-02;3.2250000e+02;-1.0657266e-02;3.2250000e+02;-5.3682394e-02;3.2250000e+02;-9.6565515e-02;3.2250000e+02;-1.3893887e-01;3.2250000e+02;-1.8011746e-01;3.2250000e+02;-7.2280861e-02;3.2250000e+02;-3.9912835e-02;3.2250000e+02;1.6733954e-02;3.2250000e+02;8.1687979e-02;3.2250000e+02;1.5556861e-01;3.2250000e+02;2.1363960e-01;3.2250000e+02;2.5568026e-01;3.2250000e+02;2.8610894e-01;3.2250000e+02;2.7614221e-01;3.2250000e+02;2.2770052e-01;3.2250000e+02;1.4977154e-01;3.2250000e+02;8.6230949e-02;3.2250000e+02;3.4735397e-02;3.2250000e+02;-1.0657266e-02;3.2250000e+02;-5.3682394e-02;3.2250000e+02;-9.6565515e-02;3.2250000e+02;-1.3893887e-01;3.2250000e+02;-1.8011746e-01;3.2250000e+02;-7.2280861e-02;3.2250000e+02;-3.9912835e-02;3.2250000e+02;1.6733954e-02;3.2250000e+02;8.1687979e-02;3.2250000e+02;1.5556861e-01;3.2250000e+02;2.1363960e-01;3.2250000e+02;2.5568026e-01;3.2250000e+02;2.8610894e-01;3.2250000e+02;2.7614221e-01;3.2250000e+02;2.2770052e-01;3.2250000e+02;1.4977154e-01;3.2250000e+02;8.6230949e-02;3.2250000e+02;3.4735397e-02;3.2250000e+02;-1.0657266e-02;3.2250000e+02;-5.3682394e-02;3.2250000e+02;-9.6565515e-02;3.2250000e+02;-1.3893887e-01;3.2250000e+02;-1.8011746e-01;3.2250000e+02;-7.2280861e-02;3.2250000e+02;-3.9912835e-02;3.2250000e+02;1.6733954e-02;3.2250000e+02;8.1687979e-02;3.2250000e+02;1.5556861e-01;3.2250000e+02;2.1363960e-01;3.2250000e+02;2.5568026e-01;3.2250000e+02;2.8610894e-01;3.2250000e+02;2.7614221e-01;3.2250000e+02;2.2770052e-01;3.2250000e+02;1.4977154e-01;3.2250000e+02;8.6230949e-02;3.2250000e+02;3.4735397e-02;3.2250000e+02;-1.0657266e-02;3.2250000e+02;-5.3682394e-02;3.2250000e+02;-9.6565515e-02;3.2250000e+02;-1.3893887e-01;3.2250000e+02;-1.8011746e-01;3.2250000e+02;-7.2280861e-02;3.2250000e+02;-3.9912835e-02;3.2250000e+02;1.6733954e-02;3.2250000e+02;8.1687979e-02;3.2250000e+02;1.5556861e-01;3.2250000e+02;2.1363960e-01;3.2250000e+02;2.5568026e-01;3.2250000e+02;2.8610894e-01;3.2250000e+02;2.7614221e-01;3.2250000e+02;2.2770052e-01;3.2250000e+02;1.4977154e-01;3.2250000e+02;8.6230949e-02;3.2250000e+02;3.4735397e-02;3.2250000e+02;-1.0657266e-02;3.2250000e+02;-5.3682394e-02;3.2250000e+02;-9.6565515e-02;3.2250000e+02;-1.3893887e-01;3.2250000e+02;-1.8011746e-01;3.2250000e+02;-7.2280861e-02;3.2250000e+02;-3.9912835e-02;3.2250000e+02;1.6733954e-02;3.2250000e+02;8.1687979e-02;3.2250000e+02;1.5556861e-01;3.2250000e+02;2.1363960e-01;3.2250000e+02;2.5568026e-01;3.2250000e+02;2.8610894e-01;3.2250000e+02;2.7614221e-01;3.2250000e+02;2.2770052e-01;3.2250000e+02;1.4977154e-01;3.2250000e+02;8.6230949e-02;3.2250000e+02;3.4735397e-02;3.2250000e+02;-1.0657266e-02;3.2250000e+02;-5.3682394e-02;3.2250000e+02;-9.6565515e-02;3.2250000e+02;-1.3893887e-01;3.2250000e+02;-1.8011746e-01;3.2250000e+02;-7.2280861e-02;3.2250000e+02;-3.9912835e-02;3.2250000e+02;1.6733954e-02;3.2250000e+02;8.1687979e-02;3.2250000e+02;1.5556861e-01;3.2250000e+02;2.1363960e-01;3.2250000e+02;2.5568026e-01;3.2250000e+02;2.8610894e-01;3.2250000e+02;2.7614221e-01;3.2250000e+02;2.2770052e-01;3.2250000e+02;1.4977154e-01;3.2250000e+02;8.6230949e-02;3.2250000e+02;3.4735397e-02;3.2250000e+02;-1.0657266e-02;3.2250000e+02;-5.3682394e-02;3.2250000e+02;-9.6565515e-02;3.2250000e+02;-1.3893887e-01;3.2250000e+02;-1.8011746e-01;3.2250000e+02;-7.2280861e-02;3.2250000e+02;-3.9912835e-02;3.2250000e+02;1.6733954e-02;3.2250000e+02;8.1687979e-02;3.2250000e+02;1.5556861e-01;3.2250000e+02;2.1363960e-01;3.2250000e+02;2.5568026e-01;3.2250000e+02;2.8610894e-01;3.2250000e+02;2.7614221e-01;3.2250000e+02;2.2770052e-01;3.2250000e+02;1.4977154e-01;3.2250000e+02;8.6230949e-02;3.2250000e+02;3.4735397e-02;3.2250000e+02;-1.0657266e-02;3.2250000e+02;-5.3682394e-02;3.2250000e+02;-9.6565515e-02;3.2250000e+02;-1.3893887e-01;3.2250000e+02;-1.8011746e-01;3.2250000e+02;-7.2280861e-02;3.2250000e+02;-3.9912835e-02;3.2250000e+02;1.6733954e-02;3.2250000e+02;8.1687979e-02;3.2250000e+02;1.5556861e-01;3.2250000e+02;2.1363960e-01;3.2250000e+02;2.5568026e-01;3.2250000e+02;2.8610894e-01;3.2250000e+02;2.7614221e-01;3.2250000e+02;2.2770052e-01;3.2250000e+02;1.4977154e-01;3.2250000e+02;8.6230949e-02;3.2250000e+02;3.4735397e-02;3.2250000e+02;-1.0657266e-02;3.2250000e+02;-5.3682394e-02;3.2250000e+02;-9.6565515e-02;3.2250000e+02;-1.3893887e-01;3.2250000e+02;-1.8011746e-01;3.2250000e+02;-7.2280861e-02;3.2250000e+02;-3.9912835e-02;3.2250000e+02;1.6733954e-02;3.2250000e+02;8.1687979e-02;3.2250000e+02;1.5556861e-01;3.2250000e+02;2.1363960e-01;3.2250000e+02;2.5568026e-01;3.2250000e+02;2.8610894e-01;3.2250000e+02;2.7614221e-01;3.2250000e+02;2.2770052e-01;3.2250000e+02;1.4977154e-01;3.2250000e+02;8.6230949e-02;3.2250000e+02;3.4735397e-02;3.2250000e+02;-1.0657266e-02;3.2250000e+02;-5.3682394e-02;3.2250000e+02;-9.6565515e-02;3.2250000e+02;-1.3893887e-01;3.2250000e+02;-1.8011746e-01;3.2250000e+02;-7.2280861e-02;3.2250000e+02;-3.9912835e-02;3.2250000e+02;1.6733954e-02;3.2250000e+02;8.1687979e-02;3.2250000e+02;1.5556861e-01;3.2250000e+02;2.1363960e-01;3.2250000e+02;2.5568026e-01;3.2250000e+02;2.8610894e-01;3.2250000e+02;2.7614221e-01;3.2250000e+02;2.2770052e-01;3.2250000e+02;1.4977154e-01;3.2250000e+02;8.6230949e-02;3.2250000e+02;3.4735397e-02;3.2250000e+02;-1.0657266e-02;3.2250000e+02;-5.3682394e-02;3.2250000e+02;-9.6565515e-02;3.2250000e+02;-1.3893887e-01;3.2250000e+02;-1.8011746e-01;3.2250000e+02;-7.2280861e-02;3.2250000e+02;-3.9912835e-02;3.2250000e+02;1.6733954e-02;3.2250000e+02;8.1687979e-02;3.2250000e+02;1.5556861e-01;3.2250000e+02;2.1363960e-01;3.2250000e+02;2.5568026e-01;3.2250000e+02;2.8610894e-01;3.2250000e+02;2.7614221e-01;3.2250000e+02;2.2770052e-01;3.2250000e+02;1.4977154e-01;3.2250000e+02;8.6230949e-02;3.2250000e+02;3.4735397e-02;3.2250000e+02;-1.0657266e-02;3.2250000e+02;-5.3682394e-02;3.2250000e+02;-9.6565515e-02;3.2250000e+02;-1.3893887e-01;3.2250000e+02;-1.8011746e-01;3.2250000e+02;-7.2280861e-02;3.2250000e+02;-3.9912835e-02;3.2250000e+02;1.6733954e-02;3.2250000e+02;8.1687979e-02;3.2250000e+02;1.5556861e-01;3.2250000e+02;2.1363960e-01;3.2250000e+02;2.5568026e-01;3.2250000e+02;2.8610894e-01;3.2250000e+02;2.7614221e-01;3.2250000e+02;2.2770052e-01;3.2250000e+02;1.4977154e-01;3.2250000e+02;8.6230949e-02;3.2250000e+02;3.4735397e-02;3.2250000e+02;-1.0657266e-02;3.2250000e+02;-5.3682394e-02;3.2250000e+02;-9.6565515e-02;3.2250000e+02;-1.3893887e-01;3.2250000e+02;-1.8011746e-01;3.2250000e+02;-7.2280861e-02;3.2250000e+02;-3.9912835e-02;3.2250000e+02;1.6733954e-02;3.2250000e+02;8.1687979e-02;3.2250000e+02;1.5556861e-01;3.2250000e+02;2.1363960e-01;3.2250000e+02;2.5568026e-01;3.2250000e+02;2.8610894e-01;3.2250000e+02;2.7614221e-01;3.2250000e+02;2.2770052e-01;3.2250000e+02;1.4977154e-01;3.2250000e+02;8.6230949e-02;3.2250000e+02;3.4735397e-02;3.2250000e+02;-1.0657266e-02;3.2250000e+02;-5.3682394e-02;3.2250000e+02;-9.6565515e-02;3.2250000e+02;-1.3893887e-01;3.2250000e+02;-1.8011746e-01;3.2250000e+02;-7.2280861e-02;3.2250000e+02;-3.9912835e-02;3.2250000e+02;1.6733954e-02;3.2250000e+02;8.1687979e-02;3.2250000e+02;1.5556861e-01;3.2250000e+02;2.1363960e-01;3.2250000e+02;2.5568026e-01;3.2250000e+02;2.8610894e-01;3.2250000e+02;2.7614221e-01;3.2250000e+02;2.2770052e-01;3.2250000e+02;1.4977154e-01;3.2250000e+02;8.6230949e-02;3.2250000e+02;3.4735397e-02;3.2250000e+02;-1.0657266e-02;3.2250000e+02;-5.3682394e-02;3.2250000e+02;-9.6565515e-02;3.2250000e+02;-1.3893887e-01;3.2250000e+02;-1.8011746e-01;3.2250000e+02;-7.2280861e-02;3.2250000e+02;-3.9912835e-02;3.2250000e+02;1.6733954e-02;3.2250000e+02;8.1687979e-02;3.2250000e+02;1.5556861e-01;3.2250000e+02;2.1363960e-01;3.2250000e+02;2.5568026e-01;3.2250000e+02;2.8610894e-01;3.2250000e+02;2.7614221e-01;3.2250000e+02;2.2770052e-01;3.2250000e+02;1.4977154e-01;3.2250000e+02;8.6230949e-02;3.2250000e+02;3.4735397e-02;3.2250000e+02;-1.0657266e-02;3.2250000e+02;-5.3682394e-02;3.2250000e+02;-9.6565515e-02;3.2250000e+02;-1.3893887e-01;3.2250000e+02;-1.8011746e-01;3.2250000e+02;-7.2280861e-02;3.2250000e+02;-3.9912835e-02;3.2250000e+02;1.6733954e-02;3.2250000e+02;8.1687979e-02;3.2250000e+02;1.5556861e-01;3.2250000e+02;2.1363960e-01;3.2250000e+02;2.5568026e-01;3.2250000e+02;2.8610894e-01;3.2250000e+02;2.7614221e-01;3.2250000e+02;2.2770052e-01;3.2250000e+02;1.4977154e-01;3.2250000e+02;8.6230949e-02;3.2250000e+02;3.4735397e-02;3.2250000e+02;-1.0657266e-02;3.2250000e+02;-5.3682394e-02;3.2250000e+02;-9.6565515e-02;3.2250000e+02;-1.3893887e-01;3.2250000e+02;-1.8011746e-01;3.2250000e+02;-7.2280861e-02;3.2250000e+02;-3.9912835e-02;3.2250000e+02;1.6733954e-02;3.2250000e+02;8.1687979e-02;3.2250000e+02;1.5556861e-01;3.2250000e+02;2.1363960e-01;3.2250000e+02;2.5568026e-01;3.2250000e+02;2.8610894e-01;3.2250000e+02;2.7614221e-01;3.2250000e+02;2.2770052e-01;3.2250000e+02;1.4977154e-01;3.2250000e+02;8.6230949e-02;3.2250000e+02;3.4735397e-02;3.2250000e+02;-1.0657266e-02;3.2250000e+02;-5.3682394e-02;3.2250000e+02;-9.6565515e-02;3.2250000e+02;-1.3893887e-01;3.2250000e+02;-1.8011746e-01;3.2250000e+02;-7.2280861e-02;3.2250000e+02;-3.9912835e-02;3.2250000e+02;1.6733954e-02;3.2250000e+02;8.1687979e-02;3.2250000e+02;1.5556861e-01;3.2250000e+02;2.1363960e-01;3.2250000e+02;2.5568026e-01;3.2250000e+02;2.8610894e-01;3.2250000e+02;2.7614221e-01;3.2250000e+02;2.2770052e-01;3.2250000e+02;1.4977154e-01;3.2250000e+02;8.6230949e-02;3.2250000e+02;3.4735397e-02;3.2250000e+02;-1.0657266e-02;3.2250000e+02;-5.3682394e-02;3.2250000e+02;-9.6565515e-02;3.2250000e+02;-1.3893887e-01;3.2250000e+02;-1.8011746e-01;3.2250000e+02;-7.2280861e-02;3.2250000e+02;-3.9912835e-02;3.2250000e+02;1.6733954e-02;3.2250000e+02;8.1687979e-02;3.2250000e+02;1.5556861e-01;3.2250000e+02;2.1363960e-01;3.2250000e+02;2.5568026e-01;3.2250000e+02;2.8610894e-01;3.2250000e+02;2.7614221e-01;3.2250000e+02;2.2770052e-01;3.2250000e+02;1.4977154e-01;3.2250000e+02;8.6230949e-02;3.2250000e+02;3.4735397e-02;3.2250000e+02;-1.0657266e-02;3.2250000e+02;-5.3682394e-02;3.2250000e+02;-9.6565515e-02;3.2250000e+02;-1.3893887e-01;3.2250000e+02;-1.8011746e-01;3.2250000e+02;-7.2280861e-02;3.2250000e+02;-3.9912835e-02;3.2250000e+02;1.6733954e-02;3.2250000e+02;8.1687979e-02;3.2250000e+02;1.5556861e-01;3.2250000e+02;2.1363960e-01;3.2250000e+02;2.5568026e-01;3.2250000e+02;2.8610894e-01;3.2250000e+02;2.7614221e-01;3.2250000e+02;2.2770052e-01;3.2250000e+02;1.4977154e-01;3.2250000e+02;8.6230949e-02;3.2250000e+02;3.4735397e-02;3.2250000e+02;-1.0657266e-02;3.2250000e+02;-5.3682394e-02;3.2250000e+02;-9.6565515e-02;3.2250000e+02;-1.3893887e-01;3.2250000e+02;-1.8011746e-01;3.2250000e+02;-7.2280861e-02;3.2250000e+02;-3.9912835e-02;3.2250000e+02;1.6733954e-02;3.2250000e+02;8.1687979e-02;3.2250000e+02;1.5556861e-01;3.2250000e+02;2.1363960e-01;3.2250000e+02;2.5568026e-01;3.2250000e+02;2.8610894e-01;3.2250000e+02;2.7614221e-01;3.2250000e+02;2.2770052e-01;3.2250000e+02;1.4977154e-01;3.2250000e+02;8.6230949e-02;3.2250000e+02;3.4735397e-02;3.2250000e+02;-1.0657266e-02;3.2250000e+02;-5.3682394e-02;3.2250000e+02;-9.6565515e-02;3.2250000e+02;-1.3893887e-01;3.2250000e+02;-1.8011746e-01;3.2250000e+02;-7.2280861e-02;3.2250000e+02;-3.9912835e-02;3.2250000e+02;1.6733954e-02;3.2250000e+02;8.1687979e-02;3.2250000e+02;1.5556861e-01;3.2250000e+02;2.1363960e-01;3.2250000e+02;2.5568026e-01;3.2250000e+02;2.8610894e-01;3.2250000e+02;2.7614221e-01;3.2250000e+02;2.2770052e-01;3.2250000e+02;1.4977154e-01;3.2250000e+02;8.6230949e-02;3.2250000e+02;3.4735397e-02;3.2250000e+02;-1.0657266e-02;3.2250000e+02;-5.3682394e-02;3.2250000e+02;-9.6565515e-02;3.2250000e+02;-1.3893887e-01;3.2250000e+02;-1.8011746e-01;3.2250000e+02;-7.2280861e-02;3.2250000e+02;-3.9912835e-02;3.2250000e+02;1.6733954e-02;3.2250000e+02;8.1687979e-02;3.2250000e+02;1.5556861e-01;3.2250000e+02;2.1363960e-01;3.2250000e+02;2.5568026e-01;3.2250000e+02;2.8610894e-01;3.2250000e+02;2.7614221e-01;3.2250000e+02;2.2770052e-01;3.2250000e+02;1.4977154e-01;3.2250000e+02;8.6230949e-02;3.2250000e+02;3.4735397e-02;3.2250000e+02;-1.0657266e-02;3.2250000e+02;-5.3682394e-02;3.2250000e+02;-9.6565515e-02;3.2250000e+02;-1.3893887e-01;3.2250000e+02;-1.8011746e-01;3.2250000e+02;-7.2280861e-02;3.2250000e+02;-3.9912835e-02;3.2250000e+02;1.6733954e-02;3.2250000e+02;8.1687979e-02;3.2250000e+02;1.5556861e-01;3.2250000e+02;2.1363960e-01;3.2250000e+02;2.5568026e-01;3.2250000e+02;2.8610894e-01;3.2250000e+02;2.7614221e-01;3.2250000e+02;2.2770052e-01;3.2250000e+02;1.4977154e-01;3.2250000e+02;8.6230949e-02;3.2250000e+02;3.4735397e-02;3.2250000e+02;-1.0657266e-02;3.2250000e+02;-5.3682394e-02;3.2250000e+02;-9.6565515e-02;3.2250000e+02;-1.3893887e-01;3.2250000e+02;-1.8011746e-01;3.2250000e+02;-7.2280861e-02;3.2250000e+02;-3.9912835e-02;3.2250000e+02;1.6733954e-02;3.2250000e+02;8.1687979e-02;3.2250000e+02;1.5556861e-01;3.2250000e+02;2.1363960e-01;3.2250000e+02;2.5568026e-01;3.2250000e+02;2.8610894e-01;3.2250000e+02;2.7614221e-01;3.2250000e+02;2.2770052e-01;3.2250000e+02;1.4977154e-01;3.2250000e+02;8.6230949e-02;3.2250000e+02;3.4735397e-02;3.2250000e+02;-1.0657266e-02;3.2250000e+02;-5.3682394e-02;3.2250000e+02;-9.6565515e-02;3.2250000e+02;-1.3893887e-01;3.2250000e+02;-1.8011746e-01;3.2250000e+02;-7.2280861e-02;3.2250000e+02;-3.9912835e-02;3.2250000e+02;1.6733954e-02;3.2250000e+02;8.1687979e-02;3.2250000e+02;1.5556861e-01;3.2250000e+02;2.1363960e-01;3.2250000e+02;2.5568026e-01;3.2250000e+02;2.8610894e-01;3.2250000e+02;2.7614221e-01;3.2250000e+02;2.2770052e-01;3.2250000e+02;1.4977154e-01;3.2250000e+02;8.6230949e-02;3.2250000e+02;3.4735397e-02;3.2250000e+02;-1.0657266e-02;3.2250000e+02;-5.3682394e-02;3.2250000e+02;-9.6565515e-02;3.2250000e+02;-1.3893887e-01;3.2250000e+02;-1.8011746e-01;3.2250000e+02;-7.2280861e-02;3.2250000e+02;-3.9912835e-02;3.2250000e+02;1.6733954e-02;3.2250000e+02;8.1687979e-02;3.2250000e+02;1.5556861e-01;3.2250000e+02;2.1363960e-01;3.2250000e+02;2.5568026e-01;3.2250000e+02;2.8610894e-01;3.2250000e+02;2.7614221e-01;3.2250000e+02;2.2770052e-01;3.2250000e+02;1.4977154e-01;3.2250000e+02;8.6230949e-02;3.2250000e+02;3.4735397e-02;3.2250000e+02;-1.0657266e-02;3.2250000e+02;-5.3682394e-02;3.2250000e+02;-9.6565515e-02;3.2250000e+02;-1.3893887e-01;3.2250000e+02;-1.8011746e-01;3.2250000e+02;-7.2280861e-02;3.2250000e+02;-3.9912835e-02;3.2250000e+02;1.6733954e-02;3.2250000e+02;8.1687979e-02;3.2250000e+02;1.5556861e-01;3.2250000e+02;2.1363960e-01;3.2250000e+02;2.5568026e-01;3.2250000e+02;2.8610894e-01;3.2250000e+02;2.7614221e-01;3.2250000e+02;2.2770052e-01;3.2250000e+02;1.4977154e-01;3.2250000e+02;8.6230949e-02;3.2250000e+02;3.4735397e-02;3.2250000e+02;-1.0657266e-02;3.2250000e+02;-5.3682394e-02;3.2250000e+02;-9.6565515e-02;3.2250000e+02;-1.3893887e-01;3.2250000e+02;-1.8011746e-01;3.2250000e+02;-7.2280861e-02;3.2250000e+02;-3.9912835e-02;3.2250000e+02;1.6733954e-02;3.2250000e+02;8.1687979e-02;3.2250000e+02;1.5556861e-01;3.2250000e+02;2.1363960e-01;3.2250000e+02;2.5568026e-01;3.2250000e+02;2.8610894e-01;3.2250000e+02;2.7614221e-01;3.2250000e+02;2.2770052e-01;3.2250000e+02;1.4977154e-01;3.2250000e+02;8.6230949e-02;3.2250000e+02;3.4735397e-02;3.2250000e+02;-1.0657266e-02;3.2250000e+02;-5.3682394e-02;3.2250000e+02;-9.6565515e-02;3.2250000e+02;-1.3893887e-01;3.2250000e+02;-1.8011746e-01;3.2250000e+02;-7.2280861e-02;3.2250000e+02;-3.9912835e-02;3.2250000e+02;1.6733954e-02;3.2250000e+02;8.1687979e-02;3.2250000e+02;1.5556861e-01;3.2250000e+02;2.1363960e-01;3.2250000e+02;2.5568026e-01;3.2250000e+02;2.8610894e-01;3.2250000e+02;2.7614221e-01;3.2250000e+02;2.2770052e-01;3.2250000e+02;1.4977154e-01;3.2250000e+02;8.6230949e-02;3.2250000e+02;3.4735397e-02;3.2250000e+02;-1.0657266e-02;3.2250000e+02;-5.3682394e-02;3.2250000e+02;-9.6565515e-02;3.2250000e+02;-1.3893887e-01;3.2250000e+02;-1.8011746e-01;3.2250000e+02;-7.2280861e-02;3.2250000e+02;-3.9912835e-02;3.2250000e+02;1.6733954e-02;3.2250000e+02;8.1687979e-02;3.2250000e+02;1.5556861e-01;3.2250000e+02;2.1363960e-01;3.2250000e+02;2.5568026e-01;3.2250000e+02;2.8610894e-01;3.2250000e+02;2.7614221e-01;3.2250000e+02;2.2770052e-01;3.2250000e+02;1.4977154e-01;3.2250000e+02;8.6230949e-02;3.2250000e+02;3.4735397e-02;3.2250000e+02;-1.0657266e-02;3.2250000e+02;-5.3682394e-02;3.2250000e+02;-9.6565515e-02;3.2250000e+02;-1.3893887e-01;3.2250000e+02;-1.8011746e-01;3.2250000e+02;-7.2280861e-02;3.2250000e+02;-3.9912835e-02;3.2250000e+02;1.6733954e-02;3.2250000e+02;8.1687979e-02;3.2250000e+02;1.5556861e-01;3.2250000e+02;2.1363960e-01;3.2250000e+02;2.5568026e-01;3.2250000e+02;2.8610894e-01;3.2250000e+02;2.7614221e-01;3.2250000e+02;2.2770052e-01;3.2250000e+02;1.4977154e-01;3.2250000e+02;8.6230949e-02;3.2250000e+02;3.4735397e-02;3.2250000e+02;-1.0657266e-02;3.2250000e+02;-5.3682394e-02;3.2250000e+02;-9.6565515e-02;3.2250000e+02;-1.3893887e-01;3.2250000e+02;-1.8011746e-01;3.2250000e+02;-7.2280861e-02;3.2250000e+02;-3.9912835e-02;3.2250000e+02;1.6733954e-02;3.2250000e+02;8.1687979e-02;3.2250000e+02;1.5556861e-01;3.2250000e+02;2.1363960e-01;3.2250000e+02;2.5568026e-01;3.2250000e+02;2.8610894e-01;3.2250000e+02;2.7614221e-01;3.2250000e+02;2.2770052e-01;3.2250000e+02;1.4977154e-01;3.2250000e+02;8.6230949e-02;3.2250000e+02;3.4735397e-02;3.2250000e+02;-1.0657266e-02;3.2250000e+02;-5.3682394e-02;3.2250000e+02;-9.6565515e-02;3.2250000e+02;-1.3893887e-01;3.2250000e+02;-1.8011746e-01;3.2250000e+02;-7.2280861e-02;3.2250000e+02;-3.9912835e-02;3.2250000e+02;1.6733954e-02;3.2250000e+02;8.1687979e-02;3.2250000e+02;1.5556861e-01;3.2250000e+02;2.1363960e-01;3.2250000e+02;2.5568026e-01;3.2250000e+02;2.8610894e-01;3.2250000e+02;2.7614221e-01;3.2250000e+02;2.2770052e-01;3.2250000e+02;1.4977154e-01;3.2250000e+02;8.6230949e-02;3.2250000e+02;3.4735397e-02;3.2250000e+02;-1.0657266e-02;3.2250000e+02;-5.3682394e-02;3.2250000e+02;-9.6565515e-02;3.2250000e+02;-1.3893887e-01;3.2250000e+02;-1.8011746e-01;3.2250000e+02;-7.2280861e-02;3.2250000e+02;-3.9912835e-02;3.2250000e+02;1.6733954e-02;3.2250000e+02;8.1687979e-02;3.2250000e+02;1.5556861e-01;3.2250000e+02;2.1363960e-01;3.2250000e+02;2.5568026e-01;3.2250000e+02;2.8610894e-01;3.2250000e+02;2.7614221e-01;3.2250000e+02;2.2770052e-01;3.2250000e+02;1.4977154e-01;3.2250000e+02;8.6230949e-02;3.2250000e+02;3.4735397e-02;3.2250000e+02;-1.0657266e-02;3.2250000e+02;-5.3682394e-02;3.2250000e+02;-9.6565515e-02;3.2250000e+02;-1.3893887e-01;3.2250000e+02;-1.8011746e-01;3.2250000e+02;-7.2280861e-02;3.2250000e+02;-3.9912835e-02;3.2250000e+02;1.6733954e-02;3.2250000e+02;8.1687979e-02;3.2250000e+02;1.5556861e-01;3.2250000e+02;2.1363960e-01;3.2250000e+02;2.5568026e-01;3.2250000e+02;2.8610894e-01;3.2250000e+02;2.7614221e-01;3.2250000e+02;2.2770052e-01;3.2250000e+02;1.4977154e-01;3.2250000e+02;8.6230949e-02;3.2250000e+02;3.4735397e-02;3.2250000e+02;-1.0657266e-02;3.2250000e+02;-5.3682394e-02;3.2250000e+02;-9.6565515e-02;3.2250000e+02;-1.3893887e-01;3.2250000e+02;-1.8011746e-01;3.2250000e+02;-7.2280861e-02;3.2250000e+02;-3.9912835e-02;3.2250000e+02;1.6733954e-02;3.2250000e+02;8.1687979e-02;3.2250000e+02;1.5556861e-01;3.2250000e+02;2.1363960e-01;3.2250000e+02;2.5568026e-01;3.2250000e+02;2.8610894e-01;3.2250000e+02;2.7614221e-01;3.2250000e+02;2.2770052e-01;3.2250000e+02;1.4977154e-01;3.2250000e+02;8.6230949e-02;3.2250000e+02;3.4735397e-02;3.2250000e+02;-1.0657266e-02;3.2250000e+02;-5.3682394e-02;3.2250000e+02;-9.6565515e-02;3.2250000e+02;-1.3893887e-01;3.2250000e+02;-1.8011746e-01;3.2250000e+02;-7.2280861e-02;3.2250000e+02;-3.9912835e-02;3.2250000e+02;1.6733954e-02;3.2250000e+02;8.1687979e-02;3.2250000e+02;1.5556861e-01;3.2250000e+02;2.1363960e-01;3.2250000e+02;2.5568026e-01;3.2250000e+02;2.8610894e-01;3.2250000e+02;2.7614221e-01;3.2250000e+02;2.2770052e-01;3.2250000e+02;1.4977154e-01;3.2250000e+02;8.6230949e-02;3.2250000e+02;3.4735397e-02;3.2250000e+02;-1.0657266e-02;3.2250000e+02;-5.3682394e-02;3.2250000e+02;-9.6565515e-02;3.2250000e+02;-1.3893887e-01;3.2250000e+02;-1.8011746e-01;3.2250000e+02;-7.2280861e-02;3.2250000e+02;-3.9912835e-02;3.2250000e+02;1.6733954e-02;3.2250000e+02;8.1687979e-02;3.2250000e+02;1.5556861e-01;3.2250000e+02;2.1363960e-01;3.2250000e+02;2.5568026e-01;3.2250000e+02;2.8610894e-01;3.2250000e+02;2.7614221e-01;3.2250000e+02;2.2770052e-01;3.2250000e+02;1.4977154e-01;3.2250000e+02;8.6230949e-02;3.2250000e+02;3.4735397e-02;3.2250000e+02;-1.0657266e-02;3.2250000e+02;-5.3682394e-02;3.2250000e+02;-9.6565515e-02;3.2250000e+02;-1.3893887e-01;3.2250000e+02;-1.8011746e-01;3.2250000e+02;-7.2280861e-02;3.2250000e+02;-3.9912835e-02;3.2250000e+02;1.6733954e-02;3.2250000e+02;8.1687979e-02;3.2250000e+02;1.5556861e-01;3.2250000e+02;2.1363960e-01;3.2250000e+02;2.5568026e-01;3.2250000e+02;2.8610894e-01;3.2250000e+02;2.7614221e-01;3.2250000e+02;2.2770052e-01;3.2250000e+02;1.4977154e-01;3.2250000e+02;8.6230949e-02;3.2250000e+02;3.4735397e-02;3.2250000e+02;-1.0657266e-02;3.2250000e+02;-5.3682394e-02;3.2250000e+02;-9.6565515e-02;3.2250000e+02;-1.3893887e-01;3.2250000e+02;-1.8011746e-01;3.2250000e+02;-7.2280861e-02;3.2250000e+02;-3.9912835e-02;3.2250000e+02;1.6733954e-02;3.2250000e+02;8.1687979e-02;3.2250000e+02;1.5556861e-01;3.2250000e+02;2.1363960e-01;3.2250000e+02;2.5568026e-01;3.2250000e+02;2.8610894e-01;3.2250000e+02;2.7614221e-01;3.2250000e+02;2.2770052e-01;3.2250000e+02;1.4977154e-01;3.2250000e+02;8.6230949e-02;3.2250000e+02;3.4735397e-02;3.2250000e+02;-1.0657266e-02;3.2250000e+02;-5.3682394e-02;3.2250000e+02;-9.6565515e-02;3.2250000e+02;-1.3893887e-01;3.2250000e+02;-1.8011746e-01;3.2250000e+02;-7.2280861e-02;3.2250000e+02;-3.9912835e-02;3.2250000e+02;1.6733954e-02;3.2250000e+02;8.1687979e-02;3.2250000e+02;1.5556861e-01;3.2250000e+02;2.1363960e-01;3.2250000e+02;2.5568026e-01;3.2250000e+02;2.8610894e-01;3.2250000e+02;2.7614221e-01;3.2250000e+02;2.2770052e-01;3.2250000e+02;1.4977154e-01;3.2250000e+02;8.6230949e-02;3.2250000e+02;3.4735397e-02;3.2250000e+02;-1.0657266e-02;3.2250000e+02;-5.3682394e-02;3.2250000e+02;-9.6565515e-02;3.2250000e+02;-1.3893887e-01;3.2250000e+02;-1.8011746e-01;3.2250000e+02;-7.2280861e-02;3.2250000e+02;-3.9912835e-02;3.2250000e+02;1.6733954e-02;3.2250000e+02;8.1687979e-02;3.2250000e+02;1.5556861e-01;3.2250000e+02;2.1363960e-01;3.2250000e+02;2.5568026e-01;3.2250000e+02;2.8610894e-01;3.2250000e+02;2.7614221e-01;3.2250000e+02;2.2770052e-01;3.2250000e+02;1.4977154e-01;3.2250000e+02;8.6230949e-02;3.2250000e+02;3.4735397e-02;3.2250000e+02;-1.0657266e-02;3.2250000e+02;-5.3682394e-02;3.2250000e+02;-9.6565515e-02;3.2250000e+02;-1.3893887e-01;3.2250000e+02;-1.8011746e-01;3.2250000e+02;-7.2280861e-02;3.2250000e+02;-3.9912835e-02;3.2250000e+02;1.6733954e-02;3.2250000e+02;8.1687979e-02;3.2250000e+02;1.5556861e-01;3.2250000e+02;2.1363960e-01;3.2250000e+02;2.5568026e-01;3.2250000e+02;2.8610894e-01;3.2250000e+02;2.7614221e-01;3.2250000e+02;2.2770052e-01;3.2250000e+02;1.4977154e-01;3.2250000e+02;8.6230949e-02;3.2250000e+02;3.4735397e-02;3.2250000e+02;-1.0657266e-02;3.2250000e+02;-5.3682394e-02;3.2250000e+02;-9.6565515e-02;3.2250000e+02;-1.3893887e-01;3.2250000e+02;-1.8011746e-01;3.2250000e+02;-7.2280861e-02;3.2250000e+02;-3.9912835e-02;3.2250000e+02;1.6733954e-02;3.2250000e+02;8.1687979e-02;3.2250000e+02;1.5556861e-01;3.2250000e+02;2.1363960e-01;3.2250000e+02;2.5568026e-01;3.2250000e+02;2.8610894e-01;3.2250000e+02;2.7614221e-01;3.2250000e+02;2.2770052e-01;3.2250000e+02;1.4977154e-01;3.2250000e+02;8.6230949e-02;3.2250000e+02;3.4735397e-02;3.2250000e+02;-1.0657266e-02;3.2250000e+02;-5.3682394e-02;3.2250000e+02;-9.6565515e-02;3.2250000e+02;-1.3893887e-01;3.2250000e+02;-1.8011746e-01;3.2250000e+02;-7.2280861e-02;3.2250000e+02;-3.9912835e-02;3.2250000e+02;1.6733954e-02;3.2250000e+02;8.1687979e-02;3.2250000e+02;1.5556861e-01;3.2250000e+02;2.1363960e-01;3.2250000e+02;2.5568026e-01;3.2250000e+02;2.8610894e-01;3.2250000e+02;2.7614221e-01;3.2250000e+02;2.2770052e-01;3.2250000e+02;1.4977154e-01;3.2250000e+02;8.6230949e-02;3.2250000e+02;3.4735397e-02;3.2250000e+02;-1.0657266e-02;3.2250000e+02;-5.3682394e-02;3.2250000e+02;-9.6565515e-02;3.2250000e+02;-1.3893887e-01;3.2250000e+02;-1.8011746e-01;3.2250000e+02;-7.2280861e-02;3.2250000e+02;-3.9912835e-02;3.2250000e+02;1.6733954e-02;3.2250000e+02;8.1687979e-02;3.2250000e+02;1.5556861e-01;3.2250000e+02;2.1363960e-01;3.2250000e+02;2.5568026e-01;3.2250000e+02;2.8610894e-01;3.2250000e+02;2.7614221e-01;3.2250000e+02;2.2770052e-01;3.2250000e+02;1.4977154e-01;3.2250000e+02;8.6230949e-02;3.2250000e+02;3.4735397e-02;3.2250000e+02;-1.0657266e-02;3.2250000e+02;-5.3682394e-02;3.2250000e+02;-9.6565515e-02;3.2250000e+02;-1.3893887e-01;3.2250000e+02;-1.8011746e-01;3.2250000e+02;-7.2280861e-02;3.2250000e+02;-3.9912835e-02;3.2250000e+02;1.6733954e-02;3.2250000e+02;8.1687979e-02;3.2250000e+02;1.5556861e-01;3.2250000e+02;2.1363960e-01;3.2250000e+02;2.5568026e-01;3.2250000e+02;2.8610894e-01;3.2250000e+02;2.7614221e-01;3.2250000e+02;2.2770052e-01;3.2250000e+02;1.4977154e-01;3.2250000e+02;8.6230949e-02;3.2250000e+02;3.4735397e-02;3.2250000e+02;-1.0657266e-02;3.2250000e+02;-5.3682394e-02;3.2250000e+02;-9.6565515e-02;3.2250000e+02;-1.3893887e-01;3.2250000e+02;-1.8011746e-01;3.2250000e+02;-7.2280861e-02;3.2250000e+02;-3.9912835e-02;3.2250000e+02;1.6733954e-02;3.2250000e+02;8.1687979e-02;3.2250000e+02;1.5556861e-01;3.2250000e+02;2.1363960e-01;3.2250000e+02;2.5568026e-01;3.2250000e+02;2.8610894e-01;3.2250000e+02;2.7614221e-01;3.2250000e+02;2.2770052e-01;3.2250000e+02;1.4977154e-01;3.2250000e+02;8.6230949e-02;3.2250000e+02;3.4735397e-02;3.2250000e+02;-1.0657266e-02;3.2250000e+02;-5.3682394e-02;3.2250000e+02;-9.6565515e-02;3.2250000e+02;-1.3893887e-01;3.2250000e+02;-1.8011746e-01;3.2250000e+02;-7.2280861e-02;3.2250000e+02;-3.9912835e-02;3.2250000e+02;1.6733954e-02;3.2250000e+02;8.1687979e-02;3.2250000e+02;1.5556861e-01;3.2250000e+02;2.1363960e-01;3.2250000e+02;2.5568026e-01;3.2250000e+02;2.8610894e-01;3.2250000e+02;2.7614221e-01;3.2250000e+02;2.2770052e-01;3.2250000e+02;1.4977154e-01;3.2250000e+02;8.6230949e-02;3.2250000e+02;3.4735397e-02;3.2250000e+02;-1.0657266e-02;3.2250000e+02;-5.3682394e-02;3.2250000e+02;-9.6565515e-02;3.2250000e+02;-1.3893887e-01;3.2250000e+02;-1.8011746e-01;3.2250000e+02;-7.2280861e-02;3.2250000e+02;-3.9912835e-02;3.2250000e+02;1.6733954e-02;3.2250000e+02;8.1687979e-02;3.2250000e+02;1.5556861e-01;3.2250000e+02;2.1363960e-01;3.2250000e+02;2.5568026e-01;3.2250000e+02;2.8610894e-01;3.2250000e+02;2.7614221e-01;3.2250000e+02;2.2770052e-01;3.2250000e+02;1.4977154e-01;3.2250000e+02;8.6230949e-02;3.2250000e+02;3.4735397e-02;3.2250000e+02;-1.0657266e-02;3.2250000e+02;-5.3682394e-02;3.2250000e+02;-9.6565515e-02;3.2250000e+02;-1.3893887e-01;3.2250000e+02;-1.8011746e-01;3.2250000e+02;-7.2280861e-02;3.2250000e+02;-3.9912835e-02;3.2250000e+02;1.6733954e-02;3.2250000e+02;8.1687979e-02;3.2250000e+02;1.5556861e-01;3.2250000e+02;2.1363960e-01;3.2250000e+02;2.5568026e-01;3.2250000e+02;2.8610894e-01;3.2250000e+02;2.7614221e-01;3.2250000e+02;2.2770052e-01;3.2250000e+02;1.4977154e-01;3.2250000e+02;8.6230949e-02;3.2250000e+02;3.4735397e-02;3.2250000e+02;-1.0657266e-02;3.2250000e+02;-5.3682394e-02;3.2250000e+02;-9.6565515e-02;3.2250000e+02;-1.3893887e-01;3.2250000e+02;-1.8011746e-01;3.2250000e+02;-7.2280861e-02;3.2250000e+02;-3.9912835e-02;3.2250000e+02;1.6733954e-02;3.2250000e+02;8.1687979e-02;3.2250000e+02;1.5556861e-01;3.2250000e+02;2.1363960e-01;3.2250000e+02;2.5568026e-01;3.2250000e+02;2.8610894e-01;3.2250000e+02;2.7614221e-01;3.2250000e+02;2.2770052e-01;3.2250000e+02;1.4977154e-01;3.2250000e+02;8.6230949e-02;3.2250000e+02;3.4735397e-02;3.2250000e+02;-1.0657266e-02;3.2250000e+02;-5.3682394e-02;3.2250000e+02;-9.6565515e-02;3.2250000e+02;-1.3893887e-01;3.2250000e+02;-1.8011746e-01;3.2250000e+02;-7.2280861e-02;3.2250000e+02;-3.9912835e-02;3.2250000e+02;1.6733954e-02;3.2250000e+02;8.1687979e-02;3.2250000e+02;1.5556861e-01;3.2250000e+02;2.1363960e-01;3.2250000e+02;2.5568026e-01;3.2250000e+02;2.8610894e-01;3.2250000e+02;2.7614221e-01;3.2250000e+02;2.2770052e-01;3.2250000e+02;1.4977154e-01;3.2250000e+02;8.6230949e-02;3.2250000e+02;3.4735397e-02;3.2250000e+02;-1.0657266e-02;3.2250000e+02;-5.3682394e-02;3.2250000e+02;-9.6565515e-02;3.2250000e+02;-1.3893887e-01;3.2250000e+02;-1.8011746e-01;3.2250000e+02;-7.2280861e-02;3.2250000e+02;-3.9912835e-02;3.2250000e+02;1.6733954e-02;3.2250000e+02;8.1687979e-02;3.2250000e+02;1.5556861e-01;3.2250000e+02;2.1363960e-01;3.2250000e+02;2.5568026e-01;3.2250000e+02;2.8610894e-01;3.2250000e+02;2.7614221e-01;3.2250000e+02;2.2770052e-01;3.2250000e+02;1.4977154e-01;3.2250000e+02;8.6230949e-02;3.2250000e+02;3.4735397e-02;3.2250000e+02;-1.0657266e-02;3.2250000e+02;-5.3682394e-02;3.2250000e+02;-9.6565515e-02;3.2250000e+02;-1.3893887e-01;3.2250000e+02;-1.8011746e-01;3.2250000e+02;-7.2280861e-02;3.2250000e+02;-3.9912835e-02;3.2250000e+02;1.6733954e-02;3.2250000e+02;8.1687979e-02;3.2250000e+02;1.5556861e-01;3.2250000e+02;2.1363960e-01;3.2250000e+02;2.5568026e-01;3.2250000e+02;2.8610894e-01;3.2250000e+02;2.7614221e-01;3.2250000e+02;2.2770052e-01;3.2250000e+02;1.4977154e-01;3.2250000e+02;8.6230949e-02;3.2250000e+02;3.4735397e-02;3.2250000e+02;-1.0657266e-02;3.2250000e+02;-5.3682394e-02;3.2250000e+02;-9.6565515e-02;3.2250000e+02;-1.3893887e-01;3.2250000e+02;-1.8011746e-01;3.2250000e+02;-7.2280861e-02;3.2250000e+02;-3.9912835e-02;3.2250000e+02;1.6733954e-02;3.2250000e+02;8.1687979e-02;3.2250000e+02;1.5556861e-01;3.2250000e+02;2.1363960e-01;3.2250000e+02;2.5568026e-01;3.2250000e+02;2.8610894e-01;3.2250000e+02;2.7614221e-01;3.2250000e+02;2.2770052e-01;3.2250000e+02;1.4977154e-01;3.2250000e+02;8.6230949e-02;3.2250000e+02;3.4735397e-02;3.2250000e+02;-1.0657266e-02;3.2250000e+02;-5.3682394e-02;3.2250000e+02;-9.6565515e-02;3.2250000e+02;-1.3893887e-01;3.2250000e+02;-1.8011746e-01;3.2250000e+02;-7.2280861e-02;3.2250000e+02;-3.9912835e-02;3.2250000e+02;1.6733954e-02;3.2250000e+02;8.1687979e-02;3.2250000e+02;1.5556861e-01;3.2250000e+02;2.1363960e-01;3.2250000e+02;2.5568026e-01;3.2250000e+02;2.8610894e-01;3.2250000e+02;2.7614221e-01;3.2250000e+02;2.2770052e-01;3.2250000e+02;1.4977154e-01;3.2250000e+02;8.6230949e-02;3.2250000e+02;3.4735397e-02;3.2250000e+02;-1.0657266e-02;3.2250000e+02;-5.3682394e-02;3.2250000e+02;-9.6565515e-02;3.2250000e+02;-1.3893887e-01;3.2250000e+02;-1.8011746e-01;3.2250000e+02;-7.2280861e-02;3.2250000e+02;-3.9912835e-02;3.2250000e+02;1.6733954e-02;3.2250000e+02;8.1687979e-02;3.2250000e+02;1.5556861e-01;3.2250000e+02;2.1363960e-01;3.2250000e+02;2.5568026e-01;3.2250000e+02;2.8610894e-01;3.2250000e+02;2.7614221e-01;3.2250000e+02;2.2770052e-01;3.2250000e+02;1.4977154e-01;3.2250000e+02;8.6230949e-02;3.2250000e+02;3.4735397e-02;3.2250000e+02;-1.0657266e-02;3.2250000e+02;-5.3682394e-02;3.2250000e+02;-9.6565515e-02;3.2250000e+02;-1.3893887e-01;3.2250000e+02;-1.8011746e-01;3.2250000e+02;-7.2280861e-02;3.2250000e+02;-3.9912835e-02;3.2250000e+02;1.6733954e-02;3.2250000e+02;8.1687979e-02;3.2250000e+02;1.5556861e-01;3.2250000e+02;2.1363960e-01;3.2250000e+02;2.5568026e-01;3.2250000e+02;2.8610894e-01;3.2250000e+02;2.7614221e-01;3.2250000e+02;2.2770052e-01;3.2250000e+02;1.4977154e-01;3.2250000e+02;8.6230949e-02;3.2250000e+02;3.4735397e-02;3.2250000e+02;-1.0657266e-02;3.2250000e+02;-5.3682394e-02;3.2250000e+02;-9.6565515e-02;3.2250000e+02;-1.3893887e-01;3.2250000e+02;-1.8011746e-01;3.2250000e+02;-7.2280861e-02;3.2250000e+02;-3.9912835e-02;3.2250000e+02;1.6733954e-02;3.2250000e+02;8.1687979e-02;3.2250000e+02;1.5556861e-01;3.2250000e+02;2.1363960e-01;3.2250000e+02;2.5568026e-01;3.2250000e+02;2.8610894e-01;3.2250000e+02;2.7614221e-01;3.2250000e+02;2.2770052e-01;3.2250000e+02;1.4977154e-01;3.2250000e+02;8.6230949e-02;3.2250000e+02;3.4735397e-02;3.2250000e+02;-1.0657266e-02;3.2250000e+02;-5.3682394e-02;3.2250000e+02;-9.6565515e-02;3.2250000e+02;-1.3893887e-01;3.2250000e+02;-1.8011746e-01;3.2250000e+02;-7.2280861e-02;3.2250000e+02;-3.9912835e-02;3.2250000e+02;1.6733954e-02;3.2250000e+02;8.1687979e-02;3.2250000e+02;1.5556861e-01;3.2250000e+02;2.1363960e-01;3.2250000e+02;2.5568026e-01;3.2250000e+02;2.8610894e-01;3.2250000e+02;2.7614221e-01;3.2250000e+02;2.2770052e-01;3.2250000e+02;1.4977154e-01;3.2250000e+02;8.6230949e-02;3.2250000e+02;3.4735397e-02;3.2250000e+02;-1.0657266e-02;3.2250000e+02;-5.3682394e-02;3.2250000e+02;-9.6565515e-02;3.2250000e+02;-1.3893887e-01;3.2250000e+02;-1.8011746e-01;3.2250000e+02;-7.2280861e-02;3.2250000e+02;-3.9912835e-02;3.2250000e+02;1.6733954e-02;3.2250000e+02;8.1687979e-02;3.2250000e+02;1.5556861e-01;3.2250000e+02;2.1363960e-01;3.2250000e+02;2.5568026e-01;3.2250000e+02;2.8610894e-01;3.2250000e+02;2.7614221e-01;3.2250000e+02;2.2770052e-01;3.2250000e+02;1.4977154e-01;3.2250000e+02;8.6230949e-02;3.2250000e+02;3.4735397e-02;3.2250000e+02;-1.0657266e-02;3.2250000e+02;-5.3682394e-02;3.2250000e+02;-9.6565515e-02;3.2250000e+02;-1.3893887e-01;3.2250000e+02;-1.8011746e-01;3.2250000e+02;-7.2280861e-02;3.2250000e+02;-3.9912835e-02;3.2250000e+02;1.6733954e-02;3.2250000e+02;8.1687979e-02;3.2250000e+02;1.5556861e-01;3.2250000e+02;2.1363960e-01;3.2250000e+02;2.5568026e-01;3.2250000e+02;2.8610894e-01;3.2250000e+02;2.7614221e-01;3.2250000e+02;2.2770052e-01;3.2250000e+02;1.4977154e-01;3.2250000e+02;8.6230949e-02;3.2250000e+02;3.4735397e-02;3.2250000e+02;-1.0657266e-02;3.2250000e+02;-5.3682394e-02;3.2250000e+02;-9.6565515e-02;3.2250000e+02;-1.3893887e-01;3.2250000e+02;-1.8011746e-01;3.2250000e+02;-7.2280861e-02;3.2250000e+02;-3.9912835e-02;3.2250000e+02;1.6733954e-02;3.2250000e+02;8.1687979e-02;3.2250000e+02;1.5556861e-01;3.2250000e+02;2.1363960e-01;3.2250000e+02;2.5568026e-01;3.2250000e+02;2.8610894e-01;3.2250000e+02;2.7614221e-01;3.2250000e+02;2.2770052e-01;3.2250000e+02;1.4977154e-01;3.2250000e+02;8.6230949e-02;3.2250000e+02;3.4735397e-02;3.2250000e+02;-1.0657266e-02;3.2250000e+02;-5.3682394e-02;3.2250000e+02;-9.6565515e-02;3.2250000e+02;-1.3893887e-01;3.2250000e+02;-1.8011746e-01;3.2250000e+02;-7.2280861e-02;3.2250000e+02;-3.9912835e-02;3.2250000e+02;1.6733954e-02;3.2250000e+02;8.1687979e-02;3.2250000e+02;1.5556861e-01;3.2250000e+02;2.1363960e-01;3.2250000e+02;2.5568026e-01;3.2250000e+02;2.8610894e-01;3.2250000e+02;2.7614221e-01;3.2250000e+02;2.2770052e-01;3.2250000e+02;1.4977154e-01;3.2250000e+02;8.6230949e-02;3.2250000e+02;3.4735397e-02;3.2250000e+02;-1.0657266e-02;3.2250000e+02;-5.3682394e-02;3.2250000e+02;-9.6565515e-02;3.2250000e+02;-1.3893887e-01;3.2250000e+02;-1.8011746e-01;3.2250000e+02;-7.2280861e-02;3.2250000e+02;-3.9912835e-02;3.2250000e+02;1.6733954e-02;3.2250000e+02;8.1687979e-02;3.2250000e+02;1.5556861e-01;3.2250000e+02;2.1363960e-01;3.2250000e+02;2.5568026e-01;3.2250000e+02;2.8610894e-01;3.2250000e+02;2.7614221e-01;3.2250000e+02;2.2770052e-01;3.2250000e+02;1.4977154e-01;3.2250000e+02;8.6230949e-02;3.2250000e+02;3.4735397e-02;3.2250000e+02;-1.0657266e-02;3.2250000e+02;-5.3682394e-02;3.2250000e+02;-9.6565515e-02;3.2250000e+02;-1.3893887e-01;3.2250000e+02;-1.8011746e-01;3.2250000e+02;-7.2280861e-02;3.2250000e+02;-3.9912835e-02;3.2250000e+02;1.6733954e-02;3.2250000e+02;8.1687979e-02;3.2250000e+02;1.5556861e-01;3.2250000e+02;2.1363960e-01;3.2250000e+02;2.5568026e-01;3.2250000e+02;2.8610894e-01;3.2250000e+02;2.7614221e-01;3.2250000e+02;2.2770052e-01;3.2250000e+02;1.4977154e-01;3.2250000e+02;8.6230949e-02;3.2250000e+02;3.4735397e-02;3.2250000e+02;-1.0657266e-02;3.2250000e+02;-5.3682394e-02;3.2250000e+02;-9.6565515e-02;3.2250000e+02;-1.3893887e-01;3.2250000e+02;-1.8011746e-01;3.2250000e+02;-7.2280861e-02;3.2250000e+02;-3.9912835e-02;3.2250000e+02;1.6733954e-02;3.2250000e+02;8.1687979e-02;3.2250000e+02;1.5556861e-01;3.2250000e+02;2.1363960e-01;3.2250000e+02;2.5568026e-01;3.2250000e+02;2.8610894e-01;3.2250000e+02;2.7614221e-01;3.2250000e+02;2.2770052e-01;3.2250000e+02;1.4977154e-01;3.2250000e+02;8.6230949e-02;3.2250000e+02;3.4735397e-02;3.2250000e+02;-1.0657266e-02;3.2250000e+02;-5.3682394e-02;3.2250000e+02;-9.6565515e-02;3.2250000e+02;-1.3893887e-01;3.2250000e+02;-1.8011746e-01;3.2250000e+02;-7.2280861e-02;3.2250000e+02;-3.9912835e-02;3.2250000e+02;1.6733954e-02;3.2250000e+02;8.1687979e-02;3.2250000e+02;1.5556861e-01;3.2250000e+02;2.1363960e-01;3.2250000e+02;2.5568026e-01;3.2250000e+02;2.8610894e-01;3.2250000e+02;2.7614221e-01;3.2250000e+02;2.2770052e-01;3.2250000e+02;1.4977154e-01;3.2250000e+02;8.6230949e-02;3.2250000e+02;3.4735397e-02;3.2250000e+02;-1.0657266e-02;3.2250000e+02;-5.3682394e-02;3.2250000e+02;-9.6565515e-02;3.2250000e+02;-1.3893887e-01;3.2250000e+02;-1.8011746e-01;3.2250000e+02;-7.2280861e-02;3.2250000e+02;-3.9912835e-02;3.2250000e+02;1.6733954e-02;3.2250000e+02;8.1687979e-02;3.2250000e+02;1.5556861e-01;3.2250000e+02;2.1363960e-01;3.2250000e+02;2.5568026e-01;3.2250000e+02;2.8610894e-01;3.2250000e+02;2.7614221e-01;3.2250000e+02;2.2770052e-01;3.2250000e+02;1.4977154e-01;3.2250000e+02;8.6230949e-02;3.2250000e+02;3.4735397e-02;3.2250000e+02;-1.0657266e-02;3.2250000e+02;-5.3682394e-02;3.2250000e+02;-9.6565515e-02;3.2250000e+02;-1.3893887e-01;3.2250000e+02;-1.8011746e-01;3.2250000e+02;-7.2280861e-02;3.2250000e+02;-3.9912835e-02;3.2250000e+02;1.6733954e-02;3.2250000e+02;8.1687979e-02;3.2250000e+02;1.5556861e-01;3.2250000e+02;2.1363960e-01;3.2250000e+02;2.5568026e-01;3.2250000e+02;2.8610894e-01;3.2250000e+02;2.7614221e-01;3.2250000e+02;2.2770052e-01;3.2250000e+02;1.4977154e-01;3.2250000e+02;8.6230949e-02;3.2250000e+02;3.4735397e-02;3.2250000e+02;-1.0657266e-02;3.2250000e+02;-5.3682394e-02;3.2250000e+02;-9.6565515e-02;3.2250000e+02;-1.3893887e-01;3.2250000e+02;-1.8011746e-01;3.2250000e+02;-7.2280861e-02;3.2250000e+02;-3.9912835e-02;3.2250000e+02;1.6733954e-02;3.2250000e+02;8.1687979e-02;3.2250000e+02;1.5556861e-01;3.2250000e+02;2.1363960e-01;3.2250000e+02;2.5568026e-01;3.2250000e+02;2.8610894e-01;3.2250000e+02;2.7614221e-01;3.2250000e+02;2.2770052e-01;3.2250000e+02;1.4977154e-01;3.2250000e+02;8.6230949e-02;3.2250000e+02;3.4735397e-02;3.2250000e+02;-1.0657266e-02;3.2250000e+02;-5.3682394e-02;3.2250000e+02;-9.6565515e-02;3.2250000e+02;-1.3893887e-01;3.2250000e+02;-1.8011746e-01;3.2250000e+02;-7.2280861e-02;3.2250000e+02;-3.9912835e-02;3.2250000e+02;1.6733954e-02;3.2250000e+02;8.1687979e-02;3.2250000e+02;1.5556861e-01;3.2250000e+02;2.1363960e-01;3.2250000e+02;2.5568026e-01;3.2250000e+02;2.8610894e-01;3.2250000e+02;2.7614221e-01;3.2250000e+02;2.2770052e-01;3.2250000e+02;1.4977154e-01;3.2250000e+02;8.6230949e-02;3.2250000e+02;3.4735397e-02;3.2250000e+02;-1.0657266e-02;3.2250000e+02;-5.3682394e-02;3.2250000e+02;-9.6565515e-02;3.2250000e+02;-1.3893887e-01;3.2250000e+02;-1.8011746e-01;3.2250000e+02;-7.2280861e-02;3.2250000e+02;-3.9912835e-02;3.2250000e+02;1.6733954e-02;3.2250000e+02;8.1687979e-02;3.2250000e+02;1.5556861e-01;3.2250000e+02;2.1363960e-01;3.2250000e+02;2.5568026e-01;3.2250000e+02;2.8610894e-01;3.2250000e+02;2.7614221e-01;3.2250000e+02;2.2770052e-01;3.2250000e+02;1.4977154e-01;3.2250000e+02;8.6230949e-02;3.2250000e+02;3.4735397e-02;3.2250000e+02;-1.0657266e-02;3.2250000e+02;-5.3682394e-02;3.2250000e+02;-9.6565515e-02;3.2250000e+02;-1.3893887e-01;3.2250000e+02;-1.8011746e-01;3.2250000e+02;-7.2280861e-02;3.2250000e+02;-3.9912835e-02;3.2250000e+02;1.6733954e-02;3.2250000e+02;8.1687979e-02;3.2250000e+02;1.5556861e-01;3.2250000e+02;2.1363960e-01;3.2250000e+02;2.5568026e-01;3.2250000e+02;2.8610894e-01;3.2250000e+02;2.7614221e-01;3.2250000e+02;2.2770052e-01;3.2250000e+02;1.4977154e-01;3.2250000e+02;8.6230949e-02;3.2250000e+02;3.4735397e-02;3.2250000e+02;-1.0657266e-02;3.2250000e+02;-5.3682394e-02;3.2250000e+02;-9.6565515e-02;3.2250000e+02;-1.3893887e-01;3.2250000e+02;-1.8011746e-01;3.2250000e+02;-7.2280861e-02;3.2250000e+02;-3.9912835e-02;3.2250000e+02;1.6733954e-02;3.2250000e+02;8.1687979e-02;3.2250000e+02;1.5556861e-01;3.2250000e+02;2.1363960e-01;3.2250000e+02;2.5568026e-01;3.2250000e+02;2.8610894e-01;3.2250000e+02;2.7614221e-01;3.2250000e+02;2.2770052e-01;3.2250000e+02;1.4977154e-01;3.2250000e+02;8.6230949e-02;3.2250000e+02;3.4735397e-02;3.2250000e+02;-1.0657266e-02;3.2250000e+02;-5.3682394e-02;3.2250000e+02;-9.6565515e-02;3.2250000e+02;-1.3893887e-01;3.2250000e+02;-1.8011746e-01;3.2250000e+02;-7.2280861e-02;3.2250000e+02;-3.9912835e-02;3.2250000e+02;1.6733954e-02;3.2250000e+02;8.1687979e-02;3.2250000e+02;1.5556861e-01;3.2250000e+02;2.1363960e-01;3.2250000e+02;2.5568026e-01;3.2250000e+02;2.8610894e-01;3.2250000e+02;2.7614221e-01;3.2250000e+02;2.2770052e-01;3.2250000e+02;1.4977154e-01;3.2250000e+02;8.6230949e-02;3.2250000e+02;3.4735397e-02;3.2250000e+02;-1.0657266e-02;3.2250000e+02;-5.3682394e-02;3.2250000e+02;-9.6565515e-02;3.2250000e+02;-1.3893887e-01;3.2250000e+02;-1.8011746e-01;3.2250000e+02;-7.2280861e-02;3.2250000e+02;-3.9912835e-02;3.2250000e+02;1.6733954e-02;3.2250000e+02;8.1687979e-02;3.2250000e+02;1.5556861e-01;3.2250000e+02;2.1363960e-01;3.2250000e+02;2.5568026e-01;3.2250000e+02;2.8610894e-01;3.2250000e+02;2.7614221e-01;3.2250000e+02;2.2770052e-01;3.2250000e+02;1.4977154e-01;3.2250000e+02;8.6230949e-02;3.2250000e+02;3.4735397e-02;3.2250000e+02;-1.0657266e-02;3.2250000e+02;-5.3682394e-02;3.2250000e+02;-9.6565515e-02;3.2250000e+02;-1.3893887e-01;3.2250000e+02;-1.8011746e-01;3.2250000e+02;-7.2280861e-02;3.2250000e+02;-3.9912835e-02;3.2250000e+02;1.6733954e-02;3.2250000e+02;8.1687979e-02;3.2250000e+02;1.5556861e-01;3.2250000e+02;2.1363960e-01;3.2250000e+02;2.5568026e-01;3.2250000e+02;2.8610894e-01;3.2250000e+02;2.7614221e-01;3.2250000e+02;2.2770052e-01;3.2250000e+02;1.4977154e-01;3.2250000e+02;8.6230949e-02;3.2250000e+02;3.4735397e-02;3.2250000e+02;-1.0657266e-02;3.2250000e+02;-5.3682394e-02;3.2250000e+02;-9.6565515e-02;3.2250000e+02;-1.3893887e-01;3.2250000e+02;-1.8011746e-01;3.2250000e+02;-7.2280861e-02;3.2250000e+02;-3.9912835e-02;3.2250000e+02;1.6733954e-02;3.2250000e+02;8.1687979e-02;3.2250000e+02;1.5556861e-01;3.2250000e+02;2.1363960e-01;3.2250000e+02;2.5568026e-01;3.2250000e+02;2.8610894e-01;3.2250000e+02;2.7614221e-01;3.2250000e+02;2.2770052e-01;3.2250000e+02;1.4977154e-01;3.2250000e+02;8.6230949e-02;3.2250000e+02;3.4735397e-02;3.2250000e+02;-1.0657266e-02;3.2250000e+02;-5.3682394e-02;3.2250000e+02;-9.6565515e-02;3.2250000e+02;-1.3893887e-01;3.2250000e+02;-1.8011746e-01;3.2250000e+02;-7.2280861e-02;3.2250000e+02;-3.9912835e-02;3.2250000e+02;1.6733954e-02;3.2250000e+02;8.1687979e-02;3.2250000e+02;1.5556861e-01;3.2250000e+02;2.1363960e-01;3.2250000e+02;2.5568026e-01;3.2250000e+02;2.8610894e-01;3.2250000e+02;2.7614221e-01;3.2250000e+02;2.2770052e-01;3.2250000e+02;1.4977154e-01;3.2250000e+02;8.6230949e-02;3.2250000e+02;3.4735397e-02;3.2250000e+02;-1.0657266e-02;3.2250000e+02;-5.3682394e-02;3.2250000e+02;-9.6565515e-02;3.2250000e+02;-1.3893887e-01;3.2250000e+02;-1.8011746e-01;3.2250000e+02;-7.2280861e-02;3.2250000e+02;-3.9912835e-02;3.2250000e+02;1.6733954e-02;3.2250000e+02;8.1687979e-02;3.2250000e+02;1.5556861e-01;3.2250000e+02;2.1363960e-01;3.2250000e+02;2.5568026e-01;3.2250000e+02;2.8610894e-01;3.2250000e+02;2.7614221e-01;3.2250000e+02;2.2770052e-01;3.2250000e+02;1.4977154e-01;3.2250000e+02;8.6230949e-02;3.2250000e+02;3.4735397e-02;3.2250000e+02;-1.0657266e-02;3.2250000e+02;-5.3682394e-02;3.2250000e+02;-9.6565515e-02;3.2250000e+02;-1.3893887e-01;3.2250000e+02;-1.8011746e-01;3.2250000e+02;-7.2280861e-02;3.2250000e+02;-3.9912835e-02;3.2250000e+02;1.6733954e-02;3.2250000e+02;8.1687979e-02;3.2250000e+02;1.5556861e-01;3.2250000e+02;2.1363960e-01;3.2250000e+02;2.5568026e-01;3.2250000e+02;2.8610894e-01;3.2250000e+02;2.7614221e-01;3.2250000e+02;2.2770052e-01;3.2250000e+02;1.4977154e-01;3.2250000e+02;8.6230949e-02;3.2250000e+02;3.4735397e-02;3.2250000e+02;-1.0657266e-02;3.2250000e+02;-5.3682394e-02;3.2250000e+02;-9.6565515e-02;3.2250000e+02;-1.3893887e-01;3.2250000e+02;-1.8011746e-01;3.2250000e+02;-7.2280861e-02;3.2250000e+02;-3.9912835e-02;3.2250000e+02;1.6733954e-02;3.2250000e+02;8.1687979e-02;3.2250000e+02;1.5556861e-01;3.2250000e+02;2.1363960e-01;3.2250000e+02;2.5568026e-01;3.2250000e+02;2.8610894e-01;3.2250000e+02;2.7614221e-01;3.2250000e+02;2.2770052e-01;3.2250000e+02;1.4977154e-01;3.2250000e+02;8.6230949e-02;3.2250000e+02;3.4735397e-02;3.2250000e+02;-1.0657266e-02;3.2250000e+02;-5.3682394e-02;3.2250000e+02;-9.6565515e-02;3.2250000e+02;-1.3893887e-01;3.2250000e+02;-1.8011746e-01;3.2250000e+02;-7.2280861e-02;3.2250000e+02;-3.9912835e-02;3.2250000e+02;1.6733954e-02;3.2250000e+02;8.1687979e-02;3.2250000e+02;1.5556861e-01;3.2250000e+02;2.1363960e-01;3.2250000e+02;2.5568026e-01;3.2250000e+02;2.8610894e-01;3.2250000e+02;2.7614221e-01;3.2250000e+02;2.2770052e-01;3.2250000e+02;1.4977154e-01;3.2250000e+02;8.6230949e-02;3.2250000e+02;3.4735397e-02;3.2250000e+02;-1.0657266e-02;3.2250000e+02;-5.3682394e-02;3.2250000e+02;-9.6565515e-02;3.2250000e+02;-1.3893887e-01;3.2250000e+02;-1.8011746e-01;3.2250000e+02;-7.2280861e-02;3.2250000e+02;-3.9912835e-02;3.2250000e+02;1.6733954e-02;3.2250000e+02;8.1687979e-02;3.2250000e+02;1.5556861e-01;3.2250000e+02;2.1363960e-01;3.2250000e+02;2.5568026e-01;3.2250000e+02;2.8610894e-01;3.2250000e+02;2.7614221e-01;3.2250000e+02;2.2770052e-01;3.2250000e+02;1.4977154e-01;3.2250000e+02;8.6230949e-02;3.2250000e+02;3.4735397e-02;3.2250000e+02;-1.0657266e-02;3.2250000e+02;-5.3682394e-02;3.2250000e+02;-9.6565515e-02;3.2250000e+02;-1.3893887e-01;3.2250000e+02;-1.8011746e-01;3.2250000e+02;-7.2280861e-02;3.2250000e+02;-3.9912835e-02;3.2250000e+02;1.6733954e-02;3.2250000e+02;8.1687979e-02;3.2250000e+02;1.5556861e-01;3.2250000e+02;2.1363960e-01;3.2250000e+02;2.5568026e-01;3.2250000e+02;2.8610894e-01;3.2250000e+02;2.7614221e-01;3.2250000e+02;2.2770052e-01;3.2250000e+02;1.4977154e-01;3.2250000e+02;8.6230949e-02;3.2250000e+02;3.4735397e-02;3.2250000e+02;-1.0657266e-02;3.2250000e+02;-5.3682394e-02;3.2250000e+02;-9.6565515e-02;3.2250000e+02;-1.3893887e-01;3.2250000e+02;-1.8011746e-01;3.2250000e+02;-7.2280861e-02;3.2250000e+02;-3.9912835e-02;3.2250000e+02;1.6733954e-02;3.2250000e+02;8.1687979e-02;3.2250000e+02;1.5556861e-01;3.2250000e+02;2.1363960e-01;3.2250000e+02;2.5568026e-01;3.2250000e+02;2.8610894e-01;3.2250000e+02;2.7614221e-01;3.2250000e+02;2.2770052e-01;3.2250000e+02;1.4977154e-01;3.2250000e+02;8.6230949e-02;3.2250000e+02;3.4735397e-02;3.2250000e+02;-1.0657266e-02;3.2250000e+02;-5.3682394e-02;3.2250000e+02;-9.6565515e-02;3.2250000e+02;-1.3893887e-01;3.2250000e+02;-1.8011746e-01;3.2250000e+02;-7.2280861e-02;3.2250000e+02;-3.9912835e-02;3.2250000e+02;1.6733954e-02;3.2250000e+02;8.1687979e-02;3.2250000e+02;1.5556861e-01;3.2250000e+02;2.1363960e-01;3.2250000e+02;2.5568026e-01;3.2250000e+02;2.8610894e-01;3.2250000e+02;2.7614221e-01;3.2250000e+02;2.2770052e-01;3.2250000e+02;1.4977154e-01;3.2250000e+02;8.6230949e-02;3.2250000e+02;3.4735397e-02;3.2250000e+02;-1.0657266e-02;3.2250000e+02;-5.3682394e-02;3.2250000e+02;-9.6565515e-02;3.2250000e+02;-1.3893887e-01;3.2250000e+02;-1.8011746e-01;3.2250000e+02;-7.2280861e-02;3.2250000e+02;-3.9912835e-02;3.2250000e+02;1.6733954e-02;3.2250000e+02;8.1687979e-02;3.2250000e+02;1.5556861e-01;3.2250000e+02;2.1363960e-01;3.2250000e+02;2.5568026e-01;3.2250000e+02;2.8610894e-01;3.2250000e+02;2.7614221e-01;3.2250000e+02;2.2770052e-01;3.2250000e+02;1.4977154e-01;3.2250000e+02;8.6230949e-02;3.2250000e+02;3.4735397e-02;3.2250000e+02;-1.0657266e-02;3.2250000e+02;-5.3682394e-02;3.2250000e+02;-9.6565515e-02;3.2250000e+02;-1.3893887e-01;3.2250000e+02;-1.8011746e-01;3.2250000e+02;-7.2280861e-02;3.2250000e+02;-3.9912835e-02;3.2250000e+02;1.6733954e-02;3.2250000e+02;8.1687979e-02;3.2250000e+02;1.5556861e-01;3.2250000e+02;2.1363960e-01;3.2250000e+02;2.5568026e-01;3.2250000e+02;2.8610894e-01;3.2250000e+02;2.7614221e-01;3.2250000e+02;2.2770052e-01;3.2250000e+02;1.4977154e-01;3.2250000e+02;8.6230949e-02;3.2250000e+02;3.4735397e-02;3.2250000e+02;-1.0657266e-02;3.2250000e+02;-5.3682394e-02;3.2250000e+02;-9.6565515e-02;3.2250000e+02;-1.3893887e-01;3.2250000e+02;-1.8011746e-01;3.2250000e+02;-7.2280861e-02;3.2250000e+02;-3.9912835e-02;3.2250000e+02;1.6733954e-02;3.2250000e+02;8.1687979e-02;3.2250000e+02;1.5556861e-01;3.2250000e+02;2.1363960e-01;3.2250000e+02;2.5568026e-01;3.2250000e+02;2.8610894e-01;3.2250000e+02;2.7614221e-01;3.2250000e+02;2.2770052e-01;3.2250000e+02;1.4977154e-01;3.2250000e+02;8.6230949e-02;3.2250000e+02;3.4735397e-02;3.2250000e+02;-1.0657266e-02;3.2250000e+02;-5.3682394e-02;3.2250000e+02;-9.6565515e-02;3.2250000e+02;-1.3893887e-01;3.2250000e+02;-1.8011746e-01;3.2250000e+02;-7.2280861e-02;3.2250000e+02;-3.9912835e-02;3.2250000e+02;1.6733954e-02;3.2250000e+02;8.1687979e-02;3.2250000e+02;1.5556861e-01;3.2250000e+02;2.1363960e-01;3.2250000e+02;2.5568026e-01;3.2250000e+02;2.8610894e-01;3.2250000e+02;2.7614221e-01;3.2250000e+02;2.2770052e-01;3.2250000e+02;1.4977154e-01;3.2250000e+02;8.6230949e-02;3.2250000e+02;3.4735397e-02;3.2250000e+02;-1.0657266e-02;3.2250000e+02;-5.3682394e-02;3.2250000e+02;-9.6565515e-02;3.2250000e+02;-1.3893887e-01;3.2250000e+02;-1.8011746e-01;3.2250000e+02;-7.2280861e-02;3.2250000e+02;-3.9912835e-02;3.2250000e+02;1.6733954e-02;3.2250000e+02;8.1687979e-02;3.2250000e+02;1.5556861e-01;3.2250000e+02;2.1363960e-01;3.2250000e+02;2.5568026e-01;3.2250000e+02;2.8610894e-01;3.2250000e+02;2.7614221e-01;3.2250000e+02;2.2770052e-01;3.2250000e+02;1.4977154e-01;3.2250000e+02;8.6230949e-02;3.2250000e+02;3.4735397e-02;3.2250000e+02;-1.0657266e-02;3.2250000e+02;-5.3682394e-02;3.2250000e+02;-9.6565515e-02;3.2250000e+02;-1.3893887e-01;3.2250000e+02;-1.8011746e-01;3.2250000e+02;-7.2280861e-02;3.2250000e+02;-3.9912835e-02;3.2250000e+02;1.6733954e-02;3.2250000e+02;8.1687979e-02;3.2250000e+02;1.5556861e-01;3.2250000e+02;2.1363960e-01;3.2250000e+02;2.5568026e-01;3.2250000e+02;2.8610894e-01;3.2250000e+02;2.7614221e-01;3.2250000e+02;2.2770052e-01;3.2250000e+02;1.4977154e-01;3.2250000e+02;8.6230949e-02;3.2250000e+02;3.4735397e-02;3.2250000e+02;-1.0657266e-02;3.2250000e+02;-5.3682394e-02;3.2250000e+02;-9.6565515e-02;3.2250000e+02;-1.3893887e-01;3.2250000e+02;-1.8011746e-01;3.2250000e+02;-7.2280861e-02;3.2250000e+02;-3.9912835e-02;3.2250000e+02;1.6733954e-02;3.2250000e+02;8.1687979e-02;3.2250000e+02;1.5556861e-01;3.2250000e+02;2.1363960e-01;3.2250000e+02;2.5568026e-01;3.2250000e+02;2.8610894e-01;3.2250000e+02;2.7614221e-01;3.2250000e+02;2.2770052e-01;3.2250000e+02;1.4977154e-01;3.2250000e+02;8.6230949e-02;3.2250000e+02;3.4735397e-02;3.2250000e+02;-1.0657266e-02;3.2250000e+02;-5.3682394e-02;3.2250000e+02;-9.6565515e-02;3.2250000e+02;-1.3893887e-01;3.2250000e+02;-1.8011746e-01;3.2250000e+02;-7.2280861e-02;3.2250000e+02;-3.9912835e-02;3.2250000e+02;1.6733954e-02;3.2250000e+02;8.1687979e-02;3.2250000e+02;1.5556861e-01;3.2250000e+02;2.1363960e-01;3.2250000e+02;2.5568026e-01;3.2250000e+02;2.8610894e-01;3.2250000e+02;2.7614221e-01;3.2250000e+02;2.2770052e-01;3.2250000e+02;1.4977154e-01;3.2250000e+02;8.6230949e-02;3.2250000e+02;3.4735397e-02;3.2250000e+02;-1.0657266e-02;3.2250000e+02;-5.3682394e-02;3.2250000e+02;-9.6565515e-02;3.2250000e+02;-1.3893887e-01;3.2250000e+02;-1.8011746e-01;3.2250000e+02;-7.2280861e-02;3.2250000e+02;-3.9912835e-02;3.2250000e+02;1.6733954e-02;3.2250000e+02;8.1687979e-02;3.2250000e+02;1.5556861e-01;3.2250000e+02;2.1363960e-01;3.2250000e+02;2.5568026e-01;3.2250000e+02;2.8610894e-01;3.2250000e+02;2.7614221e-01;3.2250000e+02;2.2770052e-01;3.2250000e+02;1.4977154e-01;3.2250000e+02;8.6230949e-02;3.2250000e+02;3.4735397e-02;3.2250000e+02;-1.0657266e-02;3.2250000e+02;-5.3682394e-02;3.2250000e+02;-9.6565515e-02;3.2250000e+02;-1.3893887e-01;3.2250000e+02;-1.8011746e-01;3.2250000e+02;-7.2280861e-02;3.2250000e+02;-3.9912835e-02;3.2250000e+02;1.6733954e-02;3.2250000e+02;8.1687979e-02;3.2250000e+02;1.5556861e-01;3.2250000e+02;2.1363960e-01;3.2250000e+02;2.5568026e-01;3.2250000e+02;2.8610894e-01;3.2250000e+02;2.7614221e-01;3.2250000e+02;2.2770052e-01;3.2250000e+02;1.4977154e-01;3.2250000e+02;8.6230949e-02;3.2250000e+02;3.4735397e-02;3.2250000e+02;-1.0657266e-02;3.2250000e+02;-5.3682394e-02;3.2250000e+02;-9.6565515e-02;3.2250000e+02;-1.3893887e-01;3.2250000e+02;-1.8011746e-01;3.2250000e+02;-7.2280861e-02;3.2250000e+02;-3.9912835e-02;3.2250000e+02;1.6733954e-02;3.2250000e+02;8.1687979e-02;3.2250000e+02;1.5556861e-01;3.2250000e+02;2.1363960e-01;3.2250000e+02;2.5568026e-01;3.2250000e+02;2.8610894e-01;3.2250000e+02;2.7614221e-01;3.2250000e+02;2.2770052e-01;3.2250000e+02;1.4977154e-01;3.2250000e+02;8.6230949e-02;3.2250000e+02;3.4735397e-02;3.2250000e+02;-1.0657266e-02;3.2250000e+02;-5.3682394e-02;3.2250000e+02;-9.6565515e-02;3.2250000e+02;-1.3893887e-01;3.2250000e+02;-1.8011746e-01;3.2250000e+02;-7.2280861e-02;3.2250000e+02;-3.9912835e-02;3.2250000e+02;1.6733954e-02;3.2250000e+02;8.1687979e-02;3.2250000e+02;1.5556861e-01;3.2250000e+02;2.1363960e-01;3.2250000e+02;2.5568026e-01;3.2250000e+02;2.8610894e-01;3.2250000e+02;2.7614221e-01;3.2250000e+02;2.2770052e-01;3.2250000e+02;1.4977154e-01;3.2250000e+02;8.6230949e-02;3.2250000e+02;3.4735397e-02;3.2250000e+02;-1.0657266e-02;3.2250000e+02;-5.3682394e-02;3.2250000e+02;-9.6565515e-02;3.2250000e+02;-1.3893887e-01;3.2250000e+02;-1.8011746e-01;3.2250000e+02;-7.2280861e-02;3.2250000e+02;-3.9912835e-02;3.2250000e+02;1.6733954e-02;3.2250000e+02;8.1687979e-02;3.2250000e+02;1.5556861e-01;3.2250000e+02;2.1363960e-01;3.2250000e+02;2.5568026e-01;3.2250000e+02;2.8610894e-01;3.2250000e+02;2.7614221e-01;3.2250000e+02;2.2770052e-01;3.2250000e+02;1.4977154e-01;3.2250000e+02;8.6230949e-02;3.2250000e+02;3.4735397e-02;3.2250000e+02;-1.0657266e-02;3.2250000e+02;-5.3682394e-02;3.2250000e+02;-9.6565515e-02;3.2250000e+02;-1.3893887e-01;3.2250000e+02;-1.8011746e-01;3.2250000e+02;-7.2280861e-02;3.2250000e+02;-3.9912835e-02;3.2250000e+02;1.6733954e-02;3.2250000e+02;8.1687979e-02;3.2250000e+02;1.5556861e-01;3.2250000e+02;2.1363960e-01;3.2250000e+02;2.5568026e-01;3.2250000e+02;2.8610894e-01;3.2250000e+02;2.7614221e-01;3.2250000e+02;2.2770052e-01;3.2250000e+02;1.4977154e-01;3.2250000e+02;8.6230949e-02;3.2250000e+02;3.4735397e-02;3.2250000e+02;-1.0657266e-02;3.2250000e+02;-5.3682394e-02;3.2250000e+02;-9.6565515e-02;3.2250000e+02;-1.3893887e-01;3.2250000e+02;-1.8011746e-01;3.2250000e+02;-7.2280861e-02;3.2250000e+02;-3.9912835e-02;3.2250000e+02;1.6733954e-02;3.2250000e+02;8.1687979e-02;3.2250000e+02;1.5556861e-01;3.2250000e+02;2.1363960e-01;3.2250000e+02;2.5568026e-01;3.2250000e+02;2.8610894e-01;3.2250000e+02;2.7614221e-01;3.2250000e+02;2.2770052e-01;3.2250000e+02;1.4977154e-01;3.2250000e+02;8.6230949e-02;3.2250000e+02;3.4735397e-02;3.2250000e+02;-1.0657266e-02;3.2250000e+02;-5.3682394e-02;3.2250000e+02;-9.6565515e-02;3.2250000e+02;-1.3893887e-01;3.2250000e+02;-1.8011746e-01;3.2250000e+02;-7.2280861e-02;3.2250000e+02;-3.9912835e-02;3.2250000e+02;1.6733954e-02;3.2250000e+02;8.1687979e-02;3.2250000e+02;1.5556861e-01;3.2250000e+02;2.1363960e-01;3.2250000e+02;2.5568026e-01;3.2250000e+02;2.8610894e-01;3.2250000e+02;2.7614221e-01;3.2250000e+02;2.2770052e-01;3.2250000e+02;1.4977154e-01;3.2250000e+02;8.6230949e-02;3.2250000e+02;3.4735397e-02;3.2250000e+02;-1.0657266e-02;3.2250000e+02;-5.3682394e-02;3.2250000e+02;-9.6565515e-02;3.2250000e+02;-1.3893887e-01;3.2250000e+02;-1.8011746e-01;3.2250000e+02;-7.2280861e-02;3.2250000e+02;-3.9912835e-02;3.2250000e+02;1.6733954e-02;3.2250000e+02;8.1687979e-02;3.2250000e+02;1.5556861e-01;3.2250000e+02;2.1363960e-01;3.2250000e+02;2.5568026e-01;3.2250000e+02;2.8610894e-01;3.2250000e+02;2.7614221e-01;3.2250000e+02;2.2770052e-01;3.2250000e+02;1.4977154e-01;3.2250000e+02;8.6230949e-02;3.2250000e+02;3.4735397e-02;3.2250000e+02;-1.0657266e-02;3.2250000e+02;-5.3682394e-02;3.2250000e+02;-9.6565515e-02;3.2250000e+02;-1.3893887e-01;3.2250000e+02;-1.8011746e-01;3.2250000e+02;-7.2280861e-02;3.2250000e+02;-3.9912835e-02;3.2250000e+02;1.6733954e-02;3.2250000e+02;8.1687979e-02;3.2250000e+02;1.5556861e-01;3.2250000e+02;2.1363960e-01;3.2250000e+02;2.5568026e-01;3.2250000e+02;2.8610894e-01;3.2250000e+02;2.7614221e-01;3.2250000e+02;2.2770052e-01;3.2250000e+02;1.4977154e-01;3.2250000e+02;8.6230949e-02;3.2250000e+02;3.4735397e-02;3.2250000e+02;-1.0657266e-02;3.2250000e+02;-5.3682394e-02;3.2250000e+02;-9.6565515e-02;3.2250000e+02;-1.3893887e-01;3.2250000e+02;-1.8011746e-01;3.2250000e+02;-7.2280861e-02;3.2250000e+02;-3.9912835e-02;3.2250000e+02;1.6733954e-02;3.2250000e+02;8.1687979e-02;3.2250000e+02;1.5556861e-01;3.2250000e+02;2.1363960e-01;3.2250000e+02;2.5568026e-01;3.2250000e+02;2.8610894e-01;3.2250000e+02;2.7614221e-01;3.2250000e+02;2.2770052e-01;3.2250000e+02;1.4977154e-01;3.2250000e+02;8.6230949e-02;3.2250000e+02;3.4735397e-02;3.2250000e+02;-1.0657266e-02;3.2250000e+02;-5.3682394e-02;3.2250000e+02;-9.6565515e-02;3.2250000e+02;-1.3893887e-01;3.2250000e+02;-1.8011746e-01;3.2250000e+02;-7.2280861e-02;3.2250000e+02;-3.9912835e-02;3.2250000e+02;1.6733954e-02;3.2250000e+02;8.1687979e-02;3.2250000e+02;1.5556861e-01;3.2250000e+02;2.1363960e-01;3.2250000e+02;2.5568026e-01;3.2250000e+02;2.8610894e-01;3.2250000e+02;2.7614221e-01;3.2250000e+02;2.2770052e-01;3.2250000e+02;1.4977154e-01;3.2250000e+02;8.6230949e-02;3.2250000e+02;3.4735397e-02;3.2250000e+02;-1.0657266e-02;3.2250000e+02;-5.3682394e-02;3.2250000e+02;-9.6565515e-02;3.2250000e+02;-1.3893887e-01;3.2250000e+02;-1.8011746e-01;3.2250000e+02;-7.2280861e-02;3.2250000e+02;-3.9912835e-02;3.2250000e+02;1.6733954e-02;3.2250000e+02;8.1687979e-02;3.2250000e+02;1.5556861e-01;3.2250000e+02;2.1363960e-01;3.2250000e+02;2.5568026e-01;3.2250000e+02;2.8610894e-01;3.2250000e+02;2.7614221e-01;3.2250000e+02;2.2770052e-01;3.2250000e+02;1.4977154e-01;3.2250000e+02;8.6230949e-02;3.2250000e+02;3.4735397e-02;3.2250000e+02;-1.0657266e-02;3.2250000e+02;-5.3682394e-02;3.2250000e+02;-9.6565515e-02;3.2250000e+02;-1.3893887e-01;3.2250000e+02;-1.8011746e-01;3.2250000e+02;-7.2280861e-02;3.2250000e+02;-3.9912835e-02;3.2250000e+02;1.6733954e-02;3.2250000e+02;8.1687979e-02;3.2250000e+02;1.5556861e-01;3.2250000e+02;2.1363960e-01;3.2250000e+02;2.5568026e-01;3.2250000e+02;2.8610894e-01;3.2250000e+02;2.7614221e-01;3.2250000e+02;2.2770052e-01;3.2250000e+02;1.4977154e-01;3.2250000e+02;8.6230949e-02;3.2250000e+02;3.4735397e-02;3.2250000e+02;-1.0657266e-02;3.2250000e+02;-5.3682394e-02;3.2250000e+02;-9.6565515e-02;3.2250000e+02;-1.3893887e-01;3.2250000e+02;-1.8011746e-01;3.2250000e+02;-7.2280861e-02;3.2250000e+02;-3.9912835e-02;3.2250000e+02;1.6733954e-02;3.2250000e+02;8.1687979e-02;3.2250000e+02;1.5556861e-01;3.2250000e+02;2.1363960e-01;3.2250000e+02;2.5568026e-01;3.2250000e+02;2.8610894e-01;3.2250000e+02;2.7614221e-01;3.2250000e+02;2.2770052e-01;3.2250000e+02;1.4977154e-01;3.2250000e+02;8.6230949e-02;3.2250000e+02;3.4735397e-02;3.2250000e+02;-1.0657266e-02;3.2250000e+02;-5.3682394e-02;3.2250000e+02;-9.6565515e-02;3.2250000e+02;-1.3893887e-01;3.2250000e+02;-1.8011746e-01;3.2250000e+02;-7.2280861e-02;3.2250000e+02;-3.9912835e-02;3.2250000e+02;1.6733954e-02;3.2250000e+02;8.1687979e-02;3.2250000e+02;1.5556861e-01;3.2250000e+02;2.1363960e-01;3.2250000e+02;2.5568026e-01;3.2250000e+02;2.8610894e-01;3.2250000e+02;2.7614221e-01;3.2250000e+02;2.2770052e-01;3.2250000e+02;1.4977154e-01;3.2250000e+02;8.6230949e-02;3.2250000e+02;3.4735397e-02;3.2250000e+02;-1.0657266e-02;3.2250000e+02;-5.3682394e-02;3.2250000e+02;-9.6565515e-02;3.2250000e+02;-1.3893887e-01;3.2250000e+02;-1.8011746e-01;3.2250000e+02;-7.2280861e-02;3.2250000e+02;-3.9912835e-02;3.2250000e+02;1.6733954e-02;3.2250000e+02;8.1687979e-02;3.2250000e+02;1.5556861e-01;3.2250000e+02;2.1363960e-01;3.2250000e+02;2.5568026e-01;3.2250000e+02;2.8610894e-01;3.2250000e+02;2.7614221e-01;3.2250000e+02;2.2770052e-01;3.2250000e+02;1.4977154e-01;3.2250000e+02;8.6230949e-02;3.2250000e+02;3.4735397e-02;3.2250000e+02;-1.0657266e-02;3.2250000e+02;-5.3682394e-02;3.2250000e+02;-9.6565515e-02;3.2250000e+02;-1.3893887e-01;3.2250000e+02;-1.8011746e-01;3.2250000e+02;-7.2280861e-02;3.2250000e+02;-3.9912835e-02;3.2250000e+02;1.6733954e-02;3.2250000e+02;8.1687979e-02;3.2250000e+02;1.5556861e-01;3.2250000e+02;2.1363960e-01;3.2250000e+02;2.5568026e-01;3.2250000e+02;2.8610894e-01;3.2250000e+02;2.7614221e-01;3.2250000e+02;2.2770052e-01;3.2250000e+02;1.4977154e-01;3.2250000e+02;8.6230949e-02;3.2250000e+02;3.4735397e-02;3.2250000e+02;-1.0657266e-02;3.2250000e+02;-5.3682394e-02;3.2250000e+02;-9.6565515e-02;3.2250000e+02;-1.3893887e-01;3.2250000e+02;-1.8011746e-01;3.2250000e+02;-7.2280861e-02;3.2250000e+02;-3.9912835e-02;3.2250000e+02;1.6733954e-02;3.2250000e+02;8.1687979e-02;3.2250000e+02;1.5556861e-01;3.2250000e+02;2.1363960e-01;3.2250000e+02;2.5568026e-01;3.2250000e+02;2.8610894e-01;3.2250000e+02;2.7614221e-01;3.2250000e+02;2.2770052e-01;3.2250000e+02;1.4977154e-01;3.2250000e+02;8.6230949e-02;3.2250000e+02;3.4735397e-02;3.2250000e+02;-1.0657266e-02;3.2250000e+02;-5.3682394e-02;3.2250000e+02;-9.6565515e-02;3.2250000e+02;-1.3893887e-01;3.2250000e+02;-1.8011746e-01;3.2250000e+02;-7.2280861e-02;3.2250000e+02;-3.9912835e-02;3.2250000e+02;1.6733954e-02;3.2250000e+02;8.1687979e-02;3.2250000e+02;1.5556861e-01;3.2250000e+02;2.1363960e-01;3.2250000e+02;2.5568026e-01;3.2250000e+02;2.8610894e-01;3.2250000e+02;2.7614221e-01;3.2250000e+02;2.2770052e-01;3.2250000e+02;1.4977154e-01;3.2250000e+02;8.6230949e-02;3.2250000e+02;3.4735397e-02;3.2250000e+02;-1.0657266e-02;3.2250000e+02;-5.3682394e-02;3.2250000e+02;-9.6565515e-02;3.2250000e+02;-1.3893887e-01;3.2250000e+02;-1.8011746e-01;3.2250000e+02;-7.2280861e-02;3.2250000e+02;-3.9912835e-02;3.2250000e+02;1.6733954e-02;3.2250000e+02;8.1687979e-02;3.2250000e+02;1.5556861e-01;3.2250000e+02;2.1363960e-01;3.2250000e+02;2.5568026e-01;3.2250000e+02;2.8610894e-01;3.2250000e+02;2.7614221e-01;3.2250000e+02;2.2770052e-01;3.2250000e+02;1.4977154e-01;3.2250000e+02;8.6230949e-02;3.2250000e+02;3.4735397e-02;3.2250000e+02;-1.0657266e-02;3.2250000e+02;-5.3682394e-02;3.2250000e+02;-9.6565515e-02;3.2250000e+02;-1.3893887e-01;3.2250000e+02;-1.8011746e-01;3.2250000e+02;-7.2280861e-02;3.2250000e+02;-3.9912835e-02;3.2250000e+02;1.6733954e-02;3.2250000e+02;8.1687979e-02;3.2250000e+02;1.5556861e-01;3.2250000e+02;2.1363960e-01;3.2250000e+02;2.5568026e-01;3.2250000e+02;2.8610894e-01;3.2250000e+02;2.7614221e-01;3.2250000e+02;2.2770052e-01;3.2250000e+02;1.4977154e-01;3.2250000e+02;8.6230949e-02;3.2250000e+02;3.4735397e-02;3.2250000e+02;-1.0657266e-02;3.2250000e+02;-5.3682394e-02;3.2250000e+02;-9.6565515e-02;3.2250000e+02;-1.3893887e-01;3.2250000e+02;-1.8011746e-01;3.2250000e+02;-7.2280861e-02;3.2250000e+02;-3.9912835e-02;3.2250000e+02;1.6733954e-02;3.2250000e+02;8.1687979e-02;3.2250000e+02;1.5556861e-01;3.2250000e+02;2.1363960e-01;3.2250000e+02;2.5568026e-01;3.2250000e+02;2.8610894e-01;3.2250000e+02;2.7614221e-01;3.2250000e+02;2.2770052e-01;3.2250000e+02;1.4977154e-01;3.2250000e+02;8.6230949e-02;3.2250000e+02;3.4735397e-02;3.2250000e+02;-1.0657266e-02;3.2250000e+02;-5.3682394e-02;3.2250000e+02;-9.6565515e-02;3.2250000e+02;-1.3893887e-01;3.2250000e+02;-1.8011746e-01;3.2250000e+02;-7.2280861e-02;3.2250000e+02;-3.9912835e-02;3.2250000e+02;1.6733954e-02;3.2250000e+02;8.1687979e-02;3.2250000e+02;1.5556861e-01;3.2250000e+02;2.1363960e-01;3.2250000e+02;2.5568026e-01;3.2250000e+02;2.8610894e-01;3.2250000e+02;2.7614221e-01;3.2250000e+02;2.2770052e-01;3.2250000e+02;1.4977154e-01;3.2250000e+02;8.6230949e-02;3.2250000e+02;3.4735397e-02;3.2250000e+02;-1.0657266e-02;3.2250000e+02;-5.3682394e-02;3.2250000e+02;-9.6565515e-02;3.2250000e+02;-1.3893887e-01;3.2250000e+02;-1.8011746e-01;3.2250000e+02;-7.2280861e-02;3.2250000e+02;-3.9912835e-02;3.2250000e+02;1.6733954e-02;3.2250000e+02;8.1687979e-02;3.2250000e+02;1.5556861e-01;3.2250000e+02;2.1363960e-01;3.2250000e+02;2.5568026e-01;3.2250000e+02;2.8610894e-01;3.2250000e+02;2.7614221e-01;3.2250000e+02;2.2770052e-01;3.2250000e+02;1.4977154e-01;3.2250000e+02;8.6230949e-02;3.2250000e+02;3.4735397e-02;3.2250000e+02;-1.0657266e-02;3.2250000e+02;-5.3682394e-02;3.2250000e+02;-9.6565515e-02;3.2250000e+02;-1.3893887e-01;3.2250000e+02;-1.8011746e-01;3.2250000e+02;-7.2280861e-02;3.2250000e+02;-3.9912835e-02;3.2250000e+02;1.6733954e-02;3.2250000e+02;8.1687979e-02;3.2250000e+02;1.5556861e-01;3.2250000e+02;2.1363960e-01;3.2250000e+02;2.5568026e-01;3.2250000e+02;2.8610894e-01;3.2250000e+02;2.7614221e-01;3.2250000e+02;2.2770052e-01;3.2250000e+02;1.4977154e-01;3.2250000e+02;8.6230949e-02;3.2250000e+02;3.4735397e-02;3.2250000e+02;-1.0657266e-02;3.2250000e+02;-5.3682394e-02;3.2250000e+02;-9.6565515e-02;3.2250000e+02;-1.3893887e-01;3.2250000e+02;-1.8011746e-01;3.2250000e+02;-7.2280861e-02;3.2250000e+02;-3.9912835e-02;3.2250000e+02;1.6733954e-02;3.2250000e+02;8.1687979e-02;3.2250000e+02;1.5556861e-01;3.2250000e+02;2.1363960e-01;3.2250000e+02;2.5568026e-01;3.2250000e+02;2.8610894e-01;3.2250000e+02;2.7614221e-01;3.2250000e+02;2.2770052e-01;3.2250000e+02;1.4977154e-01;3.2250000e+02;8.6230949e-02;3.2250000e+02;3.4735397e-02;3.2250000e+02;-1.0657266e-02;3.2250000e+02;-5.3682394e-02;3.2250000e+02;-9.6565515e-02;3.2250000e+02;-1.3893887e-01;3.2250000e+02;-1.8011746e-01;3.2250000e+02;-7.2280861e-02;3.2250000e+02;-3.9912835e-02;3.2250000e+02;1.6733954e-02;3.2250000e+02;8.1687979e-02;3.2250000e+02;1.5556861e-01;3.2250000e+02;2.1363960e-01;3.2250000e+02;2.5568026e-01;3.2250000e+02;2.8610894e-01;3.2250000e+02;2.7614221e-01;3.2250000e+02;2.2770052e-01;3.2250000e+02;1.4977154e-01;3.2250000e+02;8.6230949e-02;3.2250000e+02;3.4735397e-02;3.2250000e+02;-1.0657266e-02;3.2250000e+02;-5.3682394e-02;3.2250000e+02;-9.6565515e-02;3.2250000e+02;-1.3893887e-01;3.2250000e+02;-1.8011746e-01;3.2250000e+02;-7.2280861e-02;3.2250000e+02;-3.9912835e-02;3.2250000e+02;1.6733954e-02;3.2250000e+02;8.1687979e-02;3.2250000e+02;1.5556861e-01;3.2250000e+02;2.1363960e-01;3.2250000e+02;2.5568026e-01;3.2250000e+02;2.8610894e-01;3.2250000e+02;2.7614221e-01;3.2250000e+02;2.2770052e-01;3.2250000e+02;1.4977154e-01;3.2250000e+02;8.6230949e-02;3.2250000e+02;3.4735397e-02;3.2250000e+02;-1.0657266e-02;3.2250000e+02;-5.3682394e-02;3.2250000e+02;-9.6565515e-02;3.2250000e+02;-1.3893887e-01;3.2250000e+02;-1.8011746e-01;3.2250000e+02;-7.2280861e-02;3.2250000e+02;-3.9912835e-02;3.2250000e+02;1.6733954e-02;3.2250000e+02;8.1687979e-02;3.2250000e+02;1.5556861e-01;3.2250000e+02;2.1363960e-01;3.2250000e+02;2.5568026e-01;3.2250000e+02;2.8610894e-01;3.2250000e+02;2.7614221e-01;3.2250000e+02;2.2770052e-01;3.2250000e+02;1.4977154e-01;3.2250000e+02;8.6230949e-02;3.2250000e+02;3.4735397e-02;3.2250000e+02;-1.0657266e-02;3.2250000e+02;-5.3682394e-02;3.2250000e+02;-9.6565515e-02;3.2250000e+02;-1.3893887e-01;3.2250000e+02;-1.8011746e-01;3.2250000e+02;-7.2280861e-02;3.2250000e+02;-3.9912835e-02;3.2250000e+02;1.6733954e-02;3.2250000e+02;8.1687979e-02;3.2250000e+02;1.5556861e-01;3.2250000e+02;2.1363960e-01;3.2250000e+02;2.5568026e-01;3.2250000e+02;2.8610894e-01;3.2250000e+02;2.7614221e-01;3.2250000e+02;2.2770052e-01;3.2250000e+02;1.4977154e-01;3.2250000e+02;8.6230949e-02;3.2250000e+02;3.4735397e-02;3.2250000e+02;-1.0657266e-02;3.2250000e+02;-5.3682394e-02;3.2250000e+02;-9.6565515e-02;3.2250000e+02;-1.3893887e-01;3.2250000e+02;-1.8011746e-01;3.2250000e+02;-7.2280861e-02;3.2250000e+02;-3.9912835e-02;3.2250000e+02;1.6733954e-02;3.2250000e+02;8.1687979e-02;3.2250000e+02;1.5556861e-01;3.2250000e+02;2.1363960e-01;3.2250000e+02;2.5568026e-01;3.2250000e+02;2.8610894e-01;3.2250000e+02;2.7614221e-01;3.2250000e+02;2.2770052e-01;3.2250000e+02;1.4977154e-01;3.2250000e+02;8.6230949e-02;3.2250000e+02;3.4735397e-02;3.2250000e+02;-1.0657266e-02;3.2250000e+02;-5.3682394e-02;3.2250000e+02;-9.6565515e-02;3.2250000e+02;-1.3893887e-01;3.2250000e+02;-1.8011746e-01;3.2250000e+02;-7.2280861e-02;3.2250000e+02;-3.9912835e-02;3.2250000e+02;1.6733954e-02;3.2250000e+02;8.1687979e-02;3.2250000e+02;1.5556861e-01;3.2250000e+02;2.1363960e-01;3.2250000e+02;2.5568026e-01;3.2250000e+02;2.8610894e-01;3.2250000e+02;2.7614221e-01;3.2250000e+02;2.2770052e-01;3.2250000e+02;1.4977154e-01;3.2250000e+02;8.6230949e-02;3.2250000e+02;3.4735397e-02;3.2250000e+02;-1.0657266e-02;3.2250000e+02;-5.3682394e-02;3.2250000e+02;-9.6565515e-02;3.2250000e+02;-1.3893887e-01;3.2250000e+02;-1.8011746e-01;3.2250000e+02;-7.2280861e-02;3.2250000e+02;-3.9912835e-02;3.2250000e+02;1.6733954e-02;3.2250000e+02;8.1687979e-02;3.2250000e+02;1.5556861e-01;3.2250000e+02;2.1363960e-01;3.2250000e+02;2.5568026e-01;3.2250000e+02;2.8610894e-01;3.2250000e+02;2.7614221e-01;3.2250000e+02;2.2770052e-01;3.2250000e+02;1.4977154e-01;3.2250000e+02;8.6230949e-02;3.2250000e+02;3.4735397e-02;3.2250000e+02;-1.0657266e-02;3.2250000e+02;-5.3682394e-02;3.2250000e+02;-9.6565515e-02;3.2250000e+02;-1.3893887e-01;3.2250000e+02;-1.8011746e-01;3.2250000e+02;-7.2280861e-02;3.2250000e+02;-3.9912835e-02;3.2250000e+02;1.6733954e-02;3.2250000e+02;8.1687979e-02;3.2250000e+02;1.5556861e-01;3.2250000e+02;2.1363960e-01;3.2250000e+02;2.5568026e-01;3.2250000e+02;2.8610894e-01;3.2250000e+02;2.7614221e-01;3.2250000e+02;2.2770052e-01;3.2250000e+02;1.4977154e-01;3.2250000e+02;8.6230949e-02;3.2250000e+02;3.4735397e-02;3.2250000e+02;-1.0657266e-02;3.2250000e+02;-5.3682394e-02;3.2250000e+02;-9.6565515e-02;3.2250000e+02;-1.3893887e-01;3.2250000e+02;-1.8011746e-01;3.2250000e+02;-7.2280861e-02;3.2250000e+02;-3.9912835e-02;3.2250000e+02;1.6733954e-02;3.2250000e+02;8.1687979e-02;3.2250000e+02;1.5556861e-01;3.2250000e+02;2.1363960e-01;3.2250000e+02;2.5568026e-01;3.2250000e+02;2.8610894e-01;3.2250000e+02;2.7614221e-01;3.2250000e+02;2.2770052e-01;3.2250000e+02;1.4977154e-01;3.2250000e+02;8.6230949e-02;3.2250000e+02;3.4735397e-02;3.2250000e+02;-1.0657266e-02;3.2250000e+02;-5.3682394e-02;3.2250000e+02;-9.6565515e-02;3.2250000e+02;-1.3893887e-01;3.2250000e+02;-1.8011746e-01;3.2250000e+02;-7.2280861e-02;3.2250000e+02;-3.9912835e-02;3.2250000e+02;1.6733954e-02;3.2250000e+02;8.1687979e-02;3.2250000e+02;1.5556861e-01;3.2250000e+02;2.1363960e-01;3.2250000e+02;2.5568026e-01;3.2250000e+02;2.8610894e-01;3.2250000e+02;2.7614221e-01;3.2250000e+02;2.2770052e-01;3.2250000e+02;1.4977154e-01;3.2250000e+02;8.6230949e-02;3.2250000e+02;3.4735397e-02;3.2250000e+02;-1.0657266e-02;3.2250000e+02;-5.3682394e-02;3.2250000e+02;-9.6565515e-02;3.2250000e+02;-1.3893887e-01;3.2250000e+02;-1.8011746e-01;3.2250000e+02;-7.2280861e-02;3.2250000e+02;-3.9912835e-02;3.2250000e+02;1.6733954e-02;3.2250000e+02;8.1687979e-02;3.2250000e+02;1.5556861e-01;3.2250000e+02;2.1363960e-01;3.2250000e+02;2.5568026e-01;3.2250000e+02;2.8610894e-01;3.2250000e+02;2.7614221e-01;3.2250000e+02;2.2770052e-01;3.2250000e+02;1.4977154e-01;3.2250000e+02;8.6230949e-02;3.2250000e+02;3.4735397e-02;3.2250000e+02;-1.0657266e-02;3.2250000e+02;-5.3682394e-02;3.2250000e+02;-9.6565515e-02;3.2250000e+02;-1.3893887e-01;3.2250000e+02;-1.8011746e-01;3.2250000e+02;-7.2280861e-02;3.2250000e+02;-3.9912835e-02;3.2250000e+02;1.6733954e-02;3.2250000e+02;8.1687979e-02;3.2250000e+02;1.5556861e-01;3.2250000e+02;2.1363960e-01;3.2250000e+02;2.5568026e-01;3.2250000e+02;2.8610894e-01;3.2250000e+02;2.7614221e-01;3.2250000e+02;2.2770052e-01;3.2250000e+02;1.4977154e-01;3.2250000e+02;8.6230949e-02;3.2250000e+02;3.4735397e-02;3.2250000e+02;-1.0657266e-02;3.2250000e+02;-5.3682394e-02;3.2250000e+02;-9.6565515e-02;3.2250000e+02;-1.3893887e-01;3.2250000e+02;-1.8011746e-01;3.2250000e+02;-7.2280861e-02;3.2250000e+02;-3.9912835e-02;3.2250000e+02;1.6733954e-02;3.2250000e+02;8.1687979e-02;3.2250000e+02;1.5556861e-01;3.2250000e+02;2.1363960e-01;3.2250000e+02;2.5568026e-01;3.2250000e+02;2.8610894e-01;3.2250000e+02;2.7614221e-01;3.2250000e+02;2.2770052e-01;3.2250000e+02;1.4977154e-01;3.2250000e+02;8.6230949e-02;3.2250000e+02;3.4735397e-02;3.2250000e+02;-1.0657266e-02;3.2250000e+02;-5.3682394e-02;3.2250000e+02;-9.6565515e-02;3.2250000e+02;-1.3893887e-01;3.2250000e+02;-1.8011746e-01;3.2250000e+02;-7.2280861e-02;3.2250000e+02;-3.9912835e-02;3.2250000e+02;1.6733954e-02;3.2250000e+02;8.1687979e-02;3.2250000e+02;1.5556861e-01;3.2250000e+02;2.1363960e-01;3.2250000e+02;2.5568026e-01;3.2250000e+02;2.8610894e-01;3.2250000e+02;2.7614221e-01;3.2250000e+02;2.2770052e-01;3.2250000e+02;1.4977154e-01;3.2250000e+02;8.6230949e-02;3.2250000e+02;3.4735397e-02;3.2250000e+02;-1.0657266e-02;3.2250000e+02;-5.3682394e-02;3.2250000e+02;-9.6565515e-02;3.2250000e+02;-1.3893887e-01;3.2250000e+02;-1.8011746e-01;3.2250000e+02;-7.2280861e-02;3.2250000e+02;-3.9912835e-02;3.2250000e+02;1.6733954e-02;3.2250000e+02;8.1687979e-02;3.2250000e+02;1.5556861e-01;3.2250000e+02;2.1363960e-01;3.2250000e+02;2.5568026e-01;3.2250000e+02;2.8610894e-01;3.2250000e+02;2.7614221e-01;3.2250000e+02;2.2770052e-01;3.2250000e+02;1.4977154e-01;3.2250000e+02;8.6230949e-02;3.2250000e+02;3.4735397e-02;3.2250000e+02;-1.0657266e-02;3.2250000e+02;-5.3682394e-02;3.2250000e+02;-9.6565515e-02;3.2250000e+02;-1.3893887e-01;3.2250000e+02;-1.8011746e-01;3.2250000e+02;-7.2280861e-02;3.2250000e+02;-3.9912835e-02;3.2250000e+02;1.6733954e-02;3.2250000e+02;8.1687979e-02;3.2250000e+02;1.5556861e-01;3.2250000e+02;2.1363960e-01;3.2250000e+02;2.5568026e-01;3.2250000e+02;2.8610894e-01;3.2250000e+02;2.7614221e-01;3.2250000e+02;2.2770052e-01;3.2250000e+02;1.4977154e-01;3.2250000e+02;8.6230949e-02;3.2250000e+02;3.4735397e-02;3.2250000e+02;-1.0657266e-02;3.2250000e+02;-5.3682394e-02;3.2250000e+02;-9.6565515e-02;3.2250000e+02;-1.3893887e-01;3.2250000e+02;-1.8011746e-01;3.2250000e+02;-7.2280861e-02;3.2250000e+02;-3.9912835e-02;3.2250000e+02;1.6733954e-02;3.2250000e+02;8.1687979e-02;3.2250000e+02;1.5556861e-01;3.2250000e+02;2.1363960e-01;3.2250000e+02;2.5568026e-01;3.2250000e+02;2.8610894e-01;3.2250000e+02;2.7614221e-01;3.2250000e+02;2.2770052e-01;3.2250000e+02;1.4977154e-01;3.2250000e+02;8.6230949e-02;3.2250000e+02;3.4735397e-02;3.2250000e+02;-1.0657266e-02;3.2250000e+02;-5.3682394e-02;3.2250000e+02;-9.6565515e-02;3.2250000e+02;-1.3893887e-01;3.2250000e+02;-1.8011746e-01;3.2250000e+02;-7.2280861e-02;3.2250000e+02;-3.9912835e-02;3.2250000e+02;1.6733954e-02;3.2250000e+02;8.1687979e-02;3.2250000e+02;1.5556861e-01;3.2250000e+02;2.1363960e-01;3.2250000e+02;2.5568026e-01;3.2250000e+02;2.8610894e-01;3.2250000e+02;2.7614221e-01;3.2250000e+02;2.2770052e-01;3.2250000e+02;1.4977154e-01;3.2250000e+02;8.6230949e-02;3.2250000e+02;3.4735397e-02;3.2250000e+02;-1.0657266e-02;3.2250000e+02;-5.3682394e-02;3.2250000e+02;-9.6565515e-02;3.2250000e+02;-1.3893887e-01;3.2250000e+02;-1.8011746e-01;3.2250000e+02;-7.2280861e-02;3.2250000e+02;-3.9912835e-02;3.2250000e+02;1.6733954e-02;3.2250000e+02;8.1687979e-02;3.2250000e+02;1.5556861e-01;3.2250000e+02;2.1363960e-01;3.2250000e+02;2.5568026e-01;3.2250000e+02;2.8610894e-01;3.2250000e+02;2.7614221e-01;3.2250000e+02;2.2770052e-01;3.2250000e+02;1.4977154e-01;3.2250000e+02;8.6230949e-02;3.2250000e+02;3.4735397e-02;3.2250000e+02;-1.0657266e-02;3.2250000e+02;-5.3682394e-02;3.2250000e+02;-9.6565515e-02;3.2250000e+02;-1.3893887e-01;3.2250000e+02;-1.8011746e-01;3.2250000e+02;-7.2280861e-02;3.2250000e+02;-3.9912835e-02;3.2250000e+02;1.6733954e-02;3.2250000e+02;8.1687979e-02;3.2250000e+02;1.5556861e-01;3.2250000e+02;2.1363960e-01;3.2250000e+02;2.5568026e-01;3.2250000e+02;2.8610894e-01;3.2250000e+02;2.7614221e-01;3.2250000e+02;2.2770052e-01;3.2250000e+02;1.4977154e-01;3.2250000e+02;8.6230949e-02;3.2250000e+02;3.4735397e-02;3.2250000e+02;-1.0657266e-02;3.2250000e+02;-5.3682394e-02;3.2250000e+02;-9.6565515e-02;3.2250000e+02;-1.3893887e-01;3.2250000e+02;-1.8011746e-01;3.2250000e+02;-7.2280861e-02;3.2250000e+02;-3.9912835e-02;3.2250000e+02;1.6733954e-02;3.2250000e+02;8.1687979e-02;3.2250000e+02;1.5556861e-01;3.2250000e+02;2.1363960e-01;3.2250000e+02;2.5568026e-01;3.2250000e+02;2.8610894e-01;3.2250000e+02;2.7614221e-01;3.2250000e+02;2.2770052e-01;3.2250000e+02;1.4977154e-01;3.2250000e+02;8.6230949e-02;3.2250000e+02;3.4735397e-02;3.2250000e+02;-1.0657266e-02;3.2250000e+02;-5.3682394e-02;3.2250000e+02;-9.6565515e-02;3.2250000e+02;-1.3893887e-01;3.2250000e+02;-1.8011746e-01;3.2250000e+02;-7.2280861e-02;3.2250000e+02;-3.9912835e-02;3.2250000e+02;1.6733954e-02;3.2250000e+02;8.1687979e-02;3.2250000e+02;1.5556861e-01;3.2250000e+02;2.1363960e-01;3.2250000e+02;2.5568026e-01;3.2250000e+02;2.8610894e-01;3.2250000e+02;2.7614221e-01;3.2250000e+02;2.2770052e-01;3.2250000e+02;1.4977154e-01;3.2250000e+02;8.6230949e-02;3.2250000e+02;3.4735397e-02;3.2250000e+02;-1.0657266e-02;3.2250000e+02;-5.3682394e-02;3.2250000e+02;-9.6565515e-02;3.2250000e+02;-1.3893887e-01;3.2250000e+02;-1.8011746e-01;3.2250000e+02;-7.2280861e-02;3.2250000e+02;-3.9912835e-02;3.2250000e+02;1.6733954e-02;3.2250000e+02;8.1687979e-02;3.2250000e+02;1.5556861e-01;3.2250000e+02;2.1363960e-01;3.2250000e+02;2.5568026e-01;3.2250000e+02;2.8610894e-01;3.2250000e+02;2.7614221e-01;3.2250000e+02;2.2770052e-01;3.2250000e+02;1.4977154e-01;3.2250000e+02;8.6230949e-02;3.2250000e+02;3.4735397e-02;3.2250000e+02;-1.0657266e-02;3.2250000e+02;-5.3682394e-02;3.2250000e+02;-9.6565515e-02;3.2250000e+02;-1.3893887e-01;3.2250000e+02;-1.8011746e-01;3.2250000e+02;-7.2280861e-02;3.2250000e+02;-3.9912835e-02;3.2250000e+02;1.6733954e-02;3.2250000e+02;8.1687979e-02;3.2250000e+02;1.5556861e-01;3.2250000e+02;2.1363960e-01;3.2250000e+02;2.5568026e-01;3.2250000e+02;2.8610894e-01;3.2250000e+02;2.7614221e-01;3.2250000e+02;2.2770052e-01;3.2250000e+02;1.4977154e-01;3.2250000e+02;8.6230949e-02;3.2250000e+02;3.4735397e-02;3.2250000e+02;-1.0657266e-02;3.2250000e+02;-5.3682394e-02;3.2250000e+02;-9.6565515e-02;3.2250000e+02;-1.3893887e-01;3.2250000e+02;-1.8011746e-01;3.2250000e+02;-7.2280861e-02;3.2250000e+02;-3.9912835e-02;3.2250000e+02;1.6733954e-02;3.2250000e+02;8.1687979e-02;3.2250000e+02;1.5556861e-01;3.2250000e+02;2.1363960e-01;3.2250000e+02;2.5568026e-01;3.2250000e+02;2.8610894e-01;3.2250000e+02;2.7614221e-01;3.2250000e+02;2.2770052e-01;3.2250000e+02;1.4977154e-01;3.2250000e+02;8.6230949e-02;3.2250000e+02;3.4735397e-02;3.2250000e+02;-1.0657266e-02;3.2250000e+02;-5.3682394e-02;3.2250000e+02;-9.6565515e-02;3.2250000e+02;-1.3893887e-01;3.2250000e+02;-1.8011746e-01;3.2250000e+02;-7.2280861e-02;3.2250000e+02;-3.9912835e-02;3.2250000e+02;1.6733954e-02;3.2250000e+02;8.1687979e-02;3.2250000e+02;1.5556861e-01;3.2250000e+02;2.1363960e-01;3.2250000e+02;2.5568026e-01;3.2250000e+02;2.8610894e-01;3.2250000e+02;2.7614221e-01;3.2250000e+02;2.2770052e-01;3.2250000e+02;1.4977154e-01;3.2250000e+02;8.6230949e-02;3.2250000e+02;3.4735397e-02;3.2250000e+02;-1.0657266e-02;3.2250000e+02;-5.3682394e-02;3.2250000e+02;-9.6565515e-02;3.2250000e+02;-1.3893887e-01;3.2250000e+02;-1.8011746e-01;3.2250000e+02;-7.2280861e-02;3.2250000e+02;-3.9912835e-02;3.2250000e+02;1.6733954e-02;3.2250000e+02;8.1687979e-02;3.2250000e+02;1.5556861e-01;3.2250000e+02;2.1363960e-01;3.2250000e+02;2.5568026e-01;3.2250000e+02;2.8610894e-01;3.2250000e+02;2.7614221e-01;3.2250000e+02;2.2770052e-01;3.2250000e+02;1.4977154e-01;3.2250000e+02;8.6230949e-02;3.2250000e+02;3.4735397e-02;3.2250000e+02;-1.0657266e-02;3.2250000e+02;-5.3682394e-02;3.2250000e+02;-9.6565515e-02;3.2250000e+02;-1.3893887e-01;3.2250000e+02;-1.8011746e-01;3.2250000e+02;-7.2280861e-02;3.2250000e+02;-3.9912835e-02;3.2250000e+02;1.6733954e-02;3.2250000e+02;8.1687979e-02;3.2250000e+02;1.5556861e-01;3.2250000e+02;2.1363960e-01;3.2250000e+02;2.5568026e-01;3.2250000e+02;2.8610894e-01;3.2250000e+02;2.7614221e-01;3.2250000e+02;2.2770052e-01;3.2250000e+02;1.4977154e-01;3.2250000e+02;8.6230949e-02;3.2250000e+02;3.4735397e-02;3.2250000e+02;-1.0657266e-02;3.2250000e+02;-5.3682394e-02;3.2250000e+02;-9.6565515e-02;3.2250000e+02;-1.3893887e-01;3.2250000e+02;-1.8011746e-01;3.2250000e+02;-7.2280861e-02;3.2250000e+02;-3.9912835e-02;3.2250000e+02;1.6733954e-02;3.2250000e+02;8.1687979e-02;3.2250000e+02;1.5556861e-01;3.2250000e+02;2.1363960e-01;3.2250000e+02;2.5568026e-01;3.2250000e+02;2.8610894e-01;3.2250000e+02;2.7614221e-01;3.2250000e+02;2.2770052e-01;3.2250000e+02;1.4977154e-01;3.2250000e+02;8.6230949e-02;3.2250000e+02;3.4735397e-02;3.2250000e+02;-1.0657266e-02;3.2250000e+02;-5.3682394e-02;3.2250000e+02;-9.6565515e-02;3.2250000e+02;-1.3893887e-01;3.2250000e+02;-1.8011746e-01;3.2250000e+02;-7.2280861e-02;3.2250000e+02;-3.9912835e-02;3.2250000e+02;1.6733954e-02;3.2250000e+02;8.1687979e-02;3.2250000e+02;1.5556861e-01;3.2250000e+02;2.1363960e-01;3.2250000e+02;2.5568026e-01;3.2250000e+02;2.8610894e-01;3.2250000e+02;2.7614221e-01;3.2250000e+02;2.2770052e-01;3.2250000e+02;1.4977154e-01;3.2250000e+02;8.6230949e-02;3.2250000e+02;3.4735397e-02;3.2250000e+02;-1.0657266e-02;3.2250000e+02;-5.3682394e-02;3.2250000e+02;-9.6565515e-02;3.2250000e+02;-1.3893887e-01;3.2250000e+02;-1.8011746e-01;3.2250000e+02;-7.2280861e-02;3.2250000e+02;-3.9912835e-02;3.2250000e+02;1.6733954e-02;3.2250000e+02;8.1687979e-02;3.2250000e+02;1.5556861e-01;3.2250000e+02;2.1363960e-01;3.2250000e+02;2.5568026e-01;3.2250000e+02;2.8610894e-01;3.2250000e+02;2.7614221e-01;3.2250000e+02;2.2770052e-01;3.2250000e+02;1.4977154e-01;3.2250000e+02;8.6230949e-02;3.2250000e+02;3.4735397e-02;3.2250000e+02;-1.0657266e-02;3.2250000e+02;-5.3682394e-02;3.2250000e+02;-9.6565515e-02;3.2250000e+02;-1.3893887e-01;3.2250000e+02;-1.8011746e-01;3.2250000e+02;-7.2280861e-02;3.2250000e+02;-3.9912835e-02;3.2250000e+02;1.6733954e-02;3.2250000e+02;8.1687979e-02;3.2250000e+02;1.5556861e-01;3.2250000e+02;2.1363960e-01;3.2250000e+02;2.5568026e-01;3.2250000e+02;2.8610894e-01;3.2250000e+02;2.7614221e-01;3.2250000e+02;2.2770052e-01;3.2250000e+02;1.4977154e-01;3.2250000e+02;8.6230949e-02;3.2250000e+02;3.4735397e-02;3.2250000e+02;-1.0657266e-02;3.2250000e+02;-5.3682394e-02;3.2250000e+02;-9.6565515e-02;3.2250000e+02;-1.3893887e-01;3.2250000e+02;-1.8011746e-01;3.2250000e+02;-7.2280861e-02;3.2250000e+02;-3.9912835e-02;3.2250000e+02;1.6733954e-02;3.2250000e+02;8.1687979e-02;3.2250000e+02;1.5556861e-01;3.2250000e+02;2.1363960e-01;3.2250000e+02;2.5568026e-01;3.2250000e+02;2.8610894e-01;3.2250000e+02;2.7614221e-01;3.2250000e+02;2.2770052e-01;3.2250000e+02;1.4977154e-01;3.2250000e+02;8.6230949e-02;3.2250000e+02;3.4735397e-02;3.2250000e+02;-1.0657266e-02;3.2250000e+02;-5.3682394e-02;3.2250000e+02;-9.6565515e-02;3.2250000e+02;-1.3893887e-01;3.2250000e+02;-1.8011746e-01;3.2250000e+02;-7.2280861e-02;3.2250000e+02;-3.9912835e-02;3.2250000e+02;1.6733954e-02;3.2250000e+02;8.1687979e-02;3.2250000e+02;1.5556861e-01;3.2250000e+02;2.1363960e-01;3.2250000e+02;2.5568026e-01;3.2250000e+02;2.8610894e-01;3.2250000e+02;2.7614221e-01;3.2250000e+02;2.2770052e-01;3.2250000e+02;1.4977154e-01;3.2250000e+02;8.6230949e-02;3.2250000e+02;3.4735397e-02;3.2250000e+02;-1.0657266e-02;3.2250000e+02;-5.3682394e-02;3.2250000e+02;-9.6565515e-02;3.2250000e+02;-1.3893887e-01;3.2250000e+02;-1.8011746e-01;3.2250000e+02;-7.2280861e-02;3.2250000e+02;-3.9912835e-02;3.2250000e+02;1.6733954e-02;3.2250000e+02;8.1687979e-02;3.2250000e+02;1.5556861e-01;3.2250000e+02;2.1363960e-01;3.2250000e+02;2.5568026e-01;3.2250000e+02;2.8610894e-01;3.2250000e+02;2.7614221e-01;3.2250000e+02;2.2770052e-01;3.2250000e+02;1.4977154e-01;3.2250000e+02;8.6230949e-02;3.2250000e+02;3.4735397e-02;3.2250000e+02;-1.0657266e-02;3.2250000e+02;-5.3682394e-02;3.2250000e+02;-9.6565515e-02;3.2250000e+02;-1.3893887e-01;3.2250000e+02;-1.8011746e-01;3.2250000e+02;-7.2280861e-02;3.2250000e+02;-3.9912835e-02;3.2250000e+02;1.6733954e-02;3.2250000e+02;8.1687979e-02;3.2250000e+02;1.5556861e-01;3.2250000e+02;2.1363960e-01;3.2250000e+02;2.5568026e-01;3.2250000e+02;2.8610894e-01;3.2250000e+02;2.7614221e-01;3.2250000e+02;2.2770052e-01;3.2250000e+02;1.4977154e-01;3.2250000e+02;8.6230949e-02;3.2250000e+02;3.4735397e-02;3.2250000e+02;-1.0657266e-02;3.2250000e+02;-5.3682394e-02;3.2250000e+02;-9.6565515e-02;3.2250000e+02;-1.3893887e-01;3.2250000e+02;-1.8011746e-01;3.2250000e+02;-7.2280861e-02;3.2250000e+02;-3.9912835e-02;3.2250000e+02;1.6733954e-02;3.2250000e+02;8.1687979e-02;3.2250000e+02;1.5556861e-01;3.2250000e+02;2.1363960e-01;3.2250000e+02;2.5568026e-01;3.2250000e+02;2.8610894e-01;3.2250000e+02;2.7614221e-01;3.2250000e+02;2.2770052e-01;3.2250000e+02;1.4977154e-01;3.2250000e+02;8.6230949e-02;3.2250000e+02;3.4735397e-02;3.2250000e+02;-1.0657266e-02;3.2250000e+02;-5.3682394e-02;3.2250000e+02;-9.6565515e-02;3.2250000e+02;-1.3893887e-01;3.2250000e+02;-1.8011746e-01;3.2250000e+02;-7.2280861e-02;3.2250000e+02;-3.9912835e-02;3.2250000e+02;1.6733954e-02;3.2250000e+02;8.1687979e-02;3.2250000e+02;1.5556861e-01;3.2250000e+02;2.1363960e-01;3.2250000e+02;2.5568026e-01;3.2250000e+02;2.8610894e-01;3.2250000e+02;2.7614221e-01;3.2250000e+02;2.2770052e-01;3.2250000e+02;1.4977154e-01;3.2250000e+02;8.6230949e-02;3.2250000e+02;3.4735397e-02;3.2250000e+02;-1.0657266e-02;3.2250000e+02;-5.3682394e-02;3.2250000e+02;-9.6565515e-02;3.2250000e+02;-1.3893887e-01;3.2250000e+02;-1.8011746e-01;3.2250000e+02;-7.2280861e-02;3.2250000e+02;-3.9912835e-02;3.2250000e+02;1.6733954e-02;3.2250000e+02;8.1687979e-02;3.2250000e+02;1.5556861e-01;3.2250000e+02;2.1363960e-01;3.2250000e+02;2.5568026e-01;3.2250000e+02;2.8610894e-01;3.2250000e+02;2.7614221e-01;3.2250000e+02;2.2770052e-01;3.2250000e+02;1.4977154e-01;3.2250000e+02;8.6230949e-02;3.2250000e+02;3.4735397e-02;3.2250000e+02;-1.0657266e-02;3.2250000e+02;-5.3682394e-02;3.2250000e+02;-9.6565515e-02;3.2250000e+02;-1.3893887e-01;3.2250000e+02;-1.8011746e-01;3.2250000e+02;-7.2280861e-02;3.2250000e+02;-3.9912835e-02;3.2250000e+02;1.6733954e-02;3.2250000e+02;8.1687979e-02;3.2250000e+02;1.5556861e-01;3.2250000e+02;2.1363960e-01;3.2250000e+02;2.5568026e-01;3.2250000e+02;2.8610894e-01;3.2250000e+02;2.7614221e-01;3.2250000e+02;2.2770052e-01;3.2250000e+02;1.4977154e-01;3.2250000e+02;8.6230949e-02;3.2250000e+02;3.4735397e-02;3.2250000e+02;-1.0657266e-02;3.2250000e+02;-5.3682394e-02;3.2250000e+02;-9.6565515e-02;3.2250000e+02;-1.3893887e-01;3.2250000e+02;-1.8011746e-01;3.2250000e+02;-7.2280861e-02;3.2250000e+02;-3.9912835e-02;3.2250000e+02;1.6733954e-02;3.2250000e+02;8.1687979e-02;3.2250000e+02;1.5556861e-01;3.2250000e+02;2.1363960e-01;3.2250000e+02;2.5568026e-01;3.2250000e+02;2.8610894e-01;3.2250000e+02;2.7614221e-01;3.2250000e+02;2.2770052e-01;3.2250000e+02;1.4977154e-01;3.2250000e+02;8.6230949e-02;3.2250000e+02;3.4735397e-02;3.2250000e+02;-1.0657266e-02;3.2250000e+02;-5.3682394e-02;3.2250000e+02;-9.6565515e-02;3.2250000e+02;-1.3893887e-01;3.2250000e+02;-1.8011746e-01;3.2250000e+02;-7.2280861e-02;3.2250000e+02;-3.9912835e-02;3.2250000e+02;1.6733954e-02;3.2250000e+02;8.1687979e-02;3.2250000e+02;1.5556861e-01;3.2250000e+02;2.1363960e-01;3.2250000e+02;2.5568026e-01;3.2250000e+02;2.8610894e-01;3.2250000e+02;2.7614221e-01;3.2250000e+02;2.2770052e-01;3.2250000e+02;1.4977154e-01;3.2250000e+02;8.6230949e-02;3.2250000e+02;3.4735397e-02;3.2250000e+02;-1.0657266e-02;3.2250000e+02;-5.3682394e-02;3.2250000e+02;-9.6565515e-02;3.2250000e+02;-1.3893887e-01;3.2250000e+02;-1.8011746e-01;3.2250000e+02;-7.2280861e-02;3.2250000e+02;-3.9912835e-02;3.2250000e+02;1.6733954e-02;3.2250000e+02;8.1687979e-02;3.2250000e+02;1.5556861e-01;3.2250000e+02;2.1363960e-01;3.2250000e+02;2.5568026e-01;3.2250000e+02;2.8610894e-01;3.2250000e+02;2.7614221e-01;3.2250000e+02;2.2770052e-01;3.2250000e+02;1.4977154e-01;3.2250000e+02;8.6230949e-02;3.2250000e+02;3.4735397e-02;3.2250000e+02;-1.0657266e-02;3.2250000e+02;-5.3682394e-02;3.2250000e+02;-9.6565515e-02;3.2250000e+02;-1.3893887e-01;3.2250000e+02;-1.8011746e-01;3.2250000e+02;-7.2280861e-02;3.2250000e+02;-3.9912835e-02;3.2250000e+02;1.6733954e-02;3.2250000e+02;8.1687979e-02;3.2250000e+02;1.5556861e-01;3.2250000e+02;2.1363960e-01;3.2250000e+02;2.5568026e-01;3.2250000e+02;2.8610894e-01;3.2250000e+02;2.7614221e-01;3.2250000e+02;2.2770052e-01;3.2250000e+02;1.4977154e-01;3.2250000e+02;8.6230949e-02;3.2250000e+02;3.4735397e-02;3.2250000e+02;-1.0657266e-02;3.2250000e+02;-5.3682394e-02;3.2250000e+02;-9.6565515e-02;3.2250000e+02;-1.3893887e-01;3.2250000e+02;-1.8011746e-01;3.2250000e+02;-7.2280861e-02;3.2250000e+02;-3.9912835e-02;3.2250000e+02;1.6733954e-02;3.2250000e+02;8.1687979e-02;3.2250000e+02;1.5556861e-01;3.2250000e+02;2.1363960e-01;3.2250000e+02;2.5568026e-01;3.2250000e+02;2.8610894e-01;3.2250000e+02;2.7614221e-01;3.2250000e+02;2.2770052e-01;3.2250000e+02;1.4977154e-01;3.2250000e+02;8.6230949e-02;3.2250000e+02;3.4735397e-02;3.2250000e+02;-1.0657266e-02;3.2250000e+02;-5.3682394e-02;3.2250000e+02;-9.6565515e-02;3.2250000e+02;-1.3893887e-01;3.2250000e+02;-1.8011746e-01;3.2250000e+02;-7.2280861e-02;3.2250000e+02;-3.9912835e-02;3.2250000e+02;1.6733954e-02;3.2250000e+02;8.1687979e-02;3.2250000e+02;1.5556861e-01;3.2250000e+02;2.1363960e-01;3.2250000e+02;2.5568026e-01;3.2250000e+02;2.8610894e-01;3.2250000e+02;2.7614221e-01;3.2250000e+02;2.2770052e-01;3.2250000e+02;1.4977154e-01;3.2250000e+02;8.6230949e-02;3.2250000e+02;3.4735397e-02;3.2250000e+02;-1.0657266e-02;3.2250000e+02;-5.3682394e-02;3.2250000e+02;-9.6565515e-02;3.2250000e+02;-1.3893887e-01;3.2250000e+02;-1.8011746e-01;3.2250000e+02;-7.2280861e-02;3.2250000e+02;-3.9912835e-02;3.2250000e+02;1.6733954e-02;3.2250000e+02;8.1687979e-02;3.2250000e+02;1.5556861e-01;3.2250000e+02;2.1363960e-01;3.2250000e+02;2.5568026e-01;3.2250000e+02;2.8610894e-01;3.2250000e+02;2.7614221e-01;3.2250000e+02;2.2770052e-01;3.2250000e+02;1.4977154e-01;3.2250000e+02;8.6230949e-02;3.2250000e+02;3.4735397e-02;3.2250000e+02;-1.0657266e-02;3.2250000e+02;-5.3682394e-02;3.2250000e+02;-9.6565515e-02;3.2250000e+02;-1.3893887e-01;3.2250000e+02;-1.8011746e-01;3.2250000e+02;-7.2280861e-02;3.2250000e+02;-3.9912835e-02;3.2250000e+02;1.6733954e-02;3.2250000e+02;8.1687979e-02;3.2250000e+02;1.5556861e-01;3.2250000e+02;2.1363960e-01;3.2250000e+02;2.5568026e-01;3.2250000e+02;2.8610894e-01;3.2250000e+02;2.7614221e-01;3.2250000e+02;2.2770052e-01;3.2250000e+02;1.4977154e-01;3.2250000e+02;8.6230949e-02;3.2250000e+02;3.4735397e-02;3.2250000e+02;-1.0657266e-02;3.2250000e+02;-5.3682394e-02;3.2250000e+02;-9.6565515e-02;3.2250000e+02;-1.3893887e-01;3.2250000e+02;-1.8011746e-01;3.2250000e+02;-7.2280861e-02;3.2250000e+02;-3.9912835e-02;3.2250000e+02;1.6733954e-02;3.2250000e+02;8.1687979e-02;3.2250000e+02;1.5556861e-01;3.2250000e+02;2.1363960e-01;3.2250000e+02;2.5568026e-01;3.2250000e+02;2.8610894e-01;3.2250000e+02;2.7614221e-01;3.2250000e+02;2.2770052e-01;3.2250000e+02;1.4977154e-01;3.2250000e+02;8.6230949e-02;3.2250000e+02;3.4735397e-02;3.2250000e+02;-1.0657266e-02;3.2250000e+02;-5.3682394e-02;3.2250000e+02;-9.6565515e-02;3.2250000e+02;-1.3893887e-01;3.2250000e+02;-1.8011746e-01;3.2250000e+02;-7.2280861e-02;3.2250000e+02;-3.9912835e-02;3.2250000e+02;1.6733954e-02;3.2250000e+02;8.1687979e-02;3.2250000e+02;1.5556861e-01;3.2250000e+02;2.1363960e-01;3.2250000e+02;2.5568026e-01;3.2250000e+02;2.8610894e-01;3.2250000e+02;2.7614221e-01;3.2250000e+02;2.2770052e-01;3.2250000e+02;1.4977154e-01;3.2250000e+02;8.6230949e-02;3.2250000e+02;3.4735397e-02;3.2250000e+02;-1.0657266e-02;3.2250000e+02;-5.3682394e-02;3.2250000e+02;-9.6565515e-02;3.2250000e+02;-1.3893887e-01;3.2250000e+02;-1.8011746e-01;3.2250000e+02;-7.2280861e-02;3.2250000e+02;-3.9912835e-02;3.2250000e+02;1.6733954e-02;3.2250000e+02;8.1687979e-02;3.2250000e+02;1.5556861e-01;3.2250000e+02;2.1363960e-01;3.2250000e+02;2.5568026e-01;3.2250000e+02;2.8610894e-01;3.2250000e+02;2.7614221e-01;3.2250000e+02;2.2770052e-01;3.2250000e+02;1.4977154e-01;3.2250000e+02;8.6230949e-02;3.2250000e+02;3.4735397e-02;3.2250000e+02;-1.0657266e-02;3.2250000e+02;-5.3682394e-02;3.2250000e+02;-9.6565515e-02;3.2250000e+02;-1.3893887e-01;3.2250000e+02;-1.8011746e-01;3.2250000e+02;-7.2280861e-02;3.2250000e+02;-3.9912835e-02;3.2250000e+02;1.6733954e-02;3.2250000e+02;8.1687979e-02;3.2250000e+02;1.5556861e-01;3.2250000e+02;2.1363960e-01;3.2250000e+02;2.5568026e-01;3.2250000e+02;2.8610894e-01;3.2250000e+02;2.7614221e-01;3.2250000e+02;2.2770052e-01;3.2250000e+02;1.4977154e-01;3.2250000e+02;8.6230949e-02;3.2250000e+02;3.4735397e-02;3.2250000e+02;-1.0657266e-02;3.2250000e+02;-5.3682394e-02;3.2250000e+02;-9.6565515e-02;3.2250000e+02;-1.3893887e-01;3.2250000e+02;-1.8011746e-01;3.2250000e+02;-7.2280861e-02;3.2250000e+02;-3.9912835e-02;3.2250000e+02;1.6733954e-02;3.2250000e+02;8.1687979e-02;3.2250000e+02;1.5556861e-01;3.2250000e+02;2.1363960e-01;3.2250000e+02;2.5568026e-01;3.2250000e+02;2.8610894e-01;3.2250000e+02;2.7614221e-01;3.2250000e+02;2.2770052e-01;3.2250000e+02;1.4977154e-01;3.2250000e+02;8.6230949e-02;3.2250000e+02;3.4735397e-02;3.2250000e+02;-1.0657266e-02;3.2250000e+02;-5.3682394e-02;3.2250000e+02;-9.6565515e-02;3.2250000e+02;-1.3893887e-01;3.2250000e+02;-1.8011746e-01;3.2250000e+02;-7.2280861e-02;3.2250000e+02;-3.9912835e-02;3.2250000e+02;1.6733954e-02;3.2250000e+02;8.1687979e-02;3.2250000e+02;1.5556861e-01;3.2250000e+02;2.1363960e-01;3.2250000e+02;2.5568026e-01;3.2250000e+02;2.8610894e-01;3.2250000e+02;2.7614221e-01;3.2250000e+02;2.2770052e-01;3.2250000e+02;1.4977154e-01;3.2250000e+02;8.6230949e-02;3.2250000e+02;3.4735397e-02;3.2250000e+02;-1.0657266e-02;3.2250000e+02;-5.3682394e-02;3.2250000e+02;-9.6565515e-02;3.2250000e+02;-1.3893887e-01;3.2250000e+02;-1.8011746e-01;3.2250000e+02;-7.2280861e-02;3.2250000e+02;-3.9912835e-02;3.2250000e+02;1.6733954e-02;3.2250000e+02;8.1687979e-02;3.2250000e+02;1.5556861e-01;3.2250000e+02;2.1363960e-01;3.2250000e+02;2.5568026e-01;3.2250000e+02;2.8610894e-01;3.2250000e+02;2.7614221e-01;3.2250000e+02;2.2770052e-01;3.2250000e+02;1.4977154e-01;3.2250000e+02;8.6230949e-02;3.2250000e+02;3.4735397e-02;3.2250000e+02;-1.0657266e-02;3.2250000e+02;-5.3682394e-02;3.2250000e+02;-9.6565515e-02;3.2250000e+02;-1.3893887e-01;3.2250000e+02;-1.8011746e-01;3.2250000e+02;-7.2280861e-02;3.2250000e+02;-3.9912835e-02;3.2250000e+02;1.6733954e-02;3.2250000e+02;8.1687979e-02;3.2250000e+02;1.5556861e-01;3.2250000e+02;2.1363960e-01;3.2250000e+02;2.5568026e-01;3.2250000e+02;2.8610894e-01;3.2250000e+02;2.7614221e-01;3.2250000e+02;2.2770052e-01;3.2250000e+02;1.4977154e-01;3.2250000e+02;8.6230949e-02;3.2250000e+02;3.4735397e-02;3.2250000e+02;-1.0657266e-02;3.2250000e+02;-5.3682394e-02;3.2250000e+02;-9.6565515e-02;3.2250000e+02;-1.3893887e-01;3.2250000e+02;-1.8011746e-01;3.2250000e+02;-7.2280861e-02;3.2250000e+02;-3.9912835e-02;3.2250000e+02;1.6733954e-02;3.2250000e+02;8.1687979e-02;3.2250000e+02;1.5556861e-01;3.2250000e+02;2.1363960e-01;3.2250000e+02;2.5568026e-01;3.2250000e+02;2.8610894e-01;3.2250000e+02;2.7614221e-01;3.2250000e+02;2.2770052e-01;3.2250000e+02;1.4977154e-01;3.2250000e+02;8.6230949e-02;3.2250000e+02;3.4735397e-02;3.2250000e+02;-1.0657266e-02;3.2250000e+02;-5.3682394e-02;3.2250000e+02;-9.6565515e-02;3.2250000e+02;-1.3893887e-01;3.2250000e+02;-1.8011746e-01;3.2250000e+02;-7.2280861e-02;3.2250000e+02;-3.9912835e-02;3.2250000e+02;1.6733954e-02;3.2250000e+02;8.1687979e-02;3.2250000e+02;1.5556861e-01;3.2250000e+02;2.1363960e-01;3.2250000e+02;2.5568026e-01;3.2250000e+02;2.8610894e-01;3.2250000e+02;2.7614221e-01;3.2250000e+02;2.2770052e-01;3.2250000e+02;1.4977154e-01;3.2250000e+02;8.6230949e-02;3.2250000e+02;3.4735397e-02;3.2250000e+02;-1.0657266e-02;3.2250000e+02;-5.3682394e-02;3.2250000e+02;-9.6565515e-02;3.2250000e+02;-1.3893887e-01;3.2250000e+02;-1.8011746e-01;3.2250000e+02;-7.2280861e-02;3.2250000e+02;-3.9912835e-02;3.2250000e+02;1.6733954e-02;3.2250000e+02;8.1687979e-02;3.2250000e+02;1.5556861e-01;3.2250000e+02;2.1363960e-01;3.2250000e+02;2.5568026e-01;3.2250000e+02;2.8610894e-01;3.2250000e+02;2.7614221e-01;3.2250000e+02;2.2770052e-01;3.2250000e+02;1.4977154e-01;3.2250000e+02;8.6230949e-02;3.2250000e+02;3.4735397e-02;3.2250000e+02;-1.0657266e-02;3.2250000e+02;-5.3682394e-02;3.2250000e+02;-9.6565515e-02;3.2250000e+02;-1.3893887e-01;3.2250000e+02;-1.8011746e-01;3.2250000e+02;-7.2280861e-02;3.2250000e+02;-3.9912835e-02;3.2250000e+02;1.6733954e-02;3.2250000e+02;8.1687979e-02;3.2250000e+02;1.5556861e-01;3.2250000e+02;2.1363960e-01;3.2250000e+02;2.5568026e-01;3.2250000e+02;2.8610894e-01;3.2250000e+02;2.7614221e-01;3.2250000e+02;2.2770052e-01;3.2250000e+02;1.4977154e-01;3.2250000e+02;8.6230949e-02;3.2250000e+02;3.4735397e-02;3.2250000e+02;-1.0657266e-02;3.2250000e+02;-5.3682394e-02;3.2250000e+02;-9.6565515e-02;3.2250000e+02;-1.3893887e-01;3.2250000e+02;-1.8011746e-01;3.2250000e+02;-7.2280861e-02;3.2250000e+02;-3.9912835e-02;3.2250000e+02;1.6733954e-02;3.2250000e+02;8.1687979e-02;3.2250000e+02;1.5556861e-01;3.2250000e+02;2.1363960e-01;3.2250000e+02;2.5568026e-01;3.2250000e+02;2.8610894e-01;3.2250000e+02;2.7614221e-01;3.2250000e+02;2.2770052e-01;3.2250000e+02;1.4977154e-01;3.2250000e+02;8.6230949e-02;3.2250000e+02;3.4735397e-02;3.2250000e+02;-1.0657266e-02;3.2250000e+02;-5.3682394e-02;3.2250000e+02;-9.6565515e-02;3.2250000e+02;-1.3893887e-01;3.2250000e+02;-1.8011746e-01;3.2250000e+02;-7.2280861e-02;3.2250000e+02;-3.9912835e-02;3.2250000e+02;1.6733954e-02;3.2250000e+02;8.1687979e-02;3.2250000e+02;1.5556861e-01;3.2250000e+02;2.1363960e-01;3.2250000e+02;2.5568026e-01;3.2250000e+02;2.8610894e-01;3.2250000e+02;2.7614221e-01;3.2250000e+02;2.2770052e-01;3.2250000e+02;1.4977154e-01;3.2250000e+02;8.6230949e-02;3.2250000e+02;3.4735397e-02;3.2250000e+02;-1.0657266e-02;3.2250000e+02;-5.3682394e-02;3.2250000e+02;-9.6565515e-02;3.2250000e+02;-1.3893887e-01;3.2250000e+02;-1.8011746e-01;3.2250000e+02;-7.2280861e-02;3.2250000e+02;-3.9912835e-02;3.2250000e+02;1.6733954e-02;3.2250000e+02;8.1687979e-02;3.2250000e+02;1.5556861e-01;3.2250000e+02;2.1363960e-01;3.2250000e+02;2.5568026e-01;3.2250000e+02;2.8610894e-01;3.2250000e+02;2.7614221e-01;3.2250000e+02;2.2770052e-01;3.2250000e+02;1.4977154e-01;3.2250000e+02;8.6230949e-02;3.2250000e+02;3.4735397e-02;3.2250000e+02;-1.0657266e-02;3.2250000e+02;-5.3682394e-02;3.2250000e+02;-9.6565515e-02;3.2250000e+02;-1.3893887e-01;3.2250000e+02;-1.8011746e-01;3.2250000e+02;-7.2280861e-02;3.2250000e+02;-3.9912835e-02;3.2250000e+02;1.6733954e-02;3.2250000e+02;8.1687979e-02;3.2250000e+02;1.5556861e-01;3.2250000e+02;2.1363960e-01;3.2250000e+02;2.5568026e-01;3.2250000e+02;2.8610894e-01;3.2250000e+02;2.7614221e-01;3.2250000e+02;2.2770052e-01;3.2250000e+02;1.4977154e-01;3.2250000e+02;8.6230949e-02;3.2250000e+02;3.4735397e-02;3.2250000e+02;-1.0657266e-02;3.2250000e+02;-5.3682394e-02;3.2250000e+02;-9.6565515e-02;3.2250000e+02;-1.3893887e-01;3.2250000e+02;-1.8011746e-01;3.2250000e+02;-7.2280861e-02;3.2250000e+02;-3.9912835e-02;3.2250000e+02;1.6733954e-02;3.2250000e+02;8.1687979e-02;3.2250000e+02;1.5556861e-01;3.2250000e+02;2.1363960e-01;3.2250000e+02;2.5568026e-01;3.2250000e+02;2.8610894e-01;3.2250000e+02;2.7614221e-01;3.2250000e+02;2.2770052e-01;3.2250000e+02;1.4977154e-01;3.2250000e+02;8.6230949e-02;3.2250000e+02;3.4735397e-02;3.2250000e+02;-1.0657266e-02;3.2250000e+02;-5.3682394e-02;3.2250000e+02;-9.6565515e-02;3.2250000e+02;-1.3893887e-01;3.2250000e+02;-1.8011746e-01;3.2250000e+02;-7.2280861e-02;3.2250000e+02;-3.9912835e-02;3.2250000e+02;1.6733954e-02;3.2250000e+02;8.1687979e-02;3.2250000e+02;1.5556861e-01;3.2250000e+02;2.1363960e-01;3.2250000e+02;2.5568026e-01;3.2250000e+02;2.8610894e-01;3.2250000e+02;2.7614221e-01;3.2250000e+02;2.2770052e-01;3.2250000e+02;1.4977154e-01;3.2250000e+02;8.6230949e-02;3.2250000e+02;3.4735397e-02;3.2250000e+02;-1.0657266e-02;3.2250000e+02;-5.3682394e-02;3.2250000e+02;-9.6565515e-02;3.2250000e+02;-1.3893887e-01;3.2250000e+02;-1.8011746e-01;3.2250000e+02;-7.2280861e-02;3.2250000e+02;-3.9912835e-02;3.2250000e+02;1.6733954e-02;3.2250000e+02;8.1687979e-02;3.2250000e+02;1.5556861e-01;3.2250000e+02;2.1363960e-01;3.2250000e+02;2.5568026e-01;3.2250000e+02;2.8610894e-01;3.2250000e+02;2.7614221e-01;3.2250000e+02;2.2770052e-01;3.2250000e+02;1.4977154e-01;3.2250000e+02;8.6230949e-02;3.2250000e+02;3.4735397e-02;3.2250000e+02;-1.0657266e-02;3.2250000e+02;-5.3682394e-02;3.2250000e+02;-9.6565515e-02;3.2250000e+02;-1.3893887e-01;3.2250000e+02;-1.8011746e-01;3.2250000e+02;-7.2280861e-02;3.2250000e+02;-3.9912835e-02;3.2250000e+02;1.6733954e-02;3.2250000e+02;8.1687979e-02;3.2250000e+02;1.5556861e-01;3.2250000e+02;2.1363960e-01;3.2250000e+02;2.5568026e-01;3.2250000e+02;2.8610894e-01;3.2250000e+02;2.7614221e-01;3.2250000e+02;2.2770052e-01;3.2250000e+02;1.4977154e-01;3.2250000e+02;8.6230949e-02;3.2250000e+02;3.4735397e-02;3.2250000e+02;-1.0657266e-02;3.2250000e+02;-5.3682394e-02;3.2250000e+02;-9.6565515e-02;3.2250000e+02;-1.3893887e-01;3.2250000e+02;-1.8011746e-01;3.2250000e+02;-7.2280861e-02;3.2250000e+02;-3.9912835e-02;3.2250000e+02;1.6733954e-02;3.2250000e+02;8.1687979e-02;3.2250000e+02;1.5556861e-01;3.2250000e+02;2.1363960e-01;3.2250000e+02;2.5568026e-01;3.2250000e+02;2.8610894e-01;3.2250000e+02;2.7614221e-01;3.2250000e+02;2.2770052e-01;3.2250000e+02;1.4977154e-01;3.2250000e+02;8.6230949e-02;3.2250000e+02;3.4735397e-02;3.2250000e+02;-1.0657266e-02;3.2250000e+02;-5.3682394e-02;3.2250000e+02;-9.6565515e-02;3.2250000e+02;-1.3893887e-01;3.2250000e+02;-1.8011746e-01;3.2250000e+02;-7.2280861e-02;3.2250000e+02;-3.9912835e-02;3.2250000e+02;1.6733954e-02;3.2250000e+02;8.1687979e-02;3.2250000e+02;1.5556861e-01;3.2250000e+02;2.1363960e-01;3.2250000e+02;2.5568026e-01;3.2250000e+02;2.8610894e-01;3.2250000e+02;2.7614221e-01;3.2250000e+02;2.2770052e-01;3.2250000e+02;1.4977154e-01;3.2250000e+02;8.6230949e-02;3.2250000e+02;3.4735397e-02;3.2250000e+02;-1.0657266e-02;3.2250000e+02;-5.3682394e-02;3.2250000e+02;-9.6565515e-02;3.2250000e+02;-1.3893887e-01;3.2250000e+02;-1.8011746e-01;3.2250000e+02;-7.2280861e-02;3.2250000e+02;-3.9912835e-02;3.2250000e+02;1.6733954e-02;3.2250000e+02;8.1687979e-02;3.2250000e+02;1.5556861e-01;3.2250000e+02;2.1363960e-01;3.2250000e+02;2.5568026e-01;3.2250000e+02;2.8610894e-01;3.2250000e+02;2.7614221e-01;3.2250000e+02;2.2770052e-01;3.2250000e+02;1.4977154e-01;3.2250000e+02;8.6230949e-02;3.2250000e+02;3.4735397e-02;3.2250000e+02;-1.0657266e-02;3.2250000e+02;-5.3682394e-02;3.2250000e+02;-9.6565515e-02;3.2250000e+02;-1.3893887e-01;3.2250000e+02;-1.8011746e-01;3.2250000e+02;-7.2280861e-02;3.2250000e+02;-3.9912835e-02;3.2250000e+02;1.6733954e-02;3.2250000e+02;8.1687979e-02;3.2250000e+02;1.5556861e-01;3.2250000e+02;2.1363960e-01;3.2250000e+02;2.5568026e-01;3.2250000e+02;2.8610894e-01;3.2250000e+02;2.7614221e-01;3.2250000e+02;2.2770052e-01;3.2250000e+02;1.4977154e-01;3.2250000e+02;8.6230949e-02;3.2250000e+02;3.4735397e-02;3.2250000e+02;-1.0657266e-02;3.2250000e+02;-5.3682394e-02;3.2250000e+02;-9.6565515e-02;3.2250000e+02;-1.3893887e-01;3.2250000e+02;-1.8011746e-01;3.2250000e+02;-7.2280861e-02;3.2250000e+02;-3.9912835e-02;3.2250000e+02;1.6733954e-02;3.2250000e+02;8.1687979e-02;3.2250000e+02;1.5556861e-01;3.2250000e+02;2.1363960e-01;3.2250000e+02;2.5568026e-01;3.2250000e+02;2.8610894e-01;3.2250000e+02;2.7614221e-01;3.2250000e+02;2.2770052e-01;3.2250000e+02;1.4977154e-01;3.2250000e+02;8.6230949e-02;3.2250000e+02;3.4735397e-02;3.2250000e+02;-1.0657266e-02;3.2250000e+02;-5.3682394e-02;3.2250000e+02;-9.6565515e-02;3.2250000e+02;-1.3893887e-01;3.2250000e+02;-1.8011746e-01;3.2250000e+02;-7.2280861e-02;3.2250000e+02;-3.9912835e-02;3.2250000e+02;1.6733954e-02;3.2250000e+02;8.1687979e-02;3.2250000e+02;1.5556861e-01;3.2250000e+02;2.1363960e-01;3.2250000e+02;2.5568026e-01;3.2250000e+02;2.8610894e-01;3.2250000e+02;2.7614221e-01;3.2250000e+02;2.2770052e-01;3.2250000e+02;1.4977154e-01;3.2250000e+02;8.6230949e-02;3.2250000e+02;3.4735397e-02;3.2250000e+02;-1.0657266e-02;3.2250000e+02;-5.3682394e-02;3.2250000e+02;-9.6565515e-02;3.2250000e+02;-1.3893887e-01;3.2250000e+02;-1.8011746e-01;3.2250000e+02;-7.2280861e-02;3.2250000e+02;-3.9912835e-02;3.2250000e+02;1.6733954e-02;3.2250000e+02;8.1687979e-02;3.2250000e+02;1.5556861e-01;3.2250000e+02;2.1363960e-01;3.2250000e+02;2.5568026e-01;3.2250000e+02;2.8610894e-01;3.2250000e+02;2.7614221e-01;3.2250000e+02;2.2770052e-01;3.2250000e+02;1.4977154e-01;3.2250000e+02;8.6230949e-02;3.2250000e+02;3.4735397e-02;3.2250000e+02;-1.0657266e-02;3.2250000e+02;-5.3682394e-02;3.2250000e+02;-9.6565515e-02;3.2250000e+02;-1.3893887e-01;3.2250000e+02;-1.8011746e-01;3.2250000e+02;-7.2280861e-02;3.2250000e+02;-3.9912835e-02;3.2250000e+02;1.6733954e-02;3.2250000e+02;8.1687979e-02;3.2250000e+02;1.5556861e-01;3.2250000e+02;2.1363960e-01;3.2250000e+02;2.5568026e-01;3.2250000e+02;2.8610894e-01;3.2250000e+02;2.7614221e-01;3.2250000e+02;2.2770052e-01;3.2250000e+02;1.4977154e-01;3.2250000e+02;8.6230949e-02;3.2250000e+02;3.4735397e-02;3.2250000e+02;-1.0657266e-02;3.2250000e+02;-5.3682394e-02;3.2250000e+02;-9.6565515e-02;3.2250000e+02;-1.3893887e-01;3.2250000e+02;-1.8011746e-01;3.2250000e+02;-7.2280861e-02;3.2250000e+02;-3.9912835e-02;3.2250000e+02;1.6733954e-02;3.2250000e+02;8.1687979e-02;3.2250000e+02;1.5556861e-01;3.2250000e+02;2.1363960e-01;3.2250000e+02;2.5568026e-01;3.2250000e+02;2.8610894e-01;3.2250000e+02;2.7614221e-01;3.2250000e+02;2.2770052e-01;3.2250000e+02;1.4977154e-01;3.2250000e+02;8.6230949e-02;3.2250000e+02;3.4735397e-02;3.2250000e+02;-1.0657266e-02;3.2250000e+02;-5.3682394e-02;3.2250000e+02;-9.6565515e-02;3.2250000e+02;-1.3893887e-01;3.2250000e+02;-1.8011746e-01;3.2250000e+02;-7.2280861e-02;3.2250000e+02;-3.9912835e-02;3.2250000e+02;1.6733954e-02;3.2250000e+02;8.1687979e-02;3.2250000e+02;1.5556861e-01;3.2250000e+02;2.1363960e-01;3.2250000e+02;2.5568026e-01;3.2250000e+02;2.8610894e-01;3.2250000e+02;2.7614221e-01;3.2250000e+02;2.2770052e-01;3.2250000e+02;1.4977154e-01;3.2250000e+02;8.6230949e-02;3.2250000e+02;3.4735397e-02;3.2250000e+02;-1.0657266e-02;3.2250000e+02;-5.3682394e-02;3.2250000e+02;-9.6565515e-02;3.2250000e+02;-1.3893887e-01;3.2250000e+02;-1.8011746e-01;3.2250000e+02;-7.2280861e-02;3.2250000e+02;-3.9912835e-02;3.2250000e+02;1.6733954e-02;3.2250000e+02;8.1687979e-02;3.2250000e+02;1.5556861e-01;3.2250000e+02;2.1363960e-01;3.2250000e+02;2.5568026e-01;3.2250000e+02;2.8610894e-01;3.2250000e+02;2.7614221e-01;3.2250000e+02;2.2770052e-01;3.2250000e+02;1.4977154e-01;3.2250000e+02;8.6230949e-02;3.2250000e+02;3.4735397e-02;3.2250000e+02;-1.0657266e-02;3.2250000e+02;-5.3682394e-02;3.2250000e+02;-9.6565515e-02;3.2250000e+02;-1.3893887e-01;3.2250000e+02;-1.8011746e-01;3.2250000e+02;-7.2280861e-02;3.2250000e+02;-3.9912835e-02;3.2250000e+02;1.6733954e-02;3.2250000e+02;8.1687979e-02;3.2250000e+02;1.5556861e-01;3.2250000e+02;2.1363960e-01;3.2250000e+02;2.5568026e-01;3.2250000e+02;2.8610894e-01;3.2250000e+02;2.7614221e-01;3.2250000e+02;2.2770052e-01;3.2250000e+02;1.4977154e-01;3.2250000e+02;8.6230949e-02;3.2250000e+02;3.4735397e-02;3.2250000e+02;-1.0657266e-02;3.2250000e+02;-5.3682394e-02;3.2250000e+02;-9.6565515e-02;3.2250000e+02;-1.3893887e-01;3.2250000e+02;-1.8011746e-01;3.2250000e+02;-7.2280861e-02;3.2250000e+02;-3.9912835e-02;3.2250000e+02;1.6733954e-02;3.2250000e+02;8.1687979e-02;3.2250000e+02;1.5556861e-01;3.2250000e+02;2.1363960e-01;3.2250000e+02;2.5568026e-01;3.2250000e+02;2.8610894e-01;3.2250000e+02;2.7614221e-01;3.2250000e+02;2.2770052e-01;3.2250000e+02;1.4977154e-01;3.2250000e+02;8.6230949e-02;3.2250000e+02;3.4735397e-02;3.2250000e+02;-1.0657266e-02;3.2250000e+02;-5.3682394e-02;3.2250000e+02;-9.6565515e-02;3.2250000e+02;-1.3893887e-01;3.2250000e+02;-1.8011746e-01;3.2250000e+02;-7.2280861e-02;3.2250000e+02;-3.9912835e-02;3.2250000e+02;1.6733954e-02;3.2250000e+02;8.1687979e-02;3.2250000e+02;1.5556861e-01;3.2250000e+02;2.1363960e-01;3.2250000e+02;2.5568026e-01;3.2250000e+02;2.8610894e-01;3.2250000e+02;2.7614221e-01;3.2250000e+02;2.2770052e-01;3.2250000e+02;1.4977154e-01;3.2250000e+02;8.6230949e-02;3.2250000e+02;3.4735397e-02;3.2250000e+02;-1.0657266e-02;3.2250000e+02;-5.3682394e-02;3.2250000e+02;-9.6565515e-02;3.2250000e+02;-1.3893887e-01;3.2250000e+02;-1.8011746e-01;3.2250000e+02;-7.2280861e-02;3.2250000e+02;-3.9912835e-02;3.2250000e+02;1.6733954e-02;3.2250000e+02;8.1687979e-02;3.2250000e+02;1.5556861e-01;3.2250000e+02;2.1363960e-01;3.2250000e+02;2.5568026e-01;3.2250000e+02;2.8610894e-01;3.2250000e+02;2.7614221e-01;3.2250000e+02;2.2770052e-01;3.2250000e+02;1.4977154e-01;3.2250000e+02;8.6230949e-02;3.2250000e+02;3.4735397e-02;3.2250000e+02;-1.0657266e-02;3.2250000e+02;-5.3682394e-02;3.2250000e+02;-9.6565515e-02;3.2250000e+02;-1.3893887e-01;3.2250000e+02;-1.8011746e-01;3.2250000e+02;-7.2280861e-02;3.2250000e+02;-3.9912835e-02;3.2250000e+02;1.6733954e-02;3.2250000e+02;8.1687979e-02;3.2250000e+02;1.5556861e-01;3.2250000e+02;2.1363960e-01;3.2250000e+02;2.5568026e-01;3.2250000e+02;2.8610894e-01;3.2250000e+02;2.7614221e-01;3.2250000e+02;2.2770052e-01;3.2250000e+02;1.4977154e-01;3.2250000e+02;8.6230949e-02;3.2250000e+02;3.4735397e-02;3.2250000e+02;-1.0657266e-02;3.2250000e+02;-5.3682394e-02;3.2250000e+02;-9.6565515e-02;3.2250000e+02;-1.3893887e-01;3.2250000e+02;-1.8011746e-01;3.2250000e+02;-7.2280861e-02;3.2250000e+02;-3.9912835e-02;3.2250000e+02;1.6733954e-02;3.2250000e+02;8.1687979e-02;3.2250000e+02;1.5556861e-01;3.2250000e+02;2.1363960e-01;3.2250000e+02;2.5568026e-01;3.2250000e+02;2.8610894e-01;3.2250000e+02;2.7614221e-01;3.2250000e+02;2.2770052e-01;3.2250000e+02;1.4977154e-01;3.2250000e+02;8.6230949e-02;3.2250000e+02;3.4735397e-02;3.2250000e+02;-1.0657266e-02;3.2250000e+02;-5.3682394e-02;3.2250000e+02;-9.6565515e-02;3.2250000e+02;-1.3893887e-01;3.2250000e+02;-1.8011746e-01;3.2250000e+02;-7.2280861e-02;3.2250000e+02;-3.9912835e-02;3.2250000e+02;1.6733954e-02;3.2250000e+02;8.1687979e-02;3.2250000e+02;1.5556861e-01;3.2250000e+02;2.1363960e-01;3.2250000e+02;2.5568026e-01;3.2250000e+02;2.8610894e-01;3.2250000e+02;2.7614221e-01;3.2250000e+02;2.2770052e-01;3.2250000e+02;1.4977154e-01;3.2250000e+02;8.6230949e-02;3.2250000e+02;3.4735397e-02;3.2250000e+02;-1.0657266e-02;3.2250000e+02;-5.3682394e-02;3.2250000e+02;-9.6565515e-02;3.2250000e+02;-1.3893887e-01;3.2250000e+02;-1.8011746e-01;3.2250000e+02;-7.2280861e-02;3.2250000e+02;-3.9912835e-02;3.2250000e+02;1.6733954e-02;3.2250000e+02;8.1687979e-02;3.2250000e+02;1.5556861e-01;3.2250000e+02;2.1363960e-01;3.2250000e+02;2.5568026e-01;3.2250000e+02;2.8610894e-01;3.2250000e+02;2.7614221e-01;3.2250000e+02;2.2770052e-01;3.2250000e+02;1.4977154e-01;3.2250000e+02;8.6230949e-02;3.2250000e+02;3.4735397e-02;3.2250000e+02;-1.0657266e-02;3.2250000e+02;-5.3682394e-02;3.2250000e+02;-9.6565515e-02;3.2250000e+02;-1.3893887e-01;3.2250000e+02;-1.8011746e-01
3.2750000e+02;-8.0073029e-02;3.2750000e+02;-4.9870566e-02;3.2750000e+02;-1.4039781e-03;3.2750000e+02;6.0277663e-02;3.2750000e+02;1.3280796e-01;3.2750000e+02;1.8714647e-01;3.2750000e+02;2.4213435e-01;3.2750000e+02;2.6661107e-01;3.2750000e+02;2.5276572e-01;3.2750000e+02;2.2026581e-01;3.2750000e+02;1.4401658e-01;3.2750000e+02;7.9382986e-02;3.2750000e+02;2.6050929e-02;3.2750000e+02;-2.0531092e-02;3.2750000e+02;-6.3906476e-02;3.2750000e+02;-1.0705475e-01;3.2750000e+02;-1.4975546e-01;3.2750000e+02;-1.9177115e-01;3.2750000e+02;-8.0073029e-02;3.2750000e+02;-4.9870566e-02;3.2750000e+02;-1.4039781e-03;3.2750000e+02;6.0277663e-02;3.2750000e+02;1.3280796e-01;3.2750000e+02;1.8714647e-01;3.2750000e+02;2.4213435e-01;3.2750000e+02;2.6661107e-01;3.2750000e+02;2.5276572e-01;3.2750000e+02;2.2026581e-01;3.2750000e+02;1.4401658e-01;3.2750000e+02;7.9382986e-02;3.2750000e+02;2.6050929e-02;3.2750000e+02;-2.0531092e-02;3.2750000e+02;-6.3906476e-02;3.2750000e+02;-1.0705475e-01;3.2750000e+02;-1.4975546e-01;3.2750000e+02;-1.9177115e-01;3.2750000e+02;-8.0073029e-02;3.2750000e+02;-4.9870566e-02;3.2750000e+02;-1.4039781e-03;3.2750000e+02;6.0277663e-02;3.2750000e+02;1.3280796e-01;3.2750000e+02;1.8714647e-01;3.2750000e+02;2.4213435e-01;3.2750000e+02;2.6661107e-01;3.2750000e+02;2.5276572e-01;3.2750000e+02;2.2026581e-01;3.2750000e+02;1.4401658e-01;3.2750000e+02;7.9382986e-02;3.2750000e+02;2.6050929e-02;3.2750000e+02;-2.0531092e-02;3.2750000e+02;-6.3906476e-02;3.2750000e+02;-1.0705475e-01;3.2750000e+02;-1.4975546e-01;3.2750000e+02;-1.9177115e-01;3.2750000e+02;-8.0073029e-02;3.2750000e+02;-4.9870566e-02;3.2750000e+02;-1.4039781e-03;3.2750000e+02;6.0277663e-02;3.2750000e+02;1.3280796e-01;3.2750000e+02;1.8714647e-01;3.2750000e+02;2.4213435e-01;3.2750000e+02;2.6661107e-01;3.2750000e+02;2.5276572e-01;3.2750000e+02;2.2026581e-01;3.2750000e+02;1.4401658e-01;3.2750000e+02;7.9382986e-02;3.2750000e+02;2.6050929e-02;3.2750000e+02;-2.0531092e-02;3.2750000e+02;-6.3906476e-02;3.2750000e+02;-1.0705475e-01;3.2750000e+02;-1.4975546e-01;3.2750000e+02;-1.9177115e-01;3.2750000e+02;-8.0073029e-02;3.2750000e+02;-4.9870566e-02;3.2750000e+02;-1.4039781e-03;3.2750000e+02;6.0277663e-02;3.2750000e+02;1.3280796e-01;3.2750000e+02;1.8714647e-01;3.2750000e+02;2.4213435e-01;3.2750000e+02;2.6661107e-01;3.2750000e+02;2.5276572e-01;3.2750000e+02;2.2026581e-01;3.2750000e+02;1.4401658e-01;3.2750000e+02;7.9382986e-02;3.2750000e+02;2.6050929e-02;3.2750000e+02;-2.0531092e-02;3.2750000e+02;-6.3906476e-02;3.2750000e+02;-1.0705475e-01;3.2750000e+02;-1.4975546e-01;3.2750000e+02;-1.9177115e-01;3.2750000e+02;-8.0073029e-02;3.2750000e+02;-4.9870566e-02;3.2750000e+02;-1.4039781e-03;3.2750000e+02;6.0277663e-02;3.2750000e+02;1.3280796e-01;3.2750000e+02;1.8714647e-01;3.2750000e+02;2.4213435e-01;3.2750000e+02;2.6661107e-01;3.2750000e+02;2.5276572e-01;3.2750000e+02;2.2026581e-01;3.2750000e+02;1.4401658e-01;3.2750000e+02;7.9382986e-02;3.2750000e+02;2.6050929e-02;3.2750000e+02;-2.0531092e-02;3.2750000e+02;-6.3906476e-02;3.2750000e+02;-1.0705475e-01;3.2750000e+02;-1.4975546e-01;3.2750000e+02;-1.9177115e-01;3.2750000e+02;-8.0073029e-02;3.2750000e+02;-4.9870566e-02;3.2750000e+02;-1.4039781e-03;3.2750000e+02;6.0277663e-02;3.2750000e+02;1.3280796e-01;3.2750000e+02;1.8714647e-01;3.2750000e+02;2.4213435e-01;3.2750000e+02;2.6661107e-01;3.2750000e+02;2.5276572e-01;3.2750000e+02;2.2026581e-01;3.2750000e+02;1.4401658e-01;3.2750000e+02;7.9382986e-02;3.2750000e+02;2.6050929e-02;3.2750000e+02;-2.0531092e-02;3.2750000e+02;-6.3906476e-02;3.2750000e+02;-1.0705475e-01;3.2750000e+02;-1.4975546e-01;3.2750000e+02;-1.9177115e-01;3.2750000e+02;-8.0073029e-02;3.2750000e+02;-4.9870566e-02;3.2750000e+02;-1.4039781e-03;3.2750000e+02;6.0277663e-02;3.2750000e+02;1.3280796e-01;3.2750000e+02;1.8714647e-01;3.2750000e+02;2.4213435e-01;3.2750000e+02;2.6661107e-01;3.2750000e+02;2.5276572e-01;3.2750000e+02;2.2026581e-01;3.2750000e+02;1.4401658e-01;3.2750000e+02;7.9382986e-02;3.2750000e+02;2.6050929e-02;3.2750000e+02;-2.0531092e-02;3.2750000e+02;-6.3906476e-02;3.2750000e+02;-1.0705475e-01;3.2750000e+02;-1.4975546e-01;3.2750000e+02;-1.9177115e-01;3.2750000e+02;-8.0073029e-02;3.2750000e+02;-4.9870566e-02;3.2750000e+02;-1.4039781e-03;3.2750000e+02;6.0277663e-02;3.2750000e+02;1.3280796e-01;3.2750000e+02;1.8714647e-01;3.2750000e+02;2.4213435e-01;3.2750000e+02;2.6661107e-01;3.2750000e+02;2.5276572e-01;3.2750000e+02;2.2026581e-01;3.2750000e+02;1.4401658e-01;3.2750000e+02;7.9382986e-02;3.2750000e+02;2.6050929e-02;3.2750000e+02;-2.0531092e-02;3.2750000e+02;-6.3906476e-02;3.2750000e+02;-1.0705475e-01;3.2750000e+02;-1.4975546e-01;3.2750000e+02;-1.9177115e-01;3.2750000e+02;-8.0073029e-02;3.2750000e+02;-4.9870566e-02;3.2750000e+02;-1.4039781e-03;3.2750000e+02;6.0277663e-02;3.2750000e+02;1.3280796e-01;3.2750000e+02;1.8714647e-01;3.2750000e+02;2.4213435e-01;3.2750000e+02;2.6661107e-01;3.2750000e+02;2.5276572e-01;3.2750000e+02;2.2026581e-01;3.2750000e+02;1.4401658e-01;3.2750000e+02;7.9382986e-02;3.2750000e+02;2.6050929e-02;3.2750000e+02;-2.0531092e-02;3.2750000e+02;-6.3906476e-02;3.2750000e+02;-1.0705475e-01;3.2750000e+02;-1.4975546e-01;3.2750000e+02;-1.9177115e-01;3.2750000e+02;-8.0073029e-02;3.2750000e+02;-4.9870566e-02;3.2750000e+02;-1.4039781e-03;3.2750000e+02;6.0277663e-02;3.2750000e+02;1.3280796e-01;3.2750000e+02;1.8714647e-01;3.2750000e+02;2.4213435e-01;3.2750000e+02;2.6661107e-01;3.2750000e+02;2.5276572e-01;3.2750000e+02;2.2026581e-01;3.2750000e+02;1.4401658e-01;3.2750000e+02;7.9382986e-02;3.2750000e+02;2.6050929e-02;3.2750000e+02;-2.0531092e-02;3.2750000e+02;-6.3906476e-02;3.2750000e+02;-1.0705475e-01;3.2750000e+02;-1.4975546e-01;3.2750000e+02;-1.9177115e-01;3.2750000e+02;-8.0073029e-02;3.2750000e+02;-4.9870566e-02;3.2750000e+02;-1.4039781e-03;3.2750000e+02;6.0277663e-02;3.2750000e+02;1.3280796e-01;3.2750000e+02;1.8714647e-01;3.2750000e+02;2.4213435e-01;3.2750000e+02;2.6661107e-01;3.2750000e+02;2.5276572e-01;3.2750000e+02;2.2026581e-01;3.2750000e+02;1.4401658e-01;3.2750000e+02;7.9382986e-02;3.2750000e+02;2.6050929e-02;3.2750000e+02;-2.0531092e-02;3.2750000e+02;-6.3906476e-02;3.2750000e+02;-1.0705475e-01;3.2750000e+02;-1.4975546e-01;3.2750000e+02;-1.9177115e-01;3.2750000e+02;-8.0073029e-02;3.2750000e+02;-4.9870566e-02;3.2750000e+02;-1.4039781e-03;3.2750000e+02;6.0277663e-02;3.2750000e+02;1.3280796e-01;3.2750000e+02;1.8714647e-01;3.2750000e+02;2.4213435e-01;3.2750000e+02;2.6661107e-01;3.2750000e+02;2.5276572e-01;3.2750000e+02;2.2026581e-01;3.2750000e+02;1.4401658e-01;3.2750000e+02;7.9382986e-02;3.2750000e+02;2.6050929e-02;3.2750000e+02;-2.0531092e-02;3.2750000e+02;-6.3906476e-02;3.2750000e+02;-1.0705475e-01;3.2750000e+02;-1.4975546e-01;3.2750000e+02;-1.9177115e-01;3.2750000e+02;-8.0073029e-02;3.2750000e+02;-4.9870566e-02;3.2750000e+02;-1.4039781e-03;3.2750000e+02;6.0277663e-02;3.2750000e+02;1.3280796e-01;3.2750000e+02;1.8714647e-01;3.2750000e+02;2.4213435e-01;3.2750000e+02;2.6661107e-01;3.2750000e+02;2.5276572e-01;3.2750000e+02;2.2026581e-01;3.2750000e+02;1.4401658e-01;3.2750000e+02;7.9382986e-02;3.2750000e+02;2.6050929e-02;3.2750000e+02;-2.0531092e-02;3.2750000e+02;-6.3906476e-02;3.2750000e+02;-1.0705475e-01;3.2750000e+02;-1.4975546e-01;3.2750000e+02;-1.9177115e-01;3.2750000e+02;-8.0073029e-02;3.2750000e+02;-4.9870566e-02;3.2750000e+02;-1.4039781e-03;3.2750000e+02;6.0277663e-02;3.2750000e+02;1.3280796e-01;3.2750000e+02;1.8714647e-01;3.2750000e+02;2.4213435e-01;3.2750000e+02;2.6661107e-01;3.2750000e+02;2.5276572e-01;3.2750000e+02;2.2026581e-01;3.2750000e+02;1.4401658e-01;3.2750000e+02;7.9382986e-02;3.2750000e+02;2.6050929e-02;3.2750000e+02;-2.0531092e-02;3.2750000e+02;-6.3906476e-02;3.2750000e+02;-1.0705475e-01;3.2750000e+02;-1.4975546e-01;3.2750000e+02;-1.9177115e-01;3.2750000e+02;-8.0073029e-02;3.2750000e+02;-4.9870566e-02;3.2750000e+02;-1.4039781e-03;3.2750000e+02;6.0277663e-02;3.2750000e+02;1.3280796e-01;3.2750000e+02;1.8714647e-01;3.2750000e+02;2.4213435e-01;3.2750000e+02;2.6661107e-01;3.2750000e+02;2.5276572e-01;3.2750000e+02;2.2026581e-01;3.2750000e+02;1.4401658e-01;3.2750000e+02;7.9382986e-02;3.2750000e+02;2.6050929e-02;3.2750000e+02;-2.0531092e-02;3.2750000e+02;-6.3906476e-02;3.2750000e+02;-1.0705475e-01;3.2750000e+02;-1.4975546e-01;3.2750000e+02;-1.9177115e-01;3.2750000e+02;-8.0073029e-02;3.2750000e+02;-4.9870566e-02;3.2750000e+02;-1.4039781e-03;3.2750000e+02;6.0277663e-02;3.2750000e+02;1.3280796e-01;3.2750000e+02;1.8714647e-01;3.2750000e+02;2.4213435e-01;3.2750000e+02;2.6661107e-01;3.2750000e+02;2.5276572e-01;3.2750000e+02;2.2026581e-01;3.2750000e+02;1.4401658e-01;3.2750000e+02;7.9382986e-02;3.2750000e+02;2.6050929e-02;3.2750000e+02;-2.0531092e-02;3.2750000e+02;-6.3906476e-02;3.2750000e+02;-1.0705475e-01;3.2750000e+02;-1.4975546e-01;3.2750000e+02;-1.9177115e-01;3.2750000e+02;-8.0073029e-02;3.2750000e+02;-4.9870566e-02;3.2750000e+02;-1.4039781e-03;3.2750000e+02;6.0277663e-02;3.2750000e+02;1.3280796e-01;3.2750000e+02;1.8714647e-01;3.2750000e+02;2.4213435e-01;3.2750000e+02;2.6661107e-01;3.2750000e+02;2.5276572e-01;3.2750000e+02;2.2026581e-01;3.2750000e+02;1.4401658e-01;3.2750000e+02;7.9382986e-02;3.2750000e+02;2.6050929e-02;3.2750000e+02;-2.0531092e-02;3.2750000e+02;-6.3906476e-02;3.2750000e+02;-1.0705475e-01;3.2750000e+02;-1.4975546e-01;3.2750000e+02;-1.9177115e-01;3.2750000e+02;-8.0073029e-02;3.2750000e+02;-4.9870566e-02;3.2750000e+02;-1.4039781e-03;3.2750000e+02;6.0277663e-02;3.2750000e+02;1.3280796e-01;3.2750000e+02;1.8714647e-01;3.2750000e+02;2.4213435e-01;3.2750000e+02;2.6661107e-01;3.2750000e+02;2.5276572e-01;3.2750000e+02;2.2026581e-01;3.2750000e+02;1.4401658e-01;3.2750000e+02;7.9382986e-02;3.2750000e+02;2.6050929e-02;3.2750000e+02;-2.0531092e-02;3.2750000e+02;-6.3906476e-02;3.2750000e+02;-1.0705475e-01;3.2750000e+02;-1.4975546e-01;3.2750000e+02;-1.9177115e-01;3.2750000e+02;-8.0073029e-02;3.2750000e+02;-4.9870566e-02;3.2750000e+02;-1.4039781e-03;3.2750000e+02;6.0277663e-02;3.2750000e+02;1.3280796e-01;3.2750000e+02;1.8714647e-01;3.2750000e+02;2.4213435e-01;3.2750000e+02;2.6661107e-01;3.2750000e+02;2.5276572e-01;3.2750000e+02;2.2026581e-01;3.2750000e+02;1.4401658e-01;3.2750000e+02;7.9382986e-02;3.2750000e+02;2.6050929e-02;3.2750000e+02;-2.0531092e-02;3.2750000e+02;-6.3906476e-02;3.2750000e+02;-1.0705475e-01;3.2750000e+02;-1.4975546e-01;3.2750000e+02;-1.9177115e-01;3.2750000e+02;-8.0073029e-02;3.2750000e+02;-4.9870566e-02;3.2750000e+02;-1.4039781e-03;3.2750000e+02;6.0277663e-02;3.2750000e+02;1.3280796e-01;3.2750000e+02;1.8714647e-01;3.2750000e+02;2.4213435e-01;3.2750000e+02;2.6661107e-01;3.2750000e+02;2.5276572e-01;3.2750000e+02;2.2026581e-01;3.2750000e+02;1.4401658e-01;3.2750000e+02;7.9382986e-02;3.2750000e+02;2.6050929e-02;3.2750000e+02;-2.0531092e-02;3.2750000e+02;-6.3906476e-02;3.2750000e+02;-1.0705475e-01;3.2750000e+02;-1.4975546e-01;3.2750000e+02;-1.9177115e-01;3.2750000e+02;-8.0073029e-02;3.2750000e+02;-4.9870566e-02;3.2750000e+02;-1.4039781e-03;3.2750000e+02;6.0277663e-02;3.2750000e+02;1.3280796e-01;3.2750000e+02;1.8714647e-01;3.2750000e+02;2.4213435e-01;3.2750000e+02;2.6661107e-01;3.2750000e+02;2.5276572e-01;3.2750000e+02;2.2026581e-01;3.2750000e+02;1.4401658e-01;3.2750000e+02;7.9382986e-02;3.2750000e+02;2.6050929e-02;3.2750000e+02;-2.0531092e-02;3.2750000e+02;-6.3906476e-02;3.2750000e+02;-1.0705475e-01;3.2750000e+02;-1.4975546e-01;3.2750000e+02;-1.9177115e-01;3.2750000e+02;-8.0073029e-02;3.2750000e+02;-4.9870566e-02;3.2750000e+02;-1.4039781e-03;3.2750000e+02;6.0277663e-02;3.2750000e+02;1.3280796e-01;3.2750000e+02;1.8714647e-01;3.2750000e+02;2.4213435e-01;3.2750000e+02;2.6661107e-01;3.2750000e+02;2.5276572e-01;3.2750000e+02;2.2026581e-01;3.2750000e+02;1.4401658e-01;3.2750000e+02;7.9382986e-02;3.2750000e+02;2.6050929e-02;3.2750000e+02;-2.0531092e-02;3.2750000e+02;-6.3906476e-02;3.2750000e+02;-1.0705475e-01;3.2750000e+02;-1.4975546e-01;3.2750000e+02;-1.9177115e-01;3.2750000e+02;-8.0073029e-02;3.2750000e+02;-4.9870566e-02;3.2750000e+02;-1.4039781e-03;3.2750000e+02;6.0277663e-02;3.2750000e+02;1.3280796e-01;3.2750000e+02;1.8714647e-01;3.2750000e+02;2.4213435e-01;3.2750000e+02;2.6661107e-01;3.2750000e+02;2.5276572e-01;3.2750000e+02;2.2026581e-01;3.2750000e+02;1.4401658e-01;3.2750000e+02;7.9382986e-02;3.2750000e+02;2.6050929e-02;3.2750000e+02;-2.0531092e-02;3.2750000e+02;-6.3906476e-02;3.2750000e+02;-1.0705475e-01;3.2750000e+02;-1.4975546e-01;3.2750000e+02;-1.9177115e-01;3.2750000e+02;-8.0073029e-02;3.2750000e+02;-4.9870566e-02;3.2750000e+02;-1.4039781e-03;3.2750000e+02;6.0277663e-02;3.2750000e+02;1.3280796e-01;3.2750000e+02;1.8714647e-01;3.2750000e+02;2.4213435e-01;3.2750000e+02;2.6661107e-01;3.2750000e+02;2.5276572e-01;3.2750000e+02;2.2026581e-01;3.2750000e+02;1.4401658e-01;3.2750000e+02;7.9382986e-02;3.2750000e+02;2.6050929e-02;3.2750000e+02;-2.0531092e-02;3.2750000e+02;-6.3906476e-02;3.2750000e+02;-1.0705475e-01;3.2750000e+02;-1.4975546e-01;3.2750000e+02;-1.9177115e-01;3.2750000e+02;-8.0073029e-02;3.2750000e+02;-4.9870566e-02;3.2750000e+02;-1.4039781e-03;3.2750000e+02;6.0277663e-02;3.2750000e+02;1.3280796e-01;3.2750000e+02;1.8714647e-01;3.2750000e+02;2.4213435e-01;3.2750000e+02;2.6661107e-01;3.2750000e+02;2.5276572e-01;3.2750000e+02;2.2026581e-01;3.2750000e+02;1.4401658e-01;3.2750000e+02;7.9382986e-02;3.2750000e+02;2.6050929e-02;3.2750000e+02;-2.0531092e-02;3.2750000e+02;-6.3906476e-02;3.2750000e+02;-1.0705475e-01;3.2750000e+02;-1.4975546e-01;3.2750000e+02;-1.9177115e-01;3.2750000e+02;-8.0073029e-02;3.2750000e+02;-4.9870566e-02;3.2750000e+02;-1.4039781e-03;3.2750000e+02;6.0277663e-02;3.2750000e+02;1.3280796e-01;3.2750000e+02;1.8714647e-01;3.2750000e+02;2.4213435e-01;3.2750000e+02;2.6661107e-01;3.2750000e+02;2.5276572e-01;3.2750000e+02;2.2026581e-01;3.2750000e+02;1.4401658e-01;3.2750000e+02;7.9382986e-02;3.2750000e+02;2.6050929e-02;3.2750000e+02;-2.0531092e-02;3.2750000e+02;-6.3906476e-02;3.2750000e+02;-1.0705475e-01;3.2750000e+02;-1.4975546e-01;3.2750000e+02;-1.9177115e-01;3.2750000e+02;-8.0073029e-02;3.2750000e+02;-4.9870566e-02;3.2750000e+02;-1.4039781e-03;3.2750000e+02;6.0277663e-02;3.2750000e+02;1.3280796e-01;3.2750000e+02;1.8714647e-01;3.2750000e+02;2.4213435e-01;3.2750000e+02;2.6661107e-01;3.2750000e+02;2.5276572e-01;3.2750000e+02;2.2026581e-01;3.2750000e+02;1.4401658e-01;3.2750000e+02;7.9382986e-02;3.2750000e+02;2.6050929e-02;3.2750000e+02;-2.0531092e-02;3.2750000e+02;-6.3906476e-02;3.2750000e+02;-1.0705475e-01;3.2750000e+02;-1.4975546e-01;3.2750000e+02;-1.9177115e-01;3.2750000e+02;-8.0073029e-02;3.2750000e+02;-4.9870566e-02;3.2750000e+02;-1.4039781e-03;3.2750000e+02;6.0277663e-02;3.2750000e+02;1.3280796e-01;3.2750000e+02;1.8714647e-01;3.2750000e+02;2.4213435e-01;3.2750000e+02;2.6661107e-01;3.2750000e+02;2.5276572e-01;3.2750000e+02;2.2026581e-01;3.2750000e+02;1.4401658e-01;3.2750000e+02;7.9382986e-02;3.2750000e+02;2.6050929e-02;3.2750000e+02;-2.0531092e-02;3.2750000e+02;-6.3906476e-02;3.2750000e+02;-1.0705475e-01;3.2750000e+02;-1.4975546e-01;3.2750000e+02;-1.9177115e-01;3.2750000e+02;-8.0073029e-02;3.2750000e+02;-4.9870566e-02;3.2750000e+02;-1.4039781e-03;3.2750000e+02;6.0277663e-02;3.2750000e+02;1.3280796e-01;3.2750000e+02;1.8714647e-01;3.2750000e+02;2.4213435e-01;3.2750000e+02;2.6661107e-01;3.2750000e+02;2.5276572e-01;3.2750000e+02;2.2026581e-01;3.2750000e+02;1.4401658e-01;3.2750000e+02;7.9382986e-02;3.2750000e+02;2.6050929e-02;3.2750000e+02;-2.0531092e-02;3.2750000e+02;-6.3906476e-02;3.2750000e+02;-1.0705475e-01;3.2750000e+02;-1.4975546e-01;3.2750000e+02;-1.9177115e-01;3.2750000e+02;-8.0073029e-02;3.2750000e+02;-4.9870566e-02;3.2750000e+02;-1.4039781e-03;3.2750000e+02;6.0277663e-02;3.2750000e+02;1.3280796e-01;3.2750000e+02;1.8714647e-01;3.2750000e+02;2.4213435e-01;3.2750000e+02;2.6661107e-01;3.2750000e+02;2.5276572e-01;3.2750000e+02;2.2026581e-01;3.2750000e+02;1.4401658e-01;3.2750000e+02;7.9382986e-02;3.2750000e+02;2.6050929e-02;3.2750000e+02;-2.0531092e-02;3.2750000e+02;-6.3906476e-02;3.2750000e+02;-1.0705475e-01;3.2750000e+02;-1.4975546e-01;3.2750000e+02;-1.9177115e-01;3.2750000e+02;-8.0073029e-02;3.2750000e+02;-4.9870566e-02;3.2750000e+02;-1.4039781e-03;3.2750000e+02;6.0277663e-02;3.2750000e+02;1.3280796e-01;3.2750000e+02;1.8714647e-01;3.2750000e+02;2.4213435e-01;3.2750000e+02;2.6661107e-01;3.2750000e+02;2.5276572e-01;3.2750000e+02;2.2026581e-01;3.2750000e+02;1.4401658e-01;3.2750000e+02;7.9382986e-02;3.2750000e+02;2.6050929e-02;3.2750000e+02;-2.0531092e-02;3.2750000e+02;-6.3906476e-02;3.2750000e+02;-1.0705475e-01;3.2750000e+02;-1.4975546e-01;3.2750000e+02;-1.9177115e-01;3.2750000e+02;-8.0073029e-02;3.2750000e+02;-4.9870566e-02;3.2750000e+02;-1.4039781e-03;3.2750000e+02;6.0277663e-02;3.2750000e+02;1.3280796e-01;3.2750000e+02;1.8714647e-01;3.2750000e+02;2.4213435e-01;3.2750000e+02;2.6661107e-01;3.2750000e+02;2.5276572e-01;3.2750000e+02;2.2026581e-01;3.2750000e+02;1.4401658e-01;3.2750000e+02;7.9382986e-02;3.2750000e+02;2.6050929e-02;3.2750000e+02;-2.0531092e-02;3.2750000e+02;-6.3906476e-02;3.2750000e+02;-1.0705475e-01;3.2750000e+02;-1.4975546e-01;3.2750000e+02;-1.9177115e-01;3.2750000e+02;-8.0073029e-02;3.2750000e+02;-4.9870566e-02;3.2750000e+02;-1.4039781e-03;3.2750000e+02;6.0277663e-02;3.2750000e+02;1.3280796e-01;3.2750000e+02;1.8714647e-01;3.2750000e+02;2.4213435e-01;3.2750000e+02;2.6661107e-01;3.2750000e+02;2.5276572e-01;3.2750000e+02;2.2026581e-01;3.2750000e+02;1.4401658e-01;3.2750000e+02;7.9382986e-02;3.2750000e+02;2.6050929e-02;3.2750000e+02;-2.0531092e-02;3.2750000e+02;-6.3906476e-02;3.2750000e+02;-1.0705475e-01;3.2750000e+02;-1.4975546e-01;3.2750000e+02;-1.9177115e-01;3.2750000e+02;-8.0073029e-02;3.2750000e+02;-4.9870566e-02;3.2750000e+02;-1.4039781e-03;3.2750000e+02;6.0277663e-02;3.2750000e+02;1.3280796e-01;3.2750000e+02;1.8714647e-01;3.2750000e+02;2.4213435e-01;3.2750000e+02;2.6661107e-01;3.2750000e+02;2.5276572e-01;3.2750000e+02;2.2026581e-01;3.2750000e+02;1.4401658e-01;3.2750000e+02;7.9382986e-02;3.2750000e+02;2.6050929e-02;3.2750000e+02;-2.0531092e-02;3.2750000e+02;-6.3906476e-02;3.2750000e+02;-1.0705475e-01;3.2750000e+02;-1.4975546e-01;3.2750000e+02;-1.9177115e-01;3.2750000e+02;-8.0073029e-02;3.2750000e+02;-4.9870566e-02;3.2750000e+02;-1.4039781e-03;3.2750000e+02;6.0277663e-02;3.2750000e+02;1.3280796e-01;3.2750000e+02;1.8714647e-01;3.2750000e+02;2.4213435e-01;3.2750000e+02;2.6661107e-01;3.2750000e+02;2.5276572e-01;3.2750000e+02;2.2026581e-01;3.2750000e+02;1.4401658e-01;3.2750000e+02;7.9382986e-02;3.2750000e+02;2.6050929e-02;3.2750000e+02;-2.0531092e-02;3.2750000e+02;-6.3906476e-02;3.2750000e+02;-1.0705475e-01;3.2750000e+02;-1.4975546e-01;3.2750000e+02;-1.9177115e-01;3.2750000e+02;-8.0073029e-02;3.2750000e+02;-4.9870566e-02;3.2750000e+02;-1.4039781e-03;3.2750000e+02;6.0277663e-02;3.2750000e+02;1.3280796e-01;3.2750000e+02;1.8714647e-01;3.2750000e+02;2.4213435e-01;3.2750000e+02;2.6661107e-01;3.2750000e+02;2.5276572e-01;3.2750000e+02;2.2026581e-01;3.2750000e+02;1.4401658e-01;3.2750000e+02;7.9382986e-02;3.2750000e+02;2.6050929e-02;3.2750000e+02;-2.0531092e-02;3.2750000e+02;-6.3906476e-02;3.2750000e+02;-1.0705475e-01;3.2750000e+02;-1.4975546e-01;3.2750000e+02;-1.9177115e-01;3.2750000e+02;-8.0073029e-02;3.2750000e+02;-4.9870566e-02;3.2750000e+02;-1.4039781e-03;3.2750000e+02;6.0277663e-02;3.2750000e+02;1.3280796e-01;3.2750000e+02;1.8714647e-01;3.2750000e+02;2.4213435e-01;3.2750000e+02;2.6661107e-01;3.2750000e+02;2.5276572e-01;3.2750000e+02;2.2026581e-01;3.2750000e+02;1.4401658e-01;3.2750000e+02;7.9382986e-02;3.2750000e+02;2.6050929e-02;3.2750000e+02;-2.0531092e-02;3.2750000e+02;-6.3906476e-02;3.2750000e+02;-1.0705475e-01;3.2750000e+02;-1.4975546e-01;3.2750000e+02;-1.9177115e-01;3.2750000e+02;-8.0073029e-02;3.2750000e+02;-4.9870566e-02;3.2750000e+02;-1.4039781e-03;3.2750000e+02;6.0277663e-02;3.2750000e+02;1.3280796e-01;3.2750000e+02;1.8714647e-01;3.2750000e+02;2.4213435e-01;3.2750000e+02;2.6661107e-01;3.2750000e+02;2.5276572e-01;3.2750000e+02;2.2026581e-01;3.2750000e+02;1.4401658e-01;3.2750000e+02;7.9382986e-02;3.2750000e+02;2.6050929e-02;3.2750000e+02;-2.0531092e-02;3.2750000e+02;-6.3906476e-02;3.2750000e+02;-1.0705475e-01;3.2750000e+02;-1.4975546e-01;3.2750000e+02;-1.9177115e-01;3.2750000e+02;-8.0073029e-02;3.2750000e+02;-4.9870566e-02;3.2750000e+02;-1.4039781e-03;3.2750000e+02;6.0277663e-02;3.2750000e+02;1.3280796e-01;3.2750000e+02;1.8714647e-01;3.2750000e+02;2.4213435e-01;3.2750000e+02;2.6661107e-01;3.2750000e+02;2.5276572e-01;3.2750000e+02;2.2026581e-01;3.2750000e+02;1.4401658e-01;3.2750000e+02;7.9382986e-02;3.2750000e+02;2.6050929e-02;3.2750000e+02;-2.0531092e-02;3.2750000e+02;-6.3906476e-02;3.2750000e+02;-1.0705475e-01;3.2750000e+02;-1.4975546e-01;3.2750000e+02;-1.9177115e-01;3.2750000e+02;-8.0073029e-02;3.2750000e+02;-4.9870566e-02;3.2750000e+02;-1.4039781e-03;3.2750000e+02;6.0277663e-02;3.2750000e+02;1.3280796e-01;3.2750000e+02;1.8714647e-01;3.2750000e+02;2.4213435e-01;3.2750000e+02;2.6661107e-01;3.2750000e+02;2.5276572e-01;3.2750000e+02;2.2026581e-01;3.2750000e+02;1.4401658e-01;3.2750000e+02;7.9382986e-02;3.2750000e+02;2.6050929e-02;3.2750000e+02;-2.0531092e-02;3.2750000e+02;-6.3906476e-02;3.2750000e+02;-1.0705475e-01;3.2750000e+02;-1.4975546e-01;3.2750000e+02;-1.9177115e-01;3.2750000e+02;-8.0073029e-02;3.2750000e+02;-4.9870566e-02;3.2750000e+02;-1.4039781e-03;3.2750000e+02;6.0277663e-02;3.2750000e+02;1.3280796e-01;3.2750000e+02;1.8714647e-01;3.2750000e+02;2.4213435e-01;3.2750000e+02;2.6661107e-01;3.2750000e+02;2.5276572e-01;3.2750000e+02;2.2026581e-01;3.2750000e+02;1.4401658e-01;3.2750000e+02;7.9382986e-02;3.2750000e+02;2.6050929e-02;3.2750000e+02;-2.0531092e-02;3.2750000e+02;-6.3906476e-02;3.2750000e+02;-1.0705475e-01;3.2750000e+02;-1.4975546e-01;3.2750000e+02;-1.9177115e-01;3.2750000e+02;-8.0073029e-02;3.2750000e+02;-4.9870566e-02;3.2750000e+02;-1.4039781e-03;3.2750000e+02;6.0277663e-02;3.2750000e+02;1.3280796e-01;3.2750000e+02;1.8714647e-01;3.2750000e+02;2.4213435e-01;3.2750000e+02;2.6661107e-01;3.2750000e+02;2.5276572e-01;3.2750000e+02;2.2026581e-01;3.2750000e+02;1.4401658e-01;3.2750000e+02;7.9382986e-02;3.2750000e+02;2.6050929e-02;3.2750000e+02;-2.0531092e-02;3.2750000e+02;-6.3906476e-02;3.2750000e+02;-1.0705475e-01;3.2750000e+02;-1.4975546e-01;3.2750000e+02;-1.9177115e-01;3.2750000e+02;-8.0073029e-02;3.2750000e+02;-4.9870566e-02;3.2750000e+02;-1.4039781e-03;3.2750000e+02;6.0277663e-02;3.2750000e+02;1.3280796e-01;3.2750000e+02;1.8714647e-01;3.2750000e+02;2.4213435e-01;3.2750000e+02;2.6661107e-01;3.2750000e+02;2.5276572e-01;3.2750000e+02;2.2026581e-01;3.2750000e+02;1.4401658e-01;3.2750000e+02;7.9382986e-02;3.2750000e+02;2.6050929e-02;3.2750000e+02;-2.0531092e-02;3.2750000e+02;-6.3906476e-02;3.2750000e+02;-1.0705475e-01;3.2750000e+02;-1.4975546e-01;3.2750000e+02;-1.9177115e-01;3.2750000e+02;-8.0073029e-02;3.2750000e+02;-4.9870566e-02;3.2750000e+02;-1.4039781e-03;3.2750000e+02;6.0277663e-02;3.2750000e+02;1.3280796e-01;3.2750000e+02;1.8714647e-01;3.2750000e+02;2.4213435e-01;3.2750000e+02;2.6661107e-01;3.2750000e+02;2.5276572e-01;3.2750000e+02;2.2026581e-01;3.2750000e+02;1.4401658e-01;3.2750000e+02;7.9382986e-02;3.2750000e+02;2.6050929e-02;3.2750000e+02;-2.0531092e-02;3.2750000e+02;-6.3906476e-02;3.2750000e+02;-1.0705475e-01;3.2750000e+02;-1.4975546e-01;3.2750000e+02;-1.9177115e-01;3.2750000e+02;-8.0073029e-02;3.2750000e+02;-4.9870566e-02;3.2750000e+02;-1.4039781e-03;3.2750000e+02;6.0277663e-02;3.2750000e+02;1.3280796e-01;3.2750000e+02;1.8714647e-01;3.2750000e+02;2.4213435e-01;3.2750000e+02;2.6661107e-01;3.2750000e+02;2.5276572e-01;3.2750000e+02;2.2026581e-01;3.2750000e+02;1.4401658e-01;3.2750000e+02;7.9382986e-02;3.2750000e+02;2.6050929e-02;3.2750000e+02;-2.0531092e-02;3.2750000e+02;-6.3906476e-02;3.2750000e+02;-1.0705475e-01;3.2750000e+02;-1.4975546e-01;3.2750000e+02;-1.9177115e-01;3.2750000e+02;-8.0073029e-02;3.2750000e+02;-4.9870566e-02;3.2750000e+02;-1.4039781e-03;3.2750000e+02;6.0277663e-02;3.2750000e+02;1.3280796e-01;3.2750000e+02;1.8714647e-01;3.2750000e+02;2.4213435e-01;3.2750000e+02;2.6661107e-01;3.2750000e+02;2.5276572e-01;3.2750000e+02;2.2026581e-01;3.2750000e+02;1.4401658e-01;3.2750000e+02;7.9382986e-02;3.2750000e+02;2.6050929e-02;3.2750000e+02;-2.0531092e-02;3.2750000e+02;-6.3906476e-02;3.2750000e+02;-1.0705475e-01;3.2750000e+02;-1.4975546e-01;3.2750000e+02;-1.9177115e-01;3.2750000e+02;-8.0073029e-02;3.2750000e+02;-4.9870566e-02;3.2750000e+02;-1.4039781e-03;3.2750000e+02;6.0277663e-02;3.2750000e+02;1.3280796e-01;3.2750000e+02;1.8714647e-01;3.2750000e+02;2.4213435e-01;3.2750000e+02;2.6661107e-01;3.2750000e+02;2.5276572e-01;3.2750000e+02;2.2026581e-01;3.2750000e+02;1.4401658e-01;3.2750000e+02;7.9382986e-02;3.2750000e+02;2.6050929e-02;3.2750000e+02;-2.0531092e-02;3.2750000e+02;-6.3906476e-02;3.2750000e+02;-1.0705475e-01;3.2750000e+02;-1.4975546e-01;3.2750000e+02;-1.9177115e-01;3.2750000e+02;-8.0073029e-02;3.2750000e+02;-4.9870566e-02;3.2750000e+02;-1.4039781e-03;3.2750000e+02;6.0277663e-02;3.2750000e+02;1.3280796e-01;3.2750000e+02;1.8714647e-01;3.2750000e+02;2.4213435e-01;3.2750000e+02;2.6661107e-01;3.2750000e+02;2.5276572e-01;3.2750000e+02;2.2026581e-01;3.2750000e+02;1.4401658e-01;3.2750000e+02;7.9382986e-02;3.2750000e+02;2.6050929e-02;3.2750000e+02;-2.0531092e-02;3.2750000e+02;-6.3906476e-02;3.2750000e+02;-1.0705475e-01;3.2750000e+02;-1.4975546e-01;3.2750000e+02;-1.9177115e-01;3.2750000e+02;-8.0073029e-02;3.2750000e+02;-4.9870566e-02;3.2750000e+02;-1.4039781e-03;3.2750000e+02;6.0277663e-02;3.2750000e+02;1.3280796e-01;3.2750000e+02;1.8714647e-01;3.2750000e+02;2.4213435e-01;3.2750000e+02;2.6661107e-01;3.2750000e+02;2.5276572e-01;3.2750000e+02;2.2026581e-01;3.2750000e+02;1.4401658e-01;3.2750000e+02;7.9382986e-02;3.2750000e+02;2.6050929e-02;3.2750000e+02;-2.0531092e-02;3.2750000e+02;-6.3906476e-02;3.2750000e+02;-1.0705475e-01;3.2750000e+02;-1.4975546e-01;3.2750000e+02;-1.9177115e-01;3.2750000e+02;-8.0073029e-02;3.2750000e+02;-4.9870566e-02;3.2750000e+02;-1.4039781e-03;3.2750000e+02;6.0277663e-02;3.2750000e+02;1.3280796e-01;3.2750000e+02;1.8714647e-01;3.2750000e+02;2.4213435e-01;3.2750000e+02;2.6661107e-01;3.2750000e+02;2.5276572e-01;3.2750000e+02;2.2026581e-01;3.2750000e+02;1.4401658e-01;3.2750000e+02;7.9382986e-02;3.2750000e+02;2.6050929e-02;3.2750000e+02;-2.0531092e-02;3.2750000e+02;-6.3906476e-02;3.2750000e+02;-1.0705475e-01;3.2750000e+02;-1.4975546e-01;3.2750000e+02;-1.9177115e-01;3.2750000e+02;-8.0073029e-02;3.2750000e+02;-4.9870566e-02;3.2750000e+02;-1.4039781e-03;3.2750000e+02;6.0277663e-02;3.2750000e+02;1.3280796e-01;3.2750000e+02;1.8714647e-01;3.2750000e+02;2.4213435e-01;3.2750000e+02;2.6661107e-01;3.2750000e+02;2.5276572e-01;3.2750000e+02;2.2026581e-01;3.2750000e+02;1.4401658e-01;3.2750000e+02;7.9382986e-02;3.2750000e+02;2.6050929e-02;3.2750000e+02;-2.0531092e-02;3.2750000e+02;-6.3906476e-02;3.2750000e+02;-1.0705475e-01;3.2750000e+02;-1.4975546e-01;3.2750000e+02;-1.9177115e-01;3.2750000e+02;-8.0073029e-02;3.2750000e+02;-4.9870566e-02;3.2750000e+02;-1.4039781e-03;3.2750000e+02;6.0277663e-02;3.2750000e+02;1.3280796e-01;3.2750000e+02;1.8714647e-01;3.2750000e+02;2.4213435e-01;3.2750000e+02;2.6661107e-01;3.2750000e+02;2.5276572e-01;3.2750000e+02;2.2026581e-01;3.2750000e+02;1.4401658e-01;3.2750000e+02;7.9382986e-02;3.2750000e+02;2.6050929e-02;3.2750000e+02;-2.0531092e-02;3.2750000e+02;-6.3906476e-02;3.2750000e+02;-1.0705475e-01;3.2750000e+02;-1.4975546e-01;3.2750000e+02;-1.9177115e-01;3.2750000e+02;-8.0073029e-02;3.2750000e+02;-4.9870566e-02;3.2750000e+02;-1.4039781e-03;3.2750000e+02;6.0277663e-02;3.2750000e+02;1.3280796e-01;3.2750000e+02;1.8714647e-01;3.2750000e+02;2.4213435e-01;3.2750000e+02;2.6661107e-01;3.2750000e+02;2.5276572e-01;3.2750000e+02;2.2026581e-01;3.2750000e+02;1.4401658e-01;3.2750000e+02;7.9382986e-02;3.2750000e+02;2.6050929e-02;3.2750000e+02;-2.0531092e-02;3.2750000e+02;-6.3906476e-02;3.2750000e+02;-1.0705475e-01;3.2750000e+02;-1.4975546e-01;3.2750000e+02;-1.9177115e-01;3.2750000e+02;-8.0073029e-02;3.2750000e+02;-4.9870566e-02;3.2750000e+02;-1.4039781e-03;3.2750000e+02;6.0277663e-02;3.2750000e+02;1.3280796e-01;3.2750000e+02;1.8714647e-01;3.2750000e+02;2.4213435e-01;3.2750000e+02;2.6661107e-01;3.2750000e+02;2.5276572e-01;3.2750000e+02;2.2026581e-01;3.2750000e+02;1.4401658e-01;3.2750000e+02;7.9382986e-02;3.2750000e+02;2.6050929e-02;3.2750000e+02;-2.0531092e-02;3.2750000e+02;-6.3906476e-02;3.2750000e+02;-1.0705475e-01;3.2750000e+02;-1.4975546e-01;3.2750000e+02;-1.9177115e-01;3.2750000e+02;-8.0073029e-02;3.2750000e+02;-4.9870566e-02;3.2750000e+02;-1.4039781e-03;3.2750000e+02;6.0277663e-02;3.2750000e+02;1.3280796e-01;3.2750000e+02;1.8714647e-01;3.2750000e+02;2.4213435e-01;3.2750000e+02;2.6661107e-01;3.2750000e+02;2.5276572e-01;3.2750000e+02;2.2026581e-01;3.2750000e+02;1.4401658e-01;3.2750000e+02;7.9382986e-02;3.2750000e+02;2.6050929e-02;3.2750000e+02;-2.0531092e-02;3.2750000e+02;-6.3906476e-02;3.2750000e+02;-1.0705475e-01;3.2750000e+02;-1.4975546e-01;3.2750000e+02;-1.9177115e-01;3.2750000e+02;-8.0073029e-02;3.2750000e+02;-4.9870566e-02;3.2750000e+02;-1.4039781e-03;3.2750000e+02;6.0277663e-02;3.2750000e+02;1.3280796e-01;3.2750000e+02;1.8714647e-01;3.2750000e+02;2.4213435e-01;3.2750000e+02;2.6661107e-01;3.2750000e+02;2.5276572e-01;3.2750000e+02;2.2026581e-01;3.2750000e+02;1.4401658e-01;3.2750000e+02;7.9382986e-02;3.2750000e+02;2.6050929e-02;3.2750000e+02;-2.0531092e-02;3.2750000e+02;-6.3906476e-02;3.2750000e+02;-1.0705475e-01;3.2750000e+02;-1.4975546e-01;3.2750000e+02;-1.9177115e-01;3.2750000e+02;-8.0073029e-02;3.2750000e+02;-4.9870566e-02;3.2750000e+02;-1.4039781e-03;3.2750000e+02;6.0277663e-02;3.2750000e+02;1.3280796e-01;3.2750000e+02;1.8714647e-01;3.2750000e+02;2.4213435e-01;3.2750000e+02;2.6661107e-01;3.2750000e+02;2.5276572e-01;3.2750000e+02;2.2026581e-01;3.2750000e+02;1.4401658e-01;3.2750000e+02;7.9382986e-02;3.2750000e+02;2.6050929e-02;3.2750000e+02;-2.0531092e-02;3.2750000e+02;-6.3906476e-02;3.2750000e+02;-1.0705475e-01;3.2750000e+02;-1.4975546e-01;3.2750000e+02;-1.9177115e-01;3.2750000e+02;-8.0073029e-02;3.2750000e+02;-4.9870566e-02;3.2750000e+02;-1.4039781e-03;3.2750000e+02;6.0277663e-02;3.2750000e+02;1.3280796e-01;3.2750000e+02;1.8714647e-01;3.2750000e+02;2.4213435e-01;3.2750000e+02;2.6661107e-01;3.2750000e+02;2.5276572e-01;3.2750000e+02;2.2026581e-01;3.2750000e+02;1.4401658e-01;3.2750000e+02;7.9382986e-02;3.2750000e+02;2.6050929e-02;3.2750000e+02;-2.0531092e-02;3.2750000e+02;-6.3906476e-02;3.2750000e+02;-1.0705475e-01;3.2750000e+02;-1.4975546e-01;3.2750000e+02;-1.9177115e-01;3.2750000e+02;-8.0073029e-02;3.2750000e+02;-4.9870566e-02;3.2750000e+02;-1.4039781e-03;3.2750000e+02;6.0277663e-02;3.2750000e+02;1.3280796e-01;3.2750000e+02;1.8714647e-01;3.2750000e+02;2.4213435e-01;3.2750000e+02;2.6661107e-01;3.2750000e+02;2.5276572e-01;3.2750000e+02;2.2026581e-01;3.2750000e+02;1.4401658e-01;3.2750000e+02;7.9382986e-02;3.2750000e+02;2.6050929e-02;3.2750000e+02;-2.0531092e-02;3.2750000e+02;-6.3906476e-02;3.2750000e+02;-1.0705475e-01;3.2750000e+02;-1.4975546e-01;3.2750000e+02;-1.9177115e-01;3.2750000e+02;-8.0073029e-02;3.2750000e+02;-4.9870566e-02;3.2750000e+02;-1.4039781e-03;3.2750000e+02;6.0277663e-02;3.2750000e+02;1.3280796e-01;3.2750000e+02;1.8714647e-01;3.2750000e+02;2.4213435e-01;3.2750000e+02;2.6661107e-01;3.2750000e+02;2.5276572e-01;3.2750000e+02;2.2026581e-01;3.2750000e+02;1.4401658e-01;3.2750000e+02;7.9382986e-02;3.2750000e+02;2.6050929e-02;3.2750000e+02;-2.0531092e-02;3.2750000e+02;-6.3906476e-02;3.2750000e+02;-1.0705475e-01;3.2750000e+02;-1.4975546e-01;3.2750000e+02;-1.9177115e-01;3.2750000e+02;-8.0073029e-02;3.2750000e+02;-4.9870566e-02;3.2750000e+02;-1.4039781e-03;3.2750000e+02;6.0277663e-02;3.2750000e+02;1.3280796e-01;3.2750000e+02;1.8714647e-01;3.2750000e+02;2.4213435e-01;3.2750000e+02;2.6661107e-01;3.2750000e+02;2.5276572e-01;3.2750000e+02;2.2026581e-01;3.2750000e+02;1.4401658e-01;3.2750000e+02;7.9382986e-02;3.2750000e+02;2.6050929e-02;3.2750000e+02;-2.0531092e-02;3.2750000e+02;-6.3906476e-02;3.2750000e+02;-1.0705475e-01;3.2750000e+02;-1.4975546e-01;3.2750000e+02;-1.9177115e-01;3.2750000e+02;-8.0073029e-02;3.2750000e+02;-4.9870566e-02;3.2750000e+02;-1.4039781e-03;3.2750000e+02;6.0277663e-02;3.2750000e+02;1.3280796e-01;3.2750000e+02;1.8714647e-01;3.2750000e+02;2.4213435e-01;3.2750000e+02;2.6661107e-01;3.2750000e+02;2.5276572e-01;3.2750000e+02;2.2026581e-01;3.2750000e+02;1.4401658e-01;3.2750000e+02;7.9382986e-02;3.2750000e+02;2.6050929e-02;3.2750000e+02;-2.0531092e-02;3.2750000e+02;-6.3906476e-02;3.2750000e+02;-1.0705475e-01;3.2750000e+02;-1.4975546e-01;3.2750000e+02;-1.9177115e-01;3.2750000e+02;-8.0073029e-02;3.2750000e+02;-4.9870566e-02;3.2750000e+02;-1.4039781e-03;3.2750000e+02;6.0277663e-02;3.2750000e+02;1.3280796e-01;3.2750000e+02;1.8714647e-01;3.2750000e+02;2.4213435e-01;3.2750000e+02;2.6661107e-01;3.2750000e+02;2.5276572e-01;3.2750000e+02;2.2026581e-01;3.2750000e+02;1.4401658e-01;3.2750000e+02;7.9382986e-02;3.2750000e+02;2.6050929e-02;3.2750000e+02;-2.0531092e-02;3.2750000e+02;-6.3906476e-02;3.2750000e+02;-1.0705475e-01;3.2750000e+02;-1.4975546e-01;3.2750000e+02;-1.9177115e-01;3.2750000e+02;-8.0073029e-02;3.2750000e+02;-4.9870566e-02;3.2750000e+02;-1.4039781e-03;3.2750000e+02;6.0277663e-02;3.2750000e+02;1.3280796e-01;3.2750000e+02;1.8714647e-01;3.2750000e+02;2.4213435e-01;3.2750000e+02;2.6661107e-01;3.2750000e+02;2.5276572e-01;3.2750000e+02;2.2026581e-01;3.2750000e+02;1.4401658e-01;3.2750000e+02;7.9382986e-02;3.2750000e+02;2.6050929e-02;3.2750000e+02;-2.0531092e-02;3.2750000e+02;-6.3906476e-02;3.2750000e+02;-1.0705475e-01;3.2750000e+02;-1.4975546e-01;3.2750000e+02;-1.9177115e-01;3.2750000e+02;-8.0073029e-02;3.2750000e+02;-4.9870566e-02;3.2750000e+02;-1.4039781e-03;3.2750000e+02;6.0277663e-02;3.2750000e+02;1.3280796e-01;3.2750000e+02;1.8714647e-01;3.2750000e+02;2.4213435e-01;3.2750000e+02;2.6661107e-01;3.2750000e+02;2.5276572e-01;3.2750000e+02;2.2026581e-01;3.2750000e+02;1.4401658e-01;3.2750000e+02;7.9382986e-02;3.2750000e+02;2.6050929e-02;3.2750000e+02;-2.0531092e-02;3.2750000e+02;-6.3906476e-02;3.2750000e+02;-1.0705475e-01;3.2750000e+02;-1.4975546e-01;3.2750000e+02;-1.9177115e-01;3.2750000e+02;-8.0073029e-02;3.2750000e+02;-4.9870566e-02;3.2750000e+02;-1.4039781e-03;3.2750000e+02;6.0277663e-02;3.2750000e+02;1.3280796e-01;3.2750000e+02;1.8714647e-01;3.2750000e+02;2.4213435e-01;3.2750000e+02;2.6661107e-01;3.2750000e+02;2.5276572e-01;3.2750000e+02;2.2026581e-01;3.2750000e+02;1.4401658e-01;3.2750000e+02;7.9382986e-02;3.2750000e+02;2.6050929e-02;3.2750000e+02;-2.0531092e-02;3.2750000e+02;-6.3906476e-02;3.2750000e+02;-1.0705475e-01;3.2750000e+02;-1.4975546e-01;3.2750000e+02;-1.9177115e-01;3.2750000e+02;-8.0073029e-02;3.2750000e+02;-4.9870566e-02;3.2750000e+02;-1.4039781e-03;3.2750000e+02;6.0277663e-02;3.2750000e+02;1.3280796e-01;3.2750000e+02;1.8714647e-01;3.2750000e+02;2.4213435e-01;3.2750000e+02;2.6661107e-01;3.2750000e+02;2.5276572e-01;3.2750000e+02;2.2026581e-01;3.2750000e+02;1.4401658e-01;3.2750000e+02;7.9382986e-02;3.2750000e+02;2.6050929e-02;3.2750000e+02;-2.0531092e-02;3.2750000e+02;-6.3906476e-02;3.2750000e+02;-1.0705475e-01;3.2750000e+02;-1.4975546e-01;3.2750000e+02;-1.9177115e-01;3.2750000e+02;-8.0073029e-02;3.2750000e+02;-4.9870566e-02;3.2750000e+02;-1.4039781e-03;3.2750000e+02;6.0277663e-02;3.2750000e+02;1.3280796e-01;3.2750000e+02;1.8714647e-01;3.2750000e+02;2.4213435e-01;3.2750000e+02;2.6661107e-01;3.2750000e+02;2.5276572e-01;3.2750000e+02;2.2026581e-01;3.2750000e+02;1.4401658e-01;3.2750000e+02;7.9382986e-02;3.2750000e+02;2.6050929e-02;3.2750000e+02;-2.0531092e-02;3.2750000e+02;-6.3906476e-02;3.2750000e+02;-1.0705475e-01;3.2750000e+02;-1.4975546e-01;3.2750000e+02;-1.9177115e-01;3.2750000e+02;-8.0073029e-02;3.2750000e+02;-4.9870566e-02;3.2750000e+02;-1.4039781e-03;3.2750000e+02;6.0277663e-02;3.2750000e+02;1.3280796e-01;3.2750000e+02;1.8714647e-01;3.2750000e+02;2.4213435e-01;3.2750000e+02;2.6661107e-01;3.2750000e+02;2.5276572e-01;3.2750000e+02;2.2026581e-01;3.2750000e+02;1.4401658e-01;3.2750000e+02;7.9382986e-02;3.2750000e+02;2.6050929e-02;3.2750000e+02;-2.0531092e-02;3.2750000e+02;-6.3906476e-02;3.2750000e+02;-1.0705475e-01;3.2750000e+02;-1.4975546e-01;3.2750000e+02;-1.9177115e-01;3.2750000e+02;-8.0073029e-02;3.2750000e+02;-4.9870566e-02;3.2750000e+02;-1.4039781e-03;3.2750000e+02;6.0277663e-02;3.2750000e+02;1.3280796e-01;3.2750000e+02;1.8714647e-01;3.2750000e+02;2.4213435e-01;3.2750000e+02;2.6661107e-01;3.2750000e+02;2.5276572e-01;3.2750000e+02;2.2026581e-01;3.2750000e+02;1.4401658e-01;3.2750000e+02;7.9382986e-02;3.2750000e+02;2.6050929e-02;3.2750000e+02;-2.0531092e-02;3.2750000e+02;-6.3906476e-02;3.2750000e+02;-1.0705475e-01;3.2750000e+02;-1.4975546e-01;3.2750000e+02;-1.9177115e-01;3.2750000e+02;-8.0073029e-02;3.2750000e+02;-4.9870566e-02;3.2750000e+02;-1.4039781e-03;3.2750000e+02;6.0277663e-02;3.2750000e+02;1.3280796e-01;3.2750000e+02;1.8714647e-01;3.2750000e+02;2.4213435e-01;3.2750000e+02;2.6661107e-01;3.2750000e+02;2.5276572e-01;3.2750000e+02;2.2026581e-01;3.2750000e+02;1.4401658e-01;3.2750000e+02;7.9382986e-02;3.2750000e+02;2.6050929e-02;3.2750000e+02;-2.0531092e-02;3.2750000e+02;-6.3906476e-02;3.2750000e+02;-1.0705475e-01;3.2750000e+02;-1.4975546e-01;3.2750000e+02;-1.9177115e-01;3.2750000e+02;-8.0073029e-02;3.2750000e+02;-4.9870566e-02;3.2750000e+02;-1.4039781e-03;3.2750000e+02;6.0277663e-02;3.2750000e+02;1.3280796e-01;3.2750000e+02;1.8714647e-01;3.2750000e+02;2.4213435e-01;3.2750000e+02;2.6661107e-01;3.2750000e+02;2.5276572e-01;3.2750000e+02;2.2026581e-01;3.2750000e+02;1.4401658e-01;3.2750000e+02;7.9382986e-02;3.2750000e+02;2.6050929e-02;3.2750000e+02;-2.0531092e-02;3.2750000e+02;-6.3906476e-02;3.2750000e+02;-1.0705475e-01;3.2750000e+02;-1.4975546e-01;3.2750000e+02;-1.9177115e-01;3.2750000e+02;-8.0073029e-02;3.2750000e+02;-4.9870566e-02;3.2750000e+02;-1.4039781e-03;3.2750000e+02;6.0277663e-02;3.2750000e+02;1.3280796e-01;3.2750000e+02;1.8714647e-01;3.2750000e+02;2.4213435e-01;3.2750000e+02;2.6661107e-01;3.2750000e+02;2.5276572e-01;3.2750000e+02;2.2026581e-01;3.2750000e+02;1.4401658e-01;3.2750000e+02;7.9382986e-02;3.2750000e+02;2.6050929e-02;3.2750000e+02;-2.0531092e-02;3.2750000e+02;-6.3906476e-02;3.2750000e+02;-1.0705475e-01;3.2750000e+02;-1.4975546e-01;3.2750000e+02;-1.9177115e-01;3.2750000e+02;-8.0073029e-02;3.2750000e+02;-4.9870566e-02;3.2750000e+02;-1.4039781e-03;3.2750000e+02;6.0277663e-02;3.2750000e+02;1.3280796e-01;3.2750000e+02;1.8714647e-01;3.2750000e+02;2.4213435e-01;3.2750000e+02;2.6661107e-01;3.2750000e+02;2.5276572e-01;3.2750000e+02;2.2026581e-01;3.2750000e+02;1.4401658e-01;3.2750000e+02;7.9382986e-02;3.2750000e+02;2.6050929e-02;3.2750000e+02;-2.0531092e-02;3.2750000e+02;-6.3906476e-02;3.2750000e+02;-1.0705475e-01;3.2750000e+02;-1.4975546e-01;3.2750000e+02;-1.9177115e-01;3.2750000e+02;-8.0073029e-02;3.2750000e+02;-4.9870566e-02;3.2750000e+02;-1.4039781e-03;3.2750000e+02;6.0277663e-02;3.2750000e+02;1.3280796e-01;3.2750000e+02;1.8714647e-01;3.2750000e+02;2.4213435e-01;3.2750000e+02;2.6661107e-01;3.2750000e+02;2.5276572e-01;3.2750000e+02;2.2026581e-01;3.2750000e+02;1.4401658e-01;3.2750000e+02;7.9382986e-02;3.2750000e+02;2.6050929e-02;3.2750000e+02;-2.0531092e-02;3.2750000e+02;-6.3906476e-02;3.2750000e+02;-1.0705475e-01;3.2750000e+02;-1.4975546e-01;3.2750000e+02;-1.9177115e-01;3.2750000e+02;-8.0073029e-02;3.2750000e+02;-4.9870566e-02;3.2750000e+02;-1.4039781e-03;3.2750000e+02;6.0277663e-02;3.2750000e+02;1.3280796e-01;3.2750000e+02;1.8714647e-01;3.2750000e+02;2.4213435e-01;3.2750000e+02;2.6661107e-01;3.2750000e+02;2.5276572e-01;3.2750000e+02;2.2026581e-01;3.2750000e+02;1.4401658e-01;3.2750000e+02;7.9382986e-02;3.2750000e+02;2.6050929e-02;3.2750000e+02;-2.0531092e-02;3.2750000e+02;-6.3906476e-02;3.2750000e+02;-1.0705475e-01;3.2750000e+02;-1.4975546e-01;3.2750000e+02;-1.9177115e-01;3.2750000e+02;-8.0073029e-02;3.2750000e+02;-4.9870566e-02;3.2750000e+02;-1.4039781e-03;3.2750000e+02;6.0277663e-02;3.2750000e+02;1.3280796e-01;3.2750000e+02;1.8714647e-01;3.2750000e+02;2.4213435e-01;3.2750000e+02;2.6661107e-01;3.2750000e+02;2.5276572e-01;3.2750000e+02;2.2026581e-01;3.2750000e+02;1.4401658e-01;3.2750000e+02;7.9382986e-02;3.2750000e+02;2.6050929e-02;3.2750000e+02;-2.0531092e-02;3.2750000e+02;-6.3906476e-02;3.2750000e+02;-1.0705475e-01;3.2750000e+02;-1.4975546e-01;3.2750000e+02;-1.9177115e-01;3.2750000e+02;-8.0073029e-02;3.2750000e+02;-4.9870566e-02;3.2750000e+02;-1.4039781e-03;3.2750000e+02;6.0277663e-02;3.2750000e+02;1.3280796e-01;3.2750000e+02;1.8714647e-01;3.2750000e+02;2.4213435e-01;3.2750000e+02;2.6661107e-01;3.2750000e+02;2.5276572e-01;3.2750000e+02;2.2026581e-01;3.2750000e+02;1.4401658e-01;3.2750000e+02;7.9382986e-02;3.2750000e+02;2.6050929e-02;3.2750000e+02;-2.0531092e-02;3.2750000e+02;-6.3906476e-02;3.2750000e+02;-1.0705475e-01;3.2750000e+02;-1.4975546e-01;3.2750000e+02;-1.9177115e-01;3.2750000e+02;-8.0073029e-02;3.2750000e+02;-4.9870566e-02;3.2750000e+02;-1.4039781e-03;3.2750000e+02;6.0277663e-02;3.2750000e+02;1.3280796e-01;3.2750000e+02;1.8714647e-01;3.2750000e+02;2.4213435e-01;3.2750000e+02;2.6661107e-01;3.2750000e+02;2.5276572e-01;3.2750000e+02;2.2026581e-01;3.2750000e+02;1.4401658e-01;3.2750000e+02;7.9382986e-02;3.2750000e+02;2.6050929e-02;3.2750000e+02;-2.0531092e-02;3.2750000e+02;-6.3906476e-02;3.2750000e+02;-1.0705475e-01;3.2750000e+02;-1.4975546e-01;3.2750000e+02;-1.9177115e-01;3.2750000e+02;-8.0073029e-02;3.2750000e+02;-4.9870566e-02;3.2750000e+02;-1.4039781e-03;3.2750000e+02;6.0277663e-02;3.2750000e+02;1.3280796e-01;3.2750000e+02;1.8714647e-01;3.2750000e+02;2.4213435e-01;3.2750000e+02;2.6661107e-01;3.2750000e+02;2.5276572e-01;3.2750000e+02;2.2026581e-01;3.2750000e+02;1.4401658e-01;3.2750000e+02;7.9382986e-02;3.2750000e+02;2.6050929e-02;3.2750000e+02;-2.0531092e-02;3.2750000e+02;-6.3906476e-02;3.2750000e+02;-1.0705475e-01;3.2750000e+02;-1.4975546e-01;3.2750000e+02;-1.9177115e-01;3.2750000e+02;-8.0073029e-02;3.2750000e+02;-4.9870566e-02;3.2750000e+02;-1.4039781e-03;3.2750000e+02;6.0277663e-02;3.2750000e+02;1.3280796e-01;3.2750000e+02;1.8714647e-01;3.2750000e+02;2.4213435e-01;3.2750000e+02;2.6661107e-01;3.2750000e+02;2.5276572e-01;3.2750000e+02;2.2026581e-01;3.2750000e+02;1.4401658e-01;3.2750000e+02;7.9382986e-02;3.2750000e+02;2.6050929e-02;3.2750000e+02;-2.0531092e-02;3.2750000e+02;-6.3906476e-02;3.2750000e+02;-1.0705475e-01;3.2750000e+02;-1.4975546e-01;3.2750000e+02;-1.9177115e-01;3.2750000e+02;-8.0073029e-02;3.2750000e+02;-4.9870566e-02;3.2750000e+02;-1.4039781e-03;3.2750000e+02;6.0277663e-02;3.2750000e+02;1.3280796e-01;3.2750000e+02;1.8714647e-01;3.2750000e+02;2.4213435e-01;3.2750000e+02;2.6661107e-01;3.2750000e+02;2.5276572e-01;3.2750000e+02;2.2026581e-01;3.2750000e+02;1.4401658e-01;3.2750000e+02;7.9382986e-02;3.2750000e+02;2.6050929e-02;3.2750000e+02;-2.0531092e-02;3.2750000e+02;-6.3906476e-02;3.2750000e+02;-1.0705475e-01;3.2750000e+02;-1.4975546e-01;3.2750000e+02;-1.9177115e-01;3.2750000e+02;-8.0073029e-02;3.2750000e+02;-4.9870566e-02;3.2750000e+02;-1.4039781e-03;3.2750000e+02;6.0277663e-02;3.2750000e+02;1.3280796e-01;3.2750000e+02;1.8714647e-01;3.2750000e+02;2.4213435e-01;3.2750000e+02;2.6661107e-01;3.2750000e+02;2.5276572e-01;3.2750000e+02;2.2026581e-01;3.2750000e+02;1.4401658e-01;3.2750000e+02;7.9382986e-02;3.2750000e+02;2.6050929e-02;3.2750000e+02;-2.0531092e-02;3.2750000e+02;-6.3906476e-02;3.2750000e+02;-1.0705475e-01;3.2750000e+02;-1.4975546e-01;3.2750000e+02;-1.9177115e-01;3.2750000e+02;-8.0073029e-02;3.2750000e+02;-4.9870566e-02;3.2750000e+02;-1.4039781e-03;3.2750000e+02;6.0277663e-02;3.2750000e+02;1.3280796e-01;3.2750000e+02;1.8714647e-01;3.2750000e+02;2.4213435e-01;3.2750000e+02;2.6661107e-01;3.2750000e+02;2.5276572e-01;3.2750000e+02;2.2026581e-01;3.2750000e+02;1.4401658e-01;3.2750000e+02;7.9382986e-02;3.2750000e+02;2.6050929e-02;3.2750000e+02;-2.0531092e-02;3.2750000e+02;-6.3906476e-02;3.2750000e+02;-1.0705475e-01;3.2750000e+02;-1.4975546e-01;3.2750000e+02;-1.9177115e-01;3.2750000e+02;-8.0073029e-02;3.2750000e+02;-4.9870566e-02;3.2750000e+02;-1.4039781e-03;3.2750000e+02;6.0277663e-02;3.2750000e+02;1.3280796e-01;3.2750000e+02;1.8714647e-01;3.2750000e+02;2.4213435e-01;3.2750000e+02;2.6661107e-01;3.2750000e+02;2.5276572e-01;3.2750000e+02;2.2026581e-01;3.2750000e+02;1.4401658e-01;3.2750000e+02;7.9382986e-02;3.2750000e+02;2.6050929e-02;3.2750000e+02;-2.0531092e-02;3.2750000e+02;-6.3906476e-02;3.2750000e+02;-1.0705475e-01;3.2750000e+02;-1.4975546e-01;3.2750000e+02;-1.9177115e-01;3.2750000e+02;-8.0073029e-02;3.2750000e+02;-4.9870566e-02;3.2750000e+02;-1.4039781e-03;3.2750000e+02;6.0277663e-02;3.2750000e+02;1.3280796e-01;3.2750000e+02;1.8714647e-01;3.2750000e+02;2.4213435e-01;3.2750000e+02;2.6661107e-01;3.2750000e+02;2.5276572e-01;3.2750000e+02;2.2026581e-01;3.2750000e+02;1.4401658e-01;3.2750000e+02;7.9382986e-02;3.2750000e+02;2.6050929e-02;3.2750000e+02;-2.0531092e-02;3.2750000e+02;-6.3906476e-02;3.2750000e+02;-1.0705475e-01;3.2750000e+02;-1.4975546e-01;3.2750000e+02;-1.9177115e-01;3.2750000e+02;-8.0073029e-02;3.2750000e+02;-4.9870566e-02;3.2750000e+02;-1.4039781e-03;3.2750000e+02;6.0277663e-02;3.2750000e+02;1.3280796e-01;3.2750000e+02;1.8714647e-01;3.2750000e+02;2.4213435e-01;3.2750000e+02;2.6661107e-01;3.2750000e+02;2.5276572e-01;3.2750000e+02;2.2026581e-01;3.2750000e+02;1.4401658e-01;3.2750000e+02;7.9382986e-02;3.2750000e+02;2.6050929e-02;3.2750000e+02;-2.0531092e-02;3.2750000e+02;-6.3906476e-02;3.2750000e+02;-1.0705475e-01;3.2750000e+02;-1.4975546e-01;3.2750000e+02;-1.9177115e-01;3.2750000e+02;-8.0073029e-02;3.2750000e+02;-4.9870566e-02;3.2750000e+02;-1.4039781e-03;3.2750000e+02;6.0277663e-02;3.2750000e+02;1.3280796e-01;3.2750000e+02;1.8714647e-01;3.2750000e+02;2.4213435e-01;3.2750000e+02;2.6661107e-01;3.2750000e+02;2.5276572e-01;3.2750000e+02;2.2026581e-01;3.2750000e+02;1.4401658e-01;3.2750000e+02;7.9382986e-02;3.2750000e+02;2.6050929e-02;3.2750000e+02;-2.0531092e-02;3.2750000e+02;-6.3906476e-02;3.2750000e+02;-1.0705475e-01;3.2750000e+02;-1.4975546e-01;3.2750000e+02;-1.9177115e-01;3.2750000e+02;-8.0073029e-02;3.2750000e+02;-4.9870566e-02;3.2750000e+02;-1.4039781e-03;3.2750000e+02;6.0277663e-02;3.2750000e+02;1.3280796e-01;3.2750000e+02;1.8714647e-01;3.2750000e+02;2.4213435e-01;3.2750000e+02;2.6661107e-01;3.2750000e+02;2.5276572e-01;3.2750000e+02;2.2026581e-01;3.2750000e+02;1.4401658e-01;3.2750000e+02;7.9382986e-02;3.2750000e+02;2.6050929e-02;3.2750000e+02;-2.0531092e-02;3.2750000e+02;-6.3906476e-02;3.2750000e+02;-1.0705475e-01;3.2750000e+02;-1.4975546e-01;3.2750000e+02;-1.9177115e-01;3.2750000e+02;-8.0073029e-02;3.2750000e+02;-4.9870566e-02;3.2750000e+02;-1.4039781e-03;3.2750000e+02;6.0277663e-02;3.2750000e+02;1.3280796e-01;3.2750000e+02;1.8714647e-01;3.2750000e+02;2.4213435e-01;3.2750000e+02;2.6661107e-01;3.2750000e+02;2.5276572e-01;3.2750000e+02;2.2026581e-01;3.2750000e+02;1.4401658e-01;3.2750000e+02;7.9382986e-02;3.2750000e+02;2.6050929e-02;3.2750000e+02;-2.0531092e-02;3.2750000e+02;-6.3906476e-02;3.2750000e+02;-1.0705475e-01;3.2750000e+02;-1.4975546e-01;3.2750000e+02;-1.9177115e-01;3.2750000e+02;-8.0073029e-02;3.2750000e+02;-4.9870566e-02;3.2750000e+02;-1.4039781e-03;3.2750000e+02;6.0277663e-02;3.2750000e+02;1.3280796e-01;3.2750000e+02;1.8714647e-01;3.2750000e+02;2.4213435e-01;3.2750000e+02;2.6661107e-01;3.2750000e+02;2.5276572e-01;3.2750000e+02;2.2026581e-01;3.2750000e+02;1.4401658e-01;3.2750000e+02;7.9382986e-02;3.2750000e+02;2.6050929e-02;3.2750000e+02;-2.0531092e-02;3.2750000e+02;-6.3906476e-02;3.2750000e+02;-1.0705475e-01;3.2750000e+02;-1.4975546e-01;3.2750000e+02;-1.9177115e-01;3.2750000e+02;-8.0073029e-02;3.2750000e+02;-4.9870566e-02;3.2750000e+02;-1.4039781e-03;3.2750000e+02;6.0277663e-02;3.2750000e+02;1.3280796e-01;3.2750000e+02;1.8714647e-01;3.2750000e+02;2.4213435e-01;3.2750000e+02;2.6661107e-01;3.2750000e+02;2.5276572e-01;3.2750000e+02;2.2026581e-01;3.2750000e+02;1.4401658e-01;3.2750000e+02;7.9382986e-02;3.2750000e+02;2.6050929e-02;3.2750000e+02;-2.0531092e-02;3.2750000e+02;-6.3906476e-02;3.2750000e+02;-1.0705475e-01;3.2750000e+02;-1.4975546e-01;3.2750000e+02;-1.9177115e-01;3.2750000e+02;-8.0073029e-02;3.2750000e+02;-4.9870566e-02;3.2750000e+02;-1.4039781e-03;3.2750000e+02;6.0277663e-02;3.2750000e+02;1.3280796e-01;3.2750000e+02;1.8714647e-01;3.2750000e+02;2.4213435e-01;3.2750000e+02;2.6661107e-01;3.2750000e+02;2.5276572e-01;3.2750000e+02;2.2026581e-01;3.2750000e+02;1.4401658e-01;3.2750000e+02;7.9382986e-02;3.2750000e+02;2.6050929e-02;3.2750000e+02;-2.0531092e-02;3.2750000e+02;-6.3906476e-02;3.2750000e+02;-1.0705475e-01;3.2750000e+02;-1.4975546e-01;3.2750000e+02;-1.9177115e-01;3.2750000e+02;-8.0073029e-02;3.2750000e+02;-4.9870566e-02;3.2750000e+02;-1.4039781e-03;3.2750000e+02;6.0277663e-02;3.2750000e+02;1.3280796e-01;3.2750000e+02;1.8714647e-01;3.2750000e+02;2.4213435e-01;3.2750000e+02;2.6661107e-01;3.2750000e+02;2.5276572e-01;3.2750000e+02;2.2026581e-01;3.2750000e+02;1.4401658e-01;3.2750000e+02;7.9382986e-02;3.2750000e+02;2.6050929e-02;3.2750000e+02;-2.0531092e-02;3.2750000e+02;-6.3906476e-02;3.2750000e+02;-1.0705475e-01;3.2750000e+02;-1.4975546e-01;3.2750000e+02;-1.9177115e-01;3.2750000e+02;-8.0073029e-02;3.2750000e+02;-4.9870566e-02;3.2750000e+02;-1.4039781e-03;3.2750000e+02;6.0277663e-02;3.2750000e+02;1.3280796e-01;3.2750000e+02;1.8714647e-01;3.2750000e+02;2.4213435e-01;3.2750000e+02;2.6661107e-01;3.2750000e+02;2.5276572e-01;3.2750000e+02;2.2026581e-01;3.2750000e+02;1.4401658e-01;3.2750000e+02;7.9382986e-02;3.2750000e+02;2.6050929e-02;3.2750000e+02;-2.0531092e-02;3.2750000e+02;-6.3906476e-02;3.2750000e+02;-1.0705475e-01;3.2750000e+02;-1.4975546e-01;3.2750000e+02;-1.9177115e-01;3.2750000e+02;-8.0073029e-02;3.2750000e+02;-4.9870566e-02;3.2750000e+02;-1.4039781e-03;3.2750000e+02;6.0277663e-02;3.2750000e+02;1.3280796e-01;3.2750000e+02;1.8714647e-01;3.2750000e+02;2.4213435e-01;3.2750000e+02;2.6661107e-01;3.2750000e+02;2.5276572e-01;3.2750000e+02;2.2026581e-01;3.2750000e+02;1.4401658e-01;3.2750000e+02;7.9382986e-02;3.2750000e+02;2.6050929e-02;3.2750000e+02;-2.0531092e-02;3.2750000e+02;-6.3906476e-02;3.2750000e+02;-1.0705475e-01;3.2750000e+02;-1.4975546e-01;3.2750000e+02;-1.9177115e-01;3.2750000e+02;-8.0073029e-02;3.2750000e+02;-4.9870566e-02;3.2750000e+02;-1.4039781e-03;3.2750000e+02;6.0277663e-02;3.2750000e+02;1.3280796e-01;3.2750000e+02;1.8714647e-01;3.2750000e+02;2.4213435e-01;3.2750000e+02;2.6661107e-01;3.2750000e+02;2.5276572e-01;3.2750000e+02;2.2026581e-01;3.2750000e+02;1.4401658e-01;3.2750000e+02;7.9382986e-02;3.2750000e+02;2.6050929e-02;3.2750000e+02;-2.0531092e-02;3.2750000e+02;-6.3906476e-02;3.2750000e+02;-1.0705475e-01;3.2750000e+02;-1.4975546e-01;3.2750000e+02;-1.9177115e-01;3.2750000e+02;-8.0073029e-02;3.2750000e+02;-4.9870566e-02;3.2750000e+02;-1.4039781e-03;3.2750000e+02;6.0277663e-02;3.2750000e+02;1.3280796e-01;3.2750000e+02;1.8714647e-01;3.2750000e+02;2.4213435e-01;3.2750000e+02;2.6661107e-01;3.2750000e+02;2.5276572e-01;3.2750000e+02;2.2026581e-01;3.2750000e+02;1.4401658e-01;3.2750000e+02;7.9382986e-02;3.2750000e+02;2.6050929e-02;3.2750000e+02;-2.0531092e-02;3.2750000e+02;-6.3906476e-02;3.2750000e+02;-1.0705475e-01;3.2750000e+02;-1.4975546e-01;3.2750000e+02;-1.9177115e-01;3.2750000e+02;-8.0073029e-02;3.2750000e+02;-4.9870566e-02;3.2750000e+02;-1.4039781e-03;3.2750000e+02;6.0277663e-02;3.2750000e+02;1.3280796e-01;3.2750000e+02;1.8714647e-01;3.2750000e+02;2.4213435e-01;3.2750000e+02;2.6661107e-01;3.2750000e+02;2.5276572e-01;3.2750000e+02;2.2026581e-01;3.2750000e+02;1.4401658e-01;3.2750000e+02;7.9382986e-02;3.2750000e+02;2.6050929e-02;3.2750000e+02;-2.0531092e-02;3.2750000e+02;-6.3906476e-02;3.2750000e+02;-1.0705475e-01;3.2750000e+02;-1.4975546e-01;3.2750000e+02;-1.9177115e-01;3.2750000e+02;-8.0073029e-02;3.2750000e+02;-4.9870566e-02;3.2750000e+02;-1.4039781e-03;3.2750000e+02;6.0277663e-02;3.2750000e+02;1.3280796e-01;3.2750000e+02;1.8714647e-01;3.2750000e+02;2.4213435e-01;3.2750000e+02;2.6661107e-01;3.2750000e+02;2.5276572e-01;3.2750000e+02;2.2026581e-01;3.2750000e+02;1.4401658e-01;3.2750000e+02;7.9382986e-02;3.2750000e+02;2.6050929e-02;3.2750000e+02;-2.0531092e-02;3.2750000e+02;-6.3906476e-02;3.2750000e+02;-1.0705475e-01;3.2750000e+02;-1.4975546e-01;3.2750000e+02;-1.9177115e-01;3.2750000e+02;-8.0073029e-02;3.2750000e+02;-4.9870566e-02;3.2750000e+02;-1.4039781e-03;3.2750000e+02;6.0277663e-02;3.2750000e+02;1.3280796e-01;3.2750000e+02;1.8714647e-01;3.2750000e+02;2.4213435e-01;3.2750000e+02;2.6661107e-01;3.2750000e+02;2.5276572e-01;3.2750000e+02;2.2026581e-01;3.2750000e+02;1.4401658e-01;3.2750000e+02;7.9382986e-02;3.2750000e+02;2.6050929e-02;3.2750000e+02;-2.0531092e-02;3.2750000e+02;-6.3906476e-02;3.2750000e+02;-1.0705475e-01;3.2750000e+02;-1.4975546e-01;3.2750000e+02;-1.9177115e-01;3.2750000e+02;-8.0073029e-02;3.2750000e+02;-4.9870566e-02;3.2750000e+02;-1.4039781e-03;3.2750000e+02;6.0277663e-02;3.2750000e+02;1.3280796e-01;3.2750000e+02;1.8714647e-01;3.2750000e+02;2.4213435e-01;3.2750000e+02;2.6661107e-01;3.2750000e+02;2.5276572e-01;3.2750000e+02;2.2026581e-01;3.2750000e+02;1.4401658e-01;3.2750000e+02;7.9382986e-02;3.2750000e+02;2.6050929e-02;3.2750000e+02;-2.0531092e-02;3.2750000e+02;-6.3906476e-02;3.2750000e+02;-1.0705475e-01;3.2750000e+02;-1.4975546e-01;3.2750000e+02;-1.9177115e-01;3.2750000e+02;-8.0073029e-02;3.2750000e+02;-4.9870566e-02;3.2750000e+02;-1.4039781e-03;3.2750000e+02;6.0277663e-02;3.2750000e+02;1.3280796e-01;3.2750000e+02;1.8714647e-01;3.2750000e+02;2.4213435e-01;3.2750000e+02;2.6661107e-01;3.2750000e+02;2.5276572e-01;3.2750000e+02;2.2026581e-01;3.2750000e+02;1.4401658e-01;3.2750000e+02;7.9382986e-02;3.2750000e+02;2.6050929e-02;3.2750000e+02;-2.0531092e-02;3.2750000e+02;-6.3906476e-02;3.2750000e+02;-1.0705475e-01;3.2750000e+02;-1.4975546e-01;3.2750000e+02;-1.9177115e-01;3.2750000e+02;-8.0073029e-02;3.2750000e+02;-4.9870566e-02;3.2750000e+02;-1.4039781e-03;3.2750000e+02;6.0277663e-02;3.2750000e+02;1.3280796e-01;3.2750000e+02;1.8714647e-01;3.2750000e+02;2.4213435e-01;3.2750000e+02;2.6661107e-01;3.2750000e+02;2.5276572e-01;3.2750000e+02;2.2026581e-01;3.2750000e+02;1.4401658e-01;3.2750000e+02;7.9382986e-02;3.2750000e+02;2.6050929e-02;3.2750000e+02;-2.0531092e-02;3.2750000e+02;-6.3906476e-02;3.2750000e+02;-1.0705475e-01;3.2750000e+02;-1.4975546e-01;3.2750000e+02;-1.9177115e-01;3.2750000e+02;-8.0073029e-02;3.2750000e+02;-4.9870566e-02;3.2750000e+02;-1.4039781e-03;3.2750000e+02;6.0277663e-02;3.2750000e+02;1.3280796e-01;3.2750000e+02;1.8714647e-01;3.2750000e+02;2.4213435e-01;3.2750000e+02;2.6661107e-01;3.2750000e+02;2.5276572e-01;3.2750000e+02;2.2026581e-01;3.2750000e+02;1.4401658e-01;3.2750000e+02;7.9382986e-02;3.2750000e+02;2.6050929e-02;3.2750000e+02;-2.0531092e-02;3.2750000e+02;-6.3906476e-02;3.2750000e+02;-1.0705475e-01;3.2750000e+02;-1.4975546e-01;3.2750000e+02;-1.9177115e-01;3.2750000e+02;-8.0073029e-02;3.2750000e+02;-4.9870566e-02;3.2750000e+02;-1.4039781e-03;3.2750000e+02;6.0277663e-02;3.2750000e+02;1.3280796e-01;3.2750000e+02;1.8714647e-01;3.2750000e+02;2.4213435e-01;3.2750000e+02;2.6661107e-01;3.2750000e+02;2.5276572e-01;3.2750000e+02;2.2026581e-01;3.2750000e+02;1.4401658e-01;3.2750000e+02;7.9382986e-02;3.2750000e+02;2.6050929e-02;3.2750000e+02;-2.0531092e-02;3.2750000e+02;-6.3906476e-02;3.2750000e+02;-1.0705475e-01;3.2750000e+02;-1.4975546e-01;3.2750000e+02;-1.9177115e-01;3.2750000e+02;-8.0073029e-02;3.2750000e+02;-4.9870566e-02;3.2750000e+02;-1.4039781e-03;3.2750000e+02;6.0277663e-02;3.2750000e+02;1.3280796e-01;3.2750000e+02;1.8714647e-01;3.2750000e+02;2.4213435e-01;3.2750000e+02;2.6661107e-01;3.2750000e+02;2.5276572e-01;3.2750000e+02;2.2026581e-01;3.2750000e+02;1.4401658e-01;3.2750000e+02;7.9382986e-02;3.2750000e+02;2.6050929e-02;3.2750000e+02;-2.0531092e-02;3.2750000e+02;-6.3906476e-02;3.2750000e+02;-1.0705475e-01;3.2750000e+02;-1.4975546e-01;3.2750000e+02;-1.9177115e-01;3.2750000e+02;-8.0073029e-02;3.2750000e+02;-4.9870566e-02;3.2750000e+02;-1.4039781e-03;3.2750000e+02;6.0277663e-02;3.2750000e+02;1.3280796e-01;3.2750000e+02;1.8714647e-01;3.2750000e+02;2.4213435e-01;3.2750000e+02;2.6661107e-01;3.2750000e+02;2.5276572e-01;3.2750000e+02;2.2026581e-01;3.2750000e+02;1.4401658e-01;3.2750000e+02;7.9382986e-02;3.2750000e+02;2.6050929e-02;3.2750000e+02;-2.0531092e-02;3.2750000e+02;-6.3906476e-02;3.2750000e+02;-1.0705475e-01;3.2750000e+02;-1.4975546e-01;3.2750000e+02;-1.9177115e-01;3.2750000e+02;-8.0073029e-02;3.2750000e+02;-4.9870566e-02;3.2750000e+02;-1.4039781e-03;3.2750000e+02;6.0277663e-02;3.2750000e+02;1.3280796e-01;3.2750000e+02;1.8714647e-01;3.2750000e+02;2.4213435e-01;3.2750000e+02;2.6661107e-01;3.2750000e+02;2.5276572e-01;3.2750000e+02;2.2026581e-01;3.2750000e+02;1.4401658e-01;3.2750000e+02;7.9382986e-02;3.2750000e+02;2.6050929e-02;3.2750000e+02;-2.0531092e-02;3.2750000e+02;-6.3906476e-02;3.2750000e+02;-1.0705475e-01;3.2750000e+02;-1.4975546e-01;3.2750000e+02;-1.9177115e-01;3.2750000e+02;-8.0073029e-02;3.2750000e+02;-4.9870566e-02;3.2750000e+02;-1.4039781e-03;3.2750000e+02;6.0277663e-02;3.2750000e+02;1.3280796e-01;3.2750000e+02;1.8714647e-01;3.2750000e+02;2.4213435e-01;3.2750000e+02;2.6661107e-01;3.2750000e+02;2.5276572e-01;3.2750000e+02;2.2026581e-01;3.2750000e+02;1.4401658e-01;3.2750000e+02;7.9382986e-02;3.2750000e+02;2.6050929e-02;3.2750000e+02;-2.0531092e-02;3.2750000e+02;-6.3906476e-02;3.2750000e+02;-1.0705475e-01;3.2750000e+02;-1.4975546e-01;3.2750000e+02;-1.9177115e-01;3.2750000e+02;-8.0073029e-02;3.2750000e+02;-4.9870566e-02;3.2750000e+02;-1.4039781e-03;3.2750000e+02;6.0277663e-02;3.2750000e+02;1.3280796e-01;3.2750000e+02;1.8714647e-01;3.2750000e+02;2.4213435e-01;3.2750000e+02;2.6661107e-01;3.2750000e+02;2.5276572e-01;3.2750000e+02;2.2026581e-01;3.2750000e+02;1.4401658e-01;3.2750000e+02;7.9382986e-02;3.2750000e+02;2.6050929e-02;3.2750000e+02;-2.0531092e-02;3.2750000e+02;-6.3906476e-02;3.2750000e+02;-1.0705475e-01;3.2750000e+02;-1.4975546e-01;3.2750000e+02;-1.9177115e-01;3.2750000e+02;-8.0073029e-02;3.2750000e+02;-4.9870566e-02;3.2750000e+02;-1.4039781e-03;3.2750000e+02;6.0277663e-02;3.2750000e+02;1.3280796e-01;3.2750000e+02;1.8714647e-01;3.2750000e+02;2.4213435e-01;3.2750000e+02;2.6661107e-01;3.2750000e+02;2.5276572e-01;3.2750000e+02;2.2026581e-01;3.2750000e+02;1.4401658e-01;3.2750000e+02;7.9382986e-02;3.2750000e+02;2.6050929e-02;3.2750000e+02;-2.0531092e-02;3.2750000e+02;-6.3906476e-02;3.2750000e+02;-1.0705475e-01;3.2750000e+02;-1.4975546e-01;3.2750000e+02;-1.9177115e-01;3.2750000e+02;-8.0073029e-02;3.2750000e+02;-4.9870566e-02;3.2750000e+02;-1.4039781e-03;3.2750000e+02;6.0277663e-02;3.2750000e+02;1.3280796e-01;3.2750000e+02;1.8714647e-01;3.2750000e+02;2.4213435e-01;3.2750000e+02;2.6661107e-01;3.2750000e+02;2.5276572e-01;3.2750000e+02;2.2026581e-01;3.2750000e+02;1.4401658e-01;3.2750000e+02;7.9382986e-02;3.2750000e+02;2.6050929e-02;3.2750000e+02;-2.0531092e-02;3.2750000e+02;-6.3906476e-02;3.2750000e+02;-1.0705475e-01;3.2750000e+02;-1.4975546e-01;3.2750000e+02;-1.9177115e-01;3.2750000e+02;-8.0073029e-02;3.2750000e+02;-4.9870566e-02;3.2750000e+02;-1.4039781e-03;3.2750000e+02;6.0277663e-02;3.2750000e+02;1.3280796e-01;3.2750000e+02;1.8714647e-01;3.2750000e+02;2.4213435e-01;3.2750000e+02;2.6661107e-01;3.2750000e+02;2.5276572e-01;3.2750000e+02;2.2026581e-01;3.2750000e+02;1.4401658e-01;3.2750000e+02;7.9382986e-02;3.2750000e+02;2.6050929e-02;3.2750000e+02;-2.0531092e-02;3.2750000e+02;-6.3906476e-02;3.2750000e+02;-1.0705475e-01;3.2750000e+02;-1.4975546e-01;3.2750000e+02;-1.9177115e-01;3.2750000e+02;-8.0073029e-02;3.2750000e+02;-4.9870566e-02;3.2750000e+02;-1.4039781e-03;3.2750000e+02;6.0277663e-02;3.2750000e+02;1.3280796e-01;3.2750000e+02;1.8714647e-01;3.2750000e+02;2.4213435e-01;3.2750000e+02;2.6661107e-01;3.2750000e+02;2.5276572e-01;3.2750000e+02;2.2026581e-01;3.2750000e+02;1.4401658e-01;3.2750000e+02;7.9382986e-02;3.2750000e+02;2.6050929e-02;3.2750000e+02;-2.0531092e-02;3.2750000e+02;-6.3906476e-02;3.2750000e+02;-1.0705475e-01;3.2750000e+02;-1.4975546e-01;3.2750000e+02;-1.9177115e-01;3.2750000e+02;-8.0073029e-02;3.2750000e+02;-4.9870566e-02;3.2750000e+02;-1.4039781e-03;3.2750000e+02;6.0277663e-02;3.2750000e+02;1.3280796e-01;3.2750000e+02;1.8714647e-01;3.2750000e+02;2.4213435e-01;3.2750000e+02;2.6661107e-01;3.2750000e+02;2.5276572e-01;3.2750000e+02;2.2026581e-01;3.2750000e+02;1.4401658e-01;3.2750000e+02;7.9382986e-02;3.2750000e+02;2.6050929e-02;3.2750000e+02;-2.0531092e-02;3.2750000e+02;-6.3906476e-02;3.2750000e+02;-1.0705475e-01;3.2750000e+02;-1.4975546e-01;3.2750000e+02;-1.9177115e-01;3.2750000e+02;-8.0073029e-02;3.2750000e+02;-4.9870566e-02;3.2750000e+02;-1.4039781e-03;3.2750000e+02;6.0277663e-02;3.2750000e+02;1.3280796e-01;3.2750000e+02;1.8714647e-01;3.2750000e+02;2.4213435e-01;3.2750000e+02;2.6661107e-01;3.2750000e+02;2.5276572e-01;3.2750000e+02;2.2026581e-01;3.2750000e+02;1.4401658e-01;3.2750000e+02;7.9382986e-02;3.2750000e+02;2.6050929e-02;3.2750000e+02;-2.0531092e-02;3.2750000e+02;-6.3906476e-02;3.2750000e+02;-1.0705475e-01;3.2750000e+02;-1.4975546e-01;3.2750000e+02;-1.9177115e-01;3.2750000e+02;-8.0073029e-02;3.2750000e+02;-4.9870566e-02;3.2750000e+02;-1.4039781e-03;3.2750000e+02;6.0277663e-02;3.2750000e+02;1.3280796e-01;3.2750000e+02;1.8714647e-01;3.2750000e+02;2.4213435e-01;3.2750000e+02;2.6661107e-01;3.2750000e+02;2.5276572e-01;3.2750000e+02;2.2026581e-01;3.2750000e+02;1.4401658e-01;3.2750000e+02;7.9382986e-02;3.2750000e+02;2.6050929e-02;3.2750000e+02;-2.0531092e-02;3.2750000e+02;-6.3906476e-02;3.2750000e+02;-1.0705475e-01;3.2750000e+02;-1.4975546e-01;3.2750000e+02;-1.9177115e-01;3.2750000e+02;-8.0073029e-02;3.2750000e+02;-4.9870566e-02;3.2750000e+02;-1.4039781e-03;3.2750000e+02;6.0277663e-02;3.2750000e+02;1.3280796e-01;3.2750000e+02;1.8714647e-01;3.2750000e+02;2.4213435e-01;3.2750000e+02;2.6661107e-01;3.2750000e+02;2.5276572e-01;3.2750000e+02;2.2026581e-01;3.2750000e+02;1.4401658e-01;3.2750000e+02;7.9382986e-02;3.2750000e+02;2.6050929e-02;3.2750000e+02;-2.0531092e-02;3.2750000e+02;-6.3906476e-02;3.2750000e+02;-1.0705475e-01;3.2750000e+02;-1.4975546e-01;3.2750000e+02;-1.9177115e-01;3.2750000e+02;-8.0073029e-02;3.2750000e+02;-4.9870566e-02;3.2750000e+02;-1.4039781e-03;3.2750000e+02;6.0277663e-02;3.2750000e+02;1.3280796e-01;3.2750000e+02;1.8714647e-01;3.2750000e+02;2.4213435e-01;3.2750000e+02;2.6661107e-01;3.2750000e+02;2.5276572e-01;3.2750000e+02;2.2026581e-01;3.2750000e+02;1.4401658e-01;3.2750000e+02;7.9382986e-02;3.2750000e+02;2.6050929e-02;3.2750000e+02;-2.0531092e-02;3.2750000e+02;-6.3906476e-02;3.2750000e+02;-1.0705475e-01;3.2750000e+02;-1.4975546e-01;3.2750000e+02;-1.9177115e-01;3.2750000e+02;-8.0073029e-02;3.2750000e+02;-4.9870566e-02;3.2750000e+02;-1.4039781e-03;3.2750000e+02;6.0277663e-02;3.2750000e+02;1.3280796e-01;3.2750000e+02;1.8714647e-01;3.2750000e+02;2.4213435e-01;3.2750000e+02;2.6661107e-01;3.2750000e+02;2.5276572e-01;3.2750000e+02;2.2026581e-01;3.2750000e+02;1.4401658e-01;3.2750000e+02;7.9382986e-02;3.2750000e+02;2.6050929e-02;3.2750000e+02;-2.0531092e-02;3.2750000e+02;-6.3906476e-02;3.2750000e+02;-1.0705475e-01;3.2750000e+02;-1.4975546e-01;3.2750000e+02;-1.9177115e-01;3.2750000e+02;-8.0073029e-02;3.2750000e+02;-4.9870566e-02;3.2750000e+02;-1.4039781e-03;3.2750000e+02;6.0277663e-02;3.2750000e+02;1.3280796e-01;3.2750000e+02;1.8714647e-01;3.2750000e+02;2.4213435e-01;3.2750000e+02;2.6661107e-01;3.2750000e+02;2.5276572e-01;3.2750000e+02;2.2026581e-01;3.2750000e+02;1.4401658e-01;3.2750000e+02;7.9382986e-02;3.2750000e+02;2.6050929e-02;3.2750000e+02;-2.0531092e-02;3.2750000e+02;-6.3906476e-02;3.2750000e+02;-1.0705475e-01;3.2750000e+02;-1.4975546e-01;3.2750000e+02;-1.9177115e-01;3.2750000e+02;-8.0073029e-02;3.2750000e+02;-4.9870566e-02;3.2750000e+02;-1.4039781e-03;3.2750000e+02;6.0277663e-02;3.2750000e+02;1.3280796e-01;3.2750000e+02;1.8714647e-01;3.2750000e+02;2.4213435e-01;3.2750000e+02;2.6661107e-01;3.2750000e+02;2.5276572e-01;3.2750000e+02;2.2026581e-01;3.2750000e+02;1.4401658e-01;3.2750000e+02;7.9382986e-02;3.2750000e+02;2.6050929e-02;3.2750000e+02;-2.0531092e-02;3.2750000e+02;-6.3906476e-02;3.2750000e+02;-1.0705475e-01;3.2750000e+02;-1.4975546e-01;3.2750000e+02;-1.9177115e-01;3.2750000e+02;-8.0073029e-02;3.2750000e+02;-4.9870566e-02;3.2750000e+02;-1.4039781e-03;3.2750000e+02;6.0277663e-02;3.2750000e+02;1.3280796e-01;3.2750000e+02;1.8714647e-01;3.2750000e+02;2.4213435e-01;3.2750000e+02;2.6661107e-01;3.2750000e+02;2.5276572e-01;3.2750000e+02;2.2026581e-01;3.2750000e+02;1.4401658e-01;3.2750000e+02;7.9382986e-02;3.2750000e+02;2.6050929e-02;3.2750000e+02;-2.0531092e-02;3.2750000e+02;-6.3906476e-02;3.2750000e+02;-1.0705475e-01;3.2750000e+02;-1.4975546e-01;3.2750000e+02;-1.9177115e-01;3.2750000e+02;-8.0073029e-02;3.2750000e+02;-4.9870566e-02;3.2750000e+02;-1.4039781e-03;3.2750000e+02;6.0277663e-02;3.2750000e+02;1.3280796e-01;3.2750000e+02;1.8714647e-01;3.2750000e+02;2.4213435e-01;3.2750000e+02;2.6661107e-01;3.2750000e+02;2.5276572e-01;3.2750000e+02;2.2026581e-01;3.2750000e+02;1.4401658e-01;3.2750000e+02;7.9382986e-02;3.2750000e+02;2.6050929e-02;3.2750000e+02;-2.0531092e-02;3.2750000e+02;-6.3906476e-02;3.2750000e+02;-1.0705475e-01;3.2750000e+02;-1.4975546e-01;3.2750000e+02;-1.9177115e-01;3.2750000e+02;-8.0073029e-02;3.2750000e+02;-4.9870566e-02;3.2750000e+02;-1.4039781e-03;3.2750000e+02;6.0277663e-02;3.2750000e+02;1.3280796e-01;3.2750000e+02;1.8714647e-01;3.2750000e+02;2.4213435e-01;3.2750000e+02;2.6661107e-01;3.2750000e+02;2.5276572e-01;3.2750000e+02;2.2026581e-01;3.2750000e+02;1.4401658e-01;3.2750000e+02;7.9382986e-02;3.2750000e+02;2.6050929e-02;3.2750000e+02;-2.0531092e-02;3.2750000e+02;-6.3906476e-02;3.2750000e+02;-1.0705475e-01;3.2750000e+02;-1.4975546e-01;3.2750000e+02;-1.9177115e-01;3.2750000e+02;-8.0073029e-02;3.2750000e+02;-4.9870566e-02;3.2750000e+02;-1.4039781e-03;3.2750000e+02;6.0277663e-02;3.2750000e+02;1.3280796e-01;3.2750000e+02;1.8714647e-01;3.2750000e+02;2.4213435e-01;3.2750000e+02;2.6661107e-01;3.2750000e+02;2.5276572e-01;3.2750000e+02;2.2026581e-01;3.2750000e+02;1.4401658e-01;3.2750000e+02;7.9382986e-02;3.2750000e+02;2.6050929e-02;3.2750000e+02;-2.0531092e-02;3.2750000e+02;-6.3906476e-02;3.2750000e+02;-1.0705475e-01;3.2750000e+02;-1.4975546e-01;3.2750000e+02;-1.9177115e-01;3.2750000e+02;-8.0073029e-02;3.2750000e+02;-4.9870566e-02;3.2750000e+02;-1.4039781e-03;3.2750000e+02;6.0277663e-02;3.2750000e+02;1.3280796e-01;3.2750000e+02;1.8714647e-01;3.2750000e+02;2.4213435e-01;3.2750000e+02;2.6661107e-01;3.2750000e+02;2.5276572e-01;3.2750000e+02;2.2026581e-01;3.2750000e+02;1.4401658e-01;3.2750000e+02;7.9382986e-02;3.2750000e+02;2.6050929e-02;3.2750000e+02;-2.0531092e-02;3.2750000e+02;-6.3906476e-02;3.2750000e+02;-1.0705475e-01;3.2750000e+02;-1.4975546e-01;3.2750000e+02;-1.9177115e-01;3.2750000e+02;-8.0073029e-02;3.2750000e+02;-4.9870566e-02;3.2750000e+02;-1.4039781e-03;3.2750000e+02;6.0277663e-02;3.2750000e+02;1.3280796e-01;3.2750000e+02;1.8714647e-01;3.2750000e+02;2.4213435e-01;3.2750000e+02;2.6661107e-01;3.2750000e+02;2.5276572e-01;3.2750000e+02;2.2026581e-01;3.2750000e+02;1.4401658e-01;3.2750000e+02;7.9382986e-02;3.2750000e+02;2.6050929e-02;3.2750000e+02;-2.0531092e-02;3.2750000e+02;-6.3906476e-02;3.2750000e+02;-1.0705475e-01;3.2750000e+02;-1.4975546e-01;3.2750000e+02;-1.9177115e-01;3.2750000e+02;-8.0073029e-02;3.2750000e+02;-4.9870566e-02;3.2750000e+02;-1.4039781e-03;3.2750000e+02;6.0277663e-02;3.2750000e+02;1.3280796e-01;3.2750000e+02;1.8714647e-01;3.2750000e+02;2.4213435e-01;3.2750000e+02;2.6661107e-01;3.2750000e+02;2.5276572e-01;3.2750000e+02;2.2026581e-01;3.2750000e+02;1.4401658e-01;3.2750000e+02;7.9382986e-02;3.2750000e+02;2.6050929e-02;3.2750000e+02;-2.0531092e-02;3.2750000e+02;-6.3906476e-02;3.2750000e+02;-1.0705475e-01;3.2750000e+02;-1.4975546e-01;3.2750000e+02;-1.9177115e-01;3.2750000e+02;-8.0073029e-02;3.2750000e+02;-4.9870566e-02;3.2750000e+02;-1.4039781e-03;3.2750000e+02;6.0277663e-02;3.2750000e+02;1.3280796e-01;3.2750000e+02;1.8714647e-01;3.2750000e+02;2.4213435e-01;3.2750000e+02;2.6661107e-01;3.2750000e+02;2.5276572e-01;3.2750000e+02;2.2026581e-01;3.2750000e+02;1.4401658e-01;3.2750000e+02;7.9382986e-02;3.2750000e+02;2.6050929e-02;3.2750000e+02;-2.0531092e-02;3.2750000e+02;-6.3906476e-02;3.2750000e+02;-1.0705475e-01;3.2750000e+02;-1.4975546e-01;3.2750000e+02;-1.9177115e-01;3.2750000e+02;-8.0073029e-02;3.2750000e+02;-4.9870566e-02;3.2750000e+02;-1.4039781e-03;3.2750000e+02;6.0277663e-02;3.2750000e+02;1.3280796e-01;3.2750000e+02;1.8714647e-01;3.2750000e+02;2.4213435e-01;3.2750000e+02;2.6661107e-01;3.2750000e+02;2.5276572e-01;3.2750000e+02;2.2026581e-01;3.2750000e+02;1.4401658e-01;3.2750000e+02;7.9382986e-02;3.2750000e+02;2.6050929e-02;3.2750000e+02;-2.0531092e-02;3.2750000e+02;-6.3906476e-02;3.2750000e+02;-1.0705475e-01;3.2750000e+02;-1.4975546e-01;3.2750000e+02;-1.9177115e-01;3.2750000e+02;-8.0073029e-02;3.2750000e+02;-4.9870566e-02;3.2750000e+02;-1.4039781e-03;3.2750000e+02;6.0277663e-02;3.2750000e+02;1.3280796e-01;3.2750000e+02;1.8714647e-01;3.2750000e+02;2.4213435e-01;3.2750000e+02;2.6661107e-01;3.2750000e+02;2.5276572e-01;3.2750000e+02;2.2026581e-01;3.2750000e+02;1.4401658e-01;3.2750000e+02;7.9382986e-02;3.2750000e+02;2.6050929e-02;3.2750000e+02;-2.0531092e-02;3.2750000e+02;-6.3906476e-02;3.2750000e+02;-1.0705475e-01;3.2750000e+02;-1.4975546e-01;3.2750000e+02;-1.9177115e-01;3.2750000e+02;-8.0073029e-02;3.2750000e+02;-4.9870566e-02;3.2750000e+02;-1.4039781e-03;3.2750000e+02;6.0277663e-02;3.2750000e+02;1.3280796e-01;3.2750000e+02;1.8714647e-01;3.2750000e+02;2.4213435e-01;3.2750000e+02;2.6661107e-01;3.2750000e+02;2.5276572e-01;3.2750000e+02;2.2026581e-01;3.2750000e+02;1.4401658e-01;3.2750000e+02;7.9382986e-02;3.2750000e+02;2.6050929e-02;3.2750000e+02;-2.0531092e-02;3.2750000e+02;-6.3906476e-02;3.2750000e+02;-1.0705475e-01;3.2750000e+02;-1.4975546e-01;3.2750000e+02;-1.9177115e-01;3.2750000e+02;-8.0073029e-02;3.2750000e+02;-4.9870566e-02;3.2750000e+02;-1.4039781e-03;3.2750000e+02;6.0277663e-02;3.2750000e+02;1.3280796e-01;3.2750000e+02;1.8714647e-01;3.2750000e+02;2.4213435e-01;3.2750000e+02;2.6661107e-01;3.2750000e+02;2.5276572e-01;3.2750000e+02;2.2026581e-01;3.2750000e+02;1.4401658e-01;3.2750000e+02;7.9382986e-02;3.2750000e+02;2.6050929e-02;3.2750000e+02;-2.0531092e-02;3.2750000e+02;-6.3906476e-02;3.2750000e+02;-1.0705475e-01;3.2750000e+02;-1.4975546e-01;3.2750000e+02;-1.9177115e-01;3.2750000e+02;-8.0073029e-02;3.2750000e+02;-4.9870566e-02;3.2750000e+02;-1.4039781e-03;3.2750000e+02;6.0277663e-02;3.2750000e+02;1.3280796e-01;3.2750000e+02;1.8714647e-01;3.2750000e+02;2.4213435e-01;3.2750000e+02;2.6661107e-01;3.2750000e+02;2.5276572e-01;3.2750000e+02;2.2026581e-01;3.2750000e+02;1.4401658e-01;3.2750000e+02;7.9382986e-02;3.2750000e+02;2.6050929e-02;3.2750000e+02;-2.0531092e-02;3.2750000e+02;-6.3906476e-02;3.2750000e+02;-1.0705475e-01;3.2750000e+02;-1.4975546e-01;3.2750000e+02;-1.9177115e-01;3.2750000e+02;-8.0073029e-02;3.2750000e+02;-4.9870566e-02;3.2750000e+02;-1.4039781e-03;3.2750000e+02;6.0277663e-02;3.2750000e+02;1.3280796e-01;3.2750000e+02;1.8714647e-01;3.2750000e+02;2.4213435e-01;3.2750000e+02;2.6661107e-01;3.2750000e+02;2.5276572e-01;3.2750000e+02;2.2026581e-01;3.2750000e+02;1.4401658e-01;3.2750000e+02;7.9382986e-02;3.2750000e+02;2.6050929e-02;3.2750000e+02;-2.0531092e-02;3.2750000e+02;-6.3906476e-02;3.2750000e+02;-1.0705475e-01;3.2750000e+02;-1.4975546e-01;3.2750000e+02;-1.9177115e-01;3.2750000e+02;-8.0073029e-02;3.2750000e+02;-4.9870566e-02;3.2750000e+02;-1.4039781e-03;3.2750000e+02;6.0277663e-02;3.2750000e+02;1.3280796e-01;3.2750000e+02;1.8714647e-01;3.2750000e+02;2.4213435e-01;3.2750000e+02;2.6661107e-01;3.2750000e+02;2.5276572e-01;3.2750000e+02;2.2026581e-01;3.2750000e+02;1.4401658e-01;3.2750000e+02;7.9382986e-02;3.2750000e+02;2.6050929e-02;3.2750000e+02;-2.0531092e-02;3.2750000e+02;-6.3906476e-02;3.2750000e+02;-1.0705475e-01;3.2750000e+02;-1.4975546e-01;3.2750000e+02;-1.9177115e-01;3.2750000e+02;-8.0073029e-02;3.2750000e+02;-4.9870566e-02;3.2750000e+02;-1.4039781e-03;3.2750000e+02;6.0277663e-02;3.2750000e+02;1.3280796e-01;3.2750000e+02;1.8714647e-01;3.2750000e+02;2.4213435e-01;3.2750000e+02;2.6661107e-01;3.2750000e+02;2.5276572e-01;3.2750000e+02;2.2026581e-01;3.2750000e+02;1.4401658e-01;3.2750000e+02;7.9382986e-02;3.2750000e+02;2.6050929e-02;3.2750000e+02;-2.0531092e-02;3.2750000e+02;-6.3906476e-02;3.2750000e+02;-1.0705475e-01;3.2750000e+02;-1.4975546e-01;3.2750000e+02;-1.9177115e-01;3.2750000e+02;-8.0073029e-02;3.2750000e+02;-4.9870566e-02;3.2750000e+02;-1.4039781e-03;3.2750000e+02;6.0277663e-02;3.2750000e+02;1.3280796e-01;3.2750000e+02;1.8714647e-01;3.2750000e+02;2.4213435e-01;3.2750000e+02;2.6661107e-01;3.2750000e+02;2.5276572e-01;3.2750000e+02;2.2026581e-01;3.2750000e+02;1.4401658e-01;3.2750000e+02;7.9382986e-02;3.2750000e+02;2.6050929e-02;3.2750000e+02;-2.0531092e-02;3.2750000e+02;-6.3906476e-02;3.2750000e+02;-1.0705475e-01;3.2750000e+02;-1.4975546e-01;3.2750000e+02;-1.9177115e-01;3.2750000e+02;-8.0073029e-02;3.2750000e+02;-4.9870566e-02;3.2750000e+02;-1.4039781e-03;3.2750000e+02;6.0277663e-02;3.2750000e+02;1.3280796e-01;3.2750000e+02;1.8714647e-01;3.2750000e+02;2.4213435e-01;3.2750000e+02;2.6661107e-01;3.2750000e+02;2.5276572e-01;3.2750000e+02;2.2026581e-01;3.2750000e+02;1.4401658e-01;3.2750000e+02;7.9382986e-02;3.2750000e+02;2.6050929e-02;3.2750000e+02;-2.0531092e-02;3.2750000e+02;-6.3906476e-02;3.2750000e+02;-1.0705475e-01;3.2750000e+02;-1.4975546e-01;3.2750000e+02;-1.9177115e-01;3.2750000e+02;-8.0073029e-02;3.2750000e+02;-4.9870566e-02;3.2750000e+02;-1.4039781e-03;3.2750000e+02;6.0277663e-02;3.2750000e+02;1.3280796e-01;3.2750000e+02;1.8714647e-01;3.2750000e+02;2.4213435e-01;3.2750000e+02;2.6661107e-01;3.2750000e+02;2.5276572e-01;3.2750000e+02;2.2026581e-01;3.2750000e+02;1.4401658e-01;3.2750000e+02;7.9382986e-02;3.2750000e+02;2.6050929e-02;3.2750000e+02;-2.0531092e-02;3.2750000e+02;-6.3906476e-02;3.2750000e+02;-1.0705475e-01;3.2750000e+02;-1.4975546e-01;3.2750000e+02;-1.9177115e-01;3.2750000e+02;-8.0073029e-02;3.2750000e+02;-4.9870566e-02;3.2750000e+02;-1.4039781e-03;3.2750000e+02;6.0277663e-02;3.2750000e+02;1.3280796e-01;3.2750000e+02;1.8714647e-01;3.2750000e+02;2.4213435e-01;3.2750000e+02;2.6661107e-01;3.2750000e+02;2.5276572e-01;3.2750000e+02;2.2026581e-01;3.2750000e+02;1.4401658e-01;3.2750000e+02;7.9382986e-02;3.2750000e+02;2.6050929e-02;3.2750000e+02;-2.0531092e-02;3.2750000e+02;-6.3906476e-02;3.2750000e+02;-1.0705475e-01;3.2750000e+02;-1.4975546e-01;3.2750000e+02;-1.9177115e-01;3.2750000e+02;-8.0073029e-02;3.2750000e+02;-4.9870566e-02;3.2750000e+02;-1.4039781e-03;3.2750000e+02;6.0277663e-02;3.2750000e+02;1.3280796e-01;3.2750000e+02;1.8714647e-01;3.2750000e+02;2.4213435e-01;3.2750000e+02;2.6661107e-01;3.2750000e+02;2.5276572e-01;3.2750000e+02;2.2026581e-01;3.2750000e+02;1.4401658e-01;3.2750000e+02;7.9382986e-02;3.2750000e+02;2.6050929e-02;3.2750000e+02;-2.0531092e-02;3.2750000e+02;-6.3906476e-02;3.2750000e+02;-1.0705475e-01;3.2750000e+02;-1.4975546e-01;3.2750000e+02;-1.9177115e-01;3.2750000e+02;-8.0073029e-02;3.2750000e+02;-4.9870566e-02;3.2750000e+02;-1.4039781e-03;3.2750000e+02;6.0277663e-02;3.2750000e+02;1.3280796e-01;3.2750000e+02;1.8714647e-01;3.2750000e+02;2.4213435e-01;3.2750000e+02;2.6661107e-01;3.2750000e+02;2.5276572e-01;3.2750000e+02;2.2026581e-01;3.2750000e+02;1.4401658e-01;3.2750000e+02;7.9382986e-02;3.2750000e+02;2.6050929e-02;3.2750000e+02;-2.0531092e-02;3.2750000e+02;-6.3906476e-02;3.2750000e+02;-1.0705475e-01;3.2750000e+02;-1.4975546e-01;3.2750000e+02;-1.9177115e-01;3.2750000e+02;-8.0073029e-02;3.2750000e+02;-4.9870566e-02;3.2750000e+02;-1.4039781e-03;3.2750000e+02;6.0277663e-02;3.2750000e+02;1.3280796e-01;3.2750000e+02;1.8714647e-01;3.2750000e+02;2.4213435e-01;3.2750000e+02;2.6661107e-01;3.2750000e+02;2.5276572e-01;3.2750000e+02;2.2026581e-01;3.2750000e+02;1.4401658e-01;3.2750000e+02;7.9382986e-02;3.2750000e+02;2.6050929e-02;3.2750000e+02;-2.0531092e-02;3.2750000e+02;-6.3906476e-02;3.2750000e+02;-1.0705475e-01;3.2750000e+02;-1.4975546e-01;3.2750000e+02;-1.9177115e-01;3.2750000e+02;-8.0073029e-02;3.2750000e+02;-4.9870566e-02;3.2750000e+02;-1.4039781e-03;3.2750000e+02;6.0277663e-02;3.2750000e+02;1.3280796e-01;3.2750000e+02;1.8714647e-01;3.2750000e+02;2.4213435e-01;3.2750000e+02;2.6661107e-01;3.2750000e+02;2.5276572e-01;3.2750000e+02;2.2026581e-01;3.2750000e+02;1.4401658e-01;3.2750000e+02;7.9382986e-02;3.2750000e+02;2.6050929e-02;3.2750000e+02;-2.0531092e-02;3.2750000e+02;-6.3906476e-02;3.2750000e+02;-1.0705475e-01;3.2750000e+02;-1.4975546e-01;3.2750000e+02;-1.9177115e-01;3.2750000e+02;-8.0073029e-02;3.2750000e+02;-4.9870566e-02;3.2750000e+02;-1.4039781e-03;3.2750000e+02;6.0277663e-02;3.2750000e+02;1.3280796e-01;3.2750000e+02;1.8714647e-01;3.2750000e+02;2.4213435e-01;3.2750000e+02;2.6661107e-01;3.2750000e+02;2.5276572e-01;3.2750000e+02;2.2026581e-01;3.2750000e+02;1.4401658e-01;3.2750000e+02;7.9382986e-02;3.2750000e+02;2.6050929e-02;3.2750000e+02;-2.0531092e-02;3.2750000e+02;-6.3906476e-02;3.2750000e+02;-1.0705475e-01;3.2750000e+02;-1.4975546e-01;3.2750000e+02;-1.9177115e-01;3.2750000e+02;-8.0073029e-02;3.2750000e+02;-4.9870566e-02;3.2750000e+02;-1.4039781e-03;3.2750000e+02;6.0277663e-02;3.2750000e+02;1.3280796e-01;3.2750000e+02;1.8714647e-01;3.2750000e+02;2.4213435e-01;3.2750000e+02;2.6661107e-01;3.2750000e+02;2.5276572e-01;3.2750000e+02;2.2026581e-01;3.2750000e+02;1.4401658e-01;3.2750000e+02;7.9382986e-02;3.2750000e+02;2.6050929e-02;3.2750000e+02;-2.0531092e-02;3.2750000e+02;-6.3906476e-02;3.2750000e+02;-1.0705475e-01;3.2750000e+02;-1.4975546e-01;3.2750000e+02;-1.9177115e-01;3.2750000e+02;-8.0073029e-02;3.2750000e+02;-4.9870566e-02;3.2750000e+02;-1.4039781e-03;3.2750000e+02;6.0277663e-02;3.2750000e+02;1.3280796e-01;3.2750000e+02;1.8714647e-01;3.2750000e+02;2.4213435e-01;3.2750000e+02;2.6661107e-01;3.2750000e+02;2.5276572e-01;3.2750000e+02;2.2026581e-01;3.2750000e+02;1.4401658e-01;3.2750000e+02;7.9382986e-02;3.2750000e+02;2.6050929e-02;3.2750000e+02;-2.0531092e-02;3.2750000e+02;-6.3906476e-02;3.2750000e+02;-1.0705475e-01;3.2750000e+02;-1.4975546e-01;3.2750000e+02;-1.9177115e-01;3.2750000e+02;-8.0073029e-02;3.2750000e+02;-4.9870566e-02;3.2750000e+02;-1.4039781e-03;3.2750000e+02;6.0277663e-02;3.2750000e+02;1.3280796e-01;3.2750000e+02;1.8714647e-01;3.2750000e+02;2.4213435e-01;3.2750000e+02;2.6661107e-01;3.2750000e+02;2.5276572e-01;3.2750000e+02;2.2026581e-01;3.2750000e+02;1.4401658e-01;3.2750000e+02;7.9382986e-02;3.2750000e+02;2.6050929e-02;3.2750000e+02;-2.0531092e-02;3.2750000e+02;-6.3906476e-02;3.2750000e+02;-1.0705475e-01;3.2750000e+02;-1.4975546e-01;3.2750000e+02;-1.9177115e-01;3.2750000e+02;-8.0073029e-02;3.2750000e+02;-4.9870566e-02;3.2750000e+02;-1.4039781e-03;3.2750000e+02;6.0277663e-02;3.2750000e+02;1.3280796e-01;3.2750000e+02;1.8714647e-01;3.2750000e+02;2.4213435e-01;3.2750000e+02;2.6661107e-01;3.2750000e+02;2.5276572e-01;3.2750000e+02;2.2026581e-01;3.2750000e+02;1.4401658e-01;3.2750000e+02;7.9382986e-02;3.2750000e+02;2.6050929e-02;3.2750000e+02;-2.0531092e-02;3.2750000e+02;-6.3906476e-02;3.2750000e+02;-1.0705475e-01;3.2750000e+02;-1.4975546e-01;3.2750000e+02;-1.9177115e-01;3.2750000e+02;-8.0073029e-02;3.2750000e+02;-4.9870566e-02;3.2750000e+02;-1.4039781e-03;3.2750000e+02;6.0277663e-02;3.2750000e+02;1.3280796e-01;3.2750000e+02;1.8714647e-01;3.2750000e+02;2.4213435e-01;3.2750000e+02;2.6661107e-01;3.2750000e+02;2.5276572e-01;3.2750000e+02;2.2026581e-01;3.2750000e+02;1.4401658e-01;3.2750000e+02;7.9382986e-02;3.2750000e+02;2.6050929e-02;3.2750000e+02;-2.0531092e-02;3.2750000e+02;-6.3906476e-02;3.2750000e+02;-1.0705475e-01;3.2750000e+02;-1.4975546e-01;3.2750000e+02;-1.9177115e-01;3.2750000e+02;-8.0073029e-02;3.2750000e+02;-4.9870566e-02;3.2750000e+02;-1.4039781e-03;3.2750000e+02;6.0277663e-02;3.2750000e+02;1.3280796e-01;3.2750000e+02;1.8714647e-01;3.2750000e+02;2.4213435e-01;3.2750000e+02;2.6661107e-01;3.2750000e+02;2.5276572e-01;3.2750000e+02;2.2026581e-01;3.2750000e+02;1.4401658e-01;3.2750000e+02;7.9382986e-02;3.2750000e+02;2.6050929e-02;3.2750000e+02;-2.0531092e-02;3.2750000e+02;-6.3906476e-02;3.2750000e+02;-1.0705475e-01;3.2750000e+02;-1.4975546e-01;3.2750000e+02;-1.9177115e-01;3.2750000e+02;-8.0073029e-02;3.2750000e+02;-4.9870566e-02;3.2750000e+02;-1.4039781e-03;3.2750000e+02;6.0277663e-02;3.2750000e+02;1.3280796e-01;3.2750000e+02;1.8714647e-01;3.2750000e+02;2.4213435e-01;3.2750000e+02;2.6661107e-01;3.2750000e+02;2.5276572e-01;3.2750000e+02;2.2026581e-01;3.2750000e+02;1.4401658e-01;3.2750000e+02;7.9382986e-02;3.2750000e+02;2.6050929e-02;3.2750000e+02;-2.0531092e-02;3.2750000e+02;-6.3906476e-02;3.2750000e+02;-1.0705475e-01;3.2750000e+02;-1.4975546e-01;3.2750000e+02;-1.9177115e-01;3.2750000e+02;-8.0073029e-02;3.2750000e+02;-4.9870566e-02;3.2750000e+02;-1.4039781e-03;3.2750000e+02;6.0277663e-02;3.2750000e+02;1.3280796e-01;3.2750000e+02;1.8714647e-01;3.2750000e+02;2.4213435e-01;3.2750000e+02;2.6661107e-01;3.2750000e+02;2.5276572e-01;3.2750000e+02;2.2026581e-01;3.2750000e+02;1.4401658e-01;3.2750000e+02;7.9382986e-02;3.2750000e+02;2.6050929e-02;3.2750000e+02;-2.0531092e-02;3.2750000e+02;-6.3906476e-02;3.2750000e+02;-1.0705475e-01;3.2750000e+02;-1.4975546e-01;3.2750000e+02;-1.9177115e-01;3.2750000e+02;-8.0073029e-02;3.2750000e+02;-4.9870566e-02;3.2750000e+02;-1.4039781e-03;3.2750000e+02;6.0277663e-02;3.2750000e+02;1.3280796e-01;3.2750000e+02;1.8714647e-01;3.2750000e+02;2.4213435e-01;3.2750000e+02;2.6661107e-01;3.2750000e+02;2.5276572e-01;3.2750000e+02;2.2026581e-01;3.2750000e+02;1.4401658e-01;3.2750000e+02;7.9382986e-02;3.2750000e+02;2.6050929e-02;3.2750000e+02;-2.0531092e-02;3.2750000e+02;-6.3906476e-02;3.2750000e+02;-1.0705475e-01;3.2750000e+02;-1.4975546e-01;3.2750000e+02;-1.9177115e-01;3.2750000e+02;-8.0073029e-02;3.2750000e+02;-4.9870566e-02;3.2750000e+02;-1.4039781e-03;3.2750000e+02;6.0277663e-02;3.2750000e+02;1.3280796e-01;3.2750000e+02;1.8714647e-01;3.2750000e+02;2.4213435e-01;3.2750000e+02;2.6661107e-01;3.2750000e+02;2.5276572e-01;3.2750000e+02;2.2026581e-01;3.2750000e+02;1.4401658e-01;3.2750000e+02;7.9382986e-02;3.2750000e+02;2.6050929e-02;3.2750000e+02;-2.0531092e-02;3.2750000e+02;-6.3906476e-02;3.2750000e+02;-1.0705475e-01;3.2750000e+02;-1.4975546e-01;3.2750000e+02;-1.9177115e-01;3.2750000e+02;-8.0073029e-02;3.2750000e+02;-4.9870566e-02;3.2750000e+02;-1.4039781e-03;3.2750000e+02;6.0277663e-02;3.2750000e+02;1.3280796e-01;3.2750000e+02;1.8714647e-01;3.2750000e+02;2.4213435e-01;3.2750000e+02;2.6661107e-01;3.2750000e+02;2.5276572e-01;3.2750000e+02;2.2026581e-01;3.2750000e+02;1.4401658e-01;3.2750000e+02;7.9382986e-02;3.2750000e+02;2.6050929e-02;3.2750000e+02;-2.0531092e-02;3.2750000e+02;-6.3906476e-02;3.2750000e+02;-1.0705475e-01;3.2750000e+02;-1.4975546e-01;3.2750000e+02;-1.9177115e-01;3.2750000e+02;-8.0073029e-02;3.2750000e+02;-4.9870566e-02;3.2750000e+02;-1.4039781e-03;3.2750000e+02;6.0277663e-02;3.2750000e+02;1.3280796e-01;3.2750000e+02;1.8714647e-01;3.2750000e+02;2.4213435e-01;3.2750000e+02;2.6661107e-01;3.2750000e+02;2.5276572e-01;3.2750000e+02;2.2026581e-01;3.2750000e+02;1.4401658e-01;3.2750000e+02;7.9382986e-02;3.2750000e+02;2.6050929e-02;3.2750000e+02;-2.0531092e-02;3.2750000e+02;-6.3906476e-02;3.2750000e+02;-1.0705475e-01;3.2750000e+02;-1.4975546e-01;3.2750000e+02;-1.9177115e-01;3.2750000e+02;-8.0073029e-02;3.2750000e+02;-4.9870566e-02;3.2750000e+02;-1.4039781e-03;3.2750000e+02;6.0277663e-02;3.2750000e+02;1.3280796e-01;3.2750000e+02;1.8714647e-01;3.2750000e+02;2.4213435e-01;3.2750000e+02;2.6661107e-01;3.2750000e+02;2.5276572e-01;3.2750000e+02;2.2026581e-01;3.2750000e+02;1.4401658e-01;3.2750000e+02;7.9382986e-02;3.2750000e+02;2.6050929e-02;3.2750000e+02;-2.0531092e-02;3.2750000e+02;-6.3906476e-02;3.2750000e+02;-1.0705475e-01;3.2750000e+02;-1.4975546e-01;3.2750000e+02;-1.9177115e-01;3.2750000e+02;-8.0073029e-02;3.2750000e+02;-4.9870566e-02;3.2750000e+02;-1.4039781e-03;3.2750000e+02;6.0277663e-02;3.2750000e+02;1.3280796e-01;3.2750000e+02;1.8714647e-01;3.2750000e+02;2.4213435e-01;3.2750000e+02;2.6661107e-01;3.2750000e+02;2.5276572e-01;3.2750000e+02;2.2026581e-01;3.2750000e+02;1.4401658e-01;3.2750000e+02;7.9382986e-02;3.2750000e+02;2.6050929e-02;3.2750000e+02;-2.0531092e-02;3.2750000e+02;-6.3906476e-02;3.2750000e+02;-1.0705475e-01;3.2750000e+02;-1.4975546e-01;3.2750000e+02;-1.9177115e-01;3.2750000e+02;-8.0073029e-02;3.2750000e+02;-4.9870566e-02;3.2750000e+02;-1.4039781e-03;3.2750000e+02;6.0277663e-02;3.2750000e+02;1.3280796e-01;3.2750000e+02;1.8714647e-01;3.2750000e+02;2.4213435e-01;3.2750000e+02;2.6661107e-01;3.2750000e+02;2.5276572e-01;3.2750000e+02;2.2026581e-01;3.2750000e+02;1.4401658e-01;3.2750000e+02;7.9382986e-02;3.2750000e+02;2.6050929e-02;3.2750000e+02;-2.0531092e-02;3.2750000e+02;-6.3906476e-02;3.2750000e+02;-1.0705475e-01;3.2750000e+02;-1.4975546e-01;3.2750000e+02;-1.9177115e-01;3.2750000e+02;-8.0073029e-02;3.2750000e+02;-4.9870566e-02;3.2750000e+02;-1.4039781e-03;3.2750000e+02;6.0277663e-02;3.2750000e+02;1.3280796e-01;3.2750000e+02;1.8714647e-01;3.2750000e+02;2.4213435e-01;3.2750000e+02;2.6661107e-01;3.2750000e+02;2.5276572e-01;3.2750000e+02;2.2026581e-01;3.2750000e+02;1.4401658e-01;3.2750000e+02;7.9382986e-02;3.2750000e+02;2.6050929e-02;3.2750000e+02;-2.0531092e-02;3.2750000e+02;-6.3906476e-02;3.2750000e+02;-1.0705475e-01;3.2750000e+02;-1.4975546e-01;3.2750000e+02;-1.9177115e-01;3.2750000e+02;-8.0073029e-02;3.2750000e+02;-4.9870566e-02;3.2750000e+02;-1.4039781e-03;3.2750000e+02;6.0277663e-02;3.2750000e+02;1.3280796e-01;3.2750000e+02;1.8714647e-01;3.2750000e+02;2.4213435e-01;3.2750000e+02;2.6661107e-01;3.2750000e+02;2.5276572e-01;3.2750000e+02;2.2026581e-01;3.2750000e+02;1.4401658e-01;3.2750000e+02;7.9382986e-02;3.2750000e+02;2.6050929e-02;3.2750000e+02;-2.0531092e-02;3.2750000e+02;-6.3906476e-02;3.2750000e+02;-1.0705475e-01;3.2750000e+02;-1.4975546e-01;3.2750000e+02;-1.9177115e-01;3.2750000e+02;-8.0073029e-02;3.2750000e+02;-4.9870566e-02;3.2750000e+02;-1.4039781e-03;3.2750000e+02;6.0277663e-02;3.2750000e+02;1.3280796e-01;3.2750000e+02;1.8714647e-01;3.2750000e+02;2.4213435e-01;3.2750000e+02;2.6661107e-01;3.2750000e+02;2.5276572e-01;3.2750000e+02;2.2026581e-01;3.2750000e+02;1.4401658e-01;3.2750000e+02;7.9382986e-02;3.2750000e+02;2.6050929e-02;3.2750000e+02;-2.0531092e-02;3.2750000e+02;-6.3906476e-02;3.2750000e+02;-1.0705475e-01;3.2750000e+02;-1.4975546e-01;3.2750000e+02;-1.9177115e-01;3.2750000e+02;-8.0073029e-02;3.2750000e+02;-4.9870566e-02;3.2750000e+02;-1.4039781e-03;3.2750000e+02;6.0277663e-02;3.2750000e+02;1.3280796e-01;3.2750000e+02;1.8714647e-01;3.2750000e+02;2.4213435e-01;3.2750000e+02;2.6661107e-01;3.2750000e+02;2.5276572e-01;3.2750000e+02;2.2026581e-01;3.2750000e+02;1.4401658e-01;3.2750000e+02;7.9382986e-02;3.2750000e+02;2.6050929e-02;3.2750000e+02;-2.0531092e-02;3.2750000e+02;-6.3906476e-02;3.2750000e+02;-1.0705475e-01;3.2750000e+02;-1.4975546e-01;3.2750000e+02;-1.9177115e-01;3.2750000e+02;-8.0073029e-02;3.2750000e+02;-4.9870566e-02;3.2750000e+02;-1.4039781e-03;3.2750000e+02;6.0277663e-02;3.2750000e+02;1.3280796e-01;3.2750000e+02;1.8714647e-01;3.2750000e+02;2.4213435e-01;3.2750000e+02;2.6661107e-01;3.2750000e+02;2.5276572e-01;3.2750000e+02;2.2026581e-01;3.2750000e+02;1.4401658e-01;3.2750000e+02;7.9382986e-02;3.2750000e+02;2.6050929e-02;3.2750000e+02;-2.0531092e-02;3.2750000e+02;-6.3906476e-02;3.2750000e+02;-1.0705475e-01;3.2750000e+02;-1.4975546e-01;3.2750000e+02;-1.9177115e-01;3.2750000e+02;-8.0073029e-02;3.2750000e+02;-4.9870566e-02;3.2750000e+02;-1.4039781e-03;3.2750000e+02;6.0277663e-02;3.2750000e+02;1.3280796e-01;3.2750000e+02;1.8714647e-01;3.2750000e+02;2.4213435e-01;3.2750000e+02;2.6661107e-01;3.2750000e+02;2.5276572e-01;3.2750000e+02;2.2026581e-01;3.2750000e+02;1.4401658e-01;3.2750000e+02;7.9382986e-02;3.2750000e+02;2.6050929e-02;3.2750000e+02;-2.0531092e-02;3.2750000e+02;-6.3906476e-02;3.2750000e+02;-1.0705475e-01;3.2750000e+02;-1.4975546e-01;3.2750000e+02;-1.9177115e-01;3.2750000e+02;-8.0073029e-02;3.2750000e+02;-4.9870566e-02;3.2750000e+02;-1.4039781e-03;3.2750000e+02;6.0277663e-02;3.2750000e+02;1.3280796e-01;3.2750000e+02;1.8714647e-01;3.2750000e+02;2.4213435e-01;3.2750000e+02;2.6661107e-01;3.2750000e+02;2.5276572e-01;3.2750000e+02;2.2026581e-01;3.2750000e+02;1.4401658e-01;3.2750000e+02;7.9382986e-02;3.2750000e+02;2.6050929e-02;3.2750000e+02;-2.0531092e-02;3.2750000e+02;-6.3906476e-02;3.2750000e+02;-1.0705475e-01;3.2750000e+02;-1.4975546e-01;3.2750000e+02;-1.9177115e-01;3.2750000e+02;-8.0073029e-02;3.2750000e+02;-4.9870566e-02;3.2750000e+02;-1.4039781e-03;3.2750000e+02;6.0277663e-02;3.2750000e+02;1.3280796e-01;3.2750000e+02;1.8714647e-01;3.2750000e+02;2.4213435e-01;3.2750000e+02;2.6661107e-01;3.2750000e+02;2.5276572e-01;3.2750000e+02;2.2026581e-01;3.2750000e+02;1.4401658e-01;3.2750000e+02;7.9382986e-02;3.2750000e+02;2.6050929e-02;3.2750000e+02;-2.0531092e-02;3.2750000e+02;-6.3906476e-02;3.2750000e+02;-1.0705475e-01;3.2750000e+02;-1.4975546e-01;3.2750000e+02;-1.9177115e-01;3.2750000e+02;-8.0073029e-02;3.2750000e+02;-4.9870566e-02;3.2750000e+02;-1.4039781e-03;3.2750000e+02;6.0277663e-02;3.2750000e+02;1.3280796e-01;3.2750000e+02;1.8714647e-01;3.2750000e+02;2.4213435e-01;3.2750000e+02;2.6661107e-01;3.2750000e+02;2.5276572e-01;3.2750000e+02;2.2026581e-01;3.2750000e+02;1.4401658e-01;3.2750000e+02;7.9382986e-02;3.2750000e+02;2.6050929e-02;3.2750000e+02;-2.0531092e-02;3.2750000e+02;-6.3906476e-02;3.2750000e+02;-1.0705475e-01;3.2750000e+02;-1.4975546e-01;3.2750000e+02;-1.9177115e-01;3.2750000e+02;-8.0073029e-02;3.2750000e+02;-4.9870566e-02;3.2750000e+02;-1.4039781e-03;3.2750000e+02;6.0277663e-02;3.2750000e+02;1.3280796e-01;3.2750000e+02;1.8714647e-01;3.2750000e+02;2.4213435e-01;3.2750000e+02;2.6661107e-01;3.2750000e+02;2.5276572e-01;3.2750000e+02;2.2026581e-01;3.2750000e+02;1.4401658e-01;3.2750000e+02;7.9382986e-02;3.2750000e+02;2.6050929e-02;3.2750000e+02;-2.0531092e-02;3.2750000e+02;-6.3906476e-02;3.2750000e+02;-1.0705475e-01;3.2750000e+02;-1.4975546e-01;3.2750000e+02;-1.9177115e-01;3.2750000e+02;-8.0073029e-02;3.2750000e+02;-4.9870566e-02;3.2750000e+02;-1.4039781e-03;3.2750000e+02;6.0277663e-02;3.2750000e+02;1.3280796e-01;3.2750000e+02;1.8714647e-01;3.2750000e+02;2.4213435e-01;3.2750000e+02;2.6661107e-01;3.2750000e+02;2.5276572e-01;3.2750000e+02;2.2026581e-01;3.2750000e+02;1.4401658e-01;3.2750000e+02;7.9382986e-02;3.2750000e+02;2.6050929e-02;3.2750000e+02;-2.0531092e-02;3.2750000e+02;-6.3906476e-02;3.2750000e+02;-1.0705475e-01;3.2750000e+02;-1.4975546e-01;3.2750000e+02;-1.9177115e-01;3.2750000e+02;-8.0073029e-02;3.2750000e+02;-4.9870566e-02;3.2750000e+02;-1.4039781e-03;3.2750000e+02;6.0277663e-02;3.2750000e+02;1.3280796e-01;3.2750000e+02;1.8714647e-01;3.2750000e+02;2.4213435e-01;3.2750000e+02;2.6661107e-01;3.2750000e+02;2.5276572e-01;3.2750000e+02;2.2026581e-01;3.2750000e+02;1.4401658e-01;3.2750000e+02;7.9382986e-02;3.2750000e+02;2.6050929e-02;3.2750000e+02;-2.0531092e-02;3.2750000e+02;-6.3906476e-02;3.2750000e+02;-1.0705475e-01;3.2750000e+02;-1.4975546e-01;3.2750000e+02;-1.9177115e-01;3.2750000e+02;-8.0073029e-02;3.2750000e+02;-4.9870566e-02;3.2750000e+02;-1.4039781e-03;3.2750000e+02;6.0277663e-02;3.2750000e+02;1.3280796e-01;3.2750000e+02;1.8714647e-01;3.2750000e+02;2.4213435e-01;3.2750000e+02;2.6661107e-01;3.2750000e+02;2.5276572e-01;3.2750000e+02;2.2026581e-01;3.2750000e+02;1.4401658e-01;3.2750000e+02;7.9382986e-02;3.2750000e+02;2.6050929e-02;3.2750000e+02;-2.0531092e-02;3.2750000e+02;-6.3906476e-02;3.2750000e+02;-1.0705475e-01;3.2750000e+02;-1.4975546e-01;3.2750000e+02;-1.9177115e-01;3.2750000e+02;-8.0073029e-02;3.2750000e+02;-4.9870566e-02;3.2750000e+02;-1.4039781e-03;3.2750000e+02;6.0277663e-02;3.2750000e+02;1.3280796e-01;3.2750000e+02;1.8714647e-01;3.2750000e+02;2.4213435e-01;3.2750000e+02;2.6661107e-01;3.2750000e+02;2.5276572e-01;3.2750000e+02;2.2026581e-01;3.2750000e+02;1.4401658e-01;3.2750000e+02;7.9382986e-02;3.2750000e+02;2.6050929e-02;3.2750000e+02;-2.0531092e-02;3.2750000e+02;-6.3906476e-02;3.2750000e+02;-1.0705475e-01;3.2750000e+02;-1.4975546e-01;3.2750000e+02;-1.9177115e-01;3.2750000e+02;-8.0073029e-02;3.2750000e+02;-4.9870566e-02;3.2750000e+02;-1.4039781e-03;3.2750000e+02;6.0277663e-02;3.2750000e+02;1.3280796e-01;3.2750000e+02;1.8714647e-01;3.2750000e+02;2.4213435e-01;3.2750000e+02;2.6661107e-01;3.2750000e+02;2.5276572e-01;3.2750000e+02;2.2026581e-01;3.2750000e+02;1.4401658e-01;3.2750000e+02;7.9382986e-02;3.2750000e+02;2.6050929e-02;3.2750000e+02;-2.0531092e-02;3.2750000e+02;-6.3906476e-02;3.2750000e+02;-1.0705475e-01;3.2750000e+02;-1.4975546e-01;3.2750000e+02;-1.9177115e-01;3.2750000e+02;-8.0073029e-02;3.2750000e+02;-4.9870566e-02;3.2750000e+02;-1.4039781e-03;3.2750000e+02;6.0277663e-02;3.2750000e+02;1.3280796e-01;3.2750000e+02;1.8714647e-01;3.2750000e+02;2.4213435e-01;3.2750000e+02;2.6661107e-01;3.2750000e+02;2.5276572e-01;3.2750000e+02;2.2026581e-01;3.2750000e+02;1.4401658e-01;3.2750000e+02;7.9382986e-02;3.2750000e+02;2.6050929e-02;3.2750000e+02;-2.0531092e-02;3.2750000e+02;-6.3906476e-02;3.2750000e+02;-1.0705475e-01;3.2750000e+02;-1.4975546e-01;3.2750000e+02;-1.9177115e-01;3.2750000e+02;-8.0073029e-02;3.2750000e+02;-4.9870566e-02;3.2750000e+02;-1.4039781e-03;3.2750000e+02;6.0277663e-02;3.2750000e+02;1.3280796e-01;3.2750000e+02;1.8714647e-01;3.2750000e+02;2.4213435e-01;3.2750000e+02;2.6661107e-01;3.2750000e+02;2.5276572e-01;3.2750000e+02;2.2026581e-01;3.2750000e+02;1.4401658e-01;3.2750000e+02;7.9382986e-02;3.2750000e+02;2.6050929e-02;3.2750000e+02;-2.0531092e-02;3.2750000e+02;-6.3906476e-02;3.2750000e+02;-1.0705475e-01;3.2750000e+02;-1.4975546e-01;3.2750000e+02;-1.9177115e-01;3.2750000e+02;-8.0073029e-02;3.2750000e+02;-4.9870566e-02;3.2750000e+02;-1.4039781e-03;3.2750000e+02;6.0277663e-02;3.2750000e+02;1.3280796e-01;3.2750000e+02;1.8714647e-01;3.2750000e+02;2.4213435e-01;3.2750000e+02;2.6661107e-01;3.2750000e+02;2.5276572e-01;3.2750000e+02;2.2026581e-01;3.2750000e+02;1.4401658e-01;3.2750000e+02;7.9382986e-02;3.2750000e+02;2.6050929e-02;3.2750000e+02;-2.0531092e-02;3.2750000e+02;-6.3906476e-02;3.2750000e+02;-1.0705475e-01;3.2750000e+02;-1.4975546e-01;3.2750000e+02;-1.9177115e-01;3.2750000e+02;-8.0073029e-02;3.2750000e+02;-4.9870566e-02;3.2750000e+02;-1.4039781e-03;3.2750000e+02;6.0277663e-02;3.2750000e+02;1.3280796e-01;3.2750000e+02;1.8714647e-01;3.2750000e+02;2.4213435e-01;3.2750000e+02;2.6661107e-01;3.2750000e+02;2.5276572e-01;3.2750000e+02;2.2026581e-01;3.2750000e+02;1.4401658e-01;3.2750000e+02;7.9382986e-02;3.2750000e+02;2.6050929e-02;3.2750000e+02;-2.0531092e-02;3.2750000e+02;-6.3906476e-02;3.2750000e+02;-1.0705475e-01;3.2750000e+02;-1.4975546e-01;3.2750000e+02;-1.9177115e-01;3.2750000e+02;-8.0073029e-02;3.2750000e+02;-4.9870566e-02;3.2750000e+02;-1.4039781e-03;3.2750000e+02;6.0277663e-02;3.2750000e+02;1.3280796e-01;3.2750000e+02;1.8714647e-01;3.2750000e+02;2.4213435e-01;3.2750000e+02;2.6661107e-01;3.2750000e+02;2.5276572e-01;3.2750000e+02;2.2026581e-01;3.2750000e+02;1.4401658e-01;3.2750000e+02;7.9382986e-02;3.2750000e+02;2.6050929e-02;3.2750000e+02;-2.0531092e-02;3.2750000e+02;-6.3906476e-02;3.2750000e+02;-1.0705475e-01;3.2750000e+02;-1.4975546e-01;3.2750000e+02;-1.9177115e-01;3.2750000e+02;-8.0073029e-02;3.2750000e+02;-4.9870566e-02;3.2750000e+02;-1.4039781e-03;3.2750000e+02;6.0277663e-02;3.2750000e+02;1.3280796e-01;3.2750000e+02;1.8714647e-01;3.2750000e+02;2.4213435e-01;3.2750000e+02;2.6661107e-01;3.2750000e+02;2.5276572e-01;3.2750000e+02;2.2026581e-01;3.2750000e+02;1.4401658e-01;3.2750000e+02;7.9382986e-02;3.2750000e+02;2.6050929e-02;3.2750000e+02;-2.0531092e-02;3.2750000e+02;-6.3906476e-02;3.2750000e+02;-1.0705475e-01;3.2750000e+02;-1.4975546e-01;3.2750000e+02;-1.9177115e-01;3.2750000e+02;-8.0073029e-02;3.2750000e+02;-4.9870566e-02;3.2750000e+02;-1.4039781e-03;3.2750000e+02;6.0277663e-02;3.2750000e+02;1.3280796e-01;3.2750000e+02;1.8714647e-01;3.2750000e+02;2.4213435e-01;3.2750000e+02;2.6661107e-01;3.2750000e+02;2.5276572e-01;3.2750000e+02;2.2026581e-01;3.2750000e+02;1.4401658e-01;3.2750000e+02;7.9382986e-02;3.2750000e+02;2.6050929e-02;3.2750000e+02;-2.0531092e-02;3.2750000e+02;-6.3906476e-02;3.2750000e+02;-1.0705475e-01;3.2750000e+02;-1.4975546e-01;3.2750000e+02;-1.9177115e-01;3.2750000e+02;-8.0073029e-02;3.2750000e+02;-4.9870566e-02;3.2750000e+02;-1.4039781e-03;3.2750000e+02;6.0277663e-02;3.2750000e+02;1.3280796e-01;3.2750000e+02;1.8714647e-01;3.2750000e+02;2.4213435e-01;3.2750000e+02;2.6661107e-01;3.2750000e+02;2.5276572e-01;3.2750000e+02;2.2026581e-01;3.2750000e+02;1.4401658e-01;3.2750000e+02;7.9382986e-02;3.2750000e+02;2.6050929e-02;3.2750000e+02;-2.0531092e-02;3.2750000e+02;-6.3906476e-02;3.2750000e+02;-1.0705475e-01;3.2750000e+02;-1.4975546e-01;3.2750000e+02;-1.9177115e-01;3.2750000e+02;-8.0073029e-02;3.2750000e+02;-4.9870566e-02;3.2750000e+02;-1.4039781e-03;3.2750000e+02;6.0277663e-02;3.2750000e+02;1.3280796e-01;3.2750000e+02;1.8714647e-01;3.2750000e+02;2.4213435e-01;3.2750000e+02;2.6661107e-01;3.2750000e+02;2.5276572e-01;3.2750000e+02;2.2026581e-01;3.2750000e+02;1.4401658e-01;3.2750000e+02;7.9382986e-02;3.2750000e+02;2.6050929e-02;3.2750000e+02;-2.0531092e-02;3.2750000e+02;-6.3906476e-02;3.2750000e+02;-1.0705475e-01;3.2750000e+02;-1.4975546e-01;3.2750000e+02;-1.9177115e-01;3.2750000e+02;-8.0073029e-02;3.2750000e+02;-4.9870566e-02;3.2750000e+02;-1.4039781e-03;3.2750000e+02;6.0277663e-02;3.2750000e+02;1.3280796e-01;3.2750000e+02;1.8714647e-01;3.2750000e+02;2.4213435e-01;3.2750000e+02;2.6661107e-01;3.2750000e+02;2.5276572e-01;3.2750000e+02;2.2026581e-01;3.2750000e+02;1.4401658e-01;3.2750000e+02;7.9382986e-02;3.2750000e+02;2.6050929e-02;3.2750000e+02;-2.0531092e-02;3.2750000e+02;-6.3906476e-02;3.2750000e+02;-1.0705475e-01;3.2750000e+02;-1.4975546e-01;3.2750000e+02;-1.9177115e-01;3.2750000e+02;-8.0073029e-02;3.2750000e+02;-4.9870566e-02;3.2750000e+02;-1.4039781e-03;3.2750000e+02;6.0277663e-02;3.2750000e+02;1.3280796e-01;3.2750000e+02;1.8714647e-01;3.2750000e+02;2.4213435e-01;3.2750000e+02;2.6661107e-01;3.2750000e+02;2.5276572e-01;3.2750000e+02;2.2026581e-01;3.2750000e+02;1.4401658e-01;3.2750000e+02;7.9382986e-02;3.2750000e+02;2.6050929e-02;3.2750000e+02;-2.0531092e-02;3.2750000e+02;-6.3906476e-02;3.2750000e+02;-1.0705475e-01;3.2750000e+02;-1.4975546e-01;3.2750000e+02;-1.9177115e-01;3.2750000e+02;-8.0073029e-02;3.2750000e+02;-4.9870566e-02;3.2750000e+02;-1.4039781e-03;3.2750000e+02;6.0277663e-02;3.2750000e+02;1.3280796e-01;3.2750000e+02;1.8714647e-01;3.2750000e+02;2.4213435e-01;3.2750000e+02;2.6661107e-01;3.2750000e+02;2.5276572e-01;3.2750000e+02;2.2026581e-01;3.2750000e+02;1.4401658e-01;3.2750000e+02;7.9382986e-02;3.2750000e+02;2.6050929e-02;3.2750000e+02;-2.0531092e-02;3.2750000e+02;-6.3906476e-02;3.2750000e+02;-1.0705475e-01;3.2750000e+02;-1.4975546e-01;3.2750000e+02;-1.9177115e-01;3.2750000e+02;-8.0073029e-02;3.2750000e+02;-4.9870566e-02;3.2750000e+02;-1.4039781e-03;3.2750000e+02;6.0277663e-02;3.2750000e+02;1.3280796e-01;3.2750000e+02;1.8714647e-01;3.2750000e+02;2.4213435e-01;3.2750000e+02;2.6661107e-01;3.2750000e+02;2.5276572e-01;3.2750000e+02;2.2026581e-01;3.2750000e+02;1.4401658e-01;3.2750000e+02;7.9382986e-02;3.2750000e+02;2.6050929e-02;3.2750000e+02;-2.0531092e-02;3.2750000e+02;-6.3906476e-02;3.2750000e+02;-1.0705475e-01;3.2750000e+02;-1.4975546e-01;3.2750000e+02;-1.9177115e-01;3.2750000e+02;-8.0073029e-02;3.2750000e+02;-4.9870566e-02;3.2750000e+02;-1.4039781e-03;3.2750000e+02;6.0277663e-02;3.2750000e+02;1.3280796e-01;3.2750000e+02;1.8714647e-01;3.2750000e+02;2.4213435e-01;3.2750000e+02;2.6661107e-01;3.2750000e+02;2.5276572e-01;3.2750000e+02;2.2026581e-01;3.2750000e+02;1.4401658e-01;3.2750000e+02;7.9382986e-02;3.2750000e+02;2.6050929e-02;3.2750000e+02;-2.0531092e-02;3.2750000e+02;-6.3906476e-02;3.2750000e+02;-1.0705475e-01;3.2750000e+02;-1.4975546e-01;3.2750000e+02;-1.9177115e-01;3.2750000e+02;-8.0073029e-02;3.2750000e+02;-4.9870566e-02;3.2750000e+02;-1.4039781e-03;3.2750000e+02;6.0277663e-02;3.2750000e+02;1.3280796e-01;3.2750000e+02;1.8714647e-01;3.2750000e+02;2.4213435e-01;3.2750000e+02;2.6661107e-01;3.2750000e+02;2.5276572e-01;3.2750000e+02;2.2026581e-01;3.2750000e+02;1.4401658e-01;3.2750000e+02;7.9382986e-02;3.2750000e+02;2.6050929e-02;3.2750000e+02;-2.0531092e-02;3.2750000e+02;-6.3906476e-02;3.2750000e+02;-1.0705475e-01;3.2750000e+02;-1.4975546e-01;3.2750000e+02;-1.9177115e-01;3.2750000e+02;-8.0073029e-02;3.2750000e+02;-4.9870566e-02;3.2750000e+02;-1.4039781e-03;3.2750000e+02;6.0277663e-02;3.2750000e+02;1.3280796e-01;3.2750000e+02;1.8714647e-01;3.2750000e+02;2.4213435e-01;3.2750000e+02;2.6661107e-01;3.2750000e+02;2.5276572e-01;3.2750000e+02;2.2026581e-01;3.2750000e+02;1.4401658e-01;3.2750000e+02;7.9382986e-02;3.2750000e+02;2.6050929e-02;3.2750000e+02;-2.0531092e-02;3.2750000e+02;-6.3906476e-02;3.2750000e+02;-1.0705475e-01;3.2750000e+02;-1.4975546e-01;3.2750000e+02;-1.9177115e-01;3.2750000e+02;-8.0073029e-02;3.2750000e+02;-4.9870566e-02;3.2750000e+02;-1.4039781e-03;3.2750000e+02;6.0277663e-02;3.2750000e+02;1.3280796e-01;3.2750000e+02;1.8714647e-01;3.2750000e+02;2.4213435e-01;3.2750000e+02;2.6661107e-01;3.2750000e+02;2.5276572e-01;3.2750000e+02;2.2026581e-01;3.2750000e+02;1.4401658e-01;3.2750000e+02;7.9382986e-02;3.2750000e+02;2.6050929e-02;3.2750000e+02;-2.0531092e-02;3.2750000e+02;-6.3906476e-02;3.2750000e+02;-1.0705475e-01;3.2750000e+02;-1.4975546e-01;3.2750000e+02;-1.9177115e-01;3.2750000e+02;-8.0073029e-02;3.2750000e+02;-4.9870566e-02;3.2750000e+02;-1.4039781e-03;3.2750000e+02;6.0277663e-02;3.2750000e+02;1.3280796e-01;3.2750000e+02;1.8714647e-01;3.2750000e+02;2.4213435e-01;3.2750000e+02;2.6661107e-01;3.2750000e+02;2.5276572e-01;3.2750000e+02;2.2026581e-01;3.2750000e+02;1.4401658e-01;3.2750000e+02;7.9382986e-02;3.2750000e+02;2.6050929e-02;3.2750000e+02;-2.0531092e-02;3.2750000e+02;-6.3906476e-02;3.2750000e+02;-1.0705475e-01;3.2750000e+02;-1.4975546e-01;3.2750000e+02;-1.9177115e-01;3.2750000e+02;-8.0073029e-02;3.2750000e+02;-4.9870566e-02;3.2750000e+02;-1.4039781e-03;3.2750000e+02;6.0277663e-02;3.2750000e+02;1.3280796e-01;3.2750000e+02;1.8714647e-01;3.2750000e+02;2.4213435e-01;3.2750000e+02;2.6661107e-01;3.2750000e+02;2.5276572e-01;3.2750000e+02;2.2026581e-01;3.2750000e+02;1.4401658e-01;3.2750000e+02;7.9382986e-02;3.2750000e+02;2.6050929e-02;3.2750000e+02;-2.0531092e-02;3.2750000e+02;-6.3906476e-02;3.2750000e+02;-1.0705475e-01;3.2750000e+02;-1.4975546e-01;3.2750000e+02;-1.9177115e-01;3.2750000e+02;-8.0073029e-02;3.2750000e+02;-4.9870566e-02;3.2750000e+02;-1.4039781e-03;3.2750000e+02;6.0277663e-02;3.2750000e+02;1.3280796e-01;3.2750000e+02;1.8714647e-01;3.2750000e+02;2.4213435e-01;3.2750000e+02;2.6661107e-01;3.2750000e+02;2.5276572e-01;3.2750000e+02;2.2026581e-01;3.2750000e+02;1.4401658e-01;3.2750000e+02;7.9382986e-02;3.2750000e+02;2.6050929e-02;3.2750000e+02;-2.0531092e-02;3.2750000e+02;-6.3906476e-02;3.2750000e+02;-1.0705475e-01;3.2750000e+02;-1.4975546e-01;3.2750000e+02;-1.9177115e-01;3.2750000e+02;-8.0073029e-02;3.2750000e+02;-4.9870566e-02;3.2750000e+02;-1.4039781e-03;3.2750000e+02;6.0277663e-02;3.2750000e+02;1.3280796e-01;3.2750000e+02;1.8714647e-01;3.2750000e+02;2.4213435e-01;3.2750000e+02;2.6661107e-01;3.2750000e+02;2.5276572e-01;3.2750000e+02;2.2026581e-01;3.2750000e+02;1.4401658e-01;3.2750000e+02;7.9382986e-02;3.2750000e+02;2.6050929e-02;3.2750000e+02;-2.0531092e-02;3.2750000e+02;-6.3906476e-02;3.2750000e+02;-1.0705475e-01;3.2750000e+02;-1.4975546e-01;3.2750000e+02;-1.9177115e-01;3.2750000e+02;-8.0073029e-02;3.2750000e+02;-4.9870566e-02;3.2750000e+02;-1.4039781e-03;3.2750000e+02;6.0277663e-02;3.2750000e+02;1.3280796e-01;3.2750000e+02;1.8714647e-01;3.2750000e+02;2.4213435e-01;3.2750000e+02;2.6661107e-01;3.2750000e+02;2.5276572e-01;3.2750000e+02;2.2026581e-01;3.2750000e+02;1.4401658e-01;3.2750000e+02;7.9382986e-02;3.2750000e+02;2.6050929e-02;3.2750000e+02;-2.0531092e-02;3.2750000e+02;-6.3906476e-02;3.2750000e+02;-1.0705475e-01;3.2750000e+02;-1.4975546e-01;3.2750000e+02;-1.9177115e-01;3.2750000e+02;-8.0073029e-02;3.2750000e+02;-4.9870566e-02;3.2750000e+02;-1.4039781e-03;3.2750000e+02;6.0277663e-02;3.2750000e+02;1.3280796e-01;3.2750000e+02;1.8714647e-01;3.2750000e+02;2.4213435e-01;3.2750000e+02;2.6661107e-01;3.2750000e+02;2.5276572e-01;3.2750000e+02;2.2026581e-01;3.2750000e+02;1.4401658e-01;3.2750000e+02;7.9382986e-02;3.2750000e+02;2.6050929e-02;3.2750000e+02;-2.0531092e-02;3.2750000e+02;-6.3906476e-02;3.2750000e+02;-1.0705475e-01;3.2750000e+02;-1.4975546e-01;3.2750000e+02;-1.9177115e-01;3.2750000e+02;-8.0073029e-02;3.2750000e+02;-4.9870566e-02;3.2750000e+02;-1.4039781e-03;3.2750000e+02;6.0277663e-02;3.2750000e+02;1.3280796e-01;3.2750000e+02;1.8714647e-01;3.2750000e+02;2.4213435e-01;3.2750000e+02;2.6661107e-01;3.2750000e+02;2.5276572e-01;3.2750000e+02;2.2026581e-01;3.2750000e+02;1.4401658e-01;3.2750000e+02;7.9382986e-02;3.2750000e+02;2.6050929e-02;3.2750000e+02;-2.0531092e-02;3.2750000e+02;-6.3906476e-02;3.2750000e+02;-1.0705475e-01;3.2750000e+02;-1.4975546e-01;3.2750000e+02;-1.9177115e-01;3.2750000e+02;-8.0073029e-02;3.2750000e+02;-4.9870566e-02;3.2750000e+02;-1.4039781e-03;3.2750000e+02;6.0277663e-02;3.2750000e+02;1.3280796e-01;3.2750000e+02;1.8714647e-01;3.2750000e+02;2.4213435e-01;3.2750000e+02;2.6661107e-01;3.2750000e+02;2.5276572e-01;3.2750000e+02;2.2026581e-01;3.2750000e+02;1.4401658e-01;3.2750000e+02;7.9382986e-02;3.2750000e+02;2.6050929e-02;3.2750000e+02;-2.0531092e-02;3.2750000e+02;-6.3906476e-02;3.2750000e+02;-1.0705475e-01;3.2750000e+02;-1.4975546e-01;3.2750000e+02;-1.9177115e-01;3.2750000e+02;-8.0073029e-02;3.2750000e+02;-4.9870566e-02;3.2750000e+02;-1.4039781e-03;3.2750000e+02;6.0277663e-02;3.2750000e+02;1.3280796e-01;3.2750000e+02;1.8714647e-01;3.2750000e+02;2.4213435e-01;3.2750000e+02;2.6661107e-01;3.2750000e+02;2.5276572e-01;3.2750000e+02;2.2026581e-01;3.2750000e+02;1.4401658e-01;3.2750000e+02;7.9382986e-02;3.2750000e+02;2.6050929e-02;3.2750000e+02;-2.0531092e-02;3.2750000e+02;-6.3906476e-02;3.2750000e+02;-1.0705475e-01;3.2750000e+02;-1.4975546e-01;3.2750000e+02;-1.9177115e-01;3.2750000e+02;-8.0073029e-02;3.2750000e+02;-4.9870566e-02;3.2750000e+02;-1.4039781e-03;3.2750000e+02;6.0277663e-02;3.2750000e+02;1.3280796e-01;3.2750000e+02;1.8714647e-01;3.2750000e+02;2.4213435e-01;3.2750000e+02;2.6661107e-01;3.2750000e+02;2.5276572e-01;3.2750000e+02;2.2026581e-01;3.2750000e+02;1.4401658e-01;3.2750000e+02;7.9382986e-02;3.2750000e+02;2.6050929e-02;3.2750000e+02;-2.0531092e-02;3.2750000e+02;-6.3906476e-02;3.2750000e+02;-1.0705475e-01;3.2750000e+02;-1.4975546e-01;3.2750000e+02;-1.9177115e-01;3.2750000e+02;-8.0073029e-02;3.2750000e+02;-4.9870566e-02;3.2750000e+02;-1.4039781e-03;3.2750000e+02;6.0277663e-02;3.2750000e+02;1.3280796e-01;3.2750000e+02;1.8714647e-01;3.2750000e+02;2.4213435e-01;3.2750000e+02;2.6661107e-01;3.2750000e+02;2.5276572e-01;3.2750000e+02;2.2026581e-01;3.2750000e+02;1.4401658e-01;3.2750000e+02;7.9382986e-02;3.2750000e+02;2.6050929e-02;3.2750000e+02;-2.0531092e-02;3.2750000e+02;-6.3906476e-02;3.2750000e+02;-1.0705475e-01;3.2750000e+02;-1.4975546e-01;3.2750000e+02;-1.9177115e-01;3.2750000e+02;-8.0073029e-02;3.2750000e+02;-4.9870566e-02;3.2750000e+02;-1.4039781e-03;3.2750000e+02;6.0277663e-02;3.2750000e+02;1.3280796e-01;3.2750000e+02;1.8714647e-01;3.2750000e+02;2.4213435e-01;3.2750000e+02;2.6661107e-01;3.2750000e+02;2.5276572e-01;3.2750000e+02;2.2026581e-01;3.2750000e+02;1.4401658e-01;3.2750000e+02;7.9382986e-02;3.2750000e+02;2.6050929e-02;3.2750000e+02;-2.0531092e-02;3.2750000e+02;-6.3906476e-02;3.2750000e+02;-1.0705475e-01;3.2750000e+02;-1.4975546e-01;3.2750000e+02;-1.9177115e-01;3.2750000e+02;-8.0073029e-02;3.2750000e+02;-4.9870566e-02;3.2750000e+02;-1.4039781e-03;3.2750000e+02;6.0277663e-02;3.2750000e+02;1.3280796e-01;3.2750000e+02;1.8714647e-01;3.2750000e+02;2.4213435e-01;3.2750000e+02;2.6661107e-01;3.2750000e+02;2.5276572e-01;3.2750000e+02;2.2026581e-01;3.2750000e+02;1.4401658e-01;3.2750000e+02;7.9382986e-02;3.2750000e+02;2.6050929e-02;3.2750000e+02;-2.0531092e-02;3.2750000e+02;-6.3906476e-02;3.2750000e+02;-1.0705475e-01;3.2750000e+02;-1.4975546e-01;3.2750000e+02;-1.9177115e-01;3.2750000e+02;-8.0073029e-02;3.2750000e+02;-4.9870566e-02;3.2750000e+02;-1.4039781e-03;3.2750000e+02;6.0277663e-02;3.2750000e+02;1.3280796e-01;3.2750000e+02;1.8714647e-01;3.2750000e+02;2.4213435e-01;3.2750000e+02;2.6661107e-01;3.2750000e+02;2.5276572e-01;3.2750000e+02;2.2026581e-01;3.2750000e+02;1.4401658e-01;3.2750000e+02;7.9382986e-02;3.2750000e+02;2.6050929e-02;3.2750000e+02;-2.0531092e-02;3.2750000e+02;-6.3906476e-02;3.2750000e+02;-1.0705475e-01;3.2750000e+02;-1.4975546e-01;3.2750000e+02;-1.9177115e-01;3.2750000e+02;-8.0073029e-02;3.2750000e+02;-4.9870566e-02;3.2750000e+02;-1.4039781e-03;3.2750000e+02;6.0277663e-02;3.2750000e+02;1.3280796e-01;3.2750000e+02;1.8714647e-01;3.2750000e+02;2.4213435e-01;3.2750000e+02;2.6661107e-01;3.2750000e+02;2.5276572e-01;3.2750000e+02;2.2026581e-01;3.2750000e+02;1.4401658e-01;3.2750000e+02;7.9382986e-02;3.2750000e+02;2.6050929e-02;3.2750000e+02;-2.0531092e-02;3.2750000e+02;-6.3906476e-02;3.2750000e+02;-1.0705475e-01;3.2750000e+02;-1.4975546e-01;3.2750000e+02;-1.9177115e-01;3.2750000e+02;-8.0073029e-02;3.2750000e+02;-4.9870566e-02;3.2750000e+02;-1.4039781e-03;3.2750000e+02;6.0277663e-02;3.2750000e+02;1.3280796e-01;3.2750000e+02;1.8714647e-01;3.2750000e+02;2.4213435e-01;3.2750000e+02;2.6661107e-01;3.2750000e+02;2.5276572e-01;3.2750000e+02;2.2026581e-01;3.2750000e+02;1.4401658e-01;3.2750000e+02;7.9382986e-02;3.2750000e+02;2.6050929e-02;3.2750000e+02;-2.0531092e-02;3.2750000e+02;-6.3906476e-02;3.2750000e+02;-1.0705475e-01;3.2750000e+02;-1.4975546e-01;3.2750000e+02;-1.9177115e-01;3.2750000e+02;-8.0073029e-02;3.2750000e+02;-4.9870566e-02;3.2750000e+02;-1.4039781e-03;3.2750000e+02;6.0277663e-02;3.2750000e+02;1.3280796e-01;3.2750000e+02;1.8714647e-01;3.2750000e+02;2.4213435e-01;3.2750000e+02;2.6661107e-01;3.2750000e+02;2.5276572e-01;3.2750000e+02;2.2026581e-01;3.2750000e+02;1.4401658e-01;3.2750000e+02;7.9382986e-02;3.2750000e+02;2.6050929e-02;3.2750000e+02;-2.0531092e-02;3.2750000e+02;-6.3906476e-02;3.2750000e+02;-1.0705475e-01;3.2750000e+02;-1.4975546e-01;3.2750000e+02;-1.9177115e-01;3.2750000e+02;-8.0073029e-02;3.2750000e+02;-4.9870566e-02;3.2750000e+02;-1.4039781e-03;3.2750000e+02;6.0277663e-02;3.2750000e+02;1.3280796e-01;3.2750000e+02;1.8714647e-01;3.2750000e+02;2.4213435e-01;3.2750000e+02;2.6661107e-01;3.2750000e+02;2.5276572e-01;3.2750000e+02;2.2026581e-01;3.2750000e+02;1.4401658e-01;3.2750000e+02;7.9382986e-02;3.2750000e+02;2.6050929e-02;3.2750000e+02;-2.0531092e-02;3.2750000e+02;-6.3906476e-02;3.2750000e+02;-1.0705475e-01;3.2750000e+02;-1.4975546e-01;3.2750000e+02;-1.9177115e-01;3.2750000e+02;-8.0073029e-02;3.2750000e+02;-4.9870566e-02;3.2750000e+02;-1.4039781e-03;3.2750000e+02;6.0277663e-02;3.2750000e+02;1.3280796e-01;3.2750000e+02;1.8714647e-01;3.2750000e+02;2.4213435e-01;3.2750000e+02;2.6661107e-01;3.2750000e+02;2.5276572e-01;3.2750000e+02;2.2026581e-01;3.2750000e+02;1.4401658e-01;3.2750000e+02;7.9382986e-02;3.2750000e+02;2.6050929e-02;3.2750000e+02;-2.0531092e-02;3.2750000e+02;-6.3906476e-02;3.2750000e+02;-1.0705475e-01;3.2750000e+02;-1.4975546e-01;3.2750000e+02;-1.9177115e-01;3.2750000e+02;-8.0073029e-02;3.2750000e+02;-4.9870566e-02;3.2750000e+02;-1.4039781e-03;3.2750000e+02;6.0277663e-02;3.2750000e+02;1.3280796e-01;3.2750000e+02;1.8714647e-01;3.2750000e+02;2.4213435e-01;3.2750000e+02;2.6661107e-01;3.2750000e+02;2.5276572e-01;3.2750000e+02;2.2026581e-01;3.2750000e+02;1.4401658e-01;3.2750000e+02;7.9382986e-02;3.2750000e+02;2.6050929e-02;3.2750000e+02;-2.0531092e-02;3.2750000e+02;-6.3906476e-02;3.2750000e+02;-1.0705475e-01;3.2750000e+02;-1.4975546e-01;3.2750000e+02;-1.9177115e-01;3.2750000e+02;-8.0073029e-02;3.2750000e+02;-4.9870566e-02;3.2750000e+02;-1.4039781e-03;3.2750000e+02;6.0277663e-02;3.2750000e+02;1.3280796e-01;3.2750000e+02;1.8714647e-01;3.2750000e+02;2.4213435e-01;3.2750000e+02;2.6661107e-01;3.2750000e+02;2.5276572e-01;3.2750000e+02;2.2026581e-01;3.2750000e+02;1.4401658e-01;3.2750000e+02;7.9382986e-02;3.2750000e+02;2.6050929e-02;3.2750000e+02;-2.0531092e-02;3.2750000e+02;-6.3906476e-02;3.2750000e+02;-1.0705475e-01;3.2750000e+02;-1.4975546e-01;3.2750000e+02;-1.9177115e-01;3.2750000e+02;-8.0073029e-02;3.2750000e+02;-4.9870566e-02;3.2750000e+02;-1.4039781e-03;3.2750000e+02;6.0277663e-02;3.2750000e+02;1.3280796e-01;3.2750000e+02;1.8714647e-01;3.2750000e+02;2.4213435e-01;3.2750000e+02;2.6661107e-01;3.2750000e+02;2.5276572e-01;3.2750000e+02;2.2026581e-01;3.2750000e+02;1.4401658e-01;3.2750000e+02;7.9382986e-02;3.2750000e+02;2.6050929e-02;3.2750000e+02;-2.0531092e-02;3.2750000e+02;-6.3906476e-02;3.2750000e+02;-1.0705475e-01;3.2750000e+02;-1.4975546e-01;3.2750000e+02;-1.9177115e-01;3.2750000e+02;-8.0073029e-02;3.2750000e+02;-4.9870566e-02;3.2750000e+02;-1.4039781e-03;3.2750000e+02;6.0277663e-02;3.2750000e+02;1.3280796e-01;3.2750000e+02;1.8714647e-01;3.2750000e+02;2.4213435e-01;3.2750000e+02;2.6661107e-01;3.2750000e+02;2.5276572e-01;3.2750000e+02;2.2026581e-01;3.2750000e+02;1.4401658e-01;3.2750000e+02;7.9382986e-02;3.2750000e+02;2.6050929e-02;3.2750000e+02;-2.0531092e-02;3.2750000e+02;-6.3906476e-02;3.2750000e+02;-1.0705475e-01;3.2750000e+02;-1.4975546e-01;3.2750000e+02;-1.9177115e-01;3.2750000e+02;-8.0073029e-02;3.2750000e+02;-4.9870566e-02;3.2750000e+02;-1.4039781e-03;3.2750000e+02;6.0277663e-02;3.2750000e+02;1.3280796e-01;3.2750000e+02;1.8714647e-01;3.2750000e+02;2.4213435e-01;3.2750000e+02;2.6661107e-01;3.2750000e+02;2.5276572e-01;3.2750000e+02;2.2026581e-01;3.2750000e+02;1.4401658e-01;3.2750000e+02;7.9382986e-02;3.2750000e+02;2.6050929e-02;3.2750000e+02;-2.0531092e-02;3.2750000e+02;-6.3906476e-02;3.2750000e+02;-1.0705475e-01;3.2750000e+02;-1.4975546e-01;3.2750000e+02;-1.9177115e-01;3.2750000e+02;-8.0073029e-02;3.2750000e+02;-4.9870566e-02;3.2750000e+02;-1.4039781e-03;3.2750000e+02;6.0277663e-02;3.2750000e+02;1.3280796e-01;3.2750000e+02;1.8714647e-01;3.2750000e+02;2.4213435e-01;3.2750000e+02;2.6661107e-01;3.2750000e+02;2.5276572e-01;3.2750000e+02;2.2026581e-01;3.2750000e+02;1.4401658e-01;3.2750000e+02;7.9382986e-02;3.2750000e+02;2.6050929e-02;3.2750000e+02;-2.0531092e-02;3.2750000e+02;-6.3906476e-02;3.2750000e+02;-1.0705475e-01;3.2750000e+02;-1.4975546e-01;3.2750000e+02;-1.9177115e-01;3.2750000e+02;-8.0073029e-02;3.2750000e+02;-4.9870566e-02;3.2750000e+02;-1.4039781e-03;3.2750000e+02;6.0277663e-02;3.2750000e+02;1.3280796e-01;3.2750000e+02;1.8714647e-01;3.2750000e+02;2.4213435e-01;3.2750000e+02;2.6661107e-01;3.2750000e+02;2.5276572e-01;3.2750000e+02;2.2026581e-01;3.2750000e+02;1.4401658e-01;3.2750000e+02;7.9382986e-02;3.2750000e+02;2.6050929e-02;3.2750000e+02;-2.0531092e-02;3.2750000e+02;-6.3906476e-02;3.2750000e+02;-1.0705475e-01;3.2750000e+02;-1.4975546e-01;3.2750000e+02;-1.9177115e-01;3.2750000e+02;-8.0073029e-02;3.2750000e+02;-4.9870566e-02;3.2750000e+02;-1.4039781e-03;3.2750000e+02;6.0277663e-02;3.2750000e+02;1.3280796e-01;3.2750000e+02;1.8714647e-01;3.2750000e+02;2.4213435e-01;3.2750000e+02;2.6661107e-01;3.2750000e+02;2.5276572e-01;3.2750000e+02;2.2026581e-01;3.2750000e+02;1.4401658e-01;3.2750000e+02;7.9382986e-02;3.2750000e+02;2.6050929e-02;3.2750000e+02;-2.0531092e-02;3.2750000e+02;-6.3906476e-02;3.2750000e+02;-1.0705475e-01;3.2750000e+02;-1.4975546e-01;3.2750000e+02;-1.9177115e-01;3.2750000e+02;-8.0073029e-02;3.2750000e+02;-4.9870566e-02;3.2750000e+02;-1.4039781e-03;3.2750000e+02;6.0277663e-02;3.2750000e+02;1.3280796e-01;3.2750000e+02;1.8714647e-01;3.2750000e+02;2.4213435e-01;3.2750000e+02;2.6661107e-01;3.2750000e+02;2.5276572e-01;3.2750000e+02;2.2026581e-01;3.2750000e+02;1.4401658e-01;3.2750000e+02;7.9382986e-02;3.2750000e+02;2.6050929e-02;3.2750000e+02;-2.0531092e-02;3.2750000e+02;-6.3906476e-02;3.2750000e+02;-1.0705475e-01;3.2750000e+02;-1.4975546e-01;3.2750000e+02;-1.9177115e-01;3.2750000e+02;-8.0073029e-02;3.2750000e+02;-4.9870566e-02;3.2750000e+02;-1.4039781e-03;3.2750000e+02;6.0277663e-02;3.2750000e+02;1.3280796e-01;3.2750000e+02;1.8714647e-01;3.2750000e+02;2.4213435e-01;3.2750000e+02;2.6661107e-01;3.2750000e+02;2.5276572e-01;3.2750000e+02;2.2026581e-01;3.2750000e+02;1.4401658e-01;3.2750000e+02;7.9382986e-02;3.2750000e+02;2.6050929e-02;3.2750000e+02;-2.0531092e-02;3.2750000e+02;-6.3906476e-02;3.2750000e+02;-1.0705475e-01;3.2750000e+02;-1.4975546e-01;3.2750000e+02;-1.9177115e-01;3.2750000e+02;-8.0073029e-02;3.2750000e+02;-4.9870566e-02;3.2750000e+02;-1.4039781e-03;3.2750000e+02;6.0277663e-02;3.2750000e+02;1.3280796e-01;3.2750000e+02;1.8714647e-01;3.2750000e+02;2.4213435e-01;3.2750000e+02;2.6661107e-01;3.2750000e+02;2.5276572e-01;3.2750000e+02;2.2026581e-01;3.2750000e+02;1.4401658e-01;3.2750000e+02;7.9382986e-02;3.2750000e+02;2.6050929e-02;3.2750000e+02;-2.0531092e-02;3.2750000e+02;-6.3906476e-02;3.2750000e+02;-1.0705475e-01;3.2750000e+02;-1.4975546e-01;3.2750000e+02;-1.9177115e-01;3.2750000e+02;-8.0073029e-02;3.2750000e+02;-4.9870566e-02;3.2750000e+02;-1.4039781e-03;3.2750000e+02;6.0277663e-02;3.2750000e+02;1.3280796e-01;3.2750000e+02;1.8714647e-01;3.2750000e+02;2.4213435e-01;3.2750000e+02;2.6661107e-01;3.2750000e+02;2.5276572e-01;3.2750000e+02;2.2026581e-01;3.2750000e+02;1.4401658e-01;3.2750000e+02;7.9382986e-02;3.2750000e+02;2.6050929e-02;3.2750000e+02;-2.0531092e-02;3.2750000e+02;-6.3906476e-02;3.2750000e+02;-1.0705475e-01;3.2750000e+02;-1.4975546e-01;3.2750000e+02;-1.9177115e-01;3.2750000e+02;-8.0073029e-02;3.2750000e+02;-4.9870566e-02;3.2750000e+02;-1.4039781e-03;3.2750000e+02;6.0277663e-02;3.2750000e+02;1.3280796e-01;3.2750000e+02;1.8714647e-01;3.2750000e+02;2.4213435e-01;3.2750000e+02;2.6661107e-01;3.2750000e+02;2.5276572e-01;3.2750000e+02;2.2026581e-01;3.2750000e+02;1.4401658e-01;3.2750000e+02;7.9382986e-02;3.2750000e+02;2.6050929e-02;3.2750000e+02;-2.0531092e-02;3.2750000e+02;-6.3906476e-02;3.2750000e+02;-1.0705475e-01;3.2750000e+02;-1.4975546e-01;3.2750000e+02;-1.9177115e-01;3.2750000e+02;-8.0073029e-02;3.2750000e+02;-4.9870566e-02;3.2750000e+02;-1.4039781e-03;3.2750000e+02;6.0277663e-02;3.2750000e+02;1.3280796e-01;3.2750000e+02;1.8714647e-01;3.2750000e+02;2.4213435e-01;3.2750000e+02;2.6661107e-01;3.2750000e+02;2.5276572e-01;3.2750000e+02;2.2026581e-01;3.2750000e+02;1.4401658e-01;3.2750000e+02;7.9382986e-02;3.2750000e+02;2.6050929e-02;3.2750000e+02;-2.0531092e-02;3.2750000e+02;-6.3906476e-02;3.2750000e+02;-1.0705475e-01;3.2750000e+02;-1.4975546e-01;3.2750000e+02;-1.9177115e-01;3.2750000e+02;-8.0073029e-02;3.2750000e+02;-4.9870566e-02;3.2750000e+02;-1.4039781e-03;3.2750000e+02;6.0277663e-02;3.2750000e+02;1.3280796e-01;3.2750000e+02;1.8714647e-01;3.2750000e+02;2.4213435e-01;3.2750000e+02;2.6661107e-01;3.2750000e+02;2.5276572e-01;3.2750000e+02;2.2026581e-01;3.2750000e+02;1.4401658e-01;3.2750000e+02;7.9382986e-02;3.2750000e+02;2.6050929e-02;3.2750000e+02;-2.0531092e-02;3.2750000e+02;-6.3906476e-02;3.2750000e+02;-1.0705475e-01;3.2750000e+02;-1.4975546e-01;3.2750000e+02;-1.9177115e-01;3.2750000e+02;-8.0073029e-02;3.2750000e+02;-4.9870566e-02;3.2750000e+02;-1.4039781e-03;3.2750000e+02;6.0277663e-02;3.2750000e+02;1.3280796e-01;3.2750000e+02;1.8714647e-01;3.2750000e+02;2.4213435e-01;3.2750000e+02;2.6661107e-01;3.2750000e+02;2.5276572e-01;3.2750000e+02;2.2026581e-01;3.2750000e+02;1.4401658e-01;3.2750000e+02;7.9382986e-02;3.2750000e+02;2.6050929e-02;3.2750000e+02;-2.0531092e-02;3.2750000e+02;-6.3906476e-02;3.2750000e+02;-1.0705475e-01;3.2750000e+02;-1.4975546e-01;3.2750000e+02;-1.9177115e-01;3.2750000e+02;-8.0073029e-02;3.2750000e+02;-4.9870566e-02;3.2750000e+02;-1.4039781e-03;3.2750000e+02;6.0277663e-02;3.2750000e+02;1.3280796e-01;3.2750000e+02;1.8714647e-01;3.2750000e+02;2.4213435e-01;3.2750000e+02;2.6661107e-01;3.2750000e+02;2.5276572e-01;3.2750000e+02;2.2026581e-01;3.2750000e+02;1.4401658e-01;3.2750000e+02;7.9382986e-02;3.2750000e+02;2.6050929e-02;3.2750000e+02;-2.0531092e-02;3.2750000e+02;-6.3906476e-02;3.2750000e+02;-1.0705475e-01;3.2750000e+02;-1.4975546e-01;3.2750000e+02;-1.9177115e-01;3.2750000e+02;-8.0073029e-02;3.2750000e+02;-4.9870566e-02;3.2750000e+02;-1.4039781e-03;3.2750000e+02;6.0277663e-02;3.2750000e+02;1.3280796e-01;3.2750000e+02;1.8714647e-01;3.2750000e+02;2.4213435e-01;3.2750000e+02;2.6661107e-01;3.2750000e+02;2.5276572e-01;3.2750000e+02;2.2026581e-01;3.2750000e+02;1.4401658e-01;3.2750000e+02;7.9382986e-02;3.2750000e+02;2.6050929e-02;3.2750000e+02;-2.0531092e-02;3.2750000e+02;-6.3906476e-02;3.2750000e+02;-1.0705475e-01;3.2750000e+02;-1.4975546e-01;3.2750000e+02;-1.9177115e-01;3.2750000e+02;-8.0073029e-02;3.2750000e+02;-4.9870566e-02;3.2750000e+02;-1.4039781e-03;3.2750000e+02;6.0277663e-02;3.2750000e+02;1.3280796e-01;3.2750000e+02;1.8714647e-01;3.2750000e+02;2.4213435e-01;3.2750000e+02;2.6661107e-01;3.2750000e+02;2.5276572e-01;3.2750000e+02;2.2026581e-01;3.2750000e+02;1.4401658e-01;3.2750000e+02;7.9382986e-02;3.2750000e+02;2.6050929e-02;3.2750000e+02;-2.0531092e-02;3.2750000e+02;-6.3906476e-02;3.2750000e+02;-1.0705475e-01;3.2750000e+02;-1.4975546e-01;3.2750000e+02;-1.9177115e-01;3.2750000e+02;-8.0073029e-02;3.2750000e+02;-4.9870566e-02;3.2750000e+02;-1.4039781e-03;3.2750000e+02;6.0277663e-02;3.2750000e+02;1.3280796e-01;3.2750000e+02;1.8714647e-01;3.2750000e+02;2.4213435e-01;3.2750000e+02;2.6661107e-01;3.2750000e+02;2.5276572e-01;3.2750000e+02;2.2026581e-01;3.2750000e+02;1.4401658e-01;3.2750000e+02;7.9382986e-02;3.2750000e+02;2.6050929e-02;3.2750000e+02;-2.0531092e-02;3.2750000e+02;-6.3906476e-02;3.2750000e+02;-1.0705475e-01;3.2750000e+02;-1.4975546e-01;3.2750000e+02;-1.9177115e-01;3.2750000e+02;-8.0073029e-02;3.2750000e+02;-4.9870566e-02;3.2750000e+02;-1.4039781e-03;3.2750000e+02;6.0277663e-02;3.2750000e+02;1.3280796e-01;3.2750000e+02;1.8714647e-01;3.2750000e+02;2.4213435e-01;3.2750000e+02;2.6661107e-01;3.2750000e+02;2.5276572e-01;3.2750000e+02;2.2026581e-01;3.2750000e+02;1.4401658e-01;3.2750000e+02;7.9382986e-02;3.2750000e+02;2.6050929e-02;3.2750000e+02;-2.0531092e-02;3.2750000e+02;-6.3906476e-02;3.2750000e+02;-1.0705475e-01;3.2750000e+02;-1.4975546e-01;3.2750000e+02;-1.9177115e-01;3.2750000e+02;-8.0073029e-02;3.2750000e+02;-4.9870566e-02;3.2750000e+02;-1.4039781e-03;3.2750000e+02;6.0277663e-02;3.2750000e+02;1.3280796e-01;3.2750000e+02;1.8714647e-01;3.2750000e+02;2.4213435e-01;3.2750000e+02;2.6661107e-01;3.2750000e+02;2.5276572e-01;3.2750000e+02;2.2026581e-01;3.2750000e+02;1.4401658e-01;3.2750000e+02;7.9382986e-02;3.2750000e+02;2.6050929e-02;3.2750000e+02;-2.0531092e-02;3.2750000e+02;-6.3906476e-02;3.2750000e+02;-1.0705475e-01;3.2750000e+02;-1.4975546e-01;3.2750000e+02;-1.9177115e-01;3.2750000e+02;-8.0073029e-02;3.2750000e+02;-4.9870566e-02;3.2750000e+02;-1.4039781e-03;3.2750000e+02;6.0277663e-02;3.2750000e+02;1.3280796e-01;3.2750000e+02;1.8714647e-01;3.2750000e+02;2.4213435e-01;3.2750000e+02;2.6661107e-01;3.2750000e+02;2.5276572e-01;3.2750000e+02;2.2026581e-01;3.2750000e+02;1.4401658e-01;3.2750000e+02;7.9382986e-02;3.2750000e+02;2.6050929e-02;3.2750000e+02;-2.0531092e-02;3.2750000e+02;-6.3906476e-02;3.2750000e+02;-1.0705475e-01;3.2750000e+02;-1.4975546e-01;3.2750000e+02;-1.9177115e-01;3.2750000e+02;-8.0073029e-02;3.2750000e+02;-4.9870566e-02;3.2750000e+02;-1.4039781e-03;3.2750000e+02;6.0277663e-02;3.2750000e+02;1.3280796e-01;3.2750000e+02;1.8714647e-01;3.2750000e+02;2.4213435e-01;3.2750000e+02;2.6661107e-01;3.2750000e+02;2.5276572e-01;3.2750000e+02;2.2026581e-01;3.2750000e+02;1.4401658e-01;3.2750000e+02;7.9382986e-02;3.2750000e+02;2.6050929e-02;3.2750000e+02;-2.0531092e-02;3.2750000e+02;-6.3906476e-02;3.2750000e+02;-1.0705475e-01;3.2750000e+02;-1.4975546e-01;3.2750000e+02;-1.9177115e-01;3.2750000e+02;-8.0073029e-02;3.2750000e+02;-4.9870566e-02;3.2750000e+02;-1.4039781e-03;3.2750000e+02;6.0277663e-02;3.2750000e+02;1.3280796e-01;3.2750000e+02;1.8714647e-01;3.2750000e+02;2.4213435e-01;3.2750000e+02;2.6661107e-01;3.2750000e+02;2.5276572e-01;3.2750000e+02;2.2026581e-01;3.2750000e+02;1.4401658e-01;3.2750000e+02;7.9382986e-02;3.2750000e+02;2.6050929e-02;3.2750000e+02;-2.0531092e-02;3.2750000e+02;-6.3906476e-02;3.2750000e+02;-1.0705475e-01;3.2750000e+02;-1.4975546e-01;3.2750000e+02;-1.9177115e-01;3.2750000e+02;-8.0073029e-02;3.2750000e+02;-4.9870566e-02;3.2750000e+02;-1.4039781e-03;3.2750000e+02;6.0277663e-02;3.2750000e+02;1.3280796e-01;3.2750000e+02;1.8714647e-01;3.2750000e+02;2.4213435e-01;3.2750000e+02;2.6661107e-01;3.2750000e+02;2.5276572e-01;3.2750000e+02;2.2026581e-01;3.2750000e+02;1.4401658e-01;3.2750000e+02;7.9382986e-02;3.2750000e+02;2.6050929e-02;3.2750000e+02;-2.0531092e-02;3.2750000e+02;-6.3906476e-02;3.2750000e+02;-1.0705475e-01;3.2750000e+02;-1.4975546e-01;3.2750000e+02;-1.9177115e-01;3.2750000e+02;-8.0073029e-02;3.2750000e+02;-4.9870566e-02;3.2750000e+02;-1.4039781e-03;3.2750000e+02;6.0277663e-02;3.2750000e+02;1.3280796e-01;3.2750000e+02;1.8714647e-01;3.2750000e+02;2.4213435e-01;3.2750000e+02;2.6661107e-01;3.2750000e+02;2.5276572e-01;3.2750000e+02;2.2026581e-01;3.2750000e+02;1.4401658e-01;3.2750000e+02;7.9382986e-02;3.2750000e+02;2.6050929e-02;3.2750000e+02;-2.0531092e-02;3.2750000e+02;-6.3906476e-02;3.2750000e+02;-1.0705475e-01;3.2750000e+02;-1.4975546e-01;3.2750000e+02;-1.9177115e-01;3.2750000e+02;-8.0073029e-02;3.2750000e+02;-4.9870566e-02;3.2750000e+02;-1.4039781e-03;3.2750000e+02;6.0277663e-02;3.2750000e+02;1.3280796e-01;3.2750000e+02;1.8714647e-01;3.2750000e+02;2.4213435e-01;3.2750000e+02;2.6661107e-01;3.2750000e+02;2.5276572e-01;3.2750000e+02;2.2026581e-01;3.2750000e+02;1.4401658e-01;3.2750000e+02;7.9382986e-02;3.2750000e+02;2.6050929e-02;3.2750000e+02;-2.0531092e-02;3.2750000e+02;-6.3906476e-02;3.2750000e+02;-1.0705475e-01;3.2750000e+02;-1.4975546e-01;3.2750000e+02;-1.9177115e-01;3.2750000e+02;-8.0073029e-02;3.2750000e+02;-4.9870566e-02;3.2750000e+02;-1.4039781e-03;3.2750000e+02;6.0277663e-02;3.2750000e+02;1.3280796e-01;3.2750000e+02;1.8714647e-01;3.2750000e+02;2.4213435e-01;3.2750000e+02;2.6661107e-01;3.2750000e+02;2.5276572e-01;3.2750000e+02;2.2026581e-01;3.2750000e+02;1.4401658e-01;3.2750000e+02;7.9382986e-02;3.2750000e+02;2.6050929e-02;3.2750000e+02;-2.0531092e-02;3.2750000e+02;-6.3906476e-02;3.2750000e+02;-1.0705475e-01;3.2750000e+02;-1.4975546e-01;3.2750000e+02;-1.9177115e-01;3.2750000e+02;-8.0073029e-02;3.2750000e+02;-4.9870566e-02;3.2750000e+02;-1.4039781e-03;3.2750000e+02;6.0277663e-02;3.2750000e+02;1.3280796e-01;3.2750000e+02;1.8714647e-01;3.2750000e+02;2.4213435e-01;3.2750000e+02;2.6661107e-01;3.2750000e+02;2.5276572e-01;3.2750000e+02;2.2026581e-01;3.2750000e+02;1.4401658e-01;3.2750000e+02;7.9382986e-02;3.2750000e+02;2.6050929e-02;3.2750000e+02;-2.0531092e-02;3.2750000e+02;-6.3906476e-02;3.2750000e+02;-1.0705475e-01;3.2750000e+02;-1.4975546e-01;3.2750000e+02;-1.9177115e-01;3.2750000e+02;-8.0073029e-02;3.2750000e+02;-4.9870566e-02;3.2750000e+02;-1.4039781e-03;3.2750000e+02;6.0277663e-02;3.2750000e+02;1.3280796e-01;3.2750000e+02;1.8714647e-01;3.2750000e+02;2.4213435e-01;3.2750000e+02;2.6661107e-01;3.2750000e+02;2.5276572e-01;3.2750000e+02;2.2026581e-01;3.2750000e+02;1.4401658e-01;3.2750000e+02;7.9382986e-02;3.2750000e+02;2.6050929e-02;3.2750000e+02;-2.0531092e-02;3.2750000e+02;-6.3906476e-02;3.2750000e+02;-1.0705475e-01;3.2750000e+02;-1.4975546e-01;3.2750000e+02;-1.9177115e-01;3.2750000e+02;-8.0073029e-02;3.2750000e+02;-4.9870566e-02;3.2750000e+02;-1.4039781e-03;3.2750000e+02;6.0277663e-02;3.2750000e+02;1.3280796e-01;3.2750000e+02;1.8714647e-01;3.2750000e+02;2.4213435e-01;3.2750000e+02;2.6661107e-01;3.2750000e+02;2.5276572e-01;3.2750000e+02;2.2026581e-01;3.2750000e+02;1.4401658e-01;3.2750000e+02;7.9382986e-02;3.2750000e+02;2.6050929e-02;3.2750000e+02;-2.0531092e-02;3.2750000e+02;-6.3906476e-02;3.2750000e+02;-1.0705475e-01;3.2750000e+02;-1.4975546e-01;3.2750000e+02;-1.9177115e-01;3.2750000e+02;-8.0073029e-02;3.2750000e+02;-4.9870566e-02;3.2750000e+02;-1.4039781e-03;3.2750000e+02;6.0277663e-02;3.2750000e+02;1.3280796e-01;3.2750000e+02;1.8714647e-01;3.2750000e+02;2.4213435e-01;3.2750000e+02;2.6661107e-01;3.2750000e+02;2.5276572e-01;3.2750000e+02;2.2026581e-01;3.2750000e+02;1.4401658e-01;3.2750000e+02;7.9382986e-02;3.2750000e+02;2.6050929e-02;3.2750000e+02;-2.0531092e-02;3.2750000e+02;-6.3906476e-02;3.2750000e+02;-1.0705475e-01;3.2750000e+02;-1.4975546e-01;3.2750000e+02;-1.9177115e-01;3.2750000e+02;-8.0073029e-02;3.2750000e+02;-4.9870566e-02;3.2750000e+02;-1.4039781e-03;3.2750000e+02;6.0277663e-02;3.2750000e+02;1.3280796e-01;3.2750000e+02;1.8714647e-01;3.2750000e+02;2.4213435e-01;3.2750000e+02;2.6661107e-01;3.2750000e+02;2.5276572e-01;3.2750000e+02;2.2026581e-01;3.2750000e+02;1.4401658e-01;3.2750000e+02;7.9382986e-02;3.2750000e+02;2.6050929e-02;3.2750000e+02;-2.0531092e-02;3.2750000e+02;-6.3906476e-02;3.2750000e+02;-1.0705475e-01;3.2750000e+02;-1.4975546e-01;3.2750000e+02;-1.9177115e-01;3.2750000e+02;-8.0073029e-02;3.2750000e+02;-4.9870566e-02;3.2750000e+02;-1.4039781e-03;3.2750000e+02;6.0277663e-02;3.2750000e+02;1.3280796e-01;3.2750000e+02;1.8714647e-01;3.2750000e+02;2.4213435e-01;3.2750000e+02;2.6661107e-01;3.2750000e+02;2.5276572e-01;3.2750000e+02;2.2026581e-01;3.2750000e+02;1.4401658e-01;3.2750000e+02;7.9382986e-02;3.2750000e+02;2.6050929e-02;3.2750000e+02;-2.0531092e-02;3.2750000e+02;-6.3906476e-02;3.2750000e+02;-1.0705475e-01;3.2750000e+02;-1.4975546e-01;3.2750000e+02;-1.9177115e-01;3.2750000e+02;-8.0073029e-02;3.2750000e+02;-4.9870566e-02;3.2750000e+02;-1.4039781e-03;3.2750000e+02;6.0277663e-02;3.2750000e+02;1.3280796e-01;3.2750000e+02;1.8714647e-01;3.2750000e+02;2.4213435e-01;3.2750000e+02;2.6661107e-01;3.2750000e+02;2.5276572e-01;3.2750000e+02;2.2026581e-01;3.2750000e+02;1.4401658e-01;3.2750000e+02;7.9382986e-02;3.2750000e+02;2.6050929e-02;3.2750000e+02;-2.0531092e-02;3.2750000e+02;-6.3906476e-02;3.2750000e+02;-1.0705475e-01;3.2750000e+02;-1.4975546e-01;3.2750000e+02;-1.9177115e-01;3.2750000e+02;-8.0073029e-02;3.2750000e+02;-4.9870566e-02;3.2750000e+02;-1.4039781e-03;3.2750000e+02;6.0277663e-02;3.2750000e+02;1.3280796e-01;3.2750000e+02;1.8714647e-01;3.2750000e+02;2.4213435e-01;3.2750000e+02;2.6661107e-01;3.2750000e+02;2.5276572e-01;3.2750000e+02;2.2026581e-01;3.2750000e+02;1.4401658e-01;3.2750000e+02;7.9382986e-02;3.2750000e+02;2.6050929e-02;3.2750000e+02;-2.0531092e-02;3.2750000e+02;-6.3906476e-02;3.2750000e+02;-1.0705475e-01;3.2750000e+02;-1.4975546e-01;3.2750000e+02;-1.9177115e-01;3.2750000e+02;-8.0073029e-02;3.2750000e+02;-4.9870566e-02;3.2750000e+02;-1.4039781e-03;3.2750000e+02;6.0277663e-02;3.2750000e+02;1.3280796e-01;3.2750000e+02;1.8714647e-01;3.2750000e+02;2.4213435e-01;3.2750000e+02;2.6661107e-01;3.2750000e+02;2.5276572e-01;3.2750000e+02;2.2026581e-01;3.2750000e+02;1.4401658e-01;3.2750000e+02;7.9382986e-02;3.2750000e+02;2.6050929e-02;3.2750000e+02;-2.0531092e-02;3.2750000e+02;-6.3906476e-02;3.2750000e+02;-1.0705475e-01;3.2750000e+02;-1.4975546e-01;3.2750000e+02;-1.9177115e-01;3.2750000e+02;-8.0073029e-02;3.2750000e+02;-4.9870566e-02;3.2750000e+02;-1.4039781e-03;3.2750000e+02;6.0277663e-02;3.2750000e+02;1.3280796e-01;3.2750000e+02;1.8714647e-01;3.2750000e+02;2.4213435e-01;3.2750000e+02;2.6661107e-01;3.2750000e+02;2.5276572e-01;3.2750000e+02;2.2026581e-01;3.2750000e+02;1.4401658e-01;3.2750000e+02;7.9382986e-02;3.2750000e+02;2.6050929e-02;3.2750000e+02;-2.0531092e-02;3.2750000e+02;-6.3906476e-02;3.2750000e+02;-1.0705475e-01;3.2750000e+02;-1.4975546e-01;3.2750000e+02;-1.9177115e-01;3.2750000e+02;-8.0073029e-02;3.2750000e+02;-4.9870566e-02;3.2750000e+02;-1.4039781e-03;3.2750000e+02;6.0277663e-02;3.2750000e+02;1.3280796e-01;3.2750000e+02;1.8714647e-01;3.2750000e+02;2.4213435e-01;3.2750000e+02;2.6661107e-01;3.2750000e+02;2.5276572e-01;3.2750000e+02;2.2026581e-01;3.2750000e+02;1.4401658e-01;3.2750000e+02;7.9382986e-02;3.2750000e+02;2.6050929e-02;3.2750000e+02;-2.0531092e-02;3.2750000e+02;-6.3906476e-02;3.2750000e+02;-1.0705475e-01;3.2750000e+02;-1.4975546e-01;3.2750000e+02;-1.9177115e-01;3.2750000e+02;-8.0073029e-02;3.2750000e+02;-4.9870566e-02;3.2750000e+02;-1.4039781e-03;3.2750000e+02;6.0277663e-02;3.2750000e+02;1.3280796e-01;3.2750000e+02;1.8714647e-01;3.2750000e+02;2.4213435e-01;3.2750000e+02;2.6661107e-01;3.2750000e+02;2.5276572e-01;3.2750000e+02;2.2026581e-01;3.2750000e+02;1.4401658e-01;3.2750000e+02;7.9382986e-02;3.2750000e+02;2.6050929e-02;3.2750000e+02;-2.0531092e-02;3.2750000e+02;-6.3906476e-02;3.2750000e+02;-1.0705475e-01;3.2750000e+02;-1.4975546e-01;3.2750000e+02;-1.9177115e-01;3.2750000e+02;-8.0073029e-02;3.2750000e+02;-4.9870566e-02;3.2750000e+02;-1.4039781e-03;3.2750000e+02;6.0277663e-02;3.2750000e+02;1.3280796e-01;3.2750000e+02;1.8714647e-01;3.2750000e+02;2.4213435e-01;3.2750000e+02;2.6661107e-01;3.2750000e+02;2.5276572e-01;3.2750000e+02;2.2026581e-01;3.2750000e+02;1.4401658e-01;3.2750000e+02;7.9382986e-02;3.2750000e+02;2.6050929e-02;3.2750000e+02;-2.0531092e-02;3.2750000e+02;-6.3906476e-02;3.2750000e+02;-1.0705475e-01;3.2750000e+02;-1.4975546e-01;3.2750000e+02;-1.9177115e-01;3.2750000e+02;-8.0073029e-02;3.2750000e+02;-4.9870566e-02;3.2750000e+02;-1.4039781e-03;3.2750000e+02;6.0277663e-02;3.2750000e+02;1.3280796e-01;3.2750000e+02;1.8714647e-01;3.2750000e+02;2.4213435e-01;3.2750000e+02;2.6661107e-01;3.2750000e+02;2.5276572e-01;3.2750000e+02;2.2026581e-01;3.2750000e+02;1.4401658e-01;3.2750000e+02;7.9382986e-02;3.2750000e+02;2.6050929e-02;3.2750000e+02;-2.0531092e-02;3.2750000e+02;-6.3906476e-02;3.2750000e+02;-1.0705475e-01;3.2750000e+02;-1.4975546e-01;3.2750000e+02;-1.9177115e-01;3.2750000e+02;-8.0073029e-02;3.2750000e+02;-4.9870566e-02;3.2750000e+02;-1.4039781e-03;3.2750000e+02;6.0277663e-02;3.2750000e+02;1.3280796e-01;3.2750000e+02;1.8714647e-01;3.2750000e+02;2.4213435e-01;3.2750000e+02;2.6661107e-01;3.2750000e+02;2.5276572e-01;3.2750000e+02;2.2026581e-01;3.2750000e+02;1.4401658e-01;3.2750000e+02;7.9382986e-02;3.2750000e+02;2.6050929e-02;3.2750000e+02;-2.0531092e-02;3.2750000e+02;-6.3906476e-02;3.2750000e+02;-1.0705475e-01;3.2750000e+02;-1.4975546e-01;3.2750000e+02;-1.9177115e-01;3.2750000e+02;-8.0073029e-02;3.2750000e+02;-4.9870566e-02;3.2750000e+02;-1.4039781e-03;3.2750000e+02;6.0277663e-02;3.2750000e+02;1.3280796e-01;3.2750000e+02;1.8714647e-01;3.2750000e+02;2.4213435e-01;3.2750000e+02;2.6661107e-01;3.2750000e+02;2.5276572e-01;3.2750000e+02;2.2026581e-01;3.2750000e+02;1.4401658e-01;3.2750000e+02;7.9382986e-02;3.2750000e+02;2.6050929e-02;3.2750000e+02;-2.0531092e-02;3.2750000e+02;-6.3906476e-02;3.2750000e+02;-1.0705475e-01;3.2750000e+02;-1.4975546e-01;3.2750000e+02;-1.9177115e-01;3.2750000e+02;-8.0073029e-02;3.2750000e+02;-4.9870566e-02;3.2750000e+02;-1.4039781e-03;3.2750000e+02;6.0277663e-02;3.2750000e+02;1.3280796e-01;3.2750000e+02;1.8714647e-01;3.2750000e+02;2.4213435e-01;3.2750000e+02;2.6661107e-01;3.2750000e+02;2.5276572e-01;3.2750000e+02;2.2026581e-01;3.2750000e+02;1.4401658e-01;3.2750000e+02;7.9382986e-02;3.2750000e+02;2.6050929e-02;3.2750000e+02;-2.0531092e-02;3.2750000e+02;-6.3906476e-02;3.2750000e+02;-1.0705475e-01;3.2750000e+02;-1.4975546e-01;3.2750000e+02;-1.9177115e-01;3.2750000e+02;-8.0073029e-02;3.2750000e+02;-4.9870566e-02;3.2750000e+02;-1.4039781e-03;3.2750000e+02;6.0277663e-02;3.2750000e+02;1.3280796e-01;3.2750000e+02;1.8714647e-01;3.2750000e+02;2.4213435e-01;3.2750000e+02;2.6661107e-01;3.2750000e+02;2.5276572e-01;3.2750000e+02;2.2026581e-01;3.2750000e+02;1.4401658e-01;3.2750000e+02;7.9382986e-02;3.2750000e+02;2.6050929e-02;3.2750000e+02;-2.0531092e-02;3.2750000e+02;-6.3906476e-02;3.2750000e+02;-1.0705475e-01;3.2750000e+02;-1.4975546e-01;3.2750000e+02;-1.9177115e-01;3.2750000e+02;-8.0073029e-02;3.2750000e+02;-4.9870566e-02;3.2750000e+02;-1.4039781e-03;3.2750000e+02;6.0277663e-02;3.2750000e+02;1.3280796e-01;3.2750000e+02;1.8714647e-01;3.2750000e+02;2.4213435e-01;3.2750000e+02;2.6661107e-01;3.2750000e+02;2.5276572e-01;3.2750000e+02;2.2026581e-01;3.2750000e+02;1.4401658e-01;3.2750000e+02;7.9382986e-02;3.2750000e+02;2.6050929e-02;3.2750000e+02;-2.0531092e-02;3.2750000e+02;-6.3906476e-02;3.2750000e+02;-1.0705475e-01;3.2750000e+02;-1.4975546e-01;3.2750000e+02;-1.9177115e-01;3.2750000e+02;-8.0073029e-02;3.2750000e+02;-4.9870566e-02;3.2750000e+02;-1.4039781e-03;3.2750000e+02;6.0277663e-02;3.2750000e+02;1.3280796e-01;3.2750000e+02;1.8714647e-01;3.2750000e+02;2.4213435e-01;3.2750000e+02;2.6661107e-01;3.2750000e+02;2.5276572e-01;3.2750000e+02;2.2026581e-01;3.2750000e+02;1.4401658e-01;3.2750000e+02;7.9382986e-02;3.2750000e+02;2.6050929e-02;3.2750000e+02;-2.0531092e-02;3.2750000e+02;-6.3906476e-02;3.2750000e+02;-1.0705475e-01;3.2750000e+02;-1.4975546e-01;3.2750000e+02;-1.9177115e-01;3.2750000e+02;-8.0073029e-02;3.2750000e+02;-4.9870566e-02;3.2750000e+02;-1.4039781e-03;3.2750000e+02;6.0277663e-02;3.2750000e+02;1.3280796e-01;3.2750000e+02;1.8714647e-01;3.2750000e+02;2.4213435e-01;3.2750000e+02;2.6661107e-01;3.2750000e+02;2.5276572e-01;3.2750000e+02;2.2026581e-01;3.2750000e+02;1.4401658e-01;3.2750000e+02;7.9382986e-02;3.2750000e+02;2.6050929e-02;3.2750000e+02;-2.0531092e-02;3.2750000e+02;-6.3906476e-02;3.2750000e+02;-1.0705475e-01;3.2750000e+02;-1.4975546e-01;3.2750000e+02;-1.9177115e-01;3.2750000e+02;-8.0073029e-02;3.2750000e+02;-4.9870566e-02;3.2750000e+02;-1.4039781e-03;3.2750000e+02;6.0277663e-02;3.2750000e+02;1.3280796e-01;3.2750000e+02;1.8714647e-01;3.2750000e+02;2.4213435e-01;3.2750000e+02;2.6661107e-01;3.2750000e+02;2.5276572e-01;3.2750000e+02;2.2026581e-01;3.2750000e+02;1.4401658e-01;3.2750000e+02;7.9382986e-02;3.2750000e+02;2.6050929e-02;3.2750000e+02;-2.0531092e-02;3.2750000e+02;-6.3906476e-02;3.2750000e+02;-1.0705475e-01;3.2750000e+02;-1.4975546e-01;3.2750000e+02;-1.9177115e-01
3.3250000e+02;-8.4266156e-02;3.3250000e+02;-6.0931932e-02;3.3250000e+02;-1.8315576e-02;3.3250000e+02;3.9630421e-02;3.3250000e+02;1.0849494e-01;3.3250000e+02;1.6033317e-01;3.3250000e+02;2.2221372e-01;3.3250000e+02;2.4476701e-01;3.3250000e+02;2.3298711e-01;3.3250000e+02;2.1310559e-01;3.3250000e+02;1.4144462e-01;3.3250000e+02;7.6500118e-02;3.3250000e+02;2.1895632e-02;3.3250000e+02;-2.5173046e-02;3.3250000e+02;-6.8848185e-02;3.3250000e+02;-1.1226430e-01;3.3250000e+02;-1.5527368e-01;3.3250000e+02;-1.9775015e-01;3.3250000e+02;-8.4266156e-02;3.3250000e+02;-6.0931932e-02;3.3250000e+02;-1.8315576e-02;3.3250000e+02;3.9630421e-02;3.3250000e+02;1.0849494e-01;3.3250000e+02;1.6033317e-01;3.3250000e+02;2.2221372e-01;3.3250000e+02;2.4476701e-01;3.3250000e+02;2.3298711e-01;3.3250000e+02;2.1310559e-01;3.3250000e+02;1.4144462e-01;3.3250000e+02;7.6500118e-02;3.3250000e+02;2.1895632e-02;3.3250000e+02;-2.5173046e-02;3.3250000e+02;-6.8848185e-02;3.3250000e+02;-1.1226430e-01;3.3250000e+02;-1.5527368e-01;3.3250000e+02;-1.9775015e-01;3.3250000e+02;-8.4266156e-02;3.3250000e+02;-6.0931932e-02;3.3250000e+02;-1.8315576e-02;3.3250000e+02;3.9630421e-02;3.3250000e+02;1.0849494e-01;3.3250000e+02;1.6033317e-01;3.3250000e+02;2.2221372e-01;3.3250000e+02;2.4476701e-01;3.3250000e+02;2.3298711e-01;3.3250000e+02;2.1310559e-01;3.3250000e+02;1.4144462e-01;3.3250000e+02;7.6500118e-02;3.3250000e+02;2.1895632e-02;3.3250000e+02;-2.5173046e-02;3.3250000e+02;-6.8848185e-02;3.3250000e+02;-1.1226430e-01;3.3250000e+02;-1.5527368e-01;3.3250000e+02;-1.9775015e-01;3.3250000e+02;-8.4266156e-02;3.3250000e+02;-6.0931932e-02;3.3250000e+02;-1.8315576e-02;3.3250000e+02;3.9630421e-02;3.3250000e+02;1.0849494e-01;3.3250000e+02;1.6033317e-01;3.3250000e+02;2.2221372e-01;3.3250000e+02;2.4476701e-01;3.3250000e+02;2.3298711e-01;3.3250000e+02;2.1310559e-01;3.3250000e+02;1.4144462e-01;3.3250000e+02;7.6500118e-02;3.3250000e+02;2.1895632e-02;3.3250000e+02;-2.5173046e-02;3.3250000e+02;-6.8848185e-02;3.3250000e+02;-1.1226430e-01;3.3250000e+02;-1.5527368e-01;3.3250000e+02;-1.9775015e-01;3.3250000e+02;-8.4266156e-02;3.3250000e+02;-6.0931932e-02;3.3250000e+02;-1.8315576e-02;3.3250000e+02;3.9630421e-02;3.3250000e+02;1.0849494e-01;3.3250000e+02;1.6033317e-01;3.3250000e+02;2.2221372e-01;3.3250000e+02;2.4476701e-01;3.3250000e+02;2.3298711e-01;3.3250000e+02;2.1310559e-01;3.3250000e+02;1.4144462e-01;3.3250000e+02;7.6500118e-02;3.3250000e+02;2.1895632e-02;3.3250000e+02;-2.5173046e-02;3.3250000e+02;-6.8848185e-02;3.3250000e+02;-1.1226430e-01;3.3250000e+02;-1.5527368e-01;3.3250000e+02;-1.9775015e-01;3.3250000e+02;-8.4266156e-02;3.3250000e+02;-6.0931932e-02;3.3250000e+02;-1.8315576e-02;3.3250000e+02;3.9630421e-02;3.3250000e+02;1.0849494e-01;3.3250000e+02;1.6033317e-01;3.3250000e+02;2.2221372e-01;3.3250000e+02;2.4476701e-01;3.3250000e+02;2.3298711e-01;3.3250000e+02;2.1310559e-01;3.3250000e+02;1.4144462e-01;3.3250000e+02;7.6500118e-02;3.3250000e+02;2.1895632e-02;3.3250000e+02;-2.5173046e-02;3.3250000e+02;-6.8848185e-02;3.3250000e+02;-1.1226430e-01;3.3250000e+02;-1.5527368e-01;3.3250000e+02;-1.9775015e-01;3.3250000e+02;-8.4266156e-02;3.3250000e+02;-6.0931932e-02;3.3250000e+02;-1.8315576e-02;3.3250000e+02;3.9630421e-02;3.3250000e+02;1.0849494e-01;3.3250000e+02;1.6033317e-01;3.3250000e+02;2.2221372e-01;3.3250000e+02;2.4476701e-01;3.3250000e+02;2.3298711e-01;3.3250000e+02;2.1310559e-01;3.3250000e+02;1.4144462e-01;3.3250000e+02;7.6500118e-02;3.3250000e+02;2.1895632e-02;3.3250000e+02;-2.5173046e-02;3.3250000e+02;-6.8848185e-02;3.3250000e+02;-1.1226430e-01;3.3250000e+02;-1.5527368e-01;3.3250000e+02;-1.9775015e-01;3.3250000e+02;-8.4266156e-02;3.3250000e+02;-6.0931932e-02;3.3250000e+02;-1.8315576e-02;3.3250000e+02;3.9630421e-02;3.3250000e+02;1.0849494e-01;3.3250000e+02;1.6033317e-01;3.3250000e+02;2.2221372e-01;3.3250000e+02;2.4476701e-01;3.3250000e+02;2.3298711e-01;3.3250000e+02;2.1310559e-01;3.3250000e+02;1.4144462e-01;3.3250000e+02;7.6500118e-02;3.3250000e+02;2.1895632e-02;3.3250000e+02;-2.5173046e-02;3.3250000e+02;-6.8848185e-02;3.3250000e+02;-1.1226430e-01;3.3250000e+02;-1.5527368e-01;3.3250000e+02;-1.9775015e-01;3.3250000e+02;-8.4266156e-02;3.3250000e+02;-6.0931932e-02;3.3250000e+02;-1.8315576e-02;3.3250000e+02;3.9630421e-02;3.3250000e+02;1.0849494e-01;3.3250000e+02;1.6033317e-01;3.3250000e+02;2.2221372e-01;3.3250000e+02;2.4476701e-01;3.3250000e+02;2.3298711e-01;3.3250000e+02;2.1310559e-01;3.3250000e+02;1.4144462e-01;3.3250000e+02;7.6500118e-02;3.3250000e+02;2.1895632e-02;3.3250000e+02;-2.5173046e-02;3.3250000e+02;-6.8848185e-02;3.3250000e+02;-1.1226430e-01;3.3250000e+02;-1.5527368e-01;3.3250000e+02;-1.9775015e-01;3.3250000e+02;-8.4266156e-02;3.3250000e+02;-6.0931932e-02;3.3250000e+02;-1.8315576e-02;3.3250000e+02;3.9630421e-02;3.3250000e+02;1.0849494e-01;3.3250000e+02;1.6033317e-01;3.3250000e+02;2.2221372e-01;3.3250000e+02;2.4476701e-01;3.3250000e+02;2.3298711e-01;3.3250000e+02;2.1310559e-01;3.3250000e+02;1.4144462e-01;3.3250000e+02;7.6500118e-02;3.3250000e+02;2.1895632e-02;3.3250000e+02;-2.5173046e-02;3.3250000e+02;-6.8848185e-02;3.3250000e+02;-1.1226430e-01;3.3250000e+02;-1.5527368e-01;3.3250000e+02;-1.9775015e-01;3.3250000e+02;-8.4266156e-02;3.3250000e+02;-6.0931932e-02;3.3250000e+02;-1.8315576e-02;3.3250000e+02;3.9630421e-02;3.3250000e+02;1.0849494e-01;3.3250000e+02;1.6033317e-01;3.3250000e+02;2.2221372e-01;3.3250000e+02;2.4476701e-01;3.3250000e+02;2.3298711e-01;3.3250000e+02;2.1310559e-01;3.3250000e+02;1.4144462e-01;3.3250000e+02;7.6500118e-02;3.3250000e+02;2.1895632e-02;3.3250000e+02;-2.5173046e-02;3.3250000e+02;-6.8848185e-02;3.3250000e+02;-1.1226430e-01;3.3250000e+02;-1.5527368e-01;3.3250000e+02;-1.9775015e-01;3.3250000e+02;-8.4266156e-02;3.3250000e+02;-6.0931932e-02;3.3250000e+02;-1.8315576e-02;3.3250000e+02;3.9630421e-02;3.3250000e+02;1.0849494e-01;3.3250000e+02;1.6033317e-01;3.3250000e+02;2.2221372e-01;3.3250000e+02;2.4476701e-01;3.3250000e+02;2.3298711e-01;3.3250000e+02;2.1310559e-01;3.3250000e+02;1.4144462e-01;3.3250000e+02;7.6500118e-02;3.3250000e+02;2.1895632e-02;3.3250000e+02;-2.5173046e-02;3.3250000e+02;-6.8848185e-02;3.3250000e+02;-1.1226430e-01;3.3250000e+02;-1.5527368e-01;3.3250000e+02;-1.9775015e-01;3.3250000e+02;-8.4266156e-02;3.3250000e+02;-6.0931932e-02;3.3250000e+02;-1.8315576e-02;3.3250000e+02;3.9630421e-02;3.3250000e+02;1.0849494e-01;3.3250000e+02;1.6033317e-01;3.3250000e+02;2.2221372e-01;3.3250000e+02;2.4476701e-01;3.3250000e+02;2.3298711e-01;3.3250000e+02;2.1310559e-01;3.3250000e+02;1.4144462e-01;3.3250000e+02;7.6500118e-02;3.3250000e+02;2.1895632e-02;3.3250000e+02;-2.5173046e-02;3.3250000e+02;-6.8848185e-02;3.3250000e+02;-1.1226430e-01;3.3250000e+02;-1.5527368e-01;3.3250000e+02;-1.9775015e-01;3.3250000e+02;-8.4266156e-02;3.3250000e+02;-6.0931932e-02;3.3250000e+02;-1.8315576e-02;3.3250000e+02;3.9630421e-02;3.3250000e+02;1.0849494e-01;3.3250000e+02;1.6033317e-01;3.3250000e+02;2.2221372e-01;3.3250000e+02;2.4476701e-01;3.3250000e+02;2.3298711e-01;3.3250000e+02;2.1310559e-01;3.3250000e+02;1.4144462e-01;3.3250000e+02;7.6500118e-02;3.3250000e+02;2.1895632e-02;3.3250000e+02;-2.5173046e-02;3.3250000e+02;-6.8848185e-02;3.3250000e+02;-1.1226430e-01;3.3250000e+02;-1.5527368e-01;3.3250000e+02;-1.9775015e-01;3.3250000e+02;-8.4266156e-02;3.3250000e+02;-6.0931932e-02;3.3250000e+02;-1.8315576e-02;3.3250000e+02;3.9630421e-02;3.3250000e+02;1.0849494e-01;3.3250000e+02;1.6033317e-01;3.3250000e+02;2.2221372e-01;3.3250000e+02;2.4476701e-01;3.3250000e+02;2.3298711e-01;3.3250000e+02;2.1310559e-01;3.3250000e+02;1.4144462e-01;3.3250000e+02;7.6500118e-02;3.3250000e+02;2.1895632e-02;3.3250000e+02;-2.5173046e-02;3.3250000e+02;-6.8848185e-02;3.3250000e+02;-1.1226430e-01;3.3250000e+02;-1.5527368e-01;3.3250000e+02;-1.9775015e-01;3.3250000e+02;-8.4266156e-02;3.3250000e+02;-6.0931932e-02;3.3250000e+02;-1.8315576e-02;3.3250000e+02;3.9630421e-02;3.3250000e+02;1.0849494e-01;3.3250000e+02;1.6033317e-01;3.3250000e+02;2.2221372e-01;3.3250000e+02;2.4476701e-01;3.3250000e+02;2.3298711e-01;3.3250000e+02;2.1310559e-01;3.3250000e+02;1.4144462e-01;3.3250000e+02;7.6500118e-02;3.3250000e+02;2.1895632e-02;3.3250000e+02;-2.5173046e-02;3.3250000e+02;-6.8848185e-02;3.3250000e+02;-1.1226430e-01;3.3250000e+02;-1.5527368e-01;3.3250000e+02;-1.9775015e-01;3.3250000e+02;-8.4266156e-02;3.3250000e+02;-6.0931932e-02;3.3250000e+02;-1.8315576e-02;3.3250000e+02;3.9630421e-02;3.3250000e+02;1.0849494e-01;3.3250000e+02;1.6033317e-01;3.3250000e+02;2.2221372e-01;3.3250000e+02;2.4476701e-01;3.3250000e+02;2.3298711e-01;3.3250000e+02;2.1310559e-01;3.3250000e+02;1.4144462e-01;3.3250000e+02;7.6500118e-02;3.3250000e+02;2.1895632e-02;3.3250000e+02;-2.5173046e-02;3.3250000e+02;-6.8848185e-02;3.3250000e+02;-1.1226430e-01;3.3250000e+02;-1.5527368e-01;3.3250000e+02;-1.9775015e-01;3.3250000e+02;-8.4266156e-02;3.3250000e+02;-6.0931932e-02;3.3250000e+02;-1.8315576e-02;3.3250000e+02;3.9630421e-02;3.3250000e+02;1.0849494e-01;3.3250000e+02;1.6033317e-01;3.3250000e+02;2.2221372e-01;3.3250000e+02;2.4476701e-01;3.3250000e+02;2.3298711e-01;3.3250000e+02;2.1310559e-01;3.3250000e+02;1.4144462e-01;3.3250000e+02;7.6500118e-02;3.3250000e+02;2.1895632e-02;3.3250000e+02;-2.5173046e-02;3.3250000e+02;-6.8848185e-02;3.3250000e+02;-1.1226430e-01;3.3250000e+02;-1.5527368e-01;3.3250000e+02;-1.9775015e-01;3.3250000e+02;-8.4266156e-02;3.3250000e+02;-6.0931932e-02;3.3250000e+02;-1.8315576e-02;3.3250000e+02;3.9630421e-02;3.3250000e+02;1.0849494e-01;3.3250000e+02;1.6033317e-01;3.3250000e+02;2.2221372e-01;3.3250000e+02;2.4476701e-01;3.3250000e+02;2.3298711e-01;3.3250000e+02;2.1310559e-01;3.3250000e+02;1.4144462e-01;3.3250000e+02;7.6500118e-02;3.3250000e+02;2.1895632e-02;3.3250000e+02;-2.5173046e-02;3.3250000e+02;-6.8848185e-02;3.3250000e+02;-1.1226430e-01;3.3250000e+02;-1.5527368e-01;3.3250000e+02;-1.9775015e-01;3.3250000e+02;-8.4266156e-02;3.3250000e+02;-6.0931932e-02;3.3250000e+02;-1.8315576e-02;3.3250000e+02;3.9630421e-02;3.3250000e+02;1.0849494e-01;3.3250000e+02;1.6033317e-01;3.3250000e+02;2.2221372e-01;3.3250000e+02;2.4476701e-01;3.3250000e+02;2.3298711e-01;3.3250000e+02;2.1310559e-01;3.3250000e+02;1.4144462e-01;3.3250000e+02;7.6500118e-02;3.3250000e+02;2.1895632e-02;3.3250000e+02;-2.5173046e-02;3.3250000e+02;-6.8848185e-02;3.3250000e+02;-1.1226430e-01;3.3250000e+02;-1.5527368e-01;3.3250000e+02;-1.9775015e-01;3.3250000e+02;-8.4266156e-02;3.3250000e+02;-6.0931932e-02;3.3250000e+02;-1.8315576e-02;3.3250000e+02;3.9630421e-02;3.3250000e+02;1.0849494e-01;3.3250000e+02;1.6033317e-01;3.3250000e+02;2.2221372e-01;3.3250000e+02;2.4476701e-01;3.3250000e+02;2.3298711e-01;3.3250000e+02;2.1310559e-01;3.3250000e+02;1.4144462e-01;3.3250000e+02;7.6500118e-02;3.3250000e+02;2.1895632e-02;3.3250000e+02;-2.5173046e-02;3.3250000e+02;-6.8848185e-02;3.3250000e+02;-1.1226430e-01;3.3250000e+02;-1.5527368e-01;3.3250000e+02;-1.9775015e-01;3.3250000e+02;-8.4266156e-02;3.3250000e+02;-6.0931932e-02;3.3250000e+02;-1.8315576e-02;3.3250000e+02;3.9630421e-02;3.3250000e+02;1.0849494e-01;3.3250000e+02;1.6033317e-01;3.3250000e+02;2.2221372e-01;3.3250000e+02;2.4476701e-01;3.3250000e+02;2.3298711e-01;3.3250000e+02;2.1310559e-01;3.3250000e+02;1.4144462e-01;3.3250000e+02;7.6500118e-02;3.3250000e+02;2.1895632e-02;3.3250000e+02;-2.5173046e-02;3.3250000e+02;-6.8848185e-02;3.3250000e+02;-1.1226430e-01;3.3250000e+02;-1.5527368e-01;3.3250000e+02;-1.9775015e-01;3.3250000e+02;-8.4266156e-02;3.3250000e+02;-6.0931932e-02;3.3250000e+02;-1.8315576e-02;3.3250000e+02;3.9630421e-02;3.3250000e+02;1.0849494e-01;3.3250000e+02;1.6033317e-01;3.3250000e+02;2.2221372e-01;3.3250000e+02;2.4476701e-01;3.3250000e+02;2.3298711e-01;3.3250000e+02;2.1310559e-01;3.3250000e+02;1.4144462e-01;3.3250000e+02;7.6500118e-02;3.3250000e+02;2.1895632e-02;3.3250000e+02;-2.5173046e-02;3.3250000e+02;-6.8848185e-02;3.3250000e+02;-1.1226430e-01;3.3250000e+02;-1.5527368e-01;3.3250000e+02;-1.9775015e-01;3.3250000e+02;-8.4266156e-02;3.3250000e+02;-6.0931932e-02;3.3250000e+02;-1.8315576e-02;3.3250000e+02;3.9630421e-02;3.3250000e+02;1.0849494e-01;3.3250000e+02;1.6033317e-01;3.3250000e+02;2.2221372e-01;3.3250000e+02;2.4476701e-01;3.3250000e+02;2.3298711e-01;3.3250000e+02;2.1310559e-01;3.3250000e+02;1.4144462e-01;3.3250000e+02;7.6500118e-02;3.3250000e+02;2.1895632e-02;3.3250000e+02;-2.5173046e-02;3.3250000e+02;-6.8848185e-02;3.3250000e+02;-1.1226430e-01;3.3250000e+02;-1.5527368e-01;3.3250000e+02;-1.9775015e-01;3.3250000e+02;-8.4266156e-02;3.3250000e+02;-6.0931932e-02;3.3250000e+02;-1.8315576e-02;3.3250000e+02;3.9630421e-02;3.3250000e+02;1.0849494e-01;3.3250000e+02;1.6033317e-01;3.3250000e+02;2.2221372e-01;3.3250000e+02;2.4476701e-01;3.3250000e+02;2.3298711e-01;3.3250000e+02;2.1310559e-01;3.3250000e+02;1.4144462e-01;3.3250000e+02;7.6500118e-02;3.3250000e+02;2.1895632e-02;3.3250000e+02;-2.5173046e-02;3.3250000e+02;-6.8848185e-02;3.3250000e+02;-1.1226430e-01;3.3250000e+02;-1.5527368e-01;3.3250000e+02;-1.9775015e-01;3.3250000e+02;-8.4266156e-02;3.3250000e+02;-6.0931932e-02;3.3250000e+02;-1.8315576e-02;3.3250000e+02;3.9630421e-02;3.3250000e+02;1.0849494e-01;3.3250000e+02;1.6033317e-01;3.3250000e+02;2.2221372e-01;3.3250000e+02;2.4476701e-01;3.3250000e+02;2.3298711e-01;3.3250000e+02;2.1310559e-01;3.3250000e+02;1.4144462e-01;3.3250000e+02;7.6500118e-02;3.3250000e+02;2.1895632e-02;3.3250000e+02;-2.5173046e-02;3.3250000e+02;-6.8848185e-02;3.3250000e+02;-1.1226430e-01;3.3250000e+02;-1.5527368e-01;3.3250000e+02;-1.9775015e-01;3.3250000e+02;-8.4266156e-02;3.3250000e+02;-6.0931932e-02;3.3250000e+02;-1.8315576e-02;3.3250000e+02;3.9630421e-02;3.3250000e+02;1.0849494e-01;3.3250000e+02;1.6033317e-01;3.3250000e+02;2.2221372e-01;3.3250000e+02;2.4476701e-01;3.3250000e+02;2.3298711e-01;3.3250000e+02;2.1310559e-01;3.3250000e+02;1.4144462e-01;3.3250000e+02;7.6500118e-02;3.3250000e+02;2.1895632e-02;3.3250000e+02;-2.5173046e-02;3.3250000e+02;-6.8848185e-02;3.3250000e+02;-1.1226430e-01;3.3250000e+02;-1.5527368e-01;3.3250000e+02;-1.9775015e-01;3.3250000e+02;-8.4266156e-02;3.3250000e+02;-6.0931932e-02;3.3250000e+02;-1.8315576e-02;3.3250000e+02;3.9630421e-02;3.3250000e+02;1.0849494e-01;3.3250000e+02;1.6033317e-01;3.3250000e+02;2.2221372e-01;3.3250000e+02;2.4476701e-01;3.3250000e+02;2.3298711e-01;3.3250000e+02;2.1310559e-01;3.3250000e+02;1.4144462e-01;3.3250000e+02;7.6500118e-02;3.3250000e+02;2.1895632e-02;3.3250000e+02;-2.5173046e-02;3.3250000e+02;-6.8848185e-02;3.3250000e+02;-1.1226430e-01;3.3250000e+02;-1.5527368e-01;3.3250000e+02;-1.9775015e-01;3.3250000e+02;-8.4266156e-02;3.3250000e+02;-6.0931932e-02;3.3250000e+02;-1.8315576e-02;3.3250000e+02;3.9630421e-02;3.3250000e+02;1.0849494e-01;3.3250000e+02;1.6033317e-01;3.3250000e+02;2.2221372e-01;3.3250000e+02;2.4476701e-01;3.3250000e+02;2.3298711e-01;3.3250000e+02;2.1310559e-01;3.3250000e+02;1.4144462e-01;3.3250000e+02;7.6500118e-02;3.3250000e+02;2.1895632e-02;3.3250000e+02;-2.5173046e-02;3.3250000e+02;-6.8848185e-02;3.3250000e+02;-1.1226430e-01;3.3250000e+02;-1.5527368e-01;3.3250000e+02;-1.9775015e-01;3.3250000e+02;-8.4266156e-02;3.3250000e+02;-6.0931932e-02;3.3250000e+02;-1.8315576e-02;3.3250000e+02;3.9630421e-02;3.3250000e+02;1.0849494e-01;3.3250000e+02;1.6033317e-01;3.3250000e+02;2.2221372e-01;3.3250000e+02;2.4476701e-01;3.3250000e+02;2.3298711e-01;3.3250000e+02;2.1310559e-01;3.3250000e+02;1.4144462e-01;3.3250000e+02;7.6500118e-02;3.3250000e+02;2.1895632e-02;3.3250000e+02;-2.5173046e-02;3.3250000e+02;-6.8848185e-02;3.3250000e+02;-1.1226430e-01;3.3250000e+02;-1.5527368e-01;3.3250000e+02;-1.9775015e-01;3.3250000e+02;-8.4266156e-02;3.3250000e+02;-6.0931932e-02;3.3250000e+02;-1.8315576e-02;3.3250000e+02;3.9630421e-02;3.3250000e+02;1.0849494e-01;3.3250000e+02;1.6033317e-01;3.3250000e+02;2.2221372e-01;3.3250000e+02;2.4476701e-01;3.3250000e+02;2.3298711e-01;3.3250000e+02;2.1310559e-01;3.3250000e+02;1.4144462e-01;3.3250000e+02;7.6500118e-02;3.3250000e+02;2.1895632e-02;3.3250000e+02;-2.5173046e-02;3.3250000e+02;-6.8848185e-02;3.3250000e+02;-1.1226430e-01;3.3250000e+02;-1.5527368e-01;3.3250000e+02;-1.9775015e-01;3.3250000e+02;-8.4266156e-02;3.3250000e+02;-6.0931932e-02;3.3250000e+02;-1.8315576e-02;3.3250000e+02;3.9630421e-02;3.3250000e+02;1.0849494e-01;3.3250000e+02;1.6033317e-01;3.3250000e+02;2.2221372e-01;3.3250000e+02;2.4476701e-01;3.3250000e+02;2.3298711e-01;3.3250000e+02;2.1310559e-01;3.3250000e+02;1.4144462e-01;3.3250000e+02;7.6500118e-02;3.3250000e+02;2.1895632e-02;3.3250000e+02;-2.5173046e-02;3.3250000e+02;-6.8848185e-02;3.3250000e+02;-1.1226430e-01;3.3250000e+02;-1.5527368e-01;3.3250000e+02;-1.9775015e-01;3.3250000e+02;-8.4266156e-02;3.3250000e+02;-6.0931932e-02;3.3250000e+02;-1.8315576e-02;3.3250000e+02;3.9630421e-02;3.3250000e+02;1.0849494e-01;3.3250000e+02;1.6033317e-01;3.3250000e+02;2.2221372e-01;3.3250000e+02;2.4476701e-01;3.3250000e+02;2.3298711e-01;3.3250000e+02;2.1310559e-01;3.3250000e+02;1.4144462e-01;3.3250000e+02;7.6500118e-02;3.3250000e+02;2.1895632e-02;3.3250000e+02;-2.5173046e-02;3.3250000e+02;-6.8848185e-02;3.3250000e+02;-1.1226430e-01;3.3250000e+02;-1.5527368e-01;3.3250000e+02;-1.9775015e-01;3.3250000e+02;-8.4266156e-02;3.3250000e+02;-6.0931932e-02;3.3250000e+02;-1.8315576e-02;3.3250000e+02;3.9630421e-02;3.3250000e+02;1.0849494e-01;3.3250000e+02;1.6033317e-01;3.3250000e+02;2.2221372e-01;3.3250000e+02;2.4476701e-01;3.3250000e+02;2.3298711e-01;3.3250000e+02;2.1310559e-01;3.3250000e+02;1.4144462e-01;3.3250000e+02;7.6500118e-02;3.3250000e+02;2.1895632e-02;3.3250000e+02;-2.5173046e-02;3.3250000e+02;-6.8848185e-02;3.3250000e+02;-1.1226430e-01;3.3250000e+02;-1.5527368e-01;3.3250000e+02;-1.9775015e-01;3.3250000e+02;-8.4266156e-02;3.3250000e+02;-6.0931932e-02;3.3250000e+02;-1.8315576e-02;3.3250000e+02;3.9630421e-02;3.3250000e+02;1.0849494e-01;3.3250000e+02;1.6033317e-01;3.3250000e+02;2.2221372e-01;3.3250000e+02;2.4476701e-01;3.3250000e+02;2.3298711e-01;3.3250000e+02;2.1310559e-01;3.3250000e+02;1.4144462e-01;3.3250000e+02;7.6500118e-02;3.3250000e+02;2.1895632e-02;3.3250000e+02;-2.5173046e-02;3.3250000e+02;-6.8848185e-02;3.3250000e+02;-1.1226430e-01;3.3250000e+02;-1.5527368e-01;3.3250000e+02;-1.9775015e-01;3.3250000e+02;-8.4266156e-02;3.3250000e+02;-6.0931932e-02;3.3250000e+02;-1.8315576e-02;3.3250000e+02;3.9630421e-02;3.3250000e+02;1.0849494e-01;3.3250000e+02;1.6033317e-01;3.3250000e+02;2.2221372e-01;3.3250000e+02;2.4476701e-01;3.3250000e+02;2.3298711e-01;3.3250000e+02;2.1310559e-01;3.3250000e+02;1.4144462e-01;3.3250000e+02;7.6500118e-02;3.3250000e+02;2.1895632e-02;3.3250000e+02;-2.5173046e-02;3.3250000e+02;-6.8848185e-02;3.3250000e+02;-1.1226430e-01;3.3250000e+02;-1.5527368e-01;3.3250000e+02;-1.9775015e-01;3.3250000e+02;-8.4266156e-02;3.3250000e+02;-6.0931932e-02;3.3250000e+02;-1.8315576e-02;3.3250000e+02;3.9630421e-02;3.3250000e+02;1.0849494e-01;3.3250000e+02;1.6033317e-01;3.3250000e+02;2.2221372e-01;3.3250000e+02;2.4476701e-01;3.3250000e+02;2.3298711e-01;3.3250000e+02;2.1310559e-01;3.3250000e+02;1.4144462e-01;3.3250000e+02;7.6500118e-02;3.3250000e+02;2.1895632e-02;3.3250000e+02;-2.5173046e-02;3.3250000e+02;-6.8848185e-02;3.3250000e+02;-1.1226430e-01;3.3250000e+02;-1.5527368e-01;3.3250000e+02;-1.9775015e-01;3.3250000e+02;-8.4266156e-02;3.3250000e+02;-6.0931932e-02;3.3250000e+02;-1.8315576e-02;3.3250000e+02;3.9630421e-02;3.3250000e+02;1.0849494e-01;3.3250000e+02;1.6033317e-01;3.3250000e+02;2.2221372e-01;3.3250000e+02;2.4476701e-01;3.3250000e+02;2.3298711e-01;3.3250000e+02;2.1310559e-01;3.3250000e+02;1.4144462e-01;3.3250000e+02;7.6500118e-02;3.3250000e+02;2.1895632e-02;3.3250000e+02;-2.5173046e-02;3.3250000e+02;-6.8848185e-02;3.3250000e+02;-1.1226430e-01;3.3250000e+02;-1.5527368e-01;3.3250000e+02;-1.9775015e-01;3.3250000e+02;-8.4266156e-02;3.3250000e+02;-6.0931932e-02;3.3250000e+02;-1.8315576e-02;3.3250000e+02;3.9630421e-02;3.3250000e+02;1.0849494e-01;3.3250000e+02;1.6033317e-01;3.3250000e+02;2.2221372e-01;3.3250000e+02;2.4476701e-01;3.3250000e+02;2.3298711e-01;3.3250000e+02;2.1310559e-01;3.3250000e+02;1.4144462e-01;3.3250000e+02;7.6500118e-02;3.3250000e+02;2.1895632e-02;3.3250000e+02;-2.5173046e-02;3.3250000e+02;-6.8848185e-02;3.3250000e+02;-1.1226430e-01;3.3250000e+02;-1.5527368e-01;3.3250000e+02;-1.9775015e-01;3.3250000e+02;-8.4266156e-02;3.3250000e+02;-6.0931932e-02;3.3250000e+02;-1.8315576e-02;3.3250000e+02;3.9630421e-02;3.3250000e+02;1.0849494e-01;3.3250000e+02;1.6033317e-01;3.3250000e+02;2.2221372e-01;3.3250000e+02;2.4476701e-01;3.3250000e+02;2.3298711e-01;3.3250000e+02;2.1310559e-01;3.3250000e+02;1.4144462e-01;3.3250000e+02;7.6500118e-02;3.3250000e+02;2.1895632e-02;3.3250000e+02;-2.5173046e-02;3.3250000e+02;-6.8848185e-02;3.3250000e+02;-1.1226430e-01;3.3250000e+02;-1.5527368e-01;3.3250000e+02;-1.9775015e-01;3.3250000e+02;-8.4266156e-02;3.3250000e+02;-6.0931932e-02;3.3250000e+02;-1.8315576e-02;3.3250000e+02;3.9630421e-02;3.3250000e+02;1.0849494e-01;3.3250000e+02;1.6033317e-01;3.3250000e+02;2.2221372e-01;3.3250000e+02;2.4476701e-01;3.3250000e+02;2.3298711e-01;3.3250000e+02;2.1310559e-01;3.3250000e+02;1.4144462e-01;3.3250000e+02;7.6500118e-02;3.3250000e+02;2.1895632e-02;3.3250000e+02;-2.5173046e-02;3.3250000e+02;-6.8848185e-02;3.3250000e+02;-1.1226430e-01;3.3250000e+02;-1.5527368e-01;3.3250000e+02;-1.9775015e-01;3.3250000e+02;-8.4266156e-02;3.3250000e+02;-6.0931932e-02;3.3250000e+02;-1.8315576e-02;3.3250000e+02;3.9630421e-02;3.3250000e+02;1.0849494e-01;3.3250000e+02;1.6033317e-01;3.3250000e+02;2.2221372e-01;3.3250000e+02;2.4476701e-01;3.3250000e+02;2.3298711e-01;3.3250000e+02;2.1310559e-01;3.3250000e+02;1.4144462e-01;3.3250000e+02;7.6500118e-02;3.3250000e+02;2.1895632e-02;3.3250000e+02;-2.5173046e-02;3.3250000e+02;-6.8848185e-02;3.3250000e+02;-1.1226430e-01;3.3250000e+02;-1.5527368e-01;3.3250000e+02;-1.9775015e-01;3.3250000e+02;-8.4266156e-02;3.3250000e+02;-6.0931932e-02;3.3250000e+02;-1.8315576e-02;3.3250000e+02;3.9630421e-02;3.3250000e+02;1.0849494e-01;3.3250000e+02;1.6033317e-01;3.3250000e+02;2.2221372e-01;3.3250000e+02;2.4476701e-01;3.3250000e+02;2.3298711e-01;3.3250000e+02;2.1310559e-01;3.3250000e+02;1.4144462e-01;3.3250000e+02;7.6500118e-02;3.3250000e+02;2.1895632e-02;3.3250000e+02;-2.5173046e-02;3.3250000e+02;-6.8848185e-02;3.3250000e+02;-1.1226430e-01;3.3250000e+02;-1.5527368e-01;3.3250000e+02;-1.9775015e-01;3.3250000e+02;-8.4266156e-02;3.3250000e+02;-6.0931932e-02;3.3250000e+02;-1.8315576e-02;3.3250000e+02;3.9630421e-02;3.3250000e+02;1.0849494e-01;3.3250000e+02;1.6033317e-01;3.3250000e+02;2.2221372e-01;3.3250000e+02;2.4476701e-01;3.3250000e+02;2.3298711e-01;3.3250000e+02;2.1310559e-01;3.3250000e+02;1.4144462e-01;3.3250000e+02;7.6500118e-02;3.3250000e+02;2.1895632e-02;3.3250000e+02;-2.5173046e-02;3.3250000e+02;-6.8848185e-02;3.3250000e+02;-1.1226430e-01;3.3250000e+02;-1.5527368e-01;3.3250000e+02;-1.9775015e-01;3.3250000e+02;-8.4266156e-02;3.3250000e+02;-6.0931932e-02;3.3250000e+02;-1.8315576e-02;3.3250000e+02;3.9630421e-02;3.3250000e+02;1.0849494e-01;3.3250000e+02;1.6033317e-01;3.3250000e+02;2.2221372e-01;3.3250000e+02;2.4476701e-01;3.3250000e+02;2.3298711e-01;3.3250000e+02;2.1310559e-01;3.3250000e+02;1.4144462e-01;3.3250000e+02;7.6500118e-02;3.3250000e+02;2.1895632e-02;3.3250000e+02;-2.5173046e-02;3.3250000e+02;-6.8848185e-02;3.3250000e+02;-1.1226430e-01;3.3250000e+02;-1.5527368e-01;3.3250000e+02;-1.9775015e-01;3.3250000e+02;-8.4266156e-02;3.3250000e+02;-6.0931932e-02;3.3250000e+02;-1.8315576e-02;3.3250000e+02;3.9630421e-02;3.3250000e+02;1.0849494e-01;3.3250000e+02;1.6033317e-01;3.3250000e+02;2.2221372e-01;3.3250000e+02;2.4476701e-01;3.3250000e+02;2.3298711e-01;3.3250000e+02;2.1310559e-01;3.3250000e+02;1.4144462e-01;3.3250000e+02;7.6500118e-02;3.3250000e+02;2.1895632e-02;3.3250000e+02;-2.5173046e-02;3.3250000e+02;-6.8848185e-02;3.3250000e+02;-1.1226430e-01;3.3250000e+02;-1.5527368e-01;3.3250000e+02;-1.9775015e-01;3.3250000e+02;-8.4266156e-02;3.3250000e+02;-6.0931932e-02;3.3250000e+02;-1.8315576e-02;3.3250000e+02;3.9630421e-02;3.3250000e+02;1.0849494e-01;3.3250000e+02;1.6033317e-01;3.3250000e+02;2.2221372e-01;3.3250000e+02;2.4476701e-01;3.3250000e+02;2.3298711e-01;3.3250000e+02;2.1310559e-01;3.3250000e+02;1.4144462e-01;3.3250000e+02;7.6500118e-02;3.3250000e+02;2.1895632e-02;3.3250000e+02;-2.5173046e-02;3.3250000e+02;-6.8848185e-02;3.3250000e+02;-1.1226430e-01;3.3250000e+02;-1.5527368e-01;3.3250000e+02;-1.9775015e-01;3.3250000e+02;-8.4266156e-02;3.3250000e+02;-6.0931932e-02;3.3250000e+02;-1.8315576e-02;3.3250000e+02;3.9630421e-02;3.3250000e+02;1.0849494e-01;3.3250000e+02;1.6033317e-01;3.3250000e+02;2.2221372e-01;3.3250000e+02;2.4476701e-01;3.3250000e+02;2.3298711e-01;3.3250000e+02;2.1310559e-01;3.3250000e+02;1.4144462e-01;3.3250000e+02;7.6500118e-02;3.3250000e+02;2.1895632e-02;3.3250000e+02;-2.5173046e-02;3.3250000e+02;-6.8848185e-02;3.3250000e+02;-1.1226430e-01;3.3250000e+02;-1.5527368e-01;3.3250000e+02;-1.9775015e-01;3.3250000e+02;-8.4266156e-02;3.3250000e+02;-6.0931932e-02;3.3250000e+02;-1.8315576e-02;3.3250000e+02;3.9630421e-02;3.3250000e+02;1.0849494e-01;3.3250000e+02;1.6033317e-01;3.3250000e+02;2.2221372e-01;3.3250000e+02;2.4476701e-01;3.3250000e+02;2.3298711e-01;3.3250000e+02;2.1310559e-01;3.3250000e+02;1.4144462e-01;3.3250000e+02;7.6500118e-02;3.3250000e+02;2.1895632e-02;3.3250000e+02;-2.5173046e-02;3.3250000e+02;-6.8848185e-02;3.3250000e+02;-1.1226430e-01;3.3250000e+02;-1.5527368e-01;3.3250000e+02;-1.9775015e-01;3.3250000e+02;-8.4266156e-02;3.3250000e+02;-6.0931932e-02;3.3250000e+02;-1.8315576e-02;3.3250000e+02;3.9630421e-02;3.3250000e+02;1.0849494e-01;3.3250000e+02;1.6033317e-01;3.3250000e+02;2.2221372e-01;3.3250000e+02;2.4476701e-01;3.3250000e+02;2.3298711e-01;3.3250000e+02;2.1310559e-01;3.3250000e+02;1.4144462e-01;3.3250000e+02;7.6500118e-02;3.3250000e+02;2.1895632e-02;3.3250000e+02;-2.5173046e-02;3.3250000e+02;-6.8848185e-02;3.3250000e+02;-1.1226430e-01;3.3250000e+02;-1.5527368e-01;3.3250000e+02;-1.9775015e-01;3.3250000e+02;-8.4266156e-02;3.3250000e+02;-6.0931932e-02;3.3250000e+02;-1.8315576e-02;3.3250000e+02;3.9630421e-02;3.3250000e+02;1.0849494e-01;3.3250000e+02;1.6033317e-01;3.3250000e+02;2.2221372e-01;3.3250000e+02;2.4476701e-01;3.3250000e+02;2.3298711e-01;3.3250000e+02;2.1310559e-01;3.3250000e+02;1.4144462e-01;3.3250000e+02;7.6500118e-02;3.3250000e+02;2.1895632e-02;3.3250000e+02;-2.5173046e-02;3.3250000e+02;-6.8848185e-02;3.3250000e+02;-1.1226430e-01;3.3250000e+02;-1.5527368e-01;3.3250000e+02;-1.9775015e-01;3.3250000e+02;-8.4266156e-02;3.3250000e+02;-6.0931932e-02;3.3250000e+02;-1.8315576e-02;3.3250000e+02;3.9630421e-02;3.3250000e+02;1.0849494e-01;3.3250000e+02;1.6033317e-01;3.3250000e+02;2.2221372e-01;3.3250000e+02;2.4476701e-01;3.3250000e+02;2.3298711e-01;3.3250000e+02;2.1310559e-01;3.3250000e+02;1.4144462e-01;3.3250000e+02;7.6500118e-02;3.3250000e+02;2.1895632e-02;3.3250000e+02;-2.5173046e-02;3.3250000e+02;-6.8848185e-02;3.3250000e+02;-1.1226430e-01;3.3250000e+02;-1.5527368e-01;3.3250000e+02;-1.9775015e-01;3.3250000e+02;-8.4266156e-02;3.3250000e+02;-6.0931932e-02;3.3250000e+02;-1.8315576e-02;3.3250000e+02;3.9630421e-02;3.3250000e+02;1.0849494e-01;3.3250000e+02;1.6033317e-01;3.3250000e+02;2.2221372e-01;3.3250000e+02;2.4476701e-01;3.3250000e+02;2.3298711e-01;3.3250000e+02;2.1310559e-01;3.3250000e+02;1.4144462e-01;3.3250000e+02;7.6500118e-02;3.3250000e+02;2.1895632e-02;3.3250000e+02;-2.5173046e-02;3.3250000e+02;-6.8848185e-02;3.3250000e+02;-1.1226430e-01;3.3250000e+02;-1.5527368e-01;3.3250000e+02;-1.9775015e-01;3.3250000e+02;-8.4266156e-02;3.3250000e+02;-6.0931932e-02;3.3250000e+02;-1.8315576e-02;3.3250000e+02;3.9630421e-02;3.3250000e+02;1.0849494e-01;3.3250000e+02;1.6033317e-01;3.3250000e+02;2.2221372e-01;3.3250000e+02;2.4476701e-01;3.3250000e+02;2.3298711e-01;3.3250000e+02;2.1310559e-01;3.3250000e+02;1.4144462e-01;3.3250000e+02;7.6500118e-02;3.3250000e+02;2.1895632e-02;3.3250000e+02;-2.5173046e-02;3.3250000e+02;-6.8848185e-02;3.3250000e+02;-1.1226430e-01;3.3250000e+02;-1.5527368e-01;3.3250000e+02;-1.9775015e-01;3.3250000e+02;-8.4266156e-02;3.3250000e+02;-6.0931932e-02;3.3250000e+02;-1.8315576e-02;3.3250000e+02;3.9630421e-02;3.3250000e+02;1.0849494e-01;3.3250000e+02;1.6033317e-01;3.3250000e+02;2.2221372e-01;3.3250000e+02;2.4476701e-01;3.3250000e+02;2.3298711e-01;3.3250000e+02;2.1310559e-01;3.3250000e+02;1.4144462e-01;3.3250000e+02;7.6500118e-02;3.3250000e+02;2.1895632e-02;3.3250000e+02;-2.5173046e-02;3.3250000e+02;-6.8848185e-02;3.3250000e+02;-1.1226430e-01;3.3250000e+02;-1.5527368e-01;3.3250000e+02;-1.9775015e-01;3.3250000e+02;-8.4266156e-02;3.3250000e+02;-6.0931932e-02;3.3250000e+02;-1.8315576e-02;3.3250000e+02;3.9630421e-02;3.3250000e+02;1.0849494e-01;3.3250000e+02;1.6033317e-01;3.3250000e+02;2.2221372e-01;3.3250000e+02;2.4476701e-01;3.3250000e+02;2.3298711e-01;3.3250000e+02;2.1310559e-01;3.3250000e+02;1.4144462e-01;3.3250000e+02;7.6500118e-02;3.3250000e+02;2.1895632e-02;3.3250000e+02;-2.5173046e-02;3.3250000e+02;-6.8848185e-02;3.3250000e+02;-1.1226430e-01;3.3250000e+02;-1.5527368e-01;3.3250000e+02;-1.9775015e-01;3.3250000e+02;-8.4266156e-02;3.3250000e+02;-6.0931932e-02;3.3250000e+02;-1.8315576e-02;3.3250000e+02;3.9630421e-02;3.3250000e+02;1.0849494e-01;3.3250000e+02;1.6033317e-01;3.3250000e+02;2.2221372e-01;3.3250000e+02;2.4476701e-01;3.3250000e+02;2.3298711e-01;3.3250000e+02;2.1310559e-01;3.3250000e+02;1.4144462e-01;3.3250000e+02;7.6500118e-02;3.3250000e+02;2.1895632e-02;3.3250000e+02;-2.5173046e-02;3.3250000e+02;-6.8848185e-02;3.3250000e+02;-1.1226430e-01;3.3250000e+02;-1.5527368e-01;3.3250000e+02;-1.9775015e-01;3.3250000e+02;-8.4266156e-02;3.3250000e+02;-6.0931932e-02;3.3250000e+02;-1.8315576e-02;3.3250000e+02;3.9630421e-02;3.3250000e+02;1.0849494e-01;3.3250000e+02;1.6033317e-01;3.3250000e+02;2.2221372e-01;3.3250000e+02;2.4476701e-01;3.3250000e+02;2.3298711e-01;3.3250000e+02;2.1310559e-01;3.3250000e+02;1.4144462e-01;3.3250000e+02;7.6500118e-02;3.3250000e+02;2.1895632e-02;3.3250000e+02;-2.5173046e-02;3.3250000e+02;-6.8848185e-02;3.3250000e+02;-1.1226430e-01;3.3250000e+02;-1.5527368e-01;3.3250000e+02;-1.9775015e-01;3.3250000e+02;-8.4266156e-02;3.3250000e+02;-6.0931932e-02;3.3250000e+02;-1.8315576e-02;3.3250000e+02;3.9630421e-02;3.3250000e+02;1.0849494e-01;3.3250000e+02;1.6033317e-01;3.3250000e+02;2.2221372e-01;3.3250000e+02;2.4476701e-01;3.3250000e+02;2.3298711e-01;3.3250000e+02;2.1310559e-01;3.3250000e+02;1.4144462e-01;3.3250000e+02;7.6500118e-02;3.3250000e+02;2.1895632e-02;3.3250000e+02;-2.5173046e-02;3.3250000e+02;-6.8848185e-02;3.3250000e+02;-1.1226430e-01;3.3250000e+02;-1.5527368e-01;3.3250000e+02;-1.9775015e-01;3.3250000e+02;-8.4266156e-02;3.3250000e+02;-6.0931932e-02;3.3250000e+02;-1.8315576e-02;3.3250000e+02;3.9630421e-02;3.3250000e+02;1.0849494e-01;3.3250000e+02;1.6033317e-01;3.3250000e+02;2.2221372e-01;3.3250000e+02;2.4476701e-01;3.3250000e+02;2.3298711e-01;3.3250000e+02;2.1310559e-01;3.3250000e+02;1.4144462e-01;3.3250000e+02;7.6500118e-02;3.3250000e+02;2.1895632e-02;3.3250000e+02;-2.5173046e-02;3.3250000e+02;-6.8848185e-02;3.3250000e+02;-1.1226430e-01;3.3250000e+02;-1.5527368e-01;3.3250000e+02;-1.9775015e-01;3.3250000e+02;-8.4266156e-02;3.3250000e+02;-6.0931932e-02;3.3250000e+02;-1.8315576e-02;3.3250000e+02;3.9630421e-02;3.3250000e+02;1.0849494e-01;3.3250000e+02;1.6033317e-01;3.3250000e+02;2.2221372e-01;3.3250000e+02;2.4476701e-01;3.3250000e+02;2.3298711e-01;3.3250000e+02;2.1310559e-01;3.3250000e+02;1.4144462e-01;3.3250000e+02;7.6500118e-02;3.3250000e+02;2.1895632e-02;3.3250000e+02;-2.5173046e-02;3.3250000e+02;-6.8848185e-02;3.3250000e+02;-1.1226430e-01;3.3250000e+02;-1.5527368e-01;3.3250000e+02;-1.9775015e-01;3.3250000e+02;-8.4266156e-02;3.3250000e+02;-6.0931932e-02;3.3250000e+02;-1.8315576e-02;3.3250000e+02;3.9630421e-02;3.3250000e+02;1.0849494e-01;3.3250000e+02;1.6033317e-01;3.3250000e+02;2.2221372e-01;3.3250000e+02;2.4476701e-01;3.3250000e+02;2.3298711e-01;3.3250000e+02;2.1310559e-01;3.3250000e+02;1.4144462e-01;3.3250000e+02;7.6500118e-02;3.3250000e+02;2.1895632e-02;3.3250000e+02;-2.5173046e-02;3.3250000e+02;-6.8848185e-02;3.3250000e+02;-1.1226430e-01;3.3250000e+02;-1.5527368e-01;3.3250000e+02;-1.9775015e-01;3.3250000e+02;-8.4266156e-02;3.3250000e+02;-6.0931932e-02;3.3250000e+02;-1.8315576e-02;3.3250000e+02;3.9630421e-02;3.3250000e+02;1.0849494e-01;3.3250000e+02;1.6033317e-01;3.3250000e+02;2.2221372e-01;3.3250000e+02;2.4476701e-01;3.3250000e+02;2.3298711e-01;3.3250000e+02;2.1310559e-01;3.3250000e+02;1.4144462e-01;3.3250000e+02;7.6500118e-02;3.3250000e+02;2.1895632e-02;3.3250000e+02;-2.5173046e-02;3.3250000e+02;-6.8848185e-02;3.3250000e+02;-1.1226430e-01;3.3250000e+02;-1.5527368e-01;3.3250000e+02;-1.9775015e-01;3.3250000e+02;-8.4266156e-02;3.3250000e+02;-6.0931932e-02;3.3250000e+02;-1.8315576e-02;3.3250000e+02;3.9630421e-02;3.3250000e+02;1.0849494e-01;3.3250000e+02;1.6033317e-01;3.3250000e+02;2.2221372e-01;3.3250000e+02;2.4476701e-01;3.3250000e+02;2.3298711e-01;3.3250000e+02;2.1310559e-01;3.3250000e+02;1.4144462e-01;3.3250000e+02;7.6500118e-02;3.3250000e+02;2.1895632e-02;3.3250000e+02;-2.5173046e-02;3.3250000e+02;-6.8848185e-02;3.3250000e+02;-1.1226430e-01;3.3250000e+02;-1.5527368e-01;3.3250000e+02;-1.9775015e-01;3.3250000e+02;-8.4266156e-02;3.3250000e+02;-6.0931932e-02;3.3250000e+02;-1.8315576e-02;3.3250000e+02;3.9630421e-02;3.3250000e+02;1.0849494e-01;3.3250000e+02;1.6033317e-01;3.3250000e+02;2.2221372e-01;3.3250000e+02;2.4476701e-01;3.3250000e+02;2.3298711e-01;3.3250000e+02;2.1310559e-01;3.3250000e+02;1.4144462e-01;3.3250000e+02;7.6500118e-02;3.3250000e+02;2.1895632e-02;3.3250000e+02;-2.5173046e-02;3.3250000e+02;-6.8848185e-02;3.3250000e+02;-1.1226430e-01;3.3250000e+02;-1.5527368e-01;3.3250000e+02;-1.9775015e-01;3.3250000e+02;-8.4266156e-02;3.3250000e+02;-6.0931932e-02;3.3250000e+02;-1.8315576e-02;3.3250000e+02;3.9630421e-02;3.3250000e+02;1.0849494e-01;3.3250000e+02;1.6033317e-01;3.3250000e+02;2.2221372e-01;3.3250000e+02;2.4476701e-01;3.3250000e+02;2.3298711e-01;3.3250000e+02;2.1310559e-01;3.3250000e+02;1.4144462e-01;3.3250000e+02;7.6500118e-02;3.3250000e+02;2.1895632e-02;3.3250000e+02;-2.5173046e-02;3.3250000e+02;-6.8848185e-02;3.3250000e+02;-1.1226430e-01;3.3250000e+02;-1.5527368e-01;3.3250000e+02;-1.9775015e-01;3.3250000e+02;-8.4266156e-02;3.3250000e+02;-6.0931932e-02;3.3250000e+02;-1.8315576e-02;3.3250000e+02;3.9630421e-02;3.3250000e+02;1.0849494e-01;3.3250000e+02;1.6033317e-01;3.3250000e+02;2.2221372e-01;3.3250000e+02;2.4476701e-01;3.3250000e+02;2.3298711e-01;3.3250000e+02;2.1310559e-01;3.3250000e+02;1.4144462e-01;3.3250000e+02;7.6500118e-02;3.3250000e+02;2.1895632e-02;3.3250000e+02;-2.5173046e-02;3.3250000e+02;-6.8848185e-02;3.3250000e+02;-1.1226430e-01;3.3250000e+02;-1.5527368e-01;3.3250000e+02;-1.9775015e-01;3.3250000e+02;-8.4266156e-02;3.3250000e+02;-6.0931932e-02;3.3250000e+02;-1.8315576e-02;3.3250000e+02;3.9630421e-02;3.3250000e+02;1.0849494e-01;3.3250000e+02;1.6033317e-01;3.3250000e+02;2.2221372e-01;3.3250000e+02;2.4476701e-01;3.3250000e+02;2.3298711e-01;3.3250000e+02;2.1310559e-01;3.3250000e+02;1.4144462e-01;3.3250000e+02;7.6500118e-02;3.3250000e+02;2.1895632e-02;3.3250000e+02;-2.5173046e-02;3.3250000e+02;-6.8848185e-02;3.3250000e+02;-1.1226430e-01;3.3250000e+02;-1.5527368e-01;3.3250000e+02;-1.9775015e-01;3.3250000e+02;-8.4266156e-02;3.3250000e+02;-6.0931932e-02;3.3250000e+02;-1.8315576e-02;3.3250000e+02;3.9630421e-02;3.3250000e+02;1.0849494e-01;3.3250000e+02;1.6033317e-01;3.3250000e+02;2.2221372e-01;3.3250000e+02;2.4476701e-01;3.3250000e+02;2.3298711e-01;3.3250000e+02;2.1310559e-01;3.3250000e+02;1.4144462e-01;3.3250000e+02;7.6500118e-02;3.3250000e+02;2.1895632e-02;3.3250000e+02;-2.5173046e-02;3.3250000e+02;-6.8848185e-02;3.3250000e+02;-1.1226430e-01;3.3250000e+02;-1.5527368e-01;3.3250000e+02;-1.9775015e-01;3.3250000e+02;-8.4266156e-02;3.3250000e+02;-6.0931932e-02;3.3250000e+02;-1.8315576e-02;3.3250000e+02;3.9630421e-02;3.3250000e+02;1.0849494e-01;3.3250000e+02;1.6033317e-01;3.3250000e+02;2.2221372e-01;3.3250000e+02;2.4476701e-01;3.3250000e+02;2.3298711e-01;3.3250000e+02;2.1310559e-01;3.3250000e+02;1.4144462e-01;3.3250000e+02;7.6500118e-02;3.3250000e+02;2.1895632e-02;3.3250000e+02;-2.5173046e-02;3.3250000e+02;-6.8848185e-02;3.3250000e+02;-1.1226430e-01;3.3250000e+02;-1.5527368e-01;3.3250000e+02;-1.9775015e-01;3.3250000e+02;-8.4266156e-02;3.3250000e+02;-6.0931932e-02;3.3250000e+02;-1.8315576e-02;3.3250000e+02;3.9630421e-02;3.3250000e+02;1.0849494e-01;3.3250000e+02;1.6033317e-01;3.3250000e+02;2.2221372e-01;3.3250000e+02;2.4476701e-01;3.3250000e+02;2.3298711e-01;3.3250000e+02;2.1310559e-01;3.3250000e+02;1.4144462e-01;3.3250000e+02;7.6500118e-02;3.3250000e+02;2.1895632e-02;3.3250000e+02;-2.5173046e-02;3.3250000e+02;-6.8848185e-02;3.3250000e+02;-1.1226430e-01;3.3250000e+02;-1.5527368e-01;3.3250000e+02;-1.9775015e-01;3.3250000e+02;-8.4266156e-02;3.3250000e+02;-6.0931932e-02;3.3250000e+02;-1.8315576e-02;3.3250000e+02;3.9630421e-02;3.3250000e+02;1.0849494e-01;3.3250000e+02;1.6033317e-01;3.3250000e+02;2.2221372e-01;3.3250000e+02;2.4476701e-01;3.3250000e+02;2.3298711e-01;3.3250000e+02;2.1310559e-01;3.3250000e+02;1.4144462e-01;3.3250000e+02;7.6500118e-02;3.3250000e+02;2.1895632e-02;3.3250000e+02;-2.5173046e-02;3.3250000e+02;-6.8848185e-02;3.3250000e+02;-1.1226430e-01;3.3250000e+02;-1.5527368e-01;3.3250000e+02;-1.9775015e-01;3.3250000e+02;-8.4266156e-02;3.3250000e+02;-6.0931932e-02;3.3250000e+02;-1.8315576e-02;3.3250000e+02;3.9630421e-02;3.3250000e+02;1.0849494e-01;3.3250000e+02;1.6033317e-01;3.3250000e+02;2.2221372e-01;3.3250000e+02;2.4476701e-01;3.3250000e+02;2.3298711e-01;3.3250000e+02;2.1310559e-01;3.3250000e+02;1.4144462e-01;3.3250000e+02;7.6500118e-02;3.3250000e+02;2.1895632e-02;3.3250000e+02;-2.5173046e-02;3.3250000e+02;-6.8848185e-02;3.3250000e+02;-1.1226430e-01;3.3250000e+02;-1.5527368e-01;3.3250000e+02;-1.9775015e-01;3.3250000e+02;-8.4266156e-02;3.3250000e+02;-6.0931932e-02;3.3250000e+02;-1.8315576e-02;3.3250000e+02;3.9630421e-02;3.3250000e+02;1.0849494e-01;3.3250000e+02;1.6033317e-01;3.3250000e+02;2.2221372e-01;3.3250000e+02;2.4476701e-01;3.3250000e+02;2.3298711e-01;3.3250000e+02;2.1310559e-01;3.3250000e+02;1.4144462e-01;3.3250000e+02;7.6500118e-02;3.3250000e+02;2.1895632e-02;3.3250000e+02;-2.5173046e-02;3.3250000e+02;-6.8848185e-02;3.3250000e+02;-1.1226430e-01;3.3250000e+02;-1.5527368e-01;3.3250000e+02;-1.9775015e-01;3.3250000e+02;-8.4266156e-02;3.3250000e+02;-6.0931932e-02;3.3250000e+02;-1.8315576e-02;3.3250000e+02;3.9630421e-02;3.3250000e+02;1.0849494e-01;3.3250000e+02;1.6033317e-01;3.3250000e+02;2.2221372e-01;3.3250000e+02;2.4476701e-01;3.3250000e+02;2.3298711e-01;3.3250000e+02;2.1310559e-01;3.3250000e+02;1.4144462e-01;3.3250000e+02;7.6500118e-02;3.3250000e+02;2.1895632e-02;3.3250000e+02;-2.5173046e-02;3.3250000e+02;-6.8848185e-02;3.3250000e+02;-1.1226430e-01;3.3250000e+02;-1.5527368e-01;3.3250000e+02;-1.9775015e-01;3.3250000e+02;-8.4266156e-02;3.3250000e+02;-6.0931932e-02;3.3250000e+02;-1.8315576e-02;3.3250000e+02;3.9630421e-02;3.3250000e+02;1.0849494e-01;3.3250000e+02;1.6033317e-01;3.3250000e+02;2.2221372e-01;3.3250000e+02;2.4476701e-01;3.3250000e+02;2.3298711e-01;3.3250000e+02;2.1310559e-01;3.3250000e+02;1.4144462e-01;3.3250000e+02;7.6500118e-02;3.3250000e+02;2.1895632e-02;3.3250000e+02;-2.5173046e-02;3.3250000e+02;-6.8848185e-02;3.3250000e+02;-1.1226430e-01;3.3250000e+02;-1.5527368e-01;3.3250000e+02;-1.9775015e-01;3.3250000e+02;-8.4266156e-02;3.3250000e+02;-6.0931932e-02;3.3250000e+02;-1.8315576e-02;3.3250000e+02;3.9630421e-02;3.3250000e+02;1.0849494e-01;3.3250000e+02;1.6033317e-01;3.3250000e+02;2.2221372e-01;3.3250000e+02;2.4476701e-01;3.3250000e+02;2.3298711e-01;3.3250000e+02;2.1310559e-01;3.3250000e+02;1.4144462e-01;3.3250000e+02;7.6500118e-02;3.3250000e+02;2.1895632e-02;3.3250000e+02;-2.5173046e-02;3.3250000e+02;-6.8848185e-02;3.3250000e+02;-1.1226430e-01;3.3250000e+02;-1.5527368e-01;3.3250000e+02;-1.9775015e-01;3.3250000e+02;-8.4266156e-02;3.3250000e+02;-6.0931932e-02;3.3250000e+02;-1.8315576e-02;3.3250000e+02;3.9630421e-02;3.3250000e+02;1.0849494e-01;3.3250000e+02;1.6033317e-01;3.3250000e+02;2.2221372e-01;3.3250000e+02;2.4476701e-01;3.3250000e+02;2.3298711e-01;3.3250000e+02;2.1310559e-01;3.3250000e+02;1.4144462e-01;3.3250000e+02;7.6500118e-02;3.3250000e+02;2.1895632e-02;3.3250000e+02;-2.5173046e-02;3.3250000e+02;-6.8848185e-02;3.3250000e+02;-1.1226430e-01;3.3250000e+02;-1.5527368e-01;3.3250000e+02;-1.9775015e-01;3.3250000e+02;-8.4266156e-02;3.3250000e+02;-6.0931932e-02;3.3250000e+02;-1.8315576e-02;3.3250000e+02;3.9630421e-02;3.3250000e+02;1.0849494e-01;3.3250000e+02;1.6033317e-01;3.3250000e+02;2.2221372e-01;3.3250000e+02;2.4476701e-01;3.3250000e+02;2.3298711e-01;3.3250000e+02;2.1310559e-01;3.3250000e+02;1.4144462e-01;3.3250000e+02;7.6500118e-02;3.3250000e+02;2.1895632e-02;3.3250000e+02;-2.5173046e-02;3.3250000e+02;-6.8848185e-02;3.3250000e+02;-1.1226430e-01;3.3250000e+02;-1.5527368e-01;3.3250000e+02;-1.9775015e-01;3.3250000e+02;-8.4266156e-02;3.3250000e+02;-6.0931932e-02;3.3250000e+02;-1.8315576e-02;3.3250000e+02;3.9630421e-02;3.3250000e+02;1.0849494e-01;3.3250000e+02;1.6033317e-01;3.3250000e+02;2.2221372e-01;3.3250000e+02;2.4476701e-01;3.3250000e+02;2.3298711e-01;3.3250000e+02;2.1310559e-01;3.3250000e+02;1.4144462e-01;3.3250000e+02;7.6500118e-02;3.3250000e+02;2.1895632e-02;3.3250000e+02;-2.5173046e-02;3.3250000e+02;-6.8848185e-02;3.3250000e+02;-1.1226430e-01;3.3250000e+02;-1.5527368e-01;3.3250000e+02;-1.9775015e-01;3.3250000e+02;-8.4266156e-02;3.3250000e+02;-6.0931932e-02;3.3250000e+02;-1.8315576e-02;3.3250000e+02;3.9630421e-02;3.3250000e+02;1.0849494e-01;3.3250000e+02;1.6033317e-01;3.3250000e+02;2.2221372e-01;3.3250000e+02;2.4476701e-01;3.3250000e+02;2.3298711e-01;3.3250000e+02;2.1310559e-01;3.3250000e+02;1.4144462e-01;3.3250000e+02;7.6500118e-02;3.3250000e+02;2.1895632e-02;3.3250000e+02;-2.5173046e-02;3.3250000e+02;-6.8848185e-02;3.3250000e+02;-1.1226430e-01;3.3250000e+02;-1.5527368e-01;3.3250000e+02;-1.9775015e-01;3.3250000e+02;-8.4266156e-02;3.3250000e+02;-6.0931932e-02;3.3250000e+02;-1.8315576e-02;3.3250000e+02;3.9630421e-02;3.3250000e+02;1.0849494e-01;3.3250000e+02;1.6033317e-01;3.3250000e+02;2.2221372e-01;3.3250000e+02;2.4476701e-01;3.3250000e+02;2.3298711e-01;3.3250000e+02;2.1310559e-01;3.3250000e+02;1.4144462e-01;3.3250000e+02;7.6500118e-02;3.3250000e+02;2.1895632e-02;3.3250000e+02;-2.5173046e-02;3.3250000e+02;-6.8848185e-02;3.3250000e+02;-1.1226430e-01;3.3250000e+02;-1.5527368e-01;3.3250000e+02;-1.9775015e-01;3.3250000e+02;-8.4266156e-02;3.3250000e+02;-6.0931932e-02;3.3250000e+02;-1.8315576e-02;3.3250000e+02;3.9630421e-02;3.3250000e+02;1.0849494e-01;3.3250000e+02;1.6033317e-01;3.3250000e+02;2.2221372e-01;3.3250000e+02;2.4476701e-01;3.3250000e+02;2.3298711e-01;3.3250000e+02;2.1310559e-01;3.3250000e+02;1.4144462e-01;3.3250000e+02;7.6500118e-02;3.3250000e+02;2.1895632e-02;3.3250000e+02;-2.5173046e-02;3.3250000e+02;-6.8848185e-02;3.3250000e+02;-1.1226430e-01;3.3250000e+02;-1.5527368e-01;3.3250000e+02;-1.9775015e-01;3.3250000e+02;-8.4266156e-02;3.3250000e+02;-6.0931932e-02;3.3250000e+02;-1.8315576e-02;3.3250000e+02;3.9630421e-02;3.3250000e+02;1.0849494e-01;3.3250000e+02;1.6033317e-01;3.3250000e+02;2.2221372e-01;3.3250000e+02;2.4476701e-01;3.3250000e+02;2.3298711e-01;3.3250000e+02;2.1310559e-01;3.3250000e+02;1.4144462e-01;3.3250000e+02;7.6500118e-02;3.3250000e+02;2.1895632e-02;3.3250000e+02;-2.5173046e-02;3.3250000e+02;-6.8848185e-02;3.3250000e+02;-1.1226430e-01;3.3250000e+02;-1.5527368e-01;3.3250000e+02;-1.9775015e-01;3.3250000e+02;-8.4266156e-02;3.3250000e+02;-6.0931932e-02;3.3250000e+02;-1.8315576e-02;3.3250000e+02;3.9630421e-02;3.3250000e+02;1.0849494e-01;3.3250000e+02;1.6033317e-01;3.3250000e+02;2.2221372e-01;3.3250000e+02;2.4476701e-01;3.3250000e+02;2.3298711e-01;3.3250000e+02;2.1310559e-01;3.3250000e+02;1.4144462e-01;3.3250000e+02;7.6500118e-02;3.3250000e+02;2.1895632e-02;3.3250000e+02;-2.5173046e-02;3.3250000e+02;-6.8848185e-02;3.3250000e+02;-1.1226430e-01;3.3250000e+02;-1.5527368e-01;3.3250000e+02;-1.9775015e-01;3.3250000e+02;-8.4266156e-02;3.3250000e+02;-6.0931932e-02;3.3250000e+02;-1.8315576e-02;3.3250000e+02;3.9630421e-02;3.3250000e+02;1.0849494e-01;3.3250000e+02;1.6033317e-01;3.3250000e+02;2.2221372e-01;3.3250000e+02;2.4476701e-01;3.3250000e+02;2.3298711e-01;3.3250000e+02;2.1310559e-01;3.3250000e+02;1.4144462e-01;3.3250000e+02;7.6500118e-02;3.3250000e+02;2.1895632e-02;3.3250000e+02;-2.5173046e-02;3.3250000e+02;-6.8848185e-02;3.3250000e+02;-1.1226430e-01;3.3250000e+02;-1.5527368e-01;3.3250000e+02;-1.9775015e-01;3.3250000e+02;-8.4266156e-02;3.3250000e+02;-6.0931932e-02;3.3250000e+02;-1.8315576e-02;3.3250000e+02;3.9630421e-02;3.3250000e+02;1.0849494e-01;3.3250000e+02;1.6033317e-01;3.3250000e+02;2.2221372e-01;3.3250000e+02;2.4476701e-01;3.3250000e+02;2.3298711e-01;3.3250000e+02;2.1310559e-01;3.3250000e+02;1.4144462e-01;3.3250000e+02;7.6500118e-02;3.3250000e+02;2.1895632e-02;3.3250000e+02;-2.5173046e-02;3.3250000e+02;-6.8848185e-02;3.3250000e+02;-1.1226430e-01;3.3250000e+02;-1.5527368e-01;3.3250000e+02;-1.9775015e-01;3.3250000e+02;-8.4266156e-02;3.3250000e+02;-6.0931932e-02;3.3250000e+02;-1.8315576e-02;3.3250000e+02;3.9630421e-02;3.3250000e+02;1.0849494e-01;3.3250000e+02;1.6033317e-01;3.3250000e+02;2.2221372e-01;3.3250000e+02;2.4476701e-01;3.3250000e+02;2.3298711e-01;3.3250000e+02;2.1310559e-01;3.3250000e+02;1.4144462e-01;3.3250000e+02;7.6500118e-02;3.3250000e+02;2.1895632e-02;3.3250000e+02;-2.5173046e-02;3.3250000e+02;-6.8848185e-02;3.3250000e+02;-1.1226430e-01;3.3250000e+02;-1.5527368e-01;3.3250000e+02;-1.9775015e-01;3.3250000e+02;-8.4266156e-02;3.3250000e+02;-6.0931932e-02;3.3250000e+02;-1.8315576e-02;3.3250000e+02;3.9630421e-02;3.3250000e+02;1.0849494e-01;3.3250000e+02;1.6033317e-01;3.3250000e+02;2.2221372e-01;3.3250000e+02;2.4476701e-01;3.3250000e+02;2.3298711e-01;3.3250000e+02;2.1310559e-01;3.3250000e+02;1.4144462e-01;3.3250000e+02;7.6500118e-02;3.3250000e+02;2.1895632e-02;3.3250000e+02;-2.5173046e-02;3.3250000e+02;-6.8848185e-02;3.3250000e+02;-1.1226430e-01;3.3250000e+02;-1.5527368e-01;3.3250000e+02;-1.9775015e-01;3.3250000e+02;-8.4266156e-02;3.3250000e+02;-6.0931932e-02;3.3250000e+02;-1.8315576e-02;3.3250000e+02;3.9630421e-02;3.3250000e+02;1.0849494e-01;3.3250000e+02;1.6033317e-01;3.3250000e+02;2.2221372e-01;3.3250000e+02;2.4476701e-01;3.3250000e+02;2.3298711e-01;3.3250000e+02;2.1310559e-01;3.3250000e+02;1.4144462e-01;3.3250000e+02;7.6500118e-02;3.3250000e+02;2.1895632e-02;3.3250000e+02;-2.5173046e-02;3.3250000e+02;-6.8848185e-02;3.3250000e+02;-1.1226430e-01;3.3250000e+02;-1.5527368e-01;3.3250000e+02;-1.9775015e-01;3.3250000e+02;-8.4266156e-02;3.3250000e+02;-6.0931932e-02;3.3250000e+02;-1.8315576e-02;3.3250000e+02;3.9630421e-02;3.3250000e+02;1.0849494e-01;3.3250000e+02;1.6033317e-01;3.3250000e+02;2.2221372e-01;3.3250000e+02;2.4476701e-01;3.3250000e+02;2.3298711e-01;3.3250000e+02;2.1310559e-01;3.3250000e+02;1.4144462e-01;3.3250000e+02;7.6500118e-02;3.3250000e+02;2.1895632e-02;3.3250000e+02;-2.5173046e-02;3.3250000e+02;-6.8848185e-02;3.3250000e+02;-1.1226430e-01;3.3250000e+02;-1.5527368e-01;3.3250000e+02;-1.9775015e-01;3.3250000e+02;-8.4266156e-02;3.3250000e+02;-6.0931932e-02;3.3250000e+02;-1.8315576e-02;3.3250000e+02;3.9630421e-02;3.3250000e+02;1.0849494e-01;3.3250000e+02;1.6033317e-01;3.3250000e+02;2.2221372e-01;3.3250000e+02;2.4476701e-01;3.3250000e+02;2.3298711e-01;3.3250000e+02;2.1310559e-01;3.3250000e+02;1.4144462e-01;3.3250000e+02;7.6500118e-02;3.3250000e+02;2.1895632e-02;3.3250000e+02;-2.5173046e-02;3.3250000e+02;-6.8848185e-02;3.3250000e+02;-1.1226430e-01;3.3250000e+02;-1.5527368e-01;3.3250000e+02;-1.9775015e-01;3.3250000e+02;-8.4266156e-02;3.3250000e+02;-6.0931932e-02;3.3250000e+02;-1.8315576e-02;3.3250000e+02;3.9630421e-02;3.3250000e+02;1.0849494e-01;3.3250000e+02;1.6033317e-01;3.3250000e+02;2.2221372e-01;3.3250000e+02;2.4476701e-01;3.3250000e+02;2.3298711e-01;3.3250000e+02;2.1310559e-01;3.3250000e+02;1.4144462e-01;3.3250000e+02;7.6500118e-02;3.3250000e+02;2.1895632e-02;3.3250000e+02;-2.5173046e-02;3.3250000e+02;-6.8848185e-02;3.3250000e+02;-1.1226430e-01;3.3250000e+02;-1.5527368e-01;3.3250000e+02;-1.9775015e-01;3.3250000e+02;-8.4266156e-02;3.3250000e+02;-6.0931932e-02;3.3250000e+02;-1.8315576e-02;3.3250000e+02;3.9630421e-02;3.3250000e+02;1.0849494e-01;3.3250000e+02;1.6033317e-01;3.3250000e+02;2.2221372e-01;3.3250000e+02;2.4476701e-01;3.3250000e+02;2.3298711e-01;3.3250000e+02;2.1310559e-01;3.3250000e+02;1.4144462e-01;3.3250000e+02;7.6500118e-02;3.3250000e+02;2.1895632e-02;3.3250000e+02;-2.5173046e-02;3.3250000e+02;-6.8848185e-02;3.3250000e+02;-1.1226430e-01;3.3250000e+02;-1.5527368e-01;3.3250000e+02;-1.9775015e-01;3.3250000e+02;-8.4266156e-02;3.3250000e+02;-6.0931932e-02;3.3250000e+02;-1.8315576e-02;3.3250000e+02;3.9630421e-02;3.3250000e+02;1.0849494e-01;3.3250000e+02;1.6033317e-01;3.3250000e+02;2.2221372e-01;3.3250000e+02;2.4476701e-01;3.3250000e+02;2.3298711e-01;3.3250000e+02;2.1310559e-01;3.3250000e+02;1.4144462e-01;3.3250000e+02;7.6500118e-02;3.3250000e+02;2.1895632e-02;3.3250000e+02;-2.5173046e-02;3.3250000e+02;-6.8848185e-02;3.3250000e+02;-1.1226430e-01;3.3250000e+02;-1.5527368e-01;3.3250000e+02;-1.9775015e-01;3.3250000e+02;-8.4266156e-02;3.3250000e+02;-6.0931932e-02;3.3250000e+02;-1.8315576e-02;3.3250000e+02;3.9630421e-02;3.3250000e+02;1.0849494e-01;3.3250000e+02;1.6033317e-01;3.3250000e+02;2.2221372e-01;3.3250000e+02;2.4476701e-01;3.3250000e+02;2.3298711e-01;3.3250000e+02;2.1310559e-01;3.3250000e+02;1.4144462e-01;3.3250000e+02;7.6500118e-02;3.3250000e+02;2.1895632e-02;3.3250000e+02;-2.5173046e-02;3.3250000e+02;-6.8848185e-02;3.3250000e+02;-1.1226430e-01;3.3250000e+02;-1.5527368e-01;3.3250000e+02;-1.9775015e-01;3.3250000e+02;-8.4266156e-02;3.3250000e+02;-6.0931932e-02;3.3250000e+02;-1.8315576e-02;3.3250000e+02;3.9630421e-02;3.3250000e+02;1.0849494e-01;3.3250000e+02;1.6033317e-01;3.3250000e+02;2.2221372e-01;3.3250000e+02;2.4476701e-01;3.3250000e+02;2.3298711e-01;3.3250000e+02;2.1310559e-01;3.3250000e+02;1.4144462e-01;3.3250000e+02;7.6500118e-02;3.3250000e+02;2.1895632e-02;3.3250000e+02;-2.5173046e-02;3.3250000e+02;-6.8848185e-02;3.3250000e+02;-1.1226430e-01;3.3250000e+02;-1.5527368e-01;3.3250000e+02;-1.9775015e-01;3.3250000e+02;-8.4266156e-02;3.3250000e+02;-6.0931932e-02;3.3250000e+02;-1.8315576e-02;3.3250000e+02;3.9630421e-02;3.3250000e+02;1.0849494e-01;3.3250000e+02;1.6033317e-01;3.3250000e+02;2.2221372e-01;3.3250000e+02;2.4476701e-01;3.3250000e+02;2.3298711e-01;3.3250000e+02;2.1310559e-01;3.3250000e+02;1.4144462e-01;3.3250000e+02;7.6500118e-02;3.3250000e+02;2.1895632e-02;3.3250000e+02;-2.5173046e-02;3.3250000e+02;-6.8848185e-02;3.3250000e+02;-1.1226430e-01;3.3250000e+02;-1.5527368e-01;3.3250000e+02;-1.9775015e-01;3.3250000e+02;-8.4266156e-02;3.3250000e+02;-6.0931932e-02;3.3250000e+02;-1.8315576e-02;3.3250000e+02;3.9630421e-02;3.3250000e+02;1.0849494e-01;3.3250000e+02;1.6033317e-01;3.3250000e+02;2.2221372e-01;3.3250000e+02;2.4476701e-01;3.3250000e+02;2.3298711e-01;3.3250000e+02;2.1310559e-01;3.3250000e+02;1.4144462e-01;3.3250000e+02;7.6500118e-02;3.3250000e+02;2.1895632e-02;3.3250000e+02;-2.5173046e-02;3.3250000e+02;-6.8848185e-02;3.3250000e+02;-1.1226430e-01;3.3250000e+02;-1.5527368e-01;3.3250000e+02;-1.9775015e-01;3.3250000e+02;-8.4266156e-02;3.3250000e+02;-6.0931932e-02;3.3250000e+02;-1.8315576e-02;3.3250000e+02;3.9630421e-02;3.3250000e+02;1.0849494e-01;3.3250000e+02;1.6033317e-01;3.3250000e+02;2.2221372e-01;3.3250000e+02;2.4476701e-01;3.3250000e+02;2.3298711e-01;3.3250000e+02;2.1310559e-01;3.3250000e+02;1.4144462e-01;3.3250000e+02;7.6500118e-02;3.3250000e+02;2.1895632e-02;3.3250000e+02;-2.5173046e-02;3.3250000e+02;-6.8848185e-02;3.3250000e+02;-1.1226430e-01;3.3250000e+02;-1.5527368e-01;3.3250000e+02;-1.9775015e-01;3.3250000e+02;-8.4266156e-02;3.3250000e+02;-6.0931932e-02;3.3250000e+02;-1.8315576e-02;3.3250000e+02;3.9630421e-02;3.3250000e+02;1.0849494e-01;3.3250000e+02;1.6033317e-01;3.3250000e+02;2.2221372e-01;3.3250000e+02;2.4476701e-01;3.3250000e+02;2.3298711e-01;3.3250000e+02;2.1310559e-01;3.3250000e+02;1.4144462e-01;3.3250000e+02;7.6500118e-02;3.3250000e+02;2.1895632e-02;3.3250000e+02;-2.5173046e-02;3.3250000e+02;-6.8848185e-02;3.3250000e+02;-1.1226430e-01;3.3250000e+02;-1.5527368e-01;3.3250000e+02;-1.9775015e-01;3.3250000e+02;-8.4266156e-02;3.3250000e+02;-6.0931932e-02;3.3250000e+02;-1.8315576e-02;3.3250000e+02;3.9630421e-02;3.3250000e+02;1.0849494e-01;3.3250000e+02;1.6033317e-01;3.3250000e+02;2.2221372e-01;3.3250000e+02;2.4476701e-01;3.3250000e+02;2.3298711e-01;3.3250000e+02;2.1310559e-01;3.3250000e+02;1.4144462e-01;3.3250000e+02;7.6500118e-02;3.3250000e+02;2.1895632e-02;3.3250000e+02;-2.5173046e-02;3.3250000e+02;-6.8848185e-02;3.3250000e+02;-1.1226430e-01;3.3250000e+02;-1.5527368e-01;3.3250000e+02;-1.9775015e-01;3.3250000e+02;-8.4266156e-02;3.3250000e+02;-6.0931932e-02;3.3250000e+02;-1.8315576e-02;3.3250000e+02;3.9630421e-02;3.3250000e+02;1.0849494e-01;3.3250000e+02;1.6033317e-01;3.3250000e+02;2.2221372e-01;3.3250000e+02;2.4476701e-01;3.3250000e+02;2.3298711e-01;3.3250000e+02;2.1310559e-01;3.3250000e+02;1.4144462e-01;3.3250000e+02;7.6500118e-02;3.3250000e+02;2.1895632e-02;3.3250000e+02;-2.5173046e-02;3.3250000e+02;-6.8848185e-02;3.3250000e+02;-1.1226430e-01;3.3250000e+02;-1.5527368e-01;3.3250000e+02;-1.9775015e-01;3.3250000e+02;-8.4266156e-02;3.3250000e+02;-6.0931932e-02;3.3250000e+02;-1.8315576e-02;3.3250000e+02;3.9630421e-02;3.3250000e+02;1.0849494e-01;3.3250000e+02;1.6033317e-01;3.3250000e+02;2.2221372e-01;3.3250000e+02;2.4476701e-01;3.3250000e+02;2.3298711e-01;3.3250000e+02;2.1310559e-01;3.3250000e+02;1.4144462e-01;3.3250000e+02;7.6500118e-02;3.3250000e+02;2.1895632e-02;3.3250000e+02;-2.5173046e-02;3.3250000e+02;-6.8848185e-02;3.3250000e+02;-1.1226430e-01;3.3250000e+02;-1.5527368e-01;3.3250000e+02;-1.9775015e-01;3.3250000e+02;-8.4266156e-02;3.3250000e+02;-6.0931932e-02;3.3250000e+02;-1.8315576e-02;3.3250000e+02;3.9630421e-02;3.3250000e+02;1.0849494e-01;3.3250000e+02;1.6033317e-01;3.3250000e+02;2.2221372e-01;3.3250000e+02;2.4476701e-01;3.3250000e+02;2.3298711e-01;3.3250000e+02;2.1310559e-01;3.3250000e+02;1.4144462e-01;3.3250000e+02;7.6500118e-02;3.3250000e+02;2.1895632e-02;3.3250000e+02;-2.5173046e-02;3.3250000e+02;-6.8848185e-02;3.3250000e+02;-1.1226430e-01;3.3250000e+02;-1.5527368e-01;3.3250000e+02;-1.9775015e-01;3.3250000e+02;-8.4266156e-02;3.3250000e+02;-6.0931932e-02;3.3250000e+02;-1.8315576e-02;3.3250000e+02;3.9630421e-02;3.3250000e+02;1.0849494e-01;3.3250000e+02;1.6033317e-01;3.3250000e+02;2.2221372e-01;3.3250000e+02;2.4476701e-01;3.3250000e+02;2.3298711e-01;3.3250000e+02;2.1310559e-01;3.3250000e+02;1.4144462e-01;3.3250000e+02;7.6500118e-02;3.3250000e+02;2.1895632e-02;3.3250000e+02;-2.5173046e-02;3.3250000e+02;-6.8848185e-02;3.3250000e+02;-1.1226430e-01;3.3250000e+02;-1.5527368e-01;3.3250000e+02;-1.9775015e-01;3.3250000e+02;-8.4266156e-02;3.3250000e+02;-6.0931932e-02;3.3250000e+02;-1.8315576e-02;3.3250000e+02;3.9630421e-02;3.3250000e+02;1.0849494e-01;3.3250000e+02;1.6033317e-01;3.3250000e+02;2.2221372e-01;3.3250000e+02;2.4476701e-01;3.3250000e+02;2.3298711e-01;3.3250000e+02;2.1310559e-01;3.3250000e+02;1.4144462e-01;3.3250000e+02;7.6500118e-02;3.3250000e+02;2.1895632e-02;3.3250000e+02;-2.5173046e-02;3.3250000e+02;-6.8848185e-02;3.3250000e+02;-1.1226430e-01;3.3250000e+02;-1.5527368e-01;3.3250000e+02;-1.9775015e-01;3.3250000e+02;-8.4266156e-02;3.3250000e+02;-6.0931932e-02;3.3250000e+02;-1.8315576e-02;3.3250000e+02;3.9630421e-02;3.3250000e+02;1.0849494e-01;3.3250000e+02;1.6033317e-01;3.3250000e+02;2.2221372e-01;3.3250000e+02;2.4476701e-01;3.3250000e+02;2.3298711e-01;3.3250000e+02;2.1310559e-01;3.3250000e+02;1.4144462e-01;3.3250000e+02;7.6500118e-02;3.3250000e+02;2.1895632e-02;3.3250000e+02;-2.5173046e-02;3.3250000e+02;-6.8848185e-02;3.3250000e+02;-1.1226430e-01;3.3250000e+02;-1.5527368e-01;3.3250000e+02;-1.9775015e-01;3.3250000e+02;-8.4266156e-02;3.3250000e+02;-6.0931932e-02;3.3250000e+02;-1.8315576e-02;3.3250000e+02;3.9630421e-02;3.3250000e+02;1.0849494e-01;3.3250000e+02;1.6033317e-01;3.3250000e+02;2.2221372e-01;3.3250000e+02;2.4476701e-01;3.3250000e+02;2.3298711e-01;3.3250000e+02;2.1310559e-01;3.3250000e+02;1.4144462e-01;3.3250000e+02;7.6500118e-02;3.3250000e+02;2.1895632e-02;3.3250000e+02;-2.5173046e-02;3.3250000e+02;-6.8848185e-02;3.3250000e+02;-1.1226430e-01;3.3250000e+02;-1.5527368e-01;3.3250000e+02;-1.9775015e-01;3.3250000e+02;-8.4266156e-02;3.3250000e+02;-6.0931932e-02;3.3250000e+02;-1.8315576e-02;3.3250000e+02;3.9630421e-02;3.3250000e+02;1.0849494e-01;3.3250000e+02;1.6033317e-01;3.3250000e+02;2.2221372e-01;3.3250000e+02;2.4476701e-01;3.3250000e+02;2.3298711e-01;3.3250000e+02;2.1310559e-01;3.3250000e+02;1.4144462e-01;3.3250000e+02;7.6500118e-02;3.3250000e+02;2.1895632e-02;3.3250000e+02;-2.5173046e-02;3.3250000e+02;-6.8848185e-02;3.3250000e+02;-1.1226430e-01;3.3250000e+02;-1.5527368e-01;3.3250000e+02;-1.9775015e-01;3.3250000e+02;-8.4266156e-02;3.3250000e+02;-6.0931932e-02;3.3250000e+02;-1.8315576e-02;3.3250000e+02;3.9630421e-02;3.3250000e+02;1.0849494e-01;3.3250000e+02;1.6033317e-01;3.3250000e+02;2.2221372e-01;3.3250000e+02;2.4476701e-01;3.3250000e+02;2.3298711e-01;3.3250000e+02;2.1310559e-01;3.3250000e+02;1.4144462e-01;3.3250000e+02;7.6500118e-02;3.3250000e+02;2.1895632e-02;3.3250000e+02;-2.5173046e-02;3.3250000e+02;-6.8848185e-02;3.3250000e+02;-1.1226430e-01;3.3250000e+02;-1.5527368e-01;3.3250000e+02;-1.9775015e-01;3.3250000e+02;-8.4266156e-02;3.3250000e+02;-6.0931932e-02;3.3250000e+02;-1.8315576e-02;3.3250000e+02;3.9630421e-02;3.3250000e+02;1.0849494e-01;3.3250000e+02;1.6033317e-01;3.3250000e+02;2.2221372e-01;3.3250000e+02;2.4476701e-01;3.3250000e+02;2.3298711e-01;3.3250000e+02;2.1310559e-01;3.3250000e+02;1.4144462e-01;3.3250000e+02;7.6500118e-02;3.3250000e+02;2.1895632e-02;3.3250000e+02;-2.5173046e-02;3.3250000e+02;-6.8848185e-02;3.3250000e+02;-1.1226430e-01;3.3250000e+02;-1.5527368e-01;3.3250000e+02;-1.9775015e-01;3.3250000e+02;-8.4266156e-02;3.3250000e+02;-6.0931932e-02;3.3250000e+02;-1.8315576e-02;3.3250000e+02;3.9630421e-02;3.3250000e+02;1.0849494e-01;3.3250000e+02;1.6033317e-01;3.3250000e+02;2.2221372e-01;3.3250000e+02;2.4476701e-01;3.3250000e+02;2.3298711e-01;3.3250000e+02;2.1310559e-01;3.3250000e+02;1.4144462e-01;3.3250000e+02;7.6500118e-02;3.3250000e+02;2.1895632e-02;3.3250000e+02;-2.5173046e-02;3.3250000e+02;-6.8848185e-02;3.3250000e+02;-1.1226430e-01;3.3250000e+02;-1.5527368e-01;3.3250000e+02;-1.9775015e-01;3.3250000e+02;-8.4266156e-02;3.3250000e+02;-6.0931932e-02;3.3250000e+02;-1.8315576e-02;3.3250000e+02;3.9630421e-02;3.3250000e+02;1.0849494e-01;3.3250000e+02;1.6033317e-01;3.3250000e+02;2.2221372e-01;3.3250000e+02;2.4476701e-01;3.3250000e+02;2.3298711e-01;3.3250000e+02;2.1310559e-01;3.3250000e+02;1.4144462e-01;3.3250000e+02;7.6500118e-02;3.3250000e+02;2.1895632e-02;3.3250000e+02;-2.5173046e-02;3.3250000e+02;-6.8848185e-02;3.3250000e+02;-1.1226430e-01;3.3250000e+02;-1.5527368e-01;3.3250000e+02;-1.9775015e-01;3.3250000e+02;-8.4266156e-02;3.3250000e+02;-6.0931932e-02;3.3250000e+02;-1.8315576e-02;3.3250000e+02;3.9630421e-02;3.3250000e+02;1.0849494e-01;3.3250000e+02;1.6033317e-01;3.3250000e+02;2.2221372e-01;3.3250000e+02;2.4476701e-01;3.3250000e+02;2.3298711e-01;3.3250000e+02;2.1310559e-01;3.3250000e+02;1.4144462e-01;3.3250000e+02;7.6500118e-02;3.3250000e+02;2.1895632e-02;3.3250000e+02;-2.5173046e-02;3.3250000e+02;-6.8848185e-02;3.3250000e+02;-1.1226430e-01;3.3250000e+02;-1.5527368e-01;3.3250000e+02;-1.9775015e-01;3.3250000e+02;-8.4266156e-02;3.3250000e+02;-6.0931932e-02;3.3250000e+02;-1.8315576e-02;3.3250000e+02;3.9630421e-02;3.3250000e+02;1.0849494e-01;3.3250000e+02;1.6033317e-01;3.3250000e+02;2.2221372e-01;3.3250000e+02;2.4476701e-01;3.3250000e+02;2.3298711e-01;3.3250000e+02;2.1310559e-01;3.3250000e+02;1.4144462e-01;3.3250000e+02;7.6500118e-02;3.3250000e+02;2.1895632e-02;3.3250000e+02;-2.5173046e-02;3.3250000e+02;-6.8848185e-02;3.3250000e+02;-1.1226430e-01;3.3250000e+02;-1.5527368e-01;3.3250000e+02;-1.9775015e-01;3.3250000e+02;-8.4266156e-02;3.3250000e+02;-6.0931932e-02;3.3250000e+02;-1.8315576e-02;3.3250000e+02;3.9630421e-02;3.3250000e+02;1.0849494e-01;3.3250000e+02;1.6033317e-01;3.3250000e+02;2.2221372e-01;3.3250000e+02;2.4476701e-01;3.3250000e+02;2.3298711e-01;3.3250000e+02;2.1310559e-01;3.3250000e+02;1.4144462e-01;3.3250000e+02;7.6500118e-02;3.3250000e+02;2.1895632e-02;3.3250000e+02;-2.5173046e-02;3.3250000e+02;-6.8848185e-02;3.3250000e+02;-1.1226430e-01;3.3250000e+02;-1.5527368e-01;3.3250000e+02;-1.9775015e-01;3.3250000e+02;-8.4266156e-02;3.3250000e+02;-6.0931932e-02;3.3250000e+02;-1.8315576e-02;3.3250000e+02;3.9630421e-02;3.3250000e+02;1.0849494e-01;3.3250000e+02;1.6033317e-01;3.3250000e+02;2.2221372e-01;3.3250000e+02;2.4476701e-01;3.3250000e+02;2.3298711e-01;3.3250000e+02;2.1310559e-01;3.3250000e+02;1.4144462e-01;3.3250000e+02;7.6500118e-02;3.3250000e+02;2.1895632e-02;3.3250000e+02;-2.5173046e-02;3.3250000e+02;-6.8848185e-02;3.3250000e+02;-1.1226430e-01;3.3250000e+02;-1.5527368e-01;3.3250000e+02;-1.9775015e-01;3.3250000e+02;-8.4266156e-02;3.3250000e+02;-6.0931932e-02;3.3250000e+02;-1.8315576e-02;3.3250000e+02;3.9630421e-02;3.3250000e+02;1.0849494e-01;3.3250000e+02;1.6033317e-01;3.3250000e+02;2.2221372e-01;3.3250000e+02;2.4476701e-01;3.3250000e+02;2.3298711e-01;3.3250000e+02;2.1310559e-01;3.3250000e+02;1.4144462e-01;3.3250000e+02;7.6500118e-02;3.3250000e+02;2.1895632e-02;3.3250000e+02;-2.5173046e-02;3.3250000e+02;-6.8848185e-02;3.3250000e+02;-1.1226430e-01;3.3250000e+02;-1.5527368e-01;3.3250000e+02;-1.9775015e-01;3.3250000e+02;-8.4266156e-02;3.3250000e+02;-6.0931932e-02;3.3250000e+02;-1.8315576e-02;3.3250000e+02;3.9630421e-02;3.3250000e+02;1.0849494e-01;3.3250000e+02;1.6033317e-01;3.3250000e+02;2.2221372e-01;3.3250000e+02;2.4476701e-01;3.3250000e+02;2.3298711e-01;3.3250000e+02;2.1310559e-01;3.3250000e+02;1.4144462e-01;3.3250000e+02;7.6500118e-02;3.3250000e+02;2.1895632e-02;3.3250000e+02;-2.5173046e-02;3.3250000e+02;-6.8848185e-02;3.3250000e+02;-1.1226430e-01;3.3250000e+02;-1.5527368e-01;3.3250000e+02;-1.9775015e-01;3.3250000e+02;-8.4266156e-02;3.3250000e+02;-6.0931932e-02;3.3250000e+02;-1.8315576e-02;3.3250000e+02;3.9630421e-02;3.3250000e+02;1.0849494e-01;3.3250000e+02;1.6033317e-01;3.3250000e+02;2.2221372e-01;3.3250000e+02;2.4476701e-01;3.3250000e+02;2.3298711e-01;3.3250000e+02;2.1310559e-01;3.3250000e+02;1.4144462e-01;3.3250000e+02;7.6500118e-02;3.3250000e+02;2.1895632e-02;3.3250000e+02;-2.5173046e-02;3.3250000e+02;-6.8848185e-02;3.3250000e+02;-1.1226430e-01;3.3250000e+02;-1.5527368e-01;3.3250000e+02;-1.9775015e-01;3.3250000e+02;-8.4266156e-02;3.3250000e+02;-6.0931932e-02;3.3250000e+02;-1.8315576e-02;3.3250000e+02;3.9630421e-02;3.3250000e+02;1.0849494e-01;3.3250000e+02;1.6033317e-01;3.3250000e+02;2.2221372e-01;3.3250000e+02;2.4476701e-01;3.3250000e+02;2.3298711e-01;3.3250000e+02;2.1310559e-01;3.3250000e+02;1.4144462e-01;3.3250000e+02;7.6500118e-02;3.3250000e+02;2.1895632e-02;3.3250000e+02;-2.5173046e-02;3.3250000e+02;-6.8848185e-02;3.3250000e+02;-1.1226430e-01;3.3250000e+02;-1.5527368e-01;3.3250000e+02;-1.9775015e-01;3.3250000e+02;-8.4266156e-02;3.3250000e+02;-6.0931932e-02;3.3250000e+02;-1.8315576e-02;3.3250000e+02;3.9630421e-02;3.3250000e+02;1.0849494e-01;3.3250000e+02;1.6033317e-01;3.3250000e+02;2.2221372e-01;3.3250000e+02;2.4476701e-01;3.3250000e+02;2.3298711e-01;3.3250000e+02;2.1310559e-01;3.3250000e+02;1.4144462e-01;3.3250000e+02;7.6500118e-02;3.3250000e+02;2.1895632e-02;3.3250000e+02;-2.5173046e-02;3.3250000e+02;-6.8848185e-02;3.3250000e+02;-1.1226430e-01;3.3250000e+02;-1.5527368e-01;3.3250000e+02;-1.9775015e-01;3.3250000e+02;-8.4266156e-02;3.3250000e+02;-6.0931932e-02;3.3250000e+02;-1.8315576e-02;3.3250000e+02;3.9630421e-02;3.3250000e+02;1.0849494e-01;3.3250000e+02;1.6033317e-01;3.3250000e+02;2.2221372e-01;3.3250000e+02;2.4476701e-01;3.3250000e+02;2.3298711e-01;3.3250000e+02;2.1310559e-01;3.3250000e+02;1.4144462e-01;3.3250000e+02;7.6500118e-02;3.3250000e+02;2.1895632e-02;3.3250000e+02;-2.5173046e-02;3.3250000e+02;-6.8848185e-02;3.3250000e+02;-1.1226430e-01;3.3250000e+02;-1.5527368e-01;3.3250000e+02;-1.9775015e-01;3.3250000e+02;-8.4266156e-02;3.3250000e+02;-6.0931932e-02;3.3250000e+02;-1.8315576e-02;3.3250000e+02;3.9630421e-02;3.3250000e+02;1.0849494e-01;3.3250000e+02;1.6033317e-01;3.3250000e+02;2.2221372e-01;3.3250000e+02;2.4476701e-01;3.3250000e+02;2.3298711e-01;3.3250000e+02;2.1310559e-01;3.3250000e+02;1.4144462e-01;3.3250000e+02;7.6500118e-02;3.3250000e+02;2.1895632e-02;3.3250000e+02;-2.5173046e-02;3.3250000e+02;-6.8848185e-02;3.3250000e+02;-1.1226430e-01;3.3250000e+02;-1.5527368e-01;3.3250000e+02;-1.9775015e-01;3.3250000e+02;-8.4266156e-02;3.3250000e+02;-6.0931932e-02;3.3250000e+02;-1.8315576e-02;3.3250000e+02;3.9630421e-02;3.3250000e+02;1.0849494e-01;3.3250000e+02;1.6033317e-01;3.3250000e+02;2.2221372e-01;3.3250000e+02;2.4476701e-01;3.3250000e+02;2.3298711e-01;3.3250000e+02;2.1310559e-01;3.3250000e+02;1.4144462e-01;3.3250000e+02;7.6500118e-02;3.3250000e+02;2.1895632e-02;3.3250000e+02;-2.5173046e-02;3.3250000e+02;-6.8848185e-02;3.3250000e+02;-1.1226430e-01;3.3250000e+02;-1.5527368e-01;3.3250000e+02;-1.9775015e-01;3.3250000e+02;-8.4266156e-02;3.3250000e+02;-6.0931932e-02;3.3250000e+02;-1.8315576e-02;3.3250000e+02;3.9630421e-02;3.3250000e+02;1.0849494e-01;3.3250000e+02;1.6033317e-01;3.3250000e+02;2.2221372e-01;3.3250000e+02;2.4476701e-01;3.3250000e+02;2.3298711e-01;3.3250000e+02;2.1310559e-01;3.3250000e+02;1.4144462e-01;3.3250000e+02;7.6500118e-02;3.3250000e+02;2.1895632e-02;3.3250000e+02;-2.5173046e-02;3.3250000e+02;-6.8848185e-02;3.3250000e+02;-1.1226430e-01;3.3250000e+02;-1.5527368e-01;3.3250000e+02;-1.9775015e-01;3.3250000e+02;-8.4266156e-02;3.3250000e+02;-6.0931932e-02;3.3250000e+02;-1.8315576e-02;3.3250000e+02;3.9630421e-02;3.3250000e+02;1.0849494e-01;3.3250000e+02;1.6033317e-01;3.3250000e+02;2.2221372e-01;3.3250000e+02;2.4476701e-01;3.3250000e+02;2.3298711e-01;3.3250000e+02;2.1310559e-01;3.3250000e+02;1.4144462e-01;3.3250000e+02;7.6500118e-02;3.3250000e+02;2.1895632e-02;3.3250000e+02;-2.5173046e-02;3.3250000e+02;-6.8848185e-02;3.3250000e+02;-1.1226430e-01;3.3250000e+02;-1.5527368e-01;3.3250000e+02;-1.9775015e-01;3.3250000e+02;-8.4266156e-02;3.3250000e+02;-6.0931932e-02;3.3250000e+02;-1.8315576e-02;3.3250000e+02;3.9630421e-02;3.3250000e+02;1.0849494e-01;3.3250000e+02;1.6033317e-01;3.3250000e+02;2.2221372e-01;3.3250000e+02;2.4476701e-01;3.3250000e+02;2.3298711e-01;3.3250000e+02;2.1310559e-01;3.3250000e+02;1.4144462e-01;3.3250000e+02;7.6500118e-02;3.3250000e+02;2.1895632e-02;3.3250000e+02;-2.5173046e-02;3.3250000e+02;-6.8848185e-02;3.3250000e+02;-1.1226430e-01;3.3250000e+02;-1.5527368e-01;3.3250000e+02;-1.9775015e-01;3.3250000e+02;-8.4266156e-02;3.3250000e+02;-6.0931932e-02;3.3250000e+02;-1.8315576e-02;3.3250000e+02;3.9630421e-02;3.3250000e+02;1.0849494e-01;3.3250000e+02;1.6033317e-01;3.3250000e+02;2.2221372e-01;3.3250000e+02;2.4476701e-01;3.3250000e+02;2.3298711e-01;3.3250000e+02;2.1310559e-01;3.3250000e+02;1.4144462e-01;3.3250000e+02;7.6500118e-02;3.3250000e+02;2.1895632e-02;3.3250000e+02;-2.5173046e-02;3.3250000e+02;-6.8848185e-02;3.3250000e+02;-1.1226430e-01;3.3250000e+02;-1.5527368e-01;3.3250000e+02;-1.9775015e-01;3.3250000e+02;-8.4266156e-02;3.3250000e+02;-6.0931932e-02;3.3250000e+02;-1.8315576e-02;3.3250000e+02;3.9630421e-02;3.3250000e+02;1.0849494e-01;3.3250000e+02;1.6033317e-01;3.3250000e+02;2.2221372e-01;3.3250000e+02;2.4476701e-01;3.3250000e+02;2.3298711e-01;3.3250000e+02;2.1310559e-01;3.3250000e+02;1.4144462e-01;3.3250000e+02;7.6500118e-02;3.3250000e+02;2.1895632e-02;3.3250000e+02;-2.5173046e-02;3.3250000e+02;-6.8848185e-02;3.3250000e+02;-1.1226430e-01;3.3250000e+02;-1.5527368e-01;3.3250000e+02;-1.9775015e-01;3.3250000e+02;-8.4266156e-02;3.3250000e+02;-6.0931932e-02;3.3250000e+02;-1.8315576e-02;3.3250000e+02;3.9630421e-02;3.3250000e+02;1.0849494e-01;3.3250000e+02;1.6033317e-01;3.3250000e+02;2.2221372e-01;3.3250000e+02;2.4476701e-01;3.3250000e+02;2.3298711e-01;3.3250000e+02;2.1310559e-01;3.3250000e+02;1.4144462e-01;3.3250000e+02;7.6500118e-02;3.3250000e+02;2.1895632e-02;3.3250000e+02;-2.5173046e-02;3.3250000e+02;-6.8848185e-02;3.3250000e+02;-1.1226430e-01;3.3250000e+02;-1.5527368e-01;3.3250000e+02;-1.9775015e-01;3.3250000e+02;-8.4266156e-02;3.3250000e+02;-6.0931932e-02;3.3250000e+02;-1.8315576e-02;3.3250000e+02;3.9630421e-02;3.3250000e+02;1.0849494e-01;3.3250000e+02;1.6033317e-01;3.3250000e+02;2.2221372e-01;3.3250000e+02;2.4476701e-01;3.3250000e+02;2.3298711e-01;3.3250000e+02;2.1310559e-01;3.3250000e+02;1.4144462e-01;3.3250000e+02;7.6500118e-02;3.3250000e+02;2.1895632e-02;3.3250000e+02;-2.5173046e-02;3.3250000e+02;-6.8848185e-02;3.3250000e+02;-1.1226430e-01;3.3250000e+02;-1.5527368e-01;3.3250000e+02;-1.9775015e-01;3.3250000e+02;-8.4266156e-02;3.3250000e+02;-6.0931932e-02;3.3250000e+02;-1.8315576e-02;3.3250000e+02;3.9630421e-02;3.3250000e+02;1.0849494e-01;3.3250000e+02;1.6033317e-01;3.3250000e+02;2.2221372e-01;3.3250000e+02;2.4476701e-01;3.3250000e+02;2.3298711e-01;3.3250000e+02;2.1310559e-01;3.3250000e+02;1.4144462e-01;3.3250000e+02;7.6500118e-02;3.3250000e+02;2.1895632e-02;3.3250000e+02;-2.5173046e-02;3.3250000e+02;-6.8848185e-02;3.3250000e+02;-1.1226430e-01;3.3250000e+02;-1.5527368e-01;3.3250000e+02;-1.9775015e-01;3.3250000e+02;-8.4266156e-02;3.3250000e+02;-6.0931932e-02;3.3250000e+02;-1.8315576e-02;3.3250000e+02;3.9630421e-02;3.3250000e+02;1.0849494e-01;3.3250000e+02;1.6033317e-01;3.3250000e+02;2.2221372e-01;3.3250000e+02;2.4476701e-01;3.3250000e+02;2.3298711e-01;3.3250000e+02;2.1310559e-01;3.3250000e+02;1.4144462e-01;3.3250000e+02;7.6500118e-02;3.3250000e+02;2.1895632e-02;3.3250000e+02;-2.5173046e-02;3.3250000e+02;-6.8848185e-02;3.3250000e+02;-1.1226430e-01;3.3250000e+02;-1.5527368e-01;3.3250000e+02;-1.9775015e-01;3.3250000e+02;-8.4266156e-02;3.3250000e+02;-6.0931932e-02;3.3250000e+02;-1.8315576e-02;3.3250000e+02;3.9630421e-02;3.3250000e+02;1.0849494e-01;3.3250000e+02;1.6033317e-01;3.3250000e+02;2.2221372e-01;3.3250000e+02;2.4476701e-01;3.3250000e+02;2.3298711e-01;3.3250000e+02;2.1310559e-01;3.3250000e+02;1.4144462e-01;3.3250000e+02;7.6500118e-02;3.3250000e+02;2.1895632e-02;3.3250000e+02;-2.5173046e-02;3.3250000e+02;-6.8848185e-02;3.3250000e+02;-1.1226430e-01;3.3250000e+02;-1.5527368e-01;3.3250000e+02;-1.9775015e-01;3.3250000e+02;-8.4266156e-02;3.3250000e+02;-6.0931932e-02;3.3250000e+02;-1.8315576e-02;3.3250000e+02;3.9630421e-02;3.3250000e+02;1.0849494e-01;3.3250000e+02;1.6033317e-01;3.3250000e+02;2.2221372e-01;3.3250000e+02;2.4476701e-01;3.3250000e+02;2.3298711e-01;3.3250000e+02;2.1310559e-01;3.3250000e+02;1.4144462e-01;3.3250000e+02;7.6500118e-02;3.3250000e+02;2.1895632e-02;3.3250000e+02;-2.5173046e-02;3.3250000e+02;-6.8848185e-02;3.3250000e+02;-1.1226430e-01;3.3250000e+02;-1.5527368e-01;3.3250000e+02;-1.9775015e-01;3.3250000e+02;-8.4266156e-02;3.3250000e+02;-6.0931932e-02;3.3250000e+02;-1.8315576e-02;3.3250000e+02;3.9630421e-02;3.3250000e+02;1.0849494e-01;3.3250000e+02;1.6033317e-01;3.3250000e+02;2.2221372e-01;3.3250000e+02;2.4476701e-01;3.3250000e+02;2.3298711e-01;3.3250000e+02;2.1310559e-01;3.3250000e+02;1.4144462e-01;3.3250000e+02;7.6500118e-02;3.3250000e+02;2.1895632e-02;3.3250000e+02;-2.5173046e-02;3.3250000e+02;-6.8848185e-02;3.3250000e+02;-1.1226430e-01;3.3250000e+02;-1.5527368e-01;3.3250000e+02;-1.9775015e-01;3.3250000e+02;-8.4266156e-02;3.3250000e+02;-6.0931932e-02;3.3250000e+02;-1.8315576e-02;3.3250000e+02;3.9630421e-02;3.3250000e+02;1.0849494e-01;3.3250000e+02;1.6033317e-01;3.3250000e+02;2.2221372e-01;3.3250000e+02;2.4476701e-01;3.3250000e+02;2.3298711e-01;3.3250000e+02;2.1310559e-01;3.3250000e+02;1.4144462e-01;3.3250000e+02;7.6500118e-02;3.3250000e+02;2.1895632e-02;3.3250000e+02;-2.5173046e-02;3.3250000e+02;-6.8848185e-02;3.3250000e+02;-1.1226430e-01;3.3250000e+02;-1.5527368e-01;3.3250000e+02;-1.9775015e-01;3.3250000e+02;-8.4266156e-02;3.3250000e+02;-6.0931932e-02;3.3250000e+02;-1.8315576e-02;3.3250000e+02;3.9630421e-02;3.3250000e+02;1.0849494e-01;3.3250000e+02;1.6033317e-01;3.3250000e+02;2.2221372e-01;3.3250000e+02;2.4476701e-01;3.3250000e+02;2.3298711e-01;3.3250000e+02;2.1310559e-01;3.3250000e+02;1.4144462e-01;3.3250000e+02;7.6500118e-02;3.3250000e+02;2.1895632e-02;3.3250000e+02;-2.5173046e-02;3.3250000e+02;-6.8848185e-02;3.3250000e+02;-1.1226430e-01;3.3250000e+02;-1.5527368e-01;3.3250000e+02;-1.9775015e-01;3.3250000e+02;-8.4266156e-02;3.3250000e+02;-6.0931932e-02;3.3250000e+02;-1.8315576e-02;3.3250000e+02;3.9630421e-02;3.3250000e+02;1.0849494e-01;3.3250000e+02;1.6033317e-01;3.3250000e+02;2.2221372e-01;3.3250000e+02;2.4476701e-01;3.3250000e+02;2.3298711e-01;3.3250000e+02;2.1310559e-01;3.3250000e+02;1.4144462e-01;3.3250000e+02;7.6500118e-02;3.3250000e+02;2.1895632e-02;3.3250000e+02;-2.5173046e-02;3.3250000e+02;-6.8848185e-02;3.3250000e+02;-1.1226430e-01;3.3250000e+02;-1.5527368e-01;3.3250000e+02;-1.9775015e-01;3.3250000e+02;-8.4266156e-02;3.3250000e+02;-6.0931932e-02;3.3250000e+02;-1.8315576e-02;3.3250000e+02;3.9630421e-02;3.3250000e+02;1.0849494e-01;3.3250000e+02;1.6033317e-01;3.3250000e+02;2.2221372e-01;3.3250000e+02;2.4476701e-01;3.3250000e+02;2.3298711e-01;3.3250000e+02;2.1310559e-01;3.3250000e+02;1.4144462e-01;3.3250000e+02;7.6500118e-02;3.3250000e+02;2.1895632e-02;3.3250000e+02;-2.5173046e-02;3.3250000e+02;-6.8848185e-02;3.3250000e+02;-1.1226430e-01;3.3250000e+02;-1.5527368e-01;3.3250000e+02;-1.9775015e-01;3.3250000e+02;-8.4266156e-02;3.3250000e+02;-6.0931932e-02;3.3250000e+02;-1.8315576e-02;3.3250000e+02;3.9630421e-02;3.3250000e+02;1.0849494e-01;3.3250000e+02;1.6033317e-01;3.3250000e+02;2.2221372e-01;3.3250000e+02;2.4476701e-01;3.3250000e+02;2.3298711e-01;3.3250000e+02;2.1310559e-01;3.3250000e+02;1.4144462e-01;3.3250000e+02;7.6500118e-02;3.3250000e+02;2.1895632e-02;3.3250000e+02;-2.5173046e-02;3.3250000e+02;-6.8848185e-02;3.3250000e+02;-1.1226430e-01;3.3250000e+02;-1.5527368e-01;3.3250000e+02;-1.9775015e-01;3.3250000e+02;-8.4266156e-02;3.3250000e+02;-6.0931932e-02;3.3250000e+02;-1.8315576e-02;3.3250000e+02;3.9630421e-02;3.3250000e+02;1.0849494e-01;3.3250000e+02;1.6033317e-01;3.3250000e+02;2.2221372e-01;3.3250000e+02;2.4476701e-01;3.3250000e+02;2.3298711e-01;3.3250000e+02;2.1310559e-01;3.3250000e+02;1.4144462e-01;3.3250000e+02;7.6500118e-02;3.3250000e+02;2.1895632e-02;3.3250000e+02;-2.5173046e-02;3.3250000e+02;-6.8848185e-02;3.3250000e+02;-1.1226430e-01;3.3250000e+02;-1.5527368e-01;3.3250000e+02;-1.9775015e-01;3.3250000e+02;-8.4266156e-02;3.3250000e+02;-6.0931932e-02;3.3250000e+02;-1.8315576e-02;3.3250000e+02;3.9630421e-02;3.3250000e+02;1.0849494e-01;3.3250000e+02;1.6033317e-01;3.3250000e+02;2.2221372e-01;3.3250000e+02;2.4476701e-01;3.3250000e+02;2.3298711e-01;3.3250000e+02;2.1310559e-01;3.3250000e+02;1.4144462e-01;3.3250000e+02;7.6500118e-02;3.3250000e+02;2.1895632e-02;3.3250000e+02;-2.5173046e-02;3.3250000e+02;-6.8848185e-02;3.3250000e+02;-1.1226430e-01;3.3250000e+02;-1.5527368e-01;3.3250000e+02;-1.9775015e-01;3.3250000e+02;-8.4266156e-02;3.3250000e+02;-6.0931932e-02;3.3250000e+02;-1.8315576e-02;3.3250000e+02;3.9630421e-02;3.3250000e+02;1.0849494e-01;3.3250000e+02;1.6033317e-01;3.3250000e+02;2.2221372e-01;3.3250000e+02;2.4476701e-01;3.3250000e+02;2.3298711e-01;3.3250000e+02;2.1310559e-01;3.3250000e+02;1.4144462e-01;3.3250000e+02;7.6500118e-02;3.3250000e+02;2.1895632e-02;3.3250000e+02;-2.5173046e-02;3.3250000e+02;-6.8848185e-02;3.3250000e+02;-1.1226430e-01;3.3250000e+02;-1.5527368e-01;3.3250000e+02;-1.9775015e-01;3.3250000e+02;-8.4266156e-02;3.3250000e+02;-6.0931932e-02;3.3250000e+02;-1.8315576e-02;3.3250000e+02;3.9630421e-02;3.3250000e+02;1.0849494e-01;3.3250000e+02;1.6033317e-01;3.3250000e+02;2.2221372e-01;3.3250000e+02;2.4476701e-01;3.3250000e+02;2.3298711e-01;3.3250000e+02;2.1310559e-01;3.3250000e+02;1.4144462e-01;3.3250000e+02;7.6500118e-02;3.3250000e+02;2.1895632e-02;3.3250000e+02;-2.5173046e-02;3.3250000e+02;-6.8848185e-02;3.3250000e+02;-1.1226430e-01;3.3250000e+02;-1.5527368e-01;3.3250000e+02;-1.9775015e-01;3.3250000e+02;-8.4266156e-02;3.3250000e+02;-6.0931932e-02;3.3250000e+02;-1.8315576e-02;3.3250000e+02;3.9630421e-02;3.3250000e+02;1.0849494e-01;3.3250000e+02;1.6033317e-01;3.3250000e+02;2.2221372e-01;3.3250000e+02;2.4476701e-01;3.3250000e+02;2.3298711e-01;3.3250000e+02;2.1310559e-01;3.3250000e+02;1.4144462e-01;3.3250000e+02;7.6500118e-02;3.3250000e+02;2.1895632e-02;3.3250000e+02;-2.5173046e-02;3.3250000e+02;-6.8848185e-02;3.3250000e+02;-1.1226430e-01;3.3250000e+02;-1.5527368e-01;3.3250000e+02;-1.9775015e-01;3.3250000e+02;-8.4266156e-02;3.3250000e+02;-6.0931932e-02;3.3250000e+02;-1.8315576e-02;3.3250000e+02;3.9630421e-02;3.3250000e+02;1.0849494e-01;3.3250000e+02;1.6033317e-01;3.3250000e+02;2.2221372e-01;3.3250000e+02;2.4476701e-01;3.3250000e+02;2.3298711e-01;3.3250000e+02;2.1310559e-01;3.3250000e+02;1.4144462e-01;3.3250000e+02;7.6500118e-02;3.3250000e+02;2.1895632e-02;3.3250000e+02;-2.5173046e-02;3.3250000e+02;-6.8848185e-02;3.3250000e+02;-1.1226430e-01;3.3250000e+02;-1.5527368e-01;3.3250000e+02;-1.9775015e-01;3.3250000e+02;-8.4266156e-02;3.3250000e+02;-6.0931932e-02;3.3250000e+02;-1.8315576e-02;3.3250000e+02;3.9630421e-02;3.3250000e+02;1.0849494e-01;3.3250000e+02;1.6033317e-01;3.3250000e+02;2.2221372e-01;3.3250000e+02;2.4476701e-01;3.3250000e+02;2.3298711e-01;3.3250000e+02;2.1310559e-01;3.3250000e+02;1.4144462e-01;3.3250000e+02;7.6500118e-02;3.3250000e+02;2.1895632e-02;3.3250000e+02;-2.5173046e-02;3.3250000e+02;-6.8848185e-02;3.3250000e+02;-1.1226430e-01;3.3250000e+02;-1.5527368e-01;3.3250000e+02;-1.9775015e-01;3.3250000e+02;-8.4266156e-02;3.3250000e+02;-6.0931932e-02;3.3250000e+02;-1.8315576e-02;3.3250000e+02;3.9630421e-02;3.3250000e+02;1.0849494e-01;3.3250000e+02;1.6033317e-01;3.3250000e+02;2.2221372e-01;3.3250000e+02;2.4476701e-01;3.3250000e+02;2.3298711e-01;3.3250000e+02;2.1310559e-01;3.3250000e+02;1.4144462e-01;3.3250000e+02;7.6500118e-02;3.3250000e+02;2.1895632e-02;3.3250000e+02;-2.5173046e-02;3.3250000e+02;-6.8848185e-02;3.3250000e+02;-1.1226430e-01;3.3250000e+02;-1.5527368e-01;3.3250000e+02;-1.9775015e-01;3.3250000e+02;-8.4266156e-02;3.3250000e+02;-6.0931932e-02;3.3250000e+02;-1.8315576e-02;3.3250000e+02;3.9630421e-02;3.3250000e+02;1.0849494e-01;3.3250000e+02;1.6033317e-01;3.3250000e+02;2.2221372e-01;3.3250000e+02;2.4476701e-01;3.3250000e+02;2.3298711e-01;3.3250000e+02;2.1310559e-01;3.3250000e+02;1.4144462e-01;3.3250000e+02;7.6500118e-02;3.3250000e+02;2.1895632e-02;3.3250000e+02;-2.5173046e-02;3.3250000e+02;-6.8848185e-02;3.3250000e+02;-1.1226430e-01;3.3250000e+02;-1.5527368e-01;3.3250000e+02;-1.9775015e-01;3.3250000e+02;-8.4266156e-02;3.3250000e+02;-6.0931932e-02;3.3250000e+02;-1.8315576e-02;3.3250000e+02;3.9630421e-02;3.3250000e+02;1.0849494e-01;3.3250000e+02;1.6033317e-01;3.3250000e+02;2.2221372e-01;3.3250000e+02;2.4476701e-01;3.3250000e+02;2.3298711e-01;3.3250000e+02;2.1310559e-01;3.3250000e+02;1.4144462e-01;3.3250000e+02;7.6500118e-02;3.3250000e+02;2.1895632e-02;3.3250000e+02;-2.5173046e-02;3.3250000e+02;-6.8848185e-02;3.3250000e+02;-1.1226430e-01;3.3250000e+02;-1.5527368e-01;3.3250000e+02;-1.9775015e-01;3.3250000e+02;-8.4266156e-02;3.3250000e+02;-6.0931932e-02;3.3250000e+02;-1.8315576e-02;3.3250000e+02;3.9630421e-02;3.3250000e+02;1.0849494e-01;3.3250000e+02;1.6033317e-01;3.3250000e+02;2.2221372e-01;3.3250000e+02;2.4476701e-01;3.3250000e+02;2.3298711e-01;3.3250000e+02;2.1310559e-01;3.3250000e+02;1.4144462e-01;3.3250000e+02;7.6500118e-02;3.3250000e+02;2.1895632e-02;3.3250000e+02;-2.5173046e-02;3.3250000e+02;-6.8848185e-02;3.3250000e+02;-1.1226430e-01;3.3250000e+02;-1.5527368e-01;3.3250000e+02;-1.9775015e-01;3.3250000e+02;-8.4266156e-02;3.3250000e+02;-6.0931932e-02;3.3250000e+02;-1.8315576e-02;3.3250000e+02;3.9630421e-02;3.3250000e+02;1.0849494e-01;3.3250000e+02;1.6033317e-01;3.3250000e+02;2.2221372e-01;3.3250000e+02;2.4476701e-01;3.3250000e+02;2.3298711e-01;3.3250000e+02;2.1310559e-01;3.3250000e+02;1.4144462e-01;3.3250000e+02;7.6500118e-02;3.3250000e+02;2.1895632e-02;3.3250000e+02;-2.5173046e-02;3.3250000e+02;-6.8848185e-02;3.3250000e+02;-1.1226430e-01;3.3250000e+02;-1.5527368e-01;3.3250000e+02;-1.9775015e-01;3.3250000e+02;-8.4266156e-02;3.3250000e+02;-6.0931932e-02;3.3250000e+02;-1.8315576e-02;3.3250000e+02;3.9630421e-02;3.3250000e+02;1.0849494e-01;3.3250000e+02;1.6033317e-01;3.3250000e+02;2.2221372e-01;3.3250000e+02;2.4476701e-01;3.3250000e+02;2.3298711e-01;3.3250000e+02;2.1310559e-01;3.3250000e+02;1.4144462e-01;3.3250000e+02;7.6500118e-02;3.3250000e+02;2.1895632e-02;3.3250000e+02;-2.5173046e-02;3.3250000e+02;-6.8848185e-02;3.3250000e+02;-1.1226430e-01;3.3250000e+02;-1.5527368e-01;3.3250000e+02;-1.9775015e-01;3.3250000e+02;-8.4266156e-02;3.3250000e+02;-6.0931932e-02;3.3250000e+02;-1.8315576e-02;3.3250000e+02;3.9630421e-02;3.3250000e+02;1.0849494e-01;3.3250000e+02;1.6033317e-01;3.3250000e+02;2.2221372e-01;3.3250000e+02;2.4476701e-01;3.3250000e+02;2.3298711e-01;3.3250000e+02;2.1310559e-01;3.3250000e+02;1.4144462e-01;3.3250000e+02;7.6500118e-02;3.3250000e+02;2.1895632e-02;3.3250000e+02;-2.5173046e-02;3.3250000e+02;-6.8848185e-02;3.3250000e+02;-1.1226430e-01;3.3250000e+02;-1.5527368e-01;3.3250000e+02;-1.9775015e-01;3.3250000e+02;-8.4266156e-02;3.3250000e+02;-6.0931932e-02;3.3250000e+02;-1.8315576e-02;3.3250000e+02;3.9630421e-02;3.3250000e+02;1.0849494e-01;3.3250000e+02;1.6033317e-01;3.3250000e+02;2.2221372e-01;3.3250000e+02;2.4476701e-01;3.3250000e+02;2.3298711e-01;3.3250000e+02;2.1310559e-01;3.3250000e+02;1.4144462e-01;3.3250000e+02;7.6500118e-02;3.3250000e+02;2.1895632e-02;3.3250000e+02;-2.5173046e-02;3.3250000e+02;-6.8848185e-02;3.3250000e+02;-1.1226430e-01;3.3250000e+02;-1.5527368e-01;3.3250000e+02;-1.9775015e-01;3.3250000e+02;-8.4266156e-02;3.3250000e+02;-6.0931932e-02;3.3250000e+02;-1.8315576e-02;3.3250000e+02;3.9630421e-02;3.3250000e+02;1.0849494e-01;3.3250000e+02;1.6033317e-01;3.3250000e+02;2.2221372e-01;3.3250000e+02;2.4476701e-01;3.3250000e+02;2.3298711e-01;3.3250000e+02;2.1310559e-01;3.3250000e+02;1.4144462e-01;3.3250000e+02;7.6500118e-02;3.3250000e+02;2.1895632e-02;3.3250000e+02;-2.5173046e-02;3.3250000e+02;-6.8848185e-02;3.3250000e+02;-1.1226430e-01;3.3250000e+02;-1.5527368e-01;3.3250000e+02;-1.9775015e-01;3.3250000e+02;-8.4266156e-02;3.3250000e+02;-6.0931932e-02;3.3250000e+02;-1.8315576e-02;3.3250000e+02;3.9630421e-02;3.3250000e+02;1.0849494e-01;3.3250000e+02;1.6033317e-01;3.3250000e+02;2.2221372e-01;3.3250000e+02;2.4476701e-01;3.3250000e+02;2.3298711e-01;3.3250000e+02;2.1310559e-01;3.3250000e+02;1.4144462e-01;3.3250000e+02;7.6500118e-02;3.3250000e+02;2.1895632e-02;3.3250000e+02;-2.5173046e-02;3.3250000e+02;-6.8848185e-02;3.3250000e+02;-1.1226430e-01;3.3250000e+02;-1.5527368e-01;3.3250000e+02;-1.9775015e-01;3.3250000e+02;-8.4266156e-02;3.3250000e+02;-6.0931932e-02;3.3250000e+02;-1.8315576e-02;3.3250000e+02;3.9630421e-02;3.3250000e+02;1.0849494e-01;3.3250000e+02;1.6033317e-01;3.3250000e+02;2.2221372e-01;3.3250000e+02;2.4476701e-01;3.3250000e+02;2.3298711e-01;3.3250000e+02;2.1310559e-01;3.3250000e+02;1.4144462e-01;3.3250000e+02;7.6500118e-02;3.3250000e+02;2.1895632e-02;3.3250000e+02;-2.5173046e-02;3.3250000e+02;-6.8848185e-02;3.3250000e+02;-1.1226430e-01;3.3250000e+02;-1.5527368e-01;3.3250000e+02;-1.9775015e-01;3.3250000e+02;-8.4266156e-02;3.3250000e+02;-6.0931932e-02;3.3250000e+02;-1.8315576e-02;3.3250000e+02;3.9630421e-02;3.3250000e+02;1.0849494e-01;3.3250000e+02;1.6033317e-01;3.3250000e+02;2.2221372e-01;3.3250000e+02;2.4476701e-01;3.3250000e+02;2.3298711e-01;3.3250000e+02;2.1310559e-01;3.3250000e+02;1.4144462e-01;3.3250000e+02;7.6500118e-02;3.3250000e+02;2.1895632e-02;3.3250000e+02;-2.5173046e-02;3.3250000e+02;-6.8848185e-02;3.3250000e+02;-1.1226430e-01;3.3250000e+02;-1.5527368e-01;3.3250000e+02;-1.9775015e-01;3.3250000e+02;-8.4266156e-02;3.3250000e+02;-6.0931932e-02;3.3250000e+02;-1.8315576e-02;3.3250000e+02;3.9630421e-02;3.3250000e+02;1.0849494e-01;3.3250000e+02;1.6033317e-01;3.3250000e+02;2.2221372e-01;3.3250000e+02;2.4476701e-01;3.3250000e+02;2.3298711e-01;3.3250000e+02;2.1310559e-01;3.3250000e+02;1.4144462e-01;3.3250000e+02;7.6500118e-02;3.3250000e+02;2.1895632e-02;3.3250000e+02;-2.5173046e-02;3.3250000e+02;-6.8848185e-02;3.3250000e+02;-1.1226430e-01;3.3250000e+02;-1.5527368e-01;3.3250000e+02;-1.9775015e-01;3.3250000e+02;-8.4266156e-02;3.3250000e+02;-6.0931932e-02;3.3250000e+02;-1.8315576e-02;3.3250000e+02;3.9630421e-02;3.3250000e+02;1.0849494e-01;3.3250000e+02;1.6033317e-01;3.3250000e+02;2.2221372e-01;3.3250000e+02;2.4476701e-01;3.3250000e+02;2.3298711e-01;3.3250000e+02;2.1310559e-01;3.3250000e+02;1.4144462e-01;3.3250000e+02;7.6500118e-02;3.3250000e+02;2.1895632e-02;3.3250000e+02;-2.5173046e-02;3.3250000e+02;-6.8848185e-02;3.3250000e+02;-1.1226430e-01;3.3250000e+02;-1.5527368e-01;3.3250000e+02;-1.9775015e-01;3.3250000e+02;-8.4266156e-02;3.3250000e+02;-6.0931932e-02;3.3250000e+02;-1.8315576e-02;3.3250000e+02;3.9630421e-02;3.3250000e+02;1.0849494e-01;3.3250000e+02;1.6033317e-01;3.3250000e+02;2.2221372e-01;3.3250000e+02;2.4476701e-01;3.3250000e+02;2.3298711e-01;3.3250000e+02;2.1310559e-01;3.3250000e+02;1.4144462e-01;3.3250000e+02;7.6500118e-02;3.3250000e+02;2.1895632e-02;3.3250000e+02;-2.5173046e-02;3.3250000e+02;-6.8848185e-02;3.3250000e+02;-1.1226430e-01;3.3250000e+02;-1.5527368e-01;3.3250000e+02;-1.9775015e-01;3.3250000e+02;-8.4266156e-02;3.3250000e+02;-6.0931932e-02;3.3250000e+02;-1.8315576e-02;3.3250000e+02;3.9630421e-02;3.3250000e+02;1.0849494e-01;3.3250000e+02;1.6033317e-01;3.3250000e+02;2.2221372e-01;3.3250000e+02;2.4476701e-01;3.3250000e+02;2.3298711e-01;3.3250000e+02;2.1310559e-01;3.3250000e+02;1.4144462e-01;3.3250000e+02;7.6500118e-02;3.3250000e+02;2.1895632e-02;3.3250000e+02;-2.5173046e-02;3.3250000e+02;-6.8848185e-02;3.3250000e+02;-1.1226430e-01;3.3250000e+02;-1.5527368e-01;3.3250000e+02;-1.9775015e-01;3.3250000e+02;-8.4266156e-02;3.3250000e+02;-6.0931932e-02;3.3250000e+02;-1.8315576e-02;3.3250000e+02;3.9630421e-02;3.3250000e+02;1.0849494e-01;3.3250000e+02;1.6033317e-01;3.3250000e+02;2.2221372e-01;3.3250000e+02;2.4476701e-01;3.3250000e+02;2.3298711e-01;3.3250000e+02;2.1310559e-01;3.3250000e+02;1.4144462e-01;3.3250000e+02;7.6500118e-02;3.3250000e+02;2.1895632e-02;3.3250000e+02;-2.5173046e-02;3.3250000e+02;-6.8848185e-02;3.3250000e+02;-1.1226430e-01;3.3250000e+02;-1.5527368e-01;3.3250000e+02;-1.9775015e-01;3.3250000e+02;-8.4266156e-02;3.3250000e+02;-6.0931932e-02;3.3250000e+02;-1.8315576e-02;3.3250000e+02;3.9630421e-02;3.3250000e+02;1.0849494e-01;3.3250000e+02;1.6033317e-01;3.3250000e+02;2.2221372e-01;3.3250000e+02;2.4476701e-01;3.3250000e+02;2.3298711e-01;3.3250000e+02;2.1310559e-01;3.3250000e+02;1.4144462e-01;3.3250000e+02;7.6500118e-02;3.3250000e+02;2.1895632e-02;3.3250000e+02;-2.5173046e-02;3.3250000e+02;-6.8848185e-02;3.3250000e+02;-1.1226430e-01;3.3250000e+02;-1.5527368e-01;3.3250000e+02;-1.9775015e-01;3.3250000e+02;-8.4266156e-02;3.3250000e+02;-6.0931932e-02;3.3250000e+02;-1.8315576e-02;3.3250000e+02;3.9630421e-02;3.3250000e+02;1.0849494e-01;3.3250000e+02;1.6033317e-01;3.3250000e+02;2.2221372e-01;3.3250000e+02;2.4476701e-01;3.3250000e+02;2.3298711e-01;3.3250000e+02;2.1310559e-01;3.3250000e+02;1.4144462e-01;3.3250000e+02;7.6500118e-02;3.3250000e+02;2.1895632e-02;3.3250000e+02;-2.5173046e-02;3.3250000e+02;-6.8848185e-02;3.3250000e+02;-1.1226430e-01;3.3250000e+02;-1.5527368e-01;3.3250000e+02;-1.9775015e-01;3.3250000e+02;-8.4266156e-02;3.3250000e+02;-6.0931932e-02;3.3250000e+02;-1.8315576e-02;3.3250000e+02;3.9630421e-02;3.3250000e+02;1.0849494e-01;3.3250000e+02;1.6033317e-01;3.3250000e+02;2.2221372e-01;3.3250000e+02;2.4476701e-01;3.3250000e+02;2.3298711e-01;3.3250000e+02;2.1310559e-01;3.3250000e+02;1.4144462e-01;3.3250000e+02;7.6500118e-02;3.3250000e+02;2.1895632e-02;3.3250000e+02;-2.5173046e-02;3.3250000e+02;-6.8848185e-02;3.3250000e+02;-1.1226430e-01;3.3250000e+02;-1.5527368e-01;3.3250000e+02;-1.9775015e-01;3.3250000e+02;-8.4266156e-02;3.3250000e+02;-6.0931932e-02;3.3250000e+02;-1.8315576e-02;3.3250000e+02;3.9630421e-02;3.3250000e+02;1.0849494e-01;3.3250000e+02;1.6033317e-01;3.3250000e+02;2.2221372e-01;3.3250000e+02;2.4476701e-01;3.3250000e+02;2.3298711e-01;3.3250000e+02;2.1310559e-01;3.3250000e+02;1.4144462e-01;3.3250000e+02;7.6500118e-02;3.3250000e+02;2.1895632e-02;3.3250000e+02;-2.5173046e-02;3.3250000e+02;-6.8848185e-02;3.3250000e+02;-1.1226430e-01;3.3250000e+02;-1.5527368e-01;3.3250000e+02;-1.9775015e-01;3.3250000e+02;-8.4266156e-02;3.3250000e+02;-6.0931932e-02;3.3250000e+02;-1.8315576e-02;3.3250000e+02;3.9630421e-02;3.3250000e+02;1.0849494e-01;3.3250000e+02;1.6033317e-01;3.3250000e+02;2.2221372e-01;3.3250000e+02;2.4476701e-01;3.3250000e+02;2.3298711e-01;3.3250000e+02;2.1310559e-01;3.3250000e+02;1.4144462e-01;3.3250000e+02;7.6500118e-02;3.3250000e+02;2.1895632e-02;3.3250000e+02;-2.5173046e-02;3.3250000e+02;-6.8848185e-02;3.3250000e+02;-1.1226430e-01;3.3250000e+02;-1.5527368e-01;3.3250000e+02;-1.9775015e-01;3.3250000e+02;-8.4266156e-02;3.3250000e+02;-6.0931932e-02;3.3250000e+02;-1.8315576e-02;3.3250000e+02;3.9630421e-02;3.3250000e+02;1.0849494e-01;3.3250000e+02;1.6033317e-01;3.3250000e+02;2.2221372e-01;3.3250000e+02;2.4476701e-01;3.3250000e+02;2.3298711e-01;3.3250000e+02;2.1310559e-01;3.3250000e+02;1.4144462e-01;3.3250000e+02;7.6500118e-02;3.3250000e+02;2.1895632e-02;3.3250000e+02;-2.5173046e-02;3.3250000e+02;-6.8848185e-02;3.3250000e+02;-1.1226430e-01;3.3250000e+02;-1.5527368e-01;3.3250000e+02;-1.9775015e-01;3.3250000e+02;-8.4266156e-02;3.3250000e+02;-6.0931932e-02;3.3250000e+02;-1.8315576e-02;3.3250000e+02;3.9630421e-02;3.3250000e+02;1.0849494e-01;3.3250000e+02;1.6033317e-01;3.3250000e+02;2.2221372e-01;3.3250000e+02;2.4476701e-01;3.3250000e+02;2.3298711e-01;3.3250000e+02;2.1310559e-01;3.3250000e+02;1.4144462e-01;3.3250000e+02;7.6500118e-02;3.3250000e+02;2.1895632e-02;3.3250000e+02;-2.5173046e-02;3.3250000e+02;-6.8848185e-02;3.3250000e+02;-1.1226430e-01;3.3250000e+02;-1.5527368e-01;3.3250000e+02;-1.9775015e-01;3.3250000e+02;-8.4266156e-02;3.3250000e+02;-6.0931932e-02;3.3250000e+02;-1.8315576e-02;3.3250000e+02;3.9630421e-02;3.3250000e+02;1.0849494e-01;3.3250000e+02;1.6033317e-01;3.3250000e+02;2.2221372e-01;3.3250000e+02;2.4476701e-01;3.3250000e+02;2.3298711e-01;3.3250000e+02;2.1310559e-01;3.3250000e+02;1.4144462e-01;3.3250000e+02;7.6500118e-02;3.3250000e+02;2.1895632e-02;3.3250000e+02;-2.5173046e-02;3.3250000e+02;-6.8848185e-02;3.3250000e+02;-1.1226430e-01;3.3250000e+02;-1.5527368e-01;3.3250000e+02;-1.9775015e-01;3.3250000e+02;-8.4266156e-02;3.3250000e+02;-6.0931932e-02;3.3250000e+02;-1.8315576e-02;3.3250000e+02;3.9630421e-02;3.3250000e+02;1.0849494e-01;3.3250000e+02;1.6033317e-01;3.3250000e+02;2.2221372e-01;3.3250000e+02;2.4476701e-01;3.3250000e+02;2.3298711e-01;3.3250000e+02;2.1310559e-01;3.3250000e+02;1.4144462e-01;3.3250000e+02;7.6500118e-02;3.3250000e+02;2.1895632e-02;3.3250000e+02;-2.5173046e-02;3.3250000e+02;-6.8848185e-02;3.3250000e+02;-1.1226430e-01;3.3250000e+02;-1.5527368e-01;3.3250000e+02;-1.9775015e-01;3.3250000e+02;-8.4266156e-02;3.3250000e+02;-6.0931932e-02;3.3250000e+02;-1.8315576e-02;3.3250000e+02;3.9630421e-02;3.3250000e+02;1.0849494e-01;3.3250000e+02;1.6033317e-01;3.3250000e+02;2.2221372e-01;3.3250000e+02;2.4476701e-01;3.3250000e+02;2.3298711e-01;3.3250000e+02;2.1310559e-01;3.3250000e+02;1.4144462e-01;3.3250000e+02;7.6500118e-02;3.3250000e+02;2.1895632e-02;3.3250000e+02;-2.5173046e-02;3.3250000e+02;-6.8848185e-02;3.3250000e+02;-1.1226430e-01;3.3250000e+02;-1.5527368e-01;3.3250000e+02;-1.9775015e-01;3.3250000e+02;-8.4266156e-02;3.3250000e+02;-6.0931932e-02;3.3250000e+02;-1.8315576e-02;3.3250000e+02;3.9630421e-02;3.3250000e+02;1.0849494e-01;3.3250000e+02;1.6033317e-01;3.3250000e+02;2.2221372e-01;3.3250000e+02;2.4476701e-01;3.3250000e+02;2.3298711e-01;3.3250000e+02;2.1310559e-01;3.3250000e+02;1.4144462e-01;3.3250000e+02;7.6500118e-02;3.3250000e+02;2.1895632e-02;3.3250000e+02;-2.5173046e-02;3.3250000e+02;-6.8848185e-02;3.3250000e+02;-1.1226430e-01;3.3250000e+02;-1.5527368e-01;3.3250000e+02;-1.9775015e-01;3.3250000e+02;-8.4266156e-02;3.3250000e+02;-6.0931932e-02;3.3250000e+02;-1.8315576e-02;3.3250000e+02;3.9630421e-02;3.3250000e+02;1.0849494e-01;3.3250000e+02;1.6033317e-01;3.3250000e+02;2.2221372e-01;3.3250000e+02;2.4476701e-01;3.3250000e+02;2.3298711e-01;3.3250000e+02;2.1310559e-01;3.3250000e+02;1.4144462e-01;3.3250000e+02;7.6500118e-02;3.3250000e+02;2.1895632e-02;3.3250000e+02;-2.5173046e-02;3.3250000e+02;-6.8848185e-02;3.3250000e+02;-1.1226430e-01;3.3250000e+02;-1.5527368e-01;3.3250000e+02;-1.9775015e-01;3.3250000e+02;-8.4266156e-02;3.3250000e+02;-6.0931932e-02;3.3250000e+02;-1.8315576e-02;3.3250000e+02;3.9630421e-02;3.3250000e+02;1.0849494e-01;3.3250000e+02;1.6033317e-01;3.3250000e+02;2.2221372e-01;3.3250000e+02;2.4476701e-01;3.3250000e+02;2.3298711e-01;3.3250000e+02;2.1310559e-01;3.3250000e+02;1.4144462e-01;3.3250000e+02;7.6500118e-02;3.3250000e+02;2.1895632e-02;3.3250000e+02;-2.5173046e-02;3.3250000e+02;-6.8848185e-02;3.3250000e+02;-1.1226430e-01;3.3250000e+02;-1.5527368e-01;3.3250000e+02;-1.9775015e-01;3.3250000e+02;-8.4266156e-02;3.3250000e+02;-6.0931932e-02;3.3250000e+02;-1.8315576e-02;3.3250000e+02;3.9630421e-02;3.3250000e+02;1.0849494e-01;3.3250000e+02;1.6033317e-01;3.3250000e+02;2.2221372e-01;3.3250000e+02;2.4476701e-01;3.3250000e+02;2.3298711e-01;3.3250000e+02;2.1310559e-01;3.3250000e+02;1.4144462e-01;3.3250000e+02;7.6500118e-02;3.3250000e+02;2.1895632e-02;3.3250000e+02;-2.5173046e-02;3.3250000e+02;-6.8848185e-02;3.3250000e+02;-1.1226430e-01;3.3250000e+02;-1.5527368e-01;3.3250000e+02;-1.9775015e-01;3.3250000e+02;-8.4266156e-02;3.3250000e+02;-6.0931932e-02;3.3250000e+02;-1.8315576e-02;3.3250000e+02;3.9630421e-02;3.3250000e+02;1.0849494e-01;3.3250000e+02;1.6033317e-01;3.3250000e+02;2.2221372e-01;3.3250000e+02;2.4476701e-01;3.3250000e+02;2.3298711e-01;3.3250000e+02;2.1310559e-01;3.3250000e+02;1.4144462e-01;3.3250000e+02;7.6500118e-02;3.3250000e+02;2.1895632e-02;3.3250000e+02;-2.5173046e-02;3.3250000e+02;-6.8848185e-02;3.3250000e+02;-1.1226430e-01;3.3250000e+02;-1.5527368e-01;3.3250000e+02;-1.9775015e-01;3.3250000e+02;-8.4266156e-02;3.3250000e+02;-6.0931932e-02;3.3250000e+02;-1.8315576e-02;3.3250000e+02;3.9630421e-02;3.3250000e+02;1.0849494e-01;3.3250000e+02;1.6033317e-01;3.3250000e+02;2.2221372e-01;3.3250000e+02;2.4476701e-01;3.3250000e+02;2.3298711e-01;3.3250000e+02;2.1310559e-01;3.3250000e+02;1.4144462e-01;3.3250000e+02;7.6500118e-02;3.3250000e+02;2.1895632e-02;3.3250000e+02;-2.5173046e-02;3.3250000e+02;-6.8848185e-02;3.3250000e+02;-1.1226430e-01;3.3250000e+02;-1.5527368e-01;3.3250000e+02;-1.9775015e-01;3.3250000e+02;-8.4266156e-02;3.3250000e+02;-6.0931932e-02;3.3250000e+02;-1.8315576e-02;3.3250000e+02;3.9630421e-02;3.3250000e+02;1.0849494e-01;3.3250000e+02;1.6033317e-01;3.3250000e+02;2.2221372e-01;3.3250000e+02;2.4476701e-01;3.3250000e+02;2.3298711e-01;3.3250000e+02;2.1310559e-01;3.3250000e+02;1.4144462e-01;3.3250000e+02;7.6500118e-02;3.3250000e+02;2.1895632e-02;3.3250000e+02;-2.5173046e-02;3.3250000e+02;-6.8848185e-02;3.3250000e+02;-1.1226430e-01;3.3250000e+02;-1.5527368e-01;3.3250000e+02;-1.9775015e-01;3.3250000e+02;-8.4266156e-02;3.3250000e+02;-6.0931932e-02;3.3250000e+02;-1.8315576e-02;3.3250000e+02;3.9630421e-02;3.3250000e+02;1.0849494e-01;3.3250000e+02;1.6033317e-01;3.3250000e+02;2.2221372e-01;3.3250000e+02;2.4476701e-01;3.3250000e+02;2.3298711e-01;3.3250000e+02;2.1310559e-01;3.3250000e+02;1.4144462e-01;3.3250000e+02;7.6500118e-02;3.3250000e+02;2.1895632e-02;3.3250000e+02;-2.5173046e-02;3.3250000e+02;-6.8848185e-02;3.3250000e+02;-1.1226430e-01;3.3250000e+02;-1.5527368e-01;3.3250000e+02;-1.9775015e-01;3.3250000e+02;-8.4266156e-02;3.3250000e+02;-6.0931932e-02;3.3250000e+02;-1.8315576e-02;3.3250000e+02;3.9630421e-02;3.3250000e+02;1.0849494e-01;3.3250000e+02;1.6033317e-01;3.3250000e+02;2.2221372e-01;3.3250000e+02;2.4476701e-01;3.3250000e+02;2.3298711e-01;3.3250000e+02;2.1310559e-01;3.3250000e+02;1.4144462e-01;3.3250000e+02;7.6500118e-02;3.3250000e+02;2.1895632e-02;3.3250000e+02;-2.5173046e-02;3.3250000e+02;-6.8848185e-02;3.3250000e+02;-1.1226430e-01;3.3250000e+02;-1.5527368e-01;3.3250000e+02;-1.9775015e-01;3.3250000e+02;-8.4266156e-02;3.3250000e+02;-6.0931932e-02;3.3250000e+02;-1.8315576e-02;3.3250000e+02;3.9630421e-02;3.3250000e+02;1.0849494e-01;3.3250000e+02;1.6033317e-01;3.3250000e+02;2.2221372e-01;3.3250000e+02;2.4476701e-01;3.3250000e+02;2.3298711e-01;3.3250000e+02;2.1310559e-01;3.3250000e+02;1.4144462e-01;3.3250000e+02;7.6500118e-02;3.3250000e+02;2.1895632e-02;3.3250000e+02;-2.5173046e-02;3.3250000e+02;-6.8848185e-02;3.3250000e+02;-1.1226430e-01;3.3250000e+02;-1.5527368e-01;3.3250000e+02;-1.9775015e-01;3.3250000e+02;-8.4266156e-02;3.3250000e+02;-6.0931932e-02;3.3250000e+02;-1.8315576e-02;3.3250000e+02;3.9630421e-02;3.3250000e+02;1.0849494e-01;3.3250000e+02;1.6033317e-01;3.3250000e+02;2.2221372e-01;3.3250000e+02;2.4476701e-01;3.3250000e+02;2.3298711e-01;3.3250000e+02;2.1310559e-01;3.3250000e+02;1.4144462e-01;3.3250000e+02;7.6500118e-02;3.3250000e+02;2.1895632e-02;3.3250000e+02;-2.5173046e-02;3.3250000e+02;-6.8848185e-02;3.3250000e+02;-1.1226430e-01;3.3250000e+02;-1.5527368e-01;3.3250000e+02;-1.9775015e-01;3.3250000e+02;-8.4266156e-02;3.3250000e+02;-6.0931932e-02;3.3250000e+02;-1.8315576e-02;3.3250000e+02;3.9630421e-02;3.3250000e+02;1.0849494e-01;3.3250000e+02;1.6033317e-01;3.3250000e+02;2.2221372e-01;3.3250000e+02;2.4476701e-01;3.3250000e+02;2.3298711e-01;3.3250000e+02;2.1310559e-01;3.3250000e+02;1.4144462e-01;3.3250000e+02;7.6500118e-02;3.3250000e+02;2.1895632e-02;3.3250000e+02;-2.5173046e-02;3.3250000e+02;-6.8848185e-02;3.3250000e+02;-1.1226430e-01;3.3250000e+02;-1.5527368e-01;3.3250000e+02;-1.9775015e-01;3.3250000e+02;-8.4266156e-02;3.3250000e+02;-6.0931932e-02;3.3250000e+02;-1.8315576e-02;3.3250000e+02;3.9630421e-02;3.3250000e+02;1.0849494e-01;3.3250000e+02;1.6033317e-01;3.3250000e+02;2.2221372e-01;3.3250000e+02;2.4476701e-01;3.3250000e+02;2.3298711e-01;3.3250000e+02;2.1310559e-01;3.3250000e+02;1.4144462e-01;3.3250000e+02;7.6500118e-02;3.3250000e+02;2.1895632e-02;3.3250000e+02;-2.5173046e-02;3.3250000e+02;-6.8848185e-02;3.3250000e+02;-1.1226430e-01;3.3250000e+02;-1.5527368e-01;3.3250000e+02;-1.9775015e-01;3.3250000e+02;-8.4266156e-02;3.3250000e+02;-6.0931932e-02;3.3250000e+02;-1.8315576e-02;3.3250000e+02;3.9630421e-02;3.3250000e+02;1.0849494e-01;3.3250000e+02;1.6033317e-01;3.3250000e+02;2.2221372e-01;3.3250000e+02;2.4476701e-01;3.3250000e+02;2.3298711e-01;3.3250000e+02;2.1310559e-01;3.3250000e+02;1.4144462e-01;3.3250000e+02;7.6500118e-02;3.3250000e+02;2.1895632e-02;3.3250000e+02;-2.5173046e-02;3.3250000e+02;-6.8848185e-02;3.3250000e+02;-1.1226430e-01;3.3250000e+02;-1.5527368e-01;3.3250000e+02;-1.9775015e-01;3.3250000e+02;-8.4266156e-02;3.3250000e+02;-6.0931932e-02;3.3250000e+02;-1.8315576e-02;3.3250000e+02;3.9630421e-02;3.3250000e+02;1.0849494e-01;3.3250000e+02;1.6033317e-01;3.3250000e+02;2.2221372e-01;3.3250000e+02;2.4476701e-01;3.3250000e+02;2.3298711e-01;3.3250000e+02;2.1310559e-01;3.3250000e+02;1.4144462e-01;3.3250000e+02;7.6500118e-02;3.3250000e+02;2.1895632e-02;3.3250000e+02;-2.5173046e-02;3.3250000e+02;-6.8848185e-02;3.3250000e+02;-1.1226430e-01;3.3250000e+02;-1.5527368e-01;3.3250000e+02;-1.9775015e-01;3.3250000e+02;-8.4266156e-02;3.3250000e+02;-6.0931932e-02;3.3250000e+02;-1.8315576e-02;3.3250000e+02;3.9630421e-02;3.3250000e+02;1.0849494e-01;3.3250000e+02;1.6033317e-01;3.3250000e+02;2.2221372e-01;3.3250000e+02;2.4476701e-01;3.3250000e+02;2.3298711e-01;3.3250000e+02;2.1310559e-01;3.3250000e+02;1.4144462e-01;3.3250000e+02;7.6500118e-02;3.3250000e+02;2.1895632e-02;3.3250000e+02;-2.5173046e-02;3.3250000e+02;-6.8848185e-02;3.3250000e+02;-1.1226430e-01;3.3250000e+02;-1.5527368e-01;3.3250000e+02;-1.9775015e-01;3.3250000e+02;-8.4266156e-02;3.3250000e+02;-6.0931932e-02;3.3250000e+02;-1.8315576e-02;3.3250000e+02;3.9630421e-02;3.3250000e+02;1.0849494e-01;3.3250000e+02;1.6033317e-01;3.3250000e+02;2.2221372e-01;3.3250000e+02;2.4476701e-01;3.3250000e+02;2.3298711e-01;3.3250000e+02;2.1310559e-01;3.3250000e+02;1.4144462e-01;3.3250000e+02;7.6500118e-02;3.3250000e+02;2.1895632e-02;3.3250000e+02;-2.5173046e-02;3.3250000e+02;-6.8848185e-02;3.3250000e+02;-1.1226430e-01;3.3250000e+02;-1.5527368e-01;3.3250000e+02;-1.9775015e-01;3.3250000e+02;-8.4266156e-02;3.3250000e+02;-6.0931932e-02;3.3250000e+02;-1.8315576e-02;3.3250000e+02;3.9630421e-02;3.3250000e+02;1.0849494e-01;3.3250000e+02;1.6033317e-01;3.3250000e+02;2.2221372e-01;3.3250000e+02;2.4476701e-01;3.3250000e+02;2.3298711e-01;3.3250000e+02;2.1310559e-01;3.3250000e+02;1.4144462e-01;3.3250000e+02;7.6500118e-02;3.3250000e+02;2.1895632e-02;3.3250000e+02;-2.5173046e-02;3.3250000e+02;-6.8848185e-02;3.3250000e+02;-1.1226430e-01;3.3250000e+02;-1.5527368e-01;3.3250000e+02;-1.9775015e-01;3.3250000e+02;-8.4266156e-02;3.3250000e+02;-6.0931932e-02;3.3250000e+02;-1.8315576e-02;3.3250000e+02;3.9630421e-02;3.3250000e+02;1.0849494e-01;3.3250000e+02;1.6033317e-01;3.3250000e+02;2.2221372e-01;3.3250000e+02;2.4476701e-01;3.3250000e+02;2.3298711e-01;3.3250000e+02;2.1310559e-01;3.3250000e+02;1.4144462e-01;3.3250000e+02;7.6500118e-02;3.3250000e+02;2.1895632e-02;3.3250000e+02;-2.5173046e-02;3.3250000e+02;-6.8848185e-02;3.3250000e+02;-1.1226430e-01;3.3250000e+02;-1.5527368e-01;3.3250000e+02;-1.9775015e-01;3.3250000e+02;-8.4266156e-02;3.3250000e+02;-6.0931932e-02;3.3250000e+02;-1.8315576e-02;3.3250000e+02;3.9630421e-02;3.3250000e+02;1.0849494e-01;3.3250000e+02;1.6033317e-01;3.3250000e+02;2.2221372e-01;3.3250000e+02;2.4476701e-01;3.3250000e+02;2.3298711e-01;3.3250000e+02;2.1310559e-01;3.3250000e+02;1.4144462e-01;3.3250000e+02;7.6500118e-02;3.3250000e+02;2.1895632e-02;3.3250000e+02;-2.5173046e-02;3.3250000e+02;-6.8848185e-02;3.3250000e+02;-1.1226430e-01;3.3250000e+02;-1.5527368e-01;3.3250000e+02;-1.9775015e-01;3.3250000e+02;-8.4266156e-02;3.3250000e+02;-6.0931932e-02;3.3250000e+02;-1.8315576e-02;3.3250000e+02;3.9630421e-02;3.3250000e+02;1.0849494e-01;3.3250000e+02;1.6033317e-01;3.3250000e+02;2.2221372e-01;3.3250000e+02;2.4476701e-01;3.3250000e+02;2.3298711e-01;3.3250000e+02;2.1310559e-01;3.3250000e+02;1.4144462e-01;3.3250000e+02;7.6500118e-02;3.3250000e+02;2.1895632e-02;3.3250000e+02;-2.5173046e-02;3.3250000e+02;-6.8848185e-02;3.3250000e+02;-1.1226430e-01;3.3250000e+02;-1.5527368e-01;3.3250000e+02;-1.9775015e-01;3.3250000e+02;-8.4266156e-02;3.3250000e+02;-6.0931932e-02;3.3250000e+02;-1.8315576e-02;3.3250000e+02;3.9630421e-02;3.3250000e+02;1.0849494e-01;3.3250000e+02;1.6033317e-01;3.3250000e+02;2.2221372e-01;3.3250000e+02;2.4476701e-01;3.3250000e+02;2.3298711e-01;3.3250000e+02;2.1310559e-01;3.3250000e+02;1.4144462e-01;3.3250000e+02;7.6500118e-02;3.3250000e+02;2.1895632e-02;3.3250000e+02;-2.5173046e-02;3.3250000e+02;-6.8848185e-02;3.3250000e+02;-1.1226430e-01;3.3250000e+02;-1.5527368e-01;3.3250000e+02;-1.9775015e-01;3.3250000e+02;-8.4266156e-02;3.3250000e+02;-6.0931932e-02;3.3250000e+02;-1.8315576e-02;3.3250000e+02;3.9630421e-02;3.3250000e+02;1.0849494e-01;3.3250000e+02;1.6033317e-01;3.3250000e+02;2.2221372e-01;3.3250000e+02;2.4476701e-01;3.3250000e+02;2.3298711e-01;3.3250000e+02;2.1310559e-01;3.3250000e+02;1.4144462e-01;3.3250000e+02;7.6500118e-02;3.3250000e+02;2.1895632e-02;3.3250000e+02;-2.5173046e-02;3.3250000e+02;-6.8848185e-02;3.3250000e+02;-1.1226430e-01;3.3250000e+02;-1.5527368e-01;3.3250000e+02;-1.9775015e-01;3.3250000e+02;-8.4266156e-02;3.3250000e+02;-6.0931932e-02;3.3250000e+02;-1.8315576e-02;3.3250000e+02;3.9630421e-02;3.3250000e+02;1.0849494e-01;3.3250000e+02;1.6033317e-01;3.3250000e+02;2.2221372e-01;3.3250000e+02;2.4476701e-01;3.3250000e+02;2.3298711e-01;3.3250000e+02;2.1310559e-01;3.3250000e+02;1.4144462e-01;3.3250000e+02;7.6500118e-02;3.3250000e+02;2.1895632e-02;3.3250000e+02;-2.5173046e-02;3.3250000e+02;-6.8848185e-02;3.3250000e+02;-1.1226430e-01;3.3250000e+02;-1.5527368e-01;3.3250000e+02;-1.9775015e-01;3.3250000e+02;-8.4266156e-02;3.3250000e+02;-6.0931932e-02;3.3250000e+02;-1.8315576e-02;3.3250000e+02;3.9630421e-02;3.3250000e+02;1.0849494e-01;3.3250000e+02;1.6033317e-01;3.3250000e+02;2.2221372e-01;3.3250000e+02;2.4476701e-01;3.3250000e+02;2.3298711e-01;3.3250000e+02;2.1310559e-01;3.3250000e+02;1.4144462e-01;3.3250000e+02;7.6500118e-02;3.3250000e+02;2.1895632e-02;3.3250000e+02;-2.5173046e-02;3.3250000e+02;-6.8848185e-02;3.3250000e+02;-1.1226430e-01;3.3250000e+02;-1.5527368e-01;3.3250000e+02;-1.9775015e-01;3.3250000e+02;-8.4266156e-02;3.3250000e+02;-6.0931932e-02;3.3250000e+02;-1.8315576e-02;3.3250000e+02;3.9630421e-02;3.3250000e+02;1.0849494e-01;3.3250000e+02;1.6033317e-01;3.3250000e+02;2.2221372e-01;3.3250000e+02;2.4476701e-01;3.3250000e+02;2.3298711e-01;3.3250000e+02;2.1310559e-01;3.3250000e+02;1.4144462e-01;3.3250000e+02;7.6500118e-02;3.3250000e+02;2.1895632e-02;3.3250000e+02;-2.5173046e-02;3.3250000e+02;-6.8848185e-02;3.3250000e+02;-1.1226430e-01;3.3250000e+02;-1.5527368e-01;3.3250000e+02;-1.9775015e-01;3.3250000e+02;-8.4266156e-02;3.3250000e+02;-6.0931932e-02;3.3250000e+02;-1.8315576e-02;3.3250000e+02;3.9630421e-02;3.3250000e+02;1.0849494e-01;3.3250000e+02;1.6033317e-01;3.3250000e+02;2.2221372e-01;3.3250000e+02;2.4476701e-01;3.3250000e+02;2.3298711e-01;3.3250000e+02;2.1310559e-01;3.3250000e+02;1.4144462e-01;3.3250000e+02;7.6500118e-02;3.3250000e+02;2.1895632e-02;3.3250000e+02;-2.5173046e-02;3.3250000e+02;-6.8848185e-02;3.3250000e+02;-1.1226430e-01;3.3250000e+02;-1.5527368e-01;3.3250000e+02;-1.9775015e-01;3.3250000e+02;-8.4266156e-02;3.3250000e+02;-6.0931932e-02;3.3250000e+02;-1.8315576e-02;3.3250000e+02;3.9630421e-02;3.3250000e+02;1.0849494e-01;3.3250000e+02;1.6033317e-01;3.3250000e+02;2.2221372e-01;3.3250000e+02;2.4476701e-01;3.3250000e+02;2.3298711e-01;3.3250000e+02;2.1310559e-01;3.3250000e+02;1.4144462e-01;3.3250000e+02;7.6500118e-02;3.3250000e+02;2.1895632e-02;3.3250000e+02;-2.5173046e-02;3.3250000e+02;-6.8848185e-02;3.3250000e+02;-1.1226430e-01;3.3250000e+02;-1.5527368e-01;3.3250000e+02;-1.9775015e-01;3.3250000e+02;-8.4266156e-02;3.3250000e+02;-6.0931932e-02;3.3250000e+02;-1.8315576e-02;3.3250000e+02;3.9630421e-02;3.3250000e+02;1.0849494e-01;3.3250000e+02;1.6033317e-01;3.3250000e+02;2.2221372e-01;3.3250000e+02;2.4476701e-01;3.3250000e+02;2.3298711e-01;3.3250000e+02;2.1310559e-01;3.3250000e+02;1.4144462e-01;3.3250000e+02;7.6500118e-02;3.3250000e+02;2.1895632e-02;3.3250000e+02;-2.5173046e-02;3.3250000e+02;-6.8848185e-02;3.3250000e+02;-1.1226430e-01;3.3250000e+02;-1.5527368e-01;3.3250000e+02;-1.9775015e-01;3.3250000e+02;-8.4266156e-02;3.3250000e+02;-6.0931932e-02;3.3250000e+02;-1.8315576e-02;3.3250000e+02;3.9630421e-02;3.3250000e+02;1.0849494e-01;3.3250000e+02;1.6033317e-01;3.3250000e+02;2.2221372e-01;3.3250000e+02;2.4476701e-01;3.3250000e+02;2.3298711e-01;3.3250000e+02;2.1310559e-01;3.3250000e+02;1.4144462e-01;3.3250000e+02;7.6500118e-02;3.3250000e+02;2.1895632e-02;3.3250000e+02;-2.5173046e-02;3.3250000e+02;-6.8848185e-02;3.3250000e+02;-1.1226430e-01;3.3250000e+02;-1.5527368e-01;3.3250000e+02;-1.9775015e-01;3.3250000e+02;-8.4266156e-02;3.3250000e+02;-6.0931932e-02;3.3250000e+02;-1.8315576e-02;3.3250000e+02;3.9630421e-02;3.3250000e+02;1.0849494e-01;3.3250000e+02;1.6033317e-01;3.3250000e+02;2.2221372e-01;3.3250000e+02;2.4476701e-01;3.3250000e+02;2.3298711e-01;3.3250000e+02;2.1310559e-01;3.3250000e+02;1.4144462e-01;3.3250000e+02;7.6500118e-02;3.3250000e+02;2.1895632e-02;3.3250000e+02;-2.5173046e-02;3.3250000e+02;-6.8848185e-02;3.3250000e+02;-1.1226430e-01;3.3250000e+02;-1.5527368e-01;3.3250000e+02;-1.9775015e-01;3.3250000e+02;-8.4266156e-02;3.3250000e+02;-6.0931932e-02;3.3250000e+02;-1.8315576e-02;3.3250000e+02;3.9630421e-02;3.3250000e+02;1.0849494e-01;3.3250000e+02;1.6033317e-01;3.3250000e+02;2.2221372e-01;3.3250000e+02;2.4476701e-01;3.3250000e+02;2.3298711e-01;3.3250000e+02;2.1310559e-01;3.3250000e+02;1.4144462e-01;3.3250000e+02;7.6500118e-02;3.3250000e+02;2.1895632e-02;3.3250000e+02;-2.5173046e-02;3.3250000e+02;-6.8848185e-02;3.3250000e+02;-1.1226430e-01;3.3250000e+02;-1.5527368e-01;3.3250000e+02;-1.9775015e-01;3.3250000e+02;-8.4266156e-02;3.3250000e+02;-6.0931932e-02;3.3250000e+02;-1.8315576e-02;3.3250000e+02;3.9630421e-02;3.3250000e+02;1.0849494e-01;3.3250000e+02;1.6033317e-01;3.3250000e+02;2.2221372e-01;3.3250000e+02;2.4476701e-01;3.3250000e+02;2.3298711e-01;3.3250000e+02;2.1310559e-01;3.3250000e+02;1.4144462e-01;3.3250000e+02;7.6500118e-02;3.3250000e+02;2.1895632e-02;3.3250000e+02;-2.5173046e-02;3.3250000e+02;-6.8848185e-02;3.3250000e+02;-1.1226430e-01;3.3250000e+02;-1.5527368e-01;3.3250000e+02;-1.9775015e-01;3.3250000e+02;-8.4266156e-02;3.3250000e+02;-6.0931932e-02;3.3250000e+02;-1.8315576e-02;3.3250000e+02;3.9630421e-02;3.3250000e+02;1.0849494e-01;3.3250000e+02;1.6033317e-01;3.3250000e+02;2.2221372e-01;3.3250000e+02;2.4476701e-01;3.3250000e+02;2.3298711e-01;3.3250000e+02;2.1310559e-01;3.3250000e+02;1.4144462e-01;3.3250000e+02;7.6500118e-02;3.3250000e+02;2.1895632e-02;3.3250000e+02;-2.5173046e-02;3.3250000e+02;-6.8848185e-02;3.3250000e+02;-1.1226430e-01;3.3250000e+02;-1.5527368e-01;3.3250000e+02;-1.9775015e-01;3.3250000e+02;-8.4266156e-02;3.3250000e+02;-6.0931932e-02;3.3250000e+02;-1.8315576e-02;3.3250000e+02;3.9630421e-02;3.3250000e+02;1.0849494e-01;3.3250000e+02;1.6033317e-01;3.3250000e+02;2.2221372e-01;3.3250000e+02;2.4476701e-01;3.3250000e+02;2.3298711e-01;3.3250000e+02;2.1310559e-01;3.3250000e+02;1.4144462e-01;3.3250000e+02;7.6500118e-02;3.3250000e+02;2.1895632e-02;3.3250000e+02;-2.5173046e-02;3.3250000e+02;-6.8848185e-02;3.3250000e+02;-1.1226430e-01;3.3250000e+02;-1.5527368e-01;3.3250000e+02;-1.9775015e-01;3.3250000e+02;-8.4266156e-02;3.3250000e+02;-6.0931932e-02;3.3250000e+02;-1.8315576e-02;3.3250000e+02;3.9630421e-02;3.3250000e+02;1.0849494e-01;3.3250000e+02;1.6033317e-01;3.3250000e+02;2.2221372e-01;3.3250000e+02;2.4476701e-01;3.3250000e+02;2.3298711e-01;3.3250000e+02;2.1310559e-01;3.3250000e+02;1.4144462e-01;3.3250000e+02;7.6500118e-02;3.3250000e+02;2.1895632e-02;3.3250000e+02;-2.5173046e-02;3.3250000e+02;-6.8848185e-02;3.3250000e+02;-1.1226430e-01;3.3250000e+02;-1.5527368e-01;3.3250000e+02;-1.9775015e-01;3.3250000e+02;-8.4266156e-02;3.3250000e+02;-6.0931932e-02;3.3250000e+02;-1.8315576e-02;3.3250000e+02;3.9630421e-02;3.3250000e+02;1.0849494e-01;3.3250000e+02;1.6033317e-01;3.3250000e+02;2.2221372e-01;3.3250000e+02;2.4476701e-01;3.3250000e+02;2.3298711e-01;3.3250000e+02;2.1310559e-01;3.3250000e+02;1.4144462e-01;3.3250000e+02;7.6500118e-02;3.3250000e+02;2.1895632e-02;3.3250000e+02;-2.5173046e-02;3.3250000e+02;-6.8848185e-02;3.3250000e+02;-1.1226430e-01;3.3250000e+02;-1.5527368e-01;3.3250000e+02;-1.9775015e-01;3.3250000e+02;-8.4266156e-02;3.3250000e+02;-6.0931932e-02;3.3250000e+02;-1.8315576e-02;3.3250000e+02;3.9630421e-02;3.3250000e+02;1.0849494e-01;3.3250000e+02;1.6033317e-01;3.3250000e+02;2.2221372e-01;3.3250000e+02;2.4476701e-01;3.3250000e+02;2.3298711e-01;3.3250000e+02;2.1310559e-01;3.3250000e+02;1.4144462e-01;3.3250000e+02;7.6500118e-02;3.3250000e+02;2.1895632e-02;3.3250000e+02;-2.5173046e-02;3.3250000e+02;-6.8848185e-02;3.3250000e+02;-1.1226430e-01;3.3250000e+02;-1.5527368e-01;3.3250000e+02;-1.9775015e-01;3.3250000e+02;-8.4266156e-02;3.3250000e+02;-6.0931932e-02;3.3250000e+02;-1.8315576e-02;3.3250000e+02;3.9630421e-02;3.3250000e+02;1.0849494e-01;3.3250000e+02;1.6033317e-01;3.3250000e+02;2.2221372e-01;3.3250000e+02;2.4476701e-01;3.3250000e+02;2.3298711e-01;3.3250000e+02;2.1310559e-01;3.3250000e+02;1.4144462e-01;3.3250000e+02;7.6500118e-02;3.3250000e+02;2.1895632e-02;3.3250000e+02;-2.5173046e-02;3.3250000e+02;-6.8848185e-02;3.3250000e+02;-1.1226430e-01;3.3250000e+02;-1.5527368e-01;3.3250000e+02;-1.9775015e-01;3.3250000e+02;-8.4266156e-02;3.3250000e+02;-6.0931932e-02;3.3250000e+02;-1.8315576e-02;3.3250000e+02;3.9630421e-02;3.3250000e+02;1.0849494e-01;3.3250000e+02;1.6033317e-01;3.3250000e+02;2.2221372e-01;3.3250000e+02;2.4476701e-01;3.3250000e+02;2.3298711e-01;3.3250000e+02;2.1310559e-01;3.3250000e+02;1.4144462e-01;3.3250000e+02;7.6500118e-02;3.3250000e+02;2.1895632e-02;3.3250000e+02;-2.5173046e-02;3.3250000e+02;-6.8848185e-02;3.3250000e+02;-1.1226430e-01;3.3250000e+02;-1.5527368e-01;3.3250000e+02;-1.9775015e-01;3.3250000e+02;-8.4266156e-02;3.3250000e+02;-6.0931932e-02;3.3250000e+02;-1.8315576e-02;3.3250000e+02;3.9630421e-02;3.3250000e+02;1.0849494e-01;3.3250000e+02;1.6033317e-01;3.3250000e+02;2.2221372e-01;3.3250000e+02;2.4476701e-01;3.3250000e+02;2.3298711e-01;3.3250000e+02;2.1310559e-01;3.3250000e+02;1.4144462e-01;3.3250000e+02;7.6500118e-02;3.3250000e+02;2.1895632e-02;3.3250000e+02;-2.5173046e-02;3.3250000e+02;-6.8848185e-02;3.3250000e+02;-1.1226430e-01;3.3250000e+02;-1.5527368e-01;3.3250000e+02;-1.9775015e-01;3.3250000e+02;-8.4266156e-02;3.3250000e+02;-6.0931932e-02;3.3250000e+02;-1.8315576e-02;3.3250000e+02;3.9630421e-02;3.3250000e+02;1.0849494e-01;3.3250000e+02;1.6033317e-01;3.3250000e+02;2.2221372e-01;3.3250000e+02;2.4476701e-01;3.3250000e+02;2.3298711e-01;3.3250000e+02;2.1310559e-01;3.3250000e+02;1.4144462e-01;3.3250000e+02;7.6500118e-02;3.3250000e+02;2.1895632e-02;3.3250000e+02;-2.5173046e-02;3.3250000e+02;-6.8848185e-02;3.3250000e+02;-1.1226430e-01;3.3250000e+02;-1.5527368e-01;3.3250000e+02;-1.9775015e-01;3.3250000e+02;-8.4266156e-02;3.3250000e+02;-6.0931932e-02;3.3250000e+02;-1.8315576e-02;3.3250000e+02;3.9630421e-02;3.3250000e+02;1.0849494e-01;3.3250000e+02;1.6033317e-01;3.3250000e+02;2.2221372e-01;3.3250000e+02;2.4476701e-01;3.3250000e+02;2.3298711e-01;3.3250000e+02;2.1310559e-01;3.3250000e+02;1.4144462e-01;3.3250000e+02;7.6500118e-02;3.3250000e+02;2.1895632e-02;3.3250000e+02;-2.5173046e-02;3.3250000e+02;-6.8848185e-02;3.3250000e+02;-1.1226430e-01;3.3250000e+02;-1.5527368e-01;3.3250000e+02;-1.9775015e-01;3.3250000e+02;-8.4266156e-02;3.3250000e+02;-6.0931932e-02;3.3250000e+02;-1.8315576e-02;3.3250000e+02;3.9630421e-02;3.3250000e+02;1.0849494e-01;3.3250000e+02;1.6033317e-01;3.3250000e+02;2.2221372e-01;3.3250000e+02;2.4476701e-01;3.3250000e+02;2.3298711e-01;3.3250000e+02;2.1310559e-01;3.3250000e+02;1.4144462e-01;3.3250000e+02;7.6500118e-02;3.3250000e+02;2.1895632e-02;3.3250000e+02;-2.5173046e-02;3.3250000e+02;-6.8848185e-02;3.3250000e+02;-1.1226430e-01;3.3250000e+02;-1.5527368e-01;3.3250000e+02;-1.9775015e-01;3.3250000e+02;-8.4266156e-02;3.3250000e+02;-6.0931932e-02;3.3250000e+02;-1.8315576e-02;3.3250000e+02;3.9630421e-02;3.3250000e+02;1.0849494e-01;3.3250000e+02;1.6033317e-01;3.3250000e+02;2.2221372e-01;3.3250000e+02;2.4476701e-01;3.3250000e+02;2.3298711e-01;3.3250000e+02;2.1310559e-01;3.3250000e+02;1.4144462e-01;3.3250000e+02;7.6500118e-02;3.3250000e+02;2.1895632e-02;3.3250000e+02;-2.5173046e-02;3.3250000e+02;-6.8848185e-02;3.3250000e+02;-1.1226430e-01;3.3250000e+02;-1.5527368e-01;3.3250000e+02;-1.9775015e-01;3.3250000e+02;-8.4266156e-02;3.3250000e+02;-6.0931932e-02;3.3250000e+02;-1.8315576e-02;3.3250000e+02;3.9630421e-02;3.3250000e+02;1.0849494e-01;3.3250000e+02;1.6033317e-01;3.3250000e+02;2.2221372e-01;3.3250000e+02;2.4476701e-01;3.3250000e+02;2.3298711e-01;3.3250000e+02;2.1310559e-01;3.3250000e+02;1.4144462e-01;3.3250000e+02;7.6500118e-02;3.3250000e+02;2.1895632e-02;3.3250000e+02;-2.5173046e-02;3.3250000e+02;-6.8848185e-02;3.3250000e+02;-1.1226430e-01;3.3250000e+02;-1.5527368e-01;3.3250000e+02;-1.9775015e-01;3.3250000e+02;-8.4266156e-02;3.3250000e+02;-6.0931932e-02;3.3250000e+02;-1.8315576e-02;3.3250000e+02;3.9630421e-02;3.3250000e+02;1.0849494e-01;3.3250000e+02;1.6033317e-01;3.3250000e+02;2.2221372e-01;3.3250000e+02;2.4476701e-01;3.3250000e+02;2.3298711e-01;3.3250000e+02;2.1310559e-01;3.3250000e+02;1.4144462e-01;3.3250000e+02;7.6500118e-02;3.3250000e+02;2.1895632e-02;3.3250000e+02;-2.5173046e-02;3.3250000e+02;-6.8848185e-02;3.3250000e+02;-1.1226430e-01;3.3250000e+02;-1.5527368e-01;3.3250000e+02;-1.9775015e-01;3.3250000e+02;-8.4266156e-02;3.3250000e+02;-6.0931932e-02;3.3250000e+02;-1.8315576e-02;3.3250000e+02;3.9630421e-02;3.3250000e+02;1.0849494e-01;3.3250000e+02;1.6033317e-01;3.3250000e+02;2.2221372e-01;3.3250000e+02;2.4476701e-01;3.3250000e+02;2.3298711e-01;3.3250000e+02;2.1310559e-01;3.3250000e+02;1.4144462e-01;3.3250000e+02;7.6500118e-02;3.3250000e+02;2.1895632e-02;3.3250000e+02;-2.5173046e-02;3.3250000e+02;-6.8848185e-02;3.3250000e+02;-1.1226430e-01;3.3250000e+02;-1.5527368e-01;3.3250000e+02;-1.9775015e-01;3.3250000e+02;-8.4266156e-02;3.3250000e+02;-6.0931932e-02;3.3250000e+02;-1.8315576e-02;3.3250000e+02;3.9630421e-02;3.3250000e+02;1.0849494e-01;3.3250000e+02;1.6033317e-01;3.3250000e+02;2.2221372e-01;3.3250000e+02;2.4476701e-01;3.3250000e+02;2.3298711e-01;3.3250000e+02;2.1310559e-01;3.3250000e+02;1.4144462e-01;3.3250000e+02;7.6500118e-02;3.3250000e+02;2.1895632e-02;3.3250000e+02;-2.5173046e-02;3.3250000e+02;-6.8848185e-02;3.3250000e+02;-1.1226430e-01;3.3250000e+02;-1.5527368e-01;3.3250000e+02;-1.9775015e-01;3.3250000e+02;-8.4266156e-02;3.3250000e+02;-6.0931932e-02;3.3250000e+02;-1.8315576e-02;3.3250000e+02;3.9630421e-02;3.3250000e+02;1.0849494e-01;3.3250000e+02;1.6033317e-01;3.3250000e+02;2.2221372e-01;3.3250000e+02;2.4476701e-01;3.3250000e+02;2.3298711e-01;3.3250000e+02;2.1310559e-01;3.3250000e+02;1.4144462e-01;3.3250000e+02;7.6500118e-02;3.3250000e+02;2.1895632e-02;3.3250000e+02;-2.5173046e-02;3.3250000e+02;-6.8848185e-02;3.3250000e+02;-1.1226430e-01;3.3250000e+02;-1.5527368e-01;3.3250000e+02;-1.9775015e-01;3.3250000e+02;-8.4266156e-02;3.3250000e+02;-6.0931932e-02;3.3250000e+02;-1.8315576e-02;3.3250000e+02;3.9630421e-02;3.3250000e+02;1.0849494e-01;3.3250000e+02;1.6033317e-01;3.3250000e+02;2.2221372e-01;3.3250000e+02;2.4476701e-01;3.3250000e+02;2.3298711e-01;3.3250000e+02;2.1310559e-01;3.3250000e+02;1.4144462e-01;3.3250000e+02;7.6500118e-02;3.3250000e+02;2.1895632e-02;3.3250000e+02;-2.5173046e-02;3.3250000e+02;-6.8848185e-02;3.3250000e+02;-1.1226430e-01;3.3250000e+02;-1.5527368e-01;3.3250000e+02;-1.9775015e-01;3.3250000e+02;-8.4266156e-02;3.3250000e+02;-6.0931932e-02;3.3250000e+02;-1.8315576e-02;3.3250000e+02;3.9630421e-02;3.3250000e+02;1.0849494e-01;3.3250000e+02;1.6033317e-01;3.3250000e+02;2.2221372e-01;3.3250000e+02;2.4476701e-01;3.3250000e+02;2.3298711e-01;3.3250000e+02;2.1310559e-01;3.3250000e+02;1.4144462e-01;3.3250000e+02;7.6500118e-02;3.3250000e+02;2.1895632e-02;3.3250000e+02;-2.5173046e-02;3.3250000e+02;-6.8848185e-02;3.3250000e+02;-1.1226430e-01;3.3250000e+02;-1.5527368e-01;3.3250000e+02;-1.9775015e-01;3.3250000e+02;-8.4266156e-02;3.3250000e+02;-6.0931932e-02;3.3250000e+02;-1.8315576e-02;3.3250000e+02;3.9630421e-02;3.3250000e+02;1.0849494e-01;3.3250000e+02;1.6033317e-01;3.3250000e+02;2.2221372e-01;3.3250000e+02;2.4476701e-01;3.3250000e+02;2.3298711e-01;3.3250000e+02;2.1310559e-01;3.3250000e+02;1.4144462e-01;3.3250000e+02;7.6500118e-02;3.3250000e+02;2.1895632e-02;3.3250000e+02;-2.5173046e-02;3.3250000e+02;-6.8848185e-02;3.3250000e+02;-1.1226430e-01;3.3250000e+02;-1.5527368e-01;3.3250000e+02;-1.9775015e-01;3.3250000e+02;-8.4266156e-02;3.3250000e+02;-6.0931932e-02;3.3250000e+02;-1.8315576e-02;3.3250000e+02;3.9630421e-02;3.3250000e+02;1.0849494e-01;3.3250000e+02;1.6033317e-01;3.3250000e+02;2.2221372e-01;3.3250000e+02;2.4476701e-01;3.3250000e+02;2.3298711e-01;3.3250000e+02;2.1310559e-01;3.3250000e+02;1.4144462e-01;3.3250000e+02;7.6500118e-02;3.3250000e+02;2.1895632e-02;3.3250000e+02;-2.5173046e-02;3.3250000e+02;-6.8848185e-02;3.3250000e+02;-1.1226430e-01;3.3250000e+02;-1.5527368e-01;3.3250000e+02;-1.9775015e-01;3.3250000e+02;-8.4266156e-02;3.3250000e+02;-6.0931932e-02;3.3250000e+02;-1.8315576e-02;3.3250000e+02;3.9630421e-02;3.3250000e+02;1.0849494e-01;3.3250000e+02;1.6033317e-01;3.3250000e+02;2.2221372e-01;3.3250000e+02;2.4476701e-01;3.3250000e+02;2.3298711e-01;3.3250000e+02;2.1310559e-01;3.3250000e+02;1.4144462e-01;3.3250000e+02;7.6500118e-02;3.3250000e+02;2.1895632e-02;3.3250000e+02;-2.5173046e-02;3.3250000e+02;-6.8848185e-02;3.3250000e+02;-1.1226430e-01;3.3250000e+02;-1.5527368e-01;3.3250000e+02;-1.9775015e-01;3.3250000e+02;-8.4266156e-02;3.3250000e+02;-6.0931932e-02;3.3250000e+02;-1.8315576e-02;3.3250000e+02;3.9630421e-02;3.3250000e+02;1.0849494e-01;3.3250000e+02;1.6033317e-01;3.3250000e+02;2.2221372e-01;3.3250000e+02;2.4476701e-01;3.3250000e+02;2.3298711e-01;3.3250000e+02;2.1310559e-01;3.3250000e+02;1.4144462e-01;3.3250000e+02;7.6500118e-02;3.3250000e+02;2.1895632e-02;3.3250000e+02;-2.5173046e-02;3.3250000e+02;-6.8848185e-02;3.3250000e+02;-1.1226430e-01;3.3250000e+02;-1.5527368e-01;3.3250000e+02;-1.9775015e-01;3.3250000e+02;-8.4266156e-02;3.3250000e+02;-6.0931932e-02;3.3250000e+02;-1.8315576e-02;3.3250000e+02;3.9630421e-02;3.3250000e+02;1.0849494e-01;3.3250000e+02;1.6033317e-01;3.3250000e+02;2.2221372e-01;3.3250000e+02;2.4476701e-01;3.3250000e+02;2.3298711e-01;3.3250000e+02;2.1310559e-01;3.3250000e+02;1.4144462e-01;3.3250000e+02;7.6500118e-02;3.3250000e+02;2.1895632e-02;3.3250000e+02;-2.5173046e-02;3.3250000e+02;-6.8848185e-02;3.3250000e+02;-1.1226430e-01;3.3250000e+02;-1.5527368e-01;3.3250000e+02;-1.9775015e-01;3.3250000e+02;-8.4266156e-02;3.3250000e+02;-6.0931932e-02;3.3250000e+02;-1.8315576e-02;3.3250000e+02;3.9630421e-02;3.3250000e+02;1.0849494e-01;3.3250000e+02;1.6033317e-01;3.3250000e+02;2.2221372e-01;3.3250000e+02;2.4476701e-01;3.3250000e+02;2.3298711e-01;3.3250000e+02;2.1310559e-01;3.3250000e+02;1.4144462e-01;3.3250000e+02;7.6500118e-02;3.3250000e+02;2.1895632e-02;3.3250000e+02;-2.5173046e-02;3.3250000e+02;-6.8848185e-02;3.3250000e+02;-1.1226430e-01;3.3250000e+02;-1.5527368e-01;3.3250000e+02;-1.9775015e-01;3.3250000e+02;-8.4266156e-02;3.3250000e+02;-6.0931932e-02;3.3250000e+02;-1.8315576e-02;3.3250000e+02;3.9630421e-02;3.3250000e+02;1.0849494e-01;3.3250000e+02;1.6033317e-01;3.3250000e+02;2.2221372e-01;3.3250000e+02;2.4476701e-01;3.3250000e+02;2.3298711e-01;3.3250000e+02;2.1310559e-01;3.3250000e+02;1.4144462e-01;3.3250000e+02;7.6500118e-02;3.3250000e+02;2.1895632e-02;3.3250000e+02;-2.5173046e-02;3.3250000e+02;-6.8848185e-02;3.3250000e+02;-1.1226430e-01;3.3250000e+02;-1.5527368e-01;3.3250000e+02;-1.9775015e-01;3.3250000e+02;-8.4266156e-02;3.3250000e+02;-6.0931932e-02;3.3250000e+02;-1.8315576e-02;3.3250000e+02;3.9630421e-02;3.3250000e+02;1.0849494e-01;3.3250000e+02;1.6033317e-01;3.3250000e+02;2.2221372e-01;3.3250000e+02;2.4476701e-01;3.3250000e+02;2.3298711e-01;3.3250000e+02;2.1310559e-01;3.3250000e+02;1.4144462e-01;3.3250000e+02;7.6500118e-02;3.3250000e+02;2.1895632e-02;3.3250000e+02;-2.5173046e-02;3.3250000e+02;-6.8848185e-02;3.3250000e+02;-1.1226430e-01;3.3250000e+02;-1.5527368e-01;3.3250000e+02;-1.9775015e-01;3.3250000e+02;-8.4266156e-02;3.3250000e+02;-6.0931932e-02;3.3250000e+02;-1.8315576e-02;3.3250000e+02;3.9630421e-02;3.3250000e+02;1.0849494e-01;3.3250000e+02;1.6033317e-01;3.3250000e+02;2.2221372e-01;3.3250000e+02;2.4476701e-01;3.3250000e+02;2.3298711e-01;3.3250000e+02;2.1310559e-01;3.3250000e+02;1.4144462e-01;3.3250000e+02;7.6500118e-02;3.3250000e+02;2.1895632e-02;3.3250000e+02;-2.5173046e-02;3.3250000e+02;-6.8848185e-02;3.3250000e+02;-1.1226430e-01;3.3250000e+02;-1.5527368e-01;3.3250000e+02;-1.9775015e-01;3.3250000e+02;-8.4266156e-02;3.3250000e+02;-6.0931932e-02;3.3250000e+02;-1.8315576e-02;3.3250000e+02;3.9630421e-02;3.3250000e+02;1.0849494e-01;3.3250000e+02;1.6033317e-01;3.3250000e+02;2.2221372e-01;3.3250000e+02;2.4476701e-01;3.3250000e+02;2.3298711e-01;3.3250000e+02;2.1310559e-01;3.3250000e+02;1.4144462e-01;3.3250000e+02;7.6500118e-02;3.3250000e+02;2.1895632e-02;3.3250000e+02;-2.5173046e-02;3.3250000e+02;-6.8848185e-02;3.3250000e+02;-1.1226430e-01;3.3250000e+02;-1.5527368e-01;3.3250000e+02;-1.9775015e-01;3.3250000e+02;-8.4266156e-02;3.3250000e+02;-6.0931932e-02;3.3250000e+02;-1.8315576e-02;3.3250000e+02;3.9630421e-02;3.3250000e+02;1.0849494e-01;3.3250000e+02;1.6033317e-01;3.3250000e+02;2.2221372e-01;3.3250000e+02;2.4476701e-01;3.3250000e+02;2.3298711e-01;3.3250000e+02;2.1310559e-01;3.3250000e+02;1.4144462e-01;3.3250000e+02;7.6500118e-02;3.3250000e+02;2.1895632e-02;3.3250000e+02;-2.5173046e-02;3.3250000e+02;-6.8848185e-02;3.3250000e+02;-1.1226430e-01;3.3250000e+02;-1.5527368e-01;3.3250000e+02;-1.9775015e-01;3.3250000e+02;-8.4266156e-02;3.3250000e+02;-6.0931932e-02;3.3250000e+02;-1.8315576e-02;3.3250000e+02;3.9630421e-02;3.3250000e+02;1.0849494e-01;3.3250000e+02;1.6033317e-01;3.3250000e+02;2.2221372e-01;3.3250000e+02;2.4476701e-01;3.3250000e+02;2.3298711e-01;3.3250000e+02;2.1310559e-01;3.3250000e+02;1.4144462e-01;3.3250000e+02;7.6500118e-02;3.3250000e+02;2.1895632e-02;3.3250000e+02;-2.5173046e-02;3.3250000e+02;-6.8848185e-02;3.3250000e+02;-1.1226430e-01;3.3250000e+02;-1.5527368e-01;3.3250000e+02;-1.9775015e-01;3.3250000e+02;-8.4266156e-02;3.3250000e+02;-6.0931932e-02;3.3250000e+02;-1.8315576e-02;3.3250000e+02;3.9630421e-02;3.3250000e+02;1.0849494e-01;3.3250000e+02;1.6033317e-01;3.3250000e+02;2.2221372e-01;3.3250000e+02;2.4476701e-01;3.3250000e+02;2.3298711e-01;3.3250000e+02;2.1310559e-01;3.3250000e+02;1.4144462e-01;3.3250000e+02;7.6500118e-02;3.3250000e+02;2.1895632e-02;3.3250000e+02;-2.5173046e-02;3.3250000e+02;-6.8848185e-02;3.3250000e+02;-1.1226430e-01;3.3250000e+02;-1.5527368e-01;3.3250000e+02;-1.9775015e-01;3.3250000e+02;-8.4266156e-02;3.3250000e+02;-6.0931932e-02;3.3250000e+02;-1.8315576e-02;3.3250000e+02;3.9630421e-02;3.3250000e+02;1.0849494e-01;3.3250000e+02;1.6033317e-01;3.3250000e+02;2.2221372e-01;3.3250000e+02;2.4476701e-01;3.3250000e+02;2.3298711e-01;3.3250000e+02;2.1310559e-01;3.3250000e+02;1.4144462e-01;3.3250000e+02;7.6500118e-02;3.3250000e+02;2.1895632e-02;3.3250000e+02;-2.5173046e-02;3.3250000e+02;-6.8848185e-02;3.3250000e+02;-1.1226430e-01;3.3250000e+02;-1.5527368e-01;3.3250000e+02;-1.9775015e-01;3.3250000e+02;-8.4266156e-02;3.3250000e+02;-6.0931932e-02;3.3250000e+02;-1.8315576e-02;3.3250000e+02;3.9630421e-02;3.3250000e+02;1.0849494e-01;3.3250000e+02;1.6033317e-01;3.3250000e+02;2.2221372e-01;3.3250000e+02;2.4476701e-01;3.3250000e+02;2.3298711e-01;3.3250000e+02;2.1310559e-01;3.3250000e+02;1.4144462e-01;3.3250000e+02;7.6500118e-02;3.3250000e+02;2.1895632e-02;3.3250000e+02;-2.5173046e-02;3.3250000e+02;-6.8848185e-02;3.3250000e+02;-1.1226430e-01;3.3250000e+02;-1.5527368e-01;3.3250000e+02;-1.9775015e-01;3.3250000e+02;-8.4266156e-02;3.3250000e+02;-6.0931932e-02;3.3250000e+02;-1.8315576e-02;3.3250000e+02;3.9630421e-02;3.3250000e+02;1.0849494e-01;3.3250000e+02;1.6033317e-01;3.3250000e+02;2.2221372e-01;3.3250000e+02;2.4476701e-01;3.3250000e+02;2.3298711e-01;3.3250000e+02;2.1310559e-01;3.3250000e+02;1.4144462e-01;3.3250000e+02;7.6500118e-02;3.3250000e+02;2.1895632e-02;3.3250000e+02;-2.5173046e-02;3.3250000e+02;-6.8848185e-02;3.3250000e+02;-1.1226430e-01;3.3250000e+02;-1.5527368e-01;3.3250000e+02;-1.9775015e-01;3.3250000e+02;-8.4266156e-02;3.3250000e+02;-6.0931932e-02;3.3250000e+02;-1.8315576e-02;3.3250000e+02;3.9630421e-02;3.3250000e+02;1.0849494e-01;3.3250000e+02;1.6033317e-01;3.3250000e+02;2.2221372e-01;3.3250000e+02;2.4476701e-01;3.3250000e+02;2.3298711e-01;3.3250000e+02;2.1310559e-01;3.3250000e+02;1.4144462e-01;3.3250000e+02;7.6500118e-02;3.3250000e+02;2.1895632e-02;3.3250000e+02;-2.5173046e-02;3.3250000e+02;-6.8848185e-02;3.3250000e+02;-1.1226430e-01;3.3250000e+02;-1.5527368e-01;3.3250000e+02;-1.9775015e-01;3.3250000e+02;-8.4266156e-02;3.3250000e+02;-6.0931932e-02;3.3250000e+02;-1.8315576e-02;3.3250000e+02;3.9630421e-02;3.3250000e+02;1.0849494e-01;3.3250000e+02;1.6033317e-01;3.3250000e+02;2.2221372e-01;3.3250000e+02;2.4476701e-01;3.3250000e+02;2.3298711e-01;3.3250000e+02;2.1310559e-01;3.3250000e+02;1.4144462e-01;3.3250000e+02;7.6500118e-02;3.3250000e+02;2.1895632e-02;3.3250000e+02;-2.5173046e-02;3.3250000e+02;-6.8848185e-02;3.3250000e+02;-1.1226430e-01;3.3250000e+02;-1.5527368e-01;3.3250000e+02;-1.9775015e-01;3.3250000e+02;-8.4266156e-02;3.3250000e+02;-6.0931932e-02;3.3250000e+02;-1.8315576e-02;3.3250000e+02;3.9630421e-02;3.3250000e+02;1.0849494e-01;3.3250000e+02;1.6033317e-01;3.3250000e+02;2.2221372e-01;3.3250000e+02;2.4476701e-01;3.3250000e+02;2.3298711e-01;3.3250000e+02;2.1310559e-01;3.3250000e+02;1.4144462e-01;3.3250000e+02;7.6500118e-02;3.3250000e+02;2.1895632e-02;3.3250000e+02;-2.5173046e-02;3.3250000e+02;-6.8848185e-02;3.3250000e+02;-1.1226430e-01;3.3250000e+02;-1.5527368e-01;3.3250000e+02;-1.9775015e-01;3.3250000e+02;-8.4266156e-02;3.3250000e+02;-6.0931932e-02;3.3250000e+02;-1.8315576e-02;3.3250000e+02;3.9630421e-02;3.3250000e+02;1.0849494e-01;3.3250000e+02;1.6033317e-01;3.3250000e+02;2.2221372e-01;3.3250000e+02;2.4476701e-01;3.3250000e+02;2.3298711e-01;3.3250000e+02;2.1310559e-01;3.3250000e+02;1.4144462e-01;3.3250000e+02;7.6500118e-02;3.3250000e+02;2.1895632e-02;3.3250000e+02;-2.5173046e-02;3.3250000e+02;-6.8848185e-02;3.3250000e+02;-1.1226430e-01;3.3250000e+02;-1.5527368e-01;3.3250000e+02;-1.9775015e-01;3.3250000e+02;-8.4266156e-02;3.3250000e+02;-6.0931932e-02;3.3250000e+02;-1.8315576e-02;3.3250000e+02;3.9630421e-02;3.3250000e+02;1.0849494e-01;3.3250000e+02;1.6033317e-01;3.3250000e+02;2.2221372e-01;3.3250000e+02;2.4476701e-01;3.3250000e+02;2.3298711e-01;3.3250000e+02;2.1310559e-01;3.3250000e+02;1.4144462e-01;3.3250000e+02;7.6500118e-02;3.3250000e+02;2.1895632e-02;3.3250000e+02;-2.5173046e-02;3.3250000e+02;-6.8848185e-02;3.3250000e+02;-1.1226430e-01;3.3250000e+02;-1.5527368e-01;3.3250000e+02;-1.9775015e-01;3.3250000e+02;-8.4266156e-02;3.3250000e+02;-6.0931932e-02;3.3250000e+02;-1.8315576e-02;3.3250000e+02;3.9630421e-02;3.3250000e+02;1.0849494e-01;3.3250000e+02;1.6033317e-01;3.3250000e+02;2.2221372e-01;3.3250000e+02;2.4476701e-01;3.3250000e+02;2.3298711e-01;3.3250000e+02;2.1310559e-01;3.3250000e+02;1.4144462e-01;3.3250000e+02;7.6500118e-02;3.3250000e+02;2.1895632e-02;3.3250000e+02;-2.5173046e-02;3.3250000e+02;-6.8848185e-02;3.3250000e+02;-1.1226430e-01;3.3250000e+02;-1.5527368e-01;3.3250000e+02;-1.9775015e-01;3.3250000e+02;-8.4266156e-02;3.3250000e+02;-6.0931932e-02;3.3250000e+02;-1.8315576e-02;3.3250000e+02;3.9630421e-02;3.3250000e+02;1.0849494e-01;3.3250000e+02;1.6033317e-01;3.3250000e+02;2.2221372e-01;3.3250000e+02;2.4476701e-01;3.3250000e+02;2.3298711e-01;3.3250000e+02;2.1310559e-01;3.3250000e+02;1.4144462e-01;3.3250000e+02;7.6500118e-02;3.3250000e+02;2.1895632e-02;3.3250000e+02;-2.5173046e-02;3.3250000e+02;-6.8848185e-02;3.3250000e+02;-1.1226430e-01;3.3250000e+02;-1.5527368e-01;3.3250000e+02;-1.9775015e-01;3.3250000e+02;-8.4266156e-02;3.3250000e+02;-6.0931932e-02;3.3250000e+02;-1.8315576e-02;3.3250000e+02;3.9630421e-02;3.3250000e+02;1.0849494e-01;3.3250000e+02;1.6033317e-01;3.3250000e+02;2.2221372e-01;3.3250000e+02;2.4476701e-01;3.3250000e+02;2.3298711e-01;3.3250000e+02;2.1310559e-01;3.3250000e+02;1.4144462e-01;3.3250000e+02;7.6500118e-02;3.3250000e+02;2.1895632e-02;3.3250000e+02;-2.5173046e-02;3.3250000e+02;-6.8848185e-02;3.3250000e+02;-1.1226430e-01;3.3250000e+02;-1.5527368e-01;3.3250000e+02;-1.9775015e-01;3.3250000e+02;-8.4266156e-02;3.3250000e+02;-6.0931932e-02;3.3250000e+02;-1.8315576e-02;3.3250000e+02;3.9630421e-02;3.3250000e+02;1.0849494e-01;3.3250000e+02;1.6033317e-01;3.3250000e+02;2.2221372e-01;3.3250000e+02;2.4476701e-01;3.3250000e+02;2.3298711e-01;3.3250000e+02;2.1310559e-01;3.3250000e+02;1.4144462e-01;3.3250000e+02;7.6500118e-02;3.3250000e+02;2.1895632e-02;3.3250000e+02;-2.5173046e-02;3.3250000e+02;-6.8848185e-02;3.3250000e+02;-1.1226430e-01;3.3250000e+02;-1.5527368e-01;3.3250000e+02;-1.9775015e-01;3.3250000e+02;-8.4266156e-02;3.3250000e+02;-6.0931932e-02;3.3250000e+02;-1.8315576e-02;3.3250000e+02;3.9630421e-02;3.3250000e+02;1.0849494e-01;3.3250000e+02;1.6033317e-01;3.3250000e+02;2.2221372e-01;3.3250000e+02;2.4476701e-01;3.3250000e+02;2.3298711e-01;3.3250000e+02;2.1310559e-01;3.3250000e+02;1.4144462e-01;3.3250000e+02;7.6500118e-02;3.3250000e+02;2.1895632e-02;3.3250000e+02;-2.5173046e-02;3.3250000e+02;-6.8848185e-02;3.3250000e+02;-1.1226430e-01;3.3250000e+02;-1.5527368e-01;3.3250000e+02;-1.9775015e-01;3.3250000e+02;-8.4266156e-02;3.3250000e+02;-6.0931932e-02;3.3250000e+02;-1.8315576e-02;3.3250000e+02;3.9630421e-02;3.3250000e+02;1.0849494e-01;3.3250000e+02;1.6033317e-01;3.3250000e+02;2.2221372e-01;3.3250000e+02;2.4476701e-01;3.3250000e+02;2.3298711e-01;3.3250000e+02;2.1310559e-01;3.3250000e+02;1.4144462e-01;3.3250000e+02;7.6500118e-02;3.3250000e+02;2.1895632e-02;3.3250000e+02;-2.5173046e-02;3.3250000e+02;-6.8848185e-02;3.3250000e+02;-1.1226430e-01;3.3250000e+02;-1.5527368e-01;3.3250000e+02;-1.9775015e-01;3.3250000e+02;-8.4266156e-02;3.3250000e+02;-6.0931932e-02;3.3250000e+02;-1.8315576e-02;3.3250000e+02;3.9630421e-02;3.3250000e+02;1.0849494e-01;3.3250000e+02;1.6033317e-01;3.3250000e+02;2.2221372e-01;3.3250000e+02;2.4476701e-01;3.3250000e+02;2.3298711e-01;3.3250000e+02;2.1310559e-01;3.3250000e+02;1.4144462e-01;3.3250000e+02;7.6500118e-02;3.3250000e+02;2.1895632e-02;3.3250000e+02;-2.5173046e-02;3.3250000e+02;-6.8848185e-02;3.3250000e+02;-1.1226430e-01;3.3250000e+02;-1.5527368e-01;3.3250000e+02;-1.9775015e-01;3.3250000e+02;-8.4266156e-02;3.3250000e+02;-6.0931932e-02;3.3250000e+02;-1.8315576e-02;3.3250000e+02;3.9630421e-02;3.3250000e+02;1.0849494e-01;3.3250000e+02;1.6033317e-01;3.3250000e+02;2.2221372e-01;3.3250000e+02;2.4476701e-01;3.3250000e+02;2.3298711e-01;3.3250000e+02;2.1310559e-01;3.3250000e+02;1.4144462e-01;3.3250000e+02;7.6500118e-02;3.3250000e+02;2.1895632e-02;3.3250000e+02;-2.5173046e-02;3.3250000e+02;-6.8848185e-02;3.3250000e+02;-1.1226430e-01;3.3250000e+02;-1.5527368e-01;3.3250000e+02;-1.9775015e-01;3.3250000e+02;-8.4266156e-02;3.3250000e+02;-6.0931932e-02;3.3250000e+02;-1.8315576e-02;3.3250000e+02;3.9630421e-02;3.3250000e+02;1.0849494e-01;3.3250000e+02;1.6033317e-01;3.3250000e+02;2.2221372e-01;3.3250000e+02;2.4476701e-01;3.3250000e+02;2.3298711e-01;3.3250000e+02;2.1310559e-01;3.3250000e+02;1.4144462e-01;3.3250000e+02;7.6500118e-02;3.3250000e+02;2.1895632e-02;3.3250000e+02;-2.5173046e-02;3.3250000e+02;-6.8848185e-02;3.3250000e+02;-1.1226430e-01;3.3250000e+02;-1.5527368e-01;3.3250000e+02;-1.9775015e-01;3.3250000e+02;-8.4266156e-02;3.3250000e+02;-6.0931932e-02;3.3250000e+02;-1.8315576e-02;3.3250000e+02;3.9630421e-02;3.3250000e+02;1.0849494e-01;3.3250000e+02;1.6033317e-01;3.3250000e+02;2.2221372e-01;3.3250000e+02;2.4476701e-01;3.3250000e+02;2.3298711e-01;3.3250000e+02;2.1310559e-01;3.3250000e+02;1.4144462e-01;3.3250000e+02;7.6500118e-02;3.3250000e+02;2.1895632e-02;3.3250000e+02;-2.5173046e-02;3.3250000e+02;-6.8848185e-02;3.3250000e+02;-1.1226430e-01;3.3250000e+02;-1.5527368e-01;3.3250000e+02;-1.9775015e-01;3.3250000e+02;-8.4266156e-02;3.3250000e+02;-6.0931932e-02;3.3250000e+02;-1.8315576e-02;3.3250000e+02;3.9630421e-02;3.3250000e+02;1.0849494e-01;3.3250000e+02;1.6033317e-01;3.3250000e+02;2.2221372e-01;3.3250000e+02;2.4476701e-01;3.3250000e+02;2.3298711e-01;3.3250000e+02;2.1310559e-01;3.3250000e+02;1.4144462e-01;3.3250000e+02;7.6500118e-02;3.3250000e+02;2.1895632e-02;3.3250000e+02;-2.5173046e-02;3.3250000e+02;-6.8848185e-02;3.3250000e+02;-1.1226430e-01;3.3250000e+02;-1.5527368e-01;3.3250000e+02;-1.9775015e-01;3.3250000e+02;-8.4266156e-02;3.3250000e+02;-6.0931932e-02;3.3250000e+02;-1.8315576e-02;3.3250000e+02;3.9630421e-02;3.3250000e+02;1.0849494e-01;3.3250000e+02;1.6033317e-01;3.3250000e+02;2.2221372e-01;3.3250000e+02;2.4476701e-01;3.3250000e+02;2.3298711e-01;3.3250000e+02;2.1310559e-01;3.3250000e+02;1.4144462e-01;3.3250000e+02;7.6500118e-02;3.3250000e+02;2.1895632e-02;3.3250000e+02;-2.5173046e-02;3.3250000e+02;-6.8848185e-02;3.3250000e+02;-1.1226430e-01;3.3250000e+02;-1.5527368e-01;3.3250000e+02;-1.9775015e-01;3.3250000e+02;-8.4266156e-02;3.3250000e+02;-6.0931932e-02;3.3250000e+02;-1.8315576e-02;3.3250000e+02;3.9630421e-02;3.3250000e+02;1.0849494e-01;3.3250000e+02;1.6033317e-01;3.3250000e+02;2.2221372e-01;3.3250000e+02;2.4476701e-01;3.3250000e+02;2.3298711e-01;3.3250000e+02;2.1310559e-01;3.3250000e+02;1.4144462e-01;3.3250000e+02;7.6500118e-02;3.3250000e+02;2.1895632e-02;3.3250000e+02;-2.5173046e-02;3.3250000e+02;-6.8848185e-02;3.3250000e+02;-1.1226430e-01;3.3250000e+02;-1.5527368e-01;3.3250000e+02;-1.9775015e-01;3.3250000e+02;-8.4266156e-02;3.3250000e+02;-6.0931932e-02;3.3250000e+02;-1.8315576e-02;3.3250000e+02;3.9630421e-02;3.3250000e+02;1.0849494e-01;3.3250000e+02;1.6033317e-01;3.3250000e+02;2.2221372e-01;3.3250000e+02;2.4476701e-01;3.3250000e+02;2.3298711e-01;3.3250000e+02;2.1310559e-01;3.3250000e+02;1.4144462e-01;3.3250000e+02;7.6500118e-02;3.3250000e+02;2.1895632e-02;3.3250000e+02;-2.5173046e-02;3.3250000e+02;-6.8848185e-02;3.3250000e+02;-1.1226430e-01;3.3250000e+02;-1.5527368e-01;3.3250000e+02;-1.9775015e-01;3.3250000e+02;-8.4266156e-02;3.3250000e+02;-6.0931932e-02;3.3250000e+02;-1.8315576e-02;3.3250000e+02;3.9630421e-02;3.3250000e+02;1.0849494e-01;3.3250000e+02;1.6033317e-01;3.3250000e+02;2.2221372e-01;3.3250000e+02;2.4476701e-01;3.3250000e+02;2.3298711e-01;3.3250000e+02;2.1310559e-01;3.3250000e+02;1.4144462e-01;3.3250000e+02;7.6500118e-02;3.3250000e+02;2.1895632e-02;3.3250000e+02;-2.5173046e-02;3.3250000e+02;-6.8848185e-02;3.3250000e+02;-1.1226430e-01;3.3250000e+02;-1.5527368e-01;3.3250000e+02;-1.9775015e-01;3.3250000e+02;-8.4266156e-02;3.3250000e+02;-6.0931932e-02;3.3250000e+02;-1.8315576e-02;3.3250000e+02;3.9630421e-02;3.3250000e+02;1.0849494e-01;3.3250000e+02;1.6033317e-01;3.3250000e+02;2.2221372e-01;3.3250000e+02;2.4476701e-01;3.3250000e+02;2.3298711e-01;3.3250000e+02;2.1310559e-01;3.3250000e+02;1.4144462e-01;3.3250000e+02;7.6500118e-02;3.3250000e+02;2.1895632e-02;3.3250000e+02;-2.5173046e-02;3.3250000e+02;-6.8848185e-02;3.3250000e+02;-1.1226430e-01;3.3250000e+02;-1.5527368e-01;3.3250000e+02;-1.9775015e-01
3.3750000e+02;-8.6919904e-02;3.3750000e+02;-7.0158780e-02;3.3750000e+02;-3.1773318e-02;3.3750000e+02;2.3264367e-02;3.3750000e+02;8.5712902e-02;3.3750000e+02;1.3982217e-01;3.3750000e+02;2.0467150e-01;3.3750000e+02;2.3290092e-01;3.3750000e+02;2.1873602e-01;3.3750000e+02;2.0818496e-01;3.3750000e+02;1.4286081e-01;3.3750000e+02;7.8586265e-02;3.3750000e+02;2.3808405e-02;3.3750000e+02;-2.3919851e-02;3.3750000e+02;-6.8140566e-02;3.3750000e+02;-1.1166080e-01;3.3750000e+02;-1.5463006e-01;3.3750000e+02;-1.9720453e-01;3.3750000e+02;-8.6919904e-02;3.3750000e+02;-7.0158780e-02;3.3750000e+02;-3.1773318e-02;3.3750000e+02;2.3264367e-02;3.3750000e+02;8.5712902e-02;3.3750000e+02;1.3982217e-01;3.3750000e+02;2.0467150e-01;3.3750000e+02;2.3290092e-01;3.3750000e+02;2.1873602e-01;3.3750000e+02;2.0818496e-01;3.3750000e+02;1.4286081e-01;3.3750000e+02;7.8586265e-02;3.3750000e+02;2.3808405e-02;3.3750000e+02;-2.3919851e-02;3.3750000e+02;-6.8140566e-02;3.3750000e+02;-1.1166080e-01;3.3750000e+02;-1.5463006e-01;3.3750000e+02;-1.9720453e-01;3.3750000e+02;-8.6919904e-02;3.3750000e+02;-7.0158780e-02;3.3750000e+02;-3.1773318e-02;3.3750000e+02;2.3264367e-02;3.3750000e+02;8.5712902e-02;3.3750000e+02;1.3982217e-01;3.3750000e+02;2.0467150e-01;3.3750000e+02;2.3290092e-01;3.3750000e+02;2.1873602e-01;3.3750000e+02;2.0818496e-01;3.3750000e+02;1.4286081e-01;3.3750000e+02;7.8586265e-02;3.3750000e+02;2.3808405e-02;3.3750000e+02;-2.3919851e-02;3.3750000e+02;-6.8140566e-02;3.3750000e+02;-1.1166080e-01;3.3750000e+02;-1.5463006e-01;3.3750000e+02;-1.9720453e-01;3.3750000e+02;-8.6919904e-02;3.3750000e+02;-7.0158780e-02;3.3750000e+02;-3.1773318e-02;3.3750000e+02;2.3264367e-02;3.3750000e+02;8.5712902e-02;3.3750000e+02;1.3982217e-01;3.3750000e+02;2.0467150e-01;3.3750000e+02;2.3290092e-01;3.3750000e+02;2.1873602e-01;3.3750000e+02;2.0818496e-01;3.3750000e+02;1.4286081e-01;3.3750000e+02;7.8586265e-02;3.3750000e+02;2.3808405e-02;3.3750000e+02;-2.3919851e-02;3.3750000e+02;-6.8140566e-02;3.3750000e+02;-1.1166080e-01;3.3750000e+02;-1.5463006e-01;3.3750000e+02;-1.9720453e-01;3.3750000e+02;-8.6919904e-02;3.3750000e+02;-7.0158780e-02;3.3750000e+02;-3.1773318e-02;3.3750000e+02;2.3264367e-02;3.3750000e+02;8.5712902e-02;3.3750000e+02;1.3982217e-01;3.3750000e+02;2.0467150e-01;3.3750000e+02;2.3290092e-01;3.3750000e+02;2.1873602e-01;3.3750000e+02;2.0818496e-01;3.3750000e+02;1.4286081e-01;3.3750000e+02;7.8586265e-02;3.3750000e+02;2.3808405e-02;3.3750000e+02;-2.3919851e-02;3.3750000e+02;-6.8140566e-02;3.3750000e+02;-1.1166080e-01;3.3750000e+02;-1.5463006e-01;3.3750000e+02;-1.9720453e-01;3.3750000e+02;-8.6919904e-02;3.3750000e+02;-7.0158780e-02;3.3750000e+02;-3.1773318e-02;3.3750000e+02;2.3264367e-02;3.3750000e+02;8.5712902e-02;3.3750000e+02;1.3982217e-01;3.3750000e+02;2.0467150e-01;3.3750000e+02;2.3290092e-01;3.3750000e+02;2.1873602e-01;3.3750000e+02;2.0818496e-01;3.3750000e+02;1.4286081e-01;3.3750000e+02;7.8586265e-02;3.3750000e+02;2.3808405e-02;3.3750000e+02;-2.3919851e-02;3.3750000e+02;-6.8140566e-02;3.3750000e+02;-1.1166080e-01;3.3750000e+02;-1.5463006e-01;3.3750000e+02;-1.9720453e-01;3.3750000e+02;-8.6919904e-02;3.3750000e+02;-7.0158780e-02;3.3750000e+02;-3.1773318e-02;3.3750000e+02;2.3264367e-02;3.3750000e+02;8.5712902e-02;3.3750000e+02;1.3982217e-01;3.3750000e+02;2.0467150e-01;3.3750000e+02;2.3290092e-01;3.3750000e+02;2.1873602e-01;3.3750000e+02;2.0818496e-01;3.3750000e+02;1.4286081e-01;3.3750000e+02;7.8586265e-02;3.3750000e+02;2.3808405e-02;3.3750000e+02;-2.3919851e-02;3.3750000e+02;-6.8140566e-02;3.3750000e+02;-1.1166080e-01;3.3750000e+02;-1.5463006e-01;3.3750000e+02;-1.9720453e-01;3.3750000e+02;-8.6919904e-02;3.3750000e+02;-7.0158780e-02;3.3750000e+02;-3.1773318e-02;3.3750000e+02;2.3264367e-02;3.3750000e+02;8.5712902e-02;3.3750000e+02;1.3982217e-01;3.3750000e+02;2.0467150e-01;3.3750000e+02;2.3290092e-01;3.3750000e+02;2.1873602e-01;3.3750000e+02;2.0818496e-01;3.3750000e+02;1.4286081e-01;3.3750000e+02;7.8586265e-02;3.3750000e+02;2.3808405e-02;3.3750000e+02;-2.3919851e-02;3.3750000e+02;-6.8140566e-02;3.3750000e+02;-1.1166080e-01;3.3750000e+02;-1.5463006e-01;3.3750000e+02;-1.9720453e-01;3.3750000e+02;-8.6919904e-02;3.3750000e+02;-7.0158780e-02;3.3750000e+02;-3.1773318e-02;3.3750000e+02;2.3264367e-02;3.3750000e+02;8.5712902e-02;3.3750000e+02;1.3982217e-01;3.3750000e+02;2.0467150e-01;3.3750000e+02;2.3290092e-01;3.3750000e+02;2.1873602e-01;3.3750000e+02;2.0818496e-01;3.3750000e+02;1.4286081e-01;3.3750000e+02;7.8586265e-02;3.3750000e+02;2.3808405e-02;3.3750000e+02;-2.3919851e-02;3.3750000e+02;-6.8140566e-02;3.3750000e+02;-1.1166080e-01;3.3750000e+02;-1.5463006e-01;3.3750000e+02;-1.9720453e-01;3.3750000e+02;-8.6919904e-02;3.3750000e+02;-7.0158780e-02;3.3750000e+02;-3.1773318e-02;3.3750000e+02;2.3264367e-02;3.3750000e+02;8.5712902e-02;3.3750000e+02;1.3982217e-01;3.3750000e+02;2.0467150e-01;3.3750000e+02;2.3290092e-01;3.3750000e+02;2.1873602e-01;3.3750000e+02;2.0818496e-01;3.3750000e+02;1.4286081e-01;3.3750000e+02;7.8586265e-02;3.3750000e+02;2.3808405e-02;3.3750000e+02;-2.3919851e-02;3.3750000e+02;-6.8140566e-02;3.3750000e+02;-1.1166080e-01;3.3750000e+02;-1.5463006e-01;3.3750000e+02;-1.9720453e-01;3.3750000e+02;-8.6919904e-02;3.3750000e+02;-7.0158780e-02;3.3750000e+02;-3.1773318e-02;3.3750000e+02;2.3264367e-02;3.3750000e+02;8.5712902e-02;3.3750000e+02;1.3982217e-01;3.3750000e+02;2.0467150e-01;3.3750000e+02;2.3290092e-01;3.3750000e+02;2.1873602e-01;3.3750000e+02;2.0818496e-01;3.3750000e+02;1.4286081e-01;3.3750000e+02;7.8586265e-02;3.3750000e+02;2.3808405e-02;3.3750000e+02;-2.3919851e-02;3.3750000e+02;-6.8140566e-02;3.3750000e+02;-1.1166080e-01;3.3750000e+02;-1.5463006e-01;3.3750000e+02;-1.9720453e-01;3.3750000e+02;-8.6919904e-02;3.3750000e+02;-7.0158780e-02;3.3750000e+02;-3.1773318e-02;3.3750000e+02;2.3264367e-02;3.3750000e+02;8.5712902e-02;3.3750000e+02;1.3982217e-01;3.3750000e+02;2.0467150e-01;3.3750000e+02;2.3290092e-01;3.3750000e+02;2.1873602e-01;3.3750000e+02;2.0818496e-01;3.3750000e+02;1.4286081e-01;3.3750000e+02;7.8586265e-02;3.3750000e+02;2.3808405e-02;3.3750000e+02;-2.3919851e-02;3.3750000e+02;-6.8140566e-02;3.3750000e+02;-1.1166080e-01;3.3750000e+02;-1.5463006e-01;3.3750000e+02;-1.9720453e-01;3.3750000e+02;-8.6919904e-02;3.3750000e+02;-7.0158780e-02;3.3750000e+02;-3.1773318e-02;3.3750000e+02;2.3264367e-02;3.3750000e+02;8.5712902e-02;3.3750000e+02;1.3982217e-01;3.3750000e+02;2.0467150e-01;3.3750000e+02;2.3290092e-01;3.3750000e+02;2.1873602e-01;3.3750000e+02;2.0818496e-01;3.3750000e+02;1.4286081e-01;3.3750000e+02;7.8586265e-02;3.3750000e+02;2.3808405e-02;3.3750000e+02;-2.3919851e-02;3.3750000e+02;-6.8140566e-02;3.3750000e+02;-1.1166080e-01;3.3750000e+02;-1.5463006e-01;3.3750000e+02;-1.9720453e-01;3.3750000e+02;-8.6919904e-02;3.3750000e+02;-7.0158780e-02;3.3750000e+02;-3.1773318e-02;3.3750000e+02;2.3264367e-02;3.3750000e+02;8.5712902e-02;3.3750000e+02;1.3982217e-01;3.3750000e+02;2.0467150e-01;3.3750000e+02;2.3290092e-01;3.3750000e+02;2.1873602e-01;3.3750000e+02;2.0818496e-01;3.3750000e+02;1.4286081e-01;3.3750000e+02;7.8586265e-02;3.3750000e+02;2.3808405e-02;3.3750000e+02;-2.3919851e-02;3.3750000e+02;-6.8140566e-02;3.3750000e+02;-1.1166080e-01;3.3750000e+02;-1.5463006e-01;3.3750000e+02;-1.9720453e-01;3.3750000e+02;-8.6919904e-02;3.3750000e+02;-7.0158780e-02;3.3750000e+02;-3.1773318e-02;3.3750000e+02;2.3264367e-02;3.3750000e+02;8.5712902e-02;3.3750000e+02;1.3982217e-01;3.3750000e+02;2.0467150e-01;3.3750000e+02;2.3290092e-01;3.3750000e+02;2.1873602e-01;3.3750000e+02;2.0818496e-01;3.3750000e+02;1.4286081e-01;3.3750000e+02;7.8586265e-02;3.3750000e+02;2.3808405e-02;3.3750000e+02;-2.3919851e-02;3.3750000e+02;-6.8140566e-02;3.3750000e+02;-1.1166080e-01;3.3750000e+02;-1.5463006e-01;3.3750000e+02;-1.9720453e-01;3.3750000e+02;-8.6919904e-02;3.3750000e+02;-7.0158780e-02;3.3750000e+02;-3.1773318e-02;3.3750000e+02;2.3264367e-02;3.3750000e+02;8.5712902e-02;3.3750000e+02;1.3982217e-01;3.3750000e+02;2.0467150e-01;3.3750000e+02;2.3290092e-01;3.3750000e+02;2.1873602e-01;3.3750000e+02;2.0818496e-01;3.3750000e+02;1.4286081e-01;3.3750000e+02;7.8586265e-02;3.3750000e+02;2.3808405e-02;3.3750000e+02;-2.3919851e-02;3.3750000e+02;-6.8140566e-02;3.3750000e+02;-1.1166080e-01;3.3750000e+02;-1.5463006e-01;3.3750000e+02;-1.9720453e-01;3.3750000e+02;-8.6919904e-02;3.3750000e+02;-7.0158780e-02;3.3750000e+02;-3.1773318e-02;3.3750000e+02;2.3264367e-02;3.3750000e+02;8.5712902e-02;3.3750000e+02;1.3982217e-01;3.3750000e+02;2.0467150e-01;3.3750000e+02;2.3290092e-01;3.3750000e+02;2.1873602e-01;3.3750000e+02;2.0818496e-01;3.3750000e+02;1.4286081e-01;3.3750000e+02;7.8586265e-02;3.3750000e+02;2.3808405e-02;3.3750000e+02;-2.3919851e-02;3.3750000e+02;-6.8140566e-02;3.3750000e+02;-1.1166080e-01;3.3750000e+02;-1.5463006e-01;3.3750000e+02;-1.9720453e-01;3.3750000e+02;-8.6919904e-02;3.3750000e+02;-7.0158780e-02;3.3750000e+02;-3.1773318e-02;3.3750000e+02;2.3264367e-02;3.3750000e+02;8.5712902e-02;3.3750000e+02;1.3982217e-01;3.3750000e+02;2.0467150e-01;3.3750000e+02;2.3290092e-01;3.3750000e+02;2.1873602e-01;3.3750000e+02;2.0818496e-01;3.3750000e+02;1.4286081e-01;3.3750000e+02;7.8586265e-02;3.3750000e+02;2.3808405e-02;3.3750000e+02;-2.3919851e-02;3.3750000e+02;-6.8140566e-02;3.3750000e+02;-1.1166080e-01;3.3750000e+02;-1.5463006e-01;3.3750000e+02;-1.9720453e-01;3.3750000e+02;-8.6919904e-02;3.3750000e+02;-7.0158780e-02;3.3750000e+02;-3.1773318e-02;3.3750000e+02;2.3264367e-02;3.3750000e+02;8.5712902e-02;3.3750000e+02;1.3982217e-01;3.3750000e+02;2.0467150e-01;3.3750000e+02;2.3290092e-01;3.3750000e+02;2.1873602e-01;3.3750000e+02;2.0818496e-01;3.3750000e+02;1.4286081e-01;3.3750000e+02;7.8586265e-02;3.3750000e+02;2.3808405e-02;3.3750000e+02;-2.3919851e-02;3.3750000e+02;-6.8140566e-02;3.3750000e+02;-1.1166080e-01;3.3750000e+02;-1.5463006e-01;3.3750000e+02;-1.9720453e-01;3.3750000e+02;-8.6919904e-02;3.3750000e+02;-7.0158780e-02;3.3750000e+02;-3.1773318e-02;3.3750000e+02;2.3264367e-02;3.3750000e+02;8.5712902e-02;3.3750000e+02;1.3982217e-01;3.3750000e+02;2.0467150e-01;3.3750000e+02;2.3290092e-01;3.3750000e+02;2.1873602e-01;3.3750000e+02;2.0818496e-01;3.3750000e+02;1.4286081e-01;3.3750000e+02;7.8586265e-02;3.3750000e+02;2.3808405e-02;3.3750000e+02;-2.3919851e-02;3.3750000e+02;-6.8140566e-02;3.3750000e+02;-1.1166080e-01;3.3750000e+02;-1.5463006e-01;3.3750000e+02;-1.9720453e-01;3.3750000e+02;-8.6919904e-02;3.3750000e+02;-7.0158780e-02;3.3750000e+02;-3.1773318e-02;3.3750000e+02;2.3264367e-02;3.3750000e+02;8.5712902e-02;3.3750000e+02;1.3982217e-01;3.3750000e+02;2.0467150e-01;3.3750000e+02;2.3290092e-01;3.3750000e+02;2.1873602e-01;3.3750000e+02;2.0818496e-01;3.3750000e+02;1.4286081e-01;3.3750000e+02;7.8586265e-02;3.3750000e+02;2.3808405e-02;3.3750000e+02;-2.3919851e-02;3.3750000e+02;-6.8140566e-02;3.3750000e+02;-1.1166080e-01;3.3750000e+02;-1.5463006e-01;3.3750000e+02;-1.9720453e-01;3.3750000e+02;-8.6919904e-02;3.3750000e+02;-7.0158780e-02;3.3750000e+02;-3.1773318e-02;3.3750000e+02;2.3264367e-02;3.3750000e+02;8.5712902e-02;3.3750000e+02;1.3982217e-01;3.3750000e+02;2.0467150e-01;3.3750000e+02;2.3290092e-01;3.3750000e+02;2.1873602e-01;3.3750000e+02;2.0818496e-01;3.3750000e+02;1.4286081e-01;3.3750000e+02;7.8586265e-02;3.3750000e+02;2.3808405e-02;3.3750000e+02;-2.3919851e-02;3.3750000e+02;-6.8140566e-02;3.3750000e+02;-1.1166080e-01;3.3750000e+02;-1.5463006e-01;3.3750000e+02;-1.9720453e-01;3.3750000e+02;-8.6919904e-02;3.3750000e+02;-7.0158780e-02;3.3750000e+02;-3.1773318e-02;3.3750000e+02;2.3264367e-02;3.3750000e+02;8.5712902e-02;3.3750000e+02;1.3982217e-01;3.3750000e+02;2.0467150e-01;3.3750000e+02;2.3290092e-01;3.3750000e+02;2.1873602e-01;3.3750000e+02;2.0818496e-01;3.3750000e+02;1.4286081e-01;3.3750000e+02;7.8586265e-02;3.3750000e+02;2.3808405e-02;3.3750000e+02;-2.3919851e-02;3.3750000e+02;-6.8140566e-02;3.3750000e+02;-1.1166080e-01;3.3750000e+02;-1.5463006e-01;3.3750000e+02;-1.9720453e-01;3.3750000e+02;-8.6919904e-02;3.3750000e+02;-7.0158780e-02;3.3750000e+02;-3.1773318e-02;3.3750000e+02;2.3264367e-02;3.3750000e+02;8.5712902e-02;3.3750000e+02;1.3982217e-01;3.3750000e+02;2.0467150e-01;3.3750000e+02;2.3290092e-01;3.3750000e+02;2.1873602e-01;3.3750000e+02;2.0818496e-01;3.3750000e+02;1.4286081e-01;3.3750000e+02;7.8586265e-02;3.3750000e+02;2.3808405e-02;3.3750000e+02;-2.3919851e-02;3.3750000e+02;-6.8140566e-02;3.3750000e+02;-1.1166080e-01;3.3750000e+02;-1.5463006e-01;3.3750000e+02;-1.9720453e-01;3.3750000e+02;-8.6919904e-02;3.3750000e+02;-7.0158780e-02;3.3750000e+02;-3.1773318e-02;3.3750000e+02;2.3264367e-02;3.3750000e+02;8.5712902e-02;3.3750000e+02;1.3982217e-01;3.3750000e+02;2.0467150e-01;3.3750000e+02;2.3290092e-01;3.3750000e+02;2.1873602e-01;3.3750000e+02;2.0818496e-01;3.3750000e+02;1.4286081e-01;3.3750000e+02;7.8586265e-02;3.3750000e+02;2.3808405e-02;3.3750000e+02;-2.3919851e-02;3.3750000e+02;-6.8140566e-02;3.3750000e+02;-1.1166080e-01;3.3750000e+02;-1.5463006e-01;3.3750000e+02;-1.9720453e-01;3.3750000e+02;-8.6919904e-02;3.3750000e+02;-7.0158780e-02;3.3750000e+02;-3.1773318e-02;3.3750000e+02;2.3264367e-02;3.3750000e+02;8.5712902e-02;3.3750000e+02;1.3982217e-01;3.3750000e+02;2.0467150e-01;3.3750000e+02;2.3290092e-01;3.3750000e+02;2.1873602e-01;3.3750000e+02;2.0818496e-01;3.3750000e+02;1.4286081e-01;3.3750000e+02;7.8586265e-02;3.3750000e+02;2.3808405e-02;3.3750000e+02;-2.3919851e-02;3.3750000e+02;-6.8140566e-02;3.3750000e+02;-1.1166080e-01;3.3750000e+02;-1.5463006e-01;3.3750000e+02;-1.9720453e-01;3.3750000e+02;-8.6919904e-02;3.3750000e+02;-7.0158780e-02;3.3750000e+02;-3.1773318e-02;3.3750000e+02;2.3264367e-02;3.3750000e+02;8.5712902e-02;3.3750000e+02;1.3982217e-01;3.3750000e+02;2.0467150e-01;3.3750000e+02;2.3290092e-01;3.3750000e+02;2.1873602e-01;3.3750000e+02;2.0818496e-01;3.3750000e+02;1.4286081e-01;3.3750000e+02;7.8586265e-02;3.3750000e+02;2.3808405e-02;3.3750000e+02;-2.3919851e-02;3.3750000e+02;-6.8140566e-02;3.3750000e+02;-1.1166080e-01;3.3750000e+02;-1.5463006e-01;3.3750000e+02;-1.9720453e-01;3.3750000e+02;-8.6919904e-02;3.3750000e+02;-7.0158780e-02;3.3750000e+02;-3.1773318e-02;3.3750000e+02;2.3264367e-02;3.3750000e+02;8.5712902e-02;3.3750000e+02;1.3982217e-01;3.3750000e+02;2.0467150e-01;3.3750000e+02;2.3290092e-01;3.3750000e+02;2.1873602e-01;3.3750000e+02;2.0818496e-01;3.3750000e+02;1.4286081e-01;3.3750000e+02;7.8586265e-02;3.3750000e+02;2.3808405e-02;3.3750000e+02;-2.3919851e-02;3.3750000e+02;-6.8140566e-02;3.3750000e+02;-1.1166080e-01;3.3750000e+02;-1.5463006e-01;3.3750000e+02;-1.9720453e-01;3.3750000e+02;-8.6919904e-02;3.3750000e+02;-7.0158780e-02;3.3750000e+02;-3.1773318e-02;3.3750000e+02;2.3264367e-02;3.3750000e+02;8.5712902e-02;3.3750000e+02;1.3982217e-01;3.3750000e+02;2.0467150e-01;3.3750000e+02;2.3290092e-01;3.3750000e+02;2.1873602e-01;3.3750000e+02;2.0818496e-01;3.3750000e+02;1.4286081e-01;3.3750000e+02;7.8586265e-02;3.3750000e+02;2.3808405e-02;3.3750000e+02;-2.3919851e-02;3.3750000e+02;-6.8140566e-02;3.3750000e+02;-1.1166080e-01;3.3750000e+02;-1.5463006e-01;3.3750000e+02;-1.9720453e-01;3.3750000e+02;-8.6919904e-02;3.3750000e+02;-7.0158780e-02;3.3750000e+02;-3.1773318e-02;3.3750000e+02;2.3264367e-02;3.3750000e+02;8.5712902e-02;3.3750000e+02;1.3982217e-01;3.3750000e+02;2.0467150e-01;3.3750000e+02;2.3290092e-01;3.3750000e+02;2.1873602e-01;3.3750000e+02;2.0818496e-01;3.3750000e+02;1.4286081e-01;3.3750000e+02;7.8586265e-02;3.3750000e+02;2.3808405e-02;3.3750000e+02;-2.3919851e-02;3.3750000e+02;-6.8140566e-02;3.3750000e+02;-1.1166080e-01;3.3750000e+02;-1.5463006e-01;3.3750000e+02;-1.9720453e-01;3.3750000e+02;-8.6919904e-02;3.3750000e+02;-7.0158780e-02;3.3750000e+02;-3.1773318e-02;3.3750000e+02;2.3264367e-02;3.3750000e+02;8.5712902e-02;3.3750000e+02;1.3982217e-01;3.3750000e+02;2.0467150e-01;3.3750000e+02;2.3290092e-01;3.3750000e+02;2.1873602e-01;3.3750000e+02;2.0818496e-01;3.3750000e+02;1.4286081e-01;3.3750000e+02;7.8586265e-02;3.3750000e+02;2.3808405e-02;3.3750000e+02;-2.3919851e-02;3.3750000e+02;-6.8140566e-02;3.3750000e+02;-1.1166080e-01;3.3750000e+02;-1.5463006e-01;3.3750000e+02;-1.9720453e-01;3.3750000e+02;-8.6919904e-02;3.3750000e+02;-7.0158780e-02;3.3750000e+02;-3.1773318e-02;3.3750000e+02;2.3264367e-02;3.3750000e+02;8.5712902e-02;3.3750000e+02;1.3982217e-01;3.3750000e+02;2.0467150e-01;3.3750000e+02;2.3290092e-01;3.3750000e+02;2.1873602e-01;3.3750000e+02;2.0818496e-01;3.3750000e+02;1.4286081e-01;3.3750000e+02;7.8586265e-02;3.3750000e+02;2.3808405e-02;3.3750000e+02;-2.3919851e-02;3.3750000e+02;-6.8140566e-02;3.3750000e+02;-1.1166080e-01;3.3750000e+02;-1.5463006e-01;3.3750000e+02;-1.9720453e-01;3.3750000e+02;-8.6919904e-02;3.3750000e+02;-7.0158780e-02;3.3750000e+02;-3.1773318e-02;3.3750000e+02;2.3264367e-02;3.3750000e+02;8.5712902e-02;3.3750000e+02;1.3982217e-01;3.3750000e+02;2.0467150e-01;3.3750000e+02;2.3290092e-01;3.3750000e+02;2.1873602e-01;3.3750000e+02;2.0818496e-01;3.3750000e+02;1.4286081e-01;3.3750000e+02;7.8586265e-02;3.3750000e+02;2.3808405e-02;3.3750000e+02;-2.3919851e-02;3.3750000e+02;-6.8140566e-02;3.3750000e+02;-1.1166080e-01;3.3750000e+02;-1.5463006e-01;3.3750000e+02;-1.9720453e-01;3.3750000e+02;-8.6919904e-02;3.3750000e+02;-7.0158780e-02;3.3750000e+02;-3.1773318e-02;3.3750000e+02;2.3264367e-02;3.3750000e+02;8.5712902e-02;3.3750000e+02;1.3982217e-01;3.3750000e+02;2.0467150e-01;3.3750000e+02;2.3290092e-01;3.3750000e+02;2.1873602e-01;3.3750000e+02;2.0818496e-01;3.3750000e+02;1.4286081e-01;3.3750000e+02;7.8586265e-02;3.3750000e+02;2.3808405e-02;3.3750000e+02;-2.3919851e-02;3.3750000e+02;-6.8140566e-02;3.3750000e+02;-1.1166080e-01;3.3750000e+02;-1.5463006e-01;3.3750000e+02;-1.9720453e-01;3.3750000e+02;-8.6919904e-02;3.3750000e+02;-7.0158780e-02;3.3750000e+02;-3.1773318e-02;3.3750000e+02;2.3264367e-02;3.3750000e+02;8.5712902e-02;3.3750000e+02;1.3982217e-01;3.3750000e+02;2.0467150e-01;3.3750000e+02;2.3290092e-01;3.3750000e+02;2.1873602e-01;3.3750000e+02;2.0818496e-01;3.3750000e+02;1.4286081e-01;3.3750000e+02;7.8586265e-02;3.3750000e+02;2.3808405e-02;3.3750000e+02;-2.3919851e-02;3.3750000e+02;-6.8140566e-02;3.3750000e+02;-1.1166080e-01;3.3750000e+02;-1.5463006e-01;3.3750000e+02;-1.9720453e-01;3.3750000e+02;-8.6919904e-02;3.3750000e+02;-7.0158780e-02;3.3750000e+02;-3.1773318e-02;3.3750000e+02;2.3264367e-02;3.3750000e+02;8.5712902e-02;3.3750000e+02;1.3982217e-01;3.3750000e+02;2.0467150e-01;3.3750000e+02;2.3290092e-01;3.3750000e+02;2.1873602e-01;3.3750000e+02;2.0818496e-01;3.3750000e+02;1.4286081e-01;3.3750000e+02;7.8586265e-02;3.3750000e+02;2.3808405e-02;3.3750000e+02;-2.3919851e-02;3.3750000e+02;-6.8140566e-02;3.3750000e+02;-1.1166080e-01;3.3750000e+02;-1.5463006e-01;3.3750000e+02;-1.9720453e-01;3.3750000e+02;-8.6919904e-02;3.3750000e+02;-7.0158780e-02;3.3750000e+02;-3.1773318e-02;3.3750000e+02;2.3264367e-02;3.3750000e+02;8.5712902e-02;3.3750000e+02;1.3982217e-01;3.3750000e+02;2.0467150e-01;3.3750000e+02;2.3290092e-01;3.3750000e+02;2.1873602e-01;3.3750000e+02;2.0818496e-01;3.3750000e+02;1.4286081e-01;3.3750000e+02;7.8586265e-02;3.3750000e+02;2.3808405e-02;3.3750000e+02;-2.3919851e-02;3.3750000e+02;-6.8140566e-02;3.3750000e+02;-1.1166080e-01;3.3750000e+02;-1.5463006e-01;3.3750000e+02;-1.9720453e-01;3.3750000e+02;-8.6919904e-02;3.3750000e+02;-7.0158780e-02;3.3750000e+02;-3.1773318e-02;3.3750000e+02;2.3264367e-02;3.3750000e+02;8.5712902e-02;3.3750000e+02;1.3982217e-01;3.3750000e+02;2.0467150e-01;3.3750000e+02;2.3290092e-01;3.3750000e+02;2.1873602e-01;3.3750000e+02;2.0818496e-01;3.3750000e+02;1.4286081e-01;3.3750000e+02;7.8586265e-02;3.3750000e+02;2.3808405e-02;3.3750000e+02;-2.3919851e-02;3.3750000e+02;-6.8140566e-02;3.3750000e+02;-1.1166080e-01;3.3750000e+02;-1.5463006e-01;3.3750000e+02;-1.9720453e-01;3.3750000e+02;-8.6919904e-02;3.3750000e+02;-7.0158780e-02;3.3750000e+02;-3.1773318e-02;3.3750000e+02;2.3264367e-02;3.3750000e+02;8.5712902e-02;3.3750000e+02;1.3982217e-01;3.3750000e+02;2.0467150e-01;3.3750000e+02;2.3290092e-01;3.3750000e+02;2.1873602e-01;3.3750000e+02;2.0818496e-01;3.3750000e+02;1.4286081e-01;3.3750000e+02;7.8586265e-02;3.3750000e+02;2.3808405e-02;3.3750000e+02;-2.3919851e-02;3.3750000e+02;-6.8140566e-02;3.3750000e+02;-1.1166080e-01;3.3750000e+02;-1.5463006e-01;3.3750000e+02;-1.9720453e-01;3.3750000e+02;-8.6919904e-02;3.3750000e+02;-7.0158780e-02;3.3750000e+02;-3.1773318e-02;3.3750000e+02;2.3264367e-02;3.3750000e+02;8.5712902e-02;3.3750000e+02;1.3982217e-01;3.3750000e+02;2.0467150e-01;3.3750000e+02;2.3290092e-01;3.3750000e+02;2.1873602e-01;3.3750000e+02;2.0818496e-01;3.3750000e+02;1.4286081e-01;3.3750000e+02;7.8586265e-02;3.3750000e+02;2.3808405e-02;3.3750000e+02;-2.3919851e-02;3.3750000e+02;-6.8140566e-02;3.3750000e+02;-1.1166080e-01;3.3750000e+02;-1.5463006e-01;3.3750000e+02;-1.9720453e-01;3.3750000e+02;-8.6919904e-02;3.3750000e+02;-7.0158780e-02;3.3750000e+02;-3.1773318e-02;3.3750000e+02;2.3264367e-02;3.3750000e+02;8.5712902e-02;3.3750000e+02;1.3982217e-01;3.3750000e+02;2.0467150e-01;3.3750000e+02;2.3290092e-01;3.3750000e+02;2.1873602e-01;3.3750000e+02;2.0818496e-01;3.3750000e+02;1.4286081e-01;3.3750000e+02;7.8586265e-02;3.3750000e+02;2.3808405e-02;3.3750000e+02;-2.3919851e-02;3.3750000e+02;-6.8140566e-02;3.3750000e+02;-1.1166080e-01;3.3750000e+02;-1.5463006e-01;3.3750000e+02;-1.9720453e-01;3.3750000e+02;-8.6919904e-02;3.3750000e+02;-7.0158780e-02;3.3750000e+02;-3.1773318e-02;3.3750000e+02;2.3264367e-02;3.3750000e+02;8.5712902e-02;3.3750000e+02;1.3982217e-01;3.3750000e+02;2.0467150e-01;3.3750000e+02;2.3290092e-01;3.3750000e+02;2.1873602e-01;3.3750000e+02;2.0818496e-01;3.3750000e+02;1.4286081e-01;3.3750000e+02;7.8586265e-02;3.3750000e+02;2.3808405e-02;3.3750000e+02;-2.3919851e-02;3.3750000e+02;-6.8140566e-02;3.3750000e+02;-1.1166080e-01;3.3750000e+02;-1.5463006e-01;3.3750000e+02;-1.9720453e-01;3.3750000e+02;-8.6919904e-02;3.3750000e+02;-7.0158780e-02;3.3750000e+02;-3.1773318e-02;3.3750000e+02;2.3264367e-02;3.3750000e+02;8.5712902e-02;3.3750000e+02;1.3982217e-01;3.3750000e+02;2.0467150e-01;3.3750000e+02;2.3290092e-01;3.3750000e+02;2.1873602e-01;3.3750000e+02;2.0818496e-01;3.3750000e+02;1.4286081e-01;3.3750000e+02;7.8586265e-02;3.3750000e+02;2.3808405e-02;3.3750000e+02;-2.3919851e-02;3.3750000e+02;-6.8140566e-02;3.3750000e+02;-1.1166080e-01;3.3750000e+02;-1.5463006e-01;3.3750000e+02;-1.9720453e-01;3.3750000e+02;-8.6919904e-02;3.3750000e+02;-7.0158780e-02;3.3750000e+02;-3.1773318e-02;3.3750000e+02;2.3264367e-02;3.3750000e+02;8.5712902e-02;3.3750000e+02;1.3982217e-01;3.3750000e+02;2.0467150e-01;3.3750000e+02;2.3290092e-01;3.3750000e+02;2.1873602e-01;3.3750000e+02;2.0818496e-01;3.3750000e+02;1.4286081e-01;3.3750000e+02;7.8586265e-02;3.3750000e+02;2.3808405e-02;3.3750000e+02;-2.3919851e-02;3.3750000e+02;-6.8140566e-02;3.3750000e+02;-1.1166080e-01;3.3750000e+02;-1.5463006e-01;3.3750000e+02;-1.9720453e-01;3.3750000e+02;-8.6919904e-02;3.3750000e+02;-7.0158780e-02;3.3750000e+02;-3.1773318e-02;3.3750000e+02;2.3264367e-02;3.3750000e+02;8.5712902e-02;3.3750000e+02;1.3982217e-01;3.3750000e+02;2.0467150e-01;3.3750000e+02;2.3290092e-01;3.3750000e+02;2.1873602e-01;3.3750000e+02;2.0818496e-01;3.3750000e+02;1.4286081e-01;3.3750000e+02;7.8586265e-02;3.3750000e+02;2.3808405e-02;3.3750000e+02;-2.3919851e-02;3.3750000e+02;-6.8140566e-02;3.3750000e+02;-1.1166080e-01;3.3750000e+02;-1.5463006e-01;3.3750000e+02;-1.9720453e-01;3.3750000e+02;-8.6919904e-02;3.3750000e+02;-7.0158780e-02;3.3750000e+02;-3.1773318e-02;3.3750000e+02;2.3264367e-02;3.3750000e+02;8.5712902e-02;3.3750000e+02;1.3982217e-01;3.3750000e+02;2.0467150e-01;3.3750000e+02;2.3290092e-01;3.3750000e+02;2.1873602e-01;3.3750000e+02;2.0818496e-01;3.3750000e+02;1.4286081e-01;3.3750000e+02;7.8586265e-02;3.3750000e+02;2.3808405e-02;3.3750000e+02;-2.3919851e-02;3.3750000e+02;-6.8140566e-02;3.3750000e+02;-1.1166080e-01;3.3750000e+02;-1.5463006e-01;3.3750000e+02;-1.9720453e-01;3.3750000e+02;-8.6919904e-02;3.3750000e+02;-7.0158780e-02;3.3750000e+02;-3.1773318e-02;3.3750000e+02;2.3264367e-02;3.3750000e+02;8.5712902e-02;3.3750000e+02;1.3982217e-01;3.3750000e+02;2.0467150e-01;3.3750000e+02;2.3290092e-01;3.3750000e+02;2.1873602e-01;3.3750000e+02;2.0818496e-01;3.3750000e+02;1.4286081e-01;3.3750000e+02;7.8586265e-02;3.3750000e+02;2.3808405e-02;3.3750000e+02;-2.3919851e-02;3.3750000e+02;-6.8140566e-02;3.3750000e+02;-1.1166080e-01;3.3750000e+02;-1.5463006e-01;3.3750000e+02;-1.9720453e-01;3.3750000e+02;-8.6919904e-02;3.3750000e+02;-7.0158780e-02;3.3750000e+02;-3.1773318e-02;3.3750000e+02;2.3264367e-02;3.3750000e+02;8.5712902e-02;3.3750000e+02;1.3982217e-01;3.3750000e+02;2.0467150e-01;3.3750000e+02;2.3290092e-01;3.3750000e+02;2.1873602e-01;3.3750000e+02;2.0818496e-01;3.3750000e+02;1.4286081e-01;3.3750000e+02;7.8586265e-02;3.3750000e+02;2.3808405e-02;3.3750000e+02;-2.3919851e-02;3.3750000e+02;-6.8140566e-02;3.3750000e+02;-1.1166080e-01;3.3750000e+02;-1.5463006e-01;3.3750000e+02;-1.9720453e-01;3.3750000e+02;-8.6919904e-02;3.3750000e+02;-7.0158780e-02;3.3750000e+02;-3.1773318e-02;3.3750000e+02;2.3264367e-02;3.3750000e+02;8.5712902e-02;3.3750000e+02;1.3982217e-01;3.3750000e+02;2.0467150e-01;3.3750000e+02;2.3290092e-01;3.3750000e+02;2.1873602e-01;3.3750000e+02;2.0818496e-01;3.3750000e+02;1.4286081e-01;3.3750000e+02;7.8586265e-02;3.3750000e+02;2.3808405e-02;3.3750000e+02;-2.3919851e-02;3.3750000e+02;-6.8140566e-02;3.3750000e+02;-1.1166080e-01;3.3750000e+02;-1.5463006e-01;3.3750000e+02;-1.9720453e-01;3.3750000e+02;-8.6919904e-02;3.3750000e+02;-7.0158780e-02;3.3750000e+02;-3.1773318e-02;3.3750000e+02;2.3264367e-02;3.3750000e+02;8.5712902e-02;3.3750000e+02;1.3982217e-01;3.3750000e+02;2.0467150e-01;3.3750000e+02;2.3290092e-01;3.3750000e+02;2.1873602e-01;3.3750000e+02;2.0818496e-01;3.3750000e+02;1.4286081e-01;3.3750000e+02;7.8586265e-02;3.3750000e+02;2.3808405e-02;3.3750000e+02;-2.3919851e-02;3.3750000e+02;-6.8140566e-02;3.3750000e+02;-1.1166080e-01;3.3750000e+02;-1.5463006e-01;3.3750000e+02;-1.9720453e-01;3.3750000e+02;-8.6919904e-02;3.3750000e+02;-7.0158780e-02;3.3750000e+02;-3.1773318e-02;3.3750000e+02;2.3264367e-02;3.3750000e+02;8.5712902e-02;3.3750000e+02;1.3982217e-01;3.3750000e+02;2.0467150e-01;3.3750000e+02;2.3290092e-01;3.3750000e+02;2.1873602e-01;3.3750000e+02;2.0818496e-01;3.3750000e+02;1.4286081e-01;3.3750000e+02;7.8586265e-02;3.3750000e+02;2.3808405e-02;3.3750000e+02;-2.3919851e-02;3.3750000e+02;-6.8140566e-02;3.3750000e+02;-1.1166080e-01;3.3750000e+02;-1.5463006e-01;3.3750000e+02;-1.9720453e-01;3.3750000e+02;-8.6919904e-02;3.3750000e+02;-7.0158780e-02;3.3750000e+02;-3.1773318e-02;3.3750000e+02;2.3264367e-02;3.3750000e+02;8.5712902e-02;3.3750000e+02;1.3982217e-01;3.3750000e+02;2.0467150e-01;3.3750000e+02;2.3290092e-01;3.3750000e+02;2.1873602e-01;3.3750000e+02;2.0818496e-01;3.3750000e+02;1.4286081e-01;3.3750000e+02;7.8586265e-02;3.3750000e+02;2.3808405e-02;3.3750000e+02;-2.3919851e-02;3.3750000e+02;-6.8140566e-02;3.3750000e+02;-1.1166080e-01;3.3750000e+02;-1.5463006e-01;3.3750000e+02;-1.9720453e-01;3.3750000e+02;-8.6919904e-02;3.3750000e+02;-7.0158780e-02;3.3750000e+02;-3.1773318e-02;3.3750000e+02;2.3264367e-02;3.3750000e+02;8.5712902e-02;3.3750000e+02;1.3982217e-01;3.3750000e+02;2.0467150e-01;3.3750000e+02;2.3290092e-01;3.3750000e+02;2.1873602e-01;3.3750000e+02;2.0818496e-01;3.3750000e+02;1.4286081e-01;3.3750000e+02;7.8586265e-02;3.3750000e+02;2.3808405e-02;3.3750000e+02;-2.3919851e-02;3.3750000e+02;-6.8140566e-02;3.3750000e+02;-1.1166080e-01;3.3750000e+02;-1.5463006e-01;3.3750000e+02;-1.9720453e-01;3.3750000e+02;-8.6919904e-02;3.3750000e+02;-7.0158780e-02;3.3750000e+02;-3.1773318e-02;3.3750000e+02;2.3264367e-02;3.3750000e+02;8.5712902e-02;3.3750000e+02;1.3982217e-01;3.3750000e+02;2.0467150e-01;3.3750000e+02;2.3290092e-01;3.3750000e+02;2.1873602e-01;3.3750000e+02;2.0818496e-01;3.3750000e+02;1.4286081e-01;3.3750000e+02;7.8586265e-02;3.3750000e+02;2.3808405e-02;3.3750000e+02;-2.3919851e-02;3.3750000e+02;-6.8140566e-02;3.3750000e+02;-1.1166080e-01;3.3750000e+02;-1.5463006e-01;3.3750000e+02;-1.9720453e-01;3.3750000e+02;-8.6919904e-02;3.3750000e+02;-7.0158780e-02;3.3750000e+02;-3.1773318e-02;3.3750000e+02;2.3264367e-02;3.3750000e+02;8.5712902e-02;3.3750000e+02;1.3982217e-01;3.3750000e+02;2.0467150e-01;3.3750000e+02;2.3290092e-01;3.3750000e+02;2.1873602e-01;3.3750000e+02;2.0818496e-01;3.3750000e+02;1.4286081e-01;3.3750000e+02;7.8586265e-02;3.3750000e+02;2.3808405e-02;3.3750000e+02;-2.3919851e-02;3.3750000e+02;-6.8140566e-02;3.3750000e+02;-1.1166080e-01;3.3750000e+02;-1.5463006e-01;3.3750000e+02;-1.9720453e-01;3.3750000e+02;-8.6919904e-02;3.3750000e+02;-7.0158780e-02;3.3750000e+02;-3.1773318e-02;3.3750000e+02;2.3264367e-02;3.3750000e+02;8.5712902e-02;3.3750000e+02;1.3982217e-01;3.3750000e+02;2.0467150e-01;3.3750000e+02;2.3290092e-01;3.3750000e+02;2.1873602e-01;3.3750000e+02;2.0818496e-01;3.3750000e+02;1.4286081e-01;3.3750000e+02;7.8586265e-02;3.3750000e+02;2.3808405e-02;3.3750000e+02;-2.3919851e-02;3.3750000e+02;-6.8140566e-02;3.3750000e+02;-1.1166080e-01;3.3750000e+02;-1.5463006e-01;3.3750000e+02;-1.9720453e-01;3.3750000e+02;-8.6919904e-02;3.3750000e+02;-7.0158780e-02;3.3750000e+02;-3.1773318e-02;3.3750000e+02;2.3264367e-02;3.3750000e+02;8.5712902e-02;3.3750000e+02;1.3982217e-01;3.3750000e+02;2.0467150e-01;3.3750000e+02;2.3290092e-01;3.3750000e+02;2.1873602e-01;3.3750000e+02;2.0818496e-01;3.3750000e+02;1.4286081e-01;3.3750000e+02;7.8586265e-02;3.3750000e+02;2.3808405e-02;3.3750000e+02;-2.3919851e-02;3.3750000e+02;-6.8140566e-02;3.3750000e+02;-1.1166080e-01;3.3750000e+02;-1.5463006e-01;3.3750000e+02;-1.9720453e-01;3.3750000e+02;-8.6919904e-02;3.3750000e+02;-7.0158780e-02;3.3750000e+02;-3.1773318e-02;3.3750000e+02;2.3264367e-02;3.3750000e+02;8.5712902e-02;3.3750000e+02;1.3982217e-01;3.3750000e+02;2.0467150e-01;3.3750000e+02;2.3290092e-01;3.3750000e+02;2.1873602e-01;3.3750000e+02;2.0818496e-01;3.3750000e+02;1.4286081e-01;3.3750000e+02;7.8586265e-02;3.3750000e+02;2.3808405e-02;3.3750000e+02;-2.3919851e-02;3.3750000e+02;-6.8140566e-02;3.3750000e+02;-1.1166080e-01;3.3750000e+02;-1.5463006e-01;3.3750000e+02;-1.9720453e-01;3.3750000e+02;-8.6919904e-02;3.3750000e+02;-7.0158780e-02;3.3750000e+02;-3.1773318e-02;3.3750000e+02;2.3264367e-02;3.3750000e+02;8.5712902e-02;3.3750000e+02;1.3982217e-01;3.3750000e+02;2.0467150e-01;3.3750000e+02;2.3290092e-01;3.3750000e+02;2.1873602e-01;3.3750000e+02;2.0818496e-01;3.3750000e+02;1.4286081e-01;3.3750000e+02;7.8586265e-02;3.3750000e+02;2.3808405e-02;3.3750000e+02;-2.3919851e-02;3.3750000e+02;-6.8140566e-02;3.3750000e+02;-1.1166080e-01;3.3750000e+02;-1.5463006e-01;3.3750000e+02;-1.9720453e-01;3.3750000e+02;-8.6919904e-02;3.3750000e+02;-7.0158780e-02;3.3750000e+02;-3.1773318e-02;3.3750000e+02;2.3264367e-02;3.3750000e+02;8.5712902e-02;3.3750000e+02;1.3982217e-01;3.3750000e+02;2.0467150e-01;3.3750000e+02;2.3290092e-01;3.3750000e+02;2.1873602e-01;3.3750000e+02;2.0818496e-01;3.3750000e+02;1.4286081e-01;3.3750000e+02;7.8586265e-02;3.3750000e+02;2.3808405e-02;3.3750000e+02;-2.3919851e-02;3.3750000e+02;-6.8140566e-02;3.3750000e+02;-1.1166080e-01;3.3750000e+02;-1.5463006e-01;3.3750000e+02;-1.9720453e-01;3.3750000e+02;-8.6919904e-02;3.3750000e+02;-7.0158780e-02;3.3750000e+02;-3.1773318e-02;3.3750000e+02;2.3264367e-02;3.3750000e+02;8.5712902e-02;3.3750000e+02;1.3982217e-01;3.3750000e+02;2.0467150e-01;3.3750000e+02;2.3290092e-01;3.3750000e+02;2.1873602e-01;3.3750000e+02;2.0818496e-01;3.3750000e+02;1.4286081e-01;3.3750000e+02;7.8586265e-02;3.3750000e+02;2.3808405e-02;3.3750000e+02;-2.3919851e-02;3.3750000e+02;-6.8140566e-02;3.3750000e+02;-1.1166080e-01;3.3750000e+02;-1.5463006e-01;3.3750000e+02;-1.9720453e-01;3.3750000e+02;-8.6919904e-02;3.3750000e+02;-7.0158780e-02;3.3750000e+02;-3.1773318e-02;3.3750000e+02;2.3264367e-02;3.3750000e+02;8.5712902e-02;3.3750000e+02;1.3982217e-01;3.3750000e+02;2.0467150e-01;3.3750000e+02;2.3290092e-01;3.3750000e+02;2.1873602e-01;3.3750000e+02;2.0818496e-01;3.3750000e+02;1.4286081e-01;3.3750000e+02;7.8586265e-02;3.3750000e+02;2.3808405e-02;3.3750000e+02;-2.3919851e-02;3.3750000e+02;-6.8140566e-02;3.3750000e+02;-1.1166080e-01;3.3750000e+02;-1.5463006e-01;3.3750000e+02;-1.9720453e-01;3.3750000e+02;-8.6919904e-02;3.3750000e+02;-7.0158780e-02;3.3750000e+02;-3.1773318e-02;3.3750000e+02;2.3264367e-02;3.3750000e+02;8.5712902e-02;3.3750000e+02;1.3982217e-01;3.3750000e+02;2.0467150e-01;3.3750000e+02;2.3290092e-01;3.3750000e+02;2.1873602e-01;3.3750000e+02;2.0818496e-01;3.3750000e+02;1.4286081e-01;3.3750000e+02;7.8586265e-02;3.3750000e+02;2.3808405e-02;3.3750000e+02;-2.3919851e-02;3.3750000e+02;-6.8140566e-02;3.3750000e+02;-1.1166080e-01;3.3750000e+02;-1.5463006e-01;3.3750000e+02;-1.9720453e-01;3.3750000e+02;-8.6919904e-02;3.3750000e+02;-7.0158780e-02;3.3750000e+02;-3.1773318e-02;3.3750000e+02;2.3264367e-02;3.3750000e+02;8.5712902e-02;3.3750000e+02;1.3982217e-01;3.3750000e+02;2.0467150e-01;3.3750000e+02;2.3290092e-01;3.3750000e+02;2.1873602e-01;3.3750000e+02;2.0818496e-01;3.3750000e+02;1.4286081e-01;3.3750000e+02;7.8586265e-02;3.3750000e+02;2.3808405e-02;3.3750000e+02;-2.3919851e-02;3.3750000e+02;-6.8140566e-02;3.3750000e+02;-1.1166080e-01;3.3750000e+02;-1.5463006e-01;3.3750000e+02;-1.9720453e-01;3.3750000e+02;-8.6919904e-02;3.3750000e+02;-7.0158780e-02;3.3750000e+02;-3.1773318e-02;3.3750000e+02;2.3264367e-02;3.3750000e+02;8.5712902e-02;3.3750000e+02;1.3982217e-01;3.3750000e+02;2.0467150e-01;3.3750000e+02;2.3290092e-01;3.3750000e+02;2.1873602e-01;3.3750000e+02;2.0818496e-01;3.3750000e+02;1.4286081e-01;3.3750000e+02;7.8586265e-02;3.3750000e+02;2.3808405e-02;3.3750000e+02;-2.3919851e-02;3.3750000e+02;-6.8140566e-02;3.3750000e+02;-1.1166080e-01;3.3750000e+02;-1.5463006e-01;3.3750000e+02;-1.9720453e-01;3.3750000e+02;-8.6919904e-02;3.3750000e+02;-7.0158780e-02;3.3750000e+02;-3.1773318e-02;3.3750000e+02;2.3264367e-02;3.3750000e+02;8.5712902e-02;3.3750000e+02;1.3982217e-01;3.3750000e+02;2.0467150e-01;3.3750000e+02;2.3290092e-01;3.3750000e+02;2.1873602e-01;3.3750000e+02;2.0818496e-01;3.3750000e+02;1.4286081e-01;3.3750000e+02;7.8586265e-02;3.3750000e+02;2.3808405e-02;3.3750000e+02;-2.3919851e-02;3.3750000e+02;-6.8140566e-02;3.3750000e+02;-1.1166080e-01;3.3750000e+02;-1.5463006e-01;3.3750000e+02;-1.9720453e-01;3.3750000e+02;-8.6919904e-02;3.3750000e+02;-7.0158780e-02;3.3750000e+02;-3.1773318e-02;3.3750000e+02;2.3264367e-02;3.3750000e+02;8.5712902e-02;3.3750000e+02;1.3982217e-01;3.3750000e+02;2.0467150e-01;3.3750000e+02;2.3290092e-01;3.3750000e+02;2.1873602e-01;3.3750000e+02;2.0818496e-01;3.3750000e+02;1.4286081e-01;3.3750000e+02;7.8586265e-02;3.3750000e+02;2.3808405e-02;3.3750000e+02;-2.3919851e-02;3.3750000e+02;-6.8140566e-02;3.3750000e+02;-1.1166080e-01;3.3750000e+02;-1.5463006e-01;3.3750000e+02;-1.9720453e-01;3.3750000e+02;-8.6919904e-02;3.3750000e+02;-7.0158780e-02;3.3750000e+02;-3.1773318e-02;3.3750000e+02;2.3264367e-02;3.3750000e+02;8.5712902e-02;3.3750000e+02;1.3982217e-01;3.3750000e+02;2.0467150e-01;3.3750000e+02;2.3290092e-01;3.3750000e+02;2.1873602e-01;3.3750000e+02;2.0818496e-01;3.3750000e+02;1.4286081e-01;3.3750000e+02;7.8586265e-02;3.3750000e+02;2.3808405e-02;3.3750000e+02;-2.3919851e-02;3.3750000e+02;-6.8140566e-02;3.3750000e+02;-1.1166080e-01;3.3750000e+02;-1.5463006e-01;3.3750000e+02;-1.9720453e-01;3.3750000e+02;-8.6919904e-02;3.3750000e+02;-7.0158780e-02;3.3750000e+02;-3.1773318e-02;3.3750000e+02;2.3264367e-02;3.3750000e+02;8.5712902e-02;3.3750000e+02;1.3982217e-01;3.3750000e+02;2.0467150e-01;3.3750000e+02;2.3290092e-01;3.3750000e+02;2.1873602e-01;3.3750000e+02;2.0818496e-01;3.3750000e+02;1.4286081e-01;3.3750000e+02;7.8586265e-02;3.3750000e+02;2.3808405e-02;3.3750000e+02;-2.3919851e-02;3.3750000e+02;-6.8140566e-02;3.3750000e+02;-1.1166080e-01;3.3750000e+02;-1.5463006e-01;3.3750000e+02;-1.9720453e-01;3.3750000e+02;-8.6919904e-02;3.3750000e+02;-7.0158780e-02;3.3750000e+02;-3.1773318e-02;3.3750000e+02;2.3264367e-02;3.3750000e+02;8.5712902e-02;3.3750000e+02;1.3982217e-01;3.3750000e+02;2.0467150e-01;3.3750000e+02;2.3290092e-01;3.3750000e+02;2.1873602e-01;3.3750000e+02;2.0818496e-01;3.3750000e+02;1.4286081e-01;3.3750000e+02;7.8586265e-02;3.3750000e+02;2.3808405e-02;3.3750000e+02;-2.3919851e-02;3.3750000e+02;-6.8140566e-02;3.3750000e+02;-1.1166080e-01;3.3750000e+02;-1.5463006e-01;3.3750000e+02;-1.9720453e-01;3.3750000e+02;-8.6919904e-02;3.3750000e+02;-7.0158780e-02;3.3750000e+02;-3.1773318e-02;3.3750000e+02;2.3264367e-02;3.3750000e+02;8.5712902e-02;3.3750000e+02;1.3982217e-01;3.3750000e+02;2.0467150e-01;3.3750000e+02;2.3290092e-01;3.3750000e+02;2.1873602e-01;3.3750000e+02;2.0818496e-01;3.3750000e+02;1.4286081e-01;3.3750000e+02;7.8586265e-02;3.3750000e+02;2.3808405e-02;3.3750000e+02;-2.3919851e-02;3.3750000e+02;-6.8140566e-02;3.3750000e+02;-1.1166080e-01;3.3750000e+02;-1.5463006e-01;3.3750000e+02;-1.9720453e-01;3.3750000e+02;-8.6919904e-02;3.3750000e+02;-7.0158780e-02;3.3750000e+02;-3.1773318e-02;3.3750000e+02;2.3264367e-02;3.3750000e+02;8.5712902e-02;3.3750000e+02;1.3982217e-01;3.3750000e+02;2.0467150e-01;3.3750000e+02;2.3290092e-01;3.3750000e+02;2.1873602e-01;3.3750000e+02;2.0818496e-01;3.3750000e+02;1.4286081e-01;3.3750000e+02;7.8586265e-02;3.3750000e+02;2.3808405e-02;3.3750000e+02;-2.3919851e-02;3.3750000e+02;-6.8140566e-02;3.3750000e+02;-1.1166080e-01;3.3750000e+02;-1.5463006e-01;3.3750000e+02;-1.9720453e-01;3.3750000e+02;-8.6919904e-02;3.3750000e+02;-7.0158780e-02;3.3750000e+02;-3.1773318e-02;3.3750000e+02;2.3264367e-02;3.3750000e+02;8.5712902e-02;3.3750000e+02;1.3982217e-01;3.3750000e+02;2.0467150e-01;3.3750000e+02;2.3290092e-01;3.3750000e+02;2.1873602e-01;3.3750000e+02;2.0818496e-01;3.3750000e+02;1.4286081e-01;3.3750000e+02;7.8586265e-02;3.3750000e+02;2.3808405e-02;3.3750000e+02;-2.3919851e-02;3.3750000e+02;-6.8140566e-02;3.3750000e+02;-1.1166080e-01;3.3750000e+02;-1.5463006e-01;3.3750000e+02;-1.9720453e-01;3.3750000e+02;-8.6919904e-02;3.3750000e+02;-7.0158780e-02;3.3750000e+02;-3.1773318e-02;3.3750000e+02;2.3264367e-02;3.3750000e+02;8.5712902e-02;3.3750000e+02;1.3982217e-01;3.3750000e+02;2.0467150e-01;3.3750000e+02;2.3290092e-01;3.3750000e+02;2.1873602e-01;3.3750000e+02;2.0818496e-01;3.3750000e+02;1.4286081e-01;3.3750000e+02;7.8586265e-02;3.3750000e+02;2.3808405e-02;3.3750000e+02;-2.3919851e-02;3.3750000e+02;-6.8140566e-02;3.3750000e+02;-1.1166080e-01;3.3750000e+02;-1.5463006e-01;3.3750000e+02;-1.9720453e-01;3.3750000e+02;-8.6919904e-02;3.3750000e+02;-7.0158780e-02;3.3750000e+02;-3.1773318e-02;3.3750000e+02;2.3264367e-02;3.3750000e+02;8.5712902e-02;3.3750000e+02;1.3982217e-01;3.3750000e+02;2.0467150e-01;3.3750000e+02;2.3290092e-01;3.3750000e+02;2.1873602e-01;3.3750000e+02;2.0818496e-01;3.3750000e+02;1.4286081e-01;3.3750000e+02;7.8586265e-02;3.3750000e+02;2.3808405e-02;3.3750000e+02;-2.3919851e-02;3.3750000e+02;-6.8140566e-02;3.3750000e+02;-1.1166080e-01;3.3750000e+02;-1.5463006e-01;3.3750000e+02;-1.9720453e-01;3.3750000e+02;-8.6919904e-02;3.3750000e+02;-7.0158780e-02;3.3750000e+02;-3.1773318e-02;3.3750000e+02;2.3264367e-02;3.3750000e+02;8.5712902e-02;3.3750000e+02;1.3982217e-01;3.3750000e+02;2.0467150e-01;3.3750000e+02;2.3290092e-01;3.3750000e+02;2.1873602e-01;3.3750000e+02;2.0818496e-01;3.3750000e+02;1.4286081e-01;3.3750000e+02;7.8586265e-02;3.3750000e+02;2.3808405e-02;3.3750000e+02;-2.3919851e-02;3.3750000e+02;-6.8140566e-02;3.3750000e+02;-1.1166080e-01;3.3750000e+02;-1.5463006e-01;3.3750000e+02;-1.9720453e-01;3.3750000e+02;-8.6919904e-02;3.3750000e+02;-7.0158780e-02;3.3750000e+02;-3.1773318e-02;3.3750000e+02;2.3264367e-02;3.3750000e+02;8.5712902e-02;3.3750000e+02;1.3982217e-01;3.3750000e+02;2.0467150e-01;3.3750000e+02;2.3290092e-01;3.3750000e+02;2.1873602e-01;3.3750000e+02;2.0818496e-01;3.3750000e+02;1.4286081e-01;3.3750000e+02;7.8586265e-02;3.3750000e+02;2.3808405e-02;3.3750000e+02;-2.3919851e-02;3.3750000e+02;-6.8140566e-02;3.3750000e+02;-1.1166080e-01;3.3750000e+02;-1.5463006e-01;3.3750000e+02;-1.9720453e-01;3.3750000e+02;-8.6919904e-02;3.3750000e+02;-7.0158780e-02;3.3750000e+02;-3.1773318e-02;3.3750000e+02;2.3264367e-02;3.3750000e+02;8.5712902e-02;3.3750000e+02;1.3982217e-01;3.3750000e+02;2.0467150e-01;3.3750000e+02;2.3290092e-01;3.3750000e+02;2.1873602e-01;3.3750000e+02;2.0818496e-01;3.3750000e+02;1.4286081e-01;3.3750000e+02;7.8586265e-02;3.3750000e+02;2.3808405e-02;3.3750000e+02;-2.3919851e-02;3.3750000e+02;-6.8140566e-02;3.3750000e+02;-1.1166080e-01;3.3750000e+02;-1.5463006e-01;3.3750000e+02;-1.9720453e-01;3.3750000e+02;-8.6919904e-02;3.3750000e+02;-7.0158780e-02;3.3750000e+02;-3.1773318e-02;3.3750000e+02;2.3264367e-02;3.3750000e+02;8.5712902e-02;3.3750000e+02;1.3982217e-01;3.3750000e+02;2.0467150e-01;3.3750000e+02;2.3290092e-01;3.3750000e+02;2.1873602e-01;3.3750000e+02;2.0818496e-01;3.3750000e+02;1.4286081e-01;3.3750000e+02;7.8586265e-02;3.3750000e+02;2.3808405e-02;3.3750000e+02;-2.3919851e-02;3.3750000e+02;-6.8140566e-02;3.3750000e+02;-1.1166080e-01;3.3750000e+02;-1.5463006e-01;3.3750000e+02;-1.9720453e-01;3.3750000e+02;-8.6919904e-02;3.3750000e+02;-7.0158780e-02;3.3750000e+02;-3.1773318e-02;3.3750000e+02;2.3264367e-02;3.3750000e+02;8.5712902e-02;3.3750000e+02;1.3982217e-01;3.3750000e+02;2.0467150e-01;3.3750000e+02;2.3290092e-01;3.3750000e+02;2.1873602e-01;3.3750000e+02;2.0818496e-01;3.3750000e+02;1.4286081e-01;3.3750000e+02;7.8586265e-02;3.3750000e+02;2.3808405e-02;3.3750000e+02;-2.3919851e-02;3.3750000e+02;-6.8140566e-02;3.3750000e+02;-1.1166080e-01;3.3750000e+02;-1.5463006e-01;3.3750000e+02;-1.9720453e-01;3.3750000e+02;-8.6919904e-02;3.3750000e+02;-7.0158780e-02;3.3750000e+02;-3.1773318e-02;3.3750000e+02;2.3264367e-02;3.3750000e+02;8.5712902e-02;3.3750000e+02;1.3982217e-01;3.3750000e+02;2.0467150e-01;3.3750000e+02;2.3290092e-01;3.3750000e+02;2.1873602e-01;3.3750000e+02;2.0818496e-01;3.3750000e+02;1.4286081e-01;3.3750000e+02;7.8586265e-02;3.3750000e+02;2.3808405e-02;3.3750000e+02;-2.3919851e-02;3.3750000e+02;-6.8140566e-02;3.3750000e+02;-1.1166080e-01;3.3750000e+02;-1.5463006e-01;3.3750000e+02;-1.9720453e-01;3.3750000e+02;-8.6919904e-02;3.3750000e+02;-7.0158780e-02;3.3750000e+02;-3.1773318e-02;3.3750000e+02;2.3264367e-02;3.3750000e+02;8.5712902e-02;3.3750000e+02;1.3982217e-01;3.3750000e+02;2.0467150e-01;3.3750000e+02;2.3290092e-01;3.3750000e+02;2.1873602e-01;3.3750000e+02;2.0818496e-01;3.3750000e+02;1.4286081e-01;3.3750000e+02;7.8586265e-02;3.3750000e+02;2.3808405e-02;3.3750000e+02;-2.3919851e-02;3.3750000e+02;-6.8140566e-02;3.3750000e+02;-1.1166080e-01;3.3750000e+02;-1.5463006e-01;3.3750000e+02;-1.9720453e-01;3.3750000e+02;-8.6919904e-02;3.3750000e+02;-7.0158780e-02;3.3750000e+02;-3.1773318e-02;3.3750000e+02;2.3264367e-02;3.3750000e+02;8.5712902e-02;3.3750000e+02;1.3982217e-01;3.3750000e+02;2.0467150e-01;3.3750000e+02;2.3290092e-01;3.3750000e+02;2.1873602e-01;3.3750000e+02;2.0818496e-01;3.3750000e+02;1.4286081e-01;3.3750000e+02;7.8586265e-02;3.3750000e+02;2.3808405e-02;3.3750000e+02;-2.3919851e-02;3.3750000e+02;-6.8140566e-02;3.3750000e+02;-1.1166080e-01;3.3750000e+02;-1.5463006e-01;3.3750000e+02;-1.9720453e-01;3.3750000e+02;-8.6919904e-02;3.3750000e+02;-7.0158780e-02;3.3750000e+02;-3.1773318e-02;3.3750000e+02;2.3264367e-02;3.3750000e+02;8.5712902e-02;3.3750000e+02;1.3982217e-01;3.3750000e+02;2.0467150e-01;3.3750000e+02;2.3290092e-01;3.3750000e+02;2.1873602e-01;3.3750000e+02;2.0818496e-01;3.3750000e+02;1.4286081e-01;3.3750000e+02;7.8586265e-02;3.3750000e+02;2.3808405e-02;3.3750000e+02;-2.3919851e-02;3.3750000e+02;-6.8140566e-02;3.3750000e+02;-1.1166080e-01;3.3750000e+02;-1.5463006e-01;3.3750000e+02;-1.9720453e-01;3.3750000e+02;-8.6919904e-02;3.3750000e+02;-7.0158780e-02;3.3750000e+02;-3.1773318e-02;3.3750000e+02;2.3264367e-02;3.3750000e+02;8.5712902e-02;3.3750000e+02;1.3982217e-01;3.3750000e+02;2.0467150e-01;3.3750000e+02;2.3290092e-01;3.3750000e+02;2.1873602e-01;3.3750000e+02;2.0818496e-01;3.3750000e+02;1.4286081e-01;3.3750000e+02;7.8586265e-02;3.3750000e+02;2.3808405e-02;3.3750000e+02;-2.3919851e-02;3.3750000e+02;-6.8140566e-02;3.3750000e+02;-1.1166080e-01;3.3750000e+02;-1.5463006e-01;3.3750000e+02;-1.9720453e-01;3.3750000e+02;-8.6919904e-02;3.3750000e+02;-7.0158780e-02;3.3750000e+02;-3.1773318e-02;3.3750000e+02;2.3264367e-02;3.3750000e+02;8.5712902e-02;3.3750000e+02;1.3982217e-01;3.3750000e+02;2.0467150e-01;3.3750000e+02;2.3290092e-01;3.3750000e+02;2.1873602e-01;3.3750000e+02;2.0818496e-01;3.3750000e+02;1.4286081e-01;3.3750000e+02;7.8586265e-02;3.3750000e+02;2.3808405e-02;3.3750000e+02;-2.3919851e-02;3.3750000e+02;-6.8140566e-02;3.3750000e+02;-1.1166080e-01;3.3750000e+02;-1.5463006e-01;3.3750000e+02;-1.9720453e-01;3.3750000e+02;-8.6919904e-02;3.3750000e+02;-7.0158780e-02;3.3750000e+02;-3.1773318e-02;3.3750000e+02;2.3264367e-02;3.3750000e+02;8.5712902e-02;3.3750000e+02;1.3982217e-01;3.3750000e+02;2.0467150e-01;3.3750000e+02;2.3290092e-01;3.3750000e+02;2.1873602e-01;3.3750000e+02;2.0818496e-01;3.3750000e+02;1.4286081e-01;3.3750000e+02;7.8586265e-02;3.3750000e+02;2.3808405e-02;3.3750000e+02;-2.3919851e-02;3.3750000e+02;-6.8140566e-02;3.3750000e+02;-1.1166080e-01;3.3750000e+02;-1.5463006e-01;3.3750000e+02;-1.9720453e-01;3.3750000e+02;-8.6919904e-02;3.3750000e+02;-7.0158780e-02;3.3750000e+02;-3.1773318e-02;3.3750000e+02;2.3264367e-02;3.3750000e+02;8.5712902e-02;3.3750000e+02;1.3982217e-01;3.3750000e+02;2.0467150e-01;3.3750000e+02;2.3290092e-01;3.3750000e+02;2.1873602e-01;3.3750000e+02;2.0818496e-01;3.3750000e+02;1.4286081e-01;3.3750000e+02;7.8586265e-02;3.3750000e+02;2.3808405e-02;3.3750000e+02;-2.3919851e-02;3.3750000e+02;-6.8140566e-02;3.3750000e+02;-1.1166080e-01;3.3750000e+02;-1.5463006e-01;3.3750000e+02;-1.9720453e-01;3.3750000e+02;-8.6919904e-02;3.3750000e+02;-7.0158780e-02;3.3750000e+02;-3.1773318e-02;3.3750000e+02;2.3264367e-02;3.3750000e+02;8.5712902e-02;3.3750000e+02;1.3982217e-01;3.3750000e+02;2.0467150e-01;3.3750000e+02;2.3290092e-01;3.3750000e+02;2.1873602e-01;3.3750000e+02;2.0818496e-01;3.3750000e+02;1.4286081e-01;3.3750000e+02;7.8586265e-02;3.3750000e+02;2.3808405e-02;3.3750000e+02;-2.3919851e-02;3.3750000e+02;-6.8140566e-02;3.3750000e+02;-1.1166080e-01;3.3750000e+02;-1.5463006e-01;3.3750000e+02;-1.9720453e-01;3.3750000e+02;-8.6919904e-02;3.3750000e+02;-7.0158780e-02;3.3750000e+02;-3.1773318e-02;3.3750000e+02;2.3264367e-02;3.3750000e+02;8.5712902e-02;3.3750000e+02;1.3982217e-01;3.3750000e+02;2.0467150e-01;3.3750000e+02;2.3290092e-01;3.3750000e+02;2.1873602e-01;3.3750000e+02;2.0818496e-01;3.3750000e+02;1.4286081e-01;3.3750000e+02;7.8586265e-02;3.3750000e+02;2.3808405e-02;3.3750000e+02;-2.3919851e-02;3.3750000e+02;-6.8140566e-02;3.3750000e+02;-1.1166080e-01;3.3750000e+02;-1.5463006e-01;3.3750000e+02;-1.9720453e-01;3.3750000e+02;-8.6919904e-02;3.3750000e+02;-7.0158780e-02;3.3750000e+02;-3.1773318e-02;3.3750000e+02;2.3264367e-02;3.3750000e+02;8.5712902e-02;3.3750000e+02;1.3982217e-01;3.3750000e+02;2.0467150e-01;3.3750000e+02;2.3290092e-01;3.3750000e+02;2.1873602e-01;3.3750000e+02;2.0818496e-01;3.3750000e+02;1.4286081e-01;3.3750000e+02;7.8586265e-02;3.3750000e+02;2.3808405e-02;3.3750000e+02;-2.3919851e-02;3.3750000e+02;-6.8140566e-02;3.3750000e+02;-1.1166080e-01;3.3750000e+02;-1.5463006e-01;3.3750000e+02;-1.9720453e-01;3.3750000e+02;-8.6919904e-02;3.3750000e+02;-7.0158780e-02;3.3750000e+02;-3.1773318e-02;3.3750000e+02;2.3264367e-02;3.3750000e+02;8.5712902e-02;3.3750000e+02;1.3982217e-01;3.3750000e+02;2.0467150e-01;3.3750000e+02;2.3290092e-01;3.3750000e+02;2.1873602e-01;3.3750000e+02;2.0818496e-01;3.3750000e+02;1.4286081e-01;3.3750000e+02;7.8586265e-02;3.3750000e+02;2.3808405e-02;3.3750000e+02;-2.3919851e-02;3.3750000e+02;-6.8140566e-02;3.3750000e+02;-1.1166080e-01;3.3750000e+02;-1.5463006e-01;3.3750000e+02;-1.9720453e-01;3.3750000e+02;-8.6919904e-02;3.3750000e+02;-7.0158780e-02;3.3750000e+02;-3.1773318e-02;3.3750000e+02;2.3264367e-02;3.3750000e+02;8.5712902e-02;3.3750000e+02;1.3982217e-01;3.3750000e+02;2.0467150e-01;3.3750000e+02;2.3290092e-01;3.3750000e+02;2.1873602e-01;3.3750000e+02;2.0818496e-01;3.3750000e+02;1.4286081e-01;3.3750000e+02;7.8586265e-02;3.3750000e+02;2.3808405e-02;3.3750000e+02;-2.3919851e-02;3.3750000e+02;-6.8140566e-02;3.3750000e+02;-1.1166080e-01;3.3750000e+02;-1.5463006e-01;3.3750000e+02;-1.9720453e-01;3.3750000e+02;-8.6919904e-02;3.3750000e+02;-7.0158780e-02;3.3750000e+02;-3.1773318e-02;3.3750000e+02;2.3264367e-02;3.3750000e+02;8.5712902e-02;3.3750000e+02;1.3982217e-01;3.3750000e+02;2.0467150e-01;3.3750000e+02;2.3290092e-01;3.3750000e+02;2.1873602e-01;3.3750000e+02;2.0818496e-01;3.3750000e+02;1.4286081e-01;3.3750000e+02;7.8586265e-02;3.3750000e+02;2.3808405e-02;3.3750000e+02;-2.3919851e-02;3.3750000e+02;-6.8140566e-02;3.3750000e+02;-1.1166080e-01;3.3750000e+02;-1.5463006e-01;3.3750000e+02;-1.9720453e-01;3.3750000e+02;-8.6919904e-02;3.3750000e+02;-7.0158780e-02;3.3750000e+02;-3.1773318e-02;3.3750000e+02;2.3264367e-02;3.3750000e+02;8.5712902e-02;3.3750000e+02;1.3982217e-01;3.3750000e+02;2.0467150e-01;3.3750000e+02;2.3290092e-01;3.3750000e+02;2.1873602e-01;3.3750000e+02;2.0818496e-01;3.3750000e+02;1.4286081e-01;3.3750000e+02;7.8586265e-02;3.3750000e+02;2.3808405e-02;3.3750000e+02;-2.3919851e-02;3.3750000e+02;-6.8140566e-02;3.3750000e+02;-1.1166080e-01;3.3750000e+02;-1.5463006e-01;3.3750000e+02;-1.9720453e-01;3.3750000e+02;-8.6919904e-02;3.3750000e+02;-7.0158780e-02;3.3750000e+02;-3.1773318e-02;3.3750000e+02;2.3264367e-02;3.3750000e+02;8.5712902e-02;3.3750000e+02;1.3982217e-01;3.3750000e+02;2.0467150e-01;3.3750000e+02;2.3290092e-01;3.3750000e+02;2.1873602e-01;3.3750000e+02;2.0818496e-01;3.3750000e+02;1.4286081e-01;3.3750000e+02;7.8586265e-02;3.3750000e+02;2.3808405e-02;3.3750000e+02;-2.3919851e-02;3.3750000e+02;-6.8140566e-02;3.3750000e+02;-1.1166080e-01;3.3750000e+02;-1.5463006e-01;3.3750000e+02;-1.9720453e-01;3.3750000e+02;-8.6919904e-02;3.3750000e+02;-7.0158780e-02;3.3750000e+02;-3.1773318e-02;3.3750000e+02;2.3264367e-02;3.3750000e+02;8.5712902e-02;3.3750000e+02;1.3982217e-01;3.3750000e+02;2.0467150e-01;3.3750000e+02;2.3290092e-01;3.3750000e+02;2.1873602e-01;3.3750000e+02;2.0818496e-01;3.3750000e+02;1.4286081e-01;3.3750000e+02;7.8586265e-02;3.3750000e+02;2.3808405e-02;3.3750000e+02;-2.3919851e-02;3.3750000e+02;-6.8140566e-02;3.3750000e+02;-1.1166080e-01;3.3750000e+02;-1.5463006e-01;3.3750000e+02;-1.9720453e-01;3.3750000e+02;-8.6919904e-02;3.3750000e+02;-7.0158780e-02;3.3750000e+02;-3.1773318e-02;3.3750000e+02;2.3264367e-02;3.3750000e+02;8.5712902e-02;3.3750000e+02;1.3982217e-01;3.3750000e+02;2.0467150e-01;3.3750000e+02;2.3290092e-01;3.3750000e+02;2.1873602e-01;3.3750000e+02;2.0818496e-01;3.3750000e+02;1.4286081e-01;3.3750000e+02;7.8586265e-02;3.3750000e+02;2.3808405e-02;3.3750000e+02;-2.3919851e-02;3.3750000e+02;-6.8140566e-02;3.3750000e+02;-1.1166080e-01;3.3750000e+02;-1.5463006e-01;3.3750000e+02;-1.9720453e-01;3.3750000e+02;-8.6919904e-02;3.3750000e+02;-7.0158780e-02;3.3750000e+02;-3.1773318e-02;3.3750000e+02;2.3264367e-02;3.3750000e+02;8.5712902e-02;3.3750000e+02;1.3982217e-01;3.3750000e+02;2.0467150e-01;3.3750000e+02;2.3290092e-01;3.3750000e+02;2.1873602e-01;3.3750000e+02;2.0818496e-01;3.3750000e+02;1.4286081e-01;3.3750000e+02;7.8586265e-02;3.3750000e+02;2.3808405e-02;3.3750000e+02;-2.3919851e-02;3.3750000e+02;-6.8140566e-02;3.3750000e+02;-1.1166080e-01;3.3750000e+02;-1.5463006e-01;3.3750000e+02;-1.9720453e-01;3.3750000e+02;-8.6919904e-02;3.3750000e+02;-7.0158780e-02;3.3750000e+02;-3.1773318e-02;3.3750000e+02;2.3264367e-02;3.3750000e+02;8.5712902e-02;3.3750000e+02;1.3982217e-01;3.3750000e+02;2.0467150e-01;3.3750000e+02;2.3290092e-01;3.3750000e+02;2.1873602e-01;3.3750000e+02;2.0818496e-01;3.3750000e+02;1.4286081e-01;3.3750000e+02;7.8586265e-02;3.3750000e+02;2.3808405e-02;3.3750000e+02;-2.3919851e-02;3.3750000e+02;-6.8140566e-02;3.3750000e+02;-1.1166080e-01;3.3750000e+02;-1.5463006e-01;3.3750000e+02;-1.9720453e-01;3.3750000e+02;-8.6919904e-02;3.3750000e+02;-7.0158780e-02;3.3750000e+02;-3.1773318e-02;3.3750000e+02;2.3264367e-02;3.3750000e+02;8.5712902e-02;3.3750000e+02;1.3982217e-01;3.3750000e+02;2.0467150e-01;3.3750000e+02;2.3290092e-01;3.3750000e+02;2.1873602e-01;3.3750000e+02;2.0818496e-01;3.3750000e+02;1.4286081e-01;3.3750000e+02;7.8586265e-02;3.3750000e+02;2.3808405e-02;3.3750000e+02;-2.3919851e-02;3.3750000e+02;-6.8140566e-02;3.3750000e+02;-1.1166080e-01;3.3750000e+02;-1.5463006e-01;3.3750000e+02;-1.9720453e-01;3.3750000e+02;-8.6919904e-02;3.3750000e+02;-7.0158780e-02;3.3750000e+02;-3.1773318e-02;3.3750000e+02;2.3264367e-02;3.3750000e+02;8.5712902e-02;3.3750000e+02;1.3982217e-01;3.3750000e+02;2.0467150e-01;3.3750000e+02;2.3290092e-01;3.3750000e+02;2.1873602e-01;3.3750000e+02;2.0818496e-01;3.3750000e+02;1.4286081e-01;3.3750000e+02;7.8586265e-02;3.3750000e+02;2.3808405e-02;3.3750000e+02;-2.3919851e-02;3.3750000e+02;-6.8140566e-02;3.3750000e+02;-1.1166080e-01;3.3750000e+02;-1.5463006e-01;3.3750000e+02;-1.9720453e-01;3.3750000e+02;-8.6919904e-02;3.3750000e+02;-7.0158780e-02;3.3750000e+02;-3.1773318e-02;3.3750000e+02;2.3264367e-02;3.3750000e+02;8.5712902e-02;3.3750000e+02;1.3982217e-01;3.3750000e+02;2.0467150e-01;3.3750000e+02;2.3290092e-01;3.3750000e+02;2.1873602e-01;3.3750000e+02;2.0818496e-01;3.3750000e+02;1.4286081e-01;3.3750000e+02;7.8586265e-02;3.3750000e+02;2.3808405e-02;3.3750000e+02;-2.3919851e-02;3.3750000e+02;-6.8140566e-02;3.3750000e+02;-1.1166080e-01;3.3750000e+02;-1.5463006e-01;3.3750000e+02;-1.9720453e-01;3.3750000e+02;-8.6919904e-02;3.3750000e+02;-7.0158780e-02;3.3750000e+02;-3.1773318e-02;3.3750000e+02;2.3264367e-02;3.3750000e+02;8.5712902e-02;3.3750000e+02;1.3982217e-01;3.3750000e+02;2.0467150e-01;3.3750000e+02;2.3290092e-01;3.3750000e+02;2.1873602e-01;3.3750000e+02;2.0818496e-01;3.3750000e+02;1.4286081e-01;3.3750000e+02;7.8586265e-02;3.3750000e+02;2.3808405e-02;3.3750000e+02;-2.3919851e-02;3.3750000e+02;-6.8140566e-02;3.3750000e+02;-1.1166080e-01;3.3750000e+02;-1.5463006e-01;3.3750000e+02;-1.9720453e-01;3.3750000e+02;-8.6919904e-02;3.3750000e+02;-7.0158780e-02;3.3750000e+02;-3.1773318e-02;3.3750000e+02;2.3264367e-02;3.3750000e+02;8.5712902e-02;3.3750000e+02;1.3982217e-01;3.3750000e+02;2.0467150e-01;3.3750000e+02;2.3290092e-01;3.3750000e+02;2.1873602e-01;3.3750000e+02;2.0818496e-01;3.3750000e+02;1.4286081e-01;3.3750000e+02;7.8586265e-02;3.3750000e+02;2.3808405e-02;3.3750000e+02;-2.3919851e-02;3.3750000e+02;-6.8140566e-02;3.3750000e+02;-1.1166080e-01;3.3750000e+02;-1.5463006e-01;3.3750000e+02;-1.9720453e-01;3.3750000e+02;-8.6919904e-02;3.3750000e+02;-7.0158780e-02;3.3750000e+02;-3.1773318e-02;3.3750000e+02;2.3264367e-02;3.3750000e+02;8.5712902e-02;3.3750000e+02;1.3982217e-01;3.3750000e+02;2.0467150e-01;3.3750000e+02;2.3290092e-01;3.3750000e+02;2.1873602e-01;3.3750000e+02;2.0818496e-01;3.3750000e+02;1.4286081e-01;3.3750000e+02;7.8586265e-02;3.3750000e+02;2.3808405e-02;3.3750000e+02;-2.3919851e-02;3.3750000e+02;-6.8140566e-02;3.3750000e+02;-1.1166080e-01;3.3750000e+02;-1.5463006e-01;3.3750000e+02;-1.9720453e-01;3.3750000e+02;-8.6919904e-02;3.3750000e+02;-7.0158780e-02;3.3750000e+02;-3.1773318e-02;3.3750000e+02;2.3264367e-02;3.3750000e+02;8.5712902e-02;3.3750000e+02;1.3982217e-01;3.3750000e+02;2.0467150e-01;3.3750000e+02;2.3290092e-01;3.3750000e+02;2.1873602e-01;3.3750000e+02;2.0818496e-01;3.3750000e+02;1.4286081e-01;3.3750000e+02;7.8586265e-02;3.3750000e+02;2.3808405e-02;3.3750000e+02;-2.3919851e-02;3.3750000e+02;-6.8140566e-02;3.3750000e+02;-1.1166080e-01;3.3750000e+02;-1.5463006e-01;3.3750000e+02;-1.9720453e-01;3.3750000e+02;-8.6919904e-02;3.3750000e+02;-7.0158780e-02;3.3750000e+02;-3.1773318e-02;3.3750000e+02;2.3264367e-02;3.3750000e+02;8.5712902e-02;3.3750000e+02;1.3982217e-01;3.3750000e+02;2.0467150e-01;3.3750000e+02;2.3290092e-01;3.3750000e+02;2.1873602e-01;3.3750000e+02;2.0818496e-01;3.3750000e+02;1.4286081e-01;3.3750000e+02;7.8586265e-02;3.3750000e+02;2.3808405e-02;3.3750000e+02;-2.3919851e-02;3.3750000e+02;-6.8140566e-02;3.3750000e+02;-1.1166080e-01;3.3750000e+02;-1.5463006e-01;3.3750000e+02;-1.9720453e-01;3.3750000e+02;-8.6919904e-02;3.3750000e+02;-7.0158780e-02;3.3750000e+02;-3.1773318e-02;3.3750000e+02;2.3264367e-02;3.3750000e+02;8.5712902e-02;3.3750000e+02;1.3982217e-01;3.3750000e+02;2.0467150e-01;3.3750000e+02;2.3290092e-01;3.3750000e+02;2.1873602e-01;3.3750000e+02;2.0818496e-01;3.3750000e+02;1.4286081e-01;3.3750000e+02;7.8586265e-02;3.3750000e+02;2.3808405e-02;3.3750000e+02;-2.3919851e-02;3.3750000e+02;-6.8140566e-02;3.3750000e+02;-1.1166080e-01;3.3750000e+02;-1.5463006e-01;3.3750000e+02;-1.9720453e-01;3.3750000e+02;-8.6919904e-02;3.3750000e+02;-7.0158780e-02;3.3750000e+02;-3.1773318e-02;3.3750000e+02;2.3264367e-02;3.3750000e+02;8.5712902e-02;3.3750000e+02;1.3982217e-01;3.3750000e+02;2.0467150e-01;3.3750000e+02;2.3290092e-01;3.3750000e+02;2.1873602e-01;3.3750000e+02;2.0818496e-01;3.3750000e+02;1.4286081e-01;3.3750000e+02;7.8586265e-02;3.3750000e+02;2.3808405e-02;3.3750000e+02;-2.3919851e-02;3.3750000e+02;-6.8140566e-02;3.3750000e+02;-1.1166080e-01;3.3750000e+02;-1.5463006e-01;3.3750000e+02;-1.9720453e-01;3.3750000e+02;-8.6919904e-02;3.3750000e+02;-7.0158780e-02;3.3750000e+02;-3.1773318e-02;3.3750000e+02;2.3264367e-02;3.3750000e+02;8.5712902e-02;3.3750000e+02;1.3982217e-01;3.3750000e+02;2.0467150e-01;3.3750000e+02;2.3290092e-01;3.3750000e+02;2.1873602e-01;3.3750000e+02;2.0818496e-01;3.3750000e+02;1.4286081e-01;3.3750000e+02;7.8586265e-02;3.3750000e+02;2.3808405e-02;3.3750000e+02;-2.3919851e-02;3.3750000e+02;-6.8140566e-02;3.3750000e+02;-1.1166080e-01;3.3750000e+02;-1.5463006e-01;3.3750000e+02;-1.9720453e-01;3.3750000e+02;-8.6919904e-02;3.3750000e+02;-7.0158780e-02;3.3750000e+02;-3.1773318e-02;3.3750000e+02;2.3264367e-02;3.3750000e+02;8.5712902e-02;3.3750000e+02;1.3982217e-01;3.3750000e+02;2.0467150e-01;3.3750000e+02;2.3290092e-01;3.3750000e+02;2.1873602e-01;3.3750000e+02;2.0818496e-01;3.3750000e+02;1.4286081e-01;3.3750000e+02;7.8586265e-02;3.3750000e+02;2.3808405e-02;3.3750000e+02;-2.3919851e-02;3.3750000e+02;-6.8140566e-02;3.3750000e+02;-1.1166080e-01;3.3750000e+02;-1.5463006e-01;3.3750000e+02;-1.9720453e-01;3.3750000e+02;-8.6919904e-02;3.3750000e+02;-7.0158780e-02;3.3750000e+02;-3.1773318e-02;3.3750000e+02;2.3264367e-02;3.3750000e+02;8.5712902e-02;3.3750000e+02;1.3982217e-01;3.3750000e+02;2.0467150e-01;3.3750000e+02;2.3290092e-01;3.3750000e+02;2.1873602e-01;3.3750000e+02;2.0818496e-01;3.3750000e+02;1.4286081e-01;3.3750000e+02;7.8586265e-02;3.3750000e+02;2.3808405e-02;3.3750000e+02;-2.3919851e-02;3.3750000e+02;-6.8140566e-02;3.3750000e+02;-1.1166080e-01;3.3750000e+02;-1.5463006e-01;3.3750000e+02;-1.9720453e-01;3.3750000e+02;-8.6919904e-02;3.3750000e+02;-7.0158780e-02;3.3750000e+02;-3.1773318e-02;3.3750000e+02;2.3264367e-02;3.3750000e+02;8.5712902e-02;3.3750000e+02;1.3982217e-01;3.3750000e+02;2.0467150e-01;3.3750000e+02;2.3290092e-01;3.3750000e+02;2.1873602e-01;3.3750000e+02;2.0818496e-01;3.3750000e+02;1.4286081e-01;3.3750000e+02;7.8586265e-02;3.3750000e+02;2.3808405e-02;3.3750000e+02;-2.3919851e-02;3.3750000e+02;-6.8140566e-02;3.3750000e+02;-1.1166080e-01;3.3750000e+02;-1.5463006e-01;3.3750000e+02;-1.9720453e-01;3.3750000e+02;-8.6919904e-02;3.3750000e+02;-7.0158780e-02;3.3750000e+02;-3.1773318e-02;3.3750000e+02;2.3264367e-02;3.3750000e+02;8.5712902e-02;3.3750000e+02;1.3982217e-01;3.3750000e+02;2.0467150e-01;3.3750000e+02;2.3290092e-01;3.3750000e+02;2.1873602e-01;3.3750000e+02;2.0818496e-01;3.3750000e+02;1.4286081e-01;3.3750000e+02;7.8586265e-02;3.3750000e+02;2.3808405e-02;3.3750000e+02;-2.3919851e-02;3.3750000e+02;-6.8140566e-02;3.3750000e+02;-1.1166080e-01;3.3750000e+02;-1.5463006e-01;3.3750000e+02;-1.9720453e-01;3.3750000e+02;-8.6919904e-02;3.3750000e+02;-7.0158780e-02;3.3750000e+02;-3.1773318e-02;3.3750000e+02;2.3264367e-02;3.3750000e+02;8.5712902e-02;3.3750000e+02;1.3982217e-01;3.3750000e+02;2.0467150e-01;3.3750000e+02;2.3290092e-01;3.3750000e+02;2.1873602e-01;3.3750000e+02;2.0818496e-01;3.3750000e+02;1.4286081e-01;3.3750000e+02;7.8586265e-02;3.3750000e+02;2.3808405e-02;3.3750000e+02;-2.3919851e-02;3.3750000e+02;-6.8140566e-02;3.3750000e+02;-1.1166080e-01;3.3750000e+02;-1.5463006e-01;3.3750000e+02;-1.9720453e-01;3.3750000e+02;-8.6919904e-02;3.3750000e+02;-7.0158780e-02;3.3750000e+02;-3.1773318e-02;3.3750000e+02;2.3264367e-02;3.3750000e+02;8.5712902e-02;3.3750000e+02;1.3982217e-01;3.3750000e+02;2.0467150e-01;3.3750000e+02;2.3290092e-01;3.3750000e+02;2.1873602e-01;3.3750000e+02;2.0818496e-01;3.3750000e+02;1.4286081e-01;3.3750000e+02;7.8586265e-02;3.3750000e+02;2.3808405e-02;3.3750000e+02;-2.3919851e-02;3.3750000e+02;-6.8140566e-02;3.3750000e+02;-1.1166080e-01;3.3750000e+02;-1.5463006e-01;3.3750000e+02;-1.9720453e-01;3.3750000e+02;-8.6919904e-02;3.3750000e+02;-7.0158780e-02;3.3750000e+02;-3.1773318e-02;3.3750000e+02;2.3264367e-02;3.3750000e+02;8.5712902e-02;3.3750000e+02;1.3982217e-01;3.3750000e+02;2.0467150e-01;3.3750000e+02;2.3290092e-01;3.3750000e+02;2.1873602e-01;3.3750000e+02;2.0818496e-01;3.3750000e+02;1.4286081e-01;3.3750000e+02;7.8586265e-02;3.3750000e+02;2.3808405e-02;3.3750000e+02;-2.3919851e-02;3.3750000e+02;-6.8140566e-02;3.3750000e+02;-1.1166080e-01;3.3750000e+02;-1.5463006e-01;3.3750000e+02;-1.9720453e-01;3.3750000e+02;-8.6919904e-02;3.3750000e+02;-7.0158780e-02;3.3750000e+02;-3.1773318e-02;3.3750000e+02;2.3264367e-02;3.3750000e+02;8.5712902e-02;3.3750000e+02;1.3982217e-01;3.3750000e+02;2.0467150e-01;3.3750000e+02;2.3290092e-01;3.3750000e+02;2.1873602e-01;3.3750000e+02;2.0818496e-01;3.3750000e+02;1.4286081e-01;3.3750000e+02;7.8586265e-02;3.3750000e+02;2.3808405e-02;3.3750000e+02;-2.3919851e-02;3.3750000e+02;-6.8140566e-02;3.3750000e+02;-1.1166080e-01;3.3750000e+02;-1.5463006e-01;3.3750000e+02;-1.9720453e-01;3.3750000e+02;-8.6919904e-02;3.3750000e+02;-7.0158780e-02;3.3750000e+02;-3.1773318e-02;3.3750000e+02;2.3264367e-02;3.3750000e+02;8.5712902e-02;3.3750000e+02;1.3982217e-01;3.3750000e+02;2.0467150e-01;3.3750000e+02;2.3290092e-01;3.3750000e+02;2.1873602e-01;3.3750000e+02;2.0818496e-01;3.3750000e+02;1.4286081e-01;3.3750000e+02;7.8586265e-02;3.3750000e+02;2.3808405e-02;3.3750000e+02;-2.3919851e-02;3.3750000e+02;-6.8140566e-02;3.3750000e+02;-1.1166080e-01;3.3750000e+02;-1.5463006e-01;3.3750000e+02;-1.9720453e-01;3.3750000e+02;-8.6919904e-02;3.3750000e+02;-7.0158780e-02;3.3750000e+02;-3.1773318e-02;3.3750000e+02;2.3264367e-02;3.3750000e+02;8.5712902e-02;3.3750000e+02;1.3982217e-01;3.3750000e+02;2.0467150e-01;3.3750000e+02;2.3290092e-01;3.3750000e+02;2.1873602e-01;3.3750000e+02;2.0818496e-01;3.3750000e+02;1.4286081e-01;3.3750000e+02;7.8586265e-02;3.3750000e+02;2.3808405e-02;3.3750000e+02;-2.3919851e-02;3.3750000e+02;-6.8140566e-02;3.3750000e+02;-1.1166080e-01;3.3750000e+02;-1.5463006e-01;3.3750000e+02;-1.9720453e-01;3.3750000e+02;-8.6919904e-02;3.3750000e+02;-7.0158780e-02;3.3750000e+02;-3.1773318e-02;3.3750000e+02;2.3264367e-02;3.3750000e+02;8.5712902e-02;3.3750000e+02;1.3982217e-01;3.3750000e+02;2.0467150e-01;3.3750000e+02;2.3290092e-01;3.3750000e+02;2.1873602e-01;3.3750000e+02;2.0818496e-01;3.3750000e+02;1.4286081e-01;3.3750000e+02;7.8586265e-02;3.3750000e+02;2.3808405e-02;3.3750000e+02;-2.3919851e-02;3.3750000e+02;-6.8140566e-02;3.3750000e+02;-1.1166080e-01;3.3750000e+02;-1.5463006e-01;3.3750000e+02;-1.9720453e-01;3.3750000e+02;-8.6919904e-02;3.3750000e+02;-7.0158780e-02;3.3750000e+02;-3.1773318e-02;3.3750000e+02;2.3264367e-02;3.3750000e+02;8.5712902e-02;3.3750000e+02;1.3982217e-01;3.3750000e+02;2.0467150e-01;3.3750000e+02;2.3290092e-01;3.3750000e+02;2.1873602e-01;3.3750000e+02;2.0818496e-01;3.3750000e+02;1.4286081e-01;3.3750000e+02;7.8586265e-02;3.3750000e+02;2.3808405e-02;3.3750000e+02;-2.3919851e-02;3.3750000e+02;-6.8140566e-02;3.3750000e+02;-1.1166080e-01;3.3750000e+02;-1.5463006e-01;3.3750000e+02;-1.9720453e-01;3.3750000e+02;-8.6919904e-02;3.3750000e+02;-7.0158780e-02;3.3750000e+02;-3.1773318e-02;3.3750000e+02;2.3264367e-02;3.3750000e+02;8.5712902e-02;3.3750000e+02;1.3982217e-01;3.3750000e+02;2.0467150e-01;3.3750000e+02;2.3290092e-01;3.3750000e+02;2.1873602e-01;3.3750000e+02;2.0818496e-01;3.3750000e+02;1.4286081e-01;3.3750000e+02;7.8586265e-02;3.3750000e+02;2.3808405e-02;3.3750000e+02;-2.3919851e-02;3.3750000e+02;-6.8140566e-02;3.3750000e+02;-1.1166080e-01;3.3750000e+02;-1.5463006e-01;3.3750000e+02;-1.9720453e-01;3.3750000e+02;-8.6919904e-02;3.3750000e+02;-7.0158780e-02;3.3750000e+02;-3.1773318e-02;3.3750000e+02;2.3264367e-02;3.3750000e+02;8.5712902e-02;3.3750000e+02;1.3982217e-01;3.3750000e+02;2.0467150e-01;3.3750000e+02;2.3290092e-01;3.3750000e+02;2.1873602e-01;3.3750000e+02;2.0818496e-01;3.3750000e+02;1.4286081e-01;3.3750000e+02;7.8586265e-02;3.3750000e+02;2.3808405e-02;3.3750000e+02;-2.3919851e-02;3.3750000e+02;-6.8140566e-02;3.3750000e+02;-1.1166080e-01;3.3750000e+02;-1.5463006e-01;3.3750000e+02;-1.9720453e-01;3.3750000e+02;-8.6919904e-02;3.3750000e+02;-7.0158780e-02;3.3750000e+02;-3.1773318e-02;3.3750000e+02;2.3264367e-02;3.3750000e+02;8.5712902e-02;3.3750000e+02;1.3982217e-01;3.3750000e+02;2.0467150e-01;3.3750000e+02;2.3290092e-01;3.3750000e+02;2.1873602e-01;3.3750000e+02;2.0818496e-01;3.3750000e+02;1.4286081e-01;3.3750000e+02;7.8586265e-02;3.3750000e+02;2.3808405e-02;3.3750000e+02;-2.3919851e-02;3.3750000e+02;-6.8140566e-02;3.3750000e+02;-1.1166080e-01;3.3750000e+02;-1.5463006e-01;3.3750000e+02;-1.9720453e-01;3.3750000e+02;-8.6919904e-02;3.3750000e+02;-7.0158780e-02;3.3750000e+02;-3.1773318e-02;3.3750000e+02;2.3264367e-02;3.3750000e+02;8.5712902e-02;3.3750000e+02;1.3982217e-01;3.3750000e+02;2.0467150e-01;3.3750000e+02;2.3290092e-01;3.3750000e+02;2.1873602e-01;3.3750000e+02;2.0818496e-01;3.3750000e+02;1.4286081e-01;3.3750000e+02;7.8586265e-02;3.3750000e+02;2.3808405e-02;3.3750000e+02;-2.3919851e-02;3.3750000e+02;-6.8140566e-02;3.3750000e+02;-1.1166080e-01;3.3750000e+02;-1.5463006e-01;3.3750000e+02;-1.9720453e-01;3.3750000e+02;-8.6919904e-02;3.3750000e+02;-7.0158780e-02;3.3750000e+02;-3.1773318e-02;3.3750000e+02;2.3264367e-02;3.3750000e+02;8.5712902e-02;3.3750000e+02;1.3982217e-01;3.3750000e+02;2.0467150e-01;3.3750000e+02;2.3290092e-01;3.3750000e+02;2.1873602e-01;3.3750000e+02;2.0818496e-01;3.3750000e+02;1.4286081e-01;3.3750000e+02;7.8586265e-02;3.3750000e+02;2.3808405e-02;3.3750000e+02;-2.3919851e-02;3.3750000e+02;-6.8140566e-02;3.3750000e+02;-1.1166080e-01;3.3750000e+02;-1.5463006e-01;3.3750000e+02;-1.9720453e-01;3.3750000e+02;-8.6919904e-02;3.3750000e+02;-7.0158780e-02;3.3750000e+02;-3.1773318e-02;3.3750000e+02;2.3264367e-02;3.3750000e+02;8.5712902e-02;3.3750000e+02;1.3982217e-01;3.3750000e+02;2.0467150e-01;3.3750000e+02;2.3290092e-01;3.3750000e+02;2.1873602e-01;3.3750000e+02;2.0818496e-01;3.3750000e+02;1.4286081e-01;3.3750000e+02;7.8586265e-02;3.3750000e+02;2.3808405e-02;3.3750000e+02;-2.3919851e-02;3.3750000e+02;-6.8140566e-02;3.3750000e+02;-1.1166080e-01;3.3750000e+02;-1.5463006e-01;3.3750000e+02;-1.9720453e-01;3.3750000e+02;-8.6919904e-02;3.3750000e+02;-7.0158780e-02;3.3750000e+02;-3.1773318e-02;3.3750000e+02;2.3264367e-02;3.3750000e+02;8.5712902e-02;3.3750000e+02;1.3982217e-01;3.3750000e+02;2.0467150e-01;3.3750000e+02;2.3290092e-01;3.3750000e+02;2.1873602e-01;3.3750000e+02;2.0818496e-01;3.3750000e+02;1.4286081e-01;3.3750000e+02;7.8586265e-02;3.3750000e+02;2.3808405e-02;3.3750000e+02;-2.3919851e-02;3.3750000e+02;-6.8140566e-02;3.3750000e+02;-1.1166080e-01;3.3750000e+02;-1.5463006e-01;3.3750000e+02;-1.9720453e-01;3.3750000e+02;-8.6919904e-02;3.3750000e+02;-7.0158780e-02;3.3750000e+02;-3.1773318e-02;3.3750000e+02;2.3264367e-02;3.3750000e+02;8.5712902e-02;3.3750000e+02;1.3982217e-01;3.3750000e+02;2.0467150e-01;3.3750000e+02;2.3290092e-01;3.3750000e+02;2.1873602e-01;3.3750000e+02;2.0818496e-01;3.3750000e+02;1.4286081e-01;3.3750000e+02;7.8586265e-02;3.3750000e+02;2.3808405e-02;3.3750000e+02;-2.3919851e-02;3.3750000e+02;-6.8140566e-02;3.3750000e+02;-1.1166080e-01;3.3750000e+02;-1.5463006e-01;3.3750000e+02;-1.9720453e-01;3.3750000e+02;-8.6919904e-02;3.3750000e+02;-7.0158780e-02;3.3750000e+02;-3.1773318e-02;3.3750000e+02;2.3264367e-02;3.3750000e+02;8.5712902e-02;3.3750000e+02;1.3982217e-01;3.3750000e+02;2.0467150e-01;3.3750000e+02;2.3290092e-01;3.3750000e+02;2.1873602e-01;3.3750000e+02;2.0818496e-01;3.3750000e+02;1.4286081e-01;3.3750000e+02;7.8586265e-02;3.3750000e+02;2.3808405e-02;3.3750000e+02;-2.3919851e-02;3.3750000e+02;-6.8140566e-02;3.3750000e+02;-1.1166080e-01;3.3750000e+02;-1.5463006e-01;3.3750000e+02;-1.9720453e-01;3.3750000e+02;-8.6919904e-02;3.3750000e+02;-7.0158780e-02;3.3750000e+02;-3.1773318e-02;3.3750000e+02;2.3264367e-02;3.3750000e+02;8.5712902e-02;3.3750000e+02;1.3982217e-01;3.3750000e+02;2.0467150e-01;3.3750000e+02;2.3290092e-01;3.3750000e+02;2.1873602e-01;3.3750000e+02;2.0818496e-01;3.3750000e+02;1.4286081e-01;3.3750000e+02;7.8586265e-02;3.3750000e+02;2.3808405e-02;3.3750000e+02;-2.3919851e-02;3.3750000e+02;-6.8140566e-02;3.3750000e+02;-1.1166080e-01;3.3750000e+02;-1.5463006e-01;3.3750000e+02;-1.9720453e-01;3.3750000e+02;-8.6919904e-02;3.3750000e+02;-7.0158780e-02;3.3750000e+02;-3.1773318e-02;3.3750000e+02;2.3264367e-02;3.3750000e+02;8.5712902e-02;3.3750000e+02;1.3982217e-01;3.3750000e+02;2.0467150e-01;3.3750000e+02;2.3290092e-01;3.3750000e+02;2.1873602e-01;3.3750000e+02;2.0818496e-01;3.3750000e+02;1.4286081e-01;3.3750000e+02;7.8586265e-02;3.3750000e+02;2.3808405e-02;3.3750000e+02;-2.3919851e-02;3.3750000e+02;-6.8140566e-02;3.3750000e+02;-1.1166080e-01;3.3750000e+02;-1.5463006e-01;3.3750000e+02;-1.9720453e-01;3.3750000e+02;-8.6919904e-02;3.3750000e+02;-7.0158780e-02;3.3750000e+02;-3.1773318e-02;3.3750000e+02;2.3264367e-02;3.3750000e+02;8.5712902e-02;3.3750000e+02;1.3982217e-01;3.3750000e+02;2.0467150e-01;3.3750000e+02;2.3290092e-01;3.3750000e+02;2.1873602e-01;3.3750000e+02;2.0818496e-01;3.3750000e+02;1.4286081e-01;3.3750000e+02;7.8586265e-02;3.3750000e+02;2.3808405e-02;3.3750000e+02;-2.3919851e-02;3.3750000e+02;-6.8140566e-02;3.3750000e+02;-1.1166080e-01;3.3750000e+02;-1.5463006e-01;3.3750000e+02;-1.9720453e-01;3.3750000e+02;-8.6919904e-02;3.3750000e+02;-7.0158780e-02;3.3750000e+02;-3.1773318e-02;3.3750000e+02;2.3264367e-02;3.3750000e+02;8.5712902e-02;3.3750000e+02;1.3982217e-01;3.3750000e+02;2.0467150e-01;3.3750000e+02;2.3290092e-01;3.3750000e+02;2.1873602e-01;3.3750000e+02;2.0818496e-01;3.3750000e+02;1.4286081e-01;3.3750000e+02;7.8586265e-02;3.3750000e+02;2.3808405e-02;3.3750000e+02;-2.3919851e-02;3.3750000e+02;-6.8140566e-02;3.3750000e+02;-1.1166080e-01;3.3750000e+02;-1.5463006e-01;3.3750000e+02;-1.9720453e-01;3.3750000e+02;-8.6919904e-02;3.3750000e+02;-7.0158780e-02;3.3750000e+02;-3.1773318e-02;3.3750000e+02;2.3264367e-02;3.3750000e+02;8.5712902e-02;3.3750000e+02;1.3982217e-01;3.3750000e+02;2.0467150e-01;3.3750000e+02;2.3290092e-01;3.3750000e+02;2.1873602e-01;3.3750000e+02;2.0818496e-01;3.3750000e+02;1.4286081e-01;3.3750000e+02;7.8586265e-02;3.3750000e+02;2.3808405e-02;3.3750000e+02;-2.3919851e-02;3.3750000e+02;-6.8140566e-02;3.3750000e+02;-1.1166080e-01;3.3750000e+02;-1.5463006e-01;3.3750000e+02;-1.9720453e-01;3.3750000e+02;-8.6919904e-02;3.3750000e+02;-7.0158780e-02;3.3750000e+02;-3.1773318e-02;3.3750000e+02;2.3264367e-02;3.3750000e+02;8.5712902e-02;3.3750000e+02;1.3982217e-01;3.3750000e+02;2.0467150e-01;3.3750000e+02;2.3290092e-01;3.3750000e+02;2.1873602e-01;3.3750000e+02;2.0818496e-01;3.3750000e+02;1.4286081e-01;3.3750000e+02;7.8586265e-02;3.3750000e+02;2.3808405e-02;3.3750000e+02;-2.3919851e-02;3.3750000e+02;-6.8140566e-02;3.3750000e+02;-1.1166080e-01;3.3750000e+02;-1.5463006e-01;3.3750000e+02;-1.9720453e-01;3.3750000e+02;-8.6919904e-02;3.3750000e+02;-7.0158780e-02;3.3750000e+02;-3.1773318e-02;3.3750000e+02;2.3264367e-02;3.3750000e+02;8.5712902e-02;3.3750000e+02;1.3982217e-01;3.3750000e+02;2.0467150e-01;3.3750000e+02;2.3290092e-01;3.3750000e+02;2.1873602e-01;3.3750000e+02;2.0818496e-01;3.3750000e+02;1.4286081e-01;3.3750000e+02;7.8586265e-02;3.3750000e+02;2.3808405e-02;3.3750000e+02;-2.3919851e-02;3.3750000e+02;-6.8140566e-02;3.3750000e+02;-1.1166080e-01;3.3750000e+02;-1.5463006e-01;3.3750000e+02;-1.9720453e-01;3.3750000e+02;-8.6919904e-02;3.3750000e+02;-7.0158780e-02;3.3750000e+02;-3.1773318e-02;3.3750000e+02;2.3264367e-02;3.3750000e+02;8.5712902e-02;3.3750000e+02;1.3982217e-01;3.3750000e+02;2.0467150e-01;3.3750000e+02;2.3290092e-01;3.3750000e+02;2.1873602e-01;3.3750000e+02;2.0818496e-01;3.3750000e+02;1.4286081e-01;3.3750000e+02;7.8586265e-02;3.3750000e+02;2.3808405e-02;3.3750000e+02;-2.3919851e-02;3.3750000e+02;-6.8140566e-02;3.3750000e+02;-1.1166080e-01;3.3750000e+02;-1.5463006e-01;3.3750000e+02;-1.9720453e-01;3.3750000e+02;-8.6919904e-02;3.3750000e+02;-7.0158780e-02;3.3750000e+02;-3.1773318e-02;3.3750000e+02;2.3264367e-02;3.3750000e+02;8.5712902e-02;3.3750000e+02;1.3982217e-01;3.3750000e+02;2.0467150e-01;3.3750000e+02;2.3290092e-01;3.3750000e+02;2.1873602e-01;3.3750000e+02;2.0818496e-01;3.3750000e+02;1.4286081e-01;3.3750000e+02;7.8586265e-02;3.3750000e+02;2.3808405e-02;3.3750000e+02;-2.3919851e-02;3.3750000e+02;-6.8140566e-02;3.3750000e+02;-1.1166080e-01;3.3750000e+02;-1.5463006e-01;3.3750000e+02;-1.9720453e-01;3.3750000e+02;-8.6919904e-02;3.3750000e+02;-7.0158780e-02;3.3750000e+02;-3.1773318e-02;3.3750000e+02;2.3264367e-02;3.3750000e+02;8.5712902e-02;3.3750000e+02;1.3982217e-01;3.3750000e+02;2.0467150e-01;3.3750000e+02;2.3290092e-01;3.3750000e+02;2.1873602e-01;3.3750000e+02;2.0818496e-01;3.3750000e+02;1.4286081e-01;3.3750000e+02;7.8586265e-02;3.3750000e+02;2.3808405e-02;3.3750000e+02;-2.3919851e-02;3.3750000e+02;-6.8140566e-02;3.3750000e+02;-1.1166080e-01;3.3750000e+02;-1.5463006e-01;3.3750000e+02;-1.9720453e-01;3.3750000e+02;-8.6919904e-02;3.3750000e+02;-7.0158780e-02;3.3750000e+02;-3.1773318e-02;3.3750000e+02;2.3264367e-02;3.3750000e+02;8.5712902e-02;3.3750000e+02;1.3982217e-01;3.3750000e+02;2.0467150e-01;3.3750000e+02;2.3290092e-01;3.3750000e+02;2.1873602e-01;3.3750000e+02;2.0818496e-01;3.3750000e+02;1.4286081e-01;3.3750000e+02;7.8586265e-02;3.3750000e+02;2.3808405e-02;3.3750000e+02;-2.3919851e-02;3.3750000e+02;-6.8140566e-02;3.3750000e+02;-1.1166080e-01;3.3750000e+02;-1.5463006e-01;3.3750000e+02;-1.9720453e-01;3.3750000e+02;-8.6919904e-02;3.3750000e+02;-7.0158780e-02;3.3750000e+02;-3.1773318e-02;3.3750000e+02;2.3264367e-02;3.3750000e+02;8.5712902e-02;3.3750000e+02;1.3982217e-01;3.3750000e+02;2.0467150e-01;3.3750000e+02;2.3290092e-01;3.3750000e+02;2.1873602e-01;3.3750000e+02;2.0818496e-01;3.3750000e+02;1.4286081e-01;3.3750000e+02;7.8586265e-02;3.3750000e+02;2.3808405e-02;3.3750000e+02;-2.3919851e-02;3.3750000e+02;-6.8140566e-02;3.3750000e+02;-1.1166080e-01;3.3750000e+02;-1.5463006e-01;3.3750000e+02;-1.9720453e-01;3.3750000e+02;-8.6919904e-02;3.3750000e+02;-7.0158780e-02;3.3750000e+02;-3.1773318e-02;3.3750000e+02;2.3264367e-02;3.3750000e+02;8.5712902e-02;3.3750000e+02;1.3982217e-01;3.3750000e+02;2.0467150e-01;3.3750000e+02;2.3290092e-01;3.3750000e+02;2.1873602e-01;3.3750000e+02;2.0818496e-01;3.3750000e+02;1.4286081e-01;3.3750000e+02;7.8586265e-02;3.3750000e+02;2.3808405e-02;3.3750000e+02;-2.3919851e-02;3.3750000e+02;-6.8140566e-02;3.3750000e+02;-1.1166080e-01;3.3750000e+02;-1.5463006e-01;3.3750000e+02;-1.9720453e-01;3.3750000e+02;-8.6919904e-02;3.3750000e+02;-7.0158780e-02;3.3750000e+02;-3.1773318e-02;3.3750000e+02;2.3264367e-02;3.3750000e+02;8.5712902e-02;3.3750000e+02;1.3982217e-01;3.3750000e+02;2.0467150e-01;3.3750000e+02;2.3290092e-01;3.3750000e+02;2.1873602e-01;3.3750000e+02;2.0818496e-01;3.3750000e+02;1.4286081e-01;3.3750000e+02;7.8586265e-02;3.3750000e+02;2.3808405e-02;3.3750000e+02;-2.3919851e-02;3.3750000e+02;-6.8140566e-02;3.3750000e+02;-1.1166080e-01;3.3750000e+02;-1.5463006e-01;3.3750000e+02;-1.9720453e-01;3.3750000e+02;-8.6919904e-02;3.3750000e+02;-7.0158780e-02;3.3750000e+02;-3.1773318e-02;3.3750000e+02;2.3264367e-02;3.3750000e+02;8.5712902e-02;3.3750000e+02;1.3982217e-01;3.3750000e+02;2.0467150e-01;3.3750000e+02;2.3290092e-01;3.3750000e+02;2.1873602e-01;3.3750000e+02;2.0818496e-01;3.3750000e+02;1.4286081e-01;3.3750000e+02;7.8586265e-02;3.3750000e+02;2.3808405e-02;3.3750000e+02;-2.3919851e-02;3.3750000e+02;-6.8140566e-02;3.3750000e+02;-1.1166080e-01;3.3750000e+02;-1.5463006e-01;3.3750000e+02;-1.9720453e-01;3.3750000e+02;-8.6919904e-02;3.3750000e+02;-7.0158780e-02;3.3750000e+02;-3.1773318e-02;3.3750000e+02;2.3264367e-02;3.3750000e+02;8.5712902e-02;3.3750000e+02;1.3982217e-01;3.3750000e+02;2.0467150e-01;3.3750000e+02;2.3290092e-01;3.3750000e+02;2.1873602e-01;3.3750000e+02;2.0818496e-01;3.3750000e+02;1.4286081e-01;3.3750000e+02;7.8586265e-02;3.3750000e+02;2.3808405e-02;3.3750000e+02;-2.3919851e-02;3.3750000e+02;-6.8140566e-02;3.3750000e+02;-1.1166080e-01;3.3750000e+02;-1.5463006e-01;3.3750000e+02;-1.9720453e-01;3.3750000e+02;-8.6919904e-02;3.3750000e+02;-7.0158780e-02;3.3750000e+02;-3.1773318e-02;3.3750000e+02;2.3264367e-02;3.3750000e+02;8.5712902e-02;3.3750000e+02;1.3982217e-01;3.3750000e+02;2.0467150e-01;3.3750000e+02;2.3290092e-01;3.3750000e+02;2.1873602e-01;3.3750000e+02;2.0818496e-01;3.3750000e+02;1.4286081e-01;3.3750000e+02;7.8586265e-02;3.3750000e+02;2.3808405e-02;3.3750000e+02;-2.3919851e-02;3.3750000e+02;-6.8140566e-02;3.3750000e+02;-1.1166080e-01;3.3750000e+02;-1.5463006e-01;3.3750000e+02;-1.9720453e-01;3.3750000e+02;-8.6919904e-02;3.3750000e+02;-7.0158780e-02;3.3750000e+02;-3.1773318e-02;3.3750000e+02;2.3264367e-02;3.3750000e+02;8.5712902e-02;3.3750000e+02;1.3982217e-01;3.3750000e+02;2.0467150e-01;3.3750000e+02;2.3290092e-01;3.3750000e+02;2.1873602e-01;3.3750000e+02;2.0818496e-01;3.3750000e+02;1.4286081e-01;3.3750000e+02;7.8586265e-02;3.3750000e+02;2.3808405e-02;3.3750000e+02;-2.3919851e-02;3.3750000e+02;-6.8140566e-02;3.3750000e+02;-1.1166080e-01;3.3750000e+02;-1.5463006e-01;3.3750000e+02;-1.9720453e-01;3.3750000e+02;-8.6919904e-02;3.3750000e+02;-7.0158780e-02;3.3750000e+02;-3.1773318e-02;3.3750000e+02;2.3264367e-02;3.3750000e+02;8.5712902e-02;3.3750000e+02;1.3982217e-01;3.3750000e+02;2.0467150e-01;3.3750000e+02;2.3290092e-01;3.3750000e+02;2.1873602e-01;3.3750000e+02;2.0818496e-01;3.3750000e+02;1.4286081e-01;3.3750000e+02;7.8586265e-02;3.3750000e+02;2.3808405e-02;3.3750000e+02;-2.3919851e-02;3.3750000e+02;-6.8140566e-02;3.3750000e+02;-1.1166080e-01;3.3750000e+02;-1.5463006e-01;3.3750000e+02;-1.9720453e-01;3.3750000e+02;-8.6919904e-02;3.3750000e+02;-7.0158780e-02;3.3750000e+02;-3.1773318e-02;3.3750000e+02;2.3264367e-02;3.3750000e+02;8.5712902e-02;3.3750000e+02;1.3982217e-01;3.3750000e+02;2.0467150e-01;3.3750000e+02;2.3290092e-01;3.3750000e+02;2.1873602e-01;3.3750000e+02;2.0818496e-01;3.3750000e+02;1.4286081e-01;3.3750000e+02;7.8586265e-02;3.3750000e+02;2.3808405e-02;3.3750000e+02;-2.3919851e-02;3.3750000e+02;-6.8140566e-02;3.3750000e+02;-1.1166080e-01;3.3750000e+02;-1.5463006e-01;3.3750000e+02;-1.9720453e-01;3.3750000e+02;-8.6919904e-02;3.3750000e+02;-7.0158780e-02;3.3750000e+02;-3.1773318e-02;3.3750000e+02;2.3264367e-02;3.3750000e+02;8.5712902e-02;3.3750000e+02;1.3982217e-01;3.3750000e+02;2.0467150e-01;3.3750000e+02;2.3290092e-01;3.3750000e+02;2.1873602e-01;3.3750000e+02;2.0818496e-01;3.3750000e+02;1.4286081e-01;3.3750000e+02;7.8586265e-02;3.3750000e+02;2.3808405e-02;3.3750000e+02;-2.3919851e-02;3.3750000e+02;-6.8140566e-02;3.3750000e+02;-1.1166080e-01;3.3750000e+02;-1.5463006e-01;3.3750000e+02;-1.9720453e-01;3.3750000e+02;-8.6919904e-02;3.3750000e+02;-7.0158780e-02;3.3750000e+02;-3.1773318e-02;3.3750000e+02;2.3264367e-02;3.3750000e+02;8.5712902e-02;3.3750000e+02;1.3982217e-01;3.3750000e+02;2.0467150e-01;3.3750000e+02;2.3290092e-01;3.3750000e+02;2.1873602e-01;3.3750000e+02;2.0818496e-01;3.3750000e+02;1.4286081e-01;3.3750000e+02;7.8586265e-02;3.3750000e+02;2.3808405e-02;3.3750000e+02;-2.3919851e-02;3.3750000e+02;-6.8140566e-02;3.3750000e+02;-1.1166080e-01;3.3750000e+02;-1.5463006e-01;3.3750000e+02;-1.9720453e-01;3.3750000e+02;-8.6919904e-02;3.3750000e+02;-7.0158780e-02;3.3750000e+02;-3.1773318e-02;3.3750000e+02;2.3264367e-02;3.3750000e+02;8.5712902e-02;3.3750000e+02;1.3982217e-01;3.3750000e+02;2.0467150e-01;3.3750000e+02;2.3290092e-01;3.3750000e+02;2.1873602e-01;3.3750000e+02;2.0818496e-01;3.3750000e+02;1.4286081e-01;3.3750000e+02;7.8586265e-02;3.3750000e+02;2.3808405e-02;3.3750000e+02;-2.3919851e-02;3.3750000e+02;-6.8140566e-02;3.3750000e+02;-1.1166080e-01;3.3750000e+02;-1.5463006e-01;3.3750000e+02;-1.9720453e-01;3.3750000e+02;-8.6919904e-02;3.3750000e+02;-7.0158780e-02;3.3750000e+02;-3.1773318e-02;3.3750000e+02;2.3264367e-02;3.3750000e+02;8.5712902e-02;3.3750000e+02;1.3982217e-01;3.3750000e+02;2.0467150e-01;3.3750000e+02;2.3290092e-01;3.3750000e+02;2.1873602e-01;3.3750000e+02;2.0818496e-01;3.3750000e+02;1.4286081e-01;3.3750000e+02;7.8586265e-02;3.3750000e+02;2.3808405e-02;3.3750000e+02;-2.3919851e-02;3.3750000e+02;-6.8140566e-02;3.3750000e+02;-1.1166080e-01;3.3750000e+02;-1.5463006e-01;3.3750000e+02;-1.9720453e-01;3.3750000e+02;-8.6919904e-02;3.3750000e+02;-7.0158780e-02;3.3750000e+02;-3.1773318e-02;3.3750000e+02;2.3264367e-02;3.3750000e+02;8.5712902e-02;3.3750000e+02;1.3982217e-01;3.3750000e+02;2.0467150e-01;3.3750000e+02;2.3290092e-01;3.3750000e+02;2.1873602e-01;3.3750000e+02;2.0818496e-01;3.3750000e+02;1.4286081e-01;3.3750000e+02;7.8586265e-02;3.3750000e+02;2.3808405e-02;3.3750000e+02;-2.3919851e-02;3.3750000e+02;-6.8140566e-02;3.3750000e+02;-1.1166080e-01;3.3750000e+02;-1.5463006e-01;3.3750000e+02;-1.9720453e-01;3.3750000e+02;-8.6919904e-02;3.3750000e+02;-7.0158780e-02;3.3750000e+02;-3.1773318e-02;3.3750000e+02;2.3264367e-02;3.3750000e+02;8.5712902e-02;3.3750000e+02;1.3982217e-01;3.3750000e+02;2.0467150e-01;3.3750000e+02;2.3290092e-01;3.3750000e+02;2.1873602e-01;3.3750000e+02;2.0818496e-01;3.3750000e+02;1.4286081e-01;3.3750000e+02;7.8586265e-02;3.3750000e+02;2.3808405e-02;3.3750000e+02;-2.3919851e-02;3.3750000e+02;-6.8140566e-02;3.3750000e+02;-1.1166080e-01;3.3750000e+02;-1.5463006e-01;3.3750000e+02;-1.9720453e-01;3.3750000e+02;-8.6919904e-02;3.3750000e+02;-7.0158780e-02;3.3750000e+02;-3.1773318e-02;3.3750000e+02;2.3264367e-02;3.3750000e+02;8.5712902e-02;3.3750000e+02;1.3982217e-01;3.3750000e+02;2.0467150e-01;3.3750000e+02;2.3290092e-01;3.3750000e+02;2.1873602e-01;3.3750000e+02;2.0818496e-01;3.3750000e+02;1.4286081e-01;3.3750000e+02;7.8586265e-02;3.3750000e+02;2.3808405e-02;3.3750000e+02;-2.3919851e-02;3.3750000e+02;-6.8140566e-02;3.3750000e+02;-1.1166080e-01;3.3750000e+02;-1.5463006e-01;3.3750000e+02;-1.9720453e-01;3.3750000e+02;-8.6919904e-02;3.3750000e+02;-7.0158780e-02;3.3750000e+02;-3.1773318e-02;3.3750000e+02;2.3264367e-02;3.3750000e+02;8.5712902e-02;3.3750000e+02;1.3982217e-01;3.3750000e+02;2.0467150e-01;3.3750000e+02;2.3290092e-01;3.3750000e+02;2.1873602e-01;3.3750000e+02;2.0818496e-01;3.3750000e+02;1.4286081e-01;3.3750000e+02;7.8586265e-02;3.3750000e+02;2.3808405e-02;3.3750000e+02;-2.3919851e-02;3.3750000e+02;-6.8140566e-02;3.3750000e+02;-1.1166080e-01;3.3750000e+02;-1.5463006e-01;3.3750000e+02;-1.9720453e-01;3.3750000e+02;-8.6919904e-02;3.3750000e+02;-7.0158780e-02;3.3750000e+02;-3.1773318e-02;3.3750000e+02;2.3264367e-02;3.3750000e+02;8.5712902e-02;3.3750000e+02;1.3982217e-01;3.3750000e+02;2.0467150e-01;3.3750000e+02;2.3290092e-01;3.3750000e+02;2.1873602e-01;3.3750000e+02;2.0818496e-01;3.3750000e+02;1.4286081e-01;3.3750000e+02;7.8586265e-02;3.3750000e+02;2.3808405e-02;3.3750000e+02;-2.3919851e-02;3.3750000e+02;-6.8140566e-02;3.3750000e+02;-1.1166080e-01;3.3750000e+02;-1.5463006e-01;3.3750000e+02;-1.9720453e-01;3.3750000e+02;-8.6919904e-02;3.3750000e+02;-7.0158780e-02;3.3750000e+02;-3.1773318e-02;3.3750000e+02;2.3264367e-02;3.3750000e+02;8.5712902e-02;3.3750000e+02;1.3982217e-01;3.3750000e+02;2.0467150e-01;3.3750000e+02;2.3290092e-01;3.3750000e+02;2.1873602e-01;3.3750000e+02;2.0818496e-01;3.3750000e+02;1.4286081e-01;3.3750000e+02;7.8586265e-02;3.3750000e+02;2.3808405e-02;3.3750000e+02;-2.3919851e-02;3.3750000e+02;-6.8140566e-02;3.3750000e+02;-1.1166080e-01;3.3750000e+02;-1.5463006e-01;3.3750000e+02;-1.9720453e-01;3.3750000e+02;-8.6919904e-02;3.3750000e+02;-7.0158780e-02;3.3750000e+02;-3.1773318e-02;3.3750000e+02;2.3264367e-02;3.3750000e+02;8.5712902e-02;3.3750000e+02;1.3982217e-01;3.3750000e+02;2.0467150e-01;3.3750000e+02;2.3290092e-01;3.3750000e+02;2.1873602e-01;3.3750000e+02;2.0818496e-01;3.3750000e+02;1.4286081e-01;3.3750000e+02;7.8586265e-02;3.3750000e+02;2.3808405e-02;3.3750000e+02;-2.3919851e-02;3.3750000e+02;-6.8140566e-02;3.3750000e+02;-1.1166080e-01;3.3750000e+02;-1.5463006e-01;3.3750000e+02;-1.9720453e-01;3.3750000e+02;-8.6919904e-02;3.3750000e+02;-7.0158780e-02;3.3750000e+02;-3.1773318e-02;3.3750000e+02;2.3264367e-02;3.3750000e+02;8.5712902e-02;3.3750000e+02;1.3982217e-01;3.3750000e+02;2.0467150e-01;3.3750000e+02;2.3290092e-01;3.3750000e+02;2.1873602e-01;3.3750000e+02;2.0818496e-01;3.3750000e+02;1.4286081e-01;3.3750000e+02;7.8586265e-02;3.3750000e+02;2.3808405e-02;3.3750000e+02;-2.3919851e-02;3.3750000e+02;-6.8140566e-02;3.3750000e+02;-1.1166080e-01;3.3750000e+02;-1.5463006e-01;3.3750000e+02;-1.9720453e-01;3.3750000e+02;-8.6919904e-02;3.3750000e+02;-7.0158780e-02;3.3750000e+02;-3.1773318e-02;3.3750000e+02;2.3264367e-02;3.3750000e+02;8.5712902e-02;3.3750000e+02;1.3982217e-01;3.3750000e+02;2.0467150e-01;3.3750000e+02;2.3290092e-01;3.3750000e+02;2.1873602e-01;3.3750000e+02;2.0818496e-01;3.3750000e+02;1.4286081e-01;3.3750000e+02;7.8586265e-02;3.3750000e+02;2.3808405e-02;3.3750000e+02;-2.3919851e-02;3.3750000e+02;-6.8140566e-02;3.3750000e+02;-1.1166080e-01;3.3750000e+02;-1.5463006e-01;3.3750000e+02;-1.9720453e-01;3.3750000e+02;-8.6919904e-02;3.3750000e+02;-7.0158780e-02;3.3750000e+02;-3.1773318e-02;3.3750000e+02;2.3264367e-02;3.3750000e+02;8.5712902e-02;3.3750000e+02;1.3982217e-01;3.3750000e+02;2.0467150e-01;3.3750000e+02;2.3290092e-01;3.3750000e+02;2.1873602e-01;3.3750000e+02;2.0818496e-01;3.3750000e+02;1.4286081e-01;3.3750000e+02;7.8586265e-02;3.3750000e+02;2.3808405e-02;3.3750000e+02;-2.3919851e-02;3.3750000e+02;-6.8140566e-02;3.3750000e+02;-1.1166080e-01;3.3750000e+02;-1.5463006e-01;3.3750000e+02;-1.9720453e-01;3.3750000e+02;-8.6919904e-02;3.3750000e+02;-7.0158780e-02;3.3750000e+02;-3.1773318e-02;3.3750000e+02;2.3264367e-02;3.3750000e+02;8.5712902e-02;3.3750000e+02;1.3982217e-01;3.3750000e+02;2.0467150e-01;3.3750000e+02;2.3290092e-01;3.3750000e+02;2.1873602e-01;3.3750000e+02;2.0818496e-01;3.3750000e+02;1.4286081e-01;3.3750000e+02;7.8586265e-02;3.3750000e+02;2.3808405e-02;3.3750000e+02;-2.3919851e-02;3.3750000e+02;-6.8140566e-02;3.3750000e+02;-1.1166080e-01;3.3750000e+02;-1.5463006e-01;3.3750000e+02;-1.9720453e-01;3.3750000e+02;-8.6919904e-02;3.3750000e+02;-7.0158780e-02;3.3750000e+02;-3.1773318e-02;3.3750000e+02;2.3264367e-02;3.3750000e+02;8.5712902e-02;3.3750000e+02;1.3982217e-01;3.3750000e+02;2.0467150e-01;3.3750000e+02;2.3290092e-01;3.3750000e+02;2.1873602e-01;3.3750000e+02;2.0818496e-01;3.3750000e+02;1.4286081e-01;3.3750000e+02;7.8586265e-02;3.3750000e+02;2.3808405e-02;3.3750000e+02;-2.3919851e-02;3.3750000e+02;-6.8140566e-02;3.3750000e+02;-1.1166080e-01;3.3750000e+02;-1.5463006e-01;3.3750000e+02;-1.9720453e-01;3.3750000e+02;-8.6919904e-02;3.3750000e+02;-7.0158780e-02;3.3750000e+02;-3.1773318e-02;3.3750000e+02;2.3264367e-02;3.3750000e+02;8.5712902e-02;3.3750000e+02;1.3982217e-01;3.3750000e+02;2.0467150e-01;3.3750000e+02;2.3290092e-01;3.3750000e+02;2.1873602e-01;3.3750000e+02;2.0818496e-01;3.3750000e+02;1.4286081e-01;3.3750000e+02;7.8586265e-02;3.3750000e+02;2.3808405e-02;3.3750000e+02;-2.3919851e-02;3.3750000e+02;-6.8140566e-02;3.3750000e+02;-1.1166080e-01;3.3750000e+02;-1.5463006e-01;3.3750000e+02;-1.9720453e-01;3.3750000e+02;-8.6919904e-02;3.3750000e+02;-7.0158780e-02;3.3750000e+02;-3.1773318e-02;3.3750000e+02;2.3264367e-02;3.3750000e+02;8.5712902e-02;3.3750000e+02;1.3982217e-01;3.3750000e+02;2.0467150e-01;3.3750000e+02;2.3290092e-01;3.3750000e+02;2.1873602e-01;3.3750000e+02;2.0818496e-01;3.3750000e+02;1.4286081e-01;3.3750000e+02;7.8586265e-02;3.3750000e+02;2.3808405e-02;3.3750000e+02;-2.3919851e-02;3.3750000e+02;-6.8140566e-02;3.3750000e+02;-1.1166080e-01;3.3750000e+02;-1.5463006e-01;3.3750000e+02;-1.9720453e-01;3.3750000e+02;-8.6919904e-02;3.3750000e+02;-7.0158780e-02;3.3750000e+02;-3.1773318e-02;3.3750000e+02;2.3264367e-02;3.3750000e+02;8.5712902e-02;3.3750000e+02;1.3982217e-01;3.3750000e+02;2.0467150e-01;3.3750000e+02;2.3290092e-01;3.3750000e+02;2.1873602e-01;3.3750000e+02;2.0818496e-01;3.3750000e+02;1.4286081e-01;3.3750000e+02;7.8586265e-02;3.3750000e+02;2.3808405e-02;3.3750000e+02;-2.3919851e-02;3.3750000e+02;-6.8140566e-02;3.3750000e+02;-1.1166080e-01;3.3750000e+02;-1.5463006e-01;3.3750000e+02;-1.9720453e-01;3.3750000e+02;-8.6919904e-02;3.3750000e+02;-7.0158780e-02;3.3750000e+02;-3.1773318e-02;3.3750000e+02;2.3264367e-02;3.3750000e+02;8.5712902e-02;3.3750000e+02;1.3982217e-01;3.3750000e+02;2.0467150e-01;3.3750000e+02;2.3290092e-01;3.3750000e+02;2.1873602e-01;3.3750000e+02;2.0818496e-01;3.3750000e+02;1.4286081e-01;3.3750000e+02;7.8586265e-02;3.3750000e+02;2.3808405e-02;3.3750000e+02;-2.3919851e-02;3.3750000e+02;-6.8140566e-02;3.3750000e+02;-1.1166080e-01;3.3750000e+02;-1.5463006e-01;3.3750000e+02;-1.9720453e-01;3.3750000e+02;-8.6919904e-02;3.3750000e+02;-7.0158780e-02;3.3750000e+02;-3.1773318e-02;3.3750000e+02;2.3264367e-02;3.3750000e+02;8.5712902e-02;3.3750000e+02;1.3982217e-01;3.3750000e+02;2.0467150e-01;3.3750000e+02;2.3290092e-01;3.3750000e+02;2.1873602e-01;3.3750000e+02;2.0818496e-01;3.3750000e+02;1.4286081e-01;3.3750000e+02;7.8586265e-02;3.3750000e+02;2.3808405e-02;3.3750000e+02;-2.3919851e-02;3.3750000e+02;-6.8140566e-02;3.3750000e+02;-1.1166080e-01;3.3750000e+02;-1.5463006e-01;3.3750000e+02;-1.9720453e-01;3.3750000e+02;-8.6919904e-02;3.3750000e+02;-7.0158780e-02;3.3750000e+02;-3.1773318e-02;3.3750000e+02;2.3264367e-02;3.3750000e+02;8.5712902e-02;3.3750000e+02;1.3982217e-01;3.3750000e+02;2.0467150e-01;3.3750000e+02;2.3290092e-01;3.3750000e+02;2.1873602e-01;3.3750000e+02;2.0818496e-01;3.3750000e+02;1.4286081e-01;3.3750000e+02;7.8586265e-02;3.3750000e+02;2.3808405e-02;3.3750000e+02;-2.3919851e-02;3.3750000e+02;-6.8140566e-02;3.3750000e+02;-1.1166080e-01;3.3750000e+02;-1.5463006e-01;3.3750000e+02;-1.9720453e-01;3.3750000e+02;-8.6919904e-02;3.3750000e+02;-7.0158780e-02;3.3750000e+02;-3.1773318e-02;3.3750000e+02;2.3264367e-02;3.3750000e+02;8.5712902e-02;3.3750000e+02;1.3982217e-01;3.3750000e+02;2.0467150e-01;3.3750000e+02;2.3290092e-01;3.3750000e+02;2.1873602e-01;3.3750000e+02;2.0818496e-01;3.3750000e+02;1.4286081e-01;3.3750000e+02;7.8586265e-02;3.3750000e+02;2.3808405e-02;3.3750000e+02;-2.3919851e-02;3.3750000e+02;-6.8140566e-02;3.3750000e+02;-1.1166080e-01;3.3750000e+02;-1.5463006e-01;3.3750000e+02;-1.9720453e-01;3.3750000e+02;-8.6919904e-02;3.3750000e+02;-7.0158780e-02;3.3750000e+02;-3.1773318e-02;3.3750000e+02;2.3264367e-02;3.3750000e+02;8.5712902e-02;3.3750000e+02;1.3982217e-01;3.3750000e+02;2.0467150e-01;3.3750000e+02;2.3290092e-01;3.3750000e+02;2.1873602e-01;3.3750000e+02;2.0818496e-01;3.3750000e+02;1.4286081e-01;3.3750000e+02;7.8586265e-02;3.3750000e+02;2.3808405e-02;3.3750000e+02;-2.3919851e-02;3.3750000e+02;-6.8140566e-02;3.3750000e+02;-1.1166080e-01;3.3750000e+02;-1.5463006e-01;3.3750000e+02;-1.9720453e-01;3.3750000e+02;-8.6919904e-02;3.3750000e+02;-7.0158780e-02;3.3750000e+02;-3.1773318e-02;3.3750000e+02;2.3264367e-02;3.3750000e+02;8.5712902e-02;3.3750000e+02;1.3982217e-01;3.3750000e+02;2.0467150e-01;3.3750000e+02;2.3290092e-01;3.3750000e+02;2.1873602e-01;3.3750000e+02;2.0818496e-01;3.3750000e+02;1.4286081e-01;3.3750000e+02;7.8586265e-02;3.3750000e+02;2.3808405e-02;3.3750000e+02;-2.3919851e-02;3.3750000e+02;-6.8140566e-02;3.3750000e+02;-1.1166080e-01;3.3750000e+02;-1.5463006e-01;3.3750000e+02;-1.9720453e-01;3.3750000e+02;-8.6919904e-02;3.3750000e+02;-7.0158780e-02;3.3750000e+02;-3.1773318e-02;3.3750000e+02;2.3264367e-02;3.3750000e+02;8.5712902e-02;3.3750000e+02;1.3982217e-01;3.3750000e+02;2.0467150e-01;3.3750000e+02;2.3290092e-01;3.3750000e+02;2.1873602e-01;3.3750000e+02;2.0818496e-01;3.3750000e+02;1.4286081e-01;3.3750000e+02;7.8586265e-02;3.3750000e+02;2.3808405e-02;3.3750000e+02;-2.3919851e-02;3.3750000e+02;-6.8140566e-02;3.3750000e+02;-1.1166080e-01;3.3750000e+02;-1.5463006e-01;3.3750000e+02;-1.9720453e-01;3.3750000e+02;-8.6919904e-02;3.3750000e+02;-7.0158780e-02;3.3750000e+02;-3.1773318e-02;3.3750000e+02;2.3264367e-02;3.3750000e+02;8.5712902e-02;3.3750000e+02;1.3982217e-01;3.3750000e+02;2.0467150e-01;3.3750000e+02;2.3290092e-01;3.3750000e+02;2.1873602e-01;3.3750000e+02;2.0818496e-01;3.3750000e+02;1.4286081e-01;3.3750000e+02;7.8586265e-02;3.3750000e+02;2.3808405e-02;3.3750000e+02;-2.3919851e-02;3.3750000e+02;-6.8140566e-02;3.3750000e+02;-1.1166080e-01;3.3750000e+02;-1.5463006e-01;3.3750000e+02;-1.9720453e-01;3.3750000e+02;-8.6919904e-02;3.3750000e+02;-7.0158780e-02;3.3750000e+02;-3.1773318e-02;3.3750000e+02;2.3264367e-02;3.3750000e+02;8.5712902e-02;3.3750000e+02;1.3982217e-01;3.3750000e+02;2.0467150e-01;3.3750000e+02;2.3290092e-01;3.3750000e+02;2.1873602e-01;3.3750000e+02;2.0818496e-01;3.3750000e+02;1.4286081e-01;3.3750000e+02;7.8586265e-02;3.3750000e+02;2.3808405e-02;3.3750000e+02;-2.3919851e-02;3.3750000e+02;-6.8140566e-02;3.3750000e+02;-1.1166080e-01;3.3750000e+02;-1.5463006e-01;3.3750000e+02;-1.9720453e-01;3.3750000e+02;-8.6919904e-02;3.3750000e+02;-7.0158780e-02;3.3750000e+02;-3.1773318e-02;3.3750000e+02;2.3264367e-02;3.3750000e+02;8.5712902e-02;3.3750000e+02;1.3982217e-01;3.3750000e+02;2.0467150e-01;3.3750000e+02;2.3290092e-01;3.3750000e+02;2.1873602e-01;3.3750000e+02;2.0818496e-01;3.3750000e+02;1.4286081e-01;3.3750000e+02;7.8586265e-02;3.3750000e+02;2.3808405e-02;3.3750000e+02;-2.3919851e-02;3.3750000e+02;-6.8140566e-02;3.3750000e+02;-1.1166080e-01;3.3750000e+02;-1.5463006e-01;3.3750000e+02;-1.9720453e-01;3.3750000e+02;-8.6919904e-02;3.3750000e+02;-7.0158780e-02;3.3750000e+02;-3.1773318e-02;3.3750000e+02;2.3264367e-02;3.3750000e+02;8.5712902e-02;3.3750000e+02;1.3982217e-01;3.3750000e+02;2.0467150e-01;3.3750000e+02;2.3290092e-01;3.3750000e+02;2.1873602e-01;3.3750000e+02;2.0818496e-01;3.3750000e+02;1.4286081e-01;3.3750000e+02;7.8586265e-02;3.3750000e+02;2.3808405e-02;3.3750000e+02;-2.3919851e-02;3.3750000e+02;-6.8140566e-02;3.3750000e+02;-1.1166080e-01;3.3750000e+02;-1.5463006e-01;3.3750000e+02;-1.9720453e-01;3.3750000e+02;-8.6919904e-02;3.3750000e+02;-7.0158780e-02;3.3750000e+02;-3.1773318e-02;3.3750000e+02;2.3264367e-02;3.3750000e+02;8.5712902e-02;3.3750000e+02;1.3982217e-01;3.3750000e+02;2.0467150e-01;3.3750000e+02;2.3290092e-01;3.3750000e+02;2.1873602e-01;3.3750000e+02;2.0818496e-01;3.3750000e+02;1.4286081e-01;3.3750000e+02;7.8586265e-02;3.3750000e+02;2.3808405e-02;3.3750000e+02;-2.3919851e-02;3.3750000e+02;-6.8140566e-02;3.3750000e+02;-1.1166080e-01;3.3750000e+02;-1.5463006e-01;3.3750000e+02;-1.9720453e-01;3.3750000e+02;-8.6919904e-02;3.3750000e+02;-7.0158780e-02;3.3750000e+02;-3.1773318e-02;3.3750000e+02;2.3264367e-02;3.3750000e+02;8.5712902e-02;3.3750000e+02;1.3982217e-01;3.3750000e+02;2.0467150e-01;3.3750000e+02;2.3290092e-01;3.3750000e+02;2.1873602e-01;3.3750000e+02;2.0818496e-01;3.3750000e+02;1.4286081e-01;3.3750000e+02;7.8586265e-02;3.3750000e+02;2.3808405e-02;3.3750000e+02;-2.3919851e-02;3.3750000e+02;-6.8140566e-02;3.3750000e+02;-1.1166080e-01;3.3750000e+02;-1.5463006e-01;3.3750000e+02;-1.9720453e-01;3.3750000e+02;-8.6919904e-02;3.3750000e+02;-7.0158780e-02;3.3750000e+02;-3.1773318e-02;3.3750000e+02;2.3264367e-02;3.3750000e+02;8.5712902e-02;3.3750000e+02;1.3982217e-01;3.3750000e+02;2.0467150e-01;3.3750000e+02;2.3290092e-01;3.3750000e+02;2.1873602e-01;3.3750000e+02;2.0818496e-01;3.3750000e+02;1.4286081e-01;3.3750000e+02;7.8586265e-02;3.3750000e+02;2.3808405e-02;3.3750000e+02;-2.3919851e-02;3.3750000e+02;-6.8140566e-02;3.3750000e+02;-1.1166080e-01;3.3750000e+02;-1.5463006e-01;3.3750000e+02;-1.9720453e-01;3.3750000e+02;-8.6919904e-02;3.3750000e+02;-7.0158780e-02;3.3750000e+02;-3.1773318e-02;3.3750000e+02;2.3264367e-02;3.3750000e+02;8.5712902e-02;3.3750000e+02;1.3982217e-01;3.3750000e+02;2.0467150e-01;3.3750000e+02;2.3290092e-01;3.3750000e+02;2.1873602e-01;3.3750000e+02;2.0818496e-01;3.3750000e+02;1.4286081e-01;3.3750000e+02;7.8586265e-02;3.3750000e+02;2.3808405e-02;3.3750000e+02;-2.3919851e-02;3.3750000e+02;-6.8140566e-02;3.3750000e+02;-1.1166080e-01;3.3750000e+02;-1.5463006e-01;3.3750000e+02;-1.9720453e-01;3.3750000e+02;-8.6919904e-02;3.3750000e+02;-7.0158780e-02;3.3750000e+02;-3.1773318e-02;3.3750000e+02;2.3264367e-02;3.3750000e+02;8.5712902e-02;3.3750000e+02;1.3982217e-01;3.3750000e+02;2.0467150e-01;3.3750000e+02;2.3290092e-01;3.3750000e+02;2.1873602e-01;3.3750000e+02;2.0818496e-01;3.3750000e+02;1.4286081e-01;3.3750000e+02;7.8586265e-02;3.3750000e+02;2.3808405e-02;3.3750000e+02;-2.3919851e-02;3.3750000e+02;-6.8140566e-02;3.3750000e+02;-1.1166080e-01;3.3750000e+02;-1.5463006e-01;3.3750000e+02;-1.9720453e-01;3.3750000e+02;-8.6919904e-02;3.3750000e+02;-7.0158780e-02;3.3750000e+02;-3.1773318e-02;3.3750000e+02;2.3264367e-02;3.3750000e+02;8.5712902e-02;3.3750000e+02;1.3982217e-01;3.3750000e+02;2.0467150e-01;3.3750000e+02;2.3290092e-01;3.3750000e+02;2.1873602e-01;3.3750000e+02;2.0818496e-01;3.3750000e+02;1.4286081e-01;3.3750000e+02;7.8586265e-02;3.3750000e+02;2.3808405e-02;3.3750000e+02;-2.3919851e-02;3.3750000e+02;-6.8140566e-02;3.3750000e+02;-1.1166080e-01;3.3750000e+02;-1.5463006e-01;3.3750000e+02;-1.9720453e-01;3.3750000e+02;-8.6919904e-02;3.3750000e+02;-7.0158780e-02;3.3750000e+02;-3.1773318e-02;3.3750000e+02;2.3264367e-02;3.3750000e+02;8.5712902e-02;3.3750000e+02;1.3982217e-01;3.3750000e+02;2.0467150e-01;3.3750000e+02;2.3290092e-01;3.3750000e+02;2.1873602e-01;3.3750000e+02;2.0818496e-01;3.3750000e+02;1.4286081e-01;3.3750000e+02;7.8586265e-02;3.3750000e+02;2.3808405e-02;3.3750000e+02;-2.3919851e-02;3.3750000e+02;-6.8140566e-02;3.3750000e+02;-1.1166080e-01;3.3750000e+02;-1.5463006e-01;3.3750000e+02;-1.9720453e-01;3.3750000e+02;-8.6919904e-02;3.3750000e+02;-7.0158780e-02;3.3750000e+02;-3.1773318e-02;3.3750000e+02;2.3264367e-02;3.3750000e+02;8.5712902e-02;3.3750000e+02;1.3982217e-01;3.3750000e+02;2.0467150e-01;3.3750000e+02;2.3290092e-01;3.3750000e+02;2.1873602e-01;3.3750000e+02;2.0818496e-01;3.3750000e+02;1.4286081e-01;3.3750000e+02;7.8586265e-02;3.3750000e+02;2.3808405e-02;3.3750000e+02;-2.3919851e-02;3.3750000e+02;-6.8140566e-02;3.3750000e+02;-1.1166080e-01;3.3750000e+02;-1.5463006e-01;3.3750000e+02;-1.9720453e-01;3.3750000e+02;-8.6919904e-02;3.3750000e+02;-7.0158780e-02;3.3750000e+02;-3.1773318e-02;3.3750000e+02;2.3264367e-02;3.3750000e+02;8.5712902e-02;3.3750000e+02;1.3982217e-01;3.3750000e+02;2.0467150e-01;3.3750000e+02;2.3290092e-01;3.3750000e+02;2.1873602e-01;3.3750000e+02;2.0818496e-01;3.3750000e+02;1.4286081e-01;3.3750000e+02;7.8586265e-02;3.3750000e+02;2.3808405e-02;3.3750000e+02;-2.3919851e-02;3.3750000e+02;-6.8140566e-02;3.3750000e+02;-1.1166080e-01;3.3750000e+02;-1.5463006e-01;3.3750000e+02;-1.9720453e-01;3.3750000e+02;-8.6919904e-02;3.3750000e+02;-7.0158780e-02;3.3750000e+02;-3.1773318e-02;3.3750000e+02;2.3264367e-02;3.3750000e+02;8.5712902e-02;3.3750000e+02;1.3982217e-01;3.3750000e+02;2.0467150e-01;3.3750000e+02;2.3290092e-01;3.3750000e+02;2.1873602e-01;3.3750000e+02;2.0818496e-01;3.3750000e+02;1.4286081e-01;3.3750000e+02;7.8586265e-02;3.3750000e+02;2.3808405e-02;3.3750000e+02;-2.3919851e-02;3.3750000e+02;-6.8140566e-02;3.3750000e+02;-1.1166080e-01;3.3750000e+02;-1.5463006e-01;3.3750000e+02;-1.9720453e-01;3.3750000e+02;-8.6919904e-02;3.3750000e+02;-7.0158780e-02;3.3750000e+02;-3.1773318e-02;3.3750000e+02;2.3264367e-02;3.3750000e+02;8.5712902e-02;3.3750000e+02;1.3982217e-01;3.3750000e+02;2.0467150e-01;3.3750000e+02;2.3290092e-01;3.3750000e+02;2.1873602e-01;3.3750000e+02;2.0818496e-01;3.3750000e+02;1.4286081e-01;3.3750000e+02;7.8586265e-02;3.3750000e+02;2.3808405e-02;3.3750000e+02;-2.3919851e-02;3.3750000e+02;-6.8140566e-02;3.3750000e+02;-1.1166080e-01;3.3750000e+02;-1.5463006e-01;3.3750000e+02;-1.9720453e-01;3.3750000e+02;-8.6919904e-02;3.3750000e+02;-7.0158780e-02;3.3750000e+02;-3.1773318e-02;3.3750000e+02;2.3264367e-02;3.3750000e+02;8.5712902e-02;3.3750000e+02;1.3982217e-01;3.3750000e+02;2.0467150e-01;3.3750000e+02;2.3290092e-01;3.3750000e+02;2.1873602e-01;3.3750000e+02;2.0818496e-01;3.3750000e+02;1.4286081e-01;3.3750000e+02;7.8586265e-02;3.3750000e+02;2.3808405e-02;3.3750000e+02;-2.3919851e-02;3.3750000e+02;-6.8140566e-02;3.3750000e+02;-1.1166080e-01;3.3750000e+02;-1.5463006e-01;3.3750000e+02;-1.9720453e-01;3.3750000e+02;-8.6919904e-02;3.3750000e+02;-7.0158780e-02;3.3750000e+02;-3.1773318e-02;3.3750000e+02;2.3264367e-02;3.3750000e+02;8.5712902e-02;3.3750000e+02;1.3982217e-01;3.3750000e+02;2.0467150e-01;3.3750000e+02;2.3290092e-01;3.3750000e+02;2.1873602e-01;3.3750000e+02;2.0818496e-01;3.3750000e+02;1.4286081e-01;3.3750000e+02;7.8586265e-02;3.3750000e+02;2.3808405e-02;3.3750000e+02;-2.3919851e-02;3.3750000e+02;-6.8140566e-02;3.3750000e+02;-1.1166080e-01;3.3750000e+02;-1.5463006e-01;3.3750000e+02;-1.9720453e-01;3.3750000e+02;-8.6919904e-02;3.3750000e+02;-7.0158780e-02;3.3750000e+02;-3.1773318e-02;3.3750000e+02;2.3264367e-02;3.3750000e+02;8.5712902e-02;3.3750000e+02;1.3982217e-01;3.3750000e+02;2.0467150e-01;3.3750000e+02;2.3290092e-01;3.3750000e+02;2.1873602e-01;3.3750000e+02;2.0818496e-01;3.3750000e+02;1.4286081e-01;3.3750000e+02;7.8586265e-02;3.3750000e+02;2.3808405e-02;3.3750000e+02;-2.3919851e-02;3.3750000e+02;-6.8140566e-02;3.3750000e+02;-1.1166080e-01;3.3750000e+02;-1.5463006e-01;3.3750000e+02;-1.9720453e-01;3.3750000e+02;-8.6919904e-02;3.3750000e+02;-7.0158780e-02;3.3750000e+02;-3.1773318e-02;3.3750000e+02;2.3264367e-02;3.3750000e+02;8.5712902e-02;3.3750000e+02;1.3982217e-01;3.3750000e+02;2.0467150e-01;3.3750000e+02;2.3290092e-01;3.3750000e+02;2.1873602e-01;3.3750000e+02;2.0818496e-01;3.3750000e+02;1.4286081e-01;3.3750000e+02;7.8586265e-02;3.3750000e+02;2.3808405e-02;3.3750000e+02;-2.3919851e-02;3.3750000e+02;-6.8140566e-02;3.3750000e+02;-1.1166080e-01;3.3750000e+02;-1.5463006e-01;3.3750000e+02;-1.9720453e-01;3.3750000e+02;-8.6919904e-02;3.3750000e+02;-7.0158780e-02;3.3750000e+02;-3.1773318e-02;3.3750000e+02;2.3264367e-02;3.3750000e+02;8.5712902e-02;3.3750000e+02;1.3982217e-01;3.3750000e+02;2.0467150e-01;3.3750000e+02;2.3290092e-01;3.3750000e+02;2.1873602e-01;3.3750000e+02;2.0818496e-01;3.3750000e+02;1.4286081e-01;3.3750000e+02;7.8586265e-02;3.3750000e+02;2.3808405e-02;3.3750000e+02;-2.3919851e-02;3.3750000e+02;-6.8140566e-02;3.3750000e+02;-1.1166080e-01;3.3750000e+02;-1.5463006e-01;3.3750000e+02;-1.9720453e-01;3.3750000e+02;-8.6919904e-02;3.3750000e+02;-7.0158780e-02;3.3750000e+02;-3.1773318e-02;3.3750000e+02;2.3264367e-02;3.3750000e+02;8.5712902e-02;3.3750000e+02;1.3982217e-01;3.3750000e+02;2.0467150e-01;3.3750000e+02;2.3290092e-01;3.3750000e+02;2.1873602e-01;3.3750000e+02;2.0818496e-01;3.3750000e+02;1.4286081e-01;3.3750000e+02;7.8586265e-02;3.3750000e+02;2.3808405e-02;3.3750000e+02;-2.3919851e-02;3.3750000e+02;-6.8140566e-02;3.3750000e+02;-1.1166080e-01;3.3750000e+02;-1.5463006e-01;3.3750000e+02;-1.9720453e-01;3.3750000e+02;-8.6919904e-02;3.3750000e+02;-7.0158780e-02;3.3750000e+02;-3.1773318e-02;3.3750000e+02;2.3264367e-02;3.3750000e+02;8.5712902e-02;3.3750000e+02;1.3982217e-01;3.3750000e+02;2.0467150e-01;3.3750000e+02;2.3290092e-01;3.3750000e+02;2.1873602e-01;3.3750000e+02;2.0818496e-01;3.3750000e+02;1.4286081e-01;3.3750000e+02;7.8586265e-02;3.3750000e+02;2.3808405e-02;3.3750000e+02;-2.3919851e-02;3.3750000e+02;-6.8140566e-02;3.3750000e+02;-1.1166080e-01;3.3750000e+02;-1.5463006e-01;3.3750000e+02;-1.9720453e-01;3.3750000e+02;-8.6919904e-02;3.3750000e+02;-7.0158780e-02;3.3750000e+02;-3.1773318e-02;3.3750000e+02;2.3264367e-02;3.3750000e+02;8.5712902e-02;3.3750000e+02;1.3982217e-01;3.3750000e+02;2.0467150e-01;3.3750000e+02;2.3290092e-01;3.3750000e+02;2.1873602e-01;3.3750000e+02;2.0818496e-01;3.3750000e+02;1.4286081e-01;3.3750000e+02;7.8586265e-02;3.3750000e+02;2.3808405e-02;3.3750000e+02;-2.3919851e-02;3.3750000e+02;-6.8140566e-02;3.3750000e+02;-1.1166080e-01;3.3750000e+02;-1.5463006e-01;3.3750000e+02;-1.9720453e-01;3.3750000e+02;-8.6919904e-02;3.3750000e+02;-7.0158780e-02;3.3750000e+02;-3.1773318e-02;3.3750000e+02;2.3264367e-02;3.3750000e+02;8.5712902e-02;3.3750000e+02;1.3982217e-01;3.3750000e+02;2.0467150e-01;3.3750000e+02;2.3290092e-01;3.3750000e+02;2.1873602e-01;3.3750000e+02;2.0818496e-01;3.3750000e+02;1.4286081e-01;3.3750000e+02;7.8586265e-02;3.3750000e+02;2.3808405e-02;3.3750000e+02;-2.3919851e-02;3.3750000e+02;-6.8140566e-02;3.3750000e+02;-1.1166080e-01;3.3750000e+02;-1.5463006e-01;3.3750000e+02;-1.9720453e-01;3.3750000e+02;-8.6919904e-02;3.3750000e+02;-7.0158780e-02;3.3750000e+02;-3.1773318e-02;3.3750000e+02;2.3264367e-02;3.3750000e+02;8.5712902e-02;3.3750000e+02;1.3982217e-01;3.3750000e+02;2.0467150e-01;3.3750000e+02;2.3290092e-01;3.3750000e+02;2.1873602e-01;3.3750000e+02;2.0818496e-01;3.3750000e+02;1.4286081e-01;3.3750000e+02;7.8586265e-02;3.3750000e+02;2.3808405e-02;3.3750000e+02;-2.3919851e-02;3.3750000e+02;-6.8140566e-02;3.3750000e+02;-1.1166080e-01;3.3750000e+02;-1.5463006e-01;3.3750000e+02;-1.9720453e-01;3.3750000e+02;-8.6919904e-02;3.3750000e+02;-7.0158780e-02;3.3750000e+02;-3.1773318e-02;3.3750000e+02;2.3264367e-02;3.3750000e+02;8.5712902e-02;3.3750000e+02;1.3982217e-01;3.3750000e+02;2.0467150e-01;3.3750000e+02;2.3290092e-01;3.3750000e+02;2.1873602e-01;3.3750000e+02;2.0818496e-01;3.3750000e+02;1.4286081e-01;3.3750000e+02;7.8586265e-02;3.3750000e+02;2.3808405e-02;3.3750000e+02;-2.3919851e-02;3.3750000e+02;-6.8140566e-02;3.3750000e+02;-1.1166080e-01;3.3750000e+02;-1.5463006e-01;3.3750000e+02;-1.9720453e-01;3.3750000e+02;-8.6919904e-02;3.3750000e+02;-7.0158780e-02;3.3750000e+02;-3.1773318e-02;3.3750000e+02;2.3264367e-02;3.3750000e+02;8.5712902e-02;3.3750000e+02;1.3982217e-01;3.3750000e+02;2.0467150e-01;3.3750000e+02;2.3290092e-01;3.3750000e+02;2.1873602e-01;3.3750000e+02;2.0818496e-01;3.3750000e+02;1.4286081e-01;3.3750000e+02;7.8586265e-02;3.3750000e+02;2.3808405e-02;3.3750000e+02;-2.3919851e-02;3.3750000e+02;-6.8140566e-02;3.3750000e+02;-1.1166080e-01;3.3750000e+02;-1.5463006e-01;3.3750000e+02;-1.9720453e-01;3.3750000e+02;-8.6919904e-02;3.3750000e+02;-7.0158780e-02;3.3750000e+02;-3.1773318e-02;3.3750000e+02;2.3264367e-02;3.3750000e+02;8.5712902e-02;3.3750000e+02;1.3982217e-01;3.3750000e+02;2.0467150e-01;3.3750000e+02;2.3290092e-01;3.3750000e+02;2.1873602e-01;3.3750000e+02;2.0818496e-01;3.3750000e+02;1.4286081e-01;3.3750000e+02;7.8586265e-02;3.3750000e+02;2.3808405e-02;3.3750000e+02;-2.3919851e-02;3.3750000e+02;-6.8140566e-02;3.3750000e+02;-1.1166080e-01;3.3750000e+02;-1.5463006e-01;3.3750000e+02;-1.9720453e-01;3.3750000e+02;-8.6919904e-02;3.3750000e+02;-7.0158780e-02;3.3750000e+02;-3.1773318e-02;3.3750000e+02;2.3264367e-02;3.3750000e+02;8.5712902e-02;3.3750000e+02;1.3982217e-01;3.3750000e+02;2.0467150e-01;3.3750000e+02;2.3290092e-01;3.3750000e+02;2.1873602e-01;3.3750000e+02;2.0818496e-01;3.3750000e+02;1.4286081e-01;3.3750000e+02;7.8586265e-02;3.3750000e+02;2.3808405e-02;3.3750000e+02;-2.3919851e-02;3.3750000e+02;-6.8140566e-02;3.3750000e+02;-1.1166080e-01;3.3750000e+02;-1.5463006e-01;3.3750000e+02;-1.9720453e-01;3.3750000e+02;-8.6919904e-02;3.3750000e+02;-7.0158780e-02;3.3750000e+02;-3.1773318e-02;3.3750000e+02;2.3264367e-02;3.3750000e+02;8.5712902e-02;3.3750000e+02;1.3982217e-01;3.3750000e+02;2.0467150e-01;3.3750000e+02;2.3290092e-01;3.3750000e+02;2.1873602e-01;3.3750000e+02;2.0818496e-01;3.3750000e+02;1.4286081e-01;3.3750000e+02;7.8586265e-02;3.3750000e+02;2.3808405e-02;3.3750000e+02;-2.3919851e-02;3.3750000e+02;-6.8140566e-02;3.3750000e+02;-1.1166080e-01;3.3750000e+02;-1.5463006e-01;3.3750000e+02;-1.9720453e-01;3.3750000e+02;-8.6919904e-02;3.3750000e+02;-7.0158780e-02;3.3750000e+02;-3.1773318e-02;3.3750000e+02;2.3264367e-02;3.3750000e+02;8.5712902e-02;3.3750000e+02;1.3982217e-01;3.3750000e+02;2.0467150e-01;3.3750000e+02;2.3290092e-01;3.3750000e+02;2.1873602e-01;3.3750000e+02;2.0818496e-01;3.3750000e+02;1.4286081e-01;3.3750000e+02;7.8586265e-02;3.3750000e+02;2.3808405e-02;3.3750000e+02;-2.3919851e-02;3.3750000e+02;-6.8140566e-02;3.3750000e+02;-1.1166080e-01;3.3750000e+02;-1.5463006e-01;3.3750000e+02;-1.9720453e-01;3.3750000e+02;-8.6919904e-02;3.3750000e+02;-7.0158780e-02;3.3750000e+02;-3.1773318e-02;3.3750000e+02;2.3264367e-02;3.3750000e+02;8.5712902e-02;3.3750000e+02;1.3982217e-01;3.3750000e+02;2.0467150e-01;3.3750000e+02;2.3290092e-01;3.3750000e+02;2.1873602e-01;3.3750000e+02;2.0818496e-01;3.3750000e+02;1.4286081e-01;3.3750000e+02;7.8586265e-02;3.3750000e+02;2.3808405e-02;3.3750000e+02;-2.3919851e-02;3.3750000e+02;-6.8140566e-02;3.3750000e+02;-1.1166080e-01;3.3750000e+02;-1.5463006e-01;3.3750000e+02;-1.9720453e-01;3.3750000e+02;-8.6919904e-02;3.3750000e+02;-7.0158780e-02;3.3750000e+02;-3.1773318e-02;3.3750000e+02;2.3264367e-02;3.3750000e+02;8.5712902e-02;3.3750000e+02;1.3982217e-01;3.3750000e+02;2.0467150e-01;3.3750000e+02;2.3290092e-01;3.3750000e+02;2.1873602e-01;3.3750000e+02;2.0818496e-01;3.3750000e+02;1.4286081e-01;3.3750000e+02;7.8586265e-02;3.3750000e+02;2.3808405e-02;3.3750000e+02;-2.3919851e-02;3.3750000e+02;-6.8140566e-02;3.3750000e+02;-1.1166080e-01;3.3750000e+02;-1.5463006e-01;3.3750000e+02;-1.9720453e-01;3.3750000e+02;-8.6919904e-02;3.3750000e+02;-7.0158780e-02;3.3750000e+02;-3.1773318e-02;3.3750000e+02;2.3264367e-02;3.3750000e+02;8.5712902e-02;3.3750000e+02;1.3982217e-01;3.3750000e+02;2.0467150e-01;3.3750000e+02;2.3290092e-01;3.3750000e+02;2.1873602e-01;3.3750000e+02;2.0818496e-01;3.3750000e+02;1.4286081e-01;3.3750000e+02;7.8586265e-02;3.3750000e+02;2.3808405e-02;3.3750000e+02;-2.3919851e-02;3.3750000e+02;-6.8140566e-02;3.3750000e+02;-1.1166080e-01;3.3750000e+02;-1.5463006e-01;3.3750000e+02;-1.9720453e-01;3.3750000e+02;-8.6919904e-02;3.3750000e+02;-7.0158780e-02;3.3750000e+02;-3.1773318e-02;3.3750000e+02;2.3264367e-02;3.3750000e+02;8.5712902e-02;3.3750000e+02;1.3982217e-01;3.3750000e+02;2.0467150e-01;3.3750000e+02;2.3290092e-01;3.3750000e+02;2.1873602e-01;3.3750000e+02;2.0818496e-01;3.3750000e+02;1.4286081e-01;3.3750000e+02;7.8586265e-02;3.3750000e+02;2.3808405e-02;3.3750000e+02;-2.3919851e-02;3.3750000e+02;-6.8140566e-02;3.3750000e+02;-1.1166080e-01;3.3750000e+02;-1.5463006e-01;3.3750000e+02;-1.9720453e-01;3.3750000e+02;-8.6919904e-02;3.3750000e+02;-7.0158780e-02;3.3750000e+02;-3.1773318e-02;3.3750000e+02;2.3264367e-02;3.3750000e+02;8.5712902e-02;3.3750000e+02;1.3982217e-01;3.3750000e+02;2.0467150e-01;3.3750000e+02;2.3290092e-01;3.3750000e+02;2.1873602e-01;3.3750000e+02;2.0818496e-01;3.3750000e+02;1.4286081e-01;3.3750000e+02;7.8586265e-02;3.3750000e+02;2.3808405e-02;3.3750000e+02;-2.3919851e-02;3.3750000e+02;-6.8140566e-02;3.3750000e+02;-1.1166080e-01;3.3750000e+02;-1.5463006e-01;3.3750000e+02;-1.9720453e-01;3.3750000e+02;-8.6919904e-02;3.3750000e+02;-7.0158780e-02;3.3750000e+02;-3.1773318e-02;3.3750000e+02;2.3264367e-02;3.3750000e+02;8.5712902e-02;3.3750000e+02;1.3982217e-01;3.3750000e+02;2.0467150e-01;3.3750000e+02;2.3290092e-01;3.3750000e+02;2.1873602e-01;3.3750000e+02;2.0818496e-01;3.3750000e+02;1.4286081e-01;3.3750000e+02;7.8586265e-02;3.3750000e+02;2.3808405e-02;3.3750000e+02;-2.3919851e-02;3.3750000e+02;-6.8140566e-02;3.3750000e+02;-1.1166080e-01;3.3750000e+02;-1.5463006e-01;3.3750000e+02;-1.9720453e-01;3.3750000e+02;-8.6919904e-02;3.3750000e+02;-7.0158780e-02;3.3750000e+02;-3.1773318e-02;3.3750000e+02;2.3264367e-02;3.3750000e+02;8.5712902e-02;3.3750000e+02;1.3982217e-01;3.3750000e+02;2.0467150e-01;3.3750000e+02;2.3290092e-01;3.3750000e+02;2.1873602e-01;3.3750000e+02;2.0818496e-01;3.3750000e+02;1.4286081e-01;3.3750000e+02;7.8586265e-02;3.3750000e+02;2.3808405e-02;3.3750000e+02;-2.3919851e-02;3.3750000e+02;-6.8140566e-02;3.3750000e+02;-1.1166080e-01;3.3750000e+02;-1.5463006e-01;3.3750000e+02;-1.9720453e-01;3.3750000e+02;-8.6919904e-02;3.3750000e+02;-7.0158780e-02;3.3750000e+02;-3.1773318e-02;3.3750000e+02;2.3264367e-02;3.3750000e+02;8.5712902e-02;3.3750000e+02;1.3982217e-01;3.3750000e+02;2.0467150e-01;3.3750000e+02;2.3290092e-01;3.3750000e+02;2.1873602e-01;3.3750000e+02;2.0818496e-01;3.3750000e+02;1.4286081e-01;3.3750000e+02;7.8586265e-02;3.3750000e+02;2.3808405e-02;3.3750000e+02;-2.3919851e-02;3.3750000e+02;-6.8140566e-02;3.3750000e+02;-1.1166080e-01;3.3750000e+02;-1.5463006e-01;3.3750000e+02;-1.9720453e-01;3.3750000e+02;-8.6919904e-02;3.3750000e+02;-7.0158780e-02;3.3750000e+02;-3.1773318e-02;3.3750000e+02;2.3264367e-02;3.3750000e+02;8.5712902e-02;3.3750000e+02;1.3982217e-01;3.3750000e+02;2.0467150e-01;3.3750000e+02;2.3290092e-01;3.3750000e+02;2.1873602e-01;3.3750000e+02;2.0818496e-01;3.3750000e+02;1.4286081e-01;3.3750000e+02;7.8586265e-02;3.3750000e+02;2.3808405e-02;3.3750000e+02;-2.3919851e-02;3.3750000e+02;-6.8140566e-02;3.3750000e+02;-1.1166080e-01;3.3750000e+02;-1.5463006e-01;3.3750000e+02;-1.9720453e-01;3.3750000e+02;-8.6919904e-02;3.3750000e+02;-7.0158780e-02;3.3750000e+02;-3.1773318e-02;3.3750000e+02;2.3264367e-02;3.3750000e+02;8.5712902e-02;3.3750000e+02;1.3982217e-01;3.3750000e+02;2.0467150e-01;3.3750000e+02;2.3290092e-01;3.3750000e+02;2.1873602e-01;3.3750000e+02;2.0818496e-01;3.3750000e+02;1.4286081e-01;3.3750000e+02;7.8586265e-02;3.3750000e+02;2.3808405e-02;3.3750000e+02;-2.3919851e-02;3.3750000e+02;-6.8140566e-02;3.3750000e+02;-1.1166080e-01;3.3750000e+02;-1.5463006e-01;3.3750000e+02;-1.9720453e-01;3.3750000e+02;-8.6919904e-02;3.3750000e+02;-7.0158780e-02;3.3750000e+02;-3.1773318e-02;3.3750000e+02;2.3264367e-02;3.3750000e+02;8.5712902e-02;3.3750000e+02;1.3982217e-01;3.3750000e+02;2.0467150e-01;3.3750000e+02;2.3290092e-01;3.3750000e+02;2.1873602e-01;3.3750000e+02;2.0818496e-01;3.3750000e+02;1.4286081e-01;3.3750000e+02;7.8586265e-02;3.3750000e+02;2.3808405e-02;3.3750000e+02;-2.3919851e-02;3.3750000e+02;-6.8140566e-02;3.3750000e+02;-1.1166080e-01;3.3750000e+02;-1.5463006e-01;3.3750000e+02;-1.9720453e-01;3.3750000e+02;-8.6919904e-02;3.3750000e+02;-7.0158780e-02;3.3750000e+02;-3.1773318e-02;3.3750000e+02;2.3264367e-02;3.3750000e+02;8.5712902e-02;3.3750000e+02;1.3982217e-01;3.3750000e+02;2.0467150e-01;3.3750000e+02;2.3290092e-01;3.3750000e+02;2.1873602e-01;3.3750000e+02;2.0818496e-01;3.3750000e+02;1.4286081e-01;3.3750000e+02;7.8586265e-02;3.3750000e+02;2.3808405e-02;3.3750000e+02;-2.3919851e-02;3.3750000e+02;-6.8140566e-02;3.3750000e+02;-1.1166080e-01;3.3750000e+02;-1.5463006e-01;3.3750000e+02;-1.9720453e-01;3.3750000e+02;-8.6919904e-02;3.3750000e+02;-7.0158780e-02;3.3750000e+02;-3.1773318e-02;3.3750000e+02;2.3264367e-02;3.3750000e+02;8.5712902e-02;3.3750000e+02;1.3982217e-01;3.3750000e+02;2.0467150e-01;3.3750000e+02;2.3290092e-01;3.3750000e+02;2.1873602e-01;3.3750000e+02;2.0818496e-01;3.3750000e+02;1.4286081e-01;3.3750000e+02;7.8586265e-02;3.3750000e+02;2.3808405e-02;3.3750000e+02;-2.3919851e-02;3.3750000e+02;-6.8140566e-02;3.3750000e+02;-1.1166080e-01;3.3750000e+02;-1.5463006e-01;3.3750000e+02;-1.9720453e-01;3.3750000e+02;-8.6919904e-02;3.3750000e+02;-7.0158780e-02;3.3750000e+02;-3.1773318e-02;3.3750000e+02;2.3264367e-02;3.3750000e+02;8.5712902e-02;3.3750000e+02;1.3982217e-01;3.3750000e+02;2.0467150e-01;3.3750000e+02;2.3290092e-01;3.3750000e+02;2.1873602e-01;3.3750000e+02;2.0818496e-01;3.3750000e+02;1.4286081e-01;3.3750000e+02;7.8586265e-02;3.3750000e+02;2.3808405e-02;3.3750000e+02;-2.3919851e-02;3.3750000e+02;-6.8140566e-02;3.3750000e+02;-1.1166080e-01;3.3750000e+02;-1.5463006e-01;3.3750000e+02;-1.9720453e-01;3.3750000e+02;-8.6919904e-02;3.3750000e+02;-7.0158780e-02;3.3750000e+02;-3.1773318e-02;3.3750000e+02;2.3264367e-02;3.3750000e+02;8.5712902e-02;3.3750000e+02;1.3982217e-01;3.3750000e+02;2.0467150e-01;3.3750000e+02;2.3290092e-01;3.3750000e+02;2.1873602e-01;3.3750000e+02;2.0818496e-01;3.3750000e+02;1.4286081e-01;3.3750000e+02;7.8586265e-02;3.3750000e+02;2.3808405e-02;3.3750000e+02;-2.3919851e-02;3.3750000e+02;-6.8140566e-02;3.3750000e+02;-1.1166080e-01;3.3750000e+02;-1.5463006e-01;3.3750000e+02;-1.9720453e-01;3.3750000e+02;-8.6919904e-02;3.3750000e+02;-7.0158780e-02;3.3750000e+02;-3.1773318e-02;3.3750000e+02;2.3264367e-02;3.3750000e+02;8.5712902e-02;3.3750000e+02;1.3982217e-01;3.3750000e+02;2.0467150e-01;3.3750000e+02;2.3290092e-01;3.3750000e+02;2.1873602e-01;3.3750000e+02;2.0818496e-01;3.3750000e+02;1.4286081e-01;3.3750000e+02;7.8586265e-02;3.3750000e+02;2.3808405e-02;3.3750000e+02;-2.3919851e-02;3.3750000e+02;-6.8140566e-02;3.3750000e+02;-1.1166080e-01;3.3750000e+02;-1.5463006e-01;3.3750000e+02;-1.9720453e-01;3.3750000e+02;-8.6919904e-02;3.3750000e+02;-7.0158780e-02;3.3750000e+02;-3.1773318e-02;3.3750000e+02;2.3264367e-02;3.3750000e+02;8.5712902e-02;3.3750000e+02;1.3982217e-01;3.3750000e+02;2.0467150e-01;3.3750000e+02;2.3290092e-01;3.3750000e+02;2.1873602e-01;3.3750000e+02;2.0818496e-01;3.3750000e+02;1.4286081e-01;3.3750000e+02;7.8586265e-02;3.3750000e+02;2.3808405e-02;3.3750000e+02;-2.3919851e-02;3.3750000e+02;-6.8140566e-02;3.3750000e+02;-1.1166080e-01;3.3750000e+02;-1.5463006e-01;3.3750000e+02;-1.9720453e-01;3.3750000e+02;-8.6919904e-02;3.3750000e+02;-7.0158780e-02;3.3750000e+02;-3.1773318e-02;3.3750000e+02;2.3264367e-02;3.3750000e+02;8.5712902e-02;3.3750000e+02;1.3982217e-01;3.3750000e+02;2.0467150e-01;3.3750000e+02;2.3290092e-01;3.3750000e+02;2.1873602e-01;3.3750000e+02;2.0818496e-01;3.3750000e+02;1.4286081e-01;3.3750000e+02;7.8586265e-02;3.3750000e+02;2.3808405e-02;3.3750000e+02;-2.3919851e-02;3.3750000e+02;-6.8140566e-02;3.3750000e+02;-1.1166080e-01;3.3750000e+02;-1.5463006e-01;3.3750000e+02;-1.9720453e-01;3.3750000e+02;-8.6919904e-02;3.3750000e+02;-7.0158780e-02;3.3750000e+02;-3.1773318e-02;3.3750000e+02;2.3264367e-02;3.3750000e+02;8.5712902e-02;3.3750000e+02;1.3982217e-01;3.3750000e+02;2.0467150e-01;3.3750000e+02;2.3290092e-01;3.3750000e+02;2.1873602e-01;3.3750000e+02;2.0818496e-01;3.3750000e+02;1.4286081e-01;3.3750000e+02;7.8586265e-02;3.3750000e+02;2.3808405e-02;3.3750000e+02;-2.3919851e-02;3.3750000e+02;-6.8140566e-02;3.3750000e+02;-1.1166080e-01;3.3750000e+02;-1.5463006e-01;3.3750000e+02;-1.9720453e-01;3.3750000e+02;-8.6919904e-02;3.3750000e+02;-7.0158780e-02;3.3750000e+02;-3.1773318e-02;3.3750000e+02;2.3264367e-02;3.3750000e+02;8.5712902e-02;3.3750000e+02;1.3982217e-01;3.3750000e+02;2.0467150e-01;3.3750000e+02;2.3290092e-01;3.3750000e+02;2.1873602e-01;3.3750000e+02;2.0818496e-01;3.3750000e+02;1.4286081e-01;3.3750000e+02;7.8586265e-02;3.3750000e+02;2.3808405e-02;3.3750000e+02;-2.3919851e-02;3.3750000e+02;-6.8140566e-02;3.3750000e+02;-1.1166080e-01;3.3750000e+02;-1.5463006e-01;3.3750000e+02;-1.9720453e-01;3.3750000e+02;-8.6919904e-02;3.3750000e+02;-7.0158780e-02;3.3750000e+02;-3.1773318e-02;3.3750000e+02;2.3264367e-02;3.3750000e+02;8.5712902e-02;3.3750000e+02;1.3982217e-01;3.3750000e+02;2.0467150e-01;3.3750000e+02;2.3290092e-01;3.3750000e+02;2.1873602e-01;3.3750000e+02;2.0818496e-01;3.3750000e+02;1.4286081e-01;3.3750000e+02;7.8586265e-02;3.3750000e+02;2.3808405e-02;3.3750000e+02;-2.3919851e-02;3.3750000e+02;-6.8140566e-02;3.3750000e+02;-1.1166080e-01;3.3750000e+02;-1.5463006e-01;3.3750000e+02;-1.9720453e-01;3.3750000e+02;-8.6919904e-02;3.3750000e+02;-7.0158780e-02;3.3750000e+02;-3.1773318e-02;3.3750000e+02;2.3264367e-02;3.3750000e+02;8.5712902e-02;3.3750000e+02;1.3982217e-01;3.3750000e+02;2.0467150e-01;3.3750000e+02;2.3290092e-01;3.3750000e+02;2.1873602e-01;3.3750000e+02;2.0818496e-01;3.3750000e+02;1.4286081e-01;3.3750000e+02;7.8586265e-02;3.3750000e+02;2.3808405e-02;3.3750000e+02;-2.3919851e-02;3.3750000e+02;-6.8140566e-02;3.3750000e+02;-1.1166080e-01;3.3750000e+02;-1.5463006e-01;3.3750000e+02;-1.9720453e-01;3.3750000e+02;-8.6919904e-02;3.3750000e+02;-7.0158780e-02;3.3750000e+02;-3.1773318e-02;3.3750000e+02;2.3264367e-02;3.3750000e+02;8.5712902e-02;3.3750000e+02;1.3982217e-01;3.3750000e+02;2.0467150e-01;3.3750000e+02;2.3290092e-01;3.3750000e+02;2.1873602e-01;3.3750000e+02;2.0818496e-01;3.3750000e+02;1.4286081e-01;3.3750000e+02;7.8586265e-02;3.3750000e+02;2.3808405e-02;3.3750000e+02;-2.3919851e-02;3.3750000e+02;-6.8140566e-02;3.3750000e+02;-1.1166080e-01;3.3750000e+02;-1.5463006e-01;3.3750000e+02;-1.9720453e-01;3.3750000e+02;-8.6919904e-02;3.3750000e+02;-7.0158780e-02;3.3750000e+02;-3.1773318e-02;3.3750000e+02;2.3264367e-02;3.3750000e+02;8.5712902e-02;3.3750000e+02;1.3982217e-01;3.3750000e+02;2.0467150e-01;3.3750000e+02;2.3290092e-01;3.3750000e+02;2.1873602e-01;3.3750000e+02;2.0818496e-01;3.3750000e+02;1.4286081e-01;3.3750000e+02;7.8586265e-02;3.3750000e+02;2.3808405e-02;3.3750000e+02;-2.3919851e-02;3.3750000e+02;-6.8140566e-02;3.3750000e+02;-1.1166080e-01;3.3750000e+02;-1.5463006e-01;3.3750000e+02;-1.9720453e-01;3.3750000e+02;-8.6919904e-02;3.3750000e+02;-7.0158780e-02;3.3750000e+02;-3.1773318e-02;3.3750000e+02;2.3264367e-02;3.3750000e+02;8.5712902e-02;3.3750000e+02;1.3982217e-01;3.3750000e+02;2.0467150e-01;3.3750000e+02;2.3290092e-01;3.3750000e+02;2.1873602e-01;3.3750000e+02;2.0818496e-01;3.3750000e+02;1.4286081e-01;3.3750000e+02;7.8586265e-02;3.3750000e+02;2.3808405e-02;3.3750000e+02;-2.3919851e-02;3.3750000e+02;-6.8140566e-02;3.3750000e+02;-1.1166080e-01;3.3750000e+02;-1.5463006e-01;3.3750000e+02;-1.9720453e-01;3.3750000e+02;-8.6919904e-02;3.3750000e+02;-7.0158780e-02;3.3750000e+02;-3.1773318e-02;3.3750000e+02;2.3264367e-02;3.3750000e+02;8.5712902e-02;3.3750000e+02;1.3982217e-01;3.3750000e+02;2.0467150e-01;3.3750000e+02;2.3290092e-01;3.3750000e+02;2.1873602e-01;3.3750000e+02;2.0818496e-01;3.3750000e+02;1.4286081e-01;3.3750000e+02;7.8586265e-02;3.3750000e+02;2.3808405e-02;3.3750000e+02;-2.3919851e-02;3.3750000e+02;-6.8140566e-02;3.3750000e+02;-1.1166080e-01;3.3750000e+02;-1.5463006e-01;3.3750000e+02;-1.9720453e-01;3.3750000e+02;-8.6919904e-02;3.3750000e+02;-7.0158780e-02;3.3750000e+02;-3.1773318e-02;3.3750000e+02;2.3264367e-02;3.3750000e+02;8.5712902e-02;3.3750000e+02;1.3982217e-01;3.3750000e+02;2.0467150e-01;3.3750000e+02;2.3290092e-01;3.3750000e+02;2.1873602e-01;3.3750000e+02;2.0818496e-01;3.3750000e+02;1.4286081e-01;3.3750000e+02;7.8586265e-02;3.3750000e+02;2.3808405e-02;3.3750000e+02;-2.3919851e-02;3.3750000e+02;-6.8140566e-02;3.3750000e+02;-1.1166080e-01;3.3750000e+02;-1.5463006e-01;3.3750000e+02;-1.9720453e-01;3.3750000e+02;-8.6919904e-02;3.3750000e+02;-7.0158780e-02;3.3750000e+02;-3.1773318e-02;3.3750000e+02;2.3264367e-02;3.3750000e+02;8.5712902e-02;3.3750000e+02;1.3982217e-01;3.3750000e+02;2.0467150e-01;3.3750000e+02;2.3290092e-01;3.3750000e+02;2.1873602e-01;3.3750000e+02;2.0818496e-01;3.3750000e+02;1.4286081e-01;3.3750000e+02;7.8586265e-02;3.3750000e+02;2.3808405e-02;3.3750000e+02;-2.3919851e-02;3.3750000e+02;-6.8140566e-02;3.3750000e+02;-1.1166080e-01;3.3750000e+02;-1.5463006e-01;3.3750000e+02;-1.9720453e-01;3.3750000e+02;-8.6919904e-02;3.3750000e+02;-7.0158780e-02;3.3750000e+02;-3.1773318e-02;3.3750000e+02;2.3264367e-02;3.3750000e+02;8.5712902e-02;3.3750000e+02;1.3982217e-01;3.3750000e+02;2.0467150e-01;3.3750000e+02;2.3290092e-01;3.3750000e+02;2.1873602e-01;3.3750000e+02;2.0818496e-01;3.3750000e+02;1.4286081e-01;3.3750000e+02;7.8586265e-02;3.3750000e+02;2.3808405e-02;3.3750000e+02;-2.3919851e-02;3.3750000e+02;-6.8140566e-02;3.3750000e+02;-1.1166080e-01;3.3750000e+02;-1.5463006e-01;3.3750000e+02;-1.9720453e-01;3.3750000e+02;-8.6919904e-02;3.3750000e+02;-7.0158780e-02;3.3750000e+02;-3.1773318e-02;3.3750000e+02;2.3264367e-02;3.3750000e+02;8.5712902e-02;3.3750000e+02;1.3982217e-01;3.3750000e+02;2.0467150e-01;3.3750000e+02;2.3290092e-01;3.3750000e+02;2.1873602e-01;3.3750000e+02;2.0818496e-01;3.3750000e+02;1.4286081e-01;3.3750000e+02;7.8586265e-02;3.3750000e+02;2.3808405e-02;3.3750000e+02;-2.3919851e-02;3.3750000e+02;-6.8140566e-02;3.3750000e+02;-1.1166080e-01;3.3750000e+02;-1.5463006e-01;3.3750000e+02;-1.9720453e-01;3.3750000e+02;-8.6919904e-02;3.3750000e+02;-7.0158780e-02;3.3750000e+02;-3.1773318e-02;3.3750000e+02;2.3264367e-02;3.3750000e+02;8.5712902e-02;3.3750000e+02;1.3982217e-01;3.3750000e+02;2.0467150e-01;3.3750000e+02;2.3290092e-01;3.3750000e+02;2.1873602e-01;3.3750000e+02;2.0818496e-01;3.3750000e+02;1.4286081e-01;3.3750000e+02;7.8586265e-02;3.3750000e+02;2.3808405e-02;3.3750000e+02;-2.3919851e-02;3.3750000e+02;-6.8140566e-02;3.3750000e+02;-1.1166080e-01;3.3750000e+02;-1.5463006e-01;3.3750000e+02;-1.9720453e-01;3.3750000e+02;-8.6919904e-02;3.3750000e+02;-7.0158780e-02;3.3750000e+02;-3.1773318e-02;3.3750000e+02;2.3264367e-02;3.3750000e+02;8.5712902e-02;3.3750000e+02;1.3982217e-01;3.3750000e+02;2.0467150e-01;3.3750000e+02;2.3290092e-01;3.3750000e+02;2.1873602e-01;3.3750000e+02;2.0818496e-01;3.3750000e+02;1.4286081e-01;3.3750000e+02;7.8586265e-02;3.3750000e+02;2.3808405e-02;3.3750000e+02;-2.3919851e-02;3.3750000e+02;-6.8140566e-02;3.3750000e+02;-1.1166080e-01;3.3750000e+02;-1.5463006e-01;3.3750000e+02;-1.9720453e-01;3.3750000e+02;-8.6919904e-02;3.3750000e+02;-7.0158780e-02;3.3750000e+02;-3.1773318e-02;3.3750000e+02;2.3264367e-02;3.3750000e+02;8.5712902e-02;3.3750000e+02;1.3982217e-01;3.3750000e+02;2.0467150e-01;3.3750000e+02;2.3290092e-01;3.3750000e+02;2.1873602e-01;3.3750000e+02;2.0818496e-01;3.3750000e+02;1.4286081e-01;3.3750000e+02;7.8586265e-02;3.3750000e+02;2.3808405e-02;3.3750000e+02;-2.3919851e-02;3.3750000e+02;-6.8140566e-02;3.3750000e+02;-1.1166080e-01;3.3750000e+02;-1.5463006e-01;3.3750000e+02;-1.9720453e-01;3.3750000e+02;-8.6919904e-02;3.3750000e+02;-7.0158780e-02;3.3750000e+02;-3.1773318e-02;3.3750000e+02;2.3264367e-02;3.3750000e+02;8.5712902e-02;3.3750000e+02;1.3982217e-01;3.3750000e+02;2.0467150e-01;3.3750000e+02;2.3290092e-01;3.3750000e+02;2.1873602e-01;3.3750000e+02;2.0818496e-01;3.3750000e+02;1.4286081e-01;3.3750000e+02;7.8586265e-02;3.3750000e+02;2.3808405e-02;3.3750000e+02;-2.3919851e-02;3.3750000e+02;-6.8140566e-02;3.3750000e+02;-1.1166080e-01;3.3750000e+02;-1.5463006e-01;3.3750000e+02;-1.9720453e-01;3.3750000e+02;-8.6919904e-02;3.3750000e+02;-7.0158780e-02;3.3750000e+02;-3.1773318e-02;3.3750000e+02;2.3264367e-02;3.3750000e+02;8.5712902e-02;3.3750000e+02;1.3982217e-01;3.3750000e+02;2.0467150e-01;3.3750000e+02;2.3290092e-01;3.3750000e+02;2.1873602e-01;3.3750000e+02;2.0818496e-01;3.3750000e+02;1.4286081e-01;3.3750000e+02;7.8586265e-02;3.3750000e+02;2.3808405e-02;3.3750000e+02;-2.3919851e-02;3.3750000e+02;-6.8140566e-02;3.3750000e+02;-1.1166080e-01;3.3750000e+02;-1.5463006e-01;3.3750000e+02;-1.9720453e-01;3.3750000e+02;-8.6919904e-02;3.3750000e+02;-7.0158780e-02;3.3750000e+02;-3.1773318e-02;3.3750000e+02;2.3264367e-02;3.3750000e+02;8.5712902e-02;3.3750000e+02;1.3982217e-01;3.3750000e+02;2.0467150e-01;3.3750000e+02;2.3290092e-01;3.3750000e+02;2.1873602e-01;3.3750000e+02;2.0818496e-01;3.3750000e+02;1.4286081e-01;3.3750000e+02;7.8586265e-02;3.3750000e+02;2.3808405e-02;3.3750000e+02;-2.3919851e-02;3.3750000e+02;-6.8140566e-02;3.3750000e+02;-1.1166080e-01;3.3750000e+02;-1.5463006e-01;3.3750000e+02;-1.9720453e-01;3.3750000e+02;-8.6919904e-02;3.3750000e+02;-7.0158780e-02;3.3750000e+02;-3.1773318e-02;3.3750000e+02;2.3264367e-02;3.3750000e+02;8.5712902e-02;3.3750000e+02;1.3982217e-01;3.3750000e+02;2.0467150e-01;3.3750000e+02;2.3290092e-01;3.3750000e+02;2.1873602e-01;3.3750000e+02;2.0818496e-01;3.3750000e+02;1.4286081e-01;3.3750000e+02;7.8586265e-02;3.3750000e+02;2.3808405e-02;3.3750000e+02;-2.3919851e-02;3.3750000e+02;-6.8140566e-02;3.3750000e+02;-1.1166080e-01;3.3750000e+02;-1.5463006e-01;3.3750000e+02;-1.9720453e-01;3.3750000e+02;-8.6919904e-02;3.3750000e+02;-7.0158780e-02;3.3750000e+02;-3.1773318e-02;3.3750000e+02;2.3264367e-02;3.3750000e+02;8.5712902e-02;3.3750000e+02;1.3982217e-01;3.3750000e+02;2.0467150e-01;3.3750000e+02;2.3290092e-01;3.3750000e+02;2.1873602e-01;3.3750000e+02;2.0818496e-01;3.3750000e+02;1.4286081e-01;3.3750000e+02;7.8586265e-02;3.3750000e+02;2.3808405e-02;3.3750000e+02;-2.3919851e-02;3.3750000e+02;-6.8140566e-02;3.3750000e+02;-1.1166080e-01;3.3750000e+02;-1.5463006e-01;3.3750000e+02;-1.9720453e-01;3.3750000e+02;-8.6919904e-02;3.3750000e+02;-7.0158780e-02;3.3750000e+02;-3.1773318e-02;3.3750000e+02;2.3264367e-02;3.3750000e+02;8.5712902e-02;3.3750000e+02;1.3982217e-01;3.3750000e+02;2.0467150e-01;3.3750000e+02;2.3290092e-01;3.3750000e+02;2.1873602e-01;3.3750000e+02;2.0818496e-01;3.3750000e+02;1.4286081e-01;3.3750000e+02;7.8586265e-02;3.3750000e+02;2.3808405e-02;3.3750000e+02;-2.3919851e-02;3.3750000e+02;-6.8140566e-02;3.3750000e+02;-1.1166080e-01;3.3750000e+02;-1.5463006e-01;3.3750000e+02;-1.9720453e-01;3.3750000e+02;-8.6919904e-02;3.3750000e+02;-7.0158780e-02;3.3750000e+02;-3.1773318e-02;3.3750000e+02;2.3264367e-02;3.3750000e+02;8.5712902e-02;3.3750000e+02;1.3982217e-01;3.3750000e+02;2.0467150e-01;3.3750000e+02;2.3290092e-01;3.3750000e+02;2.1873602e-01;3.3750000e+02;2.0818496e-01;3.3750000e+02;1.4286081e-01;3.3750000e+02;7.8586265e-02;3.3750000e+02;2.3808405e-02;3.3750000e+02;-2.3919851e-02;3.3750000e+02;-6.8140566e-02;3.3750000e+02;-1.1166080e-01;3.3750000e+02;-1.5463006e-01;3.3750000e+02;-1.9720453e-01;3.3750000e+02;-8.6919904e-02;3.3750000e+02;-7.0158780e-02;3.3750000e+02;-3.1773318e-02;3.3750000e+02;2.3264367e-02;3.3750000e+02;8.5712902e-02;3.3750000e+02;1.3982217e-01;3.3750000e+02;2.0467150e-01;3.3750000e+02;2.3290092e-01;3.3750000e+02;2.1873602e-01;3.3750000e+02;2.0818496e-01;3.3750000e+02;1.4286081e-01;3.3750000e+02;7.8586265e-02;3.3750000e+02;2.3808405e-02;3.3750000e+02;-2.3919851e-02;3.3750000e+02;-6.8140566e-02;3.3750000e+02;-1.1166080e-01;3.3750000e+02;-1.5463006e-01;3.3750000e+02;-1.9720453e-01;3.3750000e+02;-8.6919904e-02;3.3750000e+02;-7.0158780e-02;3.3750000e+02;-3.1773318e-02;3.3750000e+02;2.3264367e-02;3.3750000e+02;8.5712902e-02;3.3750000e+02;1.3982217e-01;3.3750000e+02;2.0467150e-01;3.3750000e+02;2.3290092e-01;3.3750000e+02;2.1873602e-01;3.3750000e+02;2.0818496e-01;3.3750000e+02;1.4286081e-01;3.3750000e+02;7.8586265e-02;3.3750000e+02;2.3808405e-02;3.3750000e+02;-2.3919851e-02;3.3750000e+02;-6.8140566e-02;3.3750000e+02;-1.1166080e-01;3.3750000e+02;-1.5463006e-01;3.3750000e+02;-1.9720453e-01;3.3750000e+02;-8.6919904e-02;3.3750000e+02;-7.0158780e-02;3.3750000e+02;-3.1773318e-02;3.3750000e+02;2.3264367e-02;3.3750000e+02;8.5712902e-02;3.3750000e+02;1.3982217e-01;3.3750000e+02;2.0467150e-01;3.3750000e+02;2.3290092e-01;3.3750000e+02;2.1873602e-01;3.3750000e+02;2.0818496e-01;3.3750000e+02;1.4286081e-01;3.3750000e+02;7.8586265e-02;3.3750000e+02;2.3808405e-02;3.3750000e+02;-2.3919851e-02;3.3750000e+02;-6.8140566e-02;3.3750000e+02;-1.1166080e-01;3.3750000e+02;-1.5463006e-01;3.3750000e+02;-1.9720453e-01;3.3750000e+02;-8.6919904e-02;3.3750000e+02;-7.0158780e-02;3.3750000e+02;-3.1773318e-02;3.3750000e+02;2.3264367e-02;3.3750000e+02;8.5712902e-02;3.3750000e+02;1.3982217e-01;3.3750000e+02;2.0467150e-01;3.3750000e+02;2.3290092e-01;3.3750000e+02;2.1873602e-01;3.3750000e+02;2.0818496e-01;3.3750000e+02;1.4286081e-01;3.3750000e+02;7.8586265e-02;3.3750000e+02;2.3808405e-02;3.3750000e+02;-2.3919851e-02;3.3750000e+02;-6.8140566e-02;3.3750000e+02;-1.1166080e-01;3.3750000e+02;-1.5463006e-01;3.3750000e+02;-1.9720453e-01;3.3750000e+02;-8.6919904e-02;3.3750000e+02;-7.0158780e-02;3.3750000e+02;-3.1773318e-02;3.3750000e+02;2.3264367e-02;3.3750000e+02;8.5712902e-02;3.3750000e+02;1.3982217e-01;3.3750000e+02;2.0467150e-01;3.3750000e+02;2.3290092e-01;3.3750000e+02;2.1873602e-01;3.3750000e+02;2.0818496e-01;3.3750000e+02;1.4286081e-01;3.3750000e+02;7.8586265e-02;3.3750000e+02;2.3808405e-02;3.3750000e+02;-2.3919851e-02;3.3750000e+02;-6.8140566e-02;3.3750000e+02;-1.1166080e-01;3.3750000e+02;-1.5463006e-01;3.3750000e+02;-1.9720453e-01;3.3750000e+02;-8.6919904e-02;3.3750000e+02;-7.0158780e-02;3.3750000e+02;-3.1773318e-02;3.3750000e+02;2.3264367e-02;3.3750000e+02;8.5712902e-02;3.3750000e+02;1.3982217e-01;3.3750000e+02;2.0467150e-01;3.3750000e+02;2.3290092e-01;3.3750000e+02;2.1873602e-01;3.3750000e+02;2.0818496e-01;3.3750000e+02;1.4286081e-01;3.3750000e+02;7.8586265e-02;3.3750000e+02;2.3808405e-02;3.3750000e+02;-2.3919851e-02;3.3750000e+02;-6.8140566e-02;3.3750000e+02;-1.1166080e-01;3.3750000e+02;-1.5463006e-01;3.3750000e+02;-1.9720453e-01;3.3750000e+02;-8.6919904e-02;3.3750000e+02;-7.0158780e-02;3.3750000e+02;-3.1773318e-02;3.3750000e+02;2.3264367e-02;3.3750000e+02;8.5712902e-02;3.3750000e+02;1.3982217e-01;3.3750000e+02;2.0467150e-01;3.3750000e+02;2.3290092e-01;3.3750000e+02;2.1873602e-01;3.3750000e+02;2.0818496e-01;3.3750000e+02;1.4286081e-01;3.3750000e+02;7.8586265e-02;3.3750000e+02;2.3808405e-02;3.3750000e+02;-2.3919851e-02;3.3750000e+02;-6.8140566e-02;3.3750000e+02;-1.1166080e-01;3.3750000e+02;-1.5463006e-01;3.3750000e+02;-1.9720453e-01;3.3750000e+02;-8.6919904e-02;3.3750000e+02;-7.0158780e-02;3.3750000e+02;-3.1773318e-02;3.3750000e+02;2.3264367e-02;3.3750000e+02;8.5712902e-02;3.3750000e+02;1.3982217e-01;3.3750000e+02;2.0467150e-01;3.3750000e+02;2.3290092e-01;3.3750000e+02;2.1873602e-01;3.3750000e+02;2.0818496e-01;3.3750000e+02;1.4286081e-01;3.3750000e+02;7.8586265e-02;3.3750000e+02;2.3808405e-02;3.3750000e+02;-2.3919851e-02;3.3750000e+02;-6.8140566e-02;3.3750000e+02;-1.1166080e-01;3.3750000e+02;-1.5463006e-01;3.3750000e+02;-1.9720453e-01;3.3750000e+02;-8.6919904e-02;3.3750000e+02;-7.0158780e-02;3.3750000e+02;-3.1773318e-02;3.3750000e+02;2.3264367e-02;3.3750000e+02;8.5712902e-02;3.3750000e+02;1.3982217e-01;3.3750000e+02;2.0467150e-01;3.3750000e+02;2.3290092e-01;3.3750000e+02;2.1873602e-01;3.3750000e+02;2.0818496e-01;3.3750000e+02;1.4286081e-01;3.3750000e+02;7.8586265e-02;3.3750000e+02;2.3808405e-02;3.3750000e+02;-2.3919851e-02;3.3750000e+02;-6.8140566e-02;3.3750000e+02;-1.1166080e-01;3.3750000e+02;-1.5463006e-01;3.3750000e+02;-1.9720453e-01;3.3750000e+02;-8.6919904e-02;3.3750000e+02;-7.0158780e-02;3.3750000e+02;-3.1773318e-02;3.3750000e+02;2.3264367e-02;3.3750000e+02;8.5712902e-02;3.3750000e+02;1.3982217e-01;3.3750000e+02;2.0467150e-01;3.3750000e+02;2.3290092e-01;3.3750000e+02;2.1873602e-01;3.3750000e+02;2.0818496e-01;3.3750000e+02;1.4286081e-01;3.3750000e+02;7.8586265e-02;3.3750000e+02;2.3808405e-02;3.3750000e+02;-2.3919851e-02;3.3750000e+02;-6.8140566e-02;3.3750000e+02;-1.1166080e-01;3.3750000e+02;-1.5463006e-01;3.3750000e+02;-1.9720453e-01;3.3750000e+02;-8.6919904e-02;3.3750000e+02;-7.0158780e-02;3.3750000e+02;-3.1773318e-02;3.3750000e+02;2.3264367e-02;3.3750000e+02;8.5712902e-02;3.3750000e+02;1.3982217e-01;3.3750000e+02;2.0467150e-01;3.3750000e+02;2.3290092e-01;3.3750000e+02;2.1873602e-01;3.3750000e+02;2.0818496e-01;3.3750000e+02;1.4286081e-01;3.3750000e+02;7.8586265e-02;3.3750000e+02;2.3808405e-02;3.3750000e+02;-2.3919851e-02;3.3750000e+02;-6.8140566e-02;3.3750000e+02;-1.1166080e-01;3.3750000e+02;-1.5463006e-01;3.3750000e+02;-1.9720453e-01;3.3750000e+02;-8.6919904e-02;3.3750000e+02;-7.0158780e-02;3.3750000e+02;-3.1773318e-02;3.3750000e+02;2.3264367e-02;3.3750000e+02;8.5712902e-02;3.3750000e+02;1.3982217e-01;3.3750000e+02;2.0467150e-01;3.3750000e+02;2.3290092e-01;3.3750000e+02;2.1873602e-01;3.3750000e+02;2.0818496e-01;3.3750000e+02;1.4286081e-01;3.3750000e+02;7.8586265e-02;3.3750000e+02;2.3808405e-02;3.3750000e+02;-2.3919851e-02;3.3750000e+02;-6.8140566e-02;3.3750000e+02;-1.1166080e-01;3.3750000e+02;-1.5463006e-01;3.3750000e+02;-1.9720453e-01;3.3750000e+02;-8.6919904e-02;3.3750000e+02;-7.0158780e-02;3.3750000e+02;-3.1773318e-02;3.3750000e+02;2.3264367e-02;3.3750000e+02;8.5712902e-02;3.3750000e+02;1.3982217e-01;3.3750000e+02;2.0467150e-01;3.3750000e+02;2.3290092e-01;3.3750000e+02;2.1873602e-01;3.3750000e+02;2.0818496e-01;3.3750000e+02;1.4286081e-01;3.3750000e+02;7.8586265e-02;3.3750000e+02;2.3808405e-02;3.3750000e+02;-2.3919851e-02;3.3750000e+02;-6.8140566e-02;3.3750000e+02;-1.1166080e-01;3.3750000e+02;-1.5463006e-01;3.3750000e+02;-1.9720453e-01;3.3750000e+02;-8.6919904e-02;3.3750000e+02;-7.0158780e-02;3.3750000e+02;-3.1773318e-02;3.3750000e+02;2.3264367e-02;3.3750000e+02;8.5712902e-02;3.3750000e+02;1.3982217e-01;3.3750000e+02;2.0467150e-01;3.3750000e+02;2.3290092e-01;3.3750000e+02;2.1873602e-01;3.3750000e+02;2.0818496e-01;3.3750000e+02;1.4286081e-01;3.3750000e+02;7.8586265e-02;3.3750000e+02;2.3808405e-02;3.3750000e+02;-2.3919851e-02;3.3750000e+02;-6.8140566e-02;3.3750000e+02;-1.1166080e-01;3.3750000e+02;-1.5463006e-01;3.3750000e+02;-1.9720453e-01;3.3750000e+02;-8.6919904e-02;3.3750000e+02;-7.0158780e-02;3.3750000e+02;-3.1773318e-02;3.3750000e+02;2.3264367e-02;3.3750000e+02;8.5712902e-02;3.3750000e+02;1.3982217e-01;3.3750000e+02;2.0467150e-01;3.3750000e+02;2.3290092e-01;3.3750000e+02;2.1873602e-01;3.3750000e+02;2.0818496e-01;3.3750000e+02;1.4286081e-01;3.3750000e+02;7.8586265e-02;3.3750000e+02;2.3808405e-02;3.3750000e+02;-2.3919851e-02;3.3750000e+02;-6.8140566e-02;3.3750000e+02;-1.1166080e-01;3.3750000e+02;-1.5463006e-01;3.3750000e+02;-1.9720453e-01;3.3750000e+02;-8.6919904e-02;3.3750000e+02;-7.0158780e-02;3.3750000e+02;-3.1773318e-02;3.3750000e+02;2.3264367e-02;3.3750000e+02;8.5712902e-02;3.3750000e+02;1.3982217e-01;3.3750000e+02;2.0467150e-01;3.3750000e+02;2.3290092e-01;3.3750000e+02;2.1873602e-01;3.3750000e+02;2.0818496e-01;3.3750000e+02;1.4286081e-01;3.3750000e+02;7.8586265e-02;3.3750000e+02;2.3808405e-02;3.3750000e+02;-2.3919851e-02;3.3750000e+02;-6.8140566e-02;3.3750000e+02;-1.1166080e-01;3.3750000e+02;-1.5463006e-01;3.3750000e+02;-1.9720453e-01;3.3750000e+02;-8.6919904e-02;3.3750000e+02;-7.0158780e-02;3.3750000e+02;-3.1773318e-02;3.3750000e+02;2.3264367e-02;3.3750000e+02;8.5712902e-02;3.3750000e+02;1.3982217e-01;3.3750000e+02;2.0467150e-01;3.3750000e+02;2.3290092e-01;3.3750000e+02;2.1873602e-01;3.3750000e+02;2.0818496e-01;3.3750000e+02;1.4286081e-01;3.3750000e+02;7.8586265e-02;3.3750000e+02;2.3808405e-02;3.3750000e+02;-2.3919851e-02;3.3750000e+02;-6.8140566e-02;3.3750000e+02;-1.1166080e-01;3.3750000e+02;-1.5463006e-01;3.3750000e+02;-1.9720453e-01
3.4250000e+02;-8.8272884e-02;3.4250000e+02;-7.5009748e-02;3.4250000e+02;-4.1414294e-02;3.4250000e+02;1.3350850e-02;3.4250000e+02;6.9905907e-02;3.4250000e+02;1.2904471e-01;3.4250000e+02;1.9270867e-01;3.4250000e+02;2.2419961e-01;3.4250000e+02;2.0968620e-01;3.4250000e+02;2.0649365e-01;3.4250000e+02;1.4874402e-01;3.4250000e+02;8.5473955e-02;3.4250000e+02;3.0680403e-02;3.4250000e+02;-1.7026909e-02;3.4250000e+02;-6.1340265e-02;3.4250000e+02;-1.0487905e-01;3.4250000e+02;-1.4662945e-01;3.4250000e+02;-1.8941936e-01;3.4250000e+02;-8.8272884e-02;3.4250000e+02;-7.5009748e-02;3.4250000e+02;-4.1414294e-02;3.4250000e+02;1.3350850e-02;3.4250000e+02;6.9905907e-02;3.4250000e+02;1.2904471e-01;3.4250000e+02;1.9270867e-01;3.4250000e+02;2.2419961e-01;3.4250000e+02;2.0968620e-01;3.4250000e+02;2.0649365e-01;3.4250000e+02;1.4874402e-01;3.4250000e+02;8.5473955e-02;3.4250000e+02;3.0680403e-02;3.4250000e+02;-1.7026909e-02;3.4250000e+02;-6.1340265e-02;3.4250000e+02;-1.0487905e-01;3.4250000e+02;-1.4662945e-01;3.4250000e+02;-1.8941936e-01;3.4250000e+02;-8.8272884e-02;3.4250000e+02;-7.5009748e-02;3.4250000e+02;-4.1414294e-02;3.4250000e+02;1.3350850e-02;3.4250000e+02;6.9905907e-02;3.4250000e+02;1.2904471e-01;3.4250000e+02;1.9270867e-01;3.4250000e+02;2.2419961e-01;3.4250000e+02;2.0968620e-01;3.4250000e+02;2.0649365e-01;3.4250000e+02;1.4874402e-01;3.4250000e+02;8.5473955e-02;3.4250000e+02;3.0680403e-02;3.4250000e+02;-1.7026909e-02;3.4250000e+02;-6.1340265e-02;3.4250000e+02;-1.0487905e-01;3.4250000e+02;-1.4662945e-01;3.4250000e+02;-1.8941936e-01;3.4250000e+02;-8.8272884e-02;3.4250000e+02;-7.5009748e-02;3.4250000e+02;-4.1414294e-02;3.4250000e+02;1.3350850e-02;3.4250000e+02;6.9905907e-02;3.4250000e+02;1.2904471e-01;3.4250000e+02;1.9270867e-01;3.4250000e+02;2.2419961e-01;3.4250000e+02;2.0968620e-01;3.4250000e+02;2.0649365e-01;3.4250000e+02;1.4874402e-01;3.4250000e+02;8.5473955e-02;3.4250000e+02;3.0680403e-02;3.4250000e+02;-1.7026909e-02;3.4250000e+02;-6.1340265e-02;3.4250000e+02;-1.0487905e-01;3.4250000e+02;-1.4662945e-01;3.4250000e+02;-1.8941936e-01;3.4250000e+02;-8.8272884e-02;3.4250000e+02;-7.5009748e-02;3.4250000e+02;-4.1414294e-02;3.4250000e+02;1.3350850e-02;3.4250000e+02;6.9905907e-02;3.4250000e+02;1.2904471e-01;3.4250000e+02;1.9270867e-01;3.4250000e+02;2.2419961e-01;3.4250000e+02;2.0968620e-01;3.4250000e+02;2.0649365e-01;3.4250000e+02;1.4874402e-01;3.4250000e+02;8.5473955e-02;3.4250000e+02;3.0680403e-02;3.4250000e+02;-1.7026909e-02;3.4250000e+02;-6.1340265e-02;3.4250000e+02;-1.0487905e-01;3.4250000e+02;-1.4662945e-01;3.4250000e+02;-1.8941936e-01;3.4250000e+02;-8.8272884e-02;3.4250000e+02;-7.5009748e-02;3.4250000e+02;-4.1414294e-02;3.4250000e+02;1.3350850e-02;3.4250000e+02;6.9905907e-02;3.4250000e+02;1.2904471e-01;3.4250000e+02;1.9270867e-01;3.4250000e+02;2.2419961e-01;3.4250000e+02;2.0968620e-01;3.4250000e+02;2.0649365e-01;3.4250000e+02;1.4874402e-01;3.4250000e+02;8.5473955e-02;3.4250000e+02;3.0680403e-02;3.4250000e+02;-1.7026909e-02;3.4250000e+02;-6.1340265e-02;3.4250000e+02;-1.0487905e-01;3.4250000e+02;-1.4662945e-01;3.4250000e+02;-1.8941936e-01;3.4250000e+02;-8.8272884e-02;3.4250000e+02;-7.5009748e-02;3.4250000e+02;-4.1414294e-02;3.4250000e+02;1.3350850e-02;3.4250000e+02;6.9905907e-02;3.4250000e+02;1.2904471e-01;3.4250000e+02;1.9270867e-01;3.4250000e+02;2.2419961e-01;3.4250000e+02;2.0968620e-01;3.4250000e+02;2.0649365e-01;3.4250000e+02;1.4874402e-01;3.4250000e+02;8.5473955e-02;3.4250000e+02;3.0680403e-02;3.4250000e+02;-1.7026909e-02;3.4250000e+02;-6.1340265e-02;3.4250000e+02;-1.0487905e-01;3.4250000e+02;-1.4662945e-01;3.4250000e+02;-1.8941936e-01;3.4250000e+02;-8.8272884e-02;3.4250000e+02;-7.5009748e-02;3.4250000e+02;-4.1414294e-02;3.4250000e+02;1.3350850e-02;3.4250000e+02;6.9905907e-02;3.4250000e+02;1.2904471e-01;3.4250000e+02;1.9270867e-01;3.4250000e+02;2.2419961e-01;3.4250000e+02;2.0968620e-01;3.4250000e+02;2.0649365e-01;3.4250000e+02;1.4874402e-01;3.4250000e+02;8.5473955e-02;3.4250000e+02;3.0680403e-02;3.4250000e+02;-1.7026909e-02;3.4250000e+02;-6.1340265e-02;3.4250000e+02;-1.0487905e-01;3.4250000e+02;-1.4662945e-01;3.4250000e+02;-1.8941936e-01;3.4250000e+02;-8.8272884e-02;3.4250000e+02;-7.5009748e-02;3.4250000e+02;-4.1414294e-02;3.4250000e+02;1.3350850e-02;3.4250000e+02;6.9905907e-02;3.4250000e+02;1.2904471e-01;3.4250000e+02;1.9270867e-01;3.4250000e+02;2.2419961e-01;3.4250000e+02;2.0968620e-01;3.4250000e+02;2.0649365e-01;3.4250000e+02;1.4874402e-01;3.4250000e+02;8.5473955e-02;3.4250000e+02;3.0680403e-02;3.4250000e+02;-1.7026909e-02;3.4250000e+02;-6.1340265e-02;3.4250000e+02;-1.0487905e-01;3.4250000e+02;-1.4662945e-01;3.4250000e+02;-1.8941936e-01;3.4250000e+02;-8.8272884e-02;3.4250000e+02;-7.5009748e-02;3.4250000e+02;-4.1414294e-02;3.4250000e+02;1.3350850e-02;3.4250000e+02;6.9905907e-02;3.4250000e+02;1.2904471e-01;3.4250000e+02;1.9270867e-01;3.4250000e+02;2.2419961e-01;3.4250000e+02;2.0968620e-01;3.4250000e+02;2.0649365e-01;3.4250000e+02;1.4874402e-01;3.4250000e+02;8.5473955e-02;3.4250000e+02;3.0680403e-02;3.4250000e+02;-1.7026909e-02;3.4250000e+02;-6.1340265e-02;3.4250000e+02;-1.0487905e-01;3.4250000e+02;-1.4662945e-01;3.4250000e+02;-1.8941936e-01;3.4250000e+02;-8.8272884e-02;3.4250000e+02;-7.5009748e-02;3.4250000e+02;-4.1414294e-02;3.4250000e+02;1.3350850e-02;3.4250000e+02;6.9905907e-02;3.4250000e+02;1.2904471e-01;3.4250000e+02;1.9270867e-01;3.4250000e+02;2.2419961e-01;3.4250000e+02;2.0968620e-01;3.4250000e+02;2.0649365e-01;3.4250000e+02;1.4874402e-01;3.4250000e+02;8.5473955e-02;3.4250000e+02;3.0680403e-02;3.4250000e+02;-1.7026909e-02;3.4250000e+02;-6.1340265e-02;3.4250000e+02;-1.0487905e-01;3.4250000e+02;-1.4662945e-01;3.4250000e+02;-1.8941936e-01;3.4250000e+02;-8.8272884e-02;3.4250000e+02;-7.5009748e-02;3.4250000e+02;-4.1414294e-02;3.4250000e+02;1.3350850e-02;3.4250000e+02;6.9905907e-02;3.4250000e+02;1.2904471e-01;3.4250000e+02;1.9270867e-01;3.4250000e+02;2.2419961e-01;3.4250000e+02;2.0968620e-01;3.4250000e+02;2.0649365e-01;3.4250000e+02;1.4874402e-01;3.4250000e+02;8.5473955e-02;3.4250000e+02;3.0680403e-02;3.4250000e+02;-1.7026909e-02;3.4250000e+02;-6.1340265e-02;3.4250000e+02;-1.0487905e-01;3.4250000e+02;-1.4662945e-01;3.4250000e+02;-1.8941936e-01;3.4250000e+02;-8.8272884e-02;3.4250000e+02;-7.5009748e-02;3.4250000e+02;-4.1414294e-02;3.4250000e+02;1.3350850e-02;3.4250000e+02;6.9905907e-02;3.4250000e+02;1.2904471e-01;3.4250000e+02;1.9270867e-01;3.4250000e+02;2.2419961e-01;3.4250000e+02;2.0968620e-01;3.4250000e+02;2.0649365e-01;3.4250000e+02;1.4874402e-01;3.4250000e+02;8.5473955e-02;3.4250000e+02;3.0680403e-02;3.4250000e+02;-1.7026909e-02;3.4250000e+02;-6.1340265e-02;3.4250000e+02;-1.0487905e-01;3.4250000e+02;-1.4662945e-01;3.4250000e+02;-1.8941936e-01;3.4250000e+02;-8.8272884e-02;3.4250000e+02;-7.5009748e-02;3.4250000e+02;-4.1414294e-02;3.4250000e+02;1.3350850e-02;3.4250000e+02;6.9905907e-02;3.4250000e+02;1.2904471e-01;3.4250000e+02;1.9270867e-01;3.4250000e+02;2.2419961e-01;3.4250000e+02;2.0968620e-01;3.4250000e+02;2.0649365e-01;3.4250000e+02;1.4874402e-01;3.4250000e+02;8.5473955e-02;3.4250000e+02;3.0680403e-02;3.4250000e+02;-1.7026909e-02;3.4250000e+02;-6.1340265e-02;3.4250000e+02;-1.0487905e-01;3.4250000e+02;-1.4662945e-01;3.4250000e+02;-1.8941936e-01;3.4250000e+02;-8.8272884e-02;3.4250000e+02;-7.5009748e-02;3.4250000e+02;-4.1414294e-02;3.4250000e+02;1.3350850e-02;3.4250000e+02;6.9905907e-02;3.4250000e+02;1.2904471e-01;3.4250000e+02;1.9270867e-01;3.4250000e+02;2.2419961e-01;3.4250000e+02;2.0968620e-01;3.4250000e+02;2.0649365e-01;3.4250000e+02;1.4874402e-01;3.4250000e+02;8.5473955e-02;3.4250000e+02;3.0680403e-02;3.4250000e+02;-1.7026909e-02;3.4250000e+02;-6.1340265e-02;3.4250000e+02;-1.0487905e-01;3.4250000e+02;-1.4662945e-01;3.4250000e+02;-1.8941936e-01;3.4250000e+02;-8.8272884e-02;3.4250000e+02;-7.5009748e-02;3.4250000e+02;-4.1414294e-02;3.4250000e+02;1.3350850e-02;3.4250000e+02;6.9905907e-02;3.4250000e+02;1.2904471e-01;3.4250000e+02;1.9270867e-01;3.4250000e+02;2.2419961e-01;3.4250000e+02;2.0968620e-01;3.4250000e+02;2.0649365e-01;3.4250000e+02;1.4874402e-01;3.4250000e+02;8.5473955e-02;3.4250000e+02;3.0680403e-02;3.4250000e+02;-1.7026909e-02;3.4250000e+02;-6.1340265e-02;3.4250000e+02;-1.0487905e-01;3.4250000e+02;-1.4662945e-01;3.4250000e+02;-1.8941936e-01;3.4250000e+02;-8.8272884e-02;3.4250000e+02;-7.5009748e-02;3.4250000e+02;-4.1414294e-02;3.4250000e+02;1.3350850e-02;3.4250000e+02;6.9905907e-02;3.4250000e+02;1.2904471e-01;3.4250000e+02;1.9270867e-01;3.4250000e+02;2.2419961e-01;3.4250000e+02;2.0968620e-01;3.4250000e+02;2.0649365e-01;3.4250000e+02;1.4874402e-01;3.4250000e+02;8.5473955e-02;3.4250000e+02;3.0680403e-02;3.4250000e+02;-1.7026909e-02;3.4250000e+02;-6.1340265e-02;3.4250000e+02;-1.0487905e-01;3.4250000e+02;-1.4662945e-01;3.4250000e+02;-1.8941936e-01;3.4250000e+02;-8.8272884e-02;3.4250000e+02;-7.5009748e-02;3.4250000e+02;-4.1414294e-02;3.4250000e+02;1.3350850e-02;3.4250000e+02;6.9905907e-02;3.4250000e+02;1.2904471e-01;3.4250000e+02;1.9270867e-01;3.4250000e+02;2.2419961e-01;3.4250000e+02;2.0968620e-01;3.4250000e+02;2.0649365e-01;3.4250000e+02;1.4874402e-01;3.4250000e+02;8.5473955e-02;3.4250000e+02;3.0680403e-02;3.4250000e+02;-1.7026909e-02;3.4250000e+02;-6.1340265e-02;3.4250000e+02;-1.0487905e-01;3.4250000e+02;-1.4662945e-01;3.4250000e+02;-1.8941936e-01;3.4250000e+02;-8.8272884e-02;3.4250000e+02;-7.5009748e-02;3.4250000e+02;-4.1414294e-02;3.4250000e+02;1.3350850e-02;3.4250000e+02;6.9905907e-02;3.4250000e+02;1.2904471e-01;3.4250000e+02;1.9270867e-01;3.4250000e+02;2.2419961e-01;3.4250000e+02;2.0968620e-01;3.4250000e+02;2.0649365e-01;3.4250000e+02;1.4874402e-01;3.4250000e+02;8.5473955e-02;3.4250000e+02;3.0680403e-02;3.4250000e+02;-1.7026909e-02;3.4250000e+02;-6.1340265e-02;3.4250000e+02;-1.0487905e-01;3.4250000e+02;-1.4662945e-01;3.4250000e+02;-1.8941936e-01;3.4250000e+02;-8.8272884e-02;3.4250000e+02;-7.5009748e-02;3.4250000e+02;-4.1414294e-02;3.4250000e+02;1.3350850e-02;3.4250000e+02;6.9905907e-02;3.4250000e+02;1.2904471e-01;3.4250000e+02;1.9270867e-01;3.4250000e+02;2.2419961e-01;3.4250000e+02;2.0968620e-01;3.4250000e+02;2.0649365e-01;3.4250000e+02;1.4874402e-01;3.4250000e+02;8.5473955e-02;3.4250000e+02;3.0680403e-02;3.4250000e+02;-1.7026909e-02;3.4250000e+02;-6.1340265e-02;3.4250000e+02;-1.0487905e-01;3.4250000e+02;-1.4662945e-01;3.4250000e+02;-1.8941936e-01;3.4250000e+02;-8.8272884e-02;3.4250000e+02;-7.5009748e-02;3.4250000e+02;-4.1414294e-02;3.4250000e+02;1.3350850e-02;3.4250000e+02;6.9905907e-02;3.4250000e+02;1.2904471e-01;3.4250000e+02;1.9270867e-01;3.4250000e+02;2.2419961e-01;3.4250000e+02;2.0968620e-01;3.4250000e+02;2.0649365e-01;3.4250000e+02;1.4874402e-01;3.4250000e+02;8.5473955e-02;3.4250000e+02;3.0680403e-02;3.4250000e+02;-1.7026909e-02;3.4250000e+02;-6.1340265e-02;3.4250000e+02;-1.0487905e-01;3.4250000e+02;-1.4662945e-01;3.4250000e+02;-1.8941936e-01;3.4250000e+02;-8.8272884e-02;3.4250000e+02;-7.5009748e-02;3.4250000e+02;-4.1414294e-02;3.4250000e+02;1.3350850e-02;3.4250000e+02;6.9905907e-02;3.4250000e+02;1.2904471e-01;3.4250000e+02;1.9270867e-01;3.4250000e+02;2.2419961e-01;3.4250000e+02;2.0968620e-01;3.4250000e+02;2.0649365e-01;3.4250000e+02;1.4874402e-01;3.4250000e+02;8.5473955e-02;3.4250000e+02;3.0680403e-02;3.4250000e+02;-1.7026909e-02;3.4250000e+02;-6.1340265e-02;3.4250000e+02;-1.0487905e-01;3.4250000e+02;-1.4662945e-01;3.4250000e+02;-1.8941936e-01;3.4250000e+02;-8.8272884e-02;3.4250000e+02;-7.5009748e-02;3.4250000e+02;-4.1414294e-02;3.4250000e+02;1.3350850e-02;3.4250000e+02;6.9905907e-02;3.4250000e+02;1.2904471e-01;3.4250000e+02;1.9270867e-01;3.4250000e+02;2.2419961e-01;3.4250000e+02;2.0968620e-01;3.4250000e+02;2.0649365e-01;3.4250000e+02;1.4874402e-01;3.4250000e+02;8.5473955e-02;3.4250000e+02;3.0680403e-02;3.4250000e+02;-1.7026909e-02;3.4250000e+02;-6.1340265e-02;3.4250000e+02;-1.0487905e-01;3.4250000e+02;-1.4662945e-01;3.4250000e+02;-1.8941936e-01;3.4250000e+02;-8.8272884e-02;3.4250000e+02;-7.5009748e-02;3.4250000e+02;-4.1414294e-02;3.4250000e+02;1.3350850e-02;3.4250000e+02;6.9905907e-02;3.4250000e+02;1.2904471e-01;3.4250000e+02;1.9270867e-01;3.4250000e+02;2.2419961e-01;3.4250000e+02;2.0968620e-01;3.4250000e+02;2.0649365e-01;3.4250000e+02;1.4874402e-01;3.4250000e+02;8.5473955e-02;3.4250000e+02;3.0680403e-02;3.4250000e+02;-1.7026909e-02;3.4250000e+02;-6.1340265e-02;3.4250000e+02;-1.0487905e-01;3.4250000e+02;-1.4662945e-01;3.4250000e+02;-1.8941936e-01;3.4250000e+02;-8.8272884e-02;3.4250000e+02;-7.5009748e-02;3.4250000e+02;-4.1414294e-02;3.4250000e+02;1.3350850e-02;3.4250000e+02;6.9905907e-02;3.4250000e+02;1.2904471e-01;3.4250000e+02;1.9270867e-01;3.4250000e+02;2.2419961e-01;3.4250000e+02;2.0968620e-01;3.4250000e+02;2.0649365e-01;3.4250000e+02;1.4874402e-01;3.4250000e+02;8.5473955e-02;3.4250000e+02;3.0680403e-02;3.4250000e+02;-1.7026909e-02;3.4250000e+02;-6.1340265e-02;3.4250000e+02;-1.0487905e-01;3.4250000e+02;-1.4662945e-01;3.4250000e+02;-1.8941936e-01;3.4250000e+02;-8.8272884e-02;3.4250000e+02;-7.5009748e-02;3.4250000e+02;-4.1414294e-02;3.4250000e+02;1.3350850e-02;3.4250000e+02;6.9905907e-02;3.4250000e+02;1.2904471e-01;3.4250000e+02;1.9270867e-01;3.4250000e+02;2.2419961e-01;3.4250000e+02;2.0968620e-01;3.4250000e+02;2.0649365e-01;3.4250000e+02;1.4874402e-01;3.4250000e+02;8.5473955e-02;3.4250000e+02;3.0680403e-02;3.4250000e+02;-1.7026909e-02;3.4250000e+02;-6.1340265e-02;3.4250000e+02;-1.0487905e-01;3.4250000e+02;-1.4662945e-01;3.4250000e+02;-1.8941936e-01;3.4250000e+02;-8.8272884e-02;3.4250000e+02;-7.5009748e-02;3.4250000e+02;-4.1414294e-02;3.4250000e+02;1.3350850e-02;3.4250000e+02;6.9905907e-02;3.4250000e+02;1.2904471e-01;3.4250000e+02;1.9270867e-01;3.4250000e+02;2.2419961e-01;3.4250000e+02;2.0968620e-01;3.4250000e+02;2.0649365e-01;3.4250000e+02;1.4874402e-01;3.4250000e+02;8.5473955e-02;3.4250000e+02;3.0680403e-02;3.4250000e+02;-1.7026909e-02;3.4250000e+02;-6.1340265e-02;3.4250000e+02;-1.0487905e-01;3.4250000e+02;-1.4662945e-01;3.4250000e+02;-1.8941936e-01;3.4250000e+02;-8.8272884e-02;3.4250000e+02;-7.5009748e-02;3.4250000e+02;-4.1414294e-02;3.4250000e+02;1.3350850e-02;3.4250000e+02;6.9905907e-02;3.4250000e+02;1.2904471e-01;3.4250000e+02;1.9270867e-01;3.4250000e+02;2.2419961e-01;3.4250000e+02;2.0968620e-01;3.4250000e+02;2.0649365e-01;3.4250000e+02;1.4874402e-01;3.4250000e+02;8.5473955e-02;3.4250000e+02;3.0680403e-02;3.4250000e+02;-1.7026909e-02;3.4250000e+02;-6.1340265e-02;3.4250000e+02;-1.0487905e-01;3.4250000e+02;-1.4662945e-01;3.4250000e+02;-1.8941936e-01;3.4250000e+02;-8.8272884e-02;3.4250000e+02;-7.5009748e-02;3.4250000e+02;-4.1414294e-02;3.4250000e+02;1.3350850e-02;3.4250000e+02;6.9905907e-02;3.4250000e+02;1.2904471e-01;3.4250000e+02;1.9270867e-01;3.4250000e+02;2.2419961e-01;3.4250000e+02;2.0968620e-01;3.4250000e+02;2.0649365e-01;3.4250000e+02;1.4874402e-01;3.4250000e+02;8.5473955e-02;3.4250000e+02;3.0680403e-02;3.4250000e+02;-1.7026909e-02;3.4250000e+02;-6.1340265e-02;3.4250000e+02;-1.0487905e-01;3.4250000e+02;-1.4662945e-01;3.4250000e+02;-1.8941936e-01;3.4250000e+02;-8.8272884e-02;3.4250000e+02;-7.5009748e-02;3.4250000e+02;-4.1414294e-02;3.4250000e+02;1.3350850e-02;3.4250000e+02;6.9905907e-02;3.4250000e+02;1.2904471e-01;3.4250000e+02;1.9270867e-01;3.4250000e+02;2.2419961e-01;3.4250000e+02;2.0968620e-01;3.4250000e+02;2.0649365e-01;3.4250000e+02;1.4874402e-01;3.4250000e+02;8.5473955e-02;3.4250000e+02;3.0680403e-02;3.4250000e+02;-1.7026909e-02;3.4250000e+02;-6.1340265e-02;3.4250000e+02;-1.0487905e-01;3.4250000e+02;-1.4662945e-01;3.4250000e+02;-1.8941936e-01;3.4250000e+02;-8.8272884e-02;3.4250000e+02;-7.5009748e-02;3.4250000e+02;-4.1414294e-02;3.4250000e+02;1.3350850e-02;3.4250000e+02;6.9905907e-02;3.4250000e+02;1.2904471e-01;3.4250000e+02;1.9270867e-01;3.4250000e+02;2.2419961e-01;3.4250000e+02;2.0968620e-01;3.4250000e+02;2.0649365e-01;3.4250000e+02;1.4874402e-01;3.4250000e+02;8.5473955e-02;3.4250000e+02;3.0680403e-02;3.4250000e+02;-1.7026909e-02;3.4250000e+02;-6.1340265e-02;3.4250000e+02;-1.0487905e-01;3.4250000e+02;-1.4662945e-01;3.4250000e+02;-1.8941936e-01;3.4250000e+02;-8.8272884e-02;3.4250000e+02;-7.5009748e-02;3.4250000e+02;-4.1414294e-02;3.4250000e+02;1.3350850e-02;3.4250000e+02;6.9905907e-02;3.4250000e+02;1.2904471e-01;3.4250000e+02;1.9270867e-01;3.4250000e+02;2.2419961e-01;3.4250000e+02;2.0968620e-01;3.4250000e+02;2.0649365e-01;3.4250000e+02;1.4874402e-01;3.4250000e+02;8.5473955e-02;3.4250000e+02;3.0680403e-02;3.4250000e+02;-1.7026909e-02;3.4250000e+02;-6.1340265e-02;3.4250000e+02;-1.0487905e-01;3.4250000e+02;-1.4662945e-01;3.4250000e+02;-1.8941936e-01;3.4250000e+02;-8.8272884e-02;3.4250000e+02;-7.5009748e-02;3.4250000e+02;-4.1414294e-02;3.4250000e+02;1.3350850e-02;3.4250000e+02;6.9905907e-02;3.4250000e+02;1.2904471e-01;3.4250000e+02;1.9270867e-01;3.4250000e+02;2.2419961e-01;3.4250000e+02;2.0968620e-01;3.4250000e+02;2.0649365e-01;3.4250000e+02;1.4874402e-01;3.4250000e+02;8.5473955e-02;3.4250000e+02;3.0680403e-02;3.4250000e+02;-1.7026909e-02;3.4250000e+02;-6.1340265e-02;3.4250000e+02;-1.0487905e-01;3.4250000e+02;-1.4662945e-01;3.4250000e+02;-1.8941936e-01;3.4250000e+02;-8.8272884e-02;3.4250000e+02;-7.5009748e-02;3.4250000e+02;-4.1414294e-02;3.4250000e+02;1.3350850e-02;3.4250000e+02;6.9905907e-02;3.4250000e+02;1.2904471e-01;3.4250000e+02;1.9270867e-01;3.4250000e+02;2.2419961e-01;3.4250000e+02;2.0968620e-01;3.4250000e+02;2.0649365e-01;3.4250000e+02;1.4874402e-01;3.4250000e+02;8.5473955e-02;3.4250000e+02;3.0680403e-02;3.4250000e+02;-1.7026909e-02;3.4250000e+02;-6.1340265e-02;3.4250000e+02;-1.0487905e-01;3.4250000e+02;-1.4662945e-01;3.4250000e+02;-1.8941936e-01;3.4250000e+02;-8.8272884e-02;3.4250000e+02;-7.5009748e-02;3.4250000e+02;-4.1414294e-02;3.4250000e+02;1.3350850e-02;3.4250000e+02;6.9905907e-02;3.4250000e+02;1.2904471e-01;3.4250000e+02;1.9270867e-01;3.4250000e+02;2.2419961e-01;3.4250000e+02;2.0968620e-01;3.4250000e+02;2.0649365e-01;3.4250000e+02;1.4874402e-01;3.4250000e+02;8.5473955e-02;3.4250000e+02;3.0680403e-02;3.4250000e+02;-1.7026909e-02;3.4250000e+02;-6.1340265e-02;3.4250000e+02;-1.0487905e-01;3.4250000e+02;-1.4662945e-01;3.4250000e+02;-1.8941936e-01;3.4250000e+02;-8.8272884e-02;3.4250000e+02;-7.5009748e-02;3.4250000e+02;-4.1414294e-02;3.4250000e+02;1.3350850e-02;3.4250000e+02;6.9905907e-02;3.4250000e+02;1.2904471e-01;3.4250000e+02;1.9270867e-01;3.4250000e+02;2.2419961e-01;3.4250000e+02;2.0968620e-01;3.4250000e+02;2.0649365e-01;3.4250000e+02;1.4874402e-01;3.4250000e+02;8.5473955e-02;3.4250000e+02;3.0680403e-02;3.4250000e+02;-1.7026909e-02;3.4250000e+02;-6.1340265e-02;3.4250000e+02;-1.0487905e-01;3.4250000e+02;-1.4662945e-01;3.4250000e+02;-1.8941936e-01;3.4250000e+02;-8.8272884e-02;3.4250000e+02;-7.5009748e-02;3.4250000e+02;-4.1414294e-02;3.4250000e+02;1.3350850e-02;3.4250000e+02;6.9905907e-02;3.4250000e+02;1.2904471e-01;3.4250000e+02;1.9270867e-01;3.4250000e+02;2.2419961e-01;3.4250000e+02;2.0968620e-01;3.4250000e+02;2.0649365e-01;3.4250000e+02;1.4874402e-01;3.4250000e+02;8.5473955e-02;3.4250000e+02;3.0680403e-02;3.4250000e+02;-1.7026909e-02;3.4250000e+02;-6.1340265e-02;3.4250000e+02;-1.0487905e-01;3.4250000e+02;-1.4662945e-01;3.4250000e+02;-1.8941936e-01;3.4250000e+02;-8.8272884e-02;3.4250000e+02;-7.5009748e-02;3.4250000e+02;-4.1414294e-02;3.4250000e+02;1.3350850e-02;3.4250000e+02;6.9905907e-02;3.4250000e+02;1.2904471e-01;3.4250000e+02;1.9270867e-01;3.4250000e+02;2.2419961e-01;3.4250000e+02;2.0968620e-01;3.4250000e+02;2.0649365e-01;3.4250000e+02;1.4874402e-01;3.4250000e+02;8.5473955e-02;3.4250000e+02;3.0680403e-02;3.4250000e+02;-1.7026909e-02;3.4250000e+02;-6.1340265e-02;3.4250000e+02;-1.0487905e-01;3.4250000e+02;-1.4662945e-01;3.4250000e+02;-1.8941936e-01;3.4250000e+02;-8.8272884e-02;3.4250000e+02;-7.5009748e-02;3.4250000e+02;-4.1414294e-02;3.4250000e+02;1.3350850e-02;3.4250000e+02;6.9905907e-02;3.4250000e+02;1.2904471e-01;3.4250000e+02;1.9270867e-01;3.4250000e+02;2.2419961e-01;3.4250000e+02;2.0968620e-01;3.4250000e+02;2.0649365e-01;3.4250000e+02;1.4874402e-01;3.4250000e+02;8.5473955e-02;3.4250000e+02;3.0680403e-02;3.4250000e+02;-1.7026909e-02;3.4250000e+02;-6.1340265e-02;3.4250000e+02;-1.0487905e-01;3.4250000e+02;-1.4662945e-01;3.4250000e+02;-1.8941936e-01;3.4250000e+02;-8.8272884e-02;3.4250000e+02;-7.5009748e-02;3.4250000e+02;-4.1414294e-02;3.4250000e+02;1.3350850e-02;3.4250000e+02;6.9905907e-02;3.4250000e+02;1.2904471e-01;3.4250000e+02;1.9270867e-01;3.4250000e+02;2.2419961e-01;3.4250000e+02;2.0968620e-01;3.4250000e+02;2.0649365e-01;3.4250000e+02;1.4874402e-01;3.4250000e+02;8.5473955e-02;3.4250000e+02;3.0680403e-02;3.4250000e+02;-1.7026909e-02;3.4250000e+02;-6.1340265e-02;3.4250000e+02;-1.0487905e-01;3.4250000e+02;-1.4662945e-01;3.4250000e+02;-1.8941936e-01;3.4250000e+02;-8.8272884e-02;3.4250000e+02;-7.5009748e-02;3.4250000e+02;-4.1414294e-02;3.4250000e+02;1.3350850e-02;3.4250000e+02;6.9905907e-02;3.4250000e+02;1.2904471e-01;3.4250000e+02;1.9270867e-01;3.4250000e+02;2.2419961e-01;3.4250000e+02;2.0968620e-01;3.4250000e+02;2.0649365e-01;3.4250000e+02;1.4874402e-01;3.4250000e+02;8.5473955e-02;3.4250000e+02;3.0680403e-02;3.4250000e+02;-1.7026909e-02;3.4250000e+02;-6.1340265e-02;3.4250000e+02;-1.0487905e-01;3.4250000e+02;-1.4662945e-01;3.4250000e+02;-1.8941936e-01;3.4250000e+02;-8.8272884e-02;3.4250000e+02;-7.5009748e-02;3.4250000e+02;-4.1414294e-02;3.4250000e+02;1.3350850e-02;3.4250000e+02;6.9905907e-02;3.4250000e+02;1.2904471e-01;3.4250000e+02;1.9270867e-01;3.4250000e+02;2.2419961e-01;3.4250000e+02;2.0968620e-01;3.4250000e+02;2.0649365e-01;3.4250000e+02;1.4874402e-01;3.4250000e+02;8.5473955e-02;3.4250000e+02;3.0680403e-02;3.4250000e+02;-1.7026909e-02;3.4250000e+02;-6.1340265e-02;3.4250000e+02;-1.0487905e-01;3.4250000e+02;-1.4662945e-01;3.4250000e+02;-1.8941936e-01;3.4250000e+02;-8.8272884e-02;3.4250000e+02;-7.5009748e-02;3.4250000e+02;-4.1414294e-02;3.4250000e+02;1.3350850e-02;3.4250000e+02;6.9905907e-02;3.4250000e+02;1.2904471e-01;3.4250000e+02;1.9270867e-01;3.4250000e+02;2.2419961e-01;3.4250000e+02;2.0968620e-01;3.4250000e+02;2.0649365e-01;3.4250000e+02;1.4874402e-01;3.4250000e+02;8.5473955e-02;3.4250000e+02;3.0680403e-02;3.4250000e+02;-1.7026909e-02;3.4250000e+02;-6.1340265e-02;3.4250000e+02;-1.0487905e-01;3.4250000e+02;-1.4662945e-01;3.4250000e+02;-1.8941936e-01;3.4250000e+02;-8.8272884e-02;3.4250000e+02;-7.5009748e-02;3.4250000e+02;-4.1414294e-02;3.4250000e+02;1.3350850e-02;3.4250000e+02;6.9905907e-02;3.4250000e+02;1.2904471e-01;3.4250000e+02;1.9270867e-01;3.4250000e+02;2.2419961e-01;3.4250000e+02;2.0968620e-01;3.4250000e+02;2.0649365e-01;3.4250000e+02;1.4874402e-01;3.4250000e+02;8.5473955e-02;3.4250000e+02;3.0680403e-02;3.4250000e+02;-1.7026909e-02;3.4250000e+02;-6.1340265e-02;3.4250000e+02;-1.0487905e-01;3.4250000e+02;-1.4662945e-01;3.4250000e+02;-1.8941936e-01;3.4250000e+02;-8.8272884e-02;3.4250000e+02;-7.5009748e-02;3.4250000e+02;-4.1414294e-02;3.4250000e+02;1.3350850e-02;3.4250000e+02;6.9905907e-02;3.4250000e+02;1.2904471e-01;3.4250000e+02;1.9270867e-01;3.4250000e+02;2.2419961e-01;3.4250000e+02;2.0968620e-01;3.4250000e+02;2.0649365e-01;3.4250000e+02;1.4874402e-01;3.4250000e+02;8.5473955e-02;3.4250000e+02;3.0680403e-02;3.4250000e+02;-1.7026909e-02;3.4250000e+02;-6.1340265e-02;3.4250000e+02;-1.0487905e-01;3.4250000e+02;-1.4662945e-01;3.4250000e+02;-1.8941936e-01;3.4250000e+02;-8.8272884e-02;3.4250000e+02;-7.5009748e-02;3.4250000e+02;-4.1414294e-02;3.4250000e+02;1.3350850e-02;3.4250000e+02;6.9905907e-02;3.4250000e+02;1.2904471e-01;3.4250000e+02;1.9270867e-01;3.4250000e+02;2.2419961e-01;3.4250000e+02;2.0968620e-01;3.4250000e+02;2.0649365e-01;3.4250000e+02;1.4874402e-01;3.4250000e+02;8.5473955e-02;3.4250000e+02;3.0680403e-02;3.4250000e+02;-1.7026909e-02;3.4250000e+02;-6.1340265e-02;3.4250000e+02;-1.0487905e-01;3.4250000e+02;-1.4662945e-01;3.4250000e+02;-1.8941936e-01;3.4250000e+02;-8.8272884e-02;3.4250000e+02;-7.5009748e-02;3.4250000e+02;-4.1414294e-02;3.4250000e+02;1.3350850e-02;3.4250000e+02;6.9905907e-02;3.4250000e+02;1.2904471e-01;3.4250000e+02;1.9270867e-01;3.4250000e+02;2.2419961e-01;3.4250000e+02;2.0968620e-01;3.4250000e+02;2.0649365e-01;3.4250000e+02;1.4874402e-01;3.4250000e+02;8.5473955e-02;3.4250000e+02;3.0680403e-02;3.4250000e+02;-1.7026909e-02;3.4250000e+02;-6.1340265e-02;3.4250000e+02;-1.0487905e-01;3.4250000e+02;-1.4662945e-01;3.4250000e+02;-1.8941936e-01;3.4250000e+02;-8.8272884e-02;3.4250000e+02;-7.5009748e-02;3.4250000e+02;-4.1414294e-02;3.4250000e+02;1.3350850e-02;3.4250000e+02;6.9905907e-02;3.4250000e+02;1.2904471e-01;3.4250000e+02;1.9270867e-01;3.4250000e+02;2.2419961e-01;3.4250000e+02;2.0968620e-01;3.4250000e+02;2.0649365e-01;3.4250000e+02;1.4874402e-01;3.4250000e+02;8.5473955e-02;3.4250000e+02;3.0680403e-02;3.4250000e+02;-1.7026909e-02;3.4250000e+02;-6.1340265e-02;3.4250000e+02;-1.0487905e-01;3.4250000e+02;-1.4662945e-01;3.4250000e+02;-1.8941936e-01;3.4250000e+02;-8.8272884e-02;3.4250000e+02;-7.5009748e-02;3.4250000e+02;-4.1414294e-02;3.4250000e+02;1.3350850e-02;3.4250000e+02;6.9905907e-02;3.4250000e+02;1.2904471e-01;3.4250000e+02;1.9270867e-01;3.4250000e+02;2.2419961e-01;3.4250000e+02;2.0968620e-01;3.4250000e+02;2.0649365e-01;3.4250000e+02;1.4874402e-01;3.4250000e+02;8.5473955e-02;3.4250000e+02;3.0680403e-02;3.4250000e+02;-1.7026909e-02;3.4250000e+02;-6.1340265e-02;3.4250000e+02;-1.0487905e-01;3.4250000e+02;-1.4662945e-01;3.4250000e+02;-1.8941936e-01;3.4250000e+02;-8.8272884e-02;3.4250000e+02;-7.5009748e-02;3.4250000e+02;-4.1414294e-02;3.4250000e+02;1.3350850e-02;3.4250000e+02;6.9905907e-02;3.4250000e+02;1.2904471e-01;3.4250000e+02;1.9270867e-01;3.4250000e+02;2.2419961e-01;3.4250000e+02;2.0968620e-01;3.4250000e+02;2.0649365e-01;3.4250000e+02;1.4874402e-01;3.4250000e+02;8.5473955e-02;3.4250000e+02;3.0680403e-02;3.4250000e+02;-1.7026909e-02;3.4250000e+02;-6.1340265e-02;3.4250000e+02;-1.0487905e-01;3.4250000e+02;-1.4662945e-01;3.4250000e+02;-1.8941936e-01;3.4250000e+02;-8.8272884e-02;3.4250000e+02;-7.5009748e-02;3.4250000e+02;-4.1414294e-02;3.4250000e+02;1.3350850e-02;3.4250000e+02;6.9905907e-02;3.4250000e+02;1.2904471e-01;3.4250000e+02;1.9270867e-01;3.4250000e+02;2.2419961e-01;3.4250000e+02;2.0968620e-01;3.4250000e+02;2.0649365e-01;3.4250000e+02;1.4874402e-01;3.4250000e+02;8.5473955e-02;3.4250000e+02;3.0680403e-02;3.4250000e+02;-1.7026909e-02;3.4250000e+02;-6.1340265e-02;3.4250000e+02;-1.0487905e-01;3.4250000e+02;-1.4662945e-01;3.4250000e+02;-1.8941936e-01;3.4250000e+02;-8.8272884e-02;3.4250000e+02;-7.5009748e-02;3.4250000e+02;-4.1414294e-02;3.4250000e+02;1.3350850e-02;3.4250000e+02;6.9905907e-02;3.4250000e+02;1.2904471e-01;3.4250000e+02;1.9270867e-01;3.4250000e+02;2.2419961e-01;3.4250000e+02;2.0968620e-01;3.4250000e+02;2.0649365e-01;3.4250000e+02;1.4874402e-01;3.4250000e+02;8.5473955e-02;3.4250000e+02;3.0680403e-02;3.4250000e+02;-1.7026909e-02;3.4250000e+02;-6.1340265e-02;3.4250000e+02;-1.0487905e-01;3.4250000e+02;-1.4662945e-01;3.4250000e+02;-1.8941936e-01;3.4250000e+02;-8.8272884e-02;3.4250000e+02;-7.5009748e-02;3.4250000e+02;-4.1414294e-02;3.4250000e+02;1.3350850e-02;3.4250000e+02;6.9905907e-02;3.4250000e+02;1.2904471e-01;3.4250000e+02;1.9270867e-01;3.4250000e+02;2.2419961e-01;3.4250000e+02;2.0968620e-01;3.4250000e+02;2.0649365e-01;3.4250000e+02;1.4874402e-01;3.4250000e+02;8.5473955e-02;3.4250000e+02;3.0680403e-02;3.4250000e+02;-1.7026909e-02;3.4250000e+02;-6.1340265e-02;3.4250000e+02;-1.0487905e-01;3.4250000e+02;-1.4662945e-01;3.4250000e+02;-1.8941936e-01;3.4250000e+02;-8.8272884e-02;3.4250000e+02;-7.5009748e-02;3.4250000e+02;-4.1414294e-02;3.4250000e+02;1.3350850e-02;3.4250000e+02;6.9905907e-02;3.4250000e+02;1.2904471e-01;3.4250000e+02;1.9270867e-01;3.4250000e+02;2.2419961e-01;3.4250000e+02;2.0968620e-01;3.4250000e+02;2.0649365e-01;3.4250000e+02;1.4874402e-01;3.4250000e+02;8.5473955e-02;3.4250000e+02;3.0680403e-02;3.4250000e+02;-1.7026909e-02;3.4250000e+02;-6.1340265e-02;3.4250000e+02;-1.0487905e-01;3.4250000e+02;-1.4662945e-01;3.4250000e+02;-1.8941936e-01;3.4250000e+02;-8.8272884e-02;3.4250000e+02;-7.5009748e-02;3.4250000e+02;-4.1414294e-02;3.4250000e+02;1.3350850e-02;3.4250000e+02;6.9905907e-02;3.4250000e+02;1.2904471e-01;3.4250000e+02;1.9270867e-01;3.4250000e+02;2.2419961e-01;3.4250000e+02;2.0968620e-01;3.4250000e+02;2.0649365e-01;3.4250000e+02;1.4874402e-01;3.4250000e+02;8.5473955e-02;3.4250000e+02;3.0680403e-02;3.4250000e+02;-1.7026909e-02;3.4250000e+02;-6.1340265e-02;3.4250000e+02;-1.0487905e-01;3.4250000e+02;-1.4662945e-01;3.4250000e+02;-1.8941936e-01;3.4250000e+02;-8.8272884e-02;3.4250000e+02;-7.5009748e-02;3.4250000e+02;-4.1414294e-02;3.4250000e+02;1.3350850e-02;3.4250000e+02;6.9905907e-02;3.4250000e+02;1.2904471e-01;3.4250000e+02;1.9270867e-01;3.4250000e+02;2.2419961e-01;3.4250000e+02;2.0968620e-01;3.4250000e+02;2.0649365e-01;3.4250000e+02;1.4874402e-01;3.4250000e+02;8.5473955e-02;3.4250000e+02;3.0680403e-02;3.4250000e+02;-1.7026909e-02;3.4250000e+02;-6.1340265e-02;3.4250000e+02;-1.0487905e-01;3.4250000e+02;-1.4662945e-01;3.4250000e+02;-1.8941936e-01;3.4250000e+02;-8.8272884e-02;3.4250000e+02;-7.5009748e-02;3.4250000e+02;-4.1414294e-02;3.4250000e+02;1.3350850e-02;3.4250000e+02;6.9905907e-02;3.4250000e+02;1.2904471e-01;3.4250000e+02;1.9270867e-01;3.4250000e+02;2.2419961e-01;3.4250000e+02;2.0968620e-01;3.4250000e+02;2.0649365e-01;3.4250000e+02;1.4874402e-01;3.4250000e+02;8.5473955e-02;3.4250000e+02;3.0680403e-02;3.4250000e+02;-1.7026909e-02;3.4250000e+02;-6.1340265e-02;3.4250000e+02;-1.0487905e-01;3.4250000e+02;-1.4662945e-01;3.4250000e+02;-1.8941936e-01;3.4250000e+02;-8.8272884e-02;3.4250000e+02;-7.5009748e-02;3.4250000e+02;-4.1414294e-02;3.4250000e+02;1.3350850e-02;3.4250000e+02;6.9905907e-02;3.4250000e+02;1.2904471e-01;3.4250000e+02;1.9270867e-01;3.4250000e+02;2.2419961e-01;3.4250000e+02;2.0968620e-01;3.4250000e+02;2.0649365e-01;3.4250000e+02;1.4874402e-01;3.4250000e+02;8.5473955e-02;3.4250000e+02;3.0680403e-02;3.4250000e+02;-1.7026909e-02;3.4250000e+02;-6.1340265e-02;3.4250000e+02;-1.0487905e-01;3.4250000e+02;-1.4662945e-01;3.4250000e+02;-1.8941936e-01;3.4250000e+02;-8.8272884e-02;3.4250000e+02;-7.5009748e-02;3.4250000e+02;-4.1414294e-02;3.4250000e+02;1.3350850e-02;3.4250000e+02;6.9905907e-02;3.4250000e+02;1.2904471e-01;3.4250000e+02;1.9270867e-01;3.4250000e+02;2.2419961e-01;3.4250000e+02;2.0968620e-01;3.4250000e+02;2.0649365e-01;3.4250000e+02;1.4874402e-01;3.4250000e+02;8.5473955e-02;3.4250000e+02;3.0680403e-02;3.4250000e+02;-1.7026909e-02;3.4250000e+02;-6.1340265e-02;3.4250000e+02;-1.0487905e-01;3.4250000e+02;-1.4662945e-01;3.4250000e+02;-1.8941936e-01;3.4250000e+02;-8.8272884e-02;3.4250000e+02;-7.5009748e-02;3.4250000e+02;-4.1414294e-02;3.4250000e+02;1.3350850e-02;3.4250000e+02;6.9905907e-02;3.4250000e+02;1.2904471e-01;3.4250000e+02;1.9270867e-01;3.4250000e+02;2.2419961e-01;3.4250000e+02;2.0968620e-01;3.4250000e+02;2.0649365e-01;3.4250000e+02;1.4874402e-01;3.4250000e+02;8.5473955e-02;3.4250000e+02;3.0680403e-02;3.4250000e+02;-1.7026909e-02;3.4250000e+02;-6.1340265e-02;3.4250000e+02;-1.0487905e-01;3.4250000e+02;-1.4662945e-01;3.4250000e+02;-1.8941936e-01;3.4250000e+02;-8.8272884e-02;3.4250000e+02;-7.5009748e-02;3.4250000e+02;-4.1414294e-02;3.4250000e+02;1.3350850e-02;3.4250000e+02;6.9905907e-02;3.4250000e+02;1.2904471e-01;3.4250000e+02;1.9270867e-01;3.4250000e+02;2.2419961e-01;3.4250000e+02;2.0968620e-01;3.4250000e+02;2.0649365e-01;3.4250000e+02;1.4874402e-01;3.4250000e+02;8.5473955e-02;3.4250000e+02;3.0680403e-02;3.4250000e+02;-1.7026909e-02;3.4250000e+02;-6.1340265e-02;3.4250000e+02;-1.0487905e-01;3.4250000e+02;-1.4662945e-01;3.4250000e+02;-1.8941936e-01;3.4250000e+02;-8.8272884e-02;3.4250000e+02;-7.5009748e-02;3.4250000e+02;-4.1414294e-02;3.4250000e+02;1.3350850e-02;3.4250000e+02;6.9905907e-02;3.4250000e+02;1.2904471e-01;3.4250000e+02;1.9270867e-01;3.4250000e+02;2.2419961e-01;3.4250000e+02;2.0968620e-01;3.4250000e+02;2.0649365e-01;3.4250000e+02;1.4874402e-01;3.4250000e+02;8.5473955e-02;3.4250000e+02;3.0680403e-02;3.4250000e+02;-1.7026909e-02;3.4250000e+02;-6.1340265e-02;3.4250000e+02;-1.0487905e-01;3.4250000e+02;-1.4662945e-01;3.4250000e+02;-1.8941936e-01;3.4250000e+02;-8.8272884e-02;3.4250000e+02;-7.5009748e-02;3.4250000e+02;-4.1414294e-02;3.4250000e+02;1.3350850e-02;3.4250000e+02;6.9905907e-02;3.4250000e+02;1.2904471e-01;3.4250000e+02;1.9270867e-01;3.4250000e+02;2.2419961e-01;3.4250000e+02;2.0968620e-01;3.4250000e+02;2.0649365e-01;3.4250000e+02;1.4874402e-01;3.4250000e+02;8.5473955e-02;3.4250000e+02;3.0680403e-02;3.4250000e+02;-1.7026909e-02;3.4250000e+02;-6.1340265e-02;3.4250000e+02;-1.0487905e-01;3.4250000e+02;-1.4662945e-01;3.4250000e+02;-1.8941936e-01;3.4250000e+02;-8.8272884e-02;3.4250000e+02;-7.5009748e-02;3.4250000e+02;-4.1414294e-02;3.4250000e+02;1.3350850e-02;3.4250000e+02;6.9905907e-02;3.4250000e+02;1.2904471e-01;3.4250000e+02;1.9270867e-01;3.4250000e+02;2.2419961e-01;3.4250000e+02;2.0968620e-01;3.4250000e+02;2.0649365e-01;3.4250000e+02;1.4874402e-01;3.4250000e+02;8.5473955e-02;3.4250000e+02;3.0680403e-02;3.4250000e+02;-1.7026909e-02;3.4250000e+02;-6.1340265e-02;3.4250000e+02;-1.0487905e-01;3.4250000e+02;-1.4662945e-01;3.4250000e+02;-1.8941936e-01;3.4250000e+02;-8.8272884e-02;3.4250000e+02;-7.5009748e-02;3.4250000e+02;-4.1414294e-02;3.4250000e+02;1.3350850e-02;3.4250000e+02;6.9905907e-02;3.4250000e+02;1.2904471e-01;3.4250000e+02;1.9270867e-01;3.4250000e+02;2.2419961e-01;3.4250000e+02;2.0968620e-01;3.4250000e+02;2.0649365e-01;3.4250000e+02;1.4874402e-01;3.4250000e+02;8.5473955e-02;3.4250000e+02;3.0680403e-02;3.4250000e+02;-1.7026909e-02;3.4250000e+02;-6.1340265e-02;3.4250000e+02;-1.0487905e-01;3.4250000e+02;-1.4662945e-01;3.4250000e+02;-1.8941936e-01;3.4250000e+02;-8.8272884e-02;3.4250000e+02;-7.5009748e-02;3.4250000e+02;-4.1414294e-02;3.4250000e+02;1.3350850e-02;3.4250000e+02;6.9905907e-02;3.4250000e+02;1.2904471e-01;3.4250000e+02;1.9270867e-01;3.4250000e+02;2.2419961e-01;3.4250000e+02;2.0968620e-01;3.4250000e+02;2.0649365e-01;3.4250000e+02;1.4874402e-01;3.4250000e+02;8.5473955e-02;3.4250000e+02;3.0680403e-02;3.4250000e+02;-1.7026909e-02;3.4250000e+02;-6.1340265e-02;3.4250000e+02;-1.0487905e-01;3.4250000e+02;-1.4662945e-01;3.4250000e+02;-1.8941936e-01;3.4250000e+02;-8.8272884e-02;3.4250000e+02;-7.5009748e-02;3.4250000e+02;-4.1414294e-02;3.4250000e+02;1.3350850e-02;3.4250000e+02;6.9905907e-02;3.4250000e+02;1.2904471e-01;3.4250000e+02;1.9270867e-01;3.4250000e+02;2.2419961e-01;3.4250000e+02;2.0968620e-01;3.4250000e+02;2.0649365e-01;3.4250000e+02;1.4874402e-01;3.4250000e+02;8.5473955e-02;3.4250000e+02;3.0680403e-02;3.4250000e+02;-1.7026909e-02;3.4250000e+02;-6.1340265e-02;3.4250000e+02;-1.0487905e-01;3.4250000e+02;-1.4662945e-01;3.4250000e+02;-1.8941936e-01;3.4250000e+02;-8.8272884e-02;3.4250000e+02;-7.5009748e-02;3.4250000e+02;-4.1414294e-02;3.4250000e+02;1.3350850e-02;3.4250000e+02;6.9905907e-02;3.4250000e+02;1.2904471e-01;3.4250000e+02;1.9270867e-01;3.4250000e+02;2.2419961e-01;3.4250000e+02;2.0968620e-01;3.4250000e+02;2.0649365e-01;3.4250000e+02;1.4874402e-01;3.4250000e+02;8.5473955e-02;3.4250000e+02;3.0680403e-02;3.4250000e+02;-1.7026909e-02;3.4250000e+02;-6.1340265e-02;3.4250000e+02;-1.0487905e-01;3.4250000e+02;-1.4662945e-01;3.4250000e+02;-1.8941936e-01;3.4250000e+02;-8.8272884e-02;3.4250000e+02;-7.5009748e-02;3.4250000e+02;-4.1414294e-02;3.4250000e+02;1.3350850e-02;3.4250000e+02;6.9905907e-02;3.4250000e+02;1.2904471e-01;3.4250000e+02;1.9270867e-01;3.4250000e+02;2.2419961e-01;3.4250000e+02;2.0968620e-01;3.4250000e+02;2.0649365e-01;3.4250000e+02;1.4874402e-01;3.4250000e+02;8.5473955e-02;3.4250000e+02;3.0680403e-02;3.4250000e+02;-1.7026909e-02;3.4250000e+02;-6.1340265e-02;3.4250000e+02;-1.0487905e-01;3.4250000e+02;-1.4662945e-01;3.4250000e+02;-1.8941936e-01;3.4250000e+02;-8.8272884e-02;3.4250000e+02;-7.5009748e-02;3.4250000e+02;-4.1414294e-02;3.4250000e+02;1.3350850e-02;3.4250000e+02;6.9905907e-02;3.4250000e+02;1.2904471e-01;3.4250000e+02;1.9270867e-01;3.4250000e+02;2.2419961e-01;3.4250000e+02;2.0968620e-01;3.4250000e+02;2.0649365e-01;3.4250000e+02;1.4874402e-01;3.4250000e+02;8.5473955e-02;3.4250000e+02;3.0680403e-02;3.4250000e+02;-1.7026909e-02;3.4250000e+02;-6.1340265e-02;3.4250000e+02;-1.0487905e-01;3.4250000e+02;-1.4662945e-01;3.4250000e+02;-1.8941936e-01;3.4250000e+02;-8.8272884e-02;3.4250000e+02;-7.5009748e-02;3.4250000e+02;-4.1414294e-02;3.4250000e+02;1.3350850e-02;3.4250000e+02;6.9905907e-02;3.4250000e+02;1.2904471e-01;3.4250000e+02;1.9270867e-01;3.4250000e+02;2.2419961e-01;3.4250000e+02;2.0968620e-01;3.4250000e+02;2.0649365e-01;3.4250000e+02;1.4874402e-01;3.4250000e+02;8.5473955e-02;3.4250000e+02;3.0680403e-02;3.4250000e+02;-1.7026909e-02;3.4250000e+02;-6.1340265e-02;3.4250000e+02;-1.0487905e-01;3.4250000e+02;-1.4662945e-01;3.4250000e+02;-1.8941936e-01;3.4250000e+02;-8.8272884e-02;3.4250000e+02;-7.5009748e-02;3.4250000e+02;-4.1414294e-02;3.4250000e+02;1.3350850e-02;3.4250000e+02;6.9905907e-02;3.4250000e+02;1.2904471e-01;3.4250000e+02;1.9270867e-01;3.4250000e+02;2.2419961e-01;3.4250000e+02;2.0968620e-01;3.4250000e+02;2.0649365e-01;3.4250000e+02;1.4874402e-01;3.4250000e+02;8.5473955e-02;3.4250000e+02;3.0680403e-02;3.4250000e+02;-1.7026909e-02;3.4250000e+02;-6.1340265e-02;3.4250000e+02;-1.0487905e-01;3.4250000e+02;-1.4662945e-01;3.4250000e+02;-1.8941936e-01;3.4250000e+02;-8.8272884e-02;3.4250000e+02;-7.5009748e-02;3.4250000e+02;-4.1414294e-02;3.4250000e+02;1.3350850e-02;3.4250000e+02;6.9905907e-02;3.4250000e+02;1.2904471e-01;3.4250000e+02;1.9270867e-01;3.4250000e+02;2.2419961e-01;3.4250000e+02;2.0968620e-01;3.4250000e+02;2.0649365e-01;3.4250000e+02;1.4874402e-01;3.4250000e+02;8.5473955e-02;3.4250000e+02;3.0680403e-02;3.4250000e+02;-1.7026909e-02;3.4250000e+02;-6.1340265e-02;3.4250000e+02;-1.0487905e-01;3.4250000e+02;-1.4662945e-01;3.4250000e+02;-1.8941936e-01;3.4250000e+02;-8.8272884e-02;3.4250000e+02;-7.5009748e-02;3.4250000e+02;-4.1414294e-02;3.4250000e+02;1.3350850e-02;3.4250000e+02;6.9905907e-02;3.4250000e+02;1.2904471e-01;3.4250000e+02;1.9270867e-01;3.4250000e+02;2.2419961e-01;3.4250000e+02;2.0968620e-01;3.4250000e+02;2.0649365e-01;3.4250000e+02;1.4874402e-01;3.4250000e+02;8.5473955e-02;3.4250000e+02;3.0680403e-02;3.4250000e+02;-1.7026909e-02;3.4250000e+02;-6.1340265e-02;3.4250000e+02;-1.0487905e-01;3.4250000e+02;-1.4662945e-01;3.4250000e+02;-1.8941936e-01;3.4250000e+02;-8.8272884e-02;3.4250000e+02;-7.5009748e-02;3.4250000e+02;-4.1414294e-02;3.4250000e+02;1.3350850e-02;3.4250000e+02;6.9905907e-02;3.4250000e+02;1.2904471e-01;3.4250000e+02;1.9270867e-01;3.4250000e+02;2.2419961e-01;3.4250000e+02;2.0968620e-01;3.4250000e+02;2.0649365e-01;3.4250000e+02;1.4874402e-01;3.4250000e+02;8.5473955e-02;3.4250000e+02;3.0680403e-02;3.4250000e+02;-1.7026909e-02;3.4250000e+02;-6.1340265e-02;3.4250000e+02;-1.0487905e-01;3.4250000e+02;-1.4662945e-01;3.4250000e+02;-1.8941936e-01;3.4250000e+02;-8.8272884e-02;3.4250000e+02;-7.5009748e-02;3.4250000e+02;-4.1414294e-02;3.4250000e+02;1.3350850e-02;3.4250000e+02;6.9905907e-02;3.4250000e+02;1.2904471e-01;3.4250000e+02;1.9270867e-01;3.4250000e+02;2.2419961e-01;3.4250000e+02;2.0968620e-01;3.4250000e+02;2.0649365e-01;3.4250000e+02;1.4874402e-01;3.4250000e+02;8.5473955e-02;3.4250000e+02;3.0680403e-02;3.4250000e+02;-1.7026909e-02;3.4250000e+02;-6.1340265e-02;3.4250000e+02;-1.0487905e-01;3.4250000e+02;-1.4662945e-01;3.4250000e+02;-1.8941936e-01;3.4250000e+02;-8.8272884e-02;3.4250000e+02;-7.5009748e-02;3.4250000e+02;-4.1414294e-02;3.4250000e+02;1.3350850e-02;3.4250000e+02;6.9905907e-02;3.4250000e+02;1.2904471e-01;3.4250000e+02;1.9270867e-01;3.4250000e+02;2.2419961e-01;3.4250000e+02;2.0968620e-01;3.4250000e+02;2.0649365e-01;3.4250000e+02;1.4874402e-01;3.4250000e+02;8.5473955e-02;3.4250000e+02;3.0680403e-02;3.4250000e+02;-1.7026909e-02;3.4250000e+02;-6.1340265e-02;3.4250000e+02;-1.0487905e-01;3.4250000e+02;-1.4662945e-01;3.4250000e+02;-1.8941936e-01;3.4250000e+02;-8.8272884e-02;3.4250000e+02;-7.5009748e-02;3.4250000e+02;-4.1414294e-02;3.4250000e+02;1.3350850e-02;3.4250000e+02;6.9905907e-02;3.4250000e+02;1.2904471e-01;3.4250000e+02;1.9270867e-01;3.4250000e+02;2.2419961e-01;3.4250000e+02;2.0968620e-01;3.4250000e+02;2.0649365e-01;3.4250000e+02;1.4874402e-01;3.4250000e+02;8.5473955e-02;3.4250000e+02;3.0680403e-02;3.4250000e+02;-1.7026909e-02;3.4250000e+02;-6.1340265e-02;3.4250000e+02;-1.0487905e-01;3.4250000e+02;-1.4662945e-01;3.4250000e+02;-1.8941936e-01;3.4250000e+02;-8.8272884e-02;3.4250000e+02;-7.5009748e-02;3.4250000e+02;-4.1414294e-02;3.4250000e+02;1.3350850e-02;3.4250000e+02;6.9905907e-02;3.4250000e+02;1.2904471e-01;3.4250000e+02;1.9270867e-01;3.4250000e+02;2.2419961e-01;3.4250000e+02;2.0968620e-01;3.4250000e+02;2.0649365e-01;3.4250000e+02;1.4874402e-01;3.4250000e+02;8.5473955e-02;3.4250000e+02;3.0680403e-02;3.4250000e+02;-1.7026909e-02;3.4250000e+02;-6.1340265e-02;3.4250000e+02;-1.0487905e-01;3.4250000e+02;-1.4662945e-01;3.4250000e+02;-1.8941936e-01;3.4250000e+02;-8.8272884e-02;3.4250000e+02;-7.5009748e-02;3.4250000e+02;-4.1414294e-02;3.4250000e+02;1.3350850e-02;3.4250000e+02;6.9905907e-02;3.4250000e+02;1.2904471e-01;3.4250000e+02;1.9270867e-01;3.4250000e+02;2.2419961e-01;3.4250000e+02;2.0968620e-01;3.4250000e+02;2.0649365e-01;3.4250000e+02;1.4874402e-01;3.4250000e+02;8.5473955e-02;3.4250000e+02;3.0680403e-02;3.4250000e+02;-1.7026909e-02;3.4250000e+02;-6.1340265e-02;3.4250000e+02;-1.0487905e-01;3.4250000e+02;-1.4662945e-01;3.4250000e+02;-1.8941936e-01;3.4250000e+02;-8.8272884e-02;3.4250000e+02;-7.5009748e-02;3.4250000e+02;-4.1414294e-02;3.4250000e+02;1.3350850e-02;3.4250000e+02;6.9905907e-02;3.4250000e+02;1.2904471e-01;3.4250000e+02;1.9270867e-01;3.4250000e+02;2.2419961e-01;3.4250000e+02;2.0968620e-01;3.4250000e+02;2.0649365e-01;3.4250000e+02;1.4874402e-01;3.4250000e+02;8.5473955e-02;3.4250000e+02;3.0680403e-02;3.4250000e+02;-1.7026909e-02;3.4250000e+02;-6.1340265e-02;3.4250000e+02;-1.0487905e-01;3.4250000e+02;-1.4662945e-01;3.4250000e+02;-1.8941936e-01;3.4250000e+02;-8.8272884e-02;3.4250000e+02;-7.5009748e-02;3.4250000e+02;-4.1414294e-02;3.4250000e+02;1.3350850e-02;3.4250000e+02;6.9905907e-02;3.4250000e+02;1.2904471e-01;3.4250000e+02;1.9270867e-01;3.4250000e+02;2.2419961e-01;3.4250000e+02;2.0968620e-01;3.4250000e+02;2.0649365e-01;3.4250000e+02;1.4874402e-01;3.4250000e+02;8.5473955e-02;3.4250000e+02;3.0680403e-02;3.4250000e+02;-1.7026909e-02;3.4250000e+02;-6.1340265e-02;3.4250000e+02;-1.0487905e-01;3.4250000e+02;-1.4662945e-01;3.4250000e+02;-1.8941936e-01;3.4250000e+02;-8.8272884e-02;3.4250000e+02;-7.5009748e-02;3.4250000e+02;-4.1414294e-02;3.4250000e+02;1.3350850e-02;3.4250000e+02;6.9905907e-02;3.4250000e+02;1.2904471e-01;3.4250000e+02;1.9270867e-01;3.4250000e+02;2.2419961e-01;3.4250000e+02;2.0968620e-01;3.4250000e+02;2.0649365e-01;3.4250000e+02;1.4874402e-01;3.4250000e+02;8.5473955e-02;3.4250000e+02;3.0680403e-02;3.4250000e+02;-1.7026909e-02;3.4250000e+02;-6.1340265e-02;3.4250000e+02;-1.0487905e-01;3.4250000e+02;-1.4662945e-01;3.4250000e+02;-1.8941936e-01;3.4250000e+02;-8.8272884e-02;3.4250000e+02;-7.5009748e-02;3.4250000e+02;-4.1414294e-02;3.4250000e+02;1.3350850e-02;3.4250000e+02;6.9905907e-02;3.4250000e+02;1.2904471e-01;3.4250000e+02;1.9270867e-01;3.4250000e+02;2.2419961e-01;3.4250000e+02;2.0968620e-01;3.4250000e+02;2.0649365e-01;3.4250000e+02;1.4874402e-01;3.4250000e+02;8.5473955e-02;3.4250000e+02;3.0680403e-02;3.4250000e+02;-1.7026909e-02;3.4250000e+02;-6.1340265e-02;3.4250000e+02;-1.0487905e-01;3.4250000e+02;-1.4662945e-01;3.4250000e+02;-1.8941936e-01;3.4250000e+02;-8.8272884e-02;3.4250000e+02;-7.5009748e-02;3.4250000e+02;-4.1414294e-02;3.4250000e+02;1.3350850e-02;3.4250000e+02;6.9905907e-02;3.4250000e+02;1.2904471e-01;3.4250000e+02;1.9270867e-01;3.4250000e+02;2.2419961e-01;3.4250000e+02;2.0968620e-01;3.4250000e+02;2.0649365e-01;3.4250000e+02;1.4874402e-01;3.4250000e+02;8.5473955e-02;3.4250000e+02;3.0680403e-02;3.4250000e+02;-1.7026909e-02;3.4250000e+02;-6.1340265e-02;3.4250000e+02;-1.0487905e-01;3.4250000e+02;-1.4662945e-01;3.4250000e+02;-1.8941936e-01;3.4250000e+02;-8.8272884e-02;3.4250000e+02;-7.5009748e-02;3.4250000e+02;-4.1414294e-02;3.4250000e+02;1.3350850e-02;3.4250000e+02;6.9905907e-02;3.4250000e+02;1.2904471e-01;3.4250000e+02;1.9270867e-01;3.4250000e+02;2.2419961e-01;3.4250000e+02;2.0968620e-01;3.4250000e+02;2.0649365e-01;3.4250000e+02;1.4874402e-01;3.4250000e+02;8.5473955e-02;3.4250000e+02;3.0680403e-02;3.4250000e+02;-1.7026909e-02;3.4250000e+02;-6.1340265e-02;3.4250000e+02;-1.0487905e-01;3.4250000e+02;-1.4662945e-01;3.4250000e+02;-1.8941936e-01;3.4250000e+02;-8.8272884e-02;3.4250000e+02;-7.5009748e-02;3.4250000e+02;-4.1414294e-02;3.4250000e+02;1.3350850e-02;3.4250000e+02;6.9905907e-02;3.4250000e+02;1.2904471e-01;3.4250000e+02;1.9270867e-01;3.4250000e+02;2.2419961e-01;3.4250000e+02;2.0968620e-01;3.4250000e+02;2.0649365e-01;3.4250000e+02;1.4874402e-01;3.4250000e+02;8.5473955e-02;3.4250000e+02;3.0680403e-02;3.4250000e+02;-1.7026909e-02;3.4250000e+02;-6.1340265e-02;3.4250000e+02;-1.0487905e-01;3.4250000e+02;-1.4662945e-01;3.4250000e+02;-1.8941936e-01;3.4250000e+02;-8.8272884e-02;3.4250000e+02;-7.5009748e-02;3.4250000e+02;-4.1414294e-02;3.4250000e+02;1.3350850e-02;3.4250000e+02;6.9905907e-02;3.4250000e+02;1.2904471e-01;3.4250000e+02;1.9270867e-01;3.4250000e+02;2.2419961e-01;3.4250000e+02;2.0968620e-01;3.4250000e+02;2.0649365e-01;3.4250000e+02;1.4874402e-01;3.4250000e+02;8.5473955e-02;3.4250000e+02;3.0680403e-02;3.4250000e+02;-1.7026909e-02;3.4250000e+02;-6.1340265e-02;3.4250000e+02;-1.0487905e-01;3.4250000e+02;-1.4662945e-01;3.4250000e+02;-1.8941936e-01;3.4250000e+02;-8.8272884e-02;3.4250000e+02;-7.5009748e-02;3.4250000e+02;-4.1414294e-02;3.4250000e+02;1.3350850e-02;3.4250000e+02;6.9905907e-02;3.4250000e+02;1.2904471e-01;3.4250000e+02;1.9270867e-01;3.4250000e+02;2.2419961e-01;3.4250000e+02;2.0968620e-01;3.4250000e+02;2.0649365e-01;3.4250000e+02;1.4874402e-01;3.4250000e+02;8.5473955e-02;3.4250000e+02;3.0680403e-02;3.4250000e+02;-1.7026909e-02;3.4250000e+02;-6.1340265e-02;3.4250000e+02;-1.0487905e-01;3.4250000e+02;-1.4662945e-01;3.4250000e+02;-1.8941936e-01;3.4250000e+02;-8.8272884e-02;3.4250000e+02;-7.5009748e-02;3.4250000e+02;-4.1414294e-02;3.4250000e+02;1.3350850e-02;3.4250000e+02;6.9905907e-02;3.4250000e+02;1.2904471e-01;3.4250000e+02;1.9270867e-01;3.4250000e+02;2.2419961e-01;3.4250000e+02;2.0968620e-01;3.4250000e+02;2.0649365e-01;3.4250000e+02;1.4874402e-01;3.4250000e+02;8.5473955e-02;3.4250000e+02;3.0680403e-02;3.4250000e+02;-1.7026909e-02;3.4250000e+02;-6.1340265e-02;3.4250000e+02;-1.0487905e-01;3.4250000e+02;-1.4662945e-01;3.4250000e+02;-1.8941936e-01;3.4250000e+02;-8.8272884e-02;3.4250000e+02;-7.5009748e-02;3.4250000e+02;-4.1414294e-02;3.4250000e+02;1.3350850e-02;3.4250000e+02;6.9905907e-02;3.4250000e+02;1.2904471e-01;3.4250000e+02;1.9270867e-01;3.4250000e+02;2.2419961e-01;3.4250000e+02;2.0968620e-01;3.4250000e+02;2.0649365e-01;3.4250000e+02;1.4874402e-01;3.4250000e+02;8.5473955e-02;3.4250000e+02;3.0680403e-02;3.4250000e+02;-1.7026909e-02;3.4250000e+02;-6.1340265e-02;3.4250000e+02;-1.0487905e-01;3.4250000e+02;-1.4662945e-01;3.4250000e+02;-1.8941936e-01;3.4250000e+02;-8.8272884e-02;3.4250000e+02;-7.5009748e-02;3.4250000e+02;-4.1414294e-02;3.4250000e+02;1.3350850e-02;3.4250000e+02;6.9905907e-02;3.4250000e+02;1.2904471e-01;3.4250000e+02;1.9270867e-01;3.4250000e+02;2.2419961e-01;3.4250000e+02;2.0968620e-01;3.4250000e+02;2.0649365e-01;3.4250000e+02;1.4874402e-01;3.4250000e+02;8.5473955e-02;3.4250000e+02;3.0680403e-02;3.4250000e+02;-1.7026909e-02;3.4250000e+02;-6.1340265e-02;3.4250000e+02;-1.0487905e-01;3.4250000e+02;-1.4662945e-01;3.4250000e+02;-1.8941936e-01;3.4250000e+02;-8.8272884e-02;3.4250000e+02;-7.5009748e-02;3.4250000e+02;-4.1414294e-02;3.4250000e+02;1.3350850e-02;3.4250000e+02;6.9905907e-02;3.4250000e+02;1.2904471e-01;3.4250000e+02;1.9270867e-01;3.4250000e+02;2.2419961e-01;3.4250000e+02;2.0968620e-01;3.4250000e+02;2.0649365e-01;3.4250000e+02;1.4874402e-01;3.4250000e+02;8.5473955e-02;3.4250000e+02;3.0680403e-02;3.4250000e+02;-1.7026909e-02;3.4250000e+02;-6.1340265e-02;3.4250000e+02;-1.0487905e-01;3.4250000e+02;-1.4662945e-01;3.4250000e+02;-1.8941936e-01;3.4250000e+02;-8.8272884e-02;3.4250000e+02;-7.5009748e-02;3.4250000e+02;-4.1414294e-02;3.4250000e+02;1.3350850e-02;3.4250000e+02;6.9905907e-02;3.4250000e+02;1.2904471e-01;3.4250000e+02;1.9270867e-01;3.4250000e+02;2.2419961e-01;3.4250000e+02;2.0968620e-01;3.4250000e+02;2.0649365e-01;3.4250000e+02;1.4874402e-01;3.4250000e+02;8.5473955e-02;3.4250000e+02;3.0680403e-02;3.4250000e+02;-1.7026909e-02;3.4250000e+02;-6.1340265e-02;3.4250000e+02;-1.0487905e-01;3.4250000e+02;-1.4662945e-01;3.4250000e+02;-1.8941936e-01;3.4250000e+02;-8.8272884e-02;3.4250000e+02;-7.5009748e-02;3.4250000e+02;-4.1414294e-02;3.4250000e+02;1.3350850e-02;3.4250000e+02;6.9905907e-02;3.4250000e+02;1.2904471e-01;3.4250000e+02;1.9270867e-01;3.4250000e+02;2.2419961e-01;3.4250000e+02;2.0968620e-01;3.4250000e+02;2.0649365e-01;3.4250000e+02;1.4874402e-01;3.4250000e+02;8.5473955e-02;3.4250000e+02;3.0680403e-02;3.4250000e+02;-1.7026909e-02;3.4250000e+02;-6.1340265e-02;3.4250000e+02;-1.0487905e-01;3.4250000e+02;-1.4662945e-01;3.4250000e+02;-1.8941936e-01;3.4250000e+02;-8.8272884e-02;3.4250000e+02;-7.5009748e-02;3.4250000e+02;-4.1414294e-02;3.4250000e+02;1.3350850e-02;3.4250000e+02;6.9905907e-02;3.4250000e+02;1.2904471e-01;3.4250000e+02;1.9270867e-01;3.4250000e+02;2.2419961e-01;3.4250000e+02;2.0968620e-01;3.4250000e+02;2.0649365e-01;3.4250000e+02;1.4874402e-01;3.4250000e+02;8.5473955e-02;3.4250000e+02;3.0680403e-02;3.4250000e+02;-1.7026909e-02;3.4250000e+02;-6.1340265e-02;3.4250000e+02;-1.0487905e-01;3.4250000e+02;-1.4662945e-01;3.4250000e+02;-1.8941936e-01;3.4250000e+02;-8.8272884e-02;3.4250000e+02;-7.5009748e-02;3.4250000e+02;-4.1414294e-02;3.4250000e+02;1.3350850e-02;3.4250000e+02;6.9905907e-02;3.4250000e+02;1.2904471e-01;3.4250000e+02;1.9270867e-01;3.4250000e+02;2.2419961e-01;3.4250000e+02;2.0968620e-01;3.4250000e+02;2.0649365e-01;3.4250000e+02;1.4874402e-01;3.4250000e+02;8.5473955e-02;3.4250000e+02;3.0680403e-02;3.4250000e+02;-1.7026909e-02;3.4250000e+02;-6.1340265e-02;3.4250000e+02;-1.0487905e-01;3.4250000e+02;-1.4662945e-01;3.4250000e+02;-1.8941936e-01;3.4250000e+02;-8.8272884e-02;3.4250000e+02;-7.5009748e-02;3.4250000e+02;-4.1414294e-02;3.4250000e+02;1.3350850e-02;3.4250000e+02;6.9905907e-02;3.4250000e+02;1.2904471e-01;3.4250000e+02;1.9270867e-01;3.4250000e+02;2.2419961e-01;3.4250000e+02;2.0968620e-01;3.4250000e+02;2.0649365e-01;3.4250000e+02;1.4874402e-01;3.4250000e+02;8.5473955e-02;3.4250000e+02;3.0680403e-02;3.4250000e+02;-1.7026909e-02;3.4250000e+02;-6.1340265e-02;3.4250000e+02;-1.0487905e-01;3.4250000e+02;-1.4662945e-01;3.4250000e+02;-1.8941936e-01;3.4250000e+02;-8.8272884e-02;3.4250000e+02;-7.5009748e-02;3.4250000e+02;-4.1414294e-02;3.4250000e+02;1.3350850e-02;3.4250000e+02;6.9905907e-02;3.4250000e+02;1.2904471e-01;3.4250000e+02;1.9270867e-01;3.4250000e+02;2.2419961e-01;3.4250000e+02;2.0968620e-01;3.4250000e+02;2.0649365e-01;3.4250000e+02;1.4874402e-01;3.4250000e+02;8.5473955e-02;3.4250000e+02;3.0680403e-02;3.4250000e+02;-1.7026909e-02;3.4250000e+02;-6.1340265e-02;3.4250000e+02;-1.0487905e-01;3.4250000e+02;-1.4662945e-01;3.4250000e+02;-1.8941936e-01;3.4250000e+02;-8.8272884e-02;3.4250000e+02;-7.5009748e-02;3.4250000e+02;-4.1414294e-02;3.4250000e+02;1.3350850e-02;3.4250000e+02;6.9905907e-02;3.4250000e+02;1.2904471e-01;3.4250000e+02;1.9270867e-01;3.4250000e+02;2.2419961e-01;3.4250000e+02;2.0968620e-01;3.4250000e+02;2.0649365e-01;3.4250000e+02;1.4874402e-01;3.4250000e+02;8.5473955e-02;3.4250000e+02;3.0680403e-02;3.4250000e+02;-1.7026909e-02;3.4250000e+02;-6.1340265e-02;3.4250000e+02;-1.0487905e-01;3.4250000e+02;-1.4662945e-01;3.4250000e+02;-1.8941936e-01;3.4250000e+02;-8.8272884e-02;3.4250000e+02;-7.5009748e-02;3.4250000e+02;-4.1414294e-02;3.4250000e+02;1.3350850e-02;3.4250000e+02;6.9905907e-02;3.4250000e+02;1.2904471e-01;3.4250000e+02;1.9270867e-01;3.4250000e+02;2.2419961e-01;3.4250000e+02;2.0968620e-01;3.4250000e+02;2.0649365e-01;3.4250000e+02;1.4874402e-01;3.4250000e+02;8.5473955e-02;3.4250000e+02;3.0680403e-02;3.4250000e+02;-1.7026909e-02;3.4250000e+02;-6.1340265e-02;3.4250000e+02;-1.0487905e-01;3.4250000e+02;-1.4662945e-01;3.4250000e+02;-1.8941936e-01;3.4250000e+02;-8.8272884e-02;3.4250000e+02;-7.5009748e-02;3.4250000e+02;-4.1414294e-02;3.4250000e+02;1.3350850e-02;3.4250000e+02;6.9905907e-02;3.4250000e+02;1.2904471e-01;3.4250000e+02;1.9270867e-01;3.4250000e+02;2.2419961e-01;3.4250000e+02;2.0968620e-01;3.4250000e+02;2.0649365e-01;3.4250000e+02;1.4874402e-01;3.4250000e+02;8.5473955e-02;3.4250000e+02;3.0680403e-02;3.4250000e+02;-1.7026909e-02;3.4250000e+02;-6.1340265e-02;3.4250000e+02;-1.0487905e-01;3.4250000e+02;-1.4662945e-01;3.4250000e+02;-1.8941936e-01;3.4250000e+02;-8.8272884e-02;3.4250000e+02;-7.5009748e-02;3.4250000e+02;-4.1414294e-02;3.4250000e+02;1.3350850e-02;3.4250000e+02;6.9905907e-02;3.4250000e+02;1.2904471e-01;3.4250000e+02;1.9270867e-01;3.4250000e+02;2.2419961e-01;3.4250000e+02;2.0968620e-01;3.4250000e+02;2.0649365e-01;3.4250000e+02;1.4874402e-01;3.4250000e+02;8.5473955e-02;3.4250000e+02;3.0680403e-02;3.4250000e+02;-1.7026909e-02;3.4250000e+02;-6.1340265e-02;3.4250000e+02;-1.0487905e-01;3.4250000e+02;-1.4662945e-01;3.4250000e+02;-1.8941936e-01;3.4250000e+02;-8.8272884e-02;3.4250000e+02;-7.5009748e-02;3.4250000e+02;-4.1414294e-02;3.4250000e+02;1.3350850e-02;3.4250000e+02;6.9905907e-02;3.4250000e+02;1.2904471e-01;3.4250000e+02;1.9270867e-01;3.4250000e+02;2.2419961e-01;3.4250000e+02;2.0968620e-01;3.4250000e+02;2.0649365e-01;3.4250000e+02;1.4874402e-01;3.4250000e+02;8.5473955e-02;3.4250000e+02;3.0680403e-02;3.4250000e+02;-1.7026909e-02;3.4250000e+02;-6.1340265e-02;3.4250000e+02;-1.0487905e-01;3.4250000e+02;-1.4662945e-01;3.4250000e+02;-1.8941936e-01;3.4250000e+02;-8.8272884e-02;3.4250000e+02;-7.5009748e-02;3.4250000e+02;-4.1414294e-02;3.4250000e+02;1.3350850e-02;3.4250000e+02;6.9905907e-02;3.4250000e+02;1.2904471e-01;3.4250000e+02;1.9270867e-01;3.4250000e+02;2.2419961e-01;3.4250000e+02;2.0968620e-01;3.4250000e+02;2.0649365e-01;3.4250000e+02;1.4874402e-01;3.4250000e+02;8.5473955e-02;3.4250000e+02;3.0680403e-02;3.4250000e+02;-1.7026909e-02;3.4250000e+02;-6.1340265e-02;3.4250000e+02;-1.0487905e-01;3.4250000e+02;-1.4662945e-01;3.4250000e+02;-1.8941936e-01;3.4250000e+02;-8.8272884e-02;3.4250000e+02;-7.5009748e-02;3.4250000e+02;-4.1414294e-02;3.4250000e+02;1.3350850e-02;3.4250000e+02;6.9905907e-02;3.4250000e+02;1.2904471e-01;3.4250000e+02;1.9270867e-01;3.4250000e+02;2.2419961e-01;3.4250000e+02;2.0968620e-01;3.4250000e+02;2.0649365e-01;3.4250000e+02;1.4874402e-01;3.4250000e+02;8.5473955e-02;3.4250000e+02;3.0680403e-02;3.4250000e+02;-1.7026909e-02;3.4250000e+02;-6.1340265e-02;3.4250000e+02;-1.0487905e-01;3.4250000e+02;-1.4662945e-01;3.4250000e+02;-1.8941936e-01;3.4250000e+02;-8.8272884e-02;3.4250000e+02;-7.5009748e-02;3.4250000e+02;-4.1414294e-02;3.4250000e+02;1.3350850e-02;3.4250000e+02;6.9905907e-02;3.4250000e+02;1.2904471e-01;3.4250000e+02;1.9270867e-01;3.4250000e+02;2.2419961e-01;3.4250000e+02;2.0968620e-01;3.4250000e+02;2.0649365e-01;3.4250000e+02;1.4874402e-01;3.4250000e+02;8.5473955e-02;3.4250000e+02;3.0680403e-02;3.4250000e+02;-1.7026909e-02;3.4250000e+02;-6.1340265e-02;3.4250000e+02;-1.0487905e-01;3.4250000e+02;-1.4662945e-01;3.4250000e+02;-1.8941936e-01;3.4250000e+02;-8.8272884e-02;3.4250000e+02;-7.5009748e-02;3.4250000e+02;-4.1414294e-02;3.4250000e+02;1.3350850e-02;3.4250000e+02;6.9905907e-02;3.4250000e+02;1.2904471e-01;3.4250000e+02;1.9270867e-01;3.4250000e+02;2.2419961e-01;3.4250000e+02;2.0968620e-01;3.4250000e+02;2.0649365e-01;3.4250000e+02;1.4874402e-01;3.4250000e+02;8.5473955e-02;3.4250000e+02;3.0680403e-02;3.4250000e+02;-1.7026909e-02;3.4250000e+02;-6.1340265e-02;3.4250000e+02;-1.0487905e-01;3.4250000e+02;-1.4662945e-01;3.4250000e+02;-1.8941936e-01;3.4250000e+02;-8.8272884e-02;3.4250000e+02;-7.5009748e-02;3.4250000e+02;-4.1414294e-02;3.4250000e+02;1.3350850e-02;3.4250000e+02;6.9905907e-02;3.4250000e+02;1.2904471e-01;3.4250000e+02;1.9270867e-01;3.4250000e+02;2.2419961e-01;3.4250000e+02;2.0968620e-01;3.4250000e+02;2.0649365e-01;3.4250000e+02;1.4874402e-01;3.4250000e+02;8.5473955e-02;3.4250000e+02;3.0680403e-02;3.4250000e+02;-1.7026909e-02;3.4250000e+02;-6.1340265e-02;3.4250000e+02;-1.0487905e-01;3.4250000e+02;-1.4662945e-01;3.4250000e+02;-1.8941936e-01;3.4250000e+02;-8.8272884e-02;3.4250000e+02;-7.5009748e-02;3.4250000e+02;-4.1414294e-02;3.4250000e+02;1.3350850e-02;3.4250000e+02;6.9905907e-02;3.4250000e+02;1.2904471e-01;3.4250000e+02;1.9270867e-01;3.4250000e+02;2.2419961e-01;3.4250000e+02;2.0968620e-01;3.4250000e+02;2.0649365e-01;3.4250000e+02;1.4874402e-01;3.4250000e+02;8.5473955e-02;3.4250000e+02;3.0680403e-02;3.4250000e+02;-1.7026909e-02;3.4250000e+02;-6.1340265e-02;3.4250000e+02;-1.0487905e-01;3.4250000e+02;-1.4662945e-01;3.4250000e+02;-1.8941936e-01;3.4250000e+02;-8.8272884e-02;3.4250000e+02;-7.5009748e-02;3.4250000e+02;-4.1414294e-02;3.4250000e+02;1.3350850e-02;3.4250000e+02;6.9905907e-02;3.4250000e+02;1.2904471e-01;3.4250000e+02;1.9270867e-01;3.4250000e+02;2.2419961e-01;3.4250000e+02;2.0968620e-01;3.4250000e+02;2.0649365e-01;3.4250000e+02;1.4874402e-01;3.4250000e+02;8.5473955e-02;3.4250000e+02;3.0680403e-02;3.4250000e+02;-1.7026909e-02;3.4250000e+02;-6.1340265e-02;3.4250000e+02;-1.0487905e-01;3.4250000e+02;-1.4662945e-01;3.4250000e+02;-1.8941936e-01;3.4250000e+02;-8.8272884e-02;3.4250000e+02;-7.5009748e-02;3.4250000e+02;-4.1414294e-02;3.4250000e+02;1.3350850e-02;3.4250000e+02;6.9905907e-02;3.4250000e+02;1.2904471e-01;3.4250000e+02;1.9270867e-01;3.4250000e+02;2.2419961e-01;3.4250000e+02;2.0968620e-01;3.4250000e+02;2.0649365e-01;3.4250000e+02;1.4874402e-01;3.4250000e+02;8.5473955e-02;3.4250000e+02;3.0680403e-02;3.4250000e+02;-1.7026909e-02;3.4250000e+02;-6.1340265e-02;3.4250000e+02;-1.0487905e-01;3.4250000e+02;-1.4662945e-01;3.4250000e+02;-1.8941936e-01;3.4250000e+02;-8.8272884e-02;3.4250000e+02;-7.5009748e-02;3.4250000e+02;-4.1414294e-02;3.4250000e+02;1.3350850e-02;3.4250000e+02;6.9905907e-02;3.4250000e+02;1.2904471e-01;3.4250000e+02;1.9270867e-01;3.4250000e+02;2.2419961e-01;3.4250000e+02;2.0968620e-01;3.4250000e+02;2.0649365e-01;3.4250000e+02;1.4874402e-01;3.4250000e+02;8.5473955e-02;3.4250000e+02;3.0680403e-02;3.4250000e+02;-1.7026909e-02;3.4250000e+02;-6.1340265e-02;3.4250000e+02;-1.0487905e-01;3.4250000e+02;-1.4662945e-01;3.4250000e+02;-1.8941936e-01;3.4250000e+02;-8.8272884e-02;3.4250000e+02;-7.5009748e-02;3.4250000e+02;-4.1414294e-02;3.4250000e+02;1.3350850e-02;3.4250000e+02;6.9905907e-02;3.4250000e+02;1.2904471e-01;3.4250000e+02;1.9270867e-01;3.4250000e+02;2.2419961e-01;3.4250000e+02;2.0968620e-01;3.4250000e+02;2.0649365e-01;3.4250000e+02;1.4874402e-01;3.4250000e+02;8.5473955e-02;3.4250000e+02;3.0680403e-02;3.4250000e+02;-1.7026909e-02;3.4250000e+02;-6.1340265e-02;3.4250000e+02;-1.0487905e-01;3.4250000e+02;-1.4662945e-01;3.4250000e+02;-1.8941936e-01;3.4250000e+02;-8.8272884e-02;3.4250000e+02;-7.5009748e-02;3.4250000e+02;-4.1414294e-02;3.4250000e+02;1.3350850e-02;3.4250000e+02;6.9905907e-02;3.4250000e+02;1.2904471e-01;3.4250000e+02;1.9270867e-01;3.4250000e+02;2.2419961e-01;3.4250000e+02;2.0968620e-01;3.4250000e+02;2.0649365e-01;3.4250000e+02;1.4874402e-01;3.4250000e+02;8.5473955e-02;3.4250000e+02;3.0680403e-02;3.4250000e+02;-1.7026909e-02;3.4250000e+02;-6.1340265e-02;3.4250000e+02;-1.0487905e-01;3.4250000e+02;-1.4662945e-01;3.4250000e+02;-1.8941936e-01;3.4250000e+02;-8.8272884e-02;3.4250000e+02;-7.5009748e-02;3.4250000e+02;-4.1414294e-02;3.4250000e+02;1.3350850e-02;3.4250000e+02;6.9905907e-02;3.4250000e+02;1.2904471e-01;3.4250000e+02;1.9270867e-01;3.4250000e+02;2.2419961e-01;3.4250000e+02;2.0968620e-01;3.4250000e+02;2.0649365e-01;3.4250000e+02;1.4874402e-01;3.4250000e+02;8.5473955e-02;3.4250000e+02;3.0680403e-02;3.4250000e+02;-1.7026909e-02;3.4250000e+02;-6.1340265e-02;3.4250000e+02;-1.0487905e-01;3.4250000e+02;-1.4662945e-01;3.4250000e+02;-1.8941936e-01;3.4250000e+02;-8.8272884e-02;3.4250000e+02;-7.5009748e-02;3.4250000e+02;-4.1414294e-02;3.4250000e+02;1.3350850e-02;3.4250000e+02;6.9905907e-02;3.4250000e+02;1.2904471e-01;3.4250000e+02;1.9270867e-01;3.4250000e+02;2.2419961e-01;3.4250000e+02;2.0968620e-01;3.4250000e+02;2.0649365e-01;3.4250000e+02;1.4874402e-01;3.4250000e+02;8.5473955e-02;3.4250000e+02;3.0680403e-02;3.4250000e+02;-1.7026909e-02;3.4250000e+02;-6.1340265e-02;3.4250000e+02;-1.0487905e-01;3.4250000e+02;-1.4662945e-01;3.4250000e+02;-1.8941936e-01;3.4250000e+02;-8.8272884e-02;3.4250000e+02;-7.5009748e-02;3.4250000e+02;-4.1414294e-02;3.4250000e+02;1.3350850e-02;3.4250000e+02;6.9905907e-02;3.4250000e+02;1.2904471e-01;3.4250000e+02;1.9270867e-01;3.4250000e+02;2.2419961e-01;3.4250000e+02;2.0968620e-01;3.4250000e+02;2.0649365e-01;3.4250000e+02;1.4874402e-01;3.4250000e+02;8.5473955e-02;3.4250000e+02;3.0680403e-02;3.4250000e+02;-1.7026909e-02;3.4250000e+02;-6.1340265e-02;3.4250000e+02;-1.0487905e-01;3.4250000e+02;-1.4662945e-01;3.4250000e+02;-1.8941936e-01;3.4250000e+02;-8.8272884e-02;3.4250000e+02;-7.5009748e-02;3.4250000e+02;-4.1414294e-02;3.4250000e+02;1.3350850e-02;3.4250000e+02;6.9905907e-02;3.4250000e+02;1.2904471e-01;3.4250000e+02;1.9270867e-01;3.4250000e+02;2.2419961e-01;3.4250000e+02;2.0968620e-01;3.4250000e+02;2.0649365e-01;3.4250000e+02;1.4874402e-01;3.4250000e+02;8.5473955e-02;3.4250000e+02;3.0680403e-02;3.4250000e+02;-1.7026909e-02;3.4250000e+02;-6.1340265e-02;3.4250000e+02;-1.0487905e-01;3.4250000e+02;-1.4662945e-01;3.4250000e+02;-1.8941936e-01;3.4250000e+02;-8.8272884e-02;3.4250000e+02;-7.5009748e-02;3.4250000e+02;-4.1414294e-02;3.4250000e+02;1.3350850e-02;3.4250000e+02;6.9905907e-02;3.4250000e+02;1.2904471e-01;3.4250000e+02;1.9270867e-01;3.4250000e+02;2.2419961e-01;3.4250000e+02;2.0968620e-01;3.4250000e+02;2.0649365e-01;3.4250000e+02;1.4874402e-01;3.4250000e+02;8.5473955e-02;3.4250000e+02;3.0680403e-02;3.4250000e+02;-1.7026909e-02;3.4250000e+02;-6.1340265e-02;3.4250000e+02;-1.0487905e-01;3.4250000e+02;-1.4662945e-01;3.4250000e+02;-1.8941936e-01;3.4250000e+02;-8.8272884e-02;3.4250000e+02;-7.5009748e-02;3.4250000e+02;-4.1414294e-02;3.4250000e+02;1.3350850e-02;3.4250000e+02;6.9905907e-02;3.4250000e+02;1.2904471e-01;3.4250000e+02;1.9270867e-01;3.4250000e+02;2.2419961e-01;3.4250000e+02;2.0968620e-01;3.4250000e+02;2.0649365e-01;3.4250000e+02;1.4874402e-01;3.4250000e+02;8.5473955e-02;3.4250000e+02;3.0680403e-02;3.4250000e+02;-1.7026909e-02;3.4250000e+02;-6.1340265e-02;3.4250000e+02;-1.0487905e-01;3.4250000e+02;-1.4662945e-01;3.4250000e+02;-1.8941936e-01;3.4250000e+02;-8.8272884e-02;3.4250000e+02;-7.5009748e-02;3.4250000e+02;-4.1414294e-02;3.4250000e+02;1.3350850e-02;3.4250000e+02;6.9905907e-02;3.4250000e+02;1.2904471e-01;3.4250000e+02;1.9270867e-01;3.4250000e+02;2.2419961e-01;3.4250000e+02;2.0968620e-01;3.4250000e+02;2.0649365e-01;3.4250000e+02;1.4874402e-01;3.4250000e+02;8.5473955e-02;3.4250000e+02;3.0680403e-02;3.4250000e+02;-1.7026909e-02;3.4250000e+02;-6.1340265e-02;3.4250000e+02;-1.0487905e-01;3.4250000e+02;-1.4662945e-01;3.4250000e+02;-1.8941936e-01;3.4250000e+02;-8.8272884e-02;3.4250000e+02;-7.5009748e-02;3.4250000e+02;-4.1414294e-02;3.4250000e+02;1.3350850e-02;3.4250000e+02;6.9905907e-02;3.4250000e+02;1.2904471e-01;3.4250000e+02;1.9270867e-01;3.4250000e+02;2.2419961e-01;3.4250000e+02;2.0968620e-01;3.4250000e+02;2.0649365e-01;3.4250000e+02;1.4874402e-01;3.4250000e+02;8.5473955e-02;3.4250000e+02;3.0680403e-02;3.4250000e+02;-1.7026909e-02;3.4250000e+02;-6.1340265e-02;3.4250000e+02;-1.0487905e-01;3.4250000e+02;-1.4662945e-01;3.4250000e+02;-1.8941936e-01;3.4250000e+02;-8.8272884e-02;3.4250000e+02;-7.5009748e-02;3.4250000e+02;-4.1414294e-02;3.4250000e+02;1.3350850e-02;3.4250000e+02;6.9905907e-02;3.4250000e+02;1.2904471e-01;3.4250000e+02;1.9270867e-01;3.4250000e+02;2.2419961e-01;3.4250000e+02;2.0968620e-01;3.4250000e+02;2.0649365e-01;3.4250000e+02;1.4874402e-01;3.4250000e+02;8.5473955e-02;3.4250000e+02;3.0680403e-02;3.4250000e+02;-1.7026909e-02;3.4250000e+02;-6.1340265e-02;3.4250000e+02;-1.0487905e-01;3.4250000e+02;-1.4662945e-01;3.4250000e+02;-1.8941936e-01;3.4250000e+02;-8.8272884e-02;3.4250000e+02;-7.5009748e-02;3.4250000e+02;-4.1414294e-02;3.4250000e+02;1.3350850e-02;3.4250000e+02;6.9905907e-02;3.4250000e+02;1.2904471e-01;3.4250000e+02;1.9270867e-01;3.4250000e+02;2.2419961e-01;3.4250000e+02;2.0968620e-01;3.4250000e+02;2.0649365e-01;3.4250000e+02;1.4874402e-01;3.4250000e+02;8.5473955e-02;3.4250000e+02;3.0680403e-02;3.4250000e+02;-1.7026909e-02;3.4250000e+02;-6.1340265e-02;3.4250000e+02;-1.0487905e-01;3.4250000e+02;-1.4662945e-01;3.4250000e+02;-1.8941936e-01;3.4250000e+02;-8.8272884e-02;3.4250000e+02;-7.5009748e-02;3.4250000e+02;-4.1414294e-02;3.4250000e+02;1.3350850e-02;3.4250000e+02;6.9905907e-02;3.4250000e+02;1.2904471e-01;3.4250000e+02;1.9270867e-01;3.4250000e+02;2.2419961e-01;3.4250000e+02;2.0968620e-01;3.4250000e+02;2.0649365e-01;3.4250000e+02;1.4874402e-01;3.4250000e+02;8.5473955e-02;3.4250000e+02;3.0680403e-02;3.4250000e+02;-1.7026909e-02;3.4250000e+02;-6.1340265e-02;3.4250000e+02;-1.0487905e-01;3.4250000e+02;-1.4662945e-01;3.4250000e+02;-1.8941936e-01;3.4250000e+02;-8.8272884e-02;3.4250000e+02;-7.5009748e-02;3.4250000e+02;-4.1414294e-02;3.4250000e+02;1.3350850e-02;3.4250000e+02;6.9905907e-02;3.4250000e+02;1.2904471e-01;3.4250000e+02;1.9270867e-01;3.4250000e+02;2.2419961e-01;3.4250000e+02;2.0968620e-01;3.4250000e+02;2.0649365e-01;3.4250000e+02;1.4874402e-01;3.4250000e+02;8.5473955e-02;3.4250000e+02;3.0680403e-02;3.4250000e+02;-1.7026909e-02;3.4250000e+02;-6.1340265e-02;3.4250000e+02;-1.0487905e-01;3.4250000e+02;-1.4662945e-01;3.4250000e+02;-1.8941936e-01;3.4250000e+02;-8.8272884e-02;3.4250000e+02;-7.5009748e-02;3.4250000e+02;-4.1414294e-02;3.4250000e+02;1.3350850e-02;3.4250000e+02;6.9905907e-02;3.4250000e+02;1.2904471e-01;3.4250000e+02;1.9270867e-01;3.4250000e+02;2.2419961e-01;3.4250000e+02;2.0968620e-01;3.4250000e+02;2.0649365e-01;3.4250000e+02;1.4874402e-01;3.4250000e+02;8.5473955e-02;3.4250000e+02;3.0680403e-02;3.4250000e+02;-1.7026909e-02;3.4250000e+02;-6.1340265e-02;3.4250000e+02;-1.0487905e-01;3.4250000e+02;-1.4662945e-01;3.4250000e+02;-1.8941936e-01;3.4250000e+02;-8.8272884e-02;3.4250000e+02;-7.5009748e-02;3.4250000e+02;-4.1414294e-02;3.4250000e+02;1.3350850e-02;3.4250000e+02;6.9905907e-02;3.4250000e+02;1.2904471e-01;3.4250000e+02;1.9270867e-01;3.4250000e+02;2.2419961e-01;3.4250000e+02;2.0968620e-01;3.4250000e+02;2.0649365e-01;3.4250000e+02;1.4874402e-01;3.4250000e+02;8.5473955e-02;3.4250000e+02;3.0680403e-02;3.4250000e+02;-1.7026909e-02;3.4250000e+02;-6.1340265e-02;3.4250000e+02;-1.0487905e-01;3.4250000e+02;-1.4662945e-01;3.4250000e+02;-1.8941936e-01;3.4250000e+02;-8.8272884e-02;3.4250000e+02;-7.5009748e-02;3.4250000e+02;-4.1414294e-02;3.4250000e+02;1.3350850e-02;3.4250000e+02;6.9905907e-02;3.4250000e+02;1.2904471e-01;3.4250000e+02;1.9270867e-01;3.4250000e+02;2.2419961e-01;3.4250000e+02;2.0968620e-01;3.4250000e+02;2.0649365e-01;3.4250000e+02;1.4874402e-01;3.4250000e+02;8.5473955e-02;3.4250000e+02;3.0680403e-02;3.4250000e+02;-1.7026909e-02;3.4250000e+02;-6.1340265e-02;3.4250000e+02;-1.0487905e-01;3.4250000e+02;-1.4662945e-01;3.4250000e+02;-1.8941936e-01;3.4250000e+02;-8.8272884e-02;3.4250000e+02;-7.5009748e-02;3.4250000e+02;-4.1414294e-02;3.4250000e+02;1.3350850e-02;3.4250000e+02;6.9905907e-02;3.4250000e+02;1.2904471e-01;3.4250000e+02;1.9270867e-01;3.4250000e+02;2.2419961e-01;3.4250000e+02;2.0968620e-01;3.4250000e+02;2.0649365e-01;3.4250000e+02;1.4874402e-01;3.4250000e+02;8.5473955e-02;3.4250000e+02;3.0680403e-02;3.4250000e+02;-1.7026909e-02;3.4250000e+02;-6.1340265e-02;3.4250000e+02;-1.0487905e-01;3.4250000e+02;-1.4662945e-01;3.4250000e+02;-1.8941936e-01;3.4250000e+02;-8.8272884e-02;3.4250000e+02;-7.5009748e-02;3.4250000e+02;-4.1414294e-02;3.4250000e+02;1.3350850e-02;3.4250000e+02;6.9905907e-02;3.4250000e+02;1.2904471e-01;3.4250000e+02;1.9270867e-01;3.4250000e+02;2.2419961e-01;3.4250000e+02;2.0968620e-01;3.4250000e+02;2.0649365e-01;3.4250000e+02;1.4874402e-01;3.4250000e+02;8.5473955e-02;3.4250000e+02;3.0680403e-02;3.4250000e+02;-1.7026909e-02;3.4250000e+02;-6.1340265e-02;3.4250000e+02;-1.0487905e-01;3.4250000e+02;-1.4662945e-01;3.4250000e+02;-1.8941936e-01;3.4250000e+02;-8.8272884e-02;3.4250000e+02;-7.5009748e-02;3.4250000e+02;-4.1414294e-02;3.4250000e+02;1.3350850e-02;3.4250000e+02;6.9905907e-02;3.4250000e+02;1.2904471e-01;3.4250000e+02;1.9270867e-01;3.4250000e+02;2.2419961e-01;3.4250000e+02;2.0968620e-01;3.4250000e+02;2.0649365e-01;3.4250000e+02;1.4874402e-01;3.4250000e+02;8.5473955e-02;3.4250000e+02;3.0680403e-02;3.4250000e+02;-1.7026909e-02;3.4250000e+02;-6.1340265e-02;3.4250000e+02;-1.0487905e-01;3.4250000e+02;-1.4662945e-01;3.4250000e+02;-1.8941936e-01;3.4250000e+02;-8.8272884e-02;3.4250000e+02;-7.5009748e-02;3.4250000e+02;-4.1414294e-02;3.4250000e+02;1.3350850e-02;3.4250000e+02;6.9905907e-02;3.4250000e+02;1.2904471e-01;3.4250000e+02;1.9270867e-01;3.4250000e+02;2.2419961e-01;3.4250000e+02;2.0968620e-01;3.4250000e+02;2.0649365e-01;3.4250000e+02;1.4874402e-01;3.4250000e+02;8.5473955e-02;3.4250000e+02;3.0680403e-02;3.4250000e+02;-1.7026909e-02;3.4250000e+02;-6.1340265e-02;3.4250000e+02;-1.0487905e-01;3.4250000e+02;-1.4662945e-01;3.4250000e+02;-1.8941936e-01;3.4250000e+02;-8.8272884e-02;3.4250000e+02;-7.5009748e-02;3.4250000e+02;-4.1414294e-02;3.4250000e+02;1.3350850e-02;3.4250000e+02;6.9905907e-02;3.4250000e+02;1.2904471e-01;3.4250000e+02;1.9270867e-01;3.4250000e+02;2.2419961e-01;3.4250000e+02;2.0968620e-01;3.4250000e+02;2.0649365e-01;3.4250000e+02;1.4874402e-01;3.4250000e+02;8.5473955e-02;3.4250000e+02;3.0680403e-02;3.4250000e+02;-1.7026909e-02;3.4250000e+02;-6.1340265e-02;3.4250000e+02;-1.0487905e-01;3.4250000e+02;-1.4662945e-01;3.4250000e+02;-1.8941936e-01;3.4250000e+02;-8.8272884e-02;3.4250000e+02;-7.5009748e-02;3.4250000e+02;-4.1414294e-02;3.4250000e+02;1.3350850e-02;3.4250000e+02;6.9905907e-02;3.4250000e+02;1.2904471e-01;3.4250000e+02;1.9270867e-01;3.4250000e+02;2.2419961e-01;3.4250000e+02;2.0968620e-01;3.4250000e+02;2.0649365e-01;3.4250000e+02;1.4874402e-01;3.4250000e+02;8.5473955e-02;3.4250000e+02;3.0680403e-02;3.4250000e+02;-1.7026909e-02;3.4250000e+02;-6.1340265e-02;3.4250000e+02;-1.0487905e-01;3.4250000e+02;-1.4662945e-01;3.4250000e+02;-1.8941936e-01;3.4250000e+02;-8.8272884e-02;3.4250000e+02;-7.5009748e-02;3.4250000e+02;-4.1414294e-02;3.4250000e+02;1.3350850e-02;3.4250000e+02;6.9905907e-02;3.4250000e+02;1.2904471e-01;3.4250000e+02;1.9270867e-01;3.4250000e+02;2.2419961e-01;3.4250000e+02;2.0968620e-01;3.4250000e+02;2.0649365e-01;3.4250000e+02;1.4874402e-01;3.4250000e+02;8.5473955e-02;3.4250000e+02;3.0680403e-02;3.4250000e+02;-1.7026909e-02;3.4250000e+02;-6.1340265e-02;3.4250000e+02;-1.0487905e-01;3.4250000e+02;-1.4662945e-01;3.4250000e+02;-1.8941936e-01;3.4250000e+02;-8.8272884e-02;3.4250000e+02;-7.5009748e-02;3.4250000e+02;-4.1414294e-02;3.4250000e+02;1.3350850e-02;3.4250000e+02;6.9905907e-02;3.4250000e+02;1.2904471e-01;3.4250000e+02;1.9270867e-01;3.4250000e+02;2.2419961e-01;3.4250000e+02;2.0968620e-01;3.4250000e+02;2.0649365e-01;3.4250000e+02;1.4874402e-01;3.4250000e+02;8.5473955e-02;3.4250000e+02;3.0680403e-02;3.4250000e+02;-1.7026909e-02;3.4250000e+02;-6.1340265e-02;3.4250000e+02;-1.0487905e-01;3.4250000e+02;-1.4662945e-01;3.4250000e+02;-1.8941936e-01;3.4250000e+02;-8.8272884e-02;3.4250000e+02;-7.5009748e-02;3.4250000e+02;-4.1414294e-02;3.4250000e+02;1.3350850e-02;3.4250000e+02;6.9905907e-02;3.4250000e+02;1.2904471e-01;3.4250000e+02;1.9270867e-01;3.4250000e+02;2.2419961e-01;3.4250000e+02;2.0968620e-01;3.4250000e+02;2.0649365e-01;3.4250000e+02;1.4874402e-01;3.4250000e+02;8.5473955e-02;3.4250000e+02;3.0680403e-02;3.4250000e+02;-1.7026909e-02;3.4250000e+02;-6.1340265e-02;3.4250000e+02;-1.0487905e-01;3.4250000e+02;-1.4662945e-01;3.4250000e+02;-1.8941936e-01;3.4250000e+02;-8.8272884e-02;3.4250000e+02;-7.5009748e-02;3.4250000e+02;-4.1414294e-02;3.4250000e+02;1.3350850e-02;3.4250000e+02;6.9905907e-02;3.4250000e+02;1.2904471e-01;3.4250000e+02;1.9270867e-01;3.4250000e+02;2.2419961e-01;3.4250000e+02;2.0968620e-01;3.4250000e+02;2.0649365e-01;3.4250000e+02;1.4874402e-01;3.4250000e+02;8.5473955e-02;3.4250000e+02;3.0680403e-02;3.4250000e+02;-1.7026909e-02;3.4250000e+02;-6.1340265e-02;3.4250000e+02;-1.0487905e-01;3.4250000e+02;-1.4662945e-01;3.4250000e+02;-1.8941936e-01;3.4250000e+02;-8.8272884e-02;3.4250000e+02;-7.5009748e-02;3.4250000e+02;-4.1414294e-02;3.4250000e+02;1.3350850e-02;3.4250000e+02;6.9905907e-02;3.4250000e+02;1.2904471e-01;3.4250000e+02;1.9270867e-01;3.4250000e+02;2.2419961e-01;3.4250000e+02;2.0968620e-01;3.4250000e+02;2.0649365e-01;3.4250000e+02;1.4874402e-01;3.4250000e+02;8.5473955e-02;3.4250000e+02;3.0680403e-02;3.4250000e+02;-1.7026909e-02;3.4250000e+02;-6.1340265e-02;3.4250000e+02;-1.0487905e-01;3.4250000e+02;-1.4662945e-01;3.4250000e+02;-1.8941936e-01;3.4250000e+02;-8.8272884e-02;3.4250000e+02;-7.5009748e-02;3.4250000e+02;-4.1414294e-02;3.4250000e+02;1.3350850e-02;3.4250000e+02;6.9905907e-02;3.4250000e+02;1.2904471e-01;3.4250000e+02;1.9270867e-01;3.4250000e+02;2.2419961e-01;3.4250000e+02;2.0968620e-01;3.4250000e+02;2.0649365e-01;3.4250000e+02;1.4874402e-01;3.4250000e+02;8.5473955e-02;3.4250000e+02;3.0680403e-02;3.4250000e+02;-1.7026909e-02;3.4250000e+02;-6.1340265e-02;3.4250000e+02;-1.0487905e-01;3.4250000e+02;-1.4662945e-01;3.4250000e+02;-1.8941936e-01;3.4250000e+02;-8.8272884e-02;3.4250000e+02;-7.5009748e-02;3.4250000e+02;-4.1414294e-02;3.4250000e+02;1.3350850e-02;3.4250000e+02;6.9905907e-02;3.4250000e+02;1.2904471e-01;3.4250000e+02;1.9270867e-01;3.4250000e+02;2.2419961e-01;3.4250000e+02;2.0968620e-01;3.4250000e+02;2.0649365e-01;3.4250000e+02;1.4874402e-01;3.4250000e+02;8.5473955e-02;3.4250000e+02;3.0680403e-02;3.4250000e+02;-1.7026909e-02;3.4250000e+02;-6.1340265e-02;3.4250000e+02;-1.0487905e-01;3.4250000e+02;-1.4662945e-01;3.4250000e+02;-1.8941936e-01;3.4250000e+02;-8.8272884e-02;3.4250000e+02;-7.5009748e-02;3.4250000e+02;-4.1414294e-02;3.4250000e+02;1.3350850e-02;3.4250000e+02;6.9905907e-02;3.4250000e+02;1.2904471e-01;3.4250000e+02;1.9270867e-01;3.4250000e+02;2.2419961e-01;3.4250000e+02;2.0968620e-01;3.4250000e+02;2.0649365e-01;3.4250000e+02;1.4874402e-01;3.4250000e+02;8.5473955e-02;3.4250000e+02;3.0680403e-02;3.4250000e+02;-1.7026909e-02;3.4250000e+02;-6.1340265e-02;3.4250000e+02;-1.0487905e-01;3.4250000e+02;-1.4662945e-01;3.4250000e+02;-1.8941936e-01;3.4250000e+02;-8.8272884e-02;3.4250000e+02;-7.5009748e-02;3.4250000e+02;-4.1414294e-02;3.4250000e+02;1.3350850e-02;3.4250000e+02;6.9905907e-02;3.4250000e+02;1.2904471e-01;3.4250000e+02;1.9270867e-01;3.4250000e+02;2.2419961e-01;3.4250000e+02;2.0968620e-01;3.4250000e+02;2.0649365e-01;3.4250000e+02;1.4874402e-01;3.4250000e+02;8.5473955e-02;3.4250000e+02;3.0680403e-02;3.4250000e+02;-1.7026909e-02;3.4250000e+02;-6.1340265e-02;3.4250000e+02;-1.0487905e-01;3.4250000e+02;-1.4662945e-01;3.4250000e+02;-1.8941936e-01;3.4250000e+02;-8.8272884e-02;3.4250000e+02;-7.5009748e-02;3.4250000e+02;-4.1414294e-02;3.4250000e+02;1.3350850e-02;3.4250000e+02;6.9905907e-02;3.4250000e+02;1.2904471e-01;3.4250000e+02;1.9270867e-01;3.4250000e+02;2.2419961e-01;3.4250000e+02;2.0968620e-01;3.4250000e+02;2.0649365e-01;3.4250000e+02;1.4874402e-01;3.4250000e+02;8.5473955e-02;3.4250000e+02;3.0680403e-02;3.4250000e+02;-1.7026909e-02;3.4250000e+02;-6.1340265e-02;3.4250000e+02;-1.0487905e-01;3.4250000e+02;-1.4662945e-01;3.4250000e+02;-1.8941936e-01;3.4250000e+02;-8.8272884e-02;3.4250000e+02;-7.5009748e-02;3.4250000e+02;-4.1414294e-02;3.4250000e+02;1.3350850e-02;3.4250000e+02;6.9905907e-02;3.4250000e+02;1.2904471e-01;3.4250000e+02;1.9270867e-01;3.4250000e+02;2.2419961e-01;3.4250000e+02;2.0968620e-01;3.4250000e+02;2.0649365e-01;3.4250000e+02;1.4874402e-01;3.4250000e+02;8.5473955e-02;3.4250000e+02;3.0680403e-02;3.4250000e+02;-1.7026909e-02;3.4250000e+02;-6.1340265e-02;3.4250000e+02;-1.0487905e-01;3.4250000e+02;-1.4662945e-01;3.4250000e+02;-1.8941936e-01;3.4250000e+02;-8.8272884e-02;3.4250000e+02;-7.5009748e-02;3.4250000e+02;-4.1414294e-02;3.4250000e+02;1.3350850e-02;3.4250000e+02;6.9905907e-02;3.4250000e+02;1.2904471e-01;3.4250000e+02;1.9270867e-01;3.4250000e+02;2.2419961e-01;3.4250000e+02;2.0968620e-01;3.4250000e+02;2.0649365e-01;3.4250000e+02;1.4874402e-01;3.4250000e+02;8.5473955e-02;3.4250000e+02;3.0680403e-02;3.4250000e+02;-1.7026909e-02;3.4250000e+02;-6.1340265e-02;3.4250000e+02;-1.0487905e-01;3.4250000e+02;-1.4662945e-01;3.4250000e+02;-1.8941936e-01;3.4250000e+02;-8.8272884e-02;3.4250000e+02;-7.5009748e-02;3.4250000e+02;-4.1414294e-02;3.4250000e+02;1.3350850e-02;3.4250000e+02;6.9905907e-02;3.4250000e+02;1.2904471e-01;3.4250000e+02;1.9270867e-01;3.4250000e+02;2.2419961e-01;3.4250000e+02;2.0968620e-01;3.4250000e+02;2.0649365e-01;3.4250000e+02;1.4874402e-01;3.4250000e+02;8.5473955e-02;3.4250000e+02;3.0680403e-02;3.4250000e+02;-1.7026909e-02;3.4250000e+02;-6.1340265e-02;3.4250000e+02;-1.0487905e-01;3.4250000e+02;-1.4662945e-01;3.4250000e+02;-1.8941936e-01;3.4250000e+02;-8.8272884e-02;3.4250000e+02;-7.5009748e-02;3.4250000e+02;-4.1414294e-02;3.4250000e+02;1.3350850e-02;3.4250000e+02;6.9905907e-02;3.4250000e+02;1.2904471e-01;3.4250000e+02;1.9270867e-01;3.4250000e+02;2.2419961e-01;3.4250000e+02;2.0968620e-01;3.4250000e+02;2.0649365e-01;3.4250000e+02;1.4874402e-01;3.4250000e+02;8.5473955e-02;3.4250000e+02;3.0680403e-02;3.4250000e+02;-1.7026909e-02;3.4250000e+02;-6.1340265e-02;3.4250000e+02;-1.0487905e-01;3.4250000e+02;-1.4662945e-01;3.4250000e+02;-1.8941936e-01;3.4250000e+02;-8.8272884e-02;3.4250000e+02;-7.5009748e-02;3.4250000e+02;-4.1414294e-02;3.4250000e+02;1.3350850e-02;3.4250000e+02;6.9905907e-02;3.4250000e+02;1.2904471e-01;3.4250000e+02;1.9270867e-01;3.4250000e+02;2.2419961e-01;3.4250000e+02;2.0968620e-01;3.4250000e+02;2.0649365e-01;3.4250000e+02;1.4874402e-01;3.4250000e+02;8.5473955e-02;3.4250000e+02;3.0680403e-02;3.4250000e+02;-1.7026909e-02;3.4250000e+02;-6.1340265e-02;3.4250000e+02;-1.0487905e-01;3.4250000e+02;-1.4662945e-01;3.4250000e+02;-1.8941936e-01;3.4250000e+02;-8.8272884e-02;3.4250000e+02;-7.5009748e-02;3.4250000e+02;-4.1414294e-02;3.4250000e+02;1.3350850e-02;3.4250000e+02;6.9905907e-02;3.4250000e+02;1.2904471e-01;3.4250000e+02;1.9270867e-01;3.4250000e+02;2.2419961e-01;3.4250000e+02;2.0968620e-01;3.4250000e+02;2.0649365e-01;3.4250000e+02;1.4874402e-01;3.4250000e+02;8.5473955e-02;3.4250000e+02;3.0680403e-02;3.4250000e+02;-1.7026909e-02;3.4250000e+02;-6.1340265e-02;3.4250000e+02;-1.0487905e-01;3.4250000e+02;-1.4662945e-01;3.4250000e+02;-1.8941936e-01;3.4250000e+02;-8.8272884e-02;3.4250000e+02;-7.5009748e-02;3.4250000e+02;-4.1414294e-02;3.4250000e+02;1.3350850e-02;3.4250000e+02;6.9905907e-02;3.4250000e+02;1.2904471e-01;3.4250000e+02;1.9270867e-01;3.4250000e+02;2.2419961e-01;3.4250000e+02;2.0968620e-01;3.4250000e+02;2.0649365e-01;3.4250000e+02;1.4874402e-01;3.4250000e+02;8.5473955e-02;3.4250000e+02;3.0680403e-02;3.4250000e+02;-1.7026909e-02;3.4250000e+02;-6.1340265e-02;3.4250000e+02;-1.0487905e-01;3.4250000e+02;-1.4662945e-01;3.4250000e+02;-1.8941936e-01;3.4250000e+02;-8.8272884e-02;3.4250000e+02;-7.5009748e-02;3.4250000e+02;-4.1414294e-02;3.4250000e+02;1.3350850e-02;3.4250000e+02;6.9905907e-02;3.4250000e+02;1.2904471e-01;3.4250000e+02;1.9270867e-01;3.4250000e+02;2.2419961e-01;3.4250000e+02;2.0968620e-01;3.4250000e+02;2.0649365e-01;3.4250000e+02;1.4874402e-01;3.4250000e+02;8.5473955e-02;3.4250000e+02;3.0680403e-02;3.4250000e+02;-1.7026909e-02;3.4250000e+02;-6.1340265e-02;3.4250000e+02;-1.0487905e-01;3.4250000e+02;-1.4662945e-01;3.4250000e+02;-1.8941936e-01;3.4250000e+02;-8.8272884e-02;3.4250000e+02;-7.5009748e-02;3.4250000e+02;-4.1414294e-02;3.4250000e+02;1.3350850e-02;3.4250000e+02;6.9905907e-02;3.4250000e+02;1.2904471e-01;3.4250000e+02;1.9270867e-01;3.4250000e+02;2.2419961e-01;3.4250000e+02;2.0968620e-01;3.4250000e+02;2.0649365e-01;3.4250000e+02;1.4874402e-01;3.4250000e+02;8.5473955e-02;3.4250000e+02;3.0680403e-02;3.4250000e+02;-1.7026909e-02;3.4250000e+02;-6.1340265e-02;3.4250000e+02;-1.0487905e-01;3.4250000e+02;-1.4662945e-01;3.4250000e+02;-1.8941936e-01;3.4250000e+02;-8.8272884e-02;3.4250000e+02;-7.5009748e-02;3.4250000e+02;-4.1414294e-02;3.4250000e+02;1.3350850e-02;3.4250000e+02;6.9905907e-02;3.4250000e+02;1.2904471e-01;3.4250000e+02;1.9270867e-01;3.4250000e+02;2.2419961e-01;3.4250000e+02;2.0968620e-01;3.4250000e+02;2.0649365e-01;3.4250000e+02;1.4874402e-01;3.4250000e+02;8.5473955e-02;3.4250000e+02;3.0680403e-02;3.4250000e+02;-1.7026909e-02;3.4250000e+02;-6.1340265e-02;3.4250000e+02;-1.0487905e-01;3.4250000e+02;-1.4662945e-01;3.4250000e+02;-1.8941936e-01;3.4250000e+02;-8.8272884e-02;3.4250000e+02;-7.5009748e-02;3.4250000e+02;-4.1414294e-02;3.4250000e+02;1.3350850e-02;3.4250000e+02;6.9905907e-02;3.4250000e+02;1.2904471e-01;3.4250000e+02;1.9270867e-01;3.4250000e+02;2.2419961e-01;3.4250000e+02;2.0968620e-01;3.4250000e+02;2.0649365e-01;3.4250000e+02;1.4874402e-01;3.4250000e+02;8.5473955e-02;3.4250000e+02;3.0680403e-02;3.4250000e+02;-1.7026909e-02;3.4250000e+02;-6.1340265e-02;3.4250000e+02;-1.0487905e-01;3.4250000e+02;-1.4662945e-01;3.4250000e+02;-1.8941936e-01;3.4250000e+02;-8.8272884e-02;3.4250000e+02;-7.5009748e-02;3.4250000e+02;-4.1414294e-02;3.4250000e+02;1.3350850e-02;3.4250000e+02;6.9905907e-02;3.4250000e+02;1.2904471e-01;3.4250000e+02;1.9270867e-01;3.4250000e+02;2.2419961e-01;3.4250000e+02;2.0968620e-01;3.4250000e+02;2.0649365e-01;3.4250000e+02;1.4874402e-01;3.4250000e+02;8.5473955e-02;3.4250000e+02;3.0680403e-02;3.4250000e+02;-1.7026909e-02;3.4250000e+02;-6.1340265e-02;3.4250000e+02;-1.0487905e-01;3.4250000e+02;-1.4662945e-01;3.4250000e+02;-1.8941936e-01;3.4250000e+02;-8.8272884e-02;3.4250000e+02;-7.5009748e-02;3.4250000e+02;-4.1414294e-02;3.4250000e+02;1.3350850e-02;3.4250000e+02;6.9905907e-02;3.4250000e+02;1.2904471e-01;3.4250000e+02;1.9270867e-01;3.4250000e+02;2.2419961e-01;3.4250000e+02;2.0968620e-01;3.4250000e+02;2.0649365e-01;3.4250000e+02;1.4874402e-01;3.4250000e+02;8.5473955e-02;3.4250000e+02;3.0680403e-02;3.4250000e+02;-1.7026909e-02;3.4250000e+02;-6.1340265e-02;3.4250000e+02;-1.0487905e-01;3.4250000e+02;-1.4662945e-01;3.4250000e+02;-1.8941936e-01;3.4250000e+02;-8.8272884e-02;3.4250000e+02;-7.5009748e-02;3.4250000e+02;-4.1414294e-02;3.4250000e+02;1.3350850e-02;3.4250000e+02;6.9905907e-02;3.4250000e+02;1.2904471e-01;3.4250000e+02;1.9270867e-01;3.4250000e+02;2.2419961e-01;3.4250000e+02;2.0968620e-01;3.4250000e+02;2.0649365e-01;3.4250000e+02;1.4874402e-01;3.4250000e+02;8.5473955e-02;3.4250000e+02;3.0680403e-02;3.4250000e+02;-1.7026909e-02;3.4250000e+02;-6.1340265e-02;3.4250000e+02;-1.0487905e-01;3.4250000e+02;-1.4662945e-01;3.4250000e+02;-1.8941936e-01;3.4250000e+02;-8.8272884e-02;3.4250000e+02;-7.5009748e-02;3.4250000e+02;-4.1414294e-02;3.4250000e+02;1.3350850e-02;3.4250000e+02;6.9905907e-02;3.4250000e+02;1.2904471e-01;3.4250000e+02;1.9270867e-01;3.4250000e+02;2.2419961e-01;3.4250000e+02;2.0968620e-01;3.4250000e+02;2.0649365e-01;3.4250000e+02;1.4874402e-01;3.4250000e+02;8.5473955e-02;3.4250000e+02;3.0680403e-02;3.4250000e+02;-1.7026909e-02;3.4250000e+02;-6.1340265e-02;3.4250000e+02;-1.0487905e-01;3.4250000e+02;-1.4662945e-01;3.4250000e+02;-1.8941936e-01;3.4250000e+02;-8.8272884e-02;3.4250000e+02;-7.5009748e-02;3.4250000e+02;-4.1414294e-02;3.4250000e+02;1.3350850e-02;3.4250000e+02;6.9905907e-02;3.4250000e+02;1.2904471e-01;3.4250000e+02;1.9270867e-01;3.4250000e+02;2.2419961e-01;3.4250000e+02;2.0968620e-01;3.4250000e+02;2.0649365e-01;3.4250000e+02;1.4874402e-01;3.4250000e+02;8.5473955e-02;3.4250000e+02;3.0680403e-02;3.4250000e+02;-1.7026909e-02;3.4250000e+02;-6.1340265e-02;3.4250000e+02;-1.0487905e-01;3.4250000e+02;-1.4662945e-01;3.4250000e+02;-1.8941936e-01;3.4250000e+02;-8.8272884e-02;3.4250000e+02;-7.5009748e-02;3.4250000e+02;-4.1414294e-02;3.4250000e+02;1.3350850e-02;3.4250000e+02;6.9905907e-02;3.4250000e+02;1.2904471e-01;3.4250000e+02;1.9270867e-01;3.4250000e+02;2.2419961e-01;3.4250000e+02;2.0968620e-01;3.4250000e+02;2.0649365e-01;3.4250000e+02;1.4874402e-01;3.4250000e+02;8.5473955e-02;3.4250000e+02;3.0680403e-02;3.4250000e+02;-1.7026909e-02;3.4250000e+02;-6.1340265e-02;3.4250000e+02;-1.0487905e-01;3.4250000e+02;-1.4662945e-01;3.4250000e+02;-1.8941936e-01;3.4250000e+02;-8.8272884e-02;3.4250000e+02;-7.5009748e-02;3.4250000e+02;-4.1414294e-02;3.4250000e+02;1.3350850e-02;3.4250000e+02;6.9905907e-02;3.4250000e+02;1.2904471e-01;3.4250000e+02;1.9270867e-01;3.4250000e+02;2.2419961e-01;3.4250000e+02;2.0968620e-01;3.4250000e+02;2.0649365e-01;3.4250000e+02;1.4874402e-01;3.4250000e+02;8.5473955e-02;3.4250000e+02;3.0680403e-02;3.4250000e+02;-1.7026909e-02;3.4250000e+02;-6.1340265e-02;3.4250000e+02;-1.0487905e-01;3.4250000e+02;-1.4662945e-01;3.4250000e+02;-1.8941936e-01;3.4250000e+02;-8.8272884e-02;3.4250000e+02;-7.5009748e-02;3.4250000e+02;-4.1414294e-02;3.4250000e+02;1.3350850e-02;3.4250000e+02;6.9905907e-02;3.4250000e+02;1.2904471e-01;3.4250000e+02;1.9270867e-01;3.4250000e+02;2.2419961e-01;3.4250000e+02;2.0968620e-01;3.4250000e+02;2.0649365e-01;3.4250000e+02;1.4874402e-01;3.4250000e+02;8.5473955e-02;3.4250000e+02;3.0680403e-02;3.4250000e+02;-1.7026909e-02;3.4250000e+02;-6.1340265e-02;3.4250000e+02;-1.0487905e-01;3.4250000e+02;-1.4662945e-01;3.4250000e+02;-1.8941936e-01;3.4250000e+02;-8.8272884e-02;3.4250000e+02;-7.5009748e-02;3.4250000e+02;-4.1414294e-02;3.4250000e+02;1.3350850e-02;3.4250000e+02;6.9905907e-02;3.4250000e+02;1.2904471e-01;3.4250000e+02;1.9270867e-01;3.4250000e+02;2.2419961e-01;3.4250000e+02;2.0968620e-01;3.4250000e+02;2.0649365e-01;3.4250000e+02;1.4874402e-01;3.4250000e+02;8.5473955e-02;3.4250000e+02;3.0680403e-02;3.4250000e+02;-1.7026909e-02;3.4250000e+02;-6.1340265e-02;3.4250000e+02;-1.0487905e-01;3.4250000e+02;-1.4662945e-01;3.4250000e+02;-1.8941936e-01;3.4250000e+02;-8.8272884e-02;3.4250000e+02;-7.5009748e-02;3.4250000e+02;-4.1414294e-02;3.4250000e+02;1.3350850e-02;3.4250000e+02;6.9905907e-02;3.4250000e+02;1.2904471e-01;3.4250000e+02;1.9270867e-01;3.4250000e+02;2.2419961e-01;3.4250000e+02;2.0968620e-01;3.4250000e+02;2.0649365e-01;3.4250000e+02;1.4874402e-01;3.4250000e+02;8.5473955e-02;3.4250000e+02;3.0680403e-02;3.4250000e+02;-1.7026909e-02;3.4250000e+02;-6.1340265e-02;3.4250000e+02;-1.0487905e-01;3.4250000e+02;-1.4662945e-01;3.4250000e+02;-1.8941936e-01;3.4250000e+02;-8.8272884e-02;3.4250000e+02;-7.5009748e-02;3.4250000e+02;-4.1414294e-02;3.4250000e+02;1.3350850e-02;3.4250000e+02;6.9905907e-02;3.4250000e+02;1.2904471e-01;3.4250000e+02;1.9270867e-01;3.4250000e+02;2.2419961e-01;3.4250000e+02;2.0968620e-01;3.4250000e+02;2.0649365e-01;3.4250000e+02;1.4874402e-01;3.4250000e+02;8.5473955e-02;3.4250000e+02;3.0680403e-02;3.4250000e+02;-1.7026909e-02;3.4250000e+02;-6.1340265e-02;3.4250000e+02;-1.0487905e-01;3.4250000e+02;-1.4662945e-01;3.4250000e+02;-1.8941936e-01;3.4250000e+02;-8.8272884e-02;3.4250000e+02;-7.5009748e-02;3.4250000e+02;-4.1414294e-02;3.4250000e+02;1.3350850e-02;3.4250000e+02;6.9905907e-02;3.4250000e+02;1.2904471e-01;3.4250000e+02;1.9270867e-01;3.4250000e+02;2.2419961e-01;3.4250000e+02;2.0968620e-01;3.4250000e+02;2.0649365e-01;3.4250000e+02;1.4874402e-01;3.4250000e+02;8.5473955e-02;3.4250000e+02;3.0680403e-02;3.4250000e+02;-1.7026909e-02;3.4250000e+02;-6.1340265e-02;3.4250000e+02;-1.0487905e-01;3.4250000e+02;-1.4662945e-01;3.4250000e+02;-1.8941936e-01;3.4250000e+02;-8.8272884e-02;3.4250000e+02;-7.5009748e-02;3.4250000e+02;-4.1414294e-02;3.4250000e+02;1.3350850e-02;3.4250000e+02;6.9905907e-02;3.4250000e+02;1.2904471e-01;3.4250000e+02;1.9270867e-01;3.4250000e+02;2.2419961e-01;3.4250000e+02;2.0968620e-01;3.4250000e+02;2.0649365e-01;3.4250000e+02;1.4874402e-01;3.4250000e+02;8.5473955e-02;3.4250000e+02;3.0680403e-02;3.4250000e+02;-1.7026909e-02;3.4250000e+02;-6.1340265e-02;3.4250000e+02;-1.0487905e-01;3.4250000e+02;-1.4662945e-01;3.4250000e+02;-1.8941936e-01;3.4250000e+02;-8.8272884e-02;3.4250000e+02;-7.5009748e-02;3.4250000e+02;-4.1414294e-02;3.4250000e+02;1.3350850e-02;3.4250000e+02;6.9905907e-02;3.4250000e+02;1.2904471e-01;3.4250000e+02;1.9270867e-01;3.4250000e+02;2.2419961e-01;3.4250000e+02;2.0968620e-01;3.4250000e+02;2.0649365e-01;3.4250000e+02;1.4874402e-01;3.4250000e+02;8.5473955e-02;3.4250000e+02;3.0680403e-02;3.4250000e+02;-1.7026909e-02;3.4250000e+02;-6.1340265e-02;3.4250000e+02;-1.0487905e-01;3.4250000e+02;-1.4662945e-01;3.4250000e+02;-1.8941936e-01;3.4250000e+02;-8.8272884e-02;3.4250000e+02;-7.5009748e-02;3.4250000e+02;-4.1414294e-02;3.4250000e+02;1.3350850e-02;3.4250000e+02;6.9905907e-02;3.4250000e+02;1.2904471e-01;3.4250000e+02;1.9270867e-01;3.4250000e+02;2.2419961e-01;3.4250000e+02;2.0968620e-01;3.4250000e+02;2.0649365e-01;3.4250000e+02;1.4874402e-01;3.4250000e+02;8.5473955e-02;3.4250000e+02;3.0680403e-02;3.4250000e+02;-1.7026909e-02;3.4250000e+02;-6.1340265e-02;3.4250000e+02;-1.0487905e-01;3.4250000e+02;-1.4662945e-01;3.4250000e+02;-1.8941936e-01;3.4250000e+02;-8.8272884e-02;3.4250000e+02;-7.5009748e-02;3.4250000e+02;-4.1414294e-02;3.4250000e+02;1.3350850e-02;3.4250000e+02;6.9905907e-02;3.4250000e+02;1.2904471e-01;3.4250000e+02;1.9270867e-01;3.4250000e+02;2.2419961e-01;3.4250000e+02;2.0968620e-01;3.4250000e+02;2.0649365e-01;3.4250000e+02;1.4874402e-01;3.4250000e+02;8.5473955e-02;3.4250000e+02;3.0680403e-02;3.4250000e+02;-1.7026909e-02;3.4250000e+02;-6.1340265e-02;3.4250000e+02;-1.0487905e-01;3.4250000e+02;-1.4662945e-01;3.4250000e+02;-1.8941936e-01;3.4250000e+02;-8.8272884e-02;3.4250000e+02;-7.5009748e-02;3.4250000e+02;-4.1414294e-02;3.4250000e+02;1.3350850e-02;3.4250000e+02;6.9905907e-02;3.4250000e+02;1.2904471e-01;3.4250000e+02;1.9270867e-01;3.4250000e+02;2.2419961e-01;3.4250000e+02;2.0968620e-01;3.4250000e+02;2.0649365e-01;3.4250000e+02;1.4874402e-01;3.4250000e+02;8.5473955e-02;3.4250000e+02;3.0680403e-02;3.4250000e+02;-1.7026909e-02;3.4250000e+02;-6.1340265e-02;3.4250000e+02;-1.0487905e-01;3.4250000e+02;-1.4662945e-01;3.4250000e+02;-1.8941936e-01;3.4250000e+02;-8.8272884e-02;3.4250000e+02;-7.5009748e-02;3.4250000e+02;-4.1414294e-02;3.4250000e+02;1.3350850e-02;3.4250000e+02;6.9905907e-02;3.4250000e+02;1.2904471e-01;3.4250000e+02;1.9270867e-01;3.4250000e+02;2.2419961e-01;3.4250000e+02;2.0968620e-01;3.4250000e+02;2.0649365e-01;3.4250000e+02;1.4874402e-01;3.4250000e+02;8.5473955e-02;3.4250000e+02;3.0680403e-02;3.4250000e+02;-1.7026909e-02;3.4250000e+02;-6.1340265e-02;3.4250000e+02;-1.0487905e-01;3.4250000e+02;-1.4662945e-01;3.4250000e+02;-1.8941936e-01;3.4250000e+02;-8.8272884e-02;3.4250000e+02;-7.5009748e-02;3.4250000e+02;-4.1414294e-02;3.4250000e+02;1.3350850e-02;3.4250000e+02;6.9905907e-02;3.4250000e+02;1.2904471e-01;3.4250000e+02;1.9270867e-01;3.4250000e+02;2.2419961e-01;3.4250000e+02;2.0968620e-01;3.4250000e+02;2.0649365e-01;3.4250000e+02;1.4874402e-01;3.4250000e+02;8.5473955e-02;3.4250000e+02;3.0680403e-02;3.4250000e+02;-1.7026909e-02;3.4250000e+02;-6.1340265e-02;3.4250000e+02;-1.0487905e-01;3.4250000e+02;-1.4662945e-01;3.4250000e+02;-1.8941936e-01;3.4250000e+02;-8.8272884e-02;3.4250000e+02;-7.5009748e-02;3.4250000e+02;-4.1414294e-02;3.4250000e+02;1.3350850e-02;3.4250000e+02;6.9905907e-02;3.4250000e+02;1.2904471e-01;3.4250000e+02;1.9270867e-01;3.4250000e+02;2.2419961e-01;3.4250000e+02;2.0968620e-01;3.4250000e+02;2.0649365e-01;3.4250000e+02;1.4874402e-01;3.4250000e+02;8.5473955e-02;3.4250000e+02;3.0680403e-02;3.4250000e+02;-1.7026909e-02;3.4250000e+02;-6.1340265e-02;3.4250000e+02;-1.0487905e-01;3.4250000e+02;-1.4662945e-01;3.4250000e+02;-1.8941936e-01;3.4250000e+02;-8.8272884e-02;3.4250000e+02;-7.5009748e-02;3.4250000e+02;-4.1414294e-02;3.4250000e+02;1.3350850e-02;3.4250000e+02;6.9905907e-02;3.4250000e+02;1.2904471e-01;3.4250000e+02;1.9270867e-01;3.4250000e+02;2.2419961e-01;3.4250000e+02;2.0968620e-01;3.4250000e+02;2.0649365e-01;3.4250000e+02;1.4874402e-01;3.4250000e+02;8.5473955e-02;3.4250000e+02;3.0680403e-02;3.4250000e+02;-1.7026909e-02;3.4250000e+02;-6.1340265e-02;3.4250000e+02;-1.0487905e-01;3.4250000e+02;-1.4662945e-01;3.4250000e+02;-1.8941936e-01;3.4250000e+02;-8.8272884e-02;3.4250000e+02;-7.5009748e-02;3.4250000e+02;-4.1414294e-02;3.4250000e+02;1.3350850e-02;3.4250000e+02;6.9905907e-02;3.4250000e+02;1.2904471e-01;3.4250000e+02;1.9270867e-01;3.4250000e+02;2.2419961e-01;3.4250000e+02;2.0968620e-01;3.4250000e+02;2.0649365e-01;3.4250000e+02;1.4874402e-01;3.4250000e+02;8.5473955e-02;3.4250000e+02;3.0680403e-02;3.4250000e+02;-1.7026909e-02;3.4250000e+02;-6.1340265e-02;3.4250000e+02;-1.0487905e-01;3.4250000e+02;-1.4662945e-01;3.4250000e+02;-1.8941936e-01;3.4250000e+02;-8.8272884e-02;3.4250000e+02;-7.5009748e-02;3.4250000e+02;-4.1414294e-02;3.4250000e+02;1.3350850e-02;3.4250000e+02;6.9905907e-02;3.4250000e+02;1.2904471e-01;3.4250000e+02;1.9270867e-01;3.4250000e+02;2.2419961e-01;3.4250000e+02;2.0968620e-01;3.4250000e+02;2.0649365e-01;3.4250000e+02;1.4874402e-01;3.4250000e+02;8.5473955e-02;3.4250000e+02;3.0680403e-02;3.4250000e+02;-1.7026909e-02;3.4250000e+02;-6.1340265e-02;3.4250000e+02;-1.0487905e-01;3.4250000e+02;-1.4662945e-01;3.4250000e+02;-1.8941936e-01;3.4250000e+02;-8.8272884e-02;3.4250000e+02;-7.5009748e-02;3.4250000e+02;-4.1414294e-02;3.4250000e+02;1.3350850e-02;3.4250000e+02;6.9905907e-02;3.4250000e+02;1.2904471e-01;3.4250000e+02;1.9270867e-01;3.4250000e+02;2.2419961e-01;3.4250000e+02;2.0968620e-01;3.4250000e+02;2.0649365e-01;3.4250000e+02;1.4874402e-01;3.4250000e+02;8.5473955e-02;3.4250000e+02;3.0680403e-02;3.4250000e+02;-1.7026909e-02;3.4250000e+02;-6.1340265e-02;3.4250000e+02;-1.0487905e-01;3.4250000e+02;-1.4662945e-01;3.4250000e+02;-1.8941936e-01;3.4250000e+02;-8.8272884e-02;3.4250000e+02;-7.5009748e-02;3.4250000e+02;-4.1414294e-02;3.4250000e+02;1.3350850e-02;3.4250000e+02;6.9905907e-02;3.4250000e+02;1.2904471e-01;3.4250000e+02;1.9270867e-01;3.4250000e+02;2.2419961e-01;3.4250000e+02;2.0968620e-01;3.4250000e+02;2.0649365e-01;3.4250000e+02;1.4874402e-01;3.4250000e+02;8.5473955e-02;3.4250000e+02;3.0680403e-02;3.4250000e+02;-1.7026909e-02;3.4250000e+02;-6.1340265e-02;3.4250000e+02;-1.0487905e-01;3.4250000e+02;-1.4662945e-01;3.4250000e+02;-1.8941936e-01;3.4250000e+02;-8.8272884e-02;3.4250000e+02;-7.5009748e-02;3.4250000e+02;-4.1414294e-02;3.4250000e+02;1.3350850e-02;3.4250000e+02;6.9905907e-02;3.4250000e+02;1.2904471e-01;3.4250000e+02;1.9270867e-01;3.4250000e+02;2.2419961e-01;3.4250000e+02;2.0968620e-01;3.4250000e+02;2.0649365e-01;3.4250000e+02;1.4874402e-01;3.4250000e+02;8.5473955e-02;3.4250000e+02;3.0680403e-02;3.4250000e+02;-1.7026909e-02;3.4250000e+02;-6.1340265e-02;3.4250000e+02;-1.0487905e-01;3.4250000e+02;-1.4662945e-01;3.4250000e+02;-1.8941936e-01;3.4250000e+02;-8.8272884e-02;3.4250000e+02;-7.5009748e-02;3.4250000e+02;-4.1414294e-02;3.4250000e+02;1.3350850e-02;3.4250000e+02;6.9905907e-02;3.4250000e+02;1.2904471e-01;3.4250000e+02;1.9270867e-01;3.4250000e+02;2.2419961e-01;3.4250000e+02;2.0968620e-01;3.4250000e+02;2.0649365e-01;3.4250000e+02;1.4874402e-01;3.4250000e+02;8.5473955e-02;3.4250000e+02;3.0680403e-02;3.4250000e+02;-1.7026909e-02;3.4250000e+02;-6.1340265e-02;3.4250000e+02;-1.0487905e-01;3.4250000e+02;-1.4662945e-01;3.4250000e+02;-1.8941936e-01;3.4250000e+02;-8.8272884e-02;3.4250000e+02;-7.5009748e-02;3.4250000e+02;-4.1414294e-02;3.4250000e+02;1.3350850e-02;3.4250000e+02;6.9905907e-02;3.4250000e+02;1.2904471e-01;3.4250000e+02;1.9270867e-01;3.4250000e+02;2.2419961e-01;3.4250000e+02;2.0968620e-01;3.4250000e+02;2.0649365e-01;3.4250000e+02;1.4874402e-01;3.4250000e+02;8.5473955e-02;3.4250000e+02;3.0680403e-02;3.4250000e+02;-1.7026909e-02;3.4250000e+02;-6.1340265e-02;3.4250000e+02;-1.0487905e-01;3.4250000e+02;-1.4662945e-01;3.4250000e+02;-1.8941936e-01;3.4250000e+02;-8.8272884e-02;3.4250000e+02;-7.5009748e-02;3.4250000e+02;-4.1414294e-02;3.4250000e+02;1.3350850e-02;3.4250000e+02;6.9905907e-02;3.4250000e+02;1.2904471e-01;3.4250000e+02;1.9270867e-01;3.4250000e+02;2.2419961e-01;3.4250000e+02;2.0968620e-01;3.4250000e+02;2.0649365e-01;3.4250000e+02;1.4874402e-01;3.4250000e+02;8.5473955e-02;3.4250000e+02;3.0680403e-02;3.4250000e+02;-1.7026909e-02;3.4250000e+02;-6.1340265e-02;3.4250000e+02;-1.0487905e-01;3.4250000e+02;-1.4662945e-01;3.4250000e+02;-1.8941936e-01;3.4250000e+02;-8.8272884e-02;3.4250000e+02;-7.5009748e-02;3.4250000e+02;-4.1414294e-02;3.4250000e+02;1.3350850e-02;3.4250000e+02;6.9905907e-02;3.4250000e+02;1.2904471e-01;3.4250000e+02;1.9270867e-01;3.4250000e+02;2.2419961e-01;3.4250000e+02;2.0968620e-01;3.4250000e+02;2.0649365e-01;3.4250000e+02;1.4874402e-01;3.4250000e+02;8.5473955e-02;3.4250000e+02;3.0680403e-02;3.4250000e+02;-1.7026909e-02;3.4250000e+02;-6.1340265e-02;3.4250000e+02;-1.0487905e-01;3.4250000e+02;-1.4662945e-01;3.4250000e+02;-1.8941936e-01;3.4250000e+02;-8.8272884e-02;3.4250000e+02;-7.5009748e-02;3.4250000e+02;-4.1414294e-02;3.4250000e+02;1.3350850e-02;3.4250000e+02;6.9905907e-02;3.4250000e+02;1.2904471e-01;3.4250000e+02;1.9270867e-01;3.4250000e+02;2.2419961e-01;3.4250000e+02;2.0968620e-01;3.4250000e+02;2.0649365e-01;3.4250000e+02;1.4874402e-01;3.4250000e+02;8.5473955e-02;3.4250000e+02;3.0680403e-02;3.4250000e+02;-1.7026909e-02;3.4250000e+02;-6.1340265e-02;3.4250000e+02;-1.0487905e-01;3.4250000e+02;-1.4662945e-01;3.4250000e+02;-1.8941936e-01;3.4250000e+02;-8.8272884e-02;3.4250000e+02;-7.5009748e-02;3.4250000e+02;-4.1414294e-02;3.4250000e+02;1.3350850e-02;3.4250000e+02;6.9905907e-02;3.4250000e+02;1.2904471e-01;3.4250000e+02;1.9270867e-01;3.4250000e+02;2.2419961e-01;3.4250000e+02;2.0968620e-01;3.4250000e+02;2.0649365e-01;3.4250000e+02;1.4874402e-01;3.4250000e+02;8.5473955e-02;3.4250000e+02;3.0680403e-02;3.4250000e+02;-1.7026909e-02;3.4250000e+02;-6.1340265e-02;3.4250000e+02;-1.0487905e-01;3.4250000e+02;-1.4662945e-01;3.4250000e+02;-1.8941936e-01;3.4250000e+02;-8.8272884e-02;3.4250000e+02;-7.5009748e-02;3.4250000e+02;-4.1414294e-02;3.4250000e+02;1.3350850e-02;3.4250000e+02;6.9905907e-02;3.4250000e+02;1.2904471e-01;3.4250000e+02;1.9270867e-01;3.4250000e+02;2.2419961e-01;3.4250000e+02;2.0968620e-01;3.4250000e+02;2.0649365e-01;3.4250000e+02;1.4874402e-01;3.4250000e+02;8.5473955e-02;3.4250000e+02;3.0680403e-02;3.4250000e+02;-1.7026909e-02;3.4250000e+02;-6.1340265e-02;3.4250000e+02;-1.0487905e-01;3.4250000e+02;-1.4662945e-01;3.4250000e+02;-1.8941936e-01;3.4250000e+02;-8.8272884e-02;3.4250000e+02;-7.5009748e-02;3.4250000e+02;-4.1414294e-02;3.4250000e+02;1.3350850e-02;3.4250000e+02;6.9905907e-02;3.4250000e+02;1.2904471e-01;3.4250000e+02;1.9270867e-01;3.4250000e+02;2.2419961e-01;3.4250000e+02;2.0968620e-01;3.4250000e+02;2.0649365e-01;3.4250000e+02;1.4874402e-01;3.4250000e+02;8.5473955e-02;3.4250000e+02;3.0680403e-02;3.4250000e+02;-1.7026909e-02;3.4250000e+02;-6.1340265e-02;3.4250000e+02;-1.0487905e-01;3.4250000e+02;-1.4662945e-01;3.4250000e+02;-1.8941936e-01;3.4250000e+02;-8.8272884e-02;3.4250000e+02;-7.5009748e-02;3.4250000e+02;-4.1414294e-02;3.4250000e+02;1.3350850e-02;3.4250000e+02;6.9905907e-02;3.4250000e+02;1.2904471e-01;3.4250000e+02;1.9270867e-01;3.4250000e+02;2.2419961e-01;3.4250000e+02;2.0968620e-01;3.4250000e+02;2.0649365e-01;3.4250000e+02;1.4874402e-01;3.4250000e+02;8.5473955e-02;3.4250000e+02;3.0680403e-02;3.4250000e+02;-1.7026909e-02;3.4250000e+02;-6.1340265e-02;3.4250000e+02;-1.0487905e-01;3.4250000e+02;-1.4662945e-01;3.4250000e+02;-1.8941936e-01;3.4250000e+02;-8.8272884e-02;3.4250000e+02;-7.5009748e-02;3.4250000e+02;-4.1414294e-02;3.4250000e+02;1.3350850e-02;3.4250000e+02;6.9905907e-02;3.4250000e+02;1.2904471e-01;3.4250000e+02;1.9270867e-01;3.4250000e+02;2.2419961e-01;3.4250000e+02;2.0968620e-01;3.4250000e+02;2.0649365e-01;3.4250000e+02;1.4874402e-01;3.4250000e+02;8.5473955e-02;3.4250000e+02;3.0680403e-02;3.4250000e+02;-1.7026909e-02;3.4250000e+02;-6.1340265e-02;3.4250000e+02;-1.0487905e-01;3.4250000e+02;-1.4662945e-01;3.4250000e+02;-1.8941936e-01;3.4250000e+02;-8.8272884e-02;3.4250000e+02;-7.5009748e-02;3.4250000e+02;-4.1414294e-02;3.4250000e+02;1.3350850e-02;3.4250000e+02;6.9905907e-02;3.4250000e+02;1.2904471e-01;3.4250000e+02;1.9270867e-01;3.4250000e+02;2.2419961e-01;3.4250000e+02;2.0968620e-01;3.4250000e+02;2.0649365e-01;3.4250000e+02;1.4874402e-01;3.4250000e+02;8.5473955e-02;3.4250000e+02;3.0680403e-02;3.4250000e+02;-1.7026909e-02;3.4250000e+02;-6.1340265e-02;3.4250000e+02;-1.0487905e-01;3.4250000e+02;-1.4662945e-01;3.4250000e+02;-1.8941936e-01;3.4250000e+02;-8.8272884e-02;3.4250000e+02;-7.5009748e-02;3.4250000e+02;-4.1414294e-02;3.4250000e+02;1.3350850e-02;3.4250000e+02;6.9905907e-02;3.4250000e+02;1.2904471e-01;3.4250000e+02;1.9270867e-01;3.4250000e+02;2.2419961e-01;3.4250000e+02;2.0968620e-01;3.4250000e+02;2.0649365e-01;3.4250000e+02;1.4874402e-01;3.4250000e+02;8.5473955e-02;3.4250000e+02;3.0680403e-02;3.4250000e+02;-1.7026909e-02;3.4250000e+02;-6.1340265e-02;3.4250000e+02;-1.0487905e-01;3.4250000e+02;-1.4662945e-01;3.4250000e+02;-1.8941936e-01;3.4250000e+02;-8.8272884e-02;3.4250000e+02;-7.5009748e-02;3.4250000e+02;-4.1414294e-02;3.4250000e+02;1.3350850e-02;3.4250000e+02;6.9905907e-02;3.4250000e+02;1.2904471e-01;3.4250000e+02;1.9270867e-01;3.4250000e+02;2.2419961e-01;3.4250000e+02;2.0968620e-01;3.4250000e+02;2.0649365e-01;3.4250000e+02;1.4874402e-01;3.4250000e+02;8.5473955e-02;3.4250000e+02;3.0680403e-02;3.4250000e+02;-1.7026909e-02;3.4250000e+02;-6.1340265e-02;3.4250000e+02;-1.0487905e-01;3.4250000e+02;-1.4662945e-01;3.4250000e+02;-1.8941936e-01;3.4250000e+02;-8.8272884e-02;3.4250000e+02;-7.5009748e-02;3.4250000e+02;-4.1414294e-02;3.4250000e+02;1.3350850e-02;3.4250000e+02;6.9905907e-02;3.4250000e+02;1.2904471e-01;3.4250000e+02;1.9270867e-01;3.4250000e+02;2.2419961e-01;3.4250000e+02;2.0968620e-01;3.4250000e+02;2.0649365e-01;3.4250000e+02;1.4874402e-01;3.4250000e+02;8.5473955e-02;3.4250000e+02;3.0680403e-02;3.4250000e+02;-1.7026909e-02;3.4250000e+02;-6.1340265e-02;3.4250000e+02;-1.0487905e-01;3.4250000e+02;-1.4662945e-01;3.4250000e+02;-1.8941936e-01;3.4250000e+02;-8.8272884e-02;3.4250000e+02;-7.5009748e-02;3.4250000e+02;-4.1414294e-02;3.4250000e+02;1.3350850e-02;3.4250000e+02;6.9905907e-02;3.4250000e+02;1.2904471e-01;3.4250000e+02;1.9270867e-01;3.4250000e+02;2.2419961e-01;3.4250000e+02;2.0968620e-01;3.4250000e+02;2.0649365e-01;3.4250000e+02;1.4874402e-01;3.4250000e+02;8.5473955e-02;3.4250000e+02;3.0680403e-02;3.4250000e+02;-1.7026909e-02;3.4250000e+02;-6.1340265e-02;3.4250000e+02;-1.0487905e-01;3.4250000e+02;-1.4662945e-01;3.4250000e+02;-1.8941936e-01;3.4250000e+02;-8.8272884e-02;3.4250000e+02;-7.5009748e-02;3.4250000e+02;-4.1414294e-02;3.4250000e+02;1.3350850e-02;3.4250000e+02;6.9905907e-02;3.4250000e+02;1.2904471e-01;3.4250000e+02;1.9270867e-01;3.4250000e+02;2.2419961e-01;3.4250000e+02;2.0968620e-01;3.4250000e+02;2.0649365e-01;3.4250000e+02;1.4874402e-01;3.4250000e+02;8.5473955e-02;3.4250000e+02;3.0680403e-02;3.4250000e+02;-1.7026909e-02;3.4250000e+02;-6.1340265e-02;3.4250000e+02;-1.0487905e-01;3.4250000e+02;-1.4662945e-01;3.4250000e+02;-1.8941936e-01;3.4250000e+02;-8.8272884e-02;3.4250000e+02;-7.5009748e-02;3.4250000e+02;-4.1414294e-02;3.4250000e+02;1.3350850e-02;3.4250000e+02;6.9905907e-02;3.4250000e+02;1.2904471e-01;3.4250000e+02;1.9270867e-01;3.4250000e+02;2.2419961e-01;3.4250000e+02;2.0968620e-01;3.4250000e+02;2.0649365e-01;3.4250000e+02;1.4874402e-01;3.4250000e+02;8.5473955e-02;3.4250000e+02;3.0680403e-02;3.4250000e+02;-1.7026909e-02;3.4250000e+02;-6.1340265e-02;3.4250000e+02;-1.0487905e-01;3.4250000e+02;-1.4662945e-01;3.4250000e+02;-1.8941936e-01;3.4250000e+02;-8.8272884e-02;3.4250000e+02;-7.5009748e-02;3.4250000e+02;-4.1414294e-02;3.4250000e+02;1.3350850e-02;3.4250000e+02;6.9905907e-02;3.4250000e+02;1.2904471e-01;3.4250000e+02;1.9270867e-01;3.4250000e+02;2.2419961e-01;3.4250000e+02;2.0968620e-01;3.4250000e+02;2.0649365e-01;3.4250000e+02;1.4874402e-01;3.4250000e+02;8.5473955e-02;3.4250000e+02;3.0680403e-02;3.4250000e+02;-1.7026909e-02;3.4250000e+02;-6.1340265e-02;3.4250000e+02;-1.0487905e-01;3.4250000e+02;-1.4662945e-01;3.4250000e+02;-1.8941936e-01;3.4250000e+02;-8.8272884e-02;3.4250000e+02;-7.5009748e-02;3.4250000e+02;-4.1414294e-02;3.4250000e+02;1.3350850e-02;3.4250000e+02;6.9905907e-02;3.4250000e+02;1.2904471e-01;3.4250000e+02;1.9270867e-01;3.4250000e+02;2.2419961e-01;3.4250000e+02;2.0968620e-01;3.4250000e+02;2.0649365e-01;3.4250000e+02;1.4874402e-01;3.4250000e+02;8.5473955e-02;3.4250000e+02;3.0680403e-02;3.4250000e+02;-1.7026909e-02;3.4250000e+02;-6.1340265e-02;3.4250000e+02;-1.0487905e-01;3.4250000e+02;-1.4662945e-01;3.4250000e+02;-1.8941936e-01;3.4250000e+02;-8.8272884e-02;3.4250000e+02;-7.5009748e-02;3.4250000e+02;-4.1414294e-02;3.4250000e+02;1.3350850e-02;3.4250000e+02;6.9905907e-02;3.4250000e+02;1.2904471e-01;3.4250000e+02;1.9270867e-01;3.4250000e+02;2.2419961e-01;3.4250000e+02;2.0968620e-01;3.4250000e+02;2.0649365e-01;3.4250000e+02;1.4874402e-01;3.4250000e+02;8.5473955e-02;3.4250000e+02;3.0680403e-02;3.4250000e+02;-1.7026909e-02;3.4250000e+02;-6.1340265e-02;3.4250000e+02;-1.0487905e-01;3.4250000e+02;-1.4662945e-01;3.4250000e+02;-1.8941936e-01;3.4250000e+02;-8.8272884e-02;3.4250000e+02;-7.5009748e-02;3.4250000e+02;-4.1414294e-02;3.4250000e+02;1.3350850e-02;3.4250000e+02;6.9905907e-02;3.4250000e+02;1.2904471e-01;3.4250000e+02;1.9270867e-01;3.4250000e+02;2.2419961e-01;3.4250000e+02;2.0968620e-01;3.4250000e+02;2.0649365e-01;3.4250000e+02;1.4874402e-01;3.4250000e+02;8.5473955e-02;3.4250000e+02;3.0680403e-02;3.4250000e+02;-1.7026909e-02;3.4250000e+02;-6.1340265e-02;3.4250000e+02;-1.0487905e-01;3.4250000e+02;-1.4662945e-01;3.4250000e+02;-1.8941936e-01;3.4250000e+02;-8.8272884e-02;3.4250000e+02;-7.5009748e-02;3.4250000e+02;-4.1414294e-02;3.4250000e+02;1.3350850e-02;3.4250000e+02;6.9905907e-02;3.4250000e+02;1.2904471e-01;3.4250000e+02;1.9270867e-01;3.4250000e+02;2.2419961e-01;3.4250000e+02;2.0968620e-01;3.4250000e+02;2.0649365e-01;3.4250000e+02;1.4874402e-01;3.4250000e+02;8.5473955e-02;3.4250000e+02;3.0680403e-02;3.4250000e+02;-1.7026909e-02;3.4250000e+02;-6.1340265e-02;3.4250000e+02;-1.0487905e-01;3.4250000e+02;-1.4662945e-01;3.4250000e+02;-1.8941936e-01;3.4250000e+02;-8.8272884e-02;3.4250000e+02;-7.5009748e-02;3.4250000e+02;-4.1414294e-02;3.4250000e+02;1.3350850e-02;3.4250000e+02;6.9905907e-02;3.4250000e+02;1.2904471e-01;3.4250000e+02;1.9270867e-01;3.4250000e+02;2.2419961e-01;3.4250000e+02;2.0968620e-01;3.4250000e+02;2.0649365e-01;3.4250000e+02;1.4874402e-01;3.4250000e+02;8.5473955e-02;3.4250000e+02;3.0680403e-02;3.4250000e+02;-1.7026909e-02;3.4250000e+02;-6.1340265e-02;3.4250000e+02;-1.0487905e-01;3.4250000e+02;-1.4662945e-01;3.4250000e+02;-1.8941936e-01;3.4250000e+02;-8.8272884e-02;3.4250000e+02;-7.5009748e-02;3.4250000e+02;-4.1414294e-02;3.4250000e+02;1.3350850e-02;3.4250000e+02;6.9905907e-02;3.4250000e+02;1.2904471e-01;3.4250000e+02;1.9270867e-01;3.4250000e+02;2.2419961e-01;3.4250000e+02;2.0968620e-01;3.4250000e+02;2.0649365e-01;3.4250000e+02;1.4874402e-01;3.4250000e+02;8.5473955e-02;3.4250000e+02;3.0680403e-02;3.4250000e+02;-1.7026909e-02;3.4250000e+02;-6.1340265e-02;3.4250000e+02;-1.0487905e-01;3.4250000e+02;-1.4662945e-01;3.4250000e+02;-1.8941936e-01;3.4250000e+02;-8.8272884e-02;3.4250000e+02;-7.5009748e-02;3.4250000e+02;-4.1414294e-02;3.4250000e+02;1.3350850e-02;3.4250000e+02;6.9905907e-02;3.4250000e+02;1.2904471e-01;3.4250000e+02;1.9270867e-01;3.4250000e+02;2.2419961e-01;3.4250000e+02;2.0968620e-01;3.4250000e+02;2.0649365e-01;3.4250000e+02;1.4874402e-01;3.4250000e+02;8.5473955e-02;3.4250000e+02;3.0680403e-02;3.4250000e+02;-1.7026909e-02;3.4250000e+02;-6.1340265e-02;3.4250000e+02;-1.0487905e-01;3.4250000e+02;-1.4662945e-01;3.4250000e+02;-1.8941936e-01;3.4250000e+02;-8.8272884e-02;3.4250000e+02;-7.5009748e-02;3.4250000e+02;-4.1414294e-02;3.4250000e+02;1.3350850e-02;3.4250000e+02;6.9905907e-02;3.4250000e+02;1.2904471e-01;3.4250000e+02;1.9270867e-01;3.4250000e+02;2.2419961e-01;3.4250000e+02;2.0968620e-01;3.4250000e+02;2.0649365e-01;3.4250000e+02;1.4874402e-01;3.4250000e+02;8.5473955e-02;3.4250000e+02;3.0680403e-02;3.4250000e+02;-1.7026909e-02;3.4250000e+02;-6.1340265e-02;3.4250000e+02;-1.0487905e-01;3.4250000e+02;-1.4662945e-01;3.4250000e+02;-1.8941936e-01;3.4250000e+02;-8.8272884e-02;3.4250000e+02;-7.5009748e-02;3.4250000e+02;-4.1414294e-02;3.4250000e+02;1.3350850e-02;3.4250000e+02;6.9905907e-02;3.4250000e+02;1.2904471e-01;3.4250000e+02;1.9270867e-01;3.4250000e+02;2.2419961e-01;3.4250000e+02;2.0968620e-01;3.4250000e+02;2.0649365e-01;3.4250000e+02;1.4874402e-01;3.4250000e+02;8.5473955e-02;3.4250000e+02;3.0680403e-02;3.4250000e+02;-1.7026909e-02;3.4250000e+02;-6.1340265e-02;3.4250000e+02;-1.0487905e-01;3.4250000e+02;-1.4662945e-01;3.4250000e+02;-1.8941936e-01;3.4250000e+02;-8.8272884e-02;3.4250000e+02;-7.5009748e-02;3.4250000e+02;-4.1414294e-02;3.4250000e+02;1.3350850e-02;3.4250000e+02;6.9905907e-02;3.4250000e+02;1.2904471e-01;3.4250000e+02;1.9270867e-01;3.4250000e+02;2.2419961e-01;3.4250000e+02;2.0968620e-01;3.4250000e+02;2.0649365e-01;3.4250000e+02;1.4874402e-01;3.4250000e+02;8.5473955e-02;3.4250000e+02;3.0680403e-02;3.4250000e+02;-1.7026909e-02;3.4250000e+02;-6.1340265e-02;3.4250000e+02;-1.0487905e-01;3.4250000e+02;-1.4662945e-01;3.4250000e+02;-1.8941936e-01;3.4250000e+02;-8.8272884e-02;3.4250000e+02;-7.5009748e-02;3.4250000e+02;-4.1414294e-02;3.4250000e+02;1.3350850e-02;3.4250000e+02;6.9905907e-02;3.4250000e+02;1.2904471e-01;3.4250000e+02;1.9270867e-01;3.4250000e+02;2.2419961e-01;3.4250000e+02;2.0968620e-01;3.4250000e+02;2.0649365e-01;3.4250000e+02;1.4874402e-01;3.4250000e+02;8.5473955e-02;3.4250000e+02;3.0680403e-02;3.4250000e+02;-1.7026909e-02;3.4250000e+02;-6.1340265e-02;3.4250000e+02;-1.0487905e-01;3.4250000e+02;-1.4662945e-01;3.4250000e+02;-1.8941936e-01;3.4250000e+02;-8.8272884e-02;3.4250000e+02;-7.5009748e-02;3.4250000e+02;-4.1414294e-02;3.4250000e+02;1.3350850e-02;3.4250000e+02;6.9905907e-02;3.4250000e+02;1.2904471e-01;3.4250000e+02;1.9270867e-01;3.4250000e+02;2.2419961e-01;3.4250000e+02;2.0968620e-01;3.4250000e+02;2.0649365e-01;3.4250000e+02;1.4874402e-01;3.4250000e+02;8.5473955e-02;3.4250000e+02;3.0680403e-02;3.4250000e+02;-1.7026909e-02;3.4250000e+02;-6.1340265e-02;3.4250000e+02;-1.0487905e-01;3.4250000e+02;-1.4662945e-01;3.4250000e+02;-1.8941936e-01;3.4250000e+02;-8.8272884e-02;3.4250000e+02;-7.5009748e-02;3.4250000e+02;-4.1414294e-02;3.4250000e+02;1.3350850e-02;3.4250000e+02;6.9905907e-02;3.4250000e+02;1.2904471e-01;3.4250000e+02;1.9270867e-01;3.4250000e+02;2.2419961e-01;3.4250000e+02;2.0968620e-01;3.4250000e+02;2.0649365e-01;3.4250000e+02;1.4874402e-01;3.4250000e+02;8.5473955e-02;3.4250000e+02;3.0680403e-02;3.4250000e+02;-1.7026909e-02;3.4250000e+02;-6.1340265e-02;3.4250000e+02;-1.0487905e-01;3.4250000e+02;-1.4662945e-01;3.4250000e+02;-1.8941936e-01;3.4250000e+02;-8.8272884e-02;3.4250000e+02;-7.5009748e-02;3.4250000e+02;-4.1414294e-02;3.4250000e+02;1.3350850e-02;3.4250000e+02;6.9905907e-02;3.4250000e+02;1.2904471e-01;3.4250000e+02;1.9270867e-01;3.4250000e+02;2.2419961e-01;3.4250000e+02;2.0968620e-01;3.4250000e+02;2.0649365e-01;3.4250000e+02;1.4874402e-01;3.4250000e+02;8.5473955e-02;3.4250000e+02;3.0680403e-02;3.4250000e+02;-1.7026909e-02;3.4250000e+02;-6.1340265e-02;3.4250000e+02;-1.0487905e-01;3.4250000e+02;-1.4662945e-01;3.4250000e+02;-1.8941936e-01;3.4250000e+02;-8.8272884e-02;3.4250000e+02;-7.5009748e-02;3.4250000e+02;-4.1414294e-02;3.4250000e+02;1.3350850e-02;3.4250000e+02;6.9905907e-02;3.4250000e+02;1.2904471e-01;3.4250000e+02;1.9270867e-01;3.4250000e+02;2.2419961e-01;3.4250000e+02;2.0968620e-01;3.4250000e+02;2.0649365e-01;3.4250000e+02;1.4874402e-01;3.4250000e+02;8.5473955e-02;3.4250000e+02;3.0680403e-02;3.4250000e+02;-1.7026909e-02;3.4250000e+02;-6.1340265e-02;3.4250000e+02;-1.0487905e-01;3.4250000e+02;-1.4662945e-01;3.4250000e+02;-1.8941936e-01;3.4250000e+02;-8.8272884e-02;3.4250000e+02;-7.5009748e-02;3.4250000e+02;-4.1414294e-02;3.4250000e+02;1.3350850e-02;3.4250000e+02;6.9905907e-02;3.4250000e+02;1.2904471e-01;3.4250000e+02;1.9270867e-01;3.4250000e+02;2.2419961e-01;3.4250000e+02;2.0968620e-01;3.4250000e+02;2.0649365e-01;3.4250000e+02;1.4874402e-01;3.4250000e+02;8.5473955e-02;3.4250000e+02;3.0680403e-02;3.4250000e+02;-1.7026909e-02;3.4250000e+02;-6.1340265e-02;3.4250000e+02;-1.0487905e-01;3.4250000e+02;-1.4662945e-01;3.4250000e+02;-1.8941936e-01;3.4250000e+02;-8.8272884e-02;3.4250000e+02;-7.5009748e-02;3.4250000e+02;-4.1414294e-02;3.4250000e+02;1.3350850e-02;3.4250000e+02;6.9905907e-02;3.4250000e+02;1.2904471e-01;3.4250000e+02;1.9270867e-01;3.4250000e+02;2.2419961e-01;3.4250000e+02;2.0968620e-01;3.4250000e+02;2.0649365e-01;3.4250000e+02;1.4874402e-01;3.4250000e+02;8.5473955e-02;3.4250000e+02;3.0680403e-02;3.4250000e+02;-1.7026909e-02;3.4250000e+02;-6.1340265e-02;3.4250000e+02;-1.0487905e-01;3.4250000e+02;-1.4662945e-01;3.4250000e+02;-1.8941936e-01;3.4250000e+02;-8.8272884e-02;3.4250000e+02;-7.5009748e-02;3.4250000e+02;-4.1414294e-02;3.4250000e+02;1.3350850e-02;3.4250000e+02;6.9905907e-02;3.4250000e+02;1.2904471e-01;3.4250000e+02;1.9270867e-01;3.4250000e+02;2.2419961e-01;3.4250000e+02;2.0968620e-01;3.4250000e+02;2.0649365e-01;3.4250000e+02;1.4874402e-01;3.4250000e+02;8.5473955e-02;3.4250000e+02;3.0680403e-02;3.4250000e+02;-1.7026909e-02;3.4250000e+02;-6.1340265e-02;3.4250000e+02;-1.0487905e-01;3.4250000e+02;-1.4662945e-01;3.4250000e+02;-1.8941936e-01;3.4250000e+02;-8.8272884e-02;3.4250000e+02;-7.5009748e-02;3.4250000e+02;-4.1414294e-02;3.4250000e+02;1.3350850e-02;3.4250000e+02;6.9905907e-02;3.4250000e+02;1.2904471e-01;3.4250000e+02;1.9270867e-01;3.4250000e+02;2.2419961e-01;3.4250000e+02;2.0968620e-01;3.4250000e+02;2.0649365e-01;3.4250000e+02;1.4874402e-01;3.4250000e+02;8.5473955e-02;3.4250000e+02;3.0680403e-02;3.4250000e+02;-1.7026909e-02;3.4250000e+02;-6.1340265e-02;3.4250000e+02;-1.0487905e-01;3.4250000e+02;-1.4662945e-01;3.4250000e+02;-1.8941936e-01;3.4250000e+02;-8.8272884e-02;3.4250000e+02;-7.5009748e-02;3.4250000e+02;-4.1414294e-02;3.4250000e+02;1.3350850e-02;3.4250000e+02;6.9905907e-02;3.4250000e+02;1.2904471e-01;3.4250000e+02;1.9270867e-01;3.4250000e+02;2.2419961e-01;3.4250000e+02;2.0968620e-01;3.4250000e+02;2.0649365e-01;3.4250000e+02;1.4874402e-01;3.4250000e+02;8.5473955e-02;3.4250000e+02;3.0680403e-02;3.4250000e+02;-1.7026909e-02;3.4250000e+02;-6.1340265e-02;3.4250000e+02;-1.0487905e-01;3.4250000e+02;-1.4662945e-01;3.4250000e+02;-1.8941936e-01;3.4250000e+02;-8.8272884e-02;3.4250000e+02;-7.5009748e-02;3.4250000e+02;-4.1414294e-02;3.4250000e+02;1.3350850e-02;3.4250000e+02;6.9905907e-02;3.4250000e+02;1.2904471e-01;3.4250000e+02;1.9270867e-01;3.4250000e+02;2.2419961e-01;3.4250000e+02;2.0968620e-01;3.4250000e+02;2.0649365e-01;3.4250000e+02;1.4874402e-01;3.4250000e+02;8.5473955e-02;3.4250000e+02;3.0680403e-02;3.4250000e+02;-1.7026909e-02;3.4250000e+02;-6.1340265e-02;3.4250000e+02;-1.0487905e-01;3.4250000e+02;-1.4662945e-01;3.4250000e+02;-1.8941936e-01;3.4250000e+02;-8.8272884e-02;3.4250000e+02;-7.5009748e-02;3.4250000e+02;-4.1414294e-02;3.4250000e+02;1.3350850e-02;3.4250000e+02;6.9905907e-02;3.4250000e+02;1.2904471e-01;3.4250000e+02;1.9270867e-01;3.4250000e+02;2.2419961e-01;3.4250000e+02;2.0968620e-01;3.4250000e+02;2.0649365e-01;3.4250000e+02;1.4874402e-01;3.4250000e+02;8.5473955e-02;3.4250000e+02;3.0680403e-02;3.4250000e+02;-1.7026909e-02;3.4250000e+02;-6.1340265e-02;3.4250000e+02;-1.0487905e-01;3.4250000e+02;-1.4662945e-01;3.4250000e+02;-1.8941936e-01;3.4250000e+02;-8.8272884e-02;3.4250000e+02;-7.5009748e-02;3.4250000e+02;-4.1414294e-02;3.4250000e+02;1.3350850e-02;3.4250000e+02;6.9905907e-02;3.4250000e+02;1.2904471e-01;3.4250000e+02;1.9270867e-01;3.4250000e+02;2.2419961e-01;3.4250000e+02;2.0968620e-01;3.4250000e+02;2.0649365e-01;3.4250000e+02;1.4874402e-01;3.4250000e+02;8.5473955e-02;3.4250000e+02;3.0680403e-02;3.4250000e+02;-1.7026909e-02;3.4250000e+02;-6.1340265e-02;3.4250000e+02;-1.0487905e-01;3.4250000e+02;-1.4662945e-01;3.4250000e+02;-1.8941936e-01;3.4250000e+02;-8.8272884e-02;3.4250000e+02;-7.5009748e-02;3.4250000e+02;-4.1414294e-02;3.4250000e+02;1.3350850e-02;3.4250000e+02;6.9905907e-02;3.4250000e+02;1.2904471e-01;3.4250000e+02;1.9270867e-01;3.4250000e+02;2.2419961e-01;3.4250000e+02;2.0968620e-01;3.4250000e+02;2.0649365e-01;3.4250000e+02;1.4874402e-01;3.4250000e+02;8.5473955e-02;3.4250000e+02;3.0680403e-02;3.4250000e+02;-1.7026909e-02;3.4250000e+02;-6.1340265e-02;3.4250000e+02;-1.0487905e-01;3.4250000e+02;-1.4662945e-01;3.4250000e+02;-1.8941936e-01;3.4250000e+02;-8.8272884e-02;3.4250000e+02;-7.5009748e-02;3.4250000e+02;-4.1414294e-02;3.4250000e+02;1.3350850e-02;3.4250000e+02;6.9905907e-02;3.4250000e+02;1.2904471e-01;3.4250000e+02;1.9270867e-01;3.4250000e+02;2.2419961e-01;3.4250000e+02;2.0968620e-01;3.4250000e+02;2.0649365e-01;3.4250000e+02;1.4874402e-01;3.4250000e+02;8.5473955e-02;3.4250000e+02;3.0680403e-02;3.4250000e+02;-1.7026909e-02;3.4250000e+02;-6.1340265e-02;3.4250000e+02;-1.0487905e-01;3.4250000e+02;-1.4662945e-01;3.4250000e+02;-1.8941936e-01;3.4250000e+02;-8.8272884e-02;3.4250000e+02;-7.5009748e-02;3.4250000e+02;-4.1414294e-02;3.4250000e+02;1.3350850e-02;3.4250000e+02;6.9905907e-02;3.4250000e+02;1.2904471e-01;3.4250000e+02;1.9270867e-01;3.4250000e+02;2.2419961e-01;3.4250000e+02;2.0968620e-01;3.4250000e+02;2.0649365e-01;3.4250000e+02;1.4874402e-01;3.4250000e+02;8.5473955e-02;3.4250000e+02;3.0680403e-02;3.4250000e+02;-1.7026909e-02;3.4250000e+02;-6.1340265e-02;3.4250000e+02;-1.0487905e-01;3.4250000e+02;-1.4662945e-01;3.4250000e+02;-1.8941936e-01;3.4250000e+02;-8.8272884e-02;3.4250000e+02;-7.5009748e-02;3.4250000e+02;-4.1414294e-02;3.4250000e+02;1.3350850e-02;3.4250000e+02;6.9905907e-02;3.4250000e+02;1.2904471e-01;3.4250000e+02;1.9270867e-01;3.4250000e+02;2.2419961e-01;3.4250000e+02;2.0968620e-01;3.4250000e+02;2.0649365e-01;3.4250000e+02;1.4874402e-01;3.4250000e+02;8.5473955e-02;3.4250000e+02;3.0680403e-02;3.4250000e+02;-1.7026909e-02;3.4250000e+02;-6.1340265e-02;3.4250000e+02;-1.0487905e-01;3.4250000e+02;-1.4662945e-01;3.4250000e+02;-1.8941936e-01;3.4250000e+02;-8.8272884e-02;3.4250000e+02;-7.5009748e-02;3.4250000e+02;-4.1414294e-02;3.4250000e+02;1.3350850e-02;3.4250000e+02;6.9905907e-02;3.4250000e+02;1.2904471e-01;3.4250000e+02;1.9270867e-01;3.4250000e+02;2.2419961e-01;3.4250000e+02;2.0968620e-01;3.4250000e+02;2.0649365e-01;3.4250000e+02;1.4874402e-01;3.4250000e+02;8.5473955e-02;3.4250000e+02;3.0680403e-02;3.4250000e+02;-1.7026909e-02;3.4250000e+02;-6.1340265e-02;3.4250000e+02;-1.0487905e-01;3.4250000e+02;-1.4662945e-01;3.4250000e+02;-1.8941936e-01;3.4250000e+02;-8.8272884e-02;3.4250000e+02;-7.5009748e-02;3.4250000e+02;-4.1414294e-02;3.4250000e+02;1.3350850e-02;3.4250000e+02;6.9905907e-02;3.4250000e+02;1.2904471e-01;3.4250000e+02;1.9270867e-01;3.4250000e+02;2.2419961e-01;3.4250000e+02;2.0968620e-01;3.4250000e+02;2.0649365e-01;3.4250000e+02;1.4874402e-01;3.4250000e+02;8.5473955e-02;3.4250000e+02;3.0680403e-02;3.4250000e+02;-1.7026909e-02;3.4250000e+02;-6.1340265e-02;3.4250000e+02;-1.0487905e-01;3.4250000e+02;-1.4662945e-01;3.4250000e+02;-1.8941936e-01;3.4250000e+02;-8.8272884e-02;3.4250000e+02;-7.5009748e-02;3.4250000e+02;-4.1414294e-02;3.4250000e+02;1.3350850e-02;3.4250000e+02;6.9905907e-02;3.4250000e+02;1.2904471e-01;3.4250000e+02;1.9270867e-01;3.4250000e+02;2.2419961e-01;3.4250000e+02;2.0968620e-01;3.4250000e+02;2.0649365e-01;3.4250000e+02;1.4874402e-01;3.4250000e+02;8.5473955e-02;3.4250000e+02;3.0680403e-02;3.4250000e+02;-1.7026909e-02;3.4250000e+02;-6.1340265e-02;3.4250000e+02;-1.0487905e-01;3.4250000e+02;-1.4662945e-01;3.4250000e+02;-1.8941936e-01;3.4250000e+02;-8.8272884e-02;3.4250000e+02;-7.5009748e-02;3.4250000e+02;-4.1414294e-02;3.4250000e+02;1.3350850e-02;3.4250000e+02;6.9905907e-02;3.4250000e+02;1.2904471e-01;3.4250000e+02;1.9270867e-01;3.4250000e+02;2.2419961e-01;3.4250000e+02;2.0968620e-01;3.4250000e+02;2.0649365e-01;3.4250000e+02;1.4874402e-01;3.4250000e+02;8.5473955e-02;3.4250000e+02;3.0680403e-02;3.4250000e+02;-1.7026909e-02;3.4250000e+02;-6.1340265e-02;3.4250000e+02;-1.0487905e-01;3.4250000e+02;-1.4662945e-01;3.4250000e+02;-1.8941936e-01;3.4250000e+02;-8.8272884e-02;3.4250000e+02;-7.5009748e-02;3.4250000e+02;-4.1414294e-02;3.4250000e+02;1.3350850e-02;3.4250000e+02;6.9905907e-02;3.4250000e+02;1.2904471e-01;3.4250000e+02;1.9270867e-01;3.4250000e+02;2.2419961e-01;3.4250000e+02;2.0968620e-01;3.4250000e+02;2.0649365e-01;3.4250000e+02;1.4874402e-01;3.4250000e+02;8.5473955e-02;3.4250000e+02;3.0680403e-02;3.4250000e+02;-1.7026909e-02;3.4250000e+02;-6.1340265e-02;3.4250000e+02;-1.0487905e-01;3.4250000e+02;-1.4662945e-01;3.4250000e+02;-1.8941936e-01;3.4250000e+02;-8.8272884e-02;3.4250000e+02;-7.5009748e-02;3.4250000e+02;-4.1414294e-02;3.4250000e+02;1.3350850e-02;3.4250000e+02;6.9905907e-02;3.4250000e+02;1.2904471e-01;3.4250000e+02;1.9270867e-01;3.4250000e+02;2.2419961e-01;3.4250000e+02;2.0968620e-01;3.4250000e+02;2.0649365e-01;3.4250000e+02;1.4874402e-01;3.4250000e+02;8.5473955e-02;3.4250000e+02;3.0680403e-02;3.4250000e+02;-1.7026909e-02;3.4250000e+02;-6.1340265e-02;3.4250000e+02;-1.0487905e-01;3.4250000e+02;-1.4662945e-01;3.4250000e+02;-1.8941936e-01;3.4250000e+02;-8.8272884e-02;3.4250000e+02;-7.5009748e-02;3.4250000e+02;-4.1414294e-02;3.4250000e+02;1.3350850e-02;3.4250000e+02;6.9905907e-02;3.4250000e+02;1.2904471e-01;3.4250000e+02;1.9270867e-01;3.4250000e+02;2.2419961e-01;3.4250000e+02;2.0968620e-01;3.4250000e+02;2.0649365e-01;3.4250000e+02;1.4874402e-01;3.4250000e+02;8.5473955e-02;3.4250000e+02;3.0680403e-02;3.4250000e+02;-1.7026909e-02;3.4250000e+02;-6.1340265e-02;3.4250000e+02;-1.0487905e-01;3.4250000e+02;-1.4662945e-01;3.4250000e+02;-1.8941936e-01;3.4250000e+02;-8.8272884e-02;3.4250000e+02;-7.5009748e-02;3.4250000e+02;-4.1414294e-02;3.4250000e+02;1.3350850e-02;3.4250000e+02;6.9905907e-02;3.4250000e+02;1.2904471e-01;3.4250000e+02;1.9270867e-01;3.4250000e+02;2.2419961e-01;3.4250000e+02;2.0968620e-01;3.4250000e+02;2.0649365e-01;3.4250000e+02;1.4874402e-01;3.4250000e+02;8.5473955e-02;3.4250000e+02;3.0680403e-02;3.4250000e+02;-1.7026909e-02;3.4250000e+02;-6.1340265e-02;3.4250000e+02;-1.0487905e-01;3.4250000e+02;-1.4662945e-01;3.4250000e+02;-1.8941936e-01;3.4250000e+02;-8.8272884e-02;3.4250000e+02;-7.5009748e-02;3.4250000e+02;-4.1414294e-02;3.4250000e+02;1.3350850e-02;3.4250000e+02;6.9905907e-02;3.4250000e+02;1.2904471e-01;3.4250000e+02;1.9270867e-01;3.4250000e+02;2.2419961e-01;3.4250000e+02;2.0968620e-01;3.4250000e+02;2.0649365e-01;3.4250000e+02;1.4874402e-01;3.4250000e+02;8.5473955e-02;3.4250000e+02;3.0680403e-02;3.4250000e+02;-1.7026909e-02;3.4250000e+02;-6.1340265e-02;3.4250000e+02;-1.0487905e-01;3.4250000e+02;-1.4662945e-01;3.4250000e+02;-1.8941936e-01;3.4250000e+02;-8.8272884e-02;3.4250000e+02;-7.5009748e-02;3.4250000e+02;-4.1414294e-02;3.4250000e+02;1.3350850e-02;3.4250000e+02;6.9905907e-02;3.4250000e+02;1.2904471e-01;3.4250000e+02;1.9270867e-01;3.4250000e+02;2.2419961e-01;3.4250000e+02;2.0968620e-01;3.4250000e+02;2.0649365e-01;3.4250000e+02;1.4874402e-01;3.4250000e+02;8.5473955e-02;3.4250000e+02;3.0680403e-02;3.4250000e+02;-1.7026909e-02;3.4250000e+02;-6.1340265e-02;3.4250000e+02;-1.0487905e-01;3.4250000e+02;-1.4662945e-01;3.4250000e+02;-1.8941936e-01;3.4250000e+02;-8.8272884e-02;3.4250000e+02;-7.5009748e-02;3.4250000e+02;-4.1414294e-02;3.4250000e+02;1.3350850e-02;3.4250000e+02;6.9905907e-02;3.4250000e+02;1.2904471e-01;3.4250000e+02;1.9270867e-01;3.4250000e+02;2.2419961e-01;3.4250000e+02;2.0968620e-01;3.4250000e+02;2.0649365e-01;3.4250000e+02;1.4874402e-01;3.4250000e+02;8.5473955e-02;3.4250000e+02;3.0680403e-02;3.4250000e+02;-1.7026909e-02;3.4250000e+02;-6.1340265e-02;3.4250000e+02;-1.0487905e-01;3.4250000e+02;-1.4662945e-01;3.4250000e+02;-1.8941936e-01;3.4250000e+02;-8.8272884e-02;3.4250000e+02;-7.5009748e-02;3.4250000e+02;-4.1414294e-02;3.4250000e+02;1.3350850e-02;3.4250000e+02;6.9905907e-02;3.4250000e+02;1.2904471e-01;3.4250000e+02;1.9270867e-01;3.4250000e+02;2.2419961e-01;3.4250000e+02;2.0968620e-01;3.4250000e+02;2.0649365e-01;3.4250000e+02;1.4874402e-01;3.4250000e+02;8.5473955e-02;3.4250000e+02;3.0680403e-02;3.4250000e+02;-1.7026909e-02;3.4250000e+02;-6.1340265e-02;3.4250000e+02;-1.0487905e-01;3.4250000e+02;-1.4662945e-01;3.4250000e+02;-1.8941936e-01;3.4250000e+02;-8.8272884e-02;3.4250000e+02;-7.5009748e-02;3.4250000e+02;-4.1414294e-02;3.4250000e+02;1.3350850e-02;3.4250000e+02;6.9905907e-02;3.4250000e+02;1.2904471e-01;3.4250000e+02;1.9270867e-01;3.4250000e+02;2.2419961e-01;3.4250000e+02;2.0968620e-01;3.4250000e+02;2.0649365e-01;3.4250000e+02;1.4874402e-01;3.4250000e+02;8.5473955e-02;3.4250000e+02;3.0680403e-02;3.4250000e+02;-1.7026909e-02;3.4250000e+02;-6.1340265e-02;3.4250000e+02;-1.0487905e-01;3.4250000e+02;-1.4662945e-01;3.4250000e+02;-1.8941936e-01;3.4250000e+02;-8.8272884e-02;3.4250000e+02;-7.5009748e-02;3.4250000e+02;-4.1414294e-02;3.4250000e+02;1.3350850e-02;3.4250000e+02;6.9905907e-02;3.4250000e+02;1.2904471e-01;3.4250000e+02;1.9270867e-01;3.4250000e+02;2.2419961e-01;3.4250000e+02;2.0968620e-01;3.4250000e+02;2.0649365e-01;3.4250000e+02;1.4874402e-01;3.4250000e+02;8.5473955e-02;3.4250000e+02;3.0680403e-02;3.4250000e+02;-1.7026909e-02;3.4250000e+02;-6.1340265e-02;3.4250000e+02;-1.0487905e-01;3.4250000e+02;-1.4662945e-01;3.4250000e+02;-1.8941936e-01;3.4250000e+02;-8.8272884e-02;3.4250000e+02;-7.5009748e-02;3.4250000e+02;-4.1414294e-02;3.4250000e+02;1.3350850e-02;3.4250000e+02;6.9905907e-02;3.4250000e+02;1.2904471e-01;3.4250000e+02;1.9270867e-01;3.4250000e+02;2.2419961e-01;3.4250000e+02;2.0968620e-01;3.4250000e+02;2.0649365e-01;3.4250000e+02;1.4874402e-01;3.4250000e+02;8.5473955e-02;3.4250000e+02;3.0680403e-02;3.4250000e+02;-1.7026909e-02;3.4250000e+02;-6.1340265e-02;3.4250000e+02;-1.0487905e-01;3.4250000e+02;-1.4662945e-01;3.4250000e+02;-1.8941936e-01;3.4250000e+02;-8.8272884e-02;3.4250000e+02;-7.5009748e-02;3.4250000e+02;-4.1414294e-02;3.4250000e+02;1.3350850e-02;3.4250000e+02;6.9905907e-02;3.4250000e+02;1.2904471e-01;3.4250000e+02;1.9270867e-01;3.4250000e+02;2.2419961e-01;3.4250000e+02;2.0968620e-01;3.4250000e+02;2.0649365e-01;3.4250000e+02;1.4874402e-01;3.4250000e+02;8.5473955e-02;3.4250000e+02;3.0680403e-02;3.4250000e+02;-1.7026909e-02;3.4250000e+02;-6.1340265e-02;3.4250000e+02;-1.0487905e-01;3.4250000e+02;-1.4662945e-01;3.4250000e+02;-1.8941936e-01;3.4250000e+02;-8.8272884e-02;3.4250000e+02;-7.5009748e-02;3.4250000e+02;-4.1414294e-02;3.4250000e+02;1.3350850e-02;3.4250000e+02;6.9905907e-02;3.4250000e+02;1.2904471e-01;3.4250000e+02;1.9270867e-01;3.4250000e+02;2.2419961e-01;3.4250000e+02;2.0968620e-01;3.4250000e+02;2.0649365e-01;3.4250000e+02;1.4874402e-01;3.4250000e+02;8.5473955e-02;3.4250000e+02;3.0680403e-02;3.4250000e+02;-1.7026909e-02;3.4250000e+02;-6.1340265e-02;3.4250000e+02;-1.0487905e-01;3.4250000e+02;-1.4662945e-01;3.4250000e+02;-1.8941936e-01;3.4250000e+02;-8.8272884e-02;3.4250000e+02;-7.5009748e-02;3.4250000e+02;-4.1414294e-02;3.4250000e+02;1.3350850e-02;3.4250000e+02;6.9905907e-02;3.4250000e+02;1.2904471e-01;3.4250000e+02;1.9270867e-01;3.4250000e+02;2.2419961e-01;3.4250000e+02;2.0968620e-01;3.4250000e+02;2.0649365e-01;3.4250000e+02;1.4874402e-01;3.4250000e+02;8.5473955e-02;3.4250000e+02;3.0680403e-02;3.4250000e+02;-1.7026909e-02;3.4250000e+02;-6.1340265e-02;3.4250000e+02;-1.0487905e-01;3.4250000e+02;-1.4662945e-01;3.4250000e+02;-1.8941936e-01;3.4250000e+02;-8.8272884e-02;3.4250000e+02;-7.5009748e-02;3.4250000e+02;-4.1414294e-02;3.4250000e+02;1.3350850e-02;3.4250000e+02;6.9905907e-02;3.4250000e+02;1.2904471e-01;3.4250000e+02;1.9270867e-01;3.4250000e+02;2.2419961e-01;3.4250000e+02;2.0968620e-01;3.4250000e+02;2.0649365e-01;3.4250000e+02;1.4874402e-01;3.4250000e+02;8.5473955e-02;3.4250000e+02;3.0680403e-02;3.4250000e+02;-1.7026909e-02;3.4250000e+02;-6.1340265e-02;3.4250000e+02;-1.0487905e-01;3.4250000e+02;-1.4662945e-01;3.4250000e+02;-1.8941936e-01;3.4250000e+02;-8.8272884e-02;3.4250000e+02;-7.5009748e-02;3.4250000e+02;-4.1414294e-02;3.4250000e+02;1.3350850e-02;3.4250000e+02;6.9905907e-02;3.4250000e+02;1.2904471e-01;3.4250000e+02;1.9270867e-01;3.4250000e+02;2.2419961e-01;3.4250000e+02;2.0968620e-01;3.4250000e+02;2.0649365e-01;3.4250000e+02;1.4874402e-01;3.4250000e+02;8.5473955e-02;3.4250000e+02;3.0680403e-02;3.4250000e+02;-1.7026909e-02;3.4250000e+02;-6.1340265e-02;3.4250000e+02;-1.0487905e-01;3.4250000e+02;-1.4662945e-01;3.4250000e+02;-1.8941936e-01;3.4250000e+02;-8.8272884e-02;3.4250000e+02;-7.5009748e-02;3.4250000e+02;-4.1414294e-02;3.4250000e+02;1.3350850e-02;3.4250000e+02;6.9905907e-02;3.4250000e+02;1.2904471e-01;3.4250000e+02;1.9270867e-01;3.4250000e+02;2.2419961e-01;3.4250000e+02;2.0968620e-01;3.4250000e+02;2.0649365e-01;3.4250000e+02;1.4874402e-01;3.4250000e+02;8.5473955e-02;3.4250000e+02;3.0680403e-02;3.4250000e+02;-1.7026909e-02;3.4250000e+02;-6.1340265e-02;3.4250000e+02;-1.0487905e-01;3.4250000e+02;-1.4662945e-01;3.4250000e+02;-1.8941936e-01;3.4250000e+02;-8.8272884e-02;3.4250000e+02;-7.5009748e-02;3.4250000e+02;-4.1414294e-02;3.4250000e+02;1.3350850e-02;3.4250000e+02;6.9905907e-02;3.4250000e+02;1.2904471e-01;3.4250000e+02;1.9270867e-01;3.4250000e+02;2.2419961e-01;3.4250000e+02;2.0968620e-01;3.4250000e+02;2.0649365e-01;3.4250000e+02;1.4874402e-01;3.4250000e+02;8.5473955e-02;3.4250000e+02;3.0680403e-02;3.4250000e+02;-1.7026909e-02;3.4250000e+02;-6.1340265e-02;3.4250000e+02;-1.0487905e-01;3.4250000e+02;-1.4662945e-01;3.4250000e+02;-1.8941936e-01;3.4250000e+02;-8.8272884e-02;3.4250000e+02;-7.5009748e-02;3.4250000e+02;-4.1414294e-02;3.4250000e+02;1.3350850e-02;3.4250000e+02;6.9905907e-02;3.4250000e+02;1.2904471e-01;3.4250000e+02;1.9270867e-01;3.4250000e+02;2.2419961e-01;3.4250000e+02;2.0968620e-01;3.4250000e+02;2.0649365e-01;3.4250000e+02;1.4874402e-01;3.4250000e+02;8.5473955e-02;3.4250000e+02;3.0680403e-02;3.4250000e+02;-1.7026909e-02;3.4250000e+02;-6.1340265e-02;3.4250000e+02;-1.0487905e-01;3.4250000e+02;-1.4662945e-01;3.4250000e+02;-1.8941936e-01;3.4250000e+02;-8.8272884e-02;3.4250000e+02;-7.5009748e-02;3.4250000e+02;-4.1414294e-02;3.4250000e+02;1.3350850e-02;3.4250000e+02;6.9905907e-02;3.4250000e+02;1.2904471e-01;3.4250000e+02;1.9270867e-01;3.4250000e+02;2.2419961e-01;3.4250000e+02;2.0968620e-01;3.4250000e+02;2.0649365e-01;3.4250000e+02;1.4874402e-01;3.4250000e+02;8.5473955e-02;3.4250000e+02;3.0680403e-02;3.4250000e+02;-1.7026909e-02;3.4250000e+02;-6.1340265e-02;3.4250000e+02;-1.0487905e-01;3.4250000e+02;-1.4662945e-01;3.4250000e+02;-1.8941936e-01;3.4250000e+02;-8.8272884e-02;3.4250000e+02;-7.5009748e-02;3.4250000e+02;-4.1414294e-02;3.4250000e+02;1.3350850e-02;3.4250000e+02;6.9905907e-02;3.4250000e+02;1.2904471e-01;3.4250000e+02;1.9270867e-01;3.4250000e+02;2.2419961e-01;3.4250000e+02;2.0968620e-01;3.4250000e+02;2.0649365e-01;3.4250000e+02;1.4874402e-01;3.4250000e+02;8.5473955e-02;3.4250000e+02;3.0680403e-02;3.4250000e+02;-1.7026909e-02;3.4250000e+02;-6.1340265e-02;3.4250000e+02;-1.0487905e-01;3.4250000e+02;-1.4662945e-01;3.4250000e+02;-1.8941936e-01;3.4250000e+02;-8.8272884e-02;3.4250000e+02;-7.5009748e-02;3.4250000e+02;-4.1414294e-02;3.4250000e+02;1.3350850e-02;3.4250000e+02;6.9905907e-02;3.4250000e+02;1.2904471e-01;3.4250000e+02;1.9270867e-01;3.4250000e+02;2.2419961e-01;3.4250000e+02;2.0968620e-01;3.4250000e+02;2.0649365e-01;3.4250000e+02;1.4874402e-01;3.4250000e+02;8.5473955e-02;3.4250000e+02;3.0680403e-02;3.4250000e+02;-1.7026909e-02;3.4250000e+02;-6.1340265e-02;3.4250000e+02;-1.0487905e-01;3.4250000e+02;-1.4662945e-01;3.4250000e+02;-1.8941936e-01;3.4250000e+02;-8.8272884e-02;3.4250000e+02;-7.5009748e-02;3.4250000e+02;-4.1414294e-02;3.4250000e+02;1.3350850e-02;3.4250000e+02;6.9905907e-02;3.4250000e+02;1.2904471e-01;3.4250000e+02;1.9270867e-01;3.4250000e+02;2.2419961e-01;3.4250000e+02;2.0968620e-01;3.4250000e+02;2.0649365e-01;3.4250000e+02;1.4874402e-01;3.4250000e+02;8.5473955e-02;3.4250000e+02;3.0680403e-02;3.4250000e+02;-1.7026909e-02;3.4250000e+02;-6.1340265e-02;3.4250000e+02;-1.0487905e-01;3.4250000e+02;-1.4662945e-01;3.4250000e+02;-1.8941936e-01;3.4250000e+02;-8.8272884e-02;3.4250000e+02;-7.5009748e-02;3.4250000e+02;-4.1414294e-02;3.4250000e+02;1.3350850e-02;3.4250000e+02;6.9905907e-02;3.4250000e+02;1.2904471e-01;3.4250000e+02;1.9270867e-01;3.4250000e+02;2.2419961e-01;3.4250000e+02;2.0968620e-01;3.4250000e+02;2.0649365e-01;3.4250000e+02;1.4874402e-01;3.4250000e+02;8.5473955e-02;3.4250000e+02;3.0680403e-02;3.4250000e+02;-1.7026909e-02;3.4250000e+02;-6.1340265e-02;3.4250000e+02;-1.0487905e-01;3.4250000e+02;-1.4662945e-01;3.4250000e+02;-1.8941936e-01;3.4250000e+02;-8.8272884e-02;3.4250000e+02;-7.5009748e-02;3.4250000e+02;-4.1414294e-02;3.4250000e+02;1.3350850e-02;3.4250000e+02;6.9905907e-02;3.4250000e+02;1.2904471e-01;3.4250000e+02;1.9270867e-01;3.4250000e+02;2.2419961e-01;3.4250000e+02;2.0968620e-01;3.4250000e+02;2.0649365e-01;3.4250000e+02;1.4874402e-01;3.4250000e+02;8.5473955e-02;3.4250000e+02;3.0680403e-02;3.4250000e+02;-1.7026909e-02;3.4250000e+02;-6.1340265e-02;3.4250000e+02;-1.0487905e-01;3.4250000e+02;-1.4662945e-01;3.4250000e+02;-1.8941936e-01;3.4250000e+02;-8.8272884e-02;3.4250000e+02;-7.5009748e-02;3.4250000e+02;-4.1414294e-02;3.4250000e+02;1.3350850e-02;3.4250000e+02;6.9905907e-02;3.4250000e+02;1.2904471e-01;3.4250000e+02;1.9270867e-01;3.4250000e+02;2.2419961e-01;3.4250000e+02;2.0968620e-01;3.4250000e+02;2.0649365e-01;3.4250000e+02;1.4874402e-01;3.4250000e+02;8.5473955e-02;3.4250000e+02;3.0680403e-02;3.4250000e+02;-1.7026909e-02;3.4250000e+02;-6.1340265e-02;3.4250000e+02;-1.0487905e-01;3.4250000e+02;-1.4662945e-01;3.4250000e+02;-1.8941936e-01;3.4250000e+02;-8.8272884e-02;3.4250000e+02;-7.5009748e-02;3.4250000e+02;-4.1414294e-02;3.4250000e+02;1.3350850e-02;3.4250000e+02;6.9905907e-02;3.4250000e+02;1.2904471e-01;3.4250000e+02;1.9270867e-01;3.4250000e+02;2.2419961e-01;3.4250000e+02;2.0968620e-01;3.4250000e+02;2.0649365e-01;3.4250000e+02;1.4874402e-01;3.4250000e+02;8.5473955e-02;3.4250000e+02;3.0680403e-02;3.4250000e+02;-1.7026909e-02;3.4250000e+02;-6.1340265e-02;3.4250000e+02;-1.0487905e-01;3.4250000e+02;-1.4662945e-01;3.4250000e+02;-1.8941936e-01;3.4250000e+02;-8.8272884e-02;3.4250000e+02;-7.5009748e-02;3.4250000e+02;-4.1414294e-02;3.4250000e+02;1.3350850e-02;3.4250000e+02;6.9905907e-02;3.4250000e+02;1.2904471e-01;3.4250000e+02;1.9270867e-01;3.4250000e+02;2.2419961e-01;3.4250000e+02;2.0968620e-01;3.4250000e+02;2.0649365e-01;3.4250000e+02;1.4874402e-01;3.4250000e+02;8.5473955e-02;3.4250000e+02;3.0680403e-02;3.4250000e+02;-1.7026909e-02;3.4250000e+02;-6.1340265e-02;3.4250000e+02;-1.0487905e-01;3.4250000e+02;-1.4662945e-01;3.4250000e+02;-1.8941936e-01;3.4250000e+02;-8.8272884e-02;3.4250000e+02;-7.5009748e-02;3.4250000e+02;-4.1414294e-02;3.4250000e+02;1.3350850e-02;3.4250000e+02;6.9905907e-02;3.4250000e+02;1.2904471e-01;3.4250000e+02;1.9270867e-01;3.4250000e+02;2.2419961e-01;3.4250000e+02;2.0968620e-01;3.4250000e+02;2.0649365e-01;3.4250000e+02;1.4874402e-01;3.4250000e+02;8.5473955e-02;3.4250000e+02;3.0680403e-02;3.4250000e+02;-1.7026909e-02;3.4250000e+02;-6.1340265e-02;3.4250000e+02;-1.0487905e-01;3.4250000e+02;-1.4662945e-01;3.4250000e+02;-1.8941936e-01;3.4250000e+02;-8.8272884e-02;3.4250000e+02;-7.5009748e-02;3.4250000e+02;-4.1414294e-02;3.4250000e+02;1.3350850e-02;3.4250000e+02;6.9905907e-02;3.4250000e+02;1.2904471e-01;3.4250000e+02;1.9270867e-01;3.4250000e+02;2.2419961e-01;3.4250000e+02;2.0968620e-01;3.4250000e+02;2.0649365e-01;3.4250000e+02;1.4874402e-01;3.4250000e+02;8.5473955e-02;3.4250000e+02;3.0680403e-02;3.4250000e+02;-1.7026909e-02;3.4250000e+02;-6.1340265e-02;3.4250000e+02;-1.0487905e-01;3.4250000e+02;-1.4662945e-01;3.4250000e+02;-1.8941936e-01;3.4250000e+02;-8.8272884e-02;3.4250000e+02;-7.5009748e-02;3.4250000e+02;-4.1414294e-02;3.4250000e+02;1.3350850e-02;3.4250000e+02;6.9905907e-02;3.4250000e+02;1.2904471e-01;3.4250000e+02;1.9270867e-01;3.4250000e+02;2.2419961e-01;3.4250000e+02;2.0968620e-01;3.4250000e+02;2.0649365e-01;3.4250000e+02;1.4874402e-01;3.4250000e+02;8.5473955e-02;3.4250000e+02;3.0680403e-02;3.4250000e+02;-1.7026909e-02;3.4250000e+02;-6.1340265e-02;3.4250000e+02;-1.0487905e-01;3.4250000e+02;-1.4662945e-01;3.4250000e+02;-1.8941936e-01;3.4250000e+02;-8.8272884e-02;3.4250000e+02;-7.5009748e-02;3.4250000e+02;-4.1414294e-02;3.4250000e+02;1.3350850e-02;3.4250000e+02;6.9905907e-02;3.4250000e+02;1.2904471e-01;3.4250000e+02;1.9270867e-01;3.4250000e+02;2.2419961e-01;3.4250000e+02;2.0968620e-01;3.4250000e+02;2.0649365e-01;3.4250000e+02;1.4874402e-01;3.4250000e+02;8.5473955e-02;3.4250000e+02;3.0680403e-02;3.4250000e+02;-1.7026909e-02;3.4250000e+02;-6.1340265e-02;3.4250000e+02;-1.0487905e-01;3.4250000e+02;-1.4662945e-01;3.4250000e+02;-1.8941936e-01;3.4250000e+02;-8.8272884e-02;3.4250000e+02;-7.5009748e-02;3.4250000e+02;-4.1414294e-02;3.4250000e+02;1.3350850e-02;3.4250000e+02;6.9905907e-02;3.4250000e+02;1.2904471e-01;3.4250000e+02;1.9270867e-01;3.4250000e+02;2.2419961e-01;3.4250000e+02;2.0968620e-01;3.4250000e+02;2.0649365e-01;3.4250000e+02;1.4874402e-01;3.4250000e+02;8.5473955e-02;3.4250000e+02;3.0680403e-02;3.4250000e+02;-1.7026909e-02;3.4250000e+02;-6.1340265e-02;3.4250000e+02;-1.0487905e-01;3.4250000e+02;-1.4662945e-01;3.4250000e+02;-1.8941936e-01;3.4250000e+02;-8.8272884e-02;3.4250000e+02;-7.5009748e-02;3.4250000e+02;-4.1414294e-02;3.4250000e+02;1.3350850e-02;3.4250000e+02;6.9905907e-02;3.4250000e+02;1.2904471e-01;3.4250000e+02;1.9270867e-01;3.4250000e+02;2.2419961e-01;3.4250000e+02;2.0968620e-01;3.4250000e+02;2.0649365e-01;3.4250000e+02;1.4874402e-01;3.4250000e+02;8.5473955e-02;3.4250000e+02;3.0680403e-02;3.4250000e+02;-1.7026909e-02;3.4250000e+02;-6.1340265e-02;3.4250000e+02;-1.0487905e-01;3.4250000e+02;-1.4662945e-01;3.4250000e+02;-1.8941936e-01
3.4750000e+02;-8.4671922e-02;3.4750000e+02;-7.6973870e-02;3.4750000e+02;-4.5606133e-02;3.4750000e+02;5.1048491e-03;3.4750000e+02;6.1321210e-02;3.4750000e+02;1.2712774e-01;3.4750000e+02;1.8568952e-01;3.4750000e+02;2.1455410e-01;3.4750000e+02;2.0225102e-01;3.4750000e+02;2.0866072e-01;3.4750000e+02;1.5718016e-01;3.4750000e+02;9.6042529e-02;3.4750000e+02;4.2059533e-02;3.4750000e+02;-5.8471113e-03;3.4750000e+02;-4.9980059e-02;3.4750000e+02;-9.3429245e-02;3.4750000e+02;-1.3666579e-01;3.4750000e+02;-1.7817135e-01;3.4750000e+02;-8.4671922e-02;3.4750000e+02;-7.6973870e-02;3.4750000e+02;-4.5606133e-02;3.4750000e+02;5.1048491e-03;3.4750000e+02;6.1321210e-02;3.4750000e+02;1.2712774e-01;3.4750000e+02;1.8568952e-01;3.4750000e+02;2.1455410e-01;3.4750000e+02;2.0225102e-01;3.4750000e+02;2.0866072e-01;3.4750000e+02;1.5718016e-01;3.4750000e+02;9.6042529e-02;3.4750000e+02;4.2059533e-02;3.4750000e+02;-5.8471113e-03;3.4750000e+02;-4.9980059e-02;3.4750000e+02;-9.3429245e-02;3.4750000e+02;-1.3666579e-01;3.4750000e+02;-1.7817135e-01;3.4750000e+02;-8.4671922e-02;3.4750000e+02;-7.6973870e-02;3.4750000e+02;-4.5606133e-02;3.4750000e+02;5.1048491e-03;3.4750000e+02;6.1321210e-02;3.4750000e+02;1.2712774e-01;3.4750000e+02;1.8568952e-01;3.4750000e+02;2.1455410e-01;3.4750000e+02;2.0225102e-01;3.4750000e+02;2.0866072e-01;3.4750000e+02;1.5718016e-01;3.4750000e+02;9.6042529e-02;3.4750000e+02;4.2059533e-02;3.4750000e+02;-5.8471113e-03;3.4750000e+02;-4.9980059e-02;3.4750000e+02;-9.3429245e-02;3.4750000e+02;-1.3666579e-01;3.4750000e+02;-1.7817135e-01;3.4750000e+02;-8.4671922e-02;3.4750000e+02;-7.6973870e-02;3.4750000e+02;-4.5606133e-02;3.4750000e+02;5.1048491e-03;3.4750000e+02;6.1321210e-02;3.4750000e+02;1.2712774e-01;3.4750000e+02;1.8568952e-01;3.4750000e+02;2.1455410e-01;3.4750000e+02;2.0225102e-01;3.4750000e+02;2.0866072e-01;3.4750000e+02;1.5718016e-01;3.4750000e+02;9.6042529e-02;3.4750000e+02;4.2059533e-02;3.4750000e+02;-5.8471113e-03;3.4750000e+02;-4.9980059e-02;3.4750000e+02;-9.3429245e-02;3.4750000e+02;-1.3666579e-01;3.4750000e+02;-1.7817135e-01;3.4750000e+02;-8.4671922e-02;3.4750000e+02;-7.6973870e-02;3.4750000e+02;-4.5606133e-02;3.4750000e+02;5.1048491e-03;3.4750000e+02;6.1321210e-02;3.4750000e+02;1.2712774e-01;3.4750000e+02;1.8568952e-01;3.4750000e+02;2.1455410e-01;3.4750000e+02;2.0225102e-01;3.4750000e+02;2.0866072e-01;3.4750000e+02;1.5718016e-01;3.4750000e+02;9.6042529e-02;3.4750000e+02;4.2059533e-02;3.4750000e+02;-5.8471113e-03;3.4750000e+02;-4.9980059e-02;3.4750000e+02;-9.3429245e-02;3.4750000e+02;-1.3666579e-01;3.4750000e+02;-1.7817135e-01;3.4750000e+02;-8.4671922e-02;3.4750000e+02;-7.6973870e-02;3.4750000e+02;-4.5606133e-02;3.4750000e+02;5.1048491e-03;3.4750000e+02;6.1321210e-02;3.4750000e+02;1.2712774e-01;3.4750000e+02;1.8568952e-01;3.4750000e+02;2.1455410e-01;3.4750000e+02;2.0225102e-01;3.4750000e+02;2.0866072e-01;3.4750000e+02;1.5718016e-01;3.4750000e+02;9.6042529e-02;3.4750000e+02;4.2059533e-02;3.4750000e+02;-5.8471113e-03;3.4750000e+02;-4.9980059e-02;3.4750000e+02;-9.3429245e-02;3.4750000e+02;-1.3666579e-01;3.4750000e+02;-1.7817135e-01;3.4750000e+02;-8.4671922e-02;3.4750000e+02;-7.6973870e-02;3.4750000e+02;-4.5606133e-02;3.4750000e+02;5.1048491e-03;3.4750000e+02;6.1321210e-02;3.4750000e+02;1.2712774e-01;3.4750000e+02;1.8568952e-01;3.4750000e+02;2.1455410e-01;3.4750000e+02;2.0225102e-01;3.4750000e+02;2.0866072e-01;3.4750000e+02;1.5718016e-01;3.4750000e+02;9.6042529e-02;3.4750000e+02;4.2059533e-02;3.4750000e+02;-5.8471113e-03;3.4750000e+02;-4.9980059e-02;3.4750000e+02;-9.3429245e-02;3.4750000e+02;-1.3666579e-01;3.4750000e+02;-1.7817135e-01;3.4750000e+02;-8.4671922e-02;3.4750000e+02;-7.6973870e-02;3.4750000e+02;-4.5606133e-02;3.4750000e+02;5.1048491e-03;3.4750000e+02;6.1321210e-02;3.4750000e+02;1.2712774e-01;3.4750000e+02;1.8568952e-01;3.4750000e+02;2.1455410e-01;3.4750000e+02;2.0225102e-01;3.4750000e+02;2.0866072e-01;3.4750000e+02;1.5718016e-01;3.4750000e+02;9.6042529e-02;3.4750000e+02;4.2059533e-02;3.4750000e+02;-5.8471113e-03;3.4750000e+02;-4.9980059e-02;3.4750000e+02;-9.3429245e-02;3.4750000e+02;-1.3666579e-01;3.4750000e+02;-1.7817135e-01;3.4750000e+02;-8.4671922e-02;3.4750000e+02;-7.6973870e-02;3.4750000e+02;-4.5606133e-02;3.4750000e+02;5.1048491e-03;3.4750000e+02;6.1321210e-02;3.4750000e+02;1.2712774e-01;3.4750000e+02;1.8568952e-01;3.4750000e+02;2.1455410e-01;3.4750000e+02;2.0225102e-01;3.4750000e+02;2.0866072e-01;3.4750000e+02;1.5718016e-01;3.4750000e+02;9.6042529e-02;3.4750000e+02;4.2059533e-02;3.4750000e+02;-5.8471113e-03;3.4750000e+02;-4.9980059e-02;3.4750000e+02;-9.3429245e-02;3.4750000e+02;-1.3666579e-01;3.4750000e+02;-1.7817135e-01;3.4750000e+02;-8.4671922e-02;3.4750000e+02;-7.6973870e-02;3.4750000e+02;-4.5606133e-02;3.4750000e+02;5.1048491e-03;3.4750000e+02;6.1321210e-02;3.4750000e+02;1.2712774e-01;3.4750000e+02;1.8568952e-01;3.4750000e+02;2.1455410e-01;3.4750000e+02;2.0225102e-01;3.4750000e+02;2.0866072e-01;3.4750000e+02;1.5718016e-01;3.4750000e+02;9.6042529e-02;3.4750000e+02;4.2059533e-02;3.4750000e+02;-5.8471113e-03;3.4750000e+02;-4.9980059e-02;3.4750000e+02;-9.3429245e-02;3.4750000e+02;-1.3666579e-01;3.4750000e+02;-1.7817135e-01;3.4750000e+02;-8.4671922e-02;3.4750000e+02;-7.6973870e-02;3.4750000e+02;-4.5606133e-02;3.4750000e+02;5.1048491e-03;3.4750000e+02;6.1321210e-02;3.4750000e+02;1.2712774e-01;3.4750000e+02;1.8568952e-01;3.4750000e+02;2.1455410e-01;3.4750000e+02;2.0225102e-01;3.4750000e+02;2.0866072e-01;3.4750000e+02;1.5718016e-01;3.4750000e+02;9.6042529e-02;3.4750000e+02;4.2059533e-02;3.4750000e+02;-5.8471113e-03;3.4750000e+02;-4.9980059e-02;3.4750000e+02;-9.3429245e-02;3.4750000e+02;-1.3666579e-01;3.4750000e+02;-1.7817135e-01;3.4750000e+02;-8.4671922e-02;3.4750000e+02;-7.6973870e-02;3.4750000e+02;-4.5606133e-02;3.4750000e+02;5.1048491e-03;3.4750000e+02;6.1321210e-02;3.4750000e+02;1.2712774e-01;3.4750000e+02;1.8568952e-01;3.4750000e+02;2.1455410e-01;3.4750000e+02;2.0225102e-01;3.4750000e+02;2.0866072e-01;3.4750000e+02;1.5718016e-01;3.4750000e+02;9.6042529e-02;3.4750000e+02;4.2059533e-02;3.4750000e+02;-5.8471113e-03;3.4750000e+02;-4.9980059e-02;3.4750000e+02;-9.3429245e-02;3.4750000e+02;-1.3666579e-01;3.4750000e+02;-1.7817135e-01;3.4750000e+02;-8.4671922e-02;3.4750000e+02;-7.6973870e-02;3.4750000e+02;-4.5606133e-02;3.4750000e+02;5.1048491e-03;3.4750000e+02;6.1321210e-02;3.4750000e+02;1.2712774e-01;3.4750000e+02;1.8568952e-01;3.4750000e+02;2.1455410e-01;3.4750000e+02;2.0225102e-01;3.4750000e+02;2.0866072e-01;3.4750000e+02;1.5718016e-01;3.4750000e+02;9.6042529e-02;3.4750000e+02;4.2059533e-02;3.4750000e+02;-5.8471113e-03;3.4750000e+02;-4.9980059e-02;3.4750000e+02;-9.3429245e-02;3.4750000e+02;-1.3666579e-01;3.4750000e+02;-1.7817135e-01;3.4750000e+02;-8.4671922e-02;3.4750000e+02;-7.6973870e-02;3.4750000e+02;-4.5606133e-02;3.4750000e+02;5.1048491e-03;3.4750000e+02;6.1321210e-02;3.4750000e+02;1.2712774e-01;3.4750000e+02;1.8568952e-01;3.4750000e+02;2.1455410e-01;3.4750000e+02;2.0225102e-01;3.4750000e+02;2.0866072e-01;3.4750000e+02;1.5718016e-01;3.4750000e+02;9.6042529e-02;3.4750000e+02;4.2059533e-02;3.4750000e+02;-5.8471113e-03;3.4750000e+02;-4.9980059e-02;3.4750000e+02;-9.3429245e-02;3.4750000e+02;-1.3666579e-01;3.4750000e+02;-1.7817135e-01;3.4750000e+02;-8.4671922e-02;3.4750000e+02;-7.6973870e-02;3.4750000e+02;-4.5606133e-02;3.4750000e+02;5.1048491e-03;3.4750000e+02;6.1321210e-02;3.4750000e+02;1.2712774e-01;3.4750000e+02;1.8568952e-01;3.4750000e+02;2.1455410e-01;3.4750000e+02;2.0225102e-01;3.4750000e+02;2.0866072e-01;3.4750000e+02;1.5718016e-01;3.4750000e+02;9.6042529e-02;3.4750000e+02;4.2059533e-02;3.4750000e+02;-5.8471113e-03;3.4750000e+02;-4.9980059e-02;3.4750000e+02;-9.3429245e-02;3.4750000e+02;-1.3666579e-01;3.4750000e+02;-1.7817135e-01;3.4750000e+02;-8.4671922e-02;3.4750000e+02;-7.6973870e-02;3.4750000e+02;-4.5606133e-02;3.4750000e+02;5.1048491e-03;3.4750000e+02;6.1321210e-02;3.4750000e+02;1.2712774e-01;3.4750000e+02;1.8568952e-01;3.4750000e+02;2.1455410e-01;3.4750000e+02;2.0225102e-01;3.4750000e+02;2.0866072e-01;3.4750000e+02;1.5718016e-01;3.4750000e+02;9.6042529e-02;3.4750000e+02;4.2059533e-02;3.4750000e+02;-5.8471113e-03;3.4750000e+02;-4.9980059e-02;3.4750000e+02;-9.3429245e-02;3.4750000e+02;-1.3666579e-01;3.4750000e+02;-1.7817135e-01;3.4750000e+02;-8.4671922e-02;3.4750000e+02;-7.6973870e-02;3.4750000e+02;-4.5606133e-02;3.4750000e+02;5.1048491e-03;3.4750000e+02;6.1321210e-02;3.4750000e+02;1.2712774e-01;3.4750000e+02;1.8568952e-01;3.4750000e+02;2.1455410e-01;3.4750000e+02;2.0225102e-01;3.4750000e+02;2.0866072e-01;3.4750000e+02;1.5718016e-01;3.4750000e+02;9.6042529e-02;3.4750000e+02;4.2059533e-02;3.4750000e+02;-5.8471113e-03;3.4750000e+02;-4.9980059e-02;3.4750000e+02;-9.3429245e-02;3.4750000e+02;-1.3666579e-01;3.4750000e+02;-1.7817135e-01;3.4750000e+02;-8.4671922e-02;3.4750000e+02;-7.6973870e-02;3.4750000e+02;-4.5606133e-02;3.4750000e+02;5.1048491e-03;3.4750000e+02;6.1321210e-02;3.4750000e+02;1.2712774e-01;3.4750000e+02;1.8568952e-01;3.4750000e+02;2.1455410e-01;3.4750000e+02;2.0225102e-01;3.4750000e+02;2.0866072e-01;3.4750000e+02;1.5718016e-01;3.4750000e+02;9.6042529e-02;3.4750000e+02;4.2059533e-02;3.4750000e+02;-5.8471113e-03;3.4750000e+02;-4.9980059e-02;3.4750000e+02;-9.3429245e-02;3.4750000e+02;-1.3666579e-01;3.4750000e+02;-1.7817135e-01;3.4750000e+02;-8.4671922e-02;3.4750000e+02;-7.6973870e-02;3.4750000e+02;-4.5606133e-02;3.4750000e+02;5.1048491e-03;3.4750000e+02;6.1321210e-02;3.4750000e+02;1.2712774e-01;3.4750000e+02;1.8568952e-01;3.4750000e+02;2.1455410e-01;3.4750000e+02;2.0225102e-01;3.4750000e+02;2.0866072e-01;3.4750000e+02;1.5718016e-01;3.4750000e+02;9.6042529e-02;3.4750000e+02;4.2059533e-02;3.4750000e+02;-5.8471113e-03;3.4750000e+02;-4.9980059e-02;3.4750000e+02;-9.3429245e-02;3.4750000e+02;-1.3666579e-01;3.4750000e+02;-1.7817135e-01;3.4750000e+02;-8.4671922e-02;3.4750000e+02;-7.6973870e-02;3.4750000e+02;-4.5606133e-02;3.4750000e+02;5.1048491e-03;3.4750000e+02;6.1321210e-02;3.4750000e+02;1.2712774e-01;3.4750000e+02;1.8568952e-01;3.4750000e+02;2.1455410e-01;3.4750000e+02;2.0225102e-01;3.4750000e+02;2.0866072e-01;3.4750000e+02;1.5718016e-01;3.4750000e+02;9.6042529e-02;3.4750000e+02;4.2059533e-02;3.4750000e+02;-5.8471113e-03;3.4750000e+02;-4.9980059e-02;3.4750000e+02;-9.3429245e-02;3.4750000e+02;-1.3666579e-01;3.4750000e+02;-1.7817135e-01;3.4750000e+02;-8.4671922e-02;3.4750000e+02;-7.6973870e-02;3.4750000e+02;-4.5606133e-02;3.4750000e+02;5.1048491e-03;3.4750000e+02;6.1321210e-02;3.4750000e+02;1.2712774e-01;3.4750000e+02;1.8568952e-01;3.4750000e+02;2.1455410e-01;3.4750000e+02;2.0225102e-01;3.4750000e+02;2.0866072e-01;3.4750000e+02;1.5718016e-01;3.4750000e+02;9.6042529e-02;3.4750000e+02;4.2059533e-02;3.4750000e+02;-5.8471113e-03;3.4750000e+02;-4.9980059e-02;3.4750000e+02;-9.3429245e-02;3.4750000e+02;-1.3666579e-01;3.4750000e+02;-1.7817135e-01;3.4750000e+02;-8.4671922e-02;3.4750000e+02;-7.6973870e-02;3.4750000e+02;-4.5606133e-02;3.4750000e+02;5.1048491e-03;3.4750000e+02;6.1321210e-02;3.4750000e+02;1.2712774e-01;3.4750000e+02;1.8568952e-01;3.4750000e+02;2.1455410e-01;3.4750000e+02;2.0225102e-01;3.4750000e+02;2.0866072e-01;3.4750000e+02;1.5718016e-01;3.4750000e+02;9.6042529e-02;3.4750000e+02;4.2059533e-02;3.4750000e+02;-5.8471113e-03;3.4750000e+02;-4.9980059e-02;3.4750000e+02;-9.3429245e-02;3.4750000e+02;-1.3666579e-01;3.4750000e+02;-1.7817135e-01;3.4750000e+02;-8.4671922e-02;3.4750000e+02;-7.6973870e-02;3.4750000e+02;-4.5606133e-02;3.4750000e+02;5.1048491e-03;3.4750000e+02;6.1321210e-02;3.4750000e+02;1.2712774e-01;3.4750000e+02;1.8568952e-01;3.4750000e+02;2.1455410e-01;3.4750000e+02;2.0225102e-01;3.4750000e+02;2.0866072e-01;3.4750000e+02;1.5718016e-01;3.4750000e+02;9.6042529e-02;3.4750000e+02;4.2059533e-02;3.4750000e+02;-5.8471113e-03;3.4750000e+02;-4.9980059e-02;3.4750000e+02;-9.3429245e-02;3.4750000e+02;-1.3666579e-01;3.4750000e+02;-1.7817135e-01;3.4750000e+02;-8.4671922e-02;3.4750000e+02;-7.6973870e-02;3.4750000e+02;-4.5606133e-02;3.4750000e+02;5.1048491e-03;3.4750000e+02;6.1321210e-02;3.4750000e+02;1.2712774e-01;3.4750000e+02;1.8568952e-01;3.4750000e+02;2.1455410e-01;3.4750000e+02;2.0225102e-01;3.4750000e+02;2.0866072e-01;3.4750000e+02;1.5718016e-01;3.4750000e+02;9.6042529e-02;3.4750000e+02;4.2059533e-02;3.4750000e+02;-5.8471113e-03;3.4750000e+02;-4.9980059e-02;3.4750000e+02;-9.3429245e-02;3.4750000e+02;-1.3666579e-01;3.4750000e+02;-1.7817135e-01;3.4750000e+02;-8.4671922e-02;3.4750000e+02;-7.6973870e-02;3.4750000e+02;-4.5606133e-02;3.4750000e+02;5.1048491e-03;3.4750000e+02;6.1321210e-02;3.4750000e+02;1.2712774e-01;3.4750000e+02;1.8568952e-01;3.4750000e+02;2.1455410e-01;3.4750000e+02;2.0225102e-01;3.4750000e+02;2.0866072e-01;3.4750000e+02;1.5718016e-01;3.4750000e+02;9.6042529e-02;3.4750000e+02;4.2059533e-02;3.4750000e+02;-5.8471113e-03;3.4750000e+02;-4.9980059e-02;3.4750000e+02;-9.3429245e-02;3.4750000e+02;-1.3666579e-01;3.4750000e+02;-1.7817135e-01;3.4750000e+02;-8.4671922e-02;3.4750000e+02;-7.6973870e-02;3.4750000e+02;-4.5606133e-02;3.4750000e+02;5.1048491e-03;3.4750000e+02;6.1321210e-02;3.4750000e+02;1.2712774e-01;3.4750000e+02;1.8568952e-01;3.4750000e+02;2.1455410e-01;3.4750000e+02;2.0225102e-01;3.4750000e+02;2.0866072e-01;3.4750000e+02;1.5718016e-01;3.4750000e+02;9.6042529e-02;3.4750000e+02;4.2059533e-02;3.4750000e+02;-5.8471113e-03;3.4750000e+02;-4.9980059e-02;3.4750000e+02;-9.3429245e-02;3.4750000e+02;-1.3666579e-01;3.4750000e+02;-1.7817135e-01;3.4750000e+02;-8.4671922e-02;3.4750000e+02;-7.6973870e-02;3.4750000e+02;-4.5606133e-02;3.4750000e+02;5.1048491e-03;3.4750000e+02;6.1321210e-02;3.4750000e+02;1.2712774e-01;3.4750000e+02;1.8568952e-01;3.4750000e+02;2.1455410e-01;3.4750000e+02;2.0225102e-01;3.4750000e+02;2.0866072e-01;3.4750000e+02;1.5718016e-01;3.4750000e+02;9.6042529e-02;3.4750000e+02;4.2059533e-02;3.4750000e+02;-5.8471113e-03;3.4750000e+02;-4.9980059e-02;3.4750000e+02;-9.3429245e-02;3.4750000e+02;-1.3666579e-01;3.4750000e+02;-1.7817135e-01;3.4750000e+02;-8.4671922e-02;3.4750000e+02;-7.6973870e-02;3.4750000e+02;-4.5606133e-02;3.4750000e+02;5.1048491e-03;3.4750000e+02;6.1321210e-02;3.4750000e+02;1.2712774e-01;3.4750000e+02;1.8568952e-01;3.4750000e+02;2.1455410e-01;3.4750000e+02;2.0225102e-01;3.4750000e+02;2.0866072e-01;3.4750000e+02;1.5718016e-01;3.4750000e+02;9.6042529e-02;3.4750000e+02;4.2059533e-02;3.4750000e+02;-5.8471113e-03;3.4750000e+02;-4.9980059e-02;3.4750000e+02;-9.3429245e-02;3.4750000e+02;-1.3666579e-01;3.4750000e+02;-1.7817135e-01;3.4750000e+02;-8.4671922e-02;3.4750000e+02;-7.6973870e-02;3.4750000e+02;-4.5606133e-02;3.4750000e+02;5.1048491e-03;3.4750000e+02;6.1321210e-02;3.4750000e+02;1.2712774e-01;3.4750000e+02;1.8568952e-01;3.4750000e+02;2.1455410e-01;3.4750000e+02;2.0225102e-01;3.4750000e+02;2.0866072e-01;3.4750000e+02;1.5718016e-01;3.4750000e+02;9.6042529e-02;3.4750000e+02;4.2059533e-02;3.4750000e+02;-5.8471113e-03;3.4750000e+02;-4.9980059e-02;3.4750000e+02;-9.3429245e-02;3.4750000e+02;-1.3666579e-01;3.4750000e+02;-1.7817135e-01;3.4750000e+02;-8.4671922e-02;3.4750000e+02;-7.6973870e-02;3.4750000e+02;-4.5606133e-02;3.4750000e+02;5.1048491e-03;3.4750000e+02;6.1321210e-02;3.4750000e+02;1.2712774e-01;3.4750000e+02;1.8568952e-01;3.4750000e+02;2.1455410e-01;3.4750000e+02;2.0225102e-01;3.4750000e+02;2.0866072e-01;3.4750000e+02;1.5718016e-01;3.4750000e+02;9.6042529e-02;3.4750000e+02;4.2059533e-02;3.4750000e+02;-5.8471113e-03;3.4750000e+02;-4.9980059e-02;3.4750000e+02;-9.3429245e-02;3.4750000e+02;-1.3666579e-01;3.4750000e+02;-1.7817135e-01;3.4750000e+02;-8.4671922e-02;3.4750000e+02;-7.6973870e-02;3.4750000e+02;-4.5606133e-02;3.4750000e+02;5.1048491e-03;3.4750000e+02;6.1321210e-02;3.4750000e+02;1.2712774e-01;3.4750000e+02;1.8568952e-01;3.4750000e+02;2.1455410e-01;3.4750000e+02;2.0225102e-01;3.4750000e+02;2.0866072e-01;3.4750000e+02;1.5718016e-01;3.4750000e+02;9.6042529e-02;3.4750000e+02;4.2059533e-02;3.4750000e+02;-5.8471113e-03;3.4750000e+02;-4.9980059e-02;3.4750000e+02;-9.3429245e-02;3.4750000e+02;-1.3666579e-01;3.4750000e+02;-1.7817135e-01;3.4750000e+02;-8.4671922e-02;3.4750000e+02;-7.6973870e-02;3.4750000e+02;-4.5606133e-02;3.4750000e+02;5.1048491e-03;3.4750000e+02;6.1321210e-02;3.4750000e+02;1.2712774e-01;3.4750000e+02;1.8568952e-01;3.4750000e+02;2.1455410e-01;3.4750000e+02;2.0225102e-01;3.4750000e+02;2.0866072e-01;3.4750000e+02;1.5718016e-01;3.4750000e+02;9.6042529e-02;3.4750000e+02;4.2059533e-02;3.4750000e+02;-5.8471113e-03;3.4750000e+02;-4.9980059e-02;3.4750000e+02;-9.3429245e-02;3.4750000e+02;-1.3666579e-01;3.4750000e+02;-1.7817135e-01;3.4750000e+02;-8.4671922e-02;3.4750000e+02;-7.6973870e-02;3.4750000e+02;-4.5606133e-02;3.4750000e+02;5.1048491e-03;3.4750000e+02;6.1321210e-02;3.4750000e+02;1.2712774e-01;3.4750000e+02;1.8568952e-01;3.4750000e+02;2.1455410e-01;3.4750000e+02;2.0225102e-01;3.4750000e+02;2.0866072e-01;3.4750000e+02;1.5718016e-01;3.4750000e+02;9.6042529e-02;3.4750000e+02;4.2059533e-02;3.4750000e+02;-5.8471113e-03;3.4750000e+02;-4.9980059e-02;3.4750000e+02;-9.3429245e-02;3.4750000e+02;-1.3666579e-01;3.4750000e+02;-1.7817135e-01;3.4750000e+02;-8.4671922e-02;3.4750000e+02;-7.6973870e-02;3.4750000e+02;-4.5606133e-02;3.4750000e+02;5.1048491e-03;3.4750000e+02;6.1321210e-02;3.4750000e+02;1.2712774e-01;3.4750000e+02;1.8568952e-01;3.4750000e+02;2.1455410e-01;3.4750000e+02;2.0225102e-01;3.4750000e+02;2.0866072e-01;3.4750000e+02;1.5718016e-01;3.4750000e+02;9.6042529e-02;3.4750000e+02;4.2059533e-02;3.4750000e+02;-5.8471113e-03;3.4750000e+02;-4.9980059e-02;3.4750000e+02;-9.3429245e-02;3.4750000e+02;-1.3666579e-01;3.4750000e+02;-1.7817135e-01;3.4750000e+02;-8.4671922e-02;3.4750000e+02;-7.6973870e-02;3.4750000e+02;-4.5606133e-02;3.4750000e+02;5.1048491e-03;3.4750000e+02;6.1321210e-02;3.4750000e+02;1.2712774e-01;3.4750000e+02;1.8568952e-01;3.4750000e+02;2.1455410e-01;3.4750000e+02;2.0225102e-01;3.4750000e+02;2.0866072e-01;3.4750000e+02;1.5718016e-01;3.4750000e+02;9.6042529e-02;3.4750000e+02;4.2059533e-02;3.4750000e+02;-5.8471113e-03;3.4750000e+02;-4.9980059e-02;3.4750000e+02;-9.3429245e-02;3.4750000e+02;-1.3666579e-01;3.4750000e+02;-1.7817135e-01;3.4750000e+02;-8.4671922e-02;3.4750000e+02;-7.6973870e-02;3.4750000e+02;-4.5606133e-02;3.4750000e+02;5.1048491e-03;3.4750000e+02;6.1321210e-02;3.4750000e+02;1.2712774e-01;3.4750000e+02;1.8568952e-01;3.4750000e+02;2.1455410e-01;3.4750000e+02;2.0225102e-01;3.4750000e+02;2.0866072e-01;3.4750000e+02;1.5718016e-01;3.4750000e+02;9.6042529e-02;3.4750000e+02;4.2059533e-02;3.4750000e+02;-5.8471113e-03;3.4750000e+02;-4.9980059e-02;3.4750000e+02;-9.3429245e-02;3.4750000e+02;-1.3666579e-01;3.4750000e+02;-1.7817135e-01;3.4750000e+02;-8.4671922e-02;3.4750000e+02;-7.6973870e-02;3.4750000e+02;-4.5606133e-02;3.4750000e+02;5.1048491e-03;3.4750000e+02;6.1321210e-02;3.4750000e+02;1.2712774e-01;3.4750000e+02;1.8568952e-01;3.4750000e+02;2.1455410e-01;3.4750000e+02;2.0225102e-01;3.4750000e+02;2.0866072e-01;3.4750000e+02;1.5718016e-01;3.4750000e+02;9.6042529e-02;3.4750000e+02;4.2059533e-02;3.4750000e+02;-5.8471113e-03;3.4750000e+02;-4.9980059e-02;3.4750000e+02;-9.3429245e-02;3.4750000e+02;-1.3666579e-01;3.4750000e+02;-1.7817135e-01;3.4750000e+02;-8.4671922e-02;3.4750000e+02;-7.6973870e-02;3.4750000e+02;-4.5606133e-02;3.4750000e+02;5.1048491e-03;3.4750000e+02;6.1321210e-02;3.4750000e+02;1.2712774e-01;3.4750000e+02;1.8568952e-01;3.4750000e+02;2.1455410e-01;3.4750000e+02;2.0225102e-01;3.4750000e+02;2.0866072e-01;3.4750000e+02;1.5718016e-01;3.4750000e+02;9.6042529e-02;3.4750000e+02;4.2059533e-02;3.4750000e+02;-5.8471113e-03;3.4750000e+02;-4.9980059e-02;3.4750000e+02;-9.3429245e-02;3.4750000e+02;-1.3666579e-01;3.4750000e+02;-1.7817135e-01;3.4750000e+02;-8.4671922e-02;3.4750000e+02;-7.6973870e-02;3.4750000e+02;-4.5606133e-02;3.4750000e+02;5.1048491e-03;3.4750000e+02;6.1321210e-02;3.4750000e+02;1.2712774e-01;3.4750000e+02;1.8568952e-01;3.4750000e+02;2.1455410e-01;3.4750000e+02;2.0225102e-01;3.4750000e+02;2.0866072e-01;3.4750000e+02;1.5718016e-01;3.4750000e+02;9.6042529e-02;3.4750000e+02;4.2059533e-02;3.4750000e+02;-5.8471113e-03;3.4750000e+02;-4.9980059e-02;3.4750000e+02;-9.3429245e-02;3.4750000e+02;-1.3666579e-01;3.4750000e+02;-1.7817135e-01;3.4750000e+02;-8.4671922e-02;3.4750000e+02;-7.6973870e-02;3.4750000e+02;-4.5606133e-02;3.4750000e+02;5.1048491e-03;3.4750000e+02;6.1321210e-02;3.4750000e+02;1.2712774e-01;3.4750000e+02;1.8568952e-01;3.4750000e+02;2.1455410e-01;3.4750000e+02;2.0225102e-01;3.4750000e+02;2.0866072e-01;3.4750000e+02;1.5718016e-01;3.4750000e+02;9.6042529e-02;3.4750000e+02;4.2059533e-02;3.4750000e+02;-5.8471113e-03;3.4750000e+02;-4.9980059e-02;3.4750000e+02;-9.3429245e-02;3.4750000e+02;-1.3666579e-01;3.4750000e+02;-1.7817135e-01;3.4750000e+02;-8.4671922e-02;3.4750000e+02;-7.6973870e-02;3.4750000e+02;-4.5606133e-02;3.4750000e+02;5.1048491e-03;3.4750000e+02;6.1321210e-02;3.4750000e+02;1.2712774e-01;3.4750000e+02;1.8568952e-01;3.4750000e+02;2.1455410e-01;3.4750000e+02;2.0225102e-01;3.4750000e+02;2.0866072e-01;3.4750000e+02;1.5718016e-01;3.4750000e+02;9.6042529e-02;3.4750000e+02;4.2059533e-02;3.4750000e+02;-5.8471113e-03;3.4750000e+02;-4.9980059e-02;3.4750000e+02;-9.3429245e-02;3.4750000e+02;-1.3666579e-01;3.4750000e+02;-1.7817135e-01;3.4750000e+02;-8.4671922e-02;3.4750000e+02;-7.6973870e-02;3.4750000e+02;-4.5606133e-02;3.4750000e+02;5.1048491e-03;3.4750000e+02;6.1321210e-02;3.4750000e+02;1.2712774e-01;3.4750000e+02;1.8568952e-01;3.4750000e+02;2.1455410e-01;3.4750000e+02;2.0225102e-01;3.4750000e+02;2.0866072e-01;3.4750000e+02;1.5718016e-01;3.4750000e+02;9.6042529e-02;3.4750000e+02;4.2059533e-02;3.4750000e+02;-5.8471113e-03;3.4750000e+02;-4.9980059e-02;3.4750000e+02;-9.3429245e-02;3.4750000e+02;-1.3666579e-01;3.4750000e+02;-1.7817135e-01;3.4750000e+02;-8.4671922e-02;3.4750000e+02;-7.6973870e-02;3.4750000e+02;-4.5606133e-02;3.4750000e+02;5.1048491e-03;3.4750000e+02;6.1321210e-02;3.4750000e+02;1.2712774e-01;3.4750000e+02;1.8568952e-01;3.4750000e+02;2.1455410e-01;3.4750000e+02;2.0225102e-01;3.4750000e+02;2.0866072e-01;3.4750000e+02;1.5718016e-01;3.4750000e+02;9.6042529e-02;3.4750000e+02;4.2059533e-02;3.4750000e+02;-5.8471113e-03;3.4750000e+02;-4.9980059e-02;3.4750000e+02;-9.3429245e-02;3.4750000e+02;-1.3666579e-01;3.4750000e+02;-1.7817135e-01;3.4750000e+02;-8.4671922e-02;3.4750000e+02;-7.6973870e-02;3.4750000e+02;-4.5606133e-02;3.4750000e+02;5.1048491e-03;3.4750000e+02;6.1321210e-02;3.4750000e+02;1.2712774e-01;3.4750000e+02;1.8568952e-01;3.4750000e+02;2.1455410e-01;3.4750000e+02;2.0225102e-01;3.4750000e+02;2.0866072e-01;3.4750000e+02;1.5718016e-01;3.4750000e+02;9.6042529e-02;3.4750000e+02;4.2059533e-02;3.4750000e+02;-5.8471113e-03;3.4750000e+02;-4.9980059e-02;3.4750000e+02;-9.3429245e-02;3.4750000e+02;-1.3666579e-01;3.4750000e+02;-1.7817135e-01;3.4750000e+02;-8.4671922e-02;3.4750000e+02;-7.6973870e-02;3.4750000e+02;-4.5606133e-02;3.4750000e+02;5.1048491e-03;3.4750000e+02;6.1321210e-02;3.4750000e+02;1.2712774e-01;3.4750000e+02;1.8568952e-01;3.4750000e+02;2.1455410e-01;3.4750000e+02;2.0225102e-01;3.4750000e+02;2.0866072e-01;3.4750000e+02;1.5718016e-01;3.4750000e+02;9.6042529e-02;3.4750000e+02;4.2059533e-02;3.4750000e+02;-5.8471113e-03;3.4750000e+02;-4.9980059e-02;3.4750000e+02;-9.3429245e-02;3.4750000e+02;-1.3666579e-01;3.4750000e+02;-1.7817135e-01;3.4750000e+02;-8.4671922e-02;3.4750000e+02;-7.6973870e-02;3.4750000e+02;-4.5606133e-02;3.4750000e+02;5.1048491e-03;3.4750000e+02;6.1321210e-02;3.4750000e+02;1.2712774e-01;3.4750000e+02;1.8568952e-01;3.4750000e+02;2.1455410e-01;3.4750000e+02;2.0225102e-01;3.4750000e+02;2.0866072e-01;3.4750000e+02;1.5718016e-01;3.4750000e+02;9.6042529e-02;3.4750000e+02;4.2059533e-02;3.4750000e+02;-5.8471113e-03;3.4750000e+02;-4.9980059e-02;3.4750000e+02;-9.3429245e-02;3.4750000e+02;-1.3666579e-01;3.4750000e+02;-1.7817135e-01;3.4750000e+02;-8.4671922e-02;3.4750000e+02;-7.6973870e-02;3.4750000e+02;-4.5606133e-02;3.4750000e+02;5.1048491e-03;3.4750000e+02;6.1321210e-02;3.4750000e+02;1.2712774e-01;3.4750000e+02;1.8568952e-01;3.4750000e+02;2.1455410e-01;3.4750000e+02;2.0225102e-01;3.4750000e+02;2.0866072e-01;3.4750000e+02;1.5718016e-01;3.4750000e+02;9.6042529e-02;3.4750000e+02;4.2059533e-02;3.4750000e+02;-5.8471113e-03;3.4750000e+02;-4.9980059e-02;3.4750000e+02;-9.3429245e-02;3.4750000e+02;-1.3666579e-01;3.4750000e+02;-1.7817135e-01;3.4750000e+02;-8.4671922e-02;3.4750000e+02;-7.6973870e-02;3.4750000e+02;-4.5606133e-02;3.4750000e+02;5.1048491e-03;3.4750000e+02;6.1321210e-02;3.4750000e+02;1.2712774e-01;3.4750000e+02;1.8568952e-01;3.4750000e+02;2.1455410e-01;3.4750000e+02;2.0225102e-01;3.4750000e+02;2.0866072e-01;3.4750000e+02;1.5718016e-01;3.4750000e+02;9.6042529e-02;3.4750000e+02;4.2059533e-02;3.4750000e+02;-5.8471113e-03;3.4750000e+02;-4.9980059e-02;3.4750000e+02;-9.3429245e-02;3.4750000e+02;-1.3666579e-01;3.4750000e+02;-1.7817135e-01;3.4750000e+02;-8.4671922e-02;3.4750000e+02;-7.6973870e-02;3.4750000e+02;-4.5606133e-02;3.4750000e+02;5.1048491e-03;3.4750000e+02;6.1321210e-02;3.4750000e+02;1.2712774e-01;3.4750000e+02;1.8568952e-01;3.4750000e+02;2.1455410e-01;3.4750000e+02;2.0225102e-01;3.4750000e+02;2.0866072e-01;3.4750000e+02;1.5718016e-01;3.4750000e+02;9.6042529e-02;3.4750000e+02;4.2059533e-02;3.4750000e+02;-5.8471113e-03;3.4750000e+02;-4.9980059e-02;3.4750000e+02;-9.3429245e-02;3.4750000e+02;-1.3666579e-01;3.4750000e+02;-1.7817135e-01;3.4750000e+02;-8.4671922e-02;3.4750000e+02;-7.6973870e-02;3.4750000e+02;-4.5606133e-02;3.4750000e+02;5.1048491e-03;3.4750000e+02;6.1321210e-02;3.4750000e+02;1.2712774e-01;3.4750000e+02;1.8568952e-01;3.4750000e+02;2.1455410e-01;3.4750000e+02;2.0225102e-01;3.4750000e+02;2.0866072e-01;3.4750000e+02;1.5718016e-01;3.4750000e+02;9.6042529e-02;3.4750000e+02;4.2059533e-02;3.4750000e+02;-5.8471113e-03;3.4750000e+02;-4.9980059e-02;3.4750000e+02;-9.3429245e-02;3.4750000e+02;-1.3666579e-01;3.4750000e+02;-1.7817135e-01;3.4750000e+02;-8.4671922e-02;3.4750000e+02;-7.6973870e-02;3.4750000e+02;-4.5606133e-02;3.4750000e+02;5.1048491e-03;3.4750000e+02;6.1321210e-02;3.4750000e+02;1.2712774e-01;3.4750000e+02;1.8568952e-01;3.4750000e+02;2.1455410e-01;3.4750000e+02;2.0225102e-01;3.4750000e+02;2.0866072e-01;3.4750000e+02;1.5718016e-01;3.4750000e+02;9.6042529e-02;3.4750000e+02;4.2059533e-02;3.4750000e+02;-5.8471113e-03;3.4750000e+02;-4.9980059e-02;3.4750000e+02;-9.3429245e-02;3.4750000e+02;-1.3666579e-01;3.4750000e+02;-1.7817135e-01;3.4750000e+02;-8.4671922e-02;3.4750000e+02;-7.6973870e-02;3.4750000e+02;-4.5606133e-02;3.4750000e+02;5.1048491e-03;3.4750000e+02;6.1321210e-02;3.4750000e+02;1.2712774e-01;3.4750000e+02;1.8568952e-01;3.4750000e+02;2.1455410e-01;3.4750000e+02;2.0225102e-01;3.4750000e+02;2.0866072e-01;3.4750000e+02;1.5718016e-01;3.4750000e+02;9.6042529e-02;3.4750000e+02;4.2059533e-02;3.4750000e+02;-5.8471113e-03;3.4750000e+02;-4.9980059e-02;3.4750000e+02;-9.3429245e-02;3.4750000e+02;-1.3666579e-01;3.4750000e+02;-1.7817135e-01;3.4750000e+02;-8.4671922e-02;3.4750000e+02;-7.6973870e-02;3.4750000e+02;-4.5606133e-02;3.4750000e+02;5.1048491e-03;3.4750000e+02;6.1321210e-02;3.4750000e+02;1.2712774e-01;3.4750000e+02;1.8568952e-01;3.4750000e+02;2.1455410e-01;3.4750000e+02;2.0225102e-01;3.4750000e+02;2.0866072e-01;3.4750000e+02;1.5718016e-01;3.4750000e+02;9.6042529e-02;3.4750000e+02;4.2059533e-02;3.4750000e+02;-5.8471113e-03;3.4750000e+02;-4.9980059e-02;3.4750000e+02;-9.3429245e-02;3.4750000e+02;-1.3666579e-01;3.4750000e+02;-1.7817135e-01;3.4750000e+02;-8.4671922e-02;3.4750000e+02;-7.6973870e-02;3.4750000e+02;-4.5606133e-02;3.4750000e+02;5.1048491e-03;3.4750000e+02;6.1321210e-02;3.4750000e+02;1.2712774e-01;3.4750000e+02;1.8568952e-01;3.4750000e+02;2.1455410e-01;3.4750000e+02;2.0225102e-01;3.4750000e+02;2.0866072e-01;3.4750000e+02;1.5718016e-01;3.4750000e+02;9.6042529e-02;3.4750000e+02;4.2059533e-02;3.4750000e+02;-5.8471113e-03;3.4750000e+02;-4.9980059e-02;3.4750000e+02;-9.3429245e-02;3.4750000e+02;-1.3666579e-01;3.4750000e+02;-1.7817135e-01;3.4750000e+02;-8.4671922e-02;3.4750000e+02;-7.6973870e-02;3.4750000e+02;-4.5606133e-02;3.4750000e+02;5.1048491e-03;3.4750000e+02;6.1321210e-02;3.4750000e+02;1.2712774e-01;3.4750000e+02;1.8568952e-01;3.4750000e+02;2.1455410e-01;3.4750000e+02;2.0225102e-01;3.4750000e+02;2.0866072e-01;3.4750000e+02;1.5718016e-01;3.4750000e+02;9.6042529e-02;3.4750000e+02;4.2059533e-02;3.4750000e+02;-5.8471113e-03;3.4750000e+02;-4.9980059e-02;3.4750000e+02;-9.3429245e-02;3.4750000e+02;-1.3666579e-01;3.4750000e+02;-1.7817135e-01;3.4750000e+02;-8.4671922e-02;3.4750000e+02;-7.6973870e-02;3.4750000e+02;-4.5606133e-02;3.4750000e+02;5.1048491e-03;3.4750000e+02;6.1321210e-02;3.4750000e+02;1.2712774e-01;3.4750000e+02;1.8568952e-01;3.4750000e+02;2.1455410e-01;3.4750000e+02;2.0225102e-01;3.4750000e+02;2.0866072e-01;3.4750000e+02;1.5718016e-01;3.4750000e+02;9.6042529e-02;3.4750000e+02;4.2059533e-02;3.4750000e+02;-5.8471113e-03;3.4750000e+02;-4.9980059e-02;3.4750000e+02;-9.3429245e-02;3.4750000e+02;-1.3666579e-01;3.4750000e+02;-1.7817135e-01;3.4750000e+02;-8.4671922e-02;3.4750000e+02;-7.6973870e-02;3.4750000e+02;-4.5606133e-02;3.4750000e+02;5.1048491e-03;3.4750000e+02;6.1321210e-02;3.4750000e+02;1.2712774e-01;3.4750000e+02;1.8568952e-01;3.4750000e+02;2.1455410e-01;3.4750000e+02;2.0225102e-01;3.4750000e+02;2.0866072e-01;3.4750000e+02;1.5718016e-01;3.4750000e+02;9.6042529e-02;3.4750000e+02;4.2059533e-02;3.4750000e+02;-5.8471113e-03;3.4750000e+02;-4.9980059e-02;3.4750000e+02;-9.3429245e-02;3.4750000e+02;-1.3666579e-01;3.4750000e+02;-1.7817135e-01;3.4750000e+02;-8.4671922e-02;3.4750000e+02;-7.6973870e-02;3.4750000e+02;-4.5606133e-02;3.4750000e+02;5.1048491e-03;3.4750000e+02;6.1321210e-02;3.4750000e+02;1.2712774e-01;3.4750000e+02;1.8568952e-01;3.4750000e+02;2.1455410e-01;3.4750000e+02;2.0225102e-01;3.4750000e+02;2.0866072e-01;3.4750000e+02;1.5718016e-01;3.4750000e+02;9.6042529e-02;3.4750000e+02;4.2059533e-02;3.4750000e+02;-5.8471113e-03;3.4750000e+02;-4.9980059e-02;3.4750000e+02;-9.3429245e-02;3.4750000e+02;-1.3666579e-01;3.4750000e+02;-1.7817135e-01;3.4750000e+02;-8.4671922e-02;3.4750000e+02;-7.6973870e-02;3.4750000e+02;-4.5606133e-02;3.4750000e+02;5.1048491e-03;3.4750000e+02;6.1321210e-02;3.4750000e+02;1.2712774e-01;3.4750000e+02;1.8568952e-01;3.4750000e+02;2.1455410e-01;3.4750000e+02;2.0225102e-01;3.4750000e+02;2.0866072e-01;3.4750000e+02;1.5718016e-01;3.4750000e+02;9.6042529e-02;3.4750000e+02;4.2059533e-02;3.4750000e+02;-5.8471113e-03;3.4750000e+02;-4.9980059e-02;3.4750000e+02;-9.3429245e-02;3.4750000e+02;-1.3666579e-01;3.4750000e+02;-1.7817135e-01;3.4750000e+02;-8.4671922e-02;3.4750000e+02;-7.6973870e-02;3.4750000e+02;-4.5606133e-02;3.4750000e+02;5.1048491e-03;3.4750000e+02;6.1321210e-02;3.4750000e+02;1.2712774e-01;3.4750000e+02;1.8568952e-01;3.4750000e+02;2.1455410e-01;3.4750000e+02;2.0225102e-01;3.4750000e+02;2.0866072e-01;3.4750000e+02;1.5718016e-01;3.4750000e+02;9.6042529e-02;3.4750000e+02;4.2059533e-02;3.4750000e+02;-5.8471113e-03;3.4750000e+02;-4.9980059e-02;3.4750000e+02;-9.3429245e-02;3.4750000e+02;-1.3666579e-01;3.4750000e+02;-1.7817135e-01;3.4750000e+02;-8.4671922e-02;3.4750000e+02;-7.6973870e-02;3.4750000e+02;-4.5606133e-02;3.4750000e+02;5.1048491e-03;3.4750000e+02;6.1321210e-02;3.4750000e+02;1.2712774e-01;3.4750000e+02;1.8568952e-01;3.4750000e+02;2.1455410e-01;3.4750000e+02;2.0225102e-01;3.4750000e+02;2.0866072e-01;3.4750000e+02;1.5718016e-01;3.4750000e+02;9.6042529e-02;3.4750000e+02;4.2059533e-02;3.4750000e+02;-5.8471113e-03;3.4750000e+02;-4.9980059e-02;3.4750000e+02;-9.3429245e-02;3.4750000e+02;-1.3666579e-01;3.4750000e+02;-1.7817135e-01;3.4750000e+02;-8.4671922e-02;3.4750000e+02;-7.6973870e-02;3.4750000e+02;-4.5606133e-02;3.4750000e+02;5.1048491e-03;3.4750000e+02;6.1321210e-02;3.4750000e+02;1.2712774e-01;3.4750000e+02;1.8568952e-01;3.4750000e+02;2.1455410e-01;3.4750000e+02;2.0225102e-01;3.4750000e+02;2.0866072e-01;3.4750000e+02;1.5718016e-01;3.4750000e+02;9.6042529e-02;3.4750000e+02;4.2059533e-02;3.4750000e+02;-5.8471113e-03;3.4750000e+02;-4.9980059e-02;3.4750000e+02;-9.3429245e-02;3.4750000e+02;-1.3666579e-01;3.4750000e+02;-1.7817135e-01;3.4750000e+02;-8.4671922e-02;3.4750000e+02;-7.6973870e-02;3.4750000e+02;-4.5606133e-02;3.4750000e+02;5.1048491e-03;3.4750000e+02;6.1321210e-02;3.4750000e+02;1.2712774e-01;3.4750000e+02;1.8568952e-01;3.4750000e+02;2.1455410e-01;3.4750000e+02;2.0225102e-01;3.4750000e+02;2.0866072e-01;3.4750000e+02;1.5718016e-01;3.4750000e+02;9.6042529e-02;3.4750000e+02;4.2059533e-02;3.4750000e+02;-5.8471113e-03;3.4750000e+02;-4.9980059e-02;3.4750000e+02;-9.3429245e-02;3.4750000e+02;-1.3666579e-01;3.4750000e+02;-1.7817135e-01;3.4750000e+02;-8.4671922e-02;3.4750000e+02;-7.6973870e-02;3.4750000e+02;-4.5606133e-02;3.4750000e+02;5.1048491e-03;3.4750000e+02;6.1321210e-02;3.4750000e+02;1.2712774e-01;3.4750000e+02;1.8568952e-01;3.4750000e+02;2.1455410e-01;3.4750000e+02;2.0225102e-01;3.4750000e+02;2.0866072e-01;3.4750000e+02;1.5718016e-01;3.4750000e+02;9.6042529e-02;3.4750000e+02;4.2059533e-02;3.4750000e+02;-5.8471113e-03;3.4750000e+02;-4.9980059e-02;3.4750000e+02;-9.3429245e-02;3.4750000e+02;-1.3666579e-01;3.4750000e+02;-1.7817135e-01;3.4750000e+02;-8.4671922e-02;3.4750000e+02;-7.6973870e-02;3.4750000e+02;-4.5606133e-02;3.4750000e+02;5.1048491e-03;3.4750000e+02;6.1321210e-02;3.4750000e+02;1.2712774e-01;3.4750000e+02;1.8568952e-01;3.4750000e+02;2.1455410e-01;3.4750000e+02;2.0225102e-01;3.4750000e+02;2.0866072e-01;3.4750000e+02;1.5718016e-01;3.4750000e+02;9.6042529e-02;3.4750000e+02;4.2059533e-02;3.4750000e+02;-5.8471113e-03;3.4750000e+02;-4.9980059e-02;3.4750000e+02;-9.3429245e-02;3.4750000e+02;-1.3666579e-01;3.4750000e+02;-1.7817135e-01;3.4750000e+02;-8.4671922e-02;3.4750000e+02;-7.6973870e-02;3.4750000e+02;-4.5606133e-02;3.4750000e+02;5.1048491e-03;3.4750000e+02;6.1321210e-02;3.4750000e+02;1.2712774e-01;3.4750000e+02;1.8568952e-01;3.4750000e+02;2.1455410e-01;3.4750000e+02;2.0225102e-01;3.4750000e+02;2.0866072e-01;3.4750000e+02;1.5718016e-01;3.4750000e+02;9.6042529e-02;3.4750000e+02;4.2059533e-02;3.4750000e+02;-5.8471113e-03;3.4750000e+02;-4.9980059e-02;3.4750000e+02;-9.3429245e-02;3.4750000e+02;-1.3666579e-01;3.4750000e+02;-1.7817135e-01;3.4750000e+02;-8.4671922e-02;3.4750000e+02;-7.6973870e-02;3.4750000e+02;-4.5606133e-02;3.4750000e+02;5.1048491e-03;3.4750000e+02;6.1321210e-02;3.4750000e+02;1.2712774e-01;3.4750000e+02;1.8568952e-01;3.4750000e+02;2.1455410e-01;3.4750000e+02;2.0225102e-01;3.4750000e+02;2.0866072e-01;3.4750000e+02;1.5718016e-01;3.4750000e+02;9.6042529e-02;3.4750000e+02;4.2059533e-02;3.4750000e+02;-5.8471113e-03;3.4750000e+02;-4.9980059e-02;3.4750000e+02;-9.3429245e-02;3.4750000e+02;-1.3666579e-01;3.4750000e+02;-1.7817135e-01;3.4750000e+02;-8.4671922e-02;3.4750000e+02;-7.6973870e-02;3.4750000e+02;-4.5606133e-02;3.4750000e+02;5.1048491e-03;3.4750000e+02;6.1321210e-02;3.4750000e+02;1.2712774e-01;3.4750000e+02;1.8568952e-01;3.4750000e+02;2.1455410e-01;3.4750000e+02;2.0225102e-01;3.4750000e+02;2.0866072e-01;3.4750000e+02;1.5718016e-01;3.4750000e+02;9.6042529e-02;3.4750000e+02;4.2059533e-02;3.4750000e+02;-5.8471113e-03;3.4750000e+02;-4.9980059e-02;3.4750000e+02;-9.3429245e-02;3.4750000e+02;-1.3666579e-01;3.4750000e+02;-1.7817135e-01;3.4750000e+02;-8.4671922e-02;3.4750000e+02;-7.6973870e-02;3.4750000e+02;-4.5606133e-02;3.4750000e+02;5.1048491e-03;3.4750000e+02;6.1321210e-02;3.4750000e+02;1.2712774e-01;3.4750000e+02;1.8568952e-01;3.4750000e+02;2.1455410e-01;3.4750000e+02;2.0225102e-01;3.4750000e+02;2.0866072e-01;3.4750000e+02;1.5718016e-01;3.4750000e+02;9.6042529e-02;3.4750000e+02;4.2059533e-02;3.4750000e+02;-5.8471113e-03;3.4750000e+02;-4.9980059e-02;3.4750000e+02;-9.3429245e-02;3.4750000e+02;-1.3666579e-01;3.4750000e+02;-1.7817135e-01;3.4750000e+02;-8.4671922e-02;3.4750000e+02;-7.6973870e-02;3.4750000e+02;-4.5606133e-02;3.4750000e+02;5.1048491e-03;3.4750000e+02;6.1321210e-02;3.4750000e+02;1.2712774e-01;3.4750000e+02;1.8568952e-01;3.4750000e+02;2.1455410e-01;3.4750000e+02;2.0225102e-01;3.4750000e+02;2.0866072e-01;3.4750000e+02;1.5718016e-01;3.4750000e+02;9.6042529e-02;3.4750000e+02;4.2059533e-02;3.4750000e+02;-5.8471113e-03;3.4750000e+02;-4.9980059e-02;3.4750000e+02;-9.3429245e-02;3.4750000e+02;-1.3666579e-01;3.4750000e+02;-1.7817135e-01;3.4750000e+02;-8.4671922e-02;3.4750000e+02;-7.6973870e-02;3.4750000e+02;-4.5606133e-02;3.4750000e+02;5.1048491e-03;3.4750000e+02;6.1321210e-02;3.4750000e+02;1.2712774e-01;3.4750000e+02;1.8568952e-01;3.4750000e+02;2.1455410e-01;3.4750000e+02;2.0225102e-01;3.4750000e+02;2.0866072e-01;3.4750000e+02;1.5718016e-01;3.4750000e+02;9.6042529e-02;3.4750000e+02;4.2059533e-02;3.4750000e+02;-5.8471113e-03;3.4750000e+02;-4.9980059e-02;3.4750000e+02;-9.3429245e-02;3.4750000e+02;-1.3666579e-01;3.4750000e+02;-1.7817135e-01;3.4750000e+02;-8.4671922e-02;3.4750000e+02;-7.6973870e-02;3.4750000e+02;-4.5606133e-02;3.4750000e+02;5.1048491e-03;3.4750000e+02;6.1321210e-02;3.4750000e+02;1.2712774e-01;3.4750000e+02;1.8568952e-01;3.4750000e+02;2.1455410e-01;3.4750000e+02;2.0225102e-01;3.4750000e+02;2.0866072e-01;3.4750000e+02;1.5718016e-01;3.4750000e+02;9.6042529e-02;3.4750000e+02;4.2059533e-02;3.4750000e+02;-5.8471113e-03;3.4750000e+02;-4.9980059e-02;3.4750000e+02;-9.3429245e-02;3.4750000e+02;-1.3666579e-01;3.4750000e+02;-1.7817135e-01;3.4750000e+02;-8.4671922e-02;3.4750000e+02;-7.6973870e-02;3.4750000e+02;-4.5606133e-02;3.4750000e+02;5.1048491e-03;3.4750000e+02;6.1321210e-02;3.4750000e+02;1.2712774e-01;3.4750000e+02;1.8568952e-01;3.4750000e+02;2.1455410e-01;3.4750000e+02;2.0225102e-01;3.4750000e+02;2.0866072e-01;3.4750000e+02;1.5718016e-01;3.4750000e+02;9.6042529e-02;3.4750000e+02;4.2059533e-02;3.4750000e+02;-5.8471113e-03;3.4750000e+02;-4.9980059e-02;3.4750000e+02;-9.3429245e-02;3.4750000e+02;-1.3666579e-01;3.4750000e+02;-1.7817135e-01;3.4750000e+02;-8.4671922e-02;3.4750000e+02;-7.6973870e-02;3.4750000e+02;-4.5606133e-02;3.4750000e+02;5.1048491e-03;3.4750000e+02;6.1321210e-02;3.4750000e+02;1.2712774e-01;3.4750000e+02;1.8568952e-01;3.4750000e+02;2.1455410e-01;3.4750000e+02;2.0225102e-01;3.4750000e+02;2.0866072e-01;3.4750000e+02;1.5718016e-01;3.4750000e+02;9.6042529e-02;3.4750000e+02;4.2059533e-02;3.4750000e+02;-5.8471113e-03;3.4750000e+02;-4.9980059e-02;3.4750000e+02;-9.3429245e-02;3.4750000e+02;-1.3666579e-01;3.4750000e+02;-1.7817135e-01;3.4750000e+02;-8.4671922e-02;3.4750000e+02;-7.6973870e-02;3.4750000e+02;-4.5606133e-02;3.4750000e+02;5.1048491e-03;3.4750000e+02;6.1321210e-02;3.4750000e+02;1.2712774e-01;3.4750000e+02;1.8568952e-01;3.4750000e+02;2.1455410e-01;3.4750000e+02;2.0225102e-01;3.4750000e+02;2.0866072e-01;3.4750000e+02;1.5718016e-01;3.4750000e+02;9.6042529e-02;3.4750000e+02;4.2059533e-02;3.4750000e+02;-5.8471113e-03;3.4750000e+02;-4.9980059e-02;3.4750000e+02;-9.3429245e-02;3.4750000e+02;-1.3666579e-01;3.4750000e+02;-1.7817135e-01;3.4750000e+02;-8.4671922e-02;3.4750000e+02;-7.6973870e-02;3.4750000e+02;-4.5606133e-02;3.4750000e+02;5.1048491e-03;3.4750000e+02;6.1321210e-02;3.4750000e+02;1.2712774e-01;3.4750000e+02;1.8568952e-01;3.4750000e+02;2.1455410e-01;3.4750000e+02;2.0225102e-01;3.4750000e+02;2.0866072e-01;3.4750000e+02;1.5718016e-01;3.4750000e+02;9.6042529e-02;3.4750000e+02;4.2059533e-02;3.4750000e+02;-5.8471113e-03;3.4750000e+02;-4.9980059e-02;3.4750000e+02;-9.3429245e-02;3.4750000e+02;-1.3666579e-01;3.4750000e+02;-1.7817135e-01;3.4750000e+02;-8.4671922e-02;3.4750000e+02;-7.6973870e-02;3.4750000e+02;-4.5606133e-02;3.4750000e+02;5.1048491e-03;3.4750000e+02;6.1321210e-02;3.4750000e+02;1.2712774e-01;3.4750000e+02;1.8568952e-01;3.4750000e+02;2.1455410e-01;3.4750000e+02;2.0225102e-01;3.4750000e+02;2.0866072e-01;3.4750000e+02;1.5718016e-01;3.4750000e+02;9.6042529e-02;3.4750000e+02;4.2059533e-02;3.4750000e+02;-5.8471113e-03;3.4750000e+02;-4.9980059e-02;3.4750000e+02;-9.3429245e-02;3.4750000e+02;-1.3666579e-01;3.4750000e+02;-1.7817135e-01;3.4750000e+02;-8.4671922e-02;3.4750000e+02;-7.6973870e-02;3.4750000e+02;-4.5606133e-02;3.4750000e+02;5.1048491e-03;3.4750000e+02;6.1321210e-02;3.4750000e+02;1.2712774e-01;3.4750000e+02;1.8568952e-01;3.4750000e+02;2.1455410e-01;3.4750000e+02;2.0225102e-01;3.4750000e+02;2.0866072e-01;3.4750000e+02;1.5718016e-01;3.4750000e+02;9.6042529e-02;3.4750000e+02;4.2059533e-02;3.4750000e+02;-5.8471113e-03;3.4750000e+02;-4.9980059e-02;3.4750000e+02;-9.3429245e-02;3.4750000e+02;-1.3666579e-01;3.4750000e+02;-1.7817135e-01;3.4750000e+02;-8.4671922e-02;3.4750000e+02;-7.6973870e-02;3.4750000e+02;-4.5606133e-02;3.4750000e+02;5.1048491e-03;3.4750000e+02;6.1321210e-02;3.4750000e+02;1.2712774e-01;3.4750000e+02;1.8568952e-01;3.4750000e+02;2.1455410e-01;3.4750000e+02;2.0225102e-01;3.4750000e+02;2.0866072e-01;3.4750000e+02;1.5718016e-01;3.4750000e+02;9.6042529e-02;3.4750000e+02;4.2059533e-02;3.4750000e+02;-5.8471113e-03;3.4750000e+02;-4.9980059e-02;3.4750000e+02;-9.3429245e-02;3.4750000e+02;-1.3666579e-01;3.4750000e+02;-1.7817135e-01;3.4750000e+02;-8.4671922e-02;3.4750000e+02;-7.6973870e-02;3.4750000e+02;-4.5606133e-02;3.4750000e+02;5.1048491e-03;3.4750000e+02;6.1321210e-02;3.4750000e+02;1.2712774e-01;3.4750000e+02;1.8568952e-01;3.4750000e+02;2.1455410e-01;3.4750000e+02;2.0225102e-01;3.4750000e+02;2.0866072e-01;3.4750000e+02;1.5718016e-01;3.4750000e+02;9.6042529e-02;3.4750000e+02;4.2059533e-02;3.4750000e+02;-5.8471113e-03;3.4750000e+02;-4.9980059e-02;3.4750000e+02;-9.3429245e-02;3.4750000e+02;-1.3666579e-01;3.4750000e+02;-1.7817135e-01;3.4750000e+02;-8.4671922e-02;3.4750000e+02;-7.6973870e-02;3.4750000e+02;-4.5606133e-02;3.4750000e+02;5.1048491e-03;3.4750000e+02;6.1321210e-02;3.4750000e+02;1.2712774e-01;3.4750000e+02;1.8568952e-01;3.4750000e+02;2.1455410e-01;3.4750000e+02;2.0225102e-01;3.4750000e+02;2.0866072e-01;3.4750000e+02;1.5718016e-01;3.4750000e+02;9.6042529e-02;3.4750000e+02;4.2059533e-02;3.4750000e+02;-5.8471113e-03;3.4750000e+02;-4.9980059e-02;3.4750000e+02;-9.3429245e-02;3.4750000e+02;-1.3666579e-01;3.4750000e+02;-1.7817135e-01;3.4750000e+02;-8.4671922e-02;3.4750000e+02;-7.6973870e-02;3.4750000e+02;-4.5606133e-02;3.4750000e+02;5.1048491e-03;3.4750000e+02;6.1321210e-02;3.4750000e+02;1.2712774e-01;3.4750000e+02;1.8568952e-01;3.4750000e+02;2.1455410e-01;3.4750000e+02;2.0225102e-01;3.4750000e+02;2.0866072e-01;3.4750000e+02;1.5718016e-01;3.4750000e+02;9.6042529e-02;3.4750000e+02;4.2059533e-02;3.4750000e+02;-5.8471113e-03;3.4750000e+02;-4.9980059e-02;3.4750000e+02;-9.3429245e-02;3.4750000e+02;-1.3666579e-01;3.4750000e+02;-1.7817135e-01;3.4750000e+02;-8.4671922e-02;3.4750000e+02;-7.6973870e-02;3.4750000e+02;-4.5606133e-02;3.4750000e+02;5.1048491e-03;3.4750000e+02;6.1321210e-02;3.4750000e+02;1.2712774e-01;3.4750000e+02;1.8568952e-01;3.4750000e+02;2.1455410e-01;3.4750000e+02;2.0225102e-01;3.4750000e+02;2.0866072e-01;3.4750000e+02;1.5718016e-01;3.4750000e+02;9.6042529e-02;3.4750000e+02;4.2059533e-02;3.4750000e+02;-5.8471113e-03;3.4750000e+02;-4.9980059e-02;3.4750000e+02;-9.3429245e-02;3.4750000e+02;-1.3666579e-01;3.4750000e+02;-1.7817135e-01;3.4750000e+02;-8.4671922e-02;3.4750000e+02;-7.6973870e-02;3.4750000e+02;-4.5606133e-02;3.4750000e+02;5.1048491e-03;3.4750000e+02;6.1321210e-02;3.4750000e+02;1.2712774e-01;3.4750000e+02;1.8568952e-01;3.4750000e+02;2.1455410e-01;3.4750000e+02;2.0225102e-01;3.4750000e+02;2.0866072e-01;3.4750000e+02;1.5718016e-01;3.4750000e+02;9.6042529e-02;3.4750000e+02;4.2059533e-02;3.4750000e+02;-5.8471113e-03;3.4750000e+02;-4.9980059e-02;3.4750000e+02;-9.3429245e-02;3.4750000e+02;-1.3666579e-01;3.4750000e+02;-1.7817135e-01;3.4750000e+02;-8.4671922e-02;3.4750000e+02;-7.6973870e-02;3.4750000e+02;-4.5606133e-02;3.4750000e+02;5.1048491e-03;3.4750000e+02;6.1321210e-02;3.4750000e+02;1.2712774e-01;3.4750000e+02;1.8568952e-01;3.4750000e+02;2.1455410e-01;3.4750000e+02;2.0225102e-01;3.4750000e+02;2.0866072e-01;3.4750000e+02;1.5718016e-01;3.4750000e+02;9.6042529e-02;3.4750000e+02;4.2059533e-02;3.4750000e+02;-5.8471113e-03;3.4750000e+02;-4.9980059e-02;3.4750000e+02;-9.3429245e-02;3.4750000e+02;-1.3666579e-01;3.4750000e+02;-1.7817135e-01;3.4750000e+02;-8.4671922e-02;3.4750000e+02;-7.6973870e-02;3.4750000e+02;-4.5606133e-02;3.4750000e+02;5.1048491e-03;3.4750000e+02;6.1321210e-02;3.4750000e+02;1.2712774e-01;3.4750000e+02;1.8568952e-01;3.4750000e+02;2.1455410e-01;3.4750000e+02;2.0225102e-01;3.4750000e+02;2.0866072e-01;3.4750000e+02;1.5718016e-01;3.4750000e+02;9.6042529e-02;3.4750000e+02;4.2059533e-02;3.4750000e+02;-5.8471113e-03;3.4750000e+02;-4.9980059e-02;3.4750000e+02;-9.3429245e-02;3.4750000e+02;-1.3666579e-01;3.4750000e+02;-1.7817135e-01;3.4750000e+02;-8.4671922e-02;3.4750000e+02;-7.6973870e-02;3.4750000e+02;-4.5606133e-02;3.4750000e+02;5.1048491e-03;3.4750000e+02;6.1321210e-02;3.4750000e+02;1.2712774e-01;3.4750000e+02;1.8568952e-01;3.4750000e+02;2.1455410e-01;3.4750000e+02;2.0225102e-01;3.4750000e+02;2.0866072e-01;3.4750000e+02;1.5718016e-01;3.4750000e+02;9.6042529e-02;3.4750000e+02;4.2059533e-02;3.4750000e+02;-5.8471113e-03;3.4750000e+02;-4.9980059e-02;3.4750000e+02;-9.3429245e-02;3.4750000e+02;-1.3666579e-01;3.4750000e+02;-1.7817135e-01;3.4750000e+02;-8.4671922e-02;3.4750000e+02;-7.6973870e-02;3.4750000e+02;-4.5606133e-02;3.4750000e+02;5.1048491e-03;3.4750000e+02;6.1321210e-02;3.4750000e+02;1.2712774e-01;3.4750000e+02;1.8568952e-01;3.4750000e+02;2.1455410e-01;3.4750000e+02;2.0225102e-01;3.4750000e+02;2.0866072e-01;3.4750000e+02;1.5718016e-01;3.4750000e+02;9.6042529e-02;3.4750000e+02;4.2059533e-02;3.4750000e+02;-5.8471113e-03;3.4750000e+02;-4.9980059e-02;3.4750000e+02;-9.3429245e-02;3.4750000e+02;-1.3666579e-01;3.4750000e+02;-1.7817135e-01;3.4750000e+02;-8.4671922e-02;3.4750000e+02;-7.6973870e-02;3.4750000e+02;-4.5606133e-02;3.4750000e+02;5.1048491e-03;3.4750000e+02;6.1321210e-02;3.4750000e+02;1.2712774e-01;3.4750000e+02;1.8568952e-01;3.4750000e+02;2.1455410e-01;3.4750000e+02;2.0225102e-01;3.4750000e+02;2.0866072e-01;3.4750000e+02;1.5718016e-01;3.4750000e+02;9.6042529e-02;3.4750000e+02;4.2059533e-02;3.4750000e+02;-5.8471113e-03;3.4750000e+02;-4.9980059e-02;3.4750000e+02;-9.3429245e-02;3.4750000e+02;-1.3666579e-01;3.4750000e+02;-1.7817135e-01;3.4750000e+02;-8.4671922e-02;3.4750000e+02;-7.6973870e-02;3.4750000e+02;-4.5606133e-02;3.4750000e+02;5.1048491e-03;3.4750000e+02;6.1321210e-02;3.4750000e+02;1.2712774e-01;3.4750000e+02;1.8568952e-01;3.4750000e+02;2.1455410e-01;3.4750000e+02;2.0225102e-01;3.4750000e+02;2.0866072e-01;3.4750000e+02;1.5718016e-01;3.4750000e+02;9.6042529e-02;3.4750000e+02;4.2059533e-02;3.4750000e+02;-5.8471113e-03;3.4750000e+02;-4.9980059e-02;3.4750000e+02;-9.3429245e-02;3.4750000e+02;-1.3666579e-01;3.4750000e+02;-1.7817135e-01;3.4750000e+02;-8.4671922e-02;3.4750000e+02;-7.6973870e-02;3.4750000e+02;-4.5606133e-02;3.4750000e+02;5.1048491e-03;3.4750000e+02;6.1321210e-02;3.4750000e+02;1.2712774e-01;3.4750000e+02;1.8568952e-01;3.4750000e+02;2.1455410e-01;3.4750000e+02;2.0225102e-01;3.4750000e+02;2.0866072e-01;3.4750000e+02;1.5718016e-01;3.4750000e+02;9.6042529e-02;3.4750000e+02;4.2059533e-02;3.4750000e+02;-5.8471113e-03;3.4750000e+02;-4.9980059e-02;3.4750000e+02;-9.3429245e-02;3.4750000e+02;-1.3666579e-01;3.4750000e+02;-1.7817135e-01;3.4750000e+02;-8.4671922e-02;3.4750000e+02;-7.6973870e-02;3.4750000e+02;-4.5606133e-02;3.4750000e+02;5.1048491e-03;3.4750000e+02;6.1321210e-02;3.4750000e+02;1.2712774e-01;3.4750000e+02;1.8568952e-01;3.4750000e+02;2.1455410e-01;3.4750000e+02;2.0225102e-01;3.4750000e+02;2.0866072e-01;3.4750000e+02;1.5718016e-01;3.4750000e+02;9.6042529e-02;3.4750000e+02;4.2059533e-02;3.4750000e+02;-5.8471113e-03;3.4750000e+02;-4.9980059e-02;3.4750000e+02;-9.3429245e-02;3.4750000e+02;-1.3666579e-01;3.4750000e+02;-1.7817135e-01;3.4750000e+02;-8.4671922e-02;3.4750000e+02;-7.6973870e-02;3.4750000e+02;-4.5606133e-02;3.4750000e+02;5.1048491e-03;3.4750000e+02;6.1321210e-02;3.4750000e+02;1.2712774e-01;3.4750000e+02;1.8568952e-01;3.4750000e+02;2.1455410e-01;3.4750000e+02;2.0225102e-01;3.4750000e+02;2.0866072e-01;3.4750000e+02;1.5718016e-01;3.4750000e+02;9.6042529e-02;3.4750000e+02;4.2059533e-02;3.4750000e+02;-5.8471113e-03;3.4750000e+02;-4.9980059e-02;3.4750000e+02;-9.3429245e-02;3.4750000e+02;-1.3666579e-01;3.4750000e+02;-1.7817135e-01;3.4750000e+02;-8.4671922e-02;3.4750000e+02;-7.6973870e-02;3.4750000e+02;-4.5606133e-02;3.4750000e+02;5.1048491e-03;3.4750000e+02;6.1321210e-02;3.4750000e+02;1.2712774e-01;3.4750000e+02;1.8568952e-01;3.4750000e+02;2.1455410e-01;3.4750000e+02;2.0225102e-01;3.4750000e+02;2.0866072e-01;3.4750000e+02;1.5718016e-01;3.4750000e+02;9.6042529e-02;3.4750000e+02;4.2059533e-02;3.4750000e+02;-5.8471113e-03;3.4750000e+02;-4.9980059e-02;3.4750000e+02;-9.3429245e-02;3.4750000e+02;-1.3666579e-01;3.4750000e+02;-1.7817135e-01;3.4750000e+02;-8.4671922e-02;3.4750000e+02;-7.6973870e-02;3.4750000e+02;-4.5606133e-02;3.4750000e+02;5.1048491e-03;3.4750000e+02;6.1321210e-02;3.4750000e+02;1.2712774e-01;3.4750000e+02;1.8568952e-01;3.4750000e+02;2.1455410e-01;3.4750000e+02;2.0225102e-01;3.4750000e+02;2.0866072e-01;3.4750000e+02;1.5718016e-01;3.4750000e+02;9.6042529e-02;3.4750000e+02;4.2059533e-02;3.4750000e+02;-5.8471113e-03;3.4750000e+02;-4.9980059e-02;3.4750000e+02;-9.3429245e-02;3.4750000e+02;-1.3666579e-01;3.4750000e+02;-1.7817135e-01;3.4750000e+02;-8.4671922e-02;3.4750000e+02;-7.6973870e-02;3.4750000e+02;-4.5606133e-02;3.4750000e+02;5.1048491e-03;3.4750000e+02;6.1321210e-02;3.4750000e+02;1.2712774e-01;3.4750000e+02;1.8568952e-01;3.4750000e+02;2.1455410e-01;3.4750000e+02;2.0225102e-01;3.4750000e+02;2.0866072e-01;3.4750000e+02;1.5718016e-01;3.4750000e+02;9.6042529e-02;3.4750000e+02;4.2059533e-02;3.4750000e+02;-5.8471113e-03;3.4750000e+02;-4.9980059e-02;3.4750000e+02;-9.3429245e-02;3.4750000e+02;-1.3666579e-01;3.4750000e+02;-1.7817135e-01;3.4750000e+02;-8.4671922e-02;3.4750000e+02;-7.6973870e-02;3.4750000e+02;-4.5606133e-02;3.4750000e+02;5.1048491e-03;3.4750000e+02;6.1321210e-02;3.4750000e+02;1.2712774e-01;3.4750000e+02;1.8568952e-01;3.4750000e+02;2.1455410e-01;3.4750000e+02;2.0225102e-01;3.4750000e+02;2.0866072e-01;3.4750000e+02;1.5718016e-01;3.4750000e+02;9.6042529e-02;3.4750000e+02;4.2059533e-02;3.4750000e+02;-5.8471113e-03;3.4750000e+02;-4.9980059e-02;3.4750000e+02;-9.3429245e-02;3.4750000e+02;-1.3666579e-01;3.4750000e+02;-1.7817135e-01;3.4750000e+02;-8.4671922e-02;3.4750000e+02;-7.6973870e-02;3.4750000e+02;-4.5606133e-02;3.4750000e+02;5.1048491e-03;3.4750000e+02;6.1321210e-02;3.4750000e+02;1.2712774e-01;3.4750000e+02;1.8568952e-01;3.4750000e+02;2.1455410e-01;3.4750000e+02;2.0225102e-01;3.4750000e+02;2.0866072e-01;3.4750000e+02;1.5718016e-01;3.4750000e+02;9.6042529e-02;3.4750000e+02;4.2059533e-02;3.4750000e+02;-5.8471113e-03;3.4750000e+02;-4.9980059e-02;3.4750000e+02;-9.3429245e-02;3.4750000e+02;-1.3666579e-01;3.4750000e+02;-1.7817135e-01;3.4750000e+02;-8.4671922e-02;3.4750000e+02;-7.6973870e-02;3.4750000e+02;-4.5606133e-02;3.4750000e+02;5.1048491e-03;3.4750000e+02;6.1321210e-02;3.4750000e+02;1.2712774e-01;3.4750000e+02;1.8568952e-01;3.4750000e+02;2.1455410e-01;3.4750000e+02;2.0225102e-01;3.4750000e+02;2.0866072e-01;3.4750000e+02;1.5718016e-01;3.4750000e+02;9.6042529e-02;3.4750000e+02;4.2059533e-02;3.4750000e+02;-5.8471113e-03;3.4750000e+02;-4.9980059e-02;3.4750000e+02;-9.3429245e-02;3.4750000e+02;-1.3666579e-01;3.4750000e+02;-1.7817135e-01;3.4750000e+02;-8.4671922e-02;3.4750000e+02;-7.6973870e-02;3.4750000e+02;-4.5606133e-02;3.4750000e+02;5.1048491e-03;3.4750000e+02;6.1321210e-02;3.4750000e+02;1.2712774e-01;3.4750000e+02;1.8568952e-01;3.4750000e+02;2.1455410e-01;3.4750000e+02;2.0225102e-01;3.4750000e+02;2.0866072e-01;3.4750000e+02;1.5718016e-01;3.4750000e+02;9.6042529e-02;3.4750000e+02;4.2059533e-02;3.4750000e+02;-5.8471113e-03;3.4750000e+02;-4.9980059e-02;3.4750000e+02;-9.3429245e-02;3.4750000e+02;-1.3666579e-01;3.4750000e+02;-1.7817135e-01;3.4750000e+02;-8.4671922e-02;3.4750000e+02;-7.6973870e-02;3.4750000e+02;-4.5606133e-02;3.4750000e+02;5.1048491e-03;3.4750000e+02;6.1321210e-02;3.4750000e+02;1.2712774e-01;3.4750000e+02;1.8568952e-01;3.4750000e+02;2.1455410e-01;3.4750000e+02;2.0225102e-01;3.4750000e+02;2.0866072e-01;3.4750000e+02;1.5718016e-01;3.4750000e+02;9.6042529e-02;3.4750000e+02;4.2059533e-02;3.4750000e+02;-5.8471113e-03;3.4750000e+02;-4.9980059e-02;3.4750000e+02;-9.3429245e-02;3.4750000e+02;-1.3666579e-01;3.4750000e+02;-1.7817135e-01;3.4750000e+02;-8.4671922e-02;3.4750000e+02;-7.6973870e-02;3.4750000e+02;-4.5606133e-02;3.4750000e+02;5.1048491e-03;3.4750000e+02;6.1321210e-02;3.4750000e+02;1.2712774e-01;3.4750000e+02;1.8568952e-01;3.4750000e+02;2.1455410e-01;3.4750000e+02;2.0225102e-01;3.4750000e+02;2.0866072e-01;3.4750000e+02;1.5718016e-01;3.4750000e+02;9.6042529e-02;3.4750000e+02;4.2059533e-02;3.4750000e+02;-5.8471113e-03;3.4750000e+02;-4.9980059e-02;3.4750000e+02;-9.3429245e-02;3.4750000e+02;-1.3666579e-01;3.4750000e+02;-1.7817135e-01;3.4750000e+02;-8.4671922e-02;3.4750000e+02;-7.6973870e-02;3.4750000e+02;-4.5606133e-02;3.4750000e+02;5.1048491e-03;3.4750000e+02;6.1321210e-02;3.4750000e+02;1.2712774e-01;3.4750000e+02;1.8568952e-01;3.4750000e+02;2.1455410e-01;3.4750000e+02;2.0225102e-01;3.4750000e+02;2.0866072e-01;3.4750000e+02;1.5718016e-01;3.4750000e+02;9.6042529e-02;3.4750000e+02;4.2059533e-02;3.4750000e+02;-5.8471113e-03;3.4750000e+02;-4.9980059e-02;3.4750000e+02;-9.3429245e-02;3.4750000e+02;-1.3666579e-01;3.4750000e+02;-1.7817135e-01;3.4750000e+02;-8.4671922e-02;3.4750000e+02;-7.6973870e-02;3.4750000e+02;-4.5606133e-02;3.4750000e+02;5.1048491e-03;3.4750000e+02;6.1321210e-02;3.4750000e+02;1.2712774e-01;3.4750000e+02;1.8568952e-01;3.4750000e+02;2.1455410e-01;3.4750000e+02;2.0225102e-01;3.4750000e+02;2.0866072e-01;3.4750000e+02;1.5718016e-01;3.4750000e+02;9.6042529e-02;3.4750000e+02;4.2059533e-02;3.4750000e+02;-5.8471113e-03;3.4750000e+02;-4.9980059e-02;3.4750000e+02;-9.3429245e-02;3.4750000e+02;-1.3666579e-01;3.4750000e+02;-1.7817135e-01;3.4750000e+02;-8.4671922e-02;3.4750000e+02;-7.6973870e-02;3.4750000e+02;-4.5606133e-02;3.4750000e+02;5.1048491e-03;3.4750000e+02;6.1321210e-02;3.4750000e+02;1.2712774e-01;3.4750000e+02;1.8568952e-01;3.4750000e+02;2.1455410e-01;3.4750000e+02;2.0225102e-01;3.4750000e+02;2.0866072e-01;3.4750000e+02;1.5718016e-01;3.4750000e+02;9.6042529e-02;3.4750000e+02;4.2059533e-02;3.4750000e+02;-5.8471113e-03;3.4750000e+02;-4.9980059e-02;3.4750000e+02;-9.3429245e-02;3.4750000e+02;-1.3666579e-01;3.4750000e+02;-1.7817135e-01;3.4750000e+02;-8.4671922e-02;3.4750000e+02;-7.6973870e-02;3.4750000e+02;-4.5606133e-02;3.4750000e+02;5.1048491e-03;3.4750000e+02;6.1321210e-02;3.4750000e+02;1.2712774e-01;3.4750000e+02;1.8568952e-01;3.4750000e+02;2.1455410e-01;3.4750000e+02;2.0225102e-01;3.4750000e+02;2.0866072e-01;3.4750000e+02;1.5718016e-01;3.4750000e+02;9.6042529e-02;3.4750000e+02;4.2059533e-02;3.4750000e+02;-5.8471113e-03;3.4750000e+02;-4.9980059e-02;3.4750000e+02;-9.3429245e-02;3.4750000e+02;-1.3666579e-01;3.4750000e+02;-1.7817135e-01;3.4750000e+02;-8.4671922e-02;3.4750000e+02;-7.6973870e-02;3.4750000e+02;-4.5606133e-02;3.4750000e+02;5.1048491e-03;3.4750000e+02;6.1321210e-02;3.4750000e+02;1.2712774e-01;3.4750000e+02;1.8568952e-01;3.4750000e+02;2.1455410e-01;3.4750000e+02;2.0225102e-01;3.4750000e+02;2.0866072e-01;3.4750000e+02;1.5718016e-01;3.4750000e+02;9.6042529e-02;3.4750000e+02;4.2059533e-02;3.4750000e+02;-5.8471113e-03;3.4750000e+02;-4.9980059e-02;3.4750000e+02;-9.3429245e-02;3.4750000e+02;-1.3666579e-01;3.4750000e+02;-1.7817135e-01;3.4750000e+02;-8.4671922e-02;3.4750000e+02;-7.6973870e-02;3.4750000e+02;-4.5606133e-02;3.4750000e+02;5.1048491e-03;3.4750000e+02;6.1321210e-02;3.4750000e+02;1.2712774e-01;3.4750000e+02;1.8568952e-01;3.4750000e+02;2.1455410e-01;3.4750000e+02;2.0225102e-01;3.4750000e+02;2.0866072e-01;3.4750000e+02;1.5718016e-01;3.4750000e+02;9.6042529e-02;3.4750000e+02;4.2059533e-02;3.4750000e+02;-5.8471113e-03;3.4750000e+02;-4.9980059e-02;3.4750000e+02;-9.3429245e-02;3.4750000e+02;-1.3666579e-01;3.4750000e+02;-1.7817135e-01;3.4750000e+02;-8.4671922e-02;3.4750000e+02;-7.6973870e-02;3.4750000e+02;-4.5606133e-02;3.4750000e+02;5.1048491e-03;3.4750000e+02;6.1321210e-02;3.4750000e+02;1.2712774e-01;3.4750000e+02;1.8568952e-01;3.4750000e+02;2.1455410e-01;3.4750000e+02;2.0225102e-01;3.4750000e+02;2.0866072e-01;3.4750000e+02;1.5718016e-01;3.4750000e+02;9.6042529e-02;3.4750000e+02;4.2059533e-02;3.4750000e+02;-5.8471113e-03;3.4750000e+02;-4.9980059e-02;3.4750000e+02;-9.3429245e-02;3.4750000e+02;-1.3666579e-01;3.4750000e+02;-1.7817135e-01;3.4750000e+02;-8.4671922e-02;3.4750000e+02;-7.6973870e-02;3.4750000e+02;-4.5606133e-02;3.4750000e+02;5.1048491e-03;3.4750000e+02;6.1321210e-02;3.4750000e+02;1.2712774e-01;3.4750000e+02;1.8568952e-01;3.4750000e+02;2.1455410e-01;3.4750000e+02;2.0225102e-01;3.4750000e+02;2.0866072e-01;3.4750000e+02;1.5718016e-01;3.4750000e+02;9.6042529e-02;3.4750000e+02;4.2059533e-02;3.4750000e+02;-5.8471113e-03;3.4750000e+02;-4.9980059e-02;3.4750000e+02;-9.3429245e-02;3.4750000e+02;-1.3666579e-01;3.4750000e+02;-1.7817135e-01;3.4750000e+02;-8.4671922e-02;3.4750000e+02;-7.6973870e-02;3.4750000e+02;-4.5606133e-02;3.4750000e+02;5.1048491e-03;3.4750000e+02;6.1321210e-02;3.4750000e+02;1.2712774e-01;3.4750000e+02;1.8568952e-01;3.4750000e+02;2.1455410e-01;3.4750000e+02;2.0225102e-01;3.4750000e+02;2.0866072e-01;3.4750000e+02;1.5718016e-01;3.4750000e+02;9.6042529e-02;3.4750000e+02;4.2059533e-02;3.4750000e+02;-5.8471113e-03;3.4750000e+02;-4.9980059e-02;3.4750000e+02;-9.3429245e-02;3.4750000e+02;-1.3666579e-01;3.4750000e+02;-1.7817135e-01;3.4750000e+02;-8.4671922e-02;3.4750000e+02;-7.6973870e-02;3.4750000e+02;-4.5606133e-02;3.4750000e+02;5.1048491e-03;3.4750000e+02;6.1321210e-02;3.4750000e+02;1.2712774e-01;3.4750000e+02;1.8568952e-01;3.4750000e+02;2.1455410e-01;3.4750000e+02;2.0225102e-01;3.4750000e+02;2.0866072e-01;3.4750000e+02;1.5718016e-01;3.4750000e+02;9.6042529e-02;3.4750000e+02;4.2059533e-02;3.4750000e+02;-5.8471113e-03;3.4750000e+02;-4.9980059e-02;3.4750000e+02;-9.3429245e-02;3.4750000e+02;-1.3666579e-01;3.4750000e+02;-1.7817135e-01;3.4750000e+02;-8.4671922e-02;3.4750000e+02;-7.6973870e-02;3.4750000e+02;-4.5606133e-02;3.4750000e+02;5.1048491e-03;3.4750000e+02;6.1321210e-02;3.4750000e+02;1.2712774e-01;3.4750000e+02;1.8568952e-01;3.4750000e+02;2.1455410e-01;3.4750000e+02;2.0225102e-01;3.4750000e+02;2.0866072e-01;3.4750000e+02;1.5718016e-01;3.4750000e+02;9.6042529e-02;3.4750000e+02;4.2059533e-02;3.4750000e+02;-5.8471113e-03;3.4750000e+02;-4.9980059e-02;3.4750000e+02;-9.3429245e-02;3.4750000e+02;-1.3666579e-01;3.4750000e+02;-1.7817135e-01;3.4750000e+02;-8.4671922e-02;3.4750000e+02;-7.6973870e-02;3.4750000e+02;-4.5606133e-02;3.4750000e+02;5.1048491e-03;3.4750000e+02;6.1321210e-02;3.4750000e+02;1.2712774e-01;3.4750000e+02;1.8568952e-01;3.4750000e+02;2.1455410e-01;3.4750000e+02;2.0225102e-01;3.4750000e+02;2.0866072e-01;3.4750000e+02;1.5718016e-01;3.4750000e+02;9.6042529e-02;3.4750000e+02;4.2059533e-02;3.4750000e+02;-5.8471113e-03;3.4750000e+02;-4.9980059e-02;3.4750000e+02;-9.3429245e-02;3.4750000e+02;-1.3666579e-01;3.4750000e+02;-1.7817135e-01;3.4750000e+02;-8.4671922e-02;3.4750000e+02;-7.6973870e-02;3.4750000e+02;-4.5606133e-02;3.4750000e+02;5.1048491e-03;3.4750000e+02;6.1321210e-02;3.4750000e+02;1.2712774e-01;3.4750000e+02;1.8568952e-01;3.4750000e+02;2.1455410e-01;3.4750000e+02;2.0225102e-01;3.4750000e+02;2.0866072e-01;3.4750000e+02;1.5718016e-01;3.4750000e+02;9.6042529e-02;3.4750000e+02;4.2059533e-02;3.4750000e+02;-5.8471113e-03;3.4750000e+02;-4.9980059e-02;3.4750000e+02;-9.3429245e-02;3.4750000e+02;-1.3666579e-01;3.4750000e+02;-1.7817135e-01;3.4750000e+02;-8.4671922e-02;3.4750000e+02;-7.6973870e-02;3.4750000e+02;-4.5606133e-02;3.4750000e+02;5.1048491e-03;3.4750000e+02;6.1321210e-02;3.4750000e+02;1.2712774e-01;3.4750000e+02;1.8568952e-01;3.4750000e+02;2.1455410e-01;3.4750000e+02;2.0225102e-01;3.4750000e+02;2.0866072e-01;3.4750000e+02;1.5718016e-01;3.4750000e+02;9.6042529e-02;3.4750000e+02;4.2059533e-02;3.4750000e+02;-5.8471113e-03;3.4750000e+02;-4.9980059e-02;3.4750000e+02;-9.3429245e-02;3.4750000e+02;-1.3666579e-01;3.4750000e+02;-1.7817135e-01;3.4750000e+02;-8.4671922e-02;3.4750000e+02;-7.6973870e-02;3.4750000e+02;-4.5606133e-02;3.4750000e+02;5.1048491e-03;3.4750000e+02;6.1321210e-02;3.4750000e+02;1.2712774e-01;3.4750000e+02;1.8568952e-01;3.4750000e+02;2.1455410e-01;3.4750000e+02;2.0225102e-01;3.4750000e+02;2.0866072e-01;3.4750000e+02;1.5718016e-01;3.4750000e+02;9.6042529e-02;3.4750000e+02;4.2059533e-02;3.4750000e+02;-5.8471113e-03;3.4750000e+02;-4.9980059e-02;3.4750000e+02;-9.3429245e-02;3.4750000e+02;-1.3666579e-01;3.4750000e+02;-1.7817135e-01;3.4750000e+02;-8.4671922e-02;3.4750000e+02;-7.6973870e-02;3.4750000e+02;-4.5606133e-02;3.4750000e+02;5.1048491e-03;3.4750000e+02;6.1321210e-02;3.4750000e+02;1.2712774e-01;3.4750000e+02;1.8568952e-01;3.4750000e+02;2.1455410e-01;3.4750000e+02;2.0225102e-01;3.4750000e+02;2.0866072e-01;3.4750000e+02;1.5718016e-01;3.4750000e+02;9.6042529e-02;3.4750000e+02;4.2059533e-02;3.4750000e+02;-5.8471113e-03;3.4750000e+02;-4.9980059e-02;3.4750000e+02;-9.3429245e-02;3.4750000e+02;-1.3666579e-01;3.4750000e+02;-1.7817135e-01;3.4750000e+02;-8.4671922e-02;3.4750000e+02;-7.6973870e-02;3.4750000e+02;-4.5606133e-02;3.4750000e+02;5.1048491e-03;3.4750000e+02;6.1321210e-02;3.4750000e+02;1.2712774e-01;3.4750000e+02;1.8568952e-01;3.4750000e+02;2.1455410e-01;3.4750000e+02;2.0225102e-01;3.4750000e+02;2.0866072e-01;3.4750000e+02;1.5718016e-01;3.4750000e+02;9.6042529e-02;3.4750000e+02;4.2059533e-02;3.4750000e+02;-5.8471113e-03;3.4750000e+02;-4.9980059e-02;3.4750000e+02;-9.3429245e-02;3.4750000e+02;-1.3666579e-01;3.4750000e+02;-1.7817135e-01;3.4750000e+02;-8.4671922e-02;3.4750000e+02;-7.6973870e-02;3.4750000e+02;-4.5606133e-02;3.4750000e+02;5.1048491e-03;3.4750000e+02;6.1321210e-02;3.4750000e+02;1.2712774e-01;3.4750000e+02;1.8568952e-01;3.4750000e+02;2.1455410e-01;3.4750000e+02;2.0225102e-01;3.4750000e+02;2.0866072e-01;3.4750000e+02;1.5718016e-01;3.4750000e+02;9.6042529e-02;3.4750000e+02;4.2059533e-02;3.4750000e+02;-5.8471113e-03;3.4750000e+02;-4.9980059e-02;3.4750000e+02;-9.3429245e-02;3.4750000e+02;-1.3666579e-01;3.4750000e+02;-1.7817135e-01;3.4750000e+02;-8.4671922e-02;3.4750000e+02;-7.6973870e-02;3.4750000e+02;-4.5606133e-02;3.4750000e+02;5.1048491e-03;3.4750000e+02;6.1321210e-02;3.4750000e+02;1.2712774e-01;3.4750000e+02;1.8568952e-01;3.4750000e+02;2.1455410e-01;3.4750000e+02;2.0225102e-01;3.4750000e+02;2.0866072e-01;3.4750000e+02;1.5718016e-01;3.4750000e+02;9.6042529e-02;3.4750000e+02;4.2059533e-02;3.4750000e+02;-5.8471113e-03;3.4750000e+02;-4.9980059e-02;3.4750000e+02;-9.3429245e-02;3.4750000e+02;-1.3666579e-01;3.4750000e+02;-1.7817135e-01;3.4750000e+02;-8.4671922e-02;3.4750000e+02;-7.6973870e-02;3.4750000e+02;-4.5606133e-02;3.4750000e+02;5.1048491e-03;3.4750000e+02;6.1321210e-02;3.4750000e+02;1.2712774e-01;3.4750000e+02;1.8568952e-01;3.4750000e+02;2.1455410e-01;3.4750000e+02;2.0225102e-01;3.4750000e+02;2.0866072e-01;3.4750000e+02;1.5718016e-01;3.4750000e+02;9.6042529e-02;3.4750000e+02;4.2059533e-02;3.4750000e+02;-5.8471113e-03;3.4750000e+02;-4.9980059e-02;3.4750000e+02;-9.3429245e-02;3.4750000e+02;-1.3666579e-01;3.4750000e+02;-1.7817135e-01;3.4750000e+02;-8.4671922e-02;3.4750000e+02;-7.6973870e-02;3.4750000e+02;-4.5606133e-02;3.4750000e+02;5.1048491e-03;3.4750000e+02;6.1321210e-02;3.4750000e+02;1.2712774e-01;3.4750000e+02;1.8568952e-01;3.4750000e+02;2.1455410e-01;3.4750000e+02;2.0225102e-01;3.4750000e+02;2.0866072e-01;3.4750000e+02;1.5718016e-01;3.4750000e+02;9.6042529e-02;3.4750000e+02;4.2059533e-02;3.4750000e+02;-5.8471113e-03;3.4750000e+02;-4.9980059e-02;3.4750000e+02;-9.3429245e-02;3.4750000e+02;-1.3666579e-01;3.4750000e+02;-1.7817135e-01;3.4750000e+02;-8.4671922e-02;3.4750000e+02;-7.6973870e-02;3.4750000e+02;-4.5606133e-02;3.4750000e+02;5.1048491e-03;3.4750000e+02;6.1321210e-02;3.4750000e+02;1.2712774e-01;3.4750000e+02;1.8568952e-01;3.4750000e+02;2.1455410e-01;3.4750000e+02;2.0225102e-01;3.4750000e+02;2.0866072e-01;3.4750000e+02;1.5718016e-01;3.4750000e+02;9.6042529e-02;3.4750000e+02;4.2059533e-02;3.4750000e+02;-5.8471113e-03;3.4750000e+02;-4.9980059e-02;3.4750000e+02;-9.3429245e-02;3.4750000e+02;-1.3666579e-01;3.4750000e+02;-1.7817135e-01;3.4750000e+02;-8.4671922e-02;3.4750000e+02;-7.6973870e-02;3.4750000e+02;-4.5606133e-02;3.4750000e+02;5.1048491e-03;3.4750000e+02;6.1321210e-02;3.4750000e+02;1.2712774e-01;3.4750000e+02;1.8568952e-01;3.4750000e+02;2.1455410e-01;3.4750000e+02;2.0225102e-01;3.4750000e+02;2.0866072e-01;3.4750000e+02;1.5718016e-01;3.4750000e+02;9.6042529e-02;3.4750000e+02;4.2059533e-02;3.4750000e+02;-5.8471113e-03;3.4750000e+02;-4.9980059e-02;3.4750000e+02;-9.3429245e-02;3.4750000e+02;-1.3666579e-01;3.4750000e+02;-1.7817135e-01;3.4750000e+02;-8.4671922e-02;3.4750000e+02;-7.6973870e-02;3.4750000e+02;-4.5606133e-02;3.4750000e+02;5.1048491e-03;3.4750000e+02;6.1321210e-02;3.4750000e+02;1.2712774e-01;3.4750000e+02;1.8568952e-01;3.4750000e+02;2.1455410e-01;3.4750000e+02;2.0225102e-01;3.4750000e+02;2.0866072e-01;3.4750000e+02;1.5718016e-01;3.4750000e+02;9.6042529e-02;3.4750000e+02;4.2059533e-02;3.4750000e+02;-5.8471113e-03;3.4750000e+02;-4.9980059e-02;3.4750000e+02;-9.3429245e-02;3.4750000e+02;-1.3666579e-01;3.4750000e+02;-1.7817135e-01;3.4750000e+02;-8.4671922e-02;3.4750000e+02;-7.6973870e-02;3.4750000e+02;-4.5606133e-02;3.4750000e+02;5.1048491e-03;3.4750000e+02;6.1321210e-02;3.4750000e+02;1.2712774e-01;3.4750000e+02;1.8568952e-01;3.4750000e+02;2.1455410e-01;3.4750000e+02;2.0225102e-01;3.4750000e+02;2.0866072e-01;3.4750000e+02;1.5718016e-01;3.4750000e+02;9.6042529e-02;3.4750000e+02;4.2059533e-02;3.4750000e+02;-5.8471113e-03;3.4750000e+02;-4.9980059e-02;3.4750000e+02;-9.3429245e-02;3.4750000e+02;-1.3666579e-01;3.4750000e+02;-1.7817135e-01;3.4750000e+02;-8.4671922e-02;3.4750000e+02;-7.6973870e-02;3.4750000e+02;-4.5606133e-02;3.4750000e+02;5.1048491e-03;3.4750000e+02;6.1321210e-02;3.4750000e+02;1.2712774e-01;3.4750000e+02;1.8568952e-01;3.4750000e+02;2.1455410e-01;3.4750000e+02;2.0225102e-01;3.4750000e+02;2.0866072e-01;3.4750000e+02;1.5718016e-01;3.4750000e+02;9.6042529e-02;3.4750000e+02;4.2059533e-02;3.4750000e+02;-5.8471113e-03;3.4750000e+02;-4.9980059e-02;3.4750000e+02;-9.3429245e-02;3.4750000e+02;-1.3666579e-01;3.4750000e+02;-1.7817135e-01;3.4750000e+02;-8.4671922e-02;3.4750000e+02;-7.6973870e-02;3.4750000e+02;-4.5606133e-02;3.4750000e+02;5.1048491e-03;3.4750000e+02;6.1321210e-02;3.4750000e+02;1.2712774e-01;3.4750000e+02;1.8568952e-01;3.4750000e+02;2.1455410e-01;3.4750000e+02;2.0225102e-01;3.4750000e+02;2.0866072e-01;3.4750000e+02;1.5718016e-01;3.4750000e+02;9.6042529e-02;3.4750000e+02;4.2059533e-02;3.4750000e+02;-5.8471113e-03;3.4750000e+02;-4.9980059e-02;3.4750000e+02;-9.3429245e-02;3.4750000e+02;-1.3666579e-01;3.4750000e+02;-1.7817135e-01;3.4750000e+02;-8.4671922e-02;3.4750000e+02;-7.6973870e-02;3.4750000e+02;-4.5606133e-02;3.4750000e+02;5.1048491e-03;3.4750000e+02;6.1321210e-02;3.4750000e+02;1.2712774e-01;3.4750000e+02;1.8568952e-01;3.4750000e+02;2.1455410e-01;3.4750000e+02;2.0225102e-01;3.4750000e+02;2.0866072e-01;3.4750000e+02;1.5718016e-01;3.4750000e+02;9.6042529e-02;3.4750000e+02;4.2059533e-02;3.4750000e+02;-5.8471113e-03;3.4750000e+02;-4.9980059e-02;3.4750000e+02;-9.3429245e-02;3.4750000e+02;-1.3666579e-01;3.4750000e+02;-1.7817135e-01;3.4750000e+02;-8.4671922e-02;3.4750000e+02;-7.6973870e-02;3.4750000e+02;-4.5606133e-02;3.4750000e+02;5.1048491e-03;3.4750000e+02;6.1321210e-02;3.4750000e+02;1.2712774e-01;3.4750000e+02;1.8568952e-01;3.4750000e+02;2.1455410e-01;3.4750000e+02;2.0225102e-01;3.4750000e+02;2.0866072e-01;3.4750000e+02;1.5718016e-01;3.4750000e+02;9.6042529e-02;3.4750000e+02;4.2059533e-02;3.4750000e+02;-5.8471113e-03;3.4750000e+02;-4.9980059e-02;3.4750000e+02;-9.3429245e-02;3.4750000e+02;-1.3666579e-01;3.4750000e+02;-1.7817135e-01;3.4750000e+02;-8.4671922e-02;3.4750000e+02;-7.6973870e-02;3.4750000e+02;-4.5606133e-02;3.4750000e+02;5.1048491e-03;3.4750000e+02;6.1321210e-02;3.4750000e+02;1.2712774e-01;3.4750000e+02;1.8568952e-01;3.4750000e+02;2.1455410e-01;3.4750000e+02;2.0225102e-01;3.4750000e+02;2.0866072e-01;3.4750000e+02;1.5718016e-01;3.4750000e+02;9.6042529e-02;3.4750000e+02;4.2059533e-02;3.4750000e+02;-5.8471113e-03;3.4750000e+02;-4.9980059e-02;3.4750000e+02;-9.3429245e-02;3.4750000e+02;-1.3666579e-01;3.4750000e+02;-1.7817135e-01;3.4750000e+02;-8.4671922e-02;3.4750000e+02;-7.6973870e-02;3.4750000e+02;-4.5606133e-02;3.4750000e+02;5.1048491e-03;3.4750000e+02;6.1321210e-02;3.4750000e+02;1.2712774e-01;3.4750000e+02;1.8568952e-01;3.4750000e+02;2.1455410e-01;3.4750000e+02;2.0225102e-01;3.4750000e+02;2.0866072e-01;3.4750000e+02;1.5718016e-01;3.4750000e+02;9.6042529e-02;3.4750000e+02;4.2059533e-02;3.4750000e+02;-5.8471113e-03;3.4750000e+02;-4.9980059e-02;3.4750000e+02;-9.3429245e-02;3.4750000e+02;-1.3666579e-01;3.4750000e+02;-1.7817135e-01;3.4750000e+02;-8.4671922e-02;3.4750000e+02;-7.6973870e-02;3.4750000e+02;-4.5606133e-02;3.4750000e+02;5.1048491e-03;3.4750000e+02;6.1321210e-02;3.4750000e+02;1.2712774e-01;3.4750000e+02;1.8568952e-01;3.4750000e+02;2.1455410e-01;3.4750000e+02;2.0225102e-01;3.4750000e+02;2.0866072e-01;3.4750000e+02;1.5718016e-01;3.4750000e+02;9.6042529e-02;3.4750000e+02;4.2059533e-02;3.4750000e+02;-5.8471113e-03;3.4750000e+02;-4.9980059e-02;3.4750000e+02;-9.3429245e-02;3.4750000e+02;-1.3666579e-01;3.4750000e+02;-1.7817135e-01;3.4750000e+02;-8.4671922e-02;3.4750000e+02;-7.6973870e-02;3.4750000e+02;-4.5606133e-02;3.4750000e+02;5.1048491e-03;3.4750000e+02;6.1321210e-02;3.4750000e+02;1.2712774e-01;3.4750000e+02;1.8568952e-01;3.4750000e+02;2.1455410e-01;3.4750000e+02;2.0225102e-01;3.4750000e+02;2.0866072e-01;3.4750000e+02;1.5718016e-01;3.4750000e+02;9.6042529e-02;3.4750000e+02;4.2059533e-02;3.4750000e+02;-5.8471113e-03;3.4750000e+02;-4.9980059e-02;3.4750000e+02;-9.3429245e-02;3.4750000e+02;-1.3666579e-01;3.4750000e+02;-1.7817135e-01;3.4750000e+02;-8.4671922e-02;3.4750000e+02;-7.6973870e-02;3.4750000e+02;-4.5606133e-02;3.4750000e+02;5.1048491e-03;3.4750000e+02;6.1321210e-02;3.4750000e+02;1.2712774e-01;3.4750000e+02;1.8568952e-01;3.4750000e+02;2.1455410e-01;3.4750000e+02;2.0225102e-01;3.4750000e+02;2.0866072e-01;3.4750000e+02;1.5718016e-01;3.4750000e+02;9.6042529e-02;3.4750000e+02;4.2059533e-02;3.4750000e+02;-5.8471113e-03;3.4750000e+02;-4.9980059e-02;3.4750000e+02;-9.3429245e-02;3.4750000e+02;-1.3666579e-01;3.4750000e+02;-1.7817135e-01;3.4750000e+02;-8.4671922e-02;3.4750000e+02;-7.6973870e-02;3.4750000e+02;-4.5606133e-02;3.4750000e+02;5.1048491e-03;3.4750000e+02;6.1321210e-02;3.4750000e+02;1.2712774e-01;3.4750000e+02;1.8568952e-01;3.4750000e+02;2.1455410e-01;3.4750000e+02;2.0225102e-01;3.4750000e+02;2.0866072e-01;3.4750000e+02;1.5718016e-01;3.4750000e+02;9.6042529e-02;3.4750000e+02;4.2059533e-02;3.4750000e+02;-5.8471113e-03;3.4750000e+02;-4.9980059e-02;3.4750000e+02;-9.3429245e-02;3.4750000e+02;-1.3666579e-01;3.4750000e+02;-1.7817135e-01;3.4750000e+02;-8.4671922e-02;3.4750000e+02;-7.6973870e-02;3.4750000e+02;-4.5606133e-02;3.4750000e+02;5.1048491e-03;3.4750000e+02;6.1321210e-02;3.4750000e+02;1.2712774e-01;3.4750000e+02;1.8568952e-01;3.4750000e+02;2.1455410e-01;3.4750000e+02;2.0225102e-01;3.4750000e+02;2.0866072e-01;3.4750000e+02;1.5718016e-01;3.4750000e+02;9.6042529e-02;3.4750000e+02;4.2059533e-02;3.4750000e+02;-5.8471113e-03;3.4750000e+02;-4.9980059e-02;3.4750000e+02;-9.3429245e-02;3.4750000e+02;-1.3666579e-01;3.4750000e+02;-1.7817135e-01;3.4750000e+02;-8.4671922e-02;3.4750000e+02;-7.6973870e-02;3.4750000e+02;-4.5606133e-02;3.4750000e+02;5.1048491e-03;3.4750000e+02;6.1321210e-02;3.4750000e+02;1.2712774e-01;3.4750000e+02;1.8568952e-01;3.4750000e+02;2.1455410e-01;3.4750000e+02;2.0225102e-01;3.4750000e+02;2.0866072e-01;3.4750000e+02;1.5718016e-01;3.4750000e+02;9.6042529e-02;3.4750000e+02;4.2059533e-02;3.4750000e+02;-5.8471113e-03;3.4750000e+02;-4.9980059e-02;3.4750000e+02;-9.3429245e-02;3.4750000e+02;-1.3666579e-01;3.4750000e+02;-1.7817135e-01;3.4750000e+02;-8.4671922e-02;3.4750000e+02;-7.6973870e-02;3.4750000e+02;-4.5606133e-02;3.4750000e+02;5.1048491e-03;3.4750000e+02;6.1321210e-02;3.4750000e+02;1.2712774e-01;3.4750000e+02;1.8568952e-01;3.4750000e+02;2.1455410e-01;3.4750000e+02;2.0225102e-01;3.4750000e+02;2.0866072e-01;3.4750000e+02;1.5718016e-01;3.4750000e+02;9.6042529e-02;3.4750000e+02;4.2059533e-02;3.4750000e+02;-5.8471113e-03;3.4750000e+02;-4.9980059e-02;3.4750000e+02;-9.3429245e-02;3.4750000e+02;-1.3666579e-01;3.4750000e+02;-1.7817135e-01;3.4750000e+02;-8.4671922e-02;3.4750000e+02;-7.6973870e-02;3.4750000e+02;-4.5606133e-02;3.4750000e+02;5.1048491e-03;3.4750000e+02;6.1321210e-02;3.4750000e+02;1.2712774e-01;3.4750000e+02;1.8568952e-01;3.4750000e+02;2.1455410e-01;3.4750000e+02;2.0225102e-01;3.4750000e+02;2.0866072e-01;3.4750000e+02;1.5718016e-01;3.4750000e+02;9.6042529e-02;3.4750000e+02;4.2059533e-02;3.4750000e+02;-5.8471113e-03;3.4750000e+02;-4.9980059e-02;3.4750000e+02;-9.3429245e-02;3.4750000e+02;-1.3666579e-01;3.4750000e+02;-1.7817135e-01;3.4750000e+02;-8.4671922e-02;3.4750000e+02;-7.6973870e-02;3.4750000e+02;-4.5606133e-02;3.4750000e+02;5.1048491e-03;3.4750000e+02;6.1321210e-02;3.4750000e+02;1.2712774e-01;3.4750000e+02;1.8568952e-01;3.4750000e+02;2.1455410e-01;3.4750000e+02;2.0225102e-01;3.4750000e+02;2.0866072e-01;3.4750000e+02;1.5718016e-01;3.4750000e+02;9.6042529e-02;3.4750000e+02;4.2059533e-02;3.4750000e+02;-5.8471113e-03;3.4750000e+02;-4.9980059e-02;3.4750000e+02;-9.3429245e-02;3.4750000e+02;-1.3666579e-01;3.4750000e+02;-1.7817135e-01;3.4750000e+02;-8.4671922e-02;3.4750000e+02;-7.6973870e-02;3.4750000e+02;-4.5606133e-02;3.4750000e+02;5.1048491e-03;3.4750000e+02;6.1321210e-02;3.4750000e+02;1.2712774e-01;3.4750000e+02;1.8568952e-01;3.4750000e+02;2.1455410e-01;3.4750000e+02;2.0225102e-01;3.4750000e+02;2.0866072e-01;3.4750000e+02;1.5718016e-01;3.4750000e+02;9.6042529e-02;3.4750000e+02;4.2059533e-02;3.4750000e+02;-5.8471113e-03;3.4750000e+02;-4.9980059e-02;3.4750000e+02;-9.3429245e-02;3.4750000e+02;-1.3666579e-01;3.4750000e+02;-1.7817135e-01;3.4750000e+02;-8.4671922e-02;3.4750000e+02;-7.6973870e-02;3.4750000e+02;-4.5606133e-02;3.4750000e+02;5.1048491e-03;3.4750000e+02;6.1321210e-02;3.4750000e+02;1.2712774e-01;3.4750000e+02;1.8568952e-01;3.4750000e+02;2.1455410e-01;3.4750000e+02;2.0225102e-01;3.4750000e+02;2.0866072e-01;3.4750000e+02;1.5718016e-01;3.4750000e+02;9.6042529e-02;3.4750000e+02;4.2059533e-02;3.4750000e+02;-5.8471113e-03;3.4750000e+02;-4.9980059e-02;3.4750000e+02;-9.3429245e-02;3.4750000e+02;-1.3666579e-01;3.4750000e+02;-1.7817135e-01;3.4750000e+02;-8.4671922e-02;3.4750000e+02;-7.6973870e-02;3.4750000e+02;-4.5606133e-02;3.4750000e+02;5.1048491e-03;3.4750000e+02;6.1321210e-02;3.4750000e+02;1.2712774e-01;3.4750000e+02;1.8568952e-01;3.4750000e+02;2.1455410e-01;3.4750000e+02;2.0225102e-01;3.4750000e+02;2.0866072e-01;3.4750000e+02;1.5718016e-01;3.4750000e+02;9.6042529e-02;3.4750000e+02;4.2059533e-02;3.4750000e+02;-5.8471113e-03;3.4750000e+02;-4.9980059e-02;3.4750000e+02;-9.3429245e-02;3.4750000e+02;-1.3666579e-01;3.4750000e+02;-1.7817135e-01;3.4750000e+02;-8.4671922e-02;3.4750000e+02;-7.6973870e-02;3.4750000e+02;-4.5606133e-02;3.4750000e+02;5.1048491e-03;3.4750000e+02;6.1321210e-02;3.4750000e+02;1.2712774e-01;3.4750000e+02;1.8568952e-01;3.4750000e+02;2.1455410e-01;3.4750000e+02;2.0225102e-01;3.4750000e+02;2.0866072e-01;3.4750000e+02;1.5718016e-01;3.4750000e+02;9.6042529e-02;3.4750000e+02;4.2059533e-02;3.4750000e+02;-5.8471113e-03;3.4750000e+02;-4.9980059e-02;3.4750000e+02;-9.3429245e-02;3.4750000e+02;-1.3666579e-01;3.4750000e+02;-1.7817135e-01;3.4750000e+02;-8.4671922e-02;3.4750000e+02;-7.6973870e-02;3.4750000e+02;-4.5606133e-02;3.4750000e+02;5.1048491e-03;3.4750000e+02;6.1321210e-02;3.4750000e+02;1.2712774e-01;3.4750000e+02;1.8568952e-01;3.4750000e+02;2.1455410e-01;3.4750000e+02;2.0225102e-01;3.4750000e+02;2.0866072e-01;3.4750000e+02;1.5718016e-01;3.4750000e+02;9.6042529e-02;3.4750000e+02;4.2059533e-02;3.4750000e+02;-5.8471113e-03;3.4750000e+02;-4.9980059e-02;3.4750000e+02;-9.3429245e-02;3.4750000e+02;-1.3666579e-01;3.4750000e+02;-1.7817135e-01;3.4750000e+02;-8.4671922e-02;3.4750000e+02;-7.6973870e-02;3.4750000e+02;-4.5606133e-02;3.4750000e+02;5.1048491e-03;3.4750000e+02;6.1321210e-02;3.4750000e+02;1.2712774e-01;3.4750000e+02;1.8568952e-01;3.4750000e+02;2.1455410e-01;3.4750000e+02;2.0225102e-01;3.4750000e+02;2.0866072e-01;3.4750000e+02;1.5718016e-01;3.4750000e+02;9.6042529e-02;3.4750000e+02;4.2059533e-02;3.4750000e+02;-5.8471113e-03;3.4750000e+02;-4.9980059e-02;3.4750000e+02;-9.3429245e-02;3.4750000e+02;-1.3666579e-01;3.4750000e+02;-1.7817135e-01;3.4750000e+02;-8.4671922e-02;3.4750000e+02;-7.6973870e-02;3.4750000e+02;-4.5606133e-02;3.4750000e+02;5.1048491e-03;3.4750000e+02;6.1321210e-02;3.4750000e+02;1.2712774e-01;3.4750000e+02;1.8568952e-01;3.4750000e+02;2.1455410e-01;3.4750000e+02;2.0225102e-01;3.4750000e+02;2.0866072e-01;3.4750000e+02;1.5718016e-01;3.4750000e+02;9.6042529e-02;3.4750000e+02;4.2059533e-02;3.4750000e+02;-5.8471113e-03;3.4750000e+02;-4.9980059e-02;3.4750000e+02;-9.3429245e-02;3.4750000e+02;-1.3666579e-01;3.4750000e+02;-1.7817135e-01;3.4750000e+02;-8.4671922e-02;3.4750000e+02;-7.6973870e-02;3.4750000e+02;-4.5606133e-02;3.4750000e+02;5.1048491e-03;3.4750000e+02;6.1321210e-02;3.4750000e+02;1.2712774e-01;3.4750000e+02;1.8568952e-01;3.4750000e+02;2.1455410e-01;3.4750000e+02;2.0225102e-01;3.4750000e+02;2.0866072e-01;3.4750000e+02;1.5718016e-01;3.4750000e+02;9.6042529e-02;3.4750000e+02;4.2059533e-02;3.4750000e+02;-5.8471113e-03;3.4750000e+02;-4.9980059e-02;3.4750000e+02;-9.3429245e-02;3.4750000e+02;-1.3666579e-01;3.4750000e+02;-1.7817135e-01;3.4750000e+02;-8.4671922e-02;3.4750000e+02;-7.6973870e-02;3.4750000e+02;-4.5606133e-02;3.4750000e+02;5.1048491e-03;3.4750000e+02;6.1321210e-02;3.4750000e+02;1.2712774e-01;3.4750000e+02;1.8568952e-01;3.4750000e+02;2.1455410e-01;3.4750000e+02;2.0225102e-01;3.4750000e+02;2.0866072e-01;3.4750000e+02;1.5718016e-01;3.4750000e+02;9.6042529e-02;3.4750000e+02;4.2059533e-02;3.4750000e+02;-5.8471113e-03;3.4750000e+02;-4.9980059e-02;3.4750000e+02;-9.3429245e-02;3.4750000e+02;-1.3666579e-01;3.4750000e+02;-1.7817135e-01;3.4750000e+02;-8.4671922e-02;3.4750000e+02;-7.6973870e-02;3.4750000e+02;-4.5606133e-02;3.4750000e+02;5.1048491e-03;3.4750000e+02;6.1321210e-02;3.4750000e+02;1.2712774e-01;3.4750000e+02;1.8568952e-01;3.4750000e+02;2.1455410e-01;3.4750000e+02;2.0225102e-01;3.4750000e+02;2.0866072e-01;3.4750000e+02;1.5718016e-01;3.4750000e+02;9.6042529e-02;3.4750000e+02;4.2059533e-02;3.4750000e+02;-5.8471113e-03;3.4750000e+02;-4.9980059e-02;3.4750000e+02;-9.3429245e-02;3.4750000e+02;-1.3666579e-01;3.4750000e+02;-1.7817135e-01;3.4750000e+02;-8.4671922e-02;3.4750000e+02;-7.6973870e-02;3.4750000e+02;-4.5606133e-02;3.4750000e+02;5.1048491e-03;3.4750000e+02;6.1321210e-02;3.4750000e+02;1.2712774e-01;3.4750000e+02;1.8568952e-01;3.4750000e+02;2.1455410e-01;3.4750000e+02;2.0225102e-01;3.4750000e+02;2.0866072e-01;3.4750000e+02;1.5718016e-01;3.4750000e+02;9.6042529e-02;3.4750000e+02;4.2059533e-02;3.4750000e+02;-5.8471113e-03;3.4750000e+02;-4.9980059e-02;3.4750000e+02;-9.3429245e-02;3.4750000e+02;-1.3666579e-01;3.4750000e+02;-1.7817135e-01;3.4750000e+02;-8.4671922e-02;3.4750000e+02;-7.6973870e-02;3.4750000e+02;-4.5606133e-02;3.4750000e+02;5.1048491e-03;3.4750000e+02;6.1321210e-02;3.4750000e+02;1.2712774e-01;3.4750000e+02;1.8568952e-01;3.4750000e+02;2.1455410e-01;3.4750000e+02;2.0225102e-01;3.4750000e+02;2.0866072e-01;3.4750000e+02;1.5718016e-01;3.4750000e+02;9.6042529e-02;3.4750000e+02;4.2059533e-02;3.4750000e+02;-5.8471113e-03;3.4750000e+02;-4.9980059e-02;3.4750000e+02;-9.3429245e-02;3.4750000e+02;-1.3666579e-01;3.4750000e+02;-1.7817135e-01;3.4750000e+02;-8.4671922e-02;3.4750000e+02;-7.6973870e-02;3.4750000e+02;-4.5606133e-02;3.4750000e+02;5.1048491e-03;3.4750000e+02;6.1321210e-02;3.4750000e+02;1.2712774e-01;3.4750000e+02;1.8568952e-01;3.4750000e+02;2.1455410e-01;3.4750000e+02;2.0225102e-01;3.4750000e+02;2.0866072e-01;3.4750000e+02;1.5718016e-01;3.4750000e+02;9.6042529e-02;3.4750000e+02;4.2059533e-02;3.4750000e+02;-5.8471113e-03;3.4750000e+02;-4.9980059e-02;3.4750000e+02;-9.3429245e-02;3.4750000e+02;-1.3666579e-01;3.4750000e+02;-1.7817135e-01;3.4750000e+02;-8.4671922e-02;3.4750000e+02;-7.6973870e-02;3.4750000e+02;-4.5606133e-02;3.4750000e+02;5.1048491e-03;3.4750000e+02;6.1321210e-02;3.4750000e+02;1.2712774e-01;3.4750000e+02;1.8568952e-01;3.4750000e+02;2.1455410e-01;3.4750000e+02;2.0225102e-01;3.4750000e+02;2.0866072e-01;3.4750000e+02;1.5718016e-01;3.4750000e+02;9.6042529e-02;3.4750000e+02;4.2059533e-02;3.4750000e+02;-5.8471113e-03;3.4750000e+02;-4.9980059e-02;3.4750000e+02;-9.3429245e-02;3.4750000e+02;-1.3666579e-01;3.4750000e+02;-1.7817135e-01;3.4750000e+02;-8.4671922e-02;3.4750000e+02;-7.6973870e-02;3.4750000e+02;-4.5606133e-02;3.4750000e+02;5.1048491e-03;3.4750000e+02;6.1321210e-02;3.4750000e+02;1.2712774e-01;3.4750000e+02;1.8568952e-01;3.4750000e+02;2.1455410e-01;3.4750000e+02;2.0225102e-01;3.4750000e+02;2.0866072e-01;3.4750000e+02;1.5718016e-01;3.4750000e+02;9.6042529e-02;3.4750000e+02;4.2059533e-02;3.4750000e+02;-5.8471113e-03;3.4750000e+02;-4.9980059e-02;3.4750000e+02;-9.3429245e-02;3.4750000e+02;-1.3666579e-01;3.4750000e+02;-1.7817135e-01;3.4750000e+02;-8.4671922e-02;3.4750000e+02;-7.6973870e-02;3.4750000e+02;-4.5606133e-02;3.4750000e+02;5.1048491e-03;3.4750000e+02;6.1321210e-02;3.4750000e+02;1.2712774e-01;3.4750000e+02;1.8568952e-01;3.4750000e+02;2.1455410e-01;3.4750000e+02;2.0225102e-01;3.4750000e+02;2.0866072e-01;3.4750000e+02;1.5718016e-01;3.4750000e+02;9.6042529e-02;3.4750000e+02;4.2059533e-02;3.4750000e+02;-5.8471113e-03;3.4750000e+02;-4.9980059e-02;3.4750000e+02;-9.3429245e-02;3.4750000e+02;-1.3666579e-01;3.4750000e+02;-1.7817135e-01;3.4750000e+02;-8.4671922e-02;3.4750000e+02;-7.6973870e-02;3.4750000e+02;-4.5606133e-02;3.4750000e+02;5.1048491e-03;3.4750000e+02;6.1321210e-02;3.4750000e+02;1.2712774e-01;3.4750000e+02;1.8568952e-01;3.4750000e+02;2.1455410e-01;3.4750000e+02;2.0225102e-01;3.4750000e+02;2.0866072e-01;3.4750000e+02;1.5718016e-01;3.4750000e+02;9.6042529e-02;3.4750000e+02;4.2059533e-02;3.4750000e+02;-5.8471113e-03;3.4750000e+02;-4.9980059e-02;3.4750000e+02;-9.3429245e-02;3.4750000e+02;-1.3666579e-01;3.4750000e+02;-1.7817135e-01;3.4750000e+02;-8.4671922e-02;3.4750000e+02;-7.6973870e-02;3.4750000e+02;-4.5606133e-02;3.4750000e+02;5.1048491e-03;3.4750000e+02;6.1321210e-02;3.4750000e+02;1.2712774e-01;3.4750000e+02;1.8568952e-01;3.4750000e+02;2.1455410e-01;3.4750000e+02;2.0225102e-01;3.4750000e+02;2.0866072e-01;3.4750000e+02;1.5718016e-01;3.4750000e+02;9.6042529e-02;3.4750000e+02;4.2059533e-02;3.4750000e+02;-5.8471113e-03;3.4750000e+02;-4.9980059e-02;3.4750000e+02;-9.3429245e-02;3.4750000e+02;-1.3666579e-01;3.4750000e+02;-1.7817135e-01;3.4750000e+02;-8.4671922e-02;3.4750000e+02;-7.6973870e-02;3.4750000e+02;-4.5606133e-02;3.4750000e+02;5.1048491e-03;3.4750000e+02;6.1321210e-02;3.4750000e+02;1.2712774e-01;3.4750000e+02;1.8568952e-01;3.4750000e+02;2.1455410e-01;3.4750000e+02;2.0225102e-01;3.4750000e+02;2.0866072e-01;3.4750000e+02;1.5718016e-01;3.4750000e+02;9.6042529e-02;3.4750000e+02;4.2059533e-02;3.4750000e+02;-5.8471113e-03;3.4750000e+02;-4.9980059e-02;3.4750000e+02;-9.3429245e-02;3.4750000e+02;-1.3666579e-01;3.4750000e+02;-1.7817135e-01;3.4750000e+02;-8.4671922e-02;3.4750000e+02;-7.6973870e-02;3.4750000e+02;-4.5606133e-02;3.4750000e+02;5.1048491e-03;3.4750000e+02;6.1321210e-02;3.4750000e+02;1.2712774e-01;3.4750000e+02;1.8568952e-01;3.4750000e+02;2.1455410e-01;3.4750000e+02;2.0225102e-01;3.4750000e+02;2.0866072e-01;3.4750000e+02;1.5718016e-01;3.4750000e+02;9.6042529e-02;3.4750000e+02;4.2059533e-02;3.4750000e+02;-5.8471113e-03;3.4750000e+02;-4.9980059e-02;3.4750000e+02;-9.3429245e-02;3.4750000e+02;-1.3666579e-01;3.4750000e+02;-1.7817135e-01;3.4750000e+02;-8.4671922e-02;3.4750000e+02;-7.6973870e-02;3.4750000e+02;-4.5606133e-02;3.4750000e+02;5.1048491e-03;3.4750000e+02;6.1321210e-02;3.4750000e+02;1.2712774e-01;3.4750000e+02;1.8568952e-01;3.4750000e+02;2.1455410e-01;3.4750000e+02;2.0225102e-01;3.4750000e+02;2.0866072e-01;3.4750000e+02;1.5718016e-01;3.4750000e+02;9.6042529e-02;3.4750000e+02;4.2059533e-02;3.4750000e+02;-5.8471113e-03;3.4750000e+02;-4.9980059e-02;3.4750000e+02;-9.3429245e-02;3.4750000e+02;-1.3666579e-01;3.4750000e+02;-1.7817135e-01;3.4750000e+02;-8.4671922e-02;3.4750000e+02;-7.6973870e-02;3.4750000e+02;-4.5606133e-02;3.4750000e+02;5.1048491e-03;3.4750000e+02;6.1321210e-02;3.4750000e+02;1.2712774e-01;3.4750000e+02;1.8568952e-01;3.4750000e+02;2.1455410e-01;3.4750000e+02;2.0225102e-01;3.4750000e+02;2.0866072e-01;3.4750000e+02;1.5718016e-01;3.4750000e+02;9.6042529e-02;3.4750000e+02;4.2059533e-02;3.4750000e+02;-5.8471113e-03;3.4750000e+02;-4.9980059e-02;3.4750000e+02;-9.3429245e-02;3.4750000e+02;-1.3666579e-01;3.4750000e+02;-1.7817135e-01;3.4750000e+02;-8.4671922e-02;3.4750000e+02;-7.6973870e-02;3.4750000e+02;-4.5606133e-02;3.4750000e+02;5.1048491e-03;3.4750000e+02;6.1321210e-02;3.4750000e+02;1.2712774e-01;3.4750000e+02;1.8568952e-01;3.4750000e+02;2.1455410e-01;3.4750000e+02;2.0225102e-01;3.4750000e+02;2.0866072e-01;3.4750000e+02;1.5718016e-01;3.4750000e+02;9.6042529e-02;3.4750000e+02;4.2059533e-02;3.4750000e+02;-5.8471113e-03;3.4750000e+02;-4.9980059e-02;3.4750000e+02;-9.3429245e-02;3.4750000e+02;-1.3666579e-01;3.4750000e+02;-1.7817135e-01;3.4750000e+02;-8.4671922e-02;3.4750000e+02;-7.6973870e-02;3.4750000e+02;-4.5606133e-02;3.4750000e+02;5.1048491e-03;3.4750000e+02;6.1321210e-02;3.4750000e+02;1.2712774e-01;3.4750000e+02;1.8568952e-01;3.4750000e+02;2.1455410e-01;3.4750000e+02;2.0225102e-01;3.4750000e+02;2.0866072e-01;3.4750000e+02;1.5718016e-01;3.4750000e+02;9.6042529e-02;3.4750000e+02;4.2059533e-02;3.4750000e+02;-5.8471113e-03;3.4750000e+02;-4.9980059e-02;3.4750000e+02;-9.3429245e-02;3.4750000e+02;-1.3666579e-01;3.4750000e+02;-1.7817135e-01;3.4750000e+02;-8.4671922e-02;3.4750000e+02;-7.6973870e-02;3.4750000e+02;-4.5606133e-02;3.4750000e+02;5.1048491e-03;3.4750000e+02;6.1321210e-02;3.4750000e+02;1.2712774e-01;3.4750000e+02;1.8568952e-01;3.4750000e+02;2.1455410e-01;3.4750000e+02;2.0225102e-01;3.4750000e+02;2.0866072e-01;3.4750000e+02;1.5718016e-01;3.4750000e+02;9.6042529e-02;3.4750000e+02;4.2059533e-02;3.4750000e+02;-5.8471113e-03;3.4750000e+02;-4.9980059e-02;3.4750000e+02;-9.3429245e-02;3.4750000e+02;-1.3666579e-01;3.4750000e+02;-1.7817135e-01;3.4750000e+02;-8.4671922e-02;3.4750000e+02;-7.6973870e-02;3.4750000e+02;-4.5606133e-02;3.4750000e+02;5.1048491e-03;3.4750000e+02;6.1321210e-02;3.4750000e+02;1.2712774e-01;3.4750000e+02;1.8568952e-01;3.4750000e+02;2.1455410e-01;3.4750000e+02;2.0225102e-01;3.4750000e+02;2.0866072e-01;3.4750000e+02;1.5718016e-01;3.4750000e+02;9.6042529e-02;3.4750000e+02;4.2059533e-02;3.4750000e+02;-5.8471113e-03;3.4750000e+02;-4.9980059e-02;3.4750000e+02;-9.3429245e-02;3.4750000e+02;-1.3666579e-01;3.4750000e+02;-1.7817135e-01;3.4750000e+02;-8.4671922e-02;3.4750000e+02;-7.6973870e-02;3.4750000e+02;-4.5606133e-02;3.4750000e+02;5.1048491e-03;3.4750000e+02;6.1321210e-02;3.4750000e+02;1.2712774e-01;3.4750000e+02;1.8568952e-01;3.4750000e+02;2.1455410e-01;3.4750000e+02;2.0225102e-01;3.4750000e+02;2.0866072e-01;3.4750000e+02;1.5718016e-01;3.4750000e+02;9.6042529e-02;3.4750000e+02;4.2059533e-02;3.4750000e+02;-5.8471113e-03;3.4750000e+02;-4.9980059e-02;3.4750000e+02;-9.3429245e-02;3.4750000e+02;-1.3666579e-01;3.4750000e+02;-1.7817135e-01;3.4750000e+02;-8.4671922e-02;3.4750000e+02;-7.6973870e-02;3.4750000e+02;-4.5606133e-02;3.4750000e+02;5.1048491e-03;3.4750000e+02;6.1321210e-02;3.4750000e+02;1.2712774e-01;3.4750000e+02;1.8568952e-01;3.4750000e+02;2.1455410e-01;3.4750000e+02;2.0225102e-01;3.4750000e+02;2.0866072e-01;3.4750000e+02;1.5718016e-01;3.4750000e+02;9.6042529e-02;3.4750000e+02;4.2059533e-02;3.4750000e+02;-5.8471113e-03;3.4750000e+02;-4.9980059e-02;3.4750000e+02;-9.3429245e-02;3.4750000e+02;-1.3666579e-01;3.4750000e+02;-1.7817135e-01;3.4750000e+02;-8.4671922e-02;3.4750000e+02;-7.6973870e-02;3.4750000e+02;-4.5606133e-02;3.4750000e+02;5.1048491e-03;3.4750000e+02;6.1321210e-02;3.4750000e+02;1.2712774e-01;3.4750000e+02;1.8568952e-01;3.4750000e+02;2.1455410e-01;3.4750000e+02;2.0225102e-01;3.4750000e+02;2.0866072e-01;3.4750000e+02;1.5718016e-01;3.4750000e+02;9.6042529e-02;3.4750000e+02;4.2059533e-02;3.4750000e+02;-5.8471113e-03;3.4750000e+02;-4.9980059e-02;3.4750000e+02;-9.3429245e-02;3.4750000e+02;-1.3666579e-01;3.4750000e+02;-1.7817135e-01;3.4750000e+02;-8.4671922e-02;3.4750000e+02;-7.6973870e-02;3.4750000e+02;-4.5606133e-02;3.4750000e+02;5.1048491e-03;3.4750000e+02;6.1321210e-02;3.4750000e+02;1.2712774e-01;3.4750000e+02;1.8568952e-01;3.4750000e+02;2.1455410e-01;3.4750000e+02;2.0225102e-01;3.4750000e+02;2.0866072e-01;3.4750000e+02;1.5718016e-01;3.4750000e+02;9.6042529e-02;3.4750000e+02;4.2059533e-02;3.4750000e+02;-5.8471113e-03;3.4750000e+02;-4.9980059e-02;3.4750000e+02;-9.3429245e-02;3.4750000e+02;-1.3666579e-01;3.4750000e+02;-1.7817135e-01;3.4750000e+02;-8.4671922e-02;3.4750000e+02;-7.6973870e-02;3.4750000e+02;-4.5606133e-02;3.4750000e+02;5.1048491e-03;3.4750000e+02;6.1321210e-02;3.4750000e+02;1.2712774e-01;3.4750000e+02;1.8568952e-01;3.4750000e+02;2.1455410e-01;3.4750000e+02;2.0225102e-01;3.4750000e+02;2.0866072e-01;3.4750000e+02;1.5718016e-01;3.4750000e+02;9.6042529e-02;3.4750000e+02;4.2059533e-02;3.4750000e+02;-5.8471113e-03;3.4750000e+02;-4.9980059e-02;3.4750000e+02;-9.3429245e-02;3.4750000e+02;-1.3666579e-01;3.4750000e+02;-1.7817135e-01;3.4750000e+02;-8.4671922e-02;3.4750000e+02;-7.6973870e-02;3.4750000e+02;-4.5606133e-02;3.4750000e+02;5.1048491e-03;3.4750000e+02;6.1321210e-02;3.4750000e+02;1.2712774e-01;3.4750000e+02;1.8568952e-01;3.4750000e+02;2.1455410e-01;3.4750000e+02;2.0225102e-01;3.4750000e+02;2.0866072e-01;3.4750000e+02;1.5718016e-01;3.4750000e+02;9.6042529e-02;3.4750000e+02;4.2059533e-02;3.4750000e+02;-5.8471113e-03;3.4750000e+02;-4.9980059e-02;3.4750000e+02;-9.3429245e-02;3.4750000e+02;-1.3666579e-01;3.4750000e+02;-1.7817135e-01;3.4750000e+02;-8.4671922e-02;3.4750000e+02;-7.6973870e-02;3.4750000e+02;-4.5606133e-02;3.4750000e+02;5.1048491e-03;3.4750000e+02;6.1321210e-02;3.4750000e+02;1.2712774e-01;3.4750000e+02;1.8568952e-01;3.4750000e+02;2.1455410e-01;3.4750000e+02;2.0225102e-01;3.4750000e+02;2.0866072e-01;3.4750000e+02;1.5718016e-01;3.4750000e+02;9.6042529e-02;3.4750000e+02;4.2059533e-02;3.4750000e+02;-5.8471113e-03;3.4750000e+02;-4.9980059e-02;3.4750000e+02;-9.3429245e-02;3.4750000e+02;-1.3666579e-01;3.4750000e+02;-1.7817135e-01;3.4750000e+02;-8.4671922e-02;3.4750000e+02;-7.6973870e-02;3.4750000e+02;-4.5606133e-02;3.4750000e+02;5.1048491e-03;3.4750000e+02;6.1321210e-02;3.4750000e+02;1.2712774e-01;3.4750000e+02;1.8568952e-01;3.4750000e+02;2.1455410e-01;3.4750000e+02;2.0225102e-01;3.4750000e+02;2.0866072e-01;3.4750000e+02;1.5718016e-01;3.4750000e+02;9.6042529e-02;3.4750000e+02;4.2059533e-02;3.4750000e+02;-5.8471113e-03;3.4750000e+02;-4.9980059e-02;3.4750000e+02;-9.3429245e-02;3.4750000e+02;-1.3666579e-01;3.4750000e+02;-1.7817135e-01;3.4750000e+02;-8.4671922e-02;3.4750000e+02;-7.6973870e-02;3.4750000e+02;-4.5606133e-02;3.4750000e+02;5.1048491e-03;3.4750000e+02;6.1321210e-02;3.4750000e+02;1.2712774e-01;3.4750000e+02;1.8568952e-01;3.4750000e+02;2.1455410e-01;3.4750000e+02;2.0225102e-01;3.4750000e+02;2.0866072e-01;3.4750000e+02;1.5718016e-01;3.4750000e+02;9.6042529e-02;3.4750000e+02;4.2059533e-02;3.4750000e+02;-5.8471113e-03;3.4750000e+02;-4.9980059e-02;3.4750000e+02;-9.3429245e-02;3.4750000e+02;-1.3666579e-01;3.4750000e+02;-1.7817135e-01;3.4750000e+02;-8.4671922e-02;3.4750000e+02;-7.6973870e-02;3.4750000e+02;-4.5606133e-02;3.4750000e+02;5.1048491e-03;3.4750000e+02;6.1321210e-02;3.4750000e+02;1.2712774e-01;3.4750000e+02;1.8568952e-01;3.4750000e+02;2.1455410e-01;3.4750000e+02;2.0225102e-01;3.4750000e+02;2.0866072e-01;3.4750000e+02;1.5718016e-01;3.4750000e+02;9.6042529e-02;3.4750000e+02;4.2059533e-02;3.4750000e+02;-5.8471113e-03;3.4750000e+02;-4.9980059e-02;3.4750000e+02;-9.3429245e-02;3.4750000e+02;-1.3666579e-01;3.4750000e+02;-1.7817135e-01;3.4750000e+02;-8.4671922e-02;3.4750000e+02;-7.6973870e-02;3.4750000e+02;-4.5606133e-02;3.4750000e+02;5.1048491e-03;3.4750000e+02;6.1321210e-02;3.4750000e+02;1.2712774e-01;3.4750000e+02;1.8568952e-01;3.4750000e+02;2.1455410e-01;3.4750000e+02;2.0225102e-01;3.4750000e+02;2.0866072e-01;3.4750000e+02;1.5718016e-01;3.4750000e+02;9.6042529e-02;3.4750000e+02;4.2059533e-02;3.4750000e+02;-5.8471113e-03;3.4750000e+02;-4.9980059e-02;3.4750000e+02;-9.3429245e-02;3.4750000e+02;-1.3666579e-01;3.4750000e+02;-1.7817135e-01;3.4750000e+02;-8.4671922e-02;3.4750000e+02;-7.6973870e-02;3.4750000e+02;-4.5606133e-02;3.4750000e+02;5.1048491e-03;3.4750000e+02;6.1321210e-02;3.4750000e+02;1.2712774e-01;3.4750000e+02;1.8568952e-01;3.4750000e+02;2.1455410e-01;3.4750000e+02;2.0225102e-01;3.4750000e+02;2.0866072e-01;3.4750000e+02;1.5718016e-01;3.4750000e+02;9.6042529e-02;3.4750000e+02;4.2059533e-02;3.4750000e+02;-5.8471113e-03;3.4750000e+02;-4.9980059e-02;3.4750000e+02;-9.3429245e-02;3.4750000e+02;-1.3666579e-01;3.4750000e+02;-1.7817135e-01;3.4750000e+02;-8.4671922e-02;3.4750000e+02;-7.6973870e-02;3.4750000e+02;-4.5606133e-02;3.4750000e+02;5.1048491e-03;3.4750000e+02;6.1321210e-02;3.4750000e+02;1.2712774e-01;3.4750000e+02;1.8568952e-01;3.4750000e+02;2.1455410e-01;3.4750000e+02;2.0225102e-01;3.4750000e+02;2.0866072e-01;3.4750000e+02;1.5718016e-01;3.4750000e+02;9.6042529e-02;3.4750000e+02;4.2059533e-02;3.4750000e+02;-5.8471113e-03;3.4750000e+02;-4.9980059e-02;3.4750000e+02;-9.3429245e-02;3.4750000e+02;-1.3666579e-01;3.4750000e+02;-1.7817135e-01;3.4750000e+02;-8.4671922e-02;3.4750000e+02;-7.6973870e-02;3.4750000e+02;-4.5606133e-02;3.4750000e+02;5.1048491e-03;3.4750000e+02;6.1321210e-02;3.4750000e+02;1.2712774e-01;3.4750000e+02;1.8568952e-01;3.4750000e+02;2.1455410e-01;3.4750000e+02;2.0225102e-01;3.4750000e+02;2.0866072e-01;3.4750000e+02;1.5718016e-01;3.4750000e+02;9.6042529e-02;3.4750000e+02;4.2059533e-02;3.4750000e+02;-5.8471113e-03;3.4750000e+02;-4.9980059e-02;3.4750000e+02;-9.3429245e-02;3.4750000e+02;-1.3666579e-01;3.4750000e+02;-1.7817135e-01;3.4750000e+02;-8.4671922e-02;3.4750000e+02;-7.6973870e-02;3.4750000e+02;-4.5606133e-02;3.4750000e+02;5.1048491e-03;3.4750000e+02;6.1321210e-02;3.4750000e+02;1.2712774e-01;3.4750000e+02;1.8568952e-01;3.4750000e+02;2.1455410e-01;3.4750000e+02;2.0225102e-01;3.4750000e+02;2.0866072e-01;3.4750000e+02;1.5718016e-01;3.4750000e+02;9.6042529e-02;3.4750000e+02;4.2059533e-02;3.4750000e+02;-5.8471113e-03;3.4750000e+02;-4.9980059e-02;3.4750000e+02;-9.3429245e-02;3.4750000e+02;-1.3666579e-01;3.4750000e+02;-1.7817135e-01;3.4750000e+02;-8.4671922e-02;3.4750000e+02;-7.6973870e-02;3.4750000e+02;-4.5606133e-02;3.4750000e+02;5.1048491e-03;3.4750000e+02;6.1321210e-02;3.4750000e+02;1.2712774e-01;3.4750000e+02;1.8568952e-01;3.4750000e+02;2.1455410e-01;3.4750000e+02;2.0225102e-01;3.4750000e+02;2.0866072e-01;3.4750000e+02;1.5718016e-01;3.4750000e+02;9.6042529e-02;3.4750000e+02;4.2059533e-02;3.4750000e+02;-5.8471113e-03;3.4750000e+02;-4.9980059e-02;3.4750000e+02;-9.3429245e-02;3.4750000e+02;-1.3666579e-01;3.4750000e+02;-1.7817135e-01;3.4750000e+02;-8.4671922e-02;3.4750000e+02;-7.6973870e-02;3.4750000e+02;-4.5606133e-02;3.4750000e+02;5.1048491e-03;3.4750000e+02;6.1321210e-02;3.4750000e+02;1.2712774e-01;3.4750000e+02;1.8568952e-01;3.4750000e+02;2.1455410e-01;3.4750000e+02;2.0225102e-01;3.4750000e+02;2.0866072e-01;3.4750000e+02;1.5718016e-01;3.4750000e+02;9.6042529e-02;3.4750000e+02;4.2059533e-02;3.4750000e+02;-5.8471113e-03;3.4750000e+02;-4.9980059e-02;3.4750000e+02;-9.3429245e-02;3.4750000e+02;-1.3666579e-01;3.4750000e+02;-1.7817135e-01;3.4750000e+02;-8.4671922e-02;3.4750000e+02;-7.6973870e-02;3.4750000e+02;-4.5606133e-02;3.4750000e+02;5.1048491e-03;3.4750000e+02;6.1321210e-02;3.4750000e+02;1.2712774e-01;3.4750000e+02;1.8568952e-01;3.4750000e+02;2.1455410e-01;3.4750000e+02;2.0225102e-01;3.4750000e+02;2.0866072e-01;3.4750000e+02;1.5718016e-01;3.4750000e+02;9.6042529e-02;3.4750000e+02;4.2059533e-02;3.4750000e+02;-5.8471113e-03;3.4750000e+02;-4.9980059e-02;3.4750000e+02;-9.3429245e-02;3.4750000e+02;-1.3666579e-01;3.4750000e+02;-1.7817135e-01;3.4750000e+02;-8.4671922e-02;3.4750000e+02;-7.6973870e-02;3.4750000e+02;-4.5606133e-02;3.4750000e+02;5.1048491e-03;3.4750000e+02;6.1321210e-02;3.4750000e+02;1.2712774e-01;3.4750000e+02;1.8568952e-01;3.4750000e+02;2.1455410e-01;3.4750000e+02;2.0225102e-01;3.4750000e+02;2.0866072e-01;3.4750000e+02;1.5718016e-01;3.4750000e+02;9.6042529e-02;3.4750000e+02;4.2059533e-02;3.4750000e+02;-5.8471113e-03;3.4750000e+02;-4.9980059e-02;3.4750000e+02;-9.3429245e-02;3.4750000e+02;-1.3666579e-01;3.4750000e+02;-1.7817135e-01;3.4750000e+02;-8.4671922e-02;3.4750000e+02;-7.6973870e-02;3.4750000e+02;-4.5606133e-02;3.4750000e+02;5.1048491e-03;3.4750000e+02;6.1321210e-02;3.4750000e+02;1.2712774e-01;3.4750000e+02;1.8568952e-01;3.4750000e+02;2.1455410e-01;3.4750000e+02;2.0225102e-01;3.4750000e+02;2.0866072e-01;3.4750000e+02;1.5718016e-01;3.4750000e+02;9.6042529e-02;3.4750000e+02;4.2059533e-02;3.4750000e+02;-5.8471113e-03;3.4750000e+02;-4.9980059e-02;3.4750000e+02;-9.3429245e-02;3.4750000e+02;-1.3666579e-01;3.4750000e+02;-1.7817135e-01;3.4750000e+02;-8.4671922e-02;3.4750000e+02;-7.6973870e-02;3.4750000e+02;-4.5606133e-02;3.4750000e+02;5.1048491e-03;3.4750000e+02;6.1321210e-02;3.4750000e+02;1.2712774e-01;3.4750000e+02;1.8568952e-01;3.4750000e+02;2.1455410e-01;3.4750000e+02;2.0225102e-01;3.4750000e+02;2.0866072e-01;3.4750000e+02;1.5718016e-01;3.4750000e+02;9.6042529e-02;3.4750000e+02;4.2059533e-02;3.4750000e+02;-5.8471113e-03;3.4750000e+02;-4.9980059e-02;3.4750000e+02;-9.3429245e-02;3.4750000e+02;-1.3666579e-01;3.4750000e+02;-1.7817135e-01;3.4750000e+02;-8.4671922e-02;3.4750000e+02;-7.6973870e-02;3.4750000e+02;-4.5606133e-02;3.4750000e+02;5.1048491e-03;3.4750000e+02;6.1321210e-02;3.4750000e+02;1.2712774e-01;3.4750000e+02;1.8568952e-01;3.4750000e+02;2.1455410e-01;3.4750000e+02;2.0225102e-01;3.4750000e+02;2.0866072e-01;3.4750000e+02;1.5718016e-01;3.4750000e+02;9.6042529e-02;3.4750000e+02;4.2059533e-02;3.4750000e+02;-5.8471113e-03;3.4750000e+02;-4.9980059e-02;3.4750000e+02;-9.3429245e-02;3.4750000e+02;-1.3666579e-01;3.4750000e+02;-1.7817135e-01;3.4750000e+02;-8.4671922e-02;3.4750000e+02;-7.6973870e-02;3.4750000e+02;-4.5606133e-02;3.4750000e+02;5.1048491e-03;3.4750000e+02;6.1321210e-02;3.4750000e+02;1.2712774e-01;3.4750000e+02;1.8568952e-01;3.4750000e+02;2.1455410e-01;3.4750000e+02;2.0225102e-01;3.4750000e+02;2.0866072e-01;3.4750000e+02;1.5718016e-01;3.4750000e+02;9.6042529e-02;3.4750000e+02;4.2059533e-02;3.4750000e+02;-5.8471113e-03;3.4750000e+02;-4.9980059e-02;3.4750000e+02;-9.3429245e-02;3.4750000e+02;-1.3666579e-01;3.4750000e+02;-1.7817135e-01;3.4750000e+02;-8.4671922e-02;3.4750000e+02;-7.6973870e-02;3.4750000e+02;-4.5606133e-02;3.4750000e+02;5.1048491e-03;3.4750000e+02;6.1321210e-02;3.4750000e+02;1.2712774e-01;3.4750000e+02;1.8568952e-01;3.4750000e+02;2.1455410e-01;3.4750000e+02;2.0225102e-01;3.4750000e+02;2.0866072e-01;3.4750000e+02;1.5718016e-01;3.4750000e+02;9.6042529e-02;3.4750000e+02;4.2059533e-02;3.4750000e+02;-5.8471113e-03;3.4750000e+02;-4.9980059e-02;3.4750000e+02;-9.3429245e-02;3.4750000e+02;-1.3666579e-01;3.4750000e+02;-1.7817135e-01;3.4750000e+02;-8.4671922e-02;3.4750000e+02;-7.6973870e-02;3.4750000e+02;-4.5606133e-02;3.4750000e+02;5.1048491e-03;3.4750000e+02;6.1321210e-02;3.4750000e+02;1.2712774e-01;3.4750000e+02;1.8568952e-01;3.4750000e+02;2.1455410e-01;3.4750000e+02;2.0225102e-01;3.4750000e+02;2.0866072e-01;3.4750000e+02;1.5718016e-01;3.4750000e+02;9.6042529e-02;3.4750000e+02;4.2059533e-02;3.4750000e+02;-5.8471113e-03;3.4750000e+02;-4.9980059e-02;3.4750000e+02;-9.3429245e-02;3.4750000e+02;-1.3666579e-01;3.4750000e+02;-1.7817135e-01;3.4750000e+02;-8.4671922e-02;3.4750000e+02;-7.6973870e-02;3.4750000e+02;-4.5606133e-02;3.4750000e+02;5.1048491e-03;3.4750000e+02;6.1321210e-02;3.4750000e+02;1.2712774e-01;3.4750000e+02;1.8568952e-01;3.4750000e+02;2.1455410e-01;3.4750000e+02;2.0225102e-01;3.4750000e+02;2.0866072e-01;3.4750000e+02;1.5718016e-01;3.4750000e+02;9.6042529e-02;3.4750000e+02;4.2059533e-02;3.4750000e+02;-5.8471113e-03;3.4750000e+02;-4.9980059e-02;3.4750000e+02;-9.3429245e-02;3.4750000e+02;-1.3666579e-01;3.4750000e+02;-1.7817135e-01;3.4750000e+02;-8.4671922e-02;3.4750000e+02;-7.6973870e-02;3.4750000e+02;-4.5606133e-02;3.4750000e+02;5.1048491e-03;3.4750000e+02;6.1321210e-02;3.4750000e+02;1.2712774e-01;3.4750000e+02;1.8568952e-01;3.4750000e+02;2.1455410e-01;3.4750000e+02;2.0225102e-01;3.4750000e+02;2.0866072e-01;3.4750000e+02;1.5718016e-01;3.4750000e+02;9.6042529e-02;3.4750000e+02;4.2059533e-02;3.4750000e+02;-5.8471113e-03;3.4750000e+02;-4.9980059e-02;3.4750000e+02;-9.3429245e-02;3.4750000e+02;-1.3666579e-01;3.4750000e+02;-1.7817135e-01;3.4750000e+02;-8.4671922e-02;3.4750000e+02;-7.6973870e-02;3.4750000e+02;-4.5606133e-02;3.4750000e+02;5.1048491e-03;3.4750000e+02;6.1321210e-02;3.4750000e+02;1.2712774e-01;3.4750000e+02;1.8568952e-01;3.4750000e+02;2.1455410e-01;3.4750000e+02;2.0225102e-01;3.4750000e+02;2.0866072e-01;3.4750000e+02;1.5718016e-01;3.4750000e+02;9.6042529e-02;3.4750000e+02;4.2059533e-02;3.4750000e+02;-5.8471113e-03;3.4750000e+02;-4.9980059e-02;3.4750000e+02;-9.3429245e-02;3.4750000e+02;-1.3666579e-01;3.4750000e+02;-1.7817135e-01;3.4750000e+02;-8.4671922e-02;3.4750000e+02;-7.6973870e-02;3.4750000e+02;-4.5606133e-02;3.4750000e+02;5.1048491e-03;3.4750000e+02;6.1321210e-02;3.4750000e+02;1.2712774e-01;3.4750000e+02;1.8568952e-01;3.4750000e+02;2.1455410e-01;3.4750000e+02;2.0225102e-01;3.4750000e+02;2.0866072e-01;3.4750000e+02;1.5718016e-01;3.4750000e+02;9.6042529e-02;3.4750000e+02;4.2059533e-02;3.4750000e+02;-5.8471113e-03;3.4750000e+02;-4.9980059e-02;3.4750000e+02;-9.3429245e-02;3.4750000e+02;-1.3666579e-01;3.4750000e+02;-1.7817135e-01;3.4750000e+02;-8.4671922e-02;3.4750000e+02;-7.6973870e-02;3.4750000e+02;-4.5606133e-02;3.4750000e+02;5.1048491e-03;3.4750000e+02;6.1321210e-02;3.4750000e+02;1.2712774e-01;3.4750000e+02;1.8568952e-01;3.4750000e+02;2.1455410e-01;3.4750000e+02;2.0225102e-01;3.4750000e+02;2.0866072e-01;3.4750000e+02;1.5718016e-01;3.4750000e+02;9.6042529e-02;3.4750000e+02;4.2059533e-02;3.4750000e+02;-5.8471113e-03;3.4750000e+02;-4.9980059e-02;3.4750000e+02;-9.3429245e-02;3.4750000e+02;-1.3666579e-01;3.4750000e+02;-1.7817135e-01;3.4750000e+02;-8.4671922e-02;3.4750000e+02;-7.6973870e-02;3.4750000e+02;-4.5606133e-02;3.4750000e+02;5.1048491e-03;3.4750000e+02;6.1321210e-02;3.4750000e+02;1.2712774e-01;3.4750000e+02;1.8568952e-01;3.4750000e+02;2.1455410e-01;3.4750000e+02;2.0225102e-01;3.4750000e+02;2.0866072e-01;3.4750000e+02;1.5718016e-01;3.4750000e+02;9.6042529e-02;3.4750000e+02;4.2059533e-02;3.4750000e+02;-5.8471113e-03;3.4750000e+02;-4.9980059e-02;3.4750000e+02;-9.3429245e-02;3.4750000e+02;-1.3666579e-01;3.4750000e+02;-1.7817135e-01;3.4750000e+02;-8.4671922e-02;3.4750000e+02;-7.6973870e-02;3.4750000e+02;-4.5606133e-02;3.4750000e+02;5.1048491e-03;3.4750000e+02;6.1321210e-02;3.4750000e+02;1.2712774e-01;3.4750000e+02;1.8568952e-01;3.4750000e+02;2.1455410e-01;3.4750000e+02;2.0225102e-01;3.4750000e+02;2.0866072e-01;3.4750000e+02;1.5718016e-01;3.4750000e+02;9.6042529e-02;3.4750000e+02;4.2059533e-02;3.4750000e+02;-5.8471113e-03;3.4750000e+02;-4.9980059e-02;3.4750000e+02;-9.3429245e-02;3.4750000e+02;-1.3666579e-01;3.4750000e+02;-1.7817135e-01;3.4750000e+02;-8.4671922e-02;3.4750000e+02;-7.6973870e-02;3.4750000e+02;-4.5606133e-02;3.4750000e+02;5.1048491e-03;3.4750000e+02;6.1321210e-02;3.4750000e+02;1.2712774e-01;3.4750000e+02;1.8568952e-01;3.4750000e+02;2.1455410e-01;3.4750000e+02;2.0225102e-01;3.4750000e+02;2.0866072e-01;3.4750000e+02;1.5718016e-01;3.4750000e+02;9.6042529e-02;3.4750000e+02;4.2059533e-02;3.4750000e+02;-5.8471113e-03;3.4750000e+02;-4.9980059e-02;3.4750000e+02;-9.3429245e-02;3.4750000e+02;-1.3666579e-01;3.4750000e+02;-1.7817135e-01;3.4750000e+02;-8.4671922e-02;3.4750000e+02;-7.6973870e-02;3.4750000e+02;-4.5606133e-02;3.4750000e+02;5.1048491e-03;3.4750000e+02;6.1321210e-02;3.4750000e+02;1.2712774e-01;3.4750000e+02;1.8568952e-01;3.4750000e+02;2.1455410e-01;3.4750000e+02;2.0225102e-01;3.4750000e+02;2.0866072e-01;3.4750000e+02;1.5718016e-01;3.4750000e+02;9.6042529e-02;3.4750000e+02;4.2059533e-02;3.4750000e+02;-5.8471113e-03;3.4750000e+02;-4.9980059e-02;3.4750000e+02;-9.3429245e-02;3.4750000e+02;-1.3666579e-01;3.4750000e+02;-1.7817135e-01;3.4750000e+02;-8.4671922e-02;3.4750000e+02;-7.6973870e-02;3.4750000e+02;-4.5606133e-02;3.4750000e+02;5.1048491e-03;3.4750000e+02;6.1321210e-02;3.4750000e+02;1.2712774e-01;3.4750000e+02;1.8568952e-01;3.4750000e+02;2.1455410e-01;3.4750000e+02;2.0225102e-01;3.4750000e+02;2.0866072e-01;3.4750000e+02;1.5718016e-01;3.4750000e+02;9.6042529e-02;3.4750000e+02;4.2059533e-02;3.4750000e+02;-5.8471113e-03;3.4750000e+02;-4.9980059e-02;3.4750000e+02;-9.3429245e-02;3.4750000e+02;-1.3666579e-01;3.4750000e+02;-1.7817135e-01;3.4750000e+02;-8.4671922e-02;3.4750000e+02;-7.6973870e-02;3.4750000e+02;-4.5606133e-02;3.4750000e+02;5.1048491e-03;3.4750000e+02;6.1321210e-02;3.4750000e+02;1.2712774e-01;3.4750000e+02;1.8568952e-01;3.4750000e+02;2.1455410e-01;3.4750000e+02;2.0225102e-01;3.4750000e+02;2.0866072e-01;3.4750000e+02;1.5718016e-01;3.4750000e+02;9.6042529e-02;3.4750000e+02;4.2059533e-02;3.4750000e+02;-5.8471113e-03;3.4750000e+02;-4.9980059e-02;3.4750000e+02;-9.3429245e-02;3.4750000e+02;-1.3666579e-01;3.4750000e+02;-1.7817135e-01;3.4750000e+02;-8.4671922e-02;3.4750000e+02;-7.6973870e-02;3.4750000e+02;-4.5606133e-02;3.4750000e+02;5.1048491e-03;3.4750000e+02;6.1321210e-02;3.4750000e+02;1.2712774e-01;3.4750000e+02;1.8568952e-01;3.4750000e+02;2.1455410e-01;3.4750000e+02;2.0225102e-01;3.4750000e+02;2.0866072e-01;3.4750000e+02;1.5718016e-01;3.4750000e+02;9.6042529e-02;3.4750000e+02;4.2059533e-02;3.4750000e+02;-5.8471113e-03;3.4750000e+02;-4.9980059e-02;3.4750000e+02;-9.3429245e-02;3.4750000e+02;-1.3666579e-01;3.4750000e+02;-1.7817135e-01;3.4750000e+02;-8.4671922e-02;3.4750000e+02;-7.6973870e-02;3.4750000e+02;-4.5606133e-02;3.4750000e+02;5.1048491e-03;3.4750000e+02;6.1321210e-02;3.4750000e+02;1.2712774e-01;3.4750000e+02;1.8568952e-01;3.4750000e+02;2.1455410e-01;3.4750000e+02;2.0225102e-01;3.4750000e+02;2.0866072e-01;3.4750000e+02;1.5718016e-01;3.4750000e+02;9.6042529e-02;3.4750000e+02;4.2059533e-02;3.4750000e+02;-5.8471113e-03;3.4750000e+02;-4.9980059e-02;3.4750000e+02;-9.3429245e-02;3.4750000e+02;-1.3666579e-01;3.4750000e+02;-1.7817135e-01;3.4750000e+02;-8.4671922e-02;3.4750000e+02;-7.6973870e-02;3.4750000e+02;-4.5606133e-02;3.4750000e+02;5.1048491e-03;3.4750000e+02;6.1321210e-02;3.4750000e+02;1.2712774e-01;3.4750000e+02;1.8568952e-01;3.4750000e+02;2.1455410e-01;3.4750000e+02;2.0225102e-01;3.4750000e+02;2.0866072e-01;3.4750000e+02;1.5718016e-01;3.4750000e+02;9.6042529e-02;3.4750000e+02;4.2059533e-02;3.4750000e+02;-5.8471113e-03;3.4750000e+02;-4.9980059e-02;3.4750000e+02;-9.3429245e-02;3.4750000e+02;-1.3666579e-01;3.4750000e+02;-1.7817135e-01;3.4750000e+02;-8.4671922e-02;3.4750000e+02;-7.6973870e-02;3.4750000e+02;-4.5606133e-02;3.4750000e+02;5.1048491e-03;3.4750000e+02;6.1321210e-02;3.4750000e+02;1.2712774e-01;3.4750000e+02;1.8568952e-01;3.4750000e+02;2.1455410e-01;3.4750000e+02;2.0225102e-01;3.4750000e+02;2.0866072e-01;3.4750000e+02;1.5718016e-01;3.4750000e+02;9.6042529e-02;3.4750000e+02;4.2059533e-02;3.4750000e+02;-5.8471113e-03;3.4750000e+02;-4.9980059e-02;3.4750000e+02;-9.3429245e-02;3.4750000e+02;-1.3666579e-01;3.4750000e+02;-1.7817135e-01;3.4750000e+02;-8.4671922e-02;3.4750000e+02;-7.6973870e-02;3.4750000e+02;-4.5606133e-02;3.4750000e+02;5.1048491e-03;3.4750000e+02;6.1321210e-02;3.4750000e+02;1.2712774e-01;3.4750000e+02;1.8568952e-01;3.4750000e+02;2.1455410e-01;3.4750000e+02;2.0225102e-01;3.4750000e+02;2.0866072e-01;3.4750000e+02;1.5718016e-01;3.4750000e+02;9.6042529e-02;3.4750000e+02;4.2059533e-02;3.4750000e+02;-5.8471113e-03;3.4750000e+02;-4.9980059e-02;3.4750000e+02;-9.3429245e-02;3.4750000e+02;-1.3666579e-01;3.4750000e+02;-1.7817135e-01;3.4750000e+02;-8.4671922e-02;3.4750000e+02;-7.6973870e-02;3.4750000e+02;-4.5606133e-02;3.4750000e+02;5.1048491e-03;3.4750000e+02;6.1321210e-02;3.4750000e+02;1.2712774e-01;3.4750000e+02;1.8568952e-01;3.4750000e+02;2.1455410e-01;3.4750000e+02;2.0225102e-01;3.4750000e+02;2.0866072e-01;3.4750000e+02;1.5718016e-01;3.4750000e+02;9.6042529e-02;3.4750000e+02;4.2059533e-02;3.4750000e+02;-5.8471113e-03;3.4750000e+02;-4.9980059e-02;3.4750000e+02;-9.3429245e-02;3.4750000e+02;-1.3666579e-01;3.4750000e+02;-1.7817135e-01;3.4750000e+02;-8.4671922e-02;3.4750000e+02;-7.6973870e-02;3.4750000e+02;-4.5606133e-02;3.4750000e+02;5.1048491e-03;3.4750000e+02;6.1321210e-02;3.4750000e+02;1.2712774e-01;3.4750000e+02;1.8568952e-01;3.4750000e+02;2.1455410e-01;3.4750000e+02;2.0225102e-01;3.4750000e+02;2.0866072e-01;3.4750000e+02;1.5718016e-01;3.4750000e+02;9.6042529e-02;3.4750000e+02;4.2059533e-02;3.4750000e+02;-5.8471113e-03;3.4750000e+02;-4.9980059e-02;3.4750000e+02;-9.3429245e-02;3.4750000e+02;-1.3666579e-01;3.4750000e+02;-1.7817135e-01;3.4750000e+02;-8.4671922e-02;3.4750000e+02;-7.6973870e-02;3.4750000e+02;-4.5606133e-02;3.4750000e+02;5.1048491e-03;3.4750000e+02;6.1321210e-02;3.4750000e+02;1.2712774e-01;3.4750000e+02;1.8568952e-01;3.4750000e+02;2.1455410e-01;3.4750000e+02;2.0225102e-01;3.4750000e+02;2.0866072e-01;3.4750000e+02;1.5718016e-01;3.4750000e+02;9.6042529e-02;3.4750000e+02;4.2059533e-02;3.4750000e+02;-5.8471113e-03;3.4750000e+02;-4.9980059e-02;3.4750000e+02;-9.3429245e-02;3.4750000e+02;-1.3666579e-01;3.4750000e+02;-1.7817135e-01;3.4750000e+02;-8.4671922e-02;3.4750000e+02;-7.6973870e-02;3.4750000e+02;-4.5606133e-02;3.4750000e+02;5.1048491e-03;3.4750000e+02;6.1321210e-02;3.4750000e+02;1.2712774e-01;3.4750000e+02;1.8568952e-01;3.4750000e+02;2.1455410e-01;3.4750000e+02;2.0225102e-01;3.4750000e+02;2.0866072e-01;3.4750000e+02;1.5718016e-01;3.4750000e+02;9.6042529e-02;3.4750000e+02;4.2059533e-02;3.4750000e+02;-5.8471113e-03;3.4750000e+02;-4.9980059e-02;3.4750000e+02;-9.3429245e-02;3.4750000e+02;-1.3666579e-01;3.4750000e+02;-1.7817135e-01;3.4750000e+02;-8.4671922e-02;3.4750000e+02;-7.6973870e-02;3.4750000e+02;-4.5606133e-02;3.4750000e+02;5.1048491e-03;3.4750000e+02;6.1321210e-02;3.4750000e+02;1.2712774e-01;3.4750000e+02;1.8568952e-01;3.4750000e+02;2.1455410e-01;3.4750000e+02;2.0225102e-01;3.4750000e+02;2.0866072e-01;3.4750000e+02;1.5718016e-01;3.4750000e+02;9.6042529e-02;3.4750000e+02;4.2059533e-02;3.4750000e+02;-5.8471113e-03;3.4750000e+02;-4.9980059e-02;3.4750000e+02;-9.3429245e-02;3.4750000e+02;-1.3666579e-01;3.4750000e+02;-1.7817135e-01;3.4750000e+02;-8.4671922e-02;3.4750000e+02;-7.6973870e-02;3.4750000e+02;-4.5606133e-02;3.4750000e+02;5.1048491e-03;3.4750000e+02;6.1321210e-02;3.4750000e+02;1.2712774e-01;3.4750000e+02;1.8568952e-01;3.4750000e+02;2.1455410e-01;3.4750000e+02;2.0225102e-01;3.4750000e+02;2.0866072e-01;3.4750000e+02;1.5718016e-01;3.4750000e+02;9.6042529e-02;3.4750000e+02;4.2059533e-02;3.4750000e+02;-5.8471113e-03;3.4750000e+02;-4.9980059e-02;3.4750000e+02;-9.3429245e-02;3.4750000e+02;-1.3666579e-01;3.4750000e+02;-1.7817135e-01;3.4750000e+02;-8.4671922e-02;3.4750000e+02;-7.6973870e-02;3.4750000e+02;-4.5606133e-02;3.4750000e+02;5.1048491e-03;3.4750000e+02;6.1321210e-02;3.4750000e+02;1.2712774e-01;3.4750000e+02;1.8568952e-01;3.4750000e+02;2.1455410e-01;3.4750000e+02;2.0225102e-01;3.4750000e+02;2.0866072e-01;3.4750000e+02;1.5718016e-01;3.4750000e+02;9.6042529e-02;3.4750000e+02;4.2059533e-02;3.4750000e+02;-5.8471113e-03;3.4750000e+02;-4.9980059e-02;3.4750000e+02;-9.3429245e-02;3.4750000e+02;-1.3666579e-01;3.4750000e+02;-1.7817135e-01;3.4750000e+02;-8.4671922e-02;3.4750000e+02;-7.6973870e-02;3.4750000e+02;-4.5606133e-02;3.4750000e+02;5.1048491e-03;3.4750000e+02;6.1321210e-02;3.4750000e+02;1.2712774e-01;3.4750000e+02;1.8568952e-01;3.4750000e+02;2.1455410e-01;3.4750000e+02;2.0225102e-01;3.4750000e+02;2.0866072e-01;3.4750000e+02;1.5718016e-01;3.4750000e+02;9.6042529e-02;3.4750000e+02;4.2059533e-02;3.4750000e+02;-5.8471113e-03;3.4750000e+02;-4.9980059e-02;3.4750000e+02;-9.3429245e-02;3.4750000e+02;-1.3666579e-01;3.4750000e+02;-1.7817135e-01;3.4750000e+02;-8.4671922e-02;3.4750000e+02;-7.6973870e-02;3.4750000e+02;-4.5606133e-02;3.4750000e+02;5.1048491e-03;3.4750000e+02;6.1321210e-02;3.4750000e+02;1.2712774e-01;3.4750000e+02;1.8568952e-01;3.4750000e+02;2.1455410e-01;3.4750000e+02;2.0225102e-01;3.4750000e+02;2.0866072e-01;3.4750000e+02;1.5718016e-01;3.4750000e+02;9.6042529e-02;3.4750000e+02;4.2059533e-02;3.4750000e+02;-5.8471113e-03;3.4750000e+02;-4.9980059e-02;3.4750000e+02;-9.3429245e-02;3.4750000e+02;-1.3666579e-01;3.4750000e+02;-1.7817135e-01;3.4750000e+02;-8.4671922e-02;3.4750000e+02;-7.6973870e-02;3.4750000e+02;-4.5606133e-02;3.4750000e+02;5.1048491e-03;3.4750000e+02;6.1321210e-02;3.4750000e+02;1.2712774e-01;3.4750000e+02;1.8568952e-01;3.4750000e+02;2.1455410e-01;3.4750000e+02;2.0225102e-01;3.4750000e+02;2.0866072e-01;3.4750000e+02;1.5718016e-01;3.4750000e+02;9.6042529e-02;3.4750000e+02;4.2059533e-02;3.4750000e+02;-5.8471113e-03;3.4750000e+02;-4.9980059e-02;3.4750000e+02;-9.3429245e-02;3.4750000e+02;-1.3666579e-01;3.4750000e+02;-1.7817135e-01;3.4750000e+02;-8.4671922e-02;3.4750000e+02;-7.6973870e-02;3.4750000e+02;-4.5606133e-02;3.4750000e+02;5.1048491e-03;3.4750000e+02;6.1321210e-02;3.4750000e+02;1.2712774e-01;3.4750000e+02;1.8568952e-01;3.4750000e+02;2.1455410e-01;3.4750000e+02;2.0225102e-01;3.4750000e+02;2.0866072e-01;3.4750000e+02;1.5718016e-01;3.4750000e+02;9.6042529e-02;3.4750000e+02;4.2059533e-02;3.4750000e+02;-5.8471113e-03;3.4750000e+02;-4.9980059e-02;3.4750000e+02;-9.3429245e-02;3.4750000e+02;-1.3666579e-01;3.4750000e+02;-1.7817135e-01;3.4750000e+02;-8.4671922e-02;3.4750000e+02;-7.6973870e-02;3.4750000e+02;-4.5606133e-02;3.4750000e+02;5.1048491e-03;3.4750000e+02;6.1321210e-02;3.4750000e+02;1.2712774e-01;3.4750000e+02;1.8568952e-01;3.4750000e+02;2.1455410e-01;3.4750000e+02;2.0225102e-01;3.4750000e+02;2.0866072e-01;3.4750000e+02;1.5718016e-01;3.4750000e+02;9.6042529e-02;3.4750000e+02;4.2059533e-02;3.4750000e+02;-5.8471113e-03;3.4750000e+02;-4.9980059e-02;3.4750000e+02;-9.3429245e-02;3.4750000e+02;-1.3666579e-01;3.4750000e+02;-1.7817135e-01;3.4750000e+02;-8.4671922e-02;3.4750000e+02;-7.6973870e-02;3.4750000e+02;-4.5606133e-02;3.4750000e+02;5.1048491e-03;3.4750000e+02;6.1321210e-02;3.4750000e+02;1.2712774e-01;3.4750000e+02;1.8568952e-01;3.4750000e+02;2.1455410e-01;3.4750000e+02;2.0225102e-01;3.4750000e+02;2.0866072e-01;3.4750000e+02;1.5718016e-01;3.4750000e+02;9.6042529e-02;3.4750000e+02;4.2059533e-02;3.4750000e+02;-5.8471113e-03;3.4750000e+02;-4.9980059e-02;3.4750000e+02;-9.3429245e-02;3.4750000e+02;-1.3666579e-01;3.4750000e+02;-1.7817135e-01;3.4750000e+02;-8.4671922e-02;3.4750000e+02;-7.6973870e-02;3.4750000e+02;-4.5606133e-02;3.4750000e+02;5.1048491e-03;3.4750000e+02;6.1321210e-02;3.4750000e+02;1.2712774e-01;3.4750000e+02;1.8568952e-01;3.4750000e+02;2.1455410e-01;3.4750000e+02;2.0225102e-01;3.4750000e+02;2.0866072e-01;3.4750000e+02;1.5718016e-01;3.4750000e+02;9.6042529e-02;3.4750000e+02;4.2059533e-02;3.4750000e+02;-5.8471113e-03;3.4750000e+02;-4.9980059e-02;3.4750000e+02;-9.3429245e-02;3.4750000e+02;-1.3666579e-01;3.4750000e+02;-1.7817135e-01;3.4750000e+02;-8.4671922e-02;3.4750000e+02;-7.6973870e-02;3.4750000e+02;-4.5606133e-02;3.4750000e+02;5.1048491e-03;3.4750000e+02;6.1321210e-02;3.4750000e+02;1.2712774e-01;3.4750000e+02;1.8568952e-01;3.4750000e+02;2.1455410e-01;3.4750000e+02;2.0225102e-01;3.4750000e+02;2.0866072e-01;3.4750000e+02;1.5718016e-01;3.4750000e+02;9.6042529e-02;3.4750000e+02;4.2059533e-02;3.4750000e+02;-5.8471113e-03;3.4750000e+02;-4.9980059e-02;3.4750000e+02;-9.3429245e-02;3.4750000e+02;-1.3666579e-01;3.4750000e+02;-1.7817135e-01;3.4750000e+02;-8.4671922e-02;3.4750000e+02;-7.6973870e-02;3.4750000e+02;-4.5606133e-02;3.4750000e+02;5.1048491e-03;3.4750000e+02;6.1321210e-02;3.4750000e+02;1.2712774e-01;3.4750000e+02;1.8568952e-01;3.4750000e+02;2.1455410e-01;3.4750000e+02;2.0225102e-01;3.4750000e+02;2.0866072e-01;3.4750000e+02;1.5718016e-01;3.4750000e+02;9.6042529e-02;3.4750000e+02;4.2059533e-02;3.4750000e+02;-5.8471113e-03;3.4750000e+02;-4.9980059e-02;3.4750000e+02;-9.3429245e-02;3.4750000e+02;-1.3666579e-01;3.4750000e+02;-1.7817135e-01;3.4750000e+02;-8.4671922e-02;3.4750000e+02;-7.6973870e-02;3.4750000e+02;-4.5606133e-02;3.4750000e+02;5.1048491e-03;3.4750000e+02;6.1321210e-02;3.4750000e+02;1.2712774e-01;3.4750000e+02;1.8568952e-01;3.4750000e+02;2.1455410e-01;3.4750000e+02;2.0225102e-01;3.4750000e+02;2.0866072e-01;3.4750000e+02;1.5718016e-01;3.4750000e+02;9.6042529e-02;3.4750000e+02;4.2059533e-02;3.4750000e+02;-5.8471113e-03;3.4750000e+02;-4.9980059e-02;3.4750000e+02;-9.3429245e-02;3.4750000e+02;-1.3666579e-01;3.4750000e+02;-1.7817135e-01;3.4750000e+02;-8.4671922e-02;3.4750000e+02;-7.6973870e-02;3.4750000e+02;-4.5606133e-02;3.4750000e+02;5.1048491e-03;3.4750000e+02;6.1321210e-02;3.4750000e+02;1.2712774e-01;3.4750000e+02;1.8568952e-01;3.4750000e+02;2.1455410e-01;3.4750000e+02;2.0225102e-01;3.4750000e+02;2.0866072e-01;3.4750000e+02;1.5718016e-01;3.4750000e+02;9.6042529e-02;3.4750000e+02;4.2059533e-02;3.4750000e+02;-5.8471113e-03;3.4750000e+02;-4.9980059e-02;3.4750000e+02;-9.3429245e-02;3.4750000e+02;-1.3666579e-01;3.4750000e+02;-1.7817135e-01;3.4750000e+02;-8.4671922e-02;3.4750000e+02;-7.6973870e-02;3.4750000e+02;-4.5606133e-02;3.4750000e+02;5.1048491e-03;3.4750000e+02;6.1321210e-02;3.4750000e+02;1.2712774e-01;3.4750000e+02;1.8568952e-01;3.4750000e+02;2.1455410e-01;3.4750000e+02;2.0225102e-01;3.4750000e+02;2.0866072e-01;3.4750000e+02;1.5718016e-01;3.4750000e+02;9.6042529e-02;3.4750000e+02;4.2059533e-02;3.4750000e+02;-5.8471113e-03;3.4750000e+02;-4.9980059e-02;3.4750000e+02;-9.3429245e-02;3.4750000e+02;-1.3666579e-01;3.4750000e+02;-1.7817135e-01;3.4750000e+02;-8.4671922e-02;3.4750000e+02;-7.6973870e-02;3.4750000e+02;-4.5606133e-02;3.4750000e+02;5.1048491e-03;3.4750000e+02;6.1321210e-02;3.4750000e+02;1.2712774e-01;3.4750000e+02;1.8568952e-01;3.4750000e+02;2.1455410e-01;3.4750000e+02;2.0225102e-01;3.4750000e+02;2.0866072e-01;3.4750000e+02;1.5718016e-01;3.4750000e+02;9.6042529e-02;3.4750000e+02;4.2059533e-02;3.4750000e+02;-5.8471113e-03;3.4750000e+02;-4.9980059e-02;3.4750000e+02;-9.3429245e-02;3.4750000e+02;-1.3666579e-01;3.4750000e+02;-1.7817135e-01;3.4750000e+02;-8.4671922e-02;3.4750000e+02;-7.6973870e-02;3.4750000e+02;-4.5606133e-02;3.4750000e+02;5.1048491e-03;3.4750000e+02;6.1321210e-02;3.4750000e+02;1.2712774e-01;3.4750000e+02;1.8568952e-01;3.4750000e+02;2.1455410e-01;3.4750000e+02;2.0225102e-01;3.4750000e+02;2.0866072e-01;3.4750000e+02;1.5718016e-01;3.4750000e+02;9.6042529e-02;3.4750000e+02;4.2059533e-02;3.4750000e+02;-5.8471113e-03;3.4750000e+02;-4.9980059e-02;3.4750000e+02;-9.3429245e-02;3.4750000e+02;-1.3666579e-01;3.4750000e+02;-1.7817135e-01;3.4750000e+02;-8.4671922e-02;3.4750000e+02;-7.6973870e-02;3.4750000e+02;-4.5606133e-02;3.4750000e+02;5.1048491e-03;3.4750000e+02;6.1321210e-02;3.4750000e+02;1.2712774e-01;3.4750000e+02;1.8568952e-01;3.4750000e+02;2.1455410e-01;3.4750000e+02;2.0225102e-01;3.4750000e+02;2.0866072e-01;3.4750000e+02;1.5718016e-01;3.4750000e+02;9.6042529e-02;3.4750000e+02;4.2059533e-02;3.4750000e+02;-5.8471113e-03;3.4750000e+02;-4.9980059e-02;3.4750000e+02;-9.3429245e-02;3.4750000e+02;-1.3666579e-01;3.4750000e+02;-1.7817135e-01;3.4750000e+02;-8.4671922e-02;3.4750000e+02;-7.6973870e-02;3.4750000e+02;-4.5606133e-02;3.4750000e+02;5.1048491e-03;3.4750000e+02;6.1321210e-02;3.4750000e+02;1.2712774e-01;3.4750000e+02;1.8568952e-01;3.4750000e+02;2.1455410e-01;3.4750000e+02;2.0225102e-01;3.4750000e+02;2.0866072e-01;3.4750000e+02;1.5718016e-01;3.4750000e+02;9.6042529e-02;3.4750000e+02;4.2059533e-02;3.4750000e+02;-5.8471113e-03;3.4750000e+02;-4.9980059e-02;3.4750000e+02;-9.3429245e-02;3.4750000e+02;-1.3666579e-01;3.4750000e+02;-1.7817135e-01;3.4750000e+02;-8.4671922e-02;3.4750000e+02;-7.6973870e-02;3.4750000e+02;-4.5606133e-02;3.4750000e+02;5.1048491e-03;3.4750000e+02;6.1321210e-02;3.4750000e+02;1.2712774e-01;3.4750000e+02;1.8568952e-01;3.4750000e+02;2.1455410e-01;3.4750000e+02;2.0225102e-01;3.4750000e+02;2.0866072e-01;3.4750000e+02;1.5718016e-01;3.4750000e+02;9.6042529e-02;3.4750000e+02;4.2059533e-02;3.4750000e+02;-5.8471113e-03;3.4750000e+02;-4.9980059e-02;3.4750000e+02;-9.3429245e-02;3.4750000e+02;-1.3666579e-01;3.4750000e+02;-1.7817135e-01;3.4750000e+02;-8.4671922e-02;3.4750000e+02;-7.6973870e-02;3.4750000e+02;-4.5606133e-02;3.4750000e+02;5.1048491e-03;3.4750000e+02;6.1321210e-02;3.4750000e+02;1.2712774e-01;3.4750000e+02;1.8568952e-01;3.4750000e+02;2.1455410e-01;3.4750000e+02;2.0225102e-01;3.4750000e+02;2.0866072e-01;3.4750000e+02;1.5718016e-01;3.4750000e+02;9.6042529e-02;3.4750000e+02;4.2059533e-02;3.4750000e+02;-5.8471113e-03;3.4750000e+02;-4.9980059e-02;3.4750000e+02;-9.3429245e-02;3.4750000e+02;-1.3666579e-01;3.4750000e+02;-1.7817135e-01;3.4750000e+02;-8.4671922e-02;3.4750000e+02;-7.6973870e-02;3.4750000e+02;-4.5606133e-02;3.4750000e+02;5.1048491e-03;3.4750000e+02;6.1321210e-02;3.4750000e+02;1.2712774e-01;3.4750000e+02;1.8568952e-01;3.4750000e+02;2.1455410e-01;3.4750000e+02;2.0225102e-01;3.4750000e+02;2.0866072e-01;3.4750000e+02;1.5718016e-01;3.4750000e+02;9.6042529e-02;3.4750000e+02;4.2059533e-02;3.4750000e+02;-5.8471113e-03;3.4750000e+02;-4.9980059e-02;3.4750000e+02;-9.3429245e-02;3.4750000e+02;-1.3666579e-01;3.4750000e+02;-1.7817135e-01;3.4750000e+02;-8.4671922e-02;3.4750000e+02;-7.6973870e-02;3.4750000e+02;-4.5606133e-02;3.4750000e+02;5.1048491e-03;3.4750000e+02;6.1321210e-02;3.4750000e+02;1.2712774e-01;3.4750000e+02;1.8568952e-01;3.4750000e+02;2.1455410e-01;3.4750000e+02;2.0225102e-01;3.4750000e+02;2.0866072e-01;3.4750000e+02;1.5718016e-01;3.4750000e+02;9.6042529e-02;3.4750000e+02;4.2059533e-02;3.4750000e+02;-5.8471113e-03;3.4750000e+02;-4.9980059e-02;3.4750000e+02;-9.3429245e-02;3.4750000e+02;-1.3666579e-01;3.4750000e+02;-1.7817135e-01;3.4750000e+02;-8.4671922e-02;3.4750000e+02;-7.6973870e-02;3.4750000e+02;-4.5606133e-02;3.4750000e+02;5.1048491e-03;3.4750000e+02;6.1321210e-02;3.4750000e+02;1.2712774e-01;3.4750000e+02;1.8568952e-01;3.4750000e+02;2.1455410e-01;3.4750000e+02;2.0225102e-01;3.4750000e+02;2.0866072e-01;3.4750000e+02;1.5718016e-01;3.4750000e+02;9.6042529e-02;3.4750000e+02;4.2059533e-02;3.4750000e+02;-5.8471113e-03;3.4750000e+02;-4.9980059e-02;3.4750000e+02;-9.3429245e-02;3.4750000e+02;-1.3666579e-01;3.4750000e+02;-1.7817135e-01;3.4750000e+02;-8.4671922e-02;3.4750000e+02;-7.6973870e-02;3.4750000e+02;-4.5606133e-02;3.4750000e+02;5.1048491e-03;3.4750000e+02;6.1321210e-02;3.4750000e+02;1.2712774e-01;3.4750000e+02;1.8568952e-01;3.4750000e+02;2.1455410e-01;3.4750000e+02;2.0225102e-01;3.4750000e+02;2.0866072e-01;3.4750000e+02;1.5718016e-01;3.4750000e+02;9.6042529e-02;3.4750000e+02;4.2059533e-02;3.4750000e+02;-5.8471113e-03;3.4750000e+02;-4.9980059e-02;3.4750000e+02;-9.3429245e-02;3.4750000e+02;-1.3666579e-01;3.4750000e+02;-1.7817135e-01;3.4750000e+02;-8.4671922e-02;3.4750000e+02;-7.6973870e-02;3.4750000e+02;-4.5606133e-02;3.4750000e+02;5.1048491e-03;3.4750000e+02;6.1321210e-02;3.4750000e+02;1.2712774e-01;3.4750000e+02;1.8568952e-01;3.4750000e+02;2.1455410e-01;3.4750000e+02;2.0225102e-01;3.4750000e+02;2.0866072e-01;3.4750000e+02;1.5718016e-01;3.4750000e+02;9.6042529e-02;3.4750000e+02;4.2059533e-02;3.4750000e+02;-5.8471113e-03;3.4750000e+02;-4.9980059e-02;3.4750000e+02;-9.3429245e-02;3.4750000e+02;-1.3666579e-01;3.4750000e+02;-1.7817135e-01;3.4750000e+02;-8.4671922e-02;3.4750000e+02;-7.6973870e-02;3.4750000e+02;-4.5606133e-02;3.4750000e+02;5.1048491e-03;3.4750000e+02;6.1321210e-02;3.4750000e+02;1.2712774e-01;3.4750000e+02;1.8568952e-01;3.4750000e+02;2.1455410e-01;3.4750000e+02;2.0225102e-01;3.4750000e+02;2.0866072e-01;3.4750000e+02;1.5718016e-01;3.4750000e+02;9.6042529e-02;3.4750000e+02;4.2059533e-02;3.4750000e+02;-5.8471113e-03;3.4750000e+02;-4.9980059e-02;3.4750000e+02;-9.3429245e-02;3.4750000e+02;-1.3666579e-01;3.4750000e+02;-1.7817135e-01;3.4750000e+02;-8.4671922e-02;3.4750000e+02;-7.6973870e-02;3.4750000e+02;-4.5606133e-02;3.4750000e+02;5.1048491e-03;3.4750000e+02;6.1321210e-02;3.4750000e+02;1.2712774e-01;3.4750000e+02;1.8568952e-01;3.4750000e+02;2.1455410e-01;3.4750000e+02;2.0225102e-01;3.4750000e+02;2.0866072e-01;3.4750000e+02;1.5718016e-01;3.4750000e+02;9.6042529e-02;3.4750000e+02;4.2059533e-02;3.4750000e+02;-5.8471113e-03;3.4750000e+02;-4.9980059e-02;3.4750000e+02;-9.3429245e-02;3.4750000e+02;-1.3666579e-01;3.4750000e+02;-1.7817135e-01;3.4750000e+02;-8.4671922e-02;3.4750000e+02;-7.6973870e-02;3.4750000e+02;-4.5606133e-02;3.4750000e+02;5.1048491e-03;3.4750000e+02;6.1321210e-02;3.4750000e+02;1.2712774e-01;3.4750000e+02;1.8568952e-01;3.4750000e+02;2.1455410e-01;3.4750000e+02;2.0225102e-01;3.4750000e+02;2.0866072e-01;3.4750000e+02;1.5718016e-01;3.4750000e+02;9.6042529e-02;3.4750000e+02;4.2059533e-02;3.4750000e+02;-5.8471113e-03;3.4750000e+02;-4.9980059e-02;3.4750000e+02;-9.3429245e-02;3.4750000e+02;-1.3666579e-01;3.4750000e+02;-1.7817135e-01;3.4750000e+02;-8.4671922e-02;3.4750000e+02;-7.6973870e-02;3.4750000e+02;-4.5606133e-02;3.4750000e+02;5.1048491e-03;3.4750000e+02;6.1321210e-02;3.4750000e+02;1.2712774e-01;3.4750000e+02;1.8568952e-01;3.4750000e+02;2.1455410e-01;3.4750000e+02;2.0225102e-01;3.4750000e+02;2.0866072e-01;3.4750000e+02;1.5718016e-01;3.4750000e+02;9.6042529e-02;3.4750000e+02;4.2059533e-02;3.4750000e+02;-5.8471113e-03;3.4750000e+02;-4.9980059e-02;3.4750000e+02;-9.3429245e-02;3.4750000e+02;-1.3666579e-01;3.4750000e+02;-1.7817135e-01;3.4750000e+02;-8.4671922e-02;3.4750000e+02;-7.6973870e-02;3.4750000e+02;-4.5606133e-02;3.4750000e+02;5.1048491e-03;3.4750000e+02;6.1321210e-02;3.4750000e+02;1.2712774e-01;3.4750000e+02;1.8568952e-01;3.4750000e+02;2.1455410e-01;3.4750000e+02;2.0225102e-01;3.4750000e+02;2.0866072e-01;3.4750000e+02;1.5718016e-01;3.4750000e+02;9.6042529e-02;3.4750000e+02;4.2059533e-02;3.4750000e+02;-5.8471113e-03;3.4750000e+02;-4.9980059e-02;3.4750000e+02;-9.3429245e-02;3.4750000e+02;-1.3666579e-01;3.4750000e+02;-1.7817135e-01;3.4750000e+02;-8.4671922e-02;3.4750000e+02;-7.6973870e-02;3.4750000e+02;-4.5606133e-02;3.4750000e+02;5.1048491e-03;3.4750000e+02;6.1321210e-02;3.4750000e+02;1.2712774e-01;3.4750000e+02;1.8568952e-01;3.4750000e+02;2.1455410e-01;3.4750000e+02;2.0225102e-01;3.4750000e+02;2.0866072e-01;3.4750000e+02;1.5718016e-01;3.4750000e+02;9.6042529e-02;3.4750000e+02;4.2059533e-02;3.4750000e+02;-5.8471113e-03;3.4750000e+02;-4.9980059e-02;3.4750000e+02;-9.3429245e-02;3.4750000e+02;-1.3666579e-01;3.4750000e+02;-1.7817135e-01;3.4750000e+02;-8.4671922e-02;3.4750000e+02;-7.6973870e-02;3.4750000e+02;-4.5606133e-02;3.4750000e+02;5.1048491e-03;3.4750000e+02;6.1321210e-02;3.4750000e+02;1.2712774e-01;3.4750000e+02;1.8568952e-01;3.4750000e+02;2.1455410e-01;3.4750000e+02;2.0225102e-01;3.4750000e+02;2.0866072e-01;3.4750000e+02;1.5718016e-01;3.4750000e+02;9.6042529e-02;3.4750000e+02;4.2059533e-02;3.4750000e+02;-5.8471113e-03;3.4750000e+02;-4.9980059e-02;3.4750000e+02;-9.3429245e-02;3.4750000e+02;-1.3666579e-01;3.4750000e+02;-1.7817135e-01;3.4750000e+02;-8.4671922e-02;3.4750000e+02;-7.6973870e-02;3.4750000e+02;-4.5606133e-02;3.4750000e+02;5.1048491e-03;3.4750000e+02;6.1321210e-02;3.4750000e+02;1.2712774e-01;3.4750000e+02;1.8568952e-01;3.4750000e+02;2.1455410e-01;3.4750000e+02;2.0225102e-01;3.4750000e+02;2.0866072e-01;3.4750000e+02;1.5718016e-01;3.4750000e+02;9.6042529e-02;3.4750000e+02;4.2059533e-02;3.4750000e+02;-5.8471113e-03;3.4750000e+02;-4.9980059e-02;3.4750000e+02;-9.3429245e-02;3.4750000e+02;-1.3666579e-01;3.4750000e+02;-1.7817135e-01;3.4750000e+02;-8.4671922e-02;3.4750000e+02;-7.6973870e-02;3.4750000e+02;-4.5606133e-02;3.4750000e+02;5.1048491e-03;3.4750000e+02;6.1321210e-02;3.4750000e+02;1.2712774e-01;3.4750000e+02;1.8568952e-01;3.4750000e+02;2.1455410e-01;3.4750000e+02;2.0225102e-01;3.4750000e+02;2.0866072e-01;3.4750000e+02;1.5718016e-01;3.4750000e+02;9.6042529e-02;3.4750000e+02;4.2059533e-02;3.4750000e+02;-5.8471113e-03;3.4750000e+02;-4.9980059e-02;3.4750000e+02;-9.3429245e-02;3.4750000e+02;-1.3666579e-01;3.4750000e+02;-1.7817135e-01;3.4750000e+02;-8.4671922e-02;3.4750000e+02;-7.6973870e-02;3.4750000e+02;-4.5606133e-02;3.4750000e+02;5.1048491e-03;3.4750000e+02;6.1321210e-02;3.4750000e+02;1.2712774e-01;3.4750000e+02;1.8568952e-01;3.4750000e+02;2.1455410e-01;3.4750000e+02;2.0225102e-01;3.4750000e+02;2.0866072e-01;3.4750000e+02;1.5718016e-01;3.4750000e+02;9.6042529e-02;3.4750000e+02;4.2059533e-02;3.4750000e+02;-5.8471113e-03;3.4750000e+02;-4.9980059e-02;3.4750000e+02;-9.3429245e-02;3.4750000e+02;-1.3666579e-01;3.4750000e+02;-1.7817135e-01;3.4750000e+02;-8.4671922e-02;3.4750000e+02;-7.6973870e-02;3.4750000e+02;-4.5606133e-02;3.4750000e+02;5.1048491e-03;3.4750000e+02;6.1321210e-02;3.4750000e+02;1.2712774e-01;3.4750000e+02;1.8568952e-01;3.4750000e+02;2.1455410e-01;3.4750000e+02;2.0225102e-01;3.4750000e+02;2.0866072e-01;3.4750000e+02;1.5718016e-01;3.4750000e+02;9.6042529e-02;3.4750000e+02;4.2059533e-02;3.4750000e+02;-5.8471113e-03;3.4750000e+02;-4.9980059e-02;3.4750000e+02;-9.3429245e-02;3.4750000e+02;-1.3666579e-01;3.4750000e+02;-1.7817135e-01;3.4750000e+02;-8.4671922e-02;3.4750000e+02;-7.6973870e-02;3.4750000e+02;-4.5606133e-02;3.4750000e+02;5.1048491e-03;3.4750000e+02;6.1321210e-02;3.4750000e+02;1.2712774e-01;3.4750000e+02;1.8568952e-01;3.4750000e+02;2.1455410e-01;3.4750000e+02;2.0225102e-01;3.4750000e+02;2.0866072e-01;3.4750000e+02;1.5718016e-01;3.4750000e+02;9.6042529e-02;3.4750000e+02;4.2059533e-02;3.4750000e+02;-5.8471113e-03;3.4750000e+02;-4.9980059e-02;3.4750000e+02;-9.3429245e-02;3.4750000e+02;-1.3666579e-01;3.4750000e+02;-1.7817135e-01;3.4750000e+02;-8.4671922e-02;3.4750000e+02;-7.6973870e-02;3.4750000e+02;-4.5606133e-02;3.4750000e+02;5.1048491e-03;3.4750000e+02;6.1321210e-02;3.4750000e+02;1.2712774e-01;3.4750000e+02;1.8568952e-01;3.4750000e+02;2.1455410e-01;3.4750000e+02;2.0225102e-01;3.4750000e+02;2.0866072e-01;3.4750000e+02;1.5718016e-01;3.4750000e+02;9.6042529e-02;3.4750000e+02;4.2059533e-02;3.4750000e+02;-5.8471113e-03;3.4750000e+02;-4.9980059e-02;3.4750000e+02;-9.3429245e-02;3.4750000e+02;-1.3666579e-01;3.4750000e+02;-1.7817135e-01;3.4750000e+02;-8.4671922e-02;3.4750000e+02;-7.6973870e-02;3.4750000e+02;-4.5606133e-02;3.4750000e+02;5.1048491e-03;3.4750000e+02;6.1321210e-02;3.4750000e+02;1.2712774e-01;3.4750000e+02;1.8568952e-01;3.4750000e+02;2.1455410e-01;3.4750000e+02;2.0225102e-01;3.4750000e+02;2.0866072e-01;3.4750000e+02;1.5718016e-01;3.4750000e+02;9.6042529e-02;3.4750000e+02;4.2059533e-02;3.4750000e+02;-5.8471113e-03;3.4750000e+02;-4.9980059e-02;3.4750000e+02;-9.3429245e-02;3.4750000e+02;-1.3666579e-01;3.4750000e+02;-1.7817135e-01;3.4750000e+02;-8.4671922e-02;3.4750000e+02;-7.6973870e-02;3.4750000e+02;-4.5606133e-02;3.4750000e+02;5.1048491e-03;3.4750000e+02;6.1321210e-02;3.4750000e+02;1.2712774e-01;3.4750000e+02;1.8568952e-01;3.4750000e+02;2.1455410e-01;3.4750000e+02;2.0225102e-01;3.4750000e+02;2.0866072e-01;3.4750000e+02;1.5718016e-01;3.4750000e+02;9.6042529e-02;3.4750000e+02;4.2059533e-02;3.4750000e+02;-5.8471113e-03;3.4750000e+02;-4.9980059e-02;3.4750000e+02;-9.3429245e-02;3.4750000e+02;-1.3666579e-01;3.4750000e+02;-1.7817135e-01;3.4750000e+02;-8.4671922e-02;3.4750000e+02;-7.6973870e-02;3.4750000e+02;-4.5606133e-02;3.4750000e+02;5.1048491e-03;3.4750000e+02;6.1321210e-02;3.4750000e+02;1.2712774e-01;3.4750000e+02;1.8568952e-01;3.4750000e+02;2.1455410e-01;3.4750000e+02;2.0225102e-01;3.4750000e+02;2.0866072e-01;3.4750000e+02;1.5718016e-01;3.4750000e+02;9.6042529e-02;3.4750000e+02;4.2059533e-02;3.4750000e+02;-5.8471113e-03;3.4750000e+02;-4.9980059e-02;3.4750000e+02;-9.3429245e-02;3.4750000e+02;-1.3666579e-01;3.4750000e+02;-1.7817135e-01;3.4750000e+02;-8.4671922e-02;3.4750000e+02;-7.6973870e-02;3.4750000e+02;-4.5606133e-02;3.4750000e+02;5.1048491e-03;3.4750000e+02;6.1321210e-02;3.4750000e+02;1.2712774e-01;3.4750000e+02;1.8568952e-01;3.4750000e+02;2.1455410e-01;3.4750000e+02;2.0225102e-01;3.4750000e+02;2.0866072e-01;3.4750000e+02;1.5718016e-01;3.4750000e+02;9.6042529e-02;3.4750000e+02;4.2059533e-02;3.4750000e+02;-5.8471113e-03;3.4750000e+02;-4.9980059e-02;3.4750000e+02;-9.3429245e-02;3.4750000e+02;-1.3666579e-01;3.4750000e+02;-1.7817135e-01;3.4750000e+02;-8.4671922e-02;3.4750000e+02;-7.6973870e-02;3.4750000e+02;-4.5606133e-02;3.4750000e+02;5.1048491e-03;3.4750000e+02;6.1321210e-02;3.4750000e+02;1.2712774e-01;3.4750000e+02;1.8568952e-01;3.4750000e+02;2.1455410e-01;3.4750000e+02;2.0225102e-01;3.4750000e+02;2.0866072e-01;3.4750000e+02;1.5718016e-01;3.4750000e+02;9.6042529e-02;3.4750000e+02;4.2059533e-02;3.4750000e+02;-5.8471113e-03;3.4750000e+02;-4.9980059e-02;3.4750000e+02;-9.3429245e-02;3.4750000e+02;-1.3666579e-01;3.4750000e+02;-1.7817135e-01;3.4750000e+02;-8.4671922e-02;3.4750000e+02;-7.6973870e-02;3.4750000e+02;-4.5606133e-02;3.4750000e+02;5.1048491e-03;3.4750000e+02;6.1321210e-02;3.4750000e+02;1.2712774e-01;3.4750000e+02;1.8568952e-01;3.4750000e+02;2.1455410e-01;3.4750000e+02;2.0225102e-01;3.4750000e+02;2.0866072e-01;3.4750000e+02;1.5718016e-01;3.4750000e+02;9.6042529e-02;3.4750000e+02;4.2059533e-02;3.4750000e+02;-5.8471113e-03;3.4750000e+02;-4.9980059e-02;3.4750000e+02;-9.3429245e-02;3.4750000e+02;-1.3666579e-01;3.4750000e+02;-1.7817135e-01;3.4750000e+02;-8.4671922e-02;3.4750000e+02;-7.6973870e-02;3.4750000e+02;-4.5606133e-02;3.4750000e+02;5.1048491e-03;3.4750000e+02;6.1321210e-02;3.4750000e+02;1.2712774e-01;3.4750000e+02;1.8568952e-01;3.4750000e+02;2.1455410e-01;3.4750000e+02;2.0225102e-01;3.4750000e+02;2.0866072e-01;3.4750000e+02;1.5718016e-01;3.4750000e+02;9.6042529e-02;3.4750000e+02;4.2059533e-02;3.4750000e+02;-5.8471113e-03;3.4750000e+02;-4.9980059e-02;3.4750000e+02;-9.3429245e-02;3.4750000e+02;-1.3666579e-01;3.4750000e+02;-1.7817135e-01;3.4750000e+02;-8.4671922e-02;3.4750000e+02;-7.6973870e-02;3.4750000e+02;-4.5606133e-02;3.4750000e+02;5.1048491e-03;3.4750000e+02;6.1321210e-02;3.4750000e+02;1.2712774e-01;3.4750000e+02;1.8568952e-01;3.4750000e+02;2.1455410e-01;3.4750000e+02;2.0225102e-01;3.4750000e+02;2.0866072e-01;3.4750000e+02;1.5718016e-01;3.4750000e+02;9.6042529e-02;3.4750000e+02;4.2059533e-02;3.4750000e+02;-5.8471113e-03;3.4750000e+02;-4.9980059e-02;3.4750000e+02;-9.3429245e-02;3.4750000e+02;-1.3666579e-01;3.4750000e+02;-1.7817135e-01;3.4750000e+02;-8.4671922e-02;3.4750000e+02;-7.6973870e-02;3.4750000e+02;-4.5606133e-02;3.4750000e+02;5.1048491e-03;3.4750000e+02;6.1321210e-02;3.4750000e+02;1.2712774e-01;3.4750000e+02;1.8568952e-01;3.4750000e+02;2.1455410e-01;3.4750000e+02;2.0225102e-01;3.4750000e+02;2.0866072e-01;3.4750000e+02;1.5718016e-01;3.4750000e+02;9.6042529e-02;3.4750000e+02;4.2059533e-02;3.4750000e+02;-5.8471113e-03;3.4750000e+02;-4.9980059e-02;3.4750000e+02;-9.3429245e-02;3.4750000e+02;-1.3666579e-01;3.4750000e+02;-1.7817135e-01;3.4750000e+02;-8.4671922e-02;3.4750000e+02;-7.6973870e-02;3.4750000e+02;-4.5606133e-02;3.4750000e+02;5.1048491e-03;3.4750000e+02;6.1321210e-02;3.4750000e+02;1.2712774e-01;3.4750000e+02;1.8568952e-01;3.4750000e+02;2.1455410e-01;3.4750000e+02;2.0225102e-01;3.4750000e+02;2.0866072e-01;3.4750000e+02;1.5718016e-01;3.4750000e+02;9.6042529e-02;3.4750000e+02;4.2059533e-02;3.4750000e+02;-5.8471113e-03;3.4750000e+02;-4.9980059e-02;3.4750000e+02;-9.3429245e-02;3.4750000e+02;-1.3666579e-01;3.4750000e+02;-1.7817135e-01;3.4750000e+02;-8.4671922e-02;3.4750000e+02;-7.6973870e-02;3.4750000e+02;-4.5606133e-02;3.4750000e+02;5.1048491e-03;3.4750000e+02;6.1321210e-02;3.4750000e+02;1.2712774e-01;3.4750000e+02;1.8568952e-01;3.4750000e+02;2.1455410e-01;3.4750000e+02;2.0225102e-01;3.4750000e+02;2.0866072e-01;3.4750000e+02;1.5718016e-01;3.4750000e+02;9.6042529e-02;3.4750000e+02;4.2059533e-02;3.4750000e+02;-5.8471113e-03;3.4750000e+02;-4.9980059e-02;3.4750000e+02;-9.3429245e-02;3.4750000e+02;-1.3666579e-01;3.4750000e+02;-1.7817135e-01;3.4750000e+02;-8.4671922e-02;3.4750000e+02;-7.6973870e-02;3.4750000e+02;-4.5606133e-02;3.4750000e+02;5.1048491e-03;3.4750000e+02;6.1321210e-02;3.4750000e+02;1.2712774e-01;3.4750000e+02;1.8568952e-01;3.4750000e+02;2.1455410e-01;3.4750000e+02;2.0225102e-01;3.4750000e+02;2.0866072e-01;3.4750000e+02;1.5718016e-01;3.4750000e+02;9.6042529e-02;3.4750000e+02;4.2059533e-02;3.4750000e+02;-5.8471113e-03;3.4750000e+02;-4.9980059e-02;3.4750000e+02;-9.3429245e-02;3.4750000e+02;-1.3666579e-01;3.4750000e+02;-1.7817135e-01;3.4750000e+02;-8.4671922e-02;3.4750000e+02;-7.6973870e-02;3.4750000e+02;-4.5606133e-02;3.4750000e+02;5.1048491e-03;3.4750000e+02;6.1321210e-02;3.4750000e+02;1.2712774e-01;3.4750000e+02;1.8568952e-01;3.4750000e+02;2.1455410e-01;3.4750000e+02;2.0225102e-01;3.4750000e+02;2.0866072e-01;3.4750000e+02;1.5718016e-01;3.4750000e+02;9.6042529e-02;3.4750000e+02;4.2059533e-02;3.4750000e+02;-5.8471113e-03;3.4750000e+02;-4.9980059e-02;3.4750000e+02;-9.3429245e-02;3.4750000e+02;-1.3666579e-01;3.4750000e+02;-1.7817135e-01;3.4750000e+02;-8.4671922e-02;3.4750000e+02;-7.6973870e-02;3.4750000e+02;-4.5606133e-02;3.4750000e+02;5.1048491e-03;3.4750000e+02;6.1321210e-02;3.4750000e+02;1.2712774e-01;3.4750000e+02;1.8568952e-01;3.4750000e+02;2.1455410e-01;3.4750000e+02;2.0225102e-01;3.4750000e+02;2.0866072e-01;3.4750000e+02;1.5718016e-01;3.4750000e+02;9.6042529e-02;3.4750000e+02;4.2059533e-02;3.4750000e+02;-5.8471113e-03;3.4750000e+02;-4.9980059e-02;3.4750000e+02;-9.3429245e-02;3.4750000e+02;-1.3666579e-01;3.4750000e+02;-1.7817135e-01
3.5250000e+02;-7.9203933e-02;3.5250000e+02;-7.4327365e-02;3.5250000e+02;-4.3166976e-02;3.5250000e+02;1.4504753e-03;3.5250000e+02;6.0297452e-02;3.5250000e+02;1.3262030e-01;3.5250000e+02;1.8350184e-01;3.5250000e+02;2.0934868e-01;3.5250000e+02;1.9869186e-01;3.5250000e+02;2.1437706e-01;3.5250000e+02;1.6776836e-01;3.5250000e+02;1.0922989e-01;3.5250000e+02;5.5686846e-02;3.5250000e+02;8.4208921e-03;3.5250000e+02;-3.5976835e-02;3.5250000e+02;-7.9727843e-02;3.5250000e+02;-1.2060726e-01;3.5250000e+02;-1.6527086e-01;3.5250000e+02;-7.9203933e-02;3.5250000e+02;-7.4327365e-02;3.5250000e+02;-4.3166976e-02;3.5250000e+02;1.4504753e-03;3.5250000e+02;6.0297452e-02;3.5250000e+02;1.3262030e-01;3.5250000e+02;1.8350184e-01;3.5250000e+02;2.0934868e-01;3.5250000e+02;1.9869186e-01;3.5250000e+02;2.1437706e-01;3.5250000e+02;1.6776836e-01;3.5250000e+02;1.0922989e-01;3.5250000e+02;5.5686846e-02;3.5250000e+02;8.4208921e-03;3.5250000e+02;-3.5976835e-02;3.5250000e+02;-7.9727843e-02;3.5250000e+02;-1.2060726e-01;3.5250000e+02;-1.6527086e-01;3.5250000e+02;-7.9203933e-02;3.5250000e+02;-7.4327365e-02;3.5250000e+02;-4.3166976e-02;3.5250000e+02;1.4504753e-03;3.5250000e+02;6.0297452e-02;3.5250000e+02;1.3262030e-01;3.5250000e+02;1.8350184e-01;3.5250000e+02;2.0934868e-01;3.5250000e+02;1.9869186e-01;3.5250000e+02;2.1437706e-01;3.5250000e+02;1.6776836e-01;3.5250000e+02;1.0922989e-01;3.5250000e+02;5.5686846e-02;3.5250000e+02;8.4208921e-03;3.5250000e+02;-3.5976835e-02;3.5250000e+02;-7.9727843e-02;3.5250000e+02;-1.2060726e-01;3.5250000e+02;-1.6527086e-01;3.5250000e+02;-7.9203933e-02;3.5250000e+02;-7.4327365e-02;3.5250000e+02;-4.3166976e-02;3.5250000e+02;1.4504753e-03;3.5250000e+02;6.0297452e-02;3.5250000e+02;1.3262030e-01;3.5250000e+02;1.8350184e-01;3.5250000e+02;2.0934868e-01;3.5250000e+02;1.9869186e-01;3.5250000e+02;2.1437706e-01;3.5250000e+02;1.6776836e-01;3.5250000e+02;1.0922989e-01;3.5250000e+02;5.5686846e-02;3.5250000e+02;8.4208921e-03;3.5250000e+02;-3.5976835e-02;3.5250000e+02;-7.9727843e-02;3.5250000e+02;-1.2060726e-01;3.5250000e+02;-1.6527086e-01;3.5250000e+02;-7.9203933e-02;3.5250000e+02;-7.4327365e-02;3.5250000e+02;-4.3166976e-02;3.5250000e+02;1.4504753e-03;3.5250000e+02;6.0297452e-02;3.5250000e+02;1.3262030e-01;3.5250000e+02;1.8350184e-01;3.5250000e+02;2.0934868e-01;3.5250000e+02;1.9869186e-01;3.5250000e+02;2.1437706e-01;3.5250000e+02;1.6776836e-01;3.5250000e+02;1.0922989e-01;3.5250000e+02;5.5686846e-02;3.5250000e+02;8.4208921e-03;3.5250000e+02;-3.5976835e-02;3.5250000e+02;-7.9727843e-02;3.5250000e+02;-1.2060726e-01;3.5250000e+02;-1.6527086e-01;3.5250000e+02;-7.9203933e-02;3.5250000e+02;-7.4327365e-02;3.5250000e+02;-4.3166976e-02;3.5250000e+02;1.4504753e-03;3.5250000e+02;6.0297452e-02;3.5250000e+02;1.3262030e-01;3.5250000e+02;1.8350184e-01;3.5250000e+02;2.0934868e-01;3.5250000e+02;1.9869186e-01;3.5250000e+02;2.1437706e-01;3.5250000e+02;1.6776836e-01;3.5250000e+02;1.0922989e-01;3.5250000e+02;5.5686846e-02;3.5250000e+02;8.4208921e-03;3.5250000e+02;-3.5976835e-02;3.5250000e+02;-7.9727843e-02;3.5250000e+02;-1.2060726e-01;3.5250000e+02;-1.6527086e-01;3.5250000e+02;-7.9203933e-02;3.5250000e+02;-7.4327365e-02;3.5250000e+02;-4.3166976e-02;3.5250000e+02;1.4504753e-03;3.5250000e+02;6.0297452e-02;3.5250000e+02;1.3262030e-01;3.5250000e+02;1.8350184e-01;3.5250000e+02;2.0934868e-01;3.5250000e+02;1.9869186e-01;3.5250000e+02;2.1437706e-01;3.5250000e+02;1.6776836e-01;3.5250000e+02;1.0922989e-01;3.5250000e+02;5.5686846e-02;3.5250000e+02;8.4208921e-03;3.5250000e+02;-3.5976835e-02;3.5250000e+02;-7.9727843e-02;3.5250000e+02;-1.2060726e-01;3.5250000e+02;-1.6527086e-01;3.5250000e+02;-7.9203933e-02;3.5250000e+02;-7.4327365e-02;3.5250000e+02;-4.3166976e-02;3.5250000e+02;1.4504753e-03;3.5250000e+02;6.0297452e-02;3.5250000e+02;1.3262030e-01;3.5250000e+02;1.8350184e-01;3.5250000e+02;2.0934868e-01;3.5250000e+02;1.9869186e-01;3.5250000e+02;2.1437706e-01;3.5250000e+02;1.6776836e-01;3.5250000e+02;1.0922989e-01;3.5250000e+02;5.5686846e-02;3.5250000e+02;8.4208921e-03;3.5250000e+02;-3.5976835e-02;3.5250000e+02;-7.9727843e-02;3.5250000e+02;-1.2060726e-01;3.5250000e+02;-1.6527086e-01;3.5250000e+02;-7.9203933e-02;3.5250000e+02;-7.4327365e-02;3.5250000e+02;-4.3166976e-02;3.5250000e+02;1.4504753e-03;3.5250000e+02;6.0297452e-02;3.5250000e+02;1.3262030e-01;3.5250000e+02;1.8350184e-01;3.5250000e+02;2.0934868e-01;3.5250000e+02;1.9869186e-01;3.5250000e+02;2.1437706e-01;3.5250000e+02;1.6776836e-01;3.5250000e+02;1.0922989e-01;3.5250000e+02;5.5686846e-02;3.5250000e+02;8.4208921e-03;3.5250000e+02;-3.5976835e-02;3.5250000e+02;-7.9727843e-02;3.5250000e+02;-1.2060726e-01;3.5250000e+02;-1.6527086e-01;3.5250000e+02;-7.9203933e-02;3.5250000e+02;-7.4327365e-02;3.5250000e+02;-4.3166976e-02;3.5250000e+02;1.4504753e-03;3.5250000e+02;6.0297452e-02;3.5250000e+02;1.3262030e-01;3.5250000e+02;1.8350184e-01;3.5250000e+02;2.0934868e-01;3.5250000e+02;1.9869186e-01;3.5250000e+02;2.1437706e-01;3.5250000e+02;1.6776836e-01;3.5250000e+02;1.0922989e-01;3.5250000e+02;5.5686846e-02;3.5250000e+02;8.4208921e-03;3.5250000e+02;-3.5976835e-02;3.5250000e+02;-7.9727843e-02;3.5250000e+02;-1.2060726e-01;3.5250000e+02;-1.6527086e-01;3.5250000e+02;-7.9203933e-02;3.5250000e+02;-7.4327365e-02;3.5250000e+02;-4.3166976e-02;3.5250000e+02;1.4504753e-03;3.5250000e+02;6.0297452e-02;3.5250000e+02;1.3262030e-01;3.5250000e+02;1.8350184e-01;3.5250000e+02;2.0934868e-01;3.5250000e+02;1.9869186e-01;3.5250000e+02;2.1437706e-01;3.5250000e+02;1.6776836e-01;3.5250000e+02;1.0922989e-01;3.5250000e+02;5.5686846e-02;3.5250000e+02;8.4208921e-03;3.5250000e+02;-3.5976835e-02;3.5250000e+02;-7.9727843e-02;3.5250000e+02;-1.2060726e-01;3.5250000e+02;-1.6527086e-01;3.5250000e+02;-7.9203933e-02;3.5250000e+02;-7.4327365e-02;3.5250000e+02;-4.3166976e-02;3.5250000e+02;1.4504753e-03;3.5250000e+02;6.0297452e-02;3.5250000e+02;1.3262030e-01;3.5250000e+02;1.8350184e-01;3.5250000e+02;2.0934868e-01;3.5250000e+02;1.9869186e-01;3.5250000e+02;2.1437706e-01;3.5250000e+02;1.6776836e-01;3.5250000e+02;1.0922989e-01;3.5250000e+02;5.5686846e-02;3.5250000e+02;8.4208921e-03;3.5250000e+02;-3.5976835e-02;3.5250000e+02;-7.9727843e-02;3.5250000e+02;-1.2060726e-01;3.5250000e+02;-1.6527086e-01;3.5250000e+02;-7.9203933e-02;3.5250000e+02;-7.4327365e-02;3.5250000e+02;-4.3166976e-02;3.5250000e+02;1.4504753e-03;3.5250000e+02;6.0297452e-02;3.5250000e+02;1.3262030e-01;3.5250000e+02;1.8350184e-01;3.5250000e+02;2.0934868e-01;3.5250000e+02;1.9869186e-01;3.5250000e+02;2.1437706e-01;3.5250000e+02;1.6776836e-01;3.5250000e+02;1.0922989e-01;3.5250000e+02;5.5686846e-02;3.5250000e+02;8.4208921e-03;3.5250000e+02;-3.5976835e-02;3.5250000e+02;-7.9727843e-02;3.5250000e+02;-1.2060726e-01;3.5250000e+02;-1.6527086e-01;3.5250000e+02;-7.9203933e-02;3.5250000e+02;-7.4327365e-02;3.5250000e+02;-4.3166976e-02;3.5250000e+02;1.4504753e-03;3.5250000e+02;6.0297452e-02;3.5250000e+02;1.3262030e-01;3.5250000e+02;1.8350184e-01;3.5250000e+02;2.0934868e-01;3.5250000e+02;1.9869186e-01;3.5250000e+02;2.1437706e-01;3.5250000e+02;1.6776836e-01;3.5250000e+02;1.0922989e-01;3.5250000e+02;5.5686846e-02;3.5250000e+02;8.4208921e-03;3.5250000e+02;-3.5976835e-02;3.5250000e+02;-7.9727843e-02;3.5250000e+02;-1.2060726e-01;3.5250000e+02;-1.6527086e-01;3.5250000e+02;-7.9203933e-02;3.5250000e+02;-7.4327365e-02;3.5250000e+02;-4.3166976e-02;3.5250000e+02;1.4504753e-03;3.5250000e+02;6.0297452e-02;3.5250000e+02;1.3262030e-01;3.5250000e+02;1.8350184e-01;3.5250000e+02;2.0934868e-01;3.5250000e+02;1.9869186e-01;3.5250000e+02;2.1437706e-01;3.5250000e+02;1.6776836e-01;3.5250000e+02;1.0922989e-01;3.5250000e+02;5.5686846e-02;3.5250000e+02;8.4208921e-03;3.5250000e+02;-3.5976835e-02;3.5250000e+02;-7.9727843e-02;3.5250000e+02;-1.2060726e-01;3.5250000e+02;-1.6527086e-01;3.5250000e+02;-7.9203933e-02;3.5250000e+02;-7.4327365e-02;3.5250000e+02;-4.3166976e-02;3.5250000e+02;1.4504753e-03;3.5250000e+02;6.0297452e-02;3.5250000e+02;1.3262030e-01;3.5250000e+02;1.8350184e-01;3.5250000e+02;2.0934868e-01;3.5250000e+02;1.9869186e-01;3.5250000e+02;2.1437706e-01;3.5250000e+02;1.6776836e-01;3.5250000e+02;1.0922989e-01;3.5250000e+02;5.5686846e-02;3.5250000e+02;8.4208921e-03;3.5250000e+02;-3.5976835e-02;3.5250000e+02;-7.9727843e-02;3.5250000e+02;-1.2060726e-01;3.5250000e+02;-1.6527086e-01;3.5250000e+02;-7.9203933e-02;3.5250000e+02;-7.4327365e-02;3.5250000e+02;-4.3166976e-02;3.5250000e+02;1.4504753e-03;3.5250000e+02;6.0297452e-02;3.5250000e+02;1.3262030e-01;3.5250000e+02;1.8350184e-01;3.5250000e+02;2.0934868e-01;3.5250000e+02;1.9869186e-01;3.5250000e+02;2.1437706e-01;3.5250000e+02;1.6776836e-01;3.5250000e+02;1.0922989e-01;3.5250000e+02;5.5686846e-02;3.5250000e+02;8.4208921e-03;3.5250000e+02;-3.5976835e-02;3.5250000e+02;-7.9727843e-02;3.5250000e+02;-1.2060726e-01;3.5250000e+02;-1.6527086e-01;3.5250000e+02;-7.9203933e-02;3.5250000e+02;-7.4327365e-02;3.5250000e+02;-4.3166976e-02;3.5250000e+02;1.4504753e-03;3.5250000e+02;6.0297452e-02;3.5250000e+02;1.3262030e-01;3.5250000e+02;1.8350184e-01;3.5250000e+02;2.0934868e-01;3.5250000e+02;1.9869186e-01;3.5250000e+02;2.1437706e-01;3.5250000e+02;1.6776836e-01;3.5250000e+02;1.0922989e-01;3.5250000e+02;5.5686846e-02;3.5250000e+02;8.4208921e-03;3.5250000e+02;-3.5976835e-02;3.5250000e+02;-7.9727843e-02;3.5250000e+02;-1.2060726e-01;3.5250000e+02;-1.6527086e-01;3.5250000e+02;-7.9203933e-02;3.5250000e+02;-7.4327365e-02;3.5250000e+02;-4.3166976e-02;3.5250000e+02;1.4504753e-03;3.5250000e+02;6.0297452e-02;3.5250000e+02;1.3262030e-01;3.5250000e+02;1.8350184e-01;3.5250000e+02;2.0934868e-01;3.5250000e+02;1.9869186e-01;3.5250000e+02;2.1437706e-01;3.5250000e+02;1.6776836e-01;3.5250000e+02;1.0922989e-01;3.5250000e+02;5.5686846e-02;3.5250000e+02;8.4208921e-03;3.5250000e+02;-3.5976835e-02;3.5250000e+02;-7.9727843e-02;3.5250000e+02;-1.2060726e-01;3.5250000e+02;-1.6527086e-01;3.5250000e+02;-7.9203933e-02;3.5250000e+02;-7.4327365e-02;3.5250000e+02;-4.3166976e-02;3.5250000e+02;1.4504753e-03;3.5250000e+02;6.0297452e-02;3.5250000e+02;1.3262030e-01;3.5250000e+02;1.8350184e-01;3.5250000e+02;2.0934868e-01;3.5250000e+02;1.9869186e-01;3.5250000e+02;2.1437706e-01;3.5250000e+02;1.6776836e-01;3.5250000e+02;1.0922989e-01;3.5250000e+02;5.5686846e-02;3.5250000e+02;8.4208921e-03;3.5250000e+02;-3.5976835e-02;3.5250000e+02;-7.9727843e-02;3.5250000e+02;-1.2060726e-01;3.5250000e+02;-1.6527086e-01;3.5250000e+02;-7.9203933e-02;3.5250000e+02;-7.4327365e-02;3.5250000e+02;-4.3166976e-02;3.5250000e+02;1.4504753e-03;3.5250000e+02;6.0297452e-02;3.5250000e+02;1.3262030e-01;3.5250000e+02;1.8350184e-01;3.5250000e+02;2.0934868e-01;3.5250000e+02;1.9869186e-01;3.5250000e+02;2.1437706e-01;3.5250000e+02;1.6776836e-01;3.5250000e+02;1.0922989e-01;3.5250000e+02;5.5686846e-02;3.5250000e+02;8.4208921e-03;3.5250000e+02;-3.5976835e-02;3.5250000e+02;-7.9727843e-02;3.5250000e+02;-1.2060726e-01;3.5250000e+02;-1.6527086e-01;3.5250000e+02;-7.9203933e-02;3.5250000e+02;-7.4327365e-02;3.5250000e+02;-4.3166976e-02;3.5250000e+02;1.4504753e-03;3.5250000e+02;6.0297452e-02;3.5250000e+02;1.3262030e-01;3.5250000e+02;1.8350184e-01;3.5250000e+02;2.0934868e-01;3.5250000e+02;1.9869186e-01;3.5250000e+02;2.1437706e-01;3.5250000e+02;1.6776836e-01;3.5250000e+02;1.0922989e-01;3.5250000e+02;5.5686846e-02;3.5250000e+02;8.4208921e-03;3.5250000e+02;-3.5976835e-02;3.5250000e+02;-7.9727843e-02;3.5250000e+02;-1.2060726e-01;3.5250000e+02;-1.6527086e-01;3.5250000e+02;-7.9203933e-02;3.5250000e+02;-7.4327365e-02;3.5250000e+02;-4.3166976e-02;3.5250000e+02;1.4504753e-03;3.5250000e+02;6.0297452e-02;3.5250000e+02;1.3262030e-01;3.5250000e+02;1.8350184e-01;3.5250000e+02;2.0934868e-01;3.5250000e+02;1.9869186e-01;3.5250000e+02;2.1437706e-01;3.5250000e+02;1.6776836e-01;3.5250000e+02;1.0922989e-01;3.5250000e+02;5.5686846e-02;3.5250000e+02;8.4208921e-03;3.5250000e+02;-3.5976835e-02;3.5250000e+02;-7.9727843e-02;3.5250000e+02;-1.2060726e-01;3.5250000e+02;-1.6527086e-01;3.5250000e+02;-7.9203933e-02;3.5250000e+02;-7.4327365e-02;3.5250000e+02;-4.3166976e-02;3.5250000e+02;1.4504753e-03;3.5250000e+02;6.0297452e-02;3.5250000e+02;1.3262030e-01;3.5250000e+02;1.8350184e-01;3.5250000e+02;2.0934868e-01;3.5250000e+02;1.9869186e-01;3.5250000e+02;2.1437706e-01;3.5250000e+02;1.6776836e-01;3.5250000e+02;1.0922989e-01;3.5250000e+02;5.5686846e-02;3.5250000e+02;8.4208921e-03;3.5250000e+02;-3.5976835e-02;3.5250000e+02;-7.9727843e-02;3.5250000e+02;-1.2060726e-01;3.5250000e+02;-1.6527086e-01;3.5250000e+02;-7.9203933e-02;3.5250000e+02;-7.4327365e-02;3.5250000e+02;-4.3166976e-02;3.5250000e+02;1.4504753e-03;3.5250000e+02;6.0297452e-02;3.5250000e+02;1.3262030e-01;3.5250000e+02;1.8350184e-01;3.5250000e+02;2.0934868e-01;3.5250000e+02;1.9869186e-01;3.5250000e+02;2.1437706e-01;3.5250000e+02;1.6776836e-01;3.5250000e+02;1.0922989e-01;3.5250000e+02;5.5686846e-02;3.5250000e+02;8.4208921e-03;3.5250000e+02;-3.5976835e-02;3.5250000e+02;-7.9727843e-02;3.5250000e+02;-1.2060726e-01;3.5250000e+02;-1.6527086e-01;3.5250000e+02;-7.9203933e-02;3.5250000e+02;-7.4327365e-02;3.5250000e+02;-4.3166976e-02;3.5250000e+02;1.4504753e-03;3.5250000e+02;6.0297452e-02;3.5250000e+02;1.3262030e-01;3.5250000e+02;1.8350184e-01;3.5250000e+02;2.0934868e-01;3.5250000e+02;1.9869186e-01;3.5250000e+02;2.1437706e-01;3.5250000e+02;1.6776836e-01;3.5250000e+02;1.0922989e-01;3.5250000e+02;5.5686846e-02;3.5250000e+02;8.4208921e-03;3.5250000e+02;-3.5976835e-02;3.5250000e+02;-7.9727843e-02;3.5250000e+02;-1.2060726e-01;3.5250000e+02;-1.6527086e-01;3.5250000e+02;-7.9203933e-02;3.5250000e+02;-7.4327365e-02;3.5250000e+02;-4.3166976e-02;3.5250000e+02;1.4504753e-03;3.5250000e+02;6.0297452e-02;3.5250000e+02;1.3262030e-01;3.5250000e+02;1.8350184e-01;3.5250000e+02;2.0934868e-01;3.5250000e+02;1.9869186e-01;3.5250000e+02;2.1437706e-01;3.5250000e+02;1.6776836e-01;3.5250000e+02;1.0922989e-01;3.5250000e+02;5.5686846e-02;3.5250000e+02;8.4208921e-03;3.5250000e+02;-3.5976835e-02;3.5250000e+02;-7.9727843e-02;3.5250000e+02;-1.2060726e-01;3.5250000e+02;-1.6527086e-01;3.5250000e+02;-7.9203933e-02;3.5250000e+02;-7.4327365e-02;3.5250000e+02;-4.3166976e-02;3.5250000e+02;1.4504753e-03;3.5250000e+02;6.0297452e-02;3.5250000e+02;1.3262030e-01;3.5250000e+02;1.8350184e-01;3.5250000e+02;2.0934868e-01;3.5250000e+02;1.9869186e-01;3.5250000e+02;2.1437706e-01;3.5250000e+02;1.6776836e-01;3.5250000e+02;1.0922989e-01;3.5250000e+02;5.5686846e-02;3.5250000e+02;8.4208921e-03;3.5250000e+02;-3.5976835e-02;3.5250000e+02;-7.9727843e-02;3.5250000e+02;-1.2060726e-01;3.5250000e+02;-1.6527086e-01;3.5250000e+02;-7.9203933e-02;3.5250000e+02;-7.4327365e-02;3.5250000e+02;-4.3166976e-02;3.5250000e+02;1.4504753e-03;3.5250000e+02;6.0297452e-02;3.5250000e+02;1.3262030e-01;3.5250000e+02;1.8350184e-01;3.5250000e+02;2.0934868e-01;3.5250000e+02;1.9869186e-01;3.5250000e+02;2.1437706e-01;3.5250000e+02;1.6776836e-01;3.5250000e+02;1.0922989e-01;3.5250000e+02;5.5686846e-02;3.5250000e+02;8.4208921e-03;3.5250000e+02;-3.5976835e-02;3.5250000e+02;-7.9727843e-02;3.5250000e+02;-1.2060726e-01;3.5250000e+02;-1.6527086e-01;3.5250000e+02;-7.9203933e-02;3.5250000e+02;-7.4327365e-02;3.5250000e+02;-4.3166976e-02;3.5250000e+02;1.4504753e-03;3.5250000e+02;6.0297452e-02;3.5250000e+02;1.3262030e-01;3.5250000e+02;1.8350184e-01;3.5250000e+02;2.0934868e-01;3.5250000e+02;1.9869186e-01;3.5250000e+02;2.1437706e-01;3.5250000e+02;1.6776836e-01;3.5250000e+02;1.0922989e-01;3.5250000e+02;5.5686846e-02;3.5250000e+02;8.4208921e-03;3.5250000e+02;-3.5976835e-02;3.5250000e+02;-7.9727843e-02;3.5250000e+02;-1.2060726e-01;3.5250000e+02;-1.6527086e-01;3.5250000e+02;-7.9203933e-02;3.5250000e+02;-7.4327365e-02;3.5250000e+02;-4.3166976e-02;3.5250000e+02;1.4504753e-03;3.5250000e+02;6.0297452e-02;3.5250000e+02;1.3262030e-01;3.5250000e+02;1.8350184e-01;3.5250000e+02;2.0934868e-01;3.5250000e+02;1.9869186e-01;3.5250000e+02;2.1437706e-01;3.5250000e+02;1.6776836e-01;3.5250000e+02;1.0922989e-01;3.5250000e+02;5.5686846e-02;3.5250000e+02;8.4208921e-03;3.5250000e+02;-3.5976835e-02;3.5250000e+02;-7.9727843e-02;3.5250000e+02;-1.2060726e-01;3.5250000e+02;-1.6527086e-01;3.5250000e+02;-7.9203933e-02;3.5250000e+02;-7.4327365e-02;3.5250000e+02;-4.3166976e-02;3.5250000e+02;1.4504753e-03;3.5250000e+02;6.0297452e-02;3.5250000e+02;1.3262030e-01;3.5250000e+02;1.8350184e-01;3.5250000e+02;2.0934868e-01;3.5250000e+02;1.9869186e-01;3.5250000e+02;2.1437706e-01;3.5250000e+02;1.6776836e-01;3.5250000e+02;1.0922989e-01;3.5250000e+02;5.5686846e-02;3.5250000e+02;8.4208921e-03;3.5250000e+02;-3.5976835e-02;3.5250000e+02;-7.9727843e-02;3.5250000e+02;-1.2060726e-01;3.5250000e+02;-1.6527086e-01;3.5250000e+02;-7.9203933e-02;3.5250000e+02;-7.4327365e-02;3.5250000e+02;-4.3166976e-02;3.5250000e+02;1.4504753e-03;3.5250000e+02;6.0297452e-02;3.5250000e+02;1.3262030e-01;3.5250000e+02;1.8350184e-01;3.5250000e+02;2.0934868e-01;3.5250000e+02;1.9869186e-01;3.5250000e+02;2.1437706e-01;3.5250000e+02;1.6776836e-01;3.5250000e+02;1.0922989e-01;3.5250000e+02;5.5686846e-02;3.5250000e+02;8.4208921e-03;3.5250000e+02;-3.5976835e-02;3.5250000e+02;-7.9727843e-02;3.5250000e+02;-1.2060726e-01;3.5250000e+02;-1.6527086e-01;3.5250000e+02;-7.9203933e-02;3.5250000e+02;-7.4327365e-02;3.5250000e+02;-4.3166976e-02;3.5250000e+02;1.4504753e-03;3.5250000e+02;6.0297452e-02;3.5250000e+02;1.3262030e-01;3.5250000e+02;1.8350184e-01;3.5250000e+02;2.0934868e-01;3.5250000e+02;1.9869186e-01;3.5250000e+02;2.1437706e-01;3.5250000e+02;1.6776836e-01;3.5250000e+02;1.0922989e-01;3.5250000e+02;5.5686846e-02;3.5250000e+02;8.4208921e-03;3.5250000e+02;-3.5976835e-02;3.5250000e+02;-7.9727843e-02;3.5250000e+02;-1.2060726e-01;3.5250000e+02;-1.6527086e-01;3.5250000e+02;-7.9203933e-02;3.5250000e+02;-7.4327365e-02;3.5250000e+02;-4.3166976e-02;3.5250000e+02;1.4504753e-03;3.5250000e+02;6.0297452e-02;3.5250000e+02;1.3262030e-01;3.5250000e+02;1.8350184e-01;3.5250000e+02;2.0934868e-01;3.5250000e+02;1.9869186e-01;3.5250000e+02;2.1437706e-01;3.5250000e+02;1.6776836e-01;3.5250000e+02;1.0922989e-01;3.5250000e+02;5.5686846e-02;3.5250000e+02;8.4208921e-03;3.5250000e+02;-3.5976835e-02;3.5250000e+02;-7.9727843e-02;3.5250000e+02;-1.2060726e-01;3.5250000e+02;-1.6527086e-01;3.5250000e+02;-7.9203933e-02;3.5250000e+02;-7.4327365e-02;3.5250000e+02;-4.3166976e-02;3.5250000e+02;1.4504753e-03;3.5250000e+02;6.0297452e-02;3.5250000e+02;1.3262030e-01;3.5250000e+02;1.8350184e-01;3.5250000e+02;2.0934868e-01;3.5250000e+02;1.9869186e-01;3.5250000e+02;2.1437706e-01;3.5250000e+02;1.6776836e-01;3.5250000e+02;1.0922989e-01;3.5250000e+02;5.5686846e-02;3.5250000e+02;8.4208921e-03;3.5250000e+02;-3.5976835e-02;3.5250000e+02;-7.9727843e-02;3.5250000e+02;-1.2060726e-01;3.5250000e+02;-1.6527086e-01;3.5250000e+02;-7.9203933e-02;3.5250000e+02;-7.4327365e-02;3.5250000e+02;-4.3166976e-02;3.5250000e+02;1.4504753e-03;3.5250000e+02;6.0297452e-02;3.5250000e+02;1.3262030e-01;3.5250000e+02;1.8350184e-01;3.5250000e+02;2.0934868e-01;3.5250000e+02;1.9869186e-01;3.5250000e+02;2.1437706e-01;3.5250000e+02;1.6776836e-01;3.5250000e+02;1.0922989e-01;3.5250000e+02;5.5686846e-02;3.5250000e+02;8.4208921e-03;3.5250000e+02;-3.5976835e-02;3.5250000e+02;-7.9727843e-02;3.5250000e+02;-1.2060726e-01;3.5250000e+02;-1.6527086e-01;3.5250000e+02;-7.9203933e-02;3.5250000e+02;-7.4327365e-02;3.5250000e+02;-4.3166976e-02;3.5250000e+02;1.4504753e-03;3.5250000e+02;6.0297452e-02;3.5250000e+02;1.3262030e-01;3.5250000e+02;1.8350184e-01;3.5250000e+02;2.0934868e-01;3.5250000e+02;1.9869186e-01;3.5250000e+02;2.1437706e-01;3.5250000e+02;1.6776836e-01;3.5250000e+02;1.0922989e-01;3.5250000e+02;5.5686846e-02;3.5250000e+02;8.4208921e-03;3.5250000e+02;-3.5976835e-02;3.5250000e+02;-7.9727843e-02;3.5250000e+02;-1.2060726e-01;3.5250000e+02;-1.6527086e-01;3.5250000e+02;-7.9203933e-02;3.5250000e+02;-7.4327365e-02;3.5250000e+02;-4.3166976e-02;3.5250000e+02;1.4504753e-03;3.5250000e+02;6.0297452e-02;3.5250000e+02;1.3262030e-01;3.5250000e+02;1.8350184e-01;3.5250000e+02;2.0934868e-01;3.5250000e+02;1.9869186e-01;3.5250000e+02;2.1437706e-01;3.5250000e+02;1.6776836e-01;3.5250000e+02;1.0922989e-01;3.5250000e+02;5.5686846e-02;3.5250000e+02;8.4208921e-03;3.5250000e+02;-3.5976835e-02;3.5250000e+02;-7.9727843e-02;3.5250000e+02;-1.2060726e-01;3.5250000e+02;-1.6527086e-01;3.5250000e+02;-7.9203933e-02;3.5250000e+02;-7.4327365e-02;3.5250000e+02;-4.3166976e-02;3.5250000e+02;1.4504753e-03;3.5250000e+02;6.0297452e-02;3.5250000e+02;1.3262030e-01;3.5250000e+02;1.8350184e-01;3.5250000e+02;2.0934868e-01;3.5250000e+02;1.9869186e-01;3.5250000e+02;2.1437706e-01;3.5250000e+02;1.6776836e-01;3.5250000e+02;1.0922989e-01;3.5250000e+02;5.5686846e-02;3.5250000e+02;8.4208921e-03;3.5250000e+02;-3.5976835e-02;3.5250000e+02;-7.9727843e-02;3.5250000e+02;-1.2060726e-01;3.5250000e+02;-1.6527086e-01;3.5250000e+02;-7.9203933e-02;3.5250000e+02;-7.4327365e-02;3.5250000e+02;-4.3166976e-02;3.5250000e+02;1.4504753e-03;3.5250000e+02;6.0297452e-02;3.5250000e+02;1.3262030e-01;3.5250000e+02;1.8350184e-01;3.5250000e+02;2.0934868e-01;3.5250000e+02;1.9869186e-01;3.5250000e+02;2.1437706e-01;3.5250000e+02;1.6776836e-01;3.5250000e+02;1.0922989e-01;3.5250000e+02;5.5686846e-02;3.5250000e+02;8.4208921e-03;3.5250000e+02;-3.5976835e-02;3.5250000e+02;-7.9727843e-02;3.5250000e+02;-1.2060726e-01;3.5250000e+02;-1.6527086e-01;3.5250000e+02;-7.9203933e-02;3.5250000e+02;-7.4327365e-02;3.5250000e+02;-4.3166976e-02;3.5250000e+02;1.4504753e-03;3.5250000e+02;6.0297452e-02;3.5250000e+02;1.3262030e-01;3.5250000e+02;1.8350184e-01;3.5250000e+02;2.0934868e-01;3.5250000e+02;1.9869186e-01;3.5250000e+02;2.1437706e-01;3.5250000e+02;1.6776836e-01;3.5250000e+02;1.0922989e-01;3.5250000e+02;5.5686846e-02;3.5250000e+02;8.4208921e-03;3.5250000e+02;-3.5976835e-02;3.5250000e+02;-7.9727843e-02;3.5250000e+02;-1.2060726e-01;3.5250000e+02;-1.6527086e-01;3.5250000e+02;-7.9203933e-02;3.5250000e+02;-7.4327365e-02;3.5250000e+02;-4.3166976e-02;3.5250000e+02;1.4504753e-03;3.5250000e+02;6.0297452e-02;3.5250000e+02;1.3262030e-01;3.5250000e+02;1.8350184e-01;3.5250000e+02;2.0934868e-01;3.5250000e+02;1.9869186e-01;3.5250000e+02;2.1437706e-01;3.5250000e+02;1.6776836e-01;3.5250000e+02;1.0922989e-01;3.5250000e+02;5.5686846e-02;3.5250000e+02;8.4208921e-03;3.5250000e+02;-3.5976835e-02;3.5250000e+02;-7.9727843e-02;3.5250000e+02;-1.2060726e-01;3.5250000e+02;-1.6527086e-01;3.5250000e+02;-7.9203933e-02;3.5250000e+02;-7.4327365e-02;3.5250000e+02;-4.3166976e-02;3.5250000e+02;1.4504753e-03;3.5250000e+02;6.0297452e-02;3.5250000e+02;1.3262030e-01;3.5250000e+02;1.8350184e-01;3.5250000e+02;2.0934868e-01;3.5250000e+02;1.9869186e-01;3.5250000e+02;2.1437706e-01;3.5250000e+02;1.6776836e-01;3.5250000e+02;1.0922989e-01;3.5250000e+02;5.5686846e-02;3.5250000e+02;8.4208921e-03;3.5250000e+02;-3.5976835e-02;3.5250000e+02;-7.9727843e-02;3.5250000e+02;-1.2060726e-01;3.5250000e+02;-1.6527086e-01;3.5250000e+02;-7.9203933e-02;3.5250000e+02;-7.4327365e-02;3.5250000e+02;-4.3166976e-02;3.5250000e+02;1.4504753e-03;3.5250000e+02;6.0297452e-02;3.5250000e+02;1.3262030e-01;3.5250000e+02;1.8350184e-01;3.5250000e+02;2.0934868e-01;3.5250000e+02;1.9869186e-01;3.5250000e+02;2.1437706e-01;3.5250000e+02;1.6776836e-01;3.5250000e+02;1.0922989e-01;3.5250000e+02;5.5686846e-02;3.5250000e+02;8.4208921e-03;3.5250000e+02;-3.5976835e-02;3.5250000e+02;-7.9727843e-02;3.5250000e+02;-1.2060726e-01;3.5250000e+02;-1.6527086e-01;3.5250000e+02;-7.9203933e-02;3.5250000e+02;-7.4327365e-02;3.5250000e+02;-4.3166976e-02;3.5250000e+02;1.4504753e-03;3.5250000e+02;6.0297452e-02;3.5250000e+02;1.3262030e-01;3.5250000e+02;1.8350184e-01;3.5250000e+02;2.0934868e-01;3.5250000e+02;1.9869186e-01;3.5250000e+02;2.1437706e-01;3.5250000e+02;1.6776836e-01;3.5250000e+02;1.0922989e-01;3.5250000e+02;5.5686846e-02;3.5250000e+02;8.4208921e-03;3.5250000e+02;-3.5976835e-02;3.5250000e+02;-7.9727843e-02;3.5250000e+02;-1.2060726e-01;3.5250000e+02;-1.6527086e-01;3.5250000e+02;-7.9203933e-02;3.5250000e+02;-7.4327365e-02;3.5250000e+02;-4.3166976e-02;3.5250000e+02;1.4504753e-03;3.5250000e+02;6.0297452e-02;3.5250000e+02;1.3262030e-01;3.5250000e+02;1.8350184e-01;3.5250000e+02;2.0934868e-01;3.5250000e+02;1.9869186e-01;3.5250000e+02;2.1437706e-01;3.5250000e+02;1.6776836e-01;3.5250000e+02;1.0922989e-01;3.5250000e+02;5.5686846e-02;3.5250000e+02;8.4208921e-03;3.5250000e+02;-3.5976835e-02;3.5250000e+02;-7.9727843e-02;3.5250000e+02;-1.2060726e-01;3.5250000e+02;-1.6527086e-01;3.5250000e+02;-7.9203933e-02;3.5250000e+02;-7.4327365e-02;3.5250000e+02;-4.3166976e-02;3.5250000e+02;1.4504753e-03;3.5250000e+02;6.0297452e-02;3.5250000e+02;1.3262030e-01;3.5250000e+02;1.8350184e-01;3.5250000e+02;2.0934868e-01;3.5250000e+02;1.9869186e-01;3.5250000e+02;2.1437706e-01;3.5250000e+02;1.6776836e-01;3.5250000e+02;1.0922989e-01;3.5250000e+02;5.5686846e-02;3.5250000e+02;8.4208921e-03;3.5250000e+02;-3.5976835e-02;3.5250000e+02;-7.9727843e-02;3.5250000e+02;-1.2060726e-01;3.5250000e+02;-1.6527086e-01;3.5250000e+02;-7.9203933e-02;3.5250000e+02;-7.4327365e-02;3.5250000e+02;-4.3166976e-02;3.5250000e+02;1.4504753e-03;3.5250000e+02;6.0297452e-02;3.5250000e+02;1.3262030e-01;3.5250000e+02;1.8350184e-01;3.5250000e+02;2.0934868e-01;3.5250000e+02;1.9869186e-01;3.5250000e+02;2.1437706e-01;3.5250000e+02;1.6776836e-01;3.5250000e+02;1.0922989e-01;3.5250000e+02;5.5686846e-02;3.5250000e+02;8.4208921e-03;3.5250000e+02;-3.5976835e-02;3.5250000e+02;-7.9727843e-02;3.5250000e+02;-1.2060726e-01;3.5250000e+02;-1.6527086e-01;3.5250000e+02;-7.9203933e-02;3.5250000e+02;-7.4327365e-02;3.5250000e+02;-4.3166976e-02;3.5250000e+02;1.4504753e-03;3.5250000e+02;6.0297452e-02;3.5250000e+02;1.3262030e-01;3.5250000e+02;1.8350184e-01;3.5250000e+02;2.0934868e-01;3.5250000e+02;1.9869186e-01;3.5250000e+02;2.1437706e-01;3.5250000e+02;1.6776836e-01;3.5250000e+02;1.0922989e-01;3.5250000e+02;5.5686846e-02;3.5250000e+02;8.4208921e-03;3.5250000e+02;-3.5976835e-02;3.5250000e+02;-7.9727843e-02;3.5250000e+02;-1.2060726e-01;3.5250000e+02;-1.6527086e-01;3.5250000e+02;-7.9203933e-02;3.5250000e+02;-7.4327365e-02;3.5250000e+02;-4.3166976e-02;3.5250000e+02;1.4504753e-03;3.5250000e+02;6.0297452e-02;3.5250000e+02;1.3262030e-01;3.5250000e+02;1.8350184e-01;3.5250000e+02;2.0934868e-01;3.5250000e+02;1.9869186e-01;3.5250000e+02;2.1437706e-01;3.5250000e+02;1.6776836e-01;3.5250000e+02;1.0922989e-01;3.5250000e+02;5.5686846e-02;3.5250000e+02;8.4208921e-03;3.5250000e+02;-3.5976835e-02;3.5250000e+02;-7.9727843e-02;3.5250000e+02;-1.2060726e-01;3.5250000e+02;-1.6527086e-01;3.5250000e+02;-7.9203933e-02;3.5250000e+02;-7.4327365e-02;3.5250000e+02;-4.3166976e-02;3.5250000e+02;1.4504753e-03;3.5250000e+02;6.0297452e-02;3.5250000e+02;1.3262030e-01;3.5250000e+02;1.8350184e-01;3.5250000e+02;2.0934868e-01;3.5250000e+02;1.9869186e-01;3.5250000e+02;2.1437706e-01;3.5250000e+02;1.6776836e-01;3.5250000e+02;1.0922989e-01;3.5250000e+02;5.5686846e-02;3.5250000e+02;8.4208921e-03;3.5250000e+02;-3.5976835e-02;3.5250000e+02;-7.9727843e-02;3.5250000e+02;-1.2060726e-01;3.5250000e+02;-1.6527086e-01;3.5250000e+02;-7.9203933e-02;3.5250000e+02;-7.4327365e-02;3.5250000e+02;-4.3166976e-02;3.5250000e+02;1.4504753e-03;3.5250000e+02;6.0297452e-02;3.5250000e+02;1.3262030e-01;3.5250000e+02;1.8350184e-01;3.5250000e+02;2.0934868e-01;3.5250000e+02;1.9869186e-01;3.5250000e+02;2.1437706e-01;3.5250000e+02;1.6776836e-01;3.5250000e+02;1.0922989e-01;3.5250000e+02;5.5686846e-02;3.5250000e+02;8.4208921e-03;3.5250000e+02;-3.5976835e-02;3.5250000e+02;-7.9727843e-02;3.5250000e+02;-1.2060726e-01;3.5250000e+02;-1.6527086e-01;3.5250000e+02;-7.9203933e-02;3.5250000e+02;-7.4327365e-02;3.5250000e+02;-4.3166976e-02;3.5250000e+02;1.4504753e-03;3.5250000e+02;6.0297452e-02;3.5250000e+02;1.3262030e-01;3.5250000e+02;1.8350184e-01;3.5250000e+02;2.0934868e-01;3.5250000e+02;1.9869186e-01;3.5250000e+02;2.1437706e-01;3.5250000e+02;1.6776836e-01;3.5250000e+02;1.0922989e-01;3.5250000e+02;5.5686846e-02;3.5250000e+02;8.4208921e-03;3.5250000e+02;-3.5976835e-02;3.5250000e+02;-7.9727843e-02;3.5250000e+02;-1.2060726e-01;3.5250000e+02;-1.6527086e-01;3.5250000e+02;-7.9203933e-02;3.5250000e+02;-7.4327365e-02;3.5250000e+02;-4.3166976e-02;3.5250000e+02;1.4504753e-03;3.5250000e+02;6.0297452e-02;3.5250000e+02;1.3262030e-01;3.5250000e+02;1.8350184e-01;3.5250000e+02;2.0934868e-01;3.5250000e+02;1.9869186e-01;3.5250000e+02;2.1437706e-01;3.5250000e+02;1.6776836e-01;3.5250000e+02;1.0922989e-01;3.5250000e+02;5.5686846e-02;3.5250000e+02;8.4208921e-03;3.5250000e+02;-3.5976835e-02;3.5250000e+02;-7.9727843e-02;3.5250000e+02;-1.2060726e-01;3.5250000e+02;-1.6527086e-01;3.5250000e+02;-7.9203933e-02;3.5250000e+02;-7.4327365e-02;3.5250000e+02;-4.3166976e-02;3.5250000e+02;1.4504753e-03;3.5250000e+02;6.0297452e-02;3.5250000e+02;1.3262030e-01;3.5250000e+02;1.8350184e-01;3.5250000e+02;2.0934868e-01;3.5250000e+02;1.9869186e-01;3.5250000e+02;2.1437706e-01;3.5250000e+02;1.6776836e-01;3.5250000e+02;1.0922989e-01;3.5250000e+02;5.5686846e-02;3.5250000e+02;8.4208921e-03;3.5250000e+02;-3.5976835e-02;3.5250000e+02;-7.9727843e-02;3.5250000e+02;-1.2060726e-01;3.5250000e+02;-1.6527086e-01;3.5250000e+02;-7.9203933e-02;3.5250000e+02;-7.4327365e-02;3.5250000e+02;-4.3166976e-02;3.5250000e+02;1.4504753e-03;3.5250000e+02;6.0297452e-02;3.5250000e+02;1.3262030e-01;3.5250000e+02;1.8350184e-01;3.5250000e+02;2.0934868e-01;3.5250000e+02;1.9869186e-01;3.5250000e+02;2.1437706e-01;3.5250000e+02;1.6776836e-01;3.5250000e+02;1.0922989e-01;3.5250000e+02;5.5686846e-02;3.5250000e+02;8.4208921e-03;3.5250000e+02;-3.5976835e-02;3.5250000e+02;-7.9727843e-02;3.5250000e+02;-1.2060726e-01;3.5250000e+02;-1.6527086e-01;3.5250000e+02;-7.9203933e-02;3.5250000e+02;-7.4327365e-02;3.5250000e+02;-4.3166976e-02;3.5250000e+02;1.4504753e-03;3.5250000e+02;6.0297452e-02;3.5250000e+02;1.3262030e-01;3.5250000e+02;1.8350184e-01;3.5250000e+02;2.0934868e-01;3.5250000e+02;1.9869186e-01;3.5250000e+02;2.1437706e-01;3.5250000e+02;1.6776836e-01;3.5250000e+02;1.0922989e-01;3.5250000e+02;5.5686846e-02;3.5250000e+02;8.4208921e-03;3.5250000e+02;-3.5976835e-02;3.5250000e+02;-7.9727843e-02;3.5250000e+02;-1.2060726e-01;3.5250000e+02;-1.6527086e-01;3.5250000e+02;-7.9203933e-02;3.5250000e+02;-7.4327365e-02;3.5250000e+02;-4.3166976e-02;3.5250000e+02;1.4504753e-03;3.5250000e+02;6.0297452e-02;3.5250000e+02;1.3262030e-01;3.5250000e+02;1.8350184e-01;3.5250000e+02;2.0934868e-01;3.5250000e+02;1.9869186e-01;3.5250000e+02;2.1437706e-01;3.5250000e+02;1.6776836e-01;3.5250000e+02;1.0922989e-01;3.5250000e+02;5.5686846e-02;3.5250000e+02;8.4208921e-03;3.5250000e+02;-3.5976835e-02;3.5250000e+02;-7.9727843e-02;3.5250000e+02;-1.2060726e-01;3.5250000e+02;-1.6527086e-01;3.5250000e+02;-7.9203933e-02;3.5250000e+02;-7.4327365e-02;3.5250000e+02;-4.3166976e-02;3.5250000e+02;1.4504753e-03;3.5250000e+02;6.0297452e-02;3.5250000e+02;1.3262030e-01;3.5250000e+02;1.8350184e-01;3.5250000e+02;2.0934868e-01;3.5250000e+02;1.9869186e-01;3.5250000e+02;2.1437706e-01;3.5250000e+02;1.6776836e-01;3.5250000e+02;1.0922989e-01;3.5250000e+02;5.5686846e-02;3.5250000e+02;8.4208921e-03;3.5250000e+02;-3.5976835e-02;3.5250000e+02;-7.9727843e-02;3.5250000e+02;-1.2060726e-01;3.5250000e+02;-1.6527086e-01;3.5250000e+02;-7.9203933e-02;3.5250000e+02;-7.4327365e-02;3.5250000e+02;-4.3166976e-02;3.5250000e+02;1.4504753e-03;3.5250000e+02;6.0297452e-02;3.5250000e+02;1.3262030e-01;3.5250000e+02;1.8350184e-01;3.5250000e+02;2.0934868e-01;3.5250000e+02;1.9869186e-01;3.5250000e+02;2.1437706e-01;3.5250000e+02;1.6776836e-01;3.5250000e+02;1.0922989e-01;3.5250000e+02;5.5686846e-02;3.5250000e+02;8.4208921e-03;3.5250000e+02;-3.5976835e-02;3.5250000e+02;-7.9727843e-02;3.5250000e+02;-1.2060726e-01;3.5250000e+02;-1.6527086e-01;3.5250000e+02;-7.9203933e-02;3.5250000e+02;-7.4327365e-02;3.5250000e+02;-4.3166976e-02;3.5250000e+02;1.4504753e-03;3.5250000e+02;6.0297452e-02;3.5250000e+02;1.3262030e-01;3.5250000e+02;1.8350184e-01;3.5250000e+02;2.0934868e-01;3.5250000e+02;1.9869186e-01;3.5250000e+02;2.1437706e-01;3.5250000e+02;1.6776836e-01;3.5250000e+02;1.0922989e-01;3.5250000e+02;5.5686846e-02;3.5250000e+02;8.4208921e-03;3.5250000e+02;-3.5976835e-02;3.5250000e+02;-7.9727843e-02;3.5250000e+02;-1.2060726e-01;3.5250000e+02;-1.6527086e-01;3.5250000e+02;-7.9203933e-02;3.5250000e+02;-7.4327365e-02;3.5250000e+02;-4.3166976e-02;3.5250000e+02;1.4504753e-03;3.5250000e+02;6.0297452e-02;3.5250000e+02;1.3262030e-01;3.5250000e+02;1.8350184e-01;3.5250000e+02;2.0934868e-01;3.5250000e+02;1.9869186e-01;3.5250000e+02;2.1437706e-01;3.5250000e+02;1.6776836e-01;3.5250000e+02;1.0922989e-01;3.5250000e+02;5.5686846e-02;3.5250000e+02;8.4208921e-03;3.5250000e+02;-3.5976835e-02;3.5250000e+02;-7.9727843e-02;3.5250000e+02;-1.2060726e-01;3.5250000e+02;-1.6527086e-01;3.5250000e+02;-7.9203933e-02;3.5250000e+02;-7.4327365e-02;3.5250000e+02;-4.3166976e-02;3.5250000e+02;1.4504753e-03;3.5250000e+02;6.0297452e-02;3.5250000e+02;1.3262030e-01;3.5250000e+02;1.8350184e-01;3.5250000e+02;2.0934868e-01;3.5250000e+02;1.9869186e-01;3.5250000e+02;2.1437706e-01;3.5250000e+02;1.6776836e-01;3.5250000e+02;1.0922989e-01;3.5250000e+02;5.5686846e-02;3.5250000e+02;8.4208921e-03;3.5250000e+02;-3.5976835e-02;3.5250000e+02;-7.9727843e-02;3.5250000e+02;-1.2060726e-01;3.5250000e+02;-1.6527086e-01;3.5250000e+02;-7.9203933e-02;3.5250000e+02;-7.4327365e-02;3.5250000e+02;-4.3166976e-02;3.5250000e+02;1.4504753e-03;3.5250000e+02;6.0297452e-02;3.5250000e+02;1.3262030e-01;3.5250000e+02;1.8350184e-01;3.5250000e+02;2.0934868e-01;3.5250000e+02;1.9869186e-01;3.5250000e+02;2.1437706e-01;3.5250000e+02;1.6776836e-01;3.5250000e+02;1.0922989e-01;3.5250000e+02;5.5686846e-02;3.5250000e+02;8.4208921e-03;3.5250000e+02;-3.5976835e-02;3.5250000e+02;-7.9727843e-02;3.5250000e+02;-1.2060726e-01;3.5250000e+02;-1.6527086e-01;3.5250000e+02;-7.9203933e-02;3.5250000e+02;-7.4327365e-02;3.5250000e+02;-4.3166976e-02;3.5250000e+02;1.4504753e-03;3.5250000e+02;6.0297452e-02;3.5250000e+02;1.3262030e-01;3.5250000e+02;1.8350184e-01;3.5250000e+02;2.0934868e-01;3.5250000e+02;1.9869186e-01;3.5250000e+02;2.1437706e-01;3.5250000e+02;1.6776836e-01;3.5250000e+02;1.0922989e-01;3.5250000e+02;5.5686846e-02;3.5250000e+02;8.4208921e-03;3.5250000e+02;-3.5976835e-02;3.5250000e+02;-7.9727843e-02;3.5250000e+02;-1.2060726e-01;3.5250000e+02;-1.6527086e-01;3.5250000e+02;-7.9203933e-02;3.5250000e+02;-7.4327365e-02;3.5250000e+02;-4.3166976e-02;3.5250000e+02;1.4504753e-03;3.5250000e+02;6.0297452e-02;3.5250000e+02;1.3262030e-01;3.5250000e+02;1.8350184e-01;3.5250000e+02;2.0934868e-01;3.5250000e+02;1.9869186e-01;3.5250000e+02;2.1437706e-01;3.5250000e+02;1.6776836e-01;3.5250000e+02;1.0922989e-01;3.5250000e+02;5.5686846e-02;3.5250000e+02;8.4208921e-03;3.5250000e+02;-3.5976835e-02;3.5250000e+02;-7.9727843e-02;3.5250000e+02;-1.2060726e-01;3.5250000e+02;-1.6527086e-01;3.5250000e+02;-7.9203933e-02;3.5250000e+02;-7.4327365e-02;3.5250000e+02;-4.3166976e-02;3.5250000e+02;1.4504753e-03;3.5250000e+02;6.0297452e-02;3.5250000e+02;1.3262030e-01;3.5250000e+02;1.8350184e-01;3.5250000e+02;2.0934868e-01;3.5250000e+02;1.9869186e-01;3.5250000e+02;2.1437706e-01;3.5250000e+02;1.6776836e-01;3.5250000e+02;1.0922989e-01;3.5250000e+02;5.5686846e-02;3.5250000e+02;8.4208921e-03;3.5250000e+02;-3.5976835e-02;3.5250000e+02;-7.9727843e-02;3.5250000e+02;-1.2060726e-01;3.5250000e+02;-1.6527086e-01;3.5250000e+02;-7.9203933e-02;3.5250000e+02;-7.4327365e-02;3.5250000e+02;-4.3166976e-02;3.5250000e+02;1.4504753e-03;3.5250000e+02;6.0297452e-02;3.5250000e+02;1.3262030e-01;3.5250000e+02;1.8350184e-01;3.5250000e+02;2.0934868e-01;3.5250000e+02;1.9869186e-01;3.5250000e+02;2.1437706e-01;3.5250000e+02;1.6776836e-01;3.5250000e+02;1.0922989e-01;3.5250000e+02;5.5686846e-02;3.5250000e+02;8.4208921e-03;3.5250000e+02;-3.5976835e-02;3.5250000e+02;-7.9727843e-02;3.5250000e+02;-1.2060726e-01;3.5250000e+02;-1.6527086e-01;3.5250000e+02;-7.9203933e-02;3.5250000e+02;-7.4327365e-02;3.5250000e+02;-4.3166976e-02;3.5250000e+02;1.4504753e-03;3.5250000e+02;6.0297452e-02;3.5250000e+02;1.3262030e-01;3.5250000e+02;1.8350184e-01;3.5250000e+02;2.0934868e-01;3.5250000e+02;1.9869186e-01;3.5250000e+02;2.1437706e-01;3.5250000e+02;1.6776836e-01;3.5250000e+02;1.0922989e-01;3.5250000e+02;5.5686846e-02;3.5250000e+02;8.4208921e-03;3.5250000e+02;-3.5976835e-02;3.5250000e+02;-7.9727843e-02;3.5250000e+02;-1.2060726e-01;3.5250000e+02;-1.6527086e-01;3.5250000e+02;-7.9203933e-02;3.5250000e+02;-7.4327365e-02;3.5250000e+02;-4.3166976e-02;3.5250000e+02;1.4504753e-03;3.5250000e+02;6.0297452e-02;3.5250000e+02;1.3262030e-01;3.5250000e+02;1.8350184e-01;3.5250000e+02;2.0934868e-01;3.5250000e+02;1.9869186e-01;3.5250000e+02;2.1437706e-01;3.5250000e+02;1.6776836e-01;3.5250000e+02;1.0922989e-01;3.5250000e+02;5.5686846e-02;3.5250000e+02;8.4208921e-03;3.5250000e+02;-3.5976835e-02;3.5250000e+02;-7.9727843e-02;3.5250000e+02;-1.2060726e-01;3.5250000e+02;-1.6527086e-01;3.5250000e+02;-7.9203933e-02;3.5250000e+02;-7.4327365e-02;3.5250000e+02;-4.3166976e-02;3.5250000e+02;1.4504753e-03;3.5250000e+02;6.0297452e-02;3.5250000e+02;1.3262030e-01;3.5250000e+02;1.8350184e-01;3.5250000e+02;2.0934868e-01;3.5250000e+02;1.9869186e-01;3.5250000e+02;2.1437706e-01;3.5250000e+02;1.6776836e-01;3.5250000e+02;1.0922989e-01;3.5250000e+02;5.5686846e-02;3.5250000e+02;8.4208921e-03;3.5250000e+02;-3.5976835e-02;3.5250000e+02;-7.9727843e-02;3.5250000e+02;-1.2060726e-01;3.5250000e+02;-1.6527086e-01;3.5250000e+02;-7.9203933e-02;3.5250000e+02;-7.4327365e-02;3.5250000e+02;-4.3166976e-02;3.5250000e+02;1.4504753e-03;3.5250000e+02;6.0297452e-02;3.5250000e+02;1.3262030e-01;3.5250000e+02;1.8350184e-01;3.5250000e+02;2.0934868e-01;3.5250000e+02;1.9869186e-01;3.5250000e+02;2.1437706e-01;3.5250000e+02;1.6776836e-01;3.5250000e+02;1.0922989e-01;3.5250000e+02;5.5686846e-02;3.5250000e+02;8.4208921e-03;3.5250000e+02;-3.5976835e-02;3.5250000e+02;-7.9727843e-02;3.5250000e+02;-1.2060726e-01;3.5250000e+02;-1.6527086e-01;3.5250000e+02;-7.9203933e-02;3.5250000e+02;-7.4327365e-02;3.5250000e+02;-4.3166976e-02;3.5250000e+02;1.4504753e-03;3.5250000e+02;6.0297452e-02;3.5250000e+02;1.3262030e-01;3.5250000e+02;1.8350184e-01;3.5250000e+02;2.0934868e-01;3.5250000e+02;1.9869186e-01;3.5250000e+02;2.1437706e-01;3.5250000e+02;1.6776836e-01;3.5250000e+02;1.0922989e-01;3.5250000e+02;5.5686846e-02;3.5250000e+02;8.4208921e-03;3.5250000e+02;-3.5976835e-02;3.5250000e+02;-7.9727843e-02;3.5250000e+02;-1.2060726e-01;3.5250000e+02;-1.6527086e-01;3.5250000e+02;-7.9203933e-02;3.5250000e+02;-7.4327365e-02;3.5250000e+02;-4.3166976e-02;3.5250000e+02;1.4504753e-03;3.5250000e+02;6.0297452e-02;3.5250000e+02;1.3262030e-01;3.5250000e+02;1.8350184e-01;3.5250000e+02;2.0934868e-01;3.5250000e+02;1.9869186e-01;3.5250000e+02;2.1437706e-01;3.5250000e+02;1.6776836e-01;3.5250000e+02;1.0922989e-01;3.5250000e+02;5.5686846e-02;3.5250000e+02;8.4208921e-03;3.5250000e+02;-3.5976835e-02;3.5250000e+02;-7.9727843e-02;3.5250000e+02;-1.2060726e-01;3.5250000e+02;-1.6527086e-01;3.5250000e+02;-7.9203933e-02;3.5250000e+02;-7.4327365e-02;3.5250000e+02;-4.3166976e-02;3.5250000e+02;1.4504753e-03;3.5250000e+02;6.0297452e-02;3.5250000e+02;1.3262030e-01;3.5250000e+02;1.8350184e-01;3.5250000e+02;2.0934868e-01;3.5250000e+02;1.9869186e-01;3.5250000e+02;2.1437706e-01;3.5250000e+02;1.6776836e-01;3.5250000e+02;1.0922989e-01;3.5250000e+02;5.5686846e-02;3.5250000e+02;8.4208921e-03;3.5250000e+02;-3.5976835e-02;3.5250000e+02;-7.9727843e-02;3.5250000e+02;-1.2060726e-01;3.5250000e+02;-1.6527086e-01;3.5250000e+02;-7.9203933e-02;3.5250000e+02;-7.4327365e-02;3.5250000e+02;-4.3166976e-02;3.5250000e+02;1.4504753e-03;3.5250000e+02;6.0297452e-02;3.5250000e+02;1.3262030e-01;3.5250000e+02;1.8350184e-01;3.5250000e+02;2.0934868e-01;3.5250000e+02;1.9869186e-01;3.5250000e+02;2.1437706e-01;3.5250000e+02;1.6776836e-01;3.5250000e+02;1.0922989e-01;3.5250000e+02;5.5686846e-02;3.5250000e+02;8.4208921e-03;3.5250000e+02;-3.5976835e-02;3.5250000e+02;-7.9727843e-02;3.5250000e+02;-1.2060726e-01;3.5250000e+02;-1.6527086e-01;3.5250000e+02;-7.9203933e-02;3.5250000e+02;-7.4327365e-02;3.5250000e+02;-4.3166976e-02;3.5250000e+02;1.4504753e-03;3.5250000e+02;6.0297452e-02;3.5250000e+02;1.3262030e-01;3.5250000e+02;1.8350184e-01;3.5250000e+02;2.0934868e-01;3.5250000e+02;1.9869186e-01;3.5250000e+02;2.1437706e-01;3.5250000e+02;1.6776836e-01;3.5250000e+02;1.0922989e-01;3.5250000e+02;5.5686846e-02;3.5250000e+02;8.4208921e-03;3.5250000e+02;-3.5976835e-02;3.5250000e+02;-7.9727843e-02;3.5250000e+02;-1.2060726e-01;3.5250000e+02;-1.6527086e-01;3.5250000e+02;-7.9203933e-02;3.5250000e+02;-7.4327365e-02;3.5250000e+02;-4.3166976e-02;3.5250000e+02;1.4504753e-03;3.5250000e+02;6.0297452e-02;3.5250000e+02;1.3262030e-01;3.5250000e+02;1.8350184e-01;3.5250000e+02;2.0934868e-01;3.5250000e+02;1.9869186e-01;3.5250000e+02;2.1437706e-01;3.5250000e+02;1.6776836e-01;3.5250000e+02;1.0922989e-01;3.5250000e+02;5.5686846e-02;3.5250000e+02;8.4208921e-03;3.5250000e+02;-3.5976835e-02;3.5250000e+02;-7.9727843e-02;3.5250000e+02;-1.2060726e-01;3.5250000e+02;-1.6527086e-01;3.5250000e+02;-7.9203933e-02;3.5250000e+02;-7.4327365e-02;3.5250000e+02;-4.3166976e-02;3.5250000e+02;1.4504753e-03;3.5250000e+02;6.0297452e-02;3.5250000e+02;1.3262030e-01;3.5250000e+02;1.8350184e-01;3.5250000e+02;2.0934868e-01;3.5250000e+02;1.9869186e-01;3.5250000e+02;2.1437706e-01;3.5250000e+02;1.6776836e-01;3.5250000e+02;1.0922989e-01;3.5250000e+02;5.5686846e-02;3.5250000e+02;8.4208921e-03;3.5250000e+02;-3.5976835e-02;3.5250000e+02;-7.9727843e-02;3.5250000e+02;-1.2060726e-01;3.5250000e+02;-1.6527086e-01;3.5250000e+02;-7.9203933e-02;3.5250000e+02;-7.4327365e-02;3.5250000e+02;-4.3166976e-02;3.5250000e+02;1.4504753e-03;3.5250000e+02;6.0297452e-02;3.5250000e+02;1.3262030e-01;3.5250000e+02;1.8350184e-01;3.5250000e+02;2.0934868e-01;3.5250000e+02;1.9869186e-01;3.5250000e+02;2.1437706e-01;3.5250000e+02;1.6776836e-01;3.5250000e+02;1.0922989e-01;3.5250000e+02;5.5686846e-02;3.5250000e+02;8.4208921e-03;3.5250000e+02;-3.5976835e-02;3.5250000e+02;-7.9727843e-02;3.5250000e+02;-1.2060726e-01;3.5250000e+02;-1.6527086e-01;3.5250000e+02;-7.9203933e-02;3.5250000e+02;-7.4327365e-02;3.5250000e+02;-4.3166976e-02;3.5250000e+02;1.4504753e-03;3.5250000e+02;6.0297452e-02;3.5250000e+02;1.3262030e-01;3.5250000e+02;1.8350184e-01;3.5250000e+02;2.0934868e-01;3.5250000e+02;1.9869186e-01;3.5250000e+02;2.1437706e-01;3.5250000e+02;1.6776836e-01;3.5250000e+02;1.0922989e-01;3.5250000e+02;5.5686846e-02;3.5250000e+02;8.4208921e-03;3.5250000e+02;-3.5976835e-02;3.5250000e+02;-7.9727843e-02;3.5250000e+02;-1.2060726e-01;3.5250000e+02;-1.6527086e-01;3.5250000e+02;-7.9203933e-02;3.5250000e+02;-7.4327365e-02;3.5250000e+02;-4.3166976e-02;3.5250000e+02;1.4504753e-03;3.5250000e+02;6.0297452e-02;3.5250000e+02;1.3262030e-01;3.5250000e+02;1.8350184e-01;3.5250000e+02;2.0934868e-01;3.5250000e+02;1.9869186e-01;3.5250000e+02;2.1437706e-01;3.5250000e+02;1.6776836e-01;3.5250000e+02;1.0922989e-01;3.5250000e+02;5.5686846e-02;3.5250000e+02;8.4208921e-03;3.5250000e+02;-3.5976835e-02;3.5250000e+02;-7.9727843e-02;3.5250000e+02;-1.2060726e-01;3.5250000e+02;-1.6527086e-01;3.5250000e+02;-7.9203933e-02;3.5250000e+02;-7.4327365e-02;3.5250000e+02;-4.3166976e-02;3.5250000e+02;1.4504753e-03;3.5250000e+02;6.0297452e-02;3.5250000e+02;1.3262030e-01;3.5250000e+02;1.8350184e-01;3.5250000e+02;2.0934868e-01;3.5250000e+02;1.9869186e-01;3.5250000e+02;2.1437706e-01;3.5250000e+02;1.6776836e-01;3.5250000e+02;1.0922989e-01;3.5250000e+02;5.5686846e-02;3.5250000e+02;8.4208921e-03;3.5250000e+02;-3.5976835e-02;3.5250000e+02;-7.9727843e-02;3.5250000e+02;-1.2060726e-01;3.5250000e+02;-1.6527086e-01;3.5250000e+02;-7.9203933e-02;3.5250000e+02;-7.4327365e-02;3.5250000e+02;-4.3166976e-02;3.5250000e+02;1.4504753e-03;3.5250000e+02;6.0297452e-02;3.5250000e+02;1.3262030e-01;3.5250000e+02;1.8350184e-01;3.5250000e+02;2.0934868e-01;3.5250000e+02;1.9869186e-01;3.5250000e+02;2.1437706e-01;3.5250000e+02;1.6776836e-01;3.5250000e+02;1.0922989e-01;3.5250000e+02;5.5686846e-02;3.5250000e+02;8.4208921e-03;3.5250000e+02;-3.5976835e-02;3.5250000e+02;-7.9727843e-02;3.5250000e+02;-1.2060726e-01;3.5250000e+02;-1.6527086e-01;3.5250000e+02;-7.9203933e-02;3.5250000e+02;-7.4327365e-02;3.5250000e+02;-4.3166976e-02;3.5250000e+02;1.4504753e-03;3.5250000e+02;6.0297452e-02;3.5250000e+02;1.3262030e-01;3.5250000e+02;1.8350184e-01;3.5250000e+02;2.0934868e-01;3.5250000e+02;1.9869186e-01;3.5250000e+02;2.1437706e-01;3.5250000e+02;1.6776836e-01;3.5250000e+02;1.0922989e-01;3.5250000e+02;5.5686846e-02;3.5250000e+02;8.4208921e-03;3.5250000e+02;-3.5976835e-02;3.5250000e+02;-7.9727843e-02;3.5250000e+02;-1.2060726e-01;3.5250000e+02;-1.6527086e-01;3.5250000e+02;-7.9203933e-02;3.5250000e+02;-7.4327365e-02;3.5250000e+02;-4.3166976e-02;3.5250000e+02;1.4504753e-03;3.5250000e+02;6.0297452e-02;3.5250000e+02;1.3262030e-01;3.5250000e+02;1.8350184e-01;3.5250000e+02;2.0934868e-01;3.5250000e+02;1.9869186e-01;3.5250000e+02;2.1437706e-01;3.5250000e+02;1.6776836e-01;3.5250000e+02;1.0922989e-01;3.5250000e+02;5.5686846e-02;3.5250000e+02;8.4208921e-03;3.5250000e+02;-3.5976835e-02;3.5250000e+02;-7.9727843e-02;3.5250000e+02;-1.2060726e-01;3.5250000e+02;-1.6527086e-01;3.5250000e+02;-7.9203933e-02;3.5250000e+02;-7.4327365e-02;3.5250000e+02;-4.3166976e-02;3.5250000e+02;1.4504753e-03;3.5250000e+02;6.0297452e-02;3.5250000e+02;1.3262030e-01;3.5250000e+02;1.8350184e-01;3.5250000e+02;2.0934868e-01;3.5250000e+02;1.9869186e-01;3.5250000e+02;2.1437706e-01;3.5250000e+02;1.6776836e-01;3.5250000e+02;1.0922989e-01;3.5250000e+02;5.5686846e-02;3.5250000e+02;8.4208921e-03;3.5250000e+02;-3.5976835e-02;3.5250000e+02;-7.9727843e-02;3.5250000e+02;-1.2060726e-01;3.5250000e+02;-1.6527086e-01;3.5250000e+02;-7.9203933e-02;3.5250000e+02;-7.4327365e-02;3.5250000e+02;-4.3166976e-02;3.5250000e+02;1.4504753e-03;3.5250000e+02;6.0297452e-02;3.5250000e+02;1.3262030e-01;3.5250000e+02;1.8350184e-01;3.5250000e+02;2.0934868e-01;3.5250000e+02;1.9869186e-01;3.5250000e+02;2.1437706e-01;3.5250000e+02;1.6776836e-01;3.5250000e+02;1.0922989e-01;3.5250000e+02;5.5686846e-02;3.5250000e+02;8.4208921e-03;3.5250000e+02;-3.5976835e-02;3.5250000e+02;-7.9727843e-02;3.5250000e+02;-1.2060726e-01;3.5250000e+02;-1.6527086e-01;3.5250000e+02;-7.9203933e-02;3.5250000e+02;-7.4327365e-02;3.5250000e+02;-4.3166976e-02;3.5250000e+02;1.4504753e-03;3.5250000e+02;6.0297452e-02;3.5250000e+02;1.3262030e-01;3.5250000e+02;1.8350184e-01;3.5250000e+02;2.0934868e-01;3.5250000e+02;1.9869186e-01;3.5250000e+02;2.1437706e-01;3.5250000e+02;1.6776836e-01;3.5250000e+02;1.0922989e-01;3.5250000e+02;5.5686846e-02;3.5250000e+02;8.4208921e-03;3.5250000e+02;-3.5976835e-02;3.5250000e+02;-7.9727843e-02;3.5250000e+02;-1.2060726e-01;3.5250000e+02;-1.6527086e-01;3.5250000e+02;-7.9203933e-02;3.5250000e+02;-7.4327365e-02;3.5250000e+02;-4.3166976e-02;3.5250000e+02;1.4504753e-03;3.5250000e+02;6.0297452e-02;3.5250000e+02;1.3262030e-01;3.5250000e+02;1.8350184e-01;3.5250000e+02;2.0934868e-01;3.5250000e+02;1.9869186e-01;3.5250000e+02;2.1437706e-01;3.5250000e+02;1.6776836e-01;3.5250000e+02;1.0922989e-01;3.5250000e+02;5.5686846e-02;3.5250000e+02;8.4208921e-03;3.5250000e+02;-3.5976835e-02;3.5250000e+02;-7.9727843e-02;3.5250000e+02;-1.2060726e-01;3.5250000e+02;-1.6527086e-01;3.5250000e+02;-7.9203933e-02;3.5250000e+02;-7.4327365e-02;3.5250000e+02;-4.3166976e-02;3.5250000e+02;1.4504753e-03;3.5250000e+02;6.0297452e-02;3.5250000e+02;1.3262030e-01;3.5250000e+02;1.8350184e-01;3.5250000e+02;2.0934868e-01;3.5250000e+02;1.9869186e-01;3.5250000e+02;2.1437706e-01;3.5250000e+02;1.6776836e-01;3.5250000e+02;1.0922989e-01;3.5250000e+02;5.5686846e-02;3.5250000e+02;8.4208921e-03;3.5250000e+02;-3.5976835e-02;3.5250000e+02;-7.9727843e-02;3.5250000e+02;-1.2060726e-01;3.5250000e+02;-1.6527086e-01;3.5250000e+02;-7.9203933e-02;3.5250000e+02;-7.4327365e-02;3.5250000e+02;-4.3166976e-02;3.5250000e+02;1.4504753e-03;3.5250000e+02;6.0297452e-02;3.5250000e+02;1.3262030e-01;3.5250000e+02;1.8350184e-01;3.5250000e+02;2.0934868e-01;3.5250000e+02;1.9869186e-01;3.5250000e+02;2.1437706e-01;3.5250000e+02;1.6776836e-01;3.5250000e+02;1.0922989e-01;3.5250000e+02;5.5686846e-02;3.5250000e+02;8.4208921e-03;3.5250000e+02;-3.5976835e-02;3.5250000e+02;-7.9727843e-02;3.5250000e+02;-1.2060726e-01;3.5250000e+02;-1.6527086e-01;3.5250000e+02;-7.9203933e-02;3.5250000e+02;-7.4327365e-02;3.5250000e+02;-4.3166976e-02;3.5250000e+02;1.4504753e-03;3.5250000e+02;6.0297452e-02;3.5250000e+02;1.3262030e-01;3.5250000e+02;1.8350184e-01;3.5250000e+02;2.0934868e-01;3.5250000e+02;1.9869186e-01;3.5250000e+02;2.1437706e-01;3.5250000e+02;1.6776836e-01;3.5250000e+02;1.0922989e-01;3.5250000e+02;5.5686846e-02;3.5250000e+02;8.4208921e-03;3.5250000e+02;-3.5976835e-02;3.5250000e+02;-7.9727843e-02;3.5250000e+02;-1.2060726e-01;3.5250000e+02;-1.6527086e-01;3.5250000e+02;-7.9203933e-02;3.5250000e+02;-7.4327365e-02;3.5250000e+02;-4.3166976e-02;3.5250000e+02;1.4504753e-03;3.5250000e+02;6.0297452e-02;3.5250000e+02;1.3262030e-01;3.5250000e+02;1.8350184e-01;3.5250000e+02;2.0934868e-01;3.5250000e+02;1.9869186e-01;3.5250000e+02;2.1437706e-01;3.5250000e+02;1.6776836e-01;3.5250000e+02;1.0922989e-01;3.5250000e+02;5.5686846e-02;3.5250000e+02;8.4208921e-03;3.5250000e+02;-3.5976835e-02;3.5250000e+02;-7.9727843e-02;3.5250000e+02;-1.2060726e-01;3.5250000e+02;-1.6527086e-01;3.5250000e+02;-7.9203933e-02;3.5250000e+02;-7.4327365e-02;3.5250000e+02;-4.3166976e-02;3.5250000e+02;1.4504753e-03;3.5250000e+02;6.0297452e-02;3.5250000e+02;1.3262030e-01;3.5250000e+02;1.8350184e-01;3.5250000e+02;2.0934868e-01;3.5250000e+02;1.9869186e-01;3.5250000e+02;2.1437706e-01;3.5250000e+02;1.6776836e-01;3.5250000e+02;1.0922989e-01;3.5250000e+02;5.5686846e-02;3.5250000e+02;8.4208921e-03;3.5250000e+02;-3.5976835e-02;3.5250000e+02;-7.9727843e-02;3.5250000e+02;-1.2060726e-01;3.5250000e+02;-1.6527086e-01;3.5250000e+02;-7.9203933e-02;3.5250000e+02;-7.4327365e-02;3.5250000e+02;-4.3166976e-02;3.5250000e+02;1.4504753e-03;3.5250000e+02;6.0297452e-02;3.5250000e+02;1.3262030e-01;3.5250000e+02;1.8350184e-01;3.5250000e+02;2.0934868e-01;3.5250000e+02;1.9869186e-01;3.5250000e+02;2.1437706e-01;3.5250000e+02;1.6776836e-01;3.5250000e+02;1.0922989e-01;3.5250000e+02;5.5686846e-02;3.5250000e+02;8.4208921e-03;3.5250000e+02;-3.5976835e-02;3.5250000e+02;-7.9727843e-02;3.5250000e+02;-1.2060726e-01;3.5250000e+02;-1.6527086e-01;3.5250000e+02;-7.9203933e-02;3.5250000e+02;-7.4327365e-02;3.5250000e+02;-4.3166976e-02;3.5250000e+02;1.4504753e-03;3.5250000e+02;6.0297452e-02;3.5250000e+02;1.3262030e-01;3.5250000e+02;1.8350184e-01;3.5250000e+02;2.0934868e-01;3.5250000e+02;1.9869186e-01;3.5250000e+02;2.1437706e-01;3.5250000e+02;1.6776836e-01;3.5250000e+02;1.0922989e-01;3.5250000e+02;5.5686846e-02;3.5250000e+02;8.4208921e-03;3.5250000e+02;-3.5976835e-02;3.5250000e+02;-7.9727843e-02;3.5250000e+02;-1.2060726e-01;3.5250000e+02;-1.6527086e-01;3.5250000e+02;-7.9203933e-02;3.5250000e+02;-7.4327365e-02;3.5250000e+02;-4.3166976e-02;3.5250000e+02;1.4504753e-03;3.5250000e+02;6.0297452e-02;3.5250000e+02;1.3262030e-01;3.5250000e+02;1.8350184e-01;3.5250000e+02;2.0934868e-01;3.5250000e+02;1.9869186e-01;3.5250000e+02;2.1437706e-01;3.5250000e+02;1.6776836e-01;3.5250000e+02;1.0922989e-01;3.5250000e+02;5.5686846e-02;3.5250000e+02;8.4208921e-03;3.5250000e+02;-3.5976835e-02;3.5250000e+02;-7.9727843e-02;3.5250000e+02;-1.2060726e-01;3.5250000e+02;-1.6527086e-01;3.5250000e+02;-7.9203933e-02;3.5250000e+02;-7.4327365e-02;3.5250000e+02;-4.3166976e-02;3.5250000e+02;1.4504753e-03;3.5250000e+02;6.0297452e-02;3.5250000e+02;1.3262030e-01;3.5250000e+02;1.8350184e-01;3.5250000e+02;2.0934868e-01;3.5250000e+02;1.9869186e-01;3.5250000e+02;2.1437706e-01;3.5250000e+02;1.6776836e-01;3.5250000e+02;1.0922989e-01;3.5250000e+02;5.5686846e-02;3.5250000e+02;8.4208921e-03;3.5250000e+02;-3.5976835e-02;3.5250000e+02;-7.9727843e-02;3.5250000e+02;-1.2060726e-01;3.5250000e+02;-1.6527086e-01;3.5250000e+02;-7.9203933e-02;3.5250000e+02;-7.4327365e-02;3.5250000e+02;-4.3166976e-02;3.5250000e+02;1.4504753e-03;3.5250000e+02;6.0297452e-02;3.5250000e+02;1.3262030e-01;3.5250000e+02;1.8350184e-01;3.5250000e+02;2.0934868e-01;3.5250000e+02;1.9869186e-01;3.5250000e+02;2.1437706e-01;3.5250000e+02;1.6776836e-01;3.5250000e+02;1.0922989e-01;3.5250000e+02;5.5686846e-02;3.5250000e+02;8.4208921e-03;3.5250000e+02;-3.5976835e-02;3.5250000e+02;-7.9727843e-02;3.5250000e+02;-1.2060726e-01;3.5250000e+02;-1.6527086e-01;3.5250000e+02;-7.9203933e-02;3.5250000e+02;-7.4327365e-02;3.5250000e+02;-4.3166976e-02;3.5250000e+02;1.4504753e-03;3.5250000e+02;6.0297452e-02;3.5250000e+02;1.3262030e-01;3.5250000e+02;1.8350184e-01;3.5250000e+02;2.0934868e-01;3.5250000e+02;1.9869186e-01;3.5250000e+02;2.1437706e-01;3.5250000e+02;1.6776836e-01;3.5250000e+02;1.0922989e-01;3.5250000e+02;5.5686846e-02;3.5250000e+02;8.4208921e-03;3.5250000e+02;-3.5976835e-02;3.5250000e+02;-7.9727843e-02;3.5250000e+02;-1.2060726e-01;3.5250000e+02;-1.6527086e-01;3.5250000e+02;-7.9203933e-02;3.5250000e+02;-7.4327365e-02;3.5250000e+02;-4.3166976e-02;3.5250000e+02;1.4504753e-03;3.5250000e+02;6.0297452e-02;3.5250000e+02;1.3262030e-01;3.5250000e+02;1.8350184e-01;3.5250000e+02;2.0934868e-01;3.5250000e+02;1.9869186e-01;3.5250000e+02;2.1437706e-01;3.5250000e+02;1.6776836e-01;3.5250000e+02;1.0922989e-01;3.5250000e+02;5.5686846e-02;3.5250000e+02;8.4208921e-03;3.5250000e+02;-3.5976835e-02;3.5250000e+02;-7.9727843e-02;3.5250000e+02;-1.2060726e-01;3.5250000e+02;-1.6527086e-01;3.5250000e+02;-7.9203933e-02;3.5250000e+02;-7.4327365e-02;3.5250000e+02;-4.3166976e-02;3.5250000e+02;1.4504753e-03;3.5250000e+02;6.0297452e-02;3.5250000e+02;1.3262030e-01;3.5250000e+02;1.8350184e-01;3.5250000e+02;2.0934868e-01;3.5250000e+02;1.9869186e-01;3.5250000e+02;2.1437706e-01;3.5250000e+02;1.6776836e-01;3.5250000e+02;1.0922989e-01;3.5250000e+02;5.5686846e-02;3.5250000e+02;8.4208921e-03;3.5250000e+02;-3.5976835e-02;3.5250000e+02;-7.9727843e-02;3.5250000e+02;-1.2060726e-01;3.5250000e+02;-1.6527086e-01;3.5250000e+02;-7.9203933e-02;3.5250000e+02;-7.4327365e-02;3.5250000e+02;-4.3166976e-02;3.5250000e+02;1.4504753e-03;3.5250000e+02;6.0297452e-02;3.5250000e+02;1.3262030e-01;3.5250000e+02;1.8350184e-01;3.5250000e+02;2.0934868e-01;3.5250000e+02;1.9869186e-01;3.5250000e+02;2.1437706e-01;3.5250000e+02;1.6776836e-01;3.5250000e+02;1.0922989e-01;3.5250000e+02;5.5686846e-02;3.5250000e+02;8.4208921e-03;3.5250000e+02;-3.5976835e-02;3.5250000e+02;-7.9727843e-02;3.5250000e+02;-1.2060726e-01;3.5250000e+02;-1.6527086e-01;3.5250000e+02;-7.9203933e-02;3.5250000e+02;-7.4327365e-02;3.5250000e+02;-4.3166976e-02;3.5250000e+02;1.4504753e-03;3.5250000e+02;6.0297452e-02;3.5250000e+02;1.3262030e-01;3.5250000e+02;1.8350184e-01;3.5250000e+02;2.0934868e-01;3.5250000e+02;1.9869186e-01;3.5250000e+02;2.1437706e-01;3.5250000e+02;1.6776836e-01;3.5250000e+02;1.0922989e-01;3.5250000e+02;5.5686846e-02;3.5250000e+02;8.4208921e-03;3.5250000e+02;-3.5976835e-02;3.5250000e+02;-7.9727843e-02;3.5250000e+02;-1.2060726e-01;3.5250000e+02;-1.6527086e-01;3.5250000e+02;-7.9203933e-02;3.5250000e+02;-7.4327365e-02;3.5250000e+02;-4.3166976e-02;3.5250000e+02;1.4504753e-03;3.5250000e+02;6.0297452e-02;3.5250000e+02;1.3262030e-01;3.5250000e+02;1.8350184e-01;3.5250000e+02;2.0934868e-01;3.5250000e+02;1.9869186e-01;3.5250000e+02;2.1437706e-01;3.5250000e+02;1.6776836e-01;3.5250000e+02;1.0922989e-01;3.5250000e+02;5.5686846e-02;3.5250000e+02;8.4208921e-03;3.5250000e+02;-3.5976835e-02;3.5250000e+02;-7.9727843e-02;3.5250000e+02;-1.2060726e-01;3.5250000e+02;-1.6527086e-01;3.5250000e+02;-7.9203933e-02;3.5250000e+02;-7.4327365e-02;3.5250000e+02;-4.3166976e-02;3.5250000e+02;1.4504753e-03;3.5250000e+02;6.0297452e-02;3.5250000e+02;1.3262030e-01;3.5250000e+02;1.8350184e-01;3.5250000e+02;2.0934868e-01;3.5250000e+02;1.9869186e-01;3.5250000e+02;2.1437706e-01;3.5250000e+02;1.6776836e-01;3.5250000e+02;1.0922989e-01;3.5250000e+02;5.5686846e-02;3.5250000e+02;8.4208921e-03;3.5250000e+02;-3.5976835e-02;3.5250000e+02;-7.9727843e-02;3.5250000e+02;-1.2060726e-01;3.5250000e+02;-1.6527086e-01;3.5250000e+02;-7.9203933e-02;3.5250000e+02;-7.4327365e-02;3.5250000e+02;-4.3166976e-02;3.5250000e+02;1.4504753e-03;3.5250000e+02;6.0297452e-02;3.5250000e+02;1.3262030e-01;3.5250000e+02;1.8350184e-01;3.5250000e+02;2.0934868e-01;3.5250000e+02;1.9869186e-01;3.5250000e+02;2.1437706e-01;3.5250000e+02;1.6776836e-01;3.5250000e+02;1.0922989e-01;3.5250000e+02;5.5686846e-02;3.5250000e+02;8.4208921e-03;3.5250000e+02;-3.5976835e-02;3.5250000e+02;-7.9727843e-02;3.5250000e+02;-1.2060726e-01;3.5250000e+02;-1.6527086e-01;3.5250000e+02;-7.9203933e-02;3.5250000e+02;-7.4327365e-02;3.5250000e+02;-4.3166976e-02;3.5250000e+02;1.4504753e-03;3.5250000e+02;6.0297452e-02;3.5250000e+02;1.3262030e-01;3.5250000e+02;1.8350184e-01;3.5250000e+02;2.0934868e-01;3.5250000e+02;1.9869186e-01;3.5250000e+02;2.1437706e-01;3.5250000e+02;1.6776836e-01;3.5250000e+02;1.0922989e-01;3.5250000e+02;5.5686846e-02;3.5250000e+02;8.4208921e-03;3.5250000e+02;-3.5976835e-02;3.5250000e+02;-7.9727843e-02;3.5250000e+02;-1.2060726e-01;3.5250000e+02;-1.6527086e-01;3.5250000e+02;-7.9203933e-02;3.5250000e+02;-7.4327365e-02;3.5250000e+02;-4.3166976e-02;3.5250000e+02;1.4504753e-03;3.5250000e+02;6.0297452e-02;3.5250000e+02;1.3262030e-01;3.5250000e+02;1.8350184e-01;3.5250000e+02;2.0934868e-01;3.5250000e+02;1.9869186e-01;3.5250000e+02;2.1437706e-01;3.5250000e+02;1.6776836e-01;3.5250000e+02;1.0922989e-01;3.5250000e+02;5.5686846e-02;3.5250000e+02;8.4208921e-03;3.5250000e+02;-3.5976835e-02;3.5250000e+02;-7.9727843e-02;3.5250000e+02;-1.2060726e-01;3.5250000e+02;-1.6527086e-01;3.5250000e+02;-7.9203933e-02;3.5250000e+02;-7.4327365e-02;3.5250000e+02;-4.3166976e-02;3.5250000e+02;1.4504753e-03;3.5250000e+02;6.0297452e-02;3.5250000e+02;1.3262030e-01;3.5250000e+02;1.8350184e-01;3.5250000e+02;2.0934868e-01;3.5250000e+02;1.9869186e-01;3.5250000e+02;2.1437706e-01;3.5250000e+02;1.6776836e-01;3.5250000e+02;1.0922989e-01;3.5250000e+02;5.5686846e-02;3.5250000e+02;8.4208921e-03;3.5250000e+02;-3.5976835e-02;3.5250000e+02;-7.9727843e-02;3.5250000e+02;-1.2060726e-01;3.5250000e+02;-1.6527086e-01;3.5250000e+02;-7.9203933e-02;3.5250000e+02;-7.4327365e-02;3.5250000e+02;-4.3166976e-02;3.5250000e+02;1.4504753e-03;3.5250000e+02;6.0297452e-02;3.5250000e+02;1.3262030e-01;3.5250000e+02;1.8350184e-01;3.5250000e+02;2.0934868e-01;3.5250000e+02;1.9869186e-01;3.5250000e+02;2.1437706e-01;3.5250000e+02;1.6776836e-01;3.5250000e+02;1.0922989e-01;3.5250000e+02;5.5686846e-02;3.5250000e+02;8.4208921e-03;3.5250000e+02;-3.5976835e-02;3.5250000e+02;-7.9727843e-02;3.5250000e+02;-1.2060726e-01;3.5250000e+02;-1.6527086e-01;3.5250000e+02;-7.9203933e-02;3.5250000e+02;-7.4327365e-02;3.5250000e+02;-4.3166976e-02;3.5250000e+02;1.4504753e-03;3.5250000e+02;6.0297452e-02;3.5250000e+02;1.3262030e-01;3.5250000e+02;1.8350184e-01;3.5250000e+02;2.0934868e-01;3.5250000e+02;1.9869186e-01;3.5250000e+02;2.1437706e-01;3.5250000e+02;1.6776836e-01;3.5250000e+02;1.0922989e-01;3.5250000e+02;5.5686846e-02;3.5250000e+02;8.4208921e-03;3.5250000e+02;-3.5976835e-02;3.5250000e+02;-7.9727843e-02;3.5250000e+02;-1.2060726e-01;3.5250000e+02;-1.6527086e-01;3.5250000e+02;-7.9203933e-02;3.5250000e+02;-7.4327365e-02;3.5250000e+02;-4.3166976e-02;3.5250000e+02;1.4504753e-03;3.5250000e+02;6.0297452e-02;3.5250000e+02;1.3262030e-01;3.5250000e+02;1.8350184e-01;3.5250000e+02;2.0934868e-01;3.5250000e+02;1.9869186e-01;3.5250000e+02;2.1437706e-01;3.5250000e+02;1.6776836e-01;3.5250000e+02;1.0922989e-01;3.5250000e+02;5.5686846e-02;3.5250000e+02;8.4208921e-03;3.5250000e+02;-3.5976835e-02;3.5250000e+02;-7.9727843e-02;3.5250000e+02;-1.2060726e-01;3.5250000e+02;-1.6527086e-01;3.5250000e+02;-7.9203933e-02;3.5250000e+02;-7.4327365e-02;3.5250000e+02;-4.3166976e-02;3.5250000e+02;1.4504753e-03;3.5250000e+02;6.0297452e-02;3.5250000e+02;1.3262030e-01;3.5250000e+02;1.8350184e-01;3.5250000e+02;2.0934868e-01;3.5250000e+02;1.9869186e-01;3.5250000e+02;2.1437706e-01;3.5250000e+02;1.6776836e-01;3.5250000e+02;1.0922989e-01;3.5250000e+02;5.5686846e-02;3.5250000e+02;8.4208921e-03;3.5250000e+02;-3.5976835e-02;3.5250000e+02;-7.9727843e-02;3.5250000e+02;-1.2060726e-01;3.5250000e+02;-1.6527086e-01;3.5250000e+02;-7.9203933e-02;3.5250000e+02;-7.4327365e-02;3.5250000e+02;-4.3166976e-02;3.5250000e+02;1.4504753e-03;3.5250000e+02;6.0297452e-02;3.5250000e+02;1.3262030e-01;3.5250000e+02;1.8350184e-01;3.5250000e+02;2.0934868e-01;3.5250000e+02;1.9869186e-01;3.5250000e+02;2.1437706e-01;3.5250000e+02;1.6776836e-01;3.5250000e+02;1.0922989e-01;3.5250000e+02;5.5686846e-02;3.5250000e+02;8.4208921e-03;3.5250000e+02;-3.5976835e-02;3.5250000e+02;-7.9727843e-02;3.5250000e+02;-1.2060726e-01;3.5250000e+02;-1.6527086e-01;3.5250000e+02;-7.9203933e-02;3.5250000e+02;-7.4327365e-02;3.5250000e+02;-4.3166976e-02;3.5250000e+02;1.4504753e-03;3.5250000e+02;6.0297452e-02;3.5250000e+02;1.3262030e-01;3.5250000e+02;1.8350184e-01;3.5250000e+02;2.0934868e-01;3.5250000e+02;1.9869186e-01;3.5250000e+02;2.1437706e-01;3.5250000e+02;1.6776836e-01;3.5250000e+02;1.0922989e-01;3.5250000e+02;5.5686846e-02;3.5250000e+02;8.4208921e-03;3.5250000e+02;-3.5976835e-02;3.5250000e+02;-7.9727843e-02;3.5250000e+02;-1.2060726e-01;3.5250000e+02;-1.6527086e-01;3.5250000e+02;-7.9203933e-02;3.5250000e+02;-7.4327365e-02;3.5250000e+02;-4.3166976e-02;3.5250000e+02;1.4504753e-03;3.5250000e+02;6.0297452e-02;3.5250000e+02;1.3262030e-01;3.5250000e+02;1.8350184e-01;3.5250000e+02;2.0934868e-01;3.5250000e+02;1.9869186e-01;3.5250000e+02;2.1437706e-01;3.5250000e+02;1.6776836e-01;3.5250000e+02;1.0922989e-01;3.5250000e+02;5.5686846e-02;3.5250000e+02;8.4208921e-03;3.5250000e+02;-3.5976835e-02;3.5250000e+02;-7.9727843e-02;3.5250000e+02;-1.2060726e-01;3.5250000e+02;-1.6527086e-01;3.5250000e+02;-7.9203933e-02;3.5250000e+02;-7.4327365e-02;3.5250000e+02;-4.3166976e-02;3.5250000e+02;1.4504753e-03;3.5250000e+02;6.0297452e-02;3.5250000e+02;1.3262030e-01;3.5250000e+02;1.8350184e-01;3.5250000e+02;2.0934868e-01;3.5250000e+02;1.9869186e-01;3.5250000e+02;2.1437706e-01;3.5250000e+02;1.6776836e-01;3.5250000e+02;1.0922989e-01;3.5250000e+02;5.5686846e-02;3.5250000e+02;8.4208921e-03;3.5250000e+02;-3.5976835e-02;3.5250000e+02;-7.9727843e-02;3.5250000e+02;-1.2060726e-01;3.5250000e+02;-1.6527086e-01;3.5250000e+02;-7.9203933e-02;3.5250000e+02;-7.4327365e-02;3.5250000e+02;-4.3166976e-02;3.5250000e+02;1.4504753e-03;3.5250000e+02;6.0297452e-02;3.5250000e+02;1.3262030e-01;3.5250000e+02;1.8350184e-01;3.5250000e+02;2.0934868e-01;3.5250000e+02;1.9869186e-01;3.5250000e+02;2.1437706e-01;3.5250000e+02;1.6776836e-01;3.5250000e+02;1.0922989e-01;3.5250000e+02;5.5686846e-02;3.5250000e+02;8.4208921e-03;3.5250000e+02;-3.5976835e-02;3.5250000e+02;-7.9727843e-02;3.5250000e+02;-1.2060726e-01;3.5250000e+02;-1.6527086e-01;3.5250000e+02;-7.9203933e-02;3.5250000e+02;-7.4327365e-02;3.5250000e+02;-4.3166976e-02;3.5250000e+02;1.4504753e-03;3.5250000e+02;6.0297452e-02;3.5250000e+02;1.3262030e-01;3.5250000e+02;1.8350184e-01;3.5250000e+02;2.0934868e-01;3.5250000e+02;1.9869186e-01;3.5250000e+02;2.1437706e-01;3.5250000e+02;1.6776836e-01;3.5250000e+02;1.0922989e-01;3.5250000e+02;5.5686846e-02;3.5250000e+02;8.4208921e-03;3.5250000e+02;-3.5976835e-02;3.5250000e+02;-7.9727843e-02;3.5250000e+02;-1.2060726e-01;3.5250000e+02;-1.6527086e-01;3.5250000e+02;-7.9203933e-02;3.5250000e+02;-7.4327365e-02;3.5250000e+02;-4.3166976e-02;3.5250000e+02;1.4504753e-03;3.5250000e+02;6.0297452e-02;3.5250000e+02;1.3262030e-01;3.5250000e+02;1.8350184e-01;3.5250000e+02;2.0934868e-01;3.5250000e+02;1.9869186e-01;3.5250000e+02;2.1437706e-01;3.5250000e+02;1.6776836e-01;3.5250000e+02;1.0922989e-01;3.5250000e+02;5.5686846e-02;3.5250000e+02;8.4208921e-03;3.5250000e+02;-3.5976835e-02;3.5250000e+02;-7.9727843e-02;3.5250000e+02;-1.2060726e-01;3.5250000e+02;-1.6527086e-01;3.5250000e+02;-7.9203933e-02;3.5250000e+02;-7.4327365e-02;3.5250000e+02;-4.3166976e-02;3.5250000e+02;1.4504753e-03;3.5250000e+02;6.0297452e-02;3.5250000e+02;1.3262030e-01;3.5250000e+02;1.8350184e-01;3.5250000e+02;2.0934868e-01;3.5250000e+02;1.9869186e-01;3.5250000e+02;2.1437706e-01;3.5250000e+02;1.6776836e-01;3.5250000e+02;1.0922989e-01;3.5250000e+02;5.5686846e-02;3.5250000e+02;8.4208921e-03;3.5250000e+02;-3.5976835e-02;3.5250000e+02;-7.9727843e-02;3.5250000e+02;-1.2060726e-01;3.5250000e+02;-1.6527086e-01;3.5250000e+02;-7.9203933e-02;3.5250000e+02;-7.4327365e-02;3.5250000e+02;-4.3166976e-02;3.5250000e+02;1.4504753e-03;3.5250000e+02;6.0297452e-02;3.5250000e+02;1.3262030e-01;3.5250000e+02;1.8350184e-01;3.5250000e+02;2.0934868e-01;3.5250000e+02;1.9869186e-01;3.5250000e+02;2.1437706e-01;3.5250000e+02;1.6776836e-01;3.5250000e+02;1.0922989e-01;3.5250000e+02;5.5686846e-02;3.5250000e+02;8.4208921e-03;3.5250000e+02;-3.5976835e-02;3.5250000e+02;-7.9727843e-02;3.5250000e+02;-1.2060726e-01;3.5250000e+02;-1.6527086e-01;3.5250000e+02;-7.9203933e-02;3.5250000e+02;-7.4327365e-02;3.5250000e+02;-4.3166976e-02;3.5250000e+02;1.4504753e-03;3.5250000e+02;6.0297452e-02;3.5250000e+02;1.3262030e-01;3.5250000e+02;1.8350184e-01;3.5250000e+02;2.0934868e-01;3.5250000e+02;1.9869186e-01;3.5250000e+02;2.1437706e-01;3.5250000e+02;1.6776836e-01;3.5250000e+02;1.0922989e-01;3.5250000e+02;5.5686846e-02;3.5250000e+02;8.4208921e-03;3.5250000e+02;-3.5976835e-02;3.5250000e+02;-7.9727843e-02;3.5250000e+02;-1.2060726e-01;3.5250000e+02;-1.6527086e-01;3.5250000e+02;-7.9203933e-02;3.5250000e+02;-7.4327365e-02;3.5250000e+02;-4.3166976e-02;3.5250000e+02;1.4504753e-03;3.5250000e+02;6.0297452e-02;3.5250000e+02;1.3262030e-01;3.5250000e+02;1.8350184e-01;3.5250000e+02;2.0934868e-01;3.5250000e+02;1.9869186e-01;3.5250000e+02;2.1437706e-01;3.5250000e+02;1.6776836e-01;3.5250000e+02;1.0922989e-01;3.5250000e+02;5.5686846e-02;3.5250000e+02;8.4208921e-03;3.5250000e+02;-3.5976835e-02;3.5250000e+02;-7.9727843e-02;3.5250000e+02;-1.2060726e-01;3.5250000e+02;-1.6527086e-01;3.5250000e+02;-7.9203933e-02;3.5250000e+02;-7.4327365e-02;3.5250000e+02;-4.3166976e-02;3.5250000e+02;1.4504753e-03;3.5250000e+02;6.0297452e-02;3.5250000e+02;1.3262030e-01;3.5250000e+02;1.8350184e-01;3.5250000e+02;2.0934868e-01;3.5250000e+02;1.9869186e-01;3.5250000e+02;2.1437706e-01;3.5250000e+02;1.6776836e-01;3.5250000e+02;1.0922989e-01;3.5250000e+02;5.5686846e-02;3.5250000e+02;8.4208921e-03;3.5250000e+02;-3.5976835e-02;3.5250000e+02;-7.9727843e-02;3.5250000e+02;-1.2060726e-01;3.5250000e+02;-1.6527086e-01;3.5250000e+02;-7.9203933e-02;3.5250000e+02;-7.4327365e-02;3.5250000e+02;-4.3166976e-02;3.5250000e+02;1.4504753e-03;3.5250000e+02;6.0297452e-02;3.5250000e+02;1.3262030e-01;3.5250000e+02;1.8350184e-01;3.5250000e+02;2.0934868e-01;3.5250000e+02;1.9869186e-01;3.5250000e+02;2.1437706e-01;3.5250000e+02;1.6776836e-01;3.5250000e+02;1.0922989e-01;3.5250000e+02;5.5686846e-02;3.5250000e+02;8.4208921e-03;3.5250000e+02;-3.5976835e-02;3.5250000e+02;-7.9727843e-02;3.5250000e+02;-1.2060726e-01;3.5250000e+02;-1.6527086e-01;3.5250000e+02;-7.9203933e-02;3.5250000e+02;-7.4327365e-02;3.5250000e+02;-4.3166976e-02;3.5250000e+02;1.4504753e-03;3.5250000e+02;6.0297452e-02;3.5250000e+02;1.3262030e-01;3.5250000e+02;1.8350184e-01;3.5250000e+02;2.0934868e-01;3.5250000e+02;1.9869186e-01;3.5250000e+02;2.1437706e-01;3.5250000e+02;1.6776836e-01;3.5250000e+02;1.0922989e-01;3.5250000e+02;5.5686846e-02;3.5250000e+02;8.4208921e-03;3.5250000e+02;-3.5976835e-02;3.5250000e+02;-7.9727843e-02;3.5250000e+02;-1.2060726e-01;3.5250000e+02;-1.6527086e-01;3.5250000e+02;-7.9203933e-02;3.5250000e+02;-7.4327365e-02;3.5250000e+02;-4.3166976e-02;3.5250000e+02;1.4504753e-03;3.5250000e+02;6.0297452e-02;3.5250000e+02;1.3262030e-01;3.5250000e+02;1.8350184e-01;3.5250000e+02;2.0934868e-01;3.5250000e+02;1.9869186e-01;3.5250000e+02;2.1437706e-01;3.5250000e+02;1.6776836e-01;3.5250000e+02;1.0922989e-01;3.5250000e+02;5.5686846e-02;3.5250000e+02;8.4208921e-03;3.5250000e+02;-3.5976835e-02;3.5250000e+02;-7.9727843e-02;3.5250000e+02;-1.2060726e-01;3.5250000e+02;-1.6527086e-01;3.5250000e+02;-7.9203933e-02;3.5250000e+02;-7.4327365e-02;3.5250000e+02;-4.3166976e-02;3.5250000e+02;1.4504753e-03;3.5250000e+02;6.0297452e-02;3.5250000e+02;1.3262030e-01;3.5250000e+02;1.8350184e-01;3.5250000e+02;2.0934868e-01;3.5250000e+02;1.9869186e-01;3.5250000e+02;2.1437706e-01;3.5250000e+02;1.6776836e-01;3.5250000e+02;1.0922989e-01;3.5250000e+02;5.5686846e-02;3.5250000e+02;8.4208921e-03;3.5250000e+02;-3.5976835e-02;3.5250000e+02;-7.9727843e-02;3.5250000e+02;-1.2060726e-01;3.5250000e+02;-1.6527086e-01;3.5250000e+02;-7.9203933e-02;3.5250000e+02;-7.4327365e-02;3.5250000e+02;-4.3166976e-02;3.5250000e+02;1.4504753e-03;3.5250000e+02;6.0297452e-02;3.5250000e+02;1.3262030e-01;3.5250000e+02;1.8350184e-01;3.5250000e+02;2.0934868e-01;3.5250000e+02;1.9869186e-01;3.5250000e+02;2.1437706e-01;3.5250000e+02;1.6776836e-01;3.5250000e+02;1.0922989e-01;3.5250000e+02;5.5686846e-02;3.5250000e+02;8.4208921e-03;3.5250000e+02;-3.5976835e-02;3.5250000e+02;-7.9727843e-02;3.5250000e+02;-1.2060726e-01;3.5250000e+02;-1.6527086e-01;3.5250000e+02;-7.9203933e-02;3.5250000e+02;-7.4327365e-02;3.5250000e+02;-4.3166976e-02;3.5250000e+02;1.4504753e-03;3.5250000e+02;6.0297452e-02;3.5250000e+02;1.3262030e-01;3.5250000e+02;1.8350184e-01;3.5250000e+02;2.0934868e-01;3.5250000e+02;1.9869186e-01;3.5250000e+02;2.1437706e-01;3.5250000e+02;1.6776836e-01;3.5250000e+02;1.0922989e-01;3.5250000e+02;5.5686846e-02;3.5250000e+02;8.4208921e-03;3.5250000e+02;-3.5976835e-02;3.5250000e+02;-7.9727843e-02;3.5250000e+02;-1.2060726e-01;3.5250000e+02;-1.6527086e-01;3.5250000e+02;-7.9203933e-02;3.5250000e+02;-7.4327365e-02;3.5250000e+02;-4.3166976e-02;3.5250000e+02;1.4504753e-03;3.5250000e+02;6.0297452e-02;3.5250000e+02;1.3262030e-01;3.5250000e+02;1.8350184e-01;3.5250000e+02;2.0934868e-01;3.5250000e+02;1.9869186e-01;3.5250000e+02;2.1437706e-01;3.5250000e+02;1.6776836e-01;3.5250000e+02;1.0922989e-01;3.5250000e+02;5.5686846e-02;3.5250000e+02;8.4208921e-03;3.5250000e+02;-3.5976835e-02;3.5250000e+02;-7.9727843e-02;3.5250000e+02;-1.2060726e-01;3.5250000e+02;-1.6527086e-01;3.5250000e+02;-7.9203933e-02;3.5250000e+02;-7.4327365e-02;3.5250000e+02;-4.3166976e-02;3.5250000e+02;1.4504753e-03;3.5250000e+02;6.0297452e-02;3.5250000e+02;1.3262030e-01;3.5250000e+02;1.8350184e-01;3.5250000e+02;2.0934868e-01;3.5250000e+02;1.9869186e-01;3.5250000e+02;2.1437706e-01;3.5250000e+02;1.6776836e-01;3.5250000e+02;1.0922989e-01;3.5250000e+02;5.5686846e-02;3.5250000e+02;8.4208921e-03;3.5250000e+02;-3.5976835e-02;3.5250000e+02;-7.9727843e-02;3.5250000e+02;-1.2060726e-01;3.5250000e+02;-1.6527086e-01;3.5250000e+02;-7.9203933e-02;3.5250000e+02;-7.4327365e-02;3.5250000e+02;-4.3166976e-02;3.5250000e+02;1.4504753e-03;3.5250000e+02;6.0297452e-02;3.5250000e+02;1.3262030e-01;3.5250000e+02;1.8350184e-01;3.5250000e+02;2.0934868e-01;3.5250000e+02;1.9869186e-01;3.5250000e+02;2.1437706e-01;3.5250000e+02;1.6776836e-01;3.5250000e+02;1.0922989e-01;3.5250000e+02;5.5686846e-02;3.5250000e+02;8.4208921e-03;3.5250000e+02;-3.5976835e-02;3.5250000e+02;-7.9727843e-02;3.5250000e+02;-1.2060726e-01;3.5250000e+02;-1.6527086e-01;3.5250000e+02;-7.9203933e-02;3.5250000e+02;-7.4327365e-02;3.5250000e+02;-4.3166976e-02;3.5250000e+02;1.4504753e-03;3.5250000e+02;6.0297452e-02;3.5250000e+02;1.3262030e-01;3.5250000e+02;1.8350184e-01;3.5250000e+02;2.0934868e-01;3.5250000e+02;1.9869186e-01;3.5250000e+02;2.1437706e-01;3.5250000e+02;1.6776836e-01;3.5250000e+02;1.0922989e-01;3.5250000e+02;5.5686846e-02;3.5250000e+02;8.4208921e-03;3.5250000e+02;-3.5976835e-02;3.5250000e+02;-7.9727843e-02;3.5250000e+02;-1.2060726e-01;3.5250000e+02;-1.6527086e-01;3.5250000e+02;-7.9203933e-02;3.5250000e+02;-7.4327365e-02;3.5250000e+02;-4.3166976e-02;3.5250000e+02;1.4504753e-03;3.5250000e+02;6.0297452e-02;3.5250000e+02;1.3262030e-01;3.5250000e+02;1.8350184e-01;3.5250000e+02;2.0934868e-01;3.5250000e+02;1.9869186e-01;3.5250000e+02;2.1437706e-01;3.5250000e+02;1.6776836e-01;3.5250000e+02;1.0922989e-01;3.5250000e+02;5.5686846e-02;3.5250000e+02;8.4208921e-03;3.5250000e+02;-3.5976835e-02;3.5250000e+02;-7.9727843e-02;3.5250000e+02;-1.2060726e-01;3.5250000e+02;-1.6527086e-01;3.5250000e+02;-7.9203933e-02;3.5250000e+02;-7.4327365e-02;3.5250000e+02;-4.3166976e-02;3.5250000e+02;1.4504753e-03;3.5250000e+02;6.0297452e-02;3.5250000e+02;1.3262030e-01;3.5250000e+02;1.8350184e-01;3.5250000e+02;2.0934868e-01;3.5250000e+02;1.9869186e-01;3.5250000e+02;2.1437706e-01;3.5250000e+02;1.6776836e-01;3.5250000e+02;1.0922989e-01;3.5250000e+02;5.5686846e-02;3.5250000e+02;8.4208921e-03;3.5250000e+02;-3.5976835e-02;3.5250000e+02;-7.9727843e-02;3.5250000e+02;-1.2060726e-01;3.5250000e+02;-1.6527086e-01;3.5250000e+02;-7.9203933e-02;3.5250000e+02;-7.4327365e-02;3.5250000e+02;-4.3166976e-02;3.5250000e+02;1.4504753e-03;3.5250000e+02;6.0297452e-02;3.5250000e+02;1.3262030e-01;3.5250000e+02;1.8350184e-01;3.5250000e+02;2.0934868e-01;3.5250000e+02;1.9869186e-01;3.5250000e+02;2.1437706e-01;3.5250000e+02;1.6776836e-01;3.5250000e+02;1.0922989e-01;3.5250000e+02;5.5686846e-02;3.5250000e+02;8.4208921e-03;3.5250000e+02;-3.5976835e-02;3.5250000e+02;-7.9727843e-02;3.5250000e+02;-1.2060726e-01;3.5250000e+02;-1.6527086e-01;3.5250000e+02;-7.9203933e-02;3.5250000e+02;-7.4327365e-02;3.5250000e+02;-4.3166976e-02;3.5250000e+02;1.4504753e-03;3.5250000e+02;6.0297452e-02;3.5250000e+02;1.3262030e-01;3.5250000e+02;1.8350184e-01;3.5250000e+02;2.0934868e-01;3.5250000e+02;1.9869186e-01;3.5250000e+02;2.1437706e-01;3.5250000e+02;1.6776836e-01;3.5250000e+02;1.0922989e-01;3.5250000e+02;5.5686846e-02;3.5250000e+02;8.4208921e-03;3.5250000e+02;-3.5976835e-02;3.5250000e+02;-7.9727843e-02;3.5250000e+02;-1.2060726e-01;3.5250000e+02;-1.6527086e-01;3.5250000e+02;-7.9203933e-02;3.5250000e+02;-7.4327365e-02;3.5250000e+02;-4.3166976e-02;3.5250000e+02;1.4504753e-03;3.5250000e+02;6.0297452e-02;3.5250000e+02;1.3262030e-01;3.5250000e+02;1.8350184e-01;3.5250000e+02;2.0934868e-01;3.5250000e+02;1.9869186e-01;3.5250000e+02;2.1437706e-01;3.5250000e+02;1.6776836e-01;3.5250000e+02;1.0922989e-01;3.5250000e+02;5.5686846e-02;3.5250000e+02;8.4208921e-03;3.5250000e+02;-3.5976835e-02;3.5250000e+02;-7.9727843e-02;3.5250000e+02;-1.2060726e-01;3.5250000e+02;-1.6527086e-01;3.5250000e+02;-7.9203933e-02;3.5250000e+02;-7.4327365e-02;3.5250000e+02;-4.3166976e-02;3.5250000e+02;1.4504753e-03;3.5250000e+02;6.0297452e-02;3.5250000e+02;1.3262030e-01;3.5250000e+02;1.8350184e-01;3.5250000e+02;2.0934868e-01;3.5250000e+02;1.9869186e-01;3.5250000e+02;2.1437706e-01;3.5250000e+02;1.6776836e-01;3.5250000e+02;1.0922989e-01;3.5250000e+02;5.5686846e-02;3.5250000e+02;8.4208921e-03;3.5250000e+02;-3.5976835e-02;3.5250000e+02;-7.9727843e-02;3.5250000e+02;-1.2060726e-01;3.5250000e+02;-1.6527086e-01;3.5250000e+02;-7.9203933e-02;3.5250000e+02;-7.4327365e-02;3.5250000e+02;-4.3166976e-02;3.5250000e+02;1.4504753e-03;3.5250000e+02;6.0297452e-02;3.5250000e+02;1.3262030e-01;3.5250000e+02;1.8350184e-01;3.5250000e+02;2.0934868e-01;3.5250000e+02;1.9869186e-01;3.5250000e+02;2.1437706e-01;3.5250000e+02;1.6776836e-01;3.5250000e+02;1.0922989e-01;3.5250000e+02;5.5686846e-02;3.5250000e+02;8.4208921e-03;3.5250000e+02;-3.5976835e-02;3.5250000e+02;-7.9727843e-02;3.5250000e+02;-1.2060726e-01;3.5250000e+02;-1.6527086e-01;3.5250000e+02;-7.9203933e-02;3.5250000e+02;-7.4327365e-02;3.5250000e+02;-4.3166976e-02;3.5250000e+02;1.4504753e-03;3.5250000e+02;6.0297452e-02;3.5250000e+02;1.3262030e-01;3.5250000e+02;1.8350184e-01;3.5250000e+02;2.0934868e-01;3.5250000e+02;1.9869186e-01;3.5250000e+02;2.1437706e-01;3.5250000e+02;1.6776836e-01;3.5250000e+02;1.0922989e-01;3.5250000e+02;5.5686846e-02;3.5250000e+02;8.4208921e-03;3.5250000e+02;-3.5976835e-02;3.5250000e+02;-7.9727843e-02;3.5250000e+02;-1.2060726e-01;3.5250000e+02;-1.6527086e-01;3.5250000e+02;-7.9203933e-02;3.5250000e+02;-7.4327365e-02;3.5250000e+02;-4.3166976e-02;3.5250000e+02;1.4504753e-03;3.5250000e+02;6.0297452e-02;3.5250000e+02;1.3262030e-01;3.5250000e+02;1.8350184e-01;3.5250000e+02;2.0934868e-01;3.5250000e+02;1.9869186e-01;3.5250000e+02;2.1437706e-01;3.5250000e+02;1.6776836e-01;3.5250000e+02;1.0922989e-01;3.5250000e+02;5.5686846e-02;3.5250000e+02;8.4208921e-03;3.5250000e+02;-3.5976835e-02;3.5250000e+02;-7.9727843e-02;3.5250000e+02;-1.2060726e-01;3.5250000e+02;-1.6527086e-01;3.5250000e+02;-7.9203933e-02;3.5250000e+02;-7.4327365e-02;3.5250000e+02;-4.3166976e-02;3.5250000e+02;1.4504753e-03;3.5250000e+02;6.0297452e-02;3.5250000e+02;1.3262030e-01;3.5250000e+02;1.8350184e-01;3.5250000e+02;2.0934868e-01;3.5250000e+02;1.9869186e-01;3.5250000e+02;2.1437706e-01;3.5250000e+02;1.6776836e-01;3.5250000e+02;1.0922989e-01;3.5250000e+02;5.5686846e-02;3.5250000e+02;8.4208921e-03;3.5250000e+02;-3.5976835e-02;3.5250000e+02;-7.9727843e-02;3.5250000e+02;-1.2060726e-01;3.5250000e+02;-1.6527086e-01;3.5250000e+02;-7.9203933e-02;3.5250000e+02;-7.4327365e-02;3.5250000e+02;-4.3166976e-02;3.5250000e+02;1.4504753e-03;3.5250000e+02;6.0297452e-02;3.5250000e+02;1.3262030e-01;3.5250000e+02;1.8350184e-01;3.5250000e+02;2.0934868e-01;3.5250000e+02;1.9869186e-01;3.5250000e+02;2.1437706e-01;3.5250000e+02;1.6776836e-01;3.5250000e+02;1.0922989e-01;3.5250000e+02;5.5686846e-02;3.5250000e+02;8.4208921e-03;3.5250000e+02;-3.5976835e-02;3.5250000e+02;-7.9727843e-02;3.5250000e+02;-1.2060726e-01;3.5250000e+02;-1.6527086e-01;3.5250000e+02;-7.9203933e-02;3.5250000e+02;-7.4327365e-02;3.5250000e+02;-4.3166976e-02;3.5250000e+02;1.4504753e-03;3.5250000e+02;6.0297452e-02;3.5250000e+02;1.3262030e-01;3.5250000e+02;1.8350184e-01;3.5250000e+02;2.0934868e-01;3.5250000e+02;1.9869186e-01;3.5250000e+02;2.1437706e-01;3.5250000e+02;1.6776836e-01;3.5250000e+02;1.0922989e-01;3.5250000e+02;5.5686846e-02;3.5250000e+02;8.4208921e-03;3.5250000e+02;-3.5976835e-02;3.5250000e+02;-7.9727843e-02;3.5250000e+02;-1.2060726e-01;3.5250000e+02;-1.6527086e-01;3.5250000e+02;-7.9203933e-02;3.5250000e+02;-7.4327365e-02;3.5250000e+02;-4.3166976e-02;3.5250000e+02;1.4504753e-03;3.5250000e+02;6.0297452e-02;3.5250000e+02;1.3262030e-01;3.5250000e+02;1.8350184e-01;3.5250000e+02;2.0934868e-01;3.5250000e+02;1.9869186e-01;3.5250000e+02;2.1437706e-01;3.5250000e+02;1.6776836e-01;3.5250000e+02;1.0922989e-01;3.5250000e+02;5.5686846e-02;3.5250000e+02;8.4208921e-03;3.5250000e+02;-3.5976835e-02;3.5250000e+02;-7.9727843e-02;3.5250000e+02;-1.2060726e-01;3.5250000e+02;-1.6527086e-01;3.5250000e+02;-7.9203933e-02;3.5250000e+02;-7.4327365e-02;3.5250000e+02;-4.3166976e-02;3.5250000e+02;1.4504753e-03;3.5250000e+02;6.0297452e-02;3.5250000e+02;1.3262030e-01;3.5250000e+02;1.8350184e-01;3.5250000e+02;2.0934868e-01;3.5250000e+02;1.9869186e-01;3.5250000e+02;2.1437706e-01;3.5250000e+02;1.6776836e-01;3.5250000e+02;1.0922989e-01;3.5250000e+02;5.5686846e-02;3.5250000e+02;8.4208921e-03;3.5250000e+02;-3.5976835e-02;3.5250000e+02;-7.9727843e-02;3.5250000e+02;-1.2060726e-01;3.5250000e+02;-1.6527086e-01;3.5250000e+02;-7.9203933e-02;3.5250000e+02;-7.4327365e-02;3.5250000e+02;-4.3166976e-02;3.5250000e+02;1.4504753e-03;3.5250000e+02;6.0297452e-02;3.5250000e+02;1.3262030e-01;3.5250000e+02;1.8350184e-01;3.5250000e+02;2.0934868e-01;3.5250000e+02;1.9869186e-01;3.5250000e+02;2.1437706e-01;3.5250000e+02;1.6776836e-01;3.5250000e+02;1.0922989e-01;3.5250000e+02;5.5686846e-02;3.5250000e+02;8.4208921e-03;3.5250000e+02;-3.5976835e-02;3.5250000e+02;-7.9727843e-02;3.5250000e+02;-1.2060726e-01;3.5250000e+02;-1.6527086e-01;3.5250000e+02;-7.9203933e-02;3.5250000e+02;-7.4327365e-02;3.5250000e+02;-4.3166976e-02;3.5250000e+02;1.4504753e-03;3.5250000e+02;6.0297452e-02;3.5250000e+02;1.3262030e-01;3.5250000e+02;1.8350184e-01;3.5250000e+02;2.0934868e-01;3.5250000e+02;1.9869186e-01;3.5250000e+02;2.1437706e-01;3.5250000e+02;1.6776836e-01;3.5250000e+02;1.0922989e-01;3.5250000e+02;5.5686846e-02;3.5250000e+02;8.4208921e-03;3.5250000e+02;-3.5976835e-02;3.5250000e+02;-7.9727843e-02;3.5250000e+02;-1.2060726e-01;3.5250000e+02;-1.6527086e-01;3.5250000e+02;-7.9203933e-02;3.5250000e+02;-7.4327365e-02;3.5250000e+02;-4.3166976e-02;3.5250000e+02;1.4504753e-03;3.5250000e+02;6.0297452e-02;3.5250000e+02;1.3262030e-01;3.5250000e+02;1.8350184e-01;3.5250000e+02;2.0934868e-01;3.5250000e+02;1.9869186e-01;3.5250000e+02;2.1437706e-01;3.5250000e+02;1.6776836e-01;3.5250000e+02;1.0922989e-01;3.5250000e+02;5.5686846e-02;3.5250000e+02;8.4208921e-03;3.5250000e+02;-3.5976835e-02;3.5250000e+02;-7.9727843e-02;3.5250000e+02;-1.2060726e-01;3.5250000e+02;-1.6527086e-01;3.5250000e+02;-7.9203933e-02;3.5250000e+02;-7.4327365e-02;3.5250000e+02;-4.3166976e-02;3.5250000e+02;1.4504753e-03;3.5250000e+02;6.0297452e-02;3.5250000e+02;1.3262030e-01;3.5250000e+02;1.8350184e-01;3.5250000e+02;2.0934868e-01;3.5250000e+02;1.9869186e-01;3.5250000e+02;2.1437706e-01;3.5250000e+02;1.6776836e-01;3.5250000e+02;1.0922989e-01;3.5250000e+02;5.5686846e-02;3.5250000e+02;8.4208921e-03;3.5250000e+02;-3.5976835e-02;3.5250000e+02;-7.9727843e-02;3.5250000e+02;-1.2060726e-01;3.5250000e+02;-1.6527086e-01;3.5250000e+02;-7.9203933e-02;3.5250000e+02;-7.4327365e-02;3.5250000e+02;-4.3166976e-02;3.5250000e+02;1.4504753e-03;3.5250000e+02;6.0297452e-02;3.5250000e+02;1.3262030e-01;3.5250000e+02;1.8350184e-01;3.5250000e+02;2.0934868e-01;3.5250000e+02;1.9869186e-01;3.5250000e+02;2.1437706e-01;3.5250000e+02;1.6776836e-01;3.5250000e+02;1.0922989e-01;3.5250000e+02;5.5686846e-02;3.5250000e+02;8.4208921e-03;3.5250000e+02;-3.5976835e-02;3.5250000e+02;-7.9727843e-02;3.5250000e+02;-1.2060726e-01;3.5250000e+02;-1.6527086e-01;3.5250000e+02;-7.9203933e-02;3.5250000e+02;-7.4327365e-02;3.5250000e+02;-4.3166976e-02;3.5250000e+02;1.4504753e-03;3.5250000e+02;6.0297452e-02;3.5250000e+02;1.3262030e-01;3.5250000e+02;1.8350184e-01;3.5250000e+02;2.0934868e-01;3.5250000e+02;1.9869186e-01;3.5250000e+02;2.1437706e-01;3.5250000e+02;1.6776836e-01;3.5250000e+02;1.0922989e-01;3.5250000e+02;5.5686846e-02;3.5250000e+02;8.4208921e-03;3.5250000e+02;-3.5976835e-02;3.5250000e+02;-7.9727843e-02;3.5250000e+02;-1.2060726e-01;3.5250000e+02;-1.6527086e-01;3.5250000e+02;-7.9203933e-02;3.5250000e+02;-7.4327365e-02;3.5250000e+02;-4.3166976e-02;3.5250000e+02;1.4504753e-03;3.5250000e+02;6.0297452e-02;3.5250000e+02;1.3262030e-01;3.5250000e+02;1.8350184e-01;3.5250000e+02;2.0934868e-01;3.5250000e+02;1.9869186e-01;3.5250000e+02;2.1437706e-01;3.5250000e+02;1.6776836e-01;3.5250000e+02;1.0922989e-01;3.5250000e+02;5.5686846e-02;3.5250000e+02;8.4208921e-03;3.5250000e+02;-3.5976835e-02;3.5250000e+02;-7.9727843e-02;3.5250000e+02;-1.2060726e-01;3.5250000e+02;-1.6527086e-01;3.5250000e+02;-7.9203933e-02;3.5250000e+02;-7.4327365e-02;3.5250000e+02;-4.3166976e-02;3.5250000e+02;1.4504753e-03;3.5250000e+02;6.0297452e-02;3.5250000e+02;1.3262030e-01;3.5250000e+02;1.8350184e-01;3.5250000e+02;2.0934868e-01;3.5250000e+02;1.9869186e-01;3.5250000e+02;2.1437706e-01;3.5250000e+02;1.6776836e-01;3.5250000e+02;1.0922989e-01;3.5250000e+02;5.5686846e-02;3.5250000e+02;8.4208921e-03;3.5250000e+02;-3.5976835e-02;3.5250000e+02;-7.9727843e-02;3.5250000e+02;-1.2060726e-01;3.5250000e+02;-1.6527086e-01;3.5250000e+02;-7.9203933e-02;3.5250000e+02;-7.4327365e-02;3.5250000e+02;-4.3166976e-02;3.5250000e+02;1.4504753e-03;3.5250000e+02;6.0297452e-02;3.5250000e+02;1.3262030e-01;3.5250000e+02;1.8350184e-01;3.5250000e+02;2.0934868e-01;3.5250000e+02;1.9869186e-01;3.5250000e+02;2.1437706e-01;3.5250000e+02;1.6776836e-01;3.5250000e+02;1.0922989e-01;3.5250000e+02;5.5686846e-02;3.5250000e+02;8.4208921e-03;3.5250000e+02;-3.5976835e-02;3.5250000e+02;-7.9727843e-02;3.5250000e+02;-1.2060726e-01;3.5250000e+02;-1.6527086e-01;3.5250000e+02;-7.9203933e-02;3.5250000e+02;-7.4327365e-02;3.5250000e+02;-4.3166976e-02;3.5250000e+02;1.4504753e-03;3.5250000e+02;6.0297452e-02;3.5250000e+02;1.3262030e-01;3.5250000e+02;1.8350184e-01;3.5250000e+02;2.0934868e-01;3.5250000e+02;1.9869186e-01;3.5250000e+02;2.1437706e-01;3.5250000e+02;1.6776836e-01;3.5250000e+02;1.0922989e-01;3.5250000e+02;5.5686846e-02;3.5250000e+02;8.4208921e-03;3.5250000e+02;-3.5976835e-02;3.5250000e+02;-7.9727843e-02;3.5250000e+02;-1.2060726e-01;3.5250000e+02;-1.6527086e-01;3.5250000e+02;-7.9203933e-02;3.5250000e+02;-7.4327365e-02;3.5250000e+02;-4.3166976e-02;3.5250000e+02;1.4504753e-03;3.5250000e+02;6.0297452e-02;3.5250000e+02;1.3262030e-01;3.5250000e+02;1.8350184e-01;3.5250000e+02;2.0934868e-01;3.5250000e+02;1.9869186e-01;3.5250000e+02;2.1437706e-01;3.5250000e+02;1.6776836e-01;3.5250000e+02;1.0922989e-01;3.5250000e+02;5.5686846e-02;3.5250000e+02;8.4208921e-03;3.5250000e+02;-3.5976835e-02;3.5250000e+02;-7.9727843e-02;3.5250000e+02;-1.2060726e-01;3.5250000e+02;-1.6527086e-01;3.5250000e+02;-7.9203933e-02;3.5250000e+02;-7.4327365e-02;3.5250000e+02;-4.3166976e-02;3.5250000e+02;1.4504753e-03;3.5250000e+02;6.0297452e-02;3.5250000e+02;1.3262030e-01;3.5250000e+02;1.8350184e-01;3.5250000e+02;2.0934868e-01;3.5250000e+02;1.9869186e-01;3.5250000e+02;2.1437706e-01;3.5250000e+02;1.6776836e-01;3.5250000e+02;1.0922989e-01;3.5250000e+02;5.5686846e-02;3.5250000e+02;8.4208921e-03;3.5250000e+02;-3.5976835e-02;3.5250000e+02;-7.9727843e-02;3.5250000e+02;-1.2060726e-01;3.5250000e+02;-1.6527086e-01;3.5250000e+02;-7.9203933e-02;3.5250000e+02;-7.4327365e-02;3.5250000e+02;-4.3166976e-02;3.5250000e+02;1.4504753e-03;3.5250000e+02;6.0297452e-02;3.5250000e+02;1.3262030e-01;3.5250000e+02;1.8350184e-01;3.5250000e+02;2.0934868e-01;3.5250000e+02;1.9869186e-01;3.5250000e+02;2.1437706e-01;3.5250000e+02;1.6776836e-01;3.5250000e+02;1.0922989e-01;3.5250000e+02;5.5686846e-02;3.5250000e+02;8.4208921e-03;3.5250000e+02;-3.5976835e-02;3.5250000e+02;-7.9727843e-02;3.5250000e+02;-1.2060726e-01;3.5250000e+02;-1.6527086e-01;3.5250000e+02;-7.9203933e-02;3.5250000e+02;-7.4327365e-02;3.5250000e+02;-4.3166976e-02;3.5250000e+02;1.4504753e-03;3.5250000e+02;6.0297452e-02;3.5250000e+02;1.3262030e-01;3.5250000e+02;1.8350184e-01;3.5250000e+02;2.0934868e-01;3.5250000e+02;1.9869186e-01;3.5250000e+02;2.1437706e-01;3.5250000e+02;1.6776836e-01;3.5250000e+02;1.0922989e-01;3.5250000e+02;5.5686846e-02;3.5250000e+02;8.4208921e-03;3.5250000e+02;-3.5976835e-02;3.5250000e+02;-7.9727843e-02;3.5250000e+02;-1.2060726e-01;3.5250000e+02;-1.6527086e-01;3.5250000e+02;-7.9203933e-02;3.5250000e+02;-7.4327365e-02;3.5250000e+02;-4.3166976e-02;3.5250000e+02;1.4504753e-03;3.5250000e+02;6.0297452e-02;3.5250000e+02;1.3262030e-01;3.5250000e+02;1.8350184e-01;3.5250000e+02;2.0934868e-01;3.5250000e+02;1.9869186e-01;3.5250000e+02;2.1437706e-01;3.5250000e+02;1.6776836e-01;3.5250000e+02;1.0922989e-01;3.5250000e+02;5.5686846e-02;3.5250000e+02;8.4208921e-03;3.5250000e+02;-3.5976835e-02;3.5250000e+02;-7.9727843e-02;3.5250000e+02;-1.2060726e-01;3.5250000e+02;-1.6527086e-01;3.5250000e+02;-7.9203933e-02;3.5250000e+02;-7.4327365e-02;3.5250000e+02;-4.3166976e-02;3.5250000e+02;1.4504753e-03;3.5250000e+02;6.0297452e-02;3.5250000e+02;1.3262030e-01;3.5250000e+02;1.8350184e-01;3.5250000e+02;2.0934868e-01;3.5250000e+02;1.9869186e-01;3.5250000e+02;2.1437706e-01;3.5250000e+02;1.6776836e-01;3.5250000e+02;1.0922989e-01;3.5250000e+02;5.5686846e-02;3.5250000e+02;8.4208921e-03;3.5250000e+02;-3.5976835e-02;3.5250000e+02;-7.9727843e-02;3.5250000e+02;-1.2060726e-01;3.5250000e+02;-1.6527086e-01;3.5250000e+02;-7.9203933e-02;3.5250000e+02;-7.4327365e-02;3.5250000e+02;-4.3166976e-02;3.5250000e+02;1.4504753e-03;3.5250000e+02;6.0297452e-02;3.5250000e+02;1.3262030e-01;3.5250000e+02;1.8350184e-01;3.5250000e+02;2.0934868e-01;3.5250000e+02;1.9869186e-01;3.5250000e+02;2.1437706e-01;3.5250000e+02;1.6776836e-01;3.5250000e+02;1.0922989e-01;3.5250000e+02;5.5686846e-02;3.5250000e+02;8.4208921e-03;3.5250000e+02;-3.5976835e-02;3.5250000e+02;-7.9727843e-02;3.5250000e+02;-1.2060726e-01;3.5250000e+02;-1.6527086e-01;3.5250000e+02;-7.9203933e-02;3.5250000e+02;-7.4327365e-02;3.5250000e+02;-4.3166976e-02;3.5250000e+02;1.4504753e-03;3.5250000e+02;6.0297452e-02;3.5250000e+02;1.3262030e-01;3.5250000e+02;1.8350184e-01;3.5250000e+02;2.0934868e-01;3.5250000e+02;1.9869186e-01;3.5250000e+02;2.1437706e-01;3.5250000e+02;1.6776836e-01;3.5250000e+02;1.0922989e-01;3.5250000e+02;5.5686846e-02;3.5250000e+02;8.4208921e-03;3.5250000e+02;-3.5976835e-02;3.5250000e+02;-7.9727843e-02;3.5250000e+02;-1.2060726e-01;3.5250000e+02;-1.6527086e-01;3.5250000e+02;-7.9203933e-02;3.5250000e+02;-7.4327365e-02;3.5250000e+02;-4.3166976e-02;3.5250000e+02;1.4504753e-03;3.5250000e+02;6.0297452e-02;3.5250000e+02;1.3262030e-01;3.5250000e+02;1.8350184e-01;3.5250000e+02;2.0934868e-01;3.5250000e+02;1.9869186e-01;3.5250000e+02;2.1437706e-01;3.5250000e+02;1.6776836e-01;3.5250000e+02;1.0922989e-01;3.5250000e+02;5.5686846e-02;3.5250000e+02;8.4208921e-03;3.5250000e+02;-3.5976835e-02;3.5250000e+02;-7.9727843e-02;3.5250000e+02;-1.2060726e-01;3.5250000e+02;-1.6527086e-01;3.5250000e+02;-7.9203933e-02;3.5250000e+02;-7.4327365e-02;3.5250000e+02;-4.3166976e-02;3.5250000e+02;1.4504753e-03;3.5250000e+02;6.0297452e-02;3.5250000e+02;1.3262030e-01;3.5250000e+02;1.8350184e-01;3.5250000e+02;2.0934868e-01;3.5250000e+02;1.9869186e-01;3.5250000e+02;2.1437706e-01;3.5250000e+02;1.6776836e-01;3.5250000e+02;1.0922989e-01;3.5250000e+02;5.5686846e-02;3.5250000e+02;8.4208921e-03;3.5250000e+02;-3.5976835e-02;3.5250000e+02;-7.9727843e-02;3.5250000e+02;-1.2060726e-01;3.5250000e+02;-1.6527086e-01;3.5250000e+02;-7.9203933e-02;3.5250000e+02;-7.4327365e-02;3.5250000e+02;-4.3166976e-02;3.5250000e+02;1.4504753e-03;3.5250000e+02;6.0297452e-02;3.5250000e+02;1.3262030e-01;3.5250000e+02;1.8350184e-01;3.5250000e+02;2.0934868e-01;3.5250000e+02;1.9869186e-01;3.5250000e+02;2.1437706e-01;3.5250000e+02;1.6776836e-01;3.5250000e+02;1.0922989e-01;3.5250000e+02;5.5686846e-02;3.5250000e+02;8.4208921e-03;3.5250000e+02;-3.5976835e-02;3.5250000e+02;-7.9727843e-02;3.5250000e+02;-1.2060726e-01;3.5250000e+02;-1.6527086e-01;3.5250000e+02;-7.9203933e-02;3.5250000e+02;-7.4327365e-02;3.5250000e+02;-4.3166976e-02;3.5250000e+02;1.4504753e-03;3.5250000e+02;6.0297452e-02;3.5250000e+02;1.3262030e-01;3.5250000e+02;1.8350184e-01;3.5250000e+02;2.0934868e-01;3.5250000e+02;1.9869186e-01;3.5250000e+02;2.1437706e-01;3.5250000e+02;1.6776836e-01;3.5250000e+02;1.0922989e-01;3.5250000e+02;5.5686846e-02;3.5250000e+02;8.4208921e-03;3.5250000e+02;-3.5976835e-02;3.5250000e+02;-7.9727843e-02;3.5250000e+02;-1.2060726e-01;3.5250000e+02;-1.6527086e-01;3.5250000e+02;-7.9203933e-02;3.5250000e+02;-7.4327365e-02;3.5250000e+02;-4.3166976e-02;3.5250000e+02;1.4504753e-03;3.5250000e+02;6.0297452e-02;3.5250000e+02;1.3262030e-01;3.5250000e+02;1.8350184e-01;3.5250000e+02;2.0934868e-01;3.5250000e+02;1.9869186e-01;3.5250000e+02;2.1437706e-01;3.5250000e+02;1.6776836e-01;3.5250000e+02;1.0922989e-01;3.5250000e+02;5.5686846e-02;3.5250000e+02;8.4208921e-03;3.5250000e+02;-3.5976835e-02;3.5250000e+02;-7.9727843e-02;3.5250000e+02;-1.2060726e-01;3.5250000e+02;-1.6527086e-01;3.5250000e+02;-7.9203933e-02;3.5250000e+02;-7.4327365e-02;3.5250000e+02;-4.3166976e-02;3.5250000e+02;1.4504753e-03;3.5250000e+02;6.0297452e-02;3.5250000e+02;1.3262030e-01;3.5250000e+02;1.8350184e-01;3.5250000e+02;2.0934868e-01;3.5250000e+02;1.9869186e-01;3.5250000e+02;2.1437706e-01;3.5250000e+02;1.6776836e-01;3.5250000e+02;1.0922989e-01;3.5250000e+02;5.5686846e-02;3.5250000e+02;8.4208921e-03;3.5250000e+02;-3.5976835e-02;3.5250000e+02;-7.9727843e-02;3.5250000e+02;-1.2060726e-01;3.5250000e+02;-1.6527086e-01;3.5250000e+02;-7.9203933e-02;3.5250000e+02;-7.4327365e-02;3.5250000e+02;-4.3166976e-02;3.5250000e+02;1.4504753e-03;3.5250000e+02;6.0297452e-02;3.5250000e+02;1.3262030e-01;3.5250000e+02;1.8350184e-01;3.5250000e+02;2.0934868e-01;3.5250000e+02;1.9869186e-01;3.5250000e+02;2.1437706e-01;3.5250000e+02;1.6776836e-01;3.5250000e+02;1.0922989e-01;3.5250000e+02;5.5686846e-02;3.5250000e+02;8.4208921e-03;3.5250000e+02;-3.5976835e-02;3.5250000e+02;-7.9727843e-02;3.5250000e+02;-1.2060726e-01;3.5250000e+02;-1.6527086e-01;3.5250000e+02;-7.9203933e-02;3.5250000e+02;-7.4327365e-02;3.5250000e+02;-4.3166976e-02;3.5250000e+02;1.4504753e-03;3.5250000e+02;6.0297452e-02;3.5250000e+02;1.3262030e-01;3.5250000e+02;1.8350184e-01;3.5250000e+02;2.0934868e-01;3.5250000e+02;1.9869186e-01;3.5250000e+02;2.1437706e-01;3.5250000e+02;1.6776836e-01;3.5250000e+02;1.0922989e-01;3.5250000e+02;5.5686846e-02;3.5250000e+02;8.4208921e-03;3.5250000e+02;-3.5976835e-02;3.5250000e+02;-7.9727843e-02;3.5250000e+02;-1.2060726e-01;3.5250000e+02;-1.6527086e-01;3.5250000e+02;-7.9203933e-02;3.5250000e+02;-7.4327365e-02;3.5250000e+02;-4.3166976e-02;3.5250000e+02;1.4504753e-03;3.5250000e+02;6.0297452e-02;3.5250000e+02;1.3262030e-01;3.5250000e+02;1.8350184e-01;3.5250000e+02;2.0934868e-01;3.5250000e+02;1.9869186e-01;3.5250000e+02;2.1437706e-01;3.5250000e+02;1.6776836e-01;3.5250000e+02;1.0922989e-01;3.5250000e+02;5.5686846e-02;3.5250000e+02;8.4208921e-03;3.5250000e+02;-3.5976835e-02;3.5250000e+02;-7.9727843e-02;3.5250000e+02;-1.2060726e-01;3.5250000e+02;-1.6527086e-01;3.5250000e+02;-7.9203933e-02;3.5250000e+02;-7.4327365e-02;3.5250000e+02;-4.3166976e-02;3.5250000e+02;1.4504753e-03;3.5250000e+02;6.0297452e-02;3.5250000e+02;1.3262030e-01;3.5250000e+02;1.8350184e-01;3.5250000e+02;2.0934868e-01;3.5250000e+02;1.9869186e-01;3.5250000e+02;2.1437706e-01;3.5250000e+02;1.6776836e-01;3.5250000e+02;1.0922989e-01;3.5250000e+02;5.5686846e-02;3.5250000e+02;8.4208921e-03;3.5250000e+02;-3.5976835e-02;3.5250000e+02;-7.9727843e-02;3.5250000e+02;-1.2060726e-01;3.5250000e+02;-1.6527086e-01;3.5250000e+02;-7.9203933e-02;3.5250000e+02;-7.4327365e-02;3.5250000e+02;-4.3166976e-02;3.5250000e+02;1.4504753e-03;3.5250000e+02;6.0297452e-02;3.5250000e+02;1.3262030e-01;3.5250000e+02;1.8350184e-01;3.5250000e+02;2.0934868e-01;3.5250000e+02;1.9869186e-01;3.5250000e+02;2.1437706e-01;3.5250000e+02;1.6776836e-01;3.5250000e+02;1.0922989e-01;3.5250000e+02;5.5686846e-02;3.5250000e+02;8.4208921e-03;3.5250000e+02;-3.5976835e-02;3.5250000e+02;-7.9727843e-02;3.5250000e+02;-1.2060726e-01;3.5250000e+02;-1.6527086e-01;3.5250000e+02;-7.9203933e-02;3.5250000e+02;-7.4327365e-02;3.5250000e+02;-4.3166976e-02;3.5250000e+02;1.4504753e-03;3.5250000e+02;6.0297452e-02;3.5250000e+02;1.3262030e-01;3.5250000e+02;1.8350184e-01;3.5250000e+02;2.0934868e-01;3.5250000e+02;1.9869186e-01;3.5250000e+02;2.1437706e-01;3.5250000e+02;1.6776836e-01;3.5250000e+02;1.0922989e-01;3.5250000e+02;5.5686846e-02;3.5250000e+02;8.4208921e-03;3.5250000e+02;-3.5976835e-02;3.5250000e+02;-7.9727843e-02;3.5250000e+02;-1.2060726e-01;3.5250000e+02;-1.6527086e-01;3.5250000e+02;-7.9203933e-02;3.5250000e+02;-7.4327365e-02;3.5250000e+02;-4.3166976e-02;3.5250000e+02;1.4504753e-03;3.5250000e+02;6.0297452e-02;3.5250000e+02;1.3262030e-01;3.5250000e+02;1.8350184e-01;3.5250000e+02;2.0934868e-01;3.5250000e+02;1.9869186e-01;3.5250000e+02;2.1437706e-01;3.5250000e+02;1.6776836e-01;3.5250000e+02;1.0922989e-01;3.5250000e+02;5.5686846e-02;3.5250000e+02;8.4208921e-03;3.5250000e+02;-3.5976835e-02;3.5250000e+02;-7.9727843e-02;3.5250000e+02;-1.2060726e-01;3.5250000e+02;-1.6527086e-01;3.5250000e+02;-7.9203933e-02;3.5250000e+02;-7.4327365e-02;3.5250000e+02;-4.3166976e-02;3.5250000e+02;1.4504753e-03;3.5250000e+02;6.0297452e-02;3.5250000e+02;1.3262030e-01;3.5250000e+02;1.8350184e-01;3.5250000e+02;2.0934868e-01;3.5250000e+02;1.9869186e-01;3.5250000e+02;2.1437706e-01;3.5250000e+02;1.6776836e-01;3.5250000e+02;1.0922989e-01;3.5250000e+02;5.5686846e-02;3.5250000e+02;8.4208921e-03;3.5250000e+02;-3.5976835e-02;3.5250000e+02;-7.9727843e-02;3.5250000e+02;-1.2060726e-01;3.5250000e+02;-1.6527086e-01;3.5250000e+02;-7.9203933e-02;3.5250000e+02;-7.4327365e-02;3.5250000e+02;-4.3166976e-02;3.5250000e+02;1.4504753e-03;3.5250000e+02;6.0297452e-02;3.5250000e+02;1.3262030e-01;3.5250000e+02;1.8350184e-01;3.5250000e+02;2.0934868e-01;3.5250000e+02;1.9869186e-01;3.5250000e+02;2.1437706e-01;3.5250000e+02;1.6776836e-01;3.5250000e+02;1.0922989e-01;3.5250000e+02;5.5686846e-02;3.5250000e+02;8.4208921e-03;3.5250000e+02;-3.5976835e-02;3.5250000e+02;-7.9727843e-02;3.5250000e+02;-1.2060726e-01;3.5250000e+02;-1.6527086e-01;3.5250000e+02;-7.9203933e-02;3.5250000e+02;-7.4327365e-02;3.5250000e+02;-4.3166976e-02;3.5250000e+02;1.4504753e-03;3.5250000e+02;6.0297452e-02;3.5250000e+02;1.3262030e-01;3.5250000e+02;1.8350184e-01;3.5250000e+02;2.0934868e-01;3.5250000e+02;1.9869186e-01;3.5250000e+02;2.1437706e-01;3.5250000e+02;1.6776836e-01;3.5250000e+02;1.0922989e-01;3.5250000e+02;5.5686846e-02;3.5250000e+02;8.4208921e-03;3.5250000e+02;-3.5976835e-02;3.5250000e+02;-7.9727843e-02;3.5250000e+02;-1.2060726e-01;3.5250000e+02;-1.6527086e-01;3.5250000e+02;-7.9203933e-02;3.5250000e+02;-7.4327365e-02;3.5250000e+02;-4.3166976e-02;3.5250000e+02;1.4504753e-03;3.5250000e+02;6.0297452e-02;3.5250000e+02;1.3262030e-01;3.5250000e+02;1.8350184e-01;3.5250000e+02;2.0934868e-01;3.5250000e+02;1.9869186e-01;3.5250000e+02;2.1437706e-01;3.5250000e+02;1.6776836e-01;3.5250000e+02;1.0922989e-01;3.5250000e+02;5.5686846e-02;3.5250000e+02;8.4208921e-03;3.5250000e+02;-3.5976835e-02;3.5250000e+02;-7.9727843e-02;3.5250000e+02;-1.2060726e-01;3.5250000e+02;-1.6527086e-01;3.5250000e+02;-7.9203933e-02;3.5250000e+02;-7.4327365e-02;3.5250000e+02;-4.3166976e-02;3.5250000e+02;1.4504753e-03;3.5250000e+02;6.0297452e-02;3.5250000e+02;1.3262030e-01;3.5250000e+02;1.8350184e-01;3.5250000e+02;2.0934868e-01;3.5250000e+02;1.9869186e-01;3.5250000e+02;2.1437706e-01;3.5250000e+02;1.6776836e-01;3.5250000e+02;1.0922989e-01;3.5250000e+02;5.5686846e-02;3.5250000e+02;8.4208921e-03;3.5250000e+02;-3.5976835e-02;3.5250000e+02;-7.9727843e-02;3.5250000e+02;-1.2060726e-01;3.5250000e+02;-1.6527086e-01;3.5250000e+02;-7.9203933e-02;3.5250000e+02;-7.4327365e-02;3.5250000e+02;-4.3166976e-02;3.5250000e+02;1.4504753e-03;3.5250000e+02;6.0297452e-02;3.5250000e+02;1.3262030e-01;3.5250000e+02;1.8350184e-01;3.5250000e+02;2.0934868e-01;3.5250000e+02;1.9869186e-01;3.5250000e+02;2.1437706e-01;3.5250000e+02;1.6776836e-01;3.5250000e+02;1.0922989e-01;3.5250000e+02;5.5686846e-02;3.5250000e+02;8.4208921e-03;3.5250000e+02;-3.5976835e-02;3.5250000e+02;-7.9727843e-02;3.5250000e+02;-1.2060726e-01;3.5250000e+02;-1.6527086e-01;3.5250000e+02;-7.9203933e-02;3.5250000e+02;-7.4327365e-02;3.5250000e+02;-4.3166976e-02;3.5250000e+02;1.4504753e-03;3.5250000e+02;6.0297452e-02;3.5250000e+02;1.3262030e-01;3.5250000e+02;1.8350184e-01;3.5250000e+02;2.0934868e-01;3.5250000e+02;1.9869186e-01;3.5250000e+02;2.1437706e-01;3.5250000e+02;1.6776836e-01;3.5250000e+02;1.0922989e-01;3.5250000e+02;5.5686846e-02;3.5250000e+02;8.4208921e-03;3.5250000e+02;-3.5976835e-02;3.5250000e+02;-7.9727843e-02;3.5250000e+02;-1.2060726e-01;3.5250000e+02;-1.6527086e-01;3.5250000e+02;-7.9203933e-02;3.5250000e+02;-7.4327365e-02;3.5250000e+02;-4.3166976e-02;3.5250000e+02;1.4504753e-03;3.5250000e+02;6.0297452e-02;3.5250000e+02;1.3262030e-01;3.5250000e+02;1.8350184e-01;3.5250000e+02;2.0934868e-01;3.5250000e+02;1.9869186e-01;3.5250000e+02;2.1437706e-01;3.5250000e+02;1.6776836e-01;3.5250000e+02;1.0922989e-01;3.5250000e+02;5.5686846e-02;3.5250000e+02;8.4208921e-03;3.5250000e+02;-3.5976835e-02;3.5250000e+02;-7.9727843e-02;3.5250000e+02;-1.2060726e-01;3.5250000e+02;-1.6527086e-01;3.5250000e+02;-7.9203933e-02;3.5250000e+02;-7.4327365e-02;3.5250000e+02;-4.3166976e-02;3.5250000e+02;1.4504753e-03;3.5250000e+02;6.0297452e-02;3.5250000e+02;1.3262030e-01;3.5250000e+02;1.8350184e-01;3.5250000e+02;2.0934868e-01;3.5250000e+02;1.9869186e-01;3.5250000e+02;2.1437706e-01;3.5250000e+02;1.6776836e-01;3.5250000e+02;1.0922989e-01;3.5250000e+02;5.5686846e-02;3.5250000e+02;8.4208921e-03;3.5250000e+02;-3.5976835e-02;3.5250000e+02;-7.9727843e-02;3.5250000e+02;-1.2060726e-01;3.5250000e+02;-1.6527086e-01;3.5250000e+02;-7.9203933e-02;3.5250000e+02;-7.4327365e-02;3.5250000e+02;-4.3166976e-02;3.5250000e+02;1.4504753e-03;3.5250000e+02;6.0297452e-02;3.5250000e+02;1.3262030e-01;3.5250000e+02;1.8350184e-01;3.5250000e+02;2.0934868e-01;3.5250000e+02;1.9869186e-01;3.5250000e+02;2.1437706e-01;3.5250000e+02;1.6776836e-01;3.5250000e+02;1.0922989e-01;3.5250000e+02;5.5686846e-02;3.5250000e+02;8.4208921e-03;3.5250000e+02;-3.5976835e-02;3.5250000e+02;-7.9727843e-02;3.5250000e+02;-1.2060726e-01;3.5250000e+02;-1.6527086e-01;3.5250000e+02;-7.9203933e-02;3.5250000e+02;-7.4327365e-02;3.5250000e+02;-4.3166976e-02;3.5250000e+02;1.4504753e-03;3.5250000e+02;6.0297452e-02;3.5250000e+02;1.3262030e-01;3.5250000e+02;1.8350184e-01;3.5250000e+02;2.0934868e-01;3.5250000e+02;1.9869186e-01;3.5250000e+02;2.1437706e-01;3.5250000e+02;1.6776836e-01;3.5250000e+02;1.0922989e-01;3.5250000e+02;5.5686846e-02;3.5250000e+02;8.4208921e-03;3.5250000e+02;-3.5976835e-02;3.5250000e+02;-7.9727843e-02;3.5250000e+02;-1.2060726e-01;3.5250000e+02;-1.6527086e-01;3.5250000e+02;-7.9203933e-02;3.5250000e+02;-7.4327365e-02;3.5250000e+02;-4.3166976e-02;3.5250000e+02;1.4504753e-03;3.5250000e+02;6.0297452e-02;3.5250000e+02;1.3262030e-01;3.5250000e+02;1.8350184e-01;3.5250000e+02;2.0934868e-01;3.5250000e+02;1.9869186e-01;3.5250000e+02;2.1437706e-01;3.5250000e+02;1.6776836e-01;3.5250000e+02;1.0922989e-01;3.5250000e+02;5.5686846e-02;3.5250000e+02;8.4208921e-03;3.5250000e+02;-3.5976835e-02;3.5250000e+02;-7.9727843e-02;3.5250000e+02;-1.2060726e-01;3.5250000e+02;-1.6527086e-01;3.5250000e+02;-7.9203933e-02;3.5250000e+02;-7.4327365e-02;3.5250000e+02;-4.3166976e-02;3.5250000e+02;1.4504753e-03;3.5250000e+02;6.0297452e-02;3.5250000e+02;1.3262030e-01;3.5250000e+02;1.8350184e-01;3.5250000e+02;2.0934868e-01;3.5250000e+02;1.9869186e-01;3.5250000e+02;2.1437706e-01;3.5250000e+02;1.6776836e-01;3.5250000e+02;1.0922989e-01;3.5250000e+02;5.5686846e-02;3.5250000e+02;8.4208921e-03;3.5250000e+02;-3.5976835e-02;3.5250000e+02;-7.9727843e-02;3.5250000e+02;-1.2060726e-01;3.5250000e+02;-1.6527086e-01;3.5250000e+02;-7.9203933e-02;3.5250000e+02;-7.4327365e-02;3.5250000e+02;-4.3166976e-02;3.5250000e+02;1.4504753e-03;3.5250000e+02;6.0297452e-02;3.5250000e+02;1.3262030e-01;3.5250000e+02;1.8350184e-01;3.5250000e+02;2.0934868e-01;3.5250000e+02;1.9869186e-01;3.5250000e+02;2.1437706e-01;3.5250000e+02;1.6776836e-01;3.5250000e+02;1.0922989e-01;3.5250000e+02;5.5686846e-02;3.5250000e+02;8.4208921e-03;3.5250000e+02;-3.5976835e-02;3.5250000e+02;-7.9727843e-02;3.5250000e+02;-1.2060726e-01;3.5250000e+02;-1.6527086e-01;3.5250000e+02;-7.9203933e-02;3.5250000e+02;-7.4327365e-02;3.5250000e+02;-4.3166976e-02;3.5250000e+02;1.4504753e-03;3.5250000e+02;6.0297452e-02;3.5250000e+02;1.3262030e-01;3.5250000e+02;1.8350184e-01;3.5250000e+02;2.0934868e-01;3.5250000e+02;1.9869186e-01;3.5250000e+02;2.1437706e-01;3.5250000e+02;1.6776836e-01;3.5250000e+02;1.0922989e-01;3.5250000e+02;5.5686846e-02;3.5250000e+02;8.4208921e-03;3.5250000e+02;-3.5976835e-02;3.5250000e+02;-7.9727843e-02;3.5250000e+02;-1.2060726e-01;3.5250000e+02;-1.6527086e-01;3.5250000e+02;-7.9203933e-02;3.5250000e+02;-7.4327365e-02;3.5250000e+02;-4.3166976e-02;3.5250000e+02;1.4504753e-03;3.5250000e+02;6.0297452e-02;3.5250000e+02;1.3262030e-01;3.5250000e+02;1.8350184e-01;3.5250000e+02;2.0934868e-01;3.5250000e+02;1.9869186e-01;3.5250000e+02;2.1437706e-01;3.5250000e+02;1.6776836e-01;3.5250000e+02;1.0922989e-01;3.5250000e+02;5.5686846e-02;3.5250000e+02;8.4208921e-03;3.5250000e+02;-3.5976835e-02;3.5250000e+02;-7.9727843e-02;3.5250000e+02;-1.2060726e-01;3.5250000e+02;-1.6527086e-01;3.5250000e+02;-7.9203933e-02;3.5250000e+02;-7.4327365e-02;3.5250000e+02;-4.3166976e-02;3.5250000e+02;1.4504753e-03;3.5250000e+02;6.0297452e-02;3.5250000e+02;1.3262030e-01;3.5250000e+02;1.8350184e-01;3.5250000e+02;2.0934868e-01;3.5250000e+02;1.9869186e-01;3.5250000e+02;2.1437706e-01;3.5250000e+02;1.6776836e-01;3.5250000e+02;1.0922989e-01;3.5250000e+02;5.5686846e-02;3.5250000e+02;8.4208921e-03;3.5250000e+02;-3.5976835e-02;3.5250000e+02;-7.9727843e-02;3.5250000e+02;-1.2060726e-01;3.5250000e+02;-1.6527086e-01;3.5250000e+02;-7.9203933e-02;3.5250000e+02;-7.4327365e-02;3.5250000e+02;-4.3166976e-02;3.5250000e+02;1.4504753e-03;3.5250000e+02;6.0297452e-02;3.5250000e+02;1.3262030e-01;3.5250000e+02;1.8350184e-01;3.5250000e+02;2.0934868e-01;3.5250000e+02;1.9869186e-01;3.5250000e+02;2.1437706e-01;3.5250000e+02;1.6776836e-01;3.5250000e+02;1.0922989e-01;3.5250000e+02;5.5686846e-02;3.5250000e+02;8.4208921e-03;3.5250000e+02;-3.5976835e-02;3.5250000e+02;-7.9727843e-02;3.5250000e+02;-1.2060726e-01;3.5250000e+02;-1.6527086e-01;3.5250000e+02;-7.9203933e-02;3.5250000e+02;-7.4327365e-02;3.5250000e+02;-4.3166976e-02;3.5250000e+02;1.4504753e-03;3.5250000e+02;6.0297452e-02;3.5250000e+02;1.3262030e-01;3.5250000e+02;1.8350184e-01;3.5250000e+02;2.0934868e-01;3.5250000e+02;1.9869186e-01;3.5250000e+02;2.1437706e-01;3.5250000e+02;1.6776836e-01;3.5250000e+02;1.0922989e-01;3.5250000e+02;5.5686846e-02;3.5250000e+02;8.4208921e-03;3.5250000e+02;-3.5976835e-02;3.5250000e+02;-7.9727843e-02;3.5250000e+02;-1.2060726e-01;3.5250000e+02;-1.6527086e-01;3.5250000e+02;-7.9203933e-02;3.5250000e+02;-7.4327365e-02;3.5250000e+02;-4.3166976e-02;3.5250000e+02;1.4504753e-03;3.5250000e+02;6.0297452e-02;3.5250000e+02;1.3262030e-01;3.5250000e+02;1.8350184e-01;3.5250000e+02;2.0934868e-01;3.5250000e+02;1.9869186e-01;3.5250000e+02;2.1437706e-01;3.5250000e+02;1.6776836e-01;3.5250000e+02;1.0922989e-01;3.5250000e+02;5.5686846e-02;3.5250000e+02;8.4208921e-03;3.5250000e+02;-3.5976835e-02;3.5250000e+02;-7.9727843e-02;3.5250000e+02;-1.2060726e-01;3.5250000e+02;-1.6527086e-01;3.5250000e+02;-7.9203933e-02;3.5250000e+02;-7.4327365e-02;3.5250000e+02;-4.3166976e-02;3.5250000e+02;1.4504753e-03;3.5250000e+02;6.0297452e-02;3.5250000e+02;1.3262030e-01;3.5250000e+02;1.8350184e-01;3.5250000e+02;2.0934868e-01;3.5250000e+02;1.9869186e-01;3.5250000e+02;2.1437706e-01;3.5250000e+02;1.6776836e-01;3.5250000e+02;1.0922989e-01;3.5250000e+02;5.5686846e-02;3.5250000e+02;8.4208921e-03;3.5250000e+02;-3.5976835e-02;3.5250000e+02;-7.9727843e-02;3.5250000e+02;-1.2060726e-01;3.5250000e+02;-1.6527086e-01;3.5250000e+02;-7.9203933e-02;3.5250000e+02;-7.4327365e-02;3.5250000e+02;-4.3166976e-02;3.5250000e+02;1.4504753e-03;3.5250000e+02;6.0297452e-02;3.5250000e+02;1.3262030e-01;3.5250000e+02;1.8350184e-01;3.5250000e+02;2.0934868e-01;3.5250000e+02;1.9869186e-01;3.5250000e+02;2.1437706e-01;3.5250000e+02;1.6776836e-01;3.5250000e+02;1.0922989e-01;3.5250000e+02;5.5686846e-02;3.5250000e+02;8.4208921e-03;3.5250000e+02;-3.5976835e-02;3.5250000e+02;-7.9727843e-02;3.5250000e+02;-1.2060726e-01;3.5250000e+02;-1.6527086e-01;3.5250000e+02;-7.9203933e-02;3.5250000e+02;-7.4327365e-02;3.5250000e+02;-4.3166976e-02;3.5250000e+02;1.4504753e-03;3.5250000e+02;6.0297452e-02;3.5250000e+02;1.3262030e-01;3.5250000e+02;1.8350184e-01;3.5250000e+02;2.0934868e-01;3.5250000e+02;1.9869186e-01;3.5250000e+02;2.1437706e-01;3.5250000e+02;1.6776836e-01;3.5250000e+02;1.0922989e-01;3.5250000e+02;5.5686846e-02;3.5250000e+02;8.4208921e-03;3.5250000e+02;-3.5976835e-02;3.5250000e+02;-7.9727843e-02;3.5250000e+02;-1.2060726e-01;3.5250000e+02;-1.6527086e-01;3.5250000e+02;-7.9203933e-02;3.5250000e+02;-7.4327365e-02;3.5250000e+02;-4.3166976e-02;3.5250000e+02;1.4504753e-03;3.5250000e+02;6.0297452e-02;3.5250000e+02;1.3262030e-01;3.5250000e+02;1.8350184e-01;3.5250000e+02;2.0934868e-01;3.5250000e+02;1.9869186e-01;3.5250000e+02;2.1437706e-01;3.5250000e+02;1.6776836e-01;3.5250000e+02;1.0922989e-01;3.5250000e+02;5.5686846e-02;3.5250000e+02;8.4208921e-03;3.5250000e+02;-3.5976835e-02;3.5250000e+02;-7.9727843e-02;3.5250000e+02;-1.2060726e-01;3.5250000e+02;-1.6527086e-01;3.5250000e+02;-7.9203933e-02;3.5250000e+02;-7.4327365e-02;3.5250000e+02;-4.3166976e-02;3.5250000e+02;1.4504753e-03;3.5250000e+02;6.0297452e-02;3.5250000e+02;1.3262030e-01;3.5250000e+02;1.8350184e-01;3.5250000e+02;2.0934868e-01;3.5250000e+02;1.9869186e-01;3.5250000e+02;2.1437706e-01;3.5250000e+02;1.6776836e-01;3.5250000e+02;1.0922989e-01;3.5250000e+02;5.5686846e-02;3.5250000e+02;8.4208921e-03;3.5250000e+02;-3.5976835e-02;3.5250000e+02;-7.9727843e-02;3.5250000e+02;-1.2060726e-01;3.5250000e+02;-1.6527086e-01;3.5250000e+02;-7.9203933e-02;3.5250000e+02;-7.4327365e-02;3.5250000e+02;-4.3166976e-02;3.5250000e+02;1.4504753e-03;3.5250000e+02;6.0297452e-02;3.5250000e+02;1.3262030e-01;3.5250000e+02;1.8350184e-01;3.5250000e+02;2.0934868e-01;3.5250000e+02;1.9869186e-01;3.5250000e+02;2.1437706e-01;3.5250000e+02;1.6776836e-01;3.5250000e+02;1.0922989e-01;3.5250000e+02;5.5686846e-02;3.5250000e+02;8.4208921e-03;3.5250000e+02;-3.5976835e-02;3.5250000e+02;-7.9727843e-02;3.5250000e+02;-1.2060726e-01;3.5250000e+02;-1.6527086e-01;3.5250000e+02;-7.9203933e-02;3.5250000e+02;-7.4327365e-02;3.5250000e+02;-4.3166976e-02;3.5250000e+02;1.4504753e-03;3.5250000e+02;6.0297452e-02;3.5250000e+02;1.3262030e-01;3.5250000e+02;1.8350184e-01;3.5250000e+02;2.0934868e-01;3.5250000e+02;1.9869186e-01;3.5250000e+02;2.1437706e-01;3.5250000e+02;1.6776836e-01;3.5250000e+02;1.0922989e-01;3.5250000e+02;5.5686846e-02;3.5250000e+02;8.4208921e-03;3.5250000e+02;-3.5976835e-02;3.5250000e+02;-7.9727843e-02;3.5250000e+02;-1.2060726e-01;3.5250000e+02;-1.6527086e-01;3.5250000e+02;-7.9203933e-02;3.5250000e+02;-7.4327365e-02;3.5250000e+02;-4.3166976e-02;3.5250000e+02;1.4504753e-03;3.5250000e+02;6.0297452e-02;3.5250000e+02;1.3262030e-01;3.5250000e+02;1.8350184e-01;3.5250000e+02;2.0934868e-01;3.5250000e+02;1.9869186e-01;3.5250000e+02;2.1437706e-01;3.5250000e+02;1.6776836e-01;3.5250000e+02;1.0922989e-01;3.5250000e+02;5.5686846e-02;3.5250000e+02;8.4208921e-03;3.5250000e+02;-3.5976835e-02;3.5250000e+02;-7.9727843e-02;3.5250000e+02;-1.2060726e-01;3.5250000e+02;-1.6527086e-01;3.5250000e+02;-7.9203933e-02;3.5250000e+02;-7.4327365e-02;3.5250000e+02;-4.3166976e-02;3.5250000e+02;1.4504753e-03;3.5250000e+02;6.0297452e-02;3.5250000e+02;1.3262030e-01;3.5250000e+02;1.8350184e-01;3.5250000e+02;2.0934868e-01;3.5250000e+02;1.9869186e-01;3.5250000e+02;2.1437706e-01;3.5250000e+02;1.6776836e-01;3.5250000e+02;1.0922989e-01;3.5250000e+02;5.5686846e-02;3.5250000e+02;8.4208921e-03;3.5250000e+02;-3.5976835e-02;3.5250000e+02;-7.9727843e-02;3.5250000e+02;-1.2060726e-01;3.5250000e+02;-1.6527086e-01;3.5250000e+02;-7.9203933e-02;3.5250000e+02;-7.4327365e-02;3.5250000e+02;-4.3166976e-02;3.5250000e+02;1.4504753e-03;3.5250000e+02;6.0297452e-02;3.5250000e+02;1.3262030e-01;3.5250000e+02;1.8350184e-01;3.5250000e+02;2.0934868e-01;3.5250000e+02;1.9869186e-01;3.5250000e+02;2.1437706e-01;3.5250000e+02;1.6776836e-01;3.5250000e+02;1.0922989e-01;3.5250000e+02;5.5686846e-02;3.5250000e+02;8.4208921e-03;3.5250000e+02;-3.5976835e-02;3.5250000e+02;-7.9727843e-02;3.5250000e+02;-1.2060726e-01;3.5250000e+02;-1.6527086e-01;3.5250000e+02;-7.9203933e-02;3.5250000e+02;-7.4327365e-02;3.5250000e+02;-4.3166976e-02;3.5250000e+02;1.4504753e-03;3.5250000e+02;6.0297452e-02;3.5250000e+02;1.3262030e-01;3.5250000e+02;1.8350184e-01;3.5250000e+02;2.0934868e-01;3.5250000e+02;1.9869186e-01;3.5250000e+02;2.1437706e-01;3.5250000e+02;1.6776836e-01;3.5250000e+02;1.0922989e-01;3.5250000e+02;5.5686846e-02;3.5250000e+02;8.4208921e-03;3.5250000e+02;-3.5976835e-02;3.5250000e+02;-7.9727843e-02;3.5250000e+02;-1.2060726e-01;3.5250000e+02;-1.6527086e-01;3.5250000e+02;-7.9203933e-02;3.5250000e+02;-7.4327365e-02;3.5250000e+02;-4.3166976e-02;3.5250000e+02;1.4504753e-03;3.5250000e+02;6.0297452e-02;3.5250000e+02;1.3262030e-01;3.5250000e+02;1.8350184e-01;3.5250000e+02;2.0934868e-01;3.5250000e+02;1.9869186e-01;3.5250000e+02;2.1437706e-01;3.5250000e+02;1.6776836e-01;3.5250000e+02;1.0922989e-01;3.5250000e+02;5.5686846e-02;3.5250000e+02;8.4208921e-03;3.5250000e+02;-3.5976835e-02;3.5250000e+02;-7.9727843e-02;3.5250000e+02;-1.2060726e-01;3.5250000e+02;-1.6527086e-01;3.5250000e+02;-7.9203933e-02;3.5250000e+02;-7.4327365e-02;3.5250000e+02;-4.3166976e-02;3.5250000e+02;1.4504753e-03;3.5250000e+02;6.0297452e-02;3.5250000e+02;1.3262030e-01;3.5250000e+02;1.8350184e-01;3.5250000e+02;2.0934868e-01;3.5250000e+02;1.9869186e-01;3.5250000e+02;2.1437706e-01;3.5250000e+02;1.6776836e-01;3.5250000e+02;1.0922989e-01;3.5250000e+02;5.5686846e-02;3.5250000e+02;8.4208921e-03;3.5250000e+02;-3.5976835e-02;3.5250000e+02;-7.9727843e-02;3.5250000e+02;-1.2060726e-01;3.5250000e+02;-1.6527086e-01;3.5250000e+02;-7.9203933e-02;3.5250000e+02;-7.4327365e-02;3.5250000e+02;-4.3166976e-02;3.5250000e+02;1.4504753e-03;3.5250000e+02;6.0297452e-02;3.5250000e+02;1.3262030e-01;3.5250000e+02;1.8350184e-01;3.5250000e+02;2.0934868e-01;3.5250000e+02;1.9869186e-01;3.5250000e+02;2.1437706e-01;3.5250000e+02;1.6776836e-01;3.5250000e+02;1.0922989e-01;3.5250000e+02;5.5686846e-02;3.5250000e+02;8.4208921e-03;3.5250000e+02;-3.5976835e-02;3.5250000e+02;-7.9727843e-02;3.5250000e+02;-1.2060726e-01;3.5250000e+02;-1.6527086e-01;3.5250000e+02;-7.9203933e-02;3.5250000e+02;-7.4327365e-02;3.5250000e+02;-4.3166976e-02;3.5250000e+02;1.4504753e-03;3.5250000e+02;6.0297452e-02;3.5250000e+02;1.3262030e-01;3.5250000e+02;1.8350184e-01;3.5250000e+02;2.0934868e-01;3.5250000e+02;1.9869186e-01;3.5250000e+02;2.1437706e-01;3.5250000e+02;1.6776836e-01;3.5250000e+02;1.0922989e-01;3.5250000e+02;5.5686846e-02;3.5250000e+02;8.4208921e-03;3.5250000e+02;-3.5976835e-02;3.5250000e+02;-7.9727843e-02;3.5250000e+02;-1.2060726e-01;3.5250000e+02;-1.6527086e-01;3.5250000e+02;-7.9203933e-02;3.5250000e+02;-7.4327365e-02;3.5250000e+02;-4.3166976e-02;3.5250000e+02;1.4504753e-03;3.5250000e+02;6.0297452e-02;3.5250000e+02;1.3262030e-01;3.5250000e+02;1.8350184e-01;3.5250000e+02;2.0934868e-01;3.5250000e+02;1.9869186e-01;3.5250000e+02;2.1437706e-01;3.5250000e+02;1.6776836e-01;3.5250000e+02;1.0922989e-01;3.5250000e+02;5.5686846e-02;3.5250000e+02;8.4208921e-03;3.5250000e+02;-3.5976835e-02;3.5250000e+02;-7.9727843e-02;3.5250000e+02;-1.2060726e-01;3.5250000e+02;-1.6527086e-01;3.5250000e+02;-7.9203933e-02;3.5250000e+02;-7.4327365e-02;3.5250000e+02;-4.3166976e-02;3.5250000e+02;1.4504753e-03;3.5250000e+02;6.0297452e-02;3.5250000e+02;1.3262030e-01;3.5250000e+02;1.8350184e-01;3.5250000e+02;2.0934868e-01;3.5250000e+02;1.9869186e-01;3.5250000e+02;2.1437706e-01;3.5250000e+02;1.6776836e-01;3.5250000e+02;1.0922989e-01;3.5250000e+02;5.5686846e-02;3.5250000e+02;8.4208921e-03;3.5250000e+02;-3.5976835e-02;3.5250000e+02;-7.9727843e-02;3.5250000e+02;-1.2060726e-01;3.5250000e+02;-1.6527086e-01;3.5250000e+02;-7.9203933e-02;3.5250000e+02;-7.4327365e-02;3.5250000e+02;-4.3166976e-02;3.5250000e+02;1.4504753e-03;3.5250000e+02;6.0297452e-02;3.5250000e+02;1.3262030e-01;3.5250000e+02;1.8350184e-01;3.5250000e+02;2.0934868e-01;3.5250000e+02;1.9869186e-01;3.5250000e+02;2.1437706e-01;3.5250000e+02;1.6776836e-01;3.5250000e+02;1.0922989e-01;3.5250000e+02;5.5686846e-02;3.5250000e+02;8.4208921e-03;3.5250000e+02;-3.5976835e-02;3.5250000e+02;-7.9727843e-02;3.5250000e+02;-1.2060726e-01;3.5250000e+02;-1.6527086e-01;3.5250000e+02;-7.9203933e-02;3.5250000e+02;-7.4327365e-02;3.5250000e+02;-4.3166976e-02;3.5250000e+02;1.4504753e-03;3.5250000e+02;6.0297452e-02;3.5250000e+02;1.3262030e-01;3.5250000e+02;1.8350184e-01;3.5250000e+02;2.0934868e-01;3.5250000e+02;1.9869186e-01;3.5250000e+02;2.1437706e-01;3.5250000e+02;1.6776836e-01;3.5250000e+02;1.0922989e-01;3.5250000e+02;5.5686846e-02;3.5250000e+02;8.4208921e-03;3.5250000e+02;-3.5976835e-02;3.5250000e+02;-7.9727843e-02;3.5250000e+02;-1.2060726e-01;3.5250000e+02;-1.6527086e-01;3.5250000e+02;-7.9203933e-02;3.5250000e+02;-7.4327365e-02;3.5250000e+02;-4.3166976e-02;3.5250000e+02;1.4504753e-03;3.5250000e+02;6.0297452e-02;3.5250000e+02;1.3262030e-01;3.5250000e+02;1.8350184e-01;3.5250000e+02;2.0934868e-01;3.5250000e+02;1.9869186e-01;3.5250000e+02;2.1437706e-01;3.5250000e+02;1.6776836e-01;3.5250000e+02;1.0922989e-01;3.5250000e+02;5.5686846e-02;3.5250000e+02;8.4208921e-03;3.5250000e+02;-3.5976835e-02;3.5250000e+02;-7.9727843e-02;3.5250000e+02;-1.2060726e-01;3.5250000e+02;-1.6527086e-01;3.5250000e+02;-7.9203933e-02;3.5250000e+02;-7.4327365e-02;3.5250000e+02;-4.3166976e-02;3.5250000e+02;1.4504753e-03;3.5250000e+02;6.0297452e-02;3.5250000e+02;1.3262030e-01;3.5250000e+02;1.8350184e-01;3.5250000e+02;2.0934868e-01;3.5250000e+02;1.9869186e-01;3.5250000e+02;2.1437706e-01;3.5250000e+02;1.6776836e-01;3.5250000e+02;1.0922989e-01;3.5250000e+02;5.5686846e-02;3.5250000e+02;8.4208921e-03;3.5250000e+02;-3.5976835e-02;3.5250000e+02;-7.9727843e-02;3.5250000e+02;-1.2060726e-01;3.5250000e+02;-1.6527086e-01;3.5250000e+02;-7.9203933e-02;3.5250000e+02;-7.4327365e-02;3.5250000e+02;-4.3166976e-02;3.5250000e+02;1.4504753e-03;3.5250000e+02;6.0297452e-02;3.5250000e+02;1.3262030e-01;3.5250000e+02;1.8350184e-01;3.5250000e+02;2.0934868e-01;3.5250000e+02;1.9869186e-01;3.5250000e+02;2.1437706e-01;3.5250000e+02;1.6776836e-01;3.5250000e+02;1.0922989e-01;3.5250000e+02;5.5686846e-02;3.5250000e+02;8.4208921e-03;3.5250000e+02;-3.5976835e-02;3.5250000e+02;-7.9727843e-02;3.5250000e+02;-1.2060726e-01;3.5250000e+02;-1.6527086e-01;3.5250000e+02;-7.9203933e-02;3.5250000e+02;-7.4327365e-02;3.5250000e+02;-4.3166976e-02;3.5250000e+02;1.4504753e-03;3.5250000e+02;6.0297452e-02;3.5250000e+02;1.3262030e-01;3.5250000e+02;1.8350184e-01;3.5250000e+02;2.0934868e-01;3.5250000e+02;1.9869186e-01;3.5250000e+02;2.1437706e-01;3.5250000e+02;1.6776836e-01;3.5250000e+02;1.0922989e-01;3.5250000e+02;5.5686846e-02;3.5250000e+02;8.4208921e-03;3.5250000e+02;-3.5976835e-02;3.5250000e+02;-7.9727843e-02;3.5250000e+02;-1.2060726e-01;3.5250000e+02;-1.6527086e-01;3.5250000e+02;-7.9203933e-02;3.5250000e+02;-7.4327365e-02;3.5250000e+02;-4.3166976e-02;3.5250000e+02;1.4504753e-03;3.5250000e+02;6.0297452e-02;3.5250000e+02;1.3262030e-01;3.5250000e+02;1.8350184e-01;3.5250000e+02;2.0934868e-01;3.5250000e+02;1.9869186e-01;3.5250000e+02;2.1437706e-01;3.5250000e+02;1.6776836e-01;3.5250000e+02;1.0922989e-01;3.5250000e+02;5.5686846e-02;3.5250000e+02;8.4208921e-03;3.5250000e+02;-3.5976835e-02;3.5250000e+02;-7.9727843e-02;3.5250000e+02;-1.2060726e-01;3.5250000e+02;-1.6527086e-01;3.5250000e+02;-7.9203933e-02;3.5250000e+02;-7.4327365e-02;3.5250000e+02;-4.3166976e-02;3.5250000e+02;1.4504753e-03;3.5250000e+02;6.0297452e-02;3.5250000e+02;1.3262030e-01;3.5250000e+02;1.8350184e-01;3.5250000e+02;2.0934868e-01;3.5250000e+02;1.9869186e-01;3.5250000e+02;2.1437706e-01;3.5250000e+02;1.6776836e-01;3.5250000e+02;1.0922989e-01;3.5250000e+02;5.5686846e-02;3.5250000e+02;8.4208921e-03;3.5250000e+02;-3.5976835e-02;3.5250000e+02;-7.9727843e-02;3.5250000e+02;-1.2060726e-01;3.5250000e+02;-1.6527086e-01;3.5250000e+02;-7.9203933e-02;3.5250000e+02;-7.4327365e-02;3.5250000e+02;-4.3166976e-02;3.5250000e+02;1.4504753e-03;3.5250000e+02;6.0297452e-02;3.5250000e+02;1.3262030e-01;3.5250000e+02;1.8350184e-01;3.5250000e+02;2.0934868e-01;3.5250000e+02;1.9869186e-01;3.5250000e+02;2.1437706e-01;3.5250000e+02;1.6776836e-01;3.5250000e+02;1.0922989e-01;3.5250000e+02;5.5686846e-02;3.5250000e+02;8.4208921e-03;3.5250000e+02;-3.5976835e-02;3.5250000e+02;-7.9727843e-02;3.5250000e+02;-1.2060726e-01;3.5250000e+02;-1.6527086e-01;3.5250000e+02;-7.9203933e-02;3.5250000e+02;-7.4327365e-02;3.5250000e+02;-4.3166976e-02;3.5250000e+02;1.4504753e-03;3.5250000e+02;6.0297452e-02;3.5250000e+02;1.3262030e-01;3.5250000e+02;1.8350184e-01;3.5250000e+02;2.0934868e-01;3.5250000e+02;1.9869186e-01;3.5250000e+02;2.1437706e-01;3.5250000e+02;1.6776836e-01;3.5250000e+02;1.0922989e-01;3.5250000e+02;5.5686846e-02;3.5250000e+02;8.4208921e-03;3.5250000e+02;-3.5976835e-02;3.5250000e+02;-7.9727843e-02;3.5250000e+02;-1.2060726e-01;3.5250000e+02;-1.6527086e-01;3.5250000e+02;-7.9203933e-02;3.5250000e+02;-7.4327365e-02;3.5250000e+02;-4.3166976e-02;3.5250000e+02;1.4504753e-03;3.5250000e+02;6.0297452e-02;3.5250000e+02;1.3262030e-01;3.5250000e+02;1.8350184e-01;3.5250000e+02;2.0934868e-01;3.5250000e+02;1.9869186e-01;3.5250000e+02;2.1437706e-01;3.5250000e+02;1.6776836e-01;3.5250000e+02;1.0922989e-01;3.5250000e+02;5.5686846e-02;3.5250000e+02;8.4208921e-03;3.5250000e+02;-3.5976835e-02;3.5250000e+02;-7.9727843e-02;3.5250000e+02;-1.2060726e-01;3.5250000e+02;-1.6527086e-01;3.5250000e+02;-7.9203933e-02;3.5250000e+02;-7.4327365e-02;3.5250000e+02;-4.3166976e-02;3.5250000e+02;1.4504753e-03;3.5250000e+02;6.0297452e-02;3.5250000e+02;1.3262030e-01;3.5250000e+02;1.8350184e-01;3.5250000e+02;2.0934868e-01;3.5250000e+02;1.9869186e-01;3.5250000e+02;2.1437706e-01;3.5250000e+02;1.6776836e-01;3.5250000e+02;1.0922989e-01;3.5250000e+02;5.5686846e-02;3.5250000e+02;8.4208921e-03;3.5250000e+02;-3.5976835e-02;3.5250000e+02;-7.9727843e-02;3.5250000e+02;-1.2060726e-01;3.5250000e+02;-1.6527086e-01;3.5250000e+02;-7.9203933e-02;3.5250000e+02;-7.4327365e-02;3.5250000e+02;-4.3166976e-02;3.5250000e+02;1.4504753e-03;3.5250000e+02;6.0297452e-02;3.5250000e+02;1.3262030e-01;3.5250000e+02;1.8350184e-01;3.5250000e+02;2.0934868e-01;3.5250000e+02;1.9869186e-01;3.5250000e+02;2.1437706e-01;3.5250000e+02;1.6776836e-01;3.5250000e+02;1.0922989e-01;3.5250000e+02;5.5686846e-02;3.5250000e+02;8.4208921e-03;3.5250000e+02;-3.5976835e-02;3.5250000e+02;-7.9727843e-02;3.5250000e+02;-1.2060726e-01;3.5250000e+02;-1.6527086e-01;3.5250000e+02;-7.9203933e-02;3.5250000e+02;-7.4327365e-02;3.5250000e+02;-4.3166976e-02;3.5250000e+02;1.4504753e-03;3.5250000e+02;6.0297452e-02;3.5250000e+02;1.3262030e-01;3.5250000e+02;1.8350184e-01;3.5250000e+02;2.0934868e-01;3.5250000e+02;1.9869186e-01;3.5250000e+02;2.1437706e-01;3.5250000e+02;1.6776836e-01;3.5250000e+02;1.0922989e-01;3.5250000e+02;5.5686846e-02;3.5250000e+02;8.4208921e-03;3.5250000e+02;-3.5976835e-02;3.5250000e+02;-7.9727843e-02;3.5250000e+02;-1.2060726e-01;3.5250000e+02;-1.6527086e-01;3.5250000e+02;-7.9203933e-02;3.5250000e+02;-7.4327365e-02;3.5250000e+02;-4.3166976e-02;3.5250000e+02;1.4504753e-03;3.5250000e+02;6.0297452e-02;3.5250000e+02;1.3262030e-01;3.5250000e+02;1.8350184e-01;3.5250000e+02;2.0934868e-01;3.5250000e+02;1.9869186e-01;3.5250000e+02;2.1437706e-01;3.5250000e+02;1.6776836e-01;3.5250000e+02;1.0922989e-01;3.5250000e+02;5.5686846e-02;3.5250000e+02;8.4208921e-03;3.5250000e+02;-3.5976835e-02;3.5250000e+02;-7.9727843e-02;3.5250000e+02;-1.2060726e-01;3.5250000e+02;-1.6527086e-01;3.5250000e+02;-7.9203933e-02;3.5250000e+02;-7.4327365e-02;3.5250000e+02;-4.3166976e-02;3.5250000e+02;1.4504753e-03;3.5250000e+02;6.0297452e-02;3.5250000e+02;1.3262030e-01;3.5250000e+02;1.8350184e-01;3.5250000e+02;2.0934868e-01;3.5250000e+02;1.9869186e-01;3.5250000e+02;2.1437706e-01;3.5250000e+02;1.6776836e-01;3.5250000e+02;1.0922989e-01;3.5250000e+02;5.5686846e-02;3.5250000e+02;8.4208921e-03;3.5250000e+02;-3.5976835e-02;3.5250000e+02;-7.9727843e-02;3.5250000e+02;-1.2060726e-01;3.5250000e+02;-1.6527086e-01;3.5250000e+02;-7.9203933e-02;3.5250000e+02;-7.4327365e-02;3.5250000e+02;-4.3166976e-02;3.5250000e+02;1.4504753e-03;3.5250000e+02;6.0297452e-02;3.5250000e+02;1.3262030e-01;3.5250000e+02;1.8350184e-01;3.5250000e+02;2.0934868e-01;3.5250000e+02;1.9869186e-01;3.5250000e+02;2.1437706e-01;3.5250000e+02;1.6776836e-01;3.5250000e+02;1.0922989e-01;3.5250000e+02;5.5686846e-02;3.5250000e+02;8.4208921e-03;3.5250000e+02;-3.5976835e-02;3.5250000e+02;-7.9727843e-02;3.5250000e+02;-1.2060726e-01;3.5250000e+02;-1.6527086e-01;3.5250000e+02;-7.9203933e-02;3.5250000e+02;-7.4327365e-02;3.5250000e+02;-4.3166976e-02;3.5250000e+02;1.4504753e-03;3.5250000e+02;6.0297452e-02;3.5250000e+02;1.3262030e-01;3.5250000e+02;1.8350184e-01;3.5250000e+02;2.0934868e-01;3.5250000e+02;1.9869186e-01;3.5250000e+02;2.1437706e-01;3.5250000e+02;1.6776836e-01;3.5250000e+02;1.0922989e-01;3.5250000e+02;5.5686846e-02;3.5250000e+02;8.4208921e-03;3.5250000e+02;-3.5976835e-02;3.5250000e+02;-7.9727843e-02;3.5250000e+02;-1.2060726e-01;3.5250000e+02;-1.6527086e-01;3.5250000e+02;-7.9203933e-02;3.5250000e+02;-7.4327365e-02;3.5250000e+02;-4.3166976e-02;3.5250000e+02;1.4504753e-03;3.5250000e+02;6.0297452e-02;3.5250000e+02;1.3262030e-01;3.5250000e+02;1.8350184e-01;3.5250000e+02;2.0934868e-01;3.5250000e+02;1.9869186e-01;3.5250000e+02;2.1437706e-01;3.5250000e+02;1.6776836e-01;3.5250000e+02;1.0922989e-01;3.5250000e+02;5.5686846e-02;3.5250000e+02;8.4208921e-03;3.5250000e+02;-3.5976835e-02;3.5250000e+02;-7.9727843e-02;3.5250000e+02;-1.2060726e-01;3.5250000e+02;-1.6527086e-01;3.5250000e+02;-7.9203933e-02;3.5250000e+02;-7.4327365e-02;3.5250000e+02;-4.3166976e-02;3.5250000e+02;1.4504753e-03;3.5250000e+02;6.0297452e-02;3.5250000e+02;1.3262030e-01;3.5250000e+02;1.8350184e-01;3.5250000e+02;2.0934868e-01;3.5250000e+02;1.9869186e-01;3.5250000e+02;2.1437706e-01;3.5250000e+02;1.6776836e-01;3.5250000e+02;1.0922989e-01;3.5250000e+02;5.5686846e-02;3.5250000e+02;8.4208921e-03;3.5250000e+02;-3.5976835e-02;3.5250000e+02;-7.9727843e-02;3.5250000e+02;-1.2060726e-01;3.5250000e+02;-1.6527086e-01;3.5250000e+02;-7.9203933e-02;3.5250000e+02;-7.4327365e-02;3.5250000e+02;-4.3166976e-02;3.5250000e+02;1.4504753e-03;3.5250000e+02;6.0297452e-02;3.5250000e+02;1.3262030e-01;3.5250000e+02;1.8350184e-01;3.5250000e+02;2.0934868e-01;3.5250000e+02;1.9869186e-01;3.5250000e+02;2.1437706e-01;3.5250000e+02;1.6776836e-01;3.5250000e+02;1.0922989e-01;3.5250000e+02;5.5686846e-02;3.5250000e+02;8.4208921e-03;3.5250000e+02;-3.5976835e-02;3.5250000e+02;-7.9727843e-02;3.5250000e+02;-1.2060726e-01;3.5250000e+02;-1.6527086e-01;3.5250000e+02;-7.9203933e-02;3.5250000e+02;-7.4327365e-02;3.5250000e+02;-4.3166976e-02;3.5250000e+02;1.4504753e-03;3.5250000e+02;6.0297452e-02;3.5250000e+02;1.3262030e-01;3.5250000e+02;1.8350184e-01;3.5250000e+02;2.0934868e-01;3.5250000e+02;1.9869186e-01;3.5250000e+02;2.1437706e-01;3.5250000e+02;1.6776836e-01;3.5250000e+02;1.0922989e-01;3.5250000e+02;5.5686846e-02;3.5250000e+02;8.4208921e-03;3.5250000e+02;-3.5976835e-02;3.5250000e+02;-7.9727843e-02;3.5250000e+02;-1.2060726e-01;3.5250000e+02;-1.6527086e-01;3.5250000e+02;-7.9203933e-02;3.5250000e+02;-7.4327365e-02;3.5250000e+02;-4.3166976e-02;3.5250000e+02;1.4504753e-03;3.5250000e+02;6.0297452e-02;3.5250000e+02;1.3262030e-01;3.5250000e+02;1.8350184e-01;3.5250000e+02;2.0934868e-01;3.5250000e+02;1.9869186e-01;3.5250000e+02;2.1437706e-01;3.5250000e+02;1.6776836e-01;3.5250000e+02;1.0922989e-01;3.5250000e+02;5.5686846e-02;3.5250000e+02;8.4208921e-03;3.5250000e+02;-3.5976835e-02;3.5250000e+02;-7.9727843e-02;3.5250000e+02;-1.2060726e-01;3.5250000e+02;-1.6527086e-01;3.5250000e+02;-7.9203933e-02;3.5250000e+02;-7.4327365e-02;3.5250000e+02;-4.3166976e-02;3.5250000e+02;1.4504753e-03;3.5250000e+02;6.0297452e-02;3.5250000e+02;1.3262030e-01;3.5250000e+02;1.8350184e-01;3.5250000e+02;2.0934868e-01;3.5250000e+02;1.9869186e-01;3.5250000e+02;2.1437706e-01;3.5250000e+02;1.6776836e-01;3.5250000e+02;1.0922989e-01;3.5250000e+02;5.5686846e-02;3.5250000e+02;8.4208921e-03;3.5250000e+02;-3.5976835e-02;3.5250000e+02;-7.9727843e-02;3.5250000e+02;-1.2060726e-01;3.5250000e+02;-1.6527086e-01;3.5250000e+02;-7.9203933e-02;3.5250000e+02;-7.4327365e-02;3.5250000e+02;-4.3166976e-02;3.5250000e+02;1.4504753e-03;3.5250000e+02;6.0297452e-02;3.5250000e+02;1.3262030e-01;3.5250000e+02;1.8350184e-01;3.5250000e+02;2.0934868e-01;3.5250000e+02;1.9869186e-01;3.5250000e+02;2.1437706e-01;3.5250000e+02;1.6776836e-01;3.5250000e+02;1.0922989e-01;3.5250000e+02;5.5686846e-02;3.5250000e+02;8.4208921e-03;3.5250000e+02;-3.5976835e-02;3.5250000e+02;-7.9727843e-02;3.5250000e+02;-1.2060726e-01;3.5250000e+02;-1.6527086e-01;3.5250000e+02;-7.9203933e-02;3.5250000e+02;-7.4327365e-02;3.5250000e+02;-4.3166976e-02;3.5250000e+02;1.4504753e-03;3.5250000e+02;6.0297452e-02;3.5250000e+02;1.3262030e-01;3.5250000e+02;1.8350184e-01;3.5250000e+02;2.0934868e-01;3.5250000e+02;1.9869186e-01;3.5250000e+02;2.1437706e-01;3.5250000e+02;1.6776836e-01;3.5250000e+02;1.0922989e-01;3.5250000e+02;5.5686846e-02;3.5250000e+02;8.4208921e-03;3.5250000e+02;-3.5976835e-02;3.5250000e+02;-7.9727843e-02;3.5250000e+02;-1.2060726e-01;3.5250000e+02;-1.6527086e-01;3.5250000e+02;-7.9203933e-02;3.5250000e+02;-7.4327365e-02;3.5250000e+02;-4.3166976e-02;3.5250000e+02;1.4504753e-03;3.5250000e+02;6.0297452e-02;3.5250000e+02;1.3262030e-01;3.5250000e+02;1.8350184e-01;3.5250000e+02;2.0934868e-01;3.5250000e+02;1.9869186e-01;3.5250000e+02;2.1437706e-01;3.5250000e+02;1.6776836e-01;3.5250000e+02;1.0922989e-01;3.5250000e+02;5.5686846e-02;3.5250000e+02;8.4208921e-03;3.5250000e+02;-3.5976835e-02;3.5250000e+02;-7.9727843e-02;3.5250000e+02;-1.2060726e-01;3.5250000e+02;-1.6527086e-01;3.5250000e+02;-7.9203933e-02;3.5250000e+02;-7.4327365e-02;3.5250000e+02;-4.3166976e-02;3.5250000e+02;1.4504753e-03;3.5250000e+02;6.0297452e-02;3.5250000e+02;1.3262030e-01;3.5250000e+02;1.8350184e-01;3.5250000e+02;2.0934868e-01;3.5250000e+02;1.9869186e-01;3.5250000e+02;2.1437706e-01;3.5250000e+02;1.6776836e-01;3.5250000e+02;1.0922989e-01;3.5250000e+02;5.5686846e-02;3.5250000e+02;8.4208921e-03;3.5250000e+02;-3.5976835e-02;3.5250000e+02;-7.9727843e-02;3.5250000e+02;-1.2060726e-01;3.5250000e+02;-1.6527086e-01;3.5250000e+02;-7.9203933e-02;3.5250000e+02;-7.4327365e-02;3.5250000e+02;-4.3166976e-02;3.5250000e+02;1.4504753e-03;3.5250000e+02;6.0297452e-02;3.5250000e+02;1.3262030e-01;3.5250000e+02;1.8350184e-01;3.5250000e+02;2.0934868e-01;3.5250000e+02;1.9869186e-01;3.5250000e+02;2.1437706e-01;3.5250000e+02;1.6776836e-01;3.5250000e+02;1.0922989e-01;3.5250000e+02;5.5686846e-02;3.5250000e+02;8.4208921e-03;3.5250000e+02;-3.5976835e-02;3.5250000e+02;-7.9727843e-02;3.5250000e+02;-1.2060726e-01;3.5250000e+02;-1.6527086e-01;3.5250000e+02;-7.9203933e-02;3.5250000e+02;-7.4327365e-02;3.5250000e+02;-4.3166976e-02;3.5250000e+02;1.4504753e-03;3.5250000e+02;6.0297452e-02;3.5250000e+02;1.3262030e-01;3.5250000e+02;1.8350184e-01;3.5250000e+02;2.0934868e-01;3.5250000e+02;1.9869186e-01;3.5250000e+02;2.1437706e-01;3.5250000e+02;1.6776836e-01;3.5250000e+02;1.0922989e-01;3.5250000e+02;5.5686846e-02;3.5250000e+02;8.4208921e-03;3.5250000e+02;-3.5976835e-02;3.5250000e+02;-7.9727843e-02;3.5250000e+02;-1.2060726e-01;3.5250000e+02;-1.6527086e-01;3.5250000e+02;-7.9203933e-02;3.5250000e+02;-7.4327365e-02;3.5250000e+02;-4.3166976e-02;3.5250000e+02;1.4504753e-03;3.5250000e+02;6.0297452e-02;3.5250000e+02;1.3262030e-01;3.5250000e+02;1.8350184e-01;3.5250000e+02;2.0934868e-01;3.5250000e+02;1.9869186e-01;3.5250000e+02;2.1437706e-01;3.5250000e+02;1.6776836e-01;3.5250000e+02;1.0922989e-01;3.5250000e+02;5.5686846e-02;3.5250000e+02;8.4208921e-03;3.5250000e+02;-3.5976835e-02;3.5250000e+02;-7.9727843e-02;3.5250000e+02;-1.2060726e-01;3.5250000e+02;-1.6527086e-01;3.5250000e+02;-7.9203933e-02;3.5250000e+02;-7.4327365e-02;3.5250000e+02;-4.3166976e-02;3.5250000e+02;1.4504753e-03;3.5250000e+02;6.0297452e-02;3.5250000e+02;1.3262030e-01;3.5250000e+02;1.8350184e-01;3.5250000e+02;2.0934868e-01;3.5250000e+02;1.9869186e-01;3.5250000e+02;2.1437706e-01;3.5250000e+02;1.6776836e-01;3.5250000e+02;1.0922989e-01;3.5250000e+02;5.5686846e-02;3.5250000e+02;8.4208921e-03;3.5250000e+02;-3.5976835e-02;3.5250000e+02;-7.9727843e-02;3.5250000e+02;-1.2060726e-01;3.5250000e+02;-1.6527086e-01;3.5250000e+02;-7.9203933e-02;3.5250000e+02;-7.4327365e-02;3.5250000e+02;-4.3166976e-02;3.5250000e+02;1.4504753e-03;3.5250000e+02;6.0297452e-02;3.5250000e+02;1.3262030e-01;3.5250000e+02;1.8350184e-01;3.5250000e+02;2.0934868e-01;3.5250000e+02;1.9869186e-01;3.5250000e+02;2.1437706e-01;3.5250000e+02;1.6776836e-01;3.5250000e+02;1.0922989e-01;3.5250000e+02;5.5686846e-02;3.5250000e+02;8.4208921e-03;3.5250000e+02;-3.5976835e-02;3.5250000e+02;-7.9727843e-02;3.5250000e+02;-1.2060726e-01;3.5250000e+02;-1.6527086e-01;3.5250000e+02;-7.9203933e-02;3.5250000e+02;-7.4327365e-02;3.5250000e+02;-4.3166976e-02;3.5250000e+02;1.4504753e-03;3.5250000e+02;6.0297452e-02;3.5250000e+02;1.3262030e-01;3.5250000e+02;1.8350184e-01;3.5250000e+02;2.0934868e-01;3.5250000e+02;1.9869186e-01;3.5250000e+02;2.1437706e-01;3.5250000e+02;1.6776836e-01;3.5250000e+02;1.0922989e-01;3.5250000e+02;5.5686846e-02;3.5250000e+02;8.4208921e-03;3.5250000e+02;-3.5976835e-02;3.5250000e+02;-7.9727843e-02;3.5250000e+02;-1.2060726e-01;3.5250000e+02;-1.6527086e-01;3.5250000e+02;-7.9203933e-02;3.5250000e+02;-7.4327365e-02;3.5250000e+02;-4.3166976e-02;3.5250000e+02;1.4504753e-03;3.5250000e+02;6.0297452e-02;3.5250000e+02;1.3262030e-01;3.5250000e+02;1.8350184e-01;3.5250000e+02;2.0934868e-01;3.5250000e+02;1.9869186e-01;3.5250000e+02;2.1437706e-01;3.5250000e+02;1.6776836e-01;3.5250000e+02;1.0922989e-01;3.5250000e+02;5.5686846e-02;3.5250000e+02;8.4208921e-03;3.5250000e+02;-3.5976835e-02;3.5250000e+02;-7.9727843e-02;3.5250000e+02;-1.2060726e-01;3.5250000e+02;-1.6527086e-01;3.5250000e+02;-7.9203933e-02;3.5250000e+02;-7.4327365e-02;3.5250000e+02;-4.3166976e-02;3.5250000e+02;1.4504753e-03;3.5250000e+02;6.0297452e-02;3.5250000e+02;1.3262030e-01;3.5250000e+02;1.8350184e-01;3.5250000e+02;2.0934868e-01;3.5250000e+02;1.9869186e-01;3.5250000e+02;2.1437706e-01;3.5250000e+02;1.6776836e-01;3.5250000e+02;1.0922989e-01;3.5250000e+02;5.5686846e-02;3.5250000e+02;8.4208921e-03;3.5250000e+02;-3.5976835e-02;3.5250000e+02;-7.9727843e-02;3.5250000e+02;-1.2060726e-01;3.5250000e+02;-1.6527086e-01;3.5250000e+02;-7.9203933e-02;3.5250000e+02;-7.4327365e-02;3.5250000e+02;-4.3166976e-02;3.5250000e+02;1.4504753e-03;3.5250000e+02;6.0297452e-02;3.5250000e+02;1.3262030e-01;3.5250000e+02;1.8350184e-01;3.5250000e+02;2.0934868e-01;3.5250000e+02;1.9869186e-01;3.5250000e+02;2.1437706e-01;3.5250000e+02;1.6776836e-01;3.5250000e+02;1.0922989e-01;3.5250000e+02;5.5686846e-02;3.5250000e+02;8.4208921e-03;3.5250000e+02;-3.5976835e-02;3.5250000e+02;-7.9727843e-02;3.5250000e+02;-1.2060726e-01;3.5250000e+02;-1.6527086e-01;3.5250000e+02;-7.9203933e-02;3.5250000e+02;-7.4327365e-02;3.5250000e+02;-4.3166976e-02;3.5250000e+02;1.4504753e-03;3.5250000e+02;6.0297452e-02;3.5250000e+02;1.3262030e-01;3.5250000e+02;1.8350184e-01;3.5250000e+02;2.0934868e-01;3.5250000e+02;1.9869186e-01;3.5250000e+02;2.1437706e-01;3.5250000e+02;1.6776836e-01;3.5250000e+02;1.0922989e-01;3.5250000e+02;5.5686846e-02;3.5250000e+02;8.4208921e-03;3.5250000e+02;-3.5976835e-02;3.5250000e+02;-7.9727843e-02;3.5250000e+02;-1.2060726e-01;3.5250000e+02;-1.6527086e-01;3.5250000e+02;-7.9203933e-02;3.5250000e+02;-7.4327365e-02;3.5250000e+02;-4.3166976e-02;3.5250000e+02;1.4504753e-03;3.5250000e+02;6.0297452e-02;3.5250000e+02;1.3262030e-01;3.5250000e+02;1.8350184e-01;3.5250000e+02;2.0934868e-01;3.5250000e+02;1.9869186e-01;3.5250000e+02;2.1437706e-01;3.5250000e+02;1.6776836e-01;3.5250000e+02;1.0922989e-01;3.5250000e+02;5.5686846e-02;3.5250000e+02;8.4208921e-03;3.5250000e+02;-3.5976835e-02;3.5250000e+02;-7.9727843e-02;3.5250000e+02;-1.2060726e-01;3.5250000e+02;-1.6527086e-01;3.5250000e+02;-7.9203933e-02;3.5250000e+02;-7.4327365e-02;3.5250000e+02;-4.3166976e-02;3.5250000e+02;1.4504753e-03;3.5250000e+02;6.0297452e-02;3.5250000e+02;1.3262030e-01;3.5250000e+02;1.8350184e-01;3.5250000e+02;2.0934868e-01;3.5250000e+02;1.9869186e-01;3.5250000e+02;2.1437706e-01;3.5250000e+02;1.6776836e-01;3.5250000e+02;1.0922989e-01;3.5250000e+02;5.5686846e-02;3.5250000e+02;8.4208921e-03;3.5250000e+02;-3.5976835e-02;3.5250000e+02;-7.9727843e-02;3.5250000e+02;-1.2060726e-01;3.5250000e+02;-1.6527086e-01;3.5250000e+02;-7.9203933e-02;3.5250000e+02;-7.4327365e-02;3.5250000e+02;-4.3166976e-02;3.5250000e+02;1.4504753e-03;3.5250000e+02;6.0297452e-02;3.5250000e+02;1.3262030e-01;3.5250000e+02;1.8350184e-01;3.5250000e+02;2.0934868e-01;3.5250000e+02;1.9869186e-01;3.5250000e+02;2.1437706e-01;3.5250000e+02;1.6776836e-01;3.5250000e+02;1.0922989e-01;3.5250000e+02;5.5686846e-02;3.5250000e+02;8.4208921e-03;3.5250000e+02;-3.5976835e-02;3.5250000e+02;-7.9727843e-02;3.5250000e+02;-1.2060726e-01;3.5250000e+02;-1.6527086e-01;3.5250000e+02;-7.9203933e-02;3.5250000e+02;-7.4327365e-02;3.5250000e+02;-4.3166976e-02;3.5250000e+02;1.4504753e-03;3.5250000e+02;6.0297452e-02;3.5250000e+02;1.3262030e-01;3.5250000e+02;1.8350184e-01;3.5250000e+02;2.0934868e-01;3.5250000e+02;1.9869186e-01;3.5250000e+02;2.1437706e-01;3.5250000e+02;1.6776836e-01;3.5250000e+02;1.0922989e-01;3.5250000e+02;5.5686846e-02;3.5250000e+02;8.4208921e-03;3.5250000e+02;-3.5976835e-02;3.5250000e+02;-7.9727843e-02;3.5250000e+02;-1.2060726e-01;3.5250000e+02;-1.6527086e-01;3.5250000e+02;-7.9203933e-02;3.5250000e+02;-7.4327365e-02;3.5250000e+02;-4.3166976e-02;3.5250000e+02;1.4504753e-03;3.5250000e+02;6.0297452e-02;3.5250000e+02;1.3262030e-01;3.5250000e+02;1.8350184e-01;3.5250000e+02;2.0934868e-01;3.5250000e+02;1.9869186e-01;3.5250000e+02;2.1437706e-01;3.5250000e+02;1.6776836e-01;3.5250000e+02;1.0922989e-01;3.5250000e+02;5.5686846e-02;3.5250000e+02;8.4208921e-03;3.5250000e+02;-3.5976835e-02;3.5250000e+02;-7.9727843e-02;3.5250000e+02;-1.2060726e-01;3.5250000e+02;-1.6527086e-01;3.5250000e+02;-7.9203933e-02;3.5250000e+02;-7.4327365e-02;3.5250000e+02;-4.3166976e-02;3.5250000e+02;1.4504753e-03;3.5250000e+02;6.0297452e-02;3.5250000e+02;1.3262030e-01;3.5250000e+02;1.8350184e-01;3.5250000e+02;2.0934868e-01;3.5250000e+02;1.9869186e-01;3.5250000e+02;2.1437706e-01;3.5250000e+02;1.6776836e-01;3.5250000e+02;1.0922989e-01;3.5250000e+02;5.5686846e-02;3.5250000e+02;8.4208921e-03;3.5250000e+02;-3.5976835e-02;3.5250000e+02;-7.9727843e-02;3.5250000e+02;-1.2060726e-01;3.5250000e+02;-1.6527086e-01;3.5250000e+02;-7.9203933e-02;3.5250000e+02;-7.4327365e-02;3.5250000e+02;-4.3166976e-02;3.5250000e+02;1.4504753e-03;3.5250000e+02;6.0297452e-02;3.5250000e+02;1.3262030e-01;3.5250000e+02;1.8350184e-01;3.5250000e+02;2.0934868e-01;3.5250000e+02;1.9869186e-01;3.5250000e+02;2.1437706e-01;3.5250000e+02;1.6776836e-01;3.5250000e+02;1.0922989e-01;3.5250000e+02;5.5686846e-02;3.5250000e+02;8.4208921e-03;3.5250000e+02;-3.5976835e-02;3.5250000e+02;-7.9727843e-02;3.5250000e+02;-1.2060726e-01;3.5250000e+02;-1.6527086e-01;3.5250000e+02;-7.9203933e-02;3.5250000e+02;-7.4327365e-02;3.5250000e+02;-4.3166976e-02;3.5250000e+02;1.4504753e-03;3.5250000e+02;6.0297452e-02;3.5250000e+02;1.3262030e-01;3.5250000e+02;1.8350184e-01;3.5250000e+02;2.0934868e-01;3.5250000e+02;1.9869186e-01;3.5250000e+02;2.1437706e-01;3.5250000e+02;1.6776836e-01;3.5250000e+02;1.0922989e-01;3.5250000e+02;5.5686846e-02;3.5250000e+02;8.4208921e-03;3.5250000e+02;-3.5976835e-02;3.5250000e+02;-7.9727843e-02;3.5250000e+02;-1.2060726e-01;3.5250000e+02;-1.6527086e-01
3.5750000e+02;-7.1389325e-02;3.5750000e+02;-6.5530881e-02;3.5750000e+02;-3.9794393e-02;3.5750000e+02;4.0196292e-03;3.5750000e+02;6.5364406e-02;3.5750000e+02;1.4333132e-01;3.5750000e+02;1.8976608e-01;3.5750000e+02;2.0906481e-01;3.5750000e+02;2.0075160e-01;3.5750000e+02;2.2152668e-01;3.5750000e+02;1.7866154e-01;3.5750000e+02;1.2148181e-01;3.5750000e+02;7.0537969e-02;3.5750000e+02;2.0638898e-02;3.5750000e+02;-2.3953326e-02;3.5750000e+02;-6.5517783e-02;3.5750000e+02;-1.1133644e-01;3.5750000e+02;-1.5246943e-01;3.5750000e+02;-7.1389325e-02;3.5750000e+02;-6.5530881e-02;3.5750000e+02;-3.9794393e-02;3.5750000e+02;4.0196292e-03;3.5750000e+02;6.5364406e-02;3.5750000e+02;1.4333132e-01;3.5750000e+02;1.8976608e-01;3.5750000e+02;2.0906481e-01;3.5750000e+02;2.0075160e-01;3.5750000e+02;2.2152668e-01;3.5750000e+02;1.7866154e-01;3.5750000e+02;1.2148181e-01;3.5750000e+02;7.0537969e-02;3.5750000e+02;2.0638898e-02;3.5750000e+02;-2.3953326e-02;3.5750000e+02;-6.5517783e-02;3.5750000e+02;-1.1133644e-01;3.5750000e+02;-1.5246943e-01;3.5750000e+02;-7.1389325e-02;3.5750000e+02;-6.5530881e-02;3.5750000e+02;-3.9794393e-02;3.5750000e+02;4.0196292e-03;3.5750000e+02;6.5364406e-02;3.5750000e+02;1.4333132e-01;3.5750000e+02;1.8976608e-01;3.5750000e+02;2.0906481e-01;3.5750000e+02;2.0075160e-01;3.5750000e+02;2.2152668e-01;3.5750000e+02;1.7866154e-01;3.5750000e+02;1.2148181e-01;3.5750000e+02;7.0537969e-02;3.5750000e+02;2.0638898e-02;3.5750000e+02;-2.3953326e-02;3.5750000e+02;-6.5517783e-02;3.5750000e+02;-1.1133644e-01;3.5750000e+02;-1.5246943e-01;3.5750000e+02;-7.1389325e-02;3.5750000e+02;-6.5530881e-02;3.5750000e+02;-3.9794393e-02;3.5750000e+02;4.0196292e-03;3.5750000e+02;6.5364406e-02;3.5750000e+02;1.4333132e-01;3.5750000e+02;1.8976608e-01;3.5750000e+02;2.0906481e-01;3.5750000e+02;2.0075160e-01;3.5750000e+02;2.2152668e-01;3.5750000e+02;1.7866154e-01;3.5750000e+02;1.2148181e-01;3.5750000e+02;7.0537969e-02;3.5750000e+02;2.0638898e-02;3.5750000e+02;-2.3953326e-02;3.5750000e+02;-6.5517783e-02;3.5750000e+02;-1.1133644e-01;3.5750000e+02;-1.5246943e-01;3.5750000e+02;-7.1389325e-02;3.5750000e+02;-6.5530881e-02;3.5750000e+02;-3.9794393e-02;3.5750000e+02;4.0196292e-03;3.5750000e+02;6.5364406e-02;3.5750000e+02;1.4333132e-01;3.5750000e+02;1.8976608e-01;3.5750000e+02;2.0906481e-01;3.5750000e+02;2.0075160e-01;3.5750000e+02;2.2152668e-01;3.5750000e+02;1.7866154e-01;3.5750000e+02;1.2148181e-01;3.5750000e+02;7.0537969e-02;3.5750000e+02;2.0638898e-02;3.5750000e+02;-2.3953326e-02;3.5750000e+02;-6.5517783e-02;3.5750000e+02;-1.1133644e-01;3.5750000e+02;-1.5246943e-01;3.5750000e+02;-7.1389325e-02;3.5750000e+02;-6.5530881e-02;3.5750000e+02;-3.9794393e-02;3.5750000e+02;4.0196292e-03;3.5750000e+02;6.5364406e-02;3.5750000e+02;1.4333132e-01;3.5750000e+02;1.8976608e-01;3.5750000e+02;2.0906481e-01;3.5750000e+02;2.0075160e-01;3.5750000e+02;2.2152668e-01;3.5750000e+02;1.7866154e-01;3.5750000e+02;1.2148181e-01;3.5750000e+02;7.0537969e-02;3.5750000e+02;2.0638898e-02;3.5750000e+02;-2.3953326e-02;3.5750000e+02;-6.5517783e-02;3.5750000e+02;-1.1133644e-01;3.5750000e+02;-1.5246943e-01;3.5750000e+02;-7.1389325e-02;3.5750000e+02;-6.5530881e-02;3.5750000e+02;-3.9794393e-02;3.5750000e+02;4.0196292e-03;3.5750000e+02;6.5364406e-02;3.5750000e+02;1.4333132e-01;3.5750000e+02;1.8976608e-01;3.5750000e+02;2.0906481e-01;3.5750000e+02;2.0075160e-01;3.5750000e+02;2.2152668e-01;3.5750000e+02;1.7866154e-01;3.5750000e+02;1.2148181e-01;3.5750000e+02;7.0537969e-02;3.5750000e+02;2.0638898e-02;3.5750000e+02;-2.3953326e-02;3.5750000e+02;-6.5517783e-02;3.5750000e+02;-1.1133644e-01;3.5750000e+02;-1.5246943e-01;3.5750000e+02;-7.1389325e-02;3.5750000e+02;-6.5530881e-02;3.5750000e+02;-3.9794393e-02;3.5750000e+02;4.0196292e-03;3.5750000e+02;6.5364406e-02;3.5750000e+02;1.4333132e-01;3.5750000e+02;1.8976608e-01;3.5750000e+02;2.0906481e-01;3.5750000e+02;2.0075160e-01;3.5750000e+02;2.2152668e-01;3.5750000e+02;1.7866154e-01;3.5750000e+02;1.2148181e-01;3.5750000e+02;7.0537969e-02;3.5750000e+02;2.0638898e-02;3.5750000e+02;-2.3953326e-02;3.5750000e+02;-6.5517783e-02;3.5750000e+02;-1.1133644e-01;3.5750000e+02;-1.5246943e-01;3.5750000e+02;-7.1389325e-02;3.5750000e+02;-6.5530881e-02;3.5750000e+02;-3.9794393e-02;3.5750000e+02;4.0196292e-03;3.5750000e+02;6.5364406e-02;3.5750000e+02;1.4333132e-01;3.5750000e+02;1.8976608e-01;3.5750000e+02;2.0906481e-01;3.5750000e+02;2.0075160e-01;3.5750000e+02;2.2152668e-01;3.5750000e+02;1.7866154e-01;3.5750000e+02;1.2148181e-01;3.5750000e+02;7.0537969e-02;3.5750000e+02;2.0638898e-02;3.5750000e+02;-2.3953326e-02;3.5750000e+02;-6.5517783e-02;3.5750000e+02;-1.1133644e-01;3.5750000e+02;-1.5246943e-01;3.5750000e+02;-7.1389325e-02;3.5750000e+02;-6.5530881e-02;3.5750000e+02;-3.9794393e-02;3.5750000e+02;4.0196292e-03;3.5750000e+02;6.5364406e-02;3.5750000e+02;1.4333132e-01;3.5750000e+02;1.8976608e-01;3.5750000e+02;2.0906481e-01;3.5750000e+02;2.0075160e-01;3.5750000e+02;2.2152668e-01;3.5750000e+02;1.7866154e-01;3.5750000e+02;1.2148181e-01;3.5750000e+02;7.0537969e-02;3.5750000e+02;2.0638898e-02;3.5750000e+02;-2.3953326e-02;3.5750000e+02;-6.5517783e-02;3.5750000e+02;-1.1133644e-01;3.5750000e+02;-1.5246943e-01;3.5750000e+02;-7.1389325e-02;3.5750000e+02;-6.5530881e-02;3.5750000e+02;-3.9794393e-02;3.5750000e+02;4.0196292e-03;3.5750000e+02;6.5364406e-02;3.5750000e+02;1.4333132e-01;3.5750000e+02;1.8976608e-01;3.5750000e+02;2.0906481e-01;3.5750000e+02;2.0075160e-01;3.5750000e+02;2.2152668e-01;3.5750000e+02;1.7866154e-01;3.5750000e+02;1.2148181e-01;3.5750000e+02;7.0537969e-02;3.5750000e+02;2.0638898e-02;3.5750000e+02;-2.3953326e-02;3.5750000e+02;-6.5517783e-02;3.5750000e+02;-1.1133644e-01;3.5750000e+02;-1.5246943e-01;3.5750000e+02;-7.1389325e-02;3.5750000e+02;-6.5530881e-02;3.5750000e+02;-3.9794393e-02;3.5750000e+02;4.0196292e-03;3.5750000e+02;6.5364406e-02;3.5750000e+02;1.4333132e-01;3.5750000e+02;1.8976608e-01;3.5750000e+02;2.0906481e-01;3.5750000e+02;2.0075160e-01;3.5750000e+02;2.2152668e-01;3.5750000e+02;1.7866154e-01;3.5750000e+02;1.2148181e-01;3.5750000e+02;7.0537969e-02;3.5750000e+02;2.0638898e-02;3.5750000e+02;-2.3953326e-02;3.5750000e+02;-6.5517783e-02;3.5750000e+02;-1.1133644e-01;3.5750000e+02;-1.5246943e-01;3.5750000e+02;-7.1389325e-02;3.5750000e+02;-6.5530881e-02;3.5750000e+02;-3.9794393e-02;3.5750000e+02;4.0196292e-03;3.5750000e+02;6.5364406e-02;3.5750000e+02;1.4333132e-01;3.5750000e+02;1.8976608e-01;3.5750000e+02;2.0906481e-01;3.5750000e+02;2.0075160e-01;3.5750000e+02;2.2152668e-01;3.5750000e+02;1.7866154e-01;3.5750000e+02;1.2148181e-01;3.5750000e+02;7.0537969e-02;3.5750000e+02;2.0638898e-02;3.5750000e+02;-2.3953326e-02;3.5750000e+02;-6.5517783e-02;3.5750000e+02;-1.1133644e-01;3.5750000e+02;-1.5246943e-01;3.5750000e+02;-7.1389325e-02;3.5750000e+02;-6.5530881e-02;3.5750000e+02;-3.9794393e-02;3.5750000e+02;4.0196292e-03;3.5750000e+02;6.5364406e-02;3.5750000e+02;1.4333132e-01;3.5750000e+02;1.8976608e-01;3.5750000e+02;2.0906481e-01;3.5750000e+02;2.0075160e-01;3.5750000e+02;2.2152668e-01;3.5750000e+02;1.7866154e-01;3.5750000e+02;1.2148181e-01;3.5750000e+02;7.0537969e-02;3.5750000e+02;2.0638898e-02;3.5750000e+02;-2.3953326e-02;3.5750000e+02;-6.5517783e-02;3.5750000e+02;-1.1133644e-01;3.5750000e+02;-1.5246943e-01;3.5750000e+02;-7.1389325e-02;3.5750000e+02;-6.5530881e-02;3.5750000e+02;-3.9794393e-02;3.5750000e+02;4.0196292e-03;3.5750000e+02;6.5364406e-02;3.5750000e+02;1.4333132e-01;3.5750000e+02;1.8976608e-01;3.5750000e+02;2.0906481e-01;3.5750000e+02;2.0075160e-01;3.5750000e+02;2.2152668e-01;3.5750000e+02;1.7866154e-01;3.5750000e+02;1.2148181e-01;3.5750000e+02;7.0537969e-02;3.5750000e+02;2.0638898e-02;3.5750000e+02;-2.3953326e-02;3.5750000e+02;-6.5517783e-02;3.5750000e+02;-1.1133644e-01;3.5750000e+02;-1.5246943e-01;3.5750000e+02;-7.1389325e-02;3.5750000e+02;-6.5530881e-02;3.5750000e+02;-3.9794393e-02;3.5750000e+02;4.0196292e-03;3.5750000e+02;6.5364406e-02;3.5750000e+02;1.4333132e-01;3.5750000e+02;1.8976608e-01;3.5750000e+02;2.0906481e-01;3.5750000e+02;2.0075160e-01;3.5750000e+02;2.2152668e-01;3.5750000e+02;1.7866154e-01;3.5750000e+02;1.2148181e-01;3.5750000e+02;7.0537969e-02;3.5750000e+02;2.0638898e-02;3.5750000e+02;-2.3953326e-02;3.5750000e+02;-6.5517783e-02;3.5750000e+02;-1.1133644e-01;3.5750000e+02;-1.5246943e-01;3.5750000e+02;-7.1389325e-02;3.5750000e+02;-6.5530881e-02;3.5750000e+02;-3.9794393e-02;3.5750000e+02;4.0196292e-03;3.5750000e+02;6.5364406e-02;3.5750000e+02;1.4333132e-01;3.5750000e+02;1.8976608e-01;3.5750000e+02;2.0906481e-01;3.5750000e+02;2.0075160e-01;3.5750000e+02;2.2152668e-01;3.5750000e+02;1.7866154e-01;3.5750000e+02;1.2148181e-01;3.5750000e+02;7.0537969e-02;3.5750000e+02;2.0638898e-02;3.5750000e+02;-2.3953326e-02;3.5750000e+02;-6.5517783e-02;3.5750000e+02;-1.1133644e-01;3.5750000e+02;-1.5246943e-01;3.5750000e+02;-7.1389325e-02;3.5750000e+02;-6.5530881e-02;3.5750000e+02;-3.9794393e-02;3.5750000e+02;4.0196292e-03;3.5750000e+02;6.5364406e-02;3.5750000e+02;1.4333132e-01;3.5750000e+02;1.8976608e-01;3.5750000e+02;2.0906481e-01;3.5750000e+02;2.0075160e-01;3.5750000e+02;2.2152668e-01;3.5750000e+02;1.7866154e-01;3.5750000e+02;1.2148181e-01;3.5750000e+02;7.0537969e-02;3.5750000e+02;2.0638898e-02;3.5750000e+02;-2.3953326e-02;3.5750000e+02;-6.5517783e-02;3.5750000e+02;-1.1133644e-01;3.5750000e+02;-1.5246943e-01;3.5750000e+02;-7.1389325e-02;3.5750000e+02;-6.5530881e-02;3.5750000e+02;-3.9794393e-02;3.5750000e+02;4.0196292e-03;3.5750000e+02;6.5364406e-02;3.5750000e+02;1.4333132e-01;3.5750000e+02;1.8976608e-01;3.5750000e+02;2.0906481e-01;3.5750000e+02;2.0075160e-01;3.5750000e+02;2.2152668e-01;3.5750000e+02;1.7866154e-01;3.5750000e+02;1.2148181e-01;3.5750000e+02;7.0537969e-02;3.5750000e+02;2.0638898e-02;3.5750000e+02;-2.3953326e-02;3.5750000e+02;-6.5517783e-02;3.5750000e+02;-1.1133644e-01;3.5750000e+02;-1.5246943e-01;3.5750000e+02;-7.1389325e-02;3.5750000e+02;-6.5530881e-02;3.5750000e+02;-3.9794393e-02;3.5750000e+02;4.0196292e-03;3.5750000e+02;6.5364406e-02;3.5750000e+02;1.4333132e-01;3.5750000e+02;1.8976608e-01;3.5750000e+02;2.0906481e-01;3.5750000e+02;2.0075160e-01;3.5750000e+02;2.2152668e-01;3.5750000e+02;1.7866154e-01;3.5750000e+02;1.2148181e-01;3.5750000e+02;7.0537969e-02;3.5750000e+02;2.0638898e-02;3.5750000e+02;-2.3953326e-02;3.5750000e+02;-6.5517783e-02;3.5750000e+02;-1.1133644e-01;3.5750000e+02;-1.5246943e-01;3.5750000e+02;-7.1389325e-02;3.5750000e+02;-6.5530881e-02;3.5750000e+02;-3.9794393e-02;3.5750000e+02;4.0196292e-03;3.5750000e+02;6.5364406e-02;3.5750000e+02;1.4333132e-01;3.5750000e+02;1.8976608e-01;3.5750000e+02;2.0906481e-01;3.5750000e+02;2.0075160e-01;3.5750000e+02;2.2152668e-01;3.5750000e+02;1.7866154e-01;3.5750000e+02;1.2148181e-01;3.5750000e+02;7.0537969e-02;3.5750000e+02;2.0638898e-02;3.5750000e+02;-2.3953326e-02;3.5750000e+02;-6.5517783e-02;3.5750000e+02;-1.1133644e-01;3.5750000e+02;-1.5246943e-01;3.5750000e+02;-7.1389325e-02;3.5750000e+02;-6.5530881e-02;3.5750000e+02;-3.9794393e-02;3.5750000e+02;4.0196292e-03;3.5750000e+02;6.5364406e-02;3.5750000e+02;1.4333132e-01;3.5750000e+02;1.8976608e-01;3.5750000e+02;2.0906481e-01;3.5750000e+02;2.0075160e-01;3.5750000e+02;2.2152668e-01;3.5750000e+02;1.7866154e-01;3.5750000e+02;1.2148181e-01;3.5750000e+02;7.0537969e-02;3.5750000e+02;2.0638898e-02;3.5750000e+02;-2.3953326e-02;3.5750000e+02;-6.5517783e-02;3.5750000e+02;-1.1133644e-01;3.5750000e+02;-1.5246943e-01;3.5750000e+02;-7.1389325e-02;3.5750000e+02;-6.5530881e-02;3.5750000e+02;-3.9794393e-02;3.5750000e+02;4.0196292e-03;3.5750000e+02;6.5364406e-02;3.5750000e+02;1.4333132e-01;3.5750000e+02;1.8976608e-01;3.5750000e+02;2.0906481e-01;3.5750000e+02;2.0075160e-01;3.5750000e+02;2.2152668e-01;3.5750000e+02;1.7866154e-01;3.5750000e+02;1.2148181e-01;3.5750000e+02;7.0537969e-02;3.5750000e+02;2.0638898e-02;3.5750000e+02;-2.3953326e-02;3.5750000e+02;-6.5517783e-02;3.5750000e+02;-1.1133644e-01;3.5750000e+02;-1.5246943e-01;3.5750000e+02;-7.1389325e-02;3.5750000e+02;-6.5530881e-02;3.5750000e+02;-3.9794393e-02;3.5750000e+02;4.0196292e-03;3.5750000e+02;6.5364406e-02;3.5750000e+02;1.4333132e-01;3.5750000e+02;1.8976608e-01;3.5750000e+02;2.0906481e-01;3.5750000e+02;2.0075160e-01;3.5750000e+02;2.2152668e-01;3.5750000e+02;1.7866154e-01;3.5750000e+02;1.2148181e-01;3.5750000e+02;7.0537969e-02;3.5750000e+02;2.0638898e-02;3.5750000e+02;-2.3953326e-02;3.5750000e+02;-6.5517783e-02;3.5750000e+02;-1.1133644e-01;3.5750000e+02;-1.5246943e-01;3.5750000e+02;-7.1389325e-02;3.5750000e+02;-6.5530881e-02;3.5750000e+02;-3.9794393e-02;3.5750000e+02;4.0196292e-03;3.5750000e+02;6.5364406e-02;3.5750000e+02;1.4333132e-01;3.5750000e+02;1.8976608e-01;3.5750000e+02;2.0906481e-01;3.5750000e+02;2.0075160e-01;3.5750000e+02;2.2152668e-01;3.5750000e+02;1.7866154e-01;3.5750000e+02;1.2148181e-01;3.5750000e+02;7.0537969e-02;3.5750000e+02;2.0638898e-02;3.5750000e+02;-2.3953326e-02;3.5750000e+02;-6.5517783e-02;3.5750000e+02;-1.1133644e-01;3.5750000e+02;-1.5246943e-01;3.5750000e+02;-7.1389325e-02;3.5750000e+02;-6.5530881e-02;3.5750000e+02;-3.9794393e-02;3.5750000e+02;4.0196292e-03;3.5750000e+02;6.5364406e-02;3.5750000e+02;1.4333132e-01;3.5750000e+02;1.8976608e-01;3.5750000e+02;2.0906481e-01;3.5750000e+02;2.0075160e-01;3.5750000e+02;2.2152668e-01;3.5750000e+02;1.7866154e-01;3.5750000e+02;1.2148181e-01;3.5750000e+02;7.0537969e-02;3.5750000e+02;2.0638898e-02;3.5750000e+02;-2.3953326e-02;3.5750000e+02;-6.5517783e-02;3.5750000e+02;-1.1133644e-01;3.5750000e+02;-1.5246943e-01;3.5750000e+02;-7.1389325e-02;3.5750000e+02;-6.5530881e-02;3.5750000e+02;-3.9794393e-02;3.5750000e+02;4.0196292e-03;3.5750000e+02;6.5364406e-02;3.5750000e+02;1.4333132e-01;3.5750000e+02;1.8976608e-01;3.5750000e+02;2.0906481e-01;3.5750000e+02;2.0075160e-01;3.5750000e+02;2.2152668e-01;3.5750000e+02;1.7866154e-01;3.5750000e+02;1.2148181e-01;3.5750000e+02;7.0537969e-02;3.5750000e+02;2.0638898e-02;3.5750000e+02;-2.3953326e-02;3.5750000e+02;-6.5517783e-02;3.5750000e+02;-1.1133644e-01;3.5750000e+02;-1.5246943e-01;3.5750000e+02;-7.1389325e-02;3.5750000e+02;-6.5530881e-02;3.5750000e+02;-3.9794393e-02;3.5750000e+02;4.0196292e-03;3.5750000e+02;6.5364406e-02;3.5750000e+02;1.4333132e-01;3.5750000e+02;1.8976608e-01;3.5750000e+02;2.0906481e-01;3.5750000e+02;2.0075160e-01;3.5750000e+02;2.2152668e-01;3.5750000e+02;1.7866154e-01;3.5750000e+02;1.2148181e-01;3.5750000e+02;7.0537969e-02;3.5750000e+02;2.0638898e-02;3.5750000e+02;-2.3953326e-02;3.5750000e+02;-6.5517783e-02;3.5750000e+02;-1.1133644e-01;3.5750000e+02;-1.5246943e-01;3.5750000e+02;-7.1389325e-02;3.5750000e+02;-6.5530881e-02;3.5750000e+02;-3.9794393e-02;3.5750000e+02;4.0196292e-03;3.5750000e+02;6.5364406e-02;3.5750000e+02;1.4333132e-01;3.5750000e+02;1.8976608e-01;3.5750000e+02;2.0906481e-01;3.5750000e+02;2.0075160e-01;3.5750000e+02;2.2152668e-01;3.5750000e+02;1.7866154e-01;3.5750000e+02;1.2148181e-01;3.5750000e+02;7.0537969e-02;3.5750000e+02;2.0638898e-02;3.5750000e+02;-2.3953326e-02;3.5750000e+02;-6.5517783e-02;3.5750000e+02;-1.1133644e-01;3.5750000e+02;-1.5246943e-01;3.5750000e+02;-7.1389325e-02;3.5750000e+02;-6.5530881e-02;3.5750000e+02;-3.9794393e-02;3.5750000e+02;4.0196292e-03;3.5750000e+02;6.5364406e-02;3.5750000e+02;1.4333132e-01;3.5750000e+02;1.8976608e-01;3.5750000e+02;2.0906481e-01;3.5750000e+02;2.0075160e-01;3.5750000e+02;2.2152668e-01;3.5750000e+02;1.7866154e-01;3.5750000e+02;1.2148181e-01;3.5750000e+02;7.0537969e-02;3.5750000e+02;2.0638898e-02;3.5750000e+02;-2.3953326e-02;3.5750000e+02;-6.5517783e-02;3.5750000e+02;-1.1133644e-01;3.5750000e+02;-1.5246943e-01;3.5750000e+02;-7.1389325e-02;3.5750000e+02;-6.5530881e-02;3.5750000e+02;-3.9794393e-02;3.5750000e+02;4.0196292e-03;3.5750000e+02;6.5364406e-02;3.5750000e+02;1.4333132e-01;3.5750000e+02;1.8976608e-01;3.5750000e+02;2.0906481e-01;3.5750000e+02;2.0075160e-01;3.5750000e+02;2.2152668e-01;3.5750000e+02;1.7866154e-01;3.5750000e+02;1.2148181e-01;3.5750000e+02;7.0537969e-02;3.5750000e+02;2.0638898e-02;3.5750000e+02;-2.3953326e-02;3.5750000e+02;-6.5517783e-02;3.5750000e+02;-1.1133644e-01;3.5750000e+02;-1.5246943e-01;3.5750000e+02;-7.1389325e-02;3.5750000e+02;-6.5530881e-02;3.5750000e+02;-3.9794393e-02;3.5750000e+02;4.0196292e-03;3.5750000e+02;6.5364406e-02;3.5750000e+02;1.4333132e-01;3.5750000e+02;1.8976608e-01;3.5750000e+02;2.0906481e-01;3.5750000e+02;2.0075160e-01;3.5750000e+02;2.2152668e-01;3.5750000e+02;1.7866154e-01;3.5750000e+02;1.2148181e-01;3.5750000e+02;7.0537969e-02;3.5750000e+02;2.0638898e-02;3.5750000e+02;-2.3953326e-02;3.5750000e+02;-6.5517783e-02;3.5750000e+02;-1.1133644e-01;3.5750000e+02;-1.5246943e-01;3.5750000e+02;-7.1389325e-02;3.5750000e+02;-6.5530881e-02;3.5750000e+02;-3.9794393e-02;3.5750000e+02;4.0196292e-03;3.5750000e+02;6.5364406e-02;3.5750000e+02;1.4333132e-01;3.5750000e+02;1.8976608e-01;3.5750000e+02;2.0906481e-01;3.5750000e+02;2.0075160e-01;3.5750000e+02;2.2152668e-01;3.5750000e+02;1.7866154e-01;3.5750000e+02;1.2148181e-01;3.5750000e+02;7.0537969e-02;3.5750000e+02;2.0638898e-02;3.5750000e+02;-2.3953326e-02;3.5750000e+02;-6.5517783e-02;3.5750000e+02;-1.1133644e-01;3.5750000e+02;-1.5246943e-01;3.5750000e+02;-7.1389325e-02;3.5750000e+02;-6.5530881e-02;3.5750000e+02;-3.9794393e-02;3.5750000e+02;4.0196292e-03;3.5750000e+02;6.5364406e-02;3.5750000e+02;1.4333132e-01;3.5750000e+02;1.8976608e-01;3.5750000e+02;2.0906481e-01;3.5750000e+02;2.0075160e-01;3.5750000e+02;2.2152668e-01;3.5750000e+02;1.7866154e-01;3.5750000e+02;1.2148181e-01;3.5750000e+02;7.0537969e-02;3.5750000e+02;2.0638898e-02;3.5750000e+02;-2.3953326e-02;3.5750000e+02;-6.5517783e-02;3.5750000e+02;-1.1133644e-01;3.5750000e+02;-1.5246943e-01;3.5750000e+02;-7.1389325e-02;3.5750000e+02;-6.5530881e-02;3.5750000e+02;-3.9794393e-02;3.5750000e+02;4.0196292e-03;3.5750000e+02;6.5364406e-02;3.5750000e+02;1.4333132e-01;3.5750000e+02;1.8976608e-01;3.5750000e+02;2.0906481e-01;3.5750000e+02;2.0075160e-01;3.5750000e+02;2.2152668e-01;3.5750000e+02;1.7866154e-01;3.5750000e+02;1.2148181e-01;3.5750000e+02;7.0537969e-02;3.5750000e+02;2.0638898e-02;3.5750000e+02;-2.3953326e-02;3.5750000e+02;-6.5517783e-02;3.5750000e+02;-1.1133644e-01;3.5750000e+02;-1.5246943e-01;3.5750000e+02;-7.1389325e-02;3.5750000e+02;-6.5530881e-02;3.5750000e+02;-3.9794393e-02;3.5750000e+02;4.0196292e-03;3.5750000e+02;6.5364406e-02;3.5750000e+02;1.4333132e-01;3.5750000e+02;1.8976608e-01;3.5750000e+02;2.0906481e-01;3.5750000e+02;2.0075160e-01;3.5750000e+02;2.2152668e-01;3.5750000e+02;1.7866154e-01;3.5750000e+02;1.2148181e-01;3.5750000e+02;7.0537969e-02;3.5750000e+02;2.0638898e-02;3.5750000e+02;-2.3953326e-02;3.5750000e+02;-6.5517783e-02;3.5750000e+02;-1.1133644e-01;3.5750000e+02;-1.5246943e-01;3.5750000e+02;-7.1389325e-02;3.5750000e+02;-6.5530881e-02;3.5750000e+02;-3.9794393e-02;3.5750000e+02;4.0196292e-03;3.5750000e+02;6.5364406e-02;3.5750000e+02;1.4333132e-01;3.5750000e+02;1.8976608e-01;3.5750000e+02;2.0906481e-01;3.5750000e+02;2.0075160e-01;3.5750000e+02;2.2152668e-01;3.5750000e+02;1.7866154e-01;3.5750000e+02;1.2148181e-01;3.5750000e+02;7.0537969e-02;3.5750000e+02;2.0638898e-02;3.5750000e+02;-2.3953326e-02;3.5750000e+02;-6.5517783e-02;3.5750000e+02;-1.1133644e-01;3.5750000e+02;-1.5246943e-01;3.5750000e+02;-7.1389325e-02;3.5750000e+02;-6.5530881e-02;3.5750000e+02;-3.9794393e-02;3.5750000e+02;4.0196292e-03;3.5750000e+02;6.5364406e-02;3.5750000e+02;1.4333132e-01;3.5750000e+02;1.8976608e-01;3.5750000e+02;2.0906481e-01;3.5750000e+02;2.0075160e-01;3.5750000e+02;2.2152668e-01;3.5750000e+02;1.7866154e-01;3.5750000e+02;1.2148181e-01;3.5750000e+02;7.0537969e-02;3.5750000e+02;2.0638898e-02;3.5750000e+02;-2.3953326e-02;3.5750000e+02;-6.5517783e-02;3.5750000e+02;-1.1133644e-01;3.5750000e+02;-1.5246943e-01;3.5750000e+02;-7.1389325e-02;3.5750000e+02;-6.5530881e-02;3.5750000e+02;-3.9794393e-02;3.5750000e+02;4.0196292e-03;3.5750000e+02;6.5364406e-02;3.5750000e+02;1.4333132e-01;3.5750000e+02;1.8976608e-01;3.5750000e+02;2.0906481e-01;3.5750000e+02;2.0075160e-01;3.5750000e+02;2.2152668e-01;3.5750000e+02;1.7866154e-01;3.5750000e+02;1.2148181e-01;3.5750000e+02;7.0537969e-02;3.5750000e+02;2.0638898e-02;3.5750000e+02;-2.3953326e-02;3.5750000e+02;-6.5517783e-02;3.5750000e+02;-1.1133644e-01;3.5750000e+02;-1.5246943e-01;3.5750000e+02;-7.1389325e-02;3.5750000e+02;-6.5530881e-02;3.5750000e+02;-3.9794393e-02;3.5750000e+02;4.0196292e-03;3.5750000e+02;6.5364406e-02;3.5750000e+02;1.4333132e-01;3.5750000e+02;1.8976608e-01;3.5750000e+02;2.0906481e-01;3.5750000e+02;2.0075160e-01;3.5750000e+02;2.2152668e-01;3.5750000e+02;1.7866154e-01;3.5750000e+02;1.2148181e-01;3.5750000e+02;7.0537969e-02;3.5750000e+02;2.0638898e-02;3.5750000e+02;-2.3953326e-02;3.5750000e+02;-6.5517783e-02;3.5750000e+02;-1.1133644e-01;3.5750000e+02;-1.5246943e-01;3.5750000e+02;-7.1389325e-02;3.5750000e+02;-6.5530881e-02;3.5750000e+02;-3.9794393e-02;3.5750000e+02;4.0196292e-03;3.5750000e+02;6.5364406e-02;3.5750000e+02;1.4333132e-01;3.5750000e+02;1.8976608e-01;3.5750000e+02;2.0906481e-01;3.5750000e+02;2.0075160e-01;3.5750000e+02;2.2152668e-01;3.5750000e+02;1.7866154e-01;3.5750000e+02;1.2148181e-01;3.5750000e+02;7.0537969e-02;3.5750000e+02;2.0638898e-02;3.5750000e+02;-2.3953326e-02;3.5750000e+02;-6.5517783e-02;3.5750000e+02;-1.1133644e-01;3.5750000e+02;-1.5246943e-01;3.5750000e+02;-7.1389325e-02;3.5750000e+02;-6.5530881e-02;3.5750000e+02;-3.9794393e-02;3.5750000e+02;4.0196292e-03;3.5750000e+02;6.5364406e-02;3.5750000e+02;1.4333132e-01;3.5750000e+02;1.8976608e-01;3.5750000e+02;2.0906481e-01;3.5750000e+02;2.0075160e-01;3.5750000e+02;2.2152668e-01;3.5750000e+02;1.7866154e-01;3.5750000e+02;1.2148181e-01;3.5750000e+02;7.0537969e-02;3.5750000e+02;2.0638898e-02;3.5750000e+02;-2.3953326e-02;3.5750000e+02;-6.5517783e-02;3.5750000e+02;-1.1133644e-01;3.5750000e+02;-1.5246943e-01;3.5750000e+02;-7.1389325e-02;3.5750000e+02;-6.5530881e-02;3.5750000e+02;-3.9794393e-02;3.5750000e+02;4.0196292e-03;3.5750000e+02;6.5364406e-02;3.5750000e+02;1.4333132e-01;3.5750000e+02;1.8976608e-01;3.5750000e+02;2.0906481e-01;3.5750000e+02;2.0075160e-01;3.5750000e+02;2.2152668e-01;3.5750000e+02;1.7866154e-01;3.5750000e+02;1.2148181e-01;3.5750000e+02;7.0537969e-02;3.5750000e+02;2.0638898e-02;3.5750000e+02;-2.3953326e-02;3.5750000e+02;-6.5517783e-02;3.5750000e+02;-1.1133644e-01;3.5750000e+02;-1.5246943e-01;3.5750000e+02;-7.1389325e-02;3.5750000e+02;-6.5530881e-02;3.5750000e+02;-3.9794393e-02;3.5750000e+02;4.0196292e-03;3.5750000e+02;6.5364406e-02;3.5750000e+02;1.4333132e-01;3.5750000e+02;1.8976608e-01;3.5750000e+02;2.0906481e-01;3.5750000e+02;2.0075160e-01;3.5750000e+02;2.2152668e-01;3.5750000e+02;1.7866154e-01;3.5750000e+02;1.2148181e-01;3.5750000e+02;7.0537969e-02;3.5750000e+02;2.0638898e-02;3.5750000e+02;-2.3953326e-02;3.5750000e+02;-6.5517783e-02;3.5750000e+02;-1.1133644e-01;3.5750000e+02;-1.5246943e-01;3.5750000e+02;-7.1389325e-02;3.5750000e+02;-6.5530881e-02;3.5750000e+02;-3.9794393e-02;3.5750000e+02;4.0196292e-03;3.5750000e+02;6.5364406e-02;3.5750000e+02;1.4333132e-01;3.5750000e+02;1.8976608e-01;3.5750000e+02;2.0906481e-01;3.5750000e+02;2.0075160e-01;3.5750000e+02;2.2152668e-01;3.5750000e+02;1.7866154e-01;3.5750000e+02;1.2148181e-01;3.5750000e+02;7.0537969e-02;3.5750000e+02;2.0638898e-02;3.5750000e+02;-2.3953326e-02;3.5750000e+02;-6.5517783e-02;3.5750000e+02;-1.1133644e-01;3.5750000e+02;-1.5246943e-01;3.5750000e+02;-7.1389325e-02;3.5750000e+02;-6.5530881e-02;3.5750000e+02;-3.9794393e-02;3.5750000e+02;4.0196292e-03;3.5750000e+02;6.5364406e-02;3.5750000e+02;1.4333132e-01;3.5750000e+02;1.8976608e-01;3.5750000e+02;2.0906481e-01;3.5750000e+02;2.0075160e-01;3.5750000e+02;2.2152668e-01;3.5750000e+02;1.7866154e-01;3.5750000e+02;1.2148181e-01;3.5750000e+02;7.0537969e-02;3.5750000e+02;2.0638898e-02;3.5750000e+02;-2.3953326e-02;3.5750000e+02;-6.5517783e-02;3.5750000e+02;-1.1133644e-01;3.5750000e+02;-1.5246943e-01;3.5750000e+02;-7.1389325e-02;3.5750000e+02;-6.5530881e-02;3.5750000e+02;-3.9794393e-02;3.5750000e+02;4.0196292e-03;3.5750000e+02;6.5364406e-02;3.5750000e+02;1.4333132e-01;3.5750000e+02;1.8976608e-01;3.5750000e+02;2.0906481e-01;3.5750000e+02;2.0075160e-01;3.5750000e+02;2.2152668e-01;3.5750000e+02;1.7866154e-01;3.5750000e+02;1.2148181e-01;3.5750000e+02;7.0537969e-02;3.5750000e+02;2.0638898e-02;3.5750000e+02;-2.3953326e-02;3.5750000e+02;-6.5517783e-02;3.5750000e+02;-1.1133644e-01;3.5750000e+02;-1.5246943e-01;3.5750000e+02;-7.1389325e-02;3.5750000e+02;-6.5530881e-02;3.5750000e+02;-3.9794393e-02;3.5750000e+02;4.0196292e-03;3.5750000e+02;6.5364406e-02;3.5750000e+02;1.4333132e-01;3.5750000e+02;1.8976608e-01;3.5750000e+02;2.0906481e-01;3.5750000e+02;2.0075160e-01;3.5750000e+02;2.2152668e-01;3.5750000e+02;1.7866154e-01;3.5750000e+02;1.2148181e-01;3.5750000e+02;7.0537969e-02;3.5750000e+02;2.0638898e-02;3.5750000e+02;-2.3953326e-02;3.5750000e+02;-6.5517783e-02;3.5750000e+02;-1.1133644e-01;3.5750000e+02;-1.5246943e-01;3.5750000e+02;-7.1389325e-02;3.5750000e+02;-6.5530881e-02;3.5750000e+02;-3.9794393e-02;3.5750000e+02;4.0196292e-03;3.5750000e+02;6.5364406e-02;3.5750000e+02;1.4333132e-01;3.5750000e+02;1.8976608e-01;3.5750000e+02;2.0906481e-01;3.5750000e+02;2.0075160e-01;3.5750000e+02;2.2152668e-01;3.5750000e+02;1.7866154e-01;3.5750000e+02;1.2148181e-01;3.5750000e+02;7.0537969e-02;3.5750000e+02;2.0638898e-02;3.5750000e+02;-2.3953326e-02;3.5750000e+02;-6.5517783e-02;3.5750000e+02;-1.1133644e-01;3.5750000e+02;-1.5246943e-01;3.5750000e+02;-7.1389325e-02;3.5750000e+02;-6.5530881e-02;3.5750000e+02;-3.9794393e-02;3.5750000e+02;4.0196292e-03;3.5750000e+02;6.5364406e-02;3.5750000e+02;1.4333132e-01;3.5750000e+02;1.8976608e-01;3.5750000e+02;2.0906481e-01;3.5750000e+02;2.0075160e-01;3.5750000e+02;2.2152668e-01;3.5750000e+02;1.7866154e-01;3.5750000e+02;1.2148181e-01;3.5750000e+02;7.0537969e-02;3.5750000e+02;2.0638898e-02;3.5750000e+02;-2.3953326e-02;3.5750000e+02;-6.5517783e-02;3.5750000e+02;-1.1133644e-01;3.5750000e+02;-1.5246943e-01;3.5750000e+02;-7.1389325e-02;3.5750000e+02;-6.5530881e-02;3.5750000e+02;-3.9794393e-02;3.5750000e+02;4.0196292e-03;3.5750000e+02;6.5364406e-02;3.5750000e+02;1.4333132e-01;3.5750000e+02;1.8976608e-01;3.5750000e+02;2.0906481e-01;3.5750000e+02;2.0075160e-01;3.5750000e+02;2.2152668e-01;3.5750000e+02;1.7866154e-01;3.5750000e+02;1.2148181e-01;3.5750000e+02;7.0537969e-02;3.5750000e+02;2.0638898e-02;3.5750000e+02;-2.3953326e-02;3.5750000e+02;-6.5517783e-02;3.5750000e+02;-1.1133644e-01;3.5750000e+02;-1.5246943e-01;3.5750000e+02;-7.1389325e-02;3.5750000e+02;-6.5530881e-02;3.5750000e+02;-3.9794393e-02;3.5750000e+02;4.0196292e-03;3.5750000e+02;6.5364406e-02;3.5750000e+02;1.4333132e-01;3.5750000e+02;1.8976608e-01;3.5750000e+02;2.0906481e-01;3.5750000e+02;2.0075160e-01;3.5750000e+02;2.2152668e-01;3.5750000e+02;1.7866154e-01;3.5750000e+02;1.2148181e-01;3.5750000e+02;7.0537969e-02;3.5750000e+02;2.0638898e-02;3.5750000e+02;-2.3953326e-02;3.5750000e+02;-6.5517783e-02;3.5750000e+02;-1.1133644e-01;3.5750000e+02;-1.5246943e-01;3.5750000e+02;-7.1389325e-02;3.5750000e+02;-6.5530881e-02;3.5750000e+02;-3.9794393e-02;3.5750000e+02;4.0196292e-03;3.5750000e+02;6.5364406e-02;3.5750000e+02;1.4333132e-01;3.5750000e+02;1.8976608e-01;3.5750000e+02;2.0906481e-01;3.5750000e+02;2.0075160e-01;3.5750000e+02;2.2152668e-01;3.5750000e+02;1.7866154e-01;3.5750000e+02;1.2148181e-01;3.5750000e+02;7.0537969e-02;3.5750000e+02;2.0638898e-02;3.5750000e+02;-2.3953326e-02;3.5750000e+02;-6.5517783e-02;3.5750000e+02;-1.1133644e-01;3.5750000e+02;-1.5246943e-01;3.5750000e+02;-7.1389325e-02;3.5750000e+02;-6.5530881e-02;3.5750000e+02;-3.9794393e-02;3.5750000e+02;4.0196292e-03;3.5750000e+02;6.5364406e-02;3.5750000e+02;1.4333132e-01;3.5750000e+02;1.8976608e-01;3.5750000e+02;2.0906481e-01;3.5750000e+02;2.0075160e-01;3.5750000e+02;2.2152668e-01;3.5750000e+02;1.7866154e-01;3.5750000e+02;1.2148181e-01;3.5750000e+02;7.0537969e-02;3.5750000e+02;2.0638898e-02;3.5750000e+02;-2.3953326e-02;3.5750000e+02;-6.5517783e-02;3.5750000e+02;-1.1133644e-01;3.5750000e+02;-1.5246943e-01;3.5750000e+02;-7.1389325e-02;3.5750000e+02;-6.5530881e-02;3.5750000e+02;-3.9794393e-02;3.5750000e+02;4.0196292e-03;3.5750000e+02;6.5364406e-02;3.5750000e+02;1.4333132e-01;3.5750000e+02;1.8976608e-01;3.5750000e+02;2.0906481e-01;3.5750000e+02;2.0075160e-01;3.5750000e+02;2.2152668e-01;3.5750000e+02;1.7866154e-01;3.5750000e+02;1.2148181e-01;3.5750000e+02;7.0537969e-02;3.5750000e+02;2.0638898e-02;3.5750000e+02;-2.3953326e-02;3.5750000e+02;-6.5517783e-02;3.5750000e+02;-1.1133644e-01;3.5750000e+02;-1.5246943e-01;3.5750000e+02;-7.1389325e-02;3.5750000e+02;-6.5530881e-02;3.5750000e+02;-3.9794393e-02;3.5750000e+02;4.0196292e-03;3.5750000e+02;6.5364406e-02;3.5750000e+02;1.4333132e-01;3.5750000e+02;1.8976608e-01;3.5750000e+02;2.0906481e-01;3.5750000e+02;2.0075160e-01;3.5750000e+02;2.2152668e-01;3.5750000e+02;1.7866154e-01;3.5750000e+02;1.2148181e-01;3.5750000e+02;7.0537969e-02;3.5750000e+02;2.0638898e-02;3.5750000e+02;-2.3953326e-02;3.5750000e+02;-6.5517783e-02;3.5750000e+02;-1.1133644e-01;3.5750000e+02;-1.5246943e-01;3.5750000e+02;-7.1389325e-02;3.5750000e+02;-6.5530881e-02;3.5750000e+02;-3.9794393e-02;3.5750000e+02;4.0196292e-03;3.5750000e+02;6.5364406e-02;3.5750000e+02;1.4333132e-01;3.5750000e+02;1.8976608e-01;3.5750000e+02;2.0906481e-01;3.5750000e+02;2.0075160e-01;3.5750000e+02;2.2152668e-01;3.5750000e+02;1.7866154e-01;3.5750000e+02;1.2148181e-01;3.5750000e+02;7.0537969e-02;3.5750000e+02;2.0638898e-02;3.5750000e+02;-2.3953326e-02;3.5750000e+02;-6.5517783e-02;3.5750000e+02;-1.1133644e-01;3.5750000e+02;-1.5246943e-01;3.5750000e+02;-7.1389325e-02;3.5750000e+02;-6.5530881e-02;3.5750000e+02;-3.9794393e-02;3.5750000e+02;4.0196292e-03;3.5750000e+02;6.5364406e-02;3.5750000e+02;1.4333132e-01;3.5750000e+02;1.8976608e-01;3.5750000e+02;2.0906481e-01;3.5750000e+02;2.0075160e-01;3.5750000e+02;2.2152668e-01;3.5750000e+02;1.7866154e-01;3.5750000e+02;1.2148181e-01;3.5750000e+02;7.0537969e-02;3.5750000e+02;2.0638898e-02;3.5750000e+02;-2.3953326e-02;3.5750000e+02;-6.5517783e-02;3.5750000e+02;-1.1133644e-01;3.5750000e+02;-1.5246943e-01;3.5750000e+02;-7.1389325e-02;3.5750000e+02;-6.5530881e-02;3.5750000e+02;-3.9794393e-02;3.5750000e+02;4.0196292e-03;3.5750000e+02;6.5364406e-02;3.5750000e+02;1.4333132e-01;3.5750000e+02;1.8976608e-01;3.5750000e+02;2.0906481e-01;3.5750000e+02;2.0075160e-01;3.5750000e+02;2.2152668e-01;3.5750000e+02;1.7866154e-01;3.5750000e+02;1.2148181e-01;3.5750000e+02;7.0537969e-02;3.5750000e+02;2.0638898e-02;3.5750000e+02;-2.3953326e-02;3.5750000e+02;-6.5517783e-02;3.5750000e+02;-1.1133644e-01;3.5750000e+02;-1.5246943e-01;3.5750000e+02;-7.1389325e-02;3.5750000e+02;-6.5530881e-02;3.5750000e+02;-3.9794393e-02;3.5750000e+02;4.0196292e-03;3.5750000e+02;6.5364406e-02;3.5750000e+02;1.4333132e-01;3.5750000e+02;1.8976608e-01;3.5750000e+02;2.0906481e-01;3.5750000e+02;2.0075160e-01;3.5750000e+02;2.2152668e-01;3.5750000e+02;1.7866154e-01;3.5750000e+02;1.2148181e-01;3.5750000e+02;7.0537969e-02;3.5750000e+02;2.0638898e-02;3.5750000e+02;-2.3953326e-02;3.5750000e+02;-6.5517783e-02;3.5750000e+02;-1.1133644e-01;3.5750000e+02;-1.5246943e-01;3.5750000e+02;-7.1389325e-02;3.5750000e+02;-6.5530881e-02;3.5750000e+02;-3.9794393e-02;3.5750000e+02;4.0196292e-03;3.5750000e+02;6.5364406e-02;3.5750000e+02;1.4333132e-01;3.5750000e+02;1.8976608e-01;3.5750000e+02;2.0906481e-01;3.5750000e+02;2.0075160e-01;3.5750000e+02;2.2152668e-01;3.5750000e+02;1.7866154e-01;3.5750000e+02;1.2148181e-01;3.5750000e+02;7.0537969e-02;3.5750000e+02;2.0638898e-02;3.5750000e+02;-2.3953326e-02;3.5750000e+02;-6.5517783e-02;3.5750000e+02;-1.1133644e-01;3.5750000e+02;-1.5246943e-01;3.5750000e+02;-7.1389325e-02;3.5750000e+02;-6.5530881e-02;3.5750000e+02;-3.9794393e-02;3.5750000e+02;4.0196292e-03;3.5750000e+02;6.5364406e-02;3.5750000e+02;1.4333132e-01;3.5750000e+02;1.8976608e-01;3.5750000e+02;2.0906481e-01;3.5750000e+02;2.0075160e-01;3.5750000e+02;2.2152668e-01;3.5750000e+02;1.7866154e-01;3.5750000e+02;1.2148181e-01;3.5750000e+02;7.0537969e-02;3.5750000e+02;2.0638898e-02;3.5750000e+02;-2.3953326e-02;3.5750000e+02;-6.5517783e-02;3.5750000e+02;-1.1133644e-01;3.5750000e+02;-1.5246943e-01;3.5750000e+02;-7.1389325e-02;3.5750000e+02;-6.5530881e-02;3.5750000e+02;-3.9794393e-02;3.5750000e+02;4.0196292e-03;3.5750000e+02;6.5364406e-02;3.5750000e+02;1.4333132e-01;3.5750000e+02;1.8976608e-01;3.5750000e+02;2.0906481e-01;3.5750000e+02;2.0075160e-01;3.5750000e+02;2.2152668e-01;3.5750000e+02;1.7866154e-01;3.5750000e+02;1.2148181e-01;3.5750000e+02;7.0537969e-02;3.5750000e+02;2.0638898e-02;3.5750000e+02;-2.3953326e-02;3.5750000e+02;-6.5517783e-02;3.5750000e+02;-1.1133644e-01;3.5750000e+02;-1.5246943e-01;3.5750000e+02;-7.1389325e-02;3.5750000e+02;-6.5530881e-02;3.5750000e+02;-3.9794393e-02;3.5750000e+02;4.0196292e-03;3.5750000e+02;6.5364406e-02;3.5750000e+02;1.4333132e-01;3.5750000e+02;1.8976608e-01;3.5750000e+02;2.0906481e-01;3.5750000e+02;2.0075160e-01;3.5750000e+02;2.2152668e-01;3.5750000e+02;1.7866154e-01;3.5750000e+02;1.2148181e-01;3.5750000e+02;7.0537969e-02;3.5750000e+02;2.0638898e-02;3.5750000e+02;-2.3953326e-02;3.5750000e+02;-6.5517783e-02;3.5750000e+02;-1.1133644e-01;3.5750000e+02;-1.5246943e-01;3.5750000e+02;-7.1389325e-02;3.5750000e+02;-6.5530881e-02;3.5750000e+02;-3.9794393e-02;3.5750000e+02;4.0196292e-03;3.5750000e+02;6.5364406e-02;3.5750000e+02;1.4333132e-01;3.5750000e+02;1.8976608e-01;3.5750000e+02;2.0906481e-01;3.5750000e+02;2.0075160e-01;3.5750000e+02;2.2152668e-01;3.5750000e+02;1.7866154e-01;3.5750000e+02;1.2148181e-01;3.5750000e+02;7.0537969e-02;3.5750000e+02;2.0638898e-02;3.5750000e+02;-2.3953326e-02;3.5750000e+02;-6.5517783e-02;3.5750000e+02;-1.1133644e-01;3.5750000e+02;-1.5246943e-01;3.5750000e+02;-7.1389325e-02;3.5750000e+02;-6.5530881e-02;3.5750000e+02;-3.9794393e-02;3.5750000e+02;4.0196292e-03;3.5750000e+02;6.5364406e-02;3.5750000e+02;1.4333132e-01;3.5750000e+02;1.8976608e-01;3.5750000e+02;2.0906481e-01;3.5750000e+02;2.0075160e-01;3.5750000e+02;2.2152668e-01;3.5750000e+02;1.7866154e-01;3.5750000e+02;1.2148181e-01;3.5750000e+02;7.0537969e-02;3.5750000e+02;2.0638898e-02;3.5750000e+02;-2.3953326e-02;3.5750000e+02;-6.5517783e-02;3.5750000e+02;-1.1133644e-01;3.5750000e+02;-1.5246943e-01;3.5750000e+02;-7.1389325e-02;3.5750000e+02;-6.5530881e-02;3.5750000e+02;-3.9794393e-02;3.5750000e+02;4.0196292e-03;3.5750000e+02;6.5364406e-02;3.5750000e+02;1.4333132e-01;3.5750000e+02;1.8976608e-01;3.5750000e+02;2.0906481e-01;3.5750000e+02;2.0075160e-01;3.5750000e+02;2.2152668e-01;3.5750000e+02;1.7866154e-01;3.5750000e+02;1.2148181e-01;3.5750000e+02;7.0537969e-02;3.5750000e+02;2.0638898e-02;3.5750000e+02;-2.3953326e-02;3.5750000e+02;-6.5517783e-02;3.5750000e+02;-1.1133644e-01;3.5750000e+02;-1.5246943e-01;3.5750000e+02;-7.1389325e-02;3.5750000e+02;-6.5530881e-02;3.5750000e+02;-3.9794393e-02;3.5750000e+02;4.0196292e-03;3.5750000e+02;6.5364406e-02;3.5750000e+02;1.4333132e-01;3.5750000e+02;1.8976608e-01;3.5750000e+02;2.0906481e-01;3.5750000e+02;2.0075160e-01;3.5750000e+02;2.2152668e-01;3.5750000e+02;1.7866154e-01;3.5750000e+02;1.2148181e-01;3.5750000e+02;7.0537969e-02;3.5750000e+02;2.0638898e-02;3.5750000e+02;-2.3953326e-02;3.5750000e+02;-6.5517783e-02;3.5750000e+02;-1.1133644e-01;3.5750000e+02;-1.5246943e-01;3.5750000e+02;-7.1389325e-02;3.5750000e+02;-6.5530881e-02;3.5750000e+02;-3.9794393e-02;3.5750000e+02;4.0196292e-03;3.5750000e+02;6.5364406e-02;3.5750000e+02;1.4333132e-01;3.5750000e+02;1.8976608e-01;3.5750000e+02;2.0906481e-01;3.5750000e+02;2.0075160e-01;3.5750000e+02;2.2152668e-01;3.5750000e+02;1.7866154e-01;3.5750000e+02;1.2148181e-01;3.5750000e+02;7.0537969e-02;3.5750000e+02;2.0638898e-02;3.5750000e+02;-2.3953326e-02;3.5750000e+02;-6.5517783e-02;3.5750000e+02;-1.1133644e-01;3.5750000e+02;-1.5246943e-01;3.5750000e+02;-7.1389325e-02;3.5750000e+02;-6.5530881e-02;3.5750000e+02;-3.9794393e-02;3.5750000e+02;4.0196292e-03;3.5750000e+02;6.5364406e-02;3.5750000e+02;1.4333132e-01;3.5750000e+02;1.8976608e-01;3.5750000e+02;2.0906481e-01;3.5750000e+02;2.0075160e-01;3.5750000e+02;2.2152668e-01;3.5750000e+02;1.7866154e-01;3.5750000e+02;1.2148181e-01;3.5750000e+02;7.0537969e-02;3.5750000e+02;2.0638898e-02;3.5750000e+02;-2.3953326e-02;3.5750000e+02;-6.5517783e-02;3.5750000e+02;-1.1133644e-01;3.5750000e+02;-1.5246943e-01;3.5750000e+02;-7.1389325e-02;3.5750000e+02;-6.5530881e-02;3.5750000e+02;-3.9794393e-02;3.5750000e+02;4.0196292e-03;3.5750000e+02;6.5364406e-02;3.5750000e+02;1.4333132e-01;3.5750000e+02;1.8976608e-01;3.5750000e+02;2.0906481e-01;3.5750000e+02;2.0075160e-01;3.5750000e+02;2.2152668e-01;3.5750000e+02;1.7866154e-01;3.5750000e+02;1.2148181e-01;3.5750000e+02;7.0537969e-02;3.5750000e+02;2.0638898e-02;3.5750000e+02;-2.3953326e-02;3.5750000e+02;-6.5517783e-02;3.5750000e+02;-1.1133644e-01;3.5750000e+02;-1.5246943e-01;3.5750000e+02;-7.1389325e-02;3.5750000e+02;-6.5530881e-02;3.5750000e+02;-3.9794393e-02;3.5750000e+02;4.0196292e-03;3.5750000e+02;6.5364406e-02;3.5750000e+02;1.4333132e-01;3.5750000e+02;1.8976608e-01;3.5750000e+02;2.0906481e-01;3.5750000e+02;2.0075160e-01;3.5750000e+02;2.2152668e-01;3.5750000e+02;1.7866154e-01;3.5750000e+02;1.2148181e-01;3.5750000e+02;7.0537969e-02;3.5750000e+02;2.0638898e-02;3.5750000e+02;-2.3953326e-02;3.5750000e+02;-6.5517783e-02;3.5750000e+02;-1.1133644e-01;3.5750000e+02;-1.5246943e-01;3.5750000e+02;-7.1389325e-02;3.5750000e+02;-6.5530881e-02;3.5750000e+02;-3.9794393e-02;3.5750000e+02;4.0196292e-03;3.5750000e+02;6.5364406e-02;3.5750000e+02;1.4333132e-01;3.5750000e+02;1.8976608e-01;3.5750000e+02;2.0906481e-01;3.5750000e+02;2.0075160e-01;3.5750000e+02;2.2152668e-01;3.5750000e+02;1.7866154e-01;3.5750000e+02;1.2148181e-01;3.5750000e+02;7.0537969e-02;3.5750000e+02;2.0638898e-02;3.5750000e+02;-2.3953326e-02;3.5750000e+02;-6.5517783e-02;3.5750000e+02;-1.1133644e-01;3.5750000e+02;-1.5246943e-01;3.5750000e+02;-7.1389325e-02;3.5750000e+02;-6.5530881e-02;3.5750000e+02;-3.9794393e-02;3.5750000e+02;4.0196292e-03;3.5750000e+02;6.5364406e-02;3.5750000e+02;1.4333132e-01;3.5750000e+02;1.8976608e-01;3.5750000e+02;2.0906481e-01;3.5750000e+02;2.0075160e-01;3.5750000e+02;2.2152668e-01;3.5750000e+02;1.7866154e-01;3.5750000e+02;1.2148181e-01;3.5750000e+02;7.0537969e-02;3.5750000e+02;2.0638898e-02;3.5750000e+02;-2.3953326e-02;3.5750000e+02;-6.5517783e-02;3.5750000e+02;-1.1133644e-01;3.5750000e+02;-1.5246943e-01;3.5750000e+02;-7.1389325e-02;3.5750000e+02;-6.5530881e-02;3.5750000e+02;-3.9794393e-02;3.5750000e+02;4.0196292e-03;3.5750000e+02;6.5364406e-02;3.5750000e+02;1.4333132e-01;3.5750000e+02;1.8976608e-01;3.5750000e+02;2.0906481e-01;3.5750000e+02;2.0075160e-01;3.5750000e+02;2.2152668e-01;3.5750000e+02;1.7866154e-01;3.5750000e+02;1.2148181e-01;3.5750000e+02;7.0537969e-02;3.5750000e+02;2.0638898e-02;3.5750000e+02;-2.3953326e-02;3.5750000e+02;-6.5517783e-02;3.5750000e+02;-1.1133644e-01;3.5750000e+02;-1.5246943e-01;3.5750000e+02;-7.1389325e-02;3.5750000e+02;-6.5530881e-02;3.5750000e+02;-3.9794393e-02;3.5750000e+02;4.0196292e-03;3.5750000e+02;6.5364406e-02;3.5750000e+02;1.4333132e-01;3.5750000e+02;1.8976608e-01;3.5750000e+02;2.0906481e-01;3.5750000e+02;2.0075160e-01;3.5750000e+02;2.2152668e-01;3.5750000e+02;1.7866154e-01;3.5750000e+02;1.2148181e-01;3.5750000e+02;7.0537969e-02;3.5750000e+02;2.0638898e-02;3.5750000e+02;-2.3953326e-02;3.5750000e+02;-6.5517783e-02;3.5750000e+02;-1.1133644e-01;3.5750000e+02;-1.5246943e-01;3.5750000e+02;-7.1389325e-02;3.5750000e+02;-6.5530881e-02;3.5750000e+02;-3.9794393e-02;3.5750000e+02;4.0196292e-03;3.5750000e+02;6.5364406e-02;3.5750000e+02;1.4333132e-01;3.5750000e+02;1.8976608e-01;3.5750000e+02;2.0906481e-01;3.5750000e+02;2.0075160e-01;3.5750000e+02;2.2152668e-01;3.5750000e+02;1.7866154e-01;3.5750000e+02;1.2148181e-01;3.5750000e+02;7.0537969e-02;3.5750000e+02;2.0638898e-02;3.5750000e+02;-2.3953326e-02;3.5750000e+02;-6.5517783e-02;3.5750000e+02;-1.1133644e-01;3.5750000e+02;-1.5246943e-01;3.5750000e+02;-7.1389325e-02;3.5750000e+02;-6.5530881e-02;3.5750000e+02;-3.9794393e-02;3.5750000e+02;4.0196292e-03;3.5750000e+02;6.5364406e-02;3.5750000e+02;1.4333132e-01;3.5750000e+02;1.8976608e-01;3.5750000e+02;2.0906481e-01;3.5750000e+02;2.0075160e-01;3.5750000e+02;2.2152668e-01;3.5750000e+02;1.7866154e-01;3.5750000e+02;1.2148181e-01;3.5750000e+02;7.0537969e-02;3.5750000e+02;2.0638898e-02;3.5750000e+02;-2.3953326e-02;3.5750000e+02;-6.5517783e-02;3.5750000e+02;-1.1133644e-01;3.5750000e+02;-1.5246943e-01;3.5750000e+02;-7.1389325e-02;3.5750000e+02;-6.5530881e-02;3.5750000e+02;-3.9794393e-02;3.5750000e+02;4.0196292e-03;3.5750000e+02;6.5364406e-02;3.5750000e+02;1.4333132e-01;3.5750000e+02;1.8976608e-01;3.5750000e+02;2.0906481e-01;3.5750000e+02;2.0075160e-01;3.5750000e+02;2.2152668e-01;3.5750000e+02;1.7866154e-01;3.5750000e+02;1.2148181e-01;3.5750000e+02;7.0537969e-02;3.5750000e+02;2.0638898e-02;3.5750000e+02;-2.3953326e-02;3.5750000e+02;-6.5517783e-02;3.5750000e+02;-1.1133644e-01;3.5750000e+02;-1.5246943e-01;3.5750000e+02;-7.1389325e-02;3.5750000e+02;-6.5530881e-02;3.5750000e+02;-3.9794393e-02;3.5750000e+02;4.0196292e-03;3.5750000e+02;6.5364406e-02;3.5750000e+02;1.4333132e-01;3.5750000e+02;1.8976608e-01;3.5750000e+02;2.0906481e-01;3.5750000e+02;2.0075160e-01;3.5750000e+02;2.2152668e-01;3.5750000e+02;1.7866154e-01;3.5750000e+02;1.2148181e-01;3.5750000e+02;7.0537969e-02;3.5750000e+02;2.0638898e-02;3.5750000e+02;-2.3953326e-02;3.5750000e+02;-6.5517783e-02;3.5750000e+02;-1.1133644e-01;3.5750000e+02;-1.5246943e-01;3.5750000e+02;-7.1389325e-02;3.5750000e+02;-6.5530881e-02;3.5750000e+02;-3.9794393e-02;3.5750000e+02;4.0196292e-03;3.5750000e+02;6.5364406e-02;3.5750000e+02;1.4333132e-01;3.5750000e+02;1.8976608e-01;3.5750000e+02;2.0906481e-01;3.5750000e+02;2.0075160e-01;3.5750000e+02;2.2152668e-01;3.5750000e+02;1.7866154e-01;3.5750000e+02;1.2148181e-01;3.5750000e+02;7.0537969e-02;3.5750000e+02;2.0638898e-02;3.5750000e+02;-2.3953326e-02;3.5750000e+02;-6.5517783e-02;3.5750000e+02;-1.1133644e-01;3.5750000e+02;-1.5246943e-01;3.5750000e+02;-7.1389325e-02;3.5750000e+02;-6.5530881e-02;3.5750000e+02;-3.9794393e-02;3.5750000e+02;4.0196292e-03;3.5750000e+02;6.5364406e-02;3.5750000e+02;1.4333132e-01;3.5750000e+02;1.8976608e-01;3.5750000e+02;2.0906481e-01;3.5750000e+02;2.0075160e-01;3.5750000e+02;2.2152668e-01;3.5750000e+02;1.7866154e-01;3.5750000e+02;1.2148181e-01;3.5750000e+02;7.0537969e-02;3.5750000e+02;2.0638898e-02;3.5750000e+02;-2.3953326e-02;3.5750000e+02;-6.5517783e-02;3.5750000e+02;-1.1133644e-01;3.5750000e+02;-1.5246943e-01;3.5750000e+02;-7.1389325e-02;3.5750000e+02;-6.5530881e-02;3.5750000e+02;-3.9794393e-02;3.5750000e+02;4.0196292e-03;3.5750000e+02;6.5364406e-02;3.5750000e+02;1.4333132e-01;3.5750000e+02;1.8976608e-01;3.5750000e+02;2.0906481e-01;3.5750000e+02;2.0075160e-01;3.5750000e+02;2.2152668e-01;3.5750000e+02;1.7866154e-01;3.5750000e+02;1.2148181e-01;3.5750000e+02;7.0537969e-02;3.5750000e+02;2.0638898e-02;3.5750000e+02;-2.3953326e-02;3.5750000e+02;-6.5517783e-02;3.5750000e+02;-1.1133644e-01;3.5750000e+02;-1.5246943e-01;3.5750000e+02;-7.1389325e-02;3.5750000e+02;-6.5530881e-02;3.5750000e+02;-3.9794393e-02;3.5750000e+02;4.0196292e-03;3.5750000e+02;6.5364406e-02;3.5750000e+02;1.4333132e-01;3.5750000e+02;1.8976608e-01;3.5750000e+02;2.0906481e-01;3.5750000e+02;2.0075160e-01;3.5750000e+02;2.2152668e-01;3.5750000e+02;1.7866154e-01;3.5750000e+02;1.2148181e-01;3.5750000e+02;7.0537969e-02;3.5750000e+02;2.0638898e-02;3.5750000e+02;-2.3953326e-02;3.5750000e+02;-6.5517783e-02;3.5750000e+02;-1.1133644e-01;3.5750000e+02;-1.5246943e-01;3.5750000e+02;-7.1389325e-02;3.5750000e+02;-6.5530881e-02;3.5750000e+02;-3.9794393e-02;3.5750000e+02;4.0196292e-03;3.5750000e+02;6.5364406e-02;3.5750000e+02;1.4333132e-01;3.5750000e+02;1.8976608e-01;3.5750000e+02;2.0906481e-01;3.5750000e+02;2.0075160e-01;3.5750000e+02;2.2152668e-01;3.5750000e+02;1.7866154e-01;3.5750000e+02;1.2148181e-01;3.5750000e+02;7.0537969e-02;3.5750000e+02;2.0638898e-02;3.5750000e+02;-2.3953326e-02;3.5750000e+02;-6.5517783e-02;3.5750000e+02;-1.1133644e-01;3.5750000e+02;-1.5246943e-01;3.5750000e+02;-7.1389325e-02;3.5750000e+02;-6.5530881e-02;3.5750000e+02;-3.9794393e-02;3.5750000e+02;4.0196292e-03;3.5750000e+02;6.5364406e-02;3.5750000e+02;1.4333132e-01;3.5750000e+02;1.8976608e-01;3.5750000e+02;2.0906481e-01;3.5750000e+02;2.0075160e-01;3.5750000e+02;2.2152668e-01;3.5750000e+02;1.7866154e-01;3.5750000e+02;1.2148181e-01;3.5750000e+02;7.0537969e-02;3.5750000e+02;2.0638898e-02;3.5750000e+02;-2.3953326e-02;3.5750000e+02;-6.5517783e-02;3.5750000e+02;-1.1133644e-01;3.5750000e+02;-1.5246943e-01;3.5750000e+02;-7.1389325e-02;3.5750000e+02;-6.5530881e-02;3.5750000e+02;-3.9794393e-02;3.5750000e+02;4.0196292e-03;3.5750000e+02;6.5364406e-02;3.5750000e+02;1.4333132e-01;3.5750000e+02;1.8976608e-01;3.5750000e+02;2.0906481e-01;3.5750000e+02;2.0075160e-01;3.5750000e+02;2.2152668e-01;3.5750000e+02;1.7866154e-01;3.5750000e+02;1.2148181e-01;3.5750000e+02;7.0537969e-02;3.5750000e+02;2.0638898e-02;3.5750000e+02;-2.3953326e-02;3.5750000e+02;-6.5517783e-02;3.5750000e+02;-1.1133644e-01;3.5750000e+02;-1.5246943e-01;3.5750000e+02;-7.1389325e-02;3.5750000e+02;-6.5530881e-02;3.5750000e+02;-3.9794393e-02;3.5750000e+02;4.0196292e-03;3.5750000e+02;6.5364406e-02;3.5750000e+02;1.4333132e-01;3.5750000e+02;1.8976608e-01;3.5750000e+02;2.0906481e-01;3.5750000e+02;2.0075160e-01;3.5750000e+02;2.2152668e-01;3.5750000e+02;1.7866154e-01;3.5750000e+02;1.2148181e-01;3.5750000e+02;7.0537969e-02;3.5750000e+02;2.0638898e-02;3.5750000e+02;-2.3953326e-02;3.5750000e+02;-6.5517783e-02;3.5750000e+02;-1.1133644e-01;3.5750000e+02;-1.5246943e-01;3.5750000e+02;-7.1389325e-02;3.5750000e+02;-6.5530881e-02;3.5750000e+02;-3.9794393e-02;3.5750000e+02;4.0196292e-03;3.5750000e+02;6.5364406e-02;3.5750000e+02;1.4333132e-01;3.5750000e+02;1.8976608e-01;3.5750000e+02;2.0906481e-01;3.5750000e+02;2.0075160e-01;3.5750000e+02;2.2152668e-01;3.5750000e+02;1.7866154e-01;3.5750000e+02;1.2148181e-01;3.5750000e+02;7.0537969e-02;3.5750000e+02;2.0638898e-02;3.5750000e+02;-2.3953326e-02;3.5750000e+02;-6.5517783e-02;3.5750000e+02;-1.1133644e-01;3.5750000e+02;-1.5246943e-01;3.5750000e+02;-7.1389325e-02;3.5750000e+02;-6.5530881e-02;3.5750000e+02;-3.9794393e-02;3.5750000e+02;4.0196292e-03;3.5750000e+02;6.5364406e-02;3.5750000e+02;1.4333132e-01;3.5750000e+02;1.8976608e-01;3.5750000e+02;2.0906481e-01;3.5750000e+02;2.0075160e-01;3.5750000e+02;2.2152668e-01;3.5750000e+02;1.7866154e-01;3.5750000e+02;1.2148181e-01;3.5750000e+02;7.0537969e-02;3.5750000e+02;2.0638898e-02;3.5750000e+02;-2.3953326e-02;3.5750000e+02;-6.5517783e-02;3.5750000e+02;-1.1133644e-01;3.5750000e+02;-1.5246943e-01;3.5750000e+02;-7.1389325e-02;3.5750000e+02;-6.5530881e-02;3.5750000e+02;-3.9794393e-02;3.5750000e+02;4.0196292e-03;3.5750000e+02;6.5364406e-02;3.5750000e+02;1.4333132e-01;3.5750000e+02;1.8976608e-01;3.5750000e+02;2.0906481e-01;3.5750000e+02;2.0075160e-01;3.5750000e+02;2.2152668e-01;3.5750000e+02;1.7866154e-01;3.5750000e+02;1.2148181e-01;3.5750000e+02;7.0537969e-02;3.5750000e+02;2.0638898e-02;3.5750000e+02;-2.3953326e-02;3.5750000e+02;-6.5517783e-02;3.5750000e+02;-1.1133644e-01;3.5750000e+02;-1.5246943e-01;3.5750000e+02;-7.1389325e-02;3.5750000e+02;-6.5530881e-02;3.5750000e+02;-3.9794393e-02;3.5750000e+02;4.0196292e-03;3.5750000e+02;6.5364406e-02;3.5750000e+02;1.4333132e-01;3.5750000e+02;1.8976608e-01;3.5750000e+02;2.0906481e-01;3.5750000e+02;2.0075160e-01;3.5750000e+02;2.2152668e-01;3.5750000e+02;1.7866154e-01;3.5750000e+02;1.2148181e-01;3.5750000e+02;7.0537969e-02;3.5750000e+02;2.0638898e-02;3.5750000e+02;-2.3953326e-02;3.5750000e+02;-6.5517783e-02;3.5750000e+02;-1.1133644e-01;3.5750000e+02;-1.5246943e-01;3.5750000e+02;-7.1389325e-02;3.5750000e+02;-6.5530881e-02;3.5750000e+02;-3.9794393e-02;3.5750000e+02;4.0196292e-03;3.5750000e+02;6.5364406e-02;3.5750000e+02;1.4333132e-01;3.5750000e+02;1.8976608e-01;3.5750000e+02;2.0906481e-01;3.5750000e+02;2.0075160e-01;3.5750000e+02;2.2152668e-01;3.5750000e+02;1.7866154e-01;3.5750000e+02;1.2148181e-01;3.5750000e+02;7.0537969e-02;3.5750000e+02;2.0638898e-02;3.5750000e+02;-2.3953326e-02;3.5750000e+02;-6.5517783e-02;3.5750000e+02;-1.1133644e-01;3.5750000e+02;-1.5246943e-01;3.5750000e+02;-7.1389325e-02;3.5750000e+02;-6.5530881e-02;3.5750000e+02;-3.9794393e-02;3.5750000e+02;4.0196292e-03;3.5750000e+02;6.5364406e-02;3.5750000e+02;1.4333132e-01;3.5750000e+02;1.8976608e-01;3.5750000e+02;2.0906481e-01;3.5750000e+02;2.0075160e-01;3.5750000e+02;2.2152668e-01;3.5750000e+02;1.7866154e-01;3.5750000e+02;1.2148181e-01;3.5750000e+02;7.0537969e-02;3.5750000e+02;2.0638898e-02;3.5750000e+02;-2.3953326e-02;3.5750000e+02;-6.5517783e-02;3.5750000e+02;-1.1133644e-01;3.5750000e+02;-1.5246943e-01;3.5750000e+02;-7.1389325e-02;3.5750000e+02;-6.5530881e-02;3.5750000e+02;-3.9794393e-02;3.5750000e+02;4.0196292e-03;3.5750000e+02;6.5364406e-02;3.5750000e+02;1.4333132e-01;3.5750000e+02;1.8976608e-01;3.5750000e+02;2.0906481e-01;3.5750000e+02;2.0075160e-01;3.5750000e+02;2.2152668e-01;3.5750000e+02;1.7866154e-01;3.5750000e+02;1.2148181e-01;3.5750000e+02;7.0537969e-02;3.5750000e+02;2.0638898e-02;3.5750000e+02;-2.3953326e-02;3.5750000e+02;-6.5517783e-02;3.5750000e+02;-1.1133644e-01;3.5750000e+02;-1.5246943e-01;3.5750000e+02;-7.1389325e-02;3.5750000e+02;-6.5530881e-02;3.5750000e+02;-3.9794393e-02;3.5750000e+02;4.0196292e-03;3.5750000e+02;6.5364406e-02;3.5750000e+02;1.4333132e-01;3.5750000e+02;1.8976608e-01;3.5750000e+02;2.0906481e-01;3.5750000e+02;2.0075160e-01;3.5750000e+02;2.2152668e-01;3.5750000e+02;1.7866154e-01;3.5750000e+02;1.2148181e-01;3.5750000e+02;7.0537969e-02;3.5750000e+02;2.0638898e-02;3.5750000e+02;-2.3953326e-02;3.5750000e+02;-6.5517783e-02;3.5750000e+02;-1.1133644e-01;3.5750000e+02;-1.5246943e-01;3.5750000e+02;-7.1389325e-02;3.5750000e+02;-6.5530881e-02;3.5750000e+02;-3.9794393e-02;3.5750000e+02;4.0196292e-03;3.5750000e+02;6.5364406e-02;3.5750000e+02;1.4333132e-01;3.5750000e+02;1.8976608e-01;3.5750000e+02;2.0906481e-01;3.5750000e+02;2.0075160e-01;3.5750000e+02;2.2152668e-01;3.5750000e+02;1.7866154e-01;3.5750000e+02;1.2148181e-01;3.5750000e+02;7.0537969e-02;3.5750000e+02;2.0638898e-02;3.5750000e+02;-2.3953326e-02;3.5750000e+02;-6.5517783e-02;3.5750000e+02;-1.1133644e-01;3.5750000e+02;-1.5246943e-01;3.5750000e+02;-7.1389325e-02;3.5750000e+02;-6.5530881e-02;3.5750000e+02;-3.9794393e-02;3.5750000e+02;4.0196292e-03;3.5750000e+02;6.5364406e-02;3.5750000e+02;1.4333132e-01;3.5750000e+02;1.8976608e-01;3.5750000e+02;2.0906481e-01;3.5750000e+02;2.0075160e-01;3.5750000e+02;2.2152668e-01;3.5750000e+02;1.7866154e-01;3.5750000e+02;1.2148181e-01;3.5750000e+02;7.0537969e-02;3.5750000e+02;2.0638898e-02;3.5750000e+02;-2.3953326e-02;3.5750000e+02;-6.5517783e-02;3.5750000e+02;-1.1133644e-01;3.5750000e+02;-1.5246943e-01;3.5750000e+02;-7.1389325e-02;3.5750000e+02;-6.5530881e-02;3.5750000e+02;-3.9794393e-02;3.5750000e+02;4.0196292e-03;3.5750000e+02;6.5364406e-02;3.5750000e+02;1.4333132e-01;3.5750000e+02;1.8976608e-01;3.5750000e+02;2.0906481e-01;3.5750000e+02;2.0075160e-01;3.5750000e+02;2.2152668e-01;3.5750000e+02;1.7866154e-01;3.5750000e+02;1.2148181e-01;3.5750000e+02;7.0537969e-02;3.5750000e+02;2.0638898e-02;3.5750000e+02;-2.3953326e-02;3.5750000e+02;-6.5517783e-02;3.5750000e+02;-1.1133644e-01;3.5750000e+02;-1.5246943e-01;3.5750000e+02;-7.1389325e-02;3.5750000e+02;-6.5530881e-02;3.5750000e+02;-3.9794393e-02;3.5750000e+02;4.0196292e-03;3.5750000e+02;6.5364406e-02;3.5750000e+02;1.4333132e-01;3.5750000e+02;1.8976608e-01;3.5750000e+02;2.0906481e-01;3.5750000e+02;2.0075160e-01;3.5750000e+02;2.2152668e-01;3.5750000e+02;1.7866154e-01;3.5750000e+02;1.2148181e-01;3.5750000e+02;7.0537969e-02;3.5750000e+02;2.0638898e-02;3.5750000e+02;-2.3953326e-02;3.5750000e+02;-6.5517783e-02;3.5750000e+02;-1.1133644e-01;3.5750000e+02;-1.5246943e-01;3.5750000e+02;-7.1389325e-02;3.5750000e+02;-6.5530881e-02;3.5750000e+02;-3.9794393e-02;3.5750000e+02;4.0196292e-03;3.5750000e+02;6.5364406e-02;3.5750000e+02;1.4333132e-01;3.5750000e+02;1.8976608e-01;3.5750000e+02;2.0906481e-01;3.5750000e+02;2.0075160e-01;3.5750000e+02;2.2152668e-01;3.5750000e+02;1.7866154e-01;3.5750000e+02;1.2148181e-01;3.5750000e+02;7.0537969e-02;3.5750000e+02;2.0638898e-02;3.5750000e+02;-2.3953326e-02;3.5750000e+02;-6.5517783e-02;3.5750000e+02;-1.1133644e-01;3.5750000e+02;-1.5246943e-01;3.5750000e+02;-7.1389325e-02;3.5750000e+02;-6.5530881e-02;3.5750000e+02;-3.9794393e-02;3.5750000e+02;4.0196292e-03;3.5750000e+02;6.5364406e-02;3.5750000e+02;1.4333132e-01;3.5750000e+02;1.8976608e-01;3.5750000e+02;2.0906481e-01;3.5750000e+02;2.0075160e-01;3.5750000e+02;2.2152668e-01;3.5750000e+02;1.7866154e-01;3.5750000e+02;1.2148181e-01;3.5750000e+02;7.0537969e-02;3.5750000e+02;2.0638898e-02;3.5750000e+02;-2.3953326e-02;3.5750000e+02;-6.5517783e-02;3.5750000e+02;-1.1133644e-01;3.5750000e+02;-1.5246943e-01;3.5750000e+02;-7.1389325e-02;3.5750000e+02;-6.5530881e-02;3.5750000e+02;-3.9794393e-02;3.5750000e+02;4.0196292e-03;3.5750000e+02;6.5364406e-02;3.5750000e+02;1.4333132e-01;3.5750000e+02;1.8976608e-01;3.5750000e+02;2.0906481e-01;3.5750000e+02;2.0075160e-01;3.5750000e+02;2.2152668e-01;3.5750000e+02;1.7866154e-01;3.5750000e+02;1.2148181e-01;3.5750000e+02;7.0537969e-02;3.5750000e+02;2.0638898e-02;3.5750000e+02;-2.3953326e-02;3.5750000e+02;-6.5517783e-02;3.5750000e+02;-1.1133644e-01;3.5750000e+02;-1.5246943e-01;3.5750000e+02;-7.1389325e-02;3.5750000e+02;-6.5530881e-02;3.5750000e+02;-3.9794393e-02;3.5750000e+02;4.0196292e-03;3.5750000e+02;6.5364406e-02;3.5750000e+02;1.4333132e-01;3.5750000e+02;1.8976608e-01;3.5750000e+02;2.0906481e-01;3.5750000e+02;2.0075160e-01;3.5750000e+02;2.2152668e-01;3.5750000e+02;1.7866154e-01;3.5750000e+02;1.2148181e-01;3.5750000e+02;7.0537969e-02;3.5750000e+02;2.0638898e-02;3.5750000e+02;-2.3953326e-02;3.5750000e+02;-6.5517783e-02;3.5750000e+02;-1.1133644e-01;3.5750000e+02;-1.5246943e-01;3.5750000e+02;-7.1389325e-02;3.5750000e+02;-6.5530881e-02;3.5750000e+02;-3.9794393e-02;3.5750000e+02;4.0196292e-03;3.5750000e+02;6.5364406e-02;3.5750000e+02;1.4333132e-01;3.5750000e+02;1.8976608e-01;3.5750000e+02;2.0906481e-01;3.5750000e+02;2.0075160e-01;3.5750000e+02;2.2152668e-01;3.5750000e+02;1.7866154e-01;3.5750000e+02;1.2148181e-01;3.5750000e+02;7.0537969e-02;3.5750000e+02;2.0638898e-02;3.5750000e+02;-2.3953326e-02;3.5750000e+02;-6.5517783e-02;3.5750000e+02;-1.1133644e-01;3.5750000e+02;-1.5246943e-01;3.5750000e+02;-7.1389325e-02;3.5750000e+02;-6.5530881e-02;3.5750000e+02;-3.9794393e-02;3.5750000e+02;4.0196292e-03;3.5750000e+02;6.5364406e-02;3.5750000e+02;1.4333132e-01;3.5750000e+02;1.8976608e-01;3.5750000e+02;2.0906481e-01;3.5750000e+02;2.0075160e-01;3.5750000e+02;2.2152668e-01;3.5750000e+02;1.7866154e-01;3.5750000e+02;1.2148181e-01;3.5750000e+02;7.0537969e-02;3.5750000e+02;2.0638898e-02;3.5750000e+02;-2.3953326e-02;3.5750000e+02;-6.5517783e-02;3.5750000e+02;-1.1133644e-01;3.5750000e+02;-1.5246943e-01;3.5750000e+02;-7.1389325e-02;3.5750000e+02;-6.5530881e-02;3.5750000e+02;-3.9794393e-02;3.5750000e+02;4.0196292e-03;3.5750000e+02;6.5364406e-02;3.5750000e+02;1.4333132e-01;3.5750000e+02;1.8976608e-01;3.5750000e+02;2.0906481e-01;3.5750000e+02;2.0075160e-01;3.5750000e+02;2.2152668e-01;3.5750000e+02;1.7866154e-01;3.5750000e+02;1.2148181e-01;3.5750000e+02;7.0537969e-02;3.5750000e+02;2.0638898e-02;3.5750000e+02;-2.3953326e-02;3.5750000e+02;-6.5517783e-02;3.5750000e+02;-1.1133644e-01;3.5750000e+02;-1.5246943e-01;3.5750000e+02;-7.1389325e-02;3.5750000e+02;-6.5530881e-02;3.5750000e+02;-3.9794393e-02;3.5750000e+02;4.0196292e-03;3.5750000e+02;6.5364406e-02;3.5750000e+02;1.4333132e-01;3.5750000e+02;1.8976608e-01;3.5750000e+02;2.0906481e-01;3.5750000e+02;2.0075160e-01;3.5750000e+02;2.2152668e-01;3.5750000e+02;1.7866154e-01;3.5750000e+02;1.2148181e-01;3.5750000e+02;7.0537969e-02;3.5750000e+02;2.0638898e-02;3.5750000e+02;-2.3953326e-02;3.5750000e+02;-6.5517783e-02;3.5750000e+02;-1.1133644e-01;3.5750000e+02;-1.5246943e-01;3.5750000e+02;-7.1389325e-02;3.5750000e+02;-6.5530881e-02;3.5750000e+02;-3.9794393e-02;3.5750000e+02;4.0196292e-03;3.5750000e+02;6.5364406e-02;3.5750000e+02;1.4333132e-01;3.5750000e+02;1.8976608e-01;3.5750000e+02;2.0906481e-01;3.5750000e+02;2.0075160e-01;3.5750000e+02;2.2152668e-01;3.5750000e+02;1.7866154e-01;3.5750000e+02;1.2148181e-01;3.5750000e+02;7.0537969e-02;3.5750000e+02;2.0638898e-02;3.5750000e+02;-2.3953326e-02;3.5750000e+02;-6.5517783e-02;3.5750000e+02;-1.1133644e-01;3.5750000e+02;-1.5246943e-01;3.5750000e+02;-7.1389325e-02;3.5750000e+02;-6.5530881e-02;3.5750000e+02;-3.9794393e-02;3.5750000e+02;4.0196292e-03;3.5750000e+02;6.5364406e-02;3.5750000e+02;1.4333132e-01;3.5750000e+02;1.8976608e-01;3.5750000e+02;2.0906481e-01;3.5750000e+02;2.0075160e-01;3.5750000e+02;2.2152668e-01;3.5750000e+02;1.7866154e-01;3.5750000e+02;1.2148181e-01;3.5750000e+02;7.0537969e-02;3.5750000e+02;2.0638898e-02;3.5750000e+02;-2.3953326e-02;3.5750000e+02;-6.5517783e-02;3.5750000e+02;-1.1133644e-01;3.5750000e+02;-1.5246943e-01;3.5750000e+02;-7.1389325e-02;3.5750000e+02;-6.5530881e-02;3.5750000e+02;-3.9794393e-02;3.5750000e+02;4.0196292e-03;3.5750000e+02;6.5364406e-02;3.5750000e+02;1.4333132e-01;3.5750000e+02;1.8976608e-01;3.5750000e+02;2.0906481e-01;3.5750000e+02;2.0075160e-01;3.5750000e+02;2.2152668e-01;3.5750000e+02;1.7866154e-01;3.5750000e+02;1.2148181e-01;3.5750000e+02;7.0537969e-02;3.5750000e+02;2.0638898e-02;3.5750000e+02;-2.3953326e-02;3.5750000e+02;-6.5517783e-02;3.5750000e+02;-1.1133644e-01;3.5750000e+02;-1.5246943e-01;3.5750000e+02;-7.1389325e-02;3.5750000e+02;-6.5530881e-02;3.5750000e+02;-3.9794393e-02;3.5750000e+02;4.0196292e-03;3.5750000e+02;6.5364406e-02;3.5750000e+02;1.4333132e-01;3.5750000e+02;1.8976608e-01;3.5750000e+02;2.0906481e-01;3.5750000e+02;2.0075160e-01;3.5750000e+02;2.2152668e-01;3.5750000e+02;1.7866154e-01;3.5750000e+02;1.2148181e-01;3.5750000e+02;7.0537969e-02;3.5750000e+02;2.0638898e-02;3.5750000e+02;-2.3953326e-02;3.5750000e+02;-6.5517783e-02;3.5750000e+02;-1.1133644e-01;3.5750000e+02;-1.5246943e-01;3.5750000e+02;-7.1389325e-02;3.5750000e+02;-6.5530881e-02;3.5750000e+02;-3.9794393e-02;3.5750000e+02;4.0196292e-03;3.5750000e+02;6.5364406e-02;3.5750000e+02;1.4333132e-01;3.5750000e+02;1.8976608e-01;3.5750000e+02;2.0906481e-01;3.5750000e+02;2.0075160e-01;3.5750000e+02;2.2152668e-01;3.5750000e+02;1.7866154e-01;3.5750000e+02;1.2148181e-01;3.5750000e+02;7.0537969e-02;3.5750000e+02;2.0638898e-02;3.5750000e+02;-2.3953326e-02;3.5750000e+02;-6.5517783e-02;3.5750000e+02;-1.1133644e-01;3.5750000e+02;-1.5246943e-01;3.5750000e+02;-7.1389325e-02;3.5750000e+02;-6.5530881e-02;3.5750000e+02;-3.9794393e-02;3.5750000e+02;4.0196292e-03;3.5750000e+02;6.5364406e-02;3.5750000e+02;1.4333132e-01;3.5750000e+02;1.8976608e-01;3.5750000e+02;2.0906481e-01;3.5750000e+02;2.0075160e-01;3.5750000e+02;2.2152668e-01;3.5750000e+02;1.7866154e-01;3.5750000e+02;1.2148181e-01;3.5750000e+02;7.0537969e-02;3.5750000e+02;2.0638898e-02;3.5750000e+02;-2.3953326e-02;3.5750000e+02;-6.5517783e-02;3.5750000e+02;-1.1133644e-01;3.5750000e+02;-1.5246943e-01;3.5750000e+02;-7.1389325e-02;3.5750000e+02;-6.5530881e-02;3.5750000e+02;-3.9794393e-02;3.5750000e+02;4.0196292e-03;3.5750000e+02;6.5364406e-02;3.5750000e+02;1.4333132e-01;3.5750000e+02;1.8976608e-01;3.5750000e+02;2.0906481e-01;3.5750000e+02;2.0075160e-01;3.5750000e+02;2.2152668e-01;3.5750000e+02;1.7866154e-01;3.5750000e+02;1.2148181e-01;3.5750000e+02;7.0537969e-02;3.5750000e+02;2.0638898e-02;3.5750000e+02;-2.3953326e-02;3.5750000e+02;-6.5517783e-02;3.5750000e+02;-1.1133644e-01;3.5750000e+02;-1.5246943e-01;3.5750000e+02;-7.1389325e-02;3.5750000e+02;-6.5530881e-02;3.5750000e+02;-3.9794393e-02;3.5750000e+02;4.0196292e-03;3.5750000e+02;6.5364406e-02;3.5750000e+02;1.4333132e-01;3.5750000e+02;1.8976608e-01;3.5750000e+02;2.0906481e-01;3.5750000e+02;2.0075160e-01;3.5750000e+02;2.2152668e-01;3.5750000e+02;1.7866154e-01;3.5750000e+02;1.2148181e-01;3.5750000e+02;7.0537969e-02;3.5750000e+02;2.0638898e-02;3.5750000e+02;-2.3953326e-02;3.5750000e+02;-6.5517783e-02;3.5750000e+02;-1.1133644e-01;3.5750000e+02;-1.5246943e-01;3.5750000e+02;-7.1389325e-02;3.5750000e+02;-6.5530881e-02;3.5750000e+02;-3.9794393e-02;3.5750000e+02;4.0196292e-03;3.5750000e+02;6.5364406e-02;3.5750000e+02;1.4333132e-01;3.5750000e+02;1.8976608e-01;3.5750000e+02;2.0906481e-01;3.5750000e+02;2.0075160e-01;3.5750000e+02;2.2152668e-01;3.5750000e+02;1.7866154e-01;3.5750000e+02;1.2148181e-01;3.5750000e+02;7.0537969e-02;3.5750000e+02;2.0638898e-02;3.5750000e+02;-2.3953326e-02;3.5750000e+02;-6.5517783e-02;3.5750000e+02;-1.1133644e-01;3.5750000e+02;-1.5246943e-01;3.5750000e+02;-7.1389325e-02;3.5750000e+02;-6.5530881e-02;3.5750000e+02;-3.9794393e-02;3.5750000e+02;4.0196292e-03;3.5750000e+02;6.5364406e-02;3.5750000e+02;1.4333132e-01;3.5750000e+02;1.8976608e-01;3.5750000e+02;2.0906481e-01;3.5750000e+02;2.0075160e-01;3.5750000e+02;2.2152668e-01;3.5750000e+02;1.7866154e-01;3.5750000e+02;1.2148181e-01;3.5750000e+02;7.0537969e-02;3.5750000e+02;2.0638898e-02;3.5750000e+02;-2.3953326e-02;3.5750000e+02;-6.5517783e-02;3.5750000e+02;-1.1133644e-01;3.5750000e+02;-1.5246943e-01;3.5750000e+02;-7.1389325e-02;3.5750000e+02;-6.5530881e-02;3.5750000e+02;-3.9794393e-02;3.5750000e+02;4.0196292e-03;3.5750000e+02;6.5364406e-02;3.5750000e+02;1.4333132e-01;3.5750000e+02;1.8976608e-01;3.5750000e+02;2.0906481e-01;3.5750000e+02;2.0075160e-01;3.5750000e+02;2.2152668e-01;3.5750000e+02;1.7866154e-01;3.5750000e+02;1.2148181e-01;3.5750000e+02;7.0537969e-02;3.5750000e+02;2.0638898e-02;3.5750000e+02;-2.3953326e-02;3.5750000e+02;-6.5517783e-02;3.5750000e+02;-1.1133644e-01;3.5750000e+02;-1.5246943e-01;3.5750000e+02;-7.1389325e-02;3.5750000e+02;-6.5530881e-02;3.5750000e+02;-3.9794393e-02;3.5750000e+02;4.0196292e-03;3.5750000e+02;6.5364406e-02;3.5750000e+02;1.4333132e-01;3.5750000e+02;1.8976608e-01;3.5750000e+02;2.0906481e-01;3.5750000e+02;2.0075160e-01;3.5750000e+02;2.2152668e-01;3.5750000e+02;1.7866154e-01;3.5750000e+02;1.2148181e-01;3.5750000e+02;7.0537969e-02;3.5750000e+02;2.0638898e-02;3.5750000e+02;-2.3953326e-02;3.5750000e+02;-6.5517783e-02;3.5750000e+02;-1.1133644e-01;3.5750000e+02;-1.5246943e-01;3.5750000e+02;-7.1389325e-02;3.5750000e+02;-6.5530881e-02;3.5750000e+02;-3.9794393e-02;3.5750000e+02;4.0196292e-03;3.5750000e+02;6.5364406e-02;3.5750000e+02;1.4333132e-01;3.5750000e+02;1.8976608e-01;3.5750000e+02;2.0906481e-01;3.5750000e+02;2.0075160e-01;3.5750000e+02;2.2152668e-01;3.5750000e+02;1.7866154e-01;3.5750000e+02;1.2148181e-01;3.5750000e+02;7.0537969e-02;3.5750000e+02;2.0638898e-02;3.5750000e+02;-2.3953326e-02;3.5750000e+02;-6.5517783e-02;3.5750000e+02;-1.1133644e-01;3.5750000e+02;-1.5246943e-01;3.5750000e+02;-7.1389325e-02;3.5750000e+02;-6.5530881e-02;3.5750000e+02;-3.9794393e-02;3.5750000e+02;4.0196292e-03;3.5750000e+02;6.5364406e-02;3.5750000e+02;1.4333132e-01;3.5750000e+02;1.8976608e-01;3.5750000e+02;2.0906481e-01;3.5750000e+02;2.0075160e-01;3.5750000e+02;2.2152668e-01;3.5750000e+02;1.7866154e-01;3.5750000e+02;1.2148181e-01;3.5750000e+02;7.0537969e-02;3.5750000e+02;2.0638898e-02;3.5750000e+02;-2.3953326e-02;3.5750000e+02;-6.5517783e-02;3.5750000e+02;-1.1133644e-01;3.5750000e+02;-1.5246943e-01;3.5750000e+02;-7.1389325e-02;3.5750000e+02;-6.5530881e-02;3.5750000e+02;-3.9794393e-02;3.5750000e+02;4.0196292e-03;3.5750000e+02;6.5364406e-02;3.5750000e+02;1.4333132e-01;3.5750000e+02;1.8976608e-01;3.5750000e+02;2.0906481e-01;3.5750000e+02;2.0075160e-01;3.5750000e+02;2.2152668e-01;3.5750000e+02;1.7866154e-01;3.5750000e+02;1.2148181e-01;3.5750000e+02;7.0537969e-02;3.5750000e+02;2.0638898e-02;3.5750000e+02;-2.3953326e-02;3.5750000e+02;-6.5517783e-02;3.5750000e+02;-1.1133644e-01;3.5750000e+02;-1.5246943e-01;3.5750000e+02;-7.1389325e-02;3.5750000e+02;-6.5530881e-02;3.5750000e+02;-3.9794393e-02;3.5750000e+02;4.0196292e-03;3.5750000e+02;6.5364406e-02;3.5750000e+02;1.4333132e-01;3.5750000e+02;1.8976608e-01;3.5750000e+02;2.0906481e-01;3.5750000e+02;2.0075160e-01;3.5750000e+02;2.2152668e-01;3.5750000e+02;1.7866154e-01;3.5750000e+02;1.2148181e-01;3.5750000e+02;7.0537969e-02;3.5750000e+02;2.0638898e-02;3.5750000e+02;-2.3953326e-02;3.5750000e+02;-6.5517783e-02;3.5750000e+02;-1.1133644e-01;3.5750000e+02;-1.5246943e-01;3.5750000e+02;-7.1389325e-02;3.5750000e+02;-6.5530881e-02;3.5750000e+02;-3.9794393e-02;3.5750000e+02;4.0196292e-03;3.5750000e+02;6.5364406e-02;3.5750000e+02;1.4333132e-01;3.5750000e+02;1.8976608e-01;3.5750000e+02;2.0906481e-01;3.5750000e+02;2.0075160e-01;3.5750000e+02;2.2152668e-01;3.5750000e+02;1.7866154e-01;3.5750000e+02;1.2148181e-01;3.5750000e+02;7.0537969e-02;3.5750000e+02;2.0638898e-02;3.5750000e+02;-2.3953326e-02;3.5750000e+02;-6.5517783e-02;3.5750000e+02;-1.1133644e-01;3.5750000e+02;-1.5246943e-01;3.5750000e+02;-7.1389325e-02;3.5750000e+02;-6.5530881e-02;3.5750000e+02;-3.9794393e-02;3.5750000e+02;4.0196292e-03;3.5750000e+02;6.5364406e-02;3.5750000e+02;1.4333132e-01;3.5750000e+02;1.8976608e-01;3.5750000e+02;2.0906481e-01;3.5750000e+02;2.0075160e-01;3.5750000e+02;2.2152668e-01;3.5750000e+02;1.7866154e-01;3.5750000e+02;1.2148181e-01;3.5750000e+02;7.0537969e-02;3.5750000e+02;2.0638898e-02;3.5750000e+02;-2.3953326e-02;3.5750000e+02;-6.5517783e-02;3.5750000e+02;-1.1133644e-01;3.5750000e+02;-1.5246943e-01;3.5750000e+02;-7.1389325e-02;3.5750000e+02;-6.5530881e-02;3.5750000e+02;-3.9794393e-02;3.5750000e+02;4.0196292e-03;3.5750000e+02;6.5364406e-02;3.5750000e+02;1.4333132e-01;3.5750000e+02;1.8976608e-01;3.5750000e+02;2.0906481e-01;3.5750000e+02;2.0075160e-01;3.5750000e+02;2.2152668e-01;3.5750000e+02;1.7866154e-01;3.5750000e+02;1.2148181e-01;3.5750000e+02;7.0537969e-02;3.5750000e+02;2.0638898e-02;3.5750000e+02;-2.3953326e-02;3.5750000e+02;-6.5517783e-02;3.5750000e+02;-1.1133644e-01;3.5750000e+02;-1.5246943e-01;3.5750000e+02;-7.1389325e-02;3.5750000e+02;-6.5530881e-02;3.5750000e+02;-3.9794393e-02;3.5750000e+02;4.0196292e-03;3.5750000e+02;6.5364406e-02;3.5750000e+02;1.4333132e-01;3.5750000e+02;1.8976608e-01;3.5750000e+02;2.0906481e-01;3.5750000e+02;2.0075160e-01;3.5750000e+02;2.2152668e-01;3.5750000e+02;1.7866154e-01;3.5750000e+02;1.2148181e-01;3.5750000e+02;7.0537969e-02;3.5750000e+02;2.0638898e-02;3.5750000e+02;-2.3953326e-02;3.5750000e+02;-6.5517783e-02;3.5750000e+02;-1.1133644e-01;3.5750000e+02;-1.5246943e-01;3.5750000e+02;-7.1389325e-02;3.5750000e+02;-6.5530881e-02;3.5750000e+02;-3.9794393e-02;3.5750000e+02;4.0196292e-03;3.5750000e+02;6.5364406e-02;3.5750000e+02;1.4333132e-01;3.5750000e+02;1.8976608e-01;3.5750000e+02;2.0906481e-01;3.5750000e+02;2.0075160e-01;3.5750000e+02;2.2152668e-01;3.5750000e+02;1.7866154e-01;3.5750000e+02;1.2148181e-01;3.5750000e+02;7.0537969e-02;3.5750000e+02;2.0638898e-02;3.5750000e+02;-2.3953326e-02;3.5750000e+02;-6.5517783e-02;3.5750000e+02;-1.1133644e-01;3.5750000e+02;-1.5246943e-01;3.5750000e+02;-7.1389325e-02;3.5750000e+02;-6.5530881e-02;3.5750000e+02;-3.9794393e-02;3.5750000e+02;4.0196292e-03;3.5750000e+02;6.5364406e-02;3.5750000e+02;1.4333132e-01;3.5750000e+02;1.8976608e-01;3.5750000e+02;2.0906481e-01;3.5750000e+02;2.0075160e-01;3.5750000e+02;2.2152668e-01;3.5750000e+02;1.7866154e-01;3.5750000e+02;1.2148181e-01;3.5750000e+02;7.0537969e-02;3.5750000e+02;2.0638898e-02;3.5750000e+02;-2.3953326e-02;3.5750000e+02;-6.5517783e-02;3.5750000e+02;-1.1133644e-01;3.5750000e+02;-1.5246943e-01;3.5750000e+02;-7.1389325e-02;3.5750000e+02;-6.5530881e-02;3.5750000e+02;-3.9794393e-02;3.5750000e+02;4.0196292e-03;3.5750000e+02;6.5364406e-02;3.5750000e+02;1.4333132e-01;3.5750000e+02;1.8976608e-01;3.5750000e+02;2.0906481e-01;3.5750000e+02;2.0075160e-01;3.5750000e+02;2.2152668e-01;3.5750000e+02;1.7866154e-01;3.5750000e+02;1.2148181e-01;3.5750000e+02;7.0537969e-02;3.5750000e+02;2.0638898e-02;3.5750000e+02;-2.3953326e-02;3.5750000e+02;-6.5517783e-02;3.5750000e+02;-1.1133644e-01;3.5750000e+02;-1.5246943e-01;3.5750000e+02;-7.1389325e-02;3.5750000e+02;-6.5530881e-02;3.5750000e+02;-3.9794393e-02;3.5750000e+02;4.0196292e-03;3.5750000e+02;6.5364406e-02;3.5750000e+02;1.4333132e-01;3.5750000e+02;1.8976608e-01;3.5750000e+02;2.0906481e-01;3.5750000e+02;2.0075160e-01;3.5750000e+02;2.2152668e-01;3.5750000e+02;1.7866154e-01;3.5750000e+02;1.2148181e-01;3.5750000e+02;7.0537969e-02;3.5750000e+02;2.0638898e-02;3.5750000e+02;-2.3953326e-02;3.5750000e+02;-6.5517783e-02;3.5750000e+02;-1.1133644e-01;3.5750000e+02;-1.5246943e-01;3.5750000e+02;-7.1389325e-02;3.5750000e+02;-6.5530881e-02;3.5750000e+02;-3.9794393e-02;3.5750000e+02;4.0196292e-03;3.5750000e+02;6.5364406e-02;3.5750000e+02;1.4333132e-01;3.5750000e+02;1.8976608e-01;3.5750000e+02;2.0906481e-01;3.5750000e+02;2.0075160e-01;3.5750000e+02;2.2152668e-01;3.5750000e+02;1.7866154e-01;3.5750000e+02;1.2148181e-01;3.5750000e+02;7.0537969e-02;3.5750000e+02;2.0638898e-02;3.5750000e+02;-2.3953326e-02;3.5750000e+02;-6.5517783e-02;3.5750000e+02;-1.1133644e-01;3.5750000e+02;-1.5246943e-01;3.5750000e+02;-7.1389325e-02;3.5750000e+02;-6.5530881e-02;3.5750000e+02;-3.9794393e-02;3.5750000e+02;4.0196292e-03;3.5750000e+02;6.5364406e-02;3.5750000e+02;1.4333132e-01;3.5750000e+02;1.8976608e-01;3.5750000e+02;2.0906481e-01;3.5750000e+02;2.0075160e-01;3.5750000e+02;2.2152668e-01;3.5750000e+02;1.7866154e-01;3.5750000e+02;1.2148181e-01;3.5750000e+02;7.0537969e-02;3.5750000e+02;2.0638898e-02;3.5750000e+02;-2.3953326e-02;3.5750000e+02;-6.5517783e-02;3.5750000e+02;-1.1133644e-01;3.5750000e+02;-1.5246943e-01;3.5750000e+02;-7.1389325e-02;3.5750000e+02;-6.5530881e-02;3.5750000e+02;-3.9794393e-02;3.5750000e+02;4.0196292e-03;3.5750000e+02;6.5364406e-02;3.5750000e+02;1.4333132e-01;3.5750000e+02;1.8976608e-01;3.5750000e+02;2.0906481e-01;3.5750000e+02;2.0075160e-01;3.5750000e+02;2.2152668e-01;3.5750000e+02;1.7866154e-01;3.5750000e+02;1.2148181e-01;3.5750000e+02;7.0537969e-02;3.5750000e+02;2.0638898e-02;3.5750000e+02;-2.3953326e-02;3.5750000e+02;-6.5517783e-02;3.5750000e+02;-1.1133644e-01;3.5750000e+02;-1.5246943e-01;3.5750000e+02;-7.1389325e-02;3.5750000e+02;-6.5530881e-02;3.5750000e+02;-3.9794393e-02;3.5750000e+02;4.0196292e-03;3.5750000e+02;6.5364406e-02;3.5750000e+02;1.4333132e-01;3.5750000e+02;1.8976608e-01;3.5750000e+02;2.0906481e-01;3.5750000e+02;2.0075160e-01;3.5750000e+02;2.2152668e-01;3.5750000e+02;1.7866154e-01;3.5750000e+02;1.2148181e-01;3.5750000e+02;7.0537969e-02;3.5750000e+02;2.0638898e-02;3.5750000e+02;-2.3953326e-02;3.5750000e+02;-6.5517783e-02;3.5750000e+02;-1.1133644e-01;3.5750000e+02;-1.5246943e-01;3.5750000e+02;-7.1389325e-02;3.5750000e+02;-6.5530881e-02;3.5750000e+02;-3.9794393e-02;3.5750000e+02;4.0196292e-03;3.5750000e+02;6.5364406e-02;3.5750000e+02;1.4333132e-01;3.5750000e+02;1.8976608e-01;3.5750000e+02;2.0906481e-01;3.5750000e+02;2.0075160e-01;3.5750000e+02;2.2152668e-01;3.5750000e+02;1.7866154e-01;3.5750000e+02;1.2148181e-01;3.5750000e+02;7.0537969e-02;3.5750000e+02;2.0638898e-02;3.5750000e+02;-2.3953326e-02;3.5750000e+02;-6.5517783e-02;3.5750000e+02;-1.1133644e-01;3.5750000e+02;-1.5246943e-01;3.5750000e+02;-7.1389325e-02;3.5750000e+02;-6.5530881e-02;3.5750000e+02;-3.9794393e-02;3.5750000e+02;4.0196292e-03;3.5750000e+02;6.5364406e-02;3.5750000e+02;1.4333132e-01;3.5750000e+02;1.8976608e-01;3.5750000e+02;2.0906481e-01;3.5750000e+02;2.0075160e-01;3.5750000e+02;2.2152668e-01;3.5750000e+02;1.7866154e-01;3.5750000e+02;1.2148181e-01;3.5750000e+02;7.0537969e-02;3.5750000e+02;2.0638898e-02;3.5750000e+02;-2.3953326e-02;3.5750000e+02;-6.5517783e-02;3.5750000e+02;-1.1133644e-01;3.5750000e+02;-1.5246943e-01;3.5750000e+02;-7.1389325e-02;3.5750000e+02;-6.5530881e-02;3.5750000e+02;-3.9794393e-02;3.5750000e+02;4.0196292e-03;3.5750000e+02;6.5364406e-02;3.5750000e+02;1.4333132e-01;3.5750000e+02;1.8976608e-01;3.5750000e+02;2.0906481e-01;3.5750000e+02;2.0075160e-01;3.5750000e+02;2.2152668e-01;3.5750000e+02;1.7866154e-01;3.5750000e+02;1.2148181e-01;3.5750000e+02;7.0537969e-02;3.5750000e+02;2.0638898e-02;3.5750000e+02;-2.3953326e-02;3.5750000e+02;-6.5517783e-02;3.5750000e+02;-1.1133644e-01;3.5750000e+02;-1.5246943e-01;3.5750000e+02;-7.1389325e-02;3.5750000e+02;-6.5530881e-02;3.5750000e+02;-3.9794393e-02;3.5750000e+02;4.0196292e-03;3.5750000e+02;6.5364406e-02;3.5750000e+02;1.4333132e-01;3.5750000e+02;1.8976608e-01;3.5750000e+02;2.0906481e-01;3.5750000e+02;2.0075160e-01;3.5750000e+02;2.2152668e-01;3.5750000e+02;1.7866154e-01;3.5750000e+02;1.2148181e-01;3.5750000e+02;7.0537969e-02;3.5750000e+02;2.0638898e-02;3.5750000e+02;-2.3953326e-02;3.5750000e+02;-6.5517783e-02;3.5750000e+02;-1.1133644e-01;3.5750000e+02;-1.5246943e-01;3.5750000e+02;-7.1389325e-02;3.5750000e+02;-6.5530881e-02;3.5750000e+02;-3.9794393e-02;3.5750000e+02;4.0196292e-03;3.5750000e+02;6.5364406e-02;3.5750000e+02;1.4333132e-01;3.5750000e+02;1.8976608e-01;3.5750000e+02;2.0906481e-01;3.5750000e+02;2.0075160e-01;3.5750000e+02;2.2152668e-01;3.5750000e+02;1.7866154e-01;3.5750000e+02;1.2148181e-01;3.5750000e+02;7.0537969e-02;3.5750000e+02;2.0638898e-02;3.5750000e+02;-2.3953326e-02;3.5750000e+02;-6.5517783e-02;3.5750000e+02;-1.1133644e-01;3.5750000e+02;-1.5246943e-01;3.5750000e+02;-7.1389325e-02;3.5750000e+02;-6.5530881e-02;3.5750000e+02;-3.9794393e-02;3.5750000e+02;4.0196292e-03;3.5750000e+02;6.5364406e-02;3.5750000e+02;1.4333132e-01;3.5750000e+02;1.8976608e-01;3.5750000e+02;2.0906481e-01;3.5750000e+02;2.0075160e-01;3.5750000e+02;2.2152668e-01;3.5750000e+02;1.7866154e-01;3.5750000e+02;1.2148181e-01;3.5750000e+02;7.0537969e-02;3.5750000e+02;2.0638898e-02;3.5750000e+02;-2.3953326e-02;3.5750000e+02;-6.5517783e-02;3.5750000e+02;-1.1133644e-01;3.5750000e+02;-1.5246943e-01;3.5750000e+02;-7.1389325e-02;3.5750000e+02;-6.5530881e-02;3.5750000e+02;-3.9794393e-02;3.5750000e+02;4.0196292e-03;3.5750000e+02;6.5364406e-02;3.5750000e+02;1.4333132e-01;3.5750000e+02;1.8976608e-01;3.5750000e+02;2.0906481e-01;3.5750000e+02;2.0075160e-01;3.5750000e+02;2.2152668e-01;3.5750000e+02;1.7866154e-01;3.5750000e+02;1.2148181e-01;3.5750000e+02;7.0537969e-02;3.5750000e+02;2.0638898e-02;3.5750000e+02;-2.3953326e-02;3.5750000e+02;-6.5517783e-02;3.5750000e+02;-1.1133644e-01;3.5750000e+02;-1.5246943e-01;3.5750000e+02;-7.1389325e-02;3.5750000e+02;-6.5530881e-02;3.5750000e+02;-3.9794393e-02;3.5750000e+02;4.0196292e-03;3.5750000e+02;6.5364406e-02;3.5750000e+02;1.4333132e-01;3.5750000e+02;1.8976608e-01;3.5750000e+02;2.0906481e-01;3.5750000e+02;2.0075160e-01;3.5750000e+02;2.2152668e-01;3.5750000e+02;1.7866154e-01;3.5750000e+02;1.2148181e-01;3.5750000e+02;7.0537969e-02;3.5750000e+02;2.0638898e-02;3.5750000e+02;-2.3953326e-02;3.5750000e+02;-6.5517783e-02;3.5750000e+02;-1.1133644e-01;3.5750000e+02;-1.5246943e-01;3.5750000e+02;-7.1389325e-02;3.5750000e+02;-6.5530881e-02;3.5750000e+02;-3.9794393e-02;3.5750000e+02;4.0196292e-03;3.5750000e+02;6.5364406e-02;3.5750000e+02;1.4333132e-01;3.5750000e+02;1.8976608e-01;3.5750000e+02;2.0906481e-01;3.5750000e+02;2.0075160e-01;3.5750000e+02;2.2152668e-01;3.5750000e+02;1.7866154e-01;3.5750000e+02;1.2148181e-01;3.5750000e+02;7.0537969e-02;3.5750000e+02;2.0638898e-02;3.5750000e+02;-2.3953326e-02;3.5750000e+02;-6.5517783e-02;3.5750000e+02;-1.1133644e-01;3.5750000e+02;-1.5246943e-01;3.5750000e+02;-7.1389325e-02;3.5750000e+02;-6.5530881e-02;3.5750000e+02;-3.9794393e-02;3.5750000e+02;4.0196292e-03;3.5750000e+02;6.5364406e-02;3.5750000e+02;1.4333132e-01;3.5750000e+02;1.8976608e-01;3.5750000e+02;2.0906481e-01;3.5750000e+02;2.0075160e-01;3.5750000e+02;2.2152668e-01;3.5750000e+02;1.7866154e-01;3.5750000e+02;1.2148181e-01;3.5750000e+02;7.0537969e-02;3.5750000e+02;2.0638898e-02;3.5750000e+02;-2.3953326e-02;3.5750000e+02;-6.5517783e-02;3.5750000e+02;-1.1133644e-01;3.5750000e+02;-1.5246943e-01;3.5750000e+02;-7.1389325e-02;3.5750000e+02;-6.5530881e-02;3.5750000e+02;-3.9794393e-02;3.5750000e+02;4.0196292e-03;3.5750000e+02;6.5364406e-02;3.5750000e+02;1.4333132e-01;3.5750000e+02;1.8976608e-01;3.5750000e+02;2.0906481e-01;3.5750000e+02;2.0075160e-01;3.5750000e+02;2.2152668e-01;3.5750000e+02;1.7866154e-01;3.5750000e+02;1.2148181e-01;3.5750000e+02;7.0537969e-02;3.5750000e+02;2.0638898e-02;3.5750000e+02;-2.3953326e-02;3.5750000e+02;-6.5517783e-02;3.5750000e+02;-1.1133644e-01;3.5750000e+02;-1.5246943e-01;3.5750000e+02;-7.1389325e-02;3.5750000e+02;-6.5530881e-02;3.5750000e+02;-3.9794393e-02;3.5750000e+02;4.0196292e-03;3.5750000e+02;6.5364406e-02;3.5750000e+02;1.4333132e-01;3.5750000e+02;1.8976608e-01;3.5750000e+02;2.0906481e-01;3.5750000e+02;2.0075160e-01;3.5750000e+02;2.2152668e-01;3.5750000e+02;1.7866154e-01;3.5750000e+02;1.2148181e-01;3.5750000e+02;7.0537969e-02;3.5750000e+02;2.0638898e-02;3.5750000e+02;-2.3953326e-02;3.5750000e+02;-6.5517783e-02;3.5750000e+02;-1.1133644e-01;3.5750000e+02;-1.5246943e-01;3.5750000e+02;-7.1389325e-02;3.5750000e+02;-6.5530881e-02;3.5750000e+02;-3.9794393e-02;3.5750000e+02;4.0196292e-03;3.5750000e+02;6.5364406e-02;3.5750000e+02;1.4333132e-01;3.5750000e+02;1.8976608e-01;3.5750000e+02;2.0906481e-01;3.5750000e+02;2.0075160e-01;3.5750000e+02;2.2152668e-01;3.5750000e+02;1.7866154e-01;3.5750000e+02;1.2148181e-01;3.5750000e+02;7.0537969e-02;3.5750000e+02;2.0638898e-02;3.5750000e+02;-2.3953326e-02;3.5750000e+02;-6.5517783e-02;3.5750000e+02;-1.1133644e-01;3.5750000e+02;-1.5246943e-01;3.5750000e+02;-7.1389325e-02;3.5750000e+02;-6.5530881e-02;3.5750000e+02;-3.9794393e-02;3.5750000e+02;4.0196292e-03;3.5750000e+02;6.5364406e-02;3.5750000e+02;1.4333132e-01;3.5750000e+02;1.8976608e-01;3.5750000e+02;2.0906481e-01;3.5750000e+02;2.0075160e-01;3.5750000e+02;2.2152668e-01;3.5750000e+02;1.7866154e-01;3.5750000e+02;1.2148181e-01;3.5750000e+02;7.0537969e-02;3.5750000e+02;2.0638898e-02;3.5750000e+02;-2.3953326e-02;3.5750000e+02;-6.5517783e-02;3.5750000e+02;-1.1133644e-01;3.5750000e+02;-1.5246943e-01;3.5750000e+02;-7.1389325e-02;3.5750000e+02;-6.5530881e-02;3.5750000e+02;-3.9794393e-02;3.5750000e+02;4.0196292e-03;3.5750000e+02;6.5364406e-02;3.5750000e+02;1.4333132e-01;3.5750000e+02;1.8976608e-01;3.5750000e+02;2.0906481e-01;3.5750000e+02;2.0075160e-01;3.5750000e+02;2.2152668e-01;3.5750000e+02;1.7866154e-01;3.5750000e+02;1.2148181e-01;3.5750000e+02;7.0537969e-02;3.5750000e+02;2.0638898e-02;3.5750000e+02;-2.3953326e-02;3.5750000e+02;-6.5517783e-02;3.5750000e+02;-1.1133644e-01;3.5750000e+02;-1.5246943e-01;3.5750000e+02;-7.1389325e-02;3.5750000e+02;-6.5530881e-02;3.5750000e+02;-3.9794393e-02;3.5750000e+02;4.0196292e-03;3.5750000e+02;6.5364406e-02;3.5750000e+02;1.4333132e-01;3.5750000e+02;1.8976608e-01;3.5750000e+02;2.0906481e-01;3.5750000e+02;2.0075160e-01;3.5750000e+02;2.2152668e-01;3.5750000e+02;1.7866154e-01;3.5750000e+02;1.2148181e-01;3.5750000e+02;7.0537969e-02;3.5750000e+02;2.0638898e-02;3.5750000e+02;-2.3953326e-02;3.5750000e+02;-6.5517783e-02;3.5750000e+02;-1.1133644e-01;3.5750000e+02;-1.5246943e-01;3.5750000e+02;-7.1389325e-02;3.5750000e+02;-6.5530881e-02;3.5750000e+02;-3.9794393e-02;3.5750000e+02;4.0196292e-03;3.5750000e+02;6.5364406e-02;3.5750000e+02;1.4333132e-01;3.5750000e+02;1.8976608e-01;3.5750000e+02;2.0906481e-01;3.5750000e+02;2.0075160e-01;3.5750000e+02;2.2152668e-01;3.5750000e+02;1.7866154e-01;3.5750000e+02;1.2148181e-01;3.5750000e+02;7.0537969e-02;3.5750000e+02;2.0638898e-02;3.5750000e+02;-2.3953326e-02;3.5750000e+02;-6.5517783e-02;3.5750000e+02;-1.1133644e-01;3.5750000e+02;-1.5246943e-01;3.5750000e+02;-7.1389325e-02;3.5750000e+02;-6.5530881e-02;3.5750000e+02;-3.9794393e-02;3.5750000e+02;4.0196292e-03;3.5750000e+02;6.5364406e-02;3.5750000e+02;1.4333132e-01;3.5750000e+02;1.8976608e-01;3.5750000e+02;2.0906481e-01;3.5750000e+02;2.0075160e-01;3.5750000e+02;2.2152668e-01;3.5750000e+02;1.7866154e-01;3.5750000e+02;1.2148181e-01;3.5750000e+02;7.0537969e-02;3.5750000e+02;2.0638898e-02;3.5750000e+02;-2.3953326e-02;3.5750000e+02;-6.5517783e-02;3.5750000e+02;-1.1133644e-01;3.5750000e+02;-1.5246943e-01;3.5750000e+02;-7.1389325e-02;3.5750000e+02;-6.5530881e-02;3.5750000e+02;-3.9794393e-02;3.5750000e+02;4.0196292e-03;3.5750000e+02;6.5364406e-02;3.5750000e+02;1.4333132e-01;3.5750000e+02;1.8976608e-01;3.5750000e+02;2.0906481e-01;3.5750000e+02;2.0075160e-01;3.5750000e+02;2.2152668e-01;3.5750000e+02;1.7866154e-01;3.5750000e+02;1.2148181e-01;3.5750000e+02;7.0537969e-02;3.5750000e+02;2.0638898e-02;3.5750000e+02;-2.3953326e-02;3.5750000e+02;-6.5517783e-02;3.5750000e+02;-1.1133644e-01;3.5750000e+02;-1.5246943e-01;3.5750000e+02;-7.1389325e-02;3.5750000e+02;-6.5530881e-02;3.5750000e+02;-3.9794393e-02;3.5750000e+02;4.0196292e-03;3.5750000e+02;6.5364406e-02;3.5750000e+02;1.4333132e-01;3.5750000e+02;1.8976608e-01;3.5750000e+02;2.0906481e-01;3.5750000e+02;2.0075160e-01;3.5750000e+02;2.2152668e-01;3.5750000e+02;1.7866154e-01;3.5750000e+02;1.2148181e-01;3.5750000e+02;7.0537969e-02;3.5750000e+02;2.0638898e-02;3.5750000e+02;-2.3953326e-02;3.5750000e+02;-6.5517783e-02;3.5750000e+02;-1.1133644e-01;3.5750000e+02;-1.5246943e-01;3.5750000e+02;-7.1389325e-02;3.5750000e+02;-6.5530881e-02;3.5750000e+02;-3.9794393e-02;3.5750000e+02;4.0196292e-03;3.5750000e+02;6.5364406e-02;3.5750000e+02;1.4333132e-01;3.5750000e+02;1.8976608e-01;3.5750000e+02;2.0906481e-01;3.5750000e+02;2.0075160e-01;3.5750000e+02;2.2152668e-01;3.5750000e+02;1.7866154e-01;3.5750000e+02;1.2148181e-01;3.5750000e+02;7.0537969e-02;3.5750000e+02;2.0638898e-02;3.5750000e+02;-2.3953326e-02;3.5750000e+02;-6.5517783e-02;3.5750000e+02;-1.1133644e-01;3.5750000e+02;-1.5246943e-01;3.5750000e+02;-7.1389325e-02;3.5750000e+02;-6.5530881e-02;3.5750000e+02;-3.9794393e-02;3.5750000e+02;4.0196292e-03;3.5750000e+02;6.5364406e-02;3.5750000e+02;1.4333132e-01;3.5750000e+02;1.8976608e-01;3.5750000e+02;2.0906481e-01;3.5750000e+02;2.0075160e-01;3.5750000e+02;2.2152668e-01;3.5750000e+02;1.7866154e-01;3.5750000e+02;1.2148181e-01;3.5750000e+02;7.0537969e-02;3.5750000e+02;2.0638898e-02;3.5750000e+02;-2.3953326e-02;3.5750000e+02;-6.5517783e-02;3.5750000e+02;-1.1133644e-01;3.5750000e+02;-1.5246943e-01;3.5750000e+02;-7.1389325e-02;3.5750000e+02;-6.5530881e-02;3.5750000e+02;-3.9794393e-02;3.5750000e+02;4.0196292e-03;3.5750000e+02;6.5364406e-02;3.5750000e+02;1.4333132e-01;3.5750000e+02;1.8976608e-01;3.5750000e+02;2.0906481e-01;3.5750000e+02;2.0075160e-01;3.5750000e+02;2.2152668e-01;3.5750000e+02;1.7866154e-01;3.5750000e+02;1.2148181e-01;3.5750000e+02;7.0537969e-02;3.5750000e+02;2.0638898e-02;3.5750000e+02;-2.3953326e-02;3.5750000e+02;-6.5517783e-02;3.5750000e+02;-1.1133644e-01;3.5750000e+02;-1.5246943e-01;3.5750000e+02;-7.1389325e-02;3.5750000e+02;-6.5530881e-02;3.5750000e+02;-3.9794393e-02;3.5750000e+02;4.0196292e-03;3.5750000e+02;6.5364406e-02;3.5750000e+02;1.4333132e-01;3.5750000e+02;1.8976608e-01;3.5750000e+02;2.0906481e-01;3.5750000e+02;2.0075160e-01;3.5750000e+02;2.2152668e-01;3.5750000e+02;1.7866154e-01;3.5750000e+02;1.2148181e-01;3.5750000e+02;7.0537969e-02;3.5750000e+02;2.0638898e-02;3.5750000e+02;-2.3953326e-02;3.5750000e+02;-6.5517783e-02;3.5750000e+02;-1.1133644e-01;3.5750000e+02;-1.5246943e-01;3.5750000e+02;-7.1389325e-02;3.5750000e+02;-6.5530881e-02;3.5750000e+02;-3.9794393e-02;3.5750000e+02;4.0196292e-03;3.5750000e+02;6.5364406e-02;3.5750000e+02;1.4333132e-01;3.5750000e+02;1.8976608e-01;3.5750000e+02;2.0906481e-01;3.5750000e+02;2.0075160e-01;3.5750000e+02;2.2152668e-01;3.5750000e+02;1.7866154e-01;3.5750000e+02;1.2148181e-01;3.5750000e+02;7.0537969e-02;3.5750000e+02;2.0638898e-02;3.5750000e+02;-2.3953326e-02;3.5750000e+02;-6.5517783e-02;3.5750000e+02;-1.1133644e-01;3.5750000e+02;-1.5246943e-01;3.5750000e+02;-7.1389325e-02;3.5750000e+02;-6.5530881e-02;3.5750000e+02;-3.9794393e-02;3.5750000e+02;4.0196292e-03;3.5750000e+02;6.5364406e-02;3.5750000e+02;1.4333132e-01;3.5750000e+02;1.8976608e-01;3.5750000e+02;2.0906481e-01;3.5750000e+02;2.0075160e-01;3.5750000e+02;2.2152668e-01;3.5750000e+02;1.7866154e-01;3.5750000e+02;1.2148181e-01;3.5750000e+02;7.0537969e-02;3.5750000e+02;2.0638898e-02;3.5750000e+02;-2.3953326e-02;3.5750000e+02;-6.5517783e-02;3.5750000e+02;-1.1133644e-01;3.5750000e+02;-1.5246943e-01;3.5750000e+02;-7.1389325e-02;3.5750000e+02;-6.5530881e-02;3.5750000e+02;-3.9794393e-02;3.5750000e+02;4.0196292e-03;3.5750000e+02;6.5364406e-02;3.5750000e+02;1.4333132e-01;3.5750000e+02;1.8976608e-01;3.5750000e+02;2.0906481e-01;3.5750000e+02;2.0075160e-01;3.5750000e+02;2.2152668e-01;3.5750000e+02;1.7866154e-01;3.5750000e+02;1.2148181e-01;3.5750000e+02;7.0537969e-02;3.5750000e+02;2.0638898e-02;3.5750000e+02;-2.3953326e-02;3.5750000e+02;-6.5517783e-02;3.5750000e+02;-1.1133644e-01;3.5750000e+02;-1.5246943e-01;3.5750000e+02;-7.1389325e-02;3.5750000e+02;-6.5530881e-02;3.5750000e+02;-3.9794393e-02;3.5750000e+02;4.0196292e-03;3.5750000e+02;6.5364406e-02;3.5750000e+02;1.4333132e-01;3.5750000e+02;1.8976608e-01;3.5750000e+02;2.0906481e-01;3.5750000e+02;2.0075160e-01;3.5750000e+02;2.2152668e-01;3.5750000e+02;1.7866154e-01;3.5750000e+02;1.2148181e-01;3.5750000e+02;7.0537969e-02;3.5750000e+02;2.0638898e-02;3.5750000e+02;-2.3953326e-02;3.5750000e+02;-6.5517783e-02;3.5750000e+02;-1.1133644e-01;3.5750000e+02;-1.5246943e-01;3.5750000e+02;-7.1389325e-02;3.5750000e+02;-6.5530881e-02;3.5750000e+02;-3.9794393e-02;3.5750000e+02;4.0196292e-03;3.5750000e+02;6.5364406e-02;3.5750000e+02;1.4333132e-01;3.5750000e+02;1.8976608e-01;3.5750000e+02;2.0906481e-01;3.5750000e+02;2.0075160e-01;3.5750000e+02;2.2152668e-01;3.5750000e+02;1.7866154e-01;3.5750000e+02;1.2148181e-01;3.5750000e+02;7.0537969e-02;3.5750000e+02;2.0638898e-02;3.5750000e+02;-2.3953326e-02;3.5750000e+02;-6.5517783e-02;3.5750000e+02;-1.1133644e-01;3.5750000e+02;-1.5246943e-01;3.5750000e+02;-7.1389325e-02;3.5750000e+02;-6.5530881e-02;3.5750000e+02;-3.9794393e-02;3.5750000e+02;4.0196292e-03;3.5750000e+02;6.5364406e-02;3.5750000e+02;1.4333132e-01;3.5750000e+02;1.8976608e-01;3.5750000e+02;2.0906481e-01;3.5750000e+02;2.0075160e-01;3.5750000e+02;2.2152668e-01;3.5750000e+02;1.7866154e-01;3.5750000e+02;1.2148181e-01;3.5750000e+02;7.0537969e-02;3.5750000e+02;2.0638898e-02;3.5750000e+02;-2.3953326e-02;3.5750000e+02;-6.5517783e-02;3.5750000e+02;-1.1133644e-01;3.5750000e+02;-1.5246943e-01;3.5750000e+02;-7.1389325e-02;3.5750000e+02;-6.5530881e-02;3.5750000e+02;-3.9794393e-02;3.5750000e+02;4.0196292e-03;3.5750000e+02;6.5364406e-02;3.5750000e+02;1.4333132e-01;3.5750000e+02;1.8976608e-01;3.5750000e+02;2.0906481e-01;3.5750000e+02;2.0075160e-01;3.5750000e+02;2.2152668e-01;3.5750000e+02;1.7866154e-01;3.5750000e+02;1.2148181e-01;3.5750000e+02;7.0537969e-02;3.5750000e+02;2.0638898e-02;3.5750000e+02;-2.3953326e-02;3.5750000e+02;-6.5517783e-02;3.5750000e+02;-1.1133644e-01;3.5750000e+02;-1.5246943e-01;3.5750000e+02;-7.1389325e-02;3.5750000e+02;-6.5530881e-02;3.5750000e+02;-3.9794393e-02;3.5750000e+02;4.0196292e-03;3.5750000e+02;6.5364406e-02;3.5750000e+02;1.4333132e-01;3.5750000e+02;1.8976608e-01;3.5750000e+02;2.0906481e-01;3.5750000e+02;2.0075160e-01;3.5750000e+02;2.2152668e-01;3.5750000e+02;1.7866154e-01;3.5750000e+02;1.2148181e-01;3.5750000e+02;7.0537969e-02;3.5750000e+02;2.0638898e-02;3.5750000e+02;-2.3953326e-02;3.5750000e+02;-6.5517783e-02;3.5750000e+02;-1.1133644e-01;3.5750000e+02;-1.5246943e-01;3.5750000e+02;-7.1389325e-02;3.5750000e+02;-6.5530881e-02;3.5750000e+02;-3.9794393e-02;3.5750000e+02;4.0196292e-03;3.5750000e+02;6.5364406e-02;3.5750000e+02;1.4333132e-01;3.5750000e+02;1.8976608e-01;3.5750000e+02;2.0906481e-01;3.5750000e+02;2.0075160e-01;3.5750000e+02;2.2152668e-01;3.5750000e+02;1.7866154e-01;3.5750000e+02;1.2148181e-01;3.5750000e+02;7.0537969e-02;3.5750000e+02;2.0638898e-02;3.5750000e+02;-2.3953326e-02;3.5750000e+02;-6.5517783e-02;3.5750000e+02;-1.1133644e-01;3.5750000e+02;-1.5246943e-01;3.5750000e+02;-7.1389325e-02;3.5750000e+02;-6.5530881e-02;3.5750000e+02;-3.9794393e-02;3.5750000e+02;4.0196292e-03;3.5750000e+02;6.5364406e-02;3.5750000e+02;1.4333132e-01;3.5750000e+02;1.8976608e-01;3.5750000e+02;2.0906481e-01;3.5750000e+02;2.0075160e-01;3.5750000e+02;2.2152668e-01;3.5750000e+02;1.7866154e-01;3.5750000e+02;1.2148181e-01;3.5750000e+02;7.0537969e-02;3.5750000e+02;2.0638898e-02;3.5750000e+02;-2.3953326e-02;3.5750000e+02;-6.5517783e-02;3.5750000e+02;-1.1133644e-01;3.5750000e+02;-1.5246943e-01;3.5750000e+02;-7.1389325e-02;3.5750000e+02;-6.5530881e-02;3.5750000e+02;-3.9794393e-02;3.5750000e+02;4.0196292e-03;3.5750000e+02;6.5364406e-02;3.5750000e+02;1.4333132e-01;3.5750000e+02;1.8976608e-01;3.5750000e+02;2.0906481e-01;3.5750000e+02;2.0075160e-01;3.5750000e+02;2.2152668e-01;3.5750000e+02;1.7866154e-01;3.5750000e+02;1.2148181e-01;3.5750000e+02;7.0537969e-02;3.5750000e+02;2.0638898e-02;3.5750000e+02;-2.3953326e-02;3.5750000e+02;-6.5517783e-02;3.5750000e+02;-1.1133644e-01;3.5750000e+02;-1.5246943e-01;3.5750000e+02;-7.1389325e-02;3.5750000e+02;-6.5530881e-02;3.5750000e+02;-3.9794393e-02;3.5750000e+02;4.0196292e-03;3.5750000e+02;6.5364406e-02;3.5750000e+02;1.4333132e-01;3.5750000e+02;1.8976608e-01;3.5750000e+02;2.0906481e-01;3.5750000e+02;2.0075160e-01;3.5750000e+02;2.2152668e-01;3.5750000e+02;1.7866154e-01;3.5750000e+02;1.2148181e-01;3.5750000e+02;7.0537969e-02;3.5750000e+02;2.0638898e-02;3.5750000e+02;-2.3953326e-02;3.5750000e+02;-6.5517783e-02;3.5750000e+02;-1.1133644e-01;3.5750000e+02;-1.5246943e-01;3.5750000e+02;-7.1389325e-02;3.5750000e+02;-6.5530881e-02;3.5750000e+02;-3.9794393e-02;3.5750000e+02;4.0196292e-03;3.5750000e+02;6.5364406e-02;3.5750000e+02;1.4333132e-01;3.5750000e+02;1.8976608e-01;3.5750000e+02;2.0906481e-01;3.5750000e+02;2.0075160e-01;3.5750000e+02;2.2152668e-01;3.5750000e+02;1.7866154e-01;3.5750000e+02;1.2148181e-01;3.5750000e+02;7.0537969e-02;3.5750000e+02;2.0638898e-02;3.5750000e+02;-2.3953326e-02;3.5750000e+02;-6.5517783e-02;3.5750000e+02;-1.1133644e-01;3.5750000e+02;-1.5246943e-01;3.5750000e+02;-7.1389325e-02;3.5750000e+02;-6.5530881e-02;3.5750000e+02;-3.9794393e-02;3.5750000e+02;4.0196292e-03;3.5750000e+02;6.5364406e-02;3.5750000e+02;1.4333132e-01;3.5750000e+02;1.8976608e-01;3.5750000e+02;2.0906481e-01;3.5750000e+02;2.0075160e-01;3.5750000e+02;2.2152668e-01;3.5750000e+02;1.7866154e-01;3.5750000e+02;1.2148181e-01;3.5750000e+02;7.0537969e-02;3.5750000e+02;2.0638898e-02;3.5750000e+02;-2.3953326e-02;3.5750000e+02;-6.5517783e-02;3.5750000e+02;-1.1133644e-01;3.5750000e+02;-1.5246943e-01;3.5750000e+02;-7.1389325e-02;3.5750000e+02;-6.5530881e-02;3.5750000e+02;-3.9794393e-02;3.5750000e+02;4.0196292e-03;3.5750000e+02;6.5364406e-02;3.5750000e+02;1.4333132e-01;3.5750000e+02;1.8976608e-01;3.5750000e+02;2.0906481e-01;3.5750000e+02;2.0075160e-01;3.5750000e+02;2.2152668e-01;3.5750000e+02;1.7866154e-01;3.5750000e+02;1.2148181e-01;3.5750000e+02;7.0537969e-02;3.5750000e+02;2.0638898e-02;3.5750000e+02;-2.3953326e-02;3.5750000e+02;-6.5517783e-02;3.5750000e+02;-1.1133644e-01;3.5750000e+02;-1.5246943e-01;3.5750000e+02;-7.1389325e-02;3.5750000e+02;-6.5530881e-02;3.5750000e+02;-3.9794393e-02;3.5750000e+02;4.0196292e-03;3.5750000e+02;6.5364406e-02;3.5750000e+02;1.4333132e-01;3.5750000e+02;1.8976608e-01;3.5750000e+02;2.0906481e-01;3.5750000e+02;2.0075160e-01;3.5750000e+02;2.2152668e-01;3.5750000e+02;1.7866154e-01;3.5750000e+02;1.2148181e-01;3.5750000e+02;7.0537969e-02;3.5750000e+02;2.0638898e-02;3.5750000e+02;-2.3953326e-02;3.5750000e+02;-6.5517783e-02;3.5750000e+02;-1.1133644e-01;3.5750000e+02;-1.5246943e-01;3.5750000e+02;-7.1389325e-02;3.5750000e+02;-6.5530881e-02;3.5750000e+02;-3.9794393e-02;3.5750000e+02;4.0196292e-03;3.5750000e+02;6.5364406e-02;3.5750000e+02;1.4333132e-01;3.5750000e+02;1.8976608e-01;3.5750000e+02;2.0906481e-01;3.5750000e+02;2.0075160e-01;3.5750000e+02;2.2152668e-01;3.5750000e+02;1.7866154e-01;3.5750000e+02;1.2148181e-01;3.5750000e+02;7.0537969e-02;3.5750000e+02;2.0638898e-02;3.5750000e+02;-2.3953326e-02;3.5750000e+02;-6.5517783e-02;3.5750000e+02;-1.1133644e-01;3.5750000e+02;-1.5246943e-01;3.5750000e+02;-7.1389325e-02;3.5750000e+02;-6.5530881e-02;3.5750000e+02;-3.9794393e-02;3.5750000e+02;4.0196292e-03;3.5750000e+02;6.5364406e-02;3.5750000e+02;1.4333132e-01;3.5750000e+02;1.8976608e-01;3.5750000e+02;2.0906481e-01;3.5750000e+02;2.0075160e-01;3.5750000e+02;2.2152668e-01;3.5750000e+02;1.7866154e-01;3.5750000e+02;1.2148181e-01;3.5750000e+02;7.0537969e-02;3.5750000e+02;2.0638898e-02;3.5750000e+02;-2.3953326e-02;3.5750000e+02;-6.5517783e-02;3.5750000e+02;-1.1133644e-01;3.5750000e+02;-1.5246943e-01;3.5750000e+02;-7.1389325e-02;3.5750000e+02;-6.5530881e-02;3.5750000e+02;-3.9794393e-02;3.5750000e+02;4.0196292e-03;3.5750000e+02;6.5364406e-02;3.5750000e+02;1.4333132e-01;3.5750000e+02;1.8976608e-01;3.5750000e+02;2.0906481e-01;3.5750000e+02;2.0075160e-01;3.5750000e+02;2.2152668e-01;3.5750000e+02;1.7866154e-01;3.5750000e+02;1.2148181e-01;3.5750000e+02;7.0537969e-02;3.5750000e+02;2.0638898e-02;3.5750000e+02;-2.3953326e-02;3.5750000e+02;-6.5517783e-02;3.5750000e+02;-1.1133644e-01;3.5750000e+02;-1.5246943e-01;3.5750000e+02;-7.1389325e-02;3.5750000e+02;-6.5530881e-02;3.5750000e+02;-3.9794393e-02;3.5750000e+02;4.0196292e-03;3.5750000e+02;6.5364406e-02;3.5750000e+02;1.4333132e-01;3.5750000e+02;1.8976608e-01;3.5750000e+02;2.0906481e-01;3.5750000e+02;2.0075160e-01;3.5750000e+02;2.2152668e-01;3.5750000e+02;1.7866154e-01;3.5750000e+02;1.2148181e-01;3.5750000e+02;7.0537969e-02;3.5750000e+02;2.0638898e-02;3.5750000e+02;-2.3953326e-02;3.5750000e+02;-6.5517783e-02;3.5750000e+02;-1.1133644e-01;3.5750000e+02;-1.5246943e-01;3.5750000e+02;-7.1389325e-02;3.5750000e+02;-6.5530881e-02;3.5750000e+02;-3.9794393e-02;3.5750000e+02;4.0196292e-03;3.5750000e+02;6.5364406e-02;3.5750000e+02;1.4333132e-01;3.5750000e+02;1.8976608e-01;3.5750000e+02;2.0906481e-01;3.5750000e+02;2.0075160e-01;3.5750000e+02;2.2152668e-01;3.5750000e+02;1.7866154e-01;3.5750000e+02;1.2148181e-01;3.5750000e+02;7.0537969e-02;3.5750000e+02;2.0638898e-02;3.5750000e+02;-2.3953326e-02;3.5750000e+02;-6.5517783e-02;3.5750000e+02;-1.1133644e-01;3.5750000e+02;-1.5246943e-01;3.5750000e+02;-7.1389325e-02;3.5750000e+02;-6.5530881e-02;3.5750000e+02;-3.9794393e-02;3.5750000e+02;4.0196292e-03;3.5750000e+02;6.5364406e-02;3.5750000e+02;1.4333132e-01;3.5750000e+02;1.8976608e-01;3.5750000e+02;2.0906481e-01;3.5750000e+02;2.0075160e-01;3.5750000e+02;2.2152668e-01;3.5750000e+02;1.7866154e-01;3.5750000e+02;1.2148181e-01;3.5750000e+02;7.0537969e-02;3.5750000e+02;2.0638898e-02;3.5750000e+02;-2.3953326e-02;3.5750000e+02;-6.5517783e-02;3.5750000e+02;-1.1133644e-01;3.5750000e+02;-1.5246943e-01;3.5750000e+02;-7.1389325e-02;3.5750000e+02;-6.5530881e-02;3.5750000e+02;-3.9794393e-02;3.5750000e+02;4.0196292e-03;3.5750000e+02;6.5364406e-02;3.5750000e+02;1.4333132e-01;3.5750000e+02;1.8976608e-01;3.5750000e+02;2.0906481e-01;3.5750000e+02;2.0075160e-01;3.5750000e+02;2.2152668e-01;3.5750000e+02;1.7866154e-01;3.5750000e+02;1.2148181e-01;3.5750000e+02;7.0537969e-02;3.5750000e+02;2.0638898e-02;3.5750000e+02;-2.3953326e-02;3.5750000e+02;-6.5517783e-02;3.5750000e+02;-1.1133644e-01;3.5750000e+02;-1.5246943e-01;3.5750000e+02;-7.1389325e-02;3.5750000e+02;-6.5530881e-02;3.5750000e+02;-3.9794393e-02;3.5750000e+02;4.0196292e-03;3.5750000e+02;6.5364406e-02;3.5750000e+02;1.4333132e-01;3.5750000e+02;1.8976608e-01;3.5750000e+02;2.0906481e-01;3.5750000e+02;2.0075160e-01;3.5750000e+02;2.2152668e-01;3.5750000e+02;1.7866154e-01;3.5750000e+02;1.2148181e-01;3.5750000e+02;7.0537969e-02;3.5750000e+02;2.0638898e-02;3.5750000e+02;-2.3953326e-02;3.5750000e+02;-6.5517783e-02;3.5750000e+02;-1.1133644e-01;3.5750000e+02;-1.5246943e-01;3.5750000e+02;-7.1389325e-02;3.5750000e+02;-6.5530881e-02;3.5750000e+02;-3.9794393e-02;3.5750000e+02;4.0196292e-03;3.5750000e+02;6.5364406e-02;3.5750000e+02;1.4333132e-01;3.5750000e+02;1.8976608e-01;3.5750000e+02;2.0906481e-01;3.5750000e+02;2.0075160e-01;3.5750000e+02;2.2152668e-01;3.5750000e+02;1.7866154e-01;3.5750000e+02;1.2148181e-01;3.5750000e+02;7.0537969e-02;3.5750000e+02;2.0638898e-02;3.5750000e+02;-2.3953326e-02;3.5750000e+02;-6.5517783e-02;3.5750000e+02;-1.1133644e-01;3.5750000e+02;-1.5246943e-01;3.5750000e+02;-7.1389325e-02;3.5750000e+02;-6.5530881e-02;3.5750000e+02;-3.9794393e-02;3.5750000e+02;4.0196292e-03;3.5750000e+02;6.5364406e-02;3.5750000e+02;1.4333132e-01;3.5750000e+02;1.8976608e-01;3.5750000e+02;2.0906481e-01;3.5750000e+02;2.0075160e-01;3.5750000e+02;2.2152668e-01;3.5750000e+02;1.7866154e-01;3.5750000e+02;1.2148181e-01;3.5750000e+02;7.0537969e-02;3.5750000e+02;2.0638898e-02;3.5750000e+02;-2.3953326e-02;3.5750000e+02;-6.5517783e-02;3.5750000e+02;-1.1133644e-01;3.5750000e+02;-1.5246943e-01;3.5750000e+02;-7.1389325e-02;3.5750000e+02;-6.5530881e-02;3.5750000e+02;-3.9794393e-02;3.5750000e+02;4.0196292e-03;3.5750000e+02;6.5364406e-02;3.5750000e+02;1.4333132e-01;3.5750000e+02;1.8976608e-01;3.5750000e+02;2.0906481e-01;3.5750000e+02;2.0075160e-01;3.5750000e+02;2.2152668e-01;3.5750000e+02;1.7866154e-01;3.5750000e+02;1.2148181e-01;3.5750000e+02;7.0537969e-02;3.5750000e+02;2.0638898e-02;3.5750000e+02;-2.3953326e-02;3.5750000e+02;-6.5517783e-02;3.5750000e+02;-1.1133644e-01;3.5750000e+02;-1.5246943e-01;3.5750000e+02;-7.1389325e-02;3.5750000e+02;-6.5530881e-02;3.5750000e+02;-3.9794393e-02;3.5750000e+02;4.0196292e-03;3.5750000e+02;6.5364406e-02;3.5750000e+02;1.4333132e-01;3.5750000e+02;1.8976608e-01;3.5750000e+02;2.0906481e-01;3.5750000e+02;2.0075160e-01;3.5750000e+02;2.2152668e-01;3.5750000e+02;1.7866154e-01;3.5750000e+02;1.2148181e-01;3.5750000e+02;7.0537969e-02;3.5750000e+02;2.0638898e-02;3.5750000e+02;-2.3953326e-02;3.5750000e+02;-6.5517783e-02;3.5750000e+02;-1.1133644e-01;3.5750000e+02;-1.5246943e-01;3.5750000e+02;-7.1389325e-02;3.5750000e+02;-6.5530881e-02;3.5750000e+02;-3.9794393e-02;3.5750000e+02;4.0196292e-03;3.5750000e+02;6.5364406e-02;3.5750000e+02;1.4333132e-01;3.5750000e+02;1.8976608e-01;3.5750000e+02;2.0906481e-01;3.5750000e+02;2.0075160e-01;3.5750000e+02;2.2152668e-01;3.5750000e+02;1.7866154e-01;3.5750000e+02;1.2148181e-01;3.5750000e+02;7.0537969e-02;3.5750000e+02;2.0638898e-02;3.5750000e+02;-2.3953326e-02;3.5750000e+02;-6.5517783e-02;3.5750000e+02;-1.1133644e-01;3.5750000e+02;-1.5246943e-01;3.5750000e+02;-7.1389325e-02;3.5750000e+02;-6.5530881e-02;3.5750000e+02;-3.9794393e-02;3.5750000e+02;4.0196292e-03;3.5750000e+02;6.5364406e-02;3.5750000e+02;1.4333132e-01;3.5750000e+02;1.8976608e-01;3.5750000e+02;2.0906481e-01;3.5750000e+02;2.0075160e-01;3.5750000e+02;2.2152668e-01;3.5750000e+02;1.7866154e-01;3.5750000e+02;1.2148181e-01;3.5750000e+02;7.0537969e-02;3.5750000e+02;2.0638898e-02;3.5750000e+02;-2.3953326e-02;3.5750000e+02;-6.5517783e-02;3.5750000e+02;-1.1133644e-01;3.5750000e+02;-1.5246943e-01;3.5750000e+02;-7.1389325e-02;3.5750000e+02;-6.5530881e-02;3.5750000e+02;-3.9794393e-02;3.5750000e+02;4.0196292e-03;3.5750000e+02;6.5364406e-02;3.5750000e+02;1.4333132e-01;3.5750000e+02;1.8976608e-01;3.5750000e+02;2.0906481e-01;3.5750000e+02;2.0075160e-01;3.5750000e+02;2.2152668e-01;3.5750000e+02;1.7866154e-01;3.5750000e+02;1.2148181e-01;3.5750000e+02;7.0537969e-02;3.5750000e+02;2.0638898e-02;3.5750000e+02;-2.3953326e-02;3.5750000e+02;-6.5517783e-02;3.5750000e+02;-1.1133644e-01;3.5750000e+02;-1.5246943e-01;3.5750000e+02;-7.1389325e-02;3.5750000e+02;-6.5530881e-02;3.5750000e+02;-3.9794393e-02;3.5750000e+02;4.0196292e-03;3.5750000e+02;6.5364406e-02;3.5750000e+02;1.4333132e-01;3.5750000e+02;1.8976608e-01;3.5750000e+02;2.0906481e-01;3.5750000e+02;2.0075160e-01;3.5750000e+02;2.2152668e-01;3.5750000e+02;1.7866154e-01;3.5750000e+02;1.2148181e-01;3.5750000e+02;7.0537969e-02;3.5750000e+02;2.0638898e-02;3.5750000e+02;-2.3953326e-02;3.5750000e+02;-6.5517783e-02;3.5750000e+02;-1.1133644e-01;3.5750000e+02;-1.5246943e-01;3.5750000e+02;-7.1389325e-02;3.5750000e+02;-6.5530881e-02;3.5750000e+02;-3.9794393e-02;3.5750000e+02;4.0196292e-03;3.5750000e+02;6.5364406e-02;3.5750000e+02;1.4333132e-01;3.5750000e+02;1.8976608e-01;3.5750000e+02;2.0906481e-01;3.5750000e+02;2.0075160e-01;3.5750000e+02;2.2152668e-01;3.5750000e+02;1.7866154e-01;3.5750000e+02;1.2148181e-01;3.5750000e+02;7.0537969e-02;3.5750000e+02;2.0638898e-02;3.5750000e+02;-2.3953326e-02;3.5750000e+02;-6.5517783e-02;3.5750000e+02;-1.1133644e-01;3.5750000e+02;-1.5246943e-01;3.5750000e+02;-7.1389325e-02;3.5750000e+02;-6.5530881e-02;3.5750000e+02;-3.9794393e-02;3.5750000e+02;4.0196292e-03;3.5750000e+02;6.5364406e-02;3.5750000e+02;1.4333132e-01;3.5750000e+02;1.8976608e-01;3.5750000e+02;2.0906481e-01;3.5750000e+02;2.0075160e-01;3.5750000e+02;2.2152668e-01;3.5750000e+02;1.7866154e-01;3.5750000e+02;1.2148181e-01;3.5750000e+02;7.0537969e-02;3.5750000e+02;2.0638898e-02;3.5750000e+02;-2.3953326e-02;3.5750000e+02;-6.5517783e-02;3.5750000e+02;-1.1133644e-01;3.5750000e+02;-1.5246943e-01;3.5750000e+02;-7.1389325e-02;3.5750000e+02;-6.5530881e-02;3.5750000e+02;-3.9794393e-02;3.5750000e+02;4.0196292e-03;3.5750000e+02;6.5364406e-02;3.5750000e+02;1.4333132e-01;3.5750000e+02;1.8976608e-01;3.5750000e+02;2.0906481e-01;3.5750000e+02;2.0075160e-01;3.5750000e+02;2.2152668e-01;3.5750000e+02;1.7866154e-01;3.5750000e+02;1.2148181e-01;3.5750000e+02;7.0537969e-02;3.5750000e+02;2.0638898e-02;3.5750000e+02;-2.3953326e-02;3.5750000e+02;-6.5517783e-02;3.5750000e+02;-1.1133644e-01;3.5750000e+02;-1.5246943e-01;3.5750000e+02;-7.1389325e-02;3.5750000e+02;-6.5530881e-02;3.5750000e+02;-3.9794393e-02;3.5750000e+02;4.0196292e-03;3.5750000e+02;6.5364406e-02;3.5750000e+02;1.4333132e-01;3.5750000e+02;1.8976608e-01;3.5750000e+02;2.0906481e-01;3.5750000e+02;2.0075160e-01;3.5750000e+02;2.2152668e-01;3.5750000e+02;1.7866154e-01;3.5750000e+02;1.2148181e-01;3.5750000e+02;7.0537969e-02;3.5750000e+02;2.0638898e-02;3.5750000e+02;-2.3953326e-02;3.5750000e+02;-6.5517783e-02;3.5750000e+02;-1.1133644e-01;3.5750000e+02;-1.5246943e-01;3.5750000e+02;-7.1389325e-02;3.5750000e+02;-6.5530881e-02;3.5750000e+02;-3.9794393e-02;3.5750000e+02;4.0196292e-03;3.5750000e+02;6.5364406e-02;3.5750000e+02;1.4333132e-01;3.5750000e+02;1.8976608e-01;3.5750000e+02;2.0906481e-01;3.5750000e+02;2.0075160e-01;3.5750000e+02;2.2152668e-01;3.5750000e+02;1.7866154e-01;3.5750000e+02;1.2148181e-01;3.5750000e+02;7.0537969e-02;3.5750000e+02;2.0638898e-02;3.5750000e+02;-2.3953326e-02;3.5750000e+02;-6.5517783e-02;3.5750000e+02;-1.1133644e-01;3.5750000e+02;-1.5246943e-01;3.5750000e+02;-7.1389325e-02;3.5750000e+02;-6.5530881e-02;3.5750000e+02;-3.9794393e-02;3.5750000e+02;4.0196292e-03;3.5750000e+02;6.5364406e-02;3.5750000e+02;1.4333132e-01;3.5750000e+02;1.8976608e-01;3.5750000e+02;2.0906481e-01;3.5750000e+02;2.0075160e-01;3.5750000e+02;2.2152668e-01;3.5750000e+02;1.7866154e-01;3.5750000e+02;1.2148181e-01;3.5750000e+02;7.0537969e-02;3.5750000e+02;2.0638898e-02;3.5750000e+02;-2.3953326e-02;3.5750000e+02;-6.5517783e-02;3.5750000e+02;-1.1133644e-01;3.5750000e+02;-1.5246943e-01;3.5750000e+02;-7.1389325e-02;3.5750000e+02;-6.5530881e-02;3.5750000e+02;-3.9794393e-02;3.5750000e+02;4.0196292e-03;3.5750000e+02;6.5364406e-02;3.5750000e+02;1.4333132e-01;3.5750000e+02;1.8976608e-01;3.5750000e+02;2.0906481e-01;3.5750000e+02;2.0075160e-01;3.5750000e+02;2.2152668e-01;3.5750000e+02;1.7866154e-01;3.5750000e+02;1.2148181e-01;3.5750000e+02;7.0537969e-02;3.5750000e+02;2.0638898e-02;3.5750000e+02;-2.3953326e-02;3.5750000e+02;-6.5517783e-02;3.5750000e+02;-1.1133644e-01;3.5750000e+02;-1.5246943e-01;3.5750000e+02;-7.1389325e-02;3.5750000e+02;-6.5530881e-02;3.5750000e+02;-3.9794393e-02;3.5750000e+02;4.0196292e-03;3.5750000e+02;6.5364406e-02;3.5750000e+02;1.4333132e-01;3.5750000e+02;1.8976608e-01;3.5750000e+02;2.0906481e-01;3.5750000e+02;2.0075160e-01;3.5750000e+02;2.2152668e-01;3.5750000e+02;1.7866154e-01;3.5750000e+02;1.2148181e-01;3.5750000e+02;7.0537969e-02;3.5750000e+02;2.0638898e-02;3.5750000e+02;-2.3953326e-02;3.5750000e+02;-6.5517783e-02;3.5750000e+02;-1.1133644e-01;3.5750000e+02;-1.5246943e-01;3.5750000e+02;-7.1389325e-02;3.5750000e+02;-6.5530881e-02;3.5750000e+02;-3.9794393e-02;3.5750000e+02;4.0196292e-03;3.5750000e+02;6.5364406e-02;3.5750000e+02;1.4333132e-01;3.5750000e+02;1.8976608e-01;3.5750000e+02;2.0906481e-01;3.5750000e+02;2.0075160e-01;3.5750000e+02;2.2152668e-01;3.5750000e+02;1.7866154e-01;3.5750000e+02;1.2148181e-01;3.5750000e+02;7.0537969e-02;3.5750000e+02;2.0638898e-02;3.5750000e+02;-2.3953326e-02;3.5750000e+02;-6.5517783e-02;3.5750000e+02;-1.1133644e-01;3.5750000e+02;-1.5246943e-01;3.5750000e+02;-7.1389325e-02;3.5750000e+02;-6.5530881e-02;3.5750000e+02;-3.9794393e-02;3.5750000e+02;4.0196292e-03;3.5750000e+02;6.5364406e-02;3.5750000e+02;1.4333132e-01;3.5750000e+02;1.8976608e-01;3.5750000e+02;2.0906481e-01;3.5750000e+02;2.0075160e-01;3.5750000e+02;2.2152668e-01;3.5750000e+02;1.7866154e-01;3.5750000e+02;1.2148181e-01;3.5750000e+02;7.0537969e-02;3.5750000e+02;2.0638898e-02;3.5750000e+02;-2.3953326e-02;3.5750000e+02;-6.5517783e-02;3.5750000e+02;-1.1133644e-01;3.5750000e+02;-1.5246943e-01;3.5750000e+02;-7.1389325e-02;3.5750000e+02;-6.5530881e-02;3.5750000e+02;-3.9794393e-02;3.5750000e+02;4.0196292e-03;3.5750000e+02;6.5364406e-02;3.5750000e+02;1.4333132e-01;3.5750000e+02;1.8976608e-01;3.5750000e+02;2.0906481e-01;3.5750000e+02;2.0075160e-01;3.5750000e+02;2.2152668e-01;3.5750000e+02;1.7866154e-01;3.5750000e+02;1.2148181e-01;3.5750000e+02;7.0537969e-02;3.5750000e+02;2.0638898e-02;3.5750000e+02;-2.3953326e-02;3.5750000e+02;-6.5517783e-02;3.5750000e+02;-1.1133644e-01;3.5750000e+02;-1.5246943e-01;3.5750000e+02;-7.1389325e-02;3.5750000e+02;-6.5530881e-02;3.5750000e+02;-3.9794393e-02;3.5750000e+02;4.0196292e-03;3.5750000e+02;6.5364406e-02;3.5750000e+02;1.4333132e-01;3.5750000e+02;1.8976608e-01;3.5750000e+02;2.0906481e-01;3.5750000e+02;2.0075160e-01;3.5750000e+02;2.2152668e-01;3.5750000e+02;1.7866154e-01;3.5750000e+02;1.2148181e-01;3.5750000e+02;7.0537969e-02;3.5750000e+02;2.0638898e-02;3.5750000e+02;-2.3953326e-02;3.5750000e+02;-6.5517783e-02;3.5750000e+02;-1.1133644e-01;3.5750000e+02;-1.5246943e-01;3.5750000e+02;-7.1389325e-02;3.5750000e+02;-6.5530881e-02;3.5750000e+02;-3.9794393e-02;3.5750000e+02;4.0196292e-03;3.5750000e+02;6.5364406e-02;3.5750000e+02;1.4333132e-01;3.5750000e+02;1.8976608e-01;3.5750000e+02;2.0906481e-01;3.5750000e+02;2.0075160e-01;3.5750000e+02;2.2152668e-01;3.5750000e+02;1.7866154e-01;3.5750000e+02;1.2148181e-01;3.5750000e+02;7.0537969e-02;3.5750000e+02;2.0638898e-02;3.5750000e+02;-2.3953326e-02;3.5750000e+02;-6.5517783e-02;3.5750000e+02;-1.1133644e-01;3.5750000e+02;-1.5246943e-01;3.5750000e+02;-7.1389325e-02;3.5750000e+02;-6.5530881e-02;3.5750000e+02;-3.9794393e-02;3.5750000e+02;4.0196292e-03;3.5750000e+02;6.5364406e-02;3.5750000e+02;1.4333132e-01;3.5750000e+02;1.8976608e-01;3.5750000e+02;2.0906481e-01;3.5750000e+02;2.0075160e-01;3.5750000e+02;2.2152668e-01;3.5750000e+02;1.7866154e-01;3.5750000e+02;1.2148181e-01;3.5750000e+02;7.0537969e-02;3.5750000e+02;2.0638898e-02;3.5750000e+02;-2.3953326e-02;3.5750000e+02;-6.5517783e-02;3.5750000e+02;-1.1133644e-01;3.5750000e+02;-1.5246943e-01;3.5750000e+02;-7.1389325e-02;3.5750000e+02;-6.5530881e-02;3.5750000e+02;-3.9794393e-02;3.5750000e+02;4.0196292e-03;3.5750000e+02;6.5364406e-02;3.5750000e+02;1.4333132e-01;3.5750000e+02;1.8976608e-01;3.5750000e+02;2.0906481e-01;3.5750000e+02;2.0075160e-01;3.5750000e+02;2.2152668e-01;3.5750000e+02;1.7866154e-01;3.5750000e+02;1.2148181e-01;3.5750000e+02;7.0537969e-02;3.5750000e+02;2.0638898e-02;3.5750000e+02;-2.3953326e-02;3.5750000e+02;-6.5517783e-02;3.5750000e+02;-1.1133644e-01;3.5750000e+02;-1.5246943e-01;3.5750000e+02;-7.1389325e-02;3.5750000e+02;-6.5530881e-02;3.5750000e+02;-3.9794393e-02;3.5750000e+02;4.0196292e-03;3.5750000e+02;6.5364406e-02;3.5750000e+02;1.4333132e-01;3.5750000e+02;1.8976608e-01;3.5750000e+02;2.0906481e-01;3.5750000e+02;2.0075160e-01;3.5750000e+02;2.2152668e-01;3.5750000e+02;1.7866154e-01;3.5750000e+02;1.2148181e-01;3.5750000e+02;7.0537969e-02;3.5750000e+02;2.0638898e-02;3.5750000e+02;-2.3953326e-02;3.5750000e+02;-6.5517783e-02;3.5750000e+02;-1.1133644e-01;3.5750000e+02;-1.5246943e-01;3.5750000e+02;-7.1389325e-02;3.5750000e+02;-6.5530881e-02;3.5750000e+02;-3.9794393e-02;3.5750000e+02;4.0196292e-03;3.5750000e+02;6.5364406e-02;3.5750000e+02;1.4333132e-01;3.5750000e+02;1.8976608e-01;3.5750000e+02;2.0906481e-01;3.5750000e+02;2.0075160e-01;3.5750000e+02;2.2152668e-01;3.5750000e+02;1.7866154e-01;3.5750000e+02;1.2148181e-01;3.5750000e+02;7.0537969e-02;3.5750000e+02;2.0638898e-02;3.5750000e+02;-2.3953326e-02;3.5750000e+02;-6.5517783e-02;3.5750000e+02;-1.1133644e-01;3.5750000e+02;-1.5246943e-01;3.5750000e+02;-7.1389325e-02;3.5750000e+02;-6.5530881e-02;3.5750000e+02;-3.9794393e-02;3.5750000e+02;4.0196292e-03;3.5750000e+02;6.5364406e-02;3.5750000e+02;1.4333132e-01;3.5750000e+02;1.8976608e-01;3.5750000e+02;2.0906481e-01;3.5750000e+02;2.0075160e-01;3.5750000e+02;2.2152668e-01;3.5750000e+02;1.7866154e-01;3.5750000e+02;1.2148181e-01;3.5750000e+02;7.0537969e-02;3.5750000e+02;2.0638898e-02;3.5750000e+02;-2.3953326e-02;3.5750000e+02;-6.5517783e-02;3.5750000e+02;-1.1133644e-01;3.5750000e+02;-1.5246943e-01;3.5750000e+02;-7.1389325e-02;3.5750000e+02;-6.5530881e-02;3.5750000e+02;-3.9794393e-02;3.5750000e+02;4.0196292e-03;3.5750000e+02;6.5364406e-02;3.5750000e+02;1.4333132e-01;3.5750000e+02;1.8976608e-01;3.5750000e+02;2.0906481e-01;3.5750000e+02;2.0075160e-01;3.5750000e+02;2.2152668e-01;3.5750000e+02;1.7866154e-01;3.5750000e+02;1.2148181e-01;3.5750000e+02;7.0537969e-02;3.5750000e+02;2.0638898e-02;3.5750000e+02;-2.3953326e-02;3.5750000e+02;-6.5517783e-02;3.5750000e+02;-1.1133644e-01;3.5750000e+02;-1.5246943e-01;3.5750000e+02;-7.1389325e-02;3.5750000e+02;-6.5530881e-02;3.5750000e+02;-3.9794393e-02;3.5750000e+02;4.0196292e-03;3.5750000e+02;6.5364406e-02;3.5750000e+02;1.4333132e-01;3.5750000e+02;1.8976608e-01;3.5750000e+02;2.0906481e-01;3.5750000e+02;2.0075160e-01;3.5750000e+02;2.2152668e-01;3.5750000e+02;1.7866154e-01;3.5750000e+02;1.2148181e-01;3.5750000e+02;7.0537969e-02;3.5750000e+02;2.0638898e-02;3.5750000e+02;-2.3953326e-02;3.5750000e+02;-6.5517783e-02;3.5750000e+02;-1.1133644e-01;3.5750000e+02;-1.5246943e-01;3.5750000e+02;-7.1389325e-02;3.5750000e+02;-6.5530881e-02;3.5750000e+02;-3.9794393e-02;3.5750000e+02;4.0196292e-03;3.5750000e+02;6.5364406e-02;3.5750000e+02;1.4333132e-01;3.5750000e+02;1.8976608e-01;3.5750000e+02;2.0906481e-01;3.5750000e+02;2.0075160e-01;3.5750000e+02;2.2152668e-01;3.5750000e+02;1.7866154e-01;3.5750000e+02;1.2148181e-01;3.5750000e+02;7.0537969e-02;3.5750000e+02;2.0638898e-02;3.5750000e+02;-2.3953326e-02;3.5750000e+02;-6.5517783e-02;3.5750000e+02;-1.1133644e-01;3.5750000e+02;-1.5246943e-01;3.5750000e+02;-7.1389325e-02;3.5750000e+02;-6.5530881e-02;3.5750000e+02;-3.9794393e-02;3.5750000e+02;4.0196292e-03;3.5750000e+02;6.5364406e-02;3.5750000e+02;1.4333132e-01;3.5750000e+02;1.8976608e-01;3.5750000e+02;2.0906481e-01;3.5750000e+02;2.0075160e-01;3.5750000e+02;2.2152668e-01;3.5750000e+02;1.7866154e-01;3.5750000e+02;1.2148181e-01;3.5750000e+02;7.0537969e-02;3.5750000e+02;2.0638898e-02;3.5750000e+02;-2.3953326e-02;3.5750000e+02;-6.5517783e-02;3.5750000e+02;-1.1133644e-01;3.5750000e+02;-1.5246943e-01;3.5750000e+02;-7.1389325e-02;3.5750000e+02;-6.5530881e-02;3.5750000e+02;-3.9794393e-02;3.5750000e+02;4.0196292e-03;3.5750000e+02;6.5364406e-02;3.5750000e+02;1.4333132e-01;3.5750000e+02;1.8976608e-01;3.5750000e+02;2.0906481e-01;3.5750000e+02;2.0075160e-01;3.5750000e+02;2.2152668e-01;3.5750000e+02;1.7866154e-01;3.5750000e+02;1.2148181e-01;3.5750000e+02;7.0537969e-02;3.5750000e+02;2.0638898e-02;3.5750000e+02;-2.3953326e-02;3.5750000e+02;-6.5517783e-02;3.5750000e+02;-1.1133644e-01;3.5750000e+02;-1.5246943e-01;3.5750000e+02;-7.1389325e-02;3.5750000e+02;-6.5530881e-02;3.5750000e+02;-3.9794393e-02;3.5750000e+02;4.0196292e-03;3.5750000e+02;6.5364406e-02;3.5750000e+02;1.4333132e-01;3.5750000e+02;1.8976608e-01;3.5750000e+02;2.0906481e-01;3.5750000e+02;2.0075160e-01;3.5750000e+02;2.2152668e-01;3.5750000e+02;1.7866154e-01;3.5750000e+02;1.2148181e-01;3.5750000e+02;7.0537969e-02;3.5750000e+02;2.0638898e-02;3.5750000e+02;-2.3953326e-02;3.5750000e+02;-6.5517783e-02;3.5750000e+02;-1.1133644e-01;3.5750000e+02;-1.5246943e-01;3.5750000e+02;-7.1389325e-02;3.5750000e+02;-6.5530881e-02;3.5750000e+02;-3.9794393e-02;3.5750000e+02;4.0196292e-03;3.5750000e+02;6.5364406e-02;3.5750000e+02;1.4333132e-01;3.5750000e+02;1.8976608e-01;3.5750000e+02;2.0906481e-01;3.5750000e+02;2.0075160e-01;3.5750000e+02;2.2152668e-01;3.5750000e+02;1.7866154e-01;3.5750000e+02;1.2148181e-01;3.5750000e+02;7.0537969e-02;3.5750000e+02;2.0638898e-02;3.5750000e+02;-2.3953326e-02;3.5750000e+02;-6.5517783e-02;3.5750000e+02;-1.1133644e-01;3.5750000e+02;-1.5246943e-01;3.5750000e+02;-7.1389325e-02;3.5750000e+02;-6.5530881e-02;3.5750000e+02;-3.9794393e-02;3.5750000e+02;4.0196292e-03;3.5750000e+02;6.5364406e-02;3.5750000e+02;1.4333132e-01;3.5750000e+02;1.8976608e-01;3.5750000e+02;2.0906481e-01;3.5750000e+02;2.0075160e-01;3.5750000e+02;2.2152668e-01;3.5750000e+02;1.7866154e-01;3.5750000e+02;1.2148181e-01;3.5750000e+02;7.0537969e-02;3.5750000e+02;2.0638898e-02;3.5750000e+02;-2.3953326e-02;3.5750000e+02;-6.5517783e-02;3.5750000e+02;-1.1133644e-01;3.5750000e+02;-1.5246943e-01;3.5750000e+02;-7.1389325e-02;3.5750000e+02;-6.5530881e-02;3.5750000e+02;-3.9794393e-02;3.5750000e+02;4.0196292e-03;3.5750000e+02;6.5364406e-02;3.5750000e+02;1.4333132e-01;3.5750000e+02;1.8976608e-01;3.5750000e+02;2.0906481e-01;3.5750000e+02;2.0075160e-01;3.5750000e+02;2.2152668e-01;3.5750000e+02;1.7866154e-01;3.5750000e+02;1.2148181e-01;3.5750000e+02;7.0537969e-02;3.5750000e+02;2.0638898e-02;3.5750000e+02;-2.3953326e-02;3.5750000e+02;-6.5517783e-02;3.5750000e+02;-1.1133644e-01;3.5750000e+02;-1.5246943e-01;3.5750000e+02;-7.1389325e-02;3.5750000e+02;-6.5530881e-02;3.5750000e+02;-3.9794393e-02;3.5750000e+02;4.0196292e-03;3.5750000e+02;6.5364406e-02;3.5750000e+02;1.4333132e-01;3.5750000e+02;1.8976608e-01;3.5750000e+02;2.0906481e-01;3.5750000e+02;2.0075160e-01;3.5750000e+02;2.2152668e-01;3.5750000e+02;1.7866154e-01;3.5750000e+02;1.2148181e-01;3.5750000e+02;7.0537969e-02;3.5750000e+02;2.0638898e-02;3.5750000e+02;-2.3953326e-02;3.5750000e+02;-6.5517783e-02;3.5750000e+02;-1.1133644e-01;3.5750000e+02;-1.5246943e-01;3.5750000e+02;-7.1389325e-02;3.5750000e+02;-6.5530881e-02;3.5750000e+02;-3.9794393e-02;3.5750000e+02;4.0196292e-03;3.5750000e+02;6.5364406e-02;3.5750000e+02;1.4333132e-01;3.5750000e+02;1.8976608e-01;3.5750000e+02;2.0906481e-01;3.5750000e+02;2.0075160e-01;3.5750000e+02;2.2152668e-01;3.5750000e+02;1.7866154e-01;3.5750000e+02;1.2148181e-01;3.5750000e+02;7.0537969e-02;3.5750000e+02;2.0638898e-02;3.5750000e+02;-2.3953326e-02;3.5750000e+02;-6.5517783e-02;3.5750000e+02;-1.1133644e-01;3.5750000e+02;-1.5246943e-01;3.5750000e+02;-7.1389325e-02;3.5750000e+02;-6.5530881e-02;3.5750000e+02;-3.9794393e-02;3.5750000e+02;4.0196292e-03;3.5750000e+02;6.5364406e-02;3.5750000e+02;1.4333132e-01;3.5750000e+02;1.8976608e-01;3.5750000e+02;2.0906481e-01;3.5750000e+02;2.0075160e-01;3.5750000e+02;2.2152668e-01;3.5750000e+02;1.7866154e-01;3.5750000e+02;1.2148181e-01;3.5750000e+02;7.0537969e-02;3.5750000e+02;2.0638898e-02;3.5750000e+02;-2.3953326e-02;3.5750000e+02;-6.5517783e-02;3.5750000e+02;-1.1133644e-01;3.5750000e+02;-1.5246943e-01;3.5750000e+02;-7.1389325e-02;3.5750000e+02;-6.5530881e-02;3.5750000e+02;-3.9794393e-02;3.5750000e+02;4.0196292e-03;3.5750000e+02;6.5364406e-02;3.5750000e+02;1.4333132e-01;3.5750000e+02;1.8976608e-01;3.5750000e+02;2.0906481e-01;3.5750000e+02;2.0075160e-01;3.5750000e+02;2.2152668e-01;3.5750000e+02;1.7866154e-01;3.5750000e+02;1.2148181e-01;3.5750000e+02;7.0537969e-02;3.5750000e+02;2.0638898e-02;3.5750000e+02;-2.3953326e-02;3.5750000e+02;-6.5517783e-02;3.5750000e+02;-1.1133644e-01;3.5750000e+02;-1.5246943e-01;3.5750000e+02;-7.1389325e-02;3.5750000e+02;-6.5530881e-02;3.5750000e+02;-3.9794393e-02;3.5750000e+02;4.0196292e-03;3.5750000e+02;6.5364406e-02;3.5750000e+02;1.4333132e-01;3.5750000e+02;1.8976608e-01;3.5750000e+02;2.0906481e-01;3.5750000e+02;2.0075160e-01;3.5750000e+02;2.2152668e-01;3.5750000e+02;1.7866154e-01;3.5750000e+02;1.2148181e-01;3.5750000e+02;7.0537969e-02;3.5750000e+02;2.0638898e-02;3.5750000e+02;-2.3953326e-02;3.5750000e+02;-6.5517783e-02;3.5750000e+02;-1.1133644e-01;3.5750000e+02;-1.5246943e-01;3.5750000e+02;-7.1389325e-02;3.5750000e+02;-6.5530881e-02;3.5750000e+02;-3.9794393e-02;3.5750000e+02;4.0196292e-03;3.5750000e+02;6.5364406e-02;3.5750000e+02;1.4333132e-01;3.5750000e+02;1.8976608e-01;3.5750000e+02;2.0906481e-01;3.5750000e+02;2.0075160e-01;3.5750000e+02;2.2152668e-01;3.5750000e+02;1.7866154e-01;3.5750000e+02;1.2148181e-01;3.5750000e+02;7.0537969e-02;3.5750000e+02;2.0638898e-02;3.5750000e+02;-2.3953326e-02;3.5750000e+02;-6.5517783e-02;3.5750000e+02;-1.1133644e-01;3.5750000e+02;-1.5246943e-01;3.5750000e+02;-7.1389325e-02;3.5750000e+02;-6.5530881e-02;3.5750000e+02;-3.9794393e-02;3.5750000e+02;4.0196292e-03;3.5750000e+02;6.5364406e-02;3.5750000e+02;1.4333132e-01;3.5750000e+02;1.8976608e-01;3.5750000e+02;2.0906481e-01;3.5750000e+02;2.0075160e-01;3.5750000e+02;2.2152668e-01;3.5750000e+02;1.7866154e-01;3.5750000e+02;1.2148181e-01;3.5750000e+02;7.0537969e-02;3.5750000e+02;2.0638898e-02;3.5750000e+02;-2.3953326e-02;3.5750000e+02;-6.5517783e-02;3.5750000e+02;-1.1133644e-01;3.5750000e+02;-1.5246943e-01;3.5750000e+02;-7.1389325e-02;3.5750000e+02;-6.5530881e-02;3.5750000e+02;-3.9794393e-02;3.5750000e+02;4.0196292e-03;3.5750000e+02;6.5364406e-02;3.5750000e+02;1.4333132e-01;3.5750000e+02;1.8976608e-01;3.5750000e+02;2.0906481e-01;3.5750000e+02;2.0075160e-01;3.5750000e+02;2.2152668e-01;3.5750000e+02;1.7866154e-01;3.5750000e+02;1.2148181e-01;3.5750000e+02;7.0537969e-02;3.5750000e+02;2.0638898e-02;3.5750000e+02;-2.3953326e-02;3.5750000e+02;-6.5517783e-02;3.5750000e+02;-1.1133644e-01;3.5750000e+02;-1.5246943e-01;3.5750000e+02;-7.1389325e-02;3.5750000e+02;-6.5530881e-02;3.5750000e+02;-3.9794393e-02;3.5750000e+02;4.0196292e-03;3.5750000e+02;6.5364406e-02;3.5750000e+02;1.4333132e-01;3.5750000e+02;1.8976608e-01;3.5750000e+02;2.0906481e-01;3.5750000e+02;2.0075160e-01;3.5750000e+02;2.2152668e-01;3.5750000e+02;1.7866154e-01;3.5750000e+02;1.2148181e-01;3.5750000e+02;7.0537969e-02;3.5750000e+02;2.0638898e-02;3.5750000e+02;-2.3953326e-02;3.5750000e+02;-6.5517783e-02;3.5750000e+02;-1.1133644e-01;3.5750000e+02;-1.5246943e-01;3.5750000e+02;-7.1389325e-02;3.5750000e+02;-6.5530881e-02;3.5750000e+02;-3.9794393e-02;3.5750000e+02;4.0196292e-03;3.5750000e+02;6.5364406e-02;3.5750000e+02;1.4333132e-01;3.5750000e+02;1.8976608e-01;3.5750000e+02;2.0906481e-01;3.5750000e+02;2.0075160e-01;3.5750000e+02;2.2152668e-01;3.5750000e+02;1.7866154e-01;3.5750000e+02;1.2148181e-01;3.5750000e+02;7.0537969e-02;3.5750000e+02;2.0638898e-02;3.5750000e+02;-2.3953326e-02;3.5750000e+02;-6.5517783e-02;3.5750000e+02;-1.1133644e-01;3.5750000e+02;-1.5246943e-01;3.5750000e+02;-7.1389325e-02;3.5750000e+02;-6.5530881e-02;3.5750000e+02;-3.9794393e-02;3.5750000e+02;4.0196292e-03;3.5750000e+02;6.5364406e-02;3.5750000e+02;1.4333132e-01;3.5750000e+02;1.8976608e-01;3.5750000e+02;2.0906481e-01;3.5750000e+02;2.0075160e-01;3.5750000e+02;2.2152668e-01;3.5750000e+02;1.7866154e-01;3.5750000e+02;1.2148181e-01;3.5750000e+02;7.0537969e-02;3.5750000e+02;2.0638898e-02;3.5750000e+02;-2.3953326e-02;3.5750000e+02;-6.5517783e-02;3.5750000e+02;-1.1133644e-01;3.5750000e+02;-1.5246943e-01;3.5750000e+02;-7.1389325e-02;3.5750000e+02;-6.5530881e-02;3.5750000e+02;-3.9794393e-02;3.5750000e+02;4.0196292e-03;3.5750000e+02;6.5364406e-02;3.5750000e+02;1.4333132e-01;3.5750000e+02;1.8976608e-01;3.5750000e+02;2.0906481e-01;3.5750000e+02;2.0075160e-01;3.5750000e+02;2.2152668e-01;3.5750000e+02;1.7866154e-01;3.5750000e+02;1.2148181e-01;3.5750000e+02;7.0537969e-02;3.5750000e+02;2.0638898e-02;3.5750000e+02;-2.3953326e-02;3.5750000e+02;-6.5517783e-02;3.5750000e+02;-1.1133644e-01;3.5750000e+02;-1.5246943e-01;3.5750000e+02;-7.1389325e-02;3.5750000e+02;-6.5530881e-02;3.5750000e+02;-3.9794393e-02;3.5750000e+02;4.0196292e-03;3.5750000e+02;6.5364406e-02;3.5750000e+02;1.4333132e-01;3.5750000e+02;1.8976608e-01;3.5750000e+02;2.0906481e-01;3.5750000e+02;2.0075160e-01;3.5750000e+02;2.2152668e-01;3.5750000e+02;1.7866154e-01;3.5750000e+02;1.2148181e-01;3.5750000e+02;7.0537969e-02;3.5750000e+02;2.0638898e-02;3.5750000e+02;-2.3953326e-02;3.5750000e+02;-6.5517783e-02;3.5750000e+02;-1.1133644e-01;3.5750000e+02;-1.5246943e-01;3.5750000e+02;-7.1389325e-02;3.5750000e+02;-6.5530881e-02;3.5750000e+02;-3.9794393e-02;3.5750000e+02;4.0196292e-03;3.5750000e+02;6.5364406e-02;3.5750000e+02;1.4333132e-01;3.5750000e+02;1.8976608e-01;3.5750000e+02;2.0906481e-01;3.5750000e+02;2.0075160e-01;3.5750000e+02;2.2152668e-01;3.5750000e+02;1.7866154e-01;3.5750000e+02;1.2148181e-01;3.5750000e+02;7.0537969e-02;3.5750000e+02;2.0638898e-02;3.5750000e+02;-2.3953326e-02;3.5750000e+02;-6.5517783e-02;3.5750000e+02;-1.1133644e-01;3.5750000e+02;-1.5246943e-01;3.5750000e+02;-7.1389325e-02;3.5750000e+02;-6.5530881e-02;3.5750000e+02;-3.9794393e-02;3.5750000e+02;4.0196292e-03;3.5750000e+02;6.5364406e-02;3.5750000e+02;1.4333132e-01;3.5750000e+02;1.8976608e-01;3.5750000e+02;2.0906481e-01;3.5750000e+02;2.0075160e-01;3.5750000e+02;2.2152668e-01;3.5750000e+02;1.7866154e-01;3.5750000e+02;1.2148181e-01;3.5750000e+02;7.0537969e-02;3.5750000e+02;2.0638898e-02;3.5750000e+02;-2.3953326e-02;3.5750000e+02;-6.5517783e-02;3.5750000e+02;-1.1133644e-01;3.5750000e+02;-1.5246943e-01;3.5750000e+02;-7.1389325e-02;3.5750000e+02;-6.5530881e-02;3.5750000e+02;-3.9794393e-02;3.5750000e+02;4.0196292e-03;3.5750000e+02;6.5364406e-02;3.5750000e+02;1.4333132e-01;3.5750000e+02;1.8976608e-01;3.5750000e+02;2.0906481e-01;3.5750000e+02;2.0075160e-01;3.5750000e+02;2.2152668e-01;3.5750000e+02;1.7866154e-01;3.5750000e+02;1.2148181e-01;3.5750000e+02;7.0537969e-02;3.5750000e+02;2.0638898e-02;3.5750000e+02;-2.3953326e-02;3.5750000e+02;-6.5517783e-02;3.5750000e+02;-1.1133644e-01;3.5750000e+02;-1.5246943e-01;3.5750000e+02;-7.1389325e-02;3.5750000e+02;-6.5530881e-02;3.5750000e+02;-3.9794393e-02;3.5750000e+02;4.0196292e-03;3.5750000e+02;6.5364406e-02;3.5750000e+02;1.4333132e-01;3.5750000e+02;1.8976608e-01;3.5750000e+02;2.0906481e-01;3.5750000e+02;2.0075160e-01;3.5750000e+02;2.2152668e-01;3.5750000e+02;1.7866154e-01;3.5750000e+02;1.2148181e-01;3.5750000e+02;7.0537969e-02;3.5750000e+02;2.0638898e-02;3.5750000e+02;-2.3953326e-02;3.5750000e+02;-6.5517783e-02;3.5750000e+02;-1.1133644e-01;3.5750000e+02;-1.5246943e-01;3.5750000e+02;-7.1389325e-02;3.5750000e+02;-6.5530881e-02;3.5750000e+02;-3.9794393e-02;3.5750000e+02;4.0196292e-03;3.5750000e+02;6.5364406e-02;3.5750000e+02;1.4333132e-01;3.5750000e+02;1.8976608e-01;3.5750000e+02;2.0906481e-01;3.5750000e+02;2.0075160e-01;3.5750000e+02;2.2152668e-01;3.5750000e+02;1.7866154e-01;3.5750000e+02;1.2148181e-01;3.5750000e+02;7.0537969e-02;3.5750000e+02;2.0638898e-02;3.5750000e+02;-2.3953326e-02;3.5750000e+02;-6.5517783e-02;3.5750000e+02;-1.1133644e-01;3.5750000e+02;-1.5246943e-01;3.5750000e+02;-7.1389325e-02;3.5750000e+02;-6.5530881e-02;3.5750000e+02;-3.9794393e-02;3.5750000e+02;4.0196292e-03;3.5750000e+02;6.5364406e-02;3.5750000e+02;1.4333132e-01;3.5750000e+02;1.8976608e-01;3.5750000e+02;2.0906481e-01;3.5750000e+02;2.0075160e-01;3.5750000e+02;2.2152668e-01;3.5750000e+02;1.7866154e-01;3.5750000e+02;1.2148181e-01;3.5750000e+02;7.0537969e-02;3.5750000e+02;2.0638898e-02;3.5750000e+02;-2.3953326e-02;3.5750000e+02;-6.5517783e-02;3.5750000e+02;-1.1133644e-01;3.5750000e+02;-1.5246943e-01;3.5750000e+02;-7.1389325e-02;3.5750000e+02;-6.5530881e-02;3.5750000e+02;-3.9794393e-02;3.5750000e+02;4.0196292e-03;3.5750000e+02;6.5364406e-02;3.5750000e+02;1.4333132e-01;3.5750000e+02;1.8976608e-01;3.5750000e+02;2.0906481e-01;3.5750000e+02;2.0075160e-01;3.5750000e+02;2.2152668e-01;3.5750000e+02;1.7866154e-01;3.5750000e+02;1.2148181e-01;3.5750000e+02;7.0537969e-02;3.5750000e+02;2.0638898e-02;3.5750000e+02;-2.3953326e-02;3.5750000e+02;-6.5517783e-02;3.5750000e+02;-1.1133644e-01;3.5750000e+02;-1.5246943e-01;3.5750000e+02;-7.1389325e-02;3.5750000e+02;-6.5530881e-02;3.5750000e+02;-3.9794393e-02;3.5750000e+02;4.0196292e-03;3.5750000e+02;6.5364406e-02;3.5750000e+02;1.4333132e-01;3.5750000e+02;1.8976608e-01;3.5750000e+02;2.0906481e-01;3.5750000e+02;2.0075160e-01;3.5750000e+02;2.2152668e-01;3.5750000e+02;1.7866154e-01;3.5750000e+02;1.2148181e-01;3.5750000e+02;7.0537969e-02;3.5750000e+02;2.0638898e-02;3.5750000e+02;-2.3953326e-02;3.5750000e+02;-6.5517783e-02;3.5750000e+02;-1.1133644e-01;3.5750000e+02;-1.5246943e-01;3.5750000e+02;-7.1389325e-02;3.5750000e+02;-6.5530881e-02;3.5750000e+02;-3.9794393e-02;3.5750000e+02;4.0196292e-03;3.5750000e+02;6.5364406e-02;3.5750000e+02;1.4333132e-01;3.5750000e+02;1.8976608e-01;3.5750000e+02;2.0906481e-01;3.5750000e+02;2.0075160e-01;3.5750000e+02;2.2152668e-01;3.5750000e+02;1.7866154e-01;3.5750000e+02;1.2148181e-01;3.5750000e+02;7.0537969e-02;3.5750000e+02;2.0638898e-02;3.5750000e+02;-2.3953326e-02;3.5750000e+02;-6.5517783e-02;3.5750000e+02;-1.1133644e-01;3.5750000e+02;-1.5246943e-01;3.5750000e+02;-7.1389325e-02;3.5750000e+02;-6.5530881e-02;3.5750000e+02;-3.9794393e-02;3.5750000e+02;4.0196292e-03;3.5750000e+02;6.5364406e-02;3.5750000e+02;1.4333132e-01;3.5750000e+02;1.8976608e-01;3.5750000e+02;2.0906481e-01;3.5750000e+02;2.0075160e-01;3.5750000e+02;2.2152668e-01;3.5750000e+02;1.7866154e-01;3.5750000e+02;1.2148181e-01;3.5750000e+02;7.0537969e-02;3.5750000e+02;2.0638898e-02;3.5750000e+02;-2.3953326e-02;3.5750000e+02;-6.5517783e-02;3.5750000e+02;-1.1133644e-01;3.5750000e+02;-1.5246943e-01;3.5750000e+02;-7.1389325e-02;3.5750000e+02;-6.5530881e-02;3.5750000e+02;-3.9794393e-02;3.5750000e+02;4.0196292e-03;3.5750000e+02;6.5364406e-02;3.5750000e+02;1.4333132e-01;3.5750000e+02;1.8976608e-01;3.5750000e+02;2.0906481e-01;3.5750000e+02;2.0075160e-01;3.5750000e+02;2.2152668e-01;3.5750000e+02;1.7866154e-01;3.5750000e+02;1.2148181e-01;3.5750000e+02;7.0537969e-02;3.5750000e+02;2.0638898e-02;3.5750000e+02;-2.3953326e-02;3.5750000e+02;-6.5517783e-02;3.5750000e+02;-1.1133644e-01;3.5750000e+02;-1.5246943e-01;3.5750000e+02;-7.1389325e-02;3.5750000e+02;-6.5530881e-02;3.5750000e+02;-3.9794393e-02;3.5750000e+02;4.0196292e-03;3.5750000e+02;6.5364406e-02;3.5750000e+02;1.4333132e-01;3.5750000e+02;1.8976608e-01;3.5750000e+02;2.0906481e-01;3.5750000e+02;2.0075160e-01;3.5750000e+02;2.2152668e-01;3.5750000e+02;1.7866154e-01;3.5750000e+02;1.2148181e-01;3.5750000e+02;7.0537969e-02;3.5750000e+02;2.0638898e-02;3.5750000e+02;-2.3953326e-02;3.5750000e+02;-6.5517783e-02;3.5750000e+02;-1.1133644e-01;3.5750000e+02;-1.5246943e-01;3.5750000e+02;-7.1389325e-02;3.5750000e+02;-6.5530881e-02;3.5750000e+02;-3.9794393e-02;3.5750000e+02;4.0196292e-03;3.5750000e+02;6.5364406e-02;3.5750000e+02;1.4333132e-01;3.5750000e+02;1.8976608e-01;3.5750000e+02;2.0906481e-01;3.5750000e+02;2.0075160e-01;3.5750000e+02;2.2152668e-01;3.5750000e+02;1.7866154e-01;3.5750000e+02;1.2148181e-01;3.5750000e+02;7.0537969e-02;3.5750000e+02;2.0638898e-02;3.5750000e+02;-2.3953326e-02;3.5750000e+02;-6.5517783e-02;3.5750000e+02;-1.1133644e-01;3.5750000e+02;-1.5246943e-01;3.5750000e+02;-7.1389325e-02;3.5750000e+02;-6.5530881e-02;3.5750000e+02;-3.9794393e-02;3.5750000e+02;4.0196292e-03;3.5750000e+02;6.5364406e-02;3.5750000e+02;1.4333132e-01;3.5750000e+02;1.8976608e-01;3.5750000e+02;2.0906481e-01;3.5750000e+02;2.0075160e-01;3.5750000e+02;2.2152668e-01;3.5750000e+02;1.7866154e-01;3.5750000e+02;1.2148181e-01;3.5750000e+02;7.0537969e-02;3.5750000e+02;2.0638898e-02;3.5750000e+02;-2.3953326e-02;3.5750000e+02;-6.5517783e-02;3.5750000e+02;-1.1133644e-01;3.5750000e+02;-1.5246943e-01;3.5750000e+02;-7.1389325e-02;3.5750000e+02;-6.5530881e-02;3.5750000e+02;-3.9794393e-02;3.5750000e+02;4.0196292e-03;3.5750000e+02;6.5364406e-02;3.5750000e+02;1.4333132e-01;3.5750000e+02;1.8976608e-01;3.5750000e+02;2.0906481e-01;3.5750000e+02;2.0075160e-01;3.5750000e+02;2.2152668e-01;3.5750000e+02;1.7866154e-01;3.5750000e+02;1.2148181e-01;3.5750000e+02;7.0537969e-02;3.5750000e+02;2.0638898e-02;3.5750000e+02;-2.3953326e-02;3.5750000e+02;-6.5517783e-02;3.5750000e+02;-1.1133644e-01;3.5750000e+02;-1.5246943e-01;3.5750000e+02;-7.1389325e-02;3.5750000e+02;-6.5530881e-02;3.5750000e+02;-3.9794393e-02;3.5750000e+02;4.0196292e-03;3.5750000e+02;6.5364406e-02;3.5750000e+02;1.4333132e-01;3.5750000e+02;1.8976608e-01;3.5750000e+02;2.0906481e-01;3.5750000e+02;2.0075160e-01;3.5750000e+02;2.2152668e-01;3.5750000e+02;1.7866154e-01;3.5750000e+02;1.2148181e-01;3.5750000e+02;7.0537969e-02;3.5750000e+02;2.0638898e-02;3.5750000e+02;-2.3953326e-02;3.5750000e+02;-6.5517783e-02;3.5750000e+02;-1.1133644e-01;3.5750000e+02;-1.5246943e-01;3.5750000e+02;-7.1389325e-02;3.5750000e+02;-6.5530881e-02;3.5750000e+02;-3.9794393e-02;3.5750000e+02;4.0196292e-03;3.5750000e+02;6.5364406e-02;3.5750000e+02;1.4333132e-01;3.5750000e+02;1.8976608e-01;3.5750000e+02;2.0906481e-01;3.5750000e+02;2.0075160e-01;3.5750000e+02;2.2152668e-01;3.5750000e+02;1.7866154e-01;3.5750000e+02;1.2148181e-01;3.5750000e+02;7.0537969e-02;3.5750000e+02;2.0638898e-02;3.5750000e+02;-2.3953326e-02;3.5750000e+02;-6.5517783e-02;3.5750000e+02;-1.1133644e-01;3.5750000e+02;-1.5246943e-01;3.5750000e+02;-7.1389325e-02;3.5750000e+02;-6.5530881e-02;3.5750000e+02;-3.9794393e-02;3.5750000e+02;4.0196292e-03;3.5750000e+02;6.5364406e-02;3.5750000e+02;1.4333132e-01;3.5750000e+02;1.8976608e-01;3.5750000e+02;2.0906481e-01;3.5750000e+02;2.0075160e-01;3.5750000e+02;2.2152668e-01;3.5750000e+02;1.7866154e-01;3.5750000e+02;1.2148181e-01;3.5750000e+02;7.0537969e-02;3.5750000e+02;2.0638898e-02;3.5750000e+02;-2.3953326e-02;3.5750000e+02;-6.5517783e-02;3.5750000e+02;-1.1133644e-01;3.5750000e+02;-1.5246943e-01;3.5750000e+02;-7.1389325e-02;3.5750000e+02;-6.5530881e-02;3.5750000e+02;-3.9794393e-02;3.5750000e+02;4.0196292e-03;3.5750000e+02;6.5364406e-02;3.5750000e+02;1.4333132e-01;3.5750000e+02;1.8976608e-01;3.5750000e+02;2.0906481e-01;3.5750000e+02;2.0075160e-01;3.5750000e+02;2.2152668e-01;3.5750000e+02;1.7866154e-01;3.5750000e+02;1.2148181e-01;3.5750000e+02;7.0537969e-02;3.5750000e+02;2.0638898e-02;3.5750000e+02;-2.3953326e-02;3.5750000e+02;-6.5517783e-02;3.5750000e+02;-1.1133644e-01;3.5750000e+02;-1.5246943e-01;3.5750000e+02;-7.1389325e-02;3.5750000e+02;-6.5530881e-02;3.5750000e+02;-3.9794393e-02;3.5750000e+02;4.0196292e-03;3.5750000e+02;6.5364406e-02;3.5750000e+02;1.4333132e-01;3.5750000e+02;1.8976608e-01;3.5750000e+02;2.0906481e-01;3.5750000e+02;2.0075160e-01;3.5750000e+02;2.2152668e-01;3.5750000e+02;1.7866154e-01;3.5750000e+02;1.2148181e-01;3.5750000e+02;7.0537969e-02;3.5750000e+02;2.0638898e-02;3.5750000e+02;-2.3953326e-02;3.5750000e+02;-6.5517783e-02;3.5750000e+02;-1.1133644e-01;3.5750000e+02;-1.5246943e-01;3.5750000e+02;-7.1389325e-02;3.5750000e+02;-6.5530881e-02;3.5750000e+02;-3.9794393e-02;3.5750000e+02;4.0196292e-03;3.5750000e+02;6.5364406e-02;3.5750000e+02;1.4333132e-01;3.5750000e+02;1.8976608e-01;3.5750000e+02;2.0906481e-01;3.5750000e+02;2.0075160e-01;3.5750000e+02;2.2152668e-01;3.5750000e+02;1.7866154e-01;3.5750000e+02;1.2148181e-01;3.5750000e+02;7.0537969e-02;3.5750000e+02;2.0638898e-02;3.5750000e+02;-2.3953326e-02;3.5750000e+02;-6.5517783e-02;3.5750000e+02;-1.1133644e-01;3.5750000e+02;-1.5246943e-01;3.5750000e+02;-7.1389325e-02;3.5750000e+02;-6.5530881e-02;3.5750000e+02;-3.9794393e-02;3.5750000e+02;4.0196292e-03;3.5750000e+02;6.5364406e-02;3.5750000e+02;1.4333132e-01;3.5750000e+02;1.8976608e-01;3.5750000e+02;2.0906481e-01;3.5750000e+02;2.0075160e-01;3.5750000e+02;2.2152668e-01;3.5750000e+02;1.7866154e-01;3.5750000e+02;1.2148181e-01;3.5750000e+02;7.0537969e-02;3.5750000e+02;2.0638898e-02;3.5750000e+02;-2.3953326e-02;3.5750000e+02;-6.5517783e-02;3.5750000e+02;-1.1133644e-01;3.5750000e+02;-1.5246943e-01;3.5750000e+02;-7.1389325e-02;3.5750000e+02;-6.5530881e-02;3.5750000e+02;-3.9794393e-02;3.5750000e+02;4.0196292e-03;3.5750000e+02;6.5364406e-02;3.5750000e+02;1.4333132e-01;3.5750000e+02;1.8976608e-01;3.5750000e+02;2.0906481e-01;3.5750000e+02;2.0075160e-01;3.5750000e+02;2.2152668e-01;3.5750000e+02;1.7866154e-01;3.5750000e+02;1.2148181e-01;3.5750000e+02;7.0537969e-02;3.5750000e+02;2.0638898e-02;3.5750000e+02;-2.3953326e-02;3.5750000e+02;-6.5517783e-02;3.5750000e+02;-1.1133644e-01;3.5750000e+02;-1.5246943e-01;3.5750000e+02;-7.1389325e-02;3.5750000e+02;-6.5530881e-02;3.5750000e+02;-3.9794393e-02;3.5750000e+02;4.0196292e-03;3.5750000e+02;6.5364406e-02;3.5750000e+02;1.4333132e-01;3.5750000e+02;1.8976608e-01;3.5750000e+02;2.0906481e-01;3.5750000e+02;2.0075160e-01;3.5750000e+02;2.2152668e-01;3.5750000e+02;1.7866154e-01;3.5750000e+02;1.2148181e-01;3.5750000e+02;7.0537969e-02;3.5750000e+02;2.0638898e-02;3.5750000e+02;-2.3953326e-02;3.5750000e+02;-6.5517783e-02;3.5750000e+02;-1.1133644e-01;3.5750000e+02;-1.5246943e-01;3.5750000e+02;-7.1389325e-02;3.5750000e+02;-6.5530881e-02;3.5750000e+02;-3.9794393e-02;3.5750000e+02;4.0196292e-03;3.5750000e+02;6.5364406e-02;3.5750000e+02;1.4333132e-01;3.5750000e+02;1.8976608e-01;3.5750000e+02;2.0906481e-01;3.5750000e+02;2.0075160e-01;3.5750000e+02;2.2152668e-01;3.5750000e+02;1.7866154e-01;3.5750000e+02;1.2148181e-01;3.5750000e+02;7.0537969e-02;3.5750000e+02;2.0638898e-02;3.5750000e+02;-2.3953326e-02;3.5750000e+02;-6.5517783e-02;3.5750000e+02;-1.1133644e-01;3.5750000e+02;-1.5246943e-01;3.5750000e+02;-7.1389325e-02;3.5750000e+02;-6.5530881e-02;3.5750000e+02;-3.9794393e-02;3.5750000e+02;4.0196292e-03;3.5750000e+02;6.5364406e-02;3.5750000e+02;1.4333132e-01;3.5750000e+02;1.8976608e-01;3.5750000e+02;2.0906481e-01;3.5750000e+02;2.0075160e-01;3.5750000e+02;2.2152668e-01;3.5750000e+02;1.7866154e-01;3.5750000e+02;1.2148181e-01;3.5750000e+02;7.0537969e-02;3.5750000e+02;2.0638898e-02;3.5750000e+02;-2.3953326e-02;3.5750000e+02;-6.5517783e-02;3.5750000e+02;-1.1133644e-01;3.5750000e+02;-1.5246943e-01;3.5750000e+02;-7.1389325e-02;3.5750000e+02;-6.5530881e-02;3.5750000e+02;-3.9794393e-02;3.5750000e+02;4.0196292e-03;3.5750000e+02;6.5364406e-02;3.5750000e+02;1.4333132e-01;3.5750000e+02;1.8976608e-01;3.5750000e+02;2.0906481e-01;3.5750000e+02;2.0075160e-01;3.5750000e+02;2.2152668e-01;3.5750000e+02;1.7866154e-01;3.5750000e+02;1.2148181e-01;3.5750000e+02;7.0537969e-02;3.5750000e+02;2.0638898e-02;3.5750000e+02;-2.3953326e-02;3.5750000e+02;-6.5517783e-02;3.5750000e+02;-1.1133644e-01;3.5750000e+02;-1.5246943e-01;3.5750000e+02;-7.1389325e-02;3.5750000e+02;-6.5530881e-02;3.5750000e+02;-3.9794393e-02;3.5750000e+02;4.0196292e-03;3.5750000e+02;6.5364406e-02;3.5750000e+02;1.4333132e-01;3.5750000e+02;1.8976608e-01;3.5750000e+02;2.0906481e-01;3.5750000e+02;2.0075160e-01;3.5750000e+02;2.2152668e-01;3.5750000e+02;1.7866154e-01;3.5750000e+02;1.2148181e-01;3.5750000e+02;7.0537969e-02;3.5750000e+02;2.0638898e-02;3.5750000e+02;-2.3953326e-02;3.5750000e+02;-6.5517783e-02;3.5750000e+02;-1.1133644e-01;3.5750000e+02;-1.5246943e-01;3.5750000e+02;-7.1389325e-02;3.5750000e+02;-6.5530881e-02;3.5750000e+02;-3.9794393e-02;3.5750000e+02;4.0196292e-03;3.5750000e+02;6.5364406e-02;3.5750000e+02;1.4333132e-01;3.5750000e+02;1.8976608e-01;3.5750000e+02;2.0906481e-01;3.5750000e+02;2.0075160e-01;3.5750000e+02;2.2152668e-01;3.5750000e+02;1.7866154e-01;3.5750000e+02;1.2148181e-01;3.5750000e+02;7.0537969e-02;3.5750000e+02;2.0638898e-02;3.5750000e+02;-2.3953326e-02;3.5750000e+02;-6.5517783e-02;3.5750000e+02;-1.1133644e-01;3.5750000e+02;-1.5246943e-01;3.5750000e+02;-7.1389325e-02;3.5750000e+02;-6.5530881e-02;3.5750000e+02;-3.9794393e-02;3.5750000e+02;4.0196292e-03;3.5750000e+02;6.5364406e-02;3.5750000e+02;1.4333132e-01;3.5750000e+02;1.8976608e-01;3.5750000e+02;2.0906481e-01;3.5750000e+02;2.0075160e-01;3.5750000e+02;2.2152668e-01;3.5750000e+02;1.7866154e-01;3.5750000e+02;1.2148181e-01;3.5750000e+02;7.0537969e-02;3.5750000e+02;2.0638898e-02;3.5750000e+02;-2.3953326e-02;3.5750000e+02;-6.5517783e-02;3.5750000e+02;-1.1133644e-01;3.5750000e+02;-1.5246943e-01;3.5750000e+02;-7.1389325e-02;3.5750000e+02;-6.5530881e-02;3.5750000e+02;-3.9794393e-02;3.5750000e+02;4.0196292e-03;3.5750000e+02;6.5364406e-02;3.5750000e+02;1.4333132e-01;3.5750000e+02;1.8976608e-01;3.5750000e+02;2.0906481e-01;3.5750000e+02;2.0075160e-01;3.5750000e+02;2.2152668e-01;3.5750000e+02;1.7866154e-01;3.5750000e+02;1.2148181e-01;3.5750000e+02;7.0537969e-02;3.5750000e+02;2.0638898e-02;3.5750000e+02;-2.3953326e-02;3.5750000e+02;-6.5517783e-02;3.5750000e+02;-1.1133644e-01;3.5750000e+02;-1.5246943e-01;3.5750000e+02;-7.1389325e-02;3.5750000e+02;-6.5530881e-02;3.5750000e+02;-3.9794393e-02;3.5750000e+02;4.0196292e-03;3.5750000e+02;6.5364406e-02;3.5750000e+02;1.4333132e-01;3.5750000e+02;1.8976608e-01;3.5750000e+02;2.0906481e-01;3.5750000e+02;2.0075160e-01;3.5750000e+02;2.2152668e-01;3.5750000e+02;1.7866154e-01;3.5750000e+02;1.2148181e-01;3.5750000e+02;7.0537969e-02;3.5750000e+02;2.0638898e-02;3.5750000e+02;-2.3953326e-02;3.5750000e+02;-6.5517783e-02;3.5750000e+02;-1.1133644e-01;3.5750000e+02;-1.5246943e-01;3.5750000e+02;-7.1389325e-02;3.5750000e+02;-6.5530881e-02;3.5750000e+02;-3.9794393e-02;3.5750000e+02;4.0196292e-03;3.5750000e+02;6.5364406e-02;3.5750000e+02;1.4333132e-01;3.5750000e+02;1.8976608e-01;3.5750000e+02;2.0906481e-01;3.5750000e+02;2.0075160e-01;3.5750000e+02;2.2152668e-01;3.5750000e+02;1.7866154e-01;3.5750000e+02;1.2148181e-01;3.5750000e+02;7.0537969e-02;3.5750000e+02;2.0638898e-02;3.5750000e+02;-2.3953326e-02;3.5750000e+02;-6.5517783e-02;3.5750000e+02;-1.1133644e-01;3.5750000e+02;-1.5246943e-01;3.5750000e+02;-7.1389325e-02;3.5750000e+02;-6.5530881e-02;3.5750000e+02;-3.9794393e-02;3.5750000e+02;4.0196292e-03;3.5750000e+02;6.5364406e-02;3.5750000e+02;1.4333132e-01;3.5750000e+02;1.8976608e-01;3.5750000e+02;2.0906481e-01;3.5750000e+02;2.0075160e-01;3.5750000e+02;2.2152668e-01;3.5750000e+02;1.7866154e-01;3.5750000e+02;1.2148181e-01;3.5750000e+02;7.0537969e-02;3.5750000e+02;2.0638898e-02;3.5750000e+02;-2.3953326e-02;3.5750000e+02;-6.5517783e-02;3.5750000e+02;-1.1133644e-01;3.5750000e+02;-1.5246943e-01
